timestamp,event_type,packet_id,message_id,src,dst,size,prev_hop,next_hop,flags
1769088796.261351,RECEIVED,1464df9c-3527-4bfa-8a1a-6dbc94eb4e58,2d219afb-b619-4a65-9761-cb1ea69fa1c3,c5,c4,1452,e8,?,
1769088796.3497984,SENT,1464df9c-3527-4bfa-8a1a-6dbc94eb4e58,2d219afb-b619-4a65-9761-cb1ea69fa1c3,c5,c4,1017,?,x6,
1769088796.3499217,FORWARDED,1464df9c-3527-4bfa-8a1a-6dbc94eb4e58,2d219afb-b619-4a65-9761-cb1ea69fa1c3,c5,c4,1017,?,x6,
1769088796.7858448,RECEIVED,a75c95e8-3ccf-46a5-bf01-991463a95074,13b38075-792f-4895-8840-113d07929a83,c4,c1,1454,e10,?,
1769088797.0880272,RECEIVED,30b35d82-9e75-48ca-8b99-2b404b5091e2,8dc0a990-3222-419b-8b19-e8cde115f813,c1,c3,1452,e11,?,
1769088797.1949122,SENT,30b35d82-9e75-48ca-8b99-2b404b5091e2,8dc0a990-3222-419b-8b19-e8cde115f813,c1,c3,1015,?,x4,
1769088797.1950836,FORWARDED,30b35d82-9e75-48ca-8b99-2b404b5091e2,8dc0a990-3222-419b-8b19-e8cde115f813,c1,c3,1015,?,x4,
1769088797.2597842,RECEIVED,cf42b63d-f4d7-4a24-855c-d2e2a4e82147,942b5591-4447-4f55-8752-eeaa5b3b4066,c3,DROP,1008,e9,?,
1769088797.3789337,SENT,cf42b63d-f4d7-4a24-855c-d2e2a4e82147,942b5591-4447-4f55-8752-eeaa5b3b4066,c3,DROP,684,?,x3,
1769088797.3790817,FORWARDED,cf42b63d-f4d7-4a24-855c-d2e2a4e82147,942b5591-4447-4f55-8752-eeaa5b3b4066,c3,DROP,684,?,x3,
1769088797.393555,RECEIVED,f521fc5b-183d-4058-aaba-1021f84f618b,f7b4c87c-c53e-425a-9ba2-35a1d41d5080,c5,c4,1444,e6,?,
1769088797.5971541,SENT,f521fc5b-183d-4058-aaba-1021f84f618b,f7b4c87c-c53e-425a-9ba2-35a1d41d5080,c5,c4,1011,?,x4,
1769088797.5972881,FORWARDED,f521fc5b-183d-4058-aaba-1021f84f618b,f7b4c87c-c53e-425a-9ba2-35a1d41d5080,c5,c4,1011,?,x4,
1769088797.7230747,RECEIVED,748a55a0-ae8e-478f-867a-208157cdcd9a,b25de055-196a-46c6-ae1b-66965930c2c9,c1,c3,1453,e10,?,
1769088797.8042302,SENT,748a55a0-ae8e-478f-867a-208157cdcd9a,b25de055-196a-46c6-ae1b-66965930c2c9,c1,c3,1017,?,x7,
1769088797.804341,FORWARDED,748a55a0-ae8e-478f-867a-208157cdcd9a,b25de055-196a-46c6-ae1b-66965930c2c9,c1,c3,1017,?,x7,
1769088797.9573786,SENT,a75c95e8-3ccf-46a5-bf01-991463a95074,13b38075-792f-4895-8840-113d07929a83,c4,c1,1019,?,x8,
1769088797.9602184,FORWARDED,a75c95e8-3ccf-46a5-bf01-991463a95074,13b38075-792f-4895-8840-113d07929a83,c4,c1,1019,?,x8,
1769088798.091709,RECEIVED,18f37c35-adad-4b3f-94ff-607b096b62f4,e8beaff9-d4df-4c05-a83e-344711db86d3,c2,DROP,1011,e2,?,
1769088798.6100912,RECEIVED,b4a45f03-ce64-49f4-a545-56022ca96b76,3ad9711b-f5f4-463e-936f-8ee38a78395a,c4,c1,1443,e7,?,
1769088798.7943983,RECEIVED,7be6fe96-4a4f-4f1a-b277-c1098222587b,74775a4a-f665-481a-9ce8-eff79f058d73,c2,c3,1452,e4,?,
1769088798.9874985,SENT,18f37c35-adad-4b3f-94ff-607b096b62f4,e8beaff9-d4df-4c05-a83e-344711db86d3,c2,DROP,685,?,x2,
1769088798.9876137,FORWARDED,18f37c35-adad-4b3f-94ff-607b096b62f4,e8beaff9-d4df-4c05-a83e-344711db86d3,c2,DROP,685,?,x2,
1769088799.027721,SENT,7be6fe96-4a4f-4f1a-b277-c1098222587b,74775a4a-f665-481a-9ce8-eff79f058d73,c2,c3,1015,?,x6,
1769088799.0278385,FORWARDED,7be6fe96-4a4f-4f1a-b277-c1098222587b,74775a4a-f665-481a-9ce8-eff79f058d73,c2,c3,1015,?,x6,
1769088799.0675502,RECEIVED,235f22a8-bd5c-4599-9afc-9caec31a2280,e637f73d-93e7-4e31-b769-7da06e9c761b,c4,c1,1451,e5,?,
1769088799.1532862,RECEIVED,33021d78-1b38-49f3-babf-40d0ff7a169d,ca88923d-1957-4620-bb80-454d5f239db2,c1,DROP,1007,e12,?,
1769088799.171567,RECEIVED,cfd47dd4-e207-4f95-86ab-5e541964e026,2f2ec795-a0c2-47c8-9e8f-c04aeeec30f8,c2,c3,1447,e9,?,
1769088799.1833088,RECEIVED,8b580be3-b8e9-4891-b0d8-f1aed8f3c9b5,c3ef8d20-c860-4b22-bf36-aac747a58e4d,c2,c3,1457,e1,?,
1769088799.3912835,SENT,8b580be3-b8e9-4891-b0d8-f1aed8f3c9b5,c3ef8d20-c860-4b22-bf36-aac747a58e4d,c2,c3,1020,?,x12,
1769088799.3913708,FORWARDED,8b580be3-b8e9-4891-b0d8-f1aed8f3c9b5,c3ef8d20-c860-4b22-bf36-aac747a58e4d,c2,c3,1020,?,x12,
1769088799.6734273,SENT,235f22a8-bd5c-4599-9afc-9caec31a2280,e637f73d-93e7-4e31-b769-7da06e9c761b,c4,c1,1015,?,x6,
1769088799.6735125,FORWARDED,235f22a8-bd5c-4599-9afc-9caec31a2280,e637f73d-93e7-4e31-b769-7da06e9c761b,c4,c1,1015,?,x6,
1769088799.6873295,SENT,33021d78-1b38-49f3-babf-40d0ff7a169d,ca88923d-1957-4620-bb80-454d5f239db2,c1,DROP,684,?,x7,
1769088799.6874113,FORWARDED,33021d78-1b38-49f3-babf-40d0ff7a169d,ca88923d-1957-4620-bb80-454d5f239db2,c1,DROP,684,?,x7,
1769088799.7864017,RECEIVED,7b63c0c7-db7b-4340-9791-cc8ca316cc58,17c9f4ee-d403-4aa3-b095-9c87bcf48278,c4,DROP,1016,e2,?,
1769088800.0125055,RECEIVED,6dd77d5c-4629-45d5-9188-8a09fdf65874,6260e2f1-d18f-457d-a3fd-44c52895c933,c5,DROP,1008,e4,?,
1769088800.0216117,SENT,7b63c0c7-db7b-4340-9791-cc8ca316cc58,17c9f4ee-d403-4aa3-b095-9c87bcf48278,c4,DROP,688,?,x6,
1769088800.0216656,FORWARDED,7b63c0c7-db7b-4340-9791-cc8ca316cc58,17c9f4ee-d403-4aa3-b095-9c87bcf48278,c4,DROP,688,?,x6,
1769088800.0707798,SENT,cfd47dd4-e207-4f95-86ab-5e541964e026,2f2ec795-a0c2-47c8-9e8f-c04aeeec30f8,c2,c3,1012,?,x4,
1769088800.07083,FORWARDED,cfd47dd4-e207-4f95-86ab-5e541964e026,2f2ec795-a0c2-47c8-9e8f-c04aeeec30f8,c2,c3,1012,?,x4,
1769088800.3329656,SENT,6dd77d5c-4629-45d5-9188-8a09fdf65874,6260e2f1-d18f-457d-a3fd-44c52895c933,c5,DROP,684,?,x9,
1769088800.3331525,FORWARDED,6dd77d5c-4629-45d5-9188-8a09fdf65874,6260e2f1-d18f-457d-a3fd-44c52895c933,c5,DROP,684,?,x9,
1769088800.430792,RECEIVED,851fe173-2b3e-48ae-91e5-1e244240fd0e,1cefe809-ab18-4724-ac1f-522082001a48,c5,c4,1447,e4,?,
1769088800.472161,SENT,b4a45f03-ce64-49f4-a545-56022ca96b76,3ad9711b-f5f4-463e-936f-8ee38a78395a,c4,c1,1011,?,x9,
1769088800.472224,FORWARDED,b4a45f03-ce64-49f4-a545-56022ca96b76,3ad9711b-f5f4-463e-936f-8ee38a78395a,c4,c1,1011,?,x9,
1769088800.5031197,RECEIVED,83eb8ad0-e504-4191-b682-411bf6724e22,ff34b73b-fe27-4506-a66a-5e2ffc023d24,c1,DROP,1008,e7,?,
1769088800.6283178,SENT,851fe173-2b3e-48ae-91e5-1e244240fd0e,1cefe809-ab18-4724-ac1f-522082001a48,c5,c4,1013,?,x7,
1769088800.6283813,FORWARDED,851fe173-2b3e-48ae-91e5-1e244240fd0e,1cefe809-ab18-4724-ac1f-522082001a48,c5,c4,1013,?,x7,
1769088800.735267,SENT,83eb8ad0-e504-4191-b682-411bf6724e22,ff34b73b-fe27-4506-a66a-5e2ffc023d24,c1,DROP,684,?,x5,
1769088800.7353282,FORWARDED,83eb8ad0-e504-4191-b682-411bf6724e22,ff34b73b-fe27-4506-a66a-5e2ffc023d24,c1,DROP,684,?,x5,
1769088800.8814592,RECEIVED,02a04150-6376-4954-8cb8-ac2f357df7d6,f8d694c0-86f8-40ad-a483-cc9c0b0f3edb,c4,c1,1461,e12,?,
1769088801.095555,RECEIVED,c666d1fb-cd6e-4bae-80cc-45d1e96901eb,73d666b1-ebcf-43c9-8841-6c982e81b479,c5,DROP,1012,e2,?,
1769088801.204042,SENT,c666d1fb-cd6e-4bae-80cc-45d1e96901eb,73d666b1-ebcf-43c9-8841-6c982e81b479,c5,DROP,687,?,x10,
1769088801.2041245,FORWARDED,c666d1fb-cd6e-4bae-80cc-45d1e96901eb,73d666b1-ebcf-43c9-8841-6c982e81b479,c5,DROP,687,?,x10,
1769088801.2450666,SENT,02a04150-6376-4954-8cb8-ac2f357df7d6,f8d694c0-86f8-40ad-a483-cc9c0b0f3edb,c4,c1,1023,?,x10,
1769088801.2451255,FORWARDED,02a04150-6376-4954-8cb8-ac2f357df7d6,f8d694c0-86f8-40ad-a483-cc9c0b0f3edb,c4,c1,1023,?,x10,
1769088801.2729173,RECEIVED,5cfc89eb-29b9-447b-811b-c7a8bebc86b4,5f3e0efa-fe7c-41de-928d-125ea4fff8e4,c2,c3,1441,e10,?,
1769088801.3106494,RECEIVED,bb8caf12-fcec-40a4-b98a-d7d34489ab1a,edf561c9-5f04-44db-96c7-d4d078ec2381,c3,DROP,1009,e2,?,
1769088801.3776588,SENT,bb8caf12-fcec-40a4-b98a-d7d34489ab1a,edf561c9-5f04-44db-96c7-d4d078ec2381,c3,DROP,683,?,x2,
1769088801.377722,FORWARDED,bb8caf12-fcec-40a4-b98a-d7d34489ab1a,edf561c9-5f04-44db-96c7-d4d078ec2381,c3,DROP,683,?,x2,
1769088801.5242908,RECEIVED,5b686153-76d8-4eaf-898e-875fa5137a69,4cc206d6-8012-4bb2-a064-35515f605583,c3,c4,1457,e7,?,
1769088801.5792274,RECEIVED,a9496fc2-33af-4df1-915e-456bed92ea5c,810debd9-d453-4873-8dd9-5cd6ee9a16fc,c4,c1,1457,e12,?,
1769088801.6684797,SENT,5b686153-76d8-4eaf-898e-875fa5137a69,4cc206d6-8012-4bb2-a064-35515f605583,c3,c4,1019,?,x12,
1769088801.6685436,FORWARDED,5b686153-76d8-4eaf-898e-875fa5137a69,4cc206d6-8012-4bb2-a064-35515f605583,c3,c4,1019,?,x12,
1769088801.6920705,RECEIVED,9f3447a2-35b1-422b-9428-f58f8efc9453,b9dc1996-a210-42c8-b954-084252a5cdfe,c2,c3,1448,e1,?,
1769088801.7064471,SENT,a9496fc2-33af-4df1-915e-456bed92ea5c,810debd9-d453-4873-8dd9-5cd6ee9a16fc,c4,c1,1020,?,x12,
1769088801.7065084,FORWARDED,a9496fc2-33af-4df1-915e-456bed92ea5c,810debd9-d453-4873-8dd9-5cd6ee9a16fc,c4,c1,1020,?,x12,
1769088801.7715156,SENT,9f3447a2-35b1-422b-9428-f58f8efc9453,b9dc1996-a210-42c8-b954-084252a5cdfe,c2,c3,1012,?,x8,
1769088801.7719061,FORWARDED,9f3447a2-35b1-422b-9428-f58f8efc9453,b9dc1996-a210-42c8-b954-084252a5cdfe,c2,c3,1012,?,x8,
1769088802.0092516,SENT,5cfc89eb-29b9-447b-811b-c7a8bebc86b4,5f3e0efa-fe7c-41de-928d-125ea4fff8e4,c2,c3,1011,?,x8,
1769088802.0093157,FORWARDED,5cfc89eb-29b9-447b-811b-c7a8bebc86b4,5f3e0efa-fe7c-41de-928d-125ea4fff8e4,c2,c3,1011,?,x8,
1769088802.3267863,RECEIVED,3ed28521-8ca3-420d-b52e-ba6e099ebeda,e69069e6-ef89-4cfe-b031-4bf861aebae8,c5,c4,1453,e5,?,
1769088802.371822,SENT,3ed28521-8ca3-420d-b52e-ba6e099ebeda,e69069e6-ef89-4cfe-b031-4bf861aebae8,c5,c4,1015,?,x6,
1769088802.3718843,FORWARDED,3ed28521-8ca3-420d-b52e-ba6e099ebeda,e69069e6-ef89-4cfe-b031-4bf861aebae8,c5,c4,1015,?,x6,
1769088802.4397187,RECEIVED,556fdde7-378c-4659-b84b-96fbb7b2d7d6,e1d00d91-b944-4cc0-99a0-1864d4f13c55,c2,c3,1448,e1,?,
1769088802.4796934,RECEIVED,46fc24cf-b125-48ec-a199-313a5c176ffb,4daae1d9-21e2-4ba6-b06d-fbfd858a1bec,c1,DROP,1007,e8,?,
1769088802.5466926,RECEIVED,5747fe97-5923-46fd-abf3-98f44ecbe7c8,53296d79-4724-4c03-a03a-239941153ad2,c1,DROP,1003,e4,?,
1769088802.589843,RECEIVED,2ccf65f2-049c-4aae-92ba-a131d3f3bbd7,ef9237fa-9e21-4886-ae52-fcf05d1a6336,c3,c4,1459,e11,?,
1769088802.7126682,RECEIVED,918c69bc-564c-4393-b14f-ac05daa02798,71d020d3-325c-4f0a-887a-4d3845a4c3a0,c2,DROP,1003,e1,?,
1769088802.8058283,SENT,556fdde7-378c-4659-b84b-96fbb7b2d7d6,e1d00d91-b944-4cc0-99a0-1864d4f13c55,c2,c3,1013,?,x12,
1769088802.8058724,FORWARDED,556fdde7-378c-4659-b84b-96fbb7b2d7d6,e1d00d91-b944-4cc0-99a0-1864d4f13c55,c2,c3,1013,?,x12,
1769088802.8173943,SENT,46fc24cf-b125-48ec-a199-313a5c176ffb,4daae1d9-21e2-4ba6-b06d-fbfd858a1bec,c1,DROP,682,?,x7,
1769088802.8174362,FORWARDED,46fc24cf-b125-48ec-a199-313a5c176ffb,4daae1d9-21e2-4ba6-b06d-fbfd858a1bec,c1,DROP,682,?,x7,
1769088802.878028,SENT,5747fe97-5923-46fd-abf3-98f44ecbe7c8,53296d79-4724-4c03-a03a-239941153ad2,c1,DROP,680,?,x5,
1769088802.8780816,FORWARDED,5747fe97-5923-46fd-abf3-98f44ecbe7c8,53296d79-4724-4c03-a03a-239941153ad2,c1,DROP,680,?,x5,
1769088802.9143252,RECEIVED,61c0b11e-158b-4a5a-a8fd-639c7eb186e8,c19aa379-3629-4588-ab0a-82bb2a91ae1c,c2,DROP,1020,e6,?,
1769088803.0689392,RECEIVED,c5db3879-12f3-470b-9bbb-806a767e09bb,01bf1254-312d-4178-9d3d-9874bee16f39,c4,c1,1451,e8,?,
1769088803.2753131,RECEIVED,1c10b9a9-6d95-49b1-adcb-4a482e2e4465,b770d1a7-08d9-44cb-9508-1804deb2ab4d,c4,DROP,1008,e5,?,
1769088803.2791348,RECEIVED,a521e01c-e1d4-490b-ba18-c7057433e764,8ddbeea9-9bcb-48aa-bc56-aed843563ed5,c3,c4,1455,e12,?,
1769088803.3096054,SENT,1c10b9a9-6d95-49b1-adcb-4a482e2e4465,b770d1a7-08d9-44cb-9508-1804deb2ab4d,c4,DROP,684,?,x1,
1769088803.309648,FORWARDED,1c10b9a9-6d95-49b1-adcb-4a482e2e4465,b770d1a7-08d9-44cb-9508-1804deb2ab4d,c4,DROP,684,?,x1,
1769088803.323782,SENT,918c69bc-564c-4393-b14f-ac05daa02798,71d020d3-325c-4f0a-887a-4d3845a4c3a0,c2,DROP,681,?,x6,
1769088803.3238256,FORWARDED,918c69bc-564c-4393-b14f-ac05daa02798,71d020d3-325c-4f0a-887a-4d3845a4c3a0,c2,DROP,681,?,x6,
1769088803.348456,SENT,c5db3879-12f3-470b-9bbb-806a767e09bb,01bf1254-312d-4178-9d3d-9874bee16f39,c4,c1,1015,?,x7,
1769088803.3484986,FORWARDED,c5db3879-12f3-470b-9bbb-806a767e09bb,01bf1254-312d-4178-9d3d-9874bee16f39,c4,c1,1015,?,x7,
1769088803.5214233,SENT,2ccf65f2-049c-4aae-92ba-a131d3f3bbd7,ef9237fa-9e21-4886-ae52-fcf05d1a6336,c3,c4,1023,?,x5,
1769088803.5215383,FORWARDED,2ccf65f2-049c-4aae-92ba-a131d3f3bbd7,ef9237fa-9e21-4886-ae52-fcf05d1a6336,c3,c4,1023,?,x5,
1769088803.7756462,RECEIVED,cfde2de5-44fc-4b86-b587-0b2c2c06cc15,84d15003-c8c3-441b-818c-0954adf98ad5,c3,c4,1444,e2,?,
1769088803.8529747,SENT,cfde2de5-44fc-4b86-b587-0b2c2c06cc15,84d15003-c8c3-441b-818c-0954adf98ad5,c3,c4,1011,?,x6,
1769088803.8531551,FORWARDED,cfde2de5-44fc-4b86-b587-0b2c2c06cc15,84d15003-c8c3-441b-818c-0954adf98ad5,c3,c4,1011,?,x6,
1769088803.87058,RECEIVED,b1d93f65-efaa-4e4c-9029-fd6a13fa4ccb,648fc75b-b873-42db-8f47-17fdc23a51e3,c4,c1,1443,e9,?,
1769088803.9612331,SENT,61c0b11e-158b-4a5a-a8fd-639c7eb186e8,c19aa379-3629-4588-ab0a-82bb2a91ae1c,c2,DROP,693,?,x10,
1769088803.9613302,FORWARDED,61c0b11e-158b-4a5a-a8fd-639c7eb186e8,c19aa379-3629-4588-ab0a-82bb2a91ae1c,c2,DROP,693,?,x10,
1769088804.2436256,RECEIVED,45cb019a-5796-499c-bea0-4c4b8a99fc54,9e778bfe-c6c6-4c6b-85b2-de2b17acf88e,c1,DROP,441,x3,?,
1769088804.4799557,RECEIVED,248c99f0-011f-4d0d-8cef-e7413abcaf04,e96b39e1-fbf8-45dd-89e2-e8872ee4ebf1,c5,DROP,1010,e9,?,
1769088804.8565297,SENT,a521e01c-e1d4-490b-ba18-c7057433e764,8ddbeea9-9bcb-48aa-bc56-aed843563ed5,c3,c4,1020,?,x9,
1769088804.856611,FORWARDED,a521e01c-e1d4-490b-ba18-c7057433e764,8ddbeea9-9bcb-48aa-bc56-aed843563ed5,c3,c4,1020,?,x9,
1769088805.0994916,RECEIVED,c024fe33-f2f8-42f0-96bb-2a99d852de6b,741ef59f-8c23-43a3-b31a-a67c86a0a972,c4,DROP,1009,e7,?,
1769088805.161563,RECEIVED,c1442463-fd8c-4c94-8018-1964cc1319ac,c41c21bb-a1f8-4aa2-98bc-aeed6ea360ae,c1,c3,1465,e11,?,
1769088805.2587237,SENT,c1442463-fd8c-4c94-8018-1964cc1319ac,c41c21bb-a1f8-4aa2-98bc-aeed6ea360ae,c1,c3,1024,?,x10,
1769088805.2587612,FORWARDED,c1442463-fd8c-4c94-8018-1964cc1319ac,c41c21bb-a1f8-4aa2-98bc-aeed6ea360ae,c1,c3,1024,?,x10,
1769088805.3791559,RECEIVED,292bb0af-75a4-4d35-b9a1-c84f7b109bcd,d5a26a2c-3377-4a04-9716-8756098aa06c,c3,c4,1456,e10,?,
1769088805.4610338,SENT,292bb0af-75a4-4d35-b9a1-c84f7b109bcd,d5a26a2c-3377-4a04-9716-8756098aa06c,c3,c4,1019,?,x1,
1769088805.4611928,FORWARDED,292bb0af-75a4-4d35-b9a1-c84f7b109bcd,d5a26a2c-3377-4a04-9716-8756098aa06c,c3,c4,1019,?,x1,
1769088805.4724977,SENT,c024fe33-f2f8-42f0-96bb-2a99d852de6b,741ef59f-8c23-43a3-b31a-a67c86a0a972,c4,DROP,683,?,x10,
1769088805.472601,FORWARDED,c024fe33-f2f8-42f0-96bb-2a99d852de6b,741ef59f-8c23-43a3-b31a-a67c86a0a972,c4,DROP,683,?,x10,
1769088805.5564759,RECEIVED,1c0eecd8-2d6b-4e61-b237-209441ea5a44,6daedc0e-5733-4228-b087-553fbc85a626,c5,DROP,1007,e3,?,
1769088805.6015666,SENT,248c99f0-011f-4d0d-8cef-e7413abcaf04,e96b39e1-fbf8-45dd-89e2-e8872ee4ebf1,c5,DROP,685,?,x9,
1769088805.6016538,FORWARDED,248c99f0-011f-4d0d-8cef-e7413abcaf04,e96b39e1-fbf8-45dd-89e2-e8872ee4ebf1,c5,DROP,685,?,x9,
1769088805.779023,RECEIVED,b8a6b86a-e43e-4762-88e1-2279b44ce1e7,5c7c19df-bd16-4279-a546-8ed02c332cb3,c2,DROP,1019,e12,?,
1769088805.9212358,SENT,1c0eecd8-2d6b-4e61-b237-209441ea5a44,6daedc0e-5733-4228-b087-553fbc85a626,c5,DROP,684,?,x3,
1769088805.9212887,FORWARDED,1c0eecd8-2d6b-4e61-b237-209441ea5a44,6daedc0e-5733-4228-b087-553fbc85a626,c5,DROP,684,?,x3,
1769088805.9382107,RECEIVED,65c39139-f12a-4034-ba5e-2ef9e879b189,7f78cfc8-64c7-4aca-93d1-292991053737,c2,DROP,442,x3,?,
1769088806.2230127,SENT,b8a6b86a-e43e-4762-88e1-2279b44ce1e7,5c7c19df-bd16-4279-a546-8ed02c332cb3,c2,DROP,692,?,x1,
1769088806.2233546,FORWARDED,b8a6b86a-e43e-4762-88e1-2279b44ce1e7,5c7c19df-bd16-4279-a546-8ed02c332cb3,c2,DROP,692,?,x1,
1769088806.312329,RECEIVED,d33dd67c-49a4-4958-91ea-d6c2e5c1059a,ef71157d-3e5b-430e-8fd5-4ef1076d9cf4,c1,DROP,1008,e7,?,
1769088806.4259236,SENT,b1d93f65-efaa-4e4c-9029-fd6a13fa4ccb,648fc75b-b873-42db-8f47-17fdc23a51e3,c4,c1,1011,?,x9,
1769088806.4259627,FORWARDED,b1d93f65-efaa-4e4c-9029-fd6a13fa4ccb,648fc75b-b873-42db-8f47-17fdc23a51e3,c4,c1,1011,?,x9,
1769088806.5952177,RECEIVED,34b40d8b-2218-47d6-9aad-4b7cd9a90309,8ab3b3cf-086a-491d-b563-bf21b69cb9bd,c1,c3,1443,e8,?,
1769088806.599006,RECEIVED,70abd807-2be7-4932-aa3c-a30cd01d62ef,59ed16d9-8729-491c-bcd4-8645c9493f52,c4,DROP,1015,e4,?,
1769088806.6646483,RECEIVED,69a1e49c-1ba3-40af-ba90-a0ba2d8bf54c,f725dd49-3c22-4a56-a16e-10a6d11b252a,c1,DROP,441,x9,?,
1769088806.7165346,SENT,d33dd67c-49a4-4958-91ea-d6c2e5c1059a,ef71157d-3e5b-430e-8fd5-4ef1076d9cf4,c1,DROP,684,?,x9,
1769088806.7165751,FORWARDED,d33dd67c-49a4-4958-91ea-d6c2e5c1059a,ef71157d-3e5b-430e-8fd5-4ef1076d9cf4,c1,DROP,684,?,x9,
1769088806.7311304,RECEIVED,50b64544-23e4-4a47-a5e4-1b84e82168a6,6e572c4a-ae4b-42f6-8d55-9f0717f02c9c,c4,c1,1457,e1,?,
1769088806.8445988,SENT,50b64544-23e4-4a47-a5e4-1b84e82168a6,6e572c4a-ae4b-42f6-8d55-9f0717f02c9c,c4,c1,1019,?,x11,
1769088806.8446403,FORWARDED,50b64544-23e4-4a47-a5e4-1b84e82168a6,6e572c4a-ae4b-42f6-8d55-9f0717f02c9c,c4,c1,1019,?,x11,
1769088806.9184365,RECEIVED,8dbda4f2-8fd5-4492-a3fc-35d29aa744e5,0af79672-558a-401a-9672-7207ab479e31,c3,DROP,1016,e9,?,
1769088807.0022037,RECEIVED,c2da85d2-da96-4b4f-9caf-7b4206f11770,0682206b-4ff6-4934-a944-b562dc494961,c3,DROP,1009,e2,?,
1769088807.0928195,RECEIVED,46f737cb-2a6a-41d9-b582-59e82da02244,0b1377fb-0284-4891-a8ac-d55e8b02d36d,c2,c3,1464,e1,?,
1769088807.1197312,SENT,34b40d8b-2218-47d6-9aad-4b7cd9a90309,8ab3b3cf-086a-491d-b563-bf21b69cb9bd,c1,c3,1011,?,x5,
1769088807.1197705,FORWARDED,34b40d8b-2218-47d6-9aad-4b7cd9a90309,8ab3b3cf-086a-491d-b563-bf21b69cb9bd,c1,c3,1011,?,x5,
1769088807.1357577,SENT,c2da85d2-da96-4b4f-9caf-7b4206f11770,0682206b-4ff6-4934-a944-b562dc494961,c3,DROP,683,?,x12,
1769088807.135797,FORWARDED,c2da85d2-da96-4b4f-9caf-7b4206f11770,0682206b-4ff6-4934-a944-b562dc494961,c3,DROP,683,?,x12,
1769088807.1486883,SENT,8dbda4f2-8fd5-4492-a3fc-35d29aa744e5,0af79672-558a-401a-9672-7207ab479e31,c3,DROP,688,?,x5,
1769088807.1487296,FORWARDED,8dbda4f2-8fd5-4492-a3fc-35d29aa744e5,0af79672-558a-401a-9672-7207ab479e31,c3,DROP,688,?,x5,
1769088807.1544428,RECEIVED,350a6dbd-cf14-40ea-b7c5-60348dda5fa6,6cebbf64-bd30-4ff6-ab52-16791ffcd065,c4,DROP,442,x1,?,
1769088807.2972004,RECEIVED,180c3d65-37f5-4516-883e-9103bf9b1f68,68008bec-627f-49aa-b973-603dad4c1d89,c4,DROP,1018,e10,?,
1769088807.3547072,SENT,180c3d65-37f5-4516-883e-9103bf9b1f68,68008bec-627f-49aa-b973-603dad4c1d89,c4,DROP,688,?,x11,
1769088807.354782,FORWARDED,180c3d65-37f5-4516-883e-9103bf9b1f68,68008bec-627f-49aa-b973-603dad4c1d89,c4,DROP,688,?,x11,
1769088807.404212,RECEIVED,175c776d-ca37-4a0e-86a2-1be8b4fe59b4,7039b191-9ef2-4925-b046-3029a2899c17,c2,DROP,1012,e4,?,
1769088807.62058,SENT,175c776d-ca37-4a0e-86a2-1be8b4fe59b4,7039b191-9ef2-4925-b046-3029a2899c17,c2,DROP,687,?,x9,
1769088807.6206198,FORWARDED,175c776d-ca37-4a0e-86a2-1be8b4fe59b4,7039b191-9ef2-4925-b046-3029a2899c17,c2,DROP,687,?,x9,
1769088807.876252,RECEIVED,54b93cc2-3704-431a-bbff-b9439149243e,8b2f2d8b-7213-4914-a7fe-7b893b46c0f0,c4,c1,1447,e7,?,
1769088808.0031412,RECEIVED,70e6172b-8ac3-4e1b-9a9f-0daff2c9959a,6879782c-891a-41c7-bdc7-4b6437cf4bea,c5,DROP,1008,e11,?,
1769088808.1654365,SENT,70e6172b-8ac3-4e1b-9a9f-0daff2c9959a,6879782c-891a-41c7-bdc7-4b6437cf4bea,c5,DROP,682,?,x7,
1769088808.1654763,FORWARDED,70e6172b-8ac3-4e1b-9a9f-0daff2c9959a,6879782c-891a-41c7-bdc7-4b6437cf4bea,c5,DROP,682,?,x7,
1769088808.176734,SENT,70abd807-2be7-4932-aa3c-a30cd01d62ef,59ed16d9-8729-491c-bcd4-8645c9493f52,c4,DROP,688,?,x3,
1769088808.176772,FORWARDED,70abd807-2be7-4932-aa3c-a30cd01d62ef,59ed16d9-8729-491c-bcd4-8645c9493f52,c4,DROP,688,?,x3,
1769088808.324331,SENT,54b93cc2-3704-431a-bbff-b9439149243e,8b2f2d8b-7213-4914-a7fe-7b893b46c0f0,c4,c1,1014,?,x3,
1769088808.3244464,FORWARDED,54b93cc2-3704-431a-bbff-b9439149243e,8b2f2d8b-7213-4914-a7fe-7b893b46c0f0,c4,c1,1014,?,x3,
1769088808.6312666,SENT,46f737cb-2a6a-41d9-b582-59e82da02244,0b1377fb-0284-4891-a8ac-d55e8b02d36d,c2,c3,1024,?,x11,
1769088808.6313047,FORWARDED,46f737cb-2a6a-41d9-b582-59e82da02244,0b1377fb-0284-4891-a8ac-d55e8b02d36d,c2,c3,1024,?,x11,
1769088808.8641837,RECEIVED,d2714838-05bc-4f58-a149-5a53af22bed2,80afcd09-08ee-4fbe-9be3-e1b1ea51fea2,c1,c3,1451,e1,?,
1769088808.8911839,RECEIVED,624a3638-fc30-4ba2-bf95-e0ec8ba7055b,ca114614-f74f-4937-a0f2-52c4854e5267,c1,c3,1456,e12,?,
1769088809.3171976,RECEIVED,08b68979-fb18-421a-b85f-970aadafae17,8b02c7ae-6255-41cc-a39a-416d3f0d3da4,c2,DROP,441,x2,?,
1769088809.5237672,SENT,d2714838-05bc-4f58-a149-5a53af22bed2,80afcd09-08ee-4fbe-9be3-e1b1ea51fea2,c1,c3,1015,?,x4,
1769088809.5238512,FORWARDED,d2714838-05bc-4f58-a149-5a53af22bed2,80afcd09-08ee-4fbe-9be3-e1b1ea51fea2,c1,c3,1015,?,x4,
1769088809.606796,RECEIVED,6c280660-7127-4ae3-9dd9-ca5db2ee2377,b370c562-014a-4413-b669-fe0261aa97fb,c5,DROP,441,x2,?,
1769088809.7034583,RECEIVED,b093407f-ff1a-4546-b831-1c4849bf5386,2c66ff2d-a931-4c27-9106-2e0facdc3ca1,c3,DROP,442,x9,?,
1769088809.7117136,SENT,624a3638-fc30-4ba2-bf95-e0ec8ba7055b,ca114614-f74f-4937-a0f2-52c4854e5267,c1,c3,1019,?,x11,
1769088809.7117517,FORWARDED,624a3638-fc30-4ba2-bf95-e0ec8ba7055b,ca114614-f74f-4937-a0f2-52c4854e5267,c1,c3,1019,?,x11,
1769088809.9649198,RECEIVED,3329e1cd-2f65-4656-94e1-0d6268c5ad55,1dc6eb40-b4fd-4655-9f4a-9bb482cbd653,c4,c1,1452,e8,?,
1769088809.9820228,RECEIVED,64629f3f-ce72-4098-9f8c-3034baf44ad7,81053a18-37ef-4f55-b76d-59eca7e74bee,c3,DROP,1015,e9,?,
1769088810.0264559,RECEIVED,c44a2478-707e-48da-b94c-f3f97dd2d064,38d50f9c-80af-46f6-b12f-ae17fedd7edf,c3,DROP,1015,e1,?,
1769088810.209562,RECEIVED,47976189-dbd5-43fc-8dbf-e40290d7b0db,58a424dd-5a9e-48df-b9cc-f2d912b01711,c5,c4,1456,e10,?,
1769088810.2134256,SENT,3329e1cd-2f65-4656-94e1-0d6268c5ad55,1dc6eb40-b4fd-4655-9f4a-9bb482cbd653,c4,c1,1016,?,x2,
1769088810.213499,FORWARDED,3329e1cd-2f65-4656-94e1-0d6268c5ad55,1dc6eb40-b4fd-4655-9f4a-9bb482cbd653,c4,c1,1016,?,x2,
1769088810.2540348,RECEIVED,fdec806e-8c70-4513-bf59-b156081d4bf7,2439e5e1-bf47-4f33-97e3-3305b6faaf33,c2,c3,1448,e9,?,
1769088810.2900722,RECEIVED,71b1bab5-d390-4f13-ae0d-375aa935a968,b86f5a45-bfa3-4d7f-aa00-87bd2e391d85,c3,DROP,1021,e12,?,
1769088810.362662,SENT,fdec806e-8c70-4513-bf59-b156081d4bf7,2439e5e1-bf47-4f33-97e3-3305b6faaf33,c2,c3,1012,?,x7,
1769088810.3627396,FORWARDED,fdec806e-8c70-4513-bf59-b156081d4bf7,2439e5e1-bf47-4f33-97e3-3305b6faaf33,c2,c3,1012,?,x7,
1769088810.4951463,SENT,71b1bab5-d390-4f13-ae0d-375aa935a968,b86f5a45-bfa3-4d7f-aa00-87bd2e391d85,c3,DROP,692,?,x10,
1769088810.495186,FORWARDED,71b1bab5-d390-4f13-ae0d-375aa935a968,b86f5a45-bfa3-4d7f-aa00-87bd2e391d85,c3,DROP,692,?,x10,
1769088810.58941,SENT,c44a2478-707e-48da-b94c-f3f97dd2d064,38d50f9c-80af-46f6-b12f-ae17fedd7edf,c3,DROP,689,?,x4,
1769088810.5895257,FORWARDED,c44a2478-707e-48da-b94c-f3f97dd2d064,38d50f9c-80af-46f6-b12f-ae17fedd7edf,c3,DROP,689,?,x4,
1769088810.8112304,SENT,47976189-dbd5-43fc-8dbf-e40290d7b0db,58a424dd-5a9e-48df-b9cc-f2d912b01711,c5,c4,1018,?,x11,
1769088810.8112693,FORWARDED,47976189-dbd5-43fc-8dbf-e40290d7b0db,58a424dd-5a9e-48df-b9cc-f2d912b01711,c5,c4,1018,?,x11,
1769088810.8250427,SENT,64629f3f-ce72-4098-9f8c-3034baf44ad7,81053a18-37ef-4f55-b76d-59eca7e74bee,c3,DROP,688,?,x2,
1769088810.8251982,FORWARDED,64629f3f-ce72-4098-9f8c-3034baf44ad7,81053a18-37ef-4f55-b76d-59eca7e74bee,c3,DROP,688,?,x2,
1769088811.1524863,RECEIVED,e9bb3b64-c2e5-4965-ac12-5abf87e25892,fc9741ed-0812-4439-87e4-50140273e024,c3,c4,1443,e4,?,
1769088811.2314968,RECEIVED,fb8b90af-bd31-452d-958f-e8810ff469a5,5b5d499c-26c7-450e-a817-fb9b940fd683,c1,c3,1443,e1,?,
1769088811.5604584,RECEIVED,e18a33fb-3e77-4821-a901-0fd45b357c7e,f2feab99-b3f8-4bb3-a7da-b50d8e9d70a7,c3,c4,1448,e9,?,
1769088811.5689516,RECEIVED,dca0e2ca-68ea-48f8-a23f-a2c6e50b63a3,9c7f36db-8599-4b14-8aa6-ba78a96ee50c,c2,DROP,1007,e10,?,
1769088811.6616442,SENT,e18a33fb-3e77-4821-a901-0fd45b357c7e,f2feab99-b3f8-4bb3-a7da-b50d8e9d70a7,c3,c4,1014,?,x6,
1769088811.6616828,FORWARDED,e18a33fb-3e77-4821-a901-0fd45b357c7e,f2feab99-b3f8-4bb3-a7da-b50d8e9d70a7,c3,c4,1014,?,x6,
1769088811.7607875,SENT,e9bb3b64-c2e5-4965-ac12-5abf87e25892,fc9741ed-0812-4439-87e4-50140273e024,c3,c4,1011,?,x1,
1769088811.761461,FORWARDED,e9bb3b64-c2e5-4965-ac12-5abf87e25892,fc9741ed-0812-4439-87e4-50140273e024,c3,c4,1011,?,x1,
1769088811.7642028,RECEIVED,d801c994-698b-4808-a5c4-6f5d2930a075,e0769861-c884-40de-98bc-587321d81066,c1,c3,1448,e6,?,
1769088812.0160005,SENT,d801c994-698b-4808-a5c4-6f5d2930a075,e0769861-c884-40de-98bc-587321d81066,c1,c3,1012,?,x3,
1769088812.0161524,FORWARDED,d801c994-698b-4808-a5c4-6f5d2930a075,e0769861-c884-40de-98bc-587321d81066,c1,c3,1012,?,x3,
1769088812.0701306,SENT,dca0e2ca-68ea-48f8-a23f-a2c6e50b63a3,9c7f36db-8599-4b14-8aa6-ba78a96ee50c,c2,DROP,683,?,x8,
1769088812.0701709,FORWARDED,dca0e2ca-68ea-48f8-a23f-a2c6e50b63a3,9c7f36db-8599-4b14-8aa6-ba78a96ee50c,c2,DROP,683,?,x8,
1769088812.0888894,RECEIVED,d4c572c1-2ef1-4e6b-8bf9-ff6f32911cb2,039718e9-736a-4d54-80d8-545b62f7345a,c2,DROP,1009,e7,?,
1769088812.1773767,SENT,d4c572c1-2ef1-4e6b-8bf9-ff6f32911cb2,039718e9-736a-4d54-80d8-545b62f7345a,c2,DROP,684,?,x5,
1769088812.1774907,FORWARDED,d4c572c1-2ef1-4e6b-8bf9-ff6f32911cb2,039718e9-736a-4d54-80d8-545b62f7345a,c2,DROP,684,?,x5,
1769088812.7182722,RECEIVED,46ba5f67-ba7f-4986-b436-f6b2835d6d58,1ff796f1-d58b-4793-90dc-69bb1e9a3b5c,c4,c1,1452,e7,?,
1769088812.8154047,SENT,fb8b90af-bd31-452d-958f-e8810ff469a5,5b5d499c-26c7-450e-a817-fb9b940fd683,c1,c3,1011,?,x4,
1769088812.8154452,FORWARDED,fb8b90af-bd31-452d-958f-e8810ff469a5,5b5d499c-26c7-450e-a817-fb9b940fd683,c1,c3,1011,?,x4,
1769088813.1802275,RECEIVED,ffcf8bf6-0cf8-4bde-9509-9b6aed51ba74,9d13d256-2f31-4739-abc8-2e056912017d,c4,DROP,1012,e3,?,
1769088813.321221,RECEIVED,c3321b49-b70b-4e37-805b-2689c66d66e2,67e72518-8aca-47ef-8f8d-356633129f9a,c5,DROP,1021,e12,?,
1769088813.360615,SENT,c3321b49-b70b-4e37-805b-2689c66d66e2,67e72518-8aca-47ef-8f8d-356633129f9a,c5,DROP,692,?,x12,
1769088813.3606582,FORWARDED,c3321b49-b70b-4e37-805b-2689c66d66e2,67e72518-8aca-47ef-8f8d-356633129f9a,c5,DROP,692,?,x12,
1769088813.3630304,SENT,ffcf8bf6-0cf8-4bde-9509-9b6aed51ba74,9d13d256-2f31-4739-abc8-2e056912017d,c4,DROP,687,?,x2,
1769088813.363084,FORWARDED,ffcf8bf6-0cf8-4bde-9509-9b6aed51ba74,9d13d256-2f31-4739-abc8-2e056912017d,c4,DROP,687,?,x2,
1769088813.375153,RECEIVED,41e12511-01b3-4933-964b-8d5cd00a0910,0465d91c-b9bf-4ce8-be93-cafa25640761,c1,DROP,1015,e4,?,
1769088813.384556,RECEIVED,5f1d8b27-1529-4413-931f-0a7619a3cf40,44fb5c15-1d31-4daf-a1e1-6279e443d463,c4,c1,1444,e4,?,
1769088813.4911923,RECEIVED,1ec9b621-ee94-48f1-b124-a240939dbac4,c98023ce-b0f2-4c67-b1f3-71c55a419d65,c2,DROP,442,x4,?,
1769088813.5224721,SENT,5f1d8b27-1529-4413-931f-0a7619a3cf40,44fb5c15-1d31-4daf-a1e1-6279e443d463,c4,c1,1011,?,x5,
1769088813.5225112,FORWARDED,5f1d8b27-1529-4413-931f-0a7619a3cf40,44fb5c15-1d31-4daf-a1e1-6279e443d463,c4,c1,1011,?,x5,
1769088813.5730155,RECEIVED,e6a6e9d7-6917-442a-a55b-a86c0efd6598,42de8389-089a-4984-b872-9a94042d9d54,c4,DROP,1008,e11,?,
1769088813.624435,SENT,e6a6e9d7-6917-442a-a55b-a86c0efd6598,42de8389-089a-4984-b872-9a94042d9d54,c4,DROP,683,?,x2,
1769088813.6244779,FORWARDED,e6a6e9d7-6917-442a-a55b-a86c0efd6598,42de8389-089a-4984-b872-9a94042d9d54,c4,DROP,683,?,x2,
1769088813.6750321,RECEIVED,31c76f2b-7389-43e6-b2d0-efc72a447afd,fe7fc066-d8d2-4ca8-8b87-5618ccabc15c,c5,c4,1449,e4,?,
1769088813.714314,SENT,31c76f2b-7389-43e6-b2d0-efc72a447afd,fe7fc066-d8d2-4ca8-8b87-5618ccabc15c,c5,c4,1012,?,x9,
1769088813.7143543,FORWARDED,31c76f2b-7389-43e6-b2d0-efc72a447afd,fe7fc066-d8d2-4ca8-8b87-5618ccabc15c,c5,c4,1012,?,x9,
1769088813.7609322,RECEIVED,b5c2e542-6ac8-477d-821f-8fe82ef1c833,b1fbd161-23a8-421e-8cd2-af69aeddb3c8,c3,c4,1451,e7,?,
1769088813.878605,RECEIVED,8b040562-cca0-41f6-b60c-4e32f6a6f2ab,91b2f239-5dc7-4fb2-a8d0-70b67aa05b1b,c5,c4,1453,e7,?,
1769088813.966214,SENT,8b040562-cca0-41f6-b60c-4e32f6a6f2ab,91b2f239-5dc7-4fb2-a8d0-70b67aa05b1b,c5,c4,1017,?,x10,
1769088813.9662588,FORWARDED,8b040562-cca0-41f6-b60c-4e32f6a6f2ab,91b2f239-5dc7-4fb2-a8d0-70b67aa05b1b,c5,c4,1017,?,x10,
1769088813.9771397,RECEIVED,b568f929-4ec2-48ed-8e15-4367b7485857,08c512de-5457-4f9b-80ab-4d77ab7be857,c3,DROP,1008,e2,?,
1769088814.0448205,SENT,41e12511-01b3-4933-964b-8d5cd00a0910,0465d91c-b9bf-4ce8-be93-cafa25640761,c1,DROP,689,?,x8,
1769088814.0448596,FORWARDED,41e12511-01b3-4933-964b-8d5cd00a0910,0465d91c-b9bf-4ce8-be93-cafa25640761,c1,DROP,689,?,x8,
1769088814.1251247,SENT,b568f929-4ec2-48ed-8e15-4367b7485857,08c512de-5457-4f9b-80ab-4d77ab7be857,c3,DROP,683,?,x8,
1769088814.1251647,FORWARDED,b568f929-4ec2-48ed-8e15-4367b7485857,08c512de-5457-4f9b-80ab-4d77ab7be857,c3,DROP,683,?,x8,
1769088814.1331468,RECEIVED,61cd7f52-8e1f-45b4-9875-628e9527baed,881dc381-f722-42ac-b500-0fa96555d333,c2,c3,1451,e7,?,
1769088814.2943678,SENT,b5c2e542-6ac8-477d-821f-8fe82ef1c833,b1fbd161-23a8-421e-8cd2-af69aeddb3c8,c3,c4,1016,?,x3,
1769088814.2944093,FORWARDED,b5c2e542-6ac8-477d-821f-8fe82ef1c833,b1fbd161-23a8-421e-8cd2-af69aeddb3c8,c3,c4,1016,?,x3,
1769088814.4563215,RECEIVED,44ac9475-de95-4499-9508-8381a6b35544,887d61f6-fe03-4c8e-9443-a02e780dbb2e,c3,DROP,1007,e11,?,
1769088814.5814912,SENT,46ba5f67-ba7f-4986-b436-f6b2835d6d58,1ff796f1-d58b-4793-90dc-69bb1e9a3b5c,c4,c1,1015,?,x10,
1769088814.58153,FORWARDED,46ba5f67-ba7f-4986-b436-f6b2835d6d58,1ff796f1-d58b-4793-90dc-69bb1e9a3b5c,c4,c1,1015,?,x10,
1769088814.690403,RECEIVED,6c02df8e-e077-4f87-a2e6-aab4d7a09a3d,c900e5ce-f473-422e-90b2-1e27dfdf78c2,c1,c3,1448,e10,?,
1769088814.786073,SENT,61cd7f52-8e1f-45b4-9875-628e9527baed,881dc381-f722-42ac-b500-0fa96555d333,c2,c3,1015,?,x4,
1769088814.7861905,FORWARDED,61cd7f52-8e1f-45b4-9875-628e9527baed,881dc381-f722-42ac-b500-0fa96555d333,c2,c3,1015,?,x4,
1769088814.8024418,RECEIVED,193b2a32-7a72-41a9-ba94-36900fa50927,6ca7571d-2ca9-4fff-896e-1d1183f03ed2,c4,c1,1456,e3,?,
1769088814.804072,SENT,6c02df8e-e077-4f87-a2e6-aab4d7a09a3d,c900e5ce-f473-422e-90b2-1e27dfdf78c2,c1,c3,1012,?,x3,
1769088814.8041105,FORWARDED,6c02df8e-e077-4f87-a2e6-aab4d7a09a3d,c900e5ce-f473-422e-90b2-1e27dfdf78c2,c1,c3,1012,?,x3,
1769088815.0603693,RECEIVED,9a2b0128-716e-4e8c-b9f9-fedb9572f533,67bbb790-54e4-49ca-a4a5-67f1cd17de1a,c2,DROP,1011,e2,?,
1769088815.1313946,RECEIVED,d99b4a36-8ddc-4e7c-9703-89920462b735,d6355340-0d79-4ba3-9167-c2209ad1e46c,c1,DROP,1008,e8,?,
1769088815.2071633,SENT,d99b4a36-8ddc-4e7c-9703-89920462b735,d6355340-0d79-4ba3-9167-c2209ad1e46c,c1,DROP,684,?,x2,
1769088815.2072046,FORWARDED,d99b4a36-8ddc-4e7c-9703-89920462b735,d6355340-0d79-4ba3-9167-c2209ad1e46c,c1,DROP,684,?,x2,
1769088815.2160885,SENT,44ac9475-de95-4499-9508-8381a6b35544,887d61f6-fe03-4c8e-9443-a02e780dbb2e,c3,DROP,684,?,x2,
1769088815.2161286,FORWARDED,44ac9475-de95-4499-9508-8381a6b35544,887d61f6-fe03-4c8e-9443-a02e780dbb2e,c3,DROP,684,?,x2,
1769088815.5474217,RECEIVED,c18f9813-3357-418a-b04b-c75ead22ce0f,b7715d24-6e93-4b69-9da2-451b2256644d,c1,DROP,1014,e4,?,
1769088815.5542169,SENT,9a2b0128-716e-4e8c-b9f9-fedb9572f533,67bbb790-54e4-49ca-a4a5-67f1cd17de1a,c2,DROP,687,?,x11,
1769088815.5542572,FORWARDED,9a2b0128-716e-4e8c-b9f9-fedb9572f533,67bbb790-54e4-49ca-a4a5-67f1cd17de1a,c2,DROP,687,?,x11,
1769088815.816571,SENT,193b2a32-7a72-41a9-ba94-36900fa50927,6ca7571d-2ca9-4fff-896e-1d1183f03ed2,c4,c1,1019,?,x10,
1769088815.81661,FORWARDED,193b2a32-7a72-41a9-ba94-36900fa50927,6ca7571d-2ca9-4fff-896e-1d1183f03ed2,c4,c1,1019,?,x10,
1769088816.0332327,SENT,c18f9813-3357-418a-b04b-c75ead22ce0f,b7715d24-6e93-4b69-9da2-451b2256644d,c1,DROP,689,?,x2,
1769088816.0332727,FORWARDED,c18f9813-3357-418a-b04b-c75ead22ce0f,b7715d24-6e93-4b69-9da2-451b2256644d,c1,DROP,689,?,x2,
1769088816.4112108,RECEIVED,4f78ae82-9575-465d-a93e-0d564e5b321d,be427ba9-302e-4d61-9b03-27091bdf1ce5,c5,DROP,1016,e7,?,
1769088816.4733589,RECEIVED,a5ba43c5-ffbc-4804-a8bd-7fba8bf2e00b,55ed9e39-7ce0-4653-b99a-4080cf7268e9,c5,c4,1451,e10,?,
1769088816.5477548,RECEIVED,5c7cc9cf-7699-4a54-9ab6-1d8d7b44be1f,7a4a9737-2955-474c-874d-aedc3caa767f,c2,c3,1463,e10,?,
1769088816.635675,RECEIVED,531c272e-23c1-48c6-a994-5814e03533c8,c8a8843b-b6d1-4f1b-aae5-df8d11a86420,c1,c3,1452,e9,?,
1769088816.7768297,SENT,4f78ae82-9575-465d-a93e-0d564e5b321d,be427ba9-302e-4d61-9b03-27091bdf1ce5,c5,DROP,689,?,x4,
1769088816.7768698,FORWARDED,4f78ae82-9575-465d-a93e-0d564e5b321d,be427ba9-302e-4d61-9b03-27091bdf1ce5,c5,DROP,689,?,x4,
1769088816.7948287,RECEIVED,61f1fc9e-0adb-4053-a128-f157ade4556f,de79896a-6d1e-4ba1-9e8c-3be3b45f2e11,c3,c4,1444,e3,?,
1769088816.7956634,RECEIVED,5ab364da-b498-448f-9a3a-b57a476508ca,d0d5bf89-c61a-4c65-940b-078049929dcc,c2,DROP,1011,e5,?,
1769088817.012258,SENT,5c7cc9cf-7699-4a54-9ab6-1d8d7b44be1f,7a4a9737-2955-474c-874d-aedc3caa767f,c2,c3,1024,?,x9,
1769088817.012346,FORWARDED,5c7cc9cf-7699-4a54-9ab6-1d8d7b44be1f,7a4a9737-2955-474c-874d-aedc3caa767f,c2,c3,1024,?,x9,
1769088817.0553665,RECEIVED,f37daebc-2dc3-4182-a5e3-93db5c6fcebb,fc586aaf-0d1e-4486-8652-0c6f7015af16,c4,DROP,1016,e4,?,
1769088817.0776424,RECEIVED,88e2124b-6a93-4e43-8065-cd18b9202d73,59a3a776-00a7-4bb1-b690-58e97b2a6e51,c2,DROP,1013,e2,?,
1769088817.0801933,SENT,531c272e-23c1-48c6-a994-5814e03533c8,c8a8843b-b6d1-4f1b-aae5-df8d11a86420,c1,c3,1015,?,x11,
1769088817.0802283,FORWARDED,531c272e-23c1-48c6-a994-5814e03533c8,c8a8843b-b6d1-4f1b-aae5-df8d11a86420,c1,c3,1015,?,x11,
1769088817.1865819,SENT,f37daebc-2dc3-4182-a5e3-93db5c6fcebb,fc586aaf-0d1e-4486-8652-0c6f7015af16,c4,DROP,688,?,x2,
1769088817.186622,FORWARDED,f37daebc-2dc3-4182-a5e3-93db5c6fcebb,fc586aaf-0d1e-4486-8652-0c6f7015af16,c4,DROP,688,?,x2,
1769088817.19613,SENT,88e2124b-6a93-4e43-8065-cd18b9202d73,59a3a776-00a7-4bb1-b690-58e97b2a6e51,c2,DROP,687,?,x11,
1769088817.1961696,FORWARDED,88e2124b-6a93-4e43-8065-cd18b9202d73,59a3a776-00a7-4bb1-b690-58e97b2a6e51,c2,DROP,687,?,x11,
1769088817.2094848,RECEIVED,ad460ed1-7035-4cce-a0a8-45553579c9c8,d3626370-a98f-455c-b6a6-ea8256d86d8b,c2,DROP,1008,e10,?,
1769088817.247979,SENT,61f1fc9e-0adb-4053-a128-f157ade4556f,de79896a-6d1e-4ba1-9e8c-3be3b45f2e11,c3,c4,1011,?,x11,
1769088817.248022,FORWARDED,61f1fc9e-0adb-4053-a128-f157ade4556f,de79896a-6d1e-4ba1-9e8c-3be3b45f2e11,c3,c4,1011,?,x11,
1769088817.2796316,SENT,ad460ed1-7035-4cce-a0a8-45553579c9c8,d3626370-a98f-455c-b6a6-ea8256d86d8b,c2,DROP,683,?,x9,
1769088817.2796729,FORWARDED,ad460ed1-7035-4cce-a0a8-45553579c9c8,d3626370-a98f-455c-b6a6-ea8256d86d8b,c2,DROP,683,?,x9,
1769088817.438446,RECEIVED,57d89360-1ef5-4f8a-91cb-0ed426694bde,0ff7119b-6784-4d74-81b9-ac3cc2608a8e,c2,DROP,1003,e3,?,
1769088817.547108,SENT,a5ba43c5-ffbc-4804-a8bd-7fba8bf2e00b,55ed9e39-7ce0-4653-b99a-4080cf7268e9,c5,c4,1016,?,x3,
1769088817.5471463,FORWARDED,a5ba43c5-ffbc-4804-a8bd-7fba8bf2e00b,55ed9e39-7ce0-4653-b99a-4080cf7268e9,c5,c4,1016,?,x3,
1769088817.5925488,RECEIVED,29e6d567-549a-4f29-981b-3d066fd3a3a7,b521e060-24df-4584-b1ad-0073b09882b4,c4,c1,1448,e1,?,
1769088817.694733,SENT,29e6d567-549a-4f29-981b-3d066fd3a3a7,b521e060-24df-4584-b1ad-0073b09882b4,c4,c1,1012,?,x5,
1769088817.694772,FORWARDED,29e6d567-549a-4f29-981b-3d066fd3a3a7,b521e060-24df-4584-b1ad-0073b09882b4,c4,c1,1012,?,x5,
1769088817.8561568,SENT,5ab364da-b498-448f-9a3a-b57a476508ca,d0d5bf89-c61a-4c65-940b-078049929dcc,c2,DROP,687,?,x8,
1769088817.8561985,FORWARDED,5ab364da-b498-448f-9a3a-b57a476508ca,d0d5bf89-c61a-4c65-940b-078049929dcc,c2,DROP,687,?,x8,
1769088817.8862588,SENT,57d89360-1ef5-4f8a-91cb-0ed426694bde,0ff7119b-6784-4d74-81b9-ac3cc2608a8e,c2,DROP,679,?,x9,
1769088817.886346,FORWARDED,57d89360-1ef5-4f8a-91cb-0ed426694bde,0ff7119b-6784-4d74-81b9-ac3cc2608a8e,c2,DROP,679,?,x9,
1769088817.896911,RECEIVED,2417f873-96fd-4c1c-88ee-8f37bb8c3d29,5103e108-6ea6-4627-bf0c-405567880828,c3,c4,1451,e5,?,
1769088818.0772274,RECEIVED,8b5a1d00-e070-409a-890a-32001ee33a1e,2b8eae48-7773-4a23-b21d-9df3f41ee2f5,c3,c4,1467,e6,?,
1769088818.0867648,SENT,8b5a1d00-e070-409a-890a-32001ee33a1e,2b8eae48-7773-4a23-b21d-9df3f41ee2f5,c3,c4,1024,?,x11,
1769088818.0868092,FORWARDED,8b5a1d00-e070-409a-890a-32001ee33a1e,2b8eae48-7773-4a23-b21d-9df3f41ee2f5,c3,c4,1024,?,x11,
1769088818.0880415,SENT,2417f873-96fd-4c1c-88ee-8f37bb8c3d29,5103e108-6ea6-4627-bf0c-405567880828,c3,c4,1015,?,x1,
1769088818.0881016,FORWARDED,2417f873-96fd-4c1c-88ee-8f37bb8c3d29,5103e108-6ea6-4627-bf0c-405567880828,c3,c4,1015,?,x1,
1769088818.6502345,RECEIVED,082bf35a-0efc-4091-bb2d-f8ec26136804,9400107f-16a7-4356-b7bb-d8d87d8d1a65,c3,c4,1452,e2,?,
1769088818.795836,RECEIVED,56936675-c66b-4b1b-8c07-78caf35b4e60,e08d8a0e-51c4-4767-9e33-8b8c0f4351c8,c1,c3,1461,e2,?,
1769088819.0088394,SENT,56936675-c66b-4b1b-8c07-78caf35b4e60,e08d8a0e-51c4-4767-9e33-8b8c0f4351c8,c1,c3,1023,?,x12,
1769088819.0088806,FORWARDED,56936675-c66b-4b1b-8c07-78caf35b4e60,e08d8a0e-51c4-4767-9e33-8b8c0f4351c8,c1,c3,1023,?,x12,
1769088819.9883578,SENT,082bf35a-0efc-4091-bb2d-f8ec26136804,9400107f-16a7-4356-b7bb-d8d87d8d1a65,c3,c4,1015,?,x12,
1769088819.988397,FORWARDED,082bf35a-0efc-4091-bb2d-f8ec26136804,9400107f-16a7-4356-b7bb-d8d87d8d1a65,c3,c4,1015,?,x12,
1769088820.2627428,RECEIVED,68896e44-e4fc-41a7-94b5-4787aa93f6e0,02889401-2191-481c-9017-5482272b9e92,c4,c1,1447,e3,?,
1769088820.3190355,RECEIVED,5a08cca0-b430-480f-90de-9f2dab702dff,ca592dbe-33e2-4968-91ed-619fca3653d9,c2,c3,1444,e1,?,
1769088820.3827045,SENT,68896e44-e4fc-41a7-94b5-4787aa93f6e0,02889401-2191-481c-9017-5482272b9e92,c4,c1,1012,?,x6,
1769088820.3827443,FORWARDED,68896e44-e4fc-41a7-94b5-4787aa93f6e0,02889401-2191-481c-9017-5482272b9e92,c4,c1,1012,?,x6,
1769088820.9320679,SENT,5a08cca0-b430-480f-90de-9f2dab702dff,ca592dbe-33e2-4968-91ed-619fca3653d9,c2,c3,1011,?,x11,
1769088820.9321108,FORWARDED,5a08cca0-b430-480f-90de-9f2dab702dff,ca592dbe-33e2-4968-91ed-619fca3653d9,c2,c3,1011,?,x11,
1769088821.003735,RECEIVED,f4d7f7b2-998b-41a4-9ac4-5bcf6bead906,3d94ebdc-d532-49d9-a2b7-5e2a9a84d215,c4,c1,1452,e1,?,
1769088821.2924786,SENT,f4d7f7b2-998b-41a4-9ac4-5bcf6bead906,3d94ebdc-d532-49d9-a2b7-5e2a9a84d215,c4,c1,1016,?,x3,
1769088821.2925208,FORWARDED,f4d7f7b2-998b-41a4-9ac4-5bcf6bead906,3d94ebdc-d532-49d9-a2b7-5e2a9a84d215,c4,c1,1016,?,x3,
1769088821.4835353,RECEIVED,0218c535-77f3-437a-bbb3-f895e12363de,6d58feb4-f9e5-41a5-be92-c6e94ebbb50a,c3,c4,1457,e11,?,
1769088821.5011246,SENT,0218c535-77f3-437a-bbb3-f895e12363de,6d58feb4-f9e5-41a5-be92-c6e94ebbb50a,c3,c4,1020,?,x6,
1769088821.501164,FORWARDED,0218c535-77f3-437a-bbb3-f895e12363de,6d58feb4-f9e5-41a5-be92-c6e94ebbb50a,c3,c4,1020,?,x6,
1769088821.5084145,RECEIVED,9777ab74-e91a-487f-b13d-e0fa7b848def,dbe46839-e0c4-4202-b06c-86f8c1063ce8,c4,c1,1450,e6,?,
1769088821.7207413,RECEIVED,5f8157ee-e336-4661-ba32-ad39b3116da9,b0195cab-7b71-4c86-ab8a-70823773ef48,c2,DROP,1012,e11,?,
1769088821.9879425,RECEIVED,b66f384a-d4c5-427d-bcf8-19a697f6ce86,a83e1bad-0521-4fc7-8891-6250b7f3b6f8,c5,c4,1452,e9,?,
1769088822.1284955,SENT,5f8157ee-e336-4661-ba32-ad39b3116da9,b0195cab-7b71-4c86-ab8a-70823773ef48,c2,DROP,685,?,x5,
1769088822.128535,FORWARDED,5f8157ee-e336-4661-ba32-ad39b3116da9,b0195cab-7b71-4c86-ab8a-70823773ef48,c2,DROP,685,?,x5,
1769088822.181589,SENT,b66f384a-d4c5-427d-bcf8-19a697f6ce86,a83e1bad-0521-4fc7-8891-6250b7f3b6f8,c5,c4,1016,?,x3,
1769088822.1816287,FORWARDED,b66f384a-d4c5-427d-bcf8-19a697f6ce86,a83e1bad-0521-4fc7-8891-6250b7f3b6f8,c5,c4,1016,?,x3,
1769088822.1996331,RECEIVED,0de5cd0c-cc74-4fd7-9a02-d93cded8ba5c,054e64ba-c81a-4c2f-89a0-23990bea3f75,c2,DROP,442,x1,?,
1769088822.3392477,RECEIVED,e984de34-9574-4458-89e4-b83846725238,18b36d03-fde4-4e1d-8a72-0f4fef4e3044,c1,DROP,1007,e5,?,
1769088822.3885775,SENT,e984de34-9574-4458-89e4-b83846725238,18b36d03-fde4-4e1d-8a72-0f4fef4e3044,c1,DROP,684,?,x3,
1769088822.3886178,FORWARDED,e984de34-9574-4458-89e4-b83846725238,18b36d03-fde4-4e1d-8a72-0f4fef4e3044,c1,DROP,684,?,x3,
1769088822.518484,SENT,9777ab74-e91a-487f-b13d-e0fa7b848def,dbe46839-e0c4-4202-b06c-86f8c1063ce8,c4,c1,1016,?,x6,
1769088822.5185237,FORWARDED,9777ab74-e91a-487f-b13d-e0fa7b848def,dbe46839-e0c4-4202-b06c-86f8c1063ce8,c4,c1,1016,?,x6,
1769088822.54802,RECEIVED,702678a3-d930-485b-a30d-4c7df8609541,9b8914cd-41a7-43c1-b530-cc3c8f50e261,c1,DROP,1007,e10,?,
1769088823.0472176,RECEIVED,7bc5f781-887a-4b24-9a35-1747afc7bda9,70a89809-f7d2-407a-819d-dc1713451aad,c4,DROP,1008,e5,?,
1769088823.0664353,SENT,702678a3-d930-485b-a30d-4c7df8609541,9b8914cd-41a7-43c1-b530-cc3c8f50e261,c1,DROP,684,?,x4,
1769088823.0664752,FORWARDED,702678a3-d930-485b-a30d-4c7df8609541,9b8914cd-41a7-43c1-b530-cc3c8f50e261,c1,DROP,684,?,x4,
1769088823.236625,SENT,7bc5f781-887a-4b24-9a35-1747afc7bda9,70a89809-f7d2-407a-819d-dc1713451aad,c4,DROP,683,?,x7,
1769088823.23667,FORWARDED,7bc5f781-887a-4b24-9a35-1747afc7bda9,70a89809-f7d2-407a-819d-dc1713451aad,c4,DROP,683,?,x7,
1769088823.410585,RECEIVED,d987d7f5-60ba-44a1-974d-b4f0e37ab8e4,3426ebd1-af64-47e6-85a1-9abcf4df51bb,c1,c3,1459,e1,?,
1769088823.5956984,RECEIVED,4ecdb537-d947-42c1-8a11-96ba4aedbd7e,85c28d63-a651-4c80-96ba-0de1d745c21a,c2,DROP,445,x12,?,
1769088823.685304,RECEIVED,dba94025-ea45-4e9e-b1b0-41dab57645f5,078e42ea-66e3-4414-81a7-fed946c1a351,c4,DROP,1015,e11,?,
1769088823.8599026,SENT,dba94025-ea45-4e9e-b1b0-41dab57645f5,078e42ea-66e3-4414-81a7-fed946c1a351,c4,DROP,688,?,x4,
1769088823.8599424,FORWARDED,dba94025-ea45-4e9e-b1b0-41dab57645f5,078e42ea-66e3-4414-81a7-fed946c1a351,c4,DROP,688,?,x4,
1769088824.0261388,RECEIVED,88cbf2b6-2eaf-4278-aafb-083fcce34b0a,5fccbe6a-c3b6-48bc-933e-af7412a3c370,c1,DROP,1008,e10,?,
1769088824.0772312,RECEIVED,850c99a7-f4e2-4cc6-a7a0-decf4245fd35,e9ea62e5-b68e-4f8c-a820-eb13486ac6db,c2,c3,1453,e6,?,
1769088824.1621811,SENT,850c99a7-f4e2-4cc6-a7a0-decf4245fd35,e9ea62e5-b68e-4f8c-a820-eb13486ac6db,c2,c3,1015,?,x8,
1769088824.16222,FORWARDED,850c99a7-f4e2-4cc6-a7a0-decf4245fd35,e9ea62e5-b68e-4f8c-a820-eb13486ac6db,c2,c3,1015,?,x8,
1769088824.2748225,SENT,88cbf2b6-2eaf-4278-aafb-083fcce34b0a,5fccbe6a-c3b6-48bc-933e-af7412a3c370,c1,DROP,684,?,x3,
1769088824.2748594,FORWARDED,88cbf2b6-2eaf-4278-aafb-083fcce34b0a,5fccbe6a-c3b6-48bc-933e-af7412a3c370,c1,DROP,684,?,x3,
1769088824.3242266,RECEIVED,5a226377-9a97-467b-802c-aa9057d0cf28,dd9a7df1-dc0f-43f7-bbae-22632455504e,c1,DROP,442,x10,?,
1769088824.4015312,RECEIVED,a53dcfe1-e970-4b7d-a195-93d221eb5409,607062ec-b6ac-4316-adac-2e1bafddb1fc,c1,DROP,441,x10,?,
1769088824.8161192,RECEIVED,0e2bc5ea-c328-47fa-8fe4-adbbe9e873ab,1fa53b2c-203e-419d-92be-7743956d8d47,c1,DROP,1011,e2,?,
1769088825.0655825,RECEIVED,9590f4ff-0e92-443d-ad41-e4e8e818780f,285a5f85-618f-4f35-bfe7-01a1bc2e8ffa,c5,DROP,441,x4,?,
1769088825.08257,SENT,0e2bc5ea-c328-47fa-8fe4-adbbe9e873ab,1fa53b2c-203e-419d-92be-7743956d8d47,c1,DROP,685,?,x9,
1769088825.08261,FORWARDED,0e2bc5ea-c328-47fa-8fe4-adbbe9e873ab,1fa53b2c-203e-419d-92be-7743956d8d47,c1,DROP,685,?,x9,
1769088825.1501727,RECEIVED,b595f3b8-d2c6-4060-ba4d-16e6c65eac11,996dea7d-64c2-4c2d-affc-6a359dd023ab,c4,c1,1442,e1,?,
1769088825.1705108,SENT,d987d7f5-60ba-44a1-974d-b4f0e37ab8e4,3426ebd1-af64-47e6-85a1-9abcf4df51bb,c1,c3,1023,?,x10,
1769088825.1705508,FORWARDED,d987d7f5-60ba-44a1-974d-b4f0e37ab8e4,3426ebd1-af64-47e6-85a1-9abcf4df51bb,c1,c3,1023,?,x10,
1769088825.230809,SENT,b595f3b8-d2c6-4060-ba4d-16e6c65eac11,996dea7d-64c2-4c2d-affc-6a359dd023ab,c4,c1,1011,?,x2,
1769088825.2308483,FORWARDED,b595f3b8-d2c6-4060-ba4d-16e6c65eac11,996dea7d-64c2-4c2d-affc-6a359dd023ab,c4,c1,1011,?,x2,
1769088825.5756106,RECEIVED,35dc6dec-c0d1-4a53-b8dd-5426067d041b,f7ff9700-ea0f-4351-9713-c6d1c71130c5,c4,DROP,1012,e6,?,
1769088825.8053064,SENT,35dc6dec-c0d1-4a53-b8dd-5426067d041b,f7ff9700-ea0f-4351-9713-c6d1c71130c5,c4,DROP,687,?,x7,
1769088825.8053482,FORWARDED,35dc6dec-c0d1-4a53-b8dd-5426067d041b,f7ff9700-ea0f-4351-9713-c6d1c71130c5,c4,DROP,687,?,x7,
1769088825.8957038,RECEIVED,0903d1b7-525d-4ab7-aba2-14f3e679bb13,69f7e766-3cc9-4418-b996-7949b4fbe97d,c5,DROP,1003,e9,?,
1769088825.9194636,RECEIVED,633b2619-deba-41a8-b017-b15c9c000598,a44de322-3d7e-49eb-a177-bb19078da309,c5,c4,1444,e3,?,
1769088825.9496777,RECEIVED,28534fad-31f9-495c-a555-554cc9cdad82,8af9fafb-8af8-4158-a539-13acf5c93432,c5,DROP,1007,e10,?,
1769088826.0665696,SENT,633b2619-deba-41a8-b017-b15c9c000598,a44de322-3d7e-49eb-a177-bb19078da309,c5,c4,1011,?,x2,
1769088826.0666485,FORWARDED,633b2619-deba-41a8-b017-b15c9c000598,a44de322-3d7e-49eb-a177-bb19078da309,c5,c4,1011,?,x2,
1769088826.1361754,SENT,28534fad-31f9-495c-a555-554cc9cdad82,8af9fafb-8af8-4158-a539-13acf5c93432,c5,DROP,684,?,x7,
1769088826.1362169,FORWARDED,28534fad-31f9-495c-a555-554cc9cdad82,8af9fafb-8af8-4158-a539-13acf5c93432,c5,DROP,684,?,x7,
1769088826.4793942,SENT,0903d1b7-525d-4ab7-aba2-14f3e679bb13,69f7e766-3cc9-4418-b996-7949b4fbe97d,c5,DROP,681,?,x8,
1769088826.4794338,FORWARDED,0903d1b7-525d-4ab7-aba2-14f3e679bb13,69f7e766-3cc9-4418-b996-7949b4fbe97d,c5,DROP,681,?,x8,
1769088826.5666478,RECEIVED,45a3c3dc-9771-4d62-af60-5600592fd82e,af4ab2f5-a6dd-4c0e-b193-6635b3b6cda6,c2,DROP,445,x12,?,
1769088826.7019265,RECEIVED,909a2ef3-590d-481d-a8c7-1d94ce143fe0,8da90df7-9ed4-460c-a93b-3d62ac3a11d6,c3,c4,1448,e2,?,
1769088827.0410004,RECEIVED,55dfb2b9-2c10-49db-9f9a-666705de62ee,2f8f0a9b-ca8d-4bf4-bc92-b74ea848fc9b,c1,c3,1443,e3,?,
1769088827.0656693,RECEIVED,5495ca52-2326-4f44-be05-d6edfcdb6d16,b01ea590-349d-401c-8863-169e6c2c20b5,c2,c3,1457,e7,?,
1769088827.140634,RECEIVED,5d624ffe-3d91-47be-8ec0-b3e951f1c271,2778fbfd-5579-4bbf-8ed5-4480bc33929f,c4,c1,1470,e6,?,
1769088827.2283728,SENT,5d624ffe-3d91-47be-8ec0-b3e951f1c271,2778fbfd-5579-4bbf-8ed5-4480bc33929f,c4,c1,1028,?,x12,
1769088827.228413,FORWARDED,5d624ffe-3d91-47be-8ec0-b3e951f1c271,2778fbfd-5579-4bbf-8ed5-4480bc33929f,c4,c1,1028,?,x12,
1769088827.2315366,SENT,55dfb2b9-2c10-49db-9f9a-666705de62ee,2f8f0a9b-ca8d-4bf4-bc92-b74ea848fc9b,c1,c3,1011,?,x5,
1769088827.231577,FORWARDED,55dfb2b9-2c10-49db-9f9a-666705de62ee,2f8f0a9b-ca8d-4bf4-bc92-b74ea848fc9b,c1,c3,1011,?,x5,
1769088827.2994993,RECEIVED,ee39cd6c-ed36-44e7-a2fa-70b0628a991d,5a8add10-d8d4-45f9-9161-0ad718db7bb4,c4,DROP,1011,e9,?,
1769088827.5147655,RECEIVED,df687ff0-309e-411f-8a59-bc83a9d6b1ab,18395ffa-671d-4ce9-ac21-5aa940ae98ca,c1,DROP,1012,e5,?,
1769088827.552529,SENT,5495ca52-2326-4f44-be05-d6edfcdb6d16,b01ea590-349d-401c-8863-169e6c2c20b5,c2,c3,1020,?,x10,
1769088827.5525663,FORWARDED,5495ca52-2326-4f44-be05-d6edfcdb6d16,b01ea590-349d-401c-8863-169e6c2c20b5,c2,c3,1020,?,x10,
1769088827.6763558,RECEIVED,aa43b31d-8cc5-45ae-96dc-abe049421657,a0d997be-d7e7-4fde-a936-ffca03393d9c,c3,DROP,1016,e4,?,
1769088827.754236,SENT,aa43b31d-8cc5-45ae-96dc-abe049421657,a0d997be-d7e7-4fde-a936-ffca03393d9c,c3,DROP,688,?,x7,
1769088827.754276,FORWARDED,aa43b31d-8cc5-45ae-96dc-abe049421657,a0d997be-d7e7-4fde-a936-ffca03393d9c,c3,DROP,688,?,x7,
1769088827.7691042,SENT,df687ff0-309e-411f-8a59-bc83a9d6b1ab,18395ffa-671d-4ce9-ac21-5aa940ae98ca,c1,DROP,687,?,x2,
1769088827.7691424,FORWARDED,df687ff0-309e-411f-8a59-bc83a9d6b1ab,18395ffa-671d-4ce9-ac21-5aa940ae98ca,c1,DROP,687,?,x2,
1769088827.8178527,RECEIVED,68472dc7-7489-427d-b3aa-8ef24024652c,59e397ac-80e9-4fc5-96fa-a03fa8a17ead,c4,DROP,1015,e6,?,
1769088827.94318,SENT,909a2ef3-590d-481d-a8c7-1d94ce143fe0,8da90df7-9ed4-460c-a93b-3d62ac3a11d6,c3,c4,1012,?,x12,
1769088827.9432218,FORWARDED,909a2ef3-590d-481d-a8c7-1d94ce143fe0,8da90df7-9ed4-460c-a93b-3d62ac3a11d6,c3,c4,1012,?,x12,
1769088828.384372,SENT,68472dc7-7489-427d-b3aa-8ef24024652c,59e397ac-80e9-4fc5-96fa-a03fa8a17ead,c4,DROP,688,?,x6,
1769088828.384413,FORWARDED,68472dc7-7489-427d-b3aa-8ef24024652c,59e397ac-80e9-4fc5-96fa-a03fa8a17ead,c4,DROP,688,?,x6,
1769088828.412115,RECEIVED,3499626d-ccc1-48e4-988c-5d75778be63f,fbae32d8-465f-4c84-88fb-683204db7c64,c4,c1,1451,e6,?,
1769088828.5343583,SENT,ee39cd6c-ed36-44e7-a2fa-70b0628a991d,5a8add10-d8d4-45f9-9161-0ad718db7bb4,c4,DROP,687,?,x2,
1769088828.5343976,FORWARDED,ee39cd6c-ed36-44e7-a2fa-70b0628a991d,5a8add10-d8d4-45f9-9161-0ad718db7bb4,c4,DROP,687,?,x2,
1769088828.662738,RECEIVED,3713b1d3-f2a3-430f-a2d7-4b78c2a6451c,3ae30cb7-f201-4afb-b89e-4abecf0d3a53,c4,c1,1465,e9,?,
1769088828.8190024,SENT,3713b1d3-f2a3-430f-a2d7-4b78c2a6451c,3ae30cb7-f201-4afb-b89e-4abecf0d3a53,c4,c1,1024,?,x12,
1769088828.8190439,FORWARDED,3713b1d3-f2a3-430f-a2d7-4b78c2a6451c,3ae30cb7-f201-4afb-b89e-4abecf0d3a53,c4,c1,1024,?,x12,
1769088828.9042852,RECEIVED,8a892b67-bbb6-4e4f-87bd-47a40171ff74,fd526ab3-6721-4bc6-a761-b015a50cb654,c5,c4,1453,e1,?,
1769088828.935002,SENT,8a892b67-bbb6-4e4f-87bd-47a40171ff74,fd526ab3-6721-4bc6-a761-b015a50cb654,c5,c4,1016,?,x4,
1769088828.935043,FORWARDED,8a892b67-bbb6-4e4f-87bd-47a40171ff74,fd526ab3-6721-4bc6-a761-b015a50cb654,c5,c4,1016,?,x4,
1769088828.9661863,RECEIVED,8118d98c-9640-4f80-adbf-d7e8a2a61262,02ee6ef6-f1c9-4bc2-9ffe-2789a5e1ea00,c2,c3,1451,e9,?,
1769088829.0272024,RECEIVED,b2251d0b-e519-4628-8a20-00391599662b,32d16cb7-fbaa-4656-ba9f-9a8b320adaf7,c2,DROP,1012,e4,?,
1769088829.122169,SENT,8118d98c-9640-4f80-adbf-d7e8a2a61262,02ee6ef6-f1c9-4bc2-9ffe-2789a5e1ea00,c2,c3,1017,?,x9,
1769088829.1222084,FORWARDED,8118d98c-9640-4f80-adbf-d7e8a2a61262,02ee6ef6-f1c9-4bc2-9ffe-2789a5e1ea00,c2,c3,1017,?,x9,
1769088829.147699,SENT,3499626d-ccc1-48e4-988c-5d75778be63f,fbae32d8-465f-4c84-88fb-683204db7c64,c4,c1,1016,?,x1,
1769088829.1477382,FORWARDED,3499626d-ccc1-48e4-988c-5d75778be63f,fbae32d8-465f-4c84-88fb-683204db7c64,c4,c1,1016,?,x1,
1769088829.189124,SENT,b2251d0b-e519-4628-8a20-00391599662b,32d16cb7-fbaa-4656-ba9f-9a8b320adaf7,c2,DROP,685,?,x8,
1769088829.189243,FORWARDED,b2251d0b-e519-4628-8a20-00391599662b,32d16cb7-fbaa-4656-ba9f-9a8b320adaf7,c2,DROP,685,?,x8,
1769088829.2568328,RECEIVED,ef9bc388-f8e8-4ae2-ba84-d428aeaa8865,bf583d93-77da-48bb-b200-cfca6d512646,c4,DROP,1012,e2,?,
1769088829.3563333,RECEIVED,878b7562-82d9-45b4-9574-8a930506c725,352a34ca-ca79-4252-aefa-4b5d376f2168,c4,c1,1455,e8,?,
1769088829.4082046,SENT,ef9bc388-f8e8-4ae2-ba84-d428aeaa8865,bf583d93-77da-48bb-b200-cfca6d512646,c4,DROP,687,?,x8,
1769088829.4082406,FORWARDED,ef9bc388-f8e8-4ae2-ba84-d428aeaa8865,bf583d93-77da-48bb-b200-cfca6d512646,c4,DROP,687,?,x8,
1769088829.4471896,RECEIVED,efe62a49-30be-4b92-8b0e-f37c81073fb4,16a35021-5167-4ed8-aa95-6c416fcb209e,c1,DROP,1009,e9,?,
1769088829.574978,RECEIVED,89b8d022-9188-43bb-a8d7-da2a73e2d6b2,e6b732d1-8402-4f4e-bf68-b4d1aaa2b9e8,c3,c4,1452,e2,?,
1769088829.725372,RECEIVED,ae20f790-113a-4d53-8e3a-6d5283b0c87f,d4f2281a-ce4d-487e-bc54-a1b5949a2813,c2,DROP,442,x6,?,
1769088829.7751207,SENT,89b8d022-9188-43bb-a8d7-da2a73e2d6b2,e6b732d1-8402-4f4e-bf68-b4d1aaa2b9e8,c3,c4,1016,?,x2,
1769088829.7751596,FORWARDED,89b8d022-9188-43bb-a8d7-da2a73e2d6b2,e6b732d1-8402-4f4e-bf68-b4d1aaa2b9e8,c3,c4,1016,?,x2,
1769088829.9149773,SENT,efe62a49-30be-4b92-8b0e-f37c81073fb4,16a35021-5167-4ed8-aa95-6c416fcb209e,c1,DROP,683,?,x10,
1769088829.9150193,FORWARDED,efe62a49-30be-4b92-8b0e-f37c81073fb4,16a35021-5167-4ed8-aa95-6c416fcb209e,c1,DROP,683,?,x10,
1769088830.042455,RECEIVED,c3cadc04-4348-46da-b20c-5cefbb4d2f04,b1c4f4e6-1877-4735-b0d9-fcb1ca7d0d41,c2,DROP,1015,e4,?,
1769088830.191634,SENT,c3cadc04-4348-46da-b20c-5cefbb4d2f04,b1c4f4e6-1877-4735-b0d9-fcb1ca7d0d41,c2,DROP,689,?,x4,
1769088830.191754,FORWARDED,c3cadc04-4348-46da-b20c-5cefbb4d2f04,b1c4f4e6-1877-4735-b0d9-fcb1ca7d0d41,c2,DROP,689,?,x4,
1769088830.619673,RECEIVED,9029463f-2fcf-4c96-9ecb-ae7da8d567a4,cd65abbe-1504-4e2d-aca2-4bb47431100a,c4,c1,1460,e12,?,
1769088830.7183459,SENT,9029463f-2fcf-4c96-9ecb-ae7da8d567a4,cd65abbe-1504-4e2d-aca2-4bb47431100a,c4,c1,1023,?,x2,
1769088830.718456,FORWARDED,9029463f-2fcf-4c96-9ecb-ae7da8d567a4,cd65abbe-1504-4e2d-aca2-4bb47431100a,c4,c1,1023,?,x2,
1769088830.7487547,RECEIVED,94cd8e11-eccc-495a-84bc-20ce40a08c15,a2be7222-e0de-4f3f-a769-1c1f947840eb,c2,c3,1449,e3,?,
1769088830.8195958,SENT,94cd8e11-eccc-495a-84bc-20ce40a08c15,a2be7222-e0de-4f3f-a769-1c1f947840eb,c2,c3,1012,?,x2,
1769088830.819636,FORWARDED,94cd8e11-eccc-495a-84bc-20ce40a08c15,a2be7222-e0de-4f3f-a769-1c1f947840eb,c2,c3,1012,?,x2,
1769088830.855878,RECEIVED,a4b3b6ec-642d-4e3d-a4db-7525001db396,6adde15d-fecc-436a-84c5-10b4abc74647,c3,c4,1451,e2,?,
1769088830.895071,RECEIVED,441d9897-e4a4-4d5f-96f5-d0aa13d72ec1,ca57ad6d-2591-4f4d-9455-00d90ab0da6f,c2,c3,1463,e10,?,
1769088831.0733414,RECEIVED,48946701-83b9-4127-8f37-6a04451e4caa,8b40b59d-fc30-4591-8f97-8817b2a5298d,c5,DROP,442,x7,?,
1769088831.1141021,RECEIVED,515e49c3-173f-4ea7-b286-cdab02e0c459,98ec7765-0883-4ea0-b64f-4d8edd4c9a19,c5,DROP,1008,e7,?,
1769088831.1201584,RECEIVED,c5941b88-3e79-46e9-9d3b-315439a5d960,51fa7a35-4b15-4910-ba7c-c6572b4c83c4,c1,DROP,1011,e9,?,
1769088831.1923912,SENT,a4b3b6ec-642d-4e3d-a4db-7525001db396,6adde15d-fecc-436a-84c5-10b4abc74647,c3,c4,1015,?,x6,
1769088831.1924376,FORWARDED,a4b3b6ec-642d-4e3d-a4db-7525001db396,6adde15d-fecc-436a-84c5-10b4abc74647,c3,c4,1015,?,x6,
1769088831.275187,RECEIVED,f32e8856-49ab-41f9-a65d-7058f73d839e,ae036acb-a030-4ef0-b74c-66656693f9ca,c2,c3,1443,e3,?,
1769088831.3168619,SENT,c5941b88-3e79-46e9-9d3b-315439a5d960,51fa7a35-4b15-4910-ba7c-c6572b4c83c4,c1,DROP,687,?,x4,
1769088831.3169017,FORWARDED,c5941b88-3e79-46e9-9d3b-315439a5d960,51fa7a35-4b15-4910-ba7c-c6572b4c83c4,c1,DROP,687,?,x4,
1769088831.3951392,SENT,441d9897-e4a4-4d5f-96f5-d0aa13d72ec1,ca57ad6d-2591-4f4d-9455-00d90ab0da6f,c2,c3,1024,?,x6,
1769088831.3951788,FORWARDED,441d9897-e4a4-4d5f-96f5-d0aa13d72ec1,ca57ad6d-2591-4f4d-9455-00d90ab0da6f,c2,c3,1024,?,x6,
1769088831.4747643,RECEIVED,3556b765-e5ad-4460-af03-3562faab226f,c215e205-ea5b-4a9a-95fd-fc261f1d7438,c5,DROP,1012,e2,?,
1769088831.5376318,SENT,515e49c3-173f-4ea7-b286-cdab02e0c459,98ec7765-0883-4ea0-b64f-4d8edd4c9a19,c5,DROP,684,?,x9,
1769088831.5376694,FORWARDED,515e49c3-173f-4ea7-b286-cdab02e0c459,98ec7765-0883-4ea0-b64f-4d8edd4c9a19,c5,DROP,684,?,x9,
1769088831.557455,RECEIVED,ad772b40-10ce-4b7f-94d2-4430a7be295e,a922c45e-39fe-40b1-a2de-23cec206a025,c1,c3,1444,e7,?,
1769088831.7607534,SENT,ad772b40-10ce-4b7f-94d2-4430a7be295e,a922c45e-39fe-40b1-a2de-23cec206a025,c1,c3,1011,?,x8,
1769088831.7607863,FORWARDED,ad772b40-10ce-4b7f-94d2-4430a7be295e,a922c45e-39fe-40b1-a2de-23cec206a025,c1,c3,1011,?,x8,
1769088831.8268857,RECEIVED,b1c45c36-eb2b-48dc-ab28-0be023289cc7,430cf6d6-b777-43bc-ac54-2072dc8677c1,c2,c3,1445,e7,?,
1769088831.8626761,SENT,b1c45c36-eb2b-48dc-ab28-0be023289cc7,430cf6d6-b777-43bc-ac54-2072dc8677c1,c2,c3,1011,?,x6,
1769088831.8627148,FORWARDED,b1c45c36-eb2b-48dc-ab28-0be023289cc7,430cf6d6-b777-43bc-ac54-2072dc8677c1,c2,c3,1011,?,x6,
1769088832.1468875,SENT,f32e8856-49ab-41f9-a65d-7058f73d839e,ae036acb-a030-4ef0-b74c-66656693f9ca,c2,c3,1011,?,x1,
1769088832.1469262,FORWARDED,f32e8856-49ab-41f9-a65d-7058f73d839e,ae036acb-a030-4ef0-b74c-66656693f9ca,c2,c3,1011,?,x1,
1769088832.1501827,RECEIVED,348ac2c1-e1df-43ee-bb40-4ea9ed53bebe,406de667-f710-4398-bc0d-78122643bcf2,c5,c4,1454,e2,?,
1769088832.2420344,SENT,878b7562-82d9-45b4-9574-8a930506c725,352a34ca-ca79-4252-aefa-4b5d376f2168,c4,c1,1018,?,x9,
1769088832.242085,FORWARDED,878b7562-82d9-45b4-9574-8a930506c725,352a34ca-ca79-4252-aefa-4b5d376f2168,c4,c1,1018,?,x9,
1769088832.3447688,RECEIVED,3a4f8b70-3a73-4c13-9397-3cd1febbc552,1306a52d-fc4f-4c5e-ac3e-3b8ec2c1fb51,c2,DROP,1008,e4,?,
1769088832.3615823,RECEIVED,c98e0902-868f-4fb6-8066-3e9a4d3cdc24,fb64512b-d957-4129-8288-48e745ebac54,c3,DROP,1016,e7,?,
1769088832.4066591,RECEIVED,3a7b3cab-aa89-43ee-87d5-45c7c7b55f28,5f1e0579-dbc5-4f38-9ffa-a649753f1bbf,c1,DROP,1015,e7,?,
1769088832.4332185,RECEIVED,4d2b45d3-4fe4-4ad2-a39a-09bf219546ce,cad23870-129d-465e-a710-93da20abdc1b,c1,DROP,1015,e1,?,
1769088832.4397566,SENT,3556b765-e5ad-4460-af03-3562faab226f,c215e205-ea5b-4a9a-95fd-fc261f1d7438,c5,DROP,685,?,x11,
1769088832.4397972,FORWARDED,3556b765-e5ad-4460-af03-3562faab226f,c215e205-ea5b-4a9a-95fd-fc261f1d7438,c5,DROP,685,?,x11,
1769088832.665539,RECEIVED,a82bffee-53dd-4db6-8d9a-6baf3fca86ad,083b729e-464a-45a2-8279-6edf82fbfde7,c1,c3,1451,e2,?,
1769088832.674655,SENT,3a7b3cab-aa89-43ee-87d5-45c7c7b55f28,5f1e0579-dbc5-4f38-9ffa-a649753f1bbf,c1,DROP,688,?,x3,
1769088832.6746879,FORWARDED,3a7b3cab-aa89-43ee-87d5-45c7c7b55f28,5f1e0579-dbc5-4f38-9ffa-a649753f1bbf,c1,DROP,688,?,x3,
1769088832.687776,SENT,3a4f8b70-3a73-4c13-9397-3cd1febbc552,1306a52d-fc4f-4c5e-ac3e-3b8ec2c1fb51,c2,DROP,684,?,x11,
1769088832.6878161,FORWARDED,3a4f8b70-3a73-4c13-9397-3cd1febbc552,1306a52d-fc4f-4c5e-ac3e-3b8ec2c1fb51,c2,DROP,684,?,x11,
1769088832.7033794,RECEIVED,bff3c911-c91b-411c-9142-04e5ea4b9cf0,7b83c14c-f672-4854-aaa7-202f01eae575,c2,c3,1451,e8,?,
1769088832.844748,SENT,c98e0902-868f-4fb6-8066-3e9a4d3cdc24,fb64512b-d957-4129-8288-48e745ebac54,c3,DROP,688,?,x11,
1769088832.8447862,FORWARDED,c98e0902-868f-4fb6-8066-3e9a4d3cdc24,fb64512b-d957-4129-8288-48e745ebac54,c3,DROP,688,?,x11,
1769088832.8584907,SENT,348ac2c1-e1df-43ee-bb40-4ea9ed53bebe,406de667-f710-4398-bc0d-78122643bcf2,c5,c4,1019,?,x7,
1769088832.8585289,FORWARDED,348ac2c1-e1df-43ee-bb40-4ea9ed53bebe,406de667-f710-4398-bc0d-78122643bcf2,c5,c4,1019,?,x7,
1769088832.8941166,RECEIVED,5e70ae3f-6960-4a0a-97b6-7c676ed3c6e5,f6465f54-01ec-4dec-b532-94a29688958d,c4,c1,1452,e8,?,
1769088832.9530709,RECEIVED,26f28abd-839a-4c2b-a73d-35770e57c09f,a39aa628-3bd9-468d-b8e6-f9ffa801f06d,c4,DROP,442,x4,?,
1769088833.0537436,SENT,5e70ae3f-6960-4a0a-97b6-7c676ed3c6e5,f6465f54-01ec-4dec-b532-94a29688958d,c4,c1,1015,?,x5,
1769088833.053784,FORWARDED,5e70ae3f-6960-4a0a-97b6-7c676ed3c6e5,f6465f54-01ec-4dec-b532-94a29688958d,c4,c1,1015,?,x5,
1769088833.0597548,RECEIVED,67649fca-ff03-4ca1-8c89-ac86496bdbf8,41ac90d7-162d-44b1-9072-166577f49b2c,c5,c4,1452,e3,?,
1769088833.1566973,SENT,67649fca-ff03-4ca1-8c89-ac86496bdbf8,41ac90d7-162d-44b1-9072-166577f49b2c,c5,c4,1015,?,x8,
1769088833.156737,FORWARDED,67649fca-ff03-4ca1-8c89-ac86496bdbf8,41ac90d7-162d-44b1-9072-166577f49b2c,c5,c4,1015,?,x8,
1769088833.228375,SENT,4d2b45d3-4fe4-4ad2-a39a-09bf219546ce,cad23870-129d-465e-a710-93da20abdc1b,c1,DROP,688,?,x8,
1769088833.2284155,FORWARDED,4d2b45d3-4fe4-4ad2-a39a-09bf219546ce,cad23870-129d-465e-a710-93da20abdc1b,c1,DROP,688,?,x8,
1769088833.3254166,RECEIVED,08589d4d-3701-43c3-8c3c-c4ab9cd3641e,185d7c16-663f-4e10-b2d3-d1f5789bf30a,c3,DROP,1006,e11,?,
1769088833.3767166,SENT,bff3c911-c91b-411c-9142-04e5ea4b9cf0,7b83c14c-f672-4854-aaa7-202f01eae575,c2,c3,1015,?,x1,
1769088833.3771331,FORWARDED,bff3c911-c91b-411c-9142-04e5ea4b9cf0,7b83c14c-f672-4854-aaa7-202f01eae575,c2,c3,1015,?,x1,
1769088833.9647362,RECEIVED,4e75f5ee-b33f-4807-ae34-5fa023f85034,0f6c5703-db67-47db-a5ec-90c7f9f71dc9,c5,c4,1444,e12,?,
1769088833.9994283,SENT,a82bffee-53dd-4db6-8d9a-6baf3fca86ad,083b729e-464a-45a2-8279-6edf82fbfde7,c1,c3,1015,?,x6,
1769088833.9994678,FORWARDED,a82bffee-53dd-4db6-8d9a-6baf3fca86ad,083b729e-464a-45a2-8279-6edf82fbfde7,c1,c3,1015,?,x6,
1769088834.2429228,SENT,4e75f5ee-b33f-4807-ae34-5fa023f85034,0f6c5703-db67-47db-a5ec-90c7f9f71dc9,c5,c4,1010,?,x4,
1769088834.2429614,FORWARDED,4e75f5ee-b33f-4807-ae34-5fa023f85034,0f6c5703-db67-47db-a5ec-90c7f9f71dc9,c5,c4,1010,?,x4,
1769088834.305903,RECEIVED,60a1e94c-41fa-440c-8626-fe611e38a2c4,12939619-3267-455c-8360-d9c562708827,c1,c3,1457,e12,?,
1769088834.3509314,RECEIVED,582524f6-44cb-4189-8185-7a010f082132,70de49bd-de94-4710-b695-8d7b8e026dc2,c4,c1,1454,e2,?,
1769088834.389253,SENT,582524f6-44cb-4189-8185-7a010f082132,70de49bd-de94-4710-b695-8d7b8e026dc2,c4,c1,1015,?,x10,
1769088834.3892927,FORWARDED,582524f6-44cb-4189-8185-7a010f082132,70de49bd-de94-4710-b695-8d7b8e026dc2,c4,c1,1015,?,x10,
1769088834.391902,SENT,60a1e94c-41fa-440c-8626-fe611e38a2c4,12939619-3267-455c-8360-d9c562708827,c1,c3,1019,?,x12,
1769088834.3919382,FORWARDED,60a1e94c-41fa-440c-8626-fe611e38a2c4,12939619-3267-455c-8360-d9c562708827,c1,c3,1019,?,x12,
1769088834.5378935,RECEIVED,6dcdb9da-b82c-4526-920a-e986924579bc,4351b581-0963-448f-8b32-96cf14d3b3cf,c1,c3,1442,e4,?,
1769088834.5800178,RECEIVED,d83541e0-2c87-4f95-a813-aff1ec61bedd,0fe2d0bf-88d5-4a4f-b316-da10cc8aed7e,c2,DROP,445,x11,?,
1769088834.9845183,SENT,08589d4d-3701-43c3-8c3c-c4ab9cd3641e,185d7c16-663f-4e10-b2d3-d1f5789bf30a,c3,DROP,684,?,x7,
1769088834.9845583,FORWARDED,08589d4d-3701-43c3-8c3c-c4ab9cd3641e,185d7c16-663f-4e10-b2d3-d1f5789bf30a,c3,DROP,684,?,x7,
1769088835.0084438,RECEIVED,2b6b8ad7-9232-491f-ab77-f1fbe06c344e,ea375528-222a-498e-b59d-b00b6b575403,c2,c3,1443,e4,?,
1769088835.1564994,SENT,6dcdb9da-b82c-4526-920a-e986924579bc,4351b581-0963-448f-8b32-96cf14d3b3cf,c1,c3,1011,?,x7,
1769088835.1565387,FORWARDED,6dcdb9da-b82c-4526-920a-e986924579bc,4351b581-0963-448f-8b32-96cf14d3b3cf,c1,c3,1011,?,x7,
1769088835.1931155,RECEIVED,4d672b2d-1193-4245-86a8-dc9caad7e972,7422ca57-43b3-4bb7-847c-35925115bf9c,c1,c3,1451,e4,?,
1769088835.2269504,RECEIVED,2ab25069-8b04-4923-998e-28665d5f1f09,32ddfa4a-89be-482f-8477-d4ecad601f07,c3,c4,1451,e2,?,
1769088835.276018,SENT,2b6b8ad7-9232-491f-ab77-f1fbe06c344e,ea375528-222a-498e-b59d-b00b6b575403,c2,c3,1011,?,x4,
1769088835.2765267,FORWARDED,2b6b8ad7-9232-491f-ab77-f1fbe06c344e,ea375528-222a-498e-b59d-b00b6b575403,c2,c3,1011,?,x4,
1769088835.3235116,RECEIVED,80f5ce38-0984-454a-9b72-e1bb63aeb978,511711de-ef0b-4618-bc71-46fd462aac0f,c5,c4,1453,e9,?,
1769088835.3775897,SENT,80f5ce38-0984-454a-9b72-e1bb63aeb978,511711de-ef0b-4618-bc71-46fd462aac0f,c5,c4,1015,?,x9,
1769088835.3776295,FORWARDED,80f5ce38-0984-454a-9b72-e1bb63aeb978,511711de-ef0b-4618-bc71-46fd462aac0f,c5,c4,1015,?,x9,
1769088835.4143345,SENT,2ab25069-8b04-4923-998e-28665d5f1f09,32ddfa4a-89be-482f-8477-d4ecad601f07,c3,c4,1016,?,x8,
1769088835.4143734,FORWARDED,2ab25069-8b04-4923-998e-28665d5f1f09,32ddfa4a-89be-482f-8477-d4ecad601f07,c3,c4,1016,?,x8,
1769088835.5187967,RECEIVED,ffd544cc-e589-431a-a226-0104fbb5c38c,a8395a95-b079-4980-bc93-e8c9a69e99d4,c2,DROP,1007,e3,?,
1769088835.5354555,SENT,4d672b2d-1193-4245-86a8-dc9caad7e972,7422ca57-43b3-4bb7-847c-35925115bf9c,c1,c3,1015,?,x2,
1769088835.5354948,FORWARDED,4d672b2d-1193-4245-86a8-dc9caad7e972,7422ca57-43b3-4bb7-847c-35925115bf9c,c1,c3,1015,?,x2,
1769088835.6677787,RECEIVED,29b4de43-7265-4981-b168-5cf8f6ea67e8,c045e412-ad1e-4daf-a4ff-f99acdc66caf,c4,c1,1463,e11,?,
1769088835.6856217,RECEIVED,c63ade47-98b6-4d8e-9827-8f11432d260e,be89504c-4a1d-4e8b-b443-b838a1186814,c4,DROP,442,x10,?,
1769088835.7262173,RECEIVED,1841ced2-eae6-43f6-b23b-8458f0402da6,1007987c-891a-47c5-b36a-1227a094d9ec,c1,c3,1451,e8,?,
1769088835.9328752,RECEIVED,618a7e15-1e99-4582-b2e1-106cbfff4985,50622a44-931a-4fad-bb25-feeed6f61e21,c1,DROP,1013,e2,?,
1769088836.022943,RECEIVED,3210a47f-2c05-444b-ae2c-4b515c0509bf,99da2b07-f95f-4294-99b5-b387c5dad7e3,c2,c3,1455,e10,?,
1769088836.0468009,SENT,618a7e15-1e99-4582-b2e1-106cbfff4985,50622a44-931a-4fad-bb25-feeed6f61e21,c1,DROP,685,?,x12,
1769088836.0468454,FORWARDED,618a7e15-1e99-4582-b2e1-106cbfff4985,50622a44-931a-4fad-bb25-feeed6f61e21,c1,DROP,685,?,x12,
1769088836.071524,SENT,ffd544cc-e589-431a-a226-0104fbb5c38c,a8395a95-b079-4980-bc93-e8c9a69e99d4,c2,DROP,683,?,x3,
1769088836.071561,FORWARDED,ffd544cc-e589-431a-a226-0104fbb5c38c,a8395a95-b079-4980-bc93-e8c9a69e99d4,c2,DROP,683,?,x3,
1769088836.105334,RECEIVED,42a6209c-f6c1-419c-971d-1e223814f3d0,a323f36f-da8a-4d19-b3c8-2755f2bf7b8a,c5,c4,1452,e4,?,
1769088836.106207,RECEIVED,d185cbce-5397-4572-866f-6fd8da5940d7,60869c96-9dbf-4120-87b7-80e68f4fa9e1,c4,c1,1465,e12,?,
1769088836.119193,RECEIVED,5448f62f-2075-4928-bc23-cdd5de24362e,428bfbe1-85bb-4742-8176-68c845584c47,c1,c3,1452,e9,?,
1769088836.2457383,SENT,5448f62f-2075-4928-bc23-cdd5de24362e,428bfbe1-85bb-4742-8176-68c845584c47,c1,c3,1015,?,x8,
1769088836.2457788,FORWARDED,5448f62f-2075-4928-bc23-cdd5de24362e,428bfbe1-85bb-4742-8176-68c845584c47,c1,c3,1015,?,x8,
1769088836.2515824,RECEIVED,c80bd5c5-b3a5-4515-8ea3-babd2b60696e,ebba8721-0777-43d9-abb7-35467a257209,c3,c4,1456,e8,?,
1769088836.2992363,SENT,1841ced2-eae6-43f6-b23b-8458f0402da6,1007987c-891a-47c5-b36a-1227a094d9ec,c1,c3,1015,?,x3,
1769088836.2992764,FORWARDED,1841ced2-eae6-43f6-b23b-8458f0402da6,1007987c-891a-47c5-b36a-1227a094d9ec,c1,c3,1015,?,x3,
1769088836.3109124,SENT,42a6209c-f6c1-419c-971d-1e223814f3d0,a323f36f-da8a-4d19-b3c8-2755f2bf7b8a,c5,c4,1015,?,x5,
1769088836.3109527,FORWARDED,42a6209c-f6c1-419c-971d-1e223814f3d0,a323f36f-da8a-4d19-b3c8-2755f2bf7b8a,c5,c4,1015,?,x5,
1769088836.3882887,SENT,d185cbce-5397-4572-866f-6fd8da5940d7,60869c96-9dbf-4120-87b7-80e68f4fa9e1,c4,c1,1025,?,x11,
1769088836.3883297,FORWARDED,d185cbce-5397-4572-866f-6fd8da5940d7,60869c96-9dbf-4120-87b7-80e68f4fa9e1,c4,c1,1025,?,x11,
1769088836.8215716,SENT,c80bd5c5-b3a5-4515-8ea3-babd2b60696e,ebba8721-0777-43d9-abb7-35467a257209,c3,c4,1019,?,x11,
1769088836.8216097,FORWARDED,c80bd5c5-b3a5-4515-8ea3-babd2b60696e,ebba8721-0777-43d9-abb7-35467a257209,c3,c4,1019,?,x11,
1769088836.9501116,RECEIVED,d0147591-e7ed-4a13-8d30-ec3af545bbc4,5421372e-0794-4ab2-af72-a1b09abb968e,c2,DROP,1007,e1,?,
1769088836.9581392,SENT,3210a47f-2c05-444b-ae2c-4b515c0509bf,99da2b07-f95f-4294-99b5-b387c5dad7e3,c2,c3,1019,?,x6,
1769088836.9581735,FORWARDED,3210a47f-2c05-444b-ae2c-4b515c0509bf,99da2b07-f95f-4294-99b5-b387c5dad7e3,c2,c3,1019,?,x6,
1769088837.0809214,RECEIVED,8cb87865-f02a-4cab-8d24-be9e14acbfc7,fa958fdf-a812-40ec-b0e6-bc9540bf801b,c1,DROP,1020,e10,?,
1769088837.1528518,RECEIVED,2d80e849-ba06-4841-a1a3-baa92d05e679,f10c45ff-7501-49a9-9891-e9cfe67a8625,c5,c4,1443,e10,?,
1769088837.1970322,SENT,8cb87865-f02a-4cab-8d24-be9e14acbfc7,fa958fdf-a812-40ec-b0e6-bc9540bf801b,c1,DROP,693,?,x3,
1769088837.1970873,FORWARDED,8cb87865-f02a-4cab-8d24-be9e14acbfc7,fa958fdf-a812-40ec-b0e6-bc9540bf801b,c1,DROP,693,?,x3,
1769088837.2510893,RECEIVED,520d4a77-828e-4c89-9aad-64067a68aeaf,31e62c1e-a551-4413-96ac-dc730d9a8596,c5,DROP,441,x1,?,
1769088837.3248374,SENT,29b4de43-7265-4981-b168-5cf8f6ea67e8,c045e412-ad1e-4daf-a4ff-f99acdc66caf,c4,c1,1024,?,x2,
1769088837.3248775,FORWARDED,29b4de43-7265-4981-b168-5cf8f6ea67e8,c045e412-ad1e-4daf-a4ff-f99acdc66caf,c4,c1,1024,?,x2,
1769088837.740237,SENT,d0147591-e7ed-4a13-8d30-ec3af545bbc4,5421372e-0794-4ab2-af72-a1b09abb968e,c2,DROP,684,?,x8,
1769088837.7402775,FORWARDED,d0147591-e7ed-4a13-8d30-ec3af545bbc4,5421372e-0794-4ab2-af72-a1b09abb968e,c2,DROP,684,?,x8,
1769088837.7605653,SENT,2d80e849-ba06-4841-a1a3-baa92d05e679,f10c45ff-7501-49a9-9891-e9cfe67a8625,c5,c4,1011,?,x2,
1769088837.7606065,FORWARDED,2d80e849-ba06-4841-a1a3-baa92d05e679,f10c45ff-7501-49a9-9891-e9cfe67a8625,c5,c4,1011,?,x2,
1769088838.0627868,RECEIVED,326ec0fe-aecc-410c-a22b-bc80548e30ee,40c1a914-6718-4321-a752-581f8d64f0f8,c2,DROP,1012,e6,?,
1769088838.102205,RECEIVED,6cec70b5-d041-4551-aa3e-859b051eb3e9,65c6c642-d1a4-4819-8ec2-0e62ab46e4bc,c1,DROP,1016,e8,?,
1769088838.1657493,SENT,6cec70b5-d041-4551-aa3e-859b051eb3e9,65c6c642-d1a4-4819-8ec2-0e62ab46e4bc,c1,DROP,689,?,x4,
1769088838.165788,FORWARDED,6cec70b5-d041-4551-aa3e-859b051eb3e9,65c6c642-d1a4-4819-8ec2-0e62ab46e4bc,c1,DROP,689,?,x4,
1769088838.2185237,SENT,326ec0fe-aecc-410c-a22b-bc80548e30ee,40c1a914-6718-4321-a752-581f8d64f0f8,c2,DROP,685,?,x4,
1769088838.2185636,FORWARDED,326ec0fe-aecc-410c-a22b-bc80548e30ee,40c1a914-6718-4321-a752-581f8d64f0f8,c2,DROP,685,?,x4,
1769088838.512508,RECEIVED,8e6c3062-c7d1-4a17-af5b-89ea7b3b0b87,c8d4a5f7-6715-42b5-99a5-6f103d51317a,c4,DROP,1008,e8,?,
1769088838.562323,RECEIVED,71e622be-f546-4c32-8265-6f5f6df9d862,89e2c1d3-fd5e-4e27-ad4e-5483d3120ae0,c5,c4,1451,e4,?,
1769088838.6093404,RECEIVED,56844a52-5e50-4399-b799-f3913d41e440,d2e1a679-8a32-499f-a7cd-e1781fbc214b,c5,c4,1453,e6,?,
1769088838.6233008,SENT,56844a52-5e50-4399-b799-f3913d41e440,d2e1a679-8a32-499f-a7cd-e1781fbc214b,c5,c4,1015,?,x6,
1769088838.6233392,FORWARDED,56844a52-5e50-4399-b799-f3913d41e440,d2e1a679-8a32-499f-a7cd-e1781fbc214b,c5,c4,1015,?,x6,
1769088838.6387374,SENT,71e622be-f546-4c32-8265-6f5f6df9d862,89e2c1d3-fd5e-4e27-ad4e-5483d3120ae0,c5,c4,1015,?,x2,
1769088838.6387782,FORWARDED,71e622be-f546-4c32-8265-6f5f6df9d862,89e2c1d3-fd5e-4e27-ad4e-5483d3120ae0,c5,c4,1015,?,x2,
1769088838.6778595,SENT,8e6c3062-c7d1-4a17-af5b-89ea7b3b0b87,c8d4a5f7-6715-42b5-99a5-6f103d51317a,c4,DROP,682,?,x3,
1769088838.6778998,FORWARDED,8e6c3062-c7d1-4a17-af5b-89ea7b3b0b87,c8d4a5f7-6715-42b5-99a5-6f103d51317a,c4,DROP,682,?,x3,
1769088838.7928255,RECEIVED,7c1fa3d6-cc82-4995-a18b-958cd1b19ce9,66d7f092-a6e6-4316-ad09-1dbcb0e671f2,c1,c3,1456,e7,?,
1769088839.3502414,SENT,7c1fa3d6-cc82-4995-a18b-958cd1b19ce9,66d7f092-a6e6-4316-ad09-1dbcb0e671f2,c1,c3,1020,?,x10,
1769088839.3502817,FORWARDED,7c1fa3d6-cc82-4995-a18b-958cd1b19ce9,66d7f092-a6e6-4316-ad09-1dbcb0e671f2,c1,c3,1020,?,x10,
1769088839.3514836,RECEIVED,b02a83e0-e76d-444b-978f-449ae36f4e0d,104eca2f-463c-47fb-a6f1-854c63510efb,c3,c4,1460,e11,?,
1769088839.533477,SENT,b02a83e0-e76d-444b-978f-449ae36f4e0d,104eca2f-463c-47fb-a6f1-854c63510efb,c3,c4,1023,?,x2,
1769088839.5335135,FORWARDED,b02a83e0-e76d-444b-978f-449ae36f4e0d,104eca2f-463c-47fb-a6f1-854c63510efb,c3,c4,1023,?,x2,
1769088839.650402,RECEIVED,2b3569ab-6648-414d-a27c-be1d4f286fcf,f65c54aa-93b8-4be5-9bb0-cd85c66015ab,c4,c1,1451,e7,?,
1769088839.9463646,RECEIVED,5a174341-1088-4def-8e85-178cd31e6652,257c07bb-49de-4ffb-955f-54b74997228c,c1,c3,1452,e11,?,
1769088840.0717778,RECEIVED,91986d36-eed8-446d-923c-4c2989e079f6,2b4eb70b-50b5-472a-9530-bdff792ed7c1,c4,c1,1443,e3,?,
1769088840.2127435,SENT,5a174341-1088-4def-8e85-178cd31e6652,257c07bb-49de-4ffb-955f-54b74997228c,c1,c3,1016,?,x1,
1769088840.2128553,FORWARDED,5a174341-1088-4def-8e85-178cd31e6652,257c07bb-49de-4ffb-955f-54b74997228c,c1,c3,1016,?,x1,
1769088840.2874653,SENT,2b3569ab-6648-414d-a27c-be1d4f286fcf,f65c54aa-93b8-4be5-9bb0-cd85c66015ab,c4,c1,1016,?,x9,
1769088840.287499,FORWARDED,2b3569ab-6648-414d-a27c-be1d4f286fcf,f65c54aa-93b8-4be5-9bb0-cd85c66015ab,c4,c1,1016,?,x9,
1769088840.3623612,RECEIVED,f3f247b9-f00a-4aa3-a7d9-4350e56a71f2,80067df7-45e7-44f1-9b82-982223245f69,c1,DROP,441,x4,?,
1769088840.641707,RECEIVED,76fd3953-bc76-47db-9970-58c1fd0b24fb,13361229-4010-44fb-8579-93d3f769d366,c2,DROP,1008,e1,?,
1769088840.7424788,RECEIVED,595ef59e-925a-4482-ac2b-40cb2e6b7057,fd53c4bc-4385-447b-8331-daf7b16e12c5,c2,c3,1451,e11,?,
1769088840.7849996,RECEIVED,d3a1fb92-daa7-46f8-a1d2-f1da8856dee5,4a2c6f20-758f-42c1-a444-f8ccbb21d6ff,c5,DROP,442,x6,?,
1769088840.8134458,SENT,76fd3953-bc76-47db-9970-58c1fd0b24fb,13361229-4010-44fb-8579-93d3f769d366,c2,DROP,684,?,x5,
1769088840.8134832,FORWARDED,76fd3953-bc76-47db-9970-58c1fd0b24fb,13361229-4010-44fb-8579-93d3f769d366,c2,DROP,684,?,x5,
1769088841.1157773,RECEIVED,8cb10a4c-60f4-4162-b405-9abbc3a010a1,d046351f-e27e-4c76-b80c-dfa4ec1d2fbb,c3,c4,1457,e8,?,
1769088841.197121,SENT,8cb10a4c-60f4-4162-b405-9abbc3a010a1,d046351f-e27e-4c76-b80c-dfa4ec1d2fbb,c3,c4,1020,?,x11,
1769088841.1971736,FORWARDED,8cb10a4c-60f4-4162-b405-9abbc3a010a1,d046351f-e27e-4c76-b80c-dfa4ec1d2fbb,c3,c4,1020,?,x11,
1769088841.2001328,RECEIVED,befc2949-6600-41fc-b319-fe7e84da8723,a83f3848-1afb-4160-b721-c0d891e2a8cb,c5,DROP,441,x2,?,
1769088841.2135024,RECEIVED,dc40a4bc-3ec8-4d43-910d-ea994ac94c17,a788d0c5-4df4-4c2e-b211-a78e1f4c8d9d,c5,c4,1444,e9,?,
1769088841.2605047,RECEIVED,a7fd24ad-1261-46af-9e91-f5bf8bfac126,31971b43-bea8-4ce9-98bd-fd64e5d7b987,c5,DROP,1017,e4,?,
1769088841.3336158,RECEIVED,f3a9c886-3e59-4e62-9be5-8bbc934a085b,aabd03f6-4a26-4f93-8c84-387224d0c755,c5,c4,1443,e3,?,
1769088841.3967178,SENT,dc40a4bc-3ec8-4d43-910d-ea994ac94c17,a788d0c5-4df4-4c2e-b211-a78e1f4c8d9d,c5,c4,1011,?,x5,
1769088841.3967555,FORWARDED,dc40a4bc-3ec8-4d43-910d-ea994ac94c17,a788d0c5-4df4-4c2e-b211-a78e1f4c8d9d,c5,c4,1011,?,x5,
1769088841.4167323,RECEIVED,38391cee-ad95-41b2-a11c-9dc5122733cc,65724b40-a161-4391-8081-5bbb01de6a0b,c1,DROP,1008,e6,?,
1769088841.4615166,SENT,a7fd24ad-1261-46af-9e91-f5bf8bfac126,31971b43-bea8-4ce9-98bd-fd64e5d7b987,c5,DROP,688,?,x11,
1769088841.461557,FORWARDED,a7fd24ad-1261-46af-9e91-f5bf8bfac126,31971b43-bea8-4ce9-98bd-fd64e5d7b987,c5,DROP,688,?,x11,
1769088841.7187977,SENT,38391cee-ad95-41b2-a11c-9dc5122733cc,65724b40-a161-4391-8081-5bbb01de6a0b,c1,DROP,683,?,x9,
1769088841.7188382,FORWARDED,38391cee-ad95-41b2-a11c-9dc5122733cc,65724b40-a161-4391-8081-5bbb01de6a0b,c1,DROP,683,?,x9,
1769088841.7446494,SENT,91986d36-eed8-446d-923c-4c2989e079f6,2b4eb70b-50b5-472a-9530-bdff792ed7c1,c4,c1,1010,?,x2,
1769088841.7446923,FORWARDED,91986d36-eed8-446d-923c-4c2989e079f6,2b4eb70b-50b5-472a-9530-bdff792ed7c1,c4,c1,1010,?,x2,
1769088841.9804442,SENT,f3a9c886-3e59-4e62-9be5-8bbc934a085b,aabd03f6-4a26-4f93-8c84-387224d0c755,c5,c4,1011,?,x4,
1769088841.9804823,FORWARDED,f3a9c886-3e59-4e62-9be5-8bbc934a085b,aabd03f6-4a26-4f93-8c84-387224d0c755,c5,c4,1011,?,x4,
1769088842.2405438,RECEIVED,ce2ab7a9-c84a-4d71-a5dd-f66ca736fc22,a05ee231-bf27-4ef4-a347-866463acea7f,c2,DROP,1008,e3,?,
1769088842.5061197,RECEIVED,66a43d5a-9e1c-40eb-98ed-5102754cfc89,3e7882a6-2351-4017-83e6-c56ee4f2395c,c1,DROP,1019,e3,?,
1769088842.655585,RECEIVED,8e62519a-0741-4393-86a8-f7df6839d93a,033b2bdd-dd5d-4bbb-91ca-db077c6ef61b,c3,DROP,1008,e11,?,
1769088842.7588818,SENT,66a43d5a-9e1c-40eb-98ed-5102754cfc89,3e7882a6-2351-4017-83e6-c56ee4f2395c,c1,DROP,693,?,x12,
1769088842.758922,FORWARDED,66a43d5a-9e1c-40eb-98ed-5102754cfc89,3e7882a6-2351-4017-83e6-c56ee4f2395c,c1,DROP,693,?,x12,
1769088842.7740247,SENT,8e62519a-0741-4393-86a8-f7df6839d93a,033b2bdd-dd5d-4bbb-91ca-db077c6ef61b,c3,DROP,683,?,x7,
1769088842.7740765,FORWARDED,8e62519a-0741-4393-86a8-f7df6839d93a,033b2bdd-dd5d-4bbb-91ca-db077c6ef61b,c3,DROP,683,?,x7,
1769088842.8291557,RECEIVED,10d1697f-20b0-4d81-974a-62fa72264572,44f1a96a-2c25-402a-bb7b-3332aea0b906,c4,DROP,1009,e1,?,
1769088842.836354,RECEIVED,33354681-b2e0-4efa-82b5-8510ed056389,716210ba-31bd-49f1-bd1f-3b1e758ac356,c3,c4,1451,e7,?,
1769088842.8751066,SENT,10d1697f-20b0-4d81-974a-62fa72264572,44f1a96a-2c25-402a-bb7b-3332aea0b906,c4,DROP,684,?,x7,
1769088842.8751447,FORWARDED,10d1697f-20b0-4d81-974a-62fa72264572,44f1a96a-2c25-402a-bb7b-3332aea0b906,c4,DROP,684,?,x7,
1769088843.1731815,SENT,595ef59e-925a-4482-ac2b-40cb2e6b7057,fd53c4bc-4385-447b-8331-daf7b16e12c5,c2,c3,1015,?,x7,
1769088843.1732223,FORWARDED,595ef59e-925a-4482-ac2b-40cb2e6b7057,fd53c4bc-4385-447b-8331-daf7b16e12c5,c2,c3,1015,?,x7,
1769088843.202323,SENT,33354681-b2e0-4efa-82b5-8510ed056389,716210ba-31bd-49f1-bd1f-3b1e758ac356,c3,c4,1015,?,x2,
1769088843.2023609,FORWARDED,33354681-b2e0-4efa-82b5-8510ed056389,716210ba-31bd-49f1-bd1f-3b1e758ac356,c3,c4,1015,?,x2,
1769088843.32369,RECEIVED,230bdb5d-8695-4645-ab18-6f3fcf6d7359,a7fc2d91-c686-48fd-a74b-baf5ebf3f226,c5,DROP,1008,e4,?,
1769088843.3970308,RECEIVED,69b3d096-d6fd-4317-bbce-98ce892fff8e,927a99db-5c18-4ec4-816e-81577790f557,c1,DROP,442,x5,?,
1769088843.4075172,SENT,230bdb5d-8695-4645-ab18-6f3fcf6d7359,a7fc2d91-c686-48fd-a74b-baf5ebf3f226,c5,DROP,682,?,x3,
1769088843.4075575,FORWARDED,230bdb5d-8695-4645-ab18-6f3fcf6d7359,a7fc2d91-c686-48fd-a74b-baf5ebf3f226,c5,DROP,682,?,x3,
1769088843.488781,RECEIVED,ecae6650-f596-4f7a-9c7d-e40ef1f04fe5,c4948d28-d322-4e58-8fd3-0cbcfc547536,c5,DROP,1007,e9,?,
1769088843.5233436,RECEIVED,b61cd0b2-f60e-4012-a3aa-b9cee7b3f4c6,80d3146c-6886-40eb-91e2-e85f2f20df65,c2,DROP,446,x11,?,
1769088843.6813731,SENT,ecae6650-f596-4f7a-9c7d-e40ef1f04fe5,c4948d28-d322-4e58-8fd3-0cbcfc547536,c5,DROP,684,?,x2,
1769088843.6814134,FORWARDED,ecae6650-f596-4f7a-9c7d-e40ef1f04fe5,c4948d28-d322-4e58-8fd3-0cbcfc547536,c5,DROP,684,?,x2,
1769088843.734188,SENT,ce2ab7a9-c84a-4d71-a5dd-f66ca736fc22,a05ee231-bf27-4ef4-a347-866463acea7f,c2,DROP,683,?,x11,
1769088843.7342284,FORWARDED,ce2ab7a9-c84a-4d71-a5dd-f66ca736fc22,a05ee231-bf27-4ef4-a347-866463acea7f,c2,DROP,683,?,x11,
1769088843.7363322,RECEIVED,a727d7cc-c018-46f4-a854-b7ef5ce0daf3,1ac9880a-94b0-4496-94ab-6dd5cf6da774,c3,c4,1447,e12,?,
1769088844.242193,RECEIVED,5b6e02f3-2e40-453e-91c0-784bbc97eb43,8c6a2950-9dba-456f-b672-7383785334d8,c5,DROP,1019,e11,?,
1769088845.2694662,SENT,5b6e02f3-2e40-453e-91c0-784bbc97eb43,8c6a2950-9dba-456f-b672-7383785334d8,c5,DROP,692,?,x6,
1769088845.2695072,FORWARDED,5b6e02f3-2e40-453e-91c0-784bbc97eb43,8c6a2950-9dba-456f-b672-7383785334d8,c5,DROP,692,?,x6,
1769088845.286562,RECEIVED,955de456-adb5-4f5a-b30c-dce4c18438f2,fcce7bcd-7428-4f01-a814-2620a444d2f6,c3,c4,1444,e1,?,
1769088845.4299064,SENT,955de456-adb5-4f5a-b30c-dce4c18438f2,fcce7bcd-7428-4f01-a814-2620a444d2f6,c3,c4,1011,?,x9,
1769088845.4299428,FORWARDED,955de456-adb5-4f5a-b30c-dce4c18438f2,fcce7bcd-7428-4f01-a814-2620a444d2f6,c3,c4,1011,?,x9,
1769088845.4828703,RECEIVED,bb2e1243-88f1-45b7-9f42-ab551e7a675b,fe5d4f43-64d1-4a0e-86dd-3c22458110a2,c4,DROP,1019,e10,?,
1769088845.5996554,RECEIVED,551e3093-db67-4342-a3fd-f5a349bba6a5,97ea1036-4792-41ac-a3b9-aeac3999c2bf,c5,c4,1456,e2,?,
1769088845.7964976,RECEIVED,f2985e8f-df30-42e6-9b94-2e7d41054151,876105ad-cc8e-4b10-8823-a24d8f205a08,c1,DROP,1009,e4,?,
1769088845.7974489,SENT,a727d7cc-c018-46f4-a854-b7ef5ce0daf3,1ac9880a-94b0-4496-94ab-6dd5cf6da774,c3,c4,1012,?,x6,
1769088845.797486,FORWARDED,a727d7cc-c018-46f4-a854-b7ef5ce0daf3,1ac9880a-94b0-4496-94ab-6dd5cf6da774,c3,c4,1012,?,x6,
1769088845.917783,RECEIVED,fdab563c-cefd-48d0-9026-bf10153b9c93,4ecf7cd6-e39e-48bb-83a8-717e0e4ffa40,c4,DROP,1008,e6,?,
1769088845.9538064,SENT,551e3093-db67-4342-a3fd-f5a349bba6a5,97ea1036-4792-41ac-a3b9-aeac3999c2bf,c5,c4,1020,?,x1,
1769088845.953847,FORWARDED,551e3093-db67-4342-a3fd-f5a349bba6a5,97ea1036-4792-41ac-a3b9-aeac3999c2bf,c5,c4,1020,?,x1,
1769088845.9760954,SENT,fdab563c-cefd-48d0-9026-bf10153b9c93,4ecf7cd6-e39e-48bb-83a8-717e0e4ffa40,c4,DROP,684,?,x8,
1769088845.9761362,FORWARDED,fdab563c-cefd-48d0-9026-bf10153b9c93,4ecf7cd6-e39e-48bb-83a8-717e0e4ffa40,c4,DROP,684,?,x8,
1769088845.97752,RECEIVED,3e984585-8a96-45a0-bfcf-5bd4d74a4abb,d0fe6c87-88bc-49c2-8055-e6191bf16297,c1,c3,1448,e5,?,
1769088845.996687,RECEIVED,7634d5f8-7495-4c23-a5be-8bf37353173f,fd5dcf8a-ca14-48f8-bf6b-0cd0607ed12e,c3,DROP,1008,e8,?,
1769088846.0061655,SENT,bb2e1243-88f1-45b7-9f42-ab551e7a675b,fe5d4f43-64d1-4a0e-86dd-3c22458110a2,c4,DROP,691,?,x6,
1769088846.0062466,FORWARDED,bb2e1243-88f1-45b7-9f42-ab551e7a675b,fe5d4f43-64d1-4a0e-86dd-3c22458110a2,c4,DROP,691,?,x6,
1769088846.0106764,SENT,f2985e8f-df30-42e6-9b94-2e7d41054151,876105ad-cc8e-4b10-8823-a24d8f205a08,c1,DROP,684,?,x12,
1769088846.0107164,FORWARDED,f2985e8f-df30-42e6-9b94-2e7d41054151,876105ad-cc8e-4b10-8823-a24d8f205a08,c1,DROP,684,?,x12,
1769088846.0760376,SENT,3e984585-8a96-45a0-bfcf-5bd4d74a4abb,d0fe6c87-88bc-49c2-8055-e6191bf16297,c1,c3,1012,?,x9,
1769088846.0760865,FORWARDED,3e984585-8a96-45a0-bfcf-5bd4d74a4abb,d0fe6c87-88bc-49c2-8055-e6191bf16297,c1,c3,1012,?,x9,
1769088846.113789,SENT,7634d5f8-7495-4c23-a5be-8bf37353173f,fd5dcf8a-ca14-48f8-bf6b-0cd0607ed12e,c3,DROP,684,?,x3,
1769088846.113829,FORWARDED,7634d5f8-7495-4c23-a5be-8bf37353173f,fd5dcf8a-ca14-48f8-bf6b-0cd0607ed12e,c3,DROP,684,?,x3,
1769088846.4203978,RECEIVED,178ee54c-55e4-4a03-8884-f7334ec43ebf,0dfc6fb9-c77c-46b6-980a-2cceb29b7210,c4,c1,1448,e6,?,
1769088846.522298,RECEIVED,81fff627-eed2-433c-8c2d-067dcc1974e8,049b0b4b-bf3a-463c-aa8e-c726427a0dd4,c5,c4,1444,e1,?,
1769088846.5324178,RECEIVED,82f0a89a-2702-478f-92a1-c8cacc8c3b0f,387d5758-820f-49a6-97d7-e9d755f8b72e,c4,c1,1444,e9,?,
1769088846.5579898,RECEIVED,79e5e6d5-5ab6-4dfe-a88b-5955632cdf11,de1a8b96-07a2-4ad7-9d08-4a708a911c23,c1,c3,1451,e4,?,
1769088846.6407437,RECEIVED,1958dac1-774e-407c-ad84-0eae69357efb,36f20789-00cd-414c-98f3-2b12e911268f,c2,c3,1440,e9,?,
1769088846.6653745,SENT,82f0a89a-2702-478f-92a1-c8cacc8c3b0f,387d5758-820f-49a6-97d7-e9d755f8b72e,c4,c1,1010,?,x1,
1769088846.665413,FORWARDED,82f0a89a-2702-478f-92a1-c8cacc8c3b0f,387d5758-820f-49a6-97d7-e9d755f8b72e,c4,c1,1010,?,x1,
1769088846.6743104,RECEIVED,4eef0a38-e041-4a71-b179-996e1dc8b3a0,e873bef9-22d9-41f7-a8df-d3939686a400,c3,DROP,1009,e5,?,
1769088846.6869774,RECEIVED,442b9f19-3597-497a-8ed0-a9c9d69fa411,e6c4938b-6870-40ad-b9d4-ecdabb30a933,c5,DROP,1007,e9,?,
1769088846.6873155,SENT,178ee54c-55e4-4a03-8884-f7334ec43ebf,0dfc6fb9-c77c-46b6-980a-2cceb29b7210,c4,c1,1012,?,x9,
1769088846.6873496,FORWARDED,178ee54c-55e4-4a03-8884-f7334ec43ebf,0dfc6fb9-c77c-46b6-980a-2cceb29b7210,c4,c1,1012,?,x9,
1769088846.723938,SENT,4eef0a38-e041-4a71-b179-996e1dc8b3a0,e873bef9-22d9-41f7-a8df-d3939686a400,c3,DROP,683,?,x11,
1769088846.7239788,FORWARDED,4eef0a38-e041-4a71-b179-996e1dc8b3a0,e873bef9-22d9-41f7-a8df-d3939686a400,c3,DROP,683,?,x11,
1769088846.8164773,SENT,1958dac1-774e-407c-ad84-0eae69357efb,36f20789-00cd-414c-98f3-2b12e911268f,c2,c3,1007,?,x11,
1769088846.8165102,FORWARDED,1958dac1-774e-407c-ad84-0eae69357efb,36f20789-00cd-414c-98f3-2b12e911268f,c2,c3,1007,?,x11,
1769088847.1766078,RECEIVED,db7b3daf-6fd3-4864-8317-9ad3b44580f7,5117bca5-b369-4ef0-a7ec-b907fb7f8c9a,c3,c4,1460,e8,?,
1769088847.2240353,SENT,81fff627-eed2-433c-8c2d-067dcc1974e8,049b0b4b-bf3a-463c-aa8e-c726427a0dd4,c5,c4,1011,?,x12,
1769088847.224094,FORWARDED,81fff627-eed2-433c-8c2d-067dcc1974e8,049b0b4b-bf3a-463c-aa8e-c726427a0dd4,c5,c4,1011,?,x12,
1769088847.4626596,SENT,79e5e6d5-5ab6-4dfe-a88b-5955632cdf11,de1a8b96-07a2-4ad7-9d08-4a708a911c23,c1,c3,1016,?,x9,
1769088847.4626985,FORWARDED,79e5e6d5-5ab6-4dfe-a88b-5955632cdf11,de1a8b96-07a2-4ad7-9d08-4a708a911c23,c1,c3,1016,?,x9,
1769088847.5123193,SENT,442b9f19-3597-497a-8ed0-a9c9d69fa411,e6c4938b-6870-40ad-b9d4-ecdabb30a933,c5,DROP,683,?,x1,
1769088847.512353,FORWARDED,442b9f19-3597-497a-8ed0-a9c9d69fa411,e6c4938b-6870-40ad-b9d4-ecdabb30a933,c5,DROP,683,?,x1,
1769088847.5927455,RECEIVED,f0e17f8f-7c6a-4ed1-8e63-6b9ff46d6714,79128b1c-400e-4e22-8113-8b218a8152fc,c4,DROP,441,x3,?,
1769088847.5952284,RECEIVED,31ee39f0-a932-4347-a79d-766cbd1dd22f,1c31ecd9-d6eb-4421-ba9e-0ed9081e5e39,c1,DROP,439,x11,?,
1769088847.6753685,RECEIVED,46dafdad-b625-4772-a920-fb8621056761,8647802d-7b35-4dff-a0d3-8f2cf297d028,c3,DROP,1008,e1,?,
1769088847.9691322,SENT,db7b3daf-6fd3-4864-8317-9ad3b44580f7,5117bca5-b369-4ef0-a7ec-b907fb7f8c9a,c3,c4,1023,?,x10,
1769088847.9691849,FORWARDED,db7b3daf-6fd3-4864-8317-9ad3b44580f7,5117bca5-b369-4ef0-a7ec-b907fb7f8c9a,c3,c4,1023,?,x10,
1769088848.1767416,RECEIVED,d672bb00-ce13-414f-ad55-0c8f45e7a721,716796bc-66cc-4a02-a087-6b5325d9754d,c3,c4,1451,e9,?,
1769088848.3856637,RECEIVED,f5b6391e-0f34-4c22-afe3-6bd8672b955e,1ef9ef2f-b7f7-486f-937d-960e66216c43,c3,c4,1455,e8,?,
1769088848.497409,RECEIVED,e1010ec6-71f9-4632-877c-80921c8b63ca,6a5ae4d3-1690-4c10-9cfc-9f8e68007237,c5,c4,1457,e8,?,
1769088848.571269,RECEIVED,b3678ca6-c45b-40a2-81b7-ab458d48865d,ea753a90-2a5f-47cb-85c8-ba847852aac7,c1,DROP,442,x10,?,
1769088848.7367105,SENT,46dafdad-b625-4772-a920-fb8621056761,8647802d-7b35-4dff-a0d3-8f2cf297d028,c3,DROP,683,?,x10,
1769088848.736748,FORWARDED,46dafdad-b625-4772-a920-fb8621056761,8647802d-7b35-4dff-a0d3-8f2cf297d028,c3,DROP,683,?,x10,
1769088848.8471613,SENT,e1010ec6-71f9-4632-877c-80921c8b63ca,6a5ae4d3-1690-4c10-9cfc-9f8e68007237,c5,c4,1020,?,x11,
1769088848.8472002,FORWARDED,e1010ec6-71f9-4632-877c-80921c8b63ca,6a5ae4d3-1690-4c10-9cfc-9f8e68007237,c5,c4,1020,?,x11,
1769088848.9042869,SENT,f5b6391e-0f34-4c22-afe3-6bd8672b955e,1ef9ef2f-b7f7-486f-937d-960e66216c43,c3,c4,1019,?,x5,
1769088848.9043381,FORWARDED,f5b6391e-0f34-4c22-afe3-6bd8672b955e,1ef9ef2f-b7f7-486f-937d-960e66216c43,c3,c4,1019,?,x5,
1769088848.9561648,SENT,d672bb00-ce13-414f-ad55-0c8f45e7a721,716796bc-66cc-4a02-a087-6b5325d9754d,c3,c4,1016,?,x2,
1769088848.9562063,FORWARDED,d672bb00-ce13-414f-ad55-0c8f45e7a721,716796bc-66cc-4a02-a087-6b5325d9754d,c3,c4,1016,?,x2,
1769088849.1612985,RECEIVED,433831c6-0ebf-4b39-9433-1b336729d13b,17e17e8c-2963-43ec-bf35-a6f690a3ce65,c1,DROP,1012,e8,?,
1769088849.4311569,SENT,433831c6-0ebf-4b39-9433-1b336729d13b,17e17e8c-2963-43ec-bf35-a6f690a3ce65,c1,DROP,685,?,x9,
1769088849.4311926,FORWARDED,433831c6-0ebf-4b39-9433-1b336729d13b,17e17e8c-2963-43ec-bf35-a6f690a3ce65,c1,DROP,685,?,x9,
1769088849.8213117,RECEIVED,5e066aa3-9ad5-42e4-9639-8bef7380226d,b9daacc1-1042-445e-8fdd-b391be5710ae,c5,c4,1452,e5,?,
1769088849.8559778,RECEIVED,a70c0b13-9cf5-468c-9c45-68be7663fe18,633f16ea-58c9-4fc9-a476-b53a58f31c4e,c4,c1,1442,e7,?,
1769088849.8703592,SENT,5e066aa3-9ad5-42e4-9639-8bef7380226d,b9daacc1-1042-445e-8fdd-b391be5710ae,c5,c4,1015,?,x8,
1769088849.8703997,FORWARDED,5e066aa3-9ad5-42e4-9639-8bef7380226d,b9daacc1-1042-445e-8fdd-b391be5710ae,c5,c4,1015,?,x8,
1769088850.500023,RECEIVED,2b0348b1-b8e7-4f42-a4b2-2d7856e63334,296840b0-154a-4d2d-9191-84a09c45a721,c1,DROP,1008,e5,?,
1769088850.5857832,SENT,2b0348b1-b8e7-4f42-a4b2-2d7856e63334,296840b0-154a-4d2d-9191-84a09c45a721,c1,DROP,683,?,x3,
1769088850.5858219,FORWARDED,2b0348b1-b8e7-4f42-a4b2-2d7856e63334,296840b0-154a-4d2d-9191-84a09c45a721,c1,DROP,683,?,x3,
1769088850.6092367,RECEIVED,ac78ba45-8e8c-4079-81cc-876420f72da1,9178f39b-53b7-4771-812f-2b76aa8b48ad,c1,DROP,1008,e12,?,
1769088850.9054239,SENT,ac78ba45-8e8c-4079-81cc-876420f72da1,9178f39b-53b7-4771-812f-2b76aa8b48ad,c1,DROP,683,?,x6,
1769088850.9054632,FORWARDED,ac78ba45-8e8c-4079-81cc-876420f72da1,9178f39b-53b7-4771-812f-2b76aa8b48ad,c1,DROP,683,?,x6,
1769088851.4863312,SENT,a70c0b13-9cf5-468c-9c45-68be7663fe18,633f16ea-58c9-4fc9-a476-b53a58f31c4e,c4,c1,1011,?,x4,
1769088851.4863665,FORWARDED,a70c0b13-9cf5-468c-9c45-68be7663fe18,633f16ea-58c9-4fc9-a476-b53a58f31c4e,c4,c1,1011,?,x4,
1769088851.6612222,RECEIVED,814577bc-f75f-4ab8-80dc-ee507f93c95f,5a9f6248-98db-4ce5-954d-217cdf5cfcc3,c4,DROP,442,x3,?,
1769088852.0237312,RECEIVED,305bd665-d9e6-4e0a-ac69-a018122d17d5,97667321-3836-4f8a-a671-2a274538ca3f,c4,c1,1456,e9,?,
1769088852.3070827,RECEIVED,662ef2ec-baed-47a0-862e-614aa705b427,730a5bbb-baba-4e49-81db-ed66c3c9b592,c1,DROP,1011,e4,?,
1769088852.3095767,RECEIVED,04b8219f-7650-4276-a561-b38a9325a77c,e4b7d39c-983f-44d8-a577-4fb4ea0b9441,c4,DROP,441,x5,?,
1769088852.3164086,RECEIVED,9a715243-aac6-405c-b3e5-799502c3f75c,8095395c-149a-443e-ba25-69934bdf37a0,c2,c3,1443,e2,?,
1769088852.400776,RECEIVED,cbd27395-473c-4456-8dfb-182c41250c37,833ad440-f47a-4f85-b122-87b80be952b7,c2,c3,1444,e11,?,
1769088852.5626225,SENT,cbd27395-473c-4456-8dfb-182c41250c37,833ad440-f47a-4f85-b122-87b80be952b7,c2,c3,1011,?,x8,
1769088852.562662,FORWARDED,cbd27395-473c-4456-8dfb-182c41250c37,833ad440-f47a-4f85-b122-87b80be952b7,c2,c3,1011,?,x8,
1769088852.6454976,SENT,662ef2ec-baed-47a0-862e-614aa705b427,730a5bbb-baba-4e49-81db-ed66c3c9b592,c1,DROP,685,?,x4,
1769088852.6455393,FORWARDED,662ef2ec-baed-47a0-862e-614aa705b427,730a5bbb-baba-4e49-81db-ed66c3c9b592,c1,DROP,685,?,x4,
1769088852.6633904,RECEIVED,0be52560-ac01-4899-81f9-ad626e94a063,1e2ce756-047e-45df-a785-046dd6dae900,c2,c3,1447,e10,?,
1769088852.6891685,SENT,305bd665-d9e6-4e0a-ac69-a018122d17d5,97667321-3836-4f8a-a671-2a274538ca3f,c4,c1,1020,?,x12,
1769088852.6892085,FORWARDED,305bd665-d9e6-4e0a-ac69-a018122d17d5,97667321-3836-4f8a-a671-2a274538ca3f,c4,c1,1020,?,x12,
1769088852.7261336,SENT,0be52560-ac01-4899-81f9-ad626e94a063,1e2ce756-047e-45df-a785-046dd6dae900,c2,c3,1013,?,x7,
1769088852.7261689,FORWARDED,0be52560-ac01-4899-81f9-ad626e94a063,1e2ce756-047e-45df-a785-046dd6dae900,c2,c3,1013,?,x7,
1769088852.8211715,SENT,9a715243-aac6-405c-b3e5-799502c3f75c,8095395c-149a-443e-ba25-69934bdf37a0,c2,c3,1009,?,x2,
1769088852.8212206,FORWARDED,9a715243-aac6-405c-b3e5-799502c3f75c,8095395c-149a-443e-ba25-69934bdf37a0,c2,c3,1009,?,x2,
1769088853.490705,RECEIVED,28f5ee88-9d38-4064-81f8-9756b5fb273c,e4eb8f31-b457-4521-8a60-7d8290e5c8f9,c4,c1,1448,e5,?,
1769088853.619247,RECEIVED,27003fa7-b9e4-4174-8788-e0d0c6a15f50,e45999d3-fb95-4194-afbf-fb5577d1d04a,c4,DROP,446,x2,?,
1769088853.9962955,SENT,28f5ee88-9d38-4064-81f8-9756b5fb273c,e4eb8f31-b457-4521-8a60-7d8290e5c8f9,c4,c1,1012,?,x7,
1769088853.9964025,FORWARDED,28f5ee88-9d38-4064-81f8-9756b5fb273c,e4eb8f31-b457-4521-8a60-7d8290e5c8f9,c4,c1,1012,?,x7,
1769088854.2053118,RECEIVED,32e3b14a-6d5e-43de-845b-939f13e9a223,ca360e96-1c69-49b5-86c9-cad4eb46d2e6,c2,DROP,1015,e10,?,
1769088854.2734687,RECEIVED,412d7092-697f-4994-9ccc-d86c93c0ed27,7b1ca820-19bf-4f03-8032-c6514dff99c7,c2,c3,1456,e10,?,
1769088854.3065374,RECEIVED,d09bbb3c-0ff7-4c45-81aa-d86c07cfa5e5,1ec2d7a3-39b2-4766-b1e3-685f151772ee,c5,DROP,1008,e9,?,
1769088854.3385046,SENT,d09bbb3c-0ff7-4c45-81aa-d86c07cfa5e5,1ec2d7a3-39b2-4766-b1e3-685f151772ee,c5,DROP,683,?,x4,
1769088854.3385434,FORWARDED,d09bbb3c-0ff7-4c45-81aa-d86c07cfa5e5,1ec2d7a3-39b2-4766-b1e3-685f151772ee,c5,DROP,683,?,x4,
1769088854.383374,RECEIVED,06f39d04-f720-4d0a-89b3-16ed91b571de,b3913dfe-33a8-43f6-81e9-d014c9e7d155,c2,DROP,1016,e12,?,
1769088854.3884275,SENT,32e3b14a-6d5e-43de-845b-939f13e9a223,ca360e96-1c69-49b5-86c9-cad4eb46d2e6,c2,DROP,688,?,x1,
1769088854.3884678,FORWARDED,32e3b14a-6d5e-43de-845b-939f13e9a223,ca360e96-1c69-49b5-86c9-cad4eb46d2e6,c2,DROP,688,?,x1,
1769088854.4526255,SENT,412d7092-697f-4994-9ccc-d86c93c0ed27,7b1ca820-19bf-4f03-8032-c6514dff99c7,c2,c3,1019,?,x4,
1769088854.4526649,FORWARDED,412d7092-697f-4994-9ccc-d86c93c0ed27,7b1ca820-19bf-4f03-8032-c6514dff99c7,c2,c3,1019,?,x4,
1769088854.464959,RECEIVED,2085ec5f-4ee3-46d0-8676-6cd1cc201a27,b17ad093-5e70-465c-bd84-52f54be8f848,c4,c1,1461,e11,?,
1769088854.555564,SENT,2085ec5f-4ee3-46d0-8676-6cd1cc201a27,b17ad093-5e70-465c-bd84-52f54be8f848,c4,c1,1023,?,x2,
1769088854.5556026,FORWARDED,2085ec5f-4ee3-46d0-8676-6cd1cc201a27,b17ad093-5e70-465c-bd84-52f54be8f848,c4,c1,1023,?,x2,
1769088854.6428242,RECEIVED,9be749ca-d8dc-4527-94f6-3f405b672d73,c74edbc1-d389-4d73-bde3-b0c41eb63179,c4,DROP,1011,e10,?,
1769088855.0547895,RECEIVED,8ca4fdf0-29cc-435f-be64-f2d0a987d28f,d2a44a8c-553d-4684-9de0-01b5260fabec,c2,DROP,1004,e8,?,
1769088855.066011,RECEIVED,98f5bc00-8bd7-4481-b1cb-8ff66adcf809,c594fb24-da97-4d0d-9dfb-88f6f179be76,c4,c1,1448,e8,?,
1769088855.0743155,RECEIVED,428f11b8-2a30-4c11-8e55-cdec5fac2000,d7f37470-18ac-4d43-ba17-66de88fee9d4,c5,c4,1447,e1,?,
1769088855.0901804,RECEIVED,ea3ec76f-5c1c-4143-94db-02f9b0d01267,7a652fc5-0731-46d8-8bc6-f2c4a4a349f3,c1,c3,1452,e5,?,
1769088855.1404629,SENT,06f39d04-f720-4d0a-89b3-16ed91b571de,b3913dfe-33a8-43f6-81e9-d014c9e7d155,c2,DROP,688,?,x10,
1769088855.1405017,FORWARDED,06f39d04-f720-4d0a-89b3-16ed91b571de,b3913dfe-33a8-43f6-81e9-d014c9e7d155,c2,DROP,688,?,x10,
1769088855.257223,SENT,98f5bc00-8bd7-4481-b1cb-8ff66adcf809,c594fb24-da97-4d0d-9dfb-88f6f179be76,c4,c1,1012,?,x5,
1769088855.257261,FORWARDED,98f5bc00-8bd7-4481-b1cb-8ff66adcf809,c594fb24-da97-4d0d-9dfb-88f6f179be76,c4,c1,1012,?,x5,
1769088855.3167942,RECEIVED,7b47ffc8-9624-4e54-b08e-7256d00f4474,afcbc317-03ec-4dac-bc57-e7c2d9ebeeb9,c1,c3,1456,e8,?,
1769088855.3324525,SENT,ea3ec76f-5c1c-4143-94db-02f9b0d01267,7a652fc5-0731-46d8-8bc6-f2c4a4a349f3,c1,c3,1015,?,x1,
1769088855.3324893,FORWARDED,ea3ec76f-5c1c-4143-94db-02f9b0d01267,7a652fc5-0731-46d8-8bc6-f2c4a4a349f3,c1,c3,1015,?,x1,
1769088855.3496115,RECEIVED,68cce5a3-5cbe-41e8-b086-f3fdd9c250df,93ae5a6d-630c-4de5-b5da-ae3b3792c450,c3,c4,1452,e2,?,
1769088855.4296048,SENT,8ca4fdf0-29cc-435f-be64-f2d0a987d28f,d2a44a8c-553d-4684-9de0-01b5260fabec,c2,DROP,680,?,x6,
1769088855.429644,FORWARDED,8ca4fdf0-29cc-435f-be64-f2d0a987d28f,d2a44a8c-553d-4684-9de0-01b5260fabec,c2,DROP,680,?,x6,
1769088855.5020626,RECEIVED,084b3e21-b56a-4d4e-a94a-de9aec49900e,d2db92e6-8654-4029-ae15-4612d9a319ec,c4,DROP,440,x9,?,
1769088855.5349991,SENT,68cce5a3-5cbe-41e8-b086-f3fdd9c250df,93ae5a6d-630c-4de5-b5da-ae3b3792c450,c3,c4,1016,?,x5,
1769088855.5350726,FORWARDED,68cce5a3-5cbe-41e8-b086-f3fdd9c250df,93ae5a6d-630c-4de5-b5da-ae3b3792c450,c3,c4,1016,?,x5,
1769088855.5351672,RECEIVED,84198cab-b676-40db-bc57-7871ef7bbda6,801481e3-49b4-4cfe-b3ad-af9577ed4566,c3,DROP,443,x8,?,
1769088855.6421983,SENT,9be749ca-d8dc-4527-94f6-3f405b672d73,c74edbc1-d389-4d73-bde3-b0c41eb63179,c4,DROP,687,?,x4,
1769088855.6423137,FORWARDED,9be749ca-d8dc-4527-94f6-3f405b672d73,c74edbc1-d389-4d73-bde3-b0c41eb63179,c4,DROP,687,?,x4,
1769088855.8241572,RECEIVED,fa694363-44ec-46f9-8a72-baab3e68102b,2e7123f2-579d-476f-a318-dc99288d8d64,c5,DROP,1007,e9,?,
1769088855.9140556,RECEIVED,5cb2a71e-6f40-4fbd-9715-7641219162d9,69bef5f1-8e0c-44ab-93d7-057e06f52cc6,c1,DROP,1010,e7,?,
1769088855.9632075,SENT,7b47ffc8-9624-4e54-b08e-7256d00f4474,afcbc317-03ec-4dac-bc57-e7c2d9ebeeb9,c1,c3,1019,?,x11,
1769088855.963266,FORWARDED,7b47ffc8-9624-4e54-b08e-7256d00f4474,afcbc317-03ec-4dac-bc57-e7c2d9ebeeb9,c1,c3,1019,?,x11,
1769088856.0856805,SENT,428f11b8-2a30-4c11-8e55-cdec5fac2000,d7f37470-18ac-4d43-ba17-66de88fee9d4,c5,c4,1014,?,x5,
1769088856.085719,FORWARDED,428f11b8-2a30-4c11-8e55-cdec5fac2000,d7f37470-18ac-4d43-ba17-66de88fee9d4,c5,c4,1014,?,x5,
1769088856.2463868,RECEIVED,ea4473b3-816e-46ee-b9c9-8684069d8a0c,2dd05c96-7b5a-4332-939a-303eb4524797,c4,DROP,1011,e11,?,
1769088856.2786736,RECEIVED,224206c7-87a8-44c4-b3b3-e91bf3100891,1f6d66e8-215a-4209-bbc8-05ba2f2ec1bc,c4,c1,1465,e12,?,
1769088856.332844,SENT,5cb2a71e-6f40-4fbd-9715-7641219162d9,69bef5f1-8e0c-44ab-93d7-057e06f52cc6,c1,DROP,686,?,x6,
1769088856.3328817,FORWARDED,5cb2a71e-6f40-4fbd-9715-7641219162d9,69bef5f1-8e0c-44ab-93d7-057e06f52cc6,c1,DROP,686,?,x6,
1769088856.4818738,SENT,224206c7-87a8-44c4-b3b3-e91bf3100891,1f6d66e8-215a-4209-bbc8-05ba2f2ec1bc,c4,c1,1024,?,x12,
1769088856.4819202,FORWARDED,224206c7-87a8-44c4-b3b3-e91bf3100891,1f6d66e8-215a-4209-bbc8-05ba2f2ec1bc,c4,c1,1024,?,x12,
1769088856.5860703,SENT,ea4473b3-816e-46ee-b9c9-8684069d8a0c,2dd05c96-7b5a-4332-939a-303eb4524797,c4,DROP,685,?,x6,
1769088856.58611,FORWARDED,ea4473b3-816e-46ee-b9c9-8684069d8a0c,2dd05c96-7b5a-4332-939a-303eb4524797,c4,DROP,685,?,x6,
1769088856.6158037,RECEIVED,d8319a4f-d626-4080-a2d4-11219293cadc,ed74d905-b2b1-49c7-b9a8-f1bf75f6d4e8,c2,DROP,442,x3,?,
1769088856.6776395,RECEIVED,0025e137-e07e-4758-bd7e-238ede459a8c,a4f1fa21-9cd3-4547-81fd-e8cdb5c54b95,c2,DROP,1012,e12,?,
1769088856.7755442,SENT,fa694363-44ec-46f9-8a72-baab3e68102b,2e7123f2-579d-476f-a318-dc99288d8d64,c5,DROP,683,?,x1,
1769088856.7755804,FORWARDED,fa694363-44ec-46f9-8a72-baab3e68102b,2e7123f2-579d-476f-a318-dc99288d8d64,c5,DROP,683,?,x1,
1769088856.8128533,RECEIVED,83a731be-c484-4b53-84ff-81b2df29ed81,2ad3bdca-a598-4274-881c-d04631d2c500,c3,DROP,1009,e8,?,
1769088856.8348079,SENT,0025e137-e07e-4758-bd7e-238ede459a8c,a4f1fa21-9cd3-4547-81fd-e8cdb5c54b95,c2,DROP,687,?,x3,
1769088856.8348463,FORWARDED,0025e137-e07e-4758-bd7e-238ede459a8c,a4f1fa21-9cd3-4547-81fd-e8cdb5c54b95,c2,DROP,687,?,x3,
1769088856.8464398,SENT,83a731be-c484-4b53-84ff-81b2df29ed81,2ad3bdca-a598-4274-881c-d04631d2c500,c3,DROP,682,?,x12,
1769088856.8464794,FORWARDED,83a731be-c484-4b53-84ff-81b2df29ed81,2ad3bdca-a598-4274-881c-d04631d2c500,c3,DROP,682,?,x12,
1769088857.172152,RECEIVED,e50a2e1c-8849-4e42-bb72-6153afe9bae7,dfe4e744-1b7d-4824-8235-0b9e9b9dcc48,c1,c3,1457,e4,?,
1769088857.2659764,SENT,e50a2e1c-8849-4e42-bb72-6153afe9bae7,dfe4e744-1b7d-4824-8235-0b9e9b9dcc48,c1,c3,1020,?,x11,
1769088857.266017,FORWARDED,e50a2e1c-8849-4e42-bb72-6153afe9bae7,dfe4e744-1b7d-4824-8235-0b9e9b9dcc48,c1,c3,1020,?,x11,
1769088857.3728695,RECEIVED,e16629a6-1f27-43da-bd8e-cafe44aa37e3,156a4bd2-857d-4865-aac9-2820d16a27f0,c1,c3,1457,e12,?,
1769088857.6115725,SENT,e16629a6-1f27-43da-bd8e-cafe44aa37e3,156a4bd2-857d-4865-aac9-2820d16a27f0,c1,c3,1019,?,x12,
1769088857.6116066,FORWARDED,e16629a6-1f27-43da-bd8e-cafe44aa37e3,156a4bd2-857d-4865-aac9-2820d16a27f0,c1,c3,1019,?,x12,
1769088857.731811,RECEIVED,048f628f-c184-4734-a52a-316b38449bc1,6043bd82-401b-44f6-b652-3807f8cc3841,c4,DROP,1008,e11,?,
1769088857.776449,RECEIVED,e1d8d782-27f2-4925-b4af-8bd7c3ec1600,39128d99-9898-4644-a100-5f68d29a42ab,c5,c4,1444,e8,?,
1769088857.9037414,RECEIVED,c7678bf7-7193-4e58-b985-c0d502a87cfe,4498aa0b-e8cc-4062-b031-732360b74846,c4,DROP,1015,e4,?,
1769088857.9566908,RECEIVED,e9eedd83-24c0-4a59-8231-79a08e76ec78,b3c6b95e-4e79-4044-a500-45bb207cd7cf,c4,c1,1460,e9,?,
1769088857.9812276,SENT,e1d8d782-27f2-4925-b4af-8bd7c3ec1600,39128d99-9898-4644-a100-5f68d29a42ab,c5,c4,1011,?,x7,
1769088857.9812667,FORWARDED,e1d8d782-27f2-4925-b4af-8bd7c3ec1600,39128d99-9898-4644-a100-5f68d29a42ab,c5,c4,1011,?,x7,
1769088858.028639,RECEIVED,f1224d87-8a60-40e0-b729-eea47960fbb1,e7661502-31b7-4092-a15c-8368ad5aa89a,c4,DROP,441,x2,?,
1769088858.0977247,RECEIVED,21ec58a0-d90d-405a-8e29-811ed238a77a,b0f32152-6ff2-40ce-aabd-2e80ee8ba8d7,c1,DROP,1012,e1,?,
1769088858.2006428,SENT,e9eedd83-24c0-4a59-8231-79a08e76ec78,b3c6b95e-4e79-4044-a500-45bb207cd7cf,c4,c1,1021,?,x12,
1769088858.2006788,FORWARDED,e9eedd83-24c0-4a59-8231-79a08e76ec78,b3c6b95e-4e79-4044-a500-45bb207cd7cf,c4,c1,1021,?,x12,
1769088858.2727602,SENT,21ec58a0-d90d-405a-8e29-811ed238a77a,b0f32152-6ff2-40ce-aabd-2e80ee8ba8d7,c1,DROP,687,?,x1,
1769088858.2727966,FORWARDED,21ec58a0-d90d-405a-8e29-811ed238a77a,b0f32152-6ff2-40ce-aabd-2e80ee8ba8d7,c1,DROP,687,?,x1,
1769088858.4465625,SENT,048f628f-c184-4734-a52a-316b38449bc1,6043bd82-401b-44f6-b652-3807f8cc3841,c4,DROP,683,?,x10,
1769088858.4466007,FORWARDED,048f628f-c184-4734-a52a-316b38449bc1,6043bd82-401b-44f6-b652-3807f8cc3841,c4,DROP,683,?,x10,
1769088858.5147748,SENT,c7678bf7-7193-4e58-b985-c0d502a87cfe,4498aa0b-e8cc-4062-b031-732360b74846,c4,DROP,689,?,x12,
1769088858.5148158,FORWARDED,c7678bf7-7193-4e58-b985-c0d502a87cfe,4498aa0b-e8cc-4062-b031-732360b74846,c4,DROP,689,?,x12,
1769088858.7368271,RECEIVED,eda600fa-5bf8-412a-a1a1-91095dabb4bb,603ce6e6-185d-4319-9b93-4ced64c5064a,c1,DROP,441,x1,?,
1769088858.8199587,RECEIVED,33bfaf6e-dedd-49ff-af6a-2dde7112d87e,af051f8b-8107-42e7-a2f5-b9c688f3bed3,c2,DROP,1007,e1,?,
1769088858.9827213,RECEIVED,67bf78ad-3216-44f8-868c-c1d23e1738db,39fc97c4-fd24-4c46-9278-00c4a3aefa23,c2,DROP,441,x1,?,
1769088859.012263,RECEIVED,09cbb9a3-9d5c-4fbc-8071-4f1d66a041d2,975fa1f6-a344-4a68-bbab-50de76d47a14,c4,DROP,441,x1,?,
1769088859.5719752,RECEIVED,fdbfd0eb-14af-41a9-9d3b-3a39dad9c0ad,dcff5c2f-818f-430a-bb6e-8f9713fd0093,c4,DROP,1021,e10,?,
1769088859.6726432,SENT,fdbfd0eb-14af-41a9-9d3b-3a39dad9c0ad,dcff5c2f-818f-430a-bb6e-8f9713fd0093,c4,DROP,691,?,x11,
1769088859.6726823,FORWARDED,fdbfd0eb-14af-41a9-9d3b-3a39dad9c0ad,dcff5c2f-818f-430a-bb6e-8f9713fd0093,c4,DROP,691,?,x11,
1769088859.8481438,RECEIVED,71bea3a6-923a-47fd-9144-20173dd5f671,1fc03c3d-a011-439d-a37f-cc4784f0cfdb,c4,DROP,1015,e3,?,
1769088860.1710393,SENT,33bfaf6e-dedd-49ff-af6a-2dde7112d87e,af051f8b-8107-42e7-a2f5-b9c688f3bed3,c2,DROP,683,?,x8,
1769088860.1712608,FORWARDED,33bfaf6e-dedd-49ff-af6a-2dde7112d87e,af051f8b-8107-42e7-a2f5-b9c688f3bed3,c2,DROP,683,?,x8,
1769088860.211494,SENT,71bea3a6-923a-47fd-9144-20173dd5f671,1fc03c3d-a011-439d-a37f-cc4784f0cfdb,c4,DROP,688,?,x4,
1769088860.2115357,FORWARDED,71bea3a6-923a-47fd-9144-20173dd5f671,1fc03c3d-a011-439d-a37f-cc4784f0cfdb,c4,DROP,688,?,x4,
1769088860.3160622,RECEIVED,5bbc42b1-5731-40e0-9c06-32e900de29c7,dcc4fa90-9fb3-488c-b1af-5a96fcb4f044,c4,c1,1455,e8,?,
1769088860.9116442,RECEIVED,5fadffc5-9a7f-44b2-9c7a-3f829d5d3839,9afc4bbe-52a9-4cb5-8adc-7a8b05199158,c5,c4,1447,e9,?,
1769088860.9862282,SENT,5bbc42b1-5731-40e0-9c06-32e900de29c7,dcc4fa90-9fb3-488c-b1af-5a96fcb4f044,c4,c1,1020,?,x4,
1769088860.9862688,FORWARDED,5bbc42b1-5731-40e0-9c06-32e900de29c7,dcc4fa90-9fb3-488c-b1af-5a96fcb4f044,c4,c1,1020,?,x4,
1769088861.370697,RECEIVED,8afc47a5-4ffb-4e8a-84b1-9718eb9ef2d2,2070e067-20c7-46a4-863b-1d5230004f8c,c5,c4,1452,e11,?,
1769088861.5337965,RECEIVED,4d1e3b5e-389c-4846-9232-0f98533924a5,3583b44c-7b46-4195-ac43-ca03a9963b10,c3,c4,1452,e4,?,
1769088861.5600657,RECEIVED,06bf00d8-e9d2-4809-8475-aabc7b54645f,343f5cad-5507-4614-8738-7cd6fca74ac8,c3,c4,1443,e8,?,
1769088861.6563454,SENT,4d1e3b5e-389c-4846-9232-0f98533924a5,3583b44c-7b46-4195-ac43-ca03a9963b10,c3,c4,1015,?,x6,
1769088861.6563845,FORWARDED,4d1e3b5e-389c-4846-9232-0f98533924a5,3583b44c-7b46-4195-ac43-ca03a9963b10,c3,c4,1015,?,x6,
1769088861.7076147,RECEIVED,9a453196-f462-4b79-8204-4e7e244bb152,3d6d6fea-acbb-479e-878b-6309f39d9b8b,c4,DROP,1021,e8,?,
1769088861.7218368,SENT,5fadffc5-9a7f-44b2-9c7a-3f829d5d3839,9afc4bbe-52a9-4cb5-8adc-7a8b05199158,c5,c4,1012,?,x2,
1769088861.7218688,FORWARDED,5fadffc5-9a7f-44b2-9c7a-3f829d5d3839,9afc4bbe-52a9-4cb5-8adc-7a8b05199158,c5,c4,1012,?,x2,
1769088861.8567798,RECEIVED,80ef5f83-5f02-4582-876e-a6b8f95b66b7,c4c6ef93-487c-448d-a598-a73fffaa63dc,c4,c1,1464,e12,?,
1769088861.9042313,RECEIVED,e12fb0c2-ce55-45f3-ab45-eff7e350a5c3,cdc14b5b-2117-40b6-9b90-45d76c6b9207,c5,c4,1450,e10,?,
1769088862.0260324,SENT,9a453196-f462-4b79-8204-4e7e244bb152,3d6d6fea-acbb-479e-878b-6309f39d9b8b,c4,DROP,692,?,x11,
1769088862.0260882,FORWARDED,9a453196-f462-4b79-8204-4e7e244bb152,3d6d6fea-acbb-479e-878b-6309f39d9b8b,c4,DROP,692,?,x11,
1769088862.0304246,SENT,8afc47a5-4ffb-4e8a-84b1-9718eb9ef2d2,2070e067-20c7-46a4-863b-1d5230004f8c,c5,c4,1016,?,x12,
1769088862.0304635,FORWARDED,8afc47a5-4ffb-4e8a-84b1-9718eb9ef2d2,2070e067-20c7-46a4-863b-1d5230004f8c,c5,c4,1016,?,x12,
1769088862.116699,RECEIVED,677af49d-9068-481b-805e-35f15f64a824,bed94d31-f952-455b-ba85-2dec1cbd1fb0,c1,c3,1443,e3,?,
1769088862.1751313,RECEIVED,635f548e-120b-4168-a342-5ef82fa78ae8,e7de0f62-c193-4a10-83c6-fa9c9181c41d,c2,c3,1457,e6,?,
1769088862.21687,RECEIVED,be20d378-edad-47d0-b6c6-08c44f5592bf,2cf2bb22-32c7-4152-9128-a1524f5647fd,c1,DROP,442,x6,?,
1769088862.4399517,SENT,635f548e-120b-4168-a342-5ef82fa78ae8,e7de0f62-c193-4a10-83c6-fa9c9181c41d,c2,c3,1019,?,x10,
1769088862.4399934,FORWARDED,635f548e-120b-4168-a342-5ef82fa78ae8,e7de0f62-c193-4a10-83c6-fa9c9181c41d,c2,c3,1019,?,x10,
1769088862.465845,SENT,80ef5f83-5f02-4582-876e-a6b8f95b66b7,c4c6ef93-487c-448d-a598-a73fffaa63dc,c4,c1,1024,?,x10,
1769088862.4658916,FORWARDED,80ef5f83-5f02-4582-876e-a6b8f95b66b7,c4c6ef93-487c-448d-a598-a73fffaa63dc,c4,c1,1024,?,x10,
1769088862.5356503,SENT,06bf00d8-e9d2-4809-8475-aabc7b54645f,343f5cad-5507-4614-8738-7cd6fca74ac8,c3,c4,1011,?,x6,
1769088862.5356922,FORWARDED,06bf00d8-e9d2-4809-8475-aabc7b54645f,343f5cad-5507-4614-8738-7cd6fca74ac8,c3,c4,1011,?,x6,
1769088862.7445488,SENT,e12fb0c2-ce55-45f3-ab45-eff7e350a5c3,cdc14b5b-2117-40b6-9b90-45d76c6b9207,c5,c4,1016,?,x8,
1769088862.7445903,FORWARDED,e12fb0c2-ce55-45f3-ab45-eff7e350a5c3,cdc14b5b-2117-40b6-9b90-45d76c6b9207,c5,c4,1016,?,x8,
1769088862.7447703,RECEIVED,00be1f71-4020-4d9a-bd92-e3a81c5ccaf5,48d6ed7f-d818-4ea9-be05-7503301da203,c4,DROP,1020,e10,?,
1769088862.9418395,RECEIVED,9d83d57f-d6db-4ab7-99f5-8e3278fcea1a,40a220e3-3d02-4e44-8771-f6e056492dba,c3,DROP,1011,e4,?,
1769088863.106148,RECEIVED,7928daf7-394e-4e25-a1ab-1b5cd219c6ab,cbbab314-bec2-48fc-90cd-452c8dd4d5e1,c1,DROP,1007,e8,?,
1769088863.1812057,SENT,677af49d-9068-481b-805e-35f15f64a824,bed94d31-f952-455b-ba85-2dec1cbd1fb0,c1,c3,1011,?,x2,
1769088863.1812463,FORWARDED,677af49d-9068-481b-805e-35f15f64a824,bed94d31-f952-455b-ba85-2dec1cbd1fb0,c1,c3,1011,?,x2,
1769088863.3086824,SENT,00be1f71-4020-4d9a-bd92-e3a81c5ccaf5,48d6ed7f-d818-4ea9-be05-7503301da203,c4,DROP,692,?,x10,
1769088863.3087242,FORWARDED,00be1f71-4020-4d9a-bd92-e3a81c5ccaf5,48d6ed7f-d818-4ea9-be05-7503301da203,c4,DROP,692,?,x10,
1769088863.538702,SENT,7928daf7-394e-4e25-a1ab-1b5cd219c6ab,cbbab314-bec2-48fc-90cd-452c8dd4d5e1,c1,DROP,683,?,x5,
1769088863.5387425,FORWARDED,7928daf7-394e-4e25-a1ab-1b5cd219c6ab,cbbab314-bec2-48fc-90cd-452c8dd4d5e1,c1,DROP,683,?,x5,
1769088863.9099126,RECEIVED,381907cf-17ef-4234-bac8-767aee72f069,ede661ec-a7bf-492a-b06d-5a04d43fb045,c1,c3,1447,e1,?,
1769088864.0409484,SENT,381907cf-17ef-4234-bac8-767aee72f069,ede661ec-a7bf-492a-b06d-5a04d43fb045,c1,c3,1012,?,x8,
1769088864.0410783,FORWARDED,381907cf-17ef-4234-bac8-767aee72f069,ede661ec-a7bf-492a-b06d-5a04d43fb045,c1,c3,1012,?,x8,
1769088864.0570865,SENT,9d83d57f-d6db-4ab7-99f5-8e3278fcea1a,40a220e3-3d02-4e44-8771-f6e056492dba,c3,DROP,685,?,x2,
1769088864.0571373,FORWARDED,9d83d57f-d6db-4ab7-99f5-8e3278fcea1a,40a220e3-3d02-4e44-8771-f6e056492dba,c3,DROP,685,?,x2,
1769088864.1815512,RECEIVED,c7287560-336c-4dca-a1c0-ccab0b22dbd0,5b47ad3a-7072-4961-b37a-7ff79c920ba0,c5,DROP,1007,e4,?,
1769088864.232497,RECEIVED,c43816e3-abff-4cb8-ba9c-b16ce92408a8,527a6492-1818-44c1-88c8-acfd92eb498d,c4,DROP,1011,e8,?,
1769088864.3754518,SENT,c7287560-336c-4dca-a1c0-ccab0b22dbd0,5b47ad3a-7072-4961-b37a-7ff79c920ba0,c5,DROP,684,?,x2,
1769088864.3754935,FORWARDED,c7287560-336c-4dca-a1c0-ccab0b22dbd0,5b47ad3a-7072-4961-b37a-7ff79c920ba0,c5,DROP,684,?,x2,
1769088864.38476,RECEIVED,cad695f3-a9af-4e63-acf2-e01188bc0c40,175e212f-ff13-436d-8ae7-294ae71d93c7,c3,DROP,1015,e6,?,
1769088864.6312332,RECEIVED,20037a6a-a659-4917-b89b-b9261d4a381b,50c0d844-f0b3-4e8f-8a56-d628fce18a4e,c4,DROP,1008,e3,?,
1769088864.840934,SENT,cad695f3-a9af-4e63-acf2-e01188bc0c40,175e212f-ff13-436d-8ae7-294ae71d93c7,c3,DROP,688,?,x6,
1769088864.8409748,FORWARDED,cad695f3-a9af-4e63-acf2-e01188bc0c40,175e212f-ff13-436d-8ae7-294ae71d93c7,c3,DROP,688,?,x6,
1769088864.9238398,RECEIVED,b66fa4cb-f933-44d2-ae42-0271560304bf,51c28037-cec5-4d9c-a573-761bb0a8448c,c3,c4,1443,e8,?,
1769088864.9552495,RECEIVED,c789e32d-3a2f-43c9-ad60-4093e056013b,3d9243d6-530e-4338-8213-e66714094c41,c4,c1,1451,e1,?,
1769088865.0431588,SENT,20037a6a-a659-4917-b89b-b9261d4a381b,50c0d844-f0b3-4e8f-8a56-d628fce18a4e,c4,DROP,684,?,x2,
1769088865.0431943,FORWARDED,20037a6a-a659-4917-b89b-b9261d4a381b,50c0d844-f0b3-4e8f-8a56-d628fce18a4e,c4,DROP,684,?,x2,
1769088865.2925403,RECEIVED,03213708-efb4-4687-a88d-35d9afdc559c,8c51dcc2-c266-40f1-9b59-3a5376a9bdab,c5,c4,1452,e2,?,
1769088865.450815,RECEIVED,23fdc2dd-9612-473e-a25a-38f76e5f8461,96767b3b-32e9-439c-ae8e-620dc2d502bc,c3,DROP,1007,e8,?,
1769088865.509018,RECEIVED,bd4e0dcd-e9ca-4fdd-9a15-c6467b06c05b,ce0af6ec-a3fe-42c7-9dac-ebb4a8ea6325,c1,DROP,441,x10,?,
1769088865.5174124,RECEIVED,6681d9f5-7db2-4756-b367-facc1e9c0214,b2cc3aae-e293-4a9f-82a1-b5e3bda2042f,c2,c3,1444,e11,?,
1769088865.5210037,RECEIVED,c3159828-cdb5-4b32-83ca-3288bac1a87d,3795227a-ed04-4eb7-b91e-6d856a53ec16,c5,c4,1456,e10,?,
1769088865.5572278,SENT,c3159828-cdb5-4b32-83ca-3288bac1a87d,3795227a-ed04-4eb7-b91e-6d856a53ec16,c5,c4,1020,?,x2,
1769088865.5572655,FORWARDED,c3159828-cdb5-4b32-83ca-3288bac1a87d,3795227a-ed04-4eb7-b91e-6d856a53ec16,c5,c4,1020,?,x2,
1769088865.622094,RECEIVED,1530a367-2df1-4a00-99ca-9966d837dce1,30774b83-a7cb-4e84-a068-a557c25f8253,c3,c4,1447,e2,?,
1769088865.6987586,RECEIVED,2d3a1dbc-afce-4bcd-8836-c381886d9794,5efacbda-3f6a-4aad-b51f-f1789f9a96aa,c5,DROP,1007,e12,?,
1769088865.7095716,SENT,6681d9f5-7db2-4756-b367-facc1e9c0214,b2cc3aae-e293-4a9f-82a1-b5e3bda2042f,c2,c3,1011,?,x7,
1769088865.7096086,FORWARDED,6681d9f5-7db2-4756-b367-facc1e9c0214,b2cc3aae-e293-4a9f-82a1-b5e3bda2042f,c2,c3,1011,?,x7,
1769088865.728558,SENT,c43816e3-abff-4cb8-ba9c-b16ce92408a8,527a6492-1818-44c1-88c8-acfd92eb498d,c4,DROP,687,?,x8,
1769088865.7285933,FORWARDED,c43816e3-abff-4cb8-ba9c-b16ce92408a8,527a6492-1818-44c1-88c8-acfd92eb498d,c4,DROP,687,?,x8,
1769088865.853344,SENT,03213708-efb4-4687-a88d-35d9afdc559c,8c51dcc2-c266-40f1-9b59-3a5376a9bdab,c5,c4,1016,?,x12,
1769088865.853384,FORWARDED,03213708-efb4-4687-a88d-35d9afdc559c,8c51dcc2-c266-40f1-9b59-3a5376a9bdab,c5,c4,1016,?,x12,
1769088865.8757474,RECEIVED,eca644f1-0dc1-40f1-8f4f-eee0bcd48566,f7a69468-85dd-44c0-99fd-c22bbc5affe6,c3,DROP,1013,e1,?,
1769088865.9198868,SENT,eca644f1-0dc1-40f1-8f4f-eee0bcd48566,f7a69468-85dd-44c0-99fd-c22bbc5affe6,c3,DROP,687,?,x11,
1769088865.9199271,FORWARDED,eca644f1-0dc1-40f1-8f4f-eee0bcd48566,f7a69468-85dd-44c0-99fd-c22bbc5affe6,c3,DROP,687,?,x11,
1769088865.9219306,SENT,c789e32d-3a2f-43c9-ad60-4093e056013b,3d9243d6-530e-4338-8213-e66714094c41,c4,c1,1015,?,x2,
1769088865.921971,FORWARDED,c789e32d-3a2f-43c9-ad60-4093e056013b,3d9243d6-530e-4338-8213-e66714094c41,c4,c1,1015,?,x2,
1769088866.0057197,RECEIVED,efd2c2b7-2623-4fba-9103-530bbf2740af,c6266d84-a933-4b45-aff5-d441b79030e2,c3,DROP,1017,e3,?,
1769088866.046634,SENT,1530a367-2df1-4a00-99ca-9966d837dce1,30774b83-a7cb-4e84-a068-a557c25f8253,c3,c4,1012,?,x6,
1769088866.0466719,FORWARDED,1530a367-2df1-4a00-99ca-9966d837dce1,30774b83-a7cb-4e84-a068-a557c25f8253,c3,c4,1012,?,x6,
1769088866.1030807,RECEIVED,3f7f5472-93c7-456e-b391-c9c28c09f0ac,84c3537d-6fbe-4cbd-baae-bd6323be8e3c,c1,c3,1448,e9,?,
1769088866.1116538,SENT,23fdc2dd-9612-473e-a25a-38f76e5f8461,96767b3b-32e9-439c-ae8e-620dc2d502bc,c3,DROP,684,?,x1,
1769088866.1116915,FORWARDED,23fdc2dd-9612-473e-a25a-38f76e5f8461,96767b3b-32e9-439c-ae8e-620dc2d502bc,c3,DROP,684,?,x1,
1769088866.1369529,RECEIVED,ba6f0e26-8e0f-40b3-ba4c-0b4d542c0d7f,acea1cb3-1111-4193-a80f-e9d34824d271,c2,c3,1455,e10,?,
1769088866.1612246,SENT,b66fa4cb-f933-44d2-ae42-0271560304bf,51c28037-cec5-4d9c-a573-761bb0a8448c,c3,c4,1011,?,x4,
1769088866.1612577,FORWARDED,b66fa4cb-f933-44d2-ae42-0271560304bf,51c28037-cec5-4d9c-a573-761bb0a8448c,c3,c4,1011,?,x4,
1769088866.2957785,RECEIVED,dc9bf142-115d-4392-a0ce-5026641993bc,e6d3e5d3-3369-49a1-b474-13f77b0d9b81,c2,DROP,1015,e6,?,
1769088866.3095345,SENT,3f7f5472-93c7-456e-b391-c9c28c09f0ac,84c3537d-6fbe-4cbd-baae-bd6323be8e3c,c1,c3,1013,?,x10,
1769088866.3095746,FORWARDED,3f7f5472-93c7-456e-b391-c9c28c09f0ac,84c3537d-6fbe-4cbd-baae-bd6323be8e3c,c1,c3,1013,?,x10,
1769088866.3428624,RECEIVED,0f6961db-3272-45cb-a369-7a350c009f16,93c46802-323b-4773-8b52-2c4c89175933,c4,DROP,1008,e7,?,
1769088866.4082334,SENT,dc9bf142-115d-4392-a0ce-5026641993bc,e6d3e5d3-3369-49a1-b474-13f77b0d9b81,c2,DROP,688,?,x5,
1769088866.4082751,FORWARDED,dc9bf142-115d-4392-a0ce-5026641993bc,e6d3e5d3-3369-49a1-b474-13f77b0d9b81,c2,DROP,688,?,x5,
1769088866.4274352,SENT,efd2c2b7-2623-4fba-9103-530bbf2740af,c6266d84-a933-4b45-aff5-d441b79030e2,c3,DROP,688,?,x10,
1769088866.4274812,FORWARDED,efd2c2b7-2623-4fba-9103-530bbf2740af,c6266d84-a933-4b45-aff5-d441b79030e2,c3,DROP,688,?,x10,
1769088866.5471687,SENT,0f6961db-3272-45cb-a369-7a350c009f16,93c46802-323b-4773-8b52-2c4c89175933,c4,DROP,684,?,x3,
1769088866.54721,FORWARDED,0f6961db-3272-45cb-a369-7a350c009f16,93c46802-323b-4773-8b52-2c4c89175933,c4,DROP,684,?,x3,
1769088866.549722,RECEIVED,d9fb96eb-f739-4f57-afba-02be22cc32d4,22149c4c-d74a-420f-957e-f61d18c0bd00,c5,c4,1444,e7,?,
1769088866.5549765,SENT,ba6f0e26-8e0f-40b3-ba4c-0b4d542c0d7f,acea1cb3-1111-4193-a80f-e9d34824d271,c2,c3,1020,?,x10,
1769088866.555017,FORWARDED,ba6f0e26-8e0f-40b3-ba4c-0b4d542c0d7f,acea1cb3-1111-4193-a80f-e9d34824d271,c2,c3,1020,?,x10,
1769088866.5722709,RECEIVED,6fa65690-23b3-4725-a6e2-325ff6a2d32f,b01e9dc7-0bb1-456e-8606-1358134d4031,c3,DROP,1009,e2,?,
1769088866.574543,SENT,2d3a1dbc-afce-4bcd-8836-c381886d9794,5efacbda-3f6a-4aad-b51f-f1789f9a96aa,c5,DROP,683,?,x1,
1769088866.5745828,FORWARDED,2d3a1dbc-afce-4bcd-8836-c381886d9794,5efacbda-3f6a-4aad-b51f-f1789f9a96aa,c5,DROP,683,?,x1,
1769088866.671971,SENT,d9fb96eb-f739-4f57-afba-02be22cc32d4,22149c4c-d74a-420f-957e-f61d18c0bd00,c5,c4,1011,?,x4,
1769088866.6720133,FORWARDED,d9fb96eb-f739-4f57-afba-02be22cc32d4,22149c4c-d74a-420f-957e-f61d18c0bd00,c5,c4,1011,?,x4,
1769088866.8008559,SENT,6fa65690-23b3-4725-a6e2-325ff6a2d32f,b01e9dc7-0bb1-456e-8606-1358134d4031,c3,DROP,684,?,x10,
1769088866.8008945,FORWARDED,6fa65690-23b3-4725-a6e2-325ff6a2d32f,b01e9dc7-0bb1-456e-8606-1358134d4031,c3,DROP,684,?,x10,
1769088867.021539,RECEIVED,5889c9f6-648d-4a53-972e-de59357bfa59,8233c408-e501-4dbf-b6bd-8bd33b3d828c,c4,DROP,1011,e4,?,
1769088867.0349631,RECEIVED,20131cec-bd9c-468e-835d-b43829c38e76,d49e3d7d-2710-4da0-b865-cb4882ff6f4e,c2,c3,1450,e9,?,
1769088867.1242137,SENT,20131cec-bd9c-468e-835d-b43829c38e76,d49e3d7d-2710-4da0-b865-cb4882ff6f4e,c2,c3,1012,?,x10,
1769088867.1242578,FORWARDED,20131cec-bd9c-468e-835d-b43829c38e76,d49e3d7d-2710-4da0-b865-cb4882ff6f4e,c2,c3,1012,?,x10,
1769088867.1397307,RECEIVED,a7033d69-e50e-43af-ba87-d1ac7f89cf7a,6e58a363-8d17-4112-afce-e12250567bb9,c4,DROP,1009,e4,?,
1769088867.6587682,RECEIVED,73d40d43-94dd-4520-ba06-e1906fa59594,8b60bef4-8ee9-47e7-9296-6bb70ae128a0,c2,c3,1443,e6,?,
1769088867.679968,SENT,5889c9f6-648d-4a53-972e-de59357bfa59,8233c408-e501-4dbf-b6bd-8bd33b3d828c,c4,DROP,687,?,x9,
1769088867.6800215,FORWARDED,5889c9f6-648d-4a53-972e-de59357bfa59,8233c408-e501-4dbf-b6bd-8bd33b3d828c,c4,DROP,687,?,x9,
1769088867.698032,RECEIVED,7f407031-1006-46d7-8241-3fffbf4714dc,84c3d6a4-47d8-49f0-8840-17729bc6410b,c5,DROP,1016,e7,?,
1769088867.9751577,SENT,7f407031-1006-46d7-8241-3fffbf4714dc,84c3d6a4-47d8-49f0-8840-17729bc6410b,c5,DROP,689,?,x2,
1769088867.9751923,FORWARDED,7f407031-1006-46d7-8241-3fffbf4714dc,84c3d6a4-47d8-49f0-8840-17729bc6410b,c5,DROP,689,?,x2,
1769088868.149499,RECEIVED,674e5712-c0fc-4eca-9302-023e0b49955d,17ec1a84-c134-42a3-8d9a-c5dda672f1bd,c1,c3,1443,e8,?,
1769088868.291914,RECEIVED,08d346d3-6f2e-445d-9455-c290ea06e4c4,1ddef2fc-1ae6-447e-b683-b5ddfb8fd3f3,c2,c3,1452,e2,?,
1769088868.348489,SENT,73d40d43-94dd-4520-ba06-e1906fa59594,8b60bef4-8ee9-47e7-9296-6bb70ae128a0,c2,c3,1011,?,x6,
1769088868.3485274,FORWARDED,73d40d43-94dd-4520-ba06-e1906fa59594,8b60bef4-8ee9-47e7-9296-6bb70ae128a0,c2,c3,1011,?,x6,
1769088868.5007896,RECEIVED,91ccc5e8-8ed5-4be0-b8ca-efde619c695f,65bd0f37-f444-4415-b2f7-5f04b73ed8de,c4,c1,1443,e2,?,
1769088868.5428517,RECEIVED,82e675d5-bc09-4d68-be37-93140e509630,fdc78f9a-50fb-4e18-92e5-b4bce350da40,c5,c4,1439,e8,?,
1769088868.586545,RECEIVED,5fe23b55-b35d-4717-b2ca-eb7a59a84d81,a66d5bd9-5c86-4c21-9d23-951bfcff993b,c2,c3,1451,e12,?,
1769088868.6321166,RECEIVED,64e9911f-95d9-499f-a49c-4c54b99c2180,ef3c0fc0-6f14-4f37-ada5-1dee1408205f,c1,c3,1465,e6,?,
1769088868.6464217,RECEIVED,edca773c-8f9f-46e5-a716-41a10758fa4f,77c452ba-848f-4328-9357-a9230be397a8,c2,DROP,1016,e8,?,
1769088868.6655807,SENT,5fe23b55-b35d-4717-b2ca-eb7a59a84d81,a66d5bd9-5c86-4c21-9d23-951bfcff993b,c2,c3,1016,?,x4,
1769088868.6656227,FORWARDED,5fe23b55-b35d-4717-b2ca-eb7a59a84d81,a66d5bd9-5c86-4c21-9d23-951bfcff993b,c2,c3,1016,?,x4,
1769088868.676822,SENT,674e5712-c0fc-4eca-9302-023e0b49955d,17ec1a84-c134-42a3-8d9a-c5dda672f1bd,c1,c3,1011,?,x8,
1769088868.6768594,FORWARDED,674e5712-c0fc-4eca-9302-023e0b49955d,17ec1a84-c134-42a3-8d9a-c5dda672f1bd,c1,c3,1011,?,x8,
1769088868.7208169,SENT,a7033d69-e50e-43af-ba87-d1ac7f89cf7a,6e58a363-8d17-4112-afce-e12250567bb9,c4,DROP,685,?,x5,
1769088868.7208571,FORWARDED,a7033d69-e50e-43af-ba87-d1ac7f89cf7a,6e58a363-8d17-4112-afce-e12250567bb9,c4,DROP,685,?,x5,
1769088868.728884,SENT,64e9911f-95d9-499f-a49c-4c54b99c2180,ef3c0fc0-6f14-4f37-ada5-1dee1408205f,c1,c3,1024,?,x11,
1769088868.7289255,FORWARDED,64e9911f-95d9-499f-a49c-4c54b99c2180,ef3c0fc0-6f14-4f37-ada5-1dee1408205f,c1,c3,1024,?,x11,
1769088868.8656812,RECEIVED,0a410535-9207-4177-876e-29dce818d65e,73358b99-a0b9-43b8-a559-2051a467d71b,c5,DROP,1008,e4,?,
1769088868.888318,SENT,edca773c-8f9f-46e5-a716-41a10758fa4f,77c452ba-848f-4328-9357-a9230be397a8,c2,DROP,688,?,x6,
1769088868.8883584,FORWARDED,edca773c-8f9f-46e5-a716-41a10758fa4f,77c452ba-848f-4328-9357-a9230be397a8,c2,DROP,688,?,x6,
1769088868.940902,SENT,0a410535-9207-4177-876e-29dce818d65e,73358b99-a0b9-43b8-a559-2051a467d71b,c5,DROP,683,?,x7,
1769088868.9409478,FORWARDED,0a410535-9207-4177-876e-29dce818d65e,73358b99-a0b9-43b8-a559-2051a467d71b,c5,DROP,683,?,x7,
1769088869.069448,SENT,91ccc5e8-8ed5-4be0-b8ca-efde619c695f,65bd0f37-f444-4415-b2f7-5f04b73ed8de,c4,c1,1009,?,x5,
1769088869.0694869,FORWARDED,91ccc5e8-8ed5-4be0-b8ca-efde619c695f,65bd0f37-f444-4415-b2f7-5f04b73ed8de,c4,c1,1009,?,x5,
1769088869.1750603,RECEIVED,e9805c6c-3188-4100-82a8-50ce39e8ed7e,9e061c55-3dbb-4586-a5f9-61cb62e12460,c3,c4,1452,e10,?,
1769088869.294308,RECEIVED,b6cb231c-87c7-48d7-935e-1853bd42f1d5,d4d7fe4b-0ab8-4bc4-b03a-615527cc4642,c4,c1,1451,e6,?,
1769088869.3020084,SENT,e9805c6c-3188-4100-82a8-50ce39e8ed7e,9e061c55-3dbb-4586-a5f9-61cb62e12460,c3,c4,1015,?,x2,
1769088869.3023522,FORWARDED,e9805c6c-3188-4100-82a8-50ce39e8ed7e,9e061c55-3dbb-4586-a5f9-61cb62e12460,c3,c4,1015,?,x2,
1769088869.5728564,SENT,b6cb231c-87c7-48d7-935e-1853bd42f1d5,d4d7fe4b-0ab8-4bc4-b03a-615527cc4642,c4,c1,1015,?,x6,
1769088869.5734367,FORWARDED,b6cb231c-87c7-48d7-935e-1853bd42f1d5,d4d7fe4b-0ab8-4bc4-b03a-615527cc4642,c4,c1,1015,?,x6,
1769088869.584687,SENT,82e675d5-bc09-4d68-be37-93140e509630,fdc78f9a-50fb-4e18-92e5-b4bce350da40,c5,c4,1008,?,x4,
1769088869.5847507,FORWARDED,82e675d5-bc09-4d68-be37-93140e509630,fdc78f9a-50fb-4e18-92e5-b4bce350da40,c5,c4,1008,?,x4,
1769088869.6868706,RECEIVED,2c032082-97a1-44fe-87ba-8228e779980f,253ffb44-8e27-45eb-8bf9-eeb03a6387f7,c5,c4,1447,e7,?,
1769088869.8588598,RECEIVED,5a592cdf-2f40-4852-8553-db7055fa4dfb,eb14e053-dfbd-4756-aca5-73cd2905de5f,c3,DROP,1008,e9,?,
1769088870.091228,SENT,5a592cdf-2f40-4852-8553-db7055fa4dfb,eb14e053-dfbd-4756-aca5-73cd2905de5f,c3,DROP,684,?,x8,
1769088870.0912673,FORWARDED,5a592cdf-2f40-4852-8553-db7055fa4dfb,eb14e053-dfbd-4756-aca5-73cd2905de5f,c3,DROP,684,?,x8,
1769088870.1275918,RECEIVED,57fde11d-9375-4a5e-907a-97369119c789,d09cbd48-05e0-45c9-ae12-49ad1f3271d3,c2,DROP,442,x9,?,
1769088870.1602597,RECEIVED,ab51c447-3ef4-4e3f-bc35-0d40b216dfe9,6939361e-835d-4544-8f3d-628ed5769aae,c2,DROP,1015,e3,?,
1769088870.4851034,RECEIVED,9ef0e4d4-4e14-4962-9e81-e2d7d96444d1,bd43ce4a-1bfc-4230-8d15-7800b4088da6,c4,DROP,1008,e11,?,
1769088870.5011566,RECEIVED,ba0ccd71-0b0e-4787-bc4a-018f0c8a18cc,cd9d4d68-bae4-47d4-94d6-9f65632e5884,c3,c4,1452,e8,?,
1769088870.5196104,RECEIVED,78134c7e-5fb2-4763-8f96-96e8bad32cc5,bd4da3b7-a0f6-4e6e-adc1-3d99675e156b,c4,c1,1443,e10,?,
1769088870.5560174,SENT,9ef0e4d4-4e14-4962-9e81-e2d7d96444d1,bd43ce4a-1bfc-4230-8d15-7800b4088da6,c4,DROP,683,?,x8,
1769088870.5563009,FORWARDED,9ef0e4d4-4e14-4962-9e81-e2d7d96444d1,bd43ce4a-1bfc-4230-8d15-7800b4088da6,c4,DROP,683,?,x8,
1769088870.5642443,SENT,08d346d3-6f2e-445d-9455-c290ea06e4c4,1ddef2fc-1ae6-447e-b683-b5ddfb8fd3f3,c2,c3,1015,?,x12,
1769088870.564285,FORWARDED,08d346d3-6f2e-445d-9455-c290ea06e4c4,1ddef2fc-1ae6-447e-b683-b5ddfb8fd3f3,c2,c3,1015,?,x12,
1769088870.6242857,SENT,2c032082-97a1-44fe-87ba-8228e779980f,253ffb44-8e27-45eb-8bf9-eeb03a6387f7,c5,c4,1012,?,x5,
1769088870.6243253,FORWARDED,2c032082-97a1-44fe-87ba-8228e779980f,253ffb44-8e27-45eb-8bf9-eeb03a6387f7,c5,c4,1012,?,x5,
1769088870.705317,SENT,ba0ccd71-0b0e-4787-bc4a-018f0c8a18cc,cd9d4d68-bae4-47d4-94d6-9f65632e5884,c3,c4,1015,?,x8,
1769088870.7054038,FORWARDED,ba0ccd71-0b0e-4787-bc4a-018f0c8a18cc,cd9d4d68-bae4-47d4-94d6-9f65632e5884,c3,c4,1015,?,x8,
1769088870.758019,RECEIVED,7c0cb78b-1c7c-4466-be67-a46c6df50462,cb52e2d2-5332-47f6-ab76-2512a725505f,c2,c3,1443,e3,?,
1769088870.9168599,RECEIVED,949cd605-3492-44e2-9dba-4eacc82f2aa0,60a44a83-bf33-439e-83fb-e2741d07fdfd,c1,DROP,1012,e8,?,
1769088871.0353153,SENT,949cd605-3492-44e2-9dba-4eacc82f2aa0,60a44a83-bf33-439e-83fb-e2741d07fdfd,c1,DROP,686,?,x6,
1769088871.035356,FORWARDED,949cd605-3492-44e2-9dba-4eacc82f2aa0,60a44a83-bf33-439e-83fb-e2741d07fdfd,c1,DROP,686,?,x6,
1769088871.1601439,SENT,7c0cb78b-1c7c-4466-be67-a46c6df50462,cb52e2d2-5332-47f6-ab76-2512a725505f,c2,c3,1011,?,x1,
1769088871.1601908,FORWARDED,7c0cb78b-1c7c-4466-be67-a46c6df50462,cb52e2d2-5332-47f6-ab76-2512a725505f,c2,c3,1011,?,x1,
1769088871.2823572,RECEIVED,964d5867-35b8-46b9-ba73-0f4a3750353a,897d3a5a-8e57-41aa-b82a-c31fec6f954e,c5,c4,1448,e3,?,
1769088871.364477,SENT,964d5867-35b8-46b9-ba73-0f4a3750353a,897d3a5a-8e57-41aa-b82a-c31fec6f954e,c5,c4,1012,?,x8,
1769088871.3645165,FORWARDED,964d5867-35b8-46b9-ba73-0f4a3750353a,897d3a5a-8e57-41aa-b82a-c31fec6f954e,c5,c4,1012,?,x8,
1769088871.5242994,SENT,78134c7e-5fb2-4763-8f96-96e8bad32cc5,bd4da3b7-a0f6-4e6e-adc1-3d99675e156b,c4,c1,1011,?,x5,
1769088871.5243406,FORWARDED,78134c7e-5fb2-4763-8f96-96e8bad32cc5,bd4da3b7-a0f6-4e6e-adc1-3d99675e156b,c4,c1,1011,?,x5,
1769088871.7097976,SENT,ab51c447-3ef4-4e3f-bc35-0d40b216dfe9,6939361e-835d-4544-8f3d-628ed5769aae,c2,DROP,688,?,x5,
1769088871.7098377,FORWARDED,ab51c447-3ef4-4e3f-bc35-0d40b216dfe9,6939361e-835d-4544-8f3d-628ed5769aae,c2,DROP,688,?,x5,
1769088872.2597091,RECEIVED,03c4610d-c0fb-473e-8738-fe924902f24f,7638e565-1534-410a-980f-27182c8eeed5,c5,c4,1465,e1,?,
1769088872.2941382,SENT,03c4610d-c0fb-473e-8738-fe924902f24f,7638e565-1534-410a-980f-27182c8eeed5,c5,c4,1024,?,x11,
1769088872.29418,FORWARDED,03c4610d-c0fb-473e-8738-fe924902f24f,7638e565-1534-410a-980f-27182c8eeed5,c5,c4,1024,?,x11,
1769088872.8011558,RECEIVED,8d5ea3fe-b2cf-495c-bfb1-9af3acdb50f4,a1240b10-afe2-4650-ace6-95554b22bdd7,c5,DROP,1016,e6,?,
1769088872.8994994,SENT,8d5ea3fe-b2cf-495c-bfb1-9af3acdb50f4,a1240b10-afe2-4650-ace6-95554b22bdd7,c5,DROP,688,?,x8,
1769088872.8995392,FORWARDED,8d5ea3fe-b2cf-495c-bfb1-9af3acdb50f4,a1240b10-afe2-4650-ace6-95554b22bdd7,c5,DROP,688,?,x8,
1769088872.9593425,RECEIVED,b0bed6a1-9487-40c1-b9f0-cc65e0461f54,2a4cdc77-a28a-43bf-9c6d-db442807bbed,c5,DROP,441,x2,?,
1769088873.0473535,RECEIVED,5de9b8d9-2674-4cd6-98e8-8a2b11b81c97,7fa8d2e8-6fd3-4a0b-b31f-5ed7d3c3eb7b,c1,DROP,1020,e10,?,
1769088873.0484805,RECEIVED,d4eb051f-ca57-43f9-ac16-005db79beba4,d6ea347f-e4d9-44d1-a05d-979f21b33b5f,c3,c4,1447,e11,?,
1769088873.5830157,SENT,5de9b8d9-2674-4cd6-98e8-8a2b11b81c97,7fa8d2e8-6fd3-4a0b-b31f-5ed7d3c3eb7b,c1,DROP,692,?,x12,
1769088873.5833683,FORWARDED,5de9b8d9-2674-4cd6-98e8-8a2b11b81c97,7fa8d2e8-6fd3-4a0b-b31f-5ed7d3c3eb7b,c1,DROP,692,?,x12,
1769088873.6751385,RECEIVED,df8a9e4a-7b66-45b4-897f-df9045ca9a4f,876a2630-afcb-4647-964b-49e3167a9d40,c2,DROP,1022,e7,?,
1769088873.72033,SENT,df8a9e4a-7b66-45b4-897f-df9045ca9a4f,876a2630-afcb-4647-964b-49e3167a9d40,c2,DROP,693,?,x10,
1769088873.7203689,FORWARDED,df8a9e4a-7b66-45b4-897f-df9045ca9a4f,876a2630-afcb-4647-964b-49e3167a9d40,c2,DROP,693,?,x10,
1769088873.9733083,RECEIVED,e9903879-32b1-44ea-81d0-d740ae411caf,5b3ecb27-bed5-4de0-aeb1-c7fc2e45a2b8,c5,DROP,1012,e3,?,
1769088874.0864851,RECEIVED,d7deb4af-d012-44d3-bb56-e8a7e04635a0,5fb599ba-0b02-476e-b450-58d213630ead,c5,c4,1451,e6,?,
1769088874.3065994,RECEIVED,852eb7a2-ab29-4bcf-9985-f6a863e5859b,e8ba8aa8-fbb4-40ee-ab94-0ef155f7902e,c1,DROP,442,x8,?,
1769088874.409244,SENT,e9903879-32b1-44ea-81d0-d740ae411caf,5b3ecb27-bed5-4de0-aeb1-c7fc2e45a2b8,c5,DROP,685,?,x1,
1769088874.4092882,FORWARDED,e9903879-32b1-44ea-81d0-d740ae411caf,5b3ecb27-bed5-4de0-aeb1-c7fc2e45a2b8,c5,DROP,685,?,x1,
1769088874.6476462,RECEIVED,c7fb50e9-6fba-4499-bbe2-54aebea06ff9,441d986d-f81a-484b-9a1d-00670409a240,c2,DROP,1016,e7,?,
1769088874.768509,SENT,d7deb4af-d012-44d3-bb56-e8a7e04635a0,5fb599ba-0b02-476e-b450-58d213630ead,c5,c4,1015,?,x9,
1769088874.7685494,FORWARDED,d7deb4af-d012-44d3-bb56-e8a7e04635a0,5fb599ba-0b02-476e-b450-58d213630ead,c5,c4,1015,?,x9,
1769088874.7896352,SENT,d4eb051f-ca57-43f9-ac16-005db79beba4,d6ea347f-e4d9-44d1-a05d-979f21b33b5f,c3,c4,1012,?,x5,
1769088874.7896757,FORWARDED,d4eb051f-ca57-43f9-ac16-005db79beba4,d6ea347f-e4d9-44d1-a05d-979f21b33b5f,c3,c4,1012,?,x5,
1769088874.8241732,RECEIVED,c8c18503-fce4-4043-b425-5da750c6945f,d8f163e5-342b-44e4-b3aa-4362a87c4832,c1,c3,1455,e10,?,
1769088875.0805163,RECEIVED,0ae32e49-db3e-477c-a0f1-777a46bc9047,31d0b030-aad6-4a1a-b5bd-f372c11abede,c5,DROP,443,x6,?,
1769088875.083144,RECEIVED,91e3c444-f704-413b-9b3c-1cc5d290f4dc,a77f17fa-7ddc-4fcf-ba74-26afcfcc1c25,c2,DROP,1012,e6,?,
1769088875.141532,SENT,c7fb50e9-6fba-4499-bbe2-54aebea06ff9,441d986d-f81a-484b-9a1d-00670409a240,c2,DROP,688,?,x8,
1769088875.1415753,FORWARDED,c7fb50e9-6fba-4499-bbe2-54aebea06ff9,441d986d-f81a-484b-9a1d-00670409a240,c2,DROP,688,?,x8,
1769088875.149901,RECEIVED,493a3581-1dc6-4579-8226-29983f3ffc47,fde15fc4-acb5-4d30-b8a6-59c41985e71e,c1,c3,1449,e11,?,
1769088875.2125807,SENT,91e3c444-f704-413b-9b3c-1cc5d290f4dc,a77f17fa-7ddc-4fcf-ba74-26afcfcc1c25,c2,DROP,685,?,x5,
1769088875.2126224,FORWARDED,91e3c444-f704-413b-9b3c-1cc5d290f4dc,a77f17fa-7ddc-4fcf-ba74-26afcfcc1c25,c2,DROP,685,?,x5,
1769088875.219232,RECEIVED,28c6368c-0679-416e-beae-2f4753dfa9b0,bdbc742d-edf3-4095-abbe-82f0bb5ab727,c2,DROP,1008,e5,?,
1769088875.3161407,SENT,493a3581-1dc6-4579-8226-29983f3ffc47,fde15fc4-acb5-4d30-b8a6-59c41985e71e,c1,c3,1012,?,x12,
1769088875.3161817,FORWARDED,493a3581-1dc6-4579-8226-29983f3ffc47,fde15fc4-acb5-4d30-b8a6-59c41985e71e,c1,c3,1012,?,x12,
1769088875.3381839,SENT,28c6368c-0679-416e-beae-2f4753dfa9b0,bdbc742d-edf3-4095-abbe-82f0bb5ab727,c2,DROP,684,?,x7,
1769088875.3382232,FORWARDED,28c6368c-0679-416e-beae-2f4753dfa9b0,bdbc742d-edf3-4095-abbe-82f0bb5ab727,c2,DROP,684,?,x7,
1769088875.8747437,SENT,c8c18503-fce4-4043-b425-5da750c6945f,d8f163e5-342b-44e4-b3aa-4362a87c4832,c1,c3,1020,?,x4,
1769088875.8747923,FORWARDED,c8c18503-fce4-4043-b425-5da750c6945f,d8f163e5-342b-44e4-b3aa-4362a87c4832,c1,c3,1020,?,x4,
1769088875.950975,RECEIVED,c5637015-299c-4d94-a8d4-b72b0a0a121f,974d59a5-b7db-44cc-ae19-863f602ea52c,c4,DROP,1011,e5,?,
1769088875.9645617,SENT,c5637015-299c-4d94-a8d4-b72b0a0a121f,974d59a5-b7db-44cc-ae19-863f602ea52c,c4,DROP,687,?,x3,
1769088875.9646003,FORWARDED,c5637015-299c-4d94-a8d4-b72b0a0a121f,974d59a5-b7db-44cc-ae19-863f602ea52c,c4,DROP,687,?,x3,
1769088876.286435,RECEIVED,756c8308-e908-4334-b06e-f86fc1b5bdca,59880c3e-3a8b-4f78-8ada-5715e1386eed,c1,DROP,440,x5,?,
1769088876.6601877,RECEIVED,062ee555-4e38-4abb-8e89-10b8a20e2802,774cbf8c-1376-4b41-be50-dfffabf57785,c2,c3,1461,e5,?,
1769088876.8061879,RECEIVED,7c4847a8-1b07-46c3-b62c-66d82471d62e,e912f0a6-c775-4d1b-9f03-b54a4101618f,c4,DROP,1016,e11,?,
1769088876.827513,RECEIVED,7aaf5a84-b7d1-4a1e-9e1e-7a0019ca3219,457f76de-b31b-4acd-a91a-c6e799050334,c1,DROP,1008,e7,?,
1769088876.8826494,RECEIVED,2e38c809-5707-4eba-80dc-a1f657a0267c,4c29ded6-01fe-450d-94e0-53656eb71b7b,c5,DROP,1015,e10,?,
1769088876.930738,RECEIVED,3003ae43-8be3-467a-b0c9-961b7aa31252,79d812da-4ab6-4bf7-b224-ba6e46de2bb0,c1,c3,1452,e1,?,
1769088876.9638748,SENT,7aaf5a84-b7d1-4a1e-9e1e-7a0019ca3219,457f76de-b31b-4acd-a91a-c6e799050334,c1,DROP,684,?,x4,
1769088876.9639146,FORWARDED,7aaf5a84-b7d1-4a1e-9e1e-7a0019ca3219,457f76de-b31b-4acd-a91a-c6e799050334,c1,DROP,684,?,x4,
1769088877.007328,SENT,062ee555-4e38-4abb-8e89-10b8a20e2802,774cbf8c-1376-4b41-be50-dfffabf57785,c2,c3,1021,?,x11,
1769088877.0075536,FORWARDED,062ee555-4e38-4abb-8e89-10b8a20e2802,774cbf8c-1376-4b41-be50-dfffabf57785,c2,c3,1021,?,x11,
1769088877.0562067,SENT,3003ae43-8be3-467a-b0c9-961b7aa31252,79d812da-4ab6-4bf7-b224-ba6e46de2bb0,c1,c3,1015,?,x4,
1769088877.0562487,FORWARDED,3003ae43-8be3-467a-b0c9-961b7aa31252,79d812da-4ab6-4bf7-b224-ba6e46de2bb0,c1,c3,1015,?,x4,
1769088877.1186855,RECEIVED,c8f401f6-a037-4345-8f46-d56a2e534e22,12f17b0e-933c-47e2-a8ea-c3d886f020cf,c1,DROP,1013,e3,?,
1769088877.159387,SENT,c8f401f6-a037-4345-8f46-d56a2e534e22,12f17b0e-933c-47e2-a8ea-c3d886f020cf,c1,DROP,686,?,x6,
1769088877.1594274,FORWARDED,c8f401f6-a037-4345-8f46-d56a2e534e22,12f17b0e-933c-47e2-a8ea-c3d886f020cf,c1,DROP,686,?,x6,
1769088877.1875207,RECEIVED,5205cc36-36b3-480f-917c-a3007c0b7b90,a9dcae3f-60a4-4a31-804e-35f69ec8495f,c4,DROP,1008,e1,?,
1769088877.4939857,SENT,5205cc36-36b3-480f-917c-a3007c0b7b90,a9dcae3f-60a4-4a31-804e-35f69ec8495f,c4,DROP,683,?,x12,
1769088877.494029,FORWARDED,5205cc36-36b3-480f-917c-a3007c0b7b90,a9dcae3f-60a4-4a31-804e-35f69ec8495f,c4,DROP,683,?,x12,
1769088877.5544913,SENT,2e38c809-5707-4eba-80dc-a1f657a0267c,4c29ded6-01fe-450d-94e0-53656eb71b7b,c5,DROP,688,?,x4,
1769088877.554528,FORWARDED,2e38c809-5707-4eba-80dc-a1f657a0267c,4c29ded6-01fe-450d-94e0-53656eb71b7b,c5,DROP,688,?,x4,
1769088877.626015,RECEIVED,d6578fb7-3e62-4e4f-9a27-7116085ed16f,7fbd8ed7-0570-472e-be64-ec76a6a87af8,c1,DROP,441,x4,?,
1769088877.7998266,RECEIVED,0f6d2ece-02db-4738-b2a2-7838cc50f8ea,b43a5774-3b4f-4ac3-a520-a25e93e5afaa,c1,DROP,441,x4,?,
1769088877.9512875,RECEIVED,4ce3b104-2c34-47da-8bf4-008e9f9a837d,46887267-52b8-4d38-87cf-802c9b58915f,c5,DROP,1011,e4,?,
1769088878.2343023,RECEIVED,ba1c4ef5-5989-4a2d-a765-6de5e086e4b8,eb373493-8426-49f7-bbda-230e6f0c761f,c5,c4,1447,e1,?,
1769088878.5764463,RECEIVED,b0fa9df4-b237-40e4-b062-a8393786dda1,6dd1c4aa-8729-4d92-986c-aab1f89a89ec,c1,DROP,442,x7,?,
1769088878.7797356,RECEIVED,ef316320-96ca-4803-b1e4-76bb514a9411,0120ab44-45ba-4ec9-8ee3-a30a4c25f323,c5,c4,1447,e10,?,
1769088879.1063197,SENT,ba1c4ef5-5989-4a2d-a765-6de5e086e4b8,eb373493-8426-49f7-bbda-230e6f0c761f,c5,c4,1012,?,x6,
1769088879.1063578,FORWARDED,ba1c4ef5-5989-4a2d-a765-6de5e086e4b8,eb373493-8426-49f7-bbda-230e6f0c761f,c5,c4,1012,?,x6,
1769088879.2240353,SENT,4ce3b104-2c34-47da-8bf4-008e9f9a837d,46887267-52b8-4d38-87cf-802c9b58915f,c5,DROP,687,?,x12,
1769088879.2240868,FORWARDED,4ce3b104-2c34-47da-8bf4-008e9f9a837d,46887267-52b8-4d38-87cf-802c9b58915f,c5,DROP,687,?,x12,
1769088879.394417,RECEIVED,65afbf13-00e1-406f-95ea-fcff367036fb,71049e66-ba85-48bc-aa91-bf31cebd0a60,c2,c3,1451,e9,?,
1769088879.5145454,SENT,ef316320-96ca-4803-b1e4-76bb514a9411,0120ab44-45ba-4ec9-8ee3-a30a4c25f323,c5,c4,1012,?,x7,
1769088879.5145845,FORWARDED,ef316320-96ca-4803-b1e4-76bb514a9411,0120ab44-45ba-4ec9-8ee3-a30a4c25f323,c5,c4,1012,?,x7,
1769088879.6611488,SENT,7c4847a8-1b07-46c3-b62c-66d82471d62e,e912f0a6-c775-4d1b-9f03-b54a4101618f,c4,DROP,689,?,x11,
1769088879.6611876,FORWARDED,7c4847a8-1b07-46c3-b62c-66d82471d62e,e912f0a6-c775-4d1b-9f03-b54a4101618f,c4,DROP,689,?,x11,
1769088879.7630413,RECEIVED,7bda9e57-c0fb-4d26-ad4f-97e4bb03e338,0d046372-295b-4c2b-8ea5-741488a38d2a,c4,c1,1449,e5,?,
1769088879.786832,SENT,65afbf13-00e1-406f-95ea-fcff367036fb,71049e66-ba85-48bc-aa91-bf31cebd0a60,c2,c3,1017,?,x4,
1769088879.7868705,FORWARDED,65afbf13-00e1-406f-95ea-fcff367036fb,71049e66-ba85-48bc-aa91-bf31cebd0a60,c2,c3,1017,?,x4,
1769088879.8735642,SENT,7bda9e57-c0fb-4d26-ad4f-97e4bb03e338,0d046372-295b-4c2b-8ea5-741488a38d2a,c4,c1,1012,?,x10,
1769088879.873606,FORWARDED,7bda9e57-c0fb-4d26-ad4f-97e4bb03e338,0d046372-295b-4c2b-8ea5-741488a38d2a,c4,c1,1012,?,x10,
1769088880.1123874,RECEIVED,45b709af-b8dc-493c-a7a0-1e5a382a391c,dff91787-f185-4d56-9cd5-584bdf4e005c,c4,DROP,441,x12,?,
1769088880.222503,RECEIVED,64bb168d-03b9-4ac7-a647-16d5984c26f0,34ab0942-9488-4fcb-aaa9-4b3b9dcb2b46,c5,DROP,1012,e11,?,
1769088880.290557,RECEIVED,88121b53-4c05-41ea-9fff-060aa2a0759e,ecb6b7ac-cd66-4edb-b3c9-0b22e010723b,c5,DROP,1007,e1,?,
1769088880.3747134,SENT,64bb168d-03b9-4ac7-a647-16d5984c26f0,34ab0942-9488-4fcb-aaa9-4b3b9dcb2b46,c5,DROP,685,?,x9,
1769088880.3747504,FORWARDED,64bb168d-03b9-4ac7-a647-16d5984c26f0,34ab0942-9488-4fcb-aaa9-4b3b9dcb2b46,c5,DROP,685,?,x9,
1769088880.471244,RECEIVED,5ba064de-5a3d-481d-af35-0a785f1a73c8,ea5a8421-88ae-4598-b060-292b089f5249,c1,DROP,1008,e9,?,
1769088880.5937817,RECEIVED,a7e0c96c-2e67-4cd2-b0e6-9d394a4edbc2,ad6ed285-e342-497e-8229-4c5c47992d8c,c4,DROP,1017,e4,?,
1769088880.6565847,RECEIVED,3622a5e3-f5fc-44ae-9d7e-798b335c38d0,4ec59d42-4d68-46b8-9e54-c33028bafdf5,c1,c3,1445,e1,?,
1769088880.6771715,SENT,a7e0c96c-2e67-4cd2-b0e6-9d394a4edbc2,ad6ed285-e342-497e-8229-4c5c47992d8c,c4,DROP,689,?,x11,
1769088880.677206,FORWARDED,a7e0c96c-2e67-4cd2-b0e6-9d394a4edbc2,ad6ed285-e342-497e-8229-4c5c47992d8c,c4,DROP,689,?,x11,
1769088880.6860888,SENT,3622a5e3-f5fc-44ae-9d7e-798b335c38d0,4ec59d42-4d68-46b8-9e54-c33028bafdf5,c1,c3,1011,?,x6,
1769088880.6861305,FORWARDED,3622a5e3-f5fc-44ae-9d7e-798b335c38d0,4ec59d42-4d68-46b8-9e54-c33028bafdf5,c1,c3,1011,?,x6,
1769088880.8493938,RECEIVED,d52249db-de6f-46ef-aa4a-f81ff37505c8,cd7f7d25-f8ef-4602-a7d1-3cd8757d6ddf,c3,c4,1450,e8,?,
1769088880.8817766,RECEIVED,1e553da3-9070-4619-943a-7910a6e40c8a,244b4b92-22a7-47cf-a003-0c843e9cf170,c4,DROP,1014,e3,?,
1769088880.8906887,SENT,d52249db-de6f-46ef-aa4a-f81ff37505c8,cd7f7d25-f8ef-4602-a7d1-3cd8757d6ddf,c3,c4,1014,?,x12,
1769088880.890728,FORWARDED,d52249db-de6f-46ef-aa4a-f81ff37505c8,cd7f7d25-f8ef-4602-a7d1-3cd8757d6ddf,c3,c4,1014,?,x12,
1769088880.9511704,SENT,88121b53-4c05-41ea-9fff-060aa2a0759e,ecb6b7ac-cd66-4edb-b3c9-0b22e010723b,c5,DROP,684,?,x2,
1769088880.9512124,FORWARDED,88121b53-4c05-41ea-9fff-060aa2a0759e,ecb6b7ac-cd66-4edb-b3c9-0b22e010723b,c5,DROP,684,?,x2,
1769088881.2753558,SENT,1e553da3-9070-4619-943a-7910a6e40c8a,244b4b92-22a7-47cf-a003-0c843e9cf170,c4,DROP,688,?,x7,
1769088881.2753973,FORWARDED,1e553da3-9070-4619-943a-7910a6e40c8a,244b4b92-22a7-47cf-a003-0c843e9cf170,c4,DROP,688,?,x7,
1769088881.432295,SENT,5ba064de-5a3d-481d-af35-0a785f1a73c8,ea5a8421-88ae-4598-b060-292b089f5249,c1,DROP,684,?,x10,
1769088881.4323359,FORWARDED,5ba064de-5a3d-481d-af35-0a785f1a73c8,ea5a8421-88ae-4598-b060-292b089f5249,c1,DROP,684,?,x10,
1769088881.4735477,RECEIVED,abac5df6-5045-4f78-8ae3-5ac9deff80c2,ade78088-e2d3-4853-9e3c-9f5d24aa5b36,c1,c3,1449,e5,?,
1769088881.4811134,RECEIVED,40996e12-1971-4f64-8597-51513e72576d,e7ae4e8e-2b61-4d6e-b917-e55e0a531f6f,c2,DROP,441,x5,?,
1769088881.5337517,SENT,abac5df6-5045-4f78-8ae3-5ac9deff80c2,ade78088-e2d3-4853-9e3c-9f5d24aa5b36,c1,c3,1014,?,x10,
1769088881.5337884,FORWARDED,abac5df6-5045-4f78-8ae3-5ac9deff80c2,ade78088-e2d3-4853-9e3c-9f5d24aa5b36,c1,c3,1014,?,x10,
1769088881.596928,RECEIVED,03b90034-afad-47d2-8197-0f3be941b3ab,a75e4f47-9ff3-41c2-90c9-a079cbc8009e,c5,DROP,1016,e3,?,
1769088882.0128403,RECEIVED,89aeecb3-f16b-4ba2-a7ff-22877088c927,71c66d71-12de-4b0f-85cb-4818fa422c73,c3,c4,1446,e7,?,
1769088882.0753753,SENT,89aeecb3-f16b-4ba2-a7ff-22877088c927,71c66d71-12de-4b0f-85cb-4818fa422c73,c3,c4,1011,?,x10,
1769088882.075416,FORWARDED,89aeecb3-f16b-4ba2-a7ff-22877088c927,71c66d71-12de-4b0f-85cb-4818fa422c73,c3,c4,1011,?,x10,
1769088882.1711774,SENT,03b90034-afad-47d2-8197-0f3be941b3ab,a75e4f47-9ff3-41c2-90c9-a079cbc8009e,c5,DROP,688,?,x11,
1769088882.1712186,FORWARDED,03b90034-afad-47d2-8197-0f3be941b3ab,a75e4f47-9ff3-41c2-90c9-a079cbc8009e,c5,DROP,688,?,x11,
1769088882.2538428,RECEIVED,bdb9b179-ce25-4093-8f15-170edb60c7b6,5b05b68c-de59-4b77-8b19-367b136cf2dc,c4,c1,1456,e4,?,
1769088882.4339163,RECEIVED,bb1de8a7-f4f1-4fcc-93f9-aee902fe9818,56fa1d4f-7e4a-4dfa-976f-60b290247290,c1,c3,1451,e11,?,
1769088882.6971624,RECEIVED,e1cc0fd2-08ae-4096-8376-fe3c693e5115,4db68ad2-208b-4f98-baec-d603773d4d9f,c1,c3,1446,e8,?,
1769088882.701833,SENT,bdb9b179-ce25-4093-8f15-170edb60c7b6,5b05b68c-de59-4b77-8b19-367b136cf2dc,c4,c1,1020,?,x10,
1769088882.7018733,FORWARDED,bdb9b179-ce25-4093-8f15-170edb60c7b6,5b05b68c-de59-4b77-8b19-367b136cf2dc,c4,c1,1020,?,x10,
1769088882.7292068,RECEIVED,551c4eb2-6a65-4d8d-b553-65cc7c513718,fdb33e68-1ba6-4595-a949-150207da6da7,c3,DROP,1008,e4,?,
1769088882.7721517,RECEIVED,b6ef0f11-b8c7-4dc8-8c66-b9383e7df9f4,84d7a366-08c3-405f-90d1-c329edf1bc64,c3,DROP,442,x8,?,
1769088883.0159993,SENT,551c4eb2-6a65-4d8d-b553-65cc7c513718,fdb33e68-1ba6-4595-a949-150207da6da7,c3,DROP,682,?,x4,
1769088883.0160427,FORWARDED,551c4eb2-6a65-4d8d-b553-65cc7c513718,fdb33e68-1ba6-4595-a949-150207da6da7,c3,DROP,682,?,x4,
1769088883.155954,RECEIVED,410f569f-6717-4bb1-9cd4-9fd3ccf98683,a62a6158-13ca-4928-badc-c7b4165c367b,c1,DROP,1015,e3,?,
1769088883.185288,RECEIVED,4de9a1ca-b4f7-4bb1-9309-4446cbdfe300,94c57b11-c42f-48f3-b9f2-2481145af8f9,c4,c1,1464,e10,?,
1769088883.2691395,RECEIVED,a01302e2-0b48-44f9-b561-b0e9d61da7f9,f190c2e6-d866-49a0-aff0-f25c13260e81,c2,DROP,1011,e4,?,
1769088883.4285705,SENT,e1cc0fd2-08ae-4096-8376-fe3c693e5115,4db68ad2-208b-4f98-baec-d603773d4d9f,c1,c3,1014,?,x10,
1769088883.4286118,FORWARDED,e1cc0fd2-08ae-4096-8376-fe3c693e5115,4db68ad2-208b-4f98-baec-d603773d4d9f,c1,c3,1014,?,x10,
1769088883.4644957,RECEIVED,389227af-d907-442f-acfe-56d497e1546c,1e123eb8-f741-41af-9042-d1763f619e59,c5,c4,1451,e7,?,
1769088883.6209197,SENT,4de9a1ca-b4f7-4bb1-9309-4446cbdfe300,94c57b11-c42f-48f3-b9f2-2481145af8f9,c4,c1,1024,?,x9,
1769088883.6209588,FORWARDED,4de9a1ca-b4f7-4bb1-9309-4446cbdfe300,94c57b11-c42f-48f3-b9f2-2481145af8f9,c4,c1,1024,?,x9,
1769088883.7311056,SENT,bb1de8a7-f4f1-4fcc-93f9-aee902fe9818,56fa1d4f-7e4a-4dfa-976f-60b290247290,c1,c3,1015,?,x4,
1769088883.7311463,FORWARDED,bb1de8a7-f4f1-4fcc-93f9-aee902fe9818,56fa1d4f-7e4a-4dfa-976f-60b290247290,c1,c3,1015,?,x4,
1769088883.9094307,RECEIVED,7d8980f7-7542-4dbc-8634-08d6ae630e7c,932fe3ae-585f-4ba1-8a5e-85985fa1575f,c2,DROP,1017,e2,?,
1769088883.9483936,RECEIVED,39527488-5f51-425e-add9-1200a80276e6,c5d2fa30-0395-496b-a15b-bf5a3c68177c,c5,c4,1459,e12,?,
1769088884.0081325,SENT,410f569f-6717-4bb1-9cd4-9fd3ccf98683,a62a6158-13ca-4928-badc-c7b4165c367b,c1,DROP,689,?,x2,
1769088884.0081718,FORWARDED,410f569f-6717-4bb1-9cd4-9fd3ccf98683,a62a6158-13ca-4928-badc-c7b4165c367b,c1,DROP,689,?,x2,
1769088884.1500108,SENT,7d8980f7-7542-4dbc-8634-08d6ae630e7c,932fe3ae-585f-4ba1-8a5e-85985fa1575f,c2,DROP,688,?,x10,
1769088884.1500597,FORWARDED,7d8980f7-7542-4dbc-8634-08d6ae630e7c,932fe3ae-585f-4ba1-8a5e-85985fa1575f,c2,DROP,688,?,x10,
1769088884.2563899,RECEIVED,14cb4260-86ac-41e5-8656-fb5406bb0e1c,73dea846-e71b-4c9d-ab92-20f34f073225,c4,DROP,1007,e10,?,
1769088884.352744,SENT,389227af-d907-442f-acfe-56d497e1546c,1e123eb8-f741-41af-9042-d1763f619e59,c5,c4,1016,?,x5,
1769088884.3527958,FORWARDED,389227af-d907-442f-acfe-56d497e1546c,1e123eb8-f741-41af-9042-d1763f619e59,c5,c4,1016,?,x5,
1769088884.727349,RECEIVED,e55e5bad-d596-461d-b86d-6abf8cb5a262,05c75bf0-cbd9-48b2-84ce-205ac27c64d3,c2,DROP,446,x10,?,
1769088884.8288789,SENT,14cb4260-86ac-41e5-8656-fb5406bb0e1c,73dea846-e71b-4c9d-ab92-20f34f073225,c4,DROP,683,?,x3,
1769088884.8289194,FORWARDED,14cb4260-86ac-41e5-8656-fb5406bb0e1c,73dea846-e71b-4c9d-ab92-20f34f073225,c4,DROP,683,?,x3,
1769088884.8834796,RECEIVED,a97831cf-ca8a-44d9-8425-d57aeecb852c,b2fd5582-d824-4d5e-817b-98855c1c391e,c2,DROP,1005,e7,?,
1769088884.970709,RECEIVED,27f04117-9454-4b3c-bbe6-f419bea8a66f,40a318d1-ded8-4608-90c2-f27c5338a379,c4,c1,1449,e10,?,
1769088885.032378,SENT,27f04117-9454-4b3c-bbe6-f419bea8a66f,40a318d1-ded8-4608-90c2-f27c5338a379,c4,c1,1013,?,x7,
1769088885.0324087,FORWARDED,27f04117-9454-4b3c-bbe6-f419bea8a66f,40a318d1-ded8-4608-90c2-f27c5338a379,c4,c1,1013,?,x7,
1769088885.4234438,RECEIVED,e05e4b23-1331-46d5-93cc-ecfa19ee9152,a2053af2-aac6-4c57-a367-78ed3b5b5e20,c3,DROP,1016,e9,?,
1769088885.521412,SENT,a97831cf-ca8a-44d9-8425-d57aeecb852c,b2fd5582-d824-4d5e-817b-98855c1c391e,c2,DROP,683,?,x7,
1769088885.521452,FORWARDED,a97831cf-ca8a-44d9-8425-d57aeecb852c,b2fd5582-d824-4d5e-817b-98855c1c391e,c2,DROP,683,?,x7,
1769088885.6829815,RECEIVED,d8419d38-c670-41c3-a1d8-67d01f9a2d9c,d7391dce-a7a3-4f4d-8f8f-2567e1945185,c5,DROP,1012,e2,?,
1769088885.709352,SENT,39527488-5f51-425e-add9-1200a80276e6,c5d2fa30-0395-496b-a15b-bf5a3c68177c,c5,c4,1023,?,x8,
1769088885.7093918,FORWARDED,39527488-5f51-425e-add9-1200a80276e6,c5d2fa30-0395-496b-a15b-bf5a3c68177c,c5,c4,1023,?,x8,
1769088885.819099,SENT,e05e4b23-1331-46d5-93cc-ecfa19ee9152,a2053af2-aac6-4c57-a367-78ed3b5b5e20,c3,DROP,688,?,x1,
1769088885.819143,FORWARDED,e05e4b23-1331-46d5-93cc-ecfa19ee9152,a2053af2-aac6-4c57-a367-78ed3b5b5e20,c3,DROP,688,?,x1,
1769088885.838235,SENT,d8419d38-c670-41c3-a1d8-67d01f9a2d9c,d7391dce-a7a3-4f4d-8f8f-2567e1945185,c5,DROP,687,?,x9,
1769088885.8382747,FORWARDED,d8419d38-c670-41c3-a1d8-67d01f9a2d9c,d7391dce-a7a3-4f4d-8f8f-2567e1945185,c5,DROP,687,?,x9,
1769088885.840596,RECEIVED,f9aee54f-6111-4a2c-a0d6-c907d31d87eb,c17b6ba2-ed97-4623-9698-91d03f45f6d7,c5,c4,1452,e9,?,
1769088885.868213,SENT,a01302e2-0b48-44f9-b561-b0e9d61da7f9,f190c2e6-d866-49a0-aff0-f25c13260e81,c2,DROP,687,?,x8,
1769088885.8682532,FORWARDED,a01302e2-0b48-44f9-b561-b0e9d61da7f9,f190c2e6-d866-49a0-aff0-f25c13260e81,c2,DROP,687,?,x8,
1769088885.939486,RECEIVED,c6d5e1e4-f72c-4181-817c-177154f99083,eb0a4644-56cf-4b39-a866-528abe9860b3,c2,c3,1448,e7,?,
1769088886.061619,SENT,c6d5e1e4-f72c-4181-817c-177154f99083,eb0a4644-56cf-4b39-a866-528abe9860b3,c2,c3,1012,?,x7,
1769088886.0616596,FORWARDED,c6d5e1e4-f72c-4181-817c-177154f99083,eb0a4644-56cf-4b39-a866-528abe9860b3,c2,c3,1012,?,x7,
1769088886.1407232,RECEIVED,e9b038b9-135f-4302-bdb7-9a47ec2e5c1b,c7e64d25-19c7-4b0f-ae27-fdb83f928c68,c1,c3,1455,e1,?,
1769088886.2491412,RECEIVED,fba38137-01e7-4392-af9a-393734073384,56fd8e83-9fb6-49e0-91ba-7e5cf207b0b0,c1,c3,1452,e1,?,
1769088886.2933757,SENT,e9b038b9-135f-4302-bdb7-9a47ec2e5c1b,c7e64d25-19c7-4b0f-ae27-fdb83f928c68,c1,c3,1020,?,x10,
1769088886.2934463,FORWARDED,e9b038b9-135f-4302-bdb7-9a47ec2e5c1b,c7e64d25-19c7-4b0f-ae27-fdb83f928c68,c1,c3,1020,?,x10,
1769088886.3361573,SENT,fba38137-01e7-4392-af9a-393734073384,56fd8e83-9fb6-49e0-91ba-7e5cf207b0b0,c1,c3,1016,?,x1,
1769088886.3361964,FORWARDED,fba38137-01e7-4392-af9a-393734073384,56fd8e83-9fb6-49e0-91ba-7e5cf207b0b0,c1,c3,1016,?,x1,
1769088886.697171,RECEIVED,e045085f-2e1d-4e36-8a66-1ac0d756549b,5b700d9d-0a0d-4353-a6c4-7946085aac25,c2,c3,1456,e6,?,
1769088886.7397501,SENT,e045085f-2e1d-4e36-8a66-1ac0d756549b,5b700d9d-0a0d-4353-a6c4-7946085aac25,c2,c3,1019,?,x6,
1769088886.7397895,FORWARDED,e045085f-2e1d-4e36-8a66-1ac0d756549b,5b700d9d-0a0d-4353-a6c4-7946085aac25,c2,c3,1019,?,x6,
1769088886.743198,SENT,f9aee54f-6111-4a2c-a0d6-c907d31d87eb,c17b6ba2-ed97-4623-9698-91d03f45f6d7,c5,c4,1016,?,x12,
1769088886.743238,FORWARDED,f9aee54f-6111-4a2c-a0d6-c907d31d87eb,c17b6ba2-ed97-4623-9698-91d03f45f6d7,c5,c4,1016,?,x12,
1769088886.8079236,RECEIVED,8abe8e9a-5b9a-4513-97a9-b8f1b4d8a1fd,88b5c548-bc60-4c7c-9960-fa59260b5c6c,c4,c1,1457,e4,?,
1769088886.9987612,RECEIVED,ea53dad3-198c-4509-8aa7-98b08c8d204d,4f747b67-bc94-47c7-83d6-070fed9a3615,c5,c4,1455,e10,?,
1769088887.0754237,SENT,8abe8e9a-5b9a-4513-97a9-b8f1b4d8a1fd,88b5c548-bc60-4c7c-9960-fa59260b5c6c,c4,c1,1018,?,x10,
1769088887.075463,FORWARDED,8abe8e9a-5b9a-4513-97a9-b8f1b4d8a1fd,88b5c548-bc60-4c7c-9960-fa59260b5c6c,c4,c1,1018,?,x10,
1769088887.389186,RECEIVED,2c9b8d71-a10d-4201-911c-a34ae5e1e41f,c0544c00-5e84-4086-87c2-0dc89d79aa91,c4,c1,1455,e3,?,
1769088887.3892834,RECEIVED,e3da038b-c1e1-433a-b9b8-f4916e210cc4,3ec1ccc2-fe8a-46e7-bcc6-2a9720d5b29e,c4,DROP,1011,e4,?,
1769088887.511181,SENT,ea53dad3-198c-4509-8aa7-98b08c8d204d,4f747b67-bc94-47c7-83d6-070fed9a3615,c5,c4,1018,?,x9,
1769088887.5112226,FORWARDED,ea53dad3-198c-4509-8aa7-98b08c8d204d,4f747b67-bc94-47c7-83d6-070fed9a3615,c5,c4,1018,?,x9,
1769088887.7074857,RECEIVED,44cffb7f-a265-4c83-b4b3-a333d7cbfa2c,411fe881-11cd-4db6-a36c-641a02ba5760,c3,c4,1452,e3,?,
1769088887.8919988,SENT,e3da038b-c1e1-433a-b9b8-f4916e210cc4,3ec1ccc2-fe8a-46e7-bcc6-2a9720d5b29e,c4,DROP,685,?,x9,
1769088887.8920407,FORWARDED,e3da038b-c1e1-433a-b9b8-f4916e210cc4,3ec1ccc2-fe8a-46e7-bcc6-2a9720d5b29e,c4,DROP,685,?,x9,
1769088887.9427567,RECEIVED,6077b481-58a4-47f3-84f3-aeb7576f6eff,53b1056c-a462-4be5-b7d3-ef1a50b7eee5,c2,c3,1448,e2,?,
1769088887.9556334,SENT,2c9b8d71-a10d-4201-911c-a34ae5e1e41f,c0544c00-5e84-4086-87c2-0dc89d79aa91,c4,c1,1020,?,x7,
1769088887.9556746,FORWARDED,2c9b8d71-a10d-4201-911c-a34ae5e1e41f,c0544c00-5e84-4086-87c2-0dc89d79aa91,c4,c1,1020,?,x7,
1769088888.0574324,SENT,44cffb7f-a265-4c83-b4b3-a333d7cbfa2c,411fe881-11cd-4db6-a36c-641a02ba5760,c3,c4,1015,?,x9,
1769088888.0574698,FORWARDED,44cffb7f-a265-4c83-b4b3-a333d7cbfa2c,411fe881-11cd-4db6-a36c-641a02ba5760,c3,c4,1015,?,x9,
1769088888.1589394,RECEIVED,cb5a3714-a559-4987-86d2-73e218a349fe,54e94a3d-771b-453e-9668-31dcadeb73cc,c2,DROP,1019,e11,?,
1769088888.3182611,RECEIVED,6cd6059f-993b-42b3-a6ac-1f090c20c70f,e34d6c7d-e520-4a7e-970a-24600de2efd0,c4,DROP,1009,e5,?,
1769088888.4654975,SENT,6cd6059f-993b-42b3-a6ac-1f090c20c70f,e34d6c7d-e520-4a7e-970a-24600de2efd0,c4,DROP,683,?,x10,
1769088888.4655368,FORWARDED,6cd6059f-993b-42b3-a6ac-1f090c20c70f,e34d6c7d-e520-4a7e-970a-24600de2efd0,c4,DROP,683,?,x10,
1769088888.5253098,SENT,6077b481-58a4-47f3-84f3-aeb7576f6eff,53b1056c-a462-4be5-b7d3-ef1a50b7eee5,c2,c3,1012,?,x11,
1769088888.525348,FORWARDED,6077b481-58a4-47f3-84f3-aeb7576f6eff,53b1056c-a462-4be5-b7d3-ef1a50b7eee5,c2,c3,1012,?,x11,
1769088888.8182104,SENT,cb5a3714-a559-4987-86d2-73e218a349fe,54e94a3d-771b-453e-9668-31dcadeb73cc,c2,DROP,691,?,x11,
1769088888.8182502,FORWARDED,cb5a3714-a559-4987-86d2-73e218a349fe,54e94a3d-771b-453e-9668-31dcadeb73cc,c2,DROP,691,?,x11,
1769088889.6631145,RECEIVED,f1816dfd-2e87-4447-b222-e5e184cc7609,49558cbd-cced-4125-9e29-e0c14b0c7118,c5,DROP,1008,e2,?,
1769088889.7107177,RECEIVED,12f26940-245f-4580-8e40-5c8faf3f34be,74ee3431-e918-439e-a4ca-ee62386d8b1e,c5,c4,1451,e7,?,
1769088889.7960205,SENT,f1816dfd-2e87-4447-b222-e5e184cc7609,49558cbd-cced-4125-9e29-e0c14b0c7118,c5,DROP,684,?,x8,
1769088889.796095,FORWARDED,f1816dfd-2e87-4447-b222-e5e184cc7609,49558cbd-cced-4125-9e29-e0c14b0c7118,c5,DROP,684,?,x8,
1769088890.6344528,RECEIVED,3381961b-8189-4bdb-8371-ec36248994f9,b38883d4-8296-4bd3-b9b1-b836f5bdbc9b,c1,c3,1443,e10,?,
1769088890.912972,RECEIVED,4d6b5bdd-d572-42d3-b8c2-486e960d87c1,5dc06b12-5435-4b10-bd3d-273c0905640f,c1,DROP,446,x11,?,
1769088890.9139688,SENT,3381961b-8189-4bdb-8371-ec36248994f9,b38883d4-8296-4bd3-b9b1-b836f5bdbc9b,c1,c3,1011,?,x10,
1769088890.9140067,FORWARDED,3381961b-8189-4bdb-8371-ec36248994f9,b38883d4-8296-4bd3-b9b1-b836f5bdbc9b,c1,c3,1011,?,x10,
1769088890.967114,RECEIVED,ce51e36f-9f57-4d58-901f-f5f8d8bfd759,3eaacb1b-6ff0-4ca0-92d1-e54f9e4ba747,c4,c1,1447,e4,?,
1769088891.003362,RECEIVED,dd6fd3f9-c2fa-477c-9aff-154a57b20aff,1b330a8c-a0d5-4784-abe0-ae2c67dea13b,c5,c4,1457,e3,?,
1769088891.073949,RECEIVED,1cd46465-2183-4173-b4a6-4d5b8648c447,f44e0c96-c811-4434-8c1f-61b3aa174289,c1,DROP,1007,e11,?,
1769088891.099344,SENT,dd6fd3f9-c2fa-477c-9aff-154a57b20aff,1b330a8c-a0d5-4784-abe0-ae2c67dea13b,c5,c4,1019,?,x12,
1769088891.099384,FORWARDED,dd6fd3f9-c2fa-477c-9aff-154a57b20aff,1b330a8c-a0d5-4784-abe0-ae2c67dea13b,c5,c4,1019,?,x12,
1769088891.1521814,SENT,12f26940-245f-4580-8e40-5c8faf3f34be,74ee3431-e918-439e-a4ca-ee62386d8b1e,c5,c4,1016,?,x9,
1769088891.1522212,FORWARDED,12f26940-245f-4580-8e40-5c8faf3f34be,74ee3431-e918-439e-a4ca-ee62386d8b1e,c5,c4,1016,?,x9,
1769088891.315824,RECEIVED,3642b355-4ced-4f59-827e-c3b30e02aec5,1110bb5a-0676-4fe8-91c9-da6eb31f5371,c5,DROP,441,x8,?,
1769088891.4441128,SENT,ce51e36f-9f57-4d58-901f-f5f8d8bfd759,3eaacb1b-6ff0-4ca0-92d1-e54f9e4ba747,c4,c1,1012,?,x5,
1769088891.4441535,FORWARDED,ce51e36f-9f57-4d58-901f-f5f8d8bfd759,3eaacb1b-6ff0-4ca0-92d1-e54f9e4ba747,c4,c1,1012,?,x5,
1769088891.462133,SENT,1cd46465-2183-4173-b4a6-4d5b8648c447,f44e0c96-c811-4434-8c1f-61b3aa174289,c1,DROP,684,?,x7,
1769088891.4621673,FORWARDED,1cd46465-2183-4173-b4a6-4d5b8648c447,f44e0c96-c811-4434-8c1f-61b3aa174289,c1,DROP,684,?,x7,
1769088891.4840064,RECEIVED,c18a2116-c578-4916-a3ec-5d6932aa3cb2,c5772807-2bf8-4e5a-b96d-75a88d0686e5,c2,c3,1452,e10,?,
1769088891.5486133,RECEIVED,e0dad72d-e688-47e0-a2d2-c8de20cb1631,a7bc4a15-4537-482e-9e0c-a0d619737067,c1,DROP,446,x3,?,
1769088891.6221657,RECEIVED,3a26e0be-1c12-4d1c-9013-a95cde15ca3c,0a0cf277-4dd3-4c8e-847b-39e8fd480236,c1,c3,1443,e1,?,
1769088891.7675722,SENT,c18a2116-c578-4916-a3ec-5d6932aa3cb2,c5772807-2bf8-4e5a-b96d-75a88d0686e5,c2,c3,1015,?,x3,
1769088891.7676094,FORWARDED,c18a2116-c578-4916-a3ec-5d6932aa3cb2,c5772807-2bf8-4e5a-b96d-75a88d0686e5,c2,c3,1015,?,x3,
1769088891.8287885,RECEIVED,cdbee85d-49c6-4843-b647-0f7ec0f15630,f88e689a-b28a-47d2-846f-f8eeff6c1efe,c1,DROP,441,x1,?,
1769088892.0326364,RECEIVED,0b106d43-c11d-486a-b578-df6709437430,67277c3d-8cdb-490b-9658-8c98582f010b,c5,DROP,441,x10,?,
1769088892.0941498,RECEIVED,73541a6f-a9d4-4cb4-8f97-2c8269793583,37ef643e-35da-412b-9485-4726862373a3,c1,c3,1443,e5,?,
1769088892.2018194,SENT,3a26e0be-1c12-4d1c-9013-a95cde15ca3c,0a0cf277-4dd3-4c8e-847b-39e8fd480236,c1,c3,1011,?,x1,
1769088892.201858,FORWARDED,3a26e0be-1c12-4d1c-9013-a95cde15ca3c,0a0cf277-4dd3-4c8e-847b-39e8fd480236,c1,c3,1011,?,x1,
1769088892.2886395,RECEIVED,726e93de-8386-4800-91d0-791c6dc2844d,ece80792-b75f-428f-a7e7-382533bd477b,c4,DROP,1011,e7,?,
1769088892.3928115,RECEIVED,6862150e-a93d-4da4-b860-4e6c257a1923,cc02c9d1-6009-4a65-8dca-80d8b5ec32aa,c1,c3,1451,e7,?,
1769088892.7660718,RECEIVED,23f1adf4-c39a-4ee4-9d41-490fc04cfddd,2aeafb7a-28d9-4791-a1e4-936848b40571,c1,c3,1461,e8,?,
1769088892.8770392,SENT,726e93de-8386-4800-91d0-791c6dc2844d,ece80792-b75f-428f-a7e7-382533bd477b,c4,DROP,687,?,x6,
1769088892.877094,FORWARDED,726e93de-8386-4800-91d0-791c6dc2844d,ece80792-b75f-428f-a7e7-382533bd477b,c4,DROP,687,?,x6,
1769088893.0166566,RECEIVED,e6f0243f-8159-4c83-aa4d-af30ed5f2f8f,bad1e575-6958-43ed-a53a-a52dcb03094f,c3,c4,1444,e2,?,
1769088893.064583,SENT,e6f0243f-8159-4c83-aa4d-af30ed5f2f8f,bad1e575-6958-43ed-a53a-a52dcb03094f,c3,c4,1010,?,x5,
1769088893.0646179,FORWARDED,e6f0243f-8159-4c83-aa4d-af30ed5f2f8f,bad1e575-6958-43ed-a53a-a52dcb03094f,c3,c4,1010,?,x5,
1769088893.080864,RECEIVED,3d0f8ebc-12b1-4415-b26c-422bd47e6d10,fb24e51b-415e-4225-88e6-e54e3ef3b629,c1,c3,1440,e8,?,
1769088893.097864,SENT,6862150e-a93d-4da4-b860-4e6c257a1923,cc02c9d1-6009-4a65-8dca-80d8b5ec32aa,c1,c3,1015,?,x9,
1769088893.097903,FORWARDED,6862150e-a93d-4da4-b860-4e6c257a1923,cc02c9d1-6009-4a65-8dca-80d8b5ec32aa,c1,c3,1015,?,x9,
1769088893.1334393,RECEIVED,bbcbfdf7-ca64-4d19-8991-daa28414f734,e4795140-caf0-4e11-856c-7b187e5b810e,c4,c1,1455,e10,?,
1769088893.2014806,SENT,3d0f8ebc-12b1-4415-b26c-422bd47e6d10,fb24e51b-415e-4225-88e6-e54e3ef3b629,c1,c3,1007,?,x2,
1769088893.2015219,FORWARDED,3d0f8ebc-12b1-4415-b26c-422bd47e6d10,fb24e51b-415e-4225-88e6-e54e3ef3b629,c1,c3,1007,?,x2,
1769088893.2144089,SENT,23f1adf4-c39a-4ee4-9d41-490fc04cfddd,2aeafb7a-28d9-4791-a1e4-936848b40571,c1,c3,1023,?,x12,
1769088893.21446,FORWARDED,23f1adf4-c39a-4ee4-9d41-490fc04cfddd,2aeafb7a-28d9-4791-a1e4-936848b40571,c1,c3,1023,?,x12,
1769088893.3531377,SENT,bbcbfdf7-ca64-4d19-8991-daa28414f734,e4795140-caf0-4e11-856c-7b187e5b810e,c4,c1,1019,?,x8,
1769088893.3531778,FORWARDED,bbcbfdf7-ca64-4d19-8991-daa28414f734,e4795140-caf0-4e11-856c-7b187e5b810e,c4,c1,1019,?,x8,
1769088893.5050952,RECEIVED,74cd67da-57a3-4a97-9133-f16fd122fd58,4c7a6092-13dc-4f54-ae62-d3e6ca8464fc,c1,c3,1451,e7,?,
1769088893.6461983,SENT,73541a6f-a9d4-4cb4-8f97-2c8269793583,37ef643e-35da-412b-9485-4726862373a3,c1,c3,1011,?,x4,
1769088893.6462388,FORWARDED,73541a6f-a9d4-4cb4-8f97-2c8269793583,37ef643e-35da-412b-9485-4726862373a3,c1,c3,1011,?,x4,
1769088893.751411,RECEIVED,720ec813-e595-435f-ba54-5de7037e2c67,79962837-e055-48ca-8a40-eeccae0bb9a8,c3,DROP,441,x2,?,
1769088894.281409,SENT,74cd67da-57a3-4a97-9133-f16fd122fd58,4c7a6092-13dc-4f54-ae62-d3e6ca8464fc,c1,c3,1015,?,x4,
1769088894.2816799,FORWARDED,74cd67da-57a3-4a97-9133-f16fd122fd58,4c7a6092-13dc-4f54-ae62-d3e6ca8464fc,c1,c3,1015,?,x4,
1769088894.6750047,RECEIVED,6d9ae27a-290f-4907-a771-6086ba7ad8d0,dfbe31b6-5ef7-4d24-968a-4033957d1402,c1,c3,1443,e6,?,
1769088894.7843614,RECEIVED,a6b04bd8-7ca8-4358-9e4d-203a69fe6188,8f78c844-1be6-404b-99e7-5daee0c82eed,c5,c4,1457,e12,?,
1769088894.8783383,SENT,a6b04bd8-7ca8-4358-9e4d-203a69fe6188,8f78c844-1be6-404b-99e7-5daee0c82eed,c5,c4,1020,?,x5,
1769088894.8783765,FORWARDED,a6b04bd8-7ca8-4358-9e4d-203a69fe6188,8f78c844-1be6-404b-99e7-5daee0c82eed,c5,c4,1020,?,x5,
1769088895.3167984,RECEIVED,1cef26a2-4571-4eea-930a-911857661f43,28ac7006-ab91-45c6-9061-39c0b6bdaacb,c3,DROP,1010,e8,?,
1769088895.5172653,RECEIVED,f920b767-98c3-4d37-8f78-4695a773f289,62d08d10-9a4d-41b2-a53f-d1da881d0b06,c3,c4,1459,e10,?,
1769088895.5580313,RECEIVED,92283deb-f23f-4d8a-8ad6-996e560dac9e,d00e68c8-2867-4dbc-9446-a011c2b7203c,c2,DROP,1012,e9,?,
1769088895.730703,SENT,92283deb-f23f-4d8a-8ad6-996e560dac9e,d00e68c8-2867-4dbc-9446-a011c2b7203c,c2,DROP,685,?,x6,
1769088895.7307425,FORWARDED,92283deb-f23f-4d8a-8ad6-996e560dac9e,d00e68c8-2867-4dbc-9446-a011c2b7203c,c2,DROP,685,?,x6,
1769088896.1431432,RECEIVED,0390be1e-3cc0-4c7e-871b-0968005e57b0,8a0ef1b6-e8b2-4929-b218-8001ddfd52e7,c5,DROP,1007,e2,?,
1769088896.160236,RECEIVED,b1414db3-bce0-432d-ab1c-78f91c324b0c,6f32da73-fdee-43cc-8086-502d7188e912,c4,DROP,1016,e5,?,
1769088896.3397207,RECEIVED,2458635c-0137-449a-a65f-88c1cb445f33,a83042e9-fbb3-4633-a66a-f49496a47840,c3,c4,1452,e11,?,
1769088896.3495648,SENT,b1414db3-bce0-432d-ab1c-78f91c324b0c,6f32da73-fdee-43cc-8086-502d7188e912,c4,DROP,688,?,x4,
1769088896.3496017,FORWARDED,b1414db3-bce0-432d-ab1c-78f91c324b0c,6f32da73-fdee-43cc-8086-502d7188e912,c4,DROP,688,?,x4,
1769088896.576969,RECEIVED,45cf0b5f-c3ee-4353-ba7b-2f70d2c2a05f,19a863d9-3ac6-4d27-a257-b55d3cf0b826,c4,DROP,1009,e5,?,
1769088896.6044164,SENT,0390be1e-3cc0-4c7e-871b-0968005e57b0,8a0ef1b6-e8b2-4929-b218-8001ddfd52e7,c5,DROP,683,?,x1,
1769088896.604455,FORWARDED,0390be1e-3cc0-4c7e-871b-0968005e57b0,8a0ef1b6-e8b2-4929-b218-8001ddfd52e7,c5,DROP,683,?,x1,
1769088896.698389,SENT,45cf0b5f-c3ee-4353-ba7b-2f70d2c2a05f,19a863d9-3ac6-4d27-a257-b55d3cf0b826,c4,DROP,684,?,x11,
1769088896.698429,FORWARDED,45cf0b5f-c3ee-4353-ba7b-2f70d2c2a05f,19a863d9-3ac6-4d27-a257-b55d3cf0b826,c4,DROP,684,?,x11,
1769088896.7562551,RECEIVED,d1397f5a-6672-47ed-b872-6aa40f5336ca,489a0206-c967-41a7-941b-aa92ee7f659f,c4,DROP,441,x7,?,
1769088896.865561,RECEIVED,82d1bb0e-9762-4a9d-a9f9-8f4a237baf2d,4cc84214-8c65-498e-8e40-c2c947f1a3d7,c3,DROP,1021,e10,?,
1769088896.9244008,RECEIVED,1572ec37-1f2f-465e-90af-b19ebb61ac89,5e8f4131-5ed6-40d9-9630-898fe9bafcff,c1,c3,1449,e8,?,
1769088896.9479449,RECEIVED,455d7e64-ce0e-421e-bc9e-6832528b08b6,845c87be-6b17-4cdf-bec6-12ad351dc4d2,c4,c1,1444,e3,?,
1769088897.0045145,SENT,1572ec37-1f2f-465e-90af-b19ebb61ac89,5e8f4131-5ed6-40d9-9630-898fe9bafcff,c1,c3,1012,?,x3,
1769088897.0045536,FORWARDED,1572ec37-1f2f-465e-90af-b19ebb61ac89,5e8f4131-5ed6-40d9-9630-898fe9bafcff,c1,c3,1012,?,x3,
1769088897.006464,SENT,6d9ae27a-290f-4907-a771-6086ba7ad8d0,dfbe31b6-5ef7-4d24-968a-4033957d1402,c1,c3,1011,?,x8,
1769088897.006901,FORWARDED,6d9ae27a-290f-4907-a771-6086ba7ad8d0,dfbe31b6-5ef7-4d24-968a-4033957d1402,c1,c3,1011,?,x8,
1769088897.0154426,RECEIVED,4b5002e9-f703-43f1-9e3c-23642d7e5ced,e88ee67d-e9ec-41f9-875e-b2c99c377fc9,c3,c4,1452,e4,?,
1769088897.0178432,RECEIVED,4cdaa561-0ae9-4e0e-9b34-fdb6fbf9f8a4,46da4315-ab76-4c35-817b-34300ae8619e,c1,c3,1443,e5,?,
1769088897.0863163,SENT,1cef26a2-4571-4eea-930a-911857661f43,28ac7006-ab91-45c6-9061-39c0b6bdaacb,c3,DROP,685,?,x5,
1769088897.086358,FORWARDED,1cef26a2-4571-4eea-930a-911857661f43,28ac7006-ab91-45c6-9061-39c0b6bdaacb,c3,DROP,685,?,x5,
1769088897.1151142,RECEIVED,c66b67a7-a13a-4859-a06c-15e6ba542e02,010c6b1d-6cf4-4d47-84ba-643965352963,c3,DROP,441,x1,?,
1769088897.2067544,RECEIVED,2ce7d949-5cc3-48c7-a7de-ca02ab1ee974,3c86fc1b-2bbb-4e9d-9585-ce66145d10bd,c3,DROP,441,x4,?,
1769088897.2567923,SENT,82d1bb0e-9762-4a9d-a9f9-8f4a237baf2d,4cc84214-8c65-498e-8e40-c2c947f1a3d7,c3,DROP,692,?,x12,
1769088897.2568338,FORWARDED,82d1bb0e-9762-4a9d-a9f9-8f4a237baf2d,4cc84214-8c65-498e-8e40-c2c947f1a3d7,c3,DROP,692,?,x12,
1769088897.269711,SENT,2458635c-0137-449a-a65f-88c1cb445f33,a83042e9-fbb3-4633-a66a-f49496a47840,c3,c4,1015,?,x12,
1769088897.2697508,FORWARDED,2458635c-0137-449a-a65f-88c1cb445f33,a83042e9-fbb3-4633-a66a-f49496a47840,c3,c4,1015,?,x12,
1769088897.2907202,RECEIVED,9231d184-7377-4ae2-b18d-10d3f06cac0f,aef5208b-5256-446a-8346-f7b594b02c6e,c2,DROP,1008,e12,?,
1769088897.372114,SENT,455d7e64-ce0e-421e-bc9e-6832528b08b6,845c87be-6b17-4cdf-bec6-12ad351dc4d2,c4,c1,1009,?,x7,
1769088897.3721535,FORWARDED,455d7e64-ce0e-421e-bc9e-6832528b08b6,845c87be-6b17-4cdf-bec6-12ad351dc4d2,c4,c1,1009,?,x7,
1769088897.493704,SENT,9231d184-7377-4ae2-b18d-10d3f06cac0f,aef5208b-5256-446a-8346-f7b594b02c6e,c2,DROP,683,?,x8,
1769088897.4937408,FORWARDED,9231d184-7377-4ae2-b18d-10d3f06cac0f,aef5208b-5256-446a-8346-f7b594b02c6e,c2,DROP,683,?,x8,
1769088897.5342236,SENT,f920b767-98c3-4d37-8f78-4695a773f289,62d08d10-9a4d-41b2-a53f-d1da881d0b06,c3,c4,1023,?,x8,
1769088897.534263,FORWARDED,f920b767-98c3-4d37-8f78-4695a773f289,62d08d10-9a4d-41b2-a53f-d1da881d0b06,c3,c4,1023,?,x8,
1769088897.6499295,SENT,4cdaa561-0ae9-4e0e-9b34-fdb6fbf9f8a4,46da4315-ab76-4c35-817b-34300ae8619e,c1,c3,1011,?,x8,
1769088897.6499658,FORWARDED,4cdaa561-0ae9-4e0e-9b34-fdb6fbf9f8a4,46da4315-ab76-4c35-817b-34300ae8619e,c1,c3,1011,?,x8,
1769088897.7656584,RECEIVED,60cf2da2-35e7-4e7b-9ad2-5ebe6ddee0aa,c9f885dd-4318-43df-ae27-0c076102380c,c2,c3,1452,e8,?,
1769088897.790734,SENT,60cf2da2-35e7-4e7b-9ad2-5ebe6ddee0aa,c9f885dd-4318-43df-ae27-0c076102380c,c2,c3,1015,?,x3,
1769088897.7907777,FORWARDED,60cf2da2-35e7-4e7b-9ad2-5ebe6ddee0aa,c9f885dd-4318-43df-ae27-0c076102380c,c2,c3,1015,?,x3,
1769088897.9619794,SENT,4b5002e9-f703-43f1-9e3c-23642d7e5ced,e88ee67d-e9ec-41f9-875e-b2c99c377fc9,c3,c4,1015,?,x10,
1769088897.9620206,FORWARDED,4b5002e9-f703-43f1-9e3c-23642d7e5ced,e88ee67d-e9ec-41f9-875e-b2c99c377fc9,c3,c4,1015,?,x10,
1769088897.9758592,RECEIVED,b5d4b1b2-0bb7-419f-9818-018721d5814d,0b58e32c-c78a-45a9-90e6-59b44b9538ab,c1,DROP,1004,e9,?,
1769088897.9855542,RECEIVED,2ce19288-6bc6-453e-b2a4-02cc0f5d7045,7720910b-f8fd-4953-860a-b96aa899d04d,c4,c1,1448,e9,?,
1769088898.0013087,RECEIVED,279cec9b-09f1-40e1-aadd-32da8d6fb3d2,73e819fa-23aa-4548-aece-009d84b5f496,c4,c1,1447,e7,?,
1769088898.1551595,RECEIVED,3d43d7ec-a45d-4956-b4f8-6696706f4fff,c754aa92-51b9-4c98-9877-7b19f4f4a53b,c5,c4,1451,e12,?,
1769088898.2000895,SENT,2ce19288-6bc6-453e-b2a4-02cc0f5d7045,7720910b-f8fd-4953-860a-b96aa899d04d,c4,c1,1012,?,x8,
1769088898.200127,FORWARDED,2ce19288-6bc6-453e-b2a4-02cc0f5d7045,7720910b-f8fd-4953-860a-b96aa899d04d,c4,c1,1012,?,x8,
1769088898.2184632,SENT,b5d4b1b2-0bb7-419f-9818-018721d5814d,0b58e32c-c78a-45a9-90e6-59b44b9538ab,c1,DROP,679,?,x4,
1769088898.218503,FORWARDED,b5d4b1b2-0bb7-419f-9818-018721d5814d,0b58e32c-c78a-45a9-90e6-59b44b9538ab,c1,DROP,679,?,x4,
1769088898.526195,RECEIVED,7b1c2207-d21d-4586-8828-fa964e0fd331,82aa6713-ec14-4dbe-b4f0-4608c1d0de83,c4,DROP,441,x2,?,
1769088898.5559685,SENT,279cec9b-09f1-40e1-aadd-32da8d6fb3d2,73e819fa-23aa-4548-aece-009d84b5f496,c4,c1,1012,?,x9,
1769088898.5560079,FORWARDED,279cec9b-09f1-40e1-aadd-32da8d6fb3d2,73e819fa-23aa-4548-aece-009d84b5f496,c4,c1,1012,?,x9,
1769088898.7263665,SENT,3d43d7ec-a45d-4956-b4f8-6696706f4fff,c754aa92-51b9-4c98-9877-7b19f4f4a53b,c5,c4,1016,?,x5,
1769088898.726407,FORWARDED,3d43d7ec-a45d-4956-b4f8-6696706f4fff,c754aa92-51b9-4c98-9877-7b19f4f4a53b,c5,c4,1016,?,x5,
1769088899.377651,RECEIVED,13d949bd-c278-4324-ba7c-1ac64ac69a67,6b68bcdd-74ea-4991-bb49-93d962b662e9,c2,DROP,1012,e5,?,
1769088899.760517,RECEIVED,c03d812d-5999-43fa-8236-bffb8b1b1be2,5b50c81e-6f5a-4935-82df-a52cc2ffec8d,c4,DROP,442,x7,?,
1769088900.0791142,RECEIVED,305744e9-e2c8-42ae-9433-7b59f9cb199f,0e6ca046-35ab-41b6-8811-81f790235a73,c3,DROP,1012,e4,?,
1769088900.2995996,SENT,305744e9-e2c8-42ae-9433-7b59f9cb199f,0e6ca046-35ab-41b6-8811-81f790235a73,c3,DROP,687,?,x6,
1769088900.2996404,FORWARDED,305744e9-e2c8-42ae-9433-7b59f9cb199f,0e6ca046-35ab-41b6-8811-81f790235a73,c3,DROP,687,?,x6,
1769088900.3466425,SENT,13d949bd-c278-4324-ba7c-1ac64ac69a67,6b68bcdd-74ea-4991-bb49-93d962b662e9,c2,DROP,687,?,x12,
1769088900.346682,FORWARDED,13d949bd-c278-4324-ba7c-1ac64ac69a67,6b68bcdd-74ea-4991-bb49-93d962b662e9,c2,DROP,687,?,x12,
1769088900.4684987,RECEIVED,eabbb4c3-3726-4f29-bdfb-f03fbd405fa1,ff741d49-837b-4452-8176-a5d5086a7169,c5,c4,1451,e11,?,
1769088900.6810768,SENT,eabbb4c3-3726-4f29-bdfb-f03fbd405fa1,ff741d49-837b-4452-8176-a5d5086a7169,c5,c4,1016,?,x1,
1769088900.6811223,FORWARDED,eabbb4c3-3726-4f29-bdfb-f03fbd405fa1,ff741d49-837b-4452-8176-a5d5086a7169,c5,c4,1016,?,x1,
1769088901.0303788,RECEIVED,715a79dd-09dc-4e38-8dd7-8610613862af,82809ed5-280b-49bc-85b5-b0c1d1954d51,c4,DROP,1012,e12,?,
1769088901.1835918,RECEIVED,fd7540d1-64a1-4e0f-b979-d973bc66e450,938b6b35-09df-4b94-8515-f71a92f08a7d,c2,c3,1443,e2,?,
1769088901.42382,RECEIVED,ccd9e190-6cd6-430e-a88c-d59d76f1cf85,ff9cf614-ef90-431c-b63e-fbff5f205613,c5,DROP,1008,e3,?,
1769088901.4763234,SENT,715a79dd-09dc-4e38-8dd7-8610613862af,82809ed5-280b-49bc-85b5-b0c1d1954d51,c4,DROP,687,?,x3,
1769088901.4763644,FORWARDED,715a79dd-09dc-4e38-8dd7-8610613862af,82809ed5-280b-49bc-85b5-b0c1d1954d51,c4,DROP,687,?,x3,
1769088901.6669745,SENT,ccd9e190-6cd6-430e-a88c-d59d76f1cf85,ff9cf614-ef90-431c-b63e-fbff5f205613,c5,DROP,683,?,x2,
1769088901.6670141,FORWARDED,ccd9e190-6cd6-430e-a88c-d59d76f1cf85,ff9cf614-ef90-431c-b63e-fbff5f205613,c5,DROP,683,?,x2,
1769088901.9867978,SENT,fd7540d1-64a1-4e0f-b979-d973bc66e450,938b6b35-09df-4b94-8515-f71a92f08a7d,c2,c3,1011,?,x6,
1769088901.9868371,FORWARDED,fd7540d1-64a1-4e0f-b979-d973bc66e450,938b6b35-09df-4b94-8515-f71a92f08a7d,c2,c3,1011,?,x6,
1769088902.053229,RECEIVED,288e3fbf-ee92-47dd-85a5-9f1bf7813ac7,790919c8-544f-48a6-8d1b-0bfc91c615dd,c3,DROP,441,x2,?,
1769088902.6851466,RECEIVED,d7777472-fe80-4834-ad91-f3e93b2b4bfe,9c7ff3d6-158a-49f8-9fbf-831ea4e5f3f6,c4,c1,1443,e12,?,
1769088903.1183069,RECEIVED,39d3f4c5-0bdf-4df0-b1c5-b9885064eea5,75e775e2-3ba9-47a0-9f2e-fbd1337e5333,c5,DROP,442,x4,?,
1769088903.1497025,RECEIVED,0c613c3d-ab5e-4e67-b220-c2f56ab24a17,bf0e2d42-7a44-4df3-bd12-3f87f31799b4,c4,c1,1447,e2,?,
1769088903.1629367,RECEIVED,9d86e16e-a728-417c-919c-f7c2d6772b4f,fdef7b20-9ca7-407a-8a7a-83c95ff69233,c3,c4,1458,e8,?,
1769088903.1710181,RECEIVED,0095836c-ee3b-4e1e-87a3-2bd81525f057,8e0bf43b-1919-4579-abf4-6179c5b42650,c3,DROP,1009,e5,?,
1769088903.251434,SENT,9d86e16e-a728-417c-919c-f7c2d6772b4f,fdef7b20-9ca7-407a-8a7a-83c95ff69233,c3,c4,1019,?,x12,
1769088903.2514734,FORWARDED,9d86e16e-a728-417c-919c-f7c2d6772b4f,fdef7b20-9ca7-407a-8a7a-83c95ff69233,c3,c4,1019,?,x12,
1769088903.3814242,RECEIVED,1552628f-8c88-4e22-a41a-38c2bef228c9,2e14c22f-c31f-4e1b-8481-1fd0f1d6ab2d,c4,c1,1452,e11,?,
1769088903.46419,SENT,0095836c-ee3b-4e1e-87a3-2bd81525f057,8e0bf43b-1919-4579-abf4-6179c5b42650,c3,DROP,683,?,x12,
1769088903.464229,FORWARDED,0095836c-ee3b-4e1e-87a3-2bd81525f057,8e0bf43b-1919-4579-abf4-6179c5b42650,c3,DROP,683,?,x12,
1769088903.5850368,RECEIVED,defe4be8-6f07-447b-8a76-618e27f7346e,526948a9-6a45-41c1-b37b-28ed3672127a,c5,DROP,442,x3,?,
1769088903.693618,SENT,1552628f-8c88-4e22-a41a-38c2bef228c9,2e14c22f-c31f-4e1b-8481-1fd0f1d6ab2d,c4,c1,1016,?,x9,
1769088903.6936579,FORWARDED,1552628f-8c88-4e22-a41a-38c2bef228c9,2e14c22f-c31f-4e1b-8481-1fd0f1d6ab2d,c4,c1,1016,?,x9,
1769088903.7652225,SENT,d7777472-fe80-4834-ad91-f3e93b2b4bfe,9c7ff3d6-158a-49f8-9fbf-831ea4e5f3f6,c4,c1,1011,?,x5,
1769088903.7652597,FORWARDED,d7777472-fe80-4834-ad91-f3e93b2b4bfe,9c7ff3d6-158a-49f8-9fbf-831ea4e5f3f6,c4,c1,1011,?,x5,
1769088903.8608308,SENT,0c613c3d-ab5e-4e67-b220-c2f56ab24a17,bf0e2d42-7a44-4df3-bd12-3f87f31799b4,c4,c1,1012,?,x5,
1769088903.8608708,FORWARDED,0c613c3d-ab5e-4e67-b220-c2f56ab24a17,bf0e2d42-7a44-4df3-bd12-3f87f31799b4,c4,c1,1012,?,x5,
1769088903.9842944,RECEIVED,fd26850a-dfca-4a0d-90ca-d5129e96226b,a81d75dc-e150-4c24-8baf-7d2713f250ac,c4,c1,1455,e10,?,
1769088904.0726755,RECEIVED,6a1735a2-98c2-4127-8b49-4bf6004f516c,6b92854c-dec8-4bf6-81f7-737be925773d,c2,c3,1440,e7,?,
1769088904.2280097,SENT,6a1735a2-98c2-4127-8b49-4bf6004f516c,6b92854c-dec8-4bf6-81f7-737be925773d,c2,c3,1008,?,x9,
1769088904.2280579,FORWARDED,6a1735a2-98c2-4127-8b49-4bf6004f516c,6b92854c-dec8-4bf6-81f7-737be925773d,c2,c3,1008,?,x9,
1769088904.6174598,RECEIVED,e95c79f5-529e-4826-81d4-483065ac9056,9a671612-bc1b-4752-b081-246ec0db4af1,c4,c1,1443,e2,?,
1769088904.7438133,RECEIVED,cf501791-dba9-4eae-b37d-dd2826454335,5de861ea-2910-4f4d-8296-f5d90a9ab735,c1,DROP,445,x10,?,
1769088904.870911,RECEIVED,cc2613fe-ec4e-4266-90f9-8b65c1d505cd,aa804799-4495-4824-9a79-f527417ff285,c5,DROP,1015,e4,?,
1769088904.919375,RECEIVED,d6b4754f-ae63-419a-82a5-aa991fb03372,9e0dd347-fe95-4a53-afe6-30313cc1ff7a,c1,DROP,445,x11,?,
1769088905.0839753,RECEIVED,ab45a0bc-4231-4fb6-ae7b-c4f8f7203bfa,4e005226-eeea-4d82-a581-5769c5f7b006,c1,DROP,1011,e1,?,
1769088905.0853586,SENT,e95c79f5-529e-4826-81d4-483065ac9056,9a671612-bc1b-4752-b081-246ec0db4af1,c4,c1,1009,?,x5,
1769088905.0854006,FORWARDED,e95c79f5-529e-4826-81d4-483065ac9056,9a671612-bc1b-4752-b081-246ec0db4af1,c4,c1,1009,?,x5,
1769088905.3735754,SENT,ab45a0bc-4231-4fb6-ae7b-c4f8f7203bfa,4e005226-eeea-4d82-a581-5769c5f7b006,c1,DROP,687,?,x7,
1769088905.3736136,FORWARDED,ab45a0bc-4231-4fb6-ae7b-c4f8f7203bfa,4e005226-eeea-4d82-a581-5769c5f7b006,c1,DROP,687,?,x7,
1769088905.4470026,SENT,fd26850a-dfca-4a0d-90ca-d5129e96226b,a81d75dc-e150-4c24-8baf-7d2713f250ac,c4,c1,1019,?,x9,
1769088905.4470415,FORWARDED,fd26850a-dfca-4a0d-90ca-d5129e96226b,a81d75dc-e150-4c24-8baf-7d2713f250ac,c4,c1,1019,?,x9,
1769088905.4610221,RECEIVED,81af28ed-78ca-45cc-8d7b-8f3e28a5d4f5,be684f86-d17d-4a25-89ef-fe8d462df945,c2,DROP,1008,e11,?,
1769088905.6058948,SENT,cc2613fe-ec4e-4266-90f9-8b65c1d505cd,aa804799-4495-4824-9a79-f527417ff285,c5,DROP,688,?,x3,
1769088905.605936,FORWARDED,cc2613fe-ec4e-4266-90f9-8b65c1d505cd,aa804799-4495-4824-9a79-f527417ff285,c5,DROP,688,?,x3,
1769088905.7320073,RECEIVED,4575c231-1c3d-4469-9ca2-ee2b8439996b,cf9ba304-8622-4f25-99ec-9716381e9228,c2,DROP,1012,e9,?,
1769088905.7367167,SENT,81af28ed-78ca-45cc-8d7b-8f3e28a5d4f5,be684f86-d17d-4a25-89ef-fe8d462df945,c2,DROP,684,?,x2,
1769088905.736757,FORWARDED,81af28ed-78ca-45cc-8d7b-8f3e28a5d4f5,be684f86-d17d-4a25-89ef-fe8d462df945,c2,DROP,684,?,x2,
1769088906.018134,RECEIVED,6cb13cdc-0ced-4864-883e-734e7d7b22da,3aeec1f6-bd8d-4310-aad3-e4e763008b38,c2,c3,1448,e9,?,
1769088906.1011236,SENT,4575c231-1c3d-4469-9ca2-ee2b8439996b,cf9ba304-8622-4f25-99ec-9716381e9228,c2,DROP,685,?,x6,
1769088906.1011639,FORWARDED,4575c231-1c3d-4469-9ca2-ee2b8439996b,cf9ba304-8622-4f25-99ec-9716381e9228,c2,DROP,685,?,x6,
1769088906.3279278,RECEIVED,1da9bac9-4317-4a7c-8fdc-4f5d4ee682b4,a1b0f673-a2fa-4766-a62f-09e83bec06ad,c1,c3,1451,e4,?,
1769088906.682556,RECEIVED,8be865f6-9650-40d1-8513-67bd2c288a51,f9fdafb2-c6ce-459a-831b-2cc0c24ca834,c1,DROP,1008,e7,?,
1769088906.7358165,RECEIVED,37d739b1-05d6-46f4-9752-3f23373904f6,7ddc803a-304d-414b-b87b-7273814f8024,c2,DROP,1005,e2,?,
1769088906.886813,SENT,8be865f6-9650-40d1-8513-67bd2c288a51,f9fdafb2-c6ce-459a-831b-2cc0c24ca834,c1,DROP,684,?,x3,
1769088906.888698,FORWARDED,8be865f6-9650-40d1-8513-67bd2c288a51,f9fdafb2-c6ce-459a-831b-2cc0c24ca834,c1,DROP,684,?,x3,
1769088907.1599083,SENT,6cb13cdc-0ced-4864-883e-734e7d7b22da,3aeec1f6-bd8d-4310-aad3-e4e763008b38,c2,c3,1012,?,x12,
1769088907.159948,FORWARDED,6cb13cdc-0ced-4864-883e-734e7d7b22da,3aeec1f6-bd8d-4310-aad3-e4e763008b38,c2,c3,1012,?,x12,
1769088907.5938993,RECEIVED,4b58d4f2-4912-4ca4-8c02-1e93e5c6724c,e42ce97c-e454-48f2-b15c-67905fce77db,c4,c1,1440,e4,?,
1769088907.6012273,SENT,1da9bac9-4317-4a7c-8fdc-4f5d4ee682b4,a1b0f673-a2fa-4766-a62f-09e83bec06ad,c1,c3,1015,?,x10,
1769088907.6012683,FORWARDED,1da9bac9-4317-4a7c-8fdc-4f5d4ee682b4,a1b0f673-a2fa-4766-a62f-09e83bec06ad,c1,c3,1015,?,x10,
1769088907.6126847,RECEIVED,ff541803-a32d-4b9c-b195-7145816854d1,48cb9b88-9769-45e6-b20a-f68d1c53c82c,c4,c1,1443,e9,?,
1769088907.9136593,RECEIVED,d406949b-eb16-4374-b069-95ab55b5edac,bfcc2281-84f5-40c9-baed-7a48fa5c0a98,c3,DROP,1015,e5,?,
1769088907.9483461,SENT,4b58d4f2-4912-4ca4-8c02-1e93e5c6724c,e42ce97c-e454-48f2-b15c-67905fce77db,c4,c1,1007,?,x5,
1769088907.9484277,FORWARDED,4b58d4f2-4912-4ca4-8c02-1e93e5c6724c,e42ce97c-e454-48f2-b15c-67905fce77db,c4,c1,1007,?,x5,
1769088907.959779,RECEIVED,707cfd6a-77fe-44d5-9b63-ccba85e8ef9d,d751ddd9-bd91-4002-af95-0040700f272c,c3,c4,1456,e7,?,
1769088908.2286289,SENT,37d739b1-05d6-46f4-9752-3f23373904f6,7ddc803a-304d-414b-b87b-7273814f8024,c2,DROP,684,?,x2,
1769088908.22867,FORWARDED,37d739b1-05d6-46f4-9752-3f23373904f6,7ddc803a-304d-414b-b87b-7273814f8024,c2,DROP,684,?,x2,
1769088908.5814903,SENT,ff541803-a32d-4b9c-b195-7145816854d1,48cb9b88-9769-45e6-b20a-f68d1c53c82c,c4,c1,1011,?,x2,
1769088908.5815303,FORWARDED,ff541803-a32d-4b9c-b195-7145816854d1,48cb9b88-9769-45e6-b20a-f68d1c53c82c,c4,c1,1011,?,x2,
1769088908.7155554,SENT,707cfd6a-77fe-44d5-9b63-ccba85e8ef9d,d751ddd9-bd91-4002-af95-0040700f272c,c3,c4,1019,?,x12,
1769088908.7155962,FORWARDED,707cfd6a-77fe-44d5-9b63-ccba85e8ef9d,d751ddd9-bd91-4002-af95-0040700f272c,c3,c4,1019,?,x12,
1769088908.8826442,RECEIVED,dc1d009a-f3c6-4b9a-bbf3-6a4be9a5a53e,aea12cd0-1a66-4568-a745-376f6b8d5b70,c5,DROP,1007,e10,?,
1769088909.399798,RECEIVED,84487126-fc12-41fd-b828-b8d49cddb34e,046f23d2-a760-47cf-8e11-e05109406050,c3,DROP,1007,e7,?,
1769088909.4262962,RECEIVED,2e59afa6-48ef-4f2e-a138-5d2a6076cdb5,90851c68-624f-4731-8eae-774d99bb21a5,c1,DROP,442,x12,?,
1769088909.4459746,SENT,d406949b-eb16-4374-b069-95ab55b5edac,bfcc2281-84f5-40c9-baed-7a48fa5c0a98,c3,DROP,688,?,x8,
1769088909.4460151,FORWARDED,d406949b-eb16-4374-b069-95ab55b5edac,bfcc2281-84f5-40c9-baed-7a48fa5c0a98,c3,DROP,688,?,x8,
1769088909.667523,SENT,dc1d009a-f3c6-4b9a-bbf3-6a4be9a5a53e,aea12cd0-1a66-4568-a745-376f6b8d5b70,c5,DROP,682,?,x3,
1769088909.6675634,FORWARDED,dc1d009a-f3c6-4b9a-bbf3-6a4be9a5a53e,aea12cd0-1a66-4568-a745-376f6b8d5b70,c5,DROP,682,?,x3,
1769088909.706549,RECEIVED,11cce6fa-6331-4ede-89ca-2ebfa933f629,f6567b3b-74b6-47ca-b986-3741e35fe6d5,c5,DROP,1016,e1,?,
1769088909.9268024,RECEIVED,97db5b55-55ba-47de-9504-cd4b94d95a0b,ef242222-4993-452c-bbd4-56f0be0065e4,c5,DROP,1020,e12,?,
1769088909.9581017,RECEIVED,6ea25d38-a80b-4b28-8cf8-478cd9685125,6470db86-983e-4b36-988d-14820b1bb6c5,c1,c3,1447,e3,?,
1769088909.9818923,RECEIVED,43796618-4649-4118-859f-e11e10608210,2863b316-6bfb-4cb5-b8a5-df98ae9cab0e,c3,DROP,1007,e5,?,
1769088910.0963728,SENT,11cce6fa-6331-4ede-89ca-2ebfa933f629,f6567b3b-74b6-47ca-b986-3741e35fe6d5,c5,DROP,689,?,x5,
1769088910.0964134,FORWARDED,11cce6fa-6331-4ede-89ca-2ebfa933f629,f6567b3b-74b6-47ca-b986-3741e35fe6d5,c5,DROP,689,?,x5,
1769088910.1291113,RECEIVED,e44dea9a-a204-42a7-881a-3ab7889efa7a,a37bb99f-6938-427f-a152-4a11fd56757a,c1,DROP,1008,e9,?,
1769088910.2287343,RECEIVED,ad35fd44-2c1f-4ab0-a860-2389717e3102,99a3b204-1f74-4205-b177-f0bd83f859b4,c1,DROP,1013,e2,?,
1769088910.3005772,SENT,ad35fd44-2c1f-4ab0-a860-2389717e3102,99a3b204-1f74-4205-b177-f0bd83f859b4,c1,DROP,687,?,x10,
1769088910.300618,FORWARDED,ad35fd44-2c1f-4ab0-a860-2389717e3102,99a3b204-1f74-4205-b177-f0bd83f859b4,c1,DROP,687,?,x10,
1769088910.3156228,SENT,97db5b55-55ba-47de-9504-cd4b94d95a0b,ef242222-4993-452c-bbd4-56f0be0065e4,c5,DROP,691,?,x11,
1769088910.3156621,FORWARDED,97db5b55-55ba-47de-9504-cd4b94d95a0b,ef242222-4993-452c-bbd4-56f0be0065e4,c5,DROP,691,?,x11,
1769088910.3636477,RECEIVED,6d205daa-11f1-4f8c-90df-653f010d6548,0598ccd1-76a4-410b-a57f-f886944d0073,c2,c3,1447,e6,?,
1769088910.3887117,SENT,84487126-fc12-41fd-b828-b8d49cddb34e,046f23d2-a760-47cf-8e11-e05109406050,c3,DROP,684,?,x8,
1769088910.3887439,FORWARDED,84487126-fc12-41fd-b828-b8d49cddb34e,046f23d2-a760-47cf-8e11-e05109406050,c3,DROP,684,?,x8,
1769088910.4072292,SENT,e44dea9a-a204-42a7-881a-3ab7889efa7a,a37bb99f-6938-427f-a152-4a11fd56757a,c1,DROP,682,?,x8,
1769088910.4072666,FORWARDED,e44dea9a-a204-42a7-881a-3ab7889efa7a,a37bb99f-6938-427f-a152-4a11fd56757a,c1,DROP,682,?,x8,
1769088910.486082,SENT,6ea25d38-a80b-4b28-8cf8-478cd9685125,6470db86-983e-4b36-988d-14820b1bb6c5,c1,c3,1014,?,x11,
1769088910.486123,FORWARDED,6ea25d38-a80b-4b28-8cf8-478cd9685125,6470db86-983e-4b36-988d-14820b1bb6c5,c1,c3,1014,?,x11,
1769088910.5237117,SENT,43796618-4649-4118-859f-e11e10608210,2863b316-6bfb-4cb5-b8a5-df98ae9cab0e,c3,DROP,682,?,x6,
1769088910.5237513,FORWARDED,43796618-4649-4118-859f-e11e10608210,2863b316-6bfb-4cb5-b8a5-df98ae9cab0e,c3,DROP,682,?,x6,
1769088910.7261536,SENT,6d205daa-11f1-4f8c-90df-653f010d6548,0598ccd1-76a4-410b-a57f-f886944d0073,c2,c3,1012,?,x4,
1769088910.7261965,FORWARDED,6d205daa-11f1-4f8c-90df-653f010d6548,0598ccd1-76a4-410b-a57f-f886944d0073,c2,c3,1012,?,x4,
1769088910.8448064,RECEIVED,0c332972-9cc0-411a-a87c-7a7e285f27a6,06fee081-1e45-49dc-8da2-89b7662b357a,c5,DROP,1007,e1,?,
1769088910.9295938,SENT,0c332972-9cc0-411a-a87c-7a7e285f27a6,06fee081-1e45-49dc-8da2-89b7662b357a,c5,DROP,684,?,x5,
1769088910.9296303,FORWARDED,0c332972-9cc0-411a-a87c-7a7e285f27a6,06fee081-1e45-49dc-8da2-89b7662b357a,c5,DROP,684,?,x5,
1769088911.4591846,RECEIVED,48d65c9d-12f0-4269-a544-6258beac0ef1,cf2ddb59-23dc-4950-8136-98e5d19cbe06,c2,c3,1443,e7,?,
1769088911.4669056,SENT,48d65c9d-12f0-4269-a544-6258beac0ef1,cf2ddb59-23dc-4950-8136-98e5d19cbe06,c2,c3,1008,?,x10,
1769088911.4669485,FORWARDED,48d65c9d-12f0-4269-a544-6258beac0ef1,cf2ddb59-23dc-4950-8136-98e5d19cbe06,c2,c3,1008,?,x10,
1769088911.6558294,RECEIVED,3e6138c7-3443-412d-a9bf-246ab0d037e2,c405c77e-def1-4846-b228-dd6998106601,c3,c4,1449,e3,?,
1769088911.6745505,SENT,3e6138c7-3443-412d-a9bf-246ab0d037e2,c405c77e-def1-4846-b228-dd6998106601,c3,c4,1013,?,x3,
1769088911.6745927,FORWARDED,3e6138c7-3443-412d-a9bf-246ab0d037e2,c405c77e-def1-4846-b228-dd6998106601,c3,c4,1013,?,x3,
1769088911.6905851,RECEIVED,18390f86-8757-4405-b099-affafdcc89b4,abc6279e-363b-4526-b980-00849ea5147e,c5,DROP,1013,e9,?,
1769088911.8087056,SENT,18390f86-8757-4405-b099-affafdcc89b4,abc6279e-363b-4526-b980-00849ea5147e,c5,DROP,687,?,x10,
1769088911.808747,FORWARDED,18390f86-8757-4405-b099-affafdcc89b4,abc6279e-363b-4526-b980-00849ea5147e,c5,DROP,687,?,x10,
1769088912.4047792,RECEIVED,cd56d741-3abb-474c-84b7-1196907c0e2a,23bdc950-c131-4c0f-a28c-094178aa6cde,c4,c1,1444,e3,?,
1769088912.5101018,SENT,cd56d741-3abb-474c-84b7-1196907c0e2a,23bdc950-c131-4c0f-a28c-094178aa6cde,c4,c1,1011,?,x7,
1769088912.5101418,FORWARDED,cd56d741-3abb-474c-84b7-1196907c0e2a,23bdc950-c131-4c0f-a28c-094178aa6cde,c4,c1,1011,?,x7,
1769088912.6357706,RECEIVED,1b74533c-926f-480e-b603-498397670a65,9491e13e-ade4-4671-ae63-e75afbe00208,c4,c1,1455,e9,?,
1769088912.9432535,RECEIVED,76fea6cb-da8f-434c-817f-6556f27654d8,7da71cf3-e092-44c9-99d9-b16fa8274dad,c3,DROP,1004,e4,?,
1769088912.975905,SENT,1b74533c-926f-480e-b603-498397670a65,9491e13e-ade4-4671-ae63-e75afbe00208,c4,c1,1020,?,x4,
1769088912.9759462,FORWARDED,1b74533c-926f-480e-b603-498397670a65,9491e13e-ade4-4671-ae63-e75afbe00208,c4,c1,1020,?,x4,
1769088913.024152,RECEIVED,f7839e14-9085-402e-8eb8-bc6ff0156961,6c176dde-d53d-4f3d-93b8-e4f5bd53a9f6,c2,c3,1468,e3,?,
1769088913.2062624,RECEIVED,5e720ac2-92c9-4fc8-9bbb-33d65cec6096,aed2ff8c-3ec1-4fcc-8040-06d6ea3aa5e6,c5,DROP,442,x4,?,
1769088913.3548608,SENT,76fea6cb-da8f-434c-817f-6556f27654d8,7da71cf3-e092-44c9-99d9-b16fa8274dad,c3,DROP,681,?,x1,
1769088913.3549056,FORWARDED,76fea6cb-da8f-434c-817f-6556f27654d8,7da71cf3-e092-44c9-99d9-b16fa8274dad,c3,DROP,681,?,x1,
1769088913.6663826,RECEIVED,e2627247-7476-4a3f-9513-3c6be975d5b0,8216da61-738a-4535-b8ac-957b52812042,c2,DROP,1012,e12,?,
1769088913.666639,SENT,f7839e14-9085-402e-8eb8-bc6ff0156961,6c176dde-d53d-4f3d-93b8-e4f5bd53a9f6,c2,c3,1029,?,x11,
1769088913.6666846,FORWARDED,f7839e14-9085-402e-8eb8-bc6ff0156961,6c176dde-d53d-4f3d-93b8-e4f5bd53a9f6,c2,c3,1029,?,x11,
1769088913.977501,RECEIVED,7a9bc8e5-34e2-4403-9dec-8e658108a54e,523987f2-ad73-42a6-b211-3d953330efbb,c1,c3,1443,e10,?,
1769088914.071097,SENT,e2627247-7476-4a3f-9513-3c6be975d5b0,8216da61-738a-4535-b8ac-957b52812042,c2,DROP,687,?,x4,
1769088914.0711367,FORWARDED,e2627247-7476-4a3f-9513-3c6be975d5b0,8216da61-738a-4535-b8ac-957b52812042,c2,DROP,687,?,x4,
1769088914.1970205,RECEIVED,dd0520ac-0500-4d94-887d-2af27d4122e7,d30db5fc-42b9-4c09-901a-9ab8efb3e9c8,c5,DROP,1015,e10,?,
1769088914.3354716,RECEIVED,55bc6456-b41b-4d6c-910f-2ec334388aa3,6d976fff-853c-4652-90f7-d9bdeac93bc9,c5,c4,1443,e4,?,
1769088914.4952438,SENT,7a9bc8e5-34e2-4403-9dec-8e658108a54e,523987f2-ad73-42a6-b211-3d953330efbb,c1,c3,1009,?,x4,
1769088914.4952826,FORWARDED,7a9bc8e5-34e2-4403-9dec-8e658108a54e,523987f2-ad73-42a6-b211-3d953330efbb,c1,c3,1009,?,x4,
1769088915.1053574,RECEIVED,9dab4527-03d7-4fd5-b963-d5871ae7be40,47791060-8ecc-4a2e-b303-a0085821f565,c4,DROP,1021,e10,?,
1769088915.2729735,SENT,dd0520ac-0500-4d94-887d-2af27d4122e7,d30db5fc-42b9-4c09-901a-9ab8efb3e9c8,c5,DROP,688,?,x6,
1769088915.2730103,FORWARDED,dd0520ac-0500-4d94-887d-2af27d4122e7,d30db5fc-42b9-4c09-901a-9ab8efb3e9c8,c5,DROP,688,?,x6,
1769088915.3087585,SENT,55bc6456-b41b-4d6c-910f-2ec334388aa3,6d976fff-853c-4652-90f7-d9bdeac93bc9,c5,c4,1010,?,x4,
1769088915.3087971,FORWARDED,55bc6456-b41b-4d6c-910f-2ec334388aa3,6d976fff-853c-4652-90f7-d9bdeac93bc9,c5,c4,1010,?,x4,
1769088915.3802948,SENT,9dab4527-03d7-4fd5-b963-d5871ae7be40,47791060-8ecc-4a2e-b303-a0085821f565,c4,DROP,692,?,x11,
1769088915.3803349,FORWARDED,9dab4527-03d7-4fd5-b963-d5871ae7be40,47791060-8ecc-4a2e-b303-a0085821f565,c4,DROP,692,?,x11,
1769088915.817305,RECEIVED,020422ca-d350-4e40-b749-b8ea4471be8e,77d2fb68-a961-4f67-a39e-8ebd3da5edd0,c2,c3,1445,e2,?,
1769088915.8257678,SENT,020422ca-d350-4e40-b749-b8ea4471be8e,77d2fb68-a961-4f67-a39e-8ebd3da5edd0,c2,c3,1010,?,x3,
1769088915.8258076,FORWARDED,020422ca-d350-4e40-b749-b8ea4471be8e,77d2fb68-a961-4f67-a39e-8ebd3da5edd0,c2,c3,1010,?,x3,
1769088915.9129589,RECEIVED,23cf87b1-a606-4b46-8c87-25a7ebf30bf0,fd8163d1-b611-4947-8f6c-54b42c015388,c3,DROP,1012,e4,?,
1769088915.9991045,RECEIVED,3ea5e11e-c203-43a2-8368-ce585a35db26,f9bf24ea-af6f-4dbd-9f47-23824a684fbc,c1,c3,1443,e1,?,
1769088916.3339388,SENT,23cf87b1-a606-4b46-8c87-25a7ebf30bf0,fd8163d1-b611-4947-8f6c-54b42c015388,c3,DROP,687,?,x7,
1769088916.3339756,FORWARDED,23cf87b1-a606-4b46-8c87-25a7ebf30bf0,fd8163d1-b611-4947-8f6c-54b42c015388,c3,DROP,687,?,x7,
1769088916.4345622,SENT,3ea5e11e-c203-43a2-8368-ce585a35db26,f9bf24ea-af6f-4dbd-9f47-23824a684fbc,c1,c3,1011,?,x6,
1769088916.4346025,FORWARDED,3ea5e11e-c203-43a2-8368-ce585a35db26,f9bf24ea-af6f-4dbd-9f47-23824a684fbc,c1,c3,1011,?,x6,
1769088916.718031,RECEIVED,57b16f4a-9d6a-4794-b1ac-8d16188b8dfc,521c5ae3-67ff-4d7c-8538-47d92048f9c7,c4,DROP,1007,e12,?,
1769088916.8231907,RECEIVED,6da0a1cf-6ea7-41eb-a31f-885cefa6d354,29b12b94-1789-4fb5-be70-eb4eca2503de,c3,DROP,1007,e2,?,
1769088916.8379343,SENT,57b16f4a-9d6a-4794-b1ac-8d16188b8dfc,521c5ae3-67ff-4d7c-8538-47d92048f9c7,c4,DROP,684,?,x9,
1769088916.83797,FORWARDED,57b16f4a-9d6a-4794-b1ac-8d16188b8dfc,521c5ae3-67ff-4d7c-8538-47d92048f9c7,c4,DROP,684,?,x9,
1769088917.0816877,SENT,6da0a1cf-6ea7-41eb-a31f-885cefa6d354,29b12b94-1789-4fb5-be70-eb4eca2503de,c3,DROP,683,?,x6,
1769088917.0817297,FORWARDED,6da0a1cf-6ea7-41eb-a31f-885cefa6d354,29b12b94-1789-4fb5-be70-eb4eca2503de,c3,DROP,683,?,x6,
1769088917.1470425,RECEIVED,ab8db82f-679a-46af-aff3-57340f5ac4d2,41bf6042-f7a0-4b53-ba8c-7ca28c60a14a,c3,DROP,444,x3,?,
1769088917.299204,RECEIVED,32e7a29c-4ed2-4fae-9d9d-33b486fb4c91,a0cebfea-8f32-419a-b7f2-f6f5ff65c44c,c5,c4,1447,e2,?,
1769088917.4597979,RECEIVED,ca419461-a361-4a0d-bef8-f5ad261e7e9b,7a87cd16-c3e7-4516-a343-ad2e154dd54d,c4,c1,1469,e11,?,
1769088917.5158339,SENT,ca419461-a361-4a0d-bef8-f5ad261e7e9b,7a87cd16-c3e7-4516-a343-ad2e154dd54d,c4,c1,1027,?,x11,
1769088917.515876,FORWARDED,ca419461-a361-4a0d-bef8-f5ad261e7e9b,7a87cd16-c3e7-4516-a343-ad2e154dd54d,c4,c1,1027,?,x11,
1769088917.8334248,RECEIVED,e2c9ba78-279c-4012-b7a7-886061234d97,2842517b-13da-4fb2-9981-f644f0f4e5ec,c1,c3,1455,e9,?,
1769088917.9169276,RECEIVED,e7295ea8-be60-4d9a-a7e2-f98812dc9a57,8b5687f4-fd07-4087-b96a-edb9840e514b,c1,DROP,1012,e1,?,
1769088918.0189195,SENT,e7295ea8-be60-4d9a-a7e2-f98812dc9a57,8b5687f4-fd07-4087-b96a-edb9840e514b,c1,DROP,685,?,x7,
1769088918.0189617,FORWARDED,e7295ea8-be60-4d9a-a7e2-f98812dc9a57,8b5687f4-fd07-4087-b96a-edb9840e514b,c1,DROP,685,?,x7,
1769088918.0214555,RECEIVED,e984f171-2f7f-4e6f-a7c8-9d6c6385865b,9e660df5-8a29-4eec-9658-571328bbed14,c5,c4,1456,e6,?,
1769088918.0358107,SENT,32e7a29c-4ed2-4fae-9d9d-33b486fb4c91,a0cebfea-8f32-419a-b7f2-f6f5ff65c44c,c5,c4,1012,?,x1,
1769088918.0358531,FORWARDED,32e7a29c-4ed2-4fae-9d9d-33b486fb4c91,a0cebfea-8f32-419a-b7f2-f6f5ff65c44c,c5,c4,1012,?,x1,
1769088918.3414123,SENT,e2c9ba78-279c-4012-b7a7-886061234d97,2842517b-13da-4fb2-9981-f644f0f4e5ec,c1,c3,1019,?,x12,
1769088918.3414547,FORWARDED,e2c9ba78-279c-4012-b7a7-886061234d97,2842517b-13da-4fb2-9981-f644f0f4e5ec,c1,c3,1019,?,x12,
1769088918.5280063,RECEIVED,93288e64-f04c-4bf9-a8fb-69ad6b685df1,9208819d-80bf-4a7f-b408-91c7fe027e69,c5,c4,1446,e3,?,
1769088918.6092355,RECEIVED,9d52b8d6-a63a-49ef-8226-eb8958fe95bf,20c7c40f-a602-4937-92fd-813daecaa716,c4,DROP,1007,e7,?,
1769088918.7852244,SENT,e984f171-2f7f-4e6f-a7c8-9d6c6385865b,9e660df5-8a29-4eec-9658-571328bbed14,c5,c4,1019,?,x12,
1769088918.7852633,FORWARDED,e984f171-2f7f-4e6f-a7c8-9d6c6385865b,9e660df5-8a29-4eec-9658-571328bbed14,c5,c4,1019,?,x12,
1769088918.872458,SENT,9d52b8d6-a63a-49ef-8226-eb8958fe95bf,20c7c40f-a602-4937-92fd-813daecaa716,c4,DROP,684,?,x5,
1769088918.8724968,FORWARDED,9d52b8d6-a63a-49ef-8226-eb8958fe95bf,20c7c40f-a602-4937-92fd-813daecaa716,c4,DROP,684,?,x5,
1769088919.5527134,RECEIVED,193d2efa-6208-4aa2-a553-8b126e4077be,c3a6a3d0-2c56-4e31-9dac-e07140575067,c2,c3,1448,e2,?,
1769088919.6768823,RECEIVED,3874e4a2-51fe-4778-bfaf-e54472726bf6,f3a628f5-eaad-4201-b776-195f3173756a,c1,c3,1457,e3,?,
1769088919.776895,SENT,3874e4a2-51fe-4778-bfaf-e54472726bf6,f3a628f5-eaad-4201-b776-195f3173756a,c1,c3,1020,?,x10,
1769088919.7769356,FORWARDED,3874e4a2-51fe-4778-bfaf-e54472726bf6,f3a628f5-eaad-4201-b776-195f3173756a,c1,c3,1020,?,x10,
1769088919.972504,SENT,193d2efa-6208-4aa2-a553-8b126e4077be,c3a6a3d0-2c56-4e31-9dac-e07140575067,c2,c3,1012,?,x4,
1769088919.9725444,FORWARDED,193d2efa-6208-4aa2-a553-8b126e4077be,c3a6a3d0-2c56-4e31-9dac-e07140575067,c2,c3,1012,?,x4,
1769088920.1052196,SENT,93288e64-f04c-4bf9-a8fb-69ad6b685df1,9208819d-80bf-4a7f-b408-91c7fe027e69,c5,c4,1012,?,x1,
1769088920.1052582,FORWARDED,93288e64-f04c-4bf9-a8fb-69ad6b685df1,9208819d-80bf-4a7f-b408-91c7fe027e69,c5,c4,1012,?,x1,
1769088920.4538822,RECEIVED,cd29a501-fe37-49e3-b91d-adadb7728397,8899aacf-431b-4b5f-9d14-75b134711f0f,c2,DROP,442,x7,?,
1769088920.6975503,RECEIVED,5821e9fd-b4e6-4585-8253-5a607fb6c045,42a5e654-f917-4c58-b1a0-b05e6e29d68f,c1,DROP,1006,e8,?,
1769088921.0262647,RECEIVED,a9b022d1-4185-4ae1-ad3b-604db76f9148,9c73deca-d4f9-4f36-892e-ab5c35e5226d,c3,c4,1447,e3,?,
1769088921.2155476,RECEIVED,f91cc7e2-aa77-4b9f-929f-5c9d1eb7bc08,b67957d5-d74d-4f91-98e2-383b169d0bc7,c3,c4,1465,e3,?,
1769088921.3582392,SENT,f91cc7e2-aa77-4b9f-929f-5c9d1eb7bc08,b67957d5-d74d-4f91-98e2-383b169d0bc7,c3,c4,1024,?,x10,
1769088921.358281,FORWARDED,f91cc7e2-aa77-4b9f-929f-5c9d1eb7bc08,b67957d5-d74d-4f91-98e2-383b169d0bc7,c3,c4,1024,?,x10,
1769088921.628003,RECEIVED,24080c04-72df-4f17-8ac6-84141550e670,92e2963d-552f-49b1-a189-9cddcee04166,c5,c4,1449,e4,?,
1769088921.6599324,SENT,24080c04-72df-4f17-8ac6-84141550e670,92e2963d-552f-49b1-a189-9cddcee04166,c5,c4,1014,?,x9,
1769088921.6599815,FORWARDED,24080c04-72df-4f17-8ac6-84141550e670,92e2963d-552f-49b1-a189-9cddcee04166,c5,c4,1014,?,x9,
1769088921.750372,RECEIVED,62e3032c-35ac-4943-b086-88cd4f10c83e,8165a5d2-5ff8-42a3-9361-c87a60fc5ac5,c4,DROP,1021,e11,?,
1769088921.8496182,SENT,a9b022d1-4185-4ae1-ad3b-604db76f9148,9c73deca-d4f9-4f36-892e-ab5c35e5226d,c3,c4,1012,?,x2,
1769088921.849657,FORWARDED,a9b022d1-4185-4ae1-ad3b-604db76f9148,9c73deca-d4f9-4f36-892e-ab5c35e5226d,c3,c4,1012,?,x2,
1769088921.853229,RECEIVED,2e264e5b-cc2c-44db-a819-c4642afa6fca,673c7e1d-fba5-49b5-8e75-b0683eb2ec1d,c1,DROP,1012,e8,?,
1769088921.8795264,RECEIVED,95a73eeb-f2af-4116-8bd6-9d6f9bbced67,b152c417-a0e5-4cf6-86be-0c89f2a41ec0,c5,DROP,1016,e7,?,
1769088922.0535572,SENT,2e264e5b-cc2c-44db-a819-c4642afa6fca,673c7e1d-fba5-49b5-8e75-b0683eb2ec1d,c1,DROP,687,?,x6,
1769088922.053597,FORWARDED,2e264e5b-cc2c-44db-a819-c4642afa6fca,673c7e1d-fba5-49b5-8e75-b0683eb2ec1d,c1,DROP,687,?,x6,
1769088922.0858777,SENT,62e3032c-35ac-4943-b086-88cd4f10c83e,8165a5d2-5ff8-42a3-9361-c87a60fc5ac5,c4,DROP,692,?,x12,
1769088922.0859175,FORWARDED,62e3032c-35ac-4943-b086-88cd4f10c83e,8165a5d2-5ff8-42a3-9361-c87a60fc5ac5,c4,DROP,692,?,x12,
1769088922.187636,RECEIVED,816a72f5-42b7-461c-969e-4a813070cdc3,082a9379-ac09-492f-92e1-d7e0c9dda760,c2,DROP,1021,e5,?,
1769088922.302779,SENT,95a73eeb-f2af-4116-8bd6-9d6f9bbced67,b152c417-a0e5-4cf6-86be-0c89f2a41ec0,c5,DROP,688,?,x12,
1769088922.3028185,FORWARDED,95a73eeb-f2af-4116-8bd6-9d6f9bbced67,b152c417-a0e5-4cf6-86be-0c89f2a41ec0,c5,DROP,688,?,x12,
1769088922.4306436,SENT,816a72f5-42b7-461c-969e-4a813070cdc3,082a9379-ac09-492f-92e1-d7e0c9dda760,c2,DROP,692,?,x12,
1769088922.4306843,FORWARDED,816a72f5-42b7-461c-969e-4a813070cdc3,082a9379-ac09-492f-92e1-d7e0c9dda760,c2,DROP,692,?,x12,
1769088922.4478495,RECEIVED,6dd83888-7caf-45f7-8e25-7c0f395b6843,1bdc3fb7-ad3a-42e8-ba4c-667e82422c4a,c1,DROP,1019,e11,?,
1769088922.7090228,RECEIVED,4bffd586-b625-4f97-80a5-068e91be7f66,ce000421-7373-4317-83ee-8a618f3a3ce0,c3,c4,1456,e1,?,
1769088922.7169342,SENT,5821e9fd-b4e6-4585-8253-5a607fb6c045,42a5e654-f917-4c58-b1a0-b05e6e29d68f,c1,DROP,683,?,x2,
1769088922.716974,FORWARDED,5821e9fd-b4e6-4585-8253-5a607fb6c045,42a5e654-f917-4c58-b1a0-b05e6e29d68f,c1,DROP,683,?,x2,
1769088922.8576198,RECEIVED,7c625348-b38c-4794-a77e-077362370b8e,fa6a0025-8b94-4155-b0d1-ecdca44a4df1,c3,c4,1461,e3,?,
1769088922.8674,RECEIVED,3fb228be-3979-453a-8532-50258d0962cd,35cddc12-782f-4275-9e0b-371c9bf8d7e7,c2,DROP,1012,e1,?,
1769088923.0204403,SENT,3fb228be-3979-453a-8532-50258d0962cd,35cddc12-782f-4275-9e0b-371c9bf8d7e7,c2,DROP,687,?,x5,
1769088923.0204778,FORWARDED,3fb228be-3979-453a-8532-50258d0962cd,35cddc12-782f-4275-9e0b-371c9bf8d7e7,c2,DROP,687,?,x5,
1769088923.0514746,SENT,4bffd586-b625-4f97-80a5-068e91be7f66,ce000421-7373-4317-83ee-8a618f3a3ce0,c3,c4,1020,?,x11,
1769088923.051516,FORWARDED,4bffd586-b625-4f97-80a5-068e91be7f66,ce000421-7373-4317-83ee-8a618f3a3ce0,c3,c4,1020,?,x11,
1769088923.2431087,RECEIVED,10214c91-e840-477f-bdd5-4192e08cf559,37c167e5-5247-4ed1-9e73-9767942caf3e,c2,DROP,1011,e7,?,
1769088923.2845066,SENT,7c625348-b38c-4794-a77e-077362370b8e,fa6a0025-8b94-4155-b0d1-ecdca44a4df1,c3,c4,1023,?,x12,
1769088923.2845466,FORWARDED,7c625348-b38c-4794-a77e-077362370b8e,fa6a0025-8b94-4155-b0d1-ecdca44a4df1,c3,c4,1023,?,x12,
1769088923.2919092,RECEIVED,94507016-080a-4bf8-a0b1-5f125a7b17e0,ae0e2a5b-1cb5-4584-9af8-c8dd1e825967,c4,c1,1452,e6,?,
1769088923.371058,SENT,6dd83888-7caf-45f7-8e25-7c0f395b6843,1bdc3fb7-ad3a-42e8-ba4c-667e82422c4a,c1,DROP,692,?,x6,
1769088923.3710985,FORWARDED,6dd83888-7caf-45f7-8e25-7c0f395b6843,1bdc3fb7-ad3a-42e8-ba4c-667e82422c4a,c1,DROP,692,?,x6,
1769088923.3955486,SENT,10214c91-e840-477f-bdd5-4192e08cf559,37c167e5-5247-4ed1-9e73-9767942caf3e,c2,DROP,687,?,x4,
1769088923.3955927,FORWARDED,10214c91-e840-477f-bdd5-4192e08cf559,37c167e5-5247-4ed1-9e73-9767942caf3e,c2,DROP,687,?,x4,
1769088923.4069538,SENT,94507016-080a-4bf8-a0b1-5f125a7b17e0,ae0e2a5b-1cb5-4584-9af8-c8dd1e825967,c4,c1,1016,?,x1,
1769088923.4070046,FORWARDED,94507016-080a-4bf8-a0b1-5f125a7b17e0,ae0e2a5b-1cb5-4584-9af8-c8dd1e825967,c4,c1,1016,?,x1,
1769088924.314637,RECEIVED,1f7cef1c-811d-479d-b590-cbea7b4b70ab,8bda7fe1-d0a6-4068-afb6-a911afabe825,c1,DROP,1012,e2,?,
1769088924.319841,RECEIVED,6731f459-0c2c-4845-8d11-58a6300b3046,b9358178-d023-4dd2-8eb5-0e6a37cbee2c,c3,DROP,1015,e8,?,
1769088924.366255,SENT,1f7cef1c-811d-479d-b590-cbea7b4b70ab,8bda7fe1-d0a6-4068-afb6-a911afabe825,c1,DROP,687,?,x4,
1769088924.366295,FORWARDED,1f7cef1c-811d-479d-b590-cbea7b4b70ab,8bda7fe1-d0a6-4068-afb6-a911afabe825,c1,DROP,687,?,x4,
1769088924.485217,RECEIVED,8dfbc5bd-5df4-4e36-91ad-3777b4a310d9,783a020f-cf43-4561-9154-602caac66f08,c2,DROP,1008,e6,?,
1769088924.5207243,RECEIVED,0b14f6ee-9572-40ec-a981-d5825670888e,58f60e74-b1b4-45e0-ac8f-a4216288a604,c3,DROP,1016,e11,?,
1769088924.5692265,SENT,8dfbc5bd-5df4-4e36-91ad-3777b4a310d9,783a020f-cf43-4561-9154-602caac66f08,c2,DROP,684,?,x4,
1769088924.5692668,FORWARDED,8dfbc5bd-5df4-4e36-91ad-3777b4a310d9,783a020f-cf43-4561-9154-602caac66f08,c2,DROP,684,?,x4,
1769088924.5808275,SENT,0b14f6ee-9572-40ec-a981-d5825670888e,58f60e74-b1b4-45e0-ac8f-a4216288a604,c3,DROP,688,?,x2,
1769088924.5808675,FORWARDED,0b14f6ee-9572-40ec-a981-d5825670888e,58f60e74-b1b4-45e0-ac8f-a4216288a604,c3,DROP,688,?,x2,
1769088924.9815264,SENT,6731f459-0c2c-4845-8d11-58a6300b3046,b9358178-d023-4dd2-8eb5-0e6a37cbee2c,c3,DROP,688,?,x2,
1769088924.981566,FORWARDED,6731f459-0c2c-4845-8d11-58a6300b3046,b9358178-d023-4dd2-8eb5-0e6a37cbee2c,c3,DROP,688,?,x2,
1769088925.061715,RECEIVED,d64f5cca-36ea-4732-89aa-444c77f39f04,c60dba44-ca84-4ec9-ac6b-af82412e62e6,c3,c4,1456,e4,?,
1769088925.4527998,SENT,d64f5cca-36ea-4732-89aa-444c77f39f04,c60dba44-ca84-4ec9-ac6b-af82412e62e6,c3,c4,1020,?,x11,
1769088925.4528325,FORWARDED,d64f5cca-36ea-4732-89aa-444c77f39f04,c60dba44-ca84-4ec9-ac6b-af82412e62e6,c3,c4,1020,?,x11,
1769088925.5574167,RECEIVED,756044a7-9772-4397-9ce9-7edf6f6e928e,f8d08b68-89fa-4a1c-883d-281d718ffc7d,c1,DROP,1013,e5,?,
1769088925.63693,RECEIVED,1ca7ed9a-42ff-40b9-a32d-0de108a1fa4d,41ca3ef8-3d21-4512-822f-036909501ead,c3,c4,1451,e1,?,
1769088925.7288752,SENT,756044a7-9772-4397-9ce9-7edf6f6e928e,f8d08b68-89fa-4a1c-883d-281d718ffc7d,c1,DROP,687,?,x12,
1769088925.7289162,FORWARDED,756044a7-9772-4397-9ce9-7edf6f6e928e,f8d08b68-89fa-4a1c-883d-281d718ffc7d,c1,DROP,687,?,x12,
1769088925.977852,SENT,1ca7ed9a-42ff-40b9-a32d-0de108a1fa4d,41ca3ef8-3d21-4512-822f-036909501ead,c3,c4,1016,?,x9,
1769088925.9778922,FORWARDED,1ca7ed9a-42ff-40b9-a32d-0de108a1fa4d,41ca3ef8-3d21-4512-822f-036909501ead,c3,c4,1016,?,x9,
1769088926.0135598,RECEIVED,7b5a2f31-30e3-4c28-aa69-c27dda5c5e38,422ea054-d83b-4a4e-a055-6740200f088f,c3,DROP,440,x11,?,
1769088926.082739,RECEIVED,952f5677-9c71-46d4-bc12-7fce73549cb3,dd621518-bf3d-4829-9865-2912d4c0dc7e,c1,DROP,1012,e1,?,
1769088926.2118168,RECEIVED,12d96cda-407e-4323-8de4-fd1821516e97,2d13044a-68a1-42be-8803-64d90b384361,c1,c3,1457,e2,?,
1769088926.283814,SENT,12d96cda-407e-4323-8de4-fd1821516e97,2d13044a-68a1-42be-8803-64d90b384361,c1,c3,1020,?,x10,
1769088926.2838452,FORWARDED,12d96cda-407e-4323-8de4-fd1821516e97,2d13044a-68a1-42be-8803-64d90b384361,c1,c3,1020,?,x10,
1769088926.2959807,RECEIVED,d51841ce-be11-49ba-8a07-e4b91957458a,f0ec4040-6d13-44d0-b1ce-d95c41ed8138,c4,DROP,1011,e8,?,
1769088926.2999299,RECEIVED,e10a80f3-d534-4b50-9f96-ea3d7e25f96b,653f1e6b-d8ae-4bf4-9171-98f38c0998ac,c4,c1,1451,e6,?,
1769088926.5300157,RECEIVED,938fc8b2-eb0d-4599-b606-6730dd2f6511,57ea15f0-d80b-41a0-a2a0-db6286f6fe0e,c4,DROP,441,x11,?,
1769088926.5884547,SENT,952f5677-9c71-46d4-bc12-7fce73549cb3,dd621518-bf3d-4829-9865-2912d4c0dc7e,c1,DROP,687,?,x11,
1769088926.588495,FORWARDED,952f5677-9c71-46d4-bc12-7fce73549cb3,dd621518-bf3d-4829-9865-2912d4c0dc7e,c1,DROP,687,?,x11,
1769088926.7000606,RECEIVED,b6706dd3-933d-4f69-bf4d-b1776c3b1c52,22f89f36-e04d-4c07-a7a5-66e4b320456b,c3,DROP,1020,e12,?,
1769088926.754796,SENT,d51841ce-be11-49ba-8a07-e4b91957458a,f0ec4040-6d13-44d0-b1ce-d95c41ed8138,c4,DROP,685,?,x6,
1769088926.7548351,FORWARDED,d51841ce-be11-49ba-8a07-e4b91957458a,f0ec4040-6d13-44d0-b1ce-d95c41ed8138,c4,DROP,685,?,x6,
1769088926.9645574,SENT,e10a80f3-d534-4b50-9f96-ea3d7e25f96b,653f1e6b-d8ae-4bf4-9171-98f38c0998ac,c4,c1,1016,?,x9,
1769088926.9645994,FORWARDED,e10a80f3-d534-4b50-9f96-ea3d7e25f96b,653f1e6b-d8ae-4bf4-9171-98f38c0998ac,c4,c1,1016,?,x9,
1769088927.1019135,SENT,b6706dd3-933d-4f69-bf4d-b1776c3b1c52,22f89f36-e04d-4c07-a7a5-66e4b320456b,c3,DROP,692,?,x10,
1769088927.101958,FORWARDED,b6706dd3-933d-4f69-bf4d-b1776c3b1c52,22f89f36-e04d-4c07-a7a5-66e4b320456b,c3,DROP,692,?,x10,
1769088927.1538458,RECEIVED,a118b4c1-33be-4eea-beee-9cacafe8a6c3,e1c583bb-f542-4b12-ab69-4a1f205bd1ed,c1,DROP,1012,e11,?,
1769088927.3105006,RECEIVED,995603d4-47c4-4533-aaf9-969bb05a3976,3d2e9845-3561-4239-a993-cb68f2603c5e,c3,DROP,1016,e5,?,
1769088927.3562412,SENT,995603d4-47c4-4533-aaf9-969bb05a3976,3d2e9845-3561-4239-a993-cb68f2603c5e,c3,DROP,688,?,x6,
1769088927.3562832,FORWARDED,995603d4-47c4-4533-aaf9-969bb05a3976,3d2e9845-3561-4239-a993-cb68f2603c5e,c3,DROP,688,?,x6,
1769088927.361011,SENT,a118b4c1-33be-4eea-beee-9cacafe8a6c3,e1c583bb-f542-4b12-ab69-4a1f205bd1ed,c1,DROP,687,?,x1,
1769088927.3610573,FORWARDED,a118b4c1-33be-4eea-beee-9cacafe8a6c3,e1c583bb-f542-4b12-ab69-4a1f205bd1ed,c1,DROP,687,?,x1,
1769088927.4633412,RECEIVED,44bfca81-c787-4455-94cf-a26125a5a3aa,6f78ca52-9c81-422b-b52e-35c71eb40b61,c4,c1,1460,e3,?,
1769088927.9456234,RECEIVED,9e825eeb-e05e-4079-b089-c9beab4298cb,3e9af7a9-8f89-41d1-8acd-e76daf03febc,c1,c3,1452,e10,?,
1769088928.1933799,RECEIVED,a31c3275-9c2d-40e4-8202-7ce8d77b928f,40f0a9ca-587a-414c-a4c1-098f70d415c4,c2,DROP,1008,e11,?,
1769088928.2672992,SENT,9e825eeb-e05e-4079-b089-c9beab4298cb,3e9af7a9-8f89-41d1-8acd-e76daf03febc,c1,c3,1015,?,x4,
1769088928.267336,FORWARDED,9e825eeb-e05e-4079-b089-c9beab4298cb,3e9af7a9-8f89-41d1-8acd-e76daf03febc,c1,c3,1015,?,x4,
1769088928.2865138,SENT,a31c3275-9c2d-40e4-8202-7ce8d77b928f,40f0a9ca-587a-414c-a4c1-098f70d415c4,c2,DROP,683,?,x9,
1769088928.2865589,FORWARDED,a31c3275-9c2d-40e4-8202-7ce8d77b928f,40f0a9ca-587a-414c-a4c1-098f70d415c4,c2,DROP,683,?,x9,
1769088928.6251795,RECEIVED,6c66ea0b-5eae-49b7-a8e5-465c36493858,0d71354d-6e5e-45a8-b5bf-e40c1952577d,c4,c1,1461,e9,?,
1769088928.856596,SENT,44bfca81-c787-4455-94cf-a26125a5a3aa,6f78ca52-9c81-422b-b52e-35c71eb40b61,c4,c1,1023,?,x12,
1769088928.856634,FORWARDED,44bfca81-c787-4455-94cf-a26125a5a3aa,6f78ca52-9c81-422b-b52e-35c71eb40b61,c4,c1,1023,?,x12,
1769088928.8977437,SENT,6c66ea0b-5eae-49b7-a8e5-465c36493858,0d71354d-6e5e-45a8-b5bf-e40c1952577d,c4,c1,1022,?,x11,
1769088928.8977816,FORWARDED,6c66ea0b-5eae-49b7-a8e5-465c36493858,0d71354d-6e5e-45a8-b5bf-e40c1952577d,c4,c1,1022,?,x11,
1769088929.159774,RECEIVED,2c162b05-d419-4a94-847e-562f7f62d806,0c73d3e5-8a8c-4a9e-8e5e-a923f0091b3d,c4,c1,1452,e3,?,
1769088929.2067397,RECEIVED,a5eea3c7-cb2c-4079-ac11-231a3a6bb2fe,d46e151a-d99a-42f4-b3f7-1d0d91bd7fb7,c4,DROP,1004,e4,?,
1769088929.3674004,RECEIVED,7e24db98-26ed-4a6f-a4d2-1f6eef6f3160,05299eca-eeb3-4aaf-8539-787f11f0e59f,c3,DROP,442,x1,?,
1769088929.4971747,RECEIVED,d5b95e40-666a-4e6a-80d7-d2686d8c99b5,e75ef2d3-3072-46ea-8c67-4bae9a5fa40a,c3,c4,1452,e12,?,
1769088929.5636606,SENT,a5eea3c7-cb2c-4079-ac11-231a3a6bb2fe,d46e151a-d99a-42f4-b3f7-1d0d91bd7fb7,c4,DROP,680,?,x8,
1769088929.5637012,FORWARDED,a5eea3c7-cb2c-4079-ac11-231a3a6bb2fe,d46e151a-d99a-42f4-b3f7-1d0d91bd7fb7,c4,DROP,680,?,x8,
1769088929.8452015,RECEIVED,2a03df63-6984-4155-b70b-74b5d807b572,15cbb642-e52a-4118-b578-f207f514a182,c2,DROP,441,x11,?,
1769088929.8809013,SENT,2c162b05-d419-4a94-847e-562f7f62d806,0c73d3e5-8a8c-4a9e-8e5e-a923f0091b3d,c4,c1,1016,?,x12,
1769088929.8809414,FORWARDED,2c162b05-d419-4a94-847e-562f7f62d806,0c73d3e5-8a8c-4a9e-8e5e-a923f0091b3d,c4,c1,1016,?,x12,
1769088929.9961195,RECEIVED,9126864e-9122-4513-b433-f5b85aeb5d62,d8c156d3-75ba-46eb-bc09-19ed8c1a2209,c2,c3,1445,e1,?,
1769088930.0862145,SENT,9126864e-9122-4513-b433-f5b85aeb5d62,d8c156d3-75ba-46eb-bc09-19ed8c1a2209,c2,c3,1011,?,x6,
1769088930.0862558,FORWARDED,9126864e-9122-4513-b433-f5b85aeb5d62,d8c156d3-75ba-46eb-bc09-19ed8c1a2209,c2,c3,1011,?,x6,
1769088930.2801428,RECEIVED,00452878-d924-4647-bac5-c04575b6e53a,d5fc2dd3-288c-45e3-9b7e-7bd15adcf1c0,c5,DROP,1010,e7,?,
1769088930.3026905,RECEIVED,edad356e-2d1b-468e-a9b9-8bb9b1be4783,54d1a401-3581-4c40-9356-3930087e14e0,c2,c3,1444,e10,?,
1769088930.3215914,RECEIVED,db3ef24d-29a9-4b75-a95e-fd21b885d05e,4f29fc68-95df-4374-98e5-c168f803e5cd,c5,DROP,1007,e7,?,
1769088930.347535,SENT,00452878-d924-4647-bac5-c04575b6e53a,d5fc2dd3-288c-45e3-9b7e-7bd15adcf1c0,c5,DROP,687,?,x6,
1769088930.347574,FORWARDED,00452878-d924-4647-bac5-c04575b6e53a,d5fc2dd3-288c-45e3-9b7e-7bd15adcf1c0,c5,DROP,687,?,x6,
1769088930.3616753,SENT,edad356e-2d1b-468e-a9b9-8bb9b1be4783,54d1a401-3581-4c40-9356-3930087e14e0,c2,c3,1011,?,x4,
1769088930.3617167,FORWARDED,edad356e-2d1b-468e-a9b9-8bb9b1be4783,54d1a401-3581-4c40-9356-3930087e14e0,c2,c3,1011,?,x4,
1769088930.4521008,SENT,db3ef24d-29a9-4b75-a95e-fd21b885d05e,4f29fc68-95df-4374-98e5-c168f803e5cd,c5,DROP,682,?,x5,
1769088930.4521506,FORWARDED,db3ef24d-29a9-4b75-a95e-fd21b885d05e,4f29fc68-95df-4374-98e5-c168f803e5cd,c5,DROP,682,?,x5,
1769088930.5237255,RECEIVED,20154996-6f2f-4170-bf04-bf55b1edbe62,9cb9b2d5-f8c0-4a70-8760-6b0e7d524658,c2,DROP,1015,e7,?,
1769088930.5613399,RECEIVED,1e2cd4a2-d651-4b1e-a48d-2039c5b00a25,bb7e5b8e-9a53-4ea2-ab09-0a8bda10a3c9,c1,DROP,1009,e7,?,
1769088930.5770965,SENT,d5b95e40-666a-4e6a-80d7-d2686d8c99b5,e75ef2d3-3072-46ea-8c67-4bae9a5fa40a,c3,c4,1016,?,x12,
1769088930.577137,FORWARDED,d5b95e40-666a-4e6a-80d7-d2686d8c99b5,e75ef2d3-3072-46ea-8c67-4bae9a5fa40a,c3,c4,1016,?,x12,
1769088930.634787,SENT,1e2cd4a2-d651-4b1e-a48d-2039c5b00a25,bb7e5b8e-9a53-4ea2-ab09-0a8bda10a3c9,c1,DROP,683,?,x11,
1769088930.6348288,FORWARDED,1e2cd4a2-d651-4b1e-a48d-2039c5b00a25,bb7e5b8e-9a53-4ea2-ab09-0a8bda10a3c9,c1,DROP,683,?,x11,
1769088930.8257415,RECEIVED,1ab9cb65-6c65-4629-a47f-15dd23eef301,42ad10fa-dd4d-4327-8bc2-11e1e34124d9,c4,c1,1448,e8,?,
1769088930.9493573,RECEIVED,2913c821-fb87-4234-8267-d5342dcfe19f,08d3930b-fb8c-4a72-8e82-67281953754d,c5,DROP,1013,e5,?,
1769088931.0147588,SENT,1ab9cb65-6c65-4629-a47f-15dd23eef301,42ad10fa-dd4d-4327-8bc2-11e1e34124d9,c4,c1,1012,?,x3,
1769088931.0147989,FORWARDED,1ab9cb65-6c65-4629-a47f-15dd23eef301,42ad10fa-dd4d-4327-8bc2-11e1e34124d9,c4,c1,1012,?,x3,
1769088931.1138828,SENT,2913c821-fb87-4234-8267-d5342dcfe19f,08d3930b-fb8c-4a72-8e82-67281953754d,c5,DROP,687,?,x11,
1769088931.11392,FORWARDED,2913c821-fb87-4234-8267-d5342dcfe19f,08d3930b-fb8c-4a72-8e82-67281953754d,c5,DROP,687,?,x11,
1769088931.2579281,SENT,20154996-6f2f-4170-bf04-bf55b1edbe62,9cb9b2d5-f8c0-4a70-8760-6b0e7d524658,c2,DROP,688,?,x2,
1769088931.2579622,FORWARDED,20154996-6f2f-4170-bf04-bf55b1edbe62,9cb9b2d5-f8c0-4a70-8760-6b0e7d524658,c2,DROP,688,?,x2,
1769088931.708,RECEIVED,afab8ed9-a3b4-44ba-ac21-5fb2e5c5e9d8,c47651b6-c547-4b62-ae8a-0930fdf704b5,c5,DROP,1015,e6,?,
1769088931.7278123,RECEIVED,824dd823-f2f8-44df-9e49-009e44911716,79f76748-f84a-415b-8b4c-f2e800800bf9,c5,DROP,1003,e3,?,
1769088931.7427022,RECEIVED,e503ed40-22b6-4741-a54d-37503eadff25,ec7e72f3-9bd4-4d44-9189-a2b9ff10ccf3,c4,DROP,441,x11,?,
1769088932.1371567,SENT,afab8ed9-a3b4-44ba-ac21-5fb2e5c5e9d8,c47651b6-c547-4b62-ae8a-0930fdf704b5,c5,DROP,689,?,x1,
1769088932.1371903,FORWARDED,afab8ed9-a3b4-44ba-ac21-5fb2e5c5e9d8,c47651b6-c547-4b62-ae8a-0930fdf704b5,c5,DROP,689,?,x1,
1769088932.2085354,RECEIVED,3ffa7f7c-d4d3-4297-9b4c-0ee6f0646777,97e33491-42a8-4869-b855-2ba54a310e7b,c3,c4,1455,e11,?,
1769088932.392291,RECEIVED,194bd060-b663-4485-b25e-a790b3ff33dd,8bb8467c-c4e5-4281-9386-464da1135855,c4,DROP,1013,e7,?,
1769088932.6205254,SENT,824dd823-f2f8-44df-9e49-009e44911716,79f76748-f84a-415b-8b4c-f2e800800bf9,c5,DROP,680,?,x4,
1769088932.6206455,FORWARDED,824dd823-f2f8-44df-9e49-009e44911716,79f76748-f84a-415b-8b4c-f2e800800bf9,c5,DROP,680,?,x4,
1769088932.7296243,SENT,194bd060-b663-4485-b25e-a790b3ff33dd,8bb8467c-c4e5-4281-9386-464da1135855,c4,DROP,687,?,x10,
1769088932.7296667,FORWARDED,194bd060-b663-4485-b25e-a790b3ff33dd,8bb8467c-c4e5-4281-9386-464da1135855,c4,DROP,687,?,x10,
1769088932.7634573,SENT,3ffa7f7c-d4d3-4297-9b4c-0ee6f0646777,97e33491-42a8-4869-b855-2ba54a310e7b,c3,c4,1019,?,x6,
1769088932.7635064,FORWARDED,3ffa7f7c-d4d3-4297-9b4c-0ee6f0646777,97e33491-42a8-4869-b855-2ba54a310e7b,c3,c4,1019,?,x6,
1769088932.776477,RECEIVED,2c5e476d-b149-44ef-b471-00b4192af676,e64a7436-7c96-486b-bdb2-1ba8fe7ef24a,c2,DROP,1012,e3,?,
1769088932.8825426,SENT,2c5e476d-b149-44ef-b471-00b4192af676,e64a7436-7c96-486b-bdb2-1ba8fe7ef24a,c2,DROP,685,?,x7,
1769088932.8825822,FORWARDED,2c5e476d-b149-44ef-b471-00b4192af676,e64a7436-7c96-486b-bdb2-1ba8fe7ef24a,c2,DROP,685,?,x7,
1769088932.899413,RECEIVED,61ed94ea-1606-4fc3-a909-7aa4aa24bc26,5485b23b-2531-4899-b8dd-ea7ec4066743,c1,DROP,1017,e8,?,
1769088932.9081154,SENT,61ed94ea-1606-4fc3-a909-7aa4aa24bc26,5485b23b-2531-4899-b8dd-ea7ec4066743,c1,DROP,688,?,x7,
1769088932.9081523,FORWARDED,61ed94ea-1606-4fc3-a909-7aa4aa24bc26,5485b23b-2531-4899-b8dd-ea7ec4066743,c1,DROP,688,?,x7,
1769088932.9570992,RECEIVED,f4c098ac-bfb0-491a-9d42-5e31bc14513c,637b4f86-37a4-47de-a463-01816c22d5dd,c4,DROP,1012,e2,?,
1769088932.9882376,RECEIVED,810225ea-0e5f-4b3d-8268-75d8b5d58eef,950c0b86-37fd-4e74-b60e-c5c6fb2c41b3,c3,DROP,1015,e7,?,
1769088933.4740932,RECEIVED,86922b3b-4679-49b1-83da-88258293a60a,950bed2b-dba8-4728-90e6-6e8dc4f193d4,c2,c3,1451,e4,?,
1769088933.7038503,RECEIVED,744e7af6-1296-476b-a80d-12a2e52834d2,7373f4e4-2e5a-4963-90e8-010755428753,c4,c1,1450,e6,?,
1769088933.766777,SENT,f4c098ac-bfb0-491a-9d42-5e31bc14513c,637b4f86-37a4-47de-a463-01816c22d5dd,c4,DROP,687,?,x10,
1769088933.7668192,FORWARDED,f4c098ac-bfb0-491a-9d42-5e31bc14513c,637b4f86-37a4-47de-a463-01816c22d5dd,c4,DROP,687,?,x10,
1769088933.850833,RECEIVED,19d45d19-77b5-4757-858e-192dc9bf831b,93c7b68a-0013-488b-9a56-99076b589da6,c2,c3,1452,e5,?,
1769088933.8773055,SENT,810225ea-0e5f-4b3d-8268-75d8b5d58eef,950c0b86-37fd-4e74-b60e-c5c6fb2c41b3,c3,DROP,688,?,x4,
1769088933.8773465,FORWARDED,810225ea-0e5f-4b3d-8268-75d8b5d58eef,950c0b86-37fd-4e74-b60e-c5c6fb2c41b3,c3,DROP,688,?,x4,
1769088933.886873,SENT,19d45d19-77b5-4757-858e-192dc9bf831b,93c7b68a-0013-488b-9a56-99076b589da6,c2,c3,1016,?,x3,
1769088933.8869116,FORWARDED,19d45d19-77b5-4757-858e-192dc9bf831b,93c7b68a-0013-488b-9a56-99076b589da6,c2,c3,1016,?,x3,
1769088933.926421,SENT,744e7af6-1296-476b-a80d-12a2e52834d2,7373f4e4-2e5a-4963-90e8-010755428753,c4,c1,1015,?,x8,
1769088933.926454,FORWARDED,744e7af6-1296-476b-a80d-12a2e52834d2,7373f4e4-2e5a-4963-90e8-010755428753,c4,c1,1015,?,x8,
1769088934.3186421,RECEIVED,09fa03c7-1406-432a-bd53-34ba7b577300,4a97bc47-d49a-4f9c-af8b-a592ab8d4e4a,c5,DROP,1007,e2,?,
1769088934.4226966,RECEIVED,9e3a383a-2356-43a3-9818-95b2f871018f,30218620-7fa7-47e5-b826-1776fd795c2c,c2,DROP,1015,e12,?,
1769088934.5255125,SENT,86922b3b-4679-49b1-83da-88258293a60a,950bed2b-dba8-4728-90e6-6e8dc4f193d4,c2,c3,1015,?,x1,
1769088934.5255542,FORWARDED,86922b3b-4679-49b1-83da-88258293a60a,950bed2b-dba8-4728-90e6-6e8dc4f193d4,c2,c3,1015,?,x1,
1769088935.3935056,SENT,09fa03c7-1406-432a-bd53-34ba7b577300,4a97bc47-d49a-4f9c-af8b-a592ab8d4e4a,c5,DROP,684,?,x4,
1769088935.3935444,FORWARDED,09fa03c7-1406-432a-bd53-34ba7b577300,4a97bc47-d49a-4f9c-af8b-a592ab8d4e4a,c5,DROP,684,?,x4,
1769088935.6657474,SENT,9e3a383a-2356-43a3-9818-95b2f871018f,30218620-7fa7-47e5-b826-1776fd795c2c,c2,DROP,688,?,x8,
1769088935.665788,FORWARDED,9e3a383a-2356-43a3-9818-95b2f871018f,30218620-7fa7-47e5-b826-1776fd795c2c,c2,DROP,688,?,x8,
1769088935.7542055,RECEIVED,3b6c8246-17c5-47ae-96e7-bb998ea1f4d3,e934c3fe-63ba-4fa8-a570-1bdf28bca99c,c3,DROP,446,x11,?,
1769088935.8190014,RECEIVED,d17f4d83-6e54-4cdc-aa4b-47dcb8bea584,29f4dff4-5dee-4307-acfd-521fea38d6e1,c4,DROP,1008,e4,?,
1769088935.8378396,RECEIVED,24ea5a4e-36fd-4a4f-8681-582b5cd3c5dc,bc3b14fc-33bb-42fc-8575-4c82dc1c651c,c1,c3,1456,e12,?,
1769088935.9361243,SENT,d17f4d83-6e54-4cdc-aa4b-47dcb8bea584,29f4dff4-5dee-4307-acfd-521fea38d6e1,c4,DROP,683,?,x8,
1769088935.9361649,FORWARDED,d17f4d83-6e54-4cdc-aa4b-47dcb8bea584,29f4dff4-5dee-4307-acfd-521fea38d6e1,c4,DROP,683,?,x8,
1769088935.9985485,RECEIVED,45a9d898-9d65-4ddc-9ca0-b6420c1c4b37,68c9bfb2-e852-4d37-9198-aecf24b83892,c5,c4,1449,e5,?,
1769088936.0473723,SENT,45a9d898-9d65-4ddc-9ca0-b6420c1c4b37,68c9bfb2-e852-4d37-9198-aecf24b83892,c5,c4,1014,?,x11,
1769088936.0474136,FORWARDED,45a9d898-9d65-4ddc-9ca0-b6420c1c4b37,68c9bfb2-e852-4d37-9198-aecf24b83892,c5,c4,1014,?,x11,
1769088936.1036472,SENT,24ea5a4e-36fd-4a4f-8681-582b5cd3c5dc,bc3b14fc-33bb-42fc-8575-4c82dc1c651c,c1,c3,1019,?,x9,
1769088936.1036875,FORWARDED,24ea5a4e-36fd-4a4f-8681-582b5cd3c5dc,bc3b14fc-33bb-42fc-8575-4c82dc1c651c,c1,c3,1019,?,x9,
1769088936.2315073,RECEIVED,4a8a2764-e4a7-48e9-ac43-e59e2004c2fa,b0192a91-4ab3-4bae-9249-ab92cb644e2b,c5,c4,1447,e3,?,
1769088936.3281238,RECEIVED,e33cfcac-7dcf-47b2-a475-256b29a1c11a,5f9ff492-58b5-42d0-94be-993270ad8207,c1,c3,1453,e4,?,
1769088936.361471,SENT,e33cfcac-7dcf-47b2-a475-256b29a1c11a,5f9ff492-58b5-42d0-94be-993270ad8207,c1,c3,1015,?,x3,
1769088936.3615105,FORWARDED,e33cfcac-7dcf-47b2-a475-256b29a1c11a,5f9ff492-58b5-42d0-94be-993270ad8207,c1,c3,1015,?,x3,
1769088937.5714197,SENT,4a8a2764-e4a7-48e9-ac43-e59e2004c2fa,b0192a91-4ab3-4bae-9249-ab92cb644e2b,c5,c4,1012,?,x5,
1769088937.5714583,FORWARDED,4a8a2764-e4a7-48e9-ac43-e59e2004c2fa,b0192a91-4ab3-4bae-9249-ab92cb644e2b,c5,c4,1012,?,x5,
1769088937.5804563,RECEIVED,8cf4a19e-2452-4dcb-a835-4260587a1d09,0a1356c3-36b3-4f29-9160-20759e6d91d4,c5,DROP,1015,e10,?,
1769088937.7723541,RECEIVED,eef5e04a-221d-435a-8e96-53e750352314,f826c474-6191-4e3e-af25-4be2e94f7e9e,c1,c3,1461,e8,?,
1769088937.8480184,RECEIVED,a9dc492f-619e-484e-b712-ffe608f3a681,62e05e6a-cc50-4e40-92d7-d215907f9609,c1,DROP,445,x10,?,
1769088937.8947878,RECEIVED,fa927262-30c0-48d5-95a1-c151dddd4cce,5087dda8-4b71-4af3-9797-d1d670a78112,c2,DROP,441,x2,?,
1769088938.038878,RECEIVED,6a153737-d31d-44fb-a530-918dd73b6b5d,2df4d8fb-cf1d-43dc-bfb2-99d03891f4ed,c1,DROP,1011,e8,?,
1769088938.105959,SENT,eef5e04a-221d-435a-8e96-53e750352314,f826c474-6191-4e3e-af25-4be2e94f7e9e,c1,c3,1023,?,x11,
1769088938.1060004,FORWARDED,eef5e04a-221d-435a-8e96-53e750352314,f826c474-6191-4e3e-af25-4be2e94f7e9e,c1,c3,1023,?,x11,
1769088938.2179217,RECEIVED,5a4c7660-39b3-46e5-894b-2df1a2070348,dca35933-6a37-41f9-9346-4dfeb0a7dc91,c1,c3,1446,e8,?,
1769088938.3144467,RECEIVED,a9974931-6692-44db-86d5-c64f1b6bafc2,0438db4c-b3a9-48d2-90b4-b7d300ccde16,c2,DROP,441,x10,?,
1769088938.4232416,SENT,8cf4a19e-2452-4dcb-a835-4260587a1d09,0a1356c3-36b3-4f29-9160-20759e6d91d4,c5,DROP,688,?,x3,
1769088938.4232845,FORWARDED,8cf4a19e-2452-4dcb-a835-4260587a1d09,0a1356c3-36b3-4f29-9160-20759e6d91d4,c5,DROP,688,?,x3,
1769088938.6727006,SENT,6a153737-d31d-44fb-a530-918dd73b6b5d,2df4d8fb-cf1d-43dc-bfb2-99d03891f4ed,c1,DROP,685,?,x2,
1769088938.672741,FORWARDED,6a153737-d31d-44fb-a530-918dd73b6b5d,2df4d8fb-cf1d-43dc-bfb2-99d03891f4ed,c1,DROP,685,?,x2,
1769088938.6930928,RECEIVED,b30fe8ef-cd65-4436-b458-ea5ceefa8b92,1ae53e7f-4f45-4fc1-adb4-6f2a4ffc0091,c4,c1,1443,e3,?,
1769088938.70849,RECEIVED,14172b55-86ba-4042-81ce-7cf6cff95d5a,b6b6da47-74bb-4e28-afd7-0622abdbe605,c5,c4,1447,e2,?,
1769088938.722589,RECEIVED,f868e4e1-104a-47de-aae2-d2acee4506c4,953b9b4b-1414-44bf-a0b6-922173e71287,c4,c1,1452,e6,?,
1769088938.8538706,SENT,f868e4e1-104a-47de-aae2-d2acee4506c4,953b9b4b-1414-44bf-a0b6-922173e71287,c4,c1,1016,?,x4,
1769088938.853909,FORWARDED,f868e4e1-104a-47de-aae2-d2acee4506c4,953b9b4b-1414-44bf-a0b6-922173e71287,c4,c1,1016,?,x4,
1769088938.8867364,RECEIVED,516b19a5-53c1-4963-aebc-30b2eda8d042,5013a9c2-7826-43b0-991a-e12634dd5bbe,c3,DROP,1015,e9,?,
1769088939.1044776,SENT,5a4c7660-39b3-46e5-894b-2df1a2070348,dca35933-6a37-41f9-9346-4dfeb0a7dc91,c1,c3,1012,?,x8,
1769088939.1045184,FORWARDED,5a4c7660-39b3-46e5-894b-2df1a2070348,dca35933-6a37-41f9-9346-4dfeb0a7dc91,c1,c3,1012,?,x8,
1769088939.1573038,SENT,b30fe8ef-cd65-4436-b458-ea5ceefa8b92,1ae53e7f-4f45-4fc1-adb4-6f2a4ffc0091,c4,c1,1011,?,x4,
1769088939.1573455,FORWARDED,b30fe8ef-cd65-4436-b458-ea5ceefa8b92,1ae53e7f-4f45-4fc1-adb4-6f2a4ffc0091,c4,c1,1011,?,x4,
1769088939.185603,RECEIVED,30e60a2d-1246-41cc-8aaf-8aec75cc6fd8,28266424-f76b-49f5-a1ce-36531c36e527,c3,DROP,445,x10,?,
1769088939.295221,SENT,14172b55-86ba-4042-81ce-7cf6cff95d5a,b6b6da47-74bb-4e28-afd7-0622abdbe605,c5,c4,1012,?,x4,
1769088939.2952714,FORWARDED,14172b55-86ba-4042-81ce-7cf6cff95d5a,b6b6da47-74bb-4e28-afd7-0622abdbe605,c5,c4,1012,?,x4,
1769088939.3558807,RECEIVED,599a7b6a-4302-4ee2-b78b-701a21bba816,980c6be8-25d4-4804-876e-02a7f229f0fc,c3,c4,1445,e5,?,
1769088939.3968115,SENT,599a7b6a-4302-4ee2-b78b-701a21bba816,980c6be8-25d4-4804-876e-02a7f229f0fc,c3,c4,1009,?,x1,
1769088939.3968523,FORWARDED,599a7b6a-4302-4ee2-b78b-701a21bba816,980c6be8-25d4-4804-876e-02a7f229f0fc,c3,c4,1009,?,x1,
1769088939.4779208,RECEIVED,151a6cc3-f3e4-4758-8bd2-de13cf3ad43e,f7b8334e-484b-4573-b8a2-353b87845380,c3,DROP,441,x3,?,
1769088939.7824807,RECEIVED,d7e5a9a4-36bc-4e7e-9bef-380e92d3aec3,88cfe86d-34a9-44fd-9679-3fde9aa0cf2e,c3,c4,1443,e8,?,
1769088939.8312924,SENT,d7e5a9a4-36bc-4e7e-9bef-380e92d3aec3,88cfe86d-34a9-44fd-9679-3fde9aa0cf2e,c3,c4,1011,?,x6,
1769088939.8313308,FORWARDED,d7e5a9a4-36bc-4e7e-9bef-380e92d3aec3,88cfe86d-34a9-44fd-9679-3fde9aa0cf2e,c3,c4,1011,?,x6,
1769088939.8974955,SENT,516b19a5-53c1-4963-aebc-30b2eda8d042,5013a9c2-7826-43b0-991a-e12634dd5bbe,c3,DROP,688,?,x7,
1769088939.8975365,FORWARDED,516b19a5-53c1-4963-aebc-30b2eda8d042,5013a9c2-7826-43b0-991a-e12634dd5bbe,c3,DROP,688,?,x7,
1769088940.0680442,RECEIVED,a7d0de9e-0d5c-4a29-bac4-3d0e519c44a4,8283c083-e3db-4447-b4a5-ced0962f6889,c3,DROP,1024,e2,?,
1769088940.1189396,RECEIVED,d0e195d0-7b51-4224-a243-ae558e07f6ce,f68d5eef-e9a8-4443-bb27-7415ce6d9650,c5,DROP,1005,e9,?,
1769088940.181876,SENT,d0e195d0-7b51-4224-a243-ae558e07f6ce,f68d5eef-e9a8-4443-bb27-7415ce6d9650,c5,DROP,680,?,x3,
1769088940.1819174,FORWARDED,d0e195d0-7b51-4224-a243-ae558e07f6ce,f68d5eef-e9a8-4443-bb27-7415ce6d9650,c5,DROP,680,?,x3,
1769088940.4104319,RECEIVED,daf3377f-aaff-46f5-807e-10d0640a5724,af886fbd-590c-4c2a-ace1-2ac4a842a36c,c4,c1,1439,e6,?,
1769088940.4332438,RECEIVED,043ad685-3971-46ec-93e8-753bef899df1,5792cf5d-5f76-4894-a395-214f3dc0689d,c5,c4,1444,e8,?,
1769088940.5244212,SENT,043ad685-3971-46ec-93e8-753bef899df1,5792cf5d-5f76-4894-a395-214f3dc0689d,c5,c4,1011,?,x1,
1769088940.524474,FORWARDED,043ad685-3971-46ec-93e8-753bef899df1,5792cf5d-5f76-4894-a395-214f3dc0689d,c5,c4,1011,?,x1,
1769088940.614845,SENT,daf3377f-aaff-46f5-807e-10d0640a5724,af886fbd-590c-4c2a-ace1-2ac4a842a36c,c4,c1,1008,?,x4,
1769088940.6148849,FORWARDED,daf3377f-aaff-46f5-807e-10d0640a5724,af886fbd-590c-4c2a-ace1-2ac4a842a36c,c4,c1,1008,?,x4,
1769088940.6241562,RECEIVED,b0f4f515-eeda-46ef-a590-723c97574338,86e65a40-e9fc-4c9a-adb9-37e3343f5bf3,c3,c4,1444,e8,?,
1769088940.6974301,RECEIVED,0281a63a-553f-4ac4-ac44-1379b6f6dd45,e34bf4e7-65d0-4536-af85-29a79a8d13cc,c2,DROP,441,x4,?,
1769088940.7642062,SENT,b0f4f515-eeda-46ef-a590-723c97574338,86e65a40-e9fc-4c9a-adb9-37e3343f5bf3,c3,c4,1011,?,x5,
1769088940.7642517,FORWARDED,b0f4f515-eeda-46ef-a590-723c97574338,86e65a40-e9fc-4c9a-adb9-37e3343f5bf3,c3,c4,1011,?,x5,
1769088940.8867545,SENT,a7d0de9e-0d5c-4a29-bac4-3d0e519c44a4,8283c083-e3db-4447-b4a5-ced0962f6889,c3,DROP,695,?,x12,
1769088940.886794,FORWARDED,a7d0de9e-0d5c-4a29-bac4-3d0e519c44a4,8283c083-e3db-4447-b4a5-ced0962f6889,c3,DROP,695,?,x12,
1769088940.9594808,RECEIVED,2d3d13f6-7755-4e68-9908-7cd415a5561c,c63e4f2b-35e8-4f11-9c6d-a5962d2d5fe4,c4,DROP,1008,e5,?,
1769088941.112025,RECEIVED,c3ac86b3-63bb-49ee-8710-abedef80f42c,9418b471-ec10-4bac-a57f-58461e833af9,c4,DROP,1007,e8,?,
1769088941.3038871,SENT,2d3d13f6-7755-4e68-9908-7cd415a5561c,c63e4f2b-35e8-4f11-9c6d-a5962d2d5fe4,c4,DROP,684,?,x10,
1769088941.303926,FORWARDED,2d3d13f6-7755-4e68-9908-7cd415a5561c,c63e4f2b-35e8-4f11-9c6d-a5962d2d5fe4,c4,DROP,684,?,x10,
1769088941.401233,RECEIVED,cfc1b2f3-f1c7-446d-9646-294e6a5a1493,cf323922-f387-4728-b54f-54acd17f12c4,c3,DROP,1007,e1,?,
1769088941.4766076,SENT,c3ac86b3-63bb-49ee-8710-abedef80f42c,9418b471-ec10-4bac-a57f-58461e833af9,c4,DROP,683,?,x8,
1769088941.4766474,FORWARDED,c3ac86b3-63bb-49ee-8710-abedef80f42c,9418b471-ec10-4bac-a57f-58461e833af9,c4,DROP,683,?,x8,
1769088941.5200994,RECEIVED,8397a894-a612-4af2-88ed-83cc70c52a8d,442ec0fd-8526-4b26-a286-077a6f98f41e,c1,DROP,1003,e11,?,
1769088942.0589988,RECEIVED,0ef5aed4-3aa3-4047-b169-a1ef8aa3d436,004122b2-4cac-419e-b1a3-569e5638c438,c2,DROP,441,x12,?,
1769088942.1860917,RECEIVED,d9ba4dc6-6455-4428-a18f-b8e6a4bf4d81,c4104d60-b81c-4364-8da4-fc8545b987a9,c2,DROP,1013,e2,?,
1769088942.2804184,SENT,d9ba4dc6-6455-4428-a18f-b8e6a4bf4d81,c4104d60-b81c-4364-8da4-fc8545b987a9,c2,DROP,687,?,x8,
1769088942.280458,FORWARDED,d9ba4dc6-6455-4428-a18f-b8e6a4bf4d81,c4104d60-b81c-4364-8da4-fc8545b987a9,c2,DROP,687,?,x8,
1769088942.3388276,SENT,8397a894-a612-4af2-88ed-83cc70c52a8d,442ec0fd-8526-4b26-a286-077a6f98f41e,c1,DROP,679,?,x5,
1769088942.3388696,FORWARDED,8397a894-a612-4af2-88ed-83cc70c52a8d,442ec0fd-8526-4b26-a286-077a6f98f41e,c1,DROP,679,?,x5,
1769088942.3559437,RECEIVED,c99e3082-22e1-4e6c-b93c-5528a6f6bf68,4e7c16f9-a04a-433e-abeb-f259a0aaf62f,c4,c1,1453,e5,?,
1769088942.4328334,SENT,c99e3082-22e1-4e6c-b93c-5528a6f6bf68,4e7c16f9-a04a-433e-abeb-f259a0aaf62f,c4,c1,1015,?,x6,
1769088942.4328742,FORWARDED,c99e3082-22e1-4e6c-b93c-5528a6f6bf68,4e7c16f9-a04a-433e-abeb-f259a0aaf62f,c4,c1,1015,?,x6,
1769088942.527111,RECEIVED,b8bab81b-6ac1-4428-a92d-e50677880356,78081216-0a40-45ae-a0b5-47c0f22cdbbb,c5,DROP,1013,e2,?,
1769088942.5436456,SENT,b8bab81b-6ac1-4428-a92d-e50677880356,78081216-0a40-45ae-a0b5-47c0f22cdbbb,c5,DROP,685,?,x8,
1769088942.5436866,FORWARDED,b8bab81b-6ac1-4428-a92d-e50677880356,78081216-0a40-45ae-a0b5-47c0f22cdbbb,c5,DROP,685,?,x8,
1769088942.560153,RECEIVED,1045d75f-a063-4919-8552-5b7e9391bc43,c11e1c7d-f24d-46c7-a7d5-da883c9d11b3,c5,DROP,1007,e5,?,
1769088942.6566913,SENT,cfc1b2f3-f1c7-446d-9646-294e6a5a1493,cf323922-f387-4728-b54f-54acd17f12c4,c3,DROP,684,?,x2,
1769088942.6567316,FORWARDED,cfc1b2f3-f1c7-446d-9646-294e6a5a1493,cf323922-f387-4728-b54f-54acd17f12c4,c3,DROP,684,?,x2,
1769088942.7654681,SENT,1045d75f-a063-4919-8552-5b7e9391bc43,c11e1c7d-f24d-46c7-a7d5-da883c9d11b3,c5,DROP,684,?,x9,
1769088942.7657743,FORWARDED,1045d75f-a063-4919-8552-5b7e9391bc43,c11e1c7d-f24d-46c7-a7d5-da883c9d11b3,c5,DROP,684,?,x9,
1769088943.0470135,RECEIVED,eaf20a9e-3612-4781-bfb4-e4e8de756944,a5dd8810-b722-4ce6-a008-db6377679276,c2,c3,1443,e8,?,
1769088943.588324,RECEIVED,d0a2a49c-c46d-4160-b17f-446303a6f861,bb37efc9-737c-47fc-98f3-cbaaf67f23c9,c1,DROP,1007,e7,?,
1769088943.6722617,SENT,eaf20a9e-3612-4781-bfb4-e4e8de756944,a5dd8810-b722-4ce6-a008-db6377679276,c2,c3,1011,?,x4,
1769088943.672303,FORWARDED,eaf20a9e-3612-4781-bfb4-e4e8de756944,a5dd8810-b722-4ce6-a008-db6377679276,c2,c3,1011,?,x4,
1769088943.7757137,SENT,d0a2a49c-c46d-4160-b17f-446303a6f861,bb37efc9-737c-47fc-98f3-cbaaf67f23c9,c1,DROP,683,?,x2,
1769088943.7757566,FORWARDED,d0a2a49c-c46d-4160-b17f-446303a6f861,bb37efc9-737c-47fc-98f3-cbaaf67f23c9,c1,DROP,683,?,x2,
1769088943.9706097,RECEIVED,c474b3cf-1897-4973-be7c-15e53da771c2,de489b10-5129-4a47-a624-4053ae95d0a5,c2,c3,1454,e1,?,
1769088944.125922,SENT,c474b3cf-1897-4973-be7c-15e53da771c2,de489b10-5129-4a47-a624-4053ae95d0a5,c2,c3,1020,?,x8,
1769088944.125957,FORWARDED,c474b3cf-1897-4973-be7c-15e53da771c2,de489b10-5129-4a47-a624-4053ae95d0a5,c2,c3,1020,?,x8,
1769088944.3623765,RECEIVED,6f79d830-4075-47bf-8aa8-6a63f9354d96,9a95f878-8dd5-4d4a-8e39-871932f7a228,c5,DROP,1008,e1,?,
1769088944.4103892,RECEIVED,92229411-d821-4625-a4ed-0585466c50b0,61bb6a1c-5387-4fa8-ac6c-68c69cb31bb9,c5,c4,1452,e1,?,
1769088944.5493555,SENT,6f79d830-4075-47bf-8aa8-6a63f9354d96,9a95f878-8dd5-4d4a-8e39-871932f7a228,c5,DROP,684,?,x8,
1769088944.5493963,FORWARDED,6f79d830-4075-47bf-8aa8-6a63f9354d96,9a95f878-8dd5-4d4a-8e39-871932f7a228,c5,DROP,684,?,x8,
1769088944.6075912,SENT,92229411-d821-4625-a4ed-0585466c50b0,61bb6a1c-5387-4fa8-ac6c-68c69cb31bb9,c5,c4,1016,?,x8,
1769088944.6076322,FORWARDED,92229411-d821-4625-a4ed-0585466c50b0,61bb6a1c-5387-4fa8-ac6c-68c69cb31bb9,c5,c4,1016,?,x8,
1769088944.6090584,RECEIVED,9f91fed5-dc1a-463a-aabb-a3712c617711,b7fe0cc8-6b01-4b14-8d4a-e09618160a57,c2,DROP,442,x9,?,
1769088944.7662675,RECEIVED,1325e576-e866-4f1b-ab6a-187d6a693505,f119f2b6-3f9a-4894-8d26-119534453d31,c1,DROP,1008,e7,?,
1769088944.9254334,RECEIVED,a5890490-f775-4ff4-98c9-3bdf6ef14497,714fd6a7-034a-4732-8c99-2e74678381b7,c3,c4,1451,e1,?,
1769088944.9564433,RECEIVED,25cc0c2e-55d4-40f7-b6cd-09f796a7acf4,5a2d78f9-d15b-42f1-8ace-0e94f7bc55ce,c1,c3,1443,e11,?,
1769088944.9972875,RECEIVED,0c66c7dc-9bb7-471f-a640-296072791ec1,2a6e5e4d-4213-48a3-9987-d8f30e0e04f5,c3,DROP,1023,e11,?,
1769088945.0058913,RECEIVED,b4f0ea48-ba5c-405a-9f7c-7e657f37ec5a,49560c16-f7e0-4b20-80db-b2aef7b3a9af,c2,c3,1452,e6,?,
1769088945.074431,SENT,b4f0ea48-ba5c-405a-9f7c-7e657f37ec5a,49560c16-f7e0-4b20-80db-b2aef7b3a9af,c2,c3,1015,?,x9,
1769088945.0744712,FORWARDED,b4f0ea48-ba5c-405a-9f7c-7e657f37ec5a,49560c16-f7e0-4b20-80db-b2aef7b3a9af,c2,c3,1015,?,x9,
1769088945.1072445,SENT,1325e576-e866-4f1b-ab6a-187d6a693505,f119f2b6-3f9a-4894-8d26-119534453d31,c1,DROP,683,?,x8,
1769088945.1072843,FORWARDED,1325e576-e866-4f1b-ab6a-187d6a693505,f119f2b6-3f9a-4894-8d26-119534453d31,c1,DROP,683,?,x8,
1769088945.161674,RECEIVED,babda588-b3a3-4c01-8137-0bc4a019e586,1e8ff26b-db4f-44fd-9691-2b0b5782b989,c4,DROP,1013,e6,?,
1769088945.2071962,RECEIVED,ba56ff80-92dc-45b5-9cb2-0d6c1f723716,ba8b7461-ef18-45bd-b3e7-f87db89c2479,c1,DROP,442,x7,?,
1769088945.2675388,SENT,babda588-b3a3-4c01-8137-0bc4a019e586,1e8ff26b-db4f-44fd-9691-2b0b5782b989,c4,DROP,687,?,x12,
1769088945.2675784,FORWARDED,babda588-b3a3-4c01-8137-0bc4a019e586,1e8ff26b-db4f-44fd-9691-2b0b5782b989,c4,DROP,687,?,x12,
1769088945.2696655,SENT,0c66c7dc-9bb7-471f-a640-296072791ec1,2a6e5e4d-4213-48a3-9987-d8f30e0e04f5,c3,DROP,694,?,x7,
1769088945.269705,FORWARDED,0c66c7dc-9bb7-471f-a640-296072791ec1,2a6e5e4d-4213-48a3-9987-d8f30e0e04f5,c3,DROP,694,?,x7,
1769088945.3671415,SENT,a5890490-f775-4ff4-98c9-3bdf6ef14497,714fd6a7-034a-4732-8c99-2e74678381b7,c3,c4,1016,?,x8,
1769088945.3671813,FORWARDED,a5890490-f775-4ff4-98c9-3bdf6ef14497,714fd6a7-034a-4732-8c99-2e74678381b7,c3,c4,1016,?,x8,
1769088945.5058198,RECEIVED,21f33a2c-a245-4191-8641-206434807274,6c461f85-a39c-4331-b204-522e83130044,c1,c3,1449,e3,?,
1769088945.5601904,SENT,21f33a2c-a245-4191-8641-206434807274,6c461f85-a39c-4331-b204-522e83130044,c1,c3,1014,?,x7,
1769088945.560231,FORWARDED,21f33a2c-a245-4191-8641-206434807274,6c461f85-a39c-4331-b204-522e83130044,c1,c3,1014,?,x7,
1769088945.6664884,RECEIVED,aa3d3277-9c6f-4fc9-9935-3a8272312e48,d0f71a51-302f-42a5-bdbe-9434f0498c36,c3,c4,1452,e7,?,
1769088945.8650336,RECEIVED,58e30864-0924-47d9-bcf3-fb6edff553cd,b38be6bc-2e3c-4578-8bd0-43003616e3e3,c2,c3,1444,e2,?,
1769088945.8908308,RECEIVED,bf342c42-8aee-47ad-9937-b23d5d590be1,039f07f9-1ff5-4d89-9ca7-026b1d021ce3,c3,DROP,1012,e7,?,
1769088946.0487826,RECEIVED,a141be79-1864-490e-ae1e-6587a41d8400,633ab4d3-d7bf-4f80-aa14-408f1b771859,c1,c3,1456,e11,?,
1769088946.0586717,SENT,25cc0c2e-55d4-40f7-b6cd-09f796a7acf4,5a2d78f9-d15b-42f1-8ace-0e94f7bc55ce,c1,c3,1011,?,x4,
1769088946.0587175,FORWARDED,25cc0c2e-55d4-40f7-b6cd-09f796a7acf4,5a2d78f9-d15b-42f1-8ace-0e94f7bc55ce,c1,c3,1011,?,x4,
1769088946.0660334,SENT,aa3d3277-9c6f-4fc9-9935-3a8272312e48,d0f71a51-302f-42a5-bdbe-9434f0498c36,c3,c4,1015,?,x1,
1769088946.066081,FORWARDED,aa3d3277-9c6f-4fc9-9935-3a8272312e48,d0f71a51-302f-42a5-bdbe-9434f0498c36,c3,c4,1015,?,x1,
1769088946.0961373,RECEIVED,3ffb7e4a-ee95-4d0b-8355-e8c50068707b,31e80ec2-80cb-4436-8cbf-48b785a93589,c2,c3,1466,e10,?,
1769088946.1415384,SENT,58e30864-0924-47d9-bcf3-fb6edff553cd,b38be6bc-2e3c-4578-8bd0-43003616e3e3,c2,c3,1010,?,x9,
1769088946.141578,FORWARDED,58e30864-0924-47d9-bcf3-fb6edff553cd,b38be6bc-2e3c-4578-8bd0-43003616e3e3,c2,c3,1010,?,x9,
1769088946.1619198,SENT,3ffb7e4a-ee95-4d0b-8355-e8c50068707b,31e80ec2-80cb-4436-8cbf-48b785a93589,c2,c3,1024,?,x11,
1769088946.16196,FORWARDED,3ffb7e4a-ee95-4d0b-8355-e8c50068707b,31e80ec2-80cb-4436-8cbf-48b785a93589,c2,c3,1024,?,x11,
1769088946.1733932,SENT,a141be79-1864-490e-ae1e-6587a41d8400,633ab4d3-d7bf-4f80-aa14-408f1b771859,c1,c3,1019,?,x1,
1769088946.1734319,FORWARDED,a141be79-1864-490e-ae1e-6587a41d8400,633ab4d3-d7bf-4f80-aa14-408f1b771859,c1,c3,1019,?,x1,
1769088946.2475076,RECEIVED,45f6341f-3aec-454d-9fef-5b9781d828f0,fbfdc09b-e5e2-4a8f-a1a4-73b0d65b1686,c1,DROP,441,x3,?,
1769088946.2835488,RECEIVED,02e94686-7c65-49b2-b68c-d42241d87ca4,c61ebacb-46d8-467b-b40f-ecaedeb14cd5,c5,c4,1446,e4,?,
1769088946.3327115,SENT,bf342c42-8aee-47ad-9937-b23d5d590be1,039f07f9-1ff5-4d89-9ca7-026b1d021ce3,c3,DROP,687,?,x9,
1769088946.3327525,FORWARDED,bf342c42-8aee-47ad-9937-b23d5d590be1,039f07f9-1ff5-4d89-9ca7-026b1d021ce3,c3,DROP,687,?,x9,
1769088946.517705,RECEIVED,5b0b1bb1-34fe-4ead-a46f-35f2fe7cbd96,31794a52-19f8-40bd-86f4-37ddf033306c,c3,DROP,442,x8,?,
1769088946.6367867,RECEIVED,d01b78d4-c9a9-4bfb-9742-4bedc6cff047,f862a49e-397f-4db1-81c7-56a570a250cd,c2,DROP,1016,e1,?,
1769088946.7979379,SENT,02e94686-7c65-49b2-b68c-d42241d87ca4,c61ebacb-46d8-467b-b40f-ecaedeb14cd5,c5,c4,1012,?,x8,
1769088946.7979758,FORWARDED,02e94686-7c65-49b2-b68c-d42241d87ca4,c61ebacb-46d8-467b-b40f-ecaedeb14cd5,c5,c4,1012,?,x8,
1769088946.85593,SENT,d01b78d4-c9a9-4bfb-9742-4bedc6cff047,f862a49e-397f-4db1-81c7-56a570a250cd,c2,DROP,688,?,x8,
1769088946.8559685,FORWARDED,d01b78d4-c9a9-4bfb-9742-4bedc6cff047,f862a49e-397f-4db1-81c7-56a570a250cd,c2,DROP,688,?,x8,
1769088947.1364257,RECEIVED,c6c9fa93-2cbf-4cf8-82e3-3aa52a224364,6844c2a9-89f6-4052-b925-d79bf07d433d,c5,c4,1455,e10,?,
1769088947.6388085,RECEIVED,e456e69f-f6ce-4d40-9f45-435e49dea9e5,bba94df6-9c43-4f46-9a32-cae2786cf112,c5,c4,1454,e1,?,
1769088947.6665194,SENT,c6c9fa93-2cbf-4cf8-82e3-3aa52a224364,6844c2a9-89f6-4052-b925-d79bf07d433d,c5,c4,1019,?,x9,
1769088947.66656,FORWARDED,c6c9fa93-2cbf-4cf8-82e3-3aa52a224364,6844c2a9-89f6-4052-b925-d79bf07d433d,c5,c4,1019,?,x9,
1769088947.7850258,RECEIVED,f2a0c345-c8d8-4018-b87c-1c566834bf40,386a6703-66a2-4ca6-a6f0-23c12f8228aa,c5,DROP,1011,e7,?,
1769088948.3237355,SENT,f2a0c345-c8d8-4018-b87c-1c566834bf40,386a6703-66a2-4ca6-a6f0-23c12f8228aa,c5,DROP,687,?,x8,
1769088948.3237736,FORWARDED,f2a0c345-c8d8-4018-b87c-1c566834bf40,386a6703-66a2-4ca6-a6f0-23c12f8228aa,c5,DROP,687,?,x8,
1769088948.348291,RECEIVED,8fb5f280-4aaf-435f-8ff0-21dec4d5000f,4b0ecccd-12bd-417d-84a2-2dc29548c0b8,c1,DROP,440,x9,?,
1769088948.6894965,SENT,e456e69f-f6ce-4d40-9f45-435e49dea9e5,bba94df6-9c43-4f46-9a32-cae2786cf112,c5,c4,1019,?,x4,
1769088948.6895375,FORWARDED,e456e69f-f6ce-4d40-9f45-435e49dea9e5,bba94df6-9c43-4f46-9a32-cae2786cf112,c5,c4,1019,?,x4,
1769088949.1098382,RECEIVED,dcdb7c37-99c0-4be2-9268-b0fec3f238a7,2c8e1209-8a06-41ea-b719-f5811ab59b8b,c3,DROP,1019,e12,?,
1769088949.464958,RECEIVED,8f2173c3-6ee2-4bc3-a8a0-ef1aaf8320ca,0d466a0f-c9f0-4028-8fb0-9a114b9996fe,c2,DROP,1007,e1,?,
1769088949.6425984,RECEIVED,f8390c71-2d17-4db7-a48e-f3b8cf6460f8,a9341618-eac6-45df-b2d6-e5578ab75af9,c4,c1,1461,e12,?,
1769088949.6468637,SENT,dcdb7c37-99c0-4be2-9268-b0fec3f238a7,2c8e1209-8a06-41ea-b719-f5811ab59b8b,c3,DROP,693,?,x4,
1769088949.6469016,FORWARDED,dcdb7c37-99c0-4be2-9268-b0fec3f238a7,2c8e1209-8a06-41ea-b719-f5811ab59b8b,c3,DROP,693,?,x4,
1769088949.8317254,SENT,f8390c71-2d17-4db7-a48e-f3b8cf6460f8,a9341618-eac6-45df-b2d6-e5578ab75af9,c4,c1,1023,?,x11,
1769088949.8317657,FORWARDED,f8390c71-2d17-4db7-a48e-f3b8cf6460f8,a9341618-eac6-45df-b2d6-e5578ab75af9,c4,c1,1023,?,x11,
1769088949.9310055,RECEIVED,28a32efc-5a6d-482f-9733-051102aa29a4,cd6a6715-cb40-49e9-bca0-e1dd7cad0cd5,c5,c4,1456,e12,?,
1769088949.9845326,SENT,28a32efc-5a6d-482f-9733-051102aa29a4,cd6a6715-cb40-49e9-bca0-e1dd7cad0cd5,c5,c4,1019,?,x2,
1769088949.98457,FORWARDED,28a32efc-5a6d-482f-9733-051102aa29a4,cd6a6715-cb40-49e9-bca0-e1dd7cad0cd5,c5,c4,1019,?,x2,
1769088950.2386606,RECEIVED,f1777db0-89b7-49da-8c20-20dcd072bf53,0a4595b5-b347-4280-8f53-efbfa2f84294,c5,c4,1446,e1,?,
1769088950.2789547,RECEIVED,d0867cdb-f6de-4395-81af-101858a364d5,38eb4ce5-daa1-4f69-bdb0-33b73a5f333f,c2,DROP,442,x9,?,
1769088950.2859387,RECEIVED,d0ff56ba-ad50-4a32-a82c-0fc2a6146de0,9c0e8029-2f96-4c1f-aa47-f92c6bb4ba25,c5,DROP,1012,e4,?,
1769088950.444198,RECEIVED,d9a74353-f92c-4da5-951c-4c371410e815,aecfe667-cb65-4d84-956b-5e28b79cc5df,c4,DROP,1007,e9,?,
1769088950.586955,RECEIVED,53a2b637-fd86-49ea-9906-14bc6e6420a4,8871d455-6a15-45a3-a774-b79fbf5a1c6e,c1,c3,1452,e5,?,
1769088950.621569,SENT,53a2b637-fd86-49ea-9906-14bc6e6420a4,8871d455-6a15-45a3-a774-b79fbf5a1c6e,c1,c3,1017,?,x5,
1769088950.621631,FORWARDED,53a2b637-fd86-49ea-9906-14bc6e6420a4,8871d455-6a15-45a3-a774-b79fbf5a1c6e,c1,c3,1017,?,x5,
1769088950.6895595,SENT,8f2173c3-6ee2-4bc3-a8a0-ef1aaf8320ca,0d466a0f-c9f0-4028-8fb0-9a114b9996fe,c2,DROP,683,?,x2,
1769088950.6896026,FORWARDED,8f2173c3-6ee2-4bc3-a8a0-ef1aaf8320ca,0d466a0f-c9f0-4028-8fb0-9a114b9996fe,c2,DROP,683,?,x2,
1769088950.9527123,RECEIVED,e1b416c7-6e54-4614-a521-09ed29630dd5,cdea36c8-a68b-4aa2-8102-fb42e8289889,c5,DROP,443,x5,?,
1769088951.2237308,RECEIVED,e247d7f3-38e6-480c-9a4b-d297d1f031ac,1010aca7-0c9a-40b5-8ad1-c0118c6af451,c2,DROP,442,x7,?,
1769088951.232224,SENT,d9a74353-f92c-4da5-951c-4c371410e815,aecfe667-cb65-4d84-956b-5e28b79cc5df,c4,DROP,683,?,x2,
1769088951.2322595,FORWARDED,d9a74353-f92c-4da5-951c-4c371410e815,aecfe667-cb65-4d84-956b-5e28b79cc5df,c4,DROP,683,?,x2,
1769088951.2327445,RECEIVED,facb5394-1f04-458b-9636-3db735899430,32f6ade4-c590-4dde-a92b-1ac1f83f6b1b,c4,c1,1440,e1,?,
1769088951.358175,SENT,facb5394-1f04-458b-9636-3db735899430,32f6ade4-c590-4dde-a92b-1ac1f83f6b1b,c4,c1,1008,?,x7,
1769088951.3582144,FORWARDED,facb5394-1f04-458b-9636-3db735899430,32f6ade4-c590-4dde-a92b-1ac1f83f6b1b,c4,c1,1008,?,x7,
1769088951.460477,RECEIVED,52b3b923-4cee-4081-b164-2152c9257034,1e978ba0-edbd-4e13-b67e-0bc7ae15b3f2,c2,DROP,1015,e4,?,
1769088951.4624493,RECEIVED,30d7fce2-2009-44a7-b845-ce1c069eef0a,e0da221b-714c-4311-a30a-d0867fc39230,c2,DROP,1008,e3,?,
1769088951.4686704,SENT,f1777db0-89b7-49da-8c20-20dcd072bf53,0a4595b5-b347-4280-8f53-efbfa2f84294,c5,c4,1012,?,x6,
1769088951.4687092,FORWARDED,f1777db0-89b7-49da-8c20-20dcd072bf53,0a4595b5-b347-4280-8f53-efbfa2f84294,c5,c4,1012,?,x6,
1769088951.6026464,SENT,d0ff56ba-ad50-4a32-a82c-0fc2a6146de0,9c0e8029-2f96-4c1f-aa47-f92c6bb4ba25,c5,DROP,686,?,x10,
1769088951.6026895,FORWARDED,d0ff56ba-ad50-4a32-a82c-0fc2a6146de0,9c0e8029-2f96-4c1f-aa47-f92c6bb4ba25,c5,DROP,686,?,x10,
1769088951.74378,SENT,30d7fce2-2009-44a7-b845-ce1c069eef0a,e0da221b-714c-4311-a30a-d0867fc39230,c2,DROP,683,?,x2,
1769088951.7438202,FORWARDED,30d7fce2-2009-44a7-b845-ce1c069eef0a,e0da221b-714c-4311-a30a-d0867fc39230,c2,DROP,683,?,x2,
1769088951.9677486,RECEIVED,d05c6148-6520-476f-ad9a-0fdc1f34f2c4,8762b443-da95-4d03-a693-7d5c295d0439,c5,DROP,1008,e6,?,
1769088952.0140574,RECEIVED,366b15f1-1cbe-478e-97ea-3eee000d6a15,242a74b1-94f9-4113-8e87-8fd01dac2d6e,c4,DROP,1004,e9,?,
1769088952.0532315,SENT,52b3b923-4cee-4081-b164-2152c9257034,1e978ba0-edbd-4e13-b67e-0bc7ae15b3f2,c2,DROP,688,?,x2,
1769088952.0532734,FORWARDED,52b3b923-4cee-4081-b164-2152c9257034,1e978ba0-edbd-4e13-b67e-0bc7ae15b3f2,c2,DROP,688,?,x2,
1769088952.0697527,SENT,366b15f1-1cbe-478e-97ea-3eee000d6a15,242a74b1-94f9-4113-8e87-8fd01dac2d6e,c4,DROP,679,?,x9,
1769088952.0697956,FORWARDED,366b15f1-1cbe-478e-97ea-3eee000d6a15,242a74b1-94f9-4113-8e87-8fd01dac2d6e,c4,DROP,679,?,x9,
1769088952.1106713,RECEIVED,b67af5c7-d96c-417b-b821-9079ebaaef1c,5672b751-41a7-420d-bb8e-09208345cb85,c4,c1,1447,e2,?,
1769088952.4141312,RECEIVED,5587ac3d-b5e4-409f-97a7-d368e9b9a713,90c25281-9a1d-447d-a67c-8e7e9b40acb3,c5,DROP,1022,e11,?,
1769088952.4714715,SENT,5587ac3d-b5e4-409f-97a7-d368e9b9a713,90c25281-9a1d-447d-a67c-8e7e9b40acb3,c5,DROP,691,?,x7,
1769088952.4715128,FORWARDED,5587ac3d-b5e4-409f-97a7-d368e9b9a713,90c25281-9a1d-447d-a67c-8e7e9b40acb3,c5,DROP,691,?,x7,
1769088952.6223824,RECEIVED,00a9b5dc-b3ff-40f6-87bc-a46f07f1768c,a5a04f89-1711-4797-bdc6-5cabb31493ee,c1,DROP,1016,e8,?,
1769088952.714362,RECEIVED,c3a975c1-2ab8-4eee-9182-ae56ba6e2aea,dd4b0eae-38ce-401e-9bec-351e2beb800c,c5,c4,1451,e2,?,
1769088952.9166462,SENT,b67af5c7-d96c-417b-b821-9079ebaaef1c,5672b751-41a7-420d-bb8e-09208345cb85,c4,c1,1012,?,x1,
1769088952.9166858,FORWARDED,b67af5c7-d96c-417b-b821-9079ebaaef1c,5672b751-41a7-420d-bb8e-09208345cb85,c4,c1,1012,?,x1,
1769088952.9530282,RECEIVED,1c585a4e-4948-4260-a0c2-cdd8f462bbcf,5d6c379a-7911-4f00-a886-f03350701b51,c1,c3,1452,e5,?,
1769088952.9550407,SENT,00a9b5dc-b3ff-40f6-87bc-a46f07f1768c,a5a04f89-1711-4797-bdc6-5cabb31493ee,c1,DROP,690,?,x10,
1769088952.9551032,FORWARDED,00a9b5dc-b3ff-40f6-87bc-a46f07f1768c,a5a04f89-1711-4797-bdc6-5cabb31493ee,c1,DROP,690,?,x10,
1769088953.0719666,SENT,1c585a4e-4948-4260-a0c2-cdd8f462bbcf,5d6c379a-7911-4f00-a886-f03350701b51,c1,c3,1015,?,x3,
1769088953.0720062,FORWARDED,1c585a4e-4948-4260-a0c2-cdd8f462bbcf,5d6c379a-7911-4f00-a886-f03350701b51,c1,c3,1015,?,x3,
1769088953.108862,RECEIVED,07cec5d6-281c-4a93-a03a-803c1d0da5d1,eb434d09-5921-44e3-a279-21731f593801,c3,DROP,1007,e12,?,
1769088953.1321948,RECEIVED,a133d755-9c1b-4387-ac3e-f8c190764a72,0731766f-d8e2-4e9b-8d9d-86d6fe3ab96b,c4,DROP,445,x10,?,
1769088953.254216,RECEIVED,2707127e-b6de-4bc0-a401-a652abc72e27,e4143d77-754f-4dfd-8d70-25ead1dd01b3,c4,DROP,441,x1,?,
1769088953.2697747,SENT,c3a975c1-2ab8-4eee-9182-ae56ba6e2aea,dd4b0eae-38ce-401e-9bec-351e2beb800c,c5,c4,1015,?,x2,
1769088953.269817,FORWARDED,c3a975c1-2ab8-4eee-9182-ae56ba6e2aea,dd4b0eae-38ce-401e-9bec-351e2beb800c,c5,c4,1015,?,x2,
1769088953.3484888,SENT,d05c6148-6520-476f-ad9a-0fdc1f34f2c4,8762b443-da95-4d03-a693-7d5c295d0439,c5,DROP,683,?,x12,
1769088953.3485298,FORWARDED,d05c6148-6520-476f-ad9a-0fdc1f34f2c4,8762b443-da95-4d03-a693-7d5c295d0439,c5,DROP,683,?,x12,
1769088953.5396838,RECEIVED,5faa5429-f114-4030-9a6d-c7d9490f9237,08b9c315-599e-498b-9983-ba6651609166,c5,c4,1459,e10,?,
1769088953.6593256,RECEIVED,e75d7116-5ffa-45eb-97b6-3b5cd9411d2f,ce1479f2-547a-4f9d-9610-37aa733750ab,c3,c4,1455,e4,?,
1769088953.7387004,RECEIVED,87281931-15b9-485c-8502-20ce76f7328e,7136000e-1633-4664-9d13-29c8e9919c1b,c2,DROP,442,x12,?,
1769088953.842271,SENT,07cec5d6-281c-4a93-a03a-803c1d0da5d1,eb434d09-5921-44e3-a279-21731f593801,c3,DROP,684,?,x1,
1769088953.8423107,FORWARDED,07cec5d6-281c-4a93-a03a-803c1d0da5d1,eb434d09-5921-44e3-a279-21731f593801,c3,DROP,684,?,x1,
1769088954.1506286,RECEIVED,7d55ab6c-2f68-422f-9195-7f1458a264e7,8ae1f3bc-0c3d-40f8-933c-ac4a3eb9fef1,c4,c1,1444,e2,?,
1769088954.3821845,SENT,7d55ab6c-2f68-422f-9195-7f1458a264e7,8ae1f3bc-0c3d-40f8-933c-ac4a3eb9fef1,c4,c1,1011,?,x2,
1769088954.382403,FORWARDED,7d55ab6c-2f68-422f-9195-7f1458a264e7,8ae1f3bc-0c3d-40f8-933c-ac4a3eb9fef1,c4,c1,1011,?,x2,
1769088954.4455948,RECEIVED,976eb090-3f28-4301-b643-e6656cc2af51,88da5ce2-e088-49ba-bbfa-657ffe78c6e6,c4,DROP,1015,e9,?,
1769088954.478141,RECEIVED,c3636808-8957-43c2-b470-a307c9da7e22,6c9c1ea3-f4a2-48f1-a5c7-fabc3012abdf,c3,c4,1452,e10,?,
1769088954.4987617,SENT,5faa5429-f114-4030-9a6d-c7d9490f9237,08b9c315-599e-498b-9983-ba6651609166,c5,c4,1023,?,x8,
1769088954.4988017,FORWARDED,5faa5429-f114-4030-9a6d-c7d9490f9237,08b9c315-599e-498b-9983-ba6651609166,c5,c4,1023,?,x8,
1769088954.6795542,SENT,e75d7116-5ffa-45eb-97b6-3b5cd9411d2f,ce1479f2-547a-4f9d-9610-37aa733750ab,c3,c4,1019,?,x2,
1769088954.6795943,FORWARDED,e75d7116-5ffa-45eb-97b6-3b5cd9411d2f,ce1479f2-547a-4f9d-9610-37aa733750ab,c3,c4,1019,?,x2,
1769088954.7193065,SENT,c3636808-8957-43c2-b470-a307c9da7e22,6c9c1ea3-f4a2-48f1-a5c7-fabc3012abdf,c3,c4,1015,?,x7,
1769088954.719345,FORWARDED,c3636808-8957-43c2-b470-a307c9da7e22,6c9c1ea3-f4a2-48f1-a5c7-fabc3012abdf,c3,c4,1015,?,x7,
1769088954.964207,SENT,976eb090-3f28-4301-b643-e6656cc2af51,88da5ce2-e088-49ba-bbfa-657ffe78c6e6,c4,DROP,689,?,x7,
1769088954.9642484,FORWARDED,976eb090-3f28-4301-b643-e6656cc2af51,88da5ce2-e088-49ba-bbfa-657ffe78c6e6,c4,DROP,689,?,x7,
1769088955.0416021,RECEIVED,8b0c4916-92f5-4169-8beb-8bf236701342,99ca66ae-4de8-4c8d-b972-96da5d8af9a6,c2,DROP,1008,e6,?,
1769088955.1911457,RECEIVED,fb3b91b0-828a-4182-bcd5-cc64e5acb5d9,885343a3-df1a-4056-bac0-2c0920f843f1,c5,c4,1453,e7,?,
1769088955.199105,RECEIVED,bbbaee47-90f6-4da6-b2c2-623b0b9cfb5a,cd28a5a5-ec86-403b-a6c2-049133455879,c3,c4,1456,e5,?,
1769088955.2491453,SENT,fb3b91b0-828a-4182-bcd5-cc64e5acb5d9,885343a3-df1a-4056-bac0-2c0920f843f1,c5,c4,1016,?,x1,
1769088955.2492301,FORWARDED,fb3b91b0-828a-4182-bcd5-cc64e5acb5d9,885343a3-df1a-4056-bac0-2c0920f843f1,c5,c4,1016,?,x1,
1769088955.3605509,SENT,bbbaee47-90f6-4da6-b2c2-623b0b9cfb5a,cd28a5a5-ec86-403b-a6c2-049133455879,c3,c4,1020,?,x11,
1769088955.3605928,FORWARDED,bbbaee47-90f6-4da6-b2c2-623b0b9cfb5a,cd28a5a5-ec86-403b-a6c2-049133455879,c3,c4,1020,?,x11,
1769088955.7174911,RECEIVED,219a9bd6-6893-4943-bc69-9f9b095df5c5,afcfc83d-a5fa-4be7-b640-5da7d1d8fcd5,c1,DROP,1011,e5,?,
1769088955.9884558,SENT,219a9bd6-6893-4943-bc69-9f9b095df5c5,afcfc83d-a5fa-4be7-b640-5da7d1d8fcd5,c1,DROP,687,?,x12,
1769088955.988492,FORWARDED,219a9bd6-6893-4943-bc69-9f9b095df5c5,afcfc83d-a5fa-4be7-b640-5da7d1d8fcd5,c1,DROP,687,?,x12,
1769088956.545137,RECEIVED,bd75ced8-fee6-407c-a49a-fdf8e503c720,712ad405-d317-445c-a920-821929c62686,c3,DROP,1008,e10,?,
1769088956.6344025,RECEIVED,5377d302-a06c-44b8-955f-e18073e6707c,8ca166a4-388c-4c38-b428-ebc398885ca3,c1,DROP,1017,e6,?,
1769088956.6643991,SENT,5377d302-a06c-44b8-955f-e18073e6707c,8ca166a4-388c-4c38-b428-ebc398885ca3,c1,DROP,688,?,x2,
1769088956.6644402,FORWARDED,5377d302-a06c-44b8-955f-e18073e6707c,8ca166a4-388c-4c38-b428-ebc398885ca3,c1,DROP,688,?,x2,
1769088956.6662097,SENT,bd75ced8-fee6-407c-a49a-fdf8e503c720,712ad405-d317-445c-a920-821929c62686,c3,DROP,683,?,x2,
1769088956.666249,FORWARDED,bd75ced8-fee6-407c-a49a-fdf8e503c720,712ad405-d317-445c-a920-821929c62686,c3,DROP,683,?,x2,
1769088956.6721468,RECEIVED,6788b2bb-7879-463e-afe7-06f31cbbd212,5cf63680-fcd6-4142-92f4-435059f3c4fc,c2,c3,1465,e11,?,
1769088956.7213068,SENT,6788b2bb-7879-463e-afe7-06f31cbbd212,5cf63680-fcd6-4142-92f4-435059f3c4fc,c2,c3,1024,?,x9,
1769088956.721348,FORWARDED,6788b2bb-7879-463e-afe7-06f31cbbd212,5cf63680-fcd6-4142-92f4-435059f3c4fc,c2,c3,1024,?,x9,
1769088956.7257605,SENT,8b0c4916-92f5-4169-8beb-8bf236701342,99ca66ae-4de8-4c8d-b972-96da5d8af9a6,c2,DROP,684,?,x10,
1769088956.725802,FORWARDED,8b0c4916-92f5-4169-8beb-8bf236701342,99ca66ae-4de8-4c8d-b972-96da5d8af9a6,c2,DROP,684,?,x10,
1769088956.8089452,RECEIVED,086d5ee7-62f4-4b75-a613-6f5036924f32,4afc1c47-e199-4f90-a34d-3bb7ee1c68ed,c1,c3,1451,e6,?,
1769088957.085327,SENT,086d5ee7-62f4-4b75-a613-6f5036924f32,4afc1c47-e199-4f90-a34d-3bb7ee1c68ed,c1,c3,1015,?,x1,
1769088957.085368,FORWARDED,086d5ee7-62f4-4b75-a613-6f5036924f32,4afc1c47-e199-4f90-a34d-3bb7ee1c68ed,c1,c3,1015,?,x1,
1769088957.1924505,RECEIVED,5bf835be-91ee-40e5-a56e-f5c360652b89,f2c8b5f9-7e95-4611-828d-d31c268adce7,c3,c4,1460,e6,?,
1769088957.327382,RECEIVED,4f1921f9-b5a8-46d2-ba02-caf3e6239978,478ee147-0508-4717-9eda-719f1ee152b3,c5,DROP,445,x11,?,
1769088957.5662541,RECEIVED,155efe49-10ea-45d1-b073-d51729f0a8d6,3beeaca8-8113-40de-abfa-d50b054d1d9c,c1,c3,1444,e2,?,
1769088957.6618729,SENT,155efe49-10ea-45d1-b073-d51729f0a8d6,3beeaca8-8113-40de-abfa-d50b054d1d9c,c1,c3,1011,?,x1,
1769088957.661906,FORWARDED,155efe49-10ea-45d1-b073-d51729f0a8d6,3beeaca8-8113-40de-abfa-d50b054d1d9c,c1,c3,1011,?,x1,
1769088957.6869645,RECEIVED,5ef30611-dbd1-4861-a222-04cf4e82b170,02f6d5da-2837-40ed-8904-93fc50260a9b,c2,DROP,1008,e2,?,
1769088957.930695,SENT,5ef30611-dbd1-4861-a222-04cf4e82b170,02f6d5da-2837-40ed-8904-93fc50260a9b,c2,DROP,684,?,x2,
1769088957.9307353,FORWARDED,5ef30611-dbd1-4861-a222-04cf4e82b170,02f6d5da-2837-40ed-8904-93fc50260a9b,c2,DROP,684,?,x2,
1769088958.0958703,RECEIVED,c686c60e-7a3e-4dbe-97ab-5085cc8d8d7c,0d2fa993-6ea9-4eee-b311-dee92d3df5ff,c2,c3,1456,e3,?,
1769088958.2457795,SENT,5bf835be-91ee-40e5-a56e-f5c360652b89,f2c8b5f9-7e95-4611-828d-d31c268adce7,c3,c4,1023,?,x10,
1769088958.2458189,FORWARDED,5bf835be-91ee-40e5-a56e-f5c360652b89,f2c8b5f9-7e95-4611-828d-d31c268adce7,c3,c4,1023,?,x10,
1769088958.2530317,RECEIVED,20c7e3bb-0501-4ba3-9972-2907c9b8f073,0cbe898d-a6c1-4975-9526-92a2262a474d,c1,c3,1452,e11,?,
1769088958.280782,RECEIVED,0d9ce6dd-b635-4a8e-ae47-7e6b6af30af0,5472c98c-54e6-4554-b9c4-422f3d97af4c,c5,c4,1450,e6,?,
1769088958.3502886,SENT,20c7e3bb-0501-4ba3-9972-2907c9b8f073,0cbe898d-a6c1-4975-9526-92a2262a474d,c1,c3,1015,?,x8,
1769088958.350328,FORWARDED,20c7e3bb-0501-4ba3-9972-2907c9b8f073,0cbe898d-a6c1-4975-9526-92a2262a474d,c1,c3,1015,?,x8,
1769088958.4192686,RECEIVED,ef52d9aa-2470-44a2-95a1-446807131348,b465c37a-8a02-4649-92d4-6b966399802d,c5,DROP,1015,e1,?,
1769088958.4511027,RECEIVED,83ac1256-d05a-407b-821a-81e4447cff73,c00c4ed3-3774-40fb-bf35-33c514c83836,c5,DROP,441,x9,?,
1769088958.5367415,RECEIVED,6cd7c87e-4fde-48ed-962a-071e7aa59013,7fa36a32-962e-46fa-843c-4d1b92389578,c5,c4,1447,e6,?,
1769088958.5754273,RECEIVED,be5964de-89dc-410c-a488-582b4bb72c08,5877cac9-0308-43c3-b10a-9f3a55c997e9,c3,DROP,1012,e8,?,
1769088958.6144266,RECEIVED,54bfe7ff-a1e4-4110-b253-4c8cca216b34,d08dcc39-1397-4b96-bebc-8c16d3a14bfe,c4,DROP,1016,e3,?,
1769088958.6925437,SENT,be5964de-89dc-410c-a488-582b4bb72c08,5877cac9-0308-43c3-b10a-9f3a55c997e9,c3,DROP,686,?,x2,
1769088958.6925826,FORWARDED,be5964de-89dc-410c-a488-582b4bb72c08,5877cac9-0308-43c3-b10a-9f3a55c997e9,c3,DROP,686,?,x2,
1769088958.7403946,SENT,54bfe7ff-a1e4-4110-b253-4c8cca216b34,d08dcc39-1397-4b96-bebc-8c16d3a14bfe,c4,DROP,688,?,x5,
1769088958.7404335,FORWARDED,54bfe7ff-a1e4-4110-b253-4c8cca216b34,d08dcc39-1397-4b96-bebc-8c16d3a14bfe,c4,DROP,688,?,x5,
1769088958.931711,SENT,ef52d9aa-2470-44a2-95a1-446807131348,b465c37a-8a02-4649-92d4-6b966399802d,c5,DROP,689,?,x11,
1769088958.9317515,FORWARDED,ef52d9aa-2470-44a2-95a1-446807131348,b465c37a-8a02-4649-92d4-6b966399802d,c5,DROP,689,?,x11,
1769088958.9831824,RECEIVED,369adefd-7033-4ff9-ab20-cfbc8aa00cb5,97f372d5-6e4f-43fa-8681-75d2936879fa,c4,c1,1444,e8,?,
1769088958.991244,SENT,6cd7c87e-4fde-48ed-962a-071e7aa59013,7fa36a32-962e-46fa-843c-4d1b92389578,c5,c4,1013,?,x3,
1769088958.991285,FORWARDED,6cd7c87e-4fde-48ed-962a-071e7aa59013,7fa36a32-962e-46fa-843c-4d1b92389578,c5,c4,1013,?,x3,
1769088959.0229383,SENT,c686c60e-7a3e-4dbe-97ab-5085cc8d8d7c,0d2fa993-6ea9-4eee-b311-dee92d3df5ff,c2,c3,1019,?,x12,
1769088959.022979,FORWARDED,c686c60e-7a3e-4dbe-97ab-5085cc8d8d7c,0d2fa993-6ea9-4eee-b311-dee92d3df5ff,c2,c3,1019,?,x12,
1769088959.0481465,SENT,0d9ce6dd-b635-4a8e-ae47-7e6b6af30af0,5472c98c-54e6-4554-b9c4-422f3d97af4c,c5,c4,1015,?,x7,
1769088959.048186,FORWARDED,0d9ce6dd-b635-4a8e-ae47-7e6b6af30af0,5472c98c-54e6-4554-b9c4-422f3d97af4c,c5,c4,1015,?,x7,
1769088959.112323,SENT,369adefd-7033-4ff9-ab20-cfbc8aa00cb5,97f372d5-6e4f-43fa-8681-75d2936879fa,c4,c1,1011,?,x2,
1769088959.1123612,FORWARDED,369adefd-7033-4ff9-ab20-cfbc8aa00cb5,97f372d5-6e4f-43fa-8681-75d2936879fa,c4,c1,1011,?,x2,
1769088959.2489426,RECEIVED,6826b6ad-9af0-475d-821d-f30ce5952a53,08ebb4b3-8e24-4314-9dff-49e1a9f12cd2,c5,DROP,1008,e1,?,
1769088959.7849007,RECEIVED,c335cd15-d269-4ac6-9501-dd469393cd89,0245be81-0a78-46c4-b736-f6cbdcccc601,c2,DROP,1013,e4,?,
1769088959.843099,RECEIVED,bc5ebc79-08bb-477d-9963-78af89094275,ff2e062d-cbdc-4d10-abfa-58f05b3a4919,c1,DROP,1012,e7,?,
1769088959.9298635,SENT,bc5ebc79-08bb-477d-9963-78af89094275,ff2e062d-cbdc-4d10-abfa-58f05b3a4919,c1,DROP,687,?,x1,
1769088959.9299061,FORWARDED,bc5ebc79-08bb-477d-9963-78af89094275,ff2e062d-cbdc-4d10-abfa-58f05b3a4919,c1,DROP,687,?,x1,
1769088959.985893,SENT,c335cd15-d269-4ac6-9501-dd469393cd89,0245be81-0a78-46c4-b736-f6cbdcccc601,c2,DROP,685,?,x11,
1769088959.985926,FORWARDED,c335cd15-d269-4ac6-9501-dd469393cd89,0245be81-0a78-46c4-b736-f6cbdcccc601,c2,DROP,685,?,x11,
1769088960.0122116,RECEIVED,fd0e0615-22bb-41fb-aca0-5b7c941d5418,1615c8e0-7178-4033-9c6b-f492b37d06fd,c2,DROP,1011,e5,?,
1769088960.1091342,RECEIVED,a70ceaa3-e5cd-431f-993e-41ab095cc7a8,50034129-d3b8-4045-bc84-57e7f4716341,c5,DROP,1011,e11,?,
1769088960.277604,SENT,a70ceaa3-e5cd-431f-993e-41ab095cc7a8,50034129-d3b8-4045-bc84-57e7f4716341,c5,DROP,687,?,x3,
1769088960.2776423,FORWARDED,a70ceaa3-e5cd-431f-993e-41ab095cc7a8,50034129-d3b8-4045-bc84-57e7f4716341,c5,DROP,687,?,x3,
1769088960.2946181,RECEIVED,34e55dd6-739d-419d-beb3-5996f9d0cb6c,a00dcff9-9d93-4315-85cd-f3a85b61651c,c4,DROP,1008,e2,?,
1769088960.3304534,RECEIVED,c67c1e31-ce84-4dd9-b4a7-fce11e6a5244,94a1937c-4ed8-4eaf-bf44-65177b730f1c,c1,DROP,441,x8,?,
1769088960.46129,SENT,6826b6ad-9af0-475d-821d-f30ce5952a53,08ebb4b3-8e24-4314-9dff-49e1a9f12cd2,c5,DROP,684,?,x11,
1769088960.4613676,FORWARDED,6826b6ad-9af0-475d-821d-f30ce5952a53,08ebb4b3-8e24-4314-9dff-49e1a9f12cd2,c5,DROP,684,?,x11,
1769088961.017844,SENT,fd0e0615-22bb-41fb-aca0-5b7c941d5418,1615c8e0-7178-4033-9c6b-f492b37d06fd,c2,DROP,687,?,x4,
1769088961.017887,FORWARDED,fd0e0615-22bb-41fb-aca0-5b7c941d5418,1615c8e0-7178-4033-9c6b-f492b37d06fd,c2,DROP,687,?,x4,
1769088961.2077136,SENT,34e55dd6-739d-419d-beb3-5996f9d0cb6c,a00dcff9-9d93-4315-85cd-f3a85b61651c,c4,DROP,684,?,x12,
1769088961.2077515,FORWARDED,34e55dd6-739d-419d-beb3-5996f9d0cb6c,a00dcff9-9d93-4315-85cd-f3a85b61651c,c4,DROP,684,?,x12,
1769088961.506965,RECEIVED,41660728-8e9c-457d-874f-7c64f7a7a64f,2e66c95d-b75a-4eb2-8b10-da7ca70bdf9a,c5,DROP,1008,e7,?,
1769088961.5878003,SENT,41660728-8e9c-457d-874f-7c64f7a7a64f,2e66c95d-b75a-4eb2-8b10-da7ca70bdf9a,c5,DROP,683,?,x7,
1769088961.5878398,FORWARDED,41660728-8e9c-457d-874f-7c64f7a7a64f,2e66c95d-b75a-4eb2-8b10-da7ca70bdf9a,c5,DROP,683,?,x7,
1769088961.8267915,RECEIVED,b1ea8daa-b980-4e60-bd5a-686e515a10bf,ba0a72de-99e4-4966-9c92-ad94bf7ef8b6,c1,c3,1456,e3,?,
1769088962.0217452,SENT,b1ea8daa-b980-4e60-bd5a-686e515a10bf,ba0a72de-99e4-4966-9c92-ad94bf7ef8b6,c1,c3,1020,?,x10,
1769088962.021788,FORWARDED,b1ea8daa-b980-4e60-bd5a-686e515a10bf,ba0a72de-99e4-4966-9c92-ad94bf7ef8b6,c1,c3,1020,?,x10,
1769088962.2066813,RECEIVED,27817973-1968-4772-94ff-759b3df336de,761ef155-ca7c-4776-abbd-d457a513f656,c5,DROP,1008,e6,?,
1769088962.260595,SENT,27817973-1968-4772-94ff-759b3df336de,761ef155-ca7c-4776-abbd-d457a513f656,c5,DROP,684,?,x1,
1769088962.2606378,FORWARDED,27817973-1968-4772-94ff-759b3df336de,761ef155-ca7c-4776-abbd-d457a513f656,c5,DROP,684,?,x1,
1769088962.452484,RECEIVED,f833a5ba-3831-42a4-9dfa-d1ab8a08b9a9,1b20ab67-f708-40be-8ff6-e0409bc2ab71,c5,DROP,441,x6,?,
1769088962.7351112,RECEIVED,29d82e69-fced-423a-b894-d1bd23fe8cad,172c901c-416a-4870-bffd-5bdb54218af9,c2,DROP,1011,e8,?,
1769088962.9728613,SENT,29d82e69-fced-423a-b894-d1bd23fe8cad,172c901c-416a-4870-bffd-5bdb54218af9,c2,DROP,685,?,x6,
1769088962.9728997,FORWARDED,29d82e69-fced-423a-b894-d1bd23fe8cad,172c901c-416a-4870-bffd-5bdb54218af9,c2,DROP,685,?,x6,
1769088963.320502,RECEIVED,bb0a9143-18f5-47ab-9a5b-c6b561d48682,0fcdbec4-14da-4bf2-8678-819485bbe447,c2,c3,1455,e12,?,
1769088963.4771354,RECEIVED,5a1ec14a-74da-43ce-bda3-608f1b8db643,d1d64222-c39a-4204-8ff2-4ebdec028ac3,c3,c4,1444,e8,?,
1769088963.5143166,RECEIVED,e92231ad-26f1-479b-9ae1-b34de632fabc,ae7fa414-c61a-4af4-a8a9-a1dc7799122d,c1,DROP,1012,e12,?,
1769088963.5310333,SENT,5a1ec14a-74da-43ce-bda3-608f1b8db643,d1d64222-c39a-4204-8ff2-4ebdec028ac3,c3,c4,1011,?,x3,
1769088963.5311284,FORWARDED,5a1ec14a-74da-43ce-bda3-608f1b8db643,d1d64222-c39a-4204-8ff2-4ebdec028ac3,c3,c4,1011,?,x3,
1769088963.951201,RECEIVED,d794a832-c44e-4b6b-af30-d8c9b6d30937,a5550b1d-ac88-4ff7-a431-6af9c2364c26,c5,DROP,441,x6,?,
1769088963.9828877,RECEIVED,903a0570-6437-4382-aa5b-50ae97700193,4fdd497f-1fe6-44f6-8fb2-baac41257dc8,c2,DROP,1015,e8,?,
1769088964.2628086,SENT,903a0570-6437-4382-aa5b-50ae97700193,4fdd497f-1fe6-44f6-8fb2-baac41257dc8,c2,DROP,688,?,x4,
1769088964.262847,FORWARDED,903a0570-6437-4382-aa5b-50ae97700193,4fdd497f-1fe6-44f6-8fb2-baac41257dc8,c2,DROP,688,?,x4,
1769088964.3716288,RECEIVED,abe64abc-648a-49f1-ae74-9fd572585eb7,e60f7708-08f3-4188-9c95-7850a3ac677b,c4,c1,1452,e10,?,
1769088964.5381382,SENT,e92231ad-26f1-479b-9ae1-b34de632fabc,ae7fa414-c61a-4af4-a8a9-a1dc7799122d,c1,DROP,687,?,x12,
1769088964.5381782,FORWARDED,e92231ad-26f1-479b-9ae1-b34de632fabc,ae7fa414-c61a-4af4-a8a9-a1dc7799122d,c1,DROP,687,?,x12,
1769088964.601503,SENT,bb0a9143-18f5-47ab-9a5b-c6b561d48682,0fcdbec4-14da-4bf2-8678-819485bbe447,c2,c3,1018,?,x4,
1769088964.6015446,FORWARDED,bb0a9143-18f5-47ab-9a5b-c6b561d48682,0fcdbec4-14da-4bf2-8678-819485bbe447,c2,c3,1018,?,x4,
1769088964.680233,RECEIVED,3dd1d89e-53b3-4af8-adde-02780fc0491d,f2ac4220-ca7f-4ab1-8dd1-7cf512a22302,c2,c3,1450,e11,?,
1769088964.703627,SENT,3dd1d89e-53b3-4af8-adde-02780fc0491d,f2ac4220-ca7f-4ab1-8dd1-7cf512a22302,c2,c3,1012,?,x11,
1769088964.7036676,FORWARDED,3dd1d89e-53b3-4af8-adde-02780fc0491d,f2ac4220-ca7f-4ab1-8dd1-7cf512a22302,c2,c3,1012,?,x11,
1769088964.7124383,SENT,abe64abc-648a-49f1-ae74-9fd572585eb7,e60f7708-08f3-4188-9c95-7850a3ac677b,c4,c1,1016,?,x7,
1769088964.7124789,FORWARDED,abe64abc-648a-49f1-ae74-9fd572585eb7,e60f7708-08f3-4188-9c95-7850a3ac677b,c4,c1,1016,?,x7,
1769088965.2822702,RECEIVED,d0126c5e-003f-4742-a645-fec48e7f85d8,4f0e7ee2-db75-417e-8505-4bffb465fc16,c1,DROP,1012,e4,?,
1769088965.3054612,RECEIVED,008ecf2c-9df2-48f1-83e4-18e179ad3b85,75950118-63a5-4031-b328-27b98998ff9c,c3,DROP,441,x1,?,
1769088965.514603,SENT,d0126c5e-003f-4742-a645-fec48e7f85d8,4f0e7ee2-db75-417e-8505-4bffb465fc16,c1,DROP,685,?,x3,
1769088965.5146418,FORWARDED,d0126c5e-003f-4742-a645-fec48e7f85d8,4f0e7ee2-db75-417e-8505-4bffb465fc16,c1,DROP,685,?,x3,
1769088965.884237,RECEIVED,cd53e0f6-2519-4c1f-84f6-4f23e24f13ea,96ce799f-4bf0-4065-93bc-5b5ef02acc10,c2,DROP,441,x12,?,
1769088966.0471966,RECEIVED,375a7bb4-931c-48b0-b908-b8282da3d88b,6d194d92-185a-4356-8f07-f38740e69f26,c3,c4,1459,e12,?,
1769088966.234538,RECEIVED,254ff227-ca4d-4da7-ba93-467127c7f67a,a836900d-843c-4974-acd1-9664c291ac37,c4,DROP,1016,e6,?,
1769088966.299003,RECEIVED,a50f00f4-11e2-4932-b3e8-176f7eb5f4c7,22d60126-8d8f-43a5-9adf-e77a0c19c9bb,c2,DROP,440,x12,?,
1769088966.3646796,SENT,254ff227-ca4d-4da7-ba93-467127c7f67a,a836900d-843c-4974-acd1-9664c291ac37,c4,DROP,689,?,x9,
1769088966.3647196,FORWARDED,254ff227-ca4d-4da7-ba93-467127c7f67a,a836900d-843c-4974-acd1-9664c291ac37,c4,DROP,689,?,x9,
1769088966.4138236,RECEIVED,bbafd91b-d866-4a1f-8b6b-9c2db45a8572,ad6b23ba-589f-4cae-a87f-8a534329afdd,c5,DROP,1015,e12,?,
1769088966.557559,SENT,bbafd91b-d866-4a1f-8b6b-9c2db45a8572,ad6b23ba-589f-4cae-a87f-8a534329afdd,c5,DROP,688,?,x8,
1769088966.5575988,FORWARDED,bbafd91b-d866-4a1f-8b6b-9c2db45a8572,ad6b23ba-589f-4cae-a87f-8a534329afdd,c5,DROP,688,?,x8,
1769088966.6254873,RECEIVED,aa023670-a274-4311-a125-850ad4e0bbbf,f167a2f9-9297-4abe-9d82-c178f9478729,c1,c3,1456,e10,?,
1769088966.6971803,SENT,375a7bb4-931c-48b0-b908-b8282da3d88b,6d194d92-185a-4356-8f07-f38740e69f26,c3,c4,1023,?,x8,
1769088966.6972213,FORWARDED,375a7bb4-931c-48b0-b908-b8282da3d88b,6d194d92-185a-4356-8f07-f38740e69f26,c3,c4,1023,?,x8,
1769088967.0847855,RECEIVED,470799e3-3bec-48c6-a7a4-a6f1ad8064cc,e11402c8-20ee-4edd-b799-617299c54e02,c1,c3,1451,e8,?,
1769088967.2025433,RECEIVED,7238d6a7-1e4e-4ee2-8fd2-fed36c49920a,d4bab56d-e703-447a-bf2b-fab0edde8ec9,c2,DROP,1007,e7,?,
1769088967.48509,SENT,aa023670-a274-4311-a125-850ad4e0bbbf,f167a2f9-9297-4abe-9d82-c178f9478729,c1,c3,1019,?,x10,
1769088967.4851303,FORWARDED,aa023670-a274-4311-a125-850ad4e0bbbf,f167a2f9-9297-4abe-9d82-c178f9478729,c1,c3,1019,?,x10,
1769088967.844397,SENT,7238d6a7-1e4e-4ee2-8fd2-fed36c49920a,d4bab56d-e703-447a-bf2b-fab0edde8ec9,c2,DROP,683,?,x9,
1769088967.8446321,FORWARDED,7238d6a7-1e4e-4ee2-8fd2-fed36c49920a,d4bab56d-e703-447a-bf2b-fab0edde8ec9,c2,DROP,683,?,x9,
1769088967.9678214,RECEIVED,b74f3629-a6f2-4d1d-a61d-8fa12bf98859,519d9492-12e6-49ba-b378-c40aa3b8f5c7,c4,c1,1452,e4,?,
1769088968.1827166,SENT,470799e3-3bec-48c6-a7a4-a6f1ad8064cc,e11402c8-20ee-4edd-b799-617299c54e02,c1,c3,1016,?,x1,
1769088968.1827548,FORWARDED,470799e3-3bec-48c6-a7a4-a6f1ad8064cc,e11402c8-20ee-4edd-b799-617299c54e02,c1,c3,1016,?,x1,
1769088968.1832917,RECEIVED,c33934ac-8940-4e00-a5b6-3b58d68ec8c7,5044295b-2951-4ae5-b4a5-95729dc50618,c1,c3,1448,e9,?,
1769088968.245514,RECEIVED,6348c313-7b41-4e1d-99c0-f664df8a8972,f05e4048-8087-46e4-bb82-76e0068fde34,c2,DROP,442,x8,?,
1769088968.2608624,RECEIVED,5f54d76b-8e8d-419a-9925-c75db278d61c,35694e09-b2e9-445f-bf5a-41b25c44e99c,c1,DROP,1012,e6,?,
1769088968.2696402,RECEIVED,ec601be3-9897-4b69-be4f-a09d137f9019,2486460d-7db5-442f-ba2d-1ff4a973c353,c3,c4,1447,e10,?,
1769088968.3723736,SENT,5f54d76b-8e8d-419a-9925-c75db278d61c,35694e09-b2e9-445f-bf5a-41b25c44e99c,c1,DROP,687,?,x8,
1769088968.3724132,FORWARDED,5f54d76b-8e8d-419a-9925-c75db278d61c,35694e09-b2e9-445f-bf5a-41b25c44e99c,c1,DROP,687,?,x8,
1769088968.4059887,SENT,c33934ac-8940-4e00-a5b6-3b58d68ec8c7,5044295b-2951-4ae5-b4a5-95729dc50618,c1,c3,1014,?,x3,
1769088968.4060285,FORWARDED,c33934ac-8940-4e00-a5b6-3b58d68ec8c7,5044295b-2951-4ae5-b4a5-95729dc50618,c1,c3,1014,?,x3,
1769088968.4175646,SENT,b74f3629-a6f2-4d1d-a61d-8fa12bf98859,519d9492-12e6-49ba-b378-c40aa3b8f5c7,c4,c1,1016,?,x12,
1769088968.4175975,FORWARDED,b74f3629-a6f2-4d1d-a61d-8fa12bf98859,519d9492-12e6-49ba-b378-c40aa3b8f5c7,c4,c1,1016,?,x12,
1769088968.6919696,RECEIVED,6c5e1eb5-9ab8-4215-b603-5c0db4d2d57c,7b4950c0-0cd2-410e-89fb-c119eef57cd5,c2,DROP,1015,e7,?,
1769088968.8425357,RECEIVED,730724a8-57be-4eea-bea3-570a8dc0f151,a5e791ae-bb99-43e8-9e85-4b3a28c3cd13,c5,DROP,1008,e1,?,
1769088968.8643513,RECEIVED,af529e39-eac6-40ba-9612-b172eb823cf5,62c5d608-65ce-4fd4-972e-59f7ad5984a5,c4,c1,1441,e3,?,
1769088968.8919811,RECEIVED,c36e8ec6-52d8-425c-8972-6356ebefce66,a3e73dac-81ab-496b-be1d-7cdd4a64873e,c4,c1,1460,e12,?,
1769088968.9403698,SENT,730724a8-57be-4eea-bea3-570a8dc0f151,a5e791ae-bb99-43e8-9e85-4b3a28c3cd13,c5,DROP,683,?,x6,
1769088968.9404116,FORWARDED,730724a8-57be-4eea-bea3-570a8dc0f151,a5e791ae-bb99-43e8-9e85-4b3a28c3cd13,c5,DROP,683,?,x6,
1769088969.087244,SENT,c36e8ec6-52d8-425c-8972-6356ebefce66,a3e73dac-81ab-496b-be1d-7cdd4a64873e,c4,c1,1023,?,x1,
1769088969.0872834,FORWARDED,c36e8ec6-52d8-425c-8972-6356ebefce66,a3e73dac-81ab-496b-be1d-7cdd4a64873e,c4,c1,1023,?,x1,
1769088969.199903,RECEIVED,22e7bdc1-dfa2-47b2-8b6d-490887eac93b,c75934cf-a750-4ad3-9ed0-bf934fd6c769,c1,DROP,1008,e9,?,
1769088969.2086062,SENT,ec601be3-9897-4b69-be4f-a09d137f9019,2486460d-7db5-442f-ba2d-1ff4a973c353,c3,c4,1013,?,x2,
1769088969.208646,FORWARDED,ec601be3-9897-4b69-be4f-a09d137f9019,2486460d-7db5-442f-ba2d-1ff4a973c353,c3,c4,1013,?,x2,
1769088969.276188,SENT,6c5e1eb5-9ab8-4215-b603-5c0db4d2d57c,7b4950c0-0cd2-410e-89fb-c119eef57cd5,c2,DROP,688,?,x4,
1769088969.276229,FORWARDED,6c5e1eb5-9ab8-4215-b603-5c0db4d2d57c,7b4950c0-0cd2-410e-89fb-c119eef57cd5,c2,DROP,688,?,x4,
1769088969.2943282,SENT,22e7bdc1-dfa2-47b2-8b6d-490887eac93b,c75934cf-a750-4ad3-9ed0-bf934fd6c769,c1,DROP,684,?,x4,
1769088969.2943783,FORWARDED,22e7bdc1-dfa2-47b2-8b6d-490887eac93b,c75934cf-a750-4ad3-9ed0-bf934fd6c769,c1,DROP,684,?,x4,
1769088969.6185234,SENT,af529e39-eac6-40ba-9612-b172eb823cf5,62c5d608-65ce-4fd4-972e-59f7ad5984a5,c4,c1,1011,?,x8,
1769088969.6185617,FORWARDED,af529e39-eac6-40ba-9612-b172eb823cf5,62c5d608-65ce-4fd4-972e-59f7ad5984a5,c4,c1,1011,?,x8,
1769088969.704441,RECEIVED,bbc611e9-7a97-48ff-8e28-50535d0f8cfe,f750445a-7193-4b6b-b47d-03a4b6bf2955,c2,DROP,1008,e7,?,
1769088969.7765455,RECEIVED,5743169f-90ec-4f31-91df-ff98f7eb09eb,1edf82c8-4528-4bfb-9f39-f296b7c236db,c5,DROP,441,x2,?,
1769088969.7849226,SENT,bbc611e9-7a97-48ff-8e28-50535d0f8cfe,f750445a-7193-4b6b-b47d-03a4b6bf2955,c2,DROP,684,?,x3,
1769088969.7849615,FORWARDED,bbc611e9-7a97-48ff-8e28-50535d0f8cfe,f750445a-7193-4b6b-b47d-03a4b6bf2955,c2,DROP,684,?,x3,
1769088969.8005457,RECEIVED,a1b89c4f-eb69-432d-a729-1d5eb77b7cc3,4ddfe4ce-a272-44f6-beb7-19d92080723c,c1,c3,1455,e12,?,
1769088970.0438173,SENT,a1b89c4f-eb69-432d-a729-1d5eb77b7cc3,4ddfe4ce-a272-44f6-beb7-19d92080723c,c1,c3,1020,?,x3,
1769088970.0438557,FORWARDED,a1b89c4f-eb69-432d-a729-1d5eb77b7cc3,4ddfe4ce-a272-44f6-beb7-19d92080723c,c1,c3,1020,?,x3,
1769088970.1363113,RECEIVED,d8bfaa11-b724-496c-8274-3303ff76c018,2bf155dc-294e-47c6-b84c-0f3d84ea0e18,c2,c3,1452,e8,?,
1769088970.222678,RECEIVED,cad26f92-42fd-4c25-9866-eb7100f99fa3,0b8d81c0-1bc3-49fd-bb4a-b6d6b495a52c,c4,DROP,442,x2,?,
1769088970.370211,RECEIVED,2f8f497e-cb61-4751-a1f0-29b46db67366,f4f03fd3-d870-4139-9571-d567584e2f94,c5,DROP,1007,e6,?,
1769088970.3920786,RECEIVED,31cb3186-0f07-491b-bd3e-d90b3e5c4567,b93092a6-ae1f-4ca4-b28a-f519296fa399,c4,DROP,1016,e3,?,
1769088970.4455674,RECEIVED,c9c6f408-411d-4f27-82dc-aae6edffb4e8,b8470bf0-d7cd-4d94-895c-4c202f24a65a,c5,DROP,1020,e12,?,
1769088970.5010037,SENT,31cb3186-0f07-491b-bd3e-d90b3e5c4567,b93092a6-ae1f-4ca4-b28a-f519296fa399,c4,DROP,690,?,x2,
1769088970.5010428,FORWARDED,31cb3186-0f07-491b-bd3e-d90b3e5c4567,b93092a6-ae1f-4ca4-b28a-f519296fa399,c4,DROP,690,?,x2,
1769088970.543075,SENT,c9c6f408-411d-4f27-82dc-aae6edffb4e8,b8470bf0-d7cd-4d94-895c-4c202f24a65a,c5,DROP,692,?,x7,
1769088970.543111,FORWARDED,c9c6f408-411d-4f27-82dc-aae6edffb4e8,b8470bf0-d7cd-4d94-895c-4c202f24a65a,c5,DROP,692,?,x7,
1769088970.648118,RECEIVED,ea7ef71b-9ade-4b07-b207-2a4f5d3b7ec4,ab648bed-9c8f-4c19-a92b-6bf9a35053b9,c1,DROP,1017,e6,?,
1769088970.6646912,RECEIVED,29962f69-b71e-4f8c-8fad-f161000cd70a,379f5246-2359-4437-a0e3-3ba2417ff992,c3,DROP,1006,e4,?,
1769088970.7462132,SENT,ea7ef71b-9ade-4b07-b207-2a4f5d3b7ec4,ab648bed-9c8f-4c19-a92b-6bf9a35053b9,c1,DROP,689,?,x2,
1769088970.7462482,FORWARDED,ea7ef71b-9ade-4b07-b207-2a4f5d3b7ec4,ab648bed-9c8f-4c19-a92b-6bf9a35053b9,c1,DROP,689,?,x2,
1769088970.8767767,RECEIVED,53bd1c80-e73d-484f-aa48-21a32d6367f0,b8a646fd-8344-4e9b-821c-3a014868629c,c4,DROP,1008,e2,?,
1769088970.914147,RECEIVED,1b435447-8295-49cd-9637-6acbb558d05b,1e5d92d5-2c1a-4069-952a-0ab8c7ff3192,c5,DROP,1008,e7,?,
1769088971.0020237,SENT,1b435447-8295-49cd-9637-6acbb558d05b,1e5d92d5-2c1a-4069-952a-0ab8c7ff3192,c5,DROP,683,?,x1,
1769088971.0020761,FORWARDED,1b435447-8295-49cd-9637-6acbb558d05b,1e5d92d5-2c1a-4069-952a-0ab8c7ff3192,c5,DROP,683,?,x1,
1769088971.0035987,SENT,2f8f497e-cb61-4751-a1f0-29b46db67366,f4f03fd3-d870-4139-9571-d567584e2f94,c5,DROP,684,?,x1,
1769088971.003636,FORWARDED,2f8f497e-cb61-4751-a1f0-29b46db67366,f4f03fd3-d870-4139-9571-d567584e2f94,c5,DROP,684,?,x1,
1769088971.07799,SENT,53bd1c80-e73d-484f-aa48-21a32d6367f0,b8a646fd-8344-4e9b-821c-3a014868629c,c4,DROP,684,?,x1,
1769088971.0780315,FORWARDED,53bd1c80-e73d-484f-aa48-21a32d6367f0,b8a646fd-8344-4e9b-821c-3a014868629c,c4,DROP,684,?,x1,
1769088971.234633,RECEIVED,3f485ad8-e77e-4f62-bef4-bf06d99ef469,db638bd9-8f28-4b5b-8629-a43d9d727987,c2,c3,1454,e12,?,
1769088971.7476034,SENT,d8bfaa11-b724-496c-8274-3303ff76c018,2bf155dc-294e-47c6-b84c-0f3d84ea0e18,c2,c3,1015,?,x11,
1769088971.7476444,FORWARDED,d8bfaa11-b724-496c-8274-3303ff76c018,2bf155dc-294e-47c6-b84c-0f3d84ea0e18,c2,c3,1015,?,x11,
1769088971.765259,RECEIVED,e818d6bd-f56f-48de-9ec7-99eb2ba7abdd,5eb3fc7c-0d4b-477e-8757-90a1b191fe4b,c3,DROP,441,x4,?,
1769088971.9185789,RECEIVED,0152dcbb-ae55-4410-96dc-f74c5b23d9e8,cb2cd2d1-6678-41f7-bd26-324e68c4ee45,c2,c3,1443,e7,?,
1769088971.950757,RECEIVED,dfa3d9f7-0c24-4a7b-ab6d-49ea2b989a41,e229eeb4-92b0-4a1c-b50a-4699c856d5a4,c3,c4,1464,e12,?,
1769088972.0466406,SENT,dfa3d9f7-0c24-4a7b-ab6d-49ea2b989a41,e229eeb4-92b0-4a1c-b50a-4699c856d5a4,c3,c4,1024,?,x5,
1769088972.0466826,FORWARDED,dfa3d9f7-0c24-4a7b-ab6d-49ea2b989a41,e229eeb4-92b0-4a1c-b50a-4699c856d5a4,c3,c4,1024,?,x5,
1769088972.1732569,RECEIVED,ad476765-e339-437c-a447-3af4f5b4bfa9,f34c5a35-96fd-4add-a965-fc1d481bd01f,c4,c1,1443,e8,?,
1769088972.324771,RECEIVED,4aa959ce-ace9-4333-8193-0f2c975b9f3a,55279173-f803-4556-916c-89d6ed130ea8,c1,DROP,1012,e1,?,
1769088972.7435856,RECEIVED,93ce7824-96f6-4675-9771-f272311a1442,624465f2-af71-4017-a5b4-5735e99c56e0,c4,DROP,440,x1,?,
1769088972.7515044,RECEIVED,1ef41a9a-fd31-4329-93a0-5073d0ce25f4,6251cb35-404e-4dca-8e52-6edc317c33bc,c3,c4,1451,e12,?,
1769088972.966843,RECEIVED,402d2f0d-07d6-4c85-85df-38c4e09d8aa6,9646ffde-f094-4295-aa4d-f27dfc4e4c55,c4,c1,1444,e6,?,
1769088972.9939187,SENT,0152dcbb-ae55-4410-96dc-f74c5b23d9e8,cb2cd2d1-6678-41f7-bd26-324e68c4ee45,c2,c3,1011,?,x6,
1769088972.993957,FORWARDED,0152dcbb-ae55-4410-96dc-f74c5b23d9e8,cb2cd2d1-6678-41f7-bd26-324e68c4ee45,c2,c3,1011,?,x6,
1769088973.0179777,SENT,402d2f0d-07d6-4c85-85df-38c4e09d8aa6,9646ffde-f094-4295-aa4d-f27dfc4e4c55,c4,c1,1011,?,x1,
1769088973.018016,FORWARDED,402d2f0d-07d6-4c85-85df-38c4e09d8aa6,9646ffde-f094-4295-aa4d-f27dfc4e4c55,c4,c1,1011,?,x1,
1769088973.059805,SENT,29962f69-b71e-4f8c-8fad-f161000cd70a,379f5246-2359-4437-a0e3-3ba2417ff992,c3,DROP,682,?,x3,
1769088973.0598462,FORWARDED,29962f69-b71e-4f8c-8fad-f161000cd70a,379f5246-2359-4437-a0e3-3ba2417ff992,c3,DROP,682,?,x3,
1769088973.1306617,RECEIVED,bc860a78-3f86-47b5-858a-31fc484e225c,9895c395-ed93-4ca0-a446-0cf75e0a8be7,c2,DROP,1012,e6,?,
1769088973.1336887,SENT,3f485ad8-e77e-4f62-bef4-bf06d99ef469,db638bd9-8f28-4b5b-8629-a43d9d727987,c2,c3,1019,?,x7,
1769088973.1337261,FORWARDED,3f485ad8-e77e-4f62-bef4-bf06d99ef469,db638bd9-8f28-4b5b-8629-a43d9d727987,c2,c3,1019,?,x7,
1769088973.174223,RECEIVED,4e5ac40f-0e97-4d0f-83a7-5a79b2c073e4,bbd91e45-4b2f-4021-ad34-2d93a9d82991,c2,c3,1444,e1,?,
1769088973.4551425,RECEIVED,f4d34b6a-80bd-4489-b864-f062d6083cb6,691d29bd-d478-4c89-b10a-372dd42075e0,c5,c4,1447,e3,?,
1769088973.4692755,SENT,bc860a78-3f86-47b5-858a-31fc484e225c,9895c395-ed93-4ca0-a446-0cf75e0a8be7,c2,DROP,687,?,x4,
1769088973.4693158,FORWARDED,bc860a78-3f86-47b5-858a-31fc484e225c,9895c395-ed93-4ca0-a446-0cf75e0a8be7,c2,DROP,687,?,x4,
1769088973.4949195,RECEIVED,f6179c10-91aa-46c4-bb29-20e92f8ccfbc,688568ed-5c3a-4301-9c8b-9015547675cb,c1,c3,1448,e10,?,
1769088973.5966778,SENT,4e5ac40f-0e97-4d0f-83a7-5a79b2c073e4,bbd91e45-4b2f-4021-ad34-2d93a9d82991,c2,c3,1011,?,x2,
1769088973.5967152,FORWARDED,4e5ac40f-0e97-4d0f-83a7-5a79b2c073e4,bbd91e45-4b2f-4021-ad34-2d93a9d82991,c2,c3,1011,?,x2,
1769088973.7586966,SENT,f6179c10-91aa-46c4-bb29-20e92f8ccfbc,688568ed-5c3a-4301-9c8b-9015547675cb,c1,c3,1012,?,x4,
1769088973.7587357,FORWARDED,f6179c10-91aa-46c4-bb29-20e92f8ccfbc,688568ed-5c3a-4301-9c8b-9015547675cb,c1,c3,1012,?,x4,
1769088973.8667116,SENT,4aa959ce-ace9-4333-8193-0f2c975b9f3a,55279173-f803-4556-916c-89d6ed130ea8,c1,DROP,687,?,x11,
1769088973.8667557,FORWARDED,4aa959ce-ace9-4333-8193-0f2c975b9f3a,55279173-f803-4556-916c-89d6ed130ea8,c1,DROP,687,?,x11,
1769088974.0688956,SENT,f4d34b6a-80bd-4489-b864-f062d6083cb6,691d29bd-d478-4c89-b10a-372dd42075e0,c5,c4,1014,?,x5,
1769088974.0689383,FORWARDED,f4d34b6a-80bd-4489-b864-f062d6083cb6,691d29bd-d478-4c89-b10a-372dd42075e0,c5,c4,1014,?,x5,
1769088974.1402073,RECEIVED,36fdb248-81ad-4704-9b94-34ba1b4360e8,a12a52f4-8e07-4f48-a30c-417f57fdce4b,c2,DROP,442,x3,?,
1769088974.2384133,RECEIVED,fe006fc2-d9cb-42e4-9474-b463383cc708,4e1b48c5-a4bd-4aec-81d0-e2df6a0ec184,c4,DROP,1008,e12,?,
1769088974.338438,SENT,fe006fc2-d9cb-42e4-9474-b463383cc708,4e1b48c5-a4bd-4aec-81d0-e2df6a0ec184,c4,DROP,684,?,x5,
1769088974.3384807,FORWARDED,fe006fc2-d9cb-42e4-9474-b463383cc708,4e1b48c5-a4bd-4aec-81d0-e2df6a0ec184,c4,DROP,684,?,x5,
1769088974.402326,SENT,ad476765-e339-437c-a447-3af4f5b4bfa9,f34c5a35-96fd-4add-a965-fc1d481bd01f,c4,c1,1011,?,x8,
1769088974.4023652,FORWARDED,ad476765-e339-437c-a447-3af4f5b4bfa9,f34c5a35-96fd-4add-a965-fc1d481bd01f,c4,c1,1011,?,x8,
1769088974.5367813,RECEIVED,c014965b-7281-421e-a85c-7b071e884706,e78d94fc-1179-440c-8b8f-e6cd8438ce27,c2,DROP,1007,e2,?,
1769088974.6567376,RECEIVED,830d4db8-53f6-47d4-baba-d0899ee2ddd7,d1856f37-0575-43d3-bf9a-ff2d254b0b51,c1,DROP,1021,e2,?,
1769088974.681408,RECEIVED,faacdbaa-c21c-46c5-bad9-8f86171b5fe4,a6711574-8768-45c3-a715-fd08a2891c41,c3,DROP,1015,e11,?,
1769088974.7073388,SENT,c014965b-7281-421e-a85c-7b071e884706,e78d94fc-1179-440c-8b8f-e6cd8438ce27,c2,DROP,684,?,x1,
1769088974.7073808,FORWARDED,c014965b-7281-421e-a85c-7b071e884706,e78d94fc-1179-440c-8b8f-e6cd8438ce27,c2,DROP,684,?,x1,
1769088974.756304,RECEIVED,bfa96c4a-0c31-40ab-ab72-d7a61b49e0aa,ac8a32e7-a310-422d-a376-7556f3ec4e1b,c4,c1,1447,e9,?,
1769088974.8127608,RECEIVED,43fca1fa-9eeb-4993-9883-9d6fc6ec3ef7,9e2e985a-a367-4be2-939e-a6429e1b0377,c4,c1,1456,e5,?,
1769088975.0994506,RECEIVED,18be73d1-5374-4c52-8205-f20f5de8d9a0,2d0ccab1-e56a-459a-a84d-447c26d8ac8d,c2,c3,1447,e8,?,
1769088975.1063051,SENT,830d4db8-53f6-47d4-baba-d0899ee2ddd7,d1856f37-0575-43d3-bf9a-ff2d254b0b51,c1,DROP,692,?,x12,
1769088975.106339,FORWARDED,830d4db8-53f6-47d4-baba-d0899ee2ddd7,d1856f37-0575-43d3-bf9a-ff2d254b0b51,c1,DROP,692,?,x12,
1769088975.2615016,SENT,1ef41a9a-fd31-4329-93a0-5073d0ce25f4,6251cb35-404e-4dca-8e52-6edc317c33bc,c3,c4,1016,?,x6,
1769088975.261542,FORWARDED,1ef41a9a-fd31-4329-93a0-5073d0ce25f4,6251cb35-404e-4dca-8e52-6edc317c33bc,c3,c4,1016,?,x6,
1769088975.3408806,SENT,43fca1fa-9eeb-4993-9883-9d6fc6ec3ef7,9e2e985a-a367-4be2-939e-a6429e1b0377,c4,c1,1020,?,x10,
1769088975.3409219,FORWARDED,43fca1fa-9eeb-4993-9883-9d6fc6ec3ef7,9e2e985a-a367-4be2-939e-a6429e1b0377,c4,c1,1020,?,x10,
1769088975.45047,SENT,18be73d1-5374-4c52-8205-f20f5de8d9a0,2d0ccab1-e56a-459a-a84d-447c26d8ac8d,c2,c3,1012,?,x3,
1769088975.450512,FORWARDED,18be73d1-5374-4c52-8205-f20f5de8d9a0,2d0ccab1-e56a-459a-a84d-447c26d8ac8d,c2,c3,1012,?,x3,
1769088975.4902542,RECEIVED,f3c24195-e93c-47bd-bcb2-55f0484c7566,b9fcbd76-f548-4f29-9730-e29b4d74bdda,c5,c4,1456,e4,?,
1769088975.767204,SENT,bfa96c4a-0c31-40ab-ab72-d7a61b49e0aa,ac8a32e7-a310-422d-a376-7556f3ec4e1b,c4,c1,1012,?,x4,
1769088975.7672436,FORWARDED,bfa96c4a-0c31-40ab-ab72-d7a61b49e0aa,ac8a32e7-a310-422d-a376-7556f3ec4e1b,c4,c1,1012,?,x4,
1769088975.8097703,SENT,faacdbaa-c21c-46c5-bad9-8f86171b5fe4,a6711574-8768-45c3-a715-fd08a2891c41,c3,DROP,688,?,x3,
1769088975.8098106,FORWARDED,faacdbaa-c21c-46c5-bad9-8f86171b5fe4,a6711574-8768-45c3-a715-fd08a2891c41,c3,DROP,688,?,x3,
1769088975.8926036,RECEIVED,0a87ae73-bebd-49fb-a806-80e4cb24db12,330e8c86-8167-4118-ab99-ef891dc10e98,c2,DROP,1012,e11,?,
1769088975.9498165,SENT,0a87ae73-bebd-49fb-a806-80e4cb24db12,330e8c86-8167-4118-ab99-ef891dc10e98,c2,DROP,685,?,x3,
1769088975.9498563,FORWARDED,0a87ae73-bebd-49fb-a806-80e4cb24db12,330e8c86-8167-4118-ab99-ef891dc10e98,c2,DROP,685,?,x3,
1769088976.0184524,RECEIVED,f475dc5e-b3ab-45f5-81fb-bd9635353f6d,4a6b837c-8bd7-48c8-b2f3-b2b54e371b3f,c3,c4,1452,e8,?,
1769088976.0311456,SENT,f3c24195-e93c-47bd-bcb2-55f0484c7566,b9fcbd76-f548-4f29-9730-e29b4d74bdda,c5,c4,1019,?,x10,
1769088976.0311859,FORWARDED,f3c24195-e93c-47bd-bcb2-55f0484c7566,b9fcbd76-f548-4f29-9730-e29b4d74bdda,c5,c4,1019,?,x10,
1769088976.0319095,RECEIVED,140082e7-64d4-4fd7-b8c2-ee4fc4290ee7,4dcce965-1910-40d3-8be4-997299a07b2a,c3,c4,1444,e6,?,
1769088976.0671604,RECEIVED,7818729e-e208-4da5-a116-07cc9cbd4c19,10731f57-360b-4486-acc7-7c27d9b86e00,c3,c4,1451,e8,?,
1769088976.1334436,SENT,140082e7-64d4-4fd7-b8c2-ee4fc4290ee7,4dcce965-1910-40d3-8be4-997299a07b2a,c3,c4,1011,?,x7,
1769088976.1334832,FORWARDED,140082e7-64d4-4fd7-b8c2-ee4fc4290ee7,4dcce965-1910-40d3-8be4-997299a07b2a,c3,c4,1011,?,x7,
1769088976.3794894,RECEIVED,d29fc2a8-aa58-420b-ad70-feae5ee7895c,6495d19b-e310-4f2a-9bc4-83e345d692dd,c5,DROP,1013,e10,?,
1769088976.4731243,SENT,f475dc5e-b3ab-45f5-81fb-bd9635353f6d,4a6b837c-8bd7-48c8-b2f3-b2b54e371b3f,c3,c4,1015,?,x1,
1769088976.4731667,FORWARDED,f475dc5e-b3ab-45f5-81fb-bd9635353f6d,4a6b837c-8bd7-48c8-b2f3-b2b54e371b3f,c3,c4,1015,?,x1,
1769088976.5009038,SENT,7818729e-e208-4da5-a116-07cc9cbd4c19,10731f57-360b-4486-acc7-7c27d9b86e00,c3,c4,1017,?,x4,
1769088976.5009456,FORWARDED,7818729e-e208-4da5-a116-07cc9cbd4c19,10731f57-360b-4486-acc7-7c27d9b86e00,c3,c4,1017,?,x4,
1769088976.5493982,SENT,d29fc2a8-aa58-420b-ad70-feae5ee7895c,6495d19b-e310-4f2a-9bc4-83e345d692dd,c5,DROP,687,?,x12,
1769088976.5494394,FORWARDED,d29fc2a8-aa58-420b-ad70-feae5ee7895c,6495d19b-e310-4f2a-9bc4-83e345d692dd,c5,DROP,687,?,x12,
1769088976.5785387,RECEIVED,78aab425-07a6-41a2-be9c-a36f12af3e62,349fffb2-c96f-4ca0-81d8-a29a28d9e4fb,c1,DROP,1010,e9,?,
1769088976.5882297,RECEIVED,eee25997-41cb-44c7-a263-387f022195cd,3e13d029-6660-489b-9f98-871e762f9b23,c2,DROP,442,x12,?,
1769088976.592339,SENT,78aab425-07a6-41a2-be9c-a36f12af3e62,349fffb2-c96f-4ca0-81d8-a29a28d9e4fb,c1,DROP,684,?,x12,
1769088976.5923798,FORWARDED,78aab425-07a6-41a2-be9c-a36f12af3e62,349fffb2-c96f-4ca0-81d8-a29a28d9e4fb,c1,DROP,684,?,x12,
1769088976.7023678,RECEIVED,511f2d9c-252b-43e6-b500-47c094631023,2a74ea02-2ade-459a-983d-9dc808a33c54,c4,c1,1450,e4,?,
1769088976.8312259,SENT,511f2d9c-252b-43e6-b500-47c094631023,2a74ea02-2ade-459a-983d-9dc808a33c54,c4,c1,1016,?,x2,
1769088976.8312676,FORWARDED,511f2d9c-252b-43e6-b500-47c094631023,2a74ea02-2ade-459a-983d-9dc808a33c54,c4,c1,1016,?,x2,
1769088976.8471348,RECEIVED,5697fa26-0c50-4675-9ec1-bfd553e1191e,94c5dcb8-b397-4015-b788-6adf537827d0,c2,DROP,1015,e1,?,
1769088976.950117,RECEIVED,b82edf39-8c46-4cb2-8f38-b97dcd5ec67c,d83bd56f-1941-4d0d-95f2-dbbcc0e7a280,c1,c3,1443,e12,?,
1769088977.195921,RECEIVED,ed543bed-4552-4050-a9e2-bc67f7d7f773,59d07d0a-b164-4ec0-a453-40c0125e26e6,c1,DROP,1008,e9,?,
1769088977.2216134,RECEIVED,611289e3-dce2-4791-a081-ac58642bd2b8,8b2e0167-c063-4289-96d5-0a48c8a556f0,c2,DROP,1007,e9,?,
1769088977.2705019,RECEIVED,f0301c5a-2fd8-4912-8845-472dbfe21262,23e9b0a6-0b40-4215-bd90-9cdda88191cc,c1,DROP,442,x10,?,
1769088977.474266,SENT,611289e3-dce2-4791-a081-ac58642bd2b8,8b2e0167-c063-4289-96d5-0a48c8a556f0,c2,DROP,684,?,x4,
1769088977.4743066,FORWARDED,611289e3-dce2-4791-a081-ac58642bd2b8,8b2e0167-c063-4289-96d5-0a48c8a556f0,c2,DROP,684,?,x4,
1769088977.5381997,RECEIVED,ec09a620-b667-4675-a1aa-20c2e6974248,7f394f3e-65cd-4798-9012-fad1781b1b90,c5,DROP,1007,e8,?,
1769088977.5738285,SENT,ed543bed-4552-4050-a9e2-bc67f7d7f773,59d07d0a-b164-4ec0-a453-40c0125e26e6,c1,DROP,684,?,x4,
1769088977.5738692,FORWARDED,ed543bed-4552-4050-a9e2-bc67f7d7f773,59d07d0a-b164-4ec0-a453-40c0125e26e6,c1,DROP,684,?,x4,
1769088977.6072807,SENT,5697fa26-0c50-4675-9ec1-bfd553e1191e,94c5dcb8-b397-4015-b788-6adf537827d0,c2,DROP,688,?,x8,
1769088977.6073182,FORWARDED,5697fa26-0c50-4675-9ec1-bfd553e1191e,94c5dcb8-b397-4015-b788-6adf537827d0,c2,DROP,688,?,x8,
1769088977.786316,RECEIVED,590a09f7-94a0-4a6f-a536-cbaab867fc94,3257657d-9104-4ff9-8fd4-10a0cf8a0f85,c2,DROP,1006,e2,?,
1769088977.9038355,RECEIVED,434b87d1-c87c-4473-8c94-08a17a20a36b,ebff02f0-1ae4-46a3-b37f-ba0bed3d3d62,c5,c4,1457,e3,?,
1769088978.0335453,SENT,ec09a620-b667-4675-a1aa-20c2e6974248,7f394f3e-65cd-4798-9012-fad1781b1b90,c5,DROP,683,?,x4,
1769088978.033583,FORWARDED,ec09a620-b667-4675-a1aa-20c2e6974248,7f394f3e-65cd-4798-9012-fad1781b1b90,c5,DROP,683,?,x4,
1769088978.3057861,RECEIVED,859c0afc-f9d0-4fad-87bd-38a9e8ff3f99,bdbd3126-bdd8-4672-b507-60b6b785c19c,c3,c4,1460,e10,?,
1769088978.311885,RECEIVED,224bfb6f-8692-4ae7-ab06-035608561b75,1c7574be-0b11-4f74-a327-659b3a399252,c4,DROP,1007,e3,?,
1769088978.3968604,SENT,434b87d1-c87c-4473-8c94-08a17a20a36b,ebff02f0-1ae4-46a3-b37f-ba0bed3d3d62,c5,c4,1019,?,x12,
1769088978.3969011,FORWARDED,434b87d1-c87c-4473-8c94-08a17a20a36b,ebff02f0-1ae4-46a3-b37f-ba0bed3d3d62,c5,c4,1019,?,x12,
1769088978.571875,SENT,b82edf39-8c46-4cb2-8f38-b97dcd5ec67c,d83bd56f-1941-4d0d-95f2-dbbcc0e7a280,c1,c3,1011,?,x6,
1769088978.5719137,FORWARDED,b82edf39-8c46-4cb2-8f38-b97dcd5ec67c,d83bd56f-1941-4d0d-95f2-dbbcc0e7a280,c1,c3,1011,?,x6,
1769088978.631868,RECEIVED,9fc739e9-c5dd-462c-bcae-8d04ad45e730,192a61c6-e365-4bbd-9040-4b0e862c6606,c4,DROP,1012,e7,?,
1769088978.6688533,SENT,590a09f7-94a0-4a6f-a536-cbaab867fc94,3257657d-9104-4ff9-8fd4-10a0cf8a0f85,c2,DROP,683,?,x7,
1769088978.6688938,FORWARDED,590a09f7-94a0-4a6f-a536-cbaab867fc94,3257657d-9104-4ff9-8fd4-10a0cf8a0f85,c2,DROP,683,?,x7,
1769088978.756306,RECEIVED,391ebe31-c5e4-4c5b-88f5-1c29829925d5,dde4d4ea-5f2d-44df-bdb2-e5892c1622c5,c2,c3,1462,e10,?,
1769088978.7945085,SENT,9fc739e9-c5dd-462c-bcae-8d04ad45e730,192a61c6-e365-4bbd-9040-4b0e862c6606,c4,DROP,687,?,x3,
1769088978.7945497,FORWARDED,9fc739e9-c5dd-462c-bcae-8d04ad45e730,192a61c6-e365-4bbd-9040-4b0e862c6606,c4,DROP,687,?,x3,
1769088978.8009918,RECEIVED,001b54e4-bb46-40b8-b9d5-1c7070549242,106a48cf-331c-4921-8fee-c10f825bf7c4,c1,c3,1448,e7,?,
1769088978.808604,SENT,391ebe31-c5e4-4c5b-88f5-1c29829925d5,dde4d4ea-5f2d-44df-bdb2-e5892c1622c5,c2,c3,1023,?,x10,
1769088978.808642,FORWARDED,391ebe31-c5e4-4c5b-88f5-1c29829925d5,dde4d4ea-5f2d-44df-bdb2-e5892c1622c5,c2,c3,1023,?,x10,
1769088978.8170807,RECEIVED,2b5d168e-6117-423f-8b4d-c90d66791328,a23d1d32-b5af-48ca-b126-89b73e499bdd,c1,DROP,1021,e4,?,
1769088978.8472433,SENT,224bfb6f-8692-4ae7-ab06-035608561b75,1c7574be-0b11-4f74-a327-659b3a399252,c4,DROP,683,?,x5,
1769088978.8472824,FORWARDED,224bfb6f-8692-4ae7-ab06-035608561b75,1c7574be-0b11-4f74-a327-659b3a399252,c4,DROP,683,?,x5,
1769088978.9201722,RECEIVED,5922a2fb-3b6a-44de-b310-b4e78f74351d,d0a89bc3-e08e-494e-923e-a23f2b11e4aa,c2,c3,1446,e9,?,
1769088979.0034301,SENT,001b54e4-bb46-40b8-b9d5-1c7070549242,106a48cf-331c-4921-8fee-c10f825bf7c4,c1,c3,1012,?,x1,
1769088979.0034668,FORWARDED,001b54e4-bb46-40b8-b9d5-1c7070549242,106a48cf-331c-4921-8fee-c10f825bf7c4,c1,c3,1012,?,x1,
1769088979.0244281,RECEIVED,24ac18af-9c7d-4312-942a-4a9d2361c33d,248d70ca-b2d6-424d-9642-8644670cb42a,c5,DROP,1016,e9,?,
1769088979.0543926,SENT,859c0afc-f9d0-4fad-87bd-38a9e8ff3f99,bdbd3126-bdd8-4672-b507-60b6b785c19c,c3,c4,1023,?,x12,
1769088979.0544279,FORWARDED,859c0afc-f9d0-4fad-87bd-38a9e8ff3f99,bdbd3126-bdd8-4672-b507-60b6b785c19c,c3,c4,1023,?,x12,
1769088979.0873253,SENT,24ac18af-9c7d-4312-942a-4a9d2361c33d,248d70ca-b2d6-424d-9642-8644670cb42a,c5,DROP,688,?,x6,
1769088979.0873768,FORWARDED,24ac18af-9c7d-4312-942a-4a9d2361c33d,248d70ca-b2d6-424d-9642-8644670cb42a,c5,DROP,688,?,x6,
1769088979.1971536,RECEIVED,20146cf6-2e41-43a6-a3a1-9ac315296fc8,87de8669-ae4d-4e3e-ad1c-750169780bdd,c2,DROP,1008,e3,?,
1769088979.2122355,SENT,2b5d168e-6117-423f-8b4d-c90d66791328,a23d1d32-b5af-48ca-b126-89b73e499bdd,c1,DROP,693,?,x10,
1769088979.2122777,FORWARDED,2b5d168e-6117-423f-8b4d-c90d66791328,a23d1d32-b5af-48ca-b126-89b73e499bdd,c1,DROP,693,?,x10,
1769088979.3039255,SENT,20146cf6-2e41-43a6-a3a1-9ac315296fc8,87de8669-ae4d-4e3e-ad1c-750169780bdd,c2,DROP,684,?,x5,
1769088979.3039677,FORWARDED,20146cf6-2e41-43a6-a3a1-9ac315296fc8,87de8669-ae4d-4e3e-ad1c-750169780bdd,c2,DROP,684,?,x5,
1769088979.3134813,RECEIVED,f821a585-570f-4dd9-b09f-639e7b8d5b51,7fbc7cc5-4c33-441c-af4e-652c8484acc8,c1,c3,1456,e11,?,
1769088979.4694219,RECEIVED,fde58913-89c7-4172-9aa0-3cca1d48735e,6007b931-4cef-4bce-918f-3885df312dfa,c4,DROP,442,x4,?,
1769088979.4853358,RECEIVED,b4ddd881-2488-4985-8e5a-60b13bb70b7a,560a12ea-0f66-45ea-958d-f2e8f1fed772,c4,DROP,1012,e11,?,
1769088979.553249,SENT,f821a585-570f-4dd9-b09f-639e7b8d5b51,7fbc7cc5-4c33-441c-af4e-652c8484acc8,c1,c3,1019,?,x10,
1769088979.5532875,FORWARDED,f821a585-570f-4dd9-b09f-639e7b8d5b51,7fbc7cc5-4c33-441c-af4e-652c8484acc8,c1,c3,1019,?,x10,
1769088979.6358333,RECEIVED,ac855a04-5908-43b7-a8c0-6338723f324d,72600194-9961-4631-ac90-9d7f0ae2114b,c2,DROP,1012,e2,?,
1769088979.6742373,SENT,b4ddd881-2488-4985-8e5a-60b13bb70b7a,560a12ea-0f66-45ea-958d-f2e8f1fed772,c4,DROP,685,?,x5,
1769088979.6742787,FORWARDED,b4ddd881-2488-4985-8e5a-60b13bb70b7a,560a12ea-0f66-45ea-958d-f2e8f1fed772,c4,DROP,685,?,x5,
1769088979.793684,RECEIVED,38636958-a1a4-43b7-bbcc-8e76e34c2676,98efbc31-e83b-4e24-b2c8-30d25a80fc78,c5,DROP,1008,e6,?,
1769088979.8155286,RECEIVED,d431f82f-4369-4c04-90b8-6afda8deb782,9e315e5a-b429-4cbb-a570-44d1686e3fca,c1,DROP,1011,e10,?,
1769088979.8730159,RECEIVED,b146b3dc-3099-4ca5-aa89-fee83d4c8351,989595fe-2864-4b87-bbb7-1b431e4dfc8e,c3,c4,1445,e9,?,
1769088979.8916032,SENT,b146b3dc-3099-4ca5-aa89-fee83d4c8351,989595fe-2864-4b87-bbb7-1b431e4dfc8e,c3,c4,1010,?,x5,
1769088979.8916438,FORWARDED,b146b3dc-3099-4ca5-aa89-fee83d4c8351,989595fe-2864-4b87-bbb7-1b431e4dfc8e,c3,c4,1010,?,x5,
1769088979.987529,RECEIVED,ed7af0c6-2b1d-48ba-877a-e5dc998fb92f,aac5729b-bd98-4e3d-a109-f9cc5aad904e,c2,c3,1456,e6,?,
1769088980.1041977,SENT,ac855a04-5908-43b7-a8c0-6338723f324d,72600194-9961-4631-ac90-9d7f0ae2114b,c2,DROP,687,?,x1,
1769088980.1042378,FORWARDED,ac855a04-5908-43b7-a8c0-6338723f324d,72600194-9961-4631-ac90-9d7f0ae2114b,c2,DROP,687,?,x1,
1769088980.1067324,SENT,5922a2fb-3b6a-44de-b310-b4e78f74351d,d0a89bc3-e08e-494e-923e-a23f2b11e4aa,c2,c3,1012,?,x6,
1769088980.1067722,FORWARDED,5922a2fb-3b6a-44de-b310-b4e78f74351d,d0a89bc3-e08e-494e-923e-a23f2b11e4aa,c2,c3,1012,?,x6,
1769088980.2850406,RECEIVED,64149964-e2a0-4484-bf73-bd4232ad77df,6c6b67e9-d103-422a-ac37-c2f66dba3385,c3,DROP,1008,e3,?,
1769088980.2938333,RECEIVED,1792bf4f-4ffa-4c25-a4f8-15052bd1e935,5a9133b8-cdb4-44cf-b8a5-b3033b24b533,c3,DROP,440,x5,?,
1769088980.4066694,SENT,ed7af0c6-2b1d-48ba-877a-e5dc998fb92f,aac5729b-bd98-4e3d-a109-f9cc5aad904e,c2,c3,1019,?,x10,
1769088980.4067123,FORWARDED,ed7af0c6-2b1d-48ba-877a-e5dc998fb92f,aac5729b-bd98-4e3d-a109-f9cc5aad904e,c2,c3,1019,?,x10,
1769088980.5355422,RECEIVED,548a1102-6825-4e4b-ba33-f9abd17a0054,17c226f3-e0cc-44e4-8581-ed059884b816,c1,c3,1455,e4,?,
1769088980.6838303,SENT,38636958-a1a4-43b7-bbcc-8e76e34c2676,98efbc31-e83b-4e24-b2c8-30d25a80fc78,c5,DROP,684,?,x10,
1769088980.6838727,FORWARDED,38636958-a1a4-43b7-bbcc-8e76e34c2676,98efbc31-e83b-4e24-b2c8-30d25a80fc78,c5,DROP,684,?,x10,
1769088981.0446029,SENT,64149964-e2a0-4484-bf73-bd4232ad77df,6c6b67e9-d103-422a-ac37-c2f66dba3385,c3,DROP,684,?,x11,
1769088981.0446439,FORWARDED,64149964-e2a0-4484-bf73-bd4232ad77df,6c6b67e9-d103-422a-ac37-c2f66dba3385,c3,DROP,684,?,x11,
1769088981.0863783,RECEIVED,7867ea1a-1d06-4efa-9e62-caf0fbdd0980,b882c467-d988-49da-9a7d-84af8a6cba67,c5,DROP,441,x2,?,
1769088981.3847392,RECEIVED,23f81696-4821-47ae-a56b-23fdd0814577,164e2391-01c7-4566-9ac5-5a9d12551c9d,c4,c1,1443,e8,?,
1769088981.3881822,RECEIVED,940d29c3-e5a6-4ea9-9489-4029150665cc,4e499b20-efb1-474d-9a8b-c9548b15159d,c5,DROP,1019,e12,?,
1769088981.4954312,SENT,548a1102-6825-4e4b-ba33-f9abd17a0054,17c226f3-e0cc-44e4-8581-ed059884b816,c1,c3,1019,?,x8,
1769088981.49547,FORWARDED,548a1102-6825-4e4b-ba33-f9abd17a0054,17c226f3-e0cc-44e4-8581-ed059884b816,c1,c3,1019,?,x8,
1769088981.4969964,RECEIVED,044f8fc2-0d18-412e-8b75-6b763fb14b3f,06a2f932-16ac-49f6-8c82-306f33212f89,c2,DROP,1004,e9,?,
1769088981.5114222,RECEIVED,6da26ec3-fb43-4c65-9df8-d866539f5d4e,7d0ef641-42e3-4c69-98a5-63efa67b38bf,c5,DROP,442,x4,?,
1769088981.5833986,SENT,23f81696-4821-47ae-a56b-23fdd0814577,164e2391-01c7-4566-9ac5-5a9d12551c9d,c4,c1,1011,?,x1,
1769088981.5834389,FORWARDED,23f81696-4821-47ae-a56b-23fdd0814577,164e2391-01c7-4566-9ac5-5a9d12551c9d,c4,c1,1011,?,x1,
1769088981.6965027,RECEIVED,c755ea3e-979d-41b4-b1e3-e5e5a6000939,b0132d44-01e1-476c-a088-b58260fe520f,c5,c4,1444,e3,?,
1769088981.7741258,SENT,c755ea3e-979d-41b4-b1e3-e5e5a6000939,b0132d44-01e1-476c-a088-b58260fe520f,c5,c4,1011,?,x8,
1769088981.7741675,FORWARDED,c755ea3e-979d-41b4-b1e3-e5e5a6000939,b0132d44-01e1-476c-a088-b58260fe520f,c5,c4,1011,?,x8,
1769088981.7820735,SENT,044f8fc2-0d18-412e-8b75-6b763fb14b3f,06a2f932-16ac-49f6-8c82-306f33212f89,c2,DROP,681,?,x7,
1769088981.782116,FORWARDED,044f8fc2-0d18-412e-8b75-6b763fb14b3f,06a2f932-16ac-49f6-8c82-306f33212f89,c2,DROP,681,?,x7,
1769088982.3747964,RECEIVED,2830bf11-a5c1-4dcc-96a5-8e0448f39846,b874ddec-c576-4ada-b80f-d967d76d73f6,c2,DROP,1004,e2,?,
1769088982.386536,SENT,2830bf11-a5c1-4dcc-96a5-8e0448f39846,b874ddec-c576-4ada-b80f-d967d76d73f6,c2,DROP,679,?,x2,
1769088982.3865926,FORWARDED,2830bf11-a5c1-4dcc-96a5-8e0448f39846,b874ddec-c576-4ada-b80f-d967d76d73f6,c2,DROP,679,?,x2,
1769088982.7530856,SENT,d431f82f-4369-4c04-90b8-6afda8deb782,9e315e5a-b429-4cbb-a570-44d1686e3fca,c1,DROP,687,?,x2,
1769088982.7531266,FORWARDED,d431f82f-4369-4c04-90b8-6afda8deb782,9e315e5a-b429-4cbb-a570-44d1686e3fca,c1,DROP,687,?,x2,
1769088982.8297353,RECEIVED,116a13e1-0a6f-4fd5-b770-bbfaa790123d,51fafca7-ad08-42c7-8a34-72458b2ea6ac,c1,c3,1442,e5,?,
1769088983.188604,SENT,940d29c3-e5a6-4ea9-9489-4029150665cc,4e499b20-efb1-474d-9a8b-c9548b15159d,c5,DROP,693,?,x6,
1769088983.188641,FORWARDED,940d29c3-e5a6-4ea9-9489-4029150665cc,4e499b20-efb1-474d-9a8b-c9548b15159d,c5,DROP,693,?,x6,
1769088983.2204123,RECEIVED,4f978e55-72bd-4672-99c0-618a32d12f80,40bef30e-4f00-4d28-9caf-0488f06b38ea,c2,DROP,1008,e7,?,
1769088983.4751742,RECEIVED,c3106cff-3829-4e8f-a5ea-0685a63ddd34,08ea5978-5eb8-4e15-9662-f4c3de3bb613,c5,DROP,1003,e6,?,
1769088983.553698,RECEIVED,9ac84e17-2ded-4156-905f-192261f7c5c5,a82ec194-2dc3-41c7-aabc-38c2c1c0aad6,c2,c3,1453,e4,?,
1769088983.8572812,SENT,9ac84e17-2ded-4156-905f-192261f7c5c5,a82ec194-2dc3-41c7-aabc-38c2c1c0aad6,c2,c3,1016,?,x11,
1769088983.8573225,FORWARDED,9ac84e17-2ded-4156-905f-192261f7c5c5,a82ec194-2dc3-41c7-aabc-38c2c1c0aad6,c2,c3,1016,?,x11,
1769088983.9938,RECEIVED,e10e961c-908e-41a3-b62f-9822425b8593,530e7cf1-c5e5-4f15-9783-ad8c525d64b3,c1,DROP,441,x11,?,
1769088984.0453503,RECEIVED,19e819cd-3733-4dc4-a16d-1521695b64e4,1ccab3a3-8828-480d-aae6-64cf7363f893,c3,c4,1461,e9,?,
1769088984.1295424,SENT,c3106cff-3829-4e8f-a5ea-0685a63ddd34,08ea5978-5eb8-4e15-9662-f4c3de3bb613,c5,DROP,680,?,x4,
1769088984.1295815,FORWARDED,c3106cff-3829-4e8f-a5ea-0685a63ddd34,08ea5978-5eb8-4e15-9662-f4c3de3bb613,c5,DROP,680,?,x4,
1769088984.1413586,RECEIVED,52f840e3-2171-461f-99af-308eb5cbd5de,7ec6f2cb-9645-41c1-b5cc-035f09e292c5,c4,c1,1452,e6,?,
1769088984.1553206,RECEIVED,2f3e1adc-ddfc-4d9a-9063-9880bf2ff4bc,2d6e26a2-2822-49d5-b589-ed146a9ee4f2,c2,DROP,1011,e10,?,
1769088984.2068498,RECEIVED,b5aba6aa-61b5-4706-ad85-cc1d2f3046ca,b94bec48-18fd-4821-85a5-5461beae88a7,c1,c3,1447,e2,?,
1769088984.23164,SENT,52f840e3-2171-461f-99af-308eb5cbd5de,7ec6f2cb-9645-41c1-b5cc-035f09e292c5,c4,c1,1015,?,x3,
1769088984.2316797,FORWARDED,52f840e3-2171-461f-99af-308eb5cbd5de,7ec6f2cb-9645-41c1-b5cc-035f09e292c5,c4,c1,1015,?,x3,
1769088984.2388976,RECEIVED,c067f756-a660-4433-9c1c-dbe3360721ae,3588ea63-61cc-442e-b527-2242d098d55a,c1,c3,1452,e7,?,
1769088984.2752085,RECEIVED,5446851f-2a61-43b7-a1a3-476e2b8eb79e,8c7d698f-27d3-4f97-b5f8-1ac95d5ccce4,c2,DROP,1008,e5,?,
1769088984.3347528,RECEIVED,472707d5-8c8b-43e3-95be-f5dcbef7904c,7936cd26-b46a-4c7c-9bd2-0a93c0e60fec,c2,DROP,1008,e6,?,
1769088984.335678,SENT,19e819cd-3733-4dc4-a16d-1521695b64e4,1ccab3a3-8828-480d-aae6-64cf7363f893,c3,c4,1023,?,x11,
1769088984.3357186,FORWARDED,19e819cd-3733-4dc4-a16d-1521695b64e4,1ccab3a3-8828-480d-aae6-64cf7363f893,c3,c4,1023,?,x11,
1769088984.3747458,RECEIVED,b907316b-3f3d-4ff3-ac18-fb873e51867d,b89273a6-a185-432d-a831-f137eabaf01b,c5,DROP,442,x10,?,
1769088984.3926067,SENT,5446851f-2a61-43b7-a1a3-476e2b8eb79e,8c7d698f-27d3-4f97-b5f8-1ac95d5ccce4,c2,DROP,684,?,x2,
1769088984.3926456,FORWARDED,5446851f-2a61-43b7-a1a3-476e2b8eb79e,8c7d698f-27d3-4f97-b5f8-1ac95d5ccce4,c2,DROP,684,?,x2,
1769088984.484122,RECEIVED,dd0572a9-3152-4a82-bcc3-e68b065586d5,3df310fd-7b1d-44ba-8b80-e07f63cfd0ef,c4,c1,1451,e6,?,
1769088984.5440993,SENT,4f978e55-72bd-4672-99c0-618a32d12f80,40bef30e-4f00-4d28-9caf-0488f06b38ea,c2,DROP,683,?,x11,
1769088984.544134,FORWARDED,4f978e55-72bd-4672-99c0-618a32d12f80,40bef30e-4f00-4d28-9caf-0488f06b38ea,c2,DROP,683,?,x11,
1769088984.5566843,SENT,c067f756-a660-4433-9c1c-dbe3360721ae,3588ea63-61cc-442e-b527-2242d098d55a,c1,c3,1017,?,x7,
1769088984.5567217,FORWARDED,c067f756-a660-4433-9c1c-dbe3360721ae,3588ea63-61cc-442e-b527-2242d098d55a,c1,c3,1017,?,x7,
1769088984.566661,SENT,472707d5-8c8b-43e3-95be-f5dcbef7904c,7936cd26-b46a-4c7c-9bd2-0a93c0e60fec,c2,DROP,683,?,x4,
1769088984.566699,FORWARDED,472707d5-8c8b-43e3-95be-f5dcbef7904c,7936cd26-b46a-4c7c-9bd2-0a93c0e60fec,c2,DROP,683,?,x4,
1769088984.629508,RECEIVED,9959bbc6-1205-426c-a9c2-eeb1357cd718,47b3ae69-e668-4980-a518-814cea395c55,c4,c1,1444,e8,?,
1769088984.7418404,SENT,2f3e1adc-ddfc-4d9a-9063-9880bf2ff4bc,2d6e26a2-2822-49d5-b589-ed146a9ee4f2,c2,DROP,687,?,x7,
1769088984.7418814,FORWARDED,2f3e1adc-ddfc-4d9a-9063-9880bf2ff4bc,2d6e26a2-2822-49d5-b589-ed146a9ee4f2,c2,DROP,687,?,x7,
1769088984.7938793,RECEIVED,d2531fe8-331f-4d35-81cc-c5ef0d57c18e,3f55befc-f7df-469f-a6a7-884ba507c9ec,c3,DROP,1007,e12,?,
1769088984.992245,RECEIVED,80aa5530-0c53-4efe-8ea2-9298c059b85f,582ea21e-3e42-45fb-bc46-0a5a4d772196,c1,DROP,1011,e6,?,
1769088985.03934,SENT,dd0572a9-3152-4a82-bcc3-e68b065586d5,3df310fd-7b1d-44ba-8b80-e07f63cfd0ef,c4,c1,1016,?,x10,
1769088985.039385,FORWARDED,dd0572a9-3152-4a82-bcc3-e68b065586d5,3df310fd-7b1d-44ba-8b80-e07f63cfd0ef,c4,c1,1016,?,x10,
1769088985.1096125,RECEIVED,2db54f10-412a-4888-85f7-9a2d9b74afc8,bb20c8d2-6aa4-4e73-8e60-c636c8641719,c3,DROP,441,x8,?,
1769088985.2893949,RECEIVED,9c200c64-fa9f-4ecb-81aa-19be32ba0613,7d510f9d-e7dc-43fc-a75c-0e4984bb39f9,c1,c3,1448,e4,?,
1769088985.2903311,SENT,b5aba6aa-61b5-4706-ad85-cc1d2f3046ca,b94bec48-18fd-4821-85a5-5461beae88a7,c1,c3,1014,?,x5,
1769088985.2903664,FORWARDED,b5aba6aa-61b5-4706-ad85-cc1d2f3046ca,b94bec48-18fd-4821-85a5-5461beae88a7,c1,c3,1014,?,x5,
1769088985.3391871,SENT,116a13e1-0a6f-4fd5-b770-bbfaa790123d,51fafca7-ad08-42c7-8a34-72458b2ea6ac,c1,c3,1010,?,x4,
1769088985.339221,FORWARDED,116a13e1-0a6f-4fd5-b770-bbfaa790123d,51fafca7-ad08-42c7-8a34-72458b2ea6ac,c1,c3,1010,?,x4,
1769088985.3513927,SENT,9959bbc6-1205-426c-a9c2-eeb1357cd718,47b3ae69-e668-4980-a518-814cea395c55,c4,c1,1011,?,x12,
1769088985.3514318,FORWARDED,9959bbc6-1205-426c-a9c2-eeb1357cd718,47b3ae69-e668-4980-a518-814cea395c55,c4,c1,1011,?,x12,
1769088985.4659367,SENT,9c200c64-fa9f-4ecb-81aa-19be32ba0613,7d510f9d-e7dc-43fc-a75c-0e4984bb39f9,c1,c3,1012,?,x5,
1769088985.4659781,FORWARDED,9c200c64-fa9f-4ecb-81aa-19be32ba0613,7d510f9d-e7dc-43fc-a75c-0e4984bb39f9,c1,c3,1012,?,x5,
1769088985.5670025,SENT,d2531fe8-331f-4d35-81cc-c5ef0d57c18e,3f55befc-f7df-469f-a6a7-884ba507c9ec,c3,DROP,684,?,x7,
1769088985.567063,FORWARDED,d2531fe8-331f-4d35-81cc-c5ef0d57c18e,3f55befc-f7df-469f-a6a7-884ba507c9ec,c3,DROP,684,?,x7,
1769088985.7341485,RECEIVED,a8f6470b-a273-42b3-acef-64f62090e626,9233e95c-fcdb-42a5-8aa9-d2554dd4897b,c1,c3,1464,e11,?,
1769088986.0525277,SENT,a8f6470b-a273-42b3-acef-64f62090e626,9233e95c-fcdb-42a5-8aa9-d2554dd4897b,c1,c3,1024,?,x7,
1769088986.0525665,FORWARDED,a8f6470b-a273-42b3-acef-64f62090e626,9233e95c-fcdb-42a5-8aa9-d2554dd4897b,c1,c3,1024,?,x7,
1769088986.1151257,RECEIVED,4c6dc440-28f8-418f-a1bc-b07616488e7e,d81ea8af-4503-49c6-a915-0ae53b5096a0,c5,c4,1445,e9,?,
1769088986.1553118,SENT,4c6dc440-28f8-418f-a1bc-b07616488e7e,d81ea8af-4503-49c6-a915-0ae53b5096a0,c5,c4,1011,?,x5,
1769088986.1553497,FORWARDED,4c6dc440-28f8-418f-a1bc-b07616488e7e,d81ea8af-4503-49c6-a915-0ae53b5096a0,c5,c4,1011,?,x5,
1769088986.2633927,RECEIVED,fa72daf0-91d6-44fa-8f1d-166902f951dd,f5b02f20-80f3-4e6b-ace9-a2be2a8489d2,c5,c4,1454,e10,?,
1769088986.3540294,SENT,80aa5530-0c53-4efe-8ea2-9298c059b85f,582ea21e-3e42-45fb-bc46-0a5a4d772196,c1,DROP,687,?,x3,
1769088986.3540769,FORWARDED,80aa5530-0c53-4efe-8ea2-9298c059b85f,582ea21e-3e42-45fb-bc46-0a5a4d772196,c1,DROP,687,?,x3,
1769088986.4466226,RECEIVED,487cae7e-5d61-4ca5-b461-76b037e9830e,70a30881-1068-4298-b61c-cbd44116a7ef,c5,DROP,1007,e6,?,
1769088986.65888,SENT,487cae7e-5d61-4ca5-b461-76b037e9830e,70a30881-1068-4298-b61c-cbd44116a7ef,c5,DROP,683,?,x8,
1769088986.658921,FORWARDED,487cae7e-5d61-4ca5-b461-76b037e9830e,70a30881-1068-4298-b61c-cbd44116a7ef,c5,DROP,683,?,x8,
1769088986.7878895,RECEIVED,de54dabf-aaa7-48d0-b71d-e5a0a050ad45,5fe2184e-9311-4e1d-94b4-f69df6a6787d,c4,DROP,1013,e12,?,
1769088986.8515267,RECEIVED,0ced408d-fb27-4147-be9c-59cc28e610f0,9875eeac-eb3f-47fb-bc14-c8226fefe19b,c5,DROP,437,x3,?,
1769088986.860642,SENT,de54dabf-aaa7-48d0-b71d-e5a0a050ad45,5fe2184e-9311-4e1d-94b4-f69df6a6787d,c4,DROP,686,?,x3,
1769088986.860682,FORWARDED,de54dabf-aaa7-48d0-b71d-e5a0a050ad45,5fe2184e-9311-4e1d-94b4-f69df6a6787d,c4,DROP,686,?,x3,
1769088986.8742855,RECEIVED,91897a7b-6d22-4621-a9fc-45c5336cb768,4e9c3ed6-9177-4a52-be2d-1e6c8eea9929,c1,DROP,1011,e12,?,
1769088986.908534,RECEIVED,a4e56361-2c18-4a26-a74b-f7d67897faa9,332c876f-574a-4a67-94b7-824475cbb705,c5,DROP,441,x7,?,
1769088987.29313,RECEIVED,f66d3239-7841-4023-a395-e4efc13ba131,c9e88ca8-22e9-4b5d-94ad-8359045aeaf2,c1,c3,1443,e8,?,
1769088987.619914,RECEIVED,04cc465f-ccc5-486b-9e3a-173e8ab2a295,099c3d78-84ff-47b2-b450-b82e2b3e9940,c3,DROP,1021,e11,?,
1769088987.6293993,SENT,f66d3239-7841-4023-a395-e4efc13ba131,c9e88ca8-22e9-4b5d-94ad-8359045aeaf2,c1,c3,1010,?,x3,
1769088987.6294386,FORWARDED,f66d3239-7841-4023-a395-e4efc13ba131,c9e88ca8-22e9-4b5d-94ad-8359045aeaf2,c1,c3,1010,?,x3,
1769088987.6614046,SENT,04cc465f-ccc5-486b-9e3a-173e8ab2a295,099c3d78-84ff-47b2-b450-b82e2b3e9940,c3,DROP,692,?,x12,
1769088987.6614387,FORWARDED,04cc465f-ccc5-486b-9e3a-173e8ab2a295,099c3d78-84ff-47b2-b450-b82e2b3e9940,c3,DROP,692,?,x12,
1769088987.671019,RECEIVED,37a5bed7-5110-4973-8487-a818e46d6c59,dbbcbb53-92f5-403f-ba4c-e3c08c5a043c,c3,DROP,1016,e8,?,
1769088987.6784074,SENT,fa72daf0-91d6-44fa-8f1d-166902f951dd,f5b02f20-80f3-4e6b-ace9-a2be2a8489d2,c5,c4,1019,?,x9,
1769088987.6784465,FORWARDED,fa72daf0-91d6-44fa-8f1d-166902f951dd,f5b02f20-80f3-4e6b-ace9-a2be2a8489d2,c5,c4,1019,?,x9,
1769088987.843585,RECEIVED,2f05d713-6aa0-4550-bb6d-ebcd2250e4e1,68c2422a-bf44-453e-810e-39e3f8d56128,c1,DROP,1011,e2,?,
1769088987.9565506,RECEIVED,5f373d4f-1f37-464a-8f10-d46ca3bd3ad8,783cfc08-2a26-48df-bae7-3358e08021a8,c3,c4,1456,e10,?,
1769088988.0444827,SENT,37a5bed7-5110-4973-8487-a818e46d6c59,dbbcbb53-92f5-403f-ba4c-e3c08c5a043c,c3,DROP,688,?,x6,
1769088988.0445218,FORWARDED,37a5bed7-5110-4973-8487-a818e46d6c59,dbbcbb53-92f5-403f-ba4c-e3c08c5a043c,c3,DROP,688,?,x6,
1769088988.0799165,SENT,5f373d4f-1f37-464a-8f10-d46ca3bd3ad8,783cfc08-2a26-48df-bae7-3358e08021a8,c3,c4,1019,?,x1,
1769088988.0799587,FORWARDED,5f373d4f-1f37-464a-8f10-d46ca3bd3ad8,783cfc08-2a26-48df-bae7-3358e08021a8,c3,c4,1019,?,x1,
1769088988.1017606,RECEIVED,52c134d3-3443-418c-84d0-acd882b99548,3700145e-3c80-4133-865c-bfe1d40399ba,c4,DROP,1013,e9,?,
1769088988.1833913,SENT,52c134d3-3443-418c-84d0-acd882b99548,3700145e-3c80-4133-865c-bfe1d40399ba,c4,DROP,685,?,x9,
1769088988.1834455,FORWARDED,52c134d3-3443-418c-84d0-acd882b99548,3700145e-3c80-4133-865c-bfe1d40399ba,c4,DROP,685,?,x9,
1769088988.5071542,SENT,91897a7b-6d22-4621-a9fc-45c5336cb768,4e9c3ed6-9177-4a52-be2d-1e6c8eea9929,c1,DROP,686,?,x1,
1769088988.5071929,FORWARDED,91897a7b-6d22-4621-a9fc-45c5336cb768,4e9c3ed6-9177-4a52-be2d-1e6c8eea9929,c1,DROP,686,?,x1,
1769088988.6818683,SENT,2f05d713-6aa0-4550-bb6d-ebcd2250e4e1,68c2422a-bf44-453e-810e-39e3f8d56128,c1,DROP,687,?,x8,
1769088988.6819093,FORWARDED,2f05d713-6aa0-4550-bb6d-ebcd2250e4e1,68c2422a-bf44-453e-810e-39e3f8d56128,c1,DROP,687,?,x8,
1769088989.0390818,RECEIVED,177e482a-ed31-432d-9c91-e8d819c5c3b9,9619eed8-ea2d-488d-931e-2b3c8d053af7,c4,DROP,1013,e10,?,
1769088989.1509345,RECEIVED,92c1c2be-634a-40ad-989c-b7459b2790dd,61f4299e-ca32-4c11-9b26-c7b417379684,c4,DROP,442,x5,?,
1769088989.3988113,SENT,177e482a-ed31-432d-9c91-e8d819c5c3b9,9619eed8-ea2d-488d-931e-2b3c8d053af7,c4,DROP,686,?,x12,
1769088989.398852,FORWARDED,177e482a-ed31-432d-9c91-e8d819c5c3b9,9619eed8-ea2d-488d-931e-2b3c8d053af7,c4,DROP,686,?,x12,
1769088989.5000799,RECEIVED,179f7275-911c-4a57-b0f6-0c88255adcfb,1b9e43d7-2d47-47a7-81ee-fda86ca9d18a,c2,DROP,1007,e9,?,
1769088989.7441177,RECEIVED,a9add2c2-abba-4fdf-b9bd-ec671cc1c71d,5a1f878e-6a5c-4720-a81b-ae5c2f89ac1b,c2,c3,1448,e9,?,
1769088989.7892025,RECEIVED,b26499ae-bdab-4729-8065-6212b787d49d,cf8eb244-9746-4e3b-8911-67eb36ffcea1,c5,c4,1457,e5,?,
1769088989.8836195,SENT,b26499ae-bdab-4729-8065-6212b787d49d,cf8eb244-9746-4e3b-8911-67eb36ffcea1,c5,c4,1019,?,x12,
1769088989.8836608,FORWARDED,b26499ae-bdab-4729-8065-6212b787d49d,cf8eb244-9746-4e3b-8911-67eb36ffcea1,c5,c4,1019,?,x12,
1769088989.8984551,SENT,a9add2c2-abba-4fdf-b9bd-ec671cc1c71d,5a1f878e-6a5c-4720-a81b-ae5c2f89ac1b,c2,c3,1012,?,x2,
1769088989.8984926,FORWARDED,a9add2c2-abba-4fdf-b9bd-ec671cc1c71d,5a1f878e-6a5c-4720-a81b-ae5c2f89ac1b,c2,c3,1012,?,x2,
1769088989.939466,RECEIVED,d742f84b-52ea-431d-871a-6e300004d319,46e21ddb-29af-405a-bf15-66c0fcbcf772,c3,DROP,1016,e1,?,
1769088990.1321635,SENT,d742f84b-52ea-431d-871a-6e300004d319,46e21ddb-29af-405a-bf15-66c0fcbcf772,c3,DROP,689,?,x3,
1769088990.1322052,FORWARDED,d742f84b-52ea-431d-871a-6e300004d319,46e21ddb-29af-405a-bf15-66c0fcbcf772,c3,DROP,689,?,x3,
1769088990.1445181,RECEIVED,8035e472-86da-4753-b9f0-2f68901269e1,65fff12d-e821-46a9-9692-2101631c0bf8,c3,c4,1460,e6,?,
1769088990.2114263,SENT,179f7275-911c-4a57-b0f6-0c88255adcfb,1b9e43d7-2d47-47a7-81ee-fda86ca9d18a,c2,DROP,683,?,x9,
1769088990.2114651,FORWARDED,179f7275-911c-4a57-b0f6-0c88255adcfb,1b9e43d7-2d47-47a7-81ee-fda86ca9d18a,c2,DROP,683,?,x9,
1769088990.3904252,RECEIVED,aee5fc2f-2a97-42de-833c-03db6528ad20,babd7918-2d9b-4377-8278-ac23cfafe3d7,c3,DROP,1008,e11,?,
1769088990.4163754,RECEIVED,68a8e6ed-7207-48e1-9552-fb631698d2cd,70f233a4-c0b7-4f7e-904e-4804813df568,c1,c3,1452,e7,?,
1769088990.5980232,SENT,aee5fc2f-2a97-42de-833c-03db6528ad20,babd7918-2d9b-4377-8278-ac23cfafe3d7,c3,DROP,683,?,x9,
1769088990.5980756,FORWARDED,aee5fc2f-2a97-42de-833c-03db6528ad20,babd7918-2d9b-4377-8278-ac23cfafe3d7,c3,DROP,683,?,x9,
1769088990.6096725,RECEIVED,bf7ae0ae-cfe1-48e6-85cb-805f4274d6bd,084e0a5f-d0b1-495f-8f8a-029e2b6249f4,c4,c1,1456,e12,?,
1769088990.6807761,SENT,8035e472-86da-4753-b9f0-2f68901269e1,65fff12d-e821-46a9-9692-2101631c0bf8,c3,c4,1023,?,x11,
1769088990.6808164,FORWARDED,8035e472-86da-4753-b9f0-2f68901269e1,65fff12d-e821-46a9-9692-2101631c0bf8,c3,c4,1023,?,x11,
1769088990.7458754,RECEIVED,bfc168ad-bad0-48a3-be49-b8f71434a837,2ac7a702-c14b-4b18-b9a0-f9639eb7ca67,c5,DROP,442,x7,?,
1769088990.8449376,SENT,bf7ae0ae-cfe1-48e6-85cb-805f4274d6bd,084e0a5f-d0b1-495f-8f8a-029e2b6249f4,c4,c1,1020,?,x11,
1769088990.84498,FORWARDED,bf7ae0ae-cfe1-48e6-85cb-805f4274d6bd,084e0a5f-d0b1-495f-8f8a-029e2b6249f4,c4,c1,1020,?,x11,
1769088990.9682372,RECEIVED,047081ef-70b6-4c9d-91d7-ecd6239fc7a3,2c92bf95-ca47-4bf1-be9c-fb1edd35e345,c3,DROP,1005,e5,?,
1769088991.0985897,RECEIVED,c4643125-8aff-40f4-a82e-f388d6a226f5,034e12e3-0b07-4253-a00a-db8a15fd3311,c2,DROP,1012,e11,?,
1769088991.1820936,RECEIVED,05503be6-e7db-4ce1-83dd-094c6dcb57d4,02b288a8-e85c-43ee-a839-d8c0de80eece,c5,DROP,441,x5,?,
1769088991.4028628,RECEIVED,070048f9-f331-4702-b4a8-36e84ed41a89,fdd06902-2b02-442d-a47d-cda3b910d875,c2,DROP,1010,e6,?,
1769088991.4890335,SENT,070048f9-f331-4702-b4a8-36e84ed41a89,fdd06902-2b02-442d-a47d-cda3b910d875,c2,DROP,683,?,x8,
1769088991.4890966,FORWARDED,070048f9-f331-4702-b4a8-36e84ed41a89,fdd06902-2b02-442d-a47d-cda3b910d875,c2,DROP,683,?,x8,
1769088991.5478866,RECEIVED,5b86afbe-9400-41a1-876b-89227e14fc7e,203b51d7-739d-4b2d-bc3a-2ccb8fea63d6,c4,DROP,1012,e10,?,
1769088991.5531635,SENT,c4643125-8aff-40f4-a82e-f388d6a226f5,034e12e3-0b07-4253-a00a-db8a15fd3311,c2,DROP,687,?,x10,
1769088991.5532053,FORWARDED,c4643125-8aff-40f4-a82e-f388d6a226f5,034e12e3-0b07-4253-a00a-db8a15fd3311,c2,DROP,687,?,x10,
1769088991.6054227,SENT,047081ef-70b6-4c9d-91d7-ecd6239fc7a3,2c92bf95-ca47-4bf1-be9c-fb1edd35e345,c3,DROP,684,?,x6,
1769088991.6054618,FORWARDED,047081ef-70b6-4c9d-91d7-ecd6239fc7a3,2c92bf95-ca47-4bf1-be9c-fb1edd35e345,c3,DROP,684,?,x6,
1769088991.6653721,SENT,5b86afbe-9400-41a1-876b-89227e14fc7e,203b51d7-739d-4b2d-bc3a-2ccb8fea63d6,c4,DROP,687,?,x4,
1769088991.6654127,FORWARDED,5b86afbe-9400-41a1-876b-89227e14fc7e,203b51d7-739d-4b2d-bc3a-2ccb8fea63d6,c4,DROP,687,?,x4,
1769088991.845902,RECEIVED,83cf0d8f-6575-48ef-87cb-0473216e113d,75b1ba28-b58c-43a3-bc85-119d5104e424,c5,c4,1461,e10,?,
1769088991.8607414,RECEIVED,10f82b4d-c03e-4afd-af99-f82c1060aff8,fc64853b-e300-4a2e-a822-f1ee002c755a,c2,DROP,441,x11,?,
1769088991.9832625,RECEIVED,bb907428-dc9c-424c-b651-a7ee5a206f0a,1f6734ea-493a-4044-9c78-3e59cfb70328,c4,c1,1448,e6,?,
1769088992.1622336,RECEIVED,204b5af5-0833-475e-ac45-aa75dbaa303a,4d11ca71-35b9-45ce-9403-bf340a31cf71,c4,DROP,1020,e10,?,
1769088992.188159,RECEIVED,9d1ffe61-1505-46e3-be72-132546258b9a,89bf4ac7-f07a-47dd-be2f-d34eb28868a2,c1,DROP,1013,e10,?,
1769088992.19044,SENT,83cf0d8f-6575-48ef-87cb-0473216e113d,75b1ba28-b58c-43a3-bc85-119d5104e424,c5,c4,1023,?,x11,
1769088992.1904814,FORWARDED,83cf0d8f-6575-48ef-87cb-0473216e113d,75b1ba28-b58c-43a3-bc85-119d5104e424,c5,c4,1023,?,x11,
1769088992.2552938,SENT,bb907428-dc9c-424c-b651-a7ee5a206f0a,1f6734ea-493a-4044-9c78-3e59cfb70328,c4,c1,1012,?,x12,
1769088992.255334,FORWARDED,bb907428-dc9c-424c-b651-a7ee5a206f0a,1f6734ea-493a-4044-9c78-3e59cfb70328,c4,c1,1012,?,x12,
1769088992.2618635,RECEIVED,37846db7-5922-4af5-adf3-7d5348a7ca7b,d5dd97f4-d13a-4a3c-86c8-74941a28849c,c5,c4,1460,e7,?,
1769088992.311555,SENT,9d1ffe61-1505-46e3-be72-132546258b9a,89bf4ac7-f07a-47dd-be2f-d34eb28868a2,c1,DROP,687,?,x12,
1769088992.3115902,FORWARDED,9d1ffe61-1505-46e3-be72-132546258b9a,89bf4ac7-f07a-47dd-be2f-d34eb28868a2,c1,DROP,687,?,x12,
1769088992.3929515,RECEIVED,52d627f3-d099-4661-83ca-19c693db047a,f5fbc24e-e1a1-48ea-8a6e-bbfb2283eb28,c4,DROP,1011,e4,?,
1769088992.4155781,RECEIVED,a0652cc5-dce3-4c80-b160-3b477dc98cd0,27b482c5-c00c-43cb-9bf1-0830eb5b0838,c4,DROP,1016,e1,?,
1769088992.55794,SENT,68a8e6ed-7207-48e1-9552-fb631698d2cd,70f233a4-c0b7-4f7e-904e-4804813df568,c1,c3,1016,?,x10,
1769088992.5579822,FORWARDED,68a8e6ed-7207-48e1-9552-fb631698d2cd,70f233a4-c0b7-4f7e-904e-4804813df568,c1,c3,1016,?,x10,
1769088992.5818894,RECEIVED,b477f027-e20b-4605-a141-c2ad038bb812,87afae4c-5ad1-410f-b759-663ba4f82c6d,c4,c1,1443,e5,?,
1769088992.5862525,SENT,a0652cc5-dce3-4c80-b160-3b477dc98cd0,27b482c5-c00c-43cb-9bf1-0830eb5b0838,c4,DROP,689,?,x6,
1769088992.5862937,FORWARDED,a0652cc5-dce3-4c80-b160-3b477dc98cd0,27b482c5-c00c-43cb-9bf1-0830eb5b0838,c4,DROP,689,?,x6,
1769088992.5975714,RECEIVED,b7e3e0dc-6827-420f-a669-48e4cd9c2b29,36161274-ca5e-42b9-8a8a-36e8054bfa43,c5,c4,1452,e4,?,
1769088992.649872,SENT,37846db7-5922-4af5-adf3-7d5348a7ca7b,d5dd97f4-d13a-4a3c-86c8-74941a28849c,c5,c4,1023,?,x12,
1769088992.6499138,FORWARDED,37846db7-5922-4af5-adf3-7d5348a7ca7b,d5dd97f4-d13a-4a3c-86c8-74941a28849c,c5,c4,1023,?,x12,
1769088992.7433522,SENT,b7e3e0dc-6827-420f-a669-48e4cd9c2b29,36161274-ca5e-42b9-8a8a-36e8054bfa43,c5,c4,1015,?,x6,
1769088992.7433882,FORWARDED,b7e3e0dc-6827-420f-a669-48e4cd9c2b29,36161274-ca5e-42b9-8a8a-36e8054bfa43,c5,c4,1015,?,x6,
1769088992.758873,SENT,52d627f3-d099-4661-83ca-19c693db047a,f5fbc24e-e1a1-48ea-8a6e-bbfb2283eb28,c4,DROP,687,?,x10,
1769088992.7589133,FORWARDED,52d627f3-d099-4661-83ca-19c693db047a,f5fbc24e-e1a1-48ea-8a6e-bbfb2283eb28,c4,DROP,687,?,x10,
1769088992.9661849,RECEIVED,0242aa93-e115-4205-b940-0df3f6b055db,37fb4a1e-e037-4d6e-9268-152c7c1c8e26,c2,DROP,1017,e1,?,
1769088993.0608401,SENT,0242aa93-e115-4205-b940-0df3f6b055db,37fb4a1e-e037-4d6e-9268-152c7c1c8e26,c2,DROP,688,?,x3,
1769088993.0610118,FORWARDED,0242aa93-e115-4205-b940-0df3f6b055db,37fb4a1e-e037-4d6e-9268-152c7c1c8e26,c2,DROP,688,?,x3,
1769088993.0609684,RECEIVED,b143a5b5-dc10-4644-b149-fa548a6f7335,2907b3e0-958e-4f2c-8621-edbcf583a165,c4,DROP,1012,e5,?,
1769088993.1783795,RECEIVED,97e1c6a7-3058-446b-a08a-ece7730b3610,86f694cf-92dd-4ea4-9053-53343718c394,c3,DROP,1016,e5,?,
1769088993.1861567,SENT,b477f027-e20b-4605-a141-c2ad038bb812,87afae4c-5ad1-410f-b759-663ba4f82c6d,c4,c1,1011,?,x4,
1769088993.1861959,FORWARDED,b477f027-e20b-4605-a141-c2ad038bb812,87afae4c-5ad1-410f-b759-663ba4f82c6d,c4,c1,1011,?,x4,
1769088993.2250712,RECEIVED,c0b39e74-a3f4-47f0-8026-bfc46c430279,10ff1b9c-57a3-4a87-af10-87a621ea3362,c5,DROP,439,x2,?,
1769088993.2518988,SENT,204b5af5-0833-475e-ac45-aa75dbaa303a,4d11ca71-35b9-45ce-9403-bf340a31cf71,c4,DROP,693,?,x10,
1769088993.2519383,FORWARDED,204b5af5-0833-475e-ac45-aa75dbaa303a,4d11ca71-35b9-45ce-9403-bf340a31cf71,c4,DROP,693,?,x10,
1769088993.4042876,RECEIVED,03f30be8-5ee9-467d-98fb-27a3e0358330,30005908-e3bb-4a6b-a53a-9dbbcda7e368,c4,c1,1459,e5,?,
1769088993.4306457,SENT,b143a5b5-dc10-4644-b149-fa548a6f7335,2907b3e0-958e-4f2c-8621-edbcf583a165,c4,DROP,685,?,x12,
1769088993.4306824,FORWARDED,b143a5b5-dc10-4644-b149-fa548a6f7335,2907b3e0-958e-4f2c-8621-edbcf583a165,c4,DROP,685,?,x12,
1769088993.4425392,SENT,97e1c6a7-3058-446b-a08a-ece7730b3610,86f694cf-92dd-4ea4-9053-53343718c394,c3,DROP,688,?,x1,
1769088993.4425788,FORWARDED,97e1c6a7-3058-446b-a08a-ece7730b3610,86f694cf-92dd-4ea4-9053-53343718c394,c3,DROP,688,?,x1,
1769088993.5166178,RECEIVED,419c9b9b-64e4-4666-90d7-d62e9ba7332b,7e0d3098-9f6f-4789-9634-b4252e66c08b,c2,DROP,443,x11,?,
1769088993.7107184,RECEIVED,b696a63b-915e-4a83-9507-07ee43348841,74eb01e0-f60e-46af-a3f4-9a4e1591bdd1,c4,c1,1452,e7,?,
1769088993.9827669,RECEIVED,2a7a60f7-a277-449f-865f-810f2b90cf5d,a5bdaa12-1cda-491d-9ea3-134f0a0f7500,c5,c4,1457,e3,?,
1769088993.9951894,RECEIVED,e6877669-7086-4f3e-8e4f-ed3ffbef1855,2235f2d5-aa9c-4241-9b20-a6dd69555762,c3,DROP,444,x12,?,
1769088994.1707766,RECEIVED,b29d74ce-049f-4617-affb-366235714b02,c9b5ed15-9095-47dd-b8e3-de49d6b82957,c3,DROP,441,x4,?,
1769088994.2038884,SENT,b696a63b-915e-4a83-9507-07ee43348841,74eb01e0-f60e-46af-a3f4-9a4e1591bdd1,c4,c1,1016,?,x4,
1769088994.203928,FORWARDED,b696a63b-915e-4a83-9507-07ee43348841,74eb01e0-f60e-46af-a3f4-9a4e1591bdd1,c4,c1,1016,?,x4,
1769088994.2755032,RECEIVED,6974ebea-310e-43e2-991f-2f906503e8a4,59e52919-9132-4759-814c-ea12e4245ee2,c1,DROP,1012,e3,?,
1769088994.2826712,RECEIVED,3aa4a47c-725f-4eb9-b080-e4c7e2224ae9,4036b637-2825-483c-98f0-be2acf3e7d16,c3,c4,1451,e8,?,
1769088994.32985,RECEIVED,e206b07a-c266-404e-b9e8-7f4ec02f6228,9e090903-67b8-4bf6-b42d-9dbfa6e491dd,c4,c1,1444,e5,?,
1769088994.3377867,SENT,2a7a60f7-a277-449f-865f-810f2b90cf5d,a5bdaa12-1cda-491d-9ea3-134f0a0f7500,c5,c4,1019,?,x12,
1769088994.3378658,FORWARDED,2a7a60f7-a277-449f-865f-810f2b90cf5d,a5bdaa12-1cda-491d-9ea3-134f0a0f7500,c5,c4,1019,?,x12,
1769088994.4157524,SENT,3aa4a47c-725f-4eb9-b080-e4c7e2224ae9,4036b637-2825-483c-98f0-be2acf3e7d16,c3,c4,1015,?,x7,
1769088994.415793,FORWARDED,3aa4a47c-725f-4eb9-b080-e4c7e2224ae9,4036b637-2825-483c-98f0-be2acf3e7d16,c3,c4,1015,?,x7,
1769088994.44121,SENT,e206b07a-c266-404e-b9e8-7f4ec02f6228,9e090903-67b8-4bf6-b42d-9dbfa6e491dd,c4,c1,1011,?,x8,
1769088994.4412513,FORWARDED,e206b07a-c266-404e-b9e8-7f4ec02f6228,9e090903-67b8-4bf6-b42d-9dbfa6e491dd,c4,c1,1011,?,x8,
1769088994.4427512,RECEIVED,becab8e4-df9e-4c0b-9f49-8c118bcd798c,b80c03ac-8a01-46de-9e50-05eca55f2cb6,c2,c3,1443,e1,?,
1769088994.4525828,SENT,03f30be8-5ee9-467d-98fb-27a3e0358330,30005908-e3bb-4a6b-a53a-9dbbcda7e368,c4,c1,1023,?,x12,
1769088994.4526317,FORWARDED,03f30be8-5ee9-467d-98fb-27a3e0358330,30005908-e3bb-4a6b-a53a-9dbbcda7e368,c4,c1,1023,?,x12,
1769088994.554473,RECEIVED,80fe25c5-64aa-438d-ae07-dba04788bad6,8ce87138-e551-4380-b1eb-7ea1e4c50486,c2,DROP,442,x2,?,
1769088994.6033661,RECEIVED,4d328fff-6df5-49da-b1db-8fbe6a9187d8,a483ddff-719d-41e7-acd3-d09e1a49e400,c4,DROP,1007,e7,?,
1769088994.6458764,RECEIVED,4d9b0ff7-2980-49fd-9b2a-c94513f0a82f,7af7d1bd-0631-45cd-b5ab-1aab9e171cbf,c5,c4,1444,e10,?,
1769088994.8043594,RECEIVED,1ef5d83d-9544-4115-8ffe-837a4d6f42e1,49a23f71-b593-43d0-9fd4-bdb57a028513,c3,DROP,1008,e5,?,
1769088994.8583434,SENT,4d9b0ff7-2980-49fd-9b2a-c94513f0a82f,7af7d1bd-0631-45cd-b5ab-1aab9e171cbf,c5,c4,1011,?,x1,
1769088994.8583775,FORWARDED,4d9b0ff7-2980-49fd-9b2a-c94513f0a82f,7af7d1bd-0631-45cd-b5ab-1aab9e171cbf,c5,c4,1011,?,x1,
1769088994.997683,SENT,1ef5d83d-9544-4115-8ffe-837a4d6f42e1,49a23f71-b593-43d0-9fd4-bdb57a028513,c3,DROP,683,?,x1,
1769088994.9977233,FORWARDED,1ef5d83d-9544-4115-8ffe-837a4d6f42e1,49a23f71-b593-43d0-9fd4-bdb57a028513,c3,DROP,683,?,x1,
1769088995.0676057,SENT,becab8e4-df9e-4c0b-9f49-8c118bcd798c,b80c03ac-8a01-46de-9e50-05eca55f2cb6,c2,c3,1011,?,x1,
1769088995.0676458,FORWARDED,becab8e4-df9e-4c0b-9f49-8c118bcd798c,b80c03ac-8a01-46de-9e50-05eca55f2cb6,c2,c3,1011,?,x1,
1769088995.1075506,RECEIVED,84f372c7-fdde-4f88-afaa-8e76655b31c8,d7f101d2-f23e-49d4-9d56-e986bf14283d,c5,c4,1448,e2,?,
1769088995.1330612,SENT,4d328fff-6df5-49da-b1db-8fbe6a9187d8,a483ddff-719d-41e7-acd3-d09e1a49e400,c4,DROP,684,?,x4,
1769088995.1331007,FORWARDED,4d328fff-6df5-49da-b1db-8fbe6a9187d8,a483ddff-719d-41e7-acd3-d09e1a49e400,c4,DROP,684,?,x4,
1769088995.3619008,RECEIVED,4b733552-ce39-4284-9052-14e0bef56115,f4940d41-6def-4e75-ac96-f2ae65f2ce99,c4,DROP,442,x9,?,
1769088995.4826133,SENT,6974ebea-310e-43e2-991f-2f906503e8a4,59e52919-9132-4759-814c-ea12e4245ee2,c1,DROP,685,?,x10,
1769088995.4826548,FORWARDED,6974ebea-310e-43e2-991f-2f906503e8a4,59e52919-9132-4759-814c-ea12e4245ee2,c1,DROP,685,?,x10,
1769088995.581068,SENT,84f372c7-fdde-4f88-afaa-8e76655b31c8,d7f101d2-f23e-49d4-9d56-e986bf14283d,c5,c4,1012,?,x10,
1769088995.5811079,FORWARDED,84f372c7-fdde-4f88-afaa-8e76655b31c8,d7f101d2-f23e-49d4-9d56-e986bf14283d,c5,c4,1012,?,x10,
1769088995.8040154,RECEIVED,6718b393-7aef-4895-8a0c-e2a63a9dbf16,c4dbe707-5950-486c-8111-b0b64c041674,c3,DROP,1007,e1,?,
1769088996.62956,SENT,6718b393-7aef-4895-8a0c-e2a63a9dbf16,c4dbe707-5950-486c-8111-b0b64c041674,c3,DROP,683,?,x1,
1769088996.6296034,FORWARDED,6718b393-7aef-4895-8a0c-e2a63a9dbf16,c4dbe707-5950-486c-8111-b0b64c041674,c3,DROP,683,?,x1,
1769088996.8352718,RECEIVED,c8cf0357-aa49-48c8-bfc1-89b5ff98edb6,6b7a1427-855c-4f5d-87fc-71f6fa308a78,c3,c4,1451,e6,?,
1769088996.844637,RECEIVED,6fead1e2-a4e2-46b2-a0ab-c1b4d12ff536,1e215933-4109-4b77-9da4-8e549270a941,c3,DROP,1015,e6,?,
1769088997.224979,RECEIVED,61061884-b845-471b-a3da-07c3284e3121,00e7c215-302e-466d-b134-f1b8db768b66,c1,DROP,1007,e5,?,
1769088997.2620068,RECEIVED,1ec3d148-94f3-4465-ad79-9395b27b4720,30ec5b77-23fe-4f57-8546-68d49261d560,c1,DROP,1008,e9,?,
1769088997.5304096,RECEIVED,3c84695f-2a4f-47b6-9aa1-4cf581ccea23,a8ff17a4-7f47-47d5-8cb9-b6927518f34a,c1,DROP,1014,e1,?,
1769088997.6137605,SENT,6fead1e2-a4e2-46b2-a0ab-c1b4d12ff536,1e215933-4109-4b77-9da4-8e549270a941,c3,DROP,688,?,x9,
1769088997.6138015,FORWARDED,6fead1e2-a4e2-46b2-a0ab-c1b4d12ff536,1e215933-4109-4b77-9da4-8e549270a941,c3,DROP,688,?,x9,
1769088997.6448832,RECEIVED,eb1aeccc-6a9f-4b1f-8623-6c46d2c92e24,7eb3ada7-863f-49d7-9488-8b307c97abae,c2,DROP,1009,e9,?,
1769088997.7164109,SENT,eb1aeccc-6a9f-4b1f-8623-6c46d2c92e24,7eb3ada7-863f-49d7-9488-8b307c97abae,c2,DROP,684,?,x12,
1769088997.7164478,FORWARDED,eb1aeccc-6a9f-4b1f-8623-6c46d2c92e24,7eb3ada7-863f-49d7-9488-8b307c97abae,c2,DROP,684,?,x12,
1769088997.7982292,SENT,61061884-b845-471b-a3da-07c3284e3121,00e7c215-302e-466d-b134-f1b8db768b66,c1,DROP,683,?,x3,
1769088997.7982697,FORWARDED,61061884-b845-471b-a3da-07c3284e3121,00e7c215-302e-466d-b134-f1b8db768b66,c1,DROP,683,?,x3,
1769088997.8390994,SENT,1ec3d148-94f3-4465-ad79-9395b27b4720,30ec5b77-23fe-4f57-8546-68d49261d560,c1,DROP,684,?,x10,
1769088997.8391404,FORWARDED,1ec3d148-94f3-4465-ad79-9395b27b4720,30ec5b77-23fe-4f57-8546-68d49261d560,c1,DROP,684,?,x10,
1769088997.9201422,RECEIVED,aec699e9-8f0b-41f4-8708-801988fe80ae,55502763-d554-45cd-bf3a-4dd526b39864,c5,c4,1444,e5,?,
1769088997.9415014,RECEIVED,ce6492fb-9da7-4e9b-af2a-ae7824ae8d83,5ff9b707-b03b-4580-9a15-dff2a6bbad13,c5,c4,1456,e2,?,
1769088997.9694722,RECEIVED,d6bb0a9e-23de-424c-92bd-d339838e3a1b,69fe396d-6a86-4e6d-a8f0-1ee58f8cdddc,c2,c3,1448,e1,?,
1769088997.97391,RECEIVED,fb38bf5f-f228-4f0a-9283-36ba647585e8,2476f7a1-8365-42f4-9215-71e95fca3a6a,c1,DROP,1007,e7,?,
1769088998.0415382,SENT,d6bb0a9e-23de-424c-92bd-d339838e3a1b,69fe396d-6a86-4e6d-a8f0-1ee58f8cdddc,c2,c3,1012,?,x5,
1769088998.0415766,FORWARDED,d6bb0a9e-23de-424c-92bd-d339838e3a1b,69fe396d-6a86-4e6d-a8f0-1ee58f8cdddc,c2,c3,1012,?,x5,
1769088998.073593,SENT,aec699e9-8f0b-41f4-8708-801988fe80ae,55502763-d554-45cd-bf3a-4dd526b39864,c5,c4,1011,?,x9,
1769088998.0736315,FORWARDED,aec699e9-8f0b-41f4-8708-801988fe80ae,55502763-d554-45cd-bf3a-4dd526b39864,c5,c4,1011,?,x9,
1769088998.2874749,SENT,3c84695f-2a4f-47b6-9aa1-4cf581ccea23,a8ff17a4-7f47-47d5-8cb9-b6927518f34a,c1,DROP,689,?,x2,
1769088998.2875128,FORWARDED,3c84695f-2a4f-47b6-9aa1-4cf581ccea23,a8ff17a4-7f47-47d5-8cb9-b6927518f34a,c1,DROP,689,?,x2,
1769088998.332111,RECEIVED,20c3637d-fe95-4611-abea-8a2bab91d2b4,e86bf281-d1d4-4107-ab29-7f7966d5be81,c2,DROP,1012,e3,?,
1769088998.3479776,SENT,ce6492fb-9da7-4e9b-af2a-ae7824ae8d83,5ff9b707-b03b-4580-9a15-dff2a6bbad13,c5,c4,1019,?,x11,
1769088998.3480167,FORWARDED,ce6492fb-9da7-4e9b-af2a-ae7824ae8d83,5ff9b707-b03b-4580-9a15-dff2a6bbad13,c5,c4,1019,?,x11,
1769088998.369217,RECEIVED,7cc88757-52a1-4c35-913c-818fef3ca0ca,6161e43e-9028-41e7-b1cb-eb0fa63d45d8,c2,c3,1448,e2,?,
1769088998.3778374,SENT,20c3637d-fe95-4611-abea-8a2bab91d2b4,e86bf281-d1d4-4107-ab29-7f7966d5be81,c2,DROP,685,?,x9,
1769088998.3778787,FORWARDED,20c3637d-fe95-4611-abea-8a2bab91d2b4,e86bf281-d1d4-4107-ab29-7f7966d5be81,c2,DROP,685,?,x9,
1769088998.4786692,SENT,7cc88757-52a1-4c35-913c-818fef3ca0ca,6161e43e-9028-41e7-b1cb-eb0fa63d45d8,c2,c3,1012,?,x6,
1769088998.4787085,FORWARDED,7cc88757-52a1-4c35-913c-818fef3ca0ca,6161e43e-9028-41e7-b1cb-eb0fa63d45d8,c2,c3,1012,?,x6,
1769088998.5141337,SENT,c8cf0357-aa49-48c8-bfc1-89b5ff98edb6,6b7a1427-855c-4f5d-87fc-71f6fa308a78,c3,c4,1015,?,x3,
1769088998.514177,FORWARDED,c8cf0357-aa49-48c8-bfc1-89b5ff98edb6,6b7a1427-855c-4f5d-87fc-71f6fa308a78,c3,c4,1015,?,x3,
1769088998.534452,SENT,fb38bf5f-f228-4f0a-9283-36ba647585e8,2476f7a1-8365-42f4-9215-71e95fca3a6a,c1,DROP,684,?,x5,
1769088998.5344915,FORWARDED,fb38bf5f-f228-4f0a-9283-36ba647585e8,2476f7a1-8365-42f4-9215-71e95fca3a6a,c1,DROP,684,?,x5,
1769088998.6738977,RECEIVED,cc663f37-4935-48f7-a493-5927d4d4a579,c7bb0adf-063f-44e0-950d-5b3e18b566dc,c1,c3,1451,e2,?,
1769088998.6766884,RECEIVED,dee70d2f-afdd-4174-890e-221d65ec6cc8,544e2615-674e-463e-83fb-753378f354b4,c3,DROP,442,x12,?,
1769088998.8494585,RECEIVED,951c55b4-662b-44a6-90b3-a81aadb2feed,5cd10f11-1554-4177-9ad1-cc3b3f11ccea,c1,DROP,1009,e2,?,
1769088998.8854764,RECEIVED,553663a2-9da9-4a5c-a2d3-47e26175604c,62788513-507d-45f0-a7c1-82c49a5836fb,c5,DROP,1011,e2,?,
1769088999.0226645,RECEIVED,e41d3324-db9b-4a2a-a2e5-1f6a7274d0d1,a0cb40c7-8ec0-4538-bf15-5db208edf007,c4,DROP,1012,e5,?,
1769088999.0552886,RECEIVED,873fd583-b312-4f67-a654-b374ffeb3c78,bb9b60f4-c7b5-4729-8b8d-eeefdd15e04e,c2,c3,1462,e11,?,
1769088999.0642495,SENT,873fd583-b312-4f67-a654-b374ffeb3c78,bb9b60f4-c7b5-4729-8b8d-eeefdd15e04e,c2,c3,1023,?,x11,
1769088999.0642874,FORWARDED,873fd583-b312-4f67-a654-b374ffeb3c78,bb9b60f4-c7b5-4729-8b8d-eeefdd15e04e,c2,c3,1023,?,x11,
1769088999.1158469,RECEIVED,df165b52-7dbf-40da-bb56-a03da25fd59a,9493d411-44ec-4e4c-ac72-19ea77af0803,c5,c4,1445,e7,?,
1769088999.2472734,SENT,951c55b4-662b-44a6-90b3-a81aadb2feed,5cd10f11-1554-4177-9ad1-cc3b3f11ccea,c1,DROP,683,?,x11,
1769088999.2473228,FORWARDED,951c55b4-662b-44a6-90b3-a81aadb2feed,5cd10f11-1554-4177-9ad1-cc3b3f11ccea,c1,DROP,683,?,x11,
1769088999.256879,RECEIVED,c2192e82-1ff6-4d27-8357-b974a1eb9363,43665d0a-5e79-41f6-9b77-28aeaa909a3f,c4,DROP,1012,e9,?,
1769088999.3372552,SENT,e41d3324-db9b-4a2a-a2e5-1f6a7274d0d1,a0cb40c7-8ec0-4538-bf15-5db208edf007,c4,DROP,685,?,x12,
1769088999.3372903,FORWARDED,e41d3324-db9b-4a2a-a2e5-1f6a7274d0d1,a0cb40c7-8ec0-4538-bf15-5db208edf007,c4,DROP,685,?,x12,
1769088999.3523917,RECEIVED,91902fbb-a3d7-411a-a962-81a001f30584,7f4cfc9b-40ac-4bfb-89dc-66c45a25f2f0,c3,DROP,1002,e6,?,
1769088999.4888797,RECEIVED,f5708f0a-24c1-49c9-8994-b0344c635239,efea7686-24ef-4acd-a453-b6d7aac87806,c5,c4,1446,e9,?,
1769088999.554976,SENT,553663a2-9da9-4a5c-a2d3-47e26175604c,62788513-507d-45f0-a7c1-82c49a5836fb,c5,DROP,687,?,x5,
1769088999.5550177,FORWARDED,553663a2-9da9-4a5c-a2d3-47e26175604c,62788513-507d-45f0-a7c1-82c49a5836fb,c5,DROP,687,?,x5,
1769088999.638568,SENT,c2192e82-1ff6-4d27-8357-b974a1eb9363,43665d0a-5e79-41f6-9b77-28aeaa909a3f,c4,DROP,687,?,x5,
1769088999.6386082,FORWARDED,c2192e82-1ff6-4d27-8357-b974a1eb9363,43665d0a-5e79-41f6-9b77-28aeaa909a3f,c4,DROP,687,?,x5,
1769088999.9314091,SENT,91902fbb-a3d7-411a-a962-81a001f30584,7f4cfc9b-40ac-4bfb-89dc-66c45a25f2f0,c3,DROP,680,?,x3,
1769088999.9314456,FORWARDED,91902fbb-a3d7-411a-a962-81a001f30584,7f4cfc9b-40ac-4bfb-89dc-66c45a25f2f0,c3,DROP,680,?,x3,
1769089000.075384,RECEIVED,65e57968-43ca-47eb-9294-6fcd14a3206a,c1f317e5-5135-46ed-8d7f-fc20c875523e,c2,c3,1451,e7,?,
1769089000.0860088,RECEIVED,40df3cc2-486d-4e63-8fb6-664d38c7dc38,3a248a6d-b381-4f1b-bbb9-dcbbbd57db1d,c5,DROP,1009,e5,?,
1769089000.095002,RECEIVED,108c732f-7d6b-40a4-81a6-be338c4737c4,75a6cabd-5c39-4120-9820-9007ff7b6c16,c4,c1,1448,e3,?,
1769089000.2258542,SENT,108c732f-7d6b-40a4-81a6-be338c4737c4,75a6cabd-5c39-4120-9820-9007ff7b6c16,c4,c1,1012,?,x7,
1769089000.2258942,FORWARDED,108c732f-7d6b-40a4-81a6-be338c4737c4,75a6cabd-5c39-4120-9820-9007ff7b6c16,c4,c1,1012,?,x7,
1769089000.336264,SENT,f5708f0a-24c1-49c9-8994-b0344c635239,efea7686-24ef-4acd-a453-b6d7aac87806,c5,c4,1012,?,x7,
1769089000.3363047,FORWARDED,f5708f0a-24c1-49c9-8994-b0344c635239,efea7686-24ef-4acd-a453-b6d7aac87806,c5,c4,1012,?,x7,
1769089000.3681493,SENT,40df3cc2-486d-4e63-8fb6-664d38c7dc38,3a248a6d-b381-4f1b-bbb9-dcbbbd57db1d,c5,DROP,684,?,x11,
1769089000.3681912,FORWARDED,40df3cc2-486d-4e63-8fb6-664d38c7dc38,3a248a6d-b381-4f1b-bbb9-dcbbbd57db1d,c5,DROP,684,?,x11,
1769089000.474058,SENT,cc663f37-4935-48f7-a493-5927d4d4a579,c7bb0adf-063f-44e0-950d-5b3e18b566dc,c1,c3,1016,?,x10,
1769089000.4741032,FORWARDED,cc663f37-4935-48f7-a493-5927d4d4a579,c7bb0adf-063f-44e0-950d-5b3e18b566dc,c1,c3,1016,?,x10,
1769089000.5503495,RECEIVED,68dd6771-dfa6-4fd6-b4ca-a7b7686db092,bce4cb30-5a9f-423e-80cc-422ab2ae6542,c5,DROP,441,x5,?,
1769089000.5944436,SENT,df165b52-7dbf-40da-bb56-a03da25fd59a,9493d411-44ec-4e4c-ac72-19ea77af0803,c5,c4,1012,?,x6,
1769089000.5944846,FORWARDED,df165b52-7dbf-40da-bb56-a03da25fd59a,9493d411-44ec-4e4c-ac72-19ea77af0803,c5,c4,1012,?,x6,
1769089000.753244,RECEIVED,533e575f-2cf5-468e-90fe-78589241aefa,037f0239-90c9-4ddc-860c-8427b98e8efc,c5,c4,1444,e6,?,
1769089000.8821096,SENT,65e57968-43ca-47eb-9294-6fcd14a3206a,c1f317e5-5135-46ed-8d7f-fc20c875523e,c2,c3,1015,?,x5,
1769089000.8821483,FORWARDED,65e57968-43ca-47eb-9294-6fcd14a3206a,c1f317e5-5135-46ed-8d7f-fc20c875523e,c2,c3,1015,?,x5,
1769089000.9275131,RECEIVED,64330204-7ac2-4190-bfdf-7ccb39e1e631,1e690dd2-3213-4a48-917d-06ecbc53f59f,c5,DROP,1015,e2,?,
1769089000.9300978,SENT,533e575f-2cf5-468e-90fe-78589241aefa,037f0239-90c9-4ddc-860c-8427b98e8efc,c5,c4,1011,?,x11,
1769089000.930138,FORWARDED,533e575f-2cf5-468e-90fe-78589241aefa,037f0239-90c9-4ddc-860c-8427b98e8efc,c5,c4,1011,?,x11,
1769089001.2213392,SENT,64330204-7ac2-4190-bfdf-7ccb39e1e631,1e690dd2-3213-4a48-917d-06ecbc53f59f,c5,DROP,688,?,x9,
1769089001.2213814,FORWARDED,64330204-7ac2-4190-bfdf-7ccb39e1e631,1e690dd2-3213-4a48-917d-06ecbc53f59f,c5,DROP,688,?,x9,
1769089001.4694586,RECEIVED,340d2a00-2026-4f2c-b008-61944d2f8d78,7b46c9a8-f44b-4330-86ee-5be9883864ac,c4,c1,1455,e11,?,
1769089001.9435527,RECEIVED,9c008314-3b9b-4e71-a05d-b34d592c1239,ef67bcd6-6d29-45eb-aef4-f764b86a2583,c1,c3,1444,e10,?,
1769089001.9487708,RECEIVED,5640e048-c81b-497e-80e6-f866398d1606,d9d3294d-176e-4f50-9c44-181673ebccc5,c5,c4,1443,e10,?,
1769089002.0854387,SENT,9c008314-3b9b-4e71-a05d-b34d592c1239,ef67bcd6-6d29-45eb-aef4-f764b86a2583,c1,c3,1011,?,x2,
1769089002.08548,FORWARDED,9c008314-3b9b-4e71-a05d-b34d592c1239,ef67bcd6-6d29-45eb-aef4-f764b86a2583,c1,c3,1011,?,x2,
1769089002.2395883,SENT,340d2a00-2026-4f2c-b008-61944d2f8d78,7b46c9a8-f44b-4330-86ee-5be9883864ac,c4,c1,1020,?,x3,
1769089002.239629,FORWARDED,340d2a00-2026-4f2c-b008-61944d2f8d78,7b46c9a8-f44b-4330-86ee-5be9883864ac,c4,c1,1020,?,x3,
1769089002.5084822,RECEIVED,5a738a3d-c4bf-423c-8fa4-ca5bfd95d2ad,fd782d90-3933-4397-9982-d10a7a6eac25,c5,c4,1443,e7,?,
1769089002.725459,SENT,5640e048-c81b-497e-80e6-f866398d1606,d9d3294d-176e-4f50-9c44-181673ebccc5,c5,c4,1011,?,x4,
1769089002.725499,FORWARDED,5640e048-c81b-497e-80e6-f866398d1606,d9d3294d-176e-4f50-9c44-181673ebccc5,c5,c4,1011,?,x4,
1769089002.7779517,RECEIVED,5e747a65-4290-4bfa-9128-dde071f1f048,0905d2d3-7209-4cdd-870f-d56b87729f9a,c5,DROP,1016,e6,?,
1769089002.9473982,RECEIVED,d8d6670d-b180-4863-9b74-7735503b53b9,3a910f6b-7b7b-4d4b-ae54-add9f8cf4d1a,c3,c4,1451,e12,?,
1769089002.955745,RECEIVED,dffc91de-83bc-411a-8af4-fa418ca41352,5123ae3a-3543-4d69-9ee9-9ae11b5cf277,c4,DROP,1011,e8,?,
1769089003.0064108,SENT,5a738a3d-c4bf-423c-8fa4-ca5bfd95d2ad,fd782d90-3933-4397-9982-d10a7a6eac25,c5,c4,1010,?,x9,
1769089003.0064433,FORWARDED,5a738a3d-c4bf-423c-8fa4-ca5bfd95d2ad,fd782d90-3933-4397-9982-d10a7a6eac25,c5,c4,1010,?,x9,
1769089003.219396,RECEIVED,061fcacb-ca0b-4209-90ca-a71881e87c19,2794b8d8-e1e2-498b-a3f5-1f961aaf0f08,c2,c3,1460,e12,?,
1769089003.2384686,RECEIVED,b3d84cf0-877f-421b-b796-b5ec84f6c3d0,3b0b2e46-1a11-4797-8eae-cd320ec37f93,c1,c3,1447,e7,?,
1769089003.338161,SENT,5e747a65-4290-4bfa-9128-dde071f1f048,0905d2d3-7209-4cdd-870f-d56b87729f9a,c5,DROP,688,?,x11,
1769089003.3382013,FORWARDED,5e747a65-4290-4bfa-9128-dde071f1f048,0905d2d3-7209-4cdd-870f-d56b87729f9a,c5,DROP,688,?,x11,
1769089003.5375578,SENT,061fcacb-ca0b-4209-90ca-a71881e87c19,2794b8d8-e1e2-498b-a3f5-1f961aaf0f08,c2,c3,1023,?,x4,
1769089003.5376,FORWARDED,061fcacb-ca0b-4209-90ca-a71881e87c19,2794b8d8-e1e2-498b-a3f5-1f961aaf0f08,c2,c3,1023,?,x4,
1769089003.6914175,SENT,dffc91de-83bc-411a-8af4-fa418ca41352,5123ae3a-3543-4d69-9ee9-9ae11b5cf277,c4,DROP,685,?,x3,
1769089003.6914592,FORWARDED,dffc91de-83bc-411a-8af4-fa418ca41352,5123ae3a-3543-4d69-9ee9-9ae11b5cf277,c4,DROP,685,?,x3,
1769089003.7234292,RECEIVED,940cd6ec-da68-4d9a-b2ee-c07e1af6f885,2e794dcd-6e1f-44aa-819e-c2fa4aad9d4e,c4,DROP,1008,e4,?,
1769089003.7328646,SENT,b3d84cf0-877f-421b-b796-b5ec84f6c3d0,3b0b2e46-1a11-4797-8eae-cd320ec37f93,c1,c3,1012,?,x5,
1769089003.7329037,FORWARDED,b3d84cf0-877f-421b-b796-b5ec84f6c3d0,3b0b2e46-1a11-4797-8eae-cd320ec37f93,c1,c3,1012,?,x5,
1769089003.8631346,SENT,d8d6670d-b180-4863-9b74-7735503b53b9,3a910f6b-7b7b-4d4b-ae54-add9f8cf4d1a,c3,c4,1016,?,x10,
1769089003.8631773,FORWARDED,d8d6670d-b180-4863-9b74-7735503b53b9,3a910f6b-7b7b-4d4b-ae54-add9f8cf4d1a,c3,c4,1016,?,x10,
1769089003.8649695,RECEIVED,adf54a61-955f-41e8-bc55-367915b2771e,79e47ea8-6390-4bb3-8f9c-54160bf31591,c4,c1,1443,e10,?,
1769089003.9318833,SENT,940cd6ec-da68-4d9a-b2ee-c07e1af6f885,2e794dcd-6e1f-44aa-819e-c2fa4aad9d4e,c4,DROP,683,?,x9,
1769089003.9319227,FORWARDED,940cd6ec-da68-4d9a-b2ee-c07e1af6f885,2e794dcd-6e1f-44aa-819e-c2fa4aad9d4e,c4,DROP,683,?,x9,
1769089003.969446,RECEIVED,f00886f0-6538-4793-9aeb-29e20f82c5c8,5f168369-313f-4025-970c-db43ec086faf,c3,c4,1465,e2,?,
1769089004.1119695,SENT,f00886f0-6538-4793-9aeb-29e20f82c5c8,5f168369-313f-4025-970c-db43ec086faf,c3,c4,1024,?,x11,
1769089004.1120052,FORWARDED,f00886f0-6538-4793-9aeb-29e20f82c5c8,5f168369-313f-4025-970c-db43ec086faf,c3,c4,1024,?,x11,
1769089004.2208896,RECEIVED,7b168e8b-fcda-4cd8-8653-c67d69c76c55,b61de5bf-c402-4cb6-8977-45df6dc59dd0,c5,c4,1451,e3,?,
1769089004.4045527,RECEIVED,2f35323d-22cc-4e13-ac69-599dcc316050,8370b7dc-c4cd-4cc8-bded-0c6329255b3e,c4,c1,1444,e7,?,
1769089004.4481425,RECEIVED,2ae7f292-0c83-424d-b9ce-9aea15f8dca5,5b422983-cb79-4ffa-aefc-acebaedd7e18,c4,DROP,1012,e2,?,
1769089004.4987042,SENT,2f35323d-22cc-4e13-ac69-599dcc316050,8370b7dc-c4cd-4cc8-bded-0c6329255b3e,c4,c1,1011,?,x4,
1769089004.4987438,FORWARDED,2f35323d-22cc-4e13-ac69-599dcc316050,8370b7dc-c4cd-4cc8-bded-0c6329255b3e,c4,c1,1011,?,x4,
1769089004.5426133,SENT,7b168e8b-fcda-4cd8-8653-c67d69c76c55,b61de5bf-c402-4cb6-8977-45df6dc59dd0,c5,c4,1016,?,x3,
1769089004.542652,FORWARDED,7b168e8b-fcda-4cd8-8653-c67d69c76c55,b61de5bf-c402-4cb6-8977-45df6dc59dd0,c5,c4,1016,?,x3,
1769089004.5864375,SENT,2ae7f292-0c83-424d-b9ce-9aea15f8dca5,5b422983-cb79-4ffa-aefc-acebaedd7e18,c4,DROP,685,?,x5,
1769089004.5864787,FORWARDED,2ae7f292-0c83-424d-b9ce-9aea15f8dca5,5b422983-cb79-4ffa-aefc-acebaedd7e18,c4,DROP,685,?,x5,
1769089004.7883687,SENT,adf54a61-955f-41e8-bc55-367915b2771e,79e47ea8-6390-4bb3-8f9c-54160bf31591,c4,c1,1011,?,x7,
1769089004.7884097,FORWARDED,adf54a61-955f-41e8-bc55-367915b2771e,79e47ea8-6390-4bb3-8f9c-54160bf31591,c4,c1,1011,?,x7,
1769089004.8808603,RECEIVED,2a0d132c-b0f9-482e-bd88-ce18ec699d0e,2dc4fa20-5810-406d-a0b8-211723bb2f25,c4,c1,1453,e7,?,
1769089005.1538477,SENT,2a0d132c-b0f9-482e-bd88-ce18ec699d0e,2dc4fa20-5810-406d-a0b8-211723bb2f25,c4,c1,1015,?,x10,
1769089005.1538882,FORWARDED,2a0d132c-b0f9-482e-bd88-ce18ec699d0e,2dc4fa20-5810-406d-a0b8-211723bb2f25,c4,c1,1015,?,x10,
1769089005.314592,RECEIVED,27e494e0-e1de-47b5-b1df-ca570b290221,5dceb6d3-994e-4d28-9fa3-aa84e5daa25d,c3,c4,1442,e5,?,
1769089005.9997718,SENT,27e494e0-e1de-47b5-b1df-ca570b290221,5dceb6d3-994e-4d28-9fa3-aa84e5daa25d,c3,c4,1011,?,x8,
1769089005.9998133,FORWARDED,27e494e0-e1de-47b5-b1df-ca570b290221,5dceb6d3-994e-4d28-9fa3-aa84e5daa25d,c3,c4,1011,?,x8,
1769089006.3049,RECEIVED,1e83c487-a944-49d4-b481-c6b006c0d37a,d43f18a9-75c2-4bec-b6cf-96c050f3ea06,c3,DROP,440,x11,?,
1769089006.736166,RECEIVED,2ee6674c-6a27-4fb2-922b-4813a1467f67,5ab6bb5f-c8a0-46df-a7fe-0a7c7f1c1fb0,c5,DROP,1013,e7,?,
1769089006.7367194,RECEIVED,c24e17b3-c293-4332-aa7a-8150a347ec0e,ea8c4407-4dc5-4a70-92a3-e52b3912b1ac,c3,c4,1452,e12,?,
1769089006.861619,SENT,c24e17b3-c293-4332-aa7a-8150a347ec0e,ea8c4407-4dc5-4a70-92a3-e52b3912b1ac,c3,c4,1015,?,x4,
1769089006.8616571,FORWARDED,c24e17b3-c293-4332-aa7a-8150a347ec0e,ea8c4407-4dc5-4a70-92a3-e52b3912b1ac,c3,c4,1015,?,x4,
1769089006.8686738,SENT,2ee6674c-6a27-4fb2-922b-4813a1467f67,5ab6bb5f-c8a0-46df-a7fe-0a7c7f1c1fb0,c5,DROP,687,?,x12,
1769089006.8687088,FORWARDED,2ee6674c-6a27-4fb2-922b-4813a1467f67,5ab6bb5f-c8a0-46df-a7fe-0a7c7f1c1fb0,c5,DROP,687,?,x12,
1769089006.9086823,RECEIVED,15e564ed-cf7d-4867-b7f1-aa150748aba7,235c5b8d-5e17-4caf-abe6-35ed372b3a88,c5,c4,1456,e7,?,
1769089007.0076993,RECEIVED,75c6417b-82ed-46ad-bfc4-dbb1ea4a6eaa,c83e96a3-7e21-4af3-9c9a-e20c37b2ef33,c3,c4,1448,e8,?,
1769089007.0756328,RECEIVED,87c464fc-b932-43a8-97bb-9f464cd810be,b6e2ad22-8812-4c5d-a384-6f03c1051fe1,c3,DROP,1006,e7,?,
1769089007.1432102,SENT,15e564ed-cf7d-4867-b7f1-aa150748aba7,235c5b8d-5e17-4caf-abe6-35ed372b3a88,c5,c4,1019,?,x3,
1769089007.1432505,FORWARDED,15e564ed-cf7d-4867-b7f1-aa150748aba7,235c5b8d-5e17-4caf-abe6-35ed372b3a88,c5,c4,1019,?,x3,
1769089007.2602923,RECEIVED,e1359758-448c-4312-81b1-023b798df57e,57a383e6-985f-4f38-a41e-8a0c4f71ef53,c4,c1,1452,e8,?,
1769089007.2803981,RECEIVED,53b5b286-3fea-4c34-8658-5f330889d8a6,f0afaafb-9203-4fc4-96c5-7fd1fc2a33cd,c5,DROP,441,x5,?,
1769089007.4978805,SENT,75c6417b-82ed-46ad-bfc4-dbb1ea4a6eaa,c83e96a3-7e21-4af3-9c9a-e20c37b2ef33,c3,c4,1014,?,x11,
1769089007.49792,FORWARDED,75c6417b-82ed-46ad-bfc4-dbb1ea4a6eaa,c83e96a3-7e21-4af3-9c9a-e20c37b2ef33,c3,c4,1014,?,x11,
1769089007.5127711,SENT,e1359758-448c-4312-81b1-023b798df57e,57a383e6-985f-4f38-a41e-8a0c4f71ef53,c4,c1,1016,?,x3,
1769089007.5128336,FORWARDED,e1359758-448c-4312-81b1-023b798df57e,57a383e6-985f-4f38-a41e-8a0c4f71ef53,c4,c1,1016,?,x3,
1769089007.7509723,RECEIVED,0c93de4d-1fc1-40a1-98aa-77f43d0ce916,30d8075b-590a-42b3-ad6a-0ac37af1faa9,c5,DROP,439,x5,?,
1769089007.906225,RECEIVED,0110f089-4d02-4a80-91aa-aff6f2e6a9c9,0ec2c1cd-18fd-44ec-b36d-24bd8b682ae5,c5,DROP,442,x6,?,
1769089008.0139623,RECEIVED,99cbeef7-5b76-4403-9ae9-0ecbbae042dc,c4f1f4d6-8084-4a96-ae9e-26faef9e5f9d,c3,c4,1460,e10,?,
1769089008.2577534,SENT,87c464fc-b932-43a8-97bb-9f464cd810be,b6e2ad22-8812-4c5d-a384-6f03c1051fe1,c3,DROP,683,?,x3,
1769089008.2577913,FORWARDED,87c464fc-b932-43a8-97bb-9f464cd810be,b6e2ad22-8812-4c5d-a384-6f03c1051fe1,c3,DROP,683,?,x3,
1769089008.338825,RECEIVED,f00bcecd-b7a9-4030-a6e0-40aa3d8b5726,8593f601-97df-4578-afde-ec11bea5990c,c4,DROP,1008,e2,?,
1769089008.3564837,SENT,99cbeef7-5b76-4403-9ae9-0ecbbae042dc,c4f1f4d6-8084-4a96-ae9e-26faef9e5f9d,c3,c4,1023,?,x10,
1769089008.3565238,FORWARDED,99cbeef7-5b76-4403-9ae9-0ecbbae042dc,c4f1f4d6-8084-4a96-ae9e-26faef9e5f9d,c3,c4,1023,?,x10,
1769089008.60186,SENT,f00bcecd-b7a9-4030-a6e0-40aa3d8b5726,8593f601-97df-4578-afde-ec11bea5990c,c4,DROP,683,?,x11,
1769089008.601902,FORWARDED,f00bcecd-b7a9-4030-a6e0-40aa3d8b5726,8593f601-97df-4578-afde-ec11bea5990c,c4,DROP,683,?,x11,
1769089008.834988,RECEIVED,4ba2f35c-337c-4912-aee9-6098ce3f8acb,c9861262-ea47-465f-ab9b-b5848049cb18,c5,c4,1449,e2,?,
1769089009.1853476,SENT,4ba2f35c-337c-4912-aee9-6098ce3f8acb,c9861262-ea47-465f-ab9b-b5848049cb18,c5,c4,1012,?,x10,
1769089009.185451,FORWARDED,4ba2f35c-337c-4912-aee9-6098ce3f8acb,c9861262-ea47-465f-ab9b-b5848049cb18,c5,c4,1012,?,x10,
1769089009.3641975,RECEIVED,76f145aa-6696-4b46-a137-976d0bba95ce,02af899d-3bcc-4e88-9e53-b4d1b48126a8,c1,DROP,1017,e10,?,
1769089009.396702,RECEIVED,a77323c5-b316-4c16-b753-ba44f9897d81,34163e92-87b4-4eec-85d0-d70ad61b10f6,c3,c4,1457,e1,?,
1769089009.4409416,SENT,a77323c5-b316-4c16-b753-ba44f9897d81,34163e92-87b4-4eec-85d0-d70ad61b10f6,c3,c4,1020,?,x12,
1769089009.4409835,FORWARDED,a77323c5-b316-4c16-b753-ba44f9897d81,34163e92-87b4-4eec-85d0-d70ad61b10f6,c3,c4,1020,?,x12,
1769089009.4432166,SENT,76f145aa-6696-4b46-a137-976d0bba95ce,02af899d-3bcc-4e88-9e53-b4d1b48126a8,c1,DROP,688,?,x10,
1769089009.4432583,FORWARDED,76f145aa-6696-4b46-a137-976d0bba95ce,02af899d-3bcc-4e88-9e53-b4d1b48126a8,c1,DROP,688,?,x10,
1769089009.489789,RECEIVED,49c26758-f782-4ef1-9948-04a08c024e27,fd7bdde6-0598-4995-8155-f01738f0b0c4,c5,c4,1455,e1,?,
1769089009.7083576,SENT,49c26758-f782-4ef1-9948-04a08c024e27,fd7bdde6-0598-4995-8155-f01738f0b0c4,c5,c4,1020,?,x3,
1769089009.7083964,FORWARDED,49c26758-f782-4ef1-9948-04a08c024e27,fd7bdde6-0598-4995-8155-f01738f0b0c4,c5,c4,1020,?,x3,
1769089009.7371163,RECEIVED,e4e0b767-14be-4d8f-91c0-76e21da57e75,fdcdde76-6717-404a-ad77-9a6f89d5b709,c2,DROP,1003,e3,?,
1769089009.8405635,RECEIVED,d243006f-e266-4817-bbf7-bd821ec0aaf7,9a7f3936-8f1a-44b4-a614-e4602ed3ba95,c1,DROP,1012,e2,?,
1769089009.8424087,RECEIVED,d8b39d12-8026-4a52-99dd-69510354afb2,30716bbe-c7a1-47d4-8c75-a9b3067f2a42,c2,DROP,1008,e6,?,
1769089009.942525,SENT,d243006f-e266-4817-bbf7-bd821ec0aaf7,9a7f3936-8f1a-44b4-a614-e4602ed3ba95,c1,DROP,686,?,x4,
1769089009.9425573,FORWARDED,d243006f-e266-4817-bbf7-bd821ec0aaf7,9a7f3936-8f1a-44b4-a614-e4602ed3ba95,c1,DROP,686,?,x4,
1769089009.9587975,SENT,d8b39d12-8026-4a52-99dd-69510354afb2,30716bbe-c7a1-47d4-8c75-a9b3067f2a42,c2,DROP,684,?,x9,
1769089009.958841,FORWARDED,d8b39d12-8026-4a52-99dd-69510354afb2,30716bbe-c7a1-47d4-8c75-a9b3067f2a42,c2,DROP,684,?,x9,
1769089009.9897099,SENT,e4e0b767-14be-4d8f-91c0-76e21da57e75,fdcdde76-6717-404a-ad77-9a6f89d5b709,c2,DROP,680,?,x3,
1769089009.9897523,FORWARDED,e4e0b767-14be-4d8f-91c0-76e21da57e75,fdcdde76-6717-404a-ad77-9a6f89d5b709,c2,DROP,680,?,x3,
1769089010.0403652,RECEIVED,69f08553-b528-42e5-9b4b-c117b1cab584,161ce34a-1b45-42ba-82c1-a8d890534e35,c5,c4,1465,e8,?,
1769089010.400457,SENT,69f08553-b528-42e5-9b4b-c117b1cab584,161ce34a-1b45-42ba-82c1-a8d890534e35,c5,c4,1024,?,x10,
1769089010.4004974,FORWARDED,69f08553-b528-42e5-9b4b-c117b1cab584,161ce34a-1b45-42ba-82c1-a8d890534e35,c5,c4,1024,?,x10,
1769089010.437487,RECEIVED,59003794-0d9b-4d58-8870-f440302ce3b7,90e3529d-b37c-4ae1-8e92-ece19e083307,c1,c3,1448,e8,?,
1769089010.4807107,RECEIVED,64f2ffb6-2131-4002-8be6-72f548451234,499deb32-097e-4435-b54a-94f79481dd97,c3,DROP,437,x5,?,
1769089010.5632048,RECEIVED,210dbaea-3aed-4239-bd99-15430b0cd8ad,c620b0e3-b999-4dc2-ace5-4f3024a62a28,c2,c3,1447,e5,?,
1769089010.6297069,SENT,59003794-0d9b-4d58-8870-f440302ce3b7,90e3529d-b37c-4ae1-8e92-ece19e083307,c1,c3,1014,?,x1,
1769089010.62975,FORWARDED,59003794-0d9b-4d58-8870-f440302ce3b7,90e3529d-b37c-4ae1-8e92-ece19e083307,c1,c3,1014,?,x1,
1769089010.9828246,RECEIVED,322c88df-9dfe-4940-a38d-0506050017d4,a84e9302-a851-4850-a915-21f7cf35b58f,c5,c4,1454,e8,?,
1769089011.0048907,SENT,210dbaea-3aed-4239-bd99-15430b0cd8ad,c620b0e3-b999-4dc2-ace5-4f3024a62a28,c2,c3,1012,?,x10,
1769089011.0049322,FORWARDED,210dbaea-3aed-4239-bd99-15430b0cd8ad,c620b0e3-b999-4dc2-ace5-4f3024a62a28,c2,c3,1012,?,x10,
1769089011.1256645,RECEIVED,320b06bc-6189-402d-a8d6-124c8b4fa4c6,e547e0ba-eb38-493a-9e9a-bb99947784ec,c1,DROP,1008,e8,?,
1769089011.2153308,RECEIVED,c9d23a3a-353d-409c-a578-ee917a7d7db2,f0dc6982-4e6c-4cc7-a06a-55c873d2ab14,c1,c3,1448,e5,?,
1769089011.2291174,RECEIVED,d2baf0c5-a96f-416d-a967-02d15218645a,eeea6132-acb5-4be9-b559-0399bfd9546c,c5,DROP,1011,e2,?,
1769089011.2593825,SENT,320b06bc-6189-402d-a8d6-124c8b4fa4c6,e547e0ba-eb38-493a-9e9a-bb99947784ec,c1,DROP,684,?,x5,
1769089011.2594216,FORWARDED,320b06bc-6189-402d-a8d6-124c8b4fa4c6,e547e0ba-eb38-493a-9e9a-bb99947784ec,c1,DROP,684,?,x5,
1769089011.4911242,RECEIVED,a6db044b-3a4b-4409-aa48-c04d6272a103,91177b45-753e-4b67-a57e-6b7841dc230a,c4,DROP,1007,e11,?,
1769089011.5493603,SENT,c9d23a3a-353d-409c-a578-ee917a7d7db2,f0dc6982-4e6c-4cc7-a06a-55c873d2ab14,c1,c3,1012,?,x6,
1769089011.549395,FORWARDED,c9d23a3a-353d-409c-a578-ee917a7d7db2,f0dc6982-4e6c-4cc7-a06a-55c873d2ab14,c1,c3,1012,?,x6,
1769089011.7723467,SENT,d2baf0c5-a96f-416d-a967-02d15218645a,eeea6132-acb5-4be9-b559-0399bfd9546c,c5,DROP,687,?,x2,
1769089011.772386,FORWARDED,d2baf0c5-a96f-416d-a967-02d15218645a,eeea6132-acb5-4be9-b559-0399bfd9546c,c5,DROP,687,?,x2,
1769089011.8329616,RECEIVED,69358e48-4dd4-4d36-8165-669223fe5ed7,5c24e67e-efbf-4dff-8d67-1bd18e02d9e9,c5,DROP,1020,e4,?,
1769089011.8399582,RECEIVED,48ad9196-f326-46f6-af3d-0c959948deab,8b06ff9d-17ec-4b85-a613-c973ddb5081d,c5,DROP,441,x2,?,
1769089011.8484344,RECEIVED,5d17664c-2a45-40a1-bd88-90211491dc32,45616ec9-75a2-4e61-8b13-abdd303fb6d1,c5,DROP,441,x10,?,
1769089011.9157453,SENT,322c88df-9dfe-4940-a38d-0506050017d4,a84e9302-a851-4850-a915-21f7cf35b58f,c5,c4,1019,?,x7,
1769089011.9157865,FORWARDED,322c88df-9dfe-4940-a38d-0506050017d4,a84e9302-a851-4850-a915-21f7cf35b58f,c5,c4,1019,?,x7,
1769089012.0814953,RECEIVED,8c7a3f2b-6794-42ae-8a33-b0c8ae4cbd91,0fb86a8c-c275-46ac-89f3-0cf4f2320915,c3,c4,1451,e9,?,
1769089012.1672628,SENT,69358e48-4dd4-4d36-8165-669223fe5ed7,5c24e67e-efbf-4dff-8d67-1bd18e02d9e9,c5,DROP,693,?,x12,
1769089012.1673014,FORWARDED,69358e48-4dd4-4d36-8165-669223fe5ed7,5c24e67e-efbf-4dff-8d67-1bd18e02d9e9,c5,DROP,693,?,x12,
1769089012.301448,SENT,a6db044b-3a4b-4409-aa48-c04d6272a103,91177b45-753e-4b67-a57e-6b7841dc230a,c4,DROP,683,?,x5,
1769089012.30149,FORWARDED,a6db044b-3a4b-4409-aa48-c04d6272a103,91177b45-753e-4b67-a57e-6b7841dc230a,c4,DROP,683,?,x5,
1769089012.3273506,RECEIVED,5d8bebd4-a160-4f09-a916-4041444c5127,c65f2d97-8ce3-43e6-b601-7e5619ab625d,c5,DROP,1025,e11,?,
1769089012.3469486,RECEIVED,ff802b24-1c3b-4bbb-9e5a-7574f079fcc0,30f7b3e7-13c0-4ded-b0a6-0e45d1cdbb00,c2,DROP,1007,e5,?,
1769089012.4825113,SENT,5d8bebd4-a160-4f09-a916-4041444c5127,c65f2d97-8ce3-43e6-b601-7e5619ab625d,c5,DROP,694,?,x11,
1769089012.482552,FORWARDED,5d8bebd4-a160-4f09-a916-4041444c5127,c65f2d97-8ce3-43e6-b601-7e5619ab625d,c5,DROP,694,?,x11,
1769089012.7615802,SENT,ff802b24-1c3b-4bbb-9e5a-7574f079fcc0,30f7b3e7-13c0-4ded-b0a6-0e45d1cdbb00,c2,DROP,684,?,x3,
1769089012.7616205,FORWARDED,ff802b24-1c3b-4bbb-9e5a-7574f079fcc0,30f7b3e7-13c0-4ded-b0a6-0e45d1cdbb00,c2,DROP,684,?,x3,
1769089012.7735531,RECEIVED,7e3efee5-8a73-4ba7-8f8a-df99517bf61a,dccd0445-e52e-48a8-ac42-321c7a081c68,c5,DROP,1016,e11,?,
1769089012.861569,SENT,8c7a3f2b-6794-42ae-8a33-b0c8ae4cbd91,0fb86a8c-c275-46ac-89f3-0cf4f2320915,c3,c4,1016,?,x6,
1769089012.8616202,FORWARDED,8c7a3f2b-6794-42ae-8a33-b0c8ae4cbd91,0fb86a8c-c275-46ac-89f3-0cf4f2320915,c3,c4,1016,?,x6,
1769089012.8813431,RECEIVED,ec293cac-897e-44e5-be5d-329431954373,ec5fb9ea-a2f7-4d70-8ae5-c9d3c813d71c,c3,c4,1447,e8,?,
1769089013.09295,RECEIVED,70fda577-a0cd-49a5-8aef-dba51fb46907,c1cf6441-0b4e-4925-92a1-379fab67d4a6,c5,c4,1451,e2,?,
1769089013.1428504,RECEIVED,c7219f27-a800-46cf-aa3d-c6eae1abb7f8,7a5bc1cc-56f2-4af8-8fdc-48587dd81757,c4,DROP,446,x2,?,
1769089013.225307,SENT,7e3efee5-8a73-4ba7-8f8a-df99517bf61a,dccd0445-e52e-48a8-ac42-321c7a081c68,c5,DROP,688,?,x7,
1769089013.225347,FORWARDED,7e3efee5-8a73-4ba7-8f8a-df99517bf61a,dccd0445-e52e-48a8-ac42-321c7a081c68,c5,DROP,688,?,x7,
1769089013.3739383,SENT,70fda577-a0cd-49a5-8aef-dba51fb46907,c1cf6441-0b4e-4925-92a1-379fab67d4a6,c5,c4,1016,?,x4,
1769089013.3739834,FORWARDED,70fda577-a0cd-49a5-8aef-dba51fb46907,c1cf6441-0b4e-4925-92a1-379fab67d4a6,c5,c4,1016,?,x4,
1769089013.3752902,RECEIVED,b640f930-98ae-4060-a3eb-1cc9a56de6ea,1ca7a57c-d8c7-48a8-9062-b46a481a1cb4,c4,c1,1452,e5,?,
1769089013.3856113,SENT,ec293cac-897e-44e5-be5d-329431954373,ec5fb9ea-a2f7-4d70-8ae5-c9d3c813d71c,c3,c4,1012,?,x2,
1769089013.3856528,FORWARDED,ec293cac-897e-44e5-be5d-329431954373,ec5fb9ea-a2f7-4d70-8ae5-c9d3c813d71c,c3,c4,1012,?,x2,
1769089013.4081616,RECEIVED,6e459698-3342-4273-b7bd-31698c1e2945,5c288be5-bcd2-491b-800b-d7187d010639,c4,c1,1452,e3,?,
1769089013.4082623,RECEIVED,bc2509ad-3109-4184-bc8c-16aeb84e771c,5eac4fc7-702e-41f9-82d1-d92f755b075f,c2,DROP,1006,e4,?,
1769089013.428082,SENT,b640f930-98ae-4060-a3eb-1cc9a56de6ea,1ca7a57c-d8c7-48a8-9062-b46a481a1cb4,c4,c1,1016,?,x9,
1769089013.428124,FORWARDED,b640f930-98ae-4060-a3eb-1cc9a56de6ea,1ca7a57c-d8c7-48a8-9062-b46a481a1cb4,c4,c1,1016,?,x9,
1769089013.5836709,SENT,6e459698-3342-4273-b7bd-31698c1e2945,5c288be5-bcd2-491b-800b-d7187d010639,c4,c1,1016,?,x6,
1769089013.5837073,FORWARDED,6e459698-3342-4273-b7bd-31698c1e2945,5c288be5-bcd2-491b-800b-d7187d010639,c4,c1,1016,?,x6,
1769089014.346037,RECEIVED,a4c6db74-d1f1-4cc6-a8c6-0bbaba111708,b3a937f0-1764-47bf-98e9-3dac5763fdfe,c5,c4,1443,e4,?,
1769089014.3978024,RECEIVED,da5d89d1-eff9-4a93-be60-df8335eba7bf,96c4fb20-d268-44b0-b49f-e6011a486656,c2,c3,1443,e7,?,
1769089014.4861233,SENT,bc2509ad-3109-4184-bc8c-16aeb84e771c,5eac4fc7-702e-41f9-82d1-d92f755b075f,c2,DROP,682,?,x3,
1769089014.4861667,FORWARDED,bc2509ad-3109-4184-bc8c-16aeb84e771c,5eac4fc7-702e-41f9-82d1-d92f755b075f,c2,DROP,682,?,x3,
1769089014.486252,RECEIVED,2b5f3dc6-cec9-443d-8bc8-0477c5e5a76b,518d0429-a2a9-4072-b9f8-5eb3567be7c9,c2,DROP,1011,e1,?,
1769089014.8452802,RECEIVED,fb034361-b2a7-449a-a9e4-1bae01ea2ab4,0356025a-b781-43c7-964b-6c5bd9ec3cd9,c1,DROP,1008,e2,?,
1769089014.9171348,SENT,da5d89d1-eff9-4a93-be60-df8335eba7bf,96c4fb20-d268-44b0-b49f-e6011a486656,c2,c3,1011,?,x7,
1769089014.9171753,FORWARDED,da5d89d1-eff9-4a93-be60-df8335eba7bf,96c4fb20-d268-44b0-b49f-e6011a486656,c2,c3,1011,?,x7,
1769089014.9627411,RECEIVED,122c1217-7d9d-4804-b7a8-cf1bf03a0494,1a0a0195-b2d7-48ce-ab1b-5e5f6e3d2429,c3,DROP,441,x4,?,
1769089014.9903033,SENT,a4c6db74-d1f1-4cc6-a8c6-0bbaba111708,b3a937f0-1764-47bf-98e9-3dac5763fdfe,c5,c4,1011,?,x6,
1769089014.9903424,FORWARDED,a4c6db74-d1f1-4cc6-a8c6-0bbaba111708,b3a937f0-1764-47bf-98e9-3dac5763fdfe,c5,c4,1011,?,x6,
1769089015.0466175,SENT,2b5f3dc6-cec9-443d-8bc8-0477c5e5a76b,518d0429-a2a9-4072-b9f8-5eb3567be7c9,c2,DROP,685,?,x3,
1769089015.046656,FORWARDED,2b5f3dc6-cec9-443d-8bc8-0477c5e5a76b,518d0429-a2a9-4072-b9f8-5eb3567be7c9,c2,DROP,685,?,x3,
1769089015.2093701,RECEIVED,780693fb-73ee-4363-a497-d751e42dca3b,2a2ab1d3-9b70-4b17-89d8-40126fa7b58a,c2,DROP,1011,e11,?,
1769089015.2171535,SENT,fb034361-b2a7-449a-a9e4-1bae01ea2ab4,0356025a-b781-43c7-964b-6c5bd9ec3cd9,c1,DROP,684,?,x9,
1769089015.217195,FORWARDED,fb034361-b2a7-449a-a9e4-1bae01ea2ab4,0356025a-b781-43c7-964b-6c5bd9ec3cd9,c1,DROP,684,?,x9,
1769089015.5206716,RECEIVED,8c64fe93-9ea6-4ae1-870a-88d2ec9ffdfd,acd066df-0cb9-4410-910d-ea78f840dd60,c1,DROP,441,x6,?,
1769089015.5807717,RECEIVED,fc4c558e-1fd9-4105-8595-2a55edf81664,87d5cbc2-a5ea-4c92-a04f-9c294084f75b,c1,DROP,1016,e6,?,
1769089015.809465,SENT,780693fb-73ee-4363-a497-d751e42dca3b,2a2ab1d3-9b70-4b17-89d8-40126fa7b58a,c2,DROP,685,?,x4,
1769089015.8095043,FORWARDED,780693fb-73ee-4363-a497-d751e42dca3b,2a2ab1d3-9b70-4b17-89d8-40126fa7b58a,c2,DROP,685,?,x4,
1769089016.0340025,RECEIVED,2c4cdffb-f37f-4ff1-b27b-96ae068cf300,f0a0f760-9bd5-452d-9df2-db2a445c4946,c3,DROP,1007,e12,?,
1769089016.0515018,RECEIVED,f8ddcbf5-3b6a-4956-9a8d-2a11271a7e2c,6703fd00-d818-4d18-92da-0a851999ca55,c1,DROP,1016,e8,?,
1769089016.1038408,RECEIVED,70217ca4-1125-4871-b218-f0bdc833986e,1d98474f-0ee3-4e59-b1f5-b0c8924d502e,c2,DROP,1020,e11,?,
1769089016.112525,SENT,2c4cdffb-f37f-4ff1-b27b-96ae068cf300,f0a0f760-9bd5-452d-9df2-db2a445c4946,c3,DROP,684,?,x8,
1769089016.1125636,FORWARDED,2c4cdffb-f37f-4ff1-b27b-96ae068cf300,f0a0f760-9bd5-452d-9df2-db2a445c4946,c3,DROP,684,?,x8,
1769089016.158991,RECEIVED,91efd77e-1dbe-4620-a771-cd16f40b594b,f9f0b2f2-6fe3-4e3b-929a-9e038b0d1c59,c2,c3,1452,e6,?,
1769089016.3623917,SENT,f8ddcbf5-3b6a-4956-9a8d-2a11271a7e2c,6703fd00-d818-4d18-92da-0a851999ca55,c1,DROP,689,?,x3,
1769089016.3624318,FORWARDED,f8ddcbf5-3b6a-4956-9a8d-2a11271a7e2c,6703fd00-d818-4d18-92da-0a851999ca55,c1,DROP,689,?,x3,
1769089016.3686485,RECEIVED,7718c40d-cb60-405e-b686-6cd74ae247c4,27ae5231-edef-4013-82b2-77d945746834,c1,c3,1443,e4,?,
1769089016.5241363,SENT,70217ca4-1125-4871-b218-f0bdc833986e,1d98474f-0ee3-4e59-b1f5-b0c8924d502e,c2,DROP,692,?,x9,
1769089016.5241756,FORWARDED,70217ca4-1125-4871-b218-f0bdc833986e,1d98474f-0ee3-4e59-b1f5-b0c8924d502e,c2,DROP,692,?,x9,
1769089016.620686,SENT,91efd77e-1dbe-4620-a771-cd16f40b594b,f9f0b2f2-6fe3-4e3b-929a-9e038b0d1c59,c2,c3,1015,?,x11,
1769089016.6207275,FORWARDED,91efd77e-1dbe-4620-a771-cd16f40b594b,f9f0b2f2-6fe3-4e3b-929a-9e038b0d1c59,c2,c3,1015,?,x11,
1769089016.6855848,RECEIVED,f54692d2-d43f-4d31-8097-2179d77b0eab,cf08a038-0fbd-45e0-a727-6d16054deffc,c4,DROP,1013,e10,?,
1769089016.7253625,SENT,f54692d2-d43f-4d31-8097-2179d77b0eab,cf08a038-0fbd-45e0-a727-6d16054deffc,c4,DROP,685,?,x3,
1769089016.7254035,FORWARDED,f54692d2-d43f-4d31-8097-2179d77b0eab,cf08a038-0fbd-45e0-a727-6d16054deffc,c4,DROP,685,?,x3,
1769089016.9074838,RECEIVED,4ca9bd73-928b-4e97-b8c1-8208abd7d445,41551a75-307b-45e8-913c-cf1ccf65593d,c5,DROP,1007,e1,?,
1769089017.1551516,RECEIVED,d5a5cdea-20b7-4ff6-9a14-805d52e881b0,c300e813-73d9-4535-86b9-95ff27baafd2,c2,c3,1448,e9,?,
1769089017.216544,SENT,7718c40d-cb60-405e-b686-6cd74ae247c4,27ae5231-edef-4013-82b2-77d945746834,c1,c3,1011,?,x1,
1769089017.2165842,FORWARDED,7718c40d-cb60-405e-b686-6cd74ae247c4,27ae5231-edef-4013-82b2-77d945746834,c1,c3,1011,?,x1,
1769089017.274411,SENT,fc4c558e-1fd9-4105-8595-2a55edf81664,87d5cbc2-a5ea-4c92-a04f-9c294084f75b,c1,DROP,690,?,x10,
1769089017.2744515,FORWARDED,fc4c558e-1fd9-4105-8595-2a55edf81664,87d5cbc2-a5ea-4c92-a04f-9c294084f75b,c1,DROP,690,?,x10,
1769089017.567706,RECEIVED,b59fdf71-cf7f-43ce-8091-2585ea7b3ff7,ec565c28-9042-4306-887d-9987a38ab590,c4,c1,1445,e6,?,
1769089017.585127,SENT,b59fdf71-cf7f-43ce-8091-2585ea7b3ff7,ec565c28-9042-4306-887d-9987a38ab590,c4,c1,1011,?,x2,
1769089017.5851607,FORWARDED,b59fdf71-cf7f-43ce-8091-2585ea7b3ff7,ec565c28-9042-4306-887d-9987a38ab590,c4,c1,1011,?,x2,
1769089017.6174457,SENT,d5a5cdea-20b7-4ff6-9a14-805d52e881b0,c300e813-73d9-4535-86b9-95ff27baafd2,c2,c3,1012,?,x3,
1769089017.6174905,FORWARDED,d5a5cdea-20b7-4ff6-9a14-805d52e881b0,c300e813-73d9-4535-86b9-95ff27baafd2,c2,c3,1012,?,x3,
1769089017.713277,SENT,4ca9bd73-928b-4e97-b8c1-8208abd7d445,41551a75-307b-45e8-913c-cf1ccf65593d,c5,DROP,684,?,x1,
1769089017.7133157,FORWARDED,4ca9bd73-928b-4e97-b8c1-8208abd7d445,41551a75-307b-45e8-913c-cf1ccf65593d,c5,DROP,684,?,x1,
1769089017.7661912,RECEIVED,4397d620-865e-4f5c-bd2c-233eb834b015,aa5884bc-da2b-4bae-a4da-0ab4f5793bc2,c1,DROP,1007,e12,?,
1769089018.3245547,SENT,4397d620-865e-4f5c-bd2c-233eb834b015,aa5884bc-da2b-4bae-a4da-0ab4f5793bc2,c1,DROP,684,?,x9,
1769089018.3245945,FORWARDED,4397d620-865e-4f5c-bd2c-233eb834b015,aa5884bc-da2b-4bae-a4da-0ab4f5793bc2,c1,DROP,684,?,x9,
1769089018.5009422,RECEIVED,7cd5daa2-efda-4a56-81bf-3261ba71fd72,387731b8-e3a6-4d7b-ab9a-814dc7bc366a,c1,c3,1448,e11,?,
1769089018.5200174,RECEIVED,e951632b-81a3-4c0b-ad75-b0f4ad052a4e,c0855d29-cd1c-46eb-a883-89d8ddf2b392,c4,DROP,1011,e4,?,
1769089018.6327782,RECEIVED,8f34b484-d7eb-41c7-b4cf-4fe2069a8eb8,22d1c3c2-9992-4cf1-98a0-62e1a82e2201,c1,DROP,1006,e1,?,
1769089018.6444328,SENT,e951632b-81a3-4c0b-ad75-b0f4ad052a4e,c0855d29-cd1c-46eb-a883-89d8ddf2b392,c4,DROP,687,?,x6,
1769089018.6444724,FORWARDED,e951632b-81a3-4c0b-ad75-b0f4ad052a4e,c0855d29-cd1c-46eb-a883-89d8ddf2b392,c4,DROP,687,?,x6,
1769089018.863631,RECEIVED,be9d8490-efd6-4a24-b9a4-477ce3fa458b,81b5ba85-ee35-4426-8cf6-6188bb3bd7df,c5,DROP,1006,e5,?,
1769089019.1537974,RECEIVED,797859b2-1922-4612-9565-9303de02acdf,42bdb0f6-04aa-4f58-bb14-b66d49da867c,c1,c3,1444,e7,?,
1769089019.287885,SENT,797859b2-1922-4612-9565-9303de02acdf,42bdb0f6-04aa-4f58-bb14-b66d49da867c,c1,c3,1010,?,x8,
1769089019.2879205,FORWARDED,797859b2-1922-4612-9565-9303de02acdf,42bdb0f6-04aa-4f58-bb14-b66d49da867c,c1,c3,1010,?,x8,
1769089019.64125,SENT,7cd5daa2-efda-4a56-81bf-3261ba71fd72,387731b8-e3a6-4d7b-ab9a-814dc7bc366a,c1,c3,1013,?,x11,
1769089019.6412895,FORWARDED,7cd5daa2-efda-4a56-81bf-3261ba71fd72,387731b8-e3a6-4d7b-ab9a-814dc7bc366a,c1,c3,1013,?,x11,
1769089019.767263,SENT,8f34b484-d7eb-41c7-b4cf-4fe2069a8eb8,22d1c3c2-9992-4cf1-98a0-62e1a82e2201,c1,DROP,683,?,x4,
1769089019.7673035,FORWARDED,8f34b484-d7eb-41c7-b4cf-4fe2069a8eb8,22d1c3c2-9992-4cf1-98a0-62e1a82e2201,c1,DROP,683,?,x4,
1769089019.8133545,RECEIVED,f42bca24-0fdd-411f-bf18-29863579f6b2,6e918d90-575f-4c8f-b939-663eba137aa1,c1,DROP,1011,e7,?,
1769089019.8834746,SENT,be9d8490-efd6-4a24-b9a4-477ce3fa458b,81b5ba85-ee35-4426-8cf6-6188bb3bd7df,c5,DROP,683,?,x5,
1769089019.8835177,FORWARDED,be9d8490-efd6-4a24-b9a4-477ce3fa458b,81b5ba85-ee35-4426-8cf6-6188bb3bd7df,c5,DROP,683,?,x5,
1769089020.1500025,RECEIVED,6f1b335a-b330-472e-b6ec-59f0cd2b6cf5,0f596f71-3076-4603-9c00-b57ca14fbf46,c4,c1,1444,e7,?,
1769089020.3056815,SENT,6f1b335a-b330-472e-b6ec-59f0cd2b6cf5,0f596f71-3076-4603-9c00-b57ca14fbf46,c4,c1,1011,?,x2,
1769089020.3057241,FORWARDED,6f1b335a-b330-472e-b6ec-59f0cd2b6cf5,0f596f71-3076-4603-9c00-b57ca14fbf46,c4,c1,1011,?,x2,
1769089020.5519521,RECEIVED,c140a3aa-fdec-47d9-8b2b-b2fe3bc36d57,2cad251f-fbd5-47ef-93e7-73de739989f2,c1,c3,1456,e7,?,
1769089020.6937106,SENT,f42bca24-0fdd-411f-bf18-29863579f6b2,6e918d90-575f-4c8f-b939-663eba137aa1,c1,DROP,685,?,x2,
1769089020.6937513,FORWARDED,f42bca24-0fdd-411f-bf18-29863579f6b2,6e918d90-575f-4c8f-b939-663eba137aa1,c1,DROP,685,?,x2,
1769089020.880635,SENT,c140a3aa-fdec-47d9-8b2b-b2fe3bc36d57,2cad251f-fbd5-47ef-93e7-73de739989f2,c1,c3,1019,?,x12,
1769089020.8806777,FORWARDED,c140a3aa-fdec-47d9-8b2b-b2fe3bc36d57,2cad251f-fbd5-47ef-93e7-73de739989f2,c1,c3,1019,?,x12,
1769089021.1226647,RECEIVED,431cfd7d-a0e6-4954-957b-501346297a33,bad2d7ca-d6e2-45e0-bdb4-62e5da3eb3f4,c4,DROP,1015,e2,?,
1769089021.1741002,RECEIVED,9b69eaf0-35c4-41b5-8ebe-d2bb2e6550c7,3640c5cf-a063-44b4-8bac-68072baf49f6,c2,c3,1442,e9,?,
1769089021.1998167,RECEIVED,0cfb64b6-ea5f-49b8-bd89-689872aab58c,66a51ac7-34b8-4b93-891d-e20b8a093682,c4,DROP,442,x7,?,
1769089021.4338148,RECEIVED,77fa724c-b483-43b4-8eae-ebd8b83036c3,28f38b7f-787c-4b9b-b88d-5bc3bd238f2d,c4,c1,1445,e2,?,
1769089021.5811267,SENT,77fa724c-b483-43b4-8eae-ebd8b83036c3,28f38b7f-787c-4b9b-b88d-5bc3bd238f2d,c4,c1,1011,?,x10,
1769089021.5811691,FORWARDED,77fa724c-b483-43b4-8eae-ebd8b83036c3,28f38b7f-787c-4b9b-b88d-5bc3bd238f2d,c4,c1,1011,?,x10,
1769089021.6317105,RECEIVED,fca8df41-6f9f-4691-bd01-24b84f913b76,ca99ad67-f058-425b-bb82-f673ce3836d3,c3,c4,1455,e3,?,
1769089021.8025513,SENT,431cfd7d-a0e6-4954-957b-501346297a33,bad2d7ca-d6e2-45e0-bdb4-62e5da3eb3f4,c4,DROP,688,?,x6,
1769089021.8025992,FORWARDED,431cfd7d-a0e6-4954-957b-501346297a33,bad2d7ca-d6e2-45e0-bdb4-62e5da3eb3f4,c4,DROP,688,?,x6,
1769089021.815027,RECEIVED,2d6a3c15-5813-4c2f-9f99-6fa39621e8a4,6b224515-7b09-49a5-b10d-edb10e2a5876,c2,DROP,1011,e4,?,
1769089021.8255768,RECEIVED,991f568f-bf18-454b-abcf-51cd2d455cbb,b4d33012-f8c6-4bc0-b86b-e6daef46f797,c2,c3,1448,e1,?,
1769089021.9074388,RECEIVED,66f3aa54-13f7-41e4-9bbc-83f892ebd619,e590d7f8-8c50-493e-bf24-2b690b2b1aa0,c3,c4,1450,e5,?,
1769089021.936279,RECEIVED,827e4113-47eb-43ae-8eab-fa8badd549d0,0af6cd48-f92a-4a69-9e3c-ef73f900c97a,c5,c4,1451,e9,?,
1769089022.1728094,SENT,fca8df41-6f9f-4691-bd01-24b84f913b76,ca99ad67-f058-425b-bb82-f673ce3836d3,c3,c4,1019,?,x6,
1769089022.1728504,FORWARDED,fca8df41-6f9f-4691-bd01-24b84f913b76,ca99ad67-f058-425b-bb82-f673ce3836d3,c3,c4,1019,?,x6,
1769089022.2163067,SENT,2d6a3c15-5813-4c2f-9f99-6fa39621e8a4,6b224515-7b09-49a5-b10d-edb10e2a5876,c2,DROP,687,?,x6,
1769089022.2163496,FORWARDED,2d6a3c15-5813-4c2f-9f99-6fa39621e8a4,6b224515-7b09-49a5-b10d-edb10e2a5876,c2,DROP,687,?,x6,
1769089022.3301978,SENT,991f568f-bf18-454b-abcf-51cd2d455cbb,b4d33012-f8c6-4bc0-b86b-e6daef46f797,c2,c3,1014,?,x10,
1769089022.3302374,FORWARDED,991f568f-bf18-454b-abcf-51cd2d455cbb,b4d33012-f8c6-4bc0-b86b-e6daef46f797,c2,c3,1014,?,x10,
1769089022.592855,SENT,827e4113-47eb-43ae-8eab-fa8badd549d0,0af6cd48-f92a-4a69-9e3c-ef73f900c97a,c5,c4,1017,?,x1,
1769089022.5928931,FORWARDED,827e4113-47eb-43ae-8eab-fa8badd549d0,0af6cd48-f92a-4a69-9e3c-ef73f900c97a,c5,c4,1017,?,x1,
1769089022.7584867,RECEIVED,371001a6-c17f-40ba-9303-74680424bde2,00e4d9cb-4796-405e-b2f4-d0bfeeb821e2,c2,DROP,1004,e9,?,
1769089022.8181345,RECEIVED,3793aaf0-b623-4afc-9ebb-9f77657f0399,93f9b74d-f865-494e-a249-841ec0fcea1f,c4,c1,1457,e10,?,
1769089022.8288045,RECEIVED,c0566c2e-91cb-4da0-a484-5cb0769c6601,f8082ea5-b242-4a80-84b3-eec0afd1dcbb,c4,DROP,1007,e10,?,
1769089022.8429346,SENT,371001a6-c17f-40ba-9303-74680424bde2,00e4d9cb-4796-405e-b2f4-d0bfeeb821e2,c2,DROP,680,?,x5,
1769089022.8429742,FORWARDED,371001a6-c17f-40ba-9303-74680424bde2,00e4d9cb-4796-405e-b2f4-d0bfeeb821e2,c2,DROP,680,?,x5,
1769089022.8735342,RECEIVED,9c1967b6-5775-4302-92ee-2a11e6d65a55,0de28f9f-92d2-4d10-8585-605a16a89c6e,c3,DROP,1008,e3,?,
1769089022.9314709,SENT,3793aaf0-b623-4afc-9ebb-9f77657f0399,93f9b74d-f865-494e-a249-841ec0fcea1f,c4,c1,1020,?,x10,
1769089022.9315119,FORWARDED,3793aaf0-b623-4afc-9ebb-9f77657f0399,93f9b74d-f865-494e-a249-841ec0fcea1f,c4,c1,1020,?,x10,
1769089022.9326353,RECEIVED,8ee59aa6-84da-4d01-91ad-0f4daa4e39da,f6eddbcb-b50d-46fa-bb6d-df887a3579c6,c2,c3,1452,e3,?,
1769089023.2081552,RECEIVED,d241f266-31c3-4ffa-a250-6adfe7939dd0,06f74e23-4cd4-4781-886a-544d04ea2746,c2,c3,1460,e12,?,
1769089023.2509735,RECEIVED,9a687400-44aa-4572-84df-b3702a70ceb9,a22ca95b-2f0b-4155-a013-5d82735e4ab3,c3,c4,1459,e10,?,
1769089023.2932293,SENT,8ee59aa6-84da-4d01-91ad-0f4daa4e39da,f6eddbcb-b50d-46fa-bb6d-df887a3579c6,c2,c3,1015,?,x5,
1769089023.29327,FORWARDED,8ee59aa6-84da-4d01-91ad-0f4daa4e39da,f6eddbcb-b50d-46fa-bb6d-df887a3579c6,c2,c3,1015,?,x5,
1769089023.3428898,RECEIVED,93d2aae4-0228-4880-8ddf-00dd286afe67,62a58b85-65c9-4bcd-b4da-2a2035ddd9d4,c5,DROP,1008,e6,?,
1769089023.4916315,SENT,9b69eaf0-35c4-41b5-8ebe-d2bb2e6550c7,3640c5cf-a063-44b4-8bac-68072baf49f6,c2,c3,1010,?,x11,
1769089023.4916728,FORWARDED,9b69eaf0-35c4-41b5-8ebe-d2bb2e6550c7,3640c5cf-a063-44b4-8bac-68072baf49f6,c2,c3,1010,?,x11,
1769089023.501108,RECEIVED,f22949da-0945-47f2-868c-dc2ad058366e,2086a81f-4c9e-4c67-8113-bfd81b7606ec,c1,DROP,1012,e7,?,
1769089023.5938334,SENT,f22949da-0945-47f2-868c-dc2ad058366e,2086a81f-4c9e-4c67-8113-bfd81b7606ec,c1,DROP,687,?,x3,
1769089023.5938735,FORWARDED,f22949da-0945-47f2-868c-dc2ad058366e,2086a81f-4c9e-4c67-8113-bfd81b7606ec,c1,DROP,687,?,x3,
1769089023.745874,RECEIVED,a64c82d2-033b-435f-b81b-9e44d549884d,5b1e9bfc-dcaa-4e2a-bba2-8e893f14454b,c3,DROP,442,x12,?,
1769089023.7632678,RECEIVED,377e8d73-5977-4e24-bd0a-ec803c8a2da3,c0de62d6-1d78-438b-9703-f6d6860a52a5,c3,DROP,441,x11,?,
1769089023.8037274,SENT,9c1967b6-5775-4302-92ee-2a11e6d65a55,0de28f9f-92d2-4d10-8585-605a16a89c6e,c3,DROP,683,?,x10,
1769089023.803768,FORWARDED,9c1967b6-5775-4302-92ee-2a11e6d65a55,0de28f9f-92d2-4d10-8585-605a16a89c6e,c3,DROP,683,?,x10,
1769089023.81689,SENT,d241f266-31c3-4ffa-a250-6adfe7939dd0,06f74e23-4cd4-4781-886a-544d04ea2746,c2,c3,1022,?,x10,
1769089023.8169382,FORWARDED,d241f266-31c3-4ffa-a250-6adfe7939dd0,06f74e23-4cd4-4781-886a-544d04ea2746,c2,c3,1022,?,x10,
1769089023.856603,RECEIVED,41053021-170f-47eb-aee8-3226446f298b,a2e95a19-105f-413a-816e-28bc2bb1f3ce,c3,DROP,1007,e8,?,
1769089023.874077,SENT,c0566c2e-91cb-4da0-a484-5cb0769c6601,f8082ea5-b242-4a80-84b3-eec0afd1dcbb,c4,DROP,683,?,x4,
1769089023.8741183,FORWARDED,c0566c2e-91cb-4da0-a484-5cb0769c6601,f8082ea5-b242-4a80-84b3-eec0afd1dcbb,c4,DROP,683,?,x4,
1769089023.8943436,RECEIVED,de584ea1-cd85-431b-8156-654239e1818d,848d438a-3db7-484d-8b0a-c087dcefdad5,c5,DROP,442,x1,?,
1769089023.9904096,SENT,9a687400-44aa-4572-84df-b3702a70ceb9,a22ca95b-2f0b-4155-a013-5d82735e4ab3,c3,c4,1023,?,x3,
1769089023.9904501,FORWARDED,9a687400-44aa-4572-84df-b3702a70ceb9,a22ca95b-2f0b-4155-a013-5d82735e4ab3,c3,c4,1023,?,x3,
1769089024.2721193,RECEIVED,8630606e-e89c-4451-8d42-f69cebe542a8,e8e365e4-19de-4a72-b6e9-97f31b3de41c,c1,DROP,1008,e12,?,
1769089024.3167176,RECEIVED,4216b5d9-363a-43d8-9cf1-15f86972a27e,9c5fbbfc-a12c-4f5d-9496-e18e0b2e0043,c5,c4,1455,e5,?,
1769089024.5732467,SENT,8630606e-e89c-4451-8d42-f69cebe542a8,e8e365e4-19de-4a72-b6e9-97f31b3de41c,c1,DROP,683,?,x12,
1769089024.573288,FORWARDED,8630606e-e89c-4451-8d42-f69cebe542a8,e8e365e4-19de-4a72-b6e9-97f31b3de41c,c1,DROP,683,?,x12,
1769089024.7506957,SENT,93d2aae4-0228-4880-8ddf-00dd286afe67,62a58b85-65c9-4bcd-b4da-2a2035ddd9d4,c5,DROP,683,?,x10,
1769089024.750738,FORWARDED,93d2aae4-0228-4880-8ddf-00dd286afe67,62a58b85-65c9-4bcd-b4da-2a2035ddd9d4,c5,DROP,683,?,x10,
1769089024.7581792,SENT,4216b5d9-363a-43d8-9cf1-15f86972a27e,9c5fbbfc-a12c-4f5d-9496-e18e0b2e0043,c5,c4,1019,?,x4,
1769089024.758222,FORWARDED,4216b5d9-363a-43d8-9cf1-15f86972a27e,9c5fbbfc-a12c-4f5d-9496-e18e0b2e0043,c5,c4,1019,?,x4,
1769089024.8158422,SENT,41053021-170f-47eb-aee8-3226446f298b,a2e95a19-105f-413a-816e-28bc2bb1f3ce,c3,DROP,683,?,x8,
1769089024.8158839,FORWARDED,41053021-170f-47eb-aee8-3226446f298b,a2e95a19-105f-413a-816e-28bc2bb1f3ce,c3,DROP,683,?,x8,
1769089024.9795673,RECEIVED,2361950a-995a-4d4d-9450-7faa731b0a2f,776f28d0-3c99-4309-8ce4-5fd67aaaab3d,c2,c3,1463,e12,?,
1769089025.0475826,RECEIVED,576bd0e2-91a2-403c-9405-c630c72fdd00,be47fe0a-641a-4c76-962b-e9eb17f85f65,c1,c3,1448,e8,?,
1769089025.0842943,RECEIVED,71be1bd6-c27b-4ac6-be7e-0a258a3f645e,505fbcd4-854a-4466-9dc6-7b74836d284d,c2,c3,1455,e4,?,
1769089025.1158178,RECEIVED,422e965d-1193-463a-a1e8-99918e8eacb7,8c86976f-c605-4329-82d8-a86572939b06,c5,c4,1460,e10,?,
1769089025.1667802,SENT,2361950a-995a-4d4d-9450-7faa731b0a2f,776f28d0-3c99-4309-8ce4-5fd67aaaab3d,c2,c3,1024,?,x3,
1769089025.1668198,FORWARDED,2361950a-995a-4d4d-9450-7faa731b0a2f,776f28d0-3c99-4309-8ce4-5fd67aaaab3d,c2,c3,1024,?,x3,
1769089025.193979,SENT,576bd0e2-91a2-403c-9405-c630c72fdd00,be47fe0a-641a-4c76-962b-e9eb17f85f65,c1,c3,1012,?,x1,
1769089025.19402,FORWARDED,576bd0e2-91a2-403c-9405-c630c72fdd00,be47fe0a-641a-4c76-962b-e9eb17f85f65,c1,c3,1012,?,x1,
1769089025.3086424,SENT,66f3aa54-13f7-41e4-9bbc-83f892ebd619,e590d7f8-8c50-493e-bf24-2b690b2b1aa0,c3,c4,1015,?,x9,
1769089025.3086822,FORWARDED,66f3aa54-13f7-41e4-9bbc-83f892ebd619,e590d7f8-8c50-493e-bf24-2b690b2b1aa0,c3,c4,1015,?,x9,
1769089025.3653884,SENT,422e965d-1193-463a-a1e8-99918e8eacb7,8c86976f-c605-4329-82d8-a86572939b06,c5,c4,1023,?,x10,
1769089025.36542,FORWARDED,422e965d-1193-463a-a1e8-99918e8eacb7,8c86976f-c605-4329-82d8-a86572939b06,c5,c4,1023,?,x10,
1769089025.5818117,SENT,71be1bd6-c27b-4ac6-be7e-0a258a3f645e,505fbcd4-854a-4466-9dc6-7b74836d284d,c2,c3,1019,?,x6,
1769089025.5818536,FORWARDED,71be1bd6-c27b-4ac6-be7e-0a258a3f645e,505fbcd4-854a-4466-9dc6-7b74836d284d,c2,c3,1019,?,x6,
1769089025.7668486,RECEIVED,dbe5cdaf-4759-45f3-9c97-5786de9d59a6,1a1266dd-e5ce-48a7-8ce1-b1f2d1810802,c1,c3,1448,e6,?,
1769089025.9998693,RECEIVED,8597c00d-c4d6-4265-9d67-7f1ab35c77f5,61d81954-440c-4002-ae3a-ad0dacd3042a,c4,DROP,441,x3,?,
1769089026.052734,RECEIVED,cbbfcc7c-a28c-46e9-b8b8-2cd574637bc0,2f6f0e45-80e0-413d-a06c-97e08b234c25,c4,c1,1448,e4,?,
1769089026.097885,SENT,cbbfcc7c-a28c-46e9-b8b8-2cd574637bc0,2f6f0e45-80e0-413d-a06c-97e08b234c25,c4,c1,1013,?,x3,
1769089026.0979369,FORWARDED,cbbfcc7c-a28c-46e9-b8b8-2cd574637bc0,2f6f0e45-80e0-413d-a06c-97e08b234c25,c4,c1,1013,?,x3,
1769089026.2485874,SENT,dbe5cdaf-4759-45f3-9c97-5786de9d59a6,1a1266dd-e5ce-48a7-8ce1-b1f2d1810802,c1,c3,1013,?,x4,
1769089026.2486284,FORWARDED,dbe5cdaf-4759-45f3-9c97-5786de9d59a6,1a1266dd-e5ce-48a7-8ce1-b1f2d1810802,c1,c3,1013,?,x4,
1769089026.502329,RECEIVED,a30a267f-b49b-42ff-a078-cf7f131ed29f,19eae27c-02b4-4f58-9934-0f672ad0fce8,c1,c3,1441,e7,?,
1769089026.5059457,RECEIVED,3c19538e-fcfc-49d2-a032-2611bd2b5671,f4218546-1661-4551-9d93-16031eb725a2,c3,c4,1447,e12,?,
1769089026.6513593,RECEIVED,3cfb86ed-ca35-4a6c-89c9-6bd78848933b,afc99b97-0daa-4ada-a41d-c77d416922e7,c4,DROP,442,x9,?,
1769089026.8466053,SENT,3c19538e-fcfc-49d2-a032-2611bd2b5671,f4218546-1661-4551-9d93-16031eb725a2,c3,c4,1012,?,x9,
1769089026.8466482,FORWARDED,3c19538e-fcfc-49d2-a032-2611bd2b5671,f4218546-1661-4551-9d93-16031eb725a2,c3,c4,1012,?,x9,
1769089027.0768995,RECEIVED,266230c9-b9e6-4d25-9043-b11a0aa66a36,4bb2f9a3-f25a-4816-adb8-15f914d68243,c3,c4,1456,e3,?,
1769089027.1491015,RECEIVED,b5dcb09c-ad28-4151-92a6-abfe2d9ced67,5dbe99e2-8c06-4209-8fa1-231f4c19ad94,c5,DROP,1008,e2,?,
1769089027.2230253,SENT,266230c9-b9e6-4d25-9043-b11a0aa66a36,4bb2f9a3-f25a-4816-adb8-15f914d68243,c3,c4,1018,?,x12,
1769089027.2230692,FORWARDED,266230c9-b9e6-4d25-9043-b11a0aa66a36,4bb2f9a3-f25a-4816-adb8-15f914d68243,c3,c4,1018,?,x12,
1769089027.3891976,SENT,a30a267f-b49b-42ff-a078-cf7f131ed29f,19eae27c-02b4-4f58-9934-0f672ad0fce8,c1,c3,1011,?,x4,
1769089027.389239,FORWARDED,a30a267f-b49b-42ff-a078-cf7f131ed29f,19eae27c-02b4-4f58-9934-0f672ad0fce8,c1,c3,1011,?,x4,
1769089027.5896275,RECEIVED,7892e63e-a9e0-4718-aea1-7290d214c0f1,9959afff-c421-4721-b50c-748e2ffc9fd5,c3,DROP,442,x11,?,
1769089027.9683704,SENT,b5dcb09c-ad28-4151-92a6-abfe2d9ced67,5dbe99e2-8c06-4209-8fa1-231f4c19ad94,c5,DROP,684,?,x12,
1769089027.9684122,FORWARDED,b5dcb09c-ad28-4151-92a6-abfe2d9ced67,5dbe99e2-8c06-4209-8fa1-231f4c19ad94,c5,DROP,684,?,x12,
1769089028.249851,RECEIVED,c87266a6-1858-45ce-94d3-9abe4b0aee75,cd62a715-aef1-464b-aed5-5f782ae50508,c2,c3,1460,e10,?,
1769089028.5216742,RECEIVED,63b26c73-a31f-4a5d-83b5-6e33134607b8,ed7da9a0-31d0-4632-852d-26b5375ad4c8,c4,c1,1448,e4,?,
1769089028.718209,RECEIVED,d82eafb1-3cb0-42f0-ab41-3d9e333d93f8,2d769003-f6b8-4836-9fd7-2b539954323f,c4,c1,1447,e3,?,
1769089028.7501798,RECEIVED,343a5222-a467-4bf6-9fc7-e0be6c9a5c27,f8fca536-6bd1-4876-a980-f40c243519b9,c5,c4,1447,e7,?,
1769089028.915566,RECEIVED,bd17c298-0f8e-45d5-b7be-d1d495e65a36,0873e054-7bf5-4536-b427-5df093da366e,c5,c4,1460,e11,?,
1769089028.9168963,SENT,63b26c73-a31f-4a5d-83b5-6e33134607b8,ed7da9a0-31d0-4632-852d-26b5375ad4c8,c4,c1,1012,?,x3,
1769089028.9169343,FORWARDED,63b26c73-a31f-4a5d-83b5-6e33134607b8,ed7da9a0-31d0-4632-852d-26b5375ad4c8,c4,c1,1012,?,x3,
1769089029.0516884,RECEIVED,eaeca038-5b69-450c-a181-a08c1ef3f783,9150f403-be4d-495c-b60b-3cd76cc62ba9,c2,DROP,1015,e4,?,
1769089029.0895832,RECEIVED,210d8f50-2f24-44d2-b9c0-4a6aab0e7148,eb07573e-e819-49af-8453-f7dc5604a111,c1,DROP,1011,e8,?,
1769089029.3687234,SENT,d82eafb1-3cb0-42f0-ab41-3d9e333d93f8,2d769003-f6b8-4836-9fd7-2b539954323f,c4,c1,1012,?,x6,
1769089029.3687649,FORWARDED,d82eafb1-3cb0-42f0-ab41-3d9e333d93f8,2d769003-f6b8-4836-9fd7-2b539954323f,c4,c1,1012,?,x6,
1769089029.5509744,RECEIVED,76870bbf-86b6-4d30-8a17-4109c15c8144,2b6513c1-5771-4baa-be32-c8d3fd17399e,c5,DROP,443,x10,?,
1769089029.551348,SENT,210d8f50-2f24-44d2-b9c0-4a6aab0e7148,eb07573e-e819-49af-8453-f7dc5604a111,c1,DROP,687,?,x8,
1769089029.5513873,FORWARDED,210d8f50-2f24-44d2-b9c0-4a6aab0e7148,eb07573e-e819-49af-8453-f7dc5604a111,c1,DROP,687,?,x8,
1769089029.5711029,SENT,bd17c298-0f8e-45d5-b7be-d1d495e65a36,0873e054-7bf5-4536-b427-5df093da366e,c5,c4,1023,?,x10,
1769089029.5712452,FORWARDED,bd17c298-0f8e-45d5-b7be-d1d495e65a36,0873e054-7bf5-4536-b427-5df093da366e,c5,c4,1023,?,x10,
1769089029.6280534,RECEIVED,99fc0294-65c1-4f0e-b43c-4cb03cc3bda7,6af75252-f07d-4ecc-b9be-b8d313d6ed95,c2,c3,1452,e9,?,
1769089029.6787012,SENT,c87266a6-1858-45ce-94d3-9abe4b0aee75,cd62a715-aef1-464b-aed5-5f782ae50508,c2,c3,1023,?,x11,
1769089029.67874,FORWARDED,c87266a6-1858-45ce-94d3-9abe4b0aee75,cd62a715-aef1-464b-aed5-5f782ae50508,c2,c3,1023,?,x11,
1769089029.8831773,SENT,343a5222-a467-4bf6-9fc7-e0be6c9a5c27,f8fca536-6bd1-4876-a980-f40c243519b9,c5,c4,1012,?,x3,
1769089029.8832195,FORWARDED,343a5222-a467-4bf6-9fc7-e0be6c9a5c27,f8fca536-6bd1-4876-a980-f40c243519b9,c5,c4,1012,?,x3,
1769089029.914753,RECEIVED,3d7cec28-e09d-4e9e-b179-1d33c255767d,82d42a5b-e7c1-42df-8990-1dc98538014c,c5,c4,1442,e1,?,
1769089030.0137258,RECEIVED,c421c74d-095f-4892-9a00-52c55a816dd3,a6b40986-2529-44ec-aa73-72f538c2f98c,c5,DROP,441,x8,?,
1769089030.2685816,RECEIVED,0796da82-4f66-45bc-a730-1974dbd6830b,6f2d6d4b-3341-4378-acfb-f2c4c3abe1df,c3,c4,1448,e8,?,
1769089030.6093886,SENT,3d7cec28-e09d-4e9e-b179-1d33c255767d,82d42a5b-e7c1-42df-8990-1dc98538014c,c5,c4,1010,?,x6,
1769089030.609424,FORWARDED,3d7cec28-e09d-4e9e-b179-1d33c255767d,82d42a5b-e7c1-42df-8990-1dc98538014c,c5,c4,1010,?,x6,
1769089030.655734,SENT,0796da82-4f66-45bc-a730-1974dbd6830b,6f2d6d4b-3341-4378-acfb-f2c4c3abe1df,c3,c4,1012,?,x5,
1769089030.655774,FORWARDED,0796da82-4f66-45bc-a730-1974dbd6830b,6f2d6d4b-3341-4378-acfb-f2c4c3abe1df,c3,c4,1012,?,x5,
1769089030.707437,RECEIVED,91886ff4-dcef-4c57-b0b1-1ba7125f46d4,6c5bf6c2-37d6-4251-822f-0f3a791713e1,c3,DROP,439,x11,?,
1769089030.7274194,RECEIVED,118f2cd1-ec59-43eb-b597-60b1fb09ab5d,63389a72-2a64-4b43-b20b-0e6044e36f59,c4,DROP,441,x1,?,
1769089030.9185762,RECEIVED,c72a23f6-52dc-43be-a03a-b937e2e278d6,1aba6200-cbbd-43cb-9cdf-eb5954fb8c2e,c1,c3,1451,e5,?,
1769089031.1079724,SENT,eaeca038-5b69-450c-a181-a08c1ef3f783,9150f403-be4d-495c-b60b-3cd76cc62ba9,c2,DROP,688,?,x5,
1769089031.1080065,FORWARDED,eaeca038-5b69-450c-a181-a08c1ef3f783,9150f403-be4d-495c-b60b-3cd76cc62ba9,c2,DROP,688,?,x5,
1769089031.2041032,SENT,c72a23f6-52dc-43be-a03a-b937e2e278d6,1aba6200-cbbd-43cb-9cdf-eb5954fb8c2e,c1,c3,1015,?,x6,
1769089031.204146,FORWARDED,c72a23f6-52dc-43be-a03a-b937e2e278d6,1aba6200-cbbd-43cb-9cdf-eb5954fb8c2e,c1,c3,1015,?,x6,
1769089031.2799444,SENT,99fc0294-65c1-4f0e-b43c-4cb03cc3bda7,6af75252-f07d-4ecc-b9be-b8d313d6ed95,c2,c3,1015,?,x10,
1769089031.2799835,FORWARDED,99fc0294-65c1-4f0e-b43c-4cb03cc3bda7,6af75252-f07d-4ecc-b9be-b8d313d6ed95,c2,c3,1015,?,x10,
1769089031.4690342,RECEIVED,85643066-53ff-4ecf-9648-cf167cdc3ed2,9e0780c3-f4f1-49a5-b9e1-e52ad3a0b971,c3,DROP,1007,e3,?,
1769089031.5932026,RECEIVED,ba636f1e-91be-421c-9c63-d6fc8b5a4aef,8ff02170-35f5-4979-bf10-cd3a812cb91c,c3,DROP,1003,e6,?,
1769089031.6455853,RECEIVED,b87b0974-8da5-4a85-b7f5-12531bbe048b,5f05df8c-6623-4b8e-96b3-4593252847af,c5,DROP,442,x9,?,
1769089031.7700772,RECEIVED,d5784994-85f7-46d0-9932-0a2e9f791245,333d713b-a107-4f00-88db-c9b8ffe8806c,c5,DROP,1021,e3,?,
1769089031.7879229,SENT,85643066-53ff-4ecf-9648-cf167cdc3ed2,9e0780c3-f4f1-49a5-b9e1-e52ad3a0b971,c3,DROP,684,?,x3,
1769089031.7879586,FORWARDED,85643066-53ff-4ecf-9648-cf167cdc3ed2,9e0780c3-f4f1-49a5-b9e1-e52ad3a0b971,c3,DROP,684,?,x3,
1769089031.7961385,RECEIVED,0e98f43b-2c46-4fe0-86fd-65a28ceefd03,b4e7d320-291c-4332-bb5f-70f7d122a742,c1,c3,1443,e4,?,
1769089031.8895888,SENT,ba636f1e-91be-421c-9c63-d6fc8b5a4aef,8ff02170-35f5-4979-bf10-cd3a812cb91c,c3,DROP,680,?,x7,
1769089031.8896382,FORWARDED,ba636f1e-91be-421c-9c63-d6fc8b5a4aef,8ff02170-35f5-4979-bf10-cd3a812cb91c,c3,DROP,680,?,x7,
1769089031.9814546,SENT,d5784994-85f7-46d0-9932-0a2e9f791245,333d713b-a107-4f00-88db-c9b8ffe8806c,c5,DROP,691,?,x11,
1769089031.9814954,FORWARDED,d5784994-85f7-46d0-9932-0a2e9f791245,333d713b-a107-4f00-88db-c9b8ffe8806c,c5,DROP,691,?,x11,
1769089031.9839933,RECEIVED,c22272ed-f40c-441f-be39-9cf6649f4db8,687f56bb-c557-44d6-b30d-8e4a96178390,c4,c1,1444,e9,?,
1769089032.1143475,SENT,0e98f43b-2c46-4fe0-86fd-65a28ceefd03,b4e7d320-291c-4332-bb5f-70f7d122a742,c1,c3,1011,?,x6,
1769089032.1143863,FORWARDED,0e98f43b-2c46-4fe0-86fd-65a28ceefd03,b4e7d320-291c-4332-bb5f-70f7d122a742,c1,c3,1011,?,x6,
1769089032.2270927,RECEIVED,f3b10e8c-007b-4c43-a836-33bb752fd1c5,88b695ac-b748-4602-b530-b89a9f57b692,c2,DROP,1008,e10,?,
1769089032.2344003,RECEIVED,d222d2a9-9756-44c6-8641-5988c769573b,fd6f2b17-1f89-4f37-8226-c02a5c8e6f4e,c3,c4,1444,e4,?,
1769089032.386658,SENT,f3b10e8c-007b-4c43-a836-33bb752fd1c5,88b695ac-b748-4602-b530-b89a9f57b692,c2,DROP,684,?,x8,
1769089032.3866978,FORWARDED,f3b10e8c-007b-4c43-a836-33bb752fd1c5,88b695ac-b748-4602-b530-b89a9f57b692,c2,DROP,684,?,x8,
1769089032.3978076,RECEIVED,57054f54-1ac4-4b8f-87e4-754680f793c0,adf8fdf9-6d3d-47f2-be1a-46b279b0fb35,c4,c1,1443,e2,?,
1769089032.4201906,SENT,c22272ed-f40c-441f-be39-9cf6649f4db8,687f56bb-c557-44d6-b30d-8e4a96178390,c4,c1,1011,?,x1,
1769089032.4202297,FORWARDED,c22272ed-f40c-441f-be39-9cf6649f4db8,687f56bb-c557-44d6-b30d-8e4a96178390,c4,c1,1011,?,x1,
1769089032.616723,RECEIVED,3c34d70b-f706-448f-81cd-445e5682b0c5,444d11f3-995e-4993-a712-2048bb8f7d6e,c3,DROP,1016,e3,?,
1769089032.761261,RECEIVED,e76bf1e2-d856-4262-a0a4-105dcb6a6ac2,44f5bfb7-7654-4237-a64f-33200ccce028,c3,c4,1460,e1,?,
1769089032.8055892,RECEIVED,0e24175c-5aae-4710-9251-3710a1c15c2b,73b03f44-625f-405b-8fea-fcc159e8e39f,c2,c3,1451,e5,?,
1769089032.8799622,SENT,0e24175c-5aae-4710-9251-3710a1c15c2b,73b03f44-625f-405b-8fea-fcc159e8e39f,c2,c3,1015,?,x4,
1769089032.8800023,FORWARDED,0e24175c-5aae-4710-9251-3710a1c15c2b,73b03f44-625f-405b-8fea-fcc159e8e39f,c2,c3,1015,?,x4,
1769089032.9242895,RECEIVED,0ae94686-52a6-4325-8465-ba4b37cd2979,82df311d-5d8a-4896-b403-6a9081a857b3,c4,DROP,1012,e5,?,
1769089033.040153,RECEIVED,e7db5efc-a629-40d1-a7ef-cbcd59d69c16,3b335ebd-6d2e-4543-a631-616c9a343aa3,c3,c4,1455,e12,?,
1769089033.158768,RECEIVED,79589403-5418-4ca9-a1cd-dea85f403b23,ac507d3c-4819-4110-ba5d-5ca382619028,c1,c3,1456,e10,?,
1769089033.2142181,SENT,e7db5efc-a629-40d1-a7ef-cbcd59d69c16,3b335ebd-6d2e-4543-a631-616c9a343aa3,c3,c4,1020,?,x7,
1769089033.214252,FORWARDED,e7db5efc-a629-40d1-a7ef-cbcd59d69c16,3b335ebd-6d2e-4543-a631-616c9a343aa3,c3,c4,1020,?,x7,
1769089033.266026,SENT,79589403-5418-4ca9-a1cd-dea85f403b23,ac507d3c-4819-4110-ba5d-5ca382619028,c1,c3,1020,?,x9,
1769089033.2660747,FORWARDED,79589403-5418-4ca9-a1cd-dea85f403b23,ac507d3c-4819-4110-ba5d-5ca382619028,c1,c3,1020,?,x9,
1769089033.3322933,SENT,57054f54-1ac4-4b8f-87e4-754680f793c0,adf8fdf9-6d3d-47f2-be1a-46b279b0fb35,c4,c1,1011,?,x8,
1769089033.3323317,FORWARDED,57054f54-1ac4-4b8f-87e4-754680f793c0,adf8fdf9-6d3d-47f2-be1a-46b279b0fb35,c4,c1,1011,?,x8,
1769089033.4659612,RECEIVED,558dc84e-c38a-4a2e-a07b-f43443066721,d9833568-0a9b-480b-94f8-ce50cbc666fe,c1,c3,1454,e3,?,
1769089033.4946587,RECEIVED,550136b8-eecb-4e2e-bd60-9acd3205b041,0d561d6b-ab21-46e4-9aa4-b1c06bf8ea4b,c4,DROP,1008,e6,?,
1769089033.528949,RECEIVED,3b60c4ce-0470-420d-b487-adfe857bd0ce,32ad1594-a795-4957-8066-19dd596ba3e6,c1,c3,1446,e10,?,
1769089033.533559,SENT,558dc84e-c38a-4a2e-a07b-f43443066721,d9833568-0a9b-480b-94f8-ce50cbc666fe,c1,c3,1016,?,x3,
1769089033.5335991,FORWARDED,558dc84e-c38a-4a2e-a07b-f43443066721,d9833568-0a9b-480b-94f8-ce50cbc666fe,c1,c3,1016,?,x3,
1769089033.5562692,SENT,0ae94686-52a6-4325-8465-ba4b37cd2979,82df311d-5d8a-4896-b403-6a9081a857b3,c4,DROP,687,?,x11,
1769089033.556311,FORWARDED,0ae94686-52a6-4325-8465-ba4b37cd2979,82df311d-5d8a-4896-b403-6a9081a857b3,c4,DROP,687,?,x11,
1769089033.601978,RECEIVED,2657a398-5faa-4437-b77b-0d44adb22d79,4fed0a3e-3f2f-471d-ae53-0b4d31bb4686,c3,c4,1443,e11,?,
1769089033.684044,SENT,550136b8-eecb-4e2e-bd60-9acd3205b041,0d561d6b-ab21-46e4-9aa4-b1c06bf8ea4b,c4,DROP,684,?,x6,
1769089033.6841137,FORWARDED,550136b8-eecb-4e2e-bd60-9acd3205b041,0d561d6b-ab21-46e4-9aa4-b1c06bf8ea4b,c4,DROP,684,?,x6,
1769089033.7776053,SENT,3b60c4ce-0470-420d-b487-adfe857bd0ce,32ad1594-a795-4957-8066-19dd596ba3e6,c1,c3,1012,?,x2,
1769089033.777648,FORWARDED,3b60c4ce-0470-420d-b487-adfe857bd0ce,32ad1594-a795-4957-8066-19dd596ba3e6,c1,c3,1012,?,x2,
1769089033.854067,RECEIVED,0416fb5a-67ee-4425-b0ab-fd99b11c7705,0ba67885-d4ae-4e24-92b7-240a0e9afed8,c1,DROP,441,x5,?,
1769089033.9259396,RECEIVED,b4e6afee-bfec-4571-bb75-6f58408dbd19,87c1dba2-9c81-44e5-ac46-c8cb9fde3dbf,c2,c3,1452,e8,?,
1769089034.0564263,SENT,3c34d70b-f706-448f-81cd-445e5682b0c5,444d11f3-995e-4993-a712-2048bb8f7d6e,c3,DROP,688,?,x11,
1769089034.0564678,FORWARDED,3c34d70b-f706-448f-81cd-445e5682b0c5,444d11f3-995e-4993-a712-2048bb8f7d6e,c3,DROP,688,?,x11,
1769089034.0810661,RECEIVED,876138d4-cace-41f6-b967-3414bf26b546,ff795ab6-c168-474b-b59b-3d8d3300db9d,c5,c4,1451,e2,?,
1769089034.1173334,SENT,2657a398-5faa-4437-b77b-0d44adb22d79,4fed0a3e-3f2f-471d-ae53-0b4d31bb4686,c3,c4,1011,?,x3,
1769089034.117374,FORWARDED,2657a398-5faa-4437-b77b-0d44adb22d79,4fed0a3e-3f2f-471d-ae53-0b4d31bb4686,c3,c4,1011,?,x3,
1769089034.2244387,RECEIVED,3b2085cb-e1f4-4d8f-8f4f-4e702999116b,2a6379aa-1619-408b-b24e-50bb1eb00b15,c2,c3,1447,e2,?,
1769089034.2764175,SENT,d222d2a9-9756-44c6-8641-5988c769573b,fd6f2b17-1f89-4f37-8226-c02a5c8e6f4e,c3,c4,1012,?,x1,
1769089034.2764583,FORWARDED,d222d2a9-9756-44c6-8641-5988c769573b,fd6f2b17-1f89-4f37-8226-c02a5c8e6f4e,c3,c4,1012,?,x1,
1769089034.3388329,SENT,b4e6afee-bfec-4571-bb75-6f58408dbd19,87c1dba2-9c81-44e5-ac46-c8cb9fde3dbf,c2,c3,1015,?,x1,
1769089034.3388739,FORWARDED,b4e6afee-bfec-4571-bb75-6f58408dbd19,87c1dba2-9c81-44e5-ac46-c8cb9fde3dbf,c2,c3,1015,?,x1,
1769089034.4235365,RECEIVED,e339075b-89c1-463b-b883-dee5b28454f1,47990e17-3e64-49bc-83e6-04b70351fb33,c4,c1,1456,e12,?,
1769089034.4980314,SENT,e339075b-89c1-463b-b883-dee5b28454f1,47990e17-3e64-49bc-83e6-04b70351fb33,c4,c1,1018,?,x8,
1769089034.4981065,FORWARDED,e339075b-89c1-463b-b883-dee5b28454f1,47990e17-3e64-49bc-83e6-04b70351fb33,c4,c1,1018,?,x8,
1769089034.5154562,SENT,e76bf1e2-d856-4262-a0a4-105dcb6a6ac2,44f5bfb7-7654-4237-a64f-33200ccce028,c3,c4,1021,?,x11,
1769089034.515521,FORWARDED,e76bf1e2-d856-4262-a0a4-105dcb6a6ac2,44f5bfb7-7654-4237-a64f-33200ccce028,c3,c4,1021,?,x11,
1769089034.641453,RECEIVED,5b714fe0-e5d1-4123-865d-323cd0e53d4f,069332e0-1db6-425f-ab7c-ffdef29f59d6,c3,c4,1463,e10,?,
1769089034.7305343,RECEIVED,2dad3869-ca8a-46f2-8ee5-3cff1e6574ae,f4999e09-c09e-4842-8cc0-4421b2155b32,c4,DROP,1008,e8,?,
1769089034.772197,SENT,5b714fe0-e5d1-4123-865d-323cd0e53d4f,069332e0-1db6-425f-ab7c-ffdef29f59d6,c3,c4,1024,?,x5,
1769089034.7722363,FORWARDED,5b714fe0-e5d1-4123-865d-323cd0e53d4f,069332e0-1db6-425f-ab7c-ffdef29f59d6,c3,c4,1024,?,x5,
1769089034.806657,SENT,876138d4-cace-41f6-b967-3414bf26b546,ff795ab6-c168-474b-b59b-3d8d3300db9d,c5,c4,1015,?,x4,
1769089034.8067021,FORWARDED,876138d4-cace-41f6-b967-3414bf26b546,ff795ab6-c168-474b-b59b-3d8d3300db9d,c5,c4,1015,?,x4,
1769089034.83174,RECEIVED,30bb7806-631c-40b0-879a-a2d94bdf6eaf,27d57a05-3371-43c7-a412-27054d0f2f31,c3,c4,1448,e3,?,
1769089034.855763,RECEIVED,22609860-7f9b-4d00-b274-ae819feeafab,97946752-562d-4db5-881a-0e707c790d1a,c2,DROP,1012,e12,?,
1769089035.05098,SENT,22609860-7f9b-4d00-b274-ae819feeafab,97946752-562d-4db5-881a-0e707c790d1a,c2,DROP,685,?,x6,
1769089035.051022,FORWARDED,22609860-7f9b-4d00-b274-ae819feeafab,97946752-562d-4db5-881a-0e707c790d1a,c2,DROP,685,?,x6,
1769089035.0934436,SENT,2dad3869-ca8a-46f2-8ee5-3cff1e6574ae,f4999e09-c09e-4842-8cc0-4421b2155b32,c4,DROP,683,?,x12,
1769089035.0934846,FORWARDED,2dad3869-ca8a-46f2-8ee5-3cff1e6574ae,f4999e09-c09e-4842-8cc0-4421b2155b32,c4,DROP,683,?,x12,
1769089035.1194317,SENT,3b2085cb-e1f4-4d8f-8f4f-4e702999116b,2a6379aa-1619-408b-b24e-50bb1eb00b15,c2,c3,1012,?,x2,
1769089035.119471,FORWARDED,3b2085cb-e1f4-4d8f-8f4f-4e702999116b,2a6379aa-1619-408b-b24e-50bb1eb00b15,c2,c3,1012,?,x2,
1769089035.242356,RECEIVED,c7e211d1-86a9-4cbf-94a8-fd29376a5c50,9722f991-75a1-47f3-b216-02298cc06e43,c2,DROP,1021,e12,?,
1769089035.3164048,SENT,30bb7806-631c-40b0-879a-a2d94bdf6eaf,27d57a05-3371-43c7-a412-27054d0f2f31,c3,c4,1012,?,x8,
1769089035.3164465,FORWARDED,30bb7806-631c-40b0-879a-a2d94bdf6eaf,27d57a05-3371-43c7-a412-27054d0f2f31,c3,c4,1012,?,x8,
1769089035.4336417,RECEIVED,2c4a76c8-ce62-4dc6-ba58-99420ab3b2ff,57922bf9-3b86-4c5b-a7d2-78da61c0052e,c1,DROP,442,x12,?,
1769089035.614569,RECEIVED,3cce7d69-0730-48f5-b11e-0585dcbc1867,2bf51384-b389-4347-9301-f0b3e2292127,c4,c1,1451,e9,?,
1769089035.6459079,SENT,c7e211d1-86a9-4cbf-94a8-fd29376a5c50,9722f991-75a1-47f3-b216-02298cc06e43,c2,DROP,692,?,x12,
1769089035.6460426,FORWARDED,c7e211d1-86a9-4cbf-94a8-fd29376a5c50,9722f991-75a1-47f3-b216-02298cc06e43,c2,DROP,692,?,x12,
1769089035.9345107,SENT,3cce7d69-0730-48f5-b11e-0585dcbc1867,2bf51384-b389-4347-9301-f0b3e2292127,c4,c1,1015,?,x3,
1769089035.934552,FORWARDED,3cce7d69-0730-48f5-b11e-0585dcbc1867,2bf51384-b389-4347-9301-f0b3e2292127,c4,c1,1015,?,x3,
1769089035.9525657,RECEIVED,aa3a38dc-0e50-4036-9121-322b069a5859,4aed6dbe-ba21-4637-924d-0fb80a1f11dc,c2,DROP,1007,e6,?,
1769089036.202662,RECEIVED,9b613a5f-ecd6-44a5-9244-64cae1639043,54da3523-13a1-47f9-b1f1-fb506a226117,c2,DROP,442,x9,?,
1769089036.2045627,RECEIVED,33c29140-25eb-4ae8-8d59-ba6d703e70b9,35976dce-ebeb-484f-a7a8-620407b853c7,c5,DROP,1017,e9,?,
1769089036.2059371,RECEIVED,763fa60f-5a8e-4f3c-ba2a-986802dcb761,9f308923-f690-4436-b3d2-b6ea7159e962,c1,DROP,1008,e9,?,
1769089036.214589,RECEIVED,da5d933e-788b-43a6-bc0c-fc4276b29785,b139c106-9be4-43d6-8b27-a7e679e43348,c2,c3,1456,e12,?,
1769089036.3187783,SENT,763fa60f-5a8e-4f3c-ba2a-986802dcb761,9f308923-f690-4436-b3d2-b6ea7159e962,c1,DROP,683,?,x8,
1769089036.31882,FORWARDED,763fa60f-5a8e-4f3c-ba2a-986802dcb761,9f308923-f690-4436-b3d2-b6ea7159e962,c1,DROP,683,?,x8,
1769089036.481785,RECEIVED,e1af7492-d673-4139-9f8d-403dbb6fffad,61358303-37e2-44a8-8356-5b1354e87a5d,c4,c1,1451,e8,?,
1769089036.5232382,SENT,33c29140-25eb-4ae8-8d59-ba6d703e70b9,35976dce-ebeb-484f-a7a8-620407b853c7,c5,DROP,688,?,x10,
1769089036.5232768,FORWARDED,33c29140-25eb-4ae8-8d59-ba6d703e70b9,35976dce-ebeb-484f-a7a8-620407b853c7,c5,DROP,688,?,x10,
1769089036.6308641,RECEIVED,ad0afee5-d48f-46f9-aaf5-20852d93d46f,c252ba65-dc95-4ea2-a8f4-20a753affbf9,c1,DROP,1011,e2,?,
1769089036.7683098,RECEIVED,69ea11bf-d938-427d-a60c-34b6ce1b5458,96b55090-4cd4-4421-a248-8a8fcef0bfb1,c4,c1,1442,e5,?,
1769089036.7929409,SENT,e1af7492-d673-4139-9f8d-403dbb6fffad,61358303-37e2-44a8-8356-5b1354e87a5d,c4,c1,1017,?,x5,
1769089036.7929819,FORWARDED,e1af7492-d673-4139-9f8d-403dbb6fffad,61358303-37e2-44a8-8356-5b1354e87a5d,c4,c1,1017,?,x5,
1769089036.8237498,SENT,ad0afee5-d48f-46f9-aaf5-20852d93d46f,c252ba65-dc95-4ea2-a8f4-20a753affbf9,c1,DROP,685,?,x1,
1769089036.8237894,FORWARDED,ad0afee5-d48f-46f9-aaf5-20852d93d46f,c252ba65-dc95-4ea2-a8f4-20a753affbf9,c1,DROP,685,?,x1,
1769089036.8354578,SENT,aa3a38dc-0e50-4036-9121-322b069a5859,4aed6dbe-ba21-4637-924d-0fb80a1f11dc,c2,DROP,684,?,x8,
1769089036.835499,FORWARDED,aa3a38dc-0e50-4036-9121-322b069a5859,4aed6dbe-ba21-4637-924d-0fb80a1f11dc,c2,DROP,684,?,x8,
1769089036.8422334,RECEIVED,93db5f9e-f2af-405e-8d22-fc486cfcf361,db109025-e481-4e18-a564-3d129ecf300d,c1,c3,1452,e11,?,
1769089036.9607549,SENT,93db5f9e-f2af-405e-8d22-fc486cfcf361,db109025-e481-4e18-a564-3d129ecf300d,c1,c3,1015,?,x9,
1769089036.9607954,FORWARDED,93db5f9e-f2af-405e-8d22-fc486cfcf361,db109025-e481-4e18-a564-3d129ecf300d,c1,c3,1015,?,x9,
1769089037.180807,RECEIVED,dec1b83d-9e9d-413d-8f97-89d382168364,4008f4a8-1cb1-4585-821c-0273d38b6a81,c4,c1,1457,e12,?,
1769089037.26394,SENT,dec1b83d-9e9d-413d-8f97-89d382168364,4008f4a8-1cb1-4585-821c-0273d38b6a81,c4,c1,1018,?,x7,
1769089037.2639804,FORWARDED,dec1b83d-9e9d-413d-8f97-89d382168364,4008f4a8-1cb1-4585-821c-0273d38b6a81,c4,c1,1018,?,x7,
1769089037.3648262,RECEIVED,3ed760d9-6ce0-42e4-b284-6a68d2bf595c,6637fa4f-bf03-4b90-bd8a-573dbd30604d,c3,DROP,1012,e3,?,
1769089037.594207,SENT,69ea11bf-d938-427d-a60c-34b6ce1b5458,96b55090-4cd4-4421-a248-8a8fcef0bfb1,c4,c1,1010,?,x2,
1769089037.5942464,FORWARDED,69ea11bf-d938-427d-a60c-34b6ce1b5458,96b55090-4cd4-4421-a248-8a8fcef0bfb1,c4,c1,1010,?,x2,
1769089037.6662385,RECEIVED,c2c41112-82c2-49b3-86b7-04764d49fb91,73c8307e-764f-4b70-a6a9-d9559c89108d,c3,c4,1462,e10,?,
1769089037.697933,SENT,c2c41112-82c2-49b3-86b7-04764d49fb91,73c8307e-764f-4b70-a6a9-d9559c89108d,c3,c4,1022,?,x3,
1769089037.6979754,FORWARDED,c2c41112-82c2-49b3-86b7-04764d49fb91,73c8307e-764f-4b70-a6a9-d9559c89108d,c3,c4,1022,?,x3,
1769089037.7820034,RECEIVED,4d111ee2-d5a0-48e6-93a5-27f612261171,8b4a5ac0-1e74-4151-8e04-f01972f3dfff,c3,c4,1451,e1,?,
1769089037.817554,RECEIVED,09e604de-e66c-4773-8062-98c479fe7696,f9c1be4f-6fbb-4dcb-88f6-8b251737140f,c1,c3,1464,e12,?,
1769089037.8616343,SENT,4d111ee2-d5a0-48e6-93a5-27f612261171,8b4a5ac0-1e74-4151-8e04-f01972f3dfff,c3,c4,1016,?,x3,
1769089037.8616738,FORWARDED,4d111ee2-d5a0-48e6-93a5-27f612261171,8b4a5ac0-1e74-4151-8e04-f01972f3dfff,c3,c4,1016,?,x3,
1769089037.9147701,SENT,3ed760d9-6ce0-42e4-b284-6a68d2bf595c,6637fa4f-bf03-4b90-bd8a-573dbd30604d,c3,DROP,687,?,x10,
1769089037.9148068,FORWARDED,3ed760d9-6ce0-42e4-b284-6a68d2bf595c,6637fa4f-bf03-4b90-bd8a-573dbd30604d,c3,DROP,687,?,x10,
1769089037.9382184,SENT,09e604de-e66c-4773-8062-98c479fe7696,f9c1be4f-6fbb-4dcb-88f6-8b251737140f,c1,c3,1024,?,x2,
1769089037.9382584,FORWARDED,09e604de-e66c-4773-8062-98c479fe7696,f9c1be4f-6fbb-4dcb-88f6-8b251737140f,c1,c3,1024,?,x2,
1769089038.1174698,SENT,da5d933e-788b-43a6-bc0c-fc4276b29785,b139c106-9be4-43d6-8b27-a7e679e43348,c2,c3,1019,?,x10,
1769089038.1175103,FORWARDED,da5d933e-788b-43a6-bc0c-fc4276b29785,b139c106-9be4-43d6-8b27-a7e679e43348,c2,c3,1019,?,x10,
1769089038.1987793,RECEIVED,3ead0415-a84e-48bf-abdc-8fdb607258eb,b47ebbcb-1c24-4b41-8b40-1a980a089d5d,c3,c4,1457,e12,?,
1769089038.302926,SENT,3ead0415-a84e-48bf-abdc-8fdb607258eb,b47ebbcb-1c24-4b41-8b40-1a980a089d5d,c3,c4,1020,?,x12,
1769089038.3029673,FORWARDED,3ead0415-a84e-48bf-abdc-8fdb607258eb,b47ebbcb-1c24-4b41-8b40-1a980a089d5d,c3,c4,1020,?,x12,
1769089038.3313627,RECEIVED,0de601da-8ed4-4ef4-9aec-7065e1b76675,1f932cf9-4262-457b-9c30-4da4d052b8ef,c2,c3,1448,e3,?,
1769089038.3513417,RECEIVED,a4a18593-2ebe-4400-beca-bea1f2b3d639,ac7563c6-4977-4d47-986a-5126a883ba41,c4,c1,1448,e4,?,
1769089038.3681188,SENT,0de601da-8ed4-4ef4-9aec-7065e1b76675,1f932cf9-4262-457b-9c30-4da4d052b8ef,c2,c3,1012,?,x2,
1769089038.368274,FORWARDED,0de601da-8ed4-4ef4-9aec-7065e1b76675,1f932cf9-4262-457b-9c30-4da4d052b8ef,c2,c3,1012,?,x2,
1769089038.393363,RECEIVED,5106a57f-0c80-4260-b14e-712f9dd7ffc3,e6ee3cfa-8e31-4872-9074-83c14f46e5b3,c4,DROP,441,x6,?,
1769089038.551503,SENT,a4a18593-2ebe-4400-beca-bea1f2b3d639,ac7563c6-4977-4d47-986a-5126a883ba41,c4,c1,1014,?,x7,
1769089038.5515425,FORWARDED,a4a18593-2ebe-4400-beca-bea1f2b3d639,ac7563c6-4977-4d47-986a-5126a883ba41,c4,c1,1014,?,x7,
1769089038.565827,RECEIVED,5c163cc0-c3f5-41cc-b654-1799547f8a61,5ace7a47-9424-47f2-ad79-f0f19d4356ce,c4,c1,1444,e4,?,
1769089038.6551208,SENT,5c163cc0-c3f5-41cc-b654-1799547f8a61,5ace7a47-9424-47f2-ad79-f0f19d4356ce,c4,c1,1011,?,x4,
1769089038.6551619,FORWARDED,5c163cc0-c3f5-41cc-b654-1799547f8a61,5ace7a47-9424-47f2-ad79-f0f19d4356ce,c4,c1,1011,?,x4,
1769089038.6629524,RECEIVED,67a55ed0-6757-4b16-b35e-9a2a0038f61b,0f8ddb35-e713-442f-9fe7-acfe3cf2147c,c3,DROP,1015,e1,?,
1769089038.7856805,RECEIVED,03e2be73-07a5-467b-86fe-4144ff27d0aa,9a5c69bd-b553-4c50-a190-be65926c1b37,c3,DROP,1006,e6,?,
1769089039.5424423,SENT,67a55ed0-6757-4b16-b35e-9a2a0038f61b,0f8ddb35-e713-442f-9fe7-acfe3cf2147c,c3,DROP,688,?,x9,
1769089039.542481,FORWARDED,67a55ed0-6757-4b16-b35e-9a2a0038f61b,0f8ddb35-e713-442f-9fe7-acfe3cf2147c,c3,DROP,688,?,x9,
1769089039.5680676,RECEIVED,2f18cb6a-cd54-45f2-a3d3-870b34e6e813,664adb02-f2ac-4b99-b4e7-f527842b460a,c4,c1,1452,e7,?,
1769089039.600402,SENT,03e2be73-07a5-467b-86fe-4144ff27d0aa,9a5c69bd-b553-4c50-a190-be65926c1b37,c3,DROP,684,?,x3,
1769089039.6004431,FORWARDED,03e2be73-07a5-467b-86fe-4144ff27d0aa,9a5c69bd-b553-4c50-a190-be65926c1b37,c3,DROP,684,?,x3,
1769089039.6403587,RECEIVED,16f7fbb9-90ed-4caa-907d-504769fdc570,b75c8d11-dc6b-4392-b7c2-5479dba1d0d4,c3,DROP,1008,e1,?,
1769089039.6607985,SENT,2f18cb6a-cd54-45f2-a3d3-870b34e6e813,664adb02-f2ac-4b99-b4e7-f527842b460a,c4,c1,1016,?,x9,
1769089039.6608388,FORWARDED,2f18cb6a-cd54-45f2-a3d3-870b34e6e813,664adb02-f2ac-4b99-b4e7-f527842b460a,c4,c1,1016,?,x9,
1769089039.7485285,SENT,16f7fbb9-90ed-4caa-907d-504769fdc570,b75c8d11-dc6b-4392-b7c2-5479dba1d0d4,c3,DROP,683,?,x6,
1769089039.748569,FORWARDED,16f7fbb9-90ed-4caa-907d-504769fdc570,b75c8d11-dc6b-4392-b7c2-5479dba1d0d4,c3,DROP,683,?,x6,
1769089039.8500164,RECEIVED,c459eeb3-aafe-4d00-8f4d-5ee7ce32b07c,1b9f18f8-262a-4131-b609-cc2249efac47,c1,c3,1452,e12,?,
1769089039.9207947,RECEIVED,fd045d73-c137-40d5-90c1-e734e4516136,23d6a2db-6b1f-4ce2-940c-925cf1da39b0,c1,DROP,1019,e10,?,
1769089040.1207538,SENT,c459eeb3-aafe-4d00-8f4d-5ee7ce32b07c,1b9f18f8-262a-4131-b609-cc2249efac47,c1,c3,1015,?,x8,
1769089040.1207943,FORWARDED,c459eeb3-aafe-4d00-8f4d-5ee7ce32b07c,1b9f18f8-262a-4131-b609-cc2249efac47,c1,c3,1015,?,x8,
1769089040.2404108,RECEIVED,03ccee7b-b327-4267-81eb-7643ce7b0a81,14450d86-3b79-432c-83a6-9b5118bb341b,c5,c4,1451,e2,?,
1769089040.345357,RECEIVED,f8571812-678a-4be9-85a5-f9d1a152d14d,9d652b7a-57ff-4c66-ad16-42c35814cb7a,c3,DROP,1014,e7,?,
1769089040.4221337,SENT,f8571812-678a-4be9-85a5-f9d1a152d14d,9d652b7a-57ff-4c66-ad16-42c35814cb7a,c3,DROP,687,?,x1,
1769089040.4221735,FORWARDED,f8571812-678a-4be9-85a5-f9d1a152d14d,9d652b7a-57ff-4c66-ad16-42c35814cb7a,c3,DROP,687,?,x1,
1769089040.8703825,SENT,03ccee7b-b327-4267-81eb-7643ce7b0a81,14450d86-3b79-432c-83a6-9b5118bb341b,c5,c4,1015,?,x8,
1769089040.8704214,FORWARDED,03ccee7b-b327-4267-81eb-7643ce7b0a81,14450d86-3b79-432c-83a6-9b5118bb341b,c5,c4,1015,?,x8,
1769089040.9492238,RECEIVED,2cddf60e-ab8f-49e8-82fe-5e5aa458c0e5,aa6b1329-e26b-40dc-8ca2-713aad9579a9,c1,c3,1455,e12,?,
1769089040.9514468,RECEIVED,6d13309a-a2b1-4a76-a2f3-5d83244644ba,911db7c2-f002-437c-a6e3-8d44df3131fe,c2,DROP,1015,e10,?,
1769089041.1018372,RECEIVED,8fda1934-72cc-41fe-814b-644b5d3ad310,6e514c79-131e-4d0c-8003-08bcefb3b9a8,c2,c3,1451,e4,?,
1769089041.2651868,SENT,6d13309a-a2b1-4a76-a2f3-5d83244644ba,911db7c2-f002-437c-a6e3-8d44df3131fe,c2,DROP,689,?,x2,
1769089041.2652261,FORWARDED,6d13309a-a2b1-4a76-a2f3-5d83244644ba,911db7c2-f002-437c-a6e3-8d44df3131fe,c2,DROP,689,?,x2,
1769089041.3303163,RECEIVED,151eb917-8239-470d-8fa5-878e9d40a710,db84fdfe-001c-442e-9eff-72e022681246,c2,DROP,438,x7,?,
1769089041.3568146,RECEIVED,4430f4c5-5977-4ce1-bf45-847fa34622e5,69de96a0-125b-4497-b84e-0ab379324d11,c3,c4,1456,e12,?,
1769089041.3911762,SENT,fd045d73-c137-40d5-90c1-e734e4516136,23d6a2db-6b1f-4ce2-940c-925cf1da39b0,c1,DROP,692,?,x11,
1769089041.3912158,FORWARDED,fd045d73-c137-40d5-90c1-e734e4516136,23d6a2db-6b1f-4ce2-940c-925cf1da39b0,c1,DROP,692,?,x11,
1769089041.4594834,RECEIVED,88f62d31-4dd3-4a2f-8737-280d078a6d95,eb888b8a-5355-424b-92a4-0b3cfca3a795,c4,DROP,1016,e8,?,
1769089041.4688985,RECEIVED,9647bfae-034c-4535-9484-87cc912094ea,ba979b19-fda2-42fc-9ded-2018641928cf,c2,DROP,441,x12,?,
1769089041.4712107,SENT,4430f4c5-5977-4ce1-bf45-847fa34622e5,69de96a0-125b-4497-b84e-0ab379324d11,c3,c4,1019,?,x8,
1769089041.47125,FORWARDED,4430f4c5-5977-4ce1-bf45-847fa34622e5,69de96a0-125b-4497-b84e-0ab379324d11,c3,c4,1019,?,x8,
1769089041.5387404,SENT,88f62d31-4dd3-4a2f-8737-280d078a6d95,eb888b8a-5355-424b-92a4-0b3cfca3a795,c4,DROP,688,?,x2,
1769089041.5387797,FORWARDED,88f62d31-4dd3-4a2f-8737-280d078a6d95,eb888b8a-5355-424b-92a4-0b3cfca3a795,c4,DROP,688,?,x2,
1769089041.6177778,RECEIVED,d32b763f-c200-4c9b-ad28-ac64ceb76e00,753a083f-7fb5-40ad-b126-a67fc62263c9,c2,c3,1443,e7,?,
1769089041.7070758,SENT,2cddf60e-ab8f-49e8-82fe-5e5aa458c0e5,aa6b1329-e26b-40dc-8ca2-713aad9579a9,c1,c3,1019,?,x1,
1769089041.7071183,FORWARDED,2cddf60e-ab8f-49e8-82fe-5e5aa458c0e5,aa6b1329-e26b-40dc-8ca2-713aad9579a9,c1,c3,1019,?,x1,
1769089041.7297115,SENT,8fda1934-72cc-41fe-814b-644b5d3ad310,6e514c79-131e-4d0c-8003-08bcefb3b9a8,c2,c3,1015,?,x5,
1769089041.729751,FORWARDED,8fda1934-72cc-41fe-814b-644b5d3ad310,6e514c79-131e-4d0c-8003-08bcefb3b9a8,c2,c3,1015,?,x5,
1769089041.808096,RECEIVED,9cfa893e-2833-41d7-beb7-1cdf34f3c063,6fc03192-32cd-438c-a23d-c8dd3844c481,c3,DROP,1010,e4,?,
1769089041.9557693,SENT,d32b763f-c200-4c9b-ad28-ac64ceb76e00,753a083f-7fb5-40ad-b126-a67fc62263c9,c2,c3,1011,?,x7,
1769089041.9558096,FORWARDED,d32b763f-c200-4c9b-ad28-ac64ceb76e00,753a083f-7fb5-40ad-b126-a67fc62263c9,c2,c3,1011,?,x7,
1769089042.2987998,RECEIVED,405fff84-0e14-4570-a04f-c275a6ec648f,68bde0f3-a405-49d2-984e-58c613c66e65,c1,c3,1447,e5,?,
1769089042.5148666,RECEIVED,57b3744e-e708-4e66-8cd9-9ddaa0900667,05531451-d4bf-43c7-ab64-82fd185ab581,c3,DROP,1011,e11,?,
1769089042.5845318,RECEIVED,061b2ef8-29cd-4d2e-8676-4242bfb71d68,786379a4-5cad-4ee6-86aa-060bfd44a400,c5,DROP,1012,e8,?,
1769089042.8984647,SENT,405fff84-0e14-4570-a04f-c275a6ec648f,68bde0f3-a405-49d2-984e-58c613c66e65,c1,c3,1014,?,x7,
1769089042.8985066,FORWARDED,405fff84-0e14-4570-a04f-c275a6ec648f,68bde0f3-a405-49d2-984e-58c613c66e65,c1,c3,1014,?,x7,
1769089043.0241091,SENT,57b3744e-e708-4e66-8cd9-9ddaa0900667,05531451-d4bf-43c7-ab64-82fd185ab581,c3,DROP,687,?,x6,
1769089043.0241516,FORWARDED,57b3744e-e708-4e66-8cd9-9ddaa0900667,05531451-d4bf-43c7-ab64-82fd185ab581,c3,DROP,687,?,x6,
1769089043.066211,SENT,061b2ef8-29cd-4d2e-8676-4242bfb71d68,786379a4-5cad-4ee6-86aa-060bfd44a400,c5,DROP,685,?,x4,
1769089043.0662537,FORWARDED,061b2ef8-29cd-4d2e-8676-4242bfb71d68,786379a4-5cad-4ee6-86aa-060bfd44a400,c5,DROP,685,?,x4,
1769089043.2374766,RECEIVED,2d524a88-71b0-4db0-8cb2-b9a71c58f46e,4d0af983-e980-45f7-831e-22fa76defc4f,c2,c3,1462,e12,?,
1769089043.26857,SENT,2d524a88-71b0-4db0-8cb2-b9a71c58f46e,4d0af983-e980-45f7-831e-22fa76defc4f,c2,c3,1023,?,x11,
1769089043.2686114,FORWARDED,2d524a88-71b0-4db0-8cb2-b9a71c58f46e,4d0af983-e980-45f7-831e-22fa76defc4f,c2,c3,1023,?,x11,
1769089043.3586445,RECEIVED,7b5e60b8-e8e2-44e5-9c7f-af0576373fd8,c1e3922b-e428-4646-9e11-72f8eb33bfdd,c1,c3,1450,e7,?,
1769089043.6994953,RECEIVED,3a5ac4f8-9d7f-4ff0-ad7d-ddcb90f35f79,cba138ce-a83b-40d6-a863-23a1765a1253,c1,DROP,1011,e6,?,
1769089043.709502,RECEIVED,b982b61b-515f-42f0-a403-8eba9dd6ed24,805244a9-8fff-49d2-ae72-4659a26b426e,c1,c3,1456,e10,?,
1769089043.7727623,SENT,b982b61b-515f-42f0-a403-8eba9dd6ed24,805244a9-8fff-49d2-ae72-4659a26b426e,c1,c3,1019,?,x1,
1769089043.7728035,FORWARDED,b982b61b-515f-42f0-a403-8eba9dd6ed24,805244a9-8fff-49d2-ae72-4659a26b426e,c1,c3,1019,?,x1,
1769089043.7990131,SENT,9cfa893e-2833-41d7-beb7-1cdf34f3c063,6fc03192-32cd-438c-a23d-c8dd3844c481,c3,DROP,687,?,x2,
1769089043.7990627,FORWARDED,9cfa893e-2833-41d7-beb7-1cdf34f3c063,6fc03192-32cd-438c-a23d-c8dd3844c481,c3,DROP,687,?,x2,
1769089043.8559482,RECEIVED,a3cc9643-94ec-47af-b78d-4ab46eaad0f8,8b631e7a-c8f4-472b-81c9-45e3926d07c9,c1,c3,1451,e2,?,
1769089043.9321513,SENT,7b5e60b8-e8e2-44e5-9c7f-af0576373fd8,c1e3922b-e428-4646-9e11-72f8eb33bfdd,c1,c3,1015,?,x8,
1769089043.9321911,FORWARDED,7b5e60b8-e8e2-44e5-9c7f-af0576373fd8,c1e3922b-e428-4646-9e11-72f8eb33bfdd,c1,c3,1015,?,x8,
1769089044.2212737,RECEIVED,10f9550b-39d2-48cd-a34a-0a4c780e032a,70ad367f-1279-468d-bd7f-35cda9e39d6d,c5,DROP,1010,e7,?,
1769089044.2421174,RECEIVED,f7bc4043-fbe6-46a2-8f6b-3896a42f64c2,09c24f57-19eb-4047-92b5-deea4bde9bc3,c2,c3,1460,e12,?,
1769089044.3848026,SENT,f7bc4043-fbe6-46a2-8f6b-3896a42f64c2,09c24f57-19eb-4047-92b5-deea4bde9bc3,c2,c3,1022,?,x7,
1769089044.3848438,FORWARDED,f7bc4043-fbe6-46a2-8f6b-3896a42f64c2,09c24f57-19eb-4047-92b5-deea4bde9bc3,c2,c3,1022,?,x7,
1769089044.4711537,RECEIVED,b0698473-0c38-4e80-9d8d-68ce8b315e6e,2b768719-66b9-4538-8c5b-a3b7138ca089,c4,DROP,1007,e6,?,
1769089044.5551028,RECEIVED,f1925791-13ca-433f-b2e3-80010591cade,1e672d67-c920-409d-9ab8-12770372f66f,c1,DROP,442,x5,?,
1769089044.5639808,SENT,b0698473-0c38-4e80-9d8d-68ce8b315e6e,2b768719-66b9-4538-8c5b-a3b7138ca089,c4,DROP,683,?,x3,
1769089044.5640235,FORWARDED,b0698473-0c38-4e80-9d8d-68ce8b315e6e,2b768719-66b9-4538-8c5b-a3b7138ca089,c4,DROP,683,?,x3,
1769089044.6072774,RECEIVED,0193c757-9400-4422-b2bf-7b1ee794986e,59851bed-158a-4344-a2b7-7145e77a68f0,c5,DROP,1008,e10,?,
1769089044.6824877,SENT,10f9550b-39d2-48cd-a34a-0a4c780e032a,70ad367f-1279-468d-bd7f-35cda9e39d6d,c5,DROP,685,?,x7,
1769089044.6825304,FORWARDED,10f9550b-39d2-48cd-a34a-0a4c780e032a,70ad367f-1279-468d-bd7f-35cda9e39d6d,c5,DROP,685,?,x7,
1769089044.689276,SENT,0193c757-9400-4422-b2bf-7b1ee794986e,59851bed-158a-4344-a2b7-7145e77a68f0,c5,DROP,684,?,x4,
1769089044.689316,FORWARDED,0193c757-9400-4422-b2bf-7b1ee794986e,59851bed-158a-4344-a2b7-7145e77a68f0,c5,DROP,684,?,x4,
1769089044.6985574,SENT,3a5ac4f8-9d7f-4ff0-ad7d-ddcb90f35f79,cba138ce-a83b-40d6-a863-23a1765a1253,c1,DROP,687,?,x1,
1769089044.6986005,FORWARDED,3a5ac4f8-9d7f-4ff0-ad7d-ddcb90f35f79,cba138ce-a83b-40d6-a863-23a1765a1253,c1,DROP,687,?,x1,
1769089044.8256562,SENT,a3cc9643-94ec-47af-b78d-4ab46eaad0f8,8b631e7a-c8f4-472b-81c9-45e3926d07c9,c1,c3,1015,?,x8,
1769089044.8256993,FORWARDED,a3cc9643-94ec-47af-b78d-4ab46eaad0f8,8b631e7a-c8f4-472b-81c9-45e3926d07c9,c1,c3,1015,?,x8,
1769089045.0589948,RECEIVED,7ffc0068-8bbb-4ab3-b5b3-1ee7d4ab9a48,c8f7998b-d78b-448b-a0fd-7a38a24b1703,c4,c1,1442,e12,?,
1769089045.3843129,RECEIVED,adc71cef-82f3-418f-aa57-335bcffb1e5a,5926af14-6840-469a-83dd-de80af87ff72,c4,DROP,1009,e6,?,
1769089045.4805636,RECEIVED,889222cc-3263-45fe-a76e-8667915d3f40,d190b38f-b468-49ec-a0fa-cb8892508ca2,c3,DROP,1014,e8,?,
1769089045.4906437,SENT,adc71cef-82f3-418f-aa57-335bcffb1e5a,5926af14-6840-469a-83dd-de80af87ff72,c4,DROP,683,?,x10,
1769089045.4906847,FORWARDED,adc71cef-82f3-418f-aa57-335bcffb1e5a,5926af14-6840-469a-83dd-de80af87ff72,c4,DROP,683,?,x10,
1769089045.5812056,RECEIVED,735c8131-c0d3-4f98-b569-87b12834c437,d6dada63-56f6-4740-b87d-c1d5dffee2ac,c5,DROP,1015,e7,?,
1769089045.891916,SENT,7ffc0068-8bbb-4ab3-b5b3-1ee7d4ab9a48,c8f7998b-d78b-448b-a0fd-7a38a24b1703,c4,c1,1011,?,x3,
1769089045.891958,FORWARDED,7ffc0068-8bbb-4ab3-b5b3-1ee7d4ab9a48,c8f7998b-d78b-448b-a0fd-7a38a24b1703,c4,c1,1011,?,x3,
1769089046.0847733,RECEIVED,01c56147-7150-4791-bc09-52e45c3833cc,494756e0-ff5e-4bb9-aee2-3af6fbc392a8,c1,c3,1460,e8,?,
1769089046.1026556,RECEIVED,0d096e40-8962-4849-b615-e40b1ad12afc,0d932281-1aa8-4c5c-97b0-b8a3b9d2e1aa,c1,DROP,441,x4,?,
1769089046.115903,SENT,889222cc-3263-45fe-a76e-8667915d3f40,d190b38f-b468-49ec-a0fa-cb8892508ca2,c3,DROP,689,?,x4,
1769089046.1159544,FORWARDED,889222cc-3263-45fe-a76e-8667915d3f40,d190b38f-b468-49ec-a0fa-cb8892508ca2,c3,DROP,689,?,x4,
1769089046.174492,RECEIVED,e94de34c-d987-4b71-88fe-465863759b43,41cd9131-424f-46a2-9cea-cd6a4b2f9e5a,c3,DROP,1004,e6,?,
1769089046.2888775,RECEIVED,9059e5a0-0969-4354-9030-94ffdc235ad2,98073a93-21bc-4af6-a764-ec536ae826f4,c3,c4,1452,e2,?,
1769089046.306123,SENT,735c8131-c0d3-4f98-b569-87b12834c437,d6dada63-56f6-4740-b87d-c1d5dffee2ac,c5,DROP,689,?,x8,
1769089046.3061576,FORWARDED,735c8131-c0d3-4f98-b569-87b12834c437,d6dada63-56f6-4740-b87d-c1d5dffee2ac,c5,DROP,689,?,x8,
1769089046.3811507,SENT,9059e5a0-0969-4354-9030-94ffdc235ad2,98073a93-21bc-4af6-a764-ec536ae826f4,c3,c4,1016,?,x7,
1769089046.3811905,FORWARDED,9059e5a0-0969-4354-9030-94ffdc235ad2,98073a93-21bc-4af6-a764-ec536ae826f4,c3,c4,1016,?,x7,
1769089046.4598174,RECEIVED,a2edaa1f-f764-4ce0-8406-ec69add270f9,bffb8658-64dc-475b-b702-af6d5739e355,c4,c1,1456,e2,?,
1769089046.4936376,RECEIVED,ad6f57ce-ad10-40bf-ae48-4db1b6dd272a,c5da99a6-31ab-4b8a-966b-8c877c0f1a64,c3,DROP,1008,e11,?,
1769089046.5047755,RECEIVED,d97ea216-553f-4595-a953-fa57922201fb,11b64927-994b-4955-a7fc-33120e2b24f9,c5,c4,1452,e6,?,
1769089046.5405564,RECEIVED,9aeca841-026a-4ef7-920d-2382db1d1c31,c29f44d4-bb71-41d3-872e-348a0186447a,c5,DROP,1008,e8,?,
1769089046.5995538,SENT,9aeca841-026a-4ef7-920d-2382db1d1c31,c29f44d4-bb71-41d3-872e-348a0186447a,c5,DROP,682,?,x7,
1769089046.5995939,FORWARDED,9aeca841-026a-4ef7-920d-2382db1d1c31,c29f44d4-bb71-41d3-872e-348a0186447a,c5,DROP,682,?,x7,
1769089046.6057796,SENT,d97ea216-553f-4595-a953-fa57922201fb,11b64927-994b-4955-a7fc-33120e2b24f9,c5,c4,1015,?,x1,
1769089046.6058154,FORWARDED,d97ea216-553f-4595-a953-fa57922201fb,11b64927-994b-4955-a7fc-33120e2b24f9,c5,c4,1015,?,x1,
1769089046.6222546,SENT,e94de34c-d987-4b71-88fe-465863759b43,41cd9131-424f-46a2-9cea-cd6a4b2f9e5a,c3,DROP,679,?,x8,
1769089046.622297,FORWARDED,e94de34c-d987-4b71-88fe-465863759b43,41cd9131-424f-46a2-9cea-cd6a4b2f9e5a,c3,DROP,679,?,x8,
1769089046.6317556,SENT,ad6f57ce-ad10-40bf-ae48-4db1b6dd272a,c5da99a6-31ab-4b8a-966b-8c877c0f1a64,c3,DROP,683,?,x3,
1769089046.631797,FORWARDED,ad6f57ce-ad10-40bf-ae48-4db1b6dd272a,c5da99a6-31ab-4b8a-966b-8c877c0f1a64,c3,DROP,683,?,x3,
1769089046.736203,RECEIVED,6fcf54f7-4f7b-42d5-a5ad-3a3796528028,aa7eb0ce-785d-4f88-acad-980b69c12910,c4,DROP,1007,e6,?,
1769089046.7410867,RECEIVED,3b91ad06-8552-443b-8efe-e8a4fe8d3229,b6b15385-af64-48d9-8139-7467955751c1,c3,c4,1456,e9,?,
1769089047.059357,SENT,01c56147-7150-4791-bc09-52e45c3833cc,494756e0-ff5e-4bb9-aee2-3af6fbc392a8,c1,c3,1023,?,x12,
1769089047.0594056,FORWARDED,01c56147-7150-4791-bc09-52e45c3833cc,494756e0-ff5e-4bb9-aee2-3af6fbc392a8,c1,c3,1023,?,x12,
1769089047.1158373,RECEIVED,9ae01f01-7367-40b4-8b0f-ea305f064d85,3942f791-9895-4056-9d18-e6def7615c0b,c2,DROP,1008,e11,?,
1769089047.1619055,SENT,9ae01f01-7367-40b4-8b0f-ea305f064d85,3942f791-9895-4056-9d18-e6def7615c0b,c2,DROP,683,?,x4,
1769089047.1619473,FORWARDED,9ae01f01-7367-40b4-8b0f-ea305f064d85,3942f791-9895-4056-9d18-e6def7615c0b,c2,DROP,683,?,x4,
1769089047.1732595,SENT,6fcf54f7-4f7b-42d5-a5ad-3a3796528028,aa7eb0ce-785d-4f88-acad-980b69c12910,c4,DROP,684,?,x10,
1769089047.1732984,FORWARDED,6fcf54f7-4f7b-42d5-a5ad-3a3796528028,aa7eb0ce-785d-4f88-acad-980b69c12910,c4,DROP,684,?,x10,
1769089047.197237,RECEIVED,ef535826-528b-4c8b-bde1-45319638b172,87ff1cf3-c3da-4bdb-b384-5d4c6ac50cd5,c3,DROP,441,x2,?,
1769089047.2061305,RECEIVED,e3b5e9cd-6ec2-48b5-b796-8692bf9ec74a,9761703a-532a-42f6-8eb8-c5ff5a38c1f1,c3,DROP,1008,e2,?,
1769089047.3136594,SENT,e3b5e9cd-6ec2-48b5-b796-8692bf9ec74a,9761703a-532a-42f6-8eb8-c5ff5a38c1f1,c3,DROP,683,?,x8,
1769089047.3136988,FORWARDED,e3b5e9cd-6ec2-48b5-b796-8692bf9ec74a,9761703a-532a-42f6-8eb8-c5ff5a38c1f1,c3,DROP,683,?,x8,
1769089047.3604705,RECEIVED,5f322d40-27eb-4bbf-882b-4889d6058ce3,9b44be87-4b04-4f8d-9256-c740a9a43d38,c3,DROP,442,x10,?,
1769089047.3859444,RECEIVED,34e1dc52-85ef-4891-af9b-cfb4d5958903,61a48cde-3dfc-4d32-8900-0bb0557bcc24,c1,DROP,441,x1,?,
1769089047.444918,RECEIVED,04312b8e-9b59-4ea9-b97c-0ebd7a126c83,54b0bcf5-694f-4f55-87e0-0dfb11eacded,c3,DROP,1007,e10,?,
1769089047.4722123,SENT,3b91ad06-8552-443b-8efe-e8a4fe8d3229,b6b15385-af64-48d9-8139-7467955751c1,c3,c4,1019,?,x12,
1769089047.4722488,FORWARDED,3b91ad06-8552-443b-8efe-e8a4fe8d3229,b6b15385-af64-48d9-8139-7467955751c1,c3,c4,1019,?,x12,
1769089047.6182175,RECEIVED,4d0a0f7c-d2cd-4d46-b8f2-5d40cdbc2ae7,04b2eb2a-028a-4cfa-9641-aecd16cdda9b,c5,DROP,1009,e3,?,
1769089047.6774175,SENT,4d0a0f7c-d2cd-4d46-b8f2-5d40cdbc2ae7,04b2eb2a-028a-4cfa-9641-aecd16cdda9b,c5,DROP,683,?,x12,
1769089047.6774518,FORWARDED,4d0a0f7c-d2cd-4d46-b8f2-5d40cdbc2ae7,04b2eb2a-028a-4cfa-9641-aecd16cdda9b,c5,DROP,683,?,x12,
1769089047.6937401,RECEIVED,6713a8ce-4078-403a-8ca0-64b159970ab4,97b321d8-0b19-4cee-8694-485789f8dbd7,c1,DROP,1009,e4,?,
1769089047.779545,SENT,6713a8ce-4078-403a-8ca0-64b159970ab4,97b321d8-0b19-4cee-8694-485789f8dbd7,c1,DROP,684,?,x4,
1769089047.7795818,FORWARDED,6713a8ce-4078-403a-8ca0-64b159970ab4,97b321d8-0b19-4cee-8694-485789f8dbd7,c1,DROP,684,?,x4,
1769089047.827935,RECEIVED,add6356c-ac09-43f9-9f3e-b2a97e97786a,46566aae-df0b-40c1-8058-b117c1627017,c3,c4,1450,e12,?,
1769089047.8550093,RECEIVED,2bbf5a5c-997c-4bc3-9011-c72c63169f6e,99da3955-5b85-4fc2-989d-7306f7d85384,c2,c3,1455,e12,?,
1769089047.8736603,RECEIVED,7f50bdbe-37ef-4e53-af01-b839f8e601fe,313bdafe-c661-4744-93e2-aaf5de398848,c5,c4,1451,e1,?,
1769089047.9578052,RECEIVED,f76260ff-c9a7-4c0b-ab00-a598d945a5d3,c21170d2-4aae-4376-bfdb-2315894c346c,c3,c4,1448,e9,?,
1769089048.071388,SENT,f76260ff-c9a7-4c0b-ab00-a598d945a5d3,c21170d2-4aae-4376-bfdb-2315894c346c,c3,c4,1012,?,x6,
1769089048.071427,FORWARDED,f76260ff-c9a7-4c0b-ab00-a598d945a5d3,c21170d2-4aae-4376-bfdb-2315894c346c,c3,c4,1012,?,x6,
1769089048.3786685,RECEIVED,f3e1d24e-3872-469b-babc-7e7073b82c48,2079d175-cc23-4bc7-b569-9eff8cc2fdc6,c5,DROP,1007,e5,?,
1769089048.4704435,SENT,a2edaa1f-f764-4ce0-8406-ec69add270f9,bffb8658-64dc-475b-b702-af6d5739e355,c4,c1,1020,?,x10,
1769089048.4704845,FORWARDED,a2edaa1f-f764-4ce0-8406-ec69add270f9,bffb8658-64dc-475b-b702-af6d5739e355,c4,c1,1020,?,x10,
1769089048.5844495,SENT,04312b8e-9b59-4ea9-b97c-0ebd7a126c83,54b0bcf5-694f-4f55-87e0-0dfb11eacded,c3,DROP,683,?,x6,
1769089048.584489,FORWARDED,04312b8e-9b59-4ea9-b97c-0ebd7a126c83,54b0bcf5-694f-4f55-87e0-0dfb11eacded,c3,DROP,683,?,x6,
1769089048.6547081,RECEIVED,a90944ec-e110-4c59-b8c4-fd5c8d62f804,a9046fde-06b1-4eb7-aa06-eb3ae48b039e,c2,c3,1447,e8,?,
1769089048.844912,SENT,f3e1d24e-3872-469b-babc-7e7073b82c48,2079d175-cc23-4bc7-b569-9eff8cc2fdc6,c5,DROP,684,?,x3,
1769089048.8449621,FORWARDED,f3e1d24e-3872-469b-babc-7e7073b82c48,2079d175-cc23-4bc7-b569-9eff8cc2fdc6,c5,DROP,684,?,x3,
1769089048.9462156,SENT,7f50bdbe-37ef-4e53-af01-b839f8e601fe,313bdafe-c661-4744-93e2-aaf5de398848,c5,c4,1016,?,x7,
1769089048.946256,FORWARDED,7f50bdbe-37ef-4e53-af01-b839f8e601fe,313bdafe-c661-4744-93e2-aaf5de398848,c5,c4,1016,?,x7,
1769089049.0362515,RECEIVED,fc8772c9-ba00-494c-a35d-93c483d398db,7aa7081e-f6e2-43fb-8e84-4903137837a1,c4,c1,1457,e12,?,
1769089049.0468612,RECEIVED,d31910ac-f1c0-436c-8d65-0f9f03cfe144,5ddefe4b-09fb-436d-8764-ccae48865988,c3,c4,1456,e4,?,
1769089049.0624733,RECEIVED,9d336aca-c34b-4314-b5df-da0501d36f00,3216064e-9302-4078-a97a-87a04cc359c1,c1,c3,1459,e1,?,
1769089049.1388226,RECEIVED,49ece67e-4146-4404-bbfd-2ddb65d71ff4,73d7909e-809f-4d20-982b-2ffa9ea471ad,c1,c3,1451,e4,?,
1769089049.147771,SENT,d31910ac-f1c0-436c-8d65-0f9f03cfe144,5ddefe4b-09fb-436d-8764-ccae48865988,c3,c4,1019,?,x1,
1769089049.1478128,FORWARDED,d31910ac-f1c0-436c-8d65-0f9f03cfe144,5ddefe4b-09fb-436d-8764-ccae48865988,c3,c4,1019,?,x1,
1769089049.2248132,SENT,fc8772c9-ba00-494c-a35d-93c483d398db,7aa7081e-f6e2-43fb-8e84-4903137837a1,c4,c1,1019,?,x12,
1769089049.2248535,FORWARDED,fc8772c9-ba00-494c-a35d-93c483d398db,7aa7081e-f6e2-43fb-8e84-4903137837a1,c4,c1,1019,?,x12,
1769089049.2348146,RECEIVED,82d13506-e988-4269-835d-7b8b5bd40c30,5b157277-78ad-4f23-b758-088e249aed39,c1,DROP,1004,e9,?,
1769089049.3234427,RECEIVED,bf4ae524-9072-43ce-9840-e6de7fea0d33,3fae64ea-87be-41c7-bc25-ff58afe21885,c2,DROP,436,x3,?,
1769089049.3264546,SENT,82d13506-e988-4269-835d-7b8b5bd40c30,5b157277-78ad-4f23-b758-088e249aed39,c1,DROP,679,?,x8,
1769089049.326494,FORWARDED,82d13506-e988-4269-835d-7b8b5bd40c30,5b157277-78ad-4f23-b758-088e249aed39,c1,DROP,679,?,x8,
1769089049.3819928,SENT,add6356c-ac09-43f9-9f3e-b2a97e97786a,46566aae-df0b-40c1-8058-b117c1627017,c3,c4,1015,?,x4,
1769089049.3820336,FORWARDED,add6356c-ac09-43f9-9f3e-b2a97e97786a,46566aae-df0b-40c1-8058-b117c1627017,c3,c4,1015,?,x4,
1769089049.4284635,RECEIVED,a28b3c99-cfd3-4a65-8318-fded11ac7fad,19e16476-e4a6-4c44-a398-9c7a8d52522b,c3,DROP,1007,e8,?,
1769089049.4930978,RECEIVED,4f7ebecf-57a8-45cc-9569-bf33d92e7289,ddb389e8-d862-44cb-a1da-c1a035ce0021,c3,c4,1448,e9,?,
1769089049.4972796,RECEIVED,ff7635e0-86d9-47f3-8a1d-8eebac7a4efc,9ad1a3b4-2659-407b-8982-df78ac00dd8e,c5,c4,1455,e11,?,
1769089049.527374,RECEIVED,7233ac08-08bc-414c-bf6c-44d1f190251b,05670341-e528-49c6-b767-bf745262a1ce,c2,DROP,442,x4,?,
1769089049.53678,RECEIVED,8d46d1a5-2b82-4a36-8381-ca22c7b2bbec,d449990d-92cc-4a8a-b40f-4603f77da710,c5,c4,1453,e12,?,
1769089049.5838223,SENT,4f7ebecf-57a8-45cc-9569-bf33d92e7289,ddb389e8-d862-44cb-a1da-c1a035ce0021,c3,c4,1012,?,x3,
1769089049.5839205,FORWARDED,4f7ebecf-57a8-45cc-9569-bf33d92e7289,ddb389e8-d862-44cb-a1da-c1a035ce0021,c3,c4,1012,?,x3,
1769089049.5875947,SENT,49ece67e-4146-4404-bbfd-2ddb65d71ff4,73d7909e-809f-4d20-982b-2ffa9ea471ad,c1,c3,1015,?,x1,
1769089049.5876338,FORWARDED,49ece67e-4146-4404-bbfd-2ddb65d71ff4,73d7909e-809f-4d20-982b-2ffa9ea471ad,c1,c3,1015,?,x1,
1769089049.7146719,SENT,9d336aca-c34b-4314-b5df-da0501d36f00,3216064e-9302-4078-a97a-87a04cc359c1,c1,c3,1021,?,x9,
1769089049.7147095,FORWARDED,9d336aca-c34b-4314-b5df-da0501d36f00,3216064e-9302-4078-a97a-87a04cc359c1,c1,c3,1021,?,x9,
1769089049.7710059,RECEIVED,55eaa7d0-e700-448e-84ef-6630a67becac,9df2ec9b-8b53-411b-8e62-885e64a65771,c2,c3,1461,e8,?,
1769089049.8215926,SENT,55eaa7d0-e700-448e-84ef-6630a67becac,9df2ec9b-8b53-411b-8e62-885e64a65771,c2,c3,1023,?,x11,
1769089049.8216333,FORWARDED,55eaa7d0-e700-448e-84ef-6630a67becac,9df2ec9b-8b53-411b-8e62-885e64a65771,c2,c3,1023,?,x11,
1769089049.8609865,SENT,a28b3c99-cfd3-4a65-8318-fded11ac7fad,19e16476-e4a6-4c44-a398-9c7a8d52522b,c3,DROP,683,?,x1,
1769089049.861027,FORWARDED,a28b3c99-cfd3-4a65-8318-fded11ac7fad,19e16476-e4a6-4c44-a398-9c7a8d52522b,c3,DROP,683,?,x1,
1769089049.8657765,SENT,2bbf5a5c-997c-4bc3-9011-c72c63169f6e,99da3955-5b85-4fc2-989d-7306f7d85384,c2,c3,1019,?,x4,
1769089049.8658195,FORWARDED,2bbf5a5c-997c-4bc3-9011-c72c63169f6e,99da3955-5b85-4fc2-989d-7306f7d85384,c2,c3,1019,?,x4,
1769089049.9340906,SENT,8d46d1a5-2b82-4a36-8381-ca22c7b2bbec,d449990d-92cc-4a8a-b40f-4603f77da710,c5,c4,1015,?,x12,
1769089049.9341333,FORWARDED,8d46d1a5-2b82-4a36-8381-ca22c7b2bbec,d449990d-92cc-4a8a-b40f-4603f77da710,c5,c4,1015,?,x12,
1769089050.201874,SENT,a90944ec-e110-4c59-b8c4-fd5c8d62f804,a9046fde-06b1-4eb7-aa06-eb3ae48b039e,c2,c3,1013,?,x10,
1769089050.2019246,FORWARDED,a90944ec-e110-4c59-b8c4-fd5c8d62f804,a9046fde-06b1-4eb7-aa06-eb3ae48b039e,c2,c3,1013,?,x10,
1769089050.2542486,RECEIVED,235c5fc8-8f15-47b9-a41f-40d3c6e4817c,06499cdc-c3bc-4014-b5e8-0d24fdec431a,c1,c3,1454,e12,?,
1769089050.7738087,RECEIVED,a1e1adb8-6685-4118-ab1e-d42bfbe84ccc,27289641-aa6f-4f40-a345-6758578c8118,c4,c1,1457,e7,?,
1769089050.8246331,RECEIVED,c019eef1-dc16-4914-bf12-842cd12242ef,a6595ed4-16b5-433f-b0e2-63227c49342e,c3,c4,1446,e2,?,
1769089051.102016,SENT,a1e1adb8-6685-4118-ab1e-d42bfbe84ccc,27289641-aa6f-4f40-a345-6758578c8118,c4,c1,1020,?,x11,
1769089051.102299,FORWARDED,a1e1adb8-6685-4118-ab1e-d42bfbe84ccc,27289641-aa6f-4f40-a345-6758578c8118,c4,c1,1020,?,x11,
1769089051.393557,RECEIVED,5a075ad9-14f5-4cc5-ac18-8eacacd4d5d8,4844ea7e-137f-4c54-a356-6c66dee1214d,c1,DROP,442,x3,?,
1769089051.4118774,RECEIVED,0fd66f2f-b1f2-47a2-9f64-4595078f43b5,f36df13a-11e4-422e-813b-9e16dbe5be13,c5,c4,1443,e2,?,
1769089051.42731,SENT,ff7635e0-86d9-47f3-8a1d-8eebac7a4efc,9ad1a3b4-2659-407b-8982-df78ac00dd8e,c5,c4,1019,?,x2,
1769089051.42735,FORWARDED,ff7635e0-86d9-47f3-8a1d-8eebac7a4efc,9ad1a3b4-2659-407b-8982-df78ac00dd8e,c5,c4,1019,?,x2,
1769089051.5378778,RECEIVED,c8a95624-0d67-49f7-a610-adac28589ab8,be0494e0-44b0-4714-b03d-9a09e58a6843,c4,c1,1444,e9,?,
1769089051.607625,SENT,c8a95624-0d67-49f7-a610-adac28589ab8,be0494e0-44b0-4714-b03d-9a09e58a6843,c4,c1,1011,?,x9,
1769089051.6076643,FORWARDED,c8a95624-0d67-49f7-a610-adac28589ab8,be0494e0-44b0-4714-b03d-9a09e58a6843,c4,c1,1011,?,x9,
1769089051.7366557,RECEIVED,d58ac200-aed0-4cb7-a55f-8038a318334e,967a19c9-d6da-4cfd-a4cd-df718f2ca327,c4,c1,1444,e6,?,
1769089051.8095696,SENT,d58ac200-aed0-4cb7-a55f-8038a318334e,967a19c9-d6da-4cfd-a4cd-df718f2ca327,c4,c1,1011,?,x3,
1769089051.8096118,FORWARDED,d58ac200-aed0-4cb7-a55f-8038a318334e,967a19c9-d6da-4cfd-a4cd-df718f2ca327,c4,c1,1011,?,x3,
1769089052.1063287,RECEIVED,e7046bcc-ffb1-4dc9-ac8e-d62c927f629f,77a8deef-adf6-467e-a20d-af26c1f7772a,c2,DROP,1006,e1,?,
1769089052.132877,RECEIVED,8842b1d0-a098-4417-9ca4-fe9631178269,bbe6210c-903c-41fc-8467-1d0dc54686ec,c5,DROP,1008,e5,?,
1769089052.1601708,RECEIVED,cb9bd0a2-e5f4-41c3-b69a-f5d4229560d4,2a59661a-994e-448f-bad8-bb63ac52c735,c2,DROP,1011,e8,?,
1769089052.2623088,RECEIVED,210ab3b3-0abd-4efb-b886-e06967168f6d,1312935f-9b82-47b9-917c-b2b516e35bbd,c3,DROP,442,x6,?,
1769089052.5159743,RECEIVED,dae0b668-dd4d-498a-91d7-563f1d239240,a893e7c1-e045-4c0a-845a-963a9ed5eda5,c4,DROP,1015,e8,?,
1769089052.523418,SENT,8842b1d0-a098-4417-9ca4-fe9631178269,bbe6210c-903c-41fc-8467-1d0dc54686ec,c5,DROP,683,?,x10,
1769089052.5234568,FORWARDED,8842b1d0-a098-4417-9ca4-fe9631178269,bbe6210c-903c-41fc-8467-1d0dc54686ec,c5,DROP,683,?,x10,
1769089052.6218097,SENT,cb9bd0a2-e5f4-41c3-b69a-f5d4229560d4,2a59661a-994e-448f-bad8-bb63ac52c735,c2,DROP,685,?,x6,
1769089052.6218462,FORWARDED,cb9bd0a2-e5f4-41c3-b69a-f5d4229560d4,2a59661a-994e-448f-bad8-bb63ac52c735,c2,DROP,685,?,x6,
1769089052.7526953,RECEIVED,f787f62f-f080-42f4-89b0-59db6409c6ec,6d12383b-f6ce-4c39-a1c7-22ed56b81a69,c5,DROP,441,x3,?,
1769089052.7713325,SENT,e7046bcc-ffb1-4dc9-ac8e-d62c927f629f,77a8deef-adf6-467e-a20d-af26c1f7772a,c2,DROP,684,?,x8,
1769089052.7713726,FORWARDED,e7046bcc-ffb1-4dc9-ac8e-d62c927f629f,77a8deef-adf6-467e-a20d-af26c1f7772a,c2,DROP,684,?,x8,
1769089052.7782545,SENT,c019eef1-dc16-4914-bf12-842cd12242ef,a6595ed4-16b5-433f-b0e2-63227c49342e,c3,c4,1012,?,x8,
1769089052.7782953,FORWARDED,c019eef1-dc16-4914-bf12-842cd12242ef,a6595ed4-16b5-433f-b0e2-63227c49342e,c3,c4,1012,?,x8,
1769089052.8756027,RECEIVED,d498851e-d084-4c87-80e1-97f8a7426683,6947e1a8-6a1e-4c81-958a-23830768c2ea,c2,DROP,442,x2,?,
1769089052.8959465,SENT,dae0b668-dd4d-498a-91d7-563f1d239240,a893e7c1-e045-4c0a-845a-963a9ed5eda5,c4,DROP,688,?,x10,
1769089052.8959875,FORWARDED,dae0b668-dd4d-498a-91d7-563f1d239240,a893e7c1-e045-4c0a-845a-963a9ed5eda5,c4,DROP,688,?,x10,
1769089052.9004495,SENT,235c5fc8-8f15-47b9-a41f-40d3c6e4817c,06499cdc-c3bc-4014-b5e8-0d24fdec431a,c1,c3,1019,?,x5,
1769089052.9004893,FORWARDED,235c5fc8-8f15-47b9-a41f-40d3c6e4817c,06499cdc-c3bc-4014-b5e8-0d24fdec431a,c1,c3,1019,?,x5,
1769089053.1669264,SENT,0fd66f2f-b1f2-47a2-9f64-4595078f43b5,f36df13a-11e4-422e-813b-9e16dbe5be13,c5,c4,1011,?,x3,
1769089053.1669621,FORWARDED,0fd66f2f-b1f2-47a2-9f64-4595078f43b5,f36df13a-11e4-422e-813b-9e16dbe5be13,c5,c4,1011,?,x3,
1769089053.2636974,RECEIVED,d262db80-72a9-4ec9-b8d0-5cfe935f4405,3a27542b-a072-48d9-945a-b80ab8ee87bf,c4,DROP,1007,e12,?,
1769089053.2994394,RECEIVED,fb52112a-4c40-47f0-9d91-1afa27f5fd85,29ae0ca1-faa6-4805-87d7-e792e431ca1e,c3,DROP,1024,e10,?,
1769089053.429511,SENT,fb52112a-4c40-47f0-9d91-1afa27f5fd85,29ae0ca1-faa6-4805-87d7-e792e431ca1e,c3,DROP,694,?,x9,
1769089053.4295459,FORWARDED,fb52112a-4c40-47f0-9d91-1afa27f5fd85,29ae0ca1-faa6-4805-87d7-e792e431ca1e,c3,DROP,694,?,x9,
1769089053.9218154,SENT,d262db80-72a9-4ec9-b8d0-5cfe935f4405,3a27542b-a072-48d9-945a-b80ab8ee87bf,c4,DROP,684,?,x4,
1769089053.9218516,FORWARDED,d262db80-72a9-4ec9-b8d0-5cfe935f4405,3a27542b-a072-48d9-945a-b80ab8ee87bf,c4,DROP,684,?,x4,
1769089054.2152839,RECEIVED,7a9bac14-7596-44a4-8f0c-f25b189a3ff3,73e7c81a-b8de-4955-9bb6-4489558a8200,c2,DROP,441,x4,?,
1769089054.3822966,RECEIVED,27e31691-bdd8-4863-95ee-9a5b014fe0ca,95b3cce6-0162-4e0e-9d25-b35600656e31,c5,DROP,1016,e8,?,
1769089054.5423336,RECEIVED,23b41fef-6716-4fb2-a177-2f7b22157223,de61c942-0b45-4484-986e-b989b9190eea,c3,DROP,442,x3,?,
1769089054.5919175,SENT,27e31691-bdd8-4863-95ee-9a5b014fe0ca,95b3cce6-0162-4e0e-9d25-b35600656e31,c5,DROP,688,?,x2,
1769089054.5919578,FORWARDED,27e31691-bdd8-4863-95ee-9a5b014fe0ca,95b3cce6-0162-4e0e-9d25-b35600656e31,c5,DROP,688,?,x2,
1769089054.7135928,RECEIVED,98379d46-113a-49d2-9940-7c92fef7b773,21b2d13f-abc4-4ab9-ae06-ba7fc7c80253,c2,DROP,1020,e9,?,
1769089054.713807,RECEIVED,91d01d94-3b86-44af-adf6-3c5e91893871,8f4a51ef-7612-418c-891f-12f379245503,c2,DROP,1008,e1,?,
1769089054.7959158,SENT,91d01d94-3b86-44af-adf6-3c5e91893871,8f4a51ef-7612-418c-891f-12f379245503,c2,DROP,683,?,x4,
1769089054.795958,FORWARDED,91d01d94-3b86-44af-adf6-3c5e91893871,8f4a51ef-7612-418c-891f-12f379245503,c2,DROP,683,?,x4,
1769089054.8065681,RECEIVED,9b3e0779-5b15-4bcc-bc99-b8ab5ff63ab7,eda5cded-1591-4d78-a442-d3b34891081c,c1,c3,1452,e10,?,
1769089054.9894917,SENT,98379d46-113a-49d2-9940-7c92fef7b773,21b2d13f-abc4-4ab9-ae06-ba7fc7c80253,c2,DROP,692,?,x12,
1769089054.989534,FORWARDED,98379d46-113a-49d2-9940-7c92fef7b773,21b2d13f-abc4-4ab9-ae06-ba7fc7c80253,c2,DROP,692,?,x12,
1769089055.6769047,SENT,9b3e0779-5b15-4bcc-bc99-b8ab5ff63ab7,eda5cded-1591-4d78-a442-d3b34891081c,c1,c3,1016,?,x12,
1769089055.67695,FORWARDED,9b3e0779-5b15-4bcc-bc99-b8ab5ff63ab7,eda5cded-1591-4d78-a442-d3b34891081c,c1,c3,1016,?,x12,
1769089055.67844,RECEIVED,59238dba-6b48-4515-9758-c3f71042b5a7,7050bdf5-98cd-4a89-8cbc-1043b7e1075d,c4,DROP,995,e3,?,
1769089055.7376323,RECEIVED,8d43f5aa-67c7-4f97-b2ad-e6cda2238f78,6a87ac3b-2f71-4a7d-9e90-51092252f87a,c3,DROP,1013,e7,?,
1769089055.7893667,SENT,8d43f5aa-67c7-4f97-b2ad-e6cda2238f78,6a87ac3b-2f71-4a7d-9e90-51092252f87a,c3,DROP,687,?,x2,
1769089055.789408,FORWARDED,8d43f5aa-67c7-4f97-b2ad-e6cda2238f78,6a87ac3b-2f71-4a7d-9e90-51092252f87a,c3,DROP,687,?,x2,
1769089055.7957458,RECEIVED,bc2e3d60-e734-4818-bcf6-a0c84b1a9770,42928e1a-55b0-44f6-95e3-1b1d2619e5c8,c1,c3,1452,e12,?,
1769089055.8447995,RECEIVED,a9b8fef0-4c51-460c-87a4-ac68ff660e0b,5062f6ca-5724-4540-b02e-1364f06815af,c4,DROP,1016,e5,?,
1769089056.024575,SENT,bc2e3d60-e734-4818-bcf6-a0c84b1a9770,42928e1a-55b0-44f6-95e3-1b1d2619e5c8,c1,c3,1016,?,x7,
1769089056.0246193,FORWARDED,bc2e3d60-e734-4818-bcf6-a0c84b1a9770,42928e1a-55b0-44f6-95e3-1b1d2619e5c8,c1,c3,1016,?,x7,
1769089056.207887,SENT,a9b8fef0-4c51-460c-87a4-ac68ff660e0b,5062f6ca-5724-4540-b02e-1364f06815af,c4,DROP,689,?,x6,
1769089056.2079537,FORWARDED,a9b8fef0-4c51-460c-87a4-ac68ff660e0b,5062f6ca-5724-4540-b02e-1364f06815af,c4,DROP,689,?,x6,
1769089056.2800636,RECEIVED,bcd3343a-14dc-4e80-aa76-e22cd103e6b9,201217fd-ec06-48ae-a359-3cacf995ed0a,c3,DROP,1011,e1,?,
1769089056.3210046,RECEIVED,46121a19-220b-4dc8-9645-2b5350b2e953,e7523671-b9d2-4a4c-af4b-f363d9a12d96,c1,DROP,446,x3,?,
1769089056.6709065,RECEIVED,18f61b38-e280-4889-9a14-3e2c3d01fef3,8a42cfdf-0905-4c33-9cd0-3dc1f546cc8e,c1,DROP,441,x11,?,
1769089056.7290807,SENT,59238dba-6b48-4515-9758-c3f71042b5a7,7050bdf5-98cd-4a89-8cbc-1043b7e1075d,c4,DROP,675,?,x1,
1769089056.7291203,FORWARDED,59238dba-6b48-4515-9758-c3f71042b5a7,7050bdf5-98cd-4a89-8cbc-1043b7e1075d,c4,DROP,675,?,x1,
1769089056.8174286,SENT,bcd3343a-14dc-4e80-aa76-e22cd103e6b9,201217fd-ec06-48ae-a359-3cacf995ed0a,c3,DROP,687,?,x8,
1769089056.8174672,FORWARDED,bcd3343a-14dc-4e80-aa76-e22cd103e6b9,201217fd-ec06-48ae-a359-3cacf995ed0a,c3,DROP,687,?,x8,
1769089057.4222572,RECEIVED,d74435fd-820b-4542-9c37-34e7e6cccc00,f4b55367-24d4-4f38-a76a-52448127db71,c5,c4,1457,e11,?,
1769089057.459217,SENT,d74435fd-820b-4542-9c37-34e7e6cccc00,f4b55367-24d4-4f38-a76a-52448127db71,c5,c4,1019,?,x10,
1769089057.4592588,FORWARDED,d74435fd-820b-4542-9c37-34e7e6cccc00,f4b55367-24d4-4f38-a76a-52448127db71,c5,c4,1019,?,x10,
1769089057.505665,RECEIVED,f75463e0-cd4c-484d-9453-8c64c964bd54,8861453b-d576-4237-861a-5dab6093b4fc,c1,DROP,440,x12,?,
1769089057.5868034,RECEIVED,b59b2d8a-b3f5-46bc-81fe-55c32d174729,8eb24f67-1285-4337-8476-5dcb4b946dea,c2,DROP,441,x12,?,
1769089057.7057188,RECEIVED,0864b235-72a7-4f13-aabe-e25589062494,ddfcb0e8-a652-4c68-ae78-b1317e22e83b,c3,c4,1447,e12,?,
1769089057.8131752,RECEIVED,b355d445-6d59-4cc7-b3d9-b0d2982ce553,b9e6a285-7958-4e65-9984-e4ff87479525,c5,DROP,442,x12,?,
1769089058.022275,RECEIVED,d82c231a-8dcf-4aa1-a485-09e8b86a2eae,72490194-ac54-4d9b-b6cf-c253e005c593,c4,c1,1443,e6,?,
1769089058.2886765,RECEIVED,7ae829a9-b4e4-4362-95c0-97e1692b2fad,daff9bc9-7cd4-427b-9eec-acf4e4b06f4e,c3,DROP,1008,e5,?,
1769089058.4311464,SENT,0864b235-72a7-4f13-aabe-e25589062494,ddfcb0e8-a652-4c68-ae78-b1317e22e83b,c3,c4,1012,?,x6,
1769089058.431189,FORWARDED,0864b235-72a7-4f13-aabe-e25589062494,ddfcb0e8-a652-4c68-ae78-b1317e22e83b,c3,c4,1012,?,x6,
1769089058.4409251,SENT,7ae829a9-b4e4-4362-95c0-97e1692b2fad,daff9bc9-7cd4-427b-9eec-acf4e4b06f4e,c3,DROP,683,?,x2,
1769089058.4409668,FORWARDED,7ae829a9-b4e4-4362-95c0-97e1692b2fad,daff9bc9-7cd4-427b-9eec-acf4e4b06f4e,c3,DROP,683,?,x2,
1769089058.8602457,RECEIVED,1e327897-7bf1-4333-91df-4a27f454eb19,87fea769-c6da-43e0-855d-0efa603f28ff,c1,c3,1448,e2,?,
1769089059.0561864,SENT,1e327897-7bf1-4333-91df-4a27f454eb19,87fea769-c6da-43e0-855d-0efa603f28ff,c1,c3,1012,?,x3,
1769089059.0562294,FORWARDED,1e327897-7bf1-4333-91df-4a27f454eb19,87fea769-c6da-43e0-855d-0efa603f28ff,c1,c3,1012,?,x3,
1769089059.16655,RECEIVED,2b15f5b7-33ac-4200-9ad4-fa3f4a0d47a6,39d2342d-1c58-44de-b315-8c6ed50d681a,c2,c3,1465,e5,?,
1769089059.2407427,SENT,d82c231a-8dcf-4aa1-a485-09e8b86a2eae,72490194-ac54-4d9b-b6cf-c253e005c593,c4,c1,1010,?,x8,
1769089059.2407846,FORWARDED,d82c231a-8dcf-4aa1-a485-09e8b86a2eae,72490194-ac54-4d9b-b6cf-c253e005c593,c4,c1,1010,?,x8,
1769089059.2866588,RECEIVED,34a2ff76-24f5-4d81-9035-79dc4f8af268,fdd09174-fae2-4a7f-b0ab-724dd158214a,c4,DROP,1011,e7,?,
1769089059.3448944,RECEIVED,3e34a868-48ee-4d1e-8615-e37d92fb6ff3,dc3a11ba-6a82-4892-ade4-8075f18f20f2,c5,DROP,1019,e11,?,
1769089059.37066,SENT,2b15f5b7-33ac-4200-9ad4-fa3f4a0d47a6,39d2342d-1c58-44de-b315-8c6ed50d681a,c2,c3,1024,?,x10,
1769089059.3707013,FORWARDED,2b15f5b7-33ac-4200-9ad4-fa3f4a0d47a6,39d2342d-1c58-44de-b315-8c6ed50d681a,c2,c3,1024,?,x10,
1769089059.386913,RECEIVED,2920c824-75cf-44ba-809f-78e0cdf029d9,8c83bc0d-a796-433b-be12-38402b53b7fb,c2,DROP,1012,e12,?,
1769089059.4436426,SENT,34a2ff76-24f5-4d81-9035-79dc4f8af268,fdd09174-fae2-4a7f-b0ab-724dd158214a,c4,DROP,685,?,x3,
1769089059.4436805,FORWARDED,34a2ff76-24f5-4d81-9035-79dc4f8af268,fdd09174-fae2-4a7f-b0ab-724dd158214a,c4,DROP,685,?,x3,
1769089059.6383615,SENT,2920c824-75cf-44ba-809f-78e0cdf029d9,8c83bc0d-a796-433b-be12-38402b53b7fb,c2,DROP,686,?,x3,
1769089059.6384027,FORWARDED,2920c824-75cf-44ba-809f-78e0cdf029d9,8c83bc0d-a796-433b-be12-38402b53b7fb,c2,DROP,686,?,x3,
1769089059.6389945,RECEIVED,e6b6281c-e66f-41cf-abb6-343ee5021d3e,089b6289-21de-4e35-ba6f-f8df708f5473,c4,c1,1456,e1,?,
1769089059.7261093,RECEIVED,48b63e29-7c9c-4fdc-9b7f-1abaa11d66e9,b632af28-6138-43df-8b0b-51be26f8d537,c2,DROP,1011,e11,?,
1769089059.7354712,RECEIVED,1554cf9b-28e0-436e-9aaf-274e85ed8937,628e852f-3d70-42ea-85d2-6be053745e09,c5,DROP,1007,e12,?,
1769089059.9908478,SENT,e6b6281c-e66f-41cf-abb6-343ee5021d3e,089b6289-21de-4e35-ba6f-f8df708f5473,c4,c1,1019,?,x10,
1769089059.9908879,FORWARDED,e6b6281c-e66f-41cf-abb6-343ee5021d3e,089b6289-21de-4e35-ba6f-f8df708f5473,c4,c1,1019,?,x10,
1769089060.1298194,SENT,1554cf9b-28e0-436e-9aaf-274e85ed8937,628e852f-3d70-42ea-85d2-6be053745e09,c5,DROP,683,?,x3,
1769089060.1298602,FORWARDED,1554cf9b-28e0-436e-9aaf-274e85ed8937,628e852f-3d70-42ea-85d2-6be053745e09,c5,DROP,683,?,x3,
1769089060.1781075,SENT,48b63e29-7c9c-4fdc-9b7f-1abaa11d66e9,b632af28-6138-43df-8b0b-51be26f8d537,c2,DROP,686,?,x4,
1769089060.1781476,FORWARDED,48b63e29-7c9c-4fdc-9b7f-1abaa11d66e9,b632af28-6138-43df-8b0b-51be26f8d537,c2,DROP,686,?,x4,
1769089060.2177017,RECEIVED,516dc6a7-ac34-4e5f-b78f-de374a3ecfe3,048f78fc-5454-4f44-b73b-5c8fc959c4a9,c2,c3,1452,e1,?,
1769089060.3078709,RECEIVED,915c05c3-10cf-4951-9aec-e7bbb962d207,b78d1292-39f4-4fad-962d-a7261306749b,c2,DROP,1008,e3,?,
1769089060.3402176,RECEIVED,fc0658ee-b0c7-492c-855f-7a5e30405e9e,b733762b-5d4a-4f56-90f7-ef7e0e00d114,c1,c3,1451,e9,?,
1769089060.4453616,SENT,915c05c3-10cf-4951-9aec-e7bbb962d207,b78d1292-39f4-4fad-962d-a7261306749b,c2,DROP,683,?,x5,
1769089060.445402,FORWARDED,915c05c3-10cf-4951-9aec-e7bbb962d207,b78d1292-39f4-4fad-962d-a7261306749b,c2,DROP,683,?,x5,
1769089060.479859,RECEIVED,ccd37028-9256-4006-9a9e-7aa20181a5df,e2dc5913-d70f-4285-b1a9-bfadfb70cd7a,c4,c1,1444,e8,?,
1769089060.5739934,RECEIVED,57c7c901-184f-4aa1-94c6-e9a94cef096a,b9e5ba63-995e-4e65-ab91-be83360bc834,c2,DROP,441,x11,?,
1769089060.623409,SENT,516dc6a7-ac34-4e5f-b78f-de374a3ecfe3,048f78fc-5454-4f44-b73b-5c8fc959c4a9,c2,c3,1015,?,x12,
1769089060.623448,FORWARDED,516dc6a7-ac34-4e5f-b78f-de374a3ecfe3,048f78fc-5454-4f44-b73b-5c8fc959c4a9,c2,c3,1015,?,x12,
1769089060.6318605,RECEIVED,0b48f0a3-9ccb-490a-a832-3a24f8b8d6bf,a59a50a3-b295-4e68-968d-59a42cc17ffe,c1,DROP,1008,e11,?,
1769089060.7426815,SENT,0b48f0a3-9ccb-490a-a832-3a24f8b8d6bf,a59a50a3-b295-4e68-968d-59a42cc17ffe,c1,DROP,683,?,x4,
1769089060.742722,FORWARDED,0b48f0a3-9ccb-490a-a832-3a24f8b8d6bf,a59a50a3-b295-4e68-968d-59a42cc17ffe,c1,DROP,683,?,x4,
1769089060.9228125,SENT,fc0658ee-b0c7-492c-855f-7a5e30405e9e,b733762b-5d4a-4f56-90f7-ef7e0e00d114,c1,c3,1015,?,x9,
1769089060.923187,FORWARDED,fc0658ee-b0c7-492c-855f-7a5e30405e9e,b733762b-5d4a-4f56-90f7-ef7e0e00d114,c1,c3,1015,?,x9,
1769089061.0757,RECEIVED,3abdc18c-293d-4c20-be78-370cf18432a1,11b74eab-0c37-48f3-90ec-b14f0e594ee4,c5,c4,1456,e10,?,
1769089061.1349776,SENT,3e34a868-48ee-4d1e-8615-e37d92fb6ff3,dc3a11ba-6a82-4892-ade4-8075f18f20f2,c5,DROP,692,?,x7,
1769089061.1350186,FORWARDED,3e34a868-48ee-4d1e-8615-e37d92fb6ff3,dc3a11ba-6a82-4892-ade4-8075f18f20f2,c5,DROP,692,?,x7,
1769089061.1624622,RECEIVED,caaeed90-84a6-4487-b6e4-4160e6e14295,aef65230-b992-40f8-bdc6-dcf9a147a65f,c1,c3,1456,e7,?,
1769089061.4600794,RECEIVED,fc9507af-8abf-44ed-9b81-bbd016989e2a,6bad052c-4a27-4c45-b408-99b02ce0bfc2,c3,c4,1450,e2,?,
1769089061.6331043,SENT,caaeed90-84a6-4487-b6e4-4160e6e14295,aef65230-b992-40f8-bdc6-dcf9a147a65f,c1,c3,1020,?,x11,
1769089061.633143,FORWARDED,caaeed90-84a6-4487-b6e4-4160e6e14295,aef65230-b992-40f8-bdc6-dcf9a147a65f,c1,c3,1020,?,x11,
1769089061.901647,RECEIVED,c75fea93-7862-492b-9fa9-3a2ae4c00dc7,dd9651ea-388a-494a-89c5-2d6c7d049524,c2,DROP,1009,e4,?,
1769089061.969061,SENT,c75fea93-7862-492b-9fa9-3a2ae4c00dc7,dd9651ea-388a-494a-89c5-2d6c7d049524,c2,DROP,683,?,x11,
1769089061.969097,FORWARDED,c75fea93-7862-492b-9fa9-3a2ae4c00dc7,dd9651ea-388a-494a-89c5-2d6c7d049524,c2,DROP,683,?,x11,
1769089062.1272519,SENT,ccd37028-9256-4006-9a9e-7aa20181a5df,e2dc5913-d70f-4285-b1a9-bfadfb70cd7a,c4,c1,1011,?,x10,
1769089062.1272926,FORWARDED,ccd37028-9256-4006-9a9e-7aa20181a5df,e2dc5913-d70f-4285-b1a9-bfadfb70cd7a,c4,c1,1011,?,x10,
1769089062.1752167,RECEIVED,87a9accf-ce3f-4e1e-b378-0512e1682e30,f5e4ce15-ae37-4c5d-b645-81246021c8d2,c1,c3,1444,e1,?,
1769089062.2803257,RECEIVED,d3c871d0-d652-4628-b453-1e5999fb5422,297a7e72-ec6a-43e4-afec-a1b4c5023142,c5,c4,1449,e4,?,
1769089062.2846265,SENT,fc9507af-8abf-44ed-9b81-bbd016989e2a,6bad052c-4a27-4c45-b408-99b02ce0bfc2,c3,c4,1016,?,x9,
1769089062.284662,FORWARDED,fc9507af-8abf-44ed-9b81-bbd016989e2a,6bad052c-4a27-4c45-b408-99b02ce0bfc2,c3,c4,1016,?,x9,
1769089062.2988262,SENT,87a9accf-ce3f-4e1e-b378-0512e1682e30,f5e4ce15-ae37-4c5d-b645-81246021c8d2,c1,c3,1011,?,x5,
1769089062.2990909,FORWARDED,87a9accf-ce3f-4e1e-b378-0512e1682e30,f5e4ce15-ae37-4c5d-b645-81246021c8d2,c1,c3,1011,?,x5,
1769089062.3102367,SENT,d3c871d0-d652-4628-b453-1e5999fb5422,297a7e72-ec6a-43e4-afec-a1b4c5023142,c5,c4,1014,?,x3,
1769089062.3102753,FORWARDED,d3c871d0-d652-4628-b453-1e5999fb5422,297a7e72-ec6a-43e4-afec-a1b4c5023142,c5,c4,1014,?,x3,
1769089062.3645353,SENT,3abdc18c-293d-4c20-be78-370cf18432a1,11b74eab-0c37-48f3-90ec-b14f0e594ee4,c5,c4,1019,?,x10,
1769089062.3645773,FORWARDED,3abdc18c-293d-4c20-be78-370cf18432a1,11b74eab-0c37-48f3-90ec-b14f0e594ee4,c5,c4,1019,?,x10,
1769089062.4425406,RECEIVED,c5b13b7e-a8d9-4cd8-b2c5-75d9e3d5fe2b,87c19882-d63b-4c5e-838f-afd62d6d83b4,c3,c4,1443,e7,?,
1769089062.6965265,RECEIVED,432d5b90-44b7-4418-af16-aa9a4c2dbffd,7caa021e-6055-483d-8830-f9796d34017b,c5,c4,1452,e1,?,
1769089062.7141678,RECEIVED,2590af9f-3294-401d-bfae-9459e0bcc63e,fad013d8-866c-4bf5-9528-b0fac45844ff,c3,DROP,1014,e4,?,
1769089062.748125,RECEIVED,df059729-1036-43ec-bc3f-d488915d1064,be58c761-45b4-4e6a-8505-af326c9442ae,c3,DROP,1003,e4,?,
1769089062.7493942,SENT,2590af9f-3294-401d-bfae-9459e0bcc63e,fad013d8-866c-4bf5-9528-b0fac45844ff,c3,DROP,687,?,x12,
1769089062.7494333,FORWARDED,2590af9f-3294-401d-bfae-9459e0bcc63e,fad013d8-866c-4bf5-9528-b0fac45844ff,c3,DROP,687,?,x12,
1769089063.0277998,RECEIVED,053111f2-3d80-4770-85d1-89a3b18f1cb3,772791d3-c289-441c-8dc9-1842753226d3,c5,DROP,1003,e7,?,
1769089063.0625763,RECEIVED,c11c5862-4fb4-437c-ad33-ec524e4fa5c6,65c22bf1-7396-446d-93d6-aef69aa5aa2e,c2,c3,1451,e5,?,
1769089063.087898,SENT,432d5b90-44b7-4418-af16-aa9a4c2dbffd,7caa021e-6055-483d-8830-f9796d34017b,c5,c4,1015,?,x8,
1769089063.0879364,FORWARDED,432d5b90-44b7-4418-af16-aa9a4c2dbffd,7caa021e-6055-483d-8830-f9796d34017b,c5,c4,1015,?,x8,
1769089063.137566,SENT,c11c5862-4fb4-437c-ad33-ec524e4fa5c6,65c22bf1-7396-446d-93d6-aef69aa5aa2e,c2,c3,1015,?,x1,
1769089063.1376085,FORWARDED,c11c5862-4fb4-437c-ad33-ec524e4fa5c6,65c22bf1-7396-446d-93d6-aef69aa5aa2e,c2,c3,1015,?,x1,
1769089063.199107,RECEIVED,9a140a8d-1b80-4c27-992f-0433def7429a,c558469b-a819-43be-966d-ed82bb57d3a0,c4,c1,1444,e5,?,
1769089063.2882679,SENT,df059729-1036-43ec-bc3f-d488915d1064,be58c761-45b4-4e6a-8505-af326c9442ae,c3,DROP,681,?,x8,
1769089063.2883067,FORWARDED,df059729-1036-43ec-bc3f-d488915d1064,be58c761-45b4-4e6a-8505-af326c9442ae,c3,DROP,681,?,x8,
1769089063.3467813,RECEIVED,6e65b112-0fbe-4d29-aec8-d2a5c9fb4c24,add4e6ad-fcd2-4eac-848e-35f9f3a13ffe,c3,c4,1452,e1,?,
1769089063.372906,RECEIVED,137debac-26f8-487a-a323-5b5164184c37,a857b935-be30-488b-b64d-51b0e7b2cbb7,c4,c1,1444,e5,?,
1769089063.438311,SENT,137debac-26f8-487a-a323-5b5164184c37,a857b935-be30-488b-b64d-51b0e7b2cbb7,c4,c1,1011,?,x8,
1769089063.4383516,FORWARDED,137debac-26f8-487a-a323-5b5164184c37,a857b935-be30-488b-b64d-51b0e7b2cbb7,c4,c1,1011,?,x8,
1769089063.4580405,SENT,9a140a8d-1b80-4c27-992f-0433def7429a,c558469b-a819-43be-966d-ed82bb57d3a0,c4,c1,1011,?,x6,
1769089063.4580934,FORWARDED,9a140a8d-1b80-4c27-992f-0433def7429a,c558469b-a819-43be-966d-ed82bb57d3a0,c4,c1,1011,?,x6,
1769089063.4714415,SENT,6e65b112-0fbe-4d29-aec8-d2a5c9fb4c24,add4e6ad-fcd2-4eac-848e-35f9f3a13ffe,c3,c4,1015,?,x7,
1769089063.4714923,FORWARDED,6e65b112-0fbe-4d29-aec8-d2a5c9fb4c24,add4e6ad-fcd2-4eac-848e-35f9f3a13ffe,c3,c4,1015,?,x7,
1769089063.566205,RECEIVED,f11e084e-8a2f-43b9-930d-2e2e89273956,3d5021fd-441e-47b8-9582-a2c9e0868f3e,c4,DROP,1007,e8,?,
1769089063.6985047,RECEIVED,5afdbe8a-c1a9-469f-a988-565ddb086942,2c60216d-dc46-4595-b0c3-4823f23e83a3,c5,c4,1451,e8,?,
1769089063.7473326,SENT,c5b13b7e-a8d9-4cd8-b2c5-75d9e3d5fe2b,87c19882-d63b-4c5e-838f-afd62d6d83b4,c3,c4,1011,?,x7,
1769089063.747376,FORWARDED,c5b13b7e-a8d9-4cd8-b2c5-75d9e3d5fe2b,87c19882-d63b-4c5e-838f-afd62d6d83b4,c3,c4,1011,?,x7,
1769089063.8003411,RECEIVED,4e2981dc-cccb-4739-91d0-6a0af0ae5dff,9b549f4a-949d-45d1-8e8c-dc0a0e9d2382,c1,c3,1442,e3,?,
1769089064.1045103,RECEIVED,eb9267dc-25a1-4564-8090-a437f85d250e,a4ba86cd-0d96-4200-a0ff-bd5b9cca4fe9,c5,DROP,1011,e12,?,
1769089064.2734876,RECEIVED,3b051771-e044-41ab-96b7-9f81930a0699,ec3dc917-85e3-4b3a-963e-281a11c1d6d2,c1,c3,1456,e3,?,
1769089064.396591,RECEIVED,ebcc0fa4-7d8d-4bd2-9fd4-8006ca9c6911,e5bd459d-4ff1-4bd0-ab8d-85278d2ede82,c3,c4,1443,e10,?,
1769089064.4782298,SENT,5afdbe8a-c1a9-469f-a988-565ddb086942,2c60216d-dc46-4595-b0c3-4823f23e83a3,c5,c4,1015,?,x3,
1769089064.4782712,FORWARDED,5afdbe8a-c1a9-469f-a988-565ddb086942,2c60216d-dc46-4595-b0c3-4823f23e83a3,c5,c4,1015,?,x3,
1769089064.5988076,SENT,f11e084e-8a2f-43b9-930d-2e2e89273956,3d5021fd-441e-47b8-9582-a2c9e0868f3e,c4,DROP,684,?,x6,
1769089064.5988464,FORWARDED,f11e084e-8a2f-43b9-930d-2e2e89273956,3d5021fd-441e-47b8-9582-a2c9e0868f3e,c4,DROP,684,?,x6,
1769089065.0449462,SENT,053111f2-3d80-4770-85d1-89a3b18f1cb3,772791d3-c289-441c-8dc9-1842753226d3,c5,DROP,679,?,x9,
1769089065.044987,FORWARDED,053111f2-3d80-4770-85d1-89a3b18f1cb3,772791d3-c289-441c-8dc9-1842753226d3,c5,DROP,679,?,x9,
1769089065.0776827,SENT,ebcc0fa4-7d8d-4bd2-9fd4-8006ca9c6911,e5bd459d-4ff1-4bd0-ab8d-85278d2ede82,c3,c4,1011,?,x5,
1769089065.0777256,FORWARDED,ebcc0fa4-7d8d-4bd2-9fd4-8006ca9c6911,e5bd459d-4ff1-4bd0-ab8d-85278d2ede82,c3,c4,1011,?,x5,
1769089065.1479561,SENT,3b051771-e044-41ab-96b7-9f81930a0699,ec3dc917-85e3-4b3a-963e-281a11c1d6d2,c1,c3,1019,?,x10,
1769089065.1479976,FORWARDED,3b051771-e044-41ab-96b7-9f81930a0699,ec3dc917-85e3-4b3a-963e-281a11c1d6d2,c1,c3,1019,?,x10,
1769089065.1700883,RECEIVED,43fdad9d-864e-4e73-a184-3a528c076bb2,e3261d39-3ca5-482a-b265-f8ad95d88c13,c5,c4,1452,e7,?,
1769089065.177191,RECEIVED,38990005-4115-4dad-888d-d5b2be658a2f,5263630a-7ae2-478f-80a0-4d8ec686930e,c1,c3,1447,e9,?,
1769089065.4037344,SENT,38990005-4115-4dad-888d-d5b2be658a2f,5263630a-7ae2-478f-80a0-4d8ec686930e,c1,c3,1012,?,x7,
1769089065.403777,FORWARDED,38990005-4115-4dad-888d-d5b2be658a2f,5263630a-7ae2-478f-80a0-4d8ec686930e,c1,c3,1012,?,x7,
1769089065.4047885,RECEIVED,fb7fefc3-9b14-4835-9ee5-b6d5075c5ca2,65aa166b-df8b-4c63-8717-a16805d604b8,c1,c3,1455,e9,?,
1769089065.4158337,SENT,43fdad9d-864e-4e73-a184-3a528c076bb2,e3261d39-3ca5-482a-b265-f8ad95d88c13,c5,c4,1016,?,x3,
1769089065.415877,FORWARDED,43fdad9d-864e-4e73-a184-3a528c076bb2,e3261d39-3ca5-482a-b265-f8ad95d88c13,c5,c4,1016,?,x3,
1769089065.4896367,RECEIVED,e07ced1c-fdbb-4d5e-919b-afde7ff494da,60f0a8a8-081b-4451-a381-99027c4bd36d,c2,DROP,1008,e8,?,
1769089065.5165946,RECEIVED,b128c805-2db7-42be-a901-a4abcdeb6376,e6740b27-2c3e-4e49-8619-67fc8a0ebb06,c2,DROP,1009,e4,?,
1769089065.6773555,RECEIVED,36a1471e-4149-43e1-9192-72445d489782,992f618f-14be-439a-b23c-b59a2cbce2cc,c2,c3,1457,e7,?,
1769089065.7144027,SENT,36a1471e-4149-43e1-9192-72445d489782,992f618f-14be-439a-b23c-b59a2cbce2cc,c2,c3,1018,?,x5,
1769089065.7144425,FORWARDED,36a1471e-4149-43e1-9192-72445d489782,992f618f-14be-439a-b23c-b59a2cbce2cc,c2,c3,1018,?,x5,
1769089065.7161603,SENT,b128c805-2db7-42be-a901-a4abcdeb6376,e6740b27-2c3e-4e49-8619-67fc8a0ebb06,c2,DROP,684,?,x10,
1769089065.7161956,FORWARDED,b128c805-2db7-42be-a901-a4abcdeb6376,e6740b27-2c3e-4e49-8619-67fc8a0ebb06,c2,DROP,684,?,x10,
1769089065.7896788,SENT,fb7fefc3-9b14-4835-9ee5-b6d5075c5ca2,65aa166b-df8b-4c63-8717-a16805d604b8,c1,c3,1019,?,x5,
1769089065.789726,FORWARDED,fb7fefc3-9b14-4835-9ee5-b6d5075c5ca2,65aa166b-df8b-4c63-8717-a16805d604b8,c1,c3,1019,?,x5,
1769089065.8099892,RECEIVED,eb60c2c8-c638-4a20-84bd-4f1eac74b9e7,1d6ae567-a7bc-42ff-aeb1-9019e26cdca9,c4,DROP,1007,e1,?,
1769089065.8723252,SENT,e07ced1c-fdbb-4d5e-919b-afde7ff494da,60f0a8a8-081b-4451-a381-99027c4bd36d,c2,DROP,683,?,x7,
1769089065.87236,FORWARDED,e07ced1c-fdbb-4d5e-919b-afde7ff494da,60f0a8a8-081b-4451-a381-99027c4bd36d,c2,DROP,683,?,x7,
1769089065.88901,RECEIVED,37c30fa0-71a6-482c-be39-e9170c23d95a,6989a216-50be-49d3-a07f-fce8c55bb819,c5,c4,1451,e5,?,
1769089065.9653819,SENT,eb9267dc-25a1-4564-8090-a437f85d250e,a4ba86cd-0d96-4200-a0ff-bd5b9cca4fe9,c5,DROP,687,?,x4,
1769089065.9654188,FORWARDED,eb9267dc-25a1-4564-8090-a437f85d250e,a4ba86cd-0d96-4200-a0ff-bd5b9cca4fe9,c5,DROP,687,?,x4,
1769089065.9852383,RECEIVED,ffe36dfb-0c1d-482e-9190-78aa4bfc0f38,4520c182-9da6-4759-9414-7f17b0322e28,c4,c1,1452,e9,?,
1769089066.0703888,SENT,ffe36dfb-0c1d-482e-9190-78aa4bfc0f38,4520c182-9da6-4759-9414-7f17b0322e28,c4,c1,1015,?,x7,
1769089066.070429,FORWARDED,ffe36dfb-0c1d-482e-9190-78aa4bfc0f38,4520c182-9da6-4759-9414-7f17b0322e28,c4,c1,1015,?,x7,
1769089066.113233,SENT,4e2981dc-cccb-4739-91d0-6a0af0ae5dff,9b549f4a-949d-45d1-8e8c-dc0a0e9d2382,c1,c3,1011,?,x5,
1769089066.1132746,FORWARDED,4e2981dc-cccb-4739-91d0-6a0af0ae5dff,9b549f4a-949d-45d1-8e8c-dc0a0e9d2382,c1,c3,1011,?,x5,
1769089066.2048612,RECEIVED,3a4f00cd-f173-4bc6-a625-5a961bff3a9d,b98e00f9-108b-4097-9a4b-a6b544a7433f,c3,DROP,1012,e2,?,
1769089066.265449,RECEIVED,53fc97d5-3e39-460f-b065-c18bc1839a22,4f303197-ff37-4a0e-9d66-e2fd9605c19b,c2,c3,1444,e6,?,
1769089066.2740352,RECEIVED,9662b911-4aa3-4ce0-99f0-08272fef1ff4,fa33c141-73e2-49d0-8026-e88108a884b6,c4,c1,1443,e11,?,
1769089066.3606832,SENT,eb60c2c8-c638-4a20-84bd-4f1eac74b9e7,1d6ae567-a7bc-42ff-aeb1-9019e26cdca9,c4,DROP,683,?,x3,
1769089066.3607247,FORWARDED,eb60c2c8-c638-4a20-84bd-4f1eac74b9e7,1d6ae567-a7bc-42ff-aeb1-9019e26cdca9,c4,DROP,683,?,x3,
1769089066.4090948,SENT,53fc97d5-3e39-460f-b065-c18bc1839a22,4f303197-ff37-4a0e-9d66-e2fd9605c19b,c2,c3,1010,?,x2,
1769089066.4091363,FORWARDED,53fc97d5-3e39-460f-b065-c18bc1839a22,4f303197-ff37-4a0e-9d66-e2fd9605c19b,c2,c3,1010,?,x2,
1769089066.554503,RECEIVED,794c8258-7d64-45c6-a5f8-6fc9f642450b,7937be29-8284-418c-8ca2-271c8ab0d396,c3,DROP,442,x3,?,
1769089066.7636964,SENT,3a4f00cd-f173-4bc6-a625-5a961bff3a9d,b98e00f9-108b-4097-9a4b-a6b544a7433f,c3,DROP,687,?,x12,
1769089066.763738,FORWARDED,3a4f00cd-f173-4bc6-a625-5a961bff3a9d,b98e00f9-108b-4097-9a4b-a6b544a7433f,c3,DROP,687,?,x12,
1769089066.9203184,SENT,9662b911-4aa3-4ce0-99f0-08272fef1ff4,fa33c141-73e2-49d0-8026-e88108a884b6,c4,c1,1011,?,x2,
1769089066.92038,FORWARDED,9662b911-4aa3-4ce0-99f0-08272fef1ff4,fa33c141-73e2-49d0-8026-e88108a884b6,c4,c1,1011,?,x2,
1769089067.075082,RECEIVED,ce139f62-61c1-447b-8f00-dde144be1364,abff989a-d8bd-40bb-827a-e46e2559d374,c3,DROP,1007,e2,?,
1769089067.1299343,RECEIVED,38659309-7211-4cda-a369-89279636df55,4ac9659e-49c3-4a23-af56-a1079f7f7175,c5,c4,1452,e7,?,
1769089067.1762283,RECEIVED,29ae71d4-a481-4ad6-a461-de4eddd0ddcd,6d24a4c3-498d-4213-8f9f-57509c94d0fc,c2,DROP,1008,e2,?,
1769089067.2013693,SENT,37c30fa0-71a6-482c-be39-e9170c23d95a,6989a216-50be-49d3-a07f-fce8c55bb819,c5,c4,1016,?,x3,
1769089067.2014105,FORWARDED,37c30fa0-71a6-482c-be39-e9170c23d95a,6989a216-50be-49d3-a07f-fce8c55bb819,c5,c4,1016,?,x3,
1769089067.3279505,SENT,29ae71d4-a481-4ad6-a461-de4eddd0ddcd,6d24a4c3-498d-4213-8f9f-57509c94d0fc,c2,DROP,683,?,x9,
1769089067.327995,FORWARDED,29ae71d4-a481-4ad6-a461-de4eddd0ddcd,6d24a4c3-498d-4213-8f9f-57509c94d0fc,c2,DROP,683,?,x9,
1769089067.4785588,SENT,38659309-7211-4cda-a369-89279636df55,4ac9659e-49c3-4a23-af56-a1079f7f7175,c5,c4,1016,?,x9,
1769089067.4786012,FORWARDED,38659309-7211-4cda-a369-89279636df55,4ac9659e-49c3-4a23-af56-a1079f7f7175,c5,c4,1016,?,x9,
1769089068.0223129,RECEIVED,56cc84f7-9e55-4c31-86be-359cf71ae908,6747b278-2849-41f4-9fa3-d14387f30df4,c1,c3,1444,e12,?,
1769089068.0502381,SENT,ce139f62-61c1-447b-8f00-dde144be1364,abff989a-d8bd-40bb-827a-e46e2559d374,c3,DROP,682,?,x3,
1769089068.0502934,FORWARDED,ce139f62-61c1-447b-8f00-dde144be1364,abff989a-d8bd-40bb-827a-e46e2559d374,c3,DROP,682,?,x3,
1769089068.102449,SENT,56cc84f7-9e55-4c31-86be-359cf71ae908,6747b278-2849-41f4-9fa3-d14387f30df4,c1,c3,1011,?,x6,
1769089068.1024907,FORWARDED,56cc84f7-9e55-4c31-86be-359cf71ae908,6747b278-2849-41f4-9fa3-d14387f30df4,c1,c3,1011,?,x6,
1769089069.0126998,RECEIVED,0e1b9b8a-cbe6-4c36-82e0-5d3cddd8629b,05c279a2-3a9d-47d2-b03a-917bc2afa109,c2,c3,1460,e6,?,
1769089069.0643942,RECEIVED,5489bee8-1e0f-431e-a793-214829297d8e,000654cb-0c0c-4923-ab04-a4a65c0bd5e5,c2,c3,1464,e10,?,
1769089069.0914874,RECEIVED,a8c0a0d8-c32d-4db0-8362-22e75e0e4f96,d5497d9c-2165-4214-88bd-9a81f358af8d,c5,c4,1443,e12,?,
1769089069.221338,SENT,5489bee8-1e0f-431e-a793-214829297d8e,000654cb-0c0c-4923-ab04-a4a65c0bd5e5,c2,c3,1024,?,x6,
1769089069.2213714,FORWARDED,5489bee8-1e0f-431e-a793-214829297d8e,000654cb-0c0c-4923-ab04-a4a65c0bd5e5,c2,c3,1024,?,x6,
1769089069.4205227,RECEIVED,496f883b-3124-48ea-9fff-fb283b5ccbeb,40aaa6d5-d809-4447-8146-c59c4e0e4d42,c5,DROP,1012,e9,?,
1769089069.514235,RECEIVED,91e879bf-b365-49cf-8d6e-de491dcaad37,1e354652-26ac-4150-b1c3-f513fb3730ee,c5,DROP,445,x9,?,
1769089069.56154,SENT,496f883b-3124-48ea-9fff-fb283b5ccbeb,40aaa6d5-d809-4447-8146-c59c4e0e4d42,c5,DROP,685,?,x7,
1769089069.5615745,FORWARDED,496f883b-3124-48ea-9fff-fb283b5ccbeb,40aaa6d5-d809-4447-8146-c59c4e0e4d42,c5,DROP,685,?,x7,
1769089069.6320422,SENT,0e1b9b8a-cbe6-4c36-82e0-5d3cddd8629b,05c279a2-3a9d-47d2-b03a-917bc2afa109,c2,c3,1021,?,x11,
1769089069.6320894,FORWARDED,0e1b9b8a-cbe6-4c36-82e0-5d3cddd8629b,05c279a2-3a9d-47d2-b03a-917bc2afa109,c2,c3,1021,?,x11,
1769089069.652166,SENT,a8c0a0d8-c32d-4db0-8362-22e75e0e4f96,d5497d9c-2165-4214-88bd-9a81f358af8d,c5,c4,1011,?,x3,
1769089069.652203,FORWARDED,a8c0a0d8-c32d-4db0-8362-22e75e0e4f96,d5497d9c-2165-4214-88bd-9a81f358af8d,c5,c4,1011,?,x3,
1769089069.809289,RECEIVED,1db3826d-abaf-421e-9931-65dfb4834c6a,378e085d-27a6-4f19-946f-139a67a8303b,c3,c4,1449,e8,?,
1769089069.818806,SENT,1db3826d-abaf-421e-9931-65dfb4834c6a,378e085d-27a6-4f19-946f-139a67a8303b,c3,c4,1012,?,x1,
1769089069.8188446,FORWARDED,1db3826d-abaf-421e-9931-65dfb4834c6a,378e085d-27a6-4f19-946f-139a67a8303b,c3,c4,1012,?,x1,
1769089070.0015335,RECEIVED,b3363dab-82d6-471a-89a8-41a05fd4c7b3,f5d25b6a-7bda-402b-a2d0-86b4a3cb96b9,c3,c4,1456,e12,?,
1769089070.1444345,RECEIVED,4d613bed-e1be-4c12-95f2-3fdbd049e3a0,dae4caea-3643-4bae-8eb3-6dfa739a4c6f,c4,DROP,441,x7,?,
1769089070.3394616,RECEIVED,16e66488-1255-4fe2-a2ee-5b50b25a4bdc,8a886db9-0d06-44ed-a560-71a77ad64578,c3,DROP,1009,e2,?,
1769089070.3999953,RECEIVED,fbbec3a8-5cf9-40a6-a4a6-92192b51fe85,b1d2f3d5-03e3-4591-9620-0c4d0bdd0094,c4,c1,1460,e1,?,
1769089070.4964569,RECEIVED,8da39e94-1e81-4310-937b-e1aceb2c65fb,cc97591b-b120-47e7-9a1c-6aedf75a8f18,c4,c1,1450,e4,?,
1769089070.5589507,RECEIVED,f9287e5a-4697-4984-8f9a-2b035fbaa69c,b824fbcd-e970-438c-89de-d23966fefa5c,c2,c3,1459,e11,?,
1769089070.5754707,SENT,16e66488-1255-4fe2-a2ee-5b50b25a4bdc,8a886db9-0d06-44ed-a560-71a77ad64578,c3,DROP,684,?,x11,
1769089070.57551,FORWARDED,16e66488-1255-4fe2-a2ee-5b50b25a4bdc,8a886db9-0d06-44ed-a560-71a77ad64578,c3,DROP,684,?,x11,
1769089070.6981614,SENT,8da39e94-1e81-4310-937b-e1aceb2c65fb,cc97591b-b120-47e7-9a1c-6aedf75a8f18,c4,c1,1015,?,x8,
1769089070.6982167,FORWARDED,8da39e94-1e81-4310-937b-e1aceb2c65fb,cc97591b-b120-47e7-9a1c-6aedf75a8f18,c4,c1,1015,?,x8,
1769089070.80968,RECEIVED,fbc4e4ca-e87b-425b-8fa5-00d5e83a59eb,12215505-f832-44df-8a85-cf72528cef7e,c3,c4,1452,e8,?,
1769089070.969627,SENT,fbbec3a8-5cf9-40a6-a4a6-92192b51fe85,b1d2f3d5-03e3-4591-9620-0c4d0bdd0094,c4,c1,1021,?,x10,
1769089070.9696767,FORWARDED,fbbec3a8-5cf9-40a6-a4a6-92192b51fe85,b1d2f3d5-03e3-4591-9620-0c4d0bdd0094,c4,c1,1021,?,x10,
1769089071.0463922,SENT,fbc4e4ca-e87b-425b-8fa5-00d5e83a59eb,12215505-f832-44df-8a85-cf72528cef7e,c3,c4,1015,?,x6,
1769089071.0464337,FORWARDED,fbc4e4ca-e87b-425b-8fa5-00d5e83a59eb,12215505-f832-44df-8a85-cf72528cef7e,c3,c4,1015,?,x6,
1769089071.1492338,RECEIVED,646e83e8-dd29-45b6-81e9-668479d345be,8a05f50b-b960-464d-be11-b09a08fe890b,c4,c1,1452,e6,?,
1769089071.3111033,SENT,b3363dab-82d6-471a-89a8-41a05fd4c7b3,f5d25b6a-7bda-402b-a2d0-86b4a3cb96b9,c3,c4,1020,?,x10,
1769089071.3111453,FORWARDED,b3363dab-82d6-471a-89a8-41a05fd4c7b3,f5d25b6a-7bda-402b-a2d0-86b4a3cb96b9,c3,c4,1020,?,x10,
1769089071.3356082,SENT,646e83e8-dd29-45b6-81e9-668479d345be,8a05f50b-b960-464d-be11-b09a08fe890b,c4,c1,1015,?,x5,
1769089071.335648,FORWARDED,646e83e8-dd29-45b6-81e9-668479d345be,8a05f50b-b960-464d-be11-b09a08fe890b,c4,c1,1015,?,x5,
1769089071.5969195,RECEIVED,68965583-8890-40cf-8b25-8df199c1c3a2,b98a52fe-b0c4-43f1-b4c7-6d9a99768cce,c1,DROP,442,x5,?,
1769089072.0529518,RECEIVED,a4a6eb92-95fc-48d1-88e4-6be5a79d8d89,1d292905-ad66-4b5d-a3df-3fc6691b2caa,c5,DROP,1008,e7,?,
1769089072.2272868,SENT,a4a6eb92-95fc-48d1-88e4-6be5a79d8d89,1d292905-ad66-4b5d-a3df-3fc6691b2caa,c5,DROP,684,?,x7,
1769089072.22733,FORWARDED,a4a6eb92-95fc-48d1-88e4-6be5a79d8d89,1d292905-ad66-4b5d-a3df-3fc6691b2caa,c5,DROP,684,?,x7,
1769089072.7722273,RECEIVED,f7503b57-e482-4a6a-bed4-9bd786eb49a2,8f052ec8-a509-41f0-bf2e-afc7ed7e8905,c5,DROP,1011,e1,?,
1769089072.8238714,SENT,f7503b57-e482-4a6a-bed4-9bd786eb49a2,8f052ec8-a509-41f0-bf2e-afc7ed7e8905,c5,DROP,686,?,x5,
1769089072.823912,FORWARDED,f7503b57-e482-4a6a-bed4-9bd786eb49a2,8f052ec8-a509-41f0-bf2e-afc7ed7e8905,c5,DROP,686,?,x5,
1769089072.8264518,SENT,f9287e5a-4697-4984-8f9a-2b035fbaa69c,b824fbcd-e970-438c-89de-d23966fefa5c,c2,c3,1023,?,x4,
1769089072.8264906,FORWARDED,f9287e5a-4697-4984-8f9a-2b035fbaa69c,b824fbcd-e970-438c-89de-d23966fefa5c,c2,c3,1023,?,x4,
1769089073.0307682,RECEIVED,0b3dfdf7-63d1-403e-8247-3dd7cc186976,4f65f707-4844-407b-ac29-de2166fb6681,c3,c4,1451,e3,?,
1769089073.4937406,RECEIVED,5ba65805-c271-4700-91df-221a013f6ea1,e7952598-5725-4c1a-8054-d4bb3d45ae15,c2,c3,1455,e10,?,
1769089073.7421362,SENT,0b3dfdf7-63d1-403e-8247-3dd7cc186976,4f65f707-4844-407b-ac29-de2166fb6681,c3,c4,1015,?,x9,
1769089073.7421768,FORWARDED,0b3dfdf7-63d1-403e-8247-3dd7cc186976,4f65f707-4844-407b-ac29-de2166fb6681,c3,c4,1015,?,x9,
1769089073.8735018,RECEIVED,9278da0a-a9c6-4f7d-8353-c5e4116a5a7e,b6de8c20-3d07-41a4-ba8b-9af837d9b12f,c4,c1,1448,e5,?,
1769089073.9794335,SENT,9278da0a-a9c6-4f7d-8353-c5e4116a5a7e,b6de8c20-3d07-41a4-ba8b-9af837d9b12f,c4,c1,1012,?,x2,
1769089073.9794734,FORWARDED,9278da0a-a9c6-4f7d-8353-c5e4116a5a7e,b6de8c20-3d07-41a4-ba8b-9af837d9b12f,c4,c1,1012,?,x2,
1769089074.018858,SENT,5ba65805-c271-4700-91df-221a013f6ea1,e7952598-5725-4c1a-8054-d4bb3d45ae15,c2,c3,1019,?,x3,
1769089074.0188982,FORWARDED,5ba65805-c271-4700-91df-221a013f6ea1,e7952598-5725-4c1a-8054-d4bb3d45ae15,c2,c3,1019,?,x3,
1769089074.0716357,RECEIVED,8b1b7fa3-115a-4f4b-9f4f-f4ff56a8a4cc,09d2d6e0-6048-4132-9c0e-e8fc5a57ee01,c2,DROP,442,x11,?,
1769089074.342668,RECEIVED,80cbc04a-5e69-41bd-828b-60a36bdff1dc,1b81dcd6-afb0-4bcd-8169-6b411f5ea6e0,c4,DROP,1016,e3,?,
1769089074.8986328,RECEIVED,02792321-75fc-4bb9-827d-cabf775a97ca,2ad410b4-5848-4d75-ba6f-3c9d868be572,c3,c4,1457,e9,?,
1769089074.9544275,SENT,02792321-75fc-4bb9-827d-cabf775a97ca,2ad410b4-5848-4d75-ba6f-3c9d868be572,c3,c4,1019,?,x10,
1769089074.95447,FORWARDED,02792321-75fc-4bb9-827d-cabf775a97ca,2ad410b4-5848-4d75-ba6f-3c9d868be572,c3,c4,1019,?,x10,
1769089075.043457,RECEIVED,1bf884e2-1c28-4d4e-a2bd-d8eefc0c925d,2668b8ab-ffe1-424d-be11-c4afae4f6e88,c3,c4,1456,e10,?,
1769089075.3187084,RECEIVED,fdf50b25-e7f6-4048-98af-7052240c7be8,7aefda39-8fa8-4ab9-b38b-4c8a81673f9f,c5,DROP,1020,e12,?,
1769089075.3610437,RECEIVED,75f823ed-a33e-4819-92bc-fe78be2e63ba,70c5728b-de86-4193-b7e9-655fc57137ce,c5,DROP,441,x11,?,
1769089075.4278817,RECEIVED,fe0fe4b9-3ab0-4e1a-884e-650d79206935,4dcdabde-5433-4b10-9765-33f95428fa65,c1,DROP,1008,e12,?,
1769089075.4454734,SENT,80cbc04a-5e69-41bd-828b-60a36bdff1dc,1b81dcd6-afb0-4bcd-8169-6b411f5ea6e0,c4,DROP,689,?,x11,
1769089075.445511,FORWARDED,80cbc04a-5e69-41bd-828b-60a36bdff1dc,1b81dcd6-afb0-4bcd-8169-6b411f5ea6e0,c4,DROP,689,?,x11,
1769089075.4958434,SENT,1bf884e2-1c28-4d4e-a2bd-d8eefc0c925d,2668b8ab-ffe1-424d-be11-c4afae4f6e88,c3,c4,1019,?,x4,
1769089075.4958827,FORWARDED,1bf884e2-1c28-4d4e-a2bd-d8eefc0c925d,2668b8ab-ffe1-424d-be11-c4afae4f6e88,c3,c4,1019,?,x4,
1769089075.5476823,RECEIVED,1906e794-d1df-4c3c-880f-fe4306d35590,bb8e4dd3-cf0b-4255-94db-cf2ccbd6f869,c4,DROP,1016,e8,?,
1769089075.5998878,SENT,1906e794-d1df-4c3c-880f-fe4306d35590,bb8e4dd3-cf0b-4255-94db-cf2ccbd6f869,c4,DROP,688,?,x8,
1769089075.5999293,FORWARDED,1906e794-d1df-4c3c-880f-fe4306d35590,bb8e4dd3-cf0b-4255-94db-cf2ccbd6f869,c4,DROP,688,?,x8,
1769089075.7781696,RECEIVED,f73bbaea-3c7f-45f3-8702-b4274e686d23,cad6e95c-799a-467b-8b3d-1df86e066ae8,c5,DROP,1007,e10,?,
1769089075.8039632,RECEIVED,01027be8-2871-4713-aeae-e120bf09c6fe,f23c1e4e-becc-4da3-9edf-d6d98d72a53c,c3,DROP,1009,e3,?,
1769089075.8317845,SENT,fe0fe4b9-3ab0-4e1a-884e-650d79206935,4dcdabde-5433-4b10-9765-33f95428fa65,c1,DROP,683,?,x12,
1769089075.8318176,FORWARDED,fe0fe4b9-3ab0-4e1a-884e-650d79206935,4dcdabde-5433-4b10-9765-33f95428fa65,c1,DROP,683,?,x12,
1769089075.86765,SENT,01027be8-2871-4713-aeae-e120bf09c6fe,f23c1e4e-becc-4da3-9edf-d6d98d72a53c,c3,DROP,682,?,x5,
1769089075.8676906,FORWARDED,01027be8-2871-4713-aeae-e120bf09c6fe,f23c1e4e-becc-4da3-9edf-d6d98d72a53c,c3,DROP,682,?,x5,
1769089076.0374603,RECEIVED,8ea537a7-4d34-4f45-b3bf-17f3dcc8fca0,9dcdc454-4f19-44fa-9a7a-2b07762f6418,c4,c1,1452,e9,?,
1769089076.1145802,SENT,8ea537a7-4d34-4f45-b3bf-17f3dcc8fca0,9dcdc454-4f19-44fa-9a7a-2b07762f6418,c4,c1,1016,?,x7,
1769089076.1146276,FORWARDED,8ea537a7-4d34-4f45-b3bf-17f3dcc8fca0,9dcdc454-4f19-44fa-9a7a-2b07762f6418,c4,c1,1016,?,x7,
1769089076.4903748,RECEIVED,7e2b7e11-c8d4-450f-9970-e6ebaff9292b,a5c5d8df-35e9-4a5c-93a5-3a7115a81809,c1,DROP,1011,e2,?,
1769089076.7772686,RECEIVED,1d151c73-c2fe-4857-ae39-9fd8107a25e7,2aea0eef-3050-4ab8-8919-dbe21dff51be,c4,DROP,441,x3,?,
1769089076.8208516,SENT,7e2b7e11-c8d4-450f-9970-e6ebaff9292b,a5c5d8df-35e9-4a5c-93a5-3a7115a81809,c1,DROP,687,?,x4,
1769089076.820892,FORWARDED,7e2b7e11-c8d4-450f-9970-e6ebaff9292b,a5c5d8df-35e9-4a5c-93a5-3a7115a81809,c1,DROP,687,?,x4,
1769089077.0309649,SENT,f73bbaea-3c7f-45f3-8702-b4274e686d23,cad6e95c-799a-467b-8b3d-1df86e066ae8,c5,DROP,683,?,x9,
1769089077.031008,FORWARDED,f73bbaea-3c7f-45f3-8702-b4274e686d23,cad6e95c-799a-467b-8b3d-1df86e066ae8,c5,DROP,683,?,x9,
1769089077.0354373,RECEIVED,84ba1fa8-d654-4ee9-b044-eafbfb26e560,1029ffcb-b501-4741-a5a8-df63bace31f2,c3,DROP,1012,e10,?,
1769089077.0578992,RECEIVED,f1c13a01-0358-40ae-88cd-da1676a8f422,c3ca1636-d5f2-492c-9ff0-b12267ad0bfe,c1,DROP,1019,e10,?,
1769089077.2688127,RECEIVED,76a0a6f1-c1f2-49e4-9b81-68b7a0c2b9ed,58bf8f9c-4880-4991-89b7-3d0c05d5353d,c5,DROP,1009,e6,?,
1769089077.3335888,SENT,76a0a6f1-c1f2-49e4-9b81-68b7a0c2b9ed,58bf8f9c-4880-4991-89b7-3d0c05d5353d,c5,DROP,683,?,x11,
1769089077.3336296,FORWARDED,76a0a6f1-c1f2-49e4-9b81-68b7a0c2b9ed,58bf8f9c-4880-4991-89b7-3d0c05d5353d,c5,DROP,683,?,x11,
1769089077.4789827,SENT,84ba1fa8-d654-4ee9-b044-eafbfb26e560,1029ffcb-b501-4741-a5a8-df63bace31f2,c3,DROP,686,?,x9,
1769089077.4790235,FORWARDED,84ba1fa8-d654-4ee9-b044-eafbfb26e560,1029ffcb-b501-4741-a5a8-df63bace31f2,c3,DROP,686,?,x9,
1769089077.4875119,SENT,fdf50b25-e7f6-4048-98af-7052240c7be8,7aefda39-8fa8-4ab9-b38b-4c8a81673f9f,c5,DROP,691,?,x12,
1769089077.4875507,FORWARDED,fdf50b25-e7f6-4048-98af-7052240c7be8,7aefda39-8fa8-4ab9-b38b-4c8a81673f9f,c5,DROP,691,?,x12,
1769089077.596661,SENT,f1c13a01-0358-40ae-88cd-da1676a8f422,c3ca1636-d5f2-492c-9ff0-b12267ad0bfe,c1,DROP,692,?,x9,
1769089077.5970082,FORWARDED,f1c13a01-0358-40ae-88cd-da1676a8f422,c3ca1636-d5f2-492c-9ff0-b12267ad0bfe,c1,DROP,692,?,x9,
1769089077.644805,RECEIVED,72763d69-f62e-438d-a3f5-f607a30b0c74,5f876cf6-85c0-495d-bd58-fcb5c0645881,c3,DROP,438,x3,?,
1769089077.9949121,RECEIVED,9d7717da-0d03-40eb-9ebf-756aaddf9bfa,a0158d46-2631-43d6-aae6-74392fc6a72b,c2,DROP,1009,e3,?,
1769089078.084684,SENT,9d7717da-0d03-40eb-9ebf-756aaddf9bfa,a0158d46-2631-43d6-aae6-74392fc6a72b,c2,DROP,684,?,x11,
1769089078.0847268,FORWARDED,9d7717da-0d03-40eb-9ebf-756aaddf9bfa,a0158d46-2631-43d6-aae6-74392fc6a72b,c2,DROP,684,?,x11,
1769089078.1116805,RECEIVED,d3cfe75e-f7f6-42bf-b2fe-436e70d9fe1c,e6925e98-578b-4fbd-b3d3-9461f708da3a,c1,c3,1446,e10,?,
1769089078.3713863,RECEIVED,0a4f87e6-1cae-4e96-bf1b-afe148ad3f7a,14d07283-2402-4398-9ce1-edd4bf297dd3,c5,c4,1443,e5,?,
1769089078.5904791,RECEIVED,2ab958ce-ab62-46f3-84ae-8d4cdbc3427e,a87914ae-c4ad-4648-a353-56396c1af0af,c2,DROP,1008,e10,?,
1769089078.6933005,SENT,d3cfe75e-f7f6-42bf-b2fe-436e70d9fe1c,e6925e98-578b-4fbd-b3d3-9461f708da3a,c1,c3,1014,?,x6,
1769089078.6933427,FORWARDED,d3cfe75e-f7f6-42bf-b2fe-436e70d9fe1c,e6925e98-578b-4fbd-b3d3-9461f708da3a,c1,c3,1014,?,x6,
1769089078.7609818,SENT,2ab958ce-ab62-46f3-84ae-8d4cdbc3427e,a87914ae-c4ad-4648-a353-56396c1af0af,c2,DROP,683,?,x4,
1769089078.7612603,FORWARDED,2ab958ce-ab62-46f3-84ae-8d4cdbc3427e,a87914ae-c4ad-4648-a353-56396c1af0af,c2,DROP,683,?,x4,
1769089079.1770835,SENT,0a4f87e6-1cae-4e96-bf1b-afe148ad3f7a,14d07283-2402-4398-9ce1-edd4bf297dd3,c5,c4,1011,?,x5,
1769089079.1771224,FORWARDED,0a4f87e6-1cae-4e96-bf1b-afe148ad3f7a,14d07283-2402-4398-9ce1-edd4bf297dd3,c5,c4,1011,?,x5,
1769089079.2942767,RECEIVED,defc38f2-9aa3-43ea-9e1a-659be0ac4846,f882bd53-fc6f-4b98-bc8d-1def2ea8daeb,c4,DROP,1012,e7,?,
1769089079.5444605,SENT,defc38f2-9aa3-43ea-9e1a-659be0ac4846,f882bd53-fc6f-4b98-bc8d-1def2ea8daeb,c4,DROP,687,?,x3,
1769089079.5445013,FORWARDED,defc38f2-9aa3-43ea-9e1a-659be0ac4846,f882bd53-fc6f-4b98-bc8d-1def2ea8daeb,c4,DROP,687,?,x3,
1769089079.582086,RECEIVED,8a03b1ad-572e-48d9-8d76-ee68aa5aeb90,6707a33b-eac7-442b-ab05-86390ff310d4,c5,c4,1448,e4,?,
1769089079.6666038,SENT,8a03b1ad-572e-48d9-8d76-ee68aa5aeb90,6707a33b-eac7-442b-ab05-86390ff310d4,c5,c4,1012,?,x2,
1769089079.666645,FORWARDED,8a03b1ad-572e-48d9-8d76-ee68aa5aeb90,6707a33b-eac7-442b-ab05-86390ff310d4,c5,c4,1012,?,x2,
1769089080.122315,RECEIVED,5f3c8022-9b0b-4ea5-a0ec-0aee97da1c4f,6804c617-21c7-454f-b397-37abb58299ba,c1,DROP,441,x1,?,
1769089080.1764226,RECEIVED,a25f9d08-a484-4c03-a6b9-adfce49d7ccd,2354ceb4-ea1c-4f60-a43b-301ddad3451f,c2,DROP,1015,e9,?,
1769089080.383939,SENT,a25f9d08-a484-4c03-a6b9-adfce49d7ccd,2354ceb4-ea1c-4f60-a43b-301ddad3451f,c2,DROP,688,?,x8,
1769089080.3839788,FORWARDED,a25f9d08-a484-4c03-a6b9-adfce49d7ccd,2354ceb4-ea1c-4f60-a43b-301ddad3451f,c2,DROP,688,?,x8,
1769089080.465098,RECEIVED,8e379604-3dd0-4357-8889-0b7f35e254b6,62a89a02-bcc9-4734-93a1-61ff26a1b7ea,c4,DROP,441,x1,?,
1769089080.5949588,RECEIVED,b579dd4f-577f-4d3d-bb3d-1cec9c08b961,27c3fe9a-851e-42ff-9254-d593e6294cbf,c1,DROP,440,x9,?,
1769089080.6595855,RECEIVED,86b44a50-708e-4db5-8a7a-fd86a24cfbaf,8f762985-82af-47ea-9b96-636934cdbd62,c2,c3,1455,e6,?,
1769089080.7205153,RECEIVED,5899f4e2-a9de-4bd2-a4a8-ae334bb7c536,20d82307-3aa2-4bec-834f-4cdb1d71213d,c1,c3,1443,e8,?,
1769089081.2049036,RECEIVED,a272985e-779a-4635-9c7e-0fad05587e3b,ffdbf676-610b-4f23-802d-7ee13d70b1ac,c4,DROP,441,x8,?,
1769089081.3262067,SENT,86b44a50-708e-4db5-8a7a-fd86a24cfbaf,8f762985-82af-47ea-9b96-636934cdbd62,c2,c3,1019,?,x12,
1769089081.326242,FORWARDED,86b44a50-708e-4db5-8a7a-fd86a24cfbaf,8f762985-82af-47ea-9b96-636934cdbd62,c2,c3,1019,?,x12,
1769089081.4398828,SENT,5899f4e2-a9de-4bd2-a4a8-ae334bb7c536,20d82307-3aa2-4bec-834f-4cdb1d71213d,c1,c3,1011,?,x4,
1769089081.439923,FORWARDED,5899f4e2-a9de-4bd2-a4a8-ae334bb7c536,20d82307-3aa2-4bec-834f-4cdb1d71213d,c1,c3,1011,?,x4,
1769089081.850765,RECEIVED,cc7e6734-e020-442b-8151-9a1ba271466e,f23a0488-0813-4259-8d49-c021210d905d,c3,c4,1447,e9,?,
1769089082.031276,RECEIVED,06026bc7-cb34-4460-9ff1-0d5d1ee3e8a6,970c97fb-b363-4159-9e1a-92a1760a9f14,c5,c4,1447,e7,?,
1769089082.069337,RECEIVED,e5789259-9f63-4743-9ae1-cee5dff79a7b,f861db4f-54dd-47e0-b7e0-1728d476c667,c3,DROP,438,x1,?,
1769089082.1082797,RECEIVED,297e6417-f019-428e-a316-8a2ca0865988,5b3f7386-2d38-400e-8bf0-f939100aa375,c2,c3,1455,e8,?,
1769089082.15627,RECEIVED,14b3d3d5-7b11-47fc-9ae8-1860f9814bb8,ca60b413-19aa-4906-87b8-fc9c6956b232,c1,DROP,1011,e1,?,
1769089082.189618,RECEIVED,b73223d4-c202-4e9d-8d43-0a327b00160e,696e285b-0273-452b-ac25-d15bffffb988,c1,c3,1444,e8,?,
1769089082.3114216,RECEIVED,44a65c76-52fd-4755-85ce-35b3b3c2541b,bf47f393-c925-44f8-9b06-e62c671212b1,c1,c3,1461,e8,?,
1769089082.3438475,SENT,06026bc7-cb34-4460-9ff1-0d5d1ee3e8a6,970c97fb-b363-4159-9e1a-92a1760a9f14,c5,c4,1013,?,x3,
1769089082.343881,FORWARDED,06026bc7-cb34-4460-9ff1-0d5d1ee3e8a6,970c97fb-b363-4159-9e1a-92a1760a9f14,c5,c4,1013,?,x3,
1769089082.412849,SENT,b73223d4-c202-4e9d-8d43-0a327b00160e,696e285b-0273-452b-ac25-d15bffffb988,c1,c3,1011,?,x7,
1769089082.4128876,FORWARDED,b73223d4-c202-4e9d-8d43-0a327b00160e,696e285b-0273-452b-ac25-d15bffffb988,c1,c3,1011,?,x7,
1769089082.4275656,SENT,44a65c76-52fd-4755-85ce-35b3b3c2541b,bf47f393-c925-44f8-9b06-e62c671212b1,c1,c3,1023,?,x12,
1769089082.4276066,FORWARDED,44a65c76-52fd-4755-85ce-35b3b3c2541b,bf47f393-c925-44f8-9b06-e62c671212b1,c1,c3,1023,?,x12,
1769089082.5045228,SENT,297e6417-f019-428e-a316-8a2ca0865988,5b3f7386-2d38-400e-8bf0-f939100aa375,c2,c3,1018,?,x6,
1769089082.5045652,FORWARDED,297e6417-f019-428e-a316-8a2ca0865988,5b3f7386-2d38-400e-8bf0-f939100aa375,c2,c3,1018,?,x6,
1769089082.925313,RECEIVED,a258613d-7c7b-40b4-bead-81854b845408,5939f746-f09e-4d5a-a2db-7216db95dff9,c5,DROP,441,x5,?,
1769089082.976252,SENT,14b3d3d5-7b11-47fc-9ae8-1860f9814bb8,ca60b413-19aa-4906-87b8-fc9c6956b232,c1,DROP,687,?,x7,
1769089082.9762914,FORWARDED,14b3d3d5-7b11-47fc-9ae8-1860f9814bb8,ca60b413-19aa-4906-87b8-fc9c6956b232,c1,DROP,687,?,x7,
1769089083.1664386,SENT,cc7e6734-e020-442b-8151-9a1ba271466e,f23a0488-0813-4259-8d49-c021210d905d,c3,c4,1012,?,x1,
1769089083.166478,FORWARDED,cc7e6734-e020-442b-8151-9a1ba271466e,f23a0488-0813-4259-8d49-c021210d905d,c3,c4,1012,?,x1,
1769089083.3393471,RECEIVED,bcd74461-a507-4fbe-a398-f813d5888d52,25b35253-70a9-4a9a-a0d5-a0201649e56f,c4,c1,1455,e4,?,
1769089083.4008904,RECEIVED,6adfe7b0-1630-4efb-9d52-11614469d86c,cdb60a4c-e055-4445-a1da-dbe2900f00f4,c3,DROP,441,x6,?,
1769089083.4111347,RECEIVED,1bbadd19-ac45-4b4f-af61-5d5205e7954c,f3cd3109-a684-459c-bd1e-768ff4c88418,c4,DROP,1011,e12,?,
1769089083.4640658,RECEIVED,b1348406-ae3d-4c2f-8922-4f1170641757,46142224-4564-4727-9e6c-55d803e8540a,c2,DROP,441,x10,?,
1769089083.7962642,SENT,1bbadd19-ac45-4b4f-af61-5d5205e7954c,f3cd3109-a684-459c-bd1e-768ff4c88418,c4,DROP,687,?,x12,
1769089083.7963066,FORWARDED,1bbadd19-ac45-4b4f-af61-5d5205e7954c,f3cd3109-a684-459c-bd1e-768ff4c88418,c4,DROP,687,?,x12,
1769089083.94356,RECEIVED,8fa61870-e355-470b-b27d-0541d33c874f,874df8a0-c921-4e77-a505-329bb16301a7,c2,c3,1465,e11,?,
1769089084.0297499,RECEIVED,c770bbdd-b747-4fda-83b8-c91a78bf8d7e,3dad62c5-7574-4564-a584-d5fc14c7e093,c2,DROP,1016,e12,?,
1769089084.0506864,SENT,8fa61870-e355-470b-b27d-0541d33c874f,874df8a0-c921-4e77-a505-329bb16301a7,c2,c3,1024,?,x12,
1769089084.0507295,FORWARDED,8fa61870-e355-470b-b27d-0541d33c874f,874df8a0-c921-4e77-a505-329bb16301a7,c2,c3,1024,?,x12,
1769089084.1694772,SENT,c770bbdd-b747-4fda-83b8-c91a78bf8d7e,3dad62c5-7574-4564-a584-d5fc14c7e093,c2,DROP,688,?,x3,
1769089084.169518,FORWARDED,c770bbdd-b747-4fda-83b8-c91a78bf8d7e,3dad62c5-7574-4564-a584-d5fc14c7e093,c2,DROP,688,?,x3,
1769089084.2466726,SENT,bcd74461-a507-4fbe-a398-f813d5888d52,25b35253-70a9-4a9a-a0d5-a0201649e56f,c4,c1,1020,?,x7,
1769089084.2467136,FORWARDED,bcd74461-a507-4fbe-a398-f813d5888d52,25b35253-70a9-4a9a-a0d5-a0201649e56f,c4,c1,1020,?,x7,
1769089084.50377,RECEIVED,52cc30d3-aa75-46ec-a28c-916a58117d02,518b278e-b0eb-4bda-ade0-085a060e8183,c2,c3,1448,e4,?,
1769089084.5044434,RECEIVED,6c04e0e8-6828-4875-9315-92155edd51c2,0758bd7f-1069-472c-9458-8d8e07a8a92c,c5,c4,1459,e12,?,
1769089084.6019783,SENT,52cc30d3-aa75-46ec-a28c-916a58117d02,518b278e-b0eb-4bda-ade0-085a060e8183,c2,c3,1013,?,x6,
1769089084.6020205,FORWARDED,52cc30d3-aa75-46ec-a28c-916a58117d02,518b278e-b0eb-4bda-ade0-085a060e8183,c2,c3,1013,?,x6,
1769089084.874618,RECEIVED,e30a927f-7a7f-41c1-a7dd-6daf225de0da,8851fc7b-cec8-4336-b9bd-d2c586220976,c4,DROP,441,x2,?,
1769089084.9922695,RECEIVED,4426e9d0-7f1c-43e8-ae3c-4b3665b21921,694a40ee-b739-46b3-a9fa-fb3ad1d50484,c3,c4,1446,e3,?,
1769089085.052677,RECEIVED,cb268ea9-2d12-4e3b-92e1-452e962d9169,485a9b37-ade0-4af6-9b30-cac904852cb4,c2,DROP,440,x12,?,
1769089085.067517,SENT,6c04e0e8-6828-4875-9315-92155edd51c2,0758bd7f-1069-472c-9458-8d8e07a8a92c,c5,c4,1023,?,x3,
1769089085.0675683,FORWARDED,6c04e0e8-6828-4875-9315-92155edd51c2,0758bd7f-1069-472c-9458-8d8e07a8a92c,c5,c4,1023,?,x3,
1769089085.1822202,RECEIVED,b2d4fd57-ad36-4394-9118-ca2c2e935c94,c2959a52-da9b-485e-8405-bbbd71d76cd0,c2,c3,1456,e11,?,
1769089085.2305698,RECEIVED,d04f262f-c568-488d-8884-308cd239b98d,943cada0-5f83-4e46-96e5-b060bdd140d8,c5,DROP,1012,e12,?,
1769089085.3752253,SENT,d04f262f-c568-488d-8884-308cd239b98d,943cada0-5f83-4e46-96e5-b060bdd140d8,c5,DROP,687,?,x4,
1769089085.3752642,FORWARDED,d04f262f-c568-488d-8884-308cd239b98d,943cada0-5f83-4e46-96e5-b060bdd140d8,c5,DROP,687,?,x4,
1769089085.4243798,SENT,4426e9d0-7f1c-43e8-ae3c-4b3665b21921,694a40ee-b739-46b3-a9fa-fb3ad1d50484,c3,c4,1012,?,x2,
1769089085.4244225,FORWARDED,4426e9d0-7f1c-43e8-ae3c-4b3665b21921,694a40ee-b739-46b3-a9fa-fb3ad1d50484,c3,c4,1012,?,x2,
1769089085.435169,RECEIVED,fcd0aef1-1efa-4db8-8088-55293ce1a229,014c8851-2207-4f0c-a4ee-2e3108f6d859,c4,c1,1456,e12,?,
1769089085.448652,SENT,b2d4fd57-ad36-4394-9118-ca2c2e935c94,c2959a52-da9b-485e-8405-bbbd71d76cd0,c2,c3,1019,?,x1,
1769089085.4486961,FORWARDED,b2d4fd57-ad36-4394-9118-ca2c2e935c94,c2959a52-da9b-485e-8405-bbbd71d76cd0,c2,c3,1019,?,x1,
1769089085.618272,RECEIVED,31e58c54-ade5-4a97-ad71-a39ac6a98773,191e12c2-aace-48a1-acfa-d6f56f221770,c5,DROP,1008,e12,?,
1769089086.0246694,RECEIVED,9632d6db-e784-426b-b47c-95592643caa3,00a2b95c-ef7c-4f3f-af58-6a9cb0e1e20a,c1,c3,1447,e3,?,
1769089086.0483012,SENT,31e58c54-ade5-4a97-ad71-a39ac6a98773,191e12c2-aace-48a1-acfa-d6f56f221770,c5,DROP,683,?,x8,
1769089086.0483437,FORWARDED,31e58c54-ade5-4a97-ad71-a39ac6a98773,191e12c2-aace-48a1-acfa-d6f56f221770,c5,DROP,683,?,x8,
1769089086.1734738,SENT,fcd0aef1-1efa-4db8-8088-55293ce1a229,014c8851-2207-4f0c-a4ee-2e3108f6d859,c4,c1,1019,?,x10,
1769089086.173517,FORWARDED,fcd0aef1-1efa-4db8-8088-55293ce1a229,014c8851-2207-4f0c-a4ee-2e3108f6d859,c4,c1,1019,?,x10,
1769089086.293815,RECEIVED,e5cb05b2-1a79-4de4-b689-7032d1e7c175,fefecdeb-8d65-4392-a71a-35da53b659f0,c3,c4,1451,e3,?,
1769089086.4625113,SENT,9632d6db-e784-426b-b47c-95592643caa3,00a2b95c-ef7c-4f3f-af58-6a9cb0e1e20a,c1,c3,1012,?,x6,
1769089086.4625518,FORWARDED,9632d6db-e784-426b-b47c-95592643caa3,00a2b95c-ef7c-4f3f-af58-6a9cb0e1e20a,c1,c3,1012,?,x6,
1769089086.5519547,RECEIVED,7a1d988e-8f3a-4b9b-9c3a-8160fc2081c3,9fe5cdc7-5023-4fff-b5e6-eff4cd9584ad,c1,c3,1451,e3,?,
1769089086.9923427,SENT,e5cb05b2-1a79-4de4-b689-7032d1e7c175,fefecdeb-8d65-4392-a71a-35da53b659f0,c3,c4,1015,?,x5,
1769089086.9923847,FORWARDED,e5cb05b2-1a79-4de4-b689-7032d1e7c175,fefecdeb-8d65-4392-a71a-35da53b659f0,c3,c4,1015,?,x5,
1769089087.0688498,RECEIVED,6a65e0c0-edac-431c-94ed-36b4973a313a,1fde7180-cef0-441f-b245-ead12993b033,c1,c3,1443,e8,?,
1769089087.2053955,RECEIVED,4819c5a8-93ac-4ebc-ba02-3ad91e0a75f0,b15e9eb7-c686-43d0-aaf5-6d07874b1cde,c5,DROP,1003,e6,?,
1769089087.2142994,RECEIVED,1846307f-17d8-4a3e-8aa4-cd66e4faf447,6721cf9e-2eb8-45a0-96e9-1ad1a6ac2aa7,c5,c4,1453,e8,?,
1769089087.239361,SENT,7a1d988e-8f3a-4b9b-9c3a-8160fc2081c3,9fe5cdc7-5023-4fff-b5e6-eff4cd9584ad,c1,c3,1017,?,x5,
1769089087.2394023,FORWARDED,7a1d988e-8f3a-4b9b-9c3a-8160fc2081c3,9fe5cdc7-5023-4fff-b5e6-eff4cd9584ad,c1,c3,1017,?,x5,
1769089087.2560172,SENT,1846307f-17d8-4a3e-8aa4-cd66e4faf447,6721cf9e-2eb8-45a0-96e9-1ad1a6ac2aa7,c5,c4,1016,?,x11,
1769089087.256068,FORWARDED,1846307f-17d8-4a3e-8aa4-cd66e4faf447,6721cf9e-2eb8-45a0-96e9-1ad1a6ac2aa7,c5,c4,1016,?,x11,
1769089087.363164,RECEIVED,8bd6e592-f4c9-4c70-89f0-8d0c510d2f09,46bfd791-d51e-4aaa-bc08-1f5e28902169,c5,DROP,1014,e7,?,
1769089087.3801742,RECEIVED,fa52d735-37ce-4211-883c-5d2a725a45fd,d3976f59-c9ea-48e5-b941-a213078ce03d,c3,c4,1453,e7,?,
1769089087.383676,SENT,6a65e0c0-edac-431c-94ed-36b4973a313a,1fde7180-cef0-441f-b245-ead12993b033,c1,c3,1011,?,x6,
1769089087.3837175,FORWARDED,6a65e0c0-edac-431c-94ed-36b4973a313a,1fde7180-cef0-441f-b245-ead12993b033,c1,c3,1011,?,x6,
1769089087.4209569,SENT,8bd6e592-f4c9-4c70-89f0-8d0c510d2f09,46bfd791-d51e-4aaa-bc08-1f5e28902169,c5,DROP,687,?,x11,
1769089087.4209983,FORWARDED,8bd6e592-f4c9-4c70-89f0-8d0c510d2f09,46bfd791-d51e-4aaa-bc08-1f5e28902169,c5,DROP,687,?,x11,
1769089087.44853,RECEIVED,27ca79ee-3f3f-425c-b814-fb6e0dd27c67,6a43d07a-a6b9-41e8-8bc2-6ebb2979172e,c4,DROP,1008,e6,?,
1769089087.457553,SENT,fa52d735-37ce-4211-883c-5d2a725a45fd,d3976f59-c9ea-48e5-b941-a213078ce03d,c3,c4,1016,?,x10,
1769089087.4575949,FORWARDED,fa52d735-37ce-4211-883c-5d2a725a45fd,d3976f59-c9ea-48e5-b941-a213078ce03d,c3,c4,1016,?,x10,
1769089087.5222943,SENT,27ca79ee-3f3f-425c-b814-fb6e0dd27c67,6a43d07a-a6b9-41e8-8bc2-6ebb2979172e,c4,DROP,683,?,x8,
1769089087.5223355,FORWARDED,27ca79ee-3f3f-425c-b814-fb6e0dd27c67,6a43d07a-a6b9-41e8-8bc2-6ebb2979172e,c4,DROP,683,?,x8,
1769089087.6748736,RECEIVED,694578bd-dd39-4831-9edd-f2b5b90bb74a,99860b6e-59ba-4961-864d-c415f920ca66,c5,c4,1439,e6,?,
1769089087.8605278,RECEIVED,49de699e-6562-43a8-8b4f-28284cc11843,f1f5be2c-20c4-411c-a936-83fd0537b25a,c1,c3,1452,e8,?,
1769089088.1180978,SENT,4819c5a8-93ac-4ebc-ba02-3ad91e0a75f0,b15e9eb7-c686-43d0-aaf5-6d07874b1cde,c5,DROP,681,?,x2,
1769089088.118159,FORWARDED,4819c5a8-93ac-4ebc-ba02-3ad91e0a75f0,b15e9eb7-c686-43d0-aaf5-6d07874b1cde,c5,DROP,681,?,x2,
1769089088.173332,RECEIVED,dc41f150-21c5-4d0b-8440-bcfcfd4935e9,7871db34-116c-4b2c-91a8-cb9423f78abb,c4,c1,1445,e5,?,
1769089088.2288542,SENT,dc41f150-21c5-4d0b-8440-bcfcfd4935e9,7871db34-116c-4b2c-91a8-cb9423f78abb,c4,c1,1011,?,x4,
1769089088.2288888,FORWARDED,dc41f150-21c5-4d0b-8440-bcfcfd4935e9,7871db34-116c-4b2c-91a8-cb9423f78abb,c4,c1,1011,?,x4,
1769089088.3530152,RECEIVED,2b56eac5-dc16-479b-8171-f1bd63d15816,527567b5-3bd1-4e79-be0f-f477a3ab00eb,c2,c3,1450,e1,?,
1769089088.5412204,SENT,694578bd-dd39-4831-9edd-f2b5b90bb74a,99860b6e-59ba-4961-864d-c415f920ca66,c5,c4,1008,?,x9,
1769089088.54126,FORWARDED,694578bd-dd39-4831-9edd-f2b5b90bb74a,99860b6e-59ba-4961-864d-c415f920ca66,c5,c4,1008,?,x9,
1769089088.8247132,SENT,49de699e-6562-43a8-8b4f-28284cc11843,f1f5be2c-20c4-411c-a936-83fd0537b25a,c1,c3,1016,?,x10,
1769089088.824753,FORWARDED,49de699e-6562-43a8-8b4f-28284cc11843,f1f5be2c-20c4-411c-a936-83fd0537b25a,c1,c3,1016,?,x10,
1769089089.0212145,RECEIVED,1a89bada-0523-4ce9-815e-06387f1abd59,e0db564e-ac0a-4c01-b208-1ed2d1ab40f0,c4,c1,1448,e4,?,
1769089089.1047285,SENT,1a89bada-0523-4ce9-815e-06387f1abd59,e0db564e-ac0a-4c01-b208-1ed2d1ab40f0,c4,c1,1012,?,x3,
1769089089.1047635,FORWARDED,1a89bada-0523-4ce9-815e-06387f1abd59,e0db564e-ac0a-4c01-b208-1ed2d1ab40f0,c4,c1,1012,?,x3,
1769089089.1156304,RECEIVED,54235ca9-1e75-43a9-871f-159483dc6917,1a22fdad-b3c5-4e2d-8dd8-6ff5c2c56f89,c5,c4,1443,e7,?,
1769089089.1829603,SENT,2b56eac5-dc16-479b-8171-f1bd63d15816,527567b5-3bd1-4e79-be0f-f477a3ab00eb,c2,c3,1016,?,x6,
1769089089.1830034,FORWARDED,2b56eac5-dc16-479b-8171-f1bd63d15816,527567b5-3bd1-4e79-be0f-f477a3ab00eb,c2,c3,1016,?,x6,
1769089089.2291696,RECEIVED,1d5ebee9-52ba-4b96-8589-40e56733e578,dc6b6454-c789-4b57-bffa-27ca0cd7b734,c2,c3,1453,e7,?,
1769089089.2842577,SENT,1d5ebee9-52ba-4b96-8589-40e56733e578,dc6b6454-c789-4b57-bffa-27ca0cd7b734,c2,c3,1015,?,x1,
1769089089.2842984,FORWARDED,1d5ebee9-52ba-4b96-8589-40e56733e578,dc6b6454-c789-4b57-bffa-27ca0cd7b734,c2,c3,1015,?,x1,
1769089089.4208403,RECEIVED,8d1bc643-259a-4c04-8863-660723503c8f,fb349490-31fa-465f-80d2-98212fa17283,c1,DROP,1007,e7,?,
1769089089.5735493,RECEIVED,5d23619d-8d8b-4fdf-a910-3b16dac47179,56bb6f99-57c2-4308-b4c6-b8c478c64370,c4,DROP,1009,e8,?,
1769089089.6717048,SENT,5d23619d-8d8b-4fdf-a910-3b16dac47179,56bb6f99-57c2-4308-b4c6-b8c478c64370,c4,DROP,682,?,x12,
1769089089.6717474,FORWARDED,5d23619d-8d8b-4fdf-a910-3b16dac47179,56bb6f99-57c2-4308-b4c6-b8c478c64370,c4,DROP,682,?,x12,
1769089089.7427807,SENT,8d1bc643-259a-4c04-8863-660723503c8f,fb349490-31fa-465f-80d2-98212fa17283,c1,DROP,684,?,x8,
1769089089.742819,FORWARDED,8d1bc643-259a-4c04-8863-660723503c8f,fb349490-31fa-465f-80d2-98212fa17283,c1,DROP,684,?,x8,
1769089089.9611638,SENT,54235ca9-1e75-43a9-871f-159483dc6917,1a22fdad-b3c5-4e2d-8dd8-6ff5c2c56f89,c5,c4,1011,?,x2,
1769089089.9612057,FORWARDED,54235ca9-1e75-43a9-871f-159483dc6917,1a22fdad-b3c5-4e2d-8dd8-6ff5c2c56f89,c5,c4,1011,?,x2,
1769089090.1291008,RECEIVED,5ece73be-f761-476b-a599-2f0e96aa9cfd,cfe2ca50-b52f-4570-b9ee-873bd7b11b04,c3,c4,1447,e11,?,
1769089090.1726027,RECEIVED,b74e8f89-84ea-468e-a59a-fa02d1090490,fa8fbae9-9438-4b14-aa3b-c145c424d879,c5,c4,1455,e12,?,
1769089090.3323002,SENT,b74e8f89-84ea-468e-a59a-fa02d1090490,fa8fbae9-9438-4b14-aa3b-c145c424d879,c5,c4,1020,?,x2,
1769089090.3323414,FORWARDED,b74e8f89-84ea-468e-a59a-fa02d1090490,fa8fbae9-9438-4b14-aa3b-c145c424d879,c5,c4,1020,?,x2,
1769089090.3492281,SENT,5ece73be-f761-476b-a599-2f0e96aa9cfd,cfe2ca50-b52f-4570-b9ee-873bd7b11b04,c3,c4,1012,?,x8,
1769089090.3492656,FORWARDED,5ece73be-f761-476b-a599-2f0e96aa9cfd,cfe2ca50-b52f-4570-b9ee-873bd7b11b04,c3,c4,1012,?,x8,
1769089091.0205204,RECEIVED,0e388a0b-5814-4dac-b367-d5ea724b834a,9cd1c555-8d83-43bc-94b7-e40975997b25,c2,DROP,441,x5,?,
1769089091.0649703,RECEIVED,f60757c8-4ee5-47f1-a2d7-283ff70422c0,bf1d91ce-bfeb-4c20-82e2-3b838da9000b,c2,DROP,441,x7,?,
1769089091.728215,RECEIVED,b3f2360c-f1a8-4627-bb26-19fbbf64b612,2bba5900-bd65-4586-841e-bdb8407ad513,c3,c4,1448,e9,?,
1769089091.7366064,RECEIVED,cfb4cf2a-11b0-4870-97ae-54cbeb1449a5,6d554a6b-8add-4e6e-9834-628d8ecd6e87,c4,c1,1445,e11,?,
1769089091.7903206,SENT,cfb4cf2a-11b0-4870-97ae-54cbeb1449a5,6d554a6b-8add-4e6e-9834-628d8ecd6e87,c4,c1,1011,?,x6,
1769089091.7903588,FORWARDED,cfb4cf2a-11b0-4870-97ae-54cbeb1449a5,6d554a6b-8add-4e6e-9834-628d8ecd6e87,c4,c1,1011,?,x6,
1769089092.039613,RECEIVED,c525bc8e-eb8a-4fb3-aed6-4deda87a15e4,fd140639-0961-402f-9044-634527f5f4bf,c1,c3,1456,e1,?,
1769089092.0937726,SENT,b3f2360c-f1a8-4627-bb26-19fbbf64b612,2bba5900-bd65-4586-841e-bdb8407ad513,c3,c4,1012,?,x2,
1769089092.0938134,FORWARDED,b3f2360c-f1a8-4627-bb26-19fbbf64b612,2bba5900-bd65-4586-841e-bdb8407ad513,c3,c4,1012,?,x2,
1769089092.138446,SENT,c525bc8e-eb8a-4fb3-aed6-4deda87a15e4,fd140639-0961-402f-9044-634527f5f4bf,c1,c3,1020,?,x1,
1769089092.1384888,FORWARDED,c525bc8e-eb8a-4fb3-aed6-4deda87a15e4,fd140639-0961-402f-9044-634527f5f4bf,c1,c3,1020,?,x1,
1769089092.1765888,RECEIVED,6d7cfceb-d9bd-4a81-8af5-0033ec25db18,c978fe56-44ca-49b8-b2c3-760a419c6472,c5,DROP,1000,e8,?,
1769089092.2565892,RECEIVED,2932f526-64da-4f71-9412-da19c47c750e,3a15a527-dffa-4917-bab8-bd0b223807a9,c3,DROP,437,x8,?,
1769089092.3509917,RECEIVED,c46c5784-ccfd-43d5-9c97-7bcda702f9ec,ac521251-a12e-4cd5-9a0a-557c9894e9c8,c1,DROP,442,x9,?,
1769089092.486836,SENT,6d7cfceb-d9bd-4a81-8af5-0033ec25db18,c978fe56-44ca-49b8-b2c3-760a419c6472,c5,DROP,678,?,x4,
1769089092.4868748,FORWARDED,6d7cfceb-d9bd-4a81-8af5-0033ec25db18,c978fe56-44ca-49b8-b2c3-760a419c6472,c5,DROP,678,?,x4,
1769089092.5199337,RECEIVED,4335ddc4-f2a3-46b0-b49a-bf9ee1936d98,fee2ca6e-adfe-4798-9254-e206b962c640,c3,DROP,441,x9,?,
1769089092.856554,RECEIVED,ad47703b-53a0-45c4-814d-44e813c8c97a,7e415e04-d5c2-4a56-8693-b91d42d360e7,c4,DROP,1016,e6,?,
1769089093.043297,RECEIVED,80094f93-d20e-4b42-8c49-a5231918cc8e,1771629b-0211-480b-9d29-2574ea12c597,c4,DROP,1011,e8,?,
1769089093.0512161,SENT,ad47703b-53a0-45c4-814d-44e813c8c97a,7e415e04-d5c2-4a56-8693-b91d42d360e7,c4,DROP,689,?,x9,
1769089093.0512547,FORWARDED,ad47703b-53a0-45c4-814d-44e813c8c97a,7e415e04-d5c2-4a56-8693-b91d42d360e7,c4,DROP,689,?,x9,
1769089093.194391,RECEIVED,7a99dbb5-aba1-4470-a599-022eba667bf8,24264313-ea5c-406a-a692-bd665c21ae89,c5,c4,1451,e5,?,
1769089093.2095268,SENT,80094f93-d20e-4b42-8c49-a5231918cc8e,1771629b-0211-480b-9d29-2574ea12c597,c4,DROP,686,?,x7,
1769089093.2095692,FORWARDED,80094f93-d20e-4b42-8c49-a5231918cc8e,1771629b-0211-480b-9d29-2574ea12c597,c4,DROP,686,?,x7,
1769089093.727634,RECEIVED,2e304d6a-a370-46d5-a835-b12460d3df0c,70283074-6799-4fdb-98ac-5ed65d7a0733,c5,DROP,441,x7,?,
1769089093.869806,RECEIVED,63fc8320-fbcc-4421-9476-14d525de1452,1700ffa1-9088-4ab9-b08b-53e9830d403f,c5,DROP,441,x9,?,
1769089093.9932406,RECEIVED,cb91088c-080e-4ba3-b428-d226a32e8b8c,2fc21f4d-c275-40b4-aa66-87ed91cda839,c3,DROP,446,x11,?,
1769089094.1272407,SENT,7a99dbb5-aba1-4470-a599-022eba667bf8,24264313-ea5c-406a-a692-bd665c21ae89,c5,c4,1016,?,x2,
1769089094.1272798,FORWARDED,7a99dbb5-aba1-4470-a599-022eba667bf8,24264313-ea5c-406a-a692-bd665c21ae89,c5,c4,1016,?,x2,
1769089094.175176,RECEIVED,6da5c2c3-e64a-4cd2-8eab-f87df95e3b79,1e5313c3-b640-486c-af12-724734d5519b,c5,c4,1451,e11,?,
1769089094.5068135,RECEIVED,b626d39b-8690-46a4-959a-0dc601b0f112,a7019e99-2985-4a5b-95dc-9bcf53339daa,c2,DROP,1021,e11,?,
1769089094.5251956,RECEIVED,79f9c50f-5b58-4ace-b86e-40cd03b365df,0ed089a8-c300-4b68-a8d1-d08934196066,c3,DROP,1015,e3,?,
1769089094.5429475,RECEIVED,458859f3-ffed-4469-a256-5153dabe1646,b35fb10a-673a-4a64-b351-c60a36ae162f,c5,c4,1444,e12,?,
1769089094.581223,SENT,6da5c2c3-e64a-4cd2-8eab-f87df95e3b79,1e5313c3-b640-486c-af12-724734d5519b,c5,c4,1016,?,x9,
1769089094.5812638,FORWARDED,6da5c2c3-e64a-4cd2-8eab-f87df95e3b79,1e5313c3-b640-486c-af12-724734d5519b,c5,c4,1016,?,x9,
1769089094.600679,SENT,458859f3-ffed-4469-a256-5153dabe1646,b35fb10a-673a-4a64-b351-c60a36ae162f,c5,c4,1010,?,x8,
1769089094.6007185,FORWARDED,458859f3-ffed-4469-a256-5153dabe1646,b35fb10a-673a-4a64-b351-c60a36ae162f,c5,c4,1010,?,x8,
1769089094.645113,SENT,b626d39b-8690-46a4-959a-0dc601b0f112,a7019e99-2985-4a5b-95dc-9bcf53339daa,c2,DROP,692,?,x10,
1769089094.6451497,FORWARDED,b626d39b-8690-46a4-959a-0dc601b0f112,a7019e99-2985-4a5b-95dc-9bcf53339daa,c2,DROP,692,?,x10,
1769089094.654486,RECEIVED,824733ab-e92b-4414-8c0a-539ae883f472,6de4468c-36d7-4c8d-8d28-6bd392ccb083,c3,c4,1446,e4,?,
1769089094.7466474,SENT,824733ab-e92b-4414-8c0a-539ae883f472,6de4468c-36d7-4c8d-8d28-6bd392ccb083,c3,c4,1014,?,x5,
1769089094.7466924,FORWARDED,824733ab-e92b-4414-8c0a-539ae883f472,6de4468c-36d7-4c8d-8d28-6bd392ccb083,c3,c4,1014,?,x5,
1769089094.8001015,RECEIVED,e0355d7f-e47f-4aea-ae54-c00d81d6a671,f04001fc-9aeb-48bd-9455-62c6fd026c75,c2,c3,1451,e11,?,
1769089094.8877928,RECEIVED,39e99c08-806c-41fe-ba59-214e63281e84,5a7c34f2-ac95-487f-b3b3-d88d78854e4b,c5,DROP,1008,e2,?,
1769089095.1251302,SENT,39e99c08-806c-41fe-ba59-214e63281e84,5a7c34f2-ac95-487f-b3b3-d88d78854e4b,c5,DROP,684,?,x8,
1769089095.1251645,FORWARDED,39e99c08-806c-41fe-ba59-214e63281e84,5a7c34f2-ac95-487f-b3b3-d88d78854e4b,c5,DROP,684,?,x8,
1769089095.2741017,RECEIVED,834fa850-07d9-4e74-9367-bc95c7f4f2cc,34a6461f-22c4-4392-b0bc-fa8cc080888c,c2,DROP,1015,e3,?,
1769089095.3161693,RECEIVED,1d7b5779-4d1f-4660-aa56-7ed3b82b7c94,93277085-0b23-43c4-b3d9-eff5210d3e6a,c5,DROP,1020,e10,?,
1769089095.3302708,RECEIVED,34df3fe0-5e88-483c-a83d-559a42ae6b64,297ee261-105f-47ba-857b-1f1689622a7b,c4,c1,1453,e3,?,
1769089095.4061413,SENT,34df3fe0-5e88-483c-a83d-559a42ae6b64,297ee261-105f-47ba-857b-1f1689622a7b,c4,c1,1016,?,x7,
1769089095.4061813,FORWARDED,34df3fe0-5e88-483c-a83d-559a42ae6b64,297ee261-105f-47ba-857b-1f1689622a7b,c4,c1,1016,?,x7,
1769089095.4074752,SENT,79f9c50f-5b58-4ace-b86e-40cd03b365df,0ed089a8-c300-4b68-a8d1-d08934196066,c3,DROP,689,?,x8,
1769089095.407521,FORWARDED,79f9c50f-5b58-4ace-b86e-40cd03b365df,0ed089a8-c300-4b68-a8d1-d08934196066,c3,DROP,689,?,x8,
1769089095.410247,RECEIVED,0fac846f-02a2-4241-a768-c8341769ee97,12d069e0-8b83-4b3e-b5b0-b309682cfd3d,c4,DROP,1011,e12,?,
1769089095.455729,SENT,1d7b5779-4d1f-4660-aa56-7ed3b82b7c94,93277085-0b23-43c4-b3d9-eff5210d3e6a,c5,DROP,693,?,x9,
1769089095.4557686,FORWARDED,1d7b5779-4d1f-4660-aa56-7ed3b82b7c94,93277085-0b23-43c4-b3d9-eff5210d3e6a,c5,DROP,693,?,x9,
1769089095.4936733,RECEIVED,81ec9c65-ddcf-4917-b81b-3bf4b71446f9,39cc24ca-3e4c-4b12-8507-853d56bf80fd,c1,DROP,441,x7,?,
1769089095.4965632,RECEIVED,b856e164-6d92-458e-845f-81c5639951ba,de0363ba-9aea-421c-82b8-890b07a68cc6,c5,DROP,1016,e4,?,
1769089095.722479,SENT,0fac846f-02a2-4241-a768-c8341769ee97,12d069e0-8b83-4b3e-b5b0-b309682cfd3d,c4,DROP,687,?,x3,
1769089095.722519,FORWARDED,0fac846f-02a2-4241-a768-c8341769ee97,12d069e0-8b83-4b3e-b5b0-b309682cfd3d,c4,DROP,687,?,x3,
1769089095.7587662,SENT,b856e164-6d92-458e-845f-81c5639951ba,de0363ba-9aea-421c-82b8-890b07a68cc6,c5,DROP,688,?,x6,
1769089095.758807,FORWARDED,b856e164-6d92-458e-845f-81c5639951ba,de0363ba-9aea-421c-82b8-890b07a68cc6,c5,DROP,688,?,x6,
1769089095.884495,RECEIVED,964fd467-f0de-4f6b-b99e-ea0aeb47de1e,9af659b1-41e7-4e2d-87ac-0fe29b3acfbe,c4,c1,1453,e4,?,
1769089095.9623077,SENT,964fd467-f0de-4f6b-b99e-ea0aeb47de1e,9af659b1-41e7-4e2d-87ac-0fe29b3acfbe,c4,c1,1015,?,x4,
1769089095.9623435,FORWARDED,964fd467-f0de-4f6b-b99e-ea0aeb47de1e,9af659b1-41e7-4e2d-87ac-0fe29b3acfbe,c4,c1,1015,?,x4,
1769089096.136117,RECEIVED,e70af097-459f-4a12-9b4b-a24292b44a8c,980a98a6-79f5-4124-8c7a-824a9695ca69,c1,c3,1456,e3,?,
1769089096.1989896,RECEIVED,ec8508fd-add2-45fe-8cb5-db7ac5fecf5d,786e06f1-dbbf-4c84-a807-e2025b95737b,c2,DROP,1004,e10,?,
1769089096.2893183,RECEIVED,6a082cd9-2813-4b04-86d6-45ca4b8fc8e7,96c8a3de-b816-46a5-bf90-4437de82aa9a,c1,DROP,439,x4,?,
1769089096.3781583,SENT,834fa850-07d9-4e74-9367-bc95c7f4f2cc,34a6461f-22c4-4392-b0bc-fa8cc080888c,c2,DROP,688,?,x4,
1769089096.3781977,FORWARDED,834fa850-07d9-4e74-9367-bc95c7f4f2cc,34a6461f-22c4-4392-b0bc-fa8cc080888c,c2,DROP,688,?,x4,
1769089096.4108975,SENT,e0355d7f-e47f-4aea-ae54-c00d81d6a671,f04001fc-9aeb-48bd-9455-62c6fd026c75,c2,c3,1015,?,x5,
1769089096.4109342,FORWARDED,e0355d7f-e47f-4aea-ae54-c00d81d6a671,f04001fc-9aeb-48bd-9455-62c6fd026c75,c2,c3,1015,?,x5,
1769089096.4550104,SENT,ec8508fd-add2-45fe-8cb5-db7ac5fecf5d,786e06f1-dbbf-4c84-a807-e2025b95737b,c2,DROP,680,?,x12,
1769089096.455044,FORWARDED,ec8508fd-add2-45fe-8cb5-db7ac5fecf5d,786e06f1-dbbf-4c84-a807-e2025b95737b,c2,DROP,680,?,x12,
1769089096.5900416,RECEIVED,d26ed682-3398-4b6a-963e-58247ad3444b,17ae8821-68cf-4362-8dd8-3cd90c883752,c3,c4,1456,e8,?,
1769089096.6804047,RECEIVED,5eb09298-8909-4919-aefc-f5ec18100239,466da092-d597-48ae-ae56-b5cc7b8d2b4a,c2,DROP,440,x2,?,
1769089096.7916152,SENT,e70af097-459f-4a12-9b4b-a24292b44a8c,980a98a6-79f5-4124-8c7a-824a9695ca69,c1,c3,1019,?,x11,
1769089096.7916546,FORWARDED,e70af097-459f-4a12-9b4b-a24292b44a8c,980a98a6-79f5-4124-8c7a-824a9695ca69,c1,c3,1019,?,x11,
1769089096.8965254,RECEIVED,5904b73d-ee49-42e8-8e6e-4bc9908072c8,158c971e-a94b-4db9-8adb-f46a5d3c6c54,c5,c4,1447,e2,?,
1769089097.0736885,RECEIVED,09249ebd-4e7c-4dd1-95b2-a4a23c9ae679,6f8cad5a-2dd4-4d2e-ab7f-a6603708e540,c3,DROP,1008,e7,?,
1769089097.1493237,RECEIVED,b714975b-ca39-4b1d-8e23-412eea59623e,ed3ae386-ecfe-443f-bf94-00d9f6a3bac1,c2,c3,1453,e6,?,
1769089097.2360318,SENT,09249ebd-4e7c-4dd1-95b2-a4a23c9ae679,6f8cad5a-2dd4-4d2e-ab7f-a6603708e540,c3,DROP,684,?,x6,
1769089097.236087,FORWARDED,09249ebd-4e7c-4dd1-95b2-a4a23c9ae679,6f8cad5a-2dd4-4d2e-ab7f-a6603708e540,c3,DROP,684,?,x6,
1769089097.526211,SENT,d26ed682-3398-4b6a-963e-58247ad3444b,17ae8821-68cf-4362-8dd8-3cd90c883752,c3,c4,1020,?,x10,
1769089097.5262535,FORWARDED,d26ed682-3398-4b6a-963e-58247ad3444b,17ae8821-68cf-4362-8dd8-3cd90c883752,c3,c4,1020,?,x10,
1769089097.6254003,SENT,b714975b-ca39-4b1d-8e23-412eea59623e,ed3ae386-ecfe-443f-bf94-00d9f6a3bac1,c2,c3,1015,?,x10,
1769089097.625443,FORWARDED,b714975b-ca39-4b1d-8e23-412eea59623e,ed3ae386-ecfe-443f-bf94-00d9f6a3bac1,c2,c3,1015,?,x10,
1769089097.731415,RECEIVED,09aa3f77-6b74-4a1f-a249-ca7171440e8d,9dcf1470-a41a-428c-983c-837960406e00,c2,c3,1456,e10,?,
1769089097.847559,SENT,5904b73d-ee49-42e8-8e6e-4bc9908072c8,158c971e-a94b-4db9-8adb-f46a5d3c6c54,c5,c4,1013,?,x4,
1769089097.8476014,FORWARDED,5904b73d-ee49-42e8-8e6e-4bc9908072c8,158c971e-a94b-4db9-8adb-f46a5d3c6c54,c5,c4,1013,?,x4,
1769089097.9047582,SENT,09aa3f77-6b74-4a1f-a249-ca7171440e8d,9dcf1470-a41a-428c-983c-837960406e00,c2,c3,1020,?,x4,
1769089097.904802,FORWARDED,09aa3f77-6b74-4a1f-a249-ca7171440e8d,9dcf1470-a41a-428c-983c-837960406e00,c2,c3,1020,?,x4,
1769089098.518401,RECEIVED,fff9a7f3-aacb-461e-9b96-7638ac11d94a,2bc3cb0c-8a87-494d-a738-017907c6ca98,c3,DROP,1020,e10,?,
1769089098.5194864,RECEIVED,abd0474b-334f-4722-8647-cae86087f82f,783ff83d-2d0c-4a84-984b-e4411c5953b6,c5,DROP,1003,e2,?,
1769089098.6688664,SENT,abd0474b-334f-4722-8647-cae86087f82f,783ff83d-2d0c-4a84-984b-e4411c5953b6,c5,DROP,679,?,x8,
1769089098.6689062,FORWARDED,abd0474b-334f-4722-8647-cae86087f82f,783ff83d-2d0c-4a84-984b-e4411c5953b6,c5,DROP,679,?,x8,
1769089098.720702,RECEIVED,6157670e-29e5-426b-b204-22c508db8320,a56d3bf1-ef2c-4c52-a6a2-d7d2c929d5cb,c5,c4,1452,e5,?,
1769089098.904236,RECEIVED,106ce0a4-e4f6-49aa-8e5e-ed8236da91b4,e836a0c8-d5ad-436d-8c5b-9bc5b005841f,c5,c4,1456,e12,?,
1769089099.0130692,SENT,6157670e-29e5-426b-b204-22c508db8320,a56d3bf1-ef2c-4c52-a6a2-d7d2c929d5cb,c5,c4,1016,?,x12,
1769089099.0131094,FORWARDED,6157670e-29e5-426b-b204-22c508db8320,a56d3bf1-ef2c-4c52-a6a2-d7d2c929d5cb,c5,c4,1016,?,x12,
1769089099.015125,RECEIVED,36687876-6af9-4cdf-87db-0472bee215ca,c103677d-eea0-4d48-8078-54cb79252a36,c5,c4,1451,e2,?,
1769089099.022208,SENT,fff9a7f3-aacb-461e-9b96-7638ac11d94a,2bc3cb0c-8a87-494d-a738-017907c6ca98,c3,DROP,691,?,x10,
1769089099.022248,FORWARDED,fff9a7f3-aacb-461e-9b96-7638ac11d94a,2bc3cb0c-8a87-494d-a738-017907c6ca98,c3,DROP,691,?,x10,
1769089099.1756048,SENT,106ce0a4-e4f6-49aa-8e5e-ed8236da91b4,e836a0c8-d5ad-436d-8c5b-9bc5b005841f,c5,c4,1019,?,x11,
1769089099.1756437,FORWARDED,106ce0a4-e4f6-49aa-8e5e-ed8236da91b4,e836a0c8-d5ad-436d-8c5b-9bc5b005841f,c5,c4,1019,?,x11,
1769089099.4777973,RECEIVED,b0beeeb8-421a-47e4-8cdf-89c78d98a17e,4e06a3b6-4f31-472b-90f9-5677394beda8,c4,DROP,1008,e6,?,
1769089099.676569,SENT,36687876-6af9-4cdf-87db-0472bee215ca,c103677d-eea0-4d48-8078-54cb79252a36,c5,c4,1017,?,x4,
1769089099.6766067,FORWARDED,36687876-6af9-4cdf-87db-0472bee215ca,c103677d-eea0-4d48-8078-54cb79252a36,c5,c4,1017,?,x4,
1769089099.8151567,SENT,b0beeeb8-421a-47e4-8cdf-89c78d98a17e,4e06a3b6-4f31-472b-90f9-5677394beda8,c4,DROP,683,?,x12,
1769089099.8151965,FORWARDED,b0beeeb8-421a-47e4-8cdf-89c78d98a17e,4e06a3b6-4f31-472b-90f9-5677394beda8,c4,DROP,683,?,x12,
1769089099.8692906,RECEIVED,1b92f82f-f32d-435d-9b42-3cbe6f0b0f4d,f517307c-a538-473e-8a05-8884382c7ea7,c3,c4,1448,e5,?,
1769089100.030832,RECEIVED,954871a9-7758-49a5-98e1-b9322d574b43,00740b33-cd91-4f93-8ea2-ccbc539cfc90,c5,c4,1446,e9,?,
1769089100.0308945,SENT,1b92f82f-f32d-435d-9b42-3cbe6f0b0f4d,f517307c-a538-473e-8a05-8884382c7ea7,c3,c4,1013,?,x1,
1769089100.0313416,FORWARDED,1b92f82f-f32d-435d-9b42-3cbe6f0b0f4d,f517307c-a538-473e-8a05-8884382c7ea7,c3,c4,1013,?,x1,
1769089100.1429076,RECEIVED,368d9408-5b26-4aa3-999a-153de0a4fe3e,da79cf5c-07d2-4025-9f56-f271f3b17e63,c3,DROP,1016,e7,?,
1769089100.1444907,RECEIVED,c85d62ca-6a4b-4117-9e37-50fbd151e1cd,4a4d6456-c95a-4d34-8316-1e0097ceb020,c5,c4,1459,e10,?,
1769089100.2142942,RECEIVED,89560303-8c2a-47c4-a9b8-495a7c01e586,c6a83af3-4864-43bd-a7cb-cc96f97a6f07,c5,c4,1448,e9,?,
1769089100.2284393,RECEIVED,800c93e9-c0d1-4fc1-ab0b-92ec6023534f,26626710-e104-4aae-a72e-a1607788dd82,c5,c4,1444,e9,?,
1769089100.3057835,SENT,89560303-8c2a-47c4-a9b8-495a7c01e586,c6a83af3-4864-43bd-a7cb-cc96f97a6f07,c5,c4,1012,?,x9,
1769089100.305824,FORWARDED,89560303-8c2a-47c4-a9b8-495a7c01e586,c6a83af3-4864-43bd-a7cb-cc96f97a6f07,c5,c4,1012,?,x9,
1769089100.4538245,RECEIVED,083200a6-1a94-46ab-8de8-1ec177027f3e,82950d41-d68b-4a95-9dfb-baa4e1ad3b51,c3,DROP,1015,e3,?,
1769089100.4605122,SENT,368d9408-5b26-4aa3-999a-153de0a4fe3e,da79cf5c-07d2-4025-9f56-f271f3b17e63,c3,DROP,689,?,x4,
1769089100.4605517,FORWARDED,368d9408-5b26-4aa3-999a-153de0a4fe3e,da79cf5c-07d2-4025-9f56-f271f3b17e63,c3,DROP,689,?,x4,
1769089100.4878004,RECEIVED,a9c2fd43-1674-46fc-a826-b8f7f88a2557,524816de-3a28-4822-9cf6-396298b4744b,c2,c3,1443,e4,?,
1769089100.508752,SENT,954871a9-7758-49a5-98e1-b9322d574b43,00740b33-cd91-4f93-8ea2-ccbc539cfc90,c5,c4,1012,?,x2,
1769089100.5087938,FORWARDED,954871a9-7758-49a5-98e1-b9322d574b43,00740b33-cd91-4f93-8ea2-ccbc539cfc90,c5,c4,1012,?,x2,
1769089100.5257149,SENT,800c93e9-c0d1-4fc1-ab0b-92ec6023534f,26626710-e104-4aae-a72e-a1607788dd82,c5,c4,1011,?,x7,
1769089100.525839,FORWARDED,800c93e9-c0d1-4fc1-ab0b-92ec6023534f,26626710-e104-4aae-a72e-a1607788dd82,c5,c4,1011,?,x7,
1769089100.5301538,RECEIVED,86cb667f-9420-410d-a7f3-577496169a5e,c13d6756-f069-49f9-ab37-fc9cbb4f547e,c3,DROP,1008,e2,?,
1769089100.833634,RECEIVED,9f4f08e3-f31d-48b5-95a6-45f52455534a,226d6f53-cf5f-41ef-917a-9219e593f171,c4,DROP,441,x3,?,
1769089100.8891833,SENT,a9c2fd43-1674-46fc-a826-b8f7f88a2557,524816de-3a28-4822-9cf6-396298b4744b,c2,c3,1011,?,x4,
1769089100.889223,FORWARDED,a9c2fd43-1674-46fc-a826-b8f7f88a2557,524816de-3a28-4822-9cf6-396298b4744b,c2,c3,1011,?,x4,
1769089100.897207,RECEIVED,b3dae965-9363-4be7-9657-494e329fd049,ae444cf7-ecfc-4bf8-ab2b-428253843918,c5,c4,1443,e11,?,
1769089101.138947,SENT,86cb667f-9420-410d-a7f3-577496169a5e,c13d6756-f069-49f9-ab37-fc9cbb4f547e,c3,DROP,683,?,x11,
1769089101.13899,FORWARDED,86cb667f-9420-410d-a7f3-577496169a5e,c13d6756-f069-49f9-ab37-fc9cbb4f547e,c3,DROP,683,?,x11,
1769089101.400979,RECEIVED,2a5cc2d0-e011-4d07-b1d9-cb8b132d1ff3,64b10fb2-16f1-4ee5-96d0-ca09fe4ff50d,c4,DROP,1008,e2,?,
1769089101.4447792,RECEIVED,d45fa360-9672-4b0e-8ea4-854a3cbf48b3,837e7d87-f561-422e-a2d8-2b47e5a4a060,c2,DROP,1007,e3,?,
1769089101.502475,SENT,083200a6-1a94-46ab-8de8-1ec177027f3e,82950d41-d68b-4a95-9dfb-baa4e1ad3b51,c3,DROP,688,?,x7,
1769089101.5025175,FORWARDED,083200a6-1a94-46ab-8de8-1ec177027f3e,82950d41-d68b-4a95-9dfb-baa4e1ad3b51,c3,DROP,688,?,x7,
1769089101.5066895,SENT,2a5cc2d0-e011-4d07-b1d9-cb8b132d1ff3,64b10fb2-16f1-4ee5-96d0-ca09fe4ff50d,c4,DROP,683,?,x6,
1769089101.5067303,FORWARDED,2a5cc2d0-e011-4d07-b1d9-cb8b132d1ff3,64b10fb2-16f1-4ee5-96d0-ca09fe4ff50d,c4,DROP,683,?,x6,
1769089101.5831373,SENT,c85d62ca-6a4b-4117-9e37-50fbd151e1cd,4a4d6456-c95a-4d34-8316-1e0097ceb020,c5,c4,1022,?,x1,
1769089101.5831792,FORWARDED,c85d62ca-6a4b-4117-9e37-50fbd151e1cd,4a4d6456-c95a-4d34-8316-1e0097ceb020,c5,c4,1022,?,x1,
1769089101.7236316,SENT,b3dae965-9363-4be7-9657-494e329fd049,ae444cf7-ecfc-4bf8-ab2b-428253843918,c5,c4,1011,?,x4,
1769089101.7236738,FORWARDED,b3dae965-9363-4be7-9657-494e329fd049,ae444cf7-ecfc-4bf8-ab2b-428253843918,c5,c4,1011,?,x4,
1769089102.8020692,RECEIVED,83809371-e6cb-485f-9584-6afaa8d03d91,99ea21d8-4552-49c4-beff-e54aa50bc617,c5,c4,1455,e10,?,
1769089102.9303832,RECEIVED,d50941ea-3b34-4344-8eae-55c3d6dbfa40,ae130f64-d2c8-46d5-9cee-0d72ebc52f77,c2,DROP,1011,e5,?,
1769089102.9402997,RECEIVED,67099667-aaf9-45dc-be32-fb55018cd753,0755fe2e-88f2-4911-9664-584a3b70c1bb,c3,DROP,441,x12,?,
1769089102.9736636,RECEIVED,2db7c394-abc1-4cdd-97d9-48bc7f3efd08,38bb7b01-3ecd-46e8-acd7-865a2b6b93f9,c4,DROP,446,x11,?,
1769089103.053697,RECEIVED,1047d98e-1b07-4b6c-877e-2523f99a3fb3,1b36717c-9b2e-46a2-adfc-679a5737b959,c1,c3,1468,e11,?,
1769089103.0575976,RECEIVED,289c0ab7-480f-400a-bbc2-2566148b0f11,afc40e17-6390-4d0d-9281-5b7cd208dd8d,c5,c4,1469,e2,?,
1769089103.0637062,RECEIVED,a94cedd5-06b7-46fa-9362-160283cc00c7,ff54ce79-16c3-4f1a-aa41-49b12a399d08,c2,c3,1443,e8,?,
1769089103.1032598,RECEIVED,bcaebe02-bfa4-45df-a45b-4020a04d82a4,68dedb79-6592-408d-bd5f-0d24f9a3afcf,c3,DROP,441,x7,?,
1769089103.1373477,RECEIVED,17416f76-95e8-4360-b776-aa2187bf8921,10024bb0-de87-44d7-a6f4-d4fb34b06600,c2,c3,1452,e5,?,
1769089103.1917357,RECEIVED,466f88bb-3716-4caf-83b6-4fbdf3517db4,1a6845d3-cba3-4bc8-9843-8073b4a9432a,c3,DROP,1008,e3,?,
1769089103.1935115,SENT,d45fa360-9672-4b0e-8ea4-854a3cbf48b3,837e7d87-f561-422e-a2d8-2b47e5a4a060,c2,DROP,684,?,x5,
1769089103.1935492,FORWARDED,d45fa360-9672-4b0e-8ea4-854a3cbf48b3,837e7d87-f561-422e-a2d8-2b47e5a4a060,c2,DROP,684,?,x5,
1769089103.2595026,SENT,289c0ab7-480f-400a-bbc2-2566148b0f11,afc40e17-6390-4d0d-9281-5b7cd208dd8d,c5,c4,1027,?,x10,
1769089103.2595377,FORWARDED,289c0ab7-480f-400a-bbc2-2566148b0f11,afc40e17-6390-4d0d-9281-5b7cd208dd8d,c5,c4,1027,?,x10,
1769089103.2780867,SENT,a94cedd5-06b7-46fa-9362-160283cc00c7,ff54ce79-16c3-4f1a-aa41-49b12a399d08,c2,c3,1011,?,x4,
1769089103.2781265,FORWARDED,a94cedd5-06b7-46fa-9362-160283cc00c7,ff54ce79-16c3-4f1a-aa41-49b12a399d08,c2,c3,1011,?,x4,
1769089103.307365,SENT,17416f76-95e8-4360-b776-aa2187bf8921,10024bb0-de87-44d7-a6f4-d4fb34b06600,c2,c3,1016,?,x8,
1769089103.3074036,FORWARDED,17416f76-95e8-4360-b776-aa2187bf8921,10024bb0-de87-44d7-a6f4-d4fb34b06600,c2,c3,1016,?,x8,
1769089103.325893,RECEIVED,7709d2ec-298f-4c0e-a35b-22b9e040e72c,07b83fec-2e3e-431a-9c3f-42893e196a81,c2,DROP,446,x12,?,
1769089103.336428,RECEIVED,56f86d1b-1139-40df-bf5f-64f5481074fd,9e1797c8-5445-490f-b80f-ee1a3d2ac6f6,c4,DROP,1018,e8,?,
1769089103.3677003,SENT,56f86d1b-1139-40df-bf5f-64f5481074fd,9e1797c8-5445-490f-b80f-ee1a3d2ac6f6,c4,DROP,688,?,x12,
1769089103.3677413,FORWARDED,56f86d1b-1139-40df-bf5f-64f5481074fd,9e1797c8-5445-490f-b80f-ee1a3d2ac6f6,c4,DROP,688,?,x12,
1769089103.3695393,SENT,83809371-e6cb-485f-9584-6afaa8d03d91,99ea21d8-4552-49c4-beff-e54aa50bc617,c5,c4,1019,?,x8,
1769089103.3695788,FORWARDED,83809371-e6cb-485f-9584-6afaa8d03d91,99ea21d8-4552-49c4-beff-e54aa50bc617,c5,c4,1019,?,x8,
1769089103.3844838,RECEIVED,87208b83-f76d-4e4f-86b5-ca29b9a295a0,dc92b58b-2882-483b-9060-36ded66f0da2,c2,DROP,1016,e1,?,
1769089103.6061487,RECEIVED,a7186993-0e22-4481-8cf6-f1867f98a726,69d49d6f-1d55-4371-b78d-5d4ca5ee8f8e,c2,DROP,1008,e3,?,
1769089103.6468935,SENT,466f88bb-3716-4caf-83b6-4fbdf3517db4,1a6845d3-cba3-4bc8-9843-8073b4a9432a,c3,DROP,684,?,x3,
1769089103.6469333,FORWARDED,466f88bb-3716-4caf-83b6-4fbdf3517db4,1a6845d3-cba3-4bc8-9843-8073b4a9432a,c3,DROP,684,?,x3,
1769089103.8457673,RECEIVED,7b62c68e-cd2f-4c9b-8ca5-527f64bf2df0,9478b4ea-2fca-4142-8fe2-2141dbdc8ad0,c2,c3,1465,e5,?,
1769089103.8849254,SENT,7b62c68e-cd2f-4c9b-8ca5-527f64bf2df0,9478b4ea-2fca-4142-8fe2-2141dbdc8ad0,c2,c3,1024,?,x11,
1769089103.8849623,FORWARDED,7b62c68e-cd2f-4c9b-8ca5-527f64bf2df0,9478b4ea-2fca-4142-8fe2-2141dbdc8ad0,c2,c3,1024,?,x11,
1769089103.8899453,RECEIVED,762d8330-3c99-4c1e-9db5-71cc1e1f6ea9,15774225-9856-413e-b060-5736e14748c4,c1,DROP,1021,e12,?,
1769089103.9172175,SENT,1047d98e-1b07-4b6c-877e-2523f99a3fb3,1b36717c-9b2e-46a2-adfc-679a5737b959,c1,c3,1028,?,x12,
1769089103.9172595,FORWARDED,1047d98e-1b07-4b6c-877e-2523f99a3fb3,1b36717c-9b2e-46a2-adfc-679a5737b959,c1,c3,1028,?,x12,
1769089103.9273877,RECEIVED,15a05e98-a724-433f-bad1-1fbaedba77f1,6ee24897-a617-4452-8137-020815382800,c5,c4,1445,e5,?,
1769089103.9551208,SENT,762d8330-3c99-4c1e-9db5-71cc1e1f6ea9,15774225-9856-413e-b060-5736e14748c4,c1,DROP,693,?,x12,
1769089103.9551609,FORWARDED,762d8330-3c99-4c1e-9db5-71cc1e1f6ea9,15774225-9856-413e-b060-5736e14748c4,c1,DROP,693,?,x12,
1769089103.9696996,SENT,15a05e98-a724-433f-bad1-1fbaedba77f1,6ee24897-a617-4452-8137-020815382800,c5,c4,1011,?,x7,
1769089103.9697552,FORWARDED,15a05e98-a724-433f-bad1-1fbaedba77f1,6ee24897-a617-4452-8137-020815382800,c5,c4,1011,?,x7,
1769089104.070435,SENT,a7186993-0e22-4481-8cf6-f1867f98a726,69d49d6f-1d55-4371-b78d-5d4ca5ee8f8e,c2,DROP,683,?,x6,
1769089104.0704706,FORWARDED,a7186993-0e22-4481-8cf6-f1867f98a726,69d49d6f-1d55-4371-b78d-5d4ca5ee8f8e,c2,DROP,683,?,x6,
1769089104.0761359,SENT,d50941ea-3b34-4344-8eae-55c3d6dbfa40,ae130f64-d2c8-46d5-9cee-0d72ebc52f77,c2,DROP,686,?,x3,
1769089104.0761797,FORWARDED,d50941ea-3b34-4344-8eae-55c3d6dbfa40,ae130f64-d2c8-46d5-9cee-0d72ebc52f77,c2,DROP,686,?,x3,
1769089104.2728517,RECEIVED,7cab3829-d36e-46ec-bd33-e04c644b0e5e,e04fd790-0c65-4e09-a480-6d25e4355cef,c3,DROP,441,x3,?,
1769089104.4146974,RECEIVED,ad99e7f1-2865-4943-800a-4de47adc437b,597a8057-c369-4aac-9814-02fbf8661c3c,c4,c1,1455,e1,?,
1769089104.507087,RECEIVED,6bba9a5d-0d49-412d-8e81-28c0a9050ae9,8d4973d6-a685-42ba-b88a-c5a629f8613b,c4,c1,1457,e3,?,
1769089104.531058,RECEIVED,6c2cf0da-632a-41de-8f48-7a90dd3b5789,b175ea86-c10d-40ae-b304-b3548c90fd39,c2,c3,1460,e11,?,
1769089104.7016833,SENT,6bba9a5d-0d49-412d-8e81-28c0a9050ae9,8d4973d6-a685-42ba-b88a-c5a629f8613b,c4,c1,1019,?,x12,
1769089104.7019272,FORWARDED,6bba9a5d-0d49-412d-8e81-28c0a9050ae9,8d4973d6-a685-42ba-b88a-c5a629f8613b,c4,c1,1019,?,x12,
1769089104.7133439,SENT,6c2cf0da-632a-41de-8f48-7a90dd3b5789,b175ea86-c10d-40ae-b304-b3548c90fd39,c2,c3,1023,?,x1,
1769089104.7133842,FORWARDED,6c2cf0da-632a-41de-8f48-7a90dd3b5789,b175ea86-c10d-40ae-b304-b3548c90fd39,c2,c3,1023,?,x1,
1769089104.7950544,RECEIVED,7c335b01-7dc9-4213-9f34-0aa60a798b7c,f12ef7a2-a9d3-4e82-b9bd-6ab9871f425a,c5,DROP,1007,e2,?,
1769089104.8507788,SENT,87208b83-f76d-4e4f-86b5-ca29b9a295a0,dc92b58b-2882-483b-9060-36ded66f0da2,c2,DROP,688,?,x11,
1769089104.8508215,FORWARDED,87208b83-f76d-4e4f-86b5-ca29b9a295a0,dc92b58b-2882-483b-9060-36ded66f0da2,c2,DROP,688,?,x11,
1769089104.9453502,RECEIVED,f6db95d9-0223-47bc-b558-abf86d8f60c4,d275466f-9da9-4500-802f-924f0bf42a46,c3,c4,1452,e5,?,
1769089105.0474086,RECEIVED,c0d9e1c5-afc0-4cc0-b04d-a62d01f91326,945b5a9c-2efb-4f1d-898b-4ba8e4874f3f,c1,c3,1456,e8,?,
1769089105.0568118,RECEIVED,a8ec901f-705c-4c2d-8fc1-f5493186d175,e6a678b0-669b-439d-8a5a-73f884b85d94,c2,DROP,446,x10,?,
1769089105.0967853,SENT,f6db95d9-0223-47bc-b558-abf86d8f60c4,d275466f-9da9-4500-802f-924f0bf42a46,c3,c4,1015,?,x3,
1769089105.0968332,FORWARDED,f6db95d9-0223-47bc-b558-abf86d8f60c4,d275466f-9da9-4500-802f-924f0bf42a46,c3,c4,1015,?,x3,
1769089105.1083658,RECEIVED,ac9b6307-1eca-4fa0-839c-6c1f227230fb,44501818-94a6-47cc-bd96-3b3599f30a0c,c5,DROP,1008,e4,?,
1769089105.2596347,RECEIVED,fe6e1e8c-8423-4fe4-9f42-0c8b03c1b918,a93946e3-08fe-447c-b77a-870b16178ec4,c5,DROP,1020,e5,?,
1769089105.3362455,SENT,ac9b6307-1eca-4fa0-839c-6c1f227230fb,44501818-94a6-47cc-bd96-3b3599f30a0c,c5,DROP,684,?,x3,
1769089105.336288,FORWARDED,ac9b6307-1eca-4fa0-839c-6c1f227230fb,44501818-94a6-47cc-bd96-3b3599f30a0c,c5,DROP,684,?,x3,
1769089105.5705504,SENT,c0d9e1c5-afc0-4cc0-b04d-a62d01f91326,945b5a9c-2efb-4f1d-898b-4ba8e4874f3f,c1,c3,1019,?,x11,
1769089105.5705872,FORWARDED,c0d9e1c5-afc0-4cc0-b04d-a62d01f91326,945b5a9c-2efb-4f1d-898b-4ba8e4874f3f,c1,c3,1019,?,x11,
1769089105.8005922,RECEIVED,2cd1c339-b683-4a54-9775-9f37c759ff80,0b75f9dc-0010-4c0e-a738-2c019e3f80c1,c2,c3,1451,e7,?,
1769089105.8026628,RECEIVED,38768c36-7081-4010-bd07-ed2e2bac7e11,915e15ca-b99f-48d1-b16c-e0579871aa95,c2,c3,1456,e12,?,
1769089105.9706297,RECEIVED,399d089d-0696-45ca-9c9f-b1d98bb8f683,8b809562-fb74-4d8b-b08d-91efd12dd03d,c1,c3,1442,e4,?,
1769089105.998195,SENT,38768c36-7081-4010-bd07-ed2e2bac7e11,915e15ca-b99f-48d1-b16c-e0579871aa95,c2,c3,1020,?,x9,
1769089105.9982376,FORWARDED,38768c36-7081-4010-bd07-ed2e2bac7e11,915e15ca-b99f-48d1-b16c-e0579871aa95,c2,c3,1020,?,x9,
1769089106.1628966,SENT,2cd1c339-b683-4a54-9775-9f37c759ff80,0b75f9dc-0010-4c0e-a738-2c019e3f80c1,c2,c3,1016,?,x8,
1769089106.162976,FORWARDED,2cd1c339-b683-4a54-9775-9f37c759ff80,0b75f9dc-0010-4c0e-a738-2c019e3f80c1,c2,c3,1016,?,x8,
1769089106.1823156,SENT,7c335b01-7dc9-4213-9f34-0aa60a798b7c,f12ef7a2-a9d3-4e82-b9bd-6ab9871f425a,c5,DROP,683,?,x1,
1769089106.182357,FORWARDED,7c335b01-7dc9-4213-9f34-0aa60a798b7c,f12ef7a2-a9d3-4e82-b9bd-6ab9871f425a,c5,DROP,683,?,x1,
1769089106.3268147,SENT,fe6e1e8c-8423-4fe4-9f42-0c8b03c1b918,a93946e3-08fe-447c-b77a-870b16178ec4,c5,DROP,693,?,x10,
1769089106.3268547,FORWARDED,fe6e1e8c-8423-4fe4-9f42-0c8b03c1b918,a93946e3-08fe-447c-b77a-870b16178ec4,c5,DROP,693,?,x10,
1769089106.5039778,RECEIVED,b5694f76-40d8-408d-a509-7c72db3f24f0,2dc279b6-865f-44a1-b631-cb6b6dba34cc,c3,DROP,1016,e3,?,
1769089106.5249398,RECEIVED,cf46f806-0a2c-4710-90c9-3739df253671,7bc2f828-7e28-4519-9ca0-04ba4b88c6ad,c2,DROP,1012,e1,?,
1769089106.5595794,RECEIVED,9d9d72ad-4b62-456c-b760-9c9f15a79598,4c89cf9d-81ca-4159-a3fe-ab741af9f314,c2,DROP,1015,e2,?,
1769089106.642568,SENT,cf46f806-0a2c-4710-90c9-3739df253671,7bc2f828-7e28-4519-9ca0-04ba4b88c6ad,c2,DROP,687,?,x11,
1769089106.6426067,FORWARDED,cf46f806-0a2c-4710-90c9-3739df253671,7bc2f828-7e28-4519-9ca0-04ba4b88c6ad,c2,DROP,687,?,x11,
1769089106.844309,SENT,b5694f76-40d8-408d-a509-7c72db3f24f0,2dc279b6-865f-44a1-b631-cb6b6dba34cc,c3,DROP,689,?,x10,
1769089106.8443506,FORWARDED,b5694f76-40d8-408d-a509-7c72db3f24f0,2dc279b6-865f-44a1-b631-cb6b6dba34cc,c3,DROP,689,?,x10,
1769089106.8644488,RECEIVED,9a9740ed-a677-42aa-8b2a-c2795babf11c,93e33b6d-9bee-4bf2-8e87-633ba56fa2bd,c5,c4,1452,e12,?,
1769089106.945008,SENT,9a9740ed-a677-42aa-8b2a-c2795babf11c,93e33b6d-9bee-4bf2-8e87-633ba56fa2bd,c5,c4,1016,?,x1,
1769089106.945059,FORWARDED,9a9740ed-a677-42aa-8b2a-c2795babf11c,93e33b6d-9bee-4bf2-8e87-633ba56fa2bd,c5,c4,1016,?,x1,
1769089106.9492948,SENT,ad99e7f1-2865-4943-800a-4de47adc437b,597a8057-c369-4aac-9814-02fbf8661c3c,c4,c1,1020,?,x4,
1769089106.9493353,FORWARDED,ad99e7f1-2865-4943-800a-4de47adc437b,597a8057-c369-4aac-9814-02fbf8661c3c,c4,c1,1020,?,x4,
1769089107.02127,RECEIVED,f8e17188-abb9-49d4-9503-a3cd2248000c,f36c59f6-4ce3-444b-ab39-639ee495b16b,c2,c3,1447,e1,?,
1769089107.1100445,SENT,399d089d-0696-45ca-9c9f-b1d98bb8f683,8b809562-fb74-4d8b-b08d-91efd12dd03d,c1,c3,1010,?,x9,
1769089107.1100953,FORWARDED,399d089d-0696-45ca-9c9f-b1d98bb8f683,8b809562-fb74-4d8b-b08d-91efd12dd03d,c1,c3,1010,?,x9,
1769089107.2268357,SENT,9d9d72ad-4b62-456c-b760-9c9f15a79598,4c89cf9d-81ca-4159-a3fe-ab741af9f314,c2,DROP,688,?,x6,
1769089107.2268767,FORWARDED,9d9d72ad-4b62-456c-b760-9c9f15a79598,4c89cf9d-81ca-4159-a3fe-ab741af9f314,c2,DROP,688,?,x6,
1769089107.3464105,RECEIVED,bf88fad5-64ab-4a5b-8d05-f21009000d0f,81c89e2b-05ef-4334-ba40-dc97e3567e2d,c1,DROP,1008,e9,?,
1769089107.6466794,RECEIVED,b15576b3-11c0-4d9f-8b3d-dcdc7081387b,dffd0000-b109-40f6-8e52-5fa3d2eedb72,c1,DROP,1007,e5,?,
1769089107.7026749,RECEIVED,4909069c-4270-4c65-b519-8513627bbb2b,d3e76ee5-92c8-40a0-8ed7-0dd712c9d1d4,c1,c3,1451,e2,?,
1769089107.7382185,SENT,f8e17188-abb9-49d4-9503-a3cd2248000c,f36c59f6-4ce3-444b-ab39-639ee495b16b,c2,c3,1012,?,x2,
1769089107.7382576,FORWARDED,f8e17188-abb9-49d4-9503-a3cd2248000c,f36c59f6-4ce3-444b-ab39-639ee495b16b,c2,c3,1012,?,x2,
1769089107.8586893,RECEIVED,417f22f9-252e-46d9-9e1e-38723f3f101c,92602607-8424-4609-a5a2-08c701ca71df,c5,DROP,446,x2,?,
1769089107.9233038,RECEIVED,9effb4c1-4218-4978-9c60-3f29a8ead5ef,fa0fb732-4b47-4aec-8934-9b274c430f29,c3,c4,1443,e3,?,
1769089107.987516,RECEIVED,ddb4553b-10e7-4e2d-afa9-e3a50db03c6f,d34081ec-fc85-40fe-b56c-57b59828982e,c3,c4,1444,e6,?,
1769089108.0581882,SENT,ddb4553b-10e7-4e2d-afa9-e3a50db03c6f,d34081ec-fc85-40fe-b56c-57b59828982e,c3,c4,1011,?,x4,
1769089108.0582285,FORWARDED,ddb4553b-10e7-4e2d-afa9-e3a50db03c6f,d34081ec-fc85-40fe-b56c-57b59828982e,c3,c4,1011,?,x4,
1769089108.1016705,SENT,bf88fad5-64ab-4a5b-8d05-f21009000d0f,81c89e2b-05ef-4334-ba40-dc97e3567e2d,c1,DROP,684,?,x10,
1769089108.1017156,FORWARDED,bf88fad5-64ab-4a5b-8d05-f21009000d0f,81c89e2b-05ef-4334-ba40-dc97e3567e2d,c1,DROP,684,?,x10,
1769089108.1493962,RECEIVED,0b3949d3-a94f-446b-ab61-45cb635657ba,7f01ca8c-bc66-4aac-8dca-596db0ba92c7,c4,c1,1446,e3,?,
1769089108.207911,RECEIVED,def73cb5-f4d8-46d1-a90c-fda600abcff2,513c253f-ede3-4679-aa7e-0e2751b0a3ac,c1,c3,1457,e3,?,
1769089108.2657096,SENT,def73cb5-f4d8-46d1-a90c-fda600abcff2,513c253f-ede3-4679-aa7e-0e2751b0a3ac,c1,c3,1020,?,x8,
1769089108.2657483,FORWARDED,def73cb5-f4d8-46d1-a90c-fda600abcff2,513c253f-ede3-4679-aa7e-0e2751b0a3ac,c1,c3,1020,?,x8,
1769089108.2699938,RECEIVED,478de701-504d-4e69-8ed3-b0c4ced78911,a82f7839-41ae-4b00-8064-69ddaa30ae4f,c1,DROP,1012,e8,?,
1769089108.2708044,SENT,4909069c-4270-4c65-b519-8513627bbb2b,d3e76ee5-92c8-40a0-8ed7-0dd712c9d1d4,c1,c3,1016,?,x1,
1769089108.2708416,FORWARDED,4909069c-4270-4c65-b519-8513627bbb2b,d3e76ee5-92c8-40a0-8ed7-0dd712c9d1d4,c1,c3,1016,?,x1,
1769089108.3951416,RECEIVED,40561412-4273-4631-b9af-d533b028e018,98536027-bea5-4be9-a61e-92b1256387e7,c5,DROP,1009,e3,?,
1769089108.4081664,RECEIVED,f7b23e46-a089-4f17-859d-66d1e03d4e0d,6ee801fb-086f-442b-84d1-722118a77872,c4,DROP,1008,e6,?,
1769089108.4336476,SENT,b15576b3-11c0-4d9f-8b3d-dcdc7081387b,dffd0000-b109-40f6-8e52-5fa3d2eedb72,c1,DROP,684,?,x4,
1769089108.4336903,FORWARDED,b15576b3-11c0-4d9f-8b3d-dcdc7081387b,dffd0000-b109-40f6-8e52-5fa3d2eedb72,c1,DROP,684,?,x4,
1769089108.4916728,SENT,0b3949d3-a94f-446b-ab61-45cb635657ba,7f01ca8c-bc66-4aac-8dca-596db0ba92c7,c4,c1,1012,?,x3,
1769089108.491711,FORWARDED,0b3949d3-a94f-446b-ab61-45cb635657ba,7f01ca8c-bc66-4aac-8dca-596db0ba92c7,c4,c1,1012,?,x3,
1769089108.5147762,SENT,40561412-4273-4631-b9af-d533b028e018,98536027-bea5-4be9-a61e-92b1256387e7,c5,DROP,684,?,x11,
1769089108.5148156,FORWARDED,40561412-4273-4631-b9af-d533b028e018,98536027-bea5-4be9-a61e-92b1256387e7,c5,DROP,684,?,x11,
1769089108.5414302,SENT,9effb4c1-4218-4978-9c60-3f29a8ead5ef,fa0fb732-4b47-4aec-8934-9b274c430f29,c3,c4,1011,?,x7,
1769089108.54147,FORWARDED,9effb4c1-4218-4978-9c60-3f29a8ead5ef,fa0fb732-4b47-4aec-8934-9b274c430f29,c3,c4,1011,?,x7,
1769089108.6210968,SENT,478de701-504d-4e69-8ed3-b0c4ced78911,a82f7839-41ae-4b00-8064-69ddaa30ae4f,c1,DROP,687,?,x2,
1769089108.6211414,FORWARDED,478de701-504d-4e69-8ed3-b0c4ced78911,a82f7839-41ae-4b00-8064-69ddaa30ae4f,c1,DROP,687,?,x2,
1769089108.6368911,SENT,f7b23e46-a089-4f17-859d-66d1e03d4e0d,6ee801fb-086f-442b-84d1-722118a77872,c4,DROP,683,?,x6,
1769089108.6369426,FORWARDED,f7b23e46-a089-4f17-859d-66d1e03d4e0d,6ee801fb-086f-442b-84d1-722118a77872,c4,DROP,683,?,x6,
1769089108.648208,RECEIVED,cd977572-1a65-4dee-b579-b699c1c72733,2fe2c798-ea40-4589-8373-ba37742a7325,c3,DROP,1013,e5,?,
1769089108.7792468,SENT,cd977572-1a65-4dee-b579-b699c1c72733,2fe2c798-ea40-4589-8373-ba37742a7325,c3,DROP,685,?,x10,
1769089108.779287,FORWARDED,cd977572-1a65-4dee-b579-b699c1c72733,2fe2c798-ea40-4589-8373-ba37742a7325,c3,DROP,685,?,x10,
1769089108.7860653,RECEIVED,0280d44c-9c80-4725-9d0f-6e10ccb71892,296b7b3c-a2c6-4457-96c5-79b907bdf7c2,c1,c3,1444,e8,?,
1769089108.8588667,SENT,0280d44c-9c80-4725-9d0f-6e10ccb71892,296b7b3c-a2c6-4457-96c5-79b907bdf7c2,c1,c3,1011,?,x6,
1769089108.8589015,FORWARDED,0280d44c-9c80-4725-9d0f-6e10ccb71892,296b7b3c-a2c6-4457-96c5-79b907bdf7c2,c1,c3,1011,?,x6,
1769089109.063097,RECEIVED,20dd1107-4014-4717-93e5-0c21ffb44d96,a13a22c7-4a1d-4039-8bd1-56350fd6c4a3,c2,c3,1443,e5,?,
1769089109.2854364,RECEIVED,e289a33a-fd64-4f9a-b0fe-eaf700839860,8e9e5c9b-94ea-469c-9a46-f4c20b27b931,c4,DROP,1007,e10,?,
1769089109.3755393,RECEIVED,3fc60141-a324-49f3-8eb8-86e685065733,93e680a9-ccb0-4fb0-9008-b72af39ddac8,c5,DROP,1008,e5,?,
1769089109.4912064,SENT,3fc60141-a324-49f3-8eb8-86e685065733,93e680a9-ccb0-4fb0-9008-b72af39ddac8,c5,DROP,684,?,x8,
1769089109.491246,FORWARDED,3fc60141-a324-49f3-8eb8-86e685065733,93e680a9-ccb0-4fb0-9008-b72af39ddac8,c5,DROP,684,?,x8,
1769089109.9931335,RECEIVED,541e7842-8508-4b7e-a549-6adb6aa82be4,017cd6cb-f026-4b4d-b9d3-7541996a488f,c2,c3,1448,e6,?,
1769089110.160821,SENT,541e7842-8508-4b7e-a549-6adb6aa82be4,017cd6cb-f026-4b4d-b9d3-7541996a488f,c2,c3,1012,?,x3,
1769089110.160861,FORWARDED,541e7842-8508-4b7e-a549-6adb6aa82be4,017cd6cb-f026-4b4d-b9d3-7541996a488f,c2,c3,1012,?,x3,
1769089110.216332,SENT,e289a33a-fd64-4f9a-b0fe-eaf700839860,8e9e5c9b-94ea-469c-9a46-f4c20b27b931,c4,DROP,684,?,x8,
1769089110.2163699,FORWARDED,e289a33a-fd64-4f9a-b0fe-eaf700839860,8e9e5c9b-94ea-469c-9a46-f4c20b27b931,c4,DROP,684,?,x8,
1769089110.2694004,RECEIVED,8886f649-b65a-4d39-b152-e2896f757a70,87f9539f-27d7-4230-8c80-00c23b904eb2,c5,c4,1443,e8,?,
1769089110.4190907,RECEIVED,432ae627-6f39-4240-bb28-8988fce344ea,1913b3ef-2813-44bc-93d5-7ec621fe4acd,c1,c3,1447,e5,?,
1769089110.5373752,RECEIVED,a3e042c0-59e1-4add-b657-46c6506ee793,c1a7c525-65f7-4ca9-b886-fdf09c948b20,c5,DROP,1013,e7,?,
1769089110.6498783,SENT,20dd1107-4014-4717-93e5-0c21ffb44d96,a13a22c7-4a1d-4039-8bd1-56350fd6c4a3,c2,c3,1011,?,x8,
1769089110.6499133,FORWARDED,20dd1107-4014-4717-93e5-0c21ffb44d96,a13a22c7-4a1d-4039-8bd1-56350fd6c4a3,c2,c3,1011,?,x8,
1769089110.6608875,SENT,a3e042c0-59e1-4add-b657-46c6506ee793,c1a7c525-65f7-4ca9-b886-fdf09c948b20,c5,DROP,685,?,x11,
1769089110.6609273,FORWARDED,a3e042c0-59e1-4add-b657-46c6506ee793,c1a7c525-65f7-4ca9-b886-fdf09c948b20,c5,DROP,685,?,x11,
1769089110.673103,SENT,8886f649-b65a-4d39-b152-e2896f757a70,87f9539f-27d7-4230-8c80-00c23b904eb2,c5,c4,1011,?,x7,
1769089110.6731424,FORWARDED,8886f649-b65a-4d39-b152-e2896f757a70,87f9539f-27d7-4230-8c80-00c23b904eb2,c5,c4,1011,?,x7,
1769089110.7563198,RECEIVED,a4c2b0f4-363a-4c26-8d91-c4e47875f248,60fb4fa1-1173-4748-ac48-4dac35c82bc1,c1,DROP,441,x11,?,
1769089111.0170279,SENT,432ae627-6f39-4240-bb28-8988fce344ea,1913b3ef-2813-44bc-93d5-7ec621fe4acd,c1,c3,1012,?,x2,
1769089111.017692,FORWARDED,432ae627-6f39-4240-bb28-8988fce344ea,1913b3ef-2813-44bc-93d5-7ec621fe4acd,c1,c3,1012,?,x2,
1769089111.033859,RECEIVED,50298587-7c40-492a-82e6-4813cddf6e54,85ea8ffd-9f37-45c7-ab6e-3e41438d4312,c1,c3,1447,e3,?,
1769089111.0689812,RECEIVED,02932add-578a-41dc-b053-e3f0193d0df8,720a1336-8d18-42ac-8c34-aa1ef37ece49,c4,DROP,1011,e12,?,
1769089111.0928762,RECEIVED,1094e613-d6c7-417c-ada5-c29673458789,cd8c78de-5698-4c9b-bb09-f6c1bc2add4d,c5,c4,1456,e11,?,
1769089111.4487998,RECEIVED,e9731f10-0ca7-4811-92a1-f967c7111e96,99e40e01-b260-4b83-ac40-9a07a5d429c7,c2,DROP,442,x4,?,
1769089111.5526679,SENT,02932add-578a-41dc-b053-e3f0193d0df8,720a1336-8d18-42ac-8c34-aa1ef37ece49,c4,DROP,686,?,x9,
1769089111.5527081,FORWARDED,02932add-578a-41dc-b053-e3f0193d0df8,720a1336-8d18-42ac-8c34-aa1ef37ece49,c4,DROP,686,?,x9,
1769089111.5547018,RECEIVED,d763b198-6f3a-4d93-ba91-988bb2d1044f,c98c12b1-c9d6-49a4-adfd-24ec35c5f4de,c1,DROP,1016,e12,?,
1769089111.640484,RECEIVED,ab1e1cf9-1be6-4d18-8df2-d9a472044cfe,0ffb7601-e177-406d-829d-1fe45d389ce2,c3,DROP,1010,e9,?,
1769089111.7794132,SENT,1094e613-d6c7-417c-ada5-c29673458789,cd8c78de-5698-4c9b-bb09-f6c1bc2add4d,c5,c4,1020,?,x12,
1769089111.7794645,FORWARDED,1094e613-d6c7-417c-ada5-c29673458789,cd8c78de-5698-4c9b-bb09-f6c1bc2add4d,c5,c4,1020,?,x12,
1769089111.9191594,SENT,d763b198-6f3a-4d93-ba91-988bb2d1044f,c98c12b1-c9d6-49a4-adfd-24ec35c5f4de,c1,DROP,689,?,x7,
1769089111.919198,FORWARDED,d763b198-6f3a-4d93-ba91-988bb2d1044f,c98c12b1-c9d6-49a4-adfd-24ec35c5f4de,c1,DROP,689,?,x7,
1769089112.0865579,RECEIVED,08d42b81-84ca-4122-ba7a-796b46eb94b1,7bd2f8cf-bcba-4ea7-8c07-bdab1da91f32,c2,c3,1447,e4,?,
1769089112.283067,SENT,ab1e1cf9-1be6-4d18-8df2-d9a472044cfe,0ffb7601-e177-406d-829d-1fe45d389ce2,c3,DROP,687,?,x8,
1769089112.2831087,FORWARDED,ab1e1cf9-1be6-4d18-8df2-d9a472044cfe,0ffb7601-e177-406d-829d-1fe45d389ce2,c3,DROP,687,?,x8,
1769089112.5002322,SENT,50298587-7c40-492a-82e6-4813cddf6e54,85ea8ffd-9f37-45c7-ab6e-3e41438d4312,c1,c3,1013,?,x1,
1769089112.500273,FORWARDED,50298587-7c40-492a-82e6-4813cddf6e54,85ea8ffd-9f37-45c7-ab6e-3e41438d4312,c1,c3,1013,?,x1,
1769089112.5277946,RECEIVED,4eaead8f-4aed-4639-8ae6-19d7da8c45ef,81a0290b-6ab8-4ff8-b706-01c8f11ca36e,c2,c3,1451,e3,?,
1769089112.7253933,RECEIVED,87d877ec-eda4-44f9-8d7f-669c7976f04e,36d17afa-b58d-40ed-ad3d-ce496320e0f7,c4,DROP,1021,e10,?,
1769089112.9081573,SENT,87d877ec-eda4-44f9-8d7f-669c7976f04e,36d17afa-b58d-40ed-ad3d-ce496320e0f7,c4,DROP,692,?,x10,
1769089112.9082031,FORWARDED,87d877ec-eda4-44f9-8d7f-669c7976f04e,36d17afa-b58d-40ed-ad3d-ce496320e0f7,c4,DROP,692,?,x10,
1769089113.1856854,SENT,4eaead8f-4aed-4639-8ae6-19d7da8c45ef,81a0290b-6ab8-4ff8-b706-01c8f11ca36e,c2,c3,1015,?,x5,
1769089113.185725,FORWARDED,4eaead8f-4aed-4639-8ae6-19d7da8c45ef,81a0290b-6ab8-4ff8-b706-01c8f11ca36e,c2,c3,1015,?,x5,
1769089113.2040718,RECEIVED,8939ce7d-dc3e-4d7c-8874-92ea55b9dd75,fbe623ae-5c1b-46bc-93ec-245482e52d86,c1,c3,1447,e1,?,
1769089113.2678695,SENT,08d42b81-84ca-4122-ba7a-796b46eb94b1,7bd2f8cf-bcba-4ea7-8c07-bdab1da91f32,c2,c3,1014,?,x9,
1769089113.2679076,FORWARDED,08d42b81-84ca-4122-ba7a-796b46eb94b1,7bd2f8cf-bcba-4ea7-8c07-bdab1da91f32,c2,c3,1014,?,x9,
1769089113.3358018,RECEIVED,150640b9-33ef-4a04-ad9b-ad2873f62cc1,f31fe1d9-9498-4194-b160-a08e71626843,c4,DROP,442,x9,?,
1769089113.4127204,RECEIVED,1829b6e8-a6bc-4a1a-b3ff-06c2e4b66f35,f9b98cb6-83d1-4e3d-be7d-99fdc317afe9,c3,DROP,438,x4,?,
1769089113.4621415,RECEIVED,73deb040-ed52-43e7-badd-0bfbf7ffe260,4b4d3c4d-7437-4f0b-92bd-044f278e46b7,c5,c4,1442,e8,?,
1769089113.6774108,RECEIVED,fc533bb3-ac9c-4e74-abcd-59fc753191b8,025a71b1-0073-4e62-85b6-e0a32312c8cd,c4,c1,1452,e11,?,
1769089113.7545865,RECEIVED,a00f965d-25ea-490f-aadc-c54edae8f414,e98afa6c-36e2-4e1f-988b-87b9b39dceb6,c5,DROP,441,x5,?,
1769089113.7729743,RECEIVED,41492023-0a35-448f-a2dd-f30c1b5e149a,37a80b4a-0fd8-47d5-9511-8f186e99fe63,c1,DROP,1005,e2,?,
1769089113.8679497,SENT,41492023-0a35-448f-a2dd-f30c1b5e149a,37a80b4a-0fd8-47d5-9511-8f186e99fe63,c1,DROP,680,?,x10,
1769089113.8679903,FORWARDED,41492023-0a35-448f-a2dd-f30c1b5e149a,37a80b4a-0fd8-47d5-9511-8f186e99fe63,c1,DROP,680,?,x10,
1769089113.87035,SENT,fc533bb3-ac9c-4e74-abcd-59fc753191b8,025a71b1-0073-4e62-85b6-e0a32312c8cd,c4,c1,1015,?,x4,
1769089113.8703897,FORWARDED,fc533bb3-ac9c-4e74-abcd-59fc753191b8,025a71b1-0073-4e62-85b6-e0a32312c8cd,c4,c1,1015,?,x4,
1769089113.9283445,SENT,8939ce7d-dc3e-4d7c-8874-92ea55b9dd75,fbe623ae-5c1b-46bc-93ec-245482e52d86,c1,c3,1012,?,x2,
1769089113.9283845,FORWARDED,8939ce7d-dc3e-4d7c-8874-92ea55b9dd75,fbe623ae-5c1b-46bc-93ec-245482e52d86,c1,c3,1012,?,x2,
1769089114.0199082,RECEIVED,d7544cdc-73f6-4aa4-ac77-df1dea2885bc,3154d97b-e1b1-48bf-8604-690dd5399b3b,c3,DROP,442,x7,?,
1769089114.1285596,RECEIVED,f6b93391-ddaa-4ba5-b9be-2e2a21062cf7,01df2e3a-c6cb-41b9-a200-f8e13a375a25,c1,c3,1448,e12,?,
1769089114.1749375,RECEIVED,f3fcc1ea-919a-4e4e-b444-85ccf34a48d3,883465a9-6cc7-42b8-a08c-4ec04cc9ccb1,c5,c4,1453,e9,?,
1769089114.2343216,SENT,f3fcc1ea-919a-4e4e-b444-85ccf34a48d3,883465a9-6cc7-42b8-a08c-4ec04cc9ccb1,c5,c4,1015,?,x5,
1769089114.234361,FORWARDED,f3fcc1ea-919a-4e4e-b444-85ccf34a48d3,883465a9-6cc7-42b8-a08c-4ec04cc9ccb1,c5,c4,1015,?,x5,
1769089114.2534096,SENT,f6b93391-ddaa-4ba5-b9be-2e2a21062cf7,01df2e3a-c6cb-41b9-a200-f8e13a375a25,c1,c3,1012,?,x3,
1769089114.2534482,FORWARDED,f6b93391-ddaa-4ba5-b9be-2e2a21062cf7,01df2e3a-c6cb-41b9-a200-f8e13a375a25,c1,c3,1012,?,x3,
1769089114.3257055,RECEIVED,94f5428e-6155-496c-8f3f-545a43bd0040,7c3221a9-51a6-4b92-a103-9ae50e7b4351,c3,DROP,1021,e11,?,
1769089114.6830301,RECEIVED,3fd40637-dc2e-4a32-9116-53e1615cf950,10705467-fa05-435a-b61c-a180562c9c52,c3,DROP,1010,e2,?,
1769089114.7025046,SENT,94f5428e-6155-496c-8f3f-545a43bd0040,7c3221a9-51a6-4b92-a103-9ae50e7b4351,c3,DROP,692,?,x12,
1769089114.7025466,FORWARDED,94f5428e-6155-496c-8f3f-545a43bd0040,7c3221a9-51a6-4b92-a103-9ae50e7b4351,c3,DROP,692,?,x12,
1769089115.032236,SENT,73deb040-ed52-43e7-badd-0bfbf7ffe260,4b4d3c4d-7437-4f0b-92bd-044f278e46b7,c5,c4,1011,?,x6,
1769089115.0322764,FORWARDED,73deb040-ed52-43e7-badd-0bfbf7ffe260,4b4d3c4d-7437-4f0b-92bd-044f278e46b7,c5,c4,1011,?,x6,
1769089115.153224,RECEIVED,ee8a719d-c93b-4d1f-ad51-367b53b95d0d,b0bb792b-4f27-470d-a0f4-f35024d6198c,c5,DROP,1008,e8,?,
1769089115.1671555,RECEIVED,8e7650d7-e051-41ab-9059-42b57052f70b,1c9f97e1-0800-477a-96ad-948f42e5159f,c1,DROP,1020,e7,?,
1769089115.1673026,RECEIVED,c939ea64-c303-457f-9341-d6e377f3cfdd,d23bef26-a58c-475f-bf7a-f4dbd56f09e7,c5,DROP,1007,e11,?,
1769089115.1769009,RECEIVED,f04c0fd4-63bf-42a8-83b2-0be7db94f9f3,f2b35ff9-1f85-4592-8d70-f7c283e87a6c,c4,DROP,442,x4,?,
1769089115.240937,SENT,ee8a719d-c93b-4d1f-ad51-367b53b95d0d,b0bb792b-4f27-470d-a0f4-f35024d6198c,c5,DROP,683,?,x9,
1769089115.2409768,FORWARDED,ee8a719d-c93b-4d1f-ad51-367b53b95d0d,b0bb792b-4f27-470d-a0f4-f35024d6198c,c5,DROP,683,?,x9,
1769089115.2579288,SENT,3fd40637-dc2e-4a32-9116-53e1615cf950,10705467-fa05-435a-b61c-a180562c9c52,c3,DROP,687,?,x6,
1769089115.2579713,FORWARDED,3fd40637-dc2e-4a32-9116-53e1615cf950,10705467-fa05-435a-b61c-a180562c9c52,c3,DROP,687,?,x6,
1769089115.2640276,RECEIVED,1daf0fff-0a7f-45c4-8866-959720c859b6,c7481695-0875-4423-a5c9-01680b199e8a,c5,c4,1460,e12,?,
1769089115.3425028,SENT,8e7650d7-e051-41ab-9059-42b57052f70b,1c9f97e1-0800-477a-96ad-948f42e5159f,c1,DROP,693,?,x11,
1769089115.3425424,FORWARDED,8e7650d7-e051-41ab-9059-42b57052f70b,1c9f97e1-0800-477a-96ad-948f42e5159f,c1,DROP,693,?,x11,
1769089115.5169072,SENT,1daf0fff-0a7f-45c4-8866-959720c859b6,c7481695-0875-4423-a5c9-01680b199e8a,c5,c4,1023,?,x1,
1769089115.5169482,FORWARDED,1daf0fff-0a7f-45c4-8866-959720c859b6,c7481695-0875-4423-a5c9-01680b199e8a,c5,c4,1023,?,x1,
1769089115.5292108,SENT,c939ea64-c303-457f-9341-d6e377f3cfdd,d23bef26-a58c-475f-bf7a-f4dbd56f09e7,c5,DROP,683,?,x8,
1769089115.5292501,FORWARDED,c939ea64-c303-457f-9341-d6e377f3cfdd,d23bef26-a58c-475f-bf7a-f4dbd56f09e7,c5,DROP,683,?,x8,
1769089115.7348044,RECEIVED,90c811f6-1082-4c10-8d84-b677665f9c8b,efac2ad0-aa6e-435d-bc98-b109a57e1c57,c4,DROP,1008,e7,?,
1769089116.0132947,SENT,90c811f6-1082-4c10-8d84-b677665f9c8b,efac2ad0-aa6e-435d-bc98-b109a57e1c57,c4,DROP,682,?,x12,
1769089116.013334,FORWARDED,90c811f6-1082-4c10-8d84-b677665f9c8b,efac2ad0-aa6e-435d-bc98-b109a57e1c57,c4,DROP,682,?,x12,
1769089116.1972978,RECEIVED,70803f0e-7dfd-48cf-b2b6-f7251e6f7262,a994ba30-3a2a-4899-a582-e9a1114c0cf4,c3,c4,1461,e2,?,
1769089116.4833074,SENT,70803f0e-7dfd-48cf-b2b6-f7251e6f7262,a994ba30-3a2a-4899-a582-e9a1114c0cf4,c3,c4,1023,?,x11,
1769089116.4833484,FORWARDED,70803f0e-7dfd-48cf-b2b6-f7251e6f7262,a994ba30-3a2a-4899-a582-e9a1114c0cf4,c3,c4,1023,?,x11,
1769089117.1344068,RECEIVED,7ee16368-fbeb-4164-a208-f484bc605e34,eb438d8e-bad3-481b-bfe6-d01950ce46f1,c4,DROP,1007,e3,?,
1769089117.2337532,RECEIVED,305512c3-8c02-4128-b980-6ff0942784cd,dd67ffc9-64cd-4ea6-8b8e-f54cdafc4f4d,c1,c3,1463,e10,?,
1769089117.3249526,RECEIVED,f12036d9-b8fe-4098-aefe-31d77bd09208,7574a2d6-cc56-429d-bda8-a8ed9e851a15,c1,c3,1464,e10,?,
1769089117.4247394,RECEIVED,1395b5c3-7167-464f-9acd-e3d3a97af387,bd983a4d-8475-46ed-86a1-8c743cb7ffd2,c3,DROP,1021,e1,?,
1769089117.428257,SENT,f12036d9-b8fe-4098-aefe-31d77bd09208,7574a2d6-cc56-429d-bda8-a8ed9e851a15,c1,c3,1024,?,x7,
1769089117.4282954,FORWARDED,f12036d9-b8fe-4098-aefe-31d77bd09208,7574a2d6-cc56-429d-bda8-a8ed9e851a15,c1,c3,1024,?,x7,
1769089117.5068457,RECEIVED,b0031f61-f70f-403f-bb7c-c3409eba266b,0a26b89f-422f-4ed0-b864-96d0a4312ef0,c4,DROP,1007,e5,?,
1769089117.5155525,RECEIVED,dda6f252-a8b4-4263-887e-8d973bd77ac9,1f397de4-98f6-43f1-91da-0f1e3408fb91,c1,c3,1444,e8,?,
1769089117.6017406,SENT,1395b5c3-7167-464f-9acd-e3d3a97af387,bd983a4d-8475-46ed-86a1-8c743cb7ffd2,c3,DROP,692,?,x12,
1769089117.6017823,FORWARDED,1395b5c3-7167-464f-9acd-e3d3a97af387,bd983a4d-8475-46ed-86a1-8c743cb7ffd2,c3,DROP,692,?,x12,
1769089117.7455034,SENT,b0031f61-f70f-403f-bb7c-c3409eba266b,0a26b89f-422f-4ed0-b864-96d0a4312ef0,c4,DROP,683,?,x2,
1769089117.745544,FORWARDED,b0031f61-f70f-403f-bb7c-c3409eba266b,0a26b89f-422f-4ed0-b864-96d0a4312ef0,c4,DROP,683,?,x2,
1769089117.786202,RECEIVED,7e40bba2-1396-403d-90b2-f949646d6a89,86d25e24-eeaf-4db5-a6b1-608c5fdb58a7,c2,c3,1456,e2,?,
1769089117.8679988,SENT,dda6f252-a8b4-4263-887e-8d973bd77ac9,1f397de4-98f6-43f1-91da-0f1e3408fb91,c1,c3,1011,?,x7,
1769089117.8680382,FORWARDED,dda6f252-a8b4-4263-887e-8d973bd77ac9,1f397de4-98f6-43f1-91da-0f1e3408fb91,c1,c3,1011,?,x7,
1769089118.109851,RECEIVED,b00969be-81bd-4bbc-971e-1b24a72c83ba,3f236ec4-347e-408d-a3e5-6b6de8b8d37d,c2,DROP,1007,e12,?,
1769089118.3837898,SENT,b00969be-81bd-4bbc-971e-1b24a72c83ba,3f236ec4-347e-408d-a3e5-6b6de8b8d37d,c2,DROP,684,?,x1,
1769089118.3838303,FORWARDED,b00969be-81bd-4bbc-971e-1b24a72c83ba,3f236ec4-347e-408d-a3e5-6b6de8b8d37d,c2,DROP,684,?,x1,
1769089118.404436,RECEIVED,0b6a21a3-0eee-444d-8d7b-3dc665c0b785,2f785c3d-af18-4939-9bb7-36912b825525,c3,DROP,437,x3,?,
1769089118.55047,SENT,7e40bba2-1396-403d-90b2-f949646d6a89,86d25e24-eeaf-4db5-a6b1-608c5fdb58a7,c2,c3,1019,?,x10,
1769089118.5505114,FORWARDED,7e40bba2-1396-403d-90b2-f949646d6a89,86d25e24-eeaf-4db5-a6b1-608c5fdb58a7,c2,c3,1019,?,x10,
1769089118.5619483,SENT,305512c3-8c02-4128-b980-6ff0942784cd,dd67ffc9-64cd-4ea6-8b8e-f54cdafc4f4d,c1,c3,1024,?,x8,
1769089118.5619886,FORWARDED,305512c3-8c02-4128-b980-6ff0942784cd,dd67ffc9-64cd-4ea6-8b8e-f54cdafc4f4d,c1,c3,1024,?,x8,
1769089118.735998,RECEIVED,c40128f7-cf52-45b4-bde8-a73d8596e82c,9cdb0154-42fd-440f-9ba6-920eb17bcf3e,c1,DROP,1008,e11,?,
1769089118.7756426,RECEIVED,065c8c38-9d0e-4809-9023-3048ef24e293,8b0dc21e-c3cf-42a4-ba9c-98c2a7fcf768,c5,c4,1460,e12,?,
1769089118.7887688,SENT,c40128f7-cf52-45b4-bde8-a73d8596e82c,9cdb0154-42fd-440f-9ba6-920eb17bcf3e,c1,DROP,684,?,x8,
1769089118.7888033,FORWARDED,c40128f7-cf52-45b4-bde8-a73d8596e82c,9cdb0154-42fd-440f-9ba6-920eb17bcf3e,c1,DROP,684,?,x8,
1769089119.0511594,SENT,065c8c38-9d0e-4809-9023-3048ef24e293,8b0dc21e-c3cf-42a4-ba9c-98c2a7fcf768,c5,c4,1023,?,x10,
1769089119.0512,FORWARDED,065c8c38-9d0e-4809-9023-3048ef24e293,8b0dc21e-c3cf-42a4-ba9c-98c2a7fcf768,c5,c4,1023,?,x10,
1769089119.099091,RECEIVED,4db5e4ab-a435-42be-a896-ff0706628e60,3966a462-2a29-4edc-b73e-7a982d462a43,c4,c1,1443,e5,?,
1769089119.541007,SENT,4db5e4ab-a435-42be-a896-ff0706628e60,3966a462-2a29-4edc-b73e-7a982d462a43,c4,c1,1011,?,x9,
1769089119.5410447,FORWARDED,4db5e4ab-a435-42be-a896-ff0706628e60,3966a462-2a29-4edc-b73e-7a982d462a43,c4,c1,1011,?,x9,
1769089119.6341069,RECEIVED,35859e1b-36d3-4808-9b31-ae4d46ec8cb8,a876f887-9332-4a55-b1cf-c4a411555792,c1,DROP,1012,e7,?,
1769089119.735162,SENT,35859e1b-36d3-4808-9b31-ae4d46ec8cb8,a876f887-9332-4a55-b1cf-c4a411555792,c1,DROP,685,?,x4,
1769089119.735205,FORWARDED,35859e1b-36d3-4808-9b31-ae4d46ec8cb8,a876f887-9332-4a55-b1cf-c4a411555792,c1,DROP,685,?,x4,
1769089120.108072,SENT,7ee16368-fbeb-4164-a208-f484bc605e34,eb438d8e-bad3-481b-bfe6-d01950ce46f1,c4,DROP,683,?,x8,
1769089120.1081102,FORWARDED,7ee16368-fbeb-4164-a208-f484bc605e34,eb438d8e-bad3-481b-bfe6-d01950ce46f1,c4,DROP,683,?,x8,
1769089120.192352,RECEIVED,8bc409a4-a2dd-42d4-8490-20a5b53084d8,e772d85d-8acb-4c4d-adfd-8673850eeaf1,c2,c3,1455,e12,?,
1769089120.2194583,RECEIVED,c05cccf6-1db5-4315-b65e-fc4f36b5ff8f,43545dcb-8f7a-40c7-965d-20ff83eefd9f,c5,c4,1444,e1,?,
1769089120.4360366,RECEIVED,ca387b97-71f3-45ca-be43-5c22a892ec56,653220a2-99f1-4cd7-b5a0-190fbebce178,c2,DROP,1016,e1,?,
1769089120.4754965,SENT,c05cccf6-1db5-4315-b65e-fc4f36b5ff8f,43545dcb-8f7a-40c7-965d-20ff83eefd9f,c5,c4,1011,?,x7,
1769089120.475538,FORWARDED,c05cccf6-1db5-4315-b65e-fc4f36b5ff8f,43545dcb-8f7a-40c7-965d-20ff83eefd9f,c5,c4,1011,?,x7,
1769089120.6413498,RECEIVED,76f8b2b1-ee24-437a-8ab3-8e49b06cf608,96f93186-57f8-4bec-a6e0-8fe61905d917,c4,c1,1447,e3,?,
1769089120.7402277,SENT,ca387b97-71f3-45ca-be43-5c22a892ec56,653220a2-99f1-4cd7-b5a0-190fbebce178,c2,DROP,689,?,x7,
1769089120.7404864,FORWARDED,ca387b97-71f3-45ca-be43-5c22a892ec56,653220a2-99f1-4cd7-b5a0-190fbebce178,c2,DROP,689,?,x7,
1769089120.8808327,RECEIVED,272542c4-5ec9-483e-aaa2-493586ff391e,ed1f3acc-7d2f-4aa7-a372-8e3bad01902c,c3,DROP,1004,e7,?,
1769089121.0439165,SENT,272542c4-5ec9-483e-aaa2-493586ff391e,ed1f3acc-7d2f-4aa7-a372-8e3bad01902c,c3,DROP,680,?,x4,
1769089121.043958,FORWARDED,272542c4-5ec9-483e-aaa2-493586ff391e,ed1f3acc-7d2f-4aa7-a372-8e3bad01902c,c3,DROP,680,?,x4,
1769089121.2390664,SENT,76f8b2b1-ee24-437a-8ab3-8e49b06cf608,96f93186-57f8-4bec-a6e0-8fe61905d917,c4,c1,1012,?,x4,
1769089121.2391088,FORWARDED,76f8b2b1-ee24-437a-8ab3-8e49b06cf608,96f93186-57f8-4bec-a6e0-8fe61905d917,c4,c1,1012,?,x4,
1769089121.5808263,RECEIVED,c6fe6ff9-af86-4d56-b9e7-8f4ab6d9692c,0c7362a6-a85d-4b58-ac75-01cd06442069,c3,DROP,1015,e12,?,
1769089121.9866662,RECEIVED,c138ff94-20aa-487b-8099-017e67f93dc1,3d4322b3-5615-4272-8355-992c8ff48e11,c3,c4,1443,e5,?,
1769089122.001059,RECEIVED,ad9b75c4-c1bb-4f40-bedc-47964b0e1c85,ec329e9a-db95-47a7-8ae3-7f3158c53878,c3,DROP,1020,e3,?,
1769089122.0388696,RECEIVED,58ca6dc7-1bb1-4088-8e68-d5327442b9c4,757a13b3-d4d9-42ba-9e78-cf105d2f54d8,c5,c4,1443,e1,?,
1769089122.0463955,RECEIVED,98f5f32b-0dd8-4c12-87c2-5bab5a58fa9d,a701ae0a-dc87-4c1b-bbdc-479c26e2a525,c1,c3,1448,e12,?,
1769089122.141227,SENT,98f5f32b-0dd8-4c12-87c2-5bab5a58fa9d,a701ae0a-dc87-4c1b-bbdc-479c26e2a525,c1,c3,1012,?,x9,
1769089122.1412659,FORWARDED,98f5f32b-0dd8-4c12-87c2-5bab5a58fa9d,a701ae0a-dc87-4c1b-bbdc-479c26e2a525,c1,c3,1012,?,x9,
1769089122.2500713,SENT,c6fe6ff9-af86-4d56-b9e7-8f4ab6d9692c,0c7362a6-a85d-4b58-ac75-01cd06442069,c3,DROP,689,?,x5,
1769089122.2501118,FORWARDED,c6fe6ff9-af86-4d56-b9e7-8f4ab6d9692c,0c7362a6-a85d-4b58-ac75-01cd06442069,c3,DROP,689,?,x5,
1769089122.293066,SENT,8bc409a4-a2dd-42d4-8490-20a5b53084d8,e772d85d-8acb-4c4d-adfd-8673850eeaf1,c2,c3,1019,?,x6,
1769089122.2931044,FORWARDED,8bc409a4-a2dd-42d4-8490-20a5b53084d8,e772d85d-8acb-4c4d-adfd-8673850eeaf1,c2,c3,1019,?,x6,
1769089122.4578207,SENT,c138ff94-20aa-487b-8099-017e67f93dc1,3d4322b3-5615-4272-8355-992c8ff48e11,c3,c4,1011,?,x6,
1769089122.4578607,FORWARDED,c138ff94-20aa-487b-8099-017e67f93dc1,3d4322b3-5615-4272-8355-992c8ff48e11,c3,c4,1011,?,x6,
1769089123.2325628,RECEIVED,e410167d-fb28-4404-bfa8-50c3d710d040,a66e5dfe-d5ae-4e58-96c8-06c1813ad070,c3,c4,1448,e4,?,
1769089123.3934927,SENT,e410167d-fb28-4404-bfa8-50c3d710d040,a66e5dfe-d5ae-4e58-96c8-06c1813ad070,c3,c4,1012,?,x3,
1769089123.3935342,FORWARDED,e410167d-fb28-4404-bfa8-50c3d710d040,a66e5dfe-d5ae-4e58-96c8-06c1813ad070,c3,c4,1012,?,x3,
1769089123.404613,RECEIVED,6c075adb-c182-425c-b4e6-ae0d1c32186c,12aaf533-49e3-4e67-97bc-b08a7e5b4763,c4,c1,1445,e8,?,
1769089123.6894944,SENT,6c075adb-c182-425c-b4e6-ae0d1c32186c,12aaf533-49e3-4e67-97bc-b08a7e5b4763,c4,c1,1012,?,x8,
1769089123.6895366,FORWARDED,6c075adb-c182-425c-b4e6-ae0d1c32186c,12aaf533-49e3-4e67-97bc-b08a7e5b4763,c4,c1,1012,?,x8,
1769089123.8305962,SENT,ad9b75c4-c1bb-4f40-bedc-47964b0e1c85,ec329e9a-db95-47a7-8ae3-7f3158c53878,c3,DROP,692,?,x12,
1769089123.8306384,FORWARDED,ad9b75c4-c1bb-4f40-bedc-47964b0e1c85,ec329e9a-db95-47a7-8ae3-7f3158c53878,c3,DROP,692,?,x12,
1769089123.980773,RECEIVED,927f2995-8738-4a29-ab6f-09f9b34254f3,5dbf59ee-ceae-4a5f-8918-d38f80801fe9,c5,DROP,441,x9,?,
1769089124.0573225,RECEIVED,3469ea95-de1d-4a17-b2e4-93dd6044ddda,e99d09dc-7df0-4b09-b89c-9d197bbddf55,c4,c1,1453,e3,?,
1769089124.1347194,SENT,3469ea95-de1d-4a17-b2e4-93dd6044ddda,e99d09dc-7df0-4b09-b89c-9d197bbddf55,c4,c1,1015,?,x1,
1769089124.1347547,FORWARDED,3469ea95-de1d-4a17-b2e4-93dd6044ddda,e99d09dc-7df0-4b09-b89c-9d197bbddf55,c4,c1,1015,?,x1,
1769089124.335999,SENT,58ca6dc7-1bb1-4088-8e68-d5327442b9c4,757a13b3-d4d9-42ba-9e78-cf105d2f54d8,c5,c4,1011,?,x4,
1769089124.3360405,FORWARDED,58ca6dc7-1bb1-4088-8e68-d5327442b9c4,757a13b3-d4d9-42ba-9e78-cf105d2f54d8,c5,c4,1011,?,x4,
1769089124.3366966,RECEIVED,0b8b3499-7614-4816-9493-1c2349118466,f508b2da-4ca2-4ec0-a339-e999422fd2f2,c4,c1,1452,e6,?,
1769089124.55446,RECEIVED,36c1b14e-0c94-4cc6-aef9-7eb8eee4d047,6d46f672-3da9-4451-b317-65756a5c12ed,c2,DROP,1007,e9,?,
1769089124.7062008,RECEIVED,257cc834-125b-4027-b873-929bca7af925,1b5e677b-2575-4e1f-b3b0-5193675364a9,c4,DROP,1004,e9,?,
1769089124.7471576,SENT,0b8b3499-7614-4816-9493-1c2349118466,f508b2da-4ca2-4ec0-a339-e999422fd2f2,c4,c1,1015,?,x6,
1769089124.7471993,FORWARDED,0b8b3499-7614-4816-9493-1c2349118466,f508b2da-4ca2-4ec0-a339-e999422fd2f2,c4,c1,1015,?,x6,
1769089124.7717543,SENT,257cc834-125b-4027-b873-929bca7af925,1b5e677b-2575-4e1f-b3b0-5193675364a9,c4,DROP,680,?,x7,
1769089124.7717967,FORWARDED,257cc834-125b-4027-b873-929bca7af925,1b5e677b-2575-4e1f-b3b0-5193675364a9,c4,DROP,680,?,x7,
1769089125.1534379,SENT,36c1b14e-0c94-4cc6-aef9-7eb8eee4d047,6d46f672-3da9-4451-b317-65756a5c12ed,c2,DROP,682,?,x3,
1769089125.1534746,FORWARDED,36c1b14e-0c94-4cc6-aef9-7eb8eee4d047,6d46f672-3da9-4451-b317-65756a5c12ed,c2,DROP,682,?,x3,
1769089125.1627324,RECEIVED,7a4b7261-7881-4049-9507-11ed2cdd9b22,49b0fd00-1f82-4b30-a4c7-303083c36a19,c4,DROP,1012,e1,?,
1769089125.1964657,RECEIVED,db5e7335-13ee-4460-a764-565e62e8cda0,a168dfa6-21b7-4731-9036-7ccb76d510e2,c5,c4,1446,e1,?,
1769089125.231701,SENT,7a4b7261-7881-4049-9507-11ed2cdd9b22,49b0fd00-1f82-4b30-a4c7-303083c36a19,c4,DROP,687,?,x2,
1769089125.231742,FORWARDED,7a4b7261-7881-4049-9507-11ed2cdd9b22,49b0fd00-1f82-4b30-a4c7-303083c36a19,c4,DROP,687,?,x2,
1769089125.2705863,RECEIVED,fb236e0b-0643-4572-8053-a6f10b75adc7,7de76831-be12-43d8-bb20-f92ca6597a67,c3,c4,1443,e5,?,
1769089125.3391404,RECEIVED,a31dd29d-c329-46ad-a834-994af026cb43,40739dfb-8ecb-4877-8127-858b9eb847ef,c2,c3,1448,e9,?,
1769089125.5482888,SENT,a31dd29d-c329-46ad-a834-994af026cb43,40739dfb-8ecb-4877-8127-858b9eb847ef,c2,c3,1012,?,x8,
1769089125.5483298,FORWARDED,a31dd29d-c329-46ad-a834-994af026cb43,40739dfb-8ecb-4877-8127-858b9eb847ef,c2,c3,1012,?,x8,
1769089125.6977708,RECEIVED,3749f483-eb15-464c-9d4a-1856346dfb76,c31d86ac-7d90-42ad-b310-4b28213bcbd9,c2,DROP,441,x5,?,
1769089125.7458699,RECEIVED,1a7c8b20-6213-4168-a1da-3448d2c470d3,079852ac-a493-439f-944f-bb46ef2603ee,c4,c1,1448,e8,?,
1769089125.8470237,RECEIVED,1f6d3a94-9631-47b0-b3c3-bc7bb86c231c,ffd06c80-b476-4263-be31-da14ff80d2f5,c4,c1,1447,e11,?,
1769089125.8649967,RECEIVED,c6093b10-f1b1-415c-ac8e-3a63955d0aa8,2f7e8a50-e31c-4269-81e6-6ff00bcde653,c2,DROP,1012,e7,?,
1769089126.0032034,SENT,c6093b10-f1b1-415c-ac8e-3a63955d0aa8,2f7e8a50-e31c-4269-81e6-6ff00bcde653,c2,DROP,687,?,x2,
1769089126.0032446,FORWARDED,c6093b10-f1b1-415c-ac8e-3a63955d0aa8,2f7e8a50-e31c-4269-81e6-6ff00bcde653,c2,DROP,687,?,x2,
1769089126.0517588,SENT,1a7c8b20-6213-4168-a1da-3448d2c470d3,079852ac-a493-439f-944f-bb46ef2603ee,c4,c1,1012,?,x10,
1769089126.0517974,FORWARDED,1a7c8b20-6213-4168-a1da-3448d2c470d3,079852ac-a493-439f-944f-bb46ef2603ee,c4,c1,1012,?,x10,
1769089126.1673567,RECEIVED,909ec0ec-ece7-4c8a-ace7-c6de281fef0b,ac0ebef8-a01e-4345-827a-daeb52414225,c4,DROP,1007,e7,?,
1769089126.192369,SENT,1f6d3a94-9631-47b0-b3c3-bc7bb86c231c,ffd06c80-b476-4263-be31-da14ff80d2f5,c4,c1,1012,?,x1,
1769089126.1924095,FORWARDED,1f6d3a94-9631-47b0-b3c3-bc7bb86c231c,ffd06c80-b476-4263-be31-da14ff80d2f5,c4,c1,1012,?,x1,
1769089126.3469136,SENT,db5e7335-13ee-4460-a764-565e62e8cda0,a168dfa6-21b7-4731-9036-7ccb76d510e2,c5,c4,1012,?,x2,
1769089126.3469543,FORWARDED,db5e7335-13ee-4460-a764-565e62e8cda0,a168dfa6-21b7-4731-9036-7ccb76d510e2,c5,c4,1012,?,x2,
1769089126.4704702,RECEIVED,a6ad32b2-e2c5-4763-a94b-564457f5650a,28caa8dc-f4db-4706-aa94-64cc18a23b19,c4,DROP,1012,e2,?,
1769089126.5698419,RECEIVED,23c33d8b-1c54-4dec-bd69-7fa901df36bb,6e7c9799-ba7f-4f80-8fe3-0fd5cc9c39ea,c2,c3,1448,e4,?,
1769089126.6529477,SENT,23c33d8b-1c54-4dec-bd69-7fa901df36bb,6e7c9799-ba7f-4f80-8fe3-0fd5cc9c39ea,c2,c3,1012,?,x9,
1769089126.6529877,FORWARDED,23c33d8b-1c54-4dec-bd69-7fa901df36bb,6e7c9799-ba7f-4f80-8fe3-0fd5cc9c39ea,c2,c3,1012,?,x9,
1769089126.6699886,SENT,909ec0ec-ece7-4c8a-ace7-c6de281fef0b,ac0ebef8-a01e-4345-827a-daeb52414225,c4,DROP,683,?,x3,
1769089126.6700416,FORWARDED,909ec0ec-ece7-4c8a-ace7-c6de281fef0b,ac0ebef8-a01e-4345-827a-daeb52414225,c4,DROP,683,?,x3,
1769089126.7151134,SENT,fb236e0b-0643-4572-8053-a6f10b75adc7,7de76831-be12-43d8-bb20-f92ca6597a67,c3,c4,1011,?,x3,
1769089126.715207,FORWARDED,fb236e0b-0643-4572-8053-a6f10b75adc7,7de76831-be12-43d8-bb20-f92ca6597a67,c3,c4,1011,?,x3,
1769089126.7923434,RECEIVED,c67d0aba-be06-4bd1-bf64-733240560915,c1663ffd-14fb-4139-abb6-0ce9e84f7e67,c1,DROP,1008,e6,?,
1769089127.0238519,RECEIVED,030d5e5d-8034-4695-b2d2-722e22a7eda4,ab67d58e-2a74-4e0f-b548-4517b2853eec,c1,DROP,1021,e3,?,
1769089127.0443408,SENT,c67d0aba-be06-4bd1-bf64-733240560915,c1663ffd-14fb-4139-abb6-0ce9e84f7e67,c1,DROP,683,?,x6,
1769089127.0443783,FORWARDED,c67d0aba-be06-4bd1-bf64-733240560915,c1663ffd-14fb-4139-abb6-0ce9e84f7e67,c1,DROP,683,?,x6,
1769089127.0670125,RECEIVED,9ebb047a-0bd0-4cc4-94b4-6ee5351f498b,d840d451-96a4-41e8-8681-baea8f334d54,c4,c1,1456,e3,?,
1769089127.12565,RECEIVED,161deff8-bd91-4a3c-9f54-be9edfbb8299,18dad3cb-c3a7-4bc6-b01b-ddfef06d8f1f,c3,c4,1451,e8,?,
1769089127.150461,SENT,030d5e5d-8034-4695-b2d2-722e22a7eda4,ab67d58e-2a74-4e0f-b548-4517b2853eec,c1,DROP,691,?,x11,
1769089127.1505015,FORWARDED,030d5e5d-8034-4695-b2d2-722e22a7eda4,ab67d58e-2a74-4e0f-b548-4517b2853eec,c1,DROP,691,?,x11,
1769089127.3895233,RECEIVED,0573f5f8-dd16-4d9b-ad54-a06bb4817375,a56251c9-33bc-4ce5-8060-67f3cdf378c6,c2,DROP,441,x1,?,
1769089127.8788104,SENT,161deff8-bd91-4a3c-9f54-be9edfbb8299,18dad3cb-c3a7-4bc6-b01b-ddfef06d8f1f,c3,c4,1017,?,x3,
1769089127.8788536,FORWARDED,161deff8-bd91-4a3c-9f54-be9edfbb8299,18dad3cb-c3a7-4bc6-b01b-ddfef06d8f1f,c3,c4,1017,?,x3,
1769089127.977701,RECEIVED,ebe2a5f2-e679-4e58-9588-99da11c823ca,c459dc73-7422-4114-9c07-4b205b864c34,c5,c4,1452,e6,?,
1769089127.9903479,SENT,ebe2a5f2-e679-4e58-9588-99da11c823ca,c459dc73-7422-4114-9c07-4b205b864c34,c5,c4,1016,?,x9,
1769089127.990388,FORWARDED,ebe2a5f2-e679-4e58-9588-99da11c823ca,c459dc73-7422-4114-9c07-4b205b864c34,c5,c4,1016,?,x9,
1769089128.7946734,RECEIVED,1cba0d99-92d0-4a6d-9d4a-8c056b91c3d5,6993376f-99fb-41be-accf-be6b9bfeb3ba,c1,DROP,1011,e6,?,
1769089128.906014,SENT,a6ad32b2-e2c5-4763-a94b-564457f5650a,28caa8dc-f4db-4706-aa94-64cc18a23b19,c4,DROP,687,?,x10,
1769089128.9060798,FORWARDED,a6ad32b2-e2c5-4763-a94b-564457f5650a,28caa8dc-f4db-4706-aa94-64cc18a23b19,c4,DROP,687,?,x10,
1769089129.0103815,RECEIVED,e7256a5a-c972-4322-bfde-a32a92493179,c658f8f6-6b0d-4f10-adb5-51b7b292515a,c1,c3,1460,e12,?,
1769089129.1079845,SENT,e7256a5a-c972-4322-bfde-a32a92493179,c658f8f6-6b0d-4f10-adb5-51b7b292515a,c1,c3,1023,?,x2,
1769089129.1080256,FORWARDED,e7256a5a-c972-4322-bfde-a32a92493179,c658f8f6-6b0d-4f10-adb5-51b7b292515a,c1,c3,1023,?,x2,
1769089129.3242846,SENT,1cba0d99-92d0-4a6d-9d4a-8c056b91c3d5,6993376f-99fb-41be-accf-be6b9bfeb3ba,c1,DROP,687,?,x6,
1769089129.3243272,FORWARDED,1cba0d99-92d0-4a6d-9d4a-8c056b91c3d5,6993376f-99fb-41be-accf-be6b9bfeb3ba,c1,DROP,687,?,x6,
1769089129.4503078,RECEIVED,93591630-d3c1-401a-a115-2e29b0efc98e,01a14669-91ef-42d8-ba75-426a2f65bcf1,c2,c3,1456,e6,?,
1769089129.5338993,SENT,9ebb047a-0bd0-4cc4-94b4-6ee5351f498b,d840d451-96a4-41e8-8681-baea8f334d54,c4,c1,1020,?,x10,
1769089129.5339403,FORWARDED,9ebb047a-0bd0-4cc4-94b4-6ee5351f498b,d840d451-96a4-41e8-8681-baea8f334d54,c4,c1,1020,?,x10,
1769089130.0488622,SENT,93591630-d3c1-401a-a115-2e29b0efc98e,01a14669-91ef-42d8-ba75-426a2f65bcf1,c2,c3,1020,?,x12,
1769089130.0489151,FORWARDED,93591630-d3c1-401a-a115-2e29b0efc98e,01a14669-91ef-42d8-ba75-426a2f65bcf1,c2,c3,1020,?,x12,
1769089130.1415207,RECEIVED,de3edde6-d7cc-4622-aca8-e56285abaf2f,23917c5a-d7d6-4023-b6d1-91a0020b77a2,c2,DROP,1008,e6,?,
1769089130.3895147,SENT,de3edde6-d7cc-4622-aca8-e56285abaf2f,23917c5a-d7d6-4023-b6d1-91a0020b77a2,c2,DROP,684,?,x6,
1769089130.3895566,FORWARDED,de3edde6-d7cc-4622-aca8-e56285abaf2f,23917c5a-d7d6-4023-b6d1-91a0020b77a2,c2,DROP,684,?,x6,
1769089130.4598045,RECEIVED,4f4ff1dd-5ab6-423e-a53b-48a26a51e355,b8bc5799-1851-4d3f-a366-cefc4bec6e53,c2,c3,1457,e12,?,
1769089130.6403496,SENT,4f4ff1dd-5ab6-423e-a53b-48a26a51e355,b8bc5799-1851-4d3f-a366-cefc4bec6e53,c2,c3,1020,?,x12,
1769089130.6403923,FORWARDED,4f4ff1dd-5ab6-423e-a53b-48a26a51e355,b8bc5799-1851-4d3f-a366-cefc4bec6e53,c2,c3,1020,?,x12,
1769089130.643781,RECEIVED,9d2fc29f-9d76-45ca-a55c-47212545c087,70e22df2-bcf4-4cfd-bc2e-49e6fac1ecfd,c2,c3,1456,e3,?,
1769089130.6961071,RECEIVED,3bb3ed72-718a-4340-8bb3-25b6e50416c7,e1c401ef-5746-4373-b351-e52cea7a3249,c4,DROP,440,x1,?,
1769089130.9910986,RECEIVED,c3b3363e-1fc5-4531-9fc8-f928137c702b,3ab0e3d5-69b1-4dfd-9477-c51569977bde,c2,c3,1448,e11,?,
1769089131.016732,SENT,9d2fc29f-9d76-45ca-a55c-47212545c087,70e22df2-bcf4-4cfd-bc2e-49e6fac1ecfd,c2,c3,1019,?,x11,
1769089131.0167713,FORWARDED,9d2fc29f-9d76-45ca-a55c-47212545c087,70e22df2-bcf4-4cfd-bc2e-49e6fac1ecfd,c2,c3,1019,?,x11,
1769089131.3132064,RECEIVED,96e796c7-54d7-4c08-b670-7ad1e0b5daa7,63bdedc6-9762-4da3-bd27-52cc6e5ea7d7,c4,c1,1457,e7,?,
1769089131.3291767,SENT,c3b3363e-1fc5-4531-9fc8-f928137c702b,3ab0e3d5-69b1-4dfd-9477-c51569977bde,c2,c3,1012,?,x9,
1769089131.329214,FORWARDED,c3b3363e-1fc5-4531-9fc8-f928137c702b,3ab0e3d5-69b1-4dfd-9477-c51569977bde,c2,c3,1012,?,x9,
1769089131.3911169,SENT,96e796c7-54d7-4c08-b670-7ad1e0b5daa7,63bdedc6-9762-4da3-bd27-52cc6e5ea7d7,c4,c1,1019,?,x10,
1769089131.391157,FORWARDED,96e796c7-54d7-4c08-b670-7ad1e0b5daa7,63bdedc6-9762-4da3-bd27-52cc6e5ea7d7,c4,c1,1019,?,x10,
1769089131.5770342,RECEIVED,a8cddf70-b72c-41c6-94c9-dc81e3144306,ea171290-c9e6-4c3d-9508-562edd3545fc,c3,DROP,1012,e12,?,
1769089131.915211,SENT,a8cddf70-b72c-41c6-94c9-dc81e3144306,ea171290-c9e6-4c3d-9508-562edd3545fc,c3,DROP,687,?,x9,
1769089131.9152522,FORWARDED,a8cddf70-b72c-41c6-94c9-dc81e3144306,ea171290-c9e6-4c3d-9508-562edd3545fc,c3,DROP,687,?,x9,
1769089131.9233778,RECEIVED,0b7b5148-f589-4861-abe3-bd936d6b37d1,bd94c166-0a19-480f-9b21-3a49fcd6556b,c5,DROP,1014,e9,?,
1769089132.0633667,RECEIVED,f57fac49-dffe-473c-b141-ad555b58def7,15b0edfc-144c-4d89-bd54-e776dbfbde3b,c4,DROP,1007,e7,?,
1769089132.163576,RECEIVED,0deaea64-826e-4e31-aab1-832c1d9e8219,c0fcc9e9-27d9-4bca-9cd9-cb26485e8ec5,c1,DROP,1007,e12,?,
1769089132.274625,RECEIVED,b3e6cf3f-f139-4691-af3f-af332b082f47,d3d12b37-c610-44ee-864d-8a5e5c82be5c,c4,c1,1456,e12,?,
1769089132.3124642,RECEIVED,0574e3ac-d0d1-4a73-8503-27c62d728bc8,e79b1573-2810-4498-8b93-9ae4bf5573e1,c2,c3,1452,e4,?,
1769089132.3391588,RECEIVED,17904b9a-b6ce-4629-905f-251f0a08bd78,0bc22630-f991-4c82-831f-4fa5fee5725d,c2,DROP,1007,e11,?,
1769089132.4133322,SENT,f57fac49-dffe-473c-b141-ad555b58def7,15b0edfc-144c-4d89-bd54-e776dbfbde3b,c4,DROP,683,?,x4,
1769089132.413373,FORWARDED,f57fac49-dffe-473c-b141-ad555b58def7,15b0edfc-144c-4d89-bd54-e776dbfbde3b,c4,DROP,683,?,x4,
1769089132.481692,SENT,b3e6cf3f-f139-4691-af3f-af332b082f47,d3d12b37-c610-44ee-864d-8a5e5c82be5c,c4,c1,1019,?,x5,
1769089132.4817336,FORWARDED,b3e6cf3f-f139-4691-af3f-af332b082f47,d3d12b37-c610-44ee-864d-8a5e5c82be5c,c4,c1,1019,?,x5,
1769089132.4877546,SENT,0574e3ac-d0d1-4a73-8503-27c62d728bc8,e79b1573-2810-4498-8b93-9ae4bf5573e1,c2,c3,1015,?,x2,
1769089132.4877975,FORWARDED,0574e3ac-d0d1-4a73-8503-27c62d728bc8,e79b1573-2810-4498-8b93-9ae4bf5573e1,c2,c3,1015,?,x2,
1769089132.600877,SENT,0b7b5148-f589-4861-abe3-bd936d6b37d1,bd94c166-0a19-480f-9b21-3a49fcd6556b,c5,DROP,688,?,x8,
1769089132.6009681,FORWARDED,0b7b5148-f589-4861-abe3-bd936d6b37d1,bd94c166-0a19-480f-9b21-3a49fcd6556b,c5,DROP,688,?,x8,
1769089132.6850452,SENT,17904b9a-b6ce-4629-905f-251f0a08bd78,0bc22630-f991-4c82-831f-4fa5fee5725d,c2,DROP,684,?,x6,
1769089132.6854715,FORWARDED,17904b9a-b6ce-4629-905f-251f0a08bd78,0bc22630-f991-4c82-831f-4fa5fee5725d,c2,DROP,684,?,x6,
1769089132.6921437,RECEIVED,893d4e29-d0b4-467e-b652-dfef71a14618,ad8c6df1-40ed-4a01-9101-28ded5fe0cc4,c2,c3,1443,e8,?,
1769089132.73288,RECEIVED,58d31e69-3357-48ac-95eb-0d60748c85b8,0a285660-a888-4a38-bca7-60d2b46e4ce1,c4,DROP,1008,e4,?,
1769089132.8605824,SENT,58d31e69-3357-48ac-95eb-0d60748c85b8,0a285660-a888-4a38-bca7-60d2b46e4ce1,c4,DROP,684,?,x9,
1769089132.860624,FORWARDED,58d31e69-3357-48ac-95eb-0d60748c85b8,0a285660-a888-4a38-bca7-60d2b46e4ce1,c4,DROP,684,?,x9,
1769089133.236215,SENT,893d4e29-d0b4-467e-b652-dfef71a14618,ad8c6df1-40ed-4a01-9101-28ded5fe0cc4,c2,c3,1011,?,x6,
1769089133.2362564,FORWARDED,893d4e29-d0b4-467e-b652-dfef71a14618,ad8c6df1-40ed-4a01-9101-28ded5fe0cc4,c2,c3,1011,?,x6,
1769089133.633631,RECEIVED,ca8965ad-1daa-422b-a7e2-21a4c65bf0eb,fc58e60e-367f-41f6-95b8-744dd827356e,c4,DROP,1008,e4,?,
1769089133.6724029,SENT,0deaea64-826e-4e31-aab1-832c1d9e8219,c0fcc9e9-27d9-4bca-9cd9-cb26485e8ec5,c1,DROP,684,?,x2,
1769089133.6724427,FORWARDED,0deaea64-826e-4e31-aab1-832c1d9e8219,c0fcc9e9-27d9-4bca-9cd9-cb26485e8ec5,c1,DROP,684,?,x2,
1769089133.7462645,SENT,ca8965ad-1daa-422b-a7e2-21a4c65bf0eb,fc58e60e-367f-41f6-95b8-744dd827356e,c4,DROP,684,?,x7,
1769089133.7463076,FORWARDED,ca8965ad-1daa-422b-a7e2-21a4c65bf0eb,fc58e60e-367f-41f6-95b8-744dd827356e,c4,DROP,684,?,x7,
1769089134.686863,RECEIVED,a129f8ec-b369-4ad8-b95d-ddc3f7322ea2,6c41976b-39b3-45c7-a94b-87a4a8fc7347,c3,DROP,442,x2,?,
1769089134.7408462,RECEIVED,c653be39-43a6-4606-b814-07dcc8f2d2dd,71ac5dac-c6b7-4267-b4cf-821d17b8f0ed,c5,DROP,1007,e2,?,
1769089134.7437816,RECEIVED,000ea6e9-1b72-49f6-91d9-7797118f686b,bbc61739-d1ed-4abd-855c-4a9a22180cb3,c4,c1,1448,e4,?,
1769089134.894559,RECEIVED,6d886aee-930d-455a-a977-dfe9d2e6b9e2,a8e5ee2c-3008-4d38-8a16-dce8d63ae9bc,c1,DROP,441,x3,?,
1769089135.0605278,RECEIVED,b0fa6c3f-60dc-4f4a-86de-6dad5ac6fdf4,29c14472-e636-485a-b299-478a5b93d2c8,c5,DROP,441,x1,?,
1769089135.1240976,RECEIVED,e4743348-9b41-4f00-9bd8-1e74df74dfbb,6468dee7-19a8-478f-bcf6-0733327258c8,c4,c1,1451,e12,?,
1769089135.334963,SENT,c653be39-43a6-4606-b814-07dcc8f2d2dd,71ac5dac-c6b7-4267-b4cf-821d17b8f0ed,c5,DROP,684,?,x3,
1769089135.3350062,FORWARDED,c653be39-43a6-4606-b814-07dcc8f2d2dd,71ac5dac-c6b7-4267-b4cf-821d17b8f0ed,c5,DROP,684,?,x3,
1769089135.4086506,SENT,000ea6e9-1b72-49f6-91d9-7797118f686b,bbc61739-d1ed-4abd-855c-4a9a22180cb3,c4,c1,1012,?,x11,
1769089135.408692,FORWARDED,000ea6e9-1b72-49f6-91d9-7797118f686b,bbc61739-d1ed-4abd-855c-4a9a22180cb3,c4,c1,1012,?,x11,
1769089135.597389,RECEIVED,e58c9dd2-6c19-433f-8fca-71745527474f,3a41d110-7564-4410-b202-dec16d0bea86,c4,DROP,442,x2,?,
1769089135.6145701,RECEIVED,0c0de61e-d7c6-42ea-a6bd-b53089daf190,f8945f49-ceff-4613-87bb-1849812d9f44,c5,DROP,442,x12,?,
1769089135.7310228,RECEIVED,41eed2f2-1344-4371-ba3d-638dbc50a6f3,8f1f61fb-fb68-4d6f-92fb-11634302775c,c2,DROP,1008,e1,?,
1769089135.8376431,RECEIVED,559b6bde-ecd5-4eb8-83e7-528b7f75422c,97f9445f-5508-4bcc-9593-c53c495cfe86,c4,c1,1452,e12,?,
1769089135.9041033,RECEIVED,74cbfc0f-3976-40c6-ad05-a36bfaa8f956,6e4d2019-76c0-497b-b33c-e7e0af2f5168,c1,DROP,440,x10,?,
1769089135.9337618,RECEIVED,83272cf6-af03-400c-82b5-148773e50cab,ee06ed86-11f1-4d95-b9fd-69a3bf9a9306,c5,DROP,1010,e12,?,
1769089135.93503,SENT,559b6bde-ecd5-4eb8-83e7-528b7f75422c,97f9445f-5508-4bcc-9593-c53c495cfe86,c4,c1,1016,?,x3,
1769089135.935079,FORWARDED,559b6bde-ecd5-4eb8-83e7-528b7f75422c,97f9445f-5508-4bcc-9593-c53c495cfe86,c4,c1,1016,?,x3,
1769089135.9379997,SENT,e4743348-9b41-4f00-9bd8-1e74df74dfbb,6468dee7-19a8-478f-bcf6-0733327258c8,c4,c1,1016,?,x3,
1769089135.9380393,FORWARDED,e4743348-9b41-4f00-9bd8-1e74df74dfbb,6468dee7-19a8-478f-bcf6-0733327258c8,c4,c1,1016,?,x3,
1769089135.9514995,SENT,83272cf6-af03-400c-82b5-148773e50cab,ee06ed86-11f1-4d95-b9fd-69a3bf9a9306,c5,DROP,683,?,x4,
1769089135.951542,FORWARDED,83272cf6-af03-400c-82b5-148773e50cab,ee06ed86-11f1-4d95-b9fd-69a3bf9a9306,c5,DROP,683,?,x4,
1769089135.9636652,RECEIVED,314c4486-cc57-438d-a3e7-150b584afd4e,f1244f68-f35e-43d8-a7fd-54b360c09863,c1,DROP,441,x7,?,
1769089136.4029949,SENT,41eed2f2-1344-4371-ba3d-638dbc50a6f3,8f1f61fb-fb68-4d6f-92fb-11634302775c,c2,DROP,684,?,x12,
1769089136.403031,FORWARDED,41eed2f2-1344-4371-ba3d-638dbc50a6f3,8f1f61fb-fb68-4d6f-92fb-11634302775c,c2,DROP,684,?,x12,
1769089136.5146418,RECEIVED,998afab8-434c-4dc9-b804-65ba81249cc6,b8b82e94-6090-4a28-a0fe-588bcb25e620,c2,c3,1461,e8,?,
1769089136.6046054,SENT,998afab8-434c-4dc9-b804-65ba81249cc6,b8b82e94-6090-4a28-a0fe-588bcb25e620,c2,c3,1021,?,x10,
1769089136.6046462,FORWARDED,998afab8-434c-4dc9-b804-65ba81249cc6,b8b82e94-6090-4a28-a0fe-588bcb25e620,c2,c3,1021,?,x10,
1769089136.6225815,RECEIVED,b5dec77d-ed24-47f1-9319-8b6ce8e0f0b0,f6da6f11-d0e6-4d51-b7bd-25e3661c1e76,c4,c1,1447,e2,?,
1769089136.698407,RECEIVED,d5bd9c4e-cded-43e5-b3d2-0c11c796304d,8df334d1-3ac4-4d93-9224-f202bc107253,c4,DROP,1008,e9,?,
1769089136.7265267,RECEIVED,df10a39a-a389-4ba5-b49b-7cb3823e724a,0aa2a971-d20e-4ce5-9d5a-81155261ab90,c5,DROP,1007,e2,?,
1769089136.9143975,SENT,d5bd9c4e-cded-43e5-b3d2-0c11c796304d,8df334d1-3ac4-4d93-9224-f202bc107253,c4,DROP,683,?,x4,
1769089136.9144373,FORWARDED,d5bd9c4e-cded-43e5-b3d2-0c11c796304d,8df334d1-3ac4-4d93-9224-f202bc107253,c4,DROP,683,?,x4,
1769089137.0615776,RECEIVED,2cc5079c-edeb-4a4e-8f21-f9c7e2d9463b,9d672572-cf46-4faa-9774-65d7c2fdbb85,c2,DROP,1008,e5,?,
1769089137.0693886,RECEIVED,f28190d0-974f-4f49-b5cd-52b755e067f2,097ed7cc-f057-4946-a04b-3e0f57b9b6c2,c1,c3,1448,e5,?,
1769089137.124985,SENT,f28190d0-974f-4f49-b5cd-52b755e067f2,097ed7cc-f057-4946-a04b-3e0f57b9b6c2,c1,c3,1012,?,x6,
1769089137.1250246,FORWARDED,f28190d0-974f-4f49-b5cd-52b755e067f2,097ed7cc-f057-4946-a04b-3e0f57b9b6c2,c1,c3,1012,?,x6,
1769089137.2734592,RECEIVED,460d5b50-8c73-41af-a43a-c0a8d97da57a,8cdb0785-7232-4bef-adcb-6e3d86aa1a05,c4,c1,1452,e1,?,
1769089137.3184001,SENT,460d5b50-8c73-41af-a43a-c0a8d97da57a,8cdb0785-7232-4bef-adcb-6e3d86aa1a05,c4,c1,1015,?,x5,
1769089137.3184423,FORWARDED,460d5b50-8c73-41af-a43a-c0a8d97da57a,8cdb0785-7232-4bef-adcb-6e3d86aa1a05,c4,c1,1015,?,x5,
1769089137.3237815,SENT,2cc5079c-edeb-4a4e-8f21-f9c7e2d9463b,9d672572-cf46-4faa-9774-65d7c2fdbb85,c2,DROP,683,?,x10,
1769089137.3238225,FORWARDED,2cc5079c-edeb-4a4e-8f21-f9c7e2d9463b,9d672572-cf46-4faa-9774-65d7c2fdbb85,c2,DROP,683,?,x10,
1769089137.4279566,RECEIVED,036edec9-32b9-478a-a7cd-75969f18ec0c,265dbefc-700e-423d-9b10-b3597dd3a9c1,c2,c3,1460,e12,?,
1769089137.7361255,SENT,b5dec77d-ed24-47f1-9319-8b6ce8e0f0b0,f6da6f11-d0e6-4d51-b7bd-25e3661c1e76,c4,c1,1012,?,x12,
1769089137.736181,FORWARDED,b5dec77d-ed24-47f1-9319-8b6ce8e0f0b0,f6da6f11-d0e6-4d51-b7bd-25e3661c1e76,c4,c1,1012,?,x12,
1769089137.7497368,SENT,036edec9-32b9-478a-a7cd-75969f18ec0c,265dbefc-700e-423d-9b10-b3597dd3a9c1,c2,c3,1023,?,x2,
1769089137.749776,FORWARDED,036edec9-32b9-478a-a7cd-75969f18ec0c,265dbefc-700e-423d-9b10-b3597dd3a9c1,c2,c3,1023,?,x2,
1769089138.0275974,RECEIVED,3066396d-bc10-488a-b139-7ef42dac10fd,4ce41569-b187-4963-8fde-9b3c4577e132,c3,DROP,1016,e1,?,
1769089138.0721288,SENT,3066396d-bc10-488a-b139-7ef42dac10fd,4ce41569-b187-4963-8fde-9b3c4577e132,c3,DROP,688,?,x2,
1769089138.0721834,FORWARDED,3066396d-bc10-488a-b139-7ef42dac10fd,4ce41569-b187-4963-8fde-9b3c4577e132,c3,DROP,688,?,x2,
1769089138.119364,RECEIVED,89dfe077-6c97-402c-a3be-d7d0c0c15873,c7b5dd9b-9264-486f-bac5-ee75160dd740,c2,DROP,441,x4,?,
1769089138.307383,RECEIVED,0add2d9f-a392-4f1e-afbc-e93eecbb945e,c95384de-e3a4-402a-b4d5-def4895d006b,c2,c3,1460,e12,?,
1769089138.3822665,SENT,0add2d9f-a392-4f1e-afbc-e93eecbb945e,c95384de-e3a4-402a-b4d5-def4895d006b,c2,c3,1023,?,x4,
1769089138.3823063,FORWARDED,0add2d9f-a392-4f1e-afbc-e93eecbb945e,c95384de-e3a4-402a-b4d5-def4895d006b,c2,c3,1023,?,x4,
1769089138.3996522,RECEIVED,17ff0c1b-8602-4b86-a9f8-ac28fa49e202,ea474ae4-318f-4c10-b4ac-7cacbb69ff87,c3,DROP,1012,e10,?,
1769089138.565755,RECEIVED,5d24009d-520a-485a-a0a5-0e6f310d6dc0,debbf94b-c4d5-426a-9d28-fa46f61681c4,c5,c4,1464,e4,?,
1769089138.6271875,SENT,17ff0c1b-8602-4b86-a9f8-ac28fa49e202,ea474ae4-318f-4c10-b4ac-7cacbb69ff87,c3,DROP,687,?,x2,
1769089138.6272378,FORWARDED,17ff0c1b-8602-4b86-a9f8-ac28fa49e202,ea474ae4-318f-4c10-b4ac-7cacbb69ff87,c3,DROP,687,?,x2,
1769089138.6568377,RECEIVED,cdc03fd4-e0ac-4060-b743-70e1d5975209,eeb349ab-fc11-4fcc-b38c-f3d1d9a999ae,c2,DROP,1015,e1,?,
1769089138.6573203,RECEIVED,12a9142d-2c3b-4ffd-97e0-dedf7cce0bed,82e656e0-57c2-4bdb-a1ec-ad8dd883a46c,c4,DROP,1008,e5,?,
1769089138.6838899,RECEIVED,f5373235-d934-4a7f-b041-772a101622cf,2a39a0f7-92f9-4d82-8d18-75880effd47b,c1,c3,1443,e2,?,
1769089138.827313,SENT,12a9142d-2c3b-4ffd-97e0-dedf7cce0bed,82e656e0-57c2-4bdb-a1ec-ad8dd883a46c,c4,DROP,683,?,x2,
1769089138.8273516,FORWARDED,12a9142d-2c3b-4ffd-97e0-dedf7cce0bed,82e656e0-57c2-4bdb-a1ec-ad8dd883a46c,c4,DROP,683,?,x2,
1769089138.859017,RECEIVED,1f9aa43a-09ed-424e-bad4-c6c6b1cd85ec,64c3cd0c-1589-4a7c-ad3f-a3e3779e30a4,c1,c3,1450,e9,?,
1769089139.1401284,SENT,1f9aa43a-09ed-424e-bad4-c6c6b1cd85ec,64c3cd0c-1589-4a7c-ad3f-a3e3779e30a4,c1,c3,1015,?,x7,
1769089139.1401718,FORWARDED,1f9aa43a-09ed-424e-bad4-c6c6b1cd85ec,64c3cd0c-1589-4a7c-ad3f-a3e3779e30a4,c1,c3,1015,?,x7,
1769089139.2303214,SENT,f5373235-d934-4a7f-b041-772a101622cf,2a39a0f7-92f9-4d82-8d18-75880effd47b,c1,c3,1011,?,x1,
1769089139.2303636,FORWARDED,f5373235-d934-4a7f-b041-772a101622cf,2a39a0f7-92f9-4d82-8d18-75880effd47b,c1,c3,1011,?,x1,
1769089139.2766256,SENT,df10a39a-a389-4ba5-b49b-7cb3823e724a,0aa2a971-d20e-4ce5-9d5a-81155261ab90,c5,DROP,683,?,x7,
1769089139.2766662,FORWARDED,df10a39a-a389-4ba5-b49b-7cb3823e724a,0aa2a971-d20e-4ce5-9d5a-81155261ab90,c5,DROP,683,?,x7,
1769089139.575335,SENT,cdc03fd4-e0ac-4060-b743-70e1d5975209,eeb349ab-fc11-4fcc-b38c-f3d1d9a999ae,c2,DROP,690,?,x8,
1769089139.5753741,FORWARDED,cdc03fd4-e0ac-4060-b743-70e1d5975209,eeb349ab-fc11-4fcc-b38c-f3d1d9a999ae,c2,DROP,690,?,x8,
1769089139.7082999,SENT,5d24009d-520a-485a-a0a5-0e6f310d6dc0,debbf94b-c4d5-426a-9d28-fa46f61681c4,c5,c4,1024,?,x10,
1769089139.7083426,FORWARDED,5d24009d-520a-485a-a0a5-0e6f310d6dc0,debbf94b-c4d5-426a-9d28-fa46f61681c4,c5,c4,1024,?,x10,
1769089139.9254088,RECEIVED,031e7cdc-0b82-457f-b729-6df8a2cf0437,646d71de-215b-40a1-89a3-83072c01ca89,c3,DROP,445,x12,?,
1769089140.35978,RECEIVED,8d4e14a7-4eb5-41b4-a9ab-b26a0a92773e,6558f111-5e32-4ed6-95f8-f3df2a761ab0,c5,c4,1453,e6,?,
1769089140.4495475,SENT,8d4e14a7-4eb5-41b4-a9ab-b26a0a92773e,6558f111-5e32-4ed6-95f8-f3df2a761ab0,c5,c4,1015,?,x12,
1769089140.449588,FORWARDED,8d4e14a7-4eb5-41b4-a9ab-b26a0a92773e,6558f111-5e32-4ed6-95f8-f3df2a761ab0,c5,c4,1015,?,x12,
1769089140.8397207,RECEIVED,c55fd3de-6a14-46d6-bfb0-b632ef471a16,a7b0b2b2-6e08-4182-ae15-e8dc06446833,c3,DROP,1021,e7,?,
1769089140.9879837,SENT,c55fd3de-6a14-46d6-bfb0-b632ef471a16,a7b0b2b2-6e08-4182-ae15-e8dc06446833,c3,DROP,692,?,x12,
1769089140.9880192,FORWARDED,c55fd3de-6a14-46d6-bfb0-b632ef471a16,a7b0b2b2-6e08-4182-ae15-e8dc06446833,c3,DROP,692,?,x12,
1769089141.1406946,RECEIVED,e65dbf29-969f-4b49-99d4-9bb128d7e65c,a4d4126b-5cf9-422b-9008-58cc77df9bdb,c4,DROP,442,x4,?,
1769089141.1823232,RECEIVED,579bafd2-7c50-41c5-8970-9cdf8612ea7a,871cc4e3-6f5f-4529-903b-5e742c8bbddd,c4,DROP,442,x4,?,
1769089141.2759266,RECEIVED,b84b5811-f251-41a4-97bd-81ec783bb582,8448d475-8147-4eb0-9fb4-4eace86c9d27,c5,c4,1448,e5,?,
1769089141.7442153,SENT,b84b5811-f251-41a4-97bd-81ec783bb582,8448d475-8147-4eb0-9fb4-4eace86c9d27,c5,c4,1012,?,x5,
1769089141.7442555,FORWARDED,b84b5811-f251-41a4-97bd-81ec783bb582,8448d475-8147-4eb0-9fb4-4eace86c9d27,c5,c4,1012,?,x5,
1769089141.7768073,RECEIVED,2a9806e0-2da1-47d6-b8c4-89e0180ed476,f0d46cb8-f725-4ab2-9f3e-5985830a2c7e,c4,c1,1445,e9,?,
1769089142.2321067,SENT,2a9806e0-2da1-47d6-b8c4-89e0180ed476,f0d46cb8-f725-4ab2-9f3e-5985830a2c7e,c4,c1,1011,?,x12,
1769089142.2321463,FORWARDED,2a9806e0-2da1-47d6-b8c4-89e0180ed476,f0d46cb8-f725-4ab2-9f3e-5985830a2c7e,c4,c1,1011,?,x12,
1769089142.757006,RECEIVED,0fd2635b-b831-4b16-8233-fc6a6c85a001,0dee1897-fbe6-4c7e-8757-43407ca67896,c2,c3,1448,e10,?,
1769089142.883958,RECEIVED,dcd2613b-55a0-4305-a6a7-510f2326ed81,b767f336-6940-4335-9855-c3f01ddd0c67,c3,c4,1451,e1,?,
1769089143.0218503,RECEIVED,5e815039-afc4-4a44-8ae2-e271307dde93,f34839ef-e4fa-4b04-aea4-9cf68f60c76f,c1,DROP,1011,e3,?,
1769089143.0400045,SENT,0fd2635b-b831-4b16-8233-fc6a6c85a001,0dee1897-fbe6-4c7e-8757-43407ca67896,c2,c3,1012,?,x8,
1769089143.0400395,FORWARDED,0fd2635b-b831-4b16-8233-fc6a6c85a001,0dee1897-fbe6-4c7e-8757-43407ca67896,c2,c3,1012,?,x8,
1769089143.2805462,RECEIVED,3844089c-48a3-43db-bd03-abc1c741a046,8e9e83af-776a-4a5c-8fa7-2f0851d69706,c5,c4,1457,e12,?,
1769089143.4547975,SENT,3844089c-48a3-43db-bd03-abc1c741a046,8e9e83af-776a-4a5c-8fa7-2f0851d69706,c5,c4,1020,?,x11,
1769089143.4548364,FORWARDED,3844089c-48a3-43db-bd03-abc1c741a046,8e9e83af-776a-4a5c-8fa7-2f0851d69706,c5,c4,1020,?,x11,
1769089143.4634974,RECEIVED,9cfdb46b-e5cf-40ba-b1c9-fcd86bf9e6f5,98aa7dce-683a-438b-8c8b-31b6c4440043,c3,c4,1452,e4,?,
1769089143.468324,RECEIVED,a6774658-ed67-48d5-95a8-8d39974aa00a,438a97f9-d481-4e3e-9be4-aaea0c2ac581,c5,c4,1455,e7,?,
1769089143.5160692,RECEIVED,b899f6f9-8228-467b-b74e-ddb7af25fc55,f3d2ba14-50ec-4fcc-ad59-eeb14ff9a701,c2,DROP,1016,e2,?,
1769089143.5269935,SENT,5e815039-afc4-4a44-8ae2-e271307dde93,f34839ef-e4fa-4b04-aea4-9cf68f60c76f,c1,DROP,685,?,x2,
1769089143.5270333,FORWARDED,5e815039-afc4-4a44-8ae2-e271307dde93,f34839ef-e4fa-4b04-aea4-9cf68f60c76f,c1,DROP,685,?,x2,
1769089143.561977,SENT,9cfdb46b-e5cf-40ba-b1c9-fcd86bf9e6f5,98aa7dce-683a-438b-8c8b-31b6c4440043,c3,c4,1016,?,x5,
1769089143.5620165,FORWARDED,9cfdb46b-e5cf-40ba-b1c9-fcd86bf9e6f5,98aa7dce-683a-438b-8c8b-31b6c4440043,c3,c4,1016,?,x5,
1769089143.6772826,SENT,dcd2613b-55a0-4305-a6a7-510f2326ed81,b767f336-6940-4335-9855-c3f01ddd0c67,c3,c4,1015,?,x3,
1769089143.6773229,FORWARDED,dcd2613b-55a0-4305-a6a7-510f2326ed81,b767f336-6940-4335-9855-c3f01ddd0c67,c3,c4,1015,?,x3,
1769089143.7591496,SENT,b899f6f9-8228-467b-b74e-ddb7af25fc55,f3d2ba14-50ec-4fcc-ad59-eeb14ff9a701,c2,DROP,688,?,x5,
1769089143.7591953,FORWARDED,b899f6f9-8228-467b-b74e-ddb7af25fc55,f3d2ba14-50ec-4fcc-ad59-eeb14ff9a701,c2,DROP,688,?,x5,
1769089144.6165082,RECEIVED,cf9eb5a8-5e43-4814-90f3-788c9f158aab,1d10753b-7d71-41c0-a92f-79cc23b22460,c1,c3,1462,e10,?,
1769089144.6748402,SENT,cf9eb5a8-5e43-4814-90f3-788c9f158aab,1d10753b-7d71-41c0-a92f-79cc23b22460,c1,c3,1023,?,x12,
1769089144.6748803,FORWARDED,cf9eb5a8-5e43-4814-90f3-788c9f158aab,1d10753b-7d71-41c0-a92f-79cc23b22460,c1,c3,1023,?,x12,
1769089144.9512582,SENT,a6774658-ed67-48d5-95a8-8d39974aa00a,438a97f9-d481-4e3e-9be4-aaea0c2ac581,c5,c4,1019,?,x1,
1769089144.9512997,FORWARDED,a6774658-ed67-48d5-95a8-8d39974aa00a,438a97f9-d481-4e3e-9be4-aaea0c2ac581,c5,c4,1019,?,x1,
1769089145.0093355,RECEIVED,0c00ee11-3d56-4e52-b26a-7a366c1ec608,6706ddd8-f8b5-44d3-830e-e0b47b2bc43e,c4,DROP,1009,e11,?,
1769089145.028445,SENT,0c00ee11-3d56-4e52-b26a-7a366c1ec608,6706ddd8-f8b5-44d3-830e-e0b47b2bc43e,c4,DROP,683,?,x2,
1769089145.0284843,FORWARDED,0c00ee11-3d56-4e52-b26a-7a366c1ec608,6706ddd8-f8b5-44d3-830e-e0b47b2bc43e,c4,DROP,683,?,x2,
1769089145.066853,RECEIVED,1383acd9-e056-4b69-9f65-303245b8efb0,b040707b-131f-475e-9d07-1c61003c1881,c2,c3,1452,e6,?,
1769089145.1552804,RECEIVED,199a99f2-fe7b-4fd3-b86b-5623232e87b9,d58b15b5-36ca-47ae-8298-08845250a730,c3,DROP,441,x3,?,
1769089145.1820393,RECEIVED,8d1b34f6-569f-46e6-ba63-098cd0988343,d77a0551-8f71-4980-9dfc-0910d05ec9e2,c4,c1,1447,e8,?,
1769089145.244894,SENT,1383acd9-e056-4b69-9f65-303245b8efb0,b040707b-131f-475e-9d07-1c61003c1881,c2,c3,1015,?,x3,
1769089145.2449334,FORWARDED,1383acd9-e056-4b69-9f65-303245b8efb0,b040707b-131f-475e-9d07-1c61003c1881,c2,c3,1015,?,x3,
1769089145.3164914,RECEIVED,1476103f-24da-47e1-86c2-cee8bf8132f5,3bf18d9a-f4eb-4722-941d-956b38685185,c1,DROP,441,x12,?,
1769089146.0206342,RECEIVED,f3b95d91-54d1-4f8a-a0f9-cc6d81a4ae12,385ce3d3-2df7-4929-abdd-a7e5e893e7f9,c3,c4,1440,e1,?,
1769089146.028683,SENT,8d1b34f6-569f-46e6-ba63-098cd0988343,d77a0551-8f71-4980-9dfc-0910d05ec9e2,c4,c1,1012,?,x3,
1769089146.0287235,FORWARDED,8d1b34f6-569f-46e6-ba63-098cd0988343,d77a0551-8f71-4980-9dfc-0910d05ec9e2,c4,c1,1012,?,x3,
1769089146.2736337,SENT,f3b95d91-54d1-4f8a-a0f9-cc6d81a4ae12,385ce3d3-2df7-4929-abdd-a7e5e893e7f9,c3,c4,1007,?,x7,
1769089146.2736828,FORWARDED,f3b95d91-54d1-4f8a-a0f9-cc6d81a4ae12,385ce3d3-2df7-4929-abdd-a7e5e893e7f9,c3,c4,1007,?,x7,
1769089146.410812,RECEIVED,1174d310-63c4-4ce6-a784-d75bad008d23,5d195054-8be0-4813-a039-be4dd0409e11,c1,c3,1463,e12,?,
1769089146.467457,RECEIVED,03a16976-3ce4-45ee-98d4-ee1b2a2d6140,203360b7-9ba4-4e6b-9830-5c72b98a2aeb,c4,DROP,442,x5,?,
1769089146.5013146,RECEIVED,278250bb-8f36-4496-a3c6-8752a2edb56b,8fd170aa-7acf-4e34-8bc7-4d64a510c9a2,c2,c3,1460,e3,?,
1769089146.6291938,SENT,278250bb-8f36-4496-a3c6-8752a2edb56b,8fd170aa-7acf-4e34-8bc7-4d64a510c9a2,c2,c3,1023,?,x11,
1769089146.629236,FORWARDED,278250bb-8f36-4496-a3c6-8752a2edb56b,8fd170aa-7acf-4e34-8bc7-4d64a510c9a2,c2,c3,1023,?,x11,
1769089146.7014358,SENT,1174d310-63c4-4ce6-a784-d75bad008d23,5d195054-8be0-4813-a039-be4dd0409e11,c1,c3,1024,?,x4,
1769089146.7014737,FORWARDED,1174d310-63c4-4ce6-a784-d75bad008d23,5d195054-8be0-4813-a039-be4dd0409e11,c1,c3,1024,?,x4,
1769089146.9144678,RECEIVED,c83d9512-e84c-4796-8b89-8207db084f58,d224391d-2fe8-49cf-9460-0f8a0ed654aa,c3,DROP,442,x7,?,
1769089146.9189136,RECEIVED,856747eb-4fee-4bc0-86a8-6a417c5a41f9,2b36d5b1-1438-420c-b0b6-45cdf6cd5467,c5,DROP,1011,e9,?,
1769089147.2109315,RECEIVED,30d1cfdc-6058-4ccb-b96e-b21971009c98,f74cdb7a-fa82-4404-b9c1-4d05cc3a4ad7,c1,DROP,1017,e1,?,
1769089147.250252,RECEIVED,5c895f33-3be0-44d9-9cc4-c8bf5c681e61,d7461189-0bf5-40ac-a95d-26c793f0bf2c,c1,c3,1450,e6,?,
1769089147.4592016,SENT,856747eb-4fee-4bc0-86a8-6a417c5a41f9,2b36d5b1-1438-420c-b0b6-45cdf6cd5467,c5,DROP,686,?,x2,
1769089147.459241,FORWARDED,856747eb-4fee-4bc0-86a8-6a417c5a41f9,2b36d5b1-1438-420c-b0b6-45cdf6cd5467,c5,DROP,686,?,x2,
1769089147.4778354,RECEIVED,61005614-bf70-4c63-8889-ed431904190e,fbd3c754-b987-47bc-bde7-266fb11eb65f,c4,DROP,441,x6,?,
1769089147.6452425,SENT,30d1cfdc-6058-4ccb-b96e-b21971009c98,f74cdb7a-fa82-4404-b9c1-4d05cc3a4ad7,c1,DROP,688,?,x10,
1769089147.645283,FORWARDED,30d1cfdc-6058-4ccb-b96e-b21971009c98,f74cdb7a-fa82-4404-b9c1-4d05cc3a4ad7,c1,DROP,688,?,x10,
1769089147.7564907,SENT,5c895f33-3be0-44d9-9cc4-c8bf5c681e61,d7461189-0bf5-40ac-a95d-26c793f0bf2c,c1,c3,1015,?,x5,
1769089147.756534,FORWARDED,5c895f33-3be0-44d9-9cc4-c8bf5c681e61,d7461189-0bf5-40ac-a95d-26c793f0bf2c,c1,c3,1015,?,x5,
1769089147.830483,RECEIVED,29dbb713-5820-4349-b0da-bf1580597dd5,8cfbca79-fa73-4c31-8964-40c34fd6df5c,c3,c4,1448,e4,?,
1769089147.935943,SENT,29dbb713-5820-4349-b0da-bf1580597dd5,8cfbca79-fa73-4c31-8964-40c34fd6df5c,c3,c4,1012,?,x10,
1769089147.9359822,FORWARDED,29dbb713-5820-4349-b0da-bf1580597dd5,8cfbca79-fa73-4c31-8964-40c34fd6df5c,c3,c4,1012,?,x10,
1769089148.0445642,RECEIVED,685f1a5e-f5e4-45f4-b2f6-4b8473bde2b6,1c81ba98-6f0c-4189-bfce-fb8b04c67664,c4,c1,1448,e4,?,
1769089148.2590759,RECEIVED,eb25804c-fd53-42fd-ac11-ce9ce25dc563,608adb4b-9362-467e-b8ea-90d7c24c072c,c3,DROP,1014,e6,?,
1769089148.2888172,RECEIVED,a484e97e-b27b-4713-8525-300f080d76b3,c8bc1e1d-5559-4ac0-8343-41927725f15a,c2,c3,1447,e11,?,
1769089148.4194202,SENT,685f1a5e-f5e4-45f4-b2f6-4b8473bde2b6,1c81ba98-6f0c-4189-bfce-fb8b04c67664,c4,c1,1012,?,x2,
1769089148.4194605,FORWARDED,685f1a5e-f5e4-45f4-b2f6-4b8473bde2b6,1c81ba98-6f0c-4189-bfce-fb8b04c67664,c4,c1,1012,?,x2,
1769089149.1336708,SENT,a484e97e-b27b-4713-8525-300f080d76b3,c8bc1e1d-5559-4ac0-8343-41927725f15a,c2,c3,1012,?,x7,
1769089149.1337123,FORWARDED,a484e97e-b27b-4713-8525-300f080d76b3,c8bc1e1d-5559-4ac0-8343-41927725f15a,c2,c3,1012,?,x7,
1769089149.4495785,RECEIVED,7d1094c7-42a8-4835-b624-01e77bca4faf,77760da4-755a-4840-b078-afaf1a4eeaac,c4,c1,1447,e2,?,
1769089149.6941504,SENT,7d1094c7-42a8-4835-b624-01e77bca4faf,77760da4-755a-4840-b078-afaf1a4eeaac,c4,c1,1012,?,x7,
1769089149.6941903,FORWARDED,7d1094c7-42a8-4835-b624-01e77bca4faf,77760da4-755a-4840-b078-afaf1a4eeaac,c4,c1,1012,?,x7,
1769089149.7051215,RECEIVED,ab9546b9-d3ba-4d1d-8c00-a06f494d1959,e03461be-7041-437a-b3ae-0a601a8f9ffe,c4,DROP,1011,e4,?,
1769089149.8401244,RECEIVED,ad32bf90-05d0-412b-8b2d-bef1131c0d5e,2209610c-32b0-4d3f-8674-7f53211f1edd,c2,c3,1457,e10,?,
1769089150.0202467,SENT,ad32bf90-05d0-412b-8b2d-bef1131c0d5e,2209610c-32b0-4d3f-8674-7f53211f1edd,c2,c3,1019,?,x11,
1769089150.0202887,FORWARDED,ad32bf90-05d0-412b-8b2d-bef1131c0d5e,2209610c-32b0-4d3f-8674-7f53211f1edd,c2,c3,1019,?,x11,
1769089150.1935377,SENT,ab9546b9-d3ba-4d1d-8c00-a06f494d1959,e03461be-7041-437a-b3ae-0a601a8f9ffe,c4,DROP,687,?,x1,
1769089150.1935778,FORWARDED,ab9546b9-d3ba-4d1d-8c00-a06f494d1959,e03461be-7041-437a-b3ae-0a601a8f9ffe,c4,DROP,687,?,x1,
1769089150.221439,RECEIVED,4ffe804a-a5bf-4290-87c4-d8c8072e9c3e,046acfd3-6c09-4146-88b7-e3cfee87e98b,c4,c1,1451,e8,?,
1769089150.280327,RECEIVED,23aef6f8-16e9-47dd-81d3-43555db60fea,b7c0b606-0326-4acb-8b00-eb29b529226c,c2,c3,1444,e6,?,
1769089150.307778,SENT,eb25804c-fd53-42fd-ac11-ce9ce25dc563,608adb4b-9362-467e-b8ea-90d7c24c072c,c3,DROP,689,?,x8,
1769089150.307818,FORWARDED,eb25804c-fd53-42fd-ac11-ce9ce25dc563,608adb4b-9362-467e-b8ea-90d7c24c072c,c3,DROP,689,?,x8,
1769089150.4228303,RECEIVED,cc4a29e9-9a87-4d76-93fd-34235fa47a66,b8eff207-534b-4871-a9ce-4c98cc13bb19,c2,DROP,1011,e9,?,
1769089150.5009706,SENT,23aef6f8-16e9-47dd-81d3-43555db60fea,b7c0b606-0326-4acb-8b00-eb29b529226c,c2,c3,1011,?,x3,
1769089150.501003,FORWARDED,23aef6f8-16e9-47dd-81d3-43555db60fea,b7c0b606-0326-4acb-8b00-eb29b529226c,c2,c3,1011,?,x3,
1769089150.5059435,RECEIVED,fdcc4998-721b-4526-80e6-c0b36e631e47,020f1d92-80bb-499f-a0a8-5732ad25cb36,c2,c3,1453,e1,?,
1769089150.6026244,SENT,fdcc4998-721b-4526-80e6-c0b36e631e47,020f1d92-80bb-499f-a0a8-5732ad25cb36,c2,c3,1016,?,x7,
1769089150.6026652,FORWARDED,fdcc4998-721b-4526-80e6-c0b36e631e47,020f1d92-80bb-499f-a0a8-5732ad25cb36,c2,c3,1016,?,x7,
1769089150.6532483,RECEIVED,fb892452-1e99-43ae-ac26-ba0355bb7cd4,1cf42f86-b8b1-4bfb-b252-9492d8eedfc9,c5,DROP,1015,e9,?,
1769089150.6789076,RECEIVED,91e2ceb0-8afa-49d9-b308-80ef5692eaca,a272b42d-a30f-47ac-9b38-e1e174bb1222,c3,c4,1452,e7,?,
1769089151.0102317,SENT,cc4a29e9-9a87-4d76-93fd-34235fa47a66,b8eff207-534b-4871-a9ce-4c98cc13bb19,c2,DROP,687,?,x1,
1769089151.0102725,FORWARDED,cc4a29e9-9a87-4d76-93fd-34235fa47a66,b8eff207-534b-4871-a9ce-4c98cc13bb19,c2,DROP,687,?,x1,
1769089151.0524836,RECEIVED,ad94d3d7-9f41-4d55-bd2b-4e0616bae479,16d53212-4640-4829-834c-a446291981b8,c5,DROP,441,x4,?,
1769089151.1854837,SENT,91e2ceb0-8afa-49d9-b308-80ef5692eaca,a272b42d-a30f-47ac-9b38-e1e174bb1222,c3,c4,1016,?,x10,
1769089151.1857383,FORWARDED,91e2ceb0-8afa-49d9-b308-80ef5692eaca,a272b42d-a30f-47ac-9b38-e1e174bb1222,c3,c4,1016,?,x10,
1769089151.241409,RECEIVED,fba6e610-1b88-4053-b896-6bce7a5a7dfa,e728d53e-2a8f-4186-aca4-1698701b47b3,c5,DROP,1007,e12,?,
1769089151.3679562,SENT,fb892452-1e99-43ae-ac26-ba0355bb7cd4,1cf42f86-b8b1-4bfb-b252-9492d8eedfc9,c5,DROP,689,?,x5,
1769089151.3679984,FORWARDED,fb892452-1e99-43ae-ac26-ba0355bb7cd4,1cf42f86-b8b1-4bfb-b252-9492d8eedfc9,c5,DROP,689,?,x5,
1769089151.4826627,SENT,4ffe804a-a5bf-4290-87c4-d8c8072e9c3e,046acfd3-6c09-4146-88b7-e3cfee87e98b,c4,c1,1015,?,x1,
1769089151.4827032,FORWARDED,4ffe804a-a5bf-4290-87c4-d8c8072e9c3e,046acfd3-6c09-4146-88b7-e3cfee87e98b,c4,c1,1015,?,x1,
1769089151.556061,RECEIVED,f734cf44-ffc0-46a0-8ef4-7bbe28105cc7,ae822e44-0a42-4339-a0d9-8750ea3e8201,c2,c3,1444,e11,?,
1769089151.5908828,RECEIVED,9f151118-75c3-4f61-9b76-3461c7c6366b,c6d1f844-be76-42d5-a245-60027665b059,c3,c4,1444,e4,?,
1769089151.638281,RECEIVED,f0b24212-d1a1-40ad-b58e-a131262130d9,0ac64c71-a863-48bc-a040-ba9e5d4de54b,c1,DROP,1007,e5,?,
1769089151.6545718,SENT,f734cf44-ffc0-46a0-8ef4-7bbe28105cc7,ae822e44-0a42-4339-a0d9-8750ea3e8201,c2,c3,1010,?,x8,
1769089151.6546147,FORWARDED,f734cf44-ffc0-46a0-8ef4-7bbe28105cc7,ae822e44-0a42-4339-a0d9-8750ea3e8201,c2,c3,1010,?,x8,
1769089151.6675994,RECEIVED,a694c013-b6e2-42c5-9cb6-6835ea677deb,9e89448c-2546-4d0a-8ff7-8f96223330ed,c1,c3,1448,e3,?,
1769089151.9594188,SENT,9f151118-75c3-4f61-9b76-3461c7c6366b,c6d1f844-be76-42d5-a245-60027665b059,c3,c4,1011,?,x3,
1769089151.959462,FORWARDED,9f151118-75c3-4f61-9b76-3461c7c6366b,c6d1f844-be76-42d5-a245-60027665b059,c3,c4,1011,?,x3,
1769089152.1178107,SENT,a694c013-b6e2-42c5-9cb6-6835ea677deb,9e89448c-2546-4d0a-8ff7-8f96223330ed,c1,c3,1014,?,x10,
1769089152.1178644,FORWARDED,a694c013-b6e2-42c5-9cb6-6835ea677deb,9e89448c-2546-4d0a-8ff7-8f96223330ed,c1,c3,1014,?,x10,
1769089152.1694415,RECEIVED,de408943-5fa5-451b-ae8e-e81c4b3dca68,3f7a8683-ba2e-4f85-b607-d0dc27f3a5a7,c5,DROP,446,x11,?,
1769089152.2705867,SENT,f0b24212-d1a1-40ad-b58e-a131262130d9,0ac64c71-a863-48bc-a040-ba9e5d4de54b,c1,DROP,684,?,x5,
1769089152.2706268,FORWARDED,f0b24212-d1a1-40ad-b58e-a131262130d9,0ac64c71-a863-48bc-a040-ba9e5d4de54b,c1,DROP,684,?,x5,
1769089152.4222672,SENT,fba6e610-1b88-4053-b896-6bce7a5a7dfa,e728d53e-2a8f-4186-aca4-1698701b47b3,c5,DROP,683,?,x6,
1769089152.422309,FORWARDED,fba6e610-1b88-4053-b896-6bce7a5a7dfa,e728d53e-2a8f-4186-aca4-1698701b47b3,c5,DROP,683,?,x6,
1769089153.025494,RECEIVED,0214ee1b-a0df-4d4d-869f-2a895202f17b,a82f7efb-7ffe-436c-99c3-27ed819c5c16,c4,c1,1458,e10,?,
1769089153.037517,RECEIVED,cb294e2b-b18d-48d2-8539-e681b24ebd0c,7d71903d-b425-4d33-b6c5-0c4789596aaa,c4,c1,1456,e11,?,
1769089153.1769376,RECEIVED,873907f1-f5e3-4097-ab96-abe4ebf75b0b,39816e9c-22af-4ee2-890a-516f364b636a,c4,DROP,1009,e5,?,
1769089153.23193,SENT,873907f1-f5e3-4097-ab96-abe4ebf75b0b,39816e9c-22af-4ee2-890a-516f364b636a,c4,DROP,683,?,x4,
1769089153.2319715,FORWARDED,873907f1-f5e3-4097-ab96-abe4ebf75b0b,39816e9c-22af-4ee2-890a-516f364b636a,c4,DROP,683,?,x4,
1769089153.3726237,SENT,cb294e2b-b18d-48d2-8539-e681b24ebd0c,7d71903d-b425-4d33-b6c5-0c4789596aaa,c4,c1,1020,?,x3,
1769089153.3726676,FORWARDED,cb294e2b-b18d-48d2-8539-e681b24ebd0c,7d71903d-b425-4d33-b6c5-0c4789596aaa,c4,c1,1020,?,x3,
1769089153.5804048,RECEIVED,954348fd-f595-4a88-a33b-0d8d6729c1de,5169cba0-37f9-48cf-8b63-176136c56731,c1,DROP,442,x3,?,
1769089153.7768965,RECEIVED,99462e6d-b7aa-41a4-89ed-83b613b52928,1c06e992-1b01-4dbe-bc15-9f95be619bcc,c1,DROP,1006,e5,?,
1769089153.8023653,RECEIVED,ade07a79-3732-4f8c-8853-ad5ae8de7f0e,85e776c8-82eb-45ee-9dc4-61d2b1662f0d,c1,DROP,1008,e1,?,
1769089154.0109098,SENT,ade07a79-3732-4f8c-8853-ad5ae8de7f0e,85e776c8-82eb-45ee-9dc4-61d2b1662f0d,c1,DROP,683,?,x3,
1769089154.0109475,FORWARDED,ade07a79-3732-4f8c-8853-ad5ae8de7f0e,85e776c8-82eb-45ee-9dc4-61d2b1662f0d,c1,DROP,683,?,x3,
1769089154.0488114,RECEIVED,956009bc-58ee-40f3-a3bc-9ffccd803958,c9d0cfe7-5ab0-4461-9096-2d4b14720aac,c2,DROP,1013,e10,?,
1769089154.1125379,SENT,956009bc-58ee-40f3-a3bc-9ffccd803958,c9d0cfe7-5ab0-4461-9096-2d4b14720aac,c2,DROP,687,?,x3,
1769089154.1125755,FORWARDED,956009bc-58ee-40f3-a3bc-9ffccd803958,c9d0cfe7-5ab0-4461-9096-2d4b14720aac,c2,DROP,687,?,x3,
1769089154.3795502,RECEIVED,8facda61-3c02-4fec-8162-31a5afe50b16,f83e42ab-72d8-4bc9-b014-6c9143582489,c4,c1,1455,e12,?,
1769089154.4377775,SENT,0214ee1b-a0df-4d4d-869f-2a895202f17b,a82f7efb-7ffe-436c-99c3-27ed819c5c16,c4,c1,1023,?,x4,
1769089154.4378147,FORWARDED,0214ee1b-a0df-4d4d-869f-2a895202f17b,a82f7efb-7ffe-436c-99c3-27ed819c5c16,c4,c1,1023,?,x4,
1769089154.4587955,RECEIVED,8a157cbc-2259-4c70-877d-722171a2a968,62a46e41-3932-460f-8897-8e9b750209d8,c3,DROP,1012,e7,?,
1769089154.492359,RECEIVED,b7374921-5e9a-4df5-b6a7-0b220ecef0da,baf39b9b-5cab-4f24-bc32-876dab1d67f4,c1,DROP,440,x9,?,
1769089154.530118,RECEIVED,841b095c-3319-435b-b995-c0b330bdaba5,21691382-c3f1-406c-a778-8ca00319ac69,c3,DROP,1017,e11,?,
1769089154.5407207,SENT,841b095c-3319-435b-b995-c0b330bdaba5,21691382-c3f1-406c-a778-8ca00319ac69,c3,DROP,688,?,x7,
1769089154.5407622,FORWARDED,841b095c-3319-435b-b995-c0b330bdaba5,21691382-c3f1-406c-a778-8ca00319ac69,c3,DROP,688,?,x7,
1769089154.5421164,RECEIVED,62ec139f-02b2-4032-b587-799a994ff353,62e4fb97-9958-4069-a4e0-e309b1341ab4,c5,c4,1448,e10,?,
1769089154.6561885,SENT,8a157cbc-2259-4c70-877d-722171a2a968,62a46e41-3932-460f-8897-8e9b750209d8,c3,DROP,686,?,x5,
1769089154.6562262,FORWARDED,8a157cbc-2259-4c70-877d-722171a2a968,62a46e41-3932-460f-8897-8e9b750209d8,c3,DROP,686,?,x5,
1769089154.7652707,SENT,62ec139f-02b2-4032-b587-799a994ff353,62e4fb97-9958-4069-a4e0-e309b1341ab4,c5,c4,1012,?,x8,
1769089154.7653089,FORWARDED,62ec139f-02b2-4032-b587-799a994ff353,62e4fb97-9958-4069-a4e0-e309b1341ab4,c5,c4,1012,?,x8,
1769089155.0483902,RECEIVED,13dc849a-1d96-49d7-8e10-8752b4c6704a,4670e7a4-b9f2-4f6b-ac70-041f0d00f9db,c4,DROP,1004,e6,?,
1769089155.1344006,RECEIVED,32568aee-0c4d-4ea6-ad5b-1161278a80fc,2865a055-9f80-4a4e-8473-2573f07d149c,c2,c3,1443,e4,?,
1769089155.1651433,SENT,13dc849a-1d96-49d7-8e10-8752b4c6704a,4670e7a4-b9f2-4f6b-ac70-041f0d00f9db,c4,DROP,680,?,x2,
1769089155.1651874,FORWARDED,13dc849a-1d96-49d7-8e10-8752b4c6704a,4670e7a4-b9f2-4f6b-ac70-041f0d00f9db,c4,DROP,680,?,x2,
1769089155.1977613,RECEIVED,4a32d620-4137-4c05-a145-cc09150a3850,59b6232d-ef3d-4d11-974d-c9363a704fa2,c1,DROP,1007,e4,?,
1769089155.2802835,RECEIVED,7b3d8836-c6bf-4d2d-8acb-6cebeda77483,f9976a56-f1d2-468b-b009-fef0c0c31bbf,c2,c3,1447,e9,?,
1769089155.2824185,RECEIVED,e7cf56a9-243d-4aa7-ab36-4e912381c498,ecaa4bde-b6a5-4328-aa51-2cf676b2d780,c2,DROP,445,x11,?,
1769089155.3775196,SENT,8facda61-3c02-4fec-8162-31a5afe50b16,f83e42ab-72d8-4bc9-b014-6c9143582489,c4,c1,1019,?,x9,
1769089155.3775573,FORWARDED,8facda61-3c02-4fec-8162-31a5afe50b16,f83e42ab-72d8-4bc9-b014-6c9143582489,c4,c1,1019,?,x9,
1769089155.4411721,SENT,32568aee-0c4d-4ea6-ad5b-1161278a80fc,2865a055-9f80-4a4e-8473-2573f07d149c,c2,c3,1011,?,x6,
1769089155.4412174,FORWARDED,32568aee-0c4d-4ea6-ad5b-1161278a80fc,2865a055-9f80-4a4e-8473-2573f07d149c,c2,c3,1011,?,x6,
1769089155.7259827,RECEIVED,742e3f89-526f-47c4-a925-927a61898396,9f85abce-14ad-470e-84ae-234ca513b5ca,c2,c3,1452,e10,?,
1769089155.7532723,SENT,4a32d620-4137-4c05-a145-cc09150a3850,59b6232d-ef3d-4d11-974d-c9363a704fa2,c1,DROP,684,?,x1,
1769089155.7533135,FORWARDED,4a32d620-4137-4c05-a145-cc09150a3850,59b6232d-ef3d-4d11-974d-c9363a704fa2,c1,DROP,684,?,x1,
1769089155.7997584,RECEIVED,f8ee554a-bea5-44ef-bc90-83c3e4c29858,723d0360-911e-478d-9526-011d8611b1a3,c4,DROP,1017,e5,?,
1769089155.839873,SENT,f8ee554a-bea5-44ef-bc90-83c3e4c29858,723d0360-911e-478d-9526-011d8611b1a3,c4,DROP,688,?,x8,
1769089155.8399096,FORWARDED,f8ee554a-bea5-44ef-bc90-83c3e4c29858,723d0360-911e-478d-9526-011d8611b1a3,c4,DROP,688,?,x8,
1769089155.8410227,SENT,99462e6d-b7aa-41a4-89ed-83b613b52928,1c06e992-1b01-4dbe-bc15-9f95be619bcc,c1,DROP,683,?,x5,
1769089155.8410704,FORWARDED,99462e6d-b7aa-41a4-89ed-83b613b52928,1c06e992-1b01-4dbe-bc15-9f95be619bcc,c1,DROP,683,?,x5,
1769089155.8586495,RECEIVED,470469a6-9aa4-4990-ac73-a647ea4e392c,b4ac9b41-69ec-4744-974c-207f15942c4f,c2,DROP,1014,e1,?,
1769089156.023857,SENT,7b3d8836-c6bf-4d2d-8acb-6cebeda77483,f9976a56-f1d2-468b-b009-fef0c0c31bbf,c2,c3,1012,?,x5,
1769089156.0240324,FORWARDED,7b3d8836-c6bf-4d2d-8acb-6cebeda77483,f9976a56-f1d2-468b-b009-fef0c0c31bbf,c2,c3,1012,?,x5,
1769089156.135372,RECEIVED,aa1ffc13-ceb1-4100-9ccb-02ce09beea05,2dc975ac-aaf7-4842-90ea-da86308ce731,c4,DROP,442,x12,?,
1769089156.354621,SENT,742e3f89-526f-47c4-a925-927a61898396,9f85abce-14ad-470e-84ae-234ca513b5ca,c2,c3,1016,?,x11,
1769089156.3547418,FORWARDED,742e3f89-526f-47c4-a925-927a61898396,9f85abce-14ad-470e-84ae-234ca513b5ca,c2,c3,1016,?,x11,
1769089156.3774495,RECEIVED,1927832b-48e7-4ed2-acf2-23429b36ee6e,ca7bfe4b-036b-49a0-a7b1-56e503cf9a54,c4,DROP,1011,e12,?,
1769089156.3861468,RECEIVED,41aeb06f-861a-4e20-9c20-3409c6d972f0,fd6d4ddd-0638-40c4-95c2-9c4eea5b87eb,c1,c3,1451,e11,?,
1769089156.5312693,RECEIVED,a7b3d3a1-a52b-4e77-bb54-7700b087cb66,2845b1bd-d76e-4f5c-ae3d-b79e39983f66,c3,c4,1464,e1,?,
1769089156.5788498,SENT,470469a6-9aa4-4990-ac73-a647ea4e392c,b4ac9b41-69ec-4744-974c-207f15942c4f,c2,DROP,688,?,x4,
1769089156.578889,FORWARDED,470469a6-9aa4-4990-ac73-a647ea4e392c,b4ac9b41-69ec-4744-974c-207f15942c4f,c2,DROP,688,?,x4,
1769089156.6006484,RECEIVED,bd7c0e54-50a1-49bc-aa34-3812d6bd0720,c7b5cc5c-5614-4bf4-adfe-2e1f270f8141,c3,c4,1455,e11,?,
1769089156.6516623,RECEIVED,7b2b7706-16bd-4386-beeb-e2f83aeaa865,64625171-1cab-44b4-b009-b944f8eb594c,c4,c1,1449,e4,?,
1769089156.66048,RECEIVED,ebdd62d4-e363-48a9-94ee-4c776f512b93,b1b2e064-8128-4281-8c22-bfce095781dc,c3,DROP,442,x1,?,
1769089156.661028,SENT,1927832b-48e7-4ed2-acf2-23429b36ee6e,ca7bfe4b-036b-49a0-a7b1-56e503cf9a54,c4,DROP,687,?,x1,
1769089156.6610787,FORWARDED,1927832b-48e7-4ed2-acf2-23429b36ee6e,ca7bfe4b-036b-49a0-a7b1-56e503cf9a54,c4,DROP,687,?,x1,
1769089156.661952,RECEIVED,19aab661-0931-4c31-8ab7-aaf79f80816c,4a815cce-2784-4c54-a4e3-b8f217257061,c5,DROP,1008,e8,?,
1769089156.8214889,SENT,7b2b7706-16bd-4386-beeb-e2f83aeaa865,64625171-1cab-44b4-b009-b944f8eb594c,c4,c1,1012,?,x10,
1769089156.8215292,FORWARDED,7b2b7706-16bd-4386-beeb-e2f83aeaa865,64625171-1cab-44b4-b009-b944f8eb594c,c4,c1,1012,?,x10,
1769089156.92629,SENT,a7b3d3a1-a52b-4e77-bb54-7700b087cb66,2845b1bd-d76e-4f5c-ae3d-b79e39983f66,c3,c4,1024,?,x10,
1769089156.9263296,FORWARDED,a7b3d3a1-a52b-4e77-bb54-7700b087cb66,2845b1bd-d76e-4f5c-ae3d-b79e39983f66,c3,c4,1024,?,x10,
1769089156.9738777,SENT,41aeb06f-861a-4e20-9c20-3409c6d972f0,fd6d4ddd-0638-40c4-95c2-9c4eea5b87eb,c1,c3,1016,?,x9,
1769089156.973919,FORWARDED,41aeb06f-861a-4e20-9c20-3409c6d972f0,fd6d4ddd-0638-40c4-95c2-9c4eea5b87eb,c1,c3,1016,?,x9,
1769089157.1297612,RECEIVED,ff0af8a6-5c56-4163-9f1d-f5e58af17ebb,7295df6c-ba83-4175-9e2f-5866b29a1d8c,c1,DROP,1020,e10,?,
1769089157.4465837,RECEIVED,f480847c-02ea-4434-bee2-6a4df0be7535,7431e5cb-dc2f-491e-91c3-7853dfbe2c4c,c1,DROP,1015,e4,?,
1769089157.5307457,SENT,bd7c0e54-50a1-49bc-aa34-3812d6bd0720,c7b5cc5c-5614-4bf4-adfe-2e1f270f8141,c3,c4,1019,?,x9,
1769089157.5307882,FORWARDED,bd7c0e54-50a1-49bc-aa34-3812d6bd0720,c7b5cc5c-5614-4bf4-adfe-2e1f270f8141,c3,c4,1019,?,x9,
1769089157.8704877,RECEIVED,32fc8d68-321c-4e86-8494-455c45a0743f,3bd8ce31-af83-47a7-86a0-132cbec35403,c4,DROP,1004,e9,?,
1769089157.8742309,SENT,ff0af8a6-5c56-4163-9f1d-f5e58af17ebb,7295df6c-ba83-4175-9e2f-5866b29a1d8c,c1,DROP,692,?,x12,
1769089157.8742712,FORWARDED,ff0af8a6-5c56-4163-9f1d-f5e58af17ebb,7295df6c-ba83-4175-9e2f-5866b29a1d8c,c1,DROP,692,?,x12,
1769089158.078922,SENT,f480847c-02ea-4434-bee2-6a4df0be7535,7431e5cb-dc2f-491e-91c3-7853dfbe2c4c,c1,DROP,688,?,x9,
1769089158.0789611,FORWARDED,f480847c-02ea-4434-bee2-6a4df0be7535,7431e5cb-dc2f-491e-91c3-7853dfbe2c4c,c1,DROP,688,?,x9,
1769089158.090471,RECEIVED,d033f029-bae4-4d5c-aac4-12d9c6f52799,e8c1e151-b7c1-4b13-8b7a-1a1819159f14,c4,DROP,1007,e8,?,
1769089158.1145616,SENT,32fc8d68-321c-4e86-8494-455c45a0743f,3bd8ce31-af83-47a7-86a0-132cbec35403,c4,DROP,680,?,x4,
1769089158.114601,FORWARDED,32fc8d68-321c-4e86-8494-455c45a0743f,3bd8ce31-af83-47a7-86a0-132cbec35403,c4,DROP,680,?,x4,
1769089158.1922002,RECEIVED,2da85359-cc99-4bcd-9655-7ec8a3ea07a0,0a36b7d6-430f-41f7-9dbf-76bda288836d,c2,DROP,441,x6,?,
1769089158.3006797,RECEIVED,0252e930-6d1a-403a-bfa1-863433e4ab87,8cf77459-d579-4850-9055-7363727c57d8,c2,DROP,1008,e6,?,
1769089158.3185897,RECEIVED,0e916dbe-dc0e-4053-bda2-97e781efb5a0,4a56736d-25bd-4eb2-9f5f-6de7ba7db929,c5,DROP,442,x2,?,
1769089158.4488468,SENT,19aab661-0931-4c31-8ab7-aaf79f80816c,4a815cce-2784-4c54-a4e3-b8f217257061,c5,DROP,682,?,x11,
1769089158.448886,FORWARDED,19aab661-0931-4c31-8ab7-aaf79f80816c,4a815cce-2784-4c54-a4e3-b8f217257061,c5,DROP,682,?,x11,
1769089158.6052792,SENT,0252e930-6d1a-403a-bfa1-863433e4ab87,8cf77459-d579-4850-9055-7363727c57d8,c2,DROP,684,?,x10,
1769089158.6053221,FORWARDED,0252e930-6d1a-403a-bfa1-863433e4ab87,8cf77459-d579-4850-9055-7363727c57d8,c2,DROP,684,?,x10,
1769089158.7388391,SENT,d033f029-bae4-4d5c-aac4-12d9c6f52799,e8c1e151-b7c1-4b13-8b7a-1a1819159f14,c4,DROP,683,?,x7,
1769089158.739041,FORWARDED,d033f029-bae4-4d5c-aac4-12d9c6f52799,e8c1e151-b7c1-4b13-8b7a-1a1819159f14,c4,DROP,683,?,x7,
1769089158.8848999,RECEIVED,23aa1cf6-88f7-4332-b583-f31aa1f51bce,f7e46819-a639-470a-8c04-b125fd461796,c1,DROP,1011,e10,?,
1769089158.926067,RECEIVED,faeedee4-0dc4-4a6e-b670-b4b6600e144b,6d195fd7-7abd-41dc-ba4a-c4fab99e9471,c2,DROP,1007,e9,?,
1769089158.939574,RECEIVED,8d0e9a15-6c58-4111-9e26-238658f674ef,99a1bb3d-acaa-4d23-b0d4-a9c5fd019c30,c4,DROP,1012,e1,?,
1769089159.0685344,RECEIVED,ff035dd6-bc6a-4b95-a26b-7b6b475b6a21,e362b25a-ec93-4e11-b8d8-3ab66a5a9934,c1,DROP,1006,e9,?,
1769089159.3428767,SENT,faeedee4-0dc4-4a6e-b670-b4b6600e144b,6d195fd7-7abd-41dc-ba4a-c4fab99e9471,c2,DROP,683,?,x2,
1769089159.3429203,FORWARDED,faeedee4-0dc4-4a6e-b670-b4b6600e144b,6d195fd7-7abd-41dc-ba4a-c4fab99e9471,c2,DROP,683,?,x2,
1769089159.3511052,RECEIVED,8a15bef1-a099-453e-b919-fe5112d97fa5,81d7a7b0-acea-4289-997d-a27b4bb7cdd5,c1,c3,1452,e1,?,
1769089159.3999631,SENT,23aa1cf6-88f7-4332-b583-f31aa1f51bce,f7e46819-a639-470a-8c04-b125fd461796,c1,DROP,687,?,x5,
1769089159.4000056,FORWARDED,23aa1cf6-88f7-4332-b583-f31aa1f51bce,f7e46819-a639-470a-8c04-b125fd461796,c1,DROP,687,?,x5,
1769089159.4707267,RECEIVED,5cb87e6e-0fa9-410c-949c-7af8fc4a6411,dfe31cf5-8e4d-46dc-9c11-f08e0f3bcc89,c2,DROP,1012,e9,?,
1769089159.53519,SENT,8a15bef1-a099-453e-b919-fe5112d97fa5,81d7a7b0-acea-4289-997d-a27b4bb7cdd5,c1,c3,1015,?,x4,
1769089159.5352306,FORWARDED,8a15bef1-a099-453e-b919-fe5112d97fa5,81d7a7b0-acea-4289-997d-a27b4bb7cdd5,c1,c3,1015,?,x4,
1769089159.5391495,SENT,5cb87e6e-0fa9-410c-949c-7af8fc4a6411,dfe31cf5-8e4d-46dc-9c11-f08e0f3bcc89,c2,DROP,687,?,x1,
1769089159.5391886,FORWARDED,5cb87e6e-0fa9-410c-949c-7af8fc4a6411,dfe31cf5-8e4d-46dc-9c11-f08e0f3bcc89,c2,DROP,687,?,x1,
1769089159.8455791,RECEIVED,878736c9-c0c1-4977-bdeb-9dcd3ba3c825,3e866674-a8ec-434a-a0dd-84c5138ed2b9,c3,DROP,1007,e10,?,
1769089159.8488023,RECEIVED,87905fc7-8383-4a50-94cb-65fc52bf5914,d4e1038e-1088-4fd1-a8d6-2a4ba52d19ed,c4,DROP,1004,e8,?,
1769089159.8565664,SENT,ff035dd6-bc6a-4b95-a26b-7b6b475b6a21,e362b25a-ec93-4e11-b8d8-3ab66a5a9934,c1,DROP,682,?,x6,
1769089159.8566077,FORWARDED,ff035dd6-bc6a-4b95-a26b-7b6b475b6a21,e362b25a-ec93-4e11-b8d8-3ab66a5a9934,c1,DROP,682,?,x6,
1769089159.9823313,SENT,87905fc7-8383-4a50-94cb-65fc52bf5914,d4e1038e-1088-4fd1-a8d6-2a4ba52d19ed,c4,DROP,679,?,x9,
1769089159.982374,FORWARDED,87905fc7-8383-4a50-94cb-65fc52bf5914,d4e1038e-1088-4fd1-a8d6-2a4ba52d19ed,c4,DROP,679,?,x9,
1769089160.0618615,SENT,8d0e9a15-6c58-4111-9e26-238658f674ef,99a1bb3d-acaa-4d23-b0d4-a9c5fd019c30,c4,DROP,687,?,x10,
1769089160.0619016,FORWARDED,8d0e9a15-6c58-4111-9e26-238658f674ef,99a1bb3d-acaa-4d23-b0d4-a9c5fd019c30,c4,DROP,687,?,x10,
1769089160.1251218,RECEIVED,e501f1cd-f64e-48a8-8fb5-629796294d71,a51a5422-8ed0-49ab-91e9-1a5e1516bd48,c5,DROP,441,x4,?,
1769089160.5817094,SENT,878736c9-c0c1-4977-bdeb-9dcd3ba3c825,3e866674-a8ec-434a-a0dd-84c5138ed2b9,c3,DROP,684,?,x8,
1769089160.5817478,FORWARDED,878736c9-c0c1-4977-bdeb-9dcd3ba3c825,3e866674-a8ec-434a-a0dd-84c5138ed2b9,c3,DROP,684,?,x8,
1769089160.5978606,RECEIVED,f365b309-83dc-41f0-b01a-55f8972101a9,b5f9941c-5040-40ae-bdbe-91f836d89241,c2,c3,1456,e4,?,
1769089160.6217213,RECEIVED,6a49d54a-ddf1-45de-b86c-62326b9f41be,65e5d5bc-6b8f-4263-ac34-ac92718065bb,c1,DROP,1022,e4,?,
1769089160.6313982,RECEIVED,731a7f21-2002-4daa-9e3a-09815ba8ed29,e4f8654c-e823-43f2-9545-72b5d5f7ceea,c3,c4,1464,e11,?,
1769089160.6591697,RECEIVED,f10bad91-d2ad-4d5f-abb1-4da738f3ea3d,77a5d304-94af-4818-82ed-d865a36c0cc8,c5,DROP,1015,e4,?,
1769089160.6832335,SENT,6a49d54a-ddf1-45de-b86c-62326b9f41be,65e5d5bc-6b8f-4263-ac34-ac92718065bb,c1,DROP,692,?,x11,
1769089160.6832752,FORWARDED,6a49d54a-ddf1-45de-b86c-62326b9f41be,65e5d5bc-6b8f-4263-ac34-ac92718065bb,c1,DROP,692,?,x11,
1769089160.9944065,SENT,f10bad91-d2ad-4d5f-abb1-4da738f3ea3d,77a5d304-94af-4818-82ed-d865a36c0cc8,c5,DROP,688,?,x2,
1769089160.9944465,FORWARDED,f10bad91-d2ad-4d5f-abb1-4da738f3ea3d,77a5d304-94af-4818-82ed-d865a36c0cc8,c5,DROP,688,?,x2,
1769089161.0333552,SENT,731a7f21-2002-4daa-9e3a-09815ba8ed29,e4f8654c-e823-43f2-9545-72b5d5f7ceea,c3,c4,1024,?,x7,
1769089161.033394,FORWARDED,731a7f21-2002-4daa-9e3a-09815ba8ed29,e4f8654c-e823-43f2-9545-72b5d5f7ceea,c3,c4,1024,?,x7,
1769089161.1188586,RECEIVED,3be5abbd-aa1a-4646-b754-39ddc98eafc4,c5a8cca2-a42e-4876-b218-8cbbfc303aaf,c5,DROP,1011,e5,?,
1769089161.2085462,RECEIVED,155c8b14-6693-466a-be36-ff6c879f1703,79dd46ea-c6c7-4755-a29e-8578d8d153b6,c2,DROP,446,x10,?,
1769089161.2714622,RECEIVED,4bb3f5e6-91fc-4a21-b4bc-e47ac94816dd,c35a5303-5fc6-4042-844c-21c2a5202870,c2,c3,1451,e3,?,
1769089161.5536437,SENT,f365b309-83dc-41f0-b01a-55f8972101a9,b5f9941c-5040-40ae-bdbe-91f836d89241,c2,c3,1020,?,x10,
1769089161.5536845,FORWARDED,f365b309-83dc-41f0-b01a-55f8972101a9,b5f9941c-5040-40ae-bdbe-91f836d89241,c2,c3,1020,?,x10,
1769089161.6814375,SENT,4bb3f5e6-91fc-4a21-b4bc-e47ac94816dd,c35a5303-5fc6-4042-844c-21c2a5202870,c2,c3,1015,?,x2,
1769089161.681475,FORWARDED,4bb3f5e6-91fc-4a21-b4bc-e47ac94816dd,c35a5303-5fc6-4042-844c-21c2a5202870,c2,c3,1015,?,x2,
1769089161.7010171,RECEIVED,d9ef0c25-d0d2-4b46-99ba-2b5279270042,5e4c0400-8b2b-4716-9ddf-61e20ff6c4d0,c5,c4,1446,e3,?,
1769089161.7960083,SENT,3be5abbd-aa1a-4646-b754-39ddc98eafc4,c5a8cca2-a42e-4876-b218-8cbbfc303aaf,c5,DROP,687,?,x6,
1769089161.7960544,FORWARDED,3be5abbd-aa1a-4646-b754-39ddc98eafc4,c5a8cca2-a42e-4876-b218-8cbbfc303aaf,c5,DROP,687,?,x6,
1769089161.8002834,RECEIVED,7a6e1682-508b-4b00-8938-48bb247521e0,53cddd98-18c2-44f1-bdde-df10a9b34f27,c5,DROP,1015,e2,?,
1769089161.871307,RECEIVED,49b7d281-6ee2-41af-b21e-cc570c874325,a64b66f3-d9ec-429c-98e9-f28f5e0189c7,c5,c4,1455,e2,?,
1769089161.9428842,RECEIVED,0df3a339-80a5-47a8-8eef-cb1c34c8813d,81ec0548-7217-404d-adb1-0ad85eef4a01,c1,DROP,1008,e3,?,
1769089162.0308278,SENT,0df3a339-80a5-47a8-8eef-cb1c34c8813d,81ec0548-7217-404d-adb1-0ad85eef4a01,c1,DROP,683,?,x6,
1769089162.0308678,FORWARDED,0df3a339-80a5-47a8-8eef-cb1c34c8813d,81ec0548-7217-404d-adb1-0ad85eef4a01,c1,DROP,683,?,x6,
1769089162.1581976,SENT,7a6e1682-508b-4b00-8938-48bb247521e0,53cddd98-18c2-44f1-bdde-df10a9b34f27,c5,DROP,688,?,x1,
1769089162.1582382,FORWARDED,7a6e1682-508b-4b00-8938-48bb247521e0,53cddd98-18c2-44f1-bdde-df10a9b34f27,c5,DROP,688,?,x1,
1769089162.3362846,RECEIVED,ef60f57b-a52f-4d85-a976-f1b802a43447,a0f2c649-e9b5-4d2d-8640-315fba954a2e,c2,c3,1456,e4,?,
1769089162.5222423,SENT,49b7d281-6ee2-41af-b21e-cc570c874325,a64b66f3-d9ec-429c-98e9-f28f5e0189c7,c5,c4,1020,?,x8,
1769089162.5222826,FORWARDED,49b7d281-6ee2-41af-b21e-cc570c874325,a64b66f3-d9ec-429c-98e9-f28f5e0189c7,c5,c4,1020,?,x8,
1769089162.6141279,RECEIVED,6b793b7f-b342-465a-8201-0166648f09c3,6f95ed52-3081-42c1-b5a6-213e125a2717,c3,c4,1455,e10,?,
1769089162.9453156,SENT,d9ef0c25-d0d2-4b46-99ba-2b5279270042,5e4c0400-8b2b-4716-9ddf-61e20ff6c4d0,c5,c4,1013,?,x7,
1769089162.9453566,FORWARDED,d9ef0c25-d0d2-4b46-99ba-2b5279270042,5e4c0400-8b2b-4716-9ddf-61e20ff6c4d0,c5,c4,1013,?,x7,
1769089163.0042546,SENT,6b793b7f-b342-465a-8201-0166648f09c3,6f95ed52-3081-42c1-b5a6-213e125a2717,c3,c4,1019,?,x4,
1769089163.0042942,FORWARDED,6b793b7f-b342-465a-8201-0166648f09c3,6f95ed52-3081-42c1-b5a6-213e125a2717,c3,c4,1019,?,x4,
1769089163.0502698,RECEIVED,94571180-4c1a-4569-8725-d03a3e205c18,b18b6d38-22be-4275-a2ab-1f2a48479f4f,c4,c1,1452,e9,?,
1769089163.2342625,SENT,94571180-4c1a-4569-8725-d03a3e205c18,b18b6d38-22be-4275-a2ab-1f2a48479f4f,c4,c1,1016,?,x1,
1769089163.2343042,FORWARDED,94571180-4c1a-4569-8725-d03a3e205c18,b18b6d38-22be-4275-a2ab-1f2a48479f4f,c4,c1,1016,?,x1,
1769089163.3357553,SENT,ef60f57b-a52f-4d85-a976-f1b802a43447,a0f2c649-e9b5-4d2d-8640-315fba954a2e,c2,c3,1020,?,x10,
1769089163.3357952,FORWARDED,ef60f57b-a52f-4d85-a976-f1b802a43447,a0f2c649-e9b5-4d2d-8640-315fba954a2e,c2,c3,1020,?,x10,
1769089164.1922247,RECEIVED,e36fa8e6-83e7-4049-b11b-e69d3a0fecb7,cc11458e-b87d-4dd9-9cdf-770875bbfaf1,c1,DROP,1012,e1,?,
1769089164.2326033,SENT,e36fa8e6-83e7-4049-b11b-e69d3a0fecb7,cc11458e-b87d-4dd9-9cdf-770875bbfaf1,c1,DROP,687,?,x3,
1769089164.2326446,FORWARDED,e36fa8e6-83e7-4049-b11b-e69d3a0fecb7,cc11458e-b87d-4dd9-9cdf-770875bbfaf1,c1,DROP,687,?,x3,
1769089164.3127918,RECEIVED,9c3fd3e6-bd55-4596-8ded-189fe7f0425c,b82adfdc-e8b3-475b-9bd2-5ae3372d947b,c3,c4,1444,e1,?,
1769089164.3139098,RECEIVED,ab9f3b9e-2ddc-4974-9397-bac731d47d3c,0a5f2496-b578-4a38-9d47-f71d05921038,c1,DROP,1006,e10,?,
1769089164.3760118,SENT,9c3fd3e6-bd55-4596-8ded-189fe7f0425c,b82adfdc-e8b3-475b-9bd2-5ae3372d947b,c3,c4,1010,?,x8,
1769089164.3762214,FORWARDED,9c3fd3e6-bd55-4596-8ded-189fe7f0425c,b82adfdc-e8b3-475b-9bd2-5ae3372d947b,c3,c4,1010,?,x8,
1769089164.5717988,RECEIVED,c8fb138c-59d7-4320-a1c0-962b51629449,6b0e9164-8e74-47b6-b396-ebf647f28667,c1,DROP,1008,e3,?,
1769089164.8110006,RECEIVED,3de0916b-a7c1-4eb1-a9fe-eedb2333569d,9e548a69-73bd-4f6d-8d8c-cf73ed598d62,c4,c1,1443,e1,?,
1769089164.8645186,RECEIVED,39bf2159-d5cb-43e2-816e-3e5757a05ceb,fa887984-faad-4e98-82a1-32d9c559c0ad,c5,DROP,1008,e5,?,
1769089164.989956,SENT,c8fb138c-59d7-4320-a1c0-962b51629449,6b0e9164-8e74-47b6-b396-ebf647f28667,c1,DROP,684,?,x11,
1769089164.9899976,FORWARDED,c8fb138c-59d7-4320-a1c0-962b51629449,6b0e9164-8e74-47b6-b396-ebf647f28667,c1,DROP,684,?,x11,
1769089165.0279386,RECEIVED,90d99e0c-7e80-48a9-8a66-e67d8b856454,6d1e862d-3fe2-4c97-905d-e42b32f4c232,c1,c3,1443,e5,?,
1769089165.0440233,SENT,39bf2159-d5cb-43e2-816e-3e5757a05ceb,fa887984-faad-4e98-82a1-32d9c559c0ad,c5,DROP,683,?,x8,
1769089165.0440757,FORWARDED,39bf2159-d5cb-43e2-816e-3e5757a05ceb,fa887984-faad-4e98-82a1-32d9c559c0ad,c5,DROP,683,?,x8,
1769089165.162909,SENT,ab9f3b9e-2ddc-4974-9397-bac731d47d3c,0a5f2496-b578-4a38-9d47-f71d05921038,c1,DROP,684,?,x4,
1769089165.1629477,FORWARDED,ab9f3b9e-2ddc-4974-9397-bac731d47d3c,0a5f2496-b578-4a38-9d47-f71d05921038,c1,DROP,684,?,x4,
1769089165.199541,SENT,90d99e0c-7e80-48a9-8a66-e67d8b856454,6d1e862d-3fe2-4c97-905d-e42b32f4c232,c1,c3,1010,?,x1,
1769089165.199583,FORWARDED,90d99e0c-7e80-48a9-8a66-e67d8b856454,6d1e862d-3fe2-4c97-905d-e42b32f4c232,c1,c3,1010,?,x1,
1769089165.4838498,RECEIVED,67a86ef3-d92d-4961-b85a-7bd98dad5861,61e6932b-d638-45f5-a060-f1dfb56e40c7,c2,c3,1448,e3,?,
1769089165.5102334,SENT,67a86ef3-d92d-4961-b85a-7bd98dad5861,61e6932b-d638-45f5-a060-f1dfb56e40c7,c2,c3,1014,?,x1,
1769089165.5102735,FORWARDED,67a86ef3-d92d-4961-b85a-7bd98dad5861,61e6932b-d638-45f5-a060-f1dfb56e40c7,c2,c3,1014,?,x1,
1769089166.1543083,RECEIVED,0cf4fd26-ef18-43ef-91a6-27709d4531f7,ad8c6a24-07d3-4b1f-916d-a162a0187d7d,c2,c3,1447,e9,?,
1769089166.2485087,SENT,3de0916b-a7c1-4eb1-a9fe-eedb2333569d,9e548a69-73bd-4f6d-8d8c-cf73ed598d62,c4,c1,1011,?,x5,
1769089166.2485485,FORWARDED,3de0916b-a7c1-4eb1-a9fe-eedb2333569d,9e548a69-73bd-4f6d-8d8c-cf73ed598d62,c4,c1,1011,?,x5,
1769089166.450258,RECEIVED,204331f7-0876-4582-8f1f-edd3199e3274,4f821c0d-d6b8-4def-beda-36e9fcfd15e5,c3,DROP,1007,e2,?,
1769089166.7040973,SENT,204331f7-0876-4582-8f1f-edd3199e3274,4f821c0d-d6b8-4def-beda-36e9fcfd15e5,c3,DROP,684,?,x6,
1769089166.70414,FORWARDED,204331f7-0876-4582-8f1f-edd3199e3274,4f821c0d-d6b8-4def-beda-36e9fcfd15e5,c3,DROP,684,?,x6,
1769089166.7177885,RECEIVED,bbc3d0e6-666e-4471-bbe1-5287c7f3a5a6,27b4a060-72d8-4e27-a2fc-cf8564eae3b6,c4,DROP,440,x9,?,
1769089167.1162148,RECEIVED,e2043d66-9322-47d0-8ce5-8cadaf9099d1,8069ff3d-a25f-408d-b35e-ae17ce79b231,c5,DROP,1007,e1,?,
1769089167.153556,SENT,0cf4fd26-ef18-43ef-91a6-27709d4531f7,ad8c6a24-07d3-4b1f-916d-a162a0187d7d,c2,c3,1012,?,x9,
1769089167.15361,FORWARDED,0cf4fd26-ef18-43ef-91a6-27709d4531f7,ad8c6a24-07d3-4b1f-916d-a162a0187d7d,c2,c3,1012,?,x9,
1769089167.177287,RECEIVED,972d6cad-865a-49c7-b8c1-78fc4dcca6b7,cf95d697-1673-4d26-9267-52ebfbf2994f,c5,c4,1452,e9,?,
1769089167.2727828,SENT,972d6cad-865a-49c7-b8c1-78fc4dcca6b7,cf95d697-1673-4d26-9267-52ebfbf2994f,c5,c4,1015,?,x8,
1769089167.2728243,FORWARDED,972d6cad-865a-49c7-b8c1-78fc4dcca6b7,cf95d697-1673-4d26-9267-52ebfbf2994f,c5,c4,1015,?,x8,
1769089167.3004131,RECEIVED,295a1919-8cf1-49ce-a45e-fd06ac748fc9,8ce7eed6-3671-40ef-b9d3-5d9cb980e3d9,c1,DROP,1008,e3,?,
1769089167.3008049,RECEIVED,a5007f3b-e1bc-46ba-ab75-b4377f335f8b,5c618434-a50b-4d7b-839f-a6028430d4ab,c5,c4,1444,e7,?,
1769089167.396531,SENT,295a1919-8cf1-49ce-a45e-fd06ac748fc9,8ce7eed6-3671-40ef-b9d3-5d9cb980e3d9,c1,DROP,682,?,x9,
1769089167.3965793,FORWARDED,295a1919-8cf1-49ce-a45e-fd06ac748fc9,8ce7eed6-3671-40ef-b9d3-5d9cb980e3d9,c1,DROP,682,?,x9,
1769089167.405694,SENT,a5007f3b-e1bc-46ba-ab75-b4377f335f8b,5c618434-a50b-4d7b-839f-a6028430d4ab,c5,c4,1011,?,x2,
1769089167.405734,FORWARDED,a5007f3b-e1bc-46ba-ab75-b4377f335f8b,5c618434-a50b-4d7b-839f-a6028430d4ab,c5,c4,1011,?,x2,
1769089167.4365156,SENT,e2043d66-9322-47d0-8ce5-8cadaf9099d1,8069ff3d-a25f-408d-b35e-ae17ce79b231,c5,DROP,684,?,x6,
1769089167.4365876,FORWARDED,e2043d66-9322-47d0-8ce5-8cadaf9099d1,8069ff3d-a25f-408d-b35e-ae17ce79b231,c5,DROP,684,?,x6,
1769089167.5403833,RECEIVED,596e7cab-18a2-4db6-b2ca-13d6961d04d5,d8c08e4a-1a6c-47a5-a750-42ca488bb8f3,c2,c3,1446,e3,?,
1769089167.6072075,RECEIVED,6aa01ea6-ebc5-473e-9b1c-2e7eb04f4d19,bf67b55f-2ba5-4cb6-8e98-6a511f0b2d73,c1,c3,1456,e4,?,
1769089167.701213,RECEIVED,adbd5415-91d0-4ce5-8de1-979d477ac2ec,bc59c62c-273d-4515-a21c-00e9e06fac1b,c2,c3,1460,e8,?,
1769089167.7088418,RECEIVED,7b60af36-09b9-4fb0-9fe9-121687725435,373ac489-6613-40be-8c6b-dcb64699a727,c2,c3,1452,e1,?,
1769089167.755091,RECEIVED,bc861f06-3559-4078-9ad7-25ddc715395f,3a95c44e-0036-4a37-8c41-58821d1ee2d1,c4,c1,1443,e9,?,
1769089167.8972125,SENT,7b60af36-09b9-4fb0-9fe9-121687725435,373ac489-6613-40be-8c6b-dcb64699a727,c2,c3,1016,?,x5,
1769089167.8972535,FORWARDED,7b60af36-09b9-4fb0-9fe9-121687725435,373ac489-6613-40be-8c6b-dcb64699a727,c2,c3,1016,?,x5,
1769089168.4074228,SENT,6aa01ea6-ebc5-473e-9b1c-2e7eb04f4d19,bf67b55f-2ba5-4cb6-8e98-6a511f0b2d73,c1,c3,1020,?,x11,
1769089168.4074614,FORWARDED,6aa01ea6-ebc5-473e-9b1c-2e7eb04f4d19,bf67b55f-2ba5-4cb6-8e98-6a511f0b2d73,c1,c3,1020,?,x11,
1769089168.4441543,SENT,adbd5415-91d0-4ce5-8de1-979d477ac2ec,bc59c62c-273d-4515-a21c-00e9e06fac1b,c2,c3,1023,?,x10,
1769089168.444194,FORWARDED,adbd5415-91d0-4ce5-8de1-979d477ac2ec,bc59c62c-273d-4515-a21c-00e9e06fac1b,c2,c3,1023,?,x10,
1769089168.6307478,RECEIVED,cb110dca-9d3a-4741-8476-a29cb42b945c,e0e890e9-f8cf-4b76-a375-336036cb7f0d,c1,c3,1448,e10,?,
1769089168.6366122,RECEIVED,5c83a825-0d6f-4133-a38f-59465d5a6bb4,7278bb5f-b99c-4797-afde-49e199b3b2d1,c3,c4,1455,e12,?,
1769089168.7006931,RECEIVED,e0dfb385-7f5f-48f3-8092-ee9015db4bd8,8194ebb0-df20-413d-9852-5e0cc1d63c5d,c1,DROP,1005,e11,?,
1769089168.7632992,SENT,bc861f06-3559-4078-9ad7-25ddc715395f,3a95c44e-0036-4a37-8c41-58821d1ee2d1,c4,c1,1011,?,x5,
1769089168.7633383,FORWARDED,bc861f06-3559-4078-9ad7-25ddc715395f,3a95c44e-0036-4a37-8c41-58821d1ee2d1,c4,c1,1011,?,x5,
1769089168.872283,RECEIVED,991282c2-01dc-44b0-995e-2bf5071ca72b,8e84efff-94b4-4b1b-816d-2b5322aabdb7,c3,DROP,1016,e9,?,
1769089168.9584863,SENT,cb110dca-9d3a-4741-8476-a29cb42b945c,e0e890e9-f8cf-4b76-a375-336036cb7f0d,c1,c3,1012,?,x10,
1769089168.9585276,FORWARDED,cb110dca-9d3a-4741-8476-a29cb42b945c,e0e890e9-f8cf-4b76-a375-336036cb7f0d,c1,c3,1012,?,x10,
1769089168.9972312,SENT,5c83a825-0d6f-4133-a38f-59465d5a6bb4,7278bb5f-b99c-4797-afde-49e199b3b2d1,c3,c4,1020,?,x2,
1769089168.9972725,FORWARDED,5c83a825-0d6f-4133-a38f-59465d5a6bb4,7278bb5f-b99c-4797-afde-49e199b3b2d1,c3,c4,1020,?,x2,
1769089169.0768564,SENT,991282c2-01dc-44b0-995e-2bf5071ca72b,8e84efff-94b4-4b1b-816d-2b5322aabdb7,c3,DROP,688,?,x3,
1769089169.0769014,FORWARDED,991282c2-01dc-44b0-995e-2bf5071ca72b,8e84efff-94b4-4b1b-816d-2b5322aabdb7,c3,DROP,688,?,x3,
1769089169.076989,RECEIVED,de7dbabf-225c-4751-9d80-27d4ca74e23a,c94d73f3-7879-4414-b4c6-655340294591,c4,DROP,1015,e11,?,
1769089169.120351,RECEIVED,d60b8b15-e7f5-48f0-9c1e-3ad1304880a9,d29cc746-f3f2-4cc1-a8ce-941744e9bb81,c3,c4,1443,e6,?,
1769089169.328595,SENT,e0dfb385-7f5f-48f3-8092-ee9015db4bd8,8194ebb0-df20-413d-9852-5e0cc1d63c5d,c1,DROP,684,?,x7,
1769089169.3286357,FORWARDED,e0dfb385-7f5f-48f3-8092-ee9015db4bd8,8194ebb0-df20-413d-9852-5e0cc1d63c5d,c1,DROP,684,?,x7,
1769089169.3834937,RECEIVED,72573f10-fc2a-406b-8e8a-7c3654f5c782,998765b2-c61b-4893-8b65-a242aa962909,c5,c4,1453,e1,?,
1769089169.5615518,SENT,72573f10-fc2a-406b-8e8a-7c3654f5c782,998765b2-c61b-4893-8b65-a242aa962909,c5,c4,1015,?,x11,
1769089169.561594,FORWARDED,72573f10-fc2a-406b-8e8a-7c3654f5c782,998765b2-c61b-4893-8b65-a242aa962909,c5,c4,1015,?,x11,
1769089169.6231458,SENT,d60b8b15-e7f5-48f0-9c1e-3ad1304880a9,d29cc746-f3f2-4cc1-a8ce-941744e9bb81,c3,c4,1011,?,x8,
1769089169.6231866,FORWARDED,d60b8b15-e7f5-48f0-9c1e-3ad1304880a9,d29cc746-f3f2-4cc1-a8ce-941744e9bb81,c3,c4,1011,?,x8,
1769089169.6608648,SENT,596e7cab-18a2-4db6-b2ca-13d6961d04d5,d8c08e4a-1a6c-47a5-a750-42ca488bb8f3,c2,c3,1012,?,x4,
1769089169.660908,FORWARDED,596e7cab-18a2-4db6-b2ca-13d6961d04d5,d8c08e4a-1a6c-47a5-a750-42ca488bb8f3,c2,c3,1012,?,x4,
1769089169.8645732,RECEIVED,c74fe125-9482-4149-ba90-b28a58755ddd,313536e1-630d-4836-bf5e-a9930137411f,c1,c3,1453,e4,?,
1769089169.8665252,RECEIVED,c56a4be6-0ed4-49ca-8182-bae51342c876,ab54f854-4b8b-42e9-af7a-e607ffd832aa,c3,c4,1456,e4,?,
1769089170.0512438,SENT,c74fe125-9482-4149-ba90-b28a58755ddd,313536e1-630d-4836-bf5e-a9930137411f,c1,c3,1015,?,x10,
1769089170.0512867,FORWARDED,c74fe125-9482-4149-ba90-b28a58755ddd,313536e1-630d-4836-bf5e-a9930137411f,c1,c3,1015,?,x10,
1769089170.1042717,SENT,de7dbabf-225c-4751-9d80-27d4ca74e23a,c94d73f3-7879-4414-b4c6-655340294591,c4,DROP,688,?,x3,
1769089170.1043127,FORWARDED,de7dbabf-225c-4751-9d80-27d4ca74e23a,c94d73f3-7879-4414-b4c6-655340294591,c4,DROP,688,?,x3,
1769089170.2445073,RECEIVED,d1e51f8d-286e-4d88-8820-88dad9317ab2,7a605243-8178-432d-85eb-befb49d83cdb,c4,DROP,1021,e3,?,
1769089170.4052832,SENT,d1e51f8d-286e-4d88-8820-88dad9317ab2,7a605243-8178-432d-85eb-befb49d83cdb,c4,DROP,691,?,x10,
1769089170.4053252,FORWARDED,d1e51f8d-286e-4d88-8820-88dad9317ab2,7a605243-8178-432d-85eb-befb49d83cdb,c4,DROP,691,?,x10,
1769089170.4642363,RECEIVED,7f2615e7-be86-494a-b239-5e8eef2e5546,3cb23bc5-9cc0-4e2f-82d5-38f45cee8c9a,c1,DROP,1016,e1,?,
1769089170.47516,RECEIVED,03bf5224-e136-4d89-9896-e01b93b88bc2,eeeabfb8-4f71-47f8-a953-011ea944f538,c4,DROP,1012,e5,?,
1769089170.5705242,SENT,03bf5224-e136-4d89-9896-e01b93b88bc2,eeeabfb8-4f71-47f8-a953-011ea944f538,c4,DROP,687,?,x9,
1769089170.570561,FORWARDED,03bf5224-e136-4d89-9896-e01b93b88bc2,eeeabfb8-4f71-47f8-a953-011ea944f538,c4,DROP,687,?,x9,
1769089170.6417246,SENT,c56a4be6-0ed4-49ca-8182-bae51342c876,ab54f854-4b8b-42e9-af7a-e607ffd832aa,c3,c4,1019,?,x12,
1769089170.6417632,FORWARDED,c56a4be6-0ed4-49ca-8182-bae51342c876,ab54f854-4b8b-42e9-af7a-e607ffd832aa,c3,c4,1019,?,x12,
1769089170.6701217,RECEIVED,24266ed1-cc1f-4525-a6eb-18db4a8d8fdc,f17f35f4-5631-4cfa-affc-b125298922dd,c3,DROP,442,x3,?,
1769089171.155956,RECEIVED,1cbb8609-eaf9-4515-8900-9c7c5d6f8f8e,c793d782-dca6-48ae-9e6f-ab28cba5ff46,c2,DROP,442,x2,?,
1769089171.3681502,SENT,7f2615e7-be86-494a-b239-5e8eef2e5546,3cb23bc5-9cc0-4e2f-82d5-38f45cee8c9a,c1,DROP,688,?,x11,
1769089171.3681908,FORWARDED,7f2615e7-be86-494a-b239-5e8eef2e5546,3cb23bc5-9cc0-4e2f-82d5-38f45cee8c9a,c1,DROP,688,?,x11,
1769089171.4848728,RECEIVED,0bac2114-b101-4e04-a623-b8a4a1d8ac88,a1cf12a9-db34-4998-98e3-8e375070afbb,c5,c4,1451,e2,?,
1769089171.5507512,RECEIVED,fc4d4315-4e05-43a4-80b4-92a32cb4b261,d14edd0b-e445-4d20-ac25-db07cec39854,c3,c4,1448,e6,?,
1769089171.640113,SENT,fc4d4315-4e05-43a4-80b4-92a32cb4b261,d14edd0b-e445-4d20-ac25-db07cec39854,c3,c4,1012,?,x9,
1769089171.6401482,FORWARDED,fc4d4315-4e05-43a4-80b4-92a32cb4b261,d14edd0b-e445-4d20-ac25-db07cec39854,c3,c4,1012,?,x9,
1769089171.75045,RECEIVED,034e17ab-58b5-4daf-be23-a5b7f3f5f6a7,1d29d303-2e1e-4b1d-8c0a-7e0020754c12,c5,DROP,1004,e3,?,
1769089172.0706918,SENT,034e17ab-58b5-4daf-be23-a5b7f3f5f6a7,1d29d303-2e1e-4b1d-8c0a-7e0020754c12,c5,DROP,679,?,x6,
1769089172.0707347,FORWARDED,034e17ab-58b5-4daf-be23-a5b7f3f5f6a7,1d29d303-2e1e-4b1d-8c0a-7e0020754c12,c5,DROP,679,?,x6,
1769089172.1933894,RECEIVED,e8471b4e-39c5-4c36-a9e9-89340fc863dc,5c1e7170-6fa8-4d63-8cd4-57fd41cc9059,c3,DROP,1008,e4,?,
1769089172.3149056,SENT,0bac2114-b101-4e04-a623-b8a4a1d8ac88,a1cf12a9-db34-4998-98e3-8e375070afbb,c5,c4,1015,?,x2,
1769089172.3149474,FORWARDED,0bac2114-b101-4e04-a623-b8a4a1d8ac88,a1cf12a9-db34-4998-98e3-8e375070afbb,c5,c4,1015,?,x2,
1769089172.4487605,RECEIVED,be5019eb-b7c8-4346-bb0f-aad0c4f446c3,b7fbdcca-a56d-48bc-839c-88809b3cdcd4,c3,DROP,1012,e3,?,
1769089172.4510067,RECEIVED,5f6e3f5a-ad88-4233-bc3e-9ab64ad75e92,d429243b-a3b7-4edc-9962-454f59fd0485,c4,DROP,442,x5,?,
1769089172.6309056,RECEIVED,a212892d-a8f8-4791-8698-83fa61f82fb6,1f743931-6ef9-45e0-a184-30df664d10ed,c3,DROP,1007,e6,?,
1769089172.7008154,SENT,be5019eb-b7c8-4346-bb0f-aad0c4f446c3,b7fbdcca-a56d-48bc-839c-88809b3cdcd4,c3,DROP,687,?,x4,
1769089172.7008567,FORWARDED,be5019eb-b7c8-4346-bb0f-aad0c4f446c3,b7fbdcca-a56d-48bc-839c-88809b3cdcd4,c3,DROP,687,?,x4,
1769089173.0035584,RECEIVED,3b3528cc-4123-471c-aa52-850ededd77a7,f6731690-6508-4128-ba2f-19fa79049f85,c1,c3,1447,e8,?,
1769089173.0282114,SENT,e8471b4e-39c5-4c36-a9e9-89340fc863dc,5c1e7170-6fa8-4d63-8cd4-57fd41cc9059,c3,DROP,683,?,x12,
1769089173.0282538,FORWARDED,e8471b4e-39c5-4c36-a9e9-89340fc863dc,5c1e7170-6fa8-4d63-8cd4-57fd41cc9059,c3,DROP,683,?,x12,
1769089173.4125297,RECEIVED,0bcaf7f2-abbe-44f9-b4f7-f80213071d56,ec3c077c-5f37-4129-94d0-30160f8c1f69,c5,c4,1451,e5,?,
1769089173.4390678,RECEIVED,bc364499-40ea-488f-b3d1-7e35b6f3c180,1554da82-90e6-4845-bd95-b30b676af140,c1,DROP,1007,e7,?,
1769089173.6205542,SENT,3b3528cc-4123-471c-aa52-850ededd77a7,f6731690-6508-4128-ba2f-19fa79049f85,c1,c3,1012,?,x8,
1769089173.620594,FORWARDED,3b3528cc-4123-471c-aa52-850ededd77a7,f6731690-6508-4128-ba2f-19fa79049f85,c1,c3,1012,?,x8,
1769089173.6449423,RECEIVED,175a582b-1316-4fb3-a699-236ce516cf27,e171c434-5345-4489-95fb-3c6d05302604,c1,DROP,1008,e6,?,
1769089173.7249486,SENT,175a582b-1316-4fb3-a699-236ce516cf27,e171c434-5345-4489-95fb-3c6d05302604,c1,DROP,683,?,x1,
1769089173.7250175,FORWARDED,175a582b-1316-4fb3-a699-236ce516cf27,e171c434-5345-4489-95fb-3c6d05302604,c1,DROP,683,?,x1,
1769089173.8501053,RECEIVED,e592e5dc-a0be-47ef-9833-94dd216f29b7,26fe6620-f5df-4768-a5c3-e3d48f2ae794,c1,c3,1452,e10,?,
1769089173.9209726,SENT,a212892d-a8f8-4791-8698-83fa61f82fb6,1f743931-6ef9-45e0-a184-30df664d10ed,c3,DROP,683,?,x10,
1769089173.921016,FORWARDED,a212892d-a8f8-4791-8698-83fa61f82fb6,1f743931-6ef9-45e0-a184-30df664d10ed,c3,DROP,683,?,x10,
1769089173.9857068,RECEIVED,b90fe040-af98-46ae-9656-eec571467328,214f89cf-4821-44fd-836a-ad51bed8e6bf,c1,DROP,1008,e10,?,
1769089174.053828,SENT,0bcaf7f2-abbe-44f9-b4f7-f80213071d56,ec3c077c-5f37-4129-94d0-30160f8c1f69,c5,c4,1016,?,x4,
1769089174.053866,FORWARDED,0bcaf7f2-abbe-44f9-b4f7-f80213071d56,ec3c077c-5f37-4129-94d0-30160f8c1f69,c5,c4,1016,?,x4,
1769089174.068461,SENT,b90fe040-af98-46ae-9656-eec571467328,214f89cf-4821-44fd-836a-ad51bed8e6bf,c1,DROP,684,?,x8,
1769089174.0685017,FORWARDED,b90fe040-af98-46ae-9656-eec571467328,214f89cf-4821-44fd-836a-ad51bed8e6bf,c1,DROP,684,?,x8,
1769089174.2111602,RECEIVED,edaa125c-0ec3-4166-8df1-0918cfc70709,14a58089-cf4a-4275-a153-c6d5fe886dc9,c5,DROP,441,x3,?,
1769089174.2257283,RECEIVED,fb87d241-41bf-486e-b927-0606d24d050e,e913b015-e900-4904-89d0-925f9944c3ec,c1,c3,1455,e3,?,
1769089174.289656,RECEIVED,ad737810-f57f-441c-8890-0853524f2c8b,f95e9c5c-e301-4adc-8253-379de89abf3a,c3,DROP,1009,e3,?,
1769089174.3407478,SENT,e592e5dc-a0be-47ef-9833-94dd216f29b7,26fe6620-f5df-4768-a5c3-e3d48f2ae794,c1,c3,1015,?,x9,
1769089174.340789,FORWARDED,e592e5dc-a0be-47ef-9833-94dd216f29b7,26fe6620-f5df-4768-a5c3-e3d48f2ae794,c1,c3,1015,?,x9,
1769089174.3523111,SENT,bc364499-40ea-488f-b3d1-7e35b6f3c180,1554da82-90e6-4845-bd95-b30b676af140,c1,DROP,684,?,x9,
1769089174.3523521,FORWARDED,bc364499-40ea-488f-b3d1-7e35b6f3c180,1554da82-90e6-4845-bd95-b30b676af140,c1,DROP,684,?,x9,
1769089174.400375,RECEIVED,2fa7e3ad-dc2f-4535-866e-a3554f5d54af,d4150da9-1ac5-494f-86a5-b144df09c607,c5,DROP,1010,e12,?,
1769089174.4807162,RECEIVED,1139b469-2094-41f3-afa3-37be807dd3f3,d3f30f61-f662-4385-86d5-ebac30534698,c1,DROP,1009,e7,?,
1769089174.6212149,RECEIVED,408d124f-001a-42de-991a-71195312012b,ff81b212-2c26-4414-a88e-162cbcb1e18b,c1,DROP,441,x5,?,
1769089174.726662,SENT,1139b469-2094-41f3-afa3-37be807dd3f3,d3f30f61-f662-4385-86d5-ebac30534698,c1,DROP,684,?,x12,
1769089174.7267034,FORWARDED,1139b469-2094-41f3-afa3-37be807dd3f3,d3f30f61-f662-4385-86d5-ebac30534698,c1,DROP,684,?,x12,
1769089174.737191,RECEIVED,d5364aa9-6d06-40cb-8312-61008317112a,ca280c88-006b-4de2-9e9e-f45ea90353c7,c4,c1,1456,e2,?,
1769089174.7567875,SENT,ad737810-f57f-441c-8890-0853524f2c8b,f95e9c5c-e301-4adc-8253-379de89abf3a,c3,DROP,684,?,x12,
1769089174.7568266,FORWARDED,ad737810-f57f-441c-8890-0853524f2c8b,f95e9c5c-e301-4adc-8253-379de89abf3a,c3,DROP,684,?,x12,
1769089174.7791846,SENT,d5364aa9-6d06-40cb-8312-61008317112a,ca280c88-006b-4de2-9e9e-f45ea90353c7,c4,c1,1020,?,x7,
1769089174.779225,FORWARDED,d5364aa9-6d06-40cb-8312-61008317112a,ca280c88-006b-4de2-9e9e-f45ea90353c7,c4,c1,1020,?,x7,
1769089174.831029,SENT,fb87d241-41bf-486e-b927-0606d24d050e,e913b015-e900-4904-89d0-925f9944c3ec,c1,c3,1020,?,x3,
1769089174.8310847,FORWARDED,fb87d241-41bf-486e-b927-0606d24d050e,e913b015-e900-4904-89d0-925f9944c3ec,c1,c3,1020,?,x3,
1769089174.8469846,RECEIVED,c883875e-51e5-40d0-98ee-44b127d7b653,5e141012-0bf2-473a-bc20-b523be891c4c,c3,DROP,1008,e4,?,
1769089174.9328854,SENT,2fa7e3ad-dc2f-4535-866e-a3554f5d54af,d4150da9-1ac5-494f-86a5-b144df09c607,c5,DROP,686,?,x6,
1769089174.9329245,FORWARDED,2fa7e3ad-dc2f-4535-866e-a3554f5d54af,d4150da9-1ac5-494f-86a5-b144df09c607,c5,DROP,686,?,x6,
1769089175.0207505,SENT,c883875e-51e5-40d0-98ee-44b127d7b653,5e141012-0bf2-473a-bc20-b523be891c4c,c3,DROP,684,?,x9,
1769089175.0207899,FORWARDED,c883875e-51e5-40d0-98ee-44b127d7b653,5e141012-0bf2-473a-bc20-b523be891c4c,c3,DROP,684,?,x9,
1769089175.1101317,RECEIVED,751a45e8-6e06-45cb-a703-48bcbe3599a0,2df5ff2f-3c66-47b8-842d-ffb9fbd385b8,c2,DROP,441,x3,?,
1769089175.3168943,RECEIVED,99a66c1c-c783-4223-9555-5bcf6fe6e0df,9579fc7f-b2a8-4a1f-b1bc-b1382873187b,c4,DROP,1011,e11,?,
1769089175.3701181,RECEIVED,f3adc45c-3360-4df7-ab41-3a20af50c99a,9896350b-ba9a-4a2f-b7d4-209c8de27ea2,c4,c1,1451,e6,?,
1769089175.4874027,RECEIVED,915590be-e3ef-4525-99c5-16ea7291a114,057bebcd-47c5-4f38-a1b6-8bb27010d1eb,c4,DROP,441,x9,?,
1769089175.6113179,RECEIVED,eae8c6eb-a2a3-4ebd-8121-f69add60dab1,69aea958-a56b-424d-b761-f7369a7e45fc,c4,DROP,1003,e4,?,
1769089175.82722,RECEIVED,262587c7-d276-4eb6-a88e-b44c6e264843,c50eed3c-c380-4674-8572-3dc6e30d34d3,c1,DROP,1012,e8,?,
1769089175.90398,RECEIVED,d8ab8b7b-781e-4fc8-8315-a257dc222d65,b77098d8-1a99-4120-ab8a-7348ca5c436e,c4,c1,1448,e12,?,
1769089175.9194672,RECEIVED,37b501d4-5201-4351-95e4-ee876eee2e44,966879d0-fcb2-4a37-ae1c-4e0e4835b847,c3,c4,1451,e1,?,
1769089176.0651228,SENT,262587c7-d276-4eb6-a88e-b44c6e264843,c50eed3c-c380-4674-8572-3dc6e30d34d3,c1,DROP,687,?,x2,
1769089176.0651665,FORWARDED,262587c7-d276-4eb6-a88e-b44c6e264843,c50eed3c-c380-4674-8572-3dc6e30d34d3,c1,DROP,687,?,x2,
1769089176.1304996,SENT,d8ab8b7b-781e-4fc8-8315-a257dc222d65,b77098d8-1a99-4120-ab8a-7348ca5c436e,c4,c1,1014,?,x9,
1769089176.1305394,FORWARDED,d8ab8b7b-781e-4fc8-8315-a257dc222d65,b77098d8-1a99-4120-ab8a-7348ca5c436e,c4,c1,1014,?,x9,
1769089176.1383536,SENT,f3adc45c-3360-4df7-ab41-3a20af50c99a,9896350b-ba9a-4a2f-b7d4-209c8de27ea2,c4,c1,1016,?,x11,
1769089176.1383936,FORWARDED,f3adc45c-3360-4df7-ab41-3a20af50c99a,9896350b-ba9a-4a2f-b7d4-209c8de27ea2,c4,c1,1016,?,x11,
1769089176.1471927,SENT,eae8c6eb-a2a3-4ebd-8121-f69add60dab1,69aea958-a56b-424d-b761-f7369a7e45fc,c4,DROP,680,?,x9,
1769089176.1472335,FORWARDED,eae8c6eb-a2a3-4ebd-8121-f69add60dab1,69aea958-a56b-424d-b761-f7369a7e45fc,c4,DROP,680,?,x9,
1769089176.2123787,SENT,37b501d4-5201-4351-95e4-ee876eee2e44,966879d0-fcb2-4a37-ae1c-4e0e4835b847,c3,c4,1015,?,x4,
1769089176.212418,FORWARDED,37b501d4-5201-4351-95e4-ee876eee2e44,966879d0-fcb2-4a37-ae1c-4e0e4835b847,c3,c4,1015,?,x4,
1769089176.5557094,SENT,99a66c1c-c783-4223-9555-5bcf6fe6e0df,9579fc7f-b2a8-4a1f-b1bc-b1382873187b,c4,DROP,687,?,x3,
1769089176.5557501,FORWARDED,99a66c1c-c783-4223-9555-5bcf6fe6e0df,9579fc7f-b2a8-4a1f-b1bc-b1382873187b,c4,DROP,687,?,x3,
1769089176.908718,RECEIVED,bcdafb2f-5924-4586-bebd-3a65ac0b3787,911a37f2-8025-4300-a15c-0b7cb07ab8ef,c1,DROP,1011,e1,?,
1769089177.073221,RECEIVED,42ecaffa-c5c6-4422-b1f0-a1588862fbe1,267b0356-5f1b-443b-b08e-1586e114eb16,c1,c3,1452,e3,?,
1769089177.2965784,RECEIVED,5399d048-876f-43c3-ab63-c7e7d08d191a,a49dcc10-7297-4749-9fc6-bcd07be5cb28,c2,c3,1443,e8,?,
1769089177.3181028,RECEIVED,71bc771a-8d2a-435d-bde4-3573cfb4cffd,bccd9346-2e68-43ff-97e1-b64933a4af50,c5,DROP,1007,e2,?,
1769089177.325556,RECEIVED,409e4c5d-bd47-4426-ad5f-ebb0c8de8ad6,66f0a60b-f36b-4b2c-82f6-351b6149fc74,c2,DROP,1019,e10,?,
1769089177.3529923,RECEIVED,8868d733-a2d6-4756-bf24-fb80f19e029d,b132d1fc-5282-42df-9a8a-f1e9f98f4289,c3,c4,1453,e7,?,
1769089177.3919284,RECEIVED,1e5bc8b9-4c34-481c-a883-d37097192810,610f5b66-3b2f-4934-b32b-b6f9e2887466,c5,c4,1447,e5,?,
1769089177.3973768,RECEIVED,c62054dd-80b7-4c3e-900a-25fda761eb9c,d74d7336-eefe-4144-859f-1085d09ebc68,c5,DROP,441,x5,?,
1769089177.4108071,SENT,8868d733-a2d6-4756-bf24-fb80f19e029d,b132d1fc-5282-42df-9a8a-f1e9f98f4289,c3,c4,1017,?,x4,
1769089177.4108486,FORWARDED,8868d733-a2d6-4756-bf24-fb80f19e029d,b132d1fc-5282-42df-9a8a-f1e9f98f4289,c3,c4,1017,?,x4,
1769089177.4473772,SENT,5399d048-876f-43c3-ab63-c7e7d08d191a,a49dcc10-7297-4749-9fc6-bcd07be5cb28,c2,c3,1010,?,x4,
1769089177.4474185,FORWARDED,5399d048-876f-43c3-ab63-c7e7d08d191a,a49dcc10-7297-4749-9fc6-bcd07be5cb28,c2,c3,1010,?,x4,
1769089177.5801399,SENT,42ecaffa-c5c6-4422-b1f0-a1588862fbe1,267b0356-5f1b-443b-b08e-1586e114eb16,c1,c3,1016,?,x12,
1769089177.5801845,FORWARDED,42ecaffa-c5c6-4422-b1f0-a1588862fbe1,267b0356-5f1b-443b-b08e-1586e114eb16,c1,c3,1016,?,x12,
1769089177.6691642,SENT,409e4c5d-bd47-4426-ad5f-ebb0c8de8ad6,66f0a60b-f36b-4b2c-82f6-351b6149fc74,c2,DROP,691,?,x3,
1769089177.6692033,FORWARDED,409e4c5d-bd47-4426-ad5f-ebb0c8de8ad6,66f0a60b-f36b-4b2c-82f6-351b6149fc74,c2,DROP,691,?,x3,
1769089177.7793539,SENT,bcdafb2f-5924-4586-bebd-3a65ac0b3787,911a37f2-8025-4300-a15c-0b7cb07ab8ef,c1,DROP,685,?,x4,
1769089177.7793953,FORWARDED,bcdafb2f-5924-4586-bebd-3a65ac0b3787,911a37f2-8025-4300-a15c-0b7cb07ab8ef,c1,DROP,685,?,x4,
1769089177.807541,SENT,1e5bc8b9-4c34-481c-a883-d37097192810,610f5b66-3b2f-4934-b32b-b6f9e2887466,c5,c4,1012,?,x9,
1769089177.8075802,FORWARDED,1e5bc8b9-4c34-481c-a883-d37097192810,610f5b66-3b2f-4934-b32b-b6f9e2887466,c5,c4,1012,?,x9,
1769089177.9933321,RECEIVED,9c570d56-06fa-4ac8-89d7-940fb42d60b4,d3739295-6719-4326-8de4-4ffd9d4b44c6,c3,c4,1464,e5,?,
1769089178.1506932,RECEIVED,1883180c-2b61-4e63-8f92-479974f7dfae,8ab070ba-823c-495a-90b0-d4cde82f5d5e,c3,c4,1443,e1,?,
1769089178.3010814,RECEIVED,f5f8c3e4-c906-42b8-8370-df50befc80d9,95f828c3-e390-4eb5-9836-7ff22040dc29,c5,c4,1443,e12,?,
1769089178.334191,SENT,9c570d56-06fa-4ac8-89d7-940fb42d60b4,d3739295-6719-4326-8de4-4ffd9d4b44c6,c3,c4,1024,?,x10,
1769089178.334232,FORWARDED,9c570d56-06fa-4ac8-89d7-940fb42d60b4,d3739295-6719-4326-8de4-4ffd9d4b44c6,c3,c4,1024,?,x10,
1769089178.3457472,SENT,71bc771a-8d2a-435d-bde4-3573cfb4cffd,bccd9346-2e68-43ff-97e1-b64933a4af50,c5,DROP,684,?,x4,
1769089178.3457878,FORWARDED,71bc771a-8d2a-435d-bde4-3573cfb4cffd,bccd9346-2e68-43ff-97e1-b64933a4af50,c5,DROP,684,?,x4,
1769089178.459415,RECEIVED,75807de8-b095-477c-9154-c81c44c3132f,f901cc11-2eff-49fa-9b7a-0be9840917ce,c5,c4,1444,e7,?,
1769089178.4698122,RECEIVED,4c43716a-cf99-47d8-a779-51eacbe327c8,47fcb2ea-29d6-46c0-a89a-ea9126a3a5a2,c2,DROP,1012,e4,?,
1769089178.5203307,SENT,1883180c-2b61-4e63-8f92-479974f7dfae,8ab070ba-823c-495a-90b0-d4cde82f5d5e,c3,c4,1011,?,x7,
1769089178.5203707,FORWARDED,1883180c-2b61-4e63-8f92-479974f7dfae,8ab070ba-823c-495a-90b0-d4cde82f5d5e,c3,c4,1011,?,x7,
1769089178.7530844,SENT,4c43716a-cf99-47d8-a779-51eacbe327c8,47fcb2ea-29d6-46c0-a89a-ea9126a3a5a2,c2,DROP,686,?,x10,
1769089178.7531254,FORWARDED,4c43716a-cf99-47d8-a779-51eacbe327c8,47fcb2ea-29d6-46c0-a89a-ea9126a3a5a2,c2,DROP,686,?,x10,
1769089178.8682806,SENT,f5f8c3e4-c906-42b8-8370-df50befc80d9,95f828c3-e390-4eb5-9836-7ff22040dc29,c5,c4,1011,?,x5,
1769089178.8683212,FORWARDED,f5f8c3e4-c906-42b8-8370-df50befc80d9,95f828c3-e390-4eb5-9836-7ff22040dc29,c5,c4,1011,?,x5,
1769089178.904134,SENT,75807de8-b095-477c-9154-c81c44c3132f,f901cc11-2eff-49fa-9b7a-0be9840917ce,c5,c4,1011,?,x3,
1769089178.9041748,FORWARDED,75807de8-b095-477c-9154-c81c44c3132f,f901cc11-2eff-49fa-9b7a-0be9840917ce,c5,c4,1011,?,x3,
1769089178.978965,RECEIVED,c5a0702e-9aae-480a-b543-fdb6b0092814,c75f9726-496a-48c2-b795-95737c2a0bf1,c4,c1,1447,e8,?,
1769089179.235307,RECEIVED,f456a04f-879d-447e-bd9d-2d9eeeb4b3ac,fd1a2cca-6b7f-4be9-a3db-f33d066486c7,c3,c4,1452,e3,?,
1769089179.2865264,SENT,c5a0702e-9aae-480a-b543-fdb6b0092814,c75f9726-496a-48c2-b795-95737c2a0bf1,c4,c1,1012,?,x5,
1769089179.2865665,FORWARDED,c5a0702e-9aae-480a-b543-fdb6b0092814,c75f9726-496a-48c2-b795-95737c2a0bf1,c4,c1,1012,?,x5,
1769089179.331741,SENT,f456a04f-879d-447e-bd9d-2d9eeeb4b3ac,fd1a2cca-6b7f-4be9-a3db-f33d066486c7,c3,c4,1016,?,x2,
1769089179.33178,FORWARDED,f456a04f-879d-447e-bd9d-2d9eeeb4b3ac,fd1a2cca-6b7f-4be9-a3db-f33d066486c7,c3,c4,1016,?,x2,
1769089179.7538471,RECEIVED,7764c32c-2bd4-418a-900f-0105245cf813,1be50494-cb72-461b-818c-d442db57ff68,c2,DROP,1012,e8,?,
1769089179.759418,RECEIVED,3cbdb2a7-ddb6-4d15-a4d4-64539f914d2e,093a47aa-d049-403c-a789-a72dae633678,c4,c1,1443,e2,?,
1769089179.7602403,SENT,7764c32c-2bd4-418a-900f-0105245cf813,1be50494-cb72-461b-818c-d442db57ff68,c2,DROP,683,?,x11,
1769089179.7602813,FORWARDED,7764c32c-2bd4-418a-900f-0105245cf813,1be50494-cb72-461b-818c-d442db57ff68,c2,DROP,683,?,x11,
1769089180.0094023,SENT,3cbdb2a7-ddb6-4d15-a4d4-64539f914d2e,093a47aa-d049-403c-a789-a72dae633678,c4,c1,1011,?,x4,
1769089180.0094433,FORWARDED,3cbdb2a7-ddb6-4d15-a4d4-64539f914d2e,093a47aa-d049-403c-a789-a72dae633678,c4,c1,1011,?,x4,
1769089180.889671,RECEIVED,a90ab507-3868-4dbe-b691-b5719203dd4e,3e3fac28-1349-4196-90bd-eca094b84f1f,c3,c4,1451,e8,?,
1769089181.1622267,RECEIVED,d67ba371-170f-46cc-a294-0329523a9cde,0cf9b0c4-2a63-4cff-be9d-7a81b6adb172,c3,c4,1456,e9,?,
1769089181.3668265,SENT,d67ba371-170f-46cc-a294-0329523a9cde,0cf9b0c4-2a63-4cff-be9d-7a81b6adb172,c3,c4,1019,?,x9,
1769089181.3668737,FORWARDED,d67ba371-170f-46cc-a294-0329523a9cde,0cf9b0c4-2a63-4cff-be9d-7a81b6adb172,c3,c4,1019,?,x9,
1769089181.6576915,RECEIVED,af9826b0-fde0-41bf-96bb-793919291c44,74eddd1d-eed5-4d2f-9c3a-3ba2461b4952,c4,DROP,1016,e5,?,
1769089181.7254307,SENT,af9826b0-fde0-41bf-96bb-793919291c44,74eddd1d-eed5-4d2f-9c3a-3ba2461b4952,c4,DROP,688,?,x6,
1769089181.7254717,FORWARDED,af9826b0-fde0-41bf-96bb-793919291c44,74eddd1d-eed5-4d2f-9c3a-3ba2461b4952,c4,DROP,688,?,x6,
1769089181.8731127,SENT,a90ab507-3868-4dbe-b691-b5719203dd4e,3e3fac28-1349-4196-90bd-eca094b84f1f,c3,c4,1015,?,x9,
1769089181.8731523,FORWARDED,a90ab507-3868-4dbe-b691-b5719203dd4e,3e3fac28-1349-4196-90bd-eca094b84f1f,c3,c4,1015,?,x9,
1769089181.9762752,RECEIVED,0a8b0258-dc03-4ae7-b40d-f979c0ab1e59,cced95b1-2ed2-4dd9-87a9-89d26849a07f,c4,c1,1443,e9,?,
1769089182.2054756,RECEIVED,3df4406f-99bf-4460-8fc6-0b070a8f5301,c12aaca3-a560-4464-ab20-52299fb89c2c,c3,c4,1447,e8,?,
1769089182.2098114,SENT,0a8b0258-dc03-4ae7-b40d-f979c0ab1e59,cced95b1-2ed2-4dd9-87a9-89d26849a07f,c4,c1,1011,?,x8,
1769089182.2098527,FORWARDED,0a8b0258-dc03-4ae7-b40d-f979c0ab1e59,cced95b1-2ed2-4dd9-87a9-89d26849a07f,c4,c1,1011,?,x8,
1769089182.4808886,RECEIVED,06a3d103-86fc-4c85-89b6-58e2753a6791,eb687ffb-a4a6-4dc3-90b5-9b3e725d94fb,c4,c1,1455,e5,?,
1769089182.56955,RECEIVED,bf4792c0-d9a5-4c3e-b6f4-2fb75acfefc4,342d91c7-6489-4905-95bd-f59624b7dd8d,c4,DROP,1006,e1,?,
1769089182.572916,RECEIVED,fed75fc8-a780-45a5-8275-cbfeb1be3fd9,317f34bf-82bd-4c7e-a50b-6081b14f9213,c4,c1,1449,e8,?,
1769089182.6151905,SENT,fed75fc8-a780-45a5-8275-cbfeb1be3fd9,317f34bf-82bd-4c7e-a50b-6081b14f9213,c4,c1,1014,?,x9,
1769089182.6152325,FORWARDED,fed75fc8-a780-45a5-8275-cbfeb1be3fd9,317f34bf-82bd-4c7e-a50b-6081b14f9213,c4,c1,1014,?,x9,
1769089182.7225335,RECEIVED,7d4cd815-1410-442c-83a7-244f02f31f7d,5437201d-9b33-4fb4-b96f-8d2c07f3d4e0,c2,c3,1452,e12,?,
1769089182.72808,RECEIVED,dfe49b66-58da-4480-8280-1eec72c2d77a,6e8efd2d-a07b-4f91-90ab-3b5d6f4cafad,c3,c4,1448,e5,?,
1769089182.73282,RECEIVED,99f9e8b9-9b12-4938-a7ea-f2f9e85d255a,c134d14c-4579-4b7b-8804-0327f9bc0489,c5,c4,1448,e2,?,
1769089182.8296108,SENT,06a3d103-86fc-4c85-89b6-58e2753a6791,eb687ffb-a4a6-4dc3-90b5-9b3e725d94fb,c4,c1,1019,?,x4,
1769089182.8296533,FORWARDED,06a3d103-86fc-4c85-89b6-58e2753a6791,eb687ffb-a4a6-4dc3-90b5-9b3e725d94fb,c4,c1,1019,?,x4,
1769089182.8384993,SENT,7d4cd815-1410-442c-83a7-244f02f31f7d,5437201d-9b33-4fb4-b96f-8d2c07f3d4e0,c2,c3,1016,?,x8,
1769089182.8385406,FORWARDED,7d4cd815-1410-442c-83a7-244f02f31f7d,5437201d-9b33-4fb4-b96f-8d2c07f3d4e0,c2,c3,1016,?,x8,
1769089182.8948033,SENT,99f9e8b9-9b12-4938-a7ea-f2f9e85d255a,c134d14c-4579-4b7b-8804-0327f9bc0489,c5,c4,1012,?,x5,
1769089182.894858,FORWARDED,99f9e8b9-9b12-4938-a7ea-f2f9e85d255a,c134d14c-4579-4b7b-8804-0327f9bc0489,c5,c4,1012,?,x5,
1769089182.9327877,SENT,3df4406f-99bf-4460-8fc6-0b070a8f5301,c12aaca3-a560-4464-ab20-52299fb89c2c,c3,c4,1014,?,x5,
1769089182.9328272,FORWARDED,3df4406f-99bf-4460-8fc6-0b070a8f5301,c12aaca3-a560-4464-ab20-52299fb89c2c,c3,c4,1014,?,x5,
1769089183.2613454,SENT,dfe49b66-58da-4480-8280-1eec72c2d77a,6e8efd2d-a07b-4f91-90ab-3b5d6f4cafad,c3,c4,1012,?,x11,
1769089183.261396,FORWARDED,dfe49b66-58da-4480-8280-1eec72c2d77a,6e8efd2d-a07b-4f91-90ab-3b5d6f4cafad,c3,c4,1012,?,x11,
1769089183.4059482,RECEIVED,d4982234-9a13-4397-81c2-f650037efc6d,2c02ff60-2213-443c-8957-382a89b93811,c1,c3,1443,e7,?,
1769089183.5902612,SENT,bf4792c0-d9a5-4c3e-b6f4-2fb75acfefc4,342d91c7-6489-4905-95bd-f59624b7dd8d,c4,DROP,683,?,x9,
1769089183.590301,FORWARDED,bf4792c0-d9a5-4c3e-b6f4-2fb75acfefc4,342d91c7-6489-4905-95bd-f59624b7dd8d,c4,DROP,683,?,x9,
1769089183.9451563,SENT,d4982234-9a13-4397-81c2-f650037efc6d,2c02ff60-2213-443c-8957-382a89b93811,c1,c3,1011,?,x12,
1769089183.9451966,FORWARDED,d4982234-9a13-4397-81c2-f650037efc6d,2c02ff60-2213-443c-8957-382a89b93811,c1,c3,1011,?,x12,
1769089184.2955992,RECEIVED,f2a4f9bb-cdbe-4b03-8481-7dff98c827c4,23e1e1c8-8ad3-442c-83bc-78d2bdaa284b,c5,DROP,1008,e7,?,
1769089184.4241972,RECEIVED,952286ec-5ad7-4fda-9ccc-b8505b183aa2,1447fe3b-5caf-416d-93bf-d3e914a313f5,c5,DROP,1011,e1,?,
1769089184.519317,RECEIVED,153f713a-8af7-4535-8247-e3b6a6550a82,292b04c6-6c65-48ce-9976-7b84de405220,c3,DROP,442,x11,?,
1769089184.7550092,SENT,f2a4f9bb-cdbe-4b03-8481-7dff98c827c4,23e1e1c8-8ad3-442c-83bc-78d2bdaa284b,c5,DROP,683,?,x4,
1769089184.7550628,FORWARDED,f2a4f9bb-cdbe-4b03-8481-7dff98c827c4,23e1e1c8-8ad3-442c-83bc-78d2bdaa284b,c5,DROP,683,?,x4,
1769089184.9508293,RECEIVED,e3f59b90-9ca6-4511-8a85-547e04cc31ef,a19a88a9-82ff-49a3-96e5-2d078b195797,c2,c3,1444,e6,?,
1769089185.3123481,SENT,e3f59b90-9ca6-4511-8a85-547e04cc31ef,a19a88a9-82ff-49a3-96e5-2d078b195797,c2,c3,1011,?,x2,
1769089185.3123894,FORWARDED,e3f59b90-9ca6-4511-8a85-547e04cc31ef,a19a88a9-82ff-49a3-96e5-2d078b195797,c2,c3,1011,?,x2,
1769089185.3308868,RECEIVED,113c44d9-b754-4fb2-976c-1f389d400e99,08915b9c-cd59-437f-b2dc-4537eb0aabba,c2,DROP,1013,e11,?,
1769089185.4138334,SENT,113c44d9-b754-4fb2-976c-1f389d400e99,08915b9c-cd59-437f-b2dc-4537eb0aabba,c2,DROP,687,?,x7,
1769089185.4138746,FORWARDED,113c44d9-b754-4fb2-976c-1f389d400e99,08915b9c-cd59-437f-b2dc-4537eb0aabba,c2,DROP,687,?,x7,
1769089185.5803745,RECEIVED,6ae8c668-aa1c-45e1-a037-0515684e95f0,f1ab5a94-d31a-4244-9b89-9ab4387b2256,c4,DROP,1011,e9,?,
1769089185.7152612,SENT,952286ec-5ad7-4fda-9ccc-b8505b183aa2,1447fe3b-5caf-416d-93bf-d3e914a313f5,c5,DROP,686,?,x2,
1769089185.7153,FORWARDED,952286ec-5ad7-4fda-9ccc-b8505b183aa2,1447fe3b-5caf-416d-93bf-d3e914a313f5,c5,DROP,686,?,x2,
1769089185.9855394,RECEIVED,5b7a82de-5e13-46c5-b20e-a78d0da3d4a8,d7c1840b-9ed6-406c-b7ba-17cc91ad6f02,c5,c4,1450,e3,?,
1769089186.0172071,SENT,5b7a82de-5e13-46c5-b20e-a78d0da3d4a8,d7c1840b-9ed6-406c-b7ba-17cc91ad6f02,c5,c4,1012,?,x4,
1769089186.0172489,FORWARDED,5b7a82de-5e13-46c5-b20e-a78d0da3d4a8,d7c1840b-9ed6-406c-b7ba-17cc91ad6f02,c5,c4,1012,?,x4,
1769089186.0618186,RECEIVED,d6e5c38b-1b59-4c1e-a51e-52886d1ada7e,032f0373-7f6e-465a-9b6b-fc025e39bcdb,c5,DROP,1020,e11,?,
1769089186.166673,RECEIVED,3ffb38bd-c76a-4730-b1e5-5381edaa6e55,498bcce2-5646-4160-a7e0-c1ca2e6bd8f3,c5,DROP,1002,e2,?,
1769089186.2352066,RECEIVED,4d00cd53-059c-4ca7-8abb-2d1619da87fb,e625c594-ac0c-4107-b046-ad2c035f9743,c4,c1,1447,e3,?,
1769089186.5426254,SENT,d6e5c38b-1b59-4c1e-a51e-52886d1ada7e,032f0373-7f6e-465a-9b6b-fc025e39bcdb,c5,DROP,693,?,x12,
1769089186.5426664,FORWARDED,d6e5c38b-1b59-4c1e-a51e-52886d1ada7e,032f0373-7f6e-465a-9b6b-fc025e39bcdb,c5,DROP,693,?,x12,
1769089186.560353,RECEIVED,0e927ef8-8e66-4dd5-af64-16ea41673954,4c9131b0-5fa4-44b3-9804-1e065c09c76a,c1,DROP,442,x10,?,
1769089186.667128,SENT,6ae8c668-aa1c-45e1-a037-0515684e95f0,f1ab5a94-d31a-4244-9b89-9ab4387b2256,c4,DROP,687,?,x3,
1769089186.6671767,FORWARDED,6ae8c668-aa1c-45e1-a037-0515684e95f0,f1ab5a94-d31a-4244-9b89-9ab4387b2256,c4,DROP,687,?,x3,
1769089187.0618122,RECEIVED,7c66c630-0a6d-4fa8-b29a-575ad874d75c,d24a13f2-c963-4912-8b7c-3228dd6be5b5,c2,DROP,1007,e11,?,
1769089187.1054645,RECEIVED,54484077-9b82-4efa-9d33-b6bd599fbc51,3d516ae3-e1a4-4120-a35e-203c1e58df5e,c5,DROP,1007,e9,?,
1769089187.1311064,SENT,4d00cd53-059c-4ca7-8abb-2d1619da87fb,e625c594-ac0c-4107-b046-ad2c035f9743,c4,c1,1012,?,x6,
1769089187.13116,FORWARDED,4d00cd53-059c-4ca7-8abb-2d1619da87fb,e625c594-ac0c-4107-b046-ad2c035f9743,c4,c1,1012,?,x6,
1769089187.148839,RECEIVED,2fc35506-ed56-49a1-adf1-c639380bd7ef,6b6d45c9-7c26-4018-8a8e-243dd9162551,c4,c1,1455,e11,?,
1769089187.2541142,SENT,54484077-9b82-4efa-9d33-b6bd599fbc51,3d516ae3-e1a4-4120-a35e-203c1e58df5e,c5,DROP,682,?,x5,
1769089187.2541506,FORWARDED,54484077-9b82-4efa-9d33-b6bd599fbc51,3d516ae3-e1a4-4120-a35e-203c1e58df5e,c5,DROP,682,?,x5,
1769089187.3759012,SENT,2fc35506-ed56-49a1-adf1-c639380bd7ef,6b6d45c9-7c26-4018-8a8e-243dd9162551,c4,c1,1019,?,x9,
1769089187.375941,FORWARDED,2fc35506-ed56-49a1-adf1-c639380bd7ef,6b6d45c9-7c26-4018-8a8e-243dd9162551,c4,c1,1019,?,x9,
1769089187.3992274,RECEIVED,0c4df9b8-7f2b-4e1f-9ebc-d3153f3b9150,2be41370-cbdb-402d-ae38-894129654c97,c1,DROP,1015,e7,?,
1769089187.5186696,SENT,7c66c630-0a6d-4fa8-b29a-575ad874d75c,d24a13f2-c963-4912-8b7c-3228dd6be5b5,c2,DROP,683,?,x2,
1769089187.518708,FORWARDED,7c66c630-0a6d-4fa8-b29a-575ad874d75c,d24a13f2-c963-4912-8b7c-3228dd6be5b5,c2,DROP,683,?,x2,
1769089187.7245722,RECEIVED,55e0a2e9-a562-4564-beef-610a424ab874,f8ee8c9a-9cf9-4ebe-9541-6bb9eac0788d,c5,c4,1451,e7,?,
1769089187.742291,RECEIVED,e5f56d43-4494-4b69-9f8d-1a981eebbca1,09cb631a-a9c0-4fde-ba20-b088cacfd055,c3,c4,1455,e1,?,
1769089187.8083994,RECEIVED,b703c6a0-287c-41d9-90f0-a24b89caff43,69136476-76db-47c4-8c28-fd54c732ef0d,c2,DROP,1012,e9,?,
1769089187.8093703,SENT,3ffb38bd-c76a-4730-b1e5-5381edaa6e55,498bcce2-5646-4160-a7e0-c1ca2e6bd8f3,c5,DROP,680,?,x1,
1769089187.8094099,FORWARDED,3ffb38bd-c76a-4730-b1e5-5381edaa6e55,498bcce2-5646-4160-a7e0-c1ca2e6bd8f3,c5,DROP,680,?,x1,
1769089187.9465413,RECEIVED,14721255-6e4f-4895-9a7b-b69a1d04f603,b1deacd7-8ae0-42e4-b7be-9cb9f464ca51,c5,c4,1451,e6,?,
1769089188.0193014,SENT,55e0a2e9-a562-4564-beef-610a424ab874,f8ee8c9a-9cf9-4ebe-9541-6bb9eac0788d,c5,c4,1015,?,x5,
1769089188.0196803,FORWARDED,55e0a2e9-a562-4564-beef-610a424ab874,f8ee8c9a-9cf9-4ebe-9541-6bb9eac0788d,c5,c4,1015,?,x5,
1769089188.1093194,RECEIVED,ac742359-41f7-4958-90b9-19d67bae4378,eb114d3a-0631-451e-85b3-a5b8a02570bb,c5,DROP,1008,e3,?,
1769089188.1497743,SENT,0c4df9b8-7f2b-4e1f-9ebc-d3153f3b9150,2be41370-cbdb-402d-ae38-894129654c97,c1,DROP,688,?,x9,
1769089188.1498096,FORWARDED,0c4df9b8-7f2b-4e1f-9ebc-d3153f3b9150,2be41370-cbdb-402d-ae38-894129654c97,c1,DROP,688,?,x9,
1769089188.2203262,SENT,ac742359-41f7-4958-90b9-19d67bae4378,eb114d3a-0631-451e-85b3-a5b8a02570bb,c5,DROP,684,?,x6,
1769089188.2203684,FORWARDED,ac742359-41f7-4958-90b9-19d67bae4378,eb114d3a-0631-451e-85b3-a5b8a02570bb,c5,DROP,684,?,x6,
1769089188.2283058,SENT,b703c6a0-287c-41d9-90f0-a24b89caff43,69136476-76db-47c4-8c28-fd54c732ef0d,c2,DROP,687,?,x5,
1769089188.2283468,FORWARDED,b703c6a0-287c-41d9-90f0-a24b89caff43,69136476-76db-47c4-8c28-fd54c732ef0d,c2,DROP,687,?,x5,
1769089188.3880177,SENT,14721255-6e4f-4895-9a7b-b69a1d04f603,b1deacd7-8ae0-42e4-b7be-9cb9f464ca51,c5,c4,1016,?,x6,
1769089188.388078,FORWARDED,14721255-6e4f-4895-9a7b-b69a1d04f603,b1deacd7-8ae0-42e4-b7be-9cb9f464ca51,c5,c4,1016,?,x6,
1769089188.3981054,RECEIVED,d0d476e5-109b-4859-af37-4e30c13bce4a,eab9829e-0a1f-40d2-a9c9-09871c6db628,c4,DROP,442,x7,?,
1769089188.5851932,RECEIVED,ea9ca10c-0a52-4d6f-8045-6f722752e881,fb344930-624c-454e-812d-beeaecea69f3,c5,DROP,441,x9,?,
1769089188.602165,SENT,e5f56d43-4494-4b69-9f8d-1a981eebbca1,09cb631a-a9c0-4fde-ba20-b088cacfd055,c3,c4,1019,?,x11,
1769089188.602207,FORWARDED,e5f56d43-4494-4b69-9f8d-1a981eebbca1,09cb631a-a9c0-4fde-ba20-b088cacfd055,c3,c4,1019,?,x11,
1769089189.0372918,RECEIVED,c851f96f-8fed-46ae-8f01-7414ad1535c8,381488fa-e175-4471-af8d-9d48d9a8558a,c4,c1,1451,e5,?,
1769089189.0379121,RECEIVED,586e5e67-68b1-4fa4-9b17-bbaf9f717bb1,803ed9a9-70ff-4806-b510-0824ab1272f8,c4,c1,1444,e6,?,
1769089189.1360717,RECEIVED,ad96883c-a7f6-46ec-ada7-e52e8aa5cb15,393b2338-e884-401d-8065-d174394b62a2,c4,DROP,1011,e7,?,
1769089189.2072582,SENT,ad96883c-a7f6-46ec-ada7-e52e8aa5cb15,393b2338-e884-401d-8065-d174394b62a2,c4,DROP,683,?,x5,
1769089189.207299,FORWARDED,ad96883c-a7f6-46ec-ada7-e52e8aa5cb15,393b2338-e884-401d-8065-d174394b62a2,c4,DROP,683,?,x5,
1769089189.3182397,RECEIVED,5ad479de-0341-4116-b492-c0797ad61872,0e19a087-8475-4f09-8d90-f4259068e292,c1,DROP,1008,e10,?,
1769089189.330172,RECEIVED,12204e6b-bc31-4982-86d4-ea6a993fff5c,1d6d6d5e-c328-4aea-8e85-5ef208b807e0,c4,DROP,1008,e2,?,
1769089189.414611,SENT,5ad479de-0341-4116-b492-c0797ad61872,0e19a087-8475-4f09-8d90-f4259068e292,c1,DROP,684,?,x4,
1769089189.4146533,FORWARDED,5ad479de-0341-4116-b492-c0797ad61872,0e19a087-8475-4f09-8d90-f4259068e292,c1,DROP,684,?,x4,
1769089189.512906,SENT,12204e6b-bc31-4982-86d4-ea6a993fff5c,1d6d6d5e-c328-4aea-8e85-5ef208b807e0,c4,DROP,684,?,x5,
1769089189.5129485,FORWARDED,12204e6b-bc31-4982-86d4-ea6a993fff5c,1d6d6d5e-c328-4aea-8e85-5ef208b807e0,c4,DROP,684,?,x5,
1769089189.698617,RECEIVED,4e1aa584-6764-4c4b-bb5f-54fc99c3adf4,5f6a1ed3-81cb-480b-8cba-e66bdb79ab96,c1,c3,1457,e10,?,
1769089189.7401078,SENT,4e1aa584-6764-4c4b-bb5f-54fc99c3adf4,5f6a1ed3-81cb-480b-8cba-e66bdb79ab96,c1,c3,1018,?,x11,
1769089189.740144,FORWARDED,4e1aa584-6764-4c4b-bb5f-54fc99c3adf4,5f6a1ed3-81cb-480b-8cba-e66bdb79ab96,c1,c3,1018,?,x11,
1769089189.886897,SENT,c851f96f-8fed-46ae-8f01-7414ad1535c8,381488fa-e175-4471-af8d-9d48d9a8558a,c4,c1,1015,?,x7,
1769089189.8869328,FORWARDED,c851f96f-8fed-46ae-8f01-7414ad1535c8,381488fa-e175-4471-af8d-9d48d9a8558a,c4,c1,1015,?,x7,
1769089189.9058118,SENT,586e5e67-68b1-4fa4-9b17-bbaf9f717bb1,803ed9a9-70ff-4806-b510-0824ab1272f8,c4,c1,1011,?,x12,
1769089189.9058444,FORWARDED,586e5e67-68b1-4fa4-9b17-bbaf9f717bb1,803ed9a9-70ff-4806-b510-0824ab1272f8,c4,c1,1011,?,x12,
1769089190.4864757,RECEIVED,a573a48c-73e9-4b39-b7f2-5e268e60a621,db0376c7-e208-4656-8651-4e627f65ab16,c3,DROP,1009,e4,?,
1769089190.5832467,RECEIVED,477d4d31-a601-405c-86e4-60fc6e58c19e,6b8cde1e-2cd1-429f-b6e5-6dab3ef74fad,c2,DROP,1008,e1,?,
1769089190.6410701,SENT,477d4d31-a601-405c-86e4-60fc6e58c19e,6b8cde1e-2cd1-429f-b6e5-6dab3ef74fad,c2,DROP,684,?,x4,
1769089190.6411173,FORWARDED,477d4d31-a601-405c-86e4-60fc6e58c19e,6b8cde1e-2cd1-429f-b6e5-6dab3ef74fad,c2,DROP,684,?,x4,
1769089190.6783457,SENT,a573a48c-73e9-4b39-b7f2-5e268e60a621,db0376c7-e208-4656-8651-4e627f65ab16,c3,DROP,683,?,x12,
1769089190.6783857,FORWARDED,a573a48c-73e9-4b39-b7f2-5e268e60a621,db0376c7-e208-4656-8651-4e627f65ab16,c3,DROP,683,?,x12,
1769089190.9436715,RECEIVED,1b7d500f-00df-4377-af42-f7207b0e8081,ea608a7d-32a6-4e4a-b68f-f511e83c5ce9,c2,DROP,1008,e11,?,
1769089191.1243336,SENT,1b7d500f-00df-4377-af42-f7207b0e8081,ea608a7d-32a6-4e4a-b68f-f511e83c5ce9,c2,DROP,683,?,x1,
1769089191.124374,FORWARDED,1b7d500f-00df-4377-af42-f7207b0e8081,ea608a7d-32a6-4e4a-b68f-f511e83c5ce9,c2,DROP,683,?,x1,
1769089191.5457594,RECEIVED,4d695799-5d35-46ef-b07d-811c103f0cfd,d01d23ff-dbae-414f-828c-4ec347d0c5e2,c1,DROP,1015,e12,?,
1769089191.6980128,SENT,4d695799-5d35-46ef-b07d-811c103f0cfd,d01d23ff-dbae-414f-828c-4ec347d0c5e2,c1,DROP,688,?,x2,
1769089191.698072,FORWARDED,4d695799-5d35-46ef-b07d-811c103f0cfd,d01d23ff-dbae-414f-828c-4ec347d0c5e2,c1,DROP,688,?,x2,
1769089192.3938892,RECEIVED,0b6450e4-8b88-4db1-b771-f1daa20e4511,f1259aeb-d93d-4191-8921-423cf87a3a49,c2,c3,1451,e6,?,
1769089192.456738,RECEIVED,a3f6dccd-f5f9-4cdf-b7bc-1d1472135c9e,10c1457c-679f-4313-8670-fda656832dd6,c2,c3,1452,e12,?,
1769089192.496007,RECEIVED,4263a8e5-24bf-40bb-ae75-98e24b0f1f74,dedfdd74-68bd-469f-94a5-08c0478acfd1,c3,c4,1444,e1,?,
1769089192.5969095,SENT,4263a8e5-24bf-40bb-ae75-98e24b0f1f74,dedfdd74-68bd-469f-94a5-08c0478acfd1,c3,c4,1011,?,x1,
1769089192.5969524,FORWARDED,4263a8e5-24bf-40bb-ae75-98e24b0f1f74,dedfdd74-68bd-469f-94a5-08c0478acfd1,c3,c4,1011,?,x1,
1769089192.619117,SENT,a3f6dccd-f5f9-4cdf-b7bc-1d1472135c9e,10c1457c-679f-4313-8670-fda656832dd6,c2,c3,1015,?,x1,
1769089192.6191642,FORWARDED,a3f6dccd-f5f9-4cdf-b7bc-1d1472135c9e,10c1457c-679f-4313-8670-fda656832dd6,c2,c3,1015,?,x1,
1769089192.9214056,RECEIVED,7e633f32-ff2c-4b50-a38e-2e82665765a8,d68bf2f7-7ff7-47ef-8cab-1a4c227d7180,c5,c4,1452,e4,?,
1769089192.9225223,RECEIVED,de5b6773-41a3-41fd-917d-7f9f14f1f983,4d9d3b0d-0603-4f75-a910-f8f380e05ee4,c4,c1,1445,e7,?,
1769089192.9807768,SENT,de5b6773-41a3-41fd-917d-7f9f14f1f983,4d9d3b0d-0603-4f75-a910-f8f380e05ee4,c4,c1,1011,?,x4,
1769089192.9808176,FORWARDED,de5b6773-41a3-41fd-917d-7f9f14f1f983,4d9d3b0d-0603-4f75-a910-f8f380e05ee4,c4,c1,1011,?,x4,
1769089192.9849322,SENT,0b6450e4-8b88-4db1-b771-f1daa20e4511,f1259aeb-d93d-4191-8921-423cf87a3a49,c2,c3,1015,?,x9,
1769089192.9849753,FORWARDED,0b6450e4-8b88-4db1-b771-f1daa20e4511,f1259aeb-d93d-4191-8921-423cf87a3a49,c2,c3,1015,?,x9,
1769089193.0250373,SENT,7e633f32-ff2c-4b50-a38e-2e82665765a8,d68bf2f7-7ff7-47ef-8cab-1a4c227d7180,c5,c4,1015,?,x5,
1769089193.0250912,FORWARDED,7e633f32-ff2c-4b50-a38e-2e82665765a8,d68bf2f7-7ff7-47ef-8cab-1a4c227d7180,c5,c4,1015,?,x5,
1769089193.06824,RECEIVED,6e06bf0b-66a0-4a27-9669-0f3e5385ca49,7998630a-9204-468d-b509-4d9f81de01dc,c5,DROP,1016,e2,?,
1769089193.1006725,RECEIVED,aa8bb6ca-becb-47a4-9778-d0f07ef5bfc9,345ee49a-6624-4c37-967b-7cbe099a2362,c3,c4,1447,e2,?,
1769089193.1263556,RECEIVED,56b563c9-2e57-4b15-a43e-968da1e988d9,21ff22e1-55db-4599-82dd-47d23cdcebdd,c5,c4,1456,e2,?,
1769089193.335676,SENT,6e06bf0b-66a0-4a27-9669-0f3e5385ca49,7998630a-9204-468d-b509-4d9f81de01dc,c5,DROP,688,?,x7,
1769089193.3357172,FORWARDED,6e06bf0b-66a0-4a27-9669-0f3e5385ca49,7998630a-9204-468d-b509-4d9f81de01dc,c5,DROP,688,?,x7,
1769089193.4385083,RECEIVED,e4ba413e-ed16-45d8-b5e1-11f17d10c6a3,5f14b4a8-18bf-4e14-ac5b-dc22aa11d08e,c3,c4,1468,e9,?,
1769089193.4476547,RECEIVED,6575b329-9668-445c-a5ce-26dd2146a75d,125a8d15-5df4-4bf7-82e8-0a124dc89dbc,c4,c1,1460,e5,?,
1769089193.7307186,SENT,aa8bb6ca-becb-47a4-9778-d0f07ef5bfc9,345ee49a-6624-4c37-967b-7cbe099a2362,c3,c4,1012,?,x7,
1769089193.7307892,FORWARDED,aa8bb6ca-becb-47a4-9778-d0f07ef5bfc9,345ee49a-6624-4c37-967b-7cbe099a2362,c3,c4,1012,?,x7,
1769089193.8627253,SENT,6575b329-9668-445c-a5ce-26dd2146a75d,125a8d15-5df4-4bf7-82e8-0a124dc89dbc,c4,c1,1023,?,x11,
1769089193.8627682,FORWARDED,6575b329-9668-445c-a5ce-26dd2146a75d,125a8d15-5df4-4bf7-82e8-0a124dc89dbc,c4,c1,1023,?,x11,
1769089193.8923333,SENT,e4ba413e-ed16-45d8-b5e1-11f17d10c6a3,5f14b4a8-18bf-4e14-ac5b-dc22aa11d08e,c3,c4,1027,?,x10,
1769089193.8923724,FORWARDED,e4ba413e-ed16-45d8-b5e1-11f17d10c6a3,5f14b4a8-18bf-4e14-ac5b-dc22aa11d08e,c3,c4,1027,?,x10,
1769089193.9647822,RECEIVED,a1927e13-ea2f-468f-84b7-bf0059ebfc90,c9fd8b6f-13ea-417e-b146-d5cc0b47703c,c3,DROP,1008,e10,?,
1769089194.1278243,SENT,a1927e13-ea2f-468f-84b7-bf0059ebfc90,c9fd8b6f-13ea-417e-b146-d5cc0b47703c,c3,DROP,683,?,x9,
1769089194.1278586,FORWARDED,a1927e13-ea2f-468f-84b7-bf0059ebfc90,c9fd8b6f-13ea-417e-b146-d5cc0b47703c,c3,DROP,683,?,x9,
1769089194.4293704,RECEIVED,19678375-95ea-46b0-9aa2-dfb961522ecc,3b6f8983-7a0d-4897-9999-cf0144ed97e2,c5,c4,1443,e7,?,
1769089194.4985616,SENT,56b563c9-2e57-4b15-a43e-968da1e988d9,21ff22e1-55db-4599-82dd-47d23cdcebdd,c5,c4,1020,?,x12,
1769089194.4987817,FORWARDED,56b563c9-2e57-4b15-a43e-968da1e988d9,21ff22e1-55db-4599-82dd-47d23cdcebdd,c5,c4,1020,?,x12,
1769089194.506058,RECEIVED,5b4863b8-ee03-464f-b4c0-592d7048a782,e8c89048-6282-4dbb-9bd5-d98787468743,c5,DROP,1007,e6,?,
1769089194.535894,RECEIVED,fe2c7a0a-6c1a-405f-8352-9a49daae2a31,ac5973cd-1edb-4111-9391-6f82bf8bd1b3,c4,DROP,446,x11,?,
1769089194.6512043,RECEIVED,6bea94f2-d33d-42b7-9fee-e61411ffb097,ea15f239-9f1a-4d5a-83ab-07e6f6f5a050,c1,c3,1444,e2,?,
1769089194.799301,RECEIVED,cf92674a-f151-44c9-b47d-ed9beadaa4fc,233bf39a-adc8-413c-985a-034f2accd14e,c3,DROP,442,x12,?,
1769089194.876238,RECEIVED,62458f17-f9fa-4456-87cb-814713515e12,8a9e552d-178e-4ade-8896-153c423a4a58,c2,DROP,1007,e6,?,
1769089194.9434118,SENT,19678375-95ea-46b0-9aa2-dfb961522ecc,3b6f8983-7a0d-4897-9999-cf0144ed97e2,c5,c4,1011,?,x3,
1769089194.9434524,FORWARDED,19678375-95ea-46b0-9aa2-dfb961522ecc,3b6f8983-7a0d-4897-9999-cf0144ed97e2,c5,c4,1011,?,x3,
1769089194.955927,RECEIVED,7efe62a2-46b2-4160-a766-870a21261097,aaaa7508-4cfa-4d83-905d-49749138103f,c3,c4,1452,e3,?,
1769089195.1034017,SENT,6bea94f2-d33d-42b7-9fee-e61411ffb097,ea15f239-9f1a-4d5a-83ab-07e6f6f5a050,c1,c3,1011,?,x7,
1769089195.1034434,FORWARDED,6bea94f2-d33d-42b7-9fee-e61411ffb097,ea15f239-9f1a-4d5a-83ab-07e6f6f5a050,c1,c3,1011,?,x7,
1769089195.1367345,RECEIVED,dbad1af8-ec7f-4247-bf6a-8dc99a12e205,2a966950-b021-456c-a8c3-8d3c949b952c,c3,DROP,1015,e5,?,
1769089195.1537962,SENT,7efe62a2-46b2-4160-a766-870a21261097,aaaa7508-4cfa-4d83-905d-49749138103f,c3,c4,1016,?,x3,
1769089195.1538372,FORWARDED,7efe62a2-46b2-4160-a766-870a21261097,aaaa7508-4cfa-4d83-905d-49749138103f,c3,c4,1016,?,x3,
1769089195.1571019,RECEIVED,35cc1760-cd8e-44a3-8481-9e5acb5ab146,2444a960-c033-4f9b-9ab5-c7679e581c01,c3,c4,1448,e5,?,
1769089195.2551892,SENT,35cc1760-cd8e-44a3-8481-9e5acb5ab146,2444a960-c033-4f9b-9ab5-c7679e581c01,c3,c4,1012,?,x6,
1769089195.2552276,FORWARDED,35cc1760-cd8e-44a3-8481-9e5acb5ab146,2444a960-c033-4f9b-9ab5-c7679e581c01,c3,c4,1012,?,x6,
1769089195.2777028,SENT,5b4863b8-ee03-464f-b4c0-592d7048a782,e8c89048-6282-4dbb-9bd5-d98787468743,c5,DROP,684,?,x6,
1769089195.2777436,FORWARDED,5b4863b8-ee03-464f-b4c0-592d7048a782,e8c89048-6282-4dbb-9bd5-d98787468743,c5,DROP,684,?,x6,
1769089195.4859152,SENT,62458f17-f9fa-4456-87cb-814713515e12,8a9e552d-178e-4ade-8896-153c423a4a58,c2,DROP,683,?,x2,
1769089195.4859555,FORWARDED,62458f17-f9fa-4456-87cb-814713515e12,8a9e552d-178e-4ade-8896-153c423a4a58,c2,DROP,683,?,x2,
1769089195.4912288,RECEIVED,bb23b059-144b-4295-8664-3d7ebb84aae0,256576b4-965e-417b-a7ee-6a913f661ba4,c1,c3,1463,e11,?,
1769089195.4933298,RECEIVED,78d5fe78-458e-4e21-b7d5-6c4d8ec8502e,78b96e35-856b-41c6-9123-cf6072a76941,c1,c3,1464,e11,?,
1769089195.59161,SENT,78d5fe78-458e-4e21-b7d5-6c4d8ec8502e,78b96e35-856b-41c6-9123-cf6072a76941,c1,c3,1024,?,x2,
1769089195.5916486,FORWARDED,78d5fe78-458e-4e21-b7d5-6c4d8ec8502e,78b96e35-856b-41c6-9123-cf6072a76941,c1,c3,1024,?,x2,
1769089195.634327,RECEIVED,2e76f663-bd8c-4b8e-a898-4dcabac94e02,2c61c5e3-408d-4107-879b-c101e8f16be5,c2,c3,1452,e12,?,
1769089195.7575488,SENT,2e76f663-bd8c-4b8e-a898-4dcabac94e02,2c61c5e3-408d-4107-879b-c101e8f16be5,c2,c3,1016,?,x6,
1769089195.7575898,FORWARDED,2e76f663-bd8c-4b8e-a898-4dcabac94e02,2c61c5e3-408d-4107-879b-c101e8f16be5,c2,c3,1016,?,x6,
1769089195.7693865,RECEIVED,0c8b2e2d-3d56-4b38-bbbb-ec38dcf5596e,43517f23-1da1-437a-863e-a474ecc74231,c3,DROP,440,x2,?,
1769089195.8263562,RECEIVED,5a7f26fc-c913-4f20-9355-a146f4a5bded,5faf7338-53d3-42b7-8db6-d0e1d50fcb90,c4,DROP,1020,e10,?,
1769089195.941164,RECEIVED,c48a2829-ed70-41b0-a1f7-744c23af0dfd,1925ba2e-8a07-4054-8905-eba058bd3247,c5,DROP,1009,e9,?,
1769089196.065548,SENT,bb23b059-144b-4295-8664-3d7ebb84aae0,256576b4-965e-417b-a7ee-6a913f661ba4,c1,c3,1024,?,x2,
1769089196.065589,FORWARDED,bb23b059-144b-4295-8664-3d7ebb84aae0,256576b4-965e-417b-a7ee-6a913f661ba4,c1,c3,1024,?,x2,
1769089196.0927613,RECEIVED,e01cfd30-4907-45a3-964e-56ff12919534,3de804e9-4a7c-4e00-99b9-0763725216d9,c1,DROP,1008,e5,?,
1769089196.1200328,SENT,c48a2829-ed70-41b0-a1f7-744c23af0dfd,1925ba2e-8a07-4054-8905-eba058bd3247,c5,DROP,683,?,x10,
1769089196.1201327,FORWARDED,c48a2829-ed70-41b0-a1f7-744c23af0dfd,1925ba2e-8a07-4054-8905-eba058bd3247,c5,DROP,683,?,x10,
1769089196.1672566,SENT,dbad1af8-ec7f-4247-bf6a-8dc99a12e205,2a966950-b021-456c-a8c3-8d3c949b952c,c3,DROP,689,?,x5,
1769089196.167295,FORWARDED,dbad1af8-ec7f-4247-bf6a-8dc99a12e205,2a966950-b021-456c-a8c3-8d3c949b952c,c3,DROP,689,?,x5,
1769089196.2078366,RECEIVED,261da7ba-be88-4d82-9106-21119f20914f,fa0aef02-2abb-4259-bd06-53701f4c1155,c3,c4,1448,e8,?,
1769089196.3229744,SENT,261da7ba-be88-4d82-9106-21119f20914f,fa0aef02-2abb-4259-bd06-53701f4c1155,c3,c4,1012,?,x3,
1769089196.3230178,FORWARDED,261da7ba-be88-4d82-9106-21119f20914f,fa0aef02-2abb-4259-bd06-53701f4c1155,c3,c4,1012,?,x3,
1769089196.4020329,RECEIVED,66c46211-786e-40dd-9763-ca4ad6790ebe,8453a4d7-9f59-455b-8bb3-9a2f359fe56b,c1,c3,1450,e4,?,
1769089196.481822,SENT,e01cfd30-4907-45a3-964e-56ff12919534,3de804e9-4a7c-4e00-99b9-0763725216d9,c1,DROP,684,?,x10,
1769089196.481863,FORWARDED,e01cfd30-4907-45a3-964e-56ff12919534,3de804e9-4a7c-4e00-99b9-0763725216d9,c1,DROP,684,?,x10,
1769089196.5951705,SENT,5a7f26fc-c913-4f20-9355-a146f4a5bded,5faf7338-53d3-42b7-8db6-d0e1d50fcb90,c4,DROP,692,?,x10,
1769089196.595244,FORWARDED,5a7f26fc-c913-4f20-9355-a146f4a5bded,5faf7338-53d3-42b7-8db6-d0e1d50fcb90,c4,DROP,692,?,x10,
1769089196.6612031,SENT,66c46211-786e-40dd-9763-ca4ad6790ebe,8453a4d7-9f59-455b-8bb3-9a2f359fe56b,c1,c3,1016,?,x8,
1769089196.661244,FORWARDED,66c46211-786e-40dd-9763-ca4ad6790ebe,8453a4d7-9f59-455b-8bb3-9a2f359fe56b,c1,c3,1016,?,x8,
1769089196.6806946,RECEIVED,2e9b0c6f-c4e6-4baa-8f17-1a4c601e9304,3febaaad-2150-45d0-b051-7762499c1ef3,c1,c3,1451,e4,?,
1769089196.8696282,RECEIVED,9b28aa4e-14fc-478b-955f-4ea1fb57abee,587461a4-f0f3-4064-94fe-9202020423fd,c4,DROP,441,x5,?,
1769089196.9949014,RECEIVED,5061263e-6b57-4856-90e8-da9f24fd0eb1,044aa405-4e39-4d7a-8bb2-9cdd452b3742,c4,DROP,1020,e9,?,
1769089197.092553,RECEIVED,07dda5cd-966e-447e-a6fa-794b441a47c3,8b5aef74-cfae-4264-a760-f98d92d2ee35,c2,DROP,1012,e1,?,
1769089197.2287457,SENT,2e9b0c6f-c4e6-4baa-8f17-1a4c601e9304,3febaaad-2150-45d0-b051-7762499c1ef3,c1,c3,1016,?,x4,
1769089197.2287877,FORWARDED,2e9b0c6f-c4e6-4baa-8f17-1a4c601e9304,3febaaad-2150-45d0-b051-7762499c1ef3,c1,c3,1016,?,x4,
1769089197.244256,RECEIVED,6731f637-f85d-4815-86c5-210d38d06f08,06cffc10-9a36-42dc-be69-6557c005fd8c,c2,c3,1451,e7,?,
1769089197.2956197,RECEIVED,eec079d4-44e4-43a0-b572-ae8a349a46c1,01bb4c27-a60b-4c6a-b8db-4dcf69544422,c5,c4,1456,e2,?,
1769089197.3891463,RECEIVED,b1559fe6-8952-451a-8f24-19c6ffef4354,59c720d4-6577-4fd8-b12f-9d257791d422,c3,c4,1452,e4,?,
1769089197.521901,SENT,eec079d4-44e4-43a0-b572-ae8a349a46c1,01bb4c27-a60b-4c6a-b8db-4dcf69544422,c5,c4,1020,?,x9,
1769089197.5219405,FORWARDED,eec079d4-44e4-43a0-b572-ae8a349a46c1,01bb4c27-a60b-4c6a-b8db-4dcf69544422,c5,c4,1020,?,x9,
1769089197.5461013,SENT,5061263e-6b57-4856-90e8-da9f24fd0eb1,044aa405-4e39-4d7a-8bb2-9cdd452b3742,c4,DROP,693,?,x12,
1769089197.5461445,FORWARDED,5061263e-6b57-4856-90e8-da9f24fd0eb1,044aa405-4e39-4d7a-8bb2-9cdd452b3742,c4,DROP,693,?,x12,
1769089197.594492,SENT,07dda5cd-966e-447e-a6fa-794b441a47c3,8b5aef74-cfae-4264-a760-f98d92d2ee35,c2,DROP,685,?,x3,
1769089197.5947578,FORWARDED,07dda5cd-966e-447e-a6fa-794b441a47c3,8b5aef74-cfae-4264-a760-f98d92d2ee35,c2,DROP,685,?,x3,
1769089197.722486,SENT,b1559fe6-8952-451a-8f24-19c6ffef4354,59c720d4-6577-4fd8-b12f-9d257791d422,c3,c4,1017,?,x1,
1769089197.7225282,FORWARDED,b1559fe6-8952-451a-8f24-19c6ffef4354,59c720d4-6577-4fd8-b12f-9d257791d422,c3,c4,1017,?,x1,
1769089197.758704,RECEIVED,100477f2-cf2a-412a-a10f-6318fe01b794,8e7224fe-32dd-40fe-b9fa-e3d0c912fe3a,c2,DROP,1011,e9,?,
1769089197.8457096,RECEIVED,a40bcddc-1800-4150-9385-50868e0ea370,801b26a8-f307-44f0-8327-458d0148fe7a,c3,DROP,1006,e10,?,
1769089197.9484704,SENT,100477f2-cf2a-412a-a10f-6318fe01b794,8e7224fe-32dd-40fe-b9fa-e3d0c912fe3a,c2,DROP,686,?,x7,
1769089197.9485047,FORWARDED,100477f2-cf2a-412a-a10f-6318fe01b794,8e7224fe-32dd-40fe-b9fa-e3d0c912fe3a,c2,DROP,686,?,x7,
1769089198.010911,SENT,a40bcddc-1800-4150-9385-50868e0ea370,801b26a8-f307-44f0-8327-458d0148fe7a,c3,DROP,684,?,x2,
1769089198.0109522,FORWARDED,a40bcddc-1800-4150-9385-50868e0ea370,801b26a8-f307-44f0-8327-458d0148fe7a,c3,DROP,684,?,x2,
1769089198.0126076,RECEIVED,1e6e63f0-4571-4983-94bc-438d3dc1f998,5dc6f5ae-d75a-4738-a307-920d40173307,c2,c3,1443,e5,?,
1769089198.1687608,RECEIVED,f64f8336-06c8-44ad-b9ad-04e959daf258,9d56c5ef-8a3e-493b-a7f3-61b659146d1e,c1,DROP,1011,e12,?,
1769089198.2056382,RECEIVED,4aae0c79-adc8-4040-a610-d1b8eb25cd93,dd9cd394-d265-4325-b32a-5fe2c95da601,c5,DROP,1008,e7,?,
1769089198.3933797,RECEIVED,a2866f54-9ac1-4023-a323-ce0046c1d905,26292e70-9e0e-431f-9ef2-aad65ff6e5d2,c2,DROP,1007,e6,?,
1769089198.4241326,SENT,f64f8336-06c8-44ad-b9ad-04e959daf258,9d56c5ef-8a3e-493b-a7f3-61b659146d1e,c1,DROP,685,?,x1,
1769089198.4241745,FORWARDED,f64f8336-06c8-44ad-b9ad-04e959daf258,9d56c5ef-8a3e-493b-a7f3-61b659146d1e,c1,DROP,685,?,x1,
1769089198.446062,RECEIVED,49587729-41b2-48dd-98ec-6949028fbcd1,52082768-1dc2-44c1-9814-36fa28db5d18,c1,c3,1457,e11,?,
1769089198.5186763,RECEIVED,9dabe4cb-d8a6-44f9-9e8a-eadc9675d95b,7d4e8be7-21b3-4ae3-907b-ca3bec1acfa7,c3,DROP,444,x2,?,
1769089198.5274007,SENT,49587729-41b2-48dd-98ec-6949028fbcd1,52082768-1dc2-44c1-9814-36fa28db5d18,c1,c3,1019,?,x7,
1769089198.5274506,FORWARDED,49587729-41b2-48dd-98ec-6949028fbcd1,52082768-1dc2-44c1-9814-36fa28db5d18,c1,c3,1019,?,x7,
1769089198.61948,SENT,4aae0c79-adc8-4040-a610-d1b8eb25cd93,dd9cd394-d265-4325-b32a-5fe2c95da601,c5,DROP,683,?,x10,
1769089198.6195202,FORWARDED,4aae0c79-adc8-4040-a610-d1b8eb25cd93,dd9cd394-d265-4325-b32a-5fe2c95da601,c5,DROP,683,?,x10,
1769089198.6322083,SENT,6731f637-f85d-4815-86c5-210d38d06f08,06cffc10-9a36-42dc-be69-6557c005fd8c,c2,c3,1015,?,x2,
1769089198.6322482,FORWARDED,6731f637-f85d-4815-86c5-210d38d06f08,06cffc10-9a36-42dc-be69-6557c005fd8c,c2,c3,1015,?,x2,
1769089199.057363,SENT,1e6e63f0-4571-4983-94bc-438d3dc1f998,5dc6f5ae-d75a-4738-a307-920d40173307,c2,c3,1011,?,x5,
1769089199.057403,FORWARDED,1e6e63f0-4571-4983-94bc-438d3dc1f998,5dc6f5ae-d75a-4738-a307-920d40173307,c2,c3,1011,?,x5,
1769089199.2262757,RECEIVED,884a42c4-9a61-4d46-874d-83b73d896524,eca12002-fdc2-4f5f-bb72-cabfae0ac5c0,c4,c1,1444,e2,?,
1769089199.4486928,SENT,884a42c4-9a61-4d46-874d-83b73d896524,eca12002-fdc2-4f5f-bb72-cabfae0ac5c0,c4,c1,1011,?,x3,
1769089199.4487348,FORWARDED,884a42c4-9a61-4d46-874d-83b73d896524,eca12002-fdc2-4f5f-bb72-cabfae0ac5c0,c4,c1,1011,?,x3,
1769089199.5072412,RECEIVED,f5fec9e9-dc94-495b-9fbe-14154577d03a,676a33f5-dc6c-4e2b-a307-77762ea23dfa,c4,c1,1443,e8,?,
1769089199.557257,SENT,a2866f54-9ac1-4023-a323-ce0046c1d905,26292e70-9e0e-431f-9ef2-aad65ff6e5d2,c2,DROP,684,?,x2,
1769089199.5572982,FORWARDED,a2866f54-9ac1-4023-a323-ce0046c1d905,26292e70-9e0e-431f-9ef2-aad65ff6e5d2,c2,DROP,684,?,x2,
1769089199.790072,RECEIVED,de5a7b3a-8ab1-4e15-899c-4d0a0aceadcb,b8d3f923-a952-41a9-8cff-8ecfc3848b41,c1,c3,1443,e5,?,
1769089199.8721523,RECEIVED,2e2ca594-1a3e-464f-bb91-9cd4e2573d8b,2db58494-9a30-4614-ae65-712557e5890b,c4,DROP,1007,e8,?,
1769089199.875183,RECEIVED,9e443f71-7cdb-48c3-97be-e788a23ddcde,f2c77347-6658-49fb-a2af-2aa136cbff7b,c4,DROP,442,x11,?,
1769089199.9022443,RECEIVED,a3d8841e-6f11-431e-ac32-93117737d949,663ee553-17dd-414e-b68f-772b54f143cb,c5,c4,1451,e7,?,
1769089199.9564154,SENT,de5a7b3a-8ab1-4e15-899c-4d0a0aceadcb,b8d3f923-a952-41a9-8cff-8ecfc3848b41,c1,c3,1011,?,x9,
1769089199.9564557,FORWARDED,de5a7b3a-8ab1-4e15-899c-4d0a0aceadcb,b8d3f923-a952-41a9-8cff-8ecfc3848b41,c1,c3,1011,?,x9,
1769089200.0866985,RECEIVED,0b9a0609-eaee-4c9a-ad0c-9de575cbd702,b98f4491-b5fd-4eea-9857-6a8d9e7f3f50,c5,DROP,1007,e3,?,
1769089200.23454,SENT,f5fec9e9-dc94-495b-9fbe-14154577d03a,676a33f5-dc6c-4e2b-a307-77762ea23dfa,c4,c1,1011,?,x1,
1769089200.2345815,FORWARDED,f5fec9e9-dc94-495b-9fbe-14154577d03a,676a33f5-dc6c-4e2b-a307-77762ea23dfa,c4,c1,1011,?,x1,
1769089200.2479515,SENT,2e2ca594-1a3e-464f-bb91-9cd4e2573d8b,2db58494-9a30-4614-ae65-712557e5890b,c4,DROP,684,?,x6,
1769089200.247992,FORWARDED,2e2ca594-1a3e-464f-bb91-9cd4e2573d8b,2db58494-9a30-4614-ae65-712557e5890b,c4,DROP,684,?,x6,
1769089200.5066705,SENT,a3d8841e-6f11-431e-ac32-93117737d949,663ee553-17dd-414e-b68f-772b54f143cb,c5,c4,1017,?,x1,
1769089200.5067132,FORWARDED,a3d8841e-6f11-431e-ac32-93117737d949,663ee553-17dd-414e-b68f-772b54f143cb,c5,c4,1017,?,x1,
1769089200.6136916,RECEIVED,f3d9c6ef-0fa7-4664-bb01-04f661a125ef,164ca1b2-4bf6-49ea-ab5f-c50576758766,c1,DROP,1009,e7,?,
1769089200.6845548,RECEIVED,e320260d-2210-4932-9ff1-8f2578071915,e65c989b-ae73-42b6-a9ba-b1a8ca87e4f1,c4,DROP,441,x3,?,
1769089200.7104213,SENT,f3d9c6ef-0fa7-4664-bb01-04f661a125ef,164ca1b2-4bf6-49ea-ab5f-c50576758766,c1,DROP,683,?,x6,
1769089200.7104616,FORWARDED,f3d9c6ef-0fa7-4664-bb01-04f661a125ef,164ca1b2-4bf6-49ea-ab5f-c50576758766,c1,DROP,683,?,x6,
1769089200.7931814,RECEIVED,d72abd4b-11d9-42d5-8e4f-83ad8c153737,7552ee3b-5664-4ad9-8565-075b2ec39e77,c2,DROP,1008,e7,?,
1769089200.8520281,RECEIVED,2a10ebbd-748b-401c-86cd-a589fcd415e2,43107be3-4341-4167-874a-07450fd7aa16,c4,DROP,445,x5,?,
1769089200.9233654,SENT,d72abd4b-11d9-42d5-8e4f-83ad8c153737,7552ee3b-5664-4ad9-8565-075b2ec39e77,c2,DROP,684,?,x1,
1769089200.9234073,FORWARDED,d72abd4b-11d9-42d5-8e4f-83ad8c153737,7552ee3b-5664-4ad9-8565-075b2ec39e77,c2,DROP,684,?,x1,
1769089201.1450844,RECEIVED,1858bc92-aeb8-4d78-95b9-eb0e0d254645,48ae6d2b-7506-41a1-a84d-52d0c96f73e2,c2,c3,1449,e2,?,
1769089201.5285616,SENT,1858bc92-aeb8-4d78-95b9-eb0e0d254645,48ae6d2b-7506-41a1-a84d-52d0c96f73e2,c2,c3,1014,?,x10,
1769089201.5286028,FORWARDED,1858bc92-aeb8-4d78-95b9-eb0e0d254645,48ae6d2b-7506-41a1-a84d-52d0c96f73e2,c2,c3,1014,?,x10,
1769089201.5731242,RECEIVED,ee1a5c4a-6b12-4c32-b19a-4b30bd57b71a,99393820-588a-4abe-aae7-62be353d9d41,c5,DROP,1008,e3,?,
1769089201.5896873,SENT,0b9a0609-eaee-4c9a-ad0c-9de575cbd702,b98f4491-b5fd-4eea-9857-6a8d9e7f3f50,c5,DROP,684,?,x6,
1769089201.5897276,FORWARDED,0b9a0609-eaee-4c9a-ad0c-9de575cbd702,b98f4491-b5fd-4eea-9857-6a8d9e7f3f50,c5,DROP,684,?,x6,
1769089201.7003086,SENT,ee1a5c4a-6b12-4c32-b19a-4b30bd57b71a,99393820-588a-4abe-aae7-62be353d9d41,c5,DROP,683,?,x7,
1769089201.7003515,FORWARDED,ee1a5c4a-6b12-4c32-b19a-4b30bd57b71a,99393820-588a-4abe-aae7-62be353d9d41,c5,DROP,683,?,x7,
1769089202.1045806,RECEIVED,2b5c2fff-bef1-42d3-8ac1-9c3cb6989c35,abffd502-01b0-4f5c-8f91-c1d8df5fda2b,c4,c1,1456,e11,?,
1769089202.1055806,RECEIVED,8be29d01-5fb3-4869-b3ae-7fd37683caa9,fc4a1607-5e23-4894-9b75-74e75b33205f,c1,c3,1452,e2,?,
1769089202.185525,RECEIVED,75b90ec0-f6f9-4bb0-8fbf-493a67f1fc1a,1801a08f-ef1a-4ecb-a6b9-73368304c30a,c5,DROP,1008,e4,?,
1769089202.2084842,SENT,2b5c2fff-bef1-42d3-8ac1-9c3cb6989c35,abffd502-01b0-4f5c-8f91-c1d8df5fda2b,c4,c1,1019,?,x7,
1769089202.2085268,FORWARDED,2b5c2fff-bef1-42d3-8ac1-9c3cb6989c35,abffd502-01b0-4f5c-8f91-c1d8df5fda2b,c4,c1,1019,?,x7,
1769089202.268694,SENT,8be29d01-5fb3-4869-b3ae-7fd37683caa9,fc4a1607-5e23-4894-9b75-74e75b33205f,c1,c3,1015,?,x4,
1769089202.2687345,FORWARDED,8be29d01-5fb3-4869-b3ae-7fd37683caa9,fc4a1607-5e23-4894-9b75-74e75b33205f,c1,c3,1015,?,x4,
1769089202.2838671,SENT,75b90ec0-f6f9-4bb0-8fbf-493a67f1fc1a,1801a08f-ef1a-4ecb-a6b9-73368304c30a,c5,DROP,682,?,x7,
1769089202.2839067,FORWARDED,75b90ec0-f6f9-4bb0-8fbf-493a67f1fc1a,1801a08f-ef1a-4ecb-a6b9-73368304c30a,c5,DROP,682,?,x7,
1769089202.5156434,RECEIVED,7e95a7f9-dbdd-4e6c-a481-542df2dcf4f9,dc4f2186-ff60-43e5-8030-1e67ee47b844,c4,c1,1448,e4,?,
1769089202.6201096,SENT,7e95a7f9-dbdd-4e6c-a481-542df2dcf4f9,dc4f2186-ff60-43e5-8030-1e67ee47b844,c4,c1,1012,?,x4,
1769089202.620156,FORWARDED,7e95a7f9-dbdd-4e6c-a481-542df2dcf4f9,dc4f2186-ff60-43e5-8030-1e67ee47b844,c4,c1,1012,?,x4,
1769089203.5240955,RECEIVED,6d742f3f-d731-4e9d-82b2-9c5130c12c18,627a1811-c10a-4421-b8f3-85b49502a3e4,c4,DROP,1017,e7,?,
1769089203.8798215,SENT,6d742f3f-d731-4e9d-82b2-9c5130c12c18,627a1811-c10a-4421-b8f3-85b49502a3e4,c4,DROP,688,?,x12,
1769089203.8798642,FORWARDED,6d742f3f-d731-4e9d-82b2-9c5130c12c18,627a1811-c10a-4421-b8f3-85b49502a3e4,c4,DROP,688,?,x12,
1769089203.9937558,RECEIVED,ee85d123-8b6f-4b27-b374-b017f9bc1a45,cd51fca4-6a3e-4691-8354-8e2ef4e08379,c4,DROP,1006,e3,?,
1769089204.0821013,RECEIVED,18659c23-f76f-4685-b8e9-6d1fda9f3d39,1ef16218-aa52-4273-8a14-67411c14cd9b,c3,c4,1464,e10,?,
1769089204.5844426,RECEIVED,bec13d39-f7ea-4c44-86ab-74f20d2ef06d,96781191-dc90-4afe-ba42-c3344526881a,c2,c3,1459,e11,?,
1769089204.7458055,SENT,18659c23-f76f-4685-b8e9-6d1fda9f3d39,1ef16218-aa52-4273-8a14-67411c14cd9b,c3,c4,1024,?,x11,
1769089204.745846,FORWARDED,18659c23-f76f-4685-b8e9-6d1fda9f3d39,1ef16218-aa52-4273-8a14-67411c14cd9b,c3,c4,1024,?,x11,
1769089204.9970796,RECEIVED,275af32f-097c-4e81-b871-e9ba88b3e35f,30e0104c-6a98-4deb-9ec7-c9cfab133ba9,c5,c4,1444,e6,?,
1769089204.9986393,SENT,ee85d123-8b6f-4b27-b374-b017f9bc1a45,cd51fca4-6a3e-4691-8354-8e2ef4e08379,c4,DROP,684,?,x6,
1769089204.9986794,FORWARDED,ee85d123-8b6f-4b27-b374-b017f9bc1a45,cd51fca4-6a3e-4691-8354-8e2ef4e08379,c4,DROP,684,?,x6,
1769089205.360002,RECEIVED,0bb5fce1-9696-44c6-80fb-950dbb2349b5,4cd1a3da-efe0-481f-80d6-15295dbde386,c1,DROP,1007,e4,?,
1769089205.4765954,RECEIVED,f86e0300-1c3f-42e5-85e7-edcac4f0545d,dfcf4f5e-c092-446e-abf9-07ea7321428f,c1,DROP,442,x11,?,
1769089205.501796,SENT,275af32f-097c-4e81-b871-e9ba88b3e35f,30e0104c-6a98-4deb-9ec7-c9cfab133ba9,c5,c4,1011,?,x4,
1769089205.5018394,FORWARDED,275af32f-097c-4e81-b871-e9ba88b3e35f,30e0104c-6a98-4deb-9ec7-c9cfab133ba9,c5,c4,1011,?,x4,
1769089205.5499406,RECEIVED,534cd34a-43d2-43d0-86c6-631884058cd0,cab16130-46d1-4644-b764-d969cbf1d347,c2,c3,1463,e10,?,
1769089205.670011,SENT,bec13d39-f7ea-4c44-86ab-74f20d2ef06d,96781191-dc90-4afe-ba42-c3344526881a,c2,c3,1023,?,x5,
1769089205.6703196,FORWARDED,bec13d39-f7ea-4c44-86ab-74f20d2ef06d,96781191-dc90-4afe-ba42-c3344526881a,c2,c3,1023,?,x5,
1769089205.6928399,RECEIVED,7d4198eb-abed-46b2-9c47-9537425dbf7e,32796c7c-5b37-4bd9-8eef-397928e8bd7e,c1,c3,1463,e12,?,
1769089206.0612185,SENT,534cd34a-43d2-43d0-86c6-631884058cd0,cab16130-46d1-4644-b764-d969cbf1d347,c2,c3,1024,?,x6,
1769089206.0612605,FORWARDED,534cd34a-43d2-43d0-86c6-631884058cd0,cab16130-46d1-4644-b764-d969cbf1d347,c2,c3,1024,?,x6,
1769089206.226259,SENT,7d4198eb-abed-46b2-9c47-9537425dbf7e,32796c7c-5b37-4bd9-8eef-397928e8bd7e,c1,c3,1024,?,x3,
1769089206.226302,FORWARDED,7d4198eb-abed-46b2-9c47-9537425dbf7e,32796c7c-5b37-4bd9-8eef-397928e8bd7e,c1,c3,1024,?,x3,
1769089206.3364897,RECEIVED,8767505b-45e4-470f-9e7c-d1c34ff32661,e23684b5-5b19-4161-90bf-32fa11e960cd,c4,DROP,1015,e3,?,
1769089206.6937046,SENT,0bb5fce1-9696-44c6-80fb-950dbb2349b5,4cd1a3da-efe0-481f-80d6-15295dbde386,c1,DROP,683,?,x11,
1769089206.6937468,FORWARDED,0bb5fce1-9696-44c6-80fb-950dbb2349b5,4cd1a3da-efe0-481f-80d6-15295dbde386,c1,DROP,683,?,x11,
1769089206.939695,RECEIVED,6d9c6de7-bf96-4a7a-92e9-bc8596ae77af,6171c839-08a3-4647-83be-c9f925dd849f,c2,DROP,1004,e4,?,
1769089206.9496415,RECEIVED,16ecb5aa-7efd-484c-925e-8c5286ba42ce,89ce32c0-0e49-4148-82ea-853491848f2b,c4,DROP,1012,e11,?,
1769089206.9804502,RECEIVED,11fea126-8ca6-49d1-83c9-06bbbe57bfa6,fddc7231-1968-4bc6-9519-9afbc4fcd20b,c2,DROP,441,x1,?,
1769089207.1120658,SENT,16ecb5aa-7efd-484c-925e-8c5286ba42ce,89ce32c0-0e49-4148-82ea-853491848f2b,c4,DROP,685,?,x9,
1769089207.1121094,FORWARDED,16ecb5aa-7efd-484c-925e-8c5286ba42ce,89ce32c0-0e49-4148-82ea-853491848f2b,c4,DROP,685,?,x9,
1769089207.189366,RECEIVED,1edfd329-c9b7-40d0-a92b-9028fd77fd15,cc279938-635a-404d-9c50-23c88ef4ffb0,c5,c4,1452,e9,?,
1769089207.2521892,SENT,6d9c6de7-bf96-4a7a-92e9-bc8596ae77af,6171c839-08a3-4647-83be-c9f925dd849f,c2,DROP,679,?,x1,
1769089207.2522256,FORWARDED,6d9c6de7-bf96-4a7a-92e9-bc8596ae77af,6171c839-08a3-4647-83be-c9f925dd849f,c2,DROP,679,?,x1,
1769089207.2823493,RECEIVED,e9679827-ed7b-403d-861d-f78afcdc0282,5890d664-d618-43cb-937e-436ebb415c66,c1,c3,1452,e11,?,
1769089207.3416271,SENT,1edfd329-c9b7-40d0-a92b-9028fd77fd15,cc279938-635a-404d-9c50-23c88ef4ffb0,c5,c4,1015,?,x4,
1769089207.3416698,FORWARDED,1edfd329-c9b7-40d0-a92b-9028fd77fd15,cc279938-635a-404d-9c50-23c88ef4ffb0,c5,c4,1015,?,x4,
1769089207.3746374,SENT,8767505b-45e4-470f-9e7c-d1c34ff32661,e23684b5-5b19-4161-90bf-32fa11e960cd,c4,DROP,688,?,x8,
1769089207.3746834,FORWARDED,8767505b-45e4-470f-9e7c-d1c34ff32661,e23684b5-5b19-4161-90bf-32fa11e960cd,c4,DROP,688,?,x8,
1769089207.4732556,RECEIVED,f3eb9352-229e-4137-a1db-46ae5f63c3d5,99d10f3a-3fd7-4324-9800-f3fb068e9b11,c2,DROP,1012,e9,?,
1769089207.6388628,SENT,f3eb9352-229e-4137-a1db-46ae5f63c3d5,99d10f3a-3fd7-4324-9800-f3fb068e9b11,c2,DROP,687,?,x9,
1769089207.6389036,FORWARDED,f3eb9352-229e-4137-a1db-46ae5f63c3d5,99d10f3a-3fd7-4324-9800-f3fb068e9b11,c2,DROP,687,?,x9,
1769089207.717576,SENT,e9679827-ed7b-403d-861d-f78afcdc0282,5890d664-d618-43cb-937e-436ebb415c66,c1,c3,1015,?,x2,
1769089207.717616,FORWARDED,e9679827-ed7b-403d-861d-f78afcdc0282,5890d664-d618-43cb-937e-436ebb415c66,c1,c3,1015,?,x2,
1769089207.8371952,RECEIVED,8c3e8a16-324a-4efe-9ab8-b7e699b8b75e,f4306814-0803-48f6-a49f-7a5e7b46308f,c5,DROP,1003,e3,?,
1769089208.0111356,RECEIVED,e73ddca5-080d-4311-8f35-b32e59772d72,af57070f-23d3-4aef-aafd-bbd6340b252a,c3,DROP,1016,e10,?,
1769089208.0840294,RECEIVED,ffa9081a-bce5-4a19-9dbe-ca64c1773396,ef5f21ba-b854-4ab3-9937-11c71c431c3f,c4,c1,1457,e11,?,
1769089208.0915573,SENT,e73ddca5-080d-4311-8f35-b32e59772d72,af57070f-23d3-4aef-aafd-bbd6340b252a,c3,DROP,688,?,x3,
1769089208.0915983,FORWARDED,e73ddca5-080d-4311-8f35-b32e59772d72,af57070f-23d3-4aef-aafd-bbd6340b252a,c3,DROP,688,?,x3,
1769089208.2269833,RECEIVED,a375a169-ef08-4f13-ad11-1548cf89e5fa,d3d45f07-1a39-48e4-8886-2fe622ec9412,c4,DROP,1010,e9,?,
1769089208.2940016,SENT,a375a169-ef08-4f13-ad11-1548cf89e5fa,d3d45f07-1a39-48e4-8886-2fe622ec9412,c4,DROP,683,?,x10,
1769089208.2940435,FORWARDED,a375a169-ef08-4f13-ad11-1548cf89e5fa,d3d45f07-1a39-48e4-8886-2fe622ec9412,c4,DROP,683,?,x10,
1769089208.3393042,SENT,ffa9081a-bce5-4a19-9dbe-ca64c1773396,ef5f21ba-b854-4ab3-9937-11c71c431c3f,c4,c1,1019,?,x12,
1769089208.3393407,FORWARDED,ffa9081a-bce5-4a19-9dbe-ca64c1773396,ef5f21ba-b854-4ab3-9937-11c71c431c3f,c4,c1,1019,?,x12,
1769089208.383746,RECEIVED,9e9eeb9e-14ff-4e3f-941c-60ed3721e56e,2b6b3437-9554-48f9-ae58-fc0e12c4cbfb,c1,DROP,1006,e2,?,
1769089208.4108613,RECEIVED,94614394-2ba9-4272-a4a1-29e6b6a131f3,48ebc3fe-07ea-413f-aeba-11c47c24320a,c3,DROP,1019,e12,?,
1769089208.5984051,SENT,8c3e8a16-324a-4efe-9ab8-b7e699b8b75e,f4306814-0803-48f6-a49f-7a5e7b46308f,c5,DROP,679,?,x6,
1769089208.5984478,FORWARDED,8c3e8a16-324a-4efe-9ab8-b7e699b8b75e,f4306814-0803-48f6-a49f-7a5e7b46308f,c5,DROP,679,?,x6,
1769089208.830467,RECEIVED,f21b7e9c-80cc-4980-992a-1912b7ab6957,92bb9857-e4e8-48fc-8573-509a480e5076,c3,DROP,446,x4,?,
1769089208.836126,RECEIVED,23ad70e9-e2e5-4e10-bd71-e6510ee49b46,d833e57d-89cc-4ff9-97aa-780647e82081,c3,c4,1444,e4,?,
1769089209.0036647,RECEIVED,6456fce6-fda4-44f4-988d-a204dc359fdd,1895bf41-24f0-4a9d-bc79-d43452dd2c4c,c4,DROP,1016,e6,?,
1769089209.029948,RECEIVED,35d5fe09-e78c-4641-9a2d-2ff2aa0e533d,2623cd4f-9c78-48f7-8bcf-feacef737aa7,c2,DROP,1016,e5,?,
1769089209.0319052,RECEIVED,b28edfa2-de95-4fa0-adc8-69b4d4abfe87,ca619788-768f-4e09-b961-0fa61364a6bc,c5,DROP,1003,e4,?,
1769089209.121523,RECEIVED,ba98b3bd-1d65-4ded-b7cb-b6c56125c281,f75d76c6-281e-43e6-9804-78ff7197aed2,c2,DROP,1013,e3,?,
1769089209.1485317,SENT,ba98b3bd-1d65-4ded-b7cb-b6c56125c281,f75d76c6-281e-43e6-9804-78ff7197aed2,c2,DROP,686,?,x11,
1769089209.1485744,FORWARDED,ba98b3bd-1d65-4ded-b7cb-b6c56125c281,f75d76c6-281e-43e6-9804-78ff7197aed2,c2,DROP,686,?,x11,
1769089209.271578,SENT,23ad70e9-e2e5-4e10-bd71-e6510ee49b46,d833e57d-89cc-4ff9-97aa-780647e82081,c3,c4,1011,?,x9,
1769089209.271615,FORWARDED,23ad70e9-e2e5-4e10-bd71-e6510ee49b46,d833e57d-89cc-4ff9-97aa-780647e82081,c3,c4,1011,?,x9,
1769089209.3284216,SENT,35d5fe09-e78c-4641-9a2d-2ff2aa0e533d,2623cd4f-9c78-48f7-8bcf-feacef737aa7,c2,DROP,688,?,x3,
1769089209.3284614,FORWARDED,35d5fe09-e78c-4641-9a2d-2ff2aa0e533d,2623cd4f-9c78-48f7-8bcf-feacef737aa7,c2,DROP,688,?,x3,
1769089209.3536544,RECEIVED,d5c177d8-5956-4b68-872a-11db6e6d1247,5f6e3fbf-f4da-4051-9513-f2dbd4fdb391,c4,c1,1449,e10,?,
1769089209.4770157,SENT,6456fce6-fda4-44f4-988d-a204dc359fdd,1895bf41-24f0-4a9d-bc79-d43452dd2c4c,c4,DROP,688,?,x1,
1769089209.4770865,FORWARDED,6456fce6-fda4-44f4-988d-a204dc359fdd,1895bf41-24f0-4a9d-bc79-d43452dd2c4c,c4,DROP,688,?,x1,
1769089209.4853568,RECEIVED,0f901f91-c232-4075-a38a-e96fc0a88f4c,49867506-3928-40e3-bdfd-8044e24fdcff,c1,DROP,1015,e2,?,
1769089209.5527134,SENT,94614394-2ba9-4272-a4a1-29e6b6a131f3,48ebc3fe-07ea-413f-aeba-11c47c24320a,c3,DROP,692,?,x1,
1769089209.552747,FORWARDED,94614394-2ba9-4272-a4a1-29e6b6a131f3,48ebc3fe-07ea-413f-aeba-11c47c24320a,c3,DROP,692,?,x1,
1769089209.6151037,RECEIVED,1fcbe3e4-7605-4e1b-8d02-39825ed2dc70,81cf7e2f-df42-4b23-beda-f676afd76607,c2,DROP,1020,e12,?,
1769089209.709228,SENT,0f901f91-c232-4075-a38a-e96fc0a88f4c,49867506-3928-40e3-bdfd-8044e24fdcff,c1,DROP,688,?,x6,
1769089209.7092752,FORWARDED,0f901f91-c232-4075-a38a-e96fc0a88f4c,49867506-3928-40e3-bdfd-8044e24fdcff,c1,DROP,688,?,x6,
1769089209.8237503,SENT,b28edfa2-de95-4fa0-adc8-69b4d4abfe87,ca619788-768f-4e09-b961-0fa61364a6bc,c5,DROP,679,?,x6,
1769089209.8237927,FORWARDED,b28edfa2-de95-4fa0-adc8-69b4d4abfe87,ca619788-768f-4e09-b961-0fa61364a6bc,c5,DROP,679,?,x6,
1769089209.8271694,RECEIVED,bab5c66a-6650-4944-983d-fdf430617356,3d151c00-70d0-433f-90b3-cc292644d99d,c4,c1,1457,e7,?,
1769089210.1117961,RECEIVED,3dcf35a5-541b-4d6e-93e1-d390bfec5ba9,b842683c-6bcd-48f4-9159-6b13c4912465,c2,DROP,1012,e4,?,
1769089210.1141055,RECEIVED,458d079a-2075-4678-a485-67a18d19273c,0feca506-afdd-4a0d-8041-e6fd9a65df29,c4,DROP,1017,e9,?,
1769089210.133374,SENT,9e9eeb9e-14ff-4e3f-941c-60ed3721e56e,2b6b3437-9554-48f9-ae58-fc0e12c4cbfb,c1,DROP,683,?,x4,
1769089210.1334147,FORWARDED,9e9eeb9e-14ff-4e3f-941c-60ed3721e56e,2b6b3437-9554-48f9-ae58-fc0e12c4cbfb,c1,DROP,683,?,x4,
1769089210.178484,SENT,3dcf35a5-541b-4d6e-93e1-d390bfec5ba9,b842683c-6bcd-48f4-9159-6b13c4912465,c2,DROP,685,?,x5,
1769089210.1785278,FORWARDED,3dcf35a5-541b-4d6e-93e1-d390bfec5ba9,b842683c-6bcd-48f4-9159-6b13c4912465,c2,DROP,685,?,x5,
1769089210.2376642,SENT,1fcbe3e4-7605-4e1b-8d02-39825ed2dc70,81cf7e2f-df42-4b23-beda-f676afd76607,c2,DROP,691,?,x11,
1769089210.2377033,FORWARDED,1fcbe3e4-7605-4e1b-8d02-39825ed2dc70,81cf7e2f-df42-4b23-beda-f676afd76607,c2,DROP,691,?,x11,
1769089210.2765324,SENT,bab5c66a-6650-4944-983d-fdf430617356,3d151c00-70d0-433f-90b3-cc292644d99d,c4,c1,1020,?,x11,
1769089210.2765756,FORWARDED,bab5c66a-6650-4944-983d-fdf430617356,3d151c00-70d0-433f-90b3-cc292644d99d,c4,c1,1020,?,x11,
1769089210.44045,RECEIVED,5e1543ad-adab-4961-8c28-00975f96b322,c769daaf-d752-43ef-acba-2656849c9875,c2,c3,1457,e8,?,
1769089210.5317564,SENT,458d079a-2075-4678-a485-67a18d19273c,0feca506-afdd-4a0d-8041-e6fd9a65df29,c4,DROP,688,?,x11,
1769089210.5317974,FORWARDED,458d079a-2075-4678-a485-67a18d19273c,0feca506-afdd-4a0d-8041-e6fd9a65df29,c4,DROP,688,?,x11,
1769089210.5367906,SENT,5e1543ad-adab-4961-8c28-00975f96b322,c769daaf-d752-43ef-acba-2656849c9875,c2,c3,1019,?,x12,
1769089210.5368323,FORWARDED,5e1543ad-adab-4961-8c28-00975f96b322,c769daaf-d752-43ef-acba-2656849c9875,c2,c3,1019,?,x12,
1769089211.0903149,RECEIVED,2a6f808b-6e64-46d3-a5eb-04aa9910af36,ee14199f-477c-4820-9752-7df4b01873a9,c1,c3,1451,e5,?,
1769089211.6249292,SENT,2a6f808b-6e64-46d3-a5eb-04aa9910af36,ee14199f-477c-4820-9752-7df4b01873a9,c1,c3,1016,?,x8,
1769089211.6249707,FORWARDED,2a6f808b-6e64-46d3-a5eb-04aa9910af36,ee14199f-477c-4820-9752-7df4b01873a9,c1,c3,1016,?,x8,
1769089211.6513147,RECEIVED,2180c720-bc39-40c3-b880-406705d6be87,d069fcae-0dbc-4b4a-8b30-8a47d5430484,c5,DROP,1012,e6,?,
1769089211.7122803,SENT,d5c177d8-5956-4b68-872a-11db6e6d1247,5f6e3fbf-f4da-4051-9513-f2dbd4fdb391,c4,c1,1017,?,x6,
1769089211.7123263,FORWARDED,d5c177d8-5956-4b68-872a-11db6e6d1247,5f6e3fbf-f4da-4051-9513-f2dbd4fdb391,c4,c1,1017,?,x6,
1769089211.7953024,RECEIVED,27c1b6be-d972-44d9-82a7-aa570df9e94b,dbacd7bc-4694-4f81-9168-f6c2ddb686bd,c3,DROP,1007,e5,?,
1769089211.8052714,RECEIVED,8233fd5b-0ab3-4dad-b45a-8b7fbf4b2dbd,55e290cd-89d4-4c09-8600-e20b51954791,c1,c3,1448,e1,?,
1769089211.864493,SENT,8233fd5b-0ab3-4dad-b45a-8b7fbf4b2dbd,55e290cd-89d4-4c09-8600-e20b51954791,c1,c3,1013,?,x1,
1769089211.864533,FORWARDED,8233fd5b-0ab3-4dad-b45a-8b7fbf4b2dbd,55e290cd-89d4-4c09-8600-e20b51954791,c1,c3,1013,?,x1,
1769089211.8653872,RECEIVED,c0173c18-3d56-40f6-8fc1-b20116d0521f,9c4506d3-caf3-4453-b7c6-dddf255fd056,c2,DROP,441,x2,?,
1769089211.9504206,RECEIVED,c9ee5dba-55c3-49d3-b28b-bb18436950c2,8f31c9f0-f840-41df-8f10-108db7a62731,c4,DROP,1013,e1,?,
1769089212.0447345,SENT,2180c720-bc39-40c3-b880-406705d6be87,d069fcae-0dbc-4b4a-8b30-8a47d5430484,c5,DROP,687,?,x11,
1769089212.0447772,FORWARDED,2180c720-bc39-40c3-b880-406705d6be87,d069fcae-0dbc-4b4a-8b30-8a47d5430484,c5,DROP,687,?,x11,
1769089212.1689239,SENT,c9ee5dba-55c3-49d3-b28b-bb18436950c2,8f31c9f0-f840-41df-8f10-108db7a62731,c4,DROP,687,?,x12,
1769089212.1689625,FORWARDED,c9ee5dba-55c3-49d3-b28b-bb18436950c2,8f31c9f0-f840-41df-8f10-108db7a62731,c4,DROP,687,?,x12,
1769089212.4322002,RECEIVED,87919097-7061-4e07-bbf2-981c8429534d,0b4eacff-d432-4805-832d-f7b81c3d6743,c5,c4,1444,e9,?,
1769089212.4784343,RECEIVED,d50f79c1-5949-40e7-8e5c-8a41d573fe8c,1f408484-3d14-4709-bb58-6cb687115b5c,c1,c3,1464,e12,?,
1769089212.4891744,SENT,27c1b6be-d972-44d9-82a7-aa570df9e94b,dbacd7bc-4694-4f81-9168-f6c2ddb686bd,c3,DROP,683,?,x8,
1769089212.4892108,FORWARDED,27c1b6be-d972-44d9-82a7-aa570df9e94b,dbacd7bc-4694-4f81-9168-f6c2ddb686bd,c3,DROP,683,?,x8,
1769089212.4977512,RECEIVED,47086fa6-119e-4082-8cf3-bf5f11c419d4,e316d6d9-a5a7-4b5d-be84-d3cb21295b88,c4,DROP,1020,e3,?,
1769089212.6032796,SENT,87919097-7061-4e07-bbf2-981c8429534d,0b4eacff-d432-4805-832d-f7b81c3d6743,c5,c4,1011,?,x1,
1769089212.603317,FORWARDED,87919097-7061-4e07-bbf2-981c8429534d,0b4eacff-d432-4805-832d-f7b81c3d6743,c5,c4,1011,?,x1,
1769089213.0966656,SENT,d50f79c1-5949-40e7-8e5c-8a41d573fe8c,1f408484-3d14-4709-bb58-6cb687115b5c,c1,c3,1024,?,x11,
1769089213.096707,FORWARDED,d50f79c1-5949-40e7-8e5c-8a41d573fe8c,1f408484-3d14-4709-bb58-6cb687115b5c,c1,c3,1024,?,x11,
1769089213.30981,SENT,47086fa6-119e-4082-8cf3-bf5f11c419d4,e316d6d9-a5a7-4b5d-be84-d3cb21295b88,c4,DROP,692,?,x10,
1769089213.3098457,FORWARDED,47086fa6-119e-4082-8cf3-bf5f11c419d4,e316d6d9-a5a7-4b5d-be84-d3cb21295b88,c4,DROP,692,?,x10,
1769089213.4696734,RECEIVED,5c31832e-93c5-4e7d-a806-e4c55536deaa,cab76aed-02c5-4b14-a866-5f229cdb6597,c4,DROP,1012,e12,?,
1769089213.4952419,RECEIVED,79302e2d-aadf-4cd2-858c-140b1050f13e,b964ff5d-b5fb-4f0a-b2d2-43064fd3219e,c1,c3,1443,e4,?,
1769089213.5365558,RECEIVED,6cb57071-99b9-49b6-a391-4efd9f8d9d92,bbdf8a71-cf02-4ccb-9e26-956e1e678bc0,c4,c1,1456,e11,?,
1769089213.5989666,SENT,6cb57071-99b9-49b6-a391-4efd9f8d9d92,bbdf8a71-cf02-4ccb-9e26-956e1e678bc0,c4,c1,1019,?,x10,
1769089213.599009,FORWARDED,6cb57071-99b9-49b6-a391-4efd9f8d9d92,bbdf8a71-cf02-4ccb-9e26-956e1e678bc0,c4,c1,1019,?,x10,
1769089213.6795979,SENT,5c31832e-93c5-4e7d-a806-e4c55536deaa,cab76aed-02c5-4b14-a866-5f229cdb6597,c4,DROP,685,?,x10,
1769089213.6796374,FORWARDED,5c31832e-93c5-4e7d-a806-e4c55536deaa,cab76aed-02c5-4b14-a866-5f229cdb6597,c4,DROP,685,?,x10,
1769089213.8743749,RECEIVED,b53927c0-8be4-49cd-a5fd-3a9b06a1ed63,45e4cfaf-f734-45ab-a88f-8233f2a652da,c2,c3,1439,e4,?,
1769089213.9941237,RECEIVED,34643626-e698-4d98-afc2-180fb80faab3,9584ded2-5719-4f86-87ce-9fe4c3e9e5be,c5,c4,1448,e2,?,
1769089214.0848818,SENT,34643626-e698-4d98-afc2-180fb80faab3,9584ded2-5719-4f86-87ce-9fe4c3e9e5be,c5,c4,1012,?,x7,
1769089214.0849245,FORWARDED,34643626-e698-4d98-afc2-180fb80faab3,9584ded2-5719-4f86-87ce-9fe4c3e9e5be,c5,c4,1012,?,x7,
1769089214.1939037,SENT,79302e2d-aadf-4cd2-858c-140b1050f13e,b964ff5d-b5fb-4f0a-b2d2-43064fd3219e,c1,c3,1010,?,x1,
1769089214.1939425,FORWARDED,79302e2d-aadf-4cd2-858c-140b1050f13e,b964ff5d-b5fb-4f0a-b2d2-43064fd3219e,c1,c3,1010,?,x1,
1769089214.2699342,RECEIVED,5a5721bf-4c91-4d4f-b6e8-bfac93b64e0a,7337109c-e618-465c-b131-eb38921e235a,c4,c1,1461,e5,?,
1769089214.3781607,RECEIVED,5c3ac519-909c-44f0-b1a0-44035657a0ed,90a55de7-34ad-4885-b345-f0883fefd67d,c4,DROP,1016,e7,?,
1769089214.4285269,RECEIVED,5cb16be0-a7af-45d5-b3a8-d8fb5da31f0b,79a5c7e6-81d2-4238-8dd3-04bcc8684c66,c1,DROP,443,x8,?,
1769089214.431063,SENT,5c3ac519-909c-44f0-b1a0-44035657a0ed,90a55de7-34ad-4885-b345-f0883fefd67d,c4,DROP,688,?,x9,
1769089214.4311063,FORWARDED,5c3ac519-909c-44f0-b1a0-44035657a0ed,90a55de7-34ad-4885-b345-f0883fefd67d,c4,DROP,688,?,x9,
1769089214.4324505,RECEIVED,1b069de8-8c53-4f90-99f3-d7ece5b29383,f23d75b0-ba85-44cb-837c-5cba147c17d9,c4,c1,1452,e11,?,
1769089214.4520283,SENT,5a5721bf-4c91-4d4f-b6e8-bfac93b64e0a,7337109c-e618-465c-b131-eb38921e235a,c4,c1,1023,?,x12,
1769089214.4520774,FORWARDED,5a5721bf-4c91-4d4f-b6e8-bfac93b64e0a,7337109c-e618-465c-b131-eb38921e235a,c4,c1,1023,?,x12,
1769089214.484782,SENT,b53927c0-8be4-49cd-a5fd-3a9b06a1ed63,45e4cfaf-f734-45ab-a88f-8233f2a652da,c2,c3,1008,?,x6,
1769089214.484825,FORWARDED,b53927c0-8be4-49cd-a5fd-3a9b06a1ed63,45e4cfaf-f734-45ab-a88f-8233f2a652da,c2,c3,1008,?,x6,
1769089214.5423594,RECEIVED,ba8a1383-ea41-4085-9032-ed6f7c948f04,88b11115-2907-4993-b211-0a6256cbb91e,c1,c3,1451,e7,?,
1769089214.6260014,SENT,1b069de8-8c53-4f90-99f3-d7ece5b29383,f23d75b0-ba85-44cb-837c-5cba147c17d9,c4,c1,1015,?,x5,
1769089214.6262352,FORWARDED,1b069de8-8c53-4f90-99f3-d7ece5b29383,f23d75b0-ba85-44cb-837c-5cba147c17d9,c4,c1,1015,?,x5,
1769089214.6759715,RECEIVED,9ee848a4-8091-4965-af42-5d4fe04ce068,42e0eeb8-ffae-410e-9590-f9a9bae39f6a,c1,c3,1456,e11,?,
1769089214.718323,RECEIVED,8f33fea0-cb7c-4fae-b201-d9aad6226e45,c2ddb964-7e44-469e-b63d-7b39f8749678,c1,DROP,445,x11,?,
1769089214.9248116,RECEIVED,bfc154c5-c3c7-4e51-98ec-1d004691c5e6,70f421eb-3e80-42d4-9ba7-6662b0222cc6,c3,c4,1461,e10,?,
1769089214.9720836,SENT,bfc154c5-c3c7-4e51-98ec-1d004691c5e6,70f421eb-3e80-42d4-9ba7-6662b0222cc6,c3,c4,1023,?,x10,
1769089214.9721265,FORWARDED,bfc154c5-c3c7-4e51-98ec-1d004691c5e6,70f421eb-3e80-42d4-9ba7-6662b0222cc6,c3,c4,1023,?,x10,
1769089215.084569,RECEIVED,696a6279-bbb7-415e-ab46-74c77b2a0075,f521ad4b-b9d3-4442-8bd6-27b3011101e1,c2,c3,1450,e10,?,
1769089215.1158037,RECEIVED,7db036f9-fdd4-4674-8ded-005dd46575aa,83b2a7b2-c5b7-4f76-813c-3ce236566c1d,c5,c4,1447,e2,?,
1769089215.1174457,SENT,696a6279-bbb7-415e-ab46-74c77b2a0075,f521ad4b-b9d3-4442-8bd6-27b3011101e1,c2,c3,1012,?,x10,
1769089215.1174836,FORWARDED,696a6279-bbb7-415e-ab46-74c77b2a0075,f521ad4b-b9d3-4442-8bd6-27b3011101e1,c2,c3,1012,?,x10,
1769089215.1683617,RECEIVED,86d5ad00-302e-4879-9a5a-40e74cb77524,ab46299b-1a12-4e5d-afed-da1144b2b9df,c1,DROP,1009,e3,?,
1769089215.2812293,SENT,86d5ad00-302e-4879-9a5a-40e74cb77524,ab46299b-1a12-4e5d-afed-da1144b2b9df,c1,DROP,684,?,x11,
1769089215.2812722,FORWARDED,86d5ad00-302e-4879-9a5a-40e74cb77524,ab46299b-1a12-4e5d-afed-da1144b2b9df,c1,DROP,684,?,x11,
1769089215.344417,SENT,9ee848a4-8091-4965-af42-5d4fe04ce068,42e0eeb8-ffae-410e-9590-f9a9bae39f6a,c1,c3,1019,?,x12,
1769089215.3444588,FORWARDED,9ee848a4-8091-4965-af42-5d4fe04ce068,42e0eeb8-ffae-410e-9590-f9a9bae39f6a,c1,c3,1019,?,x12,
1769089215.5380893,SENT,ba8a1383-ea41-4085-9032-ed6f7c948f04,88b11115-2907-4993-b211-0a6256cbb91e,c1,c3,1015,?,x1,
1769089215.5381315,FORWARDED,ba8a1383-ea41-4085-9032-ed6f7c948f04,88b11115-2907-4993-b211-0a6256cbb91e,c1,c3,1015,?,x1,
1769089215.6466172,RECEIVED,e7a49a7d-b305-431c-986f-41b1a5aae7d9,a94a0f2f-d05a-4c0f-8ee9-691ddf203cb8,c4,c1,1455,e11,?,
1769089215.7363179,RECEIVED,bb075ff5-2f1c-4775-be16-b03570c92c89,91ec0ac2-e0d0-4108-9f1d-057c612a04e6,c4,DROP,1011,e2,?,
1769089215.8848777,RECEIVED,bd67ce8e-f05b-4a26-a771-14a0d5bcd92e,80558b22-6507-4d35-a8cb-b25cca0d8b68,c2,c3,1452,e5,?,
1769089215.956671,RECEIVED,e683de00-0c80-428c-99fd-49562e173e04,0ebc55c2-ddfc-409e-99b4-6d8454f9fdac,c5,c4,1444,e9,?,
1769089215.9745255,SENT,bb075ff5-2f1c-4775-be16-b03570c92c89,91ec0ac2-e0d0-4108-9f1d-057c612a04e6,c4,DROP,686,?,x10,
1769089215.9745638,FORWARDED,bb075ff5-2f1c-4775-be16-b03570c92c89,91ec0ac2-e0d0-4108-9f1d-057c612a04e6,c4,DROP,686,?,x10,
1769089216.2297332,SENT,7db036f9-fdd4-4674-8ded-005dd46575aa,83b2a7b2-c5b7-4f76-813c-3ce236566c1d,c5,c4,1012,?,x6,
1769089216.2297714,FORWARDED,7db036f9-fdd4-4674-8ded-005dd46575aa,83b2a7b2-c5b7-4f76-813c-3ce236566c1d,c5,c4,1012,?,x6,
1769089216.2499359,SENT,e683de00-0c80-428c-99fd-49562e173e04,0ebc55c2-ddfc-409e-99b4-6d8454f9fdac,c5,c4,1011,?,x10,
1769089216.2499776,FORWARDED,e683de00-0c80-428c-99fd-49562e173e04,0ebc55c2-ddfc-409e-99b4-6d8454f9fdac,c5,c4,1011,?,x10,
1769089216.2622356,RECEIVED,16f7782d-0ab3-4efa-a252-5b6517175d32,28042f22-8eb7-4918-a336-33470cf06ef0,c1,DROP,441,x10,?,
1769089216.3382955,RECEIVED,15f646ee-6b67-47da-a687-0367fe3a949e,9180c032-eb25-45e8-8d60-ccc1e1e1852a,c3,c4,1448,e1,?,
1769089216.3878345,RECEIVED,96fef2e9-2fa0-4160-aa2d-fa9a2e9866ce,497ade64-6579-4fd2-a8f9-b04752bfb63b,c2,DROP,442,x6,?,
1769089216.4458873,RECEIVED,5218819f-2a32-43bb-98fb-e0b87131c7c1,a2593cbc-3668-4b0f-b592-07e1e45702a0,c1,DROP,1020,e8,?,
1769089216.5442653,RECEIVED,3aab1682-864e-459c-908f-976d520430e7,944a3524-01ce-4239-a076-7eb73b6dce45,c1,c3,1447,e3,?,
1769089216.6882977,RECEIVED,85cef925-f78a-44d9-ae9e-5e5f62eb6a8d,663872fc-7c5b-42c4-bd81-770e9c6528c4,c5,DROP,1010,e11,?,
1769089216.7356162,SENT,85cef925-f78a-44d9-ae9e-5e5f62eb6a8d,663872fc-7c5b-42c4-bd81-770e9c6528c4,c5,DROP,683,?,x12,
1769089216.7356565,FORWARDED,85cef925-f78a-44d9-ae9e-5e5f62eb6a8d,663872fc-7c5b-42c4-bd81-770e9c6528c4,c5,DROP,683,?,x12,
1769089216.7727134,SENT,15f646ee-6b67-47da-a687-0367fe3a949e,9180c032-eb25-45e8-8d60-ccc1e1e1852a,c3,c4,1012,?,x5,
1769089216.7727542,FORWARDED,15f646ee-6b67-47da-a687-0367fe3a949e,9180c032-eb25-45e8-8d60-ccc1e1e1852a,c3,c4,1012,?,x5,
1769089216.7801692,SENT,3aab1682-864e-459c-908f-976d520430e7,944a3524-01ce-4239-a076-7eb73b6dce45,c1,c3,1012,?,x7,
1769089216.7802255,FORWARDED,3aab1682-864e-459c-908f-976d520430e7,944a3524-01ce-4239-a076-7eb73b6dce45,c1,c3,1012,?,x7,
1769089216.793861,SENT,e7a49a7d-b305-431c-986f-41b1a5aae7d9,a94a0f2f-d05a-4c0f-8ee9-691ddf203cb8,c4,c1,1019,?,x3,
1769089216.7938943,FORWARDED,e7a49a7d-b305-431c-986f-41b1a5aae7d9,a94a0f2f-d05a-4c0f-8ee9-691ddf203cb8,c4,c1,1019,?,x3,
1769089217.0165725,SENT,bd67ce8e-f05b-4a26-a771-14a0d5bcd92e,80558b22-6507-4d35-a8cb-b25cca0d8b68,c2,c3,1015,?,x12,
1769089217.0166128,FORWARDED,bd67ce8e-f05b-4a26-a771-14a0d5bcd92e,80558b22-6507-4d35-a8cb-b25cca0d8b68,c2,c3,1015,?,x12,
1769089217.1319168,SENT,5218819f-2a32-43bb-98fb-e0b87131c7c1,a2593cbc-3668-4b0f-b592-07e1e45702a0,c1,DROP,692,?,x11,
1769089217.1319556,FORWARDED,5218819f-2a32-43bb-98fb-e0b87131c7c1,a2593cbc-3668-4b0f-b592-07e1e45702a0,c1,DROP,692,?,x11,
1769089217.1653726,RECEIVED,1f4fd8fb-7eea-4dff-b77d-fb39a21ddb53,34561a7d-b7eb-47f2-8b68-76b931ab2650,c3,DROP,1017,e12,?,
1769089217.223464,SENT,1f4fd8fb-7eea-4dff-b77d-fb39a21ddb53,34561a7d-b7eb-47f2-8b68-76b931ab2650,c3,DROP,689,?,x2,
1769089217.2235057,FORWARDED,1f4fd8fb-7eea-4dff-b77d-fb39a21ddb53,34561a7d-b7eb-47f2-8b68-76b931ab2650,c3,DROP,689,?,x2,
1769089217.3592932,RECEIVED,2a55804c-9bcb-4f31-934e-70b46e1eb9ad,9df6e400-7968-4b92-8620-ebf90efecd78,c5,DROP,1013,e12,?,
1769089217.3799365,SENT,2a55804c-9bcb-4f31-934e-70b46e1eb9ad,9df6e400-7968-4b92-8620-ebf90efecd78,c5,DROP,687,?,x1,
1769089217.3799736,FORWARDED,2a55804c-9bcb-4f31-934e-70b46e1eb9ad,9df6e400-7968-4b92-8620-ebf90efecd78,c5,DROP,687,?,x1,
1769089217.8755612,RECEIVED,4098b755-2ac9-4414-a730-d5865f3558c0,0a1e5c3d-db9e-437b-a3fb-ccd9673208d0,c5,DROP,995,e9,?,
1769089217.908933,RECEIVED,1909e474-e807-4457-83b4-7cf4c40d16bf,d5272ac0-5e21-4df9-ad84-964e0535b9d7,c4,DROP,1012,e3,?,
1769089218.0144358,SENT,1909e474-e807-4457-83b4-7cf4c40d16bf,d5272ac0-5e21-4df9-ad84-964e0535b9d7,c4,DROP,685,?,x4,
1769089218.014476,FORWARDED,1909e474-e807-4457-83b4-7cf4c40d16bf,d5272ac0-5e21-4df9-ad84-964e0535b9d7,c4,DROP,685,?,x4,
1769089218.402624,RECEIVED,191ca14c-3395-4cfb-9c0d-888b8a92751d,f04a7d48-caf3-4837-85b1-03abab125ad2,c4,c1,1447,e7,?,
1769089218.4766064,RECEIVED,e529f7fe-bbc5-4478-9a2c-a8c0055390b2,e1b7696c-185c-4d39-bd2f-7c305952fe01,c3,DROP,1010,e1,?,
1769089218.5197356,SENT,e529f7fe-bbc5-4478-9a2c-a8c0055390b2,e1b7696c-185c-4d39-bd2f-7c305952fe01,c3,DROP,687,?,x5,
1769089218.519775,FORWARDED,e529f7fe-bbc5-4478-9a2c-a8c0055390b2,e1b7696c-185c-4d39-bd2f-7c305952fe01,c3,DROP,687,?,x5,
1769089218.674603,RECEIVED,b990300b-a2dd-403a-8000-0e8a6593e026,29ce545a-6929-4afa-90ed-3a985c8f9946,c4,DROP,1017,e1,?,
1769089218.7098188,SENT,b990300b-a2dd-403a-8000-0e8a6593e026,29ce545a-6929-4afa-90ed-3a985c8f9946,c4,DROP,688,?,x2,
1769089218.7098565,FORWARDED,b990300b-a2dd-403a-8000-0e8a6593e026,29ce545a-6929-4afa-90ed-3a985c8f9946,c4,DROP,688,?,x2,
1769089218.7114332,SENT,191ca14c-3395-4cfb-9c0d-888b8a92751d,f04a7d48-caf3-4837-85b1-03abab125ad2,c4,c1,1012,?,x7,
1769089218.711471,FORWARDED,191ca14c-3395-4cfb-9c0d-888b8a92751d,f04a7d48-caf3-4837-85b1-03abab125ad2,c4,c1,1012,?,x7,
1769089218.7288697,RECEIVED,c0006384-a0cc-4b05-86ff-c4fea158fef1,660f6ed6-f83c-4c8a-bc61-c445c1ed5c85,c1,c3,1452,e7,?,
1769089219.2539842,SENT,4098b755-2ac9-4414-a730-d5865f3558c0,0a1e5c3d-db9e-437b-a3fb-ccd9673208d0,c5,DROP,675,?,x2,
1769089219.2540247,FORWARDED,4098b755-2ac9-4414-a730-d5865f3558c0,0a1e5c3d-db9e-437b-a3fb-ccd9673208d0,c5,DROP,675,?,x2,
1769089219.2627695,RECEIVED,9b3020d3-684b-40d8-96de-1b725b74f85d,f13b2455-026c-4d85-b672-bb8576273028,c3,c4,1453,e5,?,
1769089219.3595448,SENT,9b3020d3-684b-40d8-96de-1b725b74f85d,f13b2455-026c-4d85-b672-bb8576273028,c3,c4,1016,?,x11,
1769089219.359579,FORWARDED,9b3020d3-684b-40d8-96de-1b725b74f85d,f13b2455-026c-4d85-b672-bb8576273028,c3,c4,1016,?,x11,
1769089219.4800608,SENT,c0006384-a0cc-4b05-86ff-c4fea158fef1,660f6ed6-f83c-4c8a-bc61-c445c1ed5c85,c1,c3,1016,?,x11,
1769089219.480103,FORWARDED,c0006384-a0cc-4b05-86ff-c4fea158fef1,660f6ed6-f83c-4c8a-bc61-c445c1ed5c85,c1,c3,1016,?,x11,
1769089219.6789923,RECEIVED,93264201-b424-403e-a312-4138258c43e7,1c810b6b-4eee-45b3-92c9-0b13ead2f138,c5,DROP,1012,e11,?,
1769089220.1908898,RECEIVED,c234bce9-59ca-4221-9025-c8cf9ea61b8d,3b509972-899a-4fb6-a8fd-999043c6b176,c4,DROP,1008,e2,?,
1769089220.2228692,RECEIVED,1b93f00d-d9e9-41c2-96cd-c89d3e242db6,ba7e1c62-f0e2-46aa-9a59-6f8672c7f608,c2,DROP,1015,e2,?,
1769089220.4149635,SENT,c234bce9-59ca-4221-9025-c8cf9ea61b8d,3b509972-899a-4fb6-a8fd-999043c6b176,c4,DROP,683,?,x7,
1769089220.4150052,FORWARDED,c234bce9-59ca-4221-9025-c8cf9ea61b8d,3b509972-899a-4fb6-a8fd-999043c6b176,c4,DROP,683,?,x7,
1769089220.5048182,RECEIVED,5cd49709-3354-4e5f-b54a-2e0501381651,9c0191d5-fd9c-4126-838b-8d98f91cb1f6,c4,DROP,1006,e11,?,
1769089220.5262785,RECEIVED,a41fff61-4fe9-424f-820e-f15a0447f9f2,160ec7e9-7acc-41d7-9c40-8e64af889c17,c2,DROP,1013,e5,?,
1769089220.616618,SENT,a41fff61-4fe9-424f-820e-f15a0447f9f2,160ec7e9-7acc-41d7-9c40-8e64af889c17,c2,DROP,685,?,x7,
1769089220.6166592,FORWARDED,a41fff61-4fe9-424f-820e-f15a0447f9f2,160ec7e9-7acc-41d7-9c40-8e64af889c17,c2,DROP,685,?,x7,
1769089220.7849176,RECEIVED,cf3c28c9-7f09-4269-843d-ac2eaaf0be26,3758d269-64f1-4f54-98d6-163bd0a4ab27,c4,c1,1443,e12,?,
1769089221.0444052,RECEIVED,bcf40a85-f95e-454b-bd7b-12c602b152a3,54d18897-9cef-40e3-a71c-59e1b621841a,c5,c4,1452,e5,?,
1769089221.1038022,RECEIVED,094af2a0-e8cd-48df-973e-41b3e8ea92cd,716848a0-36cd-4aa5-ac8e-ddcd288808ef,c5,DROP,1012,e1,?,
1769089221.1309073,SENT,cf3c28c9-7f09-4269-843d-ac2eaaf0be26,3758d269-64f1-4f54-98d6-163bd0a4ab27,c4,c1,1011,?,x1,
1769089221.13095,FORWARDED,cf3c28c9-7f09-4269-843d-ac2eaaf0be26,3758d269-64f1-4f54-98d6-163bd0a4ab27,c4,c1,1011,?,x1,
1769089221.1660984,SENT,1b93f00d-d9e9-41c2-96cd-c89d3e242db6,ba7e1c62-f0e2-46aa-9a59-6f8672c7f608,c2,DROP,688,?,x7,
1769089221.166144,FORWARDED,1b93f00d-d9e9-41c2-96cd-c89d3e242db6,ba7e1c62-f0e2-46aa-9a59-6f8672c7f608,c2,DROP,688,?,x7,
1769089221.196841,SENT,93264201-b424-403e-a312-4138258c43e7,1c810b6b-4eee-45b3-92c9-0b13ead2f138,c5,DROP,687,?,x12,
1769089221.1968782,FORWARDED,93264201-b424-403e-a312-4138258c43e7,1c810b6b-4eee-45b3-92c9-0b13ead2f138,c5,DROP,687,?,x12,
1769089221.2322412,RECEIVED,d6d228ea-2351-4e71-b217-3b4cf9433cc8,b79ba1b8-1c52-4620-9e63-772a9f69062c,c1,DROP,441,x2,?,
1769089221.2503793,SENT,094af2a0-e8cd-48df-973e-41b3e8ea92cd,716848a0-36cd-4aa5-ac8e-ddcd288808ef,c5,DROP,686,?,x7,
1769089221.2504134,FORWARDED,094af2a0-e8cd-48df-973e-41b3e8ea92cd,716848a0-36cd-4aa5-ac8e-ddcd288808ef,c5,DROP,686,?,x7,
1769089221.2665944,SENT,5cd49709-3354-4e5f-b54a-2e0501381651,9c0191d5-fd9c-4126-838b-8d98f91cb1f6,c4,DROP,684,?,x1,
1769089221.2666373,FORWARDED,5cd49709-3354-4e5f-b54a-2e0501381651,9c0191d5-fd9c-4126-838b-8d98f91cb1f6,c4,DROP,684,?,x1,
1769089221.267947,RECEIVED,2593a3da-5ae6-47e9-af6b-a329537a63b1,165747dc-e19f-4543-8e7c-b6fda9aa40bf,c4,DROP,440,x6,?,
1769089221.4261918,RECEIVED,c4458ee4-c8fa-4d46-805f-26d296faffe7,599dfc12-13bd-4189-9a82-5566ae138645,c5,c4,1459,e7,?,
1769089221.4684155,SENT,c4458ee4-c8fa-4d46-805f-26d296faffe7,599dfc12-13bd-4189-9a82-5566ae138645,c5,c4,1020,?,x12,
1769089221.4684548,FORWARDED,c4458ee4-c8fa-4d46-805f-26d296faffe7,599dfc12-13bd-4189-9a82-5566ae138645,c5,c4,1020,?,x12,
1769089221.491693,SENT,bcf40a85-f95e-454b-bd7b-12c602b152a3,54d18897-9cef-40e3-a71c-59e1b621841a,c5,c4,1017,?,x10,
1769089221.491735,FORWARDED,bcf40a85-f95e-454b-bd7b-12c602b152a3,54d18897-9cef-40e3-a71c-59e1b621841a,c5,c4,1017,?,x10,
1769089221.529422,RECEIVED,7cdcd133-46d7-44b8-b2c4-26e92bccc34d,220b80bc-fbd0-446e-bb5a-abb9856093fa,c4,DROP,1011,e5,?,
1769089221.6227007,RECEIVED,d8b52ad9-1e15-4000-8c06-a890d5618c09,20d7fde7-1bdb-418a-80e4-f98f71115c6c,c1,c3,1460,e10,?,
1769089221.7845252,SENT,7cdcd133-46d7-44b8-b2c4-26e92bccc34d,220b80bc-fbd0-446e-bb5a-abb9856093fa,c4,DROP,686,?,x7,
1769089221.7845764,FORWARDED,7cdcd133-46d7-44b8-b2c4-26e92bccc34d,220b80bc-fbd0-446e-bb5a-abb9856093fa,c4,DROP,686,?,x7,
1769089222.071774,RECEIVED,94e9dd86-054b-4460-a732-0542b614b834,513f0e5d-6ec9-4baa-9381-89d3e977d2c7,c2,c3,1453,e12,?,
1769089222.1538517,SENT,94e9dd86-054b-4460-a732-0542b614b834,513f0e5d-6ec9-4baa-9381-89d3e977d2c7,c2,c3,1016,?,x10,
1769089222.1539001,FORWARDED,94e9dd86-054b-4460-a732-0542b614b834,513f0e5d-6ec9-4baa-9381-89d3e977d2c7,c2,c3,1016,?,x10,
1769089222.176013,SENT,d8b52ad9-1e15-4000-8c06-a890d5618c09,20d7fde7-1bdb-418a-80e4-f98f71115c6c,c1,c3,1023,?,x12,
1769089222.1760612,FORWARDED,d8b52ad9-1e15-4000-8c06-a890d5618c09,20d7fde7-1bdb-418a-80e4-f98f71115c6c,c1,c3,1023,?,x12,
1769089222.2240407,RECEIVED,1658228a-769c-4016-90dd-5a7b356c57b8,11605aa0-fae6-423e-9b68-6fab3cf0e8db,c1,DROP,1016,e4,?,
1769089222.2984881,SENT,1658228a-769c-4016-90dd-5a7b356c57b8,11605aa0-fae6-423e-9b68-6fab3cf0e8db,c1,DROP,689,?,x8,
1769089222.2985277,FORWARDED,1658228a-769c-4016-90dd-5a7b356c57b8,11605aa0-fae6-423e-9b68-6fab3cf0e8db,c1,DROP,689,?,x8,
1769089222.3294961,RECEIVED,72e0fd83-825c-484d-a2b9-f6270795301a,bba6287e-4491-4b7a-a038-1d9b50468e83,c5,DROP,1010,e3,?,
1769089222.3404326,SENT,72e0fd83-825c-484d-a2b9-f6270795301a,bba6287e-4491-4b7a-a038-1d9b50468e83,c5,DROP,683,?,x11,
1769089222.3404732,FORWARDED,72e0fd83-825c-484d-a2b9-f6270795301a,bba6287e-4491-4b7a-a038-1d9b50468e83,c5,DROP,683,?,x11,
1769089223.0319202,RECEIVED,d9c9754a-e996-4762-8f0e-e9e63de8a14a,5f067e2b-baee-46d3-b205-4f68124c6c7d,c1,c3,1452,e9,?,
1769089223.149033,RECEIVED,955da7c7-c73f-42e8-888b-18c8a239fa2e,22acf0a1-aed2-4ba0-b571-c18049a37183,c4,c1,1452,e4,?,
1769089223.2479146,SENT,d9c9754a-e996-4762-8f0e-e9e63de8a14a,5f067e2b-baee-46d3-b205-4f68124c6c7d,c1,c3,1016,?,x2,
1769089223.247956,FORWARDED,d9c9754a-e996-4762-8f0e-e9e63de8a14a,5f067e2b-baee-46d3-b205-4f68124c6c7d,c1,c3,1016,?,x2,
1769089223.2757268,SENT,955da7c7-c73f-42e8-888b-18c8a239fa2e,22acf0a1-aed2-4ba0-b571-c18049a37183,c4,c1,1015,?,x4,
1769089223.275767,FORWARDED,955da7c7-c73f-42e8-888b-18c8a239fa2e,22acf0a1-aed2-4ba0-b571-c18049a37183,c4,c1,1015,?,x4,
1769089223.4259505,RECEIVED,6e4aa53d-c702-413b-8792-75d4c796acfa,597cd465-d247-4df7-a143-e524ecb8a5e3,c2,c3,1456,e1,?,
1769089223.5368042,RECEIVED,101562ea-6ff8-4d6e-846a-821e46453989,559dfbf4-0402-4b64-9210-ce3370b3e9f1,c1,DROP,441,x9,?,
1769089223.7023253,SENT,6e4aa53d-c702-413b-8792-75d4c796acfa,597cd465-d247-4df7-a143-e524ecb8a5e3,c2,c3,1020,?,x12,
1769089223.702367,FORWARDED,6e4aa53d-c702-413b-8792-75d4c796acfa,597cd465-d247-4df7-a143-e524ecb8a5e3,c2,c3,1020,?,x12,
1769089224.0045552,RECEIVED,d8a7e621-f3cf-456b-b891-ae4bdba2e84e,5b1db1f8-3085-471a-912f-6d1ce6ac7679,c1,DROP,1013,e11,?,
1769089224.119811,SENT,d8a7e621-f3cf-456b-b891-ae4bdba2e84e,5b1db1f8-3085-471a-912f-6d1ce6ac7679,c1,DROP,685,?,x11,
1769089224.1198497,FORWARDED,d8a7e621-f3cf-456b-b891-ae4bdba2e84e,5b1db1f8-3085-471a-912f-6d1ce6ac7679,c1,DROP,685,?,x11,
1769089224.2295523,RECEIVED,f3dcb00a-13c8-4bbd-a29f-02f3a2f5d4bf,bb63fc46-3a2f-41d3-b396-bcf2a0bb3191,c5,c4,1443,e2,?,
1769089224.4311159,RECEIVED,525848df-f3bc-44f7-af3a-55b2559a9597,7c6428b0-7748-4571-af8f-c1cb88265872,c4,c1,1447,e1,?,
1769089224.5096903,SENT,f3dcb00a-13c8-4bbd-a29f-02f3a2f5d4bf,bb63fc46-3a2f-41d3-b396-bcf2a0bb3191,c5,c4,1011,?,x1,
1769089224.509786,FORWARDED,f3dcb00a-13c8-4bbd-a29f-02f3a2f5d4bf,bb63fc46-3a2f-41d3-b396-bcf2a0bb3191,c5,c4,1011,?,x1,
1769089224.5469558,SENT,525848df-f3bc-44f7-af3a-55b2559a9597,7c6428b0-7748-4571-af8f-c1cb88265872,c4,c1,1012,?,x1,
1769089224.5469959,FORWARDED,525848df-f3bc-44f7-af3a-55b2559a9597,7c6428b0-7748-4571-af8f-c1cb88265872,c4,c1,1012,?,x1,
1769089224.8788388,RECEIVED,402d7314-a043-4fdc-b98a-2324d79a62fd,2d7ef842-7b5d-4402-95e7-c35f78362022,c5,DROP,1015,e1,?,
1769089224.9193637,RECEIVED,c8a9a31d-98ad-4a33-84f3-2cbfff4b56e1,56f2948b-b8ba-42c7-8db7-f0fd3e9cba74,c3,DROP,1008,e10,?,
1769089224.9455228,SENT,402d7314-a043-4fdc-b98a-2324d79a62fd,2d7ef842-7b5d-4402-95e7-c35f78362022,c5,DROP,689,?,x5,
1769089224.9455643,FORWARDED,402d7314-a043-4fdc-b98a-2324d79a62fd,2d7ef842-7b5d-4402-95e7-c35f78362022,c5,DROP,689,?,x5,
1769089225.0272324,SENT,c8a9a31d-98ad-4a33-84f3-2cbfff4b56e1,56f2948b-b8ba-42c7-8db7-f0fd3e9cba74,c3,DROP,683,?,x6,
1769089225.0272672,FORWARDED,c8a9a31d-98ad-4a33-84f3-2cbfff4b56e1,56f2948b-b8ba-42c7-8db7-f0fd3e9cba74,c3,DROP,683,?,x6,
1769089225.6715658,RECEIVED,328f550d-5ad4-4851-808f-e34022be2056,eb07c208-94fc-4f62-bcde-bcc4dbb4dd52,c4,DROP,441,x9,?,
1769089225.7566369,RECEIVED,f5269c85-317f-4423-a983-aa133c4f05c8,7560eab0-4452-4142-a998-ae6c18cccc80,c3,c4,1451,e10,?,
1769089226.3258271,RECEIVED,0260d9c6-1eb5-41f5-b839-257068d11027,d407dfc7-f16b-4ef1-a4aa-be70fc588ce4,c1,DROP,1007,e10,?,
1769089226.33376,SENT,f5269c85-317f-4423-a983-aa133c4f05c8,7560eab0-4452-4142-a998-ae6c18cccc80,c3,c4,1016,?,x1,
1769089226.3338008,FORWARDED,f5269c85-317f-4423-a983-aa133c4f05c8,7560eab0-4452-4142-a998-ae6c18cccc80,c3,c4,1016,?,x1,
1769089226.4680748,RECEIVED,838b2cd3-c9a9-41c2-8199-7ca43245aba6,4443a4d7-4f79-476c-aee7-6a12a39b0a4f,c3,c4,1457,e10,?,
1769089226.493574,RECEIVED,801d5b38-c5e0-487a-820e-f5bdbb8006d9,9d6b1825-31b6-444b-91b1-92f9306da28a,c2,c3,1454,e10,?,
1769089226.5409842,SENT,838b2cd3-c9a9-41c2-8199-7ca43245aba6,4443a4d7-4f79-476c-aee7-6a12a39b0a4f,c3,c4,1019,?,x10,
1769089226.5410192,FORWARDED,838b2cd3-c9a9-41c2-8199-7ca43245aba6,4443a4d7-4f79-476c-aee7-6a12a39b0a4f,c3,c4,1019,?,x10,
1769089227.0633783,RECEIVED,7779a432-1780-4cd8-a8bc-0418585f865f,095a3966-bd3c-4c13-aab5-e9d962220b54,c1,c3,1448,e10,?,
1769089227.1672277,SENT,7779a432-1780-4cd8-a8bc-0418585f865f,095a3966-bd3c-4c13-aab5-e9d962220b54,c1,c3,1013,?,x4,
1769089227.1672697,FORWARDED,7779a432-1780-4cd8-a8bc-0418585f865f,095a3966-bd3c-4c13-aab5-e9d962220b54,c1,c3,1013,?,x4,
1769089227.3409064,RECEIVED,d6edf564-99a6-421f-b52c-54b1c85865b4,d2d66b55-1b94-4026-8408-151426af84ac,c1,c3,1448,e6,?,
1769089227.4289188,SENT,0260d9c6-1eb5-41f5-b839-257068d11027,d407dfc7-f16b-4ef1-a4aa-be70fc588ce4,c1,DROP,683,?,x5,
1769089227.4289625,FORWARDED,0260d9c6-1eb5-41f5-b839-257068d11027,d407dfc7-f16b-4ef1-a4aa-be70fc588ce4,c1,DROP,683,?,x5,
1769089227.5408697,RECEIVED,745567ec-2874-415b-ac70-79410637aa4c,701ff2ad-543b-4a4b-b7d5-b3d1bccc2dd4,c4,DROP,1008,e2,?,
1769089227.5664864,SENT,d6edf564-99a6-421f-b52c-54b1c85865b4,d2d66b55-1b94-4026-8408-151426af84ac,c1,c3,1013,?,x9,
1769089227.5665278,FORWARDED,d6edf564-99a6-421f-b52c-54b1c85865b4,d2d66b55-1b94-4026-8408-151426af84ac,c1,c3,1013,?,x9,
1769089227.7352703,SENT,801d5b38-c5e0-487a-820e-f5bdbb8006d9,9d6b1825-31b6-444b-91b1-92f9306da28a,c2,c3,1020,?,x2,
1769089227.7353125,FORWARDED,801d5b38-c5e0-487a-820e-f5bdbb8006d9,9d6b1825-31b6-444b-91b1-92f9306da28a,c2,c3,1020,?,x2,
1769089227.8325953,RECEIVED,08d536c2-6330-4b1a-855b-532bb40915d7,bd672855-8ddc-4819-b7d0-4c3d42386e3b,c3,c4,1455,e10,?,
1769089227.8592978,SENT,745567ec-2874-415b-ac70-79410637aa4c,701ff2ad-543b-4a4b-b7d5-b3d1bccc2dd4,c4,DROP,683,?,x12,
1769089227.8596475,FORWARDED,745567ec-2874-415b-ac70-79410637aa4c,701ff2ad-543b-4a4b-b7d5-b3d1bccc2dd4,c4,DROP,683,?,x12,
1769089228.1100101,SENT,08d536c2-6330-4b1a-855b-532bb40915d7,bd672855-8ddc-4819-b7d0-4c3d42386e3b,c3,c4,1019,?,x9,
1769089228.1100597,FORWARDED,08d536c2-6330-4b1a-855b-532bb40915d7,bd672855-8ddc-4819-b7d0-4c3d42386e3b,c3,c4,1019,?,x9,
1769089228.155223,RECEIVED,008fb87e-1f73-4734-a343-8f50083c0785,baefd9f5-75eb-44c0-ad06-36c2d32fc998,c1,c3,1443,e6,?,
1769089228.437025,RECEIVED,5d8402e9-8690-43de-a6d8-fd3aaeb9aa9e,d4556ed1-c3aa-45c7-8040-64f94a1b006c,c3,DROP,1017,e2,?,
1769089228.5817947,RECEIVED,ae0583b3-942c-4296-84d6-7cc7c2f48b04,eda66878-04be-4fa9-8a1d-7fac1e8ac810,c4,DROP,1015,e3,?,
1769089228.584682,SENT,5d8402e9-8690-43de-a6d8-fd3aaeb9aa9e,d4556ed1-c3aa-45c7-8040-64f94a1b006c,c3,DROP,688,?,x12,
1769089228.5847208,FORWARDED,5d8402e9-8690-43de-a6d8-fd3aaeb9aa9e,d4556ed1-c3aa-45c7-8040-64f94a1b006c,c3,DROP,688,?,x12,
1769089228.7993565,SENT,008fb87e-1f73-4734-a343-8f50083c0785,baefd9f5-75eb-44c0-ad06-36c2d32fc998,c1,c3,1010,?,x5,
1769089228.7993975,FORWARDED,008fb87e-1f73-4734-a343-8f50083c0785,baefd9f5-75eb-44c0-ad06-36c2d32fc998,c1,c3,1010,?,x5,
1769089228.9723215,RECEIVED,00c34cc1-6d59-48ca-bb39-8aa55451afa9,5fa03267-51de-4476-8691-df0517543945,c5,c4,1451,e12,?,
1769089228.9987855,SENT,ae0583b3-942c-4296-84d6-7cc7c2f48b04,eda66878-04be-4fa9-8a1d-7fac1e8ac810,c4,DROP,688,?,x8,
1769089228.9988186,FORWARDED,ae0583b3-942c-4296-84d6-7cc7c2f48b04,eda66878-04be-4fa9-8a1d-7fac1e8ac810,c4,DROP,688,?,x8,
1769089229.119582,RECEIVED,d040f718-df90-4b05-913c-90bd2efd0c71,75ca40f1-4789-461a-8e0e-b0817c5b23b9,c3,c4,1456,e8,?,
1769089229.1475298,RECEIVED,4f669c6d-1f5c-40d0-b86c-6995d4fe5b60,27300beb-21d0-4a10-ade3-db7fc35f6a5d,c2,c3,1447,e3,?,
1769089229.1979306,RECEIVED,24e29611-24a2-4365-8b86-84d93c0b7474,b1dfb073-8b0e-4068-9024-ea38aa002a94,c3,c4,1452,e2,?,
1769089229.212813,SENT,00c34cc1-6d59-48ca-bb39-8aa55451afa9,5fa03267-51de-4476-8691-df0517543945,c5,c4,1015,?,x2,
1769089229.2128537,FORWARDED,00c34cc1-6d59-48ca-bb39-8aa55451afa9,5fa03267-51de-4476-8691-df0517543945,c5,c4,1015,?,x2,
1769089229.2898695,RECEIVED,c4c1aee8-c2a8-40b7-9013-ca25163173dc,de36ac80-da77-4584-ad92-18069e09fe80,c1,c3,1452,e2,?,
1769089229.4235096,RECEIVED,75f3ebd8-fe1d-4756-b996-0bedd5eb47a6,09bf6a2d-1bf1-46d6-8d87-9449b09bbb96,c3,DROP,1008,e8,?,
1769089229.5565045,SENT,4f669c6d-1f5c-40d0-b86c-6995d4fe5b60,27300beb-21d0-4a10-ade3-db7fc35f6a5d,c2,c3,1012,?,x7,
1769089229.556545,FORWARDED,4f669c6d-1f5c-40d0-b86c-6995d4fe5b60,27300beb-21d0-4a10-ade3-db7fc35f6a5d,c2,c3,1012,?,x7,
1769089229.570464,SENT,75f3ebd8-fe1d-4756-b996-0bedd5eb47a6,09bf6a2d-1bf1-46d6-8d87-9449b09bbb96,c3,DROP,684,?,x12,
1769089229.57051,FORWARDED,75f3ebd8-fe1d-4756-b996-0bedd5eb47a6,09bf6a2d-1bf1-46d6-8d87-9449b09bbb96,c3,DROP,684,?,x12,
1769089229.61721,SENT,24e29611-24a2-4365-8b86-84d93c0b7474,b1dfb073-8b0e-4068-9024-ea38aa002a94,c3,c4,1016,?,x9,
1769089229.6172485,FORWARDED,24e29611-24a2-4365-8b86-84d93c0b7474,b1dfb073-8b0e-4068-9024-ea38aa002a94,c3,c4,1016,?,x9,
1769089229.6696885,SENT,d040f718-df90-4b05-913c-90bd2efd0c71,75ca40f1-4789-461a-8e0e-b0817c5b23b9,c3,c4,1019,?,x12,
1769089229.6697314,FORWARDED,d040f718-df90-4b05-913c-90bd2efd0c71,75ca40f1-4789-461a-8e0e-b0817c5b23b9,c3,c4,1019,?,x12,
1769089229.8806741,RECEIVED,f5a90b83-a07e-428f-933a-02a48ac47c4f,7a69fa7f-adca-4b81-ae1b-3a797b0c958c,c1,c3,1459,e10,?,
1769089229.9498558,RECEIVED,80a347b4-7764-4eed-bdb1-84ced40d9b6d,fa52fe5a-21fe-4b86-afe4-570ccaa1af79,c2,DROP,1015,e11,?,
1769089230.04623,SENT,f5a90b83-a07e-428f-933a-02a48ac47c4f,7a69fa7f-adca-4b81-ae1b-3a797b0c958c,c1,c3,1023,?,x2,
1769089230.0462692,FORWARDED,f5a90b83-a07e-428f-933a-02a48ac47c4f,7a69fa7f-adca-4b81-ae1b-3a797b0c958c,c1,c3,1023,?,x2,
1769089230.0875986,RECEIVED,4fbc09f1-b7ce-4b33-933b-1348cea79f46,35b6c69b-284c-4467-8217-657f8cd97580,c3,DROP,1003,e8,?,
1769089230.1887386,RECEIVED,7f0e722c-5f7c-4a3d-a802-83166eb9be03,7f8c6cd3-5a0c-45b4-8a2d-4597547711e6,c1,c3,1457,e3,?,
1769089230.2548792,SENT,7f0e722c-5f7c-4a3d-a802-83166eb9be03,7f8c6cd3-5a0c-45b4-8a2d-4597547711e6,c1,c3,1019,?,x11,
1769089230.2549205,FORWARDED,7f0e722c-5f7c-4a3d-a802-83166eb9be03,7f8c6cd3-5a0c-45b4-8a2d-4597547711e6,c1,c3,1019,?,x11,
1769089230.3818343,SENT,4fbc09f1-b7ce-4b33-933b-1348cea79f46,35b6c69b-284c-4467-8217-657f8cd97580,c3,DROP,680,?,x1,
1769089230.381875,FORWARDED,4fbc09f1-b7ce-4b33-933b-1348cea79f46,35b6c69b-284c-4467-8217-657f8cd97580,c3,DROP,680,?,x1,
1769089230.410298,SENT,c4c1aee8-c2a8-40b7-9013-ca25163173dc,de36ac80-da77-4584-ad92-18069e09fe80,c1,c3,1015,?,x10,
1769089230.410339,FORWARDED,c4c1aee8-c2a8-40b7-9013-ca25163173dc,de36ac80-da77-4584-ad92-18069e09fe80,c1,c3,1015,?,x10,
1769089230.5058477,RECEIVED,9719639c-8e2a-4c75-ae11-32c8f8b58b5c,c32899d7-e6b5-4ba2-a726-bcdd08ae3992,c3,c4,1457,e10,?,
1769089230.5647125,RECEIVED,2c69ea3e-9706-443c-bb64-4b12f89de04c,af683957-a0f1-41c2-b730-83f98e434b4a,c2,DROP,1016,e2,?,
1769089230.6023128,SENT,9719639c-8e2a-4c75-ae11-32c8f8b58b5c,c32899d7-e6b5-4ba2-a726-bcdd08ae3992,c3,c4,1020,?,x10,
1769089230.6023514,FORWARDED,9719639c-8e2a-4c75-ae11-32c8f8b58b5c,c32899d7-e6b5-4ba2-a726-bcdd08ae3992,c3,c4,1020,?,x10,
1769089230.607585,SENT,2c69ea3e-9706-443c-bb64-4b12f89de04c,af683957-a0f1-41c2-b730-83f98e434b4a,c2,DROP,688,?,x6,
1769089230.6076245,FORWARDED,2c69ea3e-9706-443c-bb64-4b12f89de04c,af683957-a0f1-41c2-b730-83f98e434b4a,c2,DROP,688,?,x6,
1769089230.649299,RECEIVED,2d346e72-3420-4e24-a76d-be329744aed3,8ac33b70-c0f5-44ab-8cea-a895acc1f4c5,c1,c3,1443,e7,?,
1769089230.684396,SENT,80a347b4-7764-4eed-bdb1-84ced40d9b6d,fa52fe5a-21fe-4b86-afe4-570ccaa1af79,c2,DROP,688,?,x3,
1769089230.6844487,FORWARDED,80a347b4-7764-4eed-bdb1-84ced40d9b6d,fa52fe5a-21fe-4b86-afe4-570ccaa1af79,c2,DROP,688,?,x3,
1769089230.7549546,RECEIVED,f8d702d8-6fa3-467b-a5a0-96bdc48d7622,9ff0bd82-8329-4235-93cf-4d5000377efd,c5,DROP,1007,e8,?,
1769089230.8625777,SENT,2d346e72-3420-4e24-a76d-be329744aed3,8ac33b70-c0f5-44ab-8cea-a895acc1f4c5,c1,c3,1011,?,x6,
1769089230.8626168,FORWARDED,2d346e72-3420-4e24-a76d-be329744aed3,8ac33b70-c0f5-44ab-8cea-a895acc1f4c5,c1,c3,1011,?,x6,
1769089230.9742942,RECEIVED,4d89decb-1bfe-4055-bc0e-257c820732ac,46eaaaec-a009-47b1-b1c6-292aa7c04bf1,c4,c1,1452,e7,?,
1769089231.1723266,RECEIVED,60bee09f-df16-4907-95f4-e59cc1003551,336ac72b-a61a-416a-829a-fd28259ce241,c5,c4,1447,e3,?,
1769089231.1749084,RECEIVED,3c3fc201-4a83-442d-8d39-e3cd05e69845,df599503-c09d-4816-812b-143cadb3713a,c3,c4,1447,e10,?,
1769089231.2594995,RECEIVED,a8c9b6c2-3ac0-4430-859e-a112b371a650,e6637bcc-c8d2-4183-afb1-b1e987f9ceb2,c5,DROP,1014,e3,?,
1769089231.2907147,SENT,f8d702d8-6fa3-467b-a5a0-96bdc48d7622,9ff0bd82-8329-4235-93cf-4d5000377efd,c5,DROP,683,?,x7,
1769089231.2907557,FORWARDED,f8d702d8-6fa3-467b-a5a0-96bdc48d7622,9ff0bd82-8329-4235-93cf-4d5000377efd,c5,DROP,683,?,x7,
1769089231.3116925,RECEIVED,b0bc23d2-177e-464f-af9d-a3aa994de849,e490ee70-295d-4abb-92eb-230fa2c6c61b,c1,c3,1449,e2,?,
1769089231.3454108,SENT,4d89decb-1bfe-4055-bc0e-257c820732ac,46eaaaec-a009-47b1-b1c6-292aa7c04bf1,c4,c1,1017,?,x3,
1769089231.345454,FORWARDED,4d89decb-1bfe-4055-bc0e-257c820732ac,46eaaaec-a009-47b1-b1c6-292aa7c04bf1,c4,c1,1017,?,x3,
1769089231.3680313,RECEIVED,eee1c42b-5f20-467d-8bb7-d437fcd8bdff,a4a95c27-c68e-4787-b3a7-1594349fd8f8,c4,c1,1452,e4,?,
1769089231.3855774,RECEIVED,bda5cbe8-3a2f-40f3-9317-adaa3b888901,5a0e66f6-4d68-4c85-a5d8-5a9ae277a06e,c4,DROP,1007,e10,?,
1769089231.5132012,SENT,3c3fc201-4a83-442d-8d39-e3cd05e69845,df599503-c09d-4816-812b-143cadb3713a,c3,c4,1013,?,x3,
1769089231.5132425,FORWARDED,3c3fc201-4a83-442d-8d39-e3cd05e69845,df599503-c09d-4816-812b-143cadb3713a,c3,c4,1013,?,x3,
1769089231.5282712,SENT,b0bc23d2-177e-464f-af9d-a3aa994de849,e490ee70-295d-4abb-92eb-230fa2c6c61b,c1,c3,1012,?,x12,
1769089231.5283117,FORWARDED,b0bc23d2-177e-464f-af9d-a3aa994de849,e490ee70-295d-4abb-92eb-230fa2c6c61b,c1,c3,1012,?,x12,
1769089231.7032754,SENT,eee1c42b-5f20-467d-8bb7-d437fcd8bdff,a4a95c27-c68e-4787-b3a7-1594349fd8f8,c4,c1,1016,?,x8,
1769089231.7033172,FORWARDED,eee1c42b-5f20-467d-8bb7-d437fcd8bdff,a4a95c27-c68e-4787-b3a7-1594349fd8f8,c4,c1,1016,?,x8,
1769089231.7753916,SENT,a8c9b6c2-3ac0-4430-859e-a112b371a650,e6637bcc-c8d2-4183-afb1-b1e987f9ceb2,c5,DROP,690,?,x7,
1769089231.7754314,FORWARDED,a8c9b6c2-3ac0-4430-859e-a112b371a650,e6637bcc-c8d2-4183-afb1-b1e987f9ceb2,c5,DROP,690,?,x7,
1769089231.7819104,RECEIVED,10369b62-fa3e-45e1-bf9c-a5940f799d06,b1d6bf08-43be-413d-b7ba-087da4fbe13d,c4,DROP,1011,e10,?,
1769089231.9673798,RECEIVED,a138878a-e9ac-454d-99a5-baf97ca11d37,c1c9d5ec-a34a-49e2-a6ee-90d6d65b5b73,c4,DROP,1007,e11,?,
1769089232.0146995,RECEIVED,f3eae43c-a845-4421-9743-5f27d326e98c,64001f20-8e20-49f3-a2ad-71664f797c8a,c1,c3,1461,e4,?,
1769089232.1545625,SENT,60bee09f-df16-4907-95f4-e59cc1003551,336ac72b-a61a-416a-829a-fd28259ce241,c5,c4,1012,?,x3,
1769089232.1546052,FORWARDED,60bee09f-df16-4907-95f4-e59cc1003551,336ac72b-a61a-416a-829a-fd28259ce241,c5,c4,1012,?,x3,
1769089232.2259655,RECEIVED,83c004c2-a32e-44bd-893a-9994a4bdb214,92c32e74-701c-4a8b-89b4-46d97ebe2bcf,c1,c3,1453,e12,?,
1769089232.2564666,SENT,83c004c2-a32e-44bd-893a-9994a4bdb214,92c32e74-701c-4a8b-89b4-46d97ebe2bcf,c1,c3,1015,?,x9,
1769089232.2565026,FORWARDED,83c004c2-a32e-44bd-893a-9994a4bdb214,92c32e74-701c-4a8b-89b4-46d97ebe2bcf,c1,c3,1015,?,x9,
1769089232.2951782,RECEIVED,5af8ca43-fdcd-4e41-a212-7231dd15e53e,e41dc2d9-2bc2-470f-bd64-73d33210a3c6,c2,DROP,1007,e11,?,
1769089232.3215787,SENT,10369b62-fa3e-45e1-bf9c-a5940f799d06,b1d6bf08-43be-413d-b7ba-087da4fbe13d,c4,DROP,687,?,x2,
1769089232.3216193,FORWARDED,10369b62-fa3e-45e1-bf9c-a5940f799d06,b1d6bf08-43be-413d-b7ba-087da4fbe13d,c4,DROP,687,?,x2,
1769089232.384081,SENT,f3eae43c-a845-4421-9743-5f27d326e98c,64001f20-8e20-49f3-a2ad-71664f797c8a,c1,c3,1023,?,x12,
1769089232.3841372,FORWARDED,f3eae43c-a845-4421-9743-5f27d326e98c,64001f20-8e20-49f3-a2ad-71664f797c8a,c1,c3,1023,?,x12,
1769089232.4723308,RECEIVED,811bdeab-564a-4f2b-a687-1c09022f32d1,9675f2db-83fd-44d9-9ce0-93d8cc054ea6,c5,DROP,1012,e7,?,
1769089232.5123558,SENT,a138878a-e9ac-454d-99a5-baf97ca11d37,c1c9d5ec-a34a-49e2-a6ee-90d6d65b5b73,c4,DROP,684,?,x8,
1769089232.5123959,FORWARDED,a138878a-e9ac-454d-99a5-baf97ca11d37,c1c9d5ec-a34a-49e2-a6ee-90d6d65b5b73,c4,DROP,684,?,x8,
1769089232.515042,SENT,5af8ca43-fdcd-4e41-a212-7231dd15e53e,e41dc2d9-2bc2-470f-bd64-73d33210a3c6,c2,DROP,682,?,x4,
1769089232.5151458,FORWARDED,5af8ca43-fdcd-4e41-a212-7231dd15e53e,e41dc2d9-2bc2-470f-bd64-73d33210a3c6,c2,DROP,682,?,x4,
1769089232.5771737,RECEIVED,ef1bc686-bd99-4b6c-bd74-31142811d81a,11fad931-0336-444f-9db6-dda244ddf74b,c1,DROP,442,x3,?,
1769089232.6019847,SENT,811bdeab-564a-4f2b-a687-1c09022f32d1,9675f2db-83fd-44d9-9ce0-93d8cc054ea6,c5,DROP,685,?,x2,
1769089232.6020257,FORWARDED,811bdeab-564a-4f2b-a687-1c09022f32d1,9675f2db-83fd-44d9-9ce0-93d8cc054ea6,c5,DROP,685,?,x2,
1769089232.95787,RECEIVED,9997055d-a0d0-4753-b259-43f6c5a86f61,e52eb879-a8aa-48d1-bd21-7b8452568b3f,c2,c3,1444,e8,?,
1769089233.164065,SENT,9997055d-a0d0-4753-b259-43f6c5a86f61,e52eb879-a8aa-48d1-bd21-7b8452568b3f,c2,c3,1010,?,x7,
1769089233.1641042,FORWARDED,9997055d-a0d0-4753-b259-43f6c5a86f61,e52eb879-a8aa-48d1-bd21-7b8452568b3f,c2,c3,1010,?,x7,
1769089233.3733122,SENT,bda5cbe8-3a2f-40f3-9317-adaa3b888901,5a0e66f6-4d68-4c85-a5d8-5a9ae277a06e,c4,DROP,683,?,x8,
1769089233.373354,FORWARDED,bda5cbe8-3a2f-40f3-9317-adaa3b888901,5a0e66f6-4d68-4c85-a5d8-5a9ae277a06e,c4,DROP,683,?,x8,
1769089233.6075597,RECEIVED,f8ee6c00-b9af-46da-adfe-9fb0aab70ec3,eb43ad21-b21d-418e-9b75-db1f6b0a6b1d,c5,DROP,1008,e12,?,
1769089233.727303,SENT,f8ee6c00-b9af-46da-adfe-9fb0aab70ec3,eb43ad21-b21d-418e-9b75-db1f6b0a6b1d,c5,DROP,683,?,x5,
1769089233.72734,FORWARDED,f8ee6c00-b9af-46da-adfe-9fb0aab70ec3,eb43ad21-b21d-418e-9b75-db1f6b0a6b1d,c5,DROP,683,?,x5,
1769089234.1694672,RECEIVED,04e259d7-c1b7-4cb9-966b-77ba8aa643e7,5b954fdf-7e41-4ebb-b927-667896a8e0f4,c5,c4,1451,e5,?,
1769089234.4013088,RECEIVED,dcf8920d-1de0-457b-a62a-5e799e2476a2,472f4527-6817-4a95-a037-a1df5fe815ca,c5,c4,1454,e8,?,
1769089234.476021,SENT,dcf8920d-1de0-457b-a62a-5e799e2476a2,472f4527-6817-4a95-a037-a1df5fe815ca,c5,c4,1015,?,x5,
1769089234.476078,FORWARDED,dcf8920d-1de0-457b-a62a-5e799e2476a2,472f4527-6817-4a95-a037-a1df5fe815ca,c5,c4,1015,?,x5,
1769089234.7848039,RECEIVED,5f17d31d-6f79-41d6-8f15-2aad704f8f46,f224214c-8cef-4099-af26-6f5c004b8635,c4,c1,1454,e11,?,
1769089234.8961134,RECEIVED,71c7a54a-6077-42bc-890b-dae020df07ee,60de59a7-4fc4-41cb-a12d-3e39b20ef676,c5,c4,1444,e11,?,
1769089234.9811838,SENT,04e259d7-c1b7-4cb9-966b-77ba8aa643e7,5b954fdf-7e41-4ebb-b927-667896a8e0f4,c5,c4,1015,?,x4,
1769089234.9812262,FORWARDED,04e259d7-c1b7-4cb9-966b-77ba8aa643e7,5b954fdf-7e41-4ebb-b927-667896a8e0f4,c5,c4,1015,?,x4,
1769089235.0328743,SENT,71c7a54a-6077-42bc-890b-dae020df07ee,60de59a7-4fc4-41cb-a12d-3e39b20ef676,c5,c4,1011,?,x5,
1769089235.032908,FORWARDED,71c7a54a-6077-42bc-890b-dae020df07ee,60de59a7-4fc4-41cb-a12d-3e39b20ef676,c5,c4,1011,?,x5,
1769089235.07054,SENT,5f17d31d-6f79-41d6-8f15-2aad704f8f46,f224214c-8cef-4099-af26-6f5c004b8635,c4,c1,1019,?,x1,
1769089235.0705879,FORWARDED,5f17d31d-6f79-41d6-8f15-2aad704f8f46,f224214c-8cef-4099-af26-6f5c004b8635,c4,c1,1019,?,x1,
1769089235.2615137,RECEIVED,3e20122c-8afc-477b-b2d7-4e35f9959580,8ba92d42-3963-416c-95e1-3036291855c2,c3,c4,1462,e10,?,
1769089235.6284213,RECEIVED,7e51914e-c878-4171-b55d-e71faa54b664,e5aae4fb-3319-4caf-96ab-5fcabb492668,c5,DROP,1008,e2,?,
1769089236.4126978,SENT,3e20122c-8afc-477b-b2d7-4e35f9959580,8ba92d42-3963-416c-95e1-3036291855c2,c3,c4,1024,?,x3,
1769089236.412739,FORWARDED,3e20122c-8afc-477b-b2d7-4e35f9959580,8ba92d42-3963-416c-95e1-3036291855c2,c3,c4,1024,?,x3,
1769089236.445826,SENT,7e51914e-c878-4171-b55d-e71faa54b664,e5aae4fb-3319-4caf-96ab-5fcabb492668,c5,DROP,683,?,x12,
1769089236.445878,FORWARDED,7e51914e-c878-4171-b55d-e71faa54b664,e5aae4fb-3319-4caf-96ab-5fcabb492668,c5,DROP,683,?,x12,
1769089236.566099,RECEIVED,dd8d8b95-ca95-4204-a769-ae99f77bffa8,6e7285e4-1404-4f8c-b6a3-fce948023c1b,c1,DROP,1017,e2,?,
1769089236.6751614,SENT,dd8d8b95-ca95-4204-a769-ae99f77bffa8,6e7285e4-1404-4f8c-b6a3-fce948023c1b,c1,DROP,688,?,x12,
1769089236.6751993,FORWARDED,dd8d8b95-ca95-4204-a769-ae99f77bffa8,6e7285e4-1404-4f8c-b6a3-fce948023c1b,c1,DROP,688,?,x12,
1769089236.8866637,RECEIVED,8fd780aa-355d-4d4b-a226-c53c7e690be9,64bccbb0-2175-4f51-b580-739363a06457,c1,c3,1451,e2,?,
1769089236.9192815,RECEIVED,cc60566d-0cb6-4615-a3b8-4e809dba51a4,5a8a567a-d15a-403f-ab19-db757664bd23,c1,DROP,1007,e11,?,
1769089237.1667266,SENT,cc60566d-0cb6-4615-a3b8-4e809dba51a4,5a8a567a-d15a-403f-ab19-db757664bd23,c1,DROP,683,?,x7,
1769089237.1667702,FORWARDED,cc60566d-0cb6-4615-a3b8-4e809dba51a4,5a8a567a-d15a-403f-ab19-db757664bd23,c1,DROP,683,?,x7,
1769089237.4799533,RECEIVED,a41e876f-baf8-45d2-87c8-e382e03689f4,b32e310b-57b0-48a9-a120-4bb8e9707e2f,c2,DROP,442,x1,?,
1769089237.4891155,RECEIVED,d8aea66c-f00c-4401-b0e8-7e978e7ccb96,0d1b4993-036c-48ee-959e-84a1b81a73e5,c1,DROP,1015,e12,?,
1769089237.6544724,SENT,d8aea66c-f00c-4401-b0e8-7e978e7ccb96,0d1b4993-036c-48ee-959e-84a1b81a73e5,c1,DROP,688,?,x4,
1769089237.6545146,FORWARDED,d8aea66c-f00c-4401-b0e8-7e978e7ccb96,0d1b4993-036c-48ee-959e-84a1b81a73e5,c1,DROP,688,?,x4,
1769089237.7559574,RECEIVED,b684c6c2-c217-474f-9e58-7ef65e9abe03,66880655-c371-4aba-8e46-22ce79fb298e,c1,c3,1468,e8,?,
1769089237.9114363,SENT,b684c6c2-c217-474f-9e58-7ef65e9abe03,66880655-c371-4aba-8e46-22ce79fb298e,c1,c3,1028,?,x11,
1769089237.911481,FORWARDED,b684c6c2-c217-474f-9e58-7ef65e9abe03,66880655-c371-4aba-8e46-22ce79fb298e,c1,c3,1028,?,x11,
1769089238.2782404,RECEIVED,c09c3e55-e4d2-40d8-beae-74cc5dde68dc,e51ed476-39ec-46c7-abf4-66136851fe15,c3,DROP,1009,e5,?,
1769089238.3907378,RECEIVED,75d1af90-0e01-4926-9a68-e1158887c915,ef1b2ed0-762c-4cef-b699-d3e14fa341fc,c4,DROP,1015,e8,?,
1769089238.468219,RECEIVED,70b966b3-a492-4951-a2ce-83cf5ab80805,f36b6f23-3574-48cb-9089-7cf9b4590d64,c5,DROP,1020,e10,?,
1769089238.5678697,RECEIVED,80d3c7cd-a760-460c-8faf-a902a64465d7,7730ecbd-284d-4df2-a26d-32d912ac5ac4,c4,DROP,442,x3,?,
1769089238.5985394,SENT,75d1af90-0e01-4926-9a68-e1158887c915,ef1b2ed0-762c-4cef-b699-d3e14fa341fc,c4,DROP,688,?,x3,
1769089238.598655,FORWARDED,75d1af90-0e01-4926-9a68-e1158887c915,ef1b2ed0-762c-4cef-b699-d3e14fa341fc,c4,DROP,688,?,x3,
1769089238.6321216,SENT,8fd780aa-355d-4d4b-a226-c53c7e690be9,64bccbb0-2175-4f51-b580-739363a06457,c1,c3,1016,?,x6,
1769089238.632166,FORWARDED,8fd780aa-355d-4d4b-a226-c53c7e690be9,64bccbb0-2175-4f51-b580-739363a06457,c1,c3,1016,?,x6,
1769089238.7024667,SENT,c09c3e55-e4d2-40d8-beae-74cc5dde68dc,e51ed476-39ec-46c7-abf4-66136851fe15,c3,DROP,683,?,x11,
1769089238.70251,FORWARDED,c09c3e55-e4d2-40d8-beae-74cc5dde68dc,e51ed476-39ec-46c7-abf4-66136851fe15,c3,DROP,683,?,x11,
1769089238.7514236,RECEIVED,4aeddfbe-301f-46b7-b4af-85d98b1cbd91,667c6623-6851-45fb-9eb5-65a5b77205a1,c4,c1,1452,e12,?,
1769089238.8349526,SENT,4aeddfbe-301f-46b7-b4af-85d98b1cbd91,667c6623-6851-45fb-9eb5-65a5b77205a1,c4,c1,1015,?,x3,
1769089238.834992,FORWARDED,4aeddfbe-301f-46b7-b4af-85d98b1cbd91,667c6623-6851-45fb-9eb5-65a5b77205a1,c4,c1,1015,?,x3,
1769089238.9863365,SENT,70b966b3-a492-4951-a2ce-83cf5ab80805,f36b6f23-3574-48cb-9089-7cf9b4590d64,c5,DROP,692,?,x12,
1769089238.9863782,FORWARDED,70b966b3-a492-4951-a2ce-83cf5ab80805,f36b6f23-3574-48cb-9089-7cf9b4590d64,c5,DROP,692,?,x12,
1769089239.1089323,RECEIVED,077d7730-e254-4b27-ba2e-d71bfdbcd68d,d86a7d18-6eab-4846-8de6-bc03f55cf979,c5,DROP,446,x4,?,
1769089239.1473467,RECEIVED,e59b76b5-8342-4333-ada4-5ddf4ea4ece2,cc8574c5-17f2-48bf-b728-c18d91d79656,c1,c3,1451,e10,?,
1769089239.2562027,RECEIVED,a8b6bc1b-654e-4649-8720-af23acae815a,12418b8c-6192-40a6-9b5c-d7722fdce116,c2,c3,1451,e5,?,
1769089239.3951662,RECEIVED,9274308d-c432-4e59-b717-aad621eefa09,95c2e244-172e-4d90-a44c-63050fb5f8cb,c5,DROP,441,x11,?,
1769089239.8482249,RECEIVED,4ad11297-3d23-4304-9625-fac84ff95658,8fefe40e-e072-44d7-b94a-9aa76ed2fa12,c5,DROP,1017,e4,?,
1769089240.1533406,RECEIVED,144bb37b-a3a5-42df-8342-c1f5635d3860,dd6cf998-c7d4-4a1b-a8a1-9595acdfa3f1,c1,c3,1453,e5,?,
1769089240.2066586,RECEIVED,387ffe88-fb2c-4c97-99ac-dd600c5e5c6b,69ac8ad1-f464-47a0-ba05-80fc70794e4b,c5,DROP,1012,e11,?,
1769089240.2393222,SENT,4ad11297-3d23-4304-9625-fac84ff95658,8fefe40e-e072-44d7-b94a-9aa76ed2fa12,c5,DROP,688,?,x12,
1769089240.2393591,FORWARDED,4ad11297-3d23-4304-9625-fac84ff95658,8fefe40e-e072-44d7-b94a-9aa76ed2fa12,c5,DROP,688,?,x12,
1769089240.2772267,SENT,387ffe88-fb2c-4c97-99ac-dd600c5e5c6b,69ac8ad1-f464-47a0-ba05-80fc70794e4b,c5,DROP,687,?,x9,
1769089240.277268,FORWARDED,387ffe88-fb2c-4c97-99ac-dd600c5e5c6b,69ac8ad1-f464-47a0-ba05-80fc70794e4b,c5,DROP,687,?,x9,
1769089240.3190334,RECEIVED,d7b0d7ee-bf92-488a-877e-a2fcc159ea2c,99ffcd28-5069-4e9b-bbb3-0ece5a0f7da2,c4,c1,1452,e8,?,
1769089240.5000105,SENT,144bb37b-a3a5-42df-8342-c1f5635d3860,dd6cf998-c7d4-4a1b-a8a1-9595acdfa3f1,c1,c3,1016,?,x12,
1769089240.5000541,FORWARDED,144bb37b-a3a5-42df-8342-c1f5635d3860,dd6cf998-c7d4-4a1b-a8a1-9595acdfa3f1,c1,c3,1016,?,x12,
1769089240.5365307,SENT,d7b0d7ee-bf92-488a-877e-a2fcc159ea2c,99ffcd28-5069-4e9b-bbb3-0ece5a0f7da2,c4,c1,1016,?,x11,
1769089240.5365694,FORWARDED,d7b0d7ee-bf92-488a-877e-a2fcc159ea2c,99ffcd28-5069-4e9b-bbb3-0ece5a0f7da2,c4,c1,1016,?,x11,
1769089240.5503101,SENT,a8b6bc1b-654e-4649-8720-af23acae815a,12418b8c-6192-40a6-9b5c-d7722fdce116,c2,c3,1016,?,x3,
1769089240.550354,FORWARDED,a8b6bc1b-654e-4649-8720-af23acae815a,12418b8c-6192-40a6-9b5c-d7722fdce116,c2,c3,1016,?,x3,
1769089240.727029,RECEIVED,e49496ad-5be1-4b1f-bb8a-e7ebd7b82d01,a5de08ab-2d5f-4f6f-bb5c-31653319ef50,c1,c3,1455,e12,?,
1769089240.8229005,SENT,e59b76b5-8342-4333-ada4-5ddf4ea4ece2,cc8574c5-17f2-48bf-b728-c18d91d79656,c1,c3,1015,?,x7,
1769089240.822939,FORWARDED,e59b76b5-8342-4333-ada4-5ddf4ea4ece2,cc8574c5-17f2-48bf-b728-c18d91d79656,c1,c3,1015,?,x7,
1769089241.0396352,RECEIVED,b9dc5f81-d2c7-46e9-a837-3cf19a5bcb13,a6452e0d-d1ba-496e-a18a-e54d7d8d04c9,c3,c4,1452,e3,?,
1769089241.1308606,RECEIVED,8de46ed6-81d6-47e8-adf1-015a13ab7df8,0cc5b7ce-f128-440c-9682-4449ae06c4c2,c3,DROP,1007,e1,?,
1769089241.1628733,SENT,b9dc5f81-d2c7-46e9-a837-3cf19a5bcb13,a6452e0d-d1ba-496e-a18a-e54d7d8d04c9,c3,c4,1015,?,x7,
1769089241.1629138,FORWARDED,b9dc5f81-d2c7-46e9-a837-3cf19a5bcb13,a6452e0d-d1ba-496e-a18a-e54d7d8d04c9,c3,c4,1015,?,x7,
1769089241.2606957,SENT,8de46ed6-81d6-47e8-adf1-015a13ab7df8,0cc5b7ce-f128-440c-9682-4449ae06c4c2,c3,DROP,683,?,x7,
1769089241.2607362,FORWARDED,8de46ed6-81d6-47e8-adf1-015a13ab7df8,0cc5b7ce-f128-440c-9682-4449ae06c4c2,c3,DROP,683,?,x7,
1769089241.5002131,RECEIVED,7332aefd-a315-4500-add2-b99f24a9ea43,ff6a010a-d7f8-4f71-af16-74118279f2e0,c1,DROP,1008,e6,?,
1769089241.5628636,SENT,7332aefd-a315-4500-add2-b99f24a9ea43,ff6a010a-d7f8-4f71-af16-74118279f2e0,c1,DROP,683,?,x8,
1769089241.562898,FORWARDED,7332aefd-a315-4500-add2-b99f24a9ea43,ff6a010a-d7f8-4f71-af16-74118279f2e0,c1,DROP,683,?,x8,
1769089241.572784,SENT,e49496ad-5be1-4b1f-bb8a-e7ebd7b82d01,a5de08ab-2d5f-4f6f-bb5c-31653319ef50,c1,c3,1019,?,x4,
1769089241.5728254,FORWARDED,e49496ad-5be1-4b1f-bb8a-e7ebd7b82d01,a5de08ab-2d5f-4f6f-bb5c-31653319ef50,c1,c3,1019,?,x4,
1769089241.6934803,RECEIVED,f44e05e9-21bc-4b59-89e2-359de710e9ec,b5a3f2dd-6d96-4bec-b5e3-7dbaa8b65443,c5,c4,1445,e11,?,
1769089241.735545,SENT,f44e05e9-21bc-4b59-89e2-359de710e9ec,b5a3f2dd-6d96-4bec-b5e3-7dbaa8b65443,c5,c4,1010,?,x2,
1769089241.735587,FORWARDED,f44e05e9-21bc-4b59-89e2-359de710e9ec,b5a3f2dd-6d96-4bec-b5e3-7dbaa8b65443,c5,c4,1010,?,x2,
1769089242.18488,RECEIVED,702aa382-2a74-42aa-a116-a9a251bc959a,981da4a3-86fa-4761-9a7d-5ee7c325c359,c4,c1,1451,e3,?,
1769089242.2711325,RECEIVED,97917ab5-33ad-463a-a91e-5171530c6246,15e1ee28-0a84-4732-bb28-0a163c433a06,c4,DROP,442,x12,?,
1769089242.3112614,RECEIVED,712fde67-0a54-4352-a4ad-41dfe2c60e88,5f391a6f-cb5a-4be5-832b-4e8061c9c0d8,c5,c4,1449,e1,?,
1769089242.346771,RECEIVED,57c568d1-9bc3-4a9a-aa58-5dfc6f18a50d,bf3e52b8-de8a-4e25-8f25-27882fd2a921,c2,DROP,1011,e12,?,
1769089242.4437814,SENT,712fde67-0a54-4352-a4ad-41dfe2c60e88,5f391a6f-cb5a-4be5-832b-4e8061c9c0d8,c5,c4,1014,?,x12,
1769089242.4438229,FORWARDED,712fde67-0a54-4352-a4ad-41dfe2c60e88,5f391a6f-cb5a-4be5-832b-4e8061c9c0d8,c5,c4,1014,?,x12,
1769089242.4679182,RECEIVED,032a74cb-d854-4f02-8a9e-3529a2d0345b,3cc285f1-47e0-470a-accc-aedb601ba339,c3,DROP,1006,e5,?,
1769089242.73162,RECEIVED,7c5966b7-667f-4254-a427-6f005513f61d,b24e2dae-9ea9-4e34-972d-5fdb2fa8012e,c3,c4,1458,e7,?,
1769089242.7833056,SENT,7c5966b7-667f-4254-a427-6f005513f61d,b24e2dae-9ea9-4e34-972d-5fdb2fa8012e,c3,c4,1018,?,x10,
1769089242.7833467,FORWARDED,7c5966b7-667f-4254-a427-6f005513f61d,b24e2dae-9ea9-4e34-972d-5fdb2fa8012e,c3,c4,1018,?,x10,
1769089242.7848036,SENT,702aa382-2a74-42aa-a116-a9a251bc959a,981da4a3-86fa-4761-9a7d-5ee7c325c359,c4,c1,1016,?,x5,
1769089242.7848434,FORWARDED,702aa382-2a74-42aa-a116-a9a251bc959a,981da4a3-86fa-4761-9a7d-5ee7c325c359,c4,c1,1016,?,x5,
1769089242.833044,SENT,57c568d1-9bc3-4a9a-aa58-5dfc6f18a50d,bf3e52b8-de8a-4e25-8f25-27882fd2a921,c2,DROP,685,?,x7,
1769089242.833101,FORWARDED,57c568d1-9bc3-4a9a-aa58-5dfc6f18a50d,bf3e52b8-de8a-4e25-8f25-27882fd2a921,c2,DROP,685,?,x7,
1769089242.8556316,RECEIVED,2abd7303-5dcc-4801-b1e2-af29b12d1f04,c2046a26-58d0-4d38-8007-c785aec48a35,c4,DROP,1007,e3,?,
1769089243.0250912,RECEIVED,eafceb98-6b2b-46b3-8923-e09220f1ebcf,9326d4ab-2e87-4dca-9d20-1cf2d4ac78a9,c2,c3,1444,e2,?,
1769089243.3578358,RECEIVED,32d30259-ef42-432d-968f-f8a4222ada1c,b739ddec-fc15-41f4-90dc-b8e984d0578b,c4,c1,1447,e5,?,
1769089243.3660052,RECEIVED,c00d0c43-bea2-41dd-a3c1-969d4989bd36,b08392f4-383b-4a75-9d85-fa1f2108ba1e,c1,DROP,1007,e1,?,
1769089243.401016,RECEIVED,80c37ca0-8604-47d6-a9d4-c58fae2b878b,dce3d82a-17ec-4ff4-9091-25a5d9676dd2,c1,c3,1463,e11,?,
1769089243.492595,SENT,eafceb98-6b2b-46b3-8923-e09220f1ebcf,9326d4ab-2e87-4dca-9d20-1cf2d4ac78a9,c2,c3,1011,?,x2,
1769089243.4926374,FORWARDED,eafceb98-6b2b-46b3-8923-e09220f1ebcf,9326d4ab-2e87-4dca-9d20-1cf2d4ac78a9,c2,c3,1011,?,x2,
1769089243.8156252,RECEIVED,e8f1a3f5-93cb-4dab-90ad-0c68a0d223d5,ecebe542-6b91-414f-9f79-5ee0d7f6d1aa,c4,DROP,1007,e10,?,
1769089243.8978426,RECEIVED,36193c60-0490-4bac-b8ef-a514cf708b4e,64aac197-0057-4e78-b402-aa64c7805f00,c3,DROP,1007,e4,?,
1769089244.0231352,SENT,c00d0c43-bea2-41dd-a3c1-969d4989bd36,b08392f4-383b-4a75-9d85-fa1f2108ba1e,c1,DROP,684,?,x3,
1769089244.0231738,FORWARDED,c00d0c43-bea2-41dd-a3c1-969d4989bd36,b08392f4-383b-4a75-9d85-fa1f2108ba1e,c1,DROP,684,?,x3,
1769089244.063367,SENT,32d30259-ef42-432d-968f-f8a4222ada1c,b739ddec-fc15-41f4-90dc-b8e984d0578b,c4,c1,1013,?,x2,
1769089244.0634089,FORWARDED,32d30259-ef42-432d-968f-f8a4222ada1c,b739ddec-fc15-41f4-90dc-b8e984d0578b,c4,c1,1013,?,x2,
1769089244.1261523,SENT,e8f1a3f5-93cb-4dab-90ad-0c68a0d223d5,ecebe542-6b91-414f-9f79-5ee0d7f6d1aa,c4,DROP,684,?,x8,
1769089244.1261938,FORWARDED,e8f1a3f5-93cb-4dab-90ad-0c68a0d223d5,ecebe542-6b91-414f-9f79-5ee0d7f6d1aa,c4,DROP,684,?,x8,
1769089244.1711593,SENT,36193c60-0490-4bac-b8ef-a514cf708b4e,64aac197-0057-4e78-b402-aa64c7805f00,c3,DROP,683,?,x9,
1769089244.1711993,FORWARDED,36193c60-0490-4bac-b8ef-a514cf708b4e,64aac197-0057-4e78-b402-aa64c7805f00,c3,DROP,683,?,x9,
1769089244.207202,SENT,80c37ca0-8604-47d6-a9d4-c58fae2b878b,dce3d82a-17ec-4ff4-9091-25a5d9676dd2,c1,c3,1024,?,x1,
1769089244.2072427,FORWARDED,80c37ca0-8604-47d6-a9d4-c58fae2b878b,dce3d82a-17ec-4ff4-9091-25a5d9676dd2,c1,c3,1024,?,x1,
1769089244.275646,RECEIVED,2b2d2a03-3792-4eaa-8045-fec255e4e25a,1f0dc2ca-9ab4-4dc6-b282-72b608e3eb7a,c2,DROP,1010,e5,?,
1769089244.3060951,RECEIVED,b6134d8f-d4f9-47d4-81a2-8c89a7c4afa9,fcf2e770-d1ec-4e64-b10e-e33cad2af726,c4,DROP,1006,e10,?,
1769089244.308436,SENT,2b2d2a03-3792-4eaa-8045-fec255e4e25a,1f0dc2ca-9ab4-4dc6-b282-72b608e3eb7a,c2,DROP,684,?,x1,
1769089244.308476,FORWARDED,2b2d2a03-3792-4eaa-8045-fec255e4e25a,1f0dc2ca-9ab4-4dc6-b282-72b608e3eb7a,c2,DROP,684,?,x1,
1769089244.369719,SENT,032a74cb-d854-4f02-8a9e-3529a2d0345b,3cc285f1-47e0-470a-accc-aedb601ba339,c3,DROP,684,?,x8,
1769089244.3697715,FORWARDED,032a74cb-d854-4f02-8a9e-3529a2d0345b,3cc285f1-47e0-470a-accc-aedb601ba339,c3,DROP,684,?,x8,
1769089244.453231,SENT,2abd7303-5dcc-4801-b1e2-af29b12d1f04,c2046a26-58d0-4d38-8007-c785aec48a35,c4,DROP,684,?,x6,
1769089244.4532664,FORWARDED,2abd7303-5dcc-4801-b1e2-af29b12d1f04,c2046a26-58d0-4d38-8007-c785aec48a35,c4,DROP,684,?,x6,
1769089244.4886966,RECEIVED,fbd23b30-b5c2-4a88-941b-d43864c98e30,99fa652f-c0fa-4501-abbf-4a9480cc4a38,c1,DROP,1014,e12,?,
1769089244.7699356,RECEIVED,d6551343-cc99-4d75-b76e-4aee678b0363,e812a75b-ac59-454d-9028-0a1c4f85fd84,c1,DROP,442,x3,?,
1769089244.867393,RECEIVED,e9d4298b-4f86-4c6b-8308-21f29d0699b9,3ce42da3-2044-49d0-8eab-2672cec092b2,c4,DROP,1006,e3,?,
1769089244.9166899,SENT,b6134d8f-d4f9-47d4-81a2-8c89a7c4afa9,fcf2e770-d1ec-4e64-b10e-e33cad2af726,c4,DROP,683,?,x8,
1769089244.9167323,FORWARDED,b6134d8f-d4f9-47d4-81a2-8c89a7c4afa9,fcf2e770-d1ec-4e64-b10e-e33cad2af726,c4,DROP,683,?,x8,
1769089244.9745538,RECEIVED,6a95113a-056a-46f2-95a3-aa8d330f4441,713fd688-6619-4334-9beb-880f1b1d1634,c5,c4,1444,e3,?,
1769089245.0180423,SENT,6a95113a-056a-46f2-95a3-aa8d330f4441,713fd688-6619-4334-9beb-880f1b1d1634,c5,c4,1011,?,x3,
1769089245.0180926,FORWARDED,6a95113a-056a-46f2-95a3-aa8d330f4441,713fd688-6619-4334-9beb-880f1b1d1634,c5,c4,1011,?,x3,
1769089245.1645353,RECEIVED,46c539e8-d82f-45d5-88a3-25211feddb63,793694f0-e20a-4af3-99ae-6e815e689f26,c4,c1,1451,e4,?,
1769089245.2982621,SENT,fbd23b30-b5c2-4a88-941b-d43864c98e30,99fa652f-c0fa-4501-abbf-4a9480cc4a38,c1,DROP,688,?,x1,
1769089245.2983048,FORWARDED,fbd23b30-b5c2-4a88-941b-d43864c98e30,99fa652f-c0fa-4501-abbf-4a9480cc4a38,c1,DROP,688,?,x1,
1769089245.337417,RECEIVED,b08b0108-c355-4432-8706-40dd25ab674b,30908208-e200-46c1-a04e-11cd5a639f8c,c5,c4,1458,e5,?,
1769089245.4026248,SENT,b08b0108-c355-4432-8706-40dd25ab674b,30908208-e200-46c1-a04e-11cd5a639f8c,c5,c4,1019,?,x10,
1769089245.4026675,FORWARDED,b08b0108-c355-4432-8706-40dd25ab674b,30908208-e200-46c1-a04e-11cd5a639f8c,c5,c4,1019,?,x10,
1769089245.4433913,SENT,e9d4298b-4f86-4c6b-8308-21f29d0699b9,3ce42da3-2044-49d0-8eab-2672cec092b2,c4,DROP,683,?,x2,
1769089245.443431,FORWARDED,e9d4298b-4f86-4c6b-8308-21f29d0699b9,3ce42da3-2044-49d0-8eab-2672cec092b2,c4,DROP,683,?,x2,
1769089245.5436432,SENT,46c539e8-d82f-45d5-88a3-25211feddb63,793694f0-e20a-4af3-99ae-6e815e689f26,c4,c1,1016,?,x8,
1769089245.5436826,FORWARDED,46c539e8-d82f-45d5-88a3-25211feddb63,793694f0-e20a-4af3-99ae-6e815e689f26,c4,c1,1016,?,x8,
1769089245.922032,RECEIVED,6b11a2b0-b91c-409b-8641-ab6668f472a5,6a6eab7e-cc1e-46ba-9c96-52d50fd803b7,c1,c3,1443,e1,?,
1769089246.2096496,SENT,6b11a2b0-b91c-409b-8641-ab6668f472a5,6a6eab7e-cc1e-46ba-9c96-52d50fd803b7,c1,c3,1011,?,x4,
1769089246.209692,FORWARDED,6b11a2b0-b91c-409b-8641-ab6668f472a5,6a6eab7e-cc1e-46ba-9c96-52d50fd803b7,c1,c3,1011,?,x4,
1769089246.2530546,RECEIVED,34577fef-6376-444c-a436-d38e679d2e6c,a15ea391-55d9-426f-a446-ade4b36ae872,c4,DROP,1012,e2,?,
1769089246.328262,RECEIVED,2676b3c9-ddd6-42f8-9ae2-2e302325ff6e,1d704885-5bb3-41aa-aef0-6698146213a3,c4,c1,1443,e11,?,
1769089246.4863877,RECEIVED,e846d211-40c1-4a85-a442-d8e7e034bc8b,33efda9e-2b13-40a1-92e7-18d1a625ab8e,c5,DROP,442,x2,?,
1769089246.6295307,RECEIVED,b14a4b39-b08a-4196-8440-0ab1d91e5a7a,eee19b95-054d-4392-8a1d-403f6ef70ecb,c1,c3,1444,e2,?,
1769089246.6992426,SENT,34577fef-6376-444c-a436-d38e679d2e6c,a15ea391-55d9-426f-a446-ade4b36ae872,c4,DROP,687,?,x11,
1769089246.699283,FORWARDED,34577fef-6376-444c-a436-d38e679d2e6c,a15ea391-55d9-426f-a446-ade4b36ae872,c4,DROP,687,?,x11,
1769089246.7584553,SENT,2676b3c9-ddd6-42f8-9ae2-2e302325ff6e,1d704885-5bb3-41aa-aef0-6698146213a3,c4,c1,1011,?,x7,
1769089246.7584965,FORWARDED,2676b3c9-ddd6-42f8-9ae2-2e302325ff6e,1d704885-5bb3-41aa-aef0-6698146213a3,c4,c1,1011,?,x7,
1769089246.793093,SENT,b14a4b39-b08a-4196-8440-0ab1d91e5a7a,eee19b95-054d-4392-8a1d-403f6ef70ecb,c1,c3,1011,?,x3,
1769089246.793136,FORWARDED,b14a4b39-b08a-4196-8440-0ab1d91e5a7a,eee19b95-054d-4392-8a1d-403f6ef70ecb,c1,c3,1011,?,x3,
1769089246.7943776,RECEIVED,8c28e133-d88a-4cea-a5b9-ed5b517bcda2,ffae7976-f145-4733-9199-97a214435e89,c5,c4,1444,e4,?,
1769089246.8727684,RECEIVED,4c3f3be4-9dc1-46d6-a797-3f876ccff8d2,c78c5e6f-e44c-4460-a588-163fcac74a14,c1,c3,1455,e10,?,
1769089246.922043,SENT,8c28e133-d88a-4cea-a5b9-ed5b517bcda2,ffae7976-f145-4733-9199-97a214435e89,c5,c4,1011,?,x2,
1769089246.9220965,FORWARDED,8c28e133-d88a-4cea-a5b9-ed5b517bcda2,ffae7976-f145-4733-9199-97a214435e89,c5,c4,1011,?,x2,
1769089247.0513685,RECEIVED,3a365f84-4411-4516-8f12-20c9f2a3171f,a1444d37-d4ff-406a-8b0e-1d5c4bbfcefb,c3,DROP,1009,e3,?,
1769089247.1453903,SENT,4c3f3be4-9dc1-46d6-a797-3f876ccff8d2,c78c5e6f-e44c-4460-a588-163fcac74a14,c1,c3,1020,?,x3,
1769089247.145433,FORWARDED,4c3f3be4-9dc1-46d6-a797-3f876ccff8d2,c78c5e6f-e44c-4460-a588-163fcac74a14,c1,c3,1020,?,x3,
1769089247.178456,SENT,3a365f84-4411-4516-8f12-20c9f2a3171f,a1444d37-d4ff-406a-8b0e-1d5c4bbfcefb,c3,DROP,683,?,x11,
1769089247.1784968,FORWARDED,3a365f84-4411-4516-8f12-20c9f2a3171f,a1444d37-d4ff-406a-8b0e-1d5c4bbfcefb,c3,DROP,683,?,x11,
1769089247.4106493,RECEIVED,b30e76a4-26d4-4403-b3fa-c56d0cfab4b9,c02ca6a7-1a33-4705-816c-d717ad0afa49,c4,c1,1451,e6,?,
1769089247.855056,SENT,b30e76a4-26d4-4403-b3fa-c56d0cfab4b9,c02ca6a7-1a33-4705-816c-d717ad0afa49,c4,c1,1016,?,x2,
1769089247.8550987,FORWARDED,b30e76a4-26d4-4403-b3fa-c56d0cfab4b9,c02ca6a7-1a33-4705-816c-d717ad0afa49,c4,c1,1016,?,x2,
1769089247.9636378,RECEIVED,85918217-dcca-4644-8bdf-152a5f51f36f,f0d66626-85c4-41d9-92ae-370037e34be2,c5,DROP,1007,e8,?,
1769089248.2840989,RECEIVED,a67ef959-a543-401e-866c-1efe8bb100a2,329fd01c-f960-4e0e-980c-45b625284d39,c1,c3,1452,e4,?,
1769089248.3118875,RECEIVED,71c5ec65-dbb8-49f6-93a7-e2a8ef7d5a78,41834fe9-092a-43d4-a1e9-45be5b2006b7,c3,DROP,1009,e5,?,
1769089248.3690143,RECEIVED,191fe9cc-81ed-4b77-97e9-147380253a1a,98a19a00-345b-4873-9a00-0df1b70a6636,c2,c3,1452,e2,?,
1769089248.4686184,SENT,191fe9cc-81ed-4b77-97e9-147380253a1a,98a19a00-345b-4873-9a00-0df1b70a6636,c2,c3,1015,?,x3,
1769089248.4686563,FORWARDED,191fe9cc-81ed-4b77-97e9-147380253a1a,98a19a00-345b-4873-9a00-0df1b70a6636,c2,c3,1015,?,x3,
1769089248.5160546,RECEIVED,54eea6e7-4187-4079-aace-dd18b351f0d7,54e1020c-fb85-4b80-9cd2-bf3e05bffa45,c1,c3,1466,e5,?,
1769089248.5342917,SENT,a67ef959-a543-401e-866c-1efe8bb100a2,329fd01c-f960-4e0e-980c-45b625284d39,c1,c3,1016,?,x6,
1769089248.5343337,FORWARDED,a67ef959-a543-401e-866c-1efe8bb100a2,329fd01c-f960-4e0e-980c-45b625284d39,c1,c3,1016,?,x6,
1769089248.5646548,SENT,71c5ec65-dbb8-49f6-93a7-e2a8ef7d5a78,41834fe9-092a-43d4-a1e9-45be5b2006b7,c3,DROP,683,?,x10,
1769089248.5646963,FORWARDED,71c5ec65-dbb8-49f6-93a7-e2a8ef7d5a78,41834fe9-092a-43d4-a1e9-45be5b2006b7,c3,DROP,683,?,x10,
1769089248.5670402,SENT,54eea6e7-4187-4079-aace-dd18b351f0d7,54e1020c-fb85-4b80-9cd2-bf3e05bffa45,c1,c3,1025,?,x12,
1769089248.567088,FORWARDED,54eea6e7-4187-4079-aace-dd18b351f0d7,54e1020c-fb85-4b80-9cd2-bf3e05bffa45,c1,c3,1025,?,x12,
1769089248.8279366,RECEIVED,5ad2050b-48f0-4224-985e-79ad94772fe2,f6427fc4-95e0-4d9c-b6f0-86250cb7a15e,c2,c3,1451,e5,?,
1769089248.9752514,SENT,85918217-dcca-4644-8bdf-152a5f51f36f,f0d66626-85c4-41d9-92ae-370037e34be2,c5,DROP,683,?,x9,
1769089248.9753044,FORWARDED,85918217-dcca-4644-8bdf-152a5f51f36f,f0d66626-85c4-41d9-92ae-370037e34be2,c5,DROP,683,?,x9,
1769089249.0253024,RECEIVED,a6af8b16-a9dc-423e-b866-3590bef241f8,cb2f0473-22ad-44ec-8f6b-dbcfd59e288f,c2,DROP,1012,e10,?,
1769089249.0845077,SENT,5ad2050b-48f0-4224-985e-79ad94772fe2,f6427fc4-95e0-4d9c-b6f0-86250cb7a15e,c2,c3,1015,?,x8,
1769089249.0845437,FORWARDED,5ad2050b-48f0-4224-985e-79ad94772fe2,f6427fc4-95e0-4d9c-b6f0-86250cb7a15e,c2,c3,1015,?,x8,
1769089249.1826386,SENT,a6af8b16-a9dc-423e-b866-3590bef241f8,cb2f0473-22ad-44ec-8f6b-dbcfd59e288f,c2,DROP,687,?,x7,
1769089249.1826816,FORWARDED,a6af8b16-a9dc-423e-b866-3590bef241f8,cb2f0473-22ad-44ec-8f6b-dbcfd59e288f,c2,DROP,687,?,x7,
1769089249.8585901,RECEIVED,5ffa8333-ca66-4bef-816b-c4eeb41f6fff,1f17be41-dc9f-4280-a484-071aaf6d52fe,c5,c4,1455,e1,?,
1769089249.865184,RECEIVED,41faf9a5-f333-444b-896f-c0352f43d420,2b6d06c4-f90d-47b5-a762-385d40c73277,c2,DROP,1011,e8,?,
1769089249.9043384,RECEIVED,25057775-8cb2-40e7-89ef-0f26f4d9fa30,f19472f7-2593-40d1-bb0b-2a1677ed3c90,c3,DROP,1008,e6,?,
1769089249.9731054,RECEIVED,54089b4f-3a36-44f9-a180-81cb59319ee9,b6d8565d-bd80-45fc-80fb-456232b9eb27,c4,DROP,1012,e12,?,
1769089249.9872916,SENT,25057775-8cb2-40e7-89ef-0f26f4d9fa30,f19472f7-2593-40d1-bb0b-2a1677ed3c90,c3,DROP,682,?,x7,
1769089249.987333,FORWARDED,25057775-8cb2-40e7-89ef-0f26f4d9fa30,f19472f7-2593-40d1-bb0b-2a1677ed3c90,c3,DROP,682,?,x7,
1769089250.1111367,RECEIVED,e0053f43-b35d-43f8-a8f5-85e29dda91ae,ba66d20d-926b-4e2d-bb1c-8361e8bfe3c1,c5,c4,1456,e7,?,
1769089250.1199262,SENT,54089b4f-3a36-44f9-a180-81cb59319ee9,b6d8565d-bd80-45fc-80fb-456232b9eb27,c4,DROP,685,?,x2,
1769089250.1199665,FORWARDED,54089b4f-3a36-44f9-a180-81cb59319ee9,b6d8565d-bd80-45fc-80fb-456232b9eb27,c4,DROP,685,?,x2,
1769089250.135199,RECEIVED,8f204480-612e-41e5-8599-951d135a5952,b5cbbf5b-1a2d-4ede-8ab7-4526ddea1c7c,c4,c1,1443,e8,?,
1769089250.1635706,SENT,41faf9a5-f333-444b-896f-c0352f43d420,2b6d06c4-f90d-47b5-a762-385d40c73277,c2,DROP,686,?,x3,
1769089250.1636088,FORWARDED,41faf9a5-f333-444b-896f-c0352f43d420,2b6d06c4-f90d-47b5-a762-385d40c73277,c2,DROP,686,?,x3,
1769089250.2157364,RECEIVED,4a646c2b-b799-40cb-a410-0f7ee80c0b4a,2eb69a43-ad6f-46e2-ad83-c5996765a9dc,c1,c3,1464,e11,?,
1769089250.3657057,RECEIVED,be3cacce-565d-4848-b67c-d5c8d74fac2c,773c2788-82e7-4a0d-85ad-8aad645d5fd7,c4,DROP,1016,e4,?,
1769089250.4086804,SENT,4a646c2b-b799-40cb-a410-0f7ee80c0b4a,2eb69a43-ad6f-46e2-ad83-c5996765a9dc,c1,c3,1024,?,x9,
1769089250.40872,FORWARDED,4a646c2b-b799-40cb-a410-0f7ee80c0b4a,2eb69a43-ad6f-46e2-ad83-c5996765a9dc,c1,c3,1024,?,x9,
1769089250.4192014,RECEIVED,91b615d3-e4c8-437d-9c93-a642f6ce4f51,00e257aa-dafe-4c8b-b1c4-8ca9f2f7a768,c4,c1,1460,e3,?,
1769089250.475386,SENT,be3cacce-565d-4848-b67c-d5c8d74fac2c,773c2788-82e7-4a0d-85ad-8aad645d5fd7,c4,DROP,688,?,x3,
1769089250.475428,FORWARDED,be3cacce-565d-4848-b67c-d5c8d74fac2c,773c2788-82e7-4a0d-85ad-8aad645d5fd7,c4,DROP,688,?,x3,
1769089250.5086653,SENT,91b615d3-e4c8-437d-9c93-a642f6ce4f51,00e257aa-dafe-4c8b-b1c4-8ca9f2f7a768,c4,c1,1022,?,x11,
1769089250.5087044,FORWARDED,91b615d3-e4c8-437d-9c93-a642f6ce4f51,00e257aa-dafe-4c8b-b1c4-8ca9f2f7a768,c4,c1,1022,?,x11,
1769089250.807313,RECEIVED,a9639d2f-c5db-443b-9393-def4ec1c2fe5,c43116d3-c03e-437d-a3ab-3af4685e88fa,c3,c4,1448,e4,?,
1769089250.8201528,RECEIVED,09088ccf-9668-4b62-b2c8-8c18d4edc354,8f5ed86d-8aef-43ae-b30e-d0b525543033,c4,c1,1451,e5,?,
1769089250.8827324,RECEIVED,95aa34e4-175e-4bfa-b2e0-82a3f904a596,f650751d-11b4-47be-a0a2-68845faa4aa9,c3,DROP,443,x6,?,
1769089250.9043698,RECEIVED,a722dc53-b237-42a3-912c-9075c7f89e78,b1d89588-4265-420e-8106-c6e05f6a2eca,c2,c3,1456,e12,?,
1769089250.9595869,SENT,a722dc53-b237-42a3-912c-9075c7f89e78,b1d89588-4265-420e-8106-c6e05f6a2eca,c2,c3,1019,?,x2,
1769089250.959629,FORWARDED,a722dc53-b237-42a3-912c-9075c7f89e78,b1d89588-4265-420e-8106-c6e05f6a2eca,c2,c3,1019,?,x2,
1769089251.078764,SENT,5ffa8333-ca66-4bef-816b-c4eeb41f6fff,1f17be41-dc9f-4280-a484-071aaf6d52fe,c5,c4,1020,?,x10,
1769089251.0788167,FORWARDED,5ffa8333-ca66-4bef-816b-c4eeb41f6fff,1f17be41-dc9f-4280-a484-071aaf6d52fe,c5,c4,1020,?,x10,
1769089251.3973036,SENT,09088ccf-9668-4b62-b2c8-8c18d4edc354,8f5ed86d-8aef-43ae-b30e-d0b525543033,c4,c1,1017,?,x9,
1769089251.3973453,FORWARDED,09088ccf-9668-4b62-b2c8-8c18d4edc354,8f5ed86d-8aef-43ae-b30e-d0b525543033,c4,c1,1017,?,x9,
1769089251.7009075,RECEIVED,f5e60eb8-c60b-4e95-8aaa-7aaef7eef233,349bab55-029f-4b8d-afd7-6a1da7b8be2d,c1,DROP,1015,e5,?,
1769089251.770228,SENT,a9639d2f-c5db-443b-9393-def4ec1c2fe5,c43116d3-c03e-437d-a3ab-3af4685e88fa,c3,c4,1012,?,x12,
1769089251.7702694,FORWARDED,a9639d2f-c5db-443b-9393-def4ec1c2fe5,c43116d3-c03e-437d-a3ab-3af4685e88fa,c3,c4,1012,?,x12,
1769089251.812952,SENT,e0053f43-b35d-43f8-a8f5-85e29dda91ae,ba66d20d-926b-4e2d-bb1c-8361e8bfe3c1,c5,c4,1020,?,x10,
1769089251.8129988,FORWARDED,e0053f43-b35d-43f8-a8f5-85e29dda91ae,ba66d20d-926b-4e2d-bb1c-8361e8bfe3c1,c5,c4,1020,?,x10,
1769089251.8492265,RECEIVED,50d1918c-64b6-4aa0-adf1-3974b09d966e,fd1b73a7-d0b7-4c56-a5b0-db194643e48d,c2,c3,1448,e4,?,
1769089252.0307076,SENT,50d1918c-64b6-4aa0-adf1-3974b09d966e,fd1b73a7-d0b7-4c56-a5b0-db194643e48d,c2,c3,1013,?,x3,
1769089252.0307515,FORWARDED,50d1918c-64b6-4aa0-adf1-3974b09d966e,fd1b73a7-d0b7-4c56-a5b0-db194643e48d,c2,c3,1013,?,x3,
1769089252.2167897,RECEIVED,826f765f-b8f8-4e43-97a7-d32d44036cea,9d7ee8cc-e76f-4ad3-9ad3-f14d85e2fbdc,c2,c3,1458,e3,?,
1769089252.2268195,RECEIVED,fccbdf30-f9d1-46c2-a3b3-9c2392f13f24,d8ce6acd-e775-4702-8d46-917afe4d4ae2,c2,DROP,1015,e2,?,
1769089252.2482889,SENT,826f765f-b8f8-4e43-97a7-d32d44036cea,9d7ee8cc-e76f-4ad3-9ad3-f14d85e2fbdc,c2,c3,1020,?,x11,
1769089252.248332,FORWARDED,826f765f-b8f8-4e43-97a7-d32d44036cea,9d7ee8cc-e76f-4ad3-9ad3-f14d85e2fbdc,c2,c3,1020,?,x11,
1769089252.425929,SENT,f5e60eb8-c60b-4e95-8aaa-7aaef7eef233,349bab55-029f-4b8d-afd7-6a1da7b8be2d,c1,DROP,688,?,x8,
1769089252.4259691,FORWARDED,f5e60eb8-c60b-4e95-8aaa-7aaef7eef233,349bab55-029f-4b8d-afd7-6a1da7b8be2d,c1,DROP,688,?,x8,
1769089252.515475,RECEIVED,755d50a9-4bae-40df-a432-1ed8d30bd6ed,6db04960-541e-473b-9a1f-fa441df0cb7e,c5,c4,1456,e5,?,
1769089252.6646543,SENT,755d50a9-4bae-40df-a432-1ed8d30bd6ed,6db04960-541e-473b-9a1f-fa441df0cb7e,c5,c4,1019,?,x10,
1769089252.6646945,FORWARDED,755d50a9-4bae-40df-a432-1ed8d30bd6ed,6db04960-541e-473b-9a1f-fa441df0cb7e,c5,c4,1019,?,x10,
1769089252.7171113,SENT,8f204480-612e-41e5-8599-951d135a5952,b5cbbf5b-1a2d-4ede-8ab7-4526ddea1c7c,c4,c1,1011,?,x4,
1769089252.7171538,FORWARDED,8f204480-612e-41e5-8599-951d135a5952,b5cbbf5b-1a2d-4ede-8ab7-4526ddea1c7c,c4,c1,1011,?,x4,
1769089252.9805222,SENT,fccbdf30-f9d1-46c2-a3b3-9c2392f13f24,d8ce6acd-e775-4702-8d46-917afe4d4ae2,c2,DROP,688,?,x5,
1769089252.9805627,FORWARDED,fccbdf30-f9d1-46c2-a3b3-9c2392f13f24,d8ce6acd-e775-4702-8d46-917afe4d4ae2,c2,DROP,688,?,x5,
1769089253.5078707,RECEIVED,89000558-459a-49e9-a20e-5a64df5b439a,60aac222-ef30-443a-8c99-b8917474785c,c1,DROP,441,x4,?,
1769089253.7386844,RECEIVED,064cd5ab-c7ec-47ef-a89c-fff5f05799ac,5a247a89-274a-45f6-9993-f6eb201486dc,c1,DROP,1012,e4,?,
1769089253.7457604,RECEIVED,e501321c-2091-4940-8cbe-a8ded8e7404c,dacc509a-12ee-4be8-bb24-3c6537618313,c3,DROP,1015,e9,?,
1769089254.0158327,SENT,064cd5ab-c7ec-47ef-a89c-fff5f05799ac,5a247a89-274a-45f6-9993-f6eb201486dc,c1,DROP,687,?,x4,
1769089254.0158758,FORWARDED,064cd5ab-c7ec-47ef-a89c-fff5f05799ac,5a247a89-274a-45f6-9993-f6eb201486dc,c1,DROP,687,?,x4,
1769089254.033299,RECEIVED,25517f50-f7dc-4c47-82c9-372f451a9bf0,5b62d659-2186-463d-ba6d-d4bfa6510a29,c4,c1,1444,e9,?,
1769089254.1188347,SENT,25517f50-f7dc-4c47-82c9-372f451a9bf0,5b62d659-2186-463d-ba6d-d4bfa6510a29,c4,c1,1011,?,x3,
1769089254.118877,FORWARDED,25517f50-f7dc-4c47-82c9-372f451a9bf0,5b62d659-2186-463d-ba6d-d4bfa6510a29,c4,c1,1011,?,x3,
1769089254.1223845,SENT,e501321c-2091-4940-8cbe-a8ded8e7404c,dacc509a-12ee-4be8-bb24-3c6537618313,c3,DROP,689,?,x8,
1769089254.1224253,FORWARDED,e501321c-2091-4940-8cbe-a8ded8e7404c,dacc509a-12ee-4be8-bb24-3c6537618313,c3,DROP,689,?,x8,
1769089254.724571,RECEIVED,368ccb7a-5cba-4593-8a05-ef7b9ff34c98,2fb6d22d-1ab5-4482-b1c0-ed3678458c1b,c5,DROP,1016,e6,?,
1769089254.7904775,SENT,368ccb7a-5cba-4593-8a05-ef7b9ff34c98,2fb6d22d-1ab5-4482-b1c0-ed3678458c1b,c5,DROP,688,?,x10,
1769089254.7905192,FORWARDED,368ccb7a-5cba-4593-8a05-ef7b9ff34c98,2fb6d22d-1ab5-4482-b1c0-ed3678458c1b,c5,DROP,688,?,x10,
1769089255.3538597,RECEIVED,42c3698a-c6ef-4cb9-ab3c-632603d57b62,cf3dd0ac-3f7b-4658-abdb-16bc690bd310,c2,c3,1447,e9,?,
1769089256.0178523,RECEIVED,dabebd48-d4fa-461f-9675-350fd7255b26,7719c28d-0194-45c7-9d97-aab4a5f8a720,c5,DROP,1009,e2,?,
1769089256.105371,SENT,dabebd48-d4fa-461f-9675-350fd7255b26,7719c28d-0194-45c7-9d97-aab4a5f8a720,c5,DROP,683,?,x10,
1769089256.1054142,FORWARDED,dabebd48-d4fa-461f-9675-350fd7255b26,7719c28d-0194-45c7-9d97-aab4a5f8a720,c5,DROP,683,?,x10,
1769089256.1231778,RECEIVED,5fb25eac-928a-4fa2-8484-c6f34fc9b464,1ea944fb-eba4-4019-89d1-a544f8bb53b4,c4,c1,1447,e7,?,
1769089256.3604035,RECEIVED,365096bb-062a-432a-a17a-3d170aa9edc9,7ed152f2-841b-456d-aabf-77426b79e994,c3,DROP,1008,e10,?,
1769089256.561361,RECEIVED,6491a92a-7f7b-4c25-95a4-13b2597e89e9,c23c5ae2-7053-445c-bfa5-34b091c07948,c4,DROP,1007,e9,?,
1769089256.6349573,SENT,42c3698a-c6ef-4cb9-ab3c-632603d57b62,cf3dd0ac-3f7b-4658-abdb-16bc690bd310,c2,c3,1013,?,x9,
1769089256.634995,FORWARDED,42c3698a-c6ef-4cb9-ab3c-632603d57b62,cf3dd0ac-3f7b-4658-abdb-16bc690bd310,c2,c3,1013,?,x9,
1769089256.698594,SENT,5fb25eac-928a-4fa2-8484-c6f34fc9b464,1ea944fb-eba4-4019-89d1-a544f8bb53b4,c4,c1,1012,?,x5,
1769089256.6986356,FORWARDED,5fb25eac-928a-4fa2-8484-c6f34fc9b464,1ea944fb-eba4-4019-89d1-a544f8bb53b4,c4,c1,1012,?,x5,
1769089256.8505516,RECEIVED,90e0c6d6-e2f9-4fda-9f4d-9d580181991f,abcb466f-6452-4fa8-8961-3242a0235179,c2,DROP,1008,e10,?,
1769089256.9006271,SENT,90e0c6d6-e2f9-4fda-9f4d-9d580181991f,abcb466f-6452-4fa8-8961-3242a0235179,c2,DROP,683,?,x9,
1769089256.9006703,FORWARDED,90e0c6d6-e2f9-4fda-9f4d-9d580181991f,abcb466f-6452-4fa8-8961-3242a0235179,c2,DROP,683,?,x9,
1769089257.1007822,RECEIVED,8c525d83-b1c1-46e2-9410-a88df5683b95,bef449c4-eef3-45ef-94af-726cdde0b3f1,c1,DROP,1011,e11,?,
1769089257.2144368,RECEIVED,740865f5-638d-4226-9ef2-1bd8cefb6d99,d109025f-4da3-41c4-a768-ea6af52a4260,c5,DROP,1023,e8,?,
1769089257.2834249,SENT,6491a92a-7f7b-4c25-95a4-13b2597e89e9,c23c5ae2-7053-445c-bfa5-34b091c07948,c4,DROP,684,?,x5,
1769089257.2834673,FORWARDED,6491a92a-7f7b-4c25-95a4-13b2597e89e9,c23c5ae2-7053-445c-bfa5-34b091c07948,c4,DROP,684,?,x5,
1769089257.525703,SENT,8c525d83-b1c1-46e2-9410-a88df5683b95,bef449c4-eef3-45ef-94af-726cdde0b3f1,c1,DROP,686,?,x3,
1769089257.525744,FORWARDED,8c525d83-b1c1-46e2-9410-a88df5683b95,bef449c4-eef3-45ef-94af-726cdde0b3f1,c1,DROP,686,?,x3,
1769089257.6959984,SENT,365096bb-062a-432a-a17a-3d170aa9edc9,7ed152f2-841b-456d-aabf-77426b79e994,c3,DROP,683,?,x12,
1769089257.696039,FORWARDED,365096bb-062a-432a-a17a-3d170aa9edc9,7ed152f2-841b-456d-aabf-77426b79e994,c3,DROP,683,?,x12,
1769089257.9288316,RECEIVED,a7edf412-78af-4d2c-8828-70aeb151c527,179ffba0-8e5c-44a3-adbd-f63002da8d7c,c2,c3,1452,e7,?,
1769089258.0104885,RECEIVED,bd7c2bfa-a672-4b14-8cdf-08e4baa12bd1,f859e4d9-b1df-4df7-86f4-f0225d9db030,c4,c1,1456,e4,?,
1769089258.019,SENT,a7edf412-78af-4d2c-8828-70aeb151c527,179ffba0-8e5c-44a3-adbd-f63002da8d7c,c2,c3,1015,?,x9,
1769089258.0190396,FORWARDED,a7edf412-78af-4d2c-8828-70aeb151c527,179ffba0-8e5c-44a3-adbd-f63002da8d7c,c2,c3,1015,?,x9,
1769089258.3500335,RECEIVED,1c598edd-c049-4673-90e6-83ef5bc29df6,9fec11cc-bb05-46d5-bb9b-4d98d57e3e9d,c1,c3,1457,e12,?,
1769089258.6755679,SENT,bd7c2bfa-a672-4b14-8cdf-08e4baa12bd1,f859e4d9-b1df-4df7-86f4-f0225d9db030,c4,c1,1020,?,x11,
1769089258.67561,FORWARDED,bd7c2bfa-a672-4b14-8cdf-08e4baa12bd1,f859e4d9-b1df-4df7-86f4-f0225d9db030,c4,c1,1020,?,x11,
1769089258.7107327,SENT,1c598edd-c049-4673-90e6-83ef5bc29df6,9fec11cc-bb05-46d5-bb9b-4d98d57e3e9d,c1,c3,1019,?,x12,
1769089258.7107708,FORWARDED,1c598edd-c049-4673-90e6-83ef5bc29df6,9fec11cc-bb05-46d5-bb9b-4d98d57e3e9d,c1,c3,1019,?,x12,
1769089258.7137575,RECEIVED,448183b5-32be-41f3-881c-74072c9bc99c,17d059d5-71b4-4563-a0ff-b1f0383842d9,c1,DROP,1016,e8,?,
1769089258.8453999,RECEIVED,9f761716-f691-40bd-9840-89775871cb01,36ce22dc-7b20-415e-92fd-bd0ff8cddd13,c2,c3,1448,e1,?,
1769089258.8943377,SENT,448183b5-32be-41f3-881c-74072c9bc99c,17d059d5-71b4-4563-a0ff-b1f0383842d9,c1,DROP,688,?,x7,
1769089258.89438,FORWARDED,448183b5-32be-41f3-881c-74072c9bc99c,17d059d5-71b4-4563-a0ff-b1f0383842d9,c1,DROP,688,?,x7,
1769089258.9555128,RECEIVED,7442759a-4385-40c2-9b75-c4535225d088,efbcda29-1ff4-4f66-a2cf-2c4e8ef4f966,c3,c4,1457,e6,?,
1769089259.0544424,SENT,7442759a-4385-40c2-9b75-c4535225d088,efbcda29-1ff4-4f66-a2cf-2c4e8ef4f966,c3,c4,1019,?,x11,
1769089259.0544844,FORWARDED,7442759a-4385-40c2-9b75-c4535225d088,efbcda29-1ff4-4f66-a2cf-2c4e8ef4f966,c3,c4,1019,?,x11,
1769089259.1306584,SENT,9f761716-f691-40bd-9840-89775871cb01,36ce22dc-7b20-415e-92fd-bd0ff8cddd13,c2,c3,1012,?,x1,
1769089259.1307073,FORWARDED,9f761716-f691-40bd-9840-89775871cb01,36ce22dc-7b20-415e-92fd-bd0ff8cddd13,c2,c3,1012,?,x1,
1769089259.1978192,RECEIVED,5844f761-2911-4a17-ac26-a0caf0ecb97d,ebcd205a-cd70-45bb-9869-10e248fe05d6,c3,DROP,441,x12,?,
1769089259.3146224,RECEIVED,4e432da0-4401-4dff-9b7a-cf1be0e98fa9,37774e21-084f-4f24-a965-1f01bcb1fc34,c1,c3,1451,e4,?,
1769089259.691632,RECEIVED,03f1e35a-624b-4c88-91b1-8abd5bcb6e85,cc7db96d-c46f-4ba5-8f84-e65e50dd2bdc,c4,DROP,1011,e10,?,
1769089259.901852,SENT,740865f5-638d-4226-9ef2-1bd8cefb6d99,d109025f-4da3-41c4-a768-ea6af52a4260,c5,DROP,694,?,x9,
1769089259.9018915,FORWARDED,740865f5-638d-4226-9ef2-1bd8cefb6d99,d109025f-4da3-41c4-a768-ea6af52a4260,c5,DROP,694,?,x9,
1769089260.0045588,SENT,03f1e35a-624b-4c88-91b1-8abd5bcb6e85,cc7db96d-c46f-4ba5-8f84-e65e50dd2bdc,c4,DROP,687,?,x5,
1769089260.004599,FORWARDED,03f1e35a-624b-4c88-91b1-8abd5bcb6e85,cc7db96d-c46f-4ba5-8f84-e65e50dd2bdc,c4,DROP,687,?,x5,
1769089260.2336056,RECEIVED,3703eb22-1f1c-4e22-8e1a-fa4ba9a81e93,9a1f2636-f127-428c-bb5c-5ff65af931b1,c3,DROP,1019,e11,?,
1769089260.3576674,RECEIVED,1f1c8a42-a145-48cf-94cb-139264eac08b,08101b42-73e6-4bbb-9429-e9e2b0114179,c3,DROP,441,x9,?,
1769089260.4591637,RECEIVED,1588f5f5-7f39-4e93-a0dd-2787bb388b98,42965832-08c2-4411-aeea-0c7584db2666,c4,DROP,445,x7,?,
1769089260.4766576,RECEIVED,d82f67ea-2736-41f7-a7cc-61c00a86f4b6,130cdd9c-3ebd-47d6-bad4-b18030482433,c5,DROP,440,x8,?,
1769089260.613395,RECEIVED,af3851f9-fbcb-4d32-9d90-b15a68fcafac,14a4aab8-3127-4560-99f6-80bc2abe65cf,c3,DROP,1008,e2,?,
1769089260.7373488,RECEIVED,462cc6b0-abf0-4f4e-9441-661e6c8ba26f,90a97655-b5fc-4aae-a3f4-3a1ff15ccf67,c3,DROP,1009,e7,?,
1769089260.7503726,SENT,462cc6b0-abf0-4f4e-9441-661e6c8ba26f,90a97655-b5fc-4aae-a3f4-3a1ff15ccf67,c3,DROP,684,?,x2,
1769089260.7504148,FORWARDED,462cc6b0-abf0-4f4e-9441-661e6c8ba26f,90a97655-b5fc-4aae-a3f4-3a1ff15ccf67,c3,DROP,684,?,x2,
1769089260.760265,RECEIVED,b80b47d6-e1ee-4ae4-a2e4-dd55f85d10e5,049ad47f-2860-491e-916a-4da9ead0bb7f,c4,DROP,1007,e9,?,
1769089260.7660122,SENT,3703eb22-1f1c-4e22-8e1a-fa4ba9a81e93,9a1f2636-f127-428c-bb5c-5ff65af931b1,c3,DROP,693,?,x5,
1769089260.7660694,FORWARDED,3703eb22-1f1c-4e22-8e1a-fa4ba9a81e93,9a1f2636-f127-428c-bb5c-5ff65af931b1,c3,DROP,693,?,x5,
1769089260.8248863,SENT,af3851f9-fbcb-4d32-9d90-b15a68fcafac,14a4aab8-3127-4560-99f6-80bc2abe65cf,c3,DROP,683,?,x12,
1769089260.824926,FORWARDED,af3851f9-fbcb-4d32-9d90-b15a68fcafac,14a4aab8-3127-4560-99f6-80bc2abe65cf,c3,DROP,683,?,x12,
1769089261.1966033,SENT,4e432da0-4401-4dff-9b7a-cf1be0e98fa9,37774e21-084f-4f24-a965-1f01bcb1fc34,c1,c3,1016,?,x1,
1769089261.196644,FORWARDED,4e432da0-4401-4dff-9b7a-cf1be0e98fa9,37774e21-084f-4f24-a965-1f01bcb1fc34,c1,c3,1016,?,x1,
1769089261.622657,SENT,b80b47d6-e1ee-4ae4-a2e4-dd55f85d10e5,049ad47f-2860-491e-916a-4da9ead0bb7f,c4,DROP,684,?,x7,
1769089261.6226995,FORWARDED,b80b47d6-e1ee-4ae4-a2e4-dd55f85d10e5,049ad47f-2860-491e-916a-4da9ead0bb7f,c4,DROP,684,?,x7,
1769089261.6784568,RECEIVED,01f57db8-0746-4209-8ba3-ed0fabdc1133,dd4b12ac-789e-43dc-9b13-ada5ab94cb65,c5,c4,1444,e1,?,
1769089261.8648145,RECEIVED,5e3fdeab-dc47-4851-8eda-2c5f0bc08104,7de7a6b4-e9eb-4cf8-9961-c488e38c7eef,c2,c3,1447,e2,?,
1769089261.9811833,RECEIVED,6e558817-3ce4-4328-b376-3cc319600756,d999f76d-1dbf-4f2b-ba75-445bd069f067,c1,DROP,441,x5,?,
1769089262.1043003,RECEIVED,22eb61bc-6df3-479a-94b5-33f3c86fca81,4c84b817-fd85-4c1a-b191-89a3d815bcdc,c1,c3,1453,e1,?,
1769089262.1395278,SENT,01f57db8-0746-4209-8ba3-ed0fabdc1133,dd4b12ac-789e-43dc-9b13-ada5ab94cb65,c5,c4,1011,?,x1,
1769089262.1395664,FORWARDED,01f57db8-0746-4209-8ba3-ed0fabdc1133,dd4b12ac-789e-43dc-9b13-ada5ab94cb65,c5,c4,1011,?,x1,
1769089262.3699808,RECEIVED,6f23b8be-4f63-4cf4-ab8c-02e6d999b4f4,a99478ff-0643-4843-b2ab-8c0802b7173e,c1,c3,1447,e4,?,
1769089262.4205084,RECEIVED,1c1241c6-9893-45f7-8e1b-d7fd9e55e731,712db26b-29b4-4ec2-8220-c9a46d9e7ddb,c1,c3,1443,e4,?,
1769089262.4660687,SENT,1c1241c6-9893-45f7-8e1b-d7fd9e55e731,712db26b-29b4-4ec2-8220-c9a46d9e7ddb,c1,c3,1011,?,x9,
1769089262.4661148,FORWARDED,1c1241c6-9893-45f7-8e1b-d7fd9e55e731,712db26b-29b4-4ec2-8220-c9a46d9e7ddb,c1,c3,1011,?,x9,
1769089262.5169542,SENT,22eb61bc-6df3-479a-94b5-33f3c86fca81,4c84b817-fd85-4c1a-b191-89a3d815bcdc,c1,c3,1015,?,x12,
1769089262.5169945,FORWARDED,22eb61bc-6df3-479a-94b5-33f3c86fca81,4c84b817-fd85-4c1a-b191-89a3d815bcdc,c1,c3,1015,?,x12,
1769089262.622551,SENT,5e3fdeab-dc47-4851-8eda-2c5f0bc08104,7de7a6b4-e9eb-4cf8-9961-c488e38c7eef,c2,c3,1014,?,x1,
1769089262.622592,FORWARDED,5e3fdeab-dc47-4851-8eda-2c5f0bc08104,7de7a6b4-e9eb-4cf8-9961-c488e38c7eef,c2,c3,1014,?,x1,
1769089262.7272487,SENT,6f23b8be-4f63-4cf4-ab8c-02e6d999b4f4,a99478ff-0643-4843-b2ab-8c0802b7173e,c1,c3,1012,?,x2,
1769089262.72729,FORWARDED,6f23b8be-4f63-4cf4-ab8c-02e6d999b4f4,a99478ff-0643-4843-b2ab-8c0802b7173e,c1,c3,1012,?,x2,
1769089262.845325,RECEIVED,8019fafc-1496-4555-a1f1-5f00660c75df,8c06bfa4-6bfa-4638-bf10-71ddc5bf30e1,c4,DROP,441,x11,?,
1769089262.908501,RECEIVED,2293387d-6f4b-4acf-95a6-241732fae63e,bc2b5c22-e022-4af2-aa57-2e813faaa655,c3,DROP,1007,e1,?,
1769089263.063415,RECEIVED,247e4888-5a5e-4af0-85ca-cd40a477c19c,544396d9-ec29-4c50-9c19-7928fe207f30,c3,c4,1448,e9,?,
1769089263.1301227,SENT,247e4888-5a5e-4af0-85ca-cd40a477c19c,544396d9-ec29-4c50-9c19-7928fe207f30,c3,c4,1012,?,x4,
1769089263.1301608,FORWARDED,247e4888-5a5e-4af0-85ca-cd40a477c19c,544396d9-ec29-4c50-9c19-7928fe207f30,c3,c4,1012,?,x4,
1769089263.224796,RECEIVED,277069e1-26d8-4219-930a-46dbbb633575,c5f02bc2-662d-4c36-b086-66a0f537dfc3,c1,DROP,1024,e8,?,
1769089263.6859488,RECEIVED,e74fc647-7560-452a-9de5-2c1a570e53a5,1cadb2af-698a-4a73-8577-6443b94aff58,c4,c1,1456,e10,?,
1769089263.843178,SENT,277069e1-26d8-4219-930a-46dbbb633575,c5f02bc2-662d-4c36-b086-66a0f537dfc3,c1,DROP,694,?,x10,
1769089263.8432174,FORWARDED,277069e1-26d8-4219-930a-46dbbb633575,c5f02bc2-662d-4c36-b086-66a0f537dfc3,c1,DROP,694,?,x10,
1769089263.873438,SENT,2293387d-6f4b-4acf-95a6-241732fae63e,bc2b5c22-e022-4af2-aa57-2e813faaa655,c3,DROP,683,?,x7,
1769089263.8734775,FORWARDED,2293387d-6f4b-4acf-95a6-241732fae63e,bc2b5c22-e022-4af2-aa57-2e813faaa655,c3,DROP,683,?,x7,
1769089263.9904556,SENT,e74fc647-7560-452a-9de5-2c1a570e53a5,1cadb2af-698a-4a73-8577-6443b94aff58,c4,c1,1020,?,x12,
1769089263.9907885,FORWARDED,e74fc647-7560-452a-9de5-2c1a570e53a5,1cadb2af-698a-4a73-8577-6443b94aff58,c4,c1,1020,?,x12,
1769089264.1640031,RECEIVED,43ed49d4-4538-4a57-952f-563e2c098d80,c29ce7e4-450a-4385-8c5f-2fffb8a0cd57,c1,DROP,1013,e3,?,
1769089264.2173352,SENT,43ed49d4-4538-4a57-952f-563e2c098d80,c29ce7e4-450a-4385-8c5f-2fffb8a0cd57,c1,DROP,687,?,x8,
1769089264.2173767,FORWARDED,43ed49d4-4538-4a57-952f-563e2c098d80,c29ce7e4-450a-4385-8c5f-2fffb8a0cd57,c1,DROP,687,?,x8,
1769089264.4821208,RECEIVED,66698f77-9d41-424b-8c6e-72e09bff916d,a67c861e-d6a0-4207-9d2a-0dea9f5962ad,c2,DROP,1009,e2,?,
1769089264.5103583,SENT,66698f77-9d41-424b-8c6e-72e09bff916d,a67c861e-d6a0-4207-9d2a-0dea9f5962ad,c2,DROP,683,?,x11,
1769089264.5103972,FORWARDED,66698f77-9d41-424b-8c6e-72e09bff916d,a67c861e-d6a0-4207-9d2a-0dea9f5962ad,c2,DROP,683,?,x11,
1769089264.5449219,RECEIVED,cb2966c1-1684-4753-8a9b-a2310cce1451,74b2b56b-3e01-4035-8ed6-7bb123d3719d,c1,DROP,1021,e5,?,
1769089264.6515524,RECEIVED,02c40703-f8a3-455a-8cbd-9a91bbb8138a,05413d78-62db-44ec-a000-b5e99d3b236f,c4,DROP,437,x10,?,
1769089264.6982267,SENT,cb2966c1-1684-4753-8a9b-a2310cce1451,74b2b56b-3e01-4035-8ed6-7bb123d3719d,c1,DROP,692,?,x11,
1769089264.6982696,FORWARDED,cb2966c1-1684-4753-8a9b-a2310cce1451,74b2b56b-3e01-4035-8ed6-7bb123d3719d,c1,DROP,692,?,x11,
1769089264.728954,RECEIVED,bd7fe6ef-c362-4443-bb85-24942f6079da,4e573a4f-7d16-47f1-92e4-680ef2eb2617,c4,DROP,1015,e4,?,
1769089264.8859603,RECEIVED,4088b407-0d1b-41db-8cf7-fe3fb3811038,4aeaa0d9-316c-4099-b83d-631791f0b6a1,c5,c4,1457,e4,?,
1769089264.913403,SENT,bd7fe6ef-c362-4443-bb85-24942f6079da,4e573a4f-7d16-47f1-92e4-680ef2eb2617,c4,DROP,688,?,x4,
1769089264.9134448,FORWARDED,bd7fe6ef-c362-4443-bb85-24942f6079da,4e573a4f-7d16-47f1-92e4-680ef2eb2617,c4,DROP,688,?,x4,
1769089264.9195166,SENT,4088b407-0d1b-41db-8cf7-fe3fb3811038,4aeaa0d9-316c-4099-b83d-631791f0b6a1,c5,c4,1020,?,x12,
1769089264.9195566,FORWARDED,4088b407-0d1b-41db-8cf7-fe3fb3811038,4aeaa0d9-316c-4099-b83d-631791f0b6a1,c5,c4,1020,?,x12,
1769089265.0933485,RECEIVED,86ff149f-f2ee-47e3-b941-2880e9b275cd,d8ca9e83-686f-41e0-8475-5ba00d912b0e,c2,DROP,1008,e12,?,
1769089265.3031368,RECEIVED,509f067c-e2e6-4ee2-8f9d-51b897f78c0a,8d2f0b69-b46a-4c12-8073-d8d9a05da601,c3,DROP,445,x1,?,
1769089265.3235593,SENT,86ff149f-f2ee-47e3-b941-2880e9b275cd,d8ca9e83-686f-41e0-8475-5ba00d912b0e,c2,DROP,684,?,x4,
1769089265.3236024,FORWARDED,86ff149f-f2ee-47e3-b941-2880e9b275cd,d8ca9e83-686f-41e0-8475-5ba00d912b0e,c2,DROP,684,?,x4,
1769089265.7977052,RECEIVED,351a6ebd-b3eb-476c-9f9f-2eb33555ee43,7846a235-a2c3-4360-90a4-77d0dc81766f,c3,DROP,442,x9,?,
1769089265.9164855,RECEIVED,cfb7e16b-a055-4ddd-9a08-8e7ff12374b4,f09bdfc6-308b-4c70-92f2-37a69e628e4d,c1,c3,1444,e2,?,
1769089266.204176,RECEIVED,4bc2eace-96a9-4e9b-9470-61e9fd91bc1a,92c96edc-70b3-415b-ab8c-681a54638ee7,c5,c4,1449,e3,?,
1769089266.3820348,SENT,cfb7e16b-a055-4ddd-9a08-8e7ff12374b4,f09bdfc6-308b-4c70-92f2-37a69e628e4d,c1,c3,1011,?,x9,
1769089266.3820891,FORWARDED,cfb7e16b-a055-4ddd-9a08-8e7ff12374b4,f09bdfc6-308b-4c70-92f2-37a69e628e4d,c1,c3,1011,?,x9,
1769089266.5760965,RECEIVED,4a824c85-56bd-47fc-b45b-b76f70bbcaad,3d4efc20-ae29-4bd8-9820-a3f179fcd37f,c3,DROP,1011,e5,?,
1769089266.6476073,SENT,4bc2eace-96a9-4e9b-9470-61e9fd91bc1a,92c96edc-70b3-415b-ab8c-681a54638ee7,c5,c4,1012,?,x12,
1769089266.6476502,FORWARDED,4bc2eace-96a9-4e9b-9470-61e9fd91bc1a,92c96edc-70b3-415b-ab8c-681a54638ee7,c5,c4,1012,?,x12,
1769089266.7579677,RECEIVED,5cf442fb-12b7-43f2-8757-c5540ec69c73,4976651c-0e1f-4928-bbad-8c2f42ad3d46,c3,c4,1458,e11,?,
1769089266.8492494,SENT,5cf442fb-12b7-43f2-8757-c5540ec69c73,4976651c-0e1f-4928-bbad-8c2f42ad3d46,c3,c4,1019,?,x10,
1769089266.8492913,FORWARDED,5cf442fb-12b7-43f2-8757-c5540ec69c73,4976651c-0e1f-4928-bbad-8c2f42ad3d46,c3,c4,1019,?,x10,
1769089267.3191729,RECEIVED,67578419-a59d-4e20-9aeb-c31519505cbf,f8ac715c-a8c4-410d-9db4-a9fb119716c4,c5,DROP,1008,e6,?,
1769089267.3847613,RECEIVED,1d1dd257-79fa-4d79-b734-f806c67d5e89,b6f776d6-a0d4-435e-9277-93709840d8c5,c5,DROP,1007,e10,?,
1769089267.4513052,RECEIVED,f6b0a3bc-d547-455e-8f73-c3aad64b239e,8a9ec8a6-ac88-47d2-8a0c-794510a10264,c1,c3,1443,e10,?,
1769089267.4678578,SENT,67578419-a59d-4e20-9aeb-c31519505cbf,f8ac715c-a8c4-410d-9db4-a9fb119716c4,c5,DROP,683,?,x4,
1769089267.4678972,FORWARDED,67578419-a59d-4e20-9aeb-c31519505cbf,f8ac715c-a8c4-410d-9db4-a9fb119716c4,c5,DROP,683,?,x4,
1769089267.5591588,SENT,1d1dd257-79fa-4d79-b734-f806c67d5e89,b6f776d6-a0d4-435e-9277-93709840d8c5,c5,DROP,684,?,x6,
1769089267.5591996,FORWARDED,1d1dd257-79fa-4d79-b734-f806c67d5e89,b6f776d6-a0d4-435e-9277-93709840d8c5,c5,DROP,684,?,x6,
1769089267.6692996,SENT,4a824c85-56bd-47fc-b45b-b76f70bbcaad,3d4efc20-ae29-4bd8-9820-a3f179fcd37f,c3,DROP,685,?,x5,
1769089267.669343,FORWARDED,4a824c85-56bd-47fc-b45b-b76f70bbcaad,3d4efc20-ae29-4bd8-9820-a3f179fcd37f,c3,DROP,685,?,x5,
1769089267.7562854,RECEIVED,5a420d2e-4d97-4f64-bf99-ea51c7b5864d,cd74e5a8-de40-4224-80d4-be47de583f45,c5,DROP,1019,e11,?,
1769089268.214182,RECEIVED,d6b7d40f-cd0e-4483-8911-dc6731a29722,7134d604-67c5-4182-8bde-682292906444,c1,c3,1453,e4,?,
1769089268.2730377,SENT,d6b7d40f-cd0e-4483-8911-dc6731a29722,7134d604-67c5-4182-8bde-682292906444,c1,c3,1016,?,x9,
1769089268.2730987,FORWARDED,d6b7d40f-cd0e-4483-8911-dc6731a29722,7134d604-67c5-4182-8bde-682292906444,c1,c3,1016,?,x9,
1769089268.3980074,SENT,f6b0a3bc-d547-455e-8f73-c3aad64b239e,8a9ec8a6-ac88-47d2-8a0c-794510a10264,c1,c3,1011,?,x9,
1769089268.3980587,FORWARDED,f6b0a3bc-d547-455e-8f73-c3aad64b239e,8a9ec8a6-ac88-47d2-8a0c-794510a10264,c1,c3,1011,?,x9,
1769089268.4907074,RECEIVED,57d2285e-ac4a-4414-82d5-7b130078a16f,6862a20a-cab0-4499-985a-d0450855cf6c,c1,DROP,1019,e11,?,
1769089268.7849348,SENT,57d2285e-ac4a-4414-82d5-7b130078a16f,6862a20a-cab0-4499-985a-d0450855cf6c,c1,DROP,692,?,x6,
1769089268.7849765,FORWARDED,57d2285e-ac4a-4414-82d5-7b130078a16f,6862a20a-cab0-4499-985a-d0450855cf6c,c1,DROP,692,?,x6,
1769089268.9301612,RECEIVED,c4667be0-64c3-4368-9310-14aab321f597,edc564df-2b8d-4a62-acd5-8411a2d2d204,c4,DROP,1008,e2,?,
1769089268.9864397,SENT,c4667be0-64c3-4368-9310-14aab321f597,edc564df-2b8d-4a62-acd5-8411a2d2d204,c4,DROP,683,?,x2,
1769089268.9864953,FORWARDED,c4667be0-64c3-4368-9310-14aab321f597,edc564df-2b8d-4a62-acd5-8411a2d2d204,c4,DROP,683,?,x2,
1769089269.1648457,RECEIVED,1d50edde-799b-41cd-8524-ab37cd1075c9,dfe4c0fc-fc63-4e44-9ebf-6f4532607358,c1,DROP,441,x7,?,
1769089269.2619367,RECEIVED,5ff55d41-d4a9-4eb3-991c-e5779764c651,13c9a8ca-51a0-481c-bbe3-56c5d137b687,c5,c4,1444,e4,?,
1769089269.3064067,SENT,5a420d2e-4d97-4f64-bf99-ea51c7b5864d,cd74e5a8-de40-4224-80d4-be47de583f45,c5,DROP,693,?,x8,
1769089269.3064482,FORWARDED,5a420d2e-4d97-4f64-bf99-ea51c7b5864d,cd74e5a8-de40-4224-80d4-be47de583f45,c5,DROP,693,?,x8,
1769089269.3988028,RECEIVED,4d1bfa83-8bbd-48df-b17f-84a236bacae0,f4848a02-b668-49cf-af67-fdc2786e57bb,c3,c4,1454,e12,?,
1769089269.4176612,RECEIVED,f7c33bc2-cc50-4327-b55f-5a570b38b7c3,54cfe85d-5ba1-47a7-95b5-4eaa7dc9c6ed,c3,c4,1456,e12,?,
1769089269.6655884,SENT,5ff55d41-d4a9-4eb3-991c-e5779764c651,13c9a8ca-51a0-481c-bbe3-56c5d137b687,c5,c4,1011,?,x4,
1769089269.66563,FORWARDED,5ff55d41-d4a9-4eb3-991c-e5779764c651,13c9a8ca-51a0-481c-bbe3-56c5d137b687,c5,c4,1011,?,x4,
1769089269.7013328,SENT,4d1bfa83-8bbd-48df-b17f-84a236bacae0,f4848a02-b668-49cf-af67-fdc2786e57bb,c3,c4,1019,?,x6,
1769089269.7013745,FORWARDED,4d1bfa83-8bbd-48df-b17f-84a236bacae0,f4848a02-b668-49cf-af67-fdc2786e57bb,c3,c4,1019,?,x6,
1769089269.711665,RECEIVED,2e4cf636-7c81-40b7-89be-b8bdff0dd2a1,27a95aff-7c1e-454b-8a09-25c0e0bc9f2b,c1,c3,1453,e12,?,
1769089269.777569,SENT,2e4cf636-7c81-40b7-89be-b8bdff0dd2a1,27a95aff-7c1e-454b-8a09-25c0e0bc9f2b,c1,c3,1015,?,x2,
1769089269.7776122,FORWARDED,2e4cf636-7c81-40b7-89be-b8bdff0dd2a1,27a95aff-7c1e-454b-8a09-25c0e0bc9f2b,c1,c3,1015,?,x2,
1769089269.836848,RECEIVED,05cc469a-31e5-4088-b033-e436fb9eafda,d486b706-b987-4b46-8bf6-d0cdbe6a9a55,c5,c4,1463,e10,?,
1769089269.8651829,RECEIVED,066ababa-44a5-4e24-a1f9-b2726c417a0a,8f8b16e6-d92f-4c64-9c3b-45a1432cfe81,c2,DROP,1020,e10,?,
1769089269.9059994,SENT,f7c33bc2-cc50-4327-b55f-5a570b38b7c3,54cfe85d-5ba1-47a7-95b5-4eaa7dc9c6ed,c3,c4,1019,?,x5,
1769089269.9060392,FORWARDED,f7c33bc2-cc50-4327-b55f-5a570b38b7c3,54cfe85d-5ba1-47a7-95b5-4eaa7dc9c6ed,c3,c4,1019,?,x5,
1769089269.907346,RECEIVED,9914e0cf-d69b-4b9a-a107-3140d4c12f55,c699a061-17aa-40d4-b53c-bd69150c1e89,c2,DROP,1021,e12,?,
1769089270.2713194,RECEIVED,c1c0c8ee-63f1-4472-9efe-794fbe53bc2c,f386c2ab-318f-482e-bcab-413c614c5e28,c3,DROP,1008,e6,?,
1769089270.3429945,SENT,9914e0cf-d69b-4b9a-a107-3140d4c12f55,c699a061-17aa-40d4-b53c-bd69150c1e89,c2,DROP,692,?,x11,
1769089270.3430321,FORWARDED,9914e0cf-d69b-4b9a-a107-3140d4c12f55,c699a061-17aa-40d4-b53c-bd69150c1e89,c2,DROP,692,?,x11,
1769089270.3504157,SENT,c1c0c8ee-63f1-4472-9efe-794fbe53bc2c,f386c2ab-318f-482e-bcab-413c614c5e28,c3,DROP,684,?,x8,
1769089270.350454,FORWARDED,c1c0c8ee-63f1-4472-9efe-794fbe53bc2c,f386c2ab-318f-482e-bcab-413c614c5e28,c3,DROP,684,?,x8,
1769089270.4722264,RECEIVED,1ab09e8d-826f-4b1b-bc9f-28f3cd31f58f,bae38383-b380-44c6-9b64-4af7efc853c1,c2,c3,1453,e9,?,
1769089270.65234,RECEIVED,bbeee2b6-ea67-45ab-b6ee-727def53bad7,8b19cd71-7219-477a-9d09-2047f75db8d7,c3,DROP,1008,e4,?,
1769089270.6597347,SENT,066ababa-44a5-4e24-a1f9-b2726c417a0a,8f8b16e6-d92f-4c64-9c3b-45a1432cfe81,c2,DROP,691,?,x12,
1769089270.6597767,FORWARDED,066ababa-44a5-4e24-a1f9-b2726c417a0a,8f8b16e6-d92f-4c64-9c3b-45a1432cfe81,c2,DROP,691,?,x12,
1769089270.7221396,SENT,bbeee2b6-ea67-45ab-b6ee-727def53bad7,8b19cd71-7219-477a-9d09-2047f75db8d7,c3,DROP,684,?,x4,
1769089270.7221801,FORWARDED,bbeee2b6-ea67-45ab-b6ee-727def53bad7,8b19cd71-7219-477a-9d09-2047f75db8d7,c3,DROP,684,?,x4,
1769089270.9723895,RECEIVED,7b43b8bf-589b-4972-83e2-a551d9dcb05c,31e2fb25-5984-4a5d-bdc2-d475dc5eac32,c1,c3,1447,e4,?,
1769089271.0565755,RECEIVED,0c56fab6-6084-45d0-b8ee-e7e0ee3c2068,2544e07d-98e1-4240-b184-5c01a9d2e0d7,c5,DROP,1021,e12,?,
1769089271.1671572,SENT,0c56fab6-6084-45d0-b8ee-e7e0ee3c2068,2544e07d-98e1-4240-b184-5c01a9d2e0d7,c5,DROP,691,?,x10,
1769089271.1671958,FORWARDED,0c56fab6-6084-45d0-b8ee-e7e0ee3c2068,2544e07d-98e1-4240-b184-5c01a9d2e0d7,c5,DROP,691,?,x10,
1769089271.6360807,SENT,05cc469a-31e5-4088-b033-e436fb9eafda,d486b706-b987-4b46-8bf6-d0cdbe6a9a55,c5,c4,1024,?,x2,
1769089271.636137,FORWARDED,05cc469a-31e5-4088-b033-e436fb9eafda,d486b706-b987-4b46-8bf6-d0cdbe6a9a55,c5,c4,1024,?,x2,
1769089271.7282643,SENT,7b43b8bf-589b-4972-83e2-a551d9dcb05c,31e2fb25-5984-4a5d-bdc2-d475dc5eac32,c1,c3,1012,?,x2,
1769089271.7283056,FORWARDED,7b43b8bf-589b-4972-83e2-a551d9dcb05c,31e2fb25-5984-4a5d-bdc2-d475dc5eac32,c1,c3,1012,?,x2,
1769089272.026383,SENT,1ab09e8d-826f-4b1b-bc9f-28f3cd31f58f,bae38383-b380-44c6-9b64-4af7efc853c1,c2,c3,1019,?,x10,
1769089272.0264242,FORWARDED,1ab09e8d-826f-4b1b-bc9f-28f3cd31f58f,bae38383-b380-44c6-9b64-4af7efc853c1,c2,c3,1019,?,x10,
1769089272.2497,RECEIVED,40e5628e-7680-46aa-8bbc-23c68c291a21,698bc84a-95c8-4887-9ee2-2c7e03326af4,c3,DROP,1012,e5,?,
1769089272.3726234,SENT,40e5628e-7680-46aa-8bbc-23c68c291a21,698bc84a-95c8-4887-9ee2-2c7e03326af4,c3,DROP,687,?,x4,
1769089272.3726652,FORWARDED,40e5628e-7680-46aa-8bbc-23c68c291a21,698bc84a-95c8-4887-9ee2-2c7e03326af4,c3,DROP,687,?,x4,
1769089272.5382907,RECEIVED,241a602d-1510-4fc9-a503-2a45c9840e9a,401174e4-7093-41d0-a952-293da03e264e,c3,c4,1444,e6,?,
1769089273.0239842,SENT,241a602d-1510-4fc9-a503-2a45c9840e9a,401174e4-7093-41d0-a952-293da03e264e,c3,c4,1011,?,x9,
1769089273.0240252,FORWARDED,241a602d-1510-4fc9-a503-2a45c9840e9a,401174e4-7093-41d0-a952-293da03e264e,c3,c4,1011,?,x9,
1769089273.0944645,RECEIVED,7536f701-3fae-43a5-a94c-8872914f6179,ce480910-8d5c-4f38-a786-503eb7ae1a96,c5,DROP,1008,e6,?,
1769089273.6146424,SENT,7536f701-3fae-43a5-a94c-8872914f6179,ce480910-8d5c-4f38-a786-503eb7ae1a96,c5,DROP,683,?,x12,
1769089273.6146848,FORWARDED,7536f701-3fae-43a5-a94c-8872914f6179,ce480910-8d5c-4f38-a786-503eb7ae1a96,c5,DROP,683,?,x12,
1769089274.1224284,RECEIVED,7c9f69ca-41e3-47bc-8e1a-2d2d73d32ee5,c319e51c-dfa4-4521-8ece-f6f1380237d3,c4,c1,1455,e12,?,
1769089274.1240344,RECEIVED,44cb5b2f-d623-4ceb-a055-f69295bc7fde,50be96c2-1c9f-4b9c-911a-d9a853ba8e05,c1,DROP,1009,e7,?,
1769089274.2824857,RECEIVED,c7505066-87a0-4c6b-987c-a8eb24f8468f,9efaeaec-a517-42a0-a425-7a45a495f2c2,c4,DROP,1021,e5,?,
1769089274.3786004,SENT,c7505066-87a0-4c6b-987c-a8eb24f8468f,9efaeaec-a517-42a0-a425-7a45a495f2c2,c4,DROP,693,?,x11,
1769089274.3786435,FORWARDED,c7505066-87a0-4c6b-987c-a8eb24f8468f,9efaeaec-a517-42a0-a425-7a45a495f2c2,c4,DROP,693,?,x11,
1769089274.3890336,RECEIVED,e64a02d9-a325-4bd5-8192-ffe56bde9093,1f9eb111-f06b-4ff3-9ce1-15a1cb08847a,c5,DROP,445,x11,?,
1769089274.4470334,SENT,44cb5b2f-d623-4ceb-a055-f69295bc7fde,50be96c2-1c9f-4b9c-911a-d9a853ba8e05,c1,DROP,684,?,x12,
1769089274.4470816,FORWARDED,44cb5b2f-d623-4ceb-a055-f69295bc7fde,50be96c2-1c9f-4b9c-911a-d9a853ba8e05,c1,DROP,684,?,x12,
1769089274.464239,RECEIVED,b1ee71d8-00d2-49f6-8113-04f5d4dfec10,779e6341-fbaa-49dd-b639-51b10f4bb90d,c3,DROP,1020,e10,?,
1769089274.466895,RECEIVED,311da64d-1b09-4cdb-8e72-d182e0b1972f,29b37671-bad9-4794-9f9a-5bef3590775f,c4,c1,1447,e2,?,
1769089274.5104644,RECEIVED,f4e5c262-ac70-48dc-9349-739801a327f9,fe6edbd9-e969-418a-84cb-88a954c0cba3,c3,DROP,1003,e3,?,
1769089274.7927911,RECEIVED,7bd43d39-a77c-49e7-be7c-43291db43ddb,b0f1cf6b-c48c-48e6-95f8-58c7f0da4577,c4,DROP,1008,e1,?,
1769089274.939774,SENT,7bd43d39-a77c-49e7-be7c-43291db43ddb,b0f1cf6b-c48c-48e6-95f8-58c7f0da4577,c4,DROP,684,?,x12,
1769089274.9398096,FORWARDED,7bd43d39-a77c-49e7-be7c-43291db43ddb,b0f1cf6b-c48c-48e6-95f8-58c7f0da4577,c4,DROP,684,?,x12,
1769089275.138528,RECEIVED,6400cf99-18bd-4474-b96c-68bf53fe45a2,e24ebfff-ace0-4b1b-b7f5-c118aaed5a44,c3,DROP,1009,e9,?,
1769089275.2036057,SENT,6400cf99-18bd-4474-b96c-68bf53fe45a2,e24ebfff-ace0-4b1b-b7f5-c118aaed5a44,c3,DROP,683,?,x5,
1769089275.2036479,FORWARDED,6400cf99-18bd-4474-b96c-68bf53fe45a2,e24ebfff-ace0-4b1b-b7f5-c118aaed5a44,c3,DROP,683,?,x5,
1769089275.2123234,RECEIVED,bd0c05b8-eff0-44d0-8c78-460c13bc5370,8d290cd6-cbe3-4a9b-87eb-b29abbc37506,c4,c1,1451,e6,?,
1769089275.2743304,SENT,311da64d-1b09-4cdb-8e72-d182e0b1972f,29b37671-bad9-4794-9f9a-5bef3590775f,c4,c1,1012,?,x3,
1769089275.2743697,FORWARDED,311da64d-1b09-4cdb-8e72-d182e0b1972f,29b37671-bad9-4794-9f9a-5bef3590775f,c4,c1,1012,?,x3,
1769089275.2799985,SENT,f4e5c262-ac70-48dc-9349-739801a327f9,fe6edbd9-e969-418a-84cb-88a954c0cba3,c3,DROP,679,?,x8,
1769089275.280042,FORWARDED,f4e5c262-ac70-48dc-9349-739801a327f9,fe6edbd9-e969-418a-84cb-88a954c0cba3,c3,DROP,679,?,x8,
1769089275.2999325,RECEIVED,d02b10e6-60e5-41b8-9e32-2b00b94562d0,acb45c7a-23b7-4062-a192-28e7b696c57d,c4,DROP,1011,e3,?,
1769089275.3884208,RECEIVED,6a368300-86b8-4aa9-a615-53ca5e4c32d4,ca5f1c1d-0224-4c3a-9492-ae2af15a9641,c1,DROP,1020,e12,?,
1769089275.5750194,RECEIVED,5394969a-dba5-45bb-8454-a833e208f3b0,7910a6c8-506b-4272-8a49-13920e15fd6d,c3,DROP,1007,e9,?,
1769089275.5969198,RECEIVED,499420ab-10e0-45a0-9e4f-31304e79d9a8,b55d16a1-6847-48df-b602-9fe08860037b,c3,DROP,1015,e10,?,
1769089275.608856,SENT,d02b10e6-60e5-41b8-9e32-2b00b94562d0,acb45c7a-23b7-4062-a192-28e7b696c57d,c4,DROP,685,?,x5,
1769089275.6088924,FORWARDED,d02b10e6-60e5-41b8-9e32-2b00b94562d0,acb45c7a-23b7-4062-a192-28e7b696c57d,c4,DROP,685,?,x5,
1769089275.942441,SENT,bd0c05b8-eff0-44d0-8c78-460c13bc5370,8d290cd6-cbe3-4a9b-87eb-b29abbc37506,c4,c1,1015,?,x3,
1769089275.942482,FORWARDED,bd0c05b8-eff0-44d0-8c78-460c13bc5370,8d290cd6-cbe3-4a9b-87eb-b29abbc37506,c4,c1,1015,?,x3,
1769089276.0137055,SENT,b1ee71d8-00d2-49f6-8113-04f5d4dfec10,779e6341-fbaa-49dd-b639-51b10f4bb90d,c3,DROP,691,?,x11,
1769089276.0137455,FORWARDED,b1ee71d8-00d2-49f6-8113-04f5d4dfec10,779e6341-fbaa-49dd-b639-51b10f4bb90d,c3,DROP,691,?,x11,
1769089276.1743107,SENT,7c9f69ca-41e3-47bc-8e1a-2d2d73d32ee5,c319e51c-dfa4-4521-8ece-f6f1380237d3,c4,c1,1020,?,x4,
1769089276.1743517,FORWARDED,7c9f69ca-41e3-47bc-8e1a-2d2d73d32ee5,c319e51c-dfa4-4521-8ece-f6f1380237d3,c4,c1,1020,?,x4,
1769089276.3700855,SENT,5394969a-dba5-45bb-8454-a833e208f3b0,7910a6c8-506b-4272-8a49-13920e15fd6d,c3,DROP,684,?,x9,
1769089276.370125,FORWARDED,5394969a-dba5-45bb-8454-a833e208f3b0,7910a6c8-506b-4272-8a49-13920e15fd6d,c3,DROP,684,?,x9,
1769089276.526032,RECEIVED,ad75b671-97c0-49c2-9b4c-89f276588e3d,b78f62b8-2229-4ecb-85b4-b0cddf753949,c3,c4,1447,e4,?,
1769089276.5543416,SENT,6a368300-86b8-4aa9-a615-53ca5e4c32d4,ca5f1c1d-0224-4c3a-9492-ae2af15a9641,c1,DROP,693,?,x10,
1769089276.554379,FORWARDED,6a368300-86b8-4aa9-a615-53ca5e4c32d4,ca5f1c1d-0224-4c3a-9492-ae2af15a9641,c1,DROP,693,?,x10,
1769089276.7222252,SENT,ad75b671-97c0-49c2-9b4c-89f276588e3d,b78f62b8-2229-4ecb-85b4-b0cddf753949,c3,c4,1012,?,x2,
1769089276.7222672,FORWARDED,ad75b671-97c0-49c2-9b4c-89f276588e3d,b78f62b8-2229-4ecb-85b4-b0cddf753949,c3,c4,1012,?,x2,
1769089277.267659,RECEIVED,6108ffb2-7f28-437a-a10e-f54f783587aa,6f128ba4-10e9-4232-a200-2ca0c6b4f4cc,c5,DROP,1011,e12,?,
1769089277.5946531,RECEIVED,35d4d63a-2b38-4fea-aaaf-2f6c6843ce65,08a0a2f4-542a-40bb-a6c4-4cb6c42130a5,c5,DROP,1017,e7,?,
1769089277.6251774,SENT,35d4d63a-2b38-4fea-aaaf-2f6c6843ce65,08a0a2f4-542a-40bb-a6c4-4cb6c42130a5,c5,DROP,688,?,x1,
1769089277.6252193,FORWARDED,35d4d63a-2b38-4fea-aaaf-2f6c6843ce65,08a0a2f4-542a-40bb-a6c4-4cb6c42130a5,c5,DROP,688,?,x1,
1769089277.8589668,RECEIVED,0222eb2e-4dc8-49a8-8f81-0bdfd6a57ee4,826d1db8-4365-4fec-851d-18fa0e9adc90,c4,DROP,1014,e4,?,
1769089277.860856,RECEIVED,cc813614-4e75-4429-8bca-472a6d9a1b62,cc9c32c4-e47b-40e0-9a74-b819dde46574,c2,DROP,1013,e11,?,
1769089277.9312172,SENT,cc813614-4e75-4429-8bca-472a6d9a1b62,cc9c32c4-e47b-40e0-9a74-b819dde46574,c2,DROP,687,?,x10,
1769089277.931257,FORWARDED,cc813614-4e75-4429-8bca-472a6d9a1b62,cc9c32c4-e47b-40e0-9a74-b819dde46574,c2,DROP,687,?,x10,
1769089278.0986946,SENT,6108ffb2-7f28-437a-a10e-f54f783587aa,6f128ba4-10e9-4232-a200-2ca0c6b4f4cc,c5,DROP,687,?,x6,
1769089278.098736,FORWARDED,6108ffb2-7f28-437a-a10e-f54f783587aa,6f128ba4-10e9-4232-a200-2ca0c6b4f4cc,c5,DROP,687,?,x6,
1769089278.3485694,SENT,0222eb2e-4dc8-49a8-8f81-0bdfd6a57ee4,826d1db8-4365-4fec-851d-18fa0e9adc90,c4,DROP,688,?,x3,
1769089278.3486097,FORWARDED,0222eb2e-4dc8-49a8-8f81-0bdfd6a57ee4,826d1db8-4365-4fec-851d-18fa0e9adc90,c4,DROP,688,?,x3,
1769089278.4013393,RECEIVED,a95f1b69-4e4d-4e23-9e71-3d0d8a26c37b,731a5e0d-6d4c-41ce-aa34-c748ffbf3e22,c3,DROP,1009,e6,?,
1769089278.4514475,SENT,a95f1b69-4e4d-4e23-9e71-3d0d8a26c37b,731a5e0d-6d4c-41ce-aa34-c748ffbf3e22,c3,DROP,684,?,x6,
1769089278.4515,FORWARDED,a95f1b69-4e4d-4e23-9e71-3d0d8a26c37b,731a5e0d-6d4c-41ce-aa34-c748ffbf3e22,c3,DROP,684,?,x6,
1769089278.5918136,RECEIVED,c7694dc4-ee16-4fe3-bdba-fcbd738ff75e,47bd2ca3-736e-4c02-a9c4-d1a4ed7f9ea8,c4,DROP,1007,e10,?,
1769089278.7864065,RECEIVED,6f651704-4018-47d8-bf71-43ab1c15fc68,83b8bd16-47ff-45cd-85e5-1708dae850c5,c1,DROP,442,x6,?,
1769089278.8019829,SENT,499420ab-10e0-45a0-9e4f-31304e79d9a8,b55d16a1-6847-48df-b602-9fe08860037b,c3,DROP,688,?,x6,
1769089278.8020244,FORWARDED,499420ab-10e0-45a0-9e4f-31304e79d9a8,b55d16a1-6847-48df-b602-9fe08860037b,c3,DROP,688,?,x6,
1769089278.9026065,RECEIVED,1e41f183-0adf-4aed-89ea-64d7dad04f54,8e8cfc55-a669-49af-82e8-53d8e76b7f93,c1,c3,1447,e3,?,
1769089278.9342203,RECEIVED,5d915a47-5cd2-4093-84df-4ab47e69075b,606ea259-76a8-4d62-b95f-66537159f72a,c5,c4,1455,e10,?,
1769089279.0847018,RECEIVED,bb19b1dc-7a96-4e11-97a4-ad3ce1a448a8,799335db-cb90-4014-a02e-357931967fe4,c3,DROP,1008,e7,?,
1769089279.1648498,SENT,c7694dc4-ee16-4fe3-bdba-fcbd738ff75e,47bd2ca3-736e-4c02-a9c4-d1a4ed7f9ea8,c4,DROP,683,?,x7,
1769089279.1648922,FORWARDED,c7694dc4-ee16-4fe3-bdba-fcbd738ff75e,47bd2ca3-736e-4c02-a9c4-d1a4ed7f9ea8,c4,DROP,683,?,x7,
1769089279.1877074,RECEIVED,342e42c0-7685-49a2-9cab-1307bfdb25b0,e504de46-7b67-4139-97a5-3eae8b6e4de2,c2,DROP,1015,e4,?,
1769089279.3144438,SENT,1e41f183-0adf-4aed-89ea-64d7dad04f54,8e8cfc55-a669-49af-82e8-53d8e76b7f93,c1,c3,1013,?,x9,
1769089279.3144855,FORWARDED,1e41f183-0adf-4aed-89ea-64d7dad04f54,8e8cfc55-a669-49af-82e8-53d8e76b7f93,c1,c3,1013,?,x9,
1769089279.4871378,SENT,bb19b1dc-7a96-4e11-97a4-ad3ce1a448a8,799335db-cb90-4014-a02e-357931967fe4,c3,DROP,682,?,x10,
1769089279.4871736,FORWARDED,bb19b1dc-7a96-4e11-97a4-ad3ce1a448a8,799335db-cb90-4014-a02e-357931967fe4,c3,DROP,682,?,x10,
1769089279.5467904,RECEIVED,8f516b5d-bfa6-4824-b3c4-e077c490dc24,e10ff8ff-3985-40c5-a915-485412190415,c3,DROP,442,x1,?,
1769089279.7765965,RECEIVED,5325e4cf-77e8-42c6-bfe7-ea6d2131e194,e31ef424-71e0-481f-9aa9-22c6f7f31a1d,c1,DROP,1019,e10,?,
1769089279.8102164,SENT,5d915a47-5cd2-4093-84df-4ab47e69075b,606ea259-76a8-4d62-b95f-66537159f72a,c5,c4,1019,?,x3,
1769089279.8102546,FORWARDED,5d915a47-5cd2-4093-84df-4ab47e69075b,606ea259-76a8-4d62-b95f-66537159f72a,c5,c4,1019,?,x3,
1769089279.8383873,RECEIVED,4ab3ee75-085b-4621-b4ae-76e84c0560a8,f4f9a330-1af7-42f3-ac1b-e90784413cee,c4,DROP,1007,e8,?,
1769089279.8767653,RECEIVED,c8566e46-feef-471f-a349-21df90f7d3a5,fc2e8d85-565c-4ab0-868d-974e0a1924f9,c1,DROP,1009,e8,?,
1769089279.8849547,RECEIVED,7022d3b2-e601-4390-b1e0-c169aac15a2e,77e17b22-62fb-4a15-a166-138827ef4c54,c4,DROP,442,x12,?,
1769089279.9540434,SENT,c8566e46-feef-471f-a349-21df90f7d3a5,fc2e8d85-565c-4ab0-868d-974e0a1924f9,c1,DROP,684,?,x12,
1769089279.9544573,FORWARDED,c8566e46-feef-471f-a349-21df90f7d3a5,fc2e8d85-565c-4ab0-868d-974e0a1924f9,c1,DROP,684,?,x12,
1769089280.1165674,SENT,4ab3ee75-085b-4621-b4ae-76e84c0560a8,f4f9a330-1af7-42f3-ac1b-e90784413cee,c4,DROP,683,?,x2,
1769089280.1166105,FORWARDED,4ab3ee75-085b-4621-b4ae-76e84c0560a8,f4f9a330-1af7-42f3-ac1b-e90784413cee,c4,DROP,683,?,x2,
1769089280.252725,RECEIVED,cf91f35c-7964-424f-8dc0-326b71d503af,f6494ebb-c8e9-409d-8194-bb60b70237ff,c1,DROP,442,x5,?,
1769089280.337925,SENT,5325e4cf-77e8-42c6-bfe7-ea6d2131e194,e31ef424-71e0-481f-9aa9-22c6f7f31a1d,c1,DROP,693,?,x8,
1769089280.3379667,FORWARDED,5325e4cf-77e8-42c6-bfe7-ea6d2131e194,e31ef424-71e0-481f-9aa9-22c6f7f31a1d,c1,DROP,693,?,x8,
1769089280.3882542,SENT,342e42c0-7685-49a2-9cab-1307bfdb25b0,e504de46-7b67-4139-97a5-3eae8b6e4de2,c2,DROP,689,?,x8,
1769089280.3882954,FORWARDED,342e42c0-7685-49a2-9cab-1307bfdb25b0,e504de46-7b67-4139-97a5-3eae8b6e4de2,c2,DROP,689,?,x8,
1769089280.6926215,RECEIVED,b30648db-de64-448c-89bd-fe6113293109,f057f1c3-4d3e-4a7e-a50f-aa6ec8fa9862,c4,DROP,1007,e10,?,
1769089281.2754393,RECEIVED,001ed57d-ebd9-4ba3-be1b-ed9e5aaf4aeb,7146b66b-6ef2-40d7-ae40-36bc69aa3686,c5,DROP,442,x5,?,
1769089281.3128293,RECEIVED,f2ac2651-ad4f-4c6f-93cc-d584b3165919,570fa27c-7a51-4d6c-a4bc-c95cf9f7b305,c3,DROP,1011,e8,?,
1769089281.489553,SENT,b30648db-de64-448c-89bd-fe6113293109,f057f1c3-4d3e-4a7e-a50f-aa6ec8fa9862,c4,DROP,683,?,x5,
1769089281.4895997,FORWARDED,b30648db-de64-448c-89bd-fe6113293109,f057f1c3-4d3e-4a7e-a50f-aa6ec8fa9862,c4,DROP,683,?,x5,
1769089281.8415587,RECEIVED,fd7641ad-ebca-4a93-8d49-5a51caac1027,aabb3909-23d1-4bc0-90fa-1048ac1b4672,c4,DROP,1016,e11,?,
1769089282.0213733,SENT,fd7641ad-ebca-4a93-8d49-5a51caac1027,aabb3909-23d1-4bc0-90fa-1048ac1b4672,c4,DROP,688,?,x6,
1769089282.0214157,FORWARDED,fd7641ad-ebca-4a93-8d49-5a51caac1027,aabb3909-23d1-4bc0-90fa-1048ac1b4672,c4,DROP,688,?,x6,
1769089282.1884995,SENT,f2ac2651-ad4f-4c6f-93cc-d584b3165919,570fa27c-7a51-4d6c-a4bc-c95cf9f7b305,c3,DROP,687,?,x8,
1769089282.1885345,FORWARDED,f2ac2651-ad4f-4c6f-93cc-d584b3165919,570fa27c-7a51-4d6c-a4bc-c95cf9f7b305,c3,DROP,687,?,x8,
1769089282.3935463,RECEIVED,045f09d9-1aef-4229-868b-ddaaf25d1949,349b1b70-d8df-4b67-9198-d7bbca495e2b,c4,DROP,1007,e5,?,
1769089282.529846,RECEIVED,6d358786-5c41-43ce-b77e-996fc0941e1d,08ebe319-86c6-4896-88df-b4a1359ea9bb,c2,c3,1465,e10,?,
1769089282.7264683,SENT,6d358786-5c41-43ce-b77e-996fc0941e1d,08ebe319-86c6-4896-88df-b4a1359ea9bb,c2,c3,1024,?,x10,
1769089282.7265093,FORWARDED,6d358786-5c41-43ce-b77e-996fc0941e1d,08ebe319-86c6-4896-88df-b4a1359ea9bb,c2,c3,1024,?,x10,
1769089283.1681569,RECEIVED,024c0f97-d725-42bc-87b0-f66381765d95,5bec0231-a7a6-4e97-98d1-2a231b599c44,c4,c1,1456,e9,?,
1769089283.2707481,SENT,045f09d9-1aef-4229-868b-ddaaf25d1949,349b1b70-d8df-4b67-9198-d7bbca495e2b,c4,DROP,684,?,x2,
1769089283.2707908,FORWARDED,045f09d9-1aef-4229-868b-ddaaf25d1949,349b1b70-d8df-4b67-9198-d7bbca495e2b,c4,DROP,684,?,x2,
1769089283.4792635,RECEIVED,ab8b52ce-f5fa-4197-975f-ee8371a34b36,a45160a6-6b5e-4ade-8b94-a3cb45f7d69c,c3,c4,1456,e12,?,
1769089283.5878708,RECEIVED,1fba5e96-e271-4687-8331-785a5d042d09,463a632b-c9a2-4b9d-bd23-64f73a70a60e,c1,DROP,1012,e7,?,
1769089283.709942,SENT,1fba5e96-e271-4687-8331-785a5d042d09,463a632b-c9a2-4b9d-bd23-64f73a70a60e,c1,DROP,687,?,x4,
1769089283.7099829,FORWARDED,1fba5e96-e271-4687-8331-785a5d042d09,463a632b-c9a2-4b9d-bd23-64f73a70a60e,c1,DROP,687,?,x4,
1769089283.76468,SENT,ab8b52ce-f5fa-4197-975f-ee8371a34b36,a45160a6-6b5e-4ade-8b94-a3cb45f7d69c,c3,c4,1020,?,x7,
1769089283.7647142,FORWARDED,ab8b52ce-f5fa-4197-975f-ee8371a34b36,a45160a6-6b5e-4ade-8b94-a3cb45f7d69c,c3,c4,1020,?,x7,
1769089284.0098872,SENT,024c0f97-d725-42bc-87b0-f66381765d95,5bec0231-a7a6-4e97-98d1-2a231b599c44,c4,c1,1019,?,x12,
1769089284.0099325,FORWARDED,024c0f97-d725-42bc-87b0-f66381765d95,5bec0231-a7a6-4e97-98d1-2a231b599c44,c4,c1,1019,?,x12,
1769089284.2936773,RECEIVED,a3736f06-aba4-40dc-a8cf-1233d150f8e0,00388de2-f2e3-49b7-b429-b5106b24a85b,c3,DROP,442,x11,?,
1769089284.3027785,RECEIVED,01259965-0a1b-4ef5-a4a1-b765f4706982,f556f9d6-306e-4db4-aa2b-7f7d2a8d11a4,c1,DROP,442,x3,?,
1769089284.572628,RECEIVED,213b1cfe-1e4f-4745-a646-8be416e54128,a09ea234-d36d-41fa-b004-513fac12a044,c1,DROP,1011,e10,?,
1769089285.510183,SENT,213b1cfe-1e4f-4745-a646-8be416e54128,a09ea234-d36d-41fa-b004-513fac12a044,c1,DROP,687,?,x4,
1769089285.5102253,FORWARDED,213b1cfe-1e4f-4745-a646-8be416e54128,a09ea234-d36d-41fa-b004-513fac12a044,c1,DROP,687,?,x4,
1769089285.6144223,RECEIVED,9dc58eb9-d3a1-4075-a02e-aaf00e3f59c9,82b4b62e-e469-483d-b7f2-9b980c7c1842,c5,c4,1460,e11,?,
1769089285.9422247,SENT,9dc58eb9-d3a1-4075-a02e-aaf00e3f59c9,82b4b62e-e469-483d-b7f2-9b980c7c1842,c5,c4,1023,?,x1,
1769089285.942264,FORWARDED,9dc58eb9-d3a1-4075-a02e-aaf00e3f59c9,82b4b62e-e469-483d-b7f2-9b980c7c1842,c5,c4,1023,?,x1,
1769089285.9712257,RECEIVED,d46939c6-f7cb-4676-9287-00b3b90ece20,16f8b207-9b59-4687-a4dd-cbf89d8bfca8,c1,DROP,1007,e10,?,
1769089286.3648648,RECEIVED,41c11ece-d138-47bb-9b1a-e1687ee89732,bbdc63b2-3b2e-4250-ba97-14401786c131,c4,DROP,1011,e7,?,
1769089286.6864522,SENT,d46939c6-f7cb-4676-9287-00b3b90ece20,16f8b207-9b59-4687-a4dd-cbf89d8bfca8,c1,DROP,683,?,x3,
1769089286.6864927,FORWARDED,d46939c6-f7cb-4676-9287-00b3b90ece20,16f8b207-9b59-4687-a4dd-cbf89d8bfca8,c1,DROP,683,?,x3,
1769089286.8499796,RECEIVED,acd06739-2daf-43a5-b16d-951afcb934fc,ed03e348-f243-449c-acf4-84a9c9e7dc20,c5,DROP,1007,e2,?,
1769089286.9984436,SENT,41c11ece-d138-47bb-9b1a-e1687ee89732,bbdc63b2-3b2e-4250-ba97-14401786c131,c4,DROP,687,?,x3,
1769089286.9984856,FORWARDED,41c11ece-d138-47bb-9b1a-e1687ee89732,bbdc63b2-3b2e-4250-ba97-14401786c131,c4,DROP,687,?,x3,
1769089287.0871322,RECEIVED,6605ac7c-263f-4ffa-a7b2-32537ca68b40,692313e4-ea40-4b4a-ad87-4a8329901a09,c4,DROP,442,x7,?,
1769089287.1515372,RECEIVED,71adcabb-878c-49c8-ae13-b775976515eb,ef41d108-c15d-415d-8abd-5c3d4ec32b53,c5,c4,1451,e12,?,
1769089287.2538378,SENT,71adcabb-878c-49c8-ae13-b775976515eb,ef41d108-c15d-415d-8abd-5c3d4ec32b53,c5,c4,1015,?,x7,
1769089287.25388,FORWARDED,71adcabb-878c-49c8-ae13-b775976515eb,ef41d108-c15d-415d-8abd-5c3d4ec32b53,c5,c4,1015,?,x7,
1769089287.474453,RECEIVED,d9978897-408a-4da4-bec6-105bffca98f1,e7c02024-eb24-4d47-a791-869951c968c4,c1,DROP,1011,e10,?,
1769089287.5999103,RECEIVED,2bbdb1e4-c193-48be-a4e7-f9eb73d1591b,e57fc04d-8ec9-4726-8bda-aec13b3ab2bc,c3,DROP,441,x6,?,
1769089287.6061141,SENT,acd06739-2daf-43a5-b16d-951afcb934fc,ed03e348-f243-449c-acf4-84a9c9e7dc20,c5,DROP,682,?,x6,
1769089287.6061552,FORWARDED,acd06739-2daf-43a5-b16d-951afcb934fc,ed03e348-f243-449c-acf4-84a9c9e7dc20,c5,DROP,682,?,x6,
1769089287.7275674,RECEIVED,f27252f9-1834-4324-aba7-28dfaef90b9d,ea5b17b3-81eb-4bef-b598-52b8a1d0ca2e,c1,c3,1448,e12,?,
1769089287.7952569,RECEIVED,c365b656-dc38-4fba-a6ee-d5882be12353,bddc023b-8a51-4b32-b2c7-a6f2962807b3,c2,DROP,1017,e11,?,
1769089287.8100317,SENT,f27252f9-1834-4324-aba7-28dfaef90b9d,ea5b17b3-81eb-4bef-b598-52b8a1d0ca2e,c1,c3,1012,?,x6,
1769089287.8105702,FORWARDED,f27252f9-1834-4324-aba7-28dfaef90b9d,ea5b17b3-81eb-4bef-b598-52b8a1d0ca2e,c1,c3,1012,?,x6,
1769089287.8114865,RECEIVED,095ea81e-2916-40fd-b987-ea12ea5b243c,2fee2482-8872-40f7-a775-9eed6c1c52b1,c5,DROP,441,x5,?,
1769089287.8382912,SENT,c365b656-dc38-4fba-a6ee-d5882be12353,bddc023b-8a51-4b32-b2c7-a6f2962807b3,c2,DROP,689,?,x9,
1769089287.8383312,FORWARDED,c365b656-dc38-4fba-a6ee-d5882be12353,bddc023b-8a51-4b32-b2c7-a6f2962807b3,c2,DROP,689,?,x9,
1769089287.938764,RECEIVED,88338d70-a7f3-4d86-b50f-ece1bd1aabc0,b6b19190-97b9-4b28-88b8-c0c0d63c53ca,c4,DROP,1008,e9,?,
1769089287.9900918,RECEIVED,998d2310-35ee-43a8-b627-5160877b99bd,3af08090-1683-4d83-a52a-982903efd751,c2,DROP,441,x6,?,
1769089288.108437,SENT,88338d70-a7f3-4d86-b50f-ece1bd1aabc0,b6b19190-97b9-4b28-88b8-c0c0d63c53ca,c4,DROP,684,?,x2,
1769089288.1084764,FORWARDED,88338d70-a7f3-4d86-b50f-ece1bd1aabc0,b6b19190-97b9-4b28-88b8-c0c0d63c53ca,c4,DROP,684,?,x2,
1769089288.1185899,RECEIVED,ee3c965e-6bd9-4f27-86e9-68812d667cd1,7925b536-4d4c-400a-899d-798981597863,c1,c3,1446,e6,?,
1769089288.3672125,SENT,ee3c965e-6bd9-4f27-86e9-68812d667cd1,7925b536-4d4c-400a-899d-798981597863,c1,c3,1012,?,x6,
1769089288.3672507,FORWARDED,ee3c965e-6bd9-4f27-86e9-68812d667cd1,7925b536-4d4c-400a-899d-798981597863,c1,c3,1012,?,x6,
1769089288.4669373,SENT,d9978897-408a-4da4-bec6-105bffca98f1,e7c02024-eb24-4d47-a791-869951c968c4,c1,DROP,685,?,x1,
1769089288.4669795,FORWARDED,d9978897-408a-4da4-bec6-105bffca98f1,e7c02024-eb24-4d47-a791-869951c968c4,c1,DROP,685,?,x1,
1769089288.901299,RECEIVED,38347306-5978-4cf6-a65e-5063afae2bd9,d94eff64-9eb8-4c5b-9942-297c10f9ed66,c4,DROP,1021,e11,?,
1769089289.1156068,SENT,38347306-5978-4cf6-a65e-5063afae2bd9,d94eff64-9eb8-4c5b-9942-297c10f9ed66,c4,DROP,691,?,x11,
1769089289.115649,FORWARDED,38347306-5978-4cf6-a65e-5063afae2bd9,d94eff64-9eb8-4c5b-9942-297c10f9ed66,c4,DROP,691,?,x11,
1769089289.5789266,RECEIVED,5749e7e9-146b-46f7-9d9a-102c32efda1f,87fe61ae-c3bb-4295-ac4e-598761ec21d9,c3,c4,1464,e12,?,
1769089289.6455684,SENT,5749e7e9-146b-46f7-9d9a-102c32efda1f,87fe61ae-c3bb-4295-ac4e-598761ec21d9,c3,c4,1024,?,x8,
1769089289.6456087,FORWARDED,5749e7e9-146b-46f7-9d9a-102c32efda1f,87fe61ae-c3bb-4295-ac4e-598761ec21d9,c3,c4,1024,?,x8,
1769089289.9204476,RECEIVED,a98b700a-229c-40f3-a5aa-76bb3cc44037,b33e81f9-8426-4a07-ac8f-861610c9a2b4,c5,c4,1443,e3,?,
1769089289.9655023,RECEIVED,dc0b4fea-a0df-4ab9-b456-5d4392780d16,d41889bc-f391-497a-8214-83aaf2111565,c2,DROP,1015,e7,?,
1769089289.9695258,RECEIVED,76566dc0-77a7-45d1-a0b0-6e13ec6204e4,126c2784-1f42-4ed8-8086-8013bad881a3,c5,DROP,1003,e7,?,
1769089290.2798011,SENT,a98b700a-229c-40f3-a5aa-76bb3cc44037,b33e81f9-8426-4a07-ac8f-861610c9a2b4,c5,c4,1011,?,x8,
1769089290.2798421,FORWARDED,a98b700a-229c-40f3-a5aa-76bb3cc44037,b33e81f9-8426-4a07-ac8f-861610c9a2b4,c5,c4,1011,?,x8,
1769089290.4594352,RECEIVED,4077468d-8a0a-49b6-a3f4-16cc8d19fe5a,d5dec4c8-fc0f-4abf-b475-de5437b39347,c2,c3,1452,e3,?,
1769089290.651584,SENT,4077468d-8a0a-49b6-a3f4-16cc8d19fe5a,d5dec4c8-fc0f-4abf-b475-de5437b39347,c2,c3,1016,?,x8,
1769089290.6516252,FORWARDED,4077468d-8a0a-49b6-a3f4-16cc8d19fe5a,d5dec4c8-fc0f-4abf-b475-de5437b39347,c2,c3,1016,?,x8,
1769089290.7049968,RECEIVED,bf850853-c159-4e43-af57-f0f7ea3a6898,3a6009d7-ac8f-4ba7-8866-1fed3864d173,c2,c3,1452,e2,?,
1769089290.8193579,RECEIVED,dc7d69d5-d9af-41d9-a03d-1eb51980369a,633aa394-85db-4ddc-b85a-ed25b27dca0c,c5,DROP,1008,e1,?,
1769089290.8253837,SENT,76566dc0-77a7-45d1-a0b0-6e13ec6204e4,126c2784-1f42-4ed8-8086-8013bad881a3,c5,DROP,680,?,x9,
1769089290.8254251,FORWARDED,76566dc0-77a7-45d1-a0b0-6e13ec6204e4,126c2784-1f42-4ed8-8086-8013bad881a3,c5,DROP,680,?,x9,
1769089290.83816,SENT,dc0b4fea-a0df-4ab9-b456-5d4392780d16,d41889bc-f391-497a-8214-83aaf2111565,c2,DROP,688,?,x4,
1769089290.8382013,FORWARDED,dc0b4fea-a0df-4ab9-b456-5d4392780d16,d41889bc-f391-497a-8214-83aaf2111565,c2,DROP,688,?,x4,
1769089290.8736327,SENT,dc7d69d5-d9af-41d9-a03d-1eb51980369a,633aa394-85db-4ddc-b85a-ed25b27dca0c,c5,DROP,683,?,x2,
1769089290.8736734,FORWARDED,dc7d69d5-d9af-41d9-a03d-1eb51980369a,633aa394-85db-4ddc-b85a-ed25b27dca0c,c5,DROP,683,?,x2,
1769089290.8905897,RECEIVED,b7bac59d-2567-4b3a-886f-c08b126d7b81,fe2b751d-1273-4f34-8da6-cbf70e0b59b3,c4,c1,1443,e3,?,
1769089291.047511,SENT,bf850853-c159-4e43-af57-f0f7ea3a6898,3a6009d7-ac8f-4ba7-8866-1fed3864d173,c2,c3,1015,?,x8,
1769089291.0475512,FORWARDED,bf850853-c159-4e43-af57-f0f7ea3a6898,3a6009d7-ac8f-4ba7-8866-1fed3864d173,c2,c3,1015,?,x8,
1769089291.0533795,RECEIVED,8ca30c6e-00ff-473e-b576-55bd4fd8772d,cb16ca0c-636a-4ac3-b61f-8f22b4a0529d,c5,c4,1460,e12,?,
1769089291.1482337,RECEIVED,81f63919-03c1-4fa9-911f-fcf0cb67459b,1c9b9d32-ebc3-4380-b7cb-e298dbac971c,c4,c1,1455,e10,?,
1769089291.207392,RECEIVED,4a5b9fd2-038e-4989-a774-665bf4361071,0c70dbca-ac5b-4668-aaee-ea037c9a66be,c2,DROP,1006,e11,?,
1769089291.2416923,SENT,8ca30c6e-00ff-473e-b576-55bd4fd8772d,cb16ca0c-636a-4ac3-b61f-8f22b4a0529d,c5,c4,1023,?,x6,
1769089291.2417333,FORWARDED,8ca30c6e-00ff-473e-b576-55bd4fd8772d,cb16ca0c-636a-4ac3-b61f-8f22b4a0529d,c5,c4,1023,?,x6,
1769089291.4922245,SENT,81f63919-03c1-4fa9-911f-fcf0cb67459b,1c9b9d32-ebc3-4380-b7cb-e298dbac971c,c4,c1,1020,?,x1,
1769089291.4922657,FORWARDED,81f63919-03c1-4fa9-911f-fcf0cb67459b,1c9b9d32-ebc3-4380-b7cb-e298dbac971c,c4,c1,1020,?,x1,
1769089291.57604,SENT,b7bac59d-2567-4b3a-886f-c08b126d7b81,fe2b751d-1273-4f34-8da6-cbf70e0b59b3,c4,c1,1011,?,x8,
1769089291.576092,FORWARDED,b7bac59d-2567-4b3a-886f-c08b126d7b81,fe2b751d-1273-4f34-8da6-cbf70e0b59b3,c4,c1,1011,?,x8,
1769089291.5879705,RECEIVED,c02d7991-4255-4b69-86f2-34017da0973f,ef7774b0-b00c-483b-a28b-39b990c3819a,c5,DROP,1008,e4,?,
1769089291.678393,SENT,c02d7991-4255-4b69-86f2-34017da0973f,ef7774b0-b00c-483b-a28b-39b990c3819a,c5,DROP,682,?,x2,
1769089291.6784322,FORWARDED,c02d7991-4255-4b69-86f2-34017da0973f,ef7774b0-b00c-483b-a28b-39b990c3819a,c5,DROP,682,?,x2,
1769089292.0164766,SENT,4a5b9fd2-038e-4989-a774-665bf4361071,0c70dbca-ac5b-4668-aaee-ea037c9a66be,c2,DROP,684,?,x7,
1769089292.0165162,FORWARDED,4a5b9fd2-038e-4989-a774-665bf4361071,0c70dbca-ac5b-4668-aaee-ea037c9a66be,c2,DROP,684,?,x7,
1769089292.2297354,RECEIVED,e3ea1c04-3c94-4cc4-a883-673adb8835c1,f2cc21ef-9b5d-4eba-bb9f-29f8de43bc6c,c1,DROP,442,x9,?,
1769089292.3183825,RECEIVED,fc8505d0-7c08-483f-8772-f857e5d2afad,48c9ed5d-574e-4b63-bf8c-d16cdf0e612f,c1,c3,1457,e10,?,
1769089292.3978019,SENT,fc8505d0-7c08-483f-8772-f857e5d2afad,48c9ed5d-574e-4b63-bf8c-d16cdf0e612f,c1,c3,1019,?,x10,
1769089292.397844,FORWARDED,fc8505d0-7c08-483f-8772-f857e5d2afad,48c9ed5d-574e-4b63-bf8c-d16cdf0e612f,c1,c3,1019,?,x10,
1769089293.0823033,RECEIVED,25936c32-45ae-4438-9fa6-649062a2f44a,6b8b76f3-f599-4456-b332-1889b4e2df98,c2,DROP,1009,e8,?,
1769089293.091632,SENT,25936c32-45ae-4438-9fa6-649062a2f44a,6b8b76f3-f599-4456-b332-1889b4e2df98,c2,DROP,683,?,x2,
1769089293.0916753,FORWARDED,25936c32-45ae-4438-9fa6-649062a2f44a,6b8b76f3-f599-4456-b332-1889b4e2df98,c2,DROP,683,?,x2,
1769089293.1037452,RECEIVED,a4849e6b-3947-48f7-a79d-41bfe2a1a394,b13e2fbd-74e3-4073-8e28-bc620bdfa9eb,c3,c4,1459,e11,?,
1769089293.3424299,RECEIVED,44efc063-c785-4f6a-acb6-bd2c8fa045de,2326aa67-f8c8-4e3f-b91e-0c87a453d758,c1,DROP,1009,e11,?,
1769089293.3891888,SENT,44efc063-c785-4f6a-acb6-bd2c8fa045de,2326aa67-f8c8-4e3f-b91e-0c87a453d758,c1,DROP,683,?,x12,
1769089293.389231,FORWARDED,44efc063-c785-4f6a-acb6-bd2c8fa045de,2326aa67-f8c8-4e3f-b91e-0c87a453d758,c1,DROP,683,?,x12,
1769089293.3906739,SENT,a4849e6b-3947-48f7-a79d-41bfe2a1a394,b13e2fbd-74e3-4073-8e28-bc620bdfa9eb,c3,c4,1021,?,x8,
1769089293.3907115,FORWARDED,a4849e6b-3947-48f7-a79d-41bfe2a1a394,b13e2fbd-74e3-4073-8e28-bc620bdfa9eb,c3,c4,1021,?,x8,
1769089294.0037236,RECEIVED,0114b207-6a79-42ab-b47e-59d997d7f950,ced061b6-6115-439e-8b17-dfd639eef559,c5,DROP,441,x8,?,
1769089294.028733,RECEIVED,af973198-5638-4e5b-8c42-b6ce39df4ade,16a66d8a-751c-457f-a83f-b95a71f87a8f,c3,c4,1448,e6,?,
1769089294.1087618,SENT,af973198-5638-4e5b-8c42-b6ce39df4ade,16a66d8a-751c-457f-a83f-b95a71f87a8f,c3,c4,1012,?,x1,
1769089294.1088016,FORWARDED,af973198-5638-4e5b-8c42-b6ce39df4ade,16a66d8a-751c-457f-a83f-b95a71f87a8f,c3,c4,1012,?,x1,
1769089294.1472673,RECEIVED,7a6d8d8a-de6a-48a4-bca6-91e5aec7349e,4d41bfeb-e1e2-4256-9c0d-f1448046311c,c4,DROP,1015,e2,?,
1769089294.1631851,RECEIVED,6c90f703-d608-4055-a57e-ff32760daa69,1a44ce82-71af-4796-9d64-20619d22289b,c4,DROP,1009,e3,?,
1769089294.2658713,RECEIVED,485fa3cb-a5ce-46a8-b517-774c4b15a3c4,368c6cea-293e-4fc2-87d7-f520d7cf2394,c3,c4,1451,e10,?,
1769089294.348499,SENT,6c90f703-d608-4055-a57e-ff32760daa69,1a44ce82-71af-4796-9d64-20619d22289b,c4,DROP,684,?,x11,
1769089294.3485394,FORWARDED,6c90f703-d608-4055-a57e-ff32760daa69,1a44ce82-71af-4796-9d64-20619d22289b,c4,DROP,684,?,x11,
1769089294.8187714,RECEIVED,b1c3495e-a39c-4095-bbb9-4c2a1307e60f,69e1feef-fbb9-4803-9bcb-9c038d9d5a5f,c5,DROP,1013,e11,?,
1769089294.850595,RECEIVED,7ad9b951-2641-439e-88fc-8b42fb65b909,4056eb5b-e08e-4160-b9bc-3a9fda072a40,c2,DROP,1016,e10,?,
1769089294.8664613,SENT,b1c3495e-a39c-4095-bbb9-4c2a1307e60f,69e1feef-fbb9-4803-9bcb-9c038d9d5a5f,c5,DROP,687,?,x10,
1769089294.8665037,FORWARDED,b1c3495e-a39c-4095-bbb9-4c2a1307e60f,69e1feef-fbb9-4803-9bcb-9c038d9d5a5f,c5,DROP,687,?,x10,
1769089294.9919903,SENT,7ad9b951-2641-439e-88fc-8b42fb65b909,4056eb5b-e08e-4160-b9bc-3a9fda072a40,c2,DROP,688,?,x10,
1769089294.9920332,FORWARDED,7ad9b951-2641-439e-88fc-8b42fb65b909,4056eb5b-e08e-4160-b9bc-3a9fda072a40,c2,DROP,688,?,x10,
1769089295.0013304,SENT,485fa3cb-a5ce-46a8-b517-774c4b15a3c4,368c6cea-293e-4fc2-87d7-f520d7cf2394,c3,c4,1016,?,x6,
1769089295.0013664,FORWARDED,485fa3cb-a5ce-46a8-b517-774c4b15a3c4,368c6cea-293e-4fc2-87d7-f520d7cf2394,c3,c4,1016,?,x6,
1769089295.0428946,RECEIVED,d14703c6-aee3-4425-a6af-e9499e4f3a16,0aceb496-a9af-4955-9cbd-cd4efad8b9dc,c5,DROP,441,x1,?,
1769089295.3163788,RECEIVED,986cd6b2-2168-4cdf-91fd-052a838de304,e42b9322-a03c-4f3c-8f38-18d073043fe3,c4,c1,1464,e9,?,
1769089295.489771,SENT,7a6d8d8a-de6a-48a4-bca6-91e5aec7349e,4d41bfeb-e1e2-4256-9c0d-f1448046311c,c4,DROP,688,?,x1,
1769089295.4898121,FORWARDED,7a6d8d8a-de6a-48a4-bca6-91e5aec7349e,4d41bfeb-e1e2-4256-9c0d-f1448046311c,c4,DROP,688,?,x1,
1769089295.5207334,RECEIVED,10d4726d-ef4b-46cb-b53f-cc7ae8366fd8,7faeef70-727c-410e-93c8-9a4c28ba56ad,c3,DROP,440,x11,?,
1769089295.5269961,SENT,986cd6b2-2168-4cdf-91fd-052a838de304,e42b9322-a03c-4f3c-8f38-18d073043fe3,c4,c1,1025,?,x12,
1769089295.5270379,FORWARDED,986cd6b2-2168-4cdf-91fd-052a838de304,e42b9322-a03c-4f3c-8f38-18d073043fe3,c4,c1,1025,?,x12,
1769089295.6478288,RECEIVED,97d69372-caff-4659-9068-8ab87ce40e67,64e6c2c1-de56-4e45-9bee-d52e33dae00b,c5,DROP,1006,e5,?,
1769089295.9862175,RECEIVED,7c6c2672-3b09-4838-9f65-ec86cfd12ee4,8aa120fb-fbfd-4c38-9231-4b2d9f37203a,c2,c3,1453,e8,?,
1769089296.0830545,SENT,7c6c2672-3b09-4838-9f65-ec86cfd12ee4,8aa120fb-fbfd-4c38-9231-4b2d9f37203a,c2,c3,1015,?,x9,
1769089296.0831003,FORWARDED,7c6c2672-3b09-4838-9f65-ec86cfd12ee4,8aa120fb-fbfd-4c38-9231-4b2d9f37203a,c2,c3,1015,?,x9,
1769089296.1809127,RECEIVED,9e15c28b-7b56-4453-a735-1708854c074f,ed6be74a-ff8f-42f2-a267-811eacefe996,c1,c3,1456,e4,?,
1769089296.6284611,RECEIVED,088dc254-b45c-4555-a24c-6bc73240528d,3aee4401-ba9c-480f-8702-b0a2f12122c2,c5,DROP,1008,e10,?,
1769089296.6953037,RECEIVED,fb9caf1b-5319-47b7-80df-51bf48a2665c,a990764a-dfc8-40d7-a07b-47c3bfc72711,c1,DROP,1008,e10,?,
1769089296.9613261,SENT,088dc254-b45c-4555-a24c-6bc73240528d,3aee4401-ba9c-480f-8702-b0a2f12122c2,c5,DROP,683,?,x4,
1769089296.9613929,FORWARDED,088dc254-b45c-4555-a24c-6bc73240528d,3aee4401-ba9c-480f-8702-b0a2f12122c2,c5,DROP,683,?,x4,
1769089296.9809177,RECEIVED,0c0c7234-eb92-48a0-b03c-7982d7ec92d1,d696ff59-6fe4-40ad-a517-2646ecda447d,c2,c3,1443,e5,?,
1769089297.0530546,RECEIVED,e5b4b42b-fa8b-4821-8341-5333d019a39a,1c0677f9-85cb-48bd-99dd-8411b2b8dc88,c4,DROP,440,x7,?,
1769089297.162576,RECEIVED,17dd2a73-c981-459e-b206-4bc770b324c1,e94da50f-24c2-42f0-837e-86825b747b2f,c3,c4,1460,e12,?,
1769089297.1706939,RECEIVED,630e41ee-a4d9-4a17-a951-c8f6e751929e,6a861220-f429-4ee2-9592-7b584a07d0c7,c1,DROP,442,x6,?,
1769089297.2362964,RECEIVED,b8545486-d324-45c2-9aab-4eab597ac90b,3e9435d7-f7eb-4d91-ac83-83cc7260cf5f,c3,c4,1461,e12,?,
1769089297.2806258,SENT,b8545486-d324-45c2-9aab-4eab597ac90b,3e9435d7-f7eb-4d91-ac83-83cc7260cf5f,c3,c4,1022,?,x4,
1769089297.280664,FORWARDED,b8545486-d324-45c2-9aab-4eab597ac90b,3e9435d7-f7eb-4d91-ac83-83cc7260cf5f,c3,c4,1022,?,x4,
1769089297.4467258,SENT,9e15c28b-7b56-4453-a735-1708854c074f,ed6be74a-ff8f-42f2-a267-811eacefe996,c1,c3,1020,?,x10,
1769089297.4467618,FORWARDED,9e15c28b-7b56-4453-a735-1708854c074f,ed6be74a-ff8f-42f2-a267-811eacefe996,c1,c3,1020,?,x10,
1769089297.4660199,SENT,17dd2a73-c981-459e-b206-4bc770b324c1,e94da50f-24c2-42f0-837e-86825b747b2f,c3,c4,1023,?,x7,
1769089297.4660714,FORWARDED,17dd2a73-c981-459e-b206-4bc770b324c1,e94da50f-24c2-42f0-837e-86825b747b2f,c3,c4,1023,?,x7,
1769089297.4848437,RECEIVED,a0b56f00-064d-45d7-9e4d-e7561c5324c0,1405ece1-ef37-4a29-b88e-854bb9d554e8,c5,c4,1452,e3,?,
1769089297.5580163,RECEIVED,e16dd115-8187-47ef-9c81-5c1471a13182,c1a71320-c1c0-42b9-9491-b9489b54986d,c5,c4,1435,e2,?,
1769089297.6085966,RECEIVED,d4e8fa7b-6e7f-4616-aeae-2f7002514836,8125a269-ae90-4342-a09f-9955868ce96f,c3,DROP,1008,e8,?,
1769089297.7687871,SENT,e16dd115-8187-47ef-9c81-5c1471a13182,c1a71320-c1c0-42b9-9491-b9489b54986d,c5,c4,1005,?,x5,
1769089297.768827,FORWARDED,e16dd115-8187-47ef-9c81-5c1471a13182,c1a71320-c1c0-42b9-9491-b9489b54986d,c5,c4,1005,?,x5,
1769089297.825549,SENT,fb9caf1b-5319-47b7-80df-51bf48a2665c,a990764a-dfc8-40d7-a07b-47c3bfc72711,c1,DROP,683,?,x10,
1769089297.8255913,FORWARDED,fb9caf1b-5319-47b7-80df-51bf48a2665c,a990764a-dfc8-40d7-a07b-47c3bfc72711,c1,DROP,683,?,x10,
1769089297.8624973,SENT,d4e8fa7b-6e7f-4616-aeae-2f7002514836,8125a269-ae90-4342-a09f-9955868ce96f,c3,DROP,683,?,x2,
1769089297.8625352,FORWARDED,d4e8fa7b-6e7f-4616-aeae-2f7002514836,8125a269-ae90-4342-a09f-9955868ce96f,c3,DROP,683,?,x2,
1769089297.9727192,SENT,0c0c7234-eb92-48a0-b03c-7982d7ec92d1,d696ff59-6fe4-40ad-a517-2646ecda447d,c2,c3,1011,?,x7,
1769089297.9727612,FORWARDED,0c0c7234-eb92-48a0-b03c-7982d7ec92d1,d696ff59-6fe4-40ad-a517-2646ecda447d,c2,c3,1011,?,x7,
1769089298.0942547,SENT,a0b56f00-064d-45d7-9e4d-e7561c5324c0,1405ece1-ef37-4a29-b88e-854bb9d554e8,c5,c4,1017,?,x11,
1769089298.0943155,FORWARDED,a0b56f00-064d-45d7-9e4d-e7561c5324c0,1405ece1-ef37-4a29-b88e-854bb9d554e8,c5,c4,1017,?,x11,
1769089298.107641,RECEIVED,13254b0e-fe52-443e-a25c-5d7e0686b63f,abffd5b2-8774-4030-af1c-fcac6522a582,c5,DROP,1016,e9,?,
1769089298.1405861,RECEIVED,7d2c1b9b-bd27-4b7e-a80b-dffe0724f38d,2417b976-89b4-47e2-ac72-9e3855b559b2,c4,DROP,442,x2,?,
1769089298.393403,SENT,97d69372-caff-4659-9068-8ab87ce40e67,64e6c2c1-de56-4e45-9bee-d52e33dae00b,c5,DROP,684,?,x7,
1769089298.3936245,FORWARDED,97d69372-caff-4659-9068-8ab87ce40e67,64e6c2c1-de56-4e45-9bee-d52e33dae00b,c5,DROP,684,?,x7,
1769089298.4015431,SENT,13254b0e-fe52-443e-a25c-5d7e0686b63f,abffd5b2-8774-4030-af1c-fcac6522a582,c5,DROP,689,?,x2,
1769089298.4015844,FORWARDED,13254b0e-fe52-443e-a25c-5d7e0686b63f,abffd5b2-8774-4030-af1c-fcac6522a582,c5,DROP,689,?,x2,
1769089298.479937,RECEIVED,10aaa429-9a40-4b0d-920f-60fc02362c3d,734dc53b-95b6-48de-a3e4-8e5a6a0503f0,c1,c3,1444,e3,?,
1769089298.576738,RECEIVED,35c37a27-1370-4ded-bb6a-2ac373c1703c,3e892c64-bc1d-41c4-aa9c-86889fb03b7a,c5,DROP,1008,e8,?,
1769089298.8185723,SENT,10aaa429-9a40-4b0d-920f-60fc02362c3d,734dc53b-95b6-48de-a3e4-8e5a6a0503f0,c1,c3,1011,?,x9,
1769089298.8186145,FORWARDED,10aaa429-9a40-4b0d-920f-60fc02362c3d,734dc53b-95b6-48de-a3e4-8e5a6a0503f0,c1,c3,1011,?,x9,
1769089298.9758317,RECEIVED,14740ec7-3d26-4970-87df-1332fb5fb054,16a374b4-527a-4d3d-a87f-6043c3171d40,c1,DROP,441,x2,?,
1769089299.172635,RECEIVED,c80996e0-7924-4857-b32c-edd79aa11ae7,428f824c-44e1-41e7-9e43-d837fe1fc616,c5,c4,1444,e4,?,
1769089299.3671823,SENT,c80996e0-7924-4857-b32c-edd79aa11ae7,428f824c-44e1-41e7-9e43-d837fe1fc616,c5,c4,1011,?,x7,
1769089299.3672237,FORWARDED,c80996e0-7924-4857-b32c-edd79aa11ae7,428f824c-44e1-41e7-9e43-d837fe1fc616,c5,c4,1011,?,x7,
1769089299.4081366,SENT,35c37a27-1370-4ded-bb6a-2ac373c1703c,3e892c64-bc1d-41c4-aa9c-86889fb03b7a,c5,DROP,683,?,x11,
1769089299.4081767,FORWARDED,35c37a27-1370-4ded-bb6a-2ac373c1703c,3e892c64-bc1d-41c4-aa9c-86889fb03b7a,c5,DROP,683,?,x11,
1769089299.451592,RECEIVED,7ddd7c0f-33c5-4800-9b62-8dcf5e03df47,292be95a-794c-436e-bede-cd019149495b,c3,DROP,1008,e6,?,
1769089299.526318,RECEIVED,cb9a7cd9-e0f2-4d8d-97e7-7269851495fa,241ed571-6f96-40ca-abc9-02f5fee15455,c5,DROP,1012,e9,?,
1769089299.5431921,SENT,7ddd7c0f-33c5-4800-9b62-8dcf5e03df47,292be95a-794c-436e-bede-cd019149495b,c3,DROP,684,?,x12,
1769089299.543232,FORWARDED,7ddd7c0f-33c5-4800-9b62-8dcf5e03df47,292be95a-794c-436e-bede-cd019149495b,c3,DROP,684,?,x12,
1769089299.5537229,RECEIVED,d97b737f-c78b-441b-86d3-d24a8c841fef,4d6b1333-15fd-49ff-8de2-1df3878d221a,c5,DROP,1007,e10,?,
1769089299.7885025,RECEIVED,7a6bfa0a-7cf1-40a2-a906-f15e1f8f91e7,265c46d9-1d39-4abc-a11c-7e769e67317a,c1,DROP,1005,e6,?,
1769089299.8241873,RECEIVED,87a08a52-581a-4274-93ff-a1f8a1f80816,3872bf92-6bfc-49ff-bcab-9dcd2660f5c0,c3,c4,1449,e3,?,
1769089299.8543327,SENT,87a08a52-581a-4274-93ff-a1f8a1f80816,3872bf92-6bfc-49ff-bcab-9dcd2660f5c0,c3,c4,1014,?,x7,
1769089299.854375,FORWARDED,87a08a52-581a-4274-93ff-a1f8a1f80816,3872bf92-6bfc-49ff-bcab-9dcd2660f5c0,c3,c4,1014,?,x7,
1769089299.9705343,SENT,cb9a7cd9-e0f2-4d8d-97e7-7269851495fa,241ed571-6f96-40ca-abc9-02f5fee15455,c5,DROP,687,?,x5,
1769089299.9705741,FORWARDED,cb9a7cd9-e0f2-4d8d-97e7-7269851495fa,241ed571-6f96-40ca-abc9-02f5fee15455,c5,DROP,687,?,x5,
1769089300.0159206,RECEIVED,2a5af3d1-bb36-4a83-9221-574480d11d04,9d7e0b50-212b-4946-a019-024137c041c6,c2,DROP,1007,e4,?,
1769089300.3050282,SENT,2a5af3d1-bb36-4a83-9221-574480d11d04,9d7e0b50-212b-4946-a019-024137c041c6,c2,DROP,683,?,x8,
1769089300.3050838,FORWARDED,2a5af3d1-bb36-4a83-9221-574480d11d04,9d7e0b50-212b-4946-a019-024137c041c6,c2,DROP,683,?,x8,
1769089300.4913664,RECEIVED,3c6a5ae8-2bf3-4d8e-b30a-a743e5e9bc95,ff8d8361-0b3d-43c6-991b-eeb2c8bc09db,c2,DROP,1012,e9,?,
1769089300.564036,SENT,3c6a5ae8-2bf3-4d8e-b30a-a743e5e9bc95,ff8d8361-0b3d-43c6-991b-eeb2c8bc09db,c2,DROP,687,?,x1,
1769089300.5640903,FORWARDED,3c6a5ae8-2bf3-4d8e-b30a-a743e5e9bc95,ff8d8361-0b3d-43c6-991b-eeb2c8bc09db,c2,DROP,687,?,x1,
1769089300.8991919,SENT,d97b737f-c78b-441b-86d3-d24a8c841fef,4d6b1333-15fd-49ff-8de2-1df3878d221a,c5,DROP,684,?,x9,
1769089300.899233,FORWARDED,d97b737f-c78b-441b-86d3-d24a8c841fef,4d6b1333-15fd-49ff-8de2-1df3878d221a,c5,DROP,684,?,x9,
1769089301.019883,RECEIVED,6b2d4157-1bb5-47eb-bdf7-c09d7d660606,dee372f0-7dba-4a25-be5c-49236c54df19,c1,c3,1448,e11,?,
1769089301.1710973,RECEIVED,938af449-4070-4905-84de-61a6b51e4a4d,56d0ae77-15d3-4c63-b42a-a383fdb5f1f1,c1,c3,1452,e8,?,
1769089301.20192,RECEIVED,b60bedb1-c68a-413b-9f16-cd4dd4ff8d0c,7ec10682-3a85-49f2-98d5-66453b308feb,c4,DROP,1013,e7,?,
1769089301.2768648,SENT,b60bedb1-c68a-413b-9f16-cd4dd4ff8d0c,7ec10682-3a85-49f2-98d5-66453b308feb,c4,DROP,687,?,x11,
1769089301.2769067,FORWARDED,b60bedb1-c68a-413b-9f16-cd4dd4ff8d0c,7ec10682-3a85-49f2-98d5-66453b308feb,c4,DROP,687,?,x11,
1769089301.2787795,SENT,938af449-4070-4905-84de-61a6b51e4a4d,56d0ae77-15d3-4c63-b42a-a383fdb5f1f1,c1,c3,1016,?,x4,
1769089301.278818,FORWARDED,938af449-4070-4905-84de-61a6b51e4a4d,56d0ae77-15d3-4c63-b42a-a383fdb5f1f1,c1,c3,1016,?,x4,
1769089301.433695,SENT,7a6bfa0a-7cf1-40a2-a906-f15e1f8f91e7,265c46d9-1d39-4abc-a11c-7e769e67317a,c1,DROP,684,?,x4,
1769089301.4337413,FORWARDED,7a6bfa0a-7cf1-40a2-a906-f15e1f8f91e7,265c46d9-1d39-4abc-a11c-7e769e67317a,c1,DROP,684,?,x4,
1769089301.445167,SENT,6b2d4157-1bb5-47eb-bdf7-c09d7d660606,dee372f0-7dba-4a25-be5c-49236c54df19,c1,c3,1012,?,x1,
1769089301.445208,FORWARDED,6b2d4157-1bb5-47eb-bdf7-c09d7d660606,dee372f0-7dba-4a25-be5c-49236c54df19,c1,c3,1012,?,x1,
1769089301.6423385,RECEIVED,167121bf-3de5-4ba2-a5b0-1b43747f07fe,76462730-8f26-4b76-93c6-c1e3e6fef89b,c3,c4,1447,e1,?,
1769089302.0990229,RECEIVED,6c5e3a48-9f92-4ae4-a87e-74884eaf1af9,ddeb9e72-53dc-4c54-a72e-a094b1aeea00,c3,DROP,1015,e11,?,
1769089302.105713,RECEIVED,bfb9aac5-4375-4d76-9ec5-578530a4bcad,b6d08695-5432-4f82-829a-9091293e3b6f,c3,c4,1448,e5,?,
1769089302.1791613,SENT,bfb9aac5-4375-4d76-9ec5-578530a4bcad,b6d08695-5432-4f82-829a-9091293e3b6f,c3,c4,1012,?,x5,
1769089302.179394,FORWARDED,bfb9aac5-4375-4d76-9ec5-578530a4bcad,b6d08695-5432-4f82-829a-9091293e3b6f,c3,c4,1012,?,x5,
1769089302.1897862,RECEIVED,db943bf0-d343-41ec-a406-390ee272b5da,7ecdc104-dc21-460e-b95a-5b6cc0c26887,c2,DROP,1004,e6,?,
1769089302.3081913,SENT,167121bf-3de5-4ba2-a5b0-1b43747f07fe,76462730-8f26-4b76-93c6-c1e3e6fef89b,c3,c4,1012,?,x4,
1769089302.3082328,FORWARDED,167121bf-3de5-4ba2-a5b0-1b43747f07fe,76462730-8f26-4b76-93c6-c1e3e6fef89b,c3,c4,1012,?,x4,
1769089302.5854046,SENT,db943bf0-d343-41ec-a406-390ee272b5da,7ecdc104-dc21-460e-b95a-5b6cc0c26887,c2,DROP,679,?,x9,
1769089302.585438,FORWARDED,db943bf0-d343-41ec-a406-390ee272b5da,7ecdc104-dc21-460e-b95a-5b6cc0c26887,c2,DROP,679,?,x9,
1769089302.5989757,RECEIVED,1fb98de5-8cc4-443c-b948-6d88e8b5c723,e862cfe4-88ad-462b-a22a-6191a3a89386,c1,c3,1444,e9,?,
1769089302.6870577,SENT,1fb98de5-8cc4-443c-b948-6d88e8b5c723,e862cfe4-88ad-462b-a22a-6191a3a89386,c1,c3,1011,?,x1,
1769089302.6870928,FORWARDED,1fb98de5-8cc4-443c-b948-6d88e8b5c723,e862cfe4-88ad-462b-a22a-6191a3a89386,c1,c3,1011,?,x1,
1769089302.703715,RECEIVED,3ff7a337-e237-4a3a-a9ee-2f965125d81f,6df2add6-3af0-43b5-b65a-92e387ff1138,c2,c3,1444,e2,?,
1769089302.7784376,RECEIVED,1decf224-0a2c-47fe-9166-7f359fb259c6,db1ea4e4-efbd-4124-b1a2-ab93758af412,c1,DROP,1009,e9,?,
1769089302.8538725,SENT,3ff7a337-e237-4a3a-a9ee-2f965125d81f,6df2add6-3af0-43b5-b65a-92e387ff1138,c2,c3,1011,?,x6,
1769089302.853912,FORWARDED,3ff7a337-e237-4a3a-a9ee-2f965125d81f,6df2add6-3af0-43b5-b65a-92e387ff1138,c2,c3,1011,?,x6,
1769089302.872591,RECEIVED,95b13fdc-85e0-4c9c-9a75-ea8cd9bab95e,f1fa4e57-4782-4d61-9f84-7bf0d7805f6f,c3,DROP,1021,e6,?,
1769089302.9561212,SENT,95b13fdc-85e0-4c9c-9a75-ea8cd9bab95e,f1fa4e57-4782-4d61-9f84-7bf0d7805f6f,c3,DROP,692,?,x12,
1769089302.9561677,FORWARDED,95b13fdc-85e0-4c9c-9a75-ea8cd9bab95e,f1fa4e57-4782-4d61-9f84-7bf0d7805f6f,c3,DROP,692,?,x12,
1769089303.070395,SENT,1decf224-0a2c-47fe-9166-7f359fb259c6,db1ea4e4-efbd-4124-b1a2-ab93758af412,c1,DROP,683,?,x10,
1769089303.0704389,FORWARDED,1decf224-0a2c-47fe-9166-7f359fb259c6,db1ea4e4-efbd-4124-b1a2-ab93758af412,c1,DROP,683,?,x10,
1769089303.1819038,SENT,6c5e3a48-9f92-4ae4-a87e-74884eaf1af9,ddeb9e72-53dc-4c54-a72e-a094b1aeea00,c3,DROP,688,?,x4,
1769089303.1819465,FORWARDED,6c5e3a48-9f92-4ae4-a87e-74884eaf1af9,ddeb9e72-53dc-4c54-a72e-a094b1aeea00,c3,DROP,688,?,x4,
1769089303.2258081,RECEIVED,538bde64-31f8-4700-9d2d-0a7d10bb3df7,dce13dfa-fc3b-4a03-9ceb-38ebeaa84b8b,c2,DROP,1012,e4,?,
1769089303.2382345,RECEIVED,d606f69b-d317-4390-a461-a413a4590c0e,4f9a0b43-23cc-4215-be55-af2ea0eebe84,c1,DROP,1011,e8,?,
1769089303.419833,SENT,538bde64-31f8-4700-9d2d-0a7d10bb3df7,dce13dfa-fc3b-4a03-9ceb-38ebeaa84b8b,c2,DROP,687,?,x6,
1769089303.419874,FORWARDED,538bde64-31f8-4700-9d2d-0a7d10bb3df7,dce13dfa-fc3b-4a03-9ceb-38ebeaa84b8b,c2,DROP,687,?,x6,
1769089303.9252112,RECEIVED,6070bbc9-4d1e-401f-9cd9-920227e45193,fdcb3b07-9c8d-4d0e-96ce-1afc71c801f2,c3,c4,1451,e4,?,
1769089304.190354,RECEIVED,80795c55-06c5-4006-97f0-c6aa26376d5e,6a68f201-4dd7-44dc-9e91-768ee806dfdb,c3,DROP,1008,e1,?,
1769089304.2783778,RECEIVED,0d7d9ace-00b5-4b8b-bffe-e928d81f6f1c,e6a2ee6b-825f-4b19-b8b3-de6ba35d64ca,c1,c3,1444,e10,?,
1769089304.3363173,SENT,80795c55-06c5-4006-97f0-c6aa26376d5e,6a68f201-4dd7-44dc-9e91-768ee806dfdb,c3,DROP,684,?,x7,
1769089304.336353,FORWARDED,80795c55-06c5-4006-97f0-c6aa26376d5e,6a68f201-4dd7-44dc-9e91-768ee806dfdb,c3,DROP,684,?,x7,
1769089304.3558893,SENT,6070bbc9-4d1e-401f-9cd9-920227e45193,fdcb3b07-9c8d-4d0e-96ce-1afc71c801f2,c3,c4,1016,?,x7,
1769089304.355959,FORWARDED,6070bbc9-4d1e-401f-9cd9-920227e45193,fdcb3b07-9c8d-4d0e-96ce-1afc71c801f2,c3,c4,1016,?,x7,
1769089304.595214,SENT,0d7d9ace-00b5-4b8b-bffe-e928d81f6f1c,e6a2ee6b-825f-4b19-b8b3-de6ba35d64ca,c1,c3,1011,?,x12,
1769089304.5952556,FORWARDED,0d7d9ace-00b5-4b8b-bffe-e928d81f6f1c,e6a2ee6b-825f-4b19-b8b3-de6ba35d64ca,c1,c3,1011,?,x12,
1769089304.645272,RECEIVED,0615a770-9bb9-42b7-b577-2c63366c8e7c,ff45ee18-7bcf-4805-b927-09d836cb0c1f,c4,c1,1447,e12,?,
1769089304.730621,RECEIVED,ce4a3576-c8e7-462b-81f6-cf3ff31bfcd9,7423f74b-1a02-4d6b-b365-e1d39adb3f77,c4,DROP,442,x12,?,
1769089304.7671263,SENT,0615a770-9bb9-42b7-b577-2c63366c8e7c,ff45ee18-7bcf-4805-b927-09d836cb0c1f,c4,c1,1012,?,x9,
1769089304.7671654,FORWARDED,0615a770-9bb9-42b7-b577-2c63366c8e7c,ff45ee18-7bcf-4805-b927-09d836cb0c1f,c4,c1,1012,?,x9,
1769089304.8204336,RECEIVED,cbbc1cbf-b6fa-4936-aa2c-46246d681988,09a51909-032e-4c3c-86ad-a5c51cd1a669,c4,c1,1443,e3,?,
1769089305.0674047,RECEIVED,42f79f0e-03dc-4b25-8d0f-2aa73b1f5b19,4a06564d-572a-4620-860a-85c0aca533c7,c2,c3,1448,e1,?,
1769089305.0728288,RECEIVED,6bb1750b-a053-48ce-86de-eaeba20d429a,d196e8ca-8958-43a6-b79f-5bdd0a3f1569,c3,c4,1455,e11,?,
1769089305.2189612,RECEIVED,3ca4aa26-7079-4eba-b941-93acdf7bc5da,fa633074-c28a-4f1e-954c-dfc007bb46c3,c3,DROP,1020,e2,?,
1769089305.260653,SENT,42f79f0e-03dc-4b25-8d0f-2aa73b1f5b19,4a06564d-572a-4620-860a-85c0aca533c7,c2,c3,1014,?,x8,
1769089305.2606947,FORWARDED,42f79f0e-03dc-4b25-8d0f-2aa73b1f5b19,4a06564d-572a-4620-860a-85c0aca533c7,c2,c3,1014,?,x8,
1769089305.4084904,RECEIVED,d582f220-a5cd-4f74-b306-7a7e7ff11b22,0b9980e6-cd4d-4b65-8b49-c094adf6a19f,c2,DROP,442,x2,?,
1769089305.494479,SENT,3ca4aa26-7079-4eba-b941-93acdf7bc5da,fa633074-c28a-4f1e-954c-dfc007bb46c3,c3,DROP,692,?,x11,
1769089305.494521,FORWARDED,3ca4aa26-7079-4eba-b941-93acdf7bc5da,fa633074-c28a-4f1e-954c-dfc007bb46c3,c3,DROP,692,?,x11,
1769089305.5102777,SENT,cbbc1cbf-b6fa-4936-aa2c-46246d681988,09a51909-032e-4c3c-86ad-a5c51cd1a669,c4,c1,1011,?,x3,
1769089305.5103185,FORWARDED,cbbc1cbf-b6fa-4936-aa2c-46246d681988,09a51909-032e-4c3c-86ad-a5c51cd1a669,c4,c1,1011,?,x3,
1769089305.9780796,RECEIVED,b8148149-15d4-4311-bd25-53e77e7406fe,1e20abdd-1bb6-4471-992f-552567c8fb5b,c4,c1,1452,e6,?,
1769089306.0834334,SENT,b8148149-15d4-4311-bd25-53e77e7406fe,1e20abdd-1bb6-4471-992f-552567c8fb5b,c4,c1,1015,?,x2,
1769089306.0834749,FORWARDED,b8148149-15d4-4311-bd25-53e77e7406fe,1e20abdd-1bb6-4471-992f-552567c8fb5b,c4,c1,1015,?,x2,
1769089306.098825,RECEIVED,f1424325-b856-4dc5-8a01-aefd5722ba9a,9f533307-4fc9-4dcf-aaa5-994519103caa,c3,c4,1456,e12,?,
1769089306.130552,SENT,6bb1750b-a053-48ce-86de-eaeba20d429a,d196e8ca-8958-43a6-b79f-5bdd0a3f1569,c3,c4,1019,?,x3,
1769089306.130595,FORWARDED,6bb1750b-a053-48ce-86de-eaeba20d429a,d196e8ca-8958-43a6-b79f-5bdd0a3f1569,c3,c4,1019,?,x3,
1769089306.283079,RECEIVED,a513e3b9-3141-47a1-bfcd-0b046d53ec70,8de064a2-26ff-4bbf-b724-0944c138ae14,c1,c3,1451,e6,?,
1769089306.38214,SENT,f1424325-b856-4dc5-8a01-aefd5722ba9a,9f533307-4fc9-4dcf-aaa5-994519103caa,c3,c4,1019,?,x2,
1769089306.3821921,FORWARDED,f1424325-b856-4dc5-8a01-aefd5722ba9a,9f533307-4fc9-4dcf-aaa5-994519103caa,c3,c4,1019,?,x2,
1769089306.5226145,SENT,d606f69b-d317-4390-a461-a413a4590c0e,4f9a0b43-23cc-4215-be55-af2ea0eebe84,c1,DROP,687,?,x10,
1769089306.5226567,FORWARDED,d606f69b-d317-4390-a461-a413a4590c0e,4f9a0b43-23cc-4215-be55-af2ea0eebe84,c1,DROP,687,?,x10,
1769089306.9352818,RECEIVED,0b2d3fa0-e350-4f88-9474-67303f051acf,3ea9f62e-6d43-4605-a33a-d81641985df3,c4,DROP,1006,e2,?,
1769089306.998521,RECEIVED,a0ab55c5-9fa8-455d-870f-080da3a04943,3a3a2754-9c58-42c9-8418-333060f0859b,c3,DROP,1012,e3,?,
1769089307.0931954,SENT,a0ab55c5-9fa8-455d-870f-080da3a04943,3a3a2754-9c58-42c9-8418-333060f0859b,c3,DROP,687,?,x8,
1769089307.093237,FORWARDED,a0ab55c5-9fa8-455d-870f-080da3a04943,3a3a2754-9c58-42c9-8418-333060f0859b,c3,DROP,687,?,x8,
1769089307.1224737,SENT,0b2d3fa0-e350-4f88-9474-67303f051acf,3ea9f62e-6d43-4605-a33a-d81641985df3,c4,DROP,683,?,x4,
1769089307.122516,FORWARDED,0b2d3fa0-e350-4f88-9474-67303f051acf,3ea9f62e-6d43-4605-a33a-d81641985df3,c4,DROP,683,?,x4,
1769089307.2261865,SENT,a513e3b9-3141-47a1-bfcd-0b046d53ec70,8de064a2-26ff-4bbf-b724-0944c138ae14,c1,c3,1016,?,x4,
1769089307.2262263,FORWARDED,a513e3b9-3141-47a1-bfcd-0b046d53ec70,8de064a2-26ff-4bbf-b724-0944c138ae14,c1,c3,1016,?,x4,
1769089307.4409003,RECEIVED,0232d4e2-21ff-4dde-b677-4d26793b251e,308bf3d0-8c92-47b1-9ae6-61b66334a7a5,c5,c4,1456,e3,?,
1769089307.5449858,SENT,0232d4e2-21ff-4dde-b677-4d26793b251e,308bf3d0-8c92-47b1-9ae6-61b66334a7a5,c5,c4,1018,?,x1,
1769089307.5450258,FORWARDED,0232d4e2-21ff-4dde-b677-4d26793b251e,308bf3d0-8c92-47b1-9ae6-61b66334a7a5,c5,c4,1018,?,x1,
1769089307.9757454,RECEIVED,696d83b1-cbb9-45fd-8c6d-13045bf15185,767f8a60-000c-4b50-adcf-39077be4458b,c3,c4,1452,e2,?,
1769089308.1778524,SENT,696d83b1-cbb9-45fd-8c6d-13045bf15185,767f8a60-000c-4b50-adcf-39077be4458b,c3,c4,1016,?,x10,
1769089308.1778936,FORWARDED,696d83b1-cbb9-45fd-8c6d-13045bf15185,767f8a60-000c-4b50-adcf-39077be4458b,c3,c4,1016,?,x10,
1769089308.3995843,RECEIVED,94e3dd7d-a8b6-4212-b108-5517acfa289a,c8150cb4-3887-417f-abde-6fe1ba9a98a5,c3,c4,1456,e1,?,
1769089308.5259492,SENT,94e3dd7d-a8b6-4212-b108-5517acfa289a,c8150cb4-3887-417f-abde-6fe1ba9a98a5,c3,c4,1020,?,x4,
1769089308.5259917,FORWARDED,94e3dd7d-a8b6-4212-b108-5517acfa289a,c8150cb4-3887-417f-abde-6fe1ba9a98a5,c3,c4,1020,?,x4,
1769089308.5304716,RECEIVED,0edbaf59-7f34-475c-8a81-2ec34929b28b,496cb412-dd0f-4ad7-8245-8f60156f4f27,c4,c1,1448,e9,?,
1769089308.54609,RECEIVED,eb122b84-cb5b-4acd-9fc3-143d6f98871e,b4d0ae1e-db20-413a-a120-9701dc0627df,c4,c1,1448,e12,?,
1769089308.562072,RECEIVED,9fbc35aa-80e6-412f-82ab-3c56bd239ed1,04b73002-b727-4bbd-b225-b1d0800807a5,c4,c1,1443,e6,?,
1769089308.6168942,RECEIVED,b9b732ee-7bab-4a34-bbea-51b1a96f47b7,47dcfa6e-8382-4f57-91a2-c872b7fa2348,c1,c3,1444,e6,?,
1769089308.7922413,RECEIVED,b8c05e34-fdcf-480e-8041-1b6c982f1df6,6d8187b6-8e24-48a2-a99b-b1e6eb213f20,c3,DROP,1018,e6,?,
1769089308.839966,SENT,b8c05e34-fdcf-480e-8041-1b6c982f1df6,6d8187b6-8e24-48a2-a99b-b1e6eb213f20,c3,DROP,688,?,x12,
1769089308.8400085,FORWARDED,b8c05e34-fdcf-480e-8041-1b6c982f1df6,6d8187b6-8e24-48a2-a99b-b1e6eb213f20,c3,DROP,688,?,x12,
1769089308.8858953,RECEIVED,286bb96f-d88b-4600-b85d-23c14eaacf17,bda779e1-80b2-4b21-a224-b81ce52181cd,c5,c4,1462,e12,?,
1769089308.896216,SENT,eb122b84-cb5b-4acd-9fc3-143d6f98871e,b4d0ae1e-db20-413a-a120-9701dc0627df,c4,c1,1013,?,x3,
1769089308.8962579,FORWARDED,eb122b84-cb5b-4acd-9fc3-143d6f98871e,b4d0ae1e-db20-413a-a120-9701dc0627df,c4,c1,1013,?,x3,
1769089308.903351,SENT,286bb96f-d88b-4600-b85d-23c14eaacf17,bda779e1-80b2-4b21-a224-b81ce52181cd,c5,c4,1021,?,x12,
1769089308.9033942,FORWARDED,286bb96f-d88b-4600-b85d-23c14eaacf17,bda779e1-80b2-4b21-a224-b81ce52181cd,c5,c4,1021,?,x12,
1769089308.9292495,SENT,0edbaf59-7f34-475c-8a81-2ec34929b28b,496cb412-dd0f-4ad7-8245-8f60156f4f27,c4,c1,1012,?,x2,
1769089308.92929,FORWARDED,0edbaf59-7f34-475c-8a81-2ec34929b28b,496cb412-dd0f-4ad7-8245-8f60156f4f27,c4,c1,1012,?,x2,
1769089308.9324534,SENT,b9b732ee-7bab-4a34-bbea-51b1a96f47b7,47dcfa6e-8382-4f57-91a2-c872b7fa2348,c1,c3,1011,?,x7,
1769089308.9325018,FORWARDED,b9b732ee-7bab-4a34-bbea-51b1a96f47b7,47dcfa6e-8382-4f57-91a2-c872b7fa2348,c1,c3,1011,?,x7,
1769089309.2191322,RECEIVED,21b9cde9-56a8-40e3-9f29-8bbc17da27b4,08f73311-75df-4578-a004-f0a2fb7487d3,c4,DROP,1008,e6,?,
1769089309.2838461,SENT,21b9cde9-56a8-40e3-9f29-8bbc17da27b4,08f73311-75df-4578-a004-f0a2fb7487d3,c4,DROP,683,?,x9,
1769089309.283887,FORWARDED,21b9cde9-56a8-40e3-9f29-8bbc17da27b4,08f73311-75df-4578-a004-f0a2fb7487d3,c4,DROP,683,?,x9,
1769089309.4744194,RECEIVED,6976161b-f781-4822-876f-87f456573641,50005e14-430e-4ef5-94e1-5ab9bcb7c88d,c4,DROP,1008,e7,?,
1769089309.7180624,RECEIVED,7d89d4ba-72da-45bc-bfc9-77dc25c439ff,afed443f-8e9f-4f14-a19e-68f5473e9739,c3,DROP,1011,e1,?,
1769089309.8613496,SENT,9fbc35aa-80e6-412f-82ab-3c56bd239ed1,04b73002-b727-4bbd-b225-b1d0800807a5,c4,c1,1011,?,x8,
1769089309.8613908,FORWARDED,9fbc35aa-80e6-412f-82ab-3c56bd239ed1,04b73002-b727-4bbd-b225-b1d0800807a5,c4,c1,1011,?,x8,
1769089309.8696249,SENT,6976161b-f781-4822-876f-87f456573641,50005e14-430e-4ef5-94e1-5ab9bcb7c88d,c4,DROP,683,?,x8,
1769089309.8696654,FORWARDED,6976161b-f781-4822-876f-87f456573641,50005e14-430e-4ef5-94e1-5ab9bcb7c88d,c4,DROP,683,?,x8,
1769089309.9877946,RECEIVED,622c0a29-1ecc-4a28-b24e-7673ecf641f2,d923fbdd-2878-4852-ac81-47e94b1222be,c3,DROP,441,x6,?,
1769089310.0783043,SENT,7d89d4ba-72da-45bc-bfc9-77dc25c439ff,afed443f-8e9f-4f14-a19e-68f5473e9739,c3,DROP,685,?,x4,
1769089310.0783434,FORWARDED,7d89d4ba-72da-45bc-bfc9-77dc25c439ff,afed443f-8e9f-4f14-a19e-68f5473e9739,c3,DROP,685,?,x4,
1769089310.1212661,RECEIVED,3a482ade-eb9c-47b2-b483-42ce9559bab4,2ab91fd9-38d3-4a75-a6cc-a1a890dcd4b3,c4,DROP,1008,e6,?,
1769089310.1819158,RECEIVED,7442f6f4-3a04-40bb-961c-1fead37a34e8,745bc6ef-72ab-4d4e-81ab-4b146652bd01,c1,c3,1444,e3,?,
1769089310.215697,SENT,3a482ade-eb9c-47b2-b483-42ce9559bab4,2ab91fd9-38d3-4a75-a6cc-a1a890dcd4b3,c4,DROP,683,?,x8,
1769089310.2157419,FORWARDED,3a482ade-eb9c-47b2-b483-42ce9559bab4,2ab91fd9-38d3-4a75-a6cc-a1a890dcd4b3,c4,DROP,683,?,x8,
1769089310.3360283,SENT,7442f6f4-3a04-40bb-961c-1fead37a34e8,745bc6ef-72ab-4d4e-81ab-4b146652bd01,c1,c3,1011,?,x6,
1769089310.3361785,FORWARDED,7442f6f4-3a04-40bb-961c-1fead37a34e8,745bc6ef-72ab-4d4e-81ab-4b146652bd01,c1,c3,1011,?,x6,
1769089310.5749655,RECEIVED,eb1c443e-f014-493d-b94c-89c793a9099c,089a7f53-5f3f-4444-b400-ba0dc2792b6d,c1,DROP,443,x1,?,
1769089310.7315102,RECEIVED,bd30cbb1-90d8-427d-aa5c-5469903bd8aa,7144b334-3ce1-4b2a-8027-0b282cfec8a9,c1,DROP,1015,e8,?,
1769089311.2030244,RECEIVED,acb47da0-0911-458c-8b6a-df45742b8c69,8ae34854-6b0a-4bb7-a8b6-97248b589973,c4,DROP,1008,e8,?,
1769089311.2959404,SENT,acb47da0-0911-458c-8b6a-df45742b8c69,8ae34854-6b0a-4bb7-a8b6-97248b589973,c4,DROP,683,?,x2,
1769089311.2959795,FORWARDED,acb47da0-0911-458c-8b6a-df45742b8c69,8ae34854-6b0a-4bb7-a8b6-97248b589973,c4,DROP,683,?,x2,
1769089311.4491336,RECEIVED,bdb80cc0-45f0-469c-8c5f-3111e74851ac,c3530f95-cf60-43fc-9244-af244620275f,c2,DROP,441,x12,?,
1769089311.484877,RECEIVED,af4789ff-9d65-4c99-9dc0-303a414f259f,708bdc9b-3531-49c1-a53f-2a2baed92e8e,c3,c4,1444,e3,?,
1769089311.5039322,SENT,af4789ff-9d65-4c99-9dc0-303a414f259f,708bdc9b-3531-49c1-a53f-2a2baed92e8e,c3,c4,1011,?,x4,
1769089311.503972,FORWARDED,af4789ff-9d65-4c99-9dc0-303a414f259f,708bdc9b-3531-49c1-a53f-2a2baed92e8e,c3,c4,1011,?,x4,
1769089311.8231401,RECEIVED,981d57ae-de87-46af-944c-8f9cf8f68140,19951a5e-3bb2-4068-99ea-7e5de3ffb004,c4,c1,1447,e9,?,
1769089311.8892133,RECEIVED,87e21249-63a3-481a-8890-5c87735318ab,7d885c9c-25e6-49b3-80dd-540eaafeb2ba,c4,DROP,1004,e1,?,
1769089311.925616,SENT,bd30cbb1-90d8-427d-aa5c-5469903bd8aa,7144b334-3ce1-4b2a-8027-0b282cfec8a9,c1,DROP,688,?,x7,
1769089311.9256623,FORWARDED,bd30cbb1-90d8-427d-aa5c-5469903bd8aa,7144b334-3ce1-4b2a-8027-0b282cfec8a9,c1,DROP,688,?,x7,
1769089312.034483,RECEIVED,66229e88-a9cd-4b3c-bbd6-b186c3f5e780,7fdb856e-1be3-4ca3-820a-4bd657cfda68,c2,DROP,1007,e8,?,
1769089312.285647,SENT,87e21249-63a3-481a-8890-5c87735318ab,7d885c9c-25e6-49b3-80dd-540eaafeb2ba,c4,DROP,680,?,x5,
1769089312.2857,FORWARDED,87e21249-63a3-481a-8890-5c87735318ab,7d885c9c-25e6-49b3-80dd-540eaafeb2ba,c4,DROP,680,?,x5,
1769089312.3329782,SENT,66229e88-a9cd-4b3c-bbd6-b186c3f5e780,7fdb856e-1be3-4ca3-820a-4bd657cfda68,c2,DROP,684,?,x1,
1769089312.3330169,FORWARDED,66229e88-a9cd-4b3c-bbd6-b186c3f5e780,7fdb856e-1be3-4ca3-820a-4bd657cfda68,c2,DROP,684,?,x1,
1769089313.0505219,RECEIVED,e60ebc0a-f063-4b59-8d45-b0540937955e,d0b2d24f-de72-4306-bddd-ff34cde60af8,c4,c1,1447,e5,?,
1769089313.1040435,SENT,981d57ae-de87-46af-944c-8f9cf8f68140,19951a5e-3bb2-4068-99ea-7e5de3ffb004,c4,c1,1014,?,x7,
1769089313.104138,FORWARDED,981d57ae-de87-46af-944c-8f9cf8f68140,19951a5e-3bb2-4068-99ea-7e5de3ffb004,c4,c1,1014,?,x7,
1769089313.612779,RECEIVED,26eb263b-89ec-446e-b253-a8ee7649c1d0,00f87075-9606-4c85-a472-e287a7790321,c2,DROP,1015,e10,?,
1769089313.6803384,RECEIVED,ce99c791-736b-4dcc-bd93-d0c9ae1ba39e,71fb66dd-4207-41e4-8f2d-50b043e62661,c5,DROP,1016,e4,?,
1769089314.0020738,SENT,e60ebc0a-f063-4b59-8d45-b0540937955e,d0b2d24f-de72-4306-bddd-ff34cde60af8,c4,c1,1014,?,x8,
1769089314.0021174,FORWARDED,e60ebc0a-f063-4b59-8d45-b0540937955e,d0b2d24f-de72-4306-bddd-ff34cde60af8,c4,c1,1014,?,x8,
1769089314.0395606,SENT,ce99c791-736b-4dcc-bd93-d0c9ae1ba39e,71fb66dd-4207-41e4-8f2d-50b043e62661,c5,DROP,688,?,x8,
1769089314.0396001,FORWARDED,ce99c791-736b-4dcc-bd93-d0c9ae1ba39e,71fb66dd-4207-41e4-8f2d-50b043e62661,c5,DROP,688,?,x8,
1769089314.364382,RECEIVED,88fe97fa-9799-4e07-adaa-9b12428807f2,065bb2db-8e6e-4343-a0d3-33003b4b3b23,c1,DROP,1015,e11,?,
1769089314.491952,SENT,26eb263b-89ec-446e-b253-a8ee7649c1d0,00f87075-9606-4c85-a472-e287a7790321,c2,DROP,688,?,x6,
1769089314.4920003,FORWARDED,26eb263b-89ec-446e-b253-a8ee7649c1d0,00f87075-9606-4c85-a472-e287a7790321,c2,DROP,688,?,x6,
1769089314.721411,SENT,88fe97fa-9799-4e07-adaa-9b12428807f2,065bb2db-8e6e-4343-a0d3-33003b4b3b23,c1,DROP,688,?,x2,
1769089314.7214515,FORWARDED,88fe97fa-9799-4e07-adaa-9b12428807f2,065bb2db-8e6e-4343-a0d3-33003b4b3b23,c1,DROP,688,?,x2,
1769089314.7340121,RECEIVED,c9c84499-2649-4f54-b93a-aed4f76b941c,01678be4-a740-41a1-badb-7e6f89089a27,c2,DROP,1016,e7,?,
1769089314.9101493,RECEIVED,00effb4b-7845-4288-aaff-33e7afacb459,d8fcb81c-7a44-4818-bb80-40c439b3a086,c4,c1,1450,e4,?,
1769089314.9292507,RECEIVED,4dc43fa5-0284-4fb7-bce0-e1d5c1c0f672,a09d94e1-1d29-4260-bfe1-370a06feced4,c1,c3,1448,e1,?,
1769089315.0407252,RECEIVED,673211cc-8cc3-4d12-908d-7311b64ca0bd,bd797f75-80a4-4078-9834-1de113f55e99,c4,DROP,1007,e12,?,
1769089315.0709908,RECEIVED,9ceb29c9-892c-43a9-ba37-f08a734d3049,40ff0302-0c75-401f-87f0-344c198aa908,c1,DROP,1012,e5,?,
1769089315.1003072,RECEIVED,01d8de4b-bb1f-4d0e-a912-4688aac8bffa,4c58026d-341e-4107-93b5-d13112de7de1,c5,c4,1443,e5,?,
1769089315.1476138,SENT,4dc43fa5-0284-4fb7-bce0-e1d5c1c0f672,a09d94e1-1d29-4260-bfe1-370a06feced4,c1,c3,1014,?,x8,
1769089315.1476634,FORWARDED,4dc43fa5-0284-4fb7-bce0-e1d5c1c0f672,a09d94e1-1d29-4260-bfe1-370a06feced4,c1,c3,1014,?,x8,
1769089315.1866713,RECEIVED,acd4b01f-78ab-401e-b153-850916e884d8,23821417-9741-4287-b01b-aa1dbe88de3c,c1,DROP,1011,e3,?,
1769089315.230017,RECEIVED,49e5b3c4-47a6-4c57-bd7d-a3320200f182,a29f3285-ac5e-40f9-bd3e-b2c7728ed089,c3,DROP,1011,e7,?,
1769089315.241468,RECEIVED,ce45513f-623e-49b5-aef1-a012ec07f3c3,ea63035f-873e-4184-9593-3b6c2e486639,c1,c3,1441,e3,?,
1769089315.2584405,SENT,ce45513f-623e-49b5-aef1-a012ec07f3c3,ea63035f-873e-4184-9593-3b6c2e486639,c1,c3,1008,?,x3,
1769089315.2584822,FORWARDED,ce45513f-623e-49b5-aef1-a012ec07f3c3,ea63035f-873e-4184-9593-3b6c2e486639,c1,c3,1008,?,x3,
1769089315.399858,SENT,c9c84499-2649-4f54-b93a-aed4f76b941c,01678be4-a740-41a1-badb-7e6f89089a27,c2,DROP,689,?,x11,
1769089315.3999007,FORWARDED,c9c84499-2649-4f54-b93a-aed4f76b941c,01678be4-a740-41a1-badb-7e6f89089a27,c2,DROP,689,?,x11,
1769089315.5076966,SENT,9ceb29c9-892c-43a9-ba37-f08a734d3049,40ff0302-0c75-401f-87f0-344c198aa908,c1,DROP,685,?,x8,
1769089315.50774,FORWARDED,9ceb29c9-892c-43a9-ba37-f08a734d3049,40ff0302-0c75-401f-87f0-344c198aa908,c1,DROP,685,?,x8,
1769089315.5146425,SENT,00effb4b-7845-4288-aaff-33e7afacb459,d8fcb81c-7a44-4818-bb80-40c439b3a086,c4,c1,1016,?,x1,
1769089315.514694,FORWARDED,00effb4b-7845-4288-aaff-33e7afacb459,d8fcb81c-7a44-4818-bb80-40c439b3a086,c4,c1,1016,?,x1,
1769089315.5490003,SENT,01d8de4b-bb1f-4d0e-a912-4688aac8bffa,4c58026d-341e-4107-93b5-d13112de7de1,c5,c4,1011,?,x7,
1769089315.549041,FORWARDED,01d8de4b-bb1f-4d0e-a912-4688aac8bffa,4c58026d-341e-4107-93b5-d13112de7de1,c5,c4,1011,?,x7,
1769089315.7117426,RECEIVED,5b5c37c4-be03-4741-b798-0a0bae58232b,740dcb59-8cba-4ab0-933b-3b9205b2c5da,c2,DROP,1011,e10,?,
1769089315.8096478,SENT,673211cc-8cc3-4d12-908d-7311b64ca0bd,bd797f75-80a4-4078-9834-1de113f55e99,c4,DROP,684,?,x7,
1769089315.8096888,FORWARDED,673211cc-8cc3-4d12-908d-7311b64ca0bd,bd797f75-80a4-4078-9834-1de113f55e99,c4,DROP,684,?,x7,
1769089315.9739313,SENT,49e5b3c4-47a6-4c57-bd7d-a3320200f182,a29f3285-ac5e-40f9-bd3e-b2c7728ed089,c3,DROP,686,?,x1,
1769089315.9739711,FORWARDED,49e5b3c4-47a6-4c57-bd7d-a3320200f182,a29f3285-ac5e-40f9-bd3e-b2c7728ed089,c3,DROP,686,?,x1,
1769089316.0623803,RECEIVED,8750c5e0-1c4f-40a9-83f7-aaaee76dc398,772598e5-339e-4042-a73b-f0276c43df4f,c2,c3,1446,e6,?,
1769089316.092903,RECEIVED,6127e766-c6ab-49ac-ad9d-9f2d6721b1ce,cce1a974-c1e1-48a9-b16b-c5d973673e08,c4,c1,1456,e8,?,
1769089316.232268,RECEIVED,3537a036-c0bf-4a81-8524-5eb1e5472dbb,8629f056-cd00-4961-a3a0-81f0bd88edb8,c2,DROP,441,x9,?,
1769089316.4027312,RECEIVED,cb8fc99c-c8ee-4f98-9641-767286db23ad,bf2f0972-66ee-4ec6-8666-77881075e213,c3,c4,1456,e3,?,
1769089316.4126158,SENT,acd4b01f-78ab-401e-b153-850916e884d8,23821417-9741-4287-b01b-aa1dbe88de3c,c1,DROP,685,?,x8,
1769089316.4126575,FORWARDED,acd4b01f-78ab-401e-b153-850916e884d8,23821417-9741-4287-b01b-aa1dbe88de3c,c1,DROP,685,?,x8,
1769089316.5969331,RECEIVED,8a0121a4-085a-4419-8caf-d3a8ce293fd0,a8ea8c03-1ff9-4ef3-a21a-c986fb30ecdb,c5,c4,1453,e3,?,
1769089316.715691,SENT,cb8fc99c-c8ee-4f98-9641-767286db23ad,bf2f0972-66ee-4ec6-8666-77881075e213,c3,c4,1019,?,x10,
1769089316.7157323,FORWARDED,cb8fc99c-c8ee-4f98-9641-767286db23ad,bf2f0972-66ee-4ec6-8666-77881075e213,c3,c4,1019,?,x10,
1769089316.7161698,RECEIVED,37de3539-977d-443b-85f2-d5e99893239a,594f367e-04e4-430b-8b7f-567b0174eaf2,c5,DROP,1011,e6,?,
1769089316.7278595,RECEIVED,20ec5925-9c15-488e-8227-a44dcab9fc01,4c573030-6f66-4f37-abde-46360751c7d5,c2,DROP,1009,e6,?,
1769089316.7682788,SENT,8a0121a4-085a-4419-8caf-d3a8ce293fd0,a8ea8c03-1ff9-4ef3-a21a-c986fb30ecdb,c5,c4,1015,?,x10,
1769089316.7683282,FORWARDED,8a0121a4-085a-4419-8caf-d3a8ce293fd0,a8ea8c03-1ff9-4ef3-a21a-c986fb30ecdb,c5,c4,1015,?,x10,
1769089316.8673854,SENT,5b5c37c4-be03-4741-b798-0a0bae58232b,740dcb59-8cba-4ab0-933b-3b9205b2c5da,c2,DROP,686,?,x4,
1769089316.867428,FORWARDED,5b5c37c4-be03-4741-b798-0a0bae58232b,740dcb59-8cba-4ab0-933b-3b9205b2c5da,c2,DROP,686,?,x4,
1769089316.9544578,SENT,20ec5925-9c15-488e-8227-a44dcab9fc01,4c573030-6f66-4f37-abde-46360751c7d5,c2,DROP,683,?,x12,
1769089316.9544952,FORWARDED,20ec5925-9c15-488e-8227-a44dcab9fc01,4c573030-6f66-4f37-abde-46360751c7d5,c2,DROP,683,?,x12,
1769089317.0069451,RECEIVED,6f13de66-6c72-477a-9217-785c11644e7d,14e2d228-a141-4ccd-93c5-5da305f67c7c,c3,DROP,1020,e1,?,
1769089317.0073915,RECEIVED,701e805d-207e-4bfa-8d66-47737a8c6715,f038f09a-e8dd-4771-80eb-a223a307a7d4,c5,DROP,1008,e3,?,
1769089317.070214,SENT,701e805d-207e-4bfa-8d66-47737a8c6715,f038f09a-e8dd-4771-80eb-a223a307a7d4,c5,DROP,683,?,x8,
1769089317.0702548,FORWARDED,701e805d-207e-4bfa-8d66-47737a8c6715,f038f09a-e8dd-4771-80eb-a223a307a7d4,c5,DROP,683,?,x8,
1769089317.2131171,RECEIVED,30cda8ae-b2f6-453f-b825-c8af137439c8,90650890-4a93-4e70-97ce-7651f862605d,c3,DROP,1005,e3,?,
1769089317.2749798,SENT,30cda8ae-b2f6-453f-b825-c8af137439c8,90650890-4a93-4e70-97ce-7651f862605d,c3,DROP,680,?,x4,
1769089317.2750216,FORWARDED,30cda8ae-b2f6-453f-b825-c8af137439c8,90650890-4a93-4e70-97ce-7651f862605d,c3,DROP,680,?,x4,
1769089317.2772117,SENT,6f13de66-6c72-477a-9217-785c11644e7d,14e2d228-a141-4ccd-93c5-5da305f67c7c,c3,DROP,693,?,x11,
1769089317.2772486,FORWARDED,6f13de66-6c72-477a-9217-785c11644e7d,14e2d228-a141-4ccd-93c5-5da305f67c7c,c3,DROP,693,?,x11,
1769089317.2839017,RECEIVED,db19ca1d-57b3-4af7-83c8-37519fa36ee8,5f53d88c-13b6-4d5c-816b-6bab3f132964,c3,c4,1455,e3,?,
1769089317.430894,RECEIVED,e1b5503f-bf3c-4c7d-a2c5-63ba1d7546de,16c605a3-9df0-40d8-b6a8-b13582627f91,c1,DROP,441,x4,?,
1769089317.4400992,SENT,8750c5e0-1c4f-40a9-83f7-aaaee76dc398,772598e5-339e-4042-a73b-f0276c43df4f,c2,c3,1012,?,x9,
1769089317.4401603,FORWARDED,8750c5e0-1c4f-40a9-83f7-aaaee76dc398,772598e5-339e-4042-a73b-f0276c43df4f,c2,c3,1012,?,x9,
1769089317.5149531,SENT,37de3539-977d-443b-85f2-d5e99893239a,594f367e-04e4-430b-8b7f-567b0174eaf2,c5,DROP,685,?,x8,
1769089317.5154004,FORWARDED,37de3539-977d-443b-85f2-d5e99893239a,594f367e-04e4-430b-8b7f-567b0174eaf2,c5,DROP,685,?,x8,
1769089317.8551078,RECEIVED,bab70c7f-f9e0-4279-8e01-ea90bcfcfeea,28bb6dd3-011f-43bc-b810-6638423108b6,c5,c4,1458,e11,?,
1769089317.886655,SENT,6127e766-c6ab-49ac-ad9d-9f2d6721b1ce,cce1a974-c1e1-48a9-b16b-c5d973673e08,c4,c1,1019,?,x11,
1769089317.8866947,FORWARDED,6127e766-c6ab-49ac-ad9d-9f2d6721b1ce,cce1a974-c1e1-48a9-b16b-c5d973673e08,c4,c1,1019,?,x11,
1769089318.0058043,SENT,db19ca1d-57b3-4af7-83c8-37519fa36ee8,5f53d88c-13b6-4d5c-816b-6bab3f132964,c3,c4,1019,?,x8,
1769089318.0058453,FORWARDED,db19ca1d-57b3-4af7-83c8-37519fa36ee8,5f53d88c-13b6-4d5c-816b-6bab3f132964,c3,c4,1019,?,x8,
1769089318.658283,RECEIVED,50f91c74-d6e7-4bba-93aa-f31f29da8e98,78547060-747d-4f3a-90d6-e461ea9ff43e,c2,DROP,1008,e5,?,
1769089318.812607,SENT,50f91c74-d6e7-4bba-93aa-f31f29da8e98,78547060-747d-4f3a-90d6-e461ea9ff43e,c2,DROP,684,?,x7,
1769089318.8126447,FORWARDED,50f91c74-d6e7-4bba-93aa-f31f29da8e98,78547060-747d-4f3a-90d6-e461ea9ff43e,c2,DROP,684,?,x7,
1769089319.0011837,RECEIVED,956db056-641f-4c24-b018-7cc6145ef806,7e518ec2-7902-4034-be98-b376883f73d1,c4,DROP,1008,e4,?,
1769089319.0201812,SENT,bab70c7f-f9e0-4279-8e01-ea90bcfcfeea,28bb6dd3-011f-43bc-b810-6638423108b6,c5,c4,1023,?,x1,
1769089319.0202165,FORWARDED,bab70c7f-f9e0-4279-8e01-ea90bcfcfeea,28bb6dd3-011f-43bc-b810-6638423108b6,c5,c4,1023,?,x1,
1769089319.3284912,RECEIVED,bf98dc26-ad6a-450f-bf1a-0f2b3ddf4735,3f90a410-37d6-40ba-8b2c-68c2019c74d4,c4,c1,1451,e11,?,
1769089319.3361893,SENT,956db056-641f-4c24-b018-7cc6145ef806,7e518ec2-7902-4034-be98-b376883f73d1,c4,DROP,684,?,x8,
1769089319.3362272,FORWARDED,956db056-641f-4c24-b018-7cc6145ef806,7e518ec2-7902-4034-be98-b376883f73d1,c4,DROP,684,?,x8,
1769089319.7444932,RECEIVED,6c1f5d42-dafe-4f5b-9b29-131646dd2add,7907a00e-e73b-4c80-ad7e-8c4cdadfe4c8,c3,c4,1446,e4,?,
1769089320.0118003,RECEIVED,c7f72daa-c93d-4905-aaf0-a3c734299850,7cc5dd20-6348-4603-9981-2141f2e42a8e,c3,DROP,1007,e10,?,
1769089320.0882142,SENT,bf98dc26-ad6a-450f-bf1a-0f2b3ddf4735,3f90a410-37d6-40ba-8b2c-68c2019c74d4,c4,c1,1016,?,x2,
1769089320.0882566,FORWARDED,bf98dc26-ad6a-450f-bf1a-0f2b3ddf4735,3f90a410-37d6-40ba-8b2c-68c2019c74d4,c4,c1,1016,?,x2,
1769089320.3059385,SENT,c7f72daa-c93d-4905-aaf0-a3c734299850,7cc5dd20-6348-4603-9981-2141f2e42a8e,c3,DROP,684,?,x4,
1769089320.3059793,FORWARDED,c7f72daa-c93d-4905-aaf0-a3c734299850,7cc5dd20-6348-4603-9981-2141f2e42a8e,c3,DROP,684,?,x4,
1769089320.355873,SENT,6c1f5d42-dafe-4f5b-9b29-131646dd2add,7907a00e-e73b-4c80-ad7e-8c4cdadfe4c8,c3,c4,1012,?,x9,
1769089320.3559144,FORWARDED,6c1f5d42-dafe-4f5b-9b29-131646dd2add,7907a00e-e73b-4c80-ad7e-8c4cdadfe4c8,c3,c4,1012,?,x9,
1769089320.3807704,RECEIVED,48a80089-3b77-466c-8ea1-0bd84cf1d326,64f81b4a-4664-4d7e-abf9-3387ef8cfbc3,c3,c4,1443,e3,?,
1769089321.1192696,SENT,48a80089-3b77-466c-8ea1-0bd84cf1d326,64f81b4a-4664-4d7e-abf9-3387ef8cfbc3,c3,c4,1011,?,x7,
1769089321.1193085,FORWARDED,48a80089-3b77-466c-8ea1-0bd84cf1d326,64f81b4a-4664-4d7e-abf9-3387ef8cfbc3,c3,c4,1011,?,x7,
1769089321.277347,RECEIVED,a26c0f21-e1b3-4e53-8328-4da726768500,359153f3-fd78-47f2-bf0b-04a740c98ef5,c1,DROP,1015,e3,?,
1769089321.421942,SENT,a26c0f21-e1b3-4e53-8328-4da726768500,359153f3-fd78-47f2-bf0b-04a740c98ef5,c1,DROP,688,?,x4,
1769089321.4219818,FORWARDED,a26c0f21-e1b3-4e53-8328-4da726768500,359153f3-fd78-47f2-bf0b-04a740c98ef5,c1,DROP,688,?,x4,
1769089321.7130947,RECEIVED,5bb40c37-1cb9-4ebd-8386-b8e9a113409a,74b35ca0-9347-4f70-a984-6a10d182602f,c1,c3,1450,e9,?,
1769089321.7632687,RECEIVED,ff019a90-d300-4c47-8b2e-baa934f7d741,897af7d7-75a3-45b2-a580-774f7da88bde,c1,c3,1444,e8,?,
1769089321.964697,RECEIVED,5460ee3c-3479-46ec-81c1-3abe83df462d,5dce02e1-3f76-434c-877b-5de4f7eeef87,c5,c4,1445,e5,?,
1769089322.0170755,SENT,5460ee3c-3479-46ec-81c1-3abe83df462d,5dce02e1-3f76-434c-877b-5de4f7eeef87,c5,c4,1011,?,x3,
1769089322.0171182,FORWARDED,5460ee3c-3479-46ec-81c1-3abe83df462d,5dce02e1-3f76-434c-877b-5de4f7eeef87,c5,c4,1011,?,x3,
1769089322.0588098,RECEIVED,b6dcd491-4126-4122-87ba-ac7bb4ee057e,1b7b859d-749a-409b-a52f-1e2ee43c2a9c,c1,DROP,1012,e12,?,
1769089322.0867083,RECEIVED,dda7ad41-4930-47dd-857d-69ab93884750,6e557a6c-8622-4bb3-9a72-b32a853e1250,c4,DROP,441,x5,?,
1769089322.3845313,RECEIVED,8bb50933-5a4b-464b-93be-d9d02bd7069b,d9fe499a-e684-4142-a862-0c4a46c619db,c5,DROP,1007,e9,?,
1769089322.3935943,RECEIVED,04340a08-a561-4b32-818c-ed4d5ce684e2,325861a3-e7f6-49f0-a935-16b6d90f9268,c2,DROP,1021,e12,?,
1769089322.4892936,SENT,b6dcd491-4126-4122-87ba-ac7bb4ee057e,1b7b859d-749a-409b-a52f-1e2ee43c2a9c,c1,DROP,687,?,x8,
1769089322.4893358,FORWARDED,b6dcd491-4126-4122-87ba-ac7bb4ee057e,1b7b859d-749a-409b-a52f-1e2ee43c2a9c,c1,DROP,687,?,x8,
1769089322.5380719,SENT,ff019a90-d300-4c47-8b2e-baa934f7d741,897af7d7-75a3-45b2-a580-774f7da88bde,c1,c3,1011,?,x12,
1769089322.5382123,FORWARDED,ff019a90-d300-4c47-8b2e-baa934f7d741,897af7d7-75a3-45b2-a580-774f7da88bde,c1,c3,1011,?,x12,
1769089322.5420587,RECEIVED,ddbe4950-34ea-48e6-b779-9ba44c18d635,42c39610-c928-4900-957b-e89158df3c6b,c2,c3,1447,e5,?,
1769089322.60852,SENT,04340a08-a561-4b32-818c-ed4d5ce684e2,325861a3-e7f6-49f0-a935-16b6d90f9268,c2,DROP,693,?,x12,
1769089322.6085622,FORWARDED,04340a08-a561-4b32-818c-ed4d5ce684e2,325861a3-e7f6-49f0-a935-16b6d90f9268,c2,DROP,693,?,x12,
1769089322.7308047,SENT,5bb40c37-1cb9-4ebd-8386-b8e9a113409a,74b35ca0-9347-4f70-a984-6a10d182602f,c1,c3,1017,?,x5,
1769089322.7308471,FORWARDED,5bb40c37-1cb9-4ebd-8386-b8e9a113409a,74b35ca0-9347-4f70-a984-6a10d182602f,c1,c3,1017,?,x5,
1769089322.7714572,RECEIVED,cca19180-5508-4c91-84c6-d7e48a33dbbd,96bf789f-3889-4baa-a898-ac45acf37faa,c5,DROP,1007,e9,?,
1769089322.8883607,RECEIVED,3d623862-a639-4e33-9ab6-d1b37bfff201,3f742bdd-e8ce-44cc-ae93-79a3e5130700,c3,c4,1444,e6,?,
1769089322.9851997,RECEIVED,f5516a2e-5ffb-456c-a1e7-48601dd437e8,bf947409-0aa4-4612-ac1b-08694044c2c2,c4,DROP,1004,e1,?,
1769089323.0828757,RECEIVED,3225e056-8ac5-4a45-9709-34b0c0e3caa6,2e88d156-29f6-4af4-a8d4-cc57cac44a37,c5,DROP,1027,e11,?,
1769089323.123966,SENT,3225e056-8ac5-4a45-9709-34b0c0e3caa6,2e88d156-29f6-4af4-a8d4-cc57cac44a37,c5,DROP,695,?,x12,
1769089323.1240087,FORWARDED,3225e056-8ac5-4a45-9709-34b0c0e3caa6,2e88d156-29f6-4af4-a8d4-cc57cac44a37,c5,DROP,695,?,x12,
1769089323.1255841,SENT,3d623862-a639-4e33-9ab6-d1b37bfff201,3f742bdd-e8ce-44cc-ae93-79a3e5130700,c3,c4,1011,?,x7,
1769089323.1256218,FORWARDED,3d623862-a639-4e33-9ab6-d1b37bfff201,3f742bdd-e8ce-44cc-ae93-79a3e5130700,c3,c4,1011,?,x7,
1769089323.2302666,SENT,f5516a2e-5ffb-456c-a1e7-48601dd437e8,bf947409-0aa4-4612-ac1b-08694044c2c2,c4,DROP,681,?,x7,
1769089323.2303035,FORWARDED,f5516a2e-5ffb-456c-a1e7-48601dd437e8,bf947409-0aa4-4612-ac1b-08694044c2c2,c4,DROP,681,?,x7,
1769089323.3135831,SENT,cca19180-5508-4c91-84c6-d7e48a33dbbd,96bf789f-3889-4baa-a898-ac45acf37faa,c5,DROP,683,?,x3,
1769089323.3136246,FORWARDED,cca19180-5508-4c91-84c6-d7e48a33dbbd,96bf789f-3889-4baa-a898-ac45acf37faa,c5,DROP,683,?,x3,
1769089323.5868323,RECEIVED,e568587c-6ac5-4acb-9291-415d8f516ef1,66500472-706e-4938-8d65-be61b76b3f63,c5,c4,1443,e1,?,
1769089323.7439425,SENT,ddbe4950-34ea-48e6-b779-9ba44c18d635,42c39610-c928-4900-957b-e89158df3c6b,c2,c3,1012,?,x12,
1769089323.7439811,FORWARDED,ddbe4950-34ea-48e6-b779-9ba44c18d635,42c39610-c928-4900-957b-e89158df3c6b,c2,c3,1012,?,x12,
1769089323.8959618,RECEIVED,3eafa765-d656-43a1-a1e6-5defac54d3e9,29f7ea7a-fc6c-4e6b-9714-22ed468f87f7,c2,c3,1452,e7,?,
1769089323.9795504,SENT,3eafa765-d656-43a1-a1e6-5defac54d3e9,29f7ea7a-fc6c-4e6b-9714-22ed468f87f7,c2,c3,1016,?,x7,
1769089323.9796014,FORWARDED,3eafa765-d656-43a1-a1e6-5defac54d3e9,29f7ea7a-fc6c-4e6b-9714-22ed468f87f7,c2,c3,1016,?,x7,
1769089324.2735445,SENT,e568587c-6ac5-4acb-9291-415d8f516ef1,66500472-706e-4938-8d65-be61b76b3f63,c5,c4,1011,?,x5,
1769089324.2735863,FORWARDED,e568587c-6ac5-4acb-9291-415d8f516ef1,66500472-706e-4938-8d65-be61b76b3f63,c5,c4,1011,?,x5,
1769089324.3721843,SENT,8bb50933-5a4b-464b-93be-d9d02bd7069b,d9fe499a-e684-4142-a862-0c4a46c619db,c5,DROP,684,?,x9,
1769089324.3722222,FORWARDED,8bb50933-5a4b-464b-93be-d9d02bd7069b,d9fe499a-e684-4142-a862-0c4a46c619db,c5,DROP,684,?,x9,
1769089324.4072669,RECEIVED,bf861bda-babe-4c50-8564-5b813208af47,208203a5-52dd-4dc9-8b52-ab621ff0183a,c5,c4,1451,e10,?,
1769089324.5543416,SENT,bf861bda-babe-4c50-8564-5b813208af47,208203a5-52dd-4dc9-8b52-ab621ff0183a,c5,c4,1016,?,x8,
1769089324.5543828,FORWARDED,bf861bda-babe-4c50-8564-5b813208af47,208203a5-52dd-4dc9-8b52-ab621ff0183a,c5,c4,1016,?,x8,
1769089324.5770736,RECEIVED,d716859e-3664-4f39-9bed-9884a835925e,f7eb5363-9046-4365-bbaf-5cb77e10151a,c2,DROP,1011,e9,?,
1769089324.704017,RECEIVED,c9f045a3-9463-4a54-baec-822c543a6f69,8cfb11f1-1ae7-450e-9ac8-1002149b2290,c4,DROP,1007,e3,?,
1769089324.7756138,RECEIVED,3780b00b-3347-4f09-a7da-8384e59726e3,422f4d4b-3b2f-430d-ad81-61fe363949f6,c3,c4,1443,e9,?,
1769089324.8191254,RECEIVED,0d63322f-8bbd-4c8f-8529-b63395320849,044f2b89-244d-4ed5-99e9-ca144072ce76,c2,c3,1449,e5,?,
1769089324.8889236,SENT,0d63322f-8bbd-4c8f-8529-b63395320849,044f2b89-244d-4ed5-99e9-ca144072ce76,c2,c3,1012,?,x3,
1769089324.8889666,FORWARDED,0d63322f-8bbd-4c8f-8529-b63395320849,044f2b89-244d-4ed5-99e9-ca144072ce76,c2,c3,1012,?,x3,
1769089324.9428651,RECEIVED,e349f4ea-df8b-4cdf-a3f9-4bcc7bd319be,fa700e89-9b8c-4b5a-86be-1ce13f388f58,c1,DROP,1018,e10,?,
1769089325.3103764,RECEIVED,755db1e8-09ce-4a67-b8df-6066f2c8c445,11ca1376-f29c-4e57-b444-49d4f2bc47bc,c3,DROP,1007,e5,?,
1769089325.353957,RECEIVED,fc02f029-9f68-423b-9b9a-b886e2592f0b,a14efde0-d9b2-4d50-b410-8d23eefef2be,c4,DROP,1021,e11,?,
1769089325.4806468,SENT,e349f4ea-df8b-4cdf-a3f9-4bcc7bd319be,fa700e89-9b8c-4b5a-86be-1ce13f388f58,c1,DROP,692,?,x3,
1769089325.4806864,FORWARDED,e349f4ea-df8b-4cdf-a3f9-4bcc7bd319be,fa700e89-9b8c-4b5a-86be-1ce13f388f58,c1,DROP,692,?,x3,
1769089325.498302,SENT,fc02f029-9f68-423b-9b9a-b886e2592f0b,a14efde0-d9b2-4d50-b410-8d23eefef2be,c4,DROP,691,?,x11,
1769089325.4983428,FORWARDED,fc02f029-9f68-423b-9b9a-b886e2592f0b,a14efde0-d9b2-4d50-b410-8d23eefef2be,c4,DROP,691,?,x11,
1769089325.5019078,SENT,d716859e-3664-4f39-9bed-9884a835925e,f7eb5363-9046-4365-bbaf-5cb77e10151a,c2,DROP,687,?,x5,
1769089325.5019472,FORWARDED,d716859e-3664-4f39-9bed-9884a835925e,f7eb5363-9046-4365-bbaf-5cb77e10151a,c2,DROP,687,?,x5,
1769089325.5277736,SENT,c9f045a3-9463-4a54-baec-822c543a6f69,8cfb11f1-1ae7-450e-9ac8-1002149b2290,c4,DROP,684,?,x4,
1769089325.5278084,FORWARDED,c9f045a3-9463-4a54-baec-822c543a6f69,8cfb11f1-1ae7-450e-9ac8-1002149b2290,c4,DROP,684,?,x4,
1769089325.7219522,SENT,3780b00b-3347-4f09-a7da-8384e59726e3,422f4d4b-3b2f-430d-ad81-61fe363949f6,c3,c4,1011,?,x6,
1769089325.7219956,FORWARDED,3780b00b-3347-4f09-a7da-8384e59726e3,422f4d4b-3b2f-430d-ad81-61fe363949f6,c3,c4,1011,?,x6,
1769089325.9205103,RECEIVED,1f791c36-19a4-47f4-90a2-4cd33bc00cad,8281d720-0da2-4e52-a76f-68d66e2c3fff,c3,c4,1447,e4,?,
1769089326.0926833,RECEIVED,697ea549-2602-4c09-84d3-93c4a71d77b1,0a7f7437-1317-462e-86e3-696f163034d9,c5,c4,1447,e4,?,
1769089326.265347,SENT,755db1e8-09ce-4a67-b8df-6066f2c8c445,11ca1376-f29c-4e57-b444-49d4f2bc47bc,c3,DROP,684,?,x6,
1769089326.2653875,FORWARDED,755db1e8-09ce-4a67-b8df-6066f2c8c445,11ca1376-f29c-4e57-b444-49d4f2bc47bc,c3,DROP,684,?,x6,
1769089326.2989125,SENT,1f791c36-19a4-47f4-90a2-4cd33bc00cad,8281d720-0da2-4e52-a76f-68d66e2c3fff,c3,c4,1014,?,x3,
1769089326.298954,FORWARDED,1f791c36-19a4-47f4-90a2-4cd33bc00cad,8281d720-0da2-4e52-a76f-68d66e2c3fff,c3,c4,1014,?,x3,
1769089326.5006874,RECEIVED,ff5a62f4-26ea-4349-a10a-32b39188d1fc,cb357971-154f-4168-927c-d8bc837969ca,c3,DROP,442,x11,?,
1769089326.5937953,RECEIVED,36d60f5a-cf41-4f17-af82-b5f6e3364351,7d709d83-b7f3-4ae3-9ae9-6ac3b58d94fb,c4,DROP,1008,e11,?,
1769089326.6752522,SENT,697ea549-2602-4c09-84d3-93c4a71d77b1,0a7f7437-1317-462e-86e3-696f163034d9,c5,c4,1012,?,x6,
1769089326.675295,FORWARDED,697ea549-2602-4c09-84d3-93c4a71d77b1,0a7f7437-1317-462e-86e3-696f163034d9,c5,c4,1012,?,x6,
1769089326.8684871,SENT,36d60f5a-cf41-4f17-af82-b5f6e3364351,7d709d83-b7f3-4ae3-9ae9-6ac3b58d94fb,c4,DROP,683,?,x2,
1769089326.8685277,FORWARDED,36d60f5a-cf41-4f17-af82-b5f6e3364351,7d709d83-b7f3-4ae3-9ae9-6ac3b58d94fb,c4,DROP,683,?,x2,
1769089327.702262,RECEIVED,dda8860c-a9d8-4906-a0cb-9c2c0ca8fee2,189ecfda-c2da-4346-a917-7a9290bcbac8,c4,DROP,441,x12,?,
1769089327.7716668,RECEIVED,c59c8fcd-3c91-4f9a-adac-cad823807fea,3337cfed-d477-40aa-a2ac-f33805b5daf2,c4,DROP,1017,e8,?,
1769089327.9981647,RECEIVED,82c6f205-8f55-47c7-857c-6820bdbda023,ffc9178d-ddb9-4350-a032-9dc64d0fc15f,c1,DROP,442,x7,?,
1769089328.098548,RECEIVED,e458e6af-d2d7-45db-9a61-c5865a545d52,0cc4e0b1-4082-4b2a-8106-5fe7f310f51d,c1,DROP,1007,e9,?,
1769089328.2233121,SENT,c59c8fcd-3c91-4f9a-adac-cad823807fea,3337cfed-d477-40aa-a2ac-f33805b5daf2,c4,DROP,688,?,x10,
1769089328.2233517,FORWARDED,c59c8fcd-3c91-4f9a-adac-cad823807fea,3337cfed-d477-40aa-a2ac-f33805b5daf2,c4,DROP,688,?,x10,
1769089328.3843527,RECEIVED,8c30d39d-0889-4612-b39c-71b8e992b42b,d938fecd-2277-4a06-8b57-5a16d1ebfb6e,c3,DROP,441,x4,?,
1769089328.4903414,RECEIVED,6f33837f-4b15-402e-9b0d-d8d4b49367d4,4d58a732-e059-4789-b256-c6e266cc18a6,c1,c3,1447,e6,?,
1769089328.5868056,RECEIVED,d8ba8f11-ac99-4c62-99df-64d9b725fab2,9813ad93-00b7-4075-a4c5-b961bbd7a1a7,c3,c4,1457,e4,?,
1769089328.6139083,RECEIVED,942156c2-abc0-4177-89de-4f8591e7c85e,a7a07445-3019-4f2e-ba14-7065e02111e4,c4,c1,1460,e5,?,
1769089328.7210577,SENT,d8ba8f11-ac99-4c62-99df-64d9b725fab2,9813ad93-00b7-4075-a4c5-b961bbd7a1a7,c3,c4,1019,?,x11,
1769089328.7210999,FORWARDED,d8ba8f11-ac99-4c62-99df-64d9b725fab2,9813ad93-00b7-4075-a4c5-b961bbd7a1a7,c3,c4,1019,?,x11,
1769089328.784169,RECEIVED,4771e39e-abf8-44d8-be2b-fd1f381bd635,f5101057-a3fe-44e4-b4c2-e52d33785c47,c2,DROP,1012,e2,?,
1769089328.8085716,SENT,e458e6af-d2d7-45db-9a61-c5865a545d52,0cc4e0b1-4082-4b2a-8106-5fe7f310f51d,c1,DROP,683,?,x4,
1769089328.808615,FORWARDED,e458e6af-d2d7-45db-9a61-c5865a545d52,0cc4e0b1-4082-4b2a-8106-5fe7f310f51d,c1,DROP,683,?,x4,
1769089328.8124688,SENT,4771e39e-abf8-44d8-be2b-fd1f381bd635,f5101057-a3fe-44e4-b4c2-e52d33785c47,c2,DROP,685,?,x4,
1769089328.8125095,FORWARDED,4771e39e-abf8-44d8-be2b-fd1f381bd635,f5101057-a3fe-44e4-b4c2-e52d33785c47,c2,DROP,685,?,x4,
1769089329.1770606,RECEIVED,a24029ee-44b5-4709-8889-f158007c0e74,f4e03c8e-5d2c-4259-a6d1-971cf56e47b1,c4,DROP,1008,e12,?,
1769089329.188748,SENT,942156c2-abc0-4177-89de-4f8591e7c85e,a7a07445-3019-4f2e-ba14-7065e02111e4,c4,c1,1023,?,x11,
1769089329.188787,FORWARDED,942156c2-abc0-4177-89de-4f8591e7c85e,a7a07445-3019-4f2e-ba14-7065e02111e4,c4,c1,1023,?,x11,
1769089329.2646043,SENT,6f33837f-4b15-402e-9b0d-d8d4b49367d4,4d58a732-e059-4789-b256-c6e266cc18a6,c1,c3,1012,?,x3,
1769089329.2646458,FORWARDED,6f33837f-4b15-402e-9b0d-d8d4b49367d4,4d58a732-e059-4789-b256-c6e266cc18a6,c1,c3,1012,?,x3,
1769089329.2908309,RECEIVED,e6ee1801-ce39-4d6f-bc04-be8177073773,6fd1285e-57ed-42c4-b7bc-b189658f8271,c2,DROP,1008,e7,?,
1769089329.3991659,SENT,a24029ee-44b5-4709-8889-f158007c0e74,f4e03c8e-5d2c-4259-a6d1-971cf56e47b1,c4,DROP,683,?,x7,
1769089329.3992057,FORWARDED,a24029ee-44b5-4709-8889-f158007c0e74,f4e03c8e-5d2c-4259-a6d1-971cf56e47b1,c4,DROP,683,?,x7,
1769089329.4528222,RECEIVED,c045fe30-dfdf-44e6-8956-e9dc5b0e2f81,4b400a88-e016-4ae0-900f-8ef8902b3ff4,c3,DROP,1016,e3,?,
1769089329.4776218,RECEIVED,1d3589c2-a71c-40c4-8b54-b45c94cbe5aa,f1291dab-aa36-4746-81f5-97af36907d24,c4,c1,1464,e1,?,
1769089329.651415,SENT,e6ee1801-ce39-4d6f-bc04-be8177073773,6fd1285e-57ed-42c4-b7bc-b189658f8271,c2,DROP,684,?,x1,
1769089329.6514542,FORWARDED,e6ee1801-ce39-4d6f-bc04-be8177073773,6fd1285e-57ed-42c4-b7bc-b189658f8271,c2,DROP,684,?,x1,
1769089329.7698221,SENT,c045fe30-dfdf-44e6-8956-e9dc5b0e2f81,4b400a88-e016-4ae0-900f-8ef8902b3ff4,c3,DROP,688,?,x10,
1769089329.7698731,FORWARDED,c045fe30-dfdf-44e6-8956-e9dc5b0e2f81,4b400a88-e016-4ae0-900f-8ef8902b3ff4,c3,DROP,688,?,x10,
1769089329.8155909,SENT,1d3589c2-a71c-40c4-8b54-b45c94cbe5aa,f1291dab-aa36-4746-81f5-97af36907d24,c4,c1,1024,?,x12,
1769089329.8156283,FORWARDED,1d3589c2-a71c-40c4-8b54-b45c94cbe5aa,f1291dab-aa36-4746-81f5-97af36907d24,c4,c1,1024,?,x12,
1769089330.2975743,RECEIVED,544286be-a5a5-4f28-8c8f-3c76c8db1174,7a82542c-c504-4acc-b2a5-dc2c0460fa0e,c5,DROP,1015,e3,?,
1769089330.6043167,SENT,544286be-a5a5-4f28-8c8f-3c76c8db1174,7a82542c-c504-4acc-b2a5-dc2c0460fa0e,c5,DROP,688,?,x2,
1769089330.6043525,FORWARDED,544286be-a5a5-4f28-8c8f-3c76c8db1174,7a82542c-c504-4acc-b2a5-dc2c0460fa0e,c5,DROP,688,?,x2,
1769089330.7457774,RECEIVED,b091cade-bfb1-49fe-8add-7951cfc01e9c,cb5bc469-7b5a-4adc-bb68-0cd4489c93e2,c2,c3,1464,e10,?,
1769089330.9762595,RECEIVED,3bf5f509-5276-4ec6-ad03-60842d6d5477,60d9cef6-c692-4a40-8a0c-11789415ef2b,c3,DROP,1005,e5,?,
1769089331.060484,SENT,3bf5f509-5276-4ec6-ad03-60842d6d5477,60d9cef6-c692-4a40-8a0c-11789415ef2b,c3,DROP,680,?,x1,
1769089331.060526,FORWARDED,3bf5f509-5276-4ec6-ad03-60842d6d5477,60d9cef6-c692-4a40-8a0c-11789415ef2b,c3,DROP,680,?,x1,
1769089331.157726,SENT,b091cade-bfb1-49fe-8add-7951cfc01e9c,cb5bc469-7b5a-4adc-bb68-0cd4489c93e2,c2,c3,1024,?,x5,
1769089331.1577675,FORWARDED,b091cade-bfb1-49fe-8add-7951cfc01e9c,cb5bc469-7b5a-4adc-bb68-0cd4489c93e2,c2,c3,1024,?,x5,
1769089331.3537781,RECEIVED,b80eef35-bff9-41d1-bd6a-c3fca3f04f4f,80aba343-d032-49a8-9c1f-751aa877a398,c5,DROP,1007,e2,?,
1769089331.8704195,RECEIVED,4a72061b-f49d-4e68-a11b-aa9d779f5349,e4a80ecc-f326-4818-9546-1901defe51b7,c2,c3,1447,e9,?,
1769089331.9456677,SENT,b80eef35-bff9-41d1-bd6a-c3fca3f04f4f,80aba343-d032-49a8-9c1f-751aa877a398,c5,DROP,684,?,x9,
1769089331.9457085,FORWARDED,b80eef35-bff9-41d1-bd6a-c3fca3f04f4f,80aba343-d032-49a8-9c1f-751aa877a398,c5,DROP,684,?,x9,
1769089332.0516815,RECEIVED,b2252322-f80e-4a3e-8b69-4f81593db558,27a1ee9e-c597-44c7-bc2b-708e95c79d0c,c4,DROP,1007,e7,?,
1769089332.37486,SENT,4a72061b-f49d-4e68-a11b-aa9d779f5349,e4a80ecc-f326-4818-9546-1901defe51b7,c2,c3,1012,?,x1,
1769089332.374902,FORWARDED,4a72061b-f49d-4e68-a11b-aa9d779f5349,e4a80ecc-f326-4818-9546-1901defe51b7,c2,c3,1012,?,x1,
1769089332.5513837,RECEIVED,090cd3bd-4776-405f-9a3a-31307c470388,0896eba0-ebc0-420c-99c7-99b95d7464d2,c4,c1,1456,e6,?,
1769089332.5856922,RECEIVED,a3440725-9fa5-4426-885d-23fc1a3de758,833694b7-8cfe-48c0-9296-8d99c5bf9f4f,c4,DROP,1017,e6,?,
1769089332.6513317,RECEIVED,8bfb7e7d-c978-435e-aa1b-c111a332cfde,20c9cb22-1fd7-4096-816b-1c7e6acd274c,c3,DROP,1007,e1,?,
1769089332.6786785,SENT,a3440725-9fa5-4426-885d-23fc1a3de758,833694b7-8cfe-48c0-9296-8d99c5bf9f4f,c4,DROP,688,?,x6,
1769089332.6787114,FORWARDED,a3440725-9fa5-4426-885d-23fc1a3de758,833694b7-8cfe-48c0-9296-8d99c5bf9f4f,c4,DROP,688,?,x6,
1769089332.8533576,SENT,8bfb7e7d-c978-435e-aa1b-c111a332cfde,20c9cb22-1fd7-4096-816b-1c7e6acd274c,c3,DROP,684,?,x5,
1769089332.8533986,FORWARDED,8bfb7e7d-c978-435e-aa1b-c111a332cfde,20c9cb22-1fd7-4096-816b-1c7e6acd274c,c3,DROP,684,?,x5,
1769089333.072414,RECEIVED,36c2c39a-2429-43b4-82a6-0e8acffd5b0e,f63b912f-5c86-48c1-84e5-a877b26fdcc5,c3,DROP,1016,e1,?,
1769089333.0803995,RECEIVED,5e5b4497-893c-4e57-b9a0-b9eb13916194,eff6c92a-3d92-473a-b9f4-d18506e60003,c5,c4,1451,e11,?,
1769089333.0929606,SENT,b2252322-f80e-4a3e-8b69-4f81593db558,27a1ee9e-c597-44c7-bc2b-708e95c79d0c,c4,DROP,684,?,x3,
1769089333.0929966,FORWARDED,b2252322-f80e-4a3e-8b69-4f81593db558,27a1ee9e-c597-44c7-bc2b-708e95c79d0c,c4,DROP,684,?,x3,
1769089333.530849,RECEIVED,cdc9e917-edce-4d84-b20b-ff518d4464df,dfd061e1-1c1a-44b1-84e7-3aca8554613d,c4,DROP,1008,e1,?,
1769089333.537487,SENT,5e5b4497-893c-4e57-b9a0-b9eb13916194,eff6c92a-3d92-473a-b9f4-d18506e60003,c5,c4,1015,?,x7,
1769089333.5375292,FORWARDED,5e5b4497-893c-4e57-b9a0-b9eb13916194,eff6c92a-3d92-473a-b9f4-d18506e60003,c5,c4,1015,?,x7,
1769089333.7032237,RECEIVED,95a9ba04-0e45-4db8-b293-98e3eb4014bf,03dfa218-ce82-4ea9-8b71-aa039e724888,c4,c1,1445,e5,?,
1769089333.7311895,RECEIVED,a9196086-5ee9-4013-9856-b32750073eb9,0b57e1f1-6ee8-4dc9-89ff-77a4686e36ca,c3,DROP,1019,e12,?,
1769089333.7393506,SENT,95a9ba04-0e45-4db8-b293-98e3eb4014bf,03dfa218-ce82-4ea9-8b71-aa039e724888,c4,c1,1011,?,x5,
1769089333.7393913,FORWARDED,95a9ba04-0e45-4db8-b293-98e3eb4014bf,03dfa218-ce82-4ea9-8b71-aa039e724888,c4,c1,1011,?,x5,
1769089333.7488515,RECEIVED,ad5df5d2-0403-4d5a-9537-5e0aa51a3596,6433945c-fbdd-4a73-aa92-31833287d16c,c1,c3,1445,e3,?,
1769089333.843367,SENT,ad5df5d2-0403-4d5a-9537-5e0aa51a3596,6433945c-fbdd-4a73-aa92-31833287d16c,c1,c3,1011,?,x7,
1769089333.843407,FORWARDED,ad5df5d2-0403-4d5a-9537-5e0aa51a3596,6433945c-fbdd-4a73-aa92-31833287d16c,c1,c3,1011,?,x7,
1769089333.914423,SENT,cdc9e917-edce-4d84-b20b-ff518d4464df,dfd061e1-1c1a-44b1-84e7-3aca8554613d,c4,DROP,684,?,x7,
1769089333.914465,FORWARDED,cdc9e917-edce-4d84-b20b-ff518d4464df,dfd061e1-1c1a-44b1-84e7-3aca8554613d,c4,DROP,684,?,x7,
1769089334.0119946,RECEIVED,d93551a6-992e-429c-aa7b-b8209aeb68ff,46209d52-b98e-4695-8ee4-d5d06d8e12c5,c3,DROP,442,x4,?,
1769089334.1337442,RECEIVED,10f0e11f-d02e-4acc-94b9-8192c5d9f1fc,7c23067e-4d5d-4526-bcba-0ffae388e38b,c3,c4,1464,e4,?,
1769089334.285562,SENT,36c2c39a-2429-43b4-82a6-0e8acffd5b0e,f63b912f-5c86-48c1-84e5-a877b26fdcc5,c3,DROP,688,?,x11,
1769089334.2856026,FORWARDED,36c2c39a-2429-43b4-82a6-0e8acffd5b0e,f63b912f-5c86-48c1-84e5-a877b26fdcc5,c3,DROP,688,?,x11,
1769089334.3598306,RECEIVED,673c3b31-0b79-4488-b707-0ca8656c739c,ccbf7d95-365a-46fe-a32b-9f8ffc81a997,c1,DROP,1006,e2,?,
1769089334.5372682,SENT,090cd3bd-4776-405f-9a3a-31307c470388,0896eba0-ebc0-420c-99c7-99b95d7464d2,c4,c1,1019,?,x12,
1769089334.5373082,FORWARDED,090cd3bd-4776-405f-9a3a-31307c470388,0896eba0-ebc0-420c-99c7-99b95d7464d2,c4,c1,1019,?,x12,
1769089334.6467593,RECEIVED,1df9ae5a-dab8-430c-970e-78ea4bbc3163,831de462-2719-4ffe-876c-08a8fcabd69e,c5,DROP,442,x10,?,
1769089334.7045407,RECEIVED,e8405ab2-4bf3-409d-966c-9d79240d8735,2be1a5c3-df8d-4f95-a9c4-481c6bf25deb,c2,DROP,442,x1,?,
1769089335.0310373,RECEIVED,a2e34203-b1a6-456a-9f02-35a550ff1591,ba0836d2-4163-49aa-80e4-7ac613b9968f,c3,c4,1443,e6,?,
1769089335.1116502,SENT,673c3b31-0b79-4488-b707-0ca8656c739c,ccbf7d95-365a-46fe-a32b-9f8ffc81a997,c1,DROP,683,?,x5,
1769089335.1116917,FORWARDED,673c3b31-0b79-4488-b707-0ca8656c739c,ccbf7d95-365a-46fe-a32b-9f8ffc81a997,c1,DROP,683,?,x5,
1769089335.377547,RECEIVED,12e7a8c8-a80e-4c91-92a3-440df6479dad,153d9b04-28c9-4efb-a723-d2b7fd2b2e3a,c1,c3,1447,e9,?,
1769089335.517694,RECEIVED,4b123127-2e33-42af-92b2-212c4a40e353,e76bbe06-7b74-4d71-a952-dbe564f54ceb,c1,c3,1451,e4,?,
1769089335.5384974,RECEIVED,5ec02e9b-926e-4e5d-8584-96e1826d4f21,a60c7c1c-b037-4e1b-8ceb-d5b98986295b,c4,c1,1435,e4,?,
1769089335.5450447,SENT,a9196086-5ee9-4013-9856-b32750073eb9,0b57e1f1-6ee8-4dc9-89ff-77a4686e36ca,c3,DROP,692,?,x5,
1769089335.5452032,FORWARDED,a9196086-5ee9-4013-9856-b32750073eb9,0b57e1f1-6ee8-4dc9-89ff-77a4686e36ca,c3,DROP,692,?,x5,
1769089335.5529227,RECEIVED,4695b663-df07-4c22-98f0-5cbb5be02c78,496a2df6-e2b4-4b61-b1d9-1025c27f55b2,c4,c1,1447,e6,?,
1769089335.614947,RECEIVED,e31b9823-0032-4f61-a684-218abd6e4bf3,d6d1eb28-1255-4ef7-a6b2-c2cf0b0488bb,c1,DROP,1012,e7,?,
1769089335.7210352,SENT,4b123127-2e33-42af-92b2-212c4a40e353,e76bbe06-7b74-4d71-a952-dbe564f54ceb,c1,c3,1016,?,x4,
1769089335.7210872,FORWARDED,4b123127-2e33-42af-92b2-212c4a40e353,e76bbe06-7b74-4d71-a952-dbe564f54ceb,c1,c3,1016,?,x4,
1769089335.746139,SENT,10f0e11f-d02e-4acc-94b9-8192c5d9f1fc,7c23067e-4d5d-4526-bcba-0ffae388e38b,c3,c4,1024,?,x10,
1769089335.7461805,FORWARDED,10f0e11f-d02e-4acc-94b9-8192c5d9f1fc,7c23067e-4d5d-4526-bcba-0ffae388e38b,c3,c4,1024,?,x10,
1769089335.8015413,SENT,a2e34203-b1a6-456a-9f02-35a550ff1591,ba0836d2-4163-49aa-80e4-7ac613b9968f,c3,c4,1011,?,x9,
1769089335.8015819,FORWARDED,a2e34203-b1a6-456a-9f02-35a550ff1591,ba0836d2-4163-49aa-80e4-7ac613b9968f,c3,c4,1011,?,x9,
1769089335.9657488,SENT,e31b9823-0032-4f61-a684-218abd6e4bf3,d6d1eb28-1255-4ef7-a6b2-c2cf0b0488bb,c1,DROP,687,?,x5,
1769089335.9658473,FORWARDED,e31b9823-0032-4f61-a684-218abd6e4bf3,d6d1eb28-1255-4ef7-a6b2-c2cf0b0488bb,c1,DROP,687,?,x5,
1769089336.3532603,RECEIVED,5637ccf8-908d-4fd0-a8a4-94a94f90a589,01563e4e-3ed7-43d4-87c2-45d937b25e56,c2,DROP,1019,e11,?,
1769089336.3858063,SENT,4695b663-df07-4c22-98f0-5cbb5be02c78,496a2df6-e2b4-4b61-b1d9-1025c27f55b2,c4,c1,1012,?,x1,
1769089336.3858485,FORWARDED,4695b663-df07-4c22-98f0-5cbb5be02c78,496a2df6-e2b4-4b61-b1d9-1025c27f55b2,c4,c1,1012,?,x1,
1769089336.497506,SENT,12e7a8c8-a80e-4c91-92a3-440df6479dad,153d9b04-28c9-4efb-a723-d2b7fd2b2e3a,c1,c3,1012,?,x5,
1769089336.4975495,FORWARDED,12e7a8c8-a80e-4c91-92a3-440df6479dad,153d9b04-28c9-4efb-a723-d2b7fd2b2e3a,c1,c3,1012,?,x5,
1769089336.530938,SENT,5ec02e9b-926e-4e5d-8584-96e1826d4f21,a60c7c1c-b037-4e1b-8ceb-d5b98986295b,c4,c1,1003,?,x6,
1769089336.5309703,FORWARDED,5ec02e9b-926e-4e5d-8584-96e1826d4f21,a60c7c1c-b037-4e1b-8ceb-d5b98986295b,c4,c1,1003,?,x6,
1769089336.7568934,SENT,5637ccf8-908d-4fd0-a8a4-94a94f90a589,01563e4e-3ed7-43d4-87c2-45d937b25e56,c2,DROP,692,?,x2,
1769089336.7569318,FORWARDED,5637ccf8-908d-4fd0-a8a4-94a94f90a589,01563e4e-3ed7-43d4-87c2-45d937b25e56,c2,DROP,692,?,x2,
1769089337.0589266,RECEIVED,f2a5807c-3421-48dc-926e-c0af2112c518,62a180e4-0dcc-4542-bb18-49a6fa8421b1,c1,DROP,1008,e7,?,
1769089337.4022253,SENT,f2a5807c-3421-48dc-926e-c0af2112c518,62a180e4-0dcc-4542-bb18-49a6fa8421b1,c1,DROP,684,?,x8,
1769089337.4022653,FORWARDED,f2a5807c-3421-48dc-926e-c0af2112c518,62a180e4-0dcc-4542-bb18-49a6fa8421b1,c1,DROP,684,?,x8,
1769089337.4263427,RECEIVED,f23857da-5d46-40c6-8ab3-eed4ed7b2e82,57fd4664-da0c-4645-a249-0bc5ad0d2cd1,c4,DROP,1018,e8,?,
1769089337.4899685,SENT,f23857da-5d46-40c6-8ab3-eed4ed7b2e82,57fd4664-da0c-4645-a249-0bc5ad0d2cd1,c4,DROP,688,?,x10,
1769089337.4900124,FORWARDED,f23857da-5d46-40c6-8ab3-eed4ed7b2e82,57fd4664-da0c-4645-a249-0bc5ad0d2cd1,c4,DROP,688,?,x10,
1769089337.8823175,RECEIVED,0a147ba3-0fc7-426b-a0bf-f09079f4fb1b,94ab81a2-8955-4989-8ed8-877e30eb5df9,c4,c1,1445,e12,?,
1769089337.9606035,RECEIVED,2a1162f2-e993-45cb-9ca7-7d959253d444,e6d1fb53-de47-4c3b-81cc-985e6451c8af,c4,c1,1460,e2,?,
1769089338.18415,SENT,0a147ba3-0fc7-426b-a0bf-f09079f4fb1b,94ab81a2-8955-4989-8ed8-877e30eb5df9,c4,c1,1011,?,x12,
1769089338.1841903,FORWARDED,0a147ba3-0fc7-426b-a0bf-f09079f4fb1b,94ab81a2-8955-4989-8ed8-877e30eb5df9,c4,c1,1011,?,x12,
1769089338.2250042,RECEIVED,f328ad20-844d-4cca-8e45-efc4e504c35b,170a0592-b6af-46e0-ae67-790be866510f,c4,DROP,1009,e1,?,
1769089338.2528505,RECEIVED,483adfd8-141d-441a-be57-fa0422cc9d99,fee8b837-d869-49eb-a552-d6bedb108e5b,c1,c3,1444,e2,?,
1769089338.28648,SENT,f328ad20-844d-4cca-8e45-efc4e504c35b,170a0592-b6af-46e0-ae67-790be866510f,c4,DROP,684,?,x7,
1769089338.2865186,FORWARDED,f328ad20-844d-4cca-8e45-efc4e504c35b,170a0592-b6af-46e0-ae67-790be866510f,c4,DROP,684,?,x7,
1769089338.328837,SENT,2a1162f2-e993-45cb-9ca7-7d959253d444,e6d1fb53-de47-4c3b-81cc-985e6451c8af,c4,c1,1023,?,x12,
1769089338.3288772,FORWARDED,2a1162f2-e993-45cb-9ca7-7d959253d444,e6d1fb53-de47-4c3b-81cc-985e6451c8af,c4,c1,1023,?,x12,
1769089338.3463733,RECEIVED,8a8c05c6-5cee-48c2-8ee0-6152dca48738,43aaa1b6-2f7e-4669-b391-76d859ffdd21,c5,c4,1464,e12,?,
1769089338.4691517,SENT,483adfd8-141d-441a-be57-fa0422cc9d99,fee8b837-d869-49eb-a552-d6bedb108e5b,c1,c3,1011,?,x3,
1769089338.4691925,FORWARDED,483adfd8-141d-441a-be57-fa0422cc9d99,fee8b837-d869-49eb-a552-d6bedb108e5b,c1,c3,1011,?,x3,
1769089338.8369112,RECEIVED,6c791dc8-20fd-4d46-9d04-6c4b0344a57f,48bcb007-dc04-4f8a-9785-5216304f1134,c2,DROP,1004,e3,?,
1769089338.8568683,RECEIVED,12215d18-ade6-4c97-aadb-280ee09f6e43,ba2f4660-3c82-4d50-b78a-d293a59b86f2,c2,DROP,1015,e10,?,
1769089339.1414235,SENT,8a8c05c6-5cee-48c2-8ee0-6152dca48738,43aaa1b6-2f7e-4669-b391-76d859ffdd21,c5,c4,1024,?,x10,
1769089339.1414657,FORWARDED,8a8c05c6-5cee-48c2-8ee0-6152dca48738,43aaa1b6-2f7e-4669-b391-76d859ffdd21,c5,c4,1024,?,x10,
1769089339.2687523,RECEIVED,1d0a7216-d589-47c1-b504-f33fd6b249e0,51643a59-c20b-4495-bb13-66ced31d7052,c2,DROP,1008,e8,?,
1769089339.2919023,RECEIVED,084d3976-f69a-4156-afd6-f3508012b17d,9c51e7e4-a12c-41ba-b2f3-b40c6edab07d,c4,c1,1444,e6,?,
1769089339.3954532,SENT,1d0a7216-d589-47c1-b504-f33fd6b249e0,51643a59-c20b-4495-bb13-66ced31d7052,c2,DROP,684,?,x1,
1769089339.3955016,FORWARDED,1d0a7216-d589-47c1-b504-f33fd6b249e0,51643a59-c20b-4495-bb13-66ced31d7052,c2,DROP,684,?,x1,
1769089339.434838,RECEIVED,bb3ba7f3-2ef7-4275-b51a-753d1f0750c4,83c0c0a9-840a-48f8-892b-0ca751b1d945,c2,c3,1451,e4,?,
1769089339.5713565,SENT,6c791dc8-20fd-4d46-9d04-6c4b0344a57f,48bcb007-dc04-4f8a-9785-5216304f1134,c2,DROP,680,?,x10,
1769089339.571462,FORWARDED,6c791dc8-20fd-4d46-9d04-6c4b0344a57f,48bcb007-dc04-4f8a-9785-5216304f1134,c2,DROP,680,?,x10,
1769089339.6622517,RECEIVED,dd7e6542-e64d-49e6-a4b2-ee7a45996411,72c29fd1-684a-4b15-bef6-8944100d26d4,c5,c4,1453,e9,?,
1769089339.7520127,SENT,084d3976-f69a-4156-afd6-f3508012b17d,9c51e7e4-a12c-41ba-b2f3-b40c6edab07d,c4,c1,1011,?,x6,
1769089339.7523475,FORWARDED,084d3976-f69a-4156-afd6-f3508012b17d,9c51e7e4-a12c-41ba-b2f3-b40c6edab07d,c4,c1,1011,?,x6,
1769089339.7674918,SENT,dd7e6542-e64d-49e6-a4b2-ee7a45996411,72c29fd1-684a-4b15-bef6-8944100d26d4,c5,c4,1016,?,x10,
1769089339.767534,FORWARDED,dd7e6542-e64d-49e6-a4b2-ee7a45996411,72c29fd1-684a-4b15-bef6-8944100d26d4,c5,c4,1016,?,x10,
1769089339.8943484,RECEIVED,672b8c4a-7b36-41b7-bf50-a854e3b95128,b77bace3-5d3f-4c3b-8c82-09b2f5f88237,c5,c4,1452,e10,?,
1769089339.9822886,SENT,672b8c4a-7b36-41b7-bf50-a854e3b95128,b77bace3-5d3f-4c3b-8c82-09b2f5f88237,c5,c4,1016,?,x9,
1769089339.982331,FORWARDED,672b8c4a-7b36-41b7-bf50-a854e3b95128,b77bace3-5d3f-4c3b-8c82-09b2f5f88237,c5,c4,1016,?,x9,
1769089340.034632,RECEIVED,35ebcb75-3873-4c31-986c-e47661a57037,93e944d3-a38a-4698-a8be-b7dcd407d568,c4,DROP,441,x9,?,
1769089340.0430589,RECEIVED,51afa4ae-1496-4bda-b7ba-2491abc4a6ba,6c6ee75e-9a60-4405-a470-320b97dbfc8d,c1,DROP,1009,e3,?,
1769089340.111755,SENT,51afa4ae-1496-4bda-b7ba-2491abc4a6ba,6c6ee75e-9a60-4405-a470-320b97dbfc8d,c1,DROP,684,?,x10,
1769089340.1117961,FORWARDED,51afa4ae-1496-4bda-b7ba-2491abc4a6ba,6c6ee75e-9a60-4405-a470-320b97dbfc8d,c1,DROP,684,?,x10,
1769089340.134668,RECEIVED,94492039-7596-44e3-888c-e23f63ce93b3,f4ee7c8e-958f-4fb3-b2e9-ba82ef4a761f,c1,DROP,1010,e9,?,
1769089340.1537359,RECEIVED,442927e6-782c-4026-babc-c76d5cf0afe6,01c638d2-9e15-4535-ad59-ca98a2cc2518,c1,DROP,1008,e9,?,
1769089340.2028725,SENT,94492039-7596-44e3-888c-e23f63ce93b3,f4ee7c8e-958f-4fb3-b2e9-ba82ef4a761f,c1,DROP,683,?,x3,
1769089340.202912,FORWARDED,94492039-7596-44e3-888c-e23f63ce93b3,f4ee7c8e-958f-4fb3-b2e9-ba82ef4a761f,c1,DROP,683,?,x3,
1769089340.2057931,SENT,bb3ba7f3-2ef7-4275-b51a-753d1f0750c4,83c0c0a9-840a-48f8-892b-0ca751b1d945,c2,c3,1015,?,x6,
1769089340.2058325,FORWARDED,bb3ba7f3-2ef7-4275-b51a-753d1f0750c4,83c0c0a9-840a-48f8-892b-0ca751b1d945,c2,c3,1015,?,x6,
1769089340.3077972,SENT,442927e6-782c-4026-babc-c76d5cf0afe6,01c638d2-9e15-4535-ad59-ca98a2cc2518,c1,DROP,684,?,x6,
1769089340.3078423,FORWARDED,442927e6-782c-4026-babc-c76d5cf0afe6,01c638d2-9e15-4535-ad59-ca98a2cc2518,c1,DROP,684,?,x6,
1769089340.3095763,RECEIVED,ccb245ed-4d67-4d02-97be-6f11e26c5278,19eedcb1-424b-4793-991e-d3cfc4b08b12,c3,c4,1453,e4,?,
1769089340.412301,SENT,ccb245ed-4d67-4d02-97be-6f11e26c5278,19eedcb1-424b-4793-991e-d3cfc4b08b12,c3,c4,1016,?,x11,
1769089340.4123416,FORWARDED,ccb245ed-4d67-4d02-97be-6f11e26c5278,19eedcb1-424b-4793-991e-d3cfc4b08b12,c3,c4,1016,?,x11,
1769089340.4321833,RECEIVED,937822bf-f6e5-468e-9067-aae9b8a9ec4d,e507d60e-5ea6-4a84-bc09-59a6c1f0f35d,c3,c4,1461,e12,?,
1769089340.4806345,SENT,937822bf-f6e5-468e-9067-aae9b8a9ec4d,e507d60e-5ea6-4a84-bc09-59a6c1f0f35d,c3,c4,1023,?,x2,
1769089340.480675,FORWARDED,937822bf-f6e5-468e-9067-aae9b8a9ec4d,e507d60e-5ea6-4a84-bc09-59a6c1f0f35d,c3,c4,1023,?,x2,
1769089340.4836328,SENT,12215d18-ade6-4c97-aadb-280ee09f6e43,ba2f4660-3c82-4d50-b78a-d293a59b86f2,c2,DROP,689,?,x4,
1769089340.483674,FORWARDED,12215d18-ade6-4c97-aadb-280ee09f6e43,ba2f4660-3c82-4d50-b78a-d293a59b86f2,c2,DROP,689,?,x4,
1769089340.524547,RECEIVED,79414c32-3147-4ccd-82cc-1ca2fbf92e0a,61d89cf6-2812-4648-a3f8-8900e3e131e1,c3,c4,1456,e12,?,
1769089340.5797594,SENT,79414c32-3147-4ccd-82cc-1ca2fbf92e0a,61d89cf6-2812-4648-a3f8-8900e3e131e1,c3,c4,1019,?,x5,
1769089340.5798113,FORWARDED,79414c32-3147-4ccd-82cc-1ca2fbf92e0a,61d89cf6-2812-4648-a3f8-8900e3e131e1,c3,c4,1019,?,x5,
1769089340.7663062,RECEIVED,21122848-d1d0-4da2-83d7-2824e986b462,198d7b2a-b5d3-488f-923f-2a37e673c3bd,c1,c3,1455,e8,?,
1769089340.8105633,RECEIVED,2d926436-4ef9-4972-9d6f-917514205886,c287ee65-489f-4f1f-9f6b-422f1a7f3096,c2,DROP,1008,e3,?,
1769089341.0755773,RECEIVED,f891a336-5902-4977-8f52-962093985138,f5e617fa-6c5c-4c71-b26b-29cc7df863b3,c5,DROP,1012,e7,?,
1769089341.1280904,RECEIVED,6d072d42-1c34-4d97-9eb1-780b5fb0c657,7f37e8f7-e9d7-43d9-b47f-2f3138462dc6,c5,DROP,1011,e10,?,
1769089341.2287033,SENT,f891a336-5902-4977-8f52-962093985138,f5e617fa-6c5c-4c71-b26b-29cc7df863b3,c5,DROP,687,?,x11,
1769089341.2287464,FORWARDED,f891a336-5902-4977-8f52-962093985138,f5e617fa-6c5c-4c71-b26b-29cc7df863b3,c5,DROP,687,?,x11,
1769089341.340378,SENT,21122848-d1d0-4da2-83d7-2824e986b462,198d7b2a-b5d3-488f-923f-2a37e673c3bd,c1,c3,1018,?,x1,
1769089341.3404188,FORWARDED,21122848-d1d0-4da2-83d7-2824e986b462,198d7b2a-b5d3-488f-923f-2a37e673c3bd,c1,c3,1018,?,x1,
1769089341.4593124,SENT,2d926436-4ef9-4972-9d6f-917514205886,c287ee65-489f-4f1f-9f6b-422f1a7f3096,c2,DROP,684,?,x10,
1769089341.4593546,FORWARDED,2d926436-4ef9-4972-9d6f-917514205886,c287ee65-489f-4f1f-9f6b-422f1a7f3096,c2,DROP,684,?,x10,
1769089341.538473,RECEIVED,e5fd7768-3b9e-4265-ab4a-ef905b59850d,ffa12ce3-2453-40b7-8062-cb73cd042245,c4,c1,1446,e4,?,
1769089341.711997,SENT,6d072d42-1c34-4d97-9eb1-780b5fb0c657,7f37e8f7-e9d7-43d9-b47f-2f3138462dc6,c5,DROP,685,?,x5,
1769089341.7120326,FORWARDED,6d072d42-1c34-4d97-9eb1-780b5fb0c657,7f37e8f7-e9d7-43d9-b47f-2f3138462dc6,c5,DROP,685,?,x5,
1769089341.8710651,RECEIVED,8fce13c7-e0d6-44ee-b0f7-37c2c032270b,8638ec1d-954d-41d4-96a3-3acba96d93b9,c4,DROP,1007,e10,?,
1769089342.118425,RECEIVED,aa6e6cf2-1a72-41e3-9e6d-d758018db07a,06ad3865-d5c3-47c9-9c82-b2dde8a5869f,c2,DROP,1011,e10,?,
1769089342.1717002,RECEIVED,db68d39b-fc12-4ea6-9647-a223bf4e629a,5b796b96-e9c2-4b6a-8465-d8022177221d,c3,c4,1444,e8,?,
1769089342.243665,RECEIVED,658e42d7-e6db-45a4-b20c-87b37420d2c7,b5f9c3c6-3d7b-407c-8085-f30a66eada2d,c1,c3,1451,e4,?,
1769089342.350983,SENT,db68d39b-fc12-4ea6-9647-a223bf4e629a,5b796b96-e9c2-4b6a-8465-d8022177221d,c3,c4,1011,?,x2,
1769089342.3510177,FORWARDED,db68d39b-fc12-4ea6-9647-a223bf4e629a,5b796b96-e9c2-4b6a-8465-d8022177221d,c3,c4,1011,?,x2,
1769089342.412667,RECEIVED,ff220671-a1d9-46cf-b1c1-e5b969f2d111,de2f1174-689e-4960-bc83-6cfb1fcda74e,c4,c1,1452,e10,?,
1769089342.4564064,RECEIVED,49dffda5-dfa9-4eeb-b36c-1117b130e7b9,6122d18b-1c49-4210-9cd8-3cef02cffcf4,c3,c4,1464,e12,?,
1769089342.4690332,RECEIVED,ee36c496-2f83-40f9-b420-281cd0bc8d86,fb496ef2-4814-4b39-a0a2-a5f042ee65ee,c5,c4,1456,e8,?,
1769089342.569325,RECEIVED,53983510-6db9-4d53-897d-a1289b1cf4a9,bf790e76-a3eb-4e65-823b-311a2765f567,c5,c4,1458,e12,?,
1769089342.6326802,SENT,e5fd7768-3b9e-4265-ab4a-ef905b59850d,ffa12ce3-2453-40b7-8062-cb73cd042245,c4,c1,1012,?,x4,
1769089342.6327143,FORWARDED,e5fd7768-3b9e-4265-ab4a-ef905b59850d,ffa12ce3-2453-40b7-8062-cb73cd042245,c4,c1,1012,?,x4,
1769089342.653701,SENT,ff220671-a1d9-46cf-b1c1-e5b969f2d111,de2f1174-689e-4960-bc83-6cfb1fcda74e,c4,c1,1016,?,x8,
1769089342.6537416,FORWARDED,ff220671-a1d9-46cf-b1c1-e5b969f2d111,de2f1174-689e-4960-bc83-6cfb1fcda74e,c4,c1,1016,?,x8,
1769089342.7181222,SENT,aa6e6cf2-1a72-41e3-9e6d-d758018db07a,06ad3865-d5c3-47c9-9c82-b2dde8a5869f,c2,DROP,687,?,x5,
1769089342.7181597,FORWARDED,aa6e6cf2-1a72-41e3-9e6d-d758018db07a,06ad3865-d5c3-47c9-9c82-b2dde8a5869f,c2,DROP,687,?,x5,
1769089342.8381255,SENT,49dffda5-dfa9-4eeb-b36c-1117b130e7b9,6122d18b-1c49-4210-9cd8-3cef02cffcf4,c3,c4,1024,?,x8,
1769089342.8381681,FORWARDED,49dffda5-dfa9-4eeb-b36c-1117b130e7b9,6122d18b-1c49-4210-9cd8-3cef02cffcf4,c3,c4,1024,?,x8,
1769089342.9990082,RECEIVED,97f6c326-5c12-4e70-a7dc-2a745cb8ddf3,2627fad7-ae42-4bfa-9e55-0cdb85dd9fb2,c4,c1,1448,e8,?,
1769089343.129557,SENT,ee36c496-2f83-40f9-b420-281cd0bc8d86,fb496ef2-4814-4b39-a0a2-a5f042ee65ee,c5,c4,1018,?,x12,
1769089343.1295965,FORWARDED,ee36c496-2f83-40f9-b420-281cd0bc8d86,fb496ef2-4814-4b39-a0a2-a5f042ee65ee,c5,c4,1018,?,x12,
1769089343.2759664,SENT,97f6c326-5c12-4e70-a7dc-2a745cb8ddf3,2627fad7-ae42-4bfa-9e55-0cdb85dd9fb2,c4,c1,1012,?,x1,
1769089343.2760043,FORWARDED,97f6c326-5c12-4e70-a7dc-2a745cb8ddf3,2627fad7-ae42-4bfa-9e55-0cdb85dd9fb2,c4,c1,1012,?,x1,
1769089343.691991,SENT,658e42d7-e6db-45a4-b20c-87b37420d2c7,b5f9c3c6-3d7b-407c-8085-f30a66eada2d,c1,c3,1015,?,x5,
1769089343.692029,FORWARDED,658e42d7-e6db-45a4-b20c-87b37420d2c7,b5f9c3c6-3d7b-407c-8085-f30a66eada2d,c1,c3,1015,?,x5,
1769089343.7643502,SENT,8fce13c7-e0d6-44ee-b0f7-37c2c032270b,8638ec1d-954d-41d4-96a3-3acba96d93b9,c4,DROP,684,?,x1,
1769089343.764388,FORWARDED,8fce13c7-e0d6-44ee-b0f7-37c2c032270b,8638ec1d-954d-41d4-96a3-3acba96d93b9,c4,DROP,684,?,x1,
1769089343.824085,RECEIVED,8af75ce3-e4ef-4435-b208-d4bf14be6a08,05a80d70-0115-4f65-8d61-2a94182c1c51,c1,c3,1448,e2,?,
1769089343.9046707,RECEIVED,fb22de25-7eec-4820-9b84-678907f8aaa3,7cd80cee-2460-4ee3-8eb5-43126720460a,c3,c4,1460,e6,?,
1769089344.0615926,SENT,8af75ce3-e4ef-4435-b208-d4bf14be6a08,05a80d70-0115-4f65-8d61-2a94182c1c51,c1,c3,1014,?,x6,
1769089344.0616338,FORWARDED,8af75ce3-e4ef-4435-b208-d4bf14be6a08,05a80d70-0115-4f65-8d61-2a94182c1c51,c1,c3,1014,?,x6,
1769089344.0654252,RECEIVED,f790a3d8-0da7-4909-a782-c6e11e4c5903,01a97632-1939-4a13-a484-ab38b74698b6,c1,DROP,1004,e8,?,
1769089344.0955195,RECEIVED,b10d47cf-23d4-46ff-b276-af075c652bc1,3736b55a-0daf-4e04-a7ef-8e1587c2a2bd,c4,DROP,1009,e1,?,
1769089344.1483612,RECEIVED,076a7f00-76a8-4a57-b7ca-9c35457a8cb3,9d8adde3-b0ef-4067-8cb2-ba50f22031aa,c3,c4,1456,e2,?,
1769089344.168919,SENT,b10d47cf-23d4-46ff-b276-af075c652bc1,3736b55a-0daf-4e04-a7ef-8e1587c2a2bd,c4,DROP,682,?,x12,
1769089344.1689603,FORWARDED,b10d47cf-23d4-46ff-b276-af075c652bc1,3736b55a-0daf-4e04-a7ef-8e1587c2a2bd,c4,DROP,682,?,x12,
1769089344.1972108,SENT,f790a3d8-0da7-4909-a782-c6e11e4c5903,01a97632-1939-4a13-a484-ab38b74698b6,c1,DROP,680,?,x6,
1769089344.1972506,FORWARDED,f790a3d8-0da7-4909-a782-c6e11e4c5903,01a97632-1939-4a13-a484-ab38b74698b6,c1,DROP,680,?,x6,
1769089344.200911,RECEIVED,dcc2dba0-71da-42c9-8dc2-7e021366026f,67a22ce8-dfeb-4aa7-a079-5c7b527d144c,c1,DROP,1016,e9,?,
1769089344.2256596,SENT,53983510-6db9-4d53-897d-a1289b1cf4a9,bf790e76-a3eb-4e65-823b-311a2765f567,c5,c4,1023,?,x6,
1769089344.2257009,FORWARDED,53983510-6db9-4d53-897d-a1289b1cf4a9,bf790e76-a3eb-4e65-823b-311a2765f567,c5,c4,1023,?,x6,
1769089344.3291528,SENT,fb22de25-7eec-4820-9b84-678907f8aaa3,7cd80cee-2460-4ee3-8eb5-43126720460a,c3,c4,1023,?,x11,
1769089344.3291953,FORWARDED,fb22de25-7eec-4820-9b84-678907f8aaa3,7cd80cee-2460-4ee3-8eb5-43126720460a,c3,c4,1023,?,x11,
1769089344.4603407,SENT,076a7f00-76a8-4a57-b7ca-9c35457a8cb3,9d8adde3-b0ef-4067-8cb2-ba50f22031aa,c3,c4,1018,?,x7,
1769089344.46038,FORWARDED,076a7f00-76a8-4a57-b7ca-9c35457a8cb3,9d8adde3-b0ef-4067-8cb2-ba50f22031aa,c3,c4,1018,?,x7,
1769089344.494988,SENT,dcc2dba0-71da-42c9-8dc2-7e021366026f,67a22ce8-dfeb-4aa7-a079-5c7b527d144c,c1,DROP,689,?,x7,
1769089344.4950266,FORWARDED,dcc2dba0-71da-42c9-8dc2-7e021366026f,67a22ce8-dfeb-4aa7-a079-5c7b527d144c,c1,DROP,689,?,x7,
1769089344.5735407,RECEIVED,93200951-55a2-4dc2-ab30-1142a927b763,dcb27932-f320-440a-b38d-f578b3387baa,c3,c4,1451,e1,?,
1769089345.094658,SENT,93200951-55a2-4dc2-ab30-1142a927b763,dcb27932-f320-440a-b38d-f578b3387baa,c3,c4,1015,?,x5,
1769089345.0946956,FORWARDED,93200951-55a2-4dc2-ab30-1142a927b763,dcb27932-f320-440a-b38d-f578b3387baa,c3,c4,1015,?,x5,
1769089345.1520574,RECEIVED,1b2ff014-7d99-4275-9ac8-9e9982003503,b64fee75-c2b5-4a73-bfc7-b743640bf068,c2,c3,1441,e9,?,
1769089345.4146633,RECEIVED,cbde6beb-d371-4bfe-b048-0e1f816cf6aa,c82e9525-afec-4e8b-8161-bb54fe89b668,c1,c3,1464,e12,?,
1769089345.4590278,SENT,cbde6beb-d371-4bfe-b048-0e1f816cf6aa,c82e9525-afec-4e8b-8161-bb54fe89b668,c1,c3,1024,?,x2,
1769089345.4590807,FORWARDED,cbde6beb-d371-4bfe-b048-0e1f816cf6aa,c82e9525-afec-4e8b-8161-bb54fe89b668,c1,c3,1024,?,x2,
1769089346.0312645,RECEIVED,3e07eb00-9786-4cc6-8889-c760c0cc8289,febb2247-4c26-4ab5-9620-f0949f917df7,c2,c3,1456,e12,?,
1769089346.0999737,SENT,1b2ff014-7d99-4275-9ac8-9e9982003503,b64fee75-c2b5-4a73-bfc7-b743640bf068,c2,c3,1011,?,x7,
1769089346.100017,FORWARDED,1b2ff014-7d99-4275-9ac8-9e9982003503,b64fee75-c2b5-4a73-bfc7-b743640bf068,c2,c3,1011,?,x7,
1769089346.2464466,RECEIVED,a5cf5e1e-351d-4f5c-904a-a55d75f6c05f,6bffd474-2960-4753-b55f-836125b88e4c,c5,DROP,441,x4,?,
1769089346.2567887,SENT,3e07eb00-9786-4cc6-8889-c760c0cc8289,febb2247-4c26-4ab5-9620-f0949f917df7,c2,c3,1018,?,x1,
1769089346.256831,FORWARDED,3e07eb00-9786-4cc6-8889-c760c0cc8289,febb2247-4c26-4ab5-9620-f0949f917df7,c2,c3,1018,?,x1,
1769089346.3032334,RECEIVED,dcc331f0-fdba-4d98-b847-1c361cce7387,ee82cd89-d97b-4f5b-aac7-8ce71728eddb,c2,DROP,1015,e9,?,
1769089346.3053236,RECEIVED,24092086-f48f-4c30-9039-810bae913500,5b16389f-b6cf-4962-b2c0-902f28905930,c1,DROP,1019,e11,?,
1769089346.3084776,RECEIVED,aee4a62b-f721-4548-a76c-f96d0f8765b6,2462f772-a395-47c8-a756-bcc255dba3b9,c3,c4,1452,e5,?,
1769089346.3614404,SENT,24092086-f48f-4c30-9039-810bae913500,5b16389f-b6cf-4962-b2c0-902f28905930,c1,DROP,688,?,x6,
1769089346.3614821,FORWARDED,24092086-f48f-4c30-9039-810bae913500,5b16389f-b6cf-4962-b2c0-902f28905930,c1,DROP,688,?,x6,
1769089346.3649535,RECEIVED,4acdbf67-e4ce-4b0c-bb29-1c6faaf66364,e81f1cb8-861c-4ac2-8b45-dc5af212cde5,c2,c3,1444,e2,?,
1769089346.4934747,RECEIVED,9086f459-2335-4634-a5bb-b63d1222df7d,9158f079-d1fe-4c59-a4db-a1375d6e7a5d,c3,c4,1456,e12,?,
1769089346.5030267,SENT,aee4a62b-f721-4548-a76c-f96d0f8765b6,2462f772-a395-47c8-a756-bcc255dba3b9,c3,c4,1015,?,x1,
1769089346.503076,FORWARDED,aee4a62b-f721-4548-a76c-f96d0f8765b6,2462f772-a395-47c8-a756-bcc255dba3b9,c3,c4,1015,?,x1,
1769089346.6305304,RECEIVED,da9623c9-069b-4552-9773-c3d62c59d228,79c34c5d-7135-4a4d-ae76-265bfb025466,c3,c4,1456,e12,?,
1769089346.7598317,SENT,4acdbf67-e4ce-4b0c-bb29-1c6faaf66364,e81f1cb8-861c-4ac2-8b45-dc5af212cde5,c2,c3,1011,?,x9,
1769089346.75987,FORWARDED,4acdbf67-e4ce-4b0c-bb29-1c6faaf66364,e81f1cb8-861c-4ac2-8b45-dc5af212cde5,c2,c3,1011,?,x9,
1769089346.8332646,SENT,da9623c9-069b-4552-9773-c3d62c59d228,79c34c5d-7135-4a4d-ae76-265bfb025466,c3,c4,1019,?,x6,
1769089346.8333054,FORWARDED,da9623c9-069b-4552-9773-c3d62c59d228,79c34c5d-7135-4a4d-ae76-265bfb025466,c3,c4,1019,?,x6,
1769089346.862718,SENT,dcc331f0-fdba-4d98-b847-1c361cce7387,ee82cd89-d97b-4f5b-aac7-8ce71728eddb,c2,DROP,688,?,x8,
1769089346.8627572,FORWARDED,dcc331f0-fdba-4d98-b847-1c361cce7387,ee82cd89-d97b-4f5b-aac7-8ce71728eddb,c2,DROP,688,?,x8,
1769089346.9137344,RECEIVED,f6b80387-ceff-4ea0-8873-bafdc6592d03,9238c4e1-781f-42be-8fad-dc1d3f0d1be3,c1,DROP,441,x12,?,
1769089347.0401034,SENT,9086f459-2335-4634-a5bb-b63d1222df7d,9158f079-d1fe-4c59-a4db-a1375d6e7a5d,c3,c4,1019,?,x10,
1769089347.0401444,FORWARDED,9086f459-2335-4634-a5bb-b63d1222df7d,9158f079-d1fe-4c59-a4db-a1375d6e7a5d,c3,c4,1019,?,x10,
1769089347.5385702,RECEIVED,27847b9c-63cd-4c64-be31-3d4168d3b0e4,31f042da-5991-4d41-be47-dafad3c0029c,c3,c4,1445,e8,?,
1769089347.5670376,SENT,27847b9c-63cd-4c64-be31-3d4168d3b0e4,31f042da-5991-4d41-be47-dafad3c0029c,c3,c4,1011,?,x6,
1769089347.567088,FORWARDED,27847b9c-63cd-4c64-be31-3d4168d3b0e4,31f042da-5991-4d41-be47-dafad3c0029c,c3,c4,1011,?,x6,
1769089347.745447,RECEIVED,00cb8a1c-5b8c-41cf-b774-96b4b42a877f,fb19b1f9-5921-473f-8543-3f895db23b5a,c5,c4,1451,e2,?,
1769089347.810995,RECEIVED,a69a127b-d4b2-4151-9f95-8bc50f9a3bc5,863ed383-6497-4a0d-8f66-495a9451fefe,c1,DROP,1016,e6,?,
1769089347.978144,SENT,a69a127b-d4b2-4151-9f95-8bc50f9a3bc5,863ed383-6497-4a0d-8f66-495a9451fefe,c1,DROP,689,?,x9,
1769089347.9781792,FORWARDED,a69a127b-d4b2-4151-9f95-8bc50f9a3bc5,863ed383-6497-4a0d-8f66-495a9451fefe,c1,DROP,689,?,x9,
1769089348.3572943,SENT,00cb8a1c-5b8c-41cf-b774-96b4b42a877f,fb19b1f9-5921-473f-8543-3f895db23b5a,c5,c4,1016,?,x2,
1769089348.357335,FORWARDED,00cb8a1c-5b8c-41cf-b774-96b4b42a877f,fb19b1f9-5921-473f-8543-3f895db23b5a,c5,c4,1016,?,x2,
1769089348.5622518,RECEIVED,95ffb795-6591-46cc-867f-3e3f6527fd4b,a00a2c85-58b2-4121-ba0d-51f298032e96,c4,DROP,1017,e5,?,
1769089348.598475,SENT,95ffb795-6591-46cc-867f-3e3f6527fd4b,a00a2c85-58b2-4121-ba0d-51f298032e96,c4,DROP,690,?,x8,
1769089348.5985253,FORWARDED,95ffb795-6591-46cc-867f-3e3f6527fd4b,a00a2c85-58b2-4121-ba0d-51f298032e96,c4,DROP,690,?,x8,
1769089348.653172,RECEIVED,886410e2-a24e-4c51-9268-911183b75c0a,7c63c101-ffd7-4ede-a624-5d66e853e01b,c1,DROP,1003,e2,?,
1769089348.7667828,RECEIVED,b53eaec7-e0e6-4439-9ee2-4455bcdd3969,4f2a1214-f3f2-419d-9303-73f84bce890b,c5,DROP,1017,e10,?,
1769089348.864143,SENT,b53eaec7-e0e6-4439-9ee2-4455bcdd3969,4f2a1214-f3f2-419d-9303-73f84bce890b,c5,DROP,690,?,x10,
1769089348.8641818,FORWARDED,b53eaec7-e0e6-4439-9ee2-4455bcdd3969,4f2a1214-f3f2-419d-9303-73f84bce890b,c5,DROP,690,?,x10,
1769089348.8825243,RECEIVED,ebb3abc2-716c-439d-ba00-93c38dc838ed,5d36d2ef-3f47-4e30-87c5-c8e8b3920202,c5,c4,1449,e3,?,
1769089349.0783937,RECEIVED,1b536e2c-a74e-4339-aca2-2d24e7ad005b,7e0ccfa8-019f-45d0-81a0-657bf65ea83b,c3,c4,1452,e5,?,
1769089349.1229463,SENT,ebb3abc2-716c-439d-ba00-93c38dc838ed,5d36d2ef-3f47-4e30-87c5-c8e8b3920202,c5,c4,1012,?,x12,
1769089349.123074,FORWARDED,ebb3abc2-716c-439d-ba00-93c38dc838ed,5d36d2ef-3f47-4e30-87c5-c8e8b3920202,c5,c4,1012,?,x12,
1769089349.21215,SENT,1b536e2c-a74e-4339-aca2-2d24e7ad005b,7e0ccfa8-019f-45d0-81a0-657bf65ea83b,c3,c4,1016,?,x8,
1769089349.2121952,FORWARDED,1b536e2c-a74e-4339-aca2-2d24e7ad005b,7e0ccfa8-019f-45d0-81a0-657bf65ea83b,c3,c4,1016,?,x8,
1769089349.8238482,RECEIVED,d63799b3-3ff3-4bb7-a881-84dcc5154ff3,53e46cac-b295-4b3c-8a70-56d8484aee27,c2,c3,1444,e8,?,
1769089349.9973767,SENT,886410e2-a24e-4c51-9268-911183b75c0a,7c63c101-ffd7-4ede-a624-5d66e853e01b,c1,DROP,680,?,x7,
1769089349.9974194,FORWARDED,886410e2-a24e-4c51-9268-911183b75c0a,7c63c101-ffd7-4ede-a624-5d66e853e01b,c1,DROP,680,?,x7,
1769089350.219452,RECEIVED,d0278ec2-1238-45f7-a6c6-19e1c5808efd,b07214ff-545f-40f0-aa1b-b81e7739f522,c4,DROP,1020,e11,?,
1769089350.3526366,RECEIVED,25c07c66-713b-4104-bed9-639d2fcb9784,05ed65fe-1010-4827-a30e-dfece429af01,c5,c4,1451,e7,?,
1769089350.4210842,SENT,d0278ec2-1238-45f7-a6c6-19e1c5808efd,b07214ff-545f-40f0-aa1b-b81e7739f522,c4,DROP,692,?,x4,
1769089350.4211273,FORWARDED,d0278ec2-1238-45f7-a6c6-19e1c5808efd,b07214ff-545f-40f0-aa1b-b81e7739f522,c4,DROP,692,?,x4,
1769089350.4782898,RECEIVED,6971b446-1344-4f6c-9ecc-d8aad47ffc90,e767db07-6f15-430e-a0bd-32c5a0f6fea1,c5,c4,1448,e2,?,
1769089350.6820073,RECEIVED,7bf993a3-de1b-403a-88fc-fd85d2abca4c,29875570-7b5e-4965-b0a3-99028dcfdd85,c4,DROP,1007,e12,?,
1769089350.7763183,RECEIVED,2a1ea892-f8b3-49ef-a4f0-7622e6fb8cc1,248b1578-7667-4de5-ae5f-2dc40d9ada34,c4,DROP,442,x7,?,
1769089350.793991,RECEIVED,64277f44-6313-4821-bd8a-fd32517e701d,172a2bfa-ff17-4f3a-84c6-acf4b6fe8b2a,c3,c4,1457,e10,?,
1769089350.8706186,RECEIVED,662fcc10-31d7-4346-b524-a8cd3f1d91d9,0103451f-afe1-4c8f-971f-c0a7386a7209,c4,c1,1463,e6,?,
1769089350.9121623,SENT,d63799b3-3ff3-4bb7-a881-84dcc5154ff3,53e46cac-b295-4b3c-8a70-56d8484aee27,c2,c3,1011,?,x12,
1769089350.9122012,FORWARDED,d63799b3-3ff3-4bb7-a881-84dcc5154ff3,53e46cac-b295-4b3c-8a70-56d8484aee27,c2,c3,1011,?,x12,
1769089351.0569305,RECEIVED,3e62df21-6888-4a95-87f6-d109144accd9,d5213038-e618-46eb-b613-9f708b2c0252,c5,DROP,1016,e10,?,
1769089351.1325264,SENT,7bf993a3-de1b-403a-88fc-fd85d2abca4c,29875570-7b5e-4965-b0a3-99028dcfdd85,c4,DROP,683,?,x3,
1769089351.1325674,FORWARDED,7bf993a3-de1b-403a-88fc-fd85d2abca4c,29875570-7b5e-4965-b0a3-99028dcfdd85,c4,DROP,683,?,x3,
1769089351.1535053,SENT,6971b446-1344-4f6c-9ecc-d8aad47ffc90,e767db07-6f15-430e-a0bd-32c5a0f6fea1,c5,c4,1014,?,x11,
1769089351.1535463,FORWARDED,6971b446-1344-4f6c-9ecc-d8aad47ffc90,e767db07-6f15-430e-a0bd-32c5a0f6fea1,c5,c4,1014,?,x11,
1769089351.2319837,SENT,64277f44-6313-4821-bd8a-fd32517e701d,172a2bfa-ff17-4f3a-84c6-acf4b6fe8b2a,c3,c4,1019,?,x11,
1769089351.232023,FORWARDED,64277f44-6313-4821-bd8a-fd32517e701d,172a2bfa-ff17-4f3a-84c6-acf4b6fe8b2a,c3,c4,1019,?,x11,
1769089351.3081777,SENT,3e62df21-6888-4a95-87f6-d109144accd9,d5213038-e618-46eb-b613-9f708b2c0252,c5,DROP,689,?,x2,
1769089351.3082154,FORWARDED,3e62df21-6888-4a95-87f6-d109144accd9,d5213038-e618-46eb-b613-9f708b2c0252,c5,DROP,689,?,x2,
1769089351.346005,RECEIVED,de8726ac-0966-43b3-a60d-4f80767e58b2,ce957953-88ad-4903-8295-fc2759f399ba,c3,c4,1451,e5,?,
1769089351.4562597,SENT,662fcc10-31d7-4346-b524-a8cd3f1d91d9,0103451f-afe1-4c8f-971f-c0a7386a7209,c4,c1,1024,?,x11,
1769089351.4562998,FORWARDED,662fcc10-31d7-4346-b524-a8cd3f1d91d9,0103451f-afe1-4c8f-971f-c0a7386a7209,c4,c1,1024,?,x11,
1769089351.4804752,SENT,25c07c66-713b-4104-bed9-639d2fcb9784,05ed65fe-1010-4827-a30e-dfece429af01,c5,c4,1015,?,x6,
1769089351.4805167,FORWARDED,25c07c66-713b-4104-bed9-639d2fcb9784,05ed65fe-1010-4827-a30e-dfece429af01,c5,c4,1015,?,x6,
1769089352.0113564,RECEIVED,a5f0d9f2-32a1-4765-bca0-595f6ceec2cb,f7522aef-6973-494e-bf5b-7f9d00807743,c5,c4,1448,e8,?,
1769089352.1912942,RECEIVED,ea4e9786-7f87-46e7-ad35-d3aadcd4e069,9e5d79a0-959c-4337-946f-a86afb359f37,c5,c4,1451,e11,?,
1769089352.264676,SENT,de8726ac-0966-43b3-a60d-4f80767e58b2,ce957953-88ad-4903-8295-fc2759f399ba,c3,c4,1015,?,x4,
1769089352.2647138,FORWARDED,de8726ac-0966-43b3-a60d-4f80767e58b2,ce957953-88ad-4903-8295-fc2759f399ba,c3,c4,1015,?,x4,
1769089352.2690196,RECEIVED,b3d51018-f157-4dc0-be7f-1ee375038460,927b790f-5152-4a90-8848-3854db7d8cb9,c2,c3,1447,e6,?,
1769089352.295801,RECEIVED,6b3fefe2-86b6-42fe-af6a-d112d417e53d,e1710f88-c617-45b0-b7ea-7ee239e96c64,c1,DROP,1021,e6,?,
1769089352.4343765,SENT,6b3fefe2-86b6-42fe-af6a-d112d417e53d,e1710f88-c617-45b0-b7ea-7ee239e96c64,c1,DROP,692,?,x12,
1769089352.4344175,FORWARDED,6b3fefe2-86b6-42fe-af6a-d112d417e53d,e1710f88-c617-45b0-b7ea-7ee239e96c64,c1,DROP,692,?,x12,
1769089352.772477,RECEIVED,4ad19979-21a7-4446-aba5-920eddcb54c8,7cb14dc4-92f3-4cc5-b9fc-e3b2339e794f,c5,c4,1449,e2,?,
1769089352.9324625,SENT,ea4e9786-7f87-46e7-ad35-d3aadcd4e069,9e5d79a0-959c-4337-946f-a86afb359f37,c5,c4,1016,?,x9,
1769089352.9325016,FORWARDED,ea4e9786-7f87-46e7-ad35-d3aadcd4e069,9e5d79a0-959c-4337-946f-a86afb359f37,c5,c4,1016,?,x9,
1769089353.0519307,SENT,4ad19979-21a7-4446-aba5-920eddcb54c8,7cb14dc4-92f3-4cc5-b9fc-e3b2339e794f,c5,c4,1016,?,x11,
1769089353.0519705,FORWARDED,4ad19979-21a7-4446-aba5-920eddcb54c8,7cb14dc4-92f3-4cc5-b9fc-e3b2339e794f,c5,c4,1016,?,x11,
1769089353.0772793,SENT,a5f0d9f2-32a1-4765-bca0-595f6ceec2cb,f7522aef-6973-494e-bf5b-7f9d00807743,c5,c4,1012,?,x10,
1769089353.0773199,FORWARDED,a5f0d9f2-32a1-4765-bca0-595f6ceec2cb,f7522aef-6973-494e-bf5b-7f9d00807743,c5,c4,1012,?,x10,
1769089353.260424,RECEIVED,d1f0b37b-6925-4e52-875e-d3479319d73b,31203338-8f68-4e86-8e58-c02cab9dc7e8,c2,c3,1460,e10,?,
1769089353.3448834,SENT,b3d51018-f157-4dc0-be7f-1ee375038460,927b790f-5152-4a90-8848-3854db7d8cb9,c2,c3,1014,?,x8,
1769089353.3450253,FORWARDED,b3d51018-f157-4dc0-be7f-1ee375038460,927b790f-5152-4a90-8848-3854db7d8cb9,c2,c3,1014,?,x8,
1769089353.3455684,RECEIVED,846e8663-6a40-4384-81da-1dca7b9180b2,1d8a7209-aaa3-458c-90d8-d666adaa8e19,c3,c4,1443,e8,?,
1769089353.435287,RECEIVED,d210c67d-f8fd-4df7-aa93-540baa8ea318,517baae6-d005-4b29-8b40-fb8103307853,c2,DROP,1008,e6,?,
1769089353.575966,RECEIVED,7a686494-c273-4b28-88fc-20f0ceb19ef3,33d97383-4579-4936-a28d-26e51246cf67,c5,c4,1459,e7,?,
1769089353.6759396,RECEIVED,1990d573-fed8-4283-b8eb-2d31142c3a9c,2cb86a10-862b-4a5e-9ab3-c43a5b7fdd63,c2,DROP,441,x2,?,
1769089353.7015867,RECEIVED,893ad9b5-5bf4-44a7-a57f-a9b04845d4e9,7fff2200-0d62-48a3-ac88-00efc3e2fc72,c4,c1,1442,e8,?,
1769089353.7222393,RECEIVED,2f73a8c4-208c-4300-ae51-f56bf00962b9,6e18ada0-300b-4ef8-bc43-a12d62fe6081,c4,DROP,1008,e1,?,
1769089353.7430804,SENT,846e8663-6a40-4384-81da-1dca7b9180b2,1d8a7209-aaa3-458c-90d8-d666adaa8e19,c3,c4,1010,?,x8,
1769089353.7431195,FORWARDED,846e8663-6a40-4384-81da-1dca7b9180b2,1d8a7209-aaa3-458c-90d8-d666adaa8e19,c3,c4,1010,?,x8,
1769089353.7779152,SENT,7a686494-c273-4b28-88fc-20f0ceb19ef3,33d97383-4579-4936-a28d-26e51246cf67,c5,c4,1021,?,x1,
1769089353.7779558,FORWARDED,7a686494-c273-4b28-88fc-20f0ceb19ef3,33d97383-4579-4936-a28d-26e51246cf67,c5,c4,1021,?,x1,
1769089353.9920788,SENT,d1f0b37b-6925-4e52-875e-d3479319d73b,31203338-8f68-4e86-8e58-c02cab9dc7e8,c2,c3,1023,?,x11,
1769089353.9921641,FORWARDED,d1f0b37b-6925-4e52-875e-d3479319d73b,31203338-8f68-4e86-8e58-c02cab9dc7e8,c2,c3,1023,?,x11,
1769089354.0367289,RECEIVED,60516f16-7a5d-455a-8389-7d3ba98a13f7,28dab072-6633-4a2c-b481-9abcff707929,c3,DROP,1016,e1,?,
1769089354.069503,RECEIVED,2f9a6590-9c14-4a8b-b93c-29c351964f42,1c756eeb-2294-45fc-acb8-eb0cf95673e7,c5,c4,1446,e1,?,
1769089354.1645389,SENT,d210c67d-f8fd-4df7-aa93-540baa8ea318,517baae6-d005-4b29-8b40-fb8103307853,c2,DROP,684,?,x11,
1769089354.1645799,FORWARDED,d210c67d-f8fd-4df7-aa93-540baa8ea318,517baae6-d005-4b29-8b40-fb8103307853,c2,DROP,684,?,x11,
1769089354.174018,RECEIVED,e220429b-3de3-4ea2-a9e7-84761d567ccf,ea18a3d8-c98c-4755-88cf-44982d3073b3,c5,c4,1447,e6,?,
1769089354.2008693,RECEIVED,054d79e5-e5c0-4ec1-86c2-7937593d250f,7cb73ef4-57e1-410c-8c00-7497dbe53ea5,c5,c4,1453,e9,?,
1769089354.2339087,SENT,054d79e5-e5c0-4ec1-86c2-7937593d250f,7cb73ef4-57e1-410c-8c00-7497dbe53ea5,c5,c4,1016,?,x4,
1769089354.233951,FORWARDED,054d79e5-e5c0-4ec1-86c2-7937593d250f,7cb73ef4-57e1-410c-8c00-7497dbe53ea5,c5,c4,1016,?,x4,
1769089354.2370062,RECEIVED,a0ba25f5-f482-4e60-9d30-31578f892150,3c1b8c75-91f1-4004-9997-7d319e8f7ce5,c4,DROP,1008,e6,?,
1769089354.3482847,RECEIVED,59baa647-d482-4b9b-aa18-73ba84b3757f,72541a72-78c3-4834-90c5-d44aa25cec3e,c2,c3,1456,e2,?,
1769089354.4398687,RECEIVED,a3376045-45e9-4eea-8c0d-1529297ef386,2f98ba23-bf8e-499f-8f84-21d2bf53262b,c1,DROP,1011,e12,?,
1769089354.5152888,SENT,2f73a8c4-208c-4300-ae51-f56bf00962b9,6e18ada0-300b-4ef8-bc43-a12d62fe6081,c4,DROP,683,?,x10,
1769089354.5153275,FORWARDED,2f73a8c4-208c-4300-ae51-f56bf00962b9,6e18ada0-300b-4ef8-bc43-a12d62fe6081,c4,DROP,683,?,x10,
1769089354.6221707,SENT,59baa647-d482-4b9b-aa18-73ba84b3757f,72541a72-78c3-4834-90c5-d44aa25cec3e,c2,c3,1020,?,x11,
1769089354.622213,FORWARDED,59baa647-d482-4b9b-aa18-73ba84b3757f,72541a72-78c3-4834-90c5-d44aa25cec3e,c2,c3,1020,?,x11,
1769089354.712785,SENT,60516f16-7a5d-455a-8389-7d3ba98a13f7,28dab072-6633-4a2c-b481-9abcff707929,c3,DROP,688,?,x11,
1769089354.7128272,FORWARDED,60516f16-7a5d-455a-8389-7d3ba98a13f7,28dab072-6633-4a2c-b481-9abcff707929,c3,DROP,688,?,x11,
1769089354.7753887,RECEIVED,4354a775-122c-4514-a52e-5c2ecacc536b,b69fc238-f872-43fb-bd43-5eff212f9a40,c5,c4,1439,e2,?,
1769089354.7825851,RECEIVED,bdb5a9eb-707d-411b-8c1f-fe30e809b569,955754c0-90e1-4e9b-9eb6-471cb353be9e,c3,c4,1464,e12,?,
1769089354.7960818,SENT,2f9a6590-9c14-4a8b-b93c-29c351964f42,1c756eeb-2294-45fc-acb8-eb0cf95673e7,c5,c4,1012,?,x6,
1769089354.7961245,FORWARDED,2f9a6590-9c14-4a8b-b93c-29c351964f42,1c756eeb-2294-45fc-acb8-eb0cf95673e7,c5,c4,1012,?,x6,
1769089354.8044033,SENT,e220429b-3de3-4ea2-a9e7-84761d567ccf,ea18a3d8-c98c-4755-88cf-44982d3073b3,c5,c4,1014,?,x9,
1769089354.804446,FORWARDED,e220429b-3de3-4ea2-a9e7-84761d567ccf,ea18a3d8-c98c-4755-88cf-44982d3073b3,c5,c4,1014,?,x9,
1769089354.8628387,SENT,a3376045-45e9-4eea-8c0d-1529297ef386,2f98ba23-bf8e-499f-8f84-21d2bf53262b,c1,DROP,687,?,x7,
1769089354.8628783,FORWARDED,a3376045-45e9-4eea-8c0d-1529297ef386,2f98ba23-bf8e-499f-8f84-21d2bf53262b,c1,DROP,687,?,x7,
1769089355.0292597,SENT,bdb5a9eb-707d-411b-8c1f-fe30e809b569,955754c0-90e1-4e9b-9eb6-471cb353be9e,c3,c4,1024,?,x4,
1769089355.029298,FORWARDED,bdb5a9eb-707d-411b-8c1f-fe30e809b569,955754c0-90e1-4e9b-9eb6-471cb353be9e,c3,c4,1024,?,x4,
1769089355.0859327,SENT,4354a775-122c-4514-a52e-5c2ecacc536b,b69fc238-f872-43fb-bd43-5eff212f9a40,c5,c4,1007,?,x3,
1769089355.0859742,FORWARDED,4354a775-122c-4514-a52e-5c2ecacc536b,b69fc238-f872-43fb-bd43-5eff212f9a40,c5,c4,1007,?,x3,
1769089355.187828,SENT,893ad9b5-5bf4-44a7-a57f-a9b04845d4e9,7fff2200-0d62-48a3-ac88-00efc3e2fc72,c4,c1,1011,?,x2,
1769089355.18787,FORWARDED,893ad9b5-5bf4-44a7-a57f-a9b04845d4e9,7fff2200-0d62-48a3-ac88-00efc3e2fc72,c4,c1,1011,?,x2,
1769089355.2741787,RECEIVED,5044471d-b535-43f2-87c1-344c63038aa0,358405fe-211b-4810-8a75-188e7143c309,c4,DROP,1012,e3,?,
1769089355.2857404,SENT,a0ba25f5-f482-4e60-9d30-31578f892150,3c1b8c75-91f1-4004-9997-7d319e8f7ce5,c4,DROP,684,?,x12,
1769089355.285781,FORWARDED,a0ba25f5-f482-4e60-9d30-31578f892150,3c1b8c75-91f1-4004-9997-7d319e8f7ce5,c4,DROP,684,?,x12,
1769089355.444301,RECEIVED,651955b8-c614-427c-99b4-f07a56fc1396,8487b14a-8f60-4d3f-ad11-5ea11de6d7f7,c2,c3,1461,e5,?,
1769089355.5035987,RECEIVED,25f106cd-5922-4ef4-8cae-e9d80c2bc2f0,a8ed121f-f206-4da3-822d-e87453a62544,c4,DROP,442,x9,?,
1769089355.558705,RECEIVED,695c29a7-f952-46d4-9bcf-c98b3800e5b9,4fea29c7-51a6-47f3-be8a-c141a63965c4,c3,DROP,1008,e9,?,
1769089355.6235516,SENT,5044471d-b535-43f2-87c1-344c63038aa0,358405fe-211b-4810-8a75-188e7143c309,c4,DROP,685,?,x7,
1769089355.6235929,FORWARDED,5044471d-b535-43f2-87c1-344c63038aa0,358405fe-211b-4810-8a75-188e7143c309,c4,DROP,685,?,x7,
1769089355.638243,SENT,651955b8-c614-427c-99b4-f07a56fc1396,8487b14a-8f60-4d3f-ad11-5ea11de6d7f7,c2,c3,1021,?,x12,
1769089355.6382835,FORWARDED,651955b8-c614-427c-99b4-f07a56fc1396,8487b14a-8f60-4d3f-ad11-5ea11de6d7f7,c2,c3,1021,?,x12,
1769089355.7562108,SENT,695c29a7-f952-46d4-9bcf-c98b3800e5b9,4fea29c7-51a6-47f3-be8a-c141a63965c4,c3,DROP,684,?,x3,
1769089355.7562525,FORWARDED,695c29a7-f952-46d4-9bcf-c98b3800e5b9,4fea29c7-51a6-47f3-be8a-c141a63965c4,c3,DROP,684,?,x3,
1769089355.9005733,RECEIVED,a0b2d330-4c03-4434-ba65-9ae2addc2dc1,46019748-f0f9-44a2-bb8f-c66b16a3189c,c3,DROP,1018,e2,?,
1769089355.9315474,SENT,a0b2d330-4c03-4434-ba65-9ae2addc2dc1,46019748-f0f9-44a2-bb8f-c66b16a3189c,c3,DROP,688,?,x11,
1769089355.9315908,FORWARDED,a0b2d330-4c03-4434-ba65-9ae2addc2dc1,46019748-f0f9-44a2-bb8f-c66b16a3189c,c3,DROP,688,?,x11,
1769089355.9859333,RECEIVED,4584586e-8cba-425b-ac4c-bad93668bea6,f5ca9190-edbb-4b75-9593-83ea43bcf6c4,c3,DROP,1009,e6,?,
1769089356.1215975,RECEIVED,b1a15096-8e1a-4f90-b307-db0727a6b231,111a1d12-efd2-42c7-9d78-d920b2834f41,c2,DROP,442,x12,?,
1769089356.367233,RECEIVED,282e7c4f-3d06-4f98-9e6b-c2e9e7f6782c,81fab20a-13de-4a2f-8b16-181635621480,c4,c1,1463,e11,?,
1769089356.4024692,RECEIVED,ab7446c1-5aed-42ad-979e-81a5aa6f142f,d4420ca1-7155-4175-8b31-dfa94e50dac8,c3,DROP,441,x1,?,
1769089356.5944571,RECEIVED,1175ae13-8704-4a5c-a917-1871638ad62d,379d838a-0101-48a0-9c43-f75f33de941c,c1,DROP,441,x6,?,
1769089356.6120656,RECEIVED,ad5683de-0ed1-4a2a-b195-e630f5e9d39a,dd5f37e0-d314-40d0-8356-d5203d06ab4e,c1,c3,1455,e12,?,
1769089356.6460593,RECEIVED,6d70ef24-ac40-4780-8269-4dcc60b63b3f,74efac1a-0424-473a-a7af-19cb66992a33,c3,DROP,441,x11,?,
1769089356.6546397,RECEIVED,36f65649-2695-4b78-a4d5-a3b7f2bd9254,6001f4f1-7c48-46f7-973f-c7a8f23cf65f,c2,c3,1452,e4,?,
1769089356.7839108,SENT,282e7c4f-3d06-4f98-9e6b-c2e9e7f6782c,81fab20a-13de-4a2f-8b16-181635621480,c4,c1,1024,?,x1,
1769089356.783953,FORWARDED,282e7c4f-3d06-4f98-9e6b-c2e9e7f6782c,81fab20a-13de-4a2f-8b16-181635621480,c4,c1,1024,?,x1,
1769089356.8611853,RECEIVED,7d7554f2-379c-4a1f-988a-a0970e435011,d300533b-fe0e-4790-a02b-11f33636d43f,c1,c3,1448,e6,?,
1769089356.894965,RECEIVED,2a1d12a7-11a7-488e-8508-b65ac83f3244,b971780c-eac7-4de3-8f94-02ae15193e45,c1,c3,1460,e4,?,
1769089356.922773,RECEIVED,fd9c50f4-a188-4663-95fb-f30975d53d29,58b91638-ccd3-4087-bcae-b98e300cd8ab,c3,c4,1444,e5,?,
1769089356.9231472,SENT,4584586e-8cba-425b-ac4c-bad93668bea6,f5ca9190-edbb-4b75-9593-83ea43bcf6c4,c3,DROP,685,?,x3,
1769089356.9231918,FORWARDED,4584586e-8cba-425b-ac4c-bad93668bea6,f5ca9190-edbb-4b75-9593-83ea43bcf6c4,c3,DROP,685,?,x3,
1769089356.924861,RECEIVED,2ef170e8-844f-40b4-8971-f68b52bfea1d,c1928d61-9d1a-41b1-a9d3-d0ab5476b4fd,c4,DROP,1008,e1,?,
1769089356.9725127,SENT,36f65649-2695-4b78-a4d5-a3b7f2bd9254,6001f4f1-7c48-46f7-973f-c7a8f23cf65f,c2,c3,1015,?,x7,
1769089356.9725747,FORWARDED,36f65649-2695-4b78-a4d5-a3b7f2bd9254,6001f4f1-7c48-46f7-973f-c7a8f23cf65f,c2,c3,1015,?,x7,
1769089357.03096,SENT,2ef170e8-844f-40b4-8971-f68b52bfea1d,c1928d61-9d1a-41b1-a9d3-d0ab5476b4fd,c4,DROP,684,?,x6,
1769089357.0310018,FORWARDED,2ef170e8-844f-40b4-8971-f68b52bfea1d,c1928d61-9d1a-41b1-a9d3-d0ab5476b4fd,c4,DROP,684,?,x6,
1769089357.097541,RECEIVED,19817b9a-8b72-4da2-9d3f-06c5a4df0c22,29e399da-610f-40a1-98f8-a52d22dace24,c4,DROP,443,x3,?,
1769089357.2219691,SENT,7d7554f2-379c-4a1f-988a-a0970e435011,d300533b-fe0e-4790-a02b-11f33636d43f,c1,c3,1012,?,x1,
1769089357.2220109,FORWARDED,7d7554f2-379c-4a1f-988a-a0970e435011,d300533b-fe0e-4790-a02b-11f33636d43f,c1,c3,1012,?,x1,
1769089357.318217,SENT,fd9c50f4-a188-4663-95fb-f30975d53d29,58b91638-ccd3-4087-bcae-b98e300cd8ab,c3,c4,1011,?,x9,
1769089357.3182554,FORWARDED,fd9c50f4-a188-4663-95fb-f30975d53d29,58b91638-ccd3-4087-bcae-b98e300cd8ab,c3,c4,1011,?,x9,
1769089357.3956885,SENT,2a1d12a7-11a7-488e-8508-b65ac83f3244,b971780c-eac7-4de3-8f94-02ae15193e45,c1,c3,1023,?,x10,
1769089357.3957198,FORWARDED,2a1d12a7-11a7-488e-8508-b65ac83f3244,b971780c-eac7-4de3-8f94-02ae15193e45,c1,c3,1023,?,x10,
1769089357.4034133,SENT,ad5683de-0ed1-4a2a-b195-e630f5e9d39a,dd5f37e0-d314-40d0-8356-d5203d06ab4e,c1,c3,1020,?,x5,
1769089357.4034512,FORWARDED,ad5683de-0ed1-4a2a-b195-e630f5e9d39a,dd5f37e0-d314-40d0-8356-d5203d06ab4e,c1,c3,1020,?,x5,
1769089357.5576823,RECEIVED,0255d850-74eb-4d7f-9a44-8bb1dbcf5e46,90df45fd-8fce-4ecb-9242-0f782c75b9a3,c2,c3,1456,e10,?,
1769089357.722131,RECEIVED,d70eafd1-c540-429a-8050-e75936e006bd,8b874717-d733-4d93-a0fc-61af83ab7663,c3,DROP,1007,e5,?,
1769089357.7910044,RECEIVED,cc157c3e-59d6-4665-b30f-6a0de9996266,507017e6-3b05-4c8d-8272-c2e96acc21cf,c5,DROP,1007,e2,?,
1769089357.932295,SENT,0255d850-74eb-4d7f-9a44-8bb1dbcf5e46,90df45fd-8fce-4ecb-9242-0f782c75b9a3,c2,c3,1020,?,x8,
1769089357.9323354,FORWARDED,0255d850-74eb-4d7f-9a44-8bb1dbcf5e46,90df45fd-8fce-4ecb-9242-0f782c75b9a3,c2,c3,1020,?,x8,
1769089358.1363344,SENT,d70eafd1-c540-429a-8050-e75936e006bd,8b874717-d733-4d93-a0fc-61af83ab7663,c3,DROP,683,?,x3,
1769089358.1363757,FORWARDED,d70eafd1-c540-429a-8050-e75936e006bd,8b874717-d733-4d93-a0fc-61af83ab7663,c3,DROP,683,?,x3,
1769089358.1543362,SENT,cc157c3e-59d6-4665-b30f-6a0de9996266,507017e6-3b05-4c8d-8272-c2e96acc21cf,c5,DROP,684,?,x2,
1769089358.1543767,FORWARDED,cc157c3e-59d6-4665-b30f-6a0de9996266,507017e6-3b05-4c8d-8272-c2e96acc21cf,c5,DROP,684,?,x2,
1769089358.2905223,RECEIVED,ad4a7496-4b5a-4703-aa97-1316365166d5,67af852f-a93d-40c9-91b7-5b2ddc05a4e7,c4,DROP,1008,e6,?,
1769089358.676331,RECEIVED,96dfe038-3db6-4a11-9b2b-d8030cf1097f,02b16c6b-35f2-43bd-9a79-84cf907248e8,c4,DROP,1020,e10,?,
1769089358.7308912,RECEIVED,9d6eec1a-4887-4a71-83b2-85353cbc153d,6a4c87a8-0ee6-4ff4-a6f0-bf50e5f37396,c3,DROP,1007,e2,?,
1769089358.7545063,SENT,ad4a7496-4b5a-4703-aa97-1316365166d5,67af852f-a93d-40c9-91b7-5b2ddc05a4e7,c4,DROP,683,?,x3,
1769089358.754545,FORWARDED,ad4a7496-4b5a-4703-aa97-1316365166d5,67af852f-a93d-40c9-91b7-5b2ddc05a4e7,c4,DROP,683,?,x3,
1769089358.8609784,SENT,96dfe038-3db6-4a11-9b2b-d8030cf1097f,02b16c6b-35f2-43bd-9a79-84cf907248e8,c4,DROP,692,?,x10,
1769089358.8610215,FORWARDED,96dfe038-3db6-4a11-9b2b-d8030cf1097f,02b16c6b-35f2-43bd-9a79-84cf907248e8,c4,DROP,692,?,x10,
1769089358.8723567,RECEIVED,931e76c7-f8f1-4c0c-bf4c-0059afb5d9bc,784d2f1d-5653-4a4d-a40a-8b24a43e12e7,c5,c4,1459,e11,?,
1769089359.1873379,RECEIVED,1bec3839-0f98-4d38-9637-1692f3bfd5cb,68cc6b5e-0291-4ca4-8acf-d5554f907d31,c5,DROP,1007,e10,?,
1769089359.3251128,SENT,931e76c7-f8f1-4c0c-bf4c-0059afb5d9bc,784d2f1d-5653-4a4d-a40a-8b24a43e12e7,c5,c4,1023,?,x7,
1769089359.3251534,FORWARDED,931e76c7-f8f1-4c0c-bf4c-0059afb5d9bc,784d2f1d-5653-4a4d-a40a-8b24a43e12e7,c5,c4,1023,?,x7,
1769089359.3394558,RECEIVED,6242e530-69fd-4bff-bc71-bd86f238388c,c838f534-c230-4af1-ac2d-3f3a5ab740c8,c5,DROP,441,x3,?,
1769089359.4949238,SENT,9d6eec1a-4887-4a71-83b2-85353cbc153d,6a4c87a8-0ee6-4ff4-a6f0-bf50e5f37396,c3,DROP,683,?,x8,
1769089359.494962,FORWARDED,9d6eec1a-4887-4a71-83b2-85353cbc153d,6a4c87a8-0ee6-4ff4-a6f0-bf50e5f37396,c3,DROP,683,?,x8,
1769089359.633019,RECEIVED,db446863-16b4-4d94-a096-2cfca83a549b,846b9405-7be2-469e-9ae3-5b6819c4418e,c3,c4,1460,e12,?,
1769089359.6343582,RECEIVED,7d1aeac9-c0fa-4d59-a010-716fae81d005,cc7edfcb-3b9e-4087-af26-24a9ba023468,c5,c4,1443,e2,?,
1769089359.6991942,SENT,db446863-16b4-4d94-a096-2cfca83a549b,846b9405-7be2-469e-9ae3-5b6819c4418e,c3,c4,1023,?,x11,
1769089359.699235,FORWARDED,db446863-16b4-4d94-a096-2cfca83a549b,846b9405-7be2-469e-9ae3-5b6819c4418e,c3,c4,1023,?,x11,
1769089359.7087328,RECEIVED,a686229c-505b-4d4a-9c76-d8c4d372b79b,f60069fe-9e72-4525-aa48-cad56c8d04cc,c4,DROP,1008,e7,?,
1769089359.8067145,RECEIVED,c2869550-3919-4376-a90d-253cb44e87d5,e698dc0b-a411-4685-95fd-96e977f5b7c0,c1,c3,1445,e1,?,
1769089359.8085282,SENT,a686229c-505b-4d4a-9c76-d8c4d372b79b,f60069fe-9e72-4525-aa48-cad56c8d04cc,c4,DROP,684,?,x6,
1769089359.80857,FORWARDED,a686229c-505b-4d4a-9c76-d8c4d372b79b,f60069fe-9e72-4525-aa48-cad56c8d04cc,c4,DROP,684,?,x6,
1769089360.0167394,RECEIVED,562535bc-db32-4e11-a8d9-df1f359fc0f3,dd755ee3-ef55-4212-b1e2-49262737b23a,c1,DROP,1011,e8,?,
1769089360.0843172,SENT,1bec3839-0f98-4d38-9637-1692f3bfd5cb,68cc6b5e-0291-4ca4-8acf-d5554f907d31,c5,DROP,683,?,x3,
1769089360.0843573,FORWARDED,1bec3839-0f98-4d38-9637-1692f3bfd5cb,68cc6b5e-0291-4ca4-8acf-d5554f907d31,c5,DROP,683,?,x3,
1769089360.1085846,RECEIVED,c42c9cad-73ee-43cd-ace6-ec9bae2bdc61,5b85fee6-ec2e-4a84-b930-5c6d72935de3,c2,DROP,1015,e8,?,
1769089360.194707,SENT,c2869550-3919-4376-a90d-253cb44e87d5,e698dc0b-a411-4685-95fd-96e977f5b7c0,c1,c3,1011,?,x12,
1769089360.1947482,FORWARDED,c2869550-3919-4376-a90d-253cb44e87d5,e698dc0b-a411-4685-95fd-96e977f5b7c0,c1,c3,1011,?,x12,
1769089360.5060613,SENT,7d1aeac9-c0fa-4d59-a010-716fae81d005,cc7edfcb-3b9e-4087-af26-24a9ba023468,c5,c4,1009,?,x5,
1769089360.5061052,FORWARDED,7d1aeac9-c0fa-4d59-a010-716fae81d005,cc7edfcb-3b9e-4087-af26-24a9ba023468,c5,c4,1009,?,x5,
1769089361.0132604,SENT,c42c9cad-73ee-43cd-ace6-ec9bae2bdc61,5b85fee6-ec2e-4a84-b930-5c6d72935de3,c2,DROP,689,?,x4,
1769089361.0133026,FORWARDED,c42c9cad-73ee-43cd-ace6-ec9bae2bdc61,5b85fee6-ec2e-4a84-b930-5c6d72935de3,c2,DROP,689,?,x4,
1769089361.0201037,SENT,562535bc-db32-4e11-a8d9-df1f359fc0f3,dd755ee3-ef55-4212-b1e2-49262737b23a,c1,DROP,687,?,x7,
1769089361.020145,FORWARDED,562535bc-db32-4e11-a8d9-df1f359fc0f3,dd755ee3-ef55-4212-b1e2-49262737b23a,c1,DROP,687,?,x7,
1769089361.0755296,RECEIVED,a201bf5c-d3b9-4287-a89c-d9285b1fc8de,62acbea2-ab1b-41c3-9bb9-b3af6d0958b1,c2,DROP,1012,e4,?,
1769089361.3612463,RECEIVED,c05b4334-a9f8-466f-b50f-cd0eeaa65214,ff4f8d08-d085-46f9-b1c1-979b124791a1,c1,DROP,1015,e10,?,
1769089361.849636,RECEIVED,2b38a210-acba-4a5a-bd93-4495ea94d983,c084070d-6c76-42b5-a076-833be03a57f4,c1,DROP,1013,e9,?,
1769089361.9253674,SENT,a201bf5c-d3b9-4287-a89c-d9285b1fc8de,62acbea2-ab1b-41c3-9bb9-b3af6d0958b1,c2,DROP,687,?,x10,
1769089361.9254096,FORWARDED,a201bf5c-d3b9-4287-a89c-d9285b1fc8de,62acbea2-ab1b-41c3-9bb9-b3af6d0958b1,c2,DROP,687,?,x10,
1769089361.9955716,SENT,c05b4334-a9f8-466f-b50f-cd0eeaa65214,ff4f8d08-d085-46f9-b1c1-979b124791a1,c1,DROP,688,?,x7,
1769089361.9956138,FORWARDED,c05b4334-a9f8-466f-b50f-cd0eeaa65214,ff4f8d08-d085-46f9-b1c1-979b124791a1,c1,DROP,688,?,x7,
1769089362.0367815,SENT,2b38a210-acba-4a5a-bd93-4495ea94d983,c084070d-6c76-42b5-a076-833be03a57f4,c1,DROP,687,?,x12,
1769089362.0368228,FORWARDED,2b38a210-acba-4a5a-bd93-4495ea94d983,c084070d-6c76-42b5-a076-833be03a57f4,c1,DROP,687,?,x12,
1769089362.4475968,RECEIVED,f6fe810d-e62a-4852-9fc4-642247a048ac,0631f18f-cb1f-490c-a727-a4b78a7ce892,c5,DROP,1015,e11,?,
1769089362.5036862,RECEIVED,c75d0525-16a4-4b76-9eac-79fe91e1761e,5d4fadcb-e0a5-4388-ba4a-0652ddfeb864,c4,c1,1444,e5,?,
1769089362.5668528,RECEIVED,37a0c012-a924-4db0-ba90-9860970bd674,fb4d6f13-d25b-4724-a76c-664cb59881f9,c1,c3,1451,e7,?,
1769089362.5903192,SENT,c75d0525-16a4-4b76-9eac-79fe91e1761e,5d4fadcb-e0a5-4388-ba4a-0652ddfeb864,c4,c1,1011,?,x1,
1769089362.5903766,FORWARDED,c75d0525-16a4-4b76-9eac-79fe91e1761e,5d4fadcb-e0a5-4388-ba4a-0652ddfeb864,c4,c1,1011,?,x1,
1769089362.880084,RECEIVED,05d02600-e8c4-468c-ae99-85dc4e63d48f,cb9dfabb-bbe4-4ed1-a1ad-6e7dcd279010,c1,DROP,1015,e7,?,
1769089362.9460363,RECEIVED,049e2d8c-66e1-47c8-aad3-57c162c68b44,73951c7f-a81b-411e-b536-1f3eb1a2276e,c3,DROP,441,x11,?,
1769089362.999565,SENT,f6fe810d-e62a-4852-9fc4-642247a048ac,0631f18f-cb1f-490c-a727-a4b78a7ce892,c5,DROP,688,?,x2,
1769089362.9996018,FORWARDED,f6fe810d-e62a-4852-9fc4-642247a048ac,0631f18f-cb1f-490c-a727-a4b78a7ce892,c5,DROP,688,?,x2,
1769089363.0265698,RECEIVED,11bd91fc-405f-4a9b-ba45-3b427854ba7f,c1bb62cc-46e4-48be-a6cb-4456f7e3a99e,c2,c3,1452,e6,?,
1769089363.1091952,RECEIVED,343fb3a5-0740-4c42-be82-740bf585bc1e,795597a5-6df0-48ed-827f-09d49fb843a5,c1,c3,1455,e9,?,
1769089363.239959,SENT,11bd91fc-405f-4a9b-ba45-3b427854ba7f,c1bb62cc-46e4-48be-a6cb-4456f7e3a99e,c2,c3,1015,?,x8,
1769089363.24,FORWARDED,11bd91fc-405f-4a9b-ba45-3b427854ba7f,c1bb62cc-46e4-48be-a6cb-4456f7e3a99e,c2,c3,1015,?,x8,
1769089363.3256428,RECEIVED,292cb6d7-d470-4800-b923-f3f38ba563a2,618406c3-307b-4aa5-8314-fa4cc53da6fd,c2,DROP,1009,e4,?,
1769089363.3917792,SENT,05d02600-e8c4-468c-ae99-85dc4e63d48f,cb9dfabb-bbe4-4ed1-a1ad-6e7dcd279010,c1,DROP,689,?,x1,
1769089363.3918157,FORWARDED,05d02600-e8c4-468c-ae99-85dc4e63d48f,cb9dfabb-bbe4-4ed1-a1ad-6e7dcd279010,c1,DROP,689,?,x1,
1769089363.4636476,SENT,37a0c012-a924-4db0-ba90-9860970bd674,fb4d6f13-d25b-4724-a76c-664cb59881f9,c1,c3,1015,?,x4,
1769089363.463692,FORWARDED,37a0c012-a924-4db0-ba90-9860970bd674,fb4d6f13-d25b-4724-a76c-664cb59881f9,c1,c3,1015,?,x4,
1769089363.4941413,SENT,343fb3a5-0740-4c42-be82-740bf585bc1e,795597a5-6df0-48ed-827f-09d49fb843a5,c1,c3,1019,?,x2,
1769089363.4941843,FORWARDED,343fb3a5-0740-4c42-be82-740bf585bc1e,795597a5-6df0-48ed-827f-09d49fb843a5,c1,c3,1019,?,x2,
1769089363.5073583,SENT,292cb6d7-d470-4800-b923-f3f38ba563a2,618406c3-307b-4aa5-8314-fa4cc53da6fd,c2,DROP,683,?,x12,
1769089363.5074513,FORWARDED,292cb6d7-d470-4800-b923-f3f38ba563a2,618406c3-307b-4aa5-8314-fa4cc53da6fd,c2,DROP,683,?,x12,
1769089363.6064527,RECEIVED,8a089993-43ad-4466-a522-13069aa6aa18,c5a7ba2c-d29d-4583-bf73-a0c94750b319,c2,DROP,1013,e10,?,
1769089363.6610239,RECEIVED,9f6de897-c8f4-4d02-ad4a-7565f9a8f8bc,787a16e5-f59f-4c30-a063-496448ddf1bf,c4,c1,1444,e9,?,
1769089363.6665795,RECEIVED,e4232ae4-9079-4360-83e4-9b34eaff7208,4760ba57-e393-49ca-ac49-2cd5ce0e229b,c5,DROP,1006,e2,?,
1769089363.750306,SENT,9f6de897-c8f4-4d02-ad4a-7565f9a8f8bc,787a16e5-f59f-4c30-a063-496448ddf1bf,c4,c1,1011,?,x5,
1769089363.7503467,FORWARDED,9f6de897-c8f4-4d02-ad4a-7565f9a8f8bc,787a16e5-f59f-4c30-a063-496448ddf1bf,c4,c1,1011,?,x5,
1769089363.8398087,RECEIVED,8e930db3-104c-4238-b709-c2704648acc0,9a48fb10-114a-43e3-b5ef-d6949b4c9978,c2,DROP,1007,e6,?,
1769089363.8641062,SENT,8a089993-43ad-4466-a522-13069aa6aa18,c5a7ba2c-d29d-4583-bf73-a0c94750b319,c2,DROP,687,?,x10,
1769089363.8641539,FORWARDED,8a089993-43ad-4466-a522-13069aa6aa18,c5a7ba2c-d29d-4583-bf73-a0c94750b319,c2,DROP,687,?,x10,
1769089363.9819283,SENT,8e930db3-104c-4238-b709-c2704648acc0,9a48fb10-114a-43e3-b5ef-d6949b4c9978,c2,DROP,684,?,x6,
1769089363.9819667,FORWARDED,8e930db3-104c-4238-b709-c2704648acc0,9a48fb10-114a-43e3-b5ef-d6949b4c9978,c2,DROP,684,?,x6,
1769089364.083195,RECEIVED,8e1f0048-a55a-4f00-abcc-5452e4f28530,168f777f-327d-43aa-bce6-4361e6313530,c4,c1,1451,e8,?,
1769089364.509394,SENT,e4232ae4-9079-4360-83e4-9b34eaff7208,4760ba57-e393-49ca-ac49-2cd5ce0e229b,c5,DROP,684,?,x4,
1769089364.5094354,FORWARDED,e4232ae4-9079-4360-83e4-9b34eaff7208,4760ba57-e393-49ca-ac49-2cd5ce0e229b,c5,DROP,684,?,x4,
1769089364.566789,RECEIVED,40ecd62b-072f-48cd-91f3-efb6a7e6ed98,7515b3f8-91d5-471e-997e-ec61eb3da3fe,c2,DROP,1007,e12,?,
1769089364.6078448,RECEIVED,d8d64c8e-a493-438f-910b-e0ae8a5bbaf6,55949dfb-3d01-4747-b599-d4065a5e2b40,c1,DROP,1013,e1,?,
1769089364.921081,SENT,d8d64c8e-a493-438f-910b-e0ae8a5bbaf6,55949dfb-3d01-4747-b599-d4065a5e2b40,c1,DROP,687,?,x12,
1769089364.9211178,FORWARDED,d8d64c8e-a493-438f-910b-e0ae8a5bbaf6,55949dfb-3d01-4747-b599-d4065a5e2b40,c1,DROP,687,?,x12,
1769089365.0127873,RECEIVED,57e219ad-d3ca-4751-880d-4c3894e716d6,33c2cdd7-5167-4566-9729-83958807c196,c4,DROP,1007,e10,?,
1769089365.301383,SENT,8e1f0048-a55a-4f00-abcc-5452e4f28530,168f777f-327d-43aa-bce6-4361e6313530,c4,c1,1015,?,x7,
1769089365.3014207,FORWARDED,8e1f0048-a55a-4f00-abcc-5452e4f28530,168f777f-327d-43aa-bce6-4361e6313530,c4,c1,1015,?,x7,
1769089365.3408604,RECEIVED,b29d79cc-5341-42ce-9a6d-5f010fa001de,1cb4dd65-ebc7-4e61-844f-20d095807484,c3,DROP,1008,e1,?,
1769089365.469492,RECEIVED,51834f3e-f125-42e0-ae99-34578c7085b8,937a2202-b915-4974-a2df-2a1da76789da,c5,DROP,1012,e11,?,
1769089365.5802007,SENT,57e219ad-d3ca-4751-880d-4c3894e716d6,33c2cdd7-5167-4566-9729-83958807c196,c4,DROP,684,?,x9,
1769089365.5802531,FORWARDED,57e219ad-d3ca-4751-880d-4c3894e716d6,33c2cdd7-5167-4566-9729-83958807c196,c4,DROP,684,?,x9,
1769089365.588592,SENT,51834f3e-f125-42e0-ae99-34578c7085b8,937a2202-b915-4974-a2df-2a1da76789da,c5,DROP,687,?,x7,
1769089365.5886347,FORWARDED,51834f3e-f125-42e0-ae99-34578c7085b8,937a2202-b915-4974-a2df-2a1da76789da,c5,DROP,687,?,x7,
1769089365.6052828,SENT,40ecd62b-072f-48cd-91f3-efb6a7e6ed98,7515b3f8-91d5-471e-997e-ec61eb3da3fe,c2,DROP,683,?,x8,
1769089365.6053245,FORWARDED,40ecd62b-072f-48cd-91f3-efb6a7e6ed98,7515b3f8-91d5-471e-997e-ec61eb3da3fe,c2,DROP,683,?,x8,
1769089365.6640956,SENT,b29d79cc-5341-42ce-9a6d-5f010fa001de,1cb4dd65-ebc7-4e61-844f-20d095807484,c3,DROP,683,?,x6,
1769089365.6641347,FORWARDED,b29d79cc-5341-42ce-9a6d-5f010fa001de,1cb4dd65-ebc7-4e61-844f-20d095807484,c3,DROP,683,?,x6,
1769089365.7514246,RECEIVED,c64e7d56-f34f-4c60-b00b-c75a35fa0d31,42cfb2d3-8563-4360-8344-a403732b7289,c3,DROP,441,x9,?,
1769089365.945865,RECEIVED,bbefa7f6-6936-4b8b-b333-766b52e900d7,4144a3cf-d7f2-469f-bfa6-cb057c2625dc,c3,c4,1447,e5,?,
1769089366.1290307,RECEIVED,77ccddab-adcd-4c14-8206-e8d188123b3a,3c7ce583-8846-45be-988a-0306a363f2db,c1,DROP,1010,e6,?,
1769089366.1443863,RECEIVED,c5326582-18f6-4be3-9eca-c9e1f56ab180,9ef32358-e26a-41ef-a482-da729071b1b6,c1,DROP,1021,e1,?,
1769089366.1600733,SENT,77ccddab-adcd-4c14-8206-e8d188123b3a,3c7ce583-8846-45be-988a-0306a363f2db,c1,DROP,683,?,x12,
1769089366.1601164,FORWARDED,77ccddab-adcd-4c14-8206-e8d188123b3a,3c7ce583-8846-45be-988a-0306a363f2db,c1,DROP,683,?,x12,
1769089366.2105954,SENT,c5326582-18f6-4be3-9eca-c9e1f56ab180,9ef32358-e26a-41ef-a482-da729071b1b6,c1,DROP,693,?,x12,
1769089366.2106357,FORWARDED,c5326582-18f6-4be3-9eca-c9e1f56ab180,9ef32358-e26a-41ef-a482-da729071b1b6,c1,DROP,693,?,x12,
1769089366.3525927,SENT,bbefa7f6-6936-4b8b-b333-766b52e900d7,4144a3cf-d7f2-469f-bfa6-cb057c2625dc,c3,c4,1013,?,x5,
1769089366.3526344,FORWARDED,bbefa7f6-6936-4b8b-b333-766b52e900d7,4144a3cf-d7f2-469f-bfa6-cb057c2625dc,c3,c4,1013,?,x5,
1769089366.4130244,RECEIVED,910a576e-4d4d-498a-8eba-3f706144d441,d9fbaa62-75dd-42f7-9fe9-3d04d396a9bb,c2,c3,1461,e10,?,
1769089366.46454,SENT,910a576e-4d4d-498a-8eba-3f706144d441,d9fbaa62-75dd-42f7-9fe9-3d04d396a9bb,c2,c3,1021,?,x2,
1769089366.4645827,FORWARDED,910a576e-4d4d-498a-8eba-3f706144d441,d9fbaa62-75dd-42f7-9fe9-3d04d396a9bb,c2,c3,1021,?,x2,
1769089366.7849789,RECEIVED,10dae9ad-f6a4-42ab-b8d4-ade495672631,f1f02124-84bd-4a02-b47d-ca1097496765,c1,c3,1444,e4,?,
1769089366.8146904,RECEIVED,2424e066-b045-4497-b41e-8d74c3994b66,7e2709ff-4a19-47fe-870d-2789e1a0bfee,c3,DROP,1012,e10,?,
1769089366.930592,RECEIVED,a4ce6f01-14a3-46b9-8540-5fd6f74abe27,2f48caf8-7386-412c-9c80-7a07aa95ecb1,c5,DROP,1003,e3,?,
1769089366.9923313,RECEIVED,a04294a6-9303-4683-a48c-ad0bf845137f,4389ae2d-16c4-4eaa-a4d6-ced9e7f426bb,c2,c3,1457,e10,?,
1769089367.0642552,SENT,2424e066-b045-4497-b41e-8d74c3994b66,7e2709ff-4a19-47fe-870d-2789e1a0bfee,c3,DROP,685,?,x5,
1769089367.0642974,FORWARDED,2424e066-b045-4497-b41e-8d74c3994b66,7e2709ff-4a19-47fe-870d-2789e1a0bfee,c3,DROP,685,?,x5,
1769089367.2036412,RECEIVED,ae61001e-4758-4404-a1d1-2a3c10d9ac9d,36df6a39-b543-4618-912f-111cfdfd861f,c3,DROP,1009,e4,?,
1769089367.2055845,SENT,a04294a6-9303-4683-a48c-ad0bf845137f,4389ae2d-16c4-4eaa-a4d6-ced9e7f426bb,c2,c3,1019,?,x12,
1769089367.2056234,FORWARDED,a04294a6-9303-4683-a48c-ad0bf845137f,4389ae2d-16c4-4eaa-a4d6-ced9e7f426bb,c2,c3,1019,?,x12,
1769089367.2115502,SENT,a4ce6f01-14a3-46b9-8540-5fd6f74abe27,2f48caf8-7386-412c-9c80-7a07aa95ecb1,c5,DROP,680,?,x1,
1769089367.2115924,FORWARDED,a4ce6f01-14a3-46b9-8540-5fd6f74abe27,2f48caf8-7386-412c-9c80-7a07aa95ecb1,c5,DROP,680,?,x1,
1769089367.4073756,RECEIVED,12ed1971-79fe-4053-8f86-dc9720b1f5ec,35f8f720-c89a-41fc-969a-2b3ed6c20d2e,c4,DROP,1012,e8,?,
1769089367.526444,SENT,ae61001e-4758-4404-a1d1-2a3c10d9ac9d,36df6a39-b543-4618-912f-111cfdfd861f,c3,DROP,684,?,x11,
1769089367.5264857,FORWARDED,ae61001e-4758-4404-a1d1-2a3c10d9ac9d,36df6a39-b543-4618-912f-111cfdfd861f,c3,DROP,684,?,x11,
1769089367.5918055,RECEIVED,f4fa80e8-491e-481e-8ccb-524340361d51,680bc668-fc1d-49bd-84f7-61d180f0910b,c5,c4,1452,e9,?,
1769089367.6157665,SENT,12ed1971-79fe-4053-8f86-dc9720b1f5ec,35f8f720-c89a-41fc-969a-2b3ed6c20d2e,c4,DROP,687,?,x12,
1769089367.616075,FORWARDED,12ed1971-79fe-4053-8f86-dc9720b1f5ec,35f8f720-c89a-41fc-969a-2b3ed6c20d2e,c4,DROP,687,?,x12,
1769089367.6363769,SENT,10dae9ad-f6a4-42ab-b8d4-ade495672631,f1f02124-84bd-4a02-b47d-ca1097496765,c1,c3,1011,?,x11,
1769089367.6364162,FORWARDED,10dae9ad-f6a4-42ab-b8d4-ade495672631,f1f02124-84bd-4a02-b47d-ca1097496765,c1,c3,1011,?,x11,
1769089367.9491098,SENT,f4fa80e8-491e-481e-8ccb-524340361d51,680bc668-fc1d-49bd-84f7-61d180f0910b,c5,c4,1015,?,x4,
1769089367.9491534,FORWARDED,f4fa80e8-491e-481e-8ccb-524340361d51,680bc668-fc1d-49bd-84f7-61d180f0910b,c5,c4,1015,?,x4,
1769089368.0753047,RECEIVED,b7de4a92-3c29-4755-b63a-d838f985ce96,2b15df36-72ea-4cfc-9f97-b7bae529f86e,c3,DROP,442,x2,?,
1769089368.5473824,RECEIVED,2e77e170-3b0a-4eb1-af08-722881df21b1,bf3d569a-5c1a-4690-9159-72419517016d,c2,c3,1452,e6,?,
1769089368.773238,SENT,2e77e170-3b0a-4eb1-af08-722881df21b1,bf3d569a-5c1a-4690-9159-72419517016d,c2,c3,1016,?,x5,
1769089368.7732806,FORWARDED,2e77e170-3b0a-4eb1-af08-722881df21b1,bf3d569a-5c1a-4690-9159-72419517016d,c2,c3,1016,?,x5,
1769089368.966577,RECEIVED,0060bfa0-f230-4a62-90e9-9ed5c78b0cb8,cc1a2d4f-2280-43f8-bdcb-82320491af26,c5,DROP,446,x12,?,
1769089369.0328698,RECEIVED,3f4fa717-93a5-41ec-b8ec-6e7348b70484,63ae8da0-b6f4-4b8a-9fcb-f63f9bc42648,c2,DROP,1025,e10,?,
1769089369.2107348,SENT,3f4fa717-93a5-41ec-b8ec-6e7348b70484,63ae8da0-b6f4-4b8a-9fcb-f63f9bc42648,c2,DROP,694,?,x11,
1769089369.2107759,FORWARDED,3f4fa717-93a5-41ec-b8ec-6e7348b70484,63ae8da0-b6f4-4b8a-9fcb-f63f9bc42648,c2,DROP,694,?,x11,
1769089369.293027,RECEIVED,1620ee3c-6e2c-4b0c-9f9c-f322f5366e97,08296376-34bb-4c2d-8360-cbc1731ed640,c3,c4,1467,e12,?,
1769089369.5697427,RECEIVED,fe760787-4074-465f-9db3-a51c0b92fefb,90748908-3377-44b0-b720-5a08a6314073,c4,c1,1444,e8,?,
1769089369.701755,RECEIVED,fc75b42b-51dd-4e72-b6f8-7bd34268b8e1,7cb4f64f-f329-4716-9bda-8849ac7fa8fa,c1,DROP,1007,e5,?,
1769089369.7561433,RECEIVED,cab244f7-d898-41f7-bd52-9252ca6e09f9,31596819-7b89-42aa-a227-828d1c380ffe,c4,DROP,1007,e6,?,
1769089369.8336217,RECEIVED,85cee3e7-a84d-4a27-b1c2-af4ceca65bb7,3599f124-019d-457f-ad87-d7cc1a28ebfc,c5,c4,1456,e11,?,
1769089369.836041,SENT,fe760787-4074-465f-9db3-a51c0b92fefb,90748908-3377-44b0-b720-5a08a6314073,c4,c1,1011,?,x3,
1769089369.836099,FORWARDED,fe760787-4074-465f-9db3-a51c0b92fefb,90748908-3377-44b0-b720-5a08a6314073,c4,c1,1011,?,x3,
1769089369.9892292,RECEIVED,ba498d61-02c2-4e91-887a-46a02142642d,58d6a4dc-fde5-4835-9916-dd9265f28594,c4,DROP,1008,e8,?,
1769089370.058498,SENT,fc75b42b-51dd-4e72-b6f8-7bd34268b8e1,7cb4f64f-f329-4716-9bda-8849ac7fa8fa,c1,DROP,683,?,x6,
1769089370.0585396,FORWARDED,fc75b42b-51dd-4e72-b6f8-7bd34268b8e1,7cb4f64f-f329-4716-9bda-8849ac7fa8fa,c1,DROP,683,?,x6,
1769089370.1285284,RECEIVED,13d0de52-033c-48ae-b618-c56e773785b7,ef54729f-3d29-4fbd-9b14-d6914d4e6ecd,c4,DROP,1008,e3,?,
1769089370.215705,RECEIVED,35debc45-2cc6-4fc4-acbb-dd84a2d4dcce,867a685c-9ada-4707-8a1c-e30ed6832a6e,c3,DROP,441,x12,?,
1769089370.453958,SENT,ba498d61-02c2-4e91-887a-46a02142642d,58d6a4dc-fde5-4835-9916-dd9265f28594,c4,DROP,683,?,x4,
1769089370.4539967,FORWARDED,ba498d61-02c2-4e91-887a-46a02142642d,58d6a4dc-fde5-4835-9916-dd9265f28594,c4,DROP,683,?,x4,
1769089370.557421,SENT,13d0de52-033c-48ae-b618-c56e773785b7,ef54729f-3d29-4fbd-9b14-d6914d4e6ecd,c4,DROP,684,?,x12,
1769089370.5574627,FORWARDED,13d0de52-033c-48ae-b618-c56e773785b7,ef54729f-3d29-4fbd-9b14-d6914d4e6ecd,c4,DROP,684,?,x12,
1769089370.672343,SENT,cab244f7-d898-41f7-bd52-9252ca6e09f9,31596819-7b89-42aa-a227-828d1c380ffe,c4,DROP,683,?,x1,
1769089370.6723845,FORWARDED,cab244f7-d898-41f7-bd52-9252ca6e09f9,31596819-7b89-42aa-a227-828d1c380ffe,c4,DROP,683,?,x1,
1769089370.6805317,RECEIVED,4f5a9132-72a1-4521-9062-25b1741ef96f,14815140-fa5f-41f9-9d76-78e02221390c,c4,DROP,442,x2,?,
1769089370.7363513,SENT,1620ee3c-6e2c-4b0c-9f9c-f322f5366e97,08296376-34bb-4c2d-8360-cbc1731ed640,c3,c4,1029,?,x3,
1769089370.736402,FORWARDED,1620ee3c-6e2c-4b0c-9f9c-f322f5366e97,08296376-34bb-4c2d-8360-cbc1731ed640,c3,c4,1029,?,x3,
1769089370.747604,RECEIVED,9132a153-0708-4125-9983-afb1d57236e6,744d126c-05f6-4cfa-af55-a2aaf4f8ffef,c1,DROP,1008,e2,?,
1769089371.0684314,RECEIVED,2dc03fbe-787a-466f-8397-fbdeed4c0c3f,e7e669ed-fc22-4c02-8a31-2c1649b3db8c,c2,c3,1443,e1,?,
1769089371.0886915,RECEIVED,e748b7cb-1392-425e-b05b-b17d1190a07d,d0286697-7623-4e6d-89e5-5f950c6a6d92,c1,c3,1449,e7,?,
1769089371.1429834,SENT,85cee3e7-a84d-4a27-b1c2-af4ceca65bb7,3599f124-019d-457f-ad87-d7cc1a28ebfc,c5,c4,1019,?,x11,
1769089371.1430233,FORWARDED,85cee3e7-a84d-4a27-b1c2-af4ceca65bb7,3599f124-019d-457f-ad87-d7cc1a28ebfc,c5,c4,1019,?,x11,
1769089371.1678505,SENT,e748b7cb-1392-425e-b05b-b17d1190a07d,d0286697-7623-4e6d-89e5-5f950c6a6d92,c1,c3,1014,?,x11,
1769089371.1678925,FORWARDED,e748b7cb-1392-425e-b05b-b17d1190a07d,d0286697-7623-4e6d-89e5-5f950c6a6d92,c1,c3,1014,?,x11,
1769089371.2548752,RECEIVED,a1dbe213-5b14-4754-ad9e-ea6ae8e2e281,21867ed1-0a84-4ff0-bc20-00ac1ba6fd2d,c5,DROP,1012,e12,?,
1769089371.3318217,SENT,a1dbe213-5b14-4754-ad9e-ea6ae8e2e281,21867ed1-0a84-4ff0-bc20-00ac1ba6fd2d,c5,DROP,687,?,x12,
1769089371.3318617,FORWARDED,a1dbe213-5b14-4754-ad9e-ea6ae8e2e281,21867ed1-0a84-4ff0-bc20-00ac1ba6fd2d,c5,DROP,687,?,x12,
1769089371.5121148,RECEIVED,c0c207c0-35b7-4e79-b4d1-34c67124ede7,4a1fa5cf-81d2-4882-882e-4ff9fde3938c,c4,c1,1451,e3,?,
1769089371.5632315,SENT,2dc03fbe-787a-466f-8397-fbdeed4c0c3f,e7e669ed-fc22-4c02-8a31-2c1649b3db8c,c2,c3,1011,?,x4,
1769089371.5632715,FORWARDED,2dc03fbe-787a-466f-8397-fbdeed4c0c3f,e7e669ed-fc22-4c02-8a31-2c1649b3db8c,c2,c3,1011,?,x4,
1769089371.718252,SENT,9132a153-0708-4125-9983-afb1d57236e6,744d126c-05f6-4cfa-af55-a2aaf4f8ffef,c1,DROP,684,?,x12,
1769089371.7182896,FORWARDED,9132a153-0708-4125-9983-afb1d57236e6,744d126c-05f6-4cfa-af55-a2aaf4f8ffef,c1,DROP,684,?,x12,
1769089371.9192727,RECEIVED,d1ab7a85-5175-45c1-9448-25a110f94c8b,66062c73-1ea3-4994-95fc-37b752acfc5d,c2,c3,1451,e5,?,
1769089372.1095169,SENT,c0c207c0-35b7-4e79-b4d1-34c67124ede7,4a1fa5cf-81d2-4882-882e-4ff9fde3938c,c4,c1,1016,?,x4,
1769089372.1095562,FORWARDED,c0c207c0-35b7-4e79-b4d1-34c67124ede7,4a1fa5cf-81d2-4882-882e-4ff9fde3938c,c4,c1,1016,?,x4,
1769089372.258298,RECEIVED,765ffe31-3c9e-4ee1-a1fd-6f8cffb4bbb4,b9303218-46f3-410a-8dfd-382310ac984c,c3,DROP,1012,e3,?,
1769089372.378467,RECEIVED,c2be6bb5-398f-468d-9110-3494db1f2e0a,4c383182-30c0-45c7-89ba-7ca53c644a9a,c4,c1,1452,e10,?,
1769089372.4675918,SENT,765ffe31-3c9e-4ee1-a1fd-6f8cffb4bbb4,b9303218-46f3-410a-8dfd-382310ac984c,c3,DROP,687,?,x6,
1769089372.467632,FORWARDED,765ffe31-3c9e-4ee1-a1fd-6f8cffb4bbb4,b9303218-46f3-410a-8dfd-382310ac984c,c3,DROP,687,?,x6,
1769089372.5303185,SENT,c2be6bb5-398f-468d-9110-3494db1f2e0a,4c383182-30c0-45c7-89ba-7ca53c644a9a,c4,c1,1016,?,x4,
1769089372.5303714,FORWARDED,c2be6bb5-398f-468d-9110-3494db1f2e0a,4c383182-30c0-45c7-89ba-7ca53c644a9a,c4,c1,1016,?,x4,
1769089372.6380281,RECEIVED,aac2e9ae-f902-4c1e-b8d1-92bbf5786696,062ae793-5c28-4bcc-b020-e7004c61dfd9,c4,DROP,1007,e2,?,
1769089372.783489,SENT,d1ab7a85-5175-45c1-9448-25a110f94c8b,66062c73-1ea3-4994-95fc-37b752acfc5d,c2,c3,1015,?,x5,
1769089372.7835305,FORWARDED,d1ab7a85-5175-45c1-9448-25a110f94c8b,66062c73-1ea3-4994-95fc-37b752acfc5d,c2,c3,1015,?,x5,
1769089372.8151076,RECEIVED,dabfab07-7907-4269-8f6d-566344a8c30e,9e9e39ac-e64a-4639-a951-9aa328607d0b,c1,DROP,441,x2,?,
1769089372.8778305,RECEIVED,498badc5-dfc8-4415-bea9-b731c09db5cf,4a67ef1c-371d-43af-8c2e-2fe7d201324d,c2,DROP,441,x6,?,
1769089373.1051826,SENT,aac2e9ae-f902-4c1e-b8d1-92bbf5786696,062ae793-5c28-4bcc-b020-e7004c61dfd9,c4,DROP,683,?,x1,
1769089373.105223,FORWARDED,aac2e9ae-f902-4c1e-b8d1-92bbf5786696,062ae793-5c28-4bcc-b020-e7004c61dfd9,c4,DROP,683,?,x1,
1769089373.401004,RECEIVED,27c4efaf-5965-4440-b2ea-8451b396f8c7,83047841-1003-4355-9265-866800b5f5dc,c4,DROP,1011,e10,?,
1769089373.4918077,RECEIVED,09696fe5-685e-40ec-bca2-d104380fe710,dab8c23d-0019-4b11-b9cc-c99f3f4e7207,c1,c3,1456,e5,?,
1769089373.573857,SENT,09696fe5-685e-40ec-bca2-d104380fe710,dab8c23d-0019-4b11-b9cc-c99f3f4e7207,c1,c3,1019,?,x3,
1769089373.573912,FORWARDED,09696fe5-685e-40ec-bca2-d104380fe710,dab8c23d-0019-4b11-b9cc-c99f3f4e7207,c1,c3,1019,?,x3,
1769089373.6032264,RECEIVED,0451a724-8317-421b-aefa-26da2ce76f41,94da5eaa-6ec7-406a-8c6a-81e085012172,c1,c3,1460,e11,?,
1769089373.755572,RECEIVED,fa6888a2-9c3f-4e36-b240-76317a5e8bde,b769232f-9872-4448-88d1-7ddc94474ef6,c1,DROP,1011,e9,?,
1769089373.90487,RECEIVED,04eabd67-dfe4-4a6c-b462-bc2c32e85d92,f942b41c-03bd-4df5-a116-b6e7a59aa47f,c4,c1,1452,e6,?,
1769089373.9072688,SENT,27c4efaf-5965-4440-b2ea-8451b396f8c7,83047841-1003-4355-9265-866800b5f5dc,c4,DROP,686,?,x2,
1769089373.9073093,FORWARDED,27c4efaf-5965-4440-b2ea-8451b396f8c7,83047841-1003-4355-9265-866800b5f5dc,c4,DROP,686,?,x2,
1769089373.9834776,SENT,04eabd67-dfe4-4a6c-b462-bc2c32e85d92,f942b41c-03bd-4df5-a116-b6e7a59aa47f,c4,c1,1016,?,x8,
1769089373.9835188,FORWARDED,04eabd67-dfe4-4a6c-b462-bc2c32e85d92,f942b41c-03bd-4df5-a116-b6e7a59aa47f,c4,c1,1016,?,x8,
1769089373.992541,RECEIVED,45d7e024-5967-4b1c-befd-2df4f123cc4b,9ae733a8-897f-47ea-9f70-eefa6768794e,c3,c4,1452,e12,?,
1769089374.0410728,RECEIVED,f0c5d1f3-de16-4c73-8fc5-7da32619cbb5,174dfd1b-a030-45ef-b9af-8ecb4c924307,c1,DROP,1011,e1,?,
1769089374.1808317,SENT,45d7e024-5967-4b1c-befd-2df4f123cc4b,9ae733a8-897f-47ea-9f70-eefa6768794e,c3,c4,1015,?,x1,
1769089374.1808739,FORWARDED,45d7e024-5967-4b1c-befd-2df4f123cc4b,9ae733a8-897f-47ea-9f70-eefa6768794e,c3,c4,1015,?,x1,
1769089374.2858953,SENT,fa6888a2-9c3f-4e36-b240-76317a5e8bde,b769232f-9872-4448-88d1-7ddc94474ef6,c1,DROP,687,?,x7,
1769089374.2859366,FORWARDED,fa6888a2-9c3f-4e36-b240-76317a5e8bde,b769232f-9872-4448-88d1-7ddc94474ef6,c1,DROP,687,?,x7,
1769089374.3152626,SENT,f0c5d1f3-de16-4c73-8fc5-7da32619cbb5,174dfd1b-a030-45ef-b9af-8ecb4c924307,c1,DROP,685,?,x1,
1769089374.3153043,FORWARDED,f0c5d1f3-de16-4c73-8fc5-7da32619cbb5,174dfd1b-a030-45ef-b9af-8ecb4c924307,c1,DROP,685,?,x1,
1769089374.3285356,RECEIVED,2419378e-a6a6-40b5-bc67-94fa81cd81e0,e0645caf-77af-495c-9037-0d7dcccab9e3,c2,DROP,1016,e7,?,
1769089374.3509822,RECEIVED,e12e82ce-e68c-4abf-b4ab-0447cce5cfdb,3b26e67a-ca69-412f-bc28-1edf823e16c1,c3,DROP,1016,e12,?,
1769089374.417126,SENT,2419378e-a6a6-40b5-bc67-94fa81cd81e0,e0645caf-77af-495c-9037-0d7dcccab9e3,c2,DROP,688,?,x9,
1769089374.4171598,FORWARDED,2419378e-a6a6-40b5-bc67-94fa81cd81e0,e0645caf-77af-495c-9037-0d7dcccab9e3,c2,DROP,688,?,x9,
1769089374.4671998,RECEIVED,ed5cd07b-d69c-4615-b508-34346cedee8e,dac0db38-791e-4229-8646-e39ccfaed5fd,c2,c3,1443,e5,?,
1769089374.5148234,RECEIVED,fd520380-a06f-499a-9045-a4eb1fe2fe93,403f11e5-c0e7-4724-acf3-229ef2c251e1,c2,DROP,441,x8,?,
1769089374.7584748,SENT,0451a724-8317-421b-aefa-26da2ce76f41,94da5eaa-6ec7-406a-8c6a-81e085012172,c1,c3,1023,?,x11,
1769089374.7585142,FORWARDED,0451a724-8317-421b-aefa-26da2ce76f41,94da5eaa-6ec7-406a-8c6a-81e085012172,c1,c3,1023,?,x11,
1769089374.8004358,RECEIVED,e6ad3abb-2a34-43b1-b0aa-5f42f4f1438f,edb9e26c-1944-49de-841f-a8426891f723,c4,DROP,1012,e10,?,
1769089374.8026025,SENT,ed5cd07b-d69c-4615-b508-34346cedee8e,dac0db38-791e-4229-8646-e39ccfaed5fd,c2,c3,1011,?,x4,
1769089374.8026426,FORWARDED,ed5cd07b-d69c-4615-b508-34346cedee8e,dac0db38-791e-4229-8646-e39ccfaed5fd,c2,c3,1011,?,x4,
1769089374.946335,RECEIVED,018985df-feba-498f-aaee-4549fd037e63,375e7f07-1565-40a1-bd37-46e4f953eeb9,c2,c3,1462,e6,?,
1769089374.969226,SENT,e12e82ce-e68c-4abf-b4ab-0447cce5cfdb,3b26e67a-ca69-412f-bc28-1edf823e16c1,c3,DROP,688,?,x11,
1769089374.9692686,FORWARDED,e12e82ce-e68c-4abf-b4ab-0447cce5cfdb,3b26e67a-ca69-412f-bc28-1edf823e16c1,c3,DROP,688,?,x11,
1769089374.9904037,SENT,018985df-feba-498f-aaee-4549fd037e63,375e7f07-1565-40a1-bd37-46e4f953eeb9,c2,c3,1023,?,x11,
1769089374.990445,FORWARDED,018985df-feba-498f-aaee-4549fd037e63,375e7f07-1565-40a1-bd37-46e4f953eeb9,c2,c3,1023,?,x11,
1769089375.189536,RECEIVED,b78fa83b-ded9-4cba-8842-dae0991682ea,c1b25e2e-fd83-4efd-a31e-cf7b3f07ce15,c1,DROP,1012,e2,?,
1769089375.284592,SENT,e6ad3abb-2a34-43b1-b0aa-5f42f4f1438f,edb9e26c-1944-49de-841f-a8426891f723,c4,DROP,687,?,x6,
1769089375.284646,FORWARDED,e6ad3abb-2a34-43b1-b0aa-5f42f4f1438f,edb9e26c-1944-49de-841f-a8426891f723,c4,DROP,687,?,x6,
1769089375.4224653,SENT,b78fa83b-ded9-4cba-8842-dae0991682ea,c1b25e2e-fd83-4efd-a31e-cf7b3f07ce15,c1,DROP,685,?,x2,
1769089375.4225066,FORWARDED,b78fa83b-ded9-4cba-8842-dae0991682ea,c1b25e2e-fd83-4efd-a31e-cf7b3f07ce15,c1,DROP,685,?,x2,
1769089375.5084581,RECEIVED,eb1e00ab-ca75-4097-914f-013d907049f8,e3951304-60a9-4e27-a77c-4e0306609a56,c4,c1,1452,e7,?,
1769089375.57001,RECEIVED,cb047154-29ac-452b-aee1-43b7fb86c1a5,7726091e-e4f5-44c9-ad14-6a0e8d531287,c4,DROP,442,x12,?,
1769089375.722141,RECEIVED,03fd127a-1318-41e7-99d8-16098c84b015,350db6f6-2838-4ca5-955f-efff7ddc9988,c5,c4,1451,e8,?,
1769089375.7748344,RECEIVED,3af63c5d-1787-449f-9975-79e864c44018,f1518d1d-16e4-4000-8aba-62fac9fc0afc,c5,c4,1449,e2,?,
1769089375.8720207,RECEIVED,1900d603-db76-4430-ba4b-345a8ecc3c2b,e3148896-b15b-4e4b-b184-a85ae3dbff30,c5,DROP,1011,e4,?,
1769089375.9523737,RECEIVED,3f4c1d83-e97e-4151-8f2c-391fa47003ce,c70e2168-6843-4b09-a97e-aa355688c121,c4,c1,1449,e7,?,
1769089375.9960794,SENT,3af63c5d-1787-449f-9975-79e864c44018,f1518d1d-16e4-4000-8aba-62fac9fc0afc,c5,c4,1012,?,x12,
1769089375.9961243,FORWARDED,3af63c5d-1787-449f-9975-79e864c44018,f1518d1d-16e4-4000-8aba-62fac9fc0afc,c5,c4,1012,?,x12,
1769089375.9991293,SENT,03fd127a-1318-41e7-99d8-16098c84b015,350db6f6-2838-4ca5-955f-efff7ddc9988,c5,c4,1016,?,x5,
1769089375.9991698,FORWARDED,03fd127a-1318-41e7-99d8-16098c84b015,350db6f6-2838-4ca5-955f-efff7ddc9988,c5,c4,1016,?,x5,
1769089376.1271753,SENT,3f4c1d83-e97e-4151-8f2c-391fa47003ce,c70e2168-6843-4b09-a97e-aa355688c121,c4,c1,1014,?,x10,
1769089376.1272163,FORWARDED,3f4c1d83-e97e-4151-8f2c-391fa47003ce,c70e2168-6843-4b09-a97e-aa355688c121,c4,c1,1014,?,x10,
1769089376.192981,RECEIVED,2f009cd0-f6cd-4cf3-ad5c-253a538d1976,5a082eeb-9310-4e90-8d13-230ca1e1a4a5,c2,DROP,1013,e7,?,
1769089376.245647,SENT,2f009cd0-f6cd-4cf3-ad5c-253a538d1976,5a082eeb-9310-4e90-8d13-230ca1e1a4a5,c2,DROP,687,?,x12,
1769089376.2456877,FORWARDED,2f009cd0-f6cd-4cf3-ad5c-253a538d1976,5a082eeb-9310-4e90-8d13-230ca1e1a4a5,c2,DROP,687,?,x12,
1769089376.2856152,RECEIVED,1297d0d6-73bb-450b-9b76-4ff3f2280a7e,633a7dca-12ed-46c9-aff5-9f625a48d632,c4,DROP,1014,e11,?,
1769089376.4471867,SENT,1297d0d6-73bb-450b-9b76-4ff3f2280a7e,633a7dca-12ed-46c9-aff5-9f625a48d632,c4,DROP,688,?,x1,
1769089376.4472694,FORWARDED,1297d0d6-73bb-450b-9b76-4ff3f2280a7e,633a7dca-12ed-46c9-aff5-9f625a48d632,c4,DROP,688,?,x1,
1769089376.4473548,RECEIVED,ff6d567c-6cfe-4f10-afa7-8766ad01306f,0ec18fa1-db7d-486d-98c6-c5236bfdac02,c3,DROP,1016,e2,?,
1769089376.509925,RECEIVED,5e884824-4e2d-413e-a682-54343f861fda,cb92b283-c282-4e29-9cc3-fa424b7e9965,c3,c4,1444,e6,?,
1769089376.5282168,RECEIVED,3bb58cd3-f9a6-4ccd-8be7-3508922120b3,f69544fe-fc7e-4eaa-9f6a-477f43d40884,c5,DROP,1003,e5,?,
1769089376.5417843,RECEIVED,1b39f183-71e7-44ea-994f-a66d56ce4114,1c72f461-aaba-4b96-a389-3aef33be618b,c4,DROP,1009,e5,?,
1769089376.5714002,SENT,1b39f183-71e7-44ea-994f-a66d56ce4114,1c72f461-aaba-4b96-a389-3aef33be618b,c4,DROP,683,?,x8,
1769089376.5714436,FORWARDED,1b39f183-71e7-44ea-994f-a66d56ce4114,1c72f461-aaba-4b96-a389-3aef33be618b,c4,DROP,683,?,x8,
1769089376.6875286,SENT,5e884824-4e2d-413e-a682-54343f861fda,cb92b283-c282-4e29-9cc3-fa424b7e9965,c3,c4,1011,?,x4,
1769089376.6875618,FORWARDED,5e884824-4e2d-413e-a682-54343f861fda,cb92b283-c282-4e29-9cc3-fa424b7e9965,c3,c4,1011,?,x4,
1769089376.754018,SENT,ff6d567c-6cfe-4f10-afa7-8766ad01306f,0ec18fa1-db7d-486d-98c6-c5236bfdac02,c3,DROP,688,?,x6,
1769089376.7540703,FORWARDED,ff6d567c-6cfe-4f10-afa7-8766ad01306f,0ec18fa1-db7d-486d-98c6-c5236bfdac02,c3,DROP,688,?,x6,
1769089376.9365819,SENT,1900d603-db76-4430-ba4b-345a8ecc3c2b,e3148896-b15b-4e4b-b184-a85ae3dbff30,c5,DROP,687,?,x9,
1769089376.936622,FORWARDED,1900d603-db76-4430-ba4b-345a8ecc3c2b,e3148896-b15b-4e4b-b184-a85ae3dbff30,c5,DROP,687,?,x9,
1769089377.0623703,RECEIVED,b4b54c66-fec0-4569-bdc1-54eb6cc83637,e47fa4c3-c134-4649-a99a-7a743c601400,c1,c3,1451,e2,?,
1769089377.1251173,RECEIVED,16c21f5a-ff6a-4181-8939-56b6eaeed11e,e1ec15a7-f2fd-4d58-91a3-a6ca959c0fa0,c1,c3,1454,e8,?,
1769089377.1517057,RECEIVED,22fd1d1b-e64a-4744-a039-12e8a2958f9d,8be7dc8f-f2ea-400e-989a-771965eb2a23,c5,c4,1451,e10,?,
1769089377.4388711,SENT,eb1e00ab-ca75-4097-914f-013d907049f8,e3951304-60a9-4e27-a77c-4e0306609a56,c4,c1,1016,?,x10,
1769089377.4389126,FORWARDED,eb1e00ab-ca75-4097-914f-013d907049f8,e3951304-60a9-4e27-a77c-4e0306609a56,c4,c1,1016,?,x10,
1769089377.5692182,SENT,b4b54c66-fec0-4569-bdc1-54eb6cc83637,e47fa4c3-c134-4649-a99a-7a743c601400,c1,c3,1016,?,x4,
1769089377.5692613,FORWARDED,b4b54c66-fec0-4569-bdc1-54eb6cc83637,e47fa4c3-c134-4649-a99a-7a743c601400,c1,c3,1016,?,x4,
1769089377.6076815,RECEIVED,5f6fcc77-c46d-46ec-9c2a-296e2431ac62,75d74e3f-554c-4211-b029-c8d997687043,c3,c4,1456,e3,?,
1769089377.615888,RECEIVED,b98933f8-7a28-4d92-a12d-71bc84c24567,83bf982a-2199-499c-97d6-e4d494b5ae3e,c1,DROP,1008,e5,?,
1769089377.6529725,SENT,22fd1d1b-e64a-4744-a039-12e8a2958f9d,8be7dc8f-f2ea-400e-989a-771965eb2a23,c5,c4,1016,?,x5,
1769089377.6530123,FORWARDED,22fd1d1b-e64a-4744-a039-12e8a2958f9d,8be7dc8f-f2ea-400e-989a-771965eb2a23,c5,c4,1016,?,x5,
1769089377.747534,RECEIVED,8e3e75d4-3109-4dfd-9eb2-54aa5473e5a9,cab3a0f5-d50f-432f-b74c-13f453a3c436,c1,DROP,1007,e10,?,
1769089377.8242402,SENT,b98933f8-7a28-4d92-a12d-71bc84c24567,83bf982a-2199-499c-97d6-e4d494b5ae3e,c1,DROP,683,?,x1,
1769089377.8242831,FORWARDED,b98933f8-7a28-4d92-a12d-71bc84c24567,83bf982a-2199-499c-97d6-e4d494b5ae3e,c1,DROP,683,?,x1,
1769089378.08931,RECEIVED,1a8ec6b2-e592-4ea7-8d8f-abfb03134651,fe0ee0f0-bb47-4218-b605-79ce3bd56abb,c5,DROP,444,x8,?,
1769089378.1187956,SENT,3bb58cd3-f9a6-4ccd-8be7-3508922120b3,f69544fe-fc7e-4eaa-9f6a-477f43d40884,c5,DROP,679,?,x2,
1769089378.1188352,FORWARDED,3bb58cd3-f9a6-4ccd-8be7-3508922120b3,f69544fe-fc7e-4eaa-9f6a-477f43d40884,c5,DROP,679,?,x2,
1769089378.174451,SENT,5f6fcc77-c46d-46ec-9c2a-296e2431ac62,75d74e3f-554c-4211-b029-c8d997687043,c3,c4,1019,?,x11,
1769089378.1744924,FORWARDED,5f6fcc77-c46d-46ec-9c2a-296e2431ac62,75d74e3f-554c-4211-b029-c8d997687043,c3,c4,1019,?,x11,
1769089378.277607,RECEIVED,2aa362e1-9b26-475a-8a7a-4d69356efc6e,1fe89e5e-6ef1-4e71-b704-03cf7e930610,c1,c3,1464,e7,?,
1769089378.3143737,SENT,16c21f5a-ff6a-4181-8939-56b6eaeed11e,e1ec15a7-f2fd-4d58-91a3-a6ca959c0fa0,c1,c3,1019,?,x6,
1769089378.3144128,FORWARDED,16c21f5a-ff6a-4181-8939-56b6eaeed11e,e1ec15a7-f2fd-4d58-91a3-a6ca959c0fa0,c1,c3,1019,?,x6,
1769089378.5013602,RECEIVED,3c1bfadf-2b43-484c-9b50-cb0d4acd63d7,1110a55f-3f4d-4aa7-a490-7a76833d323a,c4,c1,1444,e6,?,
1769089378.556956,RECEIVED,d15a4a2b-7cf0-4ecc-9053-813801943557,2c555499-6de8-4cdc-b707-b3ef868c8e4f,c4,DROP,1012,e5,?,
1769089378.7457972,SENT,3c1bfadf-2b43-484c-9b50-cb0d4acd63d7,1110a55f-3f4d-4aa7-a490-7a76833d323a,c4,c1,1011,?,x9,
1769089378.7458372,FORWARDED,3c1bfadf-2b43-484c-9b50-cb0d4acd63d7,1110a55f-3f4d-4aa7-a490-7a76833d323a,c4,c1,1011,?,x9,
1769089379.0198054,SENT,8e3e75d4-3109-4dfd-9eb2-54aa5473e5a9,cab3a0f5-d50f-432f-b74c-13f453a3c436,c1,DROP,684,?,x7,
1769089379.0198443,FORWARDED,8e3e75d4-3109-4dfd-9eb2-54aa5473e5a9,cab3a0f5-d50f-432f-b74c-13f453a3c436,c1,DROP,684,?,x7,
1769089379.1252694,RECEIVED,c91091c0-1c65-4203-b3d2-477b77fc28f6,90697686-6f99-40f4-927d-bc4b3efd7e4b,c2,DROP,441,x11,?,
1769089379.1863573,RECEIVED,d0d9af40-059f-4799-83e4-801ad22a1de6,fdd4396b-1ea1-4ec1-8e67-004e8ce9669a,c3,DROP,1015,e3,?,
1769089379.21531,RECEIVED,64ac5905-247f-4ccd-8499-746e12f399ad,165e63a2-aa2e-4497-8c3b-211595009d42,c3,c4,1442,e12,?,
1769089379.7432332,SENT,2aa362e1-9b26-475a-8a7a-4d69356efc6e,1fe89e5e-6ef1-4e71-b704-03cf7e930610,c1,c3,1024,?,x10,
1769089379.7432854,FORWARDED,2aa362e1-9b26-475a-8a7a-4d69356efc6e,1fe89e5e-6ef1-4e71-b704-03cf7e930610,c1,c3,1024,?,x10,
1769089379.7456424,RECEIVED,b8da0d00-c873-4793-b508-334a47a9e026,f2d62d95-e813-403e-9d9e-7461f516c30c,c1,c3,1457,e8,?,
1769089379.8355303,RECEIVED,336775f9-5f90-453e-a3d2-a1c3d878d3d9,038af219-fb2d-48f5-86d4-c150f4d77e01,c1,c3,1452,e3,?,
1769089379.8642814,SENT,b8da0d00-c873-4793-b508-334a47a9e026,f2d62d95-e813-403e-9d9e-7461f516c30c,c1,c3,1019,?,x11,
1769089379.8646054,FORWARDED,b8da0d00-c873-4793-b508-334a47a9e026,f2d62d95-e813-403e-9d9e-7461f516c30c,c1,c3,1019,?,x11,
1769089379.9426982,SENT,336775f9-5f90-453e-a3d2-a1c3d878d3d9,038af219-fb2d-48f5-86d4-c150f4d77e01,c1,c3,1015,?,x9,
1769089379.9427338,FORWARDED,336775f9-5f90-453e-a3d2-a1c3d878d3d9,038af219-fb2d-48f5-86d4-c150f4d77e01,c1,c3,1015,?,x9,
1769089379.9449039,RECEIVED,8f9aa172-e4dd-434a-b50b-20640ff67b3a,b49ff465-79e2-4e1b-9357-745a38be81c7,c2,DROP,1011,e6,?,
1769089379.9925284,SENT,d15a4a2b-7cf0-4ecc-9053-813801943557,2c555499-6de8-4cdc-b707-b3ef868c8e4f,c4,DROP,687,?,x10,
1769089379.9925687,FORWARDED,d15a4a2b-7cf0-4ecc-9053-813801943557,2c555499-6de8-4cdc-b707-b3ef868c8e4f,c4,DROP,687,?,x10,
1769089379.9984598,SENT,64ac5905-247f-4ccd-8499-746e12f399ad,165e63a2-aa2e-4497-8c3b-211595009d42,c3,c4,1011,?,x1,
1769089379.9985018,FORWARDED,64ac5905-247f-4ccd-8499-746e12f399ad,165e63a2-aa2e-4497-8c3b-211595009d42,c3,c4,1011,?,x1,
1769089380.0187192,RECEIVED,fbbe401f-9bf9-437a-af83-e4b87ba45da8,684717c2-7ca1-4370-a1fd-f982e829dca0,c4,DROP,1012,e6,?,
1769089380.0665753,RECEIVED,7e137ebb-5768-4f3c-a2b7-78ff051caf46,5b636ed1-9030-4408-a84c-9e3a01e8a774,c1,DROP,1011,e8,?,
1769089380.1026297,SENT,fbbe401f-9bf9-437a-af83-e4b87ba45da8,684717c2-7ca1-4370-a1fd-f982e829dca0,c4,DROP,687,?,x8,
1769089380.1026685,FORWARDED,fbbe401f-9bf9-437a-af83-e4b87ba45da8,684717c2-7ca1-4370-a1fd-f982e829dca0,c4,DROP,687,?,x8,
1769089380.2094305,SENT,d0d9af40-059f-4799-83e4-801ad22a1de6,fdd4396b-1ea1-4ec1-8e67-004e8ce9669a,c3,DROP,688,?,x6,
1769089380.2094743,FORWARDED,d0d9af40-059f-4799-83e4-801ad22a1de6,fdd4396b-1ea1-4ec1-8e67-004e8ce9669a,c3,DROP,688,?,x6,
1769089380.2222736,SENT,8f9aa172-e4dd-434a-b50b-20640ff67b3a,b49ff465-79e2-4e1b-9357-745a38be81c7,c2,DROP,687,?,x1,
1769089380.2223167,FORWARDED,8f9aa172-e4dd-434a-b50b-20640ff67b3a,b49ff465-79e2-4e1b-9357-745a38be81c7,c2,DROP,687,?,x1,
1769089380.4561725,SENT,7e137ebb-5768-4f3c-a2b7-78ff051caf46,5b636ed1-9030-4408-a84c-9e3a01e8a774,c1,DROP,687,?,x3,
1769089380.4562197,FORWARDED,7e137ebb-5768-4f3c-a2b7-78ff051caf46,5b636ed1-9030-4408-a84c-9e3a01e8a774,c1,DROP,687,?,x3,
1769089380.760953,RECEIVED,b2f8c6e9-e994-4fd9-9f0b-9dfeb17953bd,ef02a89b-1216-455e-ace0-8fb172c54bbb,c5,DROP,1007,e4,?,
1769089380.775781,RECEIVED,920381d7-23c3-41fd-8ee6-7749ffc089e3,3df40d28-50b1-4d82-8590-6f86e7197f6b,c2,c3,1452,e9,?,
1769089380.780862,RECEIVED,7658eb63-a7bb-40de-8edb-7949c934442a,4085a5f7-ecd1-43a9-aea7-32e76f6c8950,c2,DROP,1009,e1,?,
1769089380.7846332,RECEIVED,382a4a90-9d35-419f-b143-66a03cafdc39,a1d1937d-2c76-4ee8-854b-132c1eb747e8,c4,DROP,446,x10,?,
1769089380.8573477,RECEIVED,1d11be40-c9e0-4416-ab45-51e9d35fcc68,0a0bc4a6-0f83-4039-855d-4af153daa967,c1,DROP,1008,e3,?,
1769089380.896008,SENT,7658eb63-a7bb-40de-8edb-7949c934442a,4085a5f7-ecd1-43a9-aea7-32e76f6c8950,c2,DROP,684,?,x10,
1769089380.8960574,FORWARDED,7658eb63-a7bb-40de-8edb-7949c934442a,4085a5f7-ecd1-43a9-aea7-32e76f6c8950,c2,DROP,684,?,x10,
1769089381.0555527,SENT,920381d7-23c3-41fd-8ee6-7749ffc089e3,3df40d28-50b1-4d82-8590-6f86e7197f6b,c2,c3,1016,?,x1,
1769089381.055595,FORWARDED,920381d7-23c3-41fd-8ee6-7749ffc089e3,3df40d28-50b1-4d82-8590-6f86e7197f6b,c2,c3,1016,?,x1,
1769089381.1757898,RECEIVED,670ebb40-8f2f-43b8-b147-704394c5224e,6518592a-4916-4218-9c92-eece5a94819f,c2,DROP,1016,e2,?,
1769089381.304678,SENT,670ebb40-8f2f-43b8-b147-704394c5224e,6518592a-4916-4218-9c92-eece5a94819f,c2,DROP,688,?,x9,
1769089381.3047202,FORWARDED,670ebb40-8f2f-43b8-b147-704394c5224e,6518592a-4916-4218-9c92-eece5a94819f,c2,DROP,688,?,x9,
1769089381.3430908,SENT,b2f8c6e9-e994-4fd9-9f0b-9dfeb17953bd,ef02a89b-1216-455e-ace0-8fb172c54bbb,c5,DROP,683,?,x3,
1769089381.3431325,FORWARDED,b2f8c6e9-e994-4fd9-9f0b-9dfeb17953bd,ef02a89b-1216-455e-ace0-8fb172c54bbb,c5,DROP,683,?,x3,
1769089381.4989045,SENT,1d11be40-c9e0-4416-ab45-51e9d35fcc68,0a0bc4a6-0f83-4039-855d-4af153daa967,c1,DROP,683,?,x12,
1769089381.4989433,FORWARDED,1d11be40-c9e0-4416-ab45-51e9d35fcc68,0a0bc4a6-0f83-4039-855d-4af153daa967,c1,DROP,683,?,x12,
1769089381.732061,RECEIVED,f2ba58ca-2cae-4253-8696-08c8a28e4dd2,06a54567-0ddd-4ec6-a4c5-aa86276314a1,c1,DROP,1011,e4,?,
1769089381.8539739,SENT,f2ba58ca-2cae-4253-8696-08c8a28e4dd2,06a54567-0ddd-4ec6-a4c5-aa86276314a1,c1,DROP,687,?,x7,
1769089381.8540158,FORWARDED,f2ba58ca-2cae-4253-8696-08c8a28e4dd2,06a54567-0ddd-4ec6-a4c5-aa86276314a1,c1,DROP,687,?,x7,
1769089382.023926,RECEIVED,3685f6b9-ae9a-498c-8ed1-1771d091cbfa,46f8c2a8-9f82-4519-9ca7-ca577da73f96,c1,DROP,1008,e7,?,
1769089382.0538535,SENT,3685f6b9-ae9a-498c-8ed1-1771d091cbfa,46f8c2a8-9f82-4519-9ca7-ca577da73f96,c1,DROP,683,?,x3,
1769089382.053915,FORWARDED,3685f6b9-ae9a-498c-8ed1-1771d091cbfa,46f8c2a8-9f82-4519-9ca7-ca577da73f96,c1,DROP,683,?,x3,
1769089382.148083,RECEIVED,8b55b3e5-b8ee-4265-9b24-2f56235bef0a,9448fae9-9297-4092-ad93-c5c29a8ab619,c2,c3,1447,e10,?,
1769089382.1585248,RECEIVED,9b71c82e-0edf-4e74-95ca-e9dccd315b21,057f3af2-d6fc-4613-9446-86156b2431ec,c4,DROP,1011,e9,?,
1769089382.1966188,RECEIVED,92499725-5c19-497e-ba87-e9aed0399071,38f05851-bd7f-44f9-9b1c-2a05f659cb9b,c3,c4,1456,e6,?,
1769089382.3141818,RECEIVED,0c2af15e-04be-4b2a-aae2-4b2cdf9c9608,23cc0115-2a90-4ca4-a72b-bfb27b66f459,c5,DROP,1012,e11,?,
1769089382.4379413,SENT,92499725-5c19-497e-ba87-e9aed0399071,38f05851-bd7f-44f9-9b1c-2a05f659cb9b,c3,c4,1019,?,x12,
1769089382.4379828,FORWARDED,92499725-5c19-497e-ba87-e9aed0399071,38f05851-bd7f-44f9-9b1c-2a05f659cb9b,c3,c4,1019,?,x12,
1769089382.5565193,SENT,0c2af15e-04be-4b2a-aae2-4b2cdf9c9608,23cc0115-2a90-4ca4-a72b-bfb27b66f459,c5,DROP,687,?,x6,
1769089382.5565617,FORWARDED,0c2af15e-04be-4b2a-aae2-4b2cdf9c9608,23cc0115-2a90-4ca4-a72b-bfb27b66f459,c5,DROP,687,?,x6,
1769089382.627127,SENT,9b71c82e-0edf-4e74-95ca-e9dccd315b21,057f3af2-d6fc-4613-9446-86156b2431ec,c4,DROP,687,?,x6,
1769089382.627175,FORWARDED,9b71c82e-0edf-4e74-95ca-e9dccd315b21,057f3af2-d6fc-4613-9446-86156b2431ec,c4,DROP,687,?,x6,
1769089382.6840026,SENT,8b55b3e5-b8ee-4265-9b24-2f56235bef0a,9448fae9-9297-4092-ad93-c5c29a8ab619,c2,c3,1012,?,x6,
1769089382.684044,FORWARDED,8b55b3e5-b8ee-4265-9b24-2f56235bef0a,9448fae9-9297-4092-ad93-c5c29a8ab619,c2,c3,1012,?,x6,
1769089382.919533,RECEIVED,cb98e45c-aa1c-4f21-8803-e14734d4d871,7ab698eb-14b6-4345-badc-4db930524164,c1,c3,1447,e9,?,
1769089383.2605815,SENT,cb98e45c-aa1c-4f21-8803-e14734d4d871,7ab698eb-14b6-4345-badc-4db930524164,c1,c3,1014,?,x7,
1769089383.260621,FORWARDED,cb98e45c-aa1c-4f21-8803-e14734d4d871,7ab698eb-14b6-4345-badc-4db930524164,c1,c3,1014,?,x7,
1769089383.2645578,RECEIVED,b1d08dc3-d6b0-4775-8011-c053a69bdeb0,817dc772-3a45-404e-bb77-6e6120579a2a,c5,DROP,442,x5,?,
1769089383.3616247,RECEIVED,5ac07f1f-b754-45be-bc80-7b69e3745f3a,8dc1721c-5600-485f-ae79-830522870bf9,c5,c4,1452,e9,?,
1769089383.4316347,SENT,5ac07f1f-b754-45be-bc80-7b69e3745f3a,8dc1721c-5600-485f-ae79-830522870bf9,c5,c4,1015,?,x3,
1769089383.4316769,FORWARDED,5ac07f1f-b754-45be-bc80-7b69e3745f3a,8dc1721c-5600-485f-ae79-830522870bf9,c5,c4,1015,?,x3,
1769089383.6316938,RECEIVED,df111c04-206f-4b89-bae4-154e985b57ad,34c0d86a-56ce-40ed-9908-86452422caaf,c2,DROP,1011,e8,?,
1769089383.9353385,RECEIVED,682cc55a-81a0-44c3-a03d-92bd0907c31a,8f423057-04a3-49f3-af64-fcacf386c4e9,c5,DROP,1008,e2,?,
1769089383.9594183,RECEIVED,0c34e5d7-3eff-4c01-8286-c75f54415eb2,5796a557-e233-4e0c-b530-a5f720c04a54,c5,c4,1451,e8,?,
1769089383.9644532,RECEIVED,8bd8c24e-8050-4e17-a932-39880f531280,c766fa8b-2aa5-4a98-8605-8d9c9da11436,c4,c1,1461,e1,?,
1769089384.0333805,RECEIVED,455cd9d4-3c18-410f-8b26-7e3799d7c1b2,280db6c3-548f-4ca3-a3d8-6ab700cc7f92,c4,c1,1448,e9,?,
1769089384.0402622,SENT,8bd8c24e-8050-4e17-a932-39880f531280,c766fa8b-2aa5-4a98-8605-8d9c9da11436,c4,c1,1023,?,x12,
1769089384.0403047,FORWARDED,8bd8c24e-8050-4e17-a932-39880f531280,c766fa8b-2aa5-4a98-8605-8d9c9da11436,c4,c1,1023,?,x12,
1769089384.0512516,RECEIVED,aef4375f-603e-41e4-9c55-18c202b25aff,d00ff5f0-9569-44d0-9819-6ea9d923d0b2,c5,DROP,1007,e4,?,
1769089384.1278799,SENT,455cd9d4-3c18-410f-8b26-7e3799d7c1b2,280db6c3-548f-4ca3-a3d8-6ab700cc7f92,c4,c1,1012,?,x6,
1769089384.1279192,FORWARDED,455cd9d4-3c18-410f-8b26-7e3799d7c1b2,280db6c3-548f-4ca3-a3d8-6ab700cc7f92,c4,c1,1012,?,x6,
1769089384.1352928,SENT,aef4375f-603e-41e4-9c55-18c202b25aff,d00ff5f0-9569-44d0-9819-6ea9d923d0b2,c5,DROP,684,?,x8,
1769089384.1353352,FORWARDED,aef4375f-603e-41e4-9c55-18c202b25aff,d00ff5f0-9569-44d0-9819-6ea9d923d0b2,c5,DROP,684,?,x8,
1769089384.1670253,SENT,682cc55a-81a0-44c3-a03d-92bd0907c31a,8f423057-04a3-49f3-af64-fcacf386c4e9,c5,DROP,683,?,x3,
1769089384.1670737,FORWARDED,682cc55a-81a0-44c3-a03d-92bd0907c31a,8f423057-04a3-49f3-af64-fcacf386c4e9,c5,DROP,683,?,x3,
1769089384.8194916,SENT,0c34e5d7-3eff-4c01-8286-c75f54415eb2,5796a557-e233-4e0c-b530-a5f720c04a54,c5,c4,1016,?,x3,
1769089384.8195333,FORWARDED,0c34e5d7-3eff-4c01-8286-c75f54415eb2,5796a557-e233-4e0c-b530-a5f720c04a54,c5,c4,1016,?,x3,
1769089384.84714,RECEIVED,89e7b3f7-37d1-4ed4-8e0d-283893e22293,fc359502-9a35-42d4-89e7-5b63a5f9267b,c1,DROP,440,x11,?,
1769089384.8680391,RECEIVED,a36f2208-46ef-4f5a-b04c-e6d2ef996184,95d00628-e85b-4bc8-8737-bb0646c0102b,c4,DROP,1015,e5,?,
1769089384.9385335,RECEIVED,7e604f03-c156-4563-b72b-7236984e1aaf,7bbdb956-d8a5-41e9-b7bc-26092089bb93,c3,DROP,1008,e7,?,
1769089385.0603547,RECEIVED,d803ab58-5830-4c9f-a781-30ab3e305b3d,8ae9cd2d-e825-4433-bb9a-61cd65cb2eea,c2,DROP,1017,e5,?,
1769089385.1495352,SENT,df111c04-206f-4b89-bae4-154e985b57ad,34c0d86a-56ce-40ed-9908-86452422caaf,c2,DROP,687,?,x2,
1769089385.1495774,FORWARDED,df111c04-206f-4b89-bae4-154e985b57ad,34c0d86a-56ce-40ed-9908-86452422caaf,c2,DROP,687,?,x2,
1769089385.206029,SENT,d803ab58-5830-4c9f-a781-30ab3e305b3d,8ae9cd2d-e825-4433-bb9a-61cd65cb2eea,c2,DROP,688,?,x10,
1769089385.206083,FORWARDED,d803ab58-5830-4c9f-a781-30ab3e305b3d,8ae9cd2d-e825-4433-bb9a-61cd65cb2eea,c2,DROP,688,?,x10,
1769089385.2876818,RECEIVED,f30bac9b-4995-401b-bde9-eddd60e542b2,a15c2c3f-6a27-4cc0-b67b-1aeedecf62df,c4,DROP,1012,e7,?,
1769089385.3072224,SENT,a36f2208-46ef-4f5a-b04c-e6d2ef996184,95d00628-e85b-4bc8-8737-bb0646c0102b,c4,DROP,690,?,x6,
1769089385.307262,FORWARDED,a36f2208-46ef-4f5a-b04c-e6d2ef996184,95d00628-e85b-4bc8-8737-bb0646c0102b,c4,DROP,690,?,x6,
1769089385.4304886,SENT,7e604f03-c156-4563-b72b-7236984e1aaf,7bbdb956-d8a5-41e9-b7bc-26092089bb93,c3,DROP,684,?,x7,
1769089385.43053,FORWARDED,7e604f03-c156-4563-b72b-7236984e1aaf,7bbdb956-d8a5-41e9-b7bc-26092089bb93,c3,DROP,684,?,x7,
1769089385.4316988,RECEIVED,8e4e1159-b29d-42fa-9691-8aba26f59b64,9dcd04bc-16e4-46c6-af72-ffaa879f739d,c1,DROP,1011,e12,?,
1769089385.7442193,RECEIVED,981e7f4f-3d89-4b15-abd6-67909078a08b,deeb669e-f958-4cdd-b4af-bdbb316f5830,c1,DROP,441,x6,?,
1769089385.7956903,SENT,f30bac9b-4995-401b-bde9-eddd60e542b2,a15c2c3f-6a27-4cc0-b67b-1aeedecf62df,c4,DROP,687,?,x11,
1769089385.7957327,FORWARDED,f30bac9b-4995-401b-bde9-eddd60e542b2,a15c2c3f-6a27-4cc0-b67b-1aeedecf62df,c4,DROP,687,?,x11,
1769089385.9313717,RECEIVED,f010444f-b92a-461a-88e2-1056132e23d9,d7a8238c-ce2b-4d6a-bb75-35ff52d6a1ad,c3,DROP,1007,e9,?,
1769089386.248551,SENT,f010444f-b92a-461a-88e2-1056132e23d9,d7a8238c-ce2b-4d6a-bb75-35ff52d6a1ad,c3,DROP,683,?,x5,
1769089386.248588,FORWARDED,f010444f-b92a-461a-88e2-1056132e23d9,d7a8238c-ce2b-4d6a-bb75-35ff52d6a1ad,c3,DROP,683,?,x5,
1769089386.2936952,SENT,8e4e1159-b29d-42fa-9691-8aba26f59b64,9dcd04bc-16e4-46c6-af72-ffaa879f739d,c1,DROP,687,?,x4,
1769089386.2937367,FORWARDED,8e4e1159-b29d-42fa-9691-8aba26f59b64,9dcd04bc-16e4-46c6-af72-ffaa879f739d,c1,DROP,687,?,x4,
1769089386.3860142,RECEIVED,40554e7c-2fc6-4866-8177-b80d481412e7,769d186a-abe8-432a-93a9-803afdf9584a,c2,c3,1451,e6,?,
1769089386.4339852,RECEIVED,e0c30356-3d93-4be9-b082-5cc05e8c4461,3bea7db0-c6fa-4874-a1f8-929ad4206f8b,c2,c3,1443,e2,?,
1769089386.55909,RECEIVED,6712e2f4-2e1b-41a1-a3e8-991df090a923,c790ded7-9b88-4476-be36-b6420f4b8913,c5,DROP,1015,e3,?,
1769089386.9171367,SENT,e0c30356-3d93-4be9-b082-5cc05e8c4461,3bea7db0-c6fa-4874-a1f8-929ad4206f8b,c2,c3,1011,?,x1,
1769089386.9171772,FORWARDED,e0c30356-3d93-4be9-b082-5cc05e8c4461,3bea7db0-c6fa-4874-a1f8-929ad4206f8b,c2,c3,1011,?,x1,
1769089387.01097,SENT,40554e7c-2fc6-4866-8177-b80d481412e7,769d186a-abe8-432a-93a9-803afdf9584a,c2,c3,1015,?,x3,
1769089387.0110104,FORWARDED,40554e7c-2fc6-4866-8177-b80d481412e7,769d186a-abe8-432a-93a9-803afdf9584a,c2,c3,1015,?,x3,
1769089387.1175752,RECEIVED,2e3de66b-22a2-413d-913d-ebea9929fe9d,c5034d68-2e6c-4b22-a22c-167c8976776f,c5,DROP,1008,e7,?,
1769089387.2705297,RECEIVED,8485d1ce-3140-4642-865a-91247d872fc0,dbf65b81-a6c2-49e6-a20a-21daf3027c8f,c5,DROP,1011,e6,?,
1769089387.4845006,SENT,2e3de66b-22a2-413d-913d-ebea9929fe9d,c5034d68-2e6c-4b22-a22c-167c8976776f,c5,DROP,683,?,x4,
1769089387.4845412,FORWARDED,2e3de66b-22a2-413d-913d-ebea9929fe9d,c5034d68-2e6c-4b22-a22c-167c8976776f,c5,DROP,683,?,x4,
1769089387.566123,RECEIVED,3333985c-c7c0-4aa2-b25c-a61fe95f848e,09dcac3b-d6a8-4d65-9888-48d885f561e3,c3,c4,1446,e7,?,
1769089387.5971913,SENT,6712e2f4-2e1b-41a1-a3e8-991df090a923,c790ded7-9b88-4476-be36-b6420f4b8913,c5,DROP,688,?,x1,
1769089387.597228,FORWARDED,6712e2f4-2e1b-41a1-a3e8-991df090a923,c790ded7-9b88-4476-be36-b6420f4b8913,c5,DROP,688,?,x1,
1769089387.9193172,RECEIVED,e9b14c1a-8782-4330-a6e8-893943659585,1d2521bd-6a59-4939-8a2e-dc8ca2e5c6ed,c3,DROP,1006,e11,?,
1769089387.9334993,RECEIVED,82afdd9c-de79-427a-a5da-6ab000671c73,d40821e0-3968-4a04-8bce-0fc6010fba8c,c5,DROP,1011,e10,?,
1769089388.0773022,SENT,e9b14c1a-8782-4330-a6e8-893943659585,1d2521bd-6a59-4939-8a2e-dc8ca2e5c6ed,c3,DROP,683,?,x8,
1769089388.0773807,FORWARDED,e9b14c1a-8782-4330-a6e8-893943659585,1d2521bd-6a59-4939-8a2e-dc8ca2e5c6ed,c3,DROP,683,?,x8,
1769089388.1105952,RECEIVED,e71819ff-7b01-4a82-87a8-a5183a423a64,caf99626-3c6f-4a81-8a38-ebb723616db7,c4,DROP,1007,e7,?,
1769089388.1289673,RECEIVED,13810acb-3121-48e4-8689-d9fdf3fb3d97,2f465f34-4874-4450-9766-594ed30e40f4,c2,c3,1445,e9,?,
1769089388.242287,SENT,82afdd9c-de79-427a-a5da-6ab000671c73,d40821e0-3968-4a04-8bce-0fc6010fba8c,c5,DROP,687,?,x5,
1769089388.2423265,FORWARDED,82afdd9c-de79-427a-a5da-6ab000671c73,d40821e0-3968-4a04-8bce-0fc6010fba8c,c5,DROP,687,?,x5,
1769089388.3229454,SENT,8485d1ce-3140-4642-865a-91247d872fc0,dbf65b81-a6c2-49e6-a20a-21daf3027c8f,c5,DROP,685,?,x1,
1769089388.322986,FORWARDED,8485d1ce-3140-4642-865a-91247d872fc0,dbf65b81-a6c2-49e6-a20a-21daf3027c8f,c5,DROP,685,?,x1,
1769089388.347284,RECEIVED,2c9d86bd-377d-472e-b296-0c4355175f5c,0865e504-7cc1-4eb6-943f-670b51c072bb,c5,DROP,1016,e7,?,
1769089388.412589,SENT,2c9d86bd-377d-472e-b296-0c4355175f5c,0865e504-7cc1-4eb6-943f-670b51c072bb,c5,DROP,688,?,x9,
1769089388.4126318,FORWARDED,2c9d86bd-377d-472e-b296-0c4355175f5c,0865e504-7cc1-4eb6-943f-670b51c072bb,c5,DROP,688,?,x9,
1769089388.4185646,SENT,13810acb-3121-48e4-8689-d9fdf3fb3d97,2f465f34-4874-4450-9766-594ed30e40f4,c2,c3,1011,?,x11,
1769089388.4186063,FORWARDED,13810acb-3121-48e4-8689-d9fdf3fb3d97,2f465f34-4874-4450-9766-594ed30e40f4,c2,c3,1011,?,x11,
1769089388.6954355,RECEIVED,c50887bc-3bbe-4de6-bee9-8922ac42a9a7,30b079f7-e346-42e7-8186-5d98c35fc108,c2,DROP,1007,e10,?,
1769089388.7370317,RECEIVED,d5c2e9d9-6d1e-410e-8d2d-1385a7e361da,31300b70-603f-49d7-aeb1-4a45148df695,c1,DROP,441,x8,?,
1769089388.8340652,RECEIVED,75b46a02-28ab-4cc6-ad81-51f52dcc560f,67e45604-9067-4467-9b54-df58c043717c,c5,c4,1442,e7,?,
1769089388.924692,SENT,c50887bc-3bbe-4de6-bee9-8922ac42a9a7,30b079f7-e346-42e7-8186-5d98c35fc108,c2,DROP,683,?,x9,
1769089388.9247348,FORWARDED,c50887bc-3bbe-4de6-bee9-8922ac42a9a7,30b079f7-e346-42e7-8186-5d98c35fc108,c2,DROP,683,?,x9,
1769089389.0397286,SENT,3333985c-c7c0-4aa2-b25c-a61fe95f848e,09dcac3b-d6a8-4d65-9888-48d885f561e3,c3,c4,1012,?,x1,
1769089389.03977,FORWARDED,3333985c-c7c0-4aa2-b25c-a61fe95f848e,09dcac3b-d6a8-4d65-9888-48d885f561e3,c3,c4,1012,?,x1,
1769089389.0725982,RECEIVED,3525f935-80d1-4779-b9e5-1da728991c53,aae6ebb2-7637-400b-80d4-6bcc1c818cbf,c5,DROP,1012,e10,?,
1769089389.2061398,SENT,3525f935-80d1-4779-b9e5-1da728991c53,aae6ebb2-7637-400b-80d4-6bcc1c818cbf,c5,DROP,685,?,x5,
1769089389.2061791,FORWARDED,3525f935-80d1-4779-b9e5-1da728991c53,aae6ebb2-7637-400b-80d4-6bcc1c818cbf,c5,DROP,685,?,x5,
1769089389.370022,RECEIVED,6586fba8-1a8c-49ae-a5b7-d1686366102c,e6f726a9-4746-4d73-82d8-2f61672e45d2,c3,DROP,1009,e5,?,
1769089389.3897674,SENT,e71819ff-7b01-4a82-87a8-a5183a423a64,caf99626-3c6f-4a81-8a38-ebb723616db7,c4,DROP,683,?,x8,
1769089389.3898132,FORWARDED,e71819ff-7b01-4a82-87a8-a5183a423a64,caf99626-3c6f-4a81-8a38-ebb723616db7,c4,DROP,683,?,x8,
1769089389.4024405,SENT,6586fba8-1a8c-49ae-a5b7-d1686366102c,e6f726a9-4746-4d73-82d8-2f61672e45d2,c3,DROP,684,?,x6,
1769089389.4024825,FORWARDED,6586fba8-1a8c-49ae-a5b7-d1686366102c,e6f726a9-4746-4d73-82d8-2f61672e45d2,c3,DROP,684,?,x6,
1769089389.6989048,RECEIVED,d81b7903-d3ea-40c0-a6cc-4a49650267e9,f715395b-2c55-414f-b186-dc0d28f21c28,c5,DROP,1012,e10,?,
1769089389.7188551,RECEIVED,8a689327-4d06-4130-960d-1514f2df3f75,c77c9407-1381-4a2e-a548-f510ff0d4a71,c2,DROP,442,x1,?,
1769089389.7478456,SENT,75b46a02-28ab-4cc6-ad81-51f52dcc560f,67e45604-9067-4467-9b54-df58c043717c,c5,c4,1011,?,x1,
1769089389.7478855,FORWARDED,75b46a02-28ab-4cc6-ad81-51f52dcc560f,67e45604-9067-4467-9b54-df58c043717c,c5,c4,1011,?,x1,
1769089389.7915561,RECEIVED,80e34e21-1ad3-47d8-aa62-e7721f03c5f3,f80d48ec-584d-4f32-98d1-81acbd97c579,c3,DROP,1015,e2,?,
1769089389.8538299,SENT,d81b7903-d3ea-40c0-a6cc-4a49650267e9,f715395b-2c55-414f-b186-dc0d28f21c28,c5,DROP,687,?,x1,
1769089389.8538682,FORWARDED,d81b7903-d3ea-40c0-a6cc-4a49650267e9,f715395b-2c55-414f-b186-dc0d28f21c28,c5,DROP,687,?,x1,
1769089390.115566,RECEIVED,6a6e9740-e58d-4ce7-8b4e-b16c1683fcb2,759cff34-62a2-43f4-b9ab-c19af2fbaaac,c3,DROP,445,x4,?,
1769089390.1213415,RECEIVED,f29d6d43-5577-4dcf-b55f-137798af4902,dbed5458-bb14-4da7-bc33-d9122f740d6d,c3,c4,1447,e1,?,
1769089390.2091973,RECEIVED,3654cf10-8c36-4deb-b661-85d4578faa18,6ee5687c-b2f1-4b62-a2f0-9e67daec2b36,c1,DROP,1007,e12,?,
1769089390.261906,SENT,80e34e21-1ad3-47d8-aa62-e7721f03c5f3,f80d48ec-584d-4f32-98d1-81acbd97c579,c3,DROP,690,?,x7,
1769089390.2619455,FORWARDED,80e34e21-1ad3-47d8-aa62-e7721f03c5f3,f80d48ec-584d-4f32-98d1-81acbd97c579,c3,DROP,690,?,x7,
1769089390.5392976,RECEIVED,3aeea556-0221-432f-ad23-87ce3e4d6c3f,b7db1e3d-c7c1-4e96-ab79-5b97eebadb8a,c3,c4,1460,e3,?,
1769089390.6083045,RECEIVED,2488a10f-f69b-41df-afc8-c1fb333697bb,fd5516ef-0ee0-4ee0-9ef9-072cb37cba20,c5,c4,1459,e10,?,
1769089390.8354936,SENT,3aeea556-0221-432f-ad23-87ce3e4d6c3f,b7db1e3d-c7c1-4e96-ab79-5b97eebadb8a,c3,c4,1021,?,x10,
1769089390.8355339,FORWARDED,3aeea556-0221-432f-ad23-87ce3e4d6c3f,b7db1e3d-c7c1-4e96-ab79-5b97eebadb8a,c3,c4,1021,?,x10,
1769089390.9571497,SENT,f29d6d43-5577-4dcf-b55f-137798af4902,dbed5458-bb14-4da7-bc33-d9122f740d6d,c3,c4,1012,?,x8,
1769089390.9571853,FORWARDED,f29d6d43-5577-4dcf-b55f-137798af4902,dbed5458-bb14-4da7-bc33-d9122f740d6d,c3,c4,1012,?,x8,
1769089391.1445022,RECEIVED,ff4d0a29-7977-4d13-800a-a6cf206a7a05,65aa5564-019b-4a83-8b53-f569a4871247,c3,c4,1447,e6,?,
1769089391.2465484,RECEIVED,0aa67d74-5b61-4ad2-a2f3-e101cc96be51,f6b40056-9f3f-4b9f-a5ad-ac56d456a012,c3,DROP,1006,e5,?,
1769089391.3741827,RECEIVED,8879ed5a-5f65-4b8f-9969-61197f54433f,446c8a3e-7b87-480f-bf29-8b63ea42c0ae,c5,c4,1455,e7,?,
1769089391.3775167,SENT,2488a10f-f69b-41df-afc8-c1fb333697bb,fd5516ef-0ee0-4ee0-9ef9-072cb37cba20,c5,c4,1023,?,x8,
1769089391.377558,FORWARDED,2488a10f-f69b-41df-afc8-c1fb333697bb,fd5516ef-0ee0-4ee0-9ef9-072cb37cba20,c5,c4,1023,?,x8,
1769089391.4912198,RECEIVED,ab294bfb-0291-4ab9-b860-190ea38a2bea,5e8eab89-7fed-46ba-805e-11c3141bca5d,c2,c3,1456,e7,?,
1769089391.6551216,SENT,8879ed5a-5f65-4b8f-9969-61197f54433f,446c8a3e-7b87-480f-bf29-8b63ea42c0ae,c5,c4,1020,?,x7,
1769089391.6551642,FORWARDED,8879ed5a-5f65-4b8f-9969-61197f54433f,446c8a3e-7b87-480f-bf29-8b63ea42c0ae,c5,c4,1020,?,x7,
1769089391.6750886,SENT,ff4d0a29-7977-4d13-800a-a6cf206a7a05,65aa5564-019b-4a83-8b53-f569a4871247,c3,c4,1012,?,x8,
1769089391.675129,FORWARDED,ff4d0a29-7977-4d13-800a-a6cf206a7a05,65aa5564-019b-4a83-8b53-f569a4871247,c3,c4,1012,?,x8,
1769089391.693874,RECEIVED,6aff7893-4807-4062-a84f-fa6e7f16bae8,4931b579-8767-4d65-a35e-df978608fa62,c3,c4,1452,e8,?,
1769089391.8069348,SENT,6aff7893-4807-4062-a84f-fa6e7f16bae8,4931b579-8767-4d65-a35e-df978608fa62,c3,c4,1016,?,x9,
1769089391.8069758,FORWARDED,6aff7893-4807-4062-a84f-fa6e7f16bae8,4931b579-8767-4d65-a35e-df978608fa62,c3,c4,1016,?,x9,
1769089391.8656852,SENT,0aa67d74-5b61-4ad2-a2f3-e101cc96be51,f6b40056-9f3f-4b9f-a5ad-ac56d456a012,c3,DROP,684,?,x3,
1769089391.8665354,FORWARDED,0aa67d74-5b61-4ad2-a2f3-e101cc96be51,f6b40056-9f3f-4b9f-a5ad-ac56d456a012,c3,DROP,684,?,x3,
1769089391.8744886,RECEIVED,26c1e1ab-b775-40ba-9804-926dbb372c95,2e49cbfb-ef27-4aac-98e3-f55a48bfe628,c2,DROP,1007,e11,?,
1769089391.925627,SENT,3654cf10-8c36-4deb-b661-85d4578faa18,6ee5687c-b2f1-4b62-a2f0-9e67daec2b36,c1,DROP,684,?,x1,
1769089391.9256687,FORWARDED,3654cf10-8c36-4deb-b661-85d4578faa18,6ee5687c-b2f1-4b62-a2f0-9e67daec2b36,c1,DROP,684,?,x1,
1769089391.9455862,RECEIVED,f52566a4-966b-489c-b7fc-43a85013c390,9b08f28b-8fd5-4263-bc90-157ed32dad89,c2,DROP,442,x10,?,
1769089391.9634123,RECEIVED,2a915b02-6f7a-4ed4-b91e-20be96d8c3bd,327532c4-9f70-49d2-b3a8-f328f7deeff9,c2,DROP,1008,e8,?,
1769089392.1317675,SENT,26c1e1ab-b775-40ba-9804-926dbb372c95,2e49cbfb-ef27-4aac-98e3-f55a48bfe628,c2,DROP,683,?,x4,
1769089392.1318216,FORWARDED,26c1e1ab-b775-40ba-9804-926dbb372c95,2e49cbfb-ef27-4aac-98e3-f55a48bfe628,c2,DROP,683,?,x4,
1769089392.4264314,RECEIVED,fe94e407-48e3-4089-827f-fc9217d8592b,c4c4e483-3fab-4a4d-baec-4d67766831b8,c5,DROP,1007,e11,?,
1769089392.5153463,SENT,fe94e407-48e3-4089-827f-fc9217d8592b,c4c4e483-3fab-4a4d-baec-4d67766831b8,c5,DROP,682,?,x6,
1769089392.5153873,FORWARDED,fe94e407-48e3-4089-827f-fc9217d8592b,c4c4e483-3fab-4a4d-baec-4d67766831b8,c5,DROP,682,?,x6,
1769089392.6031678,SENT,ab294bfb-0291-4ab9-b860-190ea38a2bea,5e8eab89-7fed-46ba-805e-11c3141bca5d,c2,c3,1019,?,x12,
1769089392.6032095,FORWARDED,ab294bfb-0291-4ab9-b860-190ea38a2bea,5e8eab89-7fed-46ba-805e-11c3141bca5d,c2,c3,1019,?,x12,
1769089392.7122152,SENT,2a915b02-6f7a-4ed4-b91e-20be96d8c3bd,327532c4-9f70-49d2-b3a8-f328f7deeff9,c2,DROP,684,?,x10,
1769089392.712255,FORWARDED,2a915b02-6f7a-4ed4-b91e-20be96d8c3bd,327532c4-9f70-49d2-b3a8-f328f7deeff9,c2,DROP,684,?,x10,
1769089392.7738466,RECEIVED,5db4d6a2-9ad9-4dc5-889e-9b05814e0a63,913509e1-69e2-40bf-bc65-766786cc647b,c3,DROP,1015,e8,?,
1769089392.9348845,SENT,5db4d6a2-9ad9-4dc5-889e-9b05814e0a63,913509e1-69e2-40bf-bc65-766786cc647b,c3,DROP,688,?,x2,
1769089392.934925,FORWARDED,5db4d6a2-9ad9-4dc5-889e-9b05814e0a63,913509e1-69e2-40bf-bc65-766786cc647b,c3,DROP,688,?,x2,
1769089393.1341457,RECEIVED,ca602e25-1b20-49d6-951d-7239ce99117c,8237230c-b570-450c-8bc5-888dd9b80c28,c5,c4,1466,e12,?,
1769089393.1443958,RECEIVED,2d9a15f5-8c66-412a-a153-00c497aa51b5,6d60e226-0524-4d2d-bf12-25d7d6fa692f,c3,c4,1459,e1,?,
1769089393.2172937,RECEIVED,df369270-dbf7-4d14-90c6-dbdb2b45094d,4d782856-bddf-46eb-bb4d-fee3d53c27da,c5,c4,1443,e10,?,
1769089393.748974,RECEIVED,69a5ea67-64e9-44be-b96e-0969bdb1e11a,629c5418-59fe-473b-ab19-5c580fc5a605,c5,DROP,1009,e11,?,
1769089393.7691495,RECEIVED,d8bab684-95c9-4b1d-b477-0142a287cbab,65b23514-0a44-4946-9047-905d1824d5e9,c4,c1,1449,e8,?,
1769089393.8403265,SENT,d8bab684-95c9-4b1d-b477-0142a287cbab,65b23514-0a44-4946-9047-905d1824d5e9,c4,c1,1014,?,x7,
1769089393.8403695,FORWARDED,d8bab684-95c9-4b1d-b477-0142a287cbab,65b23514-0a44-4946-9047-905d1824d5e9,c4,c1,1014,?,x7,
1769089393.897526,SENT,df369270-dbf7-4d14-90c6-dbdb2b45094d,4d782856-bddf-46eb-bb4d-fee3d53c27da,c5,c4,1011,?,x7,
1769089393.8975675,FORWARDED,df369270-dbf7-4d14-90c6-dbdb2b45094d,4d782856-bddf-46eb-bb4d-fee3d53c27da,c5,c4,1011,?,x7,
1769089394.1448536,SENT,69a5ea67-64e9-44be-b96e-0969bdb1e11a,629c5418-59fe-473b-ab19-5c580fc5a605,c5,DROP,684,?,x11,
1769089394.1448865,FORWARDED,69a5ea67-64e9-44be-b96e-0969bdb1e11a,629c5418-59fe-473b-ab19-5c580fc5a605,c5,DROP,684,?,x11,
1769089394.2598736,RECEIVED,152d77ea-aef4-4260-a4ff-5b5150b3a70d,f935cf16-87e5-4b7e-832d-b7c4cf225c68,c3,c4,1443,e12,?,
1769089394.4275486,RECEIVED,78c28748-1542-4a03-b33a-99fd2af60bba,0d6c92c3-6109-492e-badd-266e94500612,c2,c3,1460,e10,?,
1769089394.4623415,RECEIVED,ae4362e9-2a1a-4caf-aa0e-197c6f798220,e6047739-5dbb-441d-8f48-5018faf595f7,c5,DROP,442,x7,?,
1769089394.468713,SENT,78c28748-1542-4a03-b33a-99fd2af60bba,0d6c92c3-6109-492e-badd-266e94500612,c2,c3,1023,?,x4,
1769089394.4687562,FORWARDED,78c28748-1542-4a03-b33a-99fd2af60bba,0d6c92c3-6109-492e-badd-266e94500612,c2,c3,1023,?,x4,
1769089394.6048713,RECEIVED,a1a77a8b-7dc7-49b5-9fd0-5e80f2e4ddbb,b16b39cc-e0f9-44d7-b0fa-755a54df2e71,c1,DROP,441,x3,?,
1769089394.7147408,RECEIVED,251e95c0-da5a-4660-8150-b4beb2b68606,9f6face3-a7ab-4190-9a1e-99dab0ec305b,c4,DROP,1021,e10,?,
1769089394.718679,SENT,152d77ea-aef4-4260-a4ff-5b5150b3a70d,f935cf16-87e5-4b7e-832d-b7c4cf225c68,c3,c4,1011,?,x3,
1769089394.7187243,FORWARDED,152d77ea-aef4-4260-a4ff-5b5150b3a70d,f935cf16-87e5-4b7e-832d-b7c4cf225c68,c3,c4,1011,?,x3,
1769089394.756384,SENT,2d9a15f5-8c66-412a-a153-00c497aa51b5,6d60e226-0524-4d2d-bf12-25d7d6fa692f,c3,c4,1021,?,x10,
1769089394.7564244,FORWARDED,2d9a15f5-8c66-412a-a153-00c497aa51b5,6d60e226-0524-4d2d-bf12-25d7d6fa692f,c3,c4,1021,?,x10,
1769089394.907289,RECEIVED,e6c33d7a-8f3e-4b04-9bf3-3c3c7f2edb12,5bd18907-97dc-4bba-bd85-c81bb22cde69,c4,c1,1456,e11,?,
1769089395.1587586,SENT,ca602e25-1b20-49d6-951d-7239ce99117c,8237230c-b570-450c-8bc5-888dd9b80c28,c5,c4,1027,?,x9,
1769089395.158811,FORWARDED,ca602e25-1b20-49d6-951d-7239ce99117c,8237230c-b570-450c-8bc5-888dd9b80c28,c5,c4,1027,?,x9,
1769089395.1679354,RECEIVED,51651827-aa04-44d3-a387-298949d637bf,8089d444-8689-4933-a7e9-5794f62ab8c3,c1,c3,1447,e9,?,
1769089395.1833682,SENT,251e95c0-da5a-4660-8150-b4beb2b68606,9f6face3-a7ab-4190-9a1e-99dab0ec305b,c4,DROP,691,?,x11,
1769089395.183417,FORWARDED,251e95c0-da5a-4660-8150-b4beb2b68606,9f6face3-a7ab-4190-9a1e-99dab0ec305b,c4,DROP,691,?,x11,
1769089395.2714863,RECEIVED,fe85ab30-697a-422c-a009-352e568bac47,0a3165a8-c9b8-4cd5-9f9e-b3a9bf6d3739,c5,c4,1443,e7,?,
1769089395.5041773,RECEIVED,76ee1711-27e7-43f5-ab09-2067581a181d,d189fdcc-8065-410a-97ce-d63294ccb53a,c5,c4,1460,e6,?,
1769089395.5521939,SENT,51651827-aa04-44d3-a387-298949d637bf,8089d444-8689-4933-a7e9-5794f62ab8c3,c1,c3,1012,?,x6,
1769089395.5522375,FORWARDED,51651827-aa04-44d3-a387-298949d637bf,8089d444-8689-4933-a7e9-5794f62ab8c3,c1,c3,1012,?,x6,
1769089395.5856833,RECEIVED,14a4af80-ca7b-4341-9348-82b3ca68f776,19437911-0d06-4b06-99ab-4a4d23ea7e48,c5,DROP,1011,e10,?,
1769089396.124995,SENT,e6c33d7a-8f3e-4b04-9bf3-3c3c7f2edb12,5bd18907-97dc-4bba-bd85-c81bb22cde69,c4,c1,1019,?,x12,
1769089396.1250367,FORWARDED,e6c33d7a-8f3e-4b04-9bf3-3c3c7f2edb12,5bd18907-97dc-4bba-bd85-c81bb22cde69,c4,c1,1019,?,x12,
1769089396.2942288,RECEIVED,c44868a2-edb5-4586-a63e-e8d545041767,d994c7fc-e423-4db8-9430-df91ac6e212b,c5,c4,1454,e2,?,
1769089396.4170768,SENT,76ee1711-27e7-43f5-ab09-2067581a181d,d189fdcc-8065-410a-97ce-d63294ccb53a,c5,c4,1023,?,x12,
1769089396.4171178,FORWARDED,76ee1711-27e7-43f5-ab09-2067581a181d,d189fdcc-8065-410a-97ce-d63294ccb53a,c5,c4,1023,?,x12,
1769089396.6665733,SENT,c44868a2-edb5-4586-a63e-e8d545041767,d994c7fc-e423-4db8-9430-df91ac6e212b,c5,c4,1019,?,x4,
1769089396.6666152,FORWARDED,c44868a2-edb5-4586-a63e-e8d545041767,d994c7fc-e423-4db8-9430-df91ac6e212b,c5,c4,1019,?,x4,
1769089396.6844451,RECEIVED,228178d0-b600-4d6a-9fdf-9d35f828c399,24990157-594c-4e6b-b617-9547cecc1d59,c3,DROP,1009,e2,?,
1769089396.7609973,RECEIVED,4a98bc5f-ccc4-4f7b-b362-8fa25b3eb0d0,60b93574-3477-4430-90ca-f189fc65975d,c4,DROP,1012,e5,?,
1769089396.7620227,SENT,14a4af80-ca7b-4341-9348-82b3ca68f776,19437911-0d06-4b06-99ab-4a4d23ea7e48,c5,DROP,687,?,x8,
1769089396.7620745,FORWARDED,14a4af80-ca7b-4341-9348-82b3ca68f776,19437911-0d06-4b06-99ab-4a4d23ea7e48,c5,DROP,687,?,x8,
1769089396.775845,SENT,228178d0-b600-4d6a-9fdf-9d35f828c399,24990157-594c-4e6b-b617-9547cecc1d59,c3,DROP,683,?,x11,
1769089396.7758873,FORWARDED,228178d0-b600-4d6a-9fdf-9d35f828c399,24990157-594c-4e6b-b617-9547cecc1d59,c3,DROP,683,?,x11,
1769089396.8238935,SENT,4a98bc5f-ccc4-4f7b-b362-8fa25b3eb0d0,60b93574-3477-4430-90ca-f189fc65975d,c4,DROP,687,?,x5,
1769089396.8239338,FORWARDED,4a98bc5f-ccc4-4f7b-b362-8fa25b3eb0d0,60b93574-3477-4430-90ca-f189fc65975d,c4,DROP,687,?,x5,
1769089396.860717,RECEIVED,ac23535e-ccc0-49e0-b717-371fc5cfa8fb,09d98b96-05b0-45ec-bc02-5421e696b9d4,c1,c3,1444,e9,?,
1769089396.935779,SENT,ac23535e-ccc0-49e0-b717-371fc5cfa8fb,09d98b96-05b0-45ec-bc02-5421e696b9d4,c1,c3,1011,?,x1,
1769089396.9358218,FORWARDED,ac23535e-ccc0-49e0-b717-371fc5cfa8fb,09d98b96-05b0-45ec-bc02-5421e696b9d4,c1,c3,1011,?,x1,
1769089398.3705144,SENT,fe85ab30-697a-422c-a009-352e568bac47,0a3165a8-c9b8-4cd5-9f9e-b3a9bf6d3739,c5,c4,1011,?,x10,
1769089398.370579,FORWARDED,fe85ab30-697a-422c-a009-352e568bac47,0a3165a8-c9b8-4cd5-9f9e-b3a9bf6d3739,c5,c4,1011,?,x10,
