timestamp,event_type,packet_id,message_id,src,dst,size,prev_hop,next_hop,flags
1769748870.713842,RECEIVED,e029dd5d-3026-4fa9-92f9-8401ceeae5e7,af67e861-c47d-434a-872d-df15d6bc2897,c1,DROP,688,i6,?,
1769748870.821991,RECEIVED,0fe4d73e-c0ea-420b-aae5-cbc2e1e6d803,a26a67cd-8ea1-4c67-878c-90b62678d8d3,c5,DROP,685,i9,?,
1769748870.8724074,SENT,e029dd5d-3026-4fa9-92f9-8401ceeae5e7,af67e861-c47d-434a-872d-df15d6bc2897,c1,DROP,443,?,i1,
1769748870.8725393,FORWARDED,e029dd5d-3026-4fa9-92f9-8401ceeae5e7,af67e861-c47d-434a-872d-df15d6bc2897,c1,DROP,443,?,i1,
1769748870.9104517,SENT,0fe4d73e-c0ea-420b-aae5-cbc2e1e6d803,a26a67cd-8ea1-4c67-878c-90b62678d8d3,c5,DROP,440,?,x10,
1769748870.9108465,FORWARDED,0fe4d73e-c0ea-420b-aae5-cbc2e1e6d803,a26a67cd-8ea1-4c67-878c-90b62678d8d3,c5,DROP,440,?,x10,
1769748871.1433172,RECEIVED,d4a59c05-e8b2-443e-886a-512caf445393,7a28ec16-4760-4f95-bd73-f19bbb180915,c1,DROP,688,i6,?,
1769748871.2563236,SENT,d4a59c05-e8b2-443e-886a-512caf445393,7a28ec16-4760-4f95-bd73-f19bbb180915,c1,DROP,442,?,x2,
1769748871.2563915,FORWARDED,d4a59c05-e8b2-443e-886a-512caf445393,7a28ec16-4760-4f95-bd73-f19bbb180915,c1,DROP,442,?,x2,
1769748871.4833229,RECEIVED,654a3817-4809-439c-a1f8-7f2a03d88e6d,960f9444-e096-4117-85c9-44a56f542bb9,c5,DROP,684,i4,?,
1769748872.0034459,RECEIVED,1822d224-7349-4cfc-8521-a4fd50e8fea9,29a5d271-fc9e-4847-b4eb-936737078ef5,c2,DROP,683,i3,?,
1769748872.3678067,SENT,1822d224-7349-4cfc-8521-a4fd50e8fea9,29a5d271-fc9e-4847-b4eb-936737078ef5,c2,DROP,441,?,i5,
1769748872.3678555,FORWARDED,1822d224-7349-4cfc-8521-a4fd50e8fea9,29a5d271-fc9e-4847-b4eb-936737078ef5,c2,DROP,441,?,i5,
1769748872.4027858,SENT,654a3817-4809-439c-a1f8-7f2a03d88e6d,960f9444-e096-4117-85c9-44a56f542bb9,c5,DROP,441,?,e11,
1769748872.402838,FORWARDED,654a3817-4809-439c-a1f8-7f2a03d88e6d,960f9444-e096-4117-85c9-44a56f542bb9,c5,DROP,441,?,e11,
1769748872.4098587,RECEIVED,d656a28f-3555-4494-9f67-3391a6a773b5,0c201899-e8ac-4821-9e59-61ce9586425d,c3,DROP,442,x9,?,
1769748872.658813,RECEIVED,44aee862-5ed8-474e-8760-cc26a21d2b42,b80a7f63-cc9d-4997-8040-5fba338884ea,c4,c1,1260,i9,?,
1769748872.6674318,RECEIVED,8094b68d-076f-476a-ae03-199d2eeda8b0,b1236dd1-547f-4712-a62d-4700435a9cfc,c3,c2,1252,i2,?,
1769748872.8785179,SENT,8094b68d-076f-476a-ae03-199d2eeda8b0,b1236dd1-547f-4712-a62d-4700435a9cfc,c3,c2,867,?,p2,
1769748872.8785684,FORWARDED,8094b68d-076f-476a-ae03-199d2eeda8b0,b1236dd1-547f-4712-a62d-4700435a9cfc,c3,c2,867,?,p2,
1769748872.9022605,RECEIVED,d9cb36b9-7b88-4e93-a815-cca65736d859,4c621bcd-862e-4d7f-8227-855ffca8e8c6,c3,c2,1256,i12,?,
1769748872.9494195,SENT,44aee862-5ed8-474e-8760-cc26a21d2b42,b80a7f63-cc9d-4997-8040-5fba338884ea,c4,c1,872,?,p1,
1769748872.9494727,FORWARDED,44aee862-5ed8-474e-8760-cc26a21d2b42,b80a7f63-cc9d-4997-8040-5fba338884ea,c4,c1,872,?,p1,
1769748873.004024,SENT,d9cb36b9-7b88-4e93-a815-cca65736d859,4c621bcd-862e-4d7f-8227-855ffca8e8c6,c3,c2,868,?,p2,
1769748873.0040965,FORWARDED,d9cb36b9-7b88-4e93-a815-cca65736d859,4c621bcd-862e-4d7f-8227-855ffca8e8c6,c3,c2,868,?,p2,
1769748873.3671036,RECEIVED,942769da-1cd2-4724-8f50-b1ba6f13205f,25fd8eb2-80e9-4994-9035-65e1980b60b4,c4,DROP,442,x2,?,
1769748873.459104,RECEIVED,6b835f38-ad83-442c-90b6-9b2f53d9917d,4b4f18e3-0990-457b-8cd2-b51ba8f18c3d,c5,DROP,687,i8,?,
1769748873.4665082,RECEIVED,aacc4230-2966-4bbb-be02-a813d25450d2,22c322d2-e8e7-430d-a62c-9c80943b4d7c,c2,DROP,442,x6,?,
1769748873.4793649,RECEIVED,6e2af379-d0eb-4645-9551-1d8e34db0fb5,350bd360-1c8a-4e5e-89b0-602abb6d27de,c5,DROP,685,i4,?,
1769748873.5716112,SENT,6e2af379-d0eb-4645-9551-1d8e34db0fb5,350bd360-1c8a-4e5e-89b0-602abb6d27de,c5,DROP,441,?,x11,
1769748873.5716567,FORWARDED,6e2af379-d0eb-4645-9551-1d8e34db0fb5,350bd360-1c8a-4e5e-89b0-602abb6d27de,c5,DROP,441,?,x11,
1769748873.684551,RECEIVED,9ed8b45f-3301-4e0f-bba3-6183bddbd01f,8b7efd1d-eec1-44ed-bdaa-70bc53627e23,c5,DROP,684,i3,?,
1769748873.7358832,RECEIVED,577797cf-e1a4-4597-ae71-aca62f18f4f6,b37e470b-fa22-40a0-a6ef-5eda8222c952,c2,DROP,442,x4,?,
1769748873.8474684,RECEIVED,9ee5bdaf-71ac-4aff-b8f0-56be036a24f7,864c6ec1-7e1d-4373-80a2-25acbf65c82d,c3,DROP,683,i6,?,
1769748873.8558998,RECEIVED,6c4679b8-2015-4e23-b5d1-0a353d55c931,9044af7a-6cf6-490d-a39c-5da1d0f812e1,c5,DROP,683,i11,?,
1769748873.9401674,SENT,9ed8b45f-3301-4e0f-bba3-6183bddbd01f,8b7efd1d-eec1-44ed-bdaa-70bc53627e23,c5,DROP,441,?,x12,
1769748873.9402077,FORWARDED,9ed8b45f-3301-4e0f-bba3-6183bddbd01f,8b7efd1d-eec1-44ed-bdaa-70bc53627e23,c5,DROP,441,?,x12,
1769748873.955351,RECEIVED,e1afbe04-c879-4521-b240-e948811a454c,4f42ec9e-a883-4179-bbfc-2f0ba32ef7c4,c5,DROP,683,i2,?,
1769748873.9627676,SENT,6c4679b8-2015-4e23-b5d1-0a353d55c931,9044af7a-6cf6-490d-a39c-5da1d0f812e1,c5,DROP,439,?,e6,
1769748873.9628067,FORWARDED,6c4679b8-2015-4e23-b5d1-0a353d55c931,9044af7a-6cf6-490d-a39c-5da1d0f812e1,c5,DROP,439,?,e6,
1769748874.0009794,SENT,e1afbe04-c879-4521-b240-e948811a454c,4f42ec9e-a883-4179-bbfc-2f0ba32ef7c4,c5,DROP,441,?,i9,
1769748874.0010204,FORWARDED,e1afbe04-c879-4521-b240-e948811a454c,4f42ec9e-a883-4179-bbfc-2f0ba32ef7c4,c5,DROP,441,?,i9,
1769748874.0263305,RECEIVED,10f11ad3-a90c-4390-a881-79862142d954,605e7214-0f97-4bc4-9670-3153230f16bd,c1,c5,1255,i1,?,
1769748874.0681293,SENT,6b835f38-ad83-442c-90b6-9b2f53d9917d,4b4f18e3-0990-457b-8cd2-b51ba8f18c3d,c5,DROP,442,?,i6,
1769748874.0681703,FORWARDED,6b835f38-ad83-442c-90b6-9b2f53d9917d,4b4f18e3-0990-457b-8cd2-b51ba8f18c3d,c5,DROP,442,?,i6,
1769748874.2310321,RECEIVED,56543f90-dcfe-4be1-a1ab-a82bad67d044,c5294c73-e4db-4f43-be00-516ca4165890,c2,DROP,684,i6,?,
1769748874.2704837,RECEIVED,e859f22f-0259-4b97-b891-c186a63b96a0,50765e63-520b-48ec-b65a-935975ce03a9,c5,c3,1256,i4,?,
1769748874.3352323,RECEIVED,e0a49176-235a-4880-95c2-793460db8e9b,221cad06-78d6-409d-9b85-20a9de95aa3e,c2,DROP,446,x1,?,
1769748874.3451924,SENT,10f11ad3-a90c-4390-a881-79862142d954,605e7214-0f97-4bc4-9670-3153230f16bd,c1,c5,869,?,p2,
1769748874.3452353,FORWARDED,10f11ad3-a90c-4390-a881-79862142d954,605e7214-0f97-4bc4-9670-3153230f16bd,c1,c5,869,?,p2,
1769748874.3465075,RECEIVED,1a94ea12-d9b5-4e73-86d8-eb586f3c0dea,16425f0a-8580-4d92-b10e-c2119d4d4fdd,c4,DROP,679,i3,?,
1769748874.468192,SENT,e859f22f-0259-4b97-b891-c186a63b96a0,50765e63-520b-48ec-b65a-935975ce03a9,c5,c3,868,?,p3,
1769748874.468233,FORWARDED,e859f22f-0259-4b97-b891-c186a63b96a0,50765e63-520b-48ec-b65a-935975ce03a9,c5,c3,868,?,p3,
1769748874.649292,RECEIVED,dd3b0e4e-c01d-4039-ad47-183b80e859f7,aa2c004c-a9d4-4a79-a81c-86b32cf55ff6,c1,DROP,684,i1,?,
1769748874.6738544,RECEIVED,a3a3fd1e-9e68-43ad-b20d-ad2939aa9bbd,a90178e8-814a-4303-982c-4b96acf94fd9,c5,None,1127,i8,?,
1769748874.6863031,SENT,56543f90-dcfe-4be1-a1ab-a82bad67d044,c5294c73-e4db-4f43-be00-516ca4165890,c2,DROP,441,?,x6,
1769748874.686344,FORWARDED,56543f90-dcfe-4be1-a1ab-a82bad67d044,c5294c73-e4db-4f43-be00-516ca4165890,c2,DROP,441,?,x6,
1769748874.7203417,RECEIVED,f361105c-3f2f-46f7-ba82-e6802a07ddcb,68c9cea8-4421-4448-9c61-2853b4ff528c,c4,DROP,690,i8,?,
1769748874.7597804,RECEIVED,ae889f3f-474f-4a9b-bb9e-ed2927cf62a9,58b8b117-03fd-4c7b-95f7-0f2abd98efa1,c3,DROP,684,i4,?,
1769748874.77069,SENT,f361105c-3f2f-46f7-ba82-e6802a07ddcb,68c9cea8-4421-4448-9c61-2853b4ff528c,c4,DROP,442,?,x10,
1769748874.7707314,FORWARDED,f361105c-3f2f-46f7-ba82-e6802a07ddcb,68c9cea8-4421-4448-9c61-2853b4ff528c,c4,DROP,442,?,x10,
1769748874.7746375,SENT,9ee5bdaf-71ac-4aff-b8f0-56be036a24f7,864c6ec1-7e1d-4373-80a2-25acbf65c82d,c3,DROP,441,?,e1,
1769748874.774676,FORWARDED,9ee5bdaf-71ac-4aff-b8f0-56be036a24f7,864c6ec1-7e1d-4373-80a2-25acbf65c82d,c3,DROP,441,?,e1,
1769748874.8322153,SENT,a3a3fd1e-9e68-43ad-b20d-ad2939aa9bbd,a90178e8-814a-4303-982c-4b96acf94fd9,c5,None,772,?,p1,
1769748874.8322566,FORWARDED,a3a3fd1e-9e68-43ad-b20d-ad2939aa9bbd,a90178e8-814a-4303-982c-4b96acf94fd9,c5,None,772,?,p1,
1769748874.8842583,RECEIVED,6f2e2bc1-78de-4922-91c4-b9fe2ee39130,af20dfe1-e380-4d44-93fb-49631a3f8fcb,c2,DROP,686,i8,?,
1769748874.9372246,SENT,6f2e2bc1-78de-4922-91c4-b9fe2ee39130,af20dfe1-e380-4d44-93fb-49631a3f8fcb,c2,DROP,441,?,x6,
1769748874.9372656,FORWARDED,6f2e2bc1-78de-4922-91c4-b9fe2ee39130,af20dfe1-e380-4d44-93fb-49631a3f8fcb,c2,DROP,441,?,x6,
1769748874.9449644,SENT,ae889f3f-474f-4a9b-bb9e-ed2927cf62a9,58b8b117-03fd-4c7b-95f7-0f2abd98efa1,c3,DROP,440,?,e6,
1769748874.9450147,FORWARDED,ae889f3f-474f-4a9b-bb9e-ed2927cf62a9,58b8b117-03fd-4c7b-95f7-0f2abd98efa1,c3,DROP,440,?,e6,
1769748875.1524265,SENT,1a94ea12-d9b5-4e73-86d8-eb586f3c0dea,16425f0a-8580-4d92-b10e-c2119d4d4fdd,c4,DROP,438,?,i6,
1769748875.1524673,FORWARDED,1a94ea12-d9b5-4e73-86d8-eb586f3c0dea,16425f0a-8580-4d92-b10e-c2119d4d4fdd,c4,DROP,438,?,i6,
1769748875.1593897,RECEIVED,2849fba1-720b-44be-863c-e151f9d97103,cbb117c6-a601-490b-99a5-44b76ef34146,c4,DROP,686,i12,?,
1769748875.228981,SENT,dd3b0e4e-c01d-4039-ad47-183b80e859f7,aa2c004c-a9d4-4a79-a81c-86b32cf55ff6,c1,DROP,441,?,e12,
1769748875.2290227,FORWARDED,dd3b0e4e-c01d-4039-ad47-183b80e859f7,aa2c004c-a9d4-4a79-a81c-86b32cf55ff6,c1,DROP,441,?,e12,
1769748875.3713026,RECEIVED,753d305e-2624-4466-8de0-eddc98e40101,9ab589ee-1aba-484e-be19-813613502804,c2,None,1130,i3,?,
1769748875.4662075,SENT,2849fba1-720b-44be-863c-e151f9d97103,cbb117c6-a601-490b-99a5-44b76ef34146,c4,DROP,442,?,x3,
1769748875.4662542,FORWARDED,2849fba1-720b-44be-863c-e151f9d97103,cbb117c6-a601-490b-99a5-44b76ef34146,c4,DROP,442,?,x3,
1769748875.546997,RECEIVED,1504df1e-d141-4a5e-9b30-33c3a54be797,9ae5e886-5e26-472c-8508-73e0bea6f1a1,c4,DROP,441,x3,?,
1769748875.7251062,RECEIVED,177bbfae-5c22-40fe-87be-aa94adcf9ff0,68fee791-a9ba-4536-855e-9573f1839bca,c4,DROP,446,x5,?,
1769748876.0142088,RECEIVED,a1602d78-bfe9-47fb-a69f-bc88a20da355,325402d9-3734-40f2-86eb-c7fe11413506,c5,DROP,682,i7,?,
1769748876.053768,RECEIVED,c17fe2b2-3ade-4ed7-8443-4d82e144c0fd,b9ad300f-c6be-4b8e-acc9-ac81862101d2,c2,None,1135,i10,?,
1769748876.1407685,RECEIVED,30a8b648-617f-4c5b-a038-54c94653ad85,ebd0a8c7-a789-46d7-9819-91563475638d,c5,DROP,684,i3,?,
1769748876.1571794,RECEIVED,b11c92cf-79b7-467b-8e0c-6104d712b925,35eb8a35-2a2f-4747-aa72-32054754ef61,c2,DROP,685,i9,?,
1769748876.194761,RECEIVED,755abe60-aa94-460f-9395-453c926d9e76,33ca6c4d-46ee-4ab0-a03e-d71dcd85723b,c1,DROP,442,x1,?,
1769748876.1982746,RECEIVED,7f31d3b0-8869-4faa-a297-4ca425f91be6,d7d19425-e912-4428-a35e-fbcabaa5a328,c4,DROP,685,i2,?,
1769748876.2114928,SENT,b11c92cf-79b7-467b-8e0c-6104d712b925,35eb8a35-2a2f-4747-aa72-32054754ef61,c2,DROP,441,?,e5,
1769748876.2115338,FORWARDED,b11c92cf-79b7-467b-8e0c-6104d712b925,35eb8a35-2a2f-4747-aa72-32054754ef61,c2,DROP,441,?,e5,
1769748876.2157018,SENT,7f31d3b0-8869-4faa-a297-4ca425f91be6,d7d19425-e912-4428-a35e-fbcabaa5a328,c4,DROP,440,?,e9,
1769748876.2157419,FORWARDED,7f31d3b0-8869-4faa-a297-4ca425f91be6,d7d19425-e912-4428-a35e-fbcabaa5a328,c4,DROP,440,?,e9,
1769748876.2378056,SENT,30a8b648-617f-4c5b-a038-54c94653ad85,ebd0a8c7-a789-46d7-9819-91563475638d,c5,DROP,441,?,i5,
1769748876.237845,FORWARDED,30a8b648-617f-4c5b-a038-54c94653ad85,ebd0a8c7-a789-46d7-9819-91563475638d,c5,DROP,441,?,i5,
1769748876.4178147,SENT,753d305e-2624-4466-8de0-eddc98e40101,9ab589ee-1aba-484e-be19-813613502804,c2,None,775,?,p3,
1769748876.4178603,FORWARDED,753d305e-2624-4466-8de0-eddc98e40101,9ab589ee-1aba-484e-be19-813613502804,c2,None,775,?,p3,
1769748876.5695002,SENT,c17fe2b2-3ade-4ed7-8443-4d82e144c0fd,b9ad300f-c6be-4b8e-acc9-ac81862101d2,c2,None,779,?,p3,
1769748876.569539,FORWARDED,c17fe2b2-3ade-4ed7-8443-4d82e144c0fd,b9ad300f-c6be-4b8e-acc9-ac81862101d2,c2,None,779,?,p3,
1769748876.6621697,RECEIVED,2173da9b-943d-46f9-9ad4-4541e8e318b6,89a42304-7cec-406d-aca2-221400b49c91,c2,DROP,441,x2,?,
1769748876.7483096,SENT,a1602d78-bfe9-47fb-a69f-bc88a20da355,325402d9-3734-40f2-86eb-c7fe11413506,c5,DROP,440,?,x10,
1769748876.748345,FORWARDED,a1602d78-bfe9-47fb-a69f-bc88a20da355,325402d9-3734-40f2-86eb-c7fe11413506,c5,DROP,440,?,x10,
1769748876.768075,RECEIVED,6beea8f3-3d4c-41ef-9c04-2fb70714e573,8dd5a1f2-e27b-4ab8-a8c4-d04e9e795623,c2,DROP,687,i6,?,
1769748876.774476,RECEIVED,45d04628-dc31-4ed5-96aa-2af8000e764b,93605656-cb94-41fd-8042-a0d9cc57b4a2,c1,None,1131,i9,?,
1769748876.950954,RECEIVED,7b207eef-816c-4cd5-83a2-bd2ba3325885,e828fa4e-b004-4f2e-8d9a-e39153aa90d2,c1,DROP,684,i6,?,
1769748877.0360441,SENT,7b207eef-816c-4cd5-83a2-bd2ba3325885,e828fa4e-b004-4f2e-8d9a-e39153aa90d2,c1,DROP,441,?,i1,
1769748877.036102,FORWARDED,7b207eef-816c-4cd5-83a2-bd2ba3325885,e828fa4e-b004-4f2e-8d9a-e39153aa90d2,c1,DROP,441,?,i1,
1769748877.2832654,RECEIVED,8c781bf5-2b40-4492-aeaa-2d22f25bef55,341126c1-c867-4940-88ec-bd3002a6d992,c5,DROP,692,i7,?,
1769748877.2967737,RECEIVED,177350ff-c788-4c30-8744-bad5c5e03f87,4ee206a2-828b-4c2a-8b38-20137c3f9e87,c1,DROP,684,i5,?,
1769748877.4143453,RECEIVED,a040f56a-0198-4598-8e98-398b54bedbf8,a3aff80f-c7f3-4fff-85b0-ac1a63f1298e,c3,DROP,683,i3,?,
1769748877.4222848,RECEIVED,8ebfb77d-a3ef-4bac-98b7-1ac1586441d4,f34bd569-8daf-4c95-b1ee-80f386d04bc8,c4,DROP,687,i2,?,
1769748877.4702444,SENT,45d04628-dc31-4ed5-96aa-2af8000e764b,93605656-cb94-41fd-8042-a0d9cc57b4a2,c1,None,776,?,p1,
1769748877.470285,FORWARDED,45d04628-dc31-4ed5-96aa-2af8000e764b,93605656-cb94-41fd-8042-a0d9cc57b4a2,c1,None,776,?,p1,
1769748877.501987,RECEIVED,15fca9c0-6bd7-4518-9ba3-1f0033366a0e,bdbe4cc6-89e6-45f3-9138-8265ff0320a2,c2,c3,1255,i5,?,
1769748877.5036523,SENT,6beea8f3-3d4c-41ef-9c04-2fb70714e573,8dd5a1f2-e27b-4ab8-a8c4-d04e9e795623,c2,DROP,442,?,x5,
1769748877.5036922,FORWARDED,6beea8f3-3d4c-41ef-9c04-2fb70714e573,8dd5a1f2-e27b-4ab8-a8c4-d04e9e795623,c2,DROP,442,?,x5,
1769748877.531141,RECEIVED,a8527df5-ab30-451e-8088-57d1eb46995a,ed279fc0-8998-4711-88bc-14931ad00fc3,c2,DROP,683,i9,?,
1769748877.5426435,RECEIVED,e128b9e9-f063-4168-8bb3-af7b4cc5c287,0d90b4f7-c7b1-452a-978a-c389c755e5ad,c5,DROP,688,i9,?,
1769748877.6394286,RECEIVED,2a58cc41-b771-4c45-b700-aaa08aa95adb,4f8f0694-fa75-41af-a0ac-17d925085d09,c1,DROP,684,i3,?,
1769748877.6596649,RECEIVED,a783110a-b07f-49ae-9c9f-99176f6bf925,62c4d4bb-ad25-4700-b75d-5806ac729f6e,c1,c5,1256,i3,?,
1769748877.7023032,SENT,177350ff-c788-4c30-8744-bad5c5e03f87,4ee206a2-828b-4c2a-8b38-20137c3f9e87,c1,DROP,441,?,i10,
1769748877.7023418,FORWARDED,177350ff-c788-4c30-8744-bad5c5e03f87,4ee206a2-828b-4c2a-8b38-20137c3f9e87,c1,DROP,441,?,i10,
1769748877.7955618,RECEIVED,bc087780-94dc-4c96-8a8b-432ad4d7e554,34d760ed-a43c-4478-aa89-c197ce123d5a,c3,DROP,685,i8,?,
1769748877.8042257,SENT,bc087780-94dc-4c96-8a8b-432ad4d7e554,34d760ed-a43c-4478-aa89-c197ce123d5a,c3,DROP,441,?,e5,
1769748877.8042667,FORWARDED,bc087780-94dc-4c96-8a8b-432ad4d7e554,34d760ed-a43c-4478-aa89-c197ce123d5a,c3,DROP,441,?,e5,
1769748877.8464527,RECEIVED,266695ca-67cf-42f9-8ac7-91c12671ccdd,d4f64efa-877d-4a2e-8ade-5e200cd95446,c5,DROP,692,i11,?,
1769748877.8855598,SENT,2a58cc41-b771-4c45-b700-aaa08aa95adb,4f8f0694-fa75-41af-a0ac-17d925085d09,c1,DROP,441,?,e6,
1769748877.8855984,FORWARDED,2a58cc41-b771-4c45-b700-aaa08aa95adb,4f8f0694-fa75-41af-a0ac-17d925085d09,c1,DROP,441,?,e6,
1769748878.0195682,RECEIVED,896b2ba6-033c-4f8b-854b-436417c11d35,61dc2ea2-57f8-4245-adfb-10a5b3c4faa4,c5,c3,1250,i8,?,
1769748878.0267582,SENT,8ebfb77d-a3ef-4bac-98b7-1ac1586441d4,f34bd569-8daf-4c95-b1ee-80f386d04bc8,c4,DROP,443,?,e3,
1769748878.026796,FORWARDED,8ebfb77d-a3ef-4bac-98b7-1ac1586441d4,f34bd569-8daf-4c95-b1ee-80f386d04bc8,c4,DROP,443,?,e3,
1769748878.035983,SENT,15fca9c0-6bd7-4518-9ba3-1f0033366a0e,bdbe4cc6-89e6-45f3-9138-8265ff0320a2,c2,c3,870,?,p3,
1769748878.036027,FORWARDED,15fca9c0-6bd7-4518-9ba3-1f0033366a0e,bdbe4cc6-89e6-45f3-9138-8265ff0320a2,c2,c3,870,?,p3,
1769748878.0743287,SENT,a783110a-b07f-49ae-9c9f-99176f6bf925,62c4d4bb-ad25-4700-b75d-5806ac729f6e,c1,c5,868,?,p2,
1769748878.0743694,FORWARDED,a783110a-b07f-49ae-9c9f-99176f6bf925,62c4d4bb-ad25-4700-b75d-5806ac729f6e,c1,c5,868,?,p2,
1769748878.0837977,RECEIVED,9ffa70c7-3299-4dba-ae28-c1c71ac99d64,e1e902a0-7c48-4552-8d8f-fcf2d1b22afd,c5,c3,1256,i12,?,
1769748878.1091206,RECEIVED,4b68e472-b8a3-48bd-aa9b-2a73f8029d95,e28d039b-08c3-4adb-bd5d-42cc13d6dd24,c3,DROP,683,i6,?,
1769748878.1248755,RECEIVED,03eebd97-f6d9-4bb9-b5d4-e85ee10d6bae,1294c1f1-c9c8-4d0c-b080-c5add1d88937,c2,DROP,687,i8,?,
1769748878.1863773,SENT,9ffa70c7-3299-4dba-ae28-c1c71ac99d64,e1e902a0-7c48-4552-8d8f-fcf2d1b22afd,c5,c3,868,?,p3,
1769748878.1864913,FORWARDED,9ffa70c7-3299-4dba-ae28-c1c71ac99d64,e1e902a0-7c48-4552-8d8f-fcf2d1b22afd,c5,c3,868,?,p3,
1769748878.2113898,SENT,e128b9e9-f063-4168-8bb3-af7b4cc5c287,0d90b4f7-c7b1-452a-978a-c389c755e5ad,c5,DROP,442,?,x10,
1769748878.2114654,FORWARDED,e128b9e9-f063-4168-8bb3-af7b4cc5c287,0d90b4f7-c7b1-452a-978a-c389c755e5ad,c5,DROP,442,?,x10,
1769748878.2571743,RECEIVED,989e16ae-01d7-4566-8461-babc3a4146b2,e5effd61-2bed-45ff-8289-e898ce33b185,c3,None,1130,i8,?,
1769748878.2601967,RECEIVED,3bb189c8-082e-418b-83fb-84e6bf6119b6,fbb68fdc-07b9-42e3-930d-a1e37db2527c,c1,DROP,683,i6,?,
1769748878.278201,RECEIVED,72b3cd49-255c-413d-9839-759cec6830c5,35a315ac-6d4b-4c74-9148-6ef04b3793c2,c2,DROP,691,i11,?,
1769748878.282106,SENT,266695ca-67cf-42f9-8ac7-91c12671ccdd,d4f64efa-877d-4a2e-8ade-5e200cd95446,c5,DROP,445,?,x1,
1769748878.2821462,FORWARDED,266695ca-67cf-42f9-8ac7-91c12671ccdd,d4f64efa-877d-4a2e-8ade-5e200cd95446,c5,DROP,445,?,x1,
1769748878.321599,RECEIVED,25497fa1-d404-41ba-93ee-eac2b9be16d1,2a4df2e1-5a5a-44f8-9c90-aa8c8d3c12c7,c5,None,1131,i6,?,
1769748878.4561486,SENT,a040f56a-0198-4598-8e98-398b54bedbf8,a3aff80f-c7f3-4fff-85b0-ac1a63f1298e,c3,DROP,441,?,i1,
1769748878.4561918,FORWARDED,a040f56a-0198-4598-8e98-398b54bedbf8,a3aff80f-c7f3-4fff-85b0-ac1a63f1298e,c3,DROP,441,?,i1,
1769748878.5105577,RECEIVED,6a2ff838-a9bd-4267-9cd7-57b118dcf859,b0bef86f-72eb-4eeb-b371-7e9d44041b5d,c1,c5,1263,i9,?,
1769748878.5331936,RECEIVED,243317e5-ead1-484d-9256-162cdbca5c33,aa1c14c9-d8f7-44b0-be8e-c03a33f58e3e,c5,c3,1312,i4,?,
1769748878.560425,SENT,03eebd97-f6d9-4bb9-b5d4-e85ee10d6bae,1294c1f1-c9c8-4d0c-b080-c5add1d88937,c2,DROP,442,?,e8,
1769748878.5604658,FORWARDED,03eebd97-f6d9-4bb9-b5d4-e85ee10d6bae,1294c1f1-c9c8-4d0c-b080-c5add1d88937,c2,DROP,442,?,e8,
1769748878.5711243,SENT,896b2ba6-033c-4f8b-854b-436417c11d35,61dc2ea2-57f8-4245-adfb-10a5b3c4faa4,c5,c3,867,?,p3,
1769748878.571165,FORWARDED,896b2ba6-033c-4f8b-854b-436417c11d35,61dc2ea2-57f8-4245-adfb-10a5b3c4faa4,c5,c3,867,?,p3,
1769748878.5826292,SENT,3bb189c8-082e-418b-83fb-84e6bf6119b6,fbb68fdc-07b9-42e3-930d-a1e37db2527c,c1,DROP,441,?,x1,
1769748878.5826697,FORWARDED,3bb189c8-082e-418b-83fb-84e6bf6119b6,fbb68fdc-07b9-42e3-930d-a1e37db2527c,c1,DROP,441,?,x1,
1769748878.5866332,SENT,989e16ae-01d7-4566-8461-babc3a4146b2,e5effd61-2bed-45ff-8289-e898ce33b185,c3,None,775,?,p2,
1769748878.5866768,FORWARDED,989e16ae-01d7-4566-8461-babc3a4146b2,e5effd61-2bed-45ff-8289-e898ce33b185,c3,None,775,?,p2,
1769748878.6350024,SENT,25497fa1-d404-41ba-93ee-eac2b9be16d1,2a4df2e1-5a5a-44f8-9c90-aa8c8d3c12c7,c5,None,776,?,p1,
1769748878.6350431,FORWARDED,25497fa1-d404-41ba-93ee-eac2b9be16d1,2a4df2e1-5a5a-44f8-9c90-aa8c8d3c12c7,c5,None,776,?,p1,
1769748878.6710265,SENT,a8527df5-ab30-451e-8088-57d1eb46995a,ed279fc0-8998-4711-88bc-14931ad00fc3,c2,DROP,441,?,i7,
1769748878.6711168,FORWARDED,a8527df5-ab30-451e-8088-57d1eb46995a,ed279fc0-8998-4711-88bc-14931ad00fc3,c2,DROP,441,?,i7,
1769748878.728193,RECEIVED,670e41b0-8f5b-4ec6-98e3-9eb4d5f7b271,33773c8d-a0c7-454a-b92b-b5db044c3dc7,c4,DROP,688,i2,?,
1769748878.7495408,SENT,6a2ff838-a9bd-4267-9cd7-57b118dcf859,b0bef86f-72eb-4eeb-b371-7e9d44041b5d,c1,c5,875,?,p2,
1769748878.7495787,FORWARDED,6a2ff838-a9bd-4267-9cd7-57b118dcf859,b0bef86f-72eb-4eeb-b371-7e9d44041b5d,c1,c5,875,?,p2,
1769748878.8215694,SENT,4b68e472-b8a3-48bd-aa9b-2a73f8029d95,e28d039b-08c3-4adb-bd5d-42cc13d6dd24,c3,DROP,441,?,e7,
1769748878.8216095,FORWARDED,4b68e472-b8a3-48bd-aa9b-2a73f8029d95,e28d039b-08c3-4adb-bd5d-42cc13d6dd24,c3,DROP,441,?,e7,
1769748878.868551,SENT,72b3cd49-255c-413d-9839-759cec6830c5,35a315ac-6d4b-4c74-9148-6ef04b3793c2,c2,DROP,446,?,e4,
1769748878.86859,FORWARDED,72b3cd49-255c-413d-9839-759cec6830c5,35a315ac-6d4b-4c74-9148-6ef04b3793c2,c2,DROP,446,?,e4,
1769748878.913701,SENT,243317e5-ead1-484d-9256-162cdbca5c33,aa1c14c9-d8f7-44b0-be8e-c03a33f58e3e,c5,c3,911,?,p3,
1769748878.9137335,FORWARDED,243317e5-ead1-484d-9256-162cdbca5c33,aa1c14c9-d8f7-44b0-be8e-c03a33f58e3e,c5,c3,911,?,p3,
1769748878.950415,SENT,670e41b0-8f5b-4ec6-98e3-9eb4d5f7b271,33773c8d-a0c7-454a-b92b-b5db044c3dc7,c4,DROP,442,?,i4,
1769748878.9504573,FORWARDED,670e41b0-8f5b-4ec6-98e3-9eb4d5f7b271,33773c8d-a0c7-454a-b92b-b5db044c3dc7,c4,DROP,442,?,i4,
1769748879.0752094,SENT,8c781bf5-2b40-4492-aeaa-2d22f25bef55,341126c1-c867-4940-88ec-bd3002a6d992,c5,DROP,445,?,i12,
1769748879.0752485,FORWARDED,8c781bf5-2b40-4492-aeaa-2d22f25bef55,341126c1-c867-4940-88ec-bd3002a6d992,c5,DROP,445,?,i12,
1769748879.1849513,RECEIVED,db769bb0-79e2-4cfc-91e5-bc3e9d24c445,b41f2124-2b95-440e-b34a-878e56deb9aa,c3,DROP,684,i3,?,
1769748879.186655,RECEIVED,bda3f04c-784f-43f0-bf8d-4c8f4c98783a,eb517740-160a-44be-af62-cbfe54e04389,c2,None,1132,i3,?,
1769748879.189167,RECEIVED,d551182e-3356-4ef2-a0e3-1d9d81d350e8,4afe6b5b-7f7c-4e5c-a3a7-3a891f964693,c5,DROP,687,i11,?,
1769748879.237224,SENT,db769bb0-79e2-4cfc-91e5-bc3e9d24c445,b41f2124-2b95-440e-b34a-878e56deb9aa,c3,DROP,441,?,x1,
1769748879.237272,FORWARDED,db769bb0-79e2-4cfc-91e5-bc3e9d24c445,b41f2124-2b95-440e-b34a-878e56deb9aa,c3,DROP,441,?,x1,
1769748879.2448127,RECEIVED,625de993-3824-48ed-a19c-dbdf0d0a489e,55f6c7a3-8213-44c7-a0c8-92baabe37ef1,c3,DROP,684,i1,?,
1769748879.257901,RECEIVED,56200da0-a169-4ece-9a5b-892fec1f1ef6,9ec4e43a-133a-418b-8b9b-ef7b1e7c3c42,c1,None,1132,i12,?,
1769748879.3407514,SENT,56200da0-a169-4ece-9a5b-892fec1f1ef6,9ec4e43a-133a-418b-8b9b-ef7b1e7c3c42,c1,None,775,?,p1,
1769748879.3407845,FORWARDED,56200da0-a169-4ece-9a5b-892fec1f1ef6,9ec4e43a-133a-418b-8b9b-ef7b1e7c3c42,c1,None,775,?,p1,
1769748879.3447893,SENT,625de993-3824-48ed-a19c-dbdf0d0a489e,55f6c7a3-8213-44c7-a0c8-92baabe37ef1,c3,DROP,441,?,e7,
1769748879.344829,FORWARDED,625de993-3824-48ed-a19c-dbdf0d0a489e,55f6c7a3-8213-44c7-a0c8-92baabe37ef1,c3,DROP,441,?,e7,
1769748879.3518856,SENT,bda3f04c-784f-43f0-bf8d-4c8f4c98783a,eb517740-160a-44be-af62-cbfe54e04389,c2,None,776,?,p3,
1769748879.3519263,FORWARDED,bda3f04c-784f-43f0-bf8d-4c8f4c98783a,eb517740-160a-44be-af62-cbfe54e04389,c2,None,776,?,p3,
1769748879.3561556,RECEIVED,4c958bfe-e135-464c-88af-0d9f821ab16d,6c0dae31-50ae-4260-bc0c-f0ab9ae32d6a,c2,None,1127,i6,?,
1769748879.561043,SENT,d551182e-3356-4ef2-a0e3-1d9d81d350e8,4afe6b5b-7f7c-4e5c-a3a7-3a891f964693,c5,DROP,442,?,x1,
1769748879.5610962,FORWARDED,d551182e-3356-4ef2-a0e3-1d9d81d350e8,4afe6b5b-7f7c-4e5c-a3a7-3a891f964693,c5,DROP,442,?,x1,
1769748879.6277227,RECEIVED,ad5797f0-4c45-4546-9b08-dfed1e83d542,5f90c6bc-1379-4b0a-ab6d-74905c7b1387,c2,None,1128,i6,?,
1769748879.6556273,SENT,4c958bfe-e135-464c-88af-0d9f821ab16d,6c0dae31-50ae-4260-bc0c-f0ab9ae32d6a,c2,None,772,?,p3,
1769748879.6556678,FORWARDED,4c958bfe-e135-464c-88af-0d9f821ab16d,6c0dae31-50ae-4260-bc0c-f0ab9ae32d6a,c2,None,772,?,p3,
1769748879.6972847,SENT,ad5797f0-4c45-4546-9b08-dfed1e83d542,5f90c6bc-1379-4b0a-ab6d-74905c7b1387,c2,None,773,?,p3,
1769748879.697324,FORWARDED,ad5797f0-4c45-4546-9b08-dfed1e83d542,5f90c6bc-1379-4b0a-ab6d-74905c7b1387,c2,None,773,?,p3,
1769748879.7306464,RECEIVED,f07ee27e-c97c-400e-9c5c-cef87f32fce0,14d80b57-9c43-44dc-8820-0a3fa983e6e6,c5,DROP,692,i10,?,
1769748879.9035454,SENT,f07ee27e-c97c-400e-9c5c-cef87f32fce0,14d80b57-9c43-44dc-8820-0a3fa983e6e6,c5,DROP,447,?,x4,
1769748879.903585,FORWARDED,f07ee27e-c97c-400e-9c5c-cef87f32fce0,14d80b57-9c43-44dc-8820-0a3fa983e6e6,c5,DROP,447,?,x4,
1769748880.130262,RECEIVED,8e2ed17d-09ae-4380-9c8c-d00a37a0e33c,e3842864-e89a-4d91-8866-3ba432fb7bc3,c4,c1,1259,i1,?,
1769748880.1738377,RECEIVED,955dbdf2-95db-4e35-921e-aef9e14aef78,d37792bd-5b61-4c2a-a026-64224d4bfc7f,c2,DROP,684,i4,?,
1769748880.325118,SENT,8e2ed17d-09ae-4380-9c8c-d00a37a0e33c,e3842864-e89a-4d91-8866-3ba432fb7bc3,c4,c1,871,?,p1,
1769748880.325164,FORWARDED,8e2ed17d-09ae-4380-9c8c-d00a37a0e33c,e3842864-e89a-4d91-8866-3ba432fb7bc3,c4,c1,871,?,p1,
1769748880.4485545,RECEIVED,a2c8fa5d-4272-483d-9a9d-543c365c7d80,268f4c2d-a189-4f05-865a-b0bedf273837,c5,DROP,690,i2,?,
1769748880.4999464,SENT,a2c8fa5d-4272-483d-9a9d-543c365c7d80,268f4c2d-a189-4f05-865a-b0bedf273837,c5,DROP,442,?,x11,
1769748880.499986,FORWARDED,a2c8fa5d-4272-483d-9a9d-543c365c7d80,268f4c2d-a189-4f05-865a-b0bedf273837,c5,DROP,442,?,x11,
1769748880.5027318,SENT,955dbdf2-95db-4e35-921e-aef9e14aef78,d37792bd-5b61-4c2a-a026-64224d4bfc7f,c2,DROP,440,?,i1,
1769748880.5027735,FORWARDED,955dbdf2-95db-4e35-921e-aef9e14aef78,d37792bd-5b61-4c2a-a026-64224d4bfc7f,c2,DROP,440,?,i1,
1769748880.5701823,RECEIVED,c91535d5-35f7-4c17-9600-35b6cab24e4a,acb1ea84-0253-4b25-b9fb-6ab8d2b4051b,c5,None,1128,i5,?,
1769748880.6898983,SENT,c91535d5-35f7-4c17-9600-35b6cab24e4a,acb1ea84-0253-4b25-b9fb-6ab8d2b4051b,c5,None,774,?,p1,
1769748880.6899378,FORWARDED,c91535d5-35f7-4c17-9600-35b6cab24e4a,acb1ea84-0253-4b25-b9fb-6ab8d2b4051b,c5,None,774,?,p1,
1769748880.7162468,RECEIVED,f97dd2be-65ef-4c5b-a289-d14a661a066b,58d34169-3bca-4e32-ba6d-1f1e82907cb9,c1,None,1131,i9,?,
1769748880.7534957,RECEIVED,c7814ea1-74a8-4fe9-8572-99862bcfb721,89602db5-87eb-4e54-b11c-330f9337c36d,c3,None,1123,i4,?,
1769748880.9868386,RECEIVED,1be5608d-e6bb-4800-8ddf-c51536f313ba,9c7c45e9-d83a-44d7-bd0d-1fafb2b1746a,c3,c2,1260,i5,?,
1769748881.0407314,SENT,1be5608d-e6bb-4800-8ddf-c51536f313ba,9c7c45e9-d83a-44d7-bd0d-1fafb2b1746a,c3,c2,871,?,p2,
1769748881.0407746,FORWARDED,1be5608d-e6bb-4800-8ddf-c51536f313ba,9c7c45e9-d83a-44d7-bd0d-1fafb2b1746a,c3,c2,871,?,p2,
1769748881.1084495,SENT,f97dd2be-65ef-4c5b-a289-d14a661a066b,58d34169-3bca-4e32-ba6d-1f1e82907cb9,c1,None,775,?,p1,
1769748881.1084862,FORWARDED,f97dd2be-65ef-4c5b-a289-d14a661a066b,58d34169-3bca-4e32-ba6d-1f1e82907cb9,c1,None,775,?,p1,
1769748881.1180604,RECEIVED,37130514-8a89-429b-80ed-f4062094822b,b5bc0b6e-042a-45af-a124-55724b5c711b,c3,DROP,688,i10,?,
1769748881.1314259,RECEIVED,0cf9f053-ad0e-499c-a41c-dfe32d694fe5,9cab2c05-be57-4f51-ad66-2e28bc53d725,c2,c3,1255,i6,?,
1769748881.273112,RECEIVED,912f70d4-74e5-4c77-a87d-c4a4e1e56292,3a3f1007-37f0-42e2-a4fb-b104e6234550,c5,DROP,683,i12,?,
1769748881.341429,RECEIVED,9652eeb3-d6b2-4e8f-a9b6-ba57569216c5,00d44695-6aaa-424a-ae7f-87e431b021b5,c1,DROP,684,i5,?,
1769748881.39041,RECEIVED,dfc11eca-5433-4bba-b291-cb96902b9db1,c8c321a9-1446-4bea-ae95-50f9f92fa2d7,c5,DROP,442,x3,?,
1769748881.3986309,SENT,37130514-8a89-429b-80ed-f4062094822b,b5bc0b6e-042a-45af-a124-55724b5c711b,c3,DROP,442,?,e1,
1769748881.398669,FORWARDED,37130514-8a89-429b-80ed-f4062094822b,b5bc0b6e-042a-45af-a124-55724b5c711b,c3,DROP,442,?,e1,
1769748881.4006674,RECEIVED,faf9bee2-5eaa-41d3-90ec-74fe7a68e399,b822ab75-87fd-4a3f-bdc6-57cb2fe509ae,c2,None,1136,i10,?,
1769748881.4678028,RECEIVED,f173974e-2923-48a8-845c-175f87eb9a80,546879e0-16f2-448a-989e-be3a2c849598,c2,DROP,684,i8,?,
1769748881.5116928,RECEIVED,4010e8af-5b8d-41cd-990b-10cc89e6d12f,864d429e-a0e2-487a-ad49-648aeeca18df,c4,DROP,682,i5,?,
1769748881.5393324,SENT,9652eeb3-d6b2-4e8f-a9b6-ba57569216c5,00d44695-6aaa-424a-ae7f-87e431b021b5,c1,DROP,441,?,i2,
1769748881.539372,FORWARDED,9652eeb3-d6b2-4e8f-a9b6-ba57569216c5,00d44695-6aaa-424a-ae7f-87e431b021b5,c1,DROP,441,?,i2,
1769748881.7094846,RECEIVED,99e3fee0-58ab-4b36-88dc-a83d20310b3c,ab7b2098-c321-4eb5-8a76-c0d94ad3682e,c4,DROP,689,i7,?,
1769748881.7126641,SENT,f173974e-2923-48a8-845c-175f87eb9a80,546879e0-16f2-448a-989e-be3a2c849598,c2,DROP,441,?,i4,
1769748881.7127163,FORWARDED,f173974e-2923-48a8-845c-175f87eb9a80,546879e0-16f2-448a-989e-be3a2c849598,c2,DROP,441,?,i4,
1769748881.8050976,SENT,0cf9f053-ad0e-499c-a41c-dfe32d694fe5,9cab2c05-be57-4f51-ad66-2e28bc53d725,c2,c3,868,?,p3,
1769748881.805141,FORWARDED,0cf9f053-ad0e-499c-a41c-dfe32d694fe5,9cab2c05-be57-4f51-ad66-2e28bc53d725,c2,c3,868,?,p3,
1769748881.819232,SENT,912f70d4-74e5-4c77-a87d-c4a4e1e56292,3a3f1007-37f0-42e2-a4fb-b104e6234550,c5,DROP,441,?,x1,
1769748881.819267,FORWARDED,912f70d4-74e5-4c77-a87d-c4a4e1e56292,3a3f1007-37f0-42e2-a4fb-b104e6234550,c5,DROP,441,?,x1,
1769748881.898831,SENT,faf9bee2-5eaa-41d3-90ec-74fe7a68e399,b822ab75-87fd-4a3f-bdc6-57cb2fe509ae,c2,None,779,?,p3,
1769748881.8989003,FORWARDED,faf9bee2-5eaa-41d3-90ec-74fe7a68e399,b822ab75-87fd-4a3f-bdc6-57cb2fe509ae,c2,None,779,?,p3,
1769748881.9435508,RECEIVED,6c267f7b-0149-40b3-b978-09748ff7fa67,941c0546-2f87-4876-b373-2ed069ec684b,c2,c3,1263,i11,?,
1769748881.9892302,SENT,99e3fee0-58ab-4b36-88dc-a83d20310b3c,ab7b2098-c321-4eb5-8a76-c0d94ad3682e,c4,DROP,442,?,i12,
1769748881.9892685,FORWARDED,99e3fee0-58ab-4b36-88dc-a83d20310b3c,ab7b2098-c321-4eb5-8a76-c0d94ad3682e,c4,DROP,442,?,i12,
1769748882.077239,RECEIVED,9a379fab-6dec-426d-8e5f-879241ec7550,4c60683b-801f-4789-8bd7-637b5a111fe3,c3,DROP,445,x4,?,
1769748882.142666,SENT,c7814ea1-74a8-4fe9-8572-99862bcfb721,89602db5-87eb-4e54-b11c-330f9337c36d,c3,None,771,?,p2,
1769748882.1427083,FORWARDED,c7814ea1-74a8-4fe9-8572-99862bcfb721,89602db5-87eb-4e54-b11c-330f9337c36d,c3,None,771,?,p2,
1769748882.38464,RECEIVED,3fa75403-c34a-4e3a-ac49-5e2752928d61,b9e4cdc5-f47f-47db-83aa-9ece69341f73,c2,DROP,684,i9,?,
1769748882.489827,RECEIVED,53518a0e-5e00-4bc1-aea0-358b7c14036f,192af323-2ef7-4ee4-80b2-6a4bf859d820,c2,DROP,687,i7,?,
1769748882.5314388,RECEIVED,f68e1784-d790-4d59-baaa-c9fb51ff365d,a3d43248-eb36-4aa6-b945-0cc3df7c29cd,c4,DROP,446,x11,?,
1769748882.6211996,RECEIVED,916fffc1-f321-401b-ab7e-49282dd11699,17cae2d0-4af6-4118-b9c5-7a2fd69373f0,c3,None,1131,i5,?,
1769748882.6461158,RECEIVED,5504a52a-588c-48d0-87bc-3465b8d45a47,cf478c10-c741-422e-babf-f903be2f9436,c4,DROP,683,i1,?,
1769748882.7103736,SENT,3fa75403-c34a-4e3a-ac49-5e2752928d61,b9e4cdc5-f47f-47db-83aa-9ece69341f73,c2,DROP,441,?,e3,
1769748882.7104144,FORWARDED,3fa75403-c34a-4e3a-ac49-5e2752928d61,b9e4cdc5-f47f-47db-83aa-9ece69341f73,c2,DROP,441,?,e3,
1769748882.7365432,RECEIVED,f158b97a-adef-46d8-ab15-5aba816a4509,94905df6-d7bd-446e-b9d9-98bdfecdbf62,c4,DROP,437,x3,?,
1769748882.7541857,RECEIVED,4000e0c9-c4a4-47f1-a6d1-204b934a0e38,7a53290b-ee0e-4f47-a868-6e406c931a3a,c2,DROP,688,i3,?,
1769748882.7858229,SENT,6c267f7b-0149-40b3-b978-09748ff7fa67,941c0546-2f87-4876-b373-2ed069ec684b,c2,c3,874,?,p3,
1769748882.785864,FORWARDED,6c267f7b-0149-40b3-b978-09748ff7fa67,941c0546-2f87-4876-b373-2ed069ec684b,c2,c3,874,?,p3,
1769748882.8344395,RECEIVED,80d79d40-26bb-489e-abd0-2d27e1d391e2,43429702-c4cd-465f-8b46-97071120e736,c2,DROP,683,i6,?,
1769748882.8898203,RECEIVED,e7300f07-f611-4089-8c08-055ff31093e5,7a2c1e4b-5597-4575-9728-f11881b257a3,c3,None,1124,i1,?,
1769748882.9626236,RECEIVED,13f6d381-a5f6-4889-91f2-7a9f81d0c769,e836189a-53ff-4d56-b2eb-ff1313eef6e2,c1,DROP,688,i11,?,
1769748882.969329,SENT,5504a52a-588c-48d0-87bc-3465b8d45a47,cf478c10-c741-422e-babf-f903be2f9436,c4,DROP,441,?,i9,
1769748882.96937,FORWARDED,5504a52a-588c-48d0-87bc-3465b8d45a47,cf478c10-c741-422e-babf-f903be2f9436,c4,DROP,441,?,i9,
1769748883.0375164,RECEIVED,8c3829d0-fbc6-412c-9154-113e985a2ab8,270842f1-fe81-4492-8d17-b5cc8432222a,c1,c5,1319,i9,?,
1769748883.076959,RECEIVED,cb455fc1-2c68-4e12-8810-c56ca426fee2,6170fe6a-ea4f-4354-8f42-200050db57ca,c5,DROP,683,i12,?,
1769748883.1744947,SENT,4010e8af-5b8d-41cd-990b-10cc89e6d12f,864d429e-a0e2-487a-ad49-648aeeca18df,c4,DROP,441,?,x1,
1769748883.174536,FORWARDED,4010e8af-5b8d-41cd-990b-10cc89e6d12f,864d429e-a0e2-487a-ad49-648aeeca18df,c4,DROP,441,?,x1,
1769748883.183211,SENT,53518a0e-5e00-4bc1-aea0-358b7c14036f,192af323-2ef7-4ee4-80b2-6a4bf859d820,c2,DROP,442,?,e2,
1769748883.1832495,FORWARDED,53518a0e-5e00-4bc1-aea0-358b7c14036f,192af323-2ef7-4ee4-80b2-6a4bf859d820,c2,DROP,442,?,e2,
1769748883.2179856,RECEIVED,f32b98ed-ede1-450c-9226-5c1ffe540019,55c65a96-f0d7-4cbc-94a0-c0ea3f85f6ad,c5,c3,1311,i8,?,
1769748883.2235682,SENT,916fffc1-f321-401b-ab7e-49282dd11699,17cae2d0-4af6-4118-b9c5-7a2fd69373f0,c3,None,775,?,p2,
1769748883.223608,FORWARDED,916fffc1-f321-401b-ab7e-49282dd11699,17cae2d0-4af6-4118-b9c5-7a2fd69373f0,c3,None,775,?,p2,
1769748883.2417452,RECEIVED,4c285171-6b41-4267-a2ed-8e4f5bc6692c,852bd022-535a-432d-bca6-84696848a46c,c4,c1,1250,i2,?,
1769748883.3581095,SENT,e7300f07-f611-4089-8c08-055ff31093e5,7a2c1e4b-5597-4575-9728-f11881b257a3,c3,None,771,?,p2,
1769748883.358151,FORWARDED,e7300f07-f611-4089-8c08-055ff31093e5,7a2c1e4b-5597-4575-9728-f11881b257a3,c3,None,771,?,p2,
1769748883.3764982,RECEIVED,b833d0a1-b84c-429c-877b-76defa749d41,8c01599f-751b-40e4-b141-8d3cca23034a,c5,None,1127,i5,?,
1769748883.433242,SENT,13f6d381-a5f6-4889-91f2-7a9f81d0c769,e836189a-53ff-4d56-b2eb-ff1313eef6e2,c1,DROP,443,?,x10,
1769748883.4332824,FORWARDED,13f6d381-a5f6-4889-91f2-7a9f81d0c769,e836189a-53ff-4d56-b2eb-ff1313eef6e2,c1,DROP,443,?,x10,
1769748883.4490728,RECEIVED,b10264d5-9ad1-425f-958b-b100384e2514,e33aecad-1d68-4b19-b02b-53916d8a193f,c5,c3,1259,i3,?,
1769748883.5479455,SENT,4000e0c9-c4a4-47f1-a6d1-204b934a0e38,7a53290b-ee0e-4f47-a868-6e406c931a3a,c2,DROP,442,?,i10,
1769748883.547982,FORWARDED,4000e0c9-c4a4-47f1-a6d1-204b934a0e38,7a53290b-ee0e-4f47-a868-6e406c931a3a,c2,DROP,442,?,i10,
1769748883.5858996,RECEIVED,7502400a-9607-4df9-ac45-78bdac9a130b,0011f5b3-19b6-4c5c-abfa-d2f7a6930233,c5,DROP,683,i12,?,
1769748883.5988743,RECEIVED,708f9d32-86bf-4a0c-be7b-f879617cfe92,08569638-2c52-44a1-8a2e-a984a4e2b244,c5,DROP,693,i12,?,
1769748883.6672509,SENT,708f9d32-86bf-4a0c-be7b-f879617cfe92,08569638-2c52-44a1-8a2e-a984a4e2b244,c5,DROP,447,?,i11,
1769748883.6672907,FORWARDED,708f9d32-86bf-4a0c-be7b-f879617cfe92,08569638-2c52-44a1-8a2e-a984a4e2b244,c5,DROP,447,?,i11,
1769748883.6798663,SENT,80d79d40-26bb-489e-abd0-2d27e1d391e2,43429702-c4cd-465f-8b46-97071120e736,c2,DROP,441,?,x2,
1769748883.679907,FORWARDED,80d79d40-26bb-489e-abd0-2d27e1d391e2,43429702-c4cd-465f-8b46-97071120e736,c2,DROP,441,?,x2,
1769748883.7639794,RECEIVED,68773d85-fd7b-4696-a33f-8a6ee3f5a9eb,c3b605b2-f7db-446f-b772-0865caf24cbf,c3,None,1131,i2,?,
1769748883.8014688,RECEIVED,7aabc700-c1af-468c-8f35-b06143e67f92,3caf8ab8-8bda-4524-b547-c23270a269a9,c1,DROP,688,i12,?,
1769748883.8335235,RECEIVED,98444510-34ab-4846-8445-a5a908d06c84,0f3e9e1d-1888-4fd0-bb3e-b521ca72244f,c5,DROP,684,i9,?,
1769748883.8824325,SENT,98444510-34ab-4846-8445-a5a908d06c84,0f3e9e1d-1888-4fd0-bb3e-b521ca72244f,c5,DROP,441,?,e9,
1769748883.882466,FORWARDED,98444510-34ab-4846-8445-a5a908d06c84,0f3e9e1d-1888-4fd0-bb3e-b521ca72244f,c5,DROP,441,?,e9,
1769748883.9623654,SENT,b10264d5-9ad1-425f-958b-b100384e2514,e33aecad-1d68-4b19-b02b-53916d8a193f,c5,c3,872,?,p3,
1769748883.9628239,FORWARDED,b10264d5-9ad1-425f-958b-b100384e2514,e33aecad-1d68-4b19-b02b-53916d8a193f,c5,c3,872,?,p3,
1769748883.998483,RECEIVED,fa16c52a-031b-456b-8cec-caf356a4e964,e9e9f5ec-db6f-4750-8639-d14d37eb67cf,c5,DROP,683,i3,?,
1769748884.0374415,SENT,8c3829d0-fbc6-412c-9154-113e985a2ab8,270842f1-fe81-4492-8d17-b5cc8432222a,c1,c5,916,?,p2,
1769748884.037482,FORWARDED,8c3829d0-fbc6-412c-9154-113e985a2ab8,270842f1-fe81-4492-8d17-b5cc8432222a,c1,c5,916,?,p2,
1769748884.051425,RECEIVED,5e2e7d86-2a68-408c-b900-961232b5210d,ba6a2360-f7f9-4cc4-82ff-5647deb0798f,c3,DROP,684,i1,?,
1769748884.0594728,RECEIVED,6a61ba91-2038-4ab5-a15d-ca2c5a3bd2c6,b55c16f2-a557-4b04-95ef-5470129657cb,c4,DROP,688,i9,?,
1769748884.1013253,RECEIVED,053f164e-4ddb-4f43-8769-cdfc7eb50b2d,bdde1c63-cdc0-4f29-bb01-7c3992a7eebf,c1,DROP,442,x6,?,
1769748884.1114407,SENT,f32b98ed-ede1-450c-9226-5c1ffe540019,55c65a96-f0d7-4cbc-94a0-c0ea3f85f6ad,c5,c3,911,?,p3,
1769748884.111482,FORWARDED,f32b98ed-ede1-450c-9226-5c1ffe540019,55c65a96-f0d7-4cbc-94a0-c0ea3f85f6ad,c5,c3,911,?,p3,
1769748884.1427505,SENT,5e2e7d86-2a68-408c-b900-961232b5210d,ba6a2360-f7f9-4cc4-82ff-5647deb0798f,c3,DROP,441,?,i5,
1769748884.1427898,FORWARDED,5e2e7d86-2a68-408c-b900-961232b5210d,ba6a2360-f7f9-4cc4-82ff-5647deb0798f,c3,DROP,441,?,i5,
1769748884.1438365,RECEIVED,7737db1a-cd38-4552-a6d0-e9794a49203f,f42351b3-8cc2-4ed3-9f82-fb9c4bd7b0ea,c3,DROP,693,i12,?,
1769748884.1889813,SENT,7aabc700-c1af-468c-8f35-b06143e67f92,3caf8ab8-8bda-4524-b547-c23270a269a9,c1,DROP,442,?,e2,
1769748884.1890194,FORWARDED,7aabc700-c1af-468c-8f35-b06143e67f92,3caf8ab8-8bda-4524-b547-c23270a269a9,c1,DROP,442,?,e2,
1769748884.227087,SENT,7737db1a-cd38-4552-a6d0-e9794a49203f,f42351b3-8cc2-4ed3-9f82-fb9c4bd7b0ea,c3,DROP,446,?,i11,
1769748884.227129,FORWARDED,7737db1a-cd38-4552-a6d0-e9794a49203f,f42351b3-8cc2-4ed3-9f82-fb9c4bd7b0ea,c3,DROP,446,?,i11,
1769748884.2380974,RECEIVED,f00f79cc-be5e-45a8-96dd-e4bc8298195d,7a26c550-cd8b-4d06-89aa-b0f53ba45ed4,c5,None,1131,i4,?,
1769748884.2771358,SENT,b833d0a1-b84c-429c-877b-76defa749d41,8c01599f-751b-40e4-b141-8d3cca23034a,c5,None,772,?,p1,
1769748884.2771766,FORWARDED,b833d0a1-b84c-429c-877b-76defa749d41,8c01599f-751b-40e4-b141-8d3cca23034a,c5,None,772,?,p1,
1769748884.284348,SENT,7502400a-9607-4df9-ac45-78bdac9a130b,0011f5b3-19b6-4c5c-abfa-d2f7a6930233,c5,DROP,440,?,i4,
1769748884.2843976,FORWARDED,7502400a-9607-4df9-ac45-78bdac9a130b,0011f5b3-19b6-4c5c-abfa-d2f7a6930233,c5,DROP,440,?,i4,
1769748884.3229518,RECEIVED,c3b173d1-e19d-4aa3-aaf7-e4f1973696c7,43e7e586-3240-4b42-8c1c-6762c0a2ea1d,c3,DROP,691,i12,?,
1769748884.4098158,RECEIVED,d5ff129c-1214-4e1c-9110-d8e5a2eb37b6,b42dc77e-1f11-4218-9530-081cf3ec2a69,c2,None,1135,i10,?,
1769748884.4700239,RECEIVED,795760d4-5825-4a0d-b25f-e04c3f2c89be,8d02cc7d-8082-4f56-9e87-bd3e09ddce99,c4,DROP,441,x10,?,
1769748884.4807022,RECEIVED,671b7fe9-37ae-4c05-abc3-1be892710ede,84101284-5f7d-4a1d-ba09-a9e2596c8f73,c3,c2,1259,i2,?,
1769748884.6772623,RECEIVED,fb840381-a1d2-42b0-b4b0-340a68227c1b,62b660a1-7109-42b3-bd58-13d135c16e05,c1,DROP,684,i10,?,
1769748884.7057188,RECEIVED,eb1f84df-444e-49cd-813b-4f72d64c6fd5,ebd838fc-0dfe-4bd7-a5bc-cb0b62c4df67,c2,DROP,442,x4,?,
1769748884.7263236,SENT,d5ff129c-1214-4e1c-9110-d8e5a2eb37b6,b42dc77e-1f11-4218-9530-081cf3ec2a69,c2,None,780,?,p3,
1769748884.7263637,FORWARDED,d5ff129c-1214-4e1c-9110-d8e5a2eb37b6,b42dc77e-1f11-4218-9530-081cf3ec2a69,c2,None,780,?,p3,
1769748884.7763364,RECEIVED,677483ec-dfc9-4197-a4d6-73c2c775d566,aefb665a-afd7-4a96-9ca3-8dfa82d201a6,c3,DROP,680,i3,?,
1769748884.7907522,RECEIVED,b7ac975f-6b5b-4180-80d8-2472a82a0f93,a036bc6d-ec78-47f4-a04f-52041ad97203,c5,None,1124,i5,?,
1769748884.811906,SENT,f00f79cc-be5e-45a8-96dd-e4bc8298195d,7a26c550-cd8b-4d06-89aa-b0f53ba45ed4,c5,None,775,?,p1,
1769748884.8119464,FORWARDED,f00f79cc-be5e-45a8-96dd-e4bc8298195d,7a26c550-cd8b-4d06-89aa-b0f53ba45ed4,c5,None,775,?,p1,
1769748884.9349203,RECEIVED,72915c22-22dc-4ef7-ac29-fbee086fa49e,a0143675-2c61-4c65-ae60-4d3d62de3993,c3,None,1132,i10,?,
1769748885.0069153,SENT,671b7fe9-37ae-4c05-abc3-1be892710ede,84101284-5f7d-4a1d-ba09-a9e2596c8f73,c3,c2,873,?,p2,
1769748885.006955,FORWARDED,671b7fe9-37ae-4c05-abc3-1be892710ede,84101284-5f7d-4a1d-ba09-a9e2596c8f73,c3,c2,873,?,p2,
1769748885.0932002,SENT,fb840381-a1d2-42b0-b4b0-340a68227c1b,62b660a1-7109-42b3-bd58-13d135c16e05,c1,DROP,441,?,i7,
1769748885.0932388,FORWARDED,fb840381-a1d2-42b0-b4b0-340a68227c1b,62b660a1-7109-42b3-bd58-13d135c16e05,c1,DROP,441,?,i7,
1769748885.095502,SENT,c3b173d1-e19d-4aa3-aaf7-e4f1973696c7,43e7e586-3240-4b42-8c1c-6762c0a2ea1d,c3,DROP,446,?,e4,
1769748885.095542,FORWARDED,c3b173d1-e19d-4aa3-aaf7-e4f1973696c7,43e7e586-3240-4b42-8c1c-6762c0a2ea1d,c3,DROP,446,?,e4,
1769748885.1324697,SENT,677483ec-dfc9-4197-a4d6-73c2c775d566,aefb665a-afd7-4a96-9ca3-8dfa82d201a6,c3,DROP,438,?,x7,
1769748885.1325092,FORWARDED,677483ec-dfc9-4197-a4d6-73c2c775d566,aefb665a-afd7-4a96-9ca3-8dfa82d201a6,c3,DROP,438,?,x7,
1769748885.1480982,SENT,fa16c52a-031b-456b-8cec-caf356a4e964,e9e9f5ec-db6f-4750-8639-d14d37eb67cf,c5,DROP,441,?,i5,
1769748885.1482544,FORWARDED,fa16c52a-031b-456b-8cec-caf356a4e964,e9e9f5ec-db6f-4750-8639-d14d37eb67cf,c5,DROP,441,?,i5,
1769748885.1576104,SENT,b7ac975f-6b5b-4180-80d8-2472a82a0f93,a036bc6d-ec78-47f4-a04f-52041ad97203,c5,None,771,?,p1,
1769748885.1576505,FORWARDED,b7ac975f-6b5b-4180-80d8-2472a82a0f93,a036bc6d-ec78-47f4-a04f-52041ad97203,c5,None,771,?,p1,
1769748885.19644,RECEIVED,2786646b-38f2-48fa-831c-50bda00cd20c,9ad90c9b-41fb-4adf-82bc-2b21903d63cd,c1,DROP,446,x12,?,
1769748885.207194,RECEIVED,292e59c6-c370-4a93-b389-e73e00d7af92,c2e927b3-8967-452a-87dc-eea87ba15358,c3,None,1132,i1,?,
1769748885.256425,SENT,72915c22-22dc-4ef7-ac29-fbee086fa49e,a0143675-2c61-4c65-ae60-4d3d62de3993,c3,None,775,?,p2,
1769748885.2564654,FORWARDED,72915c22-22dc-4ef7-ac29-fbee086fa49e,a0143675-2c61-4c65-ae60-4d3d62de3993,c3,None,775,?,p2,
1769748885.2851071,SENT,6a61ba91-2038-4ab5-a15d-ca2c5a3bd2c6,b55c16f2-a557-4b04-95ef-5470129657cb,c4,DROP,443,?,e12,
1769748885.285145,FORWARDED,6a61ba91-2038-4ab5-a15d-ca2c5a3bd2c6,b55c16f2-a557-4b04-95ef-5470129657cb,c4,DROP,443,?,e12,
1769748885.2863948,RECEIVED,16ecaa3e-ed49-49dc-9d58-27acaa993efe,2c2404bd-b1cb-48ab-b6e2-a55fdc99fa65,c4,DROP,683,i9,?,
1769748885.301195,RECEIVED,07adb4cd-55f0-4952-aa81-73faaa0132cf,178e70c1-c527-44c3-94af-38922e710609,c3,DROP,688,i4,?,
1769748885.323413,SENT,292e59c6-c370-4a93-b389-e73e00d7af92,c2e927b3-8967-452a-87dc-eea87ba15358,c3,None,776,?,p2,
1769748885.3234644,FORWARDED,292e59c6-c370-4a93-b389-e73e00d7af92,c2e927b3-8967-452a-87dc-eea87ba15358,c3,None,776,?,p2,
1769748885.3499832,SENT,4c285171-6b41-4267-a2ed-8e4f5bc6692c,852bd022-535a-432d-bca6-84696848a46c,c4,c1,867,?,p1,
1769748885.3500228,FORWARDED,4c285171-6b41-4267-a2ed-8e4f5bc6692c,852bd022-535a-432d-bca6-84696848a46c,c4,c1,867,?,p1,
1769748885.3787374,SENT,07adb4cd-55f0-4952-aa81-73faaa0132cf,178e70c1-c527-44c3-94af-38922e710609,c3,DROP,443,?,x9,
1769748885.3787758,FORWARDED,07adb4cd-55f0-4952-aa81-73faaa0132cf,178e70c1-c527-44c3-94af-38922e710609,c3,DROP,443,?,x9,
1769748885.4089866,SENT,cb455fc1-2c68-4e12-8810-c56ca426fee2,6170fe6a-ea4f-4354-8f42-200050db57ca,c5,DROP,441,?,e5,
1769748885.4090264,FORWARDED,cb455fc1-2c68-4e12-8810-c56ca426fee2,6170fe6a-ea4f-4354-8f42-200050db57ca,c5,DROP,441,?,e5,
1769748885.6317015,RECEIVED,a2372044-c07b-4577-8e68-27907542fd33,a29a6638-da5a-42d4-8aef-9099bd74ee67,c5,DROP,683,i6,?,
1769748885.686372,SENT,68773d85-fd7b-4696-a33f-8a6ee3f5a9eb,c3b605b2-f7db-446f-b772-0865caf24cbf,c3,None,776,?,p2,
1769748885.6865788,FORWARDED,68773d85-fd7b-4696-a33f-8a6ee3f5a9eb,c3b605b2-f7db-446f-b772-0865caf24cbf,c3,None,776,?,p2,
1769748885.715495,RECEIVED,9ba44012-91c3-44f3-89f6-619d70d3feab,aa5c08c4-d3c8-4774-be2f-bd3dbbeebb8b,c4,DROP,683,i2,?,
1769748885.9441736,RECEIVED,0afad5a4-1bbc-46b6-84ad-87cda3cc669b,9b2851c4-f1e1-49a4-8cdb-f20a1be12b39,c4,DROP,682,i5,?,
1769748885.9920297,SENT,16ecaa3e-ed49-49dc-9d58-27acaa993efe,2c2404bd-b1cb-48ab-b6e2-a55fdc99fa65,c4,DROP,441,?,e6,
1769748885.992079,FORWARDED,16ecaa3e-ed49-49dc-9d58-27acaa993efe,2c2404bd-b1cb-48ab-b6e2-a55fdc99fa65,c4,DROP,441,?,e6,
1769748886.0581465,SENT,9ba44012-91c3-44f3-89f6-619d70d3feab,aa5c08c4-d3c8-4774-be2f-bd3dbbeebb8b,c4,DROP,440,?,x2,
1769748886.058188,FORWARDED,9ba44012-91c3-44f3-89f6-619d70d3feab,aa5c08c4-d3c8-4774-be2f-bd3dbbeebb8b,c4,DROP,440,?,x2,
1769748886.1097422,RECEIVED,0cdafa9e-636d-4915-916c-85bb638db719,572c673a-5df6-4237-9508-c7197efc689a,c2,DROP,684,i4,?,
1769748886.13971,RECEIVED,11aa6bec-85bd-45e0-a68d-0b78a7b7678d,4334b000-5b56-4e96-b9e0-5c68806ae53e,c3,c2,1258,i3,?,
1769748886.2054849,RECEIVED,f474712b-ddc0-4854-8d7a-312b7b975020,d8edb264-e17e-4fda-ad36-d902870b89b1,c2,DROP,683,i8,?,
1769748886.2189627,RECEIVED,7d510544-af82-4b4f-8378-09c3165186c2,f0d98777-90ac-4bb0-878d-3a2daeeb2942,c3,None,1124,i1,?,
1769748886.2220776,RECEIVED,3037218b-7631-4525-aa6b-aee6b6cfa900,f34ca280-0b7a-496c-82e9-886110442500,c5,DROP,684,i5,?,
1769748886.3303525,RECEIVED,f17a60f6-3b87-46ae-b35f-94f61da149dc,c621b339-22b6-4ca2-857e-3af16210d5a7,c2,DROP,440,x6,?,
1769748886.3421893,RECEIVED,1cce4211-3403-4849-80fa-8b3d131f5ccc,2550b5e9-8f69-40a4-9836-761ecb9f466f,c1,DROP,683,i11,?,
1769748886.3731747,SENT,a2372044-c07b-4577-8e68-27907542fd33,a29a6638-da5a-42d4-8aef-9099bd74ee67,c5,DROP,441,?,x1,
1769748886.3732135,FORWARDED,a2372044-c07b-4577-8e68-27907542fd33,a29a6638-da5a-42d4-8aef-9099bd74ee67,c5,DROP,441,?,x1,
1769748886.4161716,SENT,7d510544-af82-4b4f-8378-09c3165186c2,f0d98777-90ac-4bb0-878d-3a2daeeb2942,c3,None,771,?,p2,
1769748886.416212,FORWARDED,7d510544-af82-4b4f-8378-09c3165186c2,f0d98777-90ac-4bb0-878d-3a2daeeb2942,c3,None,771,?,p2,
1769748886.4291675,SENT,0cdafa9e-636d-4915-916c-85bb638db719,572c673a-5df6-4237-9508-c7197efc689a,c2,DROP,441,?,i12,
1769748886.4292104,FORWARDED,0cdafa9e-636d-4915-916c-85bb638db719,572c673a-5df6-4237-9508-c7197efc689a,c2,DROP,441,?,i12,
1769748886.4773152,RECEIVED,a1cec5e3-2c0e-43cb-9971-d449cba58963,a7a361e5-a351-450e-9de4-a98d30c2424d,c4,c1,1252,i1,?,
1769748886.4891403,RECEIVED,54f9384a-4f51-40a4-99b5-412abd52c646,85a17b32-1e9b-41de-82cc-e78f46c40dd5,c2,None,1132,i6,?,
1769748886.5937607,SENT,54f9384a-4f51-40a4-99b5-412abd52c646,85a17b32-1e9b-41de-82cc-e78f46c40dd5,c2,None,775,?,p3,
1769748886.5937986,FORWARDED,54f9384a-4f51-40a4-99b5-412abd52c646,85a17b32-1e9b-41de-82cc-e78f46c40dd5,c2,None,775,?,p3,
1769748886.5994315,SENT,0afad5a4-1bbc-46b6-84ad-87cda3cc669b,9b2851c4-f1e1-49a4-8cdb-f20a1be12b39,c4,DROP,441,?,x4,
1769748886.5994768,FORWARDED,0afad5a4-1bbc-46b6-84ad-87cda3cc669b,9b2851c4-f1e1-49a4-8cdb-f20a1be12b39,c4,DROP,441,?,x4,
1769748886.635228,SENT,a1cec5e3-2c0e-43cb-9971-d449cba58963,a7a361e5-a351-450e-9de4-a98d30c2424d,c4,c1,867,?,p1,
1769748886.6352637,FORWARDED,a1cec5e3-2c0e-43cb-9971-d449cba58963,a7a361e5-a351-450e-9de4-a98d30c2424d,c4,c1,867,?,p1,
1769748886.7358098,SENT,1cce4211-3403-4849-80fa-8b3d131f5ccc,2550b5e9-8f69-40a4-9836-761ecb9f466f,c1,DROP,441,?,i4,
1769748886.7358496,FORWARDED,1cce4211-3403-4849-80fa-8b3d131f5ccc,2550b5e9-8f69-40a4-9836-761ecb9f466f,c1,DROP,441,?,i4,
1769748886.841655,RECEIVED,8fcc4511-4608-46bf-8df6-903571a8e8e9,dcc5c986-d4c2-493e-afea-2d913a68d2a1,c3,None,1127,i2,?,
1769748886.885521,SENT,3037218b-7631-4525-aa6b-aee6b6cfa900,f34ca280-0b7a-496c-82e9-886110442500,c5,DROP,441,?,x10,
1769748886.8855596,FORWARDED,3037218b-7631-4525-aa6b-aee6b6cfa900,f34ca280-0b7a-496c-82e9-886110442500,c5,DROP,441,?,x10,
1769748887.0884566,SENT,f474712b-ddc0-4854-8d7a-312b7b975020,d8edb264-e17e-4fda-ad36-d902870b89b1,c2,DROP,441,?,i3,
1769748887.088504,FORWARDED,f474712b-ddc0-4854-8d7a-312b7b975020,d8edb264-e17e-4fda-ad36-d902870b89b1,c2,DROP,441,?,i3,
1769748887.1441991,RECEIVED,b66a4b48-5d0e-4330-b7f3-52b8dd8f26f0,37c0352f-3e35-41c3-a28f-f150228c95c3,c4,DROP,683,i6,?,
1769748887.226918,RECEIVED,9c1a61e3-a19f-4a45-b25d-0ffe5ec17fc1,686e7375-bfb5-47b0-a018-bd93c98a3669,c5,DROP,688,i8,?,
1769748887.3436031,RECEIVED,f4715180-1e0d-4511-a961-118e094fa376,5c3f5d1d-adc9-436c-ab0f-b3ba21cc830e,c3,c2,1310,i2,?,
1769748887.3846204,RECEIVED,f9cd2acc-06fa-4198-b12a-6c900f4f7860,15e0e0ca-1961-487a-b7a1-551eb626142d,c4,DROP,441,x3,?,
1769748887.4711404,SENT,b66a4b48-5d0e-4330-b7f3-52b8dd8f26f0,37c0352f-3e35-41c3-a28f-f150228c95c3,c4,DROP,441,?,i8,
1769748887.4711814,FORWARDED,b66a4b48-5d0e-4330-b7f3-52b8dd8f26f0,37c0352f-3e35-41c3-a28f-f150228c95c3,c4,DROP,441,?,i8,
1769748887.4733257,RECEIVED,b0da6bdb-312f-487e-9725-f1cd96479661,05a63685-02ec-42d2-b56a-e4379e5fc2f4,c3,DROP,687,i6,?,
1769748887.603974,SENT,b0da6bdb-312f-487e-9725-f1cd96479661,05a63685-02ec-42d2-b56a-e4379e5fc2f4,c3,DROP,442,?,e1,
1769748887.6040144,FORWARDED,b0da6bdb-312f-487e-9725-f1cd96479661,05a63685-02ec-42d2-b56a-e4379e5fc2f4,c3,DROP,442,?,e1,
1769748887.617187,RECEIVED,8c45edc4-3a81-4d2c-8c5f-070fe4b6f5e5,2f4ef87d-fbce-47f4-8c26-f9288e2463e1,c1,DROP,688,i11,?,
1769748887.6951158,RECEIVED,aac663bd-9180-4f14-901e-3c36f3377d2c,f8e60eec-6f13-40aa-a1df-27104c762ab3,c3,DROP,691,i12,?,
1769748887.7026083,RECEIVED,22042259-b25b-406e-ae0a-2a0be90b3625,f1777c9a-173e-4a62-9621-0ef4d87ffad8,c4,c1,1311,i2,?,
1769748887.7134662,SENT,8c45edc4-3a81-4d2c-8c5f-070fe4b6f5e5,2f4ef87d-fbce-47f4-8c26-f9288e2463e1,c1,DROP,442,?,e8,
1769748887.7135065,FORWARDED,8c45edc4-3a81-4d2c-8c5f-070fe4b6f5e5,2f4ef87d-fbce-47f4-8c26-f9288e2463e1,c1,DROP,442,?,e8,
1769748887.7416315,SENT,11aa6bec-85bd-45e0-a68d-0b78a7b7678d,4334b000-5b56-4e96-b9e0-5c68806ae53e,c3,c2,872,?,p2,
1769748887.741672,FORWARDED,11aa6bec-85bd-45e0-a68d-0b78a7b7678d,4334b000-5b56-4e96-b9e0-5c68806ae53e,c3,c2,872,?,p2,
1769748887.7833204,SENT,9c1a61e3-a19f-4a45-b25d-0ffe5ec17fc1,686e7375-bfb5-47b0-a018-bd93c98a3669,c5,DROP,444,?,i12,
1769748887.7833576,FORWARDED,9c1a61e3-a19f-4a45-b25d-0ffe5ec17fc1,686e7375-bfb5-47b0-a018-bd93c98a3669,c5,DROP,444,?,i12,
1769748887.9522958,RECEIVED,ff11bd6b-c7be-4cb9-b224-637356c1601a,8a35f2f5-6fd8-43c1-90a2-041bfbf8397d,c2,DROP,683,i3,?,
1769748888.0046616,RECEIVED,41c741b5-43f2-40a3-a4b0-e36ba177278c,a2453e53-fe9e-4578-9e14-1937cd283d0b,c4,c1,1260,i4,?,
1769748888.023044,RECEIVED,bef293fa-01ae-4d76-95d9-daae4c9a8c15,640080c9-e681-4000-90fc-aa64ba29db5c,c1,DROP,687,i3,?,
1769748888.0807133,RECEIVED,0d9805be-377c-4a6a-a61d-96fed06e8ae5,824e83c5-c7d0-4fa9-993f-adddf20e3cda,c3,DROP,692,i12,?,
1769748888.1114824,SENT,41c741b5-43f2-40a3-a4b0-e36ba177278c,a2453e53-fe9e-4578-9e14-1937cd283d0b,c4,c1,872,?,p1,
1769748888.1115215,FORWARDED,41c741b5-43f2-40a3-a4b0-e36ba177278c,a2453e53-fe9e-4578-9e14-1937cd283d0b,c4,c1,872,?,p1,
1769748888.1540124,RECEIVED,52bfd6f5-c634-4657-9157-58528c7a0edf,3ca1504e-532c-40f4-81fa-dd5a473c0d08,c1,DROP,687,i9,?,
1769748888.1608253,SENT,8fcc4511-4608-46bf-8df6-903571a8e8e9,dcc5c986-d4c2-493e-afea-2d913a68d2a1,c3,None,772,?,p2,
1769748888.1608672,FORWARDED,8fcc4511-4608-46bf-8df6-903571a8e8e9,dcc5c986-d4c2-493e-afea-2d913a68d2a1,c3,None,772,?,p2,
1769748888.273029,RECEIVED,463c2e0b-9ca4-45c8-8117-0d558411828f,2415c018-4cb2-4945-b402-000f1a2e042e,c2,DROP,688,i12,?,
1769748888.288929,RECEIVED,eeca7785-985f-4bf0-b358-8adc45412140,23aa3f81-a3f5-405b-918b-b57ec6b85f0f,c4,DROP,691,i12,?,
1769748888.3223002,RECEIVED,c6060265-02b7-4d6b-9b2a-d747f591bd9f,b4ae4379-e9fe-4edf-b861-321cf657a10c,c1,DROP,690,i10,?,
1769748888.3233905,SENT,f4715180-1e0d-4511-a961-118e094fa376,5c3f5d1d-adc9-436c-ab0f-b3ba21cc830e,c3,c2,911,?,p2,
1769748888.323423,FORWARDED,f4715180-1e0d-4511-a961-118e094fa376,5c3f5d1d-adc9-436c-ab0f-b3ba21cc830e,c3,c2,911,?,p2,
1769748888.3387678,SENT,c6060265-02b7-4d6b-9b2a-d747f591bd9f,b4ae4379-e9fe-4edf-b861-321cf657a10c,c1,DROP,442,?,x9,
1769748888.3388069,FORWARDED,c6060265-02b7-4d6b-9b2a-d747f591bd9f,b4ae4379-e9fe-4edf-b861-321cf657a10c,c1,DROP,442,?,x9,
1769748888.3440127,RECEIVED,3791491a-430a-40fc-99c0-d6dd84dc4caa,a356f3e5-3e01-4c6b-8a83-5175c3adc8ec,c4,DROP,680,i8,?,
1769748888.3530712,SENT,463c2e0b-9ca4-45c8-8117-0d558411828f,2415c018-4cb2-4945-b402-000f1a2e042e,c2,DROP,443,?,e11,
1769748888.3531137,FORWARDED,463c2e0b-9ca4-45c8-8117-0d558411828f,2415c018-4cb2-4945-b402-000f1a2e042e,c2,DROP,443,?,e11,
1769748888.4175513,SENT,ff11bd6b-c7be-4cb9-b224-637356c1601a,8a35f2f5-6fd8-43c1-90a2-041bfbf8397d,c2,DROP,440,?,i9,
1769748888.417587,FORWARDED,ff11bd6b-c7be-4cb9-b224-637356c1601a,8a35f2f5-6fd8-43c1-90a2-041bfbf8397d,c2,DROP,440,?,i9,
1769748888.4389706,SENT,22042259-b25b-406e-ae0a-2a0be90b3625,f1777c9a-173e-4a62-9621-0ef4d87ffad8,c4,c1,911,?,p1,
1769748888.4390037,FORWARDED,22042259-b25b-406e-ae0a-2a0be90b3625,f1777c9a-173e-4a62-9621-0ef4d87ffad8,c4,c1,911,?,p1,
1769748888.4817026,RECEIVED,d73e2d18-a5d8-453a-9d6d-07fa3d46d1a6,dc220270-8110-48db-a26a-c4a2521b3382,c1,None,1131,i11,?,
1769748888.4880364,RECEIVED,e87704a7-1600-4748-996e-35842f7953f1,8c763be9-c7a6-46f3-8027-ff34a8f4ee7e,c2,DROP,684,i3,?,
1769748888.516549,SENT,3791491a-430a-40fc-99c0-d6dd84dc4caa,a356f3e5-3e01-4c6b-8a83-5175c3adc8ec,c4,DROP,437,?,i4,
1769748888.5165813,FORWARDED,3791491a-430a-40fc-99c0-d6dd84dc4caa,a356f3e5-3e01-4c6b-8a83-5175c3adc8ec,c4,DROP,437,?,i4,
1769748888.5419846,RECEIVED,fc545e80-eb89-4da2-bff5-c842c0c849ca,c1a55db2-ff50-469f-a591-888a34afc5ad,c1,None,1132,i11,?,
1769748888.5892076,RECEIVED,5a6d5203-3e1f-452e-83e9-defd73219c3b,e449f02e-8c85-49ef-bbdb-47473ce956a1,c1,DROP,442,x12,?,
1769748888.6187966,RECEIVED,123d1d9b-31b0-49a7-96d2-7db39fe8635b,aadc364d-5bef-405e-b591-0b7f4acca724,c1,DROP,442,x9,?,
1769748888.675303,SENT,fc545e80-eb89-4da2-bff5-c842c0c849ca,c1a55db2-ff50-469f-a591-888a34afc5ad,c1,None,776,?,p1,
1769748888.6753447,FORWARDED,fc545e80-eb89-4da2-bff5-c842c0c849ca,c1a55db2-ff50-469f-a591-888a34afc5ad,c1,None,776,?,p1,
1769748888.6773138,SENT,aac663bd-9180-4f14-901e-3c36f3377d2c,f8e60eec-6f13-40aa-a1df-27104c762ab3,c3,DROP,445,?,x1,
1769748888.677349,FORWARDED,aac663bd-9180-4f14-901e-3c36f3377d2c,f8e60eec-6f13-40aa-a1df-27104c762ab3,c3,DROP,445,?,x1,
1769748888.750301,SENT,d73e2d18-a5d8-453a-9d6d-07fa3d46d1a6,dc220270-8110-48db-a26a-c4a2521b3382,c1,None,775,?,p1,
1769748888.7503345,FORWARDED,d73e2d18-a5d8-453a-9d6d-07fa3d46d1a6,dc220270-8110-48db-a26a-c4a2521b3382,c1,None,775,?,p1,
1769748888.934772,RECEIVED,260df235-f717-449a-bc3f-0371f0ec023d,92f6dc3e-5c11-4298-9e9d-a7e50112dbe2,c1,None,1127,i11,?,
1769748888.943323,SENT,eeca7785-985f-4bf0-b358-8adc45412140,23aa3f81-a3f5-405b-918b-b57ec6b85f0f,c4,DROP,446,?,e1,
1769748888.943892,FORWARDED,eeca7785-985f-4bf0-b358-8adc45412140,23aa3f81-a3f5-405b-918b-b57ec6b85f0f,c4,DROP,446,?,e1,
1769748888.992955,RECEIVED,edcae1e2-0d0e-474a-be42-b0367dfcd8c0,aa6471aa-1206-4da6-9207-5036d1d95cab,c2,DROP,442,x1,?,
1769748889.0524807,RECEIVED,494e5333-d7d4-4336-93d0-4cff31598e7b,67acb9b1-3d29-424d-8154-112ac9292ac8,c5,None,1128,i4,?,
1769748889.057933,SENT,e87704a7-1600-4748-996e-35842f7953f1,8c763be9-c7a6-46f3-8027-ff34a8f4ee7e,c2,DROP,441,?,e10,
1769748889.0579722,FORWARDED,e87704a7-1600-4748-996e-35842f7953f1,8c763be9-c7a6-46f3-8027-ff34a8f4ee7e,c2,DROP,441,?,e10,
1769748889.1072881,RECEIVED,296b963d-2792-48d2-9082-e12d69ed817a,f7d67e55-3bfb-4f18-bbf6-e50567e4de78,c3,DROP,688,i2,?,
1769748889.1911473,SENT,296b963d-2792-48d2-9082-e12d69ed817a,f7d67e55-3bfb-4f18-bbf6-e50567e4de78,c3,DROP,442,?,e10,
1769748889.1911814,FORWARDED,296b963d-2792-48d2-9082-e12d69ed817a,f7d67e55-3bfb-4f18-bbf6-e50567e4de78,c3,DROP,442,?,e10,
1769748889.1937394,RECEIVED,ce8d3b7a-de5d-4ab0-aebb-a80e863f3f8b,39c1105e-16d8-45d5-8582-41b04b55475f,c1,DROP,680,i12,?,
1769748889.2385693,RECEIVED,73473ab1-238e-4922-b67e-6dc4796b7c75,cf3bf5c0-4721-49b1-8d19-d2cc48291a61,c1,c5,1256,i6,?,
1769748889.2778502,RECEIVED,f8b84e9e-b64b-4f81-be3c-654375c161f9,17de41b9-f278-4281-9597-e07c83167b77,c2,DROP,442,x6,?,
1769748889.2842622,RECEIVED,601e5aca-4fc0-414c-b007-2d9028f9acd9,a4b15de6-4aeb-4cda-bab7-b415e1b1d6ba,c2,DROP,683,i5,?,
1769748889.295763,SENT,ce8d3b7a-de5d-4ab0-aebb-a80e863f3f8b,39c1105e-16d8-45d5-8582-41b04b55475f,c1,DROP,437,?,i9,
1769748889.2958012,FORWARDED,ce8d3b7a-de5d-4ab0-aebb-a80e863f3f8b,39c1105e-16d8-45d5-8582-41b04b55475f,c1,DROP,437,?,i9,
1769748889.3092935,SENT,260df235-f717-449a-bc3f-0371f0ec023d,92f6dc3e-5c11-4298-9e9d-a7e50112dbe2,c1,None,773,?,p1,
1769748889.309334,FORWARDED,260df235-f717-449a-bc3f-0371f0ec023d,92f6dc3e-5c11-4298-9e9d-a7e50112dbe2,c1,None,773,?,p1,
1769748889.3709493,RECEIVED,0316cf3f-8913-4a0c-82c0-4250147a2d61,c3185504-3dc9-4b8b-849c-dd48f953df79,c5,DROP,693,i4,?,
1769748889.380091,SENT,73473ab1-238e-4922-b67e-6dc4796b7c75,cf3bf5c0-4721-49b1-8d19-d2cc48291a61,c1,c5,868,?,p2,
1769748889.380129,FORWARDED,73473ab1-238e-4922-b67e-6dc4796b7c75,cf3bf5c0-4721-49b1-8d19-d2cc48291a61,c1,c5,868,?,p2,
1769748889.3901477,SENT,494e5333-d7d4-4336-93d0-4cff31598e7b,67acb9b1-3d29-424d-8154-112ac9292ac8,c5,None,772,?,p1,
1769748889.390188,FORWARDED,494e5333-d7d4-4336-93d0-4cff31598e7b,67acb9b1-3d29-424d-8154-112ac9292ac8,c5,None,772,?,p1,
1769748889.4118598,SENT,0316cf3f-8913-4a0c-82c0-4250147a2d61,c3185504-3dc9-4b8b-849c-dd48f953df79,c5,DROP,446,?,i12,
1769748889.4118958,FORWARDED,0316cf3f-8913-4a0c-82c0-4250147a2d61,c3185504-3dc9-4b8b-849c-dd48f953df79,c5,DROP,446,?,i12,
1769748889.460007,SENT,0d9805be-377c-4a6a-a61d-96fed06e8ae5,824e83c5-c7d0-4fa9-993f-adddf20e3cda,c3,DROP,446,?,i11,
1769748889.4600587,FORWARDED,0d9805be-377c-4a6a-a61d-96fed06e8ae5,824e83c5-c7d0-4fa9-993f-adddf20e3cda,c3,DROP,446,?,i11,
1769748889.5528207,RECEIVED,1e785017-a4aa-4647-a10c-a16d41eb672b,8b8632a3-76cc-4575-a6a5-b63338599567,c4,DROP,685,i11,?,
1769748889.6151023,RECEIVED,1c350a16-302d-4e40-a1e8-18bb6db116be,0caf0bc8-f5b3-4e63-8abf-4786d49d435e,c1,DROP,441,x11,?,
1769748889.6165476,RECEIVED,18bc62ee-789f-4b4a-af35-d9307067e6b1,94b9175c-659b-43be-9c87-8c9d806565a5,c4,DROP,679,i8,?,
1769748889.6209188,RECEIVED,8b33163b-7f3d-40fa-8fac-3f7500e44204,f4a7eb92-eb4e-4760-815b-1954baf6addb,c3,None,1128,i10,?,
1769748889.639262,SENT,1e785017-a4aa-4647-a10c-a16d41eb672b,8b8632a3-76cc-4575-a6a5-b63338599567,c4,DROP,441,?,x12,
1769748889.6393032,FORWARDED,1e785017-a4aa-4647-a10c-a16d41eb672b,8b8632a3-76cc-4575-a6a5-b63338599567,c4,DROP,441,?,x12,
1769748889.7146962,SENT,8b33163b-7f3d-40fa-8fac-3f7500e44204,f4a7eb92-eb4e-4760-815b-1954baf6addb,c3,None,772,?,p2,
1769748889.7147663,FORWARDED,8b33163b-7f3d-40fa-8fac-3f7500e44204,f4a7eb92-eb4e-4760-815b-1954baf6addb,c3,None,772,?,p2,
1769748889.7268546,RECEIVED,461cae04-9c58-4792-8e52-356b4937e861,f469f23c-a74d-46d0-b7b1-472e23e9df98,c3,c2,1255,i10,?,
1769748889.7954338,RECEIVED,0f93f2e3-7d05-4dc5-8018-62608355d8c1,1fcbf4b9-cec5-4827-b7e0-e0f1c3d99557,c5,DROP,683,i12,?,
1769748889.881125,RECEIVED,3ca6d8c6-5760-435d-a1d6-3c059f7673d5,0fd7a77e-e942-48c4-a9d3-c18e9f59bb4f,c3,DROP,689,i12,?,
1769748889.8969507,SENT,601e5aca-4fc0-414c-b007-2d9028f9acd9,a4b15de6-4aeb-4cda-bab7-b415e1b1d6ba,c2,DROP,441,?,i1,
1769748889.8969934,FORWARDED,601e5aca-4fc0-414c-b007-2d9028f9acd9,a4b15de6-4aeb-4cda-bab7-b415e1b1d6ba,c2,DROP,441,?,i1,
1769748889.9805486,RECEIVED,45a81fe9-05e7-4248-917a-55230bceeef2,212abb0d-3a3f-4cc5-82b2-b0e14b348850,c2,None,1125,i1,?,
1769748889.986229,SENT,52bfd6f5-c634-4657-9157-58528c7a0edf,3ca1504e-532c-40f4-81fa-dd5a473c0d08,c1,DROP,442,?,i2,
1769748889.9862685,FORWARDED,52bfd6f5-c634-4657-9157-58528c7a0edf,3ca1504e-532c-40f4-81fa-dd5a473c0d08,c1,DROP,442,?,i2,
1769748890.027556,RECEIVED,f46d0856-b791-4cf8-9fad-82c68c3ce7cf,c38af84e-f457-4d6f-bf62-bdae0de0c6ee,c2,c3,1322,i11,?,
1769748890.02816,SENT,461cae04-9c58-4792-8e52-356b4937e861,f469f23c-a74d-46d0-b7b1-472e23e9df98,c3,c2,868,?,p2,
1769748890.0282066,FORWARDED,461cae04-9c58-4792-8e52-356b4937e861,f469f23c-a74d-46d0-b7b1-472e23e9df98,c3,c2,868,?,p2,
1769748890.0330637,SENT,45a81fe9-05e7-4248-917a-55230bceeef2,212abb0d-3a3f-4cc5-82b2-b0e14b348850,c2,None,771,?,p3,
1769748890.033105,FORWARDED,45a81fe9-05e7-4248-917a-55230bceeef2,212abb0d-3a3f-4cc5-82b2-b0e14b348850,c2,None,771,?,p3,
1769748890.0645998,SENT,18bc62ee-789f-4b4a-af35-d9307067e6b1,94b9175c-659b-43be-9c87-8c9d806565a5,c4,DROP,436,?,e8,
1769748890.0646415,FORWARDED,18bc62ee-789f-4b4a-af35-d9307067e6b1,94b9175c-659b-43be-9c87-8c9d806565a5,c4,DROP,436,?,e8,
1769748890.1110299,SENT,3ca6d8c6-5760-435d-a1d6-3c059f7673d5,0fd7a77e-e942-48c4-a9d3-c18e9f59bb4f,c3,DROP,443,?,x10,
1769748890.1110854,FORWARDED,3ca6d8c6-5760-435d-a1d6-3c059f7673d5,0fd7a77e-e942-48c4-a9d3-c18e9f59bb4f,c3,DROP,443,?,x10,
1769748890.1281042,RECEIVED,309e3969-8753-4b99-824c-f37685781516,252087ae-33b5-46d3-bd88-e3050c58135f,c3,c2,1312,i3,?,
1769748890.213594,SENT,309e3969-8753-4b99-824c-f37685781516,252087ae-33b5-46d3-bd88-e3050c58135f,c3,c2,911,?,p2,
1769748890.2136362,FORWARDED,309e3969-8753-4b99-824c-f37685781516,252087ae-33b5-46d3-bd88-e3050c58135f,c3,c2,911,?,p2,
1769748890.6011972,RECEIVED,541ceb8c-66eb-4d09-a2a6-92d0f8119385,caa80510-0e55-49dd-b664-81e3131cfeb4,c2,c3,1259,i8,?,
1769748890.7480328,RECEIVED,69ede687-a220-408f-90c3-f663887c96ce,0b4c3c36-60ac-49ee-acdc-147bcfc09447,c4,DROP,688,i10,?,
1769748890.7520182,RECEIVED,26f48f5d-d99b-49ae-be48-a1c1a959ddfa,4ab68936-31f4-4f24-aca7-5cfb23c1d6fc,c3,DROP,692,i9,?,
1769748890.7750247,RECEIVED,34c23007-145c-45d6-9c3d-6e045c2906d7,425859cb-ea2f-4d12-a7a0-d355224639d3,c1,DROP,683,i7,?,
1769748890.7871075,RECEIVED,dd656e50-1e14-415e-a217-cafaf3789d3b,06fb6c1d-4397-4f3b-8ee9-07db3a2da218,c4,DROP,684,i12,?,
1769748890.8458266,SENT,bef293fa-01ae-4d76-95d9-daae4c9a8c15,640080c9-e681-4000-90fc-aa64ba29db5c,c1,DROP,442,?,i7,
1769748890.845865,FORWARDED,bef293fa-01ae-4d76-95d9-daae4c9a8c15,640080c9-e681-4000-90fc-aa64ba29db5c,c1,DROP,442,?,i7,
1769748890.882708,SENT,541ceb8c-66eb-4d09-a2a6-92d0f8119385,caa80510-0e55-49dd-b664-81e3131cfeb4,c2,c3,872,?,p3,
1769748890.882748,FORWARDED,541ceb8c-66eb-4d09-a2a6-92d0f8119385,caa80510-0e55-49dd-b664-81e3131cfeb4,c2,c3,872,?,p3,
1769748890.9491093,RECEIVED,105a7394-5b6d-459b-8650-6cce37ce8ff2,a1325dbf-8391-48e7-9e54-87c45c44e0c0,c5,DROP,684,i9,?,
1769748890.9660792,SENT,0f93f2e3-7d05-4dc5-8018-62608355d8c1,1fcbf4b9-cec5-4827-b7e0-e0f1c3d99557,c5,DROP,441,?,x5,
1769748890.9661243,FORWARDED,0f93f2e3-7d05-4dc5-8018-62608355d8c1,1fcbf4b9-cec5-4827-b7e0-e0f1c3d99557,c5,DROP,441,?,x5,
1769748890.98014,RECEIVED,eadbd0cc-4600-4a35-b82a-635a06b854c7,802f7229-99ef-4d02-88d0-ca58d46e937c,c5,None,1131,i11,?,
1769748891.0582228,SENT,69ede687-a220-408f-90c3-f663887c96ce,0b4c3c36-60ac-49ee-acdc-147bcfc09447,c4,DROP,442,?,e2,
1769748891.058262,FORWARDED,69ede687-a220-408f-90c3-f663887c96ce,0b4c3c36-60ac-49ee-acdc-147bcfc09447,c4,DROP,442,?,e2,
1769748891.1637406,SENT,105a7394-5b6d-459b-8650-6cce37ce8ff2,a1325dbf-8391-48e7-9e54-87c45c44e0c0,c5,DROP,440,?,x1,
1769748891.1637807,FORWARDED,105a7394-5b6d-459b-8650-6cce37ce8ff2,a1325dbf-8391-48e7-9e54-87c45c44e0c0,c5,DROP,440,?,x1,
1769748891.1910927,RECEIVED,0248ec61-c47d-44e3-9d2d-2d44870ea7fa,d436ee3e-447c-4a69-b505-e7bd04ca6e4d,c3,DROP,687,i6,?,
1769748891.3285456,RECEIVED,48051030-cc23-46c3-a068-eedbe63d5dde,fa3be90a-6c28-4ea1-a09c-60496d7bdb68,c4,c1,1263,i2,?,
1769748891.3306012,RECEIVED,2fb78eb2-225c-42b1-acc5-85eabb4c0ec4,2a3068f2-b097-4a9d-8567-87a8acde74f0,c5,DROP,691,i10,?,
1769748891.3648157,SENT,26f48f5d-d99b-49ae-be48-a1c1a959ddfa,4ab68936-31f4-4f24-aca7-5cfb23c1d6fc,c3,DROP,445,?,e11,
1769748891.364854,FORWARDED,26f48f5d-d99b-49ae-be48-a1c1a959ddfa,4ab68936-31f4-4f24-aca7-5cfb23c1d6fc,c3,DROP,445,?,e11,
1769748891.4046247,SENT,dd656e50-1e14-415e-a217-cafaf3789d3b,06fb6c1d-4397-4f3b-8ee9-07db3a2da218,c4,DROP,441,?,e11,
1769748891.4046648,FORWARDED,dd656e50-1e14-415e-a217-cafaf3789d3b,06fb6c1d-4397-4f3b-8ee9-07db3a2da218,c4,DROP,441,?,e11,
1769748891.4096658,RECEIVED,a6a026f3-fd63-40e1-ace1-0d6a1c271856,0fb48eda-2fe6-4783-9ba4-156fbf45ac04,c5,DROP,692,i12,?,
1769748891.572901,SENT,f46d0856-b791-4cf8-9fad-82c68c3ce7cf,c38af84e-f457-4d6f-bf62-bdae0de0c6ee,c2,c3,919,?,p3,
1769748891.572944,FORWARDED,f46d0856-b791-4cf8-9fad-82c68c3ce7cf,c38af84e-f457-4d6f-bf62-bdae0de0c6ee,c2,c3,919,?,p3,
1769748891.5878444,RECEIVED,1200cf8f-afcf-4a42-b531-64ec5f39d515,80507b82-0841-443a-90e0-acebf4e0b954,c5,DROP,686,i1,?,
1769748891.6115663,RECEIVED,364b181e-d713-482a-a510-038777779184,9b8d4a06-65ae-4e82-868b-65cb378c88e5,c5,DROP,441,x3,?,
1769748891.6740062,SENT,1200cf8f-afcf-4a42-b531-64ec5f39d515,80507b82-0841-443a-90e0-acebf4e0b954,c5,DROP,441,?,i12,
1769748891.674056,FORWARDED,1200cf8f-afcf-4a42-b531-64ec5f39d515,80507b82-0841-443a-90e0-acebf4e0b954,c5,DROP,441,?,i12,
1769748891.676291,SENT,a6a026f3-fd63-40e1-ace1-0d6a1c271856,0fb48eda-2fe6-4783-9ba4-156fbf45ac04,c5,DROP,445,?,i11,
1769748891.6763296,FORWARDED,a6a026f3-fd63-40e1-ace1-0d6a1c271856,0fb48eda-2fe6-4783-9ba4-156fbf45ac04,c5,DROP,445,?,i11,
1769748891.8784053,SENT,2fb78eb2-225c-42b1-acc5-85eabb4c0ec4,2a3068f2-b097-4a9d-8567-87a8acde74f0,c5,DROP,445,?,i5,
1769748891.8784454,FORWARDED,2fb78eb2-225c-42b1-acc5-85eabb4c0ec4,2a3068f2-b097-4a9d-8567-87a8acde74f0,c5,DROP,445,?,i5,
1769748891.950479,RECEIVED,ded75fcb-8f2d-49ff-ba12-8a7e9825730e,d6a68bf7-6851-4c76-afcd-1dedc078ae9f,c3,c2,1260,i7,?,
1769748891.9553325,RECEIVED,d5d1b22d-1eb1-4a8d-ba99-e09bd82ee17e,1dbdd083-c731-41f3-a665-ae8293c41704,c5,DROP,688,i1,?,
1769748891.9815724,SENT,34c23007-145c-45d6-9c3d-6e045c2906d7,425859cb-ea2f-4d12-a7a0-d355224639d3,c1,DROP,441,?,x6,
1769748891.9816098,FORWARDED,34c23007-145c-45d6-9c3d-6e045c2906d7,425859cb-ea2f-4d12-a7a0-d355224639d3,c1,DROP,441,?,x6,
1769748892.014472,SENT,ded75fcb-8f2d-49ff-ba12-8a7e9825730e,d6a68bf7-6851-4c76-afcd-1dedc078ae9f,c3,c2,871,?,p2,
1769748892.0145085,FORWARDED,ded75fcb-8f2d-49ff-ba12-8a7e9825730e,d6a68bf7-6851-4c76-afcd-1dedc078ae9f,c3,c2,871,?,p2,
1769748892.040271,SENT,eadbd0cc-4600-4a35-b82a-635a06b854c7,802f7229-99ef-4d02-88d0-ca58d46e937c,c5,None,776,?,p1,
1769748892.04031,FORWARDED,eadbd0cc-4600-4a35-b82a-635a06b854c7,802f7229-99ef-4d02-88d0-ca58d46e937c,c5,None,776,?,p1,
1769748892.0438623,RECEIVED,24e0d0a0-4a03-421b-8cde-50979cfdf16f,bf018c97-d658-41c8-88da-bdef2658f7a6,c3,None,1131,i7,?,
1769748892.0853603,RECEIVED,9a462842-689b-4300-bd77-6e508ba5d166,c3c0c55d-32df-435c-bd45-6e566dc424aa,c4,c1,1255,i5,?,
1769748892.1440759,SENT,24e0d0a0-4a03-421b-8cde-50979cfdf16f,bf018c97-d658-41c8-88da-bdef2658f7a6,c3,None,775,?,p2,
1769748892.1441164,FORWARDED,24e0d0a0-4a03-421b-8cde-50979cfdf16f,bf018c97-d658-41c8-88da-bdef2658f7a6,c3,None,775,?,p2,
1769748892.187616,SENT,d5d1b22d-1eb1-4a8d-ba99-e09bd82ee17e,1dbdd083-c731-41f3-a665-ae8293c41704,c5,DROP,442,?,e5,
1769748892.1876569,FORWARDED,d5d1b22d-1eb1-4a8d-ba99-e09bd82ee17e,1dbdd083-c731-41f3-a665-ae8293c41704,c5,DROP,442,?,e5,
1769748892.229291,RECEIVED,62b4f984-a41b-4223-8132-459c6c486843,1bc49993-5fcb-4200-9e51-1f86e206fe54,c3,None,1123,i6,?,
1769748892.263172,RECEIVED,039f2a82-4b7b-40b6-94ec-ea2fcc33b014,3b9de7ec-3678-47af-a817-32c255795e48,c1,None,1130,i11,?,
1769748892.282726,RECEIVED,33a3badf-cb12-4130-8725-2a270d7582f4,fb3053cd-c740-4cb6-9ab6-f0dc1c279bfd,c4,DROP,688,i5,?,
1769748892.4077373,SENT,0248ec61-c47d-44e3-9d2d-2d44870ea7fa,d436ee3e-447c-4a69-b505-e7bd04ca6e4d,c3,DROP,442,?,x3,
1769748892.407773,FORWARDED,0248ec61-c47d-44e3-9d2d-2d44870ea7fa,d436ee3e-447c-4a69-b505-e7bd04ca6e4d,c3,DROP,442,?,x3,
1769748892.5450952,RECEIVED,5bba7dbe-1581-480b-991c-5e634cbcba7a,3429f302-9f3c-48db-985f-37ac4259d9bd,c3,None,1130,i8,?,
1769748892.5622573,SENT,33a3badf-cb12-4130-8725-2a270d7582f4,fb3053cd-c740-4cb6-9ab6-f0dc1c279bfd,c4,DROP,442,?,i12,
1769748892.5622964,FORWARDED,33a3badf-cb12-4130-8725-2a270d7582f4,fb3053cd-c740-4cb6-9ab6-f0dc1c279bfd,c4,DROP,442,?,i12,
1769748892.6366293,RECEIVED,62390952-0247-4984-811f-ca08f7bfbe23,521c32fc-8087-4179-af66-c034357880f2,c3,DROP,442,x6,?,
1769748892.6918674,SENT,62b4f984-a41b-4223-8132-459c6c486843,1bc49993-5fcb-4200-9e51-1f86e206fe54,c3,None,771,?,p2,
1769748892.6919022,FORWARDED,62b4f984-a41b-4223-8132-459c6c486843,1bc49993-5fcb-4200-9e51-1f86e206fe54,c3,None,771,?,p2,
1769748892.7028794,SENT,9a462842-689b-4300-bd77-6e508ba5d166,c3c0c55d-32df-435c-bd45-6e566dc424aa,c4,c1,868,?,p1,
1769748892.702918,FORWARDED,9a462842-689b-4300-bd77-6e508ba5d166,c3c0c55d-32df-435c-bd45-6e566dc424aa,c4,c1,868,?,p1,
1769748892.746796,RECEIVED,89c7a998-cce3-4b39-abeb-ea4124eea0ea,53903b2a-1cf4-4470-a38e-bbfaeb7bcb26,c1,DROP,441,x9,?,
1769748892.8179104,SENT,48051030-cc23-46c3-a068-eedbe63d5dde,fa3be90a-6c28-4ea1-a09c-60496d7bdb68,c4,c1,876,?,p1,
1769748892.8179514,FORWARDED,48051030-cc23-46c3-a068-eedbe63d5dde,fa3be90a-6c28-4ea1-a09c-60496d7bdb68,c4,c1,876,?,p1,
1769748892.9631116,RECEIVED,f9964809-ca31-4535-b769-b1407bab6d61,37988260-f423-4151-921f-398cdadc2744,c5,DROP,691,i10,?,
1769748893.0505838,RECEIVED,bb1d3220-de0d-4d48-abc2-c9370a453661,a17bc863-15ec-41a7-a1e8-96d7b3cfad8c,c2,DROP,683,i1,?,
1769748893.088412,SENT,5bba7dbe-1581-480b-991c-5e634cbcba7a,3429f302-9f3c-48db-985f-37ac4259d9bd,c3,None,776,?,p2,
1769748893.088448,FORWARDED,5bba7dbe-1581-480b-991c-5e634cbcba7a,3429f302-9f3c-48db-985f-37ac4259d9bd,c3,None,776,?,p2,
1769748893.2968056,SENT,f9964809-ca31-4535-b769-b1407bab6d61,37988260-f423-4151-921f-398cdadc2744,c5,DROP,446,?,x11,
1769748893.2968466,FORWARDED,f9964809-ca31-4535-b769-b1407bab6d61,37988260-f423-4151-921f-398cdadc2744,c5,DROP,446,?,x11,
1769748893.4466856,RECEIVED,26cbe739-100b-41a4-be1b-5f394aab9945,f69779a5-0147-4a7c-bf60-7c0e5ca289da,c4,c1,1263,i3,?,
1769748893.5653057,RECEIVED,b08199ad-3068-4d0f-b7ed-f06e76be0409,31618bdf-f537-4c4e-aa55-ee843f8b235f,c4,DROP,687,i2,?,
1769748893.6036713,RECEIVED,57e3a14e-2db6-4df3-9b75-305600a75932,92cd246f-50a4-4a90-8d46-16dbe13952cc,c5,DROP,688,i11,?,
1769748893.6317787,SENT,bb1d3220-de0d-4d48-abc2-c9370a453661,a17bc863-15ec-41a7-a1e8-96d7b3cfad8c,c2,DROP,441,?,i6,
1769748893.6318169,FORWARDED,bb1d3220-de0d-4d48-abc2-c9370a453661,a17bc863-15ec-41a7-a1e8-96d7b3cfad8c,c2,DROP,441,?,i6,
1769748893.6548193,RECEIVED,bfdd88af-5430-4312-a837-9e24718b7d27,ebc866aa-2f37-4e45-be52-c932694b82f7,c4,DROP,683,i4,?,
1769748893.7430336,SENT,57e3a14e-2db6-4df3-9b75-305600a75932,92cd246f-50a4-4a90-8d46-16dbe13952cc,c5,DROP,442,?,x9,
1769748893.7431011,FORWARDED,57e3a14e-2db6-4df3-9b75-305600a75932,92cd246f-50a4-4a90-8d46-16dbe13952cc,c5,DROP,442,?,x9,
1769748893.8072376,RECEIVED,2827157f-1a69-48cb-9f9b-f6215055e1a7,3be4e181-cca8-49f0-a2a5-344b2d0b6ad9,c2,DROP,684,i8,?,
1769748893.8248904,RECEIVED,18c36dab-5cb3-4eed-8123-e5bca08d5683,fd43f20f-2303-45a2-ab22-f5d1c680ccda,c3,DROP,441,x7,?,
1769748893.8782585,SENT,26cbe739-100b-41a4-be1b-5f394aab9945,f69779a5-0147-4a7c-bf60-7c0e5ca289da,c4,c1,875,?,p1,
1769748893.8782985,FORWARDED,26cbe739-100b-41a4-be1b-5f394aab9945,f69779a5-0147-4a7c-bf60-7c0e5ca289da,c4,c1,875,?,p1,
1769748893.9382432,SENT,2827157f-1a69-48cb-9f9b-f6215055e1a7,3be4e181-cca8-49f0-a2a5-344b2d0b6ad9,c2,DROP,441,?,x4,
1769748893.9382827,FORWARDED,2827157f-1a69-48cb-9f9b-f6215055e1a7,3be4e181-cca8-49f0-a2a5-344b2d0b6ad9,c2,DROP,441,?,x4,
1769748893.9519355,RECEIVED,58101c16-08f9-4a82-8b75-777032f0e8ce,c2710d1a-ba8b-4069-8b9d-a461b8f92f1e,c5,DROP,442,x1,?,
1769748894.133731,RECEIVED,15210559-1bec-4937-b2a9-dc87577ff32e,5c62f926-57de-4c98-b033-1530bb0bf298,c5,DROP,441,x12,?,
1769748894.1542268,SENT,bfdd88af-5430-4312-a837-9e24718b7d27,ebc866aa-2f37-4e45-be52-c932694b82f7,c4,DROP,441,?,i2,
1769748894.1542747,FORWARDED,bfdd88af-5430-4312-a837-9e24718b7d27,ebc866aa-2f37-4e45-be52-c932694b82f7,c4,DROP,441,?,i2,
1769748894.1678264,RECEIVED,29b5ef69-8449-4641-8701-650f787af88c,d6bb17e2-ecc9-49a1-9551-7cea7b9efc8c,c2,c3,1252,i5,?,
1769748894.1693652,SENT,b08199ad-3068-4d0f-b7ed-f06e76be0409,31618bdf-f537-4c4e-aa55-ee843f8b235f,c4,DROP,442,?,e9,
1769748894.169401,FORWARDED,b08199ad-3068-4d0f-b7ed-f06e76be0409,31618bdf-f537-4c4e-aa55-ee843f8b235f,c4,DROP,442,?,e9,
1769748894.3657053,SENT,29b5ef69-8449-4641-8701-650f787af88c,d6bb17e2-ecc9-49a1-9551-7cea7b9efc8c,c2,c3,867,?,p3,
1769748894.365743,FORWARDED,29b5ef69-8449-4641-8701-650f787af88c,d6bb17e2-ecc9-49a1-9551-7cea7b9efc8c,c2,c3,867,?,p3,
1769748894.4851673,RECEIVED,5fe02ed9-bef2-412a-a3e6-f914d8c6a7fa,b3518c64-5ca6-4d8a-91a7-f5cb4d285668,c5,DROP,687,i8,?,
1769748894.6134539,RECEIVED,0608c12d-6be0-40c3-8481-78b0fab4d2c2,47ee27fa-bc45-4a1c-b90b-87dedf0cb8cf,c2,DROP,687,i10,?,
1769748894.6141942,RECEIVED,3284396a-030d-4db7-93fe-dfb10009fded,308ca42d-58fd-402c-886b-3af91b2a14cb,c3,c2,1311,i10,?,
1769748894.6456864,RECEIVED,efdb7b5e-99b5-481c-84fd-b4fb82f7f385,400025f5-aa1d-41ce-9a2d-d71ec86dc551,c2,DROP,686,i12,?,
1769748894.6855862,SENT,5fe02ed9-bef2-412a-a3e6-f914d8c6a7fa,b3518c64-5ca6-4d8a-91a7-f5cb4d285668,c5,DROP,442,?,e6,
1769748894.6856275,FORWARDED,5fe02ed9-bef2-412a-a3e6-f914d8c6a7fa,b3518c64-5ca6-4d8a-91a7-f5cb4d285668,c5,DROP,442,?,e6,
1769748894.7309375,RECEIVED,0c5b6e44-1e4e-43a9-811c-d5564beddad9,18c21524-fb18-4242-9a6c-cad45f1d340c,c5,DROP,687,i7,?,
1769748895.1923127,SENT,039f2a82-4b7b-40b6-94ec-ea2fcc33b014,3b9de7ec-3678-47af-a817-32c255795e48,c1,None,776,?,p1,
1769748895.192356,FORWARDED,039f2a82-4b7b-40b6-94ec-ea2fcc33b014,3b9de7ec-3678-47af-a817-32c255795e48,c1,None,776,?,p1,
1769748895.2415946,SENT,0608c12d-6be0-40c3-8481-78b0fab4d2c2,47ee27fa-bc45-4a1c-b90b-87dedf0cb8cf,c2,DROP,442,?,i8,
1769748895.2416372,FORWARDED,0608c12d-6be0-40c3-8481-78b0fab4d2c2,47ee27fa-bc45-4a1c-b90b-87dedf0cb8cf,c2,DROP,442,?,i8,
1769748895.3062942,SENT,efdb7b5e-99b5-481c-84fd-b4fb82f7f385,400025f5-aa1d-41ce-9a2d-d71ec86dc551,c2,DROP,442,?,x2,
1769748895.306333,FORWARDED,efdb7b5e-99b5-481c-84fd-b4fb82f7f385,400025f5-aa1d-41ce-9a2d-d71ec86dc551,c2,DROP,442,?,x2,
1769748895.318565,SENT,3284396a-030d-4db7-93fe-dfb10009fded,308ca42d-58fd-402c-886b-3af91b2a14cb,c3,c2,912,?,p2,
1769748895.318604,FORWARDED,3284396a-030d-4db7-93fe-dfb10009fded,308ca42d-58fd-402c-886b-3af91b2a14cb,c3,c2,912,?,p2,
1769748895.339987,SENT,0c5b6e44-1e4e-43a9-811c-d5564beddad9,18c21524-fb18-4242-9a6c-cad45f1d340c,c5,DROP,442,?,i5,
1769748895.340026,FORWARDED,0c5b6e44-1e4e-43a9-811c-d5564beddad9,18c21524-fb18-4242-9a6c-cad45f1d340c,c5,DROP,442,?,i5,
1769748895.367694,RECEIVED,4e63b003-b2dc-47ab-a273-879603e0fdc1,8afde4e3-f40f-4524-97e7-8bad72ca44fe,c2,DROP,693,i4,?,
1769748895.5322757,RECEIVED,9224ab2c-17d9-4e6c-9a95-63547d0d9c64,968051ae-d599-493a-ada5-63f31fdf58df,c5,c3,1323,i11,?,
1769748895.5444984,RECEIVED,94039abd-110f-4821-a648-6fcc604e1768,72923a56-db1f-44fd-a4dc-54bb55cf8125,c2,DROP,684,i6,?,
1769748895.678233,SENT,4e63b003-b2dc-47ab-a273-879603e0fdc1,8afde4e3-f40f-4524-97e7-8bad72ca44fe,c2,DROP,445,?,e10,
1769748895.6782653,FORWARDED,4e63b003-b2dc-47ab-a273-879603e0fdc1,8afde4e3-f40f-4524-97e7-8bad72ca44fe,c2,DROP,445,?,e10,
1769748895.746054,RECEIVED,e56009ea-6f47-420d-9b9a-ddabc004d57d,603350ca-9762-4315-8171-ded0466c5c2a,c4,DROP,684,i5,?,
1769748895.7688675,RECEIVED,6b058a6a-f824-479d-b5b4-5158175b4ecd,4b2cf896-3f52-4baf-a45a-9d068df55ce7,c2,DROP,689,i8,?,
1769748895.7725234,RECEIVED,4f33cc33-6ac2-4f11-861b-02e226943426,065cfd58-b973-492f-a562-0f81947689eb,c3,DROP,679,i9,?,
1769748895.9184227,SENT,6b058a6a-f824-479d-b5b4-5158175b4ecd,4b2cf896-3f52-4baf-a45a-9d068df55ce7,c2,DROP,442,?,e12,
1769748895.9184608,FORWARDED,6b058a6a-f824-479d-b5b4-5158175b4ecd,4b2cf896-3f52-4baf-a45a-9d068df55ce7,c2,DROP,442,?,e12,
1769748895.9292886,RECEIVED,42640f4e-7b7a-4b91-a93f-d29715532579,39f089a5-fe4e-404c-ba38-ceaa6bb4abbb,c3,DROP,684,i8,?,
1769748895.9343147,RECEIVED,6d571e2c-fe54-4f51-be11-103c4d2de04f,e4ec63bf-419c-41bd-863e-fffe5a6c4bfe,c1,DROP,688,i1,?,
1769748895.9614236,RECEIVED,49e38d98-9fd1-4811-a08d-36afd4e33e96,7c1b21ef-8730-42f7-9784-3bfe43eac764,c4,DROP,685,i2,?,
1769748896.0018384,SENT,e56009ea-6f47-420d-9b9a-ddabc004d57d,603350ca-9762-4315-8171-ded0466c5c2a,c4,DROP,441,?,e9,
1769748896.0018716,FORWARDED,e56009ea-6f47-420d-9b9a-ddabc004d57d,603350ca-9762-4315-8171-ded0466c5c2a,c4,DROP,441,?,e9,
1769748896.0125835,SENT,49e38d98-9fd1-4811-a08d-36afd4e33e96,7c1b21ef-8730-42f7-9784-3bfe43eac764,c4,DROP,441,?,x10,
1769748896.012688,FORWARDED,49e38d98-9fd1-4811-a08d-36afd4e33e96,7c1b21ef-8730-42f7-9784-3bfe43eac764,c4,DROP,441,?,x10,
1769748896.0265195,SENT,6d571e2c-fe54-4f51-be11-103c4d2de04f,e4ec63bf-419c-41bd-863e-fffe5a6c4bfe,c1,DROP,442,?,x2,
1769748896.0265596,FORWARDED,6d571e2c-fe54-4f51-be11-103c4d2de04f,e4ec63bf-419c-41bd-863e-fffe5a6c4bfe,c1,DROP,442,?,x2,
1769748896.0729282,RECEIVED,303875e6-d0c0-4770-93ce-f850cc227ca2,d0cfced3-946c-4dd4-8d6d-4d3aa7b3029e,c2,DROP,442,x12,?,
1769748896.0757353,SENT,42640f4e-7b7a-4b91-a93f-d29715532579,39f089a5-fe4e-404c-ba38-ceaa6bb4abbb,c3,DROP,441,?,x12,
1769748896.0757768,FORWARDED,42640f4e-7b7a-4b91-a93f-d29715532579,39f089a5-fe4e-404c-ba38-ceaa6bb4abbb,c3,DROP,441,?,x12,
1769748896.170003,RECEIVED,44d1bd88-26c4-4a51-b39e-24df9e25bb05,930b3fcb-3ea7-4b36-9a66-37164581da09,c5,None,1131,i3,?,
1769748896.1753669,SENT,9224ab2c-17d9-4e6c-9a95-63547d0d9c64,968051ae-d599-493a-ada5-63f31fdf58df,c5,c3,919,?,p3,
1769748896.1754074,FORWARDED,9224ab2c-17d9-4e6c-9a95-63547d0d9c64,968051ae-d599-493a-ada5-63f31fdf58df,c5,c3,919,?,p3,
1769748896.2166564,RECEIVED,5749ca0b-e3be-417c-9498-251c10c23255,21b2006f-7177-4d67-9875-99da5abf365c,c3,DROP,679,i6,?,
1769748896.2172391,RECEIVED,de058486-eb12-4058-b61a-11fec8b8b7ac,ce9df69e-5d15-4dac-9e74-983b5fb519ec,c1,DROP,684,i2,?,
1769748896.258587,RECEIVED,2f040a94-72db-4e15-ac8f-772a2b7c1bcc,eadb7bee-1092-44dd-922c-90bd2d89b601,c1,DROP,441,x7,?,
1769748896.2780628,SENT,de058486-eb12-4058-b61a-11fec8b8b7ac,ce9df69e-5d15-4dac-9e74-983b5fb519ec,c1,DROP,441,?,i3,
1769748896.2781076,FORWARDED,de058486-eb12-4058-b61a-11fec8b8b7ac,ce9df69e-5d15-4dac-9e74-983b5fb519ec,c1,DROP,441,?,i3,
1769748896.3564906,RECEIVED,ad8288d3-1699-4fd8-874f-f19ca71e12ff,d4cfdf14-03b7-44d7-86fa-ff1a3f42784f,c2,None,1132,i10,?,
1769748896.4162796,SENT,ad8288d3-1699-4fd8-874f-f19ca71e12ff,d4cfdf14-03b7-44d7-86fa-ff1a3f42784f,c2,None,776,?,p3,
1769748896.4163182,FORWARDED,ad8288d3-1699-4fd8-874f-f19ca71e12ff,d4cfdf14-03b7-44d7-86fa-ff1a3f42784f,c2,None,776,?,p3,
1769748896.4242249,RECEIVED,7b47f3f2-1cba-49bf-bd1c-88714581b5d8,389cc3a1-24b4-4916-a444-93aba77daead,c3,DROP,684,i3,?,
1769748896.435581,RECEIVED,e0f77b9b-cf7e-42a5-b90f-2331450bade9,49dd1e0b-06ee-43c3-8e58-951be5371dac,c3,DROP,680,i2,?,
1769748896.46635,RECEIVED,18a57bc4-7d3e-4ba5-b2a9-9ee85b351704,7e7da461-79bc-418c-b51a-b9163bf69f6b,c1,DROP,687,i4,?,
1769748896.5195985,SENT,7b47f3f2-1cba-49bf-bd1c-88714581b5d8,389cc3a1-24b4-4916-a444-93aba77daead,c3,DROP,441,?,x10,
1769748896.5196354,FORWARDED,7b47f3f2-1cba-49bf-bd1c-88714581b5d8,389cc3a1-24b4-4916-a444-93aba77daead,c3,DROP,441,?,x10,
1769748896.6026585,RECEIVED,fcd791c1-367c-43aa-ab7c-62bb49d4a20f,9d7c9435-3f89-49f8-82c7-9cc69fbd1dcc,c3,DROP,685,i4,?,
1769748896.6157854,SENT,e0f77b9b-cf7e-42a5-b90f-2331450bade9,49dd1e0b-06ee-43c3-8e58-951be5371dac,c3,DROP,437,?,e6,
1769748896.6158245,FORWARDED,e0f77b9b-cf7e-42a5-b90f-2331450bade9,49dd1e0b-06ee-43c3-8e58-951be5371dac,c3,DROP,437,?,e6,
1769748896.6325142,SENT,fcd791c1-367c-43aa-ab7c-62bb49d4a20f,9d7c9435-3f89-49f8-82c7-9cc69fbd1dcc,c3,DROP,441,?,e5,
1769748896.632555,FORWARDED,fcd791c1-367c-43aa-ab7c-62bb49d4a20f,9d7c9435-3f89-49f8-82c7-9cc69fbd1dcc,c3,DROP,441,?,e5,
1769748896.6439998,RECEIVED,ff32a65c-8c40-4402-939c-7de61816c70e,c2154881-4451-4b8c-b81b-25ecb4b31894,c2,None,1127,i10,?,
1769748896.655227,SENT,94039abd-110f-4821-a648-6fcc604e1768,72923a56-db1f-44fd-a4dc-54bb55cf8125,c2,DROP,441,?,e11,
1769748896.655267,FORWARDED,94039abd-110f-4821-a648-6fcc604e1768,72923a56-db1f-44fd-a4dc-54bb55cf8125,c2,DROP,441,?,e11,
1769748896.7659452,SENT,ff32a65c-8c40-4402-939c-7de61816c70e,c2154881-4451-4b8c-b81b-25ecb4b31894,c2,None,774,?,p3,
1769748896.7659872,FORWARDED,ff32a65c-8c40-4402-939c-7de61816c70e,c2154881-4451-4b8c-b81b-25ecb4b31894,c2,None,774,?,p3,
1769748896.8099914,RECEIVED,376e7dc0-2df7-4dd6-8880-8cd4d0e9f5ad,3dfade4f-6f5d-43e6-903e-1b16b9cdd3f3,c4,c1,1319,i3,?,
1769748896.8635182,RECEIVED,ce40211d-605e-4b84-865e-e08a19f38977,3fff101f-3804-4fb1-9343-0a51640d0e29,c5,c3,1263,i11,?,
1769748896.8705473,SENT,5749ca0b-e3be-417c-9498-251c10c23255,21b2006f-7177-4d67-9875-99da5abf365c,c3,DROP,438,?,x2,
1769748896.8708076,FORWARDED,5749ca0b-e3be-417c-9498-251c10c23255,21b2006f-7177-4d67-9875-99da5abf365c,c3,DROP,438,?,x2,
1769748896.8972878,RECEIVED,269eaf5e-ac4b-40d4-b32d-cabef020848a,3d6d0daf-4bad-4a26-b82a-1b99e69c4950,c5,DROP,441,x6,?,
1769748896.92217,RECEIVED,6e431daf-ccf4-4bd4-a8f3-358f0a2ec37b,0cb8b3a2-0c55-41ce-9162-800678b8302f,c1,DROP,684,i4,?,
1769748896.9423232,SENT,44d1bd88-26c4-4a51-b39e-24df9e25bb05,930b3fcb-3ea7-4b36-9a66-37164581da09,c5,None,776,?,p1,
1769748896.9428604,FORWARDED,44d1bd88-26c4-4a51-b39e-24df9e25bb05,930b3fcb-3ea7-4b36-9a66-37164581da09,c5,None,776,?,p1,
1769748897.0004327,SENT,6e431daf-ccf4-4bd4-a8f3-358f0a2ec37b,0cb8b3a2-0c55-41ce-9162-800678b8302f,c1,DROP,441,?,x2,
1769748897.0004709,FORWARDED,6e431daf-ccf4-4bd4-a8f3-358f0a2ec37b,0cb8b3a2-0c55-41ce-9162-800678b8302f,c1,DROP,441,?,x2,
1769748897.0338686,SENT,4f33cc33-6ac2-4f11-861b-02e226943426,065cfd58-b973-492f-a562-0f81947689eb,c3,DROP,436,?,x2,
1769748897.0339048,FORWARDED,4f33cc33-6ac2-4f11-861b-02e226943426,065cfd58-b973-492f-a562-0f81947689eb,c3,DROP,436,?,x2,
1769748897.1029024,SENT,ce40211d-605e-4b84-865e-e08a19f38977,3fff101f-3804-4fb1-9343-0a51640d0e29,c5,c3,876,?,p3,
1769748897.1029434,FORWARDED,ce40211d-605e-4b84-865e-e08a19f38977,3fff101f-3804-4fb1-9343-0a51640d0e29,c5,c3,876,?,p3,
1769748897.1531239,SENT,18a57bc4-7d3e-4ba5-b2a9-9ee85b351704,7e7da461-79bc-418c-b51a-b9163bf69f6b,c1,DROP,442,?,i6,
1769748897.153235,FORWARDED,18a57bc4-7d3e-4ba5-b2a9-9ee85b351704,7e7da461-79bc-418c-b51a-b9163bf69f6b,c1,DROP,442,?,i6,
1769748897.3789132,SENT,376e7dc0-2df7-4dd6-8880-8cd4d0e9f5ad,3dfade4f-6f5d-43e6-903e-1b16b9cdd3f3,c4,c1,916,?,p1,
1769748897.378953,FORWARDED,376e7dc0-2df7-4dd6-8880-8cd4d0e9f5ad,3dfade4f-6f5d-43e6-903e-1b16b9cdd3f3,c4,c1,916,?,p1,
1769748897.4749653,RECEIVED,8cc59119-4860-4577-86c8-0f7d39126f86,fa7147cd-a1a4-4d59-ad92-be78e677ba2b,c2,DROP,692,i10,?,
1769748897.4777834,RECEIVED,caf2e644-70a5-460a-8686-ff5eab006759,3404b871-d420-4109-a2e9-361543725d9c,c2,DROP,683,i4,?,
1769748897.5475988,RECEIVED,8b475d1f-d1c3-4aaf-9180-e6e60c5d5142,81f7b04a-0f0c-4e81-a5ae-b68e5d7ae505,c2,DROP,683,i7,?,
1769748897.705281,RECEIVED,f55135a8-878d-44e7-aa00-c250db8cc9b5,bd1dd587-e53f-437a-bd49-1d2aed59a0d2,c3,DROP,692,i11,?,
1769748897.8090403,SENT,8cc59119-4860-4577-86c8-0f7d39126f86,fa7147cd-a1a4-4d59-ad92-be78e677ba2b,c2,DROP,446,?,i12,
1769748897.8090951,FORWARDED,8cc59119-4860-4577-86c8-0f7d39126f86,fa7147cd-a1a4-4d59-ad92-be78e677ba2b,c2,DROP,446,?,i12,
1769748897.939665,RECEIVED,479480ed-d553-4038-a37c-a0acf89b5a3c,b9bcecad-8200-4f47-b05a-17934f026066,c2,DROP,684,i5,?,
1769748897.9910734,SENT,8b475d1f-d1c3-4aaf-9180-e6e60c5d5142,81f7b04a-0f0c-4e81-a5ae-b68e5d7ae505,c2,DROP,441,?,e4,
1769748897.9911187,FORWARDED,8b475d1f-d1c3-4aaf-9180-e6e60c5d5142,81f7b04a-0f0c-4e81-a5ae-b68e5d7ae505,c2,DROP,441,?,e4,
1769748898.4343355,RECEIVED,1d53e5e1-ec8d-4d7c-8252-d39dde410a23,dbb89098-2e52-4785-9aa2-22a3f069c339,c2,None,1123,i2,?,
1769748898.564189,RECEIVED,ab8da6c8-1ec2-4210-a8af-26e5fc3f2d4c,92d22aab-8bc0-43cf-a5ff-f8d3aabb9308,c3,DROP,683,i9,?,
1769748898.5961173,SENT,1d53e5e1-ec8d-4d7c-8252-d39dde410a23,dbb89098-2e52-4785-9aa2-22a3f069c339,c2,None,771,?,p3,
1769748898.59616,FORWARDED,1d53e5e1-ec8d-4d7c-8252-d39dde410a23,dbb89098-2e52-4785-9aa2-22a3f069c339,c2,None,771,?,p3,
1769748898.6661458,SENT,caf2e644-70a5-460a-8686-ff5eab006759,3404b871-d420-4109-a2e9-361543725d9c,c2,DROP,441,?,i5,
1769748898.666186,FORWARDED,caf2e644-70a5-460a-8686-ff5eab006759,3404b871-d420-4109-a2e9-361543725d9c,c2,DROP,441,?,i5,
1769748898.7067723,RECEIVED,aca7f4e6-8b66-49e7-89a5-f8612d868505,a6e721c7-a046-403f-a8f9-7fb6964b0bdc,c3,DROP,446,x10,?,
1769748898.7411227,SENT,f55135a8-878d-44e7-aa00-c250db8cc9b5,bd1dd587-e53f-437a-bd49-1d2aed59a0d2,c3,DROP,446,?,x12,
1769748898.741163,FORWARDED,f55135a8-878d-44e7-aa00-c250db8cc9b5,bd1dd587-e53f-437a-bd49-1d2aed59a0d2,c3,DROP,446,?,x12,
1769748898.7682056,RECEIVED,c3e50bfd-ea20-49bf-ae9d-de750c97d8d8,fc1d31c2-a6ba-4b99-b642-e346a65e5004,c1,None,1127,i10,?,
1769748898.8561797,RECEIVED,ff86f56c-360d-45bc-bf9c-141bbac8b6e9,6a511c95-8ae1-476f-ba99-a4713db6c98e,c2,DROP,687,i1,?,
1769748898.9734185,SENT,479480ed-d553-4038-a37c-a0acf89b5a3c,b9bcecad-8200-4f47-b05a-17934f026066,c2,DROP,440,?,i11,
1769748898.9734592,FORWARDED,479480ed-d553-4038-a37c-a0acf89b5a3c,b9bcecad-8200-4f47-b05a-17934f026066,c2,DROP,440,?,i11,
1769748898.983014,RECEIVED,697bdd5d-66c4-4d35-997d-ef8db27113be,f686bd5a-489f-4c99-9382-51c5ddfd6380,c3,None,1125,i4,?,
1769748899.0779347,SENT,697bdd5d-66c4-4d35-997d-ef8db27113be,f686bd5a-489f-4c99-9382-51c5ddfd6380,c3,None,771,?,p2,
1769748899.0779715,FORWARDED,697bdd5d-66c4-4d35-997d-ef8db27113be,f686bd5a-489f-4c99-9382-51c5ddfd6380,c3,None,771,?,p2,
1769748899.1132226,RECEIVED,70f68d76-8783-4c39-8e36-d9d74b3a71a4,d51aa340-d933-4d35-99c7-b281e52e5923,c2,DROP,441,x6,?,
1769748899.17797,SENT,c3e50bfd-ea20-49bf-ae9d-de750c97d8d8,fc1d31c2-a6ba-4b99-b642-e346a65e5004,c1,None,774,?,p1,
1769748899.178012,FORWARDED,c3e50bfd-ea20-49bf-ae9d-de750c97d8d8,fc1d31c2-a6ba-4b99-b642-e346a65e5004,c1,None,774,?,p1,
1769748899.435821,RECEIVED,4d9748b3-2ca3-4f54-a904-31bcb571e975,5866c6f9-4a0d-4272-97dc-b3c5882d2f2d,c2,DROP,687,i1,?,
1769748899.4788766,RECEIVED,ca1e266e-933d-4211-a041-51f4b021e247,c0520333-9243-49fd-b6cf-530d86006579,c4,c1,1251,i6,?,
1769748899.4801621,SENT,ff86f56c-360d-45bc-bf9c-141bbac8b6e9,6a511c95-8ae1-476f-ba99-a4713db6c98e,c2,DROP,442,?,x5,
1769748899.4801972,FORWARDED,ff86f56c-360d-45bc-bf9c-141bbac8b6e9,6a511c95-8ae1-476f-ba99-a4713db6c98e,c2,DROP,442,?,x5,
1769748899.5025148,RECEIVED,64958eda-a4d1-4b42-b342-d67750910213,5f2373b0-2dfa-4d40-974f-6945c28f007c,c2,c3,1264,i12,?,
1769748899.5808313,RECEIVED,394a22b9-7ab3-4546-b781-595833ee5945,54fa1173-e3fd-4368-a90f-989aaf8dca98,c3,DROP,683,i10,?,
1769748899.633668,SENT,64958eda-a4d1-4b42-b342-d67750910213,5f2373b0-2dfa-4d40-974f-6945c28f007c,c2,c3,875,?,p3,
1769748899.633709,FORWARDED,64958eda-a4d1-4b42-b342-d67750910213,5f2373b0-2dfa-4d40-974f-6945c28f007c,c2,c3,875,?,p3,
1769748899.6524053,RECEIVED,13b68def-410a-4750-8680-737b47274767,74d2eff5-34a5-4a5f-8b1b-f0868392fe86,c4,DROP,688,i9,?,
1769748899.831211,SENT,ca1e266e-933d-4211-a041-51f4b021e247,c0520333-9243-49fd-b6cf-530d86006579,c4,c1,867,?,p1,
1769748899.8312478,FORWARDED,ca1e266e-933d-4211-a041-51f4b021e247,c0520333-9243-49fd-b6cf-530d86006579,c4,c1,867,?,p1,
1769748900.0140889,SENT,13b68def-410a-4750-8680-737b47274767,74d2eff5-34a5-4a5f-8b1b-f0868392fe86,c4,DROP,442,?,i2,
1769748900.01413,FORWARDED,13b68def-410a-4750-8680-737b47274767,74d2eff5-34a5-4a5f-8b1b-f0868392fe86,c4,DROP,442,?,i2,
1769748900.0270288,RECEIVED,e3dcaea7-cdac-44c5-87a8-1177e9206637,e583b64f-fa30-4673-9f01-c4dfd9057695,c2,None,1123,i4,?,
1769748900.138392,SENT,4d9748b3-2ca3-4f54-a904-31bcb571e975,5866c6f9-4a0d-4272-97dc-b3c5882d2f2d,c2,DROP,442,?,x6,
1769748900.1384299,FORWARDED,4d9748b3-2ca3-4f54-a904-31bcb571e975,5866c6f9-4a0d-4272-97dc-b3c5882d2f2d,c2,DROP,442,?,x6,
1769748900.226208,RECEIVED,c9f4a929-c24b-473d-bf8d-db1af0f8daa9,07374e09-402a-4d04-ac1a-492dd5f5c765,c1,None,1131,i7,?,
1769748900.313649,SENT,ab8da6c8-1ec2-4210-a8af-26e5fc3f2d4c,92d22aab-8bc0-43cf-a5ff-f8d3aabb9308,c3,DROP,441,?,i1,
1769748900.3136911,FORWARDED,ab8da6c8-1ec2-4210-a8af-26e5fc3f2d4c,92d22aab-8bc0-43cf-a5ff-f8d3aabb9308,c3,DROP,441,?,i1,
1769748900.4097426,SENT,e3dcaea7-cdac-44c5-87a8-1177e9206637,e583b64f-fa30-4673-9f01-c4dfd9057695,c2,None,771,?,p3,
1769748900.409784,FORWARDED,e3dcaea7-cdac-44c5-87a8-1177e9206637,e583b64f-fa30-4673-9f01-c4dfd9057695,c2,None,771,?,p3,
1769748900.4498503,RECEIVED,2b75403f-a7fd-4bd0-a3d4-6c7f041c05f5,0c5f4430-b32d-4e7b-9eee-ab1d447b2113,c1,None,1132,i5,?,
1769748900.4815617,SENT,c9f4a929-c24b-473d-bf8d-db1af0f8daa9,07374e09-402a-4d04-ac1a-492dd5f5c765,c1,None,775,?,p1,
1769748900.4816031,FORWARDED,c9f4a929-c24b-473d-bf8d-db1af0f8daa9,07374e09-402a-4d04-ac1a-492dd5f5c765,c1,None,775,?,p1,
1769748900.617943,SENT,2b75403f-a7fd-4bd0-a3d4-6c7f041c05f5,0c5f4430-b32d-4e7b-9eee-ab1d447b2113,c1,None,776,?,p1,
1769748900.6179888,FORWARDED,2b75403f-a7fd-4bd0-a3d4-6c7f041c05f5,0c5f4430-b32d-4e7b-9eee-ab1d447b2113,c1,None,776,?,p1,
1769748900.6731813,RECEIVED,dd84dbb5-22e2-4ccd-91b1-fbc8f98b30d4,ba76b395-7fb2-48ff-bf60-09cdab999c7b,c4,DROP,687,i11,?,
1769748900.732997,RECEIVED,553b6eb2-f96b-4fd1-ae6f-ffba1b4ad0b3,b81ac8b6-69d5-4cee-a777-cf5218cee5a7,c5,c3,1315,i11,?,
1769748900.7471554,SENT,394a22b9-7ab3-4546-b781-595833ee5945,54fa1173-e3fd-4368-a90f-989aaf8dca98,c3,DROP,441,?,i8,
1769748900.7471936,FORWARDED,394a22b9-7ab3-4546-b781-595833ee5945,54fa1173-e3fd-4368-a90f-989aaf8dca98,c3,DROP,441,?,i8,
1769748900.7686882,RECEIVED,f7e6c22b-368a-4c42-8c3b-1ec415a4526e,cf7f0d1d-c5a6-41b5-b38f-f54deffe587d,c3,DROP,683,i1,?,
1769748900.7872562,RECEIVED,148e4970-5d30-4281-a538-b8ccecc5e12d,b2a0bf40-6a8a-42c6-8a4e-a13e836b74b8,c1,c5,1263,i12,?,
1769748900.809696,RECEIVED,ec29d379-ffc2-487e-bd0c-ea035ec21307,9dcdfb0a-7325-46af-805b-32bb7daa185e,c5,DROP,679,i3,?,
1769748900.9818604,RECEIVED,ff1c53cd-f99b-4b80-b10c-1f55de8ff4d3,fc416a68-e6e9-4633-83a5-8a769781c7b0,c2,DROP,686,i3,?,
1769748900.9876614,SENT,553b6eb2-f96b-4fd1-ae6f-ffba1b4ad0b3,b81ac8b6-69d5-4cee-a777-cf5218cee5a7,c5,c3,914,?,p3,
1769748900.9876993,FORWARDED,553b6eb2-f96b-4fd1-ae6f-ffba1b4ad0b3,b81ac8b6-69d5-4cee-a777-cf5218cee5a7,c5,c3,914,?,p3,
1769748901.0013847,SENT,ff1c53cd-f99b-4b80-b10c-1f55de8ff4d3,fc416a68-e6e9-4633-83a5-8a769781c7b0,c2,DROP,441,?,i10,
1769748901.0014246,FORWARDED,ff1c53cd-f99b-4b80-b10c-1f55de8ff4d3,fc416a68-e6e9-4633-83a5-8a769781c7b0,c2,DROP,441,?,i10,
1769748901.0614252,SENT,148e4970-5d30-4281-a538-b8ccecc5e12d,b2a0bf40-6a8a-42c6-8a4e-a13e836b74b8,c1,c5,875,?,p2,
1769748901.0614662,FORWARDED,148e4970-5d30-4281-a538-b8ccecc5e12d,b2a0bf40-6a8a-42c6-8a4e-a13e836b74b8,c1,c5,875,?,p2,
1769748901.325253,SENT,dd84dbb5-22e2-4ccd-91b1-fbc8f98b30d4,ba76b395-7fb2-48ff-bf60-09cdab999c7b,c4,DROP,442,?,i5,
1769748901.3252854,FORWARDED,dd84dbb5-22e2-4ccd-91b1-fbc8f98b30d4,ba76b395-7fb2-48ff-bf60-09cdab999c7b,c4,DROP,442,?,i5,
1769748901.4811387,RECEIVED,a770396b-7f52-42d3-a65d-4b91ca8df623,1f297365-1801-4162-ad91-7c71277231aa,c1,DROP,687,i7,?,
1769748901.4913144,RECEIVED,eda483cb-9657-45ec-b617-b84ea77cb976,4dee3803-fd88-4984-9df1-8fee76b2fdf2,c5,None,1131,i7,?,
1769748901.7274723,SENT,ec29d379-ffc2-487e-bd0c-ea035ec21307,9dcdfb0a-7325-46af-805b-32bb7daa185e,c5,DROP,438,?,x2,
1769748901.7275093,FORWARDED,ec29d379-ffc2-487e-bd0c-ea035ec21307,9dcdfb0a-7325-46af-805b-32bb7daa185e,c5,DROP,438,?,x2,
1769748901.7730744,RECEIVED,46c027d4-5c86-4376-ae45-53d6145ed7df,a40cf22e-7f47-4ee1-9959-b9212d7e03f8,c3,None,1124,i10,?,
1769748901.8269289,SENT,f7e6c22b-368a-4c42-8c3b-1ec415a4526e,cf7f0d1d-c5a6-41b5-b38f-f54deffe587d,c3,DROP,441,?,i6,
1769748901.82697,FORWARDED,f7e6c22b-368a-4c42-8c3b-1ec415a4526e,cf7f0d1d-c5a6-41b5-b38f-f54deffe587d,c3,DROP,441,?,i6,
1769748901.8432424,RECEIVED,a70253ed-b2ef-4959-a581-0441c3ef681e,1b42120e-ad32-4faa-8896-08a0574977d2,c4,DROP,683,i12,?,
1769748901.9216435,SENT,a770396b-7f52-42d3-a65d-4b91ca8df623,1f297365-1801-4162-ad91-7c71277231aa,c1,DROP,443,?,x9,
1769748901.9216838,FORWARDED,a770396b-7f52-42d3-a65d-4b91ca8df623,1f297365-1801-4162-ad91-7c71277231aa,c1,DROP,443,?,x9,
1769748901.922931,RECEIVED,b8caea09-e6ca-464a-93df-be1b5a135670,d65c44a2-05f1-472f-8579-0d976425b676,c1,None,1127,i7,?,
1769748901.9490325,RECEIVED,b43aff7e-4055-44d3-a87f-29e46f426875,3d13c1f0-5408-41c8-8a3d-67cd342413dc,c3,DROP,684,i5,?,
1769748901.9921863,SENT,46c027d4-5c86-4376-ae45-53d6145ed7df,a40cf22e-7f47-4ee1-9959-b9212d7e03f8,c3,None,771,?,p2,
1769748901.9922278,FORWARDED,46c027d4-5c86-4376-ae45-53d6145ed7df,a40cf22e-7f47-4ee1-9959-b9212d7e03f8,c3,None,771,?,p2,
1769748902.0315351,SENT,eda483cb-9657-45ec-b617-b84ea77cb976,4dee3803-fd88-4984-9df1-8fee76b2fdf2,c5,None,775,?,p1,
1769748902.0315711,FORWARDED,eda483cb-9657-45ec-b617-b84ea77cb976,4dee3803-fd88-4984-9df1-8fee76b2fdf2,c5,None,775,?,p1,
1769748902.0347106,SENT,b43aff7e-4055-44d3-a87f-29e46f426875,3d13c1f0-5408-41c8-8a3d-67cd342413dc,c3,DROP,441,?,i9,
1769748902.0347455,FORWARDED,b43aff7e-4055-44d3-a87f-29e46f426875,3d13c1f0-5408-41c8-8a3d-67cd342413dc,c3,DROP,441,?,i9,
1769748902.1520634,RECEIVED,794a082d-2eb3-443b-9060-5c338a3836e5,2172b5f1-cae3-4f4b-9e77-9d9b31362a3d,c3,DROP,687,i7,?,
1769748902.2573068,RECEIVED,17a87ada-b051-44e6-903c-091b567c03d9,d63b9196-a53f-4a01-82ed-e495a656e17b,c4,DROP,684,i4,?,
1769748902.4273372,SENT,b8caea09-e6ca-464a-93df-be1b5a135670,d65c44a2-05f1-472f-8579-0d976425b676,c1,None,772,?,p1,
1769748902.4273784,FORWARDED,b8caea09-e6ca-464a-93df-be1b5a135670,d65c44a2-05f1-472f-8579-0d976425b676,c1,None,772,?,p1,
1769748902.6444466,SENT,a70253ed-b2ef-4959-a581-0441c3ef681e,1b42120e-ad32-4faa-8896-08a0574977d2,c4,DROP,441,?,e5,
1769748902.6444879,FORWARDED,a70253ed-b2ef-4959-a581-0441c3ef681e,1b42120e-ad32-4faa-8896-08a0574977d2,c4,DROP,441,?,e5,
1769748902.6577015,RECEIVED,a4658607-10c3-4997-9bc0-43072d6cebb4,cf968844-9915-4571-a0f6-9693fb51721f,c5,DROP,684,i3,?,
1769748902.8128555,RECEIVED,9cdb9676-dc66-4016-958e-406f0f8d8d80,8e674116-e0ab-4b41-a2ef-37d754d1cb6f,c5,DROP,441,x5,?,
1769748902.8561068,RECEIVED,d4ebe99e-4513-4f22-b3ba-4a10f432ddc9,1dacc32a-8825-441b-b6e1-8edd709a1979,c4,c1,1263,i1,?,
1769748902.9767785,RECEIVED,2ffedf5a-b171-4186-9ac7-b75ef50611eb,5cd67d70-307d-465b-b7b9-98514683491f,c3,None,1123,i4,?,
1769748902.9968212,RECEIVED,97438377-dab2-467a-9d4a-a5bd2cf32323,38a7e0a2-0a20-4183-bbe0-0ac3cf150979,c1,DROP,687,i8,?,
1769748903.0471542,SENT,97438377-dab2-467a-9d4a-a5bd2cf32323,38a7e0a2-0a20-4183-bbe0-0ac3cf150979,c1,DROP,442,?,i5,
1769748903.0471933,FORWARDED,97438377-dab2-467a-9d4a-a5bd2cf32323,38a7e0a2-0a20-4183-bbe0-0ac3cf150979,c1,DROP,442,?,i5,
1769748903.0987737,RECEIVED,dbff2267-60ce-4c8a-9fc3-e7256ccf4599,fd0f27a9-12b4-4943-bfc8-b3328246c551,c3,None,1130,i5,?,
1769748903.1334274,SENT,17a87ada-b051-44e6-903c-091b567c03d9,d63b9196-a53f-4a01-82ed-e495a656e17b,c4,DROP,441,?,x11,
1769748903.1334689,FORWARDED,17a87ada-b051-44e6-903c-091b567c03d9,d63b9196-a53f-4a01-82ed-e495a656e17b,c4,DROP,441,?,x11,
1769748903.1467602,SENT,794a082d-2eb3-443b-9060-5c338a3836e5,2172b5f1-cae3-4f4b-9e77-9d9b31362a3d,c3,DROP,442,?,e7,
1769748903.1468012,FORWARDED,794a082d-2eb3-443b-9060-5c338a3836e5,2172b5f1-cae3-4f4b-9e77-9d9b31362a3d,c3,DROP,442,?,e7,
1769748903.420999,SENT,d4ebe99e-4513-4f22-b3ba-4a10f432ddc9,1dacc32a-8825-441b-b6e1-8edd709a1979,c4,c1,875,?,p1,
1769748903.4210346,FORWARDED,d4ebe99e-4513-4f22-b3ba-4a10f432ddc9,1dacc32a-8825-441b-b6e1-8edd709a1979,c4,c1,875,?,p1,
1769748903.494891,RECEIVED,3c3579c9-2037-46c9-b2d2-50322e9c1199,e7456473-0e20-4484-8e45-5d504b7e1103,c2,DROP,679,i6,?,
1769748903.5025184,RECEIVED,15f6c6ab-841a-4a6f-9c26-f06ff48303bf,1f601db0-4680-4969-b0cf-cb1460e44aea,c4,c1,1260,i11,?,
1769748903.531837,RECEIVED,8da90972-d1a2-4d83-aaf5-817d4506f27f,abe00f8f-d369-4e6d-981f-2a6f06167dbc,c2,DROP,689,i7,?,
1769748903.5522954,SENT,3c3579c9-2037-46c9-b2d2-50322e9c1199,e7456473-0e20-4484-8e45-5d504b7e1103,c2,DROP,437,?,e6,
1769748903.5523348,FORWARDED,3c3579c9-2037-46c9-b2d2-50322e9c1199,e7456473-0e20-4484-8e45-5d504b7e1103,c2,DROP,437,?,e6,
1769748903.6037736,RECEIVED,1c83d6bd-a1af-47e8-8ea7-33fdf920a8d6,2c492e8f-f233-4d42-8e65-615e0ee569cc,c2,DROP,441,x6,?,
1769748903.6605804,SENT,15f6c6ab-841a-4a6f-9c26-f06ff48303bf,1f601db0-4680-4969-b0cf-cb1460e44aea,c4,c1,872,?,p1,
1769748903.6606212,FORWARDED,15f6c6ab-841a-4a6f-9c26-f06ff48303bf,1f601db0-4680-4969-b0cf-cb1460e44aea,c4,c1,872,?,p1,
1769748903.7018797,SENT,2ffedf5a-b171-4186-9ac7-b75ef50611eb,5cd67d70-307d-465b-b7b9-98514683491f,c3,None,771,?,p2,
1769748903.7019124,FORWARDED,2ffedf5a-b171-4186-9ac7-b75ef50611eb,5cd67d70-307d-465b-b7b9-98514683491f,c3,None,771,?,p2,
1769748903.7065747,RECEIVED,9d0c0265-fede-45c7-8b2a-fe918d860366,81f112e2-d78b-4655-b804-e28dbd1eada0,c4,DROP,683,i10,?,
1769748903.7965412,SENT,a4658607-10c3-4997-9bc0-43072d6cebb4,cf968844-9915-4571-a0f6-9693fb51721f,c5,DROP,441,?,i11,
1769748903.7965822,FORWARDED,a4658607-10c3-4997-9bc0-43072d6cebb4,cf968844-9915-4571-a0f6-9693fb51721f,c5,DROP,441,?,i11,
1769748903.9306092,SENT,8da90972-d1a2-4d83-aaf5-817d4506f27f,abe00f8f-d369-4e6d-981f-2a6f06167dbc,c2,DROP,442,?,i10,
1769748903.9306593,FORWARDED,8da90972-d1a2-4d83-aaf5-817d4506f27f,abe00f8f-d369-4e6d-981f-2a6f06167dbc,c2,DROP,442,?,i10,
1769748903.9937165,SENT,9d0c0265-fede-45c7-8b2a-fe918d860366,81f112e2-d78b-4655-b804-e28dbd1eada0,c4,DROP,441,?,i1,
1769748903.9937565,FORWARDED,9d0c0265-fede-45c7-8b2a-fe918d860366,81f112e2-d78b-4655-b804-e28dbd1eada0,c4,DROP,441,?,i1,
1769748904.0211327,RECEIVED,3bf91ad5-9d5c-44fc-a3f5-6143fea654ae,02926c0b-1d5e-4d07-8fd3-2e75863d8d0f,c5,c3,1263,i11,?,
1769748904.1874137,RECEIVED,ebe93b08-fdd3-4275-a6d2-b7d6ee78cc47,149bbb36-be25-430c-b379-3b77a307f572,c1,None,1128,i5,?,
1769748904.2544668,RECEIVED,fbbad259-9003-46de-9f0a-0c9a3a69adcb,4e5a2c74-fda2-4c0e-b5d3-38032c368d6c,c2,DROP,683,i3,?,
1769748904.2779503,RECEIVED,ede1adff-a1d7-4d6d-9aee-752837811c2d,087b12d0-9c6b-4988-93ca-c129b833dedc,c5,None,1131,i7,?,
1769748904.3258529,RECEIVED,11db1c12-ec07-40ca-9032-830bf19433e2,1d2107ef-2dfe-4a14-8055-e2129528e572,c3,DROP,687,i6,?,
1769748904.3373966,RECEIVED,44b1300b-c4d4-4583-ac55-609e3bf533ce,507f1d19-6372-4005-ba95-c80c5db81515,c5,DROP,682,i4,?,
1769748904.5080338,SENT,ebe93b08-fdd3-4275-a6d2-b7d6ee78cc47,149bbb36-be25-430c-b379-3b77a307f572,c1,None,772,?,p1,
1769748904.508085,FORWARDED,ebe93b08-fdd3-4275-a6d2-b7d6ee78cc47,149bbb36-be25-430c-b379-3b77a307f572,c1,None,772,?,p1,
1769748904.5235124,SENT,dbff2267-60ce-4c8a-9fc3-e7256ccf4599,fd0f27a9-12b4-4943-bfc8-b3328246c551,c3,None,776,?,p2,
1769748904.5235527,FORWARDED,dbff2267-60ce-4c8a-9fc3-e7256ccf4599,fd0f27a9-12b4-4943-bfc8-b3328246c551,c3,None,776,?,p2,
1769748904.5465686,SENT,3bf91ad5-9d5c-44fc-a3f5-6143fea654ae,02926c0b-1d5e-4d07-8fd3-2e75863d8d0f,c5,c3,874,?,p3,
1769748904.5466084,FORWARDED,3bf91ad5-9d5c-44fc-a3f5-6143fea654ae,02926c0b-1d5e-4d07-8fd3-2e75863d8d0f,c5,c3,874,?,p3,
1769748904.736466,SENT,ede1adff-a1d7-4d6d-9aee-752837811c2d,087b12d0-9c6b-4988-93ca-c129b833dedc,c5,None,776,?,p1,
1769748904.7365098,FORWARDED,ede1adff-a1d7-4d6d-9aee-752837811c2d,087b12d0-9c6b-4988-93ca-c129b833dedc,c5,None,776,?,p1,
1769748904.8990815,SENT,11db1c12-ec07-40ca-9032-830bf19433e2,1d2107ef-2dfe-4a14-8055-e2129528e572,c3,DROP,442,?,x3,
1769748904.8991222,FORWARDED,11db1c12-ec07-40ca-9032-830bf19433e2,1d2107ef-2dfe-4a14-8055-e2129528e572,c3,DROP,442,?,x3,
1769748904.994578,RECEIVED,87c9fc31-a048-44a2-a773-918330be3b8e,163f11e4-03fc-4cb1-a344-96b05e86b855,c4,c1,1311,i6,?,
1769748904.9962087,RECEIVED,4ac96b5d-d472-4daa-92d6-8fe53b499e56,10c33faa-e240-4ec3-b6cf-01f1e47247d8,c3,DROP,685,i2,?,
1769748905.0068166,SENT,fbbad259-9003-46de-9f0a-0c9a3a69adcb,4e5a2c74-fda2-4c0e-b5d3-38032c368d6c,c2,DROP,440,?,i8,
1769748905.0068603,FORWARDED,fbbad259-9003-46de-9f0a-0c9a3a69adcb,4e5a2c74-fda2-4c0e-b5d3-38032c368d6c,c2,DROP,440,?,i8,
1769748905.0168083,RECEIVED,eb9700ac-8fa7-468f-8f27-67e964f5e9e1,ae9ea23e-2697-4a0b-a93c-939ce6670fca,c2,None,1119,i4,?,
1769748905.1455927,RECEIVED,cb3db56c-142b-4b06-94b2-83bc25183d6c,de6f0577-ef65-4415-aae2-8ad559fb7a67,c5,DROP,684,i12,?,
1769748905.1460025,SENT,4ac96b5d-d472-4daa-92d6-8fe53b499e56,10c33faa-e240-4ec3-b6cf-01f1e47247d8,c3,DROP,441,?,x11,
1769748905.1462297,FORWARDED,4ac96b5d-d472-4daa-92d6-8fe53b499e56,10c33faa-e240-4ec3-b6cf-01f1e47247d8,c3,DROP,441,?,x11,
1769748905.158315,RECEIVED,bf7a4232-f67e-4d49-807c-562fa845d9bb,ce503a9c-72db-47d9-8e50-7ef329588ae9,c2,DROP,683,i1,?,
1769748905.2306528,SENT,eb9700ac-8fa7-468f-8f27-67e964f5e9e1,ae9ea23e-2697-4a0b-a93c-939ce6670fca,c2,None,767,?,p3,
1769748905.2306933,FORWARDED,eb9700ac-8fa7-468f-8f27-67e964f5e9e1,ae9ea23e-2697-4a0b-a93c-939ce6670fca,c2,None,767,?,p3,
1769748905.238326,RECEIVED,dd66630e-15c1-4c6d-bdc5-7ad0ddb6297b,9d414010-4206-49cb-9af7-bdd87f4a8c70,c3,DROP,441,x11,?,
1769748905.3042653,RECEIVED,94e1babd-eb29-4a3e-9e3b-67aec7b07b1c,271cbc27-efff-4aa1-8eda-ca3b28f76a58,c2,DROP,683,i11,?,
1769748905.3160396,RECEIVED,a75c0d70-7bb4-4fb3-a22f-464d1aad7f89,0fd8eedd-37da-4816-8ebd-806c698666c6,c4,DROP,683,i7,?,
1769748905.3233342,RECEIVED,82bdeb96-156f-4921-bc98-942382c9b74b,f3e2f01f-c4c6-4733-8a74-7a2fae842207,c3,DROP,442,x3,?,
1769748905.3623183,RECEIVED,5f164207-dd8d-4901-bcda-a982fb9780f9,cc55a186-cb2b-4ba0-bb55-5b670afc783d,c2,DROP,687,i2,?,
1769748905.3793755,SENT,bf7a4232-f67e-4d49-807c-562fa845d9bb,ce503a9c-72db-47d9-8e50-7ef329588ae9,c2,DROP,441,?,i7,
1769748905.3794148,FORWARDED,bf7a4232-f67e-4d49-807c-562fa845d9bb,ce503a9c-72db-47d9-8e50-7ef329588ae9,c2,DROP,441,?,i7,
1769748905.394204,RECEIVED,96582241-6b9f-4f50-86ff-904012070a8d,6138657b-938c-4f7d-b7b0-2c3687cd2742,c5,c3,1264,i6,?,
1769748905.411364,SENT,cb3db56c-142b-4b06-94b2-83bc25183d6c,de6f0577-ef65-4415-aae2-8ad559fb7a67,c5,DROP,439,?,x3,
1769748905.4114022,FORWARDED,cb3db56c-142b-4b06-94b2-83bc25183d6c,de6f0577-ef65-4415-aae2-8ad559fb7a67,c5,DROP,439,?,x3,
1769748905.4980106,SENT,94e1babd-eb29-4a3e-9e3b-67aec7b07b1c,271cbc27-efff-4aa1-8eda-ca3b28f76a58,c2,DROP,441,?,x1,
1769748905.4980674,FORWARDED,94e1babd-eb29-4a3e-9e3b-67aec7b07b1c,271cbc27-efff-4aa1-8eda-ca3b28f76a58,c2,DROP,441,?,x1,
1769748905.5267684,RECEIVED,9a9c7f31-aecd-455d-ad3f-a8013ec52cde,22b6b35b-dfcc-4a14-b50c-7b956da824e0,c3,DROP,688,i2,?,
1769748905.658181,SENT,5f164207-dd8d-4901-bcda-a982fb9780f9,cc55a186-cb2b-4ba0-bb55-5b670afc783d,c2,DROP,442,?,i1,
1769748905.6582215,FORWARDED,5f164207-dd8d-4901-bcda-a982fb9780f9,cc55a186-cb2b-4ba0-bb55-5b670afc783d,c2,DROP,442,?,i1,
1769748905.6722014,SENT,44b1300b-c4d4-4583-ac55-609e3bf533ce,507f1d19-6372-4005-ba95-c80c5db81515,c5,DROP,439,?,e9,
1769748905.6722395,FORWARDED,44b1300b-c4d4-4583-ac55-609e3bf533ce,507f1d19-6372-4005-ba95-c80c5db81515,c5,DROP,439,?,e9,
1769748905.696182,RECEIVED,f982f5c0-9417-42d6-ab7e-693b11fd43e5,d2d5a461-f555-43c5-a952-5fd0c1428b16,c3,None,1127,i5,?,
1769748905.7778223,SENT,96582241-6b9f-4f50-86ff-904012070a8d,6138657b-938c-4f7d-b7b0-2c3687cd2742,c5,c3,874,?,p3,
1769748905.7778583,FORWARDED,96582241-6b9f-4f50-86ff-904012070a8d,6138657b-938c-4f7d-b7b0-2c3687cd2742,c5,c3,874,?,p3,
1769748905.8451805,RECEIVED,4e657feb-b527-4b5e-8b13-77b118c4194e,bf54ae53-b28c-4f9d-970d-feb4911ae455,c4,DROP,685,i8,?,
1769748905.9097412,SENT,4e657feb-b527-4b5e-8b13-77b118c4194e,bf54ae53-b28c-4f9d-970d-feb4911ae455,c4,DROP,440,?,x6,
1769748905.9097812,FORWARDED,4e657feb-b527-4b5e-8b13-77b118c4194e,bf54ae53-b28c-4f9d-970d-feb4911ae455,c4,DROP,440,?,x6,
1769748905.9736059,RECEIVED,9230a127-d40f-4866-8e3d-350c3fd27400,949d7805-b348-4761-9425-48972615aca0,c4,DROP,687,i6,?,
1769748906.0070345,RECEIVED,54f1afa4-267f-49ca-aeb2-b0037d35e36f,01a8e079-7203-48ff-8f53-cae05e4d993c,c1,None,1125,i5,?,
1769748906.0635743,SENT,a75c0d70-7bb4-4fb3-a22f-464d1aad7f89,0fd8eedd-37da-4816-8ebd-806c698666c6,c4,DROP,441,?,x7,
1769748906.0636082,FORWARDED,a75c0d70-7bb4-4fb3-a22f-464d1aad7f89,0fd8eedd-37da-4816-8ebd-806c698666c6,c4,DROP,441,?,x7,
1769748906.0806608,RECEIVED,11f4fdde-ab52-4629-8df8-8c6e9e66e0e5,39a3b608-50c7-4089-830d-4f39c4964b16,c5,DROP,689,i2,?,
1769748906.1510797,SENT,9a9c7f31-aecd-455d-ad3f-a8013ec52cde,22b6b35b-dfcc-4a14-b50c-7b956da824e0,c3,DROP,442,?,e12,
1769748906.151122,FORWARDED,9a9c7f31-aecd-455d-ad3f-a8013ec52cde,22b6b35b-dfcc-4a14-b50c-7b956da824e0,c3,DROP,442,?,e12,
1769748906.186146,RECEIVED,a182fa21-c55f-492a-8aed-4117917e9b88,780ec890-97a3-4f85-9be2-34525a9cab3d,c4,DROP,684,i3,?,
1769748906.187962,RECEIVED,c430b884-89c3-4ba2-b59f-a572e5634a55,2f9f5553-0edb-4856-9f4c-e4c5bcba2807,c1,DROP,441,x10,?,
1769748906.2145848,SENT,87c9fc31-a048-44a2-a773-918330be3b8e,163f11e4-03fc-4cb1-a344-96b05e86b855,c4,c1,911,?,p1,
1769748906.2146258,FORWARDED,87c9fc31-a048-44a2-a773-918330be3b8e,163f11e4-03fc-4cb1-a344-96b05e86b855,c4,c1,911,?,p1,
1769748906.2503536,SENT,a182fa21-c55f-492a-8aed-4117917e9b88,780ec890-97a3-4f85-9be2-34525a9cab3d,c4,DROP,441,?,i2,
1769748906.2504013,FORWARDED,a182fa21-c55f-492a-8aed-4117917e9b88,780ec890-97a3-4f85-9be2-34525a9cab3d,c4,DROP,441,?,i2,
1769748906.2965512,SENT,11f4fdde-ab52-4629-8df8-8c6e9e66e0e5,39a3b608-50c7-4089-830d-4f39c4964b16,c5,DROP,442,?,e12,
1769748906.2965877,FORWARDED,11f4fdde-ab52-4629-8df8-8c6e9e66e0e5,39a3b608-50c7-4089-830d-4f39c4964b16,c5,DROP,442,?,e12,
1769748906.4106514,SENT,f982f5c0-9417-42d6-ab7e-693b11fd43e5,d2d5a461-f555-43c5-a952-5fd0c1428b16,c3,None,772,?,p2,
1769748906.4106903,FORWARDED,f982f5c0-9417-42d6-ab7e-693b11fd43e5,d2d5a461-f555-43c5-a952-5fd0c1428b16,c3,None,772,?,p2,
1769748906.5384505,RECEIVED,9374613c-c539-4873-8bfc-a1d4cb5889bf,c34c6ee2-7346-4910-b4c8-cf9a011de542,c1,DROP,688,i10,?,
1769748906.5564733,RECEIVED,21cdf1b0-33a1-4de1-8341-507716d2e2a1,11c81eab-1fd2-4ee4-80e7-c8be28a1bc07,c5,DROP,441,x5,?,
1769748906.690749,SENT,54f1afa4-267f-49ca-aeb2-b0037d35e36f,01a8e079-7203-48ff-8f53-cae05e4d993c,c1,None,772,?,p1,
1769748906.6907907,FORWARDED,54f1afa4-267f-49ca-aeb2-b0037d35e36f,01a8e079-7203-48ff-8f53-cae05e4d993c,c1,None,772,?,p1,
1769748906.7524107,RECEIVED,5998541f-c63a-4b5d-8a8a-0cf527ddca5c,3803813c-8aae-4bc1-ba81-23e7a6065528,c1,DROP,442,x6,?,
1769748906.8895493,RECEIVED,a040b0df-e289-4efd-a909-91466fdb4feb,87cc8e0c-5b1e-4383-9b53-f6440fa103cb,c3,c2,1251,i9,?,
1769748906.8913023,SENT,9374613c-c539-4873-8bfc-a1d4cb5889bf,c34c6ee2-7346-4910-b4c8-cf9a011de542,c1,DROP,442,?,e5,
1769748906.8914182,FORWARDED,9374613c-c539-4873-8bfc-a1d4cb5889bf,c34c6ee2-7346-4910-b4c8-cf9a011de542,c1,DROP,442,?,e5,
1769748907.0171647,RECEIVED,d5b422b1-2aee-44d0-915e-bef735ab4c47,14de1fd8-ce12-46af-b1dd-baaf9dfccbbb,c1,DROP,442,x7,?,
1769748907.071012,SENT,9230a127-d40f-4866-8e3d-350c3fd27400,949d7805-b348-4761-9425-48972615aca0,c4,DROP,442,?,e1,
1769748907.0710597,FORWARDED,9230a127-d40f-4866-8e3d-350c3fd27400,949d7805-b348-4761-9425-48972615aca0,c4,DROP,442,?,e1,
1769748907.1016366,RECEIVED,c4baf063-6ff5-48d9-a98f-e238b84aa4c6,c0bbd264-f592-4885-b10d-6ab8d8486a8a,c3,c2,1263,i4,?,
1769748907.1437705,RECEIVED,bd6789f7-957d-44c5-bcb3-63424ba0c7c4,df614ddd-23b5-4e07-a4b6-9002146be815,c1,None,1127,i5,?,
1769748907.1715267,SENT,a040b0df-e289-4efd-a909-91466fdb4feb,87cc8e0c-5b1e-4383-9b53-f6440fa103cb,c3,c2,867,?,p2,
1769748907.1715655,FORWARDED,a040b0df-e289-4efd-a909-91466fdb4feb,87cc8e0c-5b1e-4383-9b53-f6440fa103cb,c3,c2,867,?,p2,
1769748907.522599,SENT,bd6789f7-957d-44c5-bcb3-63424ba0c7c4,df614ddd-23b5-4e07-a4b6-9002146be815,c1,None,772,?,p1,
1769748907.5226424,FORWARDED,bd6789f7-957d-44c5-bcb3-63424ba0c7c4,df614ddd-23b5-4e07-a4b6-9002146be815,c1,None,772,?,p1,
1769748907.6232612,SENT,c4baf063-6ff5-48d9-a98f-e238b84aa4c6,c0bbd264-f592-4885-b10d-6ab8d8486a8a,c3,c2,876,?,p2,
1769748907.6234143,FORWARDED,c4baf063-6ff5-48d9-a98f-e238b84aa4c6,c0bbd264-f592-4885-b10d-6ab8d8486a8a,c3,c2,876,?,p2,
1769748907.7686608,RECEIVED,da38f8a1-9331-4f1c-af0d-2d903a68111d,9daae498-1003-407c-b6c9-6951052b3192,c2,DROP,689,i9,?,
1769748907.8013477,RECEIVED,274fb76e-0f35-419d-9a91-6951de66882c,4873d606-5895-46ab-b03a-7cffc4f21b77,c2,c3,1260,i9,?,
1769748907.8253639,RECEIVED,33d92d43-5a43-4d15-9ddd-6767270d8a76,d8fdc2d7-cc94-4349-b1fd-9259141d82fd,c5,DROP,689,i9,?,
1769748907.9992278,SENT,33d92d43-5a43-4d15-9ddd-6767270d8a76,d8fdc2d7-cc94-4349-b1fd-9259141d82fd,c5,DROP,443,?,x10,
1769748907.999268,FORWARDED,33d92d43-5a43-4d15-9ddd-6767270d8a76,d8fdc2d7-cc94-4349-b1fd-9259141d82fd,c5,DROP,443,?,x10,
1769748907.9999506,RECEIVED,87c3f317-8437-4782-8dcc-e217d3bd65d4,6b483080-29c0-4476-bf2a-9089e6c05d2c,c3,None,1126,i12,?,
1769748908.05859,SENT,da38f8a1-9331-4f1c-af0d-2d903a68111d,9daae498-1003-407c-b6c9-6951052b3192,c2,DROP,442,?,e10,
1769748908.0586307,FORWARDED,da38f8a1-9331-4f1c-af0d-2d903a68111d,9daae498-1003-407c-b6c9-6951052b3192,c2,DROP,442,?,e10,
1769748908.254496,RECEIVED,998ffd81-5716-4285-956c-f5c8745d2965,0b414fd8-250d-4bc1-bb68-beb0453be7b2,c3,DROP,683,i2,?,
1769748908.299675,SENT,274fb76e-0f35-419d-9a91-6951de66882c,4873d606-5895-46ab-b03a-7cffc4f21b77,c2,c3,872,?,p3,
1769748908.2997136,FORWARDED,274fb76e-0f35-419d-9a91-6951de66882c,4873d606-5895-46ab-b03a-7cffc4f21b77,c2,c3,872,?,p3,
1769748908.3493526,RECEIVED,63e1d5c6-fbd1-415a-83bf-bddea0af69b3,e4ddd3f4-138b-47a1-baad-78938c069056,c2,DROP,441,x9,?,
1769748908.366026,RECEIVED,841620ce-f724-4089-824b-d432bf39a62d,d2d88f2a-61cb-4b83-97db-e06290759208,c2,DROP,682,i3,?,
1769748908.4005642,SENT,87c3f317-8437-4782-8dcc-e217d3bd65d4,6b483080-29c0-4476-bf2a-9089e6c05d2c,c3,None,772,?,p2,
1769748908.4006066,FORWARDED,87c3f317-8437-4782-8dcc-e217d3bd65d4,6b483080-29c0-4476-bf2a-9089e6c05d2c,c3,None,772,?,p2,
1769748908.87828,RECEIVED,915476c9-7e31-4812-ad8c-598ca54be59b,0e041396-6820-47ae-a9c1-03fd89be24fb,c1,None,1131,i10,?,
1769748909.174194,SENT,915476c9-7e31-4812-ad8c-598ca54be59b,0e041396-6820-47ae-a9c1-03fd89be24fb,c1,None,775,?,p1,
1769748909.174236,FORWARDED,915476c9-7e31-4812-ad8c-598ca54be59b,0e041396-6820-47ae-a9c1-03fd89be24fb,c1,None,775,?,p1,
1769748909.1832395,SENT,998ffd81-5716-4285-956c-f5c8745d2965,0b414fd8-250d-4bc1-bb68-beb0453be7b2,c3,DROP,441,?,e9,
1769748909.183278,FORWARDED,998ffd81-5716-4285-956c-f5c8745d2965,0b414fd8-250d-4bc1-bb68-beb0453be7b2,c3,DROP,441,?,e9,
1769748909.4638884,RECEIVED,9e5ac45a-9f3d-419e-9945-d4d3277025e6,f2bbf723-932d-4e36-8135-7b0e88c0ee0a,c3,DROP,688,i1,?,
1769748909.4866445,SENT,9e5ac45a-9f3d-419e-9945-d4d3277025e6,f2bbf723-932d-4e36-8135-7b0e88c0ee0a,c3,DROP,443,?,x7,
1769748909.4875333,FORWARDED,9e5ac45a-9f3d-419e-9945-d4d3277025e6,f2bbf723-932d-4e36-8135-7b0e88c0ee0a,c3,DROP,443,?,x7,
1769748909.635333,SENT,841620ce-f724-4089-824b-d432bf39a62d,d2d88f2a-61cb-4b83-97db-e06290759208,c2,DROP,441,?,i6,
1769748909.6353745,FORWARDED,841620ce-f724-4089-824b-d432bf39a62d,d2d88f2a-61cb-4b83-97db-e06290759208,c2,DROP,441,?,i6,
1769748909.7071354,RECEIVED,697d5ed7-668d-4cd1-b218-ecc84cd551c1,b391e66e-a43e-4f57-80a4-a5df27b8a7b5,c3,None,1124,i3,?,
1769748909.8480325,SENT,697d5ed7-668d-4cd1-b218-ecc84cd551c1,b391e66e-a43e-4f57-80a4-a5df27b8a7b5,c3,None,771,?,p2,
1769748909.8481295,FORWARDED,697d5ed7-668d-4cd1-b218-ecc84cd551c1,b391e66e-a43e-4f57-80a4-a5df27b8a7b5,c3,None,771,?,p2,
1769748910.004104,RECEIVED,4aef5134-449d-483e-bd93-3f79df36e1d3,b27bdb2b-6721-4092-8dfb-84374e65e1f7,c2,None,1124,i4,?,
1769748910.1932046,RECEIVED,65bc8bdf-101d-447b-bcfc-3e2ae3ae4b1f,c105a935-e638-422d-8905-27cc49e8a3c7,c1,c5,1263,i12,?,
1769748910.2410023,SENT,4aef5134-449d-483e-bd93-3f79df36e1d3,b27bdb2b-6721-4092-8dfb-84374e65e1f7,c2,None,771,?,p3,
1769748910.24126,FORWARDED,4aef5134-449d-483e-bd93-3f79df36e1d3,b27bdb2b-6721-4092-8dfb-84374e65e1f7,c2,None,771,?,p3,
1769748910.3716316,RECEIVED,bcbffd4f-c640-47e4-b8ed-b92191ebb12d,c7d33277-92a1-4982-a4de-f0986a30743a,c4,c1,1258,i10,?,
1769748910.3943639,RECEIVED,ac283a33-2ee9-47c5-9f46-1f2315e664f2,9e01cd89-2e52-460d-ba8c-9eaedd7fa0fb,c1,c5,1262,i3,?,
1769748910.4459202,SENT,ac283a33-2ee9-47c5-9f46-1f2315e664f2,9e01cd89-2e52-460d-ba8c-9eaedd7fa0fb,c1,c5,872,?,p2,
1769748910.4459639,FORWARDED,ac283a33-2ee9-47c5-9f46-1f2315e664f2,9e01cd89-2e52-460d-ba8c-9eaedd7fa0fb,c1,c5,872,?,p2,
1769748910.47246,RECEIVED,ce943665-c1d9-4164-beea-8d31e020b51a,d542ed04-7982-45c2-9cc0-73272606015c,c3,c2,1314,i4,?,
1769748910.540734,SENT,bcbffd4f-c640-47e4-b8ed-b92191ebb12d,c7d33277-92a1-4982-a4de-f0986a30743a,c4,c1,872,?,p1,
1769748910.5407705,FORWARDED,bcbffd4f-c640-47e4-b8ed-b92191ebb12d,c7d33277-92a1-4982-a4de-f0986a30743a,c4,c1,872,?,p1,
1769748910.5678966,RECEIVED,335cc8b5-1c54-4876-9a98-c060215ed5e4,65a63a52-c438-4451-b8dc-6c2e13d2177a,c1,DROP,691,i10,?,
1769748910.578078,RECEIVED,e7e99fe7-4bf2-487e-88d5-89942790331b,026b1943-7055-40be-86ee-43e8e2cff249,c3,None,1127,i2,?,
1769748910.6003132,RECEIVED,d583694a-2a93-4d83-b055-40ce895db98c,6ff0abb3-8ad2-4d39-aefb-ab35d41dc182,c3,None,1127,i12,?,
1769748910.6151795,RECEIVED,013753e4-3117-4e1c-90d3-83257f2f4e98,0c8ebca3-bf67-4ed1-a89f-107b50559cec,c1,DROP,692,i10,?,
1769748910.6457443,SENT,335cc8b5-1c54-4876-9a98-c060215ed5e4,65a63a52-c438-4451-b8dc-6c2e13d2177a,c1,DROP,446,?,x12,
1769748910.6457856,FORWARDED,335cc8b5-1c54-4876-9a98-c060215ed5e4,65a63a52-c438-4451-b8dc-6c2e13d2177a,c1,DROP,446,?,x12,
1769748910.654455,RECEIVED,81b02d4e-54a7-4a9f-85a6-dd17bdb2ff7c,693d60ab-8b66-4e9c-ade4-55331d2a80d4,c3,c2,1263,i12,?,
1769748910.7015834,SENT,65bc8bdf-101d-447b-bcfc-3e2ae3ae4b1f,c105a935-e638-422d-8905-27cc49e8a3c7,c1,c5,876,?,p2,
1769748910.7016225,FORWARDED,65bc8bdf-101d-447b-bcfc-3e2ae3ae4b1f,c105a935-e638-422d-8905-27cc49e8a3c7,c1,c5,876,?,p2,
1769748910.7484243,RECEIVED,db40eafb-eb5c-486f-b720-ea2b09e4317f,e6b65767-1091-4472-a8ed-2e85a9f294f7,c2,None,1132,i9,?,
1769748910.9074872,RECEIVED,f93c09ea-a5c1-4df0-bf04-2e0c822c39fb,7dbeac91-ff7a-48cf-ac9e-d413c565a82a,c2,DROP,683,i1,?,
1769748910.933383,SENT,d583694a-2a93-4d83-b055-40ce895db98c,6ff0abb3-8ad2-4d39-aefb-ab35d41dc182,c3,None,772,?,p2,
1769748910.933422,FORWARDED,d583694a-2a93-4d83-b055-40ce895db98c,6ff0abb3-8ad2-4d39-aefb-ab35d41dc182,c3,None,772,?,p2,
1769748911.016565,SENT,ce943665-c1d9-4164-beea-8d31e020b51a,d542ed04-7982-45c2-9cc0-73272606015c,c3,c2,915,?,p2,
1769748911.016605,FORWARDED,ce943665-c1d9-4164-beea-8d31e020b51a,d542ed04-7982-45c2-9cc0-73272606015c,c3,c2,915,?,p2,
1769748911.0292168,SENT,013753e4-3117-4e1c-90d3-83257f2f4e98,0c8ebca3-bf67-4ed1-a89f-107b50559cec,c1,DROP,446,?,i1,
1769748911.0292573,FORWARDED,013753e4-3117-4e1c-90d3-83257f2f4e98,0c8ebca3-bf67-4ed1-a89f-107b50559cec,c1,DROP,446,?,i1,
1769748911.0668197,RECEIVED,c620965d-0961-403e-85ea-61928ab80289,17ecf8ea-4462-4b35-8954-d8d42dcb7410,c2,None,1123,i7,?,
1769748911.0922956,SENT,e7e99fe7-4bf2-487e-88d5-89942790331b,026b1943-7055-40be-86ee-43e8e2cff249,c3,None,772,?,p2,
1769748911.0923367,FORWARDED,e7e99fe7-4bf2-487e-88d5-89942790331b,026b1943-7055-40be-86ee-43e8e2cff249,c3,None,772,?,p2,
1769748911.1946113,SENT,81b02d4e-54a7-4a9f-85a6-dd17bdb2ff7c,693d60ab-8b66-4e9c-ade4-55331d2a80d4,c3,c2,875,?,p2,
1769748911.1946507,FORWARDED,81b02d4e-54a7-4a9f-85a6-dd17bdb2ff7c,693d60ab-8b66-4e9c-ade4-55331d2a80d4,c3,c2,875,?,p2,
1769748911.237015,SENT,db40eafb-eb5c-486f-b720-ea2b09e4317f,e6b65767-1091-4472-a8ed-2e85a9f294f7,c2,None,775,?,p3,
1769748911.2370698,FORWARDED,db40eafb-eb5c-486f-b720-ea2b09e4317f,e6b65767-1091-4472-a8ed-2e85a9f294f7,c2,None,775,?,p3,
1769748911.2724545,RECEIVED,3b2110e3-f23e-4686-b78d-d25bc5f727ce,0e9e0df4-6840-4e26-92c3-5eb1ce914769,c2,DROP,684,i4,?,
1769748911.2867253,RECEIVED,11f63334-3339-4455-b949-48232c08ec0b,3b178282-1ed7-404d-913b-f5bba5059eca,c3,None,1124,i12,?,
1769748911.3621309,SENT,11f63334-3339-4455-b949-48232c08ec0b,3b178282-1ed7-404d-913b-f5bba5059eca,c3,None,771,?,p2,
1769748911.362167,FORWARDED,11f63334-3339-4455-b949-48232c08ec0b,3b178282-1ed7-404d-913b-f5bba5059eca,c3,None,771,?,p2,
1769748911.4761865,SENT,f93c09ea-a5c1-4df0-bf04-2e0c822c39fb,7dbeac91-ff7a-48cf-ac9e-d413c565a82a,c2,DROP,441,?,i7,
1769748911.4762275,FORWARDED,f93c09ea-a5c1-4df0-bf04-2e0c822c39fb,7dbeac91-ff7a-48cf-ac9e-d413c565a82a,c2,DROP,441,?,i7,
1769748911.4879463,RECEIVED,46a773db-2520-460f-aa6a-dfbdb626b5fd,1dc7c199-8305-4f39-b7fe-c83108891cdf,c1,None,1123,i5,?,
1769748911.538211,SENT,3b2110e3-f23e-4686-b78d-d25bc5f727ce,0e9e0df4-6840-4e26-92c3-5eb1ce914769,c2,DROP,441,?,e2,
1769748911.5382507,FORWARDED,3b2110e3-f23e-4686-b78d-d25bc5f727ce,0e9e0df4-6840-4e26-92c3-5eb1ce914769,c2,DROP,441,?,e2,
1769748911.6318257,RECEIVED,3c77c010-c47b-4773-a28d-8a93472f86d0,a7f5aee0-0c08-4add-be77-aefa1b11c7c4,c1,DROP,688,i6,?,
1769748911.7807415,SENT,c620965d-0961-403e-85ea-61928ab80289,17ecf8ea-4462-4b35-8954-d8d42dcb7410,c2,None,771,?,p3,
1769748911.780781,FORWARDED,c620965d-0961-403e-85ea-61928ab80289,17ecf8ea-4462-4b35-8954-d8d42dcb7410,c2,None,771,?,p3,
1769748911.80685,RECEIVED,dba569e2-4b9a-4c48-a99c-73e4ccf67d9c,fd74b3f3-2ad4-4075-8229-05a6cc59f002,c5,c3,1316,i6,?,
1769748911.8268719,RECEIVED,c20e10d5-34fe-4bcc-8e5d-4f6a171e5839,c698a305-6101-4b09-80ea-966cc80e1fd0,c5,DROP,687,i1,?,
1769748911.832691,SENT,3c77c010-c47b-4773-a28d-8a93472f86d0,a7f5aee0-0c08-4add-be77-aefa1b11c7c4,c1,DROP,442,?,x5,
1769748911.8327315,FORWARDED,3c77c010-c47b-4773-a28d-8a93472f86d0,a7f5aee0-0c08-4add-be77-aefa1b11c7c4,c1,DROP,442,?,x5,
1769748911.9106133,SENT,dba569e2-4b9a-4c48-a99c-73e4ccf67d9c,fd74b3f3-2ad4-4075-8229-05a6cc59f002,c5,c3,915,?,p3,
1769748911.9106638,FORWARDED,dba569e2-4b9a-4c48-a99c-73e4ccf67d9c,fd74b3f3-2ad4-4075-8229-05a6cc59f002,c5,c3,915,?,p3,
1769748912.0628736,RECEIVED,024d4a53-c71b-4be8-b80f-979ec7c5ebd5,ee560de1-a183-4815-a3da-841958607596,c1,c5,1251,i9,?,
1769748912.181655,RECEIVED,934b786a-6959-42ed-9dee-940de1a8a5fe,d5cc4e5a-237c-4f06-8ff5-06372f44c6be,c2,DROP,446,x11,?,
1769748912.2226732,SENT,46a773db-2520-460f-aa6a-dfbdb626b5fd,1dc7c199-8305-4f39-b7fe-c83108891cdf,c1,None,771,?,p1,
1769748912.2227151,FORWARDED,46a773db-2520-460f-aa6a-dfbdb626b5fd,1dc7c199-8305-4f39-b7fe-c83108891cdf,c1,None,771,?,p1,
1769748912.3806653,RECEIVED,2604d078-4fee-44c2-817b-4607eafaa19e,f3c0722b-57f5-4c01-a6f6-672344ca5000,c2,DROP,680,i9,?,
1769748912.4692814,RECEIVED,e5e56ada-0e3e-4afe-9f4d-cd08753e9a32,20bca675-3027-4392-99d6-633c3ecdf092,c1,None,1132,i4,?,
1769748912.469676,SENT,2604d078-4fee-44c2-817b-4607eafaa19e,f3c0722b-57f5-4c01-a6f6-672344ca5000,c2,DROP,438,?,i4,
1769748912.469718,FORWARDED,2604d078-4fee-44c2-817b-4607eafaa19e,f3c0722b-57f5-4c01-a6f6-672344ca5000,c2,DROP,438,?,i4,
1769748912.583855,SENT,e5e56ada-0e3e-4afe-9f4d-cd08753e9a32,20bca675-3027-4392-99d6-633c3ecdf092,c1,None,776,?,p1,
1769748912.5838945,FORWARDED,e5e56ada-0e3e-4afe-9f4d-cd08753e9a32,20bca675-3027-4392-99d6-633c3ecdf092,c1,None,776,?,p1,
1769748912.5915391,RECEIVED,b2260509-c16d-471b-a4bb-ef1b4804ab88,30a1c432-fa5d-424f-9feb-9cbd20099ffc,c1,None,1128,i10,?,
1769748912.6069312,RECEIVED,a0370f82-02d2-4079-853e-8ff0e86b8103,f9b022e4-e889-43cf-8e35-9dcd3beaf659,c2,DROP,688,i3,?,
1769748912.7559366,SENT,a0370f82-02d2-4079-853e-8ff0e86b8103,f9b022e4-e889-43cf-8e35-9dcd3beaf659,c2,DROP,442,?,e9,
1769748912.7559843,FORWARDED,a0370f82-02d2-4079-853e-8ff0e86b8103,f9b022e4-e889-43cf-8e35-9dcd3beaf659,c2,DROP,442,?,e9,
1769748912.7560775,RECEIVED,1e27660a-dcd2-4a17-b230-f0ba8d4911da,c56edc53-1280-44f7-a0b4-841405e4d0cd,c3,DROP,685,i8,?,
1769748912.7667606,RECEIVED,640017eb-0314-4ce1-be34-1eca0842d8ff,bd7c8e0f-0517-4b15-9bfc-47deea389845,c4,DROP,686,i11,?,
1769748912.7673435,SENT,c20e10d5-34fe-4bcc-8e5d-4f6a171e5839,c698a305-6101-4b09-80ea-966cc80e1fd0,c5,DROP,442,?,x4,
1769748912.767382,FORWARDED,c20e10d5-34fe-4bcc-8e5d-4f6a171e5839,c698a305-6101-4b09-80ea-966cc80e1fd0,c5,DROP,442,?,x4,
1769748912.7737176,SENT,1e27660a-dcd2-4a17-b230-f0ba8d4911da,c56edc53-1280-44f7-a0b4-841405e4d0cd,c3,DROP,441,?,x7,
1769748912.7737575,FORWARDED,1e27660a-dcd2-4a17-b230-f0ba8d4911da,c56edc53-1280-44f7-a0b4-841405e4d0cd,c3,DROP,441,?,x7,
1769748912.7910092,SENT,024d4a53-c71b-4be8-b80f-979ec7c5ebd5,ee560de1-a183-4815-a3da-841958607596,c1,c5,867,?,p2,
1769748912.7913373,FORWARDED,024d4a53-c71b-4be8-b80f-979ec7c5ebd5,ee560de1-a183-4815-a3da-841958607596,c1,c5,867,?,p2,
1769748912.9063396,SENT,b2260509-c16d-471b-a4bb-ef1b4804ab88,30a1c432-fa5d-424f-9feb-9cbd20099ffc,c1,None,772,?,p1,
1769748912.9063842,FORWARDED,b2260509-c16d-471b-a4bb-ef1b4804ab88,30a1c432-fa5d-424f-9feb-9cbd20099ffc,c1,None,772,?,p1,
1769748913.007721,RECEIVED,bca5176f-e665-4c4c-8a19-3ac4fde2c7c1,362178c6-07a4-4ee3-b219-96b27cc7a6f7,c5,DROP,442,x9,?,
1769748913.101453,RECEIVED,130e0321-a9cf-4d29-914e-4b2201389a4b,be97305d-45e2-4f54-a0db-8ff93d634ae9,c5,None,1126,i3,?,
1769748913.118147,RECEIVED,2e95e985-ff73-4d3f-8f71-ce737da29d1c,96571a7a-6ef2-480b-8036-1c674548899e,c3,None,1123,i4,?,
1769748913.16913,RECEIVED,257043c1-8e4f-4456-be7b-c358e07dd63e,304d666a-f62b-4a4c-bc36-c865e8f41adc,c2,c3,1259,i5,?,
1769748913.2042592,RECEIVED,037982cd-c2ea-44dc-b5e0-26083d4f0287,b3e71f76-58d7-4188-85ad-83b36e5b6118,c3,c2,1259,i7,?,
1769748913.3564947,RECEIVED,62608ad6-d499-4fea-b8ab-0d2cbfb47f15,7dc91211-93ce-47da-9872-de8eae364feb,c2,None,1127,i9,?,
1769748913.4336047,SENT,037982cd-c2ea-44dc-b5e0-26083d4f0287,b3e71f76-58d7-4188-85ad-83b36e5b6118,c3,c2,871,?,p2,
1769748913.4338799,FORWARDED,037982cd-c2ea-44dc-b5e0-26083d4f0287,b3e71f76-58d7-4188-85ad-83b36e5b6118,c3,c2,871,?,p2,
1769748913.5655508,SENT,62608ad6-d499-4fea-b8ab-0d2cbfb47f15,7dc91211-93ce-47da-9872-de8eae364feb,c2,None,772,?,p3,
1769748913.5655994,FORWARDED,62608ad6-d499-4fea-b8ab-0d2cbfb47f15,7dc91211-93ce-47da-9872-de8eae364feb,c2,None,772,?,p3,
1769748913.6205192,RECEIVED,a1d9b89b-0f6c-4bac-a25a-b5c8aca2c524,f5251d40-c143-4257-854e-8a0d146cbb49,c1,DROP,438,x9,?,
1769748913.6261978,RECEIVED,41bc3db1-1556-4b96-b158-c29c7e0a90a8,d8012914-1f66-4385-99d2-42c2afdc9a47,c5,DROP,686,i8,?,
1769748913.657185,RECEIVED,3a0e4414-46c6-4780-a841-f33800e7a3bf,57ef0330-ff85-48db-ace4-f790ab31bcb2,c3,c2,1263,i11,?,
1769748913.6761243,SENT,41bc3db1-1556-4b96-b158-c29c7e0a90a8,d8012914-1f66-4385-99d2-42c2afdc9a47,c5,DROP,441,?,x10,
1769748913.6761587,FORWARDED,41bc3db1-1556-4b96-b158-c29c7e0a90a8,d8012914-1f66-4385-99d2-42c2afdc9a47,c5,DROP,441,?,x10,
1769748913.6884391,SENT,130e0321-a9cf-4d29-914e-4b2201389a4b,be97305d-45e2-4f54-a0db-8ff93d634ae9,c5,None,772,?,p1,
1769748913.6884797,FORWARDED,130e0321-a9cf-4d29-914e-4b2201389a4b,be97305d-45e2-4f54-a0db-8ff93d634ae9,c5,None,772,?,p1,
1769748913.7489035,RECEIVED,d9646240-9529-407f-bf53-2f78d4704106,4fd80e7c-3b00-4deb-8f01-d6c8a4a7b51d,c3,c2,1260,i9,?,
1769748913.8704484,RECEIVED,859c07d7-83c1-4428-97e3-bbc1008cbfb9,a93f6e97-64e6-4684-ab33-cf984488941b,c3,DROP,688,i6,?,
1769748913.89077,RECEIVED,2c20c196-5118-4ae5-a192-c2574fad0539,85b9ad8c-609c-480f-a7f3-e792944da64a,c3,DROP,685,i3,?,
1769748913.9168088,SENT,2c20c196-5118-4ae5-a192-c2574fad0539,85b9ad8c-609c-480f-a7f3-e792944da64a,c3,DROP,441,?,x4,
1769748913.916844,FORWARDED,2c20c196-5118-4ae5-a192-c2574fad0539,85b9ad8c-609c-480f-a7f3-e792944da64a,c3,DROP,441,?,x4,
1769748913.9212086,SENT,859c07d7-83c1-4428-97e3-bbc1008cbfb9,a93f6e97-64e6-4684-ab33-cf984488941b,c3,DROP,442,?,x9,
1769748913.9212472,FORWARDED,859c07d7-83c1-4428-97e3-bbc1008cbfb9,a93f6e97-64e6-4684-ab33-cf984488941b,c3,DROP,442,?,x9,
1769748913.9377718,SENT,3a0e4414-46c6-4780-a841-f33800e7a3bf,57ef0330-ff85-48db-ace4-f790ab31bcb2,c3,c2,876,?,p2,
1769748913.9378138,FORWARDED,3a0e4414-46c6-4780-a841-f33800e7a3bf,57ef0330-ff85-48db-ace4-f790ab31bcb2,c3,c2,876,?,p2,
1769748914.0141377,SENT,257043c1-8e4f-4456-be7b-c358e07dd63e,304d666a-f62b-4a4c-bc36-c865e8f41adc,c2,c3,872,?,p3,
1769748914.0141726,FORWARDED,257043c1-8e4f-4456-be7b-c358e07dd63e,304d666a-f62b-4a4c-bc36-c865e8f41adc,c2,c3,872,?,p3,
1769748914.061666,RECEIVED,e4528258-5ffa-4bf1-aa6a-d7f8f8f890b6,a96f3e25-8ac0-4faf-9ff8-f6d90f28901a,c3,DROP,684,i2,?,
1769748914.1864405,RECEIVED,2514a520-04aa-42ad-b79c-c5c3c75898f5,f7aa6fda-89ff-4764-82b2-7873d4934df5,c3,None,1123,i3,?,
1769748914.2040925,RECEIVED,165aa02a-06bb-4cc9-9c98-49937ab4d9be,188536de-162c-4e00-be8c-b0411546f394,c5,DROP,688,i1,?,
1769748914.2263017,SENT,d9646240-9529-407f-bf53-2f78d4704106,4fd80e7c-3b00-4deb-8f01-d6c8a4a7b51d,c3,c2,871,?,p2,
1769748914.226339,FORWARDED,d9646240-9529-407f-bf53-2f78d4704106,4fd80e7c-3b00-4deb-8f01-d6c8a4a7b51d,c3,c2,871,?,p2,
1769748914.3117194,SENT,165aa02a-06bb-4cc9-9c98-49937ab4d9be,188536de-162c-4e00-be8c-b0411546f394,c5,DROP,442,?,x2,
1769748914.3117561,FORWARDED,165aa02a-06bb-4cc9-9c98-49937ab4d9be,188536de-162c-4e00-be8c-b0411546f394,c5,DROP,442,?,x2,
1769748914.3965602,SENT,2e95e985-ff73-4d3f-8f71-ce737da29d1c,96571a7a-6ef2-480b-8036-1c674548899e,c3,None,770,?,p2,
1769748914.3966005,FORWARDED,2e95e985-ff73-4d3f-8f71-ce737da29d1c,96571a7a-6ef2-480b-8036-1c674548899e,c3,None,770,?,p2,
1769748914.461774,RECEIVED,c349c365-4709-4a23-8b0d-3ed9f4246ef7,00a6d865-0142-4e61-9ec0-6cef84120748,c2,DROP,687,i11,?,
1769748914.495438,RECEIVED,564e3b88-287e-42c4-8ff9-7eac48f7e639,15b0f9dd-9e29-4694-b8d1-580174f220be,c1,DROP,688,i2,?,
1769748914.5988154,RECEIVED,5b0e3e76-18e6-4768-b0e0-5ca5c8d19667,d9656e81-486d-4580-bf84-314aaf4334d1,c2,DROP,691,i12,?,
1769748914.6608026,SENT,e4528258-5ffa-4bf1-aa6a-d7f8f8f890b6,a96f3e25-8ac0-4faf-9ff8-f6d90f28901a,c3,DROP,441,?,e10,
1769748914.6608434,FORWARDED,e4528258-5ffa-4bf1-aa6a-d7f8f8f890b6,a96f3e25-8ac0-4faf-9ff8-f6d90f28901a,c3,DROP,441,?,e10,
1769748914.804137,RECEIVED,3c77877b-eac3-4eed-9597-dadd1199eafc,b5f4e48f-ec2f-48c4-a16b-8e0a089df279,c1,c5,1263,i12,?,
1769748914.9008403,SENT,5b0e3e76-18e6-4768-b0e0-5ca5c8d19667,d9656e81-486d-4580-bf84-314aaf4334d1,c2,DROP,446,?,i1,
1769748914.9008868,FORWARDED,5b0e3e76-18e6-4768-b0e0-5ca5c8d19667,d9656e81-486d-4580-bf84-314aaf4334d1,c2,DROP,446,?,i1,
1769748914.9267173,SENT,2514a520-04aa-42ad-b79c-c5c3c75898f5,f7aa6fda-89ff-4764-82b2-7873d4934df5,c3,None,771,?,p2,
1769748914.9267561,FORWARDED,2514a520-04aa-42ad-b79c-c5c3c75898f5,f7aa6fda-89ff-4764-82b2-7873d4934df5,c3,None,771,?,p2,
1769748914.9632807,RECEIVED,c9fad028-6652-4128-b8fe-a8f2f47ffb93,69f044cf-6be3-44f6-9b10-aaf7044ef8ae,c5,None,1123,i8,?,
1769748914.994736,SENT,564e3b88-287e-42c4-8ff9-7eac48f7e639,15b0f9dd-9e29-4694-b8d1-580174f220be,c1,DROP,443,?,e1,
1769748914.9947846,FORWARDED,564e3b88-287e-42c4-8ff9-7eac48f7e639,15b0f9dd-9e29-4694-b8d1-580174f220be,c1,DROP,443,?,e1,
1769748915.0490868,RECEIVED,9f1dbbda-8de6-43dd-aec1-16097afa04a2,df84ddca-45ea-4de9-a8bb-f46052143d92,c4,c1,1256,i4,?,
1769748915.0764782,SENT,3c77877b-eac3-4eed-9597-dadd1199eafc,b5f4e48f-ec2f-48c4-a16b-8e0a089df279,c1,c5,875,?,p2,
1769748915.0765176,FORWARDED,3c77877b-eac3-4eed-9597-dadd1199eafc,b5f4e48f-ec2f-48c4-a16b-8e0a089df279,c1,c5,875,?,p2,
1769748915.096299,SENT,9f1dbbda-8de6-43dd-aec1-16097afa04a2,df84ddca-45ea-4de9-a8bb-f46052143d92,c4,c1,868,?,p1,
1769748915.0963418,FORWARDED,9f1dbbda-8de6-43dd-aec1-16097afa04a2,df84ddca-45ea-4de9-a8bb-f46052143d92,c4,c1,868,?,p1,
1769748915.332611,RECEIVED,244ce790-485e-4662-8837-394110fc2c66,15cd61aa-5f2a-480d-b743-c4ecb1d47084,c1,DROP,688,i11,?,
1769748915.6464052,RECEIVED,73549d75-de9b-4d14-a56c-2aa5c308c865,8137d3c5-e322-4591-9599-d83b4ca30ad4,c1,c5,1311,i3,?,
1769748915.6708791,RECEIVED,adad3793-597a-4efd-9716-d94ae2d565e0,ee562920-d4fc-4ff3-9902-1167eeece8bb,c3,DROP,683,i4,?,
1769748915.674805,SENT,244ce790-485e-4662-8837-394110fc2c66,15cd61aa-5f2a-480d-b743-c4ecb1d47084,c1,DROP,442,?,e7,
1769748915.6748433,FORWARDED,244ce790-485e-4662-8837-394110fc2c66,15cd61aa-5f2a-480d-b743-c4ecb1d47084,c1,DROP,442,?,e7,
1769748915.6794562,RECEIVED,5ba6761e-15dc-4715-a0ca-446d79df9b8d,a98b6c6d-8698-47f6-be28-0c0b0fbd201a,c4,DROP,679,i2,?,
1769748915.6834757,RECEIVED,325890f6-f5e5-4a18-9852-07322fbaa5de,15b288d5-b18b-41aa-9142-d8a9c7e6879f,c3,DROP,684,i9,?,
1769748915.7784572,SENT,325890f6-f5e5-4a18-9852-07322fbaa5de,15b288d5-b18b-41aa-9142-d8a9c7e6879f,c3,DROP,441,?,e3,
1769748915.7788727,FORWARDED,325890f6-f5e5-4a18-9852-07322fbaa5de,15b288d5-b18b-41aa-9142-d8a9c7e6879f,c3,DROP,441,?,e3,
1769748915.7861927,RECEIVED,bc711885-4d11-40c2-be04-bb8cf17a28b3,1757a097-e5b8-4556-92c1-031446d75628,c3,DROP,445,x10,?,
1769748915.884657,RECEIVED,593b0aac-8e14-4101-9d82-0303470b923d,eb0432ad-328f-47a0-8bf6-a3a8ea50a804,c1,None,1123,i5,?,
1769748915.8851964,RECEIVED,7c0cde72-0c87-4794-b1ab-421d3f6afc4d,4871a17d-74b3-4290-9b75-06937e489c3f,c3,DROP,687,i6,?,
1769748915.9193592,SENT,5ba6761e-15dc-4715-a0ca-446d79df9b8d,a98b6c6d-8698-47f6-be28-0c0b0fbd201a,c4,DROP,437,?,x6,
1769748915.9193993,FORWARDED,5ba6761e-15dc-4715-a0ca-446d79df9b8d,a98b6c6d-8698-47f6-be28-0c0b0fbd201a,c4,DROP,437,?,x6,
1769748915.9317944,SENT,593b0aac-8e14-4101-9d82-0303470b923d,eb0432ad-328f-47a0-8bf6-a3a8ea50a804,c1,None,771,?,p1,
1769748915.9318357,FORWARDED,593b0aac-8e14-4101-9d82-0303470b923d,eb0432ad-328f-47a0-8bf6-a3a8ea50a804,c1,None,771,?,p1,
1769748915.941378,SENT,c9fad028-6652-4128-b8fe-a8f2f47ffb93,69f044cf-6be3-44f6-9b10-aaf7044ef8ae,c5,None,771,?,p1,
1769748915.9414165,FORWARDED,c9fad028-6652-4128-b8fe-a8f2f47ffb93,69f044cf-6be3-44f6-9b10-aaf7044ef8ae,c5,None,771,?,p1,
1769748915.9421225,RECEIVED,e77fc451-eeda-473b-8cce-7e1d28f87fcc,9f0a927e-5486-471f-b48b-5e41d12ca7fc,c1,DROP,440,x1,?,
1769748915.9858232,RECEIVED,3208f367-dcb7-43f5-b372-b632c822e0f8,1a6e37eb-65d9-4e9b-ac07-452a59b92349,c2,DROP,687,i11,?,
1769748916.0667303,RECEIVED,f604a6d6-6113-4586-825e-8a498b763328,42c50a3a-0ab0-4f15-8de3-26e693ac4aca,c2,DROP,684,i4,?,
1769748916.1115723,SENT,73549d75-de9b-4d14-a56c-2aa5c308c865,8137d3c5-e322-4591-9599-d83b4ca30ad4,c1,c5,911,?,p2,
1769748916.1116073,FORWARDED,73549d75-de9b-4d14-a56c-2aa5c308c865,8137d3c5-e322-4591-9599-d83b4ca30ad4,c1,c5,911,?,p2,
1769748916.146887,RECEIVED,ad9eab70-4a09-4a35-a5fa-59f7c7d51886,07e56acd-b351-430c-aa01-d8a9a62fb0a0,c1,DROP,441,x9,?,
1769748916.1613789,SENT,640017eb-0314-4ce1-be34-1eca0842d8ff,bd7c8e0f-0517-4b15-9bfc-47deea389845,c4,DROP,442,?,i9,
1769748916.1614182,FORWARDED,640017eb-0314-4ce1-be34-1eca0842d8ff,bd7c8e0f-0517-4b15-9bfc-47deea389845,c4,DROP,442,?,i9,
1769748916.183139,RECEIVED,6da03320-d33a-49c6-9006-bd5a210ab98f,35c5c7ea-fb03-47e4-b1b5-e54fbc50f557,c1,DROP,683,i2,?,
1769748916.217245,SENT,c349c365-4709-4a23-8b0d-3ed9f4246ef7,00a6d865-0142-4e61-9ec0-6cef84120748,c2,DROP,442,?,e5,
1769748916.2172844,FORWARDED,c349c365-4709-4a23-8b0d-3ed9f4246ef7,00a6d865-0142-4e61-9ec0-6cef84120748,c2,DROP,442,?,e5,
1769748916.3186285,RECEIVED,e09358da-2fe4-4d55-9286-2ee915afd805,c6ac6494-5e5e-451e-baab-f9997a6c474f,c5,c3,1260,i9,?,
1769748916.4403126,SENT,e09358da-2fe4-4d55-9286-2ee915afd805,c6ac6494-5e5e-451e-baab-f9997a6c474f,c5,c3,871,?,p3,
1769748916.4405708,FORWARDED,e09358da-2fe4-4d55-9286-2ee915afd805,c6ac6494-5e5e-451e-baab-f9997a6c474f,c5,c3,871,?,p3,
1769748916.4461935,RECEIVED,0d760492-1e56-41d2-82db-1de69f55b4f0,6b0e603d-388b-4fa2-bf4c-1e0dd49226e2,c2,DROP,446,x10,?,
1769748916.4865878,SENT,f604a6d6-6113-4586-825e-8a498b763328,42c50a3a-0ab0-4f15-8de3-26e693ac4aca,c2,DROP,441,?,e12,
1769748916.4866266,FORWARDED,f604a6d6-6113-4586-825e-8a498b763328,42c50a3a-0ab0-4f15-8de3-26e693ac4aca,c2,DROP,441,?,e12,
1769748916.572216,RECEIVED,fffbeaa0-d7d1-4cf4-b1c8-d37954a3d2c4,b240c58a-03db-40d0-890a-96926d8aaefd,c4,c1,1252,i12,?,
1769748916.5876052,RECEIVED,e049fce2-c904-4ca5-b6ea-3d2865d2bf50,9201d1ac-bc07-4d4f-a61f-46614ee467b9,c3,DROP,684,i9,?,
1769748916.6213398,SENT,7c0cde72-0c87-4794-b1ab-421d3f6afc4d,4871a17d-74b3-4290-9b75-06937e489c3f,c3,DROP,442,?,x1,
1769748916.6213834,FORWARDED,7c0cde72-0c87-4794-b1ab-421d3f6afc4d,4871a17d-74b3-4290-9b75-06937e489c3f,c3,DROP,442,?,x1,
1769748916.746169,SENT,e049fce2-c904-4ca5-b6ea-3d2865d2bf50,9201d1ac-bc07-4d4f-a61f-46614ee467b9,c3,DROP,441,?,i3,
1769748916.7462106,FORWARDED,e049fce2-c904-4ca5-b6ea-3d2865d2bf50,9201d1ac-bc07-4d4f-a61f-46614ee467b9,c3,DROP,441,?,i3,
1769748916.8701456,SENT,fffbeaa0-d7d1-4cf4-b1c8-d37954a3d2c4,b240c58a-03db-40d0-890a-96926d8aaefd,c4,c1,867,?,p1,
1769748916.870183,FORWARDED,fffbeaa0-d7d1-4cf4-b1c8-d37954a3d2c4,b240c58a-03db-40d0-890a-96926d8aaefd,c4,c1,867,?,p1,
1769748916.8942566,RECEIVED,0ef1d182-c42b-4458-9d2f-999da82780fb,6d9f2170-3d5b-4ac1-986f-4b681f935d1a,c3,DROP,441,x10,?,
1769748916.966059,SENT,3208f367-dcb7-43f5-b372-b632c822e0f8,1a6e37eb-65d9-4e9b-ac07-452a59b92349,c2,DROP,443,?,x5,
1769748916.9661005,FORWARDED,3208f367-dcb7-43f5-b372-b632c822e0f8,1a6e37eb-65d9-4e9b-ac07-452a59b92349,c2,DROP,443,?,x5,
1769748917.023971,SENT,adad3793-597a-4efd-9716-d94ae2d565e0,ee562920-d4fc-4ff3-9902-1167eeece8bb,c3,DROP,441,?,e5,
1769748917.024006,FORWARDED,adad3793-597a-4efd-9716-d94ae2d565e0,ee562920-d4fc-4ff3-9902-1167eeece8bb,c3,DROP,441,?,e5,
1769748917.1465354,RECEIVED,aa613d6f-ae1e-46fb-a839-1339f710ff44,b133cf60-94cd-488c-8fae-6bb282351af7,c2,c3,1252,i8,?,
1769748917.2282705,SENT,aa613d6f-ae1e-46fb-a839-1339f710ff44,b133cf60-94cd-488c-8fae-6bb282351af7,c2,c3,867,?,p3,
1769748917.228364,FORWARDED,aa613d6f-ae1e-46fb-a839-1339f710ff44,b133cf60-94cd-488c-8fae-6bb282351af7,c2,c3,867,?,p3,
1769748917.377068,RECEIVED,b9997390-c6e3-4bf2-8457-42434926e7a6,d0d0ea5b-bcf2-4e7a-a0f1-e80b1d76c198,c1,c5,1255,i9,?,
1769748917.4393244,RECEIVED,7936a2a5-0af2-4a38-8b12-672e4ada48a3,3a638997-eba2-4763-8919-9284d1c5d33c,c2,DROP,442,x12,?,
1769748917.4818857,RECEIVED,3e2de3ef-20ba-4d05-ab80-e6270bfde945,f7723783-9472-4c41-992a-a17a72351290,c4,DROP,690,i8,?,
1769748917.496153,SENT,6da03320-d33a-49c6-9006-bd5a210ab98f,35c5c7ea-fb03-47e4-b1b5-e54fbc50f557,c1,DROP,441,?,i9,
1769748917.496192,FORWARDED,6da03320-d33a-49c6-9006-bd5a210ab98f,35c5c7ea-fb03-47e4-b1b5-e54fbc50f557,c1,DROP,441,?,i9,
1769748917.5142345,SENT,3e2de3ef-20ba-4d05-ab80-e6270bfde945,f7723783-9472-4c41-992a-a17a72351290,c4,DROP,442,?,x10,
1769748917.5142763,FORWARDED,3e2de3ef-20ba-4d05-ab80-e6270bfde945,f7723783-9472-4c41-992a-a17a72351290,c4,DROP,442,?,x10,
1769748917.6043055,RECEIVED,ab5bec41-f12a-4f9d-a53b-15ad867c62ee,66a0f35f-941a-4cdc-8aac-b9f4eabca397,c5,None,1127,i3,?,
1769748917.9855244,SENT,b9997390-c6e3-4bf2-8457-42434926e7a6,d0d0ea5b-bcf2-4e7a-a0f1-e80b1d76c198,c1,c5,869,?,p2,
1769748917.9855666,FORWARDED,b9997390-c6e3-4bf2-8457-42434926e7a6,d0d0ea5b-bcf2-4e7a-a0f1-e80b1d76c198,c1,c5,869,?,p2,
1769748918.0176716,SENT,ab5bec41-f12a-4f9d-a53b-15ad867c62ee,66a0f35f-941a-4cdc-8aac-b9f4eabca397,c5,None,772,?,p1,
1769748918.0177405,FORWARDED,ab5bec41-f12a-4f9d-a53b-15ad867c62ee,66a0f35f-941a-4cdc-8aac-b9f4eabca397,c5,None,772,?,p1,
1769748918.0847483,RECEIVED,193f7967-9128-4df9-901d-9fa99d4c6d9c,3b958229-a07e-461b-8c24-a4a7579cc19d,c1,DROP,684,i12,?,
1769748918.0849462,RECEIVED,9cddae29-5653-4f8b-971c-aca184e0a92e,d9bba900-78fd-412f-8498-a2c90ee453d2,c2,DROP,682,i7,?,
1769748918.11443,RECEIVED,20a49cad-7b77-4273-9b22-d61641710903,705361f8-0b57-49b1-a43b-f7cf6cb07119,c3,DROP,679,i3,?,
1769748918.1755726,RECEIVED,3cfe7548-5048-4be7-a553-c937d79dad57,4328f685-2f11-44e9-8439-0c342d0fb4e7,c5,DROP,682,i5,?,
1769748918.2541587,RECEIVED,41dcf1b0-8bf5-48c4-b37e-368efacf1d2f,a997e644-2ed3-4c0a-ab9a-b77313cf61bc,c2,DROP,437,x1,?,
1769748918.2737827,RECEIVED,b40e1242-f4a6-4ec3-b1d8-cd60f53d914e,76e30717-1bcf-48a8-842b-79bc0267fd4e,c3,c2,1311,i7,?,
1769748918.5085046,RECEIVED,2931dd3d-9bcc-4de5-b202-be92aa54b981,97a80f06-d985-4a6e-9187-a5eb924284c8,c4,DROP,441,x11,?,
1769748918.517887,RECEIVED,2c2bffd4-9b75-4b7a-a7d7-d387122ab428,5232e51f-ea53-4452-9c10-5378649ecaad,c4,DROP,681,i7,?,
1769748918.522013,SENT,193f7967-9128-4df9-901d-9fa99d4c6d9c,3b958229-a07e-461b-8c24-a4a7579cc19d,c1,DROP,441,?,i8,
1769748918.5220594,FORWARDED,193f7967-9128-4df9-901d-9fa99d4c6d9c,3b958229-a07e-461b-8c24-a4a7579cc19d,c1,DROP,441,?,i8,
1769748918.6455677,RECEIVED,9d944fbc-ee8c-4610-9f8c-49be8bfb6bf4,df44a9e2-9e78-4965-bd2b-0b016b483205,c5,DROP,688,i9,?,
1769748918.6543171,RECEIVED,28f47e91-fa3f-4e98-8345-1ee246b73bb9,7816d463-1401-42d8-a9b0-81f6427e040a,c3,None,1130,i4,?,
1769748918.717345,SENT,20a49cad-7b77-4273-9b22-d61641710903,705361f8-0b57-49b1-a43b-f7cf6cb07119,c3,DROP,437,?,x2,
1769748918.7173789,FORWARDED,20a49cad-7b77-4273-9b22-d61641710903,705361f8-0b57-49b1-a43b-f7cf6cb07119,c3,DROP,437,?,x2,
1769748918.7378478,RECEIVED,be266ebd-8182-4283-a014-738859fcd546,b4956e2c-91ad-43fd-b926-0efc373ace24,c5,None,1132,i2,?,
1769748918.936273,SENT,28f47e91-fa3f-4e98-8345-1ee246b73bb9,7816d463-1401-42d8-a9b0-81f6427e040a,c3,None,775,?,p2,
1769748918.9363167,FORWARDED,28f47e91-fa3f-4e98-8345-1ee246b73bb9,7816d463-1401-42d8-a9b0-81f6427e040a,c3,None,775,?,p2,
1769748918.9566085,SENT,9d944fbc-ee8c-4610-9f8c-49be8bfb6bf4,df44a9e2-9e78-4965-bd2b-0b016b483205,c5,DROP,442,?,e11,
1769748918.9566953,RECEIVED,c245966c-cb3e-4bec-85a0-5ef258cb3b8f,029d0006-460b-4b74-8340-8175385cc653,c3,c2,1311,i9,?,
1769748918.9567504,FORWARDED,9d944fbc-ee8c-4610-9f8c-49be8bfb6bf4,df44a9e2-9e78-4965-bd2b-0b016b483205,c5,DROP,442,?,e11,
1769748918.9998715,RECEIVED,bf5114cb-c06c-4a27-8dde-1ef7d4d9e422,83af17b7-f53c-45b8-81d5-80a9bf85ebc7,c2,DROP,441,x10,?,
1769748919.1248524,SENT,be266ebd-8182-4283-a014-738859fcd546,b4956e2c-91ad-43fd-b926-0efc373ace24,c5,None,776,?,p1,
1769748919.1248965,FORWARDED,be266ebd-8182-4283-a014-738859fcd546,b4956e2c-91ad-43fd-b926-0efc373ace24,c5,None,776,?,p1,
1769748919.1989102,RECEIVED,5cf36f52-033c-43dc-ba16-b6b2ce9cd96e,dbb869f2-dfd5-49e1-be5b-9d3277852a07,c1,None,1125,i1,?,
1769748919.214775,SENT,b40e1242-f4a6-4ec3-b1d8-cd60f53d914e,76e30717-1bcf-48a8-842b-79bc0267fd4e,c3,c2,911,?,p2,
1769748919.214842,FORWARDED,b40e1242-f4a6-4ec3-b1d8-cd60f53d914e,76e30717-1bcf-48a8-842b-79bc0267fd4e,c3,c2,911,?,p2,
1769748919.2384717,SENT,5cf36f52-033c-43dc-ba16-b6b2ce9cd96e,dbb869f2-dfd5-49e1-be5b-9d3277852a07,c1,None,771,?,p1,
1769748919.238513,FORWARDED,5cf36f52-033c-43dc-ba16-b6b2ce9cd96e,dbb869f2-dfd5-49e1-be5b-9d3277852a07,c1,None,771,?,p1,
1769748919.2765281,SENT,2c2bffd4-9b75-4b7a-a7d7-d387122ab428,5232e51f-ea53-4452-9c10-5378649ecaad,c4,DROP,441,?,e3,
1769748919.2765787,FORWARDED,2c2bffd4-9b75-4b7a-a7d7-d387122ab428,5232e51f-ea53-4452-9c10-5378649ecaad,c4,DROP,441,?,e3,
1769748919.3157747,SENT,3cfe7548-5048-4be7-a553-c937d79dad57,4328f685-2f11-44e9-8439-0c342d0fb4e7,c5,DROP,441,?,e2,
1769748919.3158154,FORWARDED,3cfe7548-5048-4be7-a553-c937d79dad57,4328f685-2f11-44e9-8439-0c342d0fb4e7,c5,DROP,441,?,e2,
1769748919.4239445,RECEIVED,3d280ccb-46fa-4b70-a708-e250cc360be0,397911aa-608e-4ff8-b719-195236249500,c3,DROP,687,i12,?,
1769748919.6660075,RECEIVED,8206a87b-83c5-44ad-a98c-7678e3d4d437,8675b3ea-6ad2-4f8f-a5c6-580e4996ac16,c3,DROP,441,x1,?,
1769748919.6990154,RECEIVED,9c3032ba-0ae9-4be9-b414-ef67202b4a2d,fad97e95-ec45-4e11-8ad1-21eccdc94456,c1,DROP,679,i8,?,
1769748919.707765,RECEIVED,5d1067de-78b9-4831-835a-6ec9ecb5ee3b,17fa98c0-0535-4991-a472-45dbde3757a1,c4,DROP,685,i7,?,
1769748919.7688966,RECEIVED,f3e3e470-e75a-498d-ab6e-3fc7143fddd0,8e8f2e27-d456-40c0-9abd-214cd95576fa,c5,DROP,442,x1,?,
1769748919.8813694,RECEIVED,9db70528-74e9-44e6-9c1f-f1ab2d5d1443,f20047fb-10c2-419e-a529-7139631e6e5a,c4,c1,1256,i7,?,
1769748919.977724,SENT,9db70528-74e9-44e6-9c1f-f1ab2d5d1443,f20047fb-10c2-419e-a529-7139631e6e5a,c4,c1,868,?,p1,
1769748919.9777644,FORWARDED,9db70528-74e9-44e6-9c1f-f1ab2d5d1443,f20047fb-10c2-419e-a529-7139631e6e5a,c4,c1,868,?,p1,
1769748919.9996872,SENT,5d1067de-78b9-4831-835a-6ec9ecb5ee3b,17fa98c0-0535-4991-a472-45dbde3757a1,c4,DROP,441,?,x12,
1769748920.0002978,FORWARDED,5d1067de-78b9-4831-835a-6ec9ecb5ee3b,17fa98c0-0535-4991-a472-45dbde3757a1,c4,DROP,441,?,x12,
1769748920.0549397,RECEIVED,f3eb0742-867e-4259-8a15-fa9aec37f20f,1984ac29-49d4-432b-be0e-f269de54dcfd,c5,DROP,683,i1,?,
1769748920.0825639,SENT,3d280ccb-46fa-4b70-a708-e250cc360be0,397911aa-608e-4ff8-b719-195236249500,c3,DROP,442,?,i8,
1769748920.083516,FORWARDED,3d280ccb-46fa-4b70-a708-e250cc360be0,397911aa-608e-4ff8-b719-195236249500,c3,DROP,442,?,i8,
1769748920.0975358,RECEIVED,a8b6f6b4-4270-42b4-8c74-21eaba8a7493,e380c22f-ba0a-490f-a27c-f6a0a02ebcd1,c1,None,1131,i2,?,
1769748920.1035304,SENT,9c3032ba-0ae9-4be9-b414-ef67202b4a2d,fad97e95-ec45-4e11-8ad1-21eccdc94456,c1,DROP,437,?,x6,
1769748920.1035695,FORWARDED,9c3032ba-0ae9-4be9-b414-ef67202b4a2d,fad97e95-ec45-4e11-8ad1-21eccdc94456,c1,DROP,437,?,x6,
1769748920.1072462,RECEIVED,b61eaa5a-d473-482d-a0e5-1c9ac40f72c1,e218ce23-f410-43d4-a550-b41008d74104,c3,DROP,684,i12,?,
1769748920.1802785,RECEIVED,5df72709-7c44-4798-9d29-abe9b6ece434,c8bb7b28-4843-48bf-b43d-07b0009494f7,c2,DROP,686,i10,?,
1769748920.2328484,SENT,c245966c-cb3e-4bec-85a0-5ef258cb3b8f,029d0006-460b-4b74-8340-8175385cc653,c3,c2,911,?,p2,
1769748920.2328894,FORWARDED,c245966c-cb3e-4bec-85a0-5ef258cb3b8f,029d0006-460b-4b74-8340-8175385cc653,c3,c2,911,?,p2,
1769748920.2556798,RECEIVED,74497ee5-745b-40ee-8cc3-a2858bcba9da,d4cd36f3-51f6-4989-8ca7-0c324b0d793e,c5,DROP,691,i10,?,
1769748920.4254696,RECEIVED,d2c7a85e-36c7-4b91-9384-83a998a2af64,5abaa084-bdb0-4586-bc94-23f2deea0bdf,c5,DROP,441,x1,?,
1769748920.45282,SENT,b61eaa5a-d473-482d-a0e5-1c9ac40f72c1,e218ce23-f410-43d4-a550-b41008d74104,c3,DROP,441,?,x7,
1769748920.4528553,FORWARDED,b61eaa5a-d473-482d-a0e5-1c9ac40f72c1,e218ce23-f410-43d4-a550-b41008d74104,c3,DROP,441,?,x7,
1769748920.5313773,RECEIVED,ebabf27e-c07d-482b-9001-5a74002ec21e,18e95b5d-af59-4cd0-a5b9-98068fd17190,c5,DROP,693,i10,?,
1769748920.5517988,RECEIVED,e6ac7f08-478f-4391-a4bd-7dfe32039d28,ecaac0bb-893e-4007-a4e9-e1d1c9573fd8,c4,DROP,693,i6,?,
1769748920.553224,RECEIVED,23b14a8c-a3e2-4b63-92fb-78dfaf775a48,67b52863-56fe-418e-becc-a6c4e12c2fed,c4,DROP,687,i4,?,
1769748920.632465,SENT,e6ac7f08-478f-4391-a4bd-7dfe32039d28,ecaac0bb-893e-4007-a4e9-e1d1c9573fd8,c4,DROP,445,?,x10,
1769748920.6325018,FORWARDED,e6ac7f08-478f-4391-a4bd-7dfe32039d28,ecaac0bb-893e-4007-a4e9-e1d1c9573fd8,c4,DROP,445,?,x10,
1769748920.6504042,SENT,74497ee5-745b-40ee-8cc3-a2858bcba9da,d4cd36f3-51f6-4989-8ca7-0c324b0d793e,c5,DROP,445,?,e7,
1769748920.6504436,FORWARDED,74497ee5-745b-40ee-8cc3-a2858bcba9da,d4cd36f3-51f6-4989-8ca7-0c324b0d793e,c5,DROP,445,?,e7,
1769748920.6670668,SENT,9cddae29-5653-4f8b-971c-aca184e0a92e,d9bba900-78fd-412f-8498-a2c90ee453d2,c2,DROP,441,?,i4,
1769748920.6671126,FORWARDED,9cddae29-5653-4f8b-971c-aca184e0a92e,d9bba900-78fd-412f-8498-a2c90ee453d2,c2,DROP,441,?,i4,
1769748920.7117248,SENT,a8b6f6b4-4270-42b4-8c74-21eaba8a7493,e380c22f-ba0a-490f-a27c-f6a0a02ebcd1,c1,None,776,?,p1,
1769748920.711772,FORWARDED,a8b6f6b4-4270-42b4-8c74-21eaba8a7493,e380c22f-ba0a-490f-a27c-f6a0a02ebcd1,c1,None,776,?,p1,
1769748920.7223265,SENT,23b14a8c-a3e2-4b63-92fb-78dfaf775a48,67b52863-56fe-418e-becc-a6c4e12c2fed,c4,DROP,442,?,e5,
1769748920.7223675,FORWARDED,23b14a8c-a3e2-4b63-92fb-78dfaf775a48,67b52863-56fe-418e-becc-a6c4e12c2fed,c4,DROP,442,?,e5,
1769748920.8005164,RECEIVED,3767aa39-3959-469a-9c0b-e2da76af13f0,a455ff34-ee13-48ea-acb9-0cd726e0ea6c,c5,DROP,441,x11,?,
1769748920.8018243,RECEIVED,e8425c44-e53d-4e97-b816-fa441d1dfe68,ffc04309-11a6-4383-93ad-a9d9c8b5a3a2,c2,DROP,687,i2,?,
1769748920.804321,SENT,ebabf27e-c07d-482b-9001-5a74002ec21e,18e95b5d-af59-4cd0-a5b9-98068fd17190,c5,DROP,446,?,x11,
1769748920.8043597,FORWARDED,ebabf27e-c07d-482b-9001-5a74002ec21e,18e95b5d-af59-4cd0-a5b9-98068fd17190,c5,DROP,446,?,x11,
1769748920.9058251,SENT,f3eb0742-867e-4259-8a15-fa9aec37f20f,1984ac29-49d4-432b-be0e-f269de54dcfd,c5,DROP,441,?,e1,
1769748920.905866,FORWARDED,f3eb0742-867e-4259-8a15-fa9aec37f20f,1984ac29-49d4-432b-be0e-f269de54dcfd,c5,DROP,441,?,e1,
1769748920.9373941,RECEIVED,4a536ee4-5772-4f23-856a-636779fdd669,b0424ac3-6495-4a9d-bda5-bfc436b1ba5a,c1,None,1127,i5,?,
1769748921.215558,SENT,4a536ee4-5772-4f23-856a-636779fdd669,b0424ac3-6495-4a9d-bda5-bfc436b1ba5a,c1,None,772,?,p1,
1769748921.215601,FORWARDED,4a536ee4-5772-4f23-856a-636779fdd669,b0424ac3-6495-4a9d-bda5-bfc436b1ba5a,c1,None,772,?,p1,
1769748921.2662492,SENT,5df72709-7c44-4798-9d29-abe9b6ece434,c8bb7b28-4843-48bf-b43d-07b0009494f7,c2,DROP,442,?,i6,
1769748921.2662864,FORWARDED,5df72709-7c44-4798-9d29-abe9b6ece434,c8bb7b28-4843-48bf-b43d-07b0009494f7,c2,DROP,442,?,i6,
1769748921.3503585,RECEIVED,7194d03e-55b2-43aa-9cae-3a6d7c9b8c5c,08962634-1bab-4be0-97c5-0a9d0e557698,c2,DROP,441,x5,?,
1769748921.4679086,RECEIVED,28ebda94-4bc6-4e1a-a6f9-f67099f12443,b2112a98-e463-474c-b5a7-fe42880df190,c3,None,1123,i11,?,
1769748921.4851556,SENT,e8425c44-e53d-4e97-b816-fa441d1dfe68,ffc04309-11a6-4383-93ad-a9d9c8b5a3a2,c2,DROP,442,?,e2,
1769748921.4851935,FORWARDED,e8425c44-e53d-4e97-b816-fa441d1dfe68,ffc04309-11a6-4383-93ad-a9d9c8b5a3a2,c2,DROP,442,?,e2,
1769748921.524182,RECEIVED,2a204c1a-426c-40ab-96cf-a7915d046c38,65dc3c0a-7cfc-4ce2-be33-cea31aa79729,c4,c1,1256,i1,?,
1769748921.6396499,SENT,2a204c1a-426c-40ab-96cf-a7915d046c38,65dc3c0a-7cfc-4ce2-be33-cea31aa79729,c4,c1,868,?,p1,
1769748921.6396916,FORWARDED,2a204c1a-426c-40ab-96cf-a7915d046c38,65dc3c0a-7cfc-4ce2-be33-cea31aa79729,c4,c1,868,?,p1,
1769748921.66337,RECEIVED,b4089eac-17d3-4824-902f-e8cc4058bb90,eef4c012-039c-46b5-97a8-e2785af331c7,c3,DROP,687,i7,?,
1769748921.6676981,RECEIVED,92831751-20d7-41c9-bfb2-134fb66614cc,108f94fe-6370-41e6-8e9e-157bac06bf28,c1,DROP,683,i8,?,
1769748921.6679952,RECEIVED,da9050b1-0576-40b3-b863-e54054dab179,f022e28a-70a7-4f06-bcb3-f14927ad6be1,c1,None,1130,i1,?,
1769748921.7276638,RECEIVED,b2efe465-92a6-435f-8322-41bdecdfae49,dc2e59dd-1982-43d0-8e36-f167ae6f7b6a,c5,DROP,688,i7,?,
1769748921.7675285,RECEIVED,eeb03a8b-6f4d-4903-b8a3-c3483b872bb2,d8db073c-a2fd-4eed-b626-c97b9fd03a0b,c1,c5,1252,i5,?,
1769748921.8023155,SENT,b2efe465-92a6-435f-8322-41bdecdfae49,dc2e59dd-1982-43d0-8e36-f167ae6f7b6a,c5,DROP,442,?,i1,
1769748921.8027186,FORWARDED,b2efe465-92a6-435f-8322-41bdecdfae49,dc2e59dd-1982-43d0-8e36-f167ae6f7b6a,c5,DROP,442,?,i1,
1769748921.8195627,RECEIVED,a4211f75-f1a3-4e1f-8716-0331703dfa89,930ab22e-c2ee-4906-8d50-1468d8544dd3,c5,None,1127,i2,?,
1769748921.8701506,SENT,92831751-20d7-41c9-bfb2-134fb66614cc,108f94fe-6370-41e6-8e9e-157bac06bf28,c1,DROP,441,?,i2,
1769748921.870191,FORWARDED,92831751-20d7-41c9-bfb2-134fb66614cc,108f94fe-6370-41e6-8e9e-157bac06bf28,c1,DROP,441,?,i2,
1769748921.9103389,SENT,eeb03a8b-6f4d-4903-b8a3-c3483b872bb2,d8db073c-a2fd-4eed-b626-c97b9fd03a0b,c1,c5,867,?,p2,
1769748921.9103825,FORWARDED,eeb03a8b-6f4d-4903-b8a3-c3483b872bb2,d8db073c-a2fd-4eed-b626-c97b9fd03a0b,c1,c5,867,?,p2,
1769748921.9494715,RECEIVED,bc494471-8a85-475c-9671-85e575ca6a01,b93ce276-e634-4099-9c58-108371492a71,c4,DROP,687,i12,?,
1769748921.961694,RECEIVED,d5c2e6d7-9efb-4256-8878-63965ba0845f,be7539f6-e23a-46c8-a8d7-6e2d921bdf5b,c2,c3,1314,i8,?,
1769748922.0472589,RECEIVED,dc96fa3c-50be-4040-93a0-8a100c7280d3,9d1f860b-1333-4878-a64d-1ca19b5890d7,c3,c2,1254,i3,?,
1769748922.0963,RECEIVED,328081d7-ea7f-4197-9b27-59b357c0bc0d,00c3315c-6d86-4623-870c-e23c253a1b27,c2,c3,1263,i2,?,
1769748922.0969067,SENT,da9050b1-0576-40b3-b863-e54054dab179,f022e28a-70a7-4f06-bcb3-f14927ad6be1,c1,None,777,?,p1,
1769748922.096943,FORWARDED,da9050b1-0576-40b3-b863-e54054dab179,f022e28a-70a7-4f06-bcb3-f14927ad6be1,c1,None,777,?,p1,
1769748922.131156,RECEIVED,2aef88b6-e3c4-4472-b7fd-aebcf1308099,9d0e8bb9-6d86-4a3a-8828-0030e6424adb,c5,DROP,441,x3,?,
1769748922.1434968,SENT,28ebda94-4bc6-4e1a-a6f9-f67099f12443,b2112a98-e463-474c-b5a7-fe42880df190,c3,None,771,?,p2,
1769748922.1435394,FORWARDED,28ebda94-4bc6-4e1a-a6f9-f67099f12443,b2112a98-e463-474c-b5a7-fe42880df190,c3,None,771,?,p2,
1769748922.2391953,SENT,bc494471-8a85-475c-9671-85e575ca6a01,b93ce276-e634-4099-9c58-108371492a71,c4,DROP,444,?,e7,
1769748922.2392387,FORWARDED,bc494471-8a85-475c-9671-85e575ca6a01,b93ce276-e634-4099-9c58-108371492a71,c4,DROP,444,?,e7,
1769748922.403851,RECEIVED,ae06694a-5ab7-49c2-9c7d-c9eea7d1558f,224cb861-107a-4044-a851-35a831fc2ccc,c4,c1,1312,i12,?,
1769748922.4722805,SENT,ae06694a-5ab7-49c2-9c7d-c9eea7d1558f,224cb861-107a-4044-a851-35a831fc2ccc,c4,c1,912,?,p1,
1769748922.4723198,FORWARDED,ae06694a-5ab7-49c2-9c7d-c9eea7d1558f,224cb861-107a-4044-a851-35a831fc2ccc,c4,c1,912,?,p1,
1769748922.4756982,RECEIVED,ee803499-47bf-4cc4-b48b-0556faac6f4a,4281d50c-fdfb-466f-a37e-0e4d2b3aa23c,c5,c3,1311,i9,?,
1769748922.5419977,RECEIVED,8b91d5ed-3677-4515-a6c2-8a41fba95d56,132a5aa4-c8d2-4050-9a76-2d137db72c59,c4,DROP,687,i9,?,
1769748922.5514143,SENT,b4089eac-17d3-4824-902f-e8cc4058bb90,eef4c012-039c-46b5-97a8-e2785af331c7,c3,DROP,443,?,x1,
1769748922.5514522,FORWARDED,b4089eac-17d3-4824-902f-e8cc4058bb90,eef4c012-039c-46b5-97a8-e2785af331c7,c3,DROP,443,?,x1,
1769748922.5571668,SENT,dc96fa3c-50be-4040-93a0-8a100c7280d3,9d1f860b-1333-4878-a64d-1ca19b5890d7,c3,c2,868,?,p2,
1769748922.557204,FORWARDED,dc96fa3c-50be-4040-93a0-8a100c7280d3,9d1f860b-1333-4878-a64d-1ca19b5890d7,c3,c2,868,?,p2,
1769748922.5787733,RECEIVED,9aaa3df3-d0e3-48c5-9b2e-22052a17ed35,1c27e16e-872d-42e2-9ae7-f573f8d4f8af,c3,DROP,442,x11,?,
1769748922.5885682,SENT,a4211f75-f1a3-4e1f-8716-0331703dfa89,930ab22e-c2ee-4906-8d50-1468d8544dd3,c5,None,774,?,p1,
1769748922.588609,FORWARDED,a4211f75-f1a3-4e1f-8716-0331703dfa89,930ab22e-c2ee-4906-8d50-1468d8544dd3,c5,None,774,?,p1,
1769748922.6094387,RECEIVED,a091b416-2836-43a7-9cdf-e0026d389ac8,117df4c3-b67e-4a39-8b21-d78304345a7f,c3,None,1127,i7,?,
1769748922.6103344,SENT,328081d7-ea7f-4197-9b27-59b357c0bc0d,00c3315c-6d86-4623-870c-e23c253a1b27,c2,c3,874,?,p3,
1769748922.6103742,FORWARDED,328081d7-ea7f-4197-9b27-59b357c0bc0d,00c3315c-6d86-4623-870c-e23c253a1b27,c2,c3,874,?,p3,
1769748922.6122618,RECEIVED,b1dd284a-91e2-4c6d-94b3-a6f3ab59d171,9787e9f8-cbe5-40a4-987b-917d624907f3,c3,None,1127,i10,?,
1769748922.7961748,SENT,d5c2e6d7-9efb-4256-8878-63965ba0845f,be7539f6-e23a-46c8-a8d7-6e2d921bdf5b,c2,c3,913,?,p3,
1769748922.79643,FORWARDED,d5c2e6d7-9efb-4256-8878-63965ba0845f,be7539f6-e23a-46c8-a8d7-6e2d921bdf5b,c2,c3,913,?,p3,
1769748922.802964,SENT,ee803499-47bf-4cc4-b48b-0556faac6f4a,4281d50c-fdfb-466f-a37e-0e4d2b3aa23c,c5,c3,911,?,p3,
1769748922.8029985,FORWARDED,ee803499-47bf-4cc4-b48b-0556faac6f4a,4281d50c-fdfb-466f-a37e-0e4d2b3aa23c,c5,c3,911,?,p3,
1769748922.878229,RECEIVED,957b468a-203f-4026-8c0b-c39dfc9887a1,1906220b-c3b9-4b2f-8f09-fd57f3855cb9,c1,DROP,686,i9,?,
1769748922.908488,SENT,957b468a-203f-4026-8c0b-c39dfc9887a1,1906220b-c3b9-4b2f-8f09-fd57f3855cb9,c1,DROP,441,?,x10,
1769748922.9085276,FORWARDED,957b468a-203f-4026-8c0b-c39dfc9887a1,1906220b-c3b9-4b2f-8f09-fd57f3855cb9,c1,DROP,441,?,x10,
1769748922.935807,SENT,a091b416-2836-43a7-9cdf-e0026d389ac8,117df4c3-b67e-4a39-8b21-d78304345a7f,c3,None,773,?,p2,
1769748922.9358487,FORWARDED,a091b416-2836-43a7-9cdf-e0026d389ac8,117df4c3-b67e-4a39-8b21-d78304345a7f,c3,None,773,?,p2,
1769748923.018136,RECEIVED,e5325393-2417-4524-8e1b-cf880279304e,656404c6-3311-4b71-b526-31eb6fb86e5e,c5,c3,1247,i5,?,
1769748923.0337667,RECEIVED,d13046a5-7525-4c66-8e74-39d29ec95966,c7d0b645-0e48-4afa-9c8b-0d2a6a51cd46,c3,c2,1260,i9,?,
1769748923.0388854,RECEIVED,5f014023-7646-4b54-8dc4-5f7eb4677392,baf77211-64ff-451c-90bc-a464b205eb99,c5,DROP,687,i11,?,
1769748923.1827624,SENT,5f014023-7646-4b54-8dc4-5f7eb4677392,baf77211-64ff-451c-90bc-a464b205eb99,c5,DROP,442,?,i7,
1769748923.182803,FORWARDED,5f014023-7646-4b54-8dc4-5f7eb4677392,baf77211-64ff-451c-90bc-a464b205eb99,c5,DROP,442,?,i7,
1769748923.216557,SENT,d13046a5-7525-4c66-8e74-39d29ec95966,c7d0b645-0e48-4afa-9c8b-0d2a6a51cd46,c3,c2,871,?,p2,
1769748923.2165968,FORWARDED,d13046a5-7525-4c66-8e74-39d29ec95966,c7d0b645-0e48-4afa-9c8b-0d2a6a51cd46,c3,c2,871,?,p2,
1769748923.2918954,SENT,8b91d5ed-3677-4515-a6c2-8a41fba95d56,132a5aa4-c8d2-4050-9a76-2d137db72c59,c4,DROP,442,?,x9,
1769748923.291936,FORWARDED,8b91d5ed-3677-4515-a6c2-8a41fba95d56,132a5aa4-c8d2-4050-9a76-2d137db72c59,c4,DROP,442,?,x9,
1769748923.2952216,SENT,b1dd284a-91e2-4c6d-94b3-a6f3ab59d171,9787e9f8-cbe5-40a4-987b-917d624907f3,c3,None,772,?,p2,
1769748923.2952685,FORWARDED,b1dd284a-91e2-4c6d-94b3-a6f3ab59d171,9787e9f8-cbe5-40a4-987b-917d624907f3,c3,None,772,?,p2,
1769748923.3343408,RECEIVED,cf8e98c7-3051-4310-b401-a0831ca8a8f4,0beb2b84-bf6a-407f-9399-a72eaee605e9,c4,DROP,684,i4,?,
1769748923.407863,RECEIVED,dc604203-e8c0-4070-a8b1-672b1dd4141b,c011d6b4-1698-4d2d-bbde-44f988673a16,c3,c2,1264,i7,?,
1769748923.4521317,RECEIVED,1a69906c-33ef-45e5-9962-f58486131909,9370b1b5-2506-4fbe-a1cb-e52e7defb218,c1,c5,1262,i8,?,
1769748923.5202947,RECEIVED,9d8e3e80-d27e-4826-9ab1-2be1e9ef9d5b,39319277-f01d-4fae-8287-d4829d97b7d9,c3,DROP,689,i9,?,
1769748923.5254385,SENT,dc604203-e8c0-4070-a8b1-672b1dd4141b,c011d6b4-1698-4d2d-bbde-44f988673a16,c3,c2,875,?,p2,
1769748923.5254793,FORWARDED,dc604203-e8c0-4070-a8b1-672b1dd4141b,c011d6b4-1698-4d2d-bbde-44f988673a16,c3,c2,875,?,p2,
1769748923.5952325,SENT,e5325393-2417-4524-8e1b-cf880279304e,656404c6-3311-4b71-b526-31eb6fb86e5e,c5,c3,864,?,p3,
1769748923.5952744,FORWARDED,e5325393-2417-4524-8e1b-cf880279304e,656404c6-3311-4b71-b526-31eb6fb86e5e,c5,c3,864,?,p3,
1769748923.617284,SENT,cf8e98c7-3051-4310-b401-a0831ca8a8f4,0beb2b84-bf6a-407f-9399-a72eaee605e9,c4,DROP,441,?,e4,
1769748923.6173253,FORWARDED,cf8e98c7-3051-4310-b401-a0831ca8a8f4,0beb2b84-bf6a-407f-9399-a72eaee605e9,c4,DROP,441,?,e4,
1769748923.736801,RECEIVED,3f517edb-36a2-41a3-97ea-068223df05c3,94131e12-2db6-47a3-ab37-2185daf56770,c2,DROP,683,i9,?,
1769748923.8059921,SENT,9d8e3e80-d27e-4826-9ab1-2be1e9ef9d5b,39319277-f01d-4fae-8287-d4829d97b7d9,c3,DROP,443,?,e12,
1769748923.8060348,FORWARDED,9d8e3e80-d27e-4826-9ab1-2be1e9ef9d5b,39319277-f01d-4fae-8287-d4829d97b7d9,c3,DROP,443,?,e12,
1769748923.8785505,RECEIVED,c25ee99c-1b26-4661-8dbf-3220c9e47203,0f8aae47-0563-41e6-a651-c82daf95f1fd,c3,DROP,684,i8,?,
1769748924.0198243,RECEIVED,4142243f-9e41-4e7f-88dd-8e4d7a74858b,b3adad14-63c4-47a9-b977-f6e4d732570a,c2,DROP,685,i3,?,
1769748924.0590887,SENT,c25ee99c-1b26-4661-8dbf-3220c9e47203,0f8aae47-0563-41e6-a651-c82daf95f1fd,c3,DROP,440,?,x5,
1769748924.0591302,FORWARDED,c25ee99c-1b26-4661-8dbf-3220c9e47203,0f8aae47-0563-41e6-a651-c82daf95f1fd,c3,DROP,440,?,x5,
1769748924.0734863,RECEIVED,1c515b6d-1f33-4361-8a1f-a7acfa930c1c,7d9d1970-1d56-4c5e-8c22-8613913e559e,c4,c1,1262,i12,?,
1769748924.0946875,RECEIVED,51422274-6f83-4b1d-a0d9-011ccc6656c8,f35f3813-ffa1-4f8b-8322-e5e13e3726e3,c2,DROP,687,i7,?,
1769748924.136444,SENT,1c515b6d-1f33-4361-8a1f-a7acfa930c1c,7d9d1970-1d56-4c5e-8c22-8613913e559e,c4,c1,871,?,p1,
1769748924.1364908,FORWARDED,1c515b6d-1f33-4361-8a1f-a7acfa930c1c,7d9d1970-1d56-4c5e-8c22-8613913e559e,c4,c1,871,?,p1,
1769748924.1447744,SENT,3f517edb-36a2-41a3-97ea-068223df05c3,94131e12-2db6-47a3-ab37-2185daf56770,c2,DROP,441,?,e6,
1769748924.1448293,FORWARDED,3f517edb-36a2-41a3-97ea-068223df05c3,94131e12-2db6-47a3-ab37-2185daf56770,c2,DROP,441,?,e6,
1769748924.2068954,SENT,4142243f-9e41-4e7f-88dd-8e4d7a74858b,b3adad14-63c4-47a9-b977-f6e4d732570a,c2,DROP,441,?,e11,
1769748924.206935,FORWARDED,4142243f-9e41-4e7f-88dd-8e4d7a74858b,b3adad14-63c4-47a9-b977-f6e4d732570a,c2,DROP,441,?,e11,
1769748924.3208365,RECEIVED,0510108a-0751-4c92-a29d-bf2a67491e18,51a33434-687e-48ba-9a67-6408b025a7d8,c1,DROP,683,i11,?,
1769748924.4834173,RECEIVED,9669eb01-43d7-4497-8fd8-a34e2cee5138,c13ac880-76db-4ec8-82c9-07bfe568c143,c5,DROP,685,i9,?,
1769748924.6160235,RECEIVED,64c7ca28-d282-439a-9ca9-66a63a288ef6,2f12aeb9-9252-4daf-9a2e-779f9330e2e4,c3,DROP,684,i6,?,
1769748924.6967154,RECEIVED,11efe438-09f6-43b7-a5fe-99e0545124b8,0bac206c-f34a-4a1a-afcb-060a8ef95195,c3,DROP,683,i3,?,
1769748924.7116318,SENT,51422274-6f83-4b1d-a0d9-011ccc6656c8,f35f3813-ffa1-4f8b-8322-e5e13e3726e3,c2,DROP,442,?,i5,
1769748924.7116683,FORWARDED,51422274-6f83-4b1d-a0d9-011ccc6656c8,f35f3813-ffa1-4f8b-8322-e5e13e3726e3,c2,DROP,442,?,i5,
1769748924.7780108,RECEIVED,af88e1e9-da1f-44f5-a03f-eae8d0ebaf5d,7707610e-56ce-4b27-83c0-2a570f5287c2,c3,c2,1311,i3,?,
1769748924.7853417,SENT,9669eb01-43d7-4497-8fd8-a34e2cee5138,c13ac880-76db-4ec8-82c9-07bfe568c143,c5,DROP,441,?,e10,
1769748924.7853808,FORWARDED,9669eb01-43d7-4497-8fd8-a34e2cee5138,c13ac880-76db-4ec8-82c9-07bfe568c143,c5,DROP,441,?,e10,
1769748924.8058808,RECEIVED,92a02b46-fc66-4b16-8535-43214e01afd4,96f72447-0d42-4916-a295-cb8219a47337,c4,c1,1311,i7,?,
1769748924.8497393,SENT,11efe438-09f6-43b7-a5fe-99e0545124b8,0bac206c-f34a-4a1a-afcb-060a8ef95195,c3,DROP,441,?,x6,
1769748924.849779,FORWARDED,11efe438-09f6-43b7-a5fe-99e0545124b8,0bac206c-f34a-4a1a-afcb-060a8ef95195,c3,DROP,441,?,x6,
1769748924.8564525,RECEIVED,f8678ea9-ceb6-4feb-bd39-616da4300439,09238512-0529-44cf-b225-b9aa0d7d784a,c3,c2,1263,i5,?,
1769748925.044304,SENT,af88e1e9-da1f-44f5-a03f-eae8d0ebaf5d,7707610e-56ce-4b27-83c0-2a570f5287c2,c3,c2,912,?,p2,
1769748925.044342,FORWARDED,af88e1e9-da1f-44f5-a03f-eae8d0ebaf5d,7707610e-56ce-4b27-83c0-2a570f5287c2,c3,c2,912,?,p2,
1769748925.1772447,RECEIVED,dec2724d-89d8-4e15-a7d3-7615ee1eece6,a01b8f60-ccb3-47a4-a26d-ec9e905980a4,c4,DROP,687,i5,?,
1769748925.1869836,SENT,1a69906c-33ef-45e5-9962-f58486131909,9370b1b5-2506-4fbe-a1cb-e52e7defb218,c1,c5,875,?,p2,
1769748925.1870246,FORWARDED,1a69906c-33ef-45e5-9962-f58486131909,9370b1b5-2506-4fbe-a1cb-e52e7defb218,c1,c5,875,?,p2,
1769748925.2618499,SENT,f8678ea9-ceb6-4feb-bd39-616da4300439,09238512-0529-44cf-b225-b9aa0d7d784a,c3,c2,876,?,p2,
1769748925.2618906,FORWARDED,f8678ea9-ceb6-4feb-bd39-616da4300439,09238512-0529-44cf-b225-b9aa0d7d784a,c3,c2,876,?,p2,
1769748925.380666,FORWARDED,0510108a-0751-4c92-a29d-bf2a67491e18,51a33434-687e-48ba-9a67-6408b025a7d8,c1,DROP,441,?,i1,
1769748925.438168,RECEIVED,e4053a7e-80c7-4bbd-86e7-73222a231f91,823620b8-6f0a-49e2-97ff-c265b56411c2,c1,None,1123,i11,?,
1769748925.510135,SENT,92a02b46-fc66-4b16-8535-43214e01afd4,96f72447-0d42-4916-a295-cb8219a47337,c4,c1,911,?,p1,
1769748925.5101798,FORWARDED,92a02b46-fc66-4b16-8535-43214e01afd4,96f72447-0d42-4916-a295-cb8219a47337,c4,c1,911,?,p1,
1769748925.6468847,RECEIVED,94356634-856d-45ba-b046-4a5a4eb82a13,e907e8b5-a3f1-4c1c-9f0b-a4b1b032cb7d,c4,DROP,446,x4,?,
1769748925.685673,RECEIVED,850787f9-ead6-495c-bd40-de9d30d76d49,4bc08c30-b241-4ca0-bd54-fb0c72fbcad3,c1,c5,1252,i5,?,
1769748925.8296907,SENT,850787f9-ead6-495c-bd40-de9d30d76d49,4bc08c30-b241-4ca0-bd54-fb0c72fbcad3,c1,c5,867,?,p2,
1769748925.829729,FORWARDED,850787f9-ead6-495c-bd40-de9d30d76d49,4bc08c30-b241-4ca0-bd54-fb0c72fbcad3,c1,c5,867,?,p2,
1769748925.9636674,SENT,dec2724d-89d8-4e15-a7d3-7615ee1eece6,a01b8f60-ccb3-47a4-a26d-ec9e905980a4,c4,DROP,443,?,i6,
1769748925.963709,FORWARDED,dec2724d-89d8-4e15-a7d3-7615ee1eece6,a01b8f60-ccb3-47a4-a26d-ec9e905980a4,c4,DROP,443,?,i6,
1769748926.0152893,SENT,64c7ca28-d282-439a-9ca9-66a63a288ef6,2f12aeb9-9252-4daf-9a2e-779f9330e2e4,c3,DROP,441,?,x11,
1769748926.0153425,FORWARDED,64c7ca28-d282-439a-9ca9-66a63a288ef6,2f12aeb9-9252-4daf-9a2e-779f9330e2e4,c3,DROP,441,?,x11,
1769748926.026406,RECEIVED,889920ce-5112-48bf-a98a-2555818bbb86,588af49b-3b7a-4c85-b132-ebe3de5010b0,c5,DROP,441,x6,?,
1769748926.1611016,RECEIVED,15873f81-5319-4912-9337-3f468842a50f,bf6ede08-a746-4f1d-bf47-baa77a10f1c2,c3,DROP,684,i10,?,
1769748926.280957,RECEIVED,e494570b-84e2-4735-9a13-b542f614dbe1,efbab007-f3a2-425b-af69-c1e76885d067,c3,None,1123,i5,?,
1769748926.316657,SENT,15873f81-5319-4912-9337-3f468842a50f,bf6ede08-a746-4f1d-bf47-baa77a10f1c2,c3,DROP,441,?,e10,
1769748926.3167129,FORWARDED,15873f81-5319-4912-9337-3f468842a50f,bf6ede08-a746-4f1d-bf47-baa77a10f1c2,c3,DROP,441,?,e10,
1769748926.424714,RECEIVED,59170de2-162b-4e0f-be27-b26ad9e2fead,e415a404-3127-441d-b0d7-f83e732ac17b,c3,c2,1263,i11,?,
1769748926.456571,RECEIVED,310370c0-a068-467a-9e5e-dacbf6ae93c5,a3f3719c-8bb8-47ca-b87e-569f3d30dfbc,c3,DROP,691,i10,?,
1769748926.6313603,RECEIVED,f5853363-8a6d-4ec4-8126-1fb708d021fa,cd046139-0cf9-4282-845c-ef629f16ce21,c5,DROP,684,i3,?,
1769748926.7057405,RECEIVED,3931b6fc-02ef-4acf-bd33-e9e508137ec3,9f7da0cf-e680-4794-a1d1-8981e3dab420,c4,DROP,684,i11,?,
1769748926.8506882,SENT,e4053a7e-80c7-4bbd-86e7-73222a231f91,823620b8-6f0a-49e2-97ff-c265b56411c2,c1,None,771,?,p1,
1769748926.85073,FORWARDED,e4053a7e-80c7-4bbd-86e7-73222a231f91,823620b8-6f0a-49e2-97ff-c265b56411c2,c1,None,771,?,p1,
1769748926.8636708,SENT,f5853363-8a6d-4ec4-8126-1fb708d021fa,cd046139-0cf9-4282-845c-ef629f16ce21,c5,DROP,440,?,e7,
1769748926.863709,FORWARDED,f5853363-8a6d-4ec4-8126-1fb708d021fa,cd046139-0cf9-4282-845c-ef629f16ce21,c5,DROP,440,?,e7,
1769748927.01238,SENT,e494570b-84e2-4735-9a13-b542f614dbe1,efbab007-f3a2-425b-af69-c1e76885d067,c3,None,771,?,p2,
1769748927.0124252,FORWARDED,e494570b-84e2-4735-9a13-b542f614dbe1,efbab007-f3a2-425b-af69-c1e76885d067,c3,None,771,?,p2,
1769748927.0776374,RECEIVED,3e4b6f12-2c4f-4f32-b488-1b4f847cdcc4,6cacd2ad-5743-414a-a985-a50f166ca8c9,c1,DROP,441,x7,?,
1769748927.10252,SENT,3931b6fc-02ef-4acf-bd33-e9e508137ec3,9f7da0cf-e680-4794-a1d1-8981e3dab420,c4,DROP,441,?,e3,
1769748927.1025558,FORWARDED,3931b6fc-02ef-4acf-bd33-e9e508137ec3,9f7da0cf-e680-4794-a1d1-8981e3dab420,c4,DROP,441,?,e3,
1769748927.1362884,SENT,59170de2-162b-4e0f-be27-b26ad9e2fead,e415a404-3127-441d-b0d7-f83e732ac17b,c3,c2,876,?,p2,
1769748927.136339,FORWARDED,59170de2-162b-4e0f-be27-b26ad9e2fead,e415a404-3127-441d-b0d7-f83e732ac17b,c3,c2,876,?,p2,
1769748927.1495895,RECEIVED,11bd599e-9584-4ffb-9d06-b39f0f89a1bb,7c2d2c9f-37a2-4b96-9d01-687ec75e1e56,c3,DROP,442,x7,?,
1769748927.202294,RECEIVED,ddbd36b1-0940-427b-aca4-3e622ec3cd0a,cff80f10-1f29-41e3-9f52-152c5b222184,c4,DROP,443,x12,?,
1769748927.298406,RECEIVED,e1946f7f-8418-4389-8a05-3def4d85a216,7024f9db-1bfe-4f07-a7dc-0ce530202619,c3,DROP,683,i11,?,
1769748927.3266027,SENT,310370c0-a068-467a-9e5e-dacbf6ae93c5,a3f3719c-8bb8-47ca-b87e-569f3d30dfbc,c3,DROP,445,?,e8,
1769748927.3266423,FORWARDED,310370c0-a068-467a-9e5e-dacbf6ae93c5,a3f3719c-8bb8-47ca-b87e-569f3d30dfbc,c3,DROP,445,?,e8,
1769748927.5214095,RECEIVED,1fa40793-89da-408d-bc49-7b0a2d21f6e4,69e3adbc-cfac-4974-871b-c6a321d8289d,c5,DROP,443,x5,?,
1769748927.687132,RECEIVED,82074e90-d621-434e-9d62-f77cae3b628b,b8c16bb6-708e-49ea-b6ae-0f7ba8ca93da,c3,None,1133,i6,?,
1769748927.752932,RECEIVED,98fdce30-c5e0-4c9d-addb-0f4150d4e78b,e8d01c54-8de9-4f48-945f-03ead0123b68,c3,DROP,687,i2,?,
1769748927.7638257,RECEIVED,4ca30964-81a8-4f3d-bd99-93e2629b4ff0,76152e10-9179-44dc-aabb-9d102a0cb75d,c4,c1,1312,i12,?,
1769748927.7821157,SENT,82074e90-d621-434e-9d62-f77cae3b628b,b8c16bb6-708e-49ea-b6ae-0f7ba8ca93da,c3,None,775,?,p2,
1769748927.7821577,FORWARDED,82074e90-d621-434e-9d62-f77cae3b628b,b8c16bb6-708e-49ea-b6ae-0f7ba8ca93da,c3,None,775,?,p2,
1769748927.8622372,RECEIVED,a8b7616d-4d5c-4ecd-8e59-59501e9f1045,8fcb4e19-665d-45ef-9546-0a7936a953e8,c5,DROP,683,i5,?,
1769748927.8828008,SENT,e1946f7f-8418-4389-8a05-3def4d85a216,7024f9db-1bfe-4f07-a7dc-0ce530202619,c3,DROP,441,?,x9,
1769748927.8828423,FORWARDED,e1946f7f-8418-4389-8a05-3def4d85a216,7024f9db-1bfe-4f07-a7dc-0ce530202619,c3,DROP,441,?,x9,
1769748928.150222,RECEIVED,facb7f0c-5dae-4987-8139-4d2fc59fbab7,e6bfa491-0014-4cd6-b1ad-77575307df78,c3,DROP,442,x9,?,
1769748928.2380362,RECEIVED,ff72dc6a-57ce-4262-9806-685904899b87,bda56214-f97b-4f46-92e0-81d9c94825d8,c5,DROP,688,i12,?,
1769748928.2661164,SENT,4ca30964-81a8-4f3d-bd99-93e2629b4ff0,76152e10-9179-44dc-aabb-9d102a0cb75d,c4,c1,911,?,p1,
1769748928.266159,FORWARDED,4ca30964-81a8-4f3d-bd99-93e2629b4ff0,76152e10-9179-44dc-aabb-9d102a0cb75d,c4,c1,911,?,p1,
1769748928.2777863,SENT,98fdce30-c5e0-4c9d-addb-0f4150d4e78b,e8d01c54-8de9-4f48-945f-03ead0123b68,c3,DROP,443,?,i7,
1769748928.2778254,FORWARDED,98fdce30-c5e0-4c9d-addb-0f4150d4e78b,e8d01c54-8de9-4f48-945f-03ead0123b68,c3,DROP,443,?,i7,
1769748928.383842,SENT,ff72dc6a-57ce-4262-9806-685904899b87,bda56214-f97b-4f46-92e0-81d9c94825d8,c5,DROP,442,?,i5,
1769748928.383885,FORWARDED,ff72dc6a-57ce-4262-9806-685904899b87,bda56214-f97b-4f46-92e0-81d9c94825d8,c5,DROP,442,?,i5,
1769748928.4027545,RECEIVED,27fa3ece-7f11-446d-83ac-99063dda7967,a1b6d696-c2d3-45dc-a4f4-3d2f271fe48d,c3,DROP,683,i2,?,
1769748928.5420651,SENT,a8b7616d-4d5c-4ecd-8e59-59501e9f1045,8fcb4e19-665d-45ef-9546-0a7936a953e8,c5,DROP,441,?,e2,
1769748928.5421057,FORWARDED,a8b7616d-4d5c-4ecd-8e59-59501e9f1045,8fcb4e19-665d-45ef-9546-0a7936a953e8,c5,DROP,441,?,e2,
1769748928.703115,RECEIVED,87979f85-9461-4eb0-b822-b46926cd6fe1,cdc2d110-aaa2-4a69-b735-21823bba8653,c2,DROP,442,x10,?,
1769748928.794931,RECEIVED,842effd1-636d-43d9-a2f4-fa8798d899a7,dff82684-3b7e-44e2-87f6-cc93e0dfc00d,c5,None,1124,i10,?,
1769748928.900885,RECEIVED,90c32388-218e-4512-837d-3ad92db07b1e,fb994614-2846-41d9-9f52-cbd103ca91a0,c3,c2,1311,i9,?,
1769748928.963852,SENT,842effd1-636d-43d9-a2f4-fa8798d899a7,dff82684-3b7e-44e2-87f6-cc93e0dfc00d,c5,None,771,?,p1,
1769748928.9638941,FORWARDED,842effd1-636d-43d9-a2f4-fa8798d899a7,dff82684-3b7e-44e2-87f6-cc93e0dfc00d,c5,None,771,?,p1,
1769748929.0052338,RECEIVED,5c259e9f-2a15-4916-bc9d-9bb652b926e1,f964fb63-3a63-49fd-a0f1-4255c7a5a8f8,c3,None,1123,i8,?,
1769748929.2096698,SENT,5c259e9f-2a15-4916-bc9d-9bb652b926e1,f964fb63-3a63-49fd-a0f1-4255c7a5a8f8,c3,None,771,?,p2,
1769748929.2097137,FORWARDED,5c259e9f-2a15-4916-bc9d-9bb652b926e1,f964fb63-3a63-49fd-a0f1-4255c7a5a8f8,c3,None,771,?,p2,
1769748929.2738812,RECEIVED,488e7324-4916-4479-a370-33ef5e573ada,36223945-f7db-436d-9935-fb3e16daf4f3,c2,None,1132,i9,?,
1769748929.3383381,RECEIVED,98e4e96e-9388-4aa7-99fb-b9bcbb33116c,dbff08de-d85a-4a89-ba67-59f4d482f280,c5,c3,1259,i2,?,
1769748929.502701,RECEIVED,6bf14f71-df2f-43fc-9e9c-013061322c77,f07985b8-b5af-4f0f-b926-62859da2fc56,c3,DROP,442,x3,?,
1769748929.60898,SENT,488e7324-4916-4479-a370-33ef5e573ada,36223945-f7db-436d-9935-fb3e16daf4f3,c2,None,776,?,p3,
1769748929.6090221,FORWARDED,488e7324-4916-4479-a370-33ef5e573ada,36223945-f7db-436d-9935-fb3e16daf4f3,c2,None,776,?,p3,
1769748929.8628967,SENT,98e4e96e-9388-4aa7-99fb-b9bcbb33116c,dbff08de-d85a-4a89-ba67-59f4d482f280,c5,c3,872,?,p3,
1769748929.8629382,FORWARDED,98e4e96e-9388-4aa7-99fb-b9bcbb33116c,dbff08de-d85a-4a89-ba67-59f4d482f280,c5,c3,872,?,p3,
1769748929.8660738,RECEIVED,291cefc3-1762-4a97-8cb9-72c12f016daf,f1767022-89ee-4e93-9b97-274ba4bafdd5,c5,DROP,689,i5,?,
1769748930.0354319,SENT,27fa3ece-7f11-446d-83ac-99063dda7967,a1b6d696-c2d3-45dc-a4f4-3d2f271fe48d,c3,DROP,440,?,e6,
1769748930.035476,FORWARDED,27fa3ece-7f11-446d-83ac-99063dda7967,a1b6d696-c2d3-45dc-a4f4-3d2f271fe48d,c3,DROP,440,?,e6,
1769748930.0719616,RECEIVED,2b6ff0d0-64a8-4216-8785-2e41fe5faad8,27956f10-4a86-4ef3-873a-b267754f5ec6,c4,DROP,688,i8,?,
1769748930.0898888,SENT,291cefc3-1762-4a97-8cb9-72c12f016daf,f1767022-89ee-4e93-9b97-274ba4bafdd5,c5,DROP,442,?,i12,
1769748930.089932,FORWARDED,291cefc3-1762-4a97-8cb9-72c12f016daf,f1767022-89ee-4e93-9b97-274ba4bafdd5,c5,DROP,442,?,i12,
1769748930.1753273,RECEIVED,81372e0f-122b-426f-b94c-3935990bf6b0,13ac6601-8c69-47c8-aba6-44aaece31289,c4,DROP,684,i6,?,
1769748930.1974447,RECEIVED,568dabcb-9706-4f01-9b5c-04bc52fc9b73,90ce50d0-2eaa-46dd-8b66-4bbe0546f3ed,c5,c3,1260,i3,?,
1769748930.2362702,RECEIVED,afdb40e3-375d-4f34-8d3e-ac49b9eeb11a,1818401f-6880-428b-ab0e-3371447c9b0b,c1,DROP,441,x11,?,
1769748930.2931883,SENT,568dabcb-9706-4f01-9b5c-04bc52fc9b73,90ce50d0-2eaa-46dd-8b66-4bbe0546f3ed,c5,c3,871,?,p3,
1769748930.2932255,FORWARDED,568dabcb-9706-4f01-9b5c-04bc52fc9b73,90ce50d0-2eaa-46dd-8b66-4bbe0546f3ed,c5,c3,871,?,p3,
1769748930.3703382,SENT,90c32388-218e-4512-837d-3ad92db07b1e,fb994614-2846-41d9-9f52-cbd103ca91a0,c3,c2,911,?,p2,
1769748930.3703787,FORWARDED,90c32388-218e-4512-837d-3ad92db07b1e,fb994614-2846-41d9-9f52-cbd103ca91a0,c3,c2,911,?,p2,
1769748930.5409956,SENT,2b6ff0d0-64a8-4216-8785-2e41fe5faad8,27956f10-4a86-4ef3-873a-b267754f5ec6,c4,DROP,442,?,e8,
1769748930.5410364,FORWARDED,2b6ff0d0-64a8-4216-8785-2e41fe5faad8,27956f10-4a86-4ef3-873a-b267754f5ec6,c4,DROP,442,?,e8,
1769748930.5799305,RECEIVED,495b3d59-18c1-4172-a7e2-69e45224c39b,7a056f40-6161-44cc-b09f-0a2974c01b45,c3,None,1132,i6,?,
1769748930.6012335,RECEIVED,eabd80d7-24b0-4a8a-8b78-102215b1a435,a65f83d9-71ef-447f-91cf-e586b7ab1f1e,c1,DROP,684,i2,?,
1769748930.6585572,RECEIVED,8e4b7f82-8e2d-4305-9464-eb8fe81c354a,f71c9180-6411-413d-9b51-97bcedc48779,c3,None,1136,i11,?,
1769748930.7298365,RECEIVED,e5fef069-461e-4338-9a7c-58068b77907f,741caafb-e422-4ba5-9f72-8a6a277e04b6,c3,c2,1319,i5,?,
1769748930.7632995,SENT,8e4b7f82-8e2d-4305-9464-eb8fe81c354a,f71c9180-6411-413d-9b51-97bcedc48779,c3,None,779,?,p2,
1769748930.7634447,FORWARDED,8e4b7f82-8e2d-4305-9464-eb8fe81c354a,f71c9180-6411-413d-9b51-97bcedc48779,c3,None,779,?,p2,
1769748930.8291328,SENT,e5fef069-461e-4338-9a7c-58068b77907f,741caafb-e422-4ba5-9f72-8a6a277e04b6,c3,c2,918,?,p2,
1769748930.8294506,FORWARDED,e5fef069-461e-4338-9a7c-58068b77907f,741caafb-e422-4ba5-9f72-8a6a277e04b6,c3,c2,918,?,p2,
1769748930.8685043,SENT,495b3d59-18c1-4172-a7e2-69e45224c39b,7a056f40-6161-44cc-b09f-0a2974c01b45,c3,None,775,?,p2,
1769748930.8686037,FORWARDED,495b3d59-18c1-4172-a7e2-69e45224c39b,7a056f40-6161-44cc-b09f-0a2974c01b45,c3,None,775,?,p2,
1769748930.981227,SENT,eabd80d7-24b0-4a8a-8b78-102215b1a435,a65f83d9-71ef-447f-91cf-e586b7ab1f1e,c1,DROP,441,?,x5,
1769748930.9812675,FORWARDED,eabd80d7-24b0-4a8a-8b78-102215b1a435,a65f83d9-71ef-447f-91cf-e586b7ab1f1e,c1,DROP,441,?,x5,
1769748931.1542642,RECEIVED,33b28272-f9cb-44ae-bb63-40f89fcb1e72,2b10d9d4-c45e-43e9-bd10-dde543cf2294,c2,DROP,441,x3,?,
1769748931.1767263,RECEIVED,58ae38b3-87c0-4378-ab70-205d921c4e54,92aa3341-8599-420c-82bd-713db58ca1ab,c1,None,1131,i11,?,
1769748931.1907744,RECEIVED,93df0ed5-7100-4c90-bed7-7adde07840ca,de02b6bc-ec1b-4932-b0c4-9073776a1b3c,c2,c3,1260,i3,?,
1769748931.251529,RECEIVED,9a3164c4-28eb-4bb6-aa40-1a1656b391ca,291d2e36-b596-4630-855f-447e1f1ed5b9,c1,DROP,684,i2,?,
1769748931.332223,SENT,81372e0f-122b-426f-b94c-3935990bf6b0,13ac6601-8c69-47c8-aba6-44aaece31289,c4,DROP,441,?,i10,
1769748931.3322625,FORWARDED,81372e0f-122b-426f-b94c-3935990bf6b0,13ac6601-8c69-47c8-aba6-44aaece31289,c4,DROP,441,?,i10,
1769748931.3473148,SENT,93df0ed5-7100-4c90-bed7-7adde07840ca,de02b6bc-ec1b-4932-b0c4-9073776a1b3c,c2,c3,871,?,p3,
1769748931.3473701,FORWARDED,93df0ed5-7100-4c90-bed7-7adde07840ca,de02b6bc-ec1b-4932-b0c4-9073776a1b3c,c2,c3,871,?,p3,
1769748931.3706434,RECEIVED,47baf267-f335-4793-b6a3-25712fe73a54,a5dc9f3f-d8b1-4934-b6ee-53df9375002b,c4,c1,1312,i12,?,
1769748931.4788404,SENT,47baf267-f335-4793-b6a3-25712fe73a54,a5dc9f3f-d8b1-4934-b6ee-53df9375002b,c4,c1,912,?,p1,
1769748931.4788792,FORWARDED,47baf267-f335-4793-b6a3-25712fe73a54,a5dc9f3f-d8b1-4934-b6ee-53df9375002b,c4,c1,912,?,p1,
1769748931.6388505,SENT,58ae38b3-87c0-4378-ab70-205d921c4e54,92aa3341-8599-420c-82bd-713db58ca1ab,c1,None,775,?,p1,
1769748931.6388936,FORWARDED,58ae38b3-87c0-4378-ab70-205d921c4e54,92aa3341-8599-420c-82bd-713db58ca1ab,c1,None,775,?,p1,
1769748931.7063398,RECEIVED,553436a5-1f05-4fd3-887f-e9ed927bcbd4,b934824c-2b9f-45ae-ab9a-72944cffc06a,c3,c2,1316,i11,?,
1769748931.7282486,RECEIVED,7d6999f3-3de0-4e93-9fd1-39cbf73d35b1,a484a388-05ed-416d-af70-f23dee7bf34d,c4,c1,1255,i5,?,
1769748931.7305722,SENT,9a3164c4-28eb-4bb6-aa40-1a1656b391ca,291d2e36-b596-4630-855f-447e1f1ed5b9,c1,DROP,440,?,e1,
1769748931.730623,FORWARDED,9a3164c4-28eb-4bb6-aa40-1a1656b391ca,291d2e36-b596-4630-855f-447e1f1ed5b9,c1,DROP,440,?,e1,
1769748931.7754173,SENT,553436a5-1f05-4fd3-887f-e9ed927bcbd4,b934824c-2b9f-45ae-ab9a-72944cffc06a,c3,c2,915,?,p2,
1769748931.7754562,FORWARDED,553436a5-1f05-4fd3-887f-e9ed927bcbd4,b934824c-2b9f-45ae-ab9a-72944cffc06a,c3,c2,915,?,p2,
1769748932.0464423,RECEIVED,2bae16fa-8e21-4285-96fd-4d5a3980ff7f,a148d93e-c99d-4095-ada9-3280effe9bb5,c1,c5,1311,i5,?,
1769748932.109839,SENT,2bae16fa-8e21-4285-96fd-4d5a3980ff7f,a148d93e-c99d-4095-ada9-3280effe9bb5,c1,c5,912,?,p2,
1769748932.1098807,FORWARDED,2bae16fa-8e21-4285-96fd-4d5a3980ff7f,a148d93e-c99d-4095-ada9-3280effe9bb5,c1,c5,912,?,p2,
1769748932.2816978,RECEIVED,3b064004-2817-4761-832c-b184ae1e0f28,fa00ec68-6301-487a-9bc4-ee0dff4de465,c3,None,1131,i3,?,
1769748932.2887769,RECEIVED,7cb0c0f8-bf64-4508-905a-a5b837528e1e,8c39ae4e-ebfd-4b72-8c68-f559a5ca1336,c1,DROP,692,i9,?,
1769748932.334762,RECEIVED,85ea1f8b-d20d-4247-900e-5eb7f22c7816,4ca158b1-2094-4fd6-be53-713a1e54a29c,c2,DROP,684,i9,?,
1769748932.383996,SENT,85ea1f8b-d20d-4247-900e-5eb7f22c7816,4ca158b1-2094-4fd6-be53-713a1e54a29c,c2,DROP,440,?,e4,
1769748932.384035,FORWARDED,85ea1f8b-d20d-4247-900e-5eb7f22c7816,4ca158b1-2094-4fd6-be53-713a1e54a29c,c2,DROP,440,?,e4,
1769748932.3850818,SENT,7d6999f3-3de0-4e93-9fd1-39cbf73d35b1,a484a388-05ed-416d-af70-f23dee7bf34d,c4,c1,869,?,p1,
1769748932.3851178,FORWARDED,7d6999f3-3de0-4e93-9fd1-39cbf73d35b1,a484a388-05ed-416d-af70-f23dee7bf34d,c4,c1,869,?,p1,
1769748932.470865,RECEIVED,2815cca2-28fe-4441-8b85-1db77a54bc22,60d37d53-56a2-4b2d-9561-5ec0ede673e4,c3,c2,1313,i9,?,
1769748932.5232205,SENT,2815cca2-28fe-4441-8b85-1db77a54bc22,60d37d53-56a2-4b2d-9561-5ec0ede673e4,c3,c2,911,?,p2,
1769748932.5232615,FORWARDED,2815cca2-28fe-4441-8b85-1db77a54bc22,60d37d53-56a2-4b2d-9561-5ec0ede673e4,c3,c2,911,?,p2,
1769748932.5293646,RECEIVED,cffc4e62-b96a-498b-9c4e-2e9c934166b5,55f2a12b-3ed8-4ba2-a6aa-13bd32cfa433,c4,c1,1255,i10,?,
1769748932.5922396,RECEIVED,9618a68e-3087-4dd6-bfac-149c9c977a41,51544750-57f1-4674-b12f-304c602dc912,c2,DROP,684,i10,?,
1769748932.6946144,RECEIVED,9e5f9857-8d56-4fc1-89fa-07dc3ab2b2eb,c503bd74-55fc-4844-9ce6-65880917ed59,c3,DROP,684,i6,?,
1769748932.7450647,SENT,9e5f9857-8d56-4fc1-89fa-07dc3ab2b2eb,c503bd74-55fc-4844-9ce6-65880917ed59,c3,DROP,441,?,x6,
1769748932.7451105,FORWARDED,9e5f9857-8d56-4fc1-89fa-07dc3ab2b2eb,c503bd74-55fc-4844-9ce6-65880917ed59,c3,DROP,441,?,x6,
1769748932.802703,RECEIVED,94dcbda8-fd0d-4a4f-a2db-839ff21ca392,20a3a54f-6bd5-4c08-b116-67babd4b7235,c3,DROP,687,i10,?,
1769748932.836655,RECEIVED,2077e9bb-e2d4-49ae-b925-50f9e4c71c04,ce912721-19e9-4cd1-9733-8dbccb08419b,c5,DROP,684,i8,?,
1769748932.881532,RECEIVED,903bb9e0-1060-4374-833e-58477668227e,d790db15-6d37-4079-a3d0-8877a8852908,c3,None,1131,i9,?,
1769748932.8847406,RECEIVED,7264ce28-80cd-4379-a23d-997004dea2cd,7ff0871b-9287-4b27-8b3c-54f3cfafb78b,c3,None,1132,i8,?,
1769748932.9518056,SENT,7264ce28-80cd-4379-a23d-997004dea2cd,7ff0871b-9287-4b27-8b3c-54f3cfafb78b,c3,None,776,?,p2,
1769748932.9518478,FORWARDED,7264ce28-80cd-4379-a23d-997004dea2cd,7ff0871b-9287-4b27-8b3c-54f3cfafb78b,c3,None,776,?,p2,
1769748932.9733343,RECEIVED,5cb29012-1fd0-4fb7-b9cf-40ec24eb1c18,4f64a222-8ebf-4ebb-8b3d-b9524d3acb78,c4,DROP,441,x10,?,
1769748932.9904532,SENT,9618a68e-3087-4dd6-bfac-149c9c977a41,51544750-57f1-4674-b12f-304c602dc912,c2,DROP,441,?,x4,
1769748932.9904974,FORWARDED,9618a68e-3087-4dd6-bfac-149c9c977a41,51544750-57f1-4674-b12f-304c602dc912,c2,DROP,441,?,x4,
1769748932.9913104,RECEIVED,8af92820-b468-4cfd-9961-52536f6ce013,474b0922-03bd-4f58-b821-60eedb234ef7,c1,c5,1324,i8,?,
1769748933.0005236,RECEIVED,2f38ae7d-a673-4a9f-b7ce-00b75641bcd4,5cb82285-b498-4cb5-a8f2-566d13b0667e,c3,DROP,440,x9,?,
1769748933.102975,SENT,903bb9e0-1060-4374-833e-58477668227e,d790db15-6d37-4079-a3d0-8877a8852908,c3,None,776,?,p2,
1769748933.1030164,FORWARDED,903bb9e0-1060-4374-833e-58477668227e,d790db15-6d37-4079-a3d0-8877a8852908,c3,None,776,?,p2,
1769748933.215269,SENT,2077e9bb-e2d4-49ae-b925-50f9e4c71c04,ce912721-19e9-4cd1-9733-8dbccb08419b,c5,DROP,440,?,x9,
1769748933.21531,FORWARDED,2077e9bb-e2d4-49ae-b925-50f9e4c71c04,ce912721-19e9-4cd1-9733-8dbccb08419b,c5,DROP,440,?,x9,
1769748933.236107,SENT,3b064004-2817-4761-832c-b184ae1e0f28,fa00ec68-6301-487a-9bc4-ee0dff4de465,c3,None,775,?,p2,
1769748933.2361443,FORWARDED,3b064004-2817-4761-832c-b184ae1e0f28,fa00ec68-6301-487a-9bc4-ee0dff4de465,c3,None,775,?,p2,
1769748933.27377,RECEIVED,0e9b81fa-4eae-4e19-b167-0c81cb3d6779,81f05b83-7a21-470e-a5b1-9429d028d436,c2,DROP,688,i11,?,
1769748933.388954,SENT,0e9b81fa-4eae-4e19-b167-0c81cb3d6779,81f05b83-7a21-470e-a5b1-9429d028d436,c2,DROP,442,?,e10,
1769748933.3889945,FORWARDED,0e9b81fa-4eae-4e19-b167-0c81cb3d6779,81f05b83-7a21-470e-a5b1-9429d028d436,c2,DROP,442,?,e10,
1769748933.463385,SENT,8af92820-b468-4cfd-9961-52536f6ce013,474b0922-03bd-4f58-b821-60eedb234ef7,c1,c5,920,?,p2,
1769748933.463428,FORWARDED,8af92820-b468-4cfd-9961-52536f6ce013,474b0922-03bd-4f58-b821-60eedb234ef7,c1,c5,920,?,p2,
1769748933.5696769,SENT,94dcbda8-fd0d-4a4f-a2db-839ff21ca392,20a3a54f-6bd5-4c08-b116-67babd4b7235,c3,DROP,444,?,e3,
1769748933.56972,FORWARDED,94dcbda8-fd0d-4a4f-a2db-839ff21ca392,20a3a54f-6bd5-4c08-b116-67babd4b7235,c3,DROP,444,?,e3,
1769748933.6542823,RECEIVED,68931832-214e-4bd8-b4e9-9be463739070,c66822f9-98c7-4f57-b50a-b587687dc36d,c3,DROP,442,x11,?,
1769748933.7386332,RECEIVED,b1415580-8d0c-438b-af51-86adc7eaa570,ba0d0335-d070-42b8-918d-15947fb09506,c4,DROP,684,i7,?,
1769748933.8024187,RECEIVED,ab388c2a-9c2e-44e6-ab06-423986f95fec,fdf526dc-5626-4a0d-a094-437bec3e2aed,c3,DROP,686,i5,?,
1769748933.8159297,SENT,cffc4e62-b96a-498b-9c4e-2e9c934166b5,55f2a12b-3ed8-4ba2-a6aa-13bd32cfa433,c4,c1,868,?,p1,
1769748933.8159707,FORWARDED,cffc4e62-b96a-498b-9c4e-2e9c934166b5,55f2a12b-3ed8-4ba2-a6aa-13bd32cfa433,c4,c1,868,?,p1,
1769748933.8270075,RECEIVED,078e3e50-5baa-402e-a662-8dbf29edd533,346eb423-1cbe-4327-ab3a-b3c2a84cbbc7,c1,DROP,681,i3,?,
1769748933.8749654,RECEIVED,95d246db-2d22-4a48-9527-285dc8c703dd,db898270-1ea6-4d20-83f1-5beca0163d94,c4,DROP,442,x7,?,
1769748933.8783355,SENT,b1415580-8d0c-438b-af51-86adc7eaa570,ba0d0335-d070-42b8-918d-15947fb09506,c4,DROP,441,?,e3,
1769748933.8783755,FORWARDED,b1415580-8d0c-438b-af51-86adc7eaa570,ba0d0335-d070-42b8-918d-15947fb09506,c4,DROP,441,?,e3,
1769748933.8825374,RECEIVED,39d6ddcb-feb4-495e-ac73-bef8a4025d2b,4bdf77a7-74fa-4c6c-84ec-5f4a66061b42,c2,DROP,441,x11,?,
1769748933.956951,SENT,078e3e50-5baa-402e-a662-8dbf29edd533,346eb423-1cbe-4327-ab3a-b3c2a84cbbc7,c1,DROP,437,?,x12,
1769748933.9569926,FORWARDED,078e3e50-5baa-402e-a662-8dbf29edd533,346eb423-1cbe-4327-ab3a-b3c2a84cbbc7,c1,DROP,437,?,x12,
1769748934.098009,RECEIVED,0bcfda45-2216-45da-b8ae-98a565044390,0f9bbbdd-e086-4daa-baea-d9c239483abd,c2,DROP,683,i3,?,
1769748934.1901379,RECEIVED,46307001-d3f0-49ed-b9b8-df162832a96e,74819c22-1758-440f-a654-25d08be124c7,c4,DROP,683,i5,?,
1769748934.314928,RECEIVED,c641280a-30b8-469e-a50c-7188bfa3faf0,2bdcf0c3-a0b0-41c5-a1bc-bec991fd6655,c1,DROP,683,i9,?,
1769748934.3959985,RECEIVED,4d566308-284c-4930-940a-0608b74314f5,1a242cee-161d-46b6-94c4-9b0832f308c1,c1,c5,1251,i8,?,
1769748934.4121454,SENT,46307001-d3f0-49ed-b9b8-df162832a96e,74819c22-1758-440f-a654-25d08be124c7,c4,DROP,441,?,i3,
1769748934.4121847,FORWARDED,46307001-d3f0-49ed-b9b8-df162832a96e,74819c22-1758-440f-a654-25d08be124c7,c4,DROP,441,?,i3,
1769748934.4348521,SENT,c641280a-30b8-469e-a50c-7188bfa3faf0,2bdcf0c3-a0b0-41c5-a1bc-bec991fd6655,c1,DROP,441,?,e11,
1769748934.434893,FORWARDED,c641280a-30b8-469e-a50c-7188bfa3faf0,2bdcf0c3-a0b0-41c5-a1bc-bec991fd6655,c1,DROP,441,?,e11,
1769748934.5213668,RECEIVED,f051836c-be56-460d-b48c-3e9f0fef49b1,e9ce654e-793c-4483-960c-e0cc1a7e223f,c4,DROP,692,i8,?,
1769748934.6887062,SENT,f051836c-be56-460d-b48c-3e9f0fef49b1,e9ce654e-793c-4483-960c-e0cc1a7e223f,c4,DROP,446,?,i11,
1769748934.6887474,FORWARDED,f051836c-be56-460d-b48c-3e9f0fef49b1,e9ce654e-793c-4483-960c-e0cc1a7e223f,c4,DROP,446,?,i11,
1769748934.7790127,RECEIVED,77a4b354-e216-46b3-a3ea-5a1c6ff356b8,4ff31021-25e6-4f11-8577-e87eb8bbb5f5,c5,None,1124,i10,?,
1769748934.850026,RECEIVED,4aa0f196-9d43-4765-bead-0d4f2944893d,3e8cbbd7-8b21-4636-a20d-7b291c706dc7,c1,c5,1260,i10,?,
1769748934.921564,SENT,4aa0f196-9d43-4765-bead-0d4f2944893d,3e8cbbd7-8b21-4636-a20d-7b291c706dc7,c1,c5,871,?,p2,
1769748934.9216027,FORWARDED,4aa0f196-9d43-4765-bead-0d4f2944893d,3e8cbbd7-8b21-4636-a20d-7b291c706dc7,c1,c5,871,?,p2,
1769748934.96069,SENT,7cb0c0f8-bf64-4508-905a-a5b837528e1e,8c39ae4e-ebfd-4b72-8c68-f559a5ca1336,c1,DROP,446,?,i12,
1769748934.9607322,FORWARDED,7cb0c0f8-bf64-4508-905a-a5b837528e1e,8c39ae4e-ebfd-4b72-8c68-f559a5ca1336,c1,DROP,446,?,i12,
1769748934.9784613,SENT,77a4b354-e216-46b3-a3ea-5a1c6ff356b8,4ff31021-25e6-4f11-8577-e87eb8bbb5f5,c5,None,770,?,p1,
1769748934.9785056,FORWARDED,77a4b354-e216-46b3-a3ea-5a1c6ff356b8,4ff31021-25e6-4f11-8577-e87eb8bbb5f5,c5,None,770,?,p1,
1769748935.0857213,RECEIVED,3adc57ca-46df-48b7-8339-e8c00e2175f9,cc82ffca-e2f8-4bcb-b266-597ac3d1c771,c5,DROP,441,x6,?,
1769748935.1031168,SENT,0bcfda45-2216-45da-b8ae-98a565044390,0f9bbbdd-e086-4daa-baea-d9c239483abd,c2,DROP,441,?,i8,
1769748935.1031556,FORWARDED,0bcfda45-2216-45da-b8ae-98a565044390,0f9bbbdd-e086-4daa-baea-d9c239483abd,c2,DROP,441,?,i8,
1769748935.1171768,RECEIVED,1def6b5b-de6e-475b-88c8-d2e27c246cc9,9e6308c8-23c7-4596-b463-a97a964b73e1,c4,c1,1260,i9,?,
1769748935.2290745,SENT,ab388c2a-9c2e-44e6-ab06-423986f95fec,fdf526dc-5626-4a0d-a094-437bec3e2aed,c3,DROP,442,?,x3,
1769748935.2291088,FORWARDED,ab388c2a-9c2e-44e6-ab06-423986f95fec,fdf526dc-5626-4a0d-a094-437bec3e2aed,c3,DROP,442,?,x3,
1769748935.2534225,SENT,1def6b5b-de6e-475b-88c8-d2e27c246cc9,9e6308c8-23c7-4596-b463-a97a964b73e1,c4,c1,871,?,p1,
1769748935.2534606,FORWARDED,1def6b5b-de6e-475b-88c8-d2e27c246cc9,9e6308c8-23c7-4596-b463-a97a964b73e1,c4,c1,871,?,p1,
1769748935.3274572,SENT,4d566308-284c-4930-940a-0608b74314f5,1a242cee-161d-46b6-94c4-9b0832f308c1,c1,c5,867,?,p2,
1769748935.3274949,FORWARDED,4d566308-284c-4930-940a-0608b74314f5,1a242cee-161d-46b6-94c4-9b0832f308c1,c1,c5,867,?,p2,
1769748935.3382134,RECEIVED,6056917e-2e8e-43ef-94db-815da162b55c,7a27fd5e-b86c-4143-9e41-a4a584308d03,c4,DROP,441,x7,?,
1769748935.6548672,RECEIVED,c225c9b2-9d01-46b8-a1a1-ec5c47e381c5,d9e51972-9438-4f48-b2b3-d30a0685f2a4,c2,DROP,683,i6,?,
1769748935.6744614,RECEIVED,dc517c82-bc51-43fd-b76b-0244d6ee0a42,02aade73-f688-40a2-930c-2b75c67bbbbe,c5,DROP,687,i6,?,
1769748935.7764034,RECEIVED,c8d8588f-8044-4fe7-af6c-08d79f239a57,dad8448b-c121-4215-8602-ea21a18d3ec0,c2,DROP,688,i2,?,
1769748935.8821754,SENT,c8d8588f-8044-4fe7-af6c-08d79f239a57,dad8448b-c121-4215-8602-ea21a18d3ec0,c2,DROP,442,?,e9,
1769748935.8822186,FORWARDED,c8d8588f-8044-4fe7-af6c-08d79f239a57,dad8448b-c121-4215-8602-ea21a18d3ec0,c2,DROP,442,?,e9,
1769748935.9173794,RECEIVED,b412413f-b9bc-42c7-bd88-a36ec65f76dd,c1ae1025-384b-4212-aeef-2c29627b8c0f,c2,DROP,441,x2,?,
1769748935.9735088,SENT,dc517c82-bc51-43fd-b76b-0244d6ee0a42,02aade73-f688-40a2-930c-2b75c67bbbbe,c5,DROP,443,?,i7,
1769748935.9735491,FORWARDED,dc517c82-bc51-43fd-b76b-0244d6ee0a42,02aade73-f688-40a2-930c-2b75c67bbbbe,c5,DROP,443,?,i7,
1769748936.0675619,RECEIVED,7dd8a844-2176-4d51-a299-28aed692198c,60502565-51ab-4b10-89d1-1d70597b7166,c4,DROP,688,i5,?,
1769748936.2214203,SENT,c225c9b2-9d01-46b8-a1a1-ec5c47e381c5,d9e51972-9438-4f48-b2b3-d30a0685f2a4,c2,DROP,441,?,x7,
1769748936.2214596,FORWARDED,c225c9b2-9d01-46b8-a1a1-ec5c47e381c5,d9e51972-9438-4f48-b2b3-d30a0685f2a4,c2,DROP,441,?,x7,
1769748936.2424307,SENT,7dd8a844-2176-4d51-a299-28aed692198c,60502565-51ab-4b10-89d1-1d70597b7166,c4,DROP,442,?,e10,
1769748936.2424684,FORWARDED,7dd8a844-2176-4d51-a299-28aed692198c,60502565-51ab-4b10-89d1-1d70597b7166,c4,DROP,442,?,e10,
1769748936.4219165,RECEIVED,53865198-8ece-4a6a-9fa9-53a63019dce8,91738bc8-9964-4bbf-812b-06eccfd84538,c5,None,1124,i2,?,
1769748936.6098716,RECEIVED,13d51a8d-8312-4994-be97-c61df8395eba,cdb8c4bd-90cb-4712-8d0b-637001b5b931,c3,c2,1251,i3,?,
1769748936.6709204,RECEIVED,e8fd5707-f2ec-4d2f-bb9e-b63ee911fbca,438bce53-c98e-4904-94a1-956e30b1241b,c5,c3,1252,i7,?,
1769748936.712177,RECEIVED,97532aa2-9592-4283-97cd-566ce12c9bac,9137f8ff-6f6b-4983-a1da-9c4f410cdcfa,c3,DROP,683,i3,?,
1769748936.7502203,SENT,53865198-8ece-4a6a-9fa9-53a63019dce8,91738bc8-9964-4bbf-812b-06eccfd84538,c5,None,769,?,p1,
1769748936.750261,FORWARDED,53865198-8ece-4a6a-9fa9-53a63019dce8,91738bc8-9964-4bbf-812b-06eccfd84538,c5,None,769,?,p1,
1769748936.8088386,RECEIVED,eed0c029-eb13-4377-ad94-74af5eb6d217,7409d37d-6cb9-4638-bb72-06e9826beec7,c4,c1,1312,i10,?,
1769748936.8694842,SENT,e8fd5707-f2ec-4d2f-bb9e-b63ee911fbca,438bce53-c98e-4904-94a1-956e30b1241b,c5,c3,867,?,p3,
1769748936.869524,FORWARDED,e8fd5707-f2ec-4d2f-bb9e-b63ee911fbca,438bce53-c98e-4904-94a1-956e30b1241b,c5,c3,867,?,p3,
1769748937.003253,RECEIVED,23a04d92-30fc-49e8-a6f2-a485934a1d77,7808460d-30cb-42ce-89a1-63f868146ba7,c4,DROP,682,i7,?,
1769748937.0503974,SENT,eed0c029-eb13-4377-ad94-74af5eb6d217,7409d37d-6cb9-4638-bb72-06e9826beec7,c4,c1,911,?,p1,
1769748937.050437,FORWARDED,eed0c029-eb13-4377-ad94-74af5eb6d217,7409d37d-6cb9-4638-bb72-06e9826beec7,c4,c1,911,?,p1,
1769748937.1372304,SENT,13d51a8d-8312-4994-be97-c61df8395eba,cdb8c4bd-90cb-4712-8d0b-637001b5b931,c3,c2,867,?,p2,
1769748937.1372685,FORWARDED,13d51a8d-8312-4994-be97-c61df8395eba,cdb8c4bd-90cb-4712-8d0b-637001b5b931,c3,c2,867,?,p2,
1769748937.1590347,RECEIVED,4247d2fe-fdb7-4450-b2a1-5b72028b3eb8,972c5393-449e-497d-bf16-475089323288,c3,DROP,686,i3,?,
1769748937.1851056,RECEIVED,55517bb1-2afc-41a1-bf26-402125c7c94d,36c4e457-ec74-4b3b-88dd-b5d185d444e6,c4,DROP,692,i3,?,
1769748937.2021952,RECEIVED,73aaf02c-25ac-4e14-9465-4eae359f63c7,b6941077-c0fa-4d0e-b39b-9f6f7ae98259,c2,DROP,689,i11,?,
1769748937.2504156,SENT,73aaf02c-25ac-4e14-9465-4eae359f63c7,b6941077-c0fa-4d0e-b39b-9f6f7ae98259,c2,DROP,442,?,e1,
1769748937.2504587,FORWARDED,73aaf02c-25ac-4e14-9465-4eae359f63c7,b6941077-c0fa-4d0e-b39b-9f6f7ae98259,c2,DROP,442,?,e1,
1769748937.2585344,SENT,97532aa2-9592-4283-97cd-566ce12c9bac,9137f8ff-6f6b-4983-a1da-9c4f410cdcfa,c3,DROP,441,?,e2,
1769748937.258576,FORWARDED,97532aa2-9592-4283-97cd-566ce12c9bac,9137f8ff-6f6b-4983-a1da-9c4f410cdcfa,c3,DROP,441,?,e2,
1769748937.3706408,RECEIVED,055180c5-674f-4a95-baf0-fd45a57d8c57,ddbcf112-f2c0-44e7-aba9-88b8866f7bd1,c3,DROP,688,i8,?,
1769748937.3993237,RECEIVED,69d95332-d773-462d-94e4-2410e1b14109,4bc1a45c-d920-4ee4-ad42-e44039623107,c2,DROP,442,x12,?,
1769748937.4108994,RECEIVED,ed3ae53e-2096-49ac-9137-1a76e8dd7606,43d94b23-00e5-4314-8fb2-cfa890f2efee,c3,c2,1316,i9,?,
1769748937.482764,SENT,ed3ae53e-2096-49ac-9137-1a76e8dd7606,43d94b23-00e5-4314-8fb2-cfa890f2efee,c3,c2,913,?,p2,
1769748937.4828029,FORWARDED,ed3ae53e-2096-49ac-9137-1a76e8dd7606,43d94b23-00e5-4314-8fb2-cfa890f2efee,c3,c2,913,?,p2,
1769748937.5296566,SENT,23a04d92-30fc-49e8-a6f2-a485934a1d77,7808460d-30cb-42ce-89a1-63f868146ba7,c4,DROP,441,?,x5,
1769748937.529696,FORWARDED,23a04d92-30fc-49e8-a6f2-a485934a1d77,7808460d-30cb-42ce-89a1-63f868146ba7,c4,DROP,441,?,x5,
1769748937.5666692,RECEIVED,877cc439-3b79-457a-9a55-30acac01524e,dd2aeb01-1504-4494-a528-5f383763832d,c5,DROP,442,x11,?,
1769748937.620689,SENT,55517bb1-2afc-41a1-bf26-402125c7c94d,36c4e457-ec74-4b3b-88dd-b5d185d444e6,c4,DROP,446,?,e10,
1769748937.620729,FORWARDED,55517bb1-2afc-41a1-bf26-402125c7c94d,36c4e457-ec74-4b3b-88dd-b5d185d444e6,c4,DROP,446,?,e10,
1769748937.6404605,FORWARDED,055180c5-674f-4a95-baf0-fd45a57d8c57,ddbcf112-f2c0-44e7-aba9-88b8866f7bd1,c3,DROP,442,?,i1,
1769748937.6452754,RECEIVED,b6d0f8e3-90bb-4ebd-900a-f74711b9784f,5cddc348-6459-45e4-a7f3-2833abb4cc2e,c4,DROP,441,x3,?,
1769748937.6638258,SENT,4247d2fe-fdb7-4450-b2a1-5b72028b3eb8,972c5393-449e-497d-bf16-475089323288,c3,DROP,442,?,e1,
1769748937.6638658,FORWARDED,4247d2fe-fdb7-4450-b2a1-5b72028b3eb8,972c5393-449e-497d-bf16-475089323288,c3,DROP,442,?,e1,
1769748938.1282964,RECEIVED,ec29807b-138e-4c6e-91a5-e595c8a5ea3c,f0f81d68-f4bc-4c2f-851b-49da149d351f,c5,c3,1260,i6,?,
1769748938.378183,SENT,ec29807b-138e-4c6e-91a5-e595c8a5ea3c,f0f81d68-f4bc-4c2f-851b-49da149d351f,c5,c3,871,?,p3,
1769748938.378225,FORWARDED,ec29807b-138e-4c6e-91a5-e595c8a5ea3c,f0f81d68-f4bc-4c2f-851b-49da149d351f,c5,c3,871,?,p3,
1769748938.3951795,RECEIVED,5c039051-e927-41b2-8fd2-db68d502aa01,85055046-0c89-4360-87bf-a29dae2bc7df,c5,None,1125,i7,?,
1769748938.47098,RECEIVED,17143194-156f-48c4-b0db-046dab058694,3f485e1a-184d-434a-a0ef-e1838ce0bd7b,c1,c5,1263,i11,?,
1769748938.4799929,SENT,5c039051-e927-41b2-8fd2-db68d502aa01,85055046-0c89-4360-87bf-a29dae2bc7df,c5,None,771,?,p1,
1769748938.4801457,FORWARDED,5c039051-e927-41b2-8fd2-db68d502aa01,85055046-0c89-4360-87bf-a29dae2bc7df,c5,None,771,?,p1,
1769748938.7461286,RECEIVED,2b61dd65-f3b4-4d0b-b193-6a0043f5bfd3,14f21b9f-b347-4f33-8805-9f383c28fa2b,c5,DROP,684,i9,?,
1769748938.8262467,RECEIVED,c491ce8c-3ccd-4717-87bb-519e748b7505,a324dfdc-b349-4af0-b063-b6b8c1a05ae4,c4,c1,1311,i5,?,
1769748938.9257095,SENT,17143194-156f-48c4-b0db-046dab058694,3f485e1a-184d-434a-a0ef-e1838ce0bd7b,c1,c5,876,?,p2,
1769748938.9257498,FORWARDED,17143194-156f-48c4-b0db-046dab058694,3f485e1a-184d-434a-a0ef-e1838ce0bd7b,c1,c5,876,?,p2,
1769748938.9642837,RECEIVED,2059b617-e9c7-4931-ba44-e637272a2a22,dcf909af-1ae4-4fe5-ac05-8f6075f1a01e,c4,DROP,683,i6,?,
1769748939.0277677,SENT,2b61dd65-f3b4-4d0b-b193-6a0043f5bfd3,14f21b9f-b347-4f33-8805-9f383c28fa2b,c5,DROP,441,?,i11,
1769748939.0278082,FORWARDED,2b61dd65-f3b4-4d0b-b193-6a0043f5bfd3,14f21b9f-b347-4f33-8805-9f383c28fa2b,c5,DROP,441,?,i11,
1769748939.0344284,RECEIVED,1d3427d5-040d-4dd3-b3e9-e94b793f8677,0ef52ddf-8060-4b35-9b1e-3bbb31adda05,c1,c5,1312,i8,?,
1769748939.2266142,RECEIVED,21022d17-842a-4a7a-adbd-81830bc70277,6ebc1758-e4eb-47ea-9432-e74b9a438166,c1,DROP,687,i5,?,
1769748939.2497122,RECEIVED,c37b1766-50c5-45c0-8821-522b8841b25b,4d10c6a6-8028-43f0-9a22-d4c93510f360,c4,DROP,441,x3,?,
1769748939.2701492,SENT,c491ce8c-3ccd-4717-87bb-519e748b7505,a324dfdc-b349-4af0-b063-b6b8c1a05ae4,c4,c1,911,?,p1,
1769748939.2701862,FORWARDED,c491ce8c-3ccd-4717-87bb-519e748b7505,a324dfdc-b349-4af0-b063-b6b8c1a05ae4,c4,c1,911,?,p1,
1769748939.3736694,SENT,1d3427d5-040d-4dd3-b3e9-e94b793f8677,0ef52ddf-8060-4b35-9b1e-3bbb31adda05,c1,c5,912,?,p2,
1769748939.373712,FORWARDED,1d3427d5-040d-4dd3-b3e9-e94b793f8677,0ef52ddf-8060-4b35-9b1e-3bbb31adda05,c1,c5,912,?,p2,
1769748939.5021815,RECEIVED,88d4baee-57b9-4713-b0b6-d4f6101ddb41,1bc84e3a-6fb4-4ffb-b044-d7b8a12fc126,c4,DROP,442,x12,?,
1769748939.6475785,RECEIVED,00d18b89-4955-4264-a491-167b6727609d,c70b44c1-c800-46a0-8236-4a3b2262c9fa,c2,None,1124,i4,?,
1769748939.65392,RECEIVED,d564a5df-2282-4e56-80a4-310614f7daaa,c95dab74-4e28-4c4d-a95b-46c97688972f,c1,DROP,688,i12,?,
1769748939.7972622,RECEIVED,8ae6a342-50e0-492a-8635-6d90c5d9ed03,1640331a-3a82-4890-b0c2-3ff2ce4a0d35,c1,DROP,686,i5,?,
1769748939.8557217,SENT,8ae6a342-50e0-492a-8635-6d90c5d9ed03,1640331a-3a82-4890-b0c2-3ff2ce4a0d35,c1,DROP,442,?,x7,
1769748939.8557608,FORWARDED,8ae6a342-50e0-492a-8635-6d90c5d9ed03,1640331a-3a82-4890-b0c2-3ff2ce4a0d35,c1,DROP,442,?,x7,
1769748939.875654,RECEIVED,68cc1b2f-deb9-4d4a-a32f-8d958c3c1646,64ab2fcc-a5eb-41bc-a1e4-e7a5a33de426,c4,c1,1311,i12,?,
1769748939.8812919,RECEIVED,b88f06ec-9a21-4955-b702-b977d0a39e47,8e17aeff-47c7-4ecb-b989-1b85e6037cb7,c3,DROP,683,i2,?,
1769748939.8940423,SENT,00d18b89-4955-4264-a491-167b6727609d,c70b44c1-c800-46a0-8236-4a3b2262c9fa,c2,None,771,?,p3,
1769748939.8940933,FORWARDED,00d18b89-4955-4264-a491-167b6727609d,c70b44c1-c800-46a0-8236-4a3b2262c9fa,c2,None,771,?,p3,
1769748939.943155,SENT,d564a5df-2282-4e56-80a4-310614f7daaa,c95dab74-4e28-4c4d-a95b-46c97688972f,c1,DROP,442,?,e9,
1769748939.9431956,FORWARDED,d564a5df-2282-4e56-80a4-310614f7daaa,c95dab74-4e28-4c4d-a95b-46c97688972f,c1,DROP,442,?,e9,
1769748939.974653,RECEIVED,bc2d9eaf-7e57-4049-a8cd-16a892193b3b,c52a0181-f181-40e8-b05f-b1be009526fe,c4,c1,1311,i1,?,
1769748940.0145807,RECEIVED,4a283995-d445-4d74-a248-b51a5bc9602c,e2d353f9-5df3-4902-8bf3-2a475d356b8f,c5,None,1123,i7,?,
1769748940.1046166,RECEIVED,4de585e7-7568-458f-b29a-66e0d80b9b24,882e6d1c-01fd-4769-9de6-02893ef73b22,c2,DROP,693,i10,?,
1769748940.1251733,RECEIVED,0bc695ac-a78f-4c21-82d7-c2014f6b0cc7,658f4b82-7e1e-4b77-9991-06bd765e9cbf,c2,DROP,692,i9,?,
1769748940.2113576,SENT,4de585e7-7568-458f-b29a-66e0d80b9b24,882e6d1c-01fd-4769-9de6-02893ef73b22,c2,DROP,445,?,e10,
1769748940.211401,FORWARDED,4de585e7-7568-458f-b29a-66e0d80b9b24,882e6d1c-01fd-4769-9de6-02893ef73b22,c2,DROP,445,?,e10,
1769748940.2962227,RECEIVED,58793782-62a9-41cd-9310-693b7c95a19f,4036c5a5-3822-42b7-9e24-186445a43f90,c5,c3,1259,i9,?,
1769748940.3016899,SENT,4a283995-d445-4d74-a248-b51a5bc9602c,e2d353f9-5df3-4902-8bf3-2a475d356b8f,c5,None,771,?,p1,
1769748940.3017268,FORWARDED,4a283995-d445-4d74-a248-b51a5bc9602c,e2d353f9-5df3-4902-8bf3-2a475d356b8f,c5,None,771,?,p1,
1769748940.4504304,RECEIVED,f6fcf906-e137-4173-aecc-c3f7508aeb80,3a408fef-6b56-4520-a526-2b273874b277,c5,None,1136,i12,?,
1769748940.4812064,SENT,68cc1b2f-deb9-4d4a-a32f-8d958c3c1646,64ab2fcc-a5eb-41bc-a1e4-e7a5a33de426,c4,c1,912,?,p1,
1769748940.481241,FORWARDED,68cc1b2f-deb9-4d4a-a32f-8d958c3c1646,64ab2fcc-a5eb-41bc-a1e4-e7a5a33de426,c4,c1,912,?,p1,
1769748940.5166206,SENT,f6fcf906-e137-4173-aecc-c3f7508aeb80,3a408fef-6b56-4520-a526-2b273874b277,c5,None,779,?,p1,
1769748940.516661,FORWARDED,f6fcf906-e137-4173-aecc-c3f7508aeb80,3a408fef-6b56-4520-a526-2b273874b277,c5,None,779,?,p1,
1769748940.5369298,SENT,2059b617-e9c7-4931-ba44-e637272a2a22,dcf909af-1ae4-4fe5-ac05-8f6075f1a01e,c4,DROP,441,?,x2,
1769748940.5369713,FORWARDED,2059b617-e9c7-4931-ba44-e637272a2a22,dcf909af-1ae4-4fe5-ac05-8f6075f1a01e,c4,DROP,441,?,x2,
1769748940.6184728,RECEIVED,c1ef02a3-b4a2-4918-844e-e0e54d33d690,9496d416-1e14-4407-bb57-8f8200596e7a,c5,DROP,440,x5,?,
1769748940.6305954,SENT,b88f06ec-9a21-4955-b702-b977d0a39e47,8e17aeff-47c7-4ecb-b989-1b85e6037cb7,c3,DROP,441,?,x2,
1769748940.6306367,FORWARDED,b88f06ec-9a21-4955-b702-b977d0a39e47,8e17aeff-47c7-4ecb-b989-1b85e6037cb7,c3,DROP,441,?,x2,
1769748940.673893,SENT,bc2d9eaf-7e57-4049-a8cd-16a892193b3b,c52a0181-f181-40e8-b05f-b1be009526fe,c4,c1,910,?,p1,
1769748940.6739304,FORWARDED,bc2d9eaf-7e57-4049-a8cd-16a892193b3b,c52a0181-f181-40e8-b05f-b1be009526fe,c4,c1,910,?,p1,
1769748940.6946886,SENT,0bc695ac-a78f-4c21-82d7-c2014f6b0cc7,658f4b82-7e1e-4b77-9991-06bd765e9cbf,c2,DROP,446,?,e10,
1769748940.6947234,FORWARDED,0bc695ac-a78f-4c21-82d7-c2014f6b0cc7,658f4b82-7e1e-4b77-9991-06bd765e9cbf,c2,DROP,446,?,e10,
1769748940.7009404,SENT,21022d17-842a-4a7a-adbd-81830bc70277,6ebc1758-e4eb-47ea-9432-e74b9a438166,c1,DROP,442,?,x9,
1769748940.7009795,FORWARDED,21022d17-842a-4a7a-adbd-81830bc70277,6ebc1758-e4eb-47ea-9432-e74b9a438166,c1,DROP,442,?,x9,
1769748940.7190964,RECEIVED,b43a826e-a3f5-420b-a53c-81023acd035f,409e3c63-018f-4bbb-bc12-8803b711e8e7,c1,DROP,687,i7,?,
1769748940.8059285,RECEIVED,91185a56-6ee6-44a8-ada2-6ba6a5449f32,60329097-dd09-41d3-8bec-e50607a2be92,c2,DROP,446,x6,?,
1769748940.833787,RECEIVED,79f7ee3e-f56a-483e-a1f2-92ff0663b886,4d61f955-8e70-4aae-995c-84465ed86c10,c1,c5,1312,i4,?,
1769748940.835164,RECEIVED,29d90a5a-d89c-4788-8fb1-e332b3bbdc7b,593f9495-0be7-43f3-909d-c042f5c5aec9,c2,DROP,684,i1,?,
1769748940.869194,RECEIVED,5c959d8e-ccdb-4670-a27a-0671335a634b,7c7e2ffc-833c-455f-b8f4-52c5afba421e,c3,DROP,687,i5,?,
1769748940.8833592,RECEIVED,db3a64cc-fe83-42c6-bfaa-e1e6c9e5f969,f8594468-58da-45cb-9634-7b1f78abea1c,c2,DROP,683,i12,?,
1769748941.0856278,SENT,79f7ee3e-f56a-483e-a1f2-92ff0663b886,4d61f955-8e70-4aae-995c-84465ed86c10,c1,c5,912,?,p2,
1769748941.0856686,FORWARDED,79f7ee3e-f56a-483e-a1f2-92ff0663b886,4d61f955-8e70-4aae-995c-84465ed86c10,c1,c5,912,?,p2,
1769748941.1165564,SENT,29d90a5a-d89c-4788-8fb1-e332b3bbdc7b,593f9495-0be7-43f3-909d-c042f5c5aec9,c2,DROP,441,?,e9,
1769748941.1165986,FORWARDED,29d90a5a-d89c-4788-8fb1-e332b3bbdc7b,593f9495-0be7-43f3-909d-c042f5c5aec9,c2,DROP,441,?,e9,
1769748941.1394112,SENT,58793782-62a9-41cd-9310-693b7c95a19f,4036c5a5-3822-42b7-9e24-186445a43f90,c5,c3,872,?,p3,
1769748941.1394584,FORWARDED,58793782-62a9-41cd-9310-693b7c95a19f,4036c5a5-3822-42b7-9e24-186445a43f90,c5,c3,872,?,p3,
1769748941.2165298,RECEIVED,564690da-e908-4658-919a-e4959c1e08f4,6f55e4d4-9687-4a84-b167-3095591232c7,c3,DROP,687,i11,?,
1769748941.2323143,SENT,b43a826e-a3f5-420b-a53c-81023acd035f,409e3c63-018f-4bbb-bc12-8803b711e8e7,c1,DROP,442,?,x1,
1769748941.232364,FORWARDED,b43a826e-a3f5-420b-a53c-81023acd035f,409e3c63-018f-4bbb-bc12-8803b711e8e7,c1,DROP,442,?,x1,
1769748941.522983,SENT,db3a64cc-fe83-42c6-bfaa-e1e6c9e5f969,f8594468-58da-45cb-9634-7b1f78abea1c,c2,DROP,441,?,x4,
1769748941.5236273,FORWARDED,db3a64cc-fe83-42c6-bfaa-e1e6c9e5f969,f8594468-58da-45cb-9634-7b1f78abea1c,c2,DROP,441,?,x4,
1769748941.6261077,SENT,5c959d8e-ccdb-4670-a27a-0671335a634b,7c7e2ffc-833c-455f-b8f4-52c5afba421e,c3,DROP,442,?,i3,
1769748941.626143,FORWARDED,5c959d8e-ccdb-4670-a27a-0671335a634b,7c7e2ffc-833c-455f-b8f4-52c5afba421e,c3,DROP,442,?,i3,
1769748941.6305878,SENT,564690da-e908-4658-919a-e4959c1e08f4,6f55e4d4-9687-4a84-b167-3095591232c7,c3,DROP,442,?,i9,
1769748941.6306283,FORWARDED,564690da-e908-4658-919a-e4959c1e08f4,6f55e4d4-9687-4a84-b167-3095591232c7,c3,DROP,442,?,i9,
1769748941.8261228,RECEIVED,33b89484-507c-46d9-b734-fa7a599e8463,1d6ffe28-a1c3-48e2-85bf-2fab70271c22,c2,DROP,683,i3,?,
1769748941.9259012,RECEIVED,46fd115d-1479-4923-b4c4-a51ba03b83d6,9cd3992f-2db8-4add-9f6b-f3abe0f29cd6,c3,None,1124,i1,?,
1769748941.9707181,RECEIVED,505fab7a-e42e-4dd6-ab3f-1cf071084867,41500b1c-8a8e-4d9d-ad8f-2421d7583ad3,c5,c3,1253,i8,?,
1769748942.0401928,SENT,505fab7a-e42e-4dd6-ab3f-1cf071084867,41500b1c-8a8e-4d9d-ad8f-2421d7583ad3,c5,c3,866,?,p3,
1769748942.0402343,FORWARDED,505fab7a-e42e-4dd6-ab3f-1cf071084867,41500b1c-8a8e-4d9d-ad8f-2421d7583ad3,c5,c3,866,?,p3,
1769748942.2007058,SENT,46fd115d-1479-4923-b4c4-a51ba03b83d6,9cd3992f-2db8-4add-9f6b-f3abe0f29cd6,c3,None,771,?,p2,
1769748942.2017438,FORWARDED,46fd115d-1479-4923-b4c4-a51ba03b83d6,9cd3992f-2db8-4add-9f6b-f3abe0f29cd6,c3,None,771,?,p2,
1769748942.2237952,RECEIVED,114253ff-1db4-4e8f-af65-073310338cd7,46aab5ce-c221-4a96-8e7c-4bb3148229d7,c5,c3,1319,i4,?,
1769748942.344843,RECEIVED,58c404cd-0138-4f0b-aa15-1bfadce6d5e3,dad8c773-0acc-40b6-a080-d88df6b4095f,c3,c2,1313,i3,?,
1769748942.374439,RECEIVED,243740fc-2428-4053-a440-8d6642bc9c12,365d818a-b793-4e26-8bbf-715d689ef3ae,c3,None,1133,i1,?,
1769748942.407622,SENT,58c404cd-0138-4f0b-aa15-1bfadce6d5e3,dad8c773-0acc-40b6-a080-d88df6b4095f,c3,c2,911,?,p2,
1769748942.4076724,FORWARDED,58c404cd-0138-4f0b-aa15-1bfadce6d5e3,dad8c773-0acc-40b6-a080-d88df6b4095f,c3,c2,911,?,p2,
1769748942.4151657,SENT,243740fc-2428-4053-a440-8d6642bc9c12,365d818a-b793-4e26-8bbf-715d689ef3ae,c3,None,775,?,p2,
1769748942.4152148,FORWARDED,243740fc-2428-4053-a440-8d6642bc9c12,365d818a-b793-4e26-8bbf-715d689ef3ae,c3,None,775,?,p2,
1769748942.5060098,SENT,33b89484-507c-46d9-b734-fa7a599e8463,1d6ffe28-a1c3-48e2-85bf-2fab70271c22,c2,DROP,440,?,e7,
1769748942.5061436,FORWARDED,33b89484-507c-46d9-b734-fa7a599e8463,1d6ffe28-a1c3-48e2-85bf-2fab70271c22,c2,DROP,440,?,e7,
1769748942.5135164,RECEIVED,74507faf-eebe-4d10-9318-a38129e6297a,7ba1514d-efe2-48c4-aad6-b422552a0409,c5,DROP,687,i8,?,
1769748942.739701,SENT,74507faf-eebe-4d10-9318-a38129e6297a,7ba1514d-efe2-48c4-aad6-b422552a0409,c5,DROP,443,?,x4,
1769748942.7397418,FORWARDED,74507faf-eebe-4d10-9318-a38129e6297a,7ba1514d-efe2-48c4-aad6-b422552a0409,c5,DROP,443,?,x4,
1769748942.8662486,RECEIVED,5e76d982-d711-417a-8008-44c931db9b58,73c3efa4-f68b-4199-9a35-62e69700c1d6,c1,None,1131,i6,?,
1769748942.9272954,RECEIVED,2fbbf2a7-aa0d-4890-aebe-ac698d08037c,f3f7ea2b-f9df-4efe-af59-324542d46685,c3,None,1124,i2,?,
1769748943.0713468,SENT,2fbbf2a7-aa0d-4890-aebe-ac698d08037c,f3f7ea2b-f9df-4efe-af59-324542d46685,c3,None,771,?,p2,
1769748943.0713854,FORWARDED,2fbbf2a7-aa0d-4890-aebe-ac698d08037c,f3f7ea2b-f9df-4efe-af59-324542d46685,c3,None,771,?,p2,
1769748943.2482271,RECEIVED,21ffa56c-d431-4564-8203-5b656b1df9cb,2a178ac3-b540-4198-b4c8-5f2d1930c6fb,c2,DROP,684,i12,?,
1769748943.339589,RECEIVED,2bb4210a-33af-4f73-b608-95d1969ada8c,c74af957-282e-4a81-8ede-89ea8eb0a82f,c4,c1,1319,i4,?,
1769748943.368025,SENT,21ffa56c-d431-4564-8203-5b656b1df9cb,2a178ac3-b540-4198-b4c8-5f2d1930c6fb,c2,DROP,441,?,x3,
1769748943.3680842,FORWARDED,21ffa56c-d431-4564-8203-5b656b1df9cb,2a178ac3-b540-4198-b4c8-5f2d1930c6fb,c2,DROP,441,?,x3,
1769748943.4162643,RECEIVED,7492cc25-b1e3-4196-a0ec-4b8853287cc3,9f6271dd-0501-4de9-988d-f269ee3db221,c4,DROP,683,i3,?,
1769748943.4168618,SENT,114253ff-1db4-4e8f-af65-073310338cd7,46aab5ce-c221-4a96-8e7c-4bb3148229d7,c5,c3,916,?,p3,
1769748943.4168935,FORWARDED,114253ff-1db4-4e8f-af65-073310338cd7,46aab5ce-c221-4a96-8e7c-4bb3148229d7,c5,c3,916,?,p3,
1769748943.426863,RECEIVED,1ed4f6f1-d387-4da2-b554-8b350086d1e1,031cbfca-8384-4612-b267-af78083c7f86,c2,DROP,682,i8,?,
1769748943.4522598,RECEIVED,2ed4fce4-9a6d-4c2d-bc5d-eb4baa784089,5fd3ae63-429c-406a-809d-a9c5eb7c52b9,c3,None,1131,i2,?,
1769748943.5812793,RECEIVED,3c0bc735-059d-46f7-b09a-f8d9f310a55d,c75db6f2-6007-4337-b94e-d0c768431512,c2,c3,1255,i12,?,
1769748943.6221707,RECEIVED,682ae76f-0df5-4bf9-b9b8-28d5b19b70c3,b1de0956-9823-48db-bb90-1bf689511b8a,c4,c1,1311,i5,?,
1769748943.6939294,SENT,7492cc25-b1e3-4196-a0ec-4b8853287cc3,9f6271dd-0501-4de9-988d-f269ee3db221,c4,DROP,441,?,x1,
1769748943.6946678,FORWARDED,7492cc25-b1e3-4196-a0ec-4b8853287cc3,9f6271dd-0501-4de9-988d-f269ee3db221,c4,DROP,441,?,x1,
1769748943.8407154,SENT,5e76d982-d711-417a-8008-44c931db9b58,73c3efa4-f68b-4199-9a35-62e69700c1d6,c1,None,775,?,p1,
1769748943.840757,FORWARDED,5e76d982-d711-417a-8008-44c931db9b58,73c3efa4-f68b-4199-9a35-62e69700c1d6,c1,None,775,?,p1,
1769748943.9064374,SENT,2ed4fce4-9a6d-4c2d-bc5d-eb4baa784089,5fd3ae63-429c-406a-809d-a9c5eb7c52b9,c3,None,775,?,p2,
1769748943.9064753,FORWARDED,2ed4fce4-9a6d-4c2d-bc5d-eb4baa784089,5fd3ae63-429c-406a-809d-a9c5eb7c52b9,c3,None,775,?,p2,
1769748943.9084918,SENT,682ae76f-0df5-4bf9-b9b8-28d5b19b70c3,b1de0956-9823-48db-bb90-1bf689511b8a,c4,c1,912,?,p1,
1769748943.908529,FORWARDED,682ae76f-0df5-4bf9-b9b8-28d5b19b70c3,b1de0956-9823-48db-bb90-1bf689511b8a,c4,c1,912,?,p1,
1769748944.2002501,SENT,3c0bc735-059d-46f7-b09a-f8d9f310a55d,c75db6f2-6007-4337-b94e-d0c768431512,c2,c3,869,?,p3,
1769748944.200289,FORWARDED,3c0bc735-059d-46f7-b09a-f8d9f310a55d,c75db6f2-6007-4337-b94e-d0c768431512,c2,c3,869,?,p3,
1769748944.437568,SENT,1ed4f6f1-d387-4da2-b554-8b350086d1e1,031cbfca-8384-4612-b267-af78083c7f86,c2,DROP,441,?,x5,
1769748944.4376082,FORWARDED,1ed4f6f1-d387-4da2-b554-8b350086d1e1,031cbfca-8384-4612-b267-af78083c7f86,c2,DROP,441,?,x5,
1769748944.5149245,RECEIVED,eea554ec-21cf-4afe-b173-25267ead57ff,9207a2fe-c6d3-4029-aca3-2ea5910c0f1b,c1,c5,1260,i11,?,
1769748944.582591,RECEIVED,cb2d04ec-59ce-46be-8c49-70d4d5e69563,71ed2c9a-4b8c-4d08-9091-9d85d7c89664,c3,DROP,442,x12,?,
1769748944.676455,RECEIVED,adfc7461-d9fd-4556-81aa-f012076734e0,0c1521c3-3ab6-4877-9a42-d743d82f9899,c4,DROP,440,x3,?,
1769748944.757098,SENT,2bb4210a-33af-4f73-b608-95d1969ada8c,c74af957-282e-4a81-8ede-89ea8eb0a82f,c4,c1,916,?,p1,
1769748944.7571328,FORWARDED,2bb4210a-33af-4f73-b608-95d1969ada8c,c74af957-282e-4a81-8ede-89ea8eb0a82f,c4,c1,916,?,p1,
1769748944.83201,RECEIVED,97349084-3214-44bd-b19c-cf6346592169,821e2a44-926c-4ab3-95ee-14548357775d,c1,None,1127,i7,?,
1769748944.8411431,SENT,eea554ec-21cf-4afe-b173-25267ead57ff,9207a2fe-c6d3-4029-aca3-2ea5910c0f1b,c1,c5,871,?,p2,
1769748944.8411918,FORWARDED,eea554ec-21cf-4afe-b173-25267ead57ff,9207a2fe-c6d3-4029-aca3-2ea5910c0f1b,c1,c5,871,?,p2,
1769748945.1370153,RECEIVED,5dc135ed-79ad-4c1d-a5ed-f17739ec7533,4137648a-f369-4c4b-be45-ac30f153ba1e,c5,DROP,683,i10,?,
1769748945.1664603,RECEIVED,3ea52b9b-775f-4e22-8b40-b66b4ff1269e,c76df098-15aa-4b13-89fe-b85e88047daf,c1,None,1128,i6,?,
1769748945.1826282,RECEIVED,6e8960a3-f4b0-40cb-b6db-c20cefd2d8a9,1d543219-85be-4c54-8b0c-0b445c34609b,c5,c3,1253,i8,?,
1769748945.248258,SENT,6e8960a3-f4b0-40cb-b6db-c20cefd2d8a9,1d543219-85be-4c54-8b0c-0b445c34609b,c5,c3,867,?,p3,
1769748945.2482984,FORWARDED,6e8960a3-f4b0-40cb-b6db-c20cefd2d8a9,1d543219-85be-4c54-8b0c-0b445c34609b,c5,c3,867,?,p3,
1769748945.254588,RECEIVED,98bac6cf-320c-4882-8b42-00e5a07d6c8d,fa1ddfcd-08d9-4303-bfa6-71bf19720cb0,c5,DROP,688,i5,?,
1769748945.411828,RECEIVED,7e00dfbc-3c01-4a17-8192-f4ffe5e8f665,a28d1eb6-3a6b-48a6-82e7-2d216f8126c5,c3,None,1131,i1,?,
1769748945.4302442,RECEIVED,3fe3e744-89b9-499f-8f9e-606253ff6b07,c08bd1ec-a439-4733-b863-025f02175a9b,c5,DROP,442,x10,?,
1769748945.5849538,SENT,7e00dfbc-3c01-4a17-8192-f4ffe5e8f665,a28d1eb6-3a6b-48a6-82e7-2d216f8126c5,c3,None,775,?,p2,
1769748945.585108,FORWARDED,7e00dfbc-3c01-4a17-8192-f4ffe5e8f665,a28d1eb6-3a6b-48a6-82e7-2d216f8126c5,c3,None,775,?,p2,
1769748945.6287398,SENT,3ea52b9b-775f-4e22-8b40-b66b4ff1269e,c76df098-15aa-4b13-89fe-b85e88047daf,c1,None,772,?,p1,
1769748945.6291769,FORWARDED,3ea52b9b-775f-4e22-8b40-b66b4ff1269e,c76df098-15aa-4b13-89fe-b85e88047daf,c1,None,772,?,p1,
1769748945.687498,RECEIVED,04e0d3dc-cf07-4183-86ea-8bd422c795a0,5f8b9045-2f13-4ee9-ae18-a2cf14a3d7bf,c2,None,1133,i9,?,
1769748945.7025073,RECEIVED,4b809acb-d63b-4d76-9d70-6762d2f1f42e,68217b40-e27c-4e77-b679-6c9acf6706be,c3,DROP,692,i10,?,
1769748945.7216537,RECEIVED,4ffb2001-aeaa-4b4e-8a89-3f372fa3b0d7,d3b65404-0368-42a0-a7f2-ba28a680fd4f,c1,None,1123,i1,?,
1769748945.7221053,SENT,5dc135ed-79ad-4c1d-a5ed-f17739ec7533,4137648a-f369-4c4b-be45-ac30f153ba1e,c5,DROP,440,?,e9,
1769748945.7221444,FORWARDED,5dc135ed-79ad-4c1d-a5ed-f17739ec7533,4137648a-f369-4c4b-be45-ac30f153ba1e,c5,DROP,440,?,e9,
1769748945.7366178,SENT,97349084-3214-44bd-b19c-cf6346592169,821e2a44-926c-4ab3-95ee-14548357775d,c1,None,772,?,p1,
1769748945.736659,FORWARDED,97349084-3214-44bd-b19c-cf6346592169,821e2a44-926c-4ab3-95ee-14548357775d,c1,None,772,?,p1,
1769748945.7409055,SENT,04e0d3dc-cf07-4183-86ea-8bd422c795a0,5f8b9045-2f13-4ee9-ae18-a2cf14a3d7bf,c2,None,775,?,p3,
1769748945.740947,FORWARDED,04e0d3dc-cf07-4183-86ea-8bd422c795a0,5f8b9045-2f13-4ee9-ae18-a2cf14a3d7bf,c2,None,775,?,p3,
1769748945.7823787,SENT,4b809acb-d63b-4d76-9d70-6762d2f1f42e,68217b40-e27c-4e77-b679-6c9acf6706be,c3,DROP,446,?,i6,
1769748945.7824183,FORWARDED,4b809acb-d63b-4d76-9d70-6762d2f1f42e,68217b40-e27c-4e77-b679-6c9acf6706be,c3,DROP,446,?,i6,
1769748945.811439,RECEIVED,5dbd68e4-6fbe-4d81-8613-446c952cebc5,9589808f-7a5f-4fb5-a0ff-e94869dd479e,c4,DROP,438,x4,?,
1769748945.8278115,RECEIVED,1b9ce748-4766-43a2-b6da-484ab3daf762,50893ab7-5ed8-4161-aaf8-bc443efd0611,c3,None,1119,i1,?,
1769748945.864926,SENT,98bac6cf-320c-4882-8b42-00e5a07d6c8d,fa1ddfcd-08d9-4303-bfa6-71bf19720cb0,c5,DROP,442,?,i12,
1769748945.8649666,FORWARDED,98bac6cf-320c-4882-8b42-00e5a07d6c8d,fa1ddfcd-08d9-4303-bfa6-71bf19720cb0,c5,DROP,442,?,i12,
1769748945.9706516,RECEIVED,816e1373-1d76-43e5-ab7d-7cc88a04fdd0,972a9518-c374-4e38-9b98-4dc950a5e574,c4,DROP,684,i7,?,
1769748946.1495073,SENT,816e1373-1d76-43e5-ab7d-7cc88a04fdd0,972a9518-c374-4e38-9b98-4dc950a5e574,c4,DROP,441,?,x10,
1769748946.149545,FORWARDED,816e1373-1d76-43e5-ab7d-7cc88a04fdd0,972a9518-c374-4e38-9b98-4dc950a5e574,c4,DROP,441,?,x10,
1769748946.1808717,RECEIVED,8203e8de-2a89-4749-b5c2-65cfcb851cfe,a29b7207-a442-445f-b08b-60e8a7b1aadf,c2,c3,1255,i5,?,
1769748946.1947033,RECEIVED,3bdd5b25-32d4-49b9-a4a6-123d4868bf69,6ad7d7ec-40bf-4433-9da6-84e8efe58052,c4,c1,1254,i12,?,
1769748946.2346177,RECEIVED,57354db9-5589-4d20-988b-27d784b835e4,f64dad62-06f0-475e-8385-265803c18025,c2,DROP,687,i2,?,
1769748946.2888663,SENT,1b9ce748-4766-43a2-b6da-484ab3daf762,50893ab7-5ed8-4161-aaf8-bc443efd0611,c3,None,768,?,p2,
1769748946.2889194,FORWARDED,1b9ce748-4766-43a2-b6da-484ab3daf762,50893ab7-5ed8-4161-aaf8-bc443efd0611,c3,None,768,?,p2,
1769748946.373987,RECEIVED,10974275-383d-4bbe-8b7e-b907c6d30b01,1e46803a-0a75-4462-a824-8fa4f75c07b7,c4,DROP,684,i4,?,
1769748946.440116,RECEIVED,8badda6b-76b2-4299-9cfe-93b3215a79c9,c5eac072-97da-43c0-bb2c-273b9cd2696b,c2,DROP,446,x6,?,
1769748946.5575266,SENT,10974275-383d-4bbe-8b7e-b907c6d30b01,1e46803a-0a75-4462-a824-8fa4f75c07b7,c4,DROP,441,?,e2,
1769748946.5575678,FORWARDED,10974275-383d-4bbe-8b7e-b907c6d30b01,1e46803a-0a75-4462-a824-8fa4f75c07b7,c4,DROP,441,?,e2,
1769748946.7235582,SENT,3bdd5b25-32d4-49b9-a4a6-123d4868bf69,6ad7d7ec-40bf-4433-9da6-84e8efe58052,c4,c1,868,?,p1,
1769748946.7235997,FORWARDED,3bdd5b25-32d4-49b9-a4a6-123d4868bf69,6ad7d7ec-40bf-4433-9da6-84e8efe58052,c4,c1,868,?,p1,
1769748946.8013084,SENT,4ffb2001-aeaa-4b4e-8a89-3f372fa3b0d7,d3b65404-0368-42a0-a7f2-ba28a680fd4f,c1,None,771,?,p1,
1769748946.8013477,FORWARDED,4ffb2001-aeaa-4b4e-8a89-3f372fa3b0d7,d3b65404-0368-42a0-a7f2-ba28a680fd4f,c1,None,771,?,p1,
1769748946.8555279,RECEIVED,23a68d94-de69-4ec7-98c0-2f7c035a882b,b0c1e99f-ad22-4b6c-a4fb-35a24b34c885,c2,DROP,688,i11,?,
1769748946.9128716,SENT,8203e8de-2a89-4749-b5c2-65cfcb851cfe,a29b7207-a442-445f-b08b-60e8a7b1aadf,c2,c3,870,?,p3,
1769748946.9129143,FORWARDED,8203e8de-2a89-4749-b5c2-65cfcb851cfe,a29b7207-a442-445f-b08b-60e8a7b1aadf,c2,c3,870,?,p3,
1769748946.9347649,RECEIVED,bfc361ac-c84b-4184-a434-307d9fc059f1,0cb6539b-d536-438f-8cac-f423cfde728a,c3,DROP,688,i10,?,
1769748946.9850361,RECEIVED,012726d6-6289-44b1-8d3c-e35f6e46602a,859a6cce-f995-43fd-bfb1-c5dba52b91c1,c1,None,1132,i1,?,
1769748947.0371804,RECEIVED,c13c38e9-37d2-4e6b-8adc-49f187253ad1,5b5cdb80-bbf7-4e28-a711-ce13e1b994a0,c1,None,1128,i2,?,
1769748947.0685413,SENT,bfc361ac-c84b-4184-a434-307d9fc059f1,0cb6539b-d536-438f-8cac-f423cfde728a,c3,DROP,442,?,i7,
1769748947.0685797,FORWARDED,bfc361ac-c84b-4184-a434-307d9fc059f1,0cb6539b-d536-438f-8cac-f423cfde728a,c3,DROP,442,?,i7,
1769748947.0958714,RECEIVED,527842dc-b0b0-4519-999d-78a6eaf0d119,3f85a277-f4c9-4e35-bbbb-f0e06286d291,c4,DROP,687,i11,?,
1769748947.1544204,RECEIVED,8a81685b-185c-4643-8eb1-85d72bf038bf,7a0b1fd6-ee52-4d2d-9c0d-2b872eb71707,c5,c3,1317,i4,?,
1769748947.162021,RECEIVED,a794ec3a-ea0d-42da-9ba1-52d0b136d920,560b2603-43fc-4152-872e-08dc0fc2cd00,c3,DROP,691,i11,?,
1769748947.213233,SENT,8a81685b-185c-4643-8eb1-85d72bf038bf,7a0b1fd6-ee52-4d2d-9c0d-2b872eb71707,c5,c3,915,?,p3,
1769748947.2132704,FORWARDED,8a81685b-185c-4643-8eb1-85d72bf038bf,7a0b1fd6-ee52-4d2d-9c0d-2b872eb71707,c5,c3,915,?,p3,
1769748947.2710762,SENT,012726d6-6289-44b1-8d3c-e35f6e46602a,859a6cce-f995-43fd-bfb1-c5dba52b91c1,c1,None,776,?,p1,
1769748947.2711346,FORWARDED,012726d6-6289-44b1-8d3c-e35f6e46602a,859a6cce-f995-43fd-bfb1-c5dba52b91c1,c1,None,776,?,p1,
1769748947.285012,RECEIVED,488db6c4-72b5-4294-80a3-0c77fcfdf573,cb2479c5-4de0-48fa-b0e2-156548e7fb2a,c2,DROP,687,i6,?,
1769748947.3063889,RECEIVED,4e62cfce-4023-4368-b961-68cc2470454e,2d4da833-b4e4-40cf-8e75-f62a40de6d3e,c3,None,1127,i12,?,
1769748947.3487504,SENT,23a68d94-de69-4ec7-98c0-2f7c035a882b,b0c1e99f-ad22-4b6c-a4fb-35a24b34c885,c2,DROP,442,?,e11,
1769748947.3487906,FORWARDED,23a68d94-de69-4ec7-98c0-2f7c035a882b,b0c1e99f-ad22-4b6c-a4fb-35a24b34c885,c2,DROP,442,?,e11,
1769748947.3748546,RECEIVED,8d47cde2-75f5-4da6-8f3c-22562a43fd81,0693c7eb-7753-449a-8038-dc836734b68c,c5,DROP,445,x2,?,
1769748947.4580016,RECEIVED,0bbc0e27-e0dd-4739-b335-f0cc5591b08f,9380533d-1bb5-48e7-bee4-0f37aa2b3b37,c3,DROP,687,i6,?,
1769748947.4826202,RECEIVED,f3ef9c32-9bf9-46fb-88ea-2d676c4f904e,398a92dd-1409-4528-b103-142d32326cea,c2,c3,1312,i12,?,
1769748947.548414,SENT,a794ec3a-ea0d-42da-9ba1-52d0b136d920,560b2603-43fc-4152-872e-08dc0fc2cd00,c3,DROP,446,?,e2,
1769748947.548454,FORWARDED,a794ec3a-ea0d-42da-9ba1-52d0b136d920,560b2603-43fc-4152-872e-08dc0fc2cd00,c3,DROP,446,?,e2,
1769748947.5899978,RECEIVED,e9c1f916-6eaf-4d7e-8ce1-374ab9293725,7de17a62-c84d-47da-a3e2-54bb15480a6b,c5,DROP,692,i10,?,
1769748947.5909758,RECEIVED,23d3962e-a40f-4396-b347-49e07d35e4b4,68f4fc63-d83a-4574-b164-5680140fd93c,c2,DROP,690,i2,?,
1769748947.609694,SENT,527842dc-b0b0-4519-999d-78a6eaf0d119,3f85a277-f4c9-4e35-bbbb-f0e06286d291,c4,DROP,442,?,i6,
1769748947.6099484,FORWARDED,527842dc-b0b0-4519-999d-78a6eaf0d119,3f85a277-f4c9-4e35-bbbb-f0e06286d291,c4,DROP,442,?,i6,
1769748947.6188998,SENT,23d3962e-a40f-4396-b347-49e07d35e4b4,68f4fc63-d83a-4574-b164-5680140fd93c,c2,DROP,443,?,i12,
1769748947.6189396,FORWARDED,23d3962e-a40f-4396-b347-49e07d35e4b4,68f4fc63-d83a-4574-b164-5680140fd93c,c2,DROP,443,?,i12,
1769748947.6840703,SENT,57354db9-5589-4d20-988b-27d784b835e4,f64dad62-06f0-475e-8385-265803c18025,c2,DROP,442,?,e12,
1769748947.6841125,FORWARDED,57354db9-5589-4d20-988b-27d784b835e4,f64dad62-06f0-475e-8385-265803c18025,c2,DROP,442,?,e12,
1769748947.776354,SENT,488db6c4-72b5-4294-80a3-0c77fcfdf573,cb2479c5-4de0-48fa-b0e2-156548e7fb2a,c2,DROP,442,?,e10,
1769748947.7763894,FORWARDED,488db6c4-72b5-4294-80a3-0c77fcfdf573,cb2479c5-4de0-48fa-b0e2-156548e7fb2a,c2,DROP,442,?,e10,
1769748947.8520079,RECEIVED,4e907564-e62c-45e7-bdca-c824bddb025c,f231f926-0108-42df-809d-db80e4cbdfef,c5,None,1125,i9,?,
1769748947.854995,SENT,f3ef9c32-9bf9-46fb-88ea-2d676c4f904e,398a92dd-1409-4528-b103-142d32326cea,c2,c3,910,?,p3,
1769748947.8550332,FORWARDED,f3ef9c32-9bf9-46fb-88ea-2d676c4f904e,398a92dd-1409-4528-b103-142d32326cea,c2,c3,910,?,p3,
1769748947.8817043,SENT,4e907564-e62c-45e7-bdca-c824bddb025c,f231f926-0108-42df-809d-db80e4cbdfef,c5,None,771,?,p1,
1769748947.8817768,FORWARDED,4e907564-e62c-45e7-bdca-c824bddb025c,f231f926-0108-42df-809d-db80e4cbdfef,c5,None,771,?,p1,
1769748947.926571,RECEIVED,6041ecc7-110e-473a-a17c-89a49b0d90df,6384b1f3-fb4d-4900-88a7-8f156287c1b2,c3,None,1127,i1,?,
1769748947.9279783,RECEIVED,fb77ef3f-3b38-48de-95b8-d6fd6e317489,892e5497-0b16-4b61-acc9-c7c80300f124,c2,c3,1258,i6,?,
1769748947.9497974,SENT,e9c1f916-6eaf-4d7e-8ce1-374ab9293725,7de17a62-c84d-47da-a3e2-54bb15480a6b,c5,DROP,445,?,x10,
1769748947.9498382,FORWARDED,e9c1f916-6eaf-4d7e-8ce1-374ab9293725,7de17a62-c84d-47da-a3e2-54bb15480a6b,c5,DROP,445,?,x10,
1769748948.0499592,SENT,4e62cfce-4023-4368-b961-68cc2470454e,2d4da833-b4e4-40cf-8e75-f62a40de6d3e,c3,None,772,?,p2,
1769748948.0500007,FORWARDED,4e62cfce-4023-4368-b961-68cc2470454e,2d4da833-b4e4-40cf-8e75-f62a40de6d3e,c3,None,772,?,p2,
1769748948.0507882,RECEIVED,309aec67-5669-4da2-9739-3aeff1904e62,467a87f8-d650-4a58-96d2-45bf3bef17af,c3,DROP,683,i9,?,
1769748948.060134,RECEIVED,b3a34237-5e34-49ab-b8ad-f3001f14b708,1a981a29-ad45-468a-a5e6-fd46ff48822b,c5,None,1123,i5,?,
1769748948.1962936,RECEIVED,85f26f89-463a-464a-bdc5-8fbd4f87abec,64e2f587-afb4-4b38-ae34-e1228c17e6c9,c3,c2,1259,i2,?,
1769748948.2222629,SENT,6041ecc7-110e-473a-a17c-89a49b0d90df,6384b1f3-fb4d-4900-88a7-8f156287c1b2,c3,None,774,?,p2,
1769748948.2223015,FORWARDED,6041ecc7-110e-473a-a17c-89a49b0d90df,6384b1f3-fb4d-4900-88a7-8f156287c1b2,c3,None,774,?,p2,
1769748948.2288516,RECEIVED,f145a4d3-d2e1-436e-9ce4-8022dacdd6d3,57c5ff7d-8411-4f16-929c-871c10ada1cf,c1,None,1135,i10,?,
1769748948.2432702,SENT,c13c38e9-37d2-4e6b-8adc-49f187253ad1,5b5cdb80-bbf7-4e28-a711-ce13e1b994a0,c1,None,776,?,p1,
1769748948.2433124,FORWARDED,c13c38e9-37d2-4e6b-8adc-49f187253ad1,5b5cdb80-bbf7-4e28-a711-ce13e1b994a0,c1,None,776,?,p1,
1769748948.2715955,RECEIVED,6bbc36e4-eb01-4ee8-9b10-3c7b024ca357,333e19ba-e81d-4ab6-b86e-039903f9d469,c2,DROP,688,i6,?,
1769748948.3475244,SENT,6bbc36e4-eb01-4ee8-9b10-3c7b024ca357,333e19ba-e81d-4ab6-b86e-039903f9d469,c2,DROP,442,?,x5,
1769748948.3475676,FORWARDED,6bbc36e4-eb01-4ee8-9b10-3c7b024ca357,333e19ba-e81d-4ab6-b86e-039903f9d469,c2,DROP,442,?,x5,
1769748948.3590963,SENT,fb77ef3f-3b38-48de-95b8-d6fd6e317489,892e5497-0b16-4b61-acc9-c7c80300f124,c2,c3,871,?,p3,
1769748948.3593092,FORWARDED,fb77ef3f-3b38-48de-95b8-d6fd6e317489,892e5497-0b16-4b61-acc9-c7c80300f124,c2,c3,871,?,p3,
1769748948.3822455,RECEIVED,3ddac8ae-fb93-4cc3-bf5c-1cef27d7ab13,039bb8ec-d110-4320-800b-16d07b3b4ca5,c1,None,1127,i6,?,
1769748948.4423325,SENT,f145a4d3-d2e1-436e-9ce4-8022dacdd6d3,57c5ff7d-8411-4f16-929c-871c10ada1cf,c1,None,779,?,p1,
1769748948.442371,FORWARDED,f145a4d3-d2e1-436e-9ce4-8022dacdd6d3,57c5ff7d-8411-4f16-929c-871c10ada1cf,c1,None,779,?,p1,
1769748948.498417,RECEIVED,cc7ca2c5-f1b3-46a4-a427-4adbf1e781f0,cbdc48ff-1aae-40f1-ab92-1d306a10aaff,c3,DROP,679,i5,?,
1769748948.5439699,SENT,cc7ca2c5-f1b3-46a4-a427-4adbf1e781f0,cbdc48ff-1aae-40f1-ab92-1d306a10aaff,c3,DROP,438,?,x5,
1769748948.5440116,FORWARDED,cc7ca2c5-f1b3-46a4-a427-4adbf1e781f0,cbdc48ff-1aae-40f1-ab92-1d306a10aaff,c3,DROP,438,?,x5,
1769748948.5478735,SENT,85f26f89-463a-464a-bdc5-8fbd4f87abec,64e2f587-afb4-4b38-ae34-e1228c17e6c9,c3,c2,871,?,p2,
1769748948.5479133,FORWARDED,85f26f89-463a-464a-bdc5-8fbd4f87abec,64e2f587-afb4-4b38-ae34-e1228c17e6c9,c3,c2,871,?,p2,
1769748948.6186109,RECEIVED,c622c121-c2d6-475d-a7a2-b2836bc9c75d,f0fafddb-c7b6-4171-b34b-5f216955995b,c1,c5,1263,i12,?,
1769748948.6190434,SENT,309aec67-5669-4da2-9739-3aeff1904e62,467a87f8-d650-4a58-96d2-45bf3bef17af,c3,DROP,441,?,x9,
1769748948.6194336,FORWARDED,309aec67-5669-4da2-9739-3aeff1904e62,467a87f8-d650-4a58-96d2-45bf3bef17af,c3,DROP,441,?,x9,
1769748948.9604492,RECEIVED,85b851dd-3987-45c3-8bc5-88f3b49c737c,a8eb4e61-6391-4123-a781-c28c07b0162d,c1,DROP,684,i9,?,
1769748948.9661155,RECEIVED,67c1610f-c134-46b1-805e-fbad3289b180,a377e7bf-1e53-4f9e-acc1-5473a6e00711,c3,None,1122,i6,?,
1769748948.9861412,RECEIVED,3c49d8c9-9b3f-48b6-a972-e59f0bbb10fa,71297604-c59f-49df-821b-7270fe09b210,c3,None,1129,i1,?,
1769748949.0222802,SENT,3c49d8c9-9b3f-48b6-a972-e59f0bbb10fa,71297604-c59f-49df-821b-7270fe09b210,c3,None,772,?,p2,
1769748949.02232,FORWARDED,3c49d8c9-9b3f-48b6-a972-e59f0bbb10fa,71297604-c59f-49df-821b-7270fe09b210,c3,None,772,?,p2,
1769748949.0271282,RECEIVED,6025f2c5-51d3-4f40-8241-b4893d2aa0c4,806f47c3-e1e2-44ac-8e67-119d5264bafc,c4,DROP,440,x11,?,
1769748949.0988057,RECEIVED,7f571b34-896d-4d0c-8484-1f2393820645,9c90ff4b-de74-419b-835d-465172314105,c2,c3,1259,i11,?,
1769748949.197905,RECEIVED,58ddf38e-d042-4baa-b505-3b9f31b76e35,2cc7ffa1-af56-428c-90e2-9195211da11f,c5,None,1128,i5,?,
1769748949.2529173,RECEIVED,8eef7032-3c88-45b9-8b8b-3e821f0ac35e,c320c527-58df-4abc-9c77-56f57b14abf8,c1,None,1129,i4,?,
1769748949.274647,SENT,8eef7032-3c88-45b9-8b8b-3e821f0ac35e,c320c527-58df-4abc-9c77-56f57b14abf8,c1,None,772,?,p1,
1769748949.2746918,FORWARDED,8eef7032-3c88-45b9-8b8b-3e821f0ac35e,c320c527-58df-4abc-9c77-56f57b14abf8,c1,None,772,?,p1,
1769748949.2767076,SENT,58ddf38e-d042-4baa-b505-3b9f31b76e35,2cc7ffa1-af56-428c-90e2-9195211da11f,c5,None,774,?,p1,
1769748949.2767498,FORWARDED,58ddf38e-d042-4baa-b505-3b9f31b76e35,2cc7ffa1-af56-428c-90e2-9195211da11f,c5,None,774,?,p1,
1769748949.4866567,SENT,0bbc0e27-e0dd-4739-b335-f0cc5591b08f,9380533d-1bb5-48e7-bee4-0f37aa2b3b37,c3,DROP,442,?,e6,
1769748949.4866972,FORWARDED,0bbc0e27-e0dd-4739-b335-f0cc5591b08f,9380533d-1bb5-48e7-bee4-0f37aa2b3b37,c3,DROP,442,?,e6,
1769748949.5354426,RECEIVED,356b4f82-f8e0-460f-8033-dd2a5dfe58e4,fa38bb0a-5357-4b1c-86ce-40a42575f296,c5,c3,1259,i2,?,
1769748949.5829835,RECEIVED,27283d23-0949-465a-8d58-e0ee73fda911,91b23150-d977-4b06-8bf9-7d5fffe1bb13,c3,None,1132,i2,?,
1769748949.6081278,SENT,b3a34237-5e34-49ab-b8ad-f3001f14b708,1a981a29-ad45-468a-a5e6-fd46ff48822b,c5,None,771,?,p1,
1769748949.608168,FORWARDED,b3a34237-5e34-49ab-b8ad-f3001f14b708,1a981a29-ad45-468a-a5e6-fd46ff48822b,c5,None,771,?,p1,
1769748949.6365042,SENT,85b851dd-3987-45c3-8bc5-88f3b49c737c,a8eb4e61-6391-4123-a781-c28c07b0162d,c1,DROP,441,?,x12,
1769748949.6365418,FORWARDED,85b851dd-3987-45c3-8bc5-88f3b49c737c,a8eb4e61-6391-4123-a781-c28c07b0162d,c1,DROP,441,?,x12,
1769748949.689726,RECEIVED,0639e590-07cd-490b-9c3c-e6638cbe48ae,9cc009d2-7f64-44bc-9534-4e446c5e0b43,c4,DROP,693,i10,?,
1769748949.7386694,SENT,0639e590-07cd-490b-9c3c-e6638cbe48ae,9cc009d2-7f64-44bc-9534-4e446c5e0b43,c4,DROP,446,?,e11,
1769748949.738712,FORWARDED,0639e590-07cd-490b-9c3c-e6638cbe48ae,9cc009d2-7f64-44bc-9534-4e446c5e0b43,c4,DROP,446,?,e11,
1769748949.7483711,RECEIVED,f9d422ad-1c2e-4bc7-8ca0-ab6b11566821,488fdb20-12de-4f1d-8848-2634a21fbb4b,c5,c3,1264,i11,?,
1769748949.7509015,RECEIVED,199d7c4e-c888-405a-b0c9-b20d6dfd3cd5,20ef20b9-c3b3-4084-b45d-13d04523d7e1,c5,DROP,445,x1,?,
1769748949.8448277,SENT,f9d422ad-1c2e-4bc7-8ca0-ab6b11566821,488fdb20-12de-4f1d-8848-2634a21fbb4b,c5,c3,876,?,p3,
1769748949.8448756,FORWARDED,f9d422ad-1c2e-4bc7-8ca0-ab6b11566821,488fdb20-12de-4f1d-8848-2634a21fbb4b,c5,c3,876,?,p3,
1769748949.8833039,SENT,27283d23-0949-465a-8d58-e0ee73fda911,91b23150-d977-4b06-8bf9-7d5fffe1bb13,c3,None,776,?,p2,
1769748949.8833442,FORWARDED,27283d23-0949-465a-8d58-e0ee73fda911,91b23150-d977-4b06-8bf9-7d5fffe1bb13,c3,None,776,?,p2,
1769748949.9436371,RECEIVED,c4bd8f88-2d07-42b4-83be-1812f47b67a7,2bbb6bcd-ef99-4247-b978-88cf39058a2d,c1,None,1128,i4,?,
1769748949.9854195,SENT,c4bd8f88-2d07-42b4-83be-1812f47b67a7,2bbb6bcd-ef99-4247-b978-88cf39058a2d,c1,None,772,?,p1,
1769748949.9854674,FORWARDED,c4bd8f88-2d07-42b4-83be-1812f47b67a7,2bbb6bcd-ef99-4247-b978-88cf39058a2d,c1,None,772,?,p1,
1769748950.0632315,RECEIVED,58fcdc56-6491-40cc-a034-d2f7e5d53b85,5fda80c6-1ebd-4a04-ad7b-ed3b777ec609,c3,DROP,444,x12,?,
1769748950.084742,SENT,3ddac8ae-fb93-4cc3-bf5c-1cef27d7ab13,039bb8ec-d110-4320-800b-16d07b3b4ca5,c1,None,772,?,p1,
1769748950.0847828,FORWARDED,3ddac8ae-fb93-4cc3-bf5c-1cef27d7ab13,039bb8ec-d110-4320-800b-16d07b3b4ca5,c1,None,772,?,p1,
1769748950.1392272,SENT,c622c121-c2d6-475d-a7a2-b2836bc9c75d,f0fafddb-c7b6-4171-b34b-5f216955995b,c1,c5,875,?,p2,
1769748950.1392658,FORWARDED,c622c121-c2d6-475d-a7a2-b2836bc9c75d,f0fafddb-c7b6-4171-b34b-5f216955995b,c1,c5,875,?,p2,
1769748950.1656106,RECEIVED,c6d05cf3-8c43-47a4-bed0-ce8d174cff08,b96f783d-983a-44d3-8ca9-d393c3e0258d,c1,DROP,692,i8,?,
1769748950.1699648,RECEIVED,1de2f9fc-5f74-4896-ae2b-51fa009cd9f9,819d8a7d-702b-41ad-bc1a-e7a210a412b2,c4,c1,1311,i5,?,
1769748950.194158,SENT,67c1610f-c134-46b1-805e-fbad3289b180,a377e7bf-1e53-4f9e-acc1-5473a6e00711,c3,None,771,?,p2,
1769748950.1941967,FORWARDED,67c1610f-c134-46b1-805e-fbad3289b180,a377e7bf-1e53-4f9e-acc1-5473a6e00711,c3,None,771,?,p2,
1769748950.2147639,RECEIVED,c187850f-3a87-47a7-890a-14f5f908331e,4ff421e5-206a-4eb9-8b16-f953b0c2851b,c5,c3,1259,i7,?,
1769748950.2225657,RECEIVED,6250b068-79a0-4e3f-9428-40df4b14799a,3388b0fd-5539-4eca-9fb9-c5976f8494ab,c5,None,1124,i3,?,
1769748950.3061333,RECEIVED,209aa303-4411-4499-a019-ab076b173370,a0df6981-c92d-452f-8599-44e24ac5c064,c5,DROP,441,x9,?,
1769748950.3100014,RECEIVED,011debea-0d6b-44ea-9dbc-6991b204dde7,ad7ea289-7b97-401e-9d03-ac9f9a0e354e,c2,c3,1252,i4,?,
1769748950.3465033,RECEIVED,189776d1-398e-4311-8684-82271a33114a,794199f6-1b88-415c-9e64-549c8faea161,c3,c2,1260,i11,?,
1769748950.3469927,SENT,1de2f9fc-5f74-4896-ae2b-51fa009cd9f9,819d8a7d-702b-41ad-bc1a-e7a210a412b2,c4,c1,911,?,p1,
1769748950.3470283,FORWARDED,1de2f9fc-5f74-4896-ae2b-51fa009cd9f9,819d8a7d-702b-41ad-bc1a-e7a210a412b2,c4,c1,911,?,p1,
1769748950.3504627,RECEIVED,d5036e4f-60c2-4c03-a734-6f8cbe31162d,02b7278d-64c4-4df4-99fe-dc0a58a46264,c4,c1,1252,i7,?,
1769748950.3617058,SENT,6250b068-79a0-4e3f-9428-40df4b14799a,3388b0fd-5539-4eca-9fb9-c5976f8494ab,c5,None,770,?,p1,
1769748950.361749,FORWARDED,6250b068-79a0-4e3f-9428-40df4b14799a,3388b0fd-5539-4eca-9fb9-c5976f8494ab,c5,None,770,?,p1,
1769748950.3888614,SENT,011debea-0d6b-44ea-9dbc-6991b204dde7,ad7ea289-7b97-401e-9d03-ac9f9a0e354e,c2,c3,867,?,p3,
1769748950.3889005,FORWARDED,011debea-0d6b-44ea-9dbc-6991b204dde7,ad7ea289-7b97-401e-9d03-ac9f9a0e354e,c2,c3,867,?,p3,
1769748950.4150977,SENT,356b4f82-f8e0-460f-8033-dd2a5dfe58e4,fa38bb0a-5357-4b1c-86ce-40a42575f296,c5,c3,872,?,p3,
1769748950.4152014,FORWARDED,356b4f82-f8e0-460f-8033-dd2a5dfe58e4,fa38bb0a-5357-4b1c-86ce-40a42575f296,c5,c3,872,?,p3,
1769748950.423274,RECEIVED,350bd67a-26a9-4c77-a2d6-7817899aa282,cdaeebaf-d796-49b6-8337-2aea70e9072f,c5,None,1124,i2,?,
1769748950.475142,RECEIVED,3ef83c57-34bf-4981-8910-75ccd59c4f57,5d7e9f61-f60b-4c57-a7de-30f8e1ae2707,c3,c2,1263,i5,?,
1769748950.5190277,SENT,350bd67a-26a9-4c77-a2d6-7817899aa282,cdaeebaf-d796-49b6-8337-2aea70e9072f,c5,None,770,?,p1,
1769748950.5190818,FORWARDED,350bd67a-26a9-4c77-a2d6-7817899aa282,cdaeebaf-d796-49b6-8337-2aea70e9072f,c5,None,770,?,p1,
1769748950.5255444,RECEIVED,1b4e81fb-087a-4a6f-bf97-04eaf17dc571,39c80eb7-5329-4df7-bff0-ac8e330395c3,c4,c1,1259,i5,?,
1769748950.5835462,RECEIVED,9bf2fbda-fa3d-4259-a0be-7a8426490d0f,de98b5f4-4982-4517-a8a9-10f980f9f45e,c4,DROP,684,i6,?,
1769748950.5863419,SENT,d5036e4f-60c2-4c03-a734-6f8cbe31162d,02b7278d-64c4-4df4-99fe-dc0a58a46264,c4,c1,867,?,p1,
1769748950.5863812,FORWARDED,d5036e4f-60c2-4c03-a734-6f8cbe31162d,02b7278d-64c4-4df4-99fe-dc0a58a46264,c4,c1,867,?,p1,
1769748950.6105378,RECEIVED,cdd21c81-f671-4eb1-8ce3-f851173dda5b,e0a601cc-7b79-4f79-96cf-1c59a7e5c0dd,c1,DROP,686,i4,?,
1769748950.650711,SENT,189776d1-398e-4311-8684-82271a33114a,794199f6-1b88-415c-9e64-549c8faea161,c3,c2,872,?,p2,
1769748950.650743,FORWARDED,189776d1-398e-4311-8684-82271a33114a,794199f6-1b88-415c-9e64-549c8faea161,c3,c2,872,?,p2,
1769748950.6577103,RECEIVED,7aec5d43-0219-4030-a257-c061197fdf32,2fff5b30-d668-470b-9196-a78f14689225,c3,None,1132,i10,?,
1769748950.7302608,SENT,1b4e81fb-087a-4a6f-bf97-04eaf17dc571,39c80eb7-5329-4df7-bff0-ac8e330395c3,c4,c1,872,?,p1,
1769748950.7303112,FORWARDED,1b4e81fb-087a-4a6f-bf97-04eaf17dc571,39c80eb7-5329-4df7-bff0-ac8e330395c3,c4,c1,872,?,p1,
1769748950.7447903,RECEIVED,a5e02b60-f454-4d2f-8d9d-7d10a0cc180d,bfe212ce-deed-4ee2-b3a7-4e46a11367b5,c5,DROP,688,i10,?,
1769748950.8037636,SENT,7aec5d43-0219-4030-a257-c061197fdf32,2fff5b30-d668-470b-9196-a78f14689225,c3,None,775,?,p2,
1769748950.8038044,FORWARDED,7aec5d43-0219-4030-a257-c061197fdf32,2fff5b30-d668-470b-9196-a78f14689225,c3,None,775,?,p2,
1769748950.8217406,SENT,9bf2fbda-fa3d-4259-a0be-7a8426490d0f,de98b5f4-4982-4517-a8a9-10f980f9f45e,c4,DROP,441,?,x6,
1769748950.8217819,FORWARDED,9bf2fbda-fa3d-4259-a0be-7a8426490d0f,de98b5f4-4982-4517-a8a9-10f980f9f45e,c4,DROP,441,?,x6,
1769748950.8850412,RECEIVED,9b704ebd-881b-4392-be6d-c9376b5e3e72,2d2a425a-4f8b-4384-a3a1-6e6f8f0bd229,c5,c3,1253,i7,?,
1769748950.900008,RECEIVED,fd8db03e-dfab-43c9-a1b0-66477419b1f1,22188336-38f2-40f0-98ec-961f2e6d8ace,c4,c1,1312,i12,?,
1769748950.9237547,SENT,9b704ebd-881b-4392-be6d-c9376b5e3e72,2d2a425a-4f8b-4384-a3a1-6e6f8f0bd229,c5,c3,867,?,p3,
1769748950.9237947,FORWARDED,9b704ebd-881b-4392-be6d-c9376b5e3e72,2d2a425a-4f8b-4384-a3a1-6e6f8f0bd229,c5,c3,867,?,p3,
1769748950.9281955,RECEIVED,6ed8cc22-0a52-4e71-9f67-a1ba1d2a1854,0657fb13-8dba-4b52-9ccb-e0813affd104,c2,DROP,441,x9,?,
1769748950.9310558,SENT,a5e02b60-f454-4d2f-8d9d-7d10a0cc180d,bfe212ce-deed-4ee2-b3a7-4e46a11367b5,c5,DROP,444,?,e10,
1769748950.931094,FORWARDED,a5e02b60-f454-4d2f-8d9d-7d10a0cc180d,bfe212ce-deed-4ee2-b3a7-4e46a11367b5,c5,DROP,444,?,e10,
1769748950.948352,RECEIVED,61243653-bfa7-4e55-9e40-9e6e7a339de4,96fc5553-94d5-4f3d-8435-fb56f26bd6b8,c3,DROP,687,i7,?,
1769748950.9807646,SENT,7f571b34-896d-4d0c-8484-1f2393820645,9c90ff4b-de74-419b-835d-465172314105,c2,c3,871,?,p3,
1769748950.9808056,FORWARDED,7f571b34-896d-4d0c-8484-1f2393820645,9c90ff4b-de74-419b-835d-465172314105,c2,c3,871,?,p3,
1769748951.0070186,SENT,3ef83c57-34bf-4981-8910-75ccd59c4f57,5d7e9f61-f60b-4c57-a7de-30f8e1ae2707,c3,c2,875,?,p2,
1769748951.0070636,FORWARDED,3ef83c57-34bf-4981-8910-75ccd59c4f57,5d7e9f61-f60b-4c57-a7de-30f8e1ae2707,c3,c2,875,?,p2,
1769748951.0583441,SENT,c187850f-3a87-47a7-890a-14f5f908331e,4ff421e5-206a-4eb9-8b16-f953b0c2851b,c5,c3,871,?,p3,
1769748951.0584536,FORWARDED,c187850f-3a87-47a7-890a-14f5f908331e,4ff421e5-206a-4eb9-8b16-f953b0c2851b,c5,c3,871,?,p3,
1769748951.0921347,RECEIVED,fe2172b0-24f1-4fd3-9487-6acd2fb2ee06,5d170f87-cee7-4c85-ba08-fa448c2ae50a,c3,DROP,685,i11,?,
1769748951.1462412,RECEIVED,0e50cd11-c925-4415-8410-ffab05a45c1a,bd6d3e69-edcf-49d3-b145-a85ccea9fd0c,c5,DROP,683,i9,?,
1769748951.151669,SENT,fd8db03e-dfab-43c9-a1b0-66477419b1f1,22188336-38f2-40f0-98ec-961f2e6d8ace,c4,c1,911,?,p1,
1769748951.1517096,FORWARDED,fd8db03e-dfab-43c9-a1b0-66477419b1f1,22188336-38f2-40f0-98ec-961f2e6d8ace,c4,c1,911,?,p1,
1769748951.2360082,SENT,fe2172b0-24f1-4fd3-9487-6acd2fb2ee06,5d170f87-cee7-4c85-ba08-fa448c2ae50a,c3,DROP,441,?,i12,
1769748951.2360551,FORWARDED,fe2172b0-24f1-4fd3-9487-6acd2fb2ee06,5d170f87-cee7-4c85-ba08-fa448c2ae50a,c3,DROP,441,?,i12,
1769748951.3963711,RECEIVED,32e51a11-8598-4773-8765-6b841f428c4a,0154cd3f-3b4a-488a-bb0e-38b9e1471b0e,c2,DROP,683,i12,?,
1769748951.4282353,SENT,c6d05cf3-8c43-47a4-bed0-ce8d174cff08,b96f783d-983a-44d3-8ca9-d393c3e0258d,c1,DROP,446,?,x10,
1769748951.4282727,FORWARDED,c6d05cf3-8c43-47a4-bed0-ce8d174cff08,b96f783d-983a-44d3-8ca9-d393c3e0258d,c1,DROP,446,?,x10,
1769748951.554614,SENT,32e51a11-8598-4773-8765-6b841f428c4a,0154cd3f-3b4a-488a-bb0e-38b9e1471b0e,c2,DROP,441,?,e7,
1769748951.5546525,FORWARDED,32e51a11-8598-4773-8765-6b841f428c4a,0154cd3f-3b4a-488a-bb0e-38b9e1471b0e,c2,DROP,441,?,e7,
1769748951.6036856,SENT,cdd21c81-f671-4eb1-8ce3-f851173dda5b,e0a601cc-7b79-4f79-96cf-1c59a7e5c0dd,c1,DROP,442,?,i7,
1769748951.6037233,FORWARDED,cdd21c81-f671-4eb1-8ce3-f851173dda5b,e0a601cc-7b79-4f79-96cf-1c59a7e5c0dd,c1,DROP,442,?,i7,
1769748951.6406398,RECEIVED,a03b2c6c-98d5-473e-8a03-752925fa1b72,443f5de3-def6-4459-8563-651d078a7047,c3,DROP,684,i3,?,
1769748951.6880646,RECEIVED,e3e691c5-fdce-42ba-ba99-82056cb5d6f6,16e72540-7048-4eb5-a576-f9bb7a93517a,c3,None,1125,i2,?,
1769748951.7517886,SENT,e3e691c5-fdce-42ba-ba99-82056cb5d6f6,16e72540-7048-4eb5-a576-f9bb7a93517a,c3,None,771,?,p2,
1769748951.7518284,FORWARDED,e3e691c5-fdce-42ba-ba99-82056cb5d6f6,16e72540-7048-4eb5-a576-f9bb7a93517a,c3,None,771,?,p2,
1769748951.7528892,RECEIVED,536e5ddc-9a3e-41f1-95ba-3abdd49bfe8d,c7516cd1-b499-4174-a3ff-f7cdc0eda2df,c4,DROP,683,i9,?,
1769748951.802252,RECEIVED,81456c55-29ea-4984-b018-e258cfa67a4e,16b021d3-15fd-4145-a08d-6eec6c0fd27d,c4,c1,1263,i10,?,
1769748951.8833516,RECEIVED,9323b093-1e5a-4baa-9a51-1569b17e90d2,c5b5750c-9049-4ac5-ae41-b8a9d57c44f5,c4,c1,1251,i9,?,
1769748951.9092188,RECEIVED,3f950146-9644-4e1f-9bcf-cb3ed31fd1a7,2bf7e863-7509-4479-89e7-1a79ef2ee1b8,c3,DROP,688,i3,?,
1769748951.9675765,SENT,61243653-bfa7-4e55-9e40-9e6e7a339de4,96fc5553-94d5-4f3d-8435-fb56f26bd6b8,c3,DROP,442,?,i1,
1769748951.9676163,FORWARDED,61243653-bfa7-4e55-9e40-9e6e7a339de4,96fc5553-94d5-4f3d-8435-fb56f26bd6b8,c3,DROP,442,?,i1,
1769748951.982347,SENT,0e50cd11-c925-4415-8410-ffab05a45c1a,bd6d3e69-edcf-49d3-b145-a85ccea9fd0c,c5,DROP,441,?,x7,
1769748951.9823875,FORWARDED,0e50cd11-c925-4415-8410-ffab05a45c1a,bd6d3e69-edcf-49d3-b145-a85ccea9fd0c,c5,DROP,441,?,x7,
1769748952.0027485,SENT,9323b093-1e5a-4baa-9a51-1569b17e90d2,c5b5750c-9049-4ac5-ae41-b8a9d57c44f5,c4,c1,867,?,p1,
1769748952.0027864,FORWARDED,9323b093-1e5a-4baa-9a51-1569b17e90d2,c5b5750c-9049-4ac5-ae41-b8a9d57c44f5,c4,c1,867,?,p1,
1769748952.189326,SENT,3f950146-9644-4e1f-9bcf-cb3ed31fd1a7,2bf7e863-7509-4479-89e7-1a79ef2ee1b8,c3,DROP,442,?,e12,
1769748952.1893682,FORWARDED,3f950146-9644-4e1f-9bcf-cb3ed31fd1a7,2bf7e863-7509-4479-89e7-1a79ef2ee1b8,c3,DROP,442,?,e12,
1769748952.205388,RECEIVED,3571f2b6-9fc7-4631-b86d-d3aa89f8e15e,5bd9d2fd-c4fc-4fed-8eb5-4f424d0dd853,c5,None,1126,i11,?,
1769748952.222156,SENT,a03b2c6c-98d5-473e-8a03-752925fa1b72,443f5de3-def6-4459-8563-651d078a7047,c3,DROP,440,?,e10,
1769748952.222198,FORWARDED,a03b2c6c-98d5-473e-8a03-752925fa1b72,443f5de3-def6-4459-8563-651d078a7047,c3,DROP,440,?,e10,
1769748952.3300214,RECEIVED,b7319b6c-4074-43dd-8ffe-44f487682e59,398b61db-923f-4756-88a7-2262d5ae39b6,c4,DROP,687,i3,?,
1769748952.3459728,RECEIVED,4a29f5c8-ecfb-4cfd-82f3-98c9a7925587,ac025033-339b-4e62-8ebb-491793b4428f,c3,None,1133,i1,?,
1769748952.3654013,RECEIVED,51d28f6b-c2e0-4bba-8793-185cca45b70b,fd23a6db-88bc-48bb-b6b9-3237d9fce1c3,c5,c3,1251,i8,?,
1769748952.3721352,RECEIVED,465c1069-ac6d-41c4-8348-f35d7097cc70,d120e66d-4b17-4fbd-be75-e7bfb60919bc,c1,DROP,683,i12,?,
1769748952.3761806,RECEIVED,ad967a8d-bd29-4beb-9581-e48b0455b431,414ebf95-ef51-4882-beaf-0112e1396ceb,c2,None,1135,i12,?,
1769748952.4270992,SENT,4a29f5c8-ecfb-4cfd-82f3-98c9a7925587,ac025033-339b-4e62-8ebb-491793b4428f,c3,None,775,?,p2,
1769748952.4271424,FORWARDED,4a29f5c8-ecfb-4cfd-82f3-98c9a7925587,ac025033-339b-4e62-8ebb-491793b4428f,c3,None,775,?,p2,
1769748952.4578524,RECEIVED,b4695679-5fbb-4459-b491-9789ca2236a6,35fb44a7-e2cc-4a3c-a886-6b3b7a2c69fa,c2,DROP,440,x10,?,
1769748952.4694376,SENT,536e5ddc-9a3e-41f1-95ba-3abdd49bfe8d,c7516cd1-b499-4174-a3ff-f7cdc0eda2df,c4,DROP,441,?,x5,
1769748952.4694757,FORWARDED,536e5ddc-9a3e-41f1-95ba-3abdd49bfe8d,c7516cd1-b499-4174-a3ff-f7cdc0eda2df,c4,DROP,441,?,x5,
1769748952.4867427,RECEIVED,034e2369-f176-4dff-a0bc-8d8d02fa474c,afe49d9f-1896-4a97-9e6f-c94466a472e1,c1,None,1127,i9,?,
1769748952.5001135,RECEIVED,48bfc7eb-29ad-4af9-bae0-6ad96ccc4c41,c5f2ab60-14f6-495d-b35a-b1c2e8df3849,c1,None,1123,i2,?,
1769748952.5184257,SENT,81456c55-29ea-4984-b018-e258cfa67a4e,16b021d3-15fd-4145-a08d-6eec6c0fd27d,c4,c1,875,?,p1,
1769748952.5184686,FORWARDED,81456c55-29ea-4984-b018-e258cfa67a4e,16b021d3-15fd-4145-a08d-6eec6c0fd27d,c4,c1,875,?,p1,
1769748952.5540776,RECEIVED,558d5075-6584-4c6b-bcdf-f56baa9b429e,96106ebc-6e19-4169-ae65-c7c27fb88762,c4,DROP,685,i5,?,
1769748952.6398313,SENT,ad967a8d-bd29-4beb-9581-e48b0455b431,414ebf95-ef51-4882-beaf-0112e1396ceb,c2,None,780,?,p3,
1769748952.6398685,FORWARDED,ad967a8d-bd29-4beb-9581-e48b0455b431,414ebf95-ef51-4882-beaf-0112e1396ceb,c2,None,780,?,p3,
1769748952.6872642,SENT,3571f2b6-9fc7-4631-b86d-d3aa89f8e15e,5bd9d2fd-c4fc-4fed-8eb5-4f424d0dd853,c5,None,773,?,p1,
1769748952.6873028,FORWARDED,3571f2b6-9fc7-4631-b86d-d3aa89f8e15e,5bd9d2fd-c4fc-4fed-8eb5-4f424d0dd853,c5,None,773,?,p1,
1769748952.7862837,SENT,558d5075-6584-4c6b-bcdf-f56baa9b429e,96106ebc-6e19-4169-ae65-c7c27fb88762,c4,DROP,441,?,e11,
1769748952.7863338,FORWARDED,558d5075-6584-4c6b-bcdf-f56baa9b429e,96106ebc-6e19-4169-ae65-c7c27fb88762,c4,DROP,441,?,e11,
1769748952.837396,RECEIVED,bb56fe32-4d75-432e-9ce0-5298d28c23ad,ea634981-8980-4f0c-a6f2-d6b002c8f067,c4,c1,1310,i7,?,
1769748952.862782,SENT,b7319b6c-4074-43dd-8ffe-44f487682e59,398b61db-923f-4756-88a7-2262d5ae39b6,c4,DROP,442,?,e4,
1769748952.8628216,FORWARDED,b7319b6c-4074-43dd-8ffe-44f487682e59,398b61db-923f-4756-88a7-2262d5ae39b6,c4,DROP,442,?,e4,
1769748952.8725064,RECEIVED,4eaf26b4-ee3d-45b4-a95c-67a4f34e3ba6,f4745f6c-98e9-44eb-a943-1a5cf096daab,c1,DROP,680,i5,?,
1769748952.8968778,RECEIVED,2a62f703-42cc-4014-a54f-4658e37b7259,93a72a81-8334-4a45-ba37-ee5c6f4b13f7,c5,DROP,441,x7,?,
1769748952.9950812,SENT,51d28f6b-c2e0-4bba-8793-185cca45b70b,fd23a6db-88bc-48bb-b6b9-3237d9fce1c3,c5,c3,867,?,p3,
1769748952.9954236,FORWARDED,51d28f6b-c2e0-4bba-8793-185cca45b70b,fd23a6db-88bc-48bb-b6b9-3237d9fce1c3,c5,c3,867,?,p3,
1769748953.039971,RECEIVED,3ea92c0b-d888-417b-a0fe-59e312f1766b,8422767c-73c0-4825-9ff6-93af87dd07cb,c3,DROP,442,x2,?,
1769748953.0628295,SENT,465c1069-ac6d-41c4-8348-f35d7097cc70,d120e66d-4b17-4fbd-be75-e7bfb60919bc,c1,DROP,441,?,x4,
1769748953.062868,FORWARDED,465c1069-ac6d-41c4-8348-f35d7097cc70,d120e66d-4b17-4fbd-be75-e7bfb60919bc,c1,DROP,441,?,x4,
1769748953.1155853,SENT,4eaf26b4-ee3d-45b4-a95c-67a4f34e3ba6,f4745f6c-98e9-44eb-a943-1a5cf096daab,c1,DROP,438,?,e7,
1769748953.1156266,FORWARDED,4eaf26b4-ee3d-45b4-a95c-67a4f34e3ba6,f4745f6c-98e9-44eb-a943-1a5cf096daab,c1,DROP,438,?,e7,
1769748953.2026498,RECEIVED,0ca8dbe7-f909-4728-8195-368e9fd67972,9b9ed105-1d86-4c68-b16b-beef6de67858,c5,c3,1323,i4,?,
1769748953.2384446,RECEIVED,237e1715-4a86-448f-a2b5-a516f7391884,b5e5db05-f57d-4451-85fa-f6110923dec1,c3,c2,1312,i2,?,
1769748953.309684,SENT,48bfc7eb-29ad-4af9-bae0-6ad96ccc4c41,c5f2ab60-14f6-495d-b35a-b1c2e8df3849,c1,None,771,?,p1,
1769748953.3097262,FORWARDED,48bfc7eb-29ad-4af9-bae0-6ad96ccc4c41,c5f2ab60-14f6-495d-b35a-b1c2e8df3849,c1,None,771,?,p1,
1769748953.324778,SENT,237e1715-4a86-448f-a2b5-a516f7391884,b5e5db05-f57d-4451-85fa-f6110923dec1,c3,c2,912,?,p2,
1769748953.3248174,FORWARDED,237e1715-4a86-448f-a2b5-a516f7391884,b5e5db05-f57d-4451-85fa-f6110923dec1,c3,c2,912,?,p2,
1769748953.3359675,RECEIVED,ea32d901-bf36-4bcb-a4c4-058246f5f2ba,03672231-6d7e-47fd-a524-e0c799f7c23d,c4,DROP,683,i9,?,
1769748953.488714,RECEIVED,9d9c93ad-865f-4013-8b9b-3b75fbfc0a22,255f9bb6-61bc-49ab-b4a5-0a7c6092a1ba,c5,None,1124,i3,?,
1769748953.5122278,SENT,ea32d901-bf36-4bcb-a4c4-058246f5f2ba,03672231-6d7e-47fd-a524-e0c799f7c23d,c4,DROP,441,?,e10,
1769748953.5122638,FORWARDED,ea32d901-bf36-4bcb-a4c4-058246f5f2ba,03672231-6d7e-47fd-a524-e0c799f7c23d,c4,DROP,441,?,e10,
1769748953.5318503,SENT,0ca8dbe7-f909-4728-8195-368e9fd67972,9b9ed105-1d86-4c68-b16b-beef6de67858,c5,c3,920,?,p3,
1769748953.5318925,FORWARDED,0ca8dbe7-f909-4728-8195-368e9fd67972,9b9ed105-1d86-4c68-b16b-beef6de67858,c5,c3,920,?,p3,
1769748953.5460677,SENT,bb56fe32-4d75-432e-9ce0-5298d28c23ad,ea634981-8980-4f0c-a6f2-d6b002c8f067,c4,c1,912,?,p1,
1769748953.546103,FORWARDED,bb56fe32-4d75-432e-9ce0-5298d28c23ad,ea634981-8980-4f0c-a6f2-d6b002c8f067,c4,c1,912,?,p1,
1769748953.5500329,SENT,9d9c93ad-865f-4013-8b9b-3b75fbfc0a22,255f9bb6-61bc-49ab-b4a5-0a7c6092a1ba,c5,None,771,?,p1,
1769748953.5500937,FORWARDED,9d9c93ad-865f-4013-8b9b-3b75fbfc0a22,255f9bb6-61bc-49ab-b4a5-0a7c6092a1ba,c5,None,771,?,p1,
1769748953.5930018,SENT,034e2369-f176-4dff-a0bc-8d8d02fa474c,afe49d9f-1896-4a97-9e6f-c94466a472e1,c1,None,772,?,p1,
1769748953.5930374,FORWARDED,034e2369-f176-4dff-a0bc-8d8d02fa474c,afe49d9f-1896-4a97-9e6f-c94466a472e1,c1,None,772,?,p1,
1769748953.718418,RECEIVED,ca98bbae-d6bb-4da8-9c3d-ca74802f4a96,0a1dfdc2-18cf-45a5-b518-a8ef805d311f,c1,DROP,680,i8,?,
1769748953.7690372,SENT,ca98bbae-d6bb-4da8-9c3d-ca74802f4a96,0a1dfdc2-18cf-45a5-b518-a8ef805d311f,c1,DROP,438,?,i9,
1769748953.7690911,FORWARDED,ca98bbae-d6bb-4da8-9c3d-ca74802f4a96,0a1dfdc2-18cf-45a5-b518-a8ef805d311f,c1,DROP,438,?,i9,
1769748953.8835475,RECEIVED,d5ff33c1-891f-4626-a647-a324a078c9a4,e849ecf6-5c10-42a0-86c5-d899acd11725,c2,c3,1310,i6,?,
1769748953.970361,RECEIVED,1ad93d4a-1a38-48ae-8b80-e6ebad93f1d9,15aedfb3-7a75-4448-af4a-7b6219d99543,c5,DROP,682,i3,?,
1769748954.0523443,RECEIVED,eb8b524d-c14d-4341-85f3-62bce3bd30e9,4a1c98fe-2ac7-433f-bf0e-534f4b465787,c3,DROP,694,i10,?,
1769748954.0977864,SENT,eb8b524d-c14d-4341-85f3-62bce3bd30e9,4a1c98fe-2ac7-433f-bf0e-534f4b465787,c3,DROP,445,?,i12,
1769748954.0978243,FORWARDED,eb8b524d-c14d-4341-85f3-62bce3bd30e9,4a1c98fe-2ac7-433f-bf0e-534f4b465787,c3,DROP,445,?,i12,
1769748954.1594222,RECEIVED,9a232521-d5ab-403b-881a-2694793e1a2b,4509a967-e075-4f08-aa99-4a08cc82bc13,c5,DROP,441,x11,?,
1769748954.3138127,RECEIVED,3d42d830-370c-4dd8-985a-c3b8be20e6e6,9fecd39b-4405-44ec-bd21-5aae2d339915,c2,c3,1312,i11,?,
1769748954.360759,RECEIVED,501a016c-c33c-42bb-a261-f8cf42409721,72640bb3-9d3b-4fe2-8b87-ee885ee5aec3,c1,c5,1323,i12,?,
1769748954.3701975,RECEIVED,02992e18-3891-4a0b-a151-dc52c6445e57,0ee8f181-ada4-470c-862f-6a247cddfdde,c3,None,1123,i2,?,
1769748954.394161,RECEIVED,b4212896-6ee6-4163-9a89-feb01b07924b,fca44aec-50a2-410e-8172-a9b3290c270f,c4,DROP,687,i11,?,
1769748954.475086,SENT,3d42d830-370c-4dd8-985a-c3b8be20e6e6,9fecd39b-4405-44ec-bd21-5aae2d339915,c2,c3,910,?,p3,
1769748954.475124,FORWARDED,3d42d830-370c-4dd8-985a-c3b8be20e6e6,9fecd39b-4405-44ec-bd21-5aae2d339915,c2,c3,910,?,p3,
1769748954.6196892,RECEIVED,dc15e5f1-b632-403b-9303-7dc7ff2cb944,c04691b5-70a5-4d7e-8249-ae305bb5f909,c2,None,1128,i12,?,
1769748954.6366954,RECEIVED,ef9048da-145d-45e3-bb87-5a8756f6984c,6faa0610-f959-4874-8f77-e0aa42b813ab,c3,None,1124,i6,?,
1769748954.6592329,SENT,501a016c-c33c-42bb-a261-f8cf42409721,72640bb3-9d3b-4fe2-8b87-ee885ee5aec3,c1,c5,920,?,p2,
1769748954.6592736,FORWARDED,501a016c-c33c-42bb-a261-f8cf42409721,72640bb3-9d3b-4fe2-8b87-ee885ee5aec3,c1,c5,920,?,p2,
1769748954.6969352,SENT,ef9048da-145d-45e3-bb87-5a8756f6984c,6faa0610-f959-4874-8f77-e0aa42b813ab,c3,None,771,?,p2,
1769748954.6969771,FORWARDED,ef9048da-145d-45e3-bb87-5a8756f6984c,6faa0610-f959-4874-8f77-e0aa42b813ab,c3,None,771,?,p2,
1769748954.7042532,RECEIVED,4f2bbc40-597b-4543-bca7-e57ecb91745b,40bb836b-5a75-4e25-b6a3-2d732a12a2c6,c3,None,1131,i2,?,
1769748954.7159665,RECEIVED,9747e3eb-e82b-429d-a5e4-eb0af710b1d0,0ecf1928-b5eb-43da-bf79-31fecbf093e8,c1,DROP,683,i4,?,
1769748954.7208445,RECEIVED,abf42dfb-fa70-4f02-970d-a710eb93fe0d,59590577-3849-4d74-8bc4-d6e40185ee2d,c1,DROP,683,i5,?,
1769748954.76433,SENT,02992e18-3891-4a0b-a151-dc52c6445e57,0ee8f181-ada4-470c-862f-6a247cddfdde,c3,None,771,?,p2,
1769748954.764374,FORWARDED,02992e18-3891-4a0b-a151-dc52c6445e57,0ee8f181-ada4-470c-862f-6a247cddfdde,c3,None,771,?,p2,
1769748954.7669423,RECEIVED,7b86e489-9267-4423-adba-73ea1713cf80,9f9055ab-5c31-43de-927f-2533cf83a341,c3,DROP,683,i4,?,
1769748954.8212745,RECEIVED,eb052130-0181-47f6-9575-53acb88227c4,9575d76d-feed-4d54-8bae-7329564a54b0,c5,c3,1263,i11,?,
1769748954.8235085,RECEIVED,6cd4a660-b1aa-4439-a34c-759549e596a3,fd62d45c-55cf-48c0-b7e9-8061d583f72d,c1,None,1123,i2,?,
1769748954.8531795,SENT,dc15e5f1-b632-403b-9303-7dc7ff2cb944,c04691b5-70a5-4d7e-8249-ae305bb5f909,c2,None,772,?,p3,
1769748954.8532186,FORWARDED,dc15e5f1-b632-403b-9303-7dc7ff2cb944,c04691b5-70a5-4d7e-8249-ae305bb5f909,c2,None,772,?,p3,
1769748954.8989718,RECEIVED,1661efd7-5ab2-44bc-96e0-da10791c5b30,6a19bd28-804e-4907-b3f1-61eaa6d06b10,c5,None,1127,i5,?,
1769748954.9065459,RECEIVED,d933f0d2-b1cc-4663-b05a-bba4ea9f04e0,d47e5f15-9692-4b7d-8a9e-119aea4a9840,c4,DROP,689,i12,?,
1769748954.9552083,SENT,d933f0d2-b1cc-4663-b05a-bba4ea9f04e0,d47e5f15-9692-4b7d-8a9e-119aea4a9840,c4,DROP,443,?,i6,
1769748954.955251,FORWARDED,d933f0d2-b1cc-4663-b05a-bba4ea9f04e0,d47e5f15-9692-4b7d-8a9e-119aea4a9840,c4,DROP,443,?,i6,
1769748955.006223,SENT,b4212896-6ee6-4163-9a89-feb01b07924b,fca44aec-50a2-410e-8172-a9b3290c270f,c4,DROP,442,?,e3,
1769748955.0062606,FORWARDED,b4212896-6ee6-4163-9a89-feb01b07924b,fca44aec-50a2-410e-8172-a9b3290c270f,c4,DROP,442,?,e3,
1769748955.0208538,SENT,4f2bbc40-597b-4543-bca7-e57ecb91745b,40bb836b-5a75-4e25-b6a3-2d732a12a2c6,c3,None,776,?,p2,
1769748955.0208933,FORWARDED,4f2bbc40-597b-4543-bca7-e57ecb91745b,40bb836b-5a75-4e25-b6a3-2d732a12a2c6,c3,None,776,?,p2,
1769748955.07509,RECEIVED,a985067a-2bb0-4d6c-9228-af143110d0a1,3441fc8d-5a52-46a7-a34b-e54158a5fbc3,c4,c1,1263,i7,?,
1769748955.1093931,RECEIVED,eac53c94-e701-4a8b-85a0-6418a3045c25,e056a20a-e3aa-4dc2-b210-8c05c8fa8a10,c5,c3,1259,i12,?,
1769748955.1123638,RECEIVED,4d1d0853-a5eb-4442-93c7-7dbfe2c3146f,142c4707-17d7-41e3-b315-159abd2ebda1,c2,c3,1257,i12,?,
1769748955.1379864,SENT,4d1d0853-a5eb-4442-93c7-7dbfe2c3146f,142c4707-17d7-41e3-b315-159abd2ebda1,c2,c3,868,?,p3,
1769748955.1380227,FORWARDED,4d1d0853-a5eb-4442-93c7-7dbfe2c3146f,142c4707-17d7-41e3-b315-159abd2ebda1,c2,c3,868,?,p3,
1769748955.1582482,SENT,7b86e489-9267-4423-adba-73ea1713cf80,9f9055ab-5c31-43de-927f-2533cf83a341,c3,DROP,440,?,e1,
1769748955.158291,FORWARDED,7b86e489-9267-4423-adba-73ea1713cf80,9f9055ab-5c31-43de-927f-2533cf83a341,c3,DROP,440,?,e1,
1769748955.1672742,RECEIVED,b47b9258-403c-41e8-a786-361656792a78,30156cc4-38a8-4e88-ae14-61ce18178aa0,c2,None,1132,i1,?,
1769748955.2755005,SENT,eac53c94-e701-4a8b-85a0-6418a3045c25,e056a20a-e3aa-4dc2-b210-8c05c8fa8a10,c5,c3,871,?,p3,
1769748955.2755384,FORWARDED,eac53c94-e701-4a8b-85a0-6418a3045c25,e056a20a-e3aa-4dc2-b210-8c05c8fa8a10,c5,c3,871,?,p3,
1769748955.2934544,SENT,b47b9258-403c-41e8-a786-361656792a78,30156cc4-38a8-4e88-ae14-61ce18178aa0,c2,None,775,?,p3,
1769748955.2934923,FORWARDED,b47b9258-403c-41e8-a786-361656792a78,30156cc4-38a8-4e88-ae14-61ce18178aa0,c2,None,775,?,p3,
1769748955.3007643,RECEIVED,4a4d172a-f0bc-4009-acb4-b666219ec6a7,72900020-535e-4894-8773-bcd378c525b0,c3,c2,1255,i6,?,
1769748955.3182933,RECEIVED,82dd34ee-deb5-4445-aac8-5b45a7d9fa1e,32f5823b-fe10-4653-8e67-da5b44ab9593,c3,c2,1316,i5,?,
1769748955.3282595,SENT,eb052130-0181-47f6-9575-53acb88227c4,9575d76d-feed-4d54-8bae-7329564a54b0,c5,c3,875,?,p3,
1769748955.3283021,FORWARDED,eb052130-0181-47f6-9575-53acb88227c4,9575d76d-feed-4d54-8bae-7329564a54b0,c5,c3,875,?,p3,
1769748955.3521025,SENT,abf42dfb-fa70-4f02-970d-a710eb93fe0d,59590577-3849-4d74-8bc4-d6e40185ee2d,c1,DROP,441,?,x7,
1769748955.3522825,FORWARDED,abf42dfb-fa70-4f02-970d-a710eb93fe0d,59590577-3849-4d74-8bc4-d6e40185ee2d,c1,DROP,441,?,x7,
1769748955.3584538,SENT,d5ff33c1-891f-4626-a647-a324a078c9a4,e849ecf6-5c10-42a0-86c5-d899acd11725,c2,c3,912,?,p3,
1769748955.358494,FORWARDED,d5ff33c1-891f-4626-a647-a324a078c9a4,e849ecf6-5c10-42a0-86c5-d899acd11725,c2,c3,912,?,p3,
1769748955.3706923,SENT,1ad93d4a-1a38-48ae-8b80-e6ebad93f1d9,15aedfb3-7a75-4448-af4a-7b6219d99543,c5,DROP,441,?,i9,
1769748955.3707323,FORWARDED,1ad93d4a-1a38-48ae-8b80-e6ebad93f1d9,15aedfb3-7a75-4448-af4a-7b6219d99543,c5,DROP,441,?,i9,
1769748955.381001,SENT,1661efd7-5ab2-44bc-96e0-da10791c5b30,6a19bd28-804e-4907-b3f1-61eaa6d06b10,c5,None,772,?,p1,
1769748955.381058,FORWARDED,1661efd7-5ab2-44bc-96e0-da10791c5b30,6a19bd28-804e-4907-b3f1-61eaa6d06b10,c5,None,772,?,p1,
1769748955.457921,RECEIVED,79ef20f0-919f-4fc2-af8d-51915abaf966,90e26634-537a-41d3-a4f0-4fe07d0321f6,c1,c5,1264,i5,?,
1769748955.5212333,RECEIVED,23631325-6efa-4381-8728-7605b624c920,12c6834b-807b-44fe-811b-5c113a7bcaf5,c1,DROP,688,i8,?,
1769748955.5226555,RECEIVED,34c825f5-603e-4124-9b89-2b6f5a413b3d,c4f410b9-19e4-468d-ac7e-e2f50c0c8a27,c1,None,1123,i4,?,
1769748955.5731173,RECEIVED,2bb66051-43cf-4704-8dcf-c6001690c2b6,eaf4d1ba-b1eb-45c8-815f-7cd46c020870,c4,c1,1311,i5,?,
1769748955.5972695,SENT,9747e3eb-e82b-429d-a5e4-eb0af710b1d0,0ecf1928-b5eb-43da-bf79-31fecbf093e8,c1,DROP,441,?,x2,
1769748955.5973043,FORWARDED,9747e3eb-e82b-429d-a5e4-eb0af710b1d0,0ecf1928-b5eb-43da-bf79-31fecbf093e8,c1,DROP,441,?,x2,
1769748955.6561134,SENT,4a4d172a-f0bc-4009-acb4-b666219ec6a7,72900020-535e-4894-8773-bcd378c525b0,c3,c2,868,?,p2,
1769748955.656155,FORWARDED,4a4d172a-f0bc-4009-acb4-b666219ec6a7,72900020-535e-4894-8773-bcd378c525b0,c3,c2,868,?,p2,
1769748955.66366,SENT,79ef20f0-919f-4fc2-af8d-51915abaf966,90e26634-537a-41d3-a4f0-4fe07d0321f6,c1,c5,875,?,p2,
1769748955.6637013,FORWARDED,79ef20f0-919f-4fc2-af8d-51915abaf966,90e26634-537a-41d3-a4f0-4fe07d0321f6,c1,c5,875,?,p2,
1769748955.6706984,SENT,82dd34ee-deb5-4445-aac8-5b45a7d9fa1e,32f5823b-fe10-4653-8e67-da5b44ab9593,c3,c2,915,?,p2,
1769748955.6707394,FORWARDED,82dd34ee-deb5-4445-aac8-5b45a7d9fa1e,32f5823b-fe10-4653-8e67-da5b44ab9593,c3,c2,915,?,p2,
1769748955.6766446,RECEIVED,17d12d85-a6f8-47a2-89aa-cf5f5f2db340,c6908a39-4df8-4d54-bc4c-4b114591e260,c2,DROP,684,i9,?,
1769748955.7283437,RECEIVED,be0ac119-e806-4456-a799-ec4650bac237,b4965650-6468-4e09-92b3-d67d0431edf9,c5,c3,1311,i7,?,
1769748955.7748687,SENT,17d12d85-a6f8-47a2-89aa-cf5f5f2db340,c6908a39-4df8-4d54-bc4c-4b114591e260,c2,DROP,441,?,e1,
1769748955.7749076,FORWARDED,17d12d85-a6f8-47a2-89aa-cf5f5f2db340,c6908a39-4df8-4d54-bc4c-4b114591e260,c2,DROP,441,?,e1,
1769748955.780533,RECEIVED,aa4d0b6e-48d7-4d69-8f6a-97fc1b2ddb91,9044c59f-80e6-4607-ac3e-facf1b57863f,c1,c5,1258,i5,?,
1769748955.8292427,RECEIVED,bc7f01c6-8f87-4786-bb58-ca05a1d07801,e4bebfb0-42eb-4534-8b2a-1107bf1addb9,c1,None,1123,i4,?,
1769748955.8453968,SENT,6cd4a660-b1aa-4439-a34c-759549e596a3,fd62d45c-55cf-48c0-b7e9-8061d583f72d,c1,None,770,?,p1,
1769748955.845441,FORWARDED,6cd4a660-b1aa-4439-a34c-759549e596a3,fd62d45c-55cf-48c0-b7e9-8061d583f72d,c1,None,770,?,p1,
1769748955.9101508,RECEIVED,1bc520ef-b314-45d8-9bc4-d24181c8be11,8730bb5a-ff81-4c2a-b047-804188998300,c2,None,1128,i1,?,
1769748955.9296582,SENT,2bb66051-43cf-4704-8dcf-c6001690c2b6,eaf4d1ba-b1eb-45c8-815f-7cd46c020870,c4,c1,912,?,p1,
1769748955.9296992,FORWARDED,2bb66051-43cf-4704-8dcf-c6001690c2b6,eaf4d1ba-b1eb-45c8-815f-7cd46c020870,c4,c1,912,?,p1,
1769748956.0831032,SENT,1bc520ef-b314-45d8-9bc4-d24181c8be11,8730bb5a-ff81-4c2a-b047-804188998300,c2,None,773,?,p3,
1769748956.0831413,FORWARDED,1bc520ef-b314-45d8-9bc4-d24181c8be11,8730bb5a-ff81-4c2a-b047-804188998300,c2,None,773,?,p3,
1769748956.159959,RECEIVED,56dd844d-0b3b-4c5a-a768-2dbcce6f28ec,1d8397c8-5173-4d3b-93d6-3fad17b8b34f,c1,DROP,684,i8,?,
1769748956.3031447,SENT,34c825f5-603e-4124-9b89-2b6f5a413b3d,c4f410b9-19e4-468d-ac7e-e2f50c0c8a27,c1,None,771,?,p1,
1769748956.303187,FORWARDED,34c825f5-603e-4124-9b89-2b6f5a413b3d,c4f410b9-19e4-468d-ac7e-e2f50c0c8a27,c1,None,771,?,p1,
1769748956.329968,SENT,a985067a-2bb0-4d6c-9228-af143110d0a1,3441fc8d-5a52-46a7-a34b-e54158a5fbc3,c4,c1,874,?,p1,
1769748956.3300066,FORWARDED,a985067a-2bb0-4d6c-9228-af143110d0a1,3441fc8d-5a52-46a7-a34b-e54158a5fbc3,c4,c1,874,?,p1,
1769748956.3428934,RECEIVED,f82884c3-d141-476e-9c1f-e1b92d82667c,bdd0dc84-357a-4fb8-82ba-58e98779313d,c4,DROP,679,i9,?,
1769748956.3569493,RECEIVED,8e288a2c-a354-4da0-b9a6-f5f8b5cc017f,dd684aa7-3b81-46d0-ade9-06cb00df2d7f,c4,DROP,683,i2,?,
1769748956.4106724,SENT,be0ac119-e806-4456-a799-ec4650bac237,b4965650-6468-4e09-92b3-d67d0431edf9,c5,c3,912,?,p3,
1769748956.4107409,FORWARDED,be0ac119-e806-4456-a799-ec4650bac237,b4965650-6468-4e09-92b3-d67d0431edf9,c5,c3,912,?,p3,
1769748956.4244807,SENT,56dd844d-0b3b-4c5a-a768-2dbcce6f28ec,1d8397c8-5173-4d3b-93d6-3fad17b8b34f,c1,DROP,441,?,e9,
1769748956.4245203,FORWARDED,56dd844d-0b3b-4c5a-a768-2dbcce6f28ec,1d8397c8-5173-4d3b-93d6-3fad17b8b34f,c1,DROP,441,?,e9,
1769748956.5147288,RECEIVED,4833dbb3-73aa-4aa7-bcb6-016e5dcc362c,f6c65588-2232-4c0b-8964-d983a80d4632,c4,DROP,693,i12,?,
1769748956.52832,RECEIVED,465d8f9d-63d9-4557-9c1e-0de634606388,b09ba3f2-a0ea-462e-9b29-dae03891256f,c5,None,1123,i11,?,
1769748956.5966454,SENT,4833dbb3-73aa-4aa7-bcb6-016e5dcc362c,f6c65588-2232-4c0b-8964-d983a80d4632,c4,DROP,447,?,i10,
1769748956.5966833,FORWARDED,4833dbb3-73aa-4aa7-bcb6-016e5dcc362c,f6c65588-2232-4c0b-8964-d983a80d4632,c4,DROP,447,?,i10,
1769748956.610237,SENT,23631325-6efa-4381-8728-7605b624c920,12c6834b-807b-44fe-811b-5c113a7bcaf5,c1,DROP,442,?,i12,
1769748956.6102862,FORWARDED,23631325-6efa-4381-8728-7605b624c920,12c6834b-807b-44fe-811b-5c113a7bcaf5,c1,DROP,442,?,i12,
1769748956.7393608,RECEIVED,5c44a0b9-ad7e-4ffa-a0f9-4ec225c5f671,e97c1533-45a4-4f3a-af36-a290c684d755,c1,DROP,441,x12,?,
1769748956.7895288,SENT,8e288a2c-a354-4da0-b9a6-f5f8b5cc017f,dd684aa7-3b81-46d0-ade9-06cb00df2d7f,c4,DROP,440,?,i7,
1769748956.78956,FORWARDED,8e288a2c-a354-4da0-b9a6-f5f8b5cc017f,dd684aa7-3b81-46d0-ade9-06cb00df2d7f,c4,DROP,440,?,i7,
1769748956.8284683,SENT,bc7f01c6-8f87-4786-bb58-ca05a1d07801,e4bebfb0-42eb-4534-8b2a-1107bf1addb9,c1,None,771,?,p1,
1769748956.8285108,FORWARDED,bc7f01c6-8f87-4786-bb58-ca05a1d07801,e4bebfb0-42eb-4534-8b2a-1107bf1addb9,c1,None,771,?,p1,
1769748956.9139125,RECEIVED,05c71bda-3d87-4632-a384-7768a87672b3,58d702d6-07cf-460d-9dab-e1f854686ff6,c3,DROP,685,i5,?,
1769748956.9898574,SENT,f82884c3-d141-476e-9c1f-e1b92d82667c,bdd0dc84-357a-4fb8-82ba-58e98779313d,c4,DROP,438,?,x1,
1769748956.9898975,FORWARDED,f82884c3-d141-476e-9c1f-e1b92d82667c,bdd0dc84-357a-4fb8-82ba-58e98779313d,c4,DROP,438,?,x1,
1769748956.9911847,RECEIVED,f75cf398-3246-4078-a938-3f91d3f84663,abd12c2d-f881-47db-95cf-d35927991abe,c1,c5,1267,i10,?,
1769748957.0145254,SENT,05c71bda-3d87-4632-a384-7768a87672b3,58d702d6-07cf-460d-9dab-e1f854686ff6,c3,DROP,441,?,i10,
1769748957.0145638,FORWARDED,05c71bda-3d87-4632-a384-7768a87672b3,58d702d6-07cf-460d-9dab-e1f854686ff6,c3,DROP,441,?,i10,
1769748957.0438159,RECEIVED,aa6b47d3-ff74-4622-9f28-77965becd251,7df30df0-194d-4688-ba2e-a321130e78ad,c2,DROP,687,i10,?,
1769748957.045421,RECEIVED,6b37de7d-46bb-4f94-9aca-a86725f2cdfe,1fd7a4da-7d75-4ec3-a59f-3e135d64050c,c2,DROP,688,i5,?,
1769748957.054645,SENT,465d8f9d-63d9-4557-9c1e-0de634606388,b09ba3f2-a0ea-462e-9b29-dae03891256f,c5,None,771,?,p1,
1769748957.0546877,FORWARDED,465d8f9d-63d9-4557-9c1e-0de634606388,b09ba3f2-a0ea-462e-9b29-dae03891256f,c5,None,771,?,p1,
1769748957.1285343,RECEIVED,478047ff-15a3-44da-8020-6296fecd44a4,564bf4f2-6e18-42ff-9da8-4e4a1b239f3a,c1,None,1131,i9,?,
1769748957.1758344,SENT,aa6b47d3-ff74-4622-9f28-77965becd251,7df30df0-194d-4688-ba2e-a321130e78ad,c2,DROP,442,?,x4,
1769748957.1758711,FORWARDED,aa6b47d3-ff74-4622-9f28-77965becd251,7df30df0-194d-4688-ba2e-a321130e78ad,c2,DROP,442,?,x4,
1769748957.1796436,RECEIVED,91b82d3c-c7f0-4e10-a9f7-118dcb13cfac,895faaea-8941-41f5-87ce-91cd708a078a,c4,c1,1312,i9,?,
1769748957.2225828,SENT,6b37de7d-46bb-4f94-9aca-a86725f2cdfe,1fd7a4da-7d75-4ec3-a59f-3e135d64050c,c2,DROP,442,?,x7,
1769748957.2226229,FORWARDED,6b37de7d-46bb-4f94-9aca-a86725f2cdfe,1fd7a4da-7d75-4ec3-a59f-3e135d64050c,c2,DROP,442,?,x7,
1769748957.264625,SENT,91b82d3c-c7f0-4e10-a9f7-118dcb13cfac,895faaea-8941-41f5-87ce-91cd708a078a,c4,c1,911,?,p1,
1769748957.2646658,FORWARDED,91b82d3c-c7f0-4e10-a9f7-118dcb13cfac,895faaea-8941-41f5-87ce-91cd708a078a,c4,c1,911,?,p1,
1769748957.5895019,RECEIVED,969cfac8-0bb2-49e9-96fc-d3289f85efa6,4e368efe-7695-4823-add9-a729a73cf275,c4,DROP,680,i3,?,
1769748957.636353,RECEIVED,d719d7f9-a3cc-4787-9eac-82de350b6d21,931b18ca-09c7-473d-a76d-ca71d8b80d4b,c2,DROP,688,i1,?,
1769748957.6373668,SENT,478047ff-15a3-44da-8020-6296fecd44a4,564bf4f2-6e18-42ff-9da8-4e4a1b239f3a,c1,None,776,?,p1,
1769748957.6374068,FORWARDED,478047ff-15a3-44da-8020-6296fecd44a4,564bf4f2-6e18-42ff-9da8-4e4a1b239f3a,c1,None,776,?,p1,
1769748957.6609204,RECEIVED,60258c4e-fd74-4bb8-84e2-a46adc6a7a26,42dafe12-8cc3-4da7-b430-efd18623e35e,c5,DROP,688,i4,?,
1769748957.7003117,SENT,969cfac8-0bb2-49e9-96fc-d3289f85efa6,4e368efe-7695-4823-add9-a729a73cf275,c4,DROP,437,?,e8,
1769748957.7003486,FORWARDED,969cfac8-0bb2-49e9-96fc-d3289f85efa6,4e368efe-7695-4823-add9-a729a73cf275,c4,DROP,437,?,e8,
1769748957.741102,SENT,f75cf398-3246-4078-a938-3f91d3f84663,abd12c2d-f881-47db-95cf-d35927991abe,c1,c5,877,?,p2,
1769748957.74114,FORWARDED,f75cf398-3246-4078-a938-3f91d3f84663,abd12c2d-f881-47db-95cf-d35927991abe,c1,c5,877,?,p2,
1769748957.7752964,RECEIVED,bbcc2d47-2284-4275-b7e4-0fcd6f1f28f9,f86b0237-2565-4ff2-b864-1ee827bb4e32,c2,c3,1256,i3,?,
1769748957.797233,RECEIVED,92530fd8-defc-406d-9e17-9ea13fa7ef23,e54e2a98-a42c-47c9-8c32-b59652d1c0a2,c5,None,1124,i11,?,
1769748957.841243,RECEIVED,58a797ab-6c92-4368-bf49-8f7cbf79e627,cc8e4564-d33f-4078-a9c9-138e362043aa,c2,None,1133,i8,?,
1769748957.8675938,SENT,58a797ab-6c92-4368-bf49-8f7cbf79e627,cc8e4564-d33f-4078-a9c9-138e362043aa,c2,None,775,?,p3,
1769748957.8676353,FORWARDED,58a797ab-6c92-4368-bf49-8f7cbf79e627,cc8e4564-d33f-4078-a9c9-138e362043aa,c2,None,775,?,p3,
1769748957.8794045,RECEIVED,83701d3b-6a2e-40da-8b69-b25862564864,6751a5c3-afc7-4858-bc47-bd268b49085b,c3,DROP,442,x4,?,
1769748957.9028308,SENT,bbcc2d47-2284-4275-b7e4-0fcd6f1f28f9,f86b0237-2565-4ff2-b864-1ee827bb4e32,c2,c3,868,?,p3,
1769748957.9028738,FORWARDED,bbcc2d47-2284-4275-b7e4-0fcd6f1f28f9,f86b0237-2565-4ff2-b864-1ee827bb4e32,c2,c3,868,?,p3,
1769748957.9244728,SENT,60258c4e-fd74-4bb8-84e2-a46adc6a7a26,42dafe12-8cc3-4da7-b430-efd18623e35e,c5,DROP,442,?,e5,
1769748957.9245126,FORWARDED,60258c4e-fd74-4bb8-84e2-a46adc6a7a26,42dafe12-8cc3-4da7-b430-efd18623e35e,c5,DROP,442,?,e5,
1769748957.9399183,SENT,d719d7f9-a3cc-4787-9eac-82de350b6d21,931b18ca-09c7-473d-a76d-ca71d8b80d4b,c2,DROP,443,?,i2,
1769748957.9399583,FORWARDED,d719d7f9-a3cc-4787-9eac-82de350b6d21,931b18ca-09c7-473d-a76d-ca71d8b80d4b,c2,DROP,443,?,i2,
1769748957.979872,RECEIVED,6fa92f27-56fd-45c3-839b-29ecb1a68781,616ad274-f6b1-4987-91b3-ae565d6e0bb1,c4,c1,1259,i8,?,
1769748958.020878,SENT,aa4d0b6e-48d7-4d69-8f6a-97fc1b2ddb91,9044c59f-80e6-4607-ac3e-facf1b57863f,c1,c5,871,?,p2,
1769748958.0209265,FORWARDED,aa4d0b6e-48d7-4d69-8f6a-97fc1b2ddb91,9044c59f-80e6-4607-ac3e-facf1b57863f,c1,c5,871,?,p2,
1769748958.0319152,SENT,92530fd8-defc-406d-9e17-9ea13fa7ef23,e54e2a98-a42c-47c9-8c32-b59652d1c0a2,c5,None,771,?,p1,
1769748958.0319529,FORWARDED,92530fd8-defc-406d-9e17-9ea13fa7ef23,e54e2a98-a42c-47c9-8c32-b59652d1c0a2,c5,None,771,?,p1,
1769748958.2235477,RECEIVED,35123f73-ba11-4856-959c-a5a31a82a25f,97d62c6d-244e-46fe-87f6-ed14e0867304,c5,None,1130,i8,?,
1769748958.2567637,RECEIVED,50562a83-da64-42fc-847e-76c877e865e2,f8a24b66-7d7b-417e-8288-07ca0579a017,c4,DROP,683,i1,?,
1769748958.3211935,RECEIVED,a9448a87-8b8d-4665-a914-14b04da9b207,baea2c83-116e-499c-b567-88e857517241,c3,None,1124,i9,?,
1769748958.380963,SENT,a9448a87-8b8d-4665-a914-14b04da9b207,baea2c83-116e-499c-b567-88e857517241,c3,None,771,?,p2,
1769748958.3810046,FORWARDED,a9448a87-8b8d-4665-a914-14b04da9b207,baea2c83-116e-499c-b567-88e857517241,c3,None,771,?,p2,
1769748958.4336445,SENT,35123f73-ba11-4856-959c-a5a31a82a25f,97d62c6d-244e-46fe-87f6-ed14e0867304,c5,None,776,?,p1,
1769748958.4336836,FORWARDED,35123f73-ba11-4856-959c-a5a31a82a25f,97d62c6d-244e-46fe-87f6-ed14e0867304,c5,None,776,?,p1,
1769748958.484476,RECEIVED,b17a5f80-edc9-46e5-8dd3-4b676167c0a7,0c1c8576-cd81-42bf-a3c8-00b9c54db722,c3,DROP,679,i5,?,
1769748958.5045974,RECEIVED,88b0709b-09f2-45a9-b890-1893d75b2478,684de382-c8f9-4cad-9ea4-627d91968b33,c4,c1,1324,i10,?,
1769748958.5087576,RECEIVED,023ef2a6-da44-4829-8228-30ad6acbe917,295e8fbf-15de-417c-8857-ba52ab348ab6,c1,DROP,685,i12,?,
1769748958.5105267,RECEIVED,5abcc6eb-0594-44a4-aa9f-840987e635ae,6395ed77-d330-4d6f-bd18-a843fafdee51,c3,DROP,685,i12,?,
1769748958.5712879,SENT,5abcc6eb-0594-44a4-aa9f-840987e635ae,6395ed77-d330-4d6f-bd18-a843fafdee51,c3,DROP,441,?,i7,
1769748958.5713315,FORWARDED,5abcc6eb-0594-44a4-aa9f-840987e635ae,6395ed77-d330-4d6f-bd18-a843fafdee51,c3,DROP,441,?,i7,
1769748958.5967708,SENT,50562a83-da64-42fc-847e-76c877e865e2,f8a24b66-7d7b-417e-8288-07ca0579a017,c4,DROP,441,?,i8,
1769748958.5968094,FORWARDED,50562a83-da64-42fc-847e-76c877e865e2,f8a24b66-7d7b-417e-8288-07ca0579a017,c4,DROP,441,?,i8,
1769748958.6091936,SENT,023ef2a6-da44-4829-8228-30ad6acbe917,295e8fbf-15de-417c-8857-ba52ab348ab6,c1,DROP,441,?,x12,
1769748958.6092298,FORWARDED,023ef2a6-da44-4829-8228-30ad6acbe917,295e8fbf-15de-417c-8857-ba52ab348ab6,c1,DROP,441,?,x12,
1769748958.683753,SENT,6fa92f27-56fd-45c3-839b-29ecb1a68781,616ad274-f6b1-4987-91b3-ae565d6e0bb1,c4,c1,872,?,p1,
1769748958.6837893,FORWARDED,6fa92f27-56fd-45c3-839b-29ecb1a68781,616ad274-f6b1-4987-91b3-ae565d6e0bb1,c4,c1,872,?,p1,
1769748958.7010615,RECEIVED,477f824e-9c22-459a-a2c0-381c9627f524,546d6920-1701-4b79-828d-e1904fdd185c,c5,None,1131,i3,?,
1769748958.7241,RECEIVED,9ad3036f-562d-4c5e-80bd-eef1a091e419,3cbd3360-db99-4e17-93eb-ee18b602140f,c4,DROP,684,i1,?,
1769748958.7293775,RECEIVED,ed4157e4-836c-4c01-808a-a4176c1962c1,df785a4c-291f-49ef-9614-8e38740b1300,c2,DROP,692,i3,?,
1769748958.785303,SENT,ed4157e4-836c-4c01-808a-a4176c1962c1,df785a4c-291f-49ef-9614-8e38740b1300,c2,DROP,445,?,e1,
1769748958.7853425,FORWARDED,ed4157e4-836c-4c01-808a-a4176c1962c1,df785a4c-291f-49ef-9614-8e38740b1300,c2,DROP,445,?,e1,
1769748958.8083894,SENT,477f824e-9c22-459a-a2c0-381c9627f524,546d6920-1701-4b79-828d-e1904fdd185c,c5,None,775,?,p1,
1769748958.8084311,FORWARDED,477f824e-9c22-459a-a2c0-381c9627f524,546d6920-1701-4b79-828d-e1904fdd185c,c5,None,775,?,p1,
1769748958.8724785,RECEIVED,89d68c41-aa9d-421d-b4f6-61c48e73d89a,34fcb215-7f08-40ca-ac3e-b0a56a63fff6,c5,DROP,680,i9,?,
1769748958.8728614,RECEIVED,b63ff669-3e1b-4ecb-a6d9-e2c95511f9ef,7c09af31-3f7c-43eb-9469-1917cc958aa1,c2,DROP,443,x7,?,
1769748958.8818316,RECEIVED,8d190d3e-4329-43ae-90c6-047fa1d418ac,5b5e9b34-8d68-4dab-a1f6-aa9f355c2818,c4,DROP,442,x2,?,
1769748958.8840315,SENT,88b0709b-09f2-45a9-b890-1893d75b2478,684de382-c8f9-4cad-9ea4-627d91968b33,c4,c1,920,?,p1,
1769748958.8853853,FORWARDED,88b0709b-09f2-45a9-b890-1893d75b2478,684de382-c8f9-4cad-9ea4-627d91968b33,c4,c1,920,?,p1,
1769748958.8855593,RECEIVED,3f38fea6-c520-4308-bc0f-955db1d20e5f,b3718aa4-f418-49c5-89b8-0d4136df4907,c3,None,1132,i6,?,
1769748958.9121113,SENT,89d68c41-aa9d-421d-b4f6-61c48e73d89a,34fcb215-7f08-40ca-ac3e-b0a56a63fff6,c5,DROP,437,?,x7,
1769748958.9121492,FORWARDED,89d68c41-aa9d-421d-b4f6-61c48e73d89a,34fcb215-7f08-40ca-ac3e-b0a56a63fff6,c5,DROP,437,?,x7,
1769748958.9232268,RECEIVED,90d5c952-f4d9-4e4e-a54a-ac398f98b6dc,c1aab898-a59b-4c57-b0ad-bc2a31ea9931,c2,DROP,688,i9,?,
1769748958.9371393,RECEIVED,19a49587-87f8-4ffc-9b68-b840e11c9f5e,39d491df-8e51-4622-8f2b-91783036129c,c1,DROP,692,i10,?,
1769748958.9699814,RECEIVED,952a47d2-8dc3-4b04-8906-b8a2e1bd3ebc,813552aa-df73-4988-ba5d-52086d0c117e,c1,DROP,685,i7,?,
1769748958.9713867,SENT,3f38fea6-c520-4308-bc0f-955db1d20e5f,b3718aa4-f418-49c5-89b8-0d4136df4907,c3,None,776,?,p2,
1769748958.9714258,FORWARDED,3f38fea6-c520-4308-bc0f-955db1d20e5f,b3718aa4-f418-49c5-89b8-0d4136df4907,c3,None,776,?,p2,
1769748958.977938,SENT,952a47d2-8dc3-4b04-8906-b8a2e1bd3ebc,813552aa-df73-4988-ba5d-52086d0c117e,c1,DROP,441,?,e9,
1769748958.9779758,FORWARDED,952a47d2-8dc3-4b04-8906-b8a2e1bd3ebc,813552aa-df73-4988-ba5d-52086d0c117e,c1,DROP,441,?,e9,
1769748959.0247657,SENT,19a49587-87f8-4ffc-9b68-b840e11c9f5e,39d491df-8e51-4622-8f2b-91783036129c,c1,DROP,445,?,i1,
1769748959.024805,FORWARDED,19a49587-87f8-4ffc-9b68-b840e11c9f5e,39d491df-8e51-4622-8f2b-91783036129c,c1,DROP,445,?,i1,
1769748959.1285512,SENT,90d5c952-f4d9-4e4e-a54a-ac398f98b6dc,c1aab898-a59b-4c57-b0ad-bc2a31ea9931,c2,DROP,442,?,e9,
1769748959.128592,FORWARDED,90d5c952-f4d9-4e4e-a54a-ac398f98b6dc,c1aab898-a59b-4c57-b0ad-bc2a31ea9931,c2,DROP,442,?,e9,
1769748959.235487,RECEIVED,e6131bc6-92c2-4962-af2c-41e7bee1389e,6cf4edaf-7e52-4d92-8bac-6d90e4607a39,c5,DROP,688,i2,?,
1769748959.3094356,RECEIVED,0ccba4b1-a5a7-4343-9997-3aac5d4cedf5,1a207645-63fa-4005-b681-29c25e69c7ec,c4,DROP,688,i12,?,
1769748959.325643,RECEIVED,b1560a30-b4da-4712-85e1-0ea52c1e6509,1dfb7800-6361-4594-ad0c-c7524773cd0d,c1,None,1127,i4,?,
1769748959.4941595,SENT,0ccba4b1-a5a7-4343-9997-3aac5d4cedf5,1a207645-63fa-4005-b681-29c25e69c7ec,c4,DROP,442,?,x1,
1769748959.4942,FORWARDED,0ccba4b1-a5a7-4343-9997-3aac5d4cedf5,1a207645-63fa-4005-b681-29c25e69c7ec,c4,DROP,442,?,x1,
1769748959.5044055,RECEIVED,fb4c1223-71e5-4692-b897-583d2ef8debe,d445c806-e1a9-42ee-88e5-fbf71be6fcc3,c1,None,1124,i11,?,
1769748959.5484347,SENT,e6131bc6-92c2-4962-af2c-41e7bee1389e,6cf4edaf-7e52-4d92-8bac-6d90e4607a39,c5,DROP,442,?,x6,
1769748959.5484755,FORWARDED,e6131bc6-92c2-4962-af2c-41e7bee1389e,6cf4edaf-7e52-4d92-8bac-6d90e4607a39,c5,DROP,442,?,x6,
1769748959.595332,RECEIVED,e849d4c1-02e7-44db-95fd-e91b54e64e3f,ae0a7ce5-ba05-47d7-b00f-9176cd767edd,c1,DROP,442,x7,?,
1769748959.5958323,RECEIVED,a228b4f6-2171-4a2e-bfb3-508ee2258a0a,46bcb246-24f7-4d6d-9148-3140bea8d20a,c5,c3,1315,i11,?,
1769748959.5975363,SENT,fb4c1223-71e5-4692-b897-583d2ef8debe,d445c806-e1a9-42ee-88e5-fbf71be6fcc3,c1,None,771,?,p1,
1769748959.5975778,FORWARDED,fb4c1223-71e5-4692-b897-583d2ef8debe,d445c806-e1a9-42ee-88e5-fbf71be6fcc3,c1,None,771,?,p1,
1769748959.6160936,RECEIVED,7e72cdd5-0543-43f4-b0e5-c54025ad3e2f,13df6643-0632-49a7-a2a4-643bae0c34fd,c1,DROP,436,x9,?,
1769748959.6546502,RECEIVED,9dbef032-e241-4068-8931-9244b578a92a,4c96b886-12a1-488e-b79e-9ee25283903e,c5,DROP,440,x9,?,
1769748959.8201156,SENT,9ad3036f-562d-4c5e-80bd-eef1a091e419,3cbd3360-db99-4e17-93eb-ee18b602140f,c4,DROP,441,?,i10,
1769748959.8201566,FORWARDED,9ad3036f-562d-4c5e-80bd-eef1a091e419,3cbd3360-db99-4e17-93eb-ee18b602140f,c4,DROP,441,?,i10,
1769748959.8911722,RECEIVED,7a9ce00d-8303-4568-96e1-f9b714f35d85,2c817197-eee0-4b7a-b308-e899f97a66c8,c5,DROP,684,i7,?,
1769748960.046621,RECEIVED,bf9ecc93-7ee2-49f9-b6f3-db10672caca6,6c13d2cd-e7aa-4e17-aa59-b7b253fd1f83,c5,c3,1259,i6,?,
1769748960.0945258,SENT,7a9ce00d-8303-4568-96e1-f9b714f35d85,2c817197-eee0-4b7a-b308-e899f97a66c8,c5,DROP,441,?,x5,
1769748960.0945668,FORWARDED,7a9ce00d-8303-4568-96e1-f9b714f35d85,2c817197-eee0-4b7a-b308-e899f97a66c8,c5,DROP,441,?,x5,
1769748960.1163955,SENT,b1560a30-b4da-4712-85e1-0ea52c1e6509,1dfb7800-6361-4594-ad0c-c7524773cd0d,c1,None,773,?,p1,
1769748960.1164386,FORWARDED,b1560a30-b4da-4712-85e1-0ea52c1e6509,1dfb7800-6361-4594-ad0c-c7524773cd0d,c1,None,773,?,p1,
1769748960.1717217,RECEIVED,494cf672-0e37-4a16-ae58-bc0556580f7e,f25b1975-8f7a-4e15-9ec9-93c989f5a7b8,c5,None,1131,i5,?,
1769748960.338322,RECEIVED,66443c33-0282-4184-9a24-b7f61a33e446,30fc5734-808b-4474-8172-d86fbb98f5ef,c3,DROP,441,x4,?,
1769748960.3631537,RECEIVED,9f0ca92e-5fdb-450c-9291-5af482133082,70f2f6bc-c31b-452b-8d6a-9e137f65f9f5,c1,None,1127,i8,?,
1769748960.4134135,SENT,494cf672-0e37-4a16-ae58-bc0556580f7e,f25b1975-8f7a-4e15-9ec9-93c989f5a7b8,c5,None,775,?,p1,
1769748960.4134583,FORWARDED,494cf672-0e37-4a16-ae58-bc0556580f7e,f25b1975-8f7a-4e15-9ec9-93c989f5a7b8,c5,None,775,?,p1,
1769748960.624113,SENT,a228b4f6-2171-4a2e-bfb3-508ee2258a0a,46bcb246-24f7-4d6d-9148-3140bea8d20a,c5,c3,915,?,p3,
1769748960.624153,FORWARDED,a228b4f6-2171-4a2e-bfb3-508ee2258a0a,46bcb246-24f7-4d6d-9148-3140bea8d20a,c5,c3,915,?,p3,
1769748960.7235305,RECEIVED,6087a03d-d4f4-4cdb-a503-3caaab637d95,82a6b715-4319-4bf6-8684-c811c8660498,c1,c5,1319,i5,?,
1769748960.7586205,SENT,b17a5f80-edc9-46e5-8dd3-4b676167c0a7,0c1c8576-cd81-42bf-a3c8-00b9c54db722,c3,DROP,437,?,e1,
1769748960.7586572,FORWARDED,b17a5f80-edc9-46e5-8dd3-4b676167c0a7,0c1c8576-cd81-42bf-a3c8-00b9c54db722,c3,DROP,437,?,e1,
1769748960.9012947,RECEIVED,fd04f346-fae6-4c23-9214-9a7b21f20ae1,b1e0c6eb-b608-4891-8d6b-820e809593a2,c1,c5,1315,i5,?,
1769748960.934733,SENT,6087a03d-d4f4-4cdb-a503-3caaab637d95,82a6b715-4319-4bf6-8684-c811c8660498,c1,c5,916,?,p2,
1769748960.9347696,FORWARDED,6087a03d-d4f4-4cdb-a503-3caaab637d95,82a6b715-4319-4bf6-8684-c811c8660498,c1,c5,916,?,p2,
1769748960.9843895,RECEIVED,3c48191a-f2fb-4e7c-bc4d-987b20b1012e,7be945ab-f239-4439-9bab-bef0bd5af9d1,c5,DROP,687,i11,?,
1769748961.0550556,RECEIVED,3fd17997-8b33-413c-9ec1-c050ee2e12bf,7f72f1ca-b87a-4cc1-8fc5-02f49cedb0b1,c5,None,1130,i3,?,
1769748961.1197786,SENT,9f0ca92e-5fdb-450c-9291-5af482133082,70f2f6bc-c31b-452b-8d6a-9e137f65f9f5,c1,None,772,?,p1,
1769748961.119822,FORWARDED,9f0ca92e-5fdb-450c-9291-5af482133082,70f2f6bc-c31b-452b-8d6a-9e137f65f9f5,c1,None,772,?,p1,
1769748961.1911683,SENT,3c48191a-f2fb-4e7c-bc4d-987b20b1012e,7be945ab-f239-4439-9bab-bef0bd5af9d1,c5,DROP,442,?,i3,
1769748961.1912103,FORWARDED,3c48191a-f2fb-4e7c-bc4d-987b20b1012e,7be945ab-f239-4439-9bab-bef0bd5af9d1,c5,DROP,442,?,i3,
1769748961.2470188,RECEIVED,db2201d8-2df6-40c6-8ae0-c63b7bd88c9a,78d4ca3f-c5b7-469f-aeb0-84812fd842a0,c3,DROP,688,i12,?,
1769748961.2847443,RECEIVED,ccbe1118-b092-4958-821a-3e6266ae7507,1aec3819-cd21-40fb-abb5-ac7f5a1a795a,c1,DROP,441,x7,?,
1769748961.2904737,RECEIVED,42f83014-d42d-4c40-a2d7-ffe30e6c251b,67cacb76-d9eb-4f4b-bca0-9350b307bc57,c5,None,1127,i11,?,
1769748961.4998245,RECEIVED,aa5bedc6-0b40-4148-bc56-d97763764b8b,c2f9e49f-76f6-4e6d-887f-58b802634fa9,c4,DROP,442,x10,?,
1769748961.5607128,SENT,bf9ecc93-7ee2-49f9-b6f3-db10672caca6,6c13d2cd-e7aa-4e17-aa59-b7b253fd1f83,c5,c3,873,?,p3,
1769748961.5607526,FORWARDED,bf9ecc93-7ee2-49f9-b6f3-db10672caca6,6c13d2cd-e7aa-4e17-aa59-b7b253fd1f83,c5,c3,873,?,p3,
1769748961.640698,SENT,db2201d8-2df6-40c6-8ae0-c63b7bd88c9a,78d4ca3f-c5b7-469f-aeb0-84812fd842a0,c3,DROP,442,?,i11,
1769748961.640738,FORWARDED,db2201d8-2df6-40c6-8ae0-c63b7bd88c9a,78d4ca3f-c5b7-469f-aeb0-84812fd842a0,c3,DROP,442,?,i11,
1769748961.6918886,RECEIVED,6309ee18-fadf-4733-82b4-c48fe6e68f4a,9d7798a1-8205-4578-af6a-f0641af78001,c4,c1,1263,i8,?,
1769748961.7472084,RECEIVED,bb52bd1a-2b11-48e3-8d83-7812775b7fb5,28d59c8f-0455-4f72-85ed-4a289dd21b52,c4,DROP,683,i2,?,
1769748961.8282294,SENT,42f83014-d42d-4c40-a2d7-ffe30e6c251b,67cacb76-d9eb-4f4b-bca0-9350b307bc57,c5,None,772,?,p1,
1769748961.8282702,FORWARDED,42f83014-d42d-4c40-a2d7-ffe30e6c251b,67cacb76-d9eb-4f4b-bca0-9350b307bc57,c5,None,772,?,p1,
1769748961.862608,SENT,fd04f346-fae6-4c23-9214-9a7b21f20ae1,b1e0c6eb-b608-4891-8d6b-820e809593a2,c1,c5,915,?,p2,
1769748961.8626513,FORWARDED,fd04f346-fae6-4c23-9214-9a7b21f20ae1,b1e0c6eb-b608-4891-8d6b-820e809593a2,c1,c5,915,?,p2,
1769748961.867689,SENT,6309ee18-fadf-4733-82b4-c48fe6e68f4a,9d7798a1-8205-4578-af6a-f0641af78001,c4,c1,875,?,p1,
1769748961.8677266,FORWARDED,6309ee18-fadf-4733-82b4-c48fe6e68f4a,9d7798a1-8205-4578-af6a-f0641af78001,c4,c1,875,?,p1,
1769748961.8740869,RECEIVED,e4d05f2f-a4b6-4a96-b5bc-a452442e779c,8eb8e1c8-d374-447c-a6e5-57ee0a15385b,c5,DROP,685,i11,?,
1769748961.908325,RECEIVED,0a229c06-f19a-401d-a035-1726b51f93e7,acd5ccc3-b795-4026-a1c5-b8a95c90965c,c5,None,1127,i6,?,
1769748961.9386473,RECEIVED,be59961f-dd20-4357-8e5e-26a1d2e0a9fd,21917e35-867c-4017-bb0b-c4343d238a82,c3,DROP,682,i8,?,
1769748961.9835095,RECEIVED,a72e4c81-4221-4f56-8a33-6b17b728214d,803760b9-d729-4377-812d-d476b42d8ee4,c3,DROP,684,i9,?,
1769748962.0948906,RECEIVED,a416f04d-bd24-4cf4-891e-c601cc7ab6c1,1dd2fac8-894e-4205-a84b-f274fd96833a,c2,None,1124,i8,?,
1769748962.1540365,RECEIVED,0cd9498e-3993-45b4-8544-b90528c02975,6745110d-6a63-46b8-922b-0f4c3ed68eea,c1,None,1123,i2,?,
1769748962.1960392,RECEIVED,33ea4e13-a445-4220-a35a-1b8a39b6a9cf,fa655a71-1370-4f55-9071-c5d1813573eb,c2,None,1136,i12,?,
1769748962.2044077,RECEIVED,79c6131e-e167-4a34-b861-25351c9853a8,1a450d9f-a08f-46d7-b79b-86efd9338c62,c3,DROP,683,i11,?,
1769748962.21599,SENT,3fd17997-8b33-413c-9ec1-c050ee2e12bf,7f72f1ca-b87a-4cc1-8fc5-02f49cedb0b1,c5,None,776,?,p1,
1769748962.2160285,FORWARDED,3fd17997-8b33-413c-9ec1-c050ee2e12bf,7f72f1ca-b87a-4cc1-8fc5-02f49cedb0b1,c5,None,776,?,p1,
1769748962.2401652,SENT,e4d05f2f-a4b6-4a96-b5bc-a452442e779c,8eb8e1c8-d374-447c-a6e5-57ee0a15385b,c5,DROP,441,?,x11,
1769748962.2402058,FORWARDED,e4d05f2f-a4b6-4a96-b5bc-a452442e779c,8eb8e1c8-d374-447c-a6e5-57ee0a15385b,c5,DROP,441,?,x11,
1769748962.2706409,SENT,a416f04d-bd24-4cf4-891e-c601cc7ab6c1,1dd2fac8-894e-4205-a84b-f274fd96833a,c2,None,771,?,p3,
1769748962.2706816,FORWARDED,a416f04d-bd24-4cf4-891e-c601cc7ab6c1,1dd2fac8-894e-4205-a84b-f274fd96833a,c2,None,771,?,p3,
1769748962.2779794,RECEIVED,910a66e9-6c96-447e-a5ab-192f66187ec2,950205c1-681c-4d24-80d2-ffb73b8da208,c4,c1,1260,i4,?,
1769748962.356283,SENT,a72e4c81-4221-4f56-8a33-6b17b728214d,803760b9-d729-4377-812d-d476b42d8ee4,c3,DROP,440,?,i10,
1769748962.3563235,FORWARDED,a72e4c81-4221-4f56-8a33-6b17b728214d,803760b9-d729-4377-812d-d476b42d8ee4,c3,DROP,440,?,i10,
1769748962.368706,SENT,33ea4e13-a445-4220-a35a-1b8a39b6a9cf,fa655a71-1370-4f55-9071-c5d1813573eb,c2,None,779,?,p3,
1769748962.3687463,FORWARDED,33ea4e13-a445-4220-a35a-1b8a39b6a9cf,fa655a71-1370-4f55-9071-c5d1813573eb,c2,None,779,?,p3,
1769748962.387174,SENT,bb52bd1a-2b11-48e3-8d83-7812775b7fb5,28d59c8f-0455-4f72-85ed-4a289dd21b52,c4,DROP,441,?,e1,
1769748962.3872213,FORWARDED,bb52bd1a-2b11-48e3-8d83-7812775b7fb5,28d59c8f-0455-4f72-85ed-4a289dd21b52,c4,DROP,441,?,e1,
1769748962.4593828,RECEIVED,b6eba026-b545-4920-b6c6-949496ef1da8,e6a942c9-c7aa-4ff6-a64e-d04deee49916,c3,DROP,441,x1,?,
1769748962.4786704,SENT,910a66e9-6c96-447e-a5ab-192f66187ec2,950205c1-681c-4d24-80d2-ffb73b8da208,c4,c1,872,?,p1,
1769748962.4787095,FORWARDED,910a66e9-6c96-447e-a5ab-192f66187ec2,950205c1-681c-4d24-80d2-ffb73b8da208,c4,c1,872,?,p1,
1769748962.5183654,RECEIVED,c4304952-71a8-4bf6-ab99-94ebee26eda7,aa7bcb89-19a0-4a5b-9b23-fa32b666c101,c4,DROP,686,i8,?,
1769748962.5654154,SENT,be59961f-dd20-4357-8e5e-26a1d2e0a9fd,21917e35-867c-4017-bb0b-c4343d238a82,c3,DROP,441,?,x6,
1769748962.5654624,FORWARDED,be59961f-dd20-4357-8e5e-26a1d2e0a9fd,21917e35-867c-4017-bb0b-c4343d238a82,c3,DROP,441,?,x6,
1769748962.6695492,RECEIVED,0781603e-6033-40f5-862e-4da52ee35456,dc561efb-d955-4fd9-8430-27be95f6018b,c4,c1,1315,i8,?,
1769748962.6758955,RECEIVED,22b92e8f-8b15-4173-bb13-fe25dccea3ec,4a583890-6ada-4707-a341-95841129f48a,c3,c2,1252,i5,?,
1769748962.7904487,SENT,79c6131e-e167-4a34-b861-25351c9853a8,1a450d9f-a08f-46d7-b79b-86efd9338c62,c3,DROP,441,?,e8,
1769748962.790485,FORWARDED,79c6131e-e167-4a34-b861-25351c9853a8,1a450d9f-a08f-46d7-b79b-86efd9338c62,c3,DROP,441,?,e8,
1769748962.8318586,RECEIVED,8ec6afb2-6233-4c30-b823-73bd38391b19,a1b3e075-9136-4738-a42b-56abb52ca3be,c4,DROP,441,x1,?,
1769748962.8637767,SENT,22b92e8f-8b15-4173-bb13-fe25dccea3ec,4a583890-6ada-4707-a341-95841129f48a,c3,c2,867,?,p2,
1769748962.8638148,FORWARDED,22b92e8f-8b15-4173-bb13-fe25dccea3ec,4a583890-6ada-4707-a341-95841129f48a,c3,c2,867,?,p2,
1769748963.085464,SENT,0a229c06-f19a-401d-a035-1726b51f93e7,acd5ccc3-b795-4026-a1c5-b8a95c90965c,c5,None,772,?,p1,
1769748963.0855062,FORWARDED,0a229c06-f19a-401d-a035-1726b51f93e7,acd5ccc3-b795-4026-a1c5-b8a95c90965c,c5,None,772,?,p1,
1769748963.1041582,RECEIVED,23737b25-e873-4dfd-bf93-58d1fb43c72f,135f9958-de11-4a83-937d-cc2363d8d7c7,c2,DROP,687,i7,?,
1769748963.14492,SENT,0cd9498e-3993-45b4-8544-b90528c02975,6745110d-6a63-46b8-922b-0f4c3ed68eea,c1,None,770,?,p1,
1769748963.1449633,FORWARDED,0cd9498e-3993-45b4-8544-b90528c02975,6745110d-6a63-46b8-922b-0f4c3ed68eea,c1,None,770,?,p1,
1769748963.1585226,RECEIVED,8a75ece2-dcf0-46a6-b14a-a95197a53884,62f6fd91-ecc2-4cc9-a9b4-aedd5cbb30ea,c5,DROP,693,i7,?,
1769748963.2502007,SENT,8a75ece2-dcf0-46a6-b14a-a95197a53884,62f6fd91-ecc2-4cc9-a9b4-aedd5cbb30ea,c5,DROP,445,?,e11,
1769748963.2502394,FORWARDED,8a75ece2-dcf0-46a6-b14a-a95197a53884,62f6fd91-ecc2-4cc9-a9b4-aedd5cbb30ea,c5,DROP,445,?,e11,
1769748963.3165324,RECEIVED,0c895229-e2b2-439b-99dc-9af1368400a9,01fa7d21-3529-42f4-b52f-3ac7201c8551,c1,DROP,684,i11,?,
1769748963.3548248,RECEIVED,e3e47f96-50cd-404a-96ee-08a475237191,d0115419-56c2-40d6-844a-b8bc4aa66601,c3,DROP,682,i11,?,
1769748963.4650044,RECEIVED,3c5804f9-67eb-4e8b-9a10-39d5aff75ee6,a2337f72-cdce-477f-beeb-8acd95a3c094,c3,DROP,685,i9,?,
1769748963.5050209,SENT,0c895229-e2b2-439b-99dc-9af1368400a9,01fa7d21-3529-42f4-b52f-3ac7201c8551,c1,DROP,441,?,i2,
1769748963.5050685,FORWARDED,0c895229-e2b2-439b-99dc-9af1368400a9,01fa7d21-3529-42f4-b52f-3ac7201c8551,c1,DROP,441,?,i2,
1769748963.5722115,SENT,c4304952-71a8-4bf6-ab99-94ebee26eda7,aa7bcb89-19a0-4a5b-9b23-fa32b666c101,c4,DROP,442,?,x9,
1769748963.572253,FORWARDED,c4304952-71a8-4bf6-ab99-94ebee26eda7,aa7bcb89-19a0-4a5b-9b23-fa32b666c101,c4,DROP,442,?,x9,
1769748963.615007,RECEIVED,3f1bff6d-b567-47af-8476-9ea2cd0ab980,084f6b3e-ec90-4b46-92c4-d91322ce0b15,c4,c1,1252,i11,?,
1769748963.6368358,SENT,23737b25-e873-4dfd-bf93-58d1fb43c72f,135f9958-de11-4a83-937d-cc2363d8d7c7,c2,DROP,442,?,i8,
1769748963.6368766,FORWARDED,23737b25-e873-4dfd-bf93-58d1fb43c72f,135f9958-de11-4a83-937d-cc2363d8d7c7,c2,DROP,442,?,i8,
1769748963.672839,RECEIVED,57ebbc57-bdd0-412a-b060-7c9ea573594d,55e0cb9d-b9c7-4c15-8eaf-eb106e240641,c5,DROP,441,x12,?,
1769748963.7163968,SENT,3c5804f9-67eb-4e8b-9a10-39d5aff75ee6,a2337f72-cdce-477f-beeb-8acd95a3c094,c3,DROP,441,?,e11,
1769748963.716436,FORWARDED,3c5804f9-67eb-4e8b-9a10-39d5aff75ee6,a2337f72-cdce-477f-beeb-8acd95a3c094,c3,DROP,441,?,e11,
1769748963.7310836,RECEIVED,6777ef2a-52eb-4de8-b610-b68a1accc8b3,1803c6bc-9d3a-40f7-9863-ec64259bdf1a,c4,DROP,690,i7,?,
1769748963.8202174,SENT,6777ef2a-52eb-4de8-b610-b68a1accc8b3,1803c6bc-9d3a-40f7-9863-ec64259bdf1a,c4,DROP,442,?,e12,
1769748963.8202565,FORWARDED,6777ef2a-52eb-4de8-b610-b68a1accc8b3,1803c6bc-9d3a-40f7-9863-ec64259bdf1a,c4,DROP,442,?,e12,
1769748963.869216,RECEIVED,4962c7d5-53d3-4fae-8e10-2cdc534471af,37c7d955-e0be-4e7d-b234-a5cf56dd98b7,c3,DROP,684,i9,?,
1769748963.888589,SENT,0781603e-6033-40f5-862e-4da52ee35456,dc561efb-d955-4fd9-8430-27be95f6018b,c4,c1,913,?,p1,
1769748963.8886263,FORWARDED,0781603e-6033-40f5-862e-4da52ee35456,dc561efb-d955-4fd9-8430-27be95f6018b,c4,c1,913,?,p1,
1769748963.8971913,SENT,3f1bff6d-b567-47af-8476-9ea2cd0ab980,084f6b3e-ec90-4b46-92c4-d91322ce0b15,c4,c1,867,?,p1,
1769748963.8972301,FORWARDED,3f1bff6d-b567-47af-8476-9ea2cd0ab980,084f6b3e-ec90-4b46-92c4-d91322ce0b15,c4,c1,867,?,p1,
1769748963.9437304,RECEIVED,096c83b8-7273-4fd9-b28e-a36fc7a22688,e853a454-3448-483b-911d-390f79216d0e,c5,None,1128,i9,?,
1769748964.1169293,SENT,096c83b8-7273-4fd9-b28e-a36fc7a22688,e853a454-3448-483b-911d-390f79216d0e,c5,None,772,?,p1,
1769748964.1169703,FORWARDED,096c83b8-7273-4fd9-b28e-a36fc7a22688,e853a454-3448-483b-911d-390f79216d0e,c5,None,772,?,p1,
1769748964.251803,RECEIVED,42538e3b-8699-452d-95f2-af1ed398e794,4c805ce5-f35e-4d31-b561-0f3e2937ea3e,c1,DROP,688,i8,?,
1769748964.3371084,SENT,42538e3b-8699-452d-95f2-af1ed398e794,4c805ce5-f35e-4d31-b561-0f3e2937ea3e,c1,DROP,443,?,x5,
1769748964.337149,FORWARDED,42538e3b-8699-452d-95f2-af1ed398e794,4c805ce5-f35e-4d31-b561-0f3e2937ea3e,c1,DROP,443,?,x5,
1769748964.3796437,SENT,4962c7d5-53d3-4fae-8e10-2cdc534471af,37c7d955-e0be-4e7d-b234-a5cf56dd98b7,c3,DROP,441,?,i10,
1769748964.3796854,FORWARDED,4962c7d5-53d3-4fae-8e10-2cdc534471af,37c7d955-e0be-4e7d-b234-a5cf56dd98b7,c3,DROP,441,?,i10,
1769748964.4432385,RECEIVED,09b31931-4c9e-4331-98b6-93132b1deeef,9d397d1b-0ff6-4c20-900d-540844878aba,c3,DROP,684,i1,?,
1769748964.6110542,SENT,e3e47f96-50cd-404a-96ee-08a475237191,d0115419-56c2-40d6-844a-b8bc4aa66601,c3,DROP,441,?,e6,
1769748964.611098,FORWARDED,e3e47f96-50cd-404a-96ee-08a475237191,d0115419-56c2-40d6-844a-b8bc4aa66601,c3,DROP,441,?,e6,
1769748964.6305776,RECEIVED,31fb7445-b64d-4d50-bae3-d8f4e92bfdc6,82a87939-1081-4f1a-a394-72986909ebcc,c2,DROP,683,i3,?,
1769748964.6795473,SENT,09b31931-4c9e-4331-98b6-93132b1deeef,9d397d1b-0ff6-4c20-900d-540844878aba,c3,DROP,441,?,e7,
1769748964.6795797,FORWARDED,09b31931-4c9e-4331-98b6-93132b1deeef,9d397d1b-0ff6-4c20-900d-540844878aba,c3,DROP,441,?,e7,
1769748964.9196596,RECEIVED,6bc942f9-ed65-4776-88f3-a17b56119c5b,1d69836c-a54b-42e6-af1d-8cf61770f15e,c5,DROP,692,i11,?,
1769748965.0039873,RECEIVED,aa2b1521-dd41-4836-8b1f-7d67460a7228,fdc7b19d-9070-42d9-be17-d0e08e77f23d,c1,c5,1251,i8,?,
1769748965.1056907,RECEIVED,7a8b9f15-7f0d-4564-9dce-a3f50187562f,f7270a28-21ad-4a11-b3b9-921a60b5dedf,c5,c3,1311,i6,?,
1769748965.1121109,SENT,6bc942f9-ed65-4776-88f3-a17b56119c5b,1d69836c-a54b-42e6-af1d-8cf61770f15e,c5,DROP,447,?,e4,
1769748965.1121514,FORWARDED,6bc942f9-ed65-4776-88f3-a17b56119c5b,1d69836c-a54b-42e6-af1d-8cf61770f15e,c5,DROP,447,?,e4,
1769748965.195179,SENT,aa2b1521-dd41-4836-8b1f-7d67460a7228,fdc7b19d-9070-42d9-be17-d0e08e77f23d,c1,c5,867,?,p2,
1769748965.195216,FORWARDED,aa2b1521-dd41-4836-8b1f-7d67460a7228,fdc7b19d-9070-42d9-be17-d0e08e77f23d,c1,c5,867,?,p2,
1769748965.257799,SENT,31fb7445-b64d-4d50-bae3-d8f4e92bfdc6,82a87939-1081-4f1a-a394-72986909ebcc,c2,DROP,440,?,i6,
1769748965.2578418,FORWARDED,31fb7445-b64d-4d50-bae3-d8f4e92bfdc6,82a87939-1081-4f1a-a394-72986909ebcc,c2,DROP,440,?,i6,
1769748965.3261945,RECEIVED,6d0cb043-13b1-4676-9d80-1349fe38c201,f1e9cb29-26ca-4f72-b38e-3b50d61713e5,c2,None,1131,i4,?,
1769748965.422206,RECEIVED,c66ff9c1-94a9-49b0-993b-909625f031ee,94b434ea-3c74-4488-a171-e37f670b894e,c4,DROP,441,x7,?,
1769748965.5458572,RECEIVED,281d1911-e1a4-41cf-9d60-0dadee7dbb02,a7c8a73d-9bbe-41a6-af5b-0046d3b5606d,c3,DROP,688,i8,?,
1769748965.5687757,SENT,7a8b9f15-7f0d-4564-9dce-a3f50187562f,f7270a28-21ad-4a11-b3b9-921a60b5dedf,c5,c3,911,?,p3,
1769748965.568823,FORWARDED,7a8b9f15-7f0d-4564-9dce-a3f50187562f,f7270a28-21ad-4a11-b3b9-921a60b5dedf,c5,c3,911,?,p3,
1769748965.6495275,RECEIVED,ffb62a14-1921-4b0c-9c6a-80fed695e6bc,a87874f2-ad36-41af-a4c3-27a6e99461e9,c4,DROP,689,i7,?,
1769748965.6614704,RECEIVED,af0e2d6b-3be0-40c9-897f-da58aa91bbf5,797f1519-1525-4d3c-96dc-0abd163f6ab4,c3,DROP,688,i6,?,
1769748965.7040293,SENT,af0e2d6b-3be0-40c9-897f-da58aa91bbf5,797f1519-1525-4d3c-96dc-0abd163f6ab4,c3,DROP,442,?,x2,
1769748965.7046394,FORWARDED,af0e2d6b-3be0-40c9-897f-da58aa91bbf5,797f1519-1525-4d3c-96dc-0abd163f6ab4,c3,DROP,442,?,x2,
1769748965.7271955,RECEIVED,a66ec295-41fd-4dcc-accb-c107a3805df7,a25b3066-0462-482b-88cb-e6d576f5bf47,c4,DROP,684,i1,?,
1769748965.7807019,RECEIVED,63341235-f01c-41d1-acba-3fd493ee9c40,d498cc1b-ba9a-4bb9-8002-256e46f4a28f,c3,c2,1264,i10,?,
1769748965.7975626,RECEIVED,601a2195-353e-41a5-a1a5-464039212393,64ddc28c-1702-439c-aed0-57b550d909cd,c4,DROP,687,i10,?,
1769748965.8182018,SENT,a66ec295-41fd-4dcc-accb-c107a3805df7,a25b3066-0462-482b-88cb-e6d576f5bf47,c4,DROP,441,?,e7,
1769748965.818241,FORWARDED,a66ec295-41fd-4dcc-accb-c107a3805df7,a25b3066-0462-482b-88cb-e6d576f5bf47,c4,DROP,441,?,e7,
1769748965.8427858,RECEIVED,35e7fbad-7d1c-4ac9-bf17-3e3724b759a5,38135485-a238-49e4-bfdd-b46b1c19916a,c5,DROP,688,i12,?,
1769748965.9221609,SENT,35e7fbad-7d1c-4ac9-bf17-3e3724b759a5,38135485-a238-49e4-bfdd-b46b1c19916a,c5,DROP,442,?,e9,
1769748965.923127,FORWARDED,35e7fbad-7d1c-4ac9-bf17-3e3724b759a5,38135485-a238-49e4-bfdd-b46b1c19916a,c5,DROP,442,?,e9,
1769748965.9399977,SENT,281d1911-e1a4-41cf-9d60-0dadee7dbb02,a7c8a73d-9bbe-41a6-af5b-0046d3b5606d,c3,DROP,442,?,e2,
1769748965.9400396,FORWARDED,281d1911-e1a4-41cf-9d60-0dadee7dbb02,a7c8a73d-9bbe-41a6-af5b-0046d3b5606d,c3,DROP,442,?,e2,
1769748965.9542613,SENT,ffb62a14-1921-4b0c-9c6a-80fed695e6bc,a87874f2-ad36-41af-a4c3-27a6e99461e9,c4,DROP,442,?,x10,
1769748965.9543035,FORWARDED,ffb62a14-1921-4b0c-9c6a-80fed695e6bc,a87874f2-ad36-41af-a4c3-27a6e99461e9,c4,DROP,442,?,x10,
1769748965.9575803,SENT,6d0cb043-13b1-4676-9d80-1349fe38c201,f1e9cb29-26ca-4f72-b38e-3b50d61713e5,c2,None,776,?,p3,
1769748965.9576223,FORWARDED,6d0cb043-13b1-4676-9d80-1349fe38c201,f1e9cb29-26ca-4f72-b38e-3b50d61713e5,c2,None,776,?,p3,
1769748965.9612873,RECEIVED,7d72ec76-b633-4e96-9d43-c9bd5bc9fca7,b7daa82b-958e-46a1-a426-92b5d95c40d1,c1,None,1123,i2,?,
1769748966.0248313,SENT,63341235-f01c-41d1-acba-3fd493ee9c40,d498cc1b-ba9a-4bb9-8002-256e46f4a28f,c3,c2,876,?,p2,
1769748966.024869,FORWARDED,63341235-f01c-41d1-acba-3fd493ee9c40,d498cc1b-ba9a-4bb9-8002-256e46f4a28f,c3,c2,876,?,p2,
1769748966.1161072,RECEIVED,8a42cb5c-dd29-46d7-84fd-c78490914ed4,6c552d94-486e-4b46-be7d-cfc2ec8c035f,c2,c3,1254,i3,?,
1769748966.1713138,SENT,7d72ec76-b633-4e96-9d43-c9bd5bc9fca7,b7daa82b-958e-46a1-a426-92b5d95c40d1,c1,None,771,?,p1,
1769748966.1713548,FORWARDED,7d72ec76-b633-4e96-9d43-c9bd5bc9fca7,b7daa82b-958e-46a1-a426-92b5d95c40d1,c1,None,771,?,p1,
1769748966.1953218,RECEIVED,d18a0248-e088-4b9a-a9f0-032396549912,61bb1904-aa43-462f-85f5-fb91c94fb954,c4,DROP,688,i3,?,
1769748966.3142712,SENT,d18a0248-e088-4b9a-a9f0-032396549912,61bb1904-aa43-462f-85f5-fb91c94fb954,c4,DROP,442,?,i1,
1769748966.3147156,FORWARDED,d18a0248-e088-4b9a-a9f0-032396549912,61bb1904-aa43-462f-85f5-fb91c94fb954,c4,DROP,442,?,i1,
1769748966.4017465,RECEIVED,29b1b468-1e97-4483-8dad-ac321c6f2baf,065f60ca-bad6-4109-8b15-988097ed6bed,c2,None,1126,i3,?,
1769748966.4222274,SENT,29b1b468-1e97-4483-8dad-ac321c6f2baf,065f60ca-bad6-4109-8b15-988097ed6bed,c2,None,771,?,p3,
1769748966.422268,FORWARDED,29b1b468-1e97-4483-8dad-ac321c6f2baf,065f60ca-bad6-4109-8b15-988097ed6bed,c2,None,771,?,p3,
1769748966.4533756,RECEIVED,ca8de715-50b9-41c6-833b-d6e96f7ba80b,fa41a46b-e154-4360-90ff-e37f7cddbe2b,c1,DROP,684,i12,?,
1769748966.4544241,RECEIVED,7e8614b8-550a-4276-90f8-da09a2c8c697,03c83cbd-2738-4ebb-ae34-6e8bed65ca78,c3,DROP,439,x10,?,
1769748966.566236,RECEIVED,f305179a-6466-4652-bd44-987815c1a666,9ab59f34-86c0-4950-b7ba-09dea30da733,c1,DROP,442,x6,?,
1769748966.6904292,SENT,601a2195-353e-41a5-a1a5-464039212393,64ddc28c-1702-439c-aed0-57b550d909cd,c4,DROP,442,?,x1,
1769748966.6904767,FORWARDED,601a2195-353e-41a5-a1a5-464039212393,64ddc28c-1702-439c-aed0-57b550d909cd,c4,DROP,442,?,x1,
1769748966.7277756,RECEIVED,997253fe-387a-4c72-afbe-a9d8987f3634,cceee92d-ec0b-4cea-b50c-d9ec9a3e729b,c1,DROP,689,i8,?,
1769748966.7438939,SENT,997253fe-387a-4c72-afbe-a9d8987f3634,cceee92d-ec0b-4cea-b50c-d9ec9a3e729b,c1,DROP,443,?,x6,
1769748966.7439349,FORWARDED,997253fe-387a-4c72-afbe-a9d8987f3634,cceee92d-ec0b-4cea-b50c-d9ec9a3e729b,c1,DROP,443,?,x6,
1769748966.9291146,RECEIVED,f3a78502-88b7-43d8-bd4c-a23eca14ca77,a8e92832-5bef-4a76-8906-aad288bfe9b2,c5,None,1129,i9,?,
1769748966.9583108,SENT,f3a78502-88b7-43d8-bd4c-a23eca14ca77,a8e92832-5bef-4a76-8906-aad288bfe9b2,c5,None,772,?,p1,
1769748966.958355,FORWARDED,f3a78502-88b7-43d8-bd4c-a23eca14ca77,a8e92832-5bef-4a76-8906-aad288bfe9b2,c5,None,772,?,p1,
1769748966.961389,RECEIVED,b76983dc-83ff-4223-bee9-e0bc6a414e0f,1658aab5-3a4b-4db5-9fae-706ad672e50c,c2,DROP,446,x12,?,
1769748967.0929136,SENT,ca8de715-50b9-41c6-833b-d6e96f7ba80b,fa41a46b-e154-4360-90ff-e37f7cddbe2b,c1,DROP,441,?,x12,
1769748967.0929534,FORWARDED,ca8de715-50b9-41c6-833b-d6e96f7ba80b,fa41a46b-e154-4360-90ff-e37f7cddbe2b,c1,DROP,441,?,x12,
1769748967.0942764,RECEIVED,aa8bd790-02c6-4384-9d6c-ead93b7f59d0,bef89785-422f-451f-84d1-d2df70832b51,c2,DROP,442,x2,?,
1769748967.289796,RECEIVED,f7dd0a9f-14e0-4a2a-bd4f-42b28753660e,9a36a7b4-346c-4573-9744-eb5e5a6f1a93,c1,DROP,441,x4,?,
1769748967.4670002,RECEIVED,65bb48d3-847b-4dfc-bf75-0d6879c74574,372ead09-1174-4a5b-b558-4d6765c961ca,c1,None,1128,i5,?,
1769748967.5081012,RECEIVED,00427fb8-f0e2-4b67-89ee-be13cc9de25c,09146c64-8456-4b54-ba63-7da1c93936c5,c1,DROP,689,i12,?,
1769748967.5228934,SENT,65bb48d3-847b-4dfc-bf75-0d6879c74574,372ead09-1174-4a5b-b558-4d6765c961ca,c1,None,772,?,p1,
1769748967.5229354,FORWARDED,65bb48d3-847b-4dfc-bf75-0d6879c74574,372ead09-1174-4a5b-b558-4d6765c961ca,c1,None,772,?,p1,
1769748967.5646188,RECEIVED,6e031d17-c052-40e5-b70f-1efa0d48c8cc,a460af91-48c3-4043-a1ec-050e15f175fb,c2,DROP,684,i10,?,
1769748967.671098,SENT,00427fb8-f0e2-4b67-89ee-be13cc9de25c,09146c64-8456-4b54-ba63-7da1c93936c5,c1,DROP,442,?,i10,
1769748967.671137,FORWARDED,00427fb8-f0e2-4b67-89ee-be13cc9de25c,09146c64-8456-4b54-ba63-7da1c93936c5,c1,DROP,442,?,i10,
1769748967.6924102,RECEIVED,504c87dd-48e9-4476-91dc-f5272d9b2416,a6f942f4-f744-41a4-8e02-6cd22eb43a91,c5,DROP,688,i6,?,
1769748967.7369301,RECEIVED,721c8be1-4073-4547-8216-71d946741aaa,d1133343-c176-41b9-8d26-d34d453f0c98,c4,DROP,683,i1,?,
1769748967.7652614,RECEIVED,e9ab1812-9ff5-425d-8e01-c9156d02eb50,bf27c910-a9b7-44dc-bbf6-ee1110090940,c1,None,1123,i12,?,
1769748967.8104687,SENT,504c87dd-48e9-4476-91dc-f5272d9b2416,a6f942f4-f744-41a4-8e02-6cd22eb43a91,c5,DROP,443,?,e2,
1769748967.8105075,FORWARDED,504c87dd-48e9-4476-91dc-f5272d9b2416,a6f942f4-f744-41a4-8e02-6cd22eb43a91,c5,DROP,443,?,e2,
1769748967.8267004,SENT,6e031d17-c052-40e5-b70f-1efa0d48c8cc,a460af91-48c3-4043-a1ec-050e15f175fb,c2,DROP,441,?,e2,
1769748967.8267486,FORWARDED,6e031d17-c052-40e5-b70f-1efa0d48c8cc,a460af91-48c3-4043-a1ec-050e15f175fb,c2,DROP,441,?,e2,
1769748968.110967,SENT,721c8be1-4073-4547-8216-71d946741aaa,d1133343-c176-41b9-8d26-d34d453f0c98,c4,DROP,441,?,i9,
1769748968.1110039,FORWARDED,721c8be1-4073-4547-8216-71d946741aaa,d1133343-c176-41b9-8d26-d34d453f0c98,c4,DROP,441,?,i9,
1769748968.1427743,RECEIVED,318508f3-d871-412d-abae-6489f7005205,4cb46e45-8ac9-493c-af28-9af58738d7ce,c5,None,1132,i6,?,
1769748968.2191312,SENT,318508f3-d871-412d-abae-6489f7005205,4cb46e45-8ac9-493c-af28-9af58738d7ce,c5,None,775,?,p1,
1769748968.219175,FORWARDED,318508f3-d871-412d-abae-6489f7005205,4cb46e45-8ac9-493c-af28-9af58738d7ce,c5,None,775,?,p1,
1769748968.5085375,RECEIVED,02328af2-bc91-4094-a02c-3a06c70360a5,783c0565-eeb5-41e6-9b1e-d2f1cbda7f2d,c4,DROP,683,i7,?,
1769748968.5264113,RECEIVED,af75a285-5558-41cb-8b52-452c0d6cfef9,4ff45008-0ad1-44a9-a3a9-5a325d9be5c0,c2,DROP,683,i10,?,
1769748968.5657127,SENT,8a42cb5c-dd29-46d7-84fd-c78490914ed4,6c552d94-486e-4b46-be7d-cfc2ec8c035f,c2,c3,868,?,p3,
1769748968.5657527,FORWARDED,8a42cb5c-dd29-46d7-84fd-c78490914ed4,6c552d94-486e-4b46-be7d-cfc2ec8c035f,c2,c3,868,?,p3,
1769748968.5740867,RECEIVED,3ca6da09-1b04-4038-9a6a-cba1ec1df083,4d108b3a-2130-4b0b-9b87-b6a7d08e9715,c5,None,1132,i8,?,
1769748968.5886617,RECEIVED,00eeb8af-959e-4b70-965d-7fb547dd1c39,6443237f-bbe3-4e3c-bdda-acdf75d7dcab,c1,DROP,683,i11,?,
1769748968.5941496,RECEIVED,0e554b13-4d94-4e3e-85d9-46f25632121f,0031c60d-360c-4c46-8d20-bbab7e37f6d2,c1,DROP,445,x11,?,
1769748968.6744761,SENT,3ca6da09-1b04-4038-9a6a-cba1ec1df083,4d108b3a-2130-4b0b-9b87-b6a7d08e9715,c5,None,776,?,p1,
1769748968.6745186,FORWARDED,3ca6da09-1b04-4038-9a6a-cba1ec1df083,4d108b3a-2130-4b0b-9b87-b6a7d08e9715,c5,None,776,?,p1,
1769748968.7793598,RECEIVED,948c77d1-8351-4ede-99d7-ce2d6c098752,ce08169b-8e1e-45e3-9e24-972a5fe21fd7,c3,DROP,688,i4,?,
1769748969.039344,RECEIVED,856b7b96-21b1-49ac-af39-758f4a8fd652,d76d3a53-cbf9-4abb-86e7-01f372fc7076,c1,DROP,692,i8,?,
1769748969.0677319,RECEIVED,43ec24fc-8467-41cf-8747-15b4087ba407,9aed637f-ab3c-4aad-a7b5-8c96093ee6a8,c4,c1,1311,i11,?,
1769748969.0838156,SENT,e9ab1812-9ff5-425d-8e01-c9156d02eb50,bf27c910-a9b7-44dc-bbf6-ee1110090940,c1,None,771,?,p1,
1769748969.0838573,FORWARDED,e9ab1812-9ff5-425d-8e01-c9156d02eb50,bf27c910-a9b7-44dc-bbf6-ee1110090940,c1,None,771,?,p1,
1769748969.112466,SENT,02328af2-bc91-4094-a02c-3a06c70360a5,783c0565-eeb5-41e6-9b1e-d2f1cbda7f2d,c4,DROP,441,?,x6,
1769748969.1125019,FORWARDED,02328af2-bc91-4094-a02c-3a06c70360a5,783c0565-eeb5-41e6-9b1e-d2f1cbda7f2d,c4,DROP,441,?,x6,
1769748969.1497364,SENT,948c77d1-8351-4ede-99d7-ce2d6c098752,ce08169b-8e1e-45e3-9e24-972a5fe21fd7,c3,DROP,442,?,x4,
1769748969.149778,FORWARDED,948c77d1-8351-4ede-99d7-ce2d6c098752,ce08169b-8e1e-45e3-9e24-972a5fe21fd7,c3,DROP,442,?,x4,
1769748969.168318,RECEIVED,6176a291-ec8c-424b-8433-75c43ed090fe,e96ba7a2-10cf-433e-9e27-72eae2dd01b4,c2,DROP,687,i1,?,
1769748969.3114946,SENT,af75a285-5558-41cb-8b52-452c0d6cfef9,4ff45008-0ad1-44a9-a3a9-5a325d9be5c0,c2,DROP,441,?,e5,
1769748969.3115377,FORWARDED,af75a285-5558-41cb-8b52-452c0d6cfef9,4ff45008-0ad1-44a9-a3a9-5a325d9be5c0,c2,DROP,441,?,e5,
1769748969.3135874,RECEIVED,8f7c7f62-45a4-4390-9396-349cda33cb72,43099396-873c-462d-a738-8617bacda06c,c1,c5,1311,i8,?,
1769748969.3249938,SENT,856b7b96-21b1-49ac-af39-758f4a8fd652,d76d3a53-cbf9-4abb-86e7-01f372fc7076,c1,DROP,445,?,i10,
1769748969.3250349,FORWARDED,856b7b96-21b1-49ac-af39-758f4a8fd652,d76d3a53-cbf9-4abb-86e7-01f372fc7076,c1,DROP,445,?,i10,
1769748969.3386357,RECEIVED,2fdf45d7-06d4-46c4-89af-05e6b87d856b,214d4e43-67c7-4984-b3de-b18c5239cd98,c2,DROP,683,i11,?,
1769748969.4090955,SENT,43ec24fc-8467-41cf-8747-15b4087ba407,9aed637f-ab3c-4aad-a7b5-8c96093ee6a8,c4,c1,911,?,p1,
1769748969.4091325,FORWARDED,43ec24fc-8467-41cf-8747-15b4087ba407,9aed637f-ab3c-4aad-a7b5-8c96093ee6a8,c4,c1,911,?,p1,
1769748969.4173126,RECEIVED,c6e2836a-91e2-4441-9fc5-c6c5e0c55273,2aca7e60-ed33-4bbe-bcf0-97ac0c4f6823,c5,DROP,441,x2,?,
1769748969.439514,SENT,2fdf45d7-06d4-46c4-89af-05e6b87d856b,214d4e43-67c7-4984-b3de-b18c5239cd98,c2,DROP,441,?,e2,
1769748969.439554,FORWARDED,2fdf45d7-06d4-46c4-89af-05e6b87d856b,214d4e43-67c7-4984-b3de-b18c5239cd98,c2,DROP,441,?,e2,
1769748969.5025785,RECEIVED,b2affad0-b384-49c9-b56d-71048abeaae1,6228ed99-87ba-4f9a-bca7-b506bd3a97d3,c3,DROP,692,i10,?,
1769748969.5786211,SENT,b2affad0-b384-49c9-b56d-71048abeaae1,6228ed99-87ba-4f9a-bca7-b506bd3a97d3,c3,DROP,445,?,i12,
1769748969.5786624,FORWARDED,b2affad0-b384-49c9-b56d-71048abeaae1,6228ed99-87ba-4f9a-bca7-b506bd3a97d3,c3,DROP,445,?,i12,
1769748969.595427,RECEIVED,3faa5a1e-2e61-4566-b017-9ec5a83dcaae,22d9e3cc-4953-4c96-804b-d698beece6cb,c3,DROP,692,i8,?,
1769748969.6082017,RECEIVED,35fa4d03-b506-4373-8c2a-9ea3536b5b0b,720e00bc-69eb-4e44-a416-77e4a1bd2d0e,c2,DROP,441,x5,?,
1769748969.6337028,SENT,00eeb8af-959e-4b70-965d-7fb547dd1c39,6443237f-bbe3-4e3c-bdda-acdf75d7dcab,c1,DROP,441,?,x2,
1769748969.633741,FORWARDED,00eeb8af-959e-4b70-965d-7fb547dd1c39,6443237f-bbe3-4e3c-bdda-acdf75d7dcab,c1,DROP,441,?,x2,
1769748969.6572099,RECEIVED,0e370a5e-d2b9-488a-9be0-50598b1470b4,17695f64-4be5-4bcc-b574-4990c0f3ad43,c2,DROP,684,i4,?,
1769748969.7349434,SENT,8f7c7f62-45a4-4390-9396-349cda33cb72,43099396-873c-462d-a738-8617bacda06c,c1,c5,911,?,p2,
1769748969.734988,FORWARDED,8f7c7f62-45a4-4390-9396-349cda33cb72,43099396-873c-462d-a738-8617bacda06c,c1,c5,911,?,p2,
1769748969.7749898,SENT,0e370a5e-d2b9-488a-9be0-50598b1470b4,17695f64-4be5-4bcc-b574-4990c0f3ad43,c2,DROP,441,?,e11,
1769748969.7750328,FORWARDED,0e370a5e-d2b9-488a-9be0-50598b1470b4,17695f64-4be5-4bcc-b574-4990c0f3ad43,c2,DROP,441,?,e11,
1769748969.7944944,RECEIVED,e819cefb-4e54-43ad-9b84-94d6df323f71,e3f4b0c4-aaac-4470-80c3-d5e0f3380f2d,c2,c3,1262,i4,?,
1769748969.875261,RECEIVED,68402ed8-e159-4b28-9873-e04fcad35a95,b1a276e3-8f1f-4cb8-9666-5b9688c73325,c5,None,1124,i6,?,
1769748969.882949,SENT,e819cefb-4e54-43ad-9b84-94d6df323f71,e3f4b0c4-aaac-4470-80c3-d5e0f3380f2d,c2,c3,871,?,p3,
1769748969.88299,FORWARDED,e819cefb-4e54-43ad-9b84-94d6df323f71,e3f4b0c4-aaac-4470-80c3-d5e0f3380f2d,c2,c3,871,?,p3,
1769748969.9118505,RECEIVED,ba16fdcf-8a11-4172-b928-aae7e9a8b1b9,9a98151f-6689-4a84-a4aa-821fcea4d98b,c2,DROP,686,i7,?,
1769748969.9522536,SENT,ba16fdcf-8a11-4172-b928-aae7e9a8b1b9,9a98151f-6689-4a84-a4aa-821fcea4d98b,c2,DROP,441,?,x11,
1769748969.952296,FORWARDED,ba16fdcf-8a11-4172-b928-aae7e9a8b1b9,9a98151f-6689-4a84-a4aa-821fcea4d98b,c2,DROP,441,?,x11,
1769748969.9544227,RECEIVED,26430cfe-0129-4559-8461-ce0153366722,c3c61adc-4951-4691-b3a8-7816cb72442e,c1,DROP,442,x2,?,
1769748969.956681,SENT,68402ed8-e159-4b28-9873-e04fcad35a95,b1a276e3-8f1f-4cb8-9666-5b9688c73325,c5,None,771,?,p1,
1769748969.9567206,FORWARDED,68402ed8-e159-4b28-9873-e04fcad35a95,b1a276e3-8f1f-4cb8-9666-5b9688c73325,c5,None,771,?,p1,
1769748970.1465833,RECEIVED,5136c2fe-8c83-4dd1-8e04-5f27c53a834f,17caf4de-0c13-4271-8fff-e1cd3a78ca36,c3,DROP,685,i5,?,
1769748970.2141576,SENT,5136c2fe-8c83-4dd1-8e04-5f27c53a834f,17caf4de-0c13-4271-8fff-e1cd3a78ca36,c3,DROP,440,?,e12,
1769748970.214198,FORWARDED,5136c2fe-8c83-4dd1-8e04-5f27c53a834f,17caf4de-0c13-4271-8fff-e1cd3a78ca36,c3,DROP,440,?,e12,
1769748970.2539744,RECEIVED,63ee36c1-098f-40dd-82c3-04c93aa6ad9d,6d159d3c-fda3-49de-9605-73098ab700e7,c5,DROP,689,i8,?,
1769748970.268836,RECEIVED,f086dd1b-a9cc-4309-8624-501b422083ca,bde46858-0eca-471d-8aa6-a24adabe346e,c5,None,1131,i8,?,
1769748970.3395536,RECEIVED,61bfb13a-1751-4074-ae44-4175c6204eae,d71e21e6-a4e5-4c0d-bc0b-3ca03982c08b,c1,c5,1251,i6,?,
1769748970.359568,RECEIVED,7c46038e-3b3c-4307-8f84-a517255ccbc2,7371ef4b-1c35-4061-babe-7733bdbbe7a7,c3,None,1124,i1,?,
1769748970.430268,SENT,7c46038e-3b3c-4307-8f84-a517255ccbc2,7371ef4b-1c35-4061-babe-7733bdbbe7a7,c3,None,771,?,p2,
1769748970.430308,FORWARDED,7c46038e-3b3c-4307-8f84-a517255ccbc2,7371ef4b-1c35-4061-babe-7733bdbbe7a7,c3,None,771,?,p2,
1769748970.445388,RECEIVED,98975ddf-dad6-4434-9f25-eabbd0ac8e34,812aed5e-a728-47c0-8fae-c8e37b8a7238,c3,c2,1256,i6,?,
1769748970.4923806,SENT,63ee36c1-098f-40dd-82c3-04c93aa6ad9d,6d159d3c-fda3-49de-9605-73098ab700e7,c5,DROP,442,?,e12,
1769748970.4924214,FORWARDED,63ee36c1-098f-40dd-82c3-04c93aa6ad9d,6d159d3c-fda3-49de-9605-73098ab700e7,c5,DROP,442,?,e12,
1769748970.5072389,RECEIVED,55c32772-bf69-416d-81be-4719e340f79f,ffbace5a-dd57-4c9a-b3dd-a43787810581,c3,DROP,692,i11,?,
1769748970.597397,SENT,55c32772-bf69-416d-81be-4719e340f79f,ffbace5a-dd57-4c9a-b3dd-a43787810581,c3,DROP,446,?,x12,
1769748970.5974379,FORWARDED,55c32772-bf69-416d-81be-4719e340f79f,ffbace5a-dd57-4c9a-b3dd-a43787810581,c3,DROP,446,?,x12,
1769748970.7249727,RECEIVED,2b6eda30-e95f-407b-9002-56402bf63911,7e11d9a8-a602-45db-a821-6c0a651037e9,c5,DROP,692,i12,?,
1769748970.7641664,SENT,98975ddf-dad6-4434-9f25-eabbd0ac8e34,812aed5e-a728-47c0-8fae-c8e37b8a7238,c3,c2,868,?,p2,
1769748970.7642071,FORWARDED,98975ddf-dad6-4434-9f25-eabbd0ac8e34,812aed5e-a728-47c0-8fae-c8e37b8a7238,c3,c2,868,?,p2,
1769748970.78183,SENT,6176a291-ec8c-424b-8433-75c43ed090fe,e96ba7a2-10cf-433e-9e27-72eae2dd01b4,c2,DROP,443,?,x5,
1769748970.7818768,FORWARDED,6176a291-ec8c-424b-8433-75c43ed090fe,e96ba7a2-10cf-433e-9e27-72eae2dd01b4,c2,DROP,443,?,x5,
1769748970.808453,RECEIVED,d0d2e20a-4c2e-4b84-b183-09c98d98b2d8,d993136a-22f0-418c-a155-ac03fe79c9a1,c2,c3,1256,i9,?,
1769748970.835763,RECEIVED,abc1e528-6e6d-4472-9387-238106d58fa9,75599404-cb54-4fd2-8f5d-2612f08dd4f8,c5,DROP,687,i9,?,
1769748970.858081,SENT,2b6eda30-e95f-407b-9002-56402bf63911,7e11d9a8-a602-45db-a821-6c0a651037e9,c5,DROP,446,?,i7,
1769748970.8581223,FORWARDED,2b6eda30-e95f-407b-9002-56402bf63911,7e11d9a8-a602-45db-a821-6c0a651037e9,c5,DROP,446,?,i7,
1769748970.8761575,RECEIVED,4378af13-8b72-4697-bea7-600203332390,710d3afa-7925-4158-8942-9d55cea6e6b9,c1,None,1132,i5,?,
1769748970.913266,SENT,d0d2e20a-4c2e-4b84-b183-09c98d98b2d8,d993136a-22f0-418c-a155-ac03fe79c9a1,c2,c3,869,?,p3,
1769748970.9133039,FORWARDED,d0d2e20a-4c2e-4b84-b183-09c98d98b2d8,d993136a-22f0-418c-a155-ac03fe79c9a1,c2,c3,869,?,p3,
1769748970.9200113,RECEIVED,20d001f3-abf0-4d93-bb1a-01e0a118febd,cf3473f5-4a5c-40ec-8b2c-5ec0862d611c,c3,DROP,689,i3,?,
1769748970.9583936,RECEIVED,a0c19115-62c1-48c5-8681-7c4eb92bb172,1a41fe2a-0d48-4b68-aae2-917b952b66bc,c3,None,1130,i11,?,
1769748971.0852163,SENT,20d001f3-abf0-4d93-bb1a-01e0a118febd,cf3473f5-4a5c-40ec-8b2c-5ec0862d611c,c3,DROP,442,?,x11,
1769748971.0852582,FORWARDED,20d001f3-abf0-4d93-bb1a-01e0a118febd,cf3473f5-4a5c-40ec-8b2c-5ec0862d611c,c3,DROP,442,?,x11,
1769748971.1200716,RECEIVED,aab1efdc-1f36-4c06-a280-f7525f4019d0,82ba0411-1995-4e8c-b865-fb8ac85b7574,c3,DROP,684,i10,?,
1769748971.1625204,SENT,61bfb13a-1751-4074-ae44-4175c6204eae,d71e21e6-a4e5-4c0d-bc0b-3ca03982c08b,c1,c5,867,?,p2,
1769748971.1625607,FORWARDED,61bfb13a-1751-4074-ae44-4175c6204eae,d71e21e6-a4e5-4c0d-bc0b-3ca03982c08b,c1,c5,867,?,p2,
1769748971.2857978,SENT,f086dd1b-a9cc-4309-8624-501b422083ca,bde46858-0eca-471d-8aa6-a24adabe346e,c5,None,775,?,p1,
1769748971.285843,FORWARDED,f086dd1b-a9cc-4309-8624-501b422083ca,bde46858-0eca-471d-8aa6-a24adabe346e,c5,None,775,?,p1,
1769748971.357004,SENT,4378af13-8b72-4697-bea7-600203332390,710d3afa-7925-4158-8942-9d55cea6e6b9,c1,None,776,?,p1,
1769748971.3570447,FORWARDED,4378af13-8b72-4697-bea7-600203332390,710d3afa-7925-4158-8942-9d55cea6e6b9,c1,None,776,?,p1,
1769748971.3758717,SENT,3faa5a1e-2e61-4566-b017-9ec5a83dcaae,22d9e3cc-4953-4c96-804b-d698beece6cb,c3,DROP,445,?,e11,
1769748971.3760262,FORWARDED,3faa5a1e-2e61-4566-b017-9ec5a83dcaae,22d9e3cc-4953-4c96-804b-d698beece6cb,c3,DROP,445,?,e11,
1769748971.3817794,RECEIVED,771cb542-6177-4110-a882-e3af4d84b86e,c4706db3-ce9f-4f08-b710-218cd09da751,c4,c1,1251,i9,?,
1769748971.4773722,SENT,aab1efdc-1f36-4c06-a280-f7525f4019d0,82ba0411-1995-4e8c-b865-fb8ac85b7574,c3,DROP,441,?,e7,
1769748971.477849,FORWARDED,aab1efdc-1f36-4c06-a280-f7525f4019d0,82ba0411-1995-4e8c-b865-fb8ac85b7574,c3,DROP,441,?,e7,
1769748971.497539,SENT,a0c19115-62c1-48c5-8681-7c4eb92bb172,1a41fe2a-0d48-4b68-aae2-917b952b66bc,c3,None,775,?,p2,
1769748971.4975805,FORWARDED,a0c19115-62c1-48c5-8681-7c4eb92bb172,1a41fe2a-0d48-4b68-aae2-917b952b66bc,c3,None,775,?,p2,
1769748971.5058117,RECEIVED,96611dfb-2cb2-4eb7-a510-1b8e4f584f49,f088b743-a7e4-4b9d-b8dd-228b864f9274,c3,c2,1319,i10,?,
1769748971.629656,RECEIVED,66f638b2-2869-4b5d-9c06-f815684986f2,b40807a0-94c0-4487-9c48-c07557f8be22,c5,DROP,682,i4,?,
1769748971.6529484,RECEIVED,1d3e3217-4612-448a-9f8c-6a039f8337c1,7012d48c-67c4-4dcc-a3c6-6181c01d2aa3,c2,DROP,438,x2,?,
1769748971.7532241,SENT,771cb542-6177-4110-a882-e3af4d84b86e,c4706db3-ce9f-4f08-b710-218cd09da751,c4,c1,867,?,p1,
1769748971.753266,FORWARDED,771cb542-6177-4110-a882-e3af4d84b86e,c4706db3-ce9f-4f08-b710-218cd09da751,c4,c1,867,?,p1,
1769748971.7942777,SENT,abc1e528-6e6d-4472-9387-238106d58fa9,75599404-cb54-4fd2-8f5d-2612f08dd4f8,c5,DROP,442,?,i5,
1769748971.794324,FORWARDED,abc1e528-6e6d-4472-9387-238106d58fa9,75599404-cb54-4fd2-8f5d-2612f08dd4f8,c5,DROP,442,?,i5,
1769748971.8902123,RECEIVED,a2f1de15-a90e-455f-a18c-e8a944aa8692,13d463b6-6010-401b-a227-00acdc6de34c,c2,c3,1313,i3,?,
1769748971.9758675,RECEIVED,af3005ba-c5d3-4be0-81c4-cc3632b41540,18e4aa18-51eb-485b-80bd-71f1c1020bca,c2,c3,1258,i6,?,
1769748971.9774914,SENT,a2f1de15-a90e-455f-a18c-e8a944aa8692,13d463b6-6010-401b-a227-00acdc6de34c,c2,c3,912,?,p3,
1769748971.9777045,FORWARDED,a2f1de15-a90e-455f-a18c-e8a944aa8692,13d463b6-6010-401b-a227-00acdc6de34c,c2,c3,912,?,p3,
1769748971.9908588,SENT,66f638b2-2869-4b5d-9c06-f815684986f2,b40807a0-94c0-4487-9c48-c07557f8be22,c5,DROP,441,?,i2,
1769748971.990903,FORWARDED,66f638b2-2869-4b5d-9c06-f815684986f2,b40807a0-94c0-4487-9c48-c07557f8be22,c5,DROP,441,?,i2,
1769748972.0503595,RECEIVED,80ca7d2e-9ffb-4504-a62b-4312cbf873d9,424fcee6-8147-470b-b07f-09dc76dfbac0,c5,c3,1257,i5,?,
1769748972.1379638,RECEIVED,677130f2-ef58-4fa5-9f78-efc4a16d1447,9a7bf7a8-58b3-4837-9651-583c703f2b0e,c3,None,1123,i9,?,
1769748972.3085003,RECEIVED,6f64619d-f57a-4386-aa04-d4855e6701b2,0ab0a588-56fc-4826-928f-10033aa4bf01,c1,DROP,684,i3,?,
1769748972.4209352,RECEIVED,99c25777-23ec-4bcf-be38-6d345e9c0132,a691d4ec-4b54-4c3a-ba44-017231375589,c2,DROP,684,i6,?,
1769748972.4452536,SENT,6f64619d-f57a-4386-aa04-d4855e6701b2,0ab0a588-56fc-4826-928f-10033aa4bf01,c1,DROP,441,?,x4,
1769748972.445298,FORWARDED,6f64619d-f57a-4386-aa04-d4855e6701b2,0ab0a588-56fc-4826-928f-10033aa4bf01,c1,DROP,441,?,x4,
1769748972.5178552,SENT,96611dfb-2cb2-4eb7-a510-1b8e4f584f49,f088b743-a7e4-4b9d-b8dd-228b864f9274,c3,c2,916,?,p2,
1769748972.517895,FORWARDED,96611dfb-2cb2-4eb7-a510-1b8e4f584f49,f088b743-a7e4-4b9d-b8dd-228b864f9274,c3,c2,916,?,p2,
1769748972.574474,SENT,99c25777-23ec-4bcf-be38-6d345e9c0132,a691d4ec-4b54-4c3a-ba44-017231375589,c2,DROP,440,?,e9,
1769748972.5745118,FORWARDED,99c25777-23ec-4bcf-be38-6d345e9c0132,a691d4ec-4b54-4c3a-ba44-017231375589,c2,DROP,440,?,e9,
1769748972.5779293,RECEIVED,2e0192e0-ed01-45a1-a6b9-8f7bbb84db9d,5187dbff-ff2a-4317-90ba-c8f2c15edcc9,c5,DROP,687,i3,?,
1769748972.6175902,RECEIVED,fe014c75-988c-4a7c-a2eb-263c40f3dd3e,441ef2dd-ba4c-4212-8f0d-e7787cff6567,c3,DROP,687,i10,?,
1769748972.6395419,RECEIVED,68aa7ec0-2671-4f01-8303-268f8b276527,34128c82-9d60-4665-b606-0592de4ba2da,c3,None,1127,i10,?,
1769748972.6440032,RECEIVED,e844b2e9-68b7-454c-a535-6cdfabeaee6e,a7b94150-1f3a-46a8-96c7-858aa00844b5,c2,DROP,692,i12,?,
1769748972.7109709,RECEIVED,d095d4d0-1586-4abe-9e3b-ef5d5fc336d9,d2464add-d344-4314-bc58-6a4dbb71641a,c3,DROP,685,i4,?,
1769748972.7413633,SENT,2e0192e0-ed01-45a1-a6b9-8f7bbb84db9d,5187dbff-ff2a-4317-90ba-c8f2c15edcc9,c5,DROP,442,?,e6,
1769748972.741412,FORWARDED,2e0192e0-ed01-45a1-a6b9-8f7bbb84db9d,5187dbff-ff2a-4317-90ba-c8f2c15edcc9,c5,DROP,442,?,e6,
1769748972.805745,SENT,d095d4d0-1586-4abe-9e3b-ef5d5fc336d9,d2464add-d344-4314-bc58-6a4dbb71641a,c3,DROP,441,?,e11,
1769748972.8057868,FORWARDED,d095d4d0-1586-4abe-9e3b-ef5d5fc336d9,d2464add-d344-4314-bc58-6a4dbb71641a,c3,DROP,441,?,e11,
1769748972.849298,SENT,80ca7d2e-9ffb-4504-a62b-4312cbf873d9,424fcee6-8147-470b-b07f-09dc76dfbac0,c5,c3,871,?,p3,
1769748972.8493388,FORWARDED,80ca7d2e-9ffb-4504-a62b-4312cbf873d9,424fcee6-8147-470b-b07f-09dc76dfbac0,c5,c3,871,?,p3,
1769748972.8509412,RECEIVED,e2947d20-a9ce-446c-8249-5ba2b64b1936,5f553d7f-f751-4f7b-a329-bacac33b985e,c5,None,1132,i3,?,
1769748972.8986557,SENT,677130f2-ef58-4fa5-9f78-efc4a16d1447,9a7bf7a8-58b3-4837-9651-583c703f2b0e,c3,None,771,?,p2,
1769748972.8986988,FORWARDED,677130f2-ef58-4fa5-9f78-efc4a16d1447,9a7bf7a8-58b3-4837-9651-583c703f2b0e,c3,None,771,?,p2,
1769748972.9669845,SENT,e2947d20-a9ce-446c-8249-5ba2b64b1936,5f553d7f-f751-4f7b-a329-bacac33b985e,c5,None,776,?,p1,
1769748972.9670281,FORWARDED,e2947d20-a9ce-446c-8249-5ba2b64b1936,5f553d7f-f751-4f7b-a329-bacac33b985e,c5,None,776,?,p1,
1769748973.1483521,RECEIVED,7e3317fc-e638-45b5-bcea-cf6fd1c1e539,cf44ff5d-f8a5-4e78-920b-e2f4b5012afb,c3,None,1128,i9,?,
1769748973.18372,RECEIVED,4abcc83c-bf17-48dd-8a72-80ea25ddd10e,effe9ed1-83c0-4db3-a46c-7662cd5569bd,c4,DROP,687,i12,?,
1769748973.2092142,SENT,7e3317fc-e638-45b5-bcea-cf6fd1c1e539,cf44ff5d-f8a5-4e78-920b-e2f4b5012afb,c3,None,772,?,p2,
1769748973.209258,FORWARDED,7e3317fc-e638-45b5-bcea-cf6fd1c1e539,cf44ff5d-f8a5-4e78-920b-e2f4b5012afb,c3,None,772,?,p2,
1769748973.269499,RECEIVED,080b4204-bb3e-4d0f-8fd3-bb9483247694,d5c2a3cc-33f3-41cb-a824-43de8a5c33db,c1,DROP,441,x5,?,
1769748973.3606093,RECEIVED,7bc4096a-bc5d-4757-8d2c-868c871f54c3,587417d0-93e9-4ed3-b149-b7868abf5369,c2,None,1127,i12,?,
1769748973.464238,SENT,af3005ba-c5d3-4be0-81c4-cc3632b41540,18e4aa18-51eb-485b-80bd-71f1c1020bca,c2,c3,871,?,p3,
1769748973.464278,FORWARDED,af3005ba-c5d3-4be0-81c4-cc3632b41540,18e4aa18-51eb-485b-80bd-71f1c1020bca,c2,c3,871,?,p3,
1769748973.5127513,SENT,e844b2e9-68b7-454c-a535-6cdfabeaee6e,a7b94150-1f3a-46a8-96c7-858aa00844b5,c2,DROP,446,?,e12,
1769748973.5127935,FORWARDED,e844b2e9-68b7-454c-a535-6cdfabeaee6e,a7b94150-1f3a-46a8-96c7-858aa00844b5,c2,DROP,446,?,e12,
1769748973.5394948,SENT,fe014c75-988c-4a7c-a2eb-263c40f3dd3e,441ef2dd-ba4c-4212-8f0d-e7787cff6567,c3,DROP,442,?,e8,
1769748973.5395308,FORWARDED,fe014c75-988c-4a7c-a2eb-263c40f3dd3e,441ef2dd-ba4c-4212-8f0d-e7787cff6567,c3,DROP,442,?,e8,
1769748973.5448246,SENT,4abcc83c-bf17-48dd-8a72-80ea25ddd10e,effe9ed1-83c0-4db3-a46c-7662cd5569bd,c4,DROP,442,?,e1,
1769748973.5448637,FORWARDED,4abcc83c-bf17-48dd-8a72-80ea25ddd10e,effe9ed1-83c0-4db3-a46c-7662cd5569bd,c4,DROP,442,?,e1,
1769748973.5641313,RECEIVED,bf8ae59f-6069-4bd7-8a45-ccb5612ec63a,4a28e578-2fd1-4337-b7a7-60100dcaff7b,c5,DROP,685,i8,?,
1769748973.651517,SENT,bf8ae59f-6069-4bd7-8a45-ccb5612ec63a,4a28e578-2fd1-4337-b7a7-60100dcaff7b,c5,DROP,441,?,x4,
1769748973.6515582,FORWARDED,bf8ae59f-6069-4bd7-8a45-ccb5612ec63a,4a28e578-2fd1-4337-b7a7-60100dcaff7b,c5,DROP,441,?,x4,
1769748973.8137825,RECEIVED,eec9d000-604f-4d2e-9e2f-63df16195428,32232a59-f3c1-45a4-9c6b-3a2274790dbe,c5,DROP,441,x9,?,
1769748973.816714,SENT,68aa7ec0-2671-4f01-8303-268f8b276527,34128c82-9d60-4665-b606-0592de4ba2da,c3,None,772,?,p2,
1769748973.8169794,FORWARDED,68aa7ec0-2671-4f01-8303-268f8b276527,34128c82-9d60-4665-b606-0592de4ba2da,c3,None,772,?,p2,
1769748973.8415134,RECEIVED,8f2bf502-fedb-40dc-ba3a-243b4295e75e,1217387a-d1fc-4583-a480-40ea7e2ec9f0,c2,c3,1312,i4,?,
1769748973.930539,RECEIVED,11afd643-8692-4378-a689-63180161a598,0a0b8c40-b211-4ddf-9ea4-19df36b76eaf,c1,DROP,683,i1,?,
1769748973.9656687,RECEIVED,8e5f04d0-ff12-436f-a27d-804328a0a80f,af69c567-da85-4b71-8400-6c0420c5ff18,c2,c3,1311,i3,?,
1769748974.0951397,SENT,8f2bf502-fedb-40dc-ba3a-243b4295e75e,1217387a-d1fc-4583-a480-40ea7e2ec9f0,c2,c3,912,?,p3,
1769748974.0951812,FORWARDED,8f2bf502-fedb-40dc-ba3a-243b4295e75e,1217387a-d1fc-4583-a480-40ea7e2ec9f0,c2,c3,912,?,p3,
1769748974.2140684,SENT,11afd643-8692-4378-a689-63180161a598,0a0b8c40-b211-4ddf-9ea4-19df36b76eaf,c1,DROP,439,?,e7,
1769748974.2141101,FORWARDED,11afd643-8692-4378-a689-63180161a598,0a0b8c40-b211-4ddf-9ea4-19df36b76eaf,c1,DROP,439,?,e7,
1769748974.3090165,RECEIVED,c0d86f18-ada1-4a25-a9f4-926c1e56d455,a6c218e6-0737-49d7-a0fa-b8ad6c403d51,c3,DROP,685,i12,?,
1769748974.3369997,SENT,c0d86f18-ada1-4a25-a9f4-926c1e56d455,a6c218e6-0737-49d7-a0fa-b8ad6c403d51,c3,DROP,441,?,x9,
1769748974.337039,FORWARDED,c0d86f18-ada1-4a25-a9f4-926c1e56d455,a6c218e6-0737-49d7-a0fa-b8ad6c403d51,c3,DROP,441,?,x9,
1769748974.3516948,RECEIVED,3bca3540-5a61-4e8e-ab9b-22c260cb3b27,e65cd616-ee49-476d-848a-b7ab0d57b506,c5,DROP,688,i9,?,
1769748974.4211183,RECEIVED,2fbeabc0-8d8c-4887-95a9-b64e52fc8896,18671dcd-2f38-47f3-9ed8-44c3bedbf4fa,c4,DROP,684,i2,?,
1769748974.4774911,SENT,3bca3540-5a61-4e8e-ab9b-22c260cb3b27,e65cd616-ee49-476d-848a-b7ab0d57b506,c5,DROP,442,?,x12,
1769748974.4775348,FORWARDED,3bca3540-5a61-4e8e-ab9b-22c260cb3b27,e65cd616-ee49-476d-848a-b7ab0d57b506,c5,DROP,442,?,x12,
1769748974.5100253,RECEIVED,f84b56f7-f54e-49e3-a7c5-1aafcf3490a9,887a9732-a765-4744-a363-1384f6f5aa41,c2,DROP,683,i8,?,
1769748974.5547416,RECEIVED,779827de-03de-4b97-ae30-3364a20d9a82,47ee0d0f-577e-4fd8-bd72-7e33c78516fd,c2,None,1125,i2,?,
1769748974.5792286,SENT,779827de-03de-4b97-ae30-3364a20d9a82,47ee0d0f-577e-4fd8-bd72-7e33c78516fd,c2,None,771,?,p3,
1769748974.5792632,FORWARDED,779827de-03de-4b97-ae30-3364a20d9a82,47ee0d0f-577e-4fd8-bd72-7e33c78516fd,c2,None,771,?,p3,
1769748974.5906434,RECEIVED,7442fdd5-363b-4699-b1cd-42f423d5af4d,ac29e9fd-3c26-4b65-815f-ca1312793f29,c4,DROP,684,i11,?,
1769748974.5923216,SENT,2fbeabc0-8d8c-4887-95a9-b64e52fc8896,18671dcd-2f38-47f3-9ed8-44c3bedbf4fa,c4,DROP,441,?,i4,
1769748974.5923624,FORWARDED,2fbeabc0-8d8c-4887-95a9-b64e52fc8896,18671dcd-2f38-47f3-9ed8-44c3bedbf4fa,c4,DROP,441,?,i4,
1769748974.7239935,SENT,7442fdd5-363b-4699-b1cd-42f423d5af4d,ac29e9fd-3c26-4b65-815f-ca1312793f29,c4,DROP,441,?,i9,
1769748974.7240353,FORWARDED,7442fdd5-363b-4699-b1cd-42f423d5af4d,ac29e9fd-3c26-4b65-815f-ca1312793f29,c4,DROP,441,?,i9,
1769748974.7530706,SENT,8e5f04d0-ff12-436f-a27d-804328a0a80f,af69c567-da85-4b71-8400-6c0420c5ff18,c2,c3,911,?,p3,
1769748974.7531111,FORWARDED,8e5f04d0-ff12-436f-a27d-804328a0a80f,af69c567-da85-4b71-8400-6c0420c5ff18,c2,c3,911,?,p3,
1769748974.8426933,RECEIVED,4adcbc80-ffea-4555-b39b-dc7cb551b25f,c435cb56-a408-41d8-b414-23655981790c,c3,c2,1268,i10,?,
1769748974.8864322,RECEIVED,b35811c4-b8d4-424c-b1c9-a616ee3b2ad6,0d2d8298-dd15-4e6f-9802-c99c997b9849,c1,DROP,689,i2,?,
1769748974.9405935,SENT,b35811c4-b8d4-424c-b1c9-a616ee3b2ad6,0d2d8298-dd15-4e6f-9802-c99c997b9849,c1,DROP,442,?,x9,
1769748974.9406326,FORWARDED,b35811c4-b8d4-424c-b1c9-a616ee3b2ad6,0d2d8298-dd15-4e6f-9802-c99c997b9849,c1,DROP,442,?,x9,
1769748974.9548965,SENT,4adcbc80-ffea-4555-b39b-dc7cb551b25f,c435cb56-a408-41d8-b414-23655981790c,c3,c2,877,?,p2,
1769748974.9549377,FORWARDED,4adcbc80-ffea-4555-b39b-dc7cb551b25f,c435cb56-a408-41d8-b414-23655981790c,c3,c2,877,?,p2,
1769748975.0649276,RECEIVED,9b4c0f00-9158-4a36-af43-d6a0b402e6bc,1a4be4d6-65f2-416d-8ca2-a2ce5b53d885,c3,None,1132,i3,?,
1769748975.1516285,RECEIVED,f012befb-5a26-44bc-a0c4-4520724bc551,2fdd1755-a0c5-451b-afbd-f6070d4c82ab,c4,DROP,684,i3,?,
1769748975.1929398,RECEIVED,cb47e34c-7bd3-41ae-b886-2dc2f2701789,f8fc8b63-239a-4447-8d9f-e41ba85da9de,c4,DROP,688,i11,?,
1769748975.2392187,RECEIVED,fb1367a5-6fc6-45db-86fb-8e3c8aa972f6,ea514049-53bc-46ea-a9c2-1e7f61e7658b,c5,DROP,689,i2,?,
1769748975.266207,RECEIVED,eef44cd5-8b77-4b72-8daf-54a3abe068fc,c03d11cd-b8c3-40fc-b029-2938b6e37e87,c1,c5,1257,i10,?,
1769748975.2720563,SENT,9b4c0f00-9158-4a36-af43-d6a0b402e6bc,1a4be4d6-65f2-416d-8ca2-a2ce5b53d885,c3,None,776,?,p2,
1769748975.2721004,FORWARDED,9b4c0f00-9158-4a36-af43-d6a0b402e6bc,1a4be4d6-65f2-416d-8ca2-a2ce5b53d885,c3,None,776,?,p2,
1769748975.2952187,SENT,fb1367a5-6fc6-45db-86fb-8e3c8aa972f6,ea514049-53bc-46ea-a9c2-1e7f61e7658b,c5,DROP,442,?,e1,
1769748975.295259,FORWARDED,fb1367a5-6fc6-45db-86fb-8e3c8aa972f6,ea514049-53bc-46ea-a9c2-1e7f61e7658b,c5,DROP,442,?,e1,
1769748975.3060336,SENT,eef44cd5-8b77-4b72-8daf-54a3abe068fc,c03d11cd-b8c3-40fc-b029-2938b6e37e87,c1,c5,870,?,p2,
1769748975.3061883,FORWARDED,eef44cd5-8b77-4b72-8daf-54a3abe068fc,c03d11cd-b8c3-40fc-b029-2938b6e37e87,c1,c5,870,?,p2,
1769748975.3383765,SENT,f012befb-5a26-44bc-a0c4-4520724bc551,2fdd1755-a0c5-451b-afbd-f6070d4c82ab,c4,DROP,440,?,e1,
1769748975.3384147,FORWARDED,f012befb-5a26-44bc-a0c4-4520724bc551,2fdd1755-a0c5-451b-afbd-f6070d4c82ab,c4,DROP,440,?,e1,
1769748975.5001,RECEIVED,3fafe2bc-2687-4610-afea-2d56952717e4,4978598b-2096-4b06-86a8-f90922424ea5,c1,None,1127,i5,?,
1769748975.6953082,SENT,cb47e34c-7bd3-41ae-b886-2dc2f2701789,f8fc8b63-239a-4447-8d9f-e41ba85da9de,c4,DROP,442,?,i4,
1769748975.6953456,FORWARDED,cb47e34c-7bd3-41ae-b886-2dc2f2701789,f8fc8b63-239a-4447-8d9f-e41ba85da9de,c4,DROP,442,?,i4,
1769748975.9058068,SENT,f84b56f7-f54e-49e3-a7c5-1aafcf3490a9,887a9732-a765-4744-a363-1384f6f5aa41,c2,DROP,441,?,i3,
1769748975.905845,FORWARDED,f84b56f7-f54e-49e3-a7c5-1aafcf3490a9,887a9732-a765-4744-a363-1384f6f5aa41,c2,DROP,441,?,i3,
1769748975.9557617,RECEIVED,601be61d-dd71-4edb-8fee-84e09f1bca31,1aadb55d-8f1d-44bb-8ba0-2bd6e6db9fde,c4,c1,1247,i1,?,
1769748976.173003,RECEIVED,abaf34f0-f72d-45f1-8dd5-f23acc1a0e7b,51320618-b475-45d6-a073-b21eaa079903,c1,c5,1266,i6,?,
1769748976.1976438,RECEIVED,79e5c455-b96f-4e10-a6aa-a766bf348701,85062aef-7a97-4959-97aa-bd7cf25d11eb,c3,DROP,681,i6,?,
1769748976.2149737,RECEIVED,7fb7449b-3d12-4e82-aa67-92889fc0ccb5,4411167f-d21c-4927-86a1-767e34d661c5,c1,c5,1251,i9,?,
1769748976.219565,SENT,7bc4096a-bc5d-4757-8d2c-868c871f54c3,587417d0-93e9-4ed3-b149-b7868abf5369,c2,None,772,?,p3,
1769748976.2196057,FORWARDED,7bc4096a-bc5d-4757-8d2c-868c871f54c3,587417d0-93e9-4ed3-b149-b7868abf5369,c2,None,772,?,p3,
1769748976.2352407,SENT,abaf34f0-f72d-45f1-8dd5-f23acc1a0e7b,51320618-b475-45d6-a073-b21eaa079903,c1,c5,877,?,p2,
1769748976.2352798,FORWARDED,abaf34f0-f72d-45f1-8dd5-f23acc1a0e7b,51320618-b475-45d6-a073-b21eaa079903,c1,c5,877,?,p2,
1769748976.2405813,SENT,601be61d-dd71-4edb-8fee-84e09f1bca31,1aadb55d-8f1d-44bb-8ba0-2bd6e6db9fde,c4,c1,863,?,p1,
1769748976.2406216,FORWARDED,601be61d-dd71-4edb-8fee-84e09f1bca31,1aadb55d-8f1d-44bb-8ba0-2bd6e6db9fde,c4,c1,863,?,p1,
1769748976.2444127,RECEIVED,e6e08aec-948d-4db0-90b2-9adfb259cc5f,6b1ecb16-6401-4c95-a06c-38fe006454bc,c3,DROP,684,i7,?,
1769748976.2612376,RECEIVED,bab44bc7-4554-4f5a-a380-1a1458a47664,48c6b62c-3611-423a-a1ab-afaad01b03e8,c3,DROP,688,i11,?,
1769748976.2668505,RECEIVED,cf3802f3-1f9b-49c5-a895-4a6a275e48a8,21494468-f4f3-4796-bb9b-b60f4e16666f,c1,None,1128,i4,?,
1769748976.2849612,RECEIVED,8a8df13c-9443-4581-b84e-bed36e53f102,6493cd05-2316-40a3-b5d5-af66723a8e68,c4,DROP,688,i10,?,
1769748976.3462932,SENT,cf3802f3-1f9b-49c5-a895-4a6a275e48a8,21494468-f4f3-4796-bb9b-b60f4e16666f,c1,None,772,?,p1,
1769748976.3463378,FORWARDED,cf3802f3-1f9b-49c5-a895-4a6a275e48a8,21494468-f4f3-4796-bb9b-b60f4e16666f,c1,None,772,?,p1,
1769748976.3790276,SENT,8a8df13c-9443-4581-b84e-bed36e53f102,6493cd05-2316-40a3-b5d5-af66723a8e68,c4,DROP,442,?,x4,
1769748976.3790748,FORWARDED,8a8df13c-9443-4581-b84e-bed36e53f102,6493cd05-2316-40a3-b5d5-af66723a8e68,c4,DROP,442,?,x4,
1769748976.3916662,SENT,bab44bc7-4554-4f5a-a380-1a1458a47664,48c6b62c-3611-423a-a1ab-afaad01b03e8,c3,DROP,442,?,e2,
1769748976.3918996,FORWARDED,bab44bc7-4554-4f5a-a380-1a1458a47664,48c6b62c-3611-423a-a1ab-afaad01b03e8,c3,DROP,442,?,e2,
1769748976.3966575,RECEIVED,05cba40c-2a2d-4fbc-8af8-4392b5d8ec2f,6a8a7a08-949e-49e5-a2f3-25e4afc2b40a,c3,DROP,684,i9,?,
1769748976.4066193,SENT,3fafe2bc-2687-4610-afea-2d56952717e4,4978598b-2096-4b06-86a8-f90922424ea5,c1,None,772,?,p1,
1769748976.406659,FORWARDED,3fafe2bc-2687-4610-afea-2d56952717e4,4978598b-2096-4b06-86a8-f90922424ea5,c1,None,772,?,p1,
1769748976.4079509,RECEIVED,0e3c635a-337b-45ad-bfe3-7287586033a1,b5ee8eb4-519f-44e7-8054-aa1416082c45,c3,None,1124,i9,?,
1769748976.417065,SENT,e6e08aec-948d-4db0-90b2-9adfb259cc5f,6b1ecb16-6401-4c95-a06c-38fe006454bc,c3,DROP,441,?,x7,
1769748976.4171567,FORWARDED,e6e08aec-948d-4db0-90b2-9adfb259cc5f,6b1ecb16-6401-4c95-a06c-38fe006454bc,c3,DROP,441,?,x7,
1769748976.4234555,SENT,79e5c455-b96f-4e10-a6aa-a766bf348701,85062aef-7a97-4959-97aa-bd7cf25d11eb,c3,DROP,441,?,i1,
1769748976.423494,FORWARDED,79e5c455-b96f-4e10-a6aa-a766bf348701,85062aef-7a97-4959-97aa-bd7cf25d11eb,c3,DROP,441,?,i1,
1769748976.492995,SENT,05cba40c-2a2d-4fbc-8af8-4392b5d8ec2f,6a8a7a08-949e-49e5-a2f3-25e4afc2b40a,c3,DROP,441,?,x4,
1769748976.4930348,FORWARDED,05cba40c-2a2d-4fbc-8af8-4392b5d8ec2f,6a8a7a08-949e-49e5-a2f3-25e4afc2b40a,c3,DROP,441,?,x4,
1769748976.564901,RECEIVED,fbf4f595-2213-473c-9c03-7ba3b96a27d0,45ff3b38-767a-4290-b1ef-5dc6672b83c4,c4,c1,1310,i9,?,
1769748976.591027,RECEIVED,da8b793b-2f8e-46cc-bc7b-f6b6772159df,c4728f51-8c2a-47de-be40-9b430651326e,c4,DROP,686,i4,?,
1769748976.639238,SENT,0e3c635a-337b-45ad-bfe3-7287586033a1,b5ee8eb4-519f-44e7-8054-aa1416082c45,c3,None,771,?,p2,
1769748976.639278,FORWARDED,0e3c635a-337b-45ad-bfe3-7287586033a1,b5ee8eb4-519f-44e7-8054-aa1416082c45,c3,None,771,?,p2,
1769748976.639949,RECEIVED,4c1d6fba-cb97-457d-9c90-6238bb80d9b6,12f62c51-8a7c-44ef-b4c1-6de6c87d7fe8,c3,DROP,684,i4,?,
1769748976.6452615,SENT,da8b793b-2f8e-46cc-bc7b-f6b6772159df,c4728f51-8c2a-47de-be40-9b430651326e,c4,DROP,441,?,e11,
1769748976.6452992,FORWARDED,da8b793b-2f8e-46cc-bc7b-f6b6772159df,c4728f51-8c2a-47de-be40-9b430651326e,c4,DROP,441,?,e11,
1769748976.6681123,RECEIVED,d9dcf804-56b6-4d06-b2d2-f6f71d3ae86e,e9110cf2-3ae1-4e15-a00d-94c0455cb9dd,c3,DROP,683,i8,?,
1769748976.6874373,RECEIVED,f03cb11e-e2d9-4808-bb3c-92bb6d2ecba3,bcca0c11-6155-4a54-8b48-2081d948c53a,c5,DROP,684,i12,?,
1769748976.6902936,RECEIVED,1caf3aec-2c62-44a4-8966-db150e15b6ba,b859fced-a45b-4837-9e82-7f9c3fe93412,c5,c3,1253,i2,?,
1769748976.709283,RECEIVED,48460a5e-b2c0-4bc9-8542-c1bbe3db4b19,10f39b8c-b409-4a0d-8477-cc0be9453595,c3,DROP,442,x1,?,
1769748976.7514908,SENT,1caf3aec-2c62-44a4-8966-db150e15b6ba,b859fced-a45b-4837-9e82-7f9c3fe93412,c5,c3,867,?,p3,
1769748976.7515292,FORWARDED,1caf3aec-2c62-44a4-8966-db150e15b6ba,b859fced-a45b-4837-9e82-7f9c3fe93412,c5,c3,867,?,p3,
1769748976.8375266,RECEIVED,2d788bdf-0b79-4b37-9703-6f7e36519f83,71fc9a1b-13ff-479c-85be-b187a8034873,c3,DROP,682,i7,?,
1769748976.8807092,RECEIVED,5073d050-050f-4e98-a892-1e429ac3fb03,10d169d8-35cd-4f54-8906-408baf9272f3,c3,None,1123,i10,?,
1769748976.8918383,SENT,4c1d6fba-cb97-457d-9c90-6238bb80d9b6,12f62c51-8a7c-44ef-b4c1-6de6c87d7fe8,c3,DROP,441,?,x1,
1769748976.891881,FORWARDED,4c1d6fba-cb97-457d-9c90-6238bb80d9b6,12f62c51-8a7c-44ef-b4c1-6de6c87d7fe8,c3,DROP,441,?,x1,
1769748976.9357262,SENT,f03cb11e-e2d9-4808-bb3c-92bb6d2ecba3,bcca0c11-6155-4a54-8b48-2081d948c53a,c5,DROP,441,?,x7,
1769748976.9357727,FORWARDED,f03cb11e-e2d9-4808-bb3c-92bb6d2ecba3,bcca0c11-6155-4a54-8b48-2081d948c53a,c5,DROP,441,?,x7,
1769748976.9890213,SENT,7fb7449b-3d12-4e82-aa67-92889fc0ccb5,4411167f-d21c-4927-86a1-767e34d661c5,c1,c5,867,?,p2,
1769748976.9890711,FORWARDED,7fb7449b-3d12-4e82-aa67-92889fc0ccb5,4411167f-d21c-4927-86a1-767e34d661c5,c1,c5,867,?,p2,
1769748977.2239475,RECEIVED,1cae7d1c-f4af-4e0c-aab9-98af0c390394,18409bd6-f421-4888-9688-debd87edfdb6,c3,DROP,683,i11,?,
1769748977.2808096,RECEIVED,37f10fe4-d9b8-45c6-a344-2f2a849f60e8,0c96211f-01f6-41f2-b2b7-06de24c84b43,c1,DROP,442,x12,?,
1769748977.3399894,RECEIVED,7c732e0f-f24c-4cef-80c5-20351362374e,23ac6331-af4f-4f7f-b4d2-42aafa5dd8a9,c2,c3,1311,i9,?,
1769748977.3565094,RECEIVED,0568823e-e88d-4f55-a6da-0f9f5da985d3,8ec20993-9761-431c-afaf-b62dd526ec3a,c2,None,1123,i12,?,
1769748977.4917736,SENT,d9dcf804-56b6-4d06-b2d2-f6f71d3ae86e,e9110cf2-3ae1-4e15-a00d-94c0455cb9dd,c3,DROP,440,?,x5,
1769748977.4918146,FORWARDED,d9dcf804-56b6-4d06-b2d2-f6f71d3ae86e,e9110cf2-3ae1-4e15-a00d-94c0455cb9dd,c3,DROP,440,?,x5,
1769748977.4939845,RECEIVED,002d6db8-bd56-4421-9594-dc7f9fabcbb6,b14c5aeb-7dec-4552-b935-a3dc46f39086,c2,c3,1256,i9,?,
1769748977.5382853,RECEIVED,28dff438-2e5a-448f-9801-dad122fa08af,f3f1bb34-51d8-4649-97d8-bd9ac6bc8043,c4,DROP,688,i10,?,
1769748977.5646303,RECEIVED,373af029-1cb7-489f-be61-c746a5cb19de,530e47dc-ac6f-4607-aedb-0f8cc8f52f3c,c1,DROP,685,i12,?,
1769748977.5871785,RECEIVED,b2b898c2-4ed3-49a8-96d6-806369ef03ef,08ac171b-0b29-489a-8ade-9a76e4293320,c2,DROP,693,i6,?,
1769748977.5978067,SENT,373af029-1cb7-489f-be61-c746a5cb19de,530e47dc-ac6f-4607-aedb-0f8cc8f52f3c,c1,DROP,441,?,x7,
1769748977.5978465,FORWARDED,373af029-1cb7-489f-be61-c746a5cb19de,530e47dc-ac6f-4607-aedb-0f8cc8f52f3c,c1,DROP,441,?,x7,
1769748977.6080256,SENT,002d6db8-bd56-4421-9594-dc7f9fabcbb6,b14c5aeb-7dec-4552-b935-a3dc46f39086,c2,c3,869,?,p3,
1769748977.6080773,FORWARDED,002d6db8-bd56-4421-9594-dc7f9fabcbb6,b14c5aeb-7dec-4552-b935-a3dc46f39086,c2,c3,869,?,p3,
1769748977.741889,RECEIVED,51766c4d-1707-4004-98ed-837ca495ae19,420b1f8a-3a3c-46c9-8e3c-c1c1d9e49935,c3,None,1127,i11,?,
1769748977.7502253,SENT,28dff438-2e5a-448f-9801-dad122fa08af,f3f1bb34-51d8-4649-97d8-bd9ac6bc8043,c4,DROP,442,?,e1,
1769748977.7502644,FORWARDED,28dff438-2e5a-448f-9801-dad122fa08af,f3f1bb34-51d8-4649-97d8-bd9ac6bc8043,c4,DROP,442,?,e1,
1769748977.7675185,SENT,b2b898c2-4ed3-49a8-96d6-806369ef03ef,08ac171b-0b29-489a-8ade-9a76e4293320,c2,DROP,446,?,x12,
1769748977.7675622,FORWARDED,b2b898c2-4ed3-49a8-96d6-806369ef03ef,08ac171b-0b29-489a-8ade-9a76e4293320,c2,DROP,446,?,x12,
1769748977.836722,RECEIVED,e1994fdd-8f79-4e71-a37c-6f1037b06733,03d8fcce-382f-4fa8-a80a-5975551e1cc0,c1,DROP,684,i4,?,
1769748977.8380046,RECEIVED,fbf66488-a0d7-4897-8ec3-47217ab79490,d1d16c2c-d9b9-4ca2-b1ec-f94ed5c384d4,c1,c5,1311,i10,?,
1769748977.8460643,RECEIVED,5a4ae6ea-2609-458f-915d-dad8c9014a70,b5307736-e7a4-49b6-83b7-e41efce8e4e0,c2,DROP,689,i9,?,
1769748977.8719814,SENT,5a4ae6ea-2609-458f-915d-dad8c9014a70,b5307736-e7a4-49b6-83b7-e41efce8e4e0,c2,DROP,442,?,e9,
1769748977.8720233,FORWARDED,5a4ae6ea-2609-458f-915d-dad8c9014a70,b5307736-e7a4-49b6-83b7-e41efce8e4e0,c2,DROP,442,?,e9,
1769748977.8859286,SENT,1cae7d1c-f4af-4e0c-aab9-98af0c390394,18409bd6-f421-4888-9688-debd87edfdb6,c3,DROP,441,?,x1,
1769748977.8859632,FORWARDED,1cae7d1c-f4af-4e0c-aab9-98af0c390394,18409bd6-f421-4888-9688-debd87edfdb6,c3,DROP,441,?,x1,
1769748977.9423718,RECEIVED,7fc637bb-4f02-4276-a8d4-658227ae715d,3b2b5f45-940d-4d08-919d-64e336a89229,c3,None,1130,i7,?,
1769748977.9933689,RECEIVED,153c4195-59d0-4f5c-a8ea-752b5f009d59,b0c52480-211f-4c9c-8785-14ba63dc0a2b,c1,DROP,442,x7,?,
1769748978.1158738,SENT,7fc637bb-4f02-4276-a8d4-658227ae715d,3b2b5f45-940d-4d08-919d-64e336a89229,c3,None,775,?,p2,
1769748978.1159148,FORWARDED,7fc637bb-4f02-4276-a8d4-658227ae715d,3b2b5f45-940d-4d08-919d-64e336a89229,c3,None,775,?,p2,
1769748978.226276,SENT,0568823e-e88d-4f55-a6da-0f9f5da985d3,8ec20993-9761-431c-afaf-b62dd526ec3a,c2,None,771,?,p3,
1769748978.2263227,FORWARDED,0568823e-e88d-4f55-a6da-0f9f5da985d3,8ec20993-9761-431c-afaf-b62dd526ec3a,c2,None,771,?,p3,
1769748978.2363145,SENT,fbf66488-a0d7-4897-8ec3-47217ab79490,d1d16c2c-d9b9-4ca2-b1ec-f94ed5c384d4,c1,c5,910,?,p2,
1769748978.2363653,FORWARDED,fbf66488-a0d7-4897-8ec3-47217ab79490,d1d16c2c-d9b9-4ca2-b1ec-f94ed5c384d4,c1,c5,910,?,p2,
1769748978.2827547,RECEIVED,3cd9dfc4-decc-4997-945a-014c9af17559,ba407825-9a37-4ae4-9de8-8aafd07f539d,c2,DROP,687,i2,?,
1769748978.3221364,SENT,2d788bdf-0b79-4b37-9703-6f7e36519f83,71fc9a1b-13ff-479c-85be-b187a8034873,c3,DROP,440,?,i3,
1769748978.3221755,FORWARDED,2d788bdf-0b79-4b37-9703-6f7e36519f83,71fc9a1b-13ff-479c-85be-b187a8034873,c3,DROP,440,?,i3,
1769748978.3272927,SENT,7c732e0f-f24c-4cef-80c5-20351362374e,23ac6331-af4f-4f7f-b4d2-42aafa5dd8a9,c2,c3,912,?,p3,
1769748978.3273313,FORWARDED,7c732e0f-f24c-4cef-80c5-20351362374e,23ac6331-af4f-4f7f-b4d2-42aafa5dd8a9,c2,c3,912,?,p3,
1769748978.3833652,SENT,5073d050-050f-4e98-a892-1e429ac3fb03,10d169d8-35cd-4f54-8906-408baf9272f3,c3,None,771,?,p2,
1769748978.3834078,FORWARDED,5073d050-050f-4e98-a892-1e429ac3fb03,10d169d8-35cd-4f54-8906-408baf9272f3,c3,None,771,?,p2,
1769748978.5466096,RECEIVED,b011f589-f08e-43f0-af90-efe9e54f5a88,8f0a7260-c471-4ebc-95dd-626d06cb2338,c3,DROP,688,i10,?,
1769748978.704754,RECEIVED,012b14f4-d2b2-4114-8f86-38e4f94e7e39,788e7311-6c3d-4006-97cb-008178c9f669,c5,DROP,443,x3,?,
1769748978.713138,SENT,b011f589-f08e-43f0-af90-efe9e54f5a88,8f0a7260-c471-4ebc-95dd-626d06cb2338,c3,DROP,442,?,x7,
1769748978.7131772,FORWARDED,b011f589-f08e-43f0-af90-efe9e54f5a88,8f0a7260-c471-4ebc-95dd-626d06cb2338,c3,DROP,442,?,x7,
1769748978.7468832,SENT,3cd9dfc4-decc-4997-945a-014c9af17559,ba407825-9a37-4ae4-9de8-8aafd07f539d,c2,DROP,442,?,i1,
1769748978.7469263,FORWARDED,3cd9dfc4-decc-4997-945a-014c9af17559,ba407825-9a37-4ae4-9de8-8aafd07f539d,c2,DROP,442,?,i1,
1769748978.7494552,RECEIVED,bba8d4cd-0d79-4f8c-b0a9-bdaa61a64d83,aaaf9863-0cf0-41a8-8552-a84c1a60fcc7,c5,DROP,686,i10,?,
1769748978.7949674,SENT,fbf4f595-2213-473c-9c03-7ba3b96a27d0,45ff3b38-767a-4290-b1ef-5dc6672b83c4,c4,c1,911,?,p1,
1769748978.7950058,FORWARDED,fbf4f595-2213-473c-9c03-7ba3b96a27d0,45ff3b38-767a-4290-b1ef-5dc6672b83c4,c4,c1,911,?,p1,
1769748978.8175678,RECEIVED,f6dc193c-91b3-4287-b588-5f51a0bef60a,57e79a05-504f-4a37-96fb-dfceeff11947,c2,None,1132,i2,?,
1769748978.846326,RECEIVED,e0cc2c5a-8389-402b-9f1a-77555793c9fd,990115fc-bc60-4d78-888c-f55e567979ec,c3,None,1132,i11,?,
1769748978.9205885,SENT,e0cc2c5a-8389-402b-9f1a-77555793c9fd,990115fc-bc60-4d78-888c-f55e567979ec,c3,None,775,?,p2,
1769748978.9206266,FORWARDED,e0cc2c5a-8389-402b-9f1a-77555793c9fd,990115fc-bc60-4d78-888c-f55e567979ec,c3,None,775,?,p2,
1769748978.9330258,SENT,e1994fdd-8f79-4e71-a37c-6f1037b06733,03d8fcce-382f-4fa8-a80a-5975551e1cc0,c1,DROP,441,?,e10,
1769748978.9330702,FORWARDED,e1994fdd-8f79-4e71-a37c-6f1037b06733,03d8fcce-382f-4fa8-a80a-5975551e1cc0,c1,DROP,441,?,e10,
1769748978.9384322,RECEIVED,78abe170-5ab5-4934-b044-3f3385d5da13,7898f78d-f15e-4e3e-ab16-ca56d21ea6a0,c5,DROP,446,x12,?,
1769748979.0202048,RECEIVED,03b677cd-271f-4d96-9555-9d1df4758f8d,1eccfba9-49d1-4e79-bdc1-aa52fb45a7d7,c5,DROP,442,x11,?,
1769748979.0769784,RECEIVED,51736ab9-1c39-4f0f-b70e-b690b0a72e3e,df4b15fa-3c2a-4ff9-bfae-e325f88077ce,c3,DROP,681,i3,?,
1769748979.0827599,RECEIVED,f213bf1a-ab04-423a-ada7-a7f67028fd1e,16838b4f-267c-4204-9875-27f9c3f43b67,c5,DROP,692,i10,?,
1769748979.1117322,SENT,51736ab9-1c39-4f0f-b70e-b690b0a72e3e,df4b15fa-3c2a-4ff9-bfae-e325f88077ce,c3,DROP,436,?,e8,
1769748979.1117704,FORWARDED,51736ab9-1c39-4f0f-b70e-b690b0a72e3e,df4b15fa-3c2a-4ff9-bfae-e325f88077ce,c3,DROP,436,?,e8,
1769748979.1159391,SENT,f6dc193c-91b3-4287-b588-5f51a0bef60a,57e79a05-504f-4a37-96fb-dfceeff11947,c2,None,776,?,p3,
1769748979.115977,FORWARDED,f6dc193c-91b3-4287-b588-5f51a0bef60a,57e79a05-504f-4a37-96fb-dfceeff11947,c2,None,776,?,p3,
1769748979.212687,SENT,bba8d4cd-0d79-4f8c-b0a9-bdaa61a64d83,aaaf9863-0cf0-41a8-8552-a84c1a60fcc7,c5,DROP,442,?,x7,
1769748979.2127278,FORWARDED,bba8d4cd-0d79-4f8c-b0a9-bdaa61a64d83,aaaf9863-0cf0-41a8-8552-a84c1a60fcc7,c5,DROP,442,?,x7,
1769748979.700308,RECEIVED,40a17427-9cb3-4e41-ba75-ffbeedfe3519,2b15e9e4-784d-408c-a91b-de2911b5c9fa,c3,DROP,687,i8,?,
1769748979.779743,RECEIVED,549966e9-9a69-4200-9dec-e7ea4925b179,66349ea1-f283-4bb4-a1ac-cb7fd35c51d3,c1,DROP,688,i2,?,
1769748979.8910315,SENT,51766c4d-1707-4004-98ed-837ca495ae19,420b1f8a-3a3c-46c9-8e3c-c1c1d9e49935,c3,None,772,?,p2,
1769748979.891083,FORWARDED,51766c4d-1707-4004-98ed-837ca495ae19,420b1f8a-3a3c-46c9-8e3c-c1c1d9e49935,c3,None,772,?,p2,
1769748980.059697,RECEIVED,ff0d6b8f-be58-4b2f-8d8e-be9020b9e066,48166878-0f66-48de-96c8-eb9cac76331b,c3,DROP,437,x9,?,
1769748980.0966392,RECEIVED,9e03c4b2-0054-49c3-9535-3b92c317fbc4,9215fc1f-d45f-4d5c-93bb-2808ee1e551d,c1,DROP,689,i8,?,
1769748980.236621,RECEIVED,2e610168-9182-46cb-b475-41c7f828c25d,db8e999b-7068-4be9-b30f-9c75daf65654,c5,DROP,682,i7,?,
1769748980.298752,SENT,f213bf1a-ab04-423a-ada7-a7f67028fd1e,16838b4f-267c-4204-9875-27f9c3f43b67,c5,DROP,445,?,i11,
1769748980.298784,FORWARDED,f213bf1a-ab04-423a-ada7-a7f67028fd1e,16838b4f-267c-4204-9875-27f9c3f43b67,c5,DROP,445,?,i11,
1769748980.3152962,RECEIVED,b5146a15-4a92-4ec4-9626-79ccd57b10f5,4537edc0-c52c-4fe9-bf5f-4224896a8835,c5,DROP,684,i12,?,
1769748980.4036574,SENT,b5146a15-4a92-4ec4-9626-79ccd57b10f5,4537edc0-c52c-4fe9-bf5f-4224896a8835,c5,DROP,441,?,x5,
1769748980.4036958,FORWARDED,b5146a15-4a92-4ec4-9626-79ccd57b10f5,4537edc0-c52c-4fe9-bf5f-4224896a8835,c5,DROP,441,?,x5,
1769748980.433551,RECEIVED,9d85271f-53e8-4d84-9cbe-bb2506443bcc,7d6d700e-e015-4a43-85ee-b6fc9a7a8785,c4,c1,1308,i1,?,
1769748980.438367,RECEIVED,369d6e7c-0ede-4b67-9dcb-3b022eef06df,68e6d9ef-21fb-46d8-84f8-156d71d89191,c2,DROP,447,x4,?,
1769748980.4602122,RECEIVED,01a9d1d7-c9c8-42e3-8af4-431393d994ab,3cdc11d2-3ec4-4144-aeab-4b2e1d9d51a6,c5,DROP,688,i1,?,
1769748980.5762627,SENT,9e03c4b2-0054-49c3-9535-3b92c317fbc4,9215fc1f-d45f-4d5c-93bb-2808ee1e551d,c1,DROP,442,?,i11,
1769748980.5763023,FORWARDED,9e03c4b2-0054-49c3-9535-3b92c317fbc4,9215fc1f-d45f-4d5c-93bb-2808ee1e551d,c1,DROP,442,?,i11,
1769748980.613555,SENT,9d85271f-53e8-4d84-9cbe-bb2506443bcc,7d6d700e-e015-4a43-85ee-b6fc9a7a8785,c4,c1,908,?,p1,
1769748980.6135952,FORWARDED,9d85271f-53e8-4d84-9cbe-bb2506443bcc,7d6d700e-e015-4a43-85ee-b6fc9a7a8785,c4,c1,908,?,p1,
1769748980.6138933,RECEIVED,8fb60789-f1ba-421b-a22b-ac7a989bd4a6,29d60d3c-f55a-457f-8492-7609e7a273cb,c5,None,1128,i2,?,
1769748980.6772077,SENT,40a17427-9cb3-4e41-ba75-ffbeedfe3519,2b15e9e4-784d-408c-a91b-de2911b5c9fa,c3,DROP,443,?,i2,
1769748980.6772454,FORWARDED,40a17427-9cb3-4e41-ba75-ffbeedfe3519,2b15e9e4-784d-408c-a91b-de2911b5c9fa,c3,DROP,443,?,i2,
1769748980.68115,SENT,549966e9-9a69-4200-9dec-e7ea4925b179,66349ea1-f283-4bb4-a1ac-cb7fd35c51d3,c1,DROP,442,?,i12,
1769748980.681187,FORWARDED,549966e9-9a69-4200-9dec-e7ea4925b179,66349ea1-f283-4bb4-a1ac-cb7fd35c51d3,c1,DROP,442,?,i12,
1769748980.7084532,SENT,8fb60789-f1ba-421b-a22b-ac7a989bd4a6,29d60d3c-f55a-457f-8492-7609e7a273cb,c5,None,772,?,p1,
1769748980.708503,FORWARDED,8fb60789-f1ba-421b-a22b-ac7a989bd4a6,29d60d3c-f55a-457f-8492-7609e7a273cb,c5,None,772,?,p1,
1769748980.802066,RECEIVED,d9c96172-d84e-4eff-9209-ae9ef873ad33,65a2c605-1ef7-46ad-84e9-293157cb7f03,c3,DROP,684,i11,?,
1769748980.8207746,RECEIVED,3e5c2c68-07e0-457b-8eda-436f0b83bfcc,bee3d1c8-b240-497c-a9fa-1abf49642728,c3,DROP,682,i3,?,
1769748980.8338494,SENT,01a9d1d7-c9c8-42e3-8af4-431393d994ab,3cdc11d2-3ec4-4144-aeab-4b2e1d9d51a6,c5,DROP,443,?,i2,
1769748980.8345733,FORWARDED,01a9d1d7-c9c8-42e3-8af4-431393d994ab,3cdc11d2-3ec4-4144-aeab-4b2e1d9d51a6,c5,DROP,443,?,i2,
1769748980.9868426,RECEIVED,3f67d7f1-019e-4163-b529-121579fa7f00,96f92c9f-dbe9-4d0d-8d29-bbe29cf4090c,c4,DROP,687,i1,?,
1769748981.0384724,RECEIVED,f5663904-0fc8-4dd3-92fb-d78070c078e0,7d69ed28-d907-481e-8c0c-a0e6ff5e2acf,c2,None,1130,i11,?,
1769748981.1536472,SENT,d9c96172-d84e-4eff-9209-ae9ef873ad33,65a2c605-1ef7-46ad-84e9-293157cb7f03,c3,DROP,441,?,i8,
1769748981.1536872,FORWARDED,d9c96172-d84e-4eff-9209-ae9ef873ad33,65a2c605-1ef7-46ad-84e9-293157cb7f03,c3,DROP,441,?,i8,
1769748981.2155771,RECEIVED,f4928805-4611-4347-b4ec-fb98a6e36317,b98ccef3-da55-431d-8b49-ed722f178767,c3,c2,1259,i3,?,
1769748981.2174945,SENT,3e5c2c68-07e0-457b-8eda-436f0b83bfcc,bee3d1c8-b240-497c-a9fa-1abf49642728,c3,DROP,441,?,i7,
1769748981.2175307,FORWARDED,3e5c2c68-07e0-457b-8eda-436f0b83bfcc,bee3d1c8-b240-497c-a9fa-1abf49642728,c3,DROP,441,?,i7,
1769748981.2685666,RECEIVED,d7a24fd1-eedd-42a0-8d66-5f517e64703d,d35315a5-404e-43e0-bb83-e2244343926a,c3,None,1124,i7,?,
1769748981.4316704,RECEIVED,c40c90a2-6d49-48f0-9223-6c5bc7cc6e5c,bc6cf297-83f7-4d84-8054-f5f10ad1fe8d,c3,c2,1251,i5,?,
1769748981.464555,RECEIVED,851e8712-508a-4e1c-af1c-a5b02c313614,1822a486-3412-4e54-a3b0-3934812c4a49,c4,DROP,684,i10,?,
1769748981.4761229,SENT,f5663904-0fc8-4dd3-92fb-d78070c078e0,7d69ed28-d907-481e-8c0c-a0e6ff5e2acf,c2,None,776,?,p3,
1769748981.4761648,FORWARDED,f5663904-0fc8-4dd3-92fb-d78070c078e0,7d69ed28-d907-481e-8c0c-a0e6ff5e2acf,c2,None,776,?,p3,
1769748981.4825604,SENT,d7a24fd1-eedd-42a0-8d66-5f517e64703d,d35315a5-404e-43e0-bb83-e2244343926a,c3,None,769,?,p2,
1769748981.4826035,FORWARDED,d7a24fd1-eedd-42a0-8d66-5f517e64703d,d35315a5-404e-43e0-bb83-e2244343926a,c3,None,769,?,p2,
1769748981.577681,SENT,f4928805-4611-4347-b4ec-fb98a6e36317,b98ccef3-da55-431d-8b49-ed722f178767,c3,c2,871,?,p2,
1769748981.5777183,FORWARDED,f4928805-4611-4347-b4ec-fb98a6e36317,b98ccef3-da55-431d-8b49-ed722f178767,c3,c2,871,?,p2,
1769748981.6646955,RECEIVED,8e67d0ef-f3b5-4dfb-9b54-e57c1e41aea9,8db92c0d-c621-4b53-8412-be91ac77de1c,c2,DROP,441,x7,?,
1769748981.7078605,SENT,3f67d7f1-019e-4163-b529-121579fa7f00,96f92c9f-dbe9-4d0d-8d29-bbe29cf4090c,c4,DROP,442,?,i4,
1769748981.7078981,FORWARDED,3f67d7f1-019e-4163-b529-121579fa7f00,96f92c9f-dbe9-4d0d-8d29-bbe29cf4090c,c4,DROP,442,?,i4,
1769748981.7444181,RECEIVED,c33daeb2-f188-4b02-8dc5-b51dc94f474a,2a53d8c1-e005-4b79-b7bb-af318df0926e,c1,DROP,683,i10,?,
1769748981.803613,RECEIVED,3f170853-5575-406e-aab8-9255820f1080,b5bed989-af11-4298-8704-5401164472a3,c4,DROP,684,i2,?,
1769748981.8250337,SENT,851e8712-508a-4e1c-af1c-a5b02c313614,1822a486-3412-4e54-a3b0-3934812c4a49,c4,DROP,441,?,x6,
1769748981.8250895,FORWARDED,851e8712-508a-4e1c-af1c-a5b02c313614,1822a486-3412-4e54-a3b0-3934812c4a49,c4,DROP,441,?,x6,
1769748981.8431797,RECEIVED,48804a5f-1463-4851-b324-f7609fb4cd20,5788321b-e66b-405a-b478-f5487f24e044,c3,DROP,689,i6,?,
1769748981.8752546,SENT,3f170853-5575-406e-aab8-9255820f1080,b5bed989-af11-4298-8704-5401164472a3,c4,DROP,441,?,i6,
1769748981.8752964,FORWARDED,3f170853-5575-406e-aab8-9255820f1080,b5bed989-af11-4298-8704-5401164472a3,c4,DROP,441,?,i6,
1769748981.9474185,SENT,2e610168-9182-46cb-b475-41c7f828c25d,db8e999b-7068-4be9-b30f-9c75daf65654,c5,DROP,441,?,x6,
1769748981.9474518,FORWARDED,2e610168-9182-46cb-b475-41c7f828c25d,db8e999b-7068-4be9-b30f-9c75daf65654,c5,DROP,441,?,x6,
1769748981.956784,SENT,c33daeb2-f188-4b02-8dc5-b51dc94f474a,2a53d8c1-e005-4b79-b7bb-af318df0926e,c1,DROP,441,?,i8,
1769748981.9568284,FORWARDED,c33daeb2-f188-4b02-8dc5-b51dc94f474a,2a53d8c1-e005-4b79-b7bb-af318df0926e,c1,DROP,441,?,i8,
1769748981.9891415,SENT,48804a5f-1463-4851-b324-f7609fb4cd20,5788321b-e66b-405a-b478-f5487f24e044,c3,DROP,442,?,x11,
1769748981.9891815,FORWARDED,48804a5f-1463-4851-b324-f7609fb4cd20,5788321b-e66b-405a-b478-f5487f24e044,c3,DROP,442,?,x11,
1769748981.9902644,RECEIVED,58505bfc-0b14-49aa-a084-30ef89d4ea94,2b451cf7-3754-4705-8e27-1701457e0337,c5,c3,1312,i2,?,
1769748982.027128,RECEIVED,f92ae892-a864-4a58-9215-2dab181294fd,ab49a7b6-081f-4009-bf59-af64f80ac48c,c1,None,1122,i5,?,
1769748982.0871415,RECEIVED,44cfa186-04b5-47a2-aa12-139465b6a94d,94f7b08a-551e-45bf-b626-58b79b45220e,c3,DROP,686,i3,?,
1769748982.099185,RECEIVED,49d092a9-acaa-47e8-9063-83999e027c0c,caa360f0-eec3-4953-bebb-9c2b583beb63,c3,DROP,684,i9,?,
1769748982.1917386,SENT,49d092a9-acaa-47e8-9063-83999e027c0c,caa360f0-eec3-4953-bebb-9c2b583beb63,c3,DROP,440,?,x11,
1769748982.1917777,FORWARDED,49d092a9-acaa-47e8-9063-83999e027c0c,caa360f0-eec3-4953-bebb-9c2b583beb63,c3,DROP,440,?,x11,
1769748982.2511303,RECEIVED,a6128f20-4d29-48d8-a981-a689aaf8180a,adcd85f3-a0f8-4e34-84a9-1bf2cf059433,c3,None,1131,i11,?,
1769748982.336975,SENT,c40c90a2-6d49-48f0-9223-6c5bc7cc6e5c,bc6cf297-83f7-4d84-8054-f5f10ad1fe8d,c3,c2,867,?,p2,
1769748982.3370142,FORWARDED,c40c90a2-6d49-48f0-9223-6c5bc7cc6e5c,bc6cf297-83f7-4d84-8054-f5f10ad1fe8d,c3,c2,867,?,p2,
1769748982.3828456,SENT,58505bfc-0b14-49aa-a084-30ef89d4ea94,2b451cf7-3754-4705-8e27-1701457e0337,c5,c3,911,?,p3,
1769748982.3828866,FORWARDED,58505bfc-0b14-49aa-a084-30ef89d4ea94,2b451cf7-3754-4705-8e27-1701457e0337,c5,c3,911,?,p3,
1769748982.4132137,SENT,44cfa186-04b5-47a2-aa12-139465b6a94d,94f7b08a-551e-45bf-b626-58b79b45220e,c3,DROP,442,?,e6,
1769748982.4132516,FORWARDED,44cfa186-04b5-47a2-aa12-139465b6a94d,94f7b08a-551e-45bf-b626-58b79b45220e,c3,DROP,442,?,e6,
1769748982.4710143,RECEIVED,f175b5d1-5b01-4cba-af1a-9caae86a801c,44a9bfde-ddac-4581-a373-77e6bfb68ddd,c5,DROP,685,i6,?,
1769748982.4754634,RECEIVED,5cdd1bab-1aa5-4cad-88c3-4f1b0d92831d,a802ada8-5f93-42de-aafc-bf03f0166748,c1,DROP,441,x1,?,
1769748982.495534,RECEIVED,83fbd732-abdd-4c0c-b5ca-c0d29a42cf25,94a8bea6-f26c-4356-934c-4ecf605fe09c,c2,None,1123,i7,?,
1769748982.617194,SENT,f175b5d1-5b01-4cba-af1a-9caae86a801c,44a9bfde-ddac-4581-a373-77e6bfb68ddd,c5,DROP,441,?,e10,
1769748982.6172357,FORWARDED,f175b5d1-5b01-4cba-af1a-9caae86a801c,44a9bfde-ddac-4581-a373-77e6bfb68ddd,c5,DROP,441,?,e10,
1769748982.652222,RECEIVED,e6e6cba2-5578-4fdb-9348-1b52844cd128,75c902f5-fefc-488a-8db1-8b4228328720,c1,DROP,689,i10,?,
1769748982.6973028,SENT,f92ae892-a864-4a58-9215-2dab181294fd,ab49a7b6-081f-4009-bf59-af64f80ac48c,c1,None,771,?,p1,
1769748982.6973407,FORWARDED,f92ae892-a864-4a58-9215-2dab181294fd,ab49a7b6-081f-4009-bf59-af64f80ac48c,c1,None,771,?,p1,
1769748982.7027545,RECEIVED,5b71adf7-212e-4a4b-bd2f-59dfd9d180e8,ab28747b-cb35-490e-9edf-355f8b2241f9,c5,DROP,680,i2,?,
1769748982.855823,SENT,a6128f20-4d29-48d8-a981-a689aaf8180a,adcd85f3-a0f8-4e34-84a9-1bf2cf059433,c3,None,776,?,p2,
1769748982.855867,FORWARDED,a6128f20-4d29-48d8-a981-a689aaf8180a,adcd85f3-a0f8-4e34-84a9-1bf2cf059433,c3,None,776,?,p2,
1769748982.8965015,SENT,e6e6cba2-5578-4fdb-9348-1b52844cd128,75c902f5-fefc-488a-8db1-8b4228328720,c1,DROP,442,?,x12,
1769748982.8965447,FORWARDED,e6e6cba2-5578-4fdb-9348-1b52844cd128,75c902f5-fefc-488a-8db1-8b4228328720,c1,DROP,442,?,x12,
1769748982.898763,RECEIVED,ae69ba42-b6b0-4878-978b-bb2af20c617d,fb8b1b10-38d4-45df-98ef-48b131deae2a,c3,DROP,687,i10,?,
1769748982.952512,RECEIVED,6a4c87fb-fff6-41d6-838f-dda40556f637,d9ece768-e0a1-4bd6-8ddf-768ed0580520,c4,DROP,684,i4,?,
1769748983.029878,SENT,83fbd732-abdd-4c0c-b5ca-c0d29a42cf25,94a8bea6-f26c-4356-934c-4ecf605fe09c,c2,None,771,?,p3,
1769748983.0299194,FORWARDED,83fbd732-abdd-4c0c-b5ca-c0d29a42cf25,94a8bea6-f26c-4356-934c-4ecf605fe09c,c2,None,771,?,p3,
1769748983.0843704,RECEIVED,0f8c67c7-3f9c-4632-a923-0cae419e9f0c,334cb1b3-edf8-43f0-9096-624c34e75025,c4,DROP,445,x12,?,
1769748983.1108148,SENT,5b71adf7-212e-4a4b-bd2f-59dfd9d180e8,ab28747b-cb35-490e-9edf-355f8b2241f9,c5,DROP,438,?,i7,
1769748983.1108608,FORWARDED,5b71adf7-212e-4a4b-bd2f-59dfd9d180e8,ab28747b-cb35-490e-9edf-355f8b2241f9,c5,DROP,438,?,i7,
1769748983.177805,SENT,ae69ba42-b6b0-4878-978b-bb2af20c617d,fb8b1b10-38d4-45df-98ef-48b131deae2a,c3,DROP,442,?,x1,
1769748983.17785,FORWARDED,ae69ba42-b6b0-4878-978b-bb2af20c617d,fb8b1b10-38d4-45df-98ef-48b131deae2a,c3,DROP,442,?,x1,
1769748983.2308073,RECEIVED,5cb24020-0c49-44bb-bfc9-8e4e9a65e524,740c13f6-a358-43b6-b2c1-834237e9c8c5,c1,None,1127,i4,?,
1769748983.2673395,RECEIVED,e3838bf9-b736-404f-a475-a0a6b6c2c0ac,74c7d94d-8034-44d6-8203-a0d5ab307a25,c4,DROP,687,i3,?,
1769748983.2992473,RECEIVED,451fa554-6c51-41ea-bd14-7595e11db7b8,98a8eebe-4792-4f3a-bf76-148b042da545,c3,DROP,442,x11,?,
1769748983.5099416,SENT,6a4c87fb-fff6-41d6-838f-dda40556f637,d9ece768-e0a1-4bd6-8ddf-768ed0580520,c4,DROP,441,?,x11,
1769748983.5099843,FORWARDED,6a4c87fb-fff6-41d6-838f-dda40556f637,d9ece768-e0a1-4bd6-8ddf-768ed0580520,c4,DROP,441,?,x11,
1769748983.5174818,RECEIVED,a1d95017-0ef3-4277-8307-d72c8b233af0,7b141a97-fe87-45f7-aee8-0c2c56fb5c42,c3,DROP,684,i11,?,
1769748983.5239751,RECEIVED,26462788-ce66-4772-b922-1db7ff81948f,fdf046dc-d21a-4e99-9a32-9014b0dc34f4,c2,DROP,688,i11,?,
1769748983.6142619,SENT,a1d95017-0ef3-4277-8307-d72c8b233af0,7b141a97-fe87-45f7-aee8-0c2c56fb5c42,c3,DROP,441,?,e2,
1769748983.6143026,FORWARDED,a1d95017-0ef3-4277-8307-d72c8b233af0,7b141a97-fe87-45f7-aee8-0c2c56fb5c42,c3,DROP,441,?,e2,
1769748983.8058767,RECEIVED,24a7612f-5399-40c3-acf0-3b303baca168,9de2b006-6780-409d-b6ef-615bfb5b58bf,c1,DROP,685,i8,?,
1769748983.812916,RECEIVED,41605170-be75-4aa3-a6b4-28492d767e51,942b1f9f-ba39-4051-9f49-0081632ad222,c4,DROP,691,i12,?,
1769748983.8969312,SENT,26462788-ce66-4772-b922-1db7ff81948f,fdf046dc-d21a-4e99-9a32-9014b0dc34f4,c2,DROP,442,?,x7,
1769748983.896973,FORWARDED,26462788-ce66-4772-b922-1db7ff81948f,fdf046dc-d21a-4e99-9a32-9014b0dc34f4,c2,DROP,442,?,x7,
1769748983.9686136,SENT,e3838bf9-b736-404f-a475-a0a6b6c2c0ac,74c7d94d-8034-44d6-8203-a0d5ab307a25,c4,DROP,442,?,e4,
1769748983.968655,FORWARDED,e3838bf9-b736-404f-a475-a0a6b6c2c0ac,74c7d94d-8034-44d6-8203-a0d5ab307a25,c4,DROP,442,?,e4,
1769748984.089562,SENT,5cb24020-0c49-44bb-bfc9-8e4e9a65e524,740c13f6-a358-43b6-b2c1-834237e9c8c5,c1,None,772,?,p1,
1769748984.089601,FORWARDED,5cb24020-0c49-44bb-bfc9-8e4e9a65e524,740c13f6-a358-43b6-b2c1-834237e9c8c5,c1,None,772,?,p1,
1769748984.1183116,RECEIVED,3ec9240e-4448-4676-92aa-95f97ffae96c,6636dbab-3668-47ac-b0cc-cb534d54ed47,c3,None,1123,i11,?,
1769748984.1367,RECEIVED,87a95801-620b-44e1-bae0-85d554668265,b17310e3-5ca6-4de8-b2f0-84e52d3bfce7,c3,c2,1255,i11,?,
1769748984.1776254,SENT,24a7612f-5399-40c3-acf0-3b303baca168,9de2b006-6780-409d-b6ef-615bfb5b58bf,c1,DROP,441,?,e12,
1769748984.1776717,FORWARDED,24a7612f-5399-40c3-acf0-3b303baca168,9de2b006-6780-409d-b6ef-615bfb5b58bf,c1,DROP,441,?,e12,
1769748984.2246046,RECEIVED,e2bfa2b3-c707-4a81-9e34-4687b6b83293,f8f48a06-6c9d-4940-9712-226e23efef09,c1,DROP,686,i4,?,
1769748984.361312,SENT,87a95801-620b-44e1-bae0-85d554668265,b17310e3-5ca6-4de8-b2f0-84e52d3bfce7,c3,c2,868,?,p2,
1769748984.3613527,FORWARDED,87a95801-620b-44e1-bae0-85d554668265,b17310e3-5ca6-4de8-b2f0-84e52d3bfce7,c3,c2,868,?,p2,
1769748984.362308,RECEIVED,99de978b-d795-448f-830b-e8df59ef949a,a8d53d0b-4ae2-453d-9eb5-6ae6ef545ebf,c3,DROP,688,i9,?,
1769748984.4215136,RECEIVED,e3023871-cf12-4465-a8a6-d333521a1e5b,f975f97e-6e62-4b02-b406-9e46384877e1,c5,c3,1263,i12,?,
1769748984.5526729,RECEIVED,c87d6379-5044-49fc-9709-892d58754d14,7807f7f0-d44c-4a1b-b878-8e0040ff35f8,c1,c5,1311,i9,?,
1769748984.5751946,SENT,99de978b-d795-448f-830b-e8df59ef949a,a8d53d0b-4ae2-453d-9eb5-6ae6ef545ebf,c3,DROP,442,?,x5,
1769748984.575235,FORWARDED,99de978b-d795-448f-830b-e8df59ef949a,a8d53d0b-4ae2-453d-9eb5-6ae6ef545ebf,c3,DROP,442,?,x5,
1769748984.580559,RECEIVED,e670e882-c3d8-4c1b-824d-e4e0a6d5ba3f,7f598281-1b00-4337-9d7b-e685c3cd320a,c4,DROP,441,x7,?,
1769748984.607032,RECEIVED,c2e17efb-554b-4292-a82d-759bdf15eab7,25da85fa-1bc7-4037-a6f3-04c4f40d1179,c4,DROP,683,i7,?,
1769748984.6526752,SENT,41605170-be75-4aa3-a6b4-28492d767e51,942b1f9f-ba39-4051-9f49-0081632ad222,c4,DROP,446,?,x1,
1769748984.6527257,FORWARDED,41605170-be75-4aa3-a6b4-28492d767e51,942b1f9f-ba39-4051-9f49-0081632ad222,c4,DROP,446,?,x1,
1769748984.669151,RECEIVED,c33a666d-ec09-4f20-af6e-32a919bae9c8,37eb3db6-2446-4247-8847-1c10905e8653,c5,DROP,688,i9,?,
1769748984.6991293,RECEIVED,7977cc2d-aa22-4e7d-90e7-6cea35d31aa7,6300b265-9d1f-4578-abb5-b0880cb23b90,c3,c2,1259,i4,?,
1769748984.7213123,RECEIVED,044aa044-885b-45fa-9551-143b107049f8,cf717b8b-fdfd-4415-b5d4-ce6c79fbd7fc,c4,DROP,684,i10,?,
1769748984.7329845,SENT,e3023871-cf12-4465-a8a6-d333521a1e5b,f975f97e-6e62-4b02-b406-9e46384877e1,c5,c3,875,?,p3,
1769748984.733023,FORWARDED,e3023871-cf12-4465-a8a6-d333521a1e5b,f975f97e-6e62-4b02-b406-9e46384877e1,c5,c3,875,?,p3,
1769748984.79425,RECEIVED,a20d122c-f5e1-4f68-86f6-c49fba73cc56,e8d11521-920d-4c3a-805f-688b0d4d268c,c3,DROP,688,i12,?,
1769748984.871654,SENT,044aa044-885b-45fa-9551-143b107049f8,cf717b8b-fdfd-4415-b5d4-ce6c79fbd7fc,c4,DROP,441,?,x3,
1769748984.871694,FORWARDED,044aa044-885b-45fa-9551-143b107049f8,cf717b8b-fdfd-4415-b5d4-ce6c79fbd7fc,c4,DROP,441,?,x3,
1769748984.9219613,RECEIVED,a28aa492-c393-4a26-b280-d246a4d6cc00,4e5d9c4f-a0c6-4528-bde8-637f503a0fdb,c5,DROP,688,i4,?,
1769748984.9681091,RECEIVED,f3c4d38c-1bb1-4029-a53d-2fdda5537eb6,86eaa002-508a-4e1a-a5a3-02bb77f5e9d1,c5,DROP,684,i9,?,
1769748984.9837775,SENT,c33a666d-ec09-4f20-af6e-32a919bae9c8,37eb3db6-2446-4247-8847-1c10905e8653,c5,DROP,442,?,x1,
1769748984.9838188,FORWARDED,c33a666d-ec09-4f20-af6e-32a919bae9c8,37eb3db6-2446-4247-8847-1c10905e8653,c5,DROP,442,?,x1,
1769748985.0366282,RECEIVED,fed19670-77dc-411e-99da-5cbdade614f2,53d16dca-d771-492f-b984-48ff8306ad99,c3,DROP,694,i11,?,
1769748985.0543258,SENT,3ec9240e-4448-4676-92aa-95f97ffae96c,6636dbab-3668-47ac-b0cc-cb534d54ed47,c3,None,769,?,p2,
1769748985.054369,FORWARDED,3ec9240e-4448-4676-92aa-95f97ffae96c,6636dbab-3668-47ac-b0cc-cb534d54ed47,c3,None,769,?,p2,
1769748985.0563722,RECEIVED,363f3667-d21c-488e-9fda-efccd054b500,2faa181e-88f7-4a96-ac67-64688db8d3ee,c2,c3,1256,i2,?,
1769748985.0680315,SENT,fed19670-77dc-411e-99da-5cbdade614f2,53d16dca-d771-492f-b984-48ff8306ad99,c3,DROP,445,?,e11,
1769748985.06808,FORWARDED,fed19670-77dc-411e-99da-5cbdade614f2,53d16dca-d771-492f-b984-48ff8306ad99,c3,DROP,445,?,e11,
1769748985.1028094,SENT,a20d122c-f5e1-4f68-86f6-c49fba73cc56,e8d11521-920d-4c3a-805f-688b0d4d268c,c3,DROP,442,?,x3,
1769748985.1028514,FORWARDED,a20d122c-f5e1-4f68-86f6-c49fba73cc56,e8d11521-920d-4c3a-805f-688b0d4d268c,c3,DROP,442,?,x3,
1769748985.1951303,SENT,a28aa492-c393-4a26-b280-d246a4d6cc00,4e5d9c4f-a0c6-4528-bde8-637f503a0fdb,c5,DROP,442,?,x4,
1769748985.1951725,FORWARDED,a28aa492-c393-4a26-b280-d246a4d6cc00,4e5d9c4f-a0c6-4528-bde8-637f503a0fdb,c5,DROP,442,?,x4,
1769748985.2018123,RECEIVED,593156da-839a-45cf-90d5-fe64a76aa1ed,5c3df22e-89db-423d-b9a8-23825dc2f9e8,c3,None,1135,i12,?,
1769748985.2342725,RECEIVED,e928541d-10ba-4f83-8645-98d59c6004fb,5e7c067d-6261-4042-91d4-b799e6c5bd8a,c3,DROP,683,i4,?,
1769748985.244305,SENT,363f3667-d21c-488e-9fda-efccd054b500,2faa181e-88f7-4a96-ac67-64688db8d3ee,c2,c3,868,?,p3,
1769748985.2443473,FORWARDED,363f3667-d21c-488e-9fda-efccd054b500,2faa181e-88f7-4a96-ac67-64688db8d3ee,c2,c3,868,?,p3,
1769748985.2797267,SENT,e2bfa2b3-c707-4a81-9e34-4687b6b83293,f8f48a06-6c9d-4940-9712-226e23efef09,c1,DROP,443,?,i8,
1769748985.27977,FORWARDED,e2bfa2b3-c707-4a81-9e34-4687b6b83293,f8f48a06-6c9d-4940-9712-226e23efef09,c1,DROP,443,?,i8,
1769748985.3065429,SENT,7977cc2d-aa22-4e7d-90e7-6cea35d31aa7,6300b265-9d1f-4578-abb5-b0880cb23b90,c3,c2,871,?,p2,
1769748985.30658,FORWARDED,7977cc2d-aa22-4e7d-90e7-6cea35d31aa7,6300b265-9d1f-4578-abb5-b0880cb23b90,c3,c2,871,?,p2,
1769748985.3749373,RECEIVED,37e27af4-4a3c-42da-ba08-649584caef11,b357002c-8856-4e48-929d-73c67c871d32,c3,DROP,688,i1,?,
1769748985.3911245,RECEIVED,830fc91a-475f-4617-b543-bd217dad2e9e,bc91ff62-687f-40b7-b9c6-e039e25d685c,c3,DROP,443,x9,?,
1769748985.423385,SENT,f3c4d38c-1bb1-4029-a53d-2fdda5537eb6,86eaa002-508a-4e1a-a5a3-02bb77f5e9d1,c5,DROP,441,?,x5,
1769748985.423432,FORWARDED,f3c4d38c-1bb1-4029-a53d-2fdda5537eb6,86eaa002-508a-4e1a-a5a3-02bb77f5e9d1,c5,DROP,441,?,x5,
1769748985.4831028,RECEIVED,6662986c-f350-4014-8d2a-08eb7ff2bfcc,bdfbfd53-b9a7-4f82-995e-b5b450dfa538,c4,DROP,442,x4,?,
1769748985.5857859,SENT,37e27af4-4a3c-42da-ba08-649584caef11,b357002c-8856-4e48-929d-73c67c871d32,c3,DROP,442,?,e3,
1769748985.585827,FORWARDED,37e27af4-4a3c-42da-ba08-649584caef11,b357002c-8856-4e48-929d-73c67c871d32,c3,DROP,442,?,e3,
1769748985.6162803,RECEIVED,0088bdae-f573-4c4b-aa10-ad058f196c61,914f53a9-6207-4348-8629-55dc5d0be94b,c1,DROP,443,x10,?,
1769748985.6286669,RECEIVED,00bf615b-ed81-42a9-983e-9cb0f1adefe5,28ce5939-a76a-436b-89d3-8498d03e269c,c5,c3,1260,i9,?,
1769748985.6718605,RECEIVED,b70af34f-cfb9-444b-86ad-f47489576fa9,55cff502-18da-4e9f-bf8b-c5677c69e253,c1,DROP,683,i3,?,
1769748985.6896515,RECEIVED,572348ce-aad2-41e5-91f9-c5718b206658,cfa08f42-bcf2-4b56-96ff-8aa5f253323d,c5,c3,1251,i2,?,
1769748985.7369835,SENT,593156da-839a-45cf-90d5-fe64a76aa1ed,5c3df22e-89db-423d-b9a8-23825dc2f9e8,c3,None,780,?,p2,
1769748985.7370222,FORWARDED,593156da-839a-45cf-90d5-fe64a76aa1ed,5c3df22e-89db-423d-b9a8-23825dc2f9e8,c3,None,780,?,p2,
1769748985.7711961,SENT,c87d6379-5044-49fc-9709-892d58754d14,7807f7f0-d44c-4a1b-b878-8e0040ff35f8,c1,c5,912,?,p2,
1769748985.7712333,FORWARDED,c87d6379-5044-49fc-9709-892d58754d14,7807f7f0-d44c-4a1b-b878-8e0040ff35f8,c1,c5,912,?,p2,
1769748985.7756274,SENT,e928541d-10ba-4f83-8645-98d59c6004fb,5e7c067d-6261-4042-91d4-b799e6c5bd8a,c3,DROP,441,?,e1,
1769748985.7756684,FORWARDED,e928541d-10ba-4f83-8645-98d59c6004fb,5e7c067d-6261-4042-91d4-b799e6c5bd8a,c3,DROP,441,?,e1,
1769748985.8003993,RECEIVED,07719fac-8e93-4bbb-9a76-83f1968cf7df,5b8a312b-e048-4094-adcc-215382204232,c1,DROP,442,x5,?,
1769748985.8897233,RECEIVED,06fd8688-8d54-478b-a827-ec4c935e300f,577b742f-022a-40a9-8176-c6794a8c26f5,c3,DROP,441,x4,?,
1769748985.9149537,RECEIVED,1f2af5a3-83e3-4e9a-9b1b-51e82f43f51e,ef721bc0-d10b-45c7-98f6-d97f8e638e09,c3,c2,1265,i9,?,
1769748985.946084,SENT,1f2af5a3-83e3-4e9a-9b1b-51e82f43f51e,ef721bc0-d10b-45c7-98f6-d97f8e638e09,c3,c2,875,?,p2,
1769748985.9461274,FORWARDED,1f2af5a3-83e3-4e9a-9b1b-51e82f43f51e,ef721bc0-d10b-45c7-98f6-d97f8e638e09,c3,c2,875,?,p2,
1769748985.9549696,SENT,00bf615b-ed81-42a9-983e-9cb0f1adefe5,28ce5939-a76a-436b-89d3-8498d03e269c,c5,c3,871,?,p3,
1769748985.9550104,FORWARDED,00bf615b-ed81-42a9-983e-9cb0f1adefe5,28ce5939-a76a-436b-89d3-8498d03e269c,c5,c3,871,?,p3,
1769748985.9614542,RECEIVED,f95e8b9b-06ad-4014-9e25-048139bc2ace,5ab20aa0-8d62-4170-912b-b0a16c960293,c5,c3,1259,i1,?,
1769748985.982937,RECEIVED,a34434dc-130e-4755-a2fa-dd93ac6e0db6,0c9d4d17-5d02-495e-b25e-f68d7e12bca2,c4,DROP,687,i10,?,
1769748986.0120878,RECEIVED,6f82eb83-a854-40f9-909b-a40b065ad727,37a3f42a-5da5-4841-a715-75a812c6a827,c3,DROP,684,i3,?,
1769748986.029316,RECEIVED,506149b2-7ca8-46c3-84b1-428df9ccfbbf,2d699179-d922-47e4-bf92-afcc705fb6e6,c4,DROP,684,i6,?,
1769748986.0512857,SENT,c2e17efb-554b-4292-a82d-759bdf15eab7,25da85fa-1bc7-4037-a6f3-04c4f40d1179,c4,DROP,441,?,e9,
1769748986.051319,FORWARDED,c2e17efb-554b-4292-a82d-759bdf15eab7,25da85fa-1bc7-4037-a6f3-04c4f40d1179,c4,DROP,441,?,e9,
1769748986.1130044,RECEIVED,5a635ecc-62b6-40f6-9827-fd5f09a58f2b,60dbf67e-f8e0-4cc1-9838-34b6cffe0b3b,c5,DROP,684,i9,?,
1769748986.1595776,RECEIVED,f4dbe8db-7dcc-4ee4-b1c8-2a9839c748ec,64baa78b-8cc8-4575-ab48-eef60def58ff,c4,DROP,441,x3,?,
1769748986.171852,SENT,5a635ecc-62b6-40f6-9827-fd5f09a58f2b,60dbf67e-f8e0-4cc1-9838-34b6cffe0b3b,c5,DROP,440,?,x4,
1769748986.1718943,FORWARDED,5a635ecc-62b6-40f6-9827-fd5f09a58f2b,60dbf67e-f8e0-4cc1-9838-34b6cffe0b3b,c5,DROP,440,?,x4,
1769748986.281307,RECEIVED,c4970831-e32a-4bb6-afc6-13062b257d3d,783cffa6-2ade-4087-90c5-2164d2aaa2a1,c4,DROP,688,i9,?,
1769748986.2982328,RECEIVED,f4a8df7c-a0de-446c-9119-d1b0370d5a9a,6d2a4a76-1435-46c5-8d5c-ca4bd6ba3d7d,c3,DROP,442,x9,?,
1769748986.3304384,SENT,b70af34f-cfb9-444b-86ad-f47489576fa9,55cff502-18da-4e9f-bf8b-c5677c69e253,c1,DROP,441,?,i9,
1769748986.3304858,FORWARDED,b70af34f-cfb9-444b-86ad-f47489576fa9,55cff502-18da-4e9f-bf8b-c5677c69e253,c1,DROP,441,?,i9,
1769748986.374835,SENT,a34434dc-130e-4755-a2fa-dd93ac6e0db6,0c9d4d17-5d02-495e-b25e-f68d7e12bca2,c4,DROP,442,?,i8,
1769748986.3748775,FORWARDED,a34434dc-130e-4755-a2fa-dd93ac6e0db6,0c9d4d17-5d02-495e-b25e-f68d7e12bca2,c4,DROP,442,?,i8,
1769748986.4002922,SENT,6f82eb83-a854-40f9-909b-a40b065ad727,37a3f42a-5da5-4841-a715-75a812c6a827,c3,DROP,440,?,e1,
1769748986.4003327,FORWARDED,6f82eb83-a854-40f9-909b-a40b065ad727,37a3f42a-5da5-4841-a715-75a812c6a827,c3,DROP,440,?,e1,
1769748986.4363194,RECEIVED,d29598ab-8220-46e0-a07f-9dd10482c1c8,7c27ffdc-346e-4476-94fb-dc5c901e7863,c2,DROP,442,x2,?,
1769748986.4594622,RECEIVED,3e9006a6-a423-4a59-b475-f466507c6969,5beaf9d0-bda4-4f63-a657-c86f71dcd122,c5,c3,1259,i5,?,
1769748986.5484955,SENT,506149b2-7ca8-46c3-84b1-428df9ccfbbf,2d699179-d922-47e4-bf92-afcc705fb6e6,c4,DROP,441,?,i11,
1769748986.5485363,FORWARDED,506149b2-7ca8-46c3-84b1-428df9ccfbbf,2d699179-d922-47e4-bf92-afcc705fb6e6,c4,DROP,441,?,i11,
1769748986.5987082,SENT,572348ce-aad2-41e5-91f9-c5718b206658,cfa08f42-bcf2-4b56-96ff-8aa5f253323d,c5,c3,865,?,p3,
1769748986.598762,FORWARDED,572348ce-aad2-41e5-91f9-c5718b206658,cfa08f42-bcf2-4b56-96ff-8aa5f253323d,c5,c3,865,?,p3,
1769748986.6135538,SENT,c4970831-e32a-4bb6-afc6-13062b257d3d,783cffa6-2ade-4087-90c5-2164d2aaa2a1,c4,DROP,442,?,i3,
1769748986.613597,FORWARDED,c4970831-e32a-4bb6-afc6-13062b257d3d,783cffa6-2ade-4087-90c5-2164d2aaa2a1,c4,DROP,442,?,i3,
1769748986.657888,RECEIVED,57503d37-9ba9-41f6-bb88-1a16367c1b92,ce7672a8-c3ef-4766-b85e-5001af9edef5,c2,DROP,687,i3,?,
1769748986.6956315,RECEIVED,17b656f9-418e-458a-bbe2-276e382d36d8,3039c809-80ce-4f52-a5a3-ebdb9768fd64,c2,None,1131,i7,?,
1769748986.79966,RECEIVED,679742ec-0cce-458d-a322-7910cb507885,c7d8ccc6-5b43-4360-9e60-e9f94ffab40e,c1,DROP,683,i8,?,
1769748986.7997587,RECEIVED,2d20edd8-0719-4977-b980-61a08a76a182,cf3fa84a-3806-4eba-bde8-c39381a33c38,c1,DROP,687,i12,?,
1769748986.8262558,SENT,f95e8b9b-06ad-4014-9e25-048139bc2ace,5ab20aa0-8d62-4170-912b-b0a16c960293,c5,c3,872,?,p3,
1769748986.8262937,FORWARDED,f95e8b9b-06ad-4014-9e25-048139bc2ace,5ab20aa0-8d62-4170-912b-b0a16c960293,c5,c3,872,?,p3,
1769748986.82644,RECEIVED,2dd54e24-58b4-4998-98e7-0af041ba3e01,cb95ecf5-4587-4124-bb20-1a48d2001974,c5,None,1127,i1,?,
1769748986.9184742,SENT,2d20edd8-0719-4977-b980-61a08a76a182,cf3fa84a-3806-4eba-bde8-c39381a33c38,c1,DROP,442,?,e6,
1769748986.9186144,FORWARDED,2d20edd8-0719-4977-b980-61a08a76a182,cf3fa84a-3806-4eba-bde8-c39381a33c38,c1,DROP,442,?,e6,
1769748986.9252121,SENT,3e9006a6-a423-4a59-b475-f466507c6969,5beaf9d0-bda4-4f63-a657-c86f71dcd122,c5,c3,871,?,p3,
1769748986.9252532,FORWARDED,3e9006a6-a423-4a59-b475-f466507c6969,5beaf9d0-bda4-4f63-a657-c86f71dcd122,c5,c3,871,?,p3,
1769748987.0257833,SENT,679742ec-0cce-458d-a322-7910cb507885,c7d8ccc6-5b43-4360-9e60-e9f94ffab40e,c1,DROP,440,?,x7,
1769748987.0258229,FORWARDED,679742ec-0cce-458d-a322-7910cb507885,c7d8ccc6-5b43-4360-9e60-e9f94ffab40e,c1,DROP,440,?,x7,
1769748987.0444305,RECEIVED,4bde7051-d615-43bb-a8c6-ea2396c349b9,efd70c72-3834-468e-8eec-3a32241bf337,c5,DROP,687,i12,?,
1769748987.2074358,SENT,17b656f9-418e-458a-bbe2-276e382d36d8,3039c809-80ce-4f52-a5a3-ebdb9768fd64,c2,None,775,?,p3,
1769748987.207477,FORWARDED,17b656f9-418e-458a-bbe2-276e382d36d8,3039c809-80ce-4f52-a5a3-ebdb9768fd64,c2,None,775,?,p3,
1769748987.235676,RECEIVED,c0e8700e-7e22-4353-96a0-bab2ebd01643,8875d0eb-b6f9-4942-ac64-104490389408,c2,DROP,684,i1,?,
1769748987.3847857,SENT,2dd54e24-58b4-4998-98e7-0af041ba3e01,cb95ecf5-4587-4124-bb20-1a48d2001974,c5,None,774,?,p1,
1769748987.3848295,FORWARDED,2dd54e24-58b4-4998-98e7-0af041ba3e01,cb95ecf5-4587-4124-bb20-1a48d2001974,c5,None,774,?,p1,
1769748987.394388,RECEIVED,51d82304-98a2-4545-a01a-f8e534fb004d,16b092fe-4538-4626-9614-2e88b0006e12,c2,c3,1312,i2,?,
1769748987.4292228,RECEIVED,04641e60-a406-4acc-ae48-7514ff8d6238,f4bf17de-aec8-4700-aa24-81b46896eff0,c4,DROP,688,i3,?,
1769748987.440518,RECEIVED,59a7082b-cc1b-422d-821b-8ae2ac532999,e6f08e45-f2f5-46dd-9187-c94237d9e328,c5,DROP,690,i11,?,
1769748987.4419425,RECEIVED,3afc4c53-af03-4f0a-855a-bd0203b8c1f9,821a3b84-7a91-42b5-ac97-0fe60c832c3d,c1,c5,1259,i8,?,
1769748987.487983,SENT,57503d37-9ba9-41f6-bb88-1a16367c1b92,ce7672a8-c3ef-4766-b85e-5001af9edef5,c2,DROP,443,?,e4,
1769748987.4880226,FORWARDED,57503d37-9ba9-41f6-bb88-1a16367c1b92,ce7672a8-c3ef-4766-b85e-5001af9edef5,c2,DROP,443,?,e4,
1769748987.5313427,SENT,04641e60-a406-4acc-ae48-7514ff8d6238,f4bf17de-aec8-4700-aa24-81b46896eff0,c4,DROP,442,?,i1,
1769748987.5322099,FORWARDED,04641e60-a406-4acc-ae48-7514ff8d6238,f4bf17de-aec8-4700-aa24-81b46896eff0,c4,DROP,442,?,i1,
1769748987.5405822,SENT,51d82304-98a2-4545-a01a-f8e534fb004d,16b092fe-4538-4626-9614-2e88b0006e12,c2,c3,911,?,p3,
1769748987.540623,FORWARDED,51d82304-98a2-4545-a01a-f8e534fb004d,16b092fe-4538-4626-9614-2e88b0006e12,c2,c3,911,?,p3,
1769748987.6450322,RECEIVED,3be79d35-ea68-4187-98d7-6bf993d6932a,7c0bf1cf-4aa3-4fd2-8235-ea7803472e71,c3,None,1132,i5,?,
1769748987.667875,RECEIVED,677243b4-4110-41c3-8d2e-bb3372137657,06fdf1fe-8cd5-4ba1-9dca-a8740947da57,c3,DROP,441,x6,?,
1769748987.7632697,RECEIVED,f9e73c62-93a2-4eaf-b7a4-022024d310d4,86005d3f-594e-45be-90d2-ff64fb01c5e0,c3,None,1131,i7,?,
1769748987.883227,SENT,3be79d35-ea68-4187-98d7-6bf993d6932a,7c0bf1cf-4aa3-4fd2-8235-ea7803472e71,c3,None,777,?,p2,
1769748987.8832693,FORWARDED,3be79d35-ea68-4187-98d7-6bf993d6932a,7c0bf1cf-4aa3-4fd2-8235-ea7803472e71,c3,None,777,?,p2,
1769748987.982383,SENT,3afc4c53-af03-4f0a-855a-bd0203b8c1f9,821a3b84-7a91-42b5-ac97-0fe60c832c3d,c1,c5,872,?,p2,
1769748987.982419,FORWARDED,3afc4c53-af03-4f0a-855a-bd0203b8c1f9,821a3b84-7a91-42b5-ac97-0fe60c832c3d,c1,c5,872,?,p2,
1769748988.1083174,SENT,c0e8700e-7e22-4353-96a0-bab2ebd01643,8875d0eb-b6f9-4942-ac64-104490389408,c2,DROP,441,?,x10,
1769748988.1083562,FORWARDED,c0e8700e-7e22-4353-96a0-bab2ebd01643,8875d0eb-b6f9-4942-ac64-104490389408,c2,DROP,441,?,x10,
1769748988.1794114,RECEIVED,8432b1ed-956c-4ddd-814e-326f393d0a9e,d690e6dc-3395-4822-b2de-362467119986,c3,c2,1316,i4,?,
1769748988.2662814,SENT,8432b1ed-956c-4ddd-814e-326f393d0a9e,d690e6dc-3395-4822-b2de-362467119986,c3,c2,914,?,p2,
1769748988.26633,FORWARDED,8432b1ed-956c-4ddd-814e-326f393d0a9e,d690e6dc-3395-4822-b2de-362467119986,c3,c2,914,?,p2,
1769748988.336578,RECEIVED,530fbce4-654b-4175-ba62-ed95e70d32bb,dfae78b1-29dc-4842-8c6a-3e490a95c3ac,c5,c3,1254,i2,?,
1769748988.3597195,RECEIVED,70a0af50-4f1c-463d-b2bd-a31398d3cee1,79fa0000-cc18-4630-9e7b-b0b7b8764d28,c3,DROP,441,x12,?,
1769748988.436336,RECEIVED,97c817d1-5c4c-4e90-99e2-4d1dd95630d4,5030ae8b-f871-42fd-a7c8-5a0bbe9d8d9a,c1,None,1124,i3,?,
1769748988.4784667,RECEIVED,c8f182ff-9651-4a21-8275-ed9511a071ad,0b55509b-e016-41ba-ba9c-afc682bc42d0,c5,DROP,686,i12,?,
1769748988.4796717,SENT,f9e73c62-93a2-4eaf-b7a4-022024d310d4,86005d3f-594e-45be-90d2-ff64fb01c5e0,c3,None,776,?,p2,
1769748988.4797113,FORWARDED,f9e73c62-93a2-4eaf-b7a4-022024d310d4,86005d3f-594e-45be-90d2-ff64fb01c5e0,c3,None,776,?,p2,
1769748988.5826833,SENT,97c817d1-5c4c-4e90-99e2-4d1dd95630d4,5030ae8b-f871-42fd-a7c8-5a0bbe9d8d9a,c1,None,771,?,p1,
1769748988.582723,FORWARDED,97c817d1-5c4c-4e90-99e2-4d1dd95630d4,5030ae8b-f871-42fd-a7c8-5a0bbe9d8d9a,c1,None,771,?,p1,
1769748988.7535954,RECEIVED,72220258-3e06-4add-9dfa-7ca22ba95294,e3a0c557-032f-4378-a713-85b691639c4b,c2,DROP,684,i9,?,
1769748988.7902026,RECEIVED,07caf214-d9d6-4b65-b01a-f012a20676a9,32b5e643-116c-44cb-9ec7-7dc418a60cd7,c5,c3,1261,i8,?,
1769748988.8173087,RECEIVED,93e853b4-ca7e-43ea-b290-799c79418b77,dd58c491-e411-4144-bf2c-e5b8dcf453bb,c1,DROP,684,i2,?,
1769748988.8267365,SENT,07caf214-d9d6-4b65-b01a-f012a20676a9,32b5e643-116c-44cb-9ec7-7dc418a60cd7,c5,c3,871,?,p3,
1769748988.8267756,FORWARDED,07caf214-d9d6-4b65-b01a-f012a20676a9,32b5e643-116c-44cb-9ec7-7dc418a60cd7,c5,c3,871,?,p3,
1769748988.8928435,SENT,4bde7051-d615-43bb-a8c6-ea2396c349b9,efd70c72-3834-468e-8eec-3a32241bf337,c5,DROP,442,?,i1,
1769748988.8928857,FORWARDED,4bde7051-d615-43bb-a8c6-ea2396c349b9,efd70c72-3834-468e-8eec-3a32241bf337,c5,DROP,442,?,i1,
1769748988.9501529,SENT,93e853b4-ca7e-43ea-b290-799c79418b77,dd58c491-e411-4144-bf2c-e5b8dcf453bb,c1,DROP,441,?,i1,
1769748988.9501977,FORWARDED,93e853b4-ca7e-43ea-b290-799c79418b77,dd58c491-e411-4144-bf2c-e5b8dcf453bb,c1,DROP,441,?,i1,
1769748989.0724764,RECEIVED,ec12f91e-d1d7-4e9f-8061-effb8949a2f5,a09ab2bf-66c1-4a7d-a281-800f9a15710a,c1,DROP,688,i2,?,
1769748989.0978172,RECEIVED,da9bdcff-ff99-425e-be87-ab98e597b1fa,bd1064ac-c489-4877-bee6-5903db85ad12,c4,c1,1261,i7,?,
1769748989.1530166,SENT,da9bdcff-ff99-425e-be87-ab98e597b1fa,bd1064ac-c489-4877-bee6-5903db85ad12,c4,c1,872,?,p1,
1769748989.1530826,FORWARDED,da9bdcff-ff99-425e-be87-ab98e597b1fa,bd1064ac-c489-4877-bee6-5903db85ad12,c4,c1,872,?,p1,
1769748989.2309287,RECEIVED,f4e1fbee-6c29-4bf9-aa57-fe2670deec9f,e48eb935-ccd4-4b06-b4b7-b7bf6834b217,c1,None,1123,i6,?,
1769748989.4972332,SENT,f4e1fbee-6c29-4bf9-aa57-fe2670deec9f,e48eb935-ccd4-4b06-b4b7-b7bf6834b217,c1,None,771,?,p1,
1769748989.4972773,FORWARDED,f4e1fbee-6c29-4bf9-aa57-fe2670deec9f,e48eb935-ccd4-4b06-b4b7-b7bf6834b217,c1,None,771,?,p1,
1769748989.5993729,SENT,72220258-3e06-4add-9dfa-7ca22ba95294,e3a0c557-032f-4378-a713-85b691639c4b,c2,DROP,440,?,e11,
1769748989.599422,FORWARDED,72220258-3e06-4add-9dfa-7ca22ba95294,e3a0c557-032f-4378-a713-85b691639c4b,c2,DROP,440,?,e11,
1769748989.6008692,RECEIVED,1106684f-dfa2-48b1-a8e5-e5bb045916f6,f94711bf-dd40-45df-9529-b9971d279c03,c3,c2,1315,i11,?,
1769748989.6132295,SENT,530fbce4-654b-4175-ba62-ed95e70d32bb,dfae78b1-29dc-4842-8c6a-3e490a95c3ac,c5,c3,868,?,p3,
1769748989.6132662,FORWARDED,530fbce4-654b-4175-ba62-ed95e70d32bb,dfae78b1-29dc-4842-8c6a-3e490a95c3ac,c5,c3,868,?,p3,
1769748989.6519992,SENT,c8f182ff-9651-4a21-8275-ed9511a071ad,0b55509b-e016-41ba-ba9c-afc682bc42d0,c5,DROP,443,?,e3,
1769748989.6520367,FORWARDED,c8f182ff-9651-4a21-8275-ed9511a071ad,0b55509b-e016-41ba-ba9c-afc682bc42d0,c5,DROP,443,?,e3,
1769748989.7722547,RECEIVED,d623059b-4006-407d-8ee3-d192277544ca,ed9d0b1a-494c-4294-9a0e-ebbf09b9832c,c3,DROP,684,i9,?,
1769748989.792814,RECEIVED,0c6570ae-1ed5-455a-b1a8-6f0f419cf28e,34645839-e7b2-47a6-b21f-4465e8b4a606,c3,DROP,441,x4,?,
1769748989.8135266,SENT,1106684f-dfa2-48b1-a8e5-e5bb045916f6,f94711bf-dd40-45df-9529-b9971d279c03,c3,c2,913,?,p2,
1769748989.813566,FORWARDED,1106684f-dfa2-48b1-a8e5-e5bb045916f6,f94711bf-dd40-45df-9529-b9971d279c03,c3,c2,913,?,p2,
1769748989.950136,SENT,59a7082b-cc1b-422d-821b-8ae2ac532999,e6f08e45-f2f5-46dd-9187-c94237d9e328,c5,DROP,445,?,i12,
1769748989.950177,FORWARDED,59a7082b-cc1b-422d-821b-8ae2ac532999,e6f08e45-f2f5-46dd-9187-c94237d9e328,c5,DROP,445,?,i12,
1769748990.0275977,RECEIVED,d09d47dd-6850-4bda-a9cd-b753b4e3099d,4d1e602f-ad1e-4809-a275-27d7c273bac9,c5,c3,1307,i2,?,
1769748990.0697744,RECEIVED,bee4bcaa-de2c-4b6a-9551-b3620d337a49,a56bc578-5ec4-4a9e-ba80-212b2d1127e0,c1,DROP,687,i7,?,
1769748990.2168975,RECEIVED,9b1e3dc7-a7f4-48c6-a71c-ee18abdf893d,c9e9c0a3-c5c6-41da-a1e5-9a28ba39c799,c5,DROP,686,i2,?,
1769748990.259681,SENT,9b1e3dc7-a7f4-48c6-a71c-ee18abdf893d,c9e9c0a3-c5c6-41da-a1e5-9a28ba39c799,c5,DROP,441,?,i10,
1769748990.2597227,FORWARDED,9b1e3dc7-a7f4-48c6-a71c-ee18abdf893d,c9e9c0a3-c5c6-41da-a1e5-9a28ba39c799,c5,DROP,441,?,i10,
1769748990.2613692,RECEIVED,0c0e5352-411c-4570-a4be-843cbdb64ccc,ffd62405-390f-48d4-93e5-167741f54246,c4,DROP,686,i11,?,
1769748990.2703865,RECEIVED,aa3bab0d-1214-4d3a-afb8-e25886f0c391,99a92364-c9fd-4f5d-bf82-f0c6c2a81f93,c3,DROP,683,i8,?,
1769748990.289257,SENT,d623059b-4006-407d-8ee3-d192277544ca,ed9d0b1a-494c-4294-9a0e-ebbf09b9832c,c3,DROP,440,?,e10,
1769748990.2893014,FORWARDED,d623059b-4006-407d-8ee3-d192277544ca,ed9d0b1a-494c-4294-9a0e-ebbf09b9832c,c3,DROP,440,?,e10,
1769748990.3358824,SENT,ec12f91e-d1d7-4e9f-8061-effb8949a2f5,a09ab2bf-66c1-4a7d-a281-800f9a15710a,c1,DROP,442,?,x12,
1769748990.3359208,FORWARDED,ec12f91e-d1d7-4e9f-8061-effb8949a2f5,a09ab2bf-66c1-4a7d-a281-800f9a15710a,c1,DROP,442,?,x12,
1769748990.3928237,RECEIVED,ea416141-ab90-409c-8767-73c5db3e4923,b8718e90-a242-4678-9465-f05a836bf467,c3,DROP,689,i1,?,
1769748990.4387743,RECEIVED,d517db6f-c374-4d3c-886d-2eb3ac828cc8,848c3456-f0bc-402e-85af-49ee6c0c3e14,c3,None,1128,i5,?,
1769748990.458274,SENT,ea416141-ab90-409c-8767-73c5db3e4923,b8718e90-a242-4678-9465-f05a836bf467,c3,DROP,442,?,i7,
1769748990.4583273,FORWARDED,ea416141-ab90-409c-8767-73c5db3e4923,b8718e90-a242-4678-9465-f05a836bf467,c3,DROP,442,?,i7,
1769748990.4648187,RECEIVED,c7827e36-3bd6-494d-af4a-9a55e00871e9,027c8325-5040-47d7-bd61-be14bfdde3c9,c3,DROP,683,i8,?,
1769748990.5297575,SENT,d09d47dd-6850-4bda-a9cd-b753b4e3099d,4d1e602f-ad1e-4809-a275-27d7c273bac9,c5,c3,908,?,p3,
1769748990.529798,FORWARDED,d09d47dd-6850-4bda-a9cd-b753b4e3099d,4d1e602f-ad1e-4809-a275-27d7c273bac9,c5,c3,908,?,p3,
1769748990.5761147,SENT,d517db6f-c374-4d3c-886d-2eb3ac828cc8,848c3456-f0bc-402e-85af-49ee6c0c3e14,c3,None,772,?,p2,
1769748990.57615,FORWARDED,d517db6f-c374-4d3c-886d-2eb3ac828cc8,848c3456-f0bc-402e-85af-49ee6c0c3e14,c3,None,772,?,p2,
1769748990.6234534,RECEIVED,377a0d8d-7377-4289-8ac4-aa0623f7b504,b4b010fc-59ec-4cd2-8397-13ccdd8d2443,c4,c1,1264,i1,?,
1769748990.643406,SENT,aa3bab0d-1214-4d3a-afb8-e25886f0c391,99a92364-c9fd-4f5d-bf82-f0c6c2a81f93,c3,DROP,441,?,i9,
1769748990.6434476,FORWARDED,aa3bab0d-1214-4d3a-afb8-e25886f0c391,99a92364-c9fd-4f5d-bf82-f0c6c2a81f93,c3,DROP,441,?,i9,
1769748990.6555371,SENT,377a0d8d-7377-4289-8ac4-aa0623f7b504,b4b010fc-59ec-4cd2-8397-13ccdd8d2443,c4,c1,876,?,p1,
1769748990.655573,FORWARDED,377a0d8d-7377-4289-8ac4-aa0623f7b504,b4b010fc-59ec-4cd2-8397-13ccdd8d2443,c4,c1,876,?,p1,
1769748990.7593584,RECEIVED,67db133e-3b53-4876-8ad2-dc84510c9c16,666c468d-7254-4592-9c74-5761f394c05e,c2,DROP,679,i3,?,
1769748990.964625,SENT,c7827e36-3bd6-494d-af4a-9a55e00871e9,027c8325-5040-47d7-bd61-be14bfdde3c9,c3,DROP,441,?,x1,
1769748990.964667,FORWARDED,c7827e36-3bd6-494d-af4a-9a55e00871e9,027c8325-5040-47d7-bd61-be14bfdde3c9,c3,DROP,441,?,x1,
1769748991.037988,RECEIVED,9e078174-a07b-43bd-9cd5-fa4894705928,f656b89b-ebc7-49fc-aa95-ca7f5219f195,c4,DROP,682,i4,?,
1769748991.040895,RECEIVED,74e58262-cc08-4e23-93aa-3383e688492e,ca695328-445e-4931-a7a8-bf3af893d226,c5,None,1128,i4,?,
1769748991.1350658,RECEIVED,7edb46ce-1b2d-4e74-a015-1207ad455f2b,31b73023-5eda-4b74-9e13-797932d59f28,c5,DROP,446,x6,?,
1769748991.2511315,RECEIVED,ac86a7e5-e452-4b87-8f35-fe346e8976d8,fe56679b-331a-42f4-95d8-054673410335,c2,c3,1267,i10,?,
1769748991.2596183,RECEIVED,c71a9445-218b-4e35-ad3b-132b80be744e,51c6009b-a57b-4941-ac1e-969c75856902,c5,DROP,688,i6,?,
1769748991.2617984,RECEIVED,3f7c71ba-1068-4998-a215-fa1cee340b68,04c3f9f6-c59d-428e-aa81-f163cb24d26c,c5,DROP,689,i3,?,
1769748991.2622514,RECEIVED,5206867e-83d4-4a0d-b621-4986b88b0978,cb07db34-ae96-4581-ad41-a6ac3e03974e,c1,DROP,679,i5,?,
1769748991.2789059,SENT,3f7c71ba-1068-4998-a215-fa1cee340b68,04c3f9f6-c59d-428e-aa81-f163cb24d26c,c5,DROP,442,?,i7,
1769748991.2789466,FORWARDED,3f7c71ba-1068-4998-a215-fa1cee340b68,04c3f9f6-c59d-428e-aa81-f163cb24d26c,c5,DROP,442,?,i7,
1769748991.2812264,SENT,bee4bcaa-de2c-4b6a-9551-b3620d337a49,a56bc578-5ec4-4a9e-ba80-212b2d1127e0,c1,DROP,442,?,e7,
1769748991.2812676,FORWARDED,bee4bcaa-de2c-4b6a-9551-b3620d337a49,a56bc578-5ec4-4a9e-ba80-212b2d1127e0,c1,DROP,442,?,e7,
1769748991.3840272,SENT,67db133e-3b53-4876-8ad2-dc84510c9c16,666c468d-7254-4592-9c74-5761f394c05e,c2,DROP,438,?,x3,
1769748991.3840785,FORWARDED,67db133e-3b53-4876-8ad2-dc84510c9c16,666c468d-7254-4592-9c74-5761f394c05e,c2,DROP,438,?,x3,
1769748991.3958807,SENT,5206867e-83d4-4a0d-b621-4986b88b0978,cb07db34-ae96-4581-ad41-a6ac3e03974e,c1,DROP,437,?,e4,
1769748991.3959236,FORWARDED,5206867e-83d4-4a0d-b621-4986b88b0978,cb07db34-ae96-4581-ad41-a6ac3e03974e,c1,DROP,437,?,e4,
1769748991.4066887,RECEIVED,2231f42e-308f-409d-9984-4259b2488d2f,9fa80d50-4a14-4b5a-88cf-7c6a6fdf9d7b,c1,DROP,689,i7,?,
1769748991.4216244,SENT,0c0e5352-411c-4570-a4be-843cbdb64ccc,ffd62405-390f-48d4-93e5-167741f54246,c4,DROP,444,?,i6,
1769748991.421668,FORWARDED,0c0e5352-411c-4570-a4be-843cbdb64ccc,ffd62405-390f-48d4-93e5-167741f54246,c4,DROP,444,?,i6,
1769748991.4474401,SENT,74e58262-cc08-4e23-93aa-3383e688492e,ca695328-445e-4931-a7a8-bf3af893d226,c5,None,772,?,p1,
1769748991.4474857,FORWARDED,74e58262-cc08-4e23-93aa-3383e688492e,ca695328-445e-4931-a7a8-bf3af893d226,c5,None,772,?,p1,
1769748991.4832454,RECEIVED,19bb9a48-900f-4a40-a996-ba5f2f950a8f,704c5c81-8156-4982-b655-c779ff5beee2,c2,DROP,689,i3,?,
1769748991.5129492,SENT,c71a9445-218b-4e35-ad3b-132b80be744e,51c6009b-a57b-4941-ac1e-969c75856902,c5,DROP,442,?,x6,
1769748991.5129895,FORWARDED,c71a9445-218b-4e35-ad3b-132b80be744e,51c6009b-a57b-4941-ac1e-969c75856902,c5,DROP,442,?,x6,
1769748991.5306692,SENT,2231f42e-308f-409d-9984-4259b2488d2f,9fa80d50-4a14-4b5a-88cf-7c6a6fdf9d7b,c1,DROP,443,?,e12,
1769748991.5307121,FORWARDED,2231f42e-308f-409d-9984-4259b2488d2f,9fa80d50-4a14-4b5a-88cf-7c6a6fdf9d7b,c1,DROP,443,?,e12,
1769748991.561642,RECEIVED,b81fc051-499c-404a-818d-25a548b33d31,5f216242-763e-4faa-898f-dbbd044ab47e,c5,None,1131,i7,?,
1769748991.5735698,RECEIVED,5b8bf91f-f4cf-493d-9811-1cafae866014,20df85bc-a364-412a-a92f-3323fd70334c,c1,None,1128,i1,?,
1769748991.5877016,RECEIVED,9867db5d-4ffb-4358-835c-e721b0dffd2c,67f76dd2-0881-4f2c-bb72-ee49f70f08f1,c5,None,1119,i4,?,
1769748991.6007965,SENT,19bb9a48-900f-4a40-a996-ba5f2f950a8f,704c5c81-8156-4982-b655-c779ff5beee2,c2,DROP,442,?,e11,
1769748991.6008384,FORWARDED,19bb9a48-900f-4a40-a996-ba5f2f950a8f,704c5c81-8156-4982-b655-c779ff5beee2,c2,DROP,442,?,e11,
1769748991.653598,SENT,5b8bf91f-f4cf-493d-9811-1cafae866014,20df85bc-a364-412a-a92f-3323fd70334c,c1,None,772,?,p1,
1769748991.653636,FORWARDED,5b8bf91f-f4cf-493d-9811-1cafae866014,20df85bc-a364-412a-a92f-3323fd70334c,c1,None,772,?,p1,
1769748991.6740148,RECEIVED,0c682759-a75c-4726-8248-0ffd8e4b8143,25edf71a-9252-4282-81d6-9ef174d4a5e1,c1,c5,1252,i8,?,
1769748991.7089708,RECEIVED,f8553ecc-d7c4-4ee2-8513-f87ab8ce17ea,23f0f8eb-02bc-4918-ae9f-bf8e0f558e86,c5,c3,1315,i1,?,
1769748991.712997,SENT,9867db5d-4ffb-4358-835c-e721b0dffd2c,67f76dd2-0881-4f2c-bb72-ee49f70f08f1,c5,None,767,?,p1,
1769748991.7130377,FORWARDED,9867db5d-4ffb-4358-835c-e721b0dffd2c,67f76dd2-0881-4f2c-bb72-ee49f70f08f1,c5,None,767,?,p1,
1769748991.778922,SENT,0c682759-a75c-4726-8248-0ffd8e4b8143,25edf71a-9252-4282-81d6-9ef174d4a5e1,c1,c5,866,?,p2,
1769748991.7789624,FORWARDED,0c682759-a75c-4726-8248-0ffd8e4b8143,25edf71a-9252-4282-81d6-9ef174d4a5e1,c1,c5,866,?,p2,
1769748991.8056448,RECEIVED,47b52e25-85e6-494e-9ba2-56cf6113fc0d,b1633e5c-9cd2-41ee-8ae5-5323d14f1c1a,c1,DROP,443,x7,?,
1769748991.9089377,RECEIVED,5f75fb42-7e8f-466b-af70-a04ffebba303,729717e7-632e-4a8a-8ec8-72f44dc7915c,c5,None,1132,i1,?,
1769748991.981763,SENT,5f75fb42-7e8f-466b-af70-a04ffebba303,729717e7-632e-4a8a-8ec8-72f44dc7915c,c5,None,775,?,p1,
1769748991.9818032,FORWARDED,5f75fb42-7e8f-466b-af70-a04ffebba303,729717e7-632e-4a8a-8ec8-72f44dc7915c,c5,None,775,?,p1,
1769748992.0711045,RECEIVED,3b9c0e4f-6c50-4d68-a3f4-cd2f61b16893,999465cc-2f22-4457-badf-414f46cb1987,c5,DROP,684,i6,?,
1769748992.0970786,RECEIVED,d8b21590-21cb-4d3d-87c3-468275572e7f,40da8670-b74f-4228-a21b-a27583c0ee0b,c4,DROP,683,i9,?,
1769748992.1035187,RECEIVED,a6c21d65-9cfd-4755-a757-23d7f60884b2,7f476d3f-9c94-47d9-bc51-1a6c7f7a5f55,c4,c1,1316,i7,?,
1769748992.135646,SENT,b81fc051-499c-404a-818d-25a548b33d31,5f216242-763e-4faa-898f-dbbd044ab47e,c5,None,775,?,p1,
1769748992.1356878,FORWARDED,b81fc051-499c-404a-818d-25a548b33d31,5f216242-763e-4faa-898f-dbbd044ab47e,c5,None,775,?,p1,
1769748992.1501658,RECEIVED,8bcdfad6-8174-4bbf-9a46-3e0ea689c8d5,da26d96e-d723-4b69-b058-572d48b05ead,c3,DROP,443,x7,?,
1769748992.1528385,RECEIVED,9812a41d-d651-4dbe-adaa-3b3f08b05bb6,dcde27c6-48b2-439a-80af-f60c6a48234b,c3,DROP,687,i12,?,
1769748992.34071,RECEIVED,8e952b8f-0def-4840-8e4c-c0e2bc0ea648,e703c431-2e89-43c9-96cf-8309b14e2547,c3,None,1135,i12,?,
1769748992.4517531,SENT,3b9c0e4f-6c50-4d68-a3f4-cd2f61b16893,999465cc-2f22-4457-badf-414f46cb1987,c5,DROP,441,?,e6,
1769748992.451796,FORWARDED,3b9c0e4f-6c50-4d68-a3f4-cd2f61b16893,999465cc-2f22-4457-badf-414f46cb1987,c5,DROP,441,?,e6,
1769748992.461541,SENT,f8553ecc-d7c4-4ee2-8513-f87ab8ce17ea,23f0f8eb-02bc-4918-ae9f-bf8e0f558e86,c5,c3,913,?,p3,
1769748992.4615781,FORWARDED,f8553ecc-d7c4-4ee2-8513-f87ab8ce17ea,23f0f8eb-02bc-4918-ae9f-bf8e0f558e86,c5,c3,913,?,p3,
1769748992.55399,SENT,a6c21d65-9cfd-4755-a757-23d7f60884b2,7f476d3f-9c94-47d9-bc51-1a6c7f7a5f55,c4,c1,915,?,p1,
1769748992.5540419,FORWARDED,a6c21d65-9cfd-4755-a757-23d7f60884b2,7f476d3f-9c94-47d9-bc51-1a6c7f7a5f55,c4,c1,915,?,p1,
1769748992.7066317,RECEIVED,76ff8213-e45d-430f-86d9-eb9d072e6a55,7a4f3569-2def-4c58-9793-ffc97c7c31b0,c5,c3,1311,i2,?,
1769748992.7424133,SENT,9812a41d-d651-4dbe-adaa-3b3f08b05bb6,dcde27c6-48b2-439a-80af-f60c6a48234b,c3,DROP,442,?,x7,
1769748992.7424533,FORWARDED,9812a41d-d651-4dbe-adaa-3b3f08b05bb6,dcde27c6-48b2-439a-80af-f60c6a48234b,c3,DROP,442,?,x7,
1769748992.7489681,SENT,ac86a7e5-e452-4b87-8f35-fe346e8976d8,fe56679b-331a-42f4-95d8-054673410335,c2,c3,877,?,p3,
1769748992.7490084,FORWARDED,ac86a7e5-e452-4b87-8f35-fe346e8976d8,fe56679b-331a-42f4-95d8-054673410335,c2,c3,877,?,p3,
1769748993.015548,RECEIVED,1c968d23-aa68-49e2-b8b5-b4e05bf9ae34,b9066129-dd8d-40fc-9fc4-d3ecf875cf40,c5,DROP,442,x9,?,
1769748993.1598115,RECEIVED,89bc3516-687c-4c27-9a22-db53f0971e77,b6ef8d49-d137-4238-881b-70db55e286d5,c1,c5,1252,i2,?,
1769748993.2743406,RECEIVED,f133b071-5301-48d7-ab1e-00d0ab9efdde,75eb065a-602c-4085-959c-090977798c37,c5,c3,1251,i4,?,
1769748993.317426,SENT,d8b21590-21cb-4d3d-87c3-468275572e7f,40da8670-b74f-4228-a21b-a27583c0ee0b,c4,DROP,441,?,x11,
1769748993.31746,FORWARDED,d8b21590-21cb-4d3d-87c3-468275572e7f,40da8670-b74f-4228-a21b-a27583c0ee0b,c4,DROP,441,?,x11,
1769748993.3314354,SENT,89bc3516-687c-4c27-9a22-db53f0971e77,b6ef8d49-d137-4238-881b-70db55e286d5,c1,c5,867,?,p2,
1769748993.3314767,FORWARDED,89bc3516-687c-4c27-9a22-db53f0971e77,b6ef8d49-d137-4238-881b-70db55e286d5,c1,c5,867,?,p2,
1769748993.3443913,SENT,9e078174-a07b-43bd-9cd5-fa4894705928,f656b89b-ebc7-49fc-aa95-ca7f5219f195,c4,DROP,441,?,e8,
1769748993.3444657,FORWARDED,9e078174-a07b-43bd-9cd5-fa4894705928,f656b89b-ebc7-49fc-aa95-ca7f5219f195,c4,DROP,441,?,e8,
1769748993.4335554,SENT,8e952b8f-0def-4840-8e4c-c0e2bc0ea648,e703c431-2e89-43c9-96cf-8309b14e2547,c3,None,779,?,p2,
1769748993.4335988,FORWARDED,8e952b8f-0def-4840-8e4c-c0e2bc0ea648,e703c431-2e89-43c9-96cf-8309b14e2547,c3,None,779,?,p2,
1769748993.5562625,RECEIVED,319209d9-2faf-49e0-98a0-6b3a323109b4,35012494-3a42-4b82-89af-ffd9af25ae7f,c5,None,1130,i4,?,
1769748993.5962663,RECEIVED,6eee2d49-be3e-41cf-8edb-931e20a0573d,4b8269f1-62ee-4e7e-bbf4-be2ca486a56d,c4,DROP,683,i10,?,
1769748993.6840832,SENT,76ff8213-e45d-430f-86d9-eb9d072e6a55,7a4f3569-2def-4c58-9793-ffc97c7c31b0,c5,c3,912,?,p3,
1769748993.6841242,FORWARDED,76ff8213-e45d-430f-86d9-eb9d072e6a55,7a4f3569-2def-4c58-9793-ffc97c7c31b0,c5,c3,912,?,p3,
1769748993.6917577,RECEIVED,fd939100-0917-423c-b688-0e7fb2317869,74bb8bf1-f3e1-4021-80a5-45c18d02234f,c2,None,1128,i5,?,
1769748993.696845,SENT,f133b071-5301-48d7-ab1e-00d0ab9efdde,75eb065a-602c-4085-959c-090977798c37,c5,c3,867,?,p3,
1769748993.696885,FORWARDED,f133b071-5301-48d7-ab1e-00d0ab9efdde,75eb065a-602c-4085-959c-090977798c37,c5,c3,867,?,p3,
1769748993.7295713,RECEIVED,41f3012e-9589-43c5-95ec-ca53bf65c6ae,8bff091d-04f1-4bce-9e2c-28b94a970426,c1,DROP,441,x2,?,
1769748993.7876487,RECEIVED,52886d90-6baa-48be-b5cc-7e0b1042ae61,b6977b84-f2b1-499e-bf3b-ca27abcf3cc2,c3,c2,1259,i11,?,
1769748993.8017957,SENT,6eee2d49-be3e-41cf-8edb-931e20a0573d,4b8269f1-62ee-4e7e-bbf4-be2ca486a56d,c4,DROP,441,?,e9,
1769748993.8018358,FORWARDED,6eee2d49-be3e-41cf-8edb-931e20a0573d,4b8269f1-62ee-4e7e-bbf4-be2ca486a56d,c4,DROP,441,?,e9,
1769748993.8351169,SENT,fd939100-0917-423c-b688-0e7fb2317869,74bb8bf1-f3e1-4021-80a5-45c18d02234f,c2,None,772,?,p3,
1769748993.8351574,FORWARDED,fd939100-0917-423c-b688-0e7fb2317869,74bb8bf1-f3e1-4021-80a5-45c18d02234f,c2,None,772,?,p3,
1769748993.972464,RECEIVED,185d1497-1392-4f3a-8391-0cda63269020,15673763-5bdf-45bf-aa66-6ff703237627,c4,DROP,446,x12,?,
1769748993.9756634,RECEIVED,bd7187da-0189-4be3-b87c-4227823b9445,38132294-6b8d-4588-a265-e06bbfd23ab6,c5,DROP,683,i10,?,
1769748994.1370866,RECEIVED,7e8b9dff-6df8-4c4c-9f7c-3c67cef183e4,07a94756-6bef-451f-8ac6-83d9a6945228,c4,DROP,688,i2,?,
1769748994.2041378,RECEIVED,de22950d-f3fa-45c4-a651-ec5580cc3eb5,8cace064-98cc-4fd9-ae69-fd7bf9867eb5,c5,DROP,441,x9,?,
1769748994.2245412,SENT,7e8b9dff-6df8-4c4c-9f7c-3c67cef183e4,07a94756-6bef-451f-8ac6-83d9a6945228,c4,DROP,442,?,x7,
1769748994.2245784,FORWARDED,7e8b9dff-6df8-4c4c-9f7c-3c67cef183e4,07a94756-6bef-451f-8ac6-83d9a6945228,c4,DROP,442,?,x7,
1769748994.2638738,RECEIVED,79436344-69c6-4fae-96fe-6a998867998a,747fcf12-5042-4921-9dfa-89b0763ff451,c3,DROP,683,i6,?,
1769748994.354087,RECEIVED,1385e323-0924-492f-abcb-fe3fde020d6d,612c4052-2aa6-438b-b2f1-a48eda3b975f,c3,DROP,681,i6,?,
1769748994.3660295,RECEIVED,82d55371-8282-4011-a420-b3ef71a7526a,3e7ac0ad-54de-412b-be81-be36e252aee5,c3,DROP,442,x2,?,
1769748994.4264724,SENT,1385e323-0924-492f-abcb-fe3fde020d6d,612c4052-2aa6-438b-b2f1-a48eda3b975f,c3,DROP,437,?,x7,
1769748994.4265127,FORWARDED,1385e323-0924-492f-abcb-fe3fde020d6d,612c4052-2aa6-438b-b2f1-a48eda3b975f,c3,DROP,437,?,x7,
1769748994.505963,RECEIVED,9dd91694-7b45-4645-98bd-cd1fb6e438b5,413b23c6-0ea3-4676-82d9-e186d4f5dc1f,c2,DROP,688,i2,?,
1769748994.5203924,SENT,bd7187da-0189-4be3-b87c-4227823b9445,38132294-6b8d-4588-a265-e06bbfd23ab6,c5,DROP,441,?,i6,
1769748994.5204315,FORWARDED,bd7187da-0189-4be3-b87c-4227823b9445,38132294-6b8d-4588-a265-e06bbfd23ab6,c5,DROP,441,?,i6,
1769748994.5520854,RECEIVED,8256ae92-7569-4afe-b84b-9b915cd06df3,70415e1b-8d0c-424d-b456-2708a10ba601,c4,DROP,683,i11,?,
1769748994.6210704,RECEIVED,9a55d9ea-9509-4e76-8809-ec5530df3fba,31839066-aaa6-4add-b3de-f47d5a15da13,c1,DROP,688,i10,?,
1769748994.6358387,SENT,9dd91694-7b45-4645-98bd-cd1fb6e438b5,413b23c6-0ea3-4676-82d9-e186d4f5dc1f,c2,DROP,442,?,x5,
1769748994.6358824,FORWARDED,9dd91694-7b45-4645-98bd-cd1fb6e438b5,413b23c6-0ea3-4676-82d9-e186d4f5dc1f,c2,DROP,442,?,x5,
1769748994.6973639,SENT,79436344-69c6-4fae-96fe-6a998867998a,747fcf12-5042-4921-9dfa-89b0763ff451,c3,DROP,441,?,i4,
1769748994.6973982,FORWARDED,79436344-69c6-4fae-96fe-6a998867998a,747fcf12-5042-4921-9dfa-89b0763ff451,c3,DROP,441,?,i4,
1769748994.739707,SENT,9a55d9ea-9509-4e76-8809-ec5530df3fba,31839066-aaa6-4add-b3de-f47d5a15da13,c1,DROP,442,?,i9,
1769748994.7397482,FORWARDED,9a55d9ea-9509-4e76-8809-ec5530df3fba,31839066-aaa6-4add-b3de-f47d5a15da13,c1,DROP,442,?,i9,
1769748994.7716901,SENT,319209d9-2faf-49e0-98a0-6b3a323109b4,35012494-3a42-4b82-89af-ffd9af25ae7f,c5,None,776,?,p1,
1769748994.7717247,FORWARDED,319209d9-2faf-49e0-98a0-6b3a323109b4,35012494-3a42-4b82-89af-ffd9af25ae7f,c5,None,776,?,p1,
1769748994.9850965,SENT,52886d90-6baa-48be-b5cc-7e0b1042ae61,b6977b84-f2b1-499e-bf3b-ca27abcf3cc2,c3,c2,871,?,p2,
1769748994.9851322,FORWARDED,52886d90-6baa-48be-b5cc-7e0b1042ae61,b6977b84-f2b1-499e-bf3b-ca27abcf3cc2,c3,c2,871,?,p2,
1769748995.0530128,RECEIVED,36f08c21-ff9f-405e-92b5-ca28ee810c05,1a1da337-186b-477c-94d1-9a3e3b09da51,c4,DROP,680,i6,?,
1769748995.0861087,RECEIVED,8fd27ba4-b23d-4d94-830e-daf5c702707b,19343169-7326-4382-ac01-fb875ab4e414,c3,None,1131,i3,?,
1769748995.0976999,RECEIVED,43c4f229-9874-47d6-be08-7bc077a2ba61,5c6c1a8e-d554-46cd-bcf5-603070d40fd5,c3,DROP,683,i12,?,
1769748995.1598325,RECEIVED,811ebe24-9f58-4b11-97aa-a5920b1eaa65,69603198-4790-4bb0-8b4d-61b7743837e0,c1,DROP,683,i2,?,
1769748995.1621296,SENT,36f08c21-ff9f-405e-92b5-ca28ee810c05,1a1da337-186b-477c-94d1-9a3e3b09da51,c4,DROP,437,?,e1,
1769748995.1621706,FORWARDED,36f08c21-ff9f-405e-92b5-ca28ee810c05,1a1da337-186b-477c-94d1-9a3e3b09da51,c4,DROP,437,?,e1,
1769748995.1744745,RECEIVED,e8e89097-a4c3-45f1-b112-85c5b8ccd28b,83e62e3c-5802-4971-a569-f020ba624302,c4,DROP,684,i10,?,
1769748995.2038126,RECEIVED,d91c37eb-d08c-4b19-ac8c-9a2c7802b29d,8ae1132b-534a-4cbb-8ae7-c3d58a8e85d1,c2,DROP,687,i5,?,
1769748995.2353756,SENT,8256ae92-7569-4afe-b84b-9b915cd06df3,70415e1b-8d0c-424d-b456-2708a10ba601,c4,DROP,441,?,e5,
1769748995.2354162,FORWARDED,8256ae92-7569-4afe-b84b-9b915cd06df3,70415e1b-8d0c-424d-b456-2708a10ba601,c4,DROP,441,?,e5,
1769748995.2520638,RECEIVED,fdb8054b-6ca1-45e5-b942-42379241fe1f,0e2d5641-bdaf-4501-8882-3861e4c2caae,c3,None,1128,i6,?,
1769748995.3537276,SENT,e8e89097-a4c3-45f1-b112-85c5b8ccd28b,83e62e3c-5802-4971-a569-f020ba624302,c4,DROP,441,?,e6,
1769748995.3537679,FORWARDED,e8e89097-a4c3-45f1-b112-85c5b8ccd28b,83e62e3c-5802-4971-a569-f020ba624302,c4,DROP,441,?,e6,
1769748995.3764393,RECEIVED,5de4d22f-10ec-4df8-a980-6efc6121e2ba,af4157db-af22-438b-b4df-5395cb4e3d6e,c3,DROP,683,i7,?,
1769748995.5207407,SENT,fdb8054b-6ca1-45e5-b942-42379241fe1f,0e2d5641-bdaf-4501-8882-3861e4c2caae,c3,None,772,?,p2,
1769748995.5207827,FORWARDED,fdb8054b-6ca1-45e5-b942-42379241fe1f,0e2d5641-bdaf-4501-8882-3861e4c2caae,c3,None,772,?,p2,
1769748995.56027,SENT,811ebe24-9f58-4b11-97aa-a5920b1eaa65,69603198-4790-4bb0-8b4d-61b7743837e0,c1,DROP,441,?,x5,
1769748995.560311,FORWARDED,811ebe24-9f58-4b11-97aa-a5920b1eaa65,69603198-4790-4bb0-8b4d-61b7743837e0,c1,DROP,441,?,x5,
1769748995.58387,SENT,43c4f229-9874-47d6-be08-7bc077a2ba61,5c6c1a8e-d554-46cd-bcf5-603070d40fd5,c3,DROP,441,?,i9,
1769748995.5839107,FORWARDED,43c4f229-9874-47d6-be08-7bc077a2ba61,5c6c1a8e-d554-46cd-bcf5-603070d40fd5,c3,DROP,441,?,i9,
1769748995.6326807,RECEIVED,55009261-8222-4757-96de-8a19b580b520,9396ee55-98a9-43f2-b453-735bc8f78cd1,c2,DROP,440,x2,?,
1769748995.633034,RECEIVED,f69ddd77-3999-41d7-b812-18ca3ed97e6d,087ed28f-675f-4570-9a9a-dcef1ef59e40,c2,c3,1258,i3,?,
1769748995.6388772,SENT,8fd27ba4-b23d-4d94-830e-daf5c702707b,19343169-7326-4382-ac01-fb875ab4e414,c3,None,776,?,p2,
1769748995.6389186,FORWARDED,8fd27ba4-b23d-4d94-830e-daf5c702707b,19343169-7326-4382-ac01-fb875ab4e414,c3,None,776,?,p2,
1769748995.9328635,RECEIVED,808cf432-60e2-416e-b17b-ea4bd21c5439,ad1ab43e-d5c1-4963-9e15-7de2a274f8a3,c3,DROP,445,x1,?,
1769748996.021769,SENT,5de4d22f-10ec-4df8-a980-6efc6121e2ba,af4157db-af22-438b-b4df-5395cb4e3d6e,c3,DROP,441,?,i5,
1769748996.0218086,FORWARDED,5de4d22f-10ec-4df8-a980-6efc6121e2ba,af4157db-af22-438b-b4df-5395cb4e3d6e,c3,DROP,441,?,i5,
1769748996.045392,RECEIVED,ba60b5ec-93a6-46c1-9d18-8b65cf4c1e40,48672ada-9862-4150-a6e5-ce93d3251e7b,c2,DROP,441,x12,?,
1769748996.0722194,RECEIVED,ad7192ea-9dea-47ab-9a67-8ad6a343cd6c,5fdec3b7-699f-4d7e-b4c4-7685abb81c1d,c4,DROP,687,i5,?,
1769748996.1888871,RECEIVED,587dd4c2-bf4f-4588-9e01-acadc453477e,5078c3ca-fd86-4b73-908c-35ddac6bd0d4,c5,c3,1257,i11,?,
1769748996.1918812,RECEIVED,c4fd9e9b-0ec6-41ab-9273-5819a8a21a44,ee126adc-f1af-4cf1-b16d-66a17cbebc1b,c3,DROP,684,i1,?,
1769748996.1973436,RECEIVED,82459b0d-dfda-46b1-8922-302fbedb7d9e,a975c04e-52f2-41ba-9c57-5768efd31575,c1,c5,1311,i8,?,
1769748996.2041743,SENT,587dd4c2-bf4f-4588-9e01-acadc453477e,5078c3ca-fd86-4b73-908c-35ddac6bd0d4,c5,c3,868,?,p3,
1769748996.204215,FORWARDED,587dd4c2-bf4f-4588-9e01-acadc453477e,5078c3ca-fd86-4b73-908c-35ddac6bd0d4,c5,c3,868,?,p3,
1769748996.2089942,SENT,f69ddd77-3999-41d7-b812-18ca3ed97e6d,087ed28f-675f-4570-9a9a-dcef1ef59e40,c2,c3,871,?,p3,
1769748996.209033,FORWARDED,f69ddd77-3999-41d7-b812-18ca3ed97e6d,087ed28f-675f-4570-9a9a-dcef1ef59e40,c2,c3,871,?,p3,
1769748996.2550988,RECEIVED,ec9a54fe-4d77-4e91-a02d-19c0855db32d,d6e357c5-18c9-4713-abe2-7a4fe31a600d,c3,DROP,442,x11,?,
1769748996.315311,RECEIVED,ae2fb5d7-de9f-43a4-be11-cbe420149985,3844ee34-26c1-446b-af4a-5c2576cad08d,c2,DROP,687,i4,?,
1769748996.3837967,RECEIVED,cebff84e-c63f-4289-a553-8c2448ddbd85,cfb40823-9932-439d-a58d-52be9ff6e598,c1,DROP,441,x12,?,
1769748996.5239332,SENT,82459b0d-dfda-46b1-8922-302fbedb7d9e,a975c04e-52f2-41ba-9c57-5768efd31575,c1,c5,912,?,p2,
1769748996.523972,FORWARDED,82459b0d-dfda-46b1-8922-302fbedb7d9e,a975c04e-52f2-41ba-9c57-5768efd31575,c1,c5,912,?,p2,
1769748996.576263,SENT,c4fd9e9b-0ec6-41ab-9273-5819a8a21a44,ee126adc-f1af-4cf1-b16d-66a17cbebc1b,c3,DROP,441,?,x11,
1769748996.576305,FORWARDED,c4fd9e9b-0ec6-41ab-9273-5819a8a21a44,ee126adc-f1af-4cf1-b16d-66a17cbebc1b,c3,DROP,441,?,x11,
1769748996.5808005,RECEIVED,82cca0a5-afed-4577-b264-3479ddae4398,761db7c2-26ba-44a6-8bb9-1954f98e5e37,c3,DROP,443,x7,?,
1769748996.5906785,SENT,d91c37eb-d08c-4b19-ac8c-9a2c7802b29d,8ae1132b-534a-4cbb-8ae7-c3d58a8e85d1,c2,DROP,442,?,e9,
1769748996.5907137,FORWARDED,d91c37eb-d08c-4b19-ac8c-9a2c7802b29d,8ae1132b-534a-4cbb-8ae7-c3d58a8e85d1,c2,DROP,442,?,e9,
1769748996.6660235,SENT,ad7192ea-9dea-47ab-9a67-8ad6a343cd6c,5fdec3b7-699f-4d7e-b4c4-7685abb81c1d,c4,DROP,442,?,x4,
1769748996.6660845,FORWARDED,ad7192ea-9dea-47ab-9a67-8ad6a343cd6c,5fdec3b7-699f-4d7e-b4c4-7685abb81c1d,c4,DROP,442,?,x4,
1769748996.6782038,RECEIVED,de0e86ad-6c18-442a-8832-bd2726e823d5,76556541-c52d-4372-8057-ee704a8daade,c2,DROP,687,i3,?,
1769748996.7863128,RECEIVED,79139c99-310a-4f5d-929f-8a3cdf40990d,43ac815a-2ada-4e07-9067-904f7b3be86f,c2,c3,1250,i9,?,
1769748996.906011,RECEIVED,00cbe0b2-e849-4128-9343-c0f416b34a34,5e581677-ca09-4612-9674-67ba62ae2d32,c3,DROP,441,x9,?,
1769748996.911588,RECEIVED,4c9c3485-f956-4226-85d9-52a78085b03e,d64c7caa-8592-4bbf-9335-f8537d5d9841,c2,DROP,684,i3,?,
1769748997.0670269,RECEIVED,520ae869-7d2f-4b52-8c2c-64c6160f9dc5,2b9751a7-7a1d-4c34-b0c1-5f257629a541,c5,c3,1312,i4,?,
1769748997.1106203,SENT,520ae869-7d2f-4b52-8c2c-64c6160f9dc5,2b9751a7-7a1d-4c34-b0c1-5f257629a541,c5,c3,910,?,p3,
1769748997.1106577,FORWARDED,520ae869-7d2f-4b52-8c2c-64c6160f9dc5,2b9751a7-7a1d-4c34-b0c1-5f257629a541,c5,c3,910,?,p3,
1769748997.3044548,SENT,ae2fb5d7-de9f-43a4-be11-cbe420149985,3844ee34-26c1-446b-af4a-5c2576cad08d,c2,DROP,443,?,i2,
1769748997.3044953,FORWARDED,ae2fb5d7-de9f-43a4-be11-cbe420149985,3844ee34-26c1-446b-af4a-5c2576cad08d,c2,DROP,443,?,i2,
1769748997.3230822,RECEIVED,fa0556d1-ed7d-4705-af0e-ebcb5ea72883,14a41cc1-38dc-4a38-8713-fe2104bf831e,c5,None,1131,i10,?,
1769748997.3797839,RECEIVED,b56d6b54-ed9f-4331-b8a4-1329e62bfc98,c98b0463-788b-4991-a187-5d4417cd6383,c3,None,1123,i7,?,
1769748997.4022236,SENT,4c9c3485-f956-4226-85d9-52a78085b03e,d64c7caa-8592-4bbf-9335-f8537d5d9841,c2,DROP,441,?,e11,
1769748997.4022584,FORWARDED,4c9c3485-f956-4226-85d9-52a78085b03e,d64c7caa-8592-4bbf-9335-f8537d5d9841,c2,DROP,441,?,e11,
1769748997.41442,RECEIVED,d6e42c7c-a30c-40f8-938b-9f9a10372e23,71c70e45-5558-4522-bee0-1884bacdbb95,c2,None,1127,i3,?,
1769748997.4478009,RECEIVED,49523412-1bca-4847-bba7-62f89ba5f84f,cf9c26b8-398b-42a6-bd84-023b07450c4a,c1,DROP,445,x3,?,
1769748997.4607248,RECEIVED,2272a3fc-a91e-466f-9b52-4f6240e1fef0,a57fb6f7-3ed2-4163-8d94-1b29b2c63cf0,c5,DROP,689,i5,?,
1769748997.483916,RECEIVED,f30b0901-8927-488d-9bd6-636870490d9d,efb2c3a1-cbae-46bb-a3d7-d96bf98ae762,c3,c2,1252,i1,?,
1769748997.504998,SENT,de0e86ad-6c18-442a-8832-bd2726e823d5,76556541-c52d-4372-8057-ee704a8daade,c2,DROP,442,?,e5,
1769748997.5050392,FORWARDED,de0e86ad-6c18-442a-8832-bd2726e823d5,76556541-c52d-4372-8057-ee704a8daade,c2,DROP,442,?,e5,
1769748997.5127509,RECEIVED,4d657d58-2a6e-4d85-aa41-183bb54545f8,f68ae053-49f6-4399-8cdc-299f7ef52f19,c1,None,1131,i1,?,
1769748997.5463796,SENT,d6e42c7c-a30c-40f8-938b-9f9a10372e23,71c70e45-5558-4522-bee0-1884bacdbb95,c2,None,772,?,p3,
1769748997.5464215,FORWARDED,d6e42c7c-a30c-40f8-938b-9f9a10372e23,71c70e45-5558-4522-bee0-1884bacdbb95,c2,None,772,?,p3,
1769748997.5632143,SENT,f30b0901-8927-488d-9bd6-636870490d9d,efb2c3a1-cbae-46bb-a3d7-d96bf98ae762,c3,c2,867,?,p2,
1769748997.5632565,FORWARDED,f30b0901-8927-488d-9bd6-636870490d9d,efb2c3a1-cbae-46bb-a3d7-d96bf98ae762,c3,c2,867,?,p2,
1769748997.5692654,RECEIVED,ebc34e81-f47b-4f95-b8d3-a769d084ecd4,ae292a69-5d01-4f73-8a7f-9a6d69a09939,c2,DROP,441,x12,?,
1769748997.5781224,RECEIVED,3e0b0866-df32-4098-9cf1-69bcad4e6b25,777c70cb-a9f8-4d99-b0d8-1da25f1101d6,c2,DROP,679,i5,?,
1769748997.8185687,SENT,79139c99-310a-4f5d-929f-8a3cdf40990d,43ac815a-2ada-4e07-9067-904f7b3be86f,c2,c3,867,?,p3,
1769748997.818608,FORWARDED,79139c99-310a-4f5d-929f-8a3cdf40990d,43ac815a-2ada-4e07-9067-904f7b3be86f,c2,c3,867,?,p3,
1769748997.854525,RECEIVED,b317a195-46dd-4bba-bdc2-1ee7e1632335,0942b59f-2c58-4701-abb9-6410b3641568,c3,None,1128,i3,?,
1769748997.8846061,SENT,2272a3fc-a91e-466f-9b52-4f6240e1fef0,a57fb6f7-3ed2-4163-8d94-1b29b2c63cf0,c5,DROP,442,?,i10,
1769748997.8846452,FORWARDED,2272a3fc-a91e-466f-9b52-4f6240e1fef0,a57fb6f7-3ed2-4163-8d94-1b29b2c63cf0,c5,DROP,442,?,i10,
1769748997.9630206,SENT,b317a195-46dd-4bba-bdc2-1ee7e1632335,0942b59f-2c58-4701-abb9-6410b3641568,c3,None,772,?,p2,
1769748997.9630706,FORWARDED,b317a195-46dd-4bba-bdc2-1ee7e1632335,0942b59f-2c58-4701-abb9-6410b3641568,c3,None,772,?,p2,
1769748997.9890409,RECEIVED,0bb94be3-3221-4229-bd01-b97a51b26680,ef1f3569-9d4f-48be-ad82-9c5bf9d4cd6c,c3,DROP,688,i3,?,
1769748998.0729675,SENT,3e0b0866-df32-4098-9cf1-69bcad4e6b25,777c70cb-a9f8-4d99-b0d8-1da25f1101d6,c2,DROP,437,?,e9,
1769748998.073009,FORWARDED,3e0b0866-df32-4098-9cf1-69bcad4e6b25,777c70cb-a9f8-4d99-b0d8-1da25f1101d6,c2,DROP,437,?,e9,
1769748998.1391323,RECEIVED,5dbffee6-006c-4ef0-abb4-ab41935876bb,6c512aeb-c267-4e99-902d-48f47cd7d06f,c1,c5,1263,i5,?,
1769748998.141239,RECEIVED,b8dab0e8-2ea9-45b3-a06e-17adc44ee0cf,947b2a94-2b7b-4193-871b-4d28e4a088fb,c3,None,1132,i6,?,
1769748998.147836,SENT,fa0556d1-ed7d-4705-af0e-ebcb5ea72883,14a41cc1-38dc-4a38-8713-fe2104bf831e,c5,None,776,?,p1,
1769748998.1478715,FORWARDED,fa0556d1-ed7d-4705-af0e-ebcb5ea72883,14a41cc1-38dc-4a38-8713-fe2104bf831e,c5,None,776,?,p1,
1769748998.164913,RECEIVED,39eec7b2-4e2d-4e6e-a9d1-5348d563030a,f2f25475-8c21-4099-8e74-f60350e55f7e,c5,DROP,685,i11,?,
1769748998.2323549,RECEIVED,7124807a-9a46-4d23-9279-c3a4e5893066,3e347b86-5627-4019-8d74-aceb58ad08c4,c2,DROP,684,i8,?,
1769748998.2325637,SENT,b56d6b54-ed9f-4331-b8a4-1329e62bfc98,c98b0463-788b-4991-a187-5d4417cd6383,c3,None,771,?,p2,
1769748998.2331955,FORWARDED,b56d6b54-ed9f-4331-b8a4-1329e62bfc98,c98b0463-788b-4991-a187-5d4417cd6383,c3,None,771,?,p2,
1769748998.2920237,SENT,b8dab0e8-2ea9-45b3-a06e-17adc44ee0cf,947b2a94-2b7b-4193-871b-4d28e4a088fb,c3,None,776,?,p2,
1769748998.2920835,FORWARDED,b8dab0e8-2ea9-45b3-a06e-17adc44ee0cf,947b2a94-2b7b-4193-871b-4d28e4a088fb,c3,None,776,?,p2,
1769748998.300501,SENT,7124807a-9a46-4d23-9279-c3a4e5893066,3e347b86-5627-4019-8d74-aceb58ad08c4,c2,DROP,441,?,i5,
1769748998.300624,FORWARDED,7124807a-9a46-4d23-9279-c3a4e5893066,3e347b86-5627-4019-8d74-aceb58ad08c4,c2,DROP,441,?,i5,
1769748998.3824222,SENT,39eec7b2-4e2d-4e6e-a9d1-5348d563030a,f2f25475-8c21-4099-8e74-f60350e55f7e,c5,DROP,441,?,e12,
1769748998.382462,FORWARDED,39eec7b2-4e2d-4e6e-a9d1-5348d563030a,f2f25475-8c21-4099-8e74-f60350e55f7e,c5,DROP,441,?,e12,
1769748998.4002645,RECEIVED,fd54f31e-38eb-4a2d-91ef-54df01fad769,6778c197-2fcd-492a-86a3-3f4b475a795f,c3,DROP,683,i1,?,
1769748998.494791,RECEIVED,f07f1075-618f-4706-a381-5df28c991d35,c8c1fee4-647f-423a-a724-e9e3437bbf57,c5,c3,1255,i12,?,
1769748998.541302,RECEIVED,f251bbea-7caa-4609-a839-d133aa6a82fe,ef1eeb48-4e53-48ae-abbd-835baec9b696,c3,None,1124,i5,?,
1769748998.56317,SENT,5dbffee6-006c-4ef0-abb4-ab41935876bb,6c512aeb-c267-4e99-902d-48f47cd7d06f,c1,c5,875,?,p2,
1769748998.5632102,FORWARDED,5dbffee6-006c-4ef0-abb4-ab41935876bb,6c512aeb-c267-4e99-902d-48f47cd7d06f,c1,c5,875,?,p2,
1769748998.7308326,RECEIVED,33e4d53d-fc15-4d6f-a2b0-45db7c4483af,08299c69-58b1-40d9-b8b1-1d5a9f3f0d5e,c4,DROP,690,i2,?,
1769748998.7576544,SENT,33e4d53d-fc15-4d6f-a2b0-45db7c4483af,08299c69-58b1-40d9-b8b1-1d5a9f3f0d5e,c4,DROP,442,?,i1,
1769748998.7576957,FORWARDED,33e4d53d-fc15-4d6f-a2b0-45db7c4483af,08299c69-58b1-40d9-b8b1-1d5a9f3f0d5e,c4,DROP,442,?,i1,
1769748998.770814,SENT,f251bbea-7caa-4609-a839-d133aa6a82fe,ef1eeb48-4e53-48ae-abbd-835baec9b696,c3,None,771,?,p2,
1769748998.7708554,FORWARDED,f251bbea-7caa-4609-a839-d133aa6a82fe,ef1eeb48-4e53-48ae-abbd-835baec9b696,c3,None,771,?,p2,
1769748998.9285786,SENT,fd54f31e-38eb-4a2d-91ef-54df01fad769,6778c197-2fcd-492a-86a3-3f4b475a795f,c3,DROP,441,?,x1,
1769748998.9286172,FORWARDED,fd54f31e-38eb-4a2d-91ef-54df01fad769,6778c197-2fcd-492a-86a3-3f4b475a795f,c3,DROP,441,?,x1,
1769748999.044133,RECEIVED,ff04d876-f420-4f83-9480-9790ee07584e,e32477d2-ba8a-426f-ac9a-ef17772dfc8c,c4,c1,1251,i12,?,
1769748999.1046653,RECEIVED,ad271106-4bdd-4707-9677-5690cdf5c0a6,00719a2c-c4c2-4159-b211-c926fd9656eb,c3,DROP,688,i12,?,
1769748999.1875825,SENT,f07f1075-618f-4706-a381-5df28c991d35,c8c1fee4-647f-423a-a724-e9e3437bbf57,c5,c3,868,?,p3,
1769748999.187626,FORWARDED,f07f1075-618f-4706-a381-5df28c991d35,c8c1fee4-647f-423a-a724-e9e3437bbf57,c5,c3,868,?,p3,
1769748999.4612412,SENT,ad271106-4bdd-4707-9677-5690cdf5c0a6,00719a2c-c4c2-4159-b211-c926fd9656eb,c3,DROP,442,?,x4,
1769748999.4612827,FORWARDED,ad271106-4bdd-4707-9677-5690cdf5c0a6,00719a2c-c4c2-4159-b211-c926fd9656eb,c3,DROP,442,?,x4,
1769748999.5688798,SENT,ff04d876-f420-4f83-9480-9790ee07584e,e32477d2-ba8a-426f-ac9a-ef17772dfc8c,c4,c1,867,?,p1,
1769748999.56892,FORWARDED,ff04d876-f420-4f83-9480-9790ee07584e,e32477d2-ba8a-426f-ac9a-ef17772dfc8c,c4,c1,867,?,p1,
1769748999.655666,RECEIVED,39c72c91-2821-4a80-9dda-267fe66ad7c0,93b73518-301c-483f-99e4-a8a2862aa0d7,c1,DROP,683,i1,?,
1769748999.656095,RECEIVED,10c04a8f-a4f9-4650-a3c7-904c313bc07d,bdf7b182-deaf-4b85-ab13-7602fa9ed4c7,c5,c3,1311,i11,?,
1769748999.796675,RECEIVED,725c1830-e6a1-4347-9810-87bf743a3948,b9cd1bb9-6820-4a34-beb7-8b92eb3cd881,c5,None,1132,i1,?,
1769748999.8393183,RECEIVED,f63b5db4-1d1f-4260-9648-0c3e7bda6c5a,c922edbe-c962-417d-80db-c7230ef37b80,c1,None,1123,i5,?,
1769748999.8759856,RECEIVED,fa3e7855-6f3f-4ca3-a2f9-84dbfc020574,ecfd383c-e397-4437-bc5b-ad3182245657,c3,c2,1252,i9,?,
1769748999.884858,SENT,725c1830-e6a1-4347-9810-87bf743a3948,b9cd1bb9-6820-4a34-beb7-8b92eb3cd881,c5,None,775,?,p1,
1769748999.8849149,FORWARDED,725c1830-e6a1-4347-9810-87bf743a3948,b9cd1bb9-6820-4a34-beb7-8b92eb3cd881,c5,None,775,?,p1,
1769748999.938503,SENT,4d657d58-2a6e-4d85-aa41-183bb54545f8,f68ae053-49f6-4399-8cdc-299f7ef52f19,c1,None,775,?,p1,
1769748999.9385443,FORWARDED,4d657d58-2a6e-4d85-aa41-183bb54545f8,f68ae053-49f6-4399-8cdc-299f7ef52f19,c1,None,775,?,p1,
1769748999.941968,RECEIVED,2b642d94-93c5-4636-93ff-d3e2297198c6,407035c4-02ff-43f5-94f0-a27122392834,c3,DROP,688,i9,?,
1769748999.9728007,RECEIVED,287ffaef-8762-49a1-8305-08b7dea85d5f,bdc1d8a1-7611-4d36-8c4a-4919f78dc80c,c5,DROP,683,i12,?,
1769749000.040404,RECEIVED,dd6cc7e0-9a8b-47f0-842f-8c54af83932d,590e7524-ebdf-4d98-bcd8-a162a41dd48f,c1,c5,1248,i8,?,
1769749000.0765166,SENT,2b642d94-93c5-4636-93ff-d3e2297198c6,407035c4-02ff-43f5-94f0-a27122392834,c3,DROP,443,?,x1,
1769749000.076558,FORWARDED,2b642d94-93c5-4636-93ff-d3e2297198c6,407035c4-02ff-43f5-94f0-a27122392834,c3,DROP,443,?,x1,
1769749000.1208384,SENT,fa3e7855-6f3f-4ca3-a2f9-84dbfc020574,ecfd383c-e397-4437-bc5b-ad3182245657,c3,c2,867,?,p2,
1769749000.1208713,FORWARDED,fa3e7855-6f3f-4ca3-a2f9-84dbfc020574,ecfd383c-e397-4437-bc5b-ad3182245657,c3,c2,867,?,p2,
1769749000.1424806,SENT,f63b5db4-1d1f-4260-9648-0c3e7bda6c5a,c922edbe-c962-417d-80db-c7230ef37b80,c1,None,771,?,p1,
1769749000.1425233,FORWARDED,f63b5db4-1d1f-4260-9648-0c3e7bda6c5a,c922edbe-c962-417d-80db-c7230ef37b80,c1,None,771,?,p1,
1769749000.166394,SENT,10c04a8f-a4f9-4650-a3c7-904c313bc07d,bdf7b182-deaf-4b85-ab13-7602fa9ed4c7,c5,c3,911,?,p3,
1769749000.166435,FORWARDED,10c04a8f-a4f9-4650-a3c7-904c313bc07d,bdf7b182-deaf-4b85-ab13-7602fa9ed4c7,c5,c3,911,?,p3,
1769749000.192999,FORWARDED,0bb94be3-3221-4229-bd01-b97a51b26680,ef1f3569-9d4f-48be-ad82-9c5bf9d4cd6c,c3,DROP,442,?,i10,
1769749000.216645,SENT,39c72c91-2821-4a80-9dda-267fe66ad7c0,93b73518-301c-483f-99e4-a8a2862aa0d7,c1,DROP,441,?,e5,
1769749000.2166824,FORWARDED,39c72c91-2821-4a80-9dda-267fe66ad7c0,93b73518-301c-483f-99e4-a8a2862aa0d7,c1,DROP,441,?,e5,
1769749000.3310344,SENT,287ffaef-8762-49a1-8305-08b7dea85d5f,bdc1d8a1-7611-4d36-8c4a-4919f78dc80c,c5,DROP,441,?,e2,
1769749000.3310893,FORWARDED,287ffaef-8762-49a1-8305-08b7dea85d5f,bdc1d8a1-7611-4d36-8c4a-4919f78dc80c,c5,DROP,441,?,e2,
1769749000.3695443,SENT,dd6cc7e0-9a8b-47f0-842f-8c54af83932d,590e7524-ebdf-4d98-bcd8-a162a41dd48f,c1,c5,863,?,p2,
1769749000.3695822,FORWARDED,dd6cc7e0-9a8b-47f0-842f-8c54af83932d,590e7524-ebdf-4d98-bcd8-a162a41dd48f,c1,c5,863,?,p2,
1769749000.4156594,RECEIVED,fe1f36d7-a2c9-447c-b9ef-fcd0322abb3f,24d3872e-d506-494a-bb19-2bd51d37f679,c3,DROP,437,x4,?,
1769749000.5165787,RECEIVED,d53b5ba7-19ed-46cb-99a8-ea2ff7323902,efd4b9bf-f4df-4424-9032-16e8549945db,c5,None,1124,i2,?,
1769749000.5293508,RECEIVED,f0a8a621-f949-4740-96c0-004c376b4769,7e3b7116-24b8-4d5a-9b90-f69823153bab,c3,DROP,683,i2,?,
1769749000.6375563,SENT,d53b5ba7-19ed-46cb-99a8-ea2ff7323902,efd4b9bf-f4df-4424-9032-16e8549945db,c5,None,771,?,p1,
1769749000.6375988,FORWARDED,d53b5ba7-19ed-46cb-99a8-ea2ff7323902,efd4b9bf-f4df-4424-9032-16e8549945db,c5,None,771,?,p1,
1769749000.7299147,RECEIVED,078d4c00-6178-4bc8-a3aa-09357e18d647,c3e3e9d4-1cb3-46be-8d37-6e62bcf19529,c3,DROP,442,x10,?,
1769749000.8685875,RECEIVED,30267554-a165-4d16-815b-0c948d3c1705,e79e13f3-35dd-4a66-972a-f1a1822c25ab,c2,DROP,683,i12,?,
1769749000.875302,RECEIVED,283dbba0-2667-40a3-95c0-c80a03c0b33a,0320f378-52b3-42b5-bc14-678ef4777abc,c5,None,1120,i9,?,
1769749000.8856053,RECEIVED,8d0d4225-527b-42ae-b3ea-bcc3ca83c964,b258f60f-9af5-4239-ac57-59525efb7859,c3,DROP,441,x9,?,
1769749000.9110131,RECEIVED,568b36af-130c-459f-a883-e8089287896d,61806274-0282-471b-9110-2da2435d931a,c2,c3,1311,i9,?,
1769749001.0166957,RECEIVED,f9f9d9d2-744c-42f4-9771-97b4c216b637,cb7d99fe-0bcd-4853-929c-7d8f1eb01f36,c5,None,1127,i11,?,
1769749001.0204732,RECEIVED,4720b9ac-a4e0-4805-b73b-0348283ff9aa,90d0a3bc-d6f5-4eb5-93c3-1a04e634b216,c4,DROP,687,i1,?,
1769749001.1572425,SENT,f0a8a621-f949-4740-96c0-004c376b4769,7e3b7116-24b8-4d5a-9b90-f69823153bab,c3,DROP,441,?,x9,
1769749001.1572828,FORWARDED,f0a8a621-f949-4740-96c0-004c376b4769,7e3b7116-24b8-4d5a-9b90-f69823153bab,c3,DROP,441,?,x9,
1769749001.297756,SENT,30267554-a165-4d16-815b-0c948d3c1705,e79e13f3-35dd-4a66-972a-f1a1822c25ab,c2,DROP,441,?,x4,
1769749001.2977946,FORWARDED,30267554-a165-4d16-815b-0c948d3c1705,e79e13f3-35dd-4a66-972a-f1a1822c25ab,c2,DROP,441,?,x4,
1769749001.3118927,RECEIVED,21f6a8a9-f2f3-4dbb-9810-ff3db17dbac1,3dd068a7-4610-4df4-9151-032fdfdf69b2,c2,DROP,442,x3,?,
1769749001.4694114,SENT,568b36af-130c-459f-a883-e8089287896d,61806274-0282-471b-9110-2da2435d931a,c2,c3,912,?,p3,
1769749001.469992,FORWARDED,568b36af-130c-459f-a883-e8089287896d,61806274-0282-471b-9110-2da2435d931a,c2,c3,912,?,p3,
1769749001.6405036,RECEIVED,c8c2984e-9677-4804-9332-8570cfb567c4,d5818cbb-f62d-4b9b-a243-a708f3d015e8,c3,c2,1264,i1,?,
1769749001.6648498,RECEIVED,07a0fdbb-4159-400e-96f1-0b46a5345f5c,fcdfd372-5b32-46ad-aa2c-8b8ee0e59b2c,c1,DROP,441,x2,?,
1769749001.701921,RECEIVED,87ada523-6338-4969-9429-34ac31e2de57,a06a0595-168c-4471-836e-f3bea5b63b5d,c3,None,1124,i2,?,
1769749001.7295067,SENT,f9f9d9d2-744c-42f4-9771-97b4c216b637,cb7d99fe-0bcd-4853-929c-7d8f1eb01f36,c5,None,774,?,p1,
1769749001.7295494,FORWARDED,f9f9d9d2-744c-42f4-9771-97b4c216b637,cb7d99fe-0bcd-4853-929c-7d8f1eb01f36,c5,None,774,?,p1,
1769749001.7489152,RECEIVED,ee63aa9d-0ca1-40cf-81af-99d7e1780b87,5b3146e8-e1fd-4833-ab75-d2aae1fb2789,c4,DROP,688,i2,?,
1769749001.7775352,RECEIVED,a9b4b27b-0a2b-45d0-9bbe-885798c33f41,3352ae56-4e24-498d-93c3-77ee814c190b,c5,c3,1264,i6,?,
1769749001.7886403,RECEIVED,82fdf401-cc2f-45c8-85dc-60a437a9f4b1,61327fe2-4e65-44d8-9f4c-67e548eee850,c5,DROP,679,i5,?,
1769749001.8314896,SENT,ee63aa9d-0ca1-40cf-81af-99d7e1780b87,5b3146e8-e1fd-4833-ab75-d2aae1fb2789,c4,DROP,443,?,x5,
1769749001.8315306,FORWARDED,ee63aa9d-0ca1-40cf-81af-99d7e1780b87,5b3146e8-e1fd-4833-ab75-d2aae1fb2789,c4,DROP,443,?,x5,
1769749001.880312,SENT,c8c2984e-9677-4804-9332-8570cfb567c4,d5818cbb-f62d-4b9b-a243-a708f3d015e8,c3,c2,875,?,p2,
1769749001.8803532,FORWARDED,c8c2984e-9677-4804-9332-8570cfb567c4,d5818cbb-f62d-4b9b-a243-a708f3d015e8,c3,c2,875,?,p2,
1769749001.9069753,SENT,4720b9ac-a4e0-4805-b73b-0348283ff9aa,90d0a3bc-d6f5-4eb5-93c3-1a04e634b216,c4,DROP,442,?,i2,
1769749001.9070098,FORWARDED,4720b9ac-a4e0-4805-b73b-0348283ff9aa,90d0a3bc-d6f5-4eb5-93c3-1a04e634b216,c4,DROP,442,?,i2,
1769749001.980838,SENT,87ada523-6338-4969-9429-34ac31e2de57,a06a0595-168c-4471-836e-f3bea5b63b5d,c3,None,771,?,p2,
1769749001.9808807,FORWARDED,87ada523-6338-4969-9429-34ac31e2de57,a06a0595-168c-4471-836e-f3bea5b63b5d,c3,None,771,?,p2,
1769749002.0400143,SENT,82fdf401-cc2f-45c8-85dc-60a437a9f4b1,61327fe2-4e65-44d8-9f4c-67e548eee850,c5,DROP,438,?,e2,
1769749002.040059,FORWARDED,82fdf401-cc2f-45c8-85dc-60a437a9f4b1,61327fe2-4e65-44d8-9f4c-67e548eee850,c5,DROP,438,?,e2,
1769749002.0491402,RECEIVED,dea9d274-9cd7-4c4e-af8b-53ecac02e6e8,6e805ff9-7c44-4754-9bae-6791a458ccd8,c3,DROP,684,i8,?,
1769749002.1381063,RECEIVED,ed6167f7-140c-4db2-a8ee-c1030f3a3752,dc7dee8a-8162-47b4-a118-c167d8d44f53,c1,DROP,688,i9,?,
1769749002.2406108,SENT,a9b4b27b-0a2b-45d0-9bbe-885798c33f41,3352ae56-4e24-498d-93c3-77ee814c190b,c5,c3,875,?,p3,
1769749002.2406576,FORWARDED,a9b4b27b-0a2b-45d0-9bbe-885798c33f41,3352ae56-4e24-498d-93c3-77ee814c190b,c5,c3,875,?,p3,
1769749002.2687688,RECEIVED,d603c3d4-53ee-40f7-ae03-62c7a1a8aef7,93269924-cce6-4b5b-9ada-4edd9276c442,c4,c1,1264,i7,?,
1769749002.2746623,RECEIVED,8e009b31-db1b-4dd2-b5c7-0104f2a92ca9,62b2e035-e908-4d4f-a0b8-db3e9efb442e,c3,DROP,684,i2,?,
1769749002.365192,RECEIVED,2f1a3a06-c1b3-4ae5-ac3e-de9b54f9d7b0,47edc43c-9ff6-4a12-86ba-5c7a08f2e236,c1,DROP,441,x9,?,
1769749002.3850217,SENT,283dbba0-2667-40a3-95c0-c80a03c0b33a,0320f378-52b3-42b5-bc14-678ef4777abc,c5,None,771,?,p1,
1769749002.385075,FORWARDED,283dbba0-2667-40a3-95c0-c80a03c0b33a,0320f378-52b3-42b5-bc14-678ef4777abc,c5,None,771,?,p1,
1769749002.4476638,SENT,8e009b31-db1b-4dd2-b5c7-0104f2a92ca9,62b2e035-e908-4d4f-a0b8-db3e9efb442e,c3,DROP,441,?,e8,
1769749002.4477053,FORWARDED,8e009b31-db1b-4dd2-b5c7-0104f2a92ca9,62b2e035-e908-4d4f-a0b8-db3e9efb442e,c3,DROP,441,?,e8,
1769749002.4597478,RECEIVED,740f69ec-1f55-4722-9140-687e70095287,e706573d-f0c3-4936-aa38-c0fcae648a51,c2,DROP,679,i8,?,
1769749002.463468,RECEIVED,57195d35-c6b7-4ebc-a667-49c156f26e10,029df77c-73c6-4888-89ce-62dc0ded7b24,c5,c3,1310,i12,?,
1769749002.4824803,RECEIVED,7de091e9-c34c-457a-bd75-399510786600,d5bba9a5-dbd4-4703-9ece-1c141948e2ce,c2,DROP,689,i1,?,
1769749002.4898193,SENT,dea9d274-9cd7-4c4e-af8b-53ecac02e6e8,6e805ff9-7c44-4754-9bae-6791a458ccd8,c3,DROP,441,?,e9,
1769749002.4898596,FORWARDED,dea9d274-9cd7-4c4e-af8b-53ecac02e6e8,6e805ff9-7c44-4754-9bae-6791a458ccd8,c3,DROP,441,?,e9,
1769749002.4997394,SENT,7de091e9-c34c-457a-bd75-399510786600,d5bba9a5-dbd4-4703-9ece-1c141948e2ce,c2,DROP,442,?,x1,
1769749002.4997816,FORWARDED,7de091e9-c34c-457a-bd75-399510786600,d5bba9a5-dbd4-4703-9ece-1c141948e2ce,c2,DROP,442,?,x1,
1769749002.521803,SENT,d603c3d4-53ee-40f7-ae03-62c7a1a8aef7,93269924-cce6-4b5b-9ada-4edd9276c442,c4,c1,875,?,p1,
1769749002.5218427,FORWARDED,d603c3d4-53ee-40f7-ae03-62c7a1a8aef7,93269924-cce6-4b5b-9ada-4edd9276c442,c4,c1,875,?,p1,
1769749002.9908814,FORWARDED,ed6167f7-140c-4db2-a8ee-c1030f3a3752,dc7dee8a-8162-47b4-a118-c167d8d44f53,c1,DROP,442,?,i10,
1769749002.99631,RECEIVED,9cb6526e-f7f7-4242-b24c-5a320f7bfa11,536b09df-afa4-4b11-9003-b4342d6b52ff,c4,DROP,679,i9,?,
1769749003.0542545,RECEIVED,b374543f-f4a4-4b9d-bcaa-5cb20b608adb,a92bb989-3b80-4085-af52-e69f73b117cf,c2,None,1132,i3,?,
1769749003.0573752,RECEIVED,a751605d-6421-4c63-a553-5d0f4226b0f6,9f161c22-0120-4414-a93f-62a3c9198a29,c4,DROP,683,i7,?,
1769749003.1178386,SENT,740f69ec-1f55-4722-9140-687e70095287,e706573d-f0c3-4936-aa38-c0fcae648a51,c2,DROP,438,?,e4,
1769749003.1178827,FORWARDED,740f69ec-1f55-4722-9140-687e70095287,e706573d-f0c3-4936-aa38-c0fcae648a51,c2,DROP,438,?,e4,
1769749003.140604,RECEIVED,4dda3e3a-b5df-46f7-992b-8f0c464be426,f0e155f2-71c3-4105-91e9-a86f236fe595,c5,DROP,441,x2,?,
1769749003.1974292,RECEIVED,e717ac70-1cd6-4d7c-9c6f-fa39f8589107,bd58367b-0008-4ef0-a150-d79076439e96,c5,c3,1256,i9,?,
1769749003.2052765,RECEIVED,2bd6ee74-677a-4ddd-8a28-0fe3c1d6f31e,51c84e92-124e-4406-b03c-ba0feede60d1,c5,DROP,442,x7,?,
1769749003.2891898,SENT,e717ac70-1cd6-4d7c-9c6f-fa39f8589107,bd58367b-0008-4ef0-a150-d79076439e96,c5,c3,868,?,p3,
1769749003.2892275,FORWARDED,e717ac70-1cd6-4d7c-9c6f-fa39f8589107,bd58367b-0008-4ef0-a150-d79076439e96,c5,c3,868,?,p3,
1769749003.494076,SENT,9cb6526e-f7f7-4242-b24c-5a320f7bfa11,536b09df-afa4-4b11-9003-b4342d6b52ff,c4,DROP,437,?,x1,
1769749003.4941192,FORWARDED,9cb6526e-f7f7-4242-b24c-5a320f7bfa11,536b09df-afa4-4b11-9003-b4342d6b52ff,c4,DROP,437,?,x1,
1769749003.533652,SENT,b374543f-f4a4-4b9d-bcaa-5cb20b608adb,a92bb989-3b80-4085-af52-e69f73b117cf,c2,None,775,?,p3,
1769749003.5336964,FORWARDED,b374543f-f4a4-4b9d-bcaa-5cb20b608adb,a92bb989-3b80-4085-af52-e69f73b117cf,c2,None,775,?,p3,
1769749003.5351484,RECEIVED,e23590c4-a5a2-466c-928a-239fd437527c,e2473aa2-2344-4be3-8c8a-1352bed306e2,c2,DROP,684,i11,?,
1769749003.5814645,RECEIVED,c789f220-498c-46cb-ba92-fcd98f021596,3f7b534b-14b9-420e-a26a-7212fa39cba5,c5,None,1127,i5,?,
1769749003.6755571,RECEIVED,0fde4a26-2de0-4cce-9870-7593a699ef54,3894799f-2a87-4147-9de8-3afcc55b1e48,c1,None,1127,i1,?,
1769749003.6949654,SENT,e23590c4-a5a2-466c-928a-239fd437527c,e2473aa2-2344-4be3-8c8a-1352bed306e2,c2,DROP,441,?,i9,
1769749003.695006,FORWARDED,e23590c4-a5a2-466c-928a-239fd437527c,e2473aa2-2344-4be3-8c8a-1352bed306e2,c2,DROP,441,?,i9,
1769749003.6983705,RECEIVED,b363cff3-8b85-4552-8acf-c5dd7f1da1f2,cbefd33f-b36b-4bd9-a99a-56d8df5dce66,c5,DROP,685,i3,?,
1769749003.7155669,SENT,a751605d-6421-4c63-a553-5d0f4226b0f6,9f161c22-0120-4414-a93f-62a3c9198a29,c4,DROP,441,?,x6,
1769749003.7156088,FORWARDED,a751605d-6421-4c63-a553-5d0f4226b0f6,9f161c22-0120-4414-a93f-62a3c9198a29,c4,DROP,441,?,x6,
1769749003.7178733,SENT,57195d35-c6b7-4ebc-a667-49c156f26e10,029df77c-73c6-4888-89ce-62dc0ded7b24,c5,c3,912,?,p3,
1769749003.717912,FORWARDED,57195d35-c6b7-4ebc-a667-49c156f26e10,029df77c-73c6-4888-89ce-62dc0ded7b24,c5,c3,912,?,p3,
1769749003.7371845,SENT,b363cff3-8b85-4552-8acf-c5dd7f1da1f2,cbefd33f-b36b-4bd9-a99a-56d8df5dce66,c5,DROP,441,?,i2,
1769749003.7372293,FORWARDED,b363cff3-8b85-4552-8acf-c5dd7f1da1f2,cbefd33f-b36b-4bd9-a99a-56d8df5dce66,c5,DROP,441,?,i2,
1769749003.7401676,RECEIVED,c94a5f0c-ccac-44ea-ad85-16f6b9c3f175,21682677-e1d1-4f75-a409-df7e8123de59,c3,None,1131,i1,?,
1769749003.8569381,RECEIVED,30bda816-ccc9-4e50-b1c3-2bda493235da,38d75bed-8563-44b6-a1ba-1dc1a0320da1,c5,c3,1256,i3,?,
1769749003.971483,SENT,30bda816-ccc9-4e50-b1c3-2bda493235da,38d75bed-8563-44b6-a1ba-1dc1a0320da1,c5,c3,870,?,p3,
1769749003.971523,FORWARDED,30bda816-ccc9-4e50-b1c3-2bda493235da,38d75bed-8563-44b6-a1ba-1dc1a0320da1,c5,c3,870,?,p3,
1769749003.9985855,RECEIVED,a19eefc8-71bb-4e3b-bf44-52bb8e25acc4,6d9b9302-157a-434e-b1af-fa2caa9e20e6,c2,DROP,688,i7,?,
1769749004.0204847,SENT,0fde4a26-2de0-4cce-9870-7593a699ef54,3894799f-2a87-4147-9de8-3afcc55b1e48,c1,None,774,?,p1,
1769749004.0205224,FORWARDED,0fde4a26-2de0-4cce-9870-7593a699ef54,3894799f-2a87-4147-9de8-3afcc55b1e48,c1,None,774,?,p1,
1769749004.0869222,RECEIVED,e57e3565-83a3-40af-88a3-afd423a41720,98896945-7b6c-4375-afef-b44c113f5e7d,c4,c1,1316,i12,?,
1769749004.1387687,SENT,c94a5f0c-ccac-44ea-ad85-16f6b9c3f175,21682677-e1d1-4f75-a409-df7e8123de59,c3,None,775,?,p2,
1769749004.1388102,FORWARDED,c94a5f0c-ccac-44ea-ad85-16f6b9c3f175,21682677-e1d1-4f75-a409-df7e8123de59,c3,None,775,?,p2,
1769749004.1519682,SENT,e57e3565-83a3-40af-88a3-afd423a41720,98896945-7b6c-4375-afef-b44c113f5e7d,c4,c1,913,?,p1,
1769749004.15201,FORWARDED,e57e3565-83a3-40af-88a3-afd423a41720,98896945-7b6c-4375-afef-b44c113f5e7d,c4,c1,913,?,p1,
1769749004.1953015,RECEIVED,d1ea5113-b91d-484f-877e-a1f57badc1c9,21ee1913-51b4-4c81-a249-231ba7fa93c4,c1,None,1122,i5,?,
1769749004.247698,SENT,c789f220-498c-46cb-ba92-fcd98f021596,3f7b534b-14b9-420e-a26a-7212fa39cba5,c5,None,773,?,p1,
1769749004.2477427,FORWARDED,c789f220-498c-46cb-ba92-fcd98f021596,3f7b534b-14b9-420e-a26a-7212fa39cba5,c5,None,773,?,p1,
1769749004.3358061,RECEIVED,c8313c1f-7440-4b35-8c2e-a3b62518103c,790e3403-aa49-4d43-b885-daceb05d6fb7,c5,DROP,685,i7,?,
1769749004.3719206,SENT,c8313c1f-7440-4b35-8c2e-a3b62518103c,790e3403-aa49-4d43-b885-daceb05d6fb7,c5,DROP,441,?,x1,
1769749004.3719592,FORWARDED,c8313c1f-7440-4b35-8c2e-a3b62518103c,790e3403-aa49-4d43-b885-daceb05d6fb7,c5,DROP,441,?,x1,
1769749004.4377017,RECEIVED,3089b8a6-4936-406b-b75d-53c31fe844b5,ee762411-c80e-447a-b81f-3883f365cbac,c1,DROP,442,x12,?,
1769749004.4641066,SENT,d1ea5113-b91d-484f-877e-a1f57badc1c9,21ee1913-51b4-4c81-a249-231ba7fa93c4,c1,None,771,?,p1,
1769749004.4643269,FORWARDED,d1ea5113-b91d-484f-877e-a1f57badc1c9,21ee1913-51b4-4c81-a249-231ba7fa93c4,c1,None,771,?,p1,
1769749004.4788496,SENT,a19eefc8-71bb-4e3b-bf44-52bb8e25acc4,6d9b9302-157a-434e-b1af-fa2caa9e20e6,c2,DROP,442,?,x9,
1769749004.4789128,FORWARDED,a19eefc8-71bb-4e3b-bf44-52bb8e25acc4,6d9b9302-157a-434e-b1af-fa2caa9e20e6,c2,DROP,442,?,x9,
1769749004.5153859,RECEIVED,683a1df6-1040-4eab-907f-657b17b63fe1,70e45c08-3e62-4997-88b3-e58544956a7a,c2,DROP,441,x9,?,
1769749004.6675158,RECEIVED,6d28bb7d-c0d7-4ce1-b13c-d94fcf586609,d4fdd1c8-6237-4b9a-83c0-b99b92c0edc6,c3,DROP,441,x1,?,
1769749004.7979639,RECEIVED,f87e0c0d-a4c2-49f3-a95d-cd97e5c547b4,4a0052c2-77de-412b-921d-6fa7b3e14ef1,c3,DROP,442,x4,?,
1769749004.8400867,RECEIVED,5bc13756-7d6c-447f-a5aa-fbc3c0f527b0,47f2f6f8-9d0f-4a0d-bbfb-7e95f25c9f96,c1,None,1124,i2,?,
1769749004.9067504,RECEIVED,c004a24d-1816-43b7-a0d2-d7e5b113b726,71ae11a4-bd19-4985-ba11-9906df12f2f6,c4,DROP,684,i8,?,
1769749004.9215732,RECEIVED,6dea9e0c-c3ce-4523-939c-2f0835e5206e,e04263e7-1309-4350-8113-7f0d0a8419ac,c5,DROP,441,x6,?,
1769749005.0133297,SENT,5bc13756-7d6c-447f-a5aa-fbc3c0f527b0,47f2f6f8-9d0f-4a0d-bbfb-7e95f25c9f96,c1,None,771,?,p1,
1769749005.0133746,FORWARDED,5bc13756-7d6c-447f-a5aa-fbc3c0f527b0,47f2f6f8-9d0f-4a0d-bbfb-7e95f25c9f96,c1,None,771,?,p1,
1769749005.1091433,SENT,c004a24d-1816-43b7-a0d2-d7e5b113b726,71ae11a4-bd19-4985-ba11-9906df12f2f6,c4,DROP,441,?,x2,
1769749005.1096597,FORWARDED,c004a24d-1816-43b7-a0d2-d7e5b113b726,71ae11a4-bd19-4985-ba11-9906df12f2f6,c4,DROP,441,?,x2,
1769749005.1135607,RECEIVED,292c6f41-fe10-4813-a42e-d7553fe29515,796979b4-37ea-483a-9d61-81ae5e93fd7b,c1,DROP,687,i2,?,
1769749005.1335685,RECEIVED,4e587ff3-44ca-4de1-ae19-474df6a13bca,e99446d5-1f3d-4959-91b6-94ac68f39f10,c5,None,1128,i11,?,
1769749005.2086036,SENT,4e587ff3-44ca-4de1-ae19-474df6a13bca,e99446d5-1f3d-4959-91b6-94ac68f39f10,c5,None,772,?,p1,
1769749005.2086406,FORWARDED,4e587ff3-44ca-4de1-ae19-474df6a13bca,e99446d5-1f3d-4959-91b6-94ac68f39f10,c5,None,772,?,p1,
1769749005.2122672,RECEIVED,6dc245d0-85d3-4748-902f-7aee279ae7a5,929e0216-dc01-4f80-9e32-b2676cd628cc,c3,None,1123,i5,?,
1769749005.2379408,RECEIVED,8b4a10a9-c30f-4193-8f94-c5349a4fa149,909afe30-e9d3-4c70-9d27-42f0c8fd8508,c3,None,1132,i11,?,
1769749005.2522485,RECEIVED,c3d82583-3339-49a8-a4f5-ac92a7ac5771,db283cf5-58c0-480c-98be-ecf108027dc3,c2,DROP,683,i1,?,
1769749005.3281565,SENT,8b4a10a9-c30f-4193-8f94-c5349a4fa149,909afe30-e9d3-4c70-9d27-42f0c8fd8508,c3,None,776,?,p2,
1769749005.328202,FORWARDED,8b4a10a9-c30f-4193-8f94-c5349a4fa149,909afe30-e9d3-4c70-9d27-42f0c8fd8508,c3,None,776,?,p2,
1769749005.4514952,RECEIVED,1cbb2282-db9f-476f-954d-dc43609c067e,f334fc8d-8a29-4d84-92fe-624e92457adb,c3,DROP,692,i6,?,
1769749005.5104682,SENT,c3d82583-3339-49a8-a4f5-ac92a7ac5771,db283cf5-58c0-480c-98be-ecf108027dc3,c2,DROP,441,?,x6,
1769749005.510511,FORWARDED,c3d82583-3339-49a8-a4f5-ac92a7ac5771,db283cf5-58c0-480c-98be-ecf108027dc3,c2,DROP,441,?,x6,
1769749005.5954394,RECEIVED,02b69cbb-d935-4bc4-b49a-f5174af9ad1a,159c0895-9149-46bb-8c24-db61316b6312,c2,DROP,684,i8,?,
1769749005.690309,RECEIVED,6601cd24-de37-46bf-b63a-c360b8bb020f,b3fe4e79-26f5-4fb0-9f8c-511c72bf42c6,c4,DROP,684,i5,?,
1769749005.6927357,RECEIVED,fb839c44-0bf4-478b-8c9b-8a0929977495,58ae2cbb-a18f-4254-9c70-83f4db080085,c1,DROP,685,i3,?,
1769749005.7356572,RECEIVED,993514c4-ebf1-4e7d-84ab-1281cadfa89b,4268d2ee-ab4b-4935-9963-9c30301b8dc9,c3,DROP,689,i9,?,
1769749005.7481537,SENT,6dc245d0-85d3-4748-902f-7aee279ae7a5,929e0216-dc01-4f80-9e32-b2676cd628cc,c3,None,771,?,p2,
1769749005.7481935,FORWARDED,6dc245d0-85d3-4748-902f-7aee279ae7a5,929e0216-dc01-4f80-9e32-b2676cd628cc,c3,None,771,?,p2,
1769749005.7696433,FORWARDED,fb839c44-0bf4-478b-8c9b-8a0929977495,58ae2cbb-a18f-4254-9c70-83f4db080085,c1,DROP,440,?,i10,
1769749005.8737366,SENT,292c6f41-fe10-4813-a42e-d7553fe29515,796979b4-37ea-483a-9d61-81ae5e93fd7b,c1,DROP,442,?,x4,
1769749005.8737853,FORWARDED,292c6f41-fe10-4813-a42e-d7553fe29515,796979b4-37ea-483a-9d61-81ae5e93fd7b,c1,DROP,442,?,x4,
1769749005.968316,SENT,993514c4-ebf1-4e7d-84ab-1281cadfa89b,4268d2ee-ab4b-4935-9963-9c30301b8dc9,c3,DROP,442,?,i12,
1769749005.9683568,FORWARDED,993514c4-ebf1-4e7d-84ab-1281cadfa89b,4268d2ee-ab4b-4935-9963-9c30301b8dc9,c3,DROP,442,?,i12,
1769749006.0192003,RECEIVED,57224f99-1524-45e6-93c3-ec663e5c2e76,132c2ec8-79ab-4e19-8c20-d90466702884,c3,DROP,688,i12,?,
1769749006.022535,RECEIVED,5e7ae760-f173-40ae-9264-99b5c32f6498,4d59ff53-73e6-4905-ab62-c5c5640faea4,c5,DROP,687,i6,?,
1769749006.096019,RECEIVED,6550adce-5d07-4d5a-acda-f668bff575aa,744deb46-688a-4978-b7f9-2870ba0912be,c3,DROP,684,i9,?,
1769749006.1044044,RECEIVED,ce014fc2-8300-4ac1-8de1-7ee1b8ee3d9f,0efe3636-12a9-4cc5-a634-28910afd8b40,c3,c2,1321,i1,?,
1769749006.1338406,SENT,6601cd24-de37-46bf-b63a-c360b8bb020f,b3fe4e79-26f5-4fb0-9f8c-511c72bf42c6,c4,DROP,441,?,e12,
1769749006.1339018,FORWARDED,6601cd24-de37-46bf-b63a-c360b8bb020f,b3fe4e79-26f5-4fb0-9f8c-511c72bf42c6,c4,DROP,441,?,e12,
1769749006.1570022,SENT,ce014fc2-8300-4ac1-8de1-7ee1b8ee3d9f,0efe3636-12a9-4cc5-a634-28910afd8b40,c3,c2,916,?,p2,
1769749006.1570365,FORWARDED,ce014fc2-8300-4ac1-8de1-7ee1b8ee3d9f,0efe3636-12a9-4cc5-a634-28910afd8b40,c3,c2,916,?,p2,
1769749006.18321,SENT,57224f99-1524-45e6-93c3-ec663e5c2e76,132c2ec8-79ab-4e19-8c20-d90466702884,c3,DROP,442,?,e3,
1769749006.1832533,FORWARDED,57224f99-1524-45e6-93c3-ec663e5c2e76,132c2ec8-79ab-4e19-8c20-d90466702884,c3,DROP,442,?,e3,
1769749006.2241998,RECEIVED,da90f9bb-0c1e-4aee-98b1-d478cfc34b61,c5f7e23a-392c-40ea-9330-21864de10981,c5,c3,1308,i9,?,
1769749006.229134,RECEIVED,477abf2d-953f-410c-b18d-18aee61f79be,fca304db-29d6-4c41-b503-20ff40fb660c,c2,DROP,445,x10,?,
1769749006.2806084,SENT,6550adce-5d07-4d5a-acda-f668bff575aa,744deb46-688a-4978-b7f9-2870ba0912be,c3,DROP,441,?,e6,
1769749006.2806482,FORWARDED,6550adce-5d07-4d5a-acda-f668bff575aa,744deb46-688a-4978-b7f9-2870ba0912be,c3,DROP,441,?,e6,
1769749006.3176687,RECEIVED,a58c0887-38ae-451c-bf2e-ace5d42ed787,126168c2-11c8-41c3-b711-0c3171ee0f40,c3,None,1119,i1,?,
1769749006.3848279,RECEIVED,324055a7-00c5-4b9d-a323-ea78e416c802,5b4b37cf-88d7-477e-84ef-b9d300baa195,c3,DROP,442,x4,?,
1769749006.6106472,SENT,a58c0887-38ae-451c-bf2e-ace5d42ed787,126168c2-11c8-41c3-b711-0c3171ee0f40,c3,None,766,?,p2,
1769749006.6106875,FORWARDED,a58c0887-38ae-451c-bf2e-ace5d42ed787,126168c2-11c8-41c3-b711-0c3171ee0f40,c3,None,766,?,p2,
1769749006.690758,SENT,da90f9bb-0c1e-4aee-98b1-d478cfc34b61,c5f7e23a-392c-40ea-9330-21864de10981,c5,c3,908,?,p3,
1769749006.6907952,FORWARDED,da90f9bb-0c1e-4aee-98b1-d478cfc34b61,c5f7e23a-392c-40ea-9330-21864de10981,c5,c3,908,?,p3,
1769749007.0037203,RECEIVED,03b1dbaa-2795-44bf-929c-c7bf57fd5acf,ca09b892-1b6e-477d-87ff-832348467675,c2,c3,1267,i8,?,
1769749007.1479154,RECEIVED,74711ddb-7dc2-4720-aaa3-ebd7d70f6b2c,efb14bab-ada4-4cb2-9afc-bb4c76ce60c4,c5,DROP,687,i7,?,
1769749007.1636465,SENT,5e7ae760-f173-40ae-9264-99b5c32f6498,4d59ff53-73e6-4905-ab62-c5c5640faea4,c5,DROP,442,?,e1,
1769749007.1636887,FORWARDED,5e7ae760-f173-40ae-9264-99b5c32f6498,4d59ff53-73e6-4905-ab62-c5c5640faea4,c5,DROP,442,?,e1,
1769749007.346769,RECEIVED,f1f871cc-418a-490c-bc34-f1420389e033,a7a5436b-d86a-4edb-9e2e-38a3ffd439b4,c4,DROP,683,i7,?,
1769749007.367884,SENT,02b69cbb-d935-4bc4-b49a-f5174af9ad1a,159c0895-9149-46bb-8c24-db61316b6312,c2,DROP,441,?,x12,
1769749007.3679268,FORWARDED,02b69cbb-d935-4bc4-b49a-f5174af9ad1a,159c0895-9149-46bb-8c24-db61316b6312,c2,DROP,441,?,x12,
1769749007.409428,RECEIVED,f0bee392-90f6-4482-a822-c2ee3b240a46,4a4c2320-52c9-4745-8559-48dd3a7b8131,c2,c3,1263,i2,?,
1769749007.5143173,RECEIVED,28b54e01-c1e4-4999-8252-6012445d09f3,eaeb8698-442b-446c-a314-e8ae4ad1fd47,c3,DROP,686,i3,?,
1769749007.5898814,RECEIVED,4cae8102-483c-4193-84d6-df9e85014fc4,6a1d0f66-22f0-4b28-ba54-5e6046fb6d2d,c2,DROP,687,i1,?,
1769749007.6724842,RECEIVED,e6475a88-807d-4cbb-974e-7b9546af632d,62bbb657-47ce-4b43-b450-00c4973afa42,c5,c3,1263,i12,?,
1769749007.6772807,SENT,74711ddb-7dc2-4720-aaa3-ebd7d70f6b2c,efb14bab-ada4-4cb2-9afc-bb4c76ce60c4,c5,DROP,442,?,e4,
1769749007.6773205,FORWARDED,74711ddb-7dc2-4720-aaa3-ebd7d70f6b2c,efb14bab-ada4-4cb2-9afc-bb4c76ce60c4,c5,DROP,442,?,e4,
1769749007.736918,RECEIVED,2439f148-facf-4ad7-99a4-7e1c23e07532,2cf06223-7034-43a5-b091-e9344f0f7ba5,c3,DROP,440,x3,?,
1769749007.7520218,RECEIVED,b2ea00b2-9ac9-42c6-8454-b040ea0a9e08,9592494e-2b1c-49c4-9f82-ba5bb52f2efc,c3,DROP,688,i7,?,
1769749007.929656,SENT,e6475a88-807d-4cbb-974e-7b9546af632d,62bbb657-47ce-4b43-b450-00c4973afa42,c5,c3,875,?,p3,
1769749007.929698,FORWARDED,e6475a88-807d-4cbb-974e-7b9546af632d,62bbb657-47ce-4b43-b450-00c4973afa42,c5,c3,875,?,p3,
1769749007.9526727,RECEIVED,0cab8142-5cf6-4b18-beee-04b7e17222d8,19c1e29b-8d3e-4dbe-8cc5-1482cc79a0a8,c2,DROP,441,x12,?,
1769749007.9714208,SENT,b2ea00b2-9ac9-42c6-8454-b040ea0a9e08,9592494e-2b1c-49c4-9f82-ba5bb52f2efc,c3,DROP,442,?,i6,
1769749007.9714615,FORWARDED,b2ea00b2-9ac9-42c6-8454-b040ea0a9e08,9592494e-2b1c-49c4-9f82-ba5bb52f2efc,c3,DROP,442,?,i6,
1769749008.0020142,SENT,03b1dbaa-2795-44bf-929c-c7bf57fd5acf,ca09b892-1b6e-477d-87ff-832348467675,c2,c3,877,?,p3,
1769749008.0020635,FORWARDED,03b1dbaa-2795-44bf-929c-c7bf57fd5acf,ca09b892-1b6e-477d-87ff-832348467675,c2,c3,877,?,p3,
1769749008.0533507,SENT,f0bee392-90f6-4482-a822-c2ee3b240a46,4a4c2320-52c9-4745-8559-48dd3a7b8131,c2,c3,874,?,p3,
1769749008.0533924,FORWARDED,f0bee392-90f6-4482-a822-c2ee3b240a46,4a4c2320-52c9-4745-8559-48dd3a7b8131,c2,c3,874,?,p3,
1769749008.1339102,SENT,f1f871cc-418a-490c-bc34-f1420389e033,a7a5436b-d86a-4edb-9e2e-38a3ffd439b4,c4,DROP,441,?,i1,
1769749008.133945,FORWARDED,f1f871cc-418a-490c-bc34-f1420389e033,a7a5436b-d86a-4edb-9e2e-38a3ffd439b4,c4,DROP,441,?,i1,
1769749008.1767824,SENT,1cbb2282-db9f-476f-954d-dc43609c067e,f334fc8d-8a29-4d84-92fe-624e92457adb,c3,DROP,446,?,x10,
1769749008.1768246,FORWARDED,1cbb2282-db9f-476f-954d-dc43609c067e,f334fc8d-8a29-4d84-92fe-624e92457adb,c3,DROP,446,?,x10,
1769749008.2194216,RECEIVED,bfa3646e-f07a-4e2e-994f-9ba0eda74e2d,9b77af4f-26f8-4ea9-9d7e-51ed8b9b569d,c5,DROP,440,x5,?,
1769749008.3809638,RECEIVED,a3833125-1318-4fc6-a762-f7e1b09b146f,74af663d-fcaf-4e8c-87ab-e29efd1a6043,c4,DROP,443,x7,?,
1769749008.5828326,RECEIVED,d45ef5af-a0d0-420c-b66c-13e09592fd7b,16069b0f-ef6b-45a2-9b1f-50cda4df47e6,c4,DROP,442,x10,?,
1769749008.7083142,SENT,28b54e01-c1e4-4999-8252-6012445d09f3,eaeb8698-442b-446c-a314-e8ae4ad1fd47,c3,DROP,442,?,e4,
1769749008.7083535,FORWARDED,28b54e01-c1e4-4999-8252-6012445d09f3,eaeb8698-442b-446c-a314-e8ae4ad1fd47,c3,DROP,442,?,e4,
1769749008.8011749,SENT,4cae8102-483c-4193-84d6-df9e85014fc4,6a1d0f66-22f0-4b28-ba54-5e6046fb6d2d,c2,DROP,443,?,i9,
1769749008.80122,FORWARDED,4cae8102-483c-4193-84d6-df9e85014fc4,6a1d0f66-22f0-4b28-ba54-5e6046fb6d2d,c2,DROP,443,?,i9,
1769749008.9477751,RECEIVED,d810cdad-4622-45a2-b2a7-e6f4b110e824,53372599-44cf-47f5-ab17-617a7997ff97,c1,DROP,688,i3,?,
1769749009.0797272,SENT,d810cdad-4622-45a2-b2a7-e6f4b110e824,53372599-44cf-47f5-ab17-617a7997ff97,c1,DROP,442,?,i6,
1769749009.0797663,FORWARDED,d810cdad-4622-45a2-b2a7-e6f4b110e824,53372599-44cf-47f5-ab17-617a7997ff97,c1,DROP,442,?,i6,
1769749009.081109,RECEIVED,4b67b189-e244-442c-90a7-fb0baf63b8fa,1a73c82c-9076-492d-b94e-f43d60e1bfd1,c4,DROP,686,i5,?,
1769749009.1231785,RECEIVED,d6441230-2240-453f-8a6f-c68c92afab83,4c6e034e-68dc-45f5-aa40-d4097d2758c8,c3,DROP,688,i6,?,
1769749009.1811993,SENT,4b67b189-e244-442c-90a7-fb0baf63b8fa,1a73c82c-9076-492d-b94e-f43d60e1bfd1,c4,DROP,441,?,x10,
1769749009.181241,FORWARDED,4b67b189-e244-442c-90a7-fb0baf63b8fa,1a73c82c-9076-492d-b94e-f43d60e1bfd1,c4,DROP,441,?,x10,
1769749009.254622,RECEIVED,70f7673e-43da-46fe-9a36-d2cc8aba5091,06173318-bdeb-48e8-b4ca-1d5efdf20024,c4,DROP,686,i7,?,
1769749009.279244,SENT,d6441230-2240-453f-8a6f-c68c92afab83,4c6e034e-68dc-45f5-aa40-d4097d2758c8,c3,DROP,442,?,e3,
1769749009.2792857,FORWARDED,d6441230-2240-453f-8a6f-c68c92afab83,4c6e034e-68dc-45f5-aa40-d4097d2758c8,c3,DROP,442,?,e3,
1769749009.317378,RECEIVED,6918d67c-a3d7-4c90-8dc0-d2355b26adea,cd26a269-5e67-4ab9-b14c-bcc0e939484e,c5,DROP,691,i12,?,
1769749009.3262591,RECEIVED,65ca79d0-599b-4b33-9a9c-5b5bc527676a,b0be25bb-7417-4ee2-a2ce-2b21b70f095a,c1,DROP,443,x4,?,
1769749009.3699348,SENT,6918d67c-a3d7-4c90-8dc0-d2355b26adea,cd26a269-5e67-4ab9-b14c-bcc0e939484e,c5,DROP,445,?,e1,
1769749009.3699753,FORWARDED,6918d67c-a3d7-4c90-8dc0-d2355b26adea,cd26a269-5e67-4ab9-b14c-bcc0e939484e,c5,DROP,445,?,e1,
1769749009.4569552,RECEIVED,439fb81a-7650-4c96-9808-ab06755e89b7,7c0e8a98-a5a4-406d-b4eb-a855cc9bb35d,c1,DROP,687,i2,?,
1769749009.6200442,RECEIVED,241e1480-7639-401d-9bc6-dcdd51048eb6,cff25bdd-3294-4161-8330-12a87ce23266,c5,DROP,688,i5,?,
1769749009.7925951,FORWARDED,241e1480-7639-401d-9bc6-dcdd51048eb6,cff25bdd-3294-4161-8330-12a87ce23266,c5,DROP,442,?,i4,
1769749009.910131,RECEIVED,e919e816-0fa0-4900-ad8c-c9830b782856,8a067e91-4b38-4537-95be-6626042c032a,c2,DROP,441,x9,?,
1769749009.9478912,RECEIVED,9ed2bf49-2d41-4137-8c01-e051f8c84c35,0e65a8df-ac48-4ccb-be21-30b69e0ededa,c4,DROP,680,i2,?,
1769749010.049986,SENT,9ed2bf49-2d41-4137-8c01-e051f8c84c35,0e65a8df-ac48-4ccb-be21-30b69e0ededa,c4,DROP,438,?,x5,
1769749010.050023,FORWARDED,9ed2bf49-2d41-4137-8c01-e051f8c84c35,0e65a8df-ac48-4ccb-be21-30b69e0ededa,c4,DROP,438,?,x5,
1769749010.0514543,RECEIVED,f03f3ecf-8d98-43e4-a52d-f2309bd98c6c,0121b998-527b-42e1-8419-a0f7025bd2ce,c3,c2,1252,i2,?,
1769749010.0549855,RECEIVED,ed757de4-b6eb-4096-911a-976a2058aa61,79eba345-00cd-49d8-a2ab-3504609c965c,c5,DROP,688,i8,?,
1769749010.128417,SENT,f03f3ecf-8d98-43e4-a52d-f2309bd98c6c,0121b998-527b-42e1-8419-a0f7025bd2ce,c3,c2,867,?,p2,
1769749010.128453,FORWARDED,f03f3ecf-8d98-43e4-a52d-f2309bd98c6c,0121b998-527b-42e1-8419-a0f7025bd2ce,c3,c2,867,?,p2,
1769749010.1324034,SENT,70f7673e-43da-46fe-9a36-d2cc8aba5091,06173318-bdeb-48e8-b4ca-1d5efdf20024,c4,DROP,443,?,e7,
1769749010.13244,FORWARDED,70f7673e-43da-46fe-9a36-d2cc8aba5091,06173318-bdeb-48e8-b4ca-1d5efdf20024,c4,DROP,443,?,e7,
1769749010.1685598,SENT,439fb81a-7650-4c96-9808-ab06755e89b7,7c0e8a98-a5a4-406d-b4eb-a855cc9bb35d,c1,DROP,442,?,e3,
1769749010.1685996,FORWARDED,439fb81a-7650-4c96-9808-ab06755e89b7,7c0e8a98-a5a4-406d-b4eb-a855cc9bb35d,c1,DROP,442,?,e3,
1769749010.3048408,SENT,ed757de4-b6eb-4096-911a-976a2058aa61,79eba345-00cd-49d8-a2ab-3504609c965c,c5,DROP,442,?,e12,
1769749010.3048816,FORWARDED,ed757de4-b6eb-4096-911a-976a2058aa61,79eba345-00cd-49d8-a2ab-3504609c965c,c5,DROP,442,?,e12,
1769749010.565596,RECEIVED,6e34ec74-07b5-411b-a474-be6771e1e9cf,bb984a75-00ab-4a20-9098-dfb0ed227c11,c2,c3,1317,i2,?,
1769749010.609031,SENT,6e34ec74-07b5-411b-a474-be6771e1e9cf,bb984a75-00ab-4a20-9098-dfb0ed227c11,c2,c3,915,?,p3,
1769749010.6090808,FORWARDED,6e34ec74-07b5-411b-a474-be6771e1e9cf,bb984a75-00ab-4a20-9098-dfb0ed227c11,c2,c3,915,?,p3,
1769749010.64237,RECEIVED,921ec3d5-64fa-4dcf-89f9-b3b34c0019f7,94c1f2b0-2f25-448d-9d7c-d47d0efa0808,c1,c5,1255,i5,?,
1769749010.6706455,RECEIVED,5ba183a5-da86-4f39-92f7-afb700bbfbee,eb85b99a-eae2-4ec3-aa03-b8fb3560b306,c3,DROP,441,x12,?,
1769749010.9362903,SENT,921ec3d5-64fa-4dcf-89f9-b3b34c0019f7,94c1f2b0-2f25-448d-9d7c-d47d0efa0808,c1,c5,868,?,p2,
1769749010.936333,FORWARDED,921ec3d5-64fa-4dcf-89f9-b3b34c0019f7,94c1f2b0-2f25-448d-9d7c-d47d0efa0808,c1,c5,868,?,p2,
1769749011.0162742,RECEIVED,a9218ef5-5990-4254-b916-5f649dc5b337,4b0db4f8-f50d-4a98-8159-4ecb496ecd2f,c3,DROP,685,i2,?,
1769749011.1614099,RECEIVED,f41e048e-e768-4b7b-84a8-74fbc886a8ba,47244d19-86b9-43c2-9865-526e11d7c31e,c2,None,1131,i8,?,
1769749011.250402,SENT,a9218ef5-5990-4254-b916-5f649dc5b337,4b0db4f8-f50d-4a98-8159-4ecb496ecd2f,c3,DROP,441,?,x12,
1769749011.2508998,FORWARDED,a9218ef5-5990-4254-b916-5f649dc5b337,4b0db4f8-f50d-4a98-8159-4ecb496ecd2f,c3,DROP,441,?,x12,
1769749011.4554403,RECEIVED,4ce7bd5a-557f-4d58-8280-ddfb81c809b4,9fbea121-da2c-4880-a44e-34fb9a863f02,c3,DROP,684,i6,?,
1769749011.5735865,RECEIVED,2ecece69-feeb-44de-92d7-8cc0d845f9f8,f1fce33c-c6ac-4caf-86f7-2234731327ae,c3,c2,1325,i1,?,
1769749011.6563737,RECEIVED,69c345ff-a3e6-4499-aab7-5c179415529f,fa32109b-d7e1-4b26-9e08-6247cd773346,c5,DROP,691,i11,?,
1769749011.6570435,SENT,2ecece69-feeb-44de-92d7-8cc0d845f9f8,f1fce33c-c6ac-4caf-86f7-2234731327ae,c3,c2,920,?,p2,
1769749011.657157,FORWARDED,2ecece69-feeb-44de-92d7-8cc0d845f9f8,f1fce33c-c6ac-4caf-86f7-2234731327ae,c3,c2,920,?,p2,
1769749011.7447932,RECEIVED,d3656b76-75bf-4951-8abc-a4a0fd3bc170,48683a88-521d-42e2-bd8f-3613459ebee9,c3,DROP,442,x1,?,
1769749011.9408119,RECEIVED,b5536968-6973-444c-8885-870b65d633ff,34745f9b-d527-402d-940b-8a57033bebcc,c5,DROP,683,i5,?,
1769749012.0223246,RECEIVED,68e5fd67-50f8-464b-81bf-c9e0912730b3,afe38040-4861-455c-8756-6a13950cb708,c4,DROP,684,i2,?,
1769749012.063924,SENT,4ce7bd5a-557f-4d58-8280-ddfb81c809b4,9fbea121-da2c-4880-a44e-34fb9a863f02,c3,DROP,441,?,x12,
1769749012.0644472,FORWARDED,4ce7bd5a-557f-4d58-8280-ddfb81c809b4,9fbea121-da2c-4880-a44e-34fb9a863f02,c3,DROP,441,?,x12,
1769749012.0715082,RECEIVED,34fc5e10-5a28-478a-ac11-720fc7e1a3e7,fd0c7f68-616a-46f7-8f7b-dfff9ecfb802,c1,DROP,692,i12,?,
1769749012.1034105,RECEIVED,10236026-3686-4f17-a2bd-e7f1c6ea2794,e240b76e-0213-4b7b-b0c5-24df457889a4,c4,c1,1259,i12,?,
1769749012.1424513,SENT,68e5fd67-50f8-464b-81bf-c9e0912730b3,afe38040-4861-455c-8756-6a13950cb708,c4,DROP,441,?,x2,
1769749012.1424963,FORWARDED,68e5fd67-50f8-464b-81bf-c9e0912730b3,afe38040-4861-455c-8756-6a13950cb708,c4,DROP,441,?,x2,
1769749012.145403,RECEIVED,afc162c2-d5d8-4121-b534-03a22fd54509,d21f1f8f-a873-4d66-a53f-711822a83391,c3,None,1123,i5,?,
1769749012.1891408,SENT,f41e048e-e768-4b7b-84a8-74fbc886a8ba,47244d19-86b9-43c2-9865-526e11d7c31e,c2,None,775,?,p3,
1769749012.1891801,FORWARDED,f41e048e-e768-4b7b-84a8-74fbc886a8ba,47244d19-86b9-43c2-9865-526e11d7c31e,c2,None,775,?,p3,
1769749012.2192292,RECEIVED,46b74320-a079-44be-8a9c-0f1fa7780010,cf6054c1-9aec-4fb8-a0a2-fbb16e3bf61a,c3,None,1131,i1,?,
1769749012.296146,SENT,69c345ff-a3e6-4499-aab7-5c179415529f,fa32109b-d7e1-4b26-9e08-6247cd773346,c5,DROP,447,?,i8,
1769749012.2961886,FORWARDED,69c345ff-a3e6-4499-aab7-5c179415529f,fa32109b-d7e1-4b26-9e08-6247cd773346,c5,DROP,447,?,i8,
1769749012.3150034,SENT,10236026-3686-4f17-a2bd-e7f1c6ea2794,e240b76e-0213-4b7b-b0c5-24df457889a4,c4,c1,871,?,p1,
1769749012.3150446,FORWARDED,10236026-3686-4f17-a2bd-e7f1c6ea2794,e240b76e-0213-4b7b-b0c5-24df457889a4,c4,c1,871,?,p1,
1769749012.3207948,SENT,b5536968-6973-444c-8885-870b65d633ff,34745f9b-d527-402d-940b-8a57033bebcc,c5,DROP,441,?,x6,
1769749012.3208346,FORWARDED,b5536968-6973-444c-8885-870b65d633ff,34745f9b-d527-402d-940b-8a57033bebcc,c5,DROP,441,?,x6,
1769749012.3423238,RECEIVED,3e5d438a-d382-4f52-9d74-ca0183f87f9e,0202d231-9b70-4d9a-ae76-f32c53c89f72,c5,DROP,683,i11,?,
1769749012.369021,SENT,46b74320-a079-44be-8a9c-0f1fa7780010,cf6054c1-9aec-4fb8-a0a2-fbb16e3bf61a,c3,None,776,?,p2,
1769749012.3690672,FORWARDED,46b74320-a079-44be-8a9c-0f1fa7780010,cf6054c1-9aec-4fb8-a0a2-fbb16e3bf61a,c3,None,776,?,p2,
1769749012.386506,RECEIVED,c5736f33-3f9f-42f1-a9db-f05d8beaf546,555dfa63-dbb9-4157-9169-27d1fa72ed76,c2,DROP,441,x9,?,
1769749012.444695,RECEIVED,a414486d-469a-44d0-be3d-ef76cc6dfd2e,84934025-1b28-4dc7-8282-0967afa12f64,c5,DROP,687,i3,?,
1769749012.4689317,RECEIVED,6b8a9931-7a19-40e4-809d-8c9ae5d98235,cd3cfe60-77e6-4e51-a8a5-297dfae0008c,c5,c3,1260,i6,?,
1769749012.57985,SENT,6b8a9931-7a19-40e4-809d-8c9ae5d98235,cd3cfe60-77e6-4e51-a8a5-297dfae0008c,c5,c3,871,?,p3,
1769749012.5798883,FORWARDED,6b8a9931-7a19-40e4-809d-8c9ae5d98235,cd3cfe60-77e6-4e51-a8a5-297dfae0008c,c5,c3,871,?,p3,
1769749012.5908804,RECEIVED,5d8eb5c1-763e-466c-a0ac-e57f4600dbd8,f9f0d038-ce2d-4a3f-8cb7-6d25ef4430d5,c4,DROP,687,i2,?,
1769749012.6124976,SENT,3e5d438a-d382-4f52-9d74-ca0183f87f9e,0202d231-9b70-4d9a-ae76-f32c53c89f72,c5,DROP,441,?,x1,
1769749012.6125402,FORWARDED,3e5d438a-d382-4f52-9d74-ca0183f87f9e,0202d231-9b70-4d9a-ae76-f32c53c89f72,c5,DROP,441,?,x1,
1769749012.737208,RECEIVED,5595fe56-63c0-4962-9b6f-8fd3dd569670,39907c20-a948-415b-8212-8dd95c66cc25,c1,None,1127,i1,?,
1769749012.7467725,SENT,afc162c2-d5d8-4121-b534-03a22fd54509,d21f1f8f-a873-4d66-a53f-711822a83391,c3,None,771,?,p2,
1769749012.7468133,FORWARDED,afc162c2-d5d8-4121-b534-03a22fd54509,d21f1f8f-a873-4d66-a53f-711822a83391,c3,None,771,?,p2,
1769749012.9047594,SENT,34fc5e10-5a28-478a-ac11-720fc7e1a3e7,fd0c7f68-616a-46f7-8f7b-dfff9ecfb802,c1,DROP,445,?,e10,
1769749012.906088,FORWARDED,34fc5e10-5a28-478a-ac11-720fc7e1a3e7,fd0c7f68-616a-46f7-8f7b-dfff9ecfb802,c1,DROP,445,?,e10,
1769749012.9111369,RECEIVED,c9593012-6df9-47f4-811b-5aa203c7a6d8,2ab452a2-d888-4a27-abb1-90e9ea1bf9c6,c5,c3,1324,i12,?,
1769749012.919287,RECEIVED,a6d998e7-4b28-4f8b-bc29-d91ad3e89ad4,e6ece095-d3f0-4f45-a703-f62ba5f8f2a0,c4,DROP,686,i11,?,
1769749013.126717,SENT,5d8eb5c1-763e-466c-a0ac-e57f4600dbd8,f9f0d038-ce2d-4a3f-8cb7-6d25ef4430d5,c4,DROP,442,?,x6,
1769749013.1267567,FORWARDED,5d8eb5c1-763e-466c-a0ac-e57f4600dbd8,f9f0d038-ce2d-4a3f-8cb7-6d25ef4430d5,c4,DROP,442,?,x6,
1769749013.1597137,FORWARDED,a414486d-469a-44d0-be3d-ef76cc6dfd2e,84934025-1b28-4dc7-8282-0967afa12f64,c5,DROP,442,?,i4,
1769749013.2063081,SENT,c9593012-6df9-47f4-811b-5aa203c7a6d8,2ab452a2-d888-4a27-abb1-90e9ea1bf9c6,c5,c3,919,?,p3,
1769749013.2063942,FORWARDED,c9593012-6df9-47f4-811b-5aa203c7a6d8,2ab452a2-d888-4a27-abb1-90e9ea1bf9c6,c5,c3,919,?,p3,
1769749013.2192311,RECEIVED,e5ea6000-99ca-4e57-99a9-4f80a0a14320,74af25e9-6077-4f2d-8c0e-6c22da110d88,c4,c1,1259,i7,?,
1769749013.3355281,RECEIVED,917a638e-9c4c-4b34-a69f-caf3f852fdeb,9e2d93dc-e8d1-42ed-9dda-92775ab6c5af,c2,c3,1316,i8,?,
1769749013.3396537,SENT,a6d998e7-4b28-4f8b-bc29-d91ad3e89ad4,e6ece095-d3f0-4f45-a703-f62ba5f8f2a0,c4,DROP,442,?,x7,
1769749013.339691,FORWARDED,a6d998e7-4b28-4f8b-bc29-d91ad3e89ad4,e6ece095-d3f0-4f45-a703-f62ba5f8f2a0,c4,DROP,442,?,x7,
1769749013.3637452,SENT,5595fe56-63c0-4962-9b6f-8fd3dd569670,39907c20-a948-415b-8212-8dd95c66cc25,c1,None,772,?,p1,
1769749013.363786,FORWARDED,5595fe56-63c0-4962-9b6f-8fd3dd569670,39907c20-a948-415b-8212-8dd95c66cc25,c1,None,772,?,p1,
1769749013.410234,SENT,917a638e-9c4c-4b34-a69f-caf3f852fdeb,9e2d93dc-e8d1-42ed-9dda-92775ab6c5af,c2,c3,915,?,p3,
1769749013.410272,FORWARDED,917a638e-9c4c-4b34-a69f-caf3f852fdeb,9e2d93dc-e8d1-42ed-9dda-92775ab6c5af,c2,c3,915,?,p3,
1769749013.4724393,RECEIVED,c359674b-c7f0-4bf5-9db3-575a1d6ddab3,4b56db11-574b-405d-a179-9aeb0272cd1a,c4,DROP,680,i11,?,
1769749013.5216358,SENT,e5ea6000-99ca-4e57-99a9-4f80a0a14320,74af25e9-6077-4f2d-8c0e-6c22da110d88,c4,c1,871,?,p1,
1769749013.5216732,FORWARDED,e5ea6000-99ca-4e57-99a9-4f80a0a14320,74af25e9-6077-4f2d-8c0e-6c22da110d88,c4,c1,871,?,p1,
1769749013.5447195,SENT,c359674b-c7f0-4bf5-9db3-575a1d6ddab3,4b56db11-574b-405d-a179-9aeb0272cd1a,c4,DROP,438,?,e6,
1769749013.5447586,FORWARDED,c359674b-c7f0-4bf5-9db3-575a1d6ddab3,4b56db11-574b-405d-a179-9aeb0272cd1a,c4,DROP,438,?,e6,
1769749013.6310394,RECEIVED,8a527d8e-1513-4d01-b6b4-f65f35be7a1a,37e67334-7d46-4c79-8251-1282052a8178,c3,DROP,683,i6,?,
1769749013.7221782,RECEIVED,12b0b26b-41ac-4aca-a856-cdc8b61c6646,096ea9dd-ab1f-44d6-bcd9-14f541c071ee,c2,DROP,684,i9,?,
1769749013.9439518,RECEIVED,a87e1132-e7c9-4176-bce7-31f760ae396d,1b76e656-6f5d-4dbb-b13a-bf799ea7d118,c5,DROP,687,i2,?,
1769749014.1918554,SENT,8a527d8e-1513-4d01-b6b4-f65f35be7a1a,37e67334-7d46-4c79-8251-1282052a8178,c3,DROP,441,?,i5,
1769749014.191898,FORWARDED,8a527d8e-1513-4d01-b6b4-f65f35be7a1a,37e67334-7d46-4c79-8251-1282052a8178,c3,DROP,441,?,i5,
1769749014.2722814,RECEIVED,11a86515-0b60-4a96-87c9-681fe6bb3b6e,4dbc886d-177a-4c77-8c1f-c385bdfced7e,c2,None,1128,i3,?,
1769749014.3846736,SENT,11a86515-0b60-4a96-87c9-681fe6bb3b6e,4dbc886d-177a-4c77-8c1f-c385bdfced7e,c2,None,772,?,p3,
1769749014.3847187,FORWARDED,11a86515-0b60-4a96-87c9-681fe6bb3b6e,4dbc886d-177a-4c77-8c1f-c385bdfced7e,c2,None,772,?,p3,
1769749014.4379718,RECEIVED,570af9e1-d751-4cf6-bebb-6ca76e368555,da72999e-3e5b-4579-aa76-254cde0f470f,c2,None,1127,i7,?,
1769749014.4819555,FORWARDED,12b0b26b-41ac-4aca-a856-cdc8b61c6646,096ea9dd-ab1f-44d6-bcd9-14f541c071ee,c2,DROP,441,?,i10,
1769749014.5128138,RECEIVED,1c021fe3-c604-4d62-b0a2-b906bc5e214e,2c44c91b-954d-4390-a48d-a99005c337df,c4,DROP,439,x5,?,
1769749014.6917098,RECEIVED,8da8a666-45f8-4030-be1f-be9e949d10b9,5e735aef-aef7-4a02-8425-86e25a1f31e5,c3,DROP,682,i9,?,
1769749014.8328469,RECEIVED,806df4c3-6c4b-44df-8de1-6761a0581f47,7f312f62-b1d2-4071-b008-bf1915cdf888,c3,DROP,688,i4,?,
1769749014.9329913,RECEIVED,21767fbd-270a-49b4-affa-b54c4108dc53,46adf053-b354-458c-9f69-b1594e15bbe3,c2,DROP,688,i7,?,
1769749015.0162263,RECEIVED,13bbf489-1a22-4990-b636-0b4f2400bb4d,b9ed7ddd-ef77-43c0-8011-a323ae197d76,c2,DROP,688,i9,?,
1769749015.0382574,SENT,806df4c3-6c4b-44df-8de1-6761a0581f47,7f312f62-b1d2-4071-b008-bf1915cdf888,c3,DROP,443,?,x1,
1769749015.0382998,FORWARDED,806df4c3-6c4b-44df-8de1-6761a0581f47,7f312f62-b1d2-4071-b008-bf1915cdf888,c3,DROP,443,?,x1,
1769749015.1666095,RECEIVED,4a1f0cca-49b8-484f-bb78-a7d173699529,8ed6fb2a-fe51-4021-8a19-f4ba406053e6,c3,DROP,681,i9,?,
1769749015.1865897,SENT,21767fbd-270a-49b4-affa-b54c4108dc53,46adf053-b354-458c-9f69-b1594e15bbe3,c2,DROP,444,?,i5,
1769749015.1866407,FORWARDED,21767fbd-270a-49b4-affa-b54c4108dc53,46adf053-b354-458c-9f69-b1594e15bbe3,c2,DROP,444,?,i5,
1769749015.2132967,SENT,13bbf489-1a22-4990-b636-0b4f2400bb4d,b9ed7ddd-ef77-43c0-8011-a323ae197d76,c2,DROP,442,?,i6,
1769749015.213334,FORWARDED,13bbf489-1a22-4990-b636-0b4f2400bb4d,b9ed7ddd-ef77-43c0-8011-a323ae197d76,c2,DROP,442,?,i6,
1769749015.3235927,SENT,570af9e1-d751-4cf6-bebb-6ca76e368555,da72999e-3e5b-4579-aa76-254cde0f470f,c2,None,772,?,p3,
1769749015.3236349,FORWARDED,570af9e1-d751-4cf6-bebb-6ca76e368555,da72999e-3e5b-4579-aa76-254cde0f470f,c2,None,772,?,p3,
1769749015.4563603,SENT,a87e1132-e7c9-4176-bce7-31f760ae396d,1b76e656-6f5d-4dbb-b13a-bf799ea7d118,c5,DROP,442,?,e3,
1769749015.4564006,FORWARDED,a87e1132-e7c9-4176-bce7-31f760ae396d,1b76e656-6f5d-4dbb-b13a-bf799ea7d118,c5,DROP,442,?,e3,
1769749015.546981,RECEIVED,f6dadbe1-810f-49f3-b1da-802aa602e15f,5d63f514-96a7-404c-9289-485ca4e01549,c3,None,1131,i8,?,
1769749015.5831742,RECEIVED,02a354c8-2c0e-4714-8ec4-ea209079e72c,5b017416-eeae-4947-b0aa-5402cdeead1a,c1,DROP,441,x9,?,
1769749015.61977,SENT,f6dadbe1-810f-49f3-b1da-802aa602e15f,5d63f514-96a7-404c-9289-485ca4e01549,c3,None,775,?,p2,
1769749015.6198118,FORWARDED,f6dadbe1-810f-49f3-b1da-802aa602e15f,5d63f514-96a7-404c-9289-485ca4e01549,c3,None,775,?,p2,
1769749015.6721504,SENT,4a1f0cca-49b8-484f-bb78-a7d173699529,8ed6fb2a-fe51-4021-8a19-f4ba406053e6,c3,DROP,441,?,e3,
1769749015.6721919,FORWARDED,4a1f0cca-49b8-484f-bb78-a7d173699529,8ed6fb2a-fe51-4021-8a19-f4ba406053e6,c3,DROP,441,?,e3,
1769749015.6945357,SENT,8da8a666-45f8-4030-be1f-be9e949d10b9,5e735aef-aef7-4a02-8425-86e25a1f31e5,c3,DROP,440,?,e4,
1769749015.6945791,FORWARDED,8da8a666-45f8-4030-be1f-be9e949d10b9,5e735aef-aef7-4a02-8425-86e25a1f31e5,c3,DROP,440,?,e4,
1769749015.8414695,RECEIVED,b7c3bf8c-fb8f-4fb5-ba98-d3a0e0ef2520,405ff277-81e6-4921-9028-0a49129bdc52,c3,None,1127,i4,?,
1769749015.916797,RECEIVED,636553b0-10e4-4cb2-847f-460f03133264,1ff31874-03af-43ca-a977-ff61551bfcf8,c1,c5,1259,i9,?,
1769749016.0012996,RECEIVED,3de15de8-a653-4fc6-b0a9-584d0811f0d1,b4102456-b9d9-4c8e-894c-6a5e4aaab389,c1,DROP,683,i8,?,
1769749016.1587644,RECEIVED,e403740e-3c06-4cf7-93e3-22d61b4bc495,59e74cae-1532-45cf-b68d-eb1037b6e1e8,c3,None,1123,i8,?,
1769749016.1890352,RECEIVED,7fa3a480-d93e-435e-8005-7ebdf4167f6f,29864d44-4611-4f03-8527-40978eea9ac4,c3,None,1131,i5,?,
1769749016.371132,RECEIVED,aa3badb3-aec3-48be-bbee-7f47a644e48a,1a7499a3-b342-4e00-b332-fe52a9ac764d,c3,None,1127,i3,?,
1769749016.3888257,RECEIVED,691c10c3-a49b-4087-b476-2d1d4de4e8f9,96c2a9c4-e325-417a-b564-7a386c4a7e39,c2,None,1123,i7,?,
1769749016.3922756,RECEIVED,5a17fbed-ca93-4d98-8ee2-1f5fd6dfad65,5848f486-26b8-473f-aa11-06e1648e6e01,c2,DROP,684,i1,?,
1769749016.4577715,RECEIVED,ac48b852-dbc7-406b-8dd7-6c6110b296ad,238ebdde-9a9c-468d-b195-1a345bd3d82b,c3,None,1131,i6,?,
1769749016.4989674,SENT,b7c3bf8c-fb8f-4fb5-ba98-d3a0e0ef2520,405ff277-81e6-4921-9028-0a49129bdc52,c3,None,772,?,p2,
1769749016.4990153,FORWARDED,b7c3bf8c-fb8f-4fb5-ba98-d3a0e0ef2520,405ff277-81e6-4921-9028-0a49129bdc52,c3,None,772,?,p2,
1769749016.5187984,SENT,636553b0-10e4-4cb2-847f-460f03133264,1ff31874-03af-43ca-a977-ff61551bfcf8,c1,c5,872,?,p2,
1769749016.5188382,FORWARDED,636553b0-10e4-4cb2-847f-460f03133264,1ff31874-03af-43ca-a977-ff61551bfcf8,c1,c5,872,?,p2,
1769749016.5349672,RECEIVED,54a326b4-bcc7-4dde-b6b9-4670e509de71,6435bbea-2e27-4ae0-bca6-661c29d82e86,c2,DROP,441,x3,?,
1769749016.5895557,SENT,5a17fbed-ca93-4d98-8ee2-1f5fd6dfad65,5848f486-26b8-473f-aa11-06e1648e6e01,c2,DROP,441,?,i4,
1769749016.5895922,FORWARDED,5a17fbed-ca93-4d98-8ee2-1f5fd6dfad65,5848f486-26b8-473f-aa11-06e1648e6e01,c2,DROP,441,?,i4,
1769749016.5906599,RECEIVED,405facca-64cf-4fac-bac1-77149456e318,2ebb5675-2d6a-4eb8-9f53-f7e4b4659e87,c3,c2,1259,i11,?,
1769749016.6510837,SENT,7fa3a480-d93e-435e-8005-7ebdf4167f6f,29864d44-4611-4f03-8527-40978eea9ac4,c3,None,776,?,p2,
1769749016.651126,FORWARDED,7fa3a480-d93e-435e-8005-7ebdf4167f6f,29864d44-4611-4f03-8527-40978eea9ac4,c3,None,776,?,p2,
1769749016.6917043,SENT,e403740e-3c06-4cf7-93e3-22d61b4bc495,59e74cae-1532-45cf-b68d-eb1037b6e1e8,c3,None,771,?,p2,
1769749016.6917531,FORWARDED,e403740e-3c06-4cf7-93e3-22d61b4bc495,59e74cae-1532-45cf-b68d-eb1037b6e1e8,c3,None,771,?,p2,
1769749016.779272,RECEIVED,e331a7f0-f0ac-4d32-90e5-2d11dcdba9ca,9f84923e-5bfc-4ca9-978f-751df5d7902e,c4,c1,1252,i5,?,
1769749016.8226428,RECEIVED,c2291789-b89f-4f7b-b4a7-0343b89ebf4d,027750a7-3306-4625-a6d9-d3970d3e10d5,c3,DROP,684,i2,?,
1769749016.856752,RECEIVED,c90a5074-7c55-485a-b828-c6fbe603b154,9dcdfa8a-a47b-4350-ac3f-51f07cfc26b8,c3,c2,1324,i1,?,
1769749016.907316,RECEIVED,e7033fc4-3106-4cc6-b13b-c2d5cb0c8b8a,dbe40309-2182-41de-bc72-71bb68c1cc69,c5,DROP,683,i12,?,
1769749016.9419608,SENT,c90a5074-7c55-485a-b828-c6fbe603b154,9dcdfa8a-a47b-4350-ac3f-51f07cfc26b8,c3,c2,920,?,p2,
1769749016.942001,FORWARDED,c90a5074-7c55-485a-b828-c6fbe603b154,9dcdfa8a-a47b-4350-ac3f-51f07cfc26b8,c3,c2,920,?,p2,
1769749016.9624891,SENT,e331a7f0-f0ac-4d32-90e5-2d11dcdba9ca,9f84923e-5bfc-4ca9-978f-751df5d7902e,c4,c1,867,?,p1,
1769749016.9625318,FORWARDED,e331a7f0-f0ac-4d32-90e5-2d11dcdba9ca,9f84923e-5bfc-4ca9-978f-751df5d7902e,c4,c1,867,?,p1,
1769749016.9956894,SENT,c2291789-b89f-4f7b-b4a7-0343b89ebf4d,027750a7-3306-4625-a6d9-d3970d3e10d5,c3,DROP,441,?,e3,
1769749016.9957314,FORWARDED,c2291789-b89f-4f7b-b4a7-0343b89ebf4d,027750a7-3306-4625-a6d9-d3970d3e10d5,c3,DROP,441,?,e3,
1769749017.0339618,RECEIVED,98be078a-7b67-4555-8e4e-6a2a4d993e8d,86ab479b-fdf4-4cd1-8774-0fb78eb733c6,c4,c1,1316,i7,?,
1769749017.1050954,SENT,98be078a-7b67-4555-8e4e-6a2a4d993e8d,86ab479b-fdf4-4cd1-8774-0fb78eb733c6,c4,c1,914,?,p1,
1769749017.105141,FORWARDED,98be078a-7b67-4555-8e4e-6a2a4d993e8d,86ab479b-fdf4-4cd1-8774-0fb78eb733c6,c4,c1,914,?,p1,
1769749017.3020356,RECEIVED,714006d5-7eec-4aee-9a2b-1dcbe501094d,1be86bf6-a105-468c-b95d-570ab14fce90,c3,DROP,687,i8,?,
1769749017.3269281,SENT,3de15de8-a653-4fc6-b0a9-584d0811f0d1,b4102456-b9d9-4c8e-894c-6a5e4aaab389,c1,DROP,440,?,e4,
1769749017.3269722,FORWARDED,3de15de8-a653-4fc6-b0a9-584d0811f0d1,b4102456-b9d9-4c8e-894c-6a5e4aaab389,c1,DROP,440,?,e4,
1769749017.363506,RECEIVED,b16c4e33-8c5f-42dc-8a89-f82cfbc6e233,48c6e159-3a88-4733-b45f-b510b6c2520e,c1,DROP,680,i9,?,
1769749017.4802244,SENT,aa3badb3-aec3-48be-bbee-7f47a644e48a,1a7499a3-b342-4e00-b332-fe52a9ac764d,c3,None,774,?,p2,
1769749017.480265,FORWARDED,aa3badb3-aec3-48be-bbee-7f47a644e48a,1a7499a3-b342-4e00-b332-fe52a9ac764d,c3,None,774,?,p2,
1769749017.5237143,SENT,e7033fc4-3106-4cc6-b13b-c2d5cb0c8b8a,dbe40309-2182-41de-bc72-71bb68c1cc69,c5,DROP,441,?,e4,
1769749017.523754,FORWARDED,e7033fc4-3106-4cc6-b13b-c2d5cb0c8b8a,dbe40309-2182-41de-bc72-71bb68c1cc69,c5,DROP,441,?,e4,
1769749017.558217,RECEIVED,cde63091-412e-4a5a-b3d1-927d54cb838b,24120dca-7881-438e-9c7d-dd11b1637241,c1,DROP,687,i1,?,
1769749017.5804176,SENT,714006d5-7eec-4aee-9a2b-1dcbe501094d,1be86bf6-a105-468c-b95d-570ab14fce90,c3,DROP,442,?,e1,
1769749017.5804586,FORWARDED,714006d5-7eec-4aee-9a2b-1dcbe501094d,1be86bf6-a105-468c-b95d-570ab14fce90,c3,DROP,442,?,e1,
1769749017.5915558,RECEIVED,ff0a6dbc-a472-490f-bc2b-5756b5b8dc1e,6d59ea5d-8a6e-4057-9135-69970a244460,c3,c2,1264,i8,?,
1769749017.6213973,RECEIVED,076fd3b2-cae5-4494-adc5-9596fc875a32,5526adcb-d670-4401-be02-6b6c4280d69c,c1,DROP,688,i7,?,
1769749017.6953425,RECEIVED,0c0619da-761c-48f3-baf4-419c832e4e77,20f129f0-82b0-4fbf-9703-587be02a80ee,c3,c2,1256,i3,?,
1769749017.7275634,RECEIVED,cb5f4a02-1a58-43e6-88f5-de53155371c2,0af1963f-b34c-448d-9d55-59a6fc2210d5,c2,DROP,442,x4,?,
1769749017.7278852,SENT,691c10c3-a49b-4087-b476-2d1d4de4e8f9,96c2a9c4-e325-417a-b564-7a386c4a7e39,c2,None,771,?,p3,
1769749017.7279232,FORWARDED,691c10c3-a49b-4087-b476-2d1d4de4e8f9,96c2a9c4-e325-417a-b564-7a386c4a7e39,c2,None,771,?,p3,
1769749017.7509089,RECEIVED,74c679af-ca2c-41cf-8ebf-2077e213f068,326db0b9-3a8b-4467-8c58-6050e14907a3,c5,DROP,442,x6,?,
1769749017.781106,SENT,b16c4e33-8c5f-42dc-8a89-f82cfbc6e233,48c6e159-3a88-4733-b45f-b510b6c2520e,c1,DROP,437,?,x7,
1769749017.7811458,FORWARDED,b16c4e33-8c5f-42dc-8a89-f82cfbc6e233,48c6e159-3a88-4733-b45f-b510b6c2520e,c1,DROP,437,?,x7,
1769749017.8180256,SENT,ff0a6dbc-a472-490f-bc2b-5756b5b8dc1e,6d59ea5d-8a6e-4057-9135-69970a244460,c3,c2,874,?,p2,
1769749017.8180788,FORWARDED,ff0a6dbc-a472-490f-bc2b-5756b5b8dc1e,6d59ea5d-8a6e-4057-9135-69970a244460,c3,c2,874,?,p2,
1769749017.8431098,RECEIVED,763a0f7b-a6b1-4af8-a2dc-b599b369479f,ab16f461-4e9a-4dea-b2a8-a043713d055d,c3,c2,1258,i8,?,
1769749017.8867364,SENT,ac48b852-dbc7-406b-8dd7-6c6110b296ad,238ebdde-9a9c-468d-b195-1a345bd3d82b,c3,None,775,?,p2,
1769749017.8867755,FORWARDED,ac48b852-dbc7-406b-8dd7-6c6110b296ad,238ebdde-9a9c-468d-b195-1a345bd3d82b,c3,None,775,?,p2,
1769749017.921202,SENT,0c0619da-761c-48f3-baf4-419c832e4e77,20f129f0-82b0-4fbf-9703-587be02a80ee,c3,c2,868,?,p2,
1769749017.921239,FORWARDED,0c0619da-761c-48f3-baf4-419c832e4e77,20f129f0-82b0-4fbf-9703-587be02a80ee,c3,c2,868,?,p2,
1769749018.0759313,SENT,076fd3b2-cae5-4494-adc5-9596fc875a32,5526adcb-d670-4401-be02-6b6c4280d69c,c1,DROP,442,?,x2,
1769749018.0759728,FORWARDED,076fd3b2-cae5-4494-adc5-9596fc875a32,5526adcb-d670-4401-be02-6b6c4280d69c,c1,DROP,442,?,x2,
1769749018.2271996,SENT,cde63091-412e-4a5a-b3d1-927d54cb838b,24120dca-7881-438e-9c7d-dd11b1637241,c1,DROP,443,?,x4,
1769749018.227239,FORWARDED,cde63091-412e-4a5a-b3d1-927d54cb838b,24120dca-7881-438e-9c7d-dd11b1637241,c1,DROP,443,?,x4,
1769749018.4304352,RECEIVED,023f48a1-a203-4a81-a138-c6722e96bb31,1a1d7729-91a6-4fe0-86ee-f259fe9e077b,c1,DROP,442,x2,?,
1769749018.506923,SENT,405facca-64cf-4fac-bac1-77149456e318,2ebb5675-2d6a-4eb8-9f53-f7e4b4659e87,c3,c2,872,?,p2,
1769749018.506961,FORWARDED,405facca-64cf-4fac-bac1-77149456e318,2ebb5675-2d6a-4eb8-9f53-f7e4b4659e87,c3,c2,872,?,p2,
1769749018.8857255,RECEIVED,a52bc029-26a7-45bc-a415-ea056ffe1046,b670b7ca-b50f-4103-8031-b129709bf5cf,c1,None,1128,i12,?,
1769749018.9621081,RECEIVED,49c2c84d-9e92-4e28-896c-2bcb47234d6c,c91a11a7-cd41-4208-8f8c-aeb2192cb720,c2,DROP,680,i7,?,
1769749019.0364583,RECEIVED,a5fdd734-ef1e-43e7-aa23-cfceec3b5b49,0729a2ef-9b1e-4d94-9f3a-689b3f60df69,c3,c2,1311,i4,?,
1769749019.0446508,SENT,49c2c84d-9e92-4e28-896c-2bcb47234d6c,c91a11a7-cd41-4208-8f8c-aeb2192cb720,c2,DROP,438,?,i2,
1769749019.0447037,FORWARDED,49c2c84d-9e92-4e28-896c-2bcb47234d6c,c91a11a7-cd41-4208-8f8c-aeb2192cb720,c2,DROP,438,?,i2,
1769749019.0911856,RECEIVED,942511a5-6be8-473a-9a1b-f7268ceb4af2,050728e7-e13a-47a6-8f05-daae769c82b8,c2,DROP,693,i6,?,
1769749019.1123295,RECEIVED,d19431e4-60dd-440f-a920-054729bae96f,619e41eb-6b2c-46b9-9628-0cc2e4374e80,c4,DROP,687,i3,?,
1769749019.2630603,SENT,763a0f7b-a6b1-4af8-a2dc-b599b369479f,ab16f461-4e9a-4dea-b2a8-a043713d055d,c3,c2,872,?,p2,
1769749019.2631009,FORWARDED,763a0f7b-a6b1-4af8-a2dc-b599b369479f,ab16f461-4e9a-4dea-b2a8-a043713d055d,c3,c2,872,?,p2,
1769749019.299495,SENT,942511a5-6be8-473a-9a1b-f7268ceb4af2,050728e7-e13a-47a6-8f05-daae769c82b8,c2,DROP,445,?,x11,
1769749019.2995346,FORWARDED,942511a5-6be8-473a-9a1b-f7268ceb4af2,050728e7-e13a-47a6-8f05-daae769c82b8,c2,DROP,445,?,x11,
1769749019.3136575,SENT,a52bc029-26a7-45bc-a415-ea056ffe1046,b670b7ca-b50f-4103-8031-b129709bf5cf,c1,None,772,?,p1,
1769749019.313697,FORWARDED,a52bc029-26a7-45bc-a415-ea056ffe1046,b670b7ca-b50f-4103-8031-b129709bf5cf,c1,None,772,?,p1,
1769749019.3573494,RECEIVED,e8fc7ef5-7ee4-453c-bf53-a8259529e7d7,df2cb777-3c16-4bd6-b264-4fab08ea663d,c1,c5,1260,i2,?,
1769749019.3998833,RECEIVED,76142725-c000-4d2a-a2a1-7afc9a0e02d1,e2a4317e-fded-49cf-9771-300adff3a290,c3,None,1132,i8,?,
1769749019.4004247,RECEIVED,5b2f99e6-6c4a-4728-b92b-f846fb9540e4,e988b33d-4ac4-4280-b2b4-1bf470b6afa3,c5,DROP,684,i7,?,
1769749019.4560587,SENT,e8fc7ef5-7ee4-453c-bf53-a8259529e7d7,df2cb777-3c16-4bd6-b264-4fab08ea663d,c1,c5,871,?,p2,
1769749019.4561005,FORWARDED,e8fc7ef5-7ee4-453c-bf53-a8259529e7d7,df2cb777-3c16-4bd6-b264-4fab08ea663d,c1,c5,871,?,p2,
1769749019.4926832,SENT,76142725-c000-4d2a-a2a1-7afc9a0e02d1,e2a4317e-fded-49cf-9771-300adff3a290,c3,None,777,?,p2,
1769749019.4927247,FORWARDED,76142725-c000-4d2a-a2a1-7afc9a0e02d1,e2a4317e-fded-49cf-9771-300adff3a290,c3,None,777,?,p2,
1769749019.5299673,SENT,a5fdd734-ef1e-43e7-aa23-cfceec3b5b49,0729a2ef-9b1e-4d94-9f3a-689b3f60df69,c3,c2,911,?,p2,
1769749019.5300212,FORWARDED,a5fdd734-ef1e-43e7-aa23-cfceec3b5b49,0729a2ef-9b1e-4d94-9f3a-689b3f60df69,c3,c2,911,?,p2,
1769749019.6170392,SENT,5b2f99e6-6c4a-4728-b92b-f846fb9540e4,e988b33d-4ac4-4280-b2b4-1bf470b6afa3,c5,DROP,441,?,x6,
1769749019.6171098,FORWARDED,5b2f99e6-6c4a-4728-b92b-f846fb9540e4,e988b33d-4ac4-4280-b2b4-1bf470b6afa3,c5,DROP,441,?,x6,
1769749019.662964,SENT,d19431e4-60dd-440f-a920-054729bae96f,619e41eb-6b2c-46b9-9628-0cc2e4374e80,c4,DROP,442,?,i1,
1769749019.6629963,FORWARDED,d19431e4-60dd-440f-a920-054729bae96f,619e41eb-6b2c-46b9-9628-0cc2e4374e80,c4,DROP,442,?,i1,
1769749019.7554586,RECEIVED,6043257c-7b2c-4fd3-a1e7-dc9ffa7631f3,437ed49d-1b70-41ff-a730-bb2d0e86ae0c,c5,None,1131,i1,?,
1769749019.7964354,RECEIVED,39a14741-69bb-4a50-98b1-e60a2acb66f9,6f4ca02b-086e-4075-8c7f-8aea1eeed622,c1,DROP,684,i9,?,
1769749019.841951,RECEIVED,0013858e-4741-430e-b094-271b00d7832d,64a19957-f336-43ba-b7c2-8745bbb0fa53,c3,DROP,441,x9,?,
1769749019.8668137,RECEIVED,917486c0-a315-40a0-aad7-6a9d48117376,da167316-22e6-4a53-806f-474066719170,c5,DROP,688,i1,?,
1769749019.9331374,SENT,39a14741-69bb-4a50-98b1-e60a2acb66f9,6f4ca02b-086e-4075-8c7f-8aea1eeed622,c1,DROP,441,?,i7,
1769749019.9331765,FORWARDED,39a14741-69bb-4a50-98b1-e60a2acb66f9,6f4ca02b-086e-4075-8c7f-8aea1eeed622,c1,DROP,441,?,i7,
1769749020.050718,RECEIVED,8145d252-5faa-49a4-91ce-a844e66a4639,74834d31-a12c-40e5-9d7b-a7860b49816b,c4,DROP,691,i12,?,
1769749020.0528038,SENT,917486c0-a315-40a0-aad7-6a9d48117376,da167316-22e6-4a53-806f-474066719170,c5,DROP,442,?,x2,
1769749020.0529583,FORWARDED,917486c0-a315-40a0-aad7-6a9d48117376,da167316-22e6-4a53-806f-474066719170,c5,DROP,442,?,x2,
1769749020.096852,RECEIVED,520c2c8e-804a-4bd5-9ee9-48684b85a087,9d214e4d-2a0b-4caa-b7e9-e7ba053299a1,c5,None,1132,i3,?,
1769749020.1034179,RECEIVED,79b35054-ccce-40b6-ad98-b8f744092529,3108b499-6cf8-440f-b0f2-94a110f32eaa,c4,DROP,441,x7,?,
1769749020.195794,RECEIVED,23d0a9e7-ca38-46ea-974c-9f86254d6168,0cb2254a-600a-48eb-84c8-5fd23af32042,c4,DROP,441,x7,?,
1769749020.2087948,SENT,520c2c8e-804a-4bd5-9ee9-48684b85a087,9d214e4d-2a0b-4caa-b7e9-e7ba053299a1,c5,None,775,?,p1,
1769749020.2088363,FORWARDED,520c2c8e-804a-4bd5-9ee9-48684b85a087,9d214e4d-2a0b-4caa-b7e9-e7ba053299a1,c5,None,775,?,p1,
1769749020.3591456,SENT,6043257c-7b2c-4fd3-a1e7-dc9ffa7631f3,437ed49d-1b70-41ff-a730-bb2d0e86ae0c,c5,None,776,?,p1,
1769749020.3591862,FORWARDED,6043257c-7b2c-4fd3-a1e7-dc9ffa7631f3,437ed49d-1b70-41ff-a730-bb2d0e86ae0c,c5,None,776,?,p1,
1769749020.4160192,RECEIVED,13b3c665-ad1b-461a-bfba-3d6b1b25d6b4,87211abe-2d6d-48f8-8f64-4ffb5b88231b,c5,c3,1263,i11,?,
1769749020.596705,RECEIVED,60b176c2-b0f1-4a3c-a42e-12883001bb58,8686d949-3844-4424-a90c-3a7888286d77,c2,DROP,687,i11,?,
1769749020.6784282,SENT,13b3c665-ad1b-461a-bfba-3d6b1b25d6b4,87211abe-2d6d-48f8-8f64-4ffb5b88231b,c5,c3,875,?,p3,
1769749020.678467,FORWARDED,13b3c665-ad1b-461a-bfba-3d6b1b25d6b4,87211abe-2d6d-48f8-8f64-4ffb5b88231b,c5,c3,875,?,p3,
1769749020.7864559,RECEIVED,dd728225-54bd-420a-b26b-b07b4f810f1f,4fcb54b4-cd73-4e6c-b865-857f006876af,c2,DROP,440,x2,?,
1769749020.8227613,SENT,8145d252-5faa-49a4-91ce-a844e66a4639,74834d31-a12c-40e5-9d7b-a7860b49816b,c4,DROP,445,?,x12,
1769749020.8230648,FORWARDED,8145d252-5faa-49a4-91ce-a844e66a4639,74834d31-a12c-40e5-9d7b-a7860b49816b,c4,DROP,445,?,x12,
1769749020.8325362,RECEIVED,ca2e2698-ff8f-4059-a873-0f91a1a08291,b7b879e7-131e-4aa4-8cae-fc4458505319,c5,DROP,687,i7,?,
1769749020.8623724,RECEIVED,7959e493-7a51-4881-a814-2063b38a73e0,8d888759-9a30-47cf-85a8-8089c15562ea,c2,DROP,687,i7,?,
1769749020.8917606,SENT,60b176c2-b0f1-4a3c-a42e-12883001bb58,8686d949-3844-4424-a90c-3a7888286d77,c2,DROP,442,?,e8,
1769749020.8918023,FORWARDED,60b176c2-b0f1-4a3c-a42e-12883001bb58,8686d949-3844-4424-a90c-3a7888286d77,c2,DROP,442,?,e8,
1769749021.0587873,RECEIVED,cad1f8c4-50a8-4be7-8120-b43510fe46e7,c51bf1b7-c62f-45a2-b5b6-3043448b6ed6,c4,c1,1252,i12,?,
1769749021.1091528,RECEIVED,594e07ab-7eb5-4602-88ba-7afc3a259c45,ad8d9c7d-2181-4cba-b290-997156923e66,c4,DROP,683,i9,?,
1769749021.1111982,RECEIVED,6086c261-bebd-4ec7-b5a6-406685bcfe43,59db3114-1aa7-4afa-bcd2-73f44e1f5515,c1,DROP,442,x1,?,
1769749021.1712983,SENT,ca2e2698-ff8f-4059-a873-0f91a1a08291,b7b879e7-131e-4aa4-8cae-fc4458505319,c5,DROP,442,?,e3,
1769749021.1713402,FORWARDED,ca2e2698-ff8f-4059-a873-0f91a1a08291,b7b879e7-131e-4aa4-8cae-fc4458505319,c5,DROP,442,?,e3,
1769749021.241979,RECEIVED,b850e58d-d12f-4d86-b850-28bd5f573e45,d146ee5d-caca-47e7-a6d5-df50d62f402b,c4,c1,1256,i7,?,
1769749021.291859,SENT,cad1f8c4-50a8-4be7-8120-b43510fe46e7,c51bf1b7-c62f-45a2-b5b6-3043448b6ed6,c4,c1,867,?,p1,
1769749021.2918966,FORWARDED,cad1f8c4-50a8-4be7-8120-b43510fe46e7,c51bf1b7-c62f-45a2-b5b6-3043448b6ed6,c4,c1,867,?,p1,
1769749021.2935772,RECEIVED,676023f5-d234-47a7-9faf-be72f83432f5,325533f8-0510-44cf-a754-ebb268d0ae87,c2,DROP,688,i12,?,
1769749021.3047936,SENT,b850e58d-d12f-4d86-b850-28bd5f573e45,d146ee5d-caca-47e7-a6d5-df50d62f402b,c4,c1,868,?,p1,
1769749021.3048375,FORWARDED,b850e58d-d12f-4d86-b850-28bd5f573e45,d146ee5d-caca-47e7-a6d5-df50d62f402b,c4,c1,868,?,p1,
1769749021.369873,SENT,7959e493-7a51-4881-a814-2063b38a73e0,8d888759-9a30-47cf-85a8-8089c15562ea,c2,DROP,442,?,i4,
1769749021.369912,FORWARDED,7959e493-7a51-4881-a814-2063b38a73e0,8d888759-9a30-47cf-85a8-8089c15562ea,c2,DROP,442,?,i4,
1769749021.394423,RECEIVED,97eec781-5dfa-4394-b1a4-52d04f056e12,1410c8fb-38a3-4417-a82e-6a1bc623f1af,c2,DROP,446,x12,?,
1769749021.395418,RECEIVED,1a46df5f-26f5-438d-897a-4d19446d356e,6749f668-7b30-4605-8b1e-cb4bffa35f5f,c5,c3,1251,i2,?,
1769749021.4429443,RECEIVED,e7c5c282-cff7-4250-9466-731de74d467d,d8b7b42f-9fd3-4868-a0e8-e24a6f241f0b,c2,DROP,687,i2,?,
1769749021.5462923,RECEIVED,99501f6d-b13e-4673-b98d-07db3aeb4cc1,e303a72e-e743-41bb-b117-61fc0c69f6a8,c3,None,1127,i3,?,
1769749021.5709233,RECEIVED,c5fd154e-fa04-4d58-ac1f-aebd23689443,7ee7bccd-e372-47ab-a7d8-01b684d53e56,c2,DROP,683,i12,?,
1769749021.6906033,SENT,594e07ab-7eb5-4602-88ba-7afc3a259c45,ad8d9c7d-2181-4cba-b290-997156923e66,c4,DROP,441,?,i2,
1769749021.6906452,FORWARDED,594e07ab-7eb5-4602-88ba-7afc3a259c45,ad8d9c7d-2181-4cba-b290-997156923e66,c4,DROP,441,?,i2,
1769749021.734154,SENT,e7c5c282-cff7-4250-9466-731de74d467d,d8b7b42f-9fd3-4868-a0e8-e24a6f241f0b,c2,DROP,442,?,e6,
1769749021.7341962,FORWARDED,e7c5c282-cff7-4250-9466-731de74d467d,d8b7b42f-9fd3-4868-a0e8-e24a6f241f0b,c2,DROP,442,?,e6,
1769749021.753149,SENT,676023f5-d234-47a7-9faf-be72f83432f5,325533f8-0510-44cf-a754-ebb268d0ae87,c2,DROP,443,?,i9,
1769749021.7531908,FORWARDED,676023f5-d234-47a7-9faf-be72f83432f5,325533f8-0510-44cf-a754-ebb268d0ae87,c2,DROP,443,?,i9,
1769749021.7540603,RECEIVED,b1464b50-fba3-48c6-9cb6-59c89bfd3644,d56f2416-2cc4-4e68-9b19-dd2896eddc2d,c3,DROP,683,i2,?,
1769749021.8597739,RECEIVED,2e619099-c96a-481b-bb99-23668cd4fa6a,3be0f207-5a97-42bb-8d34-13a255428e4d,c3,None,1128,i4,?,
1769749021.906011,SENT,c5fd154e-fa04-4d58-ac1f-aebd23689443,7ee7bccd-e372-47ab-a7d8-01b684d53e56,c2,DROP,441,?,e2,
1769749021.9060595,FORWARDED,c5fd154e-fa04-4d58-ac1f-aebd23689443,7ee7bccd-e372-47ab-a7d8-01b684d53e56,c2,DROP,441,?,e2,
1769749021.9833977,SENT,2e619099-c96a-481b-bb99-23668cd4fa6a,3be0f207-5a97-42bb-8d34-13a255428e4d,c3,None,772,?,p2,
1769749021.9834402,FORWARDED,2e619099-c96a-481b-bb99-23668cd4fa6a,3be0f207-5a97-42bb-8d34-13a255428e4d,c3,None,772,?,p2,
1769749022.0330923,RECEIVED,c5b32723-3d31-4d34-b4ad-3d8bc02b56b1,4c04767f-69d5-4aed-bf4f-e70c2a07c7d3,c1,None,1125,i7,?,
1769749022.0909522,SENT,c5b32723-3d31-4d34-b4ad-3d8bc02b56b1,4c04767f-69d5-4aed-bf4f-e70c2a07c7d3,c1,None,771,?,p1,
1769749022.0909967,FORWARDED,c5b32723-3d31-4d34-b4ad-3d8bc02b56b1,4c04767f-69d5-4aed-bf4f-e70c2a07c7d3,c1,None,771,?,p1,
1769749022.2428498,SENT,1a46df5f-26f5-438d-897a-4d19446d356e,6749f668-7b30-4605-8b1e-cb4bffa35f5f,c5,c3,867,?,p3,
1769749022.242893,FORWARDED,1a46df5f-26f5-438d-897a-4d19446d356e,6749f668-7b30-4605-8b1e-cb4bffa35f5f,c5,c3,867,?,p3,
1769749022.2668219,SENT,99501f6d-b13e-4673-b98d-07db3aeb4cc1,e303a72e-e743-41bb-b117-61fc0c69f6a8,c3,None,774,?,p2,
1769749022.266866,FORWARDED,99501f6d-b13e-4673-b98d-07db3aeb4cc1,e303a72e-e743-41bb-b117-61fc0c69f6a8,c3,None,774,?,p2,
1769749022.2692819,RECEIVED,3c1bbdf4-e371-4b9b-a03a-4c9ae78b7427,319a5988-7c73-4221-916d-2389ba773361,c3,c2,1311,i11,?,
1769749022.3436835,RECEIVED,5db5bf66-e83d-4a06-8aaa-fd197b8312c6,0ad8081c-fed9-4ae8-9c4f-a886f01312a4,c5,None,1131,i1,?,
1769749022.5653014,RECEIVED,bd9fafed-8c45-427e-bd12-024b9fedbe92,e9284b5f-fd38-4856-82d2-2c5d1395a2c9,c2,DROP,683,i3,?,
1769749022.6441882,RECEIVED,d61075bc-d061-4268-a1c8-1332a3529aa9,054bf664-3db3-43cd-bfb4-2246eee42257,c1,None,1127,i4,?,
1769749022.6536505,RECEIVED,ff562bdc-efb8-4c5e-9ae2-6e3963e1dbd8,5b87a0ce-5293-4ec0-9e80-16ec0bdbaff4,c2,DROP,689,i9,?,
1769749022.7591028,SENT,5db5bf66-e83d-4a06-8aaa-fd197b8312c6,0ad8081c-fed9-4ae8-9c4f-a886f01312a4,c5,None,776,?,p1,
1769749022.759143,FORWARDED,5db5bf66-e83d-4a06-8aaa-fd197b8312c6,0ad8081c-fed9-4ae8-9c4f-a886f01312a4,c5,None,776,?,p1,
1769749022.8302367,SENT,bd9fafed-8c45-427e-bd12-024b9fedbe92,e9284b5f-fd38-4856-82d2-2c5d1395a2c9,c2,DROP,441,?,e2,
1769749022.830272,FORWARDED,bd9fafed-8c45-427e-bd12-024b9fedbe92,e9284b5f-fd38-4856-82d2-2c5d1395a2c9,c2,DROP,441,?,e2,
1769749022.8549743,SENT,ff562bdc-efb8-4c5e-9ae2-6e3963e1dbd8,5b87a0ce-5293-4ec0-9e80-16ec0bdbaff4,c2,DROP,442,?,i11,
1769749022.8550165,FORWARDED,ff562bdc-efb8-4c5e-9ae2-6e3963e1dbd8,5b87a0ce-5293-4ec0-9e80-16ec0bdbaff4,c2,DROP,442,?,i11,
1769749022.9897017,RECEIVED,e2505235-1ad2-4919-9e69-dc58af8b71d2,f069c80b-590b-4521-a5cc-59c0f44cee15,c5,DROP,685,i4,?,
1769749023.0642607,RECEIVED,0235a105-4666-4f7f-b132-00f694f243a3,0162ddd6-45d5-4549-a240-f7f6f564fb49,c5,DROP,445,x12,?,
1769749023.1523786,SENT,d61075bc-d061-4268-a1c8-1332a3529aa9,054bf664-3db3-43cd-bfb4-2246eee42257,c1,None,772,?,p1,
1769749023.1524158,FORWARDED,d61075bc-d061-4268-a1c8-1332a3529aa9,054bf664-3db3-43cd-bfb4-2246eee42257,c1,None,772,?,p1,
1769749023.168922,SENT,e2505235-1ad2-4919-9e69-dc58af8b71d2,f069c80b-590b-4521-a5cc-59c0f44cee15,c5,DROP,440,?,x11,
1769749023.1689637,FORWARDED,e2505235-1ad2-4919-9e69-dc58af8b71d2,f069c80b-590b-4521-a5cc-59c0f44cee15,c5,DROP,440,?,x11,
1769749023.2577724,RECEIVED,8826d270-6642-46e4-9964-4ec7df755e35,dd3bc340-a12c-458f-8a27-a63b7003212a,c1,DROP,686,i9,?,
1769749023.2978199,SENT,3c1bbdf4-e371-4b9b-a03a-4c9ae78b7427,319a5988-7c73-4221-916d-2389ba773361,c3,c2,911,?,p2,
1769749023.2978559,FORWARDED,3c1bbdf4-e371-4b9b-a03a-4c9ae78b7427,319a5988-7c73-4221-916d-2389ba773361,c3,c2,911,?,p2,
1769749023.4121146,RECEIVED,9f915fbc-0113-42aa-be16-325883fff074,1a8d07ee-6753-4c67-bb4c-21441abc64d8,c5,DROP,441,x5,?,
1769749023.478436,RECEIVED,bab9251d-ff0f-4c6f-9622-8f7896991ef8,0f808d64-299c-402c-85d5-0346dda503b8,c3,None,1131,i8,?,
1769749023.5087821,RECEIVED,3bbf8836-f55f-48d0-bfcc-2f74bcc2fe3d,0c581e97-77ca-444f-8e3f-f56a8157de8c,c1,DROP,688,i3,?,
1769749023.510774,RECEIVED,166e6c95-42e8-4e51-82e8-7fbd2e448689,5fc6df36-85f5-4d37-b4c0-ae37a49bc4b9,c5,None,1133,i5,?,
1769749023.53223,SENT,b1464b50-fba3-48c6-9cb6-59c89bfd3644,d56f2416-2cc4-4e68-9b19-dd2896eddc2d,c3,DROP,441,?,i3,
1769749023.5322673,FORWARDED,b1464b50-fba3-48c6-9cb6-59c89bfd3644,d56f2416-2cc4-4e68-9b19-dd2896eddc2d,c3,DROP,441,?,i3,
1769749023.53708,SENT,166e6c95-42e8-4e51-82e8-7fbd2e448689,5fc6df36-85f5-4d37-b4c0-ae37a49bc4b9,c5,None,775,?,p1,
1769749023.5371184,FORWARDED,166e6c95-42e8-4e51-82e8-7fbd2e448689,5fc6df36-85f5-4d37-b4c0-ae37a49bc4b9,c5,None,775,?,p1,
1769749023.6554358,RECEIVED,a394c682-685e-4582-a483-7c06a6de598c,33801bd2-b613-4dc3-882f-1c6536c1e7fe,c2,None,1131,i9,?,
1769749023.7297819,RECEIVED,38a8dedd-effd-460d-aa58-6ccbc9ee36de,0ed289b5-d5d9-4cc4-9c29-d0e7ae80c29f,c5,DROP,682,i6,?,
1769749023.7307892,SENT,3bbf8836-f55f-48d0-bfcc-2f74bcc2fe3d,0c581e97-77ca-444f-8e3f-f56a8157de8c,c1,DROP,442,?,x11,
1769749023.7308285,FORWARDED,3bbf8836-f55f-48d0-bfcc-2f74bcc2fe3d,0c581e97-77ca-444f-8e3f-f56a8157de8c,c1,DROP,442,?,x11,
1769749023.770846,RECEIVED,aebcfa87-e4e2-42ed-a7d6-ff2395cff92f,19429501-f0ce-4aa2-813f-8042f331ca88,c5,DROP,685,i4,?,
1769749023.9048603,RECEIVED,5f6d74c1-387b-4411-94a2-e540ff19f8a6,0d2e25e2-d650-4042-b19f-1fd152e8bc75,c2,DROP,443,x6,?,
1769749024.0213017,SENT,aebcfa87-e4e2-42ed-a7d6-ff2395cff92f,19429501-f0ce-4aa2-813f-8042f331ca88,c5,DROP,441,?,x10,
1769749024.0214612,FORWARDED,aebcfa87-e4e2-42ed-a7d6-ff2395cff92f,19429501-f0ce-4aa2-813f-8042f331ca88,c5,DROP,441,?,x10,
1769749024.0670667,SENT,a394c682-685e-4582-a483-7c06a6de598c,33801bd2-b613-4dc3-882f-1c6536c1e7fe,c2,None,775,?,p3,
1769749024.0671089,FORWARDED,a394c682-685e-4582-a483-7c06a6de598c,33801bd2-b613-4dc3-882f-1c6536c1e7fe,c2,None,775,?,p3,
1769749024.181916,RECEIVED,250cf0de-dd2d-41c7-943b-9053dadc1bb9,40f203ca-b805-4460-b82a-0fe48bffce4d,c5,None,1132,i5,?,
1769749024.2568696,RECEIVED,47c2809e-0d2c-4857-9d0b-8456cf88693e,eb6dba67-556a-4cde-b527-18050bdf2955,c1,c5,1251,i7,?,
1769749024.3222067,RECEIVED,0b167927-ce51-4479-abb4-49cb39620dd0,5c09a798-0bcd-4c16-9a44-28e8c07d6ab2,c4,DROP,682,i6,?,
1769749024.322522,SENT,250cf0de-dd2d-41c7-943b-9053dadc1bb9,40f203ca-b805-4460-b82a-0fe48bffce4d,c5,None,775,?,p1,
1769749024.3231895,FORWARDED,250cf0de-dd2d-41c7-943b-9053dadc1bb9,40f203ca-b805-4460-b82a-0fe48bffce4d,c5,None,775,?,p1,
1769749024.323269,RECEIVED,9d6e62f0-740b-4a63-8cba-4c2ab7ce04c7,e69491e5-7c4b-4e71-83cc-4f3d1282be01,c3,DROP,689,i11,?,
1769749024.3342772,RECEIVED,115605b2-b4a2-4991-9e21-d2783e13f5cd,47eaf841-ee79-4acd-963a-5c56c95dccc8,c2,DROP,684,i5,?,
1769749024.3391953,SENT,38a8dedd-effd-460d-aa58-6ccbc9ee36de,0ed289b5-d5d9-4cc4-9c29-d0e7ae80c29f,c5,DROP,441,?,i7,
1769749024.339234,FORWARDED,38a8dedd-effd-460d-aa58-6ccbc9ee36de,0ed289b5-d5d9-4cc4-9c29-d0e7ae80c29f,c5,DROP,441,?,i7,
1769749024.3571608,SENT,9d6e62f0-740b-4a63-8cba-4c2ab7ce04c7,e69491e5-7c4b-4e71-83cc-4f3d1282be01,c3,DROP,443,?,x11,
1769749024.357201,FORWARDED,9d6e62f0-740b-4a63-8cba-4c2ab7ce04c7,e69491e5-7c4b-4e71-83cc-4f3d1282be01,c3,DROP,443,?,x11,
1769749024.4006958,RECEIVED,5277e5ab-06ad-4491-bd69-ad2224fc2bfc,81a023ed-00da-466e-9fc8-05a03b465353,c4,c1,1312,i12,?,
1769749024.5591247,RECEIVED,6a5e66cc-724b-4cbf-9255-1bead5fc18be,f41a123a-a0e2-44b1-87cb-b5125e9797fb,c3,DROP,687,i12,?,
1769749024.67385,RECEIVED,8bcc8aa1-2764-422b-a0a9-9bc2809832ee,6acd1501-4712-465e-a000-4d7ce862eada,c1,None,1132,i9,?,
1769749024.6758413,SENT,0b167927-ce51-4479-abb4-49cb39620dd0,5c09a798-0bcd-4c16-9a44-28e8c07d6ab2,c4,DROP,441,?,x7,
1769749024.6758807,FORWARDED,0b167927-ce51-4479-abb4-49cb39620dd0,5c09a798-0bcd-4c16-9a44-28e8c07d6ab2,c4,DROP,441,?,x7,
1769749024.798207,RECEIVED,d06c60a2-afdf-4674-8aa6-be831b0b3d60,087fcefe-27c3-40f9-a3a0-fc19e8220c5e,c5,DROP,684,i2,?,
1769749024.7985983,SENT,5277e5ab-06ad-4491-bd69-ad2224fc2bfc,81a023ed-00da-466e-9fc8-05a03b465353,c4,c1,912,?,p1,
1769749024.7986317,FORWARDED,5277e5ab-06ad-4491-bd69-ad2224fc2bfc,81a023ed-00da-466e-9fc8-05a03b465353,c4,c1,912,?,p1,
1769749024.8461514,SENT,47c2809e-0d2c-4857-9d0b-8456cf88693e,eb6dba67-556a-4cde-b527-18050bdf2955,c1,c5,867,?,p2,
1769749024.846188,FORWARDED,47c2809e-0d2c-4857-9d0b-8456cf88693e,eb6dba67-556a-4cde-b527-18050bdf2955,c1,c5,867,?,p2,
1769749024.85536,SENT,8bcc8aa1-2764-422b-a0a9-9bc2809832ee,6acd1501-4712-465e-a000-4d7ce862eada,c1,None,776,?,p1,
1769749024.8554015,FORWARDED,8bcc8aa1-2764-422b-a0a9-9bc2809832ee,6acd1501-4712-465e-a000-4d7ce862eada,c1,None,776,?,p1,
1769749024.920123,RECEIVED,0b8cece6-6d71-4215-8677-f2e0aa43190e,35deaf66-578f-4c23-9f25-cd7a7a6ba7b1,c4,DROP,684,i1,?,
1769749024.9292142,SENT,bab9251d-ff0f-4c6f-9622-8f7896991ef8,0f808d64-299c-402c-85d5-0346dda503b8,c3,None,775,?,p2,
1769749024.9292543,FORWARDED,bab9251d-ff0f-4c6f-9622-8f7896991ef8,0f808d64-299c-402c-85d5-0346dda503b8,c3,None,775,?,p2,
1769749024.9525404,SENT,8826d270-6642-46e4-9964-4ec7df755e35,dd3bc340-a12c-458f-8a27-a63b7003212a,c1,DROP,442,?,x7,
1769749024.9525795,FORWARDED,8826d270-6642-46e4-9964-4ec7df755e35,dd3bc340-a12c-458f-8a27-a63b7003212a,c1,DROP,442,?,x7,
1769749024.9762452,RECEIVED,c7ea4bee-10ff-44e1-b7d7-f663028316c2,8ba1592c-8618-4531-86c0-2745f54da616,c4,DROP,688,i11,?,
1769749024.9767587,RECEIVED,aded2bd7-1549-4c12-bd67-5fe603d9940f,c8a8e103-4e7a-49ab-8946-d50a9748f9e7,c1,DROP,684,i1,?,
1769749025.018807,SENT,c7ea4bee-10ff-44e1-b7d7-f663028316c2,8ba1592c-8618-4531-86c0-2745f54da616,c4,DROP,442,?,x6,
1769749025.0188606,FORWARDED,c7ea4bee-10ff-44e1-b7d7-f663028316c2,8ba1592c-8618-4531-86c0-2745f54da616,c4,DROP,442,?,x6,
1769749025.0236769,SENT,d06c60a2-afdf-4674-8aa6-be831b0b3d60,087fcefe-27c3-40f9-a3a0-fc19e8220c5e,c5,DROP,441,?,i5,
1769749025.0237174,FORWARDED,d06c60a2-afdf-4674-8aa6-be831b0b3d60,087fcefe-27c3-40f9-a3a0-fc19e8220c5e,c5,DROP,441,?,i5,
1769749025.0662827,SENT,115605b2-b4a2-4991-9e21-d2783e13f5cd,47eaf841-ee79-4acd-963a-5c56c95dccc8,c2,DROP,441,?,x10,
1769749025.066325,FORWARDED,115605b2-b4a2-4991-9e21-d2783e13f5cd,47eaf841-ee79-4acd-963a-5c56c95dccc8,c2,DROP,441,?,x10,
1769749025.1484046,SENT,aded2bd7-1549-4c12-bd67-5fe603d9940f,c8a8e103-4e7a-49ab-8946-d50a9748f9e7,c1,DROP,441,?,x9,
1769749025.1484456,FORWARDED,aded2bd7-1549-4c12-bd67-5fe603d9940f,c8a8e103-4e7a-49ab-8946-d50a9748f9e7,c1,DROP,441,?,x9,
1769749025.1937096,RECEIVED,ff010fe4-968e-487c-aab9-5024405baf55,6206d29c-1f17-4ced-8f8b-e73470836a27,c2,DROP,683,i4,?,
1769749025.2715547,RECEIVED,cfd6978d-9fc0-4988-8305-50fa1ba920ca,efc7054d-c892-4b6f-befd-94c467e4ef80,c4,DROP,441,x7,?,
1769749025.3161564,SENT,6a5e66cc-724b-4cbf-9255-1bead5fc18be,f41a123a-a0e2-44b1-87cb-b5125e9797fb,c3,DROP,442,?,e2,
1769749025.316199,FORWARDED,6a5e66cc-724b-4cbf-9255-1bead5fc18be,f41a123a-a0e2-44b1-87cb-b5125e9797fb,c3,DROP,442,?,e2,
1769749025.338004,RECEIVED,4b7fa287-7efa-476b-bcc6-1780e22c381d,457f3978-4cc2-42b7-9f2b-9080a0a463fc,c1,c5,1252,i6,?,
1769749025.416756,SENT,0b8cece6-6d71-4215-8677-f2e0aa43190e,35deaf66-578f-4c23-9f25-cd7a7a6ba7b1,c4,DROP,441,?,i11,
1769749025.4167967,FORWARDED,0b8cece6-6d71-4215-8677-f2e0aa43190e,35deaf66-578f-4c23-9f25-cd7a7a6ba7b1,c4,DROP,441,?,i11,
1769749025.7662334,RECEIVED,29f47e58-0f30-4bf6-bdec-53576f3af71c,7f01ff8e-6045-4c27-a4c8-0789d19d21c8,c1,DROP,682,i3,?,
1769749025.7957428,SENT,4b7fa287-7efa-476b-bcc6-1780e22c381d,457f3978-4cc2-42b7-9f2b-9080a0a463fc,c1,c5,867,?,p2,
1769749025.7957819,FORWARDED,4b7fa287-7efa-476b-bcc6-1780e22c381d,457f3978-4cc2-42b7-9f2b-9080a0a463fc,c1,c5,867,?,p2,
1769749025.980567,SENT,ff010fe4-968e-487c-aab9-5024405baf55,6206d29c-1f17-4ced-8f8b-e73470836a27,c2,DROP,441,?,x9,
1769749025.9806013,FORWARDED,ff010fe4-968e-487c-aab9-5024405baf55,6206d29c-1f17-4ced-8f8b-e73470836a27,c2,DROP,441,?,x9,
1769749026.0412514,RECEIVED,ba7cd2d3-b492-4e56-a6b5-07feda112df9,0d1e02ac-dc2f-4de0-83b9-43476708f588,c4,DROP,688,i12,?,
1769749026.1338236,RECEIVED,711c4a49-d8de-4078-8bec-61218bb31bc6,587a93fe-2040-43d1-8865-031f3a083658,c3,c2,1260,i4,?,
1769749026.2003145,SENT,ba7cd2d3-b492-4e56-a6b5-07feda112df9,0d1e02ac-dc2f-4de0-83b9-43476708f588,c4,DROP,442,?,x6,
1769749026.2014353,FORWARDED,ba7cd2d3-b492-4e56-a6b5-07feda112df9,0d1e02ac-dc2f-4de0-83b9-43476708f588,c4,DROP,442,?,x6,
1769749026.2883637,SENT,29f47e58-0f30-4bf6-bdec-53576f3af71c,7f01ff8e-6045-4c27-a4c8-0789d19d21c8,c1,DROP,441,?,e3,
1769749026.2884037,FORWARDED,29f47e58-0f30-4bf6-bdec-53576f3af71c,7f01ff8e-6045-4c27-a4c8-0789d19d21c8,c1,DROP,441,?,e3,
1769749026.314877,RECEIVED,75b9a0d7-e86a-481a-b68e-374c3fe3e8a8,24e2f4a2-45a4-4403-819b-ef22a2280c9d,c3,None,1120,i7,?,
1769749026.348792,SENT,711c4a49-d8de-4078-8bec-61218bb31bc6,587a93fe-2040-43d1-8865-031f3a083658,c3,c2,872,?,p2,
1769749026.348826,FORWARDED,711c4a49-d8de-4078-8bec-61218bb31bc6,587a93fe-2040-43d1-8865-031f3a083658,c3,c2,872,?,p2,
1769749026.373252,SENT,75b9a0d7-e86a-481a-b68e-374c3fe3e8a8,24e2f4a2-45a4-4403-819b-ef22a2280c9d,c3,None,767,?,p2,
1769749026.373295,FORWARDED,75b9a0d7-e86a-481a-b68e-374c3fe3e8a8,24e2f4a2-45a4-4403-819b-ef22a2280c9d,c3,None,767,?,p2,
1769749026.642721,RECEIVED,18402df6-466a-4768-93a7-71d6c140f9c7,0faa088e-b482-4f4b-b60c-c2a44354d369,c2,DROP,683,i2,?,
1769749026.6924787,RECEIVED,ec670087-bf16-4055-ae51-c0a81bdad4fc,56b10e18-c0a9-4d0c-b8ea-8cc8439d80c2,c2,DROP,441,x4,?,
1769749026.7561188,RECEIVED,3d9becac-e354-48bb-ae13-d9584d3fb7cc,727c9d6c-d25a-43ec-8787-d3a09b24dcad,c5,DROP,441,x9,?,
1769749026.7731428,RECEIVED,cae6fe02-9eb5-4f32-a15d-2798eee98d8b,06fb5ae4-1c35-46db-8ec0-1c6118aea8dd,c3,DROP,684,i7,?,
1769749026.9092753,RECEIVED,5a4927a1-b1a6-4731-aa69-bdfe76b857d3,19a2ef7b-cfeb-4c42-8d4c-b9de97de8beb,c3,DROP,687,i7,?,
1769749027.1659534,RECEIVED,9999426f-2194-4c74-bb68-616cfb45182e,f9e03501-9de5-4b80-a879-38f8cef77a00,c5,DROP,684,i9,?,
1769749027.1905174,SENT,5a4927a1-b1a6-4731-aa69-bdfe76b857d3,19a2ef7b-cfeb-4c42-8d4c-b9de97de8beb,c3,DROP,444,?,e2,
1769749027.1905575,FORWARDED,5a4927a1-b1a6-4731-aa69-bdfe76b857d3,19a2ef7b-cfeb-4c42-8d4c-b9de97de8beb,c3,DROP,444,?,e2,
1769749027.2917662,SENT,18402df6-466a-4768-93a7-71d6c140f9c7,0faa088e-b482-4f4b-b60c-c2a44354d369,c2,DROP,441,?,i7,
1769749027.2918031,FORWARDED,18402df6-466a-4768-93a7-71d6c140f9c7,0faa088e-b482-4f4b-b60c-c2a44354d369,c2,DROP,441,?,i7,
1769749027.352924,RECEIVED,10681ca9-23d0-486b-8941-e75feb09481d,5abc856f-4713-49d9-93ae-bdd8ba1bc4e8,c5,DROP,441,x3,?,
1769749027.3937438,RECEIVED,8877aab6-aeab-46a0-95db-320c8f31716b,756b7255-0962-45f2-9f87-73cbe8d21875,c2,None,1127,i6,?,
1769749027.4386964,SENT,cae6fe02-9eb5-4f32-a15d-2798eee98d8b,06fb5ae4-1c35-46db-8ec0-1c6118aea8dd,c3,DROP,441,?,i11,
1769749027.438735,FORWARDED,cae6fe02-9eb5-4f32-a15d-2798eee98d8b,06fb5ae4-1c35-46db-8ec0-1c6118aea8dd,c3,DROP,441,?,i11,
1769749027.7220933,RECEIVED,a86a1424-08f7-4b40-8c2a-813ca14ce57f,1209b312-8fd1-42f5-b748-3b73e4df51a9,c3,c2,1261,i1,?,
1769749027.7955894,SENT,a86a1424-08f7-4b40-8c2a-813ca14ce57f,1209b312-8fd1-42f5-b748-3b73e4df51a9,c3,c2,871,?,p2,
1769749027.795631,FORWARDED,a86a1424-08f7-4b40-8c2a-813ca14ce57f,1209b312-8fd1-42f5-b748-3b73e4df51a9,c3,c2,871,?,p2,
1769749027.8903372,RECEIVED,6280d3c1-3dc6-480d-b265-e6eacfa8b128,b77f982f-f003-402b-a0c0-56b0a0b999a6,c3,DROP,690,i12,?,
1769749027.905414,RECEIVED,157a39ab-71b5-4b8d-bb38-4c1f2f00d07e,757ac458-3276-4381-b997-143b0db0a2f3,c3,DROP,684,i11,?,
1769749027.9136622,SENT,9999426f-2194-4c74-bb68-616cfb45182e,f9e03501-9de5-4b80-a879-38f8cef77a00,c5,DROP,441,?,x12,
1769749027.9137018,FORWARDED,9999426f-2194-4c74-bb68-616cfb45182e,f9e03501-9de5-4b80-a879-38f8cef77a00,c5,DROP,441,?,x12,
1769749027.9257338,RECEIVED,6e9f520e-555a-46e4-b6dc-ffb04756b87f,e00014c5-04f9-4590-839c-38e3f55c4e71,c1,DROP,446,x12,?,
1769749028.1595154,RECEIVED,e6c31fb4-5ff2-4cdc-9559-73d23ee7fc12,c9308d51-d864-4d22-9df8-9cfc0b2cd088,c2,c3,1259,i12,?,
1769749028.2916617,SENT,8877aab6-aeab-46a0-95db-320c8f31716b,756b7255-0962-45f2-9f87-73cbe8d21875,c2,None,772,?,p3,
1769749028.2917054,FORWARDED,8877aab6-aeab-46a0-95db-320c8f31716b,756b7255-0962-45f2-9f87-73cbe8d21875,c2,None,772,?,p3,
1769749028.2989578,SENT,157a39ab-71b5-4b8d-bb38-4c1f2f00d07e,757ac458-3276-4381-b997-143b0db0a2f3,c3,DROP,441,?,e9,
1769749028.2989984,FORWARDED,157a39ab-71b5-4b8d-bb38-4c1f2f00d07e,757ac458-3276-4381-b997-143b0db0a2f3,c3,DROP,441,?,e9,
1769749028.494774,RECEIVED,1ec17fd7-4e64-4408-8b9d-64f5f5d390ae,13ddd312-d390-4591-9908-dfd348aac28f,c2,None,1123,i9,?,
1769749028.525032,RECEIVED,6e2730e3-28c8-47a3-9adf-8c693556989f,14c93838-a537-4e70-8cb9-648721f54d10,c4,DROP,684,i12,?,
1769749028.6296463,RECEIVED,c54b0cfd-a937-48ba-b001-1ef1d4ca33f1,8bc353f9-7e04-4a59-aa3a-1b5364fe5e0c,c5,DROP,684,i9,?,
1769749028.6440296,SENT,6e2730e3-28c8-47a3-9adf-8c693556989f,14c93838-a537-4e70-8cb9-648721f54d10,c4,DROP,441,?,i2,
1769749028.644081,FORWARDED,6e2730e3-28c8-47a3-9adf-8c693556989f,14c93838-a537-4e70-8cb9-648721f54d10,c4,DROP,441,?,i2,
1769749028.6975691,SENT,e6c31fb4-5ff2-4cdc-9559-73d23ee7fc12,c9308d51-d864-4d22-9df8-9cfc0b2cd088,c2,c3,872,?,p3,
1769749028.6976082,FORWARDED,e6c31fb4-5ff2-4cdc-9559-73d23ee7fc12,c9308d51-d864-4d22-9df8-9cfc0b2cd088,c2,c3,872,?,p3,
1769749028.7573335,FORWARDED,c54b0cfd-a937-48ba-b001-1ef1d4ca33f1,8bc353f9-7e04-4a59-aa3a-1b5364fe5e0c,c5,DROP,441,?,i10,
1769749028.7604308,RECEIVED,bb2b0b93-2609-450b-bdd9-90e62367b61f,09ef13fc-15b5-4859-97a5-38747283d082,c1,DROP,683,i6,?,
1769749028.8711147,RECEIVED,317bcb67-ee4d-4a42-b868-05e9e577df3f,a96a0962-9388-4ada-bb05-a097ca56d497,c3,c2,1260,i3,?,
1769749028.9712481,RECEIVED,04b44a65-eb4e-4427-ae2b-1ad7aa60559f,c0cbf667-c0f7-41b2-8c82-f0e806a37b80,c2,DROP,684,i8,?,
1769749029.0373828,RECEIVED,5d5667ee-b153-4c37-9d5d-1136ed3b921d,d7472012-4875-49fe-9d7f-65d8ac8ad7ab,c2,DROP,688,i1,?,
1769749029.1342065,SENT,317bcb67-ee4d-4a42-b868-05e9e577df3f,a96a0962-9388-4ada-bb05-a097ca56d497,c3,c2,872,?,p2,
1769749029.1342483,FORWARDED,317bcb67-ee4d-4a42-b868-05e9e577df3f,a96a0962-9388-4ada-bb05-a097ca56d497,c3,c2,872,?,p2,
1769749029.2015505,SENT,1ec17fd7-4e64-4408-8b9d-64f5f5d390ae,13ddd312-d390-4591-9908-dfd348aac28f,c2,None,770,?,p3,
1769749029.2015944,FORWARDED,1ec17fd7-4e64-4408-8b9d-64f5f5d390ae,13ddd312-d390-4591-9908-dfd348aac28f,c2,None,770,?,p3,
1769749029.2069552,RECEIVED,233c1265-02fa-43f3-8a7c-3c71bf32967b,09dd2b50-f3c7-410a-a148-d5d1f7113ced,c3,c2,1263,i12,?,
1769749029.226797,RECEIVED,baa725db-1b94-4133-9bfe-4cb9ea1e9a44,001be7dd-036c-4441-ae09-fabf61650181,c2,c3,1263,i12,?,
1769749029.3005862,RECEIVED,b5012f16-1501-4e3c-b9a8-e036fcb2cc6e,4e7d888e-2c41-4820-b817-3ce1305b28ed,c1,None,1124,i4,?,
1769749029.3680425,SENT,b5012f16-1501-4e3c-b9a8-e036fcb2cc6e,4e7d888e-2c41-4820-b817-3ce1305b28ed,c1,None,771,?,p1,
1769749029.3683696,FORWARDED,b5012f16-1501-4e3c-b9a8-e036fcb2cc6e,4e7d888e-2c41-4820-b817-3ce1305b28ed,c1,None,771,?,p1,
1769749029.3959365,SENT,6280d3c1-3dc6-480d-b265-e6eacfa8b128,b77f982f-f003-402b-a0c0-56b0a0b999a6,c3,DROP,445,?,x5,
1769749029.3959768,FORWARDED,6280d3c1-3dc6-480d-b265-e6eacfa8b128,b77f982f-f003-402b-a0c0-56b0a0b999a6,c3,DROP,445,?,x5,
1769749029.429233,RECEIVED,44d248a1-7384-49c4-ab50-8414210e49f7,b027fa37-ad4f-4fc6-91c4-ef92db5d1d7b,c1,DROP,687,i7,?,
1769749029.459959,SENT,5d5667ee-b153-4c37-9d5d-1136ed3b921d,d7472012-4875-49fe-9d7f-65d8ac8ad7ab,c2,DROP,442,?,i9,
1769749029.4599965,FORWARDED,5d5667ee-b153-4c37-9d5d-1136ed3b921d,d7472012-4875-49fe-9d7f-65d8ac8ad7ab,c2,DROP,442,?,i9,
1769749029.4652615,RECEIVED,526bdd95-221b-4702-bb07-5e81fb6fcd73,0711063d-1b1d-4268-8489-e90abc1860ef,c3,None,1131,i6,?,
1769749029.5739625,RECEIVED,6ccbf232-15ce-4c05-8181-8271cf617246,20adc295-5e2e-42ef-9565-1d9a274af6a6,c1,c5,1311,i7,?,
1769749029.6793127,RECEIVED,d6e64441-f7ed-49f7-bdb7-b31c5c6192ec,aa1ebd29-76b8-458d-8753-eb85a88fb0c9,c3,DROP,442,x5,?,
1769749029.7158246,FORWARDED,04b44a65-eb4e-4427-ae2b-1ad7aa60559f,c0cbf667-c0f7-41b2-8c82-f0e806a37b80,c2,DROP,441,?,i10,
1769749029.7478225,RECEIVED,b7c4cfec-ce7e-46c4-9ff9-c6ee29830e07,4a33f423-9040-4912-b3cb-c20b94126d6e,c5,DROP,684,i8,?,
1769749029.7680094,SENT,baa725db-1b94-4133-9bfe-4cb9ea1e9a44,001be7dd-036c-4441-ae09-fabf61650181,c2,c3,876,?,p3,
1769749029.7680588,FORWARDED,baa725db-1b94-4133-9bfe-4cb9ea1e9a44,001be7dd-036c-4441-ae09-fabf61650181,c2,c3,876,?,p3,
1769749029.804451,RECEIVED,58185af8-b166-49bf-b99c-6e4d25906e23,2f76a1bb-d9fb-401f-8dd9-864013057672,c3,DROP,441,x7,?,
1769749029.861115,RECEIVED,5c927d2d-8d68-42ba-ad95-c299febfa109,0dec422c-8184-44f3-90ff-94e9a82df77a,c4,c1,1259,i7,?,
1769749029.9818544,SENT,233c1265-02fa-43f3-8a7c-3c71bf32967b,09dd2b50-f3c7-410a-a148-d5d1f7113ced,c3,c2,875,?,p2,
1769749029.9818945,FORWARDED,233c1265-02fa-43f3-8a7c-3c71bf32967b,09dd2b50-f3c7-410a-a148-d5d1f7113ced,c3,c2,875,?,p2,
1769749030.2727485,RECEIVED,7c8d691d-0a69-45fc-a5b8-87e90fd43bad,066a8756-117c-4c8e-915f-184981776bf7,c2,DROP,683,i9,?,
1769749030.280419,SENT,b7c4cfec-ce7e-46c4-9ff9-c6ee29830e07,4a33f423-9040-4912-b3cb-c20b94126d6e,c5,DROP,441,?,i12,
1769749030.2804592,FORWARDED,b7c4cfec-ce7e-46c4-9ff9-c6ee29830e07,4a33f423-9040-4912-b3cb-c20b94126d6e,c5,DROP,441,?,i12,
1769749030.3944807,SENT,6ccbf232-15ce-4c05-8181-8271cf617246,20adc295-5e2e-42ef-9565-1d9a274af6a6,c1,c5,911,?,p2,
1769749030.3945231,FORWARDED,6ccbf232-15ce-4c05-8181-8271cf617246,20adc295-5e2e-42ef-9565-1d9a274af6a6,c1,c5,911,?,p2,
1769749030.4048655,SENT,5c927d2d-8d68-42ba-ad95-c299febfa109,0dec422c-8184-44f3-90ff-94e9a82df77a,c4,c1,871,?,p1,
1769749030.4049065,FORWARDED,5c927d2d-8d68-42ba-ad95-c299febfa109,0dec422c-8184-44f3-90ff-94e9a82df77a,c4,c1,871,?,p1,
1769749030.4466822,RECEIVED,df9e2c69-1567-4b0a-a966-195621024da1,73fdbd53-d960-4cdc-930f-61f6109ac5ec,c4,DROP,442,x6,?,
1769749030.4999807,SENT,526bdd95-221b-4702-bb07-5e81fb6fcd73,0711063d-1b1d-4268-8489-e90abc1860ef,c3,None,775,?,p2,
1769749030.5000231,FORWARDED,526bdd95-221b-4702-bb07-5e81fb6fcd73,0711063d-1b1d-4268-8489-e90abc1860ef,c3,None,775,?,p2,
1769749030.6087854,RECEIVED,6e0c7dce-7cb4-40d0-9781-c3815ac48666,c709e095-d118-4906-ae5d-6723a4b83b7a,c3,DROP,686,i12,?,
1769749030.6347933,RECEIVED,ea71229c-85e8-419f-a014-f782b6d4cc9f,3e9efa92-cac2-426b-9f5c-65fc0f1bd955,c1,DROP,684,i7,?,
1769749030.678605,RECEIVED,57a0b701-a984-4c49-929d-1913b7348d39,de9f0728-45fb-4e8b-87ab-54283fb3e969,c5,c3,1262,i11,?,
1769749030.7045345,SENT,ea71229c-85e8-419f-a014-f782b6d4cc9f,3e9efa92-cac2-426b-9f5c-65fc0f1bd955,c1,DROP,441,?,x2,
1769749030.7045722,FORWARDED,ea71229c-85e8-419f-a014-f782b6d4cc9f,3e9efa92-cac2-426b-9f5c-65fc0f1bd955,c1,DROP,441,?,x2,
1769749030.8276684,RECEIVED,b14d33e5-0e2c-4cb6-8e98-9e73f63eafe1,5bc02680-45e9-46e3-859a-196e5e1450b9,c4,DROP,683,i7,?,
1769749030.8368845,RECEIVED,5dca43e8-af44-4913-b923-9d86d608a4ca,688c300f-2106-47ea-8ada-551751e7e645,c1,DROP,445,x11,?,
1769749030.847729,RECEIVED,d2adb413-b927-49cc-8ef9-50083d15e370,3dc43a01-d1bf-480b-8137-c358a39c13a5,c2,DROP,688,i1,?,
1769749030.9196918,RECEIVED,20d0bb04-0762-4335-b425-8dafe9a83304,e200d030-348d-4521-b8e5-7686f51bfb8a,c1,DROP,694,i12,?,
1769749030.972929,SENT,20d0bb04-0762-4335-b425-8dafe9a83304,e200d030-348d-4521-b8e5-7686f51bfb8a,c1,DROP,445,?,x11,
1769749030.972972,FORWARDED,20d0bb04-0762-4335-b425-8dafe9a83304,e200d030-348d-4521-b8e5-7686f51bfb8a,c1,DROP,445,?,x11,
1769749030.9773293,SENT,d2adb413-b927-49cc-8ef9-50083d15e370,3dc43a01-d1bf-480b-8137-c358a39c13a5,c2,DROP,442,?,e4,
1769749030.9773693,FORWARDED,d2adb413-b927-49cc-8ef9-50083d15e370,3dc43a01-d1bf-480b-8137-c358a39c13a5,c2,DROP,442,?,e4,
1769749031.0539312,SENT,7c8d691d-0a69-45fc-a5b8-87e90fd43bad,066a8756-117c-4c8e-915f-184981776bf7,c2,DROP,441,?,x2,
1769749031.053972,FORWARDED,7c8d691d-0a69-45fc-a5b8-87e90fd43bad,066a8756-117c-4c8e-915f-184981776bf7,c2,DROP,441,?,x2,
1769749031.071991,SENT,bb2b0b93-2609-450b-bdd9-90e62367b61f,09ef13fc-15b5-4859-97a5-38747283d082,c1,DROP,441,?,x2,
1769749031.0720322,FORWARDED,bb2b0b93-2609-450b-bdd9-90e62367b61f,09ef13fc-15b5-4859-97a5-38747283d082,c1,DROP,441,?,x2,
1769749031.0965276,RECEIVED,25f88aab-e2a0-4034-8ad4-dee3193d546f,683ec756-5fb3-4e14-8ccd-62f93339a374,c2,None,1131,i6,?,
1769749031.1267824,SENT,44d248a1-7384-49c4-ab50-8414210e49f7,b027fa37-ad4f-4fc6-91c4-ef92db5d1d7b,c1,DROP,443,?,x5,
1769749031.1268253,FORWARDED,44d248a1-7384-49c4-ab50-8414210e49f7,b027fa37-ad4f-4fc6-91c4-ef92db5d1d7b,c1,DROP,443,?,x5,
1769749031.1742668,SENT,b14d33e5-0e2c-4cb6-8e98-9e73f63eafe1,5bc02680-45e9-46e3-859a-196e5e1450b9,c4,DROP,441,?,e2,
1769749031.1743097,FORWARDED,b14d33e5-0e2c-4cb6-8e98-9e73f63eafe1,5bc02680-45e9-46e3-859a-196e5e1450b9,c4,DROP,441,?,e2,
1769749031.1872325,RECEIVED,b9721f29-dbd8-455b-a190-0c2fa13b539d,c49fbc68-311e-428e-9dff-29b4d9b27d22,c2,DROP,687,i2,?,
1769749031.2867036,RECEIVED,df032c2c-7253-46b7-adb5-15b06714e541,605ca114-ee34-44dc-9fbf-7e8a0036ea84,c5,DROP,441,x3,?,
1769749031.3423345,SENT,6e0c7dce-7cb4-40d0-9781-c3815ac48666,c709e095-d118-4906-ae5d-6723a4b83b7a,c3,DROP,442,?,x3,
1769749031.3423738,FORWARDED,6e0c7dce-7cb4-40d0-9781-c3815ac48666,c709e095-d118-4906-ae5d-6723a4b83b7a,c3,DROP,442,?,x3,
1769749031.4502132,RECEIVED,2529592c-c4e4-4d65-8a31-39adf4d8db7d,16a7a739-669c-4d5f-be0a-d50f26a64854,c1,DROP,687,i9,?,
1769749031.5094779,RECEIVED,756d2989-2b95-4ddd-864e-e7cd8d9a9966,c5e3e2f3-08fe-4c03-94b9-52d100af6082,c4,DROP,441,x3,?,
1769749031.5452855,RECEIVED,c993787f-5655-4ea1-b681-f5c5a46b25d4,7cd86363-0cc7-46ac-9d1a-9393d26af806,c1,DROP,683,i1,?,
1769749031.6181545,RECEIVED,a3e5c9c6-c53c-4e9c-a182-63b3528f1cb8,9f43a5b3-1ba1-4982-ad73-355345ab0657,c5,DROP,683,i8,?,
1769749031.7112076,SENT,b9721f29-dbd8-455b-a190-0c2fa13b539d,c49fbc68-311e-428e-9dff-29b4d9b27d22,c2,DROP,442,?,e7,
1769749031.711246,FORWARDED,b9721f29-dbd8-455b-a190-0c2fa13b539d,c49fbc68-311e-428e-9dff-29b4d9b27d22,c2,DROP,442,?,e7,
1769749031.7661366,RECEIVED,eace8815-c313-443e-9b4f-2fcef3546dad,ec1dc121-90cb-4231-b2c6-479832c7552b,c1,DROP,446,x10,?,
1769749031.8194356,SENT,a3e5c9c6-c53c-4e9c-a182-63b3528f1cb8,9f43a5b3-1ba1-4982-ad73-355345ab0657,c5,DROP,441,?,e9,
1769749031.8194838,FORWARDED,a3e5c9c6-c53c-4e9c-a182-63b3528f1cb8,9f43a5b3-1ba1-4982-ad73-355345ab0657,c5,DROP,441,?,e9,
1769749031.9226232,RECEIVED,2f8f3deb-ab93-4cea-8130-fa972906b540,5c9cef05-4073-41ff-ad7b-672d69a010df,c5,DROP,441,x6,?,
1769749032.0329514,SENT,2529592c-c4e4-4d65-8a31-39adf4d8db7d,16a7a739-669c-4d5f-be0a-d50f26a64854,c1,DROP,442,?,x2,
1769749032.0329926,FORWARDED,2529592c-c4e4-4d65-8a31-39adf4d8db7d,16a7a739-669c-4d5f-be0a-d50f26a64854,c1,DROP,442,?,x2,
1769749032.1248586,SENT,c993787f-5655-4ea1-b681-f5c5a46b25d4,7cd86363-0cc7-46ac-9d1a-9393d26af806,c1,DROP,441,?,e8,
1769749032.1248932,FORWARDED,c993787f-5655-4ea1-b681-f5c5a46b25d4,7cd86363-0cc7-46ac-9d1a-9393d26af806,c1,DROP,441,?,e8,
1769749032.1450737,RECEIVED,4b97dc91-cedc-477e-9443-d24a27c884dc,17b83281-2193-41bd-8bce-90a86a934b64,c1,c5,1260,i8,?,
1769749032.1924942,RECEIVED,ecf70f07-242f-4433-9009-b22c625c7f64,9d347aab-adea-4968-8d67-0892c55519ae,c2,DROP,441,x11,?,
1769749032.2060251,RECEIVED,de09140e-dc00-4e01-825c-ce88987ef7e4,c4ccbb72-fecf-4327-a33f-2003b717b006,c2,DROP,679,i12,?,
1769749032.2425127,RECEIVED,059d0729-cd2b-4e92-ad5f-8e912eee37ee,6cc17ecf-271d-47d3-ac7a-ff516a383097,c4,DROP,684,i2,?,
1769749032.3686252,SENT,25f88aab-e2a0-4034-8ad4-dee3193d546f,683ec756-5fb3-4e14-8ccd-62f93339a374,c2,None,775,?,p3,
1769749032.3686607,FORWARDED,25f88aab-e2a0-4034-8ad4-dee3193d546f,683ec756-5fb3-4e14-8ccd-62f93339a374,c2,None,775,?,p3,
1769749032.3998518,SENT,4b97dc91-cedc-477e-9443-d24a27c884dc,17b83281-2193-41bd-8bce-90a86a934b64,c1,c5,871,?,p2,
1769749032.3998926,FORWARDED,4b97dc91-cedc-477e-9443-d24a27c884dc,17b83281-2193-41bd-8bce-90a86a934b64,c1,c5,871,?,p2,
1769749032.4365766,SENT,059d0729-cd2b-4e92-ad5f-8e912eee37ee,6cc17ecf-271d-47d3-ac7a-ff516a383097,c4,DROP,441,?,i3,
1769749032.4366205,FORWARDED,059d0729-cd2b-4e92-ad5f-8e912eee37ee,6cc17ecf-271d-47d3-ac7a-ff516a383097,c4,DROP,441,?,i3,
1769749032.4411912,RECEIVED,3edc56fd-cf23-4c27-a2ce-625e30f01fce,9b887d73-f124-407b-b321-ef47b7b1db90,c3,DROP,684,i9,?,
1769749032.4680715,RECEIVED,67b0b71a-a562-4433-a193-52d560c618a2,7ea6559f-1d9f-4d48-bff2-4e84cc647e32,c3,DROP,688,i11,?,
1769749032.4815915,SENT,3edc56fd-cf23-4c27-a2ce-625e30f01fce,9b887d73-f124-407b-b321-ef47b7b1db90,c3,DROP,440,?,x3,
1769749032.4816315,FORWARDED,3edc56fd-cf23-4c27-a2ce-625e30f01fce,9b887d73-f124-407b-b321-ef47b7b1db90,c3,DROP,440,?,x3,
1769749032.7770896,RECEIVED,84b7c052-e7d9-4f13-80cd-a893cd11ee97,840f7a45-7ced-4a6a-b189-9b898d28995b,c1,None,1123,i4,?,
1769749032.8079944,RECEIVED,1f520277-2ff5-4cae-8be3-ef03ae52b848,03d1ee38-4eb0-4182-9b10-21ab11917e65,c5,None,1122,i5,?,
1769749032.8123605,RECEIVED,77971eac-48db-402e-beb3-e8b3d7c7d591,40146dc4-9a7f-4346-85e6-3c0ff98a2663,c3,DROP,441,x6,?,
1769749032.9373562,SENT,57a0b701-a984-4c49-929d-1913b7348d39,de9f0728-45fb-4e8b-87ab-54283fb3e969,c5,c3,874,?,p3,
1769749032.9373982,FORWARDED,57a0b701-a984-4c49-929d-1913b7348d39,de9f0728-45fb-4e8b-87ab-54283fb3e969,c5,c3,874,?,p3,
1769749032.9904819,RECEIVED,86f3c119-7f73-47ce-bd1d-3dacc5872b1c,efae5cef-9de2-49dd-83d3-859e6bf39fac,c3,c2,1310,i3,?,
1769749033.009515,SENT,de09140e-dc00-4e01-825c-ce88987ef7e4,c4ccbb72-fecf-4327-a33f-2003b717b006,c2,DROP,438,?,e3,
1769749033.0095563,FORWARDED,de09140e-dc00-4e01-825c-ce88987ef7e4,c4ccbb72-fecf-4327-a33f-2003b717b006,c2,DROP,438,?,e3,
1769749033.0397422,RECEIVED,78760483-4961-4cd9-a9aa-60f0b502cf33,526a60a0-e56d-4add-b4cf-dbe5a94263d3,c1,DROP,685,i1,?,
1769749033.1210182,SENT,78760483-4961-4cd9-a9aa-60f0b502cf33,526a60a0-e56d-4add-b4cf-dbe5a94263d3,c1,DROP,441,?,e6,
1769749033.1210673,FORWARDED,78760483-4961-4cd9-a9aa-60f0b502cf33,526a60a0-e56d-4add-b4cf-dbe5a94263d3,c1,DROP,441,?,e6,
1769749033.1427715,RECEIVED,cb6396f4-71de-4168-804e-adab67e6e5ef,f7b2f8dd-f7a4-448a-9777-e5aeeb25634e,c4,DROP,443,x7,?,
1769749033.4424558,RECEIVED,a029c4d1-82c6-4ff3-9735-3d40b19c7489,7df54591-e641-4022-b6f5-7dbac6f6405f,c5,DROP,692,i3,?,
1769749033.4732213,RECEIVED,e0d052ad-1483-473e-a083-2b0f4affccde,7bca9aae-d0d9-45f7-b9fd-6aa8e3669f09,c5,DROP,441,x2,?,
1769749033.5497048,SENT,84b7c052-e7d9-4f13-80cd-a893cd11ee97,840f7a45-7ced-4a6a-b189-9b898d28995b,c1,None,771,?,p1,
1769749033.5497441,FORWARDED,84b7c052-e7d9-4f13-80cd-a893cd11ee97,840f7a45-7ced-4a6a-b189-9b898d28995b,c1,None,771,?,p1,
1769749033.6382158,SENT,67b0b71a-a562-4433-a193-52d560c618a2,7ea6559f-1d9f-4d48-bff2-4e84cc647e32,c3,DROP,442,?,e10,
1769749033.6382551,FORWARDED,67b0b71a-a562-4433-a193-52d560c618a2,7ea6559f-1d9f-4d48-bff2-4e84cc647e32,c3,DROP,442,?,e10,
1769749033.658934,RECEIVED,e7274e2c-1e32-47a0-a53f-a302469b0297,19190bba-5af0-4723-aedc-ca5a63dc264f,c3,DROP,442,x9,?,
1769749033.7768989,RECEIVED,18d8140d-2b21-4496-93b1-d75e7f14143a,b18e45fc-2a98-47d3-9f64-3327a45a620d,c4,DROP,679,i3,?,
1769749033.820045,RECEIVED,82f20ced-4aa0-4b08-8474-c8f2d01684f4,b2d21852-cedf-4d26-b4ef-b5c8a5794251,c4,c1,1312,i7,?,
1769749033.9513457,SENT,82f20ced-4aa0-4b08-8474-c8f2d01684f4,b2d21852-cedf-4d26-b4ef-b5c8a5794251,c4,c1,912,?,p1,
1769749033.9513876,FORWARDED,82f20ced-4aa0-4b08-8474-c8f2d01684f4,b2d21852-cedf-4d26-b4ef-b5c8a5794251,c4,c1,912,?,p1,
1769749033.954392,RECEIVED,2bef935d-bd87-4ab0-b6b2-13862a12629e,61e6c732-331b-4686-975c-de9625dd6326,c5,DROP,684,i9,?,
1769749033.9708657,SENT,1f520277-2ff5-4cae-8be3-ef03ae52b848,03d1ee38-4eb0-4182-9b10-21ab11917e65,c5,None,771,?,p1,
1769749033.9709024,FORWARDED,1f520277-2ff5-4cae-8be3-ef03ae52b848,03d1ee38-4eb0-4182-9b10-21ab11917e65,c5,None,771,?,p1,
1769749034.0595958,RECEIVED,ac306f6a-46e0-4fc7-959f-ad916cf1cb6b,504ba833-c28e-448f-b6b9-ec8f217d6570,c5,DROP,688,i8,?,
1769749034.2953594,SENT,2bef935d-bd87-4ab0-b6b2-13862a12629e,61e6c732-331b-4686-975c-de9625dd6326,c5,DROP,440,?,x2,
1769749034.2954066,FORWARDED,2bef935d-bd87-4ab0-b6b2-13862a12629e,61e6c732-331b-4686-975c-de9625dd6326,c5,DROP,440,?,x2,
1769749034.3825583,RECEIVED,39201b98-948a-4258-9eea-432a6246f776,1ea19af6-520f-444f-b54f-159e967338ed,c2,c3,1320,i12,?,
1769749034.4295928,RECEIVED,027d923f-4e89-4ae9-af32-3501ed1cd093,f4e8019b-ed85-4128-8f56-eaadfd656a5e,c5,DROP,441,x6,?,
1769749034.4496171,FORWARDED,a029c4d1-82c6-4ff3-9735-3d40b19c7489,7df54591-e641-4022-b6f5-7dbac6f6405f,c5,DROP,446,?,i10,
1769749034.463273,SENT,ac306f6a-46e0-4fc7-959f-ad916cf1cb6b,504ba833-c28e-448f-b6b9-ec8f217d6570,c5,DROP,443,?,x4,
1769749034.4633155,FORWARDED,ac306f6a-46e0-4fc7-959f-ad916cf1cb6b,504ba833-c28e-448f-b6b9-ec8f217d6570,c5,DROP,443,?,x4,
1769749034.6195347,SENT,39201b98-948a-4258-9eea-432a6246f776,1ea19af6-520f-444f-b54f-159e967338ed,c2,c3,916,?,p3,
1769749034.6195786,FORWARDED,39201b98-948a-4258-9eea-432a6246f776,1ea19af6-520f-444f-b54f-159e967338ed,c2,c3,916,?,p3,
1769749034.6523058,RECEIVED,791ce6c3-d927-4b09-85a2-db5592019f56,481642f4-d46e-4a24-bf9c-39555690be11,c2,None,1132,i3,?,
1769749034.7002368,RECEIVED,eb98e657-06aa-4561-9603-ddedc7d7d45f,ee00df95-b7c4-4eb4-a0f6-f995dd626fa2,c2,c3,1320,i12,?,
1769749034.814555,SENT,eb98e657-06aa-4561-9603-ddedc7d7d45f,ee00df95-b7c4-4eb4-a0f6-f995dd626fa2,c2,c3,916,?,p3,
1769749034.8145947,FORWARDED,eb98e657-06aa-4561-9603-ddedc7d7d45f,ee00df95-b7c4-4eb4-a0f6-f995dd626fa2,c2,c3,916,?,p3,
1769749034.8290803,SENT,86f3c119-7f73-47ce-bd1d-3dacc5872b1c,efae5cef-9de2-49dd-83d3-859e6bf39fac,c3,c2,912,?,p2,
1769749034.829121,FORWARDED,86f3c119-7f73-47ce-bd1d-3dacc5872b1c,efae5cef-9de2-49dd-83d3-859e6bf39fac,c3,c2,912,?,p2,
1769749034.8477936,RECEIVED,fb1305cd-a827-4e4c-9d70-f3c58b5b24e3,2e9e6a70-31db-4d7b-962e-b8fe42d67376,c5,c3,1264,i7,?,
1769749034.858795,RECEIVED,8b547903-97a0-4bda-9e91-e0b3c2316728,cdbe33f1-21bb-4bcb-a95f-8c1c0e21e166,c3,c2,1319,i12,?,
1769749034.88332,SENT,791ce6c3-d927-4b09-85a2-db5592019f56,481642f4-d46e-4a24-bf9c-39555690be11,c2,None,776,?,p3,
1769749034.883359,FORWARDED,791ce6c3-d927-4b09-85a2-db5592019f56,481642f4-d46e-4a24-bf9c-39555690be11,c2,None,776,?,p3,
1769749034.9171114,RECEIVED,514f703d-8df6-4b39-bf5e-ec077f54277c,5f3f0ebe-574e-41cc-8d52-159a0ace69af,c5,c3,1256,i9,?,
1769749034.968788,SENT,fb1305cd-a827-4e4c-9d70-f3c58b5b24e3,2e9e6a70-31db-4d7b-962e-b8fe42d67376,c5,c3,875,?,p3,
1769749034.9688284,FORWARDED,fb1305cd-a827-4e4c-9d70-f3c58b5b24e3,2e9e6a70-31db-4d7b-962e-b8fe42d67376,c5,c3,875,?,p3,
1769749035.0064316,SENT,514f703d-8df6-4b39-bf5e-ec077f54277c,5f3f0ebe-574e-41cc-8d52-159a0ace69af,c5,c3,868,?,p3,
1769749035.0064664,FORWARDED,514f703d-8df6-4b39-bf5e-ec077f54277c,5f3f0ebe-574e-41cc-8d52-159a0ace69af,c5,c3,868,?,p3,
1769749035.085835,SENT,18d8140d-2b21-4496-93b1-d75e7f14143a,b18e45fc-2a98-47d3-9f64-3327a45a620d,c4,DROP,438,?,x2,
1769749035.085877,FORWARDED,18d8140d-2b21-4496-93b1-d75e7f14143a,b18e45fc-2a98-47d3-9f64-3327a45a620d,c4,DROP,438,?,x2,
1769749035.1148534,RECEIVED,0c0d8604-f425-4dfa-b6bc-91863136630e,42be2297-1004-4e7b-83cd-3521a6e95d99,c3,DROP,442,x4,?,
1769749035.2153778,RECEIVED,3c61a766-b3ba-4e19-83d5-47bca74615ca,77afde5e-5bb8-4dd4-8082-0f481ae866d7,c5,c3,1260,i4,?,
1769749035.279189,SENT,8b547903-97a0-4bda-9e91-e0b3c2316728,cdbe33f1-21bb-4bcb-a95f-8c1c0e21e166,c3,c2,916,?,p2,
1769749035.2794175,FORWARDED,8b547903-97a0-4bda-9e91-e0b3c2316728,cdbe33f1-21bb-4bcb-a95f-8c1c0e21e166,c3,c2,916,?,p2,
1769749035.3218293,RECEIVED,2f43d43d-f8bb-4bca-982f-718fe163a480,22d14477-1bb0-4a5f-beb2-11351a60a3bd,c4,DROP,687,i4,?,
1769749035.443087,RECEIVED,1f684ca2-d180-42f8-937f-6c6d2eef7b4c,a19a9780-1800-4718-889b-9a72ea395600,c1,None,1133,i6,?,
1769749035.484323,SENT,1f684ca2-d180-42f8-937f-6c6d2eef7b4c,a19a9780-1800-4718-889b-9a72ea395600,c1,None,775,?,p1,
1769749035.4843664,FORWARDED,1f684ca2-d180-42f8-937f-6c6d2eef7b4c,a19a9780-1800-4718-889b-9a72ea395600,c1,None,775,?,p1,
1769749035.5173018,RECEIVED,31353d41-7055-4457-844f-3fd1f9993703,138372ea-e071-4711-aa76-0dd960ba79e3,c2,c3,1261,i3,?,
1769749035.5762868,SENT,31353d41-7055-4457-844f-3fd1f9993703,138372ea-e071-4711-aa76-0dd960ba79e3,c2,c3,871,?,p3,
1769749035.576331,FORWARDED,31353d41-7055-4457-844f-3fd1f9993703,138372ea-e071-4711-aa76-0dd960ba79e3,c2,c3,871,?,p3,
1769749035.6168692,RECEIVED,eb2b4332-ff89-4075-ad13-56bf26d02285,cfcb484f-730e-4874-85ae-d7a427535f18,c4,DROP,688,i7,?,
1769749035.650128,SENT,3c61a766-b3ba-4e19-83d5-47bca74615ca,77afde5e-5bb8-4dd4-8082-0f481ae866d7,c5,c3,872,?,p3,
1769749035.6501687,FORWARDED,3c61a766-b3ba-4e19-83d5-47bca74615ca,77afde5e-5bb8-4dd4-8082-0f481ae866d7,c5,c3,872,?,p3,
1769749035.835534,SENT,eb2b4332-ff89-4075-ad13-56bf26d02285,cfcb484f-730e-4874-85ae-d7a427535f18,c4,DROP,442,?,i1,
1769749035.8355718,FORWARDED,eb2b4332-ff89-4075-ad13-56bf26d02285,cfcb484f-730e-4874-85ae-d7a427535f18,c4,DROP,442,?,i1,
1769749035.8805792,RECEIVED,5ef450b1-a3f9-4e56-928e-628f3390582d,4ce6d083-4a4b-4872-8ba7-1fdd23870748,c1,DROP,441,x3,?,
1769749036.1674893,RECEIVED,7db4d3d1-5482-41ad-92ed-fac700d749f8,7dffbe0e-49fb-4b90-bdfb-35e0e4e89504,c2,DROP,687,i4,?,
1769749036.2003272,RECEIVED,9e53db19-a264-49f2-be6f-2b1628e63d81,d5896bfb-8c93-412b-a8f5-ea653d2506d5,c4,DROP,689,i6,?,
1769749036.2485855,RECEIVED,626f9934-2524-4490-98e5-767a0d731ddf,5341cd26-3263-455e-9d9d-c84e91b5bc49,c5,c3,1267,i11,?,
1769749036.254816,SENT,2f43d43d-f8bb-4bca-982f-718fe163a480,22d14477-1bb0-4a5f-beb2-11351a60a3bd,c4,DROP,442,?,e4,
1769749036.2548528,FORWARDED,2f43d43d-f8bb-4bca-982f-718fe163a480,22d14477-1bb0-4a5f-beb2-11351a60a3bd,c4,DROP,442,?,e4,
1769749036.3062146,RECEIVED,f9009b8b-bb62-4aed-95c1-c8fd51619bfb,4878a8bd-ad01-4a06-9161-f9d132c04630,c2,DROP,683,i12,?,
1769749036.429231,RECEIVED,a346cac3-633c-4fb4-ae63-fcf0c96eacf6,a1717aed-2961-495b-bf5e-bdbb90375b5a,c1,c5,1260,i1,?,
1769749036.4501436,SENT,7db4d3d1-5482-41ad-92ed-fac700d749f8,7dffbe0e-49fb-4b90-bdfb-35e0e4e89504,c2,DROP,443,?,i6,
1769749036.4501781,FORWARDED,7db4d3d1-5482-41ad-92ed-fac700d749f8,7dffbe0e-49fb-4b90-bdfb-35e0e4e89504,c2,DROP,443,?,i6,
1769749036.4869225,SENT,9e53db19-a264-49f2-be6f-2b1628e63d81,d5896bfb-8c93-412b-a8f5-ea653d2506d5,c4,DROP,442,?,x12,
1769749036.4869635,FORWARDED,9e53db19-a264-49f2-be6f-2b1628e63d81,d5896bfb-8c93-412b-a8f5-ea653d2506d5,c4,DROP,442,?,x12,
1769749036.508866,RECEIVED,a5342e8f-3fe6-45cb-91e2-9291051f2202,6b207512-602f-48d8-a6f0-5b3a6db53b1c,c4,c1,1260,i2,?,
1769749036.5523837,SENT,a346cac3-633c-4fb4-ae63-fcf0c96eacf6,a1717aed-2961-495b-bf5e-bdbb90375b5a,c1,c5,872,?,p2,
1769749036.552425,FORWARDED,a346cac3-633c-4fb4-ae63-fcf0c96eacf6,a1717aed-2961-495b-bf5e-bdbb90375b5a,c1,c5,872,?,p2,
1769749036.6045563,RECEIVED,157e3873-b226-46e1-a60d-a28b18237eba,6cbb1dce-2dfb-4a39-bbe2-aa2e2d803945,c1,c5,1260,i3,?,
1769749036.6612341,SENT,157e3873-b226-46e1-a60d-a28b18237eba,6cbb1dce-2dfb-4a39-bbe2-aa2e2d803945,c1,c5,873,?,p2,
1769749036.6612763,FORWARDED,157e3873-b226-46e1-a60d-a28b18237eba,6cbb1dce-2dfb-4a39-bbe2-aa2e2d803945,c1,c5,873,?,p2,
1769749036.7007408,RECEIVED,7734a0a3-b6c5-41e1-9982-8f8cf9c2ebf4,8a7d74aa-49e4-4c64-931c-653b8853f92b,c3,None,1131,i12,?,
1769749036.7086284,SENT,a5342e8f-3fe6-45cb-91e2-9291051f2202,6b207512-602f-48d8-a6f0-5b3a6db53b1c,c4,c1,871,?,p1,
1769749036.7086725,FORWARDED,a5342e8f-3fe6-45cb-91e2-9291051f2202,6b207512-602f-48d8-a6f0-5b3a6db53b1c,c4,c1,871,?,p1,
1769749036.709041,RECEIVED,fb74b4e0-9a9c-41cf-b6f5-b0c0273ac83e,11e4e1bd-24bc-44ab-921a-6fcb2dd72206,c1,DROP,686,i11,?,
1769749036.7327764,RECEIVED,293d4f24-1d69-4640-bd85-ecf1134434cf,6ec6ac90-de86-4227-a2ef-c8a56b87079b,c3,None,1132,i9,?,
1769749036.815343,RECEIVED,1045ead8-05a1-435b-bccb-b8233650ab17,a89d2632-61eb-4d10-8771-e37b79c00e3d,c4,DROP,687,i6,?,
1769749036.816769,RECEIVED,6228dd96-84ad-4393-b02f-87bb97e6fb21,8825df13-3564-41e3-b573-c77d9f51870e,c4,DROP,687,i12,?,
1769749036.9172456,RECEIVED,0009b340-d76a-49a7-b58d-8c9c72f9033a,21f81212-4bac-46d8-bab5-0981f743f0e3,c5,c3,1323,i11,?,
1769749036.9617963,SENT,293d4f24-1d69-4640-bd85-ecf1134434cf,6ec6ac90-de86-4227-a2ef-c8a56b87079b,c3,None,776,?,p2,
1769749036.96184,FORWARDED,293d4f24-1d69-4640-bd85-ecf1134434cf,6ec6ac90-de86-4227-a2ef-c8a56b87079b,c3,None,776,?,p2,
1769749036.9663272,RECEIVED,c28216bf-da8f-4809-b579-fbd68ef0ae38,d3657767-3a39-42b6-927e-069cd2cf3a11,c3,DROP,688,i6,?,
1769749036.9700255,SENT,6228dd96-84ad-4393-b02f-87bb97e6fb21,8825df13-3564-41e3-b573-c77d9f51870e,c4,DROP,442,?,e1,
1769749036.9701302,FORWARDED,6228dd96-84ad-4393-b02f-87bb97e6fb21,8825df13-3564-41e3-b573-c77d9f51870e,c4,DROP,442,?,e1,
1769749037.0062687,SENT,0009b340-d76a-49a7-b58d-8c9c72f9033a,21f81212-4bac-46d8-bab5-0981f743f0e3,c5,c3,919,?,p3,
1769749037.0063105,FORWARDED,0009b340-d76a-49a7-b58d-8c9c72f9033a,21f81212-4bac-46d8-bab5-0981f743f0e3,c5,c3,919,?,p3,
1769749037.0143452,SENT,c28216bf-da8f-4809-b579-fbd68ef0ae38,d3657767-3a39-42b6-927e-069cd2cf3a11,c3,DROP,443,?,i2,
1769749037.014385,FORWARDED,c28216bf-da8f-4809-b579-fbd68ef0ae38,d3657767-3a39-42b6-927e-069cd2cf3a11,c3,DROP,443,?,i2,
1769749037.0359747,RECEIVED,402da200-e826-41e4-b2ec-91f32226d0ad,7b07262b-fe97-47cf-a6e1-b7b07411ec04,c3,c2,1263,i2,?,
1769749037.1292746,SENT,f9009b8b-bb62-4aed-95c1-c8fd51619bfb,4878a8bd-ad01-4a06-9161-f9d132c04630,c2,DROP,441,?,i3,
1769749037.1293135,FORWARDED,f9009b8b-bb62-4aed-95c1-c8fd51619bfb,4878a8bd-ad01-4a06-9161-f9d132c04630,c2,DROP,441,?,i3,
1769749037.2115548,SENT,1045ead8-05a1-435b-bccb-b8233650ab17,a89d2632-61eb-4d10-8771-e37b79c00e3d,c4,DROP,442,?,i2,
1769749037.2115932,FORWARDED,1045ead8-05a1-435b-bccb-b8233650ab17,a89d2632-61eb-4d10-8771-e37b79c00e3d,c4,DROP,442,?,i2,
1769749037.2267501,SENT,7734a0a3-b6c5-41e1-9982-8f8cf9c2ebf4,8a7d74aa-49e4-4c64-931c-653b8853f92b,c3,None,775,?,p2,
1769749037.226792,FORWARDED,7734a0a3-b6c5-41e1-9982-8f8cf9c2ebf4,8a7d74aa-49e4-4c64-931c-653b8853f92b,c3,None,775,?,p2,
1769749037.2425244,RECEIVED,21150a4a-fa04-4009-9ccc-5c97917ae9ea,08f8d4ce-a704-4fd7-94de-39b31c251666,c5,None,1131,i4,?,
1769749037.2497754,RECEIVED,6a79e1c5-4128-4c97-9f4a-f57060ac52e0,b0f91f1e-6cea-4ce8-944f-aa805a5cccc3,c2,DROP,688,i3,?,
1769749037.3517506,RECEIVED,e127eecd-ea65-4ec7-a8ce-255974493696,18894202-5c59-4af7-be2b-cd742cba5961,c4,DROP,684,i5,?,
1769749037.3642097,SENT,21150a4a-fa04-4009-9ccc-5c97917ae9ea,08f8d4ce-a704-4fd7-94de-39b31c251666,c5,None,776,?,p1,
1769749037.3642523,FORWARDED,21150a4a-fa04-4009-9ccc-5c97917ae9ea,08f8d4ce-a704-4fd7-94de-39b31c251666,c5,None,776,?,p1,
1769749037.3903782,SENT,e127eecd-ea65-4ec7-a8ce-255974493696,18894202-5c59-4af7-be2b-cd742cba5961,c4,DROP,441,?,i4,
1769749037.3904178,FORWARDED,e127eecd-ea65-4ec7-a8ce-255974493696,18894202-5c59-4af7-be2b-cd742cba5961,c4,DROP,441,?,i4,
1769749037.4047046,RECEIVED,1ec29c88-1403-4713-bc3c-9658691fb5f5,c5582fd1-c477-4fee-a26a-af4ef72e20e3,c5,DROP,441,x1,?,
1769749037.6786416,RECEIVED,870d2961-bb8a-4f71-a3f4-ed199d4f7e38,a6c61f63-9125-4d49-aef0-44f5bc94c1e7,c5,None,1123,i9,?,
1769749037.7074447,SENT,6a79e1c5-4128-4c97-9f4a-f57060ac52e0,b0f91f1e-6cea-4ce8-944f-aa805a5cccc3,c2,DROP,442,?,i7,
1769749037.70748,FORWARDED,6a79e1c5-4128-4c97-9f4a-f57060ac52e0,b0f91f1e-6cea-4ce8-944f-aa805a5cccc3,c2,DROP,442,?,i7,
1769749037.754804,SENT,626f9934-2524-4490-98e5-767a0d731ddf,5341cd26-3263-455e-9d9d-c84e91b5bc49,c5,c3,877,?,p3,
1769749037.7548454,FORWARDED,626f9934-2524-4490-98e5-767a0d731ddf,5341cd26-3263-455e-9d9d-c84e91b5bc49,c5,c3,877,?,p3,
1769749037.7629402,RECEIVED,25d2fc09-187c-46d5-99e9-1af6f9e70522,a6571105-4db8-4af7-9245-7c52b7ddab80,c1,DROP,685,i6,?,
1769749037.8371544,RECEIVED,db8c1a79-64b7-43ec-a819-0f22d3b5a90b,079a1011-6102-4fca-8b87-f1297b1266a8,c2,None,1124,i1,?,
1769749037.8590345,SENT,25d2fc09-187c-46d5-99e9-1af6f9e70522,a6571105-4db8-4af7-9245-7c52b7ddab80,c1,DROP,441,?,x12,
1769749037.859216,FORWARDED,25d2fc09-187c-46d5-99e9-1af6f9e70522,a6571105-4db8-4af7-9245-7c52b7ddab80,c1,DROP,441,?,x12,
1769749037.868645,SENT,db8c1a79-64b7-43ec-a819-0f22d3b5a90b,079a1011-6102-4fca-8b87-f1297b1266a8,c2,None,771,?,p3,
1769749037.8686867,FORWARDED,db8c1a79-64b7-43ec-a819-0f22d3b5a90b,079a1011-6102-4fca-8b87-f1297b1266a8,c2,None,771,?,p3,
1769749038.0079763,RECEIVED,a46be13e-2f15-4685-a57a-be72eb18b366,0f55cbe8-84dc-4768-abf9-460c08f5619b,c1,DROP,686,i7,?,
1769749038.0637858,RECEIVED,d2728622-99fe-46d2-8dd3-5cb063815680,dbb843ac-ba5b-47d0-9d39-8773d093aee7,c3,DROP,688,i12,?,
1769749038.0645201,RECEIVED,c99c3e50-ec2e-471e-8310-3d30b6286817,e34d994f-12a5-475f-9db5-edb93cebfa54,c3,DROP,682,i1,?,
1769749038.1432452,SENT,fb74b4e0-9a9c-41cf-b6f5-b0c0273ac83e,11e4e1bd-24bc-44ab-921a-6fcb2dd72206,c1,DROP,442,?,i1,
1769749038.1432846,FORWARDED,fb74b4e0-9a9c-41cf-b6f5-b0c0273ac83e,11e4e1bd-24bc-44ab-921a-6fcb2dd72206,c1,DROP,442,?,i1,
1769749038.150358,SENT,d2728622-99fe-46d2-8dd3-5cb063815680,dbb843ac-ba5b-47d0-9d39-8773d093aee7,c3,DROP,442,?,x1,
1769749038.1503916,FORWARDED,d2728622-99fe-46d2-8dd3-5cb063815680,dbb843ac-ba5b-47d0-9d39-8773d093aee7,c3,DROP,442,?,x1,
1769749038.166837,SENT,402da200-e826-41e4-b2ec-91f32226d0ad,7b07262b-fe97-47cf-a6e1-b7b07411ec04,c3,c2,875,?,p2,
1769749038.1668758,FORWARDED,402da200-e826-41e4-b2ec-91f32226d0ad,7b07262b-fe97-47cf-a6e1-b7b07411ec04,c3,c2,875,?,p2,
1769749038.2348034,SENT,a46be13e-2f15-4685-a57a-be72eb18b366,0f55cbe8-84dc-4768-abf9-460c08f5619b,c1,DROP,442,?,e2,
1769749038.2348447,FORWARDED,a46be13e-2f15-4685-a57a-be72eb18b366,0f55cbe8-84dc-4768-abf9-460c08f5619b,c1,DROP,442,?,e2,
1769749038.2535503,RECEIVED,10ee2ffb-85dd-46de-a466-93a75516db03,f25274ea-b5da-4c11-963c-16aa7b12b413,c3,c2,1251,i3,?,
1769749038.390134,RECEIVED,3611bb13-2f26-45ac-926a-306f58551ab1,9ce481dd-7223-47c2-bfaa-b60cec750d9d,c4,DROP,679,i8,?,
1769749038.4582858,SENT,870d2961-bb8a-4f71-a3f4-ed199d4f7e38,a6c61f63-9125-4d49-aef0-44f5bc94c1e7,c5,None,771,?,p1,
1769749038.4583285,FORWARDED,870d2961-bb8a-4f71-a3f4-ed199d4f7e38,a6c61f63-9125-4d49-aef0-44f5bc94c1e7,c5,None,771,?,p1,
1769749038.6489584,RECEIVED,0c96454e-4135-4980-b5a3-f65ed7d87f2d,420af58c-ad7d-4b78-b92a-c792b7fcc6c5,c5,c3,1256,i12,?,
1769749038.7078562,SENT,0c96454e-4135-4980-b5a3-f65ed7d87f2d,420af58c-ad7d-4b78-b92a-c792b7fcc6c5,c5,c3,868,?,p3,
1769749038.7079022,FORWARDED,0c96454e-4135-4980-b5a3-f65ed7d87f2d,420af58c-ad7d-4b78-b92a-c792b7fcc6c5,c5,c3,868,?,p3,
1769749038.8246102,RECEIVED,e631a7a8-22ae-4ad6-a172-81bd13c16533,2827ca26-e203-4c6d-a74c-df027a3887c2,c5,DROP,693,i12,?,
1769749038.9128494,SENT,e631a7a8-22ae-4ad6-a172-81bd13c16533,2827ca26-e203-4c6d-a74c-df027a3887c2,c5,DROP,445,?,i11,
1769749038.9129257,FORWARDED,e631a7a8-22ae-4ad6-a172-81bd13c16533,2827ca26-e203-4c6d-a74c-df027a3887c2,c5,DROP,445,?,i11,
1769749039.0027318,RECEIVED,77cb1272-144a-4670-9d22-dda990ff1c2f,9143c240-9798-4cee-9d3c-5b52a31233b3,c3,DROP,684,i2,?,
1769749039.0436857,RECEIVED,b2a921fb-c19d-45e7-8eac-8bd8d8c1411b,5cbdbed2-2048-402f-b848-cac8441e6701,c4,DROP,684,i9,?,
1769749039.113178,RECEIVED,29039935-4925-4744-92b8-02553dec6657,c0787e29-f85a-4f57-87de-c454d6431f28,c1,DROP,689,i2,?,
1769749039.1893156,SENT,10ee2ffb-85dd-46de-a466-93a75516db03,f25274ea-b5da-4c11-963c-16aa7b12b413,c3,c2,867,?,p2,
1769749039.1894014,FORWARDED,10ee2ffb-85dd-46de-a466-93a75516db03,f25274ea-b5da-4c11-963c-16aa7b12b413,c3,c2,867,?,p2,
1769749039.279301,SENT,b2a921fb-c19d-45e7-8eac-8bd8d8c1411b,5cbdbed2-2048-402f-b848-cac8441e6701,c4,DROP,441,?,i3,
1769749039.2793405,FORWARDED,b2a921fb-c19d-45e7-8eac-8bd8d8c1411b,5cbdbed2-2048-402f-b848-cac8441e6701,c4,DROP,441,?,i3,
1769749039.318543,SENT,77cb1272-144a-4670-9d22-dda990ff1c2f,9143c240-9798-4cee-9d3c-5b52a31233b3,c3,DROP,441,?,i4,
1769749039.3185847,FORWARDED,77cb1272-144a-4670-9d22-dda990ff1c2f,9143c240-9798-4cee-9d3c-5b52a31233b3,c3,DROP,441,?,i4,
1769749039.3398383,SENT,c99c3e50-ec2e-471e-8310-3d30b6286817,e34d994f-12a5-475f-9db5-edb93cebfa54,c3,DROP,440,?,e2,
1769749039.339877,FORWARDED,c99c3e50-ec2e-471e-8310-3d30b6286817,e34d994f-12a5-475f-9db5-edb93cebfa54,c3,DROP,440,?,e2,
1769749039.3407133,RECEIVED,6c621c90-f134-4b33-977b-9c704036e142,d302d588-9af2-43d9-bd06-a5d34513e076,c2,c3,1315,i12,?,
1769749039.400673,SENT,29039935-4925-4744-92b8-02553dec6657,c0787e29-f85a-4f57-87de-c454d6431f28,c1,DROP,442,?,e11,
1769749039.4007103,FORWARDED,29039935-4925-4744-92b8-02553dec6657,c0787e29-f85a-4f57-87de-c454d6431f28,c1,DROP,442,?,e11,
1769749039.5015378,SENT,3611bb13-2f26-45ac-926a-306f58551ab1,9ce481dd-7223-47c2-bfaa-b60cec750d9d,c4,DROP,437,?,e5,
1769749039.5015783,FORWARDED,3611bb13-2f26-45ac-926a-306f58551ab1,9ce481dd-7223-47c2-bfaa-b60cec750d9d,c4,DROP,437,?,e5,
1769749039.8261979,RECEIVED,55609dab-8fd7-4369-8802-51e767e432f2,340c6f3b-e818-4339-8d16-9244eb464c75,c4,DROP,442,x3,?,
1769749039.836778,RECEIVED,bd3e63ce-bb1f-42c1-89b7-d8a3ab3d2aff,632b1eb9-6efc-4846-8301-5086093de5ab,c3,None,1127,i4,?,
1769749039.9468935,RECEIVED,b01631b7-92d6-43cc-adee-0bb255cd1881,c1334ab5-d668-49ee-a3f1-ad2f0ff0bb1d,c2,DROP,693,i12,?,
1769749039.9768586,RECEIVED,c0cd9984-9855-48bb-ad86-de8e29497d37,85becb05-35d2-4f69-b52e-738af43faef0,c2,c3,1315,i12,?,
1769749040.005626,SENT,b01631b7-92d6-43cc-adee-0bb255cd1881,c1334ab5-d668-49ee-a3f1-ad2f0ff0bb1d,c2,DROP,445,?,e10,
1769749040.0056658,FORWARDED,b01631b7-92d6-43cc-adee-0bb255cd1881,c1334ab5-d668-49ee-a3f1-ad2f0ff0bb1d,c2,DROP,445,?,e10,
1769749040.0266135,RECEIVED,b5524ec8-dc01-4fb2-adde-1b86ef9de777,598156ec-6c01-42ec-be1b-86a75cf9ef1a,c2,c3,1259,i4,?,
1769749040.0724475,RECEIVED,54081619-ca67-4570-a782-bdc817efab24,332e5085-7478-4b4a-b4f1-36e17a0d4c2e,c4,DROP,685,i3,?,
1769749040.1221216,SENT,54081619-ca67-4570-a782-bdc817efab24,332e5085-7478-4b4a-b4f1-36e17a0d4c2e,c4,DROP,441,?,x5,
1769749040.1221583,FORWARDED,54081619-ca67-4570-a782-bdc817efab24,332e5085-7478-4b4a-b4f1-36e17a0d4c2e,c4,DROP,441,?,x5,
1769749040.1526191,RECEIVED,72a7602a-a3b8-432e-8aaf-3f3ad4d3a71d,fe7356a0-33de-42a1-858f-9c6b81866efb,c2,DROP,683,i2,?,
1769749040.2231188,RECEIVED,c19a4045-85b3-474a-b3e9-4f9986676b79,49689b75-cc3c-4910-b02e-352f0d13c69e,c2,None,1131,i11,?,
1769749040.3880038,SENT,c19a4045-85b3-474a-b3e9-4f9986676b79,49689b75-cc3c-4910-b02e-352f0d13c69e,c2,None,775,?,p3,
1769749040.3880837,FORWARDED,c19a4045-85b3-474a-b3e9-4f9986676b79,49689b75-cc3c-4910-b02e-352f0d13c69e,c2,None,775,?,p3,
1769749040.456868,SENT,c0cd9984-9855-48bb-ad86-de8e29497d37,85becb05-35d2-4f69-b52e-738af43faef0,c2,c3,915,?,p3,
1769749040.4569094,FORWARDED,c0cd9984-9855-48bb-ad86-de8e29497d37,85becb05-35d2-4f69-b52e-738af43faef0,c2,c3,915,?,p3,
1769749040.5299366,RECEIVED,1bfecdc7-c890-423a-a1c6-ead729fdffde,5078a57c-56f7-4ead-977e-0787e241f800,c1,c5,1319,i1,?,
1769749040.5423927,SENT,bd3e63ce-bb1f-42c1-89b7-d8a3ab3d2aff,632b1eb9-6efc-4846-8301-5086093de5ab,c3,None,772,?,p2,
1769749040.5424361,FORWARDED,bd3e63ce-bb1f-42c1-89b7-d8a3ab3d2aff,632b1eb9-6efc-4846-8301-5086093de5ab,c3,None,772,?,p2,
1769749040.5527573,RECEIVED,86f01e1a-6112-482c-b8b8-03595ace9bf0,4e50e7b3-9c95-427a-beb1-210c7c2c9b53,c5,c3,1317,i7,?,
1769749040.5546517,RECEIVED,18043132-1b29-4598-8ef5-3b29d05ec7a6,4102f9f8-f7f7-42fb-a626-bfa45ab100de,c5,c3,1316,i4,?,
1769749040.5758896,RECEIVED,4f00022b-af77-4b4d-9b72-5b2ce3f9c6ef,cebc1231-4d5f-4628-89ea-a6032a92df3e,c5,None,1123,i4,?,
1769749040.639253,SENT,86f01e1a-6112-482c-b8b8-03595ace9bf0,4e50e7b3-9c95-427a-beb1-210c7c2c9b53,c5,c3,915,?,p3,
1769749040.6392953,FORWARDED,86f01e1a-6112-482c-b8b8-03595ace9bf0,4e50e7b3-9c95-427a-beb1-210c7c2c9b53,c5,c3,915,?,p3,
1769749040.6425486,SENT,b5524ec8-dc01-4fb2-adde-1b86ef9de777,598156ec-6c01-42ec-be1b-86a75cf9ef1a,c2,c3,872,?,p3,
1769749040.6425912,FORWARDED,b5524ec8-dc01-4fb2-adde-1b86ef9de777,598156ec-6c01-42ec-be1b-86a75cf9ef1a,c2,c3,872,?,p3,
1769749040.6585755,SENT,6c621c90-f134-4b33-977b-9c704036e142,d302d588-9af2-43d9-bd06-a5d34513e076,c2,c3,915,?,p3,
1769749040.658618,FORWARDED,6c621c90-f134-4b33-977b-9c704036e142,d302d588-9af2-43d9-bd06-a5d34513e076,c2,c3,915,?,p3,
1769749040.66196,RECEIVED,556bed1a-2e0d-4c32-b8ec-475b85c58a66,a79ebc8a-acaf-4c13-907e-d0e17516f395,c4,c1,1259,i3,?,
1769749040.7764575,SENT,72a7602a-a3b8-432e-8aaf-3f3ad4d3a71d,fe7356a0-33de-42a1-858f-9c6b81866efb,c2,DROP,441,?,i12,
1769749040.7764995,FORWARDED,72a7602a-a3b8-432e-8aaf-3f3ad4d3a71d,fe7356a0-33de-42a1-858f-9c6b81866efb,c2,DROP,441,?,i12,
1769749040.7856598,SENT,18043132-1b29-4598-8ef5-3b29d05ec7a6,4102f9f8-f7f7-42fb-a626-bfa45ab100de,c5,c3,914,?,p3,
1769749040.7856953,FORWARDED,18043132-1b29-4598-8ef5-3b29d05ec7a6,4102f9f8-f7f7-42fb-a626-bfa45ab100de,c5,c3,914,?,p3,
1769749040.814683,RECEIVED,2125ee13-3864-41cf-9e79-0be5ef6de517,50c38854-32eb-4478-91c7-2f1f77c416c0,c5,c3,1312,i9,?,
1769749040.8504581,RECEIVED,ea7185a6-98b1-469b-842c-beb36e8e03a0,75681a58-cc3c-4b32-9d16-d042c3a07d68,c1,DROP,441,x4,?,
1769749040.9122567,SENT,2125ee13-3864-41cf-9e79-0be5ef6de517,50c38854-32eb-4478-91c7-2f1f77c416c0,c5,c3,912,?,p3,
1769749040.9122963,FORWARDED,2125ee13-3864-41cf-9e79-0be5ef6de517,50c38854-32eb-4478-91c7-2f1f77c416c0,c5,c3,912,?,p3,
1769749040.973082,RECEIVED,29cb9dc4-4521-43a7-99f8-a537375f4fc8,85e003f8-fbde-486c-bdca-fb9e343c429b,c3,DROP,683,i9,?,
1769749040.9851031,SENT,556bed1a-2e0d-4c32-b8ec-475b85c58a66,a79ebc8a-acaf-4c13-907e-d0e17516f395,c4,c1,872,?,p1,
1769749040.98515,FORWARDED,556bed1a-2e0d-4c32-b8ec-475b85c58a66,a79ebc8a-acaf-4c13-907e-d0e17516f395,c4,c1,872,?,p1,
1769749041.1485755,RECEIVED,1ef48c2c-baa7-4806-8ebb-abe0a1ad3366,ae011448-693a-4f04-bc4f-932a343d819b,c3,DROP,442,x11,?,
1769749041.16801,RECEIVED,7d9d8369-f133-44e3-90d0-e1656115c12a,cfe7d032-cc8c-4275-ad18-61e7188e3086,c2,DROP,684,i7,?,
1769749041.210282,RECEIVED,332f19d1-b319-4da1-b572-8c4baa08ed80,7b46891c-f652-4e57-82e8-e2fbdb9d22f1,c5,DROP,686,i2,?,
1769749041.222016,RECEIVED,5a042e60-7ec3-4883-bdb2-0175a6cc2e54,59a7b80c-0959-45df-aa8c-2027d0ce7fc8,c4,c1,1311,i2,?,
1769749041.267971,RECEIVED,4a65b5fb-53fd-4722-a402-8a056353a945,b01f6704-ace0-4ffa-8ca9-38af8ff9c01c,c3,None,1123,i12,?,
1769749041.2811623,RECEIVED,21dc45e1-9b5c-4663-9f56-8b90424d0c9c,925cf73f-8e21-426e-8e7e-9c17b21a09ac,c2,None,1131,i1,?,
1769749041.28329,RECEIVED,48210ff3-5ad3-4940-ad9f-81cb8fd2ada2,1eb4d674-7c4c-419e-b709-b5ddbe600831,c3,None,1123,i9,?,
1769749041.3162923,SENT,21dc45e1-9b5c-4663-9f56-8b90424d0c9c,925cf73f-8e21-426e-8e7e-9c17b21a09ac,c2,None,775,?,p3,
1769749041.3163323,FORWARDED,21dc45e1-9b5c-4663-9f56-8b90424d0c9c,925cf73f-8e21-426e-8e7e-9c17b21a09ac,c2,None,775,?,p3,
1769749041.3487961,SENT,7d9d8369-f133-44e3-90d0-e1656115c12a,cfe7d032-cc8c-4275-ad18-61e7188e3086,c2,DROP,440,?,x3,
1769749041.3488367,FORWARDED,7d9d8369-f133-44e3-90d0-e1656115c12a,cfe7d032-cc8c-4275-ad18-61e7188e3086,c2,DROP,440,?,x3,
1769749041.3656125,SENT,29cb9dc4-4521-43a7-99f8-a537375f4fc8,85e003f8-fbde-486c-bdca-fb9e343c429b,c3,DROP,440,?,i5,
1769749041.3656495,FORWARDED,29cb9dc4-4521-43a7-99f8-a537375f4fc8,85e003f8-fbde-486c-bdca-fb9e343c429b,c3,DROP,440,?,i5,
1769749041.4308527,SENT,48210ff3-5ad3-4940-ad9f-81cb8fd2ada2,1eb4d674-7c4c-419e-b709-b5ddbe600831,c3,None,771,?,p2,
1769749041.430894,FORWARDED,48210ff3-5ad3-4940-ad9f-81cb8fd2ada2,1eb4d674-7c4c-419e-b709-b5ddbe600831,c3,None,771,?,p2,
1769749041.4898014,SENT,4f00022b-af77-4b4d-9b72-5b2ce3f9c6ef,cebc1231-4d5f-4628-89ea-a6032a92df3e,c5,None,771,?,p1,
1769749041.4898431,FORWARDED,4f00022b-af77-4b4d-9b72-5b2ce3f9c6ef,cebc1231-4d5f-4628-89ea-a6032a92df3e,c5,None,771,?,p1,
1769749041.525253,SENT,1bfecdc7-c890-423a-a1c6-ead729fdffde,5078a57c-56f7-4ead-977e-0787e241f800,c1,c5,916,?,p2,
1769749041.525294,FORWARDED,1bfecdc7-c890-423a-a1c6-ead729fdffde,5078a57c-56f7-4ead-977e-0787e241f800,c1,c5,916,?,p2,
1769749041.5943768,SENT,4a65b5fb-53fd-4722-a402-8a056353a945,b01f6704-ace0-4ffa-8ca9-38af8ff9c01c,c3,None,770,?,p2,
1769749041.5944166,FORWARDED,4a65b5fb-53fd-4722-a402-8a056353a945,b01f6704-ace0-4ffa-8ca9-38af8ff9c01c,c3,None,770,?,p2,
1769749041.6875393,RECEIVED,7c5697d3-95da-4752-8cf8-c5c1314c2fbe,f0752c0e-9a97-40c7-8a6a-90be57825311,c5,DROP,442,x11,?,
1769749041.7783308,RECEIVED,486ee922-7cb9-4269-898c-2ebe6fd18625,66b2a2d5-9efd-4abe-919d-50041c07a9d9,c1,DROP,689,i2,?,
1769749041.790469,RECEIVED,2819f921-607e-448f-8a72-e1f19e6a398e,e6b685a6-82cb-4b28-839e-99431bafa292,c1,DROP,683,i11,?,
1769749041.8345973,RECEIVED,2a00e1ce-496b-4543-a9a3-8937cc0b17e0,1f14aeae-e321-4c3c-8088-8c2562990c5d,c2,c3,1311,i3,?,
1769749041.8627143,SENT,486ee922-7cb9-4269-898c-2ebe6fd18625,66b2a2d5-9efd-4abe-919d-50041c07a9d9,c1,DROP,442,?,e1,
1769749041.8627546,FORWARDED,486ee922-7cb9-4269-898c-2ebe6fd18625,66b2a2d5-9efd-4abe-919d-50041c07a9d9,c1,DROP,442,?,e1,
1769749041.8661878,RECEIVED,5afeb228-6ccf-4cd0-ba00-cec3b8bac5f9,0814ab19-1b35-4eae-9f78-2979ded9c569,c4,DROP,445,x11,?,
1769749041.9498403,RECEIVED,32c87247-6e57-40f3-b874-92f5e9dcf228,c340d51e-12c3-4109-9db9-19b8ed886878,c1,DROP,441,x10,?,
1769749041.979199,SENT,5a042e60-7ec3-4883-bdb2-0175a6cc2e54,59a7b80c-0959-45df-aa8c-2027d0ce7fc8,c4,c1,910,?,p1,
1769749041.9792547,FORWARDED,5a042e60-7ec3-4883-bdb2-0175a6cc2e54,59a7b80c-0959-45df-aa8c-2027d0ce7fc8,c4,c1,910,?,p1,
1769749042.0088696,RECEIVED,deb5e917-efe3-42d6-b4ba-35248a10ede6,57c586f8-0b55-485c-b530-690d4209f073,c5,DROP,443,x2,?,
1769749042.089073,RECEIVED,fc249e12-7fa3-499e-9373-21b0786bc9fd,8ef1d66c-3b34-47ef-8388-2bdf9b0d88ce,c3,None,1131,i12,?,
1769749042.1674294,RECEIVED,cc21890e-b6e7-468d-b5ea-8d941de9616c,01333d6c-9bc0-4450-a725-2449c55eada6,c2,DROP,687,i8,?,
1769749042.2799892,SENT,fc249e12-7fa3-499e-9373-21b0786bc9fd,8ef1d66c-3b34-47ef-8388-2bdf9b0d88ce,c3,None,776,?,p2,
1769749042.2800317,FORWARDED,fc249e12-7fa3-499e-9373-21b0786bc9fd,8ef1d66c-3b34-47ef-8388-2bdf9b0d88ce,c3,None,776,?,p2,
1769749042.3874269,SENT,332f19d1-b319-4da1-b572-8c4baa08ed80,7b46891c-f652-4e57-82e8-e2fbdb9d22f1,c5,DROP,443,?,x3,
1769749042.3874714,FORWARDED,332f19d1-b319-4da1-b572-8c4baa08ed80,7b46891c-f652-4e57-82e8-e2fbdb9d22f1,c5,DROP,443,?,x3,
1769749042.4374385,SENT,cc21890e-b6e7-468d-b5ea-8d941de9616c,01333d6c-9bc0-4450-a725-2449c55eada6,c2,DROP,442,?,e11,
1769749042.4374785,FORWARDED,cc21890e-b6e7-468d-b5ea-8d941de9616c,01333d6c-9bc0-4450-a725-2449c55eada6,c2,DROP,442,?,e11,
1769749042.5819354,RECEIVED,f3cdcf95-997c-4159-b645-8a4d168b3568,082b234b-7434-4bf0-9edb-2efcfce7f236,c2,DROP,688,i11,?,
1769749042.5864315,SENT,2819f921-607e-448f-8a72-e1f19e6a398e,e6b685a6-82cb-4b28-839e-99431bafa292,c1,DROP,441,?,x3,
1769749042.5864732,FORWARDED,2819f921-607e-448f-8a72-e1f19e6a398e,e6b685a6-82cb-4b28-839e-99431bafa292,c1,DROP,441,?,x3,
1769749042.6180575,RECEIVED,78fba156-a47f-4e92-8a7e-761b110d38cf,8fb3f604-4cab-4f17-8b74-43b08041bebb,c3,DROP,688,i3,?,
1769749042.707013,RECEIVED,d8c89674-678e-4d8d-a326-c35cc0e8f3e4,1f85cf4d-e485-41f9-966f-815c04b6d8a8,c4,DROP,679,i1,?,
1769749042.707762,RECEIVED,bcd1e6d7-27d1-4796-891f-9437e2a5620e,9890ca2a-1288-4626-802c-a74225601b4c,c5,DROP,442,x3,?,
1769749042.8200274,RECEIVED,d155301a-53b0-42f5-b70b-7a56cccdbdce,86ad9d8c-aafa-40de-94b0-1502c87e5a4b,c5,DROP,684,i1,?,
1769749042.8385222,RECEIVED,740e1965-f47d-4ce3-a0a5-48fc6828cb45,16370a4b-04d0-4ee7-a7a5-4e7a2634191d,c2,DROP,684,i7,?,
1769749042.9122448,SENT,740e1965-f47d-4ce3-a0a5-48fc6828cb45,16370a4b-04d0-4ee7-a7a5-4e7a2634191d,c2,DROP,441,?,e5,
1769749042.9122922,FORWARDED,740e1965-f47d-4ce3-a0a5-48fc6828cb45,16370a4b-04d0-4ee7-a7a5-4e7a2634191d,c2,DROP,441,?,e5,
1769749042.9529622,RECEIVED,96672b7c-62f4-448c-ae5f-c19ebf474ec7,f84cff72-9340-4bdf-a95d-0563166d80fc,c3,c2,1261,i3,?,
1769749043.0184326,SENT,96672b7c-62f4-448c-ae5f-c19ebf474ec7,f84cff72-9340-4bdf-a95d-0563166d80fc,c3,c2,872,?,p2,
1769749043.0184743,FORWARDED,96672b7c-62f4-448c-ae5f-c19ebf474ec7,f84cff72-9340-4bdf-a95d-0563166d80fc,c3,c2,872,?,p2,
1769749043.0288007,RECEIVED,b00905ac-5699-45cc-9a22-ad0b755d1b30,fad1a8f5-c15c-47d4-a6b8-4994a69a5912,c1,DROP,689,i1,?,
1769749043.0537708,SENT,2a00e1ce-496b-4543-a9a3-8937cc0b17e0,1f14aeae-e321-4c3c-8088-8c2562990c5d,c2,c3,912,?,p3,
1769749043.0538127,FORWARDED,2a00e1ce-496b-4543-a9a3-8937cc0b17e0,1f14aeae-e321-4c3c-8088-8c2562990c5d,c2,c3,912,?,p3,
1769749043.0895345,SENT,78fba156-a47f-4e92-8a7e-761b110d38cf,8fb3f604-4cab-4f17-8b74-43b08041bebb,c3,DROP,442,?,x5,
1769749043.0895772,FORWARDED,78fba156-a47f-4e92-8a7e-761b110d38cf,8fb3f604-4cab-4f17-8b74-43b08041bebb,c3,DROP,442,?,x5,
1769749043.2524102,SENT,d155301a-53b0-42f5-b70b-7a56cccdbdce,86ad9d8c-aafa-40de-94b0-1502c87e5a4b,c5,DROP,440,?,i11,
1769749043.25245,FORWARDED,d155301a-53b0-42f5-b70b-7a56cccdbdce,86ad9d8c-aafa-40de-94b0-1502c87e5a4b,c5,DROP,440,?,i11,
1769749043.3630579,SENT,b00905ac-5699-45cc-9a22-ad0b755d1b30,fad1a8f5-c15c-47d4-a6b8-4994a69a5912,c1,DROP,442,?,e11,
1769749043.3630981,FORWARDED,b00905ac-5699-45cc-9a22-ad0b755d1b30,fad1a8f5-c15c-47d4-a6b8-4994a69a5912,c1,DROP,442,?,e11,
1769749043.4242656,SENT,d8c89674-678e-4d8d-a326-c35cc0e8f3e4,1f85cf4d-e485-41f9-966f-815c04b6d8a8,c4,DROP,438,?,e2,
1769749043.4243095,FORWARDED,d8c89674-678e-4d8d-a326-c35cc0e8f3e4,1f85cf4d-e485-41f9-966f-815c04b6d8a8,c4,DROP,438,?,e2,
1769749043.4299793,RECEIVED,ef10d66f-a891-4c6f-b921-260baecf05b4,8a02f299-2939-4e19-b37b-d36eef7acb85,c3,None,1123,i12,?,
1769749043.4308975,RECEIVED,f7968aa6-f597-49b0-8ce9-f0776a003be0,40616f76-7db8-4e20-9309-1ab83d09774e,c4,DROP,441,x2,?,
1769749043.4506886,SENT,f3cdcf95-997c-4159-b645-8a4d168b3568,082b234b-7434-4bf0-9edb-2efcfce7f236,c2,DROP,442,?,e10,
1769749043.450728,FORWARDED,f3cdcf95-997c-4159-b645-8a4d168b3568,082b234b-7434-4bf0-9edb-2efcfce7f236,c2,DROP,442,?,e10,
1769749043.4763622,SENT,ef10d66f-a891-4c6f-b921-260baecf05b4,8a02f299-2939-4e19-b37b-d36eef7acb85,c3,None,770,?,p2,
1769749043.4764042,FORWARDED,ef10d66f-a891-4c6f-b921-260baecf05b4,8a02f299-2939-4e19-b37b-d36eef7acb85,c3,None,770,?,p2,
1769749043.629437,RECEIVED,bec37f66-ef0e-488b-b95a-6491e1298d20,82853279-1777-4211-be19-2d4ec5f187e7,c1,DROP,688,i8,?,
1769749043.7135408,SENT,bec37f66-ef0e-488b-b95a-6491e1298d20,82853279-1777-4211-be19-2d4ec5f187e7,c1,DROP,443,?,x6,
1769749043.713578,FORWARDED,bec37f66-ef0e-488b-b95a-6491e1298d20,82853279-1777-4211-be19-2d4ec5f187e7,c1,DROP,443,?,x6,
1769749043.7484605,RECEIVED,20a43f3b-5c28-4121-964e-772c07c6a2cf,e036ca57-c9a4-47c1-bd6c-43c92f3f1f92,c4,c1,1257,i2,?,
1769749043.7647524,RECEIVED,50f3bed4-e716-45fe-b1cb-6da5e90cc69d,46ca106d-48f5-4a4e-a8a6-42fc93bcca46,c4,DROP,683,i5,?,
1769749043.918438,RECEIVED,bb0df811-ae5b-4aa5-a64b-65fc43df5b98,0a60ce18-4842-4ca0-8829-66be04709d16,c2,c3,1323,i12,?,
1769749044.0216718,RECEIVED,2e01571f-9f16-456e-99dc-8fea493627ee,f21bf5f5-848e-4e05-86db-1c43d6abba06,c5,c3,1314,i12,?,
1769749044.116771,SENT,2e01571f-9f16-456e-99dc-8fea493627ee,f21bf5f5-848e-4e05-86db-1c43d6abba06,c5,c3,911,?,p3,
1769749044.1168077,FORWARDED,2e01571f-9f16-456e-99dc-8fea493627ee,f21bf5f5-848e-4e05-86db-1c43d6abba06,c5,c3,911,?,p3,
1769749044.15177,SENT,20a43f3b-5c28-4121-964e-772c07c6a2cf,e036ca57-c9a4-47c1-bd6c-43c92f3f1f92,c4,c1,871,?,p1,
1769749044.1518083,FORWARDED,20a43f3b-5c28-4121-964e-772c07c6a2cf,e036ca57-c9a4-47c1-bd6c-43c92f3f1f92,c4,c1,871,?,p1,
1769749044.1699607,RECEIVED,96aaad15-5d3a-4990-8d65-16e97c713daa,38406ae1-284c-45de-a0f0-4ec471ff4a87,c2,c3,1324,i12,?,
1769749044.2492824,RECEIVED,0c9ec8ad-445f-435f-a224-18db08f5f011,2a695bf1-ccf9-4e54-99c4-0a4f59424831,c3,DROP,683,i3,?,
1769749044.26753,RECEIVED,6a204ee4-8742-4877-a267-8403c7a0a4ce,2a3a683b-324c-4407-a9fa-bef1f7e99912,c1,DROP,684,i9,?,
1769749044.2709444,SENT,96aaad15-5d3a-4990-8d65-16e97c713daa,38406ae1-284c-45de-a0f0-4ec471ff4a87,c2,c3,919,?,p3,
1769749044.2709868,FORWARDED,96aaad15-5d3a-4990-8d65-16e97c713daa,38406ae1-284c-45de-a0f0-4ec471ff4a87,c2,c3,919,?,p3,
1769749044.3547297,RECEIVED,2e108d6c-e41e-4bc4-9b5c-3ce54a725348,4a87e22c-2c01-47af-ab6d-8606e984123a,c5,c3,1319,i7,?,
1769749044.4127703,RECEIVED,87d2bd75-28f0-46ad-a310-baba1d1449b0,688f1398-8cb3-4c22-bf2b-5af32c4780c2,c5,DROP,441,x6,?,
1769749044.418488,SENT,bb0df811-ae5b-4aa5-a64b-65fc43df5b98,0a60ce18-4842-4ca0-8829-66be04709d16,c2,c3,920,?,p3,
1769749044.418528,FORWARDED,bb0df811-ae5b-4aa5-a64b-65fc43df5b98,0a60ce18-4842-4ca0-8829-66be04709d16,c2,c3,920,?,p3,
1769749044.420227,RECEIVED,0ed96cb6-b454-4522-a785-7375210795ba,86a9c1b9-7216-4066-a682-3214ae426528,c3,c2,1311,i3,?,
1769749044.5052767,SENT,6a204ee4-8742-4877-a267-8403c7a0a4ce,2a3a683b-324c-4407-a9fa-bef1f7e99912,c1,DROP,440,?,x1,
1769749044.5053813,FORWARDED,6a204ee4-8742-4877-a267-8403c7a0a4ce,2a3a683b-324c-4407-a9fa-bef1f7e99912,c1,DROP,440,?,x1,
1769749044.5255995,RECEIVED,f4e0cd34-3e5f-4321-b8be-39478c432bcb,5948d7e4-8192-4430-a297-0495c5b00763,c5,DROP,441,x9,?,
1769749044.5479274,RECEIVED,d41c94c7-3ed8-445e-bec2-b1d4a4cc1693,aebdebd2-204a-45a0-a202-c9bc3a0ce1e3,c2,c3,1255,i8,?,
1769749044.6210039,RECEIVED,5422ad45-7b26-49d5-8f48-7737a0496cdc,74bf2870-aa75-4ae1-8af1-7649d97574d3,c3,None,1131,i8,?,
1769749044.7556791,RECEIVED,fa50463a-0758-4d70-91d7-d588a2ace31f,3725211e-ef62-4f8e-ba41-6b768d965f21,c5,DROP,683,i6,?,
1769749044.8077185,RECEIVED,a99a95cc-e766-4e4e-9ca5-d22e07fe3b79,ce23d30d-f49b-4dce-a40f-c3f50f6f5952,c1,DROP,691,i12,?,
1769749044.8671288,RECEIVED,b2eda2d9-e569-495f-be83-fe527e3d4425,69ff0bac-fe27-40b7-b56a-0b2b8ee3601a,c2,DROP,686,i3,?,
1769749044.9092352,SENT,b2eda2d9-e569-495f-be83-fe527e3d4425,69ff0bac-fe27-40b7-b56a-0b2b8ee3601a,c2,DROP,441,?,i11,
1769749044.9092698,FORWARDED,b2eda2d9-e569-495f-be83-fe527e3d4425,69ff0bac-fe27-40b7-b56a-0b2b8ee3601a,c2,DROP,441,?,i11,
1769749045.0243993,RECEIVED,7c444dba-e097-4d71-a625-8af8c23285ca,396ce7c4-c44e-4bb8-8b53-ddbc98dc318e,c4,c1,1262,i12,?,
1769749045.0274677,RECEIVED,eeb2cf8b-2487-493c-9b23-2a67ff081427,710c3f02-09f5-4b12-803d-9bad596a5c59,c1,None,1130,i1,?,
1769749045.1099436,SENT,50f3bed4-e716-45fe-b1cb-6da5e90cc69d,46ca106d-48f5-4a4e-a8a6-42fc93bcca46,c4,DROP,441,?,x7,
1769749045.1099858,FORWARDED,50f3bed4-e716-45fe-b1cb-6da5e90cc69d,46ca106d-48f5-4a4e-a8a6-42fc93bcca46,c4,DROP,441,?,x7,
1769749045.1114697,RECEIVED,c766c069-09f9-460f-ab40-68ea2ff6a3a4,e463c999-772e-450b-8f95-879d6be02a6e,c2,None,1132,i9,?,
1769749045.1542878,SENT,c766c069-09f9-460f-ab40-68ea2ff6a3a4,e463c999-772e-450b-8f95-879d6be02a6e,c2,None,776,?,p3,
1769749045.1543274,FORWARDED,c766c069-09f9-460f-ab40-68ea2ff6a3a4,e463c999-772e-450b-8f95-879d6be02a6e,c2,None,776,?,p3,
1769749045.1560047,SENT,7c444dba-e097-4d71-a625-8af8c23285ca,396ce7c4-c44e-4bb8-8b53-ddbc98dc318e,c4,c1,875,?,p1,
1769749045.1560397,FORWARDED,7c444dba-e097-4d71-a625-8af8c23285ca,396ce7c4-c44e-4bb8-8b53-ddbc98dc318e,c4,c1,875,?,p1,
1769749045.1607656,SENT,fa50463a-0758-4d70-91d7-d588a2ace31f,3725211e-ef62-4f8e-ba41-6b768d965f21,c5,DROP,440,?,e1,
1769749045.1608052,FORWARDED,fa50463a-0758-4d70-91d7-d588a2ace31f,3725211e-ef62-4f8e-ba41-6b768d965f21,c5,DROP,440,?,e1,
1769749045.2215097,RECEIVED,2fdc375c-9f08-42b7-a642-d96264f1de92,90dba0c2-d314-4955-978b-37af7d9c6193,c2,DROP,441,x5,?,
1769749045.3489954,RECEIVED,ea3fa08c-17d9-479b-aabf-bedc81140f17,79fab999-3d7e-4afb-87ed-8d12b379be29,c4,DROP,442,x3,?,
1769749045.45385,SENT,d41c94c7-3ed8-445e-bec2-b1d4a4cc1693,aebdebd2-204a-45a0-a202-c9bc3a0ce1e3,c2,c3,870,?,p3,
1769749045.4538827,FORWARDED,d41c94c7-3ed8-445e-bec2-b1d4a4cc1693,aebdebd2-204a-45a0-a202-c9bc3a0ce1e3,c2,c3,870,?,p3,
1769749045.4549944,RECEIVED,359e1f42-2fb9-4230-b41c-b97588b5f4ec,55b1be73-43c8-4a35-b966-b920d1407b71,c3,None,1123,i9,?,
1769749045.457522,RECEIVED,fcd6ca80-ae21-4b3b-b9f6-1557fb391e8f,1640652e-ccc0-4d51-bb56-4e00bc28a9e8,c3,None,1124,i5,?,
1769749045.5744245,SENT,2e108d6c-e41e-4bc4-9b5c-3ce54a725348,4a87e22c-2c01-47af-ab6d-8606e984123a,c5,c3,916,?,p3,
1769749045.5744734,FORWARDED,2e108d6c-e41e-4bc4-9b5c-3ce54a725348,4a87e22c-2c01-47af-ab6d-8606e984123a,c5,c3,916,?,p3,
1769749045.5874293,RECEIVED,be6d3c00-3c83-4ffa-afb5-98967e9e2204,f76e991d-c4e8-4770-86f1-5c4e6b0d8712,c2,DROP,686,i7,?,
1769749045.7501476,SENT,eeb2cf8b-2487-493c-9b23-2a67ff081427,710c3f02-09f5-4b12-803d-9bad596a5c59,c1,None,776,?,p1,
1769749045.7501924,FORWARDED,eeb2cf8b-2487-493c-9b23-2a67ff081427,710c3f02-09f5-4b12-803d-9bad596a5c59,c1,None,776,?,p1,
1769749045.7741714,RECEIVED,48e25a2d-4328-4696-b774-b2791d10c52b,2616183e-6129-4c7c-853f-f15a60f6cf2d,c1,DROP,687,i5,?,
1769749045.8659081,RECEIVED,2c6c3a41-4403-4a57-9346-7286009a8bfe,5147fbe0-e693-41cf-8332-6613e00edf22,c3,c2,1256,i3,?,
1769749045.9388077,SENT,fcd6ca80-ae21-4b3b-b9f6-1557fb391e8f,1640652e-ccc0-4d51-bb56-4e00bc28a9e8,c3,None,770,?,p2,
1769749045.938851,FORWARDED,fcd6ca80-ae21-4b3b-b9f6-1557fb391e8f,1640652e-ccc0-4d51-bb56-4e00bc28a9e8,c3,None,770,?,p2,
1769749045.9907029,RECEIVED,629d0504-cf15-41cb-9ea0-804026e9dd04,7501d37c-603d-43cb-a200-179dd3b8b83a,c3,DROP,680,i1,?,
1769749046.0804048,RECEIVED,c8ce8c54-dc89-4db0-aea3-0348c3791ecb,ae92bcfd-41fe-49cd-998f-e3d807d13141,c1,None,1123,i12,?,
1769749046.093506,SENT,629d0504-cf15-41cb-9ea0-804026e9dd04,7501d37c-603d-43cb-a200-179dd3b8b83a,c3,DROP,438,?,x5,
1769749046.0935473,FORWARDED,629d0504-cf15-41cb-9ea0-804026e9dd04,7501d37c-603d-43cb-a200-179dd3b8b83a,c3,DROP,438,?,x5,
1769749046.1362283,RECEIVED,f144d2d3-07f2-4ef6-a069-64611e95ddac,519b0bf1-fc5b-4e0c-9cdc-81853e383d50,c5,None,1132,i4,?,
1769749046.1532078,SENT,be6d3c00-3c83-4ffa-afb5-98967e9e2204,f76e991d-c4e8-4770-86f1-5c4e6b0d8712,c2,DROP,443,?,x1,
1769749046.1532476,FORWARDED,be6d3c00-3c83-4ffa-afb5-98967e9e2204,f76e991d-c4e8-4770-86f1-5c4e6b0d8712,c2,DROP,443,?,x1,
1769749046.1875036,SENT,0ed96cb6-b454-4522-a785-7375210795ba,86a9c1b9-7216-4066-a682-3214ae426528,c3,c2,912,?,p2,
1769749046.1875408,FORWARDED,0ed96cb6-b454-4522-a785-7375210795ba,86a9c1b9-7216-4066-a682-3214ae426528,c3,c2,912,?,p2,
1769749046.2654557,SENT,2c6c3a41-4403-4a57-9346-7286009a8bfe,5147fbe0-e693-41cf-8332-6613e00edf22,c3,c2,868,?,p2,
1769749046.2654982,FORWARDED,2c6c3a41-4403-4a57-9346-7286009a8bfe,5147fbe0-e693-41cf-8332-6613e00edf22,c3,c2,868,?,p2,
1769749046.3018377,RECEIVED,f1fbf74c-0591-41b4-8f7e-24253178c6da,6f48e05d-f02d-4f80-8ef0-2e05ec84c31a,c2,DROP,442,x7,?,
1769749046.3072796,SENT,c8ce8c54-dc89-4db0-aea3-0348c3791ecb,ae92bcfd-41fe-49cd-998f-e3d807d13141,c1,None,771,?,p1,
1769749046.307323,FORWARDED,c8ce8c54-dc89-4db0-aea3-0348c3791ecb,ae92bcfd-41fe-49cd-998f-e3d807d13141,c1,None,771,?,p1,
1769749046.360577,SENT,5422ad45-7b26-49d5-8f48-7737a0496cdc,74bf2870-aa75-4ae1-8af1-7649d97574d3,c3,None,776,?,p2,
1769749046.3606205,FORWARDED,5422ad45-7b26-49d5-8f48-7737a0496cdc,74bf2870-aa75-4ae1-8af1-7649d97574d3,c3,None,776,?,p2,
1769749046.4450638,SENT,359e1f42-2fb9-4230-b41c-b97588b5f4ec,55b1be73-43c8-4a35-b966-b920d1407b71,c3,None,771,?,p2,
1769749046.4451098,FORWARDED,359e1f42-2fb9-4230-b41c-b97588b5f4ec,55b1be73-43c8-4a35-b966-b920d1407b71,c3,None,771,?,p2,
1769749046.452121,SENT,f144d2d3-07f2-4ef6-a069-64611e95ddac,519b0bf1-fc5b-4e0c-9cdc-81853e383d50,c5,None,776,?,p1,
1769749046.4521668,FORWARDED,f144d2d3-07f2-4ef6-a069-64611e95ddac,519b0bf1-fc5b-4e0c-9cdc-81853e383d50,c5,None,776,?,p1,
1769749046.471064,SENT,48e25a2d-4328-4696-b774-b2791d10c52b,2616183e-6129-4c7c-853f-f15a60f6cf2d,c1,DROP,442,?,e8,
1769749046.4717503,FORWARDED,48e25a2d-4328-4696-b774-b2791d10c52b,2616183e-6129-4c7c-853f-f15a60f6cf2d,c1,DROP,442,?,e8,
1769749046.5643659,RECEIVED,e05ff040-bda1-4432-bcd0-80bc3e75436a,761f2c56-961b-44a1-a33c-bce6b2ecf07a,c2,DROP,687,i1,?,
1769749046.837899,RECEIVED,35473cb6-2d51-4cf8-9ef9-c28b29a84a4a,5870cf69-9cce-46c3-b768-dc504538715b,c4,DROP,687,i11,?,
1769749046.9590592,RECEIVED,acb20b95-4ed4-416b-b1f6-417328c61073,27559014-8ccc-482a-a583-fb3f00880d02,c2,DROP,684,i12,?,
1769749047.0781307,SENT,acb20b95-4ed4-416b-b1f6-417328c61073,27559014-8ccc-482a-a583-fb3f00880d02,c2,DROP,441,?,i4,
1769749047.0781806,FORWARDED,acb20b95-4ed4-416b-b1f6-417328c61073,27559014-8ccc-482a-a583-fb3f00880d02,c2,DROP,441,?,i4,
1769749047.3662786,RECEIVED,eab1449d-4c31-4c80-898d-acbebe2efc5b,34833602-d72e-464b-bc94-b18117e7d543,c4,DROP,684,i5,?,
1769749047.410406,RECEIVED,ffb77016-699a-4d62-8b12-445f522dbc47,ad37fa3d-10b8-4215-8301-f07c46ee278b,c5,None,1125,i9,?,
1769749047.4125636,SENT,0c9ec8ad-445f-435f-a224-18db08f5f011,2a695bf1-ccf9-4e54-99c4-0a4f59424831,c3,DROP,441,?,x2,
1769749047.4126034,FORWARDED,0c9ec8ad-445f-435f-a224-18db08f5f011,2a695bf1-ccf9-4e54-99c4-0a4f59424831,c3,DROP,441,?,x2,
1769749047.4552717,RECEIVED,cf2dd34e-352d-4dda-9b5d-1b1cd88a7c53,6aa80e88-722c-4ad3-bf19-6bcc093b6083,c2,c3,1255,i7,?,
1769749047.4622242,RECEIVED,4f50ef0d-612b-4083-a2b4-c862e05b71ba,5b9a1d37-cbc9-41b1-8a0f-0240b07f3d4e,c2,DROP,442,x1,?,
1769749047.476365,SENT,ffb77016-699a-4d62-8b12-445f522dbc47,ad37fa3d-10b8-4215-8301-f07c46ee278b,c5,None,770,?,p1,
1769749047.476413,FORWARDED,ffb77016-699a-4d62-8b12-445f522dbc47,ad37fa3d-10b8-4215-8301-f07c46ee278b,c5,None,770,?,p1,
1769749047.489709,SENT,35473cb6-2d51-4cf8-9ef9-c28b29a84a4a,5870cf69-9cce-46c3-b768-dc504538715b,c4,DROP,442,?,x5,
1769749047.4897473,FORWARDED,35473cb6-2d51-4cf8-9ef9-c28b29a84a4a,5870cf69-9cce-46c3-b768-dc504538715b,c4,DROP,442,?,x5,
1769749047.4987628,SENT,eab1449d-4c31-4c80-898d-acbebe2efc5b,34833602-d72e-464b-bc94-b18117e7d543,c4,DROP,441,?,x4,
1769749047.4988217,FORWARDED,eab1449d-4c31-4c80-898d-acbebe2efc5b,34833602-d72e-464b-bc94-b18117e7d543,c4,DROP,441,?,x4,
1769749047.5486565,RECEIVED,0f400238-2abc-48cc-b0e9-b11527069b80,102c94b9-750a-4766-939c-19315badfee6,c2,c3,1256,i6,?,
1769749047.565943,SENT,e05ff040-bda1-4432-bcd0-80bc3e75436a,761f2c56-961b-44a1-a33c-bce6b2ecf07a,c2,DROP,442,?,i3,
1769749047.5659842,FORWARDED,e05ff040-bda1-4432-bcd0-80bc3e75436a,761f2c56-961b-44a1-a33c-bce6b2ecf07a,c2,DROP,442,?,i3,
1769749047.7600584,SENT,0f400238-2abc-48cc-b0e9-b11527069b80,102c94b9-750a-4766-939c-19315badfee6,c2,c3,868,?,p3,
1769749047.7601016,FORWARDED,0f400238-2abc-48cc-b0e9-b11527069b80,102c94b9-750a-4766-939c-19315badfee6,c2,c3,868,?,p3,
1769749047.7730217,RECEIVED,616b7496-be77-4e56-b72a-64969f01a795,207a19df-b577-4dcb-843f-130edb524d8b,c1,DROP,689,i11,?,
1769749047.826422,RECEIVED,1876c263-8006-4fb0-9edb-03d06a02df13,71d5303a-53f2-4959-a65a-35b2007137c4,c5,DROP,441,x4,?,
1769749047.8548985,RECEIVED,eedd1282-18a5-4970-b53c-29359ad3274d,43b8b2aa-2656-4462-8c31-5fa49d3796b8,c5,c3,1255,i2,?,
1769749047.8819134,RECEIVED,071f2ec1-ee4d-4e90-b94b-9eb9c520a3c9,21e95536-0342-4c42-b91a-d0b8cc954b57,c5,DROP,686,i2,?,
1769749047.889648,SENT,616b7496-be77-4e56-b72a-64969f01a795,207a19df-b577-4dcb-843f-130edb524d8b,c1,DROP,442,?,x11,
1769749047.8896885,FORWARDED,616b7496-be77-4e56-b72a-64969f01a795,207a19df-b577-4dcb-843f-130edb524d8b,c1,DROP,442,?,x11,
1769749047.947732,RECEIVED,7b751b77-3b26-4a3a-990c-a76ee3a697a2,b74fb39b-3dbe-4b46-92d0-0965e4051d9d,c1,DROP,688,i11,?,
1769749047.9645054,SENT,cf2dd34e-352d-4dda-9b5d-1b1cd88a7c53,6aa80e88-722c-4ad3-bf19-6bcc093b6083,c2,c3,868,?,p3,
1769749047.964547,FORWARDED,cf2dd34e-352d-4dda-9b5d-1b1cd88a7c53,6aa80e88-722c-4ad3-bf19-6bcc093b6083,c2,c3,868,?,p3,
1769749048.0501835,RECEIVED,eea106f1-7416-4401-b26b-43154aeb98b5,9a00aff7-f9cf-4d22-85f9-62c08eca5dfe,c3,DROP,679,i6,?,
1769749048.1341262,SENT,a99a95cc-e766-4e4e-9ca5-d22e07fe3b79,ce23d30d-f49b-4dce-a40f-c3f50f6f5952,c1,DROP,446,?,x1,
1769749048.1341603,FORWARDED,a99a95cc-e766-4e4e-9ca5-d22e07fe3b79,ce23d30d-f49b-4dce-a40f-c3f50f6f5952,c1,DROP,446,?,x1,
1769749048.1352763,RECEIVED,47240200-4786-4cf1-be6b-31011c90f74d,c68f07f4-bb7e-4c60-98d7-ff9f54877e4f,c3,DROP,442,x10,?,
1769749048.1526124,RECEIVED,2d8a8041-119f-4563-a79c-6c4eb6ccf796,3d552d44-9069-4a05-92b5-4c3bd4063650,c3,None,1131,i12,?,
1769749048.3653243,SENT,2d8a8041-119f-4563-a79c-6c4eb6ccf796,3d552d44-9069-4a05-92b5-4c3bd4063650,c3,None,775,?,p2,
1769749048.3653667,FORWARDED,2d8a8041-119f-4563-a79c-6c4eb6ccf796,3d552d44-9069-4a05-92b5-4c3bd4063650,c3,None,775,?,p2,
1769749048.4261632,SENT,7b751b77-3b26-4a3a-990c-a76ee3a697a2,b74fb39b-3dbe-4b46-92d0-0965e4051d9d,c1,DROP,443,?,i3,
1769749048.4262073,FORWARDED,7b751b77-3b26-4a3a-990c-a76ee3a697a2,b74fb39b-3dbe-4b46-92d0-0965e4051d9d,c1,DROP,443,?,i3,
1769749048.5207303,SENT,eedd1282-18a5-4970-b53c-29359ad3274d,43b8b2aa-2656-4462-8c31-5fa49d3796b8,c5,c3,868,?,p3,
1769749048.520772,FORWARDED,eedd1282-18a5-4970-b53c-29359ad3274d,43b8b2aa-2656-4462-8c31-5fa49d3796b8,c5,c3,868,?,p3,
1769749048.5392535,SENT,eea106f1-7416-4401-b26b-43154aeb98b5,9a00aff7-f9cf-4d22-85f9-62c08eca5dfe,c3,DROP,436,?,i9,
1769749048.539471,FORWARDED,eea106f1-7416-4401-b26b-43154aeb98b5,9a00aff7-f9cf-4d22-85f9-62c08eca5dfe,c3,DROP,436,?,i9,
1769749048.6218126,RECEIVED,d79ad4d1-06df-4e49-aca0-962478124e97,ebf2a376-a9cb-46f6-903f-b2da632bd13c,c3,DROP,441,x11,?,
1769749048.7728062,RECEIVED,2280f5f3-f6be-457a-9d95-a71c078090c8,3b17ab88-a966-4d20-a05a-f6de59163040,c5,DROP,438,x3,?,
1769749048.898984,RECEIVED,add2da6e-f602-4e61-a714-4c556d304c6e,a9c257b0-87af-4ea2-8228-8417acc2066e,c2,DROP,688,i2,?,
1769749048.926227,RECEIVED,02635837-7956-424b-b757-90bf580d3430,b6b95d8f-48f2-440b-861e-add0c23fa4cd,c1,DROP,685,i12,?,
1769749048.9295132,SENT,071f2ec1-ee4d-4e90-b94b-9eb9c520a3c9,21e95536-0342-4c42-b91a-d0b8cc954b57,c5,DROP,442,?,x10,
1769749048.9295456,FORWARDED,071f2ec1-ee4d-4e90-b94b-9eb9c520a3c9,21e95536-0342-4c42-b91a-d0b8cc954b57,c5,DROP,442,?,x10,
1769749048.9578025,SENT,02635837-7956-424b-b757-90bf580d3430,b6b95d8f-48f2-440b-861e-add0c23fa4cd,c1,DROP,441,?,e1,
1769749048.9578404,FORWARDED,02635837-7956-424b-b757-90bf580d3430,b6b95d8f-48f2-440b-861e-add0c23fa4cd,c1,DROP,441,?,e1,
1769749049.3419328,SENT,add2da6e-f602-4e61-a714-4c556d304c6e,a9c257b0-87af-4ea2-8228-8417acc2066e,c2,DROP,443,?,x7,
1769749049.3419726,FORWARDED,add2da6e-f602-4e61-a714-4c556d304c6e,a9c257b0-87af-4ea2-8228-8417acc2066e,c2,DROP,443,?,x7,
1769749049.356027,RECEIVED,fea4be43-c68d-485f-a57c-e355117e13e2,2c7e5063-7c95-458f-a930-2d98421f63bb,c4,c1,1249,i3,?,
1769749049.4688625,RECEIVED,75f53437-05e3-4d75-b4d3-2302d6022738,16028289-6d79-4a66-a80f-1393c9bbfe36,c4,c1,1251,i1,?,
1769749049.4982681,RECEIVED,5405968a-8361-4218-a058-4561b74fafd1,0f25ce71-5a49-4780-99e7-ea12b31b71cf,c2,DROP,687,i4,?,
1769749049.499615,RECEIVED,883978e9-e086-430d-b030-514cd5c33658,99ad672d-b433-4c72-b888-bd280976965e,c3,None,1128,i5,?,
1769749049.6424913,RECEIVED,13d9154c-126a-4a36-ab81-91f8ca5ef561,7c49cd05-2b87-485f-bf6a-aa7f86090a22,c3,DROP,683,i8,?,
1769749049.7482214,RECEIVED,19d93c43-be32-4c65-9e71-91ffdad3baab,a3c23c3e-87f2-4799-8bb6-3a83588958b4,c3,c2,1256,i2,?,
1769749049.7752864,SENT,883978e9-e086-430d-b030-514cd5c33658,99ad672d-b433-4c72-b888-bd280976965e,c3,None,772,?,p2,
1769749049.775328,FORWARDED,883978e9-e086-430d-b030-514cd5c33658,99ad672d-b433-4c72-b888-bd280976965e,c3,None,772,?,p2,
1769749049.7950757,RECEIVED,5684c591-6b1a-4103-9a0b-3b21a79f1cce,644a6b44-4fdb-4ab6-8d00-31ee0db89677,c4,DROP,684,i6,?,
1769749049.7955935,RECEIVED,622b736f-1b5e-4a9d-9ca6-02ea04cefb02,566aa2c8-e082-41bf-80b0-53c2fc7f9cb4,c1,DROP,684,i2,?,
1769749049.7986622,RECEIVED,e9d1b5fd-9584-4061-834d-86c4b0e0f5c7,0bfe143d-e42b-4499-8e13-eeb26094d45f,c1,DROP,441,x11,?,
1769749049.835453,SENT,19d93c43-be32-4c65-9e71-91ffdad3baab,a3c23c3e-87f2-4799-8bb6-3a83588958b4,c3,c2,870,?,p2,
1769749049.8354936,FORWARDED,19d93c43-be32-4c65-9e71-91ffdad3baab,a3c23c3e-87f2-4799-8bb6-3a83588958b4,c3,c2,870,?,p2,
1769749049.8490944,RECEIVED,bf623a84-4600-4b18-ba21-5d46875d4677,b9144de2-fa56-4ce8-8d4c-b91f29ad0ced,c5,None,1131,i1,?,
1769749049.9142354,SENT,fea4be43-c68d-485f-a57c-e355117e13e2,2c7e5063-7c95-458f-a930-2d98421f63bb,c4,c1,867,?,p1,
1769749049.9142733,FORWARDED,fea4be43-c68d-485f-a57c-e355117e13e2,2c7e5063-7c95-458f-a930-2d98421f63bb,c4,c1,867,?,p1,
1769749049.9222708,SENT,5405968a-8361-4218-a058-4561b74fafd1,0f25ce71-5a49-4780-99e7-ea12b31b71cf,c2,DROP,442,?,x6,
1769749049.922309,FORWARDED,5405968a-8361-4218-a058-4561b74fafd1,0f25ce71-5a49-4780-99e7-ea12b31b71cf,c2,DROP,442,?,x6,
1769749049.995226,SENT,13d9154c-126a-4a36-ab81-91f8ca5ef561,7c49cd05-2b87-485f-bf6a-aa7f86090a22,c3,DROP,441,?,e8,
1769749049.9952798,FORWARDED,13d9154c-126a-4a36-ab81-91f8ca5ef561,7c49cd05-2b87-485f-bf6a-aa7f86090a22,c3,DROP,441,?,e8,
1769749050.0365252,RECEIVED,7b40e82a-66c6-46c6-b95a-fe7b935cea1c,7997e9bd-d8b5-4e26-8f1d-f42cec55e890,c1,DROP,683,i9,?,
1769749050.054557,SENT,622b736f-1b5e-4a9d-9ca6-02ea04cefb02,566aa2c8-e082-41bf-80b0-53c2fc7f9cb4,c1,DROP,441,?,i7,
1769749050.0545993,FORWARDED,622b736f-1b5e-4a9d-9ca6-02ea04cefb02,566aa2c8-e082-41bf-80b0-53c2fc7f9cb4,c1,DROP,441,?,i7,
1769749050.2224057,SENT,7b40e82a-66c6-46c6-b95a-fe7b935cea1c,7997e9bd-d8b5-4e26-8f1d-f42cec55e890,c1,DROP,441,?,i6,
1769749050.2224467,FORWARDED,7b40e82a-66c6-46c6-b95a-fe7b935cea1c,7997e9bd-d8b5-4e26-8f1d-f42cec55e890,c1,DROP,441,?,i6,
1769749050.2922406,SENT,75f53437-05e3-4d75-b4d3-2302d6022738,16028289-6d79-4a66-a80f-1393c9bbfe36,c4,c1,867,?,p1,
1769749050.2922814,FORWARDED,75f53437-05e3-4d75-b4d3-2302d6022738,16028289-6d79-4a66-a80f-1393c9bbfe36,c4,c1,867,?,p1,
1769749050.4383914,SENT,bf623a84-4600-4b18-ba21-5d46875d4677,b9144de2-fa56-4ce8-8d4c-b91f29ad0ced,c5,None,776,?,p1,
1769749050.4384317,FORWARDED,bf623a84-4600-4b18-ba21-5d46875d4677,b9144de2-fa56-4ce8-8d4c-b91f29ad0ced,c5,None,776,?,p1,
1769749050.5985415,RECEIVED,a9691cd6-7b0f-40a7-8c45-45aca5ef4e91,ab7b4de4-bda6-4a3b-8db2-6e0e229de731,c5,None,1131,i9,?,
1769749050.6198745,RECEIVED,3a6c6813-f04c-4f0b-8f81-6bb2bbc0ae44,e8296f27-b2bd-4831-bcad-3bf747fb9d42,c3,DROP,687,i7,?,
1769749050.6793838,RECEIVED,d363287d-de67-420a-b855-56194c227e4f,602f284a-9561-4a60-a4ee-f818e4e05d90,c3,DROP,686,i9,?,
1769749050.69548,RECEIVED,c82151c7-2862-4620-bc10-0b5b3b641623,d98c5281-c877-46af-96b7-f4dd107ed664,c1,DROP,683,i12,?,
1769749050.7638235,SENT,5684c591-6b1a-4103-9a0b-3b21a79f1cce,644a6b44-4fdb-4ab6-8d00-31ee0db89677,c4,DROP,441,?,x12,
1769749050.7638612,FORWARDED,5684c591-6b1a-4103-9a0b-3b21a79f1cce,644a6b44-4fdb-4ab6-8d00-31ee0db89677,c4,DROP,441,?,x12,
1769749050.7705715,RECEIVED,688cc23c-f5c6-4395-aabf-2e08cf2a0da3,7deb09f8-3ad5-4d66-8fc2-9e96da0e790d,c1,DROP,687,i8,?,
1769749050.8103275,RECEIVED,1dd4b80b-8127-4714-889e-08335332e8c9,fc50465e-b00c-43c1-9ff2-f9b6ec68b44c,c2,DROP,441,x12,?,
1769749050.8687088,SENT,a9691cd6-7b0f-40a7-8c45-45aca5ef4e91,ab7b4de4-bda6-4a3b-8db2-6e0e229de731,c5,None,775,?,p1,
1769749050.8687513,FORWARDED,a9691cd6-7b0f-40a7-8c45-45aca5ef4e91,ab7b4de4-bda6-4a3b-8db2-6e0e229de731,c5,None,775,?,p1,
1769749050.9193404,RECEIVED,b1733a3a-dbc3-4670-a601-038a818f4e75,305b6e69-cfa0-49a4-8e11-c4d31a1c6871,c2,DROP,686,i7,?,
1769749050.9642644,SENT,3a6c6813-f04c-4f0b-8f81-6bb2bbc0ae44,e8296f27-b2bd-4831-bcad-3bf747fb9d42,c3,DROP,442,?,x9,
1769749050.9643059,FORWARDED,3a6c6813-f04c-4f0b-8f81-6bb2bbc0ae44,e8296f27-b2bd-4831-bcad-3bf747fb9d42,c3,DROP,442,?,x9,
1769749051.0671759,SENT,b1733a3a-dbc3-4670-a601-038a818f4e75,305b6e69-cfa0-49a4-8e11-c4d31a1c6871,c2,DROP,442,?,e8,
1769749051.0672138,FORWARDED,b1733a3a-dbc3-4670-a601-038a818f4e75,305b6e69-cfa0-49a4-8e11-c4d31a1c6871,c2,DROP,442,?,e8,
1769749051.1010053,RECEIVED,c471515d-8c3f-4751-92c6-a716929ecd00,c8eb9789-56e1-43ee-9053-6749e46804e5,c2,c3,1311,i8,?,
1769749051.1422408,SENT,d363287d-de67-420a-b855-56194c227e4f,602f284a-9561-4a60-a4ee-f818e4e05d90,c3,DROP,442,?,e6,
1769749051.1422813,FORWARDED,d363287d-de67-420a-b855-56194c227e4f,602f284a-9561-4a60-a4ee-f818e4e05d90,c3,DROP,442,?,e6,
1769749051.1875486,RECEIVED,2069b321-92d7-4eec-9219-120be5f9b135,fcfe63db-6bf2-47a5-a35b-35ca32328e36,c5,DROP,680,i7,?,
1769749051.2514558,RECEIVED,325f4d66-a7e0-44e7-84de-0af306d76052,889b38b9-0bb8-44d6-b41d-0a2ef652056b,c5,DROP,683,i2,?,
1769749051.2526004,RECEIVED,ab22d1e2-6cfe-492a-b006-6b21ef37aedc,e166d9d2-0786-43c8-b218-0e2512324c68,c2,DROP,684,i7,?,
1769749051.280524,RECEIVED,fef461e0-c03d-4768-b25f-337ea7c0a051,c99df444-dcf1-4989-852c-860765e767f4,c4,DROP,440,x11,?,
1769749051.338899,RECEIVED,eb7d7a83-90a5-49a7-932e-ba0ab53aef68,73da3be0-2073-49a5-a4e6-235eb76bf942,c1,DROP,442,x10,?,
1769749051.3807578,SENT,2069b321-92d7-4eec-9219-120be5f9b135,fcfe63db-6bf2-47a5-a35b-35ca32328e36,c5,DROP,436,?,i9,
1769749051.3807979,FORWARDED,2069b321-92d7-4eec-9219-120be5f9b135,fcfe63db-6bf2-47a5-a35b-35ca32328e36,c5,DROP,436,?,i9,
1769749051.4627469,SENT,ab22d1e2-6cfe-492a-b006-6b21ef37aedc,e166d9d2-0786-43c8-b218-0e2512324c68,c2,DROP,441,?,e7,
1769749051.462785,FORWARDED,ab22d1e2-6cfe-492a-b006-6b21ef37aedc,e166d9d2-0786-43c8-b218-0e2512324c68,c2,DROP,441,?,e7,
1769749051.5488708,RECEIVED,581dd9d4-748c-46f6-b8de-95a672a9ec42,72c9a6a9-15b5-43e8-a5af-65c017f41282,c1,DROP,692,i12,?,
1769749051.5526698,RECEIVED,2ec4f36c-f137-4c86-bdad-25ef8bb5655f,7418c34b-9ba9-42c2-9f0a-bf7ea67d92cd,c3,DROP,684,i3,?,
1769749051.5982857,RECEIVED,96284e2e-2b55-4fea-98b3-c32b3183097f,6c173b93-9f87-4b3c-9d92-c0b287ce7719,c5,c3,1317,i7,?,
1769749051.6404643,RECEIVED,f59b2d58-8f26-4f5a-b1ab-20f00929839f,d1c1af70-ffc4-4e78-a540-2c16f2664d79,c1,None,1122,i11,?,
1769749051.6662939,SENT,96284e2e-2b55-4fea-98b3-c32b3183097f,6c173b93-9f87-4b3c-9d92-c0b287ce7719,c5,c3,915,?,p3,
1769749051.666334,FORWARDED,96284e2e-2b55-4fea-98b3-c32b3183097f,6c173b93-9f87-4b3c-9d92-c0b287ce7719,c5,c3,915,?,p3,
1769749051.6870024,SENT,c82151c7-2862-4620-bc10-0b5b3b641623,d98c5281-c877-46af-96b7-f4dd107ed664,c1,DROP,441,?,x4,
1769749051.6870894,FORWARDED,c82151c7-2862-4620-bc10-0b5b3b641623,d98c5281-c877-46af-96b7-f4dd107ed664,c1,DROP,441,?,x4,
1769749051.7787523,SENT,f59b2d58-8f26-4f5a-b1ab-20f00929839f,d1c1af70-ffc4-4e78-a540-2c16f2664d79,c1,None,771,?,p1,
1769749051.7787921,FORWARDED,f59b2d58-8f26-4f5a-b1ab-20f00929839f,d1c1af70-ffc4-4e78-a540-2c16f2664d79,c1,None,771,?,p1,
1769749051.856307,SENT,c471515d-8c3f-4751-92c6-a716929ecd00,c8eb9789-56e1-43ee-9053-6749e46804e5,c2,c3,911,?,p3,
1769749051.8563485,FORWARDED,c471515d-8c3f-4751-92c6-a716929ecd00,c8eb9789-56e1-43ee-9053-6749e46804e5,c2,c3,911,?,p3,
1769749051.9205546,RECEIVED,1327534c-9fdd-4d75-8657-cb2da129e324,8e1bf82b-2699-4f7a-9f35-ee83c56636c7,c4,DROP,443,x9,?,
1769749051.984169,RECEIVED,617e1fbf-5b29-45f4-bd9a-43c9f2aa915c,f6dacbcb-2caa-4249-8c7a-40e88eba5b2a,c3,None,1121,i8,?,
1769749051.9912276,SENT,2ec4f36c-f137-4c86-bdad-25ef8bb5655f,7418c34b-9ba9-42c2-9f0a-bf7ea67d92cd,c3,DROP,440,?,x5,
1769749051.991266,FORWARDED,2ec4f36c-f137-4c86-bdad-25ef8bb5655f,7418c34b-9ba9-42c2-9f0a-bf7ea67d92cd,c3,DROP,440,?,x5,
1769749052.0478673,RECEIVED,70b15fc0-e27e-40e4-a46b-91ec534a52e0,d4004ceb-2b62-420b-bc91-62bc1b638344,c3,DROP,441,x11,?,
1769749052.0797133,RECEIVED,2be66963-5051-4f16-90e2-4ff550702117,2952b908-14d4-4761-9c57-1b28430de82e,c3,DROP,441,x3,?,
1769749052.090111,RECEIVED,7d4d4235-aa09-4b82-9eca-3bbe95a1cf45,0f0e3acd-b855-49b4-8b1b-a25e7f4d3e18,c1,None,1121,i8,?,
1769749052.1351333,SENT,7d4d4235-aa09-4b82-9eca-3bbe95a1cf45,0f0e3acd-b855-49b4-8b1b-a25e7f4d3e18,c1,None,768,?,p1,
1769749052.135181,FORWARDED,7d4d4235-aa09-4b82-9eca-3bbe95a1cf45,0f0e3acd-b855-49b4-8b1b-a25e7f4d3e18,c1,None,768,?,p1,
1769749052.1563025,SENT,688cc23c-f5c6-4395-aabf-2e08cf2a0da3,7deb09f8-3ad5-4d66-8fc2-9e96da0e790d,c1,DROP,442,?,i12,
1769749052.1563447,FORWARDED,688cc23c-f5c6-4395-aabf-2e08cf2a0da3,7deb09f8-3ad5-4d66-8fc2-9e96da0e790d,c1,DROP,442,?,i12,
1769749052.176698,SENT,325f4d66-a7e0-44e7-84de-0af306d76052,889b38b9-0bb8-44d6-b41d-0a2ef652056b,c5,DROP,441,?,e2,
1769749052.1767402,FORWARDED,325f4d66-a7e0-44e7-84de-0af306d76052,889b38b9-0bb8-44d6-b41d-0a2ef652056b,c5,DROP,441,?,e2,
1769749052.2727482,RECEIVED,65f94bd4-e00d-46ca-adce-50f7ca9b9b60,e3b413b0-a093-4330-af7a-3b72981f8bae,c5,c3,1259,i1,?,
1769749052.3087764,RECEIVED,23bba089-fb35-453d-9509-fb41ce8be533,d729e070-8b86-48d4-b4e3-d23b1926f6e4,c5,c3,1264,i4,?,
1769749052.318729,SENT,581dd9d4-748c-46f6-b8de-95a672a9ec42,72c9a6a9-15b5-43e8-a5af-65c017f41282,c1,DROP,447,?,i11,
1769749052.3187702,FORWARDED,581dd9d4-748c-46f6-b8de-95a672a9ec42,72c9a6a9-15b5-43e8-a5af-65c017f41282,c1,DROP,447,?,i11,
1769749052.3572655,RECEIVED,cffd0a27-c74b-42c3-beee-57d78f5ad9ee,53648227-27c1-47ba-b7b5-c2e0a0e3f51b,c5,DROP,688,i6,?,
1769749052.3802302,SENT,65f94bd4-e00d-46ca-adce-50f7ca9b9b60,e3b413b0-a093-4330-af7a-3b72981f8bae,c5,c3,871,?,p3,
1769749052.3802795,FORWARDED,65f94bd4-e00d-46ca-adce-50f7ca9b9b60,e3b413b0-a093-4330-af7a-3b72981f8bae,c5,c3,871,?,p3,
1769749052.542378,RECEIVED,39036249-2d90-4a48-aff4-6ba7b3629ec2,4dc0d414-96c9-4e4b-8990-9bfd222dc335,c5,DROP,442,x2,?,
1769749052.5510178,RECEIVED,ac70bcf3-4347-4e35-9ceb-f640514bd406,4a64e24a-5839-4d5c-b9d5-dff72d7297e2,c3,DROP,683,i9,?,
1769749052.5838327,SENT,23bba089-fb35-453d-9509-fb41ce8be533,d729e070-8b86-48d4-b4e3-d23b1926f6e4,c5,c3,875,?,p3,
1769749052.5840266,FORWARDED,23bba089-fb35-453d-9509-fb41ce8be533,d729e070-8b86-48d4-b4e3-d23b1926f6e4,c5,c3,875,?,p3,
1769749052.6651237,SENT,ac70bcf3-4347-4e35-9ceb-f640514bd406,4a64e24a-5839-4d5c-b9d5-dff72d7297e2,c3,DROP,441,?,e8,
1769749052.6651638,FORWARDED,ac70bcf3-4347-4e35-9ceb-f640514bd406,4a64e24a-5839-4d5c-b9d5-dff72d7297e2,c3,DROP,441,?,e8,
1769749052.70278,SENT,cffd0a27-c74b-42c3-beee-57d78f5ad9ee,53648227-27c1-47ba-b7b5-c2e0a0e3f51b,c5,DROP,443,?,x3,
1769749052.7028198,FORWARDED,cffd0a27-c74b-42c3-beee-57d78f5ad9ee,53648227-27c1-47ba-b7b5-c2e0a0e3f51b,c5,DROP,443,?,x3,
1769749052.810747,RECEIVED,9f1bc5c6-625a-40dc-aa00-09b8749e6eeb,21709aba-08f0-469f-aa7c-8b23e63f3174,c2,None,1131,i4,?,
1769749052.9596088,RECEIVED,dd31cd53-99f7-4f6e-bd76-180946f72239,f45c82ad-6d67-47d1-b702-5d8fe5221871,c2,DROP,443,x3,?,
1769749053.1035788,RECEIVED,d9ebe2fd-c0fb-423c-87fc-d18f3a501f76,b06bbf8e-0563-4834-a8c3-4abceb5d7f52,c1,None,1131,i9,?,
1769749053.1445298,RECEIVED,30ffbdac-a361-469d-85e6-812593f8df29,d4295864-ee6d-486a-8144-97aa109d50b3,c5,None,1122,i7,?,
1769749053.156115,SENT,9f1bc5c6-625a-40dc-aa00-09b8749e6eeb,21709aba-08f0-469f-aa7c-8b23e63f3174,c2,None,775,?,p3,
1769749053.1561584,FORWARDED,9f1bc5c6-625a-40dc-aa00-09b8749e6eeb,21709aba-08f0-469f-aa7c-8b23e63f3174,c2,None,775,?,p3,
1769749053.358316,RECEIVED,bb207dbd-083b-4052-830a-4a16df1c008f,065cb786-0c95-49a8-97b2-e0f691bca8b6,c3,c2,1258,i12,?,
1769749053.4153156,RECEIVED,4baf38de-6632-478b-abc5-848442e69466,e6b3980b-6fdc-4d51-9021-e3657889499e,c1,None,1127,i8,?,
1769749053.4252813,RECEIVED,5901e969-65de-4196-ac10-d62b7d9e4481,2e745a75-9ca8-4140-bd9d-da5f208af9d9,c2,c3,1261,i6,?,
1769749053.4439123,SENT,5901e969-65de-4196-ac10-d62b7d9e4481,2e745a75-9ca8-4140-bd9d-da5f208af9d9,c2,c3,871,?,p3,
1769749053.4441438,FORWARDED,5901e969-65de-4196-ac10-d62b7d9e4481,2e745a75-9ca8-4140-bd9d-da5f208af9d9,c2,c3,871,?,p3,
1769749053.4522457,SENT,d9ebe2fd-c0fb-423c-87fc-d18f3a501f76,b06bbf8e-0563-4834-a8c3-4abceb5d7f52,c1,None,775,?,p1,
1769749053.4522877,FORWARDED,d9ebe2fd-c0fb-423c-87fc-d18f3a501f76,b06bbf8e-0563-4834-a8c3-4abceb5d7f52,c1,None,775,?,p1,
1769749053.4682267,RECEIVED,26fa1a68-88cd-4d4d-8013-226b95c5d1fc,32bb000c-fd59-4b8c-b947-e07f8513a518,c4,c1,1263,i4,?,
1769749053.656374,RECEIVED,30a8204c-a525-4ba1-92d4-cfda862b271c,be2efc66-a0ca-4c5a-a169-d4f3b8d5eb0d,c5,c3,1311,i2,?,
1769749053.7083604,RECEIVED,57de2619-ca38-4110-b130-18b11d85657a,4e854f21-c6f9-45b8-bb79-627995ddd44b,c5,DROP,686,i2,?,
1769749053.7302153,SENT,30a8204c-a525-4ba1-92d4-cfda862b271c,be2efc66-a0ca-4c5a-a169-d4f3b8d5eb0d,c5,c3,912,?,p3,
1769749053.7302544,FORWARDED,30a8204c-a525-4ba1-92d4-cfda862b271c,be2efc66-a0ca-4c5a-a169-d4f3b8d5eb0d,c5,c3,912,?,p3,
1769749053.7386193,SENT,bb207dbd-083b-4052-830a-4a16df1c008f,065cb786-0c95-49a8-97b2-e0f691bca8b6,c3,c2,872,?,p2,
1769749053.7386556,FORWARDED,bb207dbd-083b-4052-830a-4a16df1c008f,065cb786-0c95-49a8-97b2-e0f691bca8b6,c3,c2,872,?,p2,
1769749053.760604,RECEIVED,61a8611b-7fe8-40d4-8521-2e811b060fb9,004e4b5b-8bc0-4e32-a765-5249f3395a8a,c5,DROP,682,i3,?,
1769749053.8736303,SENT,26fa1a68-88cd-4d4d-8013-226b95c5d1fc,32bb000c-fd59-4b8c-b947-e07f8513a518,c4,c1,875,?,p1,
1769749053.8736706,FORWARDED,26fa1a68-88cd-4d4d-8013-226b95c5d1fc,32bb000c-fd59-4b8c-b947-e07f8513a518,c4,c1,875,?,p1,
1769749053.9953732,SENT,30ffbdac-a361-469d-85e6-812593f8df29,d4295864-ee6d-486a-8144-97aa109d50b3,c5,None,770,?,p1,
1769749053.9954345,FORWARDED,30ffbdac-a361-469d-85e6-812593f8df29,d4295864-ee6d-486a-8144-97aa109d50b3,c5,None,770,?,p1,
1769749054.0271983,RECEIVED,7a002acc-c0ca-4c35-9fac-c3558382719a,56a64e0f-20ba-41dd-8edf-3fe7a48d19b7,c2,c3,1311,i6,?,
1769749054.0371697,RECEIVED,d49b814a-9078-42d6-a291-1703b141546f,6a26f1b1-92b5-4ebf-ae18-b446c646968d,c4,c1,1251,i3,?,
1769749054.1014285,RECEIVED,c1a60134-a2e3-4e1f-afc5-64cd76fc00e6,e5a26794-edc3-4b22-aff8-50fe935d51a6,c2,DROP,683,i6,?,
1769749054.1727529,RECEIVED,e6057e18-bb9e-4d6c-a057-c1423c81682c,b0fd07e2-f91e-499d-bea4-f9f693d59983,c2,DROP,441,x2,?,
1769749054.1844065,RECEIVED,bf90f6df-c869-4b2d-b4b5-c18632625d6f,da13ea96-8664-4e16-b563-e8cd20a6666a,c1,DROP,439,x5,?,
1769749054.196435,RECEIVED,e176527d-9b87-4da7-93cb-85a2ace627ab,0c752c7a-cc8e-4ccc-a363-0782a55eec72,c5,DROP,683,i9,?,
1769749054.2054725,SENT,d49b814a-9078-42d6-a291-1703b141546f,6a26f1b1-92b5-4ebf-ae18-b446c646968d,c4,c1,867,?,p1,
1769749054.205515,FORWARDED,d49b814a-9078-42d6-a291-1703b141546f,6a26f1b1-92b5-4ebf-ae18-b446c646968d,c4,c1,867,?,p1,
1769749054.2286282,SENT,617e1fbf-5b29-45f4-bd9a-43c9f2aa915c,f6dacbcb-2caa-4249-8c7a-40e88eba5b2a,c3,None,771,?,p2,
1769749054.2286685,FORWARDED,617e1fbf-5b29-45f4-bd9a-43c9f2aa915c,f6dacbcb-2caa-4249-8c7a-40e88eba5b2a,c3,None,771,?,p2,
1769749054.234675,RECEIVED,b339f981-e851-4cdb-aa1d-afd1a855e0d0,2242cd92-490f-4c5e-8d8d-2d6d7d1470fb,c5,DROP,691,i12,?,
1769749054.2812052,RECEIVED,3b5c872c-3404-4d25-8a37-9c64c4644ea4,c6709a43-669e-4f34-9b09-57e24c997291,c3,c2,1314,i3,?,
1769749054.3808289,SENT,7a002acc-c0ca-4c35-9fac-c3558382719a,56a64e0f-20ba-41dd-8edf-3fe7a48d19b7,c2,c3,911,?,p3,
1769749054.3808682,FORWARDED,7a002acc-c0ca-4c35-9fac-c3558382719a,56a64e0f-20ba-41dd-8edf-3fe7a48d19b7,c2,c3,911,?,p3,
1769749054.3991158,RECEIVED,cb413122-3377-4ab4-9b19-763016785e87,6e024250-e7af-4f6b-921b-685aa118e8c4,c4,DROP,691,i12,?,
1769749054.489369,RECEIVED,c06e7c0f-720d-438c-9e04-3fe9e25ab8e6,b39502e6-a486-40e1-a8c9-b5abcd2f8b37,c5,DROP,686,i2,?,
1769749054.580617,SENT,c06e7c0f-720d-438c-9e04-3fe9e25ab8e6,b39502e6-a486-40e1-a8c9-b5abcd2f8b37,c5,DROP,441,?,x10,
1769749054.5806584,FORWARDED,c06e7c0f-720d-438c-9e04-3fe9e25ab8e6,b39502e6-a486-40e1-a8c9-b5abcd2f8b37,c5,DROP,441,?,x10,
1769749054.5834517,SENT,cb413122-3377-4ab4-9b19-763016785e87,6e024250-e7af-4f6b-921b-685aa118e8c4,c4,DROP,446,?,x5,
1769749054.5834925,FORWARDED,cb413122-3377-4ab4-9b19-763016785e87,6e024250-e7af-4f6b-921b-685aa118e8c4,c4,DROP,446,?,x5,
1769749054.6049495,RECEIVED,c738dfd2-41b3-4c4c-a047-7e89cd7758dc,e5808b38-af4c-4c56-994d-ada9922555fc,c4,c1,1312,i1,?,
1769749054.8701468,SENT,c738dfd2-41b3-4c4c-a047-7e89cd7758dc,e5808b38-af4c-4c56-994d-ada9922555fc,c4,c1,912,?,p1,
1769749054.8701985,FORWARDED,c738dfd2-41b3-4c4c-a047-7e89cd7758dc,e5808b38-af4c-4c56-994d-ada9922555fc,c4,c1,912,?,p1,
1769749054.8896697,RECEIVED,fa3f1f21-7648-4997-9515-39ebe9354874,e332d069-6069-476b-9906-bfb4555f7133,c3,DROP,441,x5,?,
1769749054.911623,RECEIVED,24f18b67-ece8-4f76-bc95-8d01e6a7af3b,330679f2-6cd0-4269-b373-641f59c99403,c3,c2,1320,i2,?,
1769749055.0057902,SENT,24f18b67-ece8-4f76-bc95-8d01e6a7af3b,330679f2-6cd0-4269-b373-641f59c99403,c3,c2,917,?,p2,
1769749055.0058303,FORWARDED,24f18b67-ece8-4f76-bc95-8d01e6a7af3b,330679f2-6cd0-4269-b373-641f59c99403,c3,c2,917,?,p2,
1769749055.0267742,RECEIVED,ae5513e3-2773-4fd0-81ef-bd55ce9830ca,47057ea3-635c-4af3-9f18-b9c227f616cf,c5,DROP,683,i1,?,
1769749055.0627408,RECEIVED,11b10f9e-e67e-4aee-965e-fb8d87c669b2,3eeacffb-d246-446c-bbae-882af0d1ec2b,c1,None,1132,i12,?,
1769749055.0714424,SENT,4baf38de-6632-478b-abc5-848442e69466,e6b3980b-6fdc-4d51-9021-e3657889499e,c1,None,772,?,p1,
1769749055.0714867,FORWARDED,4baf38de-6632-478b-abc5-848442e69466,e6b3980b-6fdc-4d51-9021-e3657889499e,c1,None,772,?,p1,
1769749055.09052,RECEIVED,601e4df6-164a-4dd2-b168-20fb85ae0d7d,8b919309-af14-4501-85bb-1ab8147168ef,c2,DROP,687,i9,?,
1769749055.168527,SENT,b339f981-e851-4cdb-aa1d-afd1a855e0d0,2242cd92-490f-4c5e-8d8d-2d6d7d1470fb,c5,DROP,445,?,x1,
1769749055.1685667,FORWARDED,b339f981-e851-4cdb-aa1d-afd1a855e0d0,2242cd92-490f-4c5e-8d8d-2d6d7d1470fb,c5,DROP,445,?,x1,
1769749055.1811259,SENT,e176527d-9b87-4da7-93cb-85a2ace627ab,0c752c7a-cc8e-4ccc-a363-0782a55eec72,c5,DROP,441,?,i3,
1769749055.181165,FORWARDED,e176527d-9b87-4da7-93cb-85a2ace627ab,0c752c7a-cc8e-4ccc-a363-0782a55eec72,c5,DROP,441,?,i3,
1769749055.2245452,RECEIVED,1a3dbe4f-2f93-43f2-abfe-6129e91b7935,c461db6d-6f0c-4a00-bf3b-0aa4ef49571f,c1,DROP,685,i6,?,
1769749055.2522721,SENT,11b10f9e-e67e-4aee-965e-fb8d87c669b2,3eeacffb-d246-446c-bbae-882af0d1ec2b,c1,None,775,?,p1,
1769749055.2523148,FORWARDED,11b10f9e-e67e-4aee-965e-fb8d87c669b2,3eeacffb-d246-446c-bbae-882af0d1ec2b,c1,None,775,?,p1,
1769749055.2605152,RECEIVED,8503862c-4ffe-47e9-934d-e65d9e5a709a,6b3ad9e7-76bf-45eb-b32e-6e5e1618919d,c3,DROP,684,i2,?,
1769749055.274917,SENT,ae5513e3-2773-4fd0-81ef-bd55ce9830ca,47057ea3-635c-4af3-9f18-b9c227f616cf,c5,DROP,441,?,x5,
1769749055.274958,FORWARDED,ae5513e3-2773-4fd0-81ef-bd55ce9830ca,47057ea3-635c-4af3-9f18-b9c227f616cf,c5,DROP,441,?,x5,
1769749055.3013222,SENT,57de2619-ca38-4110-b130-18b11d85657a,4e854f21-c6f9-45b8-bb79-627995ddd44b,c5,DROP,442,?,e7,
1769749055.3013601,FORWARDED,57de2619-ca38-4110-b130-18b11d85657a,4e854f21-c6f9-45b8-bb79-627995ddd44b,c5,DROP,442,?,e7,
1769749055.3451715,SENT,61a8611b-7fe8-40d4-8521-2e811b060fb9,004e4b5b-8bc0-4e32-a765-5249f3395a8a,c5,DROP,441,?,e8,
1769749055.3452122,FORWARDED,61a8611b-7fe8-40d4-8521-2e811b060fb9,004e4b5b-8bc0-4e32-a765-5249f3395a8a,c5,DROP,441,?,e8,
1769749055.3802154,RECEIVED,4c7e272e-ff87-4c83-8efc-e0cbb0cb44ab,37d17a29-4d6e-4814-be32-eca942fe2a07,c5,DROP,687,i2,?,
1769749055.3871598,RECEIVED,060107e8-1561-4eca-b84b-e7f3b09ef09c,57d7505a-c466-48f8-a96e-e5cc8b02c5af,c4,c1,1263,i11,?,
1769749055.4274836,RECEIVED,8f060b25-87fd-41e9-a8eb-c3aa53e14277,d68d0866-d179-4d55-9e6e-d904147208e8,c4,c1,1311,i3,?,
1769749055.5153906,RECEIVED,c52178b3-e661-4ba4-80bb-6f79370d980c,7cd5ad73-0e3f-4d64-8a7e-f89a77c8773b,c3,DROP,686,i7,?,
1769749055.546704,RECEIVED,0eb8c038-d602-4829-a7ea-bec4299a18e3,f498d4ac-56dd-454e-9529-90172ae2c793,c3,DROP,441,x1,?,
1769749055.6779802,SENT,c1a60134-a2e3-4e1f-afc5-64cd76fc00e6,e5a26794-edc3-4b22-aff8-50fe935d51a6,c2,DROP,441,?,i5,
1769749055.6780255,FORWARDED,c1a60134-a2e3-4e1f-afc5-64cd76fc00e6,e5a26794-edc3-4b22-aff8-50fe935d51a6,c2,DROP,441,?,i5,
1769749055.688662,SENT,1a3dbe4f-2f93-43f2-abfe-6129e91b7935,c461db6d-6f0c-4a00-bf3b-0aa4ef49571f,c1,DROP,441,?,e11,
1769749055.6887043,FORWARDED,1a3dbe4f-2f93-43f2-abfe-6129e91b7935,c461db6d-6f0c-4a00-bf3b-0aa4ef49571f,c1,DROP,441,?,e11,
1769749055.7476544,RECEIVED,f8f726bb-0acf-434a-876c-a1717296b398,6ff58a51-eac5-46b8-b7fc-755d670e2a01,c4,DROP,682,i1,?,
1769749055.7652476,RECEIVED,f3e23e67-a131-4d99-8ff2-b1150127ac45,b4dbb0a8-3698-4752-904b-7705da9c8625,c3,DROP,441,x4,?,
1769749055.810861,SENT,601e4df6-164a-4dd2-b168-20fb85ae0d7d,8b919309-af14-4501-85bb-1ab8147168ef,c2,DROP,442,?,e6,
1769749055.8109035,FORWARDED,601e4df6-164a-4dd2-b168-20fb85ae0d7d,8b919309-af14-4501-85bb-1ab8147168ef,c2,DROP,442,?,e6,
1769749055.8462403,RECEIVED,879ccb35-73c0-4849-bddc-3abf47b5fccb,e3b7bea8-8516-4d6e-b0d8-abf4380d7dd3,c1,DROP,687,i6,?,
1769749055.8691733,SENT,060107e8-1561-4eca-b84b-e7f3b09ef09c,57d7505a-c466-48f8-a96e-e5cc8b02c5af,c4,c1,875,?,p1,
1769749055.869214,FORWARDED,060107e8-1561-4eca-b84b-e7f3b09ef09c,57d7505a-c466-48f8-a96e-e5cc8b02c5af,c4,c1,875,?,p1,
1769749055.9635744,RECEIVED,d9541c9f-9640-45ba-9145-5c35b8a666e8,dc81f2c8-5557-4319-933f-d4c60f4e4177,c2,None,1127,i4,?,
1769749055.9982476,SENT,8f060b25-87fd-41e9-a8eb-c3aa53e14277,d68d0866-d179-4d55-9e6e-d904147208e8,c4,c1,911,?,p1,
1769749055.9982877,FORWARDED,8f060b25-87fd-41e9-a8eb-c3aa53e14277,d68d0866-d179-4d55-9e6e-d904147208e8,c4,c1,911,?,p1,
1769749056.007934,SENT,3b5c872c-3404-4d25-8a37-9c64c4644ea4,c6709a43-669e-4f34-9b09-57e24c997291,c3,c2,913,?,p2,
1769749056.0079732,FORWARDED,3b5c872c-3404-4d25-8a37-9c64c4644ea4,c6709a43-669e-4f34-9b09-57e24c997291,c3,c2,913,?,p2,
1769749056.0811903,SENT,f8f726bb-0acf-434a-876c-a1717296b398,6ff58a51-eac5-46b8-b7fc-755d670e2a01,c4,DROP,441,?,i5,
1769749056.0812304,FORWARDED,f8f726bb-0acf-434a-876c-a1717296b398,6ff58a51-eac5-46b8-b7fc-755d670e2a01,c4,DROP,441,?,i5,
1769749056.147432,RECEIVED,62403c5a-f982-4da0-9ca4-acca3b30f9a6,a297e217-4a9f-4b74-ad9c-568b0ee75534,c2,c3,1260,i11,?,
1769749056.1480083,RECEIVED,b75d7292-16a5-4325-8743-881ca846fcbc,1dc28808-2f03-4a8e-859b-24f99cca2dae,c5,DROP,686,i2,?,
1769749056.1840189,SENT,62403c5a-f982-4da0-9ca4-acca3b30f9a6,a297e217-4a9f-4b74-ad9c-568b0ee75534,c2,c3,871,?,p3,
1769749056.1840737,FORWARDED,62403c5a-f982-4da0-9ca4-acca3b30f9a6,a297e217-4a9f-4b74-ad9c-568b0ee75534,c2,c3,871,?,p3,
1769749056.2207782,RECEIVED,f7f3bed2-ee16-4832-9346-dc70a823e1a5,c87521b8-02b3-4446-8e6e-ee5a057a558f,c4,c1,1255,i11,?,
1769749056.2423677,SENT,8503862c-4ffe-47e9-934d-e65d9e5a709a,6b3ad9e7-76bf-45eb-b32e-6e5e1618919d,c3,DROP,441,?,x10,
1769749056.242411,FORWARDED,8503862c-4ffe-47e9-934d-e65d9e5a709a,6b3ad9e7-76bf-45eb-b32e-6e5e1618919d,c3,DROP,441,?,x10,
1769749056.3103414,RECEIVED,bc83e7c7-d47e-408e-acd5-8d6ccb8ea08f,d1638b17-442c-41cf-924b-1e5a09aee50a,c5,DROP,447,x10,?,
1769749056.3938742,SENT,f7f3bed2-ee16-4832-9346-dc70a823e1a5,c87521b8-02b3-4446-8e6e-ee5a057a558f,c4,c1,868,?,p1,
1769749056.3939168,FORWARDED,f7f3bed2-ee16-4832-9346-dc70a823e1a5,c87521b8-02b3-4446-8e6e-ee5a057a558f,c4,c1,868,?,p1,
1769749056.4474778,RECEIVED,3d36b7ef-f17f-4ef0-89c4-b34871d8624d,e3d6aaec-55d0-4ab6-a7d2-9881434eaa78,c5,DROP,683,i6,?,
1769749056.5512207,SENT,c52178b3-e661-4ba4-80bb-6f79370d980c,7cd5ad73-0e3f-4d64-8a7e-f89a77c8773b,c3,DROP,442,?,i4,
1769749056.55126,FORWARDED,c52178b3-e661-4ba4-80bb-6f79370d980c,7cd5ad73-0e3f-4d64-8a7e-f89a77c8773b,c3,DROP,442,?,i4,
1769749056.6230881,RECEIVED,a1a9d84f-c3df-451a-9130-1eaec8ad0bad,e47a6fb8-b927-4743-a183-83d19af1ae41,c3,c2,1263,i8,?,
1769749056.6278152,SENT,d9541c9f-9640-45ba-9145-5c35b8a666e8,dc81f2c8-5557-4319-933f-d4c60f4e4177,c2,None,772,?,p3,
1769749056.627857,FORWARDED,d9541c9f-9640-45ba-9145-5c35b8a666e8,dc81f2c8-5557-4319-933f-d4c60f4e4177,c2,None,772,?,p3,
1769749056.7861896,SENT,a1a9d84f-c3df-451a-9130-1eaec8ad0bad,e47a6fb8-b927-4743-a183-83d19af1ae41,c3,c2,875,?,p2,
1769749056.7862232,FORWARDED,a1a9d84f-c3df-451a-9130-1eaec8ad0bad,e47a6fb8-b927-4743-a183-83d19af1ae41,c3,c2,875,?,p2,
1769749056.8690052,RECEIVED,820049e3-cef2-4cdd-973e-fbd453f81af1,4766f3f0-5165-4667-8a17-400f1f4422d9,c3,DROP,683,i3,?,
1769749056.9536047,RECEIVED,3be8eefa-f1e0-4665-963f-a1fb493c0895,3c209e2c-7375-4f22-b48d-162d784d8745,c5,DROP,684,i11,?,
1769749056.9649184,RECEIVED,06604df7-449d-4e99-baec-1761665ae1b0,cd206644-2622-4a4e-b48e-c70bb0cd2b1d,c1,DROP,683,i12,?,
1769749057.0688546,SENT,b75d7292-16a5-4325-8743-881ca846fcbc,1dc28808-2f03-4a8e-859b-24f99cca2dae,c5,DROP,442,?,e5,
1769749057.0688906,FORWARDED,b75d7292-16a5-4325-8743-881ca846fcbc,1dc28808-2f03-4a8e-859b-24f99cca2dae,c5,DROP,442,?,e5,
1769749057.111532,RECEIVED,dc7a88be-7b99-4f17-96d4-926e582066b2,b69edf5b-7342-4b17-8a8c-ba499d1d2b9b,c4,DROP,440,x5,?,
1769749057.1449041,SENT,3d36b7ef-f17f-4ef0-89c4-b34871d8624d,e3d6aaec-55d0-4ab6-a7d2-9881434eaa78,c5,DROP,441,?,x4,
1769749057.1449466,FORWARDED,3d36b7ef-f17f-4ef0-89c4-b34871d8624d,e3d6aaec-55d0-4ab6-a7d2-9881434eaa78,c5,DROP,441,?,x4,
1769749057.1579762,SENT,3be8eefa-f1e0-4665-963f-a1fb493c0895,3c209e2c-7375-4f22-b48d-162d784d8745,c5,DROP,441,?,x2,
1769749057.1580164,FORWARDED,3be8eefa-f1e0-4665-963f-a1fb493c0895,3c209e2c-7375-4f22-b48d-162d784d8745,c5,DROP,441,?,x2,
1769749057.1685941,RECEIVED,c52bb9f9-4fff-418a-8a52-d2732d5863aa,ae87848a-cc66-475d-9b1a-eb131708269d,c3,None,1124,i9,?,
1769749057.281887,SENT,879ccb35-73c0-4849-bddc-3abf47b5fccb,e3b7bea8-8516-4d6e-b0d8-abf4380d7dd3,c1,DROP,442,?,e2,
1769749057.2819304,FORWARDED,879ccb35-73c0-4849-bddc-3abf47b5fccb,e3b7bea8-8516-4d6e-b0d8-abf4380d7dd3,c1,DROP,442,?,e2,
1769749057.2975879,RECEIVED,eb180194-b6ea-4fbb-a9fb-4ea2e3d6fb1e,2f2f617c-b9ee-4bf5-bb8d-b02eed8b6240,c3,None,1131,i3,?,
1769749057.3530529,RECEIVED,bbd0e094-1e1f-437f-9a86-5b1dd895d68f,1b29fe12-dfe7-4342-bd26-1575e3a88e14,c1,None,1127,i8,?,
1769749057.5265484,RECEIVED,e8ae0630-9d21-4992-918e-9d4c5071c5cc,5421c963-23df-404a-8d2c-341cd9e246ce,c2,DROP,688,i8,?,
1769749057.534312,SENT,c52bb9f9-4fff-418a-8a52-d2732d5863aa,ae87848a-cc66-475d-9b1a-eb131708269d,c3,None,771,?,p2,
1769749057.5343552,FORWARDED,c52bb9f9-4fff-418a-8a52-d2732d5863aa,ae87848a-cc66-475d-9b1a-eb131708269d,c3,None,771,?,p2,
1769749057.5867248,RECEIVED,fcc09148-285e-491c-8918-88bb303e611b,0458b4be-5670-41ed-a72b-0f8913e54566,c4,c1,1313,i3,?,
1769749057.5886214,RECEIVED,7a248994-25ab-4b79-9263-3f7d03fe3098,d58c17b7-4317-43c6-9982-cd14253400d3,c5,DROP,691,i4,?,
1769749057.6354992,SENT,7a248994-25ab-4b79-9263-3f7d03fe3098,d58c17b7-4317-43c6-9982-cd14253400d3,c5,DROP,442,?,i8,
1769749057.6355367,FORWARDED,7a248994-25ab-4b79-9263-3f7d03fe3098,d58c17b7-4317-43c6-9982-cd14253400d3,c5,DROP,442,?,i8,
1769749057.6372063,SENT,fcc09148-285e-491c-8918-88bb303e611b,0458b4be-5670-41ed-a72b-0f8913e54566,c4,c1,911,?,p1,
1769749057.637242,FORWARDED,fcc09148-285e-491c-8918-88bb303e611b,0458b4be-5670-41ed-a72b-0f8913e54566,c4,c1,911,?,p1,
1769749057.6592767,RECEIVED,d88e4e86-f4fd-42aa-bac7-0a173e760cca,dbf079e8-36b8-49dd-88bb-8c4df9c8745e,c4,DROP,680,i2,?,
1769749057.710918,SENT,820049e3-cef2-4cdd-973e-fbd453f81af1,4766f3f0-5165-4667-8a17-400f1f4422d9,c3,DROP,441,?,e1,
1769749057.7109585,FORWARDED,820049e3-cef2-4cdd-973e-fbd453f81af1,4766f3f0-5165-4667-8a17-400f1f4422d9,c3,DROP,441,?,e1,
1769749057.7464025,RECEIVED,09bc114e-bea6-42f8-8f63-44135d554e1d,65e7ff4f-c810-42c4-9781-339af72991e1,c4,DROP,685,i9,?,
1769749057.7761426,RECEIVED,6966ce46-56bc-41e6-bbb1-468df30a2418,8353b599-0d1b-47e7-9cb7-ac9c47d314af,c5,DROP,684,i1,?,
1769749057.823694,SENT,e8ae0630-9d21-4992-918e-9d4c5071c5cc,5421c963-23df-404a-8d2c-341cd9e246ce,c2,DROP,443,?,e8,
1769749057.8237305,FORWARDED,e8ae0630-9d21-4992-918e-9d4c5071c5cc,5421c963-23df-404a-8d2c-341cd9e246ce,c2,DROP,443,?,e8,
1769749057.8394039,SENT,bbd0e094-1e1f-437f-9a86-5b1dd895d68f,1b29fe12-dfe7-4342-bd26-1575e3a88e14,c1,None,772,?,p1,
1769749057.8394444,FORWARDED,bbd0e094-1e1f-437f-9a86-5b1dd895d68f,1b29fe12-dfe7-4342-bd26-1575e3a88e14,c1,None,772,?,p1,
1769749057.8717322,RECEIVED,911845f4-7fd3-4b64-9e50-ed68842e234e,3c58e8c8-d8bd-40aa-96a1-2d690301a2d2,c1,None,1131,i9,?,
1769749057.8887017,SENT,eb180194-b6ea-4fbb-a9fb-4ea2e3d6fb1e,2f2f617c-b9ee-4bf5-bb8d-b02eed8b6240,c3,None,776,?,p2,
1769749057.888744,FORWARDED,eb180194-b6ea-4fbb-a9fb-4ea2e3d6fb1e,2f2f617c-b9ee-4bf5-bb8d-b02eed8b6240,c3,None,776,?,p2,
1769749057.8993962,RECEIVED,471f745f-65d3-4dfa-abfe-c2dee1b10fe3,31154274-4e0d-4a76-bb80-ddb65b0735e1,c5,None,1131,i11,?,
1769749057.9082813,SENT,09bc114e-bea6-42f8-8f63-44135d554e1d,65e7ff4f-c810-42c4-9781-339af72991e1,c4,DROP,441,?,e10,
1769749057.908329,FORWARDED,09bc114e-bea6-42f8-8f63-44135d554e1d,65e7ff4f-c810-42c4-9781-339af72991e1,c4,DROP,441,?,e10,
1769749057.9749212,SENT,d88e4e86-f4fd-42aa-bac7-0a173e760cca,dbf079e8-36b8-49dd-88bb-8c4df9c8745e,c4,DROP,437,?,i4,
1769749057.9749594,FORWARDED,d88e4e86-f4fd-42aa-bac7-0a173e760cca,dbf079e8-36b8-49dd-88bb-8c4df9c8745e,c4,DROP,437,?,i4,
1769749058.018499,SENT,06604df7-449d-4e99-baec-1761665ae1b0,cd206644-2622-4a4e-b48e-c70bb0cd2b1d,c1,DROP,441,?,e6,
1769749058.0185337,FORWARDED,06604df7-449d-4e99-baec-1761665ae1b0,cd206644-2622-4a4e-b48e-c70bb0cd2b1d,c1,DROP,441,?,e6,
1769749058.1042273,RECEIVED,2423052f-a774-4563-a7c0-b009a52fec4b,3181a3a0-b34f-44e8-ae97-63af011b3e0a,c4,DROP,441,x6,?,
1769749058.1870422,RECEIVED,97b195b3-c4ad-4c5f-9a66-991854bc33c1,dd7e27ff-fd3f-4c2a-977a-9d69701fb1c8,c2,DROP,688,i1,?,
1769749058.3916209,SENT,6966ce46-56bc-41e6-bbb1-468df30a2418,8353b599-0d1b-47e7-9cb7-ac9c47d314af,c5,DROP,441,?,x12,
1769749058.3916695,FORWARDED,6966ce46-56bc-41e6-bbb1-468df30a2418,8353b599-0d1b-47e7-9cb7-ac9c47d314af,c5,DROP,441,?,x12,
1769749058.4288132,SENT,471f745f-65d3-4dfa-abfe-c2dee1b10fe3,31154274-4e0d-4a76-bb80-ddb65b0735e1,c5,None,776,?,p1,
1769749058.4288535,FORWARDED,471f745f-65d3-4dfa-abfe-c2dee1b10fe3,31154274-4e0d-4a76-bb80-ddb65b0735e1,c5,None,776,?,p1,
1769749058.468255,SENT,97b195b3-c4ad-4c5f-9a66-991854bc33c1,dd7e27ff-fd3f-4c2a-977a-9d69701fb1c8,c2,DROP,442,?,e1,
1769749058.4682908,FORWARDED,97b195b3-c4ad-4c5f-9a66-991854bc33c1,dd7e27ff-fd3f-4c2a-977a-9d69701fb1c8,c2,DROP,442,?,e1,
1769749058.5926595,SENT,4c7e272e-ff87-4c83-8efc-e0cbb0cb44ab,37d17a29-4d6e-4814-be32-eca942fe2a07,c5,DROP,442,?,i9,
1769749058.592701,FORWARDED,4c7e272e-ff87-4c83-8efc-e0cbb0cb44ab,37d17a29-4d6e-4814-be32-eca942fe2a07,c5,DROP,442,?,i9,
1769749058.6579154,RECEIVED,65f4cca8-2c77-4763-9dab-c9812210e941,25794a09-0472-499e-b347-fdb9d9deaa9d,c2,c3,1259,i7,?,
1769749058.898596,SENT,911845f4-7fd3-4b64-9e50-ed68842e234e,3c58e8c8-d8bd-40aa-96a1-2d690301a2d2,c1,None,775,?,p1,
1769749058.898636,FORWARDED,911845f4-7fd3-4b64-9e50-ed68842e234e,3c58e8c8-d8bd-40aa-96a1-2d690301a2d2,c1,None,775,?,p1,
1769749059.2880893,RECEIVED,869ff6ee-33f7-41da-9eb0-9f44c0c1842b,3f784005-1185-4fa5-a94e-9b2b4ecfdeed,c3,None,1131,i9,?,
1769749059.2932136,RECEIVED,37495d64-1771-4d76-ad51-51e8cf84c93a,76820403-4881-4aa8-a883-5138f25cad73,c3,c2,1318,i8,?,
1769749059.3731072,RECEIVED,662703f0-8a82-4098-a5a2-236e88202e4c,31bebbc5-f568-4d1c-8359-87d5c4cfd409,c1,DROP,442,x3,?,
1769749059.6928911,RECEIVED,7694459c-554a-4293-9391-a84fafeb71bb,f9bcd31f-114b-4445-92ae-40ad8bbc40bd,c4,c1,1320,i11,?,
1769749059.7162936,SENT,65f4cca8-2c77-4763-9dab-c9812210e941,25794a09-0472-499e-b347-fdb9d9deaa9d,c2,c3,871,?,p3,
1769749059.7163336,FORWARDED,65f4cca8-2c77-4763-9dab-c9812210e941,25794a09-0472-499e-b347-fdb9d9deaa9d,c2,c3,871,?,p3,
1769749059.7983112,RECEIVED,765c32c2-ac01-4b65-94b0-71a33e7abede,5cfe6031-3762-4be6-84e8-b3319b69b809,c1,None,1132,i7,?,
1769749059.854984,SENT,765c32c2-ac01-4b65-94b0-71a33e7abede,5cfe6031-3762-4be6-84e8-b3319b69b809,c1,None,775,?,p1,
1769749059.8550227,FORWARDED,765c32c2-ac01-4b65-94b0-71a33e7abede,5cfe6031-3762-4be6-84e8-b3319b69b809,c1,None,775,?,p1,
1769749059.9109645,SENT,37495d64-1771-4d76-ad51-51e8cf84c93a,76820403-4881-4aa8-a883-5138f25cad73,c3,c2,916,?,p2,
1769749059.9110026,FORWARDED,37495d64-1771-4d76-ad51-51e8cf84c93a,76820403-4881-4aa8-a883-5138f25cad73,c3,c2,916,?,p2,
1769749059.9343607,SENT,7694459c-554a-4293-9391-a84fafeb71bb,f9bcd31f-114b-4445-92ae-40ad8bbc40bd,c4,c1,916,?,p1,
1769749059.9344003,FORWARDED,7694459c-554a-4293-9391-a84fafeb71bb,f9bcd31f-114b-4445-92ae-40ad8bbc40bd,c4,c1,916,?,p1,
1769749060.1506321,SENT,869ff6ee-33f7-41da-9eb0-9f44c0c1842b,3f784005-1185-4fa5-a94e-9b2b4ecfdeed,c3,None,776,?,p2,
1769749060.1506755,FORWARDED,869ff6ee-33f7-41da-9eb0-9f44c0c1842b,3f784005-1185-4fa5-a94e-9b2b4ecfdeed,c3,None,776,?,p2,
1769749060.248782,RECEIVED,2261da6a-3fc9-4d13-b978-fdada39efeda,15ec22b8-4431-4901-8972-95c6a1e22487,c4,DROP,683,i5,?,
1769749060.3405426,RECEIVED,2292c8c3-7063-43d3-8234-71d080ff49ae,14978227-a401-4ebe-b226-f1d69bb1d7f7,c4,c1,1311,i11,?,
1769749060.4868922,RECEIVED,ea274d4f-95ee-4dd4-b6b1-b4d9d5ac46ed,36d594f6-e13d-4223-a824-f6b6a5e521e8,c3,DROP,440,x11,?,
1769749060.505381,RECEIVED,8e1dc3a2-fde4-48b6-8a2b-7a911cdad68c,8a4bc811-96d7-4b6e-a7a8-db0d2bc2ba14,c1,c5,1251,i5,?,
1769749060.7059524,RECEIVED,ff691be9-1ae3-4c8f-bcf0-fe91a65da25f,84dd1015-69d6-470c-b69a-8d4a37239a59,c1,c5,1252,i2,?,
1769749060.7971025,RECEIVED,46b07c50-9eb5-4cb2-82ae-88be1455cdd6,2543e9b3-142c-401a-898f-ff2a5f03b98c,c2,DROP,682,i3,?,
1769749060.8133519,SENT,ff691be9-1ae3-4c8f-bcf0-fe91a65da25f,84dd1015-69d6-470c-b69a-8d4a37239a59,c1,c5,867,?,p2,
1769749060.8133924,FORWARDED,ff691be9-1ae3-4c8f-bcf0-fe91a65da25f,84dd1015-69d6-470c-b69a-8d4a37239a59,c1,c5,867,?,p2,
1769749060.863176,SENT,2261da6a-3fc9-4d13-b978-fdada39efeda,15ec22b8-4431-4901-8972-95c6a1e22487,c4,DROP,441,?,i2,
1769749060.8632185,FORWARDED,2261da6a-3fc9-4d13-b978-fdada39efeda,15ec22b8-4431-4901-8972-95c6a1e22487,c4,DROP,441,?,i2,
1769749060.889842,SENT,2292c8c3-7063-43d3-8234-71d080ff49ae,14978227-a401-4ebe-b226-f1d69bb1d7f7,c4,c1,912,?,p1,
1769749060.8898842,FORWARDED,2292c8c3-7063-43d3-8234-71d080ff49ae,14978227-a401-4ebe-b226-f1d69bb1d7f7,c4,c1,912,?,p1,
1769749061.0421133,RECEIVED,c8ba60ab-9379-4c55-bbe5-26f22cbd9d6d,611d6bf3-1bef-40e6-a03c-23079ca4be60,c4,DROP,687,i7,?,
1769749061.1231258,SENT,8e1dc3a2-fde4-48b6-8a2b-7a911cdad68c,8a4bc811-96d7-4b6e-a7a8-db0d2bc2ba14,c1,c5,867,?,p2,
1769749061.123168,FORWARDED,8e1dc3a2-fde4-48b6-8a2b-7a911cdad68c,8a4bc811-96d7-4b6e-a7a8-db0d2bc2ba14,c1,c5,867,?,p2,
1769749061.1356416,RECEIVED,b581bac8-4894-42d5-bbf3-9a05ead05739,6ba3a23b-fe70-4034-9570-19db9893df74,c3,None,1124,i8,?,
1769749061.1370592,RECEIVED,3ed80b90-6b7e-4894-a769-f9c0e5518a87,bb260652-74ab-4189-aadb-da63f590afef,c1,DROP,442,x9,?,
1769749061.1380343,RECEIVED,0afaaf5e-22d6-4032-be62-ca33cb29e4f3,d6917920-6564-4e50-9af8-431f06895e36,c2,DROP,693,i12,?,
1769749061.2270365,SENT,0afaaf5e-22d6-4032-be62-ca33cb29e4f3,d6917920-6564-4e50-9af8-431f06895e36,c2,DROP,446,?,e12,
1769749061.227093,FORWARDED,0afaaf5e-22d6-4032-be62-ca33cb29e4f3,d6917920-6564-4e50-9af8-431f06895e36,c2,DROP,446,?,e12,
1769749061.2597845,RECEIVED,48aeedbb-5e59-4634-8d4c-3bfbb8e8ef32,37e1e191-6765-4762-8c7d-c5cba1b65f43,c3,c2,1255,i1,?,
1769749061.2724526,RECEIVED,e2ea22e4-bf2d-4791-bc97-dff50946ce83,4a885685-d967-495c-b426-79bd8833da72,c4,DROP,440,x7,?,
1769749061.2755797,SENT,b581bac8-4894-42d5-bbf3-9a05ead05739,6ba3a23b-fe70-4034-9570-19db9893df74,c3,None,771,?,p2,
1769749061.2761223,FORWARDED,b581bac8-4894-42d5-bbf3-9a05ead05739,6ba3a23b-fe70-4034-9570-19db9893df74,c3,None,771,?,p2,
1769749061.3005528,RECEIVED,6b011acb-6493-4bfc-94fe-dada9a855e71,12390aa9-84f3-4ddd-879a-27c6d888f2a5,c2,DROP,687,i5,?,
1769749061.4324949,SENT,46b07c50-9eb5-4cb2-82ae-88be1455cdd6,2543e9b3-142c-401a-898f-ff2a5f03b98c,c2,DROP,441,?,i7,
1769749061.4325538,FORWARDED,46b07c50-9eb5-4cb2-82ae-88be1455cdd6,2543e9b3-142c-401a-898f-ff2a5f03b98c,c2,DROP,441,?,i7,
1769749061.573861,RECEIVED,5973263b-3061-46de-9449-b9b7af7b79f7,e06bca22-3ee8-44a3-8319-f9797ca17730,c3,DROP,684,i3,?,
1769749061.576598,SENT,6b011acb-6493-4bfc-94fe-dada9a855e71,12390aa9-84f3-4ddd-879a-27c6d888f2a5,c2,DROP,442,?,i4,
1769749061.5766385,FORWARDED,6b011acb-6493-4bfc-94fe-dada9a855e71,12390aa9-84f3-4ddd-879a-27c6d888f2a5,c2,DROP,442,?,i4,
1769749061.804662,RECEIVED,eeee4db1-fe6a-42d5-8c63-20b0578199c0,7d3bc146-ebb6-4bba-80e6-7e907b973ece,c5,DROP,683,i6,?,
1769749061.804946,RECEIVED,c89baf5a-f3af-4262-9420-23c8418e880b,829c2f52-0bec-443f-9e97-6ec7ab89c2b7,c4,DROP,684,i9,?,
1769749061.8085015,SENT,c8ba60ab-9379-4c55-bbe5-26f22cbd9d6d,611d6bf3-1bef-40e6-a03c-23079ca4be60,c4,DROP,442,?,i8,
1769749061.8085635,FORWARDED,c8ba60ab-9379-4c55-bbe5-26f22cbd9d6d,611d6bf3-1bef-40e6-a03c-23079ca4be60,c4,DROP,442,?,i8,
1769749061.8086758,RECEIVED,70bc4c48-9024-4ad4-9469-3d98e8ad31bc,9b052be1-fef9-477b-8259-c1e1c588b46a,c5,None,1131,i6,?,
1769749061.8493385,RECEIVED,301e054a-b49e-4d3e-bef0-a307a66bb45c,e4f7ac82-97b4-45e7-8605-e94ee3b2cf2f,c1,c5,1251,i11,?,
1769749061.8699715,SENT,c89baf5a-f3af-4262-9420-23c8418e880b,829c2f52-0bec-443f-9e97-6ec7ab89c2b7,c4,DROP,441,?,i6,
1769749061.8700101,FORWARDED,c89baf5a-f3af-4262-9420-23c8418e880b,829c2f52-0bec-443f-9e97-6ec7ab89c2b7,c4,DROP,441,?,i6,
1769749061.8786378,RECEIVED,a3f3da3c-de63-4b5a-a77b-32461bad4f7f,f9889268-af53-41e0-94eb-691b12ea9d1f,c4,DROP,443,x4,?,
1769749061.8822968,RECEIVED,b6d4a370-040f-411a-91c1-e6d5a30a4483,94402a66-9dab-4bb2-a408-b1bdcfdb93b1,c3,DROP,442,x11,?,
1769749061.946408,SENT,eeee4db1-fe6a-42d5-8c63-20b0578199c0,7d3bc146-ebb6-4bba-80e6-7e907b973ece,c5,DROP,441,?,e8,
1769749061.9464467,FORWARDED,eeee4db1-fe6a-42d5-8c63-20b0578199c0,7d3bc146-ebb6-4bba-80e6-7e907b973ece,c5,DROP,441,?,e8,
1769749062.1118307,RECEIVED,f03a1b31-6725-4a58-a7aa-0c3040239425,35e176e7-316e-4fe0-87e2-684a3823efc7,c2,DROP,687,i9,?,
1769749062.1189716,SENT,5973263b-3061-46de-9449-b9b7af7b79f7,e06bca22-3ee8-44a3-8319-f9797ca17730,c3,DROP,441,?,e12,
1769749062.1190145,FORWARDED,5973263b-3061-46de-9449-b9b7af7b79f7,e06bca22-3ee8-44a3-8319-f9797ca17730,c3,DROP,441,?,e12,
1769749062.1872032,SENT,48aeedbb-5e59-4634-8d4c-3bfbb8e8ef32,37e1e191-6765-4762-8c7d-c5cba1b65f43,c3,c2,869,?,p2,
1769749062.1872437,FORWARDED,48aeedbb-5e59-4634-8d4c-3bfbb8e8ef32,37e1e191-6765-4762-8c7d-c5cba1b65f43,c3,c2,869,?,p2,
1769749062.1903331,RECEIVED,51a012c7-be2b-4f8d-ba3e-252bea162144,8a9c75d8-c440-4828-b4d2-df227d02e79d,c1,c5,1255,i7,?,
1769749062.3253915,RECEIVED,0b1ab16c-c908-4dec-918e-d85221c3401e,6a967599-bdc0-4896-b6df-3aee8f9ceb3a,c1,DROP,684,i5,?,
1769749062.4121585,SENT,301e054a-b49e-4d3e-bef0-a307a66bb45c,e4f7ac82-97b4-45e7-8605-e94ee3b2cf2f,c1,c5,867,?,p2,
1769749062.4121947,FORWARDED,301e054a-b49e-4d3e-bef0-a307a66bb45c,e4f7ac82-97b4-45e7-8605-e94ee3b2cf2f,c1,c5,867,?,p2,
1769749062.5053816,SENT,70bc4c48-9024-4ad4-9469-3d98e8ad31bc,9b052be1-fef9-477b-8259-c1e1c588b46a,c5,None,776,?,p1,
1769749062.5054224,FORWARDED,70bc4c48-9024-4ad4-9469-3d98e8ad31bc,9b052be1-fef9-477b-8259-c1e1c588b46a,c5,None,776,?,p1,
1769749062.5465007,RECEIVED,a309749a-6751-45a6-8e51-e3ace60f5467,d72f8e02-3e2d-44da-9750-793eee53ce72,c4,DROP,687,i5,?,
1769749062.593209,RECEIVED,06d5bfaf-2224-4bf8-83ee-f02cd7888ca7,02f69dcd-0aa2-4da4-ae7e-541772843fa4,c4,DROP,688,i8,?,
1769749062.6458287,SENT,0b1ab16c-c908-4dec-918e-d85221c3401e,6a967599-bdc0-4896-b6df-3aee8f9ceb3a,c1,DROP,440,?,i2,
1769749062.6461053,FORWARDED,0b1ab16c-c908-4dec-918e-d85221c3401e,6a967599-bdc0-4896-b6df-3aee8f9ceb3a,c1,DROP,440,?,i2,
1769749062.6472733,RECEIVED,c7f9a6c1-fa4e-4052-92cc-f2c216777f99,e0f9f10c-7dee-47c6-bb1c-85848b5a1882,c2,DROP,682,i7,?,
1769749062.660932,RECEIVED,79422c3f-2319-489f-9956-5c675fae77ff,72f64aa5-add8-4013-b714-f5d57c4e8c05,c4,DROP,685,i7,?,
1769749062.7841475,RECEIVED,91f9522a-8cdc-4668-a061-9d805ad1e092,e575f623-a6a5-4942-8be2-90b6640abe2a,c5,DROP,683,i12,?,
1769749062.790531,RECEIVED,b92b7031-ec6b-443d-922a-e9c56cffe408,b69355ed-44b8-4d8c-82c4-08518fb83606,c1,DROP,685,i8,?,
1769749062.8381479,SENT,f03a1b31-6725-4a58-a7aa-0c3040239425,35e176e7-316e-4fe0-87e2-684a3823efc7,c2,DROP,442,?,i2,
1769749062.838191,FORWARDED,f03a1b31-6725-4a58-a7aa-0c3040239425,35e176e7-316e-4fe0-87e2-684a3823efc7,c2,DROP,442,?,i2,
1769749062.8606725,SENT,b92b7031-ec6b-443d-922a-e9c56cffe408,b69355ed-44b8-4d8c-82c4-08518fb83606,c1,DROP,440,?,x10,
1769749062.8607116,FORWARDED,b92b7031-ec6b-443d-922a-e9c56cffe408,b69355ed-44b8-4d8c-82c4-08518fb83606,c1,DROP,440,?,x10,
1769749062.9001992,SENT,79422c3f-2319-489f-9956-5c675fae77ff,72f64aa5-add8-4013-b714-f5d57c4e8c05,c4,DROP,441,?,x10,
1769749062.9002492,FORWARDED,79422c3f-2319-489f-9956-5c675fae77ff,72f64aa5-add8-4013-b714-f5d57c4e8c05,c4,DROP,441,?,x10,
1769749063.1211302,SENT,06d5bfaf-2224-4bf8-83ee-f02cd7888ca7,02f69dcd-0aa2-4da4-ae7e-541772843fa4,c4,DROP,442,?,x10,
1769749063.1211724,FORWARDED,06d5bfaf-2224-4bf8-83ee-f02cd7888ca7,02f69dcd-0aa2-4da4-ae7e-541772843fa4,c4,DROP,442,?,x10,
1769749063.3043303,RECEIVED,94fee497-0cbb-4421-8f98-70ddb6bb213a,6465ea39-4546-453c-968f-3f6bcc067110,c3,None,1123,i6,?,
1769749063.3107657,SENT,91f9522a-8cdc-4668-a061-9d805ad1e092,e575f623-a6a5-4942-8be2-90b6640abe2a,c5,DROP,440,?,i2,
1769749063.310804,FORWARDED,91f9522a-8cdc-4668-a061-9d805ad1e092,e575f623-a6a5-4942-8be2-90b6640abe2a,c5,DROP,440,?,i2,
1769749063.3484628,SENT,a309749a-6751-45a6-8e51-e3ace60f5467,d72f8e02-3e2d-44da-9750-793eee53ce72,c4,DROP,442,?,i2,
1769749063.3484986,FORWARDED,a309749a-6751-45a6-8e51-e3ace60f5467,d72f8e02-3e2d-44da-9750-793eee53ce72,c4,DROP,442,?,i2,
1769749063.437829,SENT,c7f9a6c1-fa4e-4052-92cc-f2c216777f99,e0f9f10c-7dee-47c6-bb1c-85848b5a1882,c2,DROP,441,?,i8,
1769749063.437868,FORWARDED,c7f9a6c1-fa4e-4052-92cc-f2c216777f99,e0f9f10c-7dee-47c6-bb1c-85848b5a1882,c2,DROP,441,?,i8,
1769749063.5558653,RECEIVED,a648e718-0900-4f5c-8605-b63ab80c63f0,155a5230-ed36-4d93-aed2-f66003b0e913,c1,DROP,685,i5,?,
1769749063.6024961,RECEIVED,99c58997-8969-4734-8483-1f8efe5ca479,ee98b7ef-d287-45c7-899e-a07e8de70be7,c5,DROP,441,x12,?,
1769749063.640515,SENT,a648e718-0900-4f5c-8605-b63ab80c63f0,155a5230-ed36-4d93-aed2-f66003b0e913,c1,DROP,441,?,x4,
1769749063.6405542,FORWARDED,a648e718-0900-4f5c-8605-b63ab80c63f0,155a5230-ed36-4d93-aed2-f66003b0e913,c1,DROP,441,?,x4,
1769749063.6728222,RECEIVED,287dcb31-c33d-4134-b4c7-ad9d596e7d89,439c782f-87ec-427e-94f3-00b1673a1476,c1,DROP,683,i5,?,
1769749063.7077599,RECEIVED,1eeb4dce-a2de-4c92-823d-2d36045b0736,ac01b153-fefd-468b-b1cb-87c589401827,c5,DROP,684,i1,?,
1769749063.7701747,RECEIVED,15ed4d3a-a649-4c8d-b936-aa256c4eb9d7,f1bd1d03-cdc6-4c37-8063-0d970355f4f1,c3,DROP,441,x12,?,
1769749063.8310883,RECEIVED,57c6805f-96ef-441b-adb2-1b8db9ff7be6,90db7302-3ea3-4ae7-a475-bbd01881741e,c1,None,1122,i7,?,
1769749063.909755,SENT,1eeb4dce-a2de-4c92-823d-2d36045b0736,ac01b153-fefd-468b-b1cb-87c589401827,c5,DROP,441,?,e3,
1769749063.9098053,FORWARDED,1eeb4dce-a2de-4c92-823d-2d36045b0736,ac01b153-fefd-468b-b1cb-87c589401827,c5,DROP,441,?,e3,
1769749063.9221597,SENT,51a012c7-be2b-4f8d-ba3e-252bea162144,8a9c75d8-c440-4828-b4d2-df227d02e79d,c1,c5,868,?,p2,
1769749063.9222012,FORWARDED,51a012c7-be2b-4f8d-ba3e-252bea162144,8a9c75d8-c440-4828-b4d2-df227d02e79d,c1,c5,868,?,p2,
1769749063.9897718,SENT,94fee497-0cbb-4421-8f98-70ddb6bb213a,6465ea39-4546-453c-968f-3f6bcc067110,c3,None,771,?,p2,
1769749063.9898117,FORWARDED,94fee497-0cbb-4421-8f98-70ddb6bb213a,6465ea39-4546-453c-968f-3f6bcc067110,c3,None,771,?,p2,
1769749064.0027766,RECEIVED,1df67507-022f-4846-a456-19cce6d0166f,be9b5c53-85ed-41d4-a700-ee0b151dfafd,c3,DROP,444,x12,?,
1769749064.0322263,RECEIVED,85e40dcd-550e-4c21-98fc-94beb384e8e1,a29d3f8c-24b0-4773-bf99-8dcf8c1182d3,c5,None,1131,i11,?,
1769749064.0967846,RECEIVED,0aa268b2-64f8-45ee-9b23-efb60fd75b9b,93445963-dc76-4350-97e6-2be4fbf19f2c,c3,DROP,687,i11,?,
1769749064.1228619,RECEIVED,264a2371-679d-4f96-8c33-5a85db337c47,dffb42f5-d8f1-4118-97ea-dfc8ab0445e1,c2,DROP,684,i9,?,
1769749064.2374437,RECEIVED,e0b9b7d2-da82-4ea0-be86-df04e4b152ad,95162978-c7cf-4d34-a76c-159865eeade7,c2,DROP,442,x1,?,
1769749064.2414343,RECEIVED,e6f531b3-5439-445a-91a8-01fd19fb28a1,08b2bddb-ead4-416b-82d2-e49e4f1f5c69,c2,DROP,442,x1,?,
1769749064.5020452,SENT,0aa268b2-64f8-45ee-9b23-efb60fd75b9b,93445963-dc76-4350-97e6-2be4fbf19f2c,c3,DROP,442,?,e8,
1769749064.5021,FORWARDED,0aa268b2-64f8-45ee-9b23-efb60fd75b9b,93445963-dc76-4350-97e6-2be4fbf19f2c,c3,DROP,442,?,e8,
1769749064.5397682,SENT,264a2371-679d-4f96-8c33-5a85db337c47,dffb42f5-d8f1-4118-97ea-dfc8ab0445e1,c2,DROP,441,?,e12,
1769749064.539809,FORWARDED,264a2371-679d-4f96-8c33-5a85db337c47,dffb42f5-d8f1-4118-97ea-dfc8ab0445e1,c2,DROP,441,?,e12,
1769749064.60331,SENT,85e40dcd-550e-4c21-98fc-94beb384e8e1,a29d3f8c-24b0-4773-bf99-8dcf8c1182d3,c5,None,776,?,p1,
1769749064.6033518,FORWARDED,85e40dcd-550e-4c21-98fc-94beb384e8e1,a29d3f8c-24b0-4773-bf99-8dcf8c1182d3,c5,None,776,?,p1,
1769749064.6188169,SENT,287dcb31-c33d-4134-b4c7-ad9d596e7d89,439c782f-87ec-427e-94f3-00b1673a1476,c1,DROP,441,?,e3,
1769749064.618857,FORWARDED,287dcb31-c33d-4134-b4c7-ad9d596e7d89,439c782f-87ec-427e-94f3-00b1673a1476,c1,DROP,441,?,e3,
1769749064.742579,RECEIVED,3ceab4ec-aec5-4f46-95d3-8a6e48623b23,fad69636-ab30-4c84-a333-23465ba4b45e,c2,DROP,687,i2,?,
1769749064.7781599,RECEIVED,114731f3-11f8-43f8-9cc1-37971b180ce2,97bdbdac-b173-4636-9b53-446698633378,c3,c2,1260,i3,?,
1769749064.7791402,RECEIVED,fa6e0bb2-c670-4815-ad5d-1829bfd5c7cd,672d5546-301e-4c6c-8a92-03ebf9717a71,c1,None,1131,i12,?,
1769749064.7974894,RECEIVED,783cacb1-b616-432e-b4e0-7cce5130059a,cd1aa6f4-d4dc-429a-b0ff-09cd32f94a36,c3,DROP,685,i1,?,
1769749064.8402488,SENT,114731f3-11f8-43f8-9cc1-37971b180ce2,97bdbdac-b173-4636-9b53-446698633378,c3,c2,871,?,p2,
1769749064.840284,FORWARDED,114731f3-11f8-43f8-9cc1-37971b180ce2,97bdbdac-b173-4636-9b53-446698633378,c3,c2,871,?,p2,
1769749064.9311988,SENT,783cacb1-b616-432e-b4e0-7cce5130059a,cd1aa6f4-d4dc-429a-b0ff-09cd32f94a36,c3,DROP,441,?,e12,
1769749064.9312546,FORWARDED,783cacb1-b616-432e-b4e0-7cce5130059a,cd1aa6f4-d4dc-429a-b0ff-09cd32f94a36,c3,DROP,441,?,e12,
1769749064.9803994,RECEIVED,df869b43-cc8d-405e-804d-96a2d0239b0e,9835326e-00c1-4952-ac9f-7b3a1b3fa989,c4,c1,1324,i11,?,
1769749065.089378,SENT,df869b43-cc8d-405e-804d-96a2d0239b0e,9835326e-00c1-4952-ac9f-7b3a1b3fa989,c4,c1,919,?,p1,
1769749065.0894208,FORWARDED,df869b43-cc8d-405e-804d-96a2d0239b0e,9835326e-00c1-4952-ac9f-7b3a1b3fa989,c4,c1,919,?,p1,
1769749065.2000048,RECEIVED,d63a57de-e8a7-40a9-b6f7-aaf989391b3b,4a912714-f68b-4fb2-a667-0179fc4f0b3c,c4,DROP,688,i5,?,
1769749065.3565543,RECEIVED,7529f725-8e4d-4a60-ada7-8e022fea6712,24584b66-f5ed-4e73-b119-8e334aaab5dc,c3,DROP,687,i9,?,
1769749065.3672874,RECEIVED,7c1f06d7-676d-49c4-b18d-e5ea12438411,c11d1e98-e28d-4eed-9c8f-7382d77e2cdc,c2,c3,1319,i7,?,
1769749065.3804972,SENT,d63a57de-e8a7-40a9-b6f7-aaf989391b3b,4a912714-f68b-4fb2-a667-0179fc4f0b3c,c4,DROP,442,?,i7,
1769749065.3805366,FORWARDED,d63a57de-e8a7-40a9-b6f7-aaf989391b3b,4a912714-f68b-4fb2-a667-0179fc4f0b3c,c4,DROP,442,?,i7,
1769749065.3923147,SENT,fa6e0bb2-c670-4815-ad5d-1829bfd5c7cd,672d5546-301e-4c6c-8a92-03ebf9717a71,c1,None,775,?,p1,
1769749065.3923554,FORWARDED,fa6e0bb2-c670-4815-ad5d-1829bfd5c7cd,672d5546-301e-4c6c-8a92-03ebf9717a71,c1,None,775,?,p1,
1769749065.4510636,SENT,3ceab4ec-aec5-4f46-95d3-8a6e48623b23,fad69636-ab30-4c84-a333-23465ba4b45e,c2,DROP,442,?,e1,
1769749065.451107,FORWARDED,3ceab4ec-aec5-4f46-95d3-8a6e48623b23,fad69636-ab30-4c84-a333-23465ba4b45e,c2,DROP,442,?,e1,
1769749065.4545352,RECEIVED,532d64ce-e11b-4d11-96ea-f12ba1ac52bd,484f8394-70fa-4197-8940-4fb6afaf5b43,c2,c3,1259,i7,?,
1769749065.5338027,SENT,57c6805f-96ef-441b-adb2-1b8db9ff7be6,90db7302-3ea3-4ae7-a475-bbd01881741e,c1,None,771,?,p1,
1769749065.533847,FORWARDED,57c6805f-96ef-441b-adb2-1b8db9ff7be6,90db7302-3ea3-4ae7-a475-bbd01881741e,c1,None,771,?,p1,
1769749065.5988572,RECEIVED,3b4f6ac8-c46a-440c-9ea9-d41c984a5e1a,f3ceca5c-07ed-4f53-9b2d-7bc13298e253,c3,DROP,441,x7,?,
1769749065.6434884,RECEIVED,12b8d6f7-2836-4497-82f6-d911dca0a4e4,4ed3eb41-25f6-44df-9ba9-e17450f1dc7d,c5,DROP,689,i2,?,
1769749065.7515407,SENT,7529f725-8e4d-4a60-ada7-8e022fea6712,24584b66-f5ed-4e73-b119-8e334aaab5dc,c3,DROP,442,?,x4,
1769749065.7515798,FORWARDED,7529f725-8e4d-4a60-ada7-8e022fea6712,24584b66-f5ed-4e73-b119-8e334aaab5dc,c3,DROP,442,?,x4,
1769749065.8976715,RECEIVED,f68999da-5442-47a0-bf84-c5ccf087fc97,6a75f1e8-bf34-47e4-8d8f-bd59c2f190f5,c5,DROP,680,i1,?,
1769749065.9391742,FORWARDED,12b8d6f7-2836-4497-82f6-d911dca0a4e4,4ed3eb41-25f6-44df-9ba9-e17450f1dc7d,c5,DROP,442,?,i10,
1769749066.0627284,RECEIVED,b405ee7d-0330-474d-a276-99264d6d03c1,eb45826a-ac3e-4710-ac99-44f707588d55,c4,c1,1260,i12,?,
1769749066.1023245,RECEIVED,8ccbf770-718d-4a68-92a3-d20a4e957216,2695b9d5-aca5-43c1-b973-232e8266aa3c,c2,DROP,688,i4,?,
1769749066.1805449,RECEIVED,658d959f-9277-4c77-b949-ea0f4fadb564,93871218-5864-4762-9d29-2b5bb79c2475,c4,c1,1260,i3,?,
1769749066.2002902,SENT,8ccbf770-718d-4a68-92a3-d20a4e957216,2695b9d5-aca5-43c1-b973-232e8266aa3c,c2,DROP,442,?,x2,
1769749066.200328,FORWARDED,8ccbf770-718d-4a68-92a3-d20a4e957216,2695b9d5-aca5-43c1-b973-232e8266aa3c,c2,DROP,442,?,x2,
1769749066.2236688,SENT,658d959f-9277-4c77-b949-ea0f4fadb564,93871218-5864-4762-9d29-2b5bb79c2475,c4,c1,872,?,p1,
1769749066.2237058,FORWARDED,658d959f-9277-4c77-b949-ea0f4fadb564,93871218-5864-4762-9d29-2b5bb79c2475,c4,c1,872,?,p1,
1769749066.2567508,SENT,f68999da-5442-47a0-bf84-c5ccf087fc97,6a75f1e8-bf34-47e4-8d8f-bd59c2f190f5,c5,DROP,438,?,i5,
1769749066.2567897,FORWARDED,f68999da-5442-47a0-bf84-c5ccf087fc97,6a75f1e8-bf34-47e4-8d8f-bd59c2f190f5,c5,DROP,438,?,i5,
1769749066.2741663,RECEIVED,d066ca1c-1f93-4e87-9aa9-541d0a4a490f,4e2fa020-f85f-422e-b050-633df5b7f1ca,c4,DROP,683,i7,?,
1769749066.2770765,SENT,7c1f06d7-676d-49c4-b18d-e5ea12438411,c11d1e98-e28d-4eed-9c8f-7382d77e2cdc,c2,c3,916,?,p3,
1769749066.277117,FORWARDED,7c1f06d7-676d-49c4-b18d-e5ea12438411,c11d1e98-e28d-4eed-9c8f-7382d77e2cdc,c2,c3,916,?,p3,
1769749066.29695,RECEIVED,29f5f1c7-d34d-4aba-b077-61be358f3db9,fb7dfd7b-e8c6-41b4-a7f4-ba4073ee0a28,c1,DROP,689,i1,?,
1769749066.3602507,RECEIVED,e02581e5-fb02-4711-8481-6b0481189576,f3f23c10-8c8c-42d9-b3bb-bb480b5caf98,c1,DROP,442,x10,?,
1769749066.3610365,RECEIVED,303f30dc-2a94-4c35-a32c-de8befe4ef09,21ce9e7b-bceb-409b-8051-786259597cbe,c1,c5,1311,i5,?,
1769749066.4181263,RECEIVED,0ca1d47e-2702-4d85-b742-c0a3dc8ea92c,143eac5c-51b9-41f1-b93b-7b13e5277360,c1,DROP,442,x10,?,
1769749066.464383,SENT,b405ee7d-0330-474d-a276-99264d6d03c1,eb45826a-ac3e-4710-ac99-44f707588d55,c4,c1,871,?,p1,
1769749066.4644263,FORWARDED,b405ee7d-0330-474d-a276-99264d6d03c1,eb45826a-ac3e-4710-ac99-44f707588d55,c4,c1,871,?,p1,
1769749066.4995856,RECEIVED,b8eb327b-f05d-4152-933e-49073b26145f,111e388b-7441-467b-9874-120b545e8b2e,c5,DROP,684,i1,?,
1769749066.5056276,SENT,29f5f1c7-d34d-4aba-b077-61be358f3db9,fb7dfd7b-e8c6-41b4-a7f4-ba4073ee0a28,c1,DROP,442,?,e11,
1769749066.5056677,FORWARDED,29f5f1c7-d34d-4aba-b077-61be358f3db9,fb7dfd7b-e8c6-41b4-a7f4-ba4073ee0a28,c1,DROP,442,?,e11,
1769749066.5294538,SENT,303f30dc-2a94-4c35-a32c-de8befe4ef09,21ce9e7b-bceb-409b-8051-786259597cbe,c1,c5,912,?,p2,
1769749066.5294945,FORWARDED,303f30dc-2a94-4c35-a32c-de8befe4ef09,21ce9e7b-bceb-409b-8051-786259597cbe,c1,c5,912,?,p2,
1769749066.729237,RECEIVED,7435798b-fe03-4960-ab73-ef5d4b7d0f1f,75c90265-e53e-466c-be3a-53c8a031105b,c3,None,1131,i8,?,
1769749066.7672324,SENT,532d64ce-e11b-4d11-96ea-f12ba1ac52bd,484f8394-70fa-4197-8940-4fb6afaf5b43,c2,c3,871,?,p3,
1769749066.7672687,FORWARDED,532d64ce-e11b-4d11-96ea-f12ba1ac52bd,484f8394-70fa-4197-8940-4fb6afaf5b43,c2,c3,871,?,p3,
1769749066.8536336,SENT,d066ca1c-1f93-4e87-9aa9-541d0a4a490f,4e2fa020-f85f-422e-b050-633df5b7f1ca,c4,DROP,440,?,e9,
1769749066.8536768,FORWARDED,d066ca1c-1f93-4e87-9aa9-541d0a4a490f,4e2fa020-f85f-422e-b050-633df5b7f1ca,c4,DROP,440,?,e9,
1769749066.8871672,RECEIVED,05ddb28b-56d9-46e0-ad22-be2513e7175e,1c09032c-dbe8-44c3-9b2e-9d9ce3d5f248,c3,DROP,440,x3,?,
1769749066.9064837,SENT,b8eb327b-f05d-4152-933e-49073b26145f,111e388b-7441-467b-9874-120b545e8b2e,c5,DROP,441,?,e11,
1769749066.906525,FORWARDED,b8eb327b-f05d-4152-933e-49073b26145f,111e388b-7441-467b-9874-120b545e8b2e,c5,DROP,441,?,e11,
1769749066.952487,RECEIVED,edb79704-f3f2-434f-8608-6dacf983da62,58fb0643-dd5b-4a2d-82fa-5d347545f753,c3,DROP,687,i12,?,
1769749067.0275993,RECEIVED,34fa2be9-0f65-4f33-a2c8-18106162df27,cf5337eb-9300-4bd5-a694-e19192d68b09,c4,DROP,688,i6,?,
1769749067.1349015,RECEIVED,1bbc2601-a766-4968-bc7e-f7357c56453e,261a8324-82ed-4fd3-a684-37d71a9ec50a,c1,DROP,442,x7,?,
1769749067.1550071,RECEIVED,d81e2e7e-e016-4dfb-9028-54cb60729d33,e682144d-622c-484c-a4d4-338fc5fdb264,c1,c5,1313,i7,?,
1769749067.2173717,SENT,d81e2e7e-e016-4dfb-9028-54cb60729d33,e682144d-622c-484c-a4d4-338fc5fdb264,c1,c5,912,?,p2,
1769749067.2174122,FORWARDED,d81e2e7e-e016-4dfb-9028-54cb60729d33,e682144d-622c-484c-a4d4-338fc5fdb264,c1,c5,912,?,p2,
1769749067.2305195,SENT,7435798b-fe03-4960-ab73-ef5d4b7d0f1f,75c90265-e53e-466c-be3a-53c8a031105b,c3,None,776,?,p2,
1769749067.2305613,FORWARDED,7435798b-fe03-4960-ab73-ef5d4b7d0f1f,75c90265-e53e-466c-be3a-53c8a031105b,c3,None,776,?,p2,
1769749067.2330441,SENT,edb79704-f3f2-434f-8608-6dacf983da62,58fb0643-dd5b-4a2d-82fa-5d347545f753,c3,DROP,442,?,i9,
1769749067.233107,FORWARDED,edb79704-f3f2-434f-8608-6dacf983da62,58fb0643-dd5b-4a2d-82fa-5d347545f753,c3,DROP,442,?,i9,
1769749067.2640817,SENT,34fa2be9-0f65-4f33-a2c8-18106162df27,cf5337eb-9300-4bd5-a694-e19192d68b09,c4,DROP,442,?,e1,
1769749067.2641234,FORWARDED,34fa2be9-0f65-4f33-a2c8-18106162df27,cf5337eb-9300-4bd5-a694-e19192d68b09,c4,DROP,442,?,e1,
1769749067.7193136,RECEIVED,400c92b9-95c1-4ba7-8fa0-ee4e23bd24d2,82012e16-9b9f-4a6d-b628-976881c06d9e,c1,c5,1312,i11,?,
1769749067.7464366,RECEIVED,8c01ab1f-ce5a-420c-803d-3acafea56420,afd27e2a-9bfa-4b01-a0e3-e6ee499d8e21,c4,DROP,683,i6,?,
1769749067.860294,RECEIVED,18def184-baad-440d-a082-1866bffcc126,091a40ee-e539-4559-a290-36fa44a5afc4,c2,c3,1259,i1,?,
1769749067.8728273,SENT,400c92b9-95c1-4ba7-8fa0-ee4e23bd24d2,82012e16-9b9f-4a6d-b628-976881c06d9e,c1,c5,910,?,p2,
1769749067.8728697,FORWARDED,400c92b9-95c1-4ba7-8fa0-ee4e23bd24d2,82012e16-9b9f-4a6d-b628-976881c06d9e,c1,c5,910,?,p2,
1769749067.9604414,RECEIVED,54da7d4e-587f-4ad4-8763-766bc4425239,bd6430fc-b5e4-439c-8fd8-6b716205194a,c4,c1,1311,i12,?,
1769749067.9700603,RECEIVED,0c6854a3-6ba0-462d-9c3e-c2d39f0e5bf0,75d2a41c-ec93-4e44-8e86-882a13a3e05b,c1,c5,1252,i6,?,
1769749067.9862692,RECEIVED,b7f27ad6-f71a-442d-aba0-17d0ff69fd11,d6f35d72-e6a7-4e59-acc5-8890a5f78b35,c2,None,1127,i3,?,
1769749068.0680587,RECEIVED,f008c7b3-4e0e-4bef-9d38-973c1b444a67,1435eb61-5eb3-461d-8f92-c1d6dcd38b82,c5,None,1132,i6,?,
1769749068.0699232,SENT,18def184-baad-440d-a082-1866bffcc126,091a40ee-e539-4559-a290-36fa44a5afc4,c2,c3,872,?,p3,
1769749068.0699632,FORWARDED,18def184-baad-440d-a082-1866bffcc126,091a40ee-e539-4559-a290-36fa44a5afc4,c2,c3,872,?,p3,
1769749068.1979632,RECEIVED,6b2f9bf6-53bb-491f-89d2-c423d0c61bde,49d04a95-03e2-4b4c-9f90-e18d937a21c2,c3,DROP,442,x10,?,
1769749068.2142627,RECEIVED,e5a9a938-03bd-42c9-91e1-18d659bae467,221db0d1-f449-4e0d-a394-acdb433b5961,c1,c5,1260,i11,?,
1769749068.2521977,RECEIVED,e90e0015-7c97-4ecc-ad1b-82bacfb27290,ba128cae-90d3-47a4-b26f-6527a0f21ca9,c1,c5,1259,i6,?,
1769749068.2746372,SENT,f008c7b3-4e0e-4bef-9d38-973c1b444a67,1435eb61-5eb3-461d-8f92-c1d6dcd38b82,c5,None,775,?,p1,
1769749068.2746792,FORWARDED,f008c7b3-4e0e-4bef-9d38-973c1b444a67,1435eb61-5eb3-461d-8f92-c1d6dcd38b82,c5,None,775,?,p1,
1769749068.2937906,SENT,0c6854a3-6ba0-462d-9c3e-c2d39f0e5bf0,75d2a41c-ec93-4e44-8e86-882a13a3e05b,c1,c5,867,?,p2,
1769749068.2938323,FORWARDED,0c6854a3-6ba0-462d-9c3e-c2d39f0e5bf0,75d2a41c-ec93-4e44-8e86-882a13a3e05b,c1,c5,867,?,p2,
1769749068.30498,SENT,54da7d4e-587f-4ad4-8763-766bc4425239,bd6430fc-b5e4-439c-8fd8-6b716205194a,c4,c1,911,?,p1,
1769749068.305019,FORWARDED,54da7d4e-587f-4ad4-8763-766bc4425239,bd6430fc-b5e4-439c-8fd8-6b716205194a,c4,c1,911,?,p1,
1769749068.343478,SENT,8c01ab1f-ce5a-420c-803d-3acafea56420,afd27e2a-9bfa-4b01-a0e3-e6ee499d8e21,c4,DROP,441,?,e3,
1769749068.3435194,FORWARDED,8c01ab1f-ce5a-420c-803d-3acafea56420,afd27e2a-9bfa-4b01-a0e3-e6ee499d8e21,c4,DROP,441,?,e3,
1769749068.3617034,RECEIVED,efab3952-a72a-413e-9f32-112d0c11b2b1,024fa354-8b26-46ae-949c-c7b8af8aa02d,c4,c1,1256,i7,?,
1769749068.4582622,SENT,e5a9a938-03bd-42c9-91e1-18d659bae467,221db0d1-f449-4e0d-a394-acdb433b5961,c1,c5,871,?,p2,
1769749068.4583294,FORWARDED,e5a9a938-03bd-42c9-91e1-18d659bae467,221db0d1-f449-4e0d-a394-acdb433b5961,c1,c5,871,?,p2,
1769749068.5282319,SENT,b7f27ad6-f71a-442d-aba0-17d0ff69fd11,d6f35d72-e6a7-4e59-acc5-8890a5f78b35,c2,None,772,?,p3,
1769749068.5283513,FORWARDED,b7f27ad6-f71a-442d-aba0-17d0ff69fd11,d6f35d72-e6a7-4e59-acc5-8890a5f78b35,c2,None,772,?,p3,
1769749068.6069033,RECEIVED,c988acde-3d7e-4b18-8b05-57df6033e43c,429c6c88-42bb-4272-a229-f2be653dba72,c1,None,1131,i4,?,
1769749068.6094053,SENT,efab3952-a72a-413e-9f32-112d0c11b2b1,024fa354-8b26-46ae-949c-c7b8af8aa02d,c4,c1,870,?,p1,
1769749068.6094432,FORWARDED,efab3952-a72a-413e-9f32-112d0c11b2b1,024fa354-8b26-46ae-949c-c7b8af8aa02d,c4,c1,870,?,p1,
1769749068.6172154,RECEIVED,7aecf3b6-d41e-4477-861e-76db9d995ae9,b321e230-7065-4a10-aeba-82ac0b1afec6,c2,DROP,688,i1,?,
1769749068.6607985,RECEIVED,5b22c9a8-306e-4de0-aed3-9e4c27782882,0f56b1f3-f967-4342-b702-e31b3afefdf9,c2,DROP,687,i9,?,
1769749068.8250005,RECEIVED,2ae06fbb-1144-433b-a26c-e0a10fc5fac0,ef657321-694f-49fd-90e7-6a8420190087,c3,DROP,686,i6,?,
1769749068.8377268,SENT,5b22c9a8-306e-4de0-aed3-9e4c27782882,0f56b1f3-f967-4342-b702-e31b3afefdf9,c2,DROP,442,?,e3,
1769749068.8377697,FORWARDED,5b22c9a8-306e-4de0-aed3-9e4c27782882,0f56b1f3-f967-4342-b702-e31b3afefdf9,c2,DROP,442,?,e3,
1769749068.9387398,SENT,7aecf3b6-d41e-4477-861e-76db9d995ae9,b321e230-7065-4a10-aeba-82ac0b1afec6,c2,DROP,444,?,x10,
1769749068.9387798,FORWARDED,7aecf3b6-d41e-4477-861e-76db9d995ae9,b321e230-7065-4a10-aeba-82ac0b1afec6,c2,DROP,444,?,x10,
1769749069.0840893,RECEIVED,37ac7272-9a26-4c0c-b76b-25774dfa6351,2e2bb86f-173c-4e6e-96a7-149a5ecc946e,c4,c1,1319,i11,?,
1769749069.421766,SENT,2ae06fbb-1144-433b-a26c-e0a10fc5fac0,ef657321-694f-49fd-90e7-6a8420190087,c3,DROP,442,?,e5,
1769749069.4222367,FORWARDED,2ae06fbb-1144-433b-a26c-e0a10fc5fac0,ef657321-694f-49fd-90e7-6a8420190087,c3,DROP,442,?,e5,
1769749069.4853013,SENT,e90e0015-7c97-4ecc-ad1b-82bacfb27290,ba128cae-90d3-47a4-b26f-6527a0f21ca9,c1,c5,871,?,p2,
1769749069.4853354,FORWARDED,e90e0015-7c97-4ecc-ad1b-82bacfb27290,ba128cae-90d3-47a4-b26f-6527a0f21ca9,c1,c5,871,?,p2,
1769749069.5521364,RECEIVED,443f4f9b-ec6c-4bf4-aa62-fc1b07438eb4,18a1321d-7d90-4d16-b86b-bf920ee7ecff,c5,None,1124,i12,?,
1769749069.6076925,RECEIVED,c9639b2d-adc1-49b7-a2e9-28921a71b434,90a049d4-848d-46d0-b665-db0223b8700a,c3,DROP,439,x10,?,
1769749069.843284,RECEIVED,0f0ef7c7-aa65-438b-8ee0-e9862160bdf6,fe9ca525-7fb9-46cc-bf49-0c164cec5866,c2,DROP,679,i5,?,
1769749069.8480334,RECEIVED,349c3328-677e-4e16-a3e9-98d4f2bacaf6,87462a63-3745-473c-bf51-890aba01aa44,c2,DROP,442,x5,?,
1769749069.8928716,RECEIVED,a2e4d621-b428-4262-b13a-65f05d281aad,3b3f1e2e-61dd-4cd1-a1a1-0e25c9a44d3a,c2,DROP,687,i6,?,
1769749069.9477658,SENT,443f4f9b-ec6c-4bf4-aa62-fc1b07438eb4,18a1321d-7d90-4d16-b86b-bf920ee7ecff,c5,None,771,?,p1,
1769749069.947814,FORWARDED,443f4f9b-ec6c-4bf4-aa62-fc1b07438eb4,18a1321d-7d90-4d16-b86b-bf920ee7ecff,c5,None,771,?,p1,
1769749069.988418,RECEIVED,ad548c12-7224-4547-b169-7c61c1bc9e1a,c0ca5ac8-a6c2-4934-a4f7-fde352b22f59,c3,c2,1258,i3,?,
1769749070.1444745,SENT,c988acde-3d7e-4b18-8b05-57df6033e43c,429c6c88-42bb-4272-a229-f2be653dba72,c1,None,775,?,p1,
1769749070.1445174,FORWARDED,c988acde-3d7e-4b18-8b05-57df6033e43c,429c6c88-42bb-4272-a229-f2be653dba72,c1,None,775,?,p1,
1769749070.460504,SENT,37ac7272-9a26-4c0c-b76b-25774dfa6351,2e2bb86f-173c-4e6e-96a7-149a5ecc946e,c4,c1,916,?,p1,
1769749070.460542,FORWARDED,37ac7272-9a26-4c0c-b76b-25774dfa6351,2e2bb86f-173c-4e6e-96a7-149a5ecc946e,c4,c1,916,?,p1,
1769749070.5743747,SENT,0f0ef7c7-aa65-438b-8ee0-e9862160bdf6,fe9ca525-7fb9-46cc-bf49-0c164cec5866,c2,DROP,437,?,e8,
1769749070.5744119,FORWARDED,0f0ef7c7-aa65-438b-8ee0-e9862160bdf6,fe9ca525-7fb9-46cc-bf49-0c164cec5866,c2,DROP,437,?,e8,
1769749070.5812268,RECEIVED,331b16e0-220b-4d92-91c3-94239f17a5d5,66d4b64e-ea9a-46f3-b709-6808bd55b687,c3,DROP,688,i3,?,
1769749070.6697748,RECEIVED,b75aee52-6b76-477a-b825-8eb8face056d,da72c5ee-6b2d-4990-acea-b962707b6bc1,c1,DROP,683,i2,?,
1769749070.6788573,SENT,331b16e0-220b-4d92-91c3-94239f17a5d5,66d4b64e-ea9a-46f3-b709-6808bd55b687,c3,DROP,442,?,i8,
1769749070.6788943,FORWARDED,331b16e0-220b-4d92-91c3-94239f17a5d5,66d4b64e-ea9a-46f3-b709-6808bd55b687,c3,DROP,442,?,i8,
1769749070.7744367,SENT,a2e4d621-b428-4262-b13a-65f05d281aad,3b3f1e2e-61dd-4cd1-a1a1-0e25c9a44d3a,c2,DROP,442,?,x2,
1769749070.7744758,FORWARDED,a2e4d621-b428-4262-b13a-65f05d281aad,3b3f1e2e-61dd-4cd1-a1a1-0e25c9a44d3a,c2,DROP,442,?,x2,
1769749071.0187986,SENT,b75aee52-6b76-477a-b825-8eb8face056d,da72c5ee-6b2d-4990-acea-b962707b6bc1,c1,DROP,441,?,i7,
1769749071.0188353,FORWARDED,b75aee52-6b76-477a-b825-8eb8face056d,da72c5ee-6b2d-4990-acea-b962707b6bc1,c1,DROP,441,?,i7,
1769749071.1225016,SENT,ad548c12-7224-4547-b169-7c61c1bc9e1a,c0ca5ac8-a6c2-4934-a4f7-fde352b22f59,c3,c2,871,?,p2,
1769749071.1225579,FORWARDED,ad548c12-7224-4547-b169-7c61c1bc9e1a,c0ca5ac8-a6c2-4934-a4f7-fde352b22f59,c3,c2,871,?,p2,
1769749071.251307,RECEIVED,046be2f3-0fbe-4835-a9b8-253fd19cd3ca,6a39cf6c-cec4-4710-9170-f75570344140,c5,DROP,683,i12,?,
1769749071.2841733,RECEIVED,c723a0e9-570d-40b2-ad8f-a69f0ebae9a9,dae30591-9211-4a50-8907-db99d1300fc4,c4,c1,1311,i3,?,
1769749071.3559773,RECEIVED,59bf534d-331e-487f-8728-ac760b2e5ef1,a88192c0-71a6-45c7-afe3-4562db05be77,c2,DROP,688,i4,?,
1769749071.4334562,RECEIVED,43cf3ee0-beca-489f-a51b-a951727cea83,03ecc5fe-9248-42da-9a2f-bacc0403d994,c5,DROP,441,x4,?,
1769749071.4578063,SENT,59bf534d-331e-487f-8728-ac760b2e5ef1,a88192c0-71a6-45c7-afe3-4562db05be77,c2,DROP,442,?,e3,
1769749071.45784,FORWARDED,59bf534d-331e-487f-8728-ac760b2e5ef1,a88192c0-71a6-45c7-afe3-4562db05be77,c2,DROP,442,?,e3,
1769749071.5698798,SENT,046be2f3-0fbe-4835-a9b8-253fd19cd3ca,6a39cf6c-cec4-4710-9170-f75570344140,c5,DROP,441,?,i1,
1769749071.5699215,FORWARDED,046be2f3-0fbe-4835-a9b8-253fd19cd3ca,6a39cf6c-cec4-4710-9170-f75570344140,c5,DROP,441,?,i1,
1769749071.5988083,SENT,c723a0e9-570d-40b2-ad8f-a69f0ebae9a9,dae30591-9211-4a50-8907-db99d1300fc4,c4,c1,911,?,p1,
1769749071.5988488,FORWARDED,c723a0e9-570d-40b2-ad8f-a69f0ebae9a9,dae30591-9211-4a50-8907-db99d1300fc4,c4,c1,911,?,p1,
1769749071.6269476,RECEIVED,e99b8d02-620b-4601-99cd-63da0b74a909,b7a03e31-b6c1-4efc-bea4-14f40da17358,c1,None,1123,i4,?,
1769749071.7018683,RECEIVED,d0bffdd9-ca10-408b-b6fd-9f8a766df756,3cbbabe9-165c-4a28-89ee-536dbe5d07a6,c2,c3,1312,i7,?,
1769749071.8452086,RECEIVED,72753783-bae6-4d3e-8118-28574ce48b6f,0e22e45a-8d0e-467a-8841-78d82f562f58,c1,c5,1311,i11,?,
1769749071.8601363,SENT,d0bffdd9-ca10-408b-b6fd-9f8a766df756,3cbbabe9-165c-4a28-89ee-536dbe5d07a6,c2,c3,912,?,p3,
1769749071.8601782,FORWARDED,d0bffdd9-ca10-408b-b6fd-9f8a766df756,3cbbabe9-165c-4a28-89ee-536dbe5d07a6,c2,c3,912,?,p3,
1769749071.8935397,RECEIVED,54b18ae7-c149-43db-ba80-6d4fd42be6ea,4ff71a40-df98-4062-8cee-38c672b73233,c1,DROP,685,i2,?,
1769749071.994529,SENT,54b18ae7-c149-43db-ba80-6d4fd42be6ea,4ff71a40-df98-4062-8cee-38c672b73233,c1,DROP,441,?,x11,
1769749071.9945705,FORWARDED,54b18ae7-c149-43db-ba80-6d4fd42be6ea,4ff71a40-df98-4062-8cee-38c672b73233,c1,DROP,441,?,x11,
1769749072.0782125,RECEIVED,7dfe6a0e-7d39-400e-b09b-0dc95136fc7a,ac69a126-c4a3-449d-a354-9704dad0e0ad,c5,c3,1256,i1,?,
1769749072.1683307,RECEIVED,bb176a36-a45f-4381-b182-ad5052a5ad94,c1942aba-b260-4ac8-a40d-37a1414155e9,c2,DROP,441,x10,?,
1769749072.1747522,SENT,7dfe6a0e-7d39-400e-b09b-0dc95136fc7a,ac69a126-c4a3-449d-a354-9704dad0e0ad,c5,c3,868,?,p3,
1769749072.1747959,FORWARDED,7dfe6a0e-7d39-400e-b09b-0dc95136fc7a,ac69a126-c4a3-449d-a354-9704dad0e0ad,c5,c3,868,?,p3,
1769749072.2372258,SENT,e99b8d02-620b-4601-99cd-63da0b74a909,b7a03e31-b6c1-4efc-bea4-14f40da17358,c1,None,771,?,p1,
1769749072.2372706,FORWARDED,e99b8d02-620b-4601-99cd-63da0b74a909,b7a03e31-b6c1-4efc-bea4-14f40da17358,c1,None,771,?,p1,
1769749072.3454795,RECEIVED,843e8f7c-68ba-4030-b46b-da3765e1c111,dd7e6330-3f2d-4651-93fb-3b066f5ec7b2,c2,DROP,689,i12,?,
1769749072.4157348,SENT,843e8f7c-68ba-4030-b46b-da3765e1c111,dd7e6330-3f2d-4651-93fb-3b066f5ec7b2,c2,DROP,443,?,e8,
1769749072.4157763,FORWARDED,843e8f7c-68ba-4030-b46b-da3765e1c111,dd7e6330-3f2d-4651-93fb-3b066f5ec7b2,c2,DROP,443,?,e8,
1769749072.591821,RECEIVED,070a9dd8-05dd-4481-8d15-d82569806588,8c2b2b8a-5337-41db-968f-377593972658,c5,DROP,683,i9,?,
1769749072.6827593,RECEIVED,d8d049fc-f87d-4b7e-a4aa-d47b0fd8e236,6c02b671-937f-4e5b-92b9-7501c37c37fc,c5,DROP,441,x9,?,
1769749072.8144298,SENT,72753783-bae6-4d3e-8118-28574ce48b6f,0e22e45a-8d0e-467a-8841-78d82f562f58,c1,c5,912,?,p2,
1769749072.8144684,FORWARDED,72753783-bae6-4d3e-8118-28574ce48b6f,0e22e45a-8d0e-467a-8841-78d82f562f58,c1,c5,912,?,p2,
1769749072.9957438,RECEIVED,b6ba4c73-3692-48bf-9679-984d06f5adf5,33bfbd00-fbf7-4f87-9c68-a9792c389c63,c2,None,1132,i8,?,
1769749073.01823,SENT,b6ba4c73-3692-48bf-9679-984d06f5adf5,33bfbd00-fbf7-4f87-9c68-a9792c389c63,c2,None,775,?,p3,
1769749073.0182714,FORWARDED,b6ba4c73-3692-48bf-9679-984d06f5adf5,33bfbd00-fbf7-4f87-9c68-a9792c389c63,c2,None,775,?,p3,
1769749073.0276456,RECEIVED,059cf2cd-bf0f-43d9-b644-ac2dac7607d0,004d5c8b-8093-4829-941c-c5921e87b533,c5,DROP,687,i2,?,
1769749073.0416663,RECEIVED,c4194996-c283-4505-8914-794ee1d3dceb,26480e43-4f01-403d-b12a-e825ec9f831c,c5,DROP,687,i1,?,
1769749073.245856,SENT,070a9dd8-05dd-4481-8d15-d82569806588,8c2b2b8a-5337-41db-968f-377593972658,c5,DROP,441,?,e4,
1769749073.2458947,FORWARDED,070a9dd8-05dd-4481-8d15-d82569806588,8c2b2b8a-5337-41db-968f-377593972658,c5,DROP,441,?,e4,
1769749073.2799308,SENT,c4194996-c283-4505-8914-794ee1d3dceb,26480e43-4f01-403d-b12a-e825ec9f831c,c5,DROP,442,?,e5,
1769749073.279969,FORWARDED,c4194996-c283-4505-8914-794ee1d3dceb,26480e43-4f01-403d-b12a-e825ec9f831c,c5,DROP,442,?,e5,
1769749073.3218842,RECEIVED,6a887245-8783-4656-b0a4-f120f7c5047b,a8306869-05f3-40eb-a201-103730306001,c2,None,1123,i1,?,
1769749073.3256464,RECEIVED,8b50a64f-ab40-47c6-bcf5-1c014fd617a5,e20ee79a-89ff-47f2-8970-1785bd85d4fd,c4,DROP,692,i12,?,
1769749073.3890886,RECEIVED,e7fed408-4734-4d28-bb1d-3a0043c852a1,bd748c23-be7e-4673-941e-b7046bbc3313,c2,DROP,686,i12,?,
1769749073.4885688,SENT,e7fed408-4734-4d28-bb1d-3a0043c852a1,bd748c23-be7e-4673-941e-b7046bbc3313,c2,DROP,441,?,i11,
1769749073.488611,FORWARDED,e7fed408-4734-4d28-bb1d-3a0043c852a1,bd748c23-be7e-4673-941e-b7046bbc3313,c2,DROP,441,?,i11,
1769749073.4930851,RECEIVED,a4c25f7f-db46-427d-9112-3459091d1b46,617d271c-61c0-43cb-a616-11970fba6f29,c2,DROP,683,i9,?,
1769749073.5009682,RECEIVED,7fcafc23-fd6a-451e-9bcb-1e112ba9490b,431cdc46-79ff-4c1f-932d-d55d9ab3d508,c4,DROP,688,i3,?,
1769749073.595867,SENT,7fcafc23-fd6a-451e-9bcb-1e112ba9490b,431cdc46-79ff-4c1f-932d-d55d9ab3d508,c4,DROP,444,?,i6,
1769749073.5959089,FORWARDED,7fcafc23-fd6a-451e-9bcb-1e112ba9490b,431cdc46-79ff-4c1f-932d-d55d9ab3d508,c4,DROP,444,?,i6,
1769749073.598781,RECEIVED,b0cf151a-e00d-441a-a867-3f7bef77b3b6,e3bc21a4-bb09-42cf-a44d-074fca5b29d9,c3,DROP,439,x6,?,
1769749073.6246498,RECEIVED,cab29929-35c2-4504-b3c8-5d4e90bc3741,42a4fb6d-baf2-4562-822b-6a4877245c72,c5,c3,1255,i5,?,
1769749073.642744,RECEIVED,391eeefd-6d33-43c8-88a2-123144aa270f,12bf8030-0a52-438d-9ac5-7c26d513d5cc,c3,c2,1312,i3,?,
1769749073.651726,RECEIVED,7e1d6438-3706-4bc1-8eb2-7c77c0725d83,418e8010-09d7-4e15-84da-d7099151c534,c3,None,1132,i9,?,
1769749073.7035515,SENT,7e1d6438-3706-4bc1-8eb2-7c77c0725d83,418e8010-09d7-4e15-84da-d7099151c534,c3,None,775,?,p2,
1769749073.7035944,FORWARDED,7e1d6438-3706-4bc1-8eb2-7c77c0725d83,418e8010-09d7-4e15-84da-d7099151c534,c3,None,775,?,p2,
1769749073.7342854,RECEIVED,13af3479-8e8a-4c01-affd-32d27d1e738b,fc552933-86ce-4f99-bf81-f84e15b1d716,c1,DROP,684,i2,?,
1769749073.7375472,RECEIVED,14b42f14-8f05-4ad5-97a7-3221d0df54f4,e0f98360-4e17-4825-9447-620cb8615cdf,c5,DROP,687,i4,?,
1769749073.8555448,SENT,059cf2cd-bf0f-43d9-b644-ac2dac7607d0,004d5c8b-8093-4829-941c-c5921e87b533,c5,DROP,442,?,i5,
1769749073.8555853,FORWARDED,059cf2cd-bf0f-43d9-b644-ac2dac7607d0,004d5c8b-8093-4829-941c-c5921e87b533,c5,DROP,442,?,i5,
1769749073.8723443,SENT,391eeefd-6d33-43c8-88a2-123144aa270f,12bf8030-0a52-438d-9ac5-7c26d513d5cc,c3,c2,911,?,p2,
1769749073.8723848,FORWARDED,391eeefd-6d33-43c8-88a2-123144aa270f,12bf8030-0a52-438d-9ac5-7c26d513d5cc,c3,c2,911,?,p2,
1769749073.873592,RECEIVED,e34e25bd-274d-4dca-970b-a2bdf20eaaad,e9a10f15-c5b4-4869-8e10-8c7ed16ab311,c4,DROP,684,i8,?,
1769749074.0687428,SENT,cab29929-35c2-4504-b3c8-5d4e90bc3741,42a4fb6d-baf2-4562-822b-6a4877245c72,c5,c3,870,?,p3,
1769749074.0687807,FORWARDED,cab29929-35c2-4504-b3c8-5d4e90bc3741,42a4fb6d-baf2-4562-822b-6a4877245c72,c5,c3,870,?,p3,
1769749074.0928206,RECEIVED,cf91edd7-d92a-478e-b44f-c82a1a7e5f66,658f38ec-8a3a-4cd3-a865-a15718f1fb9e,c4,DROP,679,i9,?,
1769749074.098134,RECEIVED,deb78f23-e0b0-4c07-8588-98f3501a04d5,fc631c0f-24e6-4852-9d88-e275a1ccf7c5,c2,DROP,441,x9,?,
1769749074.1056037,RECEIVED,6bb16266-0f29-4f47-b083-b664c1d19fb7,42f244fa-ad26-4349-aa99-58c1a337563f,c2,DROP,687,i2,?,
1769749074.1298738,SENT,e34e25bd-274d-4dca-970b-a2bdf20eaaad,e9a10f15-c5b4-4869-8e10-8c7ed16ab311,c4,DROP,441,?,i7,
1769749074.129914,FORWARDED,e34e25bd-274d-4dca-970b-a2bdf20eaaad,e9a10f15-c5b4-4869-8e10-8c7ed16ab311,c4,DROP,441,?,i7,
1769749074.1727223,SENT,6bb16266-0f29-4f47-b083-b664c1d19fb7,42f244fa-ad26-4349-aa99-58c1a337563f,c2,DROP,442,?,x5,
1769749074.1727579,FORWARDED,6bb16266-0f29-4f47-b083-b664c1d19fb7,42f244fa-ad26-4349-aa99-58c1a337563f,c2,DROP,442,?,x5,
1769749074.191687,RECEIVED,c641db5a-8af1-4cd6-a0c7-3267143cc825,2a25de50-9dab-4f38-847c-1b0f35645098,c5,DROP,688,i8,?,
1769749074.19403,RECEIVED,3cfce788-bbc7-4008-9980-306151b94579,471ab75b-a1b7-40f8-9a03-5b556b693d21,c2,DROP,441,x5,?,
1769749074.2142162,SENT,13af3479-8e8a-4c01-affd-32d27d1e738b,fc552933-86ce-4f99-bf81-f84e15b1d716,c1,DROP,441,?,e11,
1769749074.214259,FORWARDED,13af3479-8e8a-4c01-affd-32d27d1e738b,fc552933-86ce-4f99-bf81-f84e15b1d716,c1,DROP,441,?,e11,
1769749074.5396411,RECEIVED,67a1fed8-2f14-4ed6-bdc4-19a783a549d5,4b245eb5-f268-4268-b73a-797c49d1a52b,c5,DROP,679,i9,?,
1769749074.542066,SENT,6a887245-8783-4656-b0a4-f120f7c5047b,a8306869-05f3-40eb-a201-103730306001,c2,None,771,?,p3,
1769749074.5421116,FORWARDED,6a887245-8783-4656-b0a4-f120f7c5047b,a8306869-05f3-40eb-a201-103730306001,c2,None,771,?,p3,
1769749074.5536397,RECEIVED,038c3790-c170-438f-a243-60e8245a8031,9964ff96-566a-45e7-aa13-127a22c7247d,c1,DROP,441,x12,?,
1769749074.6254942,SENT,c641db5a-8af1-4cd6-a0c7-3267143cc825,2a25de50-9dab-4f38-847c-1b0f35645098,c5,DROP,442,?,x9,
1769749074.625532,FORWARDED,c641db5a-8af1-4cd6-a0c7-3267143cc825,2a25de50-9dab-4f38-847c-1b0f35645098,c5,DROP,442,?,x9,
1769749074.6952322,RECEIVED,30bee893-dabc-4edf-80e3-e0f93ffc3d5c,18a3c11f-46d4-48b4-b36d-86487682ca22,c4,c1,1258,i5,?,
1769749074.715997,SENT,8b50a64f-ab40-47c6-bcf5-1c014fd617a5,e20ee79a-89ff-47f2-8970-1785bd85d4fd,c4,DROP,446,?,x12,
1769749074.7164986,FORWARDED,8b50a64f-ab40-47c6-bcf5-1c014fd617a5,e20ee79a-89ff-47f2-8970-1785bd85d4fd,c4,DROP,446,?,x12,
1769749074.7697651,SENT,a4c25f7f-db46-427d-9112-3459091d1b46,617d271c-61c0-43cb-a616-11970fba6f29,c2,DROP,441,?,e1,
1769749074.7698152,FORWARDED,a4c25f7f-db46-427d-9112-3459091d1b46,617d271c-61c0-43cb-a616-11970fba6f29,c2,DROP,441,?,e1,
1769749074.7819865,RECEIVED,e3235868-fa80-4184-8ec6-156efdd3bb91,b4cfea69-9530-4ad1-b23b-10b5b1ac9ce8,c1,DROP,687,i12,?,
1769749074.7955322,RECEIVED,2cd2ba44-db77-482b-9ee9-7e3d0ba48283,5fda129b-c50b-430b-a29c-18ed976fdf96,c1,DROP,683,i9,?,
1769749074.9882925,SENT,14b42f14-8f05-4ad5-97a7-3221d0df54f4,e0f98360-4e17-4825-9447-620cb8615cdf,c5,DROP,442,?,e8,
1769749074.988335,FORWARDED,14b42f14-8f05-4ad5-97a7-3221d0df54f4,e0f98360-4e17-4825-9447-620cb8615cdf,c5,DROP,442,?,e8,
1769749075.16503,RECEIVED,a89699f0-a9aa-489e-9b33-f6a268147b33,af2fc5f1-26e7-4ff3-8868-b804b1b3b389,c2,DROP,441,x9,?,
1769749075.1712172,SENT,2cd2ba44-db77-482b-9ee9-7e3d0ba48283,5fda129b-c50b-430b-a29c-18ed976fdf96,c1,DROP,441,?,e1,
1769749075.171446,FORWARDED,2cd2ba44-db77-482b-9ee9-7e3d0ba48283,5fda129b-c50b-430b-a29c-18ed976fdf96,c1,DROP,441,?,e1,
1769749075.2384608,SENT,e3235868-fa80-4184-8ec6-156efdd3bb91,b4cfea69-9530-4ad1-b23b-10b5b1ac9ce8,c1,DROP,442,?,e6,
1769749075.2384992,FORWARDED,e3235868-fa80-4184-8ec6-156efdd3bb91,b4cfea69-9530-4ad1-b23b-10b5b1ac9ce8,c1,DROP,442,?,e6,
1769749075.322767,SENT,67a1fed8-2f14-4ed6-bdc4-19a783a549d5,4b245eb5-f268-4268-b73a-797c49d1a52b,c5,DROP,437,?,x6,
1769749075.3228076,FORWARDED,67a1fed8-2f14-4ed6-bdc4-19a783a549d5,4b245eb5-f268-4268-b73a-797c49d1a52b,c5,DROP,437,?,x6,
1769749075.3460324,RECEIVED,7fae0925-eb94-4a5a-88a4-66bfa6af2a08,38b19467-8a9c-4066-98f9-bd1703ce5dba,c1,c5,1311,i6,?,
1769749075.4263153,RECEIVED,b366d9b1-e511-4dd9-9821-9409c7d1af2a,7412f4a8-a690-4628-bf22-d2709dbc9d36,c4,c1,1259,i3,?,
1769749075.489008,RECEIVED,1e7c448f-1893-4d06-8f98-08384ce1bbcc,56f5d31d-3035-4998-b492-6414f5df8d8d,c5,DROP,688,i6,?,
1769749075.5317376,RECEIVED,a4048eed-21b0-40c3-a3ec-b58548aed5dd,056f63d8-367d-4d1d-8f11-4e575dc94add,c2,c3,1311,i1,?,
1769749075.53871,SENT,1e7c448f-1893-4d06-8f98-08384ce1bbcc,56f5d31d-3035-4998-b492-6414f5df8d8d,c5,DROP,442,?,e8,
1769749075.5387526,FORWARDED,1e7c448f-1893-4d06-8f98-08384ce1bbcc,56f5d31d-3035-4998-b492-6414f5df8d8d,c5,DROP,442,?,e8,
1769749075.6459696,SENT,30bee893-dabc-4edf-80e3-e0f93ffc3d5c,18a3c11f-46d4-48b4-b36d-86487682ca22,c4,c1,872,?,p1,
1769749075.6460083,FORWARDED,30bee893-dabc-4edf-80e3-e0f93ffc3d5c,18a3c11f-46d4-48b4-b36d-86487682ca22,c4,c1,872,?,p1,
1769749075.6583166,SENT,cf91edd7-d92a-478e-b44f-c82a1a7e5f66,658f38ec-8a3a-4cd3-a865-a15718f1fb9e,c4,DROP,438,?,x3,
1769749075.6583557,FORWARDED,cf91edd7-d92a-478e-b44f-c82a1a7e5f66,658f38ec-8a3a-4cd3-a865-a15718f1fb9e,c4,DROP,438,?,x3,
1769749075.8196545,SENT,7fae0925-eb94-4a5a-88a4-66bfa6af2a08,38b19467-8a9c-4066-98f9-bd1703ce5dba,c1,c5,911,?,p2,
1769749075.8196914,FORWARDED,7fae0925-eb94-4a5a-88a4-66bfa6af2a08,38b19467-8a9c-4066-98f9-bd1703ce5dba,c1,c5,911,?,p2,
1769749075.913874,SENT,a4048eed-21b0-40c3-a3ec-b58548aed5dd,056f63d8-367d-4d1d-8f11-4e575dc94add,c2,c3,912,?,p3,
1769749075.9139168,FORWARDED,a4048eed-21b0-40c3-a3ec-b58548aed5dd,056f63d8-367d-4d1d-8f11-4e575dc94add,c2,c3,912,?,p3,
1769749075.9179916,RECEIVED,330790c6-0b14-4d81-8a53-0f62f92350e4,70d4bdd4-6574-48f4-82d0-5a65ea16bf99,c3,None,1120,i5,?,
1769749076.0205522,SENT,330790c6-0b14-4d81-8a53-0f62f92350e4,70d4bdd4-6574-48f4-82d0-5a65ea16bf99,c3,None,768,?,p2,
1769749076.0205996,FORWARDED,330790c6-0b14-4d81-8a53-0f62f92350e4,70d4bdd4-6574-48f4-82d0-5a65ea16bf99,c3,None,768,?,p2,
1769749076.1777883,RECEIVED,1dc22ce3-be4a-4fdb-be89-f77b7d3f019a,7e948f88-1047-417e-912d-df22880ee00c,c1,None,1132,i1,?,
1769749076.224053,RECEIVED,182ac438-3218-4fae-b4af-895373abe1c1,8de91a85-cdcc-4135-b8a8-c04100cc08f5,c4,c1,1267,i12,?,
1769749076.2248201,SENT,b366d9b1-e511-4dd9-9821-9409c7d1af2a,7412f4a8-a690-4628-bf22-d2709dbc9d36,c4,c1,871,?,p1,
1769749076.2248552,FORWARDED,b366d9b1-e511-4dd9-9821-9409c7d1af2a,7412f4a8-a690-4628-bf22-d2709dbc9d36,c4,c1,871,?,p1,
1769749076.323918,RECEIVED,926af80e-5238-401f-bca5-13bd623ccf87,a9d76868-f49f-44f4-9cd6-9f1289a54e89,c4,c1,1255,i9,?,
1769749076.373941,RECEIVED,5e0936de-5144-4a81-ba74-9a85f4f7ca0f,f5d07ad0-5fc2-4963-bc4a-30ec1ec271d6,c3,DROP,687,i1,?,
1769749076.381436,RECEIVED,ff59ff87-8651-40b4-ad26-b9c732d373ef,d6581d4b-7a80-4cb0-bc41-c15d891c139f,c1,None,1124,i2,?,
1769749076.4888573,SENT,1dc22ce3-be4a-4fdb-be89-f77b7d3f019a,7e948f88-1047-417e-912d-df22880ee00c,c1,None,775,?,p1,
1769749076.4888954,FORWARDED,1dc22ce3-be4a-4fdb-be89-f77b7d3f019a,7e948f88-1047-417e-912d-df22880ee00c,c1,None,775,?,p1,
1769749076.5194168,SENT,182ac438-3218-4fae-b4af-895373abe1c1,8de91a85-cdcc-4135-b8a8-c04100cc08f5,c4,c1,877,?,p1,
1769749076.5194595,FORWARDED,182ac438-3218-4fae-b4af-895373abe1c1,8de91a85-cdcc-4135-b8a8-c04100cc08f5,c4,c1,877,?,p1,
1769749076.7207851,SENT,926af80e-5238-401f-bca5-13bd623ccf87,a9d76868-f49f-44f4-9cd6-9f1289a54e89,c4,c1,868,?,p1,
1769749076.720824,FORWARDED,926af80e-5238-401f-bca5-13bd623ccf87,a9d76868-f49f-44f4-9cd6-9f1289a54e89,c4,c1,868,?,p1,
1769749076.7768488,SENT,ff59ff87-8651-40b4-ad26-b9c732d373ef,d6581d4b-7a80-4cb0-bc41-c15d891c139f,c1,None,771,?,p1,
1769749076.7768903,FORWARDED,ff59ff87-8651-40b4-ad26-b9c732d373ef,d6581d4b-7a80-4cb0-bc41-c15d891c139f,c1,None,771,?,p1,
1769749076.7948976,RECEIVED,f5fc30a5-67b7-4978-b05e-9670cfc61142,7ecc44f6-ffda-4626-bb9a-602349bcf647,c1,DROP,442,x9,?,
1769749076.8199697,RECEIVED,53c65329-efae-4f37-a751-2bba01efba5f,2f64e028-c50b-48ec-80f7-8a9332b764aa,c1,DROP,688,i5,?,
1769749076.886226,RECEIVED,a3ea4f99-da55-4d39-b0a2-308db208e142,f82ef732-0a78-4f9a-a7a2-4a5727e012ad,c1,DROP,678,i9,?,
1769749076.9904141,FORWARDED,5e0936de-5144-4a81-ba74-9a85f4f7ca0f,f5d07ad0-5fc2-4963-bc4a-30ec1ec271d6,c3,DROP,442,?,i4,
1769749077.2129662,RECEIVED,cc8ecf72-ce30-4e8d-8978-fd7989d90788,09b33a94-bdf8-4a51-b03e-ed2b876b5520,c2,DROP,686,i9,?,
1769749077.235823,SENT,cc8ecf72-ce30-4e8d-8978-fd7989d90788,09b33a94-bdf8-4a51-b03e-ed2b876b5520,c2,DROP,440,?,e10,
1769749077.2358634,FORWARDED,cc8ecf72-ce30-4e8d-8978-fd7989d90788,09b33a94-bdf8-4a51-b03e-ed2b876b5520,c2,DROP,440,?,e10,
1769749077.284912,RECEIVED,b8c89077-f97f-4ec9-9aee-b520a699a75c,a778b0b0-fa80-4eed-8d3e-8d6b210d6875,c3,None,1132,i6,?,
1769749077.4267275,SENT,b8c89077-f97f-4ec9-9aee-b520a699a75c,a778b0b0-fa80-4eed-8d3e-8d6b210d6875,c3,None,775,?,p2,
1769749077.4267712,FORWARDED,b8c89077-f97f-4ec9-9aee-b520a699a75c,a778b0b0-fa80-4eed-8d3e-8d6b210d6875,c3,None,775,?,p2,
1769749077.5002215,FORWARDED,53c65329-efae-4f37-a751-2bba01efba5f,2f64e028-c50b-48ec-80f7-8a9332b764aa,c1,DROP,442,?,i11,
1769749077.5218563,SENT,a3ea4f99-da55-4d39-b0a2-308db208e142,f82ef732-0a78-4f9a-a7a2-4a5727e012ad,c1,DROP,437,?,x3,
1769749077.5218966,FORWARDED,a3ea4f99-da55-4d39-b0a2-308db208e142,f82ef732-0a78-4f9a-a7a2-4a5727e012ad,c1,DROP,437,?,x3,
1769749077.5271642,RECEIVED,12b826da-62f2-474b-8a2a-9193eebe9863,121cac39-b8ba-40e8-8766-60c47b3a413c,c3,DROP,683,i2,?,
1769749077.6557875,RECEIVED,ea440a10-dfa8-40f2-9e9a-f2e8cc83360b,f18e4239-9d6d-451a-b28d-91d38f6b3250,c2,c3,1267,i12,?,
1769749077.6882036,RECEIVED,93c6eb03-4be8-4ee1-908d-5e3f0849c87c,6ae23ec2-179d-4b8a-a093-11d13a5a0858,c1,DROP,692,i12,?,
1769749077.923837,RECEIVED,4ad7d552-eb6e-4d6f-bad8-2b4587e5da8c,be36eb73-6c97-4052-8706-381ee8a14590,c4,DROP,441,x9,?,
1769749077.9915366,FORWARDED,12b826da-62f2-474b-8a2a-9193eebe9863,121cac39-b8ba-40e8-8766-60c47b3a413c,c3,DROP,441,?,i4,
1769749078.0152376,RECEIVED,8c495621-0e4f-44b8-83b4-a452ae2f3f9c,59560df1-421c-41ce-a4c8-036c042fc94f,c3,DROP,683,i2,?,
1769749078.0261128,SENT,93c6eb03-4be8-4ee1-908d-5e3f0849c87c,6ae23ec2-179d-4b8a-a093-11d13a5a0858,c1,DROP,446,?,x6,
1769749078.026152,FORWARDED,93c6eb03-4be8-4ee1-908d-5e3f0849c87c,6ae23ec2-179d-4b8a-a093-11d13a5a0858,c1,DROP,446,?,x6,
1769749078.089599,RECEIVED,d1e314bc-9fd8-4948-a320-9b9f8e17b202,ed619339-3afd-4689-a924-2efaf9dcc31f,c5,DROP,684,i12,?,
1769749078.0912187,RECEIVED,7c7bda25-9c90-45f1-a2e6-c2aed6ec5c36,dfa18ed3-5ad1-4abe-baf7-4b086b157692,c3,c2,1260,i9,?,
1769749078.2346942,SENT,8c495621-0e4f-44b8-83b4-a452ae2f3f9c,59560df1-421c-41ce-a4c8-036c042fc94f,c3,DROP,441,?,x9,
1769749078.2347348,FORWARDED,8c495621-0e4f-44b8-83b4-a452ae2f3f9c,59560df1-421c-41ce-a4c8-036c042fc94f,c3,DROP,441,?,x9,
1769749078.2529304,SENT,ea440a10-dfa8-40f2-9e9a-f2e8cc83360b,f18e4239-9d6d-451a-b28d-91d38f6b3250,c2,c3,879,?,p3,
1769749078.2529736,FORWARDED,ea440a10-dfa8-40f2-9e9a-f2e8cc83360b,f18e4239-9d6d-451a-b28d-91d38f6b3250,c2,c3,879,?,p3,
1769749078.3938289,RECEIVED,7011ad19-81e7-4ad7-8691-2a07e90de3d1,c44deb4c-c7b3-4851-86a8-db2c7962117b,c1,DROP,684,i7,?,
1769749078.4236803,SENT,7c7bda25-9c90-45f1-a2e6-c2aed6ec5c36,dfa18ed3-5ad1-4abe-baf7-4b086b157692,c3,c2,871,?,p2,
1769749078.4237218,FORWARDED,7c7bda25-9c90-45f1-a2e6-c2aed6ec5c36,dfa18ed3-5ad1-4abe-baf7-4b086b157692,c3,c2,871,?,p2,
1769749078.4377139,SENT,d1e314bc-9fd8-4948-a320-9b9f8e17b202,ed619339-3afd-4689-a924-2efaf9dcc31f,c5,DROP,441,?,e8,
1769749078.4377532,FORWARDED,d1e314bc-9fd8-4948-a320-9b9f8e17b202,ed619339-3afd-4689-a924-2efaf9dcc31f,c5,DROP,441,?,e8,
1769749078.4597087,SENT,7011ad19-81e7-4ad7-8691-2a07e90de3d1,c44deb4c-c7b3-4851-86a8-db2c7962117b,c1,DROP,441,?,x4,
1769749078.4597497,FORWARDED,7011ad19-81e7-4ad7-8691-2a07e90de3d1,c44deb4c-c7b3-4851-86a8-db2c7962117b,c1,DROP,441,?,x4,
1769749078.5947354,RECEIVED,2592db9a-bc0f-4b6f-a2ed-31e4a7b796e0,a602592c-2aac-448b-b58c-a6fd7303f2f3,c4,DROP,442,x6,?,
1769749078.7027442,RECEIVED,453a4a0a-e712-46c1-ac75-40fa708221e3,d751205f-e243-43ad-8e96-3a4e6a8b9c4d,c1,None,1127,i1,?,
1769749078.9770143,RECEIVED,a5554d53-9014-4cfc-b75c-1ad648f2bf56,775b3b89-f282-48c5-a084-69b251a9c5c9,c5,DROP,441,x12,?,
1769749079.698271,SENT,453a4a0a-e712-46c1-ac75-40fa708221e3,d751205f-e243-43ad-8e96-3a4e6a8b9c4d,c1,None,772,?,p1,
1769749079.6983104,FORWARDED,453a4a0a-e712-46c1-ac75-40fa708221e3,d751205f-e243-43ad-8e96-3a4e6a8b9c4d,c1,None,772,?,p1,
1769749079.764804,RECEIVED,f61f375e-0354-44bb-8db6-32b0fe057f1d,1e36a688-72ee-4e35-a890-8d36b4538659,c4,c1,1323,i5,?,
1769749079.929316,RECEIVED,5d7a6d7e-38e6-4890-9cab-d07e88ceb71d,ad8bcf42-bb80-4d5d-bcb3-366343b64a53,c2,DROP,688,i6,?,
1769749080.0549376,RECEIVED,00fcb0dd-25c9-4cf1-a684-1b12b527a8ca,e6ba8529-a126-4c2c-ad75-81281f2c683f,c4,c1,1256,i2,?,
1769749080.2105956,SENT,5d7a6d7e-38e6-4890-9cab-d07e88ceb71d,ad8bcf42-bb80-4d5d-bcb3-366343b64a53,c2,DROP,442,?,e7,
1769749080.2106316,FORWARDED,5d7a6d7e-38e6-4890-9cab-d07e88ceb71d,ad8bcf42-bb80-4d5d-bcb3-366343b64a53,c2,DROP,442,?,e7,
1769749080.2611763,RECEIVED,3488cdbd-980b-41dc-bbf9-4ba67cc53444,fb8bcc18-041d-4a0c-9399-00100e9759f7,c4,DROP,442,x9,?,
1769749080.2697616,RECEIVED,762db603-58e8-412a-9c5e-f546d8309a6a,ec2ec9ad-e4c5-4650-b869-7331ea2da5dc,c4,c1,1319,i3,?,
1769749080.336362,RECEIVED,8b8cba45-8c12-43a6-bb86-9bdab5bbbf43,8f3e9ab4-6ae0-4593-aeef-dba40d867ded,c4,DROP,678,i12,?,
1769749080.3802524,SENT,00fcb0dd-25c9-4cf1-a684-1b12b527a8ca,e6ba8529-a126-4c2c-ad75-81281f2c683f,c4,c1,868,?,p1,
1769749080.380294,FORWARDED,00fcb0dd-25c9-4cf1-a684-1b12b527a8ca,e6ba8529-a126-4c2c-ad75-81281f2c683f,c4,c1,868,?,p1,
1769749080.3991437,SENT,f61f375e-0354-44bb-8db6-32b0fe057f1d,1e36a688-72ee-4e35-a890-8d36b4538659,c4,c1,919,?,p1,
1769749080.399184,FORWARDED,f61f375e-0354-44bb-8db6-32b0fe057f1d,1e36a688-72ee-4e35-a890-8d36b4538659,c4,c1,919,?,p1,
1769749080.9144144,RECEIVED,16aae6d9-5df7-4e5f-be87-cc019e0f43da,7e2a9ce5-5cc9-40e8-9d79-698dd4fad0fb,c5,DROP,440,x5,?,
1769749081.0628715,SENT,8b8cba45-8c12-43a6-bb86-9bdab5bbbf43,8f3e9ab4-6ae0-4593-aeef-dba40d867ded,c4,DROP,437,?,x9,
1769749081.0629141,FORWARDED,8b8cba45-8c12-43a6-bb86-9bdab5bbbf43,8f3e9ab4-6ae0-4593-aeef-dba40d867ded,c4,DROP,437,?,x9,
1769749081.0715194,RECEIVED,5f238087-6281-4f0a-9c4e-3cd90dfa5414,4a7a12e0-eb69-4099-afe7-d5e238758340,c1,DROP,684,i5,?,
1769749081.166791,SENT,5f238087-6281-4f0a-9c4e-3cd90dfa5414,4a7a12e0-eb69-4099-afe7-d5e238758340,c1,DROP,441,?,i8,
1769749081.166863,FORWARDED,5f238087-6281-4f0a-9c4e-3cd90dfa5414,4a7a12e0-eb69-4099-afe7-d5e238758340,c1,DROP,441,?,i8,
1769749081.195139,RECEIVED,305084ea-bbfb-45fb-a5dd-bf1411b32308,581b6288-686e-4ab9-a167-1c175b7e975d,c5,c3,1254,i1,?,
1769749081.6103222,RECEIVED,125bcf04-d856-40d5-8d60-1709b6e08757,f6b8d200-7a9f-489e-9c08-bfeea12d9eb3,c4,c1,1323,i12,?,
1769749081.818773,RECEIVED,0b6cad04-95f3-4f45-bf30-f70bdbad2b9b,e60bb8d3-0cd7-458c-8009-fd809e528aac,c3,DROP,688,i7,?,
1769749081.8200746,RECEIVED,fee7c6fb-291d-4f39-b15d-5315e93be2df,a203f49d-105d-4287-9631-16bb3f0f8b82,c5,DROP,689,i9,?,
1769749081.990207,RECEIVED,671f4402-a3b1-4dc3-96d7-9bb8ab38211d,3249b1f2-634e-4ef3-b560-3d2173269b82,c4,DROP,683,i12,?,
1769749082.0706408,SENT,0b6cad04-95f3-4f45-bf30-f70bdbad2b9b,e60bb8d3-0cd7-458c-8009-fd809e528aac,c3,DROP,442,?,e3,
1769749082.070692,FORWARDED,0b6cad04-95f3-4f45-bf30-f70bdbad2b9b,e60bb8d3-0cd7-458c-8009-fd809e528aac,c3,DROP,442,?,e3,
1769749082.1662078,SENT,fee7c6fb-291d-4f39-b15d-5315e93be2df,a203f49d-105d-4287-9631-16bb3f0f8b82,c5,DROP,442,?,e12,
1769749082.1662493,FORWARDED,fee7c6fb-291d-4f39-b15d-5315e93be2df,a203f49d-105d-4287-9631-16bb3f0f8b82,c5,DROP,442,?,e12,
1769749082.4157834,RECEIVED,a328f270-659c-4489-9985-8447d25b91f8,1a563917-ac00-404d-8306-bb4794117bcb,c2,DROP,687,i6,?,
1769749082.4273167,SENT,305084ea-bbfb-45fb-a5dd-bf1411b32308,581b6288-686e-4ab9-a167-1c175b7e975d,c5,c3,868,?,p3,
1769749082.4273558,FORWARDED,305084ea-bbfb-45fb-a5dd-bf1411b32308,581b6288-686e-4ab9-a167-1c175b7e975d,c5,c3,868,?,p3,
1769749082.6528242,RECEIVED,f2b39fe8-e50b-4dc4-81b5-f9962affefcf,7cf3e9d6-cc87-410a-bbf5-51cd90b5326f,c5,c3,1256,i7,?,
1769749082.6719983,RECEIVED,bfa608b6-6596-4b22-b748-acee8d37ec2a,b9fd6b83-0e84-41b5-95ce-c5881f121c05,c4,DROP,688,i1,?,
1769749082.6727726,SENT,762db603-58e8-412a-9c5e-f546d8309a6a,ec2ec9ad-e4c5-4650-b869-7331ea2da5dc,c4,c1,916,?,p1,
1769749082.6728065,FORWARDED,762db603-58e8-412a-9c5e-f546d8309a6a,ec2ec9ad-e4c5-4650-b869-7331ea2da5dc,c4,c1,916,?,p1,
1769749082.691234,SENT,f2b39fe8-e50b-4dc4-81b5-f9962affefcf,7cf3e9d6-cc87-410a-bbf5-51cd90b5326f,c5,c3,868,?,p3,
1769749082.691273,FORWARDED,f2b39fe8-e50b-4dc4-81b5-f9962affefcf,7cf3e9d6-cc87-410a-bbf5-51cd90b5326f,c5,c3,868,?,p3,
1769749082.71624,RECEIVED,70cb7eaa-c73f-4347-8317-11972531041c,687faf00-5ca2-4a0d-b08e-956e81882ec2,c2,None,1128,i9,?,
1769749082.7825065,SENT,70cb7eaa-c73f-4347-8317-11972531041c,687faf00-5ca2-4a0d-b08e-956e81882ec2,c2,None,772,?,p3,
1769749082.782548,FORWARDED,70cb7eaa-c73f-4347-8317-11972531041c,687faf00-5ca2-4a0d-b08e-956e81882ec2,c2,None,772,?,p3,
1769749082.7839518,SENT,bfa608b6-6596-4b22-b748-acee8d37ec2a,b9fd6b83-0e84-41b5-95ce-c5881f121c05,c4,DROP,442,?,e1,
1769749082.7839892,FORWARDED,bfa608b6-6596-4b22-b748-acee8d37ec2a,b9fd6b83-0e84-41b5-95ce-c5881f121c05,c4,DROP,442,?,e1,
1769749082.7959113,SENT,671f4402-a3b1-4dc3-96d7-9bb8ab38211d,3249b1f2-634e-4ef3-b560-3d2173269b82,c4,DROP,441,?,e3,
1769749082.7959538,FORWARDED,671f4402-a3b1-4dc3-96d7-9bb8ab38211d,3249b1f2-634e-4ef3-b560-3d2173269b82,c4,DROP,441,?,e3,
1769749082.836796,RECEIVED,0535aded-f418-4bef-841a-1c28b3e288dc,e8f93a95-830f-40bf-af04-cacc14fd65a8,c2,c3,1325,i12,?,
1769749082.8552885,RECEIVED,a0ce6b9d-46ef-4a47-afe9-7cc55d5094cc,975bf22a-8806-45d8-a4e6-6646cf43ffea,c3,DROP,683,i2,?,
1769749082.8984694,SENT,0535aded-f418-4bef-841a-1c28b3e288dc,e8f93a95-830f-40bf-af04-cacc14fd65a8,c2,c3,921,?,p3,
1769749082.8985133,FORWARDED,0535aded-f418-4bef-841a-1c28b3e288dc,e8f93a95-830f-40bf-af04-cacc14fd65a8,c2,c3,921,?,p3,
1769749082.9475436,RECEIVED,d21350ab-c475-40aa-83c6-e97576993b96,cb0d496d-e677-4364-9c69-293e132e7519,c3,DROP,441,x2,?,
1769749083.0101676,SENT,125bcf04-d856-40d5-8d60-1709b6e08757,f6b8d200-7a9f-489e-9c08-bfeea12d9eb3,c4,c1,920,?,p1,
1769749083.0102131,FORWARDED,125bcf04-d856-40d5-8d60-1709b6e08757,f6b8d200-7a9f-489e-9c08-bfeea12d9eb3,c4,c1,920,?,p1,
1769749083.0965588,RECEIVED,553f3e59-9e19-4622-8481-5624ecdeda00,1528ee89-85f6-4536-ba6f-c3b37977c49c,c1,None,1131,i2,?,
1769749083.12986,RECEIVED,d5d92b46-f6d0-40e8-901c-66cef02b3105,1e5469fd-19e4-4ca1-80e4-4f3be5cd6a6b,c4,c1,1313,i9,?,
1769749083.2124138,SENT,d5d92b46-f6d0-40e8-901c-66cef02b3105,1e5469fd-19e4-4ca1-80e4-4f3be5cd6a6b,c4,c1,911,?,p1,
1769749083.2124565,FORWARDED,d5d92b46-f6d0-40e8-901c-66cef02b3105,1e5469fd-19e4-4ca1-80e4-4f3be5cd6a6b,c4,c1,911,?,p1,
1769749083.242353,RECEIVED,9331f7b7-224c-48e5-bd77-d312cc6bc57a,7380cddd-fccf-42d1-b1ee-ff668e1af568,c2,c3,1253,i5,?,
1769749083.2634323,SENT,553f3e59-9e19-4622-8481-5624ecdeda00,1528ee89-85f6-4536-ba6f-c3b37977c49c,c1,None,775,?,p1,
1769749083.2634757,FORWARDED,553f3e59-9e19-4622-8481-5624ecdeda00,1528ee89-85f6-4536-ba6f-c3b37977c49c,c1,None,775,?,p1,
1769749083.2734592,SENT,9331f7b7-224c-48e5-bd77-d312cc6bc57a,7380cddd-fccf-42d1-b1ee-ff668e1af568,c2,c3,867,?,p3,
1769749083.2735012,FORWARDED,9331f7b7-224c-48e5-bd77-d312cc6bc57a,7380cddd-fccf-42d1-b1ee-ff668e1af568,c2,c3,867,?,p3,
1769749083.3310692,RECEIVED,faabf494-84ae-47b0-82b3-c853a8fcc0cf,e1873a85-8bdf-4ee2-8fbf-632e75695db2,c1,DROP,683,i5,?,
1769749083.5512605,SENT,a0ce6b9d-46ef-4a47-afe9-7cc55d5094cc,975bf22a-8806-45d8-a4e6-6646cf43ffea,c3,DROP,441,?,x9,
1769749083.5512989,FORWARDED,a0ce6b9d-46ef-4a47-afe9-7cc55d5094cc,975bf22a-8806-45d8-a4e6-6646cf43ffea,c3,DROP,441,?,x9,
1769749083.6847703,SENT,a328f270-659c-4489-9985-8447d25b91f8,1a563917-ac00-404d-8306-bb4794117bcb,c2,DROP,442,?,i3,
1769749083.684811,FORWARDED,a328f270-659c-4489-9985-8447d25b91f8,1a563917-ac00-404d-8306-bb4794117bcb,c2,DROP,442,?,i3,
1769749083.7181385,SENT,faabf494-84ae-47b0-82b3-c853a8fcc0cf,e1873a85-8bdf-4ee2-8fbf-632e75695db2,c1,DROP,441,?,x6,
1769749083.7181797,FORWARDED,faabf494-84ae-47b0-82b3-c853a8fcc0cf,e1873a85-8bdf-4ee2-8fbf-632e75695db2,c1,DROP,441,?,x6,
1769749083.9933338,RECEIVED,a3a59868-48dc-4e77-975f-7a3ab3e4d41e,2502d305-f8ca-4b5d-95fb-e53aa58cf48b,c3,None,1123,i7,?,
1769749083.998237,RECEIVED,f07f7cc5-f3ff-4e15-a177-34f615a7d7eb,b99168a3-4af5-4f51-93d8-cb13a7e4d01b,c3,DROP,686,i5,?,
1769749084.0590823,RECEIVED,b2825084-d326-4554-8013-5d334804191b,a45f98ff-6c10-41c8-9bd3-8df6de2221f2,c4,DROP,683,i9,?,
1769749084.1395488,RECEIVED,46b67827-6e88-4993-b5b3-1bf0f162f591,556c9e89-0fd4-4be2-be89-e4a936b264e8,c1,None,1131,i9,?,
1769749084.2791455,SENT,f07f7cc5-f3ff-4e15-a177-34f615a7d7eb,b99168a3-4af5-4f51-93d8-cb13a7e4d01b,c3,DROP,442,?,x5,
1769749084.2791874,FORWARDED,f07f7cc5-f3ff-4e15-a177-34f615a7d7eb,b99168a3-4af5-4f51-93d8-cb13a7e4d01b,c3,DROP,442,?,x5,
1769749084.3801546,RECEIVED,5013758f-b9b0-4c36-87ee-56b37c1b76a5,21f9e702-8e4d-485e-88d0-e9bbc32683e3,c4,DROP,441,x7,?,
1769749084.3909154,SENT,46b67827-6e88-4993-b5b3-1bf0f162f591,556c9e89-0fd4-4be2-be89-e4a936b264e8,c1,None,776,?,p1,
1769749084.3909552,FORWARDED,46b67827-6e88-4993-b5b3-1bf0f162f591,556c9e89-0fd4-4be2-be89-e4a936b264e8,c1,None,776,?,p1,
1769749084.457194,RECEIVED,00fbdc8b-72d6-4da5-a8d5-ee5b8c8b8f32,a3f25cdb-52b9-4517-aed2-9b605c5fa5ae,c3,DROP,683,i5,?,
1769749084.5018752,RECEIVED,c80359fc-c307-4ce4-9863-ffce8e1f4e76,4a1dd05a-2d64-45c0-b580-3c7993dee3f4,c3,DROP,684,i3,?,
1769749084.5309484,SENT,a3a59868-48dc-4e77-975f-7a3ab3e4d41e,2502d305-f8ca-4b5d-95fb-e53aa58cf48b,c3,None,771,?,p2,
1769749084.5309916,FORWARDED,a3a59868-48dc-4e77-975f-7a3ab3e4d41e,2502d305-f8ca-4b5d-95fb-e53aa58cf48b,c3,None,771,?,p2,
1769749084.5845034,SENT,c80359fc-c307-4ce4-9863-ffce8e1f4e76,4a1dd05a-2d64-45c0-b580-3c7993dee3f4,c3,DROP,441,?,i5,
1769749084.5845463,FORWARDED,c80359fc-c307-4ce4-9863-ffce8e1f4e76,4a1dd05a-2d64-45c0-b580-3c7993dee3f4,c3,DROP,441,?,i5,
1769749084.69759,RECEIVED,2e70923b-06e4-4cf8-99ed-ecae10d99d34,dd4bddbb-4b9d-44dd-b6d0-8d44d8ae6d5a,c5,None,1130,i1,?,
1769749084.9795709,RECEIVED,75115731-d750-453e-b846-4249c586d6c6,6d605d85-8d1f-4d10-9ae2-65a45a6d204a,c1,DROP,685,i5,?,
1769749084.983214,RECEIVED,f1307a03-47aa-4aea-8f40-78ad66794260,fa0cbacf-f8ca-4355-9a62-fafdd8be6f6c,c5,DROP,441,x1,?,
1769749085.0422308,SENT,75115731-d750-453e-b846-4249c586d6c6,6d605d85-8d1f-4d10-9ae2-65a45a6d204a,c1,DROP,441,?,x4,
1769749085.0422714,FORWARDED,75115731-d750-453e-b846-4249c586d6c6,6d605d85-8d1f-4d10-9ae2-65a45a6d204a,c1,DROP,441,?,x4,
1769749085.1277475,RECEIVED,2819102f-280b-4c6f-9867-f2b5fed0ecfd,dd376fac-de2d-4a41-a0e9-24225b9ab558,c4,c1,1324,i5,?,
1769749085.1337733,SENT,2e70923b-06e4-4cf8-99ed-ecae10d99d34,dd4bddbb-4b9d-44dd-b6d0-8d44d8ae6d5a,c5,None,775,?,p1,
1769749085.1338115,FORWARDED,2e70923b-06e4-4cf8-99ed-ecae10d99d34,dd4bddbb-4b9d-44dd-b6d0-8d44d8ae6d5a,c5,None,775,?,p1,
1769749085.1943974,RECEIVED,850dcb18-1857-4ca9-8615-44d36732e14a,581e1d6e-4ca7-4022-8ea8-0fd4293db8b2,c2,None,1128,i3,?,
1769749085.2516024,RECEIVED,7122b6a4-fad9-4871-b692-b4e962ff46fd,b24666d1-a321-4836-8ce1-77c69c77d559,c1,DROP,684,i6,?,
1769749085.2995505,SENT,7122b6a4-fad9-4871-b692-b4e962ff46fd,b24666d1-a321-4836-8ce1-77c69c77d559,c1,DROP,441,?,x5,
1769749085.299591,FORWARDED,7122b6a4-fad9-4871-b692-b4e962ff46fd,b24666d1-a321-4836-8ce1-77c69c77d559,c1,DROP,441,?,x5,
1769749085.3116188,SENT,2819102f-280b-4c6f-9867-f2b5fed0ecfd,dd376fac-de2d-4a41-a0e9-24225b9ab558,c4,c1,919,?,p1,
1769749085.311661,FORWARDED,2819102f-280b-4c6f-9867-f2b5fed0ecfd,dd376fac-de2d-4a41-a0e9-24225b9ab558,c4,c1,919,?,p1,
1769749085.33201,RECEIVED,76cc8159-767a-42e2-ae57-002195cf894d,5c57302f-d430-4e33-b93b-082a4d6cad20,c3,c2,1252,i6,?,
1769749085.342366,SENT,850dcb18-1857-4ca9-8615-44d36732e14a,581e1d6e-4ca7-4022-8ea8-0fd4293db8b2,c2,None,773,?,p3,
1769749085.34241,FORWARDED,850dcb18-1857-4ca9-8615-44d36732e14a,581e1d6e-4ca7-4022-8ea8-0fd4293db8b2,c2,None,773,?,p3,
1769749085.355496,RECEIVED,c5856f29-f9c5-4487-a1d4-ffd3f7423949,71073153-c1c1-4f6b-b097-9802d226e832,c4,DROP,683,i5,?,
1769749085.420855,SENT,76cc8159-767a-42e2-ae57-002195cf894d,5c57302f-d430-4e33-b93b-082a4d6cad20,c3,c2,867,?,p2,
1769749085.4208975,FORWARDED,76cc8159-767a-42e2-ae57-002195cf894d,5c57302f-d430-4e33-b93b-082a4d6cad20,c3,c2,867,?,p2,
1769749085.4990065,SENT,c5856f29-f9c5-4487-a1d4-ffd3f7423949,71073153-c1c1-4f6b-b097-9802d226e832,c4,DROP,441,?,e8,
1769749085.4990647,FORWARDED,c5856f29-f9c5-4487-a1d4-ffd3f7423949,71073153-c1c1-4f6b-b097-9802d226e832,c4,DROP,441,?,e8,
1769749085.7018917,RECEIVED,242ac088-8d41-4bc4-a903-54a67bbd6f71,527f7002-13a8-44b1-91f7-3c7b3cf3d863,c3,DROP,441,x7,?,
1769749085.7351177,RECEIVED,ea680e5b-49a1-44c2-b091-18c69e482431,737518e2-e617-448f-968c-2382f5ab533e,c3,None,1122,i6,?,
1769749085.9302964,RECEIVED,4f47f67e-9ea6-4f38-a15a-d1dbab420a42,ee1fffa2-49a3-4bb4-8257-2720fe64480e,c3,None,1125,i7,?,
1769749085.973985,SENT,4f47f67e-9ea6-4f38-a15a-d1dbab420a42,ee1fffa2-49a3-4bb4-8257-2720fe64480e,c3,None,771,?,p2,
1769749085.9740207,FORWARDED,4f47f67e-9ea6-4f38-a15a-d1dbab420a42,ee1fffa2-49a3-4bb4-8257-2720fe64480e,c3,None,771,?,p2,
1769749085.9803245,SENT,00fbdc8b-72d6-4da5-a8d5-ee5b8c8b8f32,a3f25cdb-52b9-4517-aed2-9b605c5fa5ae,c3,DROP,441,?,i2,
1769749085.9803674,FORWARDED,00fbdc8b-72d6-4da5-a8d5-ee5b8c8b8f32,a3f25cdb-52b9-4517-aed2-9b605c5fa5ae,c3,DROP,441,?,i2,
1769749085.9830575,RECEIVED,080e79d4-f721-4377-9e7b-6985bce185b9,cf6c24e8-043e-4d8b-a94f-386b72a49e76,c1,c5,1255,i6,?,
1769749086.0155396,SENT,ea680e5b-49a1-44c2-b091-18c69e482431,737518e2-e617-448f-968c-2382f5ab533e,c3,None,771,?,p2,
1769749086.0155838,FORWARDED,ea680e5b-49a1-44c2-b091-18c69e482431,737518e2-e617-448f-968c-2382f5ab533e,c3,None,771,?,p2,
1769749086.023202,RECEIVED,58e68d1f-ecd8-42cd-a24b-0870b4d463b1,e20e3d4a-7fe4-4dad-990a-8277ab24dfbf,c5,DROP,688,i1,?,
1769749086.040561,RECEIVED,7f3ba90f-a538-4891-a8c6-ae1ea256c2e5,8b877527-b0f2-4662-bc58-1c713c831573,c2,DROP,689,i9,?,
1769749086.0757859,SENT,080e79d4-f721-4377-9e7b-6985bce185b9,cf6c24e8-043e-4d8b-a94f-386b72a49e76,c1,c5,868,?,p2,
1769749086.0758264,FORWARDED,080e79d4-f721-4377-9e7b-6985bce185b9,cf6c24e8-043e-4d8b-a94f-386b72a49e76,c1,c5,868,?,p2,
1769749086.0809417,RECEIVED,30799d58-5a50-421b-a7b7-6ac963e5d575,828c138e-85ab-4457-8818-9ae7d2aa54ba,c4,c1,1263,i12,?,
1769749086.167174,FORWARDED,7f3ba90f-a538-4891-a8c6-ae1ea256c2e5,8b877527-b0f2-4662-bc58-1c713c831573,c2,DROP,443,?,i10,
1769749086.2274873,RECEIVED,cf971a67-7fd9-481f-8cdd-983b59ee3c7f,daf8d6a7-601a-4fc4-84cd-276091746151,c3,c2,1260,i9,?,
1769749086.238216,SENT,58e68d1f-ecd8-42cd-a24b-0870b4d463b1,e20e3d4a-7fe4-4dad-990a-8277ab24dfbf,c5,DROP,442,?,x4,
1769749086.2382565,FORWARDED,58e68d1f-ecd8-42cd-a24b-0870b4d463b1,e20e3d4a-7fe4-4dad-990a-8277ab24dfbf,c5,DROP,442,?,x4,
1769749086.2434182,RECEIVED,1a798b3c-df40-42fb-90c8-be00aae65789,4d1840df-e189-4984-b3ff-d7a02bdf0e77,c1,DROP,688,i3,?,
1769749086.2624433,SENT,b2825084-d326-4554-8013-5d334804191b,a45f98ff-6c10-41c8-9bd3-8df6de2221f2,c4,DROP,441,?,e10,
1769749086.2625322,FORWARDED,b2825084-d326-4554-8013-5d334804191b,a45f98ff-6c10-41c8-9bd3-8df6de2221f2,c4,DROP,441,?,e10,
1769749086.3014338,SENT,cf971a67-7fd9-481f-8cdd-983b59ee3c7f,daf8d6a7-601a-4fc4-84cd-276091746151,c3,c2,871,?,p2,
1769749086.3014724,FORWARDED,cf971a67-7fd9-481f-8cdd-983b59ee3c7f,daf8d6a7-601a-4fc4-84cd-276091746151,c3,c2,871,?,p2,
1769749086.642404,SENT,1a798b3c-df40-42fb-90c8-be00aae65789,4d1840df-e189-4984-b3ff-d7a02bdf0e77,c1,DROP,442,?,e5,
1769749086.6424437,FORWARDED,1a798b3c-df40-42fb-90c8-be00aae65789,4d1840df-e189-4984-b3ff-d7a02bdf0e77,c1,DROP,442,?,e5,
1769749086.6555505,SENT,30799d58-5a50-421b-a7b7-6ac963e5d575,828c138e-85ab-4457-8818-9ae7d2aa54ba,c4,c1,876,?,p1,
1769749086.655589,FORWARDED,30799d58-5a50-421b-a7b7-6ac963e5d575,828c138e-85ab-4457-8818-9ae7d2aa54ba,c4,c1,876,?,p1,
1769749086.7817104,RECEIVED,9a2c76d9-cc9d-4678-ad7e-9bd724cbd640,7a0d6911-bd19-4357-ab22-09e226d035ba,c4,DROP,679,i1,?,
1769749086.8614848,RECEIVED,a47747ae-520c-444c-b4b8-15e5a1a18daf,9c783970-ddcd-4b24-9bee-f92b2c751002,c2,None,1136,i12,?,
1769749086.9510226,RECEIVED,daec6a31-589c-46f5-95ed-fd20436b113f,642d3227-57f8-4be9-bfdf-853543d0f67c,c5,None,1124,i2,?,
1769749086.9922476,RECEIVED,1d378047-ee43-42c9-84de-c021856070d4,8c57fca7-827d-4031-bfe5-cd9dc8602c8a,c2,None,1123,i1,?,
1769749087.0804312,RECEIVED,a26db7ae-be93-4827-85bc-0eb7c76fd621,50f49d22-368a-47ae-8bdf-e22592a5b347,c5,c3,1255,i1,?,
1769749087.1118894,SENT,a47747ae-520c-444c-b4b8-15e5a1a18daf,9c783970-ddcd-4b24-9bee-f92b2c751002,c2,None,780,?,p3,
1769749087.111934,FORWARDED,a47747ae-520c-444c-b4b8-15e5a1a18daf,9c783970-ddcd-4b24-9bee-f92b2c751002,c2,None,780,?,p3,
1769749087.133486,SENT,daec6a31-589c-46f5-95ed-fd20436b113f,642d3227-57f8-4be9-bfdf-853543d0f67c,c5,None,771,?,p1,
1769749087.1335292,FORWARDED,daec6a31-589c-46f5-95ed-fd20436b113f,642d3227-57f8-4be9-bfdf-853543d0f67c,c5,None,771,?,p1,
1769749087.3621912,SENT,9a2c76d9-cc9d-4678-ad7e-9bd724cbd640,7a0d6911-bd19-4357-ab22-09e226d035ba,c4,DROP,437,?,x3,
1769749087.362228,FORWARDED,9a2c76d9-cc9d-4678-ad7e-9bd724cbd640,7a0d6911-bd19-4357-ab22-09e226d035ba,c4,DROP,437,?,x3,
1769749087.4164553,RECEIVED,16c99cfd-e98d-41e1-8dae-165562f58bc4,447d0d4a-3753-45c4-8b36-cee0a79842f9,c4,DROP,687,i3,?,
1769749087.4971573,RECEIVED,92d81c92-c892-49f0-b92f-fa8799a271f4,ffcb00b2-2587-41e7-bfea-04b908d793aa,c5,c3,1309,i1,?,
1769749087.547185,RECEIVED,5eb6ae15-fa47-4c6c-b2fc-0e00111505ac,4259bf81-96b0-4042-8bf4-c673ed523745,c3,DROP,689,i3,?,
1769749087.6436253,SENT,1d378047-ee43-42c9-84de-c021856070d4,8c57fca7-827d-4031-bfe5-cd9dc8602c8a,c2,None,771,?,p3,
1769749087.6436653,FORWARDED,1d378047-ee43-42c9-84de-c021856070d4,8c57fca7-827d-4031-bfe5-cd9dc8602c8a,c2,None,771,?,p3,
1769749087.76243,RECEIVED,6ab60543-22b5-4be9-a774-82f1c04cbc17,dbd01db7-2b78-496e-aa54-174d839392fa,c2,DROP,684,i3,?,
1769749087.7628086,SENT,5eb6ae15-fa47-4c6c-b2fc-0e00111505ac,4259bf81-96b0-4042-8bf4-c673ed523745,c3,DROP,444,?,e10,
1769749087.7628424,FORWARDED,5eb6ae15-fa47-4c6c-b2fc-0e00111505ac,4259bf81-96b0-4042-8bf4-c673ed523745,c3,DROP,444,?,e10,
1769749087.8169549,RECEIVED,58ad91cb-c442-436f-8bda-aa66de7090fb,63fc9183-fb01-44c6-bfbb-bb9bcdb95355,c1,DROP,440,x1,?,
1769749087.8233902,SENT,a26db7ae-be93-4827-85bc-0eb7c76fd621,50f49d22-368a-47ae-8bdf-e22592a5b347,c5,c3,868,?,p3,
1769749087.823433,FORWARDED,a26db7ae-be93-4827-85bc-0eb7c76fd621,50f49d22-368a-47ae-8bdf-e22592a5b347,c5,c3,868,?,p3,
1769749087.8788323,RECEIVED,7bce47cf-d6d0-432e-9934-d150f312f3a6,765a4d4f-ab93-4ae6-9104-7c97ce704099,c2,DROP,683,i12,?,
1769749087.8982933,RECEIVED,a014acf0-5434-4273-a5fb-51c725656b07,1102574e-24b7-46b9-bf5a-7634e5ae4ffb,c4,c1,1324,i12,?,
1769749087.9247448,SENT,a014acf0-5434-4273-a5fb-51c725656b07,1102574e-24b7-46b9-bf5a-7634e5ae4ffb,c4,c1,920,?,p1,
1769749087.9247863,FORWARDED,a014acf0-5434-4273-a5fb-51c725656b07,1102574e-24b7-46b9-bf5a-7634e5ae4ffb,c4,c1,920,?,p1,
1769749087.968963,RECEIVED,7448a8f7-5a4a-42ac-b2b7-e9d267718f99,e1f78f9d-1269-4514-beaf-3a0ea168817d,c2,None,1123,i12,?,
1769749088.0249963,RECEIVED,094ebade-2399-424c-bd10-162c9553c886,bd663bdf-65ef-48b9-a415-0877d2f74c26,c3,DROP,441,x10,?,
1769749088.1203628,SENT,7448a8f7-5a4a-42ac-b2b7-e9d267718f99,e1f78f9d-1269-4514-beaf-3a0ea168817d,c2,None,771,?,p3,
1769749088.1204076,FORWARDED,7448a8f7-5a4a-42ac-b2b7-e9d267718f99,e1f78f9d-1269-4514-beaf-3a0ea168817d,c2,None,771,?,p3,
1769749088.127862,SENT,16c99cfd-e98d-41e1-8dae-165562f58bc4,447d0d4a-3753-45c4-8b36-cee0a79842f9,c4,DROP,442,?,i9,
1769749088.1279066,FORWARDED,16c99cfd-e98d-41e1-8dae-165562f58bc4,447d0d4a-3753-45c4-8b36-cee0a79842f9,c4,DROP,442,?,i9,
1769749088.1964304,SENT,6ab60543-22b5-4be9-a774-82f1c04cbc17,dbd01db7-2b78-496e-aa54-174d839392fa,c2,DROP,441,?,x12,
1769749088.19647,FORWARDED,6ab60543-22b5-4be9-a774-82f1c04cbc17,dbd01db7-2b78-496e-aa54-174d839392fa,c2,DROP,441,?,x12,
1769749088.3768067,RECEIVED,7f183e1e-2ff6-4c2f-ad30-b1b29d39e017,a516ad19-5772-41ae-a91e-45a07e8b71c0,c2,DROP,683,i8,?,
1769749088.59267,SENT,7bce47cf-d6d0-432e-9934-d150f312f3a6,765a4d4f-ab93-4ae6-9104-7c97ce704099,c2,DROP,441,?,e6,
1769749088.5927124,FORWARDED,7bce47cf-d6d0-432e-9934-d150f312f3a6,765a4d4f-ab93-4ae6-9104-7c97ce704099,c2,DROP,441,?,e6,
1769749088.6447828,RECEIVED,8c913e7f-530c-41a4-9346-d9f0d6da04d4,3b432e8e-064d-443b-bd25-5a29c6ad4184,c2,DROP,682,i12,?,
1769749088.747484,SENT,7f183e1e-2ff6-4c2f-ad30-b1b29d39e017,a516ad19-5772-41ae-a91e-45a07e8b71c0,c2,DROP,441,?,e7,
1769749088.7475235,FORWARDED,7f183e1e-2ff6-4c2f-ad30-b1b29d39e017,a516ad19-5772-41ae-a91e-45a07e8b71c0,c2,DROP,441,?,e7,
1769749088.7843986,SENT,92d81c92-c892-49f0-b92f-fa8799a271f4,ffcb00b2-2587-41e7-bfea-04b908d793aa,c5,c3,910,?,p3,
1769749088.784441,FORWARDED,92d81c92-c892-49f0-b92f-fa8799a271f4,ffcb00b2-2587-41e7-bfea-04b908d793aa,c5,c3,910,?,p3,
1769749089.036924,RECEIVED,5847d7bb-2d7b-4fd6-8256-0f099b6a50eb,b9e89f98-3274-44dd-b241-aa8c81893b78,c1,DROP,442,x2,?,
1769749089.130992,RECEIVED,46886d17-fcd9-42df-a860-b76a4bd4b856,bf849615-95de-4531-96a2-2f38673192f4,c5,c3,1262,i7,?,
1769749089.1490421,RECEIVED,59565cc2-ced8-4eb8-9c1b-17c417bd9ee3,e5274fb7-6322-4b04-a1d6-7f76adf289d4,c5,DROP,683,i7,?,
1769749089.409719,RECEIVED,d095827c-d442-46d7-856f-b6d1f0ce0607,1cbe185b-b504-4831-83d4-fa0168470ec0,c2,c3,1327,i12,?,
1769749089.4869285,SENT,d095827c-d442-46d7-856f-b6d1f0ce0607,1cbe185b-b504-4831-83d4-fa0168470ec0,c2,c3,923,?,p3,
1769749089.4869685,FORWARDED,d095827c-d442-46d7-856f-b6d1f0ce0607,1cbe185b-b504-4831-83d4-fa0168470ec0,c2,c3,923,?,p3,
1769749089.6015873,RECEIVED,fe50d786-3530-4bc6-8919-7b60ceac702e,b6de8fed-02d0-45d0-a3f3-a5e4f2bddc7d,c4,c1,1311,i9,?,
1769749089.687585,RECEIVED,c1c82cfb-aef4-432c-bbd0-6ccb2b7abf1a,c8d518b4-67cd-4725-8c08-dbbaf171868a,c5,None,1131,i2,?,
1769749089.6968796,RECEIVED,2e52ce0e-37bb-4be7-a1b8-4ee8dfa10dc9,a35fba24-f5ad-4992-90b9-dede9df33b5f,c2,DROP,688,i2,?,
1769749089.7803283,SENT,2e52ce0e-37bb-4be7-a1b8-4ee8dfa10dc9,a35fba24-f5ad-4992-90b9-dede9df33b5f,c2,DROP,442,?,i7,
1769749089.7803705,FORWARDED,2e52ce0e-37bb-4be7-a1b8-4ee8dfa10dc9,a35fba24-f5ad-4992-90b9-dede9df33b5f,c2,DROP,442,?,i7,
1769749089.8067477,SENT,8c913e7f-530c-41a4-9346-d9f0d6da04d4,3b432e8e-064d-443b-bd25-5a29c6ad4184,c2,DROP,440,?,i8,
1769749089.806789,FORWARDED,8c913e7f-530c-41a4-9346-d9f0d6da04d4,3b432e8e-064d-443b-bd25-5a29c6ad4184,c2,DROP,440,?,i8,
1769749089.8835285,RECEIVED,6e5ff540-7534-4c1c-9c46-3a8e3969fc22,03f8715e-e00f-4cc7-9512-4e3f7600bc9b,c3,DROP,689,i1,?,
1769749089.8842366,SENT,fe50d786-3530-4bc6-8919-7b60ceac702e,b6de8fed-02d0-45d0-a3f3-a5e4f2bddc7d,c4,c1,910,?,p1,
1769749089.8842688,FORWARDED,fe50d786-3530-4bc6-8919-7b60ceac702e,b6de8fed-02d0-45d0-a3f3-a5e4f2bddc7d,c4,c1,910,?,p1,
1769749089.8853118,RECEIVED,1c7d8c68-fdb2-4932-80d4-ee016af5d5e9,8a77dd8c-b3de-42c8-809d-71f1c64f9dbf,c5,DROP,441,x3,?,
1769749089.890398,RECEIVED,59456295-0ffb-442f-a7fc-db62af0b75e4,738e08a0-04f0-4f6f-b88b-d1789f440bf2,c3,c2,1263,i7,?,
1769749089.9212055,RECEIVED,3ccd41f2-7a16-4914-bdbb-4d595bc9c538,3eff0b16-4384-4aa5-a1c0-3c2ea900d124,c3,None,1126,i7,?,
1769749089.9893332,RECEIVED,b918adda-c4c3-4189-a6fe-0c43c06ea913,79965ad9-764f-417c-9f09-c71986d65b8a,c3,c2,1311,i6,?,
1769749089.9907138,RECEIVED,baf84dfd-214b-4356-a0bf-bd7991489257,77967a3b-0aa2-4e7b-a3c7-9a8b0b4fa781,c4,c1,1320,i5,?,
1769749090.016626,SENT,3ccd41f2-7a16-4914-bdbb-4d595bc9c538,3eff0b16-4384-4aa5-a1c0-3c2ea900d124,c3,None,772,?,p2,
1769749090.0166674,FORWARDED,3ccd41f2-7a16-4914-bdbb-4d595bc9c538,3eff0b16-4384-4aa5-a1c0-3c2ea900d124,c3,None,772,?,p2,
1769749090.0690324,SENT,59565cc2-ced8-4eb8-9c1b-17c417bd9ee3,e5274fb7-6322-4b04-a1d6-7f76adf289d4,c5,DROP,441,?,x1,
1769749090.0695,FORWARDED,59565cc2-ced8-4eb8-9c1b-17c417bd9ee3,e5274fb7-6322-4b04-a1d6-7f76adf289d4,c5,DROP,441,?,x1,
1769749090.0832367,SENT,baf84dfd-214b-4356-a0bf-bd7991489257,77967a3b-0aa2-4e7b-a3c7-9a8b0b4fa781,c4,c1,916,?,p1,
1769749090.083279,FORWARDED,baf84dfd-214b-4356-a0bf-bd7991489257,77967a3b-0aa2-4e7b-a3c7-9a8b0b4fa781,c4,c1,916,?,p1,
1769749090.3001003,SENT,6e5ff540-7534-4c1c-9c46-3a8e3969fc22,03f8715e-e00f-4cc7-9512-4e3f7600bc9b,c3,DROP,442,?,x11,
1769749090.3001428,FORWARDED,6e5ff540-7534-4c1c-9c46-3a8e3969fc22,03f8715e-e00f-4cc7-9512-4e3f7600bc9b,c3,DROP,442,?,x11,
1769749090.4367723,RECEIVED,9e8368fb-d7a7-4cc0-b42c-43691d4f33d5,a0d0f560-1c4b-486e-a2b1-0749c8922dff,c4,c1,1259,i1,?,
1769749090.4637752,SENT,59456295-0ffb-442f-a7fc-db62af0b75e4,738e08a0-04f0-4f6f-b88b-d1789f440bf2,c3,c2,875,?,p2,
1769749090.463815,FORWARDED,59456295-0ffb-442f-a7fc-db62af0b75e4,738e08a0-04f0-4f6f-b88b-d1789f440bf2,c3,c2,875,?,p2,
1769749090.6327643,SENT,c1c82cfb-aef4-432c-bbd0-6ccb2b7abf1a,c8d518b4-67cd-4725-8c08-dbbaf171868a,c5,None,776,?,p1,
1769749090.6328075,FORWARDED,c1c82cfb-aef4-432c-bbd0-6ccb2b7abf1a,c8d518b4-67cd-4725-8c08-dbbaf171868a,c5,None,776,?,p1,
1769749090.638689,SENT,b918adda-c4c3-4189-a6fe-0c43c06ea913,79965ad9-764f-417c-9f09-c71986d65b8a,c3,c2,912,?,p2,
1769749090.6387274,FORWARDED,b918adda-c4c3-4189-a6fe-0c43c06ea913,79965ad9-764f-417c-9f09-c71986d65b8a,c3,c2,912,?,p2,
1769749090.74117,RECEIVED,3cc715c9-a5b5-49b3-9243-cce92b3bc6d3,f1ece3b1-7ec3-4c14-b8ea-3a247cb84832,c4,c1,1256,i3,?,
1769749090.8417978,SENT,3cc715c9-a5b5-49b3-9243-cce92b3bc6d3,f1ece3b1-7ec3-4c14-b8ea-3a247cb84832,c4,c1,868,?,p1,
1769749090.8418367,FORWARDED,3cc715c9-a5b5-49b3-9243-cce92b3bc6d3,f1ece3b1-7ec3-4c14-b8ea-3a247cb84832,c4,c1,868,?,p1,
1769749090.948295,RECEIVED,0671b20e-452f-437e-983a-06e70c392463,ff13f39e-a9eb-4506-a45d-f2c0dbbefd41,c3,DROP,684,i5,?,
1769749090.9547095,RECEIVED,59c99c8b-198a-493e-b304-dcfc872deb99,f97eb766-b3f3-4fa7-bd65-e242ada2ffaa,c4,c1,1319,i12,?,
1769749090.9588335,RECEIVED,c86582e5-a5bb-4544-80b2-d9bf04c5c10d,0ef45847-a790-4ace-8eba-e294c897df79,c1,DROP,681,i7,?,
1769749091.0156755,RECEIVED,4338e254-46f1-4f51-b0ed-bf5b26ad712d,fe98e8b2-0a69-493f-a486-fa8d5ac1d47b,c5,None,1131,i1,?,
1769749091.0431616,SENT,c86582e5-a5bb-4544-80b2-d9bf04c5c10d,0ef45847-a790-4ace-8eba-e294c897df79,c1,DROP,436,?,i1,
1769749091.0432034,FORWARDED,c86582e5-a5bb-4544-80b2-d9bf04c5c10d,0ef45847-a790-4ace-8eba-e294c897df79,c1,DROP,436,?,i1,
1769749091.0511029,SENT,0671b20e-452f-437e-983a-06e70c392463,ff13f39e-a9eb-4506-a45d-f2c0dbbefd41,c3,DROP,441,?,e6,
1769749091.0511456,FORWARDED,0671b20e-452f-437e-983a-06e70c392463,ff13f39e-a9eb-4506-a45d-f2c0dbbefd41,c3,DROP,441,?,e6,
1769749091.1822228,RECEIVED,bc75149c-8025-4122-a3db-51e874426c1e,6950d4bb-d531-4cba-b008-658048a8a121,c3,c2,1263,i9,?,
1769749091.2129788,RECEIVED,eac3aeb7-6c66-47f5-b968-86b4a11fb8da,b2915654-b18e-48e1-8fa7-a25bd2e7997d,c2,DROP,687,i8,?,
1769749091.2682056,SENT,bc75149c-8025-4122-a3db-51e874426c1e,6950d4bb-d531-4cba-b008-658048a8a121,c3,c2,875,?,p2,
1769749091.2682447,FORWARDED,bc75149c-8025-4122-a3db-51e874426c1e,6950d4bb-d531-4cba-b008-658048a8a121,c3,c2,875,?,p2,
1769749091.3391793,SENT,59c99c8b-198a-493e-b304-dcfc872deb99,f97eb766-b3f3-4fa7-bd65-e242ada2ffaa,c4,c1,917,?,p1,
1769749091.3392203,FORWARDED,59c99c8b-198a-493e-b304-dcfc872deb99,f97eb766-b3f3-4fa7-bd65-e242ada2ffaa,c4,c1,917,?,p1,
1769749091.3956282,SENT,eac3aeb7-6c66-47f5-b968-86b4a11fb8da,b2915654-b18e-48e1-8fa7-a25bd2e7997d,c2,DROP,443,?,x7,
1769749091.395669,FORWARDED,eac3aeb7-6c66-47f5-b968-86b4a11fb8da,b2915654-b18e-48e1-8fa7-a25bd2e7997d,c2,DROP,443,?,x7,
1769749091.5103667,SENT,4338e254-46f1-4f51-b0ed-bf5b26ad712d,fe98e8b2-0a69-493f-a486-fa8d5ac1d47b,c5,None,775,?,p1,
1769749091.510452,FORWARDED,4338e254-46f1-4f51-b0ed-bf5b26ad712d,fe98e8b2-0a69-493f-a486-fa8d5ac1d47b,c5,None,775,?,p1,
1769749091.6278894,RECEIVED,17527973-e962-40cb-bc24-e1c023fa0ef0,f78328f9-e6cd-449a-b418-274f0d813fbf,c5,DROP,683,i1,?,
1769749091.7664375,RECEIVED,97c48b2a-b3e9-41c0-9b7d-e8142643f0ea,5f324f17-c74d-4fd7-9409-6710b2221714,c4,c1,1311,i9,?,
1769749091.9216943,SENT,46886d17-fcd9-42df-a860-b76a4bd4b856,bf849615-95de-4531-96a2-2f38673192f4,c5,c3,876,?,p3,
1769749091.9217286,FORWARDED,46886d17-fcd9-42df-a860-b76a4bd4b856,bf849615-95de-4531-96a2-2f38673192f4,c5,c3,876,?,p3,
1769749092.574455,RECEIVED,ec02e181-4c67-4882-afab-81d1b033932d,1640ca9b-f791-48fe-b64c-eaef28c55731,c1,DROP,687,i8,?,
1769749092.5931528,RECEIVED,f11eaabb-218a-46d9-ad42-a00beddee273,1793d6a4-5563-4534-8005-01111669536f,c5,None,1123,i5,?,
1769749092.6793401,RECEIVED,f86f747a-5d03-4f46-9766-2f49a90645b4,df1e039a-56a3-4a1e-854e-37e06df6418a,c4,c1,1319,i12,?,
1769749092.6801028,SENT,9e8368fb-d7a7-4cc0-b42c-43691d4f33d5,a0d0f560-1c4b-486e-a2b1-0749c8922dff,c4,c1,873,?,p1,
1769749092.6801453,FORWARDED,9e8368fb-d7a7-4cc0-b42c-43691d4f33d5,a0d0f560-1c4b-486e-a2b1-0749c8922dff,c4,c1,873,?,p1,
1769749092.875238,RECEIVED,7cec5d3c-5065-4716-8b30-4b16e4de12c5,6c6e6a3d-33ba-4c2e-83b5-890e049a189e,c1,DROP,687,i2,?,
1769749092.8777962,RECEIVED,0be094ef-8b54-4852-ae41-c475fe0b1b67,83e67d9e-5185-419e-8a1d-ca7742c1354a,c4,DROP,689,i5,?,
1769749092.8995361,SENT,0be094ef-8b54-4852-ae41-c475fe0b1b67,83e67d9e-5185-419e-8a1d-ca7742c1354a,c4,DROP,442,?,e5,
1769749092.899578,FORWARDED,0be094ef-8b54-4852-ae41-c475fe0b1b67,83e67d9e-5185-419e-8a1d-ca7742c1354a,c4,DROP,442,?,e5,
1769749093.2737613,RECEIVED,480fb1c5-eec3-4878-81dc-88f134d1dc31,e5528fa8-c8b8-440e-97e4-3f4ab964f118,c1,DROP,692,i8,?,
1769749093.3489478,SENT,97c48b2a-b3e9-41c0-9b7d-e8142643f0ea,5f324f17-c74d-4fd7-9409-6710b2221714,c4,c1,911,?,p1,
1769749093.3489943,FORWARDED,97c48b2a-b3e9-41c0-9b7d-e8142643f0ea,5f324f17-c74d-4fd7-9409-6710b2221714,c4,c1,911,?,p1,
1769749093.381398,SENT,7cec5d3c-5065-4716-8b30-4b16e4de12c5,6c6e6a3d-33ba-4c2e-83b5-890e049a189e,c1,DROP,442,?,e5,
1769749093.381438,FORWARDED,7cec5d3c-5065-4716-8b30-4b16e4de12c5,6c6e6a3d-33ba-4c2e-83b5-890e049a189e,c1,DROP,442,?,e5,
1769749093.4694223,RECEIVED,2da5f68f-9cc4-4e4a-bc5e-26866f9af7cf,6f1ed231-73f9-4976-b9ba-7c878939e9ad,c5,c3,1316,i7,?,
1769749093.4779367,RECEIVED,4204c051-71ae-4813-8d66-0de0952e9fb5,e8b4e049-37e0-4b90-94ad-d86e0529588c,c4,DROP,442,x6,?,
1769749093.491884,SENT,f11eaabb-218a-46d9-ad42-a00beddee273,1793d6a4-5563-4534-8005-01111669536f,c5,None,771,?,p1,
1769749093.4919238,FORWARDED,f11eaabb-218a-46d9-ad42-a00beddee273,1793d6a4-5563-4534-8005-01111669536f,c5,None,771,?,p1,
1769749093.5891025,FORWARDED,480fb1c5-eec3-4878-81dc-88f134d1dc31,e5528fa8-c8b8-440e-97e4-3f4ab964f118,c1,DROP,446,?,i10,
1769749093.623809,RECEIVED,0ab7665a-2e18-4399-abc2-127fd36d641f,b4949176-aacf-4c6c-96c8-c00e214d9f3c,c2,None,1123,i6,?,
1769749093.6741722,RECEIVED,78dae026-35a4-45d5-81ea-e02d5fc93eb2,24b5728b-e2f4-44d3-aadb-d77819a02cc9,c1,DROP,687,i12,?,
1769749093.6832778,RECEIVED,569b438e-9fb2-4448-a2bc-e82965541e2d,70a00741-a189-41ec-b7c8-0b0093cdb466,c5,c3,1311,i1,?,
1769749093.6983159,SENT,2da5f68f-9cc4-4e4a-bc5e-26866f9af7cf,6f1ed231-73f9-4976-b9ba-7c878939e9ad,c5,c3,915,?,p3,
1769749093.698364,FORWARDED,2da5f68f-9cc4-4e4a-bc5e-26866f9af7cf,6f1ed231-73f9-4976-b9ba-7c878939e9ad,c5,c3,915,?,p3,
1769749093.8555217,SENT,0ab7665a-2e18-4399-abc2-127fd36d641f,b4949176-aacf-4c6c-96c8-c00e214d9f3c,c2,None,771,?,p3,
1769749093.855563,FORWARDED,0ab7665a-2e18-4399-abc2-127fd36d641f,b4949176-aacf-4c6c-96c8-c00e214d9f3c,c2,None,771,?,p3,
1769749093.872372,SENT,f86f747a-5d03-4f46-9766-2f49a90645b4,df1e039a-56a3-4a1e-854e-37e06df6418a,c4,c1,916,?,p1,
1769749093.8724153,FORWARDED,f86f747a-5d03-4f46-9766-2f49a90645b4,df1e039a-56a3-4a1e-854e-37e06df6418a,c4,c1,916,?,p1,
1769749093.9191597,RECEIVED,fdd8abcc-8f18-4b0f-ae98-6da0aa4bb40e,bff42256-99f8-4ca1-ba95-b1dc72384c9b,c4,DROP,683,i6,?,
1769749093.9834113,RECEIVED,26b8395d-caf8-40b4-8849-fca8068ff36a,aa205b61-21e7-4b80-a2ca-44e19e0c5e9b,c1,DROP,689,i9,?,
1769749094.044258,SENT,ec02e181-4c67-4882-afab-81d1b033932d,1640ca9b-f791-48fe-b64c-eaef28c55731,c1,DROP,442,?,e2,
1769749094.0443,FORWARDED,ec02e181-4c67-4882-afab-81d1b033932d,1640ca9b-f791-48fe-b64c-eaef28c55731,c1,DROP,442,?,e2,
1769749094.064006,SENT,26b8395d-caf8-40b4-8849-fca8068ff36a,aa205b61-21e7-4b80-a2ca-44e19e0c5e9b,c1,DROP,442,?,x12,
1769749094.0640416,FORWARDED,26b8395d-caf8-40b4-8849-fca8068ff36a,aa205b61-21e7-4b80-a2ca-44e19e0c5e9b,c1,DROP,442,?,x12,
1769749094.227415,RECEIVED,8eff0298-1a7e-429d-b3b5-2c53dfcd46c4,a99e6b82-43b5-4627-9c1e-745c3174bd22,c5,None,1131,i1,?,
1769749094.2839959,RECEIVED,b93d18d1-e557-4ef8-9891-f6cb17dcdfbe,77ddd053-3596-4aac-b662-c8c806a748d1,c3,None,1124,i12,?,
1769749094.3486173,RECEIVED,e5599999-4f4a-45f8-8bb7-caadf1a5a7ce,48b90b26-2111-4a6c-b430-433549608b52,c4,DROP,441,x1,?,
1769749094.4706435,RECEIVED,cd06e782-b7d3-4ba6-b859-d97942f6ea4b,3a9ce86b-2d45-40a6-b81d-16b91d79453f,c2,DROP,689,i1,?,
1769749094.4877348,SENT,b93d18d1-e557-4ef8-9891-f6cb17dcdfbe,77ddd053-3596-4aac-b662-c8c806a748d1,c3,None,771,?,p2,
1769749094.4877768,FORWARDED,b93d18d1-e557-4ef8-9891-f6cb17dcdfbe,77ddd053-3596-4aac-b662-c8c806a748d1,c3,None,771,?,p2,
1769749094.5364673,SENT,8eff0298-1a7e-429d-b3b5-2c53dfcd46c4,a99e6b82-43b5-4627-9c1e-745c3174bd22,c5,None,776,?,p1,
1769749094.53651,FORWARDED,8eff0298-1a7e-429d-b3b5-2c53dfcd46c4,a99e6b82-43b5-4627-9c1e-745c3174bd22,c5,None,776,?,p1,
1769749094.5383654,RECEIVED,fdf661df-133d-4f68-8ae3-6b2dd9779ac7,39ccb526-0c72-4e44-b327-f8d0097a5491,c5,DROP,685,i2,?,
1769749094.6282966,RECEIVED,911bdcda-6275-41ce-bf67-762d6e9f9caa,a5297845-579e-4552-8b9d-a30d0ce13487,c4,c1,1312,i1,?,
1769749094.641475,SENT,fdf661df-133d-4f68-8ae3-6b2dd9779ac7,39ccb526-0c72-4e44-b327-f8d0097a5491,c5,DROP,440,?,i12,
1769749094.6415174,FORWARDED,fdf661df-133d-4f68-8ae3-6b2dd9779ac7,39ccb526-0c72-4e44-b327-f8d0097a5491,c5,DROP,440,?,i12,
1769749094.662952,SENT,78dae026-35a4-45d5-81ea-e02d5fc93eb2,24b5728b-e2f4-44d3-aadb-d77819a02cc9,c1,DROP,442,?,e7,
1769749094.662994,FORWARDED,78dae026-35a4-45d5-81ea-e02d5fc93eb2,24b5728b-e2f4-44d3-aadb-d77819a02cc9,c1,DROP,442,?,e7,
1769749094.6699417,SENT,17527973-e962-40cb-bc24-e1c023fa0ef0,f78328f9-e6cd-449a-b418-274f0d813fbf,c5,DROP,441,?,i6,
1769749094.6699817,FORWARDED,17527973-e962-40cb-bc24-e1c023fa0ef0,f78328f9-e6cd-449a-b418-274f0d813fbf,c5,DROP,441,?,i6,
1769749094.675613,RECEIVED,eba602af-d3dd-45a5-9adf-32f89428fe09,78e0b5e6-bb2c-4786-8cf4-1ac8dda5675b,c4,c1,1312,i4,?,
1769749094.714477,SENT,cd06e782-b7d3-4ba6-b859-d97942f6ea4b,3a9ce86b-2d45-40a6-b81d-16b91d79453f,c2,DROP,442,?,i12,
1769749094.7145138,FORWARDED,cd06e782-b7d3-4ba6-b859-d97942f6ea4b,3a9ce86b-2d45-40a6-b81d-16b91d79453f,c2,DROP,442,?,i12,
1769749094.7723765,SENT,569b438e-9fb2-4448-a2bc-e82965541e2d,70a00741-a189-41ec-b7c8-0b0093cdb466,c5,c3,911,?,p3,
1769749094.772727,FORWARDED,569b438e-9fb2-4448-a2bc-e82965541e2d,70a00741-a189-41ec-b7c8-0b0093cdb466,c5,c3,911,?,p3,
1769749094.7987406,SENT,fdd8abcc-8f18-4b0f-ae98-6da0aa4bb40e,bff42256-99f8-4ca1-ba95-b1dc72384c9b,c4,DROP,441,?,i3,
1769749094.7987761,FORWARDED,fdd8abcc-8f18-4b0f-ae98-6da0aa4bb40e,bff42256-99f8-4ca1-ba95-b1dc72384c9b,c4,DROP,441,?,i3,
1769749094.8406646,SENT,eba602af-d3dd-45a5-9adf-32f89428fe09,78e0b5e6-bb2c-4786-8cf4-1ac8dda5675b,c4,c1,911,?,p1,
1769749094.8407063,FORWARDED,eba602af-d3dd-45a5-9adf-32f89428fe09,78e0b5e6-bb2c-4786-8cf4-1ac8dda5675b,c4,c1,911,?,p1,
1769749094.841445,RECEIVED,6809ce35-3f90-41f3-83cb-86c7df2458ab,371de957-0674-4d9b-8d19-0521510b024e,c5,c3,1253,i3,?,
1769749094.8815486,RECEIVED,571e4f60-dba6-4ac2-a28d-e5e589065899,c0dab4e6-3ada-4ebd-948b-c140193cac2e,c3,None,1127,i3,?,
1769749094.9485781,SENT,6809ce35-3f90-41f3-83cb-86c7df2458ab,371de957-0674-4d9b-8d19-0521510b024e,c5,c3,867,?,p3,
1769749094.9486184,FORWARDED,6809ce35-3f90-41f3-83cb-86c7df2458ab,371de957-0674-4d9b-8d19-0521510b024e,c5,c3,867,?,p3,
1769749094.977378,SENT,911bdcda-6275-41ce-bf67-762d6e9f9caa,a5297845-579e-4552-8b9d-a30d0ce13487,c4,c1,911,?,p1,
1769749094.9774277,FORWARDED,911bdcda-6275-41ce-bf67-762d6e9f9caa,a5297845-579e-4552-8b9d-a30d0ce13487,c4,c1,911,?,p1,
1769749095.1389303,SENT,571e4f60-dba6-4ac2-a28d-e5e589065899,c0dab4e6-3ada-4ebd-948b-c140193cac2e,c3,None,773,?,p2,
1769749095.1389697,FORWARDED,571e4f60-dba6-4ac2-a28d-e5e589065899,c0dab4e6-3ada-4ebd-948b-c140193cac2e,c3,None,773,?,p2,
1769749095.1772666,RECEIVED,8abd7405-45c3-4512-8ca7-5dd3b97ae7e9,4660e3f3-a15f-4bc1-8ffc-e508b0a164ef,c4,DROP,687,i6,?,
1769749095.375554,RECEIVED,3bfb8267-a6c8-4b01-b5fb-01acff8d0d33,a1ca21e4-769b-4e2e-a8be-4fd65ac15a4c,c4,DROP,684,i4,?,
1769749095.4086914,RECEIVED,37157361-8cdb-4831-8c96-dfd7a259f56e,44cd5300-76ac-48f3-880d-df07af950864,c2,DROP,678,i4,?,
1769749095.4811215,RECEIVED,07e291c8-9c8e-4349-a4c5-6afcbf65495a,14c83a3b-e636-41f1-baea-fe8f8f5efcd5,c1,DROP,685,i6,?,
1769749095.5418792,SENT,07e291c8-9c8e-4349-a4c5-6afcbf65495a,14c83a3b-e636-41f1-baea-fe8f8f5efcd5,c1,DROP,441,?,e6,
1769749095.5419173,FORWARDED,07e291c8-9c8e-4349-a4c5-6afcbf65495a,14c83a3b-e636-41f1-baea-fe8f8f5efcd5,c1,DROP,441,?,e6,
1769749095.663602,RECEIVED,948a7621-797b-4b74-85df-f50260afa703,0bfdc23b-3fab-4f18-a2a3-c48717ff697f,c4,c1,1311,i3,?,
1769749095.770629,SENT,8abd7405-45c3-4512-8ca7-5dd3b97ae7e9,4660e3f3-a15f-4bc1-8ffc-e508b0a164ef,c4,DROP,443,?,e5,
1769749095.77067,FORWARDED,8abd7405-45c3-4512-8ca7-5dd3b97ae7e9,4660e3f3-a15f-4bc1-8ffc-e508b0a164ef,c4,DROP,443,?,e5,
1769749095.7771082,RECEIVED,29d01dec-a5a2-445f-83ef-20608130f4ab,8b18ce5e-1884-413d-82d9-9d6228c60c68,c2,DROP,683,i6,?,
1769749095.8476264,RECEIVED,55c0f593-083d-4222-890e-f00e72b05ce3,c5bd32d8-23a1-4ba4-8439-9867a271d7e5,c4,c1,1260,i4,?,
1769749095.8495617,RECEIVED,9e7c8a87-334d-4c7c-9944-fd99a36e09c8,3b70d3dc-ce2c-4f5c-a038-834163396b3d,c3,c2,1251,i4,?,
1769749095.873426,SENT,55c0f593-083d-4222-890e-f00e72b05ce3,c5bd32d8-23a1-4ba4-8439-9867a271d7e5,c4,c1,872,?,p1,
1769749095.8734634,FORWARDED,55c0f593-083d-4222-890e-f00e72b05ce3,c5bd32d8-23a1-4ba4-8439-9867a271d7e5,c4,c1,872,?,p1,
1769749095.8906481,SENT,3bfb8267-a6c8-4b01-b5fb-01acff8d0d33,a1ca21e4-769b-4e2e-a8be-4fd65ac15a4c,c4,DROP,441,?,x11,
1769749095.8906884,FORWARDED,3bfb8267-a6c8-4b01-b5fb-01acff8d0d33,a1ca21e4-769b-4e2e-a8be-4fd65ac15a4c,c4,DROP,441,?,x11,
1769749095.912876,RECEIVED,db616032-f8f5-4b2d-a91e-7a7654302290,923a3eca-796f-4d23-a11b-eb84f061760a,c2,c3,1327,i12,?,
1769749095.9144022,RECEIVED,6281ee54-3724-4b9c-bcf9-a68bd546060e,55c7311d-5dc9-4cff-95be-614e08e3966f,c2,DROP,684,i4,?,
1769749095.9816623,SENT,37157361-8cdb-4831-8c96-dfd7a259f56e,44cd5300-76ac-48f3-880d-df07af950864,c2,DROP,436,?,i1,
1769749095.9816976,FORWARDED,37157361-8cdb-4831-8c96-dfd7a259f56e,44cd5300-76ac-48f3-880d-df07af950864,c2,DROP,436,?,i1,
1769749096.0197477,RECEIVED,694af089-0ec4-4c83-8ce3-15869d2b290c,e2cac8c3-4a41-465a-b1ce-0de10a007acc,c2,DROP,443,x1,?,
1769749096.0680163,SENT,6281ee54-3724-4b9c-bcf9-a68bd546060e,55c7311d-5dc9-4cff-95be-614e08e3966f,c2,DROP,441,?,i7,
1769749096.068222,FORWARDED,6281ee54-3724-4b9c-bcf9-a68bd546060e,55c7311d-5dc9-4cff-95be-614e08e3966f,c2,DROP,441,?,i7,
1769749096.0793953,RECEIVED,e2ffe05e-de2c-4d6d-84f0-d00afd5fdd2d,cc90c4b0-0b61-4f15-ae5a-10cac05cb6c2,c1,DROP,688,i8,?,
1769749096.0948532,RECEIVED,35a16ff9-1d92-44a9-9668-fbd36b466ae1,fdb2e9f0-b955-45cc-b050-38a1f632ca3c,c1,DROP,437,x2,?,
1769749096.1697652,SENT,e2ffe05e-de2c-4d6d-84f0-d00afd5fdd2d,cc90c4b0-0b61-4f15-ae5a-10cac05cb6c2,c1,DROP,442,?,x4,
1769749096.1698039,FORWARDED,e2ffe05e-de2c-4d6d-84f0-d00afd5fdd2d,cc90c4b0-0b61-4f15-ae5a-10cac05cb6c2,c1,DROP,442,?,x4,
1769749096.244886,RECEIVED,4ade57ea-4d18-4b5f-b8f3-a759e9e9ec52,397bf1ab-58b4-43c4-910a-3ede1d68a76b,c1,DROP,687,i1,?,
1769749096.2966287,RECEIVED,8b976308-486e-460e-b262-69e2be79113a,aa103774-2d55-4e15-8756-47c9ae9d55f1,c4,DROP,683,i5,?,
1769749096.3044546,RECEIVED,301d18f2-9399-4396-9df8-fbe081f5ff06,4fedf309-b3a0-488e-b50b-edba18da34b3,c3,None,1127,i6,?,
1769749096.3493202,RECEIVED,f94a05e0-05fe-4647-b667-b53032c9e1b5,e5aba922-a7d3-48d5-a5e5-33408279153e,c1,DROP,687,i6,?,
1769749096.4453502,SENT,29d01dec-a5a2-445f-83ef-20608130f4ab,8b18ce5e-1884-413d-82d9-9d6228c60c68,c2,DROP,440,?,e2,
1769749096.4453845,FORWARDED,29d01dec-a5a2-445f-83ef-20608130f4ab,8b18ce5e-1884-413d-82d9-9d6228c60c68,c2,DROP,440,?,e2,
1769749096.4584377,RECEIVED,89abf581-5be8-4641-9651-0289bd445f25,9c5a1540-ff7c-4e99-9cea-a8d291ccac04,c3,DROP,685,i5,?,
1769749096.4902697,SENT,301d18f2-9399-4396-9df8-fbe081f5ff06,4fedf309-b3a0-488e-b50b-edba18da34b3,c3,None,773,?,p2,
1769749096.4903102,FORWARDED,301d18f2-9399-4396-9df8-fbe081f5ff06,4fedf309-b3a0-488e-b50b-edba18da34b3,c3,None,773,?,p2,
1769749096.5913885,FORWARDED,89abf581-5be8-4641-9651-0289bd445f25,9c5a1540-ff7c-4e99-9cea-a8d291ccac04,c3,DROP,441,?,i10,
1769749096.7072587,SENT,f94a05e0-05fe-4647-b667-b53032c9e1b5,e5aba922-a7d3-48d5-a5e5-33408279153e,c1,DROP,442,?,e7,
1769749096.7072957,FORWARDED,f94a05e0-05fe-4647-b667-b53032c9e1b5,e5aba922-a7d3-48d5-a5e5-33408279153e,c1,DROP,442,?,e7,
1769749096.9659622,SENT,4ade57ea-4d18-4b5f-b8f3-a759e9e9ec52,397bf1ab-58b4-43c4-910a-3ede1d68a76b,c1,DROP,442,?,i3,
1769749096.966002,FORWARDED,4ade57ea-4d18-4b5f-b8f3-a759e9e9ec52,397bf1ab-58b4-43c4-910a-3ede1d68a76b,c1,DROP,442,?,i3,
1769749096.9828825,SENT,9e7c8a87-334d-4c7c-9944-fd99a36e09c8,3b70d3dc-ce2c-4f5c-a038-834163396b3d,c3,c2,866,?,p2,
1769749096.9829247,FORWARDED,9e7c8a87-334d-4c7c-9944-fd99a36e09c8,3b70d3dc-ce2c-4f5c-a038-834163396b3d,c3,c2,866,?,p2,
1769749097.0441964,RECEIVED,eb30b1c9-374a-4186-b11a-613bd186d2b0,42f30a07-880f-4f78-b602-7cdaca880a25,c5,DROP,684,i12,?,
1769749097.0647404,SENT,db616032-f8f5-4b2d-a91e-7a7654302290,923a3eca-796f-4d23-a11b-eb84f061760a,c2,c3,924,?,p3,
1769749097.0647752,FORWARDED,db616032-f8f5-4b2d-a91e-7a7654302290,923a3eca-796f-4d23-a11b-eb84f061760a,c2,c3,924,?,p3,
1769749097.087887,RECEIVED,d8fc64db-7282-4c37-b537-421e14be170c,a89c8db9-a445-4c50-962a-4d1c2a16f10a,c3,None,1130,i6,?,
1769749097.1828628,RECEIVED,d89a6979-c285-4a48-a050-49a4a1305acd,e3c67ca2-4dc4-4ab9-8c3c-3feddf49eead,c3,DROP,687,i8,?,
1769749097.1943848,SENT,8b976308-486e-460e-b262-69e2be79113a,aa103774-2d55-4e15-8756-47c9ae9d55f1,c4,DROP,441,?,i6,
1769749097.1944208,FORWARDED,8b976308-486e-460e-b262-69e2be79113a,aa103774-2d55-4e15-8756-47c9ae9d55f1,c4,DROP,441,?,i6,
1769749097.2536077,SENT,948a7621-797b-4b74-85df-f50260afa703,0bfdc23b-3fab-4f18-a2a3-c48717ff697f,c4,c1,911,?,p1,
1769749097.2536473,FORWARDED,948a7621-797b-4b74-85df-f50260afa703,0bfdc23b-3fab-4f18-a2a3-c48717ff697f,c4,c1,911,?,p1,
1769749097.2916327,SENT,eb30b1c9-374a-4186-b11a-613bd186d2b0,42f30a07-880f-4f78-b602-7cdaca880a25,c5,DROP,441,?,x6,
1769749097.291669,FORWARDED,eb30b1c9-374a-4186-b11a-613bd186d2b0,42f30a07-880f-4f78-b602-7cdaca880a25,c5,DROP,441,?,x6,
1769749097.3032124,RECEIVED,42bea1fe-52b0-49b2-98dd-0adde54d9ba8,441dcc49-081c-4fc9-85bb-64948b3d867e,c1,DROP,684,i2,?,
1769749097.4196115,RECEIVED,7e074442-a577-449a-a0ec-6a45ee969b78,97fc177c-3ce4-4036-8bbd-6f77cc51d28f,c3,DROP,688,i6,?,
1769749097.5460422,SENT,42bea1fe-52b0-49b2-98dd-0adde54d9ba8,441dcc49-081c-4fc9-85bb-64948b3d867e,c1,DROP,441,?,e9,
1769749097.546091,FORWARDED,42bea1fe-52b0-49b2-98dd-0adde54d9ba8,441dcc49-081c-4fc9-85bb-64948b3d867e,c1,DROP,441,?,e9,
1769749097.5811758,RECEIVED,2eec821c-9426-4190-9d81-a183dd8a6753,04c75279-a24d-4700-9186-e4a67004c547,c1,DROP,682,i5,?,
1769749097.6641707,SENT,7e074442-a577-449a-a0ec-6a45ee969b78,97fc177c-3ce4-4036-8bbd-6f77cc51d28f,c3,DROP,442,?,x7,
1769749097.6642118,FORWARDED,7e074442-a577-449a-a0ec-6a45ee969b78,97fc177c-3ce4-4036-8bbd-6f77cc51d28f,c3,DROP,442,?,x7,
1769749097.6740196,RECEIVED,c04c1513-a33a-4254-87f4-da7b623a6402,8425da87-01d5-4631-8734-17f506a5d7ab,c3,c2,1316,i9,?,
1769749097.7632635,RECEIVED,3c4234cd-2293-45c4-bd6b-841645c69bf9,df2ef652-8c20-42ae-b20a-bcfe70c93f49,c5,DROP,683,i5,?,
1769749097.7780948,RECEIVED,f38d1eda-da09-49cb-8f2f-4f1ccb2d88dc,797347cc-a086-469f-bb92-e42a07e663f6,c5,None,1123,i5,?,
1769749097.781587,SENT,c04c1513-a33a-4254-87f4-da7b623a6402,8425da87-01d5-4631-8734-17f506a5d7ab,c3,c2,915,?,p2,
1769749097.781625,FORWARDED,c04c1513-a33a-4254-87f4-da7b623a6402,8425da87-01d5-4631-8734-17f506a5d7ab,c3,c2,915,?,p2,
1769749097.7905533,RECEIVED,8cab820e-49e1-4907-828c-74d3b79426a3,8f9deb34-263f-4769-a215-77acdf5c8506,c2,c3,1264,i1,?,
1769749097.8027928,SENT,d8fc64db-7282-4c37-b537-421e14be170c,a89c8db9-a445-4c50-962a-4d1c2a16f10a,c3,None,775,?,p2,
1769749097.8028352,FORWARDED,d8fc64db-7282-4c37-b537-421e14be170c,a89c8db9-a445-4c50-962a-4d1c2a16f10a,c3,None,775,?,p2,
1769749097.8148043,SENT,d89a6979-c285-4a48-a050-49a4a1305acd,e3c67ca2-4dc4-4ab9-8c3c-3feddf49eead,c3,DROP,442,?,e5,
1769749097.814844,FORWARDED,d89a6979-c285-4a48-a050-49a4a1305acd,e3c67ca2-4dc4-4ab9-8c3c-3feddf49eead,c3,DROP,442,?,e5,
1769749097.8531728,RECEIVED,982c90f0-0305-4c5b-8258-5957ff7f9758,f71e6c1f-24bb-4969-b467-b56da8094866,c1,DROP,685,i1,?,
1769749097.9163396,SENT,3c4234cd-2293-45c4-bd6b-841645c69bf9,df2ef652-8c20-42ae-b20a-bcfe70c93f49,c5,DROP,440,?,e8,
1769749097.9163775,FORWARDED,3c4234cd-2293-45c4-bd6b-841645c69bf9,df2ef652-8c20-42ae-b20a-bcfe70c93f49,c5,DROP,440,?,e8,
1769749097.9290068,SENT,2eec821c-9426-4190-9d81-a183dd8a6753,04c75279-a24d-4700-9186-e4a67004c547,c1,DROP,441,?,i2,
1769749097.92935,FORWARDED,2eec821c-9426-4190-9d81-a183dd8a6753,04c75279-a24d-4700-9186-e4a67004c547,c1,DROP,441,?,i2,
1769749097.9961255,SENT,982c90f0-0305-4c5b-8258-5957ff7f9758,f71e6c1f-24bb-4969-b467-b56da8094866,c1,DROP,441,?,x11,
1769749097.996165,FORWARDED,982c90f0-0305-4c5b-8258-5957ff7f9758,f71e6c1f-24bb-4969-b467-b56da8094866,c1,DROP,441,?,x11,
1769749098.0086455,SENT,8cab820e-49e1-4907-828c-74d3b79426a3,8f9deb34-263f-4769-a215-77acdf5c8506,c2,c3,875,?,p3,
1769749098.0086787,FORWARDED,8cab820e-49e1-4907-828c-74d3b79426a3,8f9deb34-263f-4769-a215-77acdf5c8506,c2,c3,875,?,p3,
1769749098.0140426,RECEIVED,6541a93e-39e3-4821-a509-75af08b45c96,eddd9e34-4f0e-498d-8094-49dcd5b554bb,c1,DROP,441,x12,?,
1769749098.082976,SENT,f38d1eda-da09-49cb-8f2f-4f1ccb2d88dc,797347cc-a086-469f-bb92-e42a07e663f6,c5,None,771,?,p1,
1769749098.0830157,FORWARDED,f38d1eda-da09-49cb-8f2f-4f1ccb2d88dc,797347cc-a086-469f-bb92-e42a07e663f6,c5,None,771,?,p1,
1769749098.1894052,RECEIVED,59d235b6-d24e-4ac1-abb2-3825c28c734d,2f8a38ea-8522-44fd-b5a9-3ed04d3e8a09,c2,DROP,688,i1,?,
1769749098.2208657,RECEIVED,360f32bd-d150-48b3-9dda-d584c931eca1,f9546802-36f8-4e5e-8ebb-85073a037e36,c5,DROP,442,x6,?,
1769749098.2382007,RECEIVED,cc47f7a8-b2fb-4e27-9801-b3ce067c1215,bc9bc56f-7810-4ef6-b723-9834f66de072,c3,DROP,437,x4,?,
1769749098.4372,SENT,59d235b6-d24e-4ac1-abb2-3825c28c734d,2f8a38ea-8522-44fd-b5a9-3ed04d3e8a09,c2,DROP,442,?,i9,
1769749098.437241,FORWARDED,59d235b6-d24e-4ac1-abb2-3825c28c734d,2f8a38ea-8522-44fd-b5a9-3ed04d3e8a09,c2,DROP,442,?,i9,
1769749098.633522,RECEIVED,db8e3ab8-8b39-41ad-b5d3-c9d97b039568,05a85280-4a19-40ed-be55-d5cc4030943a,c3,DROP,441,x1,?,
1769749098.860137,RECEIVED,6328d46e-ec6a-4649-9427-8ef63ad4198c,83d5c026-6ac0-4402-9ca5-eb437330807f,c3,c2,1248,i7,?,
1769749098.9285045,RECEIVED,8a29838c-bb7d-46c0-9e4d-9e8333c8b5bd,8014c6e2-8ea8-45c3-bbb8-dea105b7d6fa,c5,DROP,683,i1,?,
1769749098.951043,SENT,6328d46e-ec6a-4649-9427-8ef63ad4198c,83d5c026-6ac0-4402-9ca5-eb437330807f,c3,c2,863,?,p2,
1769749098.9510944,FORWARDED,6328d46e-ec6a-4649-9427-8ef63ad4198c,83d5c026-6ac0-4402-9ca5-eb437330807f,c3,c2,863,?,p2,
1769749099.0950718,RECEIVED,e57ab258-469b-4b71-b766-f5f8269a65c6,6b97f3d4-2258-4d41-818c-b8083d40101f,c4,c1,1311,i4,?,
1769749099.1935425,RECEIVED,bcf7b7ee-8f64-4c98-ba31-7ef483be6a57,eac9bea3-e0ba-41fa-974e-9d9c0f30c842,c2,DROP,683,i1,?,
1769749099.2915213,RECEIVED,1b249e7d-7255-4394-a89e-839ffc624f87,79c668f4-9f76-4b29-ac68-943f2e0ef7ba,c1,DROP,694,i8,?,
1769749099.2932017,RECEIVED,f2607d07-fad5-4e1c-86ec-e225fdcb2d29,3aee67b5-cdad-4390-8446-d8a060cff1d4,c3,DROP,688,i8,?,
1769749099.3185065,SENT,1b249e7d-7255-4394-a89e-839ffc624f87,79c668f4-9f76-4b29-ac68-943f2e0ef7ba,c1,DROP,445,?,x12,
1769749099.3186102,FORWARDED,1b249e7d-7255-4394-a89e-839ffc624f87,79c668f4-9f76-4b29-ac68-943f2e0ef7ba,c1,DROP,445,?,x12,
1769749099.3328037,SENT,8a29838c-bb7d-46c0-9e4d-9e8333c8b5bd,8014c6e2-8ea8-45c3-bbb8-dea105b7d6fa,c5,DROP,441,?,x12,
1769749099.3328776,FORWARDED,8a29838c-bb7d-46c0-9e4d-9e8333c8b5bd,8014c6e2-8ea8-45c3-bbb8-dea105b7d6fa,c5,DROP,441,?,x12,
1769749099.4255867,SENT,f2607d07-fad5-4e1c-86ec-e225fdcb2d29,3aee67b5-cdad-4390-8446-d8a060cff1d4,c3,DROP,442,?,e8,
1769749099.4256313,FORWARDED,f2607d07-fad5-4e1c-86ec-e225fdcb2d29,3aee67b5-cdad-4390-8446-d8a060cff1d4,c3,DROP,442,?,e8,
1769749099.4811273,RECEIVED,83676110-eb83-44aa-a4bd-183c9f0f1c56,ab505f91-414a-4dfe-86e1-5e952ee575b0,c5,DROP,687,i12,?,
1769749099.6610224,SENT,bcf7b7ee-8f64-4c98-ba31-7ef483be6a57,eac9bea3-e0ba-41fa-974e-9d9c0f30c842,c2,DROP,441,?,x4,
1769749099.6610749,FORWARDED,bcf7b7ee-8f64-4c98-ba31-7ef483be6a57,eac9bea3-e0ba-41fa-974e-9d9c0f30c842,c2,DROP,441,?,x4,
1769749099.694219,RECEIVED,33616888-0286-4cf2-85ea-f72fb560043b,5f5b8d86-ddc7-409e-8a1d-b80825e8744e,c1,DROP,684,i5,?,
1769749099.7454412,RECEIVED,4fa11988-17ed-4bbd-8033-9c2e552c9866,73f2101f-b47c-4635-96ad-189e6143f0ed,c4,DROP,442,x5,?,
1769749099.7787023,SENT,33616888-0286-4cf2-85ea-f72fb560043b,5f5b8d86-ddc7-409e-8a1d-b80825e8744e,c1,DROP,441,?,x5,
1769749099.7787454,FORWARDED,33616888-0286-4cf2-85ea-f72fb560043b,5f5b8d86-ddc7-409e-8a1d-b80825e8744e,c1,DROP,441,?,x5,
1769749099.8312101,RECEIVED,c5eef674-d91d-420a-9a72-06f4c82bfa7d,f335cde2-7fdb-4563-937b-3c4b7105dbbc,c4,DROP,441,x6,?,
1769749099.9701505,SENT,e57ab258-469b-4b71-b766-f5f8269a65c6,6b97f3d4-2258-4d41-818c-b8083d40101f,c4,c1,912,?,p1,
1769749099.9701917,FORWARDED,e57ab258-469b-4b71-b766-f5f8269a65c6,6b97f3d4-2258-4d41-818c-b8083d40101f,c4,c1,912,?,p1,
1769749100.000435,SENT,83676110-eb83-44aa-a4bd-183c9f0f1c56,ab505f91-414a-4dfe-86e1-5e952ee575b0,c5,DROP,442,?,e3,
1769749100.0004754,FORWARDED,83676110-eb83-44aa-a4bd-183c9f0f1c56,ab505f91-414a-4dfe-86e1-5e952ee575b0,c5,DROP,442,?,e3,
1769749100.013383,RECEIVED,90775481-2a23-4534-ab7d-c8fa1ecb7f1c,99a515a1-67e7-4b54-a829-834692c983a2,c3,DROP,687,i1,?,
1769749100.2423356,RECEIVED,89afa80c-2195-468c-8f1d-6a93cd533cbe,b3ed0c72-f2d6-4cb3-be84-81c47ee87fc4,c1,DROP,688,i3,?,
1769749100.33602,SENT,89afa80c-2195-468c-8f1d-6a93cd533cbe,b3ed0c72-f2d6-4cb3-be84-81c47ee87fc4,c1,DROP,442,?,x3,
1769749100.3360696,FORWARDED,89afa80c-2195-468c-8f1d-6a93cd533cbe,b3ed0c72-f2d6-4cb3-be84-81c47ee87fc4,c1,DROP,442,?,x3,
1769749100.6480722,RECEIVED,a929fd26-d0b8-4e3a-a23b-11ec043a85ba,b0bcae14-67c3-4d4b-9859-26f097fe9eed,c1,DROP,688,i12,?,
1769749100.6803174,SENT,90775481-2a23-4534-ab7d-c8fa1ecb7f1c,99a515a1-67e7-4b54-a829-834692c983a2,c3,DROP,442,?,x3,
1769749100.6803608,FORWARDED,90775481-2a23-4534-ab7d-c8fa1ecb7f1c,99a515a1-67e7-4b54-a829-834692c983a2,c3,DROP,442,?,x3,
1769749100.694039,RECEIVED,7245c5b5-eeb6-4069-ab90-30cbe6a3e50b,d8a1b0bd-3af0-4d74-b19e-8e564717ce4e,c3,DROP,688,i3,?,
1769749100.8152688,RECEIVED,cc498dca-6899-4bfd-a3f7-9acd75e29ff4,e6ff6579-61de-4ff3-ab60-b4991766b8fe,c1,DROP,441,x3,?,
1769749100.85375,SENT,7245c5b5-eeb6-4069-ab90-30cbe6a3e50b,d8a1b0bd-3af0-4d74-b19e-8e564717ce4e,c3,DROP,442,?,x7,
1769749100.8537927,FORWARDED,7245c5b5-eeb6-4069-ab90-30cbe6a3e50b,d8a1b0bd-3af0-4d74-b19e-8e564717ce4e,c3,DROP,442,?,x7,
1769749101.004955,SENT,a929fd26-d0b8-4e3a-a23b-11ec043a85ba,b0bcae14-67c3-4d4b-9859-26f097fe9eed,c1,DROP,442,?,i3,
1769749101.0049942,FORWARDED,a929fd26-d0b8-4e3a-a23b-11ec043a85ba,b0bcae14-67c3-4d4b-9859-26f097fe9eed,c1,DROP,442,?,i3,
1769749101.0278583,RECEIVED,484da95f-ec1f-4a6b-8262-6790e7ba8958,4ee06fe3-ff00-4ee0-8e63-0cccc1fbe2bc,c3,DROP,684,i1,?,
1769749101.2081165,RECEIVED,88443983-b460-43cd-82c0-11f1994396bf,c61265da-acf6-4dbf-a713-c1bde69d6dce,c4,DROP,684,i6,?,
1769749101.3268278,RECEIVED,75c84214-1a59-42fc-a2c9-56bb6f35e04e,931f04bf-73e9-4bd5-b2e1-f995c6ba32c6,c3,c2,1304,i7,?,
1769749101.3622227,SENT,75c84214-1a59-42fc-a2c9-56bb6f35e04e,931f04bf-73e9-4bd5-b2e1-f995c6ba32c6,c3,c2,906,?,p2,
1769749101.3622625,FORWARDED,75c84214-1a59-42fc-a2c9-56bb6f35e04e,931f04bf-73e9-4bd5-b2e1-f995c6ba32c6,c3,c2,906,?,p2,
1769749101.3741512,SENT,88443983-b460-43cd-82c0-11f1994396bf,c61265da-acf6-4dbf-a713-c1bde69d6dce,c4,DROP,441,?,x9,
1769749101.3741894,FORWARDED,88443983-b460-43cd-82c0-11f1994396bf,c61265da-acf6-4dbf-a713-c1bde69d6dce,c4,DROP,441,?,x9,
1769749101.4352527,RECEIVED,0416c5dc-8e46-4c58-b1ae-04a66a294077,654926b1-3ac6-46ef-9e4c-49deb2003211,c2,DROP,684,i1,?,
1769749101.6335397,SENT,484da95f-ec1f-4a6b-8262-6790e7ba8958,4ee06fe3-ff00-4ee0-8e63-0cccc1fbe2bc,c3,DROP,441,?,i12,
1769749101.6335757,FORWARDED,484da95f-ec1f-4a6b-8262-6790e7ba8958,4ee06fe3-ff00-4ee0-8e63-0cccc1fbe2bc,c3,DROP,441,?,i12,
1769749101.6905098,RECEIVED,8164aca8-9bc5-405f-b6b3-a628242567c6,010c82c2-e2fe-4273-af62-3c7d5a8643aa,c3,c2,1324,i9,?,
1769749101.706365,RECEIVED,d3e22c5b-c9a6-4f58-805f-c56e5eb64730,9188cc9b-3d9e-4e8c-a74d-79581f9204a2,c1,DROP,688,i2,?,
1769749101.8583639,SENT,8164aca8-9bc5-405f-b6b3-a628242567c6,010c82c2-e2fe-4273-af62-3c7d5a8643aa,c3,c2,919,?,p2,
1769749101.8583984,FORWARDED,8164aca8-9bc5-405f-b6b3-a628242567c6,010c82c2-e2fe-4273-af62-3c7d5a8643aa,c3,c2,919,?,p2,
1769749101.96972,RECEIVED,5d6e854a-e895-4d51-af5b-8eb21167c6a8,516798ac-7e87-47ee-b0ae-08d75de5abfd,c2,DROP,685,i4,?,
1769749102.0034683,SENT,0416c5dc-8e46-4c58-b1ae-04a66a294077,654926b1-3ac6-46ef-9e4c-49deb2003211,c2,DROP,441,?,e11,
1769749102.0035112,FORWARDED,0416c5dc-8e46-4c58-b1ae-04a66a294077,654926b1-3ac6-46ef-9e4c-49deb2003211,c2,DROP,441,?,e11,
1769749102.0126183,SENT,5d6e854a-e895-4d51-af5b-8eb21167c6a8,516798ac-7e87-47ee-b0ae-08d75de5abfd,c2,DROP,440,?,e10,
1769749102.012658,FORWARDED,5d6e854a-e895-4d51-af5b-8eb21167c6a8,516798ac-7e87-47ee-b0ae-08d75de5abfd,c2,DROP,440,?,e10,
1769749102.0355735,RECEIVED,438b8173-bfd7-42b3-b8a4-79d50d4d1151,1e1e79d3-4583-4be7-8c7e-79ee63cfa9c3,c5,DROP,686,i12,?,
1769749102.1880774,SENT,d3e22c5b-c9a6-4f58-805f-c56e5eb64730,9188cc9b-3d9e-4e8c-a74d-79581f9204a2,c1,DROP,444,?,i8,
1769749102.1881444,FORWARDED,d3e22c5b-c9a6-4f58-805f-c56e5eb64730,9188cc9b-3d9e-4e8c-a74d-79581f9204a2,c1,DROP,444,?,i8,
1769749102.3739283,RECEIVED,4ad6d38d-158b-4b29-a63f-41ba6420012c,88f366d2-6304-4e72-8f27-35b31ea3b865,c4,DROP,442,x2,?,
1769749102.5785866,SENT,438b8173-bfd7-42b3-b8a4-79d50d4d1151,1e1e79d3-4583-4be7-8c7e-79ee63cfa9c3,c5,DROP,442,?,e1,
1769749102.5787325,FORWARDED,438b8173-bfd7-42b3-b8a4-79d50d4d1151,1e1e79d3-4583-4be7-8c7e-79ee63cfa9c3,c5,DROP,442,?,e1,
1769749102.749877,RECEIVED,ae491838-e1ee-4c5e-9183-610290b4ae6e,c67b4305-2dcc-4145-955f-4303555da193,c1,DROP,683,i2,?,
1769749102.816158,RECEIVED,82e76ba4-3c71-4020-8001-aa9e68b527e5,e1e9e2ee-305b-4579-b6b2-cdb5c04e7cc2,c3,DROP,683,i8,?,
1769749102.9109972,RECEIVED,4ab5d451-657d-4bcf-b2a4-3d3bc592ef10,3ee10fa1-8f9c-4a20-a703-1c2ab223c8d4,c1,DROP,686,i6,?,
1769749102.9580212,SENT,4ab5d451-657d-4bcf-b2a4-3d3bc592ef10,3ee10fa1-8f9c-4a20-a703-1c2ab223c8d4,c1,DROP,441,?,e6,
1769749102.9581423,FORWARDED,4ab5d451-657d-4bcf-b2a4-3d3bc592ef10,3ee10fa1-8f9c-4a20-a703-1c2ab223c8d4,c1,DROP,441,?,e6,
1769749103.0254529,RECEIVED,3669e7f0-ee41-448f-a4d1-c293a7381727,a98c1099-61bf-4db6-bd78-ec17c46eaa70,c1,c5,1252,i12,?,
1769749103.0615928,SENT,3669e7f0-ee41-448f-a4d1-c293a7381727,a98c1099-61bf-4db6-bd78-ec17c46eaa70,c1,c5,866,?,p2,
1769749103.0616322,FORWARDED,3669e7f0-ee41-448f-a4d1-c293a7381727,a98c1099-61bf-4db6-bd78-ec17c46eaa70,c1,c5,866,?,p2,
1769749103.073399,RECEIVED,712c0b78-e7ef-42d1-bede-f22e85d9179e,5b1033b6-9fd6-4777-956a-8c030f786f65,c1,c5,1253,i7,?,
1769749103.1004376,RECEIVED,da11fbff-6d91-4bd4-b3b9-abe755559ce2,2ea6a593-6c0f-48bc-80c7-88f039f9f836,c3,None,1131,i4,?,
1769749103.1280322,RECEIVED,16780037-e83e-469e-a06e-f06f8c178a70,35a8208e-bfa4-4eec-852e-2a2aa9c7e334,c1,DROP,439,x10,?,
1769749103.1488762,SENT,712c0b78-e7ef-42d1-bede-f22e85d9179e,5b1033b6-9fd6-4777-956a-8c030f786f65,c1,c5,867,?,p2,
1769749103.1489167,FORWARDED,712c0b78-e7ef-42d1-bede-f22e85d9179e,5b1033b6-9fd6-4777-956a-8c030f786f65,c1,c5,867,?,p2,
1769749103.1509678,SENT,82e76ba4-3c71-4020-8001-aa9e68b527e5,e1e9e2ee-305b-4579-b6b2-cdb5c04e7cc2,c3,DROP,441,?,i6,
1769749103.1510057,FORWARDED,82e76ba4-3c71-4020-8001-aa9e68b527e5,e1e9e2ee-305b-4579-b6b2-cdb5c04e7cc2,c3,DROP,441,?,i6,
1769749103.2269318,RECEIVED,7f3d937a-30fe-4965-bb23-b1da202ee480,feb8e8c3-c837-4652-b0a1-67987550f718,c3,DROP,684,i3,?,
1769749103.3762872,RECEIVED,cda1a446-6673-44d4-a1b6-363b174d8ee3,c26d7d5d-42b7-44e5-af96-3f90f0a2a922,c2,DROP,683,i3,?,
1769749103.6328547,SENT,7f3d937a-30fe-4965-bb23-b1da202ee480,feb8e8c3-c837-4652-b0a1-67987550f718,c3,DROP,440,?,i12,
1769749103.6328955,FORWARDED,7f3d937a-30fe-4965-bb23-b1da202ee480,feb8e8c3-c837-4652-b0a1-67987550f718,c3,DROP,440,?,i12,
1769749103.796752,RECEIVED,300df329-6173-4bc4-9cc5-a8ffa4cb3b13,b79a08ba-7816-4787-b021-1910a9fe5454,c2,DROP,443,x3,?,
1769749103.8657694,RECEIVED,d19c3092-e04f-45b4-a8fe-ef5db1b4e1eb,1045ad6e-081a-4488-b0a6-184ca195bf5f,c2,DROP,684,i5,?,
1769749104.0227153,SENT,ae491838-e1ee-4c5e-9183-610290b4ae6e,c67b4305-2dcc-4145-955f-4303555da193,c1,DROP,441,?,x9,
1769749104.0227556,FORWARDED,ae491838-e1ee-4c5e-9183-610290b4ae6e,c67b4305-2dcc-4145-955f-4303555da193,c1,DROP,441,?,x9,
1769749104.0597053,RECEIVED,830f84d1-577b-4833-850c-999947f109a8,25b0cf10-637b-47d8-a921-0b8205769ced,c1,DROP,688,i6,?,
1769749104.0658555,SENT,da11fbff-6d91-4bd4-b3b9-abe755559ce2,2ea6a593-6c0f-48bc-80c7-88f039f9f836,c3,None,775,?,p2,
1769749104.0658994,FORWARDED,da11fbff-6d91-4bd4-b3b9-abe755559ce2,2ea6a593-6c0f-48bc-80c7-88f039f9f836,c3,None,775,?,p2,
1769749104.0829043,RECEIVED,3dfbe7df-f993-472f-8d49-e9ab7d577bad,091ca643-5f21-406f-9d1e-ca9b060ff99f,c4,DROP,683,i1,?,
1769749104.0972998,SENT,d19c3092-e04f-45b4-a8fe-ef5db1b4e1eb,1045ad6e-081a-4488-b0a6-184ca195bf5f,c2,DROP,441,?,e7,
1769749104.097338,FORWARDED,d19c3092-e04f-45b4-a8fe-ef5db1b4e1eb,1045ad6e-081a-4488-b0a6-184ca195bf5f,c2,DROP,441,?,e7,
1769749104.121577,RECEIVED,7f674c7f-89fb-4eb5-b532-c03db6487fd9,c9d91839-e576-47d5-9e13-6a6399b21807,c3,DROP,693,i5,?,
1769749104.2097485,SENT,cda1a446-6673-44d4-a1b6-363b174d8ee3,c26d7d5d-42b7-44e5-af96-3f90f0a2a922,c2,DROP,440,?,e4,
1769749104.209791,FORWARDED,cda1a446-6673-44d4-a1b6-363b174d8ee3,c26d7d5d-42b7-44e5-af96-3f90f0a2a922,c2,DROP,440,?,e4,
1769749104.3507257,RECEIVED,89133a20-d595-4270-bc28-5af63b2dafa2,5f04b319-56c2-4317-9eb7-f351ef331892,c3,DROP,684,i8,?,
1769749104.3882394,SENT,3dfbe7df-f993-472f-8d49-e9ab7d577bad,091ca643-5f21-406f-9d1e-ca9b060ff99f,c4,DROP,441,?,e4,
1769749104.388282,FORWARDED,3dfbe7df-f993-472f-8d49-e9ab7d577bad,091ca643-5f21-406f-9d1e-ca9b060ff99f,c4,DROP,441,?,e4,
1769749104.4003084,RECEIVED,caf71e66-e810-4ffd-ad54-2b7e2d1874c4,c17b03db-a3d8-49ce-a91c-79553f826164,c5,DROP,689,i7,?,
1769749104.4575267,SENT,caf71e66-e810-4ffd-ad54-2b7e2d1874c4,c17b03db-a3d8-49ce-a91c-79553f826164,c5,DROP,442,?,x9,
1769749104.4575665,FORWARDED,caf71e66-e810-4ffd-ad54-2b7e2d1874c4,c17b03db-a3d8-49ce-a91c-79553f826164,c5,DROP,442,?,x9,
1769749104.4607635,FORWARDED,830f84d1-577b-4833-850c-999947f109a8,25b0cf10-637b-47d8-a921-0b8205769ced,c1,DROP,443,?,i11,
1769749104.593096,SENT,7f674c7f-89fb-4eb5-b532-c03db6487fd9,c9d91839-e576-47d5-9e13-6a6399b21807,c3,DROP,445,?,e10,
1769749104.5931342,FORWARDED,7f674c7f-89fb-4eb5-b532-c03db6487fd9,c9d91839-e576-47d5-9e13-6a6399b21807,c3,DROP,445,?,e10,
1769749104.6055918,RECEIVED,19332dce-8751-474d-bbf7-4890b9904357,9554cda4-c6b2-4ac2-893d-51b4539662cf,c4,c1,1260,i5,?,
1769749104.7008696,RECEIVED,0f3bafbb-a007-4901-8891-9274f4ec8e4d,82ea4eb9-598a-497c-a3d1-afc13b45502a,c5,c3,1252,i7,?,
1769749104.713904,SENT,19332dce-8751-474d-bbf7-4890b9904357,9554cda4-c6b2-4ac2-893d-51b4539662cf,c4,c1,871,?,p1,
1769749104.71394,FORWARDED,19332dce-8751-474d-bbf7-4890b9904357,9554cda4-c6b2-4ac2-893d-51b4539662cf,c4,c1,871,?,p1,
1769749104.8028,SENT,89133a20-d595-4270-bc28-5af63b2dafa2,5f04b319-56c2-4317-9eb7-f351ef331892,c3,DROP,441,?,e9,
1769749104.8028414,FORWARDED,89133a20-d595-4270-bc28-5af63b2dafa2,5f04b319-56c2-4317-9eb7-f351ef331892,c3,DROP,441,?,e9,
1769749104.8503628,SENT,0f3bafbb-a007-4901-8891-9274f4ec8e4d,82ea4eb9-598a-497c-a3d1-afc13b45502a,c5,c3,867,?,p3,
1769749104.850403,FORWARDED,0f3bafbb-a007-4901-8891-9274f4ec8e4d,82ea4eb9-598a-497c-a3d1-afc13b45502a,c5,c3,867,?,p3,
1769749105.0113828,RECEIVED,9558b216-8850-4d78-96d0-b1ed93afce0b,2f717434-22d5-4a6b-9cfd-48b4bfc7f441,c3,DROP,682,i5,?,
1769749105.1512828,RECEIVED,4845be76-8d16-46d6-8452-7cc347d0e7ad,fa19339e-31bc-45f5-a0cc-b50e4f25f062,c1,DROP,683,i6,?,
1769749105.1569104,RECEIVED,22a46e28-6ee9-48e8-96b3-58a4c71e2a77,b3016367-5530-462d-b290-ed1a59f3b6f4,c5,DROP,684,i5,?,
1769749105.2243016,RECEIVED,56035e51-b679-4100-8e28-1ba5058207c9,707dde5b-861c-4047-8440-5ede57bffe5b,c1,DROP,442,x10,?,
1769749105.530842,SENT,22a46e28-6ee9-48e8-96b3-58a4c71e2a77,b3016367-5530-462d-b290-ed1a59f3b6f4,c5,DROP,441,?,e3,
1769749105.5308838,FORWARDED,22a46e28-6ee9-48e8-96b3-58a4c71e2a77,b3016367-5530-462d-b290-ed1a59f3b6f4,c5,DROP,441,?,e3,
1769749105.5455663,RECEIVED,699e827a-3006-4b66-bee0-be41eaf66e28,7f5c1ef7-01bb-4d91-b9e3-9cf9c2286f44,c5,DROP,685,i2,?,
1769749105.6931837,SENT,4845be76-8d16-46d6-8452-7cc347d0e7ad,fa19339e-31bc-45f5-a0cc-b50e4f25f062,c1,DROP,441,?,i4,
1769749105.6932254,FORWARDED,4845be76-8d16-46d6-8452-7cc347d0e7ad,fa19339e-31bc-45f5-a0cc-b50e4f25f062,c1,DROP,441,?,i4,
1769749105.6955652,RECEIVED,af1a88c0-3f70-48ee-9feb-aa32855af4ef,9d6c8b05-d1e9-42ba-8382-55e972796e4a,c3,c2,1260,i9,?,
1769749105.7263067,SENT,699e827a-3006-4b66-bee0-be41eaf66e28,7f5c1ef7-01bb-4d91-b9e3-9cf9c2286f44,c5,DROP,440,?,x11,
1769749105.7263486,FORWARDED,699e827a-3006-4b66-bee0-be41eaf66e28,7f5c1ef7-01bb-4d91-b9e3-9cf9c2286f44,c5,DROP,440,?,x11,
1769749105.7562094,RECEIVED,20533e9b-697a-4255-ac8a-ba466ed6d832,6403d034-974e-400d-b78e-d49563fdc846,c4,DROP,684,i8,?,
1769749105.8539436,SENT,af1a88c0-3f70-48ee-9feb-aa32855af4ef,9d6c8b05-d1e9-42ba-8382-55e972796e4a,c3,c2,871,?,p2,
1769749105.8539798,FORWARDED,af1a88c0-3f70-48ee-9feb-aa32855af4ef,9d6c8b05-d1e9-42ba-8382-55e972796e4a,c3,c2,871,?,p2,
1769749105.856166,RECEIVED,4ec1f711-1c1b-4ac5-951e-bf3874b501cd,1338ac54-868e-411a-a204-f1848690856d,c3,DROP,441,x7,?,
1769749106.1363845,RECEIVED,d1d11777-ad19-42c6-8b9f-232da2712e52,8d4efb31-5c1a-419b-9e3e-faa39718a180,c1,None,1124,i2,?,
1769749106.3142405,SENT,d1d11777-ad19-42c6-8b9f-232da2712e52,8d4efb31-5c1a-419b-9e3e-faa39718a180,c1,None,770,?,p1,
1769749106.3142838,FORWARDED,d1d11777-ad19-42c6-8b9f-232da2712e52,8d4efb31-5c1a-419b-9e3e-faa39718a180,c1,None,770,?,p1,
1769749106.4379313,SENT,20533e9b-697a-4255-ac8a-ba466ed6d832,6403d034-974e-400d-b78e-d49563fdc846,c4,DROP,441,?,e12,
1769749106.437974,FORWARDED,20533e9b-697a-4255-ac8a-ba466ed6d832,6403d034-974e-400d-b78e-d49563fdc846,c4,DROP,441,?,e12,
1769749106.4473002,RECEIVED,8615ccec-b17e-4092-822f-1f5d2e4ad0ad,94245b0e-7c52-4679-b867-3091907cc4d6,c2,DROP,684,i7,?,
1769749106.4961565,SENT,9558b216-8850-4d78-96d0-b1ed93afce0b,2f717434-22d5-4a6b-9cfd-48b4bfc7f441,c3,DROP,441,?,i4,
1769749106.4961948,FORWARDED,9558b216-8850-4d78-96d0-b1ed93afce0b,2f717434-22d5-4a6b-9cfd-48b4bfc7f441,c3,DROP,441,?,i4,
1769749106.6454506,SENT,8615ccec-b17e-4092-822f-1f5d2e4ad0ad,94245b0e-7c52-4679-b867-3091907cc4d6,c2,DROP,441,?,x3,
1769749106.6454928,FORWARDED,8615ccec-b17e-4092-822f-1f5d2e4ad0ad,94245b0e-7c52-4679-b867-3091907cc4d6,c2,DROP,441,?,x3,
1769749106.8396957,RECEIVED,2a74ce58-420d-462d-a72c-7c47c469a438,1df2a97d-7649-4197-9693-28a309021d86,c3,c2,1251,i12,?,
1769749106.8901813,RECEIVED,a8d2fb7d-6e98-4ea7-a84e-c72ca6480ff3,6d7500d4-e740-4f0a-b85d-592eb10dcec4,c4,c1,1256,i1,?,
1769749106.8923233,RECEIVED,d88fc2b8-88b1-4808-b4e6-b1b16333e536,6d9f7aed-5ac5-4d68-a148-106ab8e8bf48,c5,DROP,684,i9,?,
1769749107.0555947,SENT,d88fc2b8-88b1-4808-b4e6-b1b16333e536,6d9f7aed-5ac5-4d68-a148-106ab8e8bf48,c5,DROP,441,?,x1,
1769749107.0556316,FORWARDED,d88fc2b8-88b1-4808-b4e6-b1b16333e536,6d9f7aed-5ac5-4d68-a148-106ab8e8bf48,c5,DROP,441,?,x1,
1769749107.0783067,SENT,a8d2fb7d-6e98-4ea7-a84e-c72ca6480ff3,6d7500d4-e740-4f0a-b85d-592eb10dcec4,c4,c1,868,?,p1,
1769749107.078349,FORWARDED,a8d2fb7d-6e98-4ea7-a84e-c72ca6480ff3,6d7500d4-e740-4f0a-b85d-592eb10dcec4,c4,c1,868,?,p1,
1769749107.173109,RECEIVED,7eb0d279-5866-41d0-8b05-a7cbe538dc0a,cb0a955f-f37f-4ea4-9ce3-7bdffa8ed7ac,c2,None,1122,i3,?,
1769749107.194842,RECEIVED,7b03f6f1-bf6f-4372-9053-c8041d6fa626,1d57a31b-72af-4d90-8ab5-31b39958506b,c2,DROP,684,i6,?,
1769749107.2827487,SENT,7b03f6f1-bf6f-4372-9053-c8041d6fa626,1d57a31b-72af-4d90-8ab5-31b39958506b,c2,DROP,441,?,x3,
1769749107.282803,FORWARDED,7b03f6f1-bf6f-4372-9053-c8041d6fa626,1d57a31b-72af-4d90-8ab5-31b39958506b,c2,DROP,441,?,x3,
1769749107.3146784,RECEIVED,81d71727-da5f-4b08-80f6-eea9ea3df0a6,d7d134a9-b46e-4a65-b0b5-a47d5f9878f2,c1,c5,1311,i12,?,
1769749107.3164535,RECEIVED,57964c02-c91e-451a-a8ff-f0b1ef1332d5,e42b98fe-58e4-4ac1-aa0c-ee693bb6fd4b,c4,DROP,685,i3,?,
1769749107.4644978,SENT,81d71727-da5f-4b08-80f6-eea9ea3df0a6,d7d134a9-b46e-4a65-b0b5-a47d5f9878f2,c1,c5,912,?,p2,
1769749107.4645402,FORWARDED,81d71727-da5f-4b08-80f6-eea9ea3df0a6,d7d134a9-b46e-4a65-b0b5-a47d5f9878f2,c1,c5,912,?,p2,
1769749107.6459095,SENT,2a74ce58-420d-462d-a72c-7c47c469a438,1df2a97d-7649-4197-9693-28a309021d86,c3,c2,867,?,p2,
1769749107.6459508,FORWARDED,2a74ce58-420d-462d-a72c-7c47c469a438,1df2a97d-7649-4197-9693-28a309021d86,c3,c2,867,?,p2,
1769749107.751295,FORWARDED,57964c02-c91e-451a-a8ff-f0b1ef1332d5,e42b98fe-58e4-4ac1-aa0c-ee693bb6fd4b,c4,DROP,441,?,i11,
1769749107.7733262,RECEIVED,29e75736-5838-45e6-8798-ae5f159fd187,5fbf70bd-1b61-49c2-8cdf-f3205504a680,c2,DROP,684,i7,?,
1769749107.8333545,RECEIVED,8a505fc8-801c-4ba1-97bd-fccbcaf66578,8ba2b9a9-5c1a-44e1-bc17-8347fe20adbe,c4,DROP,688,i6,?,
1769749107.8536842,SENT,29e75736-5838-45e6-8798-ae5f159fd187,5fbf70bd-1b61-49c2-8cdf-f3205504a680,c2,DROP,441,?,x3,
1769749107.8537252,FORWARDED,29e75736-5838-45e6-8798-ae5f159fd187,5fbf70bd-1b61-49c2-8cdf-f3205504a680,c2,DROP,441,?,x3,
1769749107.9541845,SENT,8a505fc8-801c-4ba1-97bd-fccbcaf66578,8ba2b9a9-5c1a-44e1-bc17-8347fe20adbe,c4,DROP,442,?,e5,
1769749107.9542265,FORWARDED,8a505fc8-801c-4ba1-97bd-fccbcaf66578,8ba2b9a9-5c1a-44e1-bc17-8347fe20adbe,c4,DROP,442,?,e5,
1769749108.09665,RECEIVED,8fa74191-9e72-4602-a321-efc77833e86f,ab3f4f16-5169-4106-8708-66c192c2af82,c5,DROP,438,x6,?,
1769749108.108241,RECEIVED,f280c726-27b0-41d7-b1b2-fb76694fd3cf,b85be426-9723-4bff-9078-9c473a5ddc77,c3,c2,1319,i9,?,
1769749108.1277924,RECEIVED,a4b1c14d-90ab-4e06-b83f-b194183df422,3e78b6fe-17c5-410a-873a-8087f7f9806b,c3,None,1127,i4,?,
1769749108.289571,RECEIVED,a2973e5f-4d5b-4d31-9a05-43b61242040c,4adc5f85-61e3-4051-abac-44cfe1ae8ab2,c1,DROP,442,x10,?,
1769749108.3121564,RECEIVED,b3e1429d-0ce0-4232-8c03-e495fea0304a,7e286033-ca83-4b66-ab6c-f6e7613a98e9,c3,DROP,441,x7,?,
1769749108.3776395,RECEIVED,70881229-faf4-4a77-8610-b2444f357d6d,1d898439-3041-4356-9604-f1d810b7eb74,c4,DROP,683,i9,?,
1769749108.3975503,SENT,f280c726-27b0-41d7-b1b2-fb76694fd3cf,b85be426-9723-4bff-9078-9c473a5ddc77,c3,c2,918,?,p2,
1769749108.3975892,FORWARDED,f280c726-27b0-41d7-b1b2-fb76694fd3cf,b85be426-9723-4bff-9078-9c473a5ddc77,c3,c2,918,?,p2,
1769749108.5434418,SENT,7eb0d279-5866-41d0-8b05-a7cbe538dc0a,cb0a955f-f37f-4ea4-9ce3-7bdffa8ed7ac,c2,None,771,?,p3,
1769749108.5434837,FORWARDED,7eb0d279-5866-41d0-8b05-a7cbe538dc0a,cb0a955f-f37f-4ea4-9ce3-7bdffa8ed7ac,c2,None,771,?,p3,
1769749108.6726055,RECEIVED,5f8d7734-66e6-409d-88f2-222c22878a9d,ed8a68fa-b91f-4d6e-b9e6-07547018243b,c1,DROP,684,i2,?,
1769749108.8318975,RECEIVED,96156fd9-3a17-45c7-936d-85cfb14979f3,41950959-0644-4cdc-be02-dbc8cdc92f84,c3,c2,1256,i12,?,
1769749108.8992987,RECEIVED,2403cc5a-8eb4-48ef-a934-463cf012011d,d7f3d965-813c-43bc-9185-06ba42d3308f,c5,None,1128,i6,?,
1769749108.9604864,SENT,2403cc5a-8eb4-48ef-a934-463cf012011d,d7f3d965-813c-43bc-9185-06ba42d3308f,c5,None,772,?,p1,
1769749108.9605303,FORWARDED,2403cc5a-8eb4-48ef-a934-463cf012011d,d7f3d965-813c-43bc-9185-06ba42d3308f,c5,None,772,?,p1,
1769749109.1046185,SENT,96156fd9-3a17-45c7-936d-85cfb14979f3,41950959-0644-4cdc-be02-dbc8cdc92f84,c3,c2,868,?,p2,
1769749109.1046588,FORWARDED,96156fd9-3a17-45c7-936d-85cfb14979f3,41950959-0644-4cdc-be02-dbc8cdc92f84,c3,c2,868,?,p2,
1769749109.1481037,RECEIVED,9cfa8af6-e451-440e-a532-6330ef05d757,c9a4d34f-c684-4ebd-a9d2-a1c522f39b01,c5,DROP,683,i2,?,
1769749109.2191832,SENT,70881229-faf4-4a77-8610-b2444f357d6d,1d898439-3041-4356-9604-f1d810b7eb74,c4,DROP,441,?,e1,
1769749109.2192214,FORWARDED,70881229-faf4-4a77-8610-b2444f357d6d,1d898439-3041-4356-9604-f1d810b7eb74,c4,DROP,441,?,e1,
1769749109.2991076,RECEIVED,14837a03-322b-46c0-81a5-3ed775657760,f87f8de9-fba7-418b-a0ab-01d23fc6beb2,c5,None,1127,i4,?,
1769749109.3699615,RECEIVED,7bdc12f0-a89d-430b-8143-88b1fee3d4dd,92e52cdf-0717-423d-ad54-d8395735d63f,c3,c2,1252,i4,?,
1769749109.3995628,RECEIVED,5e829874-4b20-4b53-87f4-0b74f80afa8c,5d2bd844-6d7c-4c2b-9ab0-6db891f94440,c5,DROP,439,x4,?,
1769749109.5661318,FORWARDED,5f8d7734-66e6-409d-88f2-222c22878a9d,ed8a68fa-b91f-4d6e-b9e6-07547018243b,c1,DROP,441,?,i10,
1769749109.568676,RECEIVED,33a2cd3d-5c1d-4e42-8ada-1711732c0f16,68cb6f6b-0450-4829-9f40-d6696a60b06f,c3,DROP,685,i5,?,
1769749109.5750124,RECEIVED,247876c7-2ab9-4f97-826e-5438ab30ff16,8c8fcfa0-cacb-4193-ad20-a6d90d988857,c2,DROP,687,i7,?,
1769749109.6942587,SENT,7bdc12f0-a89d-430b-8143-88b1fee3d4dd,92e52cdf-0717-423d-ad54-d8395735d63f,c3,c2,867,?,p2,
1769749109.694298,FORWARDED,7bdc12f0-a89d-430b-8143-88b1fee3d4dd,92e52cdf-0717-423d-ad54-d8395735d63f,c3,c2,867,?,p2,
1769749109.738476,RECEIVED,a8bb72bb-eee0-462d-a596-76d9eaadc01d,c9d66688-f88b-408b-82c5-d4bf91c6fb1c,c1,DROP,687,i6,?,
1769749109.7527132,RECEIVED,14f4e7c3-3ae8-4ff7-9603-b010c3d3379a,737ff5b1-3bc5-47ae-840d-a4abe198d654,c2,None,1132,i8,?,
1769749109.8166282,SENT,33a2cd3d-5c1d-4e42-8ada-1711732c0f16,68cb6f6b-0450-4829-9f40-d6696a60b06f,c3,DROP,441,?,e12,
1769749109.8166642,FORWARDED,33a2cd3d-5c1d-4e42-8ada-1711732c0f16,68cb6f6b-0450-4829-9f40-d6696a60b06f,c3,DROP,441,?,e12,
1769749110.1020632,SENT,14837a03-322b-46c0-81a5-3ed775657760,f87f8de9-fba7-418b-a0ab-01d23fc6beb2,c5,None,772,?,p1,
1769749110.1021025,FORWARDED,14837a03-322b-46c0-81a5-3ed775657760,f87f8de9-fba7-418b-a0ab-01d23fc6beb2,c5,None,772,?,p1,
1769749110.1904533,SENT,14f4e7c3-3ae8-4ff7-9603-b010c3d3379a,737ff5b1-3bc5-47ae-840d-a4abe198d654,c2,None,775,?,p3,
1769749110.190494,FORWARDED,14f4e7c3-3ae8-4ff7-9603-b010c3d3379a,737ff5b1-3bc5-47ae-840d-a4abe198d654,c2,None,775,?,p3,
1769749110.2526486,SENT,a8bb72bb-eee0-462d-a596-76d9eaadc01d,c9d66688-f88b-408b-82c5-d4bf91c6fb1c,c1,DROP,442,?,e2,
1769749110.2526922,FORWARDED,a8bb72bb-eee0-462d-a596-76d9eaadc01d,c9d66688-f88b-408b-82c5-d4bf91c6fb1c,c1,DROP,442,?,e2,
1769749110.2990947,SENT,a4b1c14d-90ab-4e06-b83f-b194183df422,3e78b6fe-17c5-410a-873a-8087f7f9806b,c3,None,772,?,p2,
1769749110.299137,FORWARDED,a4b1c14d-90ab-4e06-b83f-b194183df422,3e78b6fe-17c5-410a-873a-8087f7f9806b,c3,None,772,?,p2,
1769749110.3197691,RECEIVED,a6fae855-a30a-4e0f-9ee3-161a00bfc7c3,01a43402-2afe-4110-9cc8-c9f9dc6941b3,c2,DROP,684,i4,?,
1769749110.3424208,RECEIVED,4823fb0e-443c-41d9-9d1c-130ddcd0419f,fcb49fd7-f52a-4635-ba47-0892b0ab3c8c,c3,DROP,684,i1,?,
1769749110.4121342,RECEIVED,b0e1a8a6-b2e9-4134-8c07-8ee7ee512ced,a3f25979-78bb-4766-921d-5902dd442de6,c3,DROP,684,i6,?,
1769749110.5024362,SENT,b0e1a8a6-b2e9-4134-8c07-8ee7ee512ced,a3f25979-78bb-4766-921d-5902dd442de6,c3,DROP,441,?,e8,
1769749110.502475,FORWARDED,b0e1a8a6-b2e9-4134-8c07-8ee7ee512ced,a3f25979-78bb-4766-921d-5902dd442de6,c3,DROP,441,?,e8,
1769749110.5505455,RECEIVED,1a8ee1ec-7480-4ecf-b20f-e57f1b5fc30c,b714c3f2-7127-4220-81cf-d0e689896272,c5,DROP,442,x10,?,
1769749110.7697318,RECEIVED,475d5740-ff85-459e-a01d-d7ca0c845957,660559c3-d51c-4cad-9ff3-3ee530c9f5fe,c3,c2,1311,i9,?,
1769749110.8581827,SENT,247876c7-2ab9-4f97-826e-5438ab30ff16,8c8fcfa0-cacb-4193-ad20-a6d90d988857,c2,DROP,442,?,e7,
1769749110.8582242,FORWARDED,247876c7-2ab9-4f97-826e-5438ab30ff16,8c8fcfa0-cacb-4193-ad20-a6d90d988857,c2,DROP,442,?,e7,
1769749110.9151042,RECEIVED,9ddc6a17-8e34-4d76-b875-1001f314ec73,7616fc6a-4638-4680-8531-92a31af7523e,c4,c1,1315,i5,?,
1769749111.0546541,SENT,475d5740-ff85-459e-a01d-d7ca0c845957,660559c3-d51c-4cad-9ff3-3ee530c9f5fe,c3,c2,911,?,p2,
1769749111.0546978,FORWARDED,475d5740-ff85-459e-a01d-d7ca0c845957,660559c3-d51c-4cad-9ff3-3ee530c9f5fe,c3,c2,911,?,p2,
1769749111.0752084,FORWARDED,a6fae855-a30a-4e0f-9ee3-161a00bfc7c3,01a43402-2afe-4110-9cc8-c9f9dc6941b3,c2,DROP,441,?,i10,
1769749111.120551,SENT,9cfa8af6-e451-440e-a532-6330ef05d757,c9a4d34f-c684-4ebd-a9d2-a1c522f39b01,c5,DROP,441,?,e3,
1769749111.1205928,FORWARDED,9cfa8af6-e451-440e-a532-6330ef05d757,c9a4d34f-c684-4ebd-a9d2-a1c522f39b01,c5,DROP,441,?,e3,
1769749111.3832636,RECEIVED,c039e437-cf74-4943-9377-46f54b4ea945,fdd1404a-d7a9-4876-827a-90ce7b01940a,c3,c2,1315,i12,?,
1769749111.4075382,RECEIVED,8876a506-4858-401c-93f0-05f16fa2517c,bbe17539-7f45-4338-95de-c96437093492,c1,None,1127,i2,?,
1769749111.6197019,SENT,c039e437-cf74-4943-9377-46f54b4ea945,fdd1404a-d7a9-4876-827a-90ce7b01940a,c3,c2,913,?,p2,
1769749111.61974,FORWARDED,c039e437-cf74-4943-9377-46f54b4ea945,fdd1404a-d7a9-4876-827a-90ce7b01940a,c3,c2,913,?,p2,
1769749111.6992962,RECEIVED,df601d43-dcbf-4d07-8fae-a9621f067006,88043e0c-8bca-4a5b-860f-1d01e84ccf37,c4,c1,1259,i6,?,
1769749111.7727644,RECEIVED,fe36642c-7cce-4b13-8196-7dc445eef4dc,aad54e5d-3e6b-4e66-9b36-d3189ac39b71,c1,DROP,684,i8,?,
1769749111.8569682,SENT,fe36642c-7cce-4b13-8196-7dc445eef4dc,aad54e5d-3e6b-4e66-9b36-d3189ac39b71,c1,DROP,440,?,i4,
1769749111.8570094,FORWARDED,fe36642c-7cce-4b13-8196-7dc445eef4dc,aad54e5d-3e6b-4e66-9b36-d3189ac39b71,c1,DROP,440,?,i4,
1769749111.8650007,RECEIVED,166d19c6-58a8-44dd-af79-389c2ba31527,4df23ebd-8b45-43b3-b699-0b8c62b74dfb,c4,DROP,441,x2,?,
1769749111.9755917,RECEIVED,e5bd1445-2b63-45ac-b4d9-46658d2ca8c1,81db04ba-33d1-4b9a-afdd-5e68af016daa,c5,c3,1259,i5,?,
1769749112.0475788,SENT,8876a506-4858-401c-93f0-05f16fa2517c,bbe17539-7f45-4338-95de-c96437093492,c1,None,774,?,p1,
1769749112.0476234,FORWARDED,8876a506-4858-401c-93f0-05f16fa2517c,bbe17539-7f45-4338-95de-c96437093492,c1,None,774,?,p1,
1769749112.0524,RECEIVED,c497cd13-c94d-4cad-b246-1353f9cfc610,50364fd5-a77d-4e86-b073-6a4c211ea1b1,c2,DROP,683,i1,?,
1769749112.0611136,RECEIVED,045f2003-bc08-47ef-9c04-8f3fef9e77a4,7d2c8a30-58cc-4e70-a3b2-38199aca0d26,c3,DROP,685,i12,?,
1769749112.0818102,RECEIVED,a0f1889e-f2ab-41b6-904d-b0f750fd5a7b,3b8fc9e4-f54e-486c-bbf3-bcd63ed4c4b8,c3,DROP,691,i12,?,
1769749112.149125,SENT,045f2003-bc08-47ef-9c04-8f3fef9e77a4,7d2c8a30-58cc-4e70-a3b2-38199aca0d26,c3,DROP,441,?,e8,
1769749112.1491637,FORWARDED,045f2003-bc08-47ef-9c04-8f3fef9e77a4,7d2c8a30-58cc-4e70-a3b2-38199aca0d26,c3,DROP,441,?,e8,
1769749112.1768634,SENT,4823fb0e-443c-41d9-9d1c-130ddcd0419f,fcb49fd7-f52a-4635-ba47-0892b0ab3c8c,c3,DROP,441,?,x11,
1769749112.1769037,FORWARDED,4823fb0e-443c-41d9-9d1c-130ddcd0419f,fcb49fd7-f52a-4635-ba47-0892b0ab3c8c,c3,DROP,441,?,x11,
1769749112.2044127,RECEIVED,85c69184-9996-46ad-8918-7877e5bd7cab,46c655c2-9cd3-43fc-8fb4-8a941498e88f,c1,None,1131,i3,?,
1769749112.3519366,SENT,85c69184-9996-46ad-8918-7877e5bd7cab,46c655c2-9cd3-43fc-8fb4-8a941498e88f,c1,None,776,?,p1,
1769749112.3519785,FORWARDED,85c69184-9996-46ad-8918-7877e5bd7cab,46c655c2-9cd3-43fc-8fb4-8a941498e88f,c1,None,776,?,p1,
1769749112.460293,RECEIVED,8580f299-08dd-488b-8852-84fee98efbae,7917327b-14cc-48ea-990a-4d6d4bb1ade7,c1,c5,1252,i8,?,
1769749112.4638336,RECEIVED,fb8cd541-f4b6-4bab-9ab0-abb664c92a45,1f6ba220-afc1-44a6-b352-e26e85315931,c5,c3,1251,i5,?,
1769749112.484941,RECEIVED,bdf76e77-3cef-4aa0-9a20-28eda004c05d,13990e3f-c631-4f13-b557-6073a828c02b,c5,DROP,684,i7,?,
1769749112.4853556,RECEIVED,b96abccc-4796-4bf3-836c-6e1a28efe87d,780b2e73-f2db-4734-ad6b-c0d278326f59,c5,DROP,441,x2,?,
1769749112.5295467,SENT,bdf76e77-3cef-4aa0-9a20-28eda004c05d,13990e3f-c631-4f13-b557-6073a828c02b,c5,DROP,441,?,e3,
1769749112.5295858,FORWARDED,bdf76e77-3cef-4aa0-9a20-28eda004c05d,13990e3f-c631-4f13-b557-6073a828c02b,c5,DROP,441,?,e3,
1769749112.5313332,SENT,c497cd13-c94d-4cad-b246-1353f9cfc610,50364fd5-a77d-4e86-b073-6a4c211ea1b1,c2,DROP,441,?,e5,
1769749112.5313683,FORWARDED,c497cd13-c94d-4cad-b246-1353f9cfc610,50364fd5-a77d-4e86-b073-6a4c211ea1b1,c2,DROP,441,?,e5,
1769749112.552501,SENT,8580f299-08dd-488b-8852-84fee98efbae,7917327b-14cc-48ea-990a-4d6d4bb1ade7,c1,c5,867,?,p2,
1769749112.5525417,FORWARDED,8580f299-08dd-488b-8852-84fee98efbae,7917327b-14cc-48ea-990a-4d6d4bb1ade7,c1,c5,867,?,p2,
1769749112.615002,SENT,df601d43-dcbf-4d07-8fae-a9621f067006,88043e0c-8bca-4a5b-860f-1d01e84ccf37,c4,c1,873,?,p1,
1769749112.61504,FORWARDED,df601d43-dcbf-4d07-8fae-a9621f067006,88043e0c-8bca-4a5b-860f-1d01e84ccf37,c4,c1,873,?,p1,
1769749112.6183958,RECEIVED,c234cf2a-f10a-49a9-a97b-1c88709db0b4,1916361f-25e1-4695-9552-c4035b5a2306,c5,DROP,683,i3,?,
1769749112.6299863,SENT,9ddc6a17-8e34-4d76-b875-1001f314ec73,7616fc6a-4638-4680-8531-92a31af7523e,c4,c1,913,?,p1,
1769749112.6300235,FORWARDED,9ddc6a17-8e34-4d76-b875-1001f314ec73,7616fc6a-4638-4680-8531-92a31af7523e,c4,c1,913,?,p1,
1769749112.6617646,RECEIVED,9fc2fd2f-1b9e-4dbf-b03e-3d5c04c9c79a,1269d642-6aa4-47c1-a438-441564266fd6,c2,c3,1248,i6,?,
1769749112.7535715,RECEIVED,b6fa030d-748f-4ccf-ba95-88690d4e5921,8c4a64b5-145a-4c2c-aaa3-91f055f0a157,c3,None,1126,i9,?,
1769749112.7808769,RECEIVED,95fe891b-603d-4e46-8ba4-6ecdd23dc673,eaf61243-a15e-44a0-8406-cb312b5ce28e,c1,None,1127,i12,?,
1769749112.8042972,RECEIVED,03629909-b8d6-4321-8ac3-4a10d525e602,ba6fb8e2-42a8-438a-b12f-74258de2b5e1,c3,None,1123,i5,?,
1769749112.8166804,SENT,9fc2fd2f-1b9e-4dbf-b03e-3d5c04c9c79a,1269d642-6aa4-47c1-a438-441564266fd6,c2,c3,863,?,p3,
1769749112.8167183,FORWARDED,9fc2fd2f-1b9e-4dbf-b03e-3d5c04c9c79a,1269d642-6aa4-47c1-a438-441564266fd6,c2,c3,863,?,p3,
1769749112.9735606,RECEIVED,e088adb0-c09c-4d4d-ba52-987413697437,d2cf83fe-159e-491d-bfa8-ae7ed844e43d,c3,DROP,683,i2,?,
1769749113.0945837,SENT,a0f1889e-f2ab-41b6-904d-b0f750fd5a7b,3b8fc9e4-f54e-486c-bbf3-bcd63ed4c4b8,c3,DROP,445,?,x10,
1769749113.0946357,FORWARDED,a0f1889e-f2ab-41b6-904d-b0f750fd5a7b,3b8fc9e4-f54e-486c-bbf3-bcd63ed4c4b8,c3,DROP,445,?,x10,
1769749113.122881,SENT,fb8cd541-f4b6-4bab-9ab0-abb664c92a45,1f6ba220-afc1-44a6-b352-e26e85315931,c5,c3,867,?,p3,
1769749113.122922,FORWARDED,fb8cd541-f4b6-4bab-9ab0-abb664c92a45,1f6ba220-afc1-44a6-b352-e26e85315931,c5,c3,867,?,p3,
1769749113.150938,SENT,e5bd1445-2b63-45ac-b4d9-46658d2ca8c1,81db04ba-33d1-4b9a-afdd-5e68af016daa,c5,c3,871,?,p3,
1769749113.1509757,FORWARDED,e5bd1445-2b63-45ac-b4d9-46658d2ca8c1,81db04ba-33d1-4b9a-afdd-5e68af016daa,c5,c3,871,?,p3,
1769749113.2837527,RECEIVED,11aa21ee-057d-46a9-b457-464824ffe591,f3327977-fb14-4dd0-ac26-84ea19808bc3,c5,DROP,441,x12,?,
1769749113.364066,SENT,e088adb0-c09c-4d4d-ba52-987413697437,d2cf83fe-159e-491d-bfa8-ae7ed844e43d,c3,DROP,441,?,x4,
1769749113.364099,FORWARDED,e088adb0-c09c-4d4d-ba52-987413697437,d2cf83fe-159e-491d-bfa8-ae7ed844e43d,c3,DROP,441,?,x4,
1769749113.6175175,RECEIVED,dbf759c8-58c8-435f-903a-52edcfc6a630,9f8008a3-0eba-4902-8000-4f7f01758a06,c2,DROP,688,i7,?,
1769749113.7693212,SENT,03629909-b8d6-4321-8ac3-4a10d525e602,ba6fb8e2-42a8-438a-b12f-74258de2b5e1,c3,None,771,?,p2,
1769749113.7693648,FORWARDED,03629909-b8d6-4321-8ac3-4a10d525e602,ba6fb8e2-42a8-438a-b12f-74258de2b5e1,c3,None,771,?,p2,
1769749113.7724955,SENT,95fe891b-603d-4e46-8ba4-6ecdd23dc673,eaf61243-a15e-44a0-8406-cb312b5ce28e,c1,None,772,?,p1,
1769749113.7725348,FORWARDED,95fe891b-603d-4e46-8ba4-6ecdd23dc673,eaf61243-a15e-44a0-8406-cb312b5ce28e,c1,None,772,?,p1,
1769749113.8364086,SENT,dbf759c8-58c8-435f-903a-52edcfc6a630,9f8008a3-0eba-4902-8000-4f7f01758a06,c2,DROP,442,?,x1,
1769749113.8364496,FORWARDED,dbf759c8-58c8-435f-903a-52edcfc6a630,9f8008a3-0eba-4902-8000-4f7f01758a06,c2,DROP,442,?,x1,
1769749114.147784,RECEIVED,8f6a298f-f43d-4d3a-b1ca-867762e07471,2698ce2b-882b-437a-a1a6-7ce41280e651,c5,DROP,685,i3,?,
1769749114.2670856,RECEIVED,5d4a687e-b029-4d23-84a3-d3546acbbf12,1e61d584-baa5-40f4-9369-ab0db794c84b,c3,None,1131,i6,?,
1769749114.3876703,SENT,c234cf2a-f10a-49a9-a97b-1c88709db0b4,1916361f-25e1-4695-9552-c4035b5a2306,c5,DROP,441,?,e1,
1769749114.3877149,FORWARDED,c234cf2a-f10a-49a9-a97b-1c88709db0b4,1916361f-25e1-4695-9552-c4035b5a2306,c5,DROP,441,?,e1,
1769749114.433891,RECEIVED,6b213f88-2d4e-4ac8-9a90-2d1a181cea06,07f26cb1-bf26-4f90-8e6d-e707a73d5eca,c2,c3,1250,i9,?,
1769749114.5493088,SENT,b6fa030d-748f-4ccf-ba95-88690d4e5921,8c4a64b5-145a-4c2c-aaa3-91f055f0a157,c3,None,773,?,p2,
1769749114.5493567,FORWARDED,b6fa030d-748f-4ccf-ba95-88690d4e5921,8c4a64b5-145a-4c2c-aaa3-91f055f0a157,c3,None,773,?,p2,
1769749114.5975623,RECEIVED,48d30e9a-e4cc-4140-8983-9faa6823db7b,b4ef310e-def9-4e1d-8df4-01f55c608a46,c3,None,1120,i9,?,
1769749114.6204562,SENT,8f6a298f-f43d-4d3a-b1ca-867762e07471,2698ce2b-882b-437a-a1a6-7ce41280e651,c5,DROP,441,?,e10,
1769749114.620513,FORWARDED,8f6a298f-f43d-4d3a-b1ca-867762e07471,2698ce2b-882b-437a-a1a6-7ce41280e651,c5,DROP,441,?,e10,
1769749114.7091339,SENT,48d30e9a-e4cc-4140-8983-9faa6823db7b,b4ef310e-def9-4e1d-8df4-01f55c608a46,c3,None,767,?,p2,
1769749114.7091727,FORWARDED,48d30e9a-e4cc-4140-8983-9faa6823db7b,b4ef310e-def9-4e1d-8df4-01f55c608a46,c3,None,767,?,p2,
1769749114.8614278,RECEIVED,47d6cebb-5d1f-444d-bd07-b3590fc6f2e5,771a9c4a-b8d7-43f5-bbfe-0e3310fdbbb7,c2,DROP,442,x5,?,
1769749114.9123092,RECEIVED,ac69ac3b-6b4c-47ef-a225-4b3b93005e1a,aed6594d-6010-4279-9d5f-1e8515d5bca9,c3,DROP,688,i1,?,
1769749115.022551,RECEIVED,61ab7227-a232-431d-b7b7-6ca2e583da45,582e881f-18c7-4c16-b594-141e4b8c3292,c5,DROP,692,i3,?,
1769749115.2429738,RECEIVED,cd47b2b5-bb84-4bb6-9998-4845f568c4df,f0f9b1a3-9034-4974-9eec-a7ddf19d85b5,c1,DROP,684,i2,?,
1769749115.2625542,RECEIVED,fdbb9035-bfd1-4f52-ae6a-59ce1fd1852d,f345f4be-bbb5-45d4-9024-4c49f4f6f955,c1,DROP,684,i2,?,
1769749115.3330657,SENT,61ab7227-a232-431d-b7b7-6ca2e583da45,582e881f-18c7-4c16-b594-141e4b8c3292,c5,DROP,445,?,i12,
1769749115.333108,FORWARDED,61ab7227-a232-431d-b7b7-6ca2e583da45,582e881f-18c7-4c16-b594-141e4b8c3292,c5,DROP,445,?,i12,
1769749115.3777132,RECEIVED,455f80fc-5d9a-42d0-b273-752e96669490,6ac9cd9e-7da1-4870-ad71-e40be3a66040,c3,DROP,687,i8,?,
1769749115.5087798,RECEIVED,b4301494-c001-46bc-99a1-996b7c198619,8e97f5db-9562-4582-804d-21c4e777a650,c4,DROP,692,i9,?,
1769749115.6254065,SENT,fdbb9035-bfd1-4f52-ae6a-59ce1fd1852d,f345f4be-bbb5-45d4-9024-4c49f4f6f955,c1,DROP,441,?,e9,
1769749115.6254475,FORWARDED,fdbb9035-bfd1-4f52-ae6a-59ce1fd1852d,f345f4be-bbb5-45d4-9024-4c49f4f6f955,c1,DROP,441,?,e9,
1769749115.6953607,SENT,5d4a687e-b029-4d23-84a3-d3546acbbf12,1e61d584-baa5-40f4-9369-ab0db794c84b,c3,None,776,?,p2,
1769749115.6953979,FORWARDED,5d4a687e-b029-4d23-84a3-d3546acbbf12,1e61d584-baa5-40f4-9369-ab0db794c84b,c3,None,776,?,p2,
1769749115.707562,SENT,ac69ac3b-6b4c-47ef-a225-4b3b93005e1a,aed6594d-6010-4279-9d5f-1e8515d5bca9,c3,DROP,443,?,e12,
1769749115.7075994,FORWARDED,ac69ac3b-6b4c-47ef-a225-4b3b93005e1a,aed6594d-6010-4279-9d5f-1e8515d5bca9,c3,DROP,443,?,e12,
1769749115.7499053,SENT,455f80fc-5d9a-42d0-b273-752e96669490,6ac9cd9e-7da1-4870-ad71-e40be3a66040,c3,DROP,442,?,e6,
1769749115.74994,FORWARDED,455f80fc-5d9a-42d0-b273-752e96669490,6ac9cd9e-7da1-4870-ad71-e40be3a66040,c3,DROP,442,?,e6,
1769749115.8187966,RECEIVED,beae754c-d2fb-4824-9840-db701cc84c87,ca64703d-ca59-4898-806e-00049c71108e,c1,DROP,441,x3,?,
1769749116.0098212,RECEIVED,4d206b12-a634-4d65-9736-91a217325a55,e10cc90e-e8ce-4b23-b1a0-c046b250d9c9,c4,c1,1260,i9,?,
1769749116.024658,RECEIVED,b40a8431-bbcc-4783-8dda-721932525f05,62c5a884-fdd1-4c4f-90d1-9f2759a2a762,c4,c1,1310,i5,?,
1769749116.072532,RECEIVED,8956e35a-52e5-4048-b25d-f5d7b11f44b4,78fd2d14-f6aa-4110-b002-cb6044fb1a33,c3,DROP,685,i12,?,
1769749116.1046603,SENT,b4301494-c001-46bc-99a1-996b7c198619,8e97f5db-9562-4582-804d-21c4e777a650,c4,DROP,445,?,e11,
1769749116.1047072,FORWARDED,b4301494-c001-46bc-99a1-996b7c198619,8e97f5db-9562-4582-804d-21c4e777a650,c4,DROP,445,?,e11,
1769749116.1089163,SENT,8956e35a-52e5-4048-b25d-f5d7b11f44b4,78fd2d14-f6aa-4110-b002-cb6044fb1a33,c3,DROP,441,?,x6,
1769749116.1089559,FORWARDED,8956e35a-52e5-4048-b25d-f5d7b11f44b4,78fd2d14-f6aa-4110-b002-cb6044fb1a33,c3,DROP,441,?,x6,
1769749116.1100197,RECEIVED,f3ccd651-5c90-4e69-9985-3e568b838457,986be7fb-447f-4e40-a439-9eec48f6cac6,c2,DROP,441,x4,?,
1769749116.1433222,SENT,cd47b2b5-bb84-4bb6-9998-4845f568c4df,f0f9b1a3-9034-4974-9eec-a7ddf19d85b5,c1,DROP,441,?,x10,
1769749116.143362,FORWARDED,cd47b2b5-bb84-4bb6-9998-4845f568c4df,f0f9b1a3-9034-4974-9eec-a7ddf19d85b5,c1,DROP,441,?,x10,
1769749116.1744902,SENT,b40a8431-bbcc-4783-8dda-721932525f05,62c5a884-fdd1-4c4f-90d1-9f2759a2a762,c4,c1,912,?,p1,
1769749116.1745255,FORWARDED,b40a8431-bbcc-4783-8dda-721932525f05,62c5a884-fdd1-4c4f-90d1-9f2759a2a762,c4,c1,912,?,p1,
1769749116.2106364,SENT,4d206b12-a634-4d65-9736-91a217325a55,e10cc90e-e8ce-4b23-b1a0-c046b250d9c9,c4,c1,872,?,p1,
1769749116.2106748,FORWARDED,4d206b12-a634-4d65-9736-91a217325a55,e10cc90e-e8ce-4b23-b1a0-c046b250d9c9,c4,c1,872,?,p1,
1769749116.3313491,RECEIVED,70782949-c119-4c50-808c-3353d30b87df,4f8a60d2-81db-48c5-b2ba-9a83d52fe58c,c4,DROP,441,x2,?,
1769749116.3480678,RECEIVED,8a1c8380-eb47-47af-b68a-0df0e10778f2,84894e50-7636-487b-99d7-772450ae5ea1,c3,None,1128,i8,?,
1769749116.4638443,RECEIVED,2a220593-7178-410b-84d1-37fe2838054a,72bd6893-5025-4a6c-bced-5dacd4b40d75,c1,None,1129,i9,?,
1769749116.4910738,RECEIVED,aa5e1884-42a4-4861-b5ee-f0d0bef395f8,aa12d314-5fe6-435f-b38f-58a8f7eedb87,c3,DROP,441,x12,?,
1769749116.5033567,RECEIVED,8eb312e4-1261-467e-a2fd-92af2b3eaffb,854e683d-bb3f-4449-a373-34f522cfa37c,c2,DROP,441,x5,?,
1769749116.513923,SENT,2a220593-7178-410b-84d1-37fe2838054a,72bd6893-5025-4a6c-bced-5dacd4b40d75,c1,None,772,?,p1,
1769749116.513968,FORWARDED,2a220593-7178-410b-84d1-37fe2838054a,72bd6893-5025-4a6c-bced-5dacd4b40d75,c1,None,772,?,p1,
1769749116.5245347,SENT,8a1c8380-eb47-47af-b68a-0df0e10778f2,84894e50-7636-487b-99d7-772450ae5ea1,c3,None,772,?,p2,
1769749116.5245752,FORWARDED,8a1c8380-eb47-47af-b68a-0df0e10778f2,84894e50-7636-487b-99d7-772450ae5ea1,c3,None,772,?,p2,
1769749116.5762951,RECEIVED,3175ff2e-141e-4e5d-b248-cbfbef27913b,c6be5bd2-409f-454f-ab15-962f7e554e7f,c5,DROP,688,i7,?,
1769749116.6131637,SENT,6b213f88-2d4e-4ac8-9a90-2d1a181cea06,07f26cb1-bf26-4f90-8e6d-e707a73d5eca,c2,c3,867,?,p3,
1769749116.6132011,FORWARDED,6b213f88-2d4e-4ac8-9a90-2d1a181cea06,07f26cb1-bf26-4f90-8e6d-e707a73d5eca,c2,c3,867,?,p3,
1769749116.6630423,RECEIVED,f56a9f5b-f593-4692-a330-773264e37333,0474c4df-a08c-44e2-82a7-7c29beacaa23,c3,None,1124,i9,?,
1769749116.693974,SENT,3175ff2e-141e-4e5d-b248-cbfbef27913b,c6be5bd2-409f-454f-ab15-962f7e554e7f,c5,DROP,442,?,x7,
1769749116.6940124,FORWARDED,3175ff2e-141e-4e5d-b248-cbfbef27913b,c6be5bd2-409f-454f-ab15-962f7e554e7f,c5,DROP,442,?,x7,
1769749116.7793593,RECEIVED,e4ecb0bb-42a3-4d45-80be-e010d695e6b4,70385912-f69d-4840-af5f-08711fa79d9a,c1,DROP,441,x10,?,
1769749116.80293,RECEIVED,27bf5799-4400-474f-9b30-541230ff23ad,13acf925-affc-456f-bfeb-a45aa62cd800,c3,None,1123,i7,?,
1769749116.9136987,RECEIVED,d7aba3cb-77fd-4723-82b3-20ce8829e979,888c3328-010b-460e-ac91-4e328693c787,c1,None,1132,i12,?,
1769749116.9564133,SENT,f56a9f5b-f593-4692-a330-773264e37333,0474c4df-a08c-44e2-82a7-7c29beacaa23,c3,None,771,?,p2,
1769749116.9564514,FORWARDED,f56a9f5b-f593-4692-a330-773264e37333,0474c4df-a08c-44e2-82a7-7c29beacaa23,c3,None,771,?,p2,
1769749116.9968545,SENT,d7aba3cb-77fd-4723-82b3-20ce8829e979,888c3328-010b-460e-ac91-4e328693c787,c1,None,776,?,p1,
1769749116.9968963,FORWARDED,d7aba3cb-77fd-4723-82b3-20ce8829e979,888c3328-010b-460e-ac91-4e328693c787,c1,None,776,?,p1,
1769749117.0213163,RECEIVED,49319fa5-f39d-430a-ad22-a7e673a235a0,96f7ed08-f585-4238-b419-b47b117a9d34,c3,None,1124,i5,?,
1769749117.0229232,RECEIVED,75524fba-b8e1-4de5-a8a6-c83f861e70d1,cc7e6920-33e9-402b-a4e4-f3be2d6e7610,c2,DROP,683,i7,?,
1769749117.0473063,RECEIVED,7b0ba55b-2309-41ed-b332-8ae6f5cb8275,a73f8bbe-fe57-44a0-86fa-88e74480ca68,c4,DROP,685,i5,?,
1769749117.0652852,RECEIVED,dc4748ce-5b17-4972-bd42-2d72e7d88e9e,764de427-8537-422b-a74e-88342e29108c,c3,None,1132,i5,?,
1769749117.0751312,RECEIVED,eb02eb71-c6a4-4f83-9553-ff8183f5a67c,a9565757-1eee-4052-b4df-8011d0b1fc21,c2,c3,1258,i7,?,
1769749117.104941,SENT,eb02eb71-c6a4-4f83-9553-ff8183f5a67c,a9565757-1eee-4052-b4df-8011d0b1fc21,c2,c3,868,?,p3,
1769749117.104983,FORWARDED,eb02eb71-c6a4-4f83-9553-ff8183f5a67c,a9565757-1eee-4052-b4df-8011d0b1fc21,c2,c3,868,?,p3,
1769749117.1082942,SENT,49319fa5-f39d-430a-ad22-a7e673a235a0,96f7ed08-f585-4238-b419-b47b117a9d34,c3,None,771,?,p2,
1769749117.1083288,FORWARDED,49319fa5-f39d-430a-ad22-a7e673a235a0,96f7ed08-f585-4238-b419-b47b117a9d34,c3,None,771,?,p2,
1769749117.1343002,RECEIVED,d54d8c36-34eb-4824-a6fa-ec99ca1b30b6,9afc106f-b2a7-4f9d-bf8c-3c4f5fe548e2,c2,c3,1303,i6,?,
1769749117.1351433,RECEIVED,737611f3-0610-4353-b755-cb6c510d4c79,307aaddd-d352-4567-9c65-98a58c9d7a05,c4,DROP,442,x1,?,
1769749117.2061825,RECEIVED,b7ecbef8-9c07-4a87-9024-bd73811b5e8d,9d1ca1d2-2341-4356-a201-dd6a8d7d7836,c2,DROP,687,i6,?,
1769749117.3079832,RECEIVED,cb8d40e1-644a-42c9-8b48-d05e6d856ba0,6302428b-b0b4-4de6-97f1-1553cb9b348e,c2,DROP,687,i12,?,
1769749117.314722,SENT,27bf5799-4400-474f-9b30-541230ff23ad,13acf925-affc-456f-bfeb-a45aa62cd800,c3,None,771,?,p2,
1769749117.3147607,FORWARDED,27bf5799-4400-474f-9b30-541230ff23ad,13acf925-affc-456f-bfeb-a45aa62cd800,c3,None,771,?,p2,
1769749117.4856625,FORWARDED,7b0ba55b-2309-41ed-b332-8ae6f5cb8275,a73f8bbe-fe57-44a0-86fa-88e74480ca68,c4,DROP,441,?,i10,
1769749117.490883,RECEIVED,f3b5e5bb-c674-4374-b01b-4c436639299b,eef5ad78-578d-47c6-bbcd-141378814db3,c2,c3,1260,i7,?,
1769749117.5423558,SENT,dc4748ce-5b17-4972-bd42-2d72e7d88e9e,764de427-8537-422b-a74e-88342e29108c,c3,None,776,?,p2,
1769749117.5423975,FORWARDED,dc4748ce-5b17-4972-bd42-2d72e7d88e9e,764de427-8537-422b-a74e-88342e29108c,c3,None,776,?,p2,
1769749117.554695,SENT,75524fba-b8e1-4de5-a8a6-c83f861e70d1,cc7e6920-33e9-402b-a4e4-f3be2d6e7610,c2,DROP,441,?,i4,
1769749117.5547333,FORWARDED,75524fba-b8e1-4de5-a8a6-c83f861e70d1,cc7e6920-33e9-402b-a4e4-f3be2d6e7610,c2,DROP,441,?,i4,
1769749117.5687447,RECEIVED,45c1d2f2-e2b5-4628-978c-c5c4a427a59a,feb2e131-029e-409b-8457-8ed6d651dc44,c5,None,1129,i5,?,
1769749117.5759537,SENT,f3b5e5bb-c674-4374-b01b-4c436639299b,eef5ad78-578d-47c6-bbcd-141378814db3,c2,c3,872,?,p3,
1769749117.5759926,FORWARDED,f3b5e5bb-c674-4374-b01b-4c436639299b,eef5ad78-578d-47c6-bbcd-141378814db3,c2,c3,872,?,p3,
1769749117.5975318,RECEIVED,e411aa9a-7901-45a6-8a01-0aaa6fddc03d,865b4d7a-17e9-440b-8a81-b0d7bdb7bc89,c5,DROP,683,i2,?,
1769749117.6088333,SENT,45c1d2f2-e2b5-4628-978c-c5c4a427a59a,feb2e131-029e-409b-8457-8ed6d651dc44,c5,None,773,?,p1,
1769749117.6088758,FORWARDED,45c1d2f2-e2b5-4628-978c-c5c4a427a59a,feb2e131-029e-409b-8457-8ed6d651dc44,c5,None,773,?,p1,
1769749117.629404,RECEIVED,bff324ca-ba87-49a3-b18e-1dc756dbdb13,751de7e6-d325-4ed1-a417-1120d19deaa9,c1,DROP,689,i3,?,
1769749117.7168958,SENT,bff324ca-ba87-49a3-b18e-1dc756dbdb13,751de7e6-d325-4ed1-a417-1120d19deaa9,c1,DROP,442,?,e12,
1769749117.7169366,FORWARDED,bff324ca-ba87-49a3-b18e-1dc756dbdb13,751de7e6-d325-4ed1-a417-1120d19deaa9,c1,DROP,442,?,e12,
1769749117.72939,SENT,d54d8c36-34eb-4824-a6fa-ec99ca1b30b6,9afc106f-b2a7-4f9d-bf8c-3c4f5fe548e2,c2,c3,906,?,p3,
1769749117.7294288,FORWARDED,d54d8c36-34eb-4824-a6fa-ec99ca1b30b6,9afc106f-b2a7-4f9d-bf8c-3c4f5fe548e2,c2,c3,906,?,p3,
1769749117.786031,RECEIVED,ef8406be-375d-4f14-976e-eba8119599f6,a4627d28-2796-4470-8372-72c85a4407cb,c1,DROP,684,i7,?,
1769749117.7925224,RECEIVED,9d62e8b4-31fa-4eee-9943-325c3f901caf,e4ad0bdf-dba1-4108-9377-f2c66670b591,c1,DROP,683,i9,?,
1769749117.8575912,SENT,9d62e8b4-31fa-4eee-9943-325c3f901caf,e4ad0bdf-dba1-4108-9377-f2c66670b591,c1,DROP,441,?,e11,
1769749117.8576348,FORWARDED,9d62e8b4-31fa-4eee-9943-325c3f901caf,e4ad0bdf-dba1-4108-9377-f2c66670b591,c1,DROP,441,?,e11,
1769749118.049248,RECEIVED,5eb81aa4-0fe9-46b6-a056-da5af5761e04,e3fafb8f-1293-48b5-83d0-926643136afa,c2,c3,1311,i9,?,
1769749118.0741193,RECEIVED,8b897bbf-844e-49eb-a13b-326d2d3abc6e,1b19a190-c037-4d13-9b3f-c0eccc632d20,c1,None,1129,i9,?,
1769749118.1373467,RECEIVED,86becdae-082a-4957-b673-87e3b0f79ef6,19891011-9072-44dd-b91f-9ed5116478e4,c3,DROP,683,i1,?,
1769749118.1608531,SENT,8b897bbf-844e-49eb-a13b-326d2d3abc6e,1b19a190-c037-4d13-9b3f-c0eccc632d20,c1,None,772,?,p1,
1769749118.160898,FORWARDED,8b897bbf-844e-49eb-a13b-326d2d3abc6e,1b19a190-c037-4d13-9b3f-c0eccc632d20,c1,None,772,?,p1,
1769749118.2146454,RECEIVED,36b5516b-7f9e-4140-a9de-a5f4e847d2b1,38c9eff4-a0f3-4623-8405-ab463037a212,c5,c3,1316,i5,?,
1769749118.289965,RECEIVED,f3235dfd-cbb9-4c4e-b9df-d2ed9629e521,9373a25a-d10e-4151-aa8e-457311c4349f,c5,DROP,688,i12,?,
1769749118.31154,SENT,5eb81aa4-0fe9-46b6-a056-da5af5761e04,e3fafb8f-1293-48b5-83d0-926643136afa,c2,c3,912,?,p3,
1769749118.3115747,FORWARDED,5eb81aa4-0fe9-46b6-a056-da5af5761e04,e3fafb8f-1293-48b5-83d0-926643136afa,c2,c3,912,?,p3,
1769749118.312987,RECEIVED,a2488bab-6b42-467f-b534-e9d7eaf93a62,c9b083fd-a599-4588-a077-0a89187c1cb1,c3,DROP,688,i7,?,
1769749118.3345203,SENT,b7ecbef8-9c07-4a87-9024-bd73811b5e8d,9d1ca1d2-2341-4356-a201-dd6a8d7d7836,c2,DROP,442,?,i4,
1769749118.3345697,FORWARDED,b7ecbef8-9c07-4a87-9024-bd73811b5e8d,9d1ca1d2-2341-4356-a201-dd6a8d7d7836,c2,DROP,442,?,i4,
1769749118.4655333,SENT,a2488bab-6b42-467f-b534-e9d7eaf93a62,c9b083fd-a599-4588-a077-0a89187c1cb1,c3,DROP,443,?,x2,
1769749118.4655735,FORWARDED,a2488bab-6b42-467f-b534-e9d7eaf93a62,c9b083fd-a599-4588-a077-0a89187c1cb1,c3,DROP,443,?,x2,
1769749118.4872742,SENT,f3235dfd-cbb9-4c4e-b9df-d2ed9629e521,9373a25a-d10e-4151-aa8e-457311c4349f,c5,DROP,442,?,x3,
1769749118.4881732,FORWARDED,f3235dfd-cbb9-4c4e-b9df-d2ed9629e521,9373a25a-d10e-4151-aa8e-457311c4349f,c5,DROP,442,?,x3,
1769749118.559618,SENT,e411aa9a-7901-45a6-8a01-0aaa6fddc03d,865b4d7a-17e9-440b-8a81-b0d7bdb7bc89,c5,DROP,441,?,x9,
1769749118.5596583,FORWARDED,e411aa9a-7901-45a6-8a01-0aaa6fddc03d,865b4d7a-17e9-440b-8a81-b0d7bdb7bc89,c5,DROP,441,?,x9,
1769749118.583587,SENT,cb8d40e1-644a-42c9-8b48-d05e6d856ba0,6302428b-b0b4-4de6-97f1-1553cb9b348e,c2,DROP,444,?,e9,
1769749118.5836275,FORWARDED,cb8d40e1-644a-42c9-8b48-d05e6d856ba0,6302428b-b0b4-4de6-97f1-1553cb9b348e,c2,DROP,444,?,e9,
1769749118.6222644,RECEIVED,3cc40349-97b4-4964-8c09-4c380cce0af1,eeac3d5a-b5be-45a9-be2d-ed630c525add,c5,DROP,684,i7,?,
1769749118.6501412,SENT,36b5516b-7f9e-4140-a9de-a5f4e847d2b1,38c9eff4-a0f3-4623-8405-ab463037a212,c5,c3,913,?,p3,
1769749118.6501946,FORWARDED,36b5516b-7f9e-4140-a9de-a5f4e847d2b1,38c9eff4-a0f3-4623-8405-ab463037a212,c5,c3,913,?,p3,
1769749118.715322,RECEIVED,e01812ca-07bb-4468-b7f7-ac2d4d40ec96,1474d63d-49cf-490a-92da-40d619b4c131,c3,None,1123,i6,?,
1769749118.7844958,SENT,3cc40349-97b4-4964-8c09-4c380cce0af1,eeac3d5a-b5be-45a9-be2d-ed630c525add,c5,DROP,441,?,e5,
1769749118.7845454,FORWARDED,3cc40349-97b4-4964-8c09-4c380cce0af1,eeac3d5a-b5be-45a9-be2d-ed630c525add,c5,DROP,441,?,e5,
1769749118.8056016,SENT,86becdae-082a-4957-b673-87e3b0f79ef6,19891011-9072-44dd-b91f-9ed5116478e4,c3,DROP,441,?,i8,
1769749118.8056395,FORWARDED,86becdae-082a-4957-b673-87e3b0f79ef6,19891011-9072-44dd-b91f-9ed5116478e4,c3,DROP,441,?,i8,
1769749118.856002,RECEIVED,77058fc9-a9d7-4a92-9a35-513b5e7ebf64,dee48c58-1cb5-4b35-8880-1ef54217b2fb,c3,None,1131,i9,?,
1769749118.8588393,RECEIVED,228b6014-d38a-4034-9497-02181e5f12c9,80f72a45-1944-4d4f-a4b1-20251a07c0eb,c4,DROP,437,x7,?,
1769749118.9940429,RECEIVED,be1fba0a-88f2-4dfd-8dc5-da3f8b9b0cb0,571c3912-8f54-4961-8f96-17747c233938,c5,None,1120,i8,?,
1769749119.04516,SENT,be1fba0a-88f2-4dfd-8dc5-da3f8b9b0cb0,571c3912-8f54-4961-8f96-17747c233938,c5,None,768,?,p1,
1769749119.045203,FORWARDED,be1fba0a-88f2-4dfd-8dc5-da3f8b9b0cb0,571c3912-8f54-4961-8f96-17747c233938,c5,None,768,?,p1,
1769749119.0494149,RECEIVED,64834bd9-b4cd-4223-b2a0-3a2a81dbe14b,beeffbbf-2799-4a37-8a22-fb2d3b81c2a2,c1,DROP,683,i2,?,
1769749119.065993,SENT,ef8406be-375d-4f14-976e-eba8119599f6,a4627d28-2796-4470-8372-72c85a4407cb,c1,DROP,441,?,e10,
1769749119.0660322,FORWARDED,ef8406be-375d-4f14-976e-eba8119599f6,a4627d28-2796-4470-8372-72c85a4407cb,c1,DROP,441,?,e10,
1769749119.1613214,SENT,77058fc9-a9d7-4a92-9a35-513b5e7ebf64,dee48c58-1cb5-4b35-8880-1ef54217b2fb,c3,None,775,?,p2,
1769749119.161359,FORWARDED,77058fc9-a9d7-4a92-9a35-513b5e7ebf64,dee48c58-1cb5-4b35-8880-1ef54217b2fb,c3,None,775,?,p2,
1769749119.3216424,RECEIVED,c0731bb8-f9f7-474e-a896-c3db1a989ec1,53e53e2d-45b0-4b93-8619-dbb441dedcf5,c5,None,1133,i7,?,
1769749119.4038687,SENT,c0731bb8-f9f7-474e-a896-c3db1a989ec1,53e53e2d-45b0-4b93-8619-dbb441dedcf5,c5,None,775,?,p1,
1769749119.403914,FORWARDED,c0731bb8-f9f7-474e-a896-c3db1a989ec1,53e53e2d-45b0-4b93-8619-dbb441dedcf5,c5,None,775,?,p1,
1769749119.4060724,RECEIVED,34be709c-7dbb-44d4-8cc3-f33f22187a69,45f53284-d48c-40af-be92-b6a0df921253,c5,DROP,444,x7,?,
1769749119.4121766,RECEIVED,70f80ea8-8fa9-417c-8158-c72fd8107202,d1d132a7-875b-4adf-ac33-634831b07d17,c5,c3,1311,i5,?,
1769749119.555597,SENT,e01812ca-07bb-4468-b7f7-ac2d4d40ec96,1474d63d-49cf-490a-92da-40d619b4c131,c3,None,771,?,p2,
1769749119.5556395,FORWARDED,e01812ca-07bb-4468-b7f7-ac2d4d40ec96,1474d63d-49cf-490a-92da-40d619b4c131,c3,None,771,?,p2,
1769749119.601521,SENT,64834bd9-b4cd-4223-b2a0-3a2a81dbe14b,beeffbbf-2799-4a37-8a22-fb2d3b81c2a2,c1,DROP,441,?,x7,
1769749119.6015608,FORWARDED,64834bd9-b4cd-4223-b2a0-3a2a81dbe14b,beeffbbf-2799-4a37-8a22-fb2d3b81c2a2,c1,DROP,441,?,x7,
1769749119.766353,RECEIVED,9a41d688-3cbf-49db-9525-fab682af275c,180edd44-c7ff-484a-9c87-46985986ee20,c2,None,1123,i6,?,
1769749120.1052783,SENT,70f80ea8-8fa9-417c-8158-c72fd8107202,d1d132a7-875b-4adf-ac33-634831b07d17,c5,c3,910,?,p3,
1769749120.1053195,FORWARDED,70f80ea8-8fa9-417c-8158-c72fd8107202,d1d132a7-875b-4adf-ac33-634831b07d17,c5,c3,910,?,p3,
1769749120.1409674,RECEIVED,89e05d72-a438-49ba-9101-a49ea5c8eff4,03c6aa5d-ee0f-461c-8543-136c70cd42a9,c3,None,1131,i9,?,
1769749120.1435606,RECEIVED,7d403824-05d4-49df-b595-49dac97d008c,ecebd687-1ad4-40eb-b78a-cfb7d7ac163f,c5,DROP,442,x7,?,
1769749120.1490245,RECEIVED,ee926c05-f929-4980-8789-b05289423503,de43ac10-bdfc-454c-a867-1ac5903cfbbe,c5,DROP,687,i1,?,
1769749120.2257254,RECEIVED,9d4a1471-cd5d-467a-828e-37e546fd5d01,9cdca1df-7649-45dd-8ff9-50a28b897d38,c4,DROP,687,i3,?,
1769749120.2281806,SENT,9a41d688-3cbf-49db-9525-fab682af275c,180edd44-c7ff-484a-9c87-46985986ee20,c2,None,771,?,p3,
1769749120.2282155,FORWARDED,9a41d688-3cbf-49db-9525-fab682af275c,180edd44-c7ff-484a-9c87-46985986ee20,c2,None,771,?,p3,
1769749120.3594658,RECEIVED,c31956b9-3a8b-43ce-9305-3abe13a2e389,8cfa8dff-e62b-449a-979b-c71495916406,c5,DROP,442,x12,?,
1769749120.5893366,RECEIVED,0232568c-6b76-45aa-b111-52da7c2c817d,bf697d56-e405-4cc2-a8e0-6d893d728e57,c4,DROP,684,i9,?,
1769749120.6168737,RECEIVED,0760d437-5d95-4d1b-8519-1a7fe79da68e,7505b2b4-aa6c-44c8-bf31-e65a97f4592f,c2,c3,1259,i6,?,
1769749120.6297905,RECEIVED,5e5b417c-0e18-4406-9f69-ec62ae1d1d3d,8ba04453-03bf-4e1a-a060-1ada45c0fc80,c1,DROP,442,x1,?,
1769749120.6587896,RECEIVED,1edf62ac-e04a-4e2a-83f6-8bb63996e45b,e9f48b7c-b01a-48d9-9d58-5d06caaca2eb,c2,DROP,442,x9,?,
1769749120.6757267,RECEIVED,c5649e81-c45b-48b2-b5c9-3ad8a6565b54,a88067f9-16d8-4178-9d52-914d5061a271,c2,DROP,683,i4,?,
1769749120.6967194,RECEIVED,073e692d-6150-4527-b8c1-3ff0e7c0b715,02ba2ddc-4789-4033-9118-1494c1a573b8,c2,DROP,687,i9,?,
1769749120.7627335,RECEIVED,6b5535ab-e90c-4b00-93b5-ffd82203eec8,cbc74826-4b3e-4c8b-8e87-d1cb400e5289,c5,DROP,437,x6,?,
1769749120.7864633,SENT,0232568c-6b76-45aa-b111-52da7c2c817d,bf697d56-e405-4cc2-a8e0-6d893d728e57,c4,DROP,441,?,i4,
1769749120.7865007,FORWARDED,0232568c-6b76-45aa-b111-52da7c2c817d,bf697d56-e405-4cc2-a8e0-6d893d728e57,c4,DROP,441,?,i4,
1769749120.7865822,RECEIVED,5c24d1c2-f88c-41f7-87d3-1821de3b38cc,21cab444-f215-429d-bccc-9a90f5c694cf,c4,c1,1313,i5,?,
1769749120.7922256,RECEIVED,bf5c5184-0ae6-434f-ae31-cae9a5a9fb0d,26675853-2b0a-43b2-a5ea-778ac5c3fb7a,c5,None,1127,i5,?,
1769749120.8523726,SENT,5c24d1c2-f88c-41f7-87d3-1821de3b38cc,21cab444-f215-429d-bccc-9a90f5c694cf,c4,c1,912,?,p1,
1769749120.8524141,FORWARDED,5c24d1c2-f88c-41f7-87d3-1821de3b38cc,21cab444-f215-429d-bccc-9a90f5c694cf,c4,c1,912,?,p1,
1769749120.873211,SENT,ee926c05-f929-4980-8789-b05289423503,de43ac10-bdfc-454c-a867-1ac5903cfbbe,c5,DROP,442,?,x3,
1769749120.8732493,FORWARDED,ee926c05-f929-4980-8789-b05289423503,de43ac10-bdfc-454c-a867-1ac5903cfbbe,c5,DROP,442,?,x3,
1769749120.9793296,SENT,073e692d-6150-4527-b8c1-3ff0e7c0b715,02ba2ddc-4789-4033-9118-1494c1a573b8,c2,DROP,442,?,i8,
1769749120.9793692,FORWARDED,073e692d-6150-4527-b8c1-3ff0e7c0b715,02ba2ddc-4789-4033-9118-1494c1a573b8,c2,DROP,442,?,i8,
1769749121.0950058,SENT,0760d437-5d95-4d1b-8519-1a7fe79da68e,7505b2b4-aa6c-44c8-bf31-e65a97f4592f,c2,c3,871,?,p3,
1769749121.095045,FORWARDED,0760d437-5d95-4d1b-8519-1a7fe79da68e,7505b2b4-aa6c-44c8-bf31-e65a97f4592f,c2,c3,871,?,p3,
1769749121.0966012,RECEIVED,fa257f39-3752-4b03-8e17-be3477d737c9,3db4ca3e-8254-4e0c-b1ce-cfc97c980d4a,c5,None,1127,i9,?,
1769749121.1546628,SENT,c5649e81-c45b-48b2-b5c9-3ad8a6565b54,a88067f9-16d8-4178-9d52-914d5061a271,c2,DROP,441,?,x9,
1769749121.1547182,FORWARDED,c5649e81-c45b-48b2-b5c9-3ad8a6565b54,a88067f9-16d8-4178-9d52-914d5061a271,c2,DROP,441,?,x9,
1769749121.1983685,SENT,9d4a1471-cd5d-467a-828e-37e546fd5d01,9cdca1df-7649-45dd-8ff9-50a28b897d38,c4,DROP,442,?,x1,
1769749121.1984148,FORWARDED,9d4a1471-cd5d-467a-828e-37e546fd5d01,9cdca1df-7649-45dd-8ff9-50a28b897d38,c4,DROP,442,?,x1,
1769749121.2635062,SENT,bf5c5184-0ae6-434f-ae31-cae9a5a9fb0d,26675853-2b0a-43b2-a5ea-778ac5c3fb7a,c5,None,772,?,p1,
1769749121.263555,FORWARDED,bf5c5184-0ae6-434f-ae31-cae9a5a9fb0d,26675853-2b0a-43b2-a5ea-778ac5c3fb7a,c5,None,772,?,p1,
1769749121.3429208,RECEIVED,00f8cf55-bf08-49b7-8f2f-8219db56f41c,53c6f947-0e5b-4198-a968-343a8e15faaa,c3,None,1132,i6,?,
1769749121.356125,SENT,fa257f39-3752-4b03-8e17-be3477d737c9,3db4ca3e-8254-4e0c-b1ce-cfc97c980d4a,c5,None,773,?,p1,
1769749121.356167,FORWARDED,fa257f39-3752-4b03-8e17-be3477d737c9,3db4ca3e-8254-4e0c-b1ce-cfc97c980d4a,c5,None,773,?,p1,
1769749121.3606846,RECEIVED,a6daf46e-f4d8-47b3-848c-0e9c9c2e59e8,a0a4e3bd-576d-4292-bdd2-7ebbbc6e0f5d,c4,DROP,683,i5,?,
1769749121.3645895,SENT,89e05d72-a438-49ba-9101-a49ea5c8eff4,03c6aa5d-ee0f-461c-8543-136c70cd42a9,c3,None,776,?,p2,
1769749121.3646307,FORWARDED,89e05d72-a438-49ba-9101-a49ea5c8eff4,03c6aa5d-ee0f-461c-8543-136c70cd42a9,c3,None,776,?,p2,
1769749121.5390108,RECEIVED,ddf6edd4-8874-40f4-a00e-f945d7de8df4,af4d1822-75e5-4b45-8c28-85a4e1fec12d,c1,DROP,685,i7,?,
1769749121.600422,SENT,ddf6edd4-8874-40f4-a00e-f945d7de8df4,af4d1822-75e5-4b45-8c28-85a4e1fec12d,c1,DROP,441,?,i12,
1769749121.6004639,FORWARDED,ddf6edd4-8874-40f4-a00e-f945d7de8df4,af4d1822-75e5-4b45-8c28-85a4e1fec12d,c1,DROP,441,?,i12,
1769749121.6285346,SENT,00f8cf55-bf08-49b7-8f2f-8219db56f41c,53c6f947-0e5b-4198-a968-343a8e15faaa,c3,None,775,?,p2,
1769749121.6285746,FORWARDED,00f8cf55-bf08-49b7-8f2f-8219db56f41c,53c6f947-0e5b-4198-a968-343a8e15faaa,c3,None,775,?,p2,
1769749121.6503284,RECEIVED,4611b069-397d-410d-92c9-ddb029b9ef70,2bf8ae29-f866-49e0-9218-8822b0833fea,c2,c3,1315,i7,?,
1769749121.6913564,RECEIVED,90c61b90-964a-4cea-89a2-b3039d8c5b60,f738e8ee-9fde-4c05-88cf-a269b1887209,c5,DROP,687,i1,?,
1769749121.806107,RECEIVED,14a08bc9-e3f0-4e3d-a5ff-8098c08efc63,a1083aa9-9ff4-4853-a642-389a9c0a71c9,c3,c2,1259,i8,?,
1769749121.9655259,SENT,90c61b90-964a-4cea-89a2-b3039d8c5b60,f738e8ee-9fde-4c05-88cf-a269b1887209,c5,DROP,442,?,e9,
1769749121.9655662,FORWARDED,90c61b90-964a-4cea-89a2-b3039d8c5b60,f738e8ee-9fde-4c05-88cf-a269b1887209,c5,DROP,442,?,e9,
1769749121.9892783,RECEIVED,8b29e4d7-9e98-4b43-9350-900912d0494c,fe77d1b1-78b2-495b-a798-87b2200aa13c,c2,DROP,684,i4,?,
1769749122.011368,RECEIVED,809816e7-0a9c-4d65-ac0e-28c51cf70ac2,7f386c9a-5ae0-405f-a9be-0a85fae517d8,c5,None,1131,i12,?,
1769749122.0124528,RECEIVED,64c666bf-ef6a-437a-9f03-6bab773289b3,72406985-1fad-4666-a5f7-2731e39835ec,c4,DROP,685,i3,?,
1769749122.0679874,SENT,809816e7-0a9c-4d65-ac0e-28c51cf70ac2,7f386c9a-5ae0-405f-a9be-0a85fae517d8,c5,None,775,?,p1,
1769749122.068031,FORWARDED,809816e7-0a9c-4d65-ac0e-28c51cf70ac2,7f386c9a-5ae0-405f-a9be-0a85fae517d8,c5,None,775,?,p1,
1769749122.1119022,SENT,64c666bf-ef6a-437a-9f03-6bab773289b3,72406985-1fad-4666-a5f7-2731e39835ec,c4,DROP,441,?,x12,
1769749122.111942,FORWARDED,64c666bf-ef6a-437a-9f03-6bab773289b3,72406985-1fad-4666-a5f7-2731e39835ec,c4,DROP,441,?,x12,
1769749122.2266245,RECEIVED,617a85e1-cd20-45c8-a52b-57684762b74a,5ea17033-164f-407e-9854-5d21b0839b45,c5,None,1134,i12,?,
1769749122.2973006,SENT,a6daf46e-f4d8-47b3-848c-0e9c9c2e59e8,a0a4e3bd-576d-4292-bdd2-7ebbbc6e0f5d,c4,DROP,441,?,e3,
1769749122.2973342,FORWARDED,a6daf46e-f4d8-47b3-848c-0e9c9c2e59e8,a0a4e3bd-576d-4292-bdd2-7ebbbc6e0f5d,c4,DROP,441,?,e3,
1769749122.3448339,SENT,8b29e4d7-9e98-4b43-9350-900912d0494c,fe77d1b1-78b2-495b-a798-87b2200aa13c,c2,DROP,441,?,e3,
1769749122.3449416,FORWARDED,8b29e4d7-9e98-4b43-9350-900912d0494c,fe77d1b1-78b2-495b-a798-87b2200aa13c,c2,DROP,441,?,e3,
1769749122.3654099,SENT,14a08bc9-e3f0-4e3d-a5ff-8098c08efc63,a1083aa9-9ff4-4853-a642-389a9c0a71c9,c3,c2,871,?,p2,
1769749122.3654468,FORWARDED,14a08bc9-e3f0-4e3d-a5ff-8098c08efc63,a1083aa9-9ff4-4853-a642-389a9c0a71c9,c3,c2,871,?,p2,
1769749122.3959687,SENT,4611b069-397d-410d-92c9-ddb029b9ef70,2bf8ae29-f866-49e0-9218-8822b0833fea,c2,c3,913,?,p3,
1769749122.3960204,FORWARDED,4611b069-397d-410d-92c9-ddb029b9ef70,2bf8ae29-f866-49e0-9218-8822b0833fea,c2,c3,913,?,p3,
1769749122.4406543,RECEIVED,a574eb8a-626d-411e-8543-01cb2a441e20,3d87c224-8871-4954-b2d3-793b7312baeb,c3,None,1129,i6,?,
1769749122.5041203,SENT,a574eb8a-626d-411e-8543-01cb2a441e20,3d87c224-8871-4954-b2d3-793b7312baeb,c3,None,772,?,p2,
1769749122.5041661,FORWARDED,a574eb8a-626d-411e-8543-01cb2a441e20,3d87c224-8871-4954-b2d3-793b7312baeb,c3,None,772,?,p2,
1769749122.5725365,RECEIVED,92642318-a626-4b78-937f-d6bdc22b02cb,92b89eeb-4f5a-46b9-9298-09dd928e3452,c1,None,1128,i9,?,
1769749122.6232088,RECEIVED,5c2c9858-244d-4347-ab17-03a4e9f7e028,70d99864-9f92-4b9d-9216-11f16c307142,c1,None,1132,i4,?,
1769749122.6963758,RECEIVED,58c6d27a-ecd8-43ae-a5b1-3add66e1ac72,adaf1f8f-3d96-4dd8-ad23-1f6c0935d3ea,c2,None,1124,i6,?,
1769749122.710863,SENT,5c2c9858-244d-4347-ab17-03a4e9f7e028,70d99864-9f92-4b9d-9216-11f16c307142,c1,None,775,?,p1,
1769749122.7109065,FORWARDED,5c2c9858-244d-4347-ab17-03a4e9f7e028,70d99864-9f92-4b9d-9216-11f16c307142,c1,None,775,?,p1,
1769749122.7109911,RECEIVED,0e8d0b0e-c0ce-42f7-ac6e-eae200c96e5f,359cbe8e-dee9-4b9c-8a88-5e62ebb412af,c5,DROP,684,i12,?,
1769749122.795936,SENT,0e8d0b0e-c0ce-42f7-ac6e-eae200c96e5f,359cbe8e-dee9-4b9c-8a88-5e62ebb412af,c5,DROP,441,?,i7,
1769749122.7959788,FORWARDED,0e8d0b0e-c0ce-42f7-ac6e-eae200c96e5f,359cbe8e-dee9-4b9c-8a88-5e62ebb412af,c5,DROP,441,?,i7,
1769749122.7992218,SENT,58c6d27a-ecd8-43ae-a5b1-3add66e1ac72,adaf1f8f-3d96-4dd8-ad23-1f6c0935d3ea,c2,None,771,?,p3,
1769749122.7992618,FORWARDED,58c6d27a-ecd8-43ae-a5b1-3add66e1ac72,adaf1f8f-3d96-4dd8-ad23-1f6c0935d3ea,c2,None,771,?,p3,
1769749122.8122265,SENT,617a85e1-cd20-45c8-a52b-57684762b74a,5ea17033-164f-407e-9854-5d21b0839b45,c5,None,779,?,p1,
1769749122.8122685,FORWARDED,617a85e1-cd20-45c8-a52b-57684762b74a,5ea17033-164f-407e-9854-5d21b0839b45,c5,None,779,?,p1,
1769749122.895286,RECEIVED,41cb4c37-b443-403c-9a46-9457e06329d7,292ff9fc-7df4-480f-b034-8d8578d70bee,c1,DROP,679,i4,?,
1769749123.0010998,SENT,92642318-a626-4b78-937f-d6bdc22b02cb,92b89eeb-4f5a-46b9-9298-09dd928e3452,c1,None,772,?,p1,
1769749123.0011382,FORWARDED,92642318-a626-4b78-937f-d6bdc22b02cb,92b89eeb-4f5a-46b9-9298-09dd928e3452,c1,None,772,?,p1,
1769749123.0034363,RECEIVED,38629eee-f418-4c6b-821b-fc248b5a95cc,737762ea-5a74-46a2-ab0a-6db8c7048ca4,c5,DROP,684,i8,?,
1769749123.1378205,RECEIVED,e4568a78-701b-4076-926b-52983916808b,522c3e2a-0ae5-404a-a353-367b832661bd,c3,None,1124,i9,?,
1769749123.1688633,RECEIVED,7e30e53a-2b99-4f23-b1b3-3685c7607d2c,2562340b-5773-4fae-bfd4-517e7842a698,c2,DROP,441,x10,?,
1769749123.209949,RECEIVED,78544844-6665-4d3e-a45c-961bf1302ef9,1c655337-17c5-4be0-b792-590002701074,c5,DROP,685,i1,?,
1769749123.2371192,RECEIVED,a398c0f8-893d-4501-bc03-2142124c3218,5076c939-3e08-4584-8320-959c61d3e5c5,c3,DROP,684,i6,?,
1769749123.3177083,SENT,e4568a78-701b-4076-926b-52983916808b,522c3e2a-0ae5-404a-a353-367b832661bd,c3,None,771,?,p2,
1769749123.3179922,FORWARDED,e4568a78-701b-4076-926b-52983916808b,522c3e2a-0ae5-404a-a353-367b832661bd,c3,None,771,?,p2,
1769749123.4491904,SENT,a398c0f8-893d-4501-bc03-2142124c3218,5076c939-3e08-4584-8320-959c61d3e5c5,c3,DROP,441,?,e8,
1769749123.4492524,FORWARDED,a398c0f8-893d-4501-bc03-2142124c3218,5076c939-3e08-4584-8320-959c61d3e5c5,c3,DROP,441,?,e8,
1769749123.4717023,SENT,38629eee-f418-4c6b-821b-fc248b5a95cc,737762ea-5a74-46a2-ab0a-6db8c7048ca4,c5,DROP,441,?,i3,
1769749123.4717455,FORWARDED,38629eee-f418-4c6b-821b-fc248b5a95cc,737762ea-5a74-46a2-ab0a-6db8c7048ca4,c5,DROP,441,?,i3,
1769749123.5752466,RECEIVED,78cef1cd-e877-4b8b-bb82-6d19f3f2b830,aa47e956-b6ef-4b12-a55b-9a64292b7093,c2,c3,1315,i9,?,
1769749123.651698,SENT,78544844-6665-4d3e-a45c-961bf1302ef9,1c655337-17c5-4be0-b792-590002701074,c5,DROP,441,?,e10,
1769749123.651738,FORWARDED,78544844-6665-4d3e-a45c-961bf1302ef9,1c655337-17c5-4be0-b792-590002701074,c5,DROP,441,?,e10,
1769749123.7606966,RECEIVED,2124dcd9-5321-421a-9425-19663f60369b,3ccf7449-bac2-468e-b9fe-475ea092c113,c3,DROP,687,i3,?,
1769749123.7769241,RECEIVED,4aa6cd1a-4017-4320-9773-6b144436431b,5fe99f08-541f-42fd-9058-a7a84f7221cd,c5,DROP,683,i8,?,
1769749123.8593554,SENT,78cef1cd-e877-4b8b-bb82-6d19f3f2b830,aa47e956-b6ef-4b12-a55b-9a64292b7093,c2,c3,913,?,p3,
1769749123.8593943,FORWARDED,78cef1cd-e877-4b8b-bb82-6d19f3f2b830,aa47e956-b6ef-4b12-a55b-9a64292b7093,c2,c3,913,?,p3,
1769749123.8686116,RECEIVED,28197d64-bbaa-4d54-b5e4-abbbcbac1c9f,c15e65b5-f35b-43f0-8d27-8f02c55b7281,c1,DROP,441,x11,?,
1769749123.9817657,RECEIVED,ffdd2236-fae4-4ffe-a8d0-4958a6c9046a,09b172a2-55aa-40ac-89b1-96eb20dbb026,c3,DROP,444,x5,?,
1769749123.9839716,RECEIVED,81ee3219-0827-470c-8dd6-0090e728be96,03027d3a-c4ac-4221-8cb1-5a58a03185c2,c5,DROP,683,i5,?,
1769749124.1524227,RECEIVED,9ab49ae9-1524-47ab-9777-bc11dec6c814,6db14369-afc1-4b55-8935-c9403013e959,c1,None,1132,i4,?,
1769749124.244518,SENT,4aa6cd1a-4017-4320-9773-6b144436431b,5fe99f08-541f-42fd-9058-a7a84f7221cd,c5,DROP,440,?,e3,
1769749124.244559,FORWARDED,4aa6cd1a-4017-4320-9773-6b144436431b,5fe99f08-541f-42fd-9058-a7a84f7221cd,c5,DROP,440,?,e3,
1769749124.3827822,RECEIVED,b3087d45-a277-4a69-afdc-4be06d470f60,bd3d8bb5-c9e5-4be9-9f2d-880b6ece0654,c2,DROP,683,i1,?,
1769749124.4750128,RECEIVED,89d643f9-238c-4b2f-b739-431040c77e71,5cfc4361-918a-44a0-8428-cbb1c5521473,c4,c1,1251,i2,?,
1769749124.498923,SENT,2124dcd9-5321-421a-9425-19663f60369b,3ccf7449-bac2-468e-b9fe-475ea092c113,c3,DROP,443,?,i5,
1769749124.4989634,FORWARDED,2124dcd9-5321-421a-9425-19663f60369b,3ccf7449-bac2-468e-b9fe-475ea092c113,c3,DROP,443,?,i5,
1769749124.5300543,SENT,9ab49ae9-1524-47ab-9777-bc11dec6c814,6db14369-afc1-4b55-8935-c9403013e959,c1,None,775,?,p1,
1769749124.5301104,FORWARDED,9ab49ae9-1524-47ab-9777-bc11dec6c814,6db14369-afc1-4b55-8935-c9403013e959,c1,None,775,?,p1,
1769749124.7316985,SENT,b3087d45-a277-4a69-afdc-4be06d470f60,bd3d8bb5-c9e5-4be9-9f2d-880b6ece0654,c2,DROP,441,?,x9,
1769749124.7317324,FORWARDED,b3087d45-a277-4a69-afdc-4be06d470f60,bd3d8bb5-c9e5-4be9-9f2d-880b6ece0654,c2,DROP,441,?,x9,
1769749124.9146,RECEIVED,3e1e6cbb-ab74-4493-b691-63bc10031f4f,d9ac5036-b078-401d-841c-809b7b95b12e,c3,c2,1251,i5,?,
1769749124.9725978,RECEIVED,b7ef46f6-aec3-44ec-abe4-bba57d92b295,3f243cb7-b356-4c63-b960-c1764d6b468f,c4,DROP,443,x5,?,
1769749125.0531206,RECEIVED,ab345545-71be-4617-a519-06c301ab9582,3f32dcdf-817b-422d-ac80-d0cd77579d85,c2,None,1131,i9,?,
1769749125.08704,RECEIVED,097203a3-1479-42c2-92a9-e0a60d17309f,f7f28ddc-fad8-4aad-9c6f-9f3eea8e1bd3,c4,c1,1255,i7,?,
1769749125.113917,SENT,3e1e6cbb-ab74-4493-b691-63bc10031f4f,d9ac5036-b078-401d-841c-809b7b95b12e,c3,c2,867,?,p2,
1769749125.1143556,FORWARDED,3e1e6cbb-ab74-4493-b691-63bc10031f4f,d9ac5036-b078-401d-841c-809b7b95b12e,c3,c2,867,?,p2,
1769749125.3076618,SENT,81ee3219-0827-470c-8dd6-0090e728be96,03027d3a-c4ac-4221-8cb1-5a58a03185c2,c5,DROP,441,?,i9,
1769749125.307702,FORWARDED,81ee3219-0827-470c-8dd6-0090e728be96,03027d3a-c4ac-4221-8cb1-5a58a03185c2,c5,DROP,441,?,i9,
1769749125.4842992,RECEIVED,3e803f04-4a9e-4d79-b82b-d2851851c254,9cf8fbbc-7dd1-47a4-baba-30cd9e1a4439,c2,DROP,443,x3,?,
1769749125.5718777,RECEIVED,55e9c01b-4cf9-402c-a4b1-379d24a9f59a,a4f1d278-bf21-48db-8dff-6864e262da8b,c1,None,1124,i3,?,
1769749125.5723867,RECEIVED,658e86f5-0e49-41a6-9329-3348de7f6cea,afbd5db9-92a9-4ac6-acff-0eb3b676c24a,c2,DROP,687,i6,?,
1769749125.5743363,SENT,ab345545-71be-4617-a519-06c301ab9582,3f32dcdf-817b-422d-ac80-d0cd77579d85,c2,None,775,?,p3,
1769749125.5743783,FORWARDED,ab345545-71be-4617-a519-06c301ab9582,3f32dcdf-817b-422d-ac80-d0cd77579d85,c2,None,775,?,p3,
1769749125.7892601,SENT,658e86f5-0e49-41a6-9329-3348de7f6cea,afbd5db9-92a9-4ac6-acff-0eb3b676c24a,c2,DROP,442,?,e4,
1769749125.7893026,FORWARDED,658e86f5-0e49-41a6-9329-3348de7f6cea,afbd5db9-92a9-4ac6-acff-0eb3b676c24a,c2,DROP,442,?,e4,
1769749125.8220181,RECEIVED,98ebb205-5d03-4c81-ba3e-5d5098d4e13b,a4ec43f1-4755-4ec3-869b-7a279729bafa,c3,None,1133,i6,?,
1769749125.8969312,SENT,98ebb205-5d03-4c81-ba3e-5d5098d4e13b,a4ec43f1-4755-4ec3-869b-7a279729bafa,c3,None,776,?,p2,
1769749125.8969781,FORWARDED,98ebb205-5d03-4c81-ba3e-5d5098d4e13b,a4ec43f1-4755-4ec3-869b-7a279729bafa,c3,None,776,?,p2,
1769749125.9105682,SENT,41cb4c37-b443-403c-9a46-9457e06329d7,292ff9fc-7df4-480f-b034-8d8578d70bee,c1,DROP,438,?,i1,
1769749125.9106054,FORWARDED,41cb4c37-b443-403c-9a46-9457e06329d7,292ff9fc-7df4-480f-b034-8d8578d70bee,c1,DROP,438,?,i1,
1769749125.9191828,SENT,55e9c01b-4cf9-402c-a4b1-379d24a9f59a,a4f1d278-bf21-48db-8dff-6864e262da8b,c1,None,771,?,p1,
1769749125.9192264,FORWARDED,55e9c01b-4cf9-402c-a4b1-379d24a9f59a,a4f1d278-bf21-48db-8dff-6864e262da8b,c1,None,771,?,p1,
1769749125.9320164,RECEIVED,299fb814-adc2-4496-88b7-61c96558c45b,00d426c5-8be2-457e-8a69-3ab96c5605fc,c3,None,1132,i8,?,
1769749125.996331,RECEIVED,4e9edca7-f474-4d36-8706-3e8f795dab26,9ad15a23-575a-4d41-9668-bd109f314e2b,c1,DROP,683,i1,?,
1769749126.1144948,RECEIVED,cc5369f9-4a8d-47a4-be5e-f1e7eb92a2fa,825838a7-93c0-4cc8-a18c-904ade8e9883,c3,c2,1311,i8,?,
1769749126.120593,SENT,299fb814-adc2-4496-88b7-61c96558c45b,00d426c5-8be2-457e-8a69-3ab96c5605fc,c3,None,776,?,p2,
1769749126.1206338,FORWARDED,299fb814-adc2-4496-88b7-61c96558c45b,00d426c5-8be2-457e-8a69-3ab96c5605fc,c3,None,776,?,p2,
1769749126.1384916,RECEIVED,c6275b05-dd0b-4127-8111-49044079daca,232205ad-ea59-4f90-832f-2657594554ea,c1,DROP,683,i4,?,
1769749126.28046,RECEIVED,1f88fc65-f235-40d9-b2e8-0ed5945e82a4,5c560fcb-7aac-4f51-82ea-2cbf48dd209a,c1,None,1124,i3,?,
1769749126.3038552,RECEIVED,ebb289bf-9ae3-4ddb-a4ee-820d7827cdc2,b2be2bbb-dae3-4646-bb31-3a43ba8114b1,c3,DROP,680,i5,?,
1769749126.3643506,SENT,ebb289bf-9ae3-4ddb-a4ee-820d7827cdc2,b2be2bbb-dae3-4646-bb31-3a43ba8114b1,c3,DROP,437,?,x1,
1769749126.3643894,FORWARDED,ebb289bf-9ae3-4ddb-a4ee-820d7827cdc2,b2be2bbb-dae3-4646-bb31-3a43ba8114b1,c3,DROP,437,?,x1,
1769749126.5517786,SENT,4e9edca7-f474-4d36-8706-3e8f795dab26,9ad15a23-575a-4d41-9668-bd109f314e2b,c1,DROP,441,?,x6,
1769749126.5518198,FORWARDED,4e9edca7-f474-4d36-8706-3e8f795dab26,9ad15a23-575a-4d41-9668-bd109f314e2b,c1,DROP,441,?,x6,
1769749126.5875535,SENT,1f88fc65-f235-40d9-b2e8-0ed5945e82a4,5c560fcb-7aac-4f51-82ea-2cbf48dd209a,c1,None,771,?,p1,
1769749126.5875967,FORWARDED,1f88fc65-f235-40d9-b2e8-0ed5945e82a4,5c560fcb-7aac-4f51-82ea-2cbf48dd209a,c1,None,771,?,p1,
1769749126.592257,SENT,097203a3-1479-42c2-92a9-e0a60d17309f,f7f28ddc-fad8-4aad-9c6f-9f3eea8e1bd3,c4,c1,868,?,p1,
1769749126.5922987,FORWARDED,097203a3-1479-42c2-92a9-e0a60d17309f,f7f28ddc-fad8-4aad-9c6f-9f3eea8e1bd3,c4,c1,868,?,p1,
1769749126.7393894,RECEIVED,c327b39b-0f66-48a0-937f-563c67f8d3cf,9092e606-c6da-48c3-be3d-95cad58706e8,c3,DROP,684,i8,?,
1769749126.8263385,SENT,89d643f9-238c-4b2f-b739-431040c77e71,5cfc4361-918a-44a0-8428-cbb1c5521473,c4,c1,867,?,p1,
1769749126.8263762,FORWARDED,89d643f9-238c-4b2f-b739-431040c77e71,5cfc4361-918a-44a0-8428-cbb1c5521473,c4,c1,867,?,p1,
1769749126.892164,SENT,cc5369f9-4a8d-47a4-be5e-f1e7eb92a2fa,825838a7-93c0-4cc8-a18c-904ade8e9883,c3,c2,911,?,p2,
1769749126.8922079,FORWARDED,cc5369f9-4a8d-47a4-be5e-f1e7eb92a2fa,825838a7-93c0-4cc8-a18c-904ade8e9883,c3,c2,911,?,p2,
1769749126.900728,RECEIVED,52ae8c01-7b8b-4b87-9149-a630fde37514,ad8057ed-c614-437f-8d1c-844c5465a674,c1,c5,1264,i12,?,
1769749126.9937568,RECEIVED,313f51f7-818a-4735-b857-6fa8d0167043,6adc49ac-4ee5-417b-8094-c2c9b299dcc9,c2,DROP,688,i6,?,
1769749127.000923,SENT,52ae8c01-7b8b-4b87-9149-a630fde37514,ad8057ed-c614-437f-8d1c-844c5465a674,c1,c5,876,?,p2,
1769749127.0009649,FORWARDED,52ae8c01-7b8b-4b87-9149-a630fde37514,ad8057ed-c614-437f-8d1c-844c5465a674,c1,c5,876,?,p2,
1769749127.043427,RECEIVED,002ff3e6-c1c4-4f5d-bf04-24039d5430a0,14ebceca-0e77-4789-b2ce-87f9adf7a147,c2,DROP,683,i7,?,
1769749127.1341946,RECEIVED,aef071d1-c9db-4c31-ad57-b398f69e2cbf,5af1f6bd-e38c-4563-9ecd-7bdb7dd5c4a7,c2,DROP,444,x11,?,
1769749127.1820922,SENT,c327b39b-0f66-48a0-937f-563c67f8d3cf,9092e606-c6da-48c3-be3d-95cad58706e8,c3,DROP,440,?,x12,
1769749127.1821382,FORWARDED,c327b39b-0f66-48a0-937f-563c67f8d3cf,9092e606-c6da-48c3-be3d-95cad58706e8,c3,DROP,440,?,x12,
1769749127.3304803,RECEIVED,ed4dd0e5-7600-4f14-becd-673c4c93afc5,17719d87-ccc7-496d-a37b-f6807b046442,c3,DROP,687,i5,?,
1769749127.5867336,SENT,ed4dd0e5-7600-4f14-becd-673c4c93afc5,17719d87-ccc7-496d-a37b-f6807b046442,c3,DROP,442,?,e4,
1769749127.5867808,FORWARDED,ed4dd0e5-7600-4f14-becd-673c4c93afc5,17719d87-ccc7-496d-a37b-f6807b046442,c3,DROP,442,?,e4,
1769749127.6957722,RECEIVED,10696534-83dc-46e5-8c96-e8fedfa18dd2,c2130527-2876-4636-9789-9422153f2a94,c5,DROP,684,i3,?,
1769749127.7878277,RECEIVED,2bc60c2e-e62c-4741-aefa-e47df8ddc35f,3568f765-0773-4ce4-8be1-f2a6208aca97,c4,DROP,678,i6,?,
1769749127.8106513,FORWARDED,313f51f7-818a-4735-b857-6fa8d0167043,6adc49ac-4ee5-417b-8094-c2c9b299dcc9,c2,DROP,442,?,i10,
1769749127.8449903,RECEIVED,238bf962-3aa4-4242-a9f6-b4f690863066,902fc16d-064d-4008-ab24-7771b3abd8a1,c4,DROP,684,i9,?,
1769749127.870403,SENT,002ff3e6-c1c4-4f5d-bf04-24039d5430a0,14ebceca-0e77-4789-b2ce-87f9adf7a147,c2,DROP,441,?,e6,
1769749127.8704414,FORWARDED,002ff3e6-c1c4-4f5d-bf04-24039d5430a0,14ebceca-0e77-4789-b2ce-87f9adf7a147,c2,DROP,441,?,e6,
1769749127.8724318,RECEIVED,b8fb67d7-b0ba-49ea-bcac-3bae1fdf45b4,7c8a3b0b-23e4-4dc7-95b9-94a39a96ad1e,c4,c1,1315,i2,?,
1769749128.036806,SENT,c6275b05-dd0b-4127-8111-49044079daca,232205ad-ea59-4f90-832f-2657594554ea,c1,DROP,441,?,e1,
1769749128.0368404,FORWARDED,c6275b05-dd0b-4127-8111-49044079daca,232205ad-ea59-4f90-832f-2657594554ea,c1,DROP,441,?,e1,
1769749128.063627,RECEIVED,23b193c3-28bf-49ca-ac8c-222004786b05,7415b7cc-e851-4340-8e53-0452f062e521,c2,DROP,686,i6,?,
1769749128.111352,RECEIVED,e2997412-0342-425d-ab15-0353ab58a65d,85c1049f-2110-41c3-aa2e-51520f10fb5d,c5,DROP,681,i3,?,
1769749128.132538,RECEIVED,8bcd8ef8-b73e-406f-9cd4-07d453a1dbae,a81bd4e5-ba84-4a90-931b-14d69d4a40db,c4,DROP,442,x1,?,
1769749128.1488936,SENT,10696534-83dc-46e5-8c96-e8fedfa18dd2,c2130527-2876-4636-9789-9422153f2a94,c5,DROP,441,?,e8,
1769749128.1489363,FORWARDED,10696534-83dc-46e5-8c96-e8fedfa18dd2,c2130527-2876-4636-9789-9422153f2a94,c5,DROP,441,?,e8,
1769749128.1559324,SENT,e2997412-0342-425d-ab15-0353ab58a65d,85c1049f-2110-41c3-aa2e-51520f10fb5d,c5,DROP,436,?,i9,
1769749128.1559727,FORWARDED,e2997412-0342-425d-ab15-0353ab58a65d,85c1049f-2110-41c3-aa2e-51520f10fb5d,c5,DROP,436,?,i9,
1769749128.1697574,SENT,238bf962-3aa4-4242-a9f6-b4f690863066,902fc16d-064d-4008-ab24-7771b3abd8a1,c4,DROP,441,?,i2,
1769749128.1697984,FORWARDED,238bf962-3aa4-4242-a9f6-b4f690863066,902fc16d-064d-4008-ab24-7771b3abd8a1,c4,DROP,441,?,i2,
1769749128.1800437,RECEIVED,c19ce9af-2928-44e6-8a23-f0694e482f29,835727c9-9a1a-45cc-b32e-462245580709,c5,DROP,687,i8,?,
1769749128.28349,RECEIVED,9a5d6277-c9f3-4f64-9fc7-eccef2d0dbed,cc125316-fee1-47b1-a1fb-355bf6f4aad2,c2,DROP,442,x5,?,
1769749128.4426227,RECEIVED,6e9d3177-25e4-44f1-b29e-1d2a0303514a,ebc0f962-03c2-42ce-893f-0d45a796b9c2,c3,DROP,683,i6,?,
1769749128.4603136,SENT,23b193c3-28bf-49ca-ac8c-222004786b05,7415b7cc-e851-4340-8e53-0452f062e521,c2,DROP,442,?,i9,
1769749128.4603555,FORWARDED,23b193c3-28bf-49ca-ac8c-222004786b05,7415b7cc-e851-4340-8e53-0452f062e521,c2,DROP,442,?,i9,
1769749128.591079,SENT,2bc60c2e-e62c-4741-aefa-e47df8ddc35f,3568f765-0773-4ce4-8be1-f2a6208aca97,c4,DROP,437,?,x6,
1769749128.591142,FORWARDED,2bc60c2e-e62c-4741-aefa-e47df8ddc35f,3568f765-0773-4ce4-8be1-f2a6208aca97,c4,DROP,437,?,x6,
1769749128.6774933,RECEIVED,0a6d9ae8-51d7-43e4-b2f1-a952a273bb0f,c62a6c1d-7f14-4e79-b014-bd73c77b27c2,c2,DROP,689,i4,?,
1769749128.759626,SENT,0a6d9ae8-51d7-43e4-b2f1-a952a273bb0f,c62a6c1d-7f14-4e79-b014-bd73c77b27c2,c2,DROP,443,?,x11,
1769749128.7596662,FORWARDED,0a6d9ae8-51d7-43e4-b2f1-a952a273bb0f,c62a6c1d-7f14-4e79-b014-bd73c77b27c2,c2,DROP,443,?,x11,
1769749128.8359218,RECEIVED,bd089ffc-0f9f-4249-9ab2-285cfdd7d6a6,3b4dee06-b6a0-4c07-bf58-525d421f6ef9,c3,None,1133,i2,?,
1769749128.8617737,SENT,bd089ffc-0f9f-4249-9ab2-285cfdd7d6a6,3b4dee06-b6a0-4c07-bf58-525d421f6ef9,c3,None,776,?,p2,
1769749128.8618171,FORWARDED,bd089ffc-0f9f-4249-9ab2-285cfdd7d6a6,3b4dee06-b6a0-4c07-bf58-525d421f6ef9,c3,None,776,?,p2,
1769749128.9171612,SENT,b8fb67d7-b0ba-49ea-bcac-3bae1fdf45b4,7c8a3b0b-23e4-4dc7-95b9-94a39a96ad1e,c4,c1,914,?,p1,
1769749128.9172003,FORWARDED,b8fb67d7-b0ba-49ea-bcac-3bae1fdf45b4,7c8a3b0b-23e4-4dc7-95b9-94a39a96ad1e,c4,c1,914,?,p1,
1769749129.0484965,RECEIVED,750a1155-0028-4f9b-adbb-cb86a49f1751,e73d58e3-0175-41da-82b7-f413bcb2e08b,c4,DROP,685,i6,?,
1769749129.1205006,SENT,750a1155-0028-4f9b-adbb-cb86a49f1751,e73d58e3-0175-41da-82b7-f413bcb2e08b,c4,DROP,441,?,e2,
1769749129.1205418,FORWARDED,750a1155-0028-4f9b-adbb-cb86a49f1751,e73d58e3-0175-41da-82b7-f413bcb2e08b,c4,DROP,441,?,e2,
1769749129.1443977,SENT,6e9d3177-25e4-44f1-b29e-1d2a0303514a,ebc0f962-03c2-42ce-893f-0d45a796b9c2,c3,DROP,441,?,x6,
1769749129.1444373,FORWARDED,6e9d3177-25e4-44f1-b29e-1d2a0303514a,ebc0f962-03c2-42ce-893f-0d45a796b9c2,c3,DROP,441,?,x6,
1769749129.2554214,SENT,c19ce9af-2928-44e6-8a23-f0694e482f29,835727c9-9a1a-45cc-b32e-462245580709,c5,DROP,443,?,e1,
1769749129.2554648,FORWARDED,c19ce9af-2928-44e6-8a23-f0694e482f29,835727c9-9a1a-45cc-b32e-462245580709,c5,DROP,443,?,e1,
1769749129.2568307,RECEIVED,269bf8af-5f66-450d-9508-1a1d4a67b7cb,7739cceb-7ece-4261-b1b3-99399d344b42,c3,DROP,441,x4,?,
1769749129.3384194,RECEIVED,a2f555fc-e47a-467b-81f5-3dab2f44c632,702c8051-7e53-44ac-a52a-0917e77690e3,c1,None,1127,i3,?,
1769749129.4597988,RECEIVED,42a93489-283f-4ded-9c4a-b7fff872bb84,75795dbf-0dab-4327-aa97-cc3f122c9310,c5,DROP,688,i8,?,
1769749129.5195303,SENT,42a93489-283f-4ded-9c4a-b7fff872bb84,75795dbf-0dab-4327-aa97-cc3f122c9310,c5,DROP,443,?,e3,
1769749129.5195677,FORWARDED,42a93489-283f-4ded-9c4a-b7fff872bb84,75795dbf-0dab-4327-aa97-cc3f122c9310,c5,DROP,443,?,e3,
1769749129.6697845,RECEIVED,861de9d9-8352-45cd-b002-879a32b5d5f5,4bff763e-faa8-4250-aff8-1650f8fbc797,c5,DROP,682,i5,?,
1769749129.8708053,RECEIVED,473fb5ac-ed07-4df4-acd2-1e4b7bc32401,54938815-a62e-4a3b-81c2-809933eecca5,c2,DROP,684,i1,?,
1769749130.258304,RECEIVED,501183c9-a1ba-4382-8d52-dd8453fec56b,1ec74d1f-6337-4421-9e57-a472d3e6f88b,c4,c1,1311,i7,?,
1769749130.2768986,RECEIVED,cfdfeed8-efcb-413f-a9b9-06181fdbf018,e1c2f34c-665f-4005-a4aa-6016f4c76980,c3,None,1131,i3,?,
1769749130.2849495,SENT,a2f555fc-e47a-467b-81f5-3dab2f44c632,702c8051-7e53-44ac-a52a-0917e77690e3,c1,None,772,?,p1,
1769749130.2849884,FORWARDED,a2f555fc-e47a-467b-81f5-3dab2f44c632,702c8051-7e53-44ac-a52a-0917e77690e3,c1,None,772,?,p1,
1769749130.4074585,RECEIVED,30bd385b-2834-4593-95a6-57133c9da6f5,f1a5fb33-1199-4012-9a40-634b4943c37b,c3,DROP,682,i8,?,
1769749130.4742517,RECEIVED,0195183d-38fe-43df-a49c-ebecfe835c94,e2d46154-a0c0-44a9-af23-6ebc9f8ca030,c3,DROP,687,i4,?,
1769749130.5172675,RECEIVED,4e634da2-b87d-46a5-a8cf-84a94f0c6fb5,e103d022-f0ef-4a37-87c1-e131d88238ef,c4,DROP,687,i9,?,
1769749130.545568,RECEIVED,7081d3f9-90db-4add-89a8-3d67dbd1d699,b0bf5363-e7b6-4c83-848d-c4c79d063676,c3,DROP,683,i9,?,
1769749130.566154,RECEIVED,d77a2ae9-4057-4d45-9b23-a00a0ca6f7f7,20a723ca-31b5-4027-ada8-6503d28e082a,c2,DROP,693,i12,?,
1769749130.5712795,SENT,0195183d-38fe-43df-a49c-ebecfe835c94,e2d46154-a0c0-44a9-af23-6ebc9f8ca030,c3,DROP,442,?,x1,
1769749130.571318,FORWARDED,0195183d-38fe-43df-a49c-ebecfe835c94,e2d46154-a0c0-44a9-af23-6ebc9f8ca030,c3,DROP,442,?,x1,
1769749130.601747,FORWARDED,d77a2ae9-4057-4d45-9b23-a00a0ca6f7f7,20a723ca-31b5-4027-ada8-6503d28e082a,c2,DROP,445,?,i10,
1769749130.7788177,RECEIVED,f17aab3f-c568-42e5-bccf-0cb9c41160f4,ed4fcd2f-0580-4639-a3e0-795f966520c4,c1,DROP,441,x2,?,
1769749130.7975206,SENT,4e634da2-b87d-46a5-a8cf-84a94f0c6fb5,e103d022-f0ef-4a37-87c1-e131d88238ef,c4,DROP,444,?,i1,
1769749130.7975616,FORWARDED,4e634da2-b87d-46a5-a8cf-84a94f0c6fb5,e103d022-f0ef-4a37-87c1-e131d88238ef,c4,DROP,444,?,i1,
1769749130.9940908,SENT,cfdfeed8-efcb-413f-a9b9-06181fdbf018,e1c2f34c-665f-4005-a4aa-6016f4c76980,c3,None,775,?,p2,
1769749130.9941328,FORWARDED,cfdfeed8-efcb-413f-a9b9-06181fdbf018,e1c2f34c-665f-4005-a4aa-6016f4c76980,c3,None,775,?,p2,
1769749130.9975946,RECEIVED,002bead2-d0f2-4037-a913-c5ecb42b7591,98c58f1f-d780-48b0-a0ae-c00a5424891d,c3,c2,1259,i9,?,
1769749131.005774,SENT,861de9d9-8352-45cd-b002-879a32b5d5f5,4bff763e-faa8-4250-aff8-1650f8fbc797,c5,DROP,439,?,e11,
1769749131.0058184,FORWARDED,861de9d9-8352-45cd-b002-879a32b5d5f5,4bff763e-faa8-4250-aff8-1650f8fbc797,c5,DROP,439,?,e11,
1769749131.172515,SENT,7081d3f9-90db-4add-89a8-3d67dbd1d699,b0bf5363-e7b6-4c83-848d-c4c79d063676,c3,DROP,440,?,e2,
1769749131.172566,FORWARDED,7081d3f9-90db-4add-89a8-3d67dbd1d699,b0bf5363-e7b6-4c83-848d-c4c79d063676,c3,DROP,440,?,e2,
1769749131.2899532,FORWARDED,473fb5ac-ed07-4df4-acd2-1e4b7bc32401,54938815-a62e-4a3b-81c2-809933eecca5,c2,DROP,441,?,i11,
1769749131.3529572,SENT,30bd385b-2834-4593-95a6-57133c9da6f5,f1a5fb33-1199-4012-9a40-634b4943c37b,c3,DROP,441,?,i2,
1769749131.353001,FORWARDED,30bd385b-2834-4593-95a6-57133c9da6f5,f1a5fb33-1199-4012-9a40-634b4943c37b,c3,DROP,441,?,i2,
1769749131.3712816,SENT,002bead2-d0f2-4037-a913-c5ecb42b7591,98c58f1f-d780-48b0-a0ae-c00a5424891d,c3,c2,871,?,p2,
1769749131.3713236,FORWARDED,002bead2-d0f2-4037-a913-c5ecb42b7591,98c58f1f-d780-48b0-a0ae-c00a5424891d,c3,c2,871,?,p2,
1769749131.4004757,RECEIVED,c39aed22-2fc1-47e9-82ca-10833a7e8d3f,2e3e6dcf-200c-47ab-a4f4-d434b58bbf6a,c5,DROP,689,i9,?,
1769749131.546248,RECEIVED,0411f74e-971e-46d0-be2f-0129517ae8a7,34d0e345-ffd3-4b3d-92b6-9ad3c5e7aff4,c3,c2,1311,i8,?,
1769749131.5538237,SENT,501183c9-a1ba-4382-8d52-dd8453fec56b,1ec74d1f-6337-4421-9e57-a472d3e6f88b,c4,c1,912,?,p1,
1769749131.5538619,FORWARDED,501183c9-a1ba-4382-8d52-dd8453fec56b,1ec74d1f-6337-4421-9e57-a472d3e6f88b,c4,c1,912,?,p1,
1769749131.573118,RECEIVED,6031261c-a8eb-47b1-9909-a550ce4f8804,8ffe386d-df22-48fa-b9f7-4b0e8961e528,c3,DROP,441,x7,?,
1769749131.6749969,RECEIVED,7139da45-048e-4e3f-be9a-0c6f17fcdd1b,4fc6ef82-4a9c-4a14-bf38-16022fc6e8ef,c4,DROP,684,i9,?,
1769749131.698236,SENT,c39aed22-2fc1-47e9-82ca-10833a7e8d3f,2e3e6dcf-200c-47ab-a4f4-d434b58bbf6a,c5,DROP,442,?,i12,
1769749131.6982753,FORWARDED,c39aed22-2fc1-47e9-82ca-10833a7e8d3f,2e3e6dcf-200c-47ab-a4f4-d434b58bbf6a,c5,DROP,442,?,i12,
1769749131.723036,RECEIVED,6d6507f1-a76f-4c4e-86dc-d96c129cb487,7b2a500e-c3a1-42b1-9ec8-54c9bbd124a1,c2,DROP,684,i12,?,
1769749131.7706597,RECEIVED,246a3c6a-ab4d-4207-90ba-98d74bc6c9d1,96cb83df-103c-4b07-8c5e-2d2c80673dcb,c3,DROP,678,i4,?,
1769749131.8612337,SENT,7139da45-048e-4e3f-be9a-0c6f17fcdd1b,4fc6ef82-4a9c-4a14-bf38-16022fc6e8ef,c4,DROP,441,?,e5,
1769749131.8612754,FORWARDED,7139da45-048e-4e3f-be9a-0c6f17fcdd1b,4fc6ef82-4a9c-4a14-bf38-16022fc6e8ef,c4,DROP,441,?,e5,
1769749131.9263575,SENT,6d6507f1-a76f-4c4e-86dc-d96c129cb487,7b2a500e-c3a1-42b1-9ec8-54c9bbd124a1,c2,DROP,441,?,i8,
1769749131.9263995,FORWARDED,6d6507f1-a76f-4c4e-86dc-d96c129cb487,7b2a500e-c3a1-42b1-9ec8-54c9bbd124a1,c2,DROP,441,?,i8,
1769749132.0400848,RECEIVED,8a2954b2-a807-467e-a85b-8fd2be475c8b,5316cee7-1563-4a82-bf18-8a54f1b390ed,c2,DROP,689,i3,?,
1769749132.2242498,SENT,246a3c6a-ab4d-4207-90ba-98d74bc6c9d1,96cb83df-103c-4b07-8c5e-2d2c80673dcb,c3,DROP,437,?,e8,
1769749132.2242906,FORWARDED,246a3c6a-ab4d-4207-90ba-98d74bc6c9d1,96cb83df-103c-4b07-8c5e-2d2c80673dcb,c3,DROP,437,?,e8,
1769749132.3785121,FORWARDED,8a2954b2-a807-467e-a85b-8fd2be475c8b,5316cee7-1563-4a82-bf18-8a54f1b390ed,c2,DROP,442,?,i11,
1769749132.4133897,RECEIVED,38cabfe3-90bc-4278-ab1b-9fda1840973b,378f41fd-442a-4f7c-b107-3ea279356a8e,c4,DROP,441,x5,?,
1769749132.4722514,SENT,0411f74e-971e-46d0-be2f-0129517ae8a7,34d0e345-ffd3-4b3d-92b6-9ad3c5e7aff4,c3,c2,912,?,p2,
1769749132.472291,FORWARDED,0411f74e-971e-46d0-be2f-0129517ae8a7,34d0e345-ffd3-4b3d-92b6-9ad3c5e7aff4,c3,c2,912,?,p2,
1769749132.674528,RECEIVED,e1aca69d-54bf-4f61-be6e-19c959b2bc09,5a8585e3-2230-48ef-99f9-e0554aabbe55,c1,DROP,443,x2,?,
1769749133.058291,RECEIVED,aa50086d-be9b-4cfd-87f5-22d2b2f3e89e,95bbccd0-78d5-4227-a848-11fefaf067ed,c4,DROP,442,x1,?,
1769749133.2571812,RECEIVED,e4897984-c048-4820-8c24-1a35914fd32f,d44f7ce7-8ff2-4a09-898c-e0d1e64e72ab,c5,DROP,684,i4,?,
1769749133.5453618,RECEIVED,11a29d00-5a8e-4450-a76b-68eea6672453,42910906-4378-4506-9bb8-73d675d42b49,c1,DROP,443,x1,?,
1769749133.6710553,SENT,e4897984-c048-4820-8c24-1a35914fd32f,d44f7ce7-8ff2-4a09-898c-e0d1e64e72ab,c5,DROP,441,?,x12,
1769749133.671759,FORWARDED,e4897984-c048-4820-8c24-1a35914fd32f,d44f7ce7-8ff2-4a09-898c-e0d1e64e72ab,c5,DROP,441,?,x12,
1769749133.7139618,RECEIVED,e5118cb8-c14f-40dd-93b5-7168fbdc6720,f4bdb4b2-55ef-4857-9e1c-14c227647ab1,c2,c3,1251,i6,?,
1769749133.7188845,RECEIVED,2aa839cc-c489-4c22-9b0c-8d90f34f6bcc,eb2bf7cd-488c-46ce-b73f-5fab14aa13d5,c5,DROP,688,i12,?,
1769749133.8375766,SENT,2aa839cc-c489-4c22-9b0c-8d90f34f6bcc,eb2bf7cd-488c-46ce-b73f-5fab14aa13d5,c5,DROP,442,?,i2,
1769749133.8376133,FORWARDED,2aa839cc-c489-4c22-9b0c-8d90f34f6bcc,eb2bf7cd-488c-46ce-b73f-5fab14aa13d5,c5,DROP,442,?,i2,
1769749133.9997294,RECEIVED,a1efb51b-1aa5-4f22-92e3-c3fa471f4a35,57442c35-af60-438c-a2b9-82b089005934,c4,DROP,686,i9,?,
1769749134.1510367,SENT,e5118cb8-c14f-40dd-93b5-7168fbdc6720,f4bdb4b2-55ef-4857-9e1c-14c227647ab1,c2,c3,867,?,p3,
1769749134.1510837,FORWARDED,e5118cb8-c14f-40dd-93b5-7168fbdc6720,f4bdb4b2-55ef-4857-9e1c-14c227647ab1,c2,c3,867,?,p3,
1769749134.2490375,RECEIVED,669bb423-ca00-40a5-ac46-d0c656fa47d9,2e49cc15-6dff-43c0-b1dd-905bb4f00f3d,c1,DROP,684,i7,?,
1769749134.4299958,RECEIVED,2b7cc671-0b8c-40dc-a659-dbc637457c35,10a06eed-6fc6-4237-81dd-817eaeaf0e06,c3,None,1128,i3,?,
1769749134.518721,RECEIVED,87a7d8ed-81d5-4f97-b33b-2b2f7bd8dfca,55dd554e-53c6-46b0-9883-18bda8773334,c3,None,1135,i12,?,
1769749134.5284765,RECEIVED,962e8e14-950e-4ca8-bd03-121b25a235b1,b7ab8c1e-9c0b-4b63-9486-089a5582ccc7,c3,None,1131,i6,?,
1769749134.5752854,RECEIVED,6b3f56ea-cb6e-454a-80ec-2e50715ec0f6,c48552f1-6f56-42b5-85c8-cb411db77b9f,c3,DROP,684,i5,?,
1769749134.7023401,SENT,669bb423-ca00-40a5-ac46-d0c656fa47d9,2e49cc15-6dff-43c0-b1dd-905bb4f00f3d,c1,DROP,439,?,i3,
1769749134.7023818,FORWARDED,669bb423-ca00-40a5-ac46-d0c656fa47d9,2e49cc15-6dff-43c0-b1dd-905bb4f00f3d,c1,DROP,439,?,i3,
1769749134.7220852,RECEIVED,c65b571a-8f44-4920-a49c-1ca5323b2227,0d8e8439-16bb-4fd2-9a67-87deba0ca164,c4,DROP,684,i7,?,
1769749134.7743387,RECEIVED,b15ead96-b6ba-4587-9749-6db16c2d5aaa,d7f9277c-0994-483e-bee7-713d9994c74e,c1,c5,1316,i12,?,
1769749134.8790038,SENT,2b7cc671-0b8c-40dc-a659-dbc637457c35,10a06eed-6fc6-4237-81dd-817eaeaf0e06,c3,None,772,?,p2,
1769749134.8790572,FORWARDED,2b7cc671-0b8c-40dc-a659-dbc637457c35,10a06eed-6fc6-4237-81dd-817eaeaf0e06,c3,None,772,?,p2,
1769749134.890334,SENT,6b3f56ea-cb6e-454a-80ec-2e50715ec0f6,c48552f1-6f56-42b5-85c8-cb411db77b9f,c3,DROP,441,?,x3,
1769749134.8903728,FORWARDED,6b3f56ea-cb6e-454a-80ec-2e50715ec0f6,c48552f1-6f56-42b5-85c8-cb411db77b9f,c3,DROP,441,?,x3,
1769749134.9386294,RECEIVED,376db73c-c7ee-4f11-9cf5-1ef09db787dd,1e36240f-752e-4f58-842a-c68fcb454376,c1,None,1131,i4,?,
1769749134.9596362,SENT,c65b571a-8f44-4920-a49c-1ca5323b2227,0d8e8439-16bb-4fd2-9a67-87deba0ca164,c4,DROP,440,?,x3,
1769749134.9596767,FORWARDED,c65b571a-8f44-4920-a49c-1ca5323b2227,0d8e8439-16bb-4fd2-9a67-87deba0ca164,c4,DROP,440,?,x3,
1769749134.9975886,SENT,962e8e14-950e-4ca8-bd03-121b25a235b1,b7ab8c1e-9c0b-4b63-9486-089a5582ccc7,c3,None,776,?,p2,
1769749134.9976313,FORWARDED,962e8e14-950e-4ca8-bd03-121b25a235b1,b7ab8c1e-9c0b-4b63-9486-089a5582ccc7,c3,None,776,?,p2,
1769749135.0415516,RECEIVED,cb7a4eb2-a4f6-4dba-a08c-f2814e94fc38,1cb5feb4-e5fb-4d3f-9fe1-e0056844b94a,c2,c3,1260,i5,?,
1769749135.0602102,SENT,b15ead96-b6ba-4587-9749-6db16c2d5aaa,d7f9277c-0994-483e-bee7-713d9994c74e,c1,c5,915,?,p2,
1769749135.0602603,FORWARDED,b15ead96-b6ba-4587-9749-6db16c2d5aaa,d7f9277c-0994-483e-bee7-713d9994c74e,c1,c5,915,?,p2,
1769749135.174852,SENT,a1efb51b-1aa5-4f22-92e3-c3fa471f4a35,57442c35-af60-438c-a2b9-82b089005934,c4,DROP,442,?,x1,
1769749135.1748912,FORWARDED,a1efb51b-1aa5-4f22-92e3-c3fa471f4a35,57442c35-af60-438c-a2b9-82b089005934,c4,DROP,442,?,x1,
1769749135.2050214,SENT,cb7a4eb2-a4f6-4dba-a08c-f2814e94fc38,1cb5feb4-e5fb-4d3f-9fe1-e0056844b94a,c2,c3,871,?,p3,
1769749135.205075,FORWARDED,cb7a4eb2-a4f6-4dba-a08c-f2814e94fc38,1cb5feb4-e5fb-4d3f-9fe1-e0056844b94a,c2,c3,871,?,p3,
1769749135.2298315,RECEIVED,a26a787c-8238-4db4-ae19-9014abe13604,d263353e-4a96-4a74-9e0a-72ac3affdf97,c5,DROP,442,x2,?,
1769749135.2693834,SENT,376db73c-c7ee-4f11-9cf5-1ef09db787dd,1e36240f-752e-4f58-842a-c68fcb454376,c1,None,776,?,p1,
1769749135.2694256,FORWARDED,376db73c-c7ee-4f11-9cf5-1ef09db787dd,1e36240f-752e-4f58-842a-c68fcb454376,c1,None,776,?,p1,
1769749135.4466937,SENT,87a7d8ed-81d5-4f97-b33b-2b2f7bd8dfca,55dd554e-53c6-46b0-9883-18bda8773334,c3,None,780,?,p2,
1769749135.4470532,FORWARDED,87a7d8ed-81d5-4f97-b33b-2b2f7bd8dfca,55dd554e-53c6-46b0-9883-18bda8773334,c3,None,780,?,p2,
1769749135.6668825,RECEIVED,7099fb99-e857-459e-a135-244c0f4487aa,f8ebb949-114e-4b71-88d4-3e7adb038dee,c5,c3,1253,i12,?,
1769749135.6695354,RECEIVED,994ba845-c157-4946-a472-acf0283d0058,17357194-0212-4c82-945d-f8f549c1615c,c2,DROP,679,i4,?,
1769749135.7000098,SENT,7099fb99-e857-459e-a135-244c0f4487aa,f8ebb949-114e-4b71-88d4-3e7adb038dee,c5,c3,867,?,p3,
1769749135.700061,FORWARDED,7099fb99-e857-459e-a135-244c0f4487aa,f8ebb949-114e-4b71-88d4-3e7adb038dee,c5,c3,867,?,p3,
1769749135.773755,RECEIVED,3940632f-f1f3-462a-9bcb-f0956909d4bc,9d5454c7-4703-453c-870f-1aa66d225a46,c5,DROP,684,i7,?,
1769749135.8461392,SENT,3940632f-f1f3-462a-9bcb-f0956909d4bc,9d5454c7-4703-453c-870f-1aa66d225a46,c5,DROP,441,?,e7,
1769749135.8461776,FORWARDED,3940632f-f1f3-462a-9bcb-f0956909d4bc,9d5454c7-4703-453c-870f-1aa66d225a46,c5,DROP,441,?,e7,
1769749135.88326,RECEIVED,7efdfcdf-e148-414f-9bd3-0eadfc74f865,5ed2f237-9a01-4d34-89c2-4cd719fc9a9b,c3,DROP,684,i6,?,
1769749135.9737961,RECEIVED,08e3188c-72ef-44b8-bace-e2cb7c64058b,c5847086-892a-4077-a41e-9023ee980a6d,c1,DROP,688,i7,?,
1769749136.0310926,RECEIVED,0b2675bf-1eb5-4737-9c45-7467c2788588,7b43a529-bedd-4b1f-a810-1d2bf09a23d1,c2,DROP,441,x10,?,
1769749136.0903027,SENT,08e3188c-72ef-44b8-bace-e2cb7c64058b,c5847086-892a-4077-a41e-9023ee980a6d,c1,DROP,442,?,e9,
1769749136.0903437,FORWARDED,08e3188c-72ef-44b8-bace-e2cb7c64058b,c5847086-892a-4077-a41e-9023ee980a6d,c1,DROP,442,?,e9,
1769749136.1552253,RECEIVED,f37e275c-9c7a-4e43-87f8-5d878565b396,487efb94-2e07-44ef-96a9-05a02e943185,c3,c2,1313,i8,?,
1769749136.1595752,RECEIVED,63ccc1da-f14a-4549-bda1-105d9e8957ac,a1498e8e-2e78-4e74-a9cf-f7c4e8658881,c1,DROP,686,i8,?,
1769749136.172783,SENT,7efdfcdf-e148-414f-9bd3-0eadfc74f865,5ed2f237-9a01-4d34-89c2-4cd719fc9a9b,c3,DROP,440,?,e7,
1769749136.1728196,FORWARDED,7efdfcdf-e148-414f-9bd3-0eadfc74f865,5ed2f237-9a01-4d34-89c2-4cd719fc9a9b,c3,DROP,440,?,e7,
1769749136.1826594,SENT,f37e275c-9c7a-4e43-87f8-5d878565b396,487efb94-2e07-44ef-96a9-05a02e943185,c3,c2,911,?,p2,
1769749136.1827,FORWARDED,f37e275c-9c7a-4e43-87f8-5d878565b396,487efb94-2e07-44ef-96a9-05a02e943185,c3,c2,911,?,p2,
1769749136.2257016,RECEIVED,a0f1b42a-ff67-455b-bbb1-054fd38e9200,02986296-2de9-4c45-96a2-2f6edcf13ea4,c3,None,1132,i6,?,
1769749136.3423357,SENT,a0f1b42a-ff67-455b-bbb1-054fd38e9200,02986296-2de9-4c45-96a2-2f6edcf13ea4,c3,None,775,?,p2,
1769749136.3423777,FORWARDED,a0f1b42a-ff67-455b-bbb1-054fd38e9200,02986296-2de9-4c45-96a2-2f6edcf13ea4,c3,None,775,?,p2,
1769749136.343627,RECEIVED,d41a10aa-ed87-472f-983a-40cd5a227efe,9d29daca-2cda-4a53-b62d-89c97c21af10,c1,c5,1251,i8,?,
1769749136.418808,RECEIVED,4bccfad2-b32d-4ff6-a779-178b1e9ac0c2,92e8860e-df37-4c78-b4ac-cb6f06189665,c2,DROP,687,i2,?,
1769749136.4706,RECEIVED,a0c571f7-d879-48bc-afe9-3cabd858dc3a,70426cb6-5956-4eb1-95a0-dbf32cc3fc5c,c1,DROP,687,i6,?,
1769749136.4975758,SENT,994ba845-c157-4946-a472-acf0283d0058,17357194-0212-4c82-945d-f8f549c1615c,c2,DROP,437,?,i8,
1769749136.4976134,FORWARDED,994ba845-c157-4946-a472-acf0283d0058,17357194-0212-4c82-945d-f8f549c1615c,c2,DROP,437,?,i8,
1769749136.602678,SENT,4bccfad2-b32d-4ff6-a779-178b1e9ac0c2,92e8860e-df37-4c78-b4ac-cb6f06189665,c2,DROP,442,?,i6,
1769749136.6027265,FORWARDED,4bccfad2-b32d-4ff6-a779-178b1e9ac0c2,92e8860e-df37-4c78-b4ac-cb6f06189665,c2,DROP,442,?,i6,
1769749136.6241558,RECEIVED,7eb8c252-8ea4-4f26-9382-e69a675bfac4,db555651-23de-4bb4-9441-51ac5a7bbbe8,c1,DROP,688,i5,?,
1769749136.6506588,RECEIVED,c4417c34-c3b8-4e5c-8794-2b5c11d69963,4fa76f0d-1035-4ce0-842a-96434fd549bb,c4,c1,1312,i7,?,
1769749136.7327518,RECEIVED,99e3e15a-7419-47f5-b117-2059baf13304,f0f11124-60d2-48d3-9a72-08ea28441adc,c4,c1,1255,i6,?,
1769749136.7727773,SENT,63ccc1da-f14a-4549-bda1-105d9e8957ac,a1498e8e-2e78-4e74-a9cf-f7c4e8658881,c1,DROP,442,?,e8,
1769749136.7728128,FORWARDED,63ccc1da-f14a-4549-bda1-105d9e8957ac,a1498e8e-2e78-4e74-a9cf-f7c4e8658881,c1,DROP,442,?,e8,
1769749136.7796726,RECEIVED,44684213-7c24-4ab6-97e3-194788dc3db6,12b103c3-5f62-4e72-8a8f-1741fbca0d56,c5,DROP,687,i4,?,
1769749136.8135388,RECEIVED,68b03cf8-dba0-4e2e-9ac8-7c9891e8d6b2,2193d5f2-a09b-4393-a584-01d3f3f2156e,c1,DROP,679,i8,?,
1769749136.8765764,SENT,44684213-7c24-4ab6-97e3-194788dc3db6,12b103c3-5f62-4e72-8a8f-1741fbca0d56,c5,DROP,441,?,e12,
1769749136.87662,FORWARDED,44684213-7c24-4ab6-97e3-194788dc3db6,12b103c3-5f62-4e72-8a8f-1741fbca0d56,c5,DROP,441,?,e12,
1769749136.8985903,RECEIVED,c25e2f24-286c-4cb3-b3da-fb38e1570b75,b5f204d1-6b27-4522-acf9-34d972957cde,c1,c5,1246,i2,?,
1769749137.022652,SENT,7eb8c252-8ea4-4f26-9382-e69a675bfac4,db555651-23de-4bb4-9441-51ac5a7bbbe8,c1,DROP,442,?,e8,
1769749137.0226927,FORWARDED,7eb8c252-8ea4-4f26-9382-e69a675bfac4,db555651-23de-4bb4-9441-51ac5a7bbbe8,c1,DROP,442,?,e8,
1769749137.0587163,RECEIVED,05b886cb-b01d-433f-a567-456d3ae88daf,208432fb-ee71-4bb9-8b49-8b3f92dcdac9,c3,None,1123,i4,?,
1769749137.0749388,SENT,c4417c34-c3b8-4e5c-8794-2b5c11d69963,4fa76f0d-1035-4ce0-842a-96434fd549bb,c4,c1,911,?,p1,
1769749137.0749786,FORWARDED,c4417c34-c3b8-4e5c-8794-2b5c11d69963,4fa76f0d-1035-4ce0-842a-96434fd549bb,c4,c1,911,?,p1,
1769749137.1189773,RECEIVED,64c01edf-e615-455e-be1c-b757a4a5b8e3,f055ca1c-ca97-42b9-a81a-d3457978987f,c2,DROP,689,i5,?,
1769749137.2407663,SENT,d41a10aa-ed87-472f-983a-40cd5a227efe,9d29daca-2cda-4a53-b62d-89c97c21af10,c1,c5,867,?,p2,
1769749137.2408006,FORWARDED,d41a10aa-ed87-472f-983a-40cd5a227efe,9d29daca-2cda-4a53-b62d-89c97c21af10,c1,c5,867,?,p2,
1769749137.4387982,RECEIVED,82accaee-e43e-4dcd-a8a0-1a72a265ba23,e7814343-b397-4fc7-bbb3-f8f70a877a9b,c4,DROP,444,x7,?,
1769749137.4805665,SENT,64c01edf-e615-455e-be1c-b757a4a5b8e3,f055ca1c-ca97-42b9-a81a-d3457978987f,c2,DROP,443,?,e11,
1769749137.4806094,FORWARDED,64c01edf-e615-455e-be1c-b757a4a5b8e3,f055ca1c-ca97-42b9-a81a-d3457978987f,c2,DROP,443,?,e11,
1769749137.4870148,RECEIVED,60788db7-e423-4f9b-9f03-0fb3df8ee9c3,be9ffe15-00d8-427d-9e6a-4ba48d5d0b27,c5,DROP,684,i7,?,
1769749137.4920855,SENT,68b03cf8-dba0-4e2e-9ac8-7c9891e8d6b2,2193d5f2-a09b-4393-a584-01d3f3f2156e,c1,DROP,437,?,e5,
1769749137.4921339,FORWARDED,68b03cf8-dba0-4e2e-9ac8-7c9891e8d6b2,2193d5f2-a09b-4393-a584-01d3f3f2156e,c1,DROP,437,?,e5,
1769749137.5202804,RECEIVED,721d5efd-60ad-4039-9702-05c7e38363ce,08a0efbc-7d40-4571-b69f-6a837c55de7b,c3,c2,1311,i9,?,
1769749137.5424712,SENT,05b886cb-b01d-433f-a567-456d3ae88daf,208432fb-ee71-4bb9-8b49-8b3f92dcdac9,c3,None,771,?,p2,
1769749137.5426948,FORWARDED,05b886cb-b01d-433f-a567-456d3ae88daf,208432fb-ee71-4bb9-8b49-8b3f92dcdac9,c3,None,771,?,p2,
1769749137.5755086,SENT,a0c571f7-d879-48bc-afe9-3cabd858dc3a,70426cb6-5956-4eb1-95a0-dbf32cc3fc5c,c1,DROP,442,?,e4,
1769749137.5755546,FORWARDED,a0c571f7-d879-48bc-afe9-3cabd858dc3a,70426cb6-5956-4eb1-95a0-dbf32cc3fc5c,c1,DROP,442,?,e4,
1769749137.6072347,SENT,60788db7-e423-4f9b-9f03-0fb3df8ee9c3,be9ffe15-00d8-427d-9e6a-4ba48d5d0b27,c5,DROP,441,?,x7,
1769749137.607291,FORWARDED,60788db7-e423-4f9b-9f03-0fb3df8ee9c3,be9ffe15-00d8-427d-9e6a-4ba48d5d0b27,c5,DROP,441,?,x7,
1769749137.6960614,SENT,99e3e15a-7419-47f5-b117-2059baf13304,f0f11124-60d2-48d3-9a72-08ea28441adc,c4,c1,868,?,p1,
1769749137.696105,FORWARDED,99e3e15a-7419-47f5-b117-2059baf13304,f0f11124-60d2-48d3-9a72-08ea28441adc,c4,c1,868,?,p1,
1769749137.7467306,RECEIVED,f8266388-9ff4-4b50-9a56-e6f7abba3828,6d0459da-7964-4b74-8cc7-5b85fc3780d8,c4,DROP,685,i8,?,
1769749137.7635868,RECEIVED,603dc30c-f51d-464e-be76-b3b88a4315ba,4829cc33-7624-46f2-ac50-c69672745a5d,c1,c5,1320,i12,?,
1769749137.8031733,SENT,f8266388-9ff4-4b50-9a56-e6f7abba3828,6d0459da-7964-4b74-8cc7-5b85fc3780d8,c4,DROP,441,?,e4,
1769749137.8032153,FORWARDED,f8266388-9ff4-4b50-9a56-e6f7abba3828,6d0459da-7964-4b74-8cc7-5b85fc3780d8,c4,DROP,441,?,e4,
1769749137.971985,RECEIVED,e6e25d89-6b2c-476a-a983-7b62f1ce1809,da08787d-24ad-496d-9cc5-f12899b324c6,c2,DROP,685,i8,?,
1769749137.9793835,SENT,721d5efd-60ad-4039-9702-05c7e38363ce,08a0efbc-7d40-4571-b69f-6a837c55de7b,c3,c2,911,?,p2,
1769749137.9794261,FORWARDED,721d5efd-60ad-4039-9702-05c7e38363ce,08a0efbc-7d40-4571-b69f-6a837c55de7b,c3,c2,911,?,p2,
1769749137.9895277,SENT,e6e25d89-6b2c-476a-a983-7b62f1ce1809,da08787d-24ad-496d-9cc5-f12899b324c6,c2,DROP,440,?,e4,
1769749137.9895718,FORWARDED,e6e25d89-6b2c-476a-a983-7b62f1ce1809,da08787d-24ad-496d-9cc5-f12899b324c6,c2,DROP,440,?,e4,
1769749138.0179796,RECEIVED,6145c80e-fb98-47c7-9680-36c1a0d723ef,beed7391-0fcd-46da-bc17-4e1c7eab2b3f,c2,DROP,684,i5,?,
1769749138.1071131,SENT,603dc30c-f51d-464e-be76-b3b88a4315ba,4829cc33-7624-46f2-ac50-c69672745a5d,c1,c5,916,?,p2,
1769749138.1071508,FORWARDED,603dc30c-f51d-464e-be76-b3b88a4315ba,4829cc33-7624-46f2-ac50-c69672745a5d,c1,c5,916,?,p2,
1769749138.116685,RECEIVED,f8b68c98-d23a-443b-a3a0-55844d0129b8,c32232ab-5f79-4ec8-8588-fd6a66c98b4d,c1,None,1124,i2,?,
1769749138.2192354,RECEIVED,92629006-bf39-4b38-898c-3bd26012bba6,de9fea37-81b3-4786-b7d4-0f2cf007f091,c2,DROP,689,i5,?,
1769749138.2598362,SENT,6145c80e-fb98-47c7-9680-36c1a0d723ef,beed7391-0fcd-46da-bc17-4e1c7eab2b3f,c2,DROP,441,?,i6,
1769749138.2598777,FORWARDED,6145c80e-fb98-47c7-9680-36c1a0d723ef,beed7391-0fcd-46da-bc17-4e1c7eab2b3f,c2,DROP,441,?,i6,
1769749138.2656171,RECEIVED,ec8f54a8-8f60-4557-8a6f-7eb9e126915a,5bfacf8c-5190-407f-8d56-d35ce9f789a1,c3,c2,1255,i1,?,
1769749138.3314817,SENT,92629006-bf39-4b38-898c-3bd26012bba6,de9fea37-81b3-4786-b7d4-0f2cf007f091,c2,DROP,442,?,x10,
1769749138.3315275,FORWARDED,92629006-bf39-4b38-898c-3bd26012bba6,de9fea37-81b3-4786-b7d4-0f2cf007f091,c2,DROP,442,?,x10,
1769749138.3469543,RECEIVED,d1127167-1db8-45c3-a3cc-5d1013b8024f,40a39e65-a68f-42e3-b85d-44d6735b3592,c2,c3,1312,i6,?,
1769749138.3557222,RECEIVED,c0b2f96f-c8d5-4857-acc3-43dfa6522b1d,75cad8de-c928-4488-8423-dde7d15a23ed,c4,c1,1259,i5,?,
1769749138.3574965,SENT,c25e2f24-286c-4cb3-b3da-fb38e1570b75,b5f204d1-6b27-4522-acf9-34d972957cde,c1,c5,863,?,p2,
1769749138.3575366,FORWARDED,c25e2f24-286c-4cb3-b3da-fb38e1570b75,b5f204d1-6b27-4522-acf9-34d972957cde,c1,c5,863,?,p2,
1769749138.3752115,RECEIVED,9966e212-8b05-43f1-935e-46240cdbf270,6999722d-4ffd-4abc-a43f-2c444acb9866,c4,DROP,687,i1,?,
1769749138.4121246,SENT,f8b68c98-d23a-443b-a3a0-55844d0129b8,c32232ab-5f79-4ec8-8588-fd6a66c98b4d,c1,None,771,?,p1,
1769749138.4121673,FORWARDED,f8b68c98-d23a-443b-a3a0-55844d0129b8,c32232ab-5f79-4ec8-8588-fd6a66c98b4d,c1,None,771,?,p1,
1769749138.4614,SENT,d1127167-1db8-45c3-a3cc-5d1013b8024f,40a39e65-a68f-42e3-b85d-44d6735b3592,c2,c3,911,?,p3,
1769749138.461442,FORWARDED,d1127167-1db8-45c3-a3cc-5d1013b8024f,40a39e65-a68f-42e3-b85d-44d6735b3592,c2,c3,911,?,p3,
1769749138.4793851,RECEIVED,4fb64621-a0f9-4887-96a9-b07b83e792a9,df062ecc-6dab-4c9f-b846-f8931afa9c0f,c5,c3,1253,i8,?,
1769749138.568144,RECEIVED,df4a52bf-2285-41fe-853c-2073a40ca497,c1823dab-fe23-4b2d-a4c7-31bc9e7e93aa,c3,None,1131,i6,?,
1769749138.6502004,RECEIVED,80bbcf75-35dd-4a0d-874a-87dd757677a6,16d03824-fcd3-4e60-a3de-35cc6884f5b8,c2,c3,1259,i1,?,
1769749138.694179,RECEIVED,f69ba33c-89e5-4957-91ea-e4674d56cfb0,0f809bc1-1877-4457-bc76-8623b096e613,c3,None,1128,i7,?,
1769749138.792196,SENT,f69ba33c-89e5-4957-91ea-e4674d56cfb0,0f809bc1-1877-4457-bc76-8623b096e613,c3,None,772,?,p2,
1769749138.7922404,FORWARDED,f69ba33c-89e5-4957-91ea-e4674d56cfb0,0f809bc1-1877-4457-bc76-8623b096e613,c3,None,772,?,p2,
1769749138.7985213,SENT,9966e212-8b05-43f1-935e-46240cdbf270,6999722d-4ffd-4abc-a43f-2c444acb9866,c4,DROP,442,?,i2,
1769749138.7985609,FORWARDED,9966e212-8b05-43f1-935e-46240cdbf270,6999722d-4ffd-4abc-a43f-2c444acb9866,c4,DROP,442,?,i2,
1769749138.902412,SENT,df4a52bf-2285-41fe-853c-2073a40ca497,c1823dab-fe23-4b2d-a4c7-31bc9e7e93aa,c3,None,775,?,p2,
1769749138.9024515,FORWARDED,df4a52bf-2285-41fe-853c-2073a40ca497,c1823dab-fe23-4b2d-a4c7-31bc9e7e93aa,c3,None,775,?,p2,
1769749138.962607,SENT,c0b2f96f-c8d5-4857-acc3-43dfa6522b1d,75cad8de-c928-4488-8423-dde7d15a23ed,c4,c1,872,?,p1,
1769749138.9626493,FORWARDED,c0b2f96f-c8d5-4857-acc3-43dfa6522b1d,75cad8de-c928-4488-8423-dde7d15a23ed,c4,c1,872,?,p1,
1769749139.2689888,SENT,80bbcf75-35dd-4a0d-874a-87dd757677a6,16d03824-fcd3-4e60-a3de-35cc6884f5b8,c2,c3,871,?,p3,
1769749139.2690284,FORWARDED,80bbcf75-35dd-4a0d-874a-87dd757677a6,16d03824-fcd3-4e60-a3de-35cc6884f5b8,c2,c3,871,?,p3,
1769749139.2847111,SENT,ec8f54a8-8f60-4557-8a6f-7eb9e126915a,5bfacf8c-5190-407f-8d56-d35ce9f789a1,c3,c2,868,?,p2,
1769749139.284752,FORWARDED,ec8f54a8-8f60-4557-8a6f-7eb9e126915a,5bfacf8c-5190-407f-8d56-d35ce9f789a1,c3,c2,868,?,p2,
1769749139.46359,RECEIVED,c8540780-3890-4c9a-95f6-ff23f476195f,ed29f985-1249-45b5-b0bd-35f34f27ce0b,c4,DROP,686,i9,?,
1769749139.5287523,RECEIVED,74f3b4c2-f7d3-4172-8320-2fb21280f6c6,690e73a1-bc4d-4321-b5bb-a554a4f50194,c1,DROP,442,x3,?,
1769749139.662202,SENT,4fb64621-a0f9-4887-96a9-b07b83e792a9,df062ecc-6dab-4c9f-b846-f8931afa9c0f,c5,c3,868,?,p3,
1769749139.662243,FORWARDED,4fb64621-a0f9-4887-96a9-b07b83e792a9,df062ecc-6dab-4c9f-b846-f8931afa9c0f,c5,c3,868,?,p3,
1769749139.9114418,RECEIVED,be94c23d-985c-41b7-9c08-c9b6e3021bf4,140abef6-0c0b-45dc-b5f6-6ca65fd494f1,c3,None,1129,i6,?,
1769749139.9425666,RECEIVED,92b75c2d-e0c4-4839-a5ee-a69a61ef3353,7da05edb-383a-40b0-aca8-e96e35f103d3,c4,c1,1316,i7,?,
1769749139.9895375,SENT,be94c23d-985c-41b7-9c08-c9b6e3021bf4,140abef6-0c0b-45dc-b5f6-6ca65fd494f1,c3,None,772,?,p2,
1769749139.9895818,FORWARDED,be94c23d-985c-41b7-9c08-c9b6e3021bf4,140abef6-0c0b-45dc-b5f6-6ca65fd494f1,c3,None,772,?,p2,
1769749140.1811857,SENT,92b75c2d-e0c4-4839-a5ee-a69a61ef3353,7da05edb-383a-40b0-aca8-e96e35f103d3,c4,c1,913,?,p1,
1769749140.1812274,FORWARDED,92b75c2d-e0c4-4839-a5ee-a69a61ef3353,7da05edb-383a-40b0-aca8-e96e35f103d3,c4,c1,913,?,p1,
1769749140.254097,SENT,c8540780-3890-4c9a-95f6-ff23f476195f,ed29f985-1249-45b5-b0bd-35f34f27ce0b,c4,DROP,442,?,e7,
1769749140.254139,FORWARDED,c8540780-3890-4c9a-95f6-ff23f476195f,ed29f985-1249-45b5-b0bd-35f34f27ce0b,c4,DROP,442,?,e7,
1769749140.296291,RECEIVED,4e8ed35c-1df5-4764-a66c-3ba200657a41,284e03a8-4721-4435-8490-30b93309208e,c1,None,1123,i2,?,
1769749140.5198932,RECEIVED,241f0fa4-185f-400c-a694-ebf5951cd718,6f4e79f0-ec29-482a-ab20-e2d7d7a8699c,c4,DROP,442,x6,?,
1769749140.563004,RECEIVED,469af3b4-0b0d-4221-ba6a-f491407c3ad1,af63a8c5-2ff1-4491-8b56-0d8d9bd57604,c3,DROP,689,i3,?,
1769749140.6209142,SENT,469af3b4-0b0d-4221-ba6a-f491407c3ad1,af63a8c5-2ff1-4491-8b56-0d8d9bd57604,c3,DROP,442,?,e6,
1769749140.6209552,FORWARDED,469af3b4-0b0d-4221-ba6a-f491407c3ad1,af63a8c5-2ff1-4491-8b56-0d8d9bd57604,c3,DROP,442,?,e6,
1769749140.7825441,RECEIVED,da6b724e-54da-4b19-9630-a842441c6733,0f60c8d3-918a-4d06-8d28-70bbce848965,c4,DROP,440,x11,?,
1769749140.972377,RECEIVED,00259037-3ae7-4d61-a236-16314d138f0a,45fdd043-9e50-42b7-97e4-174f1649162c,c3,c2,1267,i4,?,
1769749141.34076,RECEIVED,dc78e0f1-699b-4286-9e39-c9a842085772,cfd5e11a-ffb7-4f06-b283-6fa0ac6a2d3a,c2,None,1126,i7,?,
1769749141.504554,RECEIVED,f22914ef-f04d-48de-8fea-4555606b7d91,e6011632-0f72-427a-9809-527e2a977821,c3,None,1127,i2,?,
1769749141.6076908,SENT,dc78e0f1-699b-4286-9e39-c9a842085772,cfd5e11a-ffb7-4f06-b283-6fa0ac6a2d3a,c2,None,773,?,p3,
1769749141.6077309,FORWARDED,dc78e0f1-699b-4286-9e39-c9a842085772,cfd5e11a-ffb7-4f06-b283-6fa0ac6a2d3a,c2,None,773,?,p3,
1769749141.6511695,SENT,00259037-3ae7-4d61-a236-16314d138f0a,45fdd043-9e50-42b7-97e4-174f1649162c,c3,c2,877,?,p2,
1769749141.6512117,FORWARDED,00259037-3ae7-4d61-a236-16314d138f0a,45fdd043-9e50-42b7-97e4-174f1649162c,c3,c2,877,?,p2,
1769749141.7252872,RECEIVED,5c08bfb8-5904-4e89-b252-c44b53736371,c9428fae-95d4-41de-871d-9515186f809e,c3,None,1123,i7,?,
1769749141.7377486,RECEIVED,34ceb9db-0652-4d58-b782-5d7451791d85,845fc716-3f41-4ac7-9743-b66ec927124c,c3,c2,1256,i8,?,
1769749141.7889087,SENT,f22914ef-f04d-48de-8fea-4555606b7d91,e6011632-0f72-427a-9809-527e2a977821,c3,None,772,?,p2,
1769749141.7889469,FORWARDED,f22914ef-f04d-48de-8fea-4555606b7d91,e6011632-0f72-427a-9809-527e2a977821,c3,None,772,?,p2,
1769749141.8048131,RECEIVED,45eff0e4-6a23-4830-8810-f4b9200610ad,5bd214ae-aa15-481f-ac31-043e57b5ed42,c5,c3,1311,i12,?,
1769749141.8097706,SENT,4e8ed35c-1df5-4764-a66c-3ba200657a41,284e03a8-4721-4435-8490-30b93309208e,c1,None,771,?,p1,
1769749141.809811,FORWARDED,4e8ed35c-1df5-4764-a66c-3ba200657a41,284e03a8-4721-4435-8490-30b93309208e,c1,None,771,?,p1,
1769749141.818871,RECEIVED,402b975d-b5df-46c2-9333-b00d0c7ac25c,77c19d14-f70f-4391-8474-22904b43cca5,c1,DROP,442,x12,?,
1769749141.8723693,RECEIVED,1becfee7-d777-47e3-8775-53a4e81a4371,c40fcef8-f0b7-4dd8-ab71-89b96df263b5,c1,c5,1315,i8,?,
1769749141.9096725,RECEIVED,7e8ba278-8620-4dd4-ae10-37405e03ea99,29f4fe05-4c02-473d-8656-aab59c60a8f1,c3,DROP,442,x7,?,
1769749141.9349413,RECEIVED,16fa77ee-3838-419f-b78c-de89afe5a5a6,9e2f96c5-ef05-4c5d-be2a-066bf4bba829,c1,DROP,441,x6,?,
1769749141.953996,RECEIVED,c1bdf861-423c-40a7-87ca-251c0e9b000d,baf3d9c7-141c-4b64-aefd-25b00e5d2d40,c3,None,1137,i12,?,
1769749142.014186,SENT,c1bdf861-423c-40a7-87ca-251c0e9b000d,baf3d9c7-141c-4b64-aefd-25b00e5d2d40,c3,None,779,?,p2,
1769749142.0142286,FORWARDED,c1bdf861-423c-40a7-87ca-251c0e9b000d,baf3d9c7-141c-4b64-aefd-25b00e5d2d40,c3,None,779,?,p2,
1769749142.0326,SENT,34ceb9db-0652-4d58-b782-5d7451791d85,845fc716-3f41-4ac7-9743-b66ec927124c,c3,c2,868,?,p2,
1769749142.032641,FORWARDED,34ceb9db-0652-4d58-b782-5d7451791d85,845fc716-3f41-4ac7-9743-b66ec927124c,c3,c2,868,?,p2,
1769749142.0505645,SENT,1becfee7-d777-47e3-8775-53a4e81a4371,c40fcef8-f0b7-4dd8-ab71-89b96df263b5,c1,c5,913,?,p2,
1769749142.0506032,FORWARDED,1becfee7-d777-47e3-8775-53a4e81a4371,c40fcef8-f0b7-4dd8-ab71-89b96df263b5,c1,c5,913,?,p2,
1769749142.1284199,SENT,5c08bfb8-5904-4e89-b252-c44b53736371,c9428fae-95d4-41de-871d-9515186f809e,c3,None,771,?,p2,
1769749142.1284626,FORWARDED,5c08bfb8-5904-4e89-b252-c44b53736371,c9428fae-95d4-41de-871d-9515186f809e,c3,None,771,?,p2,
1769749142.1918411,RECEIVED,3b7172e7-89d9-4267-9b1a-b9d90adce43f,cd9f2fb8-2d7a-4707-9038-f3fd261b8631,c2,None,1123,i7,?,
1769749142.2162108,RECEIVED,fc2775cd-d28b-43a2-a9e4-93a9cd087fb2,fba28c61-3f8d-4b09-a3bd-a0cfaae7779d,c3,c2,1252,i4,?,
1769749142.3035269,SENT,fc2775cd-d28b-43a2-a9e4-93a9cd087fb2,fba28c61-3f8d-4b09-a3bd-a0cfaae7779d,c3,c2,867,?,p2,
1769749142.3035688,FORWARDED,fc2775cd-d28b-43a2-a9e4-93a9cd087fb2,fba28c61-3f8d-4b09-a3bd-a0cfaae7779d,c3,c2,867,?,p2,
1769749142.305487,RECEIVED,51232faa-1b4b-4341-b2e9-5de8bc2f3567,9581c392-148e-4693-a531-bd319230fd2e,c2,DROP,688,i4,?,
1769749142.5811083,RECEIVED,ef88fb4c-8397-4fde-9667-24f7a1f83ab0,c589c45e-ae80-4ba1-ba9f-265b90113c40,c2,DROP,685,i5,?,
1769749142.5853968,RECEIVED,2223722b-9490-4696-aa51-6c53861175b7,d607c4da-5436-4be6-ad1b-c2e9717313d5,c4,c1,1311,i5,?,
1769749142.6063874,RECEIVED,cbadacd5-f5e4-4bf6-a570-0d06c1f69d06,7b22488e-33fb-418f-8d1c-f83217aa4833,c3,DROP,441,x11,?,
1769749142.6508574,RECEIVED,88ef5fb0-493a-4a53-ac30-658fb2e31a73,519a8db1-c8e4-43b5-8eee-4fcb94a6e88b,c5,c3,1260,i12,?,
1769749142.671887,SENT,ef88fb4c-8397-4fde-9667-24f7a1f83ab0,c589c45e-ae80-4ba1-ba9f-265b90113c40,c2,DROP,441,?,e12,
1769749142.671927,FORWARDED,ef88fb4c-8397-4fde-9667-24f7a1f83ab0,c589c45e-ae80-4ba1-ba9f-265b90113c40,c2,DROP,441,?,e12,
1769749142.732935,SENT,3b7172e7-89d9-4267-9b1a-b9d90adce43f,cd9f2fb8-2d7a-4707-9038-f3fd261b8631,c2,None,771,?,p3,
1769749142.7329786,FORWARDED,3b7172e7-89d9-4267-9b1a-b9d90adce43f,cd9f2fb8-2d7a-4707-9038-f3fd261b8631,c2,None,771,?,p3,
1769749142.7565606,SENT,88ef5fb0-493a-4a53-ac30-658fb2e31a73,519a8db1-c8e4-43b5-8eee-4fcb94a6e88b,c5,c3,871,?,p3,
1769749142.7566001,FORWARDED,88ef5fb0-493a-4a53-ac30-658fb2e31a73,519a8db1-c8e4-43b5-8eee-4fcb94a6e88b,c5,c3,871,?,p3,
1769749142.7885864,RECEIVED,25fc60e0-db5b-4b16-ab98-35c8d6f88e37,888e7931-147e-4df2-9a1f-5c9f042e2d11,c5,c3,1312,i8,?,
1769749142.795357,SENT,51232faa-1b4b-4341-b2e9-5de8bc2f3567,9581c392-148e-4693-a531-bd319230fd2e,c2,DROP,442,?,e2,
1769749142.7954526,FORWARDED,51232faa-1b4b-4341-b2e9-5de8bc2f3567,9581c392-148e-4693-a531-bd319230fd2e,c2,DROP,442,?,e2,
1769749142.8125358,RECEIVED,7c4b7fb3-f8e9-45c2-9d2f-21e3368a773a,8ed59294-30df-46f0-a79e-ba1ebcab85ec,c1,c5,1306,i2,?,
1769749142.9220362,SENT,25fc60e0-db5b-4b16-ab98-35c8d6f88e37,888e7931-147e-4df2-9a1f-5c9f042e2d11,c5,c3,912,?,p3,
1769749142.9220817,FORWARDED,25fc60e0-db5b-4b16-ab98-35c8d6f88e37,888e7931-147e-4df2-9a1f-5c9f042e2d11,c5,c3,912,?,p3,
1769749142.9238062,RECEIVED,aa539dd3-fec1-4d3a-b1a5-ed6c6d4ac3e4,c813e20e-b519-458e-afe3-e3a240b1e1ae,c1,DROP,688,i7,?,
1769749142.9614425,SENT,7c4b7fb3-f8e9-45c2-9d2f-21e3368a773a,8ed59294-30df-46f0-a79e-ba1ebcab85ec,c1,c5,907,?,p2,
1769749142.9614813,FORWARDED,7c4b7fb3-f8e9-45c2-9d2f-21e3368a773a,8ed59294-30df-46f0-a79e-ba1ebcab85ec,c1,c5,907,?,p2,
1769749142.9748147,SENT,aa539dd3-fec1-4d3a-b1a5-ed6c6d4ac3e4,c813e20e-b519-458e-afe3-e3a240b1e1ae,c1,DROP,442,?,i9,
1769749142.9748578,FORWARDED,aa539dd3-fec1-4d3a-b1a5-ed6c6d4ac3e4,c813e20e-b519-458e-afe3-e3a240b1e1ae,c1,DROP,442,?,i9,
1769749143.182196,SENT,2223722b-9490-4696-aa51-6c53861175b7,d607c4da-5436-4be6-ad1b-c2e9717313d5,c4,c1,912,?,p1,
1769749143.1822305,FORWARDED,2223722b-9490-4696-aa51-6c53861175b7,d607c4da-5436-4be6-ad1b-c2e9717313d5,c4,c1,912,?,p1,
1769749143.621876,RECEIVED,8297df57-0a06-4158-b2bf-7a7393743812,516f1151-95ef-4135-8b92-b9a20a27cf5a,c3,c2,1312,i1,?,
1769749143.8236463,RECEIVED,bdf7672c-9f46-4a6d-bfef-209975eca81e,4f7a2a1a-83ba-4dcb-9c25-51c41becbb18,c5,None,1124,i4,?,
1769749143.8465023,RECEIVED,6ce5d32d-8ef5-4324-bb18-1eb4b0011cdf,5d2502cb-8804-4f5d-b66a-bac3491ff4b2,c1,None,1123,i2,?,
1769749143.8669267,RECEIVED,a7acb822-52e1-4c9e-9e27-c1976a7f77a3,a6b00643-8ca3-4f5e-94ab-0dc580e2a86d,c1,None,1128,i2,?,
1769749143.9144557,RECEIVED,91e3a17f-a780-49b2-8e88-b188f4d75003,e55c2341-0cf7-4d31-ae90-21691613d9d0,c2,DROP,442,x5,?,
1769749143.9716556,SENT,8297df57-0a06-4158-b2bf-7a7393743812,516f1151-95ef-4135-8b92-b9a20a27cf5a,c3,c2,912,?,p2,
1769749143.9716976,FORWARDED,8297df57-0a06-4158-b2bf-7a7393743812,516f1151-95ef-4135-8b92-b9a20a27cf5a,c3,c2,912,?,p2,
1769749143.9884748,RECEIVED,843e1b77-7780-4946-8892-da87c5681559,4f74ca9d-9eb1-453c-8a79-264871a095bc,c2,None,1124,i8,?,
1769749144.0477302,RECEIVED,76bb2cd2-10d7-4742-90e5-6e996e9016f3,426a2191-3abf-4c5b-a93e-46951debe279,c4,DROP,688,i2,?,
1769749144.1146615,SENT,a7acb822-52e1-4c9e-9e27-c1976a7f77a3,a6b00643-8ca3-4f5e-94ab-0dc580e2a86d,c1,None,772,?,p1,
1769749144.1147003,FORWARDED,a7acb822-52e1-4c9e-9e27-c1976a7f77a3,a6b00643-8ca3-4f5e-94ab-0dc580e2a86d,c1,None,772,?,p1,
1769749144.1193814,SENT,bdf7672c-9f46-4a6d-bfef-209975eca81e,4f7a2a1a-83ba-4dcb-9c25-51c41becbb18,c5,None,769,?,p1,
1769749144.1194222,FORWARDED,bdf7672c-9f46-4a6d-bfef-209975eca81e,4f7a2a1a-83ba-4dcb-9c25-51c41becbb18,c5,None,769,?,p1,
1769749144.2219238,RECEIVED,813bccc2-ec11-43ac-8667-09c3bcc3cbdb,6fbcd40e-a2fe-4044-8b4c-c190dc4d8b23,c3,DROP,684,i12,?,
1769749144.2614741,SENT,843e1b77-7780-4946-8892-da87c5681559,4f74ca9d-9eb1-453c-8a79-264871a095bc,c2,None,771,?,p3,
1769749144.261519,FORWARDED,843e1b77-7780-4946-8892-da87c5681559,4f74ca9d-9eb1-453c-8a79-264871a095bc,c2,None,771,?,p3,
1769749144.2746255,RECEIVED,1214de77-65fa-46ea-ba08-afd82ee4b23b,41629b5a-569e-447d-a7a6-503c94dc3cca,c1,DROP,684,i2,?,
1769749144.2825344,SENT,813bccc2-ec11-43ac-8667-09c3bcc3cbdb,6fbcd40e-a2fe-4044-8b4c-c190dc4d8b23,c3,DROP,441,?,e1,
1769749144.2825751,FORWARDED,813bccc2-ec11-43ac-8667-09c3bcc3cbdb,6fbcd40e-a2fe-4044-8b4c-c190dc4d8b23,c3,DROP,441,?,e1,
1769749144.2941964,RECEIVED,099e030f-e0e7-45fd-852b-c8b02454d60a,61a06794-3b2a-4c7a-9079-527bfd9e39e8,c1,c5,1323,i12,?,
1769749144.3579757,SENT,1214de77-65fa-46ea-ba08-afd82ee4b23b,41629b5a-569e-447d-a7a6-503c94dc3cca,c1,DROP,441,?,x5,
1769749144.358021,FORWARDED,1214de77-65fa-46ea-ba08-afd82ee4b23b,41629b5a-569e-447d-a7a6-503c94dc3cca,c1,DROP,441,?,x5,
1769749144.3962383,SENT,45eff0e4-6a23-4830-8810-f4b9200610ad,5bd214ae-aa15-481f-ac31-043e57b5ed42,c5,c3,911,?,p3,
1769749144.396494,FORWARDED,45eff0e4-6a23-4830-8810-f4b9200610ad,5bd214ae-aa15-481f-ac31-043e57b5ed42,c5,c3,911,?,p3,
1769749144.6063025,RECEIVED,2c92505d-2361-42d6-b4b7-6ffee02fe138,d9f7f541-f75f-4e85-8174-0a7354c3cf17,c2,c3,1252,i2,?,
1769749144.7044423,SENT,2c92505d-2361-42d6-b4b7-6ffee02fe138,d9f7f541-f75f-4e85-8174-0a7354c3cf17,c2,c3,867,?,p3,
1769749144.7044837,FORWARDED,2c92505d-2361-42d6-b4b7-6ffee02fe138,d9f7f541-f75f-4e85-8174-0a7354c3cf17,c2,c3,867,?,p3,
1769749144.7488217,RECEIVED,60675dc6-5cea-4aa8-b088-a729be971794,4a699245-0175-4c9b-9fa3-219a2b675e69,c5,DROP,687,i5,?,
1769749144.754254,SENT,099e030f-e0e7-45fd-852b-c8b02454d60a,61a06794-3b2a-4c7a-9079-527bfd9e39e8,c1,c5,919,?,p2,
1769749144.7543335,FORWARDED,099e030f-e0e7-45fd-852b-c8b02454d60a,61a06794-3b2a-4c7a-9079-527bfd9e39e8,c1,c5,919,?,p2,
1769749144.8533273,RECEIVED,fe06adda-1766-4d27-8231-f028040a0070,2ba56ce0-5ae6-4c7b-b6ca-9fdd67bb7bc7,c2,DROP,685,i8,?,
1769749144.8797057,SENT,76bb2cd2-10d7-4742-90e5-6e996e9016f3,426a2191-3abf-4c5b-a93e-46951debe279,c4,DROP,442,?,e10,
1769749144.8797474,FORWARDED,76bb2cd2-10d7-4742-90e5-6e996e9016f3,426a2191-3abf-4c5b-a93e-46951debe279,c4,DROP,442,?,e10,
1769749144.9079242,RECEIVED,a7b8c956-5b2f-42c0-a6e2-aefc63aa50fc,b7fa0b4e-fc69-47a3-962a-0fd858f117ae,c4,DROP,684,i7,?,
1769749144.9178233,SENT,fe06adda-1766-4d27-8231-f028040a0070,2ba56ce0-5ae6-4c7b-b6ca-9fdd67bb7bc7,c2,DROP,439,?,i7,
1769749144.9178658,FORWARDED,fe06adda-1766-4d27-8231-f028040a0070,2ba56ce0-5ae6-4c7b-b6ca-9fdd67bb7bc7,c2,DROP,439,?,i7,
1769749144.9263775,RECEIVED,c7acb600-3c71-4a4a-af9b-27856b217c90,108fe1a9-c6b6-4d6b-9117-33df3697e95e,c5,DROP,692,i2,?,
1769749144.9836833,SENT,6ce5d32d-8ef5-4324-bb18-1eb4b0011cdf,5d2502cb-8804-4f5d-b66a-bac3491ff4b2,c1,None,770,?,p1,
1769749144.983726,FORWARDED,6ce5d32d-8ef5-4324-bb18-1eb4b0011cdf,5d2502cb-8804-4f5d-b66a-bac3491ff4b2,c1,None,770,?,p1,
1769749145.0027723,SENT,a7b8c956-5b2f-42c0-a6e2-aefc63aa50fc,b7fa0b4e-fc69-47a3-962a-0fd858f117ae,c4,DROP,441,?,x11,
1769749145.002813,FORWARDED,a7b8c956-5b2f-42c0-a6e2-aefc63aa50fc,b7fa0b4e-fc69-47a3-962a-0fd858f117ae,c4,DROP,441,?,x11,
1769749145.1089563,SENT,60675dc6-5cea-4aa8-b088-a729be971794,4a699245-0175-4c9b-9fa3-219a2b675e69,c5,DROP,442,?,i8,
1769749145.1089962,FORWARDED,60675dc6-5cea-4aa8-b088-a729be971794,4a699245-0175-4c9b-9fa3-219a2b675e69,c5,DROP,442,?,i8,
1769749145.1211233,SENT,c7acb600-3c71-4a4a-af9b-27856b217c90,108fe1a9-c6b6-4d6b-9117-33df3697e95e,c5,DROP,445,?,x4,
1769749145.121161,FORWARDED,c7acb600-3c71-4a4a-af9b-27856b217c90,108fe1a9-c6b6-4d6b-9117-33df3697e95e,c5,DROP,445,?,x4,
1769749145.313115,RECEIVED,b0cccdbb-3470-4c00-8893-a4aeea7eda0d,3edb1aa8-0373-4fc2-8b42-d5342f66c603,c3,None,1131,i6,?,
1769749145.316021,RECEIVED,41faf772-cc2e-4d66-8f84-d62e48d33278,aa1991c8-29d1-4986-854c-c24d08e7087c,c1,DROP,687,i5,?,
1769749145.6713727,RECEIVED,1237eab7-6e47-4d3a-baa8-4c0b06c8b238,97df2491-6854-4be9-8269-3d30959067cb,c1,c5,1252,i1,?,
1769749145.7193432,SENT,b0cccdbb-3470-4c00-8893-a4aeea7eda0d,3edb1aa8-0373-4fc2-8b42-d5342f66c603,c3,None,775,?,p2,
1769749145.7193844,FORWARDED,b0cccdbb-3470-4c00-8893-a4aeea7eda0d,3edb1aa8-0373-4fc2-8b42-d5342f66c603,c3,None,775,?,p2,
1769749145.7872608,RECEIVED,47b44cca-750f-4098-9196-b74755977549,d3f3d41c-6e0b-44d3-9171-a493ec12572b,c2,c3,1256,i4,?,
1769749145.865421,RECEIVED,cd42dcdd-3742-43fb-a599-3468e28b5e9e,22f4e835-e53f-47b4-9687-f8b36812750b,c4,c1,1259,i1,?,
1769749145.9938734,RECEIVED,4869c649-5fd5-4c65-ba46-5ba2beb1b1b4,4f8fb6de-da4b-40ef-a17b-85636a37fd5b,c2,DROP,688,i2,?,
1769749146.0205696,RECEIVED,fe4b0bec-b96d-453d-af09-100cc4a20924,b1a317c2-579a-463d-b4a7-44933ef15698,c2,None,1128,i7,?,
1769749146.0208929,SENT,47b44cca-750f-4098-9196-b74755977549,d3f3d41c-6e0b-44d3-9171-a493ec12572b,c2,c3,869,?,p3,
1769749146.0209336,FORWARDED,47b44cca-750f-4098-9196-b74755977549,d3f3d41c-6e0b-44d3-9171-a493ec12572b,c2,c3,869,?,p3,
1769749146.0730107,SENT,1237eab7-6e47-4d3a-baa8-4c0b06c8b238,97df2491-6854-4be9-8269-3d30959067cb,c1,c5,867,?,p2,
1769749146.073057,FORWARDED,1237eab7-6e47-4d3a-baa8-4c0b06c8b238,97df2491-6854-4be9-8269-3d30959067cb,c1,c5,867,?,p2,
1769749146.1513388,SENT,fe4b0bec-b96d-453d-af09-100cc4a20924,b1a317c2-579a-463d-b4a7-44933ef15698,c2,None,772,?,p3,
1769749146.1513827,FORWARDED,fe4b0bec-b96d-453d-af09-100cc4a20924,b1a317c2-579a-463d-b4a7-44933ef15698,c2,None,772,?,p3,
1769749146.1971884,SENT,4869c649-5fd5-4c65-ba46-5ba2beb1b1b4,4f8fb6de-da4b-40ef-a17b-85636a37fd5b,c2,DROP,444,?,e2,
1769749146.1972282,FORWARDED,4869c649-5fd5-4c65-ba46-5ba2beb1b1b4,4f8fb6de-da4b-40ef-a17b-85636a37fd5b,c2,DROP,444,?,e2,
1769749146.2365375,SENT,cd42dcdd-3742-43fb-a599-3468e28b5e9e,22f4e835-e53f-47b4-9687-f8b36812750b,c4,c1,872,?,p1,
1769749146.2365866,FORWARDED,cd42dcdd-3742-43fb-a599-3468e28b5e9e,22f4e835-e53f-47b4-9687-f8b36812750b,c4,c1,872,?,p1,
1769749146.2493432,RECEIVED,eb4f1543-f393-4903-aeb2-83d69668bc74,f8a32cea-d183-4196-8775-d3fdb326bbb0,c1,DROP,687,i6,?,
1769749146.2543888,RECEIVED,8a29b256-7aac-4871-96a8-8b25fcc322af,6d112d9c-c0b7-4463-99d6-49a7a26afd17,c3,None,1129,i3,?,
1769749146.2720406,RECEIVED,5889ea41-5e64-491c-8a46-2ff3f6bec51e,fe81b6bb-bbbf-4f98-a7d0-deb83ffe3ba1,c3,c2,1325,i4,?,
1769749146.3386958,SENT,8a29b256-7aac-4871-96a8-8b25fcc322af,6d112d9c-c0b7-4463-99d6-49a7a26afd17,c3,None,772,?,p2,
1769749146.3387387,FORWARDED,8a29b256-7aac-4871-96a8-8b25fcc322af,6d112d9c-c0b7-4463-99d6-49a7a26afd17,c3,None,772,?,p2,
1769749146.342461,SENT,5889ea41-5e64-491c-8a46-2ff3f6bec51e,fe81b6bb-bbbf-4f98-a7d0-deb83ffe3ba1,c3,c2,920,?,p2,
1769749146.3424995,FORWARDED,5889ea41-5e64-491c-8a46-2ff3f6bec51e,fe81b6bb-bbbf-4f98-a7d0-deb83ffe3ba1,c3,c2,920,?,p2,
1769749146.4736824,RECEIVED,4212b8b1-e2da-4357-8d8f-ca3c13d8eb8e,0e01f543-6bfa-4c8f-8f6c-31cdd09699f0,c1,DROP,442,x10,?,
1769749146.5725682,RECEIVED,86069061-8f3d-4e00-8148-cee112bd6726,3097ec8c-a82f-46f8-9df3-faa5756ff10d,c3,None,1124,i2,?,
1769749146.5937378,SENT,eb4f1543-f393-4903-aeb2-83d69668bc74,f8a32cea-d183-4196-8775-d3fdb326bbb0,c1,DROP,444,?,x6,
1769749146.5937946,FORWARDED,eb4f1543-f393-4903-aeb2-83d69668bc74,f8a32cea-d183-4196-8775-d3fdb326bbb0,c1,DROP,444,?,x6,
1769749146.6163123,SENT,41faf772-cc2e-4d66-8f84-d62e48d33278,aa1991c8-29d1-4986-854c-c24d08e7087c,c1,DROP,442,?,x5,
1769749146.6163478,FORWARDED,41faf772-cc2e-4d66-8f84-d62e48d33278,aa1991c8-29d1-4986-854c-c24d08e7087c,c1,DROP,442,?,x5,
1769749146.689734,RECEIVED,ff54c6b0-3e84-4a8d-ac4e-c8b5cf772b5b,5a7b1dba-4960-471f-99d2-dab8ffb425a8,c5,c3,1262,i8,?,
1769749146.6923242,RECEIVED,e809103c-0bc9-4824-bb15-68dc6a372032,1052c8f6-1200-4648-b4ac-67411e7b688c,c1,DROP,685,i3,?,
1769749146.7481222,SENT,e809103c-0bc9-4824-bb15-68dc6a372032,1052c8f6-1200-4648-b4ac-67411e7b688c,c1,DROP,440,?,e1,
1769749146.7481592,FORWARDED,e809103c-0bc9-4824-bb15-68dc6a372032,1052c8f6-1200-4648-b4ac-67411e7b688c,c1,DROP,440,?,e1,
1769749146.8418217,RECEIVED,c17dccea-d3b2-4683-809f-3191f33417fe,cbc241b2-17ed-499d-aca1-d1e123f59dab,c3,DROP,689,i7,?,
1769749146.8679786,RECEIVED,5ebe34ca-6bab-40a9-a2c6-78edd00623ff,f49fe754-6813-40ab-ab72-18ba7ccb6df2,c5,c3,1310,i12,?,
1769749146.9665027,SENT,86069061-8f3d-4e00-8148-cee112bd6726,3097ec8c-a82f-46f8-9df3-faa5756ff10d,c3,None,770,?,p2,
1769749146.9665506,FORWARDED,86069061-8f3d-4e00-8148-cee112bd6726,3097ec8c-a82f-46f8-9df3-faa5756ff10d,c3,None,770,?,p2,
1769749147.0138478,RECEIVED,97cd85e5-b326-44c0-997b-ae16f475a0ed,c532f453-87f2-45ba-a767-59df603a55af,c1,DROP,688,i12,?,
1769749147.2904763,RECEIVED,7824b077-d01b-48fb-b237-47b8845df238,3341a4e6-db6d-495f-9f99-12dd2bfd6f26,c2,DROP,680,i1,?,
1769749147.3237636,RECEIVED,fd9ac478-cc70-4e07-b03d-a80f0daa250e,ae625fb2-419e-45d0-83e7-3ac3483b76b9,c4,DROP,441,x7,?,
1769749147.3282084,SENT,c17dccea-d3b2-4683-809f-3191f33417fe,cbc241b2-17ed-499d-aca1-d1e123f59dab,c3,DROP,442,?,x12,
1769749147.3282442,FORWARDED,c17dccea-d3b2-4683-809f-3191f33417fe,cbc241b2-17ed-499d-aca1-d1e123f59dab,c3,DROP,442,?,x12,
1769749147.337243,SENT,7824b077-d01b-48fb-b237-47b8845df238,3341a4e6-db6d-495f-9f99-12dd2bfd6f26,c2,DROP,438,?,e5,
1769749147.3372846,FORWARDED,7824b077-d01b-48fb-b237-47b8845df238,3341a4e6-db6d-495f-9f99-12dd2bfd6f26,c2,DROP,438,?,e5,
1769749147.3974876,SENT,ff54c6b0-3e84-4a8d-ac4e-c8b5cf772b5b,5a7b1dba-4960-471f-99d2-dab8ffb425a8,c5,c3,876,?,p3,
1769749147.397525,FORWARDED,ff54c6b0-3e84-4a8d-ac4e-c8b5cf772b5b,5a7b1dba-4960-471f-99d2-dab8ffb425a8,c5,c3,876,?,p3,
1769749147.4658804,SENT,97cd85e5-b326-44c0-997b-ae16f475a0ed,c532f453-87f2-45ba-a767-59df603a55af,c1,DROP,442,?,i5,
1769749147.4659176,FORWARDED,97cd85e5-b326-44c0-997b-ae16f475a0ed,c532f453-87f2-45ba-a767-59df603a55af,c1,DROP,442,?,i5,
1769749147.5304513,RECEIVED,0b38d249-eef8-4391-acf9-1bdd551e25cd,946a6dcd-cb16-4070-8491-9a5779a40587,c2,DROP,441,x9,?,
1769749147.5826328,SENT,5ebe34ca-6bab-40a9-a2c6-78edd00623ff,f49fe754-6813-40ab-ab72-18ba7ccb6df2,c5,c3,911,?,p3,
1769749147.5826788,FORWARDED,5ebe34ca-6bab-40a9-a2c6-78edd00623ff,f49fe754-6813-40ab-ab72-18ba7ccb6df2,c5,c3,911,?,p3,
1769749147.6022112,RECEIVED,a2c9b626-2458-40de-b2ee-69dc50961d6a,4c84b41e-6ee8-46be-8fe1-3c78e71a0e52,c4,DROP,689,i5,?,
1769749147.8107712,RECEIVED,f055cc6e-c1f0-4239-87b9-a726bdb50a08,e3e387ea-0b6a-44e0-b838-60686c87a76d,c4,DROP,683,i8,?,
1769749147.9049652,RECEIVED,383b4301-c58e-46f1-b8e4-25b813557bf1,a3979d10-7249-4974-9861-aa32151a694f,c3,DROP,441,x9,?,
1769749147.956353,RECEIVED,db0bc840-8902-4e37-aa88-dad23f088319,3ca62771-b219-47e7-9d10-fce6e0d5755d,c3,None,1127,i8,?,
1769749148.0050125,RECEIVED,fd7344a7-1e8a-49e5-bb60-502e0d53e54c,69c968ae-b212-4aed-b298-dc9b0274b83e,c3,None,1120,i2,?,
1769749148.0236816,RECEIVED,577a41c0-1fed-4433-aa5a-57c64e40e389,03125e3d-cb68-4380-865f-4d39e5be882e,c2,DROP,683,i1,?,
1769749148.0297995,FORWARDED,a2c9b626-2458-40de-b2ee-69dc50961d6a,4c84b41e-6ee8-46be-8fe1-3c78e71a0e52,c4,DROP,442,?,i10,
1769749148.0323176,RECEIVED,1674b676-c97e-4492-ac4c-59678b6f91fe,f2edc90e-e7b1-4ade-8603-f94dd9056733,c5,DROP,441,x5,?,
1769749148.0430532,RECEIVED,dbc4fe07-2e8f-4292-8785-3573a5e53ddf,1f0ed4cc-379b-4f13-9872-e516fd0d4f24,c5,c3,1252,i6,?,
1769749148.1571376,SENT,f055cc6e-c1f0-4239-87b9-a726bdb50a08,e3e387ea-0b6a-44e0-b838-60686c87a76d,c4,DROP,441,?,i4,
1769749148.1571794,FORWARDED,f055cc6e-c1f0-4239-87b9-a726bdb50a08,e3e387ea-0b6a-44e0-b838-60686c87a76d,c4,DROP,441,?,i4,
1769749148.1713464,SENT,dbc4fe07-2e8f-4292-8785-3573a5e53ddf,1f0ed4cc-379b-4f13-9872-e516fd0d4f24,c5,c3,867,?,p3,
1769749148.1713881,FORWARDED,dbc4fe07-2e8f-4292-8785-3573a5e53ddf,1f0ed4cc-379b-4f13-9872-e516fd0d4f24,c5,c3,867,?,p3,
1769749148.1742556,SENT,fd7344a7-1e8a-49e5-bb60-502e0d53e54c,69c968ae-b212-4aed-b298-dc9b0274b83e,c3,None,767,?,p2,
1769749148.1742969,FORWARDED,fd7344a7-1e8a-49e5-bb60-502e0d53e54c,69c968ae-b212-4aed-b298-dc9b0274b83e,c3,None,767,?,p2,
1769749148.233895,RECEIVED,6b1e8155-0216-4e80-bdb1-d4ad682c813d,bafeeaf9-fc25-4232-ae54-336cc532111c,c1,DROP,443,x9,?,
1769749148.3180697,RECEIVED,c66a1af2-c1a9-4d1e-b31b-758cdf597020,7057c8ab-247e-4d66-ae60-0d9ebe25960c,c1,DROP,441,x5,?,
1769749148.4068756,RECEIVED,1bc75594-9c8d-4193-8f31-c8ee3ace09d4,11c9e1b7-9f4f-495d-af50-50d59f8a94de,c3,c2,1260,i7,?,
1769749148.4534388,RECEIVED,48abec15-1e17-4b23-8687-4dce56854b48,d66c669b-84ed-40b8-a561-a04f688c0dce,c3,None,1123,i6,?,
1769749148.4621146,SENT,1bc75594-9c8d-4193-8f31-c8ee3ace09d4,11c9e1b7-9f4f-495d-af50-50d59f8a94de,c3,c2,872,?,p2,
1769749148.4621549,FORWARDED,1bc75594-9c8d-4193-8f31-c8ee3ace09d4,11c9e1b7-9f4f-495d-af50-50d59f8a94de,c3,c2,872,?,p2,
1769749148.4718306,RECEIVED,741c2f7f-5af0-4e94-a567-c5c202c2d4f8,fb09639e-f68e-45e4-9f04-f576860333f7,c1,DROP,679,i5,?,
1769749148.4760764,RECEIVED,9b6f907e-bf6d-4cc8-b354-484a2da529a0,d4e6e5e4-754a-4550-8371-d423bd0e4b7c,c1,DROP,683,i5,?,
1769749148.7875848,RECEIVED,c55b6e8c-b455-4ff3-bb66-4c7fa97e607a,b1284120-b2f4-410b-beee-97cf80667eaf,c4,DROP,680,i1,?,
1769749148.802337,RECEIVED,194ef7a9-2d5b-4b85-ba5e-f7eca02be115,3b504189-5882-46c8-bcb9-d34b51df46bf,c5,DROP,692,i12,?,
1769749148.8852441,SENT,c55b6e8c-b455-4ff3-bb66-4c7fa97e607a,b1284120-b2f4-410b-beee-97cf80667eaf,c4,DROP,437,?,e3,
1769749148.8852878,FORWARDED,c55b6e8c-b455-4ff3-bb66-4c7fa97e607a,b1284120-b2f4-410b-beee-97cf80667eaf,c4,DROP,437,?,e3,
1769749148.947957,SENT,db0bc840-8902-4e37-aa88-dad23f088319,3ca62771-b219-47e7-9d10-fce6e0d5755d,c3,None,772,?,p2,
1769749148.9480102,FORWARDED,db0bc840-8902-4e37-aa88-dad23f088319,3ca62771-b219-47e7-9d10-fce6e0d5755d,c3,None,772,?,p2,
1769749149.058309,SENT,577a41c0-1fed-4433-aa5a-57c64e40e389,03125e3d-cb68-4380-865f-4d39e5be882e,c2,DROP,441,?,x2,
1769749149.0583498,FORWARDED,577a41c0-1fed-4433-aa5a-57c64e40e389,03125e3d-cb68-4380-865f-4d39e5be882e,c2,DROP,441,?,x2,
1769749149.1238508,SENT,9b6f907e-bf6d-4cc8-b354-484a2da529a0,d4e6e5e4-754a-4550-8371-d423bd0e4b7c,c1,DROP,441,?,x3,
1769749149.1238892,FORWARDED,9b6f907e-bf6d-4cc8-b354-484a2da529a0,d4e6e5e4-754a-4550-8371-d423bd0e4b7c,c1,DROP,441,?,x3,
1769749149.1371615,RECEIVED,dcca534b-7967-4ec2-b010-a75c7c7ce3c4,025862a4-3204-4711-b45b-baf1f1e4f748,c4,c1,1259,i8,?,
1769749149.1888688,SENT,48abec15-1e17-4b23-8687-4dce56854b48,d66c669b-84ed-40b8-a561-a04f688c0dce,c3,None,770,?,p2,
1769749149.1889105,FORWARDED,48abec15-1e17-4b23-8687-4dce56854b48,d66c669b-84ed-40b8-a561-a04f688c0dce,c3,None,770,?,p2,
1769749149.3908055,RECEIVED,1abfeabf-eeed-439d-a84c-d72c65fbb272,41e317c8-7b1d-4375-80e0-bfd4367d5c13,c5,DROP,441,x10,?,
1769749149.6502736,RECEIVED,7d984d4c-8b1b-4016-871d-7b1f86f5bc96,2d2d9ea5-9c9a-49bd-a696-ad3daf06e405,c1,None,1127,i6,?,
1769749149.7028537,SENT,194ef7a9-2d5b-4b85-ba5e-f7eca02be115,3b504189-5882-46c8-bcb9-d34b51df46bf,c5,DROP,446,?,e12,
1769749149.702893,FORWARDED,194ef7a9-2d5b-4b85-ba5e-f7eca02be115,3b504189-5882-46c8-bcb9-d34b51df46bf,c5,DROP,446,?,e12,
1769749149.7354503,RECEIVED,b02e706f-adf6-48d0-946f-327e75c7231a,135e959a-53fe-4690-bce6-a37009813fcb,c3,None,1128,i9,?,
1769749149.8069427,SENT,b02e706f-adf6-48d0-946f-327e75c7231a,135e959a-53fe-4690-bce6-a37009813fcb,c3,None,772,?,p2,
1769749149.806984,FORWARDED,b02e706f-adf6-48d0-946f-327e75c7231a,135e959a-53fe-4690-bce6-a37009813fcb,c3,None,772,?,p2,
1769749149.8754816,RECEIVED,c6f4aac2-668c-4e3d-acca-b6cf1faf330b,9f3c02ba-27ad-475e-8505-11e671c9d938,c2,None,1124,i3,?,
1769749149.9387364,SENT,7d984d4c-8b1b-4016-871d-7b1f86f5bc96,2d2d9ea5-9c9a-49bd-a696-ad3daf06e405,c1,None,772,?,p1,
1769749149.938778,FORWARDED,7d984d4c-8b1b-4016-871d-7b1f86f5bc96,2d2d9ea5-9c9a-49bd-a696-ad3daf06e405,c1,None,772,?,p1,
1769749149.957074,SENT,741c2f7f-5af0-4e94-a567-c5c202c2d4f8,fb09639e-f68e-45e4-9f04-f576860333f7,c1,DROP,437,?,i6,
1769749149.9571168,FORWARDED,741c2f7f-5af0-4e94-a567-c5c202c2d4f8,fb09639e-f68e-45e4-9f04-f576860333f7,c1,DROP,437,?,i6,
1769749150.0475926,RECEIVED,d95b4416-2154-4fba-86e6-b56d653958ee,544b329d-6058-4f48-85c3-0a31834eb169,c5,DROP,684,i8,?,
1769749150.1509428,RECEIVED,2178bf8c-ff98-4c89-ab5b-4182b39a13d9,6fed3198-13b9-4cf6-86f5-044ca4b1e0d8,c5,DROP,441,x12,?,
1769749150.3217008,SENT,c6f4aac2-668c-4e3d-acca-b6cf1faf330b,9f3c02ba-27ad-475e-8505-11e671c9d938,c2,None,771,?,p3,
1769749150.3217423,FORWARDED,c6f4aac2-668c-4e3d-acca-b6cf1faf330b,9f3c02ba-27ad-475e-8505-11e671c9d938,c2,None,771,?,p3,
1769749150.3901863,FORWARDED,d95b4416-2154-4fba-86e6-b56d653958ee,544b329d-6058-4f48-85c3-0a31834eb169,c5,DROP,440,?,i10,
1769749150.44784,RECEIVED,e42b1d86-1399-4373-8c4f-12fb7e43a934,3864c357-1197-4c8d-8616-9acfdbe55b36,c4,c1,1311,i1,?,
1769749150.4505172,RECEIVED,ccab03bc-7534-42b7-b989-24c9edf06de6,2d05759f-f70a-42e4-aa6d-601d0f70788d,c3,DROP,442,x4,?,
1769749151.0598521,SENT,e42b1d86-1399-4373-8c4f-12fb7e43a934,3864c357-1197-4c8d-8616-9acfdbe55b36,c4,c1,910,?,p1,
1769749151.0598938,FORWARDED,e42b1d86-1399-4373-8c4f-12fb7e43a934,3864c357-1197-4c8d-8616-9acfdbe55b36,c4,c1,910,?,p1,
1769749151.093808,SENT,dcca534b-7967-4ec2-b010-a75c7c7ce3c4,025862a4-3204-4711-b45b-baf1f1e4f748,c4,c1,872,?,p1,
1769749151.0938525,FORWARDED,dcca534b-7967-4ec2-b010-a75c7c7ce3c4,025862a4-3204-4711-b45b-baf1f1e4f748,c4,c1,872,?,p1,
1769749151.2476747,RECEIVED,24a2d6f3-7e6d-4732-916b-46b3c31f7b60,5538eb4d-9a69-4927-a375-987e9d275d73,c3,c2,1263,i3,?,
1769749151.4397268,RECEIVED,c0b2d724-d84a-4a25-9a61-da79f723dacf,1d0ed95b-3231-4f3f-b8bb-8826969eaac5,c5,DROP,441,x1,?,
1769749151.736562,RECEIVED,3eba4f8c-4402-4bea-9d6e-b12ff1568240,2c14e56b-a901-46d6-87b1-d69f76b2e014,c3,DROP,437,x2,?,
1769749151.9006088,RECEIVED,3418cef3-19b3-4438-b1cc-cfe803391f25,93f1fd2b-59b0-4d89-99c3-2b87910348ac,c5,c3,1315,i8,?,
1769749152.1931608,SENT,24a2d6f3-7e6d-4732-916b-46b3c31f7b60,5538eb4d-9a69-4927-a375-987e9d275d73,c3,c2,875,?,p2,
1769749152.193201,FORWARDED,24a2d6f3-7e6d-4732-916b-46b3c31f7b60,5538eb4d-9a69-4927-a375-987e9d275d73,c3,c2,875,?,p2,
1769749152.473905,SENT,3418cef3-19b3-4438-b1cc-cfe803391f25,93f1fd2b-59b0-4d89-99c3-2b87910348ac,c5,c3,915,?,p3,
1769749152.4739478,FORWARDED,3418cef3-19b3-4438-b1cc-cfe803391f25,93f1fd2b-59b0-4d89-99c3-2b87910348ac,c5,c3,915,?,p3,
1769749152.9842472,RECEIVED,ea773435-cd86-4957-95bb-2b6b11cc31ac,283a661e-3a87-4534-ad55-eff0f64a9a1f,c3,DROP,687,i8,?,
1769749153.194804,RECEIVED,32912a78-bc8f-4c18-a8ce-9566da8c5114,ce5bcc2b-ce45-408e-93ac-fbfa8c6761a5,c5,c3,1312,i6,?,
1769749153.5141926,SENT,ea773435-cd86-4957-95bb-2b6b11cc31ac,283a661e-3a87-4534-ad55-eff0f64a9a1f,c3,DROP,442,?,x2,
1769749153.5142322,FORWARDED,ea773435-cd86-4957-95bb-2b6b11cc31ac,283a661e-3a87-4534-ad55-eff0f64a9a1f,c3,DROP,442,?,x2,
1769749153.6048815,SENT,32912a78-bc8f-4c18-a8ce-9566da8c5114,ce5bcc2b-ce45-408e-93ac-fbfa8c6761a5,c5,c3,911,?,p3,
1769749153.6049213,FORWARDED,32912a78-bc8f-4c18-a8ce-9566da8c5114,ce5bcc2b-ce45-408e-93ac-fbfa8c6761a5,c5,c3,911,?,p3,
1769749154.6201115,RECEIVED,d9c153b2-18bf-4f66-ac41-55f1406700b6,958640ef-e364-40bc-af57-a19a5ac20d96,c1,c5,1255,i2,?,
1769749154.8188858,RECEIVED,541914bc-6535-4971-b853-2f71782408d1,52e207ea-fa4c-44c6-af51-914e119fec5a,c4,DROP,683,i5,?,
1769749154.934165,SENT,d9c153b2-18bf-4f66-ac41-55f1406700b6,958640ef-e364-40bc-af57-a19a5ac20d96,c1,c5,868,?,p2,
1769749154.9342072,FORWARDED,d9c153b2-18bf-4f66-ac41-55f1406700b6,958640ef-e364-40bc-af57-a19a5ac20d96,c1,c5,868,?,p2,
1769749155.0427816,RECEIVED,05442f48-3f07-49d2-9642-3bdf81ff7b10,d33182aa-b8d8-4788-bfc4-c1931e02ef53,c3,DROP,683,i2,?,
1769749155.058957,RECEIVED,1521f3f0-0217-4003-87fd-143d7d2372a4,f8c1ac93-ddb0-44e8-b8e9-6fd2bfde7797,c3,None,1132,i2,?,
1769749155.2170105,SENT,1521f3f0-0217-4003-87fd-143d7d2372a4,f8c1ac93-ddb0-44e8-b8e9-6fd2bfde7797,c3,None,776,?,p2,
1769749155.217062,FORWARDED,1521f3f0-0217-4003-87fd-143d7d2372a4,f8c1ac93-ddb0-44e8-b8e9-6fd2bfde7797,c3,None,776,?,p2,
1769749155.3338113,RECEIVED,4b8303d8-0f8a-49ab-b5b3-b2dbfd45b002,7eac5b99-66c9-4636-b77e-5dfd6eb85ad8,c5,None,1123,i1,?,
1769749155.356059,RECEIVED,0cb78315-56b8-41ec-9c34-3d5cb92c0fe0,747ee28d-5188-46f8-b328-aeb567ef7406,c4,DROP,437,x1,?,
1769749155.463261,RECEIVED,ef30ff73-d81b-4954-9675-fa0e1aeaae5b,abfef361-2071-46d0-bb17-1013130a54c9,c4,c1,1311,i1,?,
1769749155.7152832,RECEIVED,561b4ebd-9f5d-48be-a46e-3fb7b9249d79,821a7097-dc9b-4932-892f-43fba0a86a12,c1,DROP,685,i7,?,
1769749155.8073006,SENT,541914bc-6535-4971-b853-2f71782408d1,52e207ea-fa4c-44c6-af51-914e119fec5a,c4,DROP,441,?,e7,
1769749155.8073416,FORWARDED,541914bc-6535-4971-b853-2f71782408d1,52e207ea-fa4c-44c6-af51-914e119fec5a,c4,DROP,441,?,e7,
1769749156.003511,SENT,561b4ebd-9f5d-48be-a46e-3fb7b9249d79,821a7097-dc9b-4932-892f-43fba0a86a12,c1,DROP,441,?,x12,
1769749156.003553,FORWARDED,561b4ebd-9f5d-48be-a46e-3fb7b9249d79,821a7097-dc9b-4932-892f-43fba0a86a12,c1,DROP,441,?,x12,
1769749156.0545666,RECEIVED,abdbe191-8154-44a5-b1cd-8e91d043d176,fc60c0a3-6146-4104-a05e-91bf2d6748e7,c3,c2,1319,i3,?,
1769749156.0933921,SENT,4b8303d8-0f8a-49ab-b5b3-b2dbfd45b002,7eac5b99-66c9-4636-b77e-5dfd6eb85ad8,c5,None,771,?,p1,
1769749156.0934358,FORWARDED,4b8303d8-0f8a-49ab-b5b3-b2dbfd45b002,7eac5b99-66c9-4636-b77e-5dfd6eb85ad8,c5,None,771,?,p1,
1769749156.1891274,SENT,ef30ff73-d81b-4954-9675-fa0e1aeaae5b,abfef361-2071-46d0-bb17-1013130a54c9,c4,c1,912,?,p1,
1769749156.1891682,FORWARDED,ef30ff73-d81b-4954-9675-fa0e1aeaae5b,abfef361-2071-46d0-bb17-1013130a54c9,c4,c1,912,?,p1,
1769749156.407347,RECEIVED,332317b1-7e17-4552-aaf7-e90e5e93998d,4a418860-774e-4942-b972-5f188ff05596,c3,None,1127,i8,?,
1769749156.4958136,RECEIVED,75198c67-086d-4d2d-a26d-fcc70a42b4f9,03caeda7-2f39-43c4-aae5-c2a90d11e1a5,c3,None,1131,i2,?,
1769749156.5179675,SENT,332317b1-7e17-4552-aaf7-e90e5e93998d,4a418860-774e-4942-b972-5f188ff05596,c3,None,772,?,p2,
1769749156.5180106,FORWARDED,332317b1-7e17-4552-aaf7-e90e5e93998d,4a418860-774e-4942-b972-5f188ff05596,c3,None,772,?,p2,
1769749156.7909944,SENT,75198c67-086d-4d2d-a26d-fcc70a42b4f9,03caeda7-2f39-43c4-aae5-c2a90d11e1a5,c3,None,775,?,p2,
1769749156.7910328,FORWARDED,75198c67-086d-4d2d-a26d-fcc70a42b4f9,03caeda7-2f39-43c4-aae5-c2a90d11e1a5,c3,None,775,?,p2,
1769749156.9107683,RECEIVED,dbd7dfba-6a15-478b-bb03-75e937cbeec5,f70cdb48-4908-4431-9da7-56dae9666f43,c2,DROP,441,x4,?,
1769749156.938793,SENT,abdbe191-8154-44a5-b1cd-8e91d043d176,fc60c0a3-6146-4104-a05e-91bf2d6748e7,c3,c2,916,?,p2,
1769749156.9388547,FORWARDED,abdbe191-8154-44a5-b1cd-8e91d043d176,fc60c0a3-6146-4104-a05e-91bf2d6748e7,c3,c2,916,?,p2,
1769749157.0131094,RECEIVED,d06765db-5ca0-405d-be66-cc5324db95eb,bb6557fa-d896-419a-a292-24947a49ba20,c3,None,1131,i2,?,
1769749157.0618348,RECEIVED,b313298d-8138-4980-a0ea-84c069c76d97,59c6a86e-6fb1-47a0-9b0a-bab956299ac1,c5,c3,1315,i8,?,
1769749157.1755323,RECEIVED,a2b848a9-7a80-413e-93a8-bc38599b9cbe,cab2ee30-86e1-4a30-b2c8-f5bc1629fb0d,c2,DROP,691,i9,?,
1769749157.1888452,SENT,a2b848a9-7a80-413e-93a8-bc38599b9cbe,cab2ee30-86e1-4a30-b2c8-f5bc1629fb0d,c2,DROP,442,?,x10,
1769749157.1888871,FORWARDED,a2b848a9-7a80-413e-93a8-bc38599b9cbe,cab2ee30-86e1-4a30-b2c8-f5bc1629fb0d,c2,DROP,442,?,x10,
1769749157.2705882,RECEIVED,e97b4f28-6338-4ab3-a209-2261857e313e,72a0d106-cb27-44c5-97d7-8fb8bd1ead20,c3,c2,1251,i1,?,
1769749157.3672853,RECEIVED,dc294372-84ae-4b36-ab9c-1d00c9bbb78c,d65b6077-1e7c-461e-8240-4f6b88485e6c,c4,DROP,441,x10,?,
1769749157.3699512,SENT,05442f48-3f07-49d2-9642-3bdf81ff7b10,d33182aa-b8d8-4788-bfc4-c1931e02ef53,c3,DROP,441,?,x5,
1769749157.369991,FORWARDED,05442f48-3f07-49d2-9642-3bdf81ff7b10,d33182aa-b8d8-4788-bfc4-c1931e02ef53,c3,DROP,441,?,x5,
1769749157.5086143,RECEIVED,3855713d-bc5c-4217-aca0-c8eb840b5860,d6302735-b980-418c-9d9d-9d545152ff18,c2,None,1128,i5,?,
1769749157.6260316,SENT,3855713d-bc5c-4217-aca0-c8eb840b5860,d6302735-b980-418c-9d9d-9d545152ff18,c2,None,772,?,p3,
1769749157.626082,FORWARDED,3855713d-bc5c-4217-aca0-c8eb840b5860,d6302735-b980-418c-9d9d-9d545152ff18,c2,None,772,?,p3,
1769749157.7880824,SENT,d06765db-5ca0-405d-be66-cc5324db95eb,bb6557fa-d896-419a-a292-24947a49ba20,c3,None,775,?,p2,
1769749157.788125,FORWARDED,d06765db-5ca0-405d-be66-cc5324db95eb,bb6557fa-d896-419a-a292-24947a49ba20,c3,None,775,?,p2,
1769749157.83684,RECEIVED,d785bb88-fcec-4257-a777-c87708c5b34c,e7086826-bc87-4983-a41a-df643b443b66,c1,c5,1264,i3,?,
1769749157.9108298,SENT,d785bb88-fcec-4257-a777-c87708c5b34c,e7086826-bc87-4983-a41a-df643b443b66,c1,c5,876,?,p2,
1769749157.9108713,FORWARDED,d785bb88-fcec-4257-a777-c87708c5b34c,e7086826-bc87-4983-a41a-df643b443b66,c1,c5,876,?,p2,
1769749157.919492,RECEIVED,35408607-df29-4264-bc05-d04307480ff8,27938d7f-34dc-405f-aad4-88b47c5f4cf2,c2,None,1124,i9,?,
1769749157.994736,SENT,35408607-df29-4264-bc05-d04307480ff8,27938d7f-34dc-405f-aad4-88b47c5f4cf2,c2,None,771,?,p3,
1769749157.9947748,FORWARDED,35408607-df29-4264-bc05-d04307480ff8,27938d7f-34dc-405f-aad4-88b47c5f4cf2,c2,None,771,?,p3,
1769749158.110997,RECEIVED,08b90fcf-ba51-4be8-87ca-97bde470aa47,2087986f-05eb-427c-9497-a270802ce959,c3,None,1125,i2,?,
1769749158.1987765,SENT,08b90fcf-ba51-4be8-87ca-97bde470aa47,2087986f-05eb-427c-9497-a270802ce959,c3,None,771,?,p2,
1769749158.1988182,FORWARDED,08b90fcf-ba51-4be8-87ca-97bde470aa47,2087986f-05eb-427c-9497-a270802ce959,c3,None,771,?,p2,
1769749158.2276106,RECEIVED,03db55ba-c4f2-43c9-b3b7-903e97fecc19,b40f68a3-4d81-4460-ba31-af15d68734dc,c3,DROP,683,i3,?,
1769749158.469757,RECEIVED,eb40883e-eaf2-407a-8c50-957042cad605,bad71876-3fa4-43a9-a9aa-7cee6a92c535,c4,DROP,687,i2,?,
1769749158.605686,RECEIVED,690ab2f1-d624-42f0-9985-7b34fb989359,68fe7823-35c1-4286-b5bf-82799d40db95,c4,DROP,445,x10,?,
1769749158.6338007,RECEIVED,59ab0d83-582f-4f08-93af-7f1194828adb,8bad55be-7bad-43b5-8012-5edb049d45e6,c5,DROP,680,i5,?,
1769749158.657456,RECEIVED,8b5ab4f6-2dd6-4303-b2e5-f6f6e5b6e7aa,55e7452d-b97b-4e88-a55f-388382d1475b,c3,c2,1254,i3,?,
1769749158.680741,RECEIVED,58e72772-e54f-49e7-8b08-b76ce174c098,4e13a5a1-5069-4220-ab62-c2b4032b542c,c2,None,1127,i8,?,
1769749158.6907046,SENT,8b5ab4f6-2dd6-4303-b2e5-f6f6e5b6e7aa,55e7452d-b97b-4e88-a55f-388382d1475b,c3,c2,866,?,p2,
1769749158.690749,FORWARDED,8b5ab4f6-2dd6-4303-b2e5-f6f6e5b6e7aa,55e7452d-b97b-4e88-a55f-388382d1475b,c3,c2,866,?,p2,
1769749158.693576,SENT,03db55ba-c4f2-43c9-b3b7-903e97fecc19,b40f68a3-4d81-4460-ba31-af15d68734dc,c3,DROP,441,?,x6,
1769749158.693619,FORWARDED,03db55ba-c4f2-43c9-b3b7-903e97fecc19,b40f68a3-4d81-4460-ba31-af15d68734dc,c3,DROP,441,?,x6,
1769749158.7935553,SENT,58e72772-e54f-49e7-8b08-b76ce174c098,4e13a5a1-5069-4220-ab62-c2b4032b542c,c2,None,773,?,p3,
1769749158.793609,FORWARDED,58e72772-e54f-49e7-8b08-b76ce174c098,4e13a5a1-5069-4220-ab62-c2b4032b542c,c2,None,773,?,p3,
1769749158.805408,SENT,59ab0d83-582f-4f08-93af-7f1194828adb,8bad55be-7bad-43b5-8012-5edb049d45e6,c5,DROP,437,?,x4,
1769749158.8054473,FORWARDED,59ab0d83-582f-4f08-93af-7f1194828adb,8bad55be-7bad-43b5-8012-5edb049d45e6,c5,DROP,437,?,x4,
1769749158.8842824,SENT,b313298d-8138-4980-a0ea-84c069c76d97,59c6a86e-6fb1-47a0-9b0a-bab956299ac1,c5,c3,915,?,p3,
1769749158.8843231,FORWARDED,b313298d-8138-4980-a0ea-84c069c76d97,59c6a86e-6fb1-47a0-9b0a-bab956299ac1,c5,c3,915,?,p3,
1769749158.8942776,SENT,e97b4f28-6338-4ab3-a209-2261857e313e,72a0d106-cb27-44c5-97d7-8fb8bd1ead20,c3,c2,867,?,p2,
1769749158.8943212,FORWARDED,e97b4f28-6338-4ab3-a209-2261857e313e,72a0d106-cb27-44c5-97d7-8fb8bd1ead20,c3,c2,867,?,p2,
1769749159.0180378,SENT,eb40883e-eaf2-407a-8c50-957042cad605,bad71876-3fa4-43a9-a9aa-7cee6a92c535,c4,DROP,442,?,x5,
1769749159.0180883,FORWARDED,eb40883e-eaf2-407a-8c50-957042cad605,bad71876-3fa4-43a9-a9aa-7cee6a92c535,c4,DROP,442,?,x5,
1769749159.0984929,RECEIVED,87327543-7c83-4c5f-81e2-191804f5a276,842b20db-59ee-4a8b-8f68-6f0585a5ea09,c1,c5,1312,i2,?,
1769749159.4709105,RECEIVED,e76ef788-8415-4e94-ab58-2433e4c8046f,ec52cd19-b596-45db-9fca-1394d60a890a,c1,DROP,688,i8,?,
1769749159.5388746,SENT,87327543-7c83-4c5f-81e2-191804f5a276,842b20db-59ee-4a8b-8f68-6f0585a5ea09,c1,c5,912,?,p2,
1769749159.5389123,FORWARDED,87327543-7c83-4c5f-81e2-191804f5a276,842b20db-59ee-4a8b-8f68-6f0585a5ea09,c1,c5,912,?,p2,
1769749159.5451846,SENT,e76ef788-8415-4e94-ab58-2433e4c8046f,ec52cd19-b596-45db-9fca-1394d60a890a,c1,DROP,442,?,i5,
1769749159.5452209,FORWARDED,e76ef788-8415-4e94-ab58-2433e4c8046f,ec52cd19-b596-45db-9fca-1394d60a890a,c1,DROP,442,?,i5,
1769749159.8238606,RECEIVED,2c4d5707-3761-41d1-a64b-e50c6d729c46,e7f2e21f-8b63-4af9-8d2b-eec1e5aa93f3,c5,c3,1311,i6,?,
1769749160.3823915,RECEIVED,369cb690-c1ce-4859-bf15-821c21b42edb,4516fb99-c7b9-4fd1-98ad-e37d368a58ed,c5,DROP,685,i5,?,
1769749160.4392257,RECEIVED,9eff0764-bbef-4aa4-952c-bf2939e44a16,1b63b5ca-00c9-4b5a-a513-1d8a1b6396ce,c2,c3,1264,i6,?,
1769749160.5865817,SENT,9eff0764-bbef-4aa4-952c-bf2939e44a16,1b63b5ca-00c9-4b5a-a513-1d8a1b6396ce,c2,c3,876,?,p3,
1769749160.5866344,FORWARDED,9eff0764-bbef-4aa4-952c-bf2939e44a16,1b63b5ca-00c9-4b5a-a513-1d8a1b6396ce,c2,c3,876,?,p3,
1769749160.637275,RECEIVED,8dbf4c5f-9e37-4f63-b2f5-d945ddfb05ad,27a08926-faf9-4d32-a286-503d32dc23ed,c5,DROP,684,i3,?,
1769749160.7412052,FORWARDED,369cb690-c1ce-4859-bf15-821c21b42edb,4516fb99-c7b9-4fd1-98ad-e37d368a58ed,c5,DROP,441,?,i12,
1769749160.7657535,RECEIVED,f0fb75c6-f47e-4edd-84df-6d3195f31a92,fb7f0964-f89b-4704-9ed0-0f1c1ab2437e,c4,DROP,683,i1,?,
1769749161.0627966,RECEIVED,6c329521-39e1-4c1f-bb85-0c4d461d57f2,c5c6027d-c15d-481d-bbf6-70f9aa35664f,c2,DROP,687,i8,?,
1769749161.0747745,SENT,8dbf4c5f-9e37-4f63-b2f5-d945ddfb05ad,27a08926-faf9-4d32-a286-503d32dc23ed,c5,DROP,440,?,i7,
1769749161.074816,FORWARDED,8dbf4c5f-9e37-4f63-b2f5-d945ddfb05ad,27a08926-faf9-4d32-a286-503d32dc23ed,c5,DROP,440,?,i7,
1769749161.112817,RECEIVED,56110d12-1409-444b-a189-7e0e10ba3b87,f9440833-4c65-4edb-aa79-8b6aa1520dc1,c5,DROP,441,x11,?,
1769749161.2588625,RECEIVED,8431fba8-0f8b-4db1-bd33-290a789c07e1,3afbd104-7cc4-4ae2-a3f1-eb5bd9901c87,c4,c1,1255,i1,?,
1769749161.2740283,RECEIVED,44af4df1-c6b6-46f8-a589-0589d13d30e5,3b685e01-2118-4223-a542-0c1b6459cd84,c2,DROP,686,i6,?,
1769749161.3191836,RECEIVED,dce046c0-b185-49c9-9688-9e77148ad54b,6a0003d3-e6e7-4c74-b5d7-4b57d4b12d11,c4,DROP,442,x11,?,
1769749161.4064007,RECEIVED,cf5e7c1d-aeb7-4fe2-aa78-34eb99360284,85e6cd1c-cd0e-4dec-8c93-4f3219113e0b,c3,DROP,688,i1,?,
1769749161.4167836,SENT,f0fb75c6-f47e-4edd-84df-6d3195f31a92,fb7f0964-f89b-4704-9ed0-0f1c1ab2437e,c4,DROP,441,?,x2,
1769749161.4168234,FORWARDED,f0fb75c6-f47e-4edd-84df-6d3195f31a92,fb7f0964-f89b-4704-9ed0-0f1c1ab2437e,c4,DROP,441,?,x2,
1769749161.5180779,RECEIVED,b1cb7a5b-53db-4a94-9e15-0ff713c6cf5e,bb002749-d704-4497-b86e-824347779463,c3,c2,1324,i3,?,
1769749161.522174,RECEIVED,fd79d4a3-d2f9-430e-87e4-4b696ceb82ba,1f29e41d-fa4c-40a9-87fd-3aadd596387b,c1,DROP,684,i8,?,
1769749161.6014268,RECEIVED,99f4e6e2-8e6d-4d73-9515-1450423bb6bb,09f1cebb-7f4e-477b-a5a2-3fcbea74b61d,c5,c3,1318,i8,?,
1769749161.6176565,FORWARDED,44af4df1-c6b6-46f8-a589-0589d13d30e5,3b685e01-2118-4223-a542-0c1b6459cd84,c2,DROP,442,?,i10,
1769749161.6904054,SENT,cf5e7c1d-aeb7-4fe2-aa78-34eb99360284,85e6cd1c-cd0e-4dec-8c93-4f3219113e0b,c3,DROP,442,?,x5,
1769749161.6904438,FORWARDED,cf5e7c1d-aeb7-4fe2-aa78-34eb99360284,85e6cd1c-cd0e-4dec-8c93-4f3219113e0b,c3,DROP,442,?,x5,
1769749161.7496817,RECEIVED,ce46b278-4131-4e6b-ae4f-a5d8af587992,b508f8b9-e29e-49a9-b7cc-aa55efcf4a81,c5,DROP,685,i9,?,
1769749161.7506204,RECEIVED,abd74b5b-3d26-489c-9e2b-5609ba7bd797,d9b180bb-37ae-493f-90f0-75e23f70002e,c5,DROP,447,x10,?,
1769749161.8855076,SENT,ce46b278-4131-4e6b-ae4f-a5d8af587992,b508f8b9-e29e-49a9-b7cc-aa55efcf4a81,c5,DROP,441,?,x12,
1769749161.8855476,FORWARDED,ce46b278-4131-4e6b-ae4f-a5d8af587992,b508f8b9-e29e-49a9-b7cc-aa55efcf4a81,c5,DROP,441,?,x12,
1769749161.9046211,SENT,6c329521-39e1-4c1f-bb85-0c4d461d57f2,c5c6027d-c15d-481d-bbf6-70f9aa35664f,c2,DROP,443,?,x4,
1769749161.9046662,FORWARDED,6c329521-39e1-4c1f-bb85-0c4d461d57f2,c5c6027d-c15d-481d-bbf6-70f9aa35664f,c2,DROP,443,?,x4,
1769749161.9158628,SENT,b1cb7a5b-53db-4a94-9e15-0ff713c6cf5e,bb002749-d704-4497-b86e-824347779463,c3,c2,920,?,p2,
1769749161.9158983,FORWARDED,b1cb7a5b-53db-4a94-9e15-0ff713c6cf5e,bb002749-d704-4497-b86e-824347779463,c3,c2,920,?,p2,
1769749161.924935,SENT,8431fba8-0f8b-4db1-bd33-290a789c07e1,3afbd104-7cc4-4ae2-a3f1-eb5bd9901c87,c4,c1,868,?,p1,
1769749161.9249778,FORWARDED,8431fba8-0f8b-4db1-bd33-290a789c07e1,3afbd104-7cc4-4ae2-a3f1-eb5bd9901c87,c4,c1,868,?,p1,
1769749161.956858,RECEIVED,71a2bd37-cbe0-487c-b9b0-d95a1a2d9ec4,770764d5-6450-4573-b9f6-e427d6db6d4e,c5,None,1123,i1,?,
1769749161.9708173,RECEIVED,f8da9f88-9e54-4366-9e21-e572297a917e,86ba419a-8db7-444a-b975-6665d70a7914,c2,DROP,441,x7,?,
1769749161.980835,SENT,2c4d5707-3761-41d1-a64b-e50c6d729c46,e7f2e21f-8b63-4af9-8d2b-eec1e5aa93f3,c5,c3,911,?,p3,
1769749161.9808745,FORWARDED,2c4d5707-3761-41d1-a64b-e50c6d729c46,e7f2e21f-8b63-4af9-8d2b-eec1e5aa93f3,c5,c3,911,?,p3,
1769749162.0129075,RECEIVED,2b39964d-c7b7-4936-a570-c2033616a4f2,1f12aa5d-f6c1-4be1-bcf6-80576caf0ea1,c5,DROP,687,i8,?,
1769749162.2339275,RECEIVED,67cf6e49-1033-4ddf-b96c-44c4ac1c2a48,8ec95139-0e33-48ee-919d-49a2cee8c2fd,c4,DROP,683,i6,?,
1769749162.387964,RECEIVED,3fee23a6-8324-44dd-9be3-2125246ceb8a,3f3816f7-c2d2-4332-a301-3057ea3f084e,c5,DROP,688,i6,?,
1769749162.5526185,SENT,3fee23a6-8324-44dd-9be3-2125246ceb8a,3f3816f7-c2d2-4332-a301-3057ea3f084e,c5,DROP,443,?,x2,
1769749162.5526671,FORWARDED,3fee23a6-8324-44dd-9be3-2125246ceb8a,3f3816f7-c2d2-4332-a301-3057ea3f084e,c5,DROP,443,?,x2,
1769749162.6326127,SENT,71a2bd37-cbe0-487c-b9b0-d95a1a2d9ec4,770764d5-6450-4573-b9f6-e427d6db6d4e,c5,None,771,?,p1,
1769749162.632665,FORWARDED,71a2bd37-cbe0-487c-b9b0-d95a1a2d9ec4,770764d5-6450-4573-b9f6-e427d6db6d4e,c5,None,771,?,p1,
1769749162.665307,RECEIVED,33a76157-2f0d-4179-b32f-e378ff4be691,02d0ec85-be4b-4d43-8d51-1a2211d499e2,c3,c2,1319,i3,?,
1769749162.674508,SENT,99f4e6e2-8e6d-4d73-9515-1450423bb6bb,09f1cebb-7f4e-477b-a5a2-3fcbea74b61d,c5,c3,916,?,p3,
1769749162.6745481,FORWARDED,99f4e6e2-8e6d-4d73-9515-1450423bb6bb,09f1cebb-7f4e-477b-a5a2-3fcbea74b61d,c5,c3,916,?,p3,
1769749162.7242322,RECEIVED,bb952511-9868-414a-860a-19a8d930bba4,56f63a10-6be1-436a-91e1-807a13faa877,c3,c2,1311,i1,?,
1769749162.8298967,RECEIVED,33233a68-71f8-4e1f-bc76-97898adac7e5,bd119415-e502-4156-aa18-dd6494aff9a0,c2,c3,1259,i1,?,
1769749162.8928556,FORWARDED,fd79d4a3-d2f9-430e-87e4-4b696ceb82ba,1f29e41d-fa4c-40a9-87fd-3aadd596387b,c1,DROP,441,?,i11,
1769749162.9745016,SENT,67cf6e49-1033-4ddf-b96c-44c4ac1c2a48,8ec95139-0e33-48ee-919d-49a2cee8c2fd,c4,DROP,441,?,e3,
1769749162.9745407,FORWARDED,67cf6e49-1033-4ddf-b96c-44c4ac1c2a48,8ec95139-0e33-48ee-919d-49a2cee8c2fd,c4,DROP,441,?,e3,
1769749163.2332282,RECEIVED,7427c3e3-5f5d-4755-a306-c5525749da51,0a66bf22-4d56-4967-9003-bd79fe081303,c3,DROP,686,i2,?,
1769749163.2426186,RECEIVED,161c06c3-6a88-4c9d-9f3d-80f59124b239,c07df55c-9bd5-4ee5-9666-032a57d9e756,c3,None,1123,i2,?,
1769749163.5234172,SENT,33a76157-2f0d-4179-b32f-e378ff4be691,02d0ec85-be4b-4d43-8d51-1a2211d499e2,c3,c2,916,?,p2,
1769749163.5234597,FORWARDED,33a76157-2f0d-4179-b32f-e378ff4be691,02d0ec85-be4b-4d43-8d51-1a2211d499e2,c3,c2,916,?,p2,
1769749163.538436,RECEIVED,c6b1c956-7e89-400f-9123-6b0d70a66ded,a85fc933-1324-4155-a624-24244c11debe,c2,DROP,442,x10,?,
1769749163.5768292,RECEIVED,fb941041-74d7-48c9-b34b-82cd773190a0,bbf16c94-3072-48b9-b0ee-becd6dac5081,c5,DROP,683,i5,?,
1769749163.620809,RECEIVED,2d9d797c-74a7-4a03-bc09-4166b9bc6fb3,77e6392f-86c4-4032-a06f-e01c78e67599,c5,c3,1311,i6,?,
1769749163.645732,SENT,161c06c3-6a88-4c9d-9f3d-80f59124b239,c07df55c-9bd5-4ee5-9666-032a57d9e756,c3,None,770,?,p2,
1769749163.645776,FORWARDED,161c06c3-6a88-4c9d-9f3d-80f59124b239,c07df55c-9bd5-4ee5-9666-032a57d9e756,c3,None,770,?,p2,
1769749163.661279,RECEIVED,99b9fbff-f046-40db-b225-e403a6a57880,27f2fc57-9771-4aed-ad3e-49bdce04492c,c3,DROP,439,x4,?,
1769749163.6659927,SENT,bb952511-9868-414a-860a-19a8d930bba4,56f63a10-6be1-436a-91e1-807a13faa877,c3,c2,911,?,p2,
1769749163.6660337,FORWARDED,bb952511-9868-414a-860a-19a8d930bba4,56f63a10-6be1-436a-91e1-807a13faa877,c3,c2,911,?,p2,
1769749163.7091012,RECEIVED,86f30d1d-aded-44b4-9541-348f357b65c7,c73f2da4-1baf-4c63-8859-c1d79b6389f0,c3,DROP,685,i1,?,
1769749163.7874742,SENT,86f30d1d-aded-44b4-9541-348f357b65c7,c73f2da4-1baf-4c63-8859-c1d79b6389f0,c3,DROP,441,?,i7,
1769749163.787511,FORWARDED,86f30d1d-aded-44b4-9541-348f357b65c7,c73f2da4-1baf-4c63-8859-c1d79b6389f0,c3,DROP,441,?,i7,
1769749163.833411,RECEIVED,51a65ff6-60b8-4d87-afb2-f505690d0d39,31a283f8-356c-42f8-919e-8b23b0572e33,c4,DROP,688,i1,?,
1769749163.8832195,SENT,2b39964d-c7b7-4936-a570-c2033616a4f2,1f12aa5d-f6c1-4be1-bcf6-80576caf0ea1,c5,DROP,442,?,i6,
1769749163.8832607,FORWARDED,2b39964d-c7b7-4936-a570-c2033616a4f2,1f12aa5d-f6c1-4be1-bcf6-80576caf0ea1,c5,DROP,442,?,i6,
1769749163.9310002,RECEIVED,3be1c492-f5e6-4467-9445-ac80dcf439b9,135dc1b9-b257-4acd-92e1-63b47f75ac05,c4,DROP,441,x11,?,
1769749163.9591148,FORWARDED,fb941041-74d7-48c9-b34b-82cd773190a0,bbf16c94-3072-48b9-b0ee-becd6dac5081,c5,DROP,441,?,i10,
1769749164.017624,SENT,33233a68-71f8-4e1f-bc76-97898adac7e5,bd119415-e502-4156-aa18-dd6494aff9a0,c2,c3,871,?,p3,
1769749164.017665,FORWARDED,33233a68-71f8-4e1f-bc76-97898adac7e5,bd119415-e502-4156-aa18-dd6494aff9a0,c2,c3,871,?,p3,
1769749164.173164,SENT,2d9d797c-74a7-4a03-bc09-4166b9bc6fb3,77e6392f-86c4-4032-a06f-e01c78e67599,c5,c3,911,?,p3,
1769749164.1732028,FORWARDED,2d9d797c-74a7-4a03-bc09-4166b9bc6fb3,77e6392f-86c4-4032-a06f-e01c78e67599,c5,c3,911,?,p3,
1769749164.2394245,SENT,51a65ff6-60b8-4d87-afb2-f505690d0d39,31a283f8-356c-42f8-919e-8b23b0572e33,c4,DROP,442,?,x7,
1769749164.239462,FORWARDED,51a65ff6-60b8-4d87-afb2-f505690d0d39,31a283f8-356c-42f8-919e-8b23b0572e33,c4,DROP,442,?,x7,
1769749164.3429039,RECEIVED,e4a8c8b3-a24e-48a9-a02f-5dc63273b804,aaf1765d-7ee4-457c-a883-ea91530c5a73,c2,DROP,442,x3,?,
1769749164.4371204,RECEIVED,a5e55f4a-9661-45a9-9a35-5c73f971448e,34e2beb8-2ee8-468d-aad4-73bc2e85d75b,c1,c5,1312,i2,?,
1769749164.51498,RECEIVED,cb246b02-91ea-43bc-bb3a-fd365bb762e6,a53e623b-6869-40c8-997b-f2e59421df62,c2,c3,1254,i7,?,
1769749164.5205872,SENT,7427c3e3-5f5d-4755-a306-c5525749da51,0a66bf22-4d56-4967-9003-bd79fe081303,c3,DROP,442,?,e2,
1769749164.5206273,FORWARDED,7427c3e3-5f5d-4755-a306-c5525749da51,0a66bf22-4d56-4967-9003-bd79fe081303,c3,DROP,442,?,e2,
1769749164.5222547,RECEIVED,2aec9835-d75d-459d-9782-10e0a39c535c,37cabd5f-7b00-4457-9245-44ad69721bcb,c3,c2,1261,i1,?,
1769749164.6238692,SENT,2aec9835-d75d-459d-9782-10e0a39c535c,37cabd5f-7b00-4457-9245-44ad69721bcb,c3,c2,871,?,p2,
1769749164.6239116,FORWARDED,2aec9835-d75d-459d-9782-10e0a39c535c,37cabd5f-7b00-4457-9245-44ad69721bcb,c3,c2,871,?,p2,
1769749164.8240645,SENT,a5e55f4a-9661-45a9-9a35-5c73f971448e,34e2beb8-2ee8-468d-aad4-73bc2e85d75b,c1,c5,912,?,p2,
1769749164.8241158,FORWARDED,a5e55f4a-9661-45a9-9a35-5c73f971448e,34e2beb8-2ee8-468d-aad4-73bc2e85d75b,c1,c5,912,?,p2,
1769749164.9231992,RECEIVED,c0e01603-ec78-4407-90c7-92bce6734b6d,7440957c-50ac-4277-b867-c4a410e08a23,c4,DROP,442,x2,?,
1769749165.3482347,RECEIVED,d4979bdf-47ba-418e-aa03-7253022f22ca,5a87b4cc-ca71-44e6-aaf0-7a649ec2a0b8,c1,DROP,684,i7,?,
1769749165.4815857,RECEIVED,b53454ad-8aff-42eb-bf87-e43918945d6b,16ef759b-6602-42e4-ab1e-7f571bffe64c,c1,DROP,683,i9,?,
1769749165.629239,RECEIVED,d5b3f85e-76a9-4535-9a1f-41b41719aa5c,bbbea9c5-7c11-42c9-a714-6435eaa7bcb8,c3,DROP,680,i9,?,
1769749165.7042782,SENT,d4979bdf-47ba-418e-aa03-7253022f22ca,5a87b4cc-ca71-44e6-aaf0-7a649ec2a0b8,c1,DROP,441,?,x12,
1769749165.7043178,FORWARDED,d4979bdf-47ba-418e-aa03-7253022f22ca,5a87b4cc-ca71-44e6-aaf0-7a649ec2a0b8,c1,DROP,441,?,x12,
1769749165.7556303,SENT,d5b3f85e-76a9-4535-9a1f-41b41719aa5c,bbbea9c5-7c11-42c9-a714-6435eaa7bcb8,c3,DROP,437,?,e1,
1769749165.7556713,FORWARDED,d5b3f85e-76a9-4535-9a1f-41b41719aa5c,bbbea9c5-7c11-42c9-a714-6435eaa7bcb8,c3,DROP,437,?,e1,
1769749165.822651,RECEIVED,43372edc-9189-4243-84c0-31add02c6278,3196e7c9-2d91-421f-9b56-3f3236b47bd4,c3,DROP,680,i5,?,
1769749165.9043205,RECEIVED,40fe423d-0bc5-411d-88a5-ea294e12c175,4b1afc74-62b3-45a0-8bb7-5de7403547ab,c2,DROP,442,x9,?,
1769749165.9109514,RECEIVED,5332ae4c-64d1-4973-8e3a-e70bf5dd863d,74ea3880-aa41-4379-af89-d3fdb7797c39,c5,DROP,683,i7,?,
1769749165.989392,SENT,b53454ad-8aff-42eb-bf87-e43918945d6b,16ef759b-6602-42e4-ab1e-7f571bffe64c,c1,DROP,441,?,x9,
1769749165.989432,FORWARDED,b53454ad-8aff-42eb-bf87-e43918945d6b,16ef759b-6602-42e4-ab1e-7f571bffe64c,c1,DROP,441,?,x9,
1769749166.0188406,SENT,43372edc-9189-4243-84c0-31add02c6278,3196e7c9-2d91-421f-9b56-3f3236b47bd4,c3,DROP,437,?,x2,
1769749166.018881,FORWARDED,43372edc-9189-4243-84c0-31add02c6278,3196e7c9-2d91-421f-9b56-3f3236b47bd4,c3,DROP,437,?,x2,
1769749166.1252522,SENT,cb246b02-91ea-43bc-bb3a-fd365bb762e6,a53e623b-6869-40c8-997b-f2e59421df62,c2,c3,870,?,p3,
1769749166.1252959,FORWARDED,cb246b02-91ea-43bc-bb3a-fd365bb762e6,a53e623b-6869-40c8-997b-f2e59421df62,c2,c3,870,?,p3,
1769749166.2505803,SENT,5332ae4c-64d1-4973-8e3a-e70bf5dd863d,74ea3880-aa41-4379-af89-d3fdb7797c39,c5,DROP,441,?,e6,
1769749166.2506247,FORWARDED,5332ae4c-64d1-4973-8e3a-e70bf5dd863d,74ea3880-aa41-4379-af89-d3fdb7797c39,c5,DROP,441,?,e6,
1769749166.2993445,RECEIVED,6d7c992f-c0cc-46f3-9764-fc85a3fff1bb,135d18a4-94b4-41af-ae7e-cc777d940b7c,c2,c3,1315,i6,?,
1769749166.3184779,RECEIVED,28039891-d5b3-465b-9134-fd5ddbf7ae0b,4befe246-cc74-49a8-b789-e2120603138b,c4,DROP,683,i6,?,
1769749166.4366024,RECEIVED,d1d6d1ff-b18d-4e68-ba20-043259e75f48,fe66312a-f0f4-4d97-84b4-69dc6e1eff62,c2,c3,1311,i1,?,
1769749166.4497256,RECEIVED,fd4b912e-f03c-4a75-a7e2-1b3c1be75bba,760b2daa-7ff7-47e0-bd6a-c8a104742237,c5,c3,1259,i8,?,
1769749166.5107083,SENT,fd4b912e-f03c-4a75-a7e2-1b3c1be75bba,760b2daa-7ff7-47e0-bd6a-c8a104742237,c5,c3,872,?,p3,
1769749166.5107486,FORWARDED,fd4b912e-f03c-4a75-a7e2-1b3c1be75bba,760b2daa-7ff7-47e0-bd6a-c8a104742237,c5,c3,872,?,p3,
1769749166.6539917,RECEIVED,d614fa04-fb38-495e-873c-d188fdaeae91,633fe5cf-729e-44c5-bb81-173a28d54003,c3,DROP,688,i6,?,
1769749166.6967723,RECEIVED,d1b1b28e-c340-4ea8-bf60-9dcb699e740f,b70678dc-870c-4c15-a54f-0989c2ca9ff5,c1,DROP,686,i9,?,
1769749166.7165213,SENT,d1b1b28e-c340-4ea8-bf60-9dcb699e740f,b70678dc-870c-4c15-a54f-0989c2ca9ff5,c1,DROP,441,?,e1,
1769749166.71656,FORWARDED,d1b1b28e-c340-4ea8-bf60-9dcb699e740f,b70678dc-870c-4c15-a54f-0989c2ca9ff5,c1,DROP,441,?,e1,
1769749166.733505,SENT,28039891-d5b3-465b-9134-fd5ddbf7ae0b,4befe246-cc74-49a8-b789-e2120603138b,c4,DROP,441,?,x6,
1769749166.7335527,FORWARDED,28039891-d5b3-465b-9134-fd5ddbf7ae0b,4befe246-cc74-49a8-b789-e2120603138b,c4,DROP,441,?,x6,
1769749166.7615597,RECEIVED,00a6ab61-8607-468e-8602-4b7a2f7b66c1,faba535b-2a6e-4d18-b819-d8fdd6f8a34e,c4,c1,1312,i4,?,
1769749166.7641408,SENT,d1d6d1ff-b18d-4e68-ba20-043259e75f48,fe66312a-f0f4-4d97-84b4-69dc6e1eff62,c2,c3,912,?,p3,
1769749166.7641811,FORWARDED,d1d6d1ff-b18d-4e68-ba20-043259e75f48,fe66312a-f0f4-4d97-84b4-69dc6e1eff62,c2,c3,912,?,p3,
1769749166.7843518,RECEIVED,773f5ece-f7bb-42ab-86e6-f1ff96d4f2c0,27ef3bff-0f52-42b7-bafc-9e697d7e642f,c2,DROP,684,i9,?,
1769749166.8462303,SENT,00a6ab61-8607-468e-8602-4b7a2f7b66c1,faba535b-2a6e-4d18-b819-d8fdd6f8a34e,c4,c1,911,?,p1,
1769749166.8462715,FORWARDED,00a6ab61-8607-468e-8602-4b7a2f7b66c1,faba535b-2a6e-4d18-b819-d8fdd6f8a34e,c4,c1,911,?,p1,
1769749166.8942304,RECEIVED,c7d32ade-1f23-494d-8b27-3c713aa273be,562ec743-62dd-4323-bf28-402b65222f00,c1,DROP,685,i8,?,
1769749166.946138,RECEIVED,846f0ee4-b8eb-47e0-b313-c08923026830,4db122ed-5caf-4f8d-b3e6-117e5485a389,c3,c2,1315,i3,?,
1769749166.983578,FORWARDED,c7d32ade-1f23-494d-8b27-3c713aa273be,562ec743-62dd-4323-bf28-402b65222f00,c1,DROP,441,?,i10,
1769749167.0159667,SENT,773f5ece-f7bb-42ab-86e6-f1ff96d4f2c0,27ef3bff-0f52-42b7-bafc-9e697d7e642f,c2,DROP,441,?,x4,
1769749167.016008,FORWARDED,773f5ece-f7bb-42ab-86e6-f1ff96d4f2c0,27ef3bff-0f52-42b7-bafc-9e697d7e642f,c2,DROP,441,?,x4,
1769749167.0338714,RECEIVED,4b061497-d4d1-4c2c-880a-5276b2e620e4,88a4aaf9-c375-4af4-a05d-80a24fc0c172,c1,DROP,687,i7,?,
1769749167.3042727,SENT,846f0ee4-b8eb-47e0-b313-c08923026830,4db122ed-5caf-4f8d-b3e6-117e5485a389,c3,c2,914,?,p2,
1769749167.3044717,FORWARDED,846f0ee4-b8eb-47e0-b313-c08923026830,4db122ed-5caf-4f8d-b3e6-117e5485a389,c3,c2,914,?,p2,
1769749167.391146,SENT,6d7c992f-c0cc-46f3-9764-fc85a3fff1bb,135d18a4-94b4-41af-ae7e-cc777d940b7c,c2,c3,915,?,p3,
1769749167.3911808,FORWARDED,6d7c992f-c0cc-46f3-9764-fc85a3fff1bb,135d18a4-94b4-41af-ae7e-cc777d940b7c,c2,c3,915,?,p3,
1769749167.533882,FORWARDED,d614fa04-fb38-495e-873c-d188fdaeae91,633fe5cf-729e-44c5-bb81-173a28d54003,c3,DROP,442,?,i12,
1769749167.8767333,SENT,4b061497-d4d1-4c2c-880a-5276b2e620e4,88a4aaf9-c375-4af4-a05d-80a24fc0c172,c1,DROP,442,?,x7,
1769749167.8767736,FORWARDED,4b061497-d4d1-4c2c-880a-5276b2e620e4,88a4aaf9-c375-4af4-a05d-80a24fc0c172,c1,DROP,442,?,x7,
1769749167.922519,RECEIVED,26577426-df00-4d29-aa07-fa32a9a4177b,222d21ef-aa30-4438-b994-b4d4f900f727,c1,c5,1259,i7,?,
1769749167.9931986,RECEIVED,497f7b04-cb00-4526-a5a1-6af103be98d3,fb4fdced-794a-4975-9fce-d00d984a47df,c5,c3,1260,i6,?,
1769749168.273557,RECEIVED,a3cc75c1-ddce-4d44-a5f2-1531647c1bef,ee7f7265-73ca-43fe-8bcc-827c4005edfa,c5,DROP,688,i7,?,
1769749168.3962102,RECEIVED,b4b86ea9-63da-46a4-aa86-7d3a72c5a907,ea2246f3-d03f-4672-b9e6-39e5b3488068,c3,None,1129,i2,?,
1769749168.4062562,SENT,497f7b04-cb00-4526-a5a1-6af103be98d3,fb4fdced-794a-4975-9fce-d00d984a47df,c5,c3,873,?,p3,
1769749168.4063048,FORWARDED,497f7b04-cb00-4526-a5a1-6af103be98d3,fb4fdced-794a-4975-9fce-d00d984a47df,c5,c3,873,?,p3,
1769749168.430483,SENT,b4b86ea9-63da-46a4-aa86-7d3a72c5a907,ea2246f3-d03f-4672-b9e6-39e5b3488068,c3,None,772,?,p2,
1769749168.4305274,FORWARDED,b4b86ea9-63da-46a4-aa86-7d3a72c5a907,ea2246f3-d03f-4672-b9e6-39e5b3488068,c3,None,772,?,p2,
1769749168.4403477,RECEIVED,6af260df-23c9-4bdb-9587-6d1092b4570c,75ec9624-23f5-405a-9c6c-4e5581bf9d8b,c1,c5,1259,i4,?,
1769749168.534304,SENT,a3cc75c1-ddce-4d44-a5f2-1531647c1bef,ee7f7265-73ca-43fe-8bcc-827c4005edfa,c5,DROP,442,?,i6,
1769749168.5343466,FORWARDED,a3cc75c1-ddce-4d44-a5f2-1531647c1bef,ee7f7265-73ca-43fe-8bcc-827c4005edfa,c5,DROP,442,?,i6,
1769749168.6743655,SENT,26577426-df00-4d29-aa07-fa32a9a4177b,222d21ef-aa30-4438-b994-b4d4f900f727,c1,c5,871,?,p2,
1769749168.6744034,FORWARDED,26577426-df00-4d29-aa07-fa32a9a4177b,222d21ef-aa30-4438-b994-b4d4f900f727,c1,c5,871,?,p2,
1769749168.9429984,SENT,6af260df-23c9-4bdb-9587-6d1092b4570c,75ec9624-23f5-405a-9c6c-4e5581bf9d8b,c1,c5,872,?,p2,
1769749168.943038,FORWARDED,6af260df-23c9-4bdb-9587-6d1092b4570c,75ec9624-23f5-405a-9c6c-4e5581bf9d8b,c1,c5,872,?,p2,
1769749169.31462,RECEIVED,9405738c-64ad-4597-8acc-a58bb8293f08,5766c0a9-f41f-4537-88c8-14d86b3682c9,c1,DROP,692,i8,?,
1769749169.4224105,RECEIVED,42cfb6ee-5184-479d-8673-9f973a2796e1,4d261d74-ff59-4738-bbc1-494dbe03d4af,c3,DROP,442,x7,?,
1769749169.477831,FORWARDED,9405738c-64ad-4597-8acc-a58bb8293f08,5766c0a9-f41f-4537-88c8-14d86b3682c9,c1,DROP,445,?,i11,
1769749169.5293193,RECEIVED,e888b74f-ac0a-4d82-aef0-0c14f12730e8,0383474d-acea-40f0-8f09-9af3c94cf37f,c1,DROP,441,x11,?,
1769749169.544679,RECEIVED,3bac511e-3bb0-42b3-8461-d2e8660a80c5,14a6fe60-1dd8-4968-a6e7-3a08c3b2bcd4,c1,DROP,684,i2,?,
1769749169.7171543,SENT,3bac511e-3bb0-42b3-8461-d2e8660a80c5,14a6fe60-1dd8-4968-a6e7-3a08c3b2bcd4,c1,DROP,441,?,i5,
1769749169.7171938,FORWARDED,3bac511e-3bb0-42b3-8461-d2e8660a80c5,14a6fe60-1dd8-4968-a6e7-3a08c3b2bcd4,c1,DROP,441,?,i5,
1769749169.7689955,RECEIVED,7a7eb365-697c-44e1-bc2e-abdffde4022d,1b9c7c1e-044d-4915-87f4-a6a0050627bc,c4,DROP,684,i8,?,
1769749169.787537,RECEIVED,1883cfec-2860-45f0-8ad9-15af2464f64f,7d1f5c41-c669-4477-93d8-e2cd126d7cb1,c3,DROP,687,i6,?,
1769749169.9192853,SENT,7a7eb365-697c-44e1-bc2e-abdffde4022d,1b9c7c1e-044d-4915-87f4-a6a0050627bc,c4,DROP,441,?,x4,
1769749169.9193265,FORWARDED,7a7eb365-697c-44e1-bc2e-abdffde4022d,1b9c7c1e-044d-4915-87f4-a6a0050627bc,c4,DROP,441,?,x4,
1769749169.9577847,RECEIVED,4d9f7b3f-11ba-4cf6-aa5a-c9f278eb2100,56993bdd-1213-4950-8fac-2022982ce927,c2,DROP,442,x11,?,
1769749170.0245676,RECEIVED,dbb5e492-f6e8-421b-b892-bc7927fc419d,e98e6210-a154-46e1-a43f-4120a409e565,c1,c5,1312,i2,?,
1769749170.0518575,RECEIVED,7c76de53-8f25-4dc1-800c-ba3a40bcb6c1,4524b453-f449-4226-ade5-1752771434c6,c4,DROP,684,i9,?,
1769749170.2208061,RECEIVED,6c9d4baf-f800-4772-abff-d0bed7c69041,88d84646-cd75-4f50-8f53-e38dbb39c990,c2,c3,1311,i7,?,
1769749170.2413666,RECEIVED,67f87151-df39-4c7a-8e95-f64b4607b4c2,ee5cb0c5-34d3-47b6-b8cc-7a57f84e8f83,c1,None,1125,i4,?,
1769749170.2450006,RECEIVED,c7e772ca-c179-48cf-8c77-fc0ea9a51075,5bbc04be-0499-4343-b4c6-6be76a57c697,c3,DROP,683,i7,?,
1769749170.3124192,RECEIVED,692d57d9-5a68-4eaa-aad5-a6e567005a6a,70dae161-14d5-4c48-b3f5-ef226289d104,c4,c1,1251,i5,?,
1769749170.3336885,SENT,67f87151-df39-4c7a-8e95-f64b4607b4c2,ee5cb0c5-34d3-47b6-b8cc-7a57f84e8f83,c1,None,771,?,p1,
1769749170.3337312,FORWARDED,67f87151-df39-4c7a-8e95-f64b4607b4c2,ee5cb0c5-34d3-47b6-b8cc-7a57f84e8f83,c1,None,771,?,p1,
1769749170.34666,SENT,dbb5e492-f6e8-421b-b892-bc7927fc419d,e98e6210-a154-46e1-a43f-4120a409e565,c1,c5,911,?,p2,
1769749170.3466976,FORWARDED,dbb5e492-f6e8-421b-b892-bc7927fc419d,e98e6210-a154-46e1-a43f-4120a409e565,c1,c5,911,?,p2,
1769749170.4537303,SENT,6c9d4baf-f800-4772-abff-d0bed7c69041,88d84646-cd75-4f50-8f53-e38dbb39c990,c2,c3,911,?,p3,
1769749170.453771,FORWARDED,6c9d4baf-f800-4772-abff-d0bed7c69041,88d84646-cd75-4f50-8f53-e38dbb39c990,c2,c3,911,?,p3,
1769749170.6832304,SENT,692d57d9-5a68-4eaa-aad5-a6e567005a6a,70dae161-14d5-4c48-b3f5-ef226289d104,c4,c1,867,?,p1,
1769749170.683274,FORWARDED,692d57d9-5a68-4eaa-aad5-a6e567005a6a,70dae161-14d5-4c48-b3f5-ef226289d104,c4,c1,867,?,p1,
1769749170.7578533,SENT,1883cfec-2860-45f0-8ad9-15af2464f64f,7d1f5c41-c669-4477-93d8-e2cd126d7cb1,c3,DROP,443,?,e11,
1769749170.7578938,FORWARDED,1883cfec-2860-45f0-8ad9-15af2464f64f,7d1f5c41-c669-4477-93d8-e2cd126d7cb1,c3,DROP,443,?,e11,
1769749170.7723749,SENT,7c76de53-8f25-4dc1-800c-ba3a40bcb6c1,4524b453-f449-4226-ade5-1752771434c6,c4,DROP,441,?,e12,
1769749170.772414,FORWARDED,7c76de53-8f25-4dc1-800c-ba3a40bcb6c1,4524b453-f449-4226-ade5-1752771434c6,c4,DROP,441,?,e12,
1769749170.7885525,RECEIVED,5f58c93f-32a8-4f72-93b7-9e2a07698e74,39830164-d1f7-458d-b799-31f0a672c5e3,c4,DROP,683,i3,?,
1769749170.830244,SENT,c7e772ca-c179-48cf-8c77-fc0ea9a51075,5bbc04be-0499-4343-b4c6-6be76a57c697,c3,DROP,441,?,x6,
1769749170.8302834,FORWARDED,c7e772ca-c179-48cf-8c77-fc0ea9a51075,5bbc04be-0499-4343-b4c6-6be76a57c697,c3,DROP,441,?,x6,
1769749170.9881363,RECEIVED,13daeae9-c8bf-4889-baa9-c474f622ac7b,608dcd0a-9e6f-442f-9c01-7b5ffa4e50b6,c3,c2,1312,i1,?,
1769749171.0669863,SENT,13daeae9-c8bf-4889-baa9-c474f622ac7b,608dcd0a-9e6f-442f-9c01-7b5ffa4e50b6,c3,c2,912,?,p2,
1769749171.0670261,FORWARDED,13daeae9-c8bf-4889-baa9-c474f622ac7b,608dcd0a-9e6f-442f-9c01-7b5ffa4e50b6,c3,c2,912,?,p2,
1769749171.1323369,RECEIVED,a581c285-cea9-420f-bf99-fe1eb79d5fd3,194652ad-dbd1-4b57-97e5-59062a09b7f4,c5,DROP,693,i2,?,
1769749171.1529708,RECEIVED,af4d6db6-0be0-4afc-bbeb-c3070418ee3a,78bac712-bac2-4798-8790-e2ef0886ef4b,c4,DROP,683,i2,?,
1769749171.1819868,RECEIVED,38546710-f00b-4107-8d57-7d4cdf1a26b4,3694904f-ad18-4c58-8ed1-fd3d16e24a15,c2,DROP,689,i2,?,
1769749171.183778,RECEIVED,d14ef171-a4e0-4579-ba8a-a3fdc26b17a6,b169cbc7-9c1d-48d7-90c3-a17b69c30dc0,c2,DROP,688,i6,?,
1769749171.276624,SENT,38546710-f00b-4107-8d57-7d4cdf1a26b4,3694904f-ad18-4c58-8ed1-fd3d16e24a15,c2,DROP,442,?,x5,
1769749171.2766597,FORWARDED,38546710-f00b-4107-8d57-7d4cdf1a26b4,3694904f-ad18-4c58-8ed1-fd3d16e24a15,c2,DROP,442,?,x5,
1769749171.2830038,SENT,d14ef171-a4e0-4579-ba8a-a3fdc26b17a6,b169cbc7-9c1d-48d7-90c3-a17b69c30dc0,c2,DROP,442,?,e6,
1769749171.2830427,FORWARDED,d14ef171-a4e0-4579-ba8a-a3fdc26b17a6,b169cbc7-9c1d-48d7-90c3-a17b69c30dc0,c2,DROP,442,?,e6,
1769749171.3523862,FORWARDED,a581c285-cea9-420f-bf99-fe1eb79d5fd3,194652ad-dbd1-4b57-97e5-59062a09b7f4,c5,DROP,446,?,i12,
1769749171.430152,RECEIVED,113beab0-267a-4ed0-b9af-992ecc3c1e4d,04d3114d-73ca-4396-b268-08a132963798,c5,c3,1311,i8,?,
1769749171.5858119,SENT,af4d6db6-0be0-4afc-bbeb-c3070418ee3a,78bac712-bac2-4798-8790-e2ef0886ef4b,c4,DROP,441,?,x3,
1769749171.5858512,FORWARDED,af4d6db6-0be0-4afc-bbeb-c3070418ee3a,78bac712-bac2-4798-8790-e2ef0886ef4b,c4,DROP,441,?,x3,
1769749171.670632,RECEIVED,7a2b7bbe-35b9-4088-bc6b-aa7825b1c665,8e5313d0-8478-4623-b3af-883b8b6999d1,c5,DROP,688,i6,?,
1769749171.7653396,RECEIVED,68d4589f-26c3-42bd-ab3f-ce5f87ae3f54,87f0c7e0-e0c8-4188-8938-0ab344131579,c1,None,1124,i8,?,
1769749171.773474,SENT,5f58c93f-32a8-4f72-93b7-9e2a07698e74,39830164-d1f7-458d-b799-31f0a672c5e3,c4,DROP,440,?,e4,
1769749171.7735105,FORWARDED,5f58c93f-32a8-4f72-93b7-9e2a07698e74,39830164-d1f7-458d-b799-31f0a672c5e3,c4,DROP,440,?,e4,
1769749171.8290906,SENT,7a2b7bbe-35b9-4088-bc6b-aa7825b1c665,8e5313d0-8478-4623-b3af-883b8b6999d1,c5,DROP,442,?,i4,
1769749171.8291328,FORWARDED,7a2b7bbe-35b9-4088-bc6b-aa7825b1c665,8e5313d0-8478-4623-b3af-883b8b6999d1,c5,DROP,442,?,i4,
1769749172.0508983,SENT,68d4589f-26c3-42bd-ab3f-ce5f87ae3f54,87f0c7e0-e0c8-4188-8938-0ab344131579,c1,None,771,?,p1,
1769749172.0509393,FORWARDED,68d4589f-26c3-42bd-ab3f-ce5f87ae3f54,87f0c7e0-e0c8-4188-8938-0ab344131579,c1,None,771,?,p1,
1769749172.3640943,RECEIVED,07b87f2a-6a82-48cf-9fe8-13768f612529,4bbcbf74-ee89-4cea-92b3-38111571eb17,c3,c2,1264,i2,?,
1769749172.3757846,RECEIVED,df881513-3197-47d5-a0ef-e00f161c7775,52fbd7fc-704e-44f9-b97c-78d0eea02164,c3,None,1122,i2,?,
1769749172.37733,RECEIVED,eb148f56-5096-44ba-8861-c39ff96ed3be,cdb24fc2-f1e1-4946-890c-54a882d1172f,c5,DROP,441,x10,?,
1769749172.4597828,SENT,07b87f2a-6a82-48cf-9fe8-13768f612529,4bbcbf74-ee89-4cea-92b3-38111571eb17,c3,c2,876,?,p2,
1769749172.4598243,FORWARDED,07b87f2a-6a82-48cf-9fe8-13768f612529,4bbcbf74-ee89-4cea-92b3-38111571eb17,c3,c2,876,?,p2,
1769749172.5302176,RECEIVED,6d40a8b8-9be8-42f6-b8c7-35acdf390060,5a7068f3-1074-4490-8b93-96d325495bfd,c1,c5,1312,i7,?,
1769749172.5975177,RECEIVED,7b47d040-df99-4eb0-92a8-71e356816e37,91ec3eaf-6e91-4253-b88d-c752131749d7,c2,c3,1315,i6,?,
1769749172.701364,RECEIVED,550ecd19-d2f3-4ecd-8819-371fe90f65f0,013279ac-2d19-4318-939f-1e13f52271bf,c1,None,1128,i8,?,
1769749172.7127295,RECEIVED,07cfd668-a02b-4249-a623-a6a88a924cf2,3fd972c0-2d9a-429e-9261-6e14c89ded6f,c1,DROP,685,i4,?,
1769749172.7395434,SENT,6d40a8b8-9be8-42f6-b8c7-35acdf390060,5a7068f3-1074-4490-8b93-96d325495bfd,c1,c5,911,?,p2,
1769749172.7395794,FORWARDED,6d40a8b8-9be8-42f6-b8c7-35acdf390060,5a7068f3-1074-4490-8b93-96d325495bfd,c1,c5,911,?,p2,
1769749172.8037999,SENT,113beab0-267a-4ed0-b9af-992ecc3c1e4d,04d3114d-73ca-4396-b268-08a132963798,c5,c3,911,?,p3,
1769749172.8038387,FORWARDED,113beab0-267a-4ed0-b9af-992ecc3c1e4d,04d3114d-73ca-4396-b268-08a132963798,c5,c3,911,?,p3,
1769749172.8739078,SENT,550ecd19-d2f3-4ecd-8819-371fe90f65f0,013279ac-2d19-4318-939f-1e13f52271bf,c1,None,772,?,p1,
1769749172.8739512,FORWARDED,550ecd19-d2f3-4ecd-8819-371fe90f65f0,013279ac-2d19-4318-939f-1e13f52271bf,c1,None,772,?,p1,
1769749172.9440904,FORWARDED,07cfd668-a02b-4249-a623-a6a88a924cf2,3fd972c0-2d9a-429e-9261-6e14c89ded6f,c1,DROP,441,?,i11,
1769749173.008279,SENT,7b47d040-df99-4eb0-92a8-71e356816e37,91ec3eaf-6e91-4253-b88d-c752131749d7,c2,c3,914,?,p3,
1769749173.008329,FORWARDED,7b47d040-df99-4eb0-92a8-71e356816e37,91ec3eaf-6e91-4253-b88d-c752131749d7,c2,c3,914,?,p3,
1769749173.163411,RECEIVED,4eb894b6-0a22-4054-908d-a7c976088117,9fd9c8c6-1433-4a1c-a42c-cccda752c7c0,c3,None,1131,i7,?,
1769749173.2342918,RECEIVED,6774434c-766b-4de3-85e9-1b1647b75995,383b130a-5df4-430e-93fe-9c9b1a68b6f5,c4,DROP,685,i6,?,
1769749173.311532,SENT,6774434c-766b-4de3-85e9-1b1647b75995,383b130a-5df4-430e-93fe-9c9b1a68b6f5,c4,DROP,441,?,i2,
1769749173.31157,FORWARDED,6774434c-766b-4de3-85e9-1b1647b75995,383b130a-5df4-430e-93fe-9c9b1a68b6f5,c4,DROP,441,?,i2,
1769749173.3598344,RECEIVED,372bc0f3-f41c-49c2-b422-734c2956934e,87e71a01-f64a-4570-89f7-3df8a7a2d42a,c3,c2,1256,i7,?,
1769749173.4771893,RECEIVED,021b2340-ca6b-4d09-b999-6eccbc790a64,cb06b607-b725-4b84-b41a-0241f8e9fad2,c3,DROP,685,i2,?,
1769749173.5203102,SENT,df881513-3197-47d5-a0ef-e00f161c7775,52fbd7fc-704e-44f9-b97c-78d0eea02164,c3,None,771,?,p2,
1769749173.52035,FORWARDED,df881513-3197-47d5-a0ef-e00f161c7775,52fbd7fc-704e-44f9-b97c-78d0eea02164,c3,None,771,?,p2,
1769749173.5935783,SENT,021b2340-ca6b-4d09-b999-6eccbc790a64,cb06b607-b725-4b84-b41a-0241f8e9fad2,c3,DROP,441,?,e11,
1769749173.5936189,FORWARDED,021b2340-ca6b-4d09-b999-6eccbc790a64,cb06b607-b725-4b84-b41a-0241f8e9fad2,c3,DROP,441,?,e11,
1769749173.6000707,SENT,372bc0f3-f41c-49c2-b422-734c2956934e,87e71a01-f64a-4570-89f7-3df8a7a2d42a,c3,c2,868,?,p2,
1769749173.6001143,FORWARDED,372bc0f3-f41c-49c2-b422-734c2956934e,87e71a01-f64a-4570-89f7-3df8a7a2d42a,c3,c2,868,?,p2,
1769749173.6357012,RECEIVED,10e20ac3-568c-44dd-99cd-a1a73fcded7f,9ce85e64-753f-47b1-b49e-3bd3c6cabb3c,c4,DROP,437,x1,?,
1769749173.726785,RECEIVED,1c674c81-ebea-4ff9-a746-00f1bdb19d86,6c0740ca-a03d-4447-a2be-d875f02d42d0,c2,c3,1260,i6,?,
1769749173.8753488,RECEIVED,9fc8c22a-2c78-481d-b2db-6f4815af0b0a,51dd7264-33b2-47f2-8136-380a9e11bf03,c1,DROP,683,i1,?,
1769749173.9000697,RECEIVED,bc963e0d-a666-4f51-be0f-1bb8edc2d43f,c7030183-c52c-4804-aecc-5e00d0ca92c8,c3,c2,1259,i2,?,
1769749173.9179525,SENT,1c674c81-ebea-4ff9-a746-00f1bdb19d86,6c0740ca-a03d-4447-a2be-d875f02d42d0,c2,c3,871,?,p3,
1769749173.9179933,FORWARDED,1c674c81-ebea-4ff9-a746-00f1bdb19d86,6c0740ca-a03d-4447-a2be-d875f02d42d0,c2,c3,871,?,p3,
1769749173.9248009,RECEIVED,530763ef-02fd-4acb-99b0-e1e4c35d8c24,0c97cf83-7946-4d9e-a780-a9c43f81f22e,c3,c2,1249,i9,?,
1769749173.9900389,RECEIVED,0b45a3e3-db74-45ea-87f7-eea6ae2918e9,24888ad5-7f85-4301-af43-e1082079268a,c5,DROP,688,i5,?,
1769749174.0278625,RECEIVED,3018f6cd-7371-4709-9616-5abf8292c0bf,7e1d6b60-8745-4481-a208-f70fa952deb1,c1,DROP,447,x11,?,
1769749174.119163,SENT,4eb894b6-0a22-4054-908d-a7c976088117,9fd9c8c6-1433-4a1c-a42c-cccda752c7c0,c3,None,775,?,p2,
1769749174.1192048,FORWARDED,4eb894b6-0a22-4054-908d-a7c976088117,9fd9c8c6-1433-4a1c-a42c-cccda752c7c0,c3,None,775,?,p2,
1769749174.261309,SENT,0b45a3e3-db74-45ea-87f7-eea6ae2918e9,24888ad5-7f85-4301-af43-e1082079268a,c5,DROP,443,?,x5,
1769749174.26135,FORWARDED,0b45a3e3-db74-45ea-87f7-eea6ae2918e9,24888ad5-7f85-4301-af43-e1082079268a,c5,DROP,443,?,x5,
1769749174.262209,RECEIVED,5f6b39bf-a484-4c36-a0e9-214f4349f150,bb4cb9e0-fbb2-4df0-bb85-175bb973c757,c3,None,1128,i2,?,
1769749174.4021049,RECEIVED,fc57e615-aa76-42ba-9e2e-2d71fc6db245,e1be7792-837a-46d7-b3c2-1f1a3ac6d70f,c4,DROP,684,i6,?,
1769749174.4760377,SENT,fc57e615-aa76-42ba-9e2e-2d71fc6db245,e1be7792-837a-46d7-b3c2-1f1a3ac6d70f,c4,DROP,441,?,e2,
1769749174.4760892,FORWARDED,fc57e615-aa76-42ba-9e2e-2d71fc6db245,e1be7792-837a-46d7-b3c2-1f1a3ac6d70f,c4,DROP,441,?,e2,
1769749174.5884783,SENT,bc963e0d-a666-4f51-be0f-1bb8edc2d43f,c7030183-c52c-4804-aecc-5e00d0ca92c8,c3,c2,871,?,p2,
1769749174.5885189,FORWARDED,bc963e0d-a666-4f51-be0f-1bb8edc2d43f,c7030183-c52c-4804-aecc-5e00d0ca92c8,c3,c2,871,?,p2,
1769749174.6116478,RECEIVED,a9134e69-f73b-44cc-96c9-bc548f81ce59,36dd588e-8464-40a1-90f3-ff6d6e9baac7,c5,c3,1258,i6,?,
1769749174.614087,SENT,9fc8c22a-2c78-481d-b2db-6f4815af0b0a,51dd7264-33b2-47f2-8136-380a9e11bf03,c1,DROP,441,?,x6,
1769749174.6141362,FORWARDED,9fc8c22a-2c78-481d-b2db-6f4815af0b0a,51dd7264-33b2-47f2-8136-380a9e11bf03,c1,DROP,441,?,x6,
1769749174.6277664,SENT,5f6b39bf-a484-4c36-a0e9-214f4349f150,bb4cb9e0-fbb2-4df0-bb85-175bb973c757,c3,None,772,?,p2,
1769749174.6278088,FORWARDED,5f6b39bf-a484-4c36-a0e9-214f4349f150,bb4cb9e0-fbb2-4df0-bb85-175bb973c757,c3,None,772,?,p2,
1769749174.828767,RECEIVED,113a7d7e-88f0-42b6-b3bf-59230bbd8fa8,9c7f51c8-d066-474e-a5a1-f13aad68e317,c1,DROP,687,i9,?,
1769749174.850074,RECEIVED,832fc4ff-260f-4d9e-b064-8ce7c43c9364,232cd87a-df46-48cb-9d18-2c35e90c9b50,c2,DROP,687,i7,?,
1769749174.8683276,RECEIVED,acb1a7fc-b0e4-4418-a034-a813c1d00cb6,00f72ebc-9f8f-4632-97b1-cb9147ef5887,c4,DROP,689,i2,?,
1769749174.9851787,RECEIVED,b6af1125-b010-40f9-ba95-7e905be22e5c,5550cb58-5cea-4587-bf97-08c6ce96d5d4,c1,DROP,441,x7,?,
1769749175.131969,SENT,113a7d7e-88f0-42b6-b3bf-59230bbd8fa8,9c7f51c8-d066-474e-a5a1-f13aad68e317,c1,DROP,442,?,i8,
1769749175.132013,FORWARDED,113a7d7e-88f0-42b6-b3bf-59230bbd8fa8,9c7f51c8-d066-474e-a5a1-f13aad68e317,c1,DROP,442,?,i8,
1769749175.1678045,SENT,acb1a7fc-b0e4-4418-a034-a813c1d00cb6,00f72ebc-9f8f-4632-97b1-cb9147ef5887,c4,DROP,442,?,x11,
1769749175.1678443,FORWARDED,acb1a7fc-b0e4-4418-a034-a813c1d00cb6,00f72ebc-9f8f-4632-97b1-cb9147ef5887,c4,DROP,442,?,x11,
1769749175.180581,RECEIVED,d8904700-6ebf-431d-a5a0-adfc226f6b83,0ce6d8d6-7446-4cb4-86e6-4a236ff21074,c5,DROP,441,x1,?,
1769749175.211359,RECEIVED,14dedd96-17db-44ce-9de3-14ac34233ccb,7c5a0d38-d050-4de7-93e0-33f8f299e554,c5,DROP,683,i1,?,
1769749175.2127416,RECEIVED,e5d0efe4-ede6-40d4-9415-e97c13e486de,e00b9747-85e0-4a3a-976a-5c12e5334906,c4,DROP,689,i6,?,
1769749175.2851572,RECEIVED,9e6ebc28-5532-4f1e-a6dc-71cd3fc7ce7c,e4e71625-f5a7-4129-a782-880d9a26263d,c3,DROP,442,x2,?,
1769749175.362541,SENT,e5d0efe4-ede6-40d4-9415-e97c13e486de,e00b9747-85e0-4a3a-976a-5c12e5334906,c4,DROP,442,?,x11,
1769749175.3625808,FORWARDED,e5d0efe4-ede6-40d4-9415-e97c13e486de,e00b9747-85e0-4a3a-976a-5c12e5334906,c4,DROP,442,?,x11,
1769749175.3650675,RECEIVED,5620c993-32df-42db-8a6d-bf50ac18927d,db55241a-7e74-48aa-af7f-fdf1197670f6,c1,DROP,688,i5,?,
1769749175.4589515,SENT,5620c993-32df-42db-8a6d-bf50ac18927d,db55241a-7e74-48aa-af7f-fdf1197670f6,c1,DROP,442,?,i2,
1769749175.4589946,FORWARDED,5620c993-32df-42db-8a6d-bf50ac18927d,db55241a-7e74-48aa-af7f-fdf1197670f6,c1,DROP,442,?,i2,
1769749175.4845073,RECEIVED,9f93d5e7-5959-4f6a-ab47-f084d979c829,34b20236-8d6c-496b-ac95-0fcf21b1060d,c3,DROP,437,x9,?,
1769749175.507411,SENT,832fc4ff-260f-4d9e-b064-8ce7c43c9364,232cd87a-df46-48cb-9d18-2c35e90c9b50,c2,DROP,442,?,i5,
1769749175.5074537,FORWARDED,832fc4ff-260f-4d9e-b064-8ce7c43c9364,232cd87a-df46-48cb-9d18-2c35e90c9b50,c2,DROP,442,?,i5,
1769749175.6941888,RECEIVED,a8a4e251-01f8-4307-bd63-57ae03522507,bddc6e5e-53f9-43cb-b538-02be1374c9da,c4,c1,1259,i8,?,
1769749175.7499006,RECEIVED,072de871-876b-4eee-8a84-6ea1cb372fad,6a514da2-bfae-49ef-a362-1a8642754a93,c4,DROP,683,i8,?,
1769749175.8643475,RECEIVED,52b9a4d3-516c-47dd-bb2a-91a6d8ec38ad,fa6368a2-27ed-41a2-bec3-23138c4b0a3c,c3,DROP,443,x3,?,
1769749175.8813198,RECEIVED,6c81c14a-578e-4c16-9faa-7ef4917a4cf8,59fd8f4c-670c-4f71-ba70-cd469a4560a2,c3,c2,1263,i5,?,
1769749175.931345,RECEIVED,b529fbdb-b602-4da5-83c8-889f554f47e7,c04e7652-df21-4174-8460-0ad446e0469b,c5,DROP,683,i5,?,
1769749176.0454564,SENT,a9134e69-f73b-44cc-96c9-bc548f81ce59,36dd588e-8464-40a1-90f3-ff6d6e9baac7,c5,c3,871,?,p3,
1769749176.0454974,FORWARDED,a9134e69-f73b-44cc-96c9-bc548f81ce59,36dd588e-8464-40a1-90f3-ff6d6e9baac7,c5,c3,871,?,p3,
1769749176.0784009,SENT,6c81c14a-578e-4c16-9faa-7ef4917a4cf8,59fd8f4c-670c-4f71-ba70-cd469a4560a2,c3,c2,875,?,p2,
1769749176.0784416,FORWARDED,6c81c14a-578e-4c16-9faa-7ef4917a4cf8,59fd8f4c-670c-4f71-ba70-cd469a4560a2,c3,c2,875,?,p2,
1769749176.1102393,SENT,14dedd96-17db-44ce-9de3-14ac34233ccb,7c5a0d38-d050-4de7-93e0-33f8f299e554,c5,DROP,441,?,x9,
1769749176.1102793,FORWARDED,14dedd96-17db-44ce-9de3-14ac34233ccb,7c5a0d38-d050-4de7-93e0-33f8f299e554,c5,DROP,441,?,x9,
1769749176.1777616,RECEIVED,f3cdb462-acee-4646-9a24-e73f39c02904,d81f2b25-f643-402d-bd29-18cee489251a,c2,c3,1311,i7,?,
1769749176.1982255,RECEIVED,0f16bcc8-5340-4547-a838-0ed8abb618b8,352b1396-a5ab-4413-b115-444f3d1dfecc,c4,DROP,441,x3,?,
1769749176.2899013,RECEIVED,460ae71c-df26-4bae-a851-bd4441edc957,828d8dd3-30b2-4713-b655-18af6023ab44,c3,None,1123,i7,?,
1769749176.3222065,SENT,072de871-876b-4eee-8a84-6ea1cb372fad,6a514da2-bfae-49ef-a362-1a8642754a93,c4,DROP,441,?,x2,
1769749176.322245,FORWARDED,072de871-876b-4eee-8a84-6ea1cb372fad,6a514da2-bfae-49ef-a362-1a8642754a93,c4,DROP,441,?,x2,
1769749176.4886467,SENT,460ae71c-df26-4bae-a851-bd4441edc957,828d8dd3-30b2-4713-b655-18af6023ab44,c3,None,771,?,p2,
1769749176.4886854,FORWARDED,460ae71c-df26-4bae-a851-bd4441edc957,828d8dd3-30b2-4713-b655-18af6023ab44,c3,None,771,?,p2,
1769749176.537867,SENT,a8a4e251-01f8-4307-bd63-57ae03522507,bddc6e5e-53f9-43cb-b538-02be1374c9da,c4,c1,871,?,p1,
1769749176.537903,FORWARDED,a8a4e251-01f8-4307-bd63-57ae03522507,bddc6e5e-53f9-43cb-b538-02be1374c9da,c4,c1,871,?,p1,
1769749176.6103568,RECEIVED,c2c69d31-a4eb-4af4-8c92-427fb7883093,6d6b1762-d320-492f-9ab5-b3b896dcfce3,c2,DROP,684,i7,?,
1769749176.619018,SENT,b529fbdb-b602-4da5-83c8-889f554f47e7,c04e7652-df21-4174-8460-0ad446e0469b,c5,DROP,441,?,e6,
1769749176.6191926,FORWARDED,b529fbdb-b602-4da5-83c8-889f554f47e7,c04e7652-df21-4174-8460-0ad446e0469b,c5,DROP,441,?,e6,
1769749176.6568115,RECEIVED,2568b5ff-e8ac-4c63-a7a6-cfeb3391913a,adb280af-f5c1-40b0-8884-fc0bb681e536,c2,c3,1259,i6,?,
1769749176.7176263,RECEIVED,3df1d381-c2d3-47c3-9dfa-3207daa61b69,4b1696b5-e597-492b-a589-5e3dc5cc1008,c2,c3,1322,i6,?,
1769749176.7252636,SENT,c2c69d31-a4eb-4af4-8c92-427fb7883093,6d6b1762-d320-492f-9ab5-b3b896dcfce3,c2,DROP,440,?,x4,
1769749176.725327,FORWARDED,c2c69d31-a4eb-4af4-8c92-427fb7883093,6d6b1762-d320-492f-9ab5-b3b896dcfce3,c2,DROP,440,?,x4,
1769749176.7391884,SENT,f3cdb462-acee-4646-9a24-e73f39c02904,d81f2b25-f643-402d-bd29-18cee489251a,c2,c3,912,?,p3,
1769749176.7392292,FORWARDED,f3cdb462-acee-4646-9a24-e73f39c02904,d81f2b25-f643-402d-bd29-18cee489251a,c2,c3,912,?,p3,
1769749176.8285844,RECEIVED,3fc89bc5-fbdc-45af-a9fb-d55ecdb31e6e,822692a6-6386-46a0-8bf0-403505e1e2f0,c2,DROP,683,i1,?,
1769749176.9322793,SENT,530763ef-02fd-4acb-99b0-e1e4c35d8c24,0c97cf83-7946-4d9e-a780-a9c43f81f22e,c3,c2,867,?,p2,
1769749176.9323237,FORWARDED,530763ef-02fd-4acb-99b0-e1e4c35d8c24,0c97cf83-7946-4d9e-a780-a9c43f81f22e,c3,c2,867,?,p2,
1769749177.1262846,RECEIVED,737f3e88-dbc3-4098-bb57-65ca3e4e6d01,45e53615-b579-4e10-92b7-3c40f6622de4,c5,c3,1259,i5,?,
1769749177.1819134,SENT,3df1d381-c2d3-47c3-9dfa-3207daa61b69,4b1696b5-e597-492b-a589-5e3dc5cc1008,c2,c3,920,?,p3,
1769749177.1819534,FORWARDED,3df1d381-c2d3-47c3-9dfa-3207daa61b69,4b1696b5-e597-492b-a589-5e3dc5cc1008,c2,c3,920,?,p3,
1769749177.355556,RECEIVED,1626d543-129a-42fd-b87d-49044b8be040,53000c5d-a3c6-4b63-855b-d5f9934a54da,c4,DROP,687,i9,?,
1769749177.3673713,RECEIVED,7a41e244-c6eb-4f0b-b179-463cac3cc94d,9f848e52-a7c0-4462-bf01-727b5fe0e93a,c1,DROP,442,x7,?,
1769749177.8600638,RECEIVED,12abb28b-b28c-4b3f-967c-e3b53758bb91,39b69338-35b8-4f07-a98d-0453f41d328b,c3,DROP,440,x9,?,
1769749177.865585,RECEIVED,11ae937c-d234-427f-9599-da020e926fb7,5c190faf-42bf-4f9c-aa06-da721757b0ea,c2,DROP,689,i2,?,
1769749177.9084432,RECEIVED,7651733a-a169-4a4d-9e0d-6dd0c6af60a9,dbaf0f0e-e6ed-4e57-b077-c13842d129d3,c1,DROP,683,i7,?,
1769749177.9442472,SENT,11ae937c-d234-427f-9599-da020e926fb7,5c190faf-42bf-4f9c-aa06-da721757b0ea,c2,DROP,444,?,e10,
1769749177.9442859,FORWARDED,11ae937c-d234-427f-9599-da020e926fb7,5c190faf-42bf-4f9c-aa06-da721757b0ea,c2,DROP,444,?,e10,
1769749178.0525644,RECEIVED,4e833df2-eaae-4e67-8270-ba7093d771d2,73861d42-19da-493b-beae-32495761c6c4,c4,DROP,683,i4,?,
1769749178.0932832,SENT,1626d543-129a-42fd-b87d-49044b8be040,53000c5d-a3c6-4b63-855b-d5f9934a54da,c4,DROP,442,?,x3,
1769749178.0933394,FORWARDED,1626d543-129a-42fd-b87d-49044b8be040,53000c5d-a3c6-4b63-855b-d5f9934a54da,c4,DROP,442,?,x3,
1769749178.1909175,SENT,7651733a-a169-4a4d-9e0d-6dd0c6af60a9,dbaf0f0e-e6ed-4e57-b077-c13842d129d3,c1,DROP,441,?,x2,
1769749178.1909583,FORWARDED,7651733a-a169-4a4d-9e0d-6dd0c6af60a9,dbaf0f0e-e6ed-4e57-b077-c13842d129d3,c1,DROP,441,?,x2,
1769749178.243138,SENT,2568b5ff-e8ac-4c63-a7a6-cfeb3391913a,adb280af-f5c1-40b0-8884-fc0bb681e536,c2,c3,872,?,p3,
1769749178.2431767,FORWARDED,2568b5ff-e8ac-4c63-a7a6-cfeb3391913a,adb280af-f5c1-40b0-8884-fc0bb681e536,c2,c3,872,?,p3,
1769749178.2523582,RECEIVED,a26e4d47-56f5-4cc5-bc6b-20ba7e830f54,f54adc4f-717e-457d-9d00-a639463dfeed,c2,DROP,684,i7,?,
1769749178.341192,RECEIVED,d52d3845-636b-4a64-8fa4-3e8dcce174df,18f3d125-7b3e-4c1c-bad6-83fc0f1b20be,c4,DROP,688,i6,?,
1769749178.3478131,SENT,4e833df2-eaae-4e67-8270-ba7093d771d2,73861d42-19da-493b-beae-32495761c6c4,c4,DROP,441,?,i5,
1769749178.347858,FORWARDED,4e833df2-eaae-4e67-8270-ba7093d771d2,73861d42-19da-493b-beae-32495761c6c4,c4,DROP,441,?,i5,
1769749178.4567387,SENT,737f3e88-dbc3-4098-bb57-65ca3e4e6d01,45e53615-b579-4e10-92b7-3c40f6622de4,c5,c3,872,?,p3,
1769749178.4567785,FORWARDED,737f3e88-dbc3-4098-bb57-65ca3e4e6d01,45e53615-b579-4e10-92b7-3c40f6622de4,c5,c3,872,?,p3,
1769749178.5750828,RECEIVED,38f97923-124a-4f2d-97da-2040c3bccdd6,d364dcc9-c682-4212-83f6-1c0ef8e77590,c3,DROP,688,i2,?,
1769749178.585032,RECEIVED,cec46b8e-c0e9-46a8-b59f-47d98db7f998,90cd0aea-73df-4626-acbc-6d4bc73476af,c1,DROP,685,i3,?,
1769749178.6614878,FORWARDED,cec46b8e-c0e9-46a8-b59f-47d98db7f998,90cd0aea-73df-4626-acbc-6d4bc73476af,c1,DROP,441,?,i12,
1769749178.775423,SENT,3fc89bc5-fbdc-45af-a9fb-d55ecdb31e6e,822692a6-6386-46a0-8bf0-403505e1e2f0,c2,DROP,441,?,e7,
1769749178.7754653,FORWARDED,3fc89bc5-fbdc-45af-a9fb-d55ecdb31e6e,822692a6-6386-46a0-8bf0-403505e1e2f0,c2,DROP,441,?,e7,
1769749179.0010345,SENT,d52d3845-636b-4a64-8fa4-3e8dcce174df,18f3d125-7b3e-4c1c-bad6-83fc0f1b20be,c4,DROP,443,?,e11,
1769749179.0011153,FORWARDED,d52d3845-636b-4a64-8fa4-3e8dcce174df,18f3d125-7b3e-4c1c-bad6-83fc0f1b20be,c4,DROP,443,?,e11,
1769749179.157278,SENT,38f97923-124a-4f2d-97da-2040c3bccdd6,d364dcc9-c682-4212-83f6-1c0ef8e77590,c3,DROP,442,?,x11,
1769749179.157315,FORWARDED,38f97923-124a-4f2d-97da-2040c3bccdd6,d364dcc9-c682-4212-83f6-1c0ef8e77590,c3,DROP,442,?,x11,
1769749179.164976,RECEIVED,6012aed9-2e6f-484e-b325-cce2b20ae8e2,4bf5c3b0-9c8e-4b2b-bd46-e213ae449bd1,c4,c1,1316,i8,?,
1769749179.2077615,RECEIVED,99a58364-9683-4999-91fd-033cd10994c6,fd8ea2c2-35f9-47d8-9a80-ebe69cf7dfa6,c1,c5,1260,i4,?,
1769749179.2977748,SENT,99a58364-9683-4999-91fd-033cd10994c6,fd8ea2c2-35f9-47d8-9a80-ebe69cf7dfa6,c1,c5,873,?,p2,
1769749179.2978108,FORWARDED,99a58364-9683-4999-91fd-033cd10994c6,fd8ea2c2-35f9-47d8-9a80-ebe69cf7dfa6,c1,c5,873,?,p2,
1769749179.3232887,SENT,6012aed9-2e6f-484e-b325-cce2b20ae8e2,4bf5c3b0-9c8e-4b2b-bd46-e213ae449bd1,c4,c1,913,?,p1,
1769749179.3233366,FORWARDED,6012aed9-2e6f-484e-b325-cce2b20ae8e2,4bf5c3b0-9c8e-4b2b-bd46-e213ae449bd1,c4,c1,913,?,p1,
1769749179.592098,RECEIVED,c27c1995-56dc-433c-94ed-f85adec5d0c7,51548a41-b1ef-48cf-b63d-a1fa80d6c94c,c3,None,1131,i2,?,
1769749179.9055731,RECEIVED,0c933b03-288d-4457-a051-6613c58cf4ac,32409927-590e-43be-b0bc-25dcad199e4d,c5,c3,1251,i2,?,
1769749180.0154285,RECEIVED,3ef36c78-6c06-4038-a35c-73cd582703ea,f2479751-a20f-4e8a-9e9b-81772d63ad81,c3,c2,1311,i9,?,
1769749180.100562,RECEIVED,51303308-450e-4a99-a6b9-11949b0b2ba2,c19caad5-ba12-4933-ab6c-522e8eabb55b,c2,c3,1313,i7,?,
1769749180.147366,SENT,51303308-450e-4a99-a6b9-11949b0b2ba2,c19caad5-ba12-4933-ab6c-522e8eabb55b,c2,c3,911,?,p3,
1769749180.14741,FORWARDED,51303308-450e-4a99-a6b9-11949b0b2ba2,c19caad5-ba12-4933-ab6c-522e8eabb55b,c2,c3,911,?,p3,
1769749180.1728778,SENT,a26e4d47-56f5-4cc5-bc6b-20ba7e830f54,f54adc4f-717e-457d-9d00-a639463dfeed,c2,DROP,441,?,e10,
1769749180.1729212,FORWARDED,a26e4d47-56f5-4cc5-bc6b-20ba7e830f54,f54adc4f-717e-457d-9d00-a639463dfeed,c2,DROP,441,?,e10,
1769749180.2084663,RECEIVED,42dd0773-0f97-426e-b78e-91e8e8697fb7,9b90b9bf-e6cd-4251-9fc0-10cb7e9e91ab,c1,None,1127,i9,?,
1769749180.2966285,SENT,c27c1995-56dc-433c-94ed-f85adec5d0c7,51548a41-b1ef-48cf-b63d-a1fa80d6c94c,c3,None,776,?,p2,
1769749180.2966688,FORWARDED,c27c1995-56dc-433c-94ed-f85adec5d0c7,51548a41-b1ef-48cf-b63d-a1fa80d6c94c,c3,None,776,?,p2,
1769749180.529933,SENT,42dd0773-0f97-426e-b78e-91e8e8697fb7,9b90b9bf-e6cd-4251-9fc0-10cb7e9e91ab,c1,None,772,?,p1,
1769749180.5299687,FORWARDED,42dd0773-0f97-426e-b78e-91e8e8697fb7,9b90b9bf-e6cd-4251-9fc0-10cb7e9e91ab,c1,None,772,?,p1,
1769749180.571312,RECEIVED,fc7ed843-eeb9-41b0-912c-505e48306bac,6ab244d6-1041-4db5-ac37-10cdd430fa6e,c4,DROP,685,i2,?,
1769749180.6771498,SENT,fc7ed843-eeb9-41b0-912c-505e48306bac,6ab244d6-1041-4db5-ac37-10cdd430fa6e,c4,DROP,441,?,x12,
1769749180.6771877,FORWARDED,fc7ed843-eeb9-41b0-912c-505e48306bac,6ab244d6-1041-4db5-ac37-10cdd430fa6e,c4,DROP,441,?,x12,
1769749180.761225,RECEIVED,4e40ae8b-e625-42fd-95dd-dc6f00530281,d1e4fe60-c898-4d17-8329-095a22a7364e,c5,c3,1311,i6,?,
1769749180.8003023,RECEIVED,af3e94be-71b4-4a5b-b09c-fc77ae26bd1c,9ccf31f2-bc0a-4c2b-8f86-5fa42bc8f00e,c2,DROP,684,i2,?,
1769749180.8151686,RECEIVED,db574526-21fc-43e6-8e2d-8ea2b0d98bbb,15bb6030-79da-4dd7-a197-33cc954939b1,c3,c2,1324,i5,?,
1769749180.901867,SENT,db574526-21fc-43e6-8e2d-8ea2b0d98bbb,15bb6030-79da-4dd7-a197-33cc954939b1,c3,c2,920,?,p2,
1769749180.9019074,FORWARDED,db574526-21fc-43e6-8e2d-8ea2b0d98bbb,15bb6030-79da-4dd7-a197-33cc954939b1,c3,c2,920,?,p2,
1769749181.0111685,RECEIVED,0c3347f5-3dcd-40d7-9b61-f232ee0fde58,0ec6d1b6-59d7-4085-8e56-759a3f2e33e5,c5,None,1131,i7,?,
1769749181.0202353,RECEIVED,7eddb81f-c009-4b3c-88f9-7f85ecfc04e9,e750ad06-ec8b-4c84-bc6d-1a3dc89838c5,c5,None,1123,i8,?,
1769749181.198884,SENT,3ef36c78-6c06-4038-a35c-73cd582703ea,f2479751-a20f-4e8a-9e9b-81772d63ad81,c3,c2,911,?,p2,
1769749181.1989279,FORWARDED,3ef36c78-6c06-4038-a35c-73cd582703ea,f2479751-a20f-4e8a-9e9b-81772d63ad81,c3,c2,911,?,p2,
1769749181.2814367,SENT,af3e94be-71b4-4a5b-b09c-fc77ae26bd1c,9ccf31f2-bc0a-4c2b-8f86-5fa42bc8f00e,c2,DROP,441,?,i9,
1769749181.2814755,FORWARDED,af3e94be-71b4-4a5b-b09c-fc77ae26bd1c,9ccf31f2-bc0a-4c2b-8f86-5fa42bc8f00e,c2,DROP,441,?,i9,
1769749181.305404,RECEIVED,28661a4b-6889-44ba-815b-53dad6b54daa,bfb102ec-bf55-4c45-8dc5-59ae7d3086c4,c4,DROP,684,i1,?,
1769749181.3071988,RECEIVED,9974756a-2eb0-4f7b-acf4-080c78c65779,c3152a93-fe6a-4572-8144-8fc4f93ad912,c3,DROP,685,i9,?,
1769749181.3165107,RECEIVED,91b9233a-e0c3-4e38-b952-03e86552dd2e,d7449bed-bd31-441a-8056-08d1a528871e,c3,DROP,689,i7,?,
1769749181.3203678,RECEIVED,282d5b88-6a68-4e46-91df-fc8b296e1c17,518ab96c-9828-477b-9124-7b8dc1413841,c4,c1,1251,i2,?,
1769749181.3284268,SENT,9974756a-2eb0-4f7b-acf4-080c78c65779,c3152a93-fe6a-4572-8144-8fc4f93ad912,c3,DROP,441,?,x11,
1769749181.3284676,FORWARDED,9974756a-2eb0-4f7b-acf4-080c78c65779,c3152a93-fe6a-4572-8144-8fc4f93ad912,c3,DROP,441,?,x11,
1769749181.3312669,SENT,0c933b03-288d-4457-a051-6613c58cf4ac,32409927-590e-43be-b0bc-25dcad199e4d,c5,c3,867,?,p3,
1769749181.3313057,FORWARDED,0c933b03-288d-4457-a051-6613c58cf4ac,32409927-590e-43be-b0bc-25dcad199e4d,c5,c3,867,?,p3,
1769749181.3429673,RECEIVED,db15be0e-c2d4-491c-b94c-6a1623842423,ef04d983-bb1e-462d-8812-0bf42e7a04c2,c2,None,1131,i5,?,
1769749181.5204594,SENT,91b9233a-e0c3-4e38-b952-03e86552dd2e,d7449bed-bd31-441a-8056-08d1a528871e,c3,DROP,442,?,x12,
1769749181.5205007,FORWARDED,91b9233a-e0c3-4e38-b952-03e86552dd2e,d7449bed-bd31-441a-8056-08d1a528871e,c3,DROP,442,?,x12,
1769749181.6129613,RECEIVED,be5089cb-9616-4056-94b8-a830ff049c20,51561d83-1c11-443e-b568-4a75fc990135,c4,DROP,688,i8,?,
1769749181.617959,SENT,28661a4b-6889-44ba-815b-53dad6b54daa,bfb102ec-bf55-4c45-8dc5-59ae7d3086c4,c4,DROP,440,?,x11,
1769749181.6179988,FORWARDED,28661a4b-6889-44ba-815b-53dad6b54daa,bfb102ec-bf55-4c45-8dc5-59ae7d3086c4,c4,DROP,440,?,x11,
1769749181.6498697,SENT,4e40ae8b-e625-42fd-95dd-dc6f00530281,d1e4fe60-c898-4d17-8329-095a22a7364e,c5,c3,912,?,p3,
1769749181.6499126,FORWARDED,4e40ae8b-e625-42fd-95dd-dc6f00530281,d1e4fe60-c898-4d17-8329-095a22a7364e,c5,c3,912,?,p3,
1769749181.6873415,SENT,be5089cb-9616-4056-94b8-a830ff049c20,51561d83-1c11-443e-b568-4a75fc990135,c4,DROP,442,?,e5,
1769749181.6873817,FORWARDED,be5089cb-9616-4056-94b8-a830ff049c20,51561d83-1c11-443e-b568-4a75fc990135,c4,DROP,442,?,e5,
1769749181.6992295,SENT,282d5b88-6a68-4e46-91df-fc8b296e1c17,518ab96c-9828-477b-9124-7b8dc1413841,c4,c1,867,?,p1,
1769749181.6992826,FORWARDED,282d5b88-6a68-4e46-91df-fc8b296e1c17,518ab96c-9828-477b-9124-7b8dc1413841,c4,c1,867,?,p1,
1769749181.7497003,SENT,7eddb81f-c009-4b3c-88f9-7f85ecfc04e9,e750ad06-ec8b-4c84-bc6d-1a3dc89838c5,c5,None,771,?,p1,
1769749181.7497418,FORWARDED,7eddb81f-c009-4b3c-88f9-7f85ecfc04e9,e750ad06-ec8b-4c84-bc6d-1a3dc89838c5,c5,None,771,?,p1,
1769749181.8373575,SENT,db15be0e-c2d4-491c-b94c-6a1623842423,ef04d983-bb1e-462d-8812-0bf42e7a04c2,c2,None,776,?,p3,
1769749181.8373997,FORWARDED,db15be0e-c2d4-491c-b94c-6a1623842423,ef04d983-bb1e-462d-8812-0bf42e7a04c2,c2,None,776,?,p3,
1769749181.8709164,RECEIVED,87417018-e486-44c0-b886-07ed5dcccd27,bdeddfeb-ae24-486a-b76e-677c27b8886b,c2,c3,1323,i6,?,
1769749181.9925375,RECEIVED,5d4af352-f122-4336-8c38-63a2678e29a2,fd9439bb-b145-4a3d-93fb-bcbecab3a1fb,c1,DROP,688,i7,?,
1769749182.040747,SENT,5d4af352-f122-4336-8c38-63a2678e29a2,fd9439bb-b145-4a3d-93fb-bcbecab3a1fb,c1,DROP,442,?,e5,
1769749182.040788,FORWARDED,5d4af352-f122-4336-8c38-63a2678e29a2,fd9439bb-b145-4a3d-93fb-bcbecab3a1fb,c1,DROP,442,?,e5,
1769749182.0873456,RECEIVED,6536ea69-1c7c-4328-b8b3-c915bbfb6246,988888f9-156a-46bd-a29e-842b5a7ae0d1,c1,DROP,688,i8,?,
1769749182.0876818,RECEIVED,330a8f3d-53f5-4d13-a780-c79c6800005f,8cf963a9-21d4-4ec2-9624-bbc5a072af39,c1,DROP,684,i6,?,
1769749182.1315613,SENT,87417018-e486-44c0-b886-07ed5dcccd27,bdeddfeb-ae24-486a-b76e-677c27b8886b,c2,c3,919,?,p3,
1769749182.1316018,FORWARDED,87417018-e486-44c0-b886-07ed5dcccd27,bdeddfeb-ae24-486a-b76e-677c27b8886b,c2,c3,919,?,p3,
1769749182.1507723,RECEIVED,3a1c90f3-b797-43be-8f94-a427fd767ef2,1f2fa30e-7dee-4ef4-a8ee-03e24c596694,c5,DROP,684,i4,?,
1769749182.1570785,RECEIVED,7f40e4fd-a094-4bdf-85a1-1f2fefcb60a1,d748b480-3272-447e-91bb-e0b3b9146e6a,c5,c3,1320,i5,?,
1769749182.1992235,SENT,3a1c90f3-b797-43be-8f94-a427fd767ef2,1f2fa30e-7dee-4ef4-a8ee-03e24c596694,c5,DROP,440,?,i5,
1769749182.1992645,FORWARDED,3a1c90f3-b797-43be-8f94-a427fd767ef2,1f2fa30e-7dee-4ef4-a8ee-03e24c596694,c5,DROP,440,?,i5,
1769749182.2037048,SENT,6536ea69-1c7c-4328-b8b3-c915bbfb6246,988888f9-156a-46bd-a29e-842b5a7ae0d1,c1,DROP,442,?,e2,
1769749182.2037423,FORWARDED,6536ea69-1c7c-4328-b8b3-c915bbfb6246,988888f9-156a-46bd-a29e-842b5a7ae0d1,c1,DROP,442,?,e2,
1769749182.2210007,SENT,330a8f3d-53f5-4d13-a780-c79c6800005f,8cf963a9-21d4-4ec2-9624-bbc5a072af39,c1,DROP,441,?,x2,
1769749182.221042,FORWARDED,330a8f3d-53f5-4d13-a780-c79c6800005f,8cf963a9-21d4-4ec2-9624-bbc5a072af39,c1,DROP,441,?,x2,
1769749182.2489934,RECEIVED,a9a34057-689f-47f4-ac85-cbeacc8d166c,c559ec67-7ddb-4a49-bbd9-b63d6ba9941c,c5,c3,1252,i4,?,
1769749182.287933,SENT,0c3347f5-3dcd-40d7-9b61-f232ee0fde58,0ec6d1b6-59d7-4085-8e56-759a3f2e33e5,c5,None,775,?,p1,
1769749182.2879689,FORWARDED,0c3347f5-3dcd-40d7-9b61-f232ee0fde58,0ec6d1b6-59d7-4085-8e56-759a3f2e33e5,c5,None,775,?,p1,
1769749182.320131,SENT,a9a34057-689f-47f4-ac85-cbeacc8d166c,c559ec67-7ddb-4a49-bbd9-b63d6ba9941c,c5,c3,867,?,p3,
1769749182.3201718,FORWARDED,a9a34057-689f-47f4-ac85-cbeacc8d166c,c559ec67-7ddb-4a49-bbd9-b63d6ba9941c,c5,c3,867,?,p3,
1769749182.3231726,SENT,7f40e4fd-a094-4bdf-85a1-1f2fefcb60a1,d748b480-3272-447e-91bb-e0b3b9146e6a,c5,c3,916,?,p3,
1769749182.3232129,FORWARDED,7f40e4fd-a094-4bdf-85a1-1f2fefcb60a1,d748b480-3272-447e-91bb-e0b3b9146e6a,c5,c3,916,?,p3,
1769749182.3697515,RECEIVED,f4f00591-2c5d-4e36-8635-4ec078da9b43,b3ab6327-7969-433f-a022-22eb27f4e8db,c1,None,1123,i7,?,
1769749182.4141176,RECEIVED,898cdf1f-2020-4238-8342-72ea3253b565,4f33fca4-429b-4ebb-84ed-1adf99414211,c5,DROP,441,x2,?,
1769749182.6953845,RECEIVED,ebf23c00-2499-4cfa-9da0-daa8be0cffde,df0cdbf3-fd5b-4ef9-8c2c-1143d74a3894,c2,None,1131,i2,?,
1769749182.7081182,RECEIVED,0a71aa8e-6f8e-434b-82e7-119cd837d36c,c6c532a9-912f-4843-b625-b4e5fa6e2ce2,c1,DROP,688,i7,?,
1769749182.7334816,RECEIVED,4b52ba71-100d-4861-a8ba-31f52ccfe74e,a014350c-88f8-4df2-8ca2-85b1f18c7e6a,c5,DROP,687,i4,?,
1769749182.8013232,RECEIVED,71600ac5-c867-4eb1-9e8d-ba7cf538e3c3,29b4dbab-d0cc-4f8e-b004-f6ce31ce97cb,c4,DROP,441,x7,?,
1769749182.830936,SENT,0a71aa8e-6f8e-434b-82e7-119cd837d36c,c6c532a9-912f-4843-b625-b4e5fa6e2ce2,c1,DROP,442,?,e7,
1769749182.8309803,FORWARDED,0a71aa8e-6f8e-434b-82e7-119cd837d36c,c6c532a9-912f-4843-b625-b4e5fa6e2ce2,c1,DROP,442,?,e7,
1769749182.9197874,RECEIVED,28cae4bd-1c6f-40e9-a51b-120b7896f4f0,98e7c01b-c8c6-49de-8a02-80ba9f79558f,c1,DROP,442,x1,?,
1769749182.9687304,RECEIVED,5218cfcb-79fd-411b-ae2b-dd928a381c58,f821d04b-8344-4619-bc9f-08708217c3d5,c2,DROP,678,i9,?,
1769749182.990563,SENT,4b52ba71-100d-4861-a8ba-31f52ccfe74e,a014350c-88f8-4df2-8ca2-85b1f18c7e6a,c5,DROP,442,?,x6,
1769749182.9906037,FORWARDED,4b52ba71-100d-4861-a8ba-31f52ccfe74e,a014350c-88f8-4df2-8ca2-85b1f18c7e6a,c5,DROP,442,?,x6,
1769749182.9931529,RECEIVED,2a2ef496-62bc-4c28-8d97-18097f463c84,6f00ac85-efe2-4fdf-ba4a-833a6d73ca62,c5,DROP,442,x7,?,
1769749183.026598,RECEIVED,912fe75d-c181-4bda-ab9b-21269838c74b,8120e520-76b0-4153-9d8a-2b8fabfb6e15,c2,DROP,441,x5,?,
1769749183.0413985,SENT,ebf23c00-2499-4cfa-9da0-daa8be0cffde,df0cdbf3-fd5b-4ef9-8c2c-1143d74a3894,c2,None,776,?,p3,
1769749183.04144,FORWARDED,ebf23c00-2499-4cfa-9da0-daa8be0cffde,df0cdbf3-fd5b-4ef9-8c2c-1143d74a3894,c2,None,776,?,p3,
1769749183.049409,RECEIVED,c36f75a2-7939-4fab-aa04-573635e9f312,dc459c90-4842-49a9-b21d-e38b35aa1431,c1,None,1121,i6,?,
1769749183.1796606,RECEIVED,bc7296d3-921f-4dcf-a222-9ccb916dd8a1,ad4cc2ae-baa0-4ec2-ac39-af2ea8b7dd37,c2,None,1133,i1,?,
1769749183.2415955,SENT,bc7296d3-921f-4dcf-a222-9ccb916dd8a1,ad4cc2ae-baa0-4ec2-ac39-af2ea8b7dd37,c2,None,776,?,p3,
1769749183.241713,FORWARDED,bc7296d3-921f-4dcf-a222-9ccb916dd8a1,ad4cc2ae-baa0-4ec2-ac39-af2ea8b7dd37,c2,None,776,?,p3,
1769749183.2876232,SENT,f4f00591-2c5d-4e36-8635-4ec078da9b43,b3ab6327-7969-433f-a022-22eb27f4e8db,c1,None,771,?,p1,
1769749183.287665,FORWARDED,f4f00591-2c5d-4e36-8635-4ec078da9b43,b3ab6327-7969-433f-a022-22eb27f4e8db,c1,None,771,?,p1,
1769749183.3123498,RECEIVED,99a71cbf-d179-4cb8-b2e2-33708a748ffb,32f5036f-412a-4d54-8151-23e3c867ac34,c5,DROP,683,i2,?,
1769749183.3818996,RECEIVED,abafe8d7-6a27-4a14-8086-ee7e9168951d,64db0880-02c1-4305-bfea-e4dcf6149e8a,c1,DROP,442,x7,?,
1769749183.400512,SENT,99a71cbf-d179-4cb8-b2e2-33708a748ffb,32f5036f-412a-4d54-8151-23e3c867ac34,c5,DROP,439,?,e8,
1769749183.4005454,FORWARDED,99a71cbf-d179-4cb8-b2e2-33708a748ffb,32f5036f-412a-4d54-8151-23e3c867ac34,c5,DROP,439,?,e8,
1769749183.808223,RECEIVED,19607857-f880-430f-9645-a64563a9f217,ecf4b81e-975b-4ca2-a3f2-5f2a4203c863,c5,None,1131,i5,?,
1769749183.8845203,SENT,5218cfcb-79fd-411b-ae2b-dd928a381c58,f821d04b-8344-4619-bc9f-08708217c3d5,c2,DROP,438,?,e9,
1769749183.8845625,FORWARDED,5218cfcb-79fd-411b-ae2b-dd928a381c58,f821d04b-8344-4619-bc9f-08708217c3d5,c2,DROP,438,?,e9,
1769749183.9396317,RECEIVED,89c1ea0a-6f78-4722-9373-aeb4afdc9345,64a6c871-4e01-49cf-9206-af860f0f96a9,c5,DROP,682,i1,?,
1769749183.9707937,RECEIVED,126d34da-488f-4f65-8096-0168ef3a6cbb,f7b42897-6960-4fe1-9312-681b8fa95880,c4,c1,1251,i9,?,
1769749183.990164,SENT,89c1ea0a-6f78-4722-9373-aeb4afdc9345,64a6c871-4e01-49cf-9206-af860f0f96a9,c5,DROP,437,?,x4,
1769749183.990203,FORWARDED,89c1ea0a-6f78-4722-9373-aeb4afdc9345,64a6c871-4e01-49cf-9206-af860f0f96a9,c5,DROP,437,?,x4,
1769749184.2501702,RECEIVED,ef2ce1d3-e90f-44ad-aee9-13c0b92c89dc,9c040da6-6530-44e4-ae61-fb1840cf9602,c1,c5,1256,i8,?,
1769749184.286519,SENT,c36f75a2-7939-4fab-aa04-573635e9f312,dc459c90-4842-49a9-b21d-e38b35aa1431,c1,None,771,?,p1,
1769749184.2865636,FORWARDED,c36f75a2-7939-4fab-aa04-573635e9f312,dc459c90-4842-49a9-b21d-e38b35aa1431,c1,None,771,?,p1,
1769749184.500444,SENT,126d34da-488f-4f65-8096-0168ef3a6cbb,f7b42897-6960-4fe1-9312-681b8fa95880,c4,c1,867,?,p1,
1769749184.5005023,FORWARDED,126d34da-488f-4f65-8096-0168ef3a6cbb,f7b42897-6960-4fe1-9312-681b8fa95880,c4,c1,867,?,p1,
1769749184.6738465,SENT,ef2ce1d3-e90f-44ad-aee9-13c0b92c89dc,9c040da6-6530-44e4-ae61-fb1840cf9602,c1,c5,868,?,p2,
1769749184.673888,FORWARDED,ef2ce1d3-e90f-44ad-aee9-13c0b92c89dc,9c040da6-6530-44e4-ae61-fb1840cf9602,c1,c5,868,?,p2,
1769749184.707795,RECEIVED,8b79c396-fb44-4abd-91bf-ccb62700923f,6ed177f6-0c50-4dae-9816-e36a2e719f76,c2,None,1129,i2,?,
1769749184.7746549,RECEIVED,33ca11b9-0378-4c3b-a4f4-5bf3d28121d6,b165c717-48c4-4629-92de-2e2ece5ddffa,c3,None,1126,i2,?,
1769749184.7779682,SENT,8b79c396-fb44-4abd-91bf-ccb62700923f,6ed177f6-0c50-4dae-9816-e36a2e719f76,c2,None,772,?,p3,
1769749184.7780135,FORWARDED,8b79c396-fb44-4abd-91bf-ccb62700923f,6ed177f6-0c50-4dae-9816-e36a2e719f76,c2,None,772,?,p3,
1769749184.875638,SENT,19607857-f880-430f-9645-a64563a9f217,ecf4b81e-975b-4ca2-a3f2-5f2a4203c863,c5,None,777,?,p1,
1769749184.875683,FORWARDED,19607857-f880-430f-9645-a64563a9f217,ecf4b81e-975b-4ca2-a3f2-5f2a4203c863,c5,None,777,?,p1,
1769749184.9186604,RECEIVED,35ef4f52-3440-475d-8485-213657da2a44,e4a76ecf-0d3f-46d8-ab34-d0066274ff0d,c4,DROP,683,i2,?,
1769749185.0774827,RECEIVED,3f24bb2f-597e-446b-830a-d1806e6ad1c8,1cec7f7b-fe75-43f0-85f9-82215eef4f71,c3,c2,1324,i5,?,
1769749185.0839071,SENT,33ca11b9-0378-4c3b-a4f4-5bf3d28121d6,b165c717-48c4-4629-92de-2e2ece5ddffa,c3,None,772,?,p2,
1769749185.0839453,FORWARDED,33ca11b9-0378-4c3b-a4f4-5bf3d28121d6,b165c717-48c4-4629-92de-2e2ece5ddffa,c3,None,772,?,p2,
1769749185.2250714,SENT,3f24bb2f-597e-446b-830a-d1806e6ad1c8,1cec7f7b-fe75-43f0-85f9-82215eef4f71,c3,c2,919,?,p2,
1769749185.2251155,FORWARDED,3f24bb2f-597e-446b-830a-d1806e6ad1c8,1cec7f7b-fe75-43f0-85f9-82215eef4f71,c3,c2,919,?,p2,
1769749185.2371104,RECEIVED,d3f9d840-3edc-4a1f-8318-ce3caa1d0eca,284a54d8-c2db-4ba6-b497-2ddf82625365,c5,DROP,442,x4,?,
1769749185.2942789,RECEIVED,15708fee-ceae-4c24-a519-fbc3f4807f1b,e81765e0-f57f-4465-a246-f9845aefb13b,c3,DROP,679,i9,?,
1769749185.3042521,RECEIVED,e4ab885b-4d84-454f-9e51-ddf04866d07b,e96b6052-8639-42b6-82c6-4b93952ee215,c2,DROP,683,i8,?,
1769749185.4705153,RECEIVED,5c224aa5-11b5-46e5-a983-558e9b2f9f4c,447b9e58-f362-430f-affb-2ce09cae979d,c5,c3,1314,i2,?,
1769749185.6048787,SENT,35ef4f52-3440-475d-8485-213657da2a44,e4a76ecf-0d3f-46d8-ab34-d0066274ff0d,c4,DROP,441,?,e1,
1769749185.6049209,FORWARDED,35ef4f52-3440-475d-8485-213657da2a44,e4a76ecf-0d3f-46d8-ab34-d0066274ff0d,c4,DROP,441,?,e1,
1769749185.783996,RECEIVED,543d6693-a81f-421e-81ed-a46a72086bc1,65ed4dbf-37b7-4816-ae04-8e513bce0b65,c1,DROP,684,i3,?,
1769749185.925813,RECEIVED,26ce59b5-90ae-4e5a-9cbb-b7abdc4fe938,11bd8ce3-635f-4f18-a6dc-81a8b21bed46,c3,DROP,684,i6,?,
1769749185.9869852,SENT,543d6693-a81f-421e-81ed-a46a72086bc1,65ed4dbf-37b7-4816-ae04-8e513bce0b65,c1,DROP,441,?,x1,
1769749185.987026,FORWARDED,543d6693-a81f-421e-81ed-a46a72086bc1,65ed4dbf-37b7-4816-ae04-8e513bce0b65,c1,DROP,441,?,x1,
1769749186.051014,SENT,26ce59b5-90ae-4e5a-9cbb-b7abdc4fe938,11bd8ce3-635f-4f18-a6dc-81a8b21bed46,c3,DROP,441,?,e5,
1769749186.0510623,FORWARDED,26ce59b5-90ae-4e5a-9cbb-b7abdc4fe938,11bd8ce3-635f-4f18-a6dc-81a8b21bed46,c3,DROP,441,?,e5,
1769749186.066796,SENT,15708fee-ceae-4c24-a519-fbc3f4807f1b,e81765e0-f57f-4465-a246-f9845aefb13b,c3,DROP,438,?,e8,
1769749186.0668366,FORWARDED,15708fee-ceae-4c24-a519-fbc3f4807f1b,e81765e0-f57f-4465-a246-f9845aefb13b,c3,DROP,438,?,e8,
1769749186.1102667,SENT,e4ab885b-4d84-454f-9e51-ddf04866d07b,e96b6052-8639-42b6-82c6-4b93952ee215,c2,DROP,439,?,i1,
1769749186.110313,FORWARDED,e4ab885b-4d84-454f-9e51-ddf04866d07b,e96b6052-8639-42b6-82c6-4b93952ee215,c2,DROP,439,?,i1,
1769749186.2628207,RECEIVED,ec97c95e-17c3-43b1-8cd8-c625b37400b8,69edbf91-0346-4963-adf4-9cb8c3c476c4,c1,c5,1259,i3,?,
1769749186.3524299,RECEIVED,218b3e8d-9aa8-4071-83e2-49cc67d94716,5f431c13-74ce-4d64-ba02-80ff2e95fb18,c5,None,1132,i6,?,
1769749186.4139507,SENT,218b3e8d-9aa8-4071-83e2-49cc67d94716,5f431c13-74ce-4d64-ba02-80ff2e95fb18,c5,None,776,?,p1,
1769749186.4139943,FORWARDED,218b3e8d-9aa8-4071-83e2-49cc67d94716,5f431c13-74ce-4d64-ba02-80ff2e95fb18,c5,None,776,?,p1,
1769749186.4167998,SENT,5c224aa5-11b5-46e5-a983-558e9b2f9f4c,447b9e58-f362-430f-affb-2ce09cae979d,c5,c3,913,?,p3,
1769749186.416839,FORWARDED,5c224aa5-11b5-46e5-a983-558e9b2f9f4c,447b9e58-f362-430f-affb-2ce09cae979d,c5,c3,913,?,p3,
1769749186.6581707,RECEIVED,7882762c-6dd0-46b3-9fbc-32e83cce072d,5cd93b5e-ab26-4c13-8bc3-c31e7b9fe764,c4,DROP,688,i7,?,
1769749186.659918,RECEIVED,b9c14667-074f-4fbd-b903-cd4e91b2c9ae,619c1dd1-b469-4bd2-af18-437bb7b95509,c4,DROP,683,i3,?,
1769749186.7043645,RECEIVED,91e4cddf-4b41-4bcf-96cb-bba4d7fd3457,2e4a4a3f-f8ca-449f-91ea-d1c2915785a4,c3,DROP,679,i1,?,
1769749186.7197034,SENT,7882762c-6dd0-46b3-9fbc-32e83cce072d,5cd93b5e-ab26-4c13-8bc3-c31e7b9fe764,c4,DROP,442,?,i3,
1769749186.7197454,FORWARDED,7882762c-6dd0-46b3-9fbc-32e83cce072d,5cd93b5e-ab26-4c13-8bc3-c31e7b9fe764,c4,DROP,442,?,i3,
1769749186.8100643,SENT,ec97c95e-17c3-43b1-8cd8-c625b37400b8,69edbf91-0346-4963-adf4-9cb8c3c476c4,c1,c5,872,?,p2,
1769749186.8101022,FORWARDED,ec97c95e-17c3-43b1-8cd8-c625b37400b8,69edbf91-0346-4963-adf4-9cb8c3c476c4,c1,c5,872,?,p2,
1769749186.9219658,RECEIVED,e505263c-817e-42d3-a57a-0df6b962b493,f631eaf4-1239-4855-b02e-31f4d9625061,c1,DROP,683,i5,?,
1769749186.9373958,RECEIVED,a79bccb2-352d-4760-8078-6046cba602e3,3da55b55-7581-4705-8de8-a65acbe487c3,c1,None,1123,i5,?,
1769749187.0961692,RECEIVED,4dd5b7ae-46b5-4089-a1d5-5e1d2bd6fdeb,c02a0106-bc29-4272-b1ab-5dd28762df78,c2,DROP,681,i8,?,
1769749187.1851041,SENT,e505263c-817e-42d3-a57a-0df6b962b493,f631eaf4-1239-4855-b02e-31f4d9625061,c1,DROP,441,?,i7,
1769749187.1851444,FORWARDED,e505263c-817e-42d3-a57a-0df6b962b493,f631eaf4-1239-4855-b02e-31f4d9625061,c1,DROP,441,?,i7,
1769749187.2496862,RECEIVED,e1db8e51-09de-46f6-b7e8-079d0c3d7073,97acdb85-d3f8-49ca-8f1d-5964f4771a8d,c2,c3,1323,i6,?,
1769749187.3393757,SENT,91e4cddf-4b41-4bcf-96cb-bba4d7fd3457,2e4a4a3f-f8ca-449f-91ea-d1c2915785a4,c3,DROP,437,?,i4,
1769749187.3394177,FORWARDED,91e4cddf-4b41-4bcf-96cb-bba4d7fd3457,2e4a4a3f-f8ca-449f-91ea-d1c2915785a4,c3,DROP,437,?,i4,
1769749187.3561609,RECEIVED,11feff98-ed52-4840-8fed-3cfbd826e22a,66893060-9aad-4523-88a1-2c291bf44e5e,c5,DROP,683,i2,?,
1769749187.4853272,SENT,e1db8e51-09de-46f6-b7e8-079d0c3d7073,97acdb85-d3f8-49ca-8f1d-5964f4771a8d,c2,c3,919,?,p3,
1769749187.4853663,FORWARDED,e1db8e51-09de-46f6-b7e8-079d0c3d7073,97acdb85-d3f8-49ca-8f1d-5964f4771a8d,c2,c3,919,?,p3,
1769749187.655597,SENT,a79bccb2-352d-4760-8078-6046cba602e3,3da55b55-7581-4705-8de8-a65acbe487c3,c1,None,771,?,p1,
1769749187.6556346,FORWARDED,a79bccb2-352d-4760-8078-6046cba602e3,3da55b55-7581-4705-8de8-a65acbe487c3,c1,None,771,?,p1,
1769749187.723834,RECEIVED,faabc05b-698b-42b3-bfa3-cd8dce168212,e160acb0-4551-4062-a315-8412ffd02406,c1,DROP,683,i7,?,
1769749187.7256172,SENT,b9c14667-074f-4fbd-b903-cd4e91b2c9ae,619c1dd1-b469-4bd2-af18-437bb7b95509,c4,DROP,441,?,i5,
1769749187.725659,FORWARDED,b9c14667-074f-4fbd-b903-cd4e91b2c9ae,619c1dd1-b469-4bd2-af18-437bb7b95509,c4,DROP,441,?,i5,
1769749187.8367379,SENT,4dd5b7ae-46b5-4089-a1d5-5e1d2bd6fdeb,c02a0106-bc29-4272-b1ab-5dd28762df78,c2,DROP,441,?,i1,
1769749187.8367777,FORWARDED,4dd5b7ae-46b5-4089-a1d5-5e1d2bd6fdeb,c02a0106-bc29-4272-b1ab-5dd28762df78,c2,DROP,441,?,i1,
1769749188.1388652,RECEIVED,94ddab0d-a132-48af-b9e4-b78b546ca829,f3705571-6cb4-43bb-acc4-8b1d0f5cd65b,c5,DROP,443,x7,?,
1769749188.239268,RECEIVED,67a5cc4d-8bc8-4f5b-a9db-ee1429c36aa0,23546f06-1d39-463a-b819-bddb315c267a,c1,DROP,687,i1,?,
1769749188.2875254,RECEIVED,47e7ceeb-4d33-423c-8695-0e1fee1b3ab2,d0308f4b-b01f-4100-a043-ea7ab2668c0f,c3,c2,1259,i1,?,
1769749188.3032553,SENT,faabc05b-698b-42b3-bfa3-cd8dce168212,e160acb0-4551-4062-a315-8412ffd02406,c1,DROP,441,?,e9,
1769749188.3032966,FORWARDED,faabc05b-698b-42b3-bfa3-cd8dce168212,e160acb0-4551-4062-a315-8412ffd02406,c1,DROP,441,?,e9,
1769749188.5519047,SENT,67a5cc4d-8bc8-4f5b-a9db-ee1429c36aa0,23546f06-1d39-463a-b819-bddb315c267a,c1,DROP,442,?,x7,
1769749188.551947,FORWARDED,67a5cc4d-8bc8-4f5b-a9db-ee1429c36aa0,23546f06-1d39-463a-b819-bddb315c267a,c1,DROP,442,?,x7,
1769749188.5663936,RECEIVED,4e11f00f-9901-4e90-bbf3-b8059a3276ec,1289ac7d-7bcb-45ba-a003-71db214e4154,c5,DROP,442,x6,?,
1769749188.8368928,SENT,11feff98-ed52-4840-8fed-3cfbd826e22a,66893060-9aad-4523-88a1-2c291bf44e5e,c5,DROP,441,?,e1,
1769749188.836936,FORWARDED,11feff98-ed52-4840-8fed-3cfbd826e22a,66893060-9aad-4523-88a1-2c291bf44e5e,c5,DROP,441,?,e1,
1769749188.8665898,RECEIVED,c73b99c5-d1de-4cb7-8ca4-5d371f5159b3,7031aa26-19d5-4c0f-848e-e6ed50630412,c2,DROP,688,i2,?,
1769749188.9270737,RECEIVED,64d1a0f2-496b-4ab3-b1b7-6f715fe37097,2e3a1682-8a92-4b97-9677-7b495e39caa6,c4,DROP,687,i1,?,
1769749188.9711049,SENT,c73b99c5-d1de-4cb7-8ca4-5d371f5159b3,7031aa26-19d5-4c0f-848e-e6ed50630412,c2,DROP,442,?,e6,
1769749188.9711456,FORWARDED,c73b99c5-d1de-4cb7-8ca4-5d371f5159b3,7031aa26-19d5-4c0f-848e-e6ed50630412,c2,DROP,442,?,e6,
1769749189.1310601,SENT,47e7ceeb-4d33-423c-8695-0e1fee1b3ab2,d0308f4b-b01f-4100-a043-ea7ab2668c0f,c3,c2,871,?,p2,
1769749189.1311107,FORWARDED,47e7ceeb-4d33-423c-8695-0e1fee1b3ab2,d0308f4b-b01f-4100-a043-ea7ab2668c0f,c3,c2,871,?,p2,
1769749189.2393768,RECEIVED,37c1b476-2bf3-4fdd-9c6a-3dfcbe4673ff,c31a6a18-d917-4130-b7b1-5fd5d708834a,c1,None,1131,i6,?,
1769749189.2744293,RECEIVED,77d14507-dbcb-40ac-988f-def4c8d3f248,4d83bcdd-d473-4fb3-a67e-62009d135675,c5,DROP,441,x10,?,
1769749189.4868143,RECEIVED,3bcef89c-13c3-4651-8bcd-f6230d8ec16e,c2c3c667-a6ed-4722-8f49-72ad39da5595,c2,DROP,684,i7,?,
1769749189.4926555,RECEIVED,9de2c933-81fc-4b8c-8c81-d4e3136b110a,8bd76692-af96-4984-8980-4c3b89665eef,c5,DROP,687,i3,?,
1769749189.5705154,SENT,64d1a0f2-496b-4ab3-b1b7-6f715fe37097,2e3a1682-8a92-4b97-9677-7b495e39caa6,c4,DROP,442,?,e6,
1769749189.5705562,FORWARDED,64d1a0f2-496b-4ab3-b1b7-6f715fe37097,2e3a1682-8a92-4b97-9677-7b495e39caa6,c4,DROP,442,?,e6,
1769749189.5825934,SENT,37c1b476-2bf3-4fdd-9c6a-3dfcbe4673ff,c31a6a18-d917-4130-b7b1-5fd5d708834a,c1,None,775,?,p1,
1769749189.582636,FORWARDED,37c1b476-2bf3-4fdd-9c6a-3dfcbe4673ff,c31a6a18-d917-4130-b7b1-5fd5d708834a,c1,None,775,?,p1,
1769749189.590703,SENT,3bcef89c-13c3-4651-8bcd-f6230d8ec16e,c2c3c667-a6ed-4722-8f49-72ad39da5595,c2,DROP,441,?,x2,
1769749189.5907433,FORWARDED,3bcef89c-13c3-4651-8bcd-f6230d8ec16e,c2c3c667-a6ed-4722-8f49-72ad39da5595,c2,DROP,441,?,x2,
1769749189.8021004,RECEIVED,711be2c7-1752-4b1f-8022-f1949a1f3349,059b0139-1296-4b0a-8325-3927d135d0b3,c2,DROP,688,i7,?,
1769749189.9300919,SENT,711be2c7-1752-4b1f-8022-f1949a1f3349,059b0139-1296-4b0a-8325-3927d135d0b3,c2,DROP,442,?,e9,
1769749189.930132,FORWARDED,711be2c7-1752-4b1f-8022-f1949a1f3349,059b0139-1296-4b0a-8325-3927d135d0b3,c2,DROP,442,?,e9,
1769749189.99708,RECEIVED,6d733687-d71f-42b4-b99c-b143571a960b,b3dc7677-b945-4496-a93a-265384aec4e9,c2,DROP,685,i1,?,
1769749190.2632651,RECEIVED,42564691-7e60-4525-ae8d-5a034b7d3cb7,6418917a-45c8-44a5-bdb4-92f6802827eb,c2,DROP,688,i8,?,
1769749190.2777216,RECEIVED,af5220f6-1b9d-4cda-b71d-71e924caa046,30dd38ad-4404-472f-8523-53b86110bf68,c1,DROP,683,i8,?,
1769749190.4102786,SENT,6d733687-d71f-42b4-b99c-b143571a960b,b3dc7677-b945-4496-a93a-265384aec4e9,c2,DROP,441,?,x12,
1769749190.4103146,FORWARDED,6d733687-d71f-42b4-b99c-b143571a960b,b3dc7677-b945-4496-a93a-265384aec4e9,c2,DROP,441,?,x12,
1769749190.4872503,RECEIVED,99d874f6-2527-4ca6-bda3-e88ec1cbc08f,d4c90202-181a-47a6-9b52-dd1f87a451c4,c3,c2,1263,i7,?,
1769749190.5093217,RECEIVED,0402e46a-e205-4709-9c80-c497bb54e30d,a8eaec3b-36b1-47f8-b017-e3a2a04efaa7,c3,DROP,442,x10,?,
1769749190.6926093,RECEIVED,d35004cf-ff51-4a06-8176-f12b820974df,2e8ab54b-1113-42e7-8176-169ae3c424dc,c4,c1,1250,i6,?,
1769749190.713421,SENT,99d874f6-2527-4ca6-bda3-e88ec1cbc08f,d4c90202-181a-47a6-9b52-dd1f87a451c4,c3,c2,875,?,p2,
1769749190.713461,FORWARDED,99d874f6-2527-4ca6-bda3-e88ec1cbc08f,d4c90202-181a-47a6-9b52-dd1f87a451c4,c3,c2,875,?,p2,
1769749190.7560453,SENT,af5220f6-1b9d-4cda-b71d-71e924caa046,30dd38ad-4404-472f-8523-53b86110bf68,c1,DROP,441,?,i1,
1769749190.7566152,FORWARDED,af5220f6-1b9d-4cda-b71d-71e924caa046,30dd38ad-4404-472f-8523-53b86110bf68,c1,DROP,441,?,i1,
1769749190.9105475,RECEIVED,639772ce-a84f-4a1f-9b82-fc3acb94758b,38dc303e-a15a-439a-a53a-c178f482b490,c1,DROP,683,i2,?,
1769749190.9106708,RECEIVED,701da00d-f82c-4472-b603-3f78f83f53e2,5c525a5d-822b-4083-b450-ac125fbe2dde,c3,c2,1320,i5,?,
1769749191.0225866,RECEIVED,def70570-d3fa-4696-9b14-343ca8318c89,2a0bcb52-7915-4410-87c7-0bcc9b0e4f71,c4,DROP,687,i9,?,
1769749191.089892,SENT,701da00d-f82c-4472-b603-3f78f83f53e2,5c525a5d-822b-4083-b450-ac125fbe2dde,c3,c2,916,?,p2,
1769749191.0899322,FORWARDED,701da00d-f82c-4472-b603-3f78f83f53e2,5c525a5d-822b-4083-b450-ac125fbe2dde,c3,c2,916,?,p2,
1769749191.1512337,SENT,d35004cf-ff51-4a06-8176-f12b820974df,2e8ab54b-1113-42e7-8176-169ae3c424dc,c4,c1,867,?,p1,
1769749191.1512756,FORWARDED,d35004cf-ff51-4a06-8176-f12b820974df,2e8ab54b-1113-42e7-8176-169ae3c424dc,c4,c1,867,?,p1,
1769749191.169341,SENT,9de2c933-81fc-4b8c-8c81-d4e3136b110a,8bd76692-af96-4984-8980-4c3b89665eef,c5,DROP,442,?,i2,
1769749191.1693845,FORWARDED,9de2c933-81fc-4b8c-8c81-d4e3136b110a,8bd76692-af96-4984-8980-4c3b89665eef,c5,DROP,442,?,i2,
1769749191.1792636,SENT,42564691-7e60-4525-ae8d-5a034b7d3cb7,6418917a-45c8-44a5-bdb4-92f6802827eb,c2,DROP,442,?,x10,
1769749191.1793096,FORWARDED,42564691-7e60-4525-ae8d-5a034b7d3cb7,6418917a-45c8-44a5-bdb4-92f6802827eb,c2,DROP,442,?,x10,
1769749191.2594743,RECEIVED,2b0bff9d-7b1f-4183-99ab-ca8c9f0d52c1,1d8e21dd-df4d-4682-8c1e-c98748b8b397,c3,DROP,687,i4,?,
1769749191.3887749,SENT,def70570-d3fa-4696-9b14-343ca8318c89,2a0bcb52-7915-4410-87c7-0bcc9b0e4f71,c4,DROP,442,?,e2,
1769749191.3888159,FORWARDED,def70570-d3fa-4696-9b14-343ca8318c89,2a0bcb52-7915-4410-87c7-0bcc9b0e4f71,c4,DROP,442,?,e2,
1769749191.5836627,RECEIVED,2e0a5c59-c3dc-4448-9c11-fef5ca991ea5,6373f7b0-c923-4412-81b9-2094158d8e73,c5,c3,1264,i6,?,
1769749191.6180332,RECEIVED,e6024241-f879-4da1-b05e-fd253193624e,46550dab-cbda-442b-a626-d423313b1b2f,c5,None,1131,i6,?,
1769749191.7003713,RECEIVED,0e021587-0205-473e-90c1-0ebc30468b3f,8d50e524-5cba-49e2-b547-3a4d2701c965,c3,c2,1259,i5,?,
1769749191.7307181,SENT,2b0bff9d-7b1f-4183-99ab-ca8c9f0d52c1,1d8e21dd-df4d-4682-8c1e-c98748b8b397,c3,DROP,442,?,i2,
1769749191.7307599,FORWARDED,2b0bff9d-7b1f-4183-99ab-ca8c9f0d52c1,1d8e21dd-df4d-4682-8c1e-c98748b8b397,c3,DROP,442,?,i2,
1769749191.79129,RECEIVED,d8264924-e589-4607-98a9-894e5b82b0dd,08dde009-8769-463d-8cb5-51092990624d,c1,DROP,443,x11,?,
1769749191.8057227,RECEIVED,f4467052-9891-498c-abcf-663d5e8835a4,a7d530dd-6d41-4de5-9550-668ffb2bd9a5,c1,DROP,684,i3,?,
1769749191.8318021,RECEIVED,ae23e53d-f178-4d0f-9fbe-38b702018a33,0747b205-92ca-4628-892e-a777dd7f47bc,c2,DROP,441,x1,?,
1769749191.9111362,RECEIVED,68e6a3e1-c8a7-43f7-866f-239d53034480,903fcfa2-f879-4359-ba61-64f00ea6b681,c5,DROP,684,i4,?,
1769749191.9734902,SENT,2e0a5c59-c3dc-4448-9c11-fef5ca991ea5,6373f7b0-c923-4412-81b9-2094158d8e73,c5,c3,876,?,p3,
1769749191.9735286,FORWARDED,2e0a5c59-c3dc-4448-9c11-fef5ca991ea5,6373f7b0-c923-4412-81b9-2094158d8e73,c5,c3,876,?,p3,
1769749192.0136952,SENT,e6024241-f879-4da1-b05e-fd253193624e,46550dab-cbda-442b-a626-d423313b1b2f,c5,None,775,?,p1,
1769749192.013737,FORWARDED,e6024241-f879-4da1-b05e-fd253193624e,46550dab-cbda-442b-a626-d423313b1b2f,c5,None,775,?,p1,
1769749192.0413115,SENT,68e6a3e1-c8a7-43f7-866f-239d53034480,903fcfa2-f879-4359-ba61-64f00ea6b681,c5,DROP,441,?,i7,
1769749192.0413525,FORWARDED,68e6a3e1-c8a7-43f7-866f-239d53034480,903fcfa2-f879-4359-ba61-64f00ea6b681,c5,DROP,441,?,i7,
1769749192.0441966,RECEIVED,8f5d2540-1d24-4ad2-9239-6b9612e80a4e,1dde68f3-0b1f-4c3d-8612-56f07e072e93,c5,DROP,688,i8,?,
1769749192.0607772,SENT,0e021587-0205-473e-90c1-0ebc30468b3f,8d50e524-5cba-49e2-b547-3a4d2701c965,c3,c2,872,?,p2,
1769749192.0608141,FORWARDED,0e021587-0205-473e-90c1-0ebc30468b3f,8d50e524-5cba-49e2-b547-3a4d2701c965,c3,c2,872,?,p2,
1769749192.315567,RECEIVED,7fca9d61-c854-43ff-8a34-4d2e50b6c9b8,3b3e850a-4a7f-470c-adb6-358a5b912756,c5,DROP,688,i6,?,
1769749192.4562736,RECEIVED,3a1cf055-4f31-47f9-bc1e-e8ac47883fbd,65ae87d1-655a-48aa-bf0b-4dd1c972787e,c2,c3,1320,i6,?,
1769749192.5156326,SENT,8f5d2540-1d24-4ad2-9239-6b9612e80a4e,1dde68f3-0b1f-4c3d-8612-56f07e072e93,c5,DROP,442,?,e11,
1769749192.5156755,FORWARDED,8f5d2540-1d24-4ad2-9239-6b9612e80a4e,1dde68f3-0b1f-4c3d-8612-56f07e072e93,c5,DROP,442,?,e11,
1769749192.5561163,RECEIVED,c770bffd-d3fa-4a59-89b6-f912b1d3d741,5524b3d5-f2ac-4bf7-b252-7a212cb79125,c3,c2,1259,i8,?,
1769749192.5673835,SENT,f4467052-9891-498c-abcf-663d5e8835a4,a7d530dd-6d41-4de5-9550-668ffb2bd9a5,c1,DROP,441,?,e11,
1769749192.5674272,FORWARDED,f4467052-9891-498c-abcf-663d5e8835a4,a7d530dd-6d41-4de5-9550-668ffb2bd9a5,c1,DROP,441,?,e11,
1769749192.5819373,SENT,7fca9d61-c854-43ff-8a34-4d2e50b6c9b8,3b3e850a-4a7f-470c-adb6-358a5b912756,c5,DROP,442,?,e5,
1769749192.5819805,FORWARDED,7fca9d61-c854-43ff-8a34-4d2e50b6c9b8,3b3e850a-4a7f-470c-adb6-358a5b912756,c5,DROP,442,?,e5,
1769749192.7051058,RECEIVED,73c68a99-2406-4b9d-b391-a7f245a8ca68,6a14de7e-363c-463c-a236-623a96f65596,c5,DROP,441,x12,?,
1769749192.747846,SENT,3a1cf055-4f31-47f9-bc1e-e8ac47883fbd,65ae87d1-655a-48aa-bf0b-4dd1c972787e,c2,c3,918,?,p3,
1769749192.7478876,FORWARDED,3a1cf055-4f31-47f9-bc1e-e8ac47883fbd,65ae87d1-655a-48aa-bf0b-4dd1c972787e,c2,c3,918,?,p3,
1769749192.8846416,RECEIVED,c6ef37b1-5207-4d84-9d1b-0a8b9d925d87,198d01d9-f0ba-417b-a6ea-31ebeba1c03c,c1,DROP,442,x10,?,
1769749192.9014726,SENT,c770bffd-d3fa-4a59-89b6-f912b1d3d741,5524b3d5-f2ac-4bf7-b252-7a212cb79125,c3,c2,871,?,p2,
1769749192.9015114,FORWARDED,c770bffd-d3fa-4a59-89b6-f912b1d3d741,5524b3d5-f2ac-4bf7-b252-7a212cb79125,c3,c2,871,?,p2,
1769749193.25552,RECEIVED,8dd9bb97-a473-4104-bb66-9d8cda81948b,a49a471c-f995-4331-8761-2041aee546eb,c4,DROP,688,i8,?,
1769749193.506469,RECEIVED,f1b95f93-583e-459f-acc4-1ac2b5418c85,71fbb274-2214-4fb6-948c-e8d548a6c33f,c1,DROP,684,i8,?,
1769749193.7037835,RECEIVED,6962474d-1bc8-46b1-ad46-e7f4c59ab0d5,a6198e0b-daaf-41fe-ab1e-326cb9a7e93d,c1,c5,1251,i7,?,
1769749193.7227302,RECEIVED,c6899bf4-693a-4afb-a4f5-bb3458af8c5d,e2e8c64f-0968-4cef-b451-c09067099cb6,c2,DROP,442,x6,?,
1769749193.7874622,FORWARDED,8dd9bb97-a473-4104-bb66-9d8cda81948b,a49a471c-f995-4331-8761-2041aee546eb,c4,DROP,443,?,i11,
1769749193.861373,SENT,f1b95f93-583e-459f-acc4-1ac2b5418c85,71fbb274-2214-4fb6-948c-e8d548a6c33f,c1,DROP,441,?,e8,
1769749193.8614106,FORWARDED,f1b95f93-583e-459f-acc4-1ac2b5418c85,71fbb274-2214-4fb6-948c-e8d548a6c33f,c1,DROP,441,?,e8,
1769749193.8773847,RECEIVED,b43ab637-ede2-4487-9fbc-786870f8e205,696610e2-a2de-48b7-8b8d-007ee2f6229a,c5,None,1132,i5,?,
1769749193.9396472,SENT,b43ab637-ede2-4487-9fbc-786870f8e205,696610e2-a2de-48b7-8b8d-007ee2f6229a,c5,None,775,?,p1,
1769749193.9396844,FORWARDED,b43ab637-ede2-4487-9fbc-786870f8e205,696610e2-a2de-48b7-8b8d-007ee2f6229a,c5,None,775,?,p1,
1769749194.0045338,SENT,639772ce-a84f-4a1f-9b82-fc3acb94758b,38dc303e-a15a-439a-a53a-c178f482b490,c1,DROP,441,?,x3,
1769749194.004574,FORWARDED,639772ce-a84f-4a1f-9b82-fc3acb94758b,38dc303e-a15a-439a-a53a-c178f482b490,c1,DROP,441,?,x3,
1769749194.1801398,SENT,6962474d-1bc8-46b1-ad46-e7f4c59ab0d5,a6198e0b-daaf-41fe-ab1e-326cb9a7e93d,c1,c5,867,?,p2,
1769749194.1801803,FORWARDED,6962474d-1bc8-46b1-ad46-e7f4c59ab0d5,a6198e0b-daaf-41fe-ab1e-326cb9a7e93d,c1,c5,867,?,p2,
1769749194.3585603,RECEIVED,f0e2708d-eac0-4fcb-84a1-0ad27e268782,db8d0c0a-275e-46f4-91fe-40baadeacd7b,c3,c2,1311,i1,?,
1769749194.7134566,RECEIVED,9fb09a1c-064f-4aba-91c8-52ace64260fc,1c13261f-7351-4d38-bc48-c436a54e53c1,c3,DROP,684,i4,?,
1769749194.77644,SENT,f0e2708d-eac0-4fcb-84a1-0ad27e268782,db8d0c0a-275e-46f4-91fe-40baadeacd7b,c3,c2,911,?,p2,
1769749194.7764826,FORWARDED,f0e2708d-eac0-4fcb-84a1-0ad27e268782,db8d0c0a-275e-46f4-91fe-40baadeacd7b,c3,c2,911,?,p2,
1769749194.9459882,SENT,9fb09a1c-064f-4aba-91c8-52ace64260fc,1c13261f-7351-4d38-bc48-c436a54e53c1,c3,DROP,441,?,i3,
1769749194.946029,FORWARDED,9fb09a1c-064f-4aba-91c8-52ace64260fc,1c13261f-7351-4d38-bc48-c436a54e53c1,c3,DROP,441,?,i3,
1769749195.031177,RECEIVED,60fab082-8b85-44a4-9d23-575b61bd3234,4c975dbf-b530-4882-b32d-18b92640fff2,c4,DROP,683,i9,?,
1769749195.3952727,RECEIVED,d506e8c5-f3b4-4e33-bbe6-c7809cb22f12,de309146-d7d7-476e-afaa-bae59d8f5cd9,c3,DROP,687,i5,?,
1769749195.4436135,SENT,d506e8c5-f3b4-4e33-bbe6-c7809cb22f12,de309146-d7d7-476e-afaa-bae59d8f5cd9,c3,DROP,442,?,x5,
1769749195.4436493,FORWARDED,d506e8c5-f3b4-4e33-bbe6-c7809cb22f12,de309146-d7d7-476e-afaa-bae59d8f5cd9,c3,DROP,442,?,x5,
1769749195.5139,RECEIVED,092a8a57-65ba-4895-9281-6dd585f11a65,8090b9c4-7d72-484b-a525-bfb6e8cb823c,c4,DROP,687,i6,?,
1769749195.5288098,RECEIVED,9a99c344-164d-41f8-b3f9-ed93c775b7ab,1e011739-9e2c-4a09-ac94-ee84ea925d72,c3,DROP,684,i5,?,
1769749195.632702,RECEIVED,cea58680-5bc3-40d5-9854-a1fcea620cf0,53ad3f60-0d82-4fc6-8f4c-2b880b7d894a,c5,DROP,683,i6,?,
1769749195.636464,SENT,60fab082-8b85-44a4-9d23-575b61bd3234,4c975dbf-b530-4882-b32d-18b92640fff2,c4,DROP,441,?,x1,
1769749195.6365001,FORWARDED,60fab082-8b85-44a4-9d23-575b61bd3234,4c975dbf-b530-4882-b32d-18b92640fff2,c4,DROP,441,?,x1,
1769749195.6412098,SENT,9a99c344-164d-41f8-b3f9-ed93c775b7ab,1e011739-9e2c-4a09-ac94-ee84ea925d72,c3,DROP,440,?,i9,
1769749195.6412532,FORWARDED,9a99c344-164d-41f8-b3f9-ed93c775b7ab,1e011739-9e2c-4a09-ac94-ee84ea925d72,c3,DROP,440,?,i9,
1769749195.674877,RECEIVED,f144aeb1-8348-4703-932b-0a2e6c1c9678,f9498c89-29e8-4556-89c5-faab5f7dadef,c5,c3,1323,i6,?,
1769749195.8132248,RECEIVED,9956c43a-2249-4d69-a3f0-d3175d33921b,b1cde494-e7b2-4d81-a0c1-a0a415949b72,c3,DROP,687,i6,?,
1769749196.017011,RECEIVED,4bee4d80-f610-4b2f-8acd-7c06f1607280,4590d413-eeee-4647-870c-36afc7697f45,c2,DROP,683,i6,?,
1769749196.0953984,RECEIVED,3a115054-f722-4eb8-a80f-0a5612db979c,4ffd7906-e251-405e-b577-110d90b1a265,c5,DROP,683,i4,?,
1769749196.1298513,RECEIVED,75e900c2-3ce8-4c4b-a8dc-15b1a613cf4f,599f358b-d9cc-4ac0-b73b-6ab04117af19,c2,None,1128,i5,?,
1769749196.141862,SENT,cea58680-5bc3-40d5-9854-a1fcea620cf0,53ad3f60-0d82-4fc6-8f4c-2b880b7d894a,c5,DROP,441,?,e6,
1769749196.141904,FORWARDED,cea58680-5bc3-40d5-9854-a1fcea620cf0,53ad3f60-0d82-4fc6-8f4c-2b880b7d894a,c5,DROP,441,?,e6,
1769749196.1527512,SENT,9956c43a-2249-4d69-a3f0-d3175d33921b,b1cde494-e7b2-4d81-a0c1-a0a415949b72,c3,DROP,442,?,e2,
1769749196.1527894,FORWARDED,9956c43a-2249-4d69-a3f0-d3175d33921b,b1cde494-e7b2-4d81-a0c1-a0a415949b72,c3,DROP,442,?,e2,
1769749196.4137247,SENT,75e900c2-3ce8-4c4b-a8dc-15b1a613cf4f,599f358b-d9cc-4ac0-b73b-6ab04117af19,c2,None,772,?,p3,
1769749196.4137654,FORWARDED,75e900c2-3ce8-4c4b-a8dc-15b1a613cf4f,599f358b-d9cc-4ac0-b73b-6ab04117af19,c2,None,772,?,p3,
1769749196.5892935,RECEIVED,6e0087ba-c5a6-41b1-8c6e-cfd97e2927c5,3322849f-ecad-4c19-bdb1-92c2f4876f1f,c1,None,1124,i8,?,
1769749196.6535947,SENT,f144aeb1-8348-4703-932b-0a2e6c1c9678,f9498c89-29e8-4556-89c5-faab5f7dadef,c5,c3,921,?,p3,
1769749196.6536489,FORWARDED,f144aeb1-8348-4703-932b-0a2e6c1c9678,f9498c89-29e8-4556-89c5-faab5f7dadef,c5,c3,921,?,p3,
1769749196.7859783,SENT,6e0087ba-c5a6-41b1-8c6e-cfd97e2927c5,3322849f-ecad-4c19-bdb1-92c2f4876f1f,c1,None,771,?,p1,
1769749196.7860198,FORWARDED,6e0087ba-c5a6-41b1-8c6e-cfd97e2927c5,3322849f-ecad-4c19-bdb1-92c2f4876f1f,c1,None,771,?,p1,
1769749196.8457253,SENT,092a8a57-65ba-4895-9281-6dd585f11a65,8090b9c4-7d72-484b-a525-bfb6e8cb823c,c4,DROP,442,?,i8,
1769749196.8457627,FORWARDED,092a8a57-65ba-4895-9281-6dd585f11a65,8090b9c4-7d72-484b-a525-bfb6e8cb823c,c4,DROP,442,?,i8,
1769749197.0224423,RECEIVED,a151ea0d-68fa-4621-a999-ee53f1c69b78,f0c4b449-e54a-457c-bb8e-f934fdb3efc7,c3,DROP,687,i3,?,
1769749197.0873728,RECEIVED,469baec5-a8ba-4dbf-8f0b-f6f98c80653f,4be67102-e687-4c95-ad1d-387776b2e17e,c5,DROP,688,i7,?,
1769749197.2168682,RECEIVED,90230821-36df-48e7-81a2-dcf4e7ca67da,ef47a92c-9270-4c75-b045-b7e48a39b910,c3,DROP,682,i5,?,
1769749197.276748,SENT,469baec5-a8ba-4dbf-8f0b-f6f98c80653f,4be67102-e687-4c95-ad1d-387776b2e17e,c5,DROP,442,?,e5,
1769749197.276801,FORWARDED,469baec5-a8ba-4dbf-8f0b-f6f98c80653f,4be67102-e687-4c95-ad1d-387776b2e17e,c5,DROP,442,?,e5,
1769749197.4263904,SENT,3a115054-f722-4eb8-a80f-0a5612db979c,4ffd7906-e251-405e-b577-110d90b1a265,c5,DROP,441,?,i1,
1769749197.4264312,FORWARDED,3a115054-f722-4eb8-a80f-0a5612db979c,4ffd7906-e251-405e-b577-110d90b1a265,c5,DROP,441,?,i1,
1769749197.5526547,RECEIVED,95d76ae1-6efc-4cc9-b145-e96edb5edde0,d229b417-210b-492a-a18f-d6086c2ee9ad,c5,DROP,683,i9,?,
1769749197.574333,RECEIVED,ab6b9008-4f39-4014-b5ef-07e2a544cc49,f80e43dd-3ddd-4e29-b44a-f56aec503c50,c2,DROP,442,x6,?,
1769749197.5924654,RECEIVED,6fb7a760-1b4a-41ad-803a-74a680ef9e15,f8023477-a61b-4083-99b0-6cb4fa84f926,c5,None,1124,i4,?,
1769749197.7601268,RECEIVED,dd752132-15f9-4ef8-93e9-4d47f0821a16,25f6e8f7-35dc-4dba-9f70-fe4494a0b89f,c2,DROP,687,i5,?,
1769749197.8047678,SENT,6fb7a760-1b4a-41ad-803a-74a680ef9e15,f8023477-a61b-4083-99b0-6cb4fa84f926,c5,None,771,?,p1,
1769749197.804821,FORWARDED,6fb7a760-1b4a-41ad-803a-74a680ef9e15,f8023477-a61b-4083-99b0-6cb4fa84f926,c5,None,771,?,p1,
1769749197.8983288,SENT,a151ea0d-68fa-4621-a999-ee53f1c69b78,f0c4b449-e54a-457c-bb8e-f934fdb3efc7,c3,DROP,443,?,i6,
1769749197.8983722,FORWARDED,a151ea0d-68fa-4621-a999-ee53f1c69b78,f0c4b449-e54a-457c-bb8e-f934fdb3efc7,c3,DROP,443,?,i6,
1769749197.973225,RECEIVED,a2fdda96-7e42-4437-b3ff-109723493357,b7493950-9869-4031-865c-40e72edff1e1,c3,DROP,443,x7,?,
1769749198.0369654,SENT,95d76ae1-6efc-4cc9-b145-e96edb5edde0,d229b417-210b-492a-a18f-d6086c2ee9ad,c5,DROP,441,?,i7,
1769749198.0370035,FORWARDED,95d76ae1-6efc-4cc9-b145-e96edb5edde0,d229b417-210b-492a-a18f-d6086c2ee9ad,c5,DROP,441,?,i7,
1769749198.120968,SENT,4bee4d80-f610-4b2f-8acd-7c06f1607280,4590d413-eeee-4647-870c-36afc7697f45,c2,DROP,441,?,e2,
1769749198.121006,FORWARDED,4bee4d80-f610-4b2f-8acd-7c06f1607280,4590d413-eeee-4647-870c-36afc7697f45,c2,DROP,441,?,e2,
1769749198.1644998,RECEIVED,bdba777e-dcc4-49c2-b854-830cc2322966,69505337-3272-45c0-90cf-4c2cd74bca33,c5,DROP,688,i5,?,
1769749198.41189,SENT,bdba777e-dcc4-49c2-b854-830cc2322966,69505337-3272-45c0-90cf-4c2cd74bca33,c5,DROP,442,?,e7,
1769749198.4119318,FORWARDED,bdba777e-dcc4-49c2-b854-830cc2322966,69505337-3272-45c0-90cf-4c2cd74bca33,c5,DROP,442,?,e7,
1769749198.4955578,SENT,dd752132-15f9-4ef8-93e9-4d47f0821a16,25f6e8f7-35dc-4dba-9f70-fe4494a0b89f,c2,DROP,442,?,x5,
1769749198.4955974,FORWARDED,dd752132-15f9-4ef8-93e9-4d47f0821a16,25f6e8f7-35dc-4dba-9f70-fe4494a0b89f,c2,DROP,442,?,x5,
1769749198.547258,RECEIVED,ed55121c-6692-4f6e-a82c-8ad330dbe149,00205500-93e9-4dec-8c36-4c1e2dbc1513,c3,DROP,684,i8,?,
1769749198.756771,RECEIVED,920414cd-8b45-41c2-ae64-be81eec1cac2,905025b9-0dbd-4003-b199-16d0bc78deab,c2,DROP,684,i5,?,
1769749198.8812995,SENT,ed55121c-6692-4f6e-a82c-8ad330dbe149,00205500-93e9-4dec-8c36-4c1e2dbc1513,c3,DROP,441,?,x12,
1769749198.8813372,FORWARDED,ed55121c-6692-4f6e-a82c-8ad330dbe149,00205500-93e9-4dec-8c36-4c1e2dbc1513,c3,DROP,441,?,x12,
1769749198.9157445,RECEIVED,716a0932-ed62-4894-8e04-aab24e537a28,93e33531-de95-4ce8-86ac-2be7d0ec2162,c4,DROP,688,i8,?,
1769749199.0269926,SENT,920414cd-8b45-41c2-ae64-be81eec1cac2,905025b9-0dbd-4003-b199-16d0bc78deab,c2,DROP,441,?,i9,
1769749199.0270321,FORWARDED,920414cd-8b45-41c2-ae64-be81eec1cac2,905025b9-0dbd-4003-b199-16d0bc78deab,c2,DROP,441,?,i9,
1769749199.1292577,FORWARDED,716a0932-ed62-4894-8e04-aab24e537a28,93e33531-de95-4ce8-86ac-2be7d0ec2162,c4,DROP,442,?,i10,
1769749199.1911378,SENT,90230821-36df-48e7-81a2-dcf4e7ca67da,ef47a92c-9270-4c75-b045-b7e48a39b910,c3,DROP,441,?,x7,
1769749199.1911862,FORWARDED,90230821-36df-48e7-81a2-dcf4e7ca67da,ef47a92c-9270-4c75-b045-b7e48a39b910,c3,DROP,441,?,x7,
1769749199.2250924,RECEIVED,6a219ff9-0311-43ed-a647-e0b034233bcf,cb204067-2b10-4fa6-8f03-0a2d0fdfd729,c3,c2,1311,i5,?,
1769749199.3521554,RECEIVED,a31393f8-d8d0-447c-abdc-18d2aa433797,f99e89a9-bb2c-4e2f-b8ff-3deab00bda40,c1,None,1123,i4,?,
1769749199.5318685,RECEIVED,6ddca491-7183-42a3-b36a-c5ae2c485af3,e21e13a7-4f1c-4701-92a1-69650f621f6b,c4,DROP,441,x3,?,
1769749199.6387713,RECEIVED,be4dce31-2f5b-4868-8fd7-ad765f5dc929,d0d6d4f1-bdcd-489e-aa3c-98b1a9d5302d,c1,DROP,687,i4,?,
1769749199.68319,RECEIVED,c3cc4fe6-09e9-4498-962f-094d3ba0615d,df862b1b-ab5a-4bbe-9842-44ee0cc2ebfd,c1,c5,1315,i7,?,
1769749199.7382197,RECEIVED,27f82e0a-3991-42be-ab8e-1524b545205b,4c51c49d-a3aa-4a58-93ce-06b46f3d3f3e,c1,c5,1252,i1,?,
1769749199.8478377,RECEIVED,0a263f64-3ce1-4373-8ff7-c3b8f6ce651d,31a51f90-cdce-4cc7-8df4-ea1a22a99363,c1,None,1132,i4,?,
1769749199.8604472,SENT,6a219ff9-0311-43ed-a647-e0b034233bcf,cb204067-2b10-4fa6-8f03-0a2d0fdfd729,c3,c2,912,?,p2,
1769749199.8604872,FORWARDED,6a219ff9-0311-43ed-a647-e0b034233bcf,cb204067-2b10-4fa6-8f03-0a2d0fdfd729,c3,c2,912,?,p2,
1769749199.872091,SENT,27f82e0a-3991-42be-ab8e-1524b545205b,4c51c49d-a3aa-4a58-93ce-06b46f3d3f3e,c1,c5,867,?,p2,
1769749199.8721395,FORWARDED,27f82e0a-3991-42be-ab8e-1524b545205b,4c51c49d-a3aa-4a58-93ce-06b46f3d3f3e,c1,c5,867,?,p2,
1769749200.0071838,RECEIVED,8bfa3157-cf83-45b2-bbbe-da298204a7e0,17ce1993-2073-4da7-8015-f1b36c2d4103,c1,DROP,682,i1,?,
1769749200.0289853,SENT,0a263f64-3ce1-4373-8ff7-c3b8f6ce651d,31a51f90-cdce-4cc7-8df4-ea1a22a99363,c1,None,775,?,p1,
1769749200.0290277,FORWARDED,0a263f64-3ce1-4373-8ff7-c3b8f6ce651d,31a51f90-cdce-4cc7-8df4-ea1a22a99363,c1,None,775,?,p1,
1769749200.204513,RECEIVED,9bab5c85-79c8-4cd5-8c3c-04e8bd1272da,25b03c9b-5fb1-4b94-b579-e8dafad2f472,c3,DROP,690,i2,?,
1769749200.267098,SENT,9bab5c85-79c8-4cd5-8c3c-04e8bd1272da,25b03c9b-5fb1-4b94-b579-e8dafad2f472,c3,DROP,442,?,x12,
1769749200.2671413,FORWARDED,9bab5c85-79c8-4cd5-8c3c-04e8bd1272da,25b03c9b-5fb1-4b94-b579-e8dafad2f472,c3,DROP,442,?,x12,
1769749200.2844052,SENT,c3cc4fe6-09e9-4498-962f-094d3ba0615d,df862b1b-ab5a-4bbe-9842-44ee0cc2ebfd,c1,c5,913,?,p2,
1769749200.2844436,FORWARDED,c3cc4fe6-09e9-4498-962f-094d3ba0615d,df862b1b-ab5a-4bbe-9842-44ee0cc2ebfd,c1,c5,913,?,p2,
1769749200.388123,RECEIVED,2b7102bb-b3f2-459e-905d-1a679f534c99,136d9f44-e380-4382-8a7f-92811a2ca977,c5,c3,1316,i6,?,
1769749200.4126594,RECEIVED,ea1e2901-38f1-470e-a2c1-5a131ab60696,169f408b-2144-4397-b2f4-04733899cf47,c1,DROP,684,i7,?,
1769749200.4163845,RECEIVED,5e69a35e-ab45-4cee-8cc1-debe8d3e016a,8c0dba61-b125-48f0-b2bb-46a0958b42cd,c3,DROP,689,i2,?,
1769749200.516829,SENT,ea1e2901-38f1-470e-a2c1-5a131ab60696,169f408b-2144-4397-b2f4-04733899cf47,c1,DROP,441,?,x6,
1769749200.5168705,FORWARDED,ea1e2901-38f1-470e-a2c1-5a131ab60696,169f408b-2144-4397-b2f4-04733899cf47,c1,DROP,441,?,x6,
1769749200.5426984,SENT,8bfa3157-cf83-45b2-bbbe-da298204a7e0,17ce1993-2073-4da7-8015-f1b36c2d4103,c1,DROP,440,?,e6,
1769749200.542734,FORWARDED,8bfa3157-cf83-45b2-bbbe-da298204a7e0,17ce1993-2073-4da7-8015-f1b36c2d4103,c1,DROP,440,?,e6,
1769749200.582288,SENT,2b7102bb-b3f2-459e-905d-1a679f534c99,136d9f44-e380-4382-8a7f-92811a2ca977,c5,c3,915,?,p3,
1769749200.5823288,FORWARDED,2b7102bb-b3f2-459e-905d-1a679f534c99,136d9f44-e380-4382-8a7f-92811a2ca977,c5,c3,915,?,p3,
1769749200.5826328,RECEIVED,54fd5af8-2eda-4397-aa21-247b79a0c1e6,f41f0f89-2e5a-40e9-a576-597a0bc7be4d,c5,None,1132,i6,?,
1769749200.5967908,RECEIVED,461b89c6-7c6c-45b0-9d57-fcca075b0840,ee1db438-b4be-42eb-a02c-7d2b140188ad,c2,DROP,687,i3,?,
1769749200.607533,SENT,be4dce31-2f5b-4868-8fd7-ad765f5dc929,d0d6d4f1-bdcd-489e-aa3c-98b1a9d5302d,c1,DROP,442,?,i1,
1769749200.6075752,FORWARDED,be4dce31-2f5b-4868-8fd7-ad765f5dc929,d0d6d4f1-bdcd-489e-aa3c-98b1a9d5302d,c1,DROP,442,?,i1,
1769749200.6259153,SENT,a31393f8-d8d0-447c-abdc-18d2aa433797,f99e89a9-bb2c-4e2f-b8ff-3deab00bda40,c1,None,771,?,p1,
1769749200.6259618,FORWARDED,a31393f8-d8d0-447c-abdc-18d2aa433797,f99e89a9-bb2c-4e2f-b8ff-3deab00bda40,c1,None,771,?,p1,
1769749200.8238,SENT,5e69a35e-ab45-4cee-8cc1-debe8d3e016a,8c0dba61-b125-48f0-b2bb-46a0958b42cd,c3,DROP,442,?,x10,
1769749200.8240414,FORWARDED,5e69a35e-ab45-4cee-8cc1-debe8d3e016a,8c0dba61-b125-48f0-b2bb-46a0958b42cd,c3,DROP,442,?,x10,
1769749200.9342635,SENT,54fd5af8-2eda-4397-aa21-247b79a0c1e6,f41f0f89-2e5a-40e9-a576-597a0bc7be4d,c5,None,775,?,p1,
1769749200.9343097,FORWARDED,54fd5af8-2eda-4397-aa21-247b79a0c1e6,f41f0f89-2e5a-40e9-a576-597a0bc7be4d,c5,None,775,?,p1,
1769749200.9493258,RECEIVED,ae90d8eb-e73a-4f4d-8be5-6863a9d65ec8,3e43b4c5-202c-46fe-b68c-b552e5dd9ae1,c5,None,1124,i4,?,
1769749201.2882228,SENT,ae90d8eb-e73a-4f4d-8be5-6863a9d65ec8,3e43b4c5-202c-46fe-b68c-b552e5dd9ae1,c5,None,771,?,p1,
1769749201.2882657,FORWARDED,ae90d8eb-e73a-4f4d-8be5-6863a9d65ec8,3e43b4c5-202c-46fe-b68c-b552e5dd9ae1,c5,None,771,?,p1,
1769749201.306895,SENT,461b89c6-7c6c-45b0-9d57-fcca075b0840,ee1db438-b4be-42eb-a02c-7d2b140188ad,c2,DROP,442,?,e11,
1769749201.3069377,FORWARDED,461b89c6-7c6c-45b0-9d57-fcca075b0840,ee1db438-b4be-42eb-a02c-7d2b140188ad,c2,DROP,442,?,e11,
1769749201.4642487,RECEIVED,aad8425d-546b-4816-a040-e06b230b532f,3a1cf2b1-a6cc-45b9-a0fd-39f0f7141b9a,c5,c3,1260,i7,?,
1769749201.5988402,RECEIVED,35b65bca-7e45-42fc-b8e7-174642f85e25,a0748abe-c837-4907-9144-47847cea0b23,c1,None,1126,i4,?,
1769749201.6964717,SENT,aad8425d-546b-4816-a040-e06b230b532f,3a1cf2b1-a6cc-45b9-a0fd-39f0f7141b9a,c5,c3,872,?,p3,
1769749201.6965196,FORWARDED,aad8425d-546b-4816-a040-e06b230b532f,3a1cf2b1-a6cc-45b9-a0fd-39f0f7141b9a,c5,c3,872,?,p3,
1769749201.764292,RECEIVED,683ce7de-71d7-4055-a720-ba5ac4d3371b,1612366b-352c-4e21-a162-8f0a0fb221f7,c4,DROP,684,i7,?,
1769749201.8048277,SENT,683ce7de-71d7-4055-a720-ba5ac4d3371b,1612366b-352c-4e21-a162-8f0a0fb221f7,c4,DROP,441,?,x6,
1769749201.8048642,FORWARDED,683ce7de-71d7-4055-a720-ba5ac4d3371b,1612366b-352c-4e21-a162-8f0a0fb221f7,c4,DROP,441,?,x6,
1769749201.9261775,RECEIVED,7cc575e8-9103-4ed9-9bfb-2c5ca7c56976,0335e02c-fbd6-47d1-8d47-9da524ad805e,c5,DROP,687,i5,?,
1769749201.9813805,RECEIVED,a45a064e-830d-4100-b8ab-dc87b22a63d5,b443a976-73eb-4a5c-a1f7-75c2b2960b6a,c1,c5,1255,i1,?,
1769749202.0509286,RECEIVED,90b92932-1e76-4e97-957e-830ec0c8008e,d9e0f71c-4a56-4185-a2ee-333a0cb96fc7,c4,DROP,684,i8,?,
1769749202.0981064,RECEIVED,53883899-d1cc-45f9-8787-7e415f5f2e0a,db7aef83-54f3-4cad-aeb0-81bc98187519,c5,None,1133,i4,?,
1769749202.1227853,SENT,53883899-d1cc-45f9-8787-7e415f5f2e0a,db7aef83-54f3-4cad-aeb0-81bc98187519,c5,None,775,?,p1,
1769749202.1228282,FORWARDED,53883899-d1cc-45f9-8787-7e415f5f2e0a,db7aef83-54f3-4cad-aeb0-81bc98187519,c5,None,775,?,p1,
1769749202.165384,SENT,90b92932-1e76-4e97-957e-830ec0c8008e,d9e0f71c-4a56-4185-a2ee-333a0cb96fc7,c4,DROP,440,?,e10,
1769749202.165427,FORWARDED,90b92932-1e76-4e97-957e-830ec0c8008e,d9e0f71c-4a56-4185-a2ee-333a0cb96fc7,c4,DROP,440,?,e10,
1769749202.1987743,RECEIVED,1ee1b899-be9a-49e7-89e3-79f0328cb0bd,096bb39f-4531-453e-bb5d-38a999171f1f,c2,DROP,445,x10,?,
1769749202.233407,SENT,7cc575e8-9103-4ed9-9bfb-2c5ca7c56976,0335e02c-fbd6-47d1-8d47-9da524ad805e,c5,DROP,442,?,e7,
1769749202.233448,FORWARDED,7cc575e8-9103-4ed9-9bfb-2c5ca7c56976,0335e02c-fbd6-47d1-8d47-9da524ad805e,c5,DROP,442,?,e7,
1769749202.3591807,RECEIVED,64351681-6394-4696-8caa-da7b55c056ab,ed1e24e0-3fc9-4b9f-920c-59b7b5949f60,c5,DROP,441,x10,?,
1769749202.397723,RECEIVED,e1c6e547-b943-4f1c-8e8c-b3926cd958aa,5e305e1b-fdf1-40a3-829b-a5587ee55cfa,c5,DROP,692,i7,?,
1769749202.4906318,RECEIVED,e420e9b1-8732-4f6f-9455-58244b817d3e,18f90fe8-a317-4fc7-b1e8-81935dc456bb,c3,None,1127,i3,?,
1769749202.6897373,RECEIVED,af6ea8c1-b2d6-49d7-9787-39aade872b3a,b47fc42f-8e0c-465d-be25-43aa614a9903,c2,None,1132,i1,?,
1769749202.7139091,SENT,e1c6e547-b943-4f1c-8e8c-b3926cd958aa,5e305e1b-fdf1-40a3-829b-a5587ee55cfa,c5,DROP,446,?,e10,
1769749202.7139614,FORWARDED,e1c6e547-b943-4f1c-8e8c-b3926cd958aa,5e305e1b-fdf1-40a3-829b-a5587ee55cfa,c5,DROP,446,?,e10,
1769749202.9144013,SENT,35b65bca-7e45-42fc-b8e7-174642f85e25,a0748abe-c837-4907-9144-47847cea0b23,c1,None,772,?,p1,
1769749202.9144452,FORWARDED,35b65bca-7e45-42fc-b8e7-174642f85e25,a0748abe-c837-4907-9144-47847cea0b23,c1,None,772,?,p1,
1769749203.009932,RECEIVED,4661be59-ba23-46e2-a1d1-404fb06dea51,010b1aa6-5d0b-443b-8e44-2242a1121291,c3,c2,1312,i5,?,
1769749203.103584,SENT,af6ea8c1-b2d6-49d7-9787-39aade872b3a,b47fc42f-8e0c-465d-be25-43aa614a9903,c2,None,775,?,p3,
1769749203.103626,FORWARDED,af6ea8c1-b2d6-49d7-9787-39aade872b3a,b47fc42f-8e0c-465d-be25-43aa614a9903,c2,None,775,?,p3,
1769749203.1450386,RECEIVED,2c0a155c-71b0-490f-8be1-6ca1f8e086fa,c6e110f9-8d84-4edf-aae9-5c0916d15323,c1,None,1129,i4,?,
1769749203.1786807,SENT,2c0a155c-71b0-490f-8be1-6ca1f8e086fa,c6e110f9-8d84-4edf-aae9-5c0916d15323,c1,None,772,?,p1,
1769749203.1787174,FORWARDED,2c0a155c-71b0-490f-8be1-6ca1f8e086fa,c6e110f9-8d84-4edf-aae9-5c0916d15323,c1,None,772,?,p1,
1769749203.1885564,SENT,4661be59-ba23-46e2-a1d1-404fb06dea51,010b1aa6-5d0b-443b-8e44-2242a1121291,c3,c2,912,?,p2,
1769749203.1886005,FORWARDED,4661be59-ba23-46e2-a1d1-404fb06dea51,010b1aa6-5d0b-443b-8e44-2242a1121291,c3,c2,912,?,p2,
1769749203.2833278,SENT,e420e9b1-8732-4f6f-9455-58244b817d3e,18f90fe8-a317-4fc7-b1e8-81935dc456bb,c3,None,772,?,p2,
1769749203.2833695,FORWARDED,e420e9b1-8732-4f6f-9455-58244b817d3e,18f90fe8-a317-4fc7-b1e8-81935dc456bb,c3,None,772,?,p2,
1769749203.4044907,RECEIVED,e6908f58-7b34-4440-b988-6eedb3e0d692,46309d68-25c9-490f-8f16-d3dbc1005fee,c5,DROP,684,i3,?,
1769749203.591227,SENT,a45a064e-830d-4100-b8ab-dc87b22a63d5,b443a976-73eb-4a5c-a1f7-75c2b2960b6a,c1,c5,868,?,p2,
1769749203.5912807,FORWARDED,a45a064e-830d-4100-b8ab-dc87b22a63d5,b443a976-73eb-4a5c-a1f7-75c2b2960b6a,c1,c5,868,?,p2,
1769749203.705246,RECEIVED,ba600761-6064-417c-a421-1ba2c1fde97e,74a36ad3-c210-41ba-8ffb-9a2a58b78409,c5,c3,1262,i7,?,
1769749203.713897,RECEIVED,d9162e49-37b8-4cb8-9965-3e94c83dbeab,04138b80-0811-4e1e-8b19-ebdb9b257450,c2,c3,1259,i6,?,
1769749203.8324213,RECEIVED,04592266-84fb-4e46-a8fa-8bbb5781ac8a,40800dce-0f91-42bf-af8f-16b49daa1290,c5,None,1132,i6,?,
1769749204.0313518,RECEIVED,85f4a427-65b5-4c72-9b72-6049ab463cde,a17a5e85-ce52-4a15-b98b-005f97fc679f,c4,DROP,442,x7,?,
1769749204.0461538,SENT,04592266-84fb-4e46-a8fa-8bbb5781ac8a,40800dce-0f91-42bf-af8f-16b49daa1290,c5,None,775,?,p1,
1769749204.0461936,FORWARDED,04592266-84fb-4e46-a8fa-8bbb5781ac8a,40800dce-0f91-42bf-af8f-16b49daa1290,c5,None,775,?,p1,
1769749204.2798736,RECEIVED,d3949a4a-a780-48a4-8119-dc2563b60bf2,f259e278-607b-4ae9-9448-4516a545c097,c1,DROP,683,i9,?,
1769749204.2930574,SENT,ba600761-6064-417c-a421-1ba2c1fde97e,74a36ad3-c210-41ba-8ffb-9a2a58b78409,c5,c3,876,?,p3,
1769749204.2930973,FORWARDED,ba600761-6064-417c-a421-1ba2c1fde97e,74a36ad3-c210-41ba-8ffb-9a2a58b78409,c5,c3,876,?,p3,
1769749204.32007,RECEIVED,9efda26e-c8a3-4ec0-8c12-ccdc9fa6ffdf,b968c5c8-831d-4d7b-9d28-c7da117a9cad,c2,None,1132,i6,?,
1769749204.4205987,RECEIVED,5b39fe1d-e288-477d-a233-54dfc7f670bd,4be24ba3-3066-4172-ae52-877f469b576f,c4,DROP,442,x11,?,
1769749204.4796014,SENT,e6908f58-7b34-4440-b988-6eedb3e0d692,46309d68-25c9-490f-8f16-d3dbc1005fee,c5,DROP,441,?,x10,
1769749204.4796433,FORWARDED,e6908f58-7b34-4440-b988-6eedb3e0d692,46309d68-25c9-490f-8f16-d3dbc1005fee,c5,DROP,441,?,x10,
1769749204.4885786,SENT,d9162e49-37b8-4cb8-9965-3e94c83dbeab,04138b80-0811-4e1e-8b19-ebdb9b257450,c2,c3,872,?,p3,
1769749204.4886165,FORWARDED,d9162e49-37b8-4cb8-9965-3e94c83dbeab,04138b80-0811-4e1e-8b19-ebdb9b257450,c2,c3,872,?,p3,
1769749204.534892,SENT,d3949a4a-a780-48a4-8119-dc2563b60bf2,f259e278-607b-4ae9-9448-4516a545c097,c1,DROP,441,?,x2,
1769749204.53493,FORWARDED,d3949a4a-a780-48a4-8119-dc2563b60bf2,f259e278-607b-4ae9-9448-4516a545c097,c1,DROP,441,?,x2,
1769749204.602753,RECEIVED,56837922-9238-458a-9bd0-4c46016c66fa,ac541f07-fb17-4848-80c1-74c79d6ad1e4,c4,DROP,683,i9,?,
1769749204.738205,SENT,9efda26e-c8a3-4ec0-8c12-ccdc9fa6ffdf,b968c5c8-831d-4d7b-9d28-c7da117a9cad,c2,None,775,?,p3,
1769749204.7382486,FORWARDED,9efda26e-c8a3-4ec0-8c12-ccdc9fa6ffdf,b968c5c8-831d-4d7b-9d28-c7da117a9cad,c2,None,775,?,p3,
1769749204.8434496,RECEIVED,3f52dde4-15c4-4952-a32c-50eab746fab7,df0bc181-6d64-469e-8c80-d634607a938e,c1,DROP,692,i8,?,
1769749205.030126,RECEIVED,38a3ec50-f2b8-4fe0-9e62-9b77ccdde708,2333cf79-ab41-4ce5-8b66-6534b7c6705b,c1,c5,1259,i2,?,
1769749205.2592475,SENT,3f52dde4-15c4-4952-a32c-50eab746fab7,df0bc181-6d64-469e-8c80-d634607a938e,c1,DROP,445,?,x11,
1769749205.2592862,FORWARDED,3f52dde4-15c4-4952-a32c-50eab746fab7,df0bc181-6d64-469e-8c80-d634607a938e,c1,DROP,445,?,x11,
1769749205.3783016,SENT,56837922-9238-458a-9bd0-4c46016c66fa,ac541f07-fb17-4848-80c1-74c79d6ad1e4,c4,DROP,441,?,e9,
1769749205.378341,FORWARDED,56837922-9238-458a-9bd0-4c46016c66fa,ac541f07-fb17-4848-80c1-74c79d6ad1e4,c4,DROP,441,?,e9,
1769749205.520679,RECEIVED,1872a223-1ba3-41ce-acd4-9c349fd56e12,583c44c1-4bbb-4c7d-8a1a-1df57e6f48cc,c5,None,1123,i4,?,
1769749205.5311177,RECEIVED,58072322-7b69-4e96-a504-5a43d158b517,d56cffdb-d568-461c-891c-7dd106966ea5,c4,DROP,441,x5,?,
1769749205.5708344,RECEIVED,98e42d65-28cb-4dde-b9b7-94d49d0a5416,2dba4db5-950f-455e-82fa-c3b497bdbeba,c5,c3,1324,i6,?,
1769749205.8456225,SENT,38a3ec50-f2b8-4fe0-9e62-9b77ccdde708,2333cf79-ab41-4ce5-8b66-6534b7c6705b,c1,c5,872,?,p2,
1769749205.8456647,FORWARDED,38a3ec50-f2b8-4fe0-9e62-9b77ccdde708,2333cf79-ab41-4ce5-8b66-6534b7c6705b,c1,c5,872,?,p2,
1769749205.876444,RECEIVED,df26f970-ebe0-4561-907e-4dc3e19548d3,6bf2d221-c11d-4b5e-9835-b3dd1a71baa2,c1,DROP,689,i2,?,
1769749205.8782737,SENT,98e42d65-28cb-4dde-b9b7-94d49d0a5416,2dba4db5-950f-455e-82fa-c3b497bdbeba,c5,c3,919,?,p3,
1769749205.878322,FORWARDED,98e42d65-28cb-4dde-b9b7-94d49d0a5416,2dba4db5-950f-455e-82fa-c3b497bdbeba,c5,c3,919,?,p3,
1769749205.900389,SENT,df26f970-ebe0-4561-907e-4dc3e19548d3,6bf2d221-c11d-4b5e-9835-b3dd1a71baa2,c1,DROP,442,?,e4,
1769749205.900428,FORWARDED,df26f970-ebe0-4561-907e-4dc3e19548d3,6bf2d221-c11d-4b5e-9835-b3dd1a71baa2,c1,DROP,442,?,e4,
1769749205.9117703,SENT,1872a223-1ba3-41ce-acd4-9c349fd56e12,583c44c1-4bbb-4c7d-8a1a-1df57e6f48cc,c5,None,771,?,p1,
1769749205.9118154,FORWARDED,1872a223-1ba3-41ce-acd4-9c349fd56e12,583c44c1-4bbb-4c7d-8a1a-1df57e6f48cc,c5,None,771,?,p1,
1769749206.1880655,RECEIVED,adbf2d0a-071e-46cd-8693-aa71b6af47a0,62b83476-571b-4817-bf27-939da2cab04f,c3,DROP,683,i2,?,
1769749206.21896,RECEIVED,58ceab99-0c49-4855-840d-9fe456ac66fc,21ac607a-aed5-41e0-b9cd-fe5a32ae7d9b,c3,DROP,684,i2,?,
1769749206.2815933,RECEIVED,f77381ec-44b0-42c9-9eea-d269a7f3f2ae,ba32c57c-d52b-4d98-9cb7-d81fba95b636,c4,DROP,688,i6,?,
1769749206.3031096,SENT,adbf2d0a-071e-46cd-8693-aa71b6af47a0,62b83476-571b-4817-bf27-939da2cab04f,c3,DROP,441,?,x2,
1769749206.3031504,FORWARDED,adbf2d0a-071e-46cd-8693-aa71b6af47a0,62b83476-571b-4817-bf27-939da2cab04f,c3,DROP,441,?,x2,
1769749206.3805509,RECEIVED,2c57065c-8532-47ec-b8e2-3a7bea1cc2e7,41dc8ddb-bcd2-46d0-a1f9-1d71766f09ff,c1,c5,1311,i1,?,
1769749206.4129148,SENT,f77381ec-44b0-42c9-9eea-d269a7f3f2ae,ba32c57c-d52b-4d98-9cb7-d81fba95b636,c4,DROP,442,?,x5,
1769749206.4129567,FORWARDED,f77381ec-44b0-42c9-9eea-d269a7f3f2ae,ba32c57c-d52b-4d98-9cb7-d81fba95b636,c4,DROP,442,?,x5,
1769749206.5704558,FORWARDED,58ceab99-0c49-4855-840d-9fe456ac66fc,21ac607a-aed5-41e0-b9cd-fe5a32ae7d9b,c3,DROP,441,?,i11,
1769749206.616181,RECEIVED,c62be9d1-4e2a-42df-8e38-656fa0d40a1b,e6f5289a-fdaf-4269-b0b4-02296856dc64,c3,None,1123,i3,?,
1769749206.747823,RECEIVED,9b8b25ef-e3cb-4aee-8340-bb5e98621b79,dbec1863-9899-4e1d-ad8a-9eb280a85926,c2,DROP,442,x4,?,
1769749206.8757637,RECEIVED,2e9d30dc-d374-45f1-8e3a-cdb74e3fb92f,23ac0c94-c513-4bdd-99fd-2ab95543ae0d,c5,None,1124,i7,?,
1769749207.023477,RECEIVED,0e114c66-a681-41aa-9416-228877b1e53b,16a55d1d-0fda-44cc-b1d5-6c779d53e5f6,c2,DROP,684,i6,?,
1769749207.0262282,SENT,2c57065c-8532-47ec-b8e2-3a7bea1cc2e7,41dc8ddb-bcd2-46d0-a1f9-1d71766f09ff,c1,c5,912,?,p2,
1769749207.0262673,FORWARDED,2c57065c-8532-47ec-b8e2-3a7bea1cc2e7,41dc8ddb-bcd2-46d0-a1f9-1d71766f09ff,c1,c5,912,?,p2,
1769749207.0759494,SENT,0e114c66-a681-41aa-9416-228877b1e53b,16a55d1d-0fda-44cc-b1d5-6c779d53e5f6,c2,DROP,441,?,x7,
1769749207.0759892,FORWARDED,0e114c66-a681-41aa-9416-228877b1e53b,16a55d1d-0fda-44cc-b1d5-6c779d53e5f6,c2,DROP,441,?,x7,
1769749207.261677,RECEIVED,87199719-8f73-430d-ab2c-fef1ace7f67a,4b364cf5-3796-4022-bec3-e4c6fd6a073f,c1,DROP,688,i9,?,
1769749207.307611,SENT,2e9d30dc-d374-45f1-8e3a-cdb74e3fb92f,23ac0c94-c513-4bdd-99fd-2ab95543ae0d,c5,None,771,?,p1,
1769749207.307653,FORWARDED,2e9d30dc-d374-45f1-8e3a-cdb74e3fb92f,23ac0c94-c513-4bdd-99fd-2ab95543ae0d,c5,None,771,?,p1,
1769749207.3402565,RECEIVED,f2ff492f-abf3-42fc-b229-608b990c81d2,738cc796-8423-41e2-aaf2-56f8f83c5eab,c3,c2,1260,i7,?,
1769749207.3492603,SENT,c62be9d1-4e2a-42df-8e38-656fa0d40a1b,e6f5289a-fdaf-4269-b0b4-02296856dc64,c3,None,770,?,p2,
1769749207.3492997,FORWARDED,c62be9d1-4e2a-42df-8e38-656fa0d40a1b,e6f5289a-fdaf-4269-b0b4-02296856dc64,c3,None,770,?,p2,
1769749207.3595755,SENT,87199719-8f73-430d-ab2c-fef1ace7f67a,4b364cf5-3796-4022-bec3-e4c6fd6a073f,c1,DROP,442,?,e3,
1769749207.3596122,FORWARDED,87199719-8f73-430d-ab2c-fef1ace7f67a,4b364cf5-3796-4022-bec3-e4c6fd6a073f,c1,DROP,442,?,e3,
1769749207.4620907,RECEIVED,b289df46-abd7-4c24-a1b8-d3a8623423bc,cb004730-c4ad-4553-89c9-f8c19e22b080,c2,DROP,684,i9,?,
1769749207.5154278,SENT,b289df46-abd7-4c24-a1b8-d3a8623423bc,cb004730-c4ad-4553-89c9-f8c19e22b080,c2,DROP,441,?,e1,
1769749207.5154712,FORWARDED,b289df46-abd7-4c24-a1b8-d3a8623423bc,cb004730-c4ad-4553-89c9-f8c19e22b080,c2,DROP,441,?,e1,
1769749207.5201132,SENT,f2ff492f-abf3-42fc-b229-608b990c81d2,738cc796-8423-41e2-aaf2-56f8f83c5eab,c3,c2,871,?,p2,
1769749207.5201643,FORWARDED,f2ff492f-abf3-42fc-b229-608b990c81d2,738cc796-8423-41e2-aaf2-56f8f83c5eab,c3,c2,871,?,p2,
1769749207.9286532,RECEIVED,63723b5b-79d7-424b-8995-f80fceafb172,6d4c543f-b371-4d45-8dae-eb9fc41f975b,c1,DROP,683,i3,?,
1769749207.992775,RECEIVED,66bc3be3-bd8e-4fd4-b7ac-508e4eed3744,36438e97-78f3-42f9-82f4-049184a319bd,c5,DROP,688,i5,?,
1769749208.0948014,RECEIVED,b34bd7ff-1248-48ce-9b60-0274c85a616f,5d17e676-d84f-4c82-81d2-0d2d2920033d,c3,c2,1312,i5,?,
1769749208.1144452,RECEIVED,324e0205-1871-422d-9d7a-bf61bde5504c,ee56a13e-051e-4723-9a0c-aedc87939364,c5,DROP,689,i5,?,
1769749208.1391072,SENT,324e0205-1871-422d-9d7a-bf61bde5504c,ee56a13e-051e-4723-9a0c-aedc87939364,c5,DROP,442,?,e1,
1769749208.1391442,FORWARDED,324e0205-1871-422d-9d7a-bf61bde5504c,ee56a13e-051e-4723-9a0c-aedc87939364,c5,DROP,442,?,e1,
1769749208.1731932,SENT,66bc3be3-bd8e-4fd4-b7ac-508e4eed3744,36438e97-78f3-42f9-82f4-049184a319bd,c5,DROP,442,?,e6,
1769749208.1732326,FORWARDED,66bc3be3-bd8e-4fd4-b7ac-508e4eed3744,36438e97-78f3-42f9-82f4-049184a319bd,c5,DROP,442,?,e6,
1769749208.2835546,SENT,b34bd7ff-1248-48ce-9b60-0274c85a616f,5d17e676-d84f-4c82-81d2-0d2d2920033d,c3,c2,911,?,p2,
1769749208.2835958,FORWARDED,b34bd7ff-1248-48ce-9b60-0274c85a616f,5d17e676-d84f-4c82-81d2-0d2d2920033d,c3,c2,911,?,p2,
1769749208.2963283,RECEIVED,81ee2f52-78f1-42e3-ab1e-de9f560db801,a70aacfd-9852-49e3-8221-910fdeb3a9d4,c4,DROP,684,i3,?,
1769749208.3870344,RECEIVED,35d0e09a-2713-46e7-9e5a-4a4e7613631b,0e1a471b-1998-4724-b90e-9cec7c4ba05f,c3,DROP,684,i9,?,
1769749208.4118152,SENT,63723b5b-79d7-424b-8995-f80fceafb172,6d4c543f-b371-4d45-8dae-eb9fc41f975b,c1,DROP,441,?,e5,
1769749208.4118507,FORWARDED,63723b5b-79d7-424b-8995-f80fceafb172,6d4c543f-b371-4d45-8dae-eb9fc41f975b,c1,DROP,441,?,e5,
1769749208.436404,RECEIVED,b3c768d8-3e46-4804-9ed5-e38ec492e41e,0320b2ed-2872-4560-97db-ff424083f125,c5,c3,1315,i7,?,
1769749208.4635127,RECEIVED,03401653-7541-4008-8346-d72e98344cc7,a5c7582e-6c5e-4f45-b87c-6fea49f388f8,c2,DROP,442,x9,?,
1769749208.5485485,SENT,81ee2f52-78f1-42e3-ab1e-de9f560db801,a70aacfd-9852-49e3-8221-910fdeb3a9d4,c4,DROP,441,?,i6,
1769749208.5485895,FORWARDED,81ee2f52-78f1-42e3-ab1e-de9f560db801,a70aacfd-9852-49e3-8221-910fdeb3a9d4,c4,DROP,441,?,i6,
1769749208.8399096,FORWARDED,35d0e09a-2713-46e7-9e5a-4a4e7613631b,0e1a471b-1998-4724-b90e-9cec7c4ba05f,c3,DROP,441,?,i10,
1769749208.8762007,RECEIVED,4b9bc5fb-b5f3-43c2-bf0b-3332c366202f,54404e57-827c-4fc8-aa87-461229a49bde,c2,DROP,441,x11,?,
1769749208.97729,RECEIVED,7a8f7e4e-58df-40c5-b6c5-3c1f5c9bd5b2,8c0a520f-d1cd-42c1-a6ba-a0b60f2c6e18,c1,None,1124,i4,?,
1769749208.978105,RECEIVED,858f0c78-0fb9-48d8-8302-8e21b51a2ed3,23317ba9-c4f7-4a2b-a100-4ccbf885d414,c2,DROP,685,i6,?,
1769749209.0812764,RECEIVED,c4f5f6cc-805e-416a-b08c-34df18200f1f,8b5fdb6b-654b-4f3f-9d0d-da658ebdabf8,c3,None,1128,i4,?,
1769749209.09918,RECEIVED,d7f26093-e715-437e-918b-b8ae7a7f4c52,55d61fe7-e5fc-4ae4-84c4-2151b7387573,c3,DROP,689,i3,?,
1769749209.1467648,SENT,7a8f7e4e-58df-40c5-b6c5-3c1f5c9bd5b2,8c0a520f-d1cd-42c1-a6ba-a0b60f2c6e18,c1,None,771,?,p1,
1769749209.1468039,FORWARDED,7a8f7e4e-58df-40c5-b6c5-3c1f5c9bd5b2,8c0a520f-d1cd-42c1-a6ba-a0b60f2c6e18,c1,None,771,?,p1,
1769749209.1612613,SENT,d7f26093-e715-437e-918b-b8ae7a7f4c52,55d61fe7-e5fc-4ae4-84c4-2151b7387573,c3,DROP,442,?,e12,
1769749209.1613028,FORWARDED,d7f26093-e715-437e-918b-b8ae7a7f4c52,55d61fe7-e5fc-4ae4-84c4-2151b7387573,c3,DROP,442,?,e12,
1769749209.2578194,SENT,c4f5f6cc-805e-416a-b08c-34df18200f1f,8b5fdb6b-654b-4f3f-9d0d-da658ebdabf8,c3,None,772,?,p2,
1769749209.2578623,FORWARDED,c4f5f6cc-805e-416a-b08c-34df18200f1f,8b5fdb6b-654b-4f3f-9d0d-da658ebdabf8,c3,None,772,?,p2,
1769749209.323781,RECEIVED,f0ffad67-9d0a-4272-9de2-c096a4b6ca92,d5e57dfb-b820-4e5b-88ac-22464635af63,c5,DROP,683,i1,?,
1769749209.4312422,FORWARDED,858f0c78-0fb9-48d8-8302-8e21b51a2ed3,23317ba9-c4f7-4a2b-a100-4ccbf885d414,c2,DROP,441,?,i11,
1769749209.5935922,SENT,b3c768d8-3e46-4804-9ed5-e38ec492e41e,0320b2ed-2872-4560-97db-ff424083f125,c5,c3,915,?,p3,
1769749209.5936294,FORWARDED,b3c768d8-3e46-4804-9ed5-e38ec492e41e,0320b2ed-2872-4560-97db-ff424083f125,c5,c3,915,?,p3,
1769749209.8435662,RECEIVED,a7f01fcc-9f93-491f-afec-484b1237a229,ab9db09a-934a-4f50-86fd-09615e2506c7,c1,DROP,682,i1,?,
1769749209.8729773,RECEIVED,1a8b9a36-4235-44d2-ad70-df6b7dfb7a87,0b6d6fc7-ade4-4a38-8ba8-799de3059f7d,c3,c2,1255,i8,?,
1769749209.9611259,SENT,f0ffad67-9d0a-4272-9de2-c096a4b6ca92,d5e57dfb-b820-4e5b-88ac-22464635af63,c5,DROP,441,?,e4,
1769749209.9611697,FORWARDED,f0ffad67-9d0a-4272-9de2-c096a4b6ca92,d5e57dfb-b820-4e5b-88ac-22464635af63,c5,DROP,441,?,e4,
1769749209.9845936,RECEIVED,7ced4ffd-36f7-471f-82ae-09770517e870,6df2fdf5-4402-4417-9196-0a4ca52e4a3a,c2,DROP,687,i6,?,
1769749210.3289511,SENT,7ced4ffd-36f7-471f-82ae-09770517e870,6df2fdf5-4402-4417-9196-0a4ca52e4a3a,c2,DROP,443,?,i9,
1769749210.3289907,FORWARDED,7ced4ffd-36f7-471f-82ae-09770517e870,6df2fdf5-4402-4417-9196-0a4ca52e4a3a,c2,DROP,443,?,i9,
1769749210.383851,SENT,1a8b9a36-4235-44d2-ad70-df6b7dfb7a87,0b6d6fc7-ade4-4a38-8ba8-799de3059f7d,c3,c2,868,?,p2,
1769749210.383893,FORWARDED,1a8b9a36-4235-44d2-ad70-df6b7dfb7a87,0b6d6fc7-ade4-4a38-8ba8-799de3059f7d,c3,c2,868,?,p2,
1769749210.3877726,RECEIVED,08b79bbe-0553-4d05-a916-1b7a7820781c,cfbfd823-e032-40bf-83cf-d9fdd773cb4a,c2,DROP,685,i5,?,
1769749210.8311002,FORWARDED,08b79bbe-0553-4d05-a916-1b7a7820781c,cfbfd823-e032-40bf-83cf-d9fdd773cb4a,c2,DROP,441,?,i12,
1769749211.1327384,RECEIVED,ed381a97-cda0-4537-b399-8fa11cd93df0,f194dc1c-921b-49c6-8ff9-a25926250393,c2,DROP,689,i4,?,
1769749211.1478677,RECEIVED,e3b94711-e279-48e8-97c1-64e8feda6091,d83562ea-8895-4edc-b2a3-a43e40caac61,c5,DROP,442,x10,?,
1769749211.1786282,RECEIVED,51bb1936-eac7-4e57-9991-bf278e215da2,443044dd-2834-4640-bf8c-346a86ae28f4,c2,c3,1259,i9,?,
1769749211.3330166,RECEIVED,9a938e82-e2ea-48c8-bbf1-100d84a87792,3d0a7f04-669e-492b-b7b2-11045d908bbf,c2,None,1130,i2,?,
1769749211.367113,FORWARDED,ed381a97-cda0-4537-b399-8fa11cd93df0,f194dc1c-921b-49c6-8ff9-a25926250393,c2,DROP,442,?,i12,
1769749211.5662994,RECEIVED,8d21ad61-3a02-4aa7-8c22-2f1560a8e69d,a82bffa0-9527-4a6a-9ac4-e5cca49e5563,c1,c5,1312,i1,?,
1769749211.6026776,RECEIVED,424f9217-8f37-4be9-a39b-7327c1374150,e82dd743-3e4d-499a-b503-f2413ab78bf5,c1,c5,1311,i2,?,
1769749211.688378,RECEIVED,bab0179b-83d3-4a4b-bdaa-58a367396fb2,f6bd694d-1bab-45fa-8edf-3e35b5d94698,c1,DROP,684,i6,?,
1769749211.8199444,SENT,51bb1936-eac7-4e57-9991-bf278e215da2,443044dd-2834-4640-bf8c-346a86ae28f4,c2,c3,871,?,p3,
1769749211.8200903,FORWARDED,51bb1936-eac7-4e57-9991-bf278e215da2,443044dd-2834-4640-bf8c-346a86ae28f4,c2,c3,871,?,p3,
1769749211.852095,RECEIVED,cacebaca-0e78-4844-8630-26cc50713726,1fa4c15b-e0e5-4189-8fe3-88649c9b2046,c1,DROP,683,i4,?,
1769749211.8722804,SENT,424f9217-8f37-4be9-a39b-7327c1374150,e82dd743-3e4d-499a-b503-f2413ab78bf5,c1,c5,911,?,p2,
1769749211.8723204,FORWARDED,424f9217-8f37-4be9-a39b-7327c1374150,e82dd743-3e4d-499a-b503-f2413ab78bf5,c1,c5,911,?,p2,
1769749211.8910573,SENT,8d21ad61-3a02-4aa7-8c22-2f1560a8e69d,a82bffa0-9527-4a6a-9ac4-e5cca49e5563,c1,c5,912,?,p2,
1769749211.8910987,FORWARDED,8d21ad61-3a02-4aa7-8c22-2f1560a8e69d,a82bffa0-9527-4a6a-9ac4-e5cca49e5563,c1,c5,912,?,p2,
1769749212.0615463,SENT,bab0179b-83d3-4a4b-bdaa-58a367396fb2,f6bd694d-1bab-45fa-8edf-3e35b5d94698,c1,DROP,441,?,x11,
1769749212.0617557,FORWARDED,bab0179b-83d3-4a4b-bdaa-58a367396fb2,f6bd694d-1bab-45fa-8edf-3e35b5d94698,c1,DROP,441,?,x11,
1769749212.11157,RECEIVED,e86ecc2f-f118-4d05-bf9d-e2649044d969,e4dcf5af-7594-43ad-9c30-7a2fe335970d,c2,None,1126,i6,?,
1769749212.1352024,SENT,e86ecc2f-f118-4d05-bf9d-e2649044d969,e4dcf5af-7594-43ad-9c30-7a2fe335970d,c2,None,771,?,p3,
1769749212.1352427,FORWARDED,e86ecc2f-f118-4d05-bf9d-e2649044d969,e4dcf5af-7594-43ad-9c30-7a2fe335970d,c2,None,771,?,p3,
1769749212.1453729,SENT,a7f01fcc-9f93-491f-afec-484b1237a229,ab9db09a-934a-4f50-86fd-09615e2506c7,c1,DROP,441,?,i5,
1769749212.1454115,FORWARDED,a7f01fcc-9f93-491f-afec-484b1237a229,ab9db09a-934a-4f50-86fd-09615e2506c7,c1,DROP,441,?,i5,
1769749212.2614412,SENT,9a938e82-e2ea-48c8-bbf1-100d84a87792,3d0a7f04-669e-492b-b7b2-11045d908bbf,c2,None,775,?,p3,
1769749212.261482,FORWARDED,9a938e82-e2ea-48c8-bbf1-100d84a87792,3d0a7f04-669e-492b-b7b2-11045d908bbf,c2,None,775,?,p3,
1769749212.3482606,RECEIVED,1e8f5797-03f2-493c-96f5-447a822c4984,6aea5be3-e369-49bc-9bff-31aa3a2b8d25,c2,DROP,683,i2,?,
1769749212.545888,RECEIVED,d6a84209-1592-4dae-8521-428a38e67bd3,b8ccb27f-7b49-4cbc-85a1-faac01930da4,c5,DROP,688,i9,?,
1769749212.641235,SENT,cacebaca-0e78-4844-8630-26cc50713726,1fa4c15b-e0e5-4189-8fe3-88649c9b2046,c1,DROP,441,?,e9,
1769749212.6412838,FORWARDED,cacebaca-0e78-4844-8630-26cc50713726,1fa4c15b-e0e5-4189-8fe3-88649c9b2046,c1,DROP,441,?,e9,
1769749212.77262,RECEIVED,73e15f4a-4562-4e1a-966a-8fbbe04e6bb8,e64116e3-0958-4529-ac4b-9968ca0465ea,c3,c2,1263,i9,?,
1769749212.8274465,RECEIVED,6776e8a3-e622-4d7b-b8f1-41974d294d53,fc6839b6-43ec-4944-bd31-1125e209e06d,c1,DROP,688,i8,?,
1769749212.9433472,RECEIVED,84470586-3ac0-4d78-8ad0-2c833b768f99,0838097e-f00f-410d-81f3-c7cf7897b544,c2,DROP,689,i6,?,
1769749213.024902,RECEIVED,55588836-c066-4604-a789-901ebdcc3d49,f9024528-16be-48a3-ab95-0a2043396bf5,c4,DROP,684,i8,?,
1769749213.0450747,SENT,84470586-3ac0-4d78-8ad0-2c833b768f99,0838097e-f00f-410d-81f3-c7cf7897b544,c2,DROP,442,?,x5,
1769749213.045117,FORWARDED,84470586-3ac0-4d78-8ad0-2c833b768f99,0838097e-f00f-410d-81f3-c7cf7897b544,c2,DROP,442,?,x5,
1769749213.105694,RECEIVED,8ef0cb09-4e3e-4f7f-81e7-06bd458440ec,171b8c20-7b0a-4221-bbad-0de6b08c1589,c2,DROP,441,x3,?,
1769749213.110916,RECEIVED,400acaab-8c67-4f74-b725-06d6d8aae9e7,a14dc901-ab30-4cc3-b9c8-1b378f99c577,c5,c3,1323,i7,?,
1769749213.1151428,FORWARDED,d6a84209-1592-4dae-8521-428a38e67bd3,b8ccb27f-7b49-4cbc-85a1-faac01930da4,c5,DROP,442,?,i11,
1769749213.2232373,SENT,6776e8a3-e622-4d7b-b8f1-41974d294d53,fc6839b6-43ec-4944-bd31-1125e209e06d,c1,DROP,442,?,e4,
1769749213.2232776,FORWARDED,6776e8a3-e622-4d7b-b8f1-41974d294d53,fc6839b6-43ec-4944-bd31-1125e209e06d,c1,DROP,442,?,e4,
1769749213.2447958,SENT,55588836-c066-4604-a789-901ebdcc3d49,f9024528-16be-48a3-ab95-0a2043396bf5,c4,DROP,441,?,x1,
1769749213.2448359,FORWARDED,55588836-c066-4604-a789-901ebdcc3d49,f9024528-16be-48a3-ab95-0a2043396bf5,c4,DROP,441,?,x1,
1769749213.4007938,SENT,400acaab-8c67-4f74-b725-06d6d8aae9e7,a14dc901-ab30-4cc3-b9c8-1b378f99c577,c5,c3,919,?,p3,
1769749213.4008358,FORWARDED,400acaab-8c67-4f74-b725-06d6d8aae9e7,a14dc901-ab30-4cc3-b9c8-1b378f99c577,c5,c3,919,?,p3,
1769749213.4799397,SENT,73e15f4a-4562-4e1a-966a-8fbbe04e6bb8,e64116e3-0958-4529-ac4b-9968ca0465ea,c3,c2,876,?,p2,
1769749213.4799821,FORWARDED,73e15f4a-4562-4e1a-966a-8fbbe04e6bb8,e64116e3-0958-4529-ac4b-9968ca0465ea,c3,c2,876,?,p2,
1769749213.5753505,RECEIVED,4982eef7-5bd4-4b54-8378-16d7c38dc12d,86ae9ed5-178e-49f2-b32a-88d291b7b61b,c1,DROP,437,x4,?,
1769749213.6468964,RECEIVED,d780dfc2-1989-45f3-b936-c34b33550835,70d36f0a-ec6f-4012-9f96-86930ac6896b,c1,c5,1255,i3,?,
1769749213.6484122,SENT,1e8f5797-03f2-493c-96f5-447a822c4984,6aea5be3-e369-49bc-9bff-31aa3a2b8d25,c2,DROP,441,?,e2,
1769749213.6484559,FORWARDED,1e8f5797-03f2-493c-96f5-447a822c4984,6aea5be3-e369-49bc-9bff-31aa3a2b8d25,c2,DROP,441,?,e2,
1769749213.6944194,RECEIVED,97059eb3-d500-46df-95cf-0fe1e6e0b840,b318ed4e-ebae-4a89-a0e7-630af7d4e44b,c1,None,1124,i4,?,
1769749213.6948617,RECEIVED,10a54c52-1236-425f-949d-78a6bdde057b,a02f012c-7211-41da-beab-24b10b6abd3a,c1,DROP,441,x2,?,
1769749213.734165,RECEIVED,99c3ca1c-74ec-4162-b0a3-bd8d4648209b,fe2d88c2-c9f7-4366-aad3-11687c64667c,c2,c3,1264,i1,?,
1769749213.8076131,SENT,99c3ca1c-74ec-4162-b0a3-bd8d4648209b,fe2d88c2-c9f7-4366-aad3-11687c64667c,c2,c3,875,?,p3,
1769749213.8076494,FORWARDED,99c3ca1c-74ec-4162-b0a3-bd8d4648209b,fe2d88c2-c9f7-4366-aad3-11687c64667c,c2,c3,875,?,p3,
1769749213.849413,SENT,97059eb3-d500-46df-95cf-0fe1e6e0b840,b318ed4e-ebae-4a89-a0e7-630af7d4e44b,c1,None,771,?,p1,
1769749213.849458,FORWARDED,97059eb3-d500-46df-95cf-0fe1e6e0b840,b318ed4e-ebae-4a89-a0e7-630af7d4e44b,c1,None,771,?,p1,
1769749213.92355,RECEIVED,e260c63f-8da2-4114-8833-e56d4e142377,27298753-152f-4685-a577-9c842a5f4102,c1,DROP,688,i8,?,
1769749214.1877978,RECEIVED,2176ab84-3cce-4af8-84fd-cde5552e40d4,17603d5a-fe8e-4442-8f7c-abaabe5db37d,c2,c3,1310,i9,?,
1769749214.36981,RECEIVED,b9af96c1-2ff7-43fa-88eb-dcb7b1bac06b,bddbf9f4-663d-449e-b95c-f3f1fcada696,c3,DROP,441,x3,?,
1769749214.6058302,SENT,2176ab84-3cce-4af8-84fd-cde5552e40d4,17603d5a-fe8e-4442-8f7c-abaabe5db37d,c2,c3,911,?,p3,
1769749214.605865,FORWARDED,2176ab84-3cce-4af8-84fd-cde5552e40d4,17603d5a-fe8e-4442-8f7c-abaabe5db37d,c2,c3,911,?,p3,
1769749214.6477053,RECEIVED,d8643b21-e0e7-4a31-b771-52423ee1e4eb,f2972d0a-6833-43d9-9034-ba84592fed61,c3,c2,1311,i8,?,
1769749214.7150185,RECEIVED,910b0030-d34f-4dcf-8476-e4410302a50d,cbd1c1ad-6c91-468d-bfa4-8db2b3072dbd,c1,DROP,684,i8,?,
1769749214.7364814,SENT,d780dfc2-1989-45f3-b936-c34b33550835,70d36f0a-ec6f-4012-9f96-86930ac6896b,c1,c5,868,?,p2,
1769749214.7365236,FORWARDED,d780dfc2-1989-45f3-b936-c34b33550835,70d36f0a-ec6f-4012-9f96-86930ac6896b,c1,c5,868,?,p2,
1769749214.787589,RECEIVED,4d68f65f-ba66-4747-9b97-ca01ba39e8e1,dd7a8431-c0e0-49aa-a623-df15104bb845,c2,DROP,444,x1,?,
1769749214.845448,RECEIVED,9b02f193-35eb-404a-a6bd-e859178b4e16,4dbb11f9-9402-4c19-bdc5-76d7c26ed9ee,c2,None,1130,i1,?,
1769749214.9083316,RECEIVED,251018de-6616-45df-ba55-4c9e6306d9b8,256313bf-02d4-4d0c-bc94-23c055e682ab,c5,DROP,684,i4,?,
1769749214.9370816,RECEIVED,5be6bbe6-e97f-4cd5-818a-0d06ef0c68d3,13d8c8b3-3096-4e17-895d-1507d65c23c9,c2,None,1127,i3,?,
1769749214.9674127,SENT,251018de-6616-45df-ba55-4c9e6306d9b8,256313bf-02d4-4d0c-bc94-23c055e682ab,c5,DROP,441,?,x3,
1769749214.967455,FORWARDED,251018de-6616-45df-ba55-4c9e6306d9b8,256313bf-02d4-4d0c-bc94-23c055e682ab,c5,DROP,441,?,x3,
1769749214.9768395,SENT,910b0030-d34f-4dcf-8476-e4410302a50d,cbd1c1ad-6c91-468d-bfa4-8db2b3072dbd,c1,DROP,441,?,x6,
1769749214.9768803,FORWARDED,910b0030-d34f-4dcf-8476-e4410302a50d,cbd1c1ad-6c91-468d-bfa4-8db2b3072dbd,c1,DROP,441,?,x6,
1769749215.1118577,SENT,d8643b21-e0e7-4a31-b771-52423ee1e4eb,f2972d0a-6833-43d9-9034-ba84592fed61,c3,c2,911,?,p2,
1769749215.111899,FORWARDED,d8643b21-e0e7-4a31-b771-52423ee1e4eb,f2972d0a-6833-43d9-9034-ba84592fed61,c3,c2,911,?,p2,
1769749215.1668403,RECEIVED,5236fc95-cd6c-4190-bab6-c5f2097879ca,a3ca0fef-089d-4252-b9d3-eb29075363e5,c3,DROP,693,i9,?,
1769749215.220705,RECEIVED,2ac83b43-06f1-4ef9-b207-7d944d7e90fd,b21903dd-5dad-4add-bf6f-b79a1866204c,c2,None,1131,i1,?,
1769749215.349032,SENT,5be6bbe6-e97f-4cd5-818a-0d06ef0c68d3,13d8c8b3-3096-4e17-895d-1507d65c23c9,c2,None,772,?,p3,
1769749215.3492281,FORWARDED,5be6bbe6-e97f-4cd5-818a-0d06ef0c68d3,13d8c8b3-3096-4e17-895d-1507d65c23c9,c2,None,772,?,p3,
1769749215.3722281,RECEIVED,f5171a69-5954-4bff-be8a-adbd99293c86,f0225c5a-9eb9-4bc9-bb34-6e284aef7a3b,c3,None,1128,i3,?,
1769749215.4572427,SENT,f5171a69-5954-4bff-be8a-adbd99293c86,f0225c5a-9eb9-4bc9-bb34-6e284aef7a3b,c3,None,772,?,p2,
1769749215.4572852,FORWARDED,f5171a69-5954-4bff-be8a-adbd99293c86,f0225c5a-9eb9-4bc9-bb34-6e284aef7a3b,c3,None,772,?,p2,
1769749215.501036,SENT,5236fc95-cd6c-4190-bab6-c5f2097879ca,a3ca0fef-089d-4252-b9d3-eb29075363e5,c3,DROP,445,?,x12,
1769749215.5010924,FORWARDED,5236fc95-cd6c-4190-bab6-c5f2097879ca,a3ca0fef-089d-4252-b9d3-eb29075363e5,c3,DROP,445,?,x12,
1769749215.5197997,RECEIVED,e4f75427-9fec-4b14-90be-a0ee3d721af5,adfc8532-5c57-4ddc-975c-91bf7c440fd8,c1,c5,1259,i3,?,
1769749215.521715,SENT,e260c63f-8da2-4114-8833-e56d4e142377,27298753-152f-4685-a577-9c842a5f4102,c1,DROP,442,?,e10,
1769749215.521756,FORWARDED,e260c63f-8da2-4114-8833-e56d4e142377,27298753-152f-4685-a577-9c842a5f4102,c1,DROP,442,?,e10,
1769749215.5381255,RECEIVED,f7820f82-49a9-4b6a-b0b7-6c6086945a72,80667e55-7293-4747-bf03-93617bef7e96,c3,None,1131,i1,?,
1769749215.549933,RECEIVED,cb704418-c3fb-4054-84ab-626c25219fc9,48173132-bbe1-49e9-b8de-e09c4167702b,c2,DROP,688,i8,?,
1769749215.72874,SENT,cb704418-c3fb-4054-84ab-626c25219fc9,48173132-bbe1-49e9-b8de-e09c4167702b,c2,DROP,442,?,i2,
1769749215.7287822,FORWARDED,cb704418-c3fb-4054-84ab-626c25219fc9,48173132-bbe1-49e9-b8de-e09c4167702b,c2,DROP,442,?,i2,
1769749215.8830154,RECEIVED,93e4455a-cde0-455b-a5dc-77700619c92a,67d55781-5a6d-463b-a529-da32739e64a7,c2,c3,1259,i6,?,
1769749216.1792064,SENT,93e4455a-cde0-455b-a5dc-77700619c92a,67d55781-5a6d-463b-a529-da32739e64a7,c2,c3,871,?,p3,
1769749216.1792552,FORWARDED,93e4455a-cde0-455b-a5dc-77700619c92a,67d55781-5a6d-463b-a529-da32739e64a7,c2,c3,871,?,p3,
1769749216.2246842,RECEIVED,90f9f8eb-a7d7-401f-9506-470d6800685e,a554bbe8-4646-49d2-a9fc-b57302722bb0,c1,DROP,685,i3,?,
1769749216.285788,SENT,90f9f8eb-a7d7-401f-9506-470d6800685e,a554bbe8-4646-49d2-a9fc-b57302722bb0,c1,DROP,441,?,e2,
1769749216.2858205,FORWARDED,90f9f8eb-a7d7-401f-9506-470d6800685e,a554bbe8-4646-49d2-a9fc-b57302722bb0,c1,DROP,441,?,e2,
1769749216.2978637,SENT,9b02f193-35eb-404a-a6bd-e859178b4e16,4dbb11f9-9402-4c19-bdc5-76d7c26ed9ee,c2,None,775,?,p3,
1769749216.297905,FORWARDED,9b02f193-35eb-404a-a6bd-e859178b4e16,4dbb11f9-9402-4c19-bdc5-76d7c26ed9ee,c2,None,775,?,p3,
1769749216.5529556,RECEIVED,689587a5-f314-48d8-b98b-1cf24bf1cfe5,cd3d7980-986c-40c7-ac48-20172d78e7ac,c2,None,1124,i3,?,
1769749216.6364737,RECEIVED,eb8665d7-80e3-4941-9e5a-2685c82cc4bc,09b782b1-5fcf-4afc-8d10-5d08e26aed1d,c3,DROP,446,x11,?,
1769749216.6459754,SENT,689587a5-f314-48d8-b98b-1cf24bf1cfe5,cd3d7980-986c-40c7-ac48-20172d78e7ac,c2,None,771,?,p3,
1769749216.6460154,FORWARDED,689587a5-f314-48d8-b98b-1cf24bf1cfe5,cd3d7980-986c-40c7-ac48-20172d78e7ac,c2,None,771,?,p3,
1769749216.7243578,SENT,2ac83b43-06f1-4ef9-b207-7d944d7e90fd,b21903dd-5dad-4add-bf6f-b79a1866204c,c2,None,775,?,p3,
1769749216.7243967,FORWARDED,2ac83b43-06f1-4ef9-b207-7d944d7e90fd,b21903dd-5dad-4add-bf6f-b79a1866204c,c2,None,775,?,p3,
1769749216.79881,SENT,e4f75427-9fec-4b14-90be-a0ee3d721af5,adfc8532-5c57-4ddc-975c-91bf7c440fd8,c1,c5,873,?,p2,
1769749216.798851,FORWARDED,e4f75427-9fec-4b14-90be-a0ee3d721af5,adfc8532-5c57-4ddc-975c-91bf7c440fd8,c1,c5,873,?,p2,
1769749216.877005,RECEIVED,c0a5cc9b-7bba-493a-a8ca-5c1278086b27,4f738ff7-4fe7-4fee-a658-e64b4c1c54b6,c1,None,1131,i4,?,
1769749216.897407,RECEIVED,9c7063a5-335d-46e1-a262-1e7a50db07cd,a1ef3630-8229-4d06-9675-2befe4e193fa,c4,DROP,687,i4,?,
1769749217.014925,RECEIVED,cc0f1a66-5144-46ec-a22b-69be8351c3fc,df77ef8a-cab3-4636-9a6a-7713332ae753,c3,None,1124,i1,?,
1769749217.2261548,SENT,cc0f1a66-5144-46ec-a22b-69be8351c3fc,df77ef8a-cab3-4636-9a6a-7713332ae753,c3,None,771,?,p2,
1769749217.2261972,FORWARDED,cc0f1a66-5144-46ec-a22b-69be8351c3fc,df77ef8a-cab3-4636-9a6a-7713332ae753,c3,None,771,?,p2,
1769749217.2294896,SENT,f7820f82-49a9-4b6a-b0b7-6c6086945a72,80667e55-7293-4747-bf03-93617bef7e96,c3,None,775,?,p2,
1769749217.2295313,FORWARDED,f7820f82-49a9-4b6a-b0b7-6c6086945a72,80667e55-7293-4747-bf03-93617bef7e96,c3,None,775,?,p2,
1769749217.3370442,RECEIVED,abddba7b-fb20-451d-93fc-52b2290ebfe9,eeaaf44e-5702-4737-bf1d-0b14dedd8738,c3,None,1128,i4,?,
1769749217.420269,RECEIVED,4c83be4a-bafa-430f-9a18-1ffced068170,1e18208e-ab91-47d4-b881-79d5d6215252,c2,DROP,688,i8,?,
1769749217.4355106,SENT,abddba7b-fb20-451d-93fc-52b2290ebfe9,eeaaf44e-5702-4737-bf1d-0b14dedd8738,c3,None,774,?,p2,
1769749217.4355533,FORWARDED,abddba7b-fb20-451d-93fc-52b2290ebfe9,eeaaf44e-5702-4737-bf1d-0b14dedd8738,c3,None,774,?,p2,
1769749217.436894,RECEIVED,8fb12dc5-18e8-4618-9e4e-4eaadce775c6,fd29552c-838c-4e8c-ae4c-6f6b7c89f6b8,c2,None,1123,i8,?,
1769749217.4642916,SENT,c0a5cc9b-7bba-493a-a8ca-5c1278086b27,4f738ff7-4fe7-4fee-a658-e64b4c1c54b6,c1,None,775,?,p1,
1769749217.4643352,FORWARDED,c0a5cc9b-7bba-493a-a8ca-5c1278086b27,4f738ff7-4fe7-4fee-a658-e64b4c1c54b6,c1,None,775,?,p1,
1769749217.472465,SENT,9c7063a5-335d-46e1-a262-1e7a50db07cd,a1ef3630-8229-4d06-9675-2befe4e193fa,c4,DROP,442,?,e5,
1769749217.472506,FORWARDED,9c7063a5-335d-46e1-a262-1e7a50db07cd,a1ef3630-8229-4d06-9675-2befe4e193fa,c4,DROP,442,?,e5,
1769749217.5149453,SENT,4c83be4a-bafa-430f-9a18-1ffced068170,1e18208e-ab91-47d4-b881-79d5d6215252,c2,DROP,442,?,e7,
1769749217.5150192,FORWARDED,4c83be4a-bafa-430f-9a18-1ffced068170,1e18208e-ab91-47d4-b881-79d5d6215252,c2,DROP,442,?,e7,
1769749217.7320166,RECEIVED,a24b5cb4-dd2d-43f9-8366-f82ad1993754,298feaec-4143-42fc-87a8-26ec03473552,c5,DROP,683,i5,?,
1769749217.749069,RECEIVED,a53b9ec4-c790-4bad-85af-3747b14ce797,9278883e-f86a-462f-9a32-9a613b0389ed,c5,None,1124,i2,?,
1769749217.76643,RECEIVED,930ae367-117a-4de9-95d1-9116c7f80297,5defbe21-33f3-474e-ba29-4a30096b6434,c1,c5,1311,i1,?,
1769749217.9735005,RECEIVED,f95c8e3e-8efc-4ebd-af69-f12a489f1668,4d6082c3-57b0-4322-9b3d-cab39569f346,c4,DROP,684,i1,?,
1769749217.9987674,SENT,a53b9ec4-c790-4bad-85af-3747b14ce797,9278883e-f86a-462f-9a32-9a613b0389ed,c5,None,769,?,p1,
1769749217.99881,FORWARDED,a53b9ec4-c790-4bad-85af-3747b14ce797,9278883e-f86a-462f-9a32-9a613b0389ed,c5,None,769,?,p1,
1769749218.0862198,SENT,f95c8e3e-8efc-4ebd-af69-f12a489f1668,4d6082c3-57b0-4322-9b3d-cab39569f346,c4,DROP,440,?,e2,
1769749218.0862615,FORWARDED,f95c8e3e-8efc-4ebd-af69-f12a489f1668,4d6082c3-57b0-4322-9b3d-cab39569f346,c4,DROP,440,?,e2,
1769749218.2772634,RECEIVED,5fd0f060-9ca4-42c8-a7b0-bdb0c1c6a534,4862064c-7ec0-4500-ab79-c72e4aff3bb8,c4,DROP,688,i1,?,
1769749218.357213,SENT,930ae367-117a-4de9-95d1-9116c7f80297,5defbe21-33f3-474e-ba29-4a30096b6434,c1,c5,912,?,p2,
1769749218.3572524,FORWARDED,930ae367-117a-4de9-95d1-9116c7f80297,5defbe21-33f3-474e-ba29-4a30096b6434,c1,c5,912,?,p2,
1769749218.3644192,SENT,8fb12dc5-18e8-4618-9e4e-4eaadce775c6,fd29552c-838c-4e8c-ae4c-6f6b7c89f6b8,c2,None,771,?,p3,
1769749218.3644621,FORWARDED,8fb12dc5-18e8-4618-9e4e-4eaadce775c6,fd29552c-838c-4e8c-ae4c-6f6b7c89f6b8,c2,None,771,?,p3,
1769749218.3905504,SENT,5fd0f060-9ca4-42c8-a7b0-bdb0c1c6a534,4862064c-7ec0-4500-ab79-c72e4aff3bb8,c4,DROP,442,?,x6,
1769749218.390588,FORWARDED,5fd0f060-9ca4-42c8-a7b0-bdb0c1c6a534,4862064c-7ec0-4500-ab79-c72e4aff3bb8,c4,DROP,442,?,x6,
1769749218.565497,RECEIVED,c8693a82-329a-4531-8c2e-8796aa2d93ec,bae5b21b-1247-4f1a-9306-df2ca8a839e0,c3,None,1129,i3,?,
1769749218.6382716,SENT,a24b5cb4-dd2d-43f9-8366-f82ad1993754,298feaec-4143-42fc-87a8-26ec03473552,c5,DROP,441,?,x3,
1769749218.6383114,FORWARDED,a24b5cb4-dd2d-43f9-8366-f82ad1993754,298feaec-4143-42fc-87a8-26ec03473552,c5,DROP,441,?,x3,
1769749218.6951852,RECEIVED,e47ce63d-b234-4f87-9d7a-c0bfc91a6a9d,cef228e2-f03d-47de-b347-dabe8c079b51,c2,DROP,684,i3,?,
1769749218.7062006,RECEIVED,58cd2221-432f-4a55-9e70-f4a6e272b0a8,f7ff82c1-9e4c-4af3-afe9-2b5d1a60bd20,c1,c5,1312,i3,?,
1769749218.8073976,SENT,58cd2221-432f-4a55-9e70-f4a6e272b0a8,f7ff82c1-9e4c-4af3-afe9-2b5d1a60bd20,c1,c5,912,?,p2,
1769749218.807437,FORWARDED,58cd2221-432f-4a55-9e70-f4a6e272b0a8,f7ff82c1-9e4c-4af3-afe9-2b5d1a60bd20,c1,c5,912,?,p2,
1769749218.8514748,SENT,e47ce63d-b234-4f87-9d7a-c0bfc91a6a9d,cef228e2-f03d-47de-b347-dabe8c079b51,c2,DROP,441,?,e5,
1769749218.8515162,FORWARDED,e47ce63d-b234-4f87-9d7a-c0bfc91a6a9d,cef228e2-f03d-47de-b347-dabe8c079b51,c2,DROP,441,?,e5,
1769749219.0215452,RECEIVED,afd0f4e7-2a55-448a-8678-95d281548060,150a383d-f3a4-4e7b-b325-4571a9c3a480,c2,None,1119,i8,?,
1769749219.132639,RECEIVED,8cc5846b-ccc0-4517-a15e-28dca960dbcc,eab24491-3b1a-4e62-ba08-822491ddcf8d,c2,DROP,683,i9,?,
1769749219.1338444,RECEIVED,fb5646d2-a1fc-4306-b76a-b0159e1372af,dd60e259-5711-484e-9e7a-18b0f1962b77,c5,c3,1319,i7,?,
1769749219.2007082,RECEIVED,4d6169a1-4af0-4e15-ac15-7d34cdb5c2b4,7c1fca86-e2cf-408d-bc10-8cf40917b15a,c1,DROP,688,i7,?,
1769749219.2048163,RECEIVED,0d3a21cf-20c8-4b73-a01c-1a77e9329347,f5a9a2e5-9a44-4b6f-aa08-b00f6f6362e6,c2,DROP,679,i1,?,
1769749219.2446566,RECEIVED,8df2b197-92b6-4e99-96e3-d160c2029868,031c333d-7861-444b-acb1-ca645e5e4818,c1,DROP,440,x12,?,
1769749219.337773,SENT,4d6169a1-4af0-4e15-ac15-7d34cdb5c2b4,7c1fca86-e2cf-408d-bc10-8cf40917b15a,c1,DROP,442,?,x7,
1769749219.3378105,FORWARDED,4d6169a1-4af0-4e15-ac15-7d34cdb5c2b4,7c1fca86-e2cf-408d-bc10-8cf40917b15a,c1,DROP,442,?,x7,
1769749219.4811847,SENT,8cc5846b-ccc0-4517-a15e-28dca960dbcc,eab24491-3b1a-4e62-ba08-822491ddcf8d,c2,DROP,441,?,x3,
1769749219.4812238,FORWARDED,8cc5846b-ccc0-4517-a15e-28dca960dbcc,eab24491-3b1a-4e62-ba08-822491ddcf8d,c2,DROP,441,?,x3,
1769749219.5566893,RECEIVED,2456e72f-b29e-4545-b094-da6a087edf4b,7c76f827-b174-4f88-a55e-597acf1df615,c3,None,1124,i1,?,
1769749219.5686855,SENT,afd0f4e7-2a55-448a-8678-95d281548060,150a383d-f3a4-4e7b-b325-4571a9c3a480,c2,None,768,?,p3,
1769749219.5687268,FORWARDED,afd0f4e7-2a55-448a-8678-95d281548060,150a383d-f3a4-4e7b-b325-4571a9c3a480,c2,None,768,?,p3,
1769749219.6030746,RECEIVED,3c890fb5-1ce4-4540-a2dc-c61e5eda2062,50fc067e-2220-46b8-b797-88d67767ecee,c2,DROP,441,x5,?,
1769749219.629835,SENT,c8693a82-329a-4531-8c2e-8796aa2d93ec,bae5b21b-1247-4f1a-9306-df2ca8a839e0,c3,None,776,?,p2,
1769749219.6298769,FORWARDED,c8693a82-329a-4531-8c2e-8796aa2d93ec,bae5b21b-1247-4f1a-9306-df2ca8a839e0,c3,None,776,?,p2,
1769749219.7144513,RECEIVED,c8d6e0d9-18ab-41f4-9a7f-b2e75fe048ee,208f872b-c191-48ac-ab08-919b035c485b,c2,c3,1312,i9,?,
1769749219.8238697,RECEIVED,6c218c0b-0ae2-401c-a01e-d35857322245,d09bde3e-d022-41db-b2c4-61a6afc167f8,c2,None,1128,i2,?,
1769749219.910873,SENT,6c218c0b-0ae2-401c-a01e-d35857322245,d09bde3e-d022-41db-b2c4-61a6afc167f8,c2,None,774,?,p3,
1769749219.9109132,FORWARDED,6c218c0b-0ae2-401c-a01e-d35857322245,d09bde3e-d022-41db-b2c4-61a6afc167f8,c2,None,774,?,p3,
1769749219.9223492,SENT,2456e72f-b29e-4545-b094-da6a087edf4b,7c76f827-b174-4f88-a55e-597acf1df615,c3,None,771,?,p2,
1769749219.92239,FORWARDED,2456e72f-b29e-4545-b094-da6a087edf4b,7c76f827-b174-4f88-a55e-597acf1df615,c3,None,771,?,p2,
1769749219.9878423,RECEIVED,dacba6fa-5382-4c29-bcd8-84becb5484f3,0eac856c-250f-44f3-bdc2-af727852f9ef,c2,DROP,686,i6,?,
1769749219.992941,RECEIVED,551e7d31-46bc-4dd2-ba66-5ae350d6f3e3,ec168bc0-fe96-4406-a235-5c2fa01736fc,c4,DROP,683,i9,?,
1769749220.003551,RECEIVED,4b097c3a-777a-4c91-a739-e8c6f6a2e813,70963ef3-db21-42a0-bb58-4503a75c41a2,c5,c3,1252,i2,?,
1769749220.0276308,RECEIVED,64e8388c-6b24-46dd-8537-c9b9f5ea4806,2ced43f7-66c4-4964-b044-7507559eb9a4,c1,DROP,683,i9,?,
1769749220.0879962,RECEIVED,baee5e34-9060-4608-a049-9e425ddfde08,ce2e18c5-f72b-4899-b2f1-6c7528105214,c1,DROP,441,x7,?,
1769749220.190978,RECEIVED,0d6a88fd-53cf-4240-af68-f2803c65a112,6f6e2139-cbc6-4a75-b331-2f2cb2347e60,c2,DROP,684,i7,?,
1769749220.208181,SENT,c8d6e0d9-18ab-41f4-9a7f-b2e75fe048ee,208f872b-c191-48ac-ab08-919b035c485b,c2,c3,910,?,p3,
1769749220.2082202,FORWARDED,c8d6e0d9-18ab-41f4-9a7f-b2e75fe048ee,208f872b-c191-48ac-ab08-919b035c485b,c2,c3,910,?,p3,
1769749220.2113903,RECEIVED,12126c6c-383a-4887-a301-8851f1c407ec,93adf1d9-b73e-4c71-884a-427e5cf04b9a,c1,DROP,684,i1,?,
1769749220.2558482,SENT,dacba6fa-5382-4c29-bcd8-84becb5484f3,0eac856c-250f-44f3-bdc2-af727852f9ef,c2,DROP,443,?,e7,
1769749220.2558901,FORWARDED,dacba6fa-5382-4c29-bcd8-84becb5484f3,0eac856c-250f-44f3-bdc2-af727852f9ef,c2,DROP,443,?,e7,
1769749220.263888,SENT,fb5646d2-a1fc-4306-b76a-b0159e1372af,dd60e259-5711-484e-9e7a-18b0f1962b77,c5,c3,917,?,p3,
1769749220.2639263,FORWARDED,fb5646d2-a1fc-4306-b76a-b0159e1372af,dd60e259-5711-484e-9e7a-18b0f1962b77,c5,c3,917,?,p3,
1769749220.2951715,RECEIVED,6d3ba0a2-84a9-42b5-9868-0a712a871624,b7aa0ced-4eb4-42f4-bb04-8ac6f8cd2ee8,c1,DROP,693,i3,?,
1769749220.4104776,SENT,4b097c3a-777a-4c91-a739-e8c6f6a2e813,70963ef3-db21-42a0-bb58-4503a75c41a2,c5,c3,867,?,p3,
1769749220.4105303,FORWARDED,4b097c3a-777a-4c91-a739-e8c6f6a2e813,70963ef3-db21-42a0-bb58-4503a75c41a2,c5,c3,867,?,p3,
1769749220.4717371,SENT,12126c6c-383a-4887-a301-8851f1c407ec,93adf1d9-b73e-4c71-884a-427e5cf04b9a,c1,DROP,441,?,x5,
1769749220.4717777,FORWARDED,12126c6c-383a-4887-a301-8851f1c407ec,93adf1d9-b73e-4c71-884a-427e5cf04b9a,c1,DROP,441,?,x5,
1769749220.4816778,SENT,0d3a21cf-20c8-4b73-a01c-1a77e9329347,f5a9a2e5-9a44-4b6f-aa08-b00f6f6362e6,c2,DROP,437,?,i5,
1769749220.481718,FORWARDED,0d3a21cf-20c8-4b73-a01c-1a77e9329347,f5a9a2e5-9a44-4b6f-aa08-b00f6f6362e6,c2,DROP,437,?,i5,
1769749220.5230057,SENT,551e7d31-46bc-4dd2-ba66-5ae350d6f3e3,ec168bc0-fe96-4406-a235-5c2fa01736fc,c4,DROP,441,?,e3,
1769749220.5230553,FORWARDED,551e7d31-46bc-4dd2-ba66-5ae350d6f3e3,ec168bc0-fe96-4406-a235-5c2fa01736fc,c4,DROP,441,?,e3,
1769749220.5864081,RECEIVED,46d719d3-357d-44a0-bdaf-f2d53667c213,d32f8f14-e12b-4a80-93ec-ac8b229b9840,c4,DROP,442,x3,?,
1769749220.6119204,RECEIVED,8fa1b2f6-6bb4-46a2-b0a3-6ec7a99f6f6d,1459bb36-42ad-47d1-bfba-e7b9ada127b6,c3,c2,1259,i1,?,
1769749220.6803005,RECEIVED,7cb2dce6-a5fc-47bb-901b-d789b84c5e94,9a63176a-7961-42aa-ad5d-960b868c6dfc,c5,DROP,684,i2,?,
1769749220.6922243,FORWARDED,6d3ba0a2-84a9-42b5-9868-0a712a871624,b7aa0ced-4eb4-42f4-bb04-8ac6f8cd2ee8,c1,DROP,446,?,i11,
1769749220.7337127,RECEIVED,ed5a88d5-fdbd-4cc8-9653-75aece888fce,b21fa330-5861-4ca0-a7d7-6cb3a05501c4,c5,DROP,441,x4,?,
1769749220.8407435,SENT,64e8388c-6b24-46dd-8537-c9b9f5ea4806,2ced43f7-66c4-4964-b044-7507559eb9a4,c1,DROP,440,?,i5,
1769749220.8407838,FORWARDED,64e8388c-6b24-46dd-8537-c9b9f5ea4806,2ced43f7-66c4-4964-b044-7507559eb9a4,c1,DROP,440,?,i5,
1769749220.8577447,RECEIVED,f82c1493-d234-4f47-8a71-30628d2df4c2,ad7b1928-cf5c-46ff-a174-02df509636c5,c2,None,1120,i1,?,
1769749220.886708,RECEIVED,b4767aad-e7b0-443f-90e7-fffa4c4c4052,06178ada-6f50-4085-8333-bba0cbd6e5e5,c4,c1,1259,i7,?,
1769749220.9026492,RECEIVED,4fdc7dc6-6d03-4b78-86f1-fdda525f24d0,f27f29a9-0efa-4b65-b2e6-60c273baed16,c4,DROP,443,x3,?,
1769749220.9493442,SENT,f82c1493-d234-4f47-8a71-30628d2df4c2,ad7b1928-cf5c-46ff-a174-02df509636c5,c2,None,767,?,p3,
1769749220.949386,FORWARDED,f82c1493-d234-4f47-8a71-30628d2df4c2,ad7b1928-cf5c-46ff-a174-02df509636c5,c2,None,767,?,p3,
1769749220.9758043,RECEIVED,e061bce2-c27a-49cc-9ff5-2e0fda13b156,639feaf5-2b48-4967-acbd-3e98766774e5,c5,DROP,682,i6,?,
1769749220.9954045,SENT,7cb2dce6-a5fc-47bb-901b-d789b84c5e94,9a63176a-7961-42aa-ad5d-960b868c6dfc,c5,DROP,441,?,x2,
1769749220.9954455,FORWARDED,7cb2dce6-a5fc-47bb-901b-d789b84c5e94,9a63176a-7961-42aa-ad5d-960b868c6dfc,c5,DROP,441,?,x2,
1769749221.1371024,SENT,8fa1b2f6-6bb4-46a2-b0a3-6ec7a99f6f6d,1459bb36-42ad-47d1-bfba-e7b9ada127b6,c3,c2,871,?,p2,
1769749221.137144,FORWARDED,8fa1b2f6-6bb4-46a2-b0a3-6ec7a99f6f6d,1459bb36-42ad-47d1-bfba-e7b9ada127b6,c3,c2,871,?,p2,
1769749221.1751318,SENT,b4767aad-e7b0-443f-90e7-fffa4c4c4052,06178ada-6f50-4085-8333-bba0cbd6e5e5,c4,c1,872,?,p1,
1769749221.1751761,FORWARDED,b4767aad-e7b0-443f-90e7-fffa4c4c4052,06178ada-6f50-4085-8333-bba0cbd6e5e5,c4,c1,872,?,p1,
1769749221.2055645,RECEIVED,347a409d-a41c-4b11-a11f-24f47d3dedaa,dbef2b9c-f1b7-4dea-af3a-4d39525ddb05,c2,DROP,687,i3,?,
1769749221.2843394,RECEIVED,dc1f90b1-022c-4887-98b3-26237ca623f9,3ada3f6f-8c0b-4ec6-86dd-a596c1688779,c3,c2,1312,i8,?,
1769749221.3791127,SENT,dc1f90b1-022c-4887-98b3-26237ca623f9,3ada3f6f-8c0b-4ec6-86dd-a596c1688779,c3,c2,911,?,p2,
1769749221.3791535,FORWARDED,dc1f90b1-022c-4887-98b3-26237ca623f9,3ada3f6f-8c0b-4ec6-86dd-a596c1688779,c3,c2,911,?,p2,
1769749221.4226477,RECEIVED,a8d7672d-33c6-48d5-a1de-8f5eea648900,c6ff6be7-d812-4dab-b081-82f733c91e0f,c1,c5,1259,i8,?,
1769749221.6009839,RECEIVED,788130d6-ebf6-4c54-9ef3-9abd69dbbc21,cb627d74-394e-445c-9bce-0d2fe68c9228,c5,c3,1259,i2,?,
1769749221.6701572,SENT,0d6a88fd-53cf-4240-af68-f2803c65a112,6f6e2139-cbc6-4a75-b331-2f2cb2347e60,c2,DROP,441,?,e12,
1769749221.6701987,FORWARDED,0d6a88fd-53cf-4240-af68-f2803c65a112,6f6e2139-cbc6-4a75-b331-2f2cb2347e60,c2,DROP,441,?,e12,
1769749222.0134566,SENT,a8d7672d-33c6-48d5-a1de-8f5eea648900,c6ff6be7-d812-4dab-b081-82f733c91e0f,c1,c5,871,?,p2,
1769749222.0134976,FORWARDED,a8d7672d-33c6-48d5-a1de-8f5eea648900,c6ff6be7-d812-4dab-b081-82f733c91e0f,c1,c5,871,?,p2,
1769749222.191165,SENT,e061bce2-c27a-49cc-9ff5-2e0fda13b156,639feaf5-2b48-4967-acbd-3e98766774e5,c5,DROP,441,?,x1,
1769749222.191204,FORWARDED,e061bce2-c27a-49cc-9ff5-2e0fda13b156,639feaf5-2b48-4967-acbd-3e98766774e5,c5,DROP,441,?,x1,
1769749222.3119497,RECEIVED,1b99f223-b662-4ef2-818e-3a5f3b82ab34,9637fd7d-28a7-4138-9bbe-00d00fa518a8,c3,DROP,688,i8,?,
1769749222.4526727,SENT,347a409d-a41c-4b11-a11f-24f47d3dedaa,dbef2b9c-f1b7-4dea-af3a-4d39525ddb05,c2,DROP,442,?,e2,
1769749222.4527552,FORWARDED,347a409d-a41c-4b11-a11f-24f47d3dedaa,dbef2b9c-f1b7-4dea-af3a-4d39525ddb05,c2,DROP,442,?,e2,
1769749222.5830872,RECEIVED,207aa22e-94fd-4068-b45c-26b5cb70ce79,174d02ab-4c4b-4aad-9bad-fe982aa6b61f,c2,None,1126,i9,?,
1769749222.5848334,SENT,788130d6-ebf6-4c54-9ef3-9abd69dbbc21,cb627d74-394e-445c-9bce-0d2fe68c9228,c5,c3,871,?,p3,
1769749222.584873,FORWARDED,788130d6-ebf6-4c54-9ef3-9abd69dbbc21,cb627d74-394e-445c-9bce-0d2fe68c9228,c5,c3,871,?,p3,
1769749222.5895078,SENT,207aa22e-94fd-4068-b45c-26b5cb70ce79,174d02ab-4c4b-4aad-9bad-fe982aa6b61f,c2,None,771,?,p3,
1769749222.5895576,FORWARDED,207aa22e-94fd-4068-b45c-26b5cb70ce79,174d02ab-4c4b-4aad-9bad-fe982aa6b61f,c2,None,771,?,p3,
1769749222.7320013,SENT,1b99f223-b662-4ef2-818e-3a5f3b82ab34,9637fd7d-28a7-4138-9bbe-00d00fa518a8,c3,DROP,442,?,e1,
1769749222.7320452,FORWARDED,1b99f223-b662-4ef2-818e-3a5f3b82ab34,9637fd7d-28a7-4138-9bbe-00d00fa518a8,c3,DROP,442,?,e1,
1769749222.8146377,RECEIVED,fb005959-84b6-4ff7-9966-062639455e96,1cf8d4e5-8e1a-4824-961e-9216d7584308,c3,DROP,683,i2,?,
1769749222.8870177,RECEIVED,8e52b86b-e0ca-453a-a2b2-37229692e344,5d114610-2c4e-4b4a-9a61-caeda71173ef,c3,None,1126,i3,?,
1769749223.0614533,RECEIVED,e3f454b4-fc27-4627-bf44-b0b3cb490cb5,c9c29c04-3b02-4975-b4fb-839e76dd7805,c5,c3,1312,i2,?,
1769749223.1072571,RECEIVED,3ed8d20a-3e5a-403a-b5e0-e331953e346f,f5174a93-4fb0-45f0-b5da-f2dc7e736ad3,c3,None,1132,i7,?,
1769749223.2428942,SENT,e3f454b4-fc27-4627-bf44-b0b3cb490cb5,c9c29c04-3b02-4975-b4fb-839e76dd7805,c5,c3,912,?,p3,
1769749223.2429328,FORWARDED,e3f454b4-fc27-4627-bf44-b0b3cb490cb5,c9c29c04-3b02-4975-b4fb-839e76dd7805,c5,c3,912,?,p3,
1769749223.2686589,RECEIVED,72efd8be-44ae-4739-904b-ce9703007b82,68f9a0a0-5eca-4488-acc4-fceec4c95a8b,c1,DROP,687,i1,?,
1769749223.3327477,SENT,3ed8d20a-3e5a-403a-b5e0-e331953e346f,f5174a93-4fb0-45f0-b5da-f2dc7e736ad3,c3,None,776,?,p2,
1769749223.3327918,FORWARDED,3ed8d20a-3e5a-403a-b5e0-e331953e346f,f5174a93-4fb0-45f0-b5da-f2dc7e736ad3,c3,None,776,?,p2,
1769749223.338806,RECEIVED,c4804f19-071b-4815-9b69-1065b1c698f1,e1ab23d1-294e-40bd-a25d-b26465f8f633,c3,None,1132,i1,?,
1769749223.4041665,SENT,8e52b86b-e0ca-453a-a2b2-37229692e344,5d114610-2c4e-4b4a-9a61-caeda71173ef,c3,None,772,?,p2,
1769749223.4042082,FORWARDED,8e52b86b-e0ca-453a-a2b2-37229692e344,5d114610-2c4e-4b4a-9a61-caeda71173ef,c3,None,772,?,p2,
1769749223.433425,SENT,fb005959-84b6-4ff7-9966-062639455e96,1cf8d4e5-8e1a-4824-961e-9216d7584308,c3,DROP,441,?,e9,
1769749223.4334636,FORWARDED,fb005959-84b6-4ff7-9966-062639455e96,1cf8d4e5-8e1a-4824-961e-9216d7584308,c3,DROP,441,?,e9,
1769749223.537295,SENT,c4804f19-071b-4815-9b69-1065b1c698f1,e1ab23d1-294e-40bd-a25d-b26465f8f633,c3,None,775,?,p2,
1769749223.5373383,FORWARDED,c4804f19-071b-4815-9b69-1065b1c698f1,e1ab23d1-294e-40bd-a25d-b26465f8f633,c3,None,775,?,p2,
1769749223.8486454,SENT,72efd8be-44ae-4739-904b-ce9703007b82,68f9a0a0-5eca-4488-acc4-fceec4c95a8b,c1,DROP,442,?,i6,
1769749223.8486862,FORWARDED,72efd8be-44ae-4739-904b-ce9703007b82,68f9a0a0-5eca-4488-acc4-fceec4c95a8b,c1,DROP,442,?,i6,
1769749224.2004673,RECEIVED,d0075858-c9e6-4847-bc72-b508ca1a4195,ae1d8516-1e05-4933-82f1-972b1586594e,c4,DROP,689,i7,?,
1769749224.2323985,RECEIVED,33cd40c5-e16c-455e-b60e-1ae09601f82a,3411c4db-bb89-4fb5-adff-ade9685a9b3b,c3,None,1122,i8,?,
1769749224.4153383,RECEIVED,5daf7241-9493-4592-b44e-e40a1fd6e9d7,baf5fa55-6103-4789-a963-c981b677123a,c4,DROP,689,i1,?,
1769749224.415981,RECEIVED,4e28c0d6-e0ac-4751-a23f-ae60c24ce594,a1fdd062-f5de-48b4-ad62-cc709db89b17,c2,None,1135,i6,?,
1769749224.5423234,RECEIVED,87e67ce1-dfc1-4ca7-8a9c-1b121404863f,9919f8cb-db96-4096-b143-c2509b68af8b,c5,DROP,680,i5,?,
1769749224.5546525,RECEIVED,fc5e5edc-f4a6-464c-9974-364d8e817a23,1c376fa5-c1c7-40e5-ba18-84e8ecd70ee9,c2,c3,1311,i9,?,
1769749224.5877392,FORWARDED,d0075858-c9e6-4847-bc72-b508ca1a4195,ae1d8516-1e05-4933-82f1-972b1586594e,c4,DROP,442,?,i11,
1769749224.63777,FORWARDED,5daf7241-9493-4592-b44e-e40a1fd6e9d7,baf5fa55-6103-4789-a963-c981b677123a,c4,DROP,443,?,i12,
1769749224.7064044,SENT,fc5e5edc-f4a6-464c-9974-364d8e817a23,1c376fa5-c1c7-40e5-ba18-84e8ecd70ee9,c2,c3,912,?,p3,
1769749224.706447,FORWARDED,fc5e5edc-f4a6-464c-9974-364d8e817a23,1c376fa5-c1c7-40e5-ba18-84e8ecd70ee9,c2,c3,912,?,p3,
1769749224.7175612,SENT,87e67ce1-dfc1-4ca7-8a9c-1b121404863f,9919f8cb-db96-4096-b143-c2509b68af8b,c5,DROP,437,?,e6,
1769749224.7175972,FORWARDED,87e67ce1-dfc1-4ca7-8a9c-1b121404863f,9919f8cb-db96-4096-b143-c2509b68af8b,c5,DROP,437,?,e6,
1769749224.8162358,RECEIVED,d3e32c19-27bb-404e-b1ef-486d09271ccf,9c738c8e-bb55-4ad2-81ab-06716f9b96dc,c2,DROP,685,i4,?,
1769749224.863387,SENT,d3e32c19-27bb-404e-b1ef-486d09271ccf,9c738c8e-bb55-4ad2-81ab-06716f9b96dc,c2,DROP,441,?,e10,
1769749224.8634307,FORWARDED,d3e32c19-27bb-404e-b1ef-486d09271ccf,9c738c8e-bb55-4ad2-81ab-06716f9b96dc,c2,DROP,441,?,e10,
1769749224.990284,RECEIVED,8d208ec5-3c72-446a-96a1-94e82081a53b,8be125b8-5985-46b8-8d26-b1b11be0ba4b,c2,None,1131,i2,?,
1769749224.9950733,RECEIVED,085d0053-313f-4f9c-8821-c249b0b8c29f,da77d739-804f-4a96-ac29-726dd752431e,c1,DROP,688,i9,?,
1769749225.1848233,SENT,8d208ec5-3c72-446a-96a1-94e82081a53b,8be125b8-5985-46b8-8d26-b1b11be0ba4b,c2,None,775,?,p3,
1769749225.1848676,FORWARDED,8d208ec5-3c72-446a-96a1-94e82081a53b,8be125b8-5985-46b8-8d26-b1b11be0ba4b,c2,None,775,?,p3,
1769749225.1964135,RECEIVED,31392ccc-5ef0-45c1-82e9-01c61abaa53c,f9ce791b-79c0-452b-9bdc-a84af729554c,c5,DROP,683,i5,?,
1769749225.2071865,RECEIVED,032bf68b-57f7-4735-ae53-798b1eb22d11,9d0d1ad3-a42d-4037-9629-040974ee013c,c4,DROP,684,i2,?,
1769749225.320176,SENT,032bf68b-57f7-4735-ae53-798b1eb22d11,9d0d1ad3-a42d-4037-9629-040974ee013c,c4,DROP,440,?,i5,
1769749225.3202112,FORWARDED,032bf68b-57f7-4735-ae53-798b1eb22d11,9d0d1ad3-a42d-4037-9629-040974ee013c,c4,DROP,440,?,i5,
1769749225.4141707,SENT,4e28c0d6-e0ac-4751-a23f-ae60c24ce594,a1fdd062-f5de-48b4-ad62-cc709db89b17,c2,None,778,?,p3,
1769749225.4142134,FORWARDED,4e28c0d6-e0ac-4751-a23f-ae60c24ce594,a1fdd062-f5de-48b4-ad62-cc709db89b17,c2,None,778,?,p3,
1769749225.4302542,RECEIVED,717a5d3f-92f2-4c0a-8b7e-a0d7d475597f,dd75f60c-0184-467c-9715-4763360af2d8,c4,DROP,688,i8,?,
1769749225.4811594,RECEIVED,78ae14ab-6bfe-4836-bac7-845ff46c7816,be0af926-3762-49b4-a8af-5ff96c57ec10,c3,c2,1311,i8,?,
1769749225.5005043,SENT,085d0053-313f-4f9c-8821-c249b0b8c29f,da77d739-804f-4a96-ac29-726dd752431e,c1,DROP,442,?,x2,
1769749225.5005474,FORWARDED,085d0053-313f-4f9c-8821-c249b0b8c29f,da77d739-804f-4a96-ac29-726dd752431e,c1,DROP,442,?,x2,
1769749225.5020106,RECEIVED,2755aa56-69b3-4606-a5a8-c95148dd02a0,3f1c5fcd-7da2-43fb-a022-4397d56ee7f1,c3,c2,1252,i5,?,
1769749225.530323,RECEIVED,c5322b0b-5be7-4282-8cd6-27aa61c05bf3,11843761-7c7c-426a-8a7d-ac68f5b1de89,c4,DROP,684,i3,?,
1769749225.6034868,SENT,2755aa56-69b3-4606-a5a8-c95148dd02a0,3f1c5fcd-7da2-43fb-a022-4397d56ee7f1,c3,c2,867,?,p2,
1769749225.6035264,FORWARDED,2755aa56-69b3-4606-a5a8-c95148dd02a0,3f1c5fcd-7da2-43fb-a022-4397d56ee7f1,c3,c2,867,?,p2,
1769749225.6192262,SENT,33cd40c5-e16c-455e-b60e-1ae09601f82a,3411c4db-bb89-4fb5-adff-ade9685a9b3b,c3,None,771,?,p2,
1769749225.6192667,FORWARDED,33cd40c5-e16c-455e-b60e-1ae09601f82a,3411c4db-bb89-4fb5-adff-ade9685a9b3b,c3,None,771,?,p2,
1769749225.739151,RECEIVED,ce43fed2-e734-4e2a-9220-77aeb3cebd45,7ddb0da4-c6ac-496f-a119-291fc18b566e,c1,DROP,679,i6,?,
1769749225.7448673,RECEIVED,da2276f1-ef1c-4622-b6d6-629624e9626e,5ab2e4b4-0fe6-43b9-a5d0-7483d69bc082,c5,DROP,442,x3,?,
1769749225.8157415,RECEIVED,8f0d78f0-901d-447e-b222-3e190d7b0bcd,8061a2b8-3834-4f46-9343-4c4d872219dc,c1,DROP,683,i2,?,
1769749225.860849,RECEIVED,a2096fff-129b-4794-8cf9-a587e7599d15,19847763-4b9e-4115-99be-962e0703ed67,c5,DROP,687,i6,?,
1769749225.8704731,SENT,717a5d3f-92f2-4c0a-8b7e-a0d7d475597f,dd75f60c-0184-467c-9715-4763360af2d8,c4,DROP,442,?,e9,
1769749225.8705146,FORWARDED,717a5d3f-92f2-4c0a-8b7e-a0d7d475597f,dd75f60c-0184-467c-9715-4763360af2d8,c4,DROP,442,?,e9,
1769749225.8731067,RECEIVED,4c7a7e9a-0495-4bd3-9724-c8c4183c8d2b,4a1f038f-e311-4ec1-b851-44e7429fab08,c4,DROP,442,x7,?,
1769749225.8809671,RECEIVED,f408698b-c630-4bcc-abc5-55f08d5954a0,77b2d248-74b2-46b8-a65d-bcc47f5444ae,c3,None,1124,i8,?,
1769749225.885257,FORWARDED,c5322b0b-5be7-4282-8cd6-27aa61c05bf3,11843761-7c7c-426a-8a7d-ac68f5b1de89,c4,DROP,441,?,i10,
1769749226.0897105,SENT,f408698b-c630-4bcc-abc5-55f08d5954a0,77b2d248-74b2-46b8-a65d-bcc47f5444ae,c3,None,771,?,p2,
1769749226.0897584,FORWARDED,f408698b-c630-4bcc-abc5-55f08d5954a0,77b2d248-74b2-46b8-a65d-bcc47f5444ae,c3,None,771,?,p2,
1769749226.359231,RECEIVED,a30bd167-afdc-49c9-b33c-84f33245876d,cc6691ba-6ca7-413a-a84d-aa43431af02e,c5,DROP,439,x1,?,
1769749226.384867,SENT,78ae14ab-6bfe-4836-bac7-845ff46c7816,be0af926-3762-49b4-a8af-5ff96c57ec10,c3,c2,911,?,p2,
1769749226.3850152,FORWARDED,78ae14ab-6bfe-4836-bac7-845ff46c7816,be0af926-3762-49b4-a8af-5ff96c57ec10,c3,c2,911,?,p2,
1769749226.5105155,SENT,a2096fff-129b-4794-8cf9-a587e7599d15,19847763-4b9e-4115-99be-962e0703ed67,c5,DROP,442,?,i2,
1769749226.510554,FORWARDED,a2096fff-129b-4794-8cf9-a587e7599d15,19847763-4b9e-4115-99be-962e0703ed67,c5,DROP,442,?,i2,
1769749226.573898,SENT,ce43fed2-e734-4e2a-9220-77aeb3cebd45,7ddb0da4-c6ac-496f-a119-291fc18b566e,c1,DROP,436,?,e12,
1769749226.573938,FORWARDED,ce43fed2-e734-4e2a-9220-77aeb3cebd45,7ddb0da4-c6ac-496f-a119-291fc18b566e,c1,DROP,436,?,e12,
1769749226.6130748,SENT,8f0d78f0-901d-447e-b222-3e190d7b0bcd,8061a2b8-3834-4f46-9343-4c4d872219dc,c1,DROP,441,?,e2,
1769749226.6135378,FORWARDED,8f0d78f0-901d-447e-b222-3e190d7b0bcd,8061a2b8-3834-4f46-9343-4c4d872219dc,c1,DROP,441,?,e2,
1769749226.8383884,RECEIVED,451104a2-ddb4-47a1-a339-a5e15203bd60,1b5ae927-7a6c-4a37-ae6e-78626f40d2a9,c1,None,1132,i6,?,
1769749226.8554165,RECEIVED,d2a64ff1-28b3-46aa-b88c-b5e84f60fa43,c7d4bb00-f761-4ed9-bfff-824e14f0241e,c2,None,1123,i2,?,
1769749226.8580952,RECEIVED,220aeac1-b079-4b5c-b02a-8c9569a36308,f34871a3-abed-45cc-a595-7b6fa50fcc9e,c5,DROP,693,i9,?,
1769749226.9196436,SENT,451104a2-ddb4-47a1-a339-a5e15203bd60,1b5ae927-7a6c-4a37-ae6e-78626f40d2a9,c1,None,777,?,p1,
1769749226.9196856,FORWARDED,451104a2-ddb4-47a1-a339-a5e15203bd60,1b5ae927-7a6c-4a37-ae6e-78626f40d2a9,c1,None,777,?,p1,
1769749226.9257536,RECEIVED,6e481189-40e9-485d-a8c7-66734e5c9417,61d674a7-303c-4119-b666-b49954cf35f2,c5,DROP,683,i8,?,
1769749227.0441542,RECEIVED,dc76fc95-bf27-4241-8887-d4e18961a1bb,80b3420f-10ad-4055-90de-921fc45408eb,c5,DROP,683,i8,?,
1769749227.077398,FORWARDED,220aeac1-b079-4b5c-b02a-8c9569a36308,f34871a3-abed-45cc-a595-7b6fa50fcc9e,c5,DROP,447,?,i10,
1769749227.0802622,SENT,31392ccc-5ef0-45c1-82e9-01c61abaa53c,f9ce791b-79c0-452b-9bdc-a84af729554c,c5,DROP,441,?,x6,
1769749227.0802987,FORWARDED,31392ccc-5ef0-45c1-82e9-01c61abaa53c,f9ce791b-79c0-452b-9bdc-a84af729554c,c5,DROP,441,?,x6,
1769749227.2258208,SENT,d2a64ff1-28b3-46aa-b88c-b5e84f60fa43,c7d4bb00-f761-4ed9-bfff-824e14f0241e,c2,None,770,?,p3,
1769749227.2258615,FORWARDED,d2a64ff1-28b3-46aa-b88c-b5e84f60fa43,c7d4bb00-f761-4ed9-bfff-824e14f0241e,c2,None,770,?,p3,
1769749227.3333228,RECEIVED,de4f44da-65b8-47b4-b9fa-64d8be9238fd,c7a7acf0-6518-41e9-a8a7-e49742b8a241,c1,DROP,693,i5,?,
1769749227.367213,RECEIVED,aa417367-af1c-4b89-935d-d14048387a3e,7ac4c893-244e-46d2-9ac7-ce5a1465883f,c1,c5,1310,i8,?,
1769749227.4293425,SENT,de4f44da-65b8-47b4-b9fa-64d8be9238fd,c7a7acf0-6518-41e9-a8a7-e49742b8a241,c1,DROP,445,?,x11,
1769749227.4293814,FORWARDED,de4f44da-65b8-47b4-b9fa-64d8be9238fd,c7a7acf0-6518-41e9-a8a7-e49742b8a241,c1,DROP,445,?,x11,
1769749228.1380386,RECEIVED,8aea6708-2799-4dfa-9982-27ff836c6910,0a71d030-7c8e-4a32-aefc-091b9de6f747,c4,DROP,441,x4,?,
1769749228.2064037,SENT,dc76fc95-bf27-4241-8887-d4e18961a1bb,80b3420f-10ad-4055-90de-921fc45408eb,c5,DROP,441,?,e4,
1769749228.2065048,FORWARDED,dc76fc95-bf27-4241-8887-d4e18961a1bb,80b3420f-10ad-4055-90de-921fc45408eb,c5,DROP,441,?,e4,
1769749228.3129208,RECEIVED,5c8cd9aa-9af1-4305-a095-e1548a615a7f,30daaa11-faee-4020-8115-95ec6f899ec2,c1,DROP,684,i7,?,
1769749228.3136482,RECEIVED,df5034ac-337d-4649-b82a-137ed229bc6e,68d37709-640b-4f91-8ae3-b4fa1a46bb0b,c4,DROP,683,i8,?,
1769749228.613807,SENT,df5034ac-337d-4649-b82a-137ed229bc6e,68d37709-640b-4f91-8ae3-b4fa1a46bb0b,c4,DROP,441,?,x4,
1769749228.6138482,FORWARDED,df5034ac-337d-4649-b82a-137ed229bc6e,68d37709-640b-4f91-8ae3-b4fa1a46bb0b,c4,DROP,441,?,x4,
1769749228.6161897,SENT,5c8cd9aa-9af1-4305-a095-e1548a615a7f,30daaa11-faee-4020-8115-95ec6f899ec2,c1,DROP,441,?,x4,
1769749228.616227,FORWARDED,5c8cd9aa-9af1-4305-a095-e1548a615a7f,30daaa11-faee-4020-8115-95ec6f899ec2,c1,DROP,441,?,x4,
1769749228.6360917,RECEIVED,3979f090-549f-4b18-89f8-07592e80c94c,1de1787e-75a0-43df-87a7-df6481dae2da,c2,DROP,441,x9,?,
1769749228.651718,SENT,aa417367-af1c-4b89-935d-d14048387a3e,7ac4c893-244e-46d2-9ac7-ce5a1465883f,c1,c5,911,?,p2,
1769749228.6517584,FORWARDED,aa417367-af1c-4b89-935d-d14048387a3e,7ac4c893-244e-46d2-9ac7-ce5a1465883f,c1,c5,911,?,p2,
1769749228.7376704,RECEIVED,42ec7440-61d2-4166-b2ad-036c2082deb4,e5ec9ab1-dde3-4620-9964-e2339cbd7d48,c5,DROP,689,i7,?,
1769749228.7397666,SENT,6e481189-40e9-485d-a8c7-66734e5c9417,61d674a7-303c-4119-b666-b49954cf35f2,c5,DROP,441,?,e7,
1769749228.7398262,FORWARDED,6e481189-40e9-485d-a8c7-66734e5c9417,61d674a7-303c-4119-b666-b49954cf35f2,c5,DROP,441,?,e7,
1769749228.7916408,SENT,42ec7440-61d2-4166-b2ad-036c2082deb4,e5ec9ab1-dde3-4620-9964-e2339cbd7d48,c5,DROP,443,?,e9,
1769749228.7916815,FORWARDED,42ec7440-61d2-4166-b2ad-036c2082deb4,e5ec9ab1-dde3-4620-9964-e2339cbd7d48,c5,DROP,443,?,e9,
1769749228.8479743,RECEIVED,bbfdf5b8-4047-454d-abfd-213398b67385,b2a9fb5e-3f9d-4e01-b346-d10276515430,c4,DROP,684,i2,?,
1769749228.990386,RECEIVED,01df380d-c05e-49ba-bb4c-ea28921e6548,635eb800-a0f0-4ad2-9863-071475536b1f,c1,None,1128,i3,?,
1769749229.0713272,RECEIVED,3e513923-7aef-4ca0-8a12-6b098c1005f4,b8001bfe-7438-4964-abff-3573197a815b,c5,c3,1318,i2,?,
1769749229.0891268,SENT,01df380d-c05e-49ba-bb4c-ea28921e6548,635eb800-a0f0-4ad2-9863-071475536b1f,c1,None,772,?,p1,
1769749229.089171,FORWARDED,01df380d-c05e-49ba-bb4c-ea28921e6548,635eb800-a0f0-4ad2-9863-071475536b1f,c1,None,772,?,p1,
1769749229.175319,SENT,bbfdf5b8-4047-454d-abfd-213398b67385,b2a9fb5e-3f9d-4e01-b346-d10276515430,c4,DROP,441,?,e10,
1769749229.1753619,FORWARDED,bbfdf5b8-4047-454d-abfd-213398b67385,b2a9fb5e-3f9d-4e01-b346-d10276515430,c4,DROP,441,?,e10,
1769749229.3598132,RECEIVED,10859b32-3f28-46f7-88ef-c88131595eaa,2773b6f3-5c1b-48b4-a1e4-e9e21e102cbc,c5,c3,1262,i7,?,
1769749229.3752675,RECEIVED,4507681a-fb3c-439c-9601-17c27c6a32c2,fcfc664e-8c79-4649-ac96-1e88682fa855,c3,None,1131,i7,?,
1769749229.4879572,RECEIVED,0e92184c-58ca-4f5f-b3d6-0c12294ac58a,4d14dda6-2724-4f89-9852-c8170bcb8a9e,c2,DROP,441,x10,?,
1769749229.6919744,RECEIVED,c212c8f3-f4c8-4a9b-86af-fd1b77fa27cd,67d3eabb-8172-43fc-a5c0-96719765b3e2,c5,c3,1251,i7,?,
1769749229.765312,RECEIVED,dac1d830-7827-40c0-b792-517105bd4559,a0c8309f-b3aa-43cd-be59-16453304e5fe,c1,DROP,442,x10,?,
1769749229.8078716,RECEIVED,e525a905-33a2-4ad4-b577-340d19af3f98,9af2d8d6-dc17-4fb8-a054-fe550b545650,c5,DROP,683,i7,?,
1769749230.0202,SENT,e525a905-33a2-4ad4-b577-340d19af3f98,9af2d8d6-dc17-4fb8-a054-fe550b545650,c5,DROP,441,?,e5,
1769749230.0202403,FORWARDED,e525a905-33a2-4ad4-b577-340d19af3f98,9af2d8d6-dc17-4fb8-a054-fe550b545650,c5,DROP,441,?,e5,
1769749230.1933749,RECEIVED,1c8a5755-b163-446d-a663-108a06e7b456,2913b4d9-0d40-47a8-9a97-12efdfbb0b51,c4,DROP,441,x3,?,
1769749230.214605,SENT,4507681a-fb3c-439c-9601-17c27c6a32c2,fcfc664e-8c79-4649-ac96-1e88682fa855,c3,None,776,?,p2,
1769749230.2146482,FORWARDED,4507681a-fb3c-439c-9601-17c27c6a32c2,fcfc664e-8c79-4649-ac96-1e88682fa855,c3,None,776,?,p2,
1769749230.2174335,RECEIVED,38a8e0a7-d6b6-45ed-a5e4-69b74afd1b18,e67ffcdc-5381-4e0d-9cf2-c5eedf55e9ae,c4,DROP,688,i6,?,
1769749230.2311468,RECEIVED,f04db7ea-8478-41a0-9fcb-33135b708fa9,73a0a0da-d13d-40a2-b0c2-88a9438f15b9,c5,DROP,441,x2,?,
1769749230.3476224,SENT,38a8e0a7-d6b6-45ed-a5e4-69b74afd1b18,e67ffcdc-5381-4e0d-9cf2-c5eedf55e9ae,c4,DROP,442,?,x2,
1769749230.3476665,FORWARDED,38a8e0a7-d6b6-45ed-a5e4-69b74afd1b18,e67ffcdc-5381-4e0d-9cf2-c5eedf55e9ae,c4,DROP,442,?,x2,
1769749230.371653,RECEIVED,7bfbcf28-57d9-440a-a62b-eb5b5b227813,5ea597a9-ae8d-414d-950c-cbd302766387,c4,DROP,684,i2,?,
1769749230.3982053,RECEIVED,fe8f30b4-e441-4af9-8649-12e3d11faf7e,a1ecbc9b-caac-45d8-aa5f-dca2a84d413e,c5,DROP,682,i8,?,
1769749230.41536,RECEIVED,8d47ed63-9a7c-4fc4-990f-03c975c22a43,bd98887d-f01b-4557-ad70-bafd5f5b4873,c5,None,1131,i3,?,
1769749230.460602,SENT,10859b32-3f28-46f7-88ef-c88131595eaa,2773b6f3-5c1b-48b4-a1e4-e9e21e102cbc,c5,c3,875,?,p3,
1769749230.4606495,FORWARDED,10859b32-3f28-46f7-88ef-c88131595eaa,2773b6f3-5c1b-48b4-a1e4-e9e21e102cbc,c5,c3,875,?,p3,
1769749230.4785702,RECEIVED,a5190228-f057-48fc-9445-1f3cc217529e,58fb5e23-1703-4746-a5d1-fb165dca53a8,c4,DROP,684,i8,?,
1769749230.5002694,RECEIVED,0306080f-10ba-452b-812d-f0ea9ac1cbe6,458a3afa-20c7-4c4f-9eb3-400625a06aef,c2,DROP,441,x9,?,
1769749230.5725744,SENT,7bfbcf28-57d9-440a-a62b-eb5b5b227813,5ea597a9-ae8d-414d-950c-cbd302766387,c4,DROP,440,?,e4,
1769749230.572615,FORWARDED,7bfbcf28-57d9-440a-a62b-eb5b5b227813,5ea597a9-ae8d-414d-950c-cbd302766387,c4,DROP,440,?,e4,
1769749230.6014178,SENT,c212c8f3-f4c8-4a9b-86af-fd1b77fa27cd,67d3eabb-8172-43fc-a5c0-96719765b3e2,c5,c3,867,?,p3,
1769749230.601459,FORWARDED,c212c8f3-f4c8-4a9b-86af-fd1b77fa27cd,67d3eabb-8172-43fc-a5c0-96719765b3e2,c5,c3,867,?,p3,
1769749230.860588,RECEIVED,826260c1-2b83-4687-a2c4-6eee904847c9,70309195-c717-4332-8833-6726047af19f,c4,DROP,683,i6,?,
1769749230.8635697,SENT,3e513923-7aef-4ca0-8a12-6b098c1005f4,b8001bfe-7438-4964-abff-3573197a815b,c5,c3,916,?,p3,
1769749230.8636103,FORWARDED,3e513923-7aef-4ca0-8a12-6b098c1005f4,b8001bfe-7438-4964-abff-3573197a815b,c5,c3,916,?,p3,
1769749230.8869457,SENT,a5190228-f057-48fc-9445-1f3cc217529e,58fb5e23-1703-4746-a5d1-fb165dca53a8,c4,DROP,441,?,i5,
1769749230.886988,FORWARDED,a5190228-f057-48fc-9445-1f3cc217529e,58fb5e23-1703-4746-a5d1-fb165dca53a8,c4,DROP,441,?,i5,
1769749231.1006424,SENT,8d47ed63-9a7c-4fc4-990f-03c975c22a43,bd98887d-f01b-4557-ad70-bafd5f5b4873,c5,None,775,?,p1,
1769749231.100686,FORWARDED,8d47ed63-9a7c-4fc4-990f-03c975c22a43,bd98887d-f01b-4557-ad70-bafd5f5b4873,c5,None,775,?,p1,
1769749231.1388478,RECEIVED,4d08b5b4-f9c8-4199-8673-6292adf5af1e,f8e1a97a-b9ba-4028-8932-cd63ea1f9774,c3,DROP,440,x4,?,
1769749231.3080213,SENT,826260c1-2b83-4687-a2c4-6eee904847c9,70309195-c717-4332-8833-6726047af19f,c4,DROP,441,?,e8,
1769749231.3080733,FORWARDED,826260c1-2b83-4687-a2c4-6eee904847c9,70309195-c717-4332-8833-6726047af19f,c4,DROP,441,?,e8,
1769749231.400401,RECEIVED,9ad619f0-0d6b-45bb-8ef3-d0046880323a,2ee0e145-1512-46aa-b677-e814de166242,c4,DROP,687,i8,?,
1769749231.6960943,SENT,fe8f30b4-e441-4af9-8649-12e3d11faf7e,a1ecbc9b-caac-45d8-aa5f-dca2a84d413e,c5,DROP,441,?,i9,
1769749231.696132,FORWARDED,fe8f30b4-e441-4af9-8649-12e3d11faf7e,a1ecbc9b-caac-45d8-aa5f-dca2a84d413e,c5,DROP,441,?,i9,
1769749232.0115988,SENT,9ad619f0-0d6b-45bb-8ef3-d0046880323a,2ee0e145-1512-46aa-b677-e814de166242,c4,DROP,442,?,i5,
1769749232.0116396,FORWARDED,9ad619f0-0d6b-45bb-8ef3-d0046880323a,2ee0e145-1512-46aa-b677-e814de166242,c4,DROP,442,?,i5,
1769749232.076606,RECEIVED,6fbf8add-2563-4386-8cb2-4343ebdcde2b,1a57664d-e564-4d26-a993-7bc8c98a681f,c3,DROP,441,x7,?,
1769749232.213409,RECEIVED,4143b442-297f-428a-baf1-36d2d17d4174,09d33bfb-1ca0-404c-8efc-edbc89e3b95d,c3,DROP,687,i7,?,
1769749232.4961915,RECEIVED,689e9a3f-ad33-41b0-86f7-f240a4ab09ec,fb57c7c0-9c43-42f1-a535-c2a224809cf6,c3,DROP,441,x10,?,
1769749232.7121432,RECEIVED,d9c4d631-9da4-4bf5-bb2b-d729f104aea6,66a3e770-48b9-41da-9554-2abfe892ef79,c3,c2,1252,i9,?,
1769749232.7701378,RECEIVED,4635a889-7f08-4c0a-82ba-ba424622d7dd,909e4d48-6524-453b-b845-0bf5f344a84b,c3,None,1127,i6,?,
1769749232.811967,SENT,d9c4d631-9da4-4bf5-bb2b-d729f104aea6,66a3e770-48b9-41da-9554-2abfe892ef79,c3,c2,867,?,p2,
1769749232.8120153,FORWARDED,d9c4d631-9da4-4bf5-bb2b-d729f104aea6,66a3e770-48b9-41da-9554-2abfe892ef79,c3,c2,867,?,p2,
1769749232.8154466,RECEIVED,fdc897c5-6ea8-4830-88fc-19a4af9a650b,00f75cd6-ed1d-4e89-835d-fb3e947b6d9a,c5,c3,1324,i2,?,
1769749233.037837,RECEIVED,7f17a2f6-c8d5-4e4e-869f-9ddb3db453af,b1152089-49ab-40c4-b772-46812717d3b3,c2,DROP,442,x1,?,
1769749233.2233086,RECEIVED,7a281304-8cc2-42f3-8ede-76fcf5230ab8,8f4ab88b-d44b-4eef-9aa5-f2f8fd6341e8,c4,DROP,442,x7,?,
1769749233.3156083,SENT,fdc897c5-6ea8-4830-88fc-19a4af9a650b,00f75cd6-ed1d-4e89-835d-fb3e947b6d9a,c5,c3,920,?,p3,
1769749233.3156521,FORWARDED,fdc897c5-6ea8-4830-88fc-19a4af9a650b,00f75cd6-ed1d-4e89-835d-fb3e947b6d9a,c5,c3,920,?,p3,
1769749233.4583437,RECEIVED,cefad0e0-f690-41c2-813d-ccc83b140274,2a5dbce5-539c-4215-92ac-72e7e38b43c9,c2,DROP,690,i2,?,
1769749233.461223,SENT,4635a889-7f08-4c0a-82ba-ba424622d7dd,909e4d48-6524-453b-b845-0bf5f344a84b,c3,None,772,?,p2,
1769749233.4612634,FORWARDED,4635a889-7f08-4c0a-82ba-ba424622d7dd,909e4d48-6524-453b-b845-0bf5f344a84b,c3,None,772,?,p2,
1769749233.4692202,SENT,cefad0e0-f690-41c2-813d-ccc83b140274,2a5dbce5-539c-4215-92ac-72e7e38b43c9,c2,DROP,442,?,x10,
1769749233.469269,FORWARDED,cefad0e0-f690-41c2-813d-ccc83b140274,2a5dbce5-539c-4215-92ac-72e7e38b43c9,c2,DROP,442,?,x10,
1769749233.5311315,RECEIVED,a2435f7b-e245-44cb-9a81-9d426ec48fc1,fa674e56-3e40-4224-8e00-63a3cf25ee89,c1,DROP,689,i7,?,
1769749233.5851476,SENT,4143b442-297f-428a-baf1-36d2d17d4174,09d33bfb-1ca0-404c-8efc-edbc89e3b95d,c3,DROP,442,?,i2,
1769749233.5851903,FORWARDED,4143b442-297f-428a-baf1-36d2d17d4174,09d33bfb-1ca0-404c-8efc-edbc89e3b95d,c3,DROP,442,?,i2,
1769749233.602722,SENT,a2435f7b-e245-44cb-9a81-9d426ec48fc1,fa674e56-3e40-4224-8e00-63a3cf25ee89,c1,DROP,442,?,i5,
1769749233.6027648,FORWARDED,a2435f7b-e245-44cb-9a81-9d426ec48fc1,fa674e56-3e40-4224-8e00-63a3cf25ee89,c1,DROP,442,?,i5,
1769749233.6749597,RECEIVED,d125e627-e945-4860-85a7-76da41ef3ae0,3c9379ce-94e7-48d8-b5a3-f0dccd7fc2ef,c4,DROP,688,i8,?,
1769749233.7545917,SENT,d125e627-e945-4860-85a7-76da41ef3ae0,3c9379ce-94e7-48d8-b5a3-f0dccd7fc2ef,c4,DROP,442,?,e9,
1769749233.754632,FORWARDED,d125e627-e945-4860-85a7-76da41ef3ae0,3c9379ce-94e7-48d8-b5a3-f0dccd7fc2ef,c4,DROP,442,?,e9,
1769749233.9947884,RECEIVED,c2725ab4-b49a-445f-877b-adaa8b58b4b2,023a4dbc-3017-4676-b779-c71cab2c4666,c2,DROP,442,x6,?,
1769749234.056281,RECEIVED,b4ccdfb6-9003-4591-928f-308c8d0d4594,0a06883a-f59e-4947-9c5f-159ac673ebaa,c5,c3,1323,i7,?,
1769749234.1997955,RECEIVED,28422096-cb04-4424-9158-83468d488d5f,3ff93b1d-f311-4f5c-8451-37149904c480,c5,None,1126,i3,?,
1769749234.2378266,SENT,b4ccdfb6-9003-4591-928f-308c8d0d4594,0a06883a-f59e-4947-9c5f-159ac673ebaa,c5,c3,919,?,p3,
1769749234.2378678,FORWARDED,b4ccdfb6-9003-4591-928f-308c8d0d4594,0a06883a-f59e-4947-9c5f-159ac673ebaa,c5,c3,919,?,p3,
1769749234.406338,RECEIVED,cde692e2-96de-444b-9bd2-56f6599297c6,fdc33d0b-268e-48eb-beb8-09c7182baee7,c3,DROP,684,i6,?,
1769749234.7032516,RECEIVED,cfd10db1-49bd-4475-ac8d-a55953c37092,782a7058-20b0-493f-8108-dfe9139e7d02,c1,DROP,680,i5,?,
1769749234.8749936,RECEIVED,86134470-f4ca-49a3-a161-a4673e1ac8fd,8f30d2fc-33e0-4caa-a86a-5ec39a6d90c6,c1,DROP,687,i6,?,
1769749234.9090028,RECEIVED,004b0a0f-e0bd-43cf-bc94-74812bf59f32,fc4608d6-fce2-4e5f-9e33-25f8463feed0,c4,DROP,680,i5,?,
1769749234.9315798,RECEIVED,d2ca6b07-874f-475d-9e47-0bea9e36e3c2,9f82b4fc-5e10-4de1-abd2-9c502fd2b8f0,c4,DROP,442,x3,?,
1769749234.955754,SENT,004b0a0f-e0bd-43cf-bc94-74812bf59f32,fc4608d6-fce2-4e5f-9e33-25f8463feed0,c4,DROP,437,?,i7,
1769749234.9557958,FORWARDED,004b0a0f-e0bd-43cf-bc94-74812bf59f32,fc4608d6-fce2-4e5f-9e33-25f8463feed0,c4,DROP,437,?,i7,
1769749234.9612527,RECEIVED,80e6842e-7c48-43b4-9fb4-649cf1b4486e,113ee716-5795-4a61-b38d-6c50fd76f0bc,c3,DROP,441,x2,?,
1769749235.1714575,SENT,cfd10db1-49bd-4475-ac8d-a55953c37092,782a7058-20b0-493f-8108-dfe9139e7d02,c1,DROP,438,?,e1,
1769749235.1714978,FORWARDED,cfd10db1-49bd-4475-ac8d-a55953c37092,782a7058-20b0-493f-8108-dfe9139e7d02,c1,DROP,438,?,e1,
1769749235.5488052,SENT,28422096-cb04-4424-9158-83468d488d5f,3ff93b1d-f311-4f5c-8451-37149904c480,c5,None,772,?,p1,
1769749235.5488474,FORWARDED,28422096-cb04-4424-9158-83468d488d5f,3ff93b1d-f311-4f5c-8451-37149904c480,c5,None,772,?,p1,
1769749235.894891,FORWARDED,cde692e2-96de-444b-9bd2-56f6599297c6,fdc33d0b-268e-48eb-beb8-09c7182baee7,c3,DROP,440,?,i12,
1769749236.089847,RECEIVED,8f8a7bd7-8c85-4f1d-803e-98698d86c9be,1f240303-d9a1-4904-9cae-abb954eb2de7,c2,DROP,441,x6,?,
1769749236.5962167,RECEIVED,83d24b7a-d83f-4054-8d9a-7a8fe648f6b5,7b54d9bd-1bf6-43b7-9274-df27513ce805,c2,DROP,441,x7,?,
1769749236.6429348,RECEIVED,de7282bb-de3c-49fb-837f-10eb488595a1,ab1b313b-e3dd-48dd-8996-2cb7dcc6621a,c5,DROP,688,i8,?,
1769749236.647003,SENT,86134470-f4ca-49a3-a161-a4673e1ac8fd,8f30d2fc-33e0-4caa-a86a-5ec39a6d90c6,c1,DROP,442,?,x1,
1769749236.647043,FORWARDED,86134470-f4ca-49a3-a161-a4673e1ac8fd,8f30d2fc-33e0-4caa-a86a-5ec39a6d90c6,c1,DROP,442,?,x1,
1769749236.810239,RECEIVED,4337ebb4-73b0-4bb6-ad43-783c130a39eb,e992d691-cbc1-4bc5-8e99-5acfc905c0bb,c2,DROP,679,i7,?,
1769749236.9433713,RECEIVED,5a79f78d-2204-4318-a97f-9088cf9886f6,187f9d44-88b6-40ed-b7eb-9fca85bab2a0,c1,DROP,683,i2,?,
1769749237.0078382,SENT,de7282bb-de3c-49fb-837f-10eb488595a1,ab1b313b-e3dd-48dd-8996-2cb7dcc6621a,c5,DROP,443,?,i5,
1769749237.0078804,FORWARDED,de7282bb-de3c-49fb-837f-10eb488595a1,ab1b313b-e3dd-48dd-8996-2cb7dcc6621a,c5,DROP,443,?,i5,
1769749237.411632,RECEIVED,d6354655-5583-42e0-bb91-2d0416babf29,9ff84f7b-6ee2-47cd-a3c2-0cf009210e1b,c3,None,1128,i6,?,
1769749237.7284935,SENT,4337ebb4-73b0-4bb6-ad43-783c130a39eb,e992d691-cbc1-4bc5-8e99-5acfc905c0bb,c2,DROP,437,?,e6,
1769749237.7285347,FORWARDED,4337ebb4-73b0-4bb6-ad43-783c130a39eb,e992d691-cbc1-4bc5-8e99-5acfc905c0bb,c2,DROP,437,?,e6,
1769749237.7676744,RECEIVED,c9664bed-e84e-4f01-ac7e-2a9ecb6de59b,547184d0-6ef0-43d3-969a-99bfb6c8c17a,c3,DROP,685,i9,?,
1769749237.8096154,SENT,d6354655-5583-42e0-bb91-2d0416babf29,9ff84f7b-6ee2-47cd-a3c2-0cf009210e1b,c3,None,772,?,p2,
1769749237.8096592,FORWARDED,d6354655-5583-42e0-bb91-2d0416babf29,9ff84f7b-6ee2-47cd-a3c2-0cf009210e1b,c3,None,772,?,p2,
1769749238.185902,SENT,c9664bed-e84e-4f01-ac7e-2a9ecb6de59b,547184d0-6ef0-43d3-969a-99bfb6c8c17a,c3,DROP,441,?,e10,
1769749238.1859362,FORWARDED,c9664bed-e84e-4f01-ac7e-2a9ecb6de59b,547184d0-6ef0-43d3-969a-99bfb6c8c17a,c3,DROP,441,?,e10,
1769749238.2603307,RECEIVED,70e40bb6-ba18-4e1f-8988-ae224eab0dee,83a25f7d-dc2d-41fc-86e7-609535b6a726,c5,c3,1264,i2,?,
1769749238.3503015,SENT,70e40bb6-ba18-4e1f-8988-ae224eab0dee,83a25f7d-dc2d-41fc-86e7-609535b6a726,c5,c3,875,?,p3,
1769749238.3503435,FORWARDED,70e40bb6-ba18-4e1f-8988-ae224eab0dee,83a25f7d-dc2d-41fc-86e7-609535b6a726,c5,c3,875,?,p3,
1769749238.519661,SENT,5a79f78d-2204-4318-a97f-9088cf9886f6,187f9d44-88b6-40ed-b7eb-9fca85bab2a0,c1,DROP,440,?,x7,
1769749238.5196955,FORWARDED,5a79f78d-2204-4318-a97f-9088cf9886f6,187f9d44-88b6-40ed-b7eb-9fca85bab2a0,c1,DROP,440,?,x7,
1769749238.545803,RECEIVED,c133dc76-2d76-46d7-b581-e96d7dac3f4e,36838937-43ce-43f1-9b9c-17a01192e869,c5,c3,1319,i7,?,
1769749238.5654666,RECEIVED,259db371-9f58-4c13-a331-dc9d010f5424,773d971d-c777-47e6-8fd4-8cca94372657,c2,DROP,441,x3,?,
1769749238.5708954,RECEIVED,01c8c8c4-a622-41a9-b810-a966a5c11abf,5cbe997f-7108-4809-9114-ccb67d21f282,c1,DROP,690,i7,?,
1769749238.6523695,SENT,01c8c8c4-a622-41a9-b810-a966a5c11abf,5cbe997f-7108-4809-9114-ccb67d21f282,c1,DROP,442,?,x11,
1769749238.652406,FORWARDED,01c8c8c4-a622-41a9-b810-a966a5c11abf,5cbe997f-7108-4809-9114-ccb67d21f282,c1,DROP,442,?,x11,
1769749238.679752,RECEIVED,e2c0120d-a749-4898-9891-5e8243955911,3a7c3661-a4ea-40eb-aa9d-02e6b0a484fa,c5,c3,1315,i2,?,
1769749238.7834027,RECEIVED,07119db2-3dd7-4fcd-b448-b4198012ff3e,30ab2c6d-a921-448c-b733-01a4df126144,c4,DROP,683,i6,?,
1769749238.8470433,SENT,c133dc76-2d76-46d7-b581-e96d7dac3f4e,36838937-43ce-43f1-9b9c-17a01192e869,c5,c3,916,?,p3,
1769749238.8470976,FORWARDED,c133dc76-2d76-46d7-b581-e96d7dac3f4e,36838937-43ce-43f1-9b9c-17a01192e869,c5,c3,916,?,p3,
1769749239.3066423,SENT,07119db2-3dd7-4fcd-b448-b4198012ff3e,30ab2c6d-a921-448c-b733-01a4df126144,c4,DROP,441,?,x1,
1769749239.3066854,FORWARDED,07119db2-3dd7-4fcd-b448-b4198012ff3e,30ab2c6d-a921-448c-b733-01a4df126144,c4,DROP,441,?,x1,
1769749239.5886393,SENT,e2c0120d-a749-4898-9891-5e8243955911,3a7c3661-a4ea-40eb-aa9d-02e6b0a484fa,c5,c3,915,?,p3,
1769749239.5886817,FORWARDED,e2c0120d-a749-4898-9891-5e8243955911,3a7c3661-a4ea-40eb-aa9d-02e6b0a484fa,c5,c3,915,?,p3,
1769749239.6634088,RECEIVED,e5b7a17c-5b1f-4db8-b062-989da868748e,2bfe5a0a-2156-4fd1-bd83-ad20b58a6384,c1,DROP,442,x3,?,
1769749239.6706617,RECEIVED,a919c7ac-6745-439d-b307-2915a99055bf,8b769909-fba5-427e-8275-17fed825fcc5,c5,DROP,684,i2,?,
1769749239.7109792,RECEIVED,5cc8cb40-275e-4fbb-a6f1-cf53940a16c9,2ba48976-823b-4571-837b-98354e472b14,c5,DROP,688,i3,?,
1769749239.723784,RECEIVED,05c74603-7328-4d52-a3b7-b66d07f52f44,4499485b-a379-47c7-a67b-6ab4d92f380d,c3,None,1131,i7,?,
1769749239.7738264,FORWARDED,a919c7ac-6745-439d-b307-2915a99055bf,8b769909-fba5-427e-8275-17fed825fcc5,c5,DROP,441,?,i4,
1769749239.8577085,SENT,5cc8cb40-275e-4fbb-a6f1-cf53940a16c9,2ba48976-823b-4571-837b-98354e472b14,c5,DROP,442,?,e1,
1769749239.8577466,FORWARDED,5cc8cb40-275e-4fbb-a6f1-cf53940a16c9,2ba48976-823b-4571-837b-98354e472b14,c5,DROP,442,?,e1,
1769749240.3710332,SENT,05c74603-7328-4d52-a3b7-b66d07f52f44,4499485b-a379-47c7-a67b-6ab4d92f380d,c3,None,775,?,p2,
1769749240.3714705,FORWARDED,05c74603-7328-4d52-a3b7-b66d07f52f44,4499485b-a379-47c7-a67b-6ab4d92f380d,c3,None,775,?,p2,
1769749240.5604527,RECEIVED,7c46ca7e-dee0-4e10-84dd-4b7f25c7ad8c,af5b6b96-d16e-46b0-a9fd-8864534fcb21,c1,None,1123,i6,?,
1769749240.8124218,RECEIVED,458de8a6-0388-486e-bde9-8558fea2f829,8299993b-fe41-46e2-94b1-3ec9b44390c7,c2,DROP,687,i3,?,
1769749241.2566974,RECEIVED,ce96792a-01e1-40ed-881d-1cedd70124d3,c1810a5a-63dd-4ec9-aa09-fce6c3988789,c2,DROP,683,i3,?,
1769749241.4447496,RECEIVED,1b7aae1c-8dd4-4bc8-aacd-4531960b89dd,48286a84-19a7-47e0-9add-0ec13240ae01,c5,DROP,441,x11,?,
1769749241.496096,SENT,ce96792a-01e1-40ed-881d-1cedd70124d3,c1810a5a-63dd-4ec9-aa09-fce6c3988789,c2,DROP,441,?,x9,
1769749241.496133,FORWARDED,ce96792a-01e1-40ed-881d-1cedd70124d3,c1810a5a-63dd-4ec9-aa09-fce6c3988789,c2,DROP,441,?,x9,
1769749241.4991503,RECEIVED,309f9966-115e-4c68-86cc-6a0079d66546,6cbc74f0-2106-4428-aac4-4e56d0a1c3f3,c2,DROP,441,x9,?,
1769749241.5167813,RECEIVED,7273d74b-035d-4b75-ab7a-297b8bf93860,3f90e22e-c05f-4371-8479-77a61e9d5f4e,c5,DROP,679,i1,?,
1769749241.6373832,SENT,458de8a6-0388-486e-bde9-8558fea2f829,8299993b-fe41-46e2-94b1-3ec9b44390c7,c2,DROP,442,?,i9,
1769749241.6374214,FORWARDED,458de8a6-0388-486e-bde9-8558fea2f829,8299993b-fe41-46e2-94b1-3ec9b44390c7,c2,DROP,442,?,i9,
1769749241.8283494,SENT,7273d74b-035d-4b75-ab7a-297b8bf93860,3f90e22e-c05f-4371-8479-77a61e9d5f4e,c5,DROP,438,?,i8,
1769749241.8283935,FORWARDED,7273d74b-035d-4b75-ab7a-297b8bf93860,3f90e22e-c05f-4371-8479-77a61e9d5f4e,c5,DROP,438,?,i8,
1769749242.1711097,RECEIVED,cf746d51-ef20-4c59-af75-ecd826248580,ed11feee-c581-43c4-916a-5604f84aa7a8,c3,None,1132,i5,?,
1769749242.2789187,RECEIVED,b83ec279-5b6d-4cfe-9002-c038df9ce38b,9b3315f3-4879-4170-b7b1-3406d3a927cb,c5,None,1133,i4,?,
1769749242.362009,SENT,b83ec279-5b6d-4cfe-9002-c038df9ce38b,9b3315f3-4879-4170-b7b1-3406d3a927cb,c5,None,775,?,p1,
1769749242.3620641,FORWARDED,b83ec279-5b6d-4cfe-9002-c038df9ce38b,9b3315f3-4879-4170-b7b1-3406d3a927cb,c5,None,775,?,p1,
1769749242.445735,SENT,cf746d51-ef20-4c59-af75-ecd826248580,ed11feee-c581-43c4-916a-5604f84aa7a8,c3,None,775,?,p2,
1769749242.4457784,FORWARDED,cf746d51-ef20-4c59-af75-ecd826248580,ed11feee-c581-43c4-916a-5604f84aa7a8,c3,None,775,?,p2,
1769749242.5097656,RECEIVED,831d886c-a198-42a3-99d3-1458666313a2,2eb7aaa1-6c6b-4979-8a58-af78b9f2bf7a,c2,c3,1311,i1,?,
1769749242.640949,RECEIVED,622590f0-859b-4510-a82e-f19c7de69b93,7f8fc3ef-1185-4df5-9c82-3b662ddb6b60,c5,c3,1322,i2,?,
1769749242.7569256,RECEIVED,14db66ed-1f76-42bb-ad69-e341a8763bfc,dc511f9d-5899-49ef-9d38-cb83b118951e,c4,DROP,688,i9,?,
1769749242.8528252,SENT,14db66ed-1f76-42bb-ad69-e341a8763bfc,dc511f9d-5899-49ef-9d38-cb83b118951e,c4,DROP,442,?,x5,
1769749242.853152,FORWARDED,14db66ed-1f76-42bb-ad69-e341a8763bfc,dc511f9d-5899-49ef-9d38-cb83b118951e,c4,DROP,442,?,x5,
1769749242.9037514,RECEIVED,037cc9b3-0229-4206-b727-40092e757e34,3b24a27a-f471-4cbf-bc7e-a4344edb03c8,c3,c2,1251,i2,?,
1769749242.9041781,RECEIVED,4acd6e1b-563f-4796-9731-9cd6884e4755,d8b76a0d-d98c-4033-ad1c-91e2c8dfcca8,c5,DROP,440,x5,?,
1769749242.9964318,SENT,037cc9b3-0229-4206-b727-40092e757e34,3b24a27a-f471-4cbf-bc7e-a4344edb03c8,c3,c2,867,?,p2,
1769749242.9964724,FORWARDED,037cc9b3-0229-4206-b727-40092e757e34,3b24a27a-f471-4cbf-bc7e-a4344edb03c8,c3,c2,867,?,p2,
1769749243.1016064,RECEIVED,af64fa11-0d17-4eb2-af5d-9052ef3ea45c,eb17d2b7-e9d5-452f-86f8-f518cc74c2ad,c4,DROP,693,i7,?,
1769749243.2031138,SENT,af64fa11-0d17-4eb2-af5d-9052ef3ea45c,eb17d2b7-e9d5-452f-86f8-f518cc74c2ad,c4,DROP,445,?,x12,
1769749243.2031558,FORWARDED,af64fa11-0d17-4eb2-af5d-9052ef3ea45c,eb17d2b7-e9d5-452f-86f8-f518cc74c2ad,c4,DROP,445,?,x12,
1769749243.2520118,SENT,831d886c-a198-42a3-99d3-1458666313a2,2eb7aaa1-6c6b-4979-8a58-af78b9f2bf7a,c2,c3,911,?,p3,
1769749243.2520592,FORWARDED,831d886c-a198-42a3-99d3-1458666313a2,2eb7aaa1-6c6b-4979-8a58-af78b9f2bf7a,c2,c3,911,?,p3,
1769749243.3789303,RECEIVED,986de316-8c16-4ade-8c24-e8e197fbe59f,2247184b-3b0e-4f49-b102-a2b7b9dfb02b,c3,None,1127,i4,?,
1769749243.4571493,SENT,7c46ca7e-dee0-4e10-84dd-4b7f25c7ad8c,af5b6b96-d16e-46b0-a9fd-8864534fcb21,c1,None,771,?,p1,
1769749243.4571908,FORWARDED,7c46ca7e-dee0-4e10-84dd-4b7f25c7ad8c,af5b6b96-d16e-46b0-a9fd-8864534fcb21,c1,None,771,?,p1,
1769749243.5496287,RECEIVED,1d1a4a06-0036-4110-a43a-cd8e37617ad8,e1a769be-f9ed-4bdd-8126-c3548cb7c3f1,c3,c2,1259,i6,?,
1769749243.8646386,RECEIVED,6578de69-4fb7-4ff0-bddf-18014e59442a,1cd322ef-568a-47a9-80ee-6895b2f57863,c4,c1,1255,i1,?,
1769749243.8947067,SENT,986de316-8c16-4ade-8c24-e8e197fbe59f,2247184b-3b0e-4f49-b102-a2b7b9dfb02b,c3,None,772,?,p2,
1769749243.8947513,FORWARDED,986de316-8c16-4ade-8c24-e8e197fbe59f,2247184b-3b0e-4f49-b102-a2b7b9dfb02b,c3,None,772,?,p2,
1769749243.9123492,RECEIVED,54f24ef0-942c-4510-bfce-46fa73de7bbc,727a44fc-cd17-4912-bd07-8aa7b4d9b32f,c5,c3,1316,i7,?,
1769749243.96213,RECEIVED,1d9e6d1b-8ddd-4b8f-82ee-3483b6c24870,74870547-95a5-4844-8794-c5b987e53ea3,c1,DROP,443,x7,?,
1769749243.9984474,RECEIVED,b5bcfd1e-d3aa-41ea-955a-63d172954b7a,f373f3f2-5611-4afb-9a23-83a31548f8b7,c5,None,1133,i6,?,
1769749244.0136898,SENT,b5bcfd1e-d3aa-41ea-955a-63d172954b7a,f373f3f2-5611-4afb-9a23-83a31548f8b7,c5,None,777,?,p1,
1769749244.0137322,FORWARDED,b5bcfd1e-d3aa-41ea-955a-63d172954b7a,f373f3f2-5611-4afb-9a23-83a31548f8b7,c5,None,777,?,p1,
1769749244.0321448,SENT,6578de69-4fb7-4ff0-bddf-18014e59442a,1cd322ef-568a-47a9-80ee-6895b2f57863,c4,c1,868,?,p1,
1769749244.0321853,FORWARDED,6578de69-4fb7-4ff0-bddf-18014e59442a,1cd322ef-568a-47a9-80ee-6895b2f57863,c4,c1,868,?,p1,
1769749244.0699706,SENT,1d1a4a06-0036-4110-a43a-cd8e37617ad8,e1a769be-f9ed-4bdd-8126-c3548cb7c3f1,c3,c2,872,?,p2,
1769749244.070013,FORWARDED,1d1a4a06-0036-4110-a43a-cd8e37617ad8,e1a769be-f9ed-4bdd-8126-c3548cb7c3f1,c3,c2,872,?,p2,
1769749244.0897555,RECEIVED,2b2ac9a5-66e1-411e-8461-f6104169de1e,54a27825-3d26-4d24-b69b-e7920da29ef1,c4,DROP,684,i3,?,
1769749244.1231353,RECEIVED,0c23affb-af0f-4ef7-af67-504e5f7ca553,3db96c5a-38d9-485e-b4d6-d7949d708ef6,c5,c3,1260,i5,?,
1769749244.1328511,RECEIVED,06324deb-6419-4ead-8c54-0482913e3a33,f3438990-e807-4a40-bb98-9be3d58121e0,c5,DROP,684,i5,?,
1769749244.2166681,RECEIVED,52c0d1d6-fe17-447d-af3a-e8ac9f073f8a,32878947-11a2-41da-93c3-5ebb0335a918,c2,DROP,689,i6,?,
1769749244.2977018,SENT,2b2ac9a5-66e1-411e-8461-f6104169de1e,54a27825-3d26-4d24-b69b-e7920da29ef1,c4,DROP,441,?,x2,
1769749244.2977443,FORWARDED,2b2ac9a5-66e1-411e-8461-f6104169de1e,54a27825-3d26-4d24-b69b-e7920da29ef1,c4,DROP,441,?,x2,
1769749244.3230736,RECEIVED,e5d1f0ca-2379-4297-955c-fd2872b853c8,996e3f71-0e62-4251-bec2-f9840d983aca,c1,DROP,693,i1,?,
1769749244.3290799,RECEIVED,d372d13d-4756-454d-90ff-245b2f5d8e3f,ae31b083-1b95-4912-8034-f35d82b1d17a,c2,DROP,688,i7,?,
1769749244.3405962,SENT,0c23affb-af0f-4ef7-af67-504e5f7ca553,3db96c5a-38d9-485e-b4d6-d7949d708ef6,c5,c3,871,?,p3,
1769749244.3406398,FORWARDED,0c23affb-af0f-4ef7-af67-504e5f7ca553,3db96c5a-38d9-485e-b4d6-d7949d708ef6,c5,c3,871,?,p3,
1769749244.364924,SENT,54f24ef0-942c-4510-bfce-46fa73de7bbc,727a44fc-cd17-4912-bd07-8aa7b4d9b32f,c5,c3,914,?,p3,
1769749244.3649654,FORWARDED,54f24ef0-942c-4510-bfce-46fa73de7bbc,727a44fc-cd17-4912-bd07-8aa7b4d9b32f,c5,c3,914,?,p3,
1769749244.3697557,RECEIVED,049c0a93-cab8-4a38-b59d-621867d1de7b,86ed84f7-9b1a-4cd8-ad5f-d3d61de97f8b,c3,DROP,689,i5,?,
1769749244.4187927,FORWARDED,52c0d1d6-fe17-447d-af3a-e8ac9f073f8a,32878947-11a2-41da-93c3-5ebb0335a918,c2,DROP,442,?,i10,
1769749244.4339678,FORWARDED,e5d1f0ca-2379-4297-955c-fd2872b853c8,996e3f71-0e62-4251-bec2-f9840d983aca,c1,DROP,445,?,i12,
1769749244.4649906,RECEIVED,18108c90-dd86-42fe-af23-8fa91ac1f120,dfa560d6-0f83-4a63-819b-d6a30ca8c7e2,c3,DROP,684,i3,?,
1769749244.5390005,SENT,06324deb-6419-4ead-8c54-0482913e3a33,f3438990-e807-4a40-bb98-9be3d58121e0,c5,DROP,441,?,i1,
1769749244.539041,FORWARDED,06324deb-6419-4ead-8c54-0482913e3a33,f3438990-e807-4a40-bb98-9be3d58121e0,c5,DROP,441,?,i1,
1769749244.6557565,SENT,049c0a93-cab8-4a38-b59d-621867d1de7b,86ed84f7-9b1a-4cd8-ad5f-d3d61de97f8b,c3,DROP,443,?,x10,
1769749244.655807,FORWARDED,049c0a93-cab8-4a38-b59d-621867d1de7b,86ed84f7-9b1a-4cd8-ad5f-d3d61de97f8b,c3,DROP,443,?,x10,
1769749244.7127576,RECEIVED,2b13aac4-5ff7-4079-922b-a0b0137e5352,889a5d87-a5f7-4a78-8c83-a83563d3afeb,c5,DROP,688,i3,?,
1769749244.7415848,RECEIVED,57242cc8-ba4a-4cbc-95a2-719863b33e44,33c423fc-193a-41e1-90e2-2d4659c6d0aa,c5,DROP,688,i1,?,
1769749244.7827296,SENT,2b13aac4-5ff7-4079-922b-a0b0137e5352,889a5d87-a5f7-4a78-8c83-a83563d3afeb,c5,DROP,442,?,x1,
1769749244.782772,FORWARDED,2b13aac4-5ff7-4079-922b-a0b0137e5352,889a5d87-a5f7-4a78-8c83-a83563d3afeb,c5,DROP,442,?,x1,
1769749244.9647753,RECEIVED,e99ebc74-413b-4876-a667-39f8a1a96914,e8a16fa6-10df-4e55-ae10-874e6c0affc5,c1,DROP,689,i2,?,
1769749244.9747312,SENT,d372d13d-4756-454d-90ff-245b2f5d8e3f,ae31b083-1b95-4912-8034-f35d82b1d17a,c2,DROP,442,?,x11,
1769749244.9747698,FORWARDED,d372d13d-4756-454d-90ff-245b2f5d8e3f,ae31b083-1b95-4912-8034-f35d82b1d17a,c2,DROP,442,?,x11,
1769749245.0206175,RECEIVED,09dc7a06-7525-4b51-a6b2-e4c75aa93e3b,31fba25d-66b0-436d-a182-0136264bb34a,c5,DROP,684,i4,?,
1769749245.0662258,RECEIVED,d8e6f3a6-194b-4c4f-a30a-3bb8a9c6bcb0,9864c315-2f0f-4dd0-b099-12ce87a94aef,c1,c5,1252,i8,?,
1769749245.1403565,SENT,57242cc8-ba4a-4cbc-95a2-719863b33e44,33c423fc-193a-41e1-90e2-2d4659c6d0aa,c5,DROP,442,?,i5,
1769749245.140395,FORWARDED,57242cc8-ba4a-4cbc-95a2-719863b33e44,33c423fc-193a-41e1-90e2-2d4659c6d0aa,c5,DROP,442,?,i5,
1769749245.1550431,SENT,09dc7a06-7525-4b51-a6b2-e4c75aa93e3b,31fba25d-66b0-436d-a182-0136264bb34a,c5,DROP,441,?,e12,
1769749245.1550968,FORWARDED,09dc7a06-7525-4b51-a6b2-e4c75aa93e3b,31fba25d-66b0-436d-a182-0136264bb34a,c5,DROP,441,?,e12,
1769749245.2696645,RECEIVED,68b13495-d805-4302-9134-2884ce08c53a,3138e823-ff20-4485-8c14-f6697e0fabd2,c4,DROP,685,i3,?,
1769749245.2767158,SENT,d8e6f3a6-194b-4c4f-a30a-3bb8a9c6bcb0,9864c315-2f0f-4dd0-b099-12ce87a94aef,c1,c5,867,?,p2,
1769749245.2767558,FORWARDED,d8e6f3a6-194b-4c4f-a30a-3bb8a9c6bcb0,9864c315-2f0f-4dd0-b099-12ce87a94aef,c1,c5,867,?,p2,
1769749245.3844457,FORWARDED,e99ebc74-413b-4876-a667-39f8a1a96914,e8a16fa6-10df-4e55-ae10-874e6c0affc5,c1,DROP,442,?,i11,
1769749245.4229808,SENT,18108c90-dd86-42fe-af23-8fa91ac1f120,dfa560d6-0f83-4a63-819b-d6a30ca8c7e2,c3,DROP,441,?,e10,
1769749245.4230242,FORWARDED,18108c90-dd86-42fe-af23-8fa91ac1f120,dfa560d6-0f83-4a63-819b-d6a30ca8c7e2,c3,DROP,441,?,e10,
1769749245.482437,RECEIVED,d839a093-67b3-4b49-9a1e-5f885d15b41b,b3cc2013-5585-49f0-8892-93687c73f023,c2,DROP,684,i1,?,
1769749245.5246103,RECEIVED,0b6dca5e-420e-4875-a8b0-0cc6ea941719,edc34358-645f-4950-907a-6956cfe9d29e,c4,DROP,443,x9,?,
1769749245.5286367,SENT,d839a093-67b3-4b49-9a1e-5f885d15b41b,b3cc2013-5585-49f0-8892-93687c73f023,c2,DROP,441,?,i9,
1769749245.5286756,FORWARDED,d839a093-67b3-4b49-9a1e-5f885d15b41b,b3cc2013-5585-49f0-8892-93687c73f023,c2,DROP,441,?,i9,
1769749245.6340005,RECEIVED,6169e7a8-c0e9-4406-b8bf-bd633de2b389,5a2a77b5-e8b5-4261-b963-1a31030bf32c,c3,DROP,441,x9,?,
1769749245.6405256,RECEIVED,ce7cbaf9-e90f-4849-a2a5-5380e17d44e0,3c8240a8-8307-4248-8bcc-7aa866573f2b,c3,DROP,437,x7,?,
1769749245.7126892,RECEIVED,77f044c5-390a-4191-82d1-cd74ed4a0f92,4feb91e0-55e7-4c4d-bcd8-bc0d71e3953b,c4,DROP,684,i2,?,
1769749245.726891,RECEIVED,608baea1-7f5b-45fd-8a90-889e480e261c,e02e91f7-45b2-46e0-af2e-f17768929079,c1,DROP,688,i6,?,
1769749245.74424,SENT,68b13495-d805-4302-9134-2884ce08c53a,3138e823-ff20-4485-8c14-f6697e0fabd2,c4,DROP,441,?,e10,
1769749245.7442977,FORWARDED,68b13495-d805-4302-9134-2884ce08c53a,3138e823-ff20-4485-8c14-f6697e0fabd2,c4,DROP,441,?,e10,
1769749245.7737,SENT,77f044c5-390a-4191-82d1-cd74ed4a0f92,4feb91e0-55e7-4c4d-bcd8-bc0d71e3953b,c4,DROP,441,?,x9,
1769749245.7737417,FORWARDED,77f044c5-390a-4191-82d1-cd74ed4a0f92,4feb91e0-55e7-4c4d-bcd8-bc0d71e3953b,c4,DROP,441,?,x9,
1769749245.7810345,RECEIVED,01e5b0e4-d707-4612-97c9-facad98d8a7c,a56ffe71-4dd9-4f1e-a265-c3167b8562d8,c5,c3,1259,i8,?,
1769749245.7818885,SENT,608baea1-7f5b-45fd-8a90-889e480e261c,e02e91f7-45b2-46e0-af2e-f17768929079,c1,DROP,442,?,x3,
1769749245.781937,FORWARDED,608baea1-7f5b-45fd-8a90-889e480e261c,e02e91f7-45b2-46e0-af2e-f17768929079,c1,DROP,442,?,x3,
1769749245.87812,RECEIVED,20ec6452-1927-46ce-81a5-0bbe5c4470ef,287c5815-abdb-4193-a433-0b3249d4ebb1,c3,c2,1312,i2,?,
1769749245.9252675,RECEIVED,65601117-45e1-4e9f-baf3-282598708441,6ed80b27-8841-4eef-9b6f-94db0bab43bd,c4,DROP,442,x11,?,
1769749246.053123,SENT,01e5b0e4-d707-4612-97c9-facad98d8a7c,a56ffe71-4dd9-4f1e-a265-c3167b8562d8,c5,c3,873,?,p3,
1769749246.053161,FORWARDED,01e5b0e4-d707-4612-97c9-facad98d8a7c,a56ffe71-4dd9-4f1e-a265-c3167b8562d8,c5,c3,873,?,p3,
1769749246.0812526,RECEIVED,2df499ed-bff0-4eb9-8e57-e4ef05d34d36,e6c4ebff-baf4-4d52-9452-c42726722c78,c2,DROP,679,i3,?,
1769749246.152927,RECEIVED,7675a3f9-bd93-40b9-8925-9fd1c7c8885b,0ecf34fa-9382-49f9-acd0-b98737383e46,c2,DROP,683,i4,?,
1769749246.2124138,SENT,2df499ed-bff0-4eb9-8e57-e4ef05d34d36,e6c4ebff-baf4-4d52-9452-c42726722c78,c2,DROP,437,?,e2,
1769749246.2124488,FORWARDED,2df499ed-bff0-4eb9-8e57-e4ef05d34d36,e6c4ebff-baf4-4d52-9452-c42726722c78,c2,DROP,437,?,e2,
1769749246.242043,RECEIVED,e5aa7151-f755-4d00-b28a-6ccc743a581d,21ac15e0-9bc0-4237-a935-89c0a058f7a8,c1,DROP,441,x3,?,
1769749246.3024957,RECEIVED,56bd9c0b-fe08-49c9-9b6c-803cfad0f931,c603fcaf-afd2-4790-97d3-25f077228de1,c3,DROP,441,x3,?,
1769749246.3361137,SENT,622590f0-859b-4510-a82e-f19c7de69b93,7f8fc3ef-1185-4df5-9c82-3b662ddb6b60,c5,c3,919,?,p3,
1769749246.3361535,FORWARDED,622590f0-859b-4510-a82e-f19c7de69b93,7f8fc3ef-1185-4df5-9c82-3b662ddb6b60,c5,c3,919,?,p3,
1769749246.3799036,SENT,20ec6452-1927-46ce-81a5-0bbe5c4470ef,287c5815-abdb-4193-a433-0b3249d4ebb1,c3,c2,912,?,p2,
1769749246.3799448,FORWARDED,20ec6452-1927-46ce-81a5-0bbe5c4470ef,287c5815-abdb-4193-a433-0b3249d4ebb1,c3,c2,912,?,p2,
1769749246.438202,SENT,7675a3f9-bd93-40b9-8925-9fd1c7c8885b,0ecf34fa-9382-49f9-acd0-b98737383e46,c2,DROP,441,?,i3,
1769749246.4382443,FORWARDED,7675a3f9-bd93-40b9-8925-9fd1c7c8885b,0ecf34fa-9382-49f9-acd0-b98737383e46,c2,DROP,441,?,i3,
1769749246.484068,RECEIVED,82cb3b9e-7440-42d4-a932-f868ac517bcd,06cb183e-673b-400a-aba2-a6d84dd5651c,c3,c2,1312,i1,?,
1769749246.5383723,RECEIVED,c9fe183d-67c2-4c24-97b2-480e931ea67c,3537d62f-2bdc-4155-aba7-e3b6ee2f73fd,c3,c2,1311,i4,?,
1769749246.55977,RECEIVED,6aba224a-c734-4337-87af-ed8e2d914477,2eddaf98-8c1e-42bd-80e7-d36477109043,c1,None,1123,i6,?,
1769749246.8030589,RECEIVED,67686bba-1222-4d49-8145-a04bd403ca7f,519b0f3d-8584-4189-989a-1d05ed2c1595,c5,DROP,685,i6,?,
1769749246.8227684,SENT,82cb3b9e-7440-42d4-a932-f868ac517bcd,06cb183e-673b-400a-aba2-a6d84dd5651c,c3,c2,911,?,p2,
1769749246.8228135,FORWARDED,82cb3b9e-7440-42d4-a932-f868ac517bcd,06cb183e-673b-400a-aba2-a6d84dd5651c,c3,c2,911,?,p2,
1769749246.8353946,SENT,67686bba-1222-4d49-8145-a04bd403ca7f,519b0f3d-8584-4189-989a-1d05ed2c1595,c5,DROP,440,?,e8,
1769749246.8354325,FORWARDED,67686bba-1222-4d49-8145-a04bd403ca7f,519b0f3d-8584-4189-989a-1d05ed2c1595,c5,DROP,440,?,e8,
1769749246.8476188,SENT,c9fe183d-67c2-4c24-97b2-480e931ea67c,3537d62f-2bdc-4155-aba7-e3b6ee2f73fd,c3,c2,912,?,p2,
1769749246.8476534,FORWARDED,c9fe183d-67c2-4c24-97b2-480e931ea67c,3537d62f-2bdc-4155-aba7-e3b6ee2f73fd,c3,c2,912,?,p2,
1769749246.875301,RECEIVED,d97c782a-eda8-4ec1-aba9-bcf2d2829315,ff4c98c2-6f8c-48f9-9e99-de1638d5f094,c1,DROP,679,i9,?,
1769749247.0117373,RECEIVED,a2725cc3-8812-4d56-963d-a34db2cc5daf,863da6b1-b938-4a8a-a3ae-f2e0472cf4fa,c5,c3,1255,i1,?,
1769749247.1041365,RECEIVED,508fe03b-1f0f-415e-99ca-bffa2f336f74,7f38233d-ad94-464d-8055-3df1ab2578f4,c5,c3,1255,i6,?,
1769749247.2132998,SENT,508fe03b-1f0f-415e-99ca-bffa2f336f74,7f38233d-ad94-464d-8055-3df1ab2578f4,c5,c3,870,?,p3,
1769749247.21334,FORWARDED,508fe03b-1f0f-415e-99ca-bffa2f336f74,7f38233d-ad94-464d-8055-3df1ab2578f4,c5,c3,870,?,p3,
1769749247.7272513,RECEIVED,0ca88fb9-6568-454d-8cf0-50b3bf59b4e3,9a6c79ff-d95b-479d-8572-50b06aaeadbd,c3,None,1129,i6,?,
1769749247.7438288,SENT,a2725cc3-8812-4d56-963d-a34db2cc5daf,863da6b1-b938-4a8a-a3ae-f2e0472cf4fa,c5,c3,868,?,p3,
1769749247.7438653,FORWARDED,a2725cc3-8812-4d56-963d-a34db2cc5daf,863da6b1-b938-4a8a-a3ae-f2e0472cf4fa,c5,c3,868,?,p3,
1769749247.7671268,SENT,0ca88fb9-6568-454d-8cf0-50b3bf59b4e3,9a6c79ff-d95b-479d-8572-50b06aaeadbd,c3,None,772,?,p2,
1769749247.7671647,FORWARDED,0ca88fb9-6568-454d-8cf0-50b3bf59b4e3,9a6c79ff-d95b-479d-8572-50b06aaeadbd,c3,None,772,?,p2,
1769749247.780196,SENT,d97c782a-eda8-4ec1-aba9-bcf2d2829315,ff4c98c2-6f8c-48f9-9e99-de1638d5f094,c1,DROP,436,?,e3,
1769749247.7802358,FORWARDED,d97c782a-eda8-4ec1-aba9-bcf2d2829315,ff4c98c2-6f8c-48f9-9e99-de1638d5f094,c1,DROP,436,?,e3,
1769749247.8452957,RECEIVED,6917a369-7277-4b17-a1b6-354b5a2ae5f9,a12231c5-5ff5-40f0-b559-a4ad7425a8d0,c1,DROP,687,i5,?,
1769749248.0505376,SENT,6aba224a-c734-4337-87af-ed8e2d914477,2eddaf98-8c1e-42bd-80e7-d36477109043,c1,None,771,?,p1,
1769749248.0505738,FORWARDED,6aba224a-c734-4337-87af-ed8e2d914477,2eddaf98-8c1e-42bd-80e7-d36477109043,c1,None,771,?,p1,
1769749248.4289875,RECEIVED,c4e77bbf-a8e7-46ef-9e34-bcd4a430f36f,09595d1e-5ba8-4abf-b5e1-97b75a075647,c4,DROP,687,i4,?,
1769749248.541195,RECEIVED,2e3bad8a-b5d1-487c-9161-b1b2fb867404,f01d8ca4-a120-45e2-bd4e-dacd932a73ea,c2,c3,1315,i1,?,
1769749248.6358175,RECEIVED,af054155-e851-4374-adba-35bb31462695,46f12a06-dffa-4e1c-bc49-97abf0f32ff5,c5,c3,1263,i1,?,
1769749248.7058065,RECEIVED,63a4f401-c08a-4fc7-9069-bf330ad30cdb,be6acc3a-a9ae-40be-b543-ba0de8af5f4e,c5,c3,1251,i8,?,
1769749248.8394654,SENT,6917a369-7277-4b17-a1b6-354b5a2ae5f9,a12231c5-5ff5-40f0-b559-a4ad7425a8d0,c1,DROP,442,?,x1,
1769749248.839508,FORWARDED,6917a369-7277-4b17-a1b6-354b5a2ae5f9,a12231c5-5ff5-40f0-b559-a4ad7425a8d0,c1,DROP,442,?,x1,
1769749248.9441063,RECEIVED,88e9b621-d0cb-428b-a513-f88eddea578e,460baf6b-b5c4-40bd-831c-baa58c58aaae,c3,None,1131,i4,?,
1769749249.017397,SENT,af054155-e851-4374-adba-35bb31462695,46f12a06-dffa-4e1c-bc49-97abf0f32ff5,c5,c3,876,?,p3,
1769749249.017439,FORWARDED,af054155-e851-4374-adba-35bb31462695,46f12a06-dffa-4e1c-bc49-97abf0f32ff5,c5,c3,876,?,p3,
1769749249.0388987,SENT,88e9b621-d0cb-428b-a513-f88eddea578e,460baf6b-b5c4-40bd-831c-baa58c58aaae,c3,None,775,?,p2,
1769749249.038941,FORWARDED,88e9b621-d0cb-428b-a513-f88eddea578e,460baf6b-b5c4-40bd-831c-baa58c58aaae,c3,None,775,?,p2,
1769749249.0483267,SENT,2e3bad8a-b5d1-487c-9161-b1b2fb867404,f01d8ca4-a120-45e2-bd4e-dacd932a73ea,c2,c3,913,?,p3,
1769749249.048366,FORWARDED,2e3bad8a-b5d1-487c-9161-b1b2fb867404,f01d8ca4-a120-45e2-bd4e-dacd932a73ea,c2,c3,913,?,p3,
1769749249.218911,RECEIVED,1414d6cf-18c5-4792-b38c-cf1ada36ab25,f5a5432d-dbac-4497-952c-70254e0cf928,c5,None,1131,i4,?,
1769749249.2690785,RECEIVED,254a1d12-1a6f-4b02-bc17-859134c50802,43551928-6b92-4e95-9707-ed3aee8d1852,c2,c3,1251,i3,?,
1769749249.4259467,RECEIVED,358db64a-e9c7-4543-a2b0-c771e6df4251,fd3c21bc-fca5-4467-94d6-dd8151825549,c5,DROP,685,i3,?,
1769749249.4898393,SENT,358db64a-e9c7-4543-a2b0-c771e6df4251,fd3c21bc-fca5-4467-94d6-dd8151825549,c5,DROP,441,?,i4,
1769749249.4898725,FORWARDED,358db64a-e9c7-4543-a2b0-c771e6df4251,fd3c21bc-fca5-4467-94d6-dd8151825549,c5,DROP,441,?,i4,
1769749249.6336787,SENT,c4e77bbf-a8e7-46ef-9e34-bcd4a430f36f,09595d1e-5ba8-4abf-b5e1-97b75a075647,c4,DROP,443,?,e2,
1769749249.633715,FORWARDED,c4e77bbf-a8e7-46ef-9e34-bcd4a430f36f,09595d1e-5ba8-4abf-b5e1-97b75a075647,c4,DROP,443,?,e2,
1769749249.6477797,SENT,63a4f401-c08a-4fc7-9069-bf330ad30cdb,be6acc3a-a9ae-40be-b543-ba0de8af5f4e,c5,c3,867,?,p3,
1769749249.6478186,FORWARDED,63a4f401-c08a-4fc7-9069-bf330ad30cdb,be6acc3a-a9ae-40be-b543-ba0de8af5f4e,c5,c3,867,?,p3,
1769749249.8086588,RECEIVED,ba654305-6935-484c-aa06-d1d18c6026f5,107d06cc-ffb3-47ab-a683-18f25e2e92ee,c3,None,1127,i2,?,
1769749249.8271372,RECEIVED,07865116-e6e6-4e16-a763-719a3e2b68a7,860b7f5d-93f3-4e30-ac67-a36e9b6c4654,c3,None,1119,i2,?,
1769749249.8806944,RECEIVED,bb5b1308-de7d-4bd1-9753-358b7d25c66b,b2bb2cb5-6a2e-4cb5-901c-a484d5522b6b,c1,c5,1312,i8,?,
1769749249.904002,SENT,1414d6cf-18c5-4792-b38c-cf1ada36ab25,f5a5432d-dbac-4497-952c-70254e0cf928,c5,None,776,?,p1,
1769749249.904043,FORWARDED,1414d6cf-18c5-4792-b38c-cf1ada36ab25,f5a5432d-dbac-4497-952c-70254e0cf928,c5,None,776,?,p1,
1769749250.0076015,SENT,254a1d12-1a6f-4b02-bc17-859134c50802,43551928-6b92-4e95-9707-ed3aee8d1852,c2,c3,867,?,p3,
1769749250.0076458,FORWARDED,254a1d12-1a6f-4b02-bc17-859134c50802,43551928-6b92-4e95-9707-ed3aee8d1852,c2,c3,867,?,p3,
1769749250.032191,RECEIVED,ea15f782-3e37-42f6-9592-5b585cc2357e,1c802a14-953d-48a2-90e8-e00de6224fcb,c2,DROP,442,x6,?,
1769749250.0742688,SENT,07865116-e6e6-4e16-a763-719a3e2b68a7,860b7f5d-93f3-4e30-ac67-a36e9b6c4654,c3,None,768,?,p2,
1769749250.0743117,FORWARDED,07865116-e6e6-4e16-a763-719a3e2b68a7,860b7f5d-93f3-4e30-ac67-a36e9b6c4654,c3,None,768,?,p2,
1769749250.0894637,SENT,ba654305-6935-484c-aa06-d1d18c6026f5,107d06cc-ffb3-47ab-a683-18f25e2e92ee,c3,None,773,?,p2,
1769749250.0895066,FORWARDED,ba654305-6935-484c-aa06-d1d18c6026f5,107d06cc-ffb3-47ab-a683-18f25e2e92ee,c3,None,773,?,p2,
1769749250.1578834,RECEIVED,746167d6-bed5-4829-bf2f-c7557b100837,d8c312c0-9b52-41bf-9fd2-78ce1b8dd6d6,c1,DROP,684,i1,?,
1769749250.179148,RECEIVED,e20a0e6c-0794-4989-90ac-57c7ef4f5bd0,baf32e22-a38d-4e75-b2a4-2e25ec63500e,c3,c2,1311,i4,?,
1769749250.2766404,RECEIVED,abeaf77d-7802-4b74-ab2d-cb291f57d97b,514eaf62-afeb-42fe-a192-756a13a6c035,c4,DROP,684,i6,?,
1769749250.3036315,SENT,e20a0e6c-0794-4989-90ac-57c7ef4f5bd0,baf32e22-a38d-4e75-b2a4-2e25ec63500e,c3,c2,912,?,p2,
1769749250.3036675,FORWARDED,e20a0e6c-0794-4989-90ac-57c7ef4f5bd0,baf32e22-a38d-4e75-b2a4-2e25ec63500e,c3,c2,912,?,p2,
1769749250.3168857,SENT,bb5b1308-de7d-4bd1-9753-358b7d25c66b,b2bb2cb5-6a2e-4cb5-901c-a484d5522b6b,c1,c5,911,?,p2,
1769749250.3169255,FORWARDED,bb5b1308-de7d-4bd1-9753-358b7d25c66b,b2bb2cb5-6a2e-4cb5-901c-a484d5522b6b,c1,c5,911,?,p2,
1769749250.3389194,SENT,746167d6-bed5-4829-bf2f-c7557b100837,d8c312c0-9b52-41bf-9fd2-78ce1b8dd6d6,c1,DROP,441,?,e1,
1769749250.3389583,FORWARDED,746167d6-bed5-4829-bf2f-c7557b100837,d8c312c0-9b52-41bf-9fd2-78ce1b8dd6d6,c1,DROP,441,?,e1,
1769749250.7385385,RECEIVED,9e245aed-1da0-45d1-8e42-ed6bc9e2555e,cd91c750-fc60-4b6f-bf18-1b7c3c735298,c3,c2,1314,i1,?,
1769749250.7469115,SENT,9e245aed-1da0-45d1-8e42-ed6bc9e2555e,cd91c750-fc60-4b6f-bf18-1b7c3c735298,c3,c2,911,?,p2,
1769749250.746979,FORWARDED,9e245aed-1da0-45d1-8e42-ed6bc9e2555e,cd91c750-fc60-4b6f-bf18-1b7c3c735298,c3,c2,911,?,p2,
1769749250.7647815,SENT,abeaf77d-7802-4b74-ab2d-cb291f57d97b,514eaf62-afeb-42fe-a192-756a13a6c035,c4,DROP,441,?,x7,
1769749250.7648218,FORWARDED,abeaf77d-7802-4b74-ab2d-cb291f57d97b,514eaf62-afeb-42fe-a192-756a13a6c035,c4,DROP,441,?,x7,
1769749250.7671547,RECEIVED,11a86e4b-0723-4183-b623-97a2bb49b919,3aa27c27-7347-4d35-a31a-7737d11e62ab,c5,DROP,687,i3,?,
1769749251.0134258,RECEIVED,e5c23650-f142-4c23-aa6f-64bb689f05c5,35e27d20-1221-4590-97b8-8c53de7e2d1e,c5,DROP,687,i8,?,
1769749251.0795116,RECEIVED,da313592-b46f-4e0f-bf55-d0af230f8091,871c245c-048c-4c86-9839-e4019ef1e20f,c1,DROP,683,i8,?,
1769749251.0881987,RECEIVED,820d7924-18d4-40a7-bfba-eb73d0875b41,f944da32-7328-4ebf-89fd-317b575d12ee,c2,DROP,687,i6,?,
1769749251.1122725,RECEIVED,6d5af86a-1f94-4bd1-9a60-86de712cf74b,a19c5ff2-1f39-493c-b871-b20ff29b5294,c1,DROP,440,x2,?,
1769749251.1421247,SENT,11a86e4b-0723-4183-b623-97a2bb49b919,3aa27c27-7347-4d35-a31a-7737d11e62ab,c5,DROP,442,?,x9,
1769749251.142166,FORWARDED,11a86e4b-0723-4183-b623-97a2bb49b919,3aa27c27-7347-4d35-a31a-7737d11e62ab,c5,DROP,442,?,x9,
1769749251.161353,RECEIVED,46303c19-0c92-43a8-8de8-eaf73bbf3da7,a74018fd-b286-4666-8a36-d0359421cc87,c4,DROP,687,i4,?,
1769749251.2493908,RECEIVED,a7e26b4a-ce57-4b30-b767-2dd2af975ae7,018cb4dc-6c08-4426-a6a4-67690b01a745,c1,DROP,686,i7,?,
1769749251.251143,RECEIVED,eba96f19-820f-4268-86f0-31ea5c10ae1a,d2ec1ee4-8985-497c-af5e-7984440a8870,c4,DROP,688,i1,?,
1769749251.4079428,RECEIVED,c503d2b6-28e8-4979-86fe-a190e6b25907,4476e478-c66e-4f05-ae96-2b818d423c32,c2,DROP,687,i2,?,
1769749251.6272907,SENT,da313592-b46f-4e0f-bf55-d0af230f8091,871c245c-048c-4c86-9839-e4019ef1e20f,c1,DROP,441,?,x2,
1769749251.6273339,FORWARDED,da313592-b46f-4e0f-bf55-d0af230f8091,871c245c-048c-4c86-9839-e4019ef1e20f,c1,DROP,441,?,x2,
1769749251.6745806,SENT,e5c23650-f142-4c23-aa6f-64bb689f05c5,35e27d20-1221-4590-97b8-8c53de7e2d1e,c5,DROP,442,?,e7,
1769749251.6746306,FORWARDED,e5c23650-f142-4c23-aa6f-64bb689f05c5,35e27d20-1221-4590-97b8-8c53de7e2d1e,c5,DROP,442,?,e7,
1769749251.7933786,RECEIVED,8090864b-d9c7-4bd1-a264-32b5c05edec6,31633274-4d61-4a9f-8675-d3470761134c,c3,None,1131,i9,?,
1769749251.842401,RECEIVED,62295e3f-c5e4-4bba-abf0-091c43cdb7fd,94ac75f9-8608-4ac7-9243-190b0f2014be,c3,DROP,687,i1,?,
1769749251.8829463,RECEIVED,3d9ecf6d-723a-44bd-81c7-7a2444d660e3,d043f456-283e-49dd-a65d-8a71c11c8e44,c3,None,1127,i6,?,
1769749251.8975172,RECEIVED,3fec9ede-1224-4807-9b18-95cc87a930d5,c3222b7d-9c33-4668-a34b-171742a260b1,c5,DROP,442,x3,?,
1769749251.9438305,SENT,46303c19-0c92-43a8-8de8-eaf73bbf3da7,a74018fd-b286-4666-8a36-d0359421cc87,c4,DROP,442,?,i3,
1769749251.9438732,FORWARDED,46303c19-0c92-43a8-8de8-eaf73bbf3da7,a74018fd-b286-4666-8a36-d0359421cc87,c4,DROP,442,?,i3,
1769749252.1021821,SENT,62295e3f-c5e4-4bba-abf0-091c43cdb7fd,94ac75f9-8608-4ac7-9243-190b0f2014be,c3,DROP,442,?,i4,
1769749252.1022236,FORWARDED,62295e3f-c5e4-4bba-abf0-091c43cdb7fd,94ac75f9-8608-4ac7-9243-190b0f2014be,c3,DROP,442,?,i4,
1769749252.1145554,SENT,eba96f19-820f-4268-86f0-31ea5c10ae1a,d2ec1ee4-8985-497c-af5e-7984440a8870,c4,DROP,442,?,x11,
1769749252.1145928,FORWARDED,eba96f19-820f-4268-86f0-31ea5c10ae1a,d2ec1ee4-8985-497c-af5e-7984440a8870,c4,DROP,442,?,x11,
1769749252.218478,SENT,820d7924-18d4-40a7-bfba-eb73d0875b41,f944da32-7328-4ebf-89fd-317b575d12ee,c2,DROP,442,?,i3,
1769749252.2185185,FORWARDED,820d7924-18d4-40a7-bfba-eb73d0875b41,f944da32-7328-4ebf-89fd-317b575d12ee,c2,DROP,442,?,i3,
1769749252.3142967,RECEIVED,8b96ebd9-27cd-4db8-8d29-1f8e7a247533,fc76112b-6627-439f-8e54-9f3c4c200470,c5,DROP,688,i5,?,
1769749252.352322,RECEIVED,c01b7e48-becb-4bde-ba88-9d46198ccf0e,17a55db5-9cb8-4a2f-88cb-5db8743116a7,c2,DROP,688,i2,?,
1769749252.3623793,SENT,8090864b-d9c7-4bd1-a264-32b5c05edec6,31633274-4d61-4a9f-8675-d3470761134c,c3,None,775,?,p2,
1769749252.3624225,FORWARDED,8090864b-d9c7-4bd1-a264-32b5c05edec6,31633274-4d61-4a9f-8675-d3470761134c,c3,None,775,?,p2,
1769749252.3748157,SENT,8b96ebd9-27cd-4db8-8d29-1f8e7a247533,fc76112b-6627-439f-8e54-9f3c4c200470,c5,DROP,442,?,e6,
1769749252.3748565,FORWARDED,8b96ebd9-27cd-4db8-8d29-1f8e7a247533,fc76112b-6627-439f-8e54-9f3c4c200470,c5,DROP,442,?,e6,
1769749252.4178057,RECEIVED,8cf9919d-dc7c-48d0-ac03-644f39a61000,bf9f20fd-08f9-473a-a727-abbfed4a232b,c2,DROP,684,i3,?,
1769749252.5152173,SENT,c503d2b6-28e8-4979-86fe-a190e6b25907,4476e478-c66e-4f05-ae96-2b818d423c32,c2,DROP,444,?,e4,
1769749252.5152552,FORWARDED,c503d2b6-28e8-4979-86fe-a190e6b25907,4476e478-c66e-4f05-ae96-2b818d423c32,c2,DROP,444,?,e4,
1769749252.5710757,SENT,3d9ecf6d-723a-44bd-81c7-7a2444d660e3,d043f456-283e-49dd-a65d-8a71c11c8e44,c3,None,773,?,p2,
1769749252.571118,FORWARDED,3d9ecf6d-723a-44bd-81c7-7a2444d660e3,d043f456-283e-49dd-a65d-8a71c11c8e44,c3,None,773,?,p2,
1769749252.5817864,RECEIVED,560a2e7b-1c1a-4632-8ab8-8381c8f4b046,66e18d50-eed7-4de2-8380-3a2cb484f0b3,c1,DROP,682,i9,?,
1769749252.6265914,RECEIVED,cdee0873-f142-4703-addc-0aa94924a405,f9d73dfd-ad71-4db3-8916-01adf07a82ed,c5,DROP,689,i8,?,
1769749252.6332357,FORWARDED,c01b7e48-becb-4bde-ba88-9d46198ccf0e,17a55db5-9cb8-4a2f-88cb-5db8743116a7,c2,DROP,443,?,i11,
1769749252.6657958,SENT,cdee0873-f142-4703-addc-0aa94924a405,f9d73dfd-ad71-4db3-8916-01adf07a82ed,c5,DROP,442,?,x10,
1769749252.6658335,FORWARDED,cdee0873-f142-4703-addc-0aa94924a405,f9d73dfd-ad71-4db3-8916-01adf07a82ed,c5,DROP,442,?,x10,
1769749252.803812,SENT,8cf9919d-dc7c-48d0-ac03-644f39a61000,bf9f20fd-08f9-473a-a727-abbfed4a232b,c2,DROP,441,?,e5,
1769749252.8038566,FORWARDED,8cf9919d-dc7c-48d0-ac03-644f39a61000,bf9f20fd-08f9-473a-a727-abbfed4a232b,c2,DROP,441,?,e5,
1769749252.925412,RECEIVED,c3abd5ec-99e1-4d0e-bf68-86606c307182,a75a112c-4338-4140-956c-cf278a4091df,c1,DROP,690,i6,?,
1769749253.003209,RECEIVED,41f084b8-182d-4b0f-9ea9-5fe4dfc3bdfe,9ad6c671-0200-4fb3-a21e-1d8b1bb1364a,c1,DROP,684,i8,?,
1769749253.129915,RECEIVED,e1b5363f-4bb7-4796-b8f7-5e46b8c5a133,99b1e392-4384-430c-9556-f7f14944a9f1,c2,DROP,684,i3,?,
1769749253.1509001,FORWARDED,c3abd5ec-99e1-4d0e-bf68-86606c307182,a75a112c-4338-4140-956c-cf278a4091df,c1,DROP,446,?,i12,
1769749253.159334,RECEIVED,748bd0f6-86d2-461a-9e33-42263a661468,17129aad-8f43-4136-9dae-d9f50d92683a,c1,DROP,687,i7,?,
1769749253.1713228,RECEIVED,9e9d3be5-2f5f-4a9c-a36f-ae3aeaa8b13c,fe3f7857-0adb-44a2-8398-199601bb6fed,c3,DROP,684,i5,?,
1769749253.1874115,RECEIVED,28cd663a-f9ad-4fc7-8a6b-7c21fcf48ca0,ab4abdc4-361b-4380-b322-81e9f1428789,c2,DROP,686,i4,?,
1769749253.2464225,RECEIVED,c400ede8-0a8a-4529-8dd6-99479dda3c07,ff3dd77d-d9b3-47b5-86c7-734864f4cb3f,c2,DROP,687,i2,?,
1769749253.3062134,RECEIVED,90fa6dfa-6c92-4bd7-bfbf-f0490db12fae,63f7c2f2-010a-42cc-86ee-5f1ca7b48100,c1,None,1123,i6,?,
1769749253.307183,RECEIVED,e2f90470-68b2-4154-89b6-35dca78812eb,73c913bb-46cd-452c-a00a-a9e3539c3e50,c2,DROP,683,i2,?,
1769749253.3311138,SENT,e1b5363f-4bb7-4796-b8f7-5e46b8c5a133,99b1e392-4384-430c-9556-f7f14944a9f1,c2,DROP,441,?,e4,
1769749253.3311546,FORWARDED,e1b5363f-4bb7-4796-b8f7-5e46b8c5a133,99b1e392-4384-430c-9556-f7f14944a9f1,c2,DROP,441,?,e4,
1769749253.4701707,RECEIVED,c4fa9be3-f78b-4a53-80bc-f62554a7dd37,32bedfee-15e6-49fe-ac04-92a333a6c3ca,c3,None,1137,i2,?,
1769749253.472877,SENT,748bd0f6-86d2-461a-9e33-42263a661468,17129aad-8f43-4136-9dae-d9f50d92683a,c1,DROP,442,?,i9,
1769749253.4729168,FORWARDED,748bd0f6-86d2-461a-9e33-42263a661468,17129aad-8f43-4136-9dae-d9f50d92683a,c1,DROP,442,?,i9,
1769749253.4876683,SENT,a7e26b4a-ce57-4b30-b767-2dd2af975ae7,018cb4dc-6c08-4426-a6a4-67690b01a745,c1,DROP,443,?,x7,
1769749253.4877086,FORWARDED,a7e26b4a-ce57-4b30-b767-2dd2af975ae7,018cb4dc-6c08-4426-a6a4-67690b01a745,c1,DROP,443,?,x7,
1769749253.5006497,SENT,28cd663a-f9ad-4fc7-8a6b-7c21fcf48ca0,ab4abdc4-361b-4380-b322-81e9f1428789,c2,DROP,442,?,e2,
1769749253.5006902,FORWARDED,28cd663a-f9ad-4fc7-8a6b-7c21fcf48ca0,ab4abdc4-361b-4380-b322-81e9f1428789,c2,DROP,442,?,e2,
1769749253.504616,SENT,41f084b8-182d-4b0f-9ea9-5fe4dfc3bdfe,9ad6c671-0200-4fb3-a21e-1d8b1bb1364a,c1,DROP,441,?,e3,
1769749253.5046563,FORWARDED,41f084b8-182d-4b0f-9ea9-5fe4dfc3bdfe,9ad6c671-0200-4fb3-a21e-1d8b1bb1364a,c1,DROP,441,?,e3,
1769749253.5066144,RECEIVED,87edcaa2-d5a9-4402-bd87-6c91c6d694fb,f8f72cdd-f50b-4f40-9aa4-bc312ee68612,c1,DROP,689,i4,?,
1769749253.53254,SENT,c4fa9be3-f78b-4a53-80bc-f62554a7dd37,32bedfee-15e6-49fe-ac04-92a333a6c3ca,c3,None,778,?,p2,
1769749253.5325823,FORWARDED,c4fa9be3-f78b-4a53-80bc-f62554a7dd37,32bedfee-15e6-49fe-ac04-92a333a6c3ca,c3,None,778,?,p2,
1769749253.5683467,SENT,87edcaa2-d5a9-4402-bd87-6c91c6d694fb,f8f72cdd-f50b-4f40-9aa4-bc312ee68612,c1,DROP,442,?,x1,
1769749253.5683827,FORWARDED,87edcaa2-d5a9-4402-bd87-6c91c6d694fb,f8f72cdd-f50b-4f40-9aa4-bc312ee68612,c1,DROP,442,?,x1,
1769749253.8105624,RECEIVED,2b544057-48e9-48e8-b425-f8b9b6f3819c,e9e0b75a-c812-407f-83f4-279e2ea44c06,c4,DROP,441,x5,?,
1769749253.8144658,RECEIVED,fa9472da-127d-41ca-bab2-f82664f1273a,faa33204-00c4-406e-af54-70a6dca6830e,c5,DROP,687,i3,?,
1769749253.90704,RECEIVED,3ea6eda4-e2f5-49e8-91b4-7894afa1968a,122b07a7-b96d-45b0-98c5-e0cf573cf848,c1,DROP,688,i2,?,
1769749253.9928093,SENT,3ea6eda4-e2f5-49e8-91b4-7894afa1968a,122b07a7-b96d-45b0-98c5-e0cf573cf848,c1,DROP,442,?,e7,
1769749253.9928505,FORWARDED,3ea6eda4-e2f5-49e8-91b4-7894afa1968a,122b07a7-b96d-45b0-98c5-e0cf573cf848,c1,DROP,442,?,e7,
1769749254.0082345,SENT,560a2e7b-1c1a-4632-8ab8-8381c8f4b046,66e18d50-eed7-4de2-8380-3a2cb484f0b3,c1,DROP,441,?,e3,
1769749254.008273,FORWARDED,560a2e7b-1c1a-4632-8ab8-8381c8f4b046,66e18d50-eed7-4de2-8380-3a2cb484f0b3,c1,DROP,441,?,e3,
1769749254.0474274,SENT,c400ede8-0a8a-4529-8dd6-99479dda3c07,ff3dd77d-d9b3-47b5-86c7-734864f4cb3f,c2,DROP,443,?,x1,
1769749254.0474653,FORWARDED,c400ede8-0a8a-4529-8dd6-99479dda3c07,ff3dd77d-d9b3-47b5-86c7-734864f4cb3f,c2,DROP,443,?,x1,
1769749254.1120412,SENT,e2f90470-68b2-4154-89b6-35dca78812eb,73c913bb-46cd-452c-a00a-a9e3539c3e50,c2,DROP,441,?,e2,
1769749254.11209,FORWARDED,e2f90470-68b2-4154-89b6-35dca78812eb,73c913bb-46cd-452c-a00a-a9e3539c3e50,c2,DROP,441,?,e2,
1769749254.137588,RECEIVED,45c0d692-2062-4d2e-8aab-fcbe91079019,29bff9f2-1014-4cec-822d-7453155c5e74,c3,DROP,683,i2,?,
1769749254.261781,RECEIVED,de81a5a1-e06b-40a1-a170-c649e2392b40,37bf0d29-3e6f-4986-8af1-32fa986894de,c3,DROP,687,i1,?,
1769749254.3138766,SENT,90fa6dfa-6c92-4bd7-bfbf-f0490db12fae,63f7c2f2-010a-42cc-86ee-5f1ca7b48100,c1,None,771,?,p1,
1769749254.3139217,FORWARDED,90fa6dfa-6c92-4bd7-bfbf-f0490db12fae,63f7c2f2-010a-42cc-86ee-5f1ca7b48100,c1,None,771,?,p1,
1769749254.3573954,RECEIVED,1bec854f-4b36-4b3d-a868-7cb8626bda2a,96ef0b54-501b-4f2e-b8ce-11401d23eb1d,c5,DROP,684,i4,?,
1769749254.399279,RECEIVED,bfb8f3fb-d3f5-4ac5-90c6-0ffd0d8c975f,a3cfa8fd-ee37-45a1-8519-f5d67f3b1e83,c4,DROP,689,i4,?,
1769749254.436984,SENT,bfb8f3fb-d3f5-4ac5-90c6-0ffd0d8c975f,a3cfa8fd-ee37-45a1-8519-f5d67f3b1e83,c4,DROP,442,?,x3,
1769749254.437025,FORWARDED,bfb8f3fb-d3f5-4ac5-90c6-0ffd0d8c975f,a3cfa8fd-ee37-45a1-8519-f5d67f3b1e83,c4,DROP,442,?,x3,
1769749254.5388122,SENT,9e9d3be5-2f5f-4a9c-a36f-ae3aeaa8b13c,fe3f7857-0adb-44a2-8398-199601bb6fed,c3,DROP,440,?,x12,
1769749254.538854,FORWARDED,9e9d3be5-2f5f-4a9c-a36f-ae3aeaa8b13c,fe3f7857-0adb-44a2-8398-199601bb6fed,c3,DROP,440,?,x12,
1769749254.5399823,RECEIVED,fc9160dd-109c-4dc0-9259-2edc34ca7963,af579262-6c4c-4e8a-807a-9228f60ada2d,c5,c3,1323,i1,?,
1769749254.567869,RECEIVED,b2164a8a-e4f6-4ad0-b426-4ff93bac7248,4d0f083d-819e-487e-9f5b-18669e317886,c1,c5,1255,i3,?,
1769749254.5698693,RECEIVED,f6c8121b-1a9f-43ad-b6a9-853c129ce348,1212abdb-3313-4cbb-ad58-72d014ecdf67,c3,c2,1312,i1,?,
1769749254.6174521,RECEIVED,247d828f-b9f5-4ced-a472-3cbc33021267,70edf158-6f0d-4d5c-b93e-d642fa17fecf,c3,c2,1312,i4,?,
1769749254.6626055,SENT,1bec854f-4b36-4b3d-a868-7cb8626bda2a,96ef0b54-501b-4f2e-b8ce-11401d23eb1d,c5,DROP,441,?,x5,
1769749254.6626663,FORWARDED,1bec854f-4b36-4b3d-a868-7cb8626bda2a,96ef0b54-501b-4f2e-b8ce-11401d23eb1d,c5,DROP,441,?,x5,
1769749254.6950357,RECEIVED,c7d5719f-7d89-446e-a036-4028abeeafbf,126f79fc-5023-4127-a47c-5fd37e2e45d3,c2,DROP,687,i6,?,
1769749254.8089435,SENT,de81a5a1-e06b-40a1-a170-c649e2392b40,37bf0d29-3e6f-4986-8af1-32fa986894de,c3,DROP,442,?,i5,
1769749254.808984,FORWARDED,de81a5a1-e06b-40a1-a170-c649e2392b40,37bf0d29-3e6f-4986-8af1-32fa986894de,c3,DROP,442,?,i5,
1769749254.8225217,SENT,247d828f-b9f5-4ced-a472-3cbc33021267,70edf158-6f0d-4d5c-b93e-d642fa17fecf,c3,c2,912,?,p2,
1769749254.822562,FORWARDED,247d828f-b9f5-4ced-a472-3cbc33021267,70edf158-6f0d-4d5c-b93e-d642fa17fecf,c3,c2,912,?,p2,
1769749254.9242573,SENT,f6c8121b-1a9f-43ad-b6a9-853c129ce348,1212abdb-3313-4cbb-ad58-72d014ecdf67,c3,c2,912,?,p2,
1769749254.9242992,FORWARDED,f6c8121b-1a9f-43ad-b6a9-853c129ce348,1212abdb-3313-4cbb-ad58-72d014ecdf67,c3,c2,912,?,p2,
1769749255.111518,RECEIVED,33fc476c-b784-4cb2-9537-93c86fffaae6,5413cd00-8cb6-455e-88d1-f5723e1ea42c,c5,DROP,442,x5,?,
1769749255.1924887,RECEIVED,2b40c8f0-db58-4cf4-906c-78f370e45495,aae2b635-99e1-45f2-8934-6eaec70d8d03,c3,DROP,688,i5,?,
1769749255.3000257,RECEIVED,a095fd07-c7a4-4ea8-981a-551c95893cac,c38ae463-ac5f-4694-8b0d-7152c50f594b,c1,DROP,687,i9,?,
1769749255.317269,SENT,b2164a8a-e4f6-4ad0-b426-4ff93bac7248,4d0f083d-819e-487e-9f5b-18669e317886,c1,c5,868,?,p2,
1769749255.3173108,FORWARDED,b2164a8a-e4f6-4ad0-b426-4ff93bac7248,4d0f083d-819e-487e-9f5b-18669e317886,c1,c5,868,?,p2,
1769749255.3373885,SENT,45c0d692-2062-4d2e-8aab-fcbe91079019,29bff9f2-1014-4cec-822d-7453155c5e74,c3,DROP,441,?,e1,
1769749255.3374262,FORWARDED,45c0d692-2062-4d2e-8aab-fcbe91079019,29bff9f2-1014-4cec-822d-7453155c5e74,c3,DROP,441,?,e1,
1769749255.3997903,RECEIVED,270ff44e-d651-4b01-a843-747443cec78b,5947ed55-2559-4a82-8e88-26911ee0165e,c5,DROP,687,i3,?,
1769749255.4043431,RECEIVED,a3ea792e-ed5e-4a25-ab8f-57111c38b4a1,6f0d1964-ae38-4772-b779-9cb6f97e9f1e,c1,DROP,688,i1,?,
1769749255.466168,SENT,c7d5719f-7d89-446e-a036-4028abeeafbf,126f79fc-5023-4127-a47c-5fd37e2e45d3,c2,DROP,443,?,i4,
1769749255.4662087,FORWARDED,c7d5719f-7d89-446e-a036-4028abeeafbf,126f79fc-5023-4127-a47c-5fd37e2e45d3,c2,DROP,443,?,i4,
1769749255.5956516,RECEIVED,500c8148-1940-40f1-9b73-b2839a69f4ee,dae0cf95-2b19-4c00-b6ac-7cbada9e57bf,c4,DROP,683,i2,?,
1769749255.6076689,SENT,a3ea792e-ed5e-4a25-ab8f-57111c38b4a1,6f0d1964-ae38-4772-b779-9cb6f97e9f1e,c1,DROP,442,?,e2,
1769749255.6077237,FORWARDED,a3ea792e-ed5e-4a25-ab8f-57111c38b4a1,6f0d1964-ae38-4772-b779-9cb6f97e9f1e,c1,DROP,442,?,e2,
1769749255.6374433,RECEIVED,332b39d8-6998-4cf7-8f0f-88d31c022054,9bef5290-e732-4dbb-818b-c6d9f4e80217,c5,DROP,688,i9,?,
1769749255.6393068,SENT,fc9160dd-109c-4dc0-9259-2edc34ca7963,af579262-6c4c-4e8a-807a-9228f60ada2d,c5,c3,919,?,p3,
1769749255.6393461,FORWARDED,fc9160dd-109c-4dc0-9259-2edc34ca7963,af579262-6c4c-4e8a-807a-9228f60ada2d,c5,c3,919,?,p3,
1769749255.7115483,SENT,332b39d8-6998-4cf7-8f0f-88d31c022054,9bef5290-e732-4dbb-818b-c6d9f4e80217,c5,DROP,442,?,e1,
1769749255.711588,FORWARDED,332b39d8-6998-4cf7-8f0f-88d31c022054,9bef5290-e732-4dbb-818b-c6d9f4e80217,c5,DROP,442,?,e1,
1769749255.789255,FORWARDED,2b40c8f0-db58-4cf4-906c-78f370e45495,aae2b635-99e1-45f2-8934-6eaec70d8d03,c3,DROP,442,?,i12,
1769749255.8372843,RECEIVED,6fe8755c-2cc8-4374-a180-1a951b59ad46,2321e21f-74e9-4799-9bdc-2d75f912b762,c1,DROP,683,i5,?,
1769749255.856031,RECEIVED,af9c3708-63fb-4c2a-8014-ae160525c0ab,4f7b724b-4218-480d-bb39-67e2b7bc732f,c3,None,1124,i6,?,
1769749255.8712888,RECEIVED,f6d0ea56-26fe-49ee-9146-cd4b6a3e97d0,af703890-7160-4589-9ad9-b92dcbf20389,c2,DROP,687,i6,?,
1769749255.888439,SENT,270ff44e-d651-4b01-a843-747443cec78b,5947ed55-2559-4a82-8e88-26911ee0165e,c5,DROP,442,?,i5,
1769749255.8884804,FORWARDED,270ff44e-d651-4b01-a843-747443cec78b,5947ed55-2559-4a82-8e88-26911ee0165e,c5,DROP,442,?,i5,
1769749255.900808,SENT,fa9472da-127d-41ca-bab2-f82664f1273a,faa33204-00c4-406e-af54-70a6dca6830e,c5,DROP,442,?,i5,
1769749255.9008474,FORWARDED,fa9472da-127d-41ca-bab2-f82664f1273a,faa33204-00c4-406e-af54-70a6dca6830e,c5,DROP,442,?,i5,
1769749255.9399934,SENT,6fe8755c-2cc8-4374-a180-1a951b59ad46,2321e21f-74e9-4799-9bdc-2d75f912b762,c1,DROP,440,?,i4,
1769749255.9400306,FORWARDED,6fe8755c-2cc8-4374-a180-1a951b59ad46,2321e21f-74e9-4799-9bdc-2d75f912b762,c1,DROP,440,?,i4,
1769749256.0365455,SENT,500c8148-1940-40f1-9b73-b2839a69f4ee,dae0cf95-2b19-4c00-b6ac-7cbada9e57bf,c4,DROP,441,?,i9,
1769749256.0365825,FORWARDED,500c8148-1940-40f1-9b73-b2839a69f4ee,dae0cf95-2b19-4c00-b6ac-7cbada9e57bf,c4,DROP,441,?,i9,
1769749256.1536322,RECEIVED,f3db084a-5ade-4fc9-8703-3300f5059e31,fe7ee215-62f5-4e8d-841a-3739286f3aaf,c3,DROP,688,i4,?,
1769749256.1911752,SENT,af9c3708-63fb-4c2a-8014-ae160525c0ab,4f7b724b-4218-480d-bb39-67e2b7bc732f,c3,None,771,?,p2,
1769749256.1912103,FORWARDED,af9c3708-63fb-4c2a-8014-ae160525c0ab,4f7b724b-4218-480d-bb39-67e2b7bc732f,c3,None,771,?,p2,
1769749256.2125533,SENT,f3db084a-5ade-4fc9-8703-3300f5059e31,fe7ee215-62f5-4e8d-841a-3739286f3aaf,c3,DROP,443,?,e5,
1769749256.212595,FORWARDED,f3db084a-5ade-4fc9-8703-3300f5059e31,fe7ee215-62f5-4e8d-841a-3739286f3aaf,c3,DROP,443,?,e5,
1769749256.2180839,RECEIVED,140c9009-8909-42c9-8336-679c776422ce,a7d38e06-4ec4-43d6-8fad-f2e00cd2c034,c5,DROP,687,i4,?,
1769749256.269796,RECEIVED,1147baae-4b23-465b-9773-771eeab14b00,ceba8317-e197-453e-9993-842e77f7aed3,c5,DROP,441,x4,?,
1769749256.3212478,SENT,a095fd07-c7a4-4ea8-981a-551c95893cac,c38ae463-ac5f-4694-8b0d-7152c50f594b,c1,DROP,443,?,x9,
1769749256.3212876,FORWARDED,a095fd07-c7a4-4ea8-981a-551c95893cac,c38ae463-ac5f-4694-8b0d-7152c50f594b,c1,DROP,443,?,x9,
1769749256.4337993,RECEIVED,807870e1-267a-4316-bc09-9cf46f59e424,358f6c47-969f-4dd1-aa91-e271c16c5ca7,c3,DROP,688,i8,?,
1769749256.4802215,RECEIVED,85d12f34-cb65-46d5-a6b8-55be678fa7c4,810520d5-0e80-4ac8-b128-3c9330fcc9f8,c4,DROP,676,i3,?,
1769749256.527756,RECEIVED,0df52892-646b-4cae-b602-bba82a9d74f2,300562d8-28f9-4bc1-b3d7-dfc064d47418,c3,None,1128,i4,?,
1769749256.6266084,SENT,0df52892-646b-4cae-b602-bba82a9d74f2,300562d8-28f9-4bc1-b3d7-dfc064d47418,c3,None,774,?,p2,
1769749256.6266491,FORWARDED,0df52892-646b-4cae-b602-bba82a9d74f2,300562d8-28f9-4bc1-b3d7-dfc064d47418,c3,None,774,?,p2,
1769749256.682803,SENT,f6d0ea56-26fe-49ee-9146-cd4b6a3e97d0,af703890-7160-4589-9ad9-b92dcbf20389,c2,DROP,442,?,e8,
1769749256.6828926,FORWARDED,f6d0ea56-26fe-49ee-9146-cd4b6a3e97d0,af703890-7160-4589-9ad9-b92dcbf20389,c2,DROP,442,?,e8,
1769749256.7015712,RECEIVED,3bec6c7e-ecb2-4eea-9c29-12ef32f9c245,842462ac-996a-40be-a3b1-e70dc7a1788a,c1,None,1128,i1,?,
1769749256.7191892,RECEIVED,599738c8-6952-43b4-8600-8c2e67618d55,514c0297-721f-4798-9929-6a034ea567ad,c4,c1,1271,i9,?,
1769749256.8069654,SENT,599738c8-6952-43b4-8600-8c2e67618d55,514c0297-721f-4798-9929-6a034ea567ad,c4,c1,880,?,p1,
1769749256.8070068,FORWARDED,599738c8-6952-43b4-8600-8c2e67618d55,514c0297-721f-4798-9929-6a034ea567ad,c4,c1,880,?,p1,
1769749256.8423064,RECEIVED,4dd83cac-f46e-4fde-8287-50acb38003d3,a5e017af-660e-4c49-b857-5f6ba6024edc,c3,DROP,442,x7,?,
1769749256.8625243,SENT,3bec6c7e-ecb2-4eea-9c29-12ef32f9c245,842462ac-996a-40be-a3b1-e70dc7a1788a,c1,None,772,?,p1,
1769749256.8625681,FORWARDED,3bec6c7e-ecb2-4eea-9c29-12ef32f9c245,842462ac-996a-40be-a3b1-e70dc7a1788a,c1,None,772,?,p1,
1769749256.9440026,SENT,85d12f34-cb65-46d5-a6b8-55be678fa7c4,810520d5-0e80-4ac8-b128-3c9330fcc9f8,c4,DROP,434,?,i1,
1769749256.944044,FORWARDED,85d12f34-cb65-46d5-a6b8-55be678fa7c4,810520d5-0e80-4ac8-b128-3c9330fcc9f8,c4,DROP,434,?,i1,
1769749256.9511402,SENT,140c9009-8909-42c9-8336-679c776422ce,a7d38e06-4ec4-43d6-8fad-f2e00cd2c034,c5,DROP,442,?,x2,
1769749256.9511812,FORWARDED,140c9009-8909-42c9-8336-679c776422ce,a7d38e06-4ec4-43d6-8fad-f2e00cd2c034,c5,DROP,442,?,x2,
1769749257.1684372,RECEIVED,9d994fa9-fa44-44d0-ab63-60684bd12835,8dbc5cd5-d546-4940-bf7b-05870a3422fb,c3,DROP,687,i8,?,
1769749257.233793,RECEIVED,6a9b8dd6-7f1b-4b4a-b9c9-0c3a936895db,6c62e6d4-498b-43b4-baca-ae5c12002294,c5,c3,1257,i1,?,
1769749257.3880908,RECEIVED,79d54812-7a69-46b4-9921-6329ef63af49,f0d5db08-ad3e-4d65-93af-428bd56124b6,c1,c5,1311,i8,?,
1769749257.698536,RECEIVED,85cf1dc3-db41-45da-aa22-c4f06e10d436,d841fdaa-5948-4c24-97af-183b080dfbd1,c4,DROP,442,x1,?,
1769749257.8640358,SENT,79d54812-7a69-46b4-9921-6329ef63af49,f0d5db08-ad3e-4d65-93af-428bd56124b6,c1,c5,912,?,p2,
1769749257.8640935,FORWARDED,79d54812-7a69-46b4-9921-6329ef63af49,f0d5db08-ad3e-4d65-93af-428bd56124b6,c1,c5,912,?,p2,
1769749257.902526,RECEIVED,b2b2beed-a36c-4f5b-96e1-68ebf25be78c,e1fc77d3-a733-4b72-a40c-9f8887f1cf19,c2,DROP,685,i8,?,
1769749257.9701645,RECEIVED,e01fed60-f5b3-4220-b119-affc04f3c1de,70b2e604-3c17-4615-9e30-574f913a0fe1,c3,None,1128,i4,?,
1769749257.9976377,SENT,e01fed60-f5b3-4220-b119-affc04f3c1de,70b2e604-3c17-4615-9e30-574f913a0fe1,c3,None,772,?,p2,
1769749257.9976773,FORWARDED,e01fed60-f5b3-4220-b119-affc04f3c1de,70b2e604-3c17-4615-9e30-574f913a0fe1,c3,None,772,?,p2,
1769749258.0586607,SENT,807870e1-267a-4316-bc09-9cf46f59e424,358f6c47-969f-4dd1-aa91-e271c16c5ca7,c3,DROP,442,?,x11,
1769749258.0587008,FORWARDED,807870e1-267a-4316-bc09-9cf46f59e424,358f6c47-969f-4dd1-aa91-e271c16c5ca7,c3,DROP,442,?,x11,
1769749258.1765106,SENT,6a9b8dd6-7f1b-4b4a-b9c9-0c3a936895db,6c62e6d4-498b-43b4-baca-ae5c12002294,c5,c3,872,?,p3,
1769749258.1765523,FORWARDED,6a9b8dd6-7f1b-4b4a-b9c9-0c3a936895db,6c62e6d4-498b-43b4-baca-ae5c12002294,c5,c3,872,?,p3,
1769749258.2739248,FORWARDED,b2b2beed-a36c-4f5b-96e1-68ebf25be78c,e1fc77d3-a733-4b72-a40c-9f8887f1cf19,c2,DROP,440,?,i10,
1769749258.2773588,RECEIVED,8be7f2ba-bfda-44d5-895d-6c3239c44125,f4c0772b-2cdb-43e9-b80a-5e663ce19cda,c5,DROP,441,x10,?,
1769749258.3172433,SENT,9d994fa9-fa44-44d0-ab63-60684bd12835,8dbc5cd5-d546-4940-bf7b-05870a3422fb,c3,DROP,442,?,i1,
1769749258.3172793,FORWARDED,9d994fa9-fa44-44d0-ab63-60684bd12835,8dbc5cd5-d546-4940-bf7b-05870a3422fb,c3,DROP,442,?,i1,
1769749258.4718552,RECEIVED,ae58570f-6cad-4382-807f-d128ffe9586b,cd7f87f8-70e4-461c-b4ba-da54e4a3cec3,c2,DROP,441,x5,?,
1769749258.8634245,RECEIVED,b0479140-9baa-42ba-b2b7-7b942a862ebb,ee96ce6e-5baf-44be-b359-bf2106ebbff8,c1,None,1123,i8,?,
1769749259.0507786,RECEIVED,898298df-a6b7-40f6-a967-0a2ff6feddf7,def747c8-97d4-44e5-8886-80f9a684e7e7,c3,DROP,686,i5,?,
1769749259.067342,SENT,898298df-a6b7-40f6-a967-0a2ff6feddf7,def747c8-97d4-44e5-8886-80f9a684e7e7,c3,DROP,441,?,e12,
1769749259.067384,FORWARDED,898298df-a6b7-40f6-a967-0a2ff6feddf7,def747c8-97d4-44e5-8886-80f9a684e7e7,c3,DROP,441,?,e12,
1769749259.1630902,RECEIVED,d7a16fb7-8bd3-4f0d-8def-e4c83451259f,316fd7ce-eb06-4a8f-b875-74db81565b47,c2,c3,1262,i4,?,
1769749259.265116,RECEIVED,bec6e446-4c32-4ec3-aefa-3d358bf097d9,13850e00-e9db-4335-b4bb-9c9f29ce6169,c5,c3,1316,i1,?,
1769749259.29391,RECEIVED,1492ae63-1334-44fa-85cc-849636d41e13,c7d9ac6c-efaf-4abc-9d74-45d83526393d,c1,DROP,683,i5,?,
1769749259.510202,SENT,d7a16fb7-8bd3-4f0d-8def-e4c83451259f,316fd7ce-eb06-4a8f-b875-74db81565b47,c2,c3,875,?,p3,
1769749259.5102413,FORWARDED,d7a16fb7-8bd3-4f0d-8def-e4c83451259f,316fd7ce-eb06-4a8f-b875-74db81565b47,c2,c3,875,?,p3,
1769749259.54449,RECEIVED,0e406a18-83f5-4f50-80ce-32f637304c34,46b6d7a5-5032-4ea9-8c01-c340a3dfaf67,c1,c5,1255,i8,?,
1769749259.5448124,RECEIVED,42436d68-d022-4ed4-b2ec-ba00e683aaaa,24fb521a-8aea-48a1-b4fe-6b96de14d2a2,c2,DROP,684,i4,?,
1769749259.7139678,SENT,bec6e446-4c32-4ec3-aefa-3d358bf097d9,13850e00-e9db-4335-b4bb-9c9f29ce6169,c5,c3,915,?,p3,
1769749259.714004,FORWARDED,bec6e446-4c32-4ec3-aefa-3d358bf097d9,13850e00-e9db-4335-b4bb-9c9f29ce6169,c5,c3,915,?,p3,
1769749259.7763414,RECEIVED,b8cacb04-0b84-444d-a4b9-37ef8d4288b1,49e95579-71f3-4488-b759-372cf438c198,c3,c2,1250,i8,?,
1769749259.937119,SENT,42436d68-d022-4ed4-b2ec-ba00e683aaaa,24fb521a-8aea-48a1-b4fe-6b96de14d2a2,c2,DROP,441,?,e4,
1769749259.9371624,FORWARDED,42436d68-d022-4ed4-b2ec-ba00e683aaaa,24fb521a-8aea-48a1-b4fe-6b96de14d2a2,c2,DROP,441,?,e4,
1769749260.056428,SENT,1492ae63-1334-44fa-85cc-849636d41e13,c7d9ac6c-efaf-4abc-9d74-45d83526393d,c1,DROP,441,?,i1,
1769749260.056469,FORWARDED,1492ae63-1334-44fa-85cc-849636d41e13,c7d9ac6c-efaf-4abc-9d74-45d83526393d,c1,DROP,441,?,i1,
1769749260.1460848,SENT,b0479140-9baa-42ba-b2b7-7b942a862ebb,ee96ce6e-5baf-44be-b359-bf2106ebbff8,c1,None,770,?,p1,
1769749260.1461263,FORWARDED,b0479140-9baa-42ba-b2b7-7b942a862ebb,ee96ce6e-5baf-44be-b359-bf2106ebbff8,c1,None,770,?,p1,
1769749260.2186913,SENT,0e406a18-83f5-4f50-80ce-32f637304c34,46b6d7a5-5032-4ea9-8c01-c340a3dfaf67,c1,c5,868,?,p2,
1769749260.2187333,FORWARDED,0e406a18-83f5-4f50-80ce-32f637304c34,46b6d7a5-5032-4ea9-8c01-c340a3dfaf67,c1,c5,868,?,p2,
1769749260.2620907,RECEIVED,d7433ab2-1962-4d69-861e-a558c0176bba,ac91edd5-ce60-44dd-8139-55a2e78abf4b,c3,None,1132,i9,?,
1769749260.330622,SENT,d7433ab2-1962-4d69-861e-a558c0176bba,ac91edd5-ce60-44dd-8139-55a2e78abf4b,c3,None,775,?,p2,
1769749260.3306615,FORWARDED,d7433ab2-1962-4d69-861e-a558c0176bba,ac91edd5-ce60-44dd-8139-55a2e78abf4b,c3,None,775,?,p2,
1769749260.4996626,SENT,b8cacb04-0b84-444d-a4b9-37ef8d4288b1,49e95579-71f3-4488-b759-372cf438c198,c3,c2,867,?,p2,
1769749260.4997025,FORWARDED,b8cacb04-0b84-444d-a4b9-37ef8d4288b1,49e95579-71f3-4488-b759-372cf438c198,c3,c2,867,?,p2,
1769749260.7392914,RECEIVED,8a853bdd-d455-411e-8150-dfdc07262fc4,be041a86-5aef-4f5a-b895-86773d33f9ba,c2,DROP,686,i3,?,
1769749260.7523444,RECEIVED,13ed1be0-1f6a-4b66-93fe-37db0caf58af,536d302b-d31b-473d-af12-697360ef3651,c1,c5,1318,i8,?,
1769749261.1509817,RECEIVED,62539be2-030c-4b43-a147-9268aac49a4c,7d2521dc-328e-4cc5-bbd5-459f91b046ad,c5,c3,1312,i1,?,
1769749261.2450929,SENT,62539be2-030c-4b43-a147-9268aac49a4c,7d2521dc-328e-4cc5-bbd5-459f91b046ad,c5,c3,911,?,p3,
1769749261.245137,FORWARDED,62539be2-030c-4b43-a147-9268aac49a4c,7d2521dc-328e-4cc5-bbd5-459f91b046ad,c5,c3,911,?,p3,
1769749261.2649074,RECEIVED,13ac5da3-4b71-45b5-8e3f-878e90cefa96,4487625d-61e5-4120-8481-4788473200cc,c4,c1,1251,i3,?,
1769749261.3133688,SENT,8a853bdd-d455-411e-8150-dfdc07262fc4,be041a86-5aef-4f5a-b895-86773d33f9ba,c2,DROP,442,?,i5,
1769749261.3134103,FORWARDED,8a853bdd-d455-411e-8150-dfdc07262fc4,be041a86-5aef-4f5a-b895-86773d33f9ba,c2,DROP,442,?,i5,
1769749261.3224277,RECEIVED,6c901f09-7b2f-48fc-a933-f3e86a190381,fd6e328d-5017-4d0d-8900-f6832f42c99a,c4,DROP,440,x2,?,
1769749261.4941628,RECEIVED,bf2a9d1c-bd95-428b-a1db-82421b616a1e,895d03fa-d84a-461f-9060-75ae5b77eb84,c3,None,1129,i4,?,
1769749261.5048046,RECEIVED,1225bbc9-8d4a-4fa3-b767-8ecb1c0c329a,cd7d113e-0f69-4937-88db-99ca4643d0e9,c2,DROP,683,i6,?,
1769749261.5403004,SENT,bf2a9d1c-bd95-428b-a1db-82421b616a1e,895d03fa-d84a-461f-9060-75ae5b77eb84,c3,None,772,?,p2,
1769749261.5403712,FORWARDED,bf2a9d1c-bd95-428b-a1db-82421b616a1e,895d03fa-d84a-461f-9060-75ae5b77eb84,c3,None,772,?,p2,
1769749261.565258,SENT,1225bbc9-8d4a-4fa3-b767-8ecb1c0c329a,cd7d113e-0f69-4937-88db-99ca4643d0e9,c2,DROP,440,?,e6,
1769749261.565299,FORWARDED,1225bbc9-8d4a-4fa3-b767-8ecb1c0c329a,cd7d113e-0f69-4937-88db-99ca4643d0e9,c2,DROP,440,?,e6,
1769749261.7145913,RECEIVED,e20503ac-a9d5-4bb8-8c46-6346f42a22b1,95facab1-9c48-4c4b-a0ac-ba7b43f8057b,c2,DROP,688,i6,?,
1769749261.7886744,RECEIVED,77a2fea4-f145-4dd7-a9b6-26868752ad74,61cf936f-9c2d-4536-9c6d-0132b4300989,c1,DROP,683,i8,?,
1769749261.8856611,RECEIVED,c14a33bb-f566-4256-b4ee-b6dff672f1d4,20b73817-0260-4e59-82f0-e303485f06b2,c1,DROP,683,i4,?,
1769749261.9480383,SENT,13ac5da3-4b71-45b5-8e3f-878e90cefa96,4487625d-61e5-4120-8481-4788473200cc,c4,c1,867,?,p1,
1769749261.9480917,FORWARDED,13ac5da3-4b71-45b5-8e3f-878e90cefa96,4487625d-61e5-4120-8481-4788473200cc,c4,c1,867,?,p1,
1769749261.9841983,RECEIVED,ad369ed5-6eb5-4dd8-bd57-ccb01230c898,5fa68f6d-6b44-4ab9-816d-c6b3852a8da4,c5,c3,1250,i3,?,
1769749262.0825841,SENT,e20503ac-a9d5-4bb8-8c46-6346f42a22b1,95facab1-9c48-4c4b-a0ac-ba7b43f8057b,c2,DROP,442,?,x3,
1769749262.0826223,FORWARDED,e20503ac-a9d5-4bb8-8c46-6346f42a22b1,95facab1-9c48-4c4b-a0ac-ba7b43f8057b,c2,DROP,442,?,x3,
1769749262.1537614,RECEIVED,ec3f18db-8c09-48c1-b45c-02e069c6ddf9,a6aa6dd4-0f9f-4dd3-9bc5-07e981872e0d,c3,DROP,678,i8,?,
1769749262.1983335,RECEIVED,9cf3cd10-67bb-4a63-82c5-755fde5e337d,dd2003ed-87fb-4c74-b1f8-d8cd5df03b78,c2,None,1124,i3,?,
1769749262.2591882,RECEIVED,8ee2e795-510b-4c9d-8614-584115135ac3,5486e6e2-89f7-4dac-a2da-bb2f0eb4357a,c5,DROP,683,i5,?,
1769749262.2854953,SENT,9cf3cd10-67bb-4a63-82c5-755fde5e337d,dd2003ed-87fb-4c74-b1f8-d8cd5df03b78,c2,None,771,?,p3,
1769749262.2855408,FORWARDED,9cf3cd10-67bb-4a63-82c5-755fde5e337d,dd2003ed-87fb-4c74-b1f8-d8cd5df03b78,c2,None,771,?,p3,
1769749262.3224182,RECEIVED,4b1409f8-c257-42f6-96c3-64f9b30729fe,cdfab4da-3364-4613-86b8-9080be641e0b,c3,DROP,684,i5,?,
1769749262.3856914,SENT,c14a33bb-f566-4256-b4ee-b6dff672f1d4,20b73817-0260-4e59-82f0-e303485f06b2,c1,DROP,441,?,x3,
1769749262.3857327,FORWARDED,c14a33bb-f566-4256-b4ee-b6dff672f1d4,20b73817-0260-4e59-82f0-e303485f06b2,c1,DROP,441,?,x3,
1769749262.4792535,RECEIVED,c3d06f34-672d-4951-b454-431291a06eb5,332229c2-9d10-441e-beb3-11e934c20337,c2,c3,1264,i2,?,
1769749262.4903514,SENT,ec3f18db-8c09-48c1-b45c-02e069c6ddf9,a6aa6dd4-0f9f-4dd3-9bc5-07e981872e0d,c3,DROP,437,?,e3,
1769749262.4904163,FORWARDED,ec3f18db-8c09-48c1-b45c-02e069c6ddf9,a6aa6dd4-0f9f-4dd3-9bc5-07e981872e0d,c3,DROP,437,?,e3,
1769749262.5104785,SENT,77a2fea4-f145-4dd7-a9b6-26868752ad74,61cf936f-9c2d-4536-9c6d-0132b4300989,c1,DROP,441,?,e8,
1769749262.5105145,FORWARDED,77a2fea4-f145-4dd7-a9b6-26868752ad74,61cf936f-9c2d-4536-9c6d-0132b4300989,c1,DROP,441,?,e8,
1769749262.5689013,SENT,c3d06f34-672d-4951-b454-431291a06eb5,332229c2-9d10-441e-beb3-11e934c20337,c2,c3,875,?,p3,
1769749262.5689342,FORWARDED,c3d06f34-672d-4951-b454-431291a06eb5,332229c2-9d10-441e-beb3-11e934c20337,c2,c3,875,?,p3,
1769749262.5994382,SENT,8ee2e795-510b-4c9d-8614-584115135ac3,5486e6e2-89f7-4dac-a2da-bb2f0eb4357a,c5,DROP,441,?,e7,
1769749262.599478,FORWARDED,8ee2e795-510b-4c9d-8614-584115135ac3,5486e6e2-89f7-4dac-a2da-bb2f0eb4357a,c5,DROP,441,?,e7,
1769749262.6791012,SENT,4b1409f8-c257-42f6-96c3-64f9b30729fe,cdfab4da-3364-4613-86b8-9080be641e0b,c3,DROP,441,?,e11,
1769749262.679144,FORWARDED,4b1409f8-c257-42f6-96c3-64f9b30729fe,cdfab4da-3364-4613-86b8-9080be641e0b,c3,DROP,441,?,e11,
1769749262.7138999,SENT,ad369ed5-6eb5-4dd8-bd57-ccb01230c898,5fa68f6d-6b44-4ab9-816d-c6b3852a8da4,c5,c3,867,?,p3,
1769749262.7139428,FORWARDED,ad369ed5-6eb5-4dd8-bd57-ccb01230c898,5fa68f6d-6b44-4ab9-816d-c6b3852a8da4,c5,c3,867,?,p3,
1769749262.7702906,RECEIVED,cb8f58c9-be61-459c-8209-f00173bacbb1,808da0aa-5030-428e-993a-f9e3866572a8,c5,DROP,683,i6,?,
1769749262.781414,RECEIVED,d79d2f02-ece3-4ac9-adb0-e7e7f55a5c8f,22b9b4e8-af53-40fc-b44a-c89b1d6df127,c3,DROP,685,i4,?,
1769749262.8181546,SENT,d79d2f02-ece3-4ac9-adb0-e7e7f55a5c8f,22b9b4e8-af53-40fc-b44a-c89b1d6df127,c3,DROP,441,?,e8,
1769749262.8182058,FORWARDED,d79d2f02-ece3-4ac9-adb0-e7e7f55a5c8f,22b9b4e8-af53-40fc-b44a-c89b1d6df127,c3,DROP,441,?,e8,
1769749262.8641295,RECEIVED,f9dd3688-f151-48c7-ae38-fa017d9eda70,ac98b085-5c11-4a19-91b9-558beaae6fe1,c3,c2,1252,i8,?,
1769749262.9782567,SENT,f9dd3688-f151-48c7-ae38-fa017d9eda70,ac98b085-5c11-4a19-91b9-558beaae6fe1,c3,c2,867,?,p2,
1769749262.97829,FORWARDED,f9dd3688-f151-48c7-ae38-fa017d9eda70,ac98b085-5c11-4a19-91b9-558beaae6fe1,c3,c2,867,?,p2,
1769749262.986693,RECEIVED,23e0de9d-4472-49b2-8514-c0fda8d43923,6a761251-5245-4250-b23c-ca07c9361e59,c1,DROP,683,i7,?,
1769749263.0750797,RECEIVED,dd95d0a6-f9b6-4c05-a164-b07bbbc44f1a,3bd6ddfa-a71a-482e-ba1f-f8ee247b1fe8,c5,DROP,684,i7,?,
1769749263.2498574,SENT,13ed1be0-1f6a-4b66-93fe-37db0caf58af,536d302b-d31b-473d-af12-697360ef3651,c1,c5,916,?,p2,
1769749263.249908,FORWARDED,13ed1be0-1f6a-4b66-93fe-37db0caf58af,536d302b-d31b-473d-af12-697360ef3651,c1,c5,916,?,p2,
1769749263.3530147,SENT,23e0de9d-4472-49b2-8514-c0fda8d43923,6a761251-5245-4250-b23c-ca07c9361e59,c1,DROP,441,?,i2,
1769749263.3530617,FORWARDED,23e0de9d-4472-49b2-8514-c0fda8d43923,6a761251-5245-4250-b23c-ca07c9361e59,c1,DROP,441,?,i2,
1769749263.5644026,RECEIVED,10404e50-dfd1-48e9-accf-3bc2ac15d16b,e0a708d7-b4e1-4d15-a6e7-68c6a7378466,c5,c3,1263,i1,?,
1769749263.8772438,SENT,cb8f58c9-be61-459c-8209-f00173bacbb1,808da0aa-5030-428e-993a-f9e3866572a8,c5,DROP,441,?,e4,
1769749263.8772814,FORWARDED,cb8f58c9-be61-459c-8209-f00173bacbb1,808da0aa-5030-428e-993a-f9e3866572a8,c5,DROP,441,?,e4,
1769749263.9706764,SENT,dd95d0a6-f9b6-4c05-a164-b07bbbc44f1a,3bd6ddfa-a71a-482e-ba1f-f8ee247b1fe8,c5,DROP,441,?,e10,
1769749263.970714,FORWARDED,dd95d0a6-f9b6-4c05-a164-b07bbbc44f1a,3bd6ddfa-a71a-482e-ba1f-f8ee247b1fe8,c5,DROP,441,?,e10,
1769749264.1194735,RECEIVED,15fc8ced-d9f1-4be7-8f8f-d12c1eac25e8,af7df581-e816-44ba-834e-426a9e10d8f3,c4,DROP,687,i8,?,
1769749264.1311712,SENT,10404e50-dfd1-48e9-accf-3bc2ac15d16b,e0a708d7-b4e1-4d15-a6e7-68c6a7378466,c5,c3,874,?,p3,
1769749264.1312058,FORWARDED,10404e50-dfd1-48e9-accf-3bc2ac15d16b,e0a708d7-b4e1-4d15-a6e7-68c6a7378466,c5,c3,874,?,p3,
1769749264.2573245,SENT,15fc8ced-d9f1-4be7-8f8f-d12c1eac25e8,af7df581-e816-44ba-834e-426a9e10d8f3,c4,DROP,443,?,i7,
1769749264.257366,FORWARDED,15fc8ced-d9f1-4be7-8f8f-d12c1eac25e8,af7df581-e816-44ba-834e-426a9e10d8f3,c4,DROP,443,?,i7,
1769749264.327566,RECEIVED,63a2e910-ed2b-404c-9941-0d3b51d82071,e7aa2315-077e-49ba-a726-3953753decec,c3,DROP,683,i5,?,
1769749264.3584888,RECEIVED,c929fe81-4225-413a-bda5-8b344f236332,a7152bd3-5207-4192-962d-58e3e3b40433,c3,DROP,684,i4,?,
1769749264.4330058,SENT,c929fe81-4225-413a-bda5-8b344f236332,a7152bd3-5207-4192-962d-58e3e3b40433,c3,DROP,441,?,i3,
1769749264.4330575,FORWARDED,c929fe81-4225-413a-bda5-8b344f236332,a7152bd3-5207-4192-962d-58e3e3b40433,c3,DROP,441,?,i3,
1769749264.5294635,RECEIVED,999521aa-9bee-4122-88ae-769982fbbccd,0e023b83-362c-45a7-8ec8-ebda7bb49950,c2,c3,1323,i4,?,
1769749264.6129923,SENT,63a2e910-ed2b-404c-9941-0d3b51d82071,e7aa2315-077e-49ba-a726-3953753decec,c3,DROP,441,?,i8,
1769749264.6130295,FORWARDED,63a2e910-ed2b-404c-9941-0d3b51d82071,e7aa2315-077e-49ba-a726-3953753decec,c3,DROP,441,?,i8,
1769749264.7317457,RECEIVED,77a1dc5e-713e-4fbc-a950-009bc41f7bc8,e99430ea-951b-4214-b5f1-c8fb132e6015,c3,None,1133,i9,?,
1769749264.8239226,SENT,77a1dc5e-713e-4fbc-a950-009bc41f7bc8,e99430ea-951b-4214-b5f1-c8fb132e6015,c3,None,775,?,p2,
1769749264.8239646,FORWARDED,77a1dc5e-713e-4fbc-a950-009bc41f7bc8,e99430ea-951b-4214-b5f1-c8fb132e6015,c3,None,775,?,p2,
1769749264.8369339,SENT,999521aa-9bee-4122-88ae-769982fbbccd,0e023b83-362c-45a7-8ec8-ebda7bb49950,c2,c3,920,?,p3,
1769749264.8370886,FORWARDED,999521aa-9bee-4122-88ae-769982fbbccd,0e023b83-362c-45a7-8ec8-ebda7bb49950,c2,c3,920,?,p3,
1769749265.0940685,RECEIVED,60851318-5d93-4389-806f-176a026e51e3,77bf2d43-9136-4da7-b622-a2fe386feb08,c2,c3,1265,i2,?,
1769749265.1281054,RECEIVED,bed95f35-3499-47e6-a280-47c5e7941755,20c7aab7-523c-476b-8fc0-2a42f57f09e1,c3,DROP,441,x10,?,
1769749265.144999,SENT,60851318-5d93-4389-806f-176a026e51e3,77bf2d43-9136-4da7-b622-a2fe386feb08,c2,c3,874,?,p3,
1769749265.1450326,FORWARDED,60851318-5d93-4389-806f-176a026e51e3,77bf2d43-9136-4da7-b622-a2fe386feb08,c2,c3,874,?,p3,
1769749265.1473448,RECEIVED,d073e88b-613e-4fd3-aea7-bbe850de80d8,39a82e5a-6175-45b6-832c-438350a098ce,c4,c1,1255,i2,?,
1769749265.2398396,RECEIVED,cd076a9e-d7e3-4e38-bea8-8e06bb9de858,3e2f11e5-7ff0-4782-8888-2f4fb90a361c,c5,DROP,683,i1,?,
1769749265.26182,RECEIVED,c1a8db9d-44d3-476d-a4ef-6afc7a7a365a,f3222050-b1d6-4344-943c-03bb366524b3,c4,DROP,683,i2,?,
1769749265.3428023,RECEIVED,37e95d96-380e-4587-94a4-92094d635001,5323975c-e831-4a3c-af33-15f7bf8aa0e1,c3,DROP,442,x10,?,
1769749265.5520654,RECEIVED,04a233fd-7668-4010-bff3-55aff0d1c463,a231c2fd-b641-4cd2-9e68-777b21c11ccd,c1,DROP,442,x6,?,
1769749265.7048018,RECEIVED,2582187c-4ecd-4ff9-8b55-7afe468aeb0c,45ab8d58-ec44-41b7-8b5a-be477f65b9a9,c4,DROP,683,i5,?,
1769749265.7411137,RECEIVED,0a42f5d8-5076-4bc8-aa22-bd31e92724b3,97a07cd2-d3fe-4529-8ee7-99a21f58a234,c5,DROP,441,x11,?,
1769749265.775559,RECEIVED,c71a9b50-e1f5-4b2e-9fc6-606aa32d67ac,d49dff0e-7150-4068-a8d1-c2fdd787df59,c1,DROP,683,i2,?,
1769749265.864143,SENT,d073e88b-613e-4fd3-aea7-bbe850de80d8,39a82e5a-6175-45b6-832c-438350a098ce,c4,c1,870,?,p1,
1769749265.8641832,FORWARDED,d073e88b-613e-4fd3-aea7-bbe850de80d8,39a82e5a-6175-45b6-832c-438350a098ce,c4,c1,870,?,p1,
1769749266.0577505,RECEIVED,96384af3-2639-49ca-93c6-ada100cf1158,ebcff12c-9955-4a06-b68b-a2d3e47b4d07,c1,None,1131,i8,?,
1769749266.0653093,SENT,c1a8db9d-44d3-476d-a4ef-6afc7a7a365a,f3222050-b1d6-4344-943c-03bb366524b3,c4,DROP,441,?,e9,
1769749266.0653462,FORWARDED,c1a8db9d-44d3-476d-a4ef-6afc7a7a365a,f3222050-b1d6-4344-943c-03bb366524b3,c4,DROP,441,?,e9,
1769749266.1723783,SENT,2582187c-4ecd-4ff9-8b55-7afe468aeb0c,45ab8d58-ec44-41b7-8b5a-be477f65b9a9,c4,DROP,441,?,e3,
1769749266.172414,FORWARDED,2582187c-4ecd-4ff9-8b55-7afe468aeb0c,45ab8d58-ec44-41b7-8b5a-be477f65b9a9,c4,DROP,441,?,e3,
1769749266.2695858,RECEIVED,03fa119e-d34b-4ccf-ac72-ae8a78c41dfe,efd4a619-dd4f-4b80-a653-ce75c85dbe18,c1,DROP,441,x9,?,
1769749266.4099774,SENT,cd076a9e-d7e3-4e38-bea8-8e06bb9de858,3e2f11e5-7ff0-4782-8888-2f4fb90a361c,c5,DROP,441,?,i5,
1769749266.410019,FORWARDED,cd076a9e-d7e3-4e38-bea8-8e06bb9de858,3e2f11e5-7ff0-4782-8888-2f4fb90a361c,c5,DROP,441,?,i5,
1769749266.52554,SENT,96384af3-2639-49ca-93c6-ada100cf1158,ebcff12c-9955-4a06-b68b-a2d3e47b4d07,c1,None,775,?,p1,
1769749266.525583,FORWARDED,96384af3-2639-49ca-93c6-ada100cf1158,ebcff12c-9955-4a06-b68b-a2d3e47b4d07,c1,None,775,?,p1,
1769749266.621962,RECEIVED,a64f5e7a-8702-42c7-b801-b0ef1dfa28bb,2dd590c3-de66-4784-8f41-bc4e36bc8239,c5,DROP,680,i8,?,
1769749266.6409428,SENT,a64f5e7a-8702-42c7-b801-b0ef1dfa28bb,2dd590c3-de66-4784-8f41-bc4e36bc8239,c5,DROP,438,?,i7,
1769749266.6409802,FORWARDED,a64f5e7a-8702-42c7-b801-b0ef1dfa28bb,2dd590c3-de66-4784-8f41-bc4e36bc8239,c5,DROP,438,?,i7,
1769749266.7046595,RECEIVED,a3fce35c-b643-46c1-a3fc-f16413470b16,c632cfae-dbec-4422-8cc8-25da9db0d249,c4,DROP,683,i4,?,
1769749266.8004193,RECEIVED,7f1362b2-ec90-4909-955f-9ab3ff7f99ab,185a7270-6149-4e29-8841-0f41aab6bc78,c5,DROP,684,i3,?,
1769749266.8838649,SENT,c71a9b50-e1f5-4b2e-9fc6-606aa32d67ac,d49dff0e-7150-4068-a8d1-c2fdd787df59,c1,DROP,440,?,i8,
1769749266.8839064,FORWARDED,c71a9b50-e1f5-4b2e-9fc6-606aa32d67ac,d49dff0e-7150-4068-a8d1-c2fdd787df59,c1,DROP,440,?,i8,
1769749267.0285664,RECEIVED,3409e21a-31c4-4406-850f-b5770a22d586,03b82501-3b88-4ca6-a315-d2771aa6cdb2,c5,c3,1316,i1,?,
1769749267.1341796,RECEIVED,ce08c179-c8c3-44c1-865b-76af964ea0d6,6fc95f7d-d186-4e36-acc3-3f2e0f5649b5,c1,c5,1258,i4,?,
1769749267.1581,SENT,7f1362b2-ec90-4909-955f-9ab3ff7f99ab,185a7270-6149-4e29-8841-0f41aab6bc78,c5,DROP,441,?,e8,
1769749267.1581473,FORWARDED,7f1362b2-ec90-4909-955f-9ab3ff7f99ab,185a7270-6149-4e29-8841-0f41aab6bc78,c5,DROP,441,?,e8,
1769749267.1822908,SENT,3409e21a-31c4-4406-850f-b5770a22d586,03b82501-3b88-4ca6-a315-d2771aa6cdb2,c5,c3,914,?,p3,
1769749267.1823325,FORWARDED,3409e21a-31c4-4406-850f-b5770a22d586,03b82501-3b88-4ca6-a315-d2771aa6cdb2,c5,c3,914,?,p3,
1769749267.1885483,RECEIVED,bd9556c6-840b-4b3e-8d0e-19634d441011,dab51cda-5fef-4ad0-8a3c-65cf6730a2b5,c2,c3,1323,i2,?,
1769749267.3578157,RECEIVED,df164c62-d721-4fea-9e48-0e47a2298a03,daca3209-e400-4d5c-aaa7-99b18095cf3a,c2,DROP,684,i8,?,
1769749267.3962312,SENT,df164c62-d721-4fea-9e48-0e47a2298a03,daca3209-e400-4d5c-aaa7-99b18095cf3a,c2,DROP,441,?,i1,
1769749267.3962698,FORWARDED,df164c62-d721-4fea-9e48-0e47a2298a03,daca3209-e400-4d5c-aaa7-99b18095cf3a,c2,DROP,441,?,i1,
1769749267.5342734,RECEIVED,7d198971-e0f7-4583-a9e7-51eb0d0459a0,6e2672a9-32f2-41a5-b97b-6e46b7d30d39,c5,c3,1312,i1,?,
1769749267.696801,SENT,7d198971-e0f7-4583-a9e7-51eb0d0459a0,6e2672a9-32f2-41a5-b97b-6e46b7d30d39,c5,c3,911,?,p3,
1769749267.6968439,FORWARDED,7d198971-e0f7-4583-a9e7-51eb0d0459a0,6e2672a9-32f2-41a5-b97b-6e46b7d30d39,c5,c3,911,?,p3,
1769749267.7787647,SENT,a3fce35c-b643-46c1-a3fc-f16413470b16,c632cfae-dbec-4422-8cc8-25da9db0d249,c4,DROP,441,?,x6,
1769749267.7788038,FORWARDED,a3fce35c-b643-46c1-a3fc-f16413470b16,c632cfae-dbec-4422-8cc8-25da9db0d249,c4,DROP,441,?,x6,
1769749267.9410071,RECEIVED,40cc3caa-f2a2-43e3-a908-0d7b8cc7d8a5,3f0206ba-8afe-4bb1-84f2-e23e88c3e75e,c4,DROP,683,i1,?,
1769749267.9431324,RECEIVED,3ad289ed-61a9-4999-9bdf-c92881613d61,5ed4e1d1-1a20-4bb5-9ab6-1fd6ba131eb4,c4,c1,1312,i3,?,
1769749268.0345836,SENT,bd9556c6-840b-4b3e-8d0e-19634d441011,dab51cda-5fef-4ad0-8a3c-65cf6730a2b5,c2,c3,920,?,p3,
1769749268.034626,FORWARDED,bd9556c6-840b-4b3e-8d0e-19634d441011,dab51cda-5fef-4ad0-8a3c-65cf6730a2b5,c2,c3,920,?,p3,
1769749268.0538948,RECEIVED,22a1faee-c664-41c8-b6d9-8903ea3c0f16,7f5839b2-7287-4c01-8964-00140fb16a6c,c5,None,1132,i4,?,
1769749268.106824,SENT,3ad289ed-61a9-4999-9bdf-c92881613d61,5ed4e1d1-1a20-4bb5-9ab6-1fd6ba131eb4,c4,c1,910,?,p1,
1769749268.1073012,FORWARDED,3ad289ed-61a9-4999-9bdf-c92881613d61,5ed4e1d1-1a20-4bb5-9ab6-1fd6ba131eb4,c4,c1,910,?,p1,
1769749268.1717458,RECEIVED,c647e9af-0443-4b9b-874d-6c421e0fed30,90f0b027-44ed-4fb2-963d-0babe849e2f2,c3,None,1127,i9,?,
1769749268.1822052,SENT,ce08c179-c8c3-44c1-865b-76af964ea0d6,6fc95f7d-d186-4e36-acc3-3f2e0f5649b5,c1,c5,871,?,p2,
1769749268.1822436,FORWARDED,ce08c179-c8c3-44c1-865b-76af964ea0d6,6fc95f7d-d186-4e36-acc3-3f2e0f5649b5,c1,c5,871,?,p2,
1769749268.2001882,RECEIVED,e93431e6-95eb-4990-aeb8-50da04755792,a6f5613c-6c81-4f37-bd7a-3f29f2f23a79,c4,DROP,684,i4,?,
1769749268.2237053,SENT,40cc3caa-f2a2-43e3-a908-0d7b8cc7d8a5,3f0206ba-8afe-4bb1-84f2-e23e88c3e75e,c4,DROP,441,?,e1,
1769749268.2237453,FORWARDED,40cc3caa-f2a2-43e3-a908-0d7b8cc7d8a5,3f0206ba-8afe-4bb1-84f2-e23e88c3e75e,c4,DROP,441,?,e1,
1769749268.2695186,SENT,22a1faee-c664-41c8-b6d9-8903ea3c0f16,7f5839b2-7287-4c01-8964-00140fb16a6c,c5,None,776,?,p1,
1769749268.2695608,FORWARDED,22a1faee-c664-41c8-b6d9-8903ea3c0f16,7f5839b2-7287-4c01-8964-00140fb16a6c,c5,None,776,?,p1,
1769749268.2914445,SENT,e93431e6-95eb-4990-aeb8-50da04755792,a6f5613c-6c81-4f37-bd7a-3f29f2f23a79,c4,DROP,440,?,x2,
1769749268.2914858,FORWARDED,e93431e6-95eb-4990-aeb8-50da04755792,a6f5613c-6c81-4f37-bd7a-3f29f2f23a79,c4,DROP,440,?,x2,
1769749268.3235366,RECEIVED,5f0979d8-2fbc-4d04-a132-f7f061e6af34,2d3953b9-c1c0-4e97-acf2-3fca0e4cdd93,c3,DROP,684,i4,?,
1769749268.4467626,SENT,c647e9af-0443-4b9b-874d-6c421e0fed30,90f0b027-44ed-4fb2-963d-0babe849e2f2,c3,None,772,?,p2,
1769749268.446804,FORWARDED,c647e9af-0443-4b9b-874d-6c421e0fed30,90f0b027-44ed-4fb2-963d-0babe849e2f2,c3,None,772,?,p2,
1769749268.6338856,RECEIVED,a580d2d5-46a1-47fe-8889-e01bcbf8b822,09f0800f-ba77-40ae-abe1-614c14a3f8f8,c3,c2,1307,i8,?,
1769749268.6548896,SENT,5f0979d8-2fbc-4d04-a132-f7f061e6af34,2d3953b9-c1c0-4e97-acf2-3fca0e4cdd93,c3,DROP,440,?,i3,
1769749268.6549327,FORWARDED,5f0979d8-2fbc-4d04-a132-f7f061e6af34,2d3953b9-c1c0-4e97-acf2-3fca0e4cdd93,c3,DROP,440,?,i3,
1769749268.9485447,RECEIVED,2437bf57-f391-46b1-a3e3-aeac2f7a5dcf,29866ffe-4ad7-43be-86f5-075b103a61ba,c5,None,1128,i9,?,
1769749268.9910545,RECEIVED,76d33b17-9190-455c-b949-96993b319770,75912f4a-e563-4113-83d0-14d271f78524,c3,DROP,679,i3,?,
1769749268.9953434,RECEIVED,47b1fc28-d0c5-4414-b402-3de6563d037a,1b5d7fad-0202-42ef-b3f5-0cfd887622b6,c5,c3,1260,i3,?,
1769749269.0641098,SENT,47b1fc28-d0c5-4414-b402-3de6563d037a,1b5d7fad-0202-42ef-b3f5-0cfd887622b6,c5,c3,872,?,p3,
1769749269.0641546,FORWARDED,47b1fc28-d0c5-4414-b402-3de6563d037a,1b5d7fad-0202-42ef-b3f5-0cfd887622b6,c5,c3,872,?,p3,
1769749269.0655026,RECEIVED,6e3c51f4-5dcc-4085-96a4-00f287bb8e4b,f0e95fd7-8ace-46ef-b713-0ce51d0aed3e,c1,c5,1259,i1,?,
1769749269.0759826,SENT,2437bf57-f391-46b1-a3e3-aeac2f7a5dcf,29866ffe-4ad7-43be-86f5-075b103a61ba,c5,None,773,?,p1,
1769749269.0760236,FORWARDED,2437bf57-f391-46b1-a3e3-aeac2f7a5dcf,29866ffe-4ad7-43be-86f5-075b103a61ba,c5,None,773,?,p1,
1769749269.0864534,RECEIVED,12024563-f9d7-4e80-a6a6-d8471ed2cc4c,d2b5a811-bb42-42ca-85d7-71b75785e339,c1,DROP,684,i2,?,
1769749269.195613,SENT,12024563-f9d7-4e80-a6a6-d8471ed2cc4c,d2b5a811-bb42-42ca-85d7-71b75785e339,c1,DROP,439,?,x9,
1769749269.1956527,FORWARDED,12024563-f9d7-4e80-a6a6-d8471ed2cc4c,d2b5a811-bb42-42ca-85d7-71b75785e339,c1,DROP,439,?,x9,
1769749269.3072076,SENT,a580d2d5-46a1-47fe-8889-e01bcbf8b822,09f0800f-ba77-40ae-abe1-614c14a3f8f8,c3,c2,907,?,p2,
1769749269.3072474,FORWARDED,a580d2d5-46a1-47fe-8889-e01bcbf8b822,09f0800f-ba77-40ae-abe1-614c14a3f8f8,c3,c2,907,?,p2,
1769749269.320671,RECEIVED,7a3efc0b-9863-45a1-927e-53eefe58fe1a,63879f32-3590-42f5-8352-8fb31ccfb653,c2,c3,1323,i2,?,
1769749269.4436193,SENT,7a3efc0b-9863-45a1-927e-53eefe58fe1a,63879f32-3590-42f5-8352-8fb31ccfb653,c2,c3,919,?,p3,
1769749269.4436612,FORWARDED,7a3efc0b-9863-45a1-927e-53eefe58fe1a,63879f32-3590-42f5-8352-8fb31ccfb653,c2,c3,919,?,p3,
1769749269.4451902,RECEIVED,8bfcac3c-5680-421f-b203-005b3609fe8e,8fd5d9b4-89a7-433a-a56e-24f3196577c5,c2,DROP,683,i5,?,
1769749269.4482925,RECEIVED,478b3dee-e61e-4830-a43c-6446f69e7d6f,55af28b8-a40b-40f7-8142-faf8019b6a9c,c5,DROP,689,i9,?,
1769749269.4496844,RECEIVED,6fb168f6-274d-4383-b475-7934639435a1,b5fa9dfd-8840-491b-b43c-ac6ac2adbde9,c1,DROP,685,i2,?,
1769749269.6603832,SENT,76d33b17-9190-455c-b949-96993b319770,75912f4a-e563-4113-83d0-14d271f78524,c3,DROP,437,?,x2,
1769749269.6604273,FORWARDED,76d33b17-9190-455c-b949-96993b319770,75912f4a-e563-4113-83d0-14d271f78524,c3,DROP,437,?,x2,
1769749269.6892047,RECEIVED,32e78d6d-71b0-4730-a1b9-a9a5f17c3a31,5fe8cc26-b45d-4f9d-821b-4a5eef40fc3c,c4,DROP,683,i2,?,
1769749269.709305,SENT,478b3dee-e61e-4830-a43c-6446f69e7d6f,55af28b8-a40b-40f7-8142-faf8019b6a9c,c5,DROP,443,?,x11,
1769749269.7093391,FORWARDED,478b3dee-e61e-4830-a43c-6446f69e7d6f,55af28b8-a40b-40f7-8142-faf8019b6a9c,c5,DROP,443,?,x11,
1769749269.7599757,SENT,6fb168f6-274d-4383-b475-7934639435a1,b5fa9dfd-8840-491b-b43c-ac6ac2adbde9,c1,DROP,441,?,x11,
1769749269.7600172,FORWARDED,6fb168f6-274d-4383-b475-7934639435a1,b5fa9dfd-8840-491b-b43c-ac6ac2adbde9,c1,DROP,441,?,x11,
1769749269.7880845,SENT,6e3c51f4-5dcc-4085-96a4-00f287bb8e4b,f0e95fd7-8ace-46ef-b713-0ce51d0aed3e,c1,c5,871,?,p2,
1769749269.788682,FORWARDED,6e3c51f4-5dcc-4085-96a4-00f287bb8e4b,f0e95fd7-8ace-46ef-b713-0ce51d0aed3e,c1,c5,871,?,p2,
1769749269.8819559,RECEIVED,7d89f868-589f-42f5-af1b-5b77090b6d98,fe698995-25e2-45ae-9d41-b74f45753dae,c2,DROP,683,i5,?,
1769749269.8842776,SENT,8bfcac3c-5680-421f-b203-005b3609fe8e,8fd5d9b4-89a7-433a-a56e-24f3196577c5,c2,DROP,441,?,i1,
1769749269.884356,FORWARDED,8bfcac3c-5680-421f-b203-005b3609fe8e,8fd5d9b4-89a7-433a-a56e-24f3196577c5,c2,DROP,441,?,i1,
1769749269.9375677,RECEIVED,0703a5ce-d8f0-46b4-a46f-548661ddeae2,dbae92ca-b5f7-414b-aa7c-86711384fe50,c3,DROP,440,x5,?,
1769749269.969093,RECEIVED,20f4573a-abe3-46df-b6eb-bc3f705e5eaa,50e4151b-04cb-4689-a926-3c892128d2eb,c2,c3,1324,i4,?,
1769749270.007045,SENT,20f4573a-abe3-46df-b6eb-bc3f705e5eaa,50e4151b-04cb-4689-a926-3c892128d2eb,c2,c3,920,?,p3,
1769749270.007102,FORWARDED,20f4573a-abe3-46df-b6eb-bc3f705e5eaa,50e4151b-04cb-4689-a926-3c892128d2eb,c2,c3,920,?,p3,
1769749270.1772687,RECEIVED,c7319401-cc5c-4f7f-b5e6-e31ead03880d,2473ff04-2f84-42c5-bec2-8d1e2e0311ff,c3,None,1128,i5,?,
1769749270.1915643,RECEIVED,dd16df81-9861-46fa-9162-076b1f8ea986,b5001c60-45ed-4a50-93c5-76655a5deff9,c1,c5,1247,i3,?,
1769749270.3279057,RECEIVED,ce019cd6-5477-4a38-8a1e-d5a55028048b,08baba1a-ad80-4194-adb9-cd818f0b97d6,c3,DROP,687,i9,?,
1769749270.329118,RECEIVED,19d3c7d5-3dbd-4940-b64a-88783f3b19c4,f3e8014e-41d8-4d46-ae41-24bac972e661,c4,c1,1313,i2,?,
1769749270.3471532,SENT,32e78d6d-71b0-4730-a1b9-a9a5f17c3a31,5fe8cc26-b45d-4f9d-821b-4a5eef40fc3c,c4,DROP,441,?,e8,
1769749270.347192,FORWARDED,32e78d6d-71b0-4730-a1b9-a9a5f17c3a31,5fe8cc26-b45d-4f9d-821b-4a5eef40fc3c,c4,DROP,441,?,e8,
1769749270.3805466,SENT,c7319401-cc5c-4f7f-b5e6-e31ead03880d,2473ff04-2f84-42c5-bec2-8d1e2e0311ff,c3,None,773,?,p2,
1769749270.3805819,FORWARDED,c7319401-cc5c-4f7f-b5e6-e31ead03880d,2473ff04-2f84-42c5-bec2-8d1e2e0311ff,c3,None,773,?,p2,
1769749270.3924172,SENT,19d3c7d5-3dbd-4940-b64a-88783f3b19c4,f3e8014e-41d8-4d46-ae41-24bac972e661,c4,c1,911,?,p1,
1769749270.3924592,FORWARDED,19d3c7d5-3dbd-4940-b64a-88783f3b19c4,f3e8014e-41d8-4d46-ae41-24bac972e661,c4,c1,911,?,p1,
1769749270.5449295,RECEIVED,011c6885-5481-4dd1-9183-61f229320a1d,67d9f73a-0a56-48b1-98e0-89ef47a8e627,c3,None,1123,i3,?,
1769749270.5815547,SENT,011c6885-5481-4dd1-9183-61f229320a1d,67d9f73a-0a56-48b1-98e0-89ef47a8e627,c3,None,771,?,p2,
1769749270.5815973,FORWARDED,011c6885-5481-4dd1-9183-61f229320a1d,67d9f73a-0a56-48b1-98e0-89ef47a8e627,c3,None,771,?,p2,
1769749270.5853388,SENT,7d89f868-589f-42f5-af1b-5b77090b6d98,fe698995-25e2-45ae-9d41-b74f45753dae,c2,DROP,441,?,i4,
1769749270.5853803,FORWARDED,7d89f868-589f-42f5-af1b-5b77090b6d98,fe698995-25e2-45ae-9d41-b74f45753dae,c2,DROP,441,?,i4,
1769749270.5930576,RECEIVED,2963fbf8-1bc2-432f-a55b-aff5a16b093f,d9e71aee-e72d-4a90-b479-030cd9e02622,c3,DROP,682,i4,?,
1769749270.7637334,RECEIVED,5848b183-c15c-4423-96fa-1894261feb43,4b976303-afae-49f7-9d35-c3b8eea7088b,c3,None,1123,i5,?,
1769749270.780314,RECEIVED,45446c30-56f4-44ed-b54c-572e338aca21,10a13b3a-5a89-4391-a488-e4f6e8ec2aa6,c2,DROP,688,i9,?,
1769749270.7941658,SENT,dd16df81-9861-46fa-9162-076b1f8ea986,b5001c60-45ed-4a50-93c5-76655a5deff9,c1,c5,863,?,p2,
1769749270.7942023,FORWARDED,dd16df81-9861-46fa-9162-076b1f8ea986,b5001c60-45ed-4a50-93c5-76655a5deff9,c1,c5,863,?,p2,
1769749270.9047198,RECEIVED,16906466-0205-4a83-b024-3c5503538e01,0a49ce49-9a57-4638-86db-219b11003c83,c3,DROP,687,i3,?,
1769749270.974956,SENT,45446c30-56f4-44ed-b54c-572e338aca21,10a13b3a-5a89-4391-a488-e4f6e8ec2aa6,c2,DROP,442,?,i5,
1769749270.9754236,FORWARDED,45446c30-56f4-44ed-b54c-572e338aca21,10a13b3a-5a89-4391-a488-e4f6e8ec2aa6,c2,DROP,442,?,i5,
1769749271.225344,RECEIVED,6e0c803f-191e-49b4-9d8a-bee92b419380,b94b980c-e005-4ef5-9a40-f98d11a72641,c1,c5,1254,i8,?,
1769749271.289931,SENT,ce019cd6-5477-4a38-8a1e-d5a55028048b,08baba1a-ad80-4194-adb9-cd818f0b97d6,c3,DROP,442,?,i5,
1769749271.2899742,FORWARDED,ce019cd6-5477-4a38-8a1e-d5a55028048b,08baba1a-ad80-4194-adb9-cd818f0b97d6,c3,DROP,442,?,i5,
1769749271.3185534,RECEIVED,16c5632d-d709-4968-8a62-e393222ca8fe,d8f3518a-b0b9-444b-b1a8-15062916c98a,c5,DROP,441,x1,?,
1769749271.3553975,RECEIVED,283cebbf-e909-4520-93b4-120a45578e8a,e6a9bae8-004d-4a8b-b7b1-818389059d10,c1,DROP,688,i2,?,
1769749271.3705487,SENT,16906466-0205-4a83-b024-3c5503538e01,0a49ce49-9a57-4638-86db-219b11003c83,c3,DROP,443,?,i5,
1769749271.3705888,FORWARDED,16906466-0205-4a83-b024-3c5503538e01,0a49ce49-9a57-4638-86db-219b11003c83,c3,DROP,443,?,i5,
1769749271.4477634,RECEIVED,a9490da4-5ee0-490e-ad7b-6a8ffba8627e,a579f40a-0f21-4bbb-aba5-d450ba5ab40b,c4,DROP,684,i4,?,
1769749271.5332184,SENT,a9490da4-5ee0-490e-ad7b-6a8ffba8627e,a579f40a-0f21-4bbb-aba5-d450ba5ab40b,c4,DROP,441,?,i9,
1769749271.5332584,FORWARDED,a9490da4-5ee0-490e-ad7b-6a8ffba8627e,a579f40a-0f21-4bbb-aba5-d450ba5ab40b,c4,DROP,441,?,i9,
1769749271.5515146,RECEIVED,5666c6ad-e79f-4269-868d-eaea0f2c049f,909f6e65-93eb-44fa-9531-fba04a856003,c2,DROP,688,i4,?,
1769749271.5658894,RECEIVED,fb6f1e0b-9a9b-4e57-86ad-5a6cb8f0f841,8156f81a-85a3-4335-91ce-b3bb044cbb30,c4,DROP,688,i1,?,
1769749271.5740268,SENT,6e0c803f-191e-49b4-9d8a-bee92b419380,b94b980c-e005-4ef5-9a40-f98d11a72641,c1,c5,868,?,p2,
1769749271.5746274,FORWARDED,6e0c803f-191e-49b4-9d8a-bee92b419380,b94b980c-e005-4ef5-9a40-f98d11a72641,c1,c5,868,?,p2,
1769749271.637228,SENT,5666c6ad-e79f-4269-868d-eaea0f2c049f,909f6e65-93eb-44fa-9531-fba04a856003,c2,DROP,442,?,i9,
1769749271.637267,FORWARDED,5666c6ad-e79f-4269-868d-eaea0f2c049f,909f6e65-93eb-44fa-9531-fba04a856003,c2,DROP,442,?,i9,
1769749271.641422,RECEIVED,cb6c5701-9de2-421b-bede-a54fbcab612c,1819319e-e3a5-4d01-a9fd-d2348e5da0ed,c1,DROP,685,i2,?,
1769749271.7415946,RECEIVED,71a11f62-7258-4c37-a2cd-cabdc3424b43,e99f4591-4095-4052-99b2-44b5ef802679,c4,DROP,686,i2,?,
1769749271.7973356,RECEIVED,9f61ef64-2310-47d6-88a1-40e8dceed802,e7fb77c4-4a8c-42af-bb6a-530b7eb2b07f,c4,DROP,685,i8,?,
1769749271.8027985,RECEIVED,60c30b4b-c6c4-4b74-aded-7ac5baf186a1,00ed2695-ca32-4cc8-819d-a8f32fd9ea99,c5,DROP,685,i4,?,
1769749271.8406386,SENT,60c30b4b-c6c4-4b74-aded-7ac5baf186a1,00ed2695-ca32-4cc8-819d-a8f32fd9ea99,c5,DROP,440,?,e9,
1769749271.8406954,FORWARDED,60c30b4b-c6c4-4b74-aded-7ac5baf186a1,00ed2695-ca32-4cc8-819d-a8f32fd9ea99,c5,DROP,440,?,e9,
1769749271.842973,SENT,9f61ef64-2310-47d6-88a1-40e8dceed802,e7fb77c4-4a8c-42af-bb6a-530b7eb2b07f,c4,DROP,441,?,x10,
1769749271.8430145,FORWARDED,9f61ef64-2310-47d6-88a1-40e8dceed802,e7fb77c4-4a8c-42af-bb6a-530b7eb2b07f,c4,DROP,441,?,x10,
1769749271.8659081,SENT,5848b183-c15c-4423-96fa-1894261feb43,4b976303-afae-49f7-9d35-c3b8eea7088b,c3,None,771,?,p2,
1769749271.8660796,FORWARDED,5848b183-c15c-4423-96fa-1894261feb43,4b976303-afae-49f7-9d35-c3b8eea7088b,c3,None,771,?,p2,
1769749271.9152277,SENT,fb6f1e0b-9a9b-4e57-86ad-5a6cb8f0f841,8156f81a-85a3-4335-91ce-b3bb044cbb30,c4,DROP,444,?,i7,
1769749271.9152658,FORWARDED,fb6f1e0b-9a9b-4e57-86ad-5a6cb8f0f841,8156f81a-85a3-4335-91ce-b3bb044cbb30,c4,DROP,444,?,i7,
1769749272.0092175,RECEIVED,599400f1-2d28-45bd-b6f9-3a4e1599883d,d5dfd4f8-dbb6-4833-ad98-a76080c7edb2,c1,c5,1310,i4,?,
1769749272.0313034,SENT,cb6c5701-9de2-421b-bede-a54fbcab612c,1819319e-e3a5-4d01-a9fd-d2348e5da0ed,c1,DROP,441,?,e11,
1769749272.0313444,FORWARDED,cb6c5701-9de2-421b-bede-a54fbcab612c,1819319e-e3a5-4d01-a9fd-d2348e5da0ed,c1,DROP,441,?,e11,
1769749272.1917982,SENT,283cebbf-e909-4520-93b4-120a45578e8a,e6a9bae8-004d-4a8b-b7b1-818389059d10,c1,DROP,442,?,e11,
1769749272.1918483,FORWARDED,283cebbf-e909-4520-93b4-120a45578e8a,e6a9bae8-004d-4a8b-b7b1-818389059d10,c1,DROP,442,?,e11,
1769749272.2331233,RECEIVED,dc308e2b-aa6b-4ec1-9b1b-b68f1830a025,75f6ade0-ab06-4714-b9ff-2627bb1c68d9,c1,None,1124,i6,?,
1769749272.2812986,RECEIVED,963d0f4b-55c1-4179-adeb-0a600a0203b5,2b9896f8-5ebd-4643-b13c-b0edec1abebd,c3,None,1123,i2,?,
1769749272.3406134,SENT,2963fbf8-1bc2-432f-a55b-aff5a16b093f,d9e71aee-e72d-4a90-b479-030cd9e02622,c3,DROP,441,?,e7,
1769749272.3406525,FORWARDED,2963fbf8-1bc2-432f-a55b-aff5a16b093f,d9e71aee-e72d-4a90-b479-030cd9e02622,c3,DROP,441,?,e7,
1769749272.4774113,SENT,71a11f62-7258-4c37-a2cd-cabdc3424b43,e99f4591-4095-4052-99b2-44b5ef802679,c4,DROP,443,?,x1,
1769749272.4787269,FORWARDED,71a11f62-7258-4c37-a2cd-cabdc3424b43,e99f4591-4095-4052-99b2-44b5ef802679,c4,DROP,443,?,x1,
1769749272.5113983,RECEIVED,75e7382a-5a23-4f29-9509-1996ea4f713c,aa0ab2e7-3a01-4664-af16-594b7095dc1a,c5,DROP,684,i1,?,
1769749272.5159302,RECEIVED,7498d642-6206-4b69-acc0-9fe5cb5ecc35,1f03d4f7-ab1b-479e-9f16-1e43ff2ba5c8,c3,DROP,683,i1,?,
1769749272.5395293,RECEIVED,a8ba7a15-e9ba-4730-a65d-525b905a480f,b3c27508-f94f-48cd-98f9-6bc0e4fa9df2,c2,DROP,684,i5,?,
1769749272.5545793,RECEIVED,f1e2a897-2bd9-4b7f-82a8-8e819f2131ff,da8f561a-ef9e-4664-8478-492b48e6590f,c3,None,1131,i3,?,
1769749272.5807097,SENT,75e7382a-5a23-4f29-9509-1996ea4f713c,aa0ab2e7-3a01-4664-af16-594b7095dc1a,c5,DROP,441,?,e4,
1769749272.5807538,FORWARDED,75e7382a-5a23-4f29-9509-1996ea4f713c,aa0ab2e7-3a01-4664-af16-594b7095dc1a,c5,DROP,441,?,e4,
1769749272.6480854,SENT,f1e2a897-2bd9-4b7f-82a8-8e819f2131ff,da8f561a-ef9e-4664-8478-492b48e6590f,c3,None,775,?,p2,
1769749272.6481323,FORWARDED,f1e2a897-2bd9-4b7f-82a8-8e819f2131ff,da8f561a-ef9e-4664-8478-492b48e6590f,c3,None,775,?,p2,
1769749272.6961875,SENT,dc308e2b-aa6b-4ec1-9b1b-b68f1830a025,75f6ade0-ab06-4714-b9ff-2627bb1c68d9,c1,None,771,?,p1,
1769749272.696249,FORWARDED,dc308e2b-aa6b-4ec1-9b1b-b68f1830a025,75f6ade0-ab06-4714-b9ff-2627bb1c68d9,c1,None,771,?,p1,
1769749272.710785,SENT,a8ba7a15-e9ba-4730-a65d-525b905a480f,b3c27508-f94f-48cd-98f9-6bc0e4fa9df2,c2,DROP,441,?,e7,
1769749272.7108274,FORWARDED,a8ba7a15-e9ba-4730-a65d-525b905a480f,b3c27508-f94f-48cd-98f9-6bc0e4fa9df2,c2,DROP,441,?,e7,
1769749272.8585093,RECEIVED,3bee042c-0c72-49c8-a77d-3f7394e2182e,7a70edc5-2cf5-4a6c-b9bd-62e6793bcd15,c3,DROP,442,x6,?,
1769749272.9569256,RECEIVED,bf3696c2-ca9e-4b2d-a2ad-5015a23ef092,bb134515-9514-428b-a4d0-c2a988da3c3c,c1,None,1132,i6,?,
1769749272.9604483,SENT,963d0f4b-55c1-4179-adeb-0a600a0203b5,2b9896f8-5ebd-4643-b13c-b0edec1abebd,c3,None,771,?,p2,
1769749272.9604886,FORWARDED,963d0f4b-55c1-4179-adeb-0a600a0203b5,2b9896f8-5ebd-4643-b13c-b0edec1abebd,c3,None,771,?,p2,
1769749272.9910448,RECEIVED,81ff395f-3153-4318-b20a-3a483c711068,4c988026-1b30-4457-8faa-3e1181a3a635,c5,None,1128,i4,?,
1769749273.0469723,RECEIVED,1c4ddb6d-2d36-47bf-942f-67718b84d875,5b30d6ec-1da7-427e-9765-ac578bb225bd,c1,DROP,683,i3,?,
1769749273.093943,RECEIVED,edf4cde9-2781-424a-b7af-01bfbe48d48d,bb900cce-b677-47c6-b24e-0554597dc49c,c1,c5,1257,i5,?,
1769749273.101147,SENT,bf3696c2-ca9e-4b2d-a2ad-5015a23ef092,bb134515-9514-428b-a4d0-c2a988da3c3c,c1,None,776,?,p1,
1769749273.1011915,FORWARDED,bf3696c2-ca9e-4b2d-a2ad-5015a23ef092,bb134515-9514-428b-a4d0-c2a988da3c3c,c1,None,776,?,p1,
1769749273.1228757,RECEIVED,ef87a088-8413-414b-90c3-6d4be6748c02,933eaa11-ae2f-4a8b-804a-a536442915c4,c4,DROP,685,i1,?,
1769749273.123783,RECEIVED,e1678c84-2efe-4ce5-af52-7c8d3541e58c,684efb08-4779-4e35-8056-00b4fcbea9e3,c2,c3,1323,i2,?,
1769749273.2057517,RECEIVED,314c2ff8-fa8a-461b-8acd-ca43d471ee32,1fb0e1ea-d7f0-4e6e-b608-2a267f42b588,c5,c3,1260,i9,?,
1769749273.2150018,SENT,ef87a088-8413-414b-90c3-6d4be6748c02,933eaa11-ae2f-4a8b-804a-a536442915c4,c4,DROP,441,?,x10,
1769749273.2150428,FORWARDED,ef87a088-8413-414b-90c3-6d4be6748c02,933eaa11-ae2f-4a8b-804a-a536442915c4,c4,DROP,441,?,x10,
1769749273.2224011,RECEIVED,faa1b48d-05ea-4253-9811-e509b1359dd2,ca7b0ee2-a39e-4f2f-b7f8-3511b48cfbb8,c5,c3,1312,i1,?,
1769749273.2262359,SENT,81ff395f-3153-4318-b20a-3a483c711068,4c988026-1b30-4457-8faa-3e1181a3a635,c5,None,772,?,p1,
1769749273.2262793,FORWARDED,81ff395f-3153-4318-b20a-3a483c711068,4c988026-1b30-4457-8faa-3e1181a3a635,c5,None,772,?,p1,
1769749273.286964,RECEIVED,55608075-3368-455f-a1be-e84d5a5b7b6d,87aa7bbd-207a-4783-a5b4-9563de117b22,c4,c1,1311,i2,?,
1769749273.35036,SENT,faa1b48d-05ea-4253-9811-e509b1359dd2,ca7b0ee2-a39e-4f2f-b7f8-3511b48cfbb8,c5,c3,910,?,p3,
1769749273.3504,FORWARDED,faa1b48d-05ea-4253-9811-e509b1359dd2,ca7b0ee2-a39e-4f2f-b7f8-3511b48cfbb8,c5,c3,910,?,p3,
1769749273.388079,SENT,7498d642-6206-4b69-acc0-9fe5cb5ecc35,1f03d4f7-ab1b-479e-9f16-1e43ff2ba5c8,c3,DROP,440,?,e3,
1769749273.388123,FORWARDED,7498d642-6206-4b69-acc0-9fe5cb5ecc35,1f03d4f7-ab1b-479e-9f16-1e43ff2ba5c8,c3,DROP,440,?,e3,
1769749273.4902678,RECEIVED,6958c7b6-f9d7-4e65-af0b-00cdbcc5eb6c,e4b59da3-c695-4db7-945c-6998fee42bd1,c4,DROP,442,x3,?,
1769749273.5694625,RECEIVED,a65682c1-ce17-49c0-8712-0959db876cf0,9c6ae93b-5216-4d1e-9e7d-7da60bc3c65f,c1,DROP,683,i9,?,
1769749273.6195526,SENT,314c2ff8-fa8a-461b-8acd-ca43d471ee32,1fb0e1ea-d7f0-4e6e-b608-2a267f42b588,c5,c3,872,?,p3,
1769749273.619595,FORWARDED,314c2ff8-fa8a-461b-8acd-ca43d471ee32,1fb0e1ea-d7f0-4e6e-b608-2a267f42b588,c5,c3,872,?,p3,
1769749273.685322,RECEIVED,f8a3259f-fe19-4b14-bd7b-7b64e02cd900,2ff73d79-7f78-4719-ab33-30ce3a39f86f,c4,DROP,683,i8,?,
1769749273.789338,RECEIVED,1ce83925-03e9-4088-b43e-7f4c78309781,5b0139ea-c57d-4865-b5d2-b576218aaa3f,c1,DROP,441,x2,?,
1769749273.8869438,SENT,55608075-3368-455f-a1be-e84d5a5b7b6d,87aa7bbd-207a-4783-a5b4-9563de117b22,c4,c1,912,?,p1,
1769749273.886985,FORWARDED,55608075-3368-455f-a1be-e84d5a5b7b6d,87aa7bbd-207a-4783-a5b4-9563de117b22,c4,c1,912,?,p1,
1769749273.8986819,SENT,e1678c84-2efe-4ce5-af52-7c8d3541e58c,684efb08-4779-4e35-8056-00b4fcbea9e3,c2,c3,919,?,p3,
1769749273.8987205,FORWARDED,e1678c84-2efe-4ce5-af52-7c8d3541e58c,684efb08-4779-4e35-8056-00b4fcbea9e3,c2,c3,919,?,p3,
1769749273.92459,SENT,1c4ddb6d-2d36-47bf-942f-67718b84d875,5b30d6ec-1da7-427e-9765-ac578bb225bd,c1,DROP,440,?,x6,
1769749273.9246292,FORWARDED,1c4ddb6d-2d36-47bf-942f-67718b84d875,5b30d6ec-1da7-427e-9765-ac578bb225bd,c1,DROP,440,?,x6,
1769749273.961697,RECEIVED,841215e1-8f7f-4740-9d99-af0411f32a75,a9dab18e-20ff-4e57-9e10-65003f69fd5d,c5,DROP,441,x7,?,
1769749274.0387244,SENT,a65682c1-ce17-49c0-8712-0959db876cf0,9c6ae93b-5216-4d1e-9e7d-7da60bc3c65f,c1,DROP,440,?,e5,
1769749274.0387673,FORWARDED,a65682c1-ce17-49c0-8712-0959db876cf0,9c6ae93b-5216-4d1e-9e7d-7da60bc3c65f,c1,DROP,440,?,e5,
1769749274.1183193,SENT,edf4cde9-2781-424a-b7af-01bfbe48d48d,bb900cce-b677-47c6-b24e-0554597dc49c,c1,c5,871,?,p2,
1769749274.1185877,FORWARDED,edf4cde9-2781-424a-b7af-01bfbe48d48d,bb900cce-b677-47c6-b24e-0554597dc49c,c1,c5,871,?,p2,
1769749274.1342974,SENT,f8a3259f-fe19-4b14-bd7b-7b64e02cd900,2ff73d79-7f78-4719-ab33-30ce3a39f86f,c4,DROP,441,?,x7,
1769749274.1343417,FORWARDED,f8a3259f-fe19-4b14-bd7b-7b64e02cd900,2ff73d79-7f78-4719-ab33-30ce3a39f86f,c4,DROP,441,?,x7,
1769749274.1684997,RECEIVED,0de99e24-34a3-4bcf-8226-956df3aa13bf,2dd9d67f-8981-4769-a5b9-6039e027fc75,c5,c3,1259,i7,?,
1769749274.2869294,RECEIVED,2c53e1a8-c78e-4430-8e11-213806ba9dcf,4214acfb-aa13-4d70-a3c2-8c8cc4720663,c3,DROP,687,i2,?,
1769749274.5463798,RECEIVED,b54654e5-6db9-4d81-8bdc-42d3e4a9a730,ab7126bd-993c-4fa4-92a9-ce946154f863,c1,c5,1313,i1,?,
1769749274.5617712,RECEIVED,d0c7837f-35ee-4774-933c-60e691fc525f,9480795e-ef6c-4c62-beb9-3b936e2156ce,c3,c2,1312,i8,?,
1769749274.6379886,SENT,b54654e5-6db9-4d81-8bdc-42d3e4a9a730,ab7126bd-993c-4fa4-92a9-ce946154f863,c1,c5,912,?,p2,
1769749274.6380234,FORWARDED,b54654e5-6db9-4d81-8bdc-42d3e4a9a730,ab7126bd-993c-4fa4-92a9-ce946154f863,c1,c5,912,?,p2,
1769749274.644318,SENT,d0c7837f-35ee-4774-933c-60e691fc525f,9480795e-ef6c-4c62-beb9-3b936e2156ce,c3,c2,911,?,p2,
1769749274.6443617,FORWARDED,d0c7837f-35ee-4774-933c-60e691fc525f,9480795e-ef6c-4c62-beb9-3b936e2156ce,c3,c2,911,?,p2,
1769749274.6707327,RECEIVED,17bb57d4-94cd-4ee5-ab63-cf705ec023cc,c1d244db-361b-4b82-8282-09f197a448bb,c5,c3,1311,i9,?,
1769749274.6732972,SENT,599400f1-2d28-45bd-b6f9-3a4e1599883d,d5dfd4f8-dbb6-4833-ad98-a76080c7edb2,c1,c5,911,?,p2,
1769749274.673336,FORWARDED,599400f1-2d28-45bd-b6f9-3a4e1599883d,d5dfd4f8-dbb6-4833-ad98-a76080c7edb2,c1,c5,911,?,p2,
1769749274.6922863,RECEIVED,eb6ca2ad-d04a-4298-82f4-3cc4f9b0dca0,1450a849-9c52-49fb-b4bb-a75365e52aed,c2,c3,1320,i4,?,
1769749274.765141,SENT,eb6ca2ad-d04a-4298-82f4-3cc4f9b0dca0,1450a849-9c52-49fb-b4bb-a75365e52aed,c2,c3,916,?,p3,
1769749274.7651792,FORWARDED,eb6ca2ad-d04a-4298-82f4-3cc4f9b0dca0,1450a849-9c52-49fb-b4bb-a75365e52aed,c2,c3,916,?,p3,
1769749274.7689414,SENT,17bb57d4-94cd-4ee5-ab63-cf705ec023cc,c1d244db-361b-4b82-8282-09f197a448bb,c5,c3,911,?,p3,
1769749274.7689805,FORWARDED,17bb57d4-94cd-4ee5-ab63-cf705ec023cc,c1d244db-361b-4b82-8282-09f197a448bb,c5,c3,911,?,p3,
1769749274.847075,RECEIVED,204d8464-c3db-4d55-beaa-905e055c3869,50f0917a-f79d-4380-b70e-00ee540f8552,c5,c3,1311,i3,?,
1769749274.9255888,RECEIVED,6d6708d9-ef95-45b5-b0e3-638c81eb5e35,a95d70d6-97ba-40b9-9c54-21faadf1c48e,c1,c5,1309,i3,?,
1769749274.9651725,RECEIVED,a148d484-131d-42a6-9b7c-11f33ee0f3ac,11c65f62-2ab3-4339-b795-17a4fe6f9861,c1,DROP,439,x11,?,
1769749274.9716456,SENT,6d6708d9-ef95-45b5-b0e3-638c81eb5e35,a95d70d6-97ba-40b9-9c54-21faadf1c48e,c1,c5,907,?,p2,
1769749274.9716895,FORWARDED,6d6708d9-ef95-45b5-b0e3-638c81eb5e35,a95d70d6-97ba-40b9-9c54-21faadf1c48e,c1,c5,907,?,p2,
1769749275.1573272,RECEIVED,231bb509-8efe-4b47-80ed-023f58402be9,3fd7214c-855e-4458-9db7-ef7ce789a2d9,c3,None,1128,i5,?,
1769749275.2808812,SENT,2c53e1a8-c78e-4430-8e11-213806ba9dcf,4214acfb-aa13-4d70-a3c2-8c8cc4720663,c3,DROP,442,?,i5,
1769749275.2809205,FORWARDED,2c53e1a8-c78e-4430-8e11-213806ba9dcf,4214acfb-aa13-4d70-a3c2-8c8cc4720663,c3,DROP,442,?,i5,
1769749275.3456101,SENT,231bb509-8efe-4b47-80ed-023f58402be9,3fd7214c-855e-4458-9db7-ef7ce789a2d9,c3,None,772,?,p2,
1769749275.3456476,FORWARDED,231bb509-8efe-4b47-80ed-023f58402be9,3fd7214c-855e-4458-9db7-ef7ce789a2d9,c3,None,772,?,p2,
1769749275.4992952,RECEIVED,5ac2fa19-73e6-4a1a-a3f6-0b8b2cedc88b,84622d1c-ab0b-44ee-825d-8f43cff3d9ec,c1,DROP,442,x3,?,
1769749275.526302,RECEIVED,0d5ee0a4-9894-4515-85d0-1d6a9141d072,2c3bff15-48bf-4c16-ab2d-329f987e8db2,c4,DROP,685,i6,?,
1769749275.6351714,RECEIVED,9d62fd94-120c-4b36-9d87-f3df03131518,ac8425f7-d32e-4e58-bf11-6c2cd7005e25,c2,c3,1259,i4,?,
1769749275.7641444,SENT,0d5ee0a4-9894-4515-85d0-1d6a9141d072,2c3bff15-48bf-4c16-ab2d-329f987e8db2,c4,DROP,441,?,x11,
1769749275.7641854,FORWARDED,0d5ee0a4-9894-4515-85d0-1d6a9141d072,2c3bff15-48bf-4c16-ab2d-329f987e8db2,c4,DROP,441,?,x11,
1769749275.7907193,SENT,204d8464-c3db-4d55-beaa-905e055c3869,50f0917a-f79d-4380-b70e-00ee540f8552,c5,c3,911,?,p3,
1769749275.7907643,FORWARDED,204d8464-c3db-4d55-beaa-905e055c3869,50f0917a-f79d-4380-b70e-00ee540f8552,c5,c3,911,?,p3,
1769749275.8384082,SENT,9d62fd94-120c-4b36-9d87-f3df03131518,ac8425f7-d32e-4e58-bf11-6c2cd7005e25,c2,c3,872,?,p3,
1769749275.83844,FORWARDED,9d62fd94-120c-4b36-9d87-f3df03131518,ac8425f7-d32e-4e58-bf11-6c2cd7005e25,c2,c3,872,?,p3,
1769749276.2771215,RECEIVED,8c6407f5-88b2-430c-a59e-b73295d9748c,6aceee6e-7238-4a9d-9899-4a9c3866cfbc,c5,c3,1260,i1,?,
1769749276.3807168,RECEIVED,7471b376-9d9b-4233-a9dc-cfd2ed3108ba,a552ae02-10da-4b84-bdf7-30a99116d5ef,c4,DROP,683,i1,?,
1769749276.3823082,RECEIVED,c5dd5638-b9d3-4238-929e-3b0da7aa32ba,b0f8574e-abd0-4b3e-88c6-826262340cb6,c1,None,1123,i2,?,
1769749276.415804,SENT,8c6407f5-88b2-430c-a59e-b73295d9748c,6aceee6e-7238-4a9d-9899-4a9c3866cfbc,c5,c3,871,?,p3,
1769749276.4158425,FORWARDED,8c6407f5-88b2-430c-a59e-b73295d9748c,6aceee6e-7238-4a9d-9899-4a9c3866cfbc,c5,c3,871,?,p3,
1769749276.4514976,SENT,0de99e24-34a3-4bcf-8226-956df3aa13bf,2dd9d67f-8981-4769-a5b9-6039e027fc75,c5,c3,872,?,p3,
1769749276.4515846,FORWARDED,0de99e24-34a3-4bcf-8226-956df3aa13bf,2dd9d67f-8981-4769-a5b9-6039e027fc75,c5,c3,872,?,p3,
1769749276.454107,RECEIVED,75d52069-6702-40e2-a9a6-6908c8063bc0,37c2ecb0-be28-46ab-9387-bf295524f470,c2,None,1124,i5,?,
1769749276.6823022,RECEIVED,4ff11cb9-f8aa-4cce-b5e8-6c91ad1af3e0,2c42c779-5c0f-484a-ba3c-fde1c101fa22,c2,DROP,687,i4,?,
1769749276.7131147,RECEIVED,d10e69be-1caa-49cc-bbc6-e85632b25d8e,babb4666-f42b-422c-b08a-221aa13af065,c2,c3,1260,i5,?,
1769749276.7306046,SENT,75d52069-6702-40e2-a9a6-6908c8063bc0,37c2ecb0-be28-46ab-9387-bf295524f470,c2,None,771,?,p3,
1769749276.7306435,FORWARDED,75d52069-6702-40e2-a9a6-6908c8063bc0,37c2ecb0-be28-46ab-9387-bf295524f470,c2,None,771,?,p3,
1769749276.7833807,RECEIVED,ba21ec1a-9938-4332-9563-3fb055cc6713,57e27c12-0eda-4cae-93af-2109bff404a0,c2,c3,1318,i2,?,
1769749276.9752421,RECEIVED,910df4c4-076b-4626-82e0-667dace9dee4,637db412-eb2e-40e6-8244-973e531aa5bf,c1,DROP,687,i4,?,
1769749277.0312512,RECEIVED,2bf65828-3ff6-4701-a5e0-e75c78fdb908,ee0af7ca-f167-42cb-b358-8aa1300623cb,c1,c5,1308,i8,?,
1769749277.046261,RECEIVED,5c0e1e0e-5065-47a2-b9e6-a8a5006ed665,79675892-5c5b-4ae0-8f7d-20c3817a684e,c2,c3,1317,i2,?,
1769749277.052217,SENT,4ff11cb9-f8aa-4cce-b5e8-6c91ad1af3e0,2c42c779-5c0f-484a-ba3c-fde1c101fa22,c2,DROP,442,?,i5,
1769749277.0522563,FORWARDED,4ff11cb9-f8aa-4cce-b5e8-6c91ad1af3e0,2c42c779-5c0f-484a-ba3c-fde1c101fa22,c2,DROP,442,?,i5,
1769749277.053127,RECEIVED,2fc7b2ed-1e3f-43a6-b9d1-e2560a830366,06355247-3f16-435c-b8a9-d1638b288fe9,c2,DROP,687,i6,?,
1769749277.0652876,SENT,5c0e1e0e-5065-47a2-b9e6-a8a5006ed665,79675892-5c5b-4ae0-8f7d-20c3817a684e,c2,c3,915,?,p3,
1769749277.0653293,FORWARDED,5c0e1e0e-5065-47a2-b9e6-a8a5006ed665,79675892-5c5b-4ae0-8f7d-20c3817a684e,c2,c3,915,?,p3,
1769749277.0909698,SENT,2bf65828-3ff6-4701-a5e0-e75c78fdb908,ee0af7ca-f167-42cb-b358-8aa1300623cb,c1,c5,908,?,p2,
1769749277.0910113,FORWARDED,2bf65828-3ff6-4701-a5e0-e75c78fdb908,ee0af7ca-f167-42cb-b358-8aa1300623cb,c1,c5,908,?,p2,
1769749277.141423,SENT,d10e69be-1caa-49cc-bbc6-e85632b25d8e,babb4666-f42b-422c-b08a-221aa13af065,c2,c3,871,?,p3,
1769749277.141464,FORWARDED,d10e69be-1caa-49cc-bbc6-e85632b25d8e,babb4666-f42b-422c-b08a-221aa13af065,c2,c3,871,?,p3,
1769749277.1864548,RECEIVED,b717a8b4-356b-4cd9-9d87-36aa54be2fd5,dd3b192f-bbc5-40ca-814d-cacdf365b9ea,c3,c2,1259,i6,?,
1769749277.3613398,SENT,2fc7b2ed-1e3f-43a6-b9d1-e2560a830366,06355247-3f16-435c-b8a9-d1638b288fe9,c2,DROP,442,?,e4,
1769749277.3613844,FORWARDED,2fc7b2ed-1e3f-43a6-b9d1-e2560a830366,06355247-3f16-435c-b8a9-d1638b288fe9,c2,DROP,442,?,e4,
1769749277.5762537,SENT,c5dd5638-b9d3-4238-929e-3b0da7aa32ba,b0f8574e-abd0-4b3e-88c6-826262340cb6,c1,None,771,?,p1,
1769749277.5773127,FORWARDED,c5dd5638-b9d3-4238-929e-3b0da7aa32ba,b0f8574e-abd0-4b3e-88c6-826262340cb6,c1,None,771,?,p1,
1769749277.592655,RECEIVED,2bf848ab-cd8e-4af5-809d-975c729dc531,dcb35e23-8fca-4869-abc7-e562f99e059b,c3,DROP,687,i9,?,
1769749277.6639886,SENT,7471b376-9d9b-4233-a9dc-cfd2ed3108ba,a552ae02-10da-4b84-bdf7-30a99116d5ef,c4,DROP,441,?,i6,
1769749277.664022,FORWARDED,7471b376-9d9b-4233-a9dc-cfd2ed3108ba,a552ae02-10da-4b84-bdf7-30a99116d5ef,c4,DROP,441,?,i6,
1769749277.733818,SENT,b717a8b4-356b-4cd9-9d87-36aa54be2fd5,dd3b192f-bbc5-40ca-814d-cacdf365b9ea,c3,c2,871,?,p2,
1769749277.7338605,FORWARDED,b717a8b4-356b-4cd9-9d87-36aa54be2fd5,dd3b192f-bbc5-40ca-814d-cacdf365b9ea,c3,c2,871,?,p2,
1769749277.8719938,RECEIVED,385d4f0d-3717-4e4c-ac35-a720952a03cc,af0cb3c4-f85a-4729-ab91-10a29f1e0b7b,c1,c5,1312,i5,?,
1769749277.931647,SENT,910df4c4-076b-4626-82e0-667dace9dee4,637db412-eb2e-40e6-8244-973e531aa5bf,c1,DROP,442,?,e1,
1769749277.931679,FORWARDED,910df4c4-076b-4626-82e0-667dace9dee4,637db412-eb2e-40e6-8244-973e531aa5bf,c1,DROP,442,?,e1,
1769749277.9808474,RECEIVED,221a5afd-cd90-424d-82a7-ef6bcf62e17f,271e6095-00b7-4556-85f7-be362aa4a59f,c3,c2,1312,i8,?,
1769749277.9813006,SENT,385d4f0d-3717-4e4c-ac35-a720952a03cc,af0cb3c4-f85a-4729-ab91-10a29f1e0b7b,c1,c5,911,?,p2,
1769749277.9813356,FORWARDED,385d4f0d-3717-4e4c-ac35-a720952a03cc,af0cb3c4-f85a-4729-ab91-10a29f1e0b7b,c1,c5,911,?,p2,
1769749278.0571058,RECEIVED,94dd7add-3d6c-4213-8bab-4505ae448eb0,15f5ee86-0795-4c90-90d9-6ed48e49d4cb,c1,None,1128,i6,?,
1769749278.059842,SENT,221a5afd-cd90-424d-82a7-ef6bcf62e17f,271e6095-00b7-4556-85f7-be362aa4a59f,c3,c2,912,?,p2,
1769749278.0598862,FORWARDED,221a5afd-cd90-424d-82a7-ef6bcf62e17f,271e6095-00b7-4556-85f7-be362aa4a59f,c3,c2,912,?,p2,
1769749278.0791113,SENT,94dd7add-3d6c-4213-8bab-4505ae448eb0,15f5ee86-0795-4c90-90d9-6ed48e49d4cb,c1,None,772,?,p1,
1769749278.0791516,FORWARDED,94dd7add-3d6c-4213-8bab-4505ae448eb0,15f5ee86-0795-4c90-90d9-6ed48e49d4cb,c1,None,772,?,p1,
1769749278.175044,SENT,ba21ec1a-9938-4332-9563-3fb055cc6713,57e27c12-0eda-4cae-93af-2109bff404a0,c2,c3,916,?,p3,
1769749278.1750948,FORWARDED,ba21ec1a-9938-4332-9563-3fb055cc6713,57e27c12-0eda-4cae-93af-2109bff404a0,c2,c3,916,?,p3,
1769749278.185192,RECEIVED,6b69ade9-5a24-4517-ad1c-3360c53da211,f92a5a17-2548-4c44-adfb-44a8c9b394ad,c1,DROP,683,i7,?,
1769749278.2042928,RECEIVED,6a5a66da-fc66-4106-b95c-39445bb03b00,94bc4ef6-8bdd-4e11-92cd-8bfc24c84c86,c3,DROP,683,i8,?,
1769749278.2517993,SENT,2bf848ab-cd8e-4af5-809d-975c729dc531,dcb35e23-8fca-4869-abc7-e562f99e059b,c3,DROP,443,?,e7,
1769749278.25231,FORWARDED,2bf848ab-cd8e-4af5-809d-975c729dc531,dcb35e23-8fca-4869-abc7-e562f99e059b,c3,DROP,443,?,e7,
1769749278.289865,RECEIVED,21db5263-8c21-4e80-97bc-b937acd858ca,9793e7c0-beca-47ce-b756-e56e7708e7fd,c3,None,1128,i5,?,
1769749278.4376683,RECEIVED,7deedca1-abf1-477b-8a7b-dab7a0998591,036631eb-01aa-4d57-9df8-45d85e619f43,c1,c5,1312,i1,?,
1769749278.460222,SENT,6b69ade9-5a24-4517-ad1c-3360c53da211,f92a5a17-2548-4c44-adfb-44a8c9b394ad,c1,DROP,440,?,e2,
1769749278.4602616,FORWARDED,6b69ade9-5a24-4517-ad1c-3360c53da211,f92a5a17-2548-4c44-adfb-44a8c9b394ad,c1,DROP,440,?,e2,
1769749278.469409,SENT,21db5263-8c21-4e80-97bc-b937acd858ca,9793e7c0-beca-47ce-b756-e56e7708e7fd,c3,None,772,?,p2,
1769749278.4694502,FORWARDED,21db5263-8c21-4e80-97bc-b937acd858ca,9793e7c0-beca-47ce-b756-e56e7708e7fd,c3,None,772,?,p2,
1769749278.5552442,SENT,7deedca1-abf1-477b-8a7b-dab7a0998591,036631eb-01aa-4d57-9df8-45d85e619f43,c1,c5,910,?,p2,
1769749278.5552862,FORWARDED,7deedca1-abf1-477b-8a7b-dab7a0998591,036631eb-01aa-4d57-9df8-45d85e619f43,c1,c5,910,?,p2,
1769749278.7260094,RECEIVED,ef6845f0-8ac4-4e2a-9759-36f07ca0d273,6c5e1b68-e0b9-4c6c-91da-5cc0d3742925,c2,DROP,688,i4,?,
1769749278.7266693,RECEIVED,429ba61e-a87d-4e5d-b66a-a2296b706015,38028fe1-ceba-4c2e-a3b1-d8e1f5163ba4,c4,c1,1312,i2,?,
1769749278.8201308,SENT,6a5a66da-fc66-4106-b95c-39445bb03b00,94bc4ef6-8bdd-4e11-92cd-8bfc24c84c86,c3,DROP,441,?,i7,
1769749278.820173,FORWARDED,6a5a66da-fc66-4106-b95c-39445bb03b00,94bc4ef6-8bdd-4e11-92cd-8bfc24c84c86,c3,DROP,441,?,i7,
1769749278.872571,SENT,429ba61e-a87d-4e5d-b66a-a2296b706015,38028fe1-ceba-4c2e-a3b1-d8e1f5163ba4,c4,c1,911,?,p1,
1769749278.8726115,FORWARDED,429ba61e-a87d-4e5d-b66a-a2296b706015,38028fe1-ceba-4c2e-a3b1-d8e1f5163ba4,c4,c1,911,?,p1,
1769749278.918516,RECEIVED,d93ee6a0-874f-4277-96bd-85e4c5c6fffe,94fe6ec5-813a-4d7a-ad55-0e2749ed05f5,c5,c3,1311,i7,?,
1769749279.06564,FORWARDED,ef6845f0-8ac4-4e2a-9759-36f07ca0d273,6c5e1b68-e0b9-4c6c-91da-5cc0d3742925,c2,DROP,442,?,i12,
1769749279.4289513,RECEIVED,eb408ebf-4f89-477c-a07b-8e5f9f5c3856,7b57df94-d90d-4a4b-b94f-fc46400a0a68,c4,c1,1260,i1,?,
1769749279.5280602,SENT,d93ee6a0-874f-4277-96bd-85e4c5c6fffe,94fe6ec5-813a-4d7a-ad55-0e2749ed05f5,c5,c3,911,?,p3,
1769749279.5281043,FORWARDED,d93ee6a0-874f-4277-96bd-85e4c5c6fffe,94fe6ec5-813a-4d7a-ad55-0e2749ed05f5,c5,c3,911,?,p3,
1769749279.5641265,RECEIVED,8d081cb9-b7ce-4ea9-8222-83d634e4bfbe,48b18141-393a-4c8d-90c4-99a0f13af5b0,c1,None,1128,i6,?,
1769749279.623873,SENT,eb408ebf-4f89-477c-a07b-8e5f9f5c3856,7b57df94-d90d-4a4b-b94f-fc46400a0a68,c4,c1,872,?,p1,
1769749279.6239066,FORWARDED,eb408ebf-4f89-477c-a07b-8e5f9f5c3856,7b57df94-d90d-4a4b-b94f-fc46400a0a68,c4,c1,872,?,p1,
1769749279.7701428,RECEIVED,faf12398-a72b-456d-9d3c-5b20bca37a6e,f846ee33-41c9-4b90-b0b5-2b651a1ec70c,c4,DROP,687,i6,?,
1769749279.823711,SENT,8d081cb9-b7ce-4ea9-8222-83d634e4bfbe,48b18141-393a-4c8d-90c4-99a0f13af5b0,c1,None,774,?,p1,
1769749279.8237562,FORWARDED,8d081cb9-b7ce-4ea9-8222-83d634e4bfbe,48b18141-393a-4c8d-90c4-99a0f13af5b0,c1,None,774,?,p1,
1769749279.8574684,RECEIVED,829df3d4-2c71-4554-bc8d-88f592ededf0,2fc753b6-5ce1-4888-a14b-8acda8effee2,c3,DROP,682,i8,?,
1769749279.9871235,SENT,faf12398-a72b-456d-9d3c-5b20bca37a6e,f846ee33-41c9-4b90-b0b5-2b651a1ec70c,c4,DROP,443,?,e5,
1769749279.9871652,FORWARDED,faf12398-a72b-456d-9d3c-5b20bca37a6e,f846ee33-41c9-4b90-b0b5-2b651a1ec70c,c4,DROP,443,?,e5,
1769749280.0017998,RECEIVED,e211e2cf-e21a-4a1a-b068-42448619e1dd,cf7f40e4-2164-4bb7-b99b-4367c57ec8a1,c3,None,1123,i8,?,
1769749280.0627048,RECEIVED,ae1182a5-08a7-4d98-a19d-ec7c5913e726,12b13c73-7c5b-42ad-b228-80be5559640e,c2,c3,1316,i2,?,
1769749280.1146464,RECEIVED,035011e5-0b68-4c10-8ead-d7391c819e72,e26ba52d-98c7-45ac-bb81-ceeecb3d1b67,c2,c3,1259,i5,?,
1769749280.2288299,SENT,e211e2cf-e21a-4a1a-b068-42448619e1dd,cf7f40e4-2164-4bb7-b99b-4367c57ec8a1,c3,None,771,?,p2,
1769749280.2288735,FORWARDED,e211e2cf-e21a-4a1a-b068-42448619e1dd,cf7f40e4-2164-4bb7-b99b-4367c57ec8a1,c3,None,771,?,p2,
1769749280.2507339,SENT,ae1182a5-08a7-4d98-a19d-ec7c5913e726,12b13c73-7c5b-42ad-b228-80be5559640e,c2,c3,915,?,p3,
1769749280.2507718,FORWARDED,ae1182a5-08a7-4d98-a19d-ec7c5913e726,12b13c73-7c5b-42ad-b228-80be5559640e,c2,c3,915,?,p3,
1769749280.2975836,RECEIVED,4aba473e-fc3f-4d30-b0c3-12ffec657f26,42b178f8-7bee-4b09-9cd5-66b5c00afae1,c1,None,1125,i1,?,
1769749280.3086421,RECEIVED,e9365d2b-93bf-4c97-9eb0-2c8436897c7c,50024368-cdf8-40d2-b612-9556708241a1,c5,c3,1311,i3,?,
1769749280.3525689,SENT,4aba473e-fc3f-4d30-b0c3-12ffec657f26,42b178f8-7bee-4b09-9cd5-66b5c00afae1,c1,None,771,?,p1,
1769749280.3526096,FORWARDED,4aba473e-fc3f-4d30-b0c3-12ffec657f26,42b178f8-7bee-4b09-9cd5-66b5c00afae1,c1,None,771,?,p1,
1769749280.3709402,RECEIVED,b181a0a4-dd72-4e00-a88c-783797a80b28,b93c9089-782a-4710-912f-42c2631e7770,c5,DROP,687,i3,?,
1769749280.6306443,SENT,035011e5-0b68-4c10-8ead-d7391c819e72,e26ba52d-98c7-45ac-bb81-ceeecb3d1b67,c2,c3,872,?,p3,
1769749280.6306846,FORWARDED,035011e5-0b68-4c10-8ead-d7391c819e72,e26ba52d-98c7-45ac-bb81-ceeecb3d1b67,c2,c3,872,?,p3,
1769749280.6710312,RECEIVED,c9570f66-159f-44c3-8f51-a43f23a5ce44,c568001b-c555-470f-a710-b3de60b253cb,c5,DROP,683,i4,?,
1769749280.7006779,RECEIVED,a6311bcb-d048-4b08-b6ef-6f0b3d55567d,1d828666-1d41-4f35-a1a2-c9fd0501cfe0,c2,DROP,684,i9,?,
1769749280.747789,RECEIVED,dd318f6c-1ffb-45f4-85d7-4783fc681801,e2df19a9-97b8-4a3a-aafe-71ad9eb8eb30,c4,DROP,687,i5,?,
1769749281.012036,RECEIVED,d91f4829-8125-47d8-9e63-2d40f509e65b,91770dae-f982-453c-9364-61b411590f2a,c5,DROP,685,i6,?,
1769749281.1129346,SENT,e9365d2b-93bf-4c97-9eb0-2c8436897c7c,50024368-cdf8-40d2-b612-9556708241a1,c5,c3,910,?,p3,
1769749281.112971,FORWARDED,e9365d2b-93bf-4c97-9eb0-2c8436897c7c,50024368-cdf8-40d2-b612-9556708241a1,c5,c3,910,?,p3,
1769749281.1464527,SENT,829df3d4-2c71-4554-bc8d-88f592ededf0,2fc753b6-5ce1-4888-a14b-8acda8effee2,c3,DROP,441,?,i3,
1769749281.1464956,FORWARDED,829df3d4-2c71-4554-bc8d-88f592ededf0,2fc753b6-5ce1-4888-a14b-8acda8effee2,c3,DROP,441,?,i3,
1769749281.1931694,SENT,b181a0a4-dd72-4e00-a88c-783797a80b28,b93c9089-782a-4710-912f-42c2631e7770,c5,DROP,444,?,e8,
1769749281.1932116,FORWARDED,b181a0a4-dd72-4e00-a88c-783797a80b28,b93c9089-782a-4710-912f-42c2631e7770,c5,DROP,444,?,e8,
1769749281.1950028,RECEIVED,fa873af5-95af-42c4-8b83-71d5752d0b48,c56e4f44-7d7f-4780-a0d7-5e73e8e32edf,c2,None,1130,i5,?,
1769749281.3451834,SENT,d91f4829-8125-47d8-9e63-2d40f509e65b,91770dae-f982-453c-9364-61b411590f2a,c5,DROP,441,?,x12,
1769749281.3452318,FORWARDED,d91f4829-8125-47d8-9e63-2d40f509e65b,91770dae-f982-453c-9364-61b411590f2a,c5,DROP,441,?,x12,
1769749281.445565,SENT,a6311bcb-d048-4b08-b6ef-6f0b3d55567d,1d828666-1d41-4f35-a1a2-c9fd0501cfe0,c2,DROP,441,?,x10,
1769749281.4456072,FORWARDED,a6311bcb-d048-4b08-b6ef-6f0b3d55567d,1d828666-1d41-4f35-a1a2-c9fd0501cfe0,c2,DROP,441,?,x10,
1769749281.7117171,RECEIVED,0e2e043e-c3c0-4b4e-97ad-848ed162b898,a728f75d-55d9-4732-bcda-384f613844d5,c5,DROP,684,i1,?,
1769749281.7763338,RECEIVED,19f2df7f-e5af-4b4a-95f9-2a098a1b194c,6906c614-b67f-4889-980f-12aca21d8190,c1,None,1124,i2,?,
1769749281.791894,SENT,0e2e043e-c3c0-4b4e-97ad-848ed162b898,a728f75d-55d9-4732-bcda-384f613844d5,c5,DROP,441,?,x1,
1769749281.7919302,FORWARDED,0e2e043e-c3c0-4b4e-97ad-848ed162b898,a728f75d-55d9-4732-bcda-384f613844d5,c5,DROP,441,?,x1,
1769749281.7931707,RECEIVED,6b870e30-e08f-4e5e-8ae6-47cfbbc2bf70,f29e431f-0281-4e57-9a8c-1bf2cecb56d7,c3,DROP,687,i1,?,
1769749281.8040667,RECEIVED,21f27851-2850-4f30-b372-6b6e2c1a4b9e,e11e4c3e-f20b-4f5f-8a17-bd47ab4f8e48,c3,DROP,683,i7,?,
1769749281.9362695,SENT,19f2df7f-e5af-4b4a-95f9-2a098a1b194c,6906c614-b67f-4889-980f-12aca21d8190,c1,None,771,?,p1,
1769749281.9363127,FORWARDED,19f2df7f-e5af-4b4a-95f9-2a098a1b194c,6906c614-b67f-4889-980f-12aca21d8190,c1,None,771,?,p1,
1769749282.0553367,RECEIVED,ac612d8a-5d17-4c1f-ac92-a1ff07836fc5,5220786b-9b52-4973-8238-6b4ec80893eb,c5,None,1124,i9,?,
1769749282.158409,SENT,21f27851-2850-4f30-b372-6b6e2c1a4b9e,e11e4c3e-f20b-4f5f-8a17-bd47ab4f8e48,c3,DROP,441,?,e5,
1769749282.158452,FORWARDED,21f27851-2850-4f30-b372-6b6e2c1a4b9e,e11e4c3e-f20b-4f5f-8a17-bd47ab4f8e48,c3,DROP,441,?,e5,
1769749282.2343178,RECEIVED,9095d167-22af-4e35-8c0f-531e0b77ba1b,98ab3736-ae5c-4f4b-9037-5efbf794df0c,c3,DROP,442,x10,?,
1769749282.2387261,RECEIVED,4e95412a-506c-4cd6-b328-86c6a7300418,a73d3d1d-1085-4216-808e-81ca4782fed5,c1,DROP,688,i8,?,
1769749282.2391627,SENT,6b870e30-e08f-4e5e-8ae6-47cfbbc2bf70,f29e431f-0281-4e57-9a8c-1bf2cecb56d7,c3,DROP,442,?,i7,
1769749282.239206,FORWARDED,6b870e30-e08f-4e5e-8ae6-47cfbbc2bf70,f29e431f-0281-4e57-9a8c-1bf2cecb56d7,c3,DROP,442,?,i7,
1769749282.365474,SENT,4e95412a-506c-4cd6-b328-86c6a7300418,a73d3d1d-1085-4216-808e-81ca4782fed5,c1,DROP,442,?,e7,
1769749282.3655145,FORWARDED,4e95412a-506c-4cd6-b328-86c6a7300418,a73d3d1d-1085-4216-808e-81ca4782fed5,c1,DROP,442,?,e7,
1769749282.4055045,RECEIVED,dcbbd326-ac5b-4a1d-86db-bdf9c6e3a1a4,9e27d9b4-f0d4-44ee-81de-3f3218b62a96,c5,c3,1311,i9,?,
1769749282.4062934,RECEIVED,12412a19-ca5e-4422-9c3b-e7c219b16b31,b4bc35c3-fb23-4be7-8ceb-e1881d815f73,c4,DROP,684,i8,?,
1769749282.452564,SENT,dd318f6c-1ffb-45f4-85d7-4783fc681801,e2df19a9-97b8-4a3a-aafe-71ad9eb8eb30,c4,DROP,442,?,e6,
1769749282.4526143,FORWARDED,dd318f6c-1ffb-45f4-85d7-4783fc681801,e2df19a9-97b8-4a3a-aafe-71ad9eb8eb30,c4,DROP,442,?,e6,
1769749282.4770238,RECEIVED,b0e5b4a3-f6ff-4892-8b0a-eca93cfcd9ae,3839bfb1-45a4-4cc2-9c2e-90c77c630bab,c2,c3,1313,i5,?,
1769749282.550787,RECEIVED,f0f357a6-4186-4c2e-818e-bb7255f48bd1,e8abd700-3555-445e-921d-c398d3b4998f,c2,DROP,685,i5,?,
1769749282.563405,SENT,b0e5b4a3-f6ff-4892-8b0a-eca93cfcd9ae,3839bfb1-45a4-4cc2-9c2e-90c77c630bab,c2,c3,911,?,p3,
1769749282.5634484,FORWARDED,b0e5b4a3-f6ff-4892-8b0a-eca93cfcd9ae,3839bfb1-45a4-4cc2-9c2e-90c77c630bab,c2,c3,911,?,p3,
1769749282.577997,SENT,f0f357a6-4186-4c2e-818e-bb7255f48bd1,e8abd700-3555-445e-921d-c398d3b4998f,c2,DROP,441,?,e9,
1769749282.578039,FORWARDED,f0f357a6-4186-4c2e-818e-bb7255f48bd1,e8abd700-3555-445e-921d-c398d3b4998f,c2,DROP,441,?,e9,
1769749282.596408,SENT,12412a19-ca5e-4422-9c3b-e7c219b16b31,b4bc35c3-fb23-4be7-8ceb-e1881d815f73,c4,DROP,441,?,e6,
1769749282.5964482,FORWARDED,12412a19-ca5e-4422-9c3b-e7c219b16b31,b4bc35c3-fb23-4be7-8ceb-e1881d815f73,c4,DROP,441,?,e6,
1769749282.700399,RECEIVED,f6bb8ccf-0618-459e-9828-cadd89e89bbc,b58197cf-f62f-4829-86b6-67282c5011bd,c3,c2,1312,i6,?,
1769749282.7257063,RECEIVED,21a7a9c4-b23e-4045-88f3-639769218129,d1423744-c810-433f-b2b8-9a1a1ec8f1d7,c4,c1,1253,i4,?,
1769749282.8019428,SENT,21a7a9c4-b23e-4045-88f3-639769218129,d1423744-c810-433f-b2b8-9a1a1ec8f1d7,c4,c1,867,?,p1,
1769749282.8019793,FORWARDED,21a7a9c4-b23e-4045-88f3-639769218129,d1423744-c810-433f-b2b8-9a1a1ec8f1d7,c4,c1,867,?,p1,
1769749282.8729799,RECEIVED,14806d3a-c659-4a15-907f-181ba4cfc648,00de00f4-63d7-44de-a63d-8434521b22b0,c3,DROP,687,i2,?,
1769749282.8824365,SENT,dcbbd326-ac5b-4a1d-86db-bdf9c6e3a1a4,9e27d9b4-f0d4-44ee-81de-3f3218b62a96,c5,c3,910,?,p3,
1769749282.8825004,FORWARDED,dcbbd326-ac5b-4a1d-86db-bdf9c6e3a1a4,9e27d9b4-f0d4-44ee-81de-3f3218b62a96,c5,c3,910,?,p3,
1769749282.9045594,RECEIVED,ac641c42-fd88-4814-b165-fd17b8360206,93223c36-5b83-4269-ac21-af696701d1fc,c2,DROP,684,i9,?,
1769749282.9733677,RECEIVED,56a04869-0803-487c-ac80-33960abe10c8,804a3b81-5eb9-48dd-85f8-38a4a3533610,c3,None,1123,i9,?,
1769749283.1228387,RECEIVED,dcac679a-ec0c-470b-b8a9-d8a1f74b91d8,9674dd74-4504-43fc-a572-a802a04e764d,c1,c5,1311,i5,?,
1769749283.1745658,SENT,f6bb8ccf-0618-459e-9828-cadd89e89bbc,b58197cf-f62f-4829-86b6-67282c5011bd,c3,c2,911,?,p2,
1769749283.1746051,FORWARDED,f6bb8ccf-0618-459e-9828-cadd89e89bbc,b58197cf-f62f-4829-86b6-67282c5011bd,c3,c2,911,?,p2,
1769749283.2163029,SENT,c9570f66-159f-44c3-8f51-a43f23a5ce44,c568001b-c555-470f-a710-b3de60b253cb,c5,DROP,441,?,e10,
1769749283.2163458,FORWARDED,c9570f66-159f-44c3-8f51-a43f23a5ce44,c568001b-c555-470f-a710-b3de60b253cb,c5,DROP,441,?,e10,
1769749283.2318776,SENT,14806d3a-c659-4a15-907f-181ba4cfc648,00de00f4-63d7-44de-a63d-8434521b22b0,c3,DROP,443,?,e1,
1769749283.2319129,FORWARDED,14806d3a-c659-4a15-907f-181ba4cfc648,00de00f4-63d7-44de-a63d-8434521b22b0,c3,DROP,443,?,e1,
1769749283.2814395,SENT,fa873af5-95af-42c4-8b83-71d5752d0b48,c56e4f44-7d7f-4780-a0d7-5e73e8e32edf,c2,None,776,?,p3,
1769749283.2814834,FORWARDED,fa873af5-95af-42c4-8b83-71d5752d0b48,c56e4f44-7d7f-4780-a0d7-5e73e8e32edf,c2,None,776,?,p3,
1769749283.4113503,RECEIVED,491254c3-4843-467a-90e4-f6579780d223,c3672565-9a9d-49a8-a34e-614b72944e64,c1,c5,1252,i7,?,
1769749283.5129523,RECEIVED,4747edb2-dce5-4f1d-98cb-573ded7f98b5,980f4deb-b5a0-4143-9f32-975ec135c248,c5,c3,1255,i4,?,
1769749283.5597055,SENT,491254c3-4843-467a-90e4-f6579780d223,c3672565-9a9d-49a8-a34e-614b72944e64,c1,c5,867,?,p2,
1769749283.5597458,FORWARDED,491254c3-4843-467a-90e4-f6579780d223,c3672565-9a9d-49a8-a34e-614b72944e64,c1,c5,867,?,p2,
1769749283.6246026,RECEIVED,28238ba2-75ad-4eab-a620-0aea5f91db2b,5899e148-dd98-4e60-9685-ed9dffa00b50,c4,DROP,683,i3,?,
1769749283.759379,SENT,ac612d8a-5d17-4c1f-ac92-a1ff07836fc5,5220786b-9b52-4973-8238-6b4ec80893eb,c5,None,772,?,p1,
1769749283.7594216,FORWARDED,ac612d8a-5d17-4c1f-ac92-a1ff07836fc5,5220786b-9b52-4973-8238-6b4ec80893eb,c5,None,772,?,p1,
1769749283.8314571,RECEIVED,2d8b3474-46c0-451e-bd45-80e95757aae6,91a5823e-c289-4f09-af0c-466443818cd0,c2,DROP,689,i8,?,
1769749283.8628676,SENT,2d8b3474-46c0-451e-bd45-80e95757aae6,91a5823e-c289-4f09-af0c-466443818cd0,c2,DROP,442,?,e3,
1769749283.8629067,FORWARDED,2d8b3474-46c0-451e-bd45-80e95757aae6,91a5823e-c289-4f09-af0c-466443818cd0,c2,DROP,442,?,e3,
1769749283.873236,SENT,56a04869-0803-487c-ac80-33960abe10c8,804a3b81-5eb9-48dd-85f8-38a4a3533610,c3,None,771,?,p2,
1769749283.8732717,FORWARDED,56a04869-0803-487c-ac80-33960abe10c8,804a3b81-5eb9-48dd-85f8-38a4a3533610,c3,None,771,?,p2,
1769749283.8998444,RECEIVED,bc1709be-53ac-4714-9699-6f489d4d62a8,318ef135-6c25-4bb4-b1d5-5b1acfeebbba,c2,DROP,686,i2,?,
1769749283.9754398,SENT,bc1709be-53ac-4714-9699-6f489d4d62a8,318ef135-6c25-4bb4-b1d5-5b1acfeebbba,c2,DROP,441,?,x10,
1769749283.975481,FORWARDED,bc1709be-53ac-4714-9699-6f489d4d62a8,318ef135-6c25-4bb4-b1d5-5b1acfeebbba,c2,DROP,441,?,x10,
1769749284.1893,RECEIVED,734ab638-1d11-489b-8eae-b9974edee22d,cf749549-20ad-4947-945b-1cdaaa8bc447,c3,None,1124,i5,?,
1769749284.2248628,FORWARDED,ac641c42-fd88-4814-b165-fd17b8360206,93223c36-5b83-4269-ac21-af696701d1fc,c2,DROP,441,?,i11,
1769749284.2456923,SENT,734ab638-1d11-489b-8eae-b9974edee22d,cf749549-20ad-4947-945b-1cdaaa8bc447,c3,None,771,?,p2,
1769749284.2457306,FORWARDED,734ab638-1d11-489b-8eae-b9974edee22d,cf749549-20ad-4947-945b-1cdaaa8bc447,c3,None,771,?,p2,
1769749284.29329,SENT,28238ba2-75ad-4eab-a620-0aea5f91db2b,5899e148-dd98-4e60-9685-ed9dffa00b50,c4,DROP,440,?,x9,
1769749284.2933328,FORWARDED,28238ba2-75ad-4eab-a620-0aea5f91db2b,5899e148-dd98-4e60-9685-ed9dffa00b50,c4,DROP,440,?,x9,
1769749284.384663,RECEIVED,c794d544-1995-483b-8ac8-e9e046568048,889570c2-a6a3-477d-baf5-e33c82656ebc,c3,None,1128,i3,?,
1769749284.4909437,RECEIVED,b7427cae-4ac4-4d10-a996-b8bf539c7bdc,624608f2-5f1a-424b-837d-86d7db457780,c2,DROP,684,i3,?,
1769749284.5014908,SENT,c794d544-1995-483b-8ac8-e9e046568048,889570c2-a6a3-477d-baf5-e33c82656ebc,c3,None,772,?,p2,
1769749284.501529,FORWARDED,c794d544-1995-483b-8ac8-e9e046568048,889570c2-a6a3-477d-baf5-e33c82656ebc,c3,None,772,?,p2,
1769749284.5955725,SENT,dcac679a-ec0c-470b-b8a9-d8a1f74b91d8,9674dd74-4504-43fc-a572-a802a04e764d,c1,c5,912,?,p2,
1769749284.5956285,FORWARDED,dcac679a-ec0c-470b-b8a9-d8a1f74b91d8,9674dd74-4504-43fc-a572-a802a04e764d,c1,c5,912,?,p2,
1769749284.7324886,SENT,4747edb2-dce5-4f1d-98cb-573ded7f98b5,980f4deb-b5a0-4143-9f32-975ec135c248,c5,c3,868,?,p3,
1769749284.7325337,FORWARDED,4747edb2-dce5-4f1d-98cb-573ded7f98b5,980f4deb-b5a0-4143-9f32-975ec135c248,c5,c3,868,?,p3,
1769749284.7572641,RECEIVED,f1cd1b48-4e00-4a40-a5f5-bab105fbacc0,ff554b56-d6cb-401f-b37f-b8e3c55e1d3b,c5,c3,1312,i3,?,
1769749284.8042526,SENT,b7427cae-4ac4-4d10-a996-b8bf539c7bdc,624608f2-5f1a-424b-837d-86d7db457780,c2,DROP,441,?,i4,
1769749284.8042924,FORWARDED,b7427cae-4ac4-4d10-a996-b8bf539c7bdc,624608f2-5f1a-424b-837d-86d7db457780,c2,DROP,441,?,i4,
1769749284.8318257,SENT,f1cd1b48-4e00-4a40-a5f5-bab105fbacc0,ff554b56-d6cb-401f-b37f-b8e3c55e1d3b,c5,c3,911,?,p3,
1769749284.8318653,FORWARDED,f1cd1b48-4e00-4a40-a5f5-bab105fbacc0,ff554b56-d6cb-401f-b37f-b8e3c55e1d3b,c5,c3,911,?,p3,
1769749284.879124,RECEIVED,8299a44f-20e3-44e2-a541-5b6bf9717117,9c22fc06-bf69-4f20-94e1-d420a8cb233f,c4,DROP,687,i1,?,
1769749284.9450252,RECEIVED,eb41dc9d-7495-4de7-abef-d1b001f6cc0a,81a2729a-b034-4fa6-b6c0-a5f341cc7633,c1,DROP,442,x7,?,
1769749285.0092545,RECEIVED,e38c03a9-1792-4c3c-88bb-2793779bc251,65d5eda5-440a-474b-8851-af622a06d67f,c1,DROP,685,i1,?,
1769749285.0762012,RECEIVED,b272a9d8-f0e6-4fe1-96e8-31559d2d8389,9118976c-68b8-4640-87c1-52593f774d90,c5,c3,1312,i9,?,
1769749285.1129713,RECEIVED,f8e3a83b-22d7-43dd-9cce-d42697d17cda,d8e10a49-614c-4b9d-b7c8-5d35d9863399,c3,c2,1263,i8,?,
1769749285.1179585,RECEIVED,95d34a81-db20-4596-84de-37e07e4f6623,1ba5bea0-0f48-4ed4-a610-4d998894ee62,c5,c3,1312,i7,?,
1769749285.1312203,SENT,e38c03a9-1792-4c3c-88bb-2793779bc251,65d5eda5-440a-474b-8851-af622a06d67f,c1,DROP,441,?,x12,
1769749285.1312592,FORWARDED,e38c03a9-1792-4c3c-88bb-2793779bc251,65d5eda5-440a-474b-8851-af622a06d67f,c1,DROP,441,?,x12,
1769749285.2339644,SENT,b272a9d8-f0e6-4fe1-96e8-31559d2d8389,9118976c-68b8-4640-87c1-52593f774d90,c5,c3,912,?,p3,
1769749285.2340157,FORWARDED,b272a9d8-f0e6-4fe1-96e8-31559d2d8389,9118976c-68b8-4640-87c1-52593f774d90,c5,c3,912,?,p3,
1769749285.2472866,SENT,95d34a81-db20-4596-84de-37e07e4f6623,1ba5bea0-0f48-4ed4-a610-4d998894ee62,c5,c3,911,?,p3,
1769749285.2473216,FORWARDED,95d34a81-db20-4596-84de-37e07e4f6623,1ba5bea0-0f48-4ed4-a610-4d998894ee62,c5,c3,911,?,p3,
1769749285.3018398,RECEIVED,fd0f87db-624e-4c94-91fd-ab43d8f6dd71,6a64e494-1ad6-43c2-b92d-3c6c3bdaf073,c3,c2,1252,i7,?,
1769749285.3286097,RECEIVED,53efe209-141b-4136-b626-1017323190d8,4117378f-1921-4fe6-9244-29a942e92fb3,c1,None,1131,i2,?,
1769749285.3714373,RECEIVED,2bed0eae-f24b-44b7-9708-6bbbcd90f698,3ec1e2be-9a0c-4158-9607-6bd8b6fa836c,c3,DROP,688,i8,?,
1769749285.4012663,RECEIVED,47f92d72-2a9f-40f7-944e-bb303b455898,35ef7bc6-0efc-465d-8d07-cd9a73b6921d,c1,DROP,683,i2,?,
1769749285.4366627,SENT,fd0f87db-624e-4c94-91fd-ab43d8f6dd71,6a64e494-1ad6-43c2-b92d-3c6c3bdaf073,c3,c2,867,?,p2,
1769749285.4367008,FORWARDED,fd0f87db-624e-4c94-91fd-ab43d8f6dd71,6a64e494-1ad6-43c2-b92d-3c6c3bdaf073,c3,c2,867,?,p2,
1769749285.4657412,RECEIVED,6f73a1d1-8eff-4477-ac15-dc3c2fb0a06a,581693aa-8df9-419e-961a-d611cba5445b,c2,DROP,685,i5,?,
1769749285.4668345,SENT,8299a44f-20e3-44e2-a541-5b6bf9717117,9c22fc06-bf69-4f20-94e1-d420a8cb233f,c4,DROP,442,?,x3,
1769749285.466871,FORWARDED,8299a44f-20e3-44e2-a541-5b6bf9717117,9c22fc06-bf69-4f20-94e1-d420a8cb233f,c4,DROP,442,?,x3,
1769749285.511681,SENT,6f73a1d1-8eff-4477-ac15-dc3c2fb0a06a,581693aa-8df9-419e-961a-d611cba5445b,c2,DROP,441,?,e12,
1769749285.5117211,FORWARDED,6f73a1d1-8eff-4477-ac15-dc3c2fb0a06a,581693aa-8df9-419e-961a-d611cba5445b,c2,DROP,441,?,e12,
1769749285.5305088,RECEIVED,ce360fe4-071b-49cb-b7a1-aa1c9334cdc1,e356faae-e390-4cae-8bd7-4bd148a2c8aa,c4,DROP,440,x12,?,
1769749285.658698,RECEIVED,129e33a4-dc4d-47a7-8532-8c8c20810863,e2db3a52-9aaf-4f6f-904c-ddc8d4bd76b5,c5,DROP,692,i9,?,
1769749285.6987119,FORWARDED,2bed0eae-f24b-44b7-9708-6bbbcd90f698,3ec1e2be-9a0c-4158-9607-6bd8b6fa836c,c3,DROP,442,?,i10,
1769749285.786454,RECEIVED,92fca028-596b-4d43-9752-231a7a5db487,11741429-f067-4845-be15-c06d6fc32e6f,c2,DROP,441,x10,?,
1769749285.8453891,RECEIVED,b1870541-b0b5-4d76-82ca-16d8b7488f49,06ae998b-fbc1-46ea-b557-382cced22cc0,c5,None,1128,i3,?,
1769749285.916373,SENT,47f92d72-2a9f-40f7-944e-bb303b455898,35ef7bc6-0efc-465d-8d07-cd9a73b6921d,c1,DROP,441,?,i9,
1769749285.9164183,FORWARDED,47f92d72-2a9f-40f7-944e-bb303b455898,35ef7bc6-0efc-465d-8d07-cd9a73b6921d,c1,DROP,441,?,i9,
1769749286.05915,SENT,f8e3a83b-22d7-43dd-9cce-d42697d17cda,d8e10a49-614c-4b9d-b7c8-5d35d9863399,c3,c2,875,?,p2,
1769749286.0591943,FORWARDED,f8e3a83b-22d7-43dd-9cce-d42697d17cda,d8e10a49-614c-4b9d-b7c8-5d35d9863399,c3,c2,875,?,p2,
1769749286.1354759,RECEIVED,cf486188-929d-40cb-a84d-2ececfd22b14,b390a71d-35ae-49aa-b175-c43932c1c876,c3,DROP,688,i3,?,
1769749286.1484141,SENT,b1870541-b0b5-4d76-82ca-16d8b7488f49,06ae998b-fbc1-46ea-b557-382cced22cc0,c5,None,772,?,p1,
1769749286.1484582,FORWARDED,b1870541-b0b5-4d76-82ca-16d8b7488f49,06ae998b-fbc1-46ea-b557-382cced22cc0,c5,None,772,?,p1,
1769749286.2751796,RECEIVED,bef422f4-a604-4812-9e5c-ee270d1ea4c3,d114aea6-6da3-4760-a6b6-a3e9da3fa1c5,c5,DROP,441,x3,?,
1769749286.300218,SENT,cf486188-929d-40cb-a84d-2ececfd22b14,b390a71d-35ae-49aa-b175-c43932c1c876,c3,DROP,443,?,e4,
1769749286.3002574,FORWARDED,cf486188-929d-40cb-a84d-2ececfd22b14,b390a71d-35ae-49aa-b175-c43932c1c876,c3,DROP,443,?,e4,
1769749286.5201154,FORWARDED,129e33a4-dc4d-47a7-8532-8c8c20810863,e2db3a52-9aaf-4f6f-904c-ddc8d4bd76b5,c5,DROP,446,?,i11,
1769749286.5679307,RECEIVED,96f9599b-be85-4299-be3d-ff91a6ba2f0d,d8f1a656-2c21-46aa-8aa7-a4bb7d34fdb6,c1,c5,1312,i1,?,
1769749286.786199,RECEIVED,87c4389e-9360-42c8-b129-cca3f93b3510,f36406b3-5382-449a-a459-388e95f1e802,c4,DROP,442,x3,?,
1769749286.7871392,SENT,96f9599b-be85-4299-be3d-ff91a6ba2f0d,d8f1a656-2c21-46aa-8aa7-a4bb7d34fdb6,c1,c5,911,?,p2,
1769749286.7871714,FORWARDED,96f9599b-be85-4299-be3d-ff91a6ba2f0d,d8f1a656-2c21-46aa-8aa7-a4bb7d34fdb6,c1,c5,911,?,p2,
1769749286.858343,RECEIVED,75253d36-5a1c-4793-8c72-fabf6bb5b554,bf23f6da-8bbe-419d-ba4d-34a874cb8997,c2,None,1124,i5,?,
1769749286.8788958,RECEIVED,d8513d7a-6199-4118-8adc-e98662101b6a,2a80d7a5-b516-4cf4-82df-88911f3e3757,c3,DROP,683,i8,?,
1769749286.9559207,SENT,53efe209-141b-4136-b626-1017323190d8,4117378f-1921-4fe6-9244-29a942e92fb3,c1,None,775,?,p1,
1769749286.9559624,FORWARDED,53efe209-141b-4136-b626-1017323190d8,4117378f-1921-4fe6-9244-29a942e92fb3,c1,None,775,?,p1,
1769749286.9656057,SENT,75253d36-5a1c-4793-8c72-fabf6bb5b554,bf23f6da-8bbe-419d-ba4d-34a874cb8997,c2,None,770,?,p3,
1769749286.9656494,FORWARDED,75253d36-5a1c-4793-8c72-fabf6bb5b554,bf23f6da-8bbe-419d-ba4d-34a874cb8997,c2,None,770,?,p3,
1769749287.2719355,SENT,d8513d7a-6199-4118-8adc-e98662101b6a,2a80d7a5-b516-4cf4-82df-88911f3e3757,c3,DROP,441,?,x2,
1769749287.2720265,FORWARDED,d8513d7a-6199-4118-8adc-e98662101b6a,2a80d7a5-b516-4cf4-82df-88911f3e3757,c3,DROP,441,?,x2,
1769749287.3933122,RECEIVED,32902f72-8d72-47e4-acdd-301991f0a41d,14750cd6-67f5-47dd-ad32-ceb58aca51fc,c5,DROP,437,x4,?,
1769749287.4644656,RECEIVED,051c683f-84b9-491d-87a9-a6c359c35d35,2e4f3ea1-db09-465a-9a59-df1a00503679,c3,None,1132,i5,?,
1769749287.669376,SENT,051c683f-84b9-491d-87a9-a6c359c35d35,2e4f3ea1-db09-465a-9a59-df1a00503679,c3,None,776,?,p2,
1769749287.669419,FORWARDED,051c683f-84b9-491d-87a9-a6c359c35d35,2e4f3ea1-db09-465a-9a59-df1a00503679,c3,None,776,?,p2,
1769749287.6986194,RECEIVED,68954fc7-cb9b-4811-acdf-9732a4440c0d,aec4f86c-57e1-4cc7-81f5-ddc2ec1caaac,c1,c5,1260,i6,?,
1769749287.8600447,RECEIVED,753c6586-72b9-44c6-a4a7-4768bbfcbbfd,37e8bbdf-df2d-4605-96f7-008f8bb84a77,c5,c3,1252,i1,?,
1769749287.8679771,SENT,68954fc7-cb9b-4811-acdf-9732a4440c0d,aec4f86c-57e1-4cc7-81f5-ddc2ec1caaac,c1,c5,872,?,p2,
1769749287.868063,FORWARDED,68954fc7-cb9b-4811-acdf-9732a4440c0d,aec4f86c-57e1-4cc7-81f5-ddc2ec1caaac,c1,c5,872,?,p2,
1769749287.9845583,RECEIVED,7e302c12-d894-447e-8ab1-302a071bc8f5,bf871d24-9254-4c8b-8336-8a2e20919ae4,c3,None,1123,i9,?,
1769749288.0920289,SENT,753c6586-72b9-44c6-a4a7-4768bbfcbbfd,37e8bbdf-df2d-4605-96f7-008f8bb84a77,c5,c3,867,?,p3,
1769749288.0921469,FORWARDED,753c6586-72b9-44c6-a4a7-4768bbfcbbfd,37e8bbdf-df2d-4605-96f7-008f8bb84a77,c5,c3,867,?,p3,
1769749288.1650112,RECEIVED,ed8e3d49-639e-4530-b6a3-7156c278988a,6ff1db56-b9af-436c-b7ad-aef692084ac6,c5,DROP,679,i2,?,
1769749288.232075,RECEIVED,36d9790c-f2bd-4d60-bcfe-ebc7ea2be52c,f78832d9-21b3-48a5-baf1-2a7d8252de1c,c1,c5,1312,i7,?,
1769749288.382032,SENT,7e302c12-d894-447e-8ab1-302a071bc8f5,bf871d24-9254-4c8b-8336-8a2e20919ae4,c3,None,771,?,p2,
1769749288.3820856,FORWARDED,7e302c12-d894-447e-8ab1-302a071bc8f5,bf871d24-9254-4c8b-8336-8a2e20919ae4,c3,None,771,?,p2,
1769749288.3824565,RECEIVED,e1113004-64aa-4c79-af4c-492947f86c1b,f30abc14-276d-41b2-b8c7-c6031c914963,c4,c1,1311,i4,?,
1769749288.4236414,RECEIVED,49890d54-a856-4f24-874f-be1926674fda,c262083d-0800-4e72-9850-23c04e0b9a43,c5,DROP,683,i4,?,
1769749288.5267081,SENT,36d9790c-f2bd-4d60-bcfe-ebc7ea2be52c,f78832d9-21b3-48a5-baf1-2a7d8252de1c,c1,c5,910,?,p2,
1769749288.5267522,FORWARDED,36d9790c-f2bd-4d60-bcfe-ebc7ea2be52c,f78832d9-21b3-48a5-baf1-2a7d8252de1c,c1,c5,910,?,p2,
1769749288.686801,SENT,49890d54-a856-4f24-874f-be1926674fda,c262083d-0800-4e72-9850-23c04e0b9a43,c5,DROP,441,?,x4,
1769749288.6868422,FORWARDED,49890d54-a856-4f24-874f-be1926674fda,c262083d-0800-4e72-9850-23c04e0b9a43,c5,DROP,441,?,x4,
1769749288.6900294,RECEIVED,04f17464-7e75-4aaf-844e-49ffd04e7ca5,328b2148-9f58-4f1c-b549-0f57c25ad82a,c5,DROP,684,i7,?,
1769749288.7107515,RECEIVED,07fe1994-9b8d-4a6f-9f81-f68fe28cd9c9,c4eb1380-cb33-448a-a38a-576e30c3aa89,c1,None,1132,i9,?,
1769749288.7904263,SENT,04f17464-7e75-4aaf-844e-49ffd04e7ca5,328b2148-9f58-4f1c-b549-0f57c25ad82a,c5,DROP,441,?,x10,
1769749288.7904668,FORWARDED,04f17464-7e75-4aaf-844e-49ffd04e7ca5,328b2148-9f58-4f1c-b549-0f57c25ad82a,c5,DROP,441,?,x10,
1769749288.9687417,SENT,07fe1994-9b8d-4a6f-9f81-f68fe28cd9c9,c4eb1380-cb33-448a-a38a-576e30c3aa89,c1,None,776,?,p1,
1769749288.9687808,FORWARDED,07fe1994-9b8d-4a6f-9f81-f68fe28cd9c9,c4eb1380-cb33-448a-a38a-576e30c3aa89,c1,None,776,?,p1,
1769749289.0071073,RECEIVED,dd1836ae-5e90-4cad-b8b4-aaf3cfdf23a1,bca8dc76-94fd-4c99-88fc-925c06a3482f,c1,c5,1312,i5,?,
1769749289.0467134,SENT,e1113004-64aa-4c79-af4c-492947f86c1b,f30abc14-276d-41b2-b8c7-c6031c914963,c4,c1,911,?,p1,
1769749289.046755,FORWARDED,e1113004-64aa-4c79-af4c-492947f86c1b,f30abc14-276d-41b2-b8c7-c6031c914963,c4,c1,911,?,p1,
1769749289.0870674,SENT,ed8e3d49-639e-4530-b6a3-7156c278988a,6ff1db56-b9af-436c-b7ad-aef692084ac6,c5,DROP,437,?,x5,
1769749289.0871081,FORWARDED,ed8e3d49-639e-4530-b6a3-7156c278988a,6ff1db56-b9af-436c-b7ad-aef692084ac6,c5,DROP,437,?,x5,
1769749289.179092,RECEIVED,1b45c9bb-e0d7-46fd-b0d4-8d3558edd713,7aa92cce-e74c-4e1e-83e2-8401dd13b16c,c1,None,1124,i2,?,
1769749289.201342,RECEIVED,414a8ac8-5b14-46ff-8599-81def82cc622,6c22e91f-f0b6-4331-ba26-0bce59e8f86c,c2,c3,1255,i4,?,
1769749289.2019107,SENT,dd1836ae-5e90-4cad-b8b4-aaf3cfdf23a1,bca8dc76-94fd-4c99-88fc-925c06a3482f,c1,c5,911,?,p2,
1769749289.2019417,FORWARDED,dd1836ae-5e90-4cad-b8b4-aaf3cfdf23a1,bca8dc76-94fd-4c99-88fc-925c06a3482f,c1,c5,911,?,p2,
1769749289.252785,SENT,1b45c9bb-e0d7-46fd-b0d4-8d3558edd713,7aa92cce-e74c-4e1e-83e2-8401dd13b16c,c1,None,771,?,p1,
1769749289.252828,FORWARDED,1b45c9bb-e0d7-46fd-b0d4-8d3558edd713,7aa92cce-e74c-4e1e-83e2-8401dd13b16c,c1,None,771,?,p1,
1769749289.2735765,RECEIVED,3cb22654-ed94-4353-8fb5-509a0fa48558,3366d068-7823-4259-b63c-cc17ae3dd0b8,c5,c3,1311,i4,?,
1769749289.4017048,SENT,3cb22654-ed94-4353-8fb5-509a0fa48558,3366d068-7823-4259-b63c-cc17ae3dd0b8,c5,c3,911,?,p3,
1769749289.4017432,FORWARDED,3cb22654-ed94-4353-8fb5-509a0fa48558,3366d068-7823-4259-b63c-cc17ae3dd0b8,c5,c3,911,?,p3,
1769749289.5420117,RECEIVED,7aaa82fd-234d-4dcf-bd49-cf8c24a3ca82,7ee5832b-b180-4a0b-88e6-f8b38fbd41cc,c5,DROP,687,i8,?,
1769749289.7399945,RECEIVED,2309cd5f-1928-415b-a67c-d51e76c3fe68,207c68cd-8fc5-489c-ad62-db8e7e775fc6,c4,DROP,689,i2,?,
1769749289.7454414,RECEIVED,2bc1f315-dbb0-4122-a38e-f90f4ef73435,d8b9d54e-2e6f-4901-b565-bda821b76d40,c5,DROP,682,i4,?,
1769749289.8339171,SENT,7aaa82fd-234d-4dcf-bd49-cf8c24a3ca82,7ee5832b-b180-4a0b-88e6-f8b38fbd41cc,c5,DROP,442,?,i3,
1769749289.8339596,FORWARDED,7aaa82fd-234d-4dcf-bd49-cf8c24a3ca82,7ee5832b-b180-4a0b-88e6-f8b38fbd41cc,c5,DROP,442,?,i3,
1769749289.840702,RECEIVED,d5998190-5980-4476-b834-2fb3a155756a,80eea65e-e39e-4f53-bd1c-67d63cc44c6a,c3,c2,1310,i7,?,
1769749289.8434474,SENT,414a8ac8-5b14-46ff-8599-81def82cc622,6c22e91f-f0b6-4331-ba26-0bce59e8f86c,c2,c3,868,?,p3,
1769749289.8434832,FORWARDED,414a8ac8-5b14-46ff-8599-81def82cc622,6c22e91f-f0b6-4331-ba26-0bce59e8f86c,c2,c3,868,?,p3,
1769749289.9658637,SENT,2309cd5f-1928-415b-a67c-d51e76c3fe68,207c68cd-8fc5-489c-ad62-db8e7e775fc6,c4,DROP,444,?,e10,
1769749289.9659033,FORWARDED,2309cd5f-1928-415b-a67c-d51e76c3fe68,207c68cd-8fc5-489c-ad62-db8e7e775fc6,c4,DROP,444,?,e10,
1769749289.9991739,RECEIVED,86ebf9f3-06ed-419d-8010-2a425f910687,1b2c6e84-d348-4e6c-92a9-471ad1ce1cb0,c1,DROP,437,x9,?,
1769749290.0596838,RECEIVED,bc61c047-c024-4fe6-bda2-aa13b47373d3,73ce682d-6ab0-43b8-9dc0-3821d972ff43,c4,DROP,442,x4,?,
1769749290.144615,SENT,d5998190-5980-4476-b834-2fb3a155756a,80eea65e-e39e-4f53-bd1c-67d63cc44c6a,c3,c2,911,?,p2,
1769749290.1446536,FORWARDED,d5998190-5980-4476-b834-2fb3a155756a,80eea65e-e39e-4f53-bd1c-67d63cc44c6a,c3,c2,911,?,p2,
1769749290.3931513,RECEIVED,afd9d68f-148f-4378-800b-22a7261a6536,0eecb9f7-dd1e-4fbb-8054-5d9359483d46,c1,DROP,446,x10,?,
1769749290.5050836,SENT,2bc1f315-dbb0-4122-a38e-f90f4ef73435,d8b9d54e-2e6f-4901-b565-bda821b76d40,c5,DROP,441,?,e5,
1769749290.5051248,FORWARDED,2bc1f315-dbb0-4122-a38e-f90f4ef73435,d8b9d54e-2e6f-4901-b565-bda821b76d40,c5,DROP,441,?,e5,
1769749290.5924816,RECEIVED,e1e5bca4-4712-44bf-b786-cc2be3c3fad5,21df5949-bc45-471c-8225-a5bcdd866e20,c4,DROP,683,i9,?,
1769749290.8637273,RECEIVED,1eb6d293-b8ca-46c6-bb4b-c4b6c8ab2790,f3928179-e3f7-43e5-8723-b57d12845dbc,c4,DROP,688,i2,?,
1769749290.9153595,RECEIVED,719ae221-844c-47cf-8ddc-5a8ea20cced7,2f6b8368-0ab2-40f1-8dce-c9d62a786503,c5,c3,1265,i3,?,
1769749290.9382644,SENT,1eb6d293-b8ca-46c6-bb4b-c4b6c8ab2790,f3928179-e3f7-43e5-8723-b57d12845dbc,c4,DROP,442,?,i4,
1769749290.938307,FORWARDED,1eb6d293-b8ca-46c6-bb4b-c4b6c8ab2790,f3928179-e3f7-43e5-8723-b57d12845dbc,c4,DROP,442,?,i4,
1769749290.9518077,SENT,719ae221-844c-47cf-8ddc-5a8ea20cced7,2f6b8368-0ab2-40f1-8dce-c9d62a786503,c5,c3,875,?,p3,
1769749290.951849,FORWARDED,719ae221-844c-47cf-8ddc-5a8ea20cced7,2f6b8368-0ab2-40f1-8dce-c9d62a786503,c5,c3,875,?,p3,
1769749291.0196986,RECEIVED,48c68603-598e-425f-8b84-1d060dd242fc,d23010cd-9290-43f9-a2c2-54732e14329a,c5,DROP,684,i9,?,
1769749291.0687113,RECEIVED,1ae932ee-d964-4fc4-9334-9f8281120451,581715ab-f433-431d-b1f9-52e6b09edade,c4,DROP,687,i6,?,
1769749291.0977986,SENT,48c68603-598e-425f-8b84-1d060dd242fc,d23010cd-9290-43f9-a2c2-54732e14329a,c5,DROP,441,?,e7,
1769749291.0978384,FORWARDED,48c68603-598e-425f-8b84-1d060dd242fc,d23010cd-9290-43f9-a2c2-54732e14329a,c5,DROP,441,?,e7,
1769749291.2087402,RECEIVED,249efef7-a5f2-4771-8e78-e99c85915a41,1ddf3afa-72ff-415f-a032-47f912cb6a2f,c2,DROP,689,i5,?,
1769749291.2311718,RECEIVED,2ef4d6c8-7570-4328-a3af-20a703bd6512,8087ed84-1411-4209-9af9-059de5f5e9f5,c4,DROP,441,x12,?,
1769749291.301872,SENT,249efef7-a5f2-4771-8e78-e99c85915a41,1ddf3afa-72ff-415f-a032-47f912cb6a2f,c2,DROP,442,?,x3,
1769749291.3019116,FORWARDED,249efef7-a5f2-4771-8e78-e99c85915a41,1ddf3afa-72ff-415f-a032-47f912cb6a2f,c2,DROP,442,?,x3,
1769749291.65829,RECEIVED,6ccb8fe5-57d2-423a-9417-2cc46c636d1b,9133a758-75dc-4dd2-850a-eb2a65f864ec,c1,DROP,443,x6,?,
1769749291.8831303,RECEIVED,6db3a6fb-6544-40c2-9c7f-2a5827dd17bf,59790c75-8ffd-4421-9a24-c9289a641bd7,c5,c3,1312,i7,?,
1769749292.0675397,SENT,6db3a6fb-6544-40c2-9c7f-2a5827dd17bf,59790c75-8ffd-4421-9a24-c9289a641bd7,c5,c3,912,?,p3,
1769749292.0675812,FORWARDED,6db3a6fb-6544-40c2-9c7f-2a5827dd17bf,59790c75-8ffd-4421-9a24-c9289a641bd7,c5,c3,912,?,p3,
1769749292.0849266,RECEIVED,b4ffc0ae-3b40-4367-8be5-b74f1f3b8893,fe7c4ae7-5717-4b8d-a502-1178f4a92b06,c1,DROP,688,i5,?,
1769749292.203817,RECEIVED,3c25d19e-e934-4d80-8888-e48882637bdf,11d92e8f-49b9-4da0-9420-25e238ae6773,c3,None,1124,i4,?,
1769749292.2156236,SENT,b4ffc0ae-3b40-4367-8be5-b74f1f3b8893,fe7c4ae7-5717-4b8d-a502-1178f4a92b06,c1,DROP,442,?,i6,
1769749292.215657,FORWARDED,b4ffc0ae-3b40-4367-8be5-b74f1f3b8893,fe7c4ae7-5717-4b8d-a502-1178f4a92b06,c1,DROP,442,?,i6,
1769749292.526667,SENT,1ae932ee-d964-4fc4-9334-9f8281120451,581715ab-f433-431d-b1f9-52e6b09edade,c4,DROP,442,?,x1,
1769749292.5267088,FORWARDED,1ae932ee-d964-4fc4-9334-9f8281120451,581715ab-f433-431d-b1f9-52e6b09edade,c4,DROP,442,?,x1,
1769749292.6167085,RECEIVED,715711f8-809e-490f-b297-b44c488431c2,d62353ee-7f56-4551-aab8-24af2bd2508b,c3,None,1128,i7,?,
1769749292.6989355,SENT,3c25d19e-e934-4d80-8888-e48882637bdf,11d92e8f-49b9-4da0-9420-25e238ae6773,c3,None,771,?,p2,
1769749292.6989782,FORWARDED,3c25d19e-e934-4d80-8888-e48882637bdf,11d92e8f-49b9-4da0-9420-25e238ae6773,c3,None,771,?,p2,
1769749292.7254362,RECEIVED,c3c8c34f-a8cf-440b-b423-70a7a8095f4d,b677b245-2906-4907-8782-9637274481f7,c3,c2,1315,i8,?,
1769749292.748801,SENT,715711f8-809e-490f-b297-b44c488431c2,d62353ee-7f56-4551-aab8-24af2bd2508b,c3,None,772,?,p2,
1769749292.7488437,FORWARDED,715711f8-809e-490f-b297-b44c488431c2,d62353ee-7f56-4551-aab8-24af2bd2508b,c3,None,772,?,p2,
1769749292.7510116,RECEIVED,57fc5ddb-10d9-4888-9575-641ff77cb872,7fee2d84-3dad-4f9f-8597-40e7d74fc125,c5,DROP,684,i8,?,
1769749292.8414562,RECEIVED,551ee487-8ebd-467b-be7f-369b9017c1a2,501ab3a4-c23c-4eb8-a721-d825bec58008,c4,DROP,688,i4,?,
1769749292.8599503,SENT,57fc5ddb-10d9-4888-9575-641ff77cb872,7fee2d84-3dad-4f9f-8597-40e7d74fc125,c5,DROP,441,?,e1,
1769749292.8599927,FORWARDED,57fc5ddb-10d9-4888-9575-641ff77cb872,7fee2d84-3dad-4f9f-8597-40e7d74fc125,c5,DROP,441,?,e1,
1769749292.8627675,RECEIVED,0f6ddd5a-c537-4862-a79f-689a937a6acb,f4a6cdb6-ea4c-42fb-9f8b-c8730b79ecf0,c1,DROP,685,i8,?,
1769749293.0282736,RECEIVED,dc2f67f2-7bb7-4598-897b-a4555c0594c4,d3ea25f5-add6-493d-aca8-3b8a9a60ec5d,c5,DROP,441,x4,?,
1769749293.0773566,SENT,551ee487-8ebd-467b-be7f-369b9017c1a2,501ab3a4-c23c-4eb8-a721-d825bec58008,c4,DROP,442,?,e1,
1769749293.0774167,FORWARDED,551ee487-8ebd-467b-be7f-369b9017c1a2,501ab3a4-c23c-4eb8-a721-d825bec58008,c4,DROP,442,?,e1,
1769749293.1620724,RECEIVED,4ac10c5e-0fd6-49a8-b088-f11e5b252795,f1ba00c6-798c-473b-a6e3-ab1b63ebe3d4,c2,c3,1311,i4,?,
1769749293.1760757,SENT,0f6ddd5a-c537-4862-a79f-689a937a6acb,f4a6cdb6-ea4c-42fb-9f8b-c8730b79ecf0,c1,DROP,441,?,e10,
1769749293.1761177,FORWARDED,0f6ddd5a-c537-4862-a79f-689a937a6acb,f4a6cdb6-ea4c-42fb-9f8b-c8730b79ecf0,c1,DROP,441,?,e10,
1769749293.1903875,RECEIVED,29a8ef96-2f96-451e-8572-80017631adab,eba7b6d1-a481-45f0-af49-ba5828ed2898,c4,DROP,441,x10,?,
1769749293.252168,RECEIVED,ed3e8521-9e3c-4250-9715-91c83a5e4d0b,e4a3ec3d-9d29-4623-8053-e352f6340a20,c2,None,1131,i3,?,
1769749293.3918748,SENT,c3c8c34f-a8cf-440b-b423-70a7a8095f4d,b677b245-2906-4907-8782-9637274481f7,c3,c2,915,?,p2,
1769749293.3919168,FORWARDED,c3c8c34f-a8cf-440b-b423-70a7a8095f4d,b677b245-2906-4907-8782-9637274481f7,c3,c2,915,?,p2,
1769749293.7577283,SENT,4ac10c5e-0fd6-49a8-b088-f11e5b252795,f1ba00c6-798c-473b-a6e3-ab1b63ebe3d4,c2,c3,912,?,p3,
1769749293.75777,FORWARDED,4ac10c5e-0fd6-49a8-b088-f11e5b252795,f1ba00c6-798c-473b-a6e3-ab1b63ebe3d4,c2,c3,912,?,p3,
1769749293.8770046,RECEIVED,716ede57-26fd-4f51-b809-46c8273a0b6c,183ce463-bd39-4034-b8df-ccf711006e61,c5,DROP,440,x1,?,
1769749293.9116375,SENT,ed3e8521-9e3c-4250-9715-91c83a5e4d0b,e4a3ec3d-9d29-4623-8053-e352f6340a20,c2,None,776,?,p3,
1769749293.9116805,FORWARDED,ed3e8521-9e3c-4250-9715-91c83a5e4d0b,e4a3ec3d-9d29-4623-8053-e352f6340a20,c2,None,776,?,p3,
1769749293.979939,RECEIVED,d443a8a6-4307-46be-8876-9fee0bc809a1,eeefb319-1031-4308-b6cb-f51af92f7f25,c5,c3,1315,i3,?,
1769749294.050205,SENT,e1e5bca4-4712-44bf-b786-cc2be3c3fad5,21df5949-bc45-471c-8225-a5bcdd866e20,c4,DROP,441,?,e5,
1769749294.050246,FORWARDED,e1e5bca4-4712-44bf-b786-cc2be3c3fad5,21df5949-bc45-471c-8225-a5bcdd866e20,c4,DROP,441,?,e5,
1769749294.2702708,RECEIVED,aa0c94f4-46af-477a-8f64-030ffc2dbd99,81dc037a-b727-4fed-99b7-fe12646afe18,c3,DROP,441,x3,?,
1769749294.3401675,RECEIVED,6dc04e16-4f3e-4df3-bd82-c80ce368535c,2307bff4-9e2d-4a88-a13b-2ec00432fe87,c5,DROP,689,i8,?,
1769749294.459114,RECEIVED,308e214b-00b1-4d29-9650-13694dd6c6b4,b68c9f3e-0349-4175-b235-4002699bebd0,c3,c2,1255,i4,?,
1769749294.5273354,FORWARDED,6dc04e16-4f3e-4df3-bd82-c80ce368535c,2307bff4-9e2d-4a88-a13b-2ec00432fe87,c5,DROP,444,?,i10,
1769749294.5932755,RECEIVED,31bb8ebf-278c-4e35-b28d-5cad4cea1c00,3dbec521-db2d-4baa-a2ca-5498e3deac11,c3,DROP,688,i6,?,
1769749294.6026692,RECEIVED,924e6111-94d7-4df8-9ecf-194f64a464f6,1d07ff85-9678-454b-bea4-b78352b891d9,c4,DROP,688,i3,?,
1769749294.6050007,SENT,308e214b-00b1-4d29-9650-13694dd6c6b4,b68c9f3e-0349-4175-b235-4002699bebd0,c3,c2,868,?,p2,
1769749294.6050427,FORWARDED,308e214b-00b1-4d29-9650-13694dd6c6b4,b68c9f3e-0349-4175-b235-4002699bebd0,c3,c2,868,?,p2,
1769749294.6143744,RECEIVED,e48e6329-ff04-4b48-b069-f21921f3fdb0,7440a524-d2fe-42c5-ba3e-ffeccb4249a4,c2,DROP,688,i5,?,
1769749294.7144866,RECEIVED,cefa2005-cd98-4daa-895d-2ae22b1e8037,7b545ca1-64b3-4a9c-b761-4d6444ef9cee,c2,DROP,441,x4,?,
1769749294.752671,SENT,e48e6329-ff04-4b48-b069-f21921f3fdb0,7440a524-d2fe-42c5-ba3e-ffeccb4249a4,c2,DROP,442,?,e6,
1769749294.7527127,FORWARDED,e48e6329-ff04-4b48-b069-f21921f3fdb0,7440a524-d2fe-42c5-ba3e-ffeccb4249a4,c2,DROP,442,?,e6,
1769749294.8952541,SENT,924e6111-94d7-4df8-9ecf-194f64a464f6,1d07ff85-9678-454b-bea4-b78352b891d9,c4,DROP,443,?,e4,
1769749294.8953516,FORWARDED,924e6111-94d7-4df8-9ecf-194f64a464f6,1d07ff85-9678-454b-bea4-b78352b891d9,c4,DROP,443,?,e4,
1769749295.009853,RECEIVED,c45f59d6-d2dc-478b-86cd-7f01c0cb95bd,553b8b3e-b93e-4572-904a-08a840ae8f1b,c3,c2,1259,i7,?,
1769749295.0483396,SENT,31bb8ebf-278c-4e35-b28d-5cad4cea1c00,3dbec521-db2d-4baa-a2ca-5498e3deac11,c3,DROP,442,?,e2,
1769749295.048383,FORWARDED,31bb8ebf-278c-4e35-b28d-5cad4cea1c00,3dbec521-db2d-4baa-a2ca-5498e3deac11,c3,DROP,442,?,e2,
1769749295.101822,RECEIVED,b6f27078-5db8-4c38-96d1-632fed8ac9f0,d9cbc68d-7cda-4613-a739-65a03dddff98,c2,None,1131,i5,?,
1769749295.1088712,RECEIVED,92a0b27d-b082-47af-a57d-7d78be3aa60c,065a6855-a11d-4b5a-9314-1ed632f473da,c2,None,1122,i6,?,
1769749295.2975287,RECEIVED,c2cdd211-f18e-439f-bee7-e02163ba61d0,fde6852a-dd47-4fb7-812c-0725c70e9a61,c5,DROP,441,x7,?,
1769749295.4153948,SENT,d443a8a6-4307-46be-8876-9fee0bc809a1,eeefb319-1031-4308-b6cb-f51af92f7f25,c5,c3,913,?,p3,
1769749295.4154465,FORWARDED,d443a8a6-4307-46be-8876-9fee0bc809a1,eeefb319-1031-4308-b6cb-f51af92f7f25,c5,c3,913,?,p3,
1769749295.503939,RECEIVED,c2b18072-7d18-485d-8518-5ab5bc4d78c9,f93cc799-2893-494d-a654-5523fec57eef,c5,DROP,441,x7,?,
1769749295.6559606,SENT,92a0b27d-b082-47af-a57d-7d78be3aa60c,065a6855-a11d-4b5a-9314-1ed632f473da,c2,None,771,?,p3,
1769749295.6561337,FORWARDED,92a0b27d-b082-47af-a57d-7d78be3aa60c,065a6855-a11d-4b5a-9314-1ed632f473da,c2,None,771,?,p3,
1769749295.6840236,RECEIVED,a8f61ee5-4509-4015-8a3e-3f725721006c,4739ed8e-5cc2-42b1-a3a8-23f5b7d86a5d,c3,None,1127,i4,?,
1769749295.7723844,RECEIVED,e17452b0-c38e-48a2-a1a1-78c0523cee7e,1f222d17-8a2b-4153-b4c0-1b4dc161a5eb,c5,DROP,687,i3,?,
1769749296.0569267,RECEIVED,861b4634-78ad-4201-a1e7-0f998f827f5f,834776fc-9b1d-44f2-ab67-98c693d39b51,c1,DROP,683,i1,?,
1769749296.0767176,SENT,b6f27078-5db8-4c38-96d1-632fed8ac9f0,d9cbc68d-7cda-4613-a739-65a03dddff98,c2,None,775,?,p3,
1769749296.0767536,FORWARDED,b6f27078-5db8-4c38-96d1-632fed8ac9f0,d9cbc68d-7cda-4613-a739-65a03dddff98,c2,None,775,?,p3,
1769749296.2774014,RECEIVED,a29a1184-d462-4b9f-b7e4-177d514690f4,fcf6967e-2cc0-40ed-ac45-64f85fc91aef,c3,None,1123,i6,?,
1769749296.3071306,RECEIVED,16df1449-feb9-4f76-8e91-b9a77893dd58,3bd2f5ca-223f-49ba-8fac-67ba8ba188e4,c1,DROP,441,x5,?,
1769749296.3940258,SENT,c45f59d6-d2dc-478b-86cd-7f01c0cb95bd,553b8b3e-b93e-4572-904a-08a840ae8f1b,c3,c2,872,?,p2,
1769749296.3940756,FORWARDED,c45f59d6-d2dc-478b-86cd-7f01c0cb95bd,553b8b3e-b93e-4572-904a-08a840ae8f1b,c3,c2,872,?,p2,
1769749296.5847435,RECEIVED,2ed6dc39-e1f8-483e-82eb-86f0ae58b8ba,c96c2184-fd6c-4d19-a55a-f546b0a29c5f,c3,c2,1319,i8,?,
1769749296.590527,SENT,861b4634-78ad-4201-a1e7-0f998f827f5f,834776fc-9b1d-44f2-ab67-98c693d39b51,c1,DROP,441,?,i6,
1769749296.5905635,FORWARDED,861b4634-78ad-4201-a1e7-0f998f827f5f,834776fc-9b1d-44f2-ab67-98c693d39b51,c1,DROP,441,?,i6,
1769749296.6303623,RECEIVED,ba641ed4-893e-4709-a01e-72c370c49d6c,cf665183-2da3-4d5f-a5f1-a347ede09670,c3,c2,1251,i6,?,
1769749296.7225027,RECEIVED,d1df4810-8821-40f9-bbda-db40ee6051bc,f3125c1b-9f69-479b-a767-7db1a922925f,c2,c3,1252,i3,?,
1769749296.762278,RECEIVED,e9bef344-98c6-428f-9ce4-78fbe73a69cd,2225213a-5b50-4efc-a75d-d026293095a3,c4,DROP,682,i7,?,
1769749296.804308,SENT,d1df4810-8821-40f9-bbda-db40ee6051bc,f3125c1b-9f69-479b-a767-7db1a922925f,c2,c3,867,?,p3,
1769749296.8043506,FORWARDED,d1df4810-8821-40f9-bbda-db40ee6051bc,f3125c1b-9f69-479b-a767-7db1a922925f,c2,c3,867,?,p3,
1769749296.8277464,RECEIVED,a200b4be-ca6c-4361-bac5-7651a2daf7a1,5f837c98-3708-4639-ac31-2a4448efb15f,c2,DROP,688,i8,?,
1769749296.9657216,SENT,a29a1184-d462-4b9f-b7e4-177d514690f4,fcf6967e-2cc0-40ed-ac45-64f85fc91aef,c3,None,771,?,p2,
1769749296.9657636,FORWARDED,a29a1184-d462-4b9f-b7e4-177d514690f4,fcf6967e-2cc0-40ed-ac45-64f85fc91aef,c3,None,771,?,p2,
1769749297.1270175,RECEIVED,69faaa6b-4e5f-4550-a5b0-67b87f888b71,a0411062-e18b-4626-899b-38dae86af8c3,c2,DROP,685,i8,?,
1769749297.3198266,SENT,69faaa6b-4e5f-4550-a5b0-67b87f888b71,a0411062-e18b-4626-899b-38dae86af8c3,c2,DROP,441,?,e11,
1769749297.3198626,FORWARDED,69faaa6b-4e5f-4550-a5b0-67b87f888b71,a0411062-e18b-4626-899b-38dae86af8c3,c2,DROP,441,?,e11,
1769749297.3215184,RECEIVED,91f08478-05a5-40a7-aacd-160f0e0fbeb7,7d7189eb-1367-4898-b799-4cd3779bbee5,c3,DROP,683,i1,?,
1769749297.4078555,RECEIVED,3ccb6d8d-e137-4c9a-b52c-16d3fa95325d,d3edb39a-86e6-4c36-9c8b-2b9cf6aac54c,c4,DROP,684,i8,?,
1769749297.4568088,SENT,e17452b0-c38e-48a2-a1a1-78c0523cee7e,1f222d17-8a2b-4153-b4c0-1b4dc161a5eb,c5,DROP,444,?,e5,
1769749297.4568489,FORWARDED,e17452b0-c38e-48a2-a1a1-78c0523cee7e,1f222d17-8a2b-4153-b4c0-1b4dc161a5eb,c5,DROP,444,?,e5,
1769749297.47985,RECEIVED,75b8c8af-4bda-4d49-bf14-c2ec1fbe69db,a54f6f92-7f22-423f-a41b-c59d1dd46a60,c5,c3,1259,i7,?,
1769749297.5729065,SENT,3ccb6d8d-e137-4c9a-b52c-16d3fa95325d,d3edb39a-86e6-4c36-9c8b-2b9cf6aac54c,c4,DROP,441,?,i7,
1769749297.5729496,FORWARDED,3ccb6d8d-e137-4c9a-b52c-16d3fa95325d,d3edb39a-86e6-4c36-9c8b-2b9cf6aac54c,c4,DROP,441,?,i7,
1769749297.7062128,SENT,a8f61ee5-4509-4015-8a3e-3f725721006c,4739ed8e-5cc2-42b1-a3a8-23f5b7d86a5d,c3,None,772,?,p2,
1769749297.706256,FORWARDED,a8f61ee5-4509-4015-8a3e-3f725721006c,4739ed8e-5cc2-42b1-a3a8-23f5b7d86a5d,c3,None,772,?,p2,
1769749297.8145404,FORWARDED,a200b4be-ca6c-4361-bac5-7651a2daf7a1,5f837c98-3708-4639-ac31-2a4448efb15f,c2,DROP,443,?,i11,
1769749297.9618123,RECEIVED,5a7094de-b445-4e29-b1d9-8f93a1719919,9db97070-4ff4-4226-a667-b0fdb810d543,c3,DROP,684,i9,?,
1769749298.0356138,RECEIVED,a67d0233-f577-4262-b472-b7c00dac16af,1bcdb0dd-ff51-488a-b7b7-191f4dc957be,c2,DROP,683,i7,?,
1769749298.1876278,RECEIVED,c74f4095-70eb-4971-bc41-80a12c941cc9,1776d1c3-d805-4fa0-824e-5dd324a70360,c1,c5,1252,i2,?,
1769749298.1978788,SENT,e9bef344-98c6-428f-9ce4-78fbe73a69cd,2225213a-5b50-4efc-a75d-d026293095a3,c4,DROP,441,?,x4,
1769749298.1979141,FORWARDED,e9bef344-98c6-428f-9ce4-78fbe73a69cd,2225213a-5b50-4efc-a75d-d026293095a3,c4,DROP,441,?,x4,
1769749298.20898,SENT,a67d0233-f577-4262-b472-b7c00dac16af,1bcdb0dd-ff51-488a-b7b7-191f4dc957be,c2,DROP,441,?,e2,
1769749298.2090206,FORWARDED,a67d0233-f577-4262-b472-b7c00dac16af,1bcdb0dd-ff51-488a-b7b7-191f4dc957be,c2,DROP,441,?,e2,
1769749298.2331846,RECEIVED,37837e15-0cb2-4363-afa7-a8b4eee348a9,44b58737-491a-4c10-8d57-47fa6155dc46,c4,DROP,442,x3,?,
1769749298.2506495,SENT,75b8c8af-4bda-4d49-bf14-c2ec1fbe69db,a54f6f92-7f22-423f-a41b-c59d1dd46a60,c5,c3,871,?,p3,
1769749298.2506895,FORWARDED,75b8c8af-4bda-4d49-bf14-c2ec1fbe69db,a54f6f92-7f22-423f-a41b-c59d1dd46a60,c5,c3,871,?,p3,
1769749298.2757385,SENT,c74f4095-70eb-4971-bc41-80a12c941cc9,1776d1c3-d805-4fa0-824e-5dd324a70360,c1,c5,866,?,p2,
1769749298.2757797,FORWARDED,c74f4095-70eb-4971-bc41-80a12c941cc9,1776d1c3-d805-4fa0-824e-5dd324a70360,c1,c5,866,?,p2,
1769749298.297566,SENT,91f08478-05a5-40a7-aacd-160f0e0fbeb7,7d7189eb-1367-4898-b799-4cd3779bbee5,c3,DROP,441,?,e2,
1769749298.2976086,FORWARDED,91f08478-05a5-40a7-aacd-160f0e0fbeb7,7d7189eb-1367-4898-b799-4cd3779bbee5,c3,DROP,441,?,e2,
1769749298.353869,SENT,2ed6dc39-e1f8-483e-82eb-86f0ae58b8ba,c96c2184-fd6c-4d19-a55a-f546b0a29c5f,c3,c2,916,?,p2,
1769749298.353907,FORWARDED,2ed6dc39-e1f8-483e-82eb-86f0ae58b8ba,c96c2184-fd6c-4d19-a55a-f546b0a29c5f,c3,c2,916,?,p2,
1769749298.520607,SENT,ba641ed4-893e-4709-a01e-72c370c49d6c,cf665183-2da3-4d5f-a5f1-a347ede09670,c3,c2,867,?,p2,
1769749298.5206556,FORWARDED,ba641ed4-893e-4709-a01e-72c370c49d6c,cf665183-2da3-4d5f-a5f1-a347ede09670,c3,c2,867,?,p2,
1769749298.522661,RECEIVED,c93ebfa1-31a6-4d65-9d9d-3ecbbbec2183,13a5bad2-f86d-40d3-b809-e50e9734d89e,c4,DROP,688,i8,?,
1769749298.564819,RECEIVED,5a143a4e-080b-480d-bdd0-87ab4189f762,16046295-bd7d-4676-840d-2bdd3218d717,c3,DROP,685,i4,?,
1769749298.6563895,SENT,5a143a4e-080b-480d-bdd0-87ab4189f762,16046295-bd7d-4676-840d-2bdd3218d717,c3,DROP,441,?,x12,
1769749298.6564302,FORWARDED,5a143a4e-080b-480d-bdd0-87ab4189f762,16046295-bd7d-4676-840d-2bdd3218d717,c3,DROP,441,?,x12,
1769749298.8056731,RECEIVED,10a2cb04-d618-402b-b4c4-e4693a5ad60c,579b2f99-d1f0-4b46-8d7c-c6003be86c12,c4,c1,1251,i9,?,
1769749298.8937867,SENT,5a7094de-b445-4e29-b1d9-8f93a1719919,9db97070-4ff4-4226-a667-b0fdb810d543,c3,DROP,441,?,e10,
1769749298.893835,FORWARDED,5a7094de-b445-4e29-b1d9-8f93a1719919,9db97070-4ff4-4226-a667-b0fdb810d543,c3,DROP,441,?,e10,
1769749299.023894,RECEIVED,7bcd3ea7-0c19-4025-b124-d95cb7f57d09,8895b415-78b0-46eb-aaf9-9893e883602b,c5,DROP,688,i9,?,
1769749299.0280418,RECEIVED,e8af73e0-2edf-4a50-a1ee-07cacbee4aa3,ca6dd3be-7823-4c9e-8171-71d183908fd6,c5,DROP,441,x12,?,
1769749299.0477307,RECEIVED,eb63b840-e0b0-4cd0-a151-8350bfb4e916,097334dc-d522-486f-b429-1d5713a62755,c4,c1,1254,i5,?,
1769749299.0953953,RECEIVED,9f93f25b-768f-4681-bd8c-bf26eabd3ca5,f4dd9c16-702e-4374-a459-e5aa44e954d8,c3,DROP,688,i3,?,
1769749299.1369197,RECEIVED,1bc2bc96-8606-4d35-9c3d-ce541bd742e6,672e8d43-2ca5-4ff1-ad69-baf4c4ef60af,c1,DROP,683,i7,?,
1769749299.2362962,RECEIVED,c896b28a-937e-435c-8d41-340abb6e3750,83df70b4-1efe-425f-b0c9-134553c4af98,c2,None,1123,i5,?,
1769749299.2905586,SENT,eb63b840-e0b0-4cd0-a151-8350bfb4e916,097334dc-d522-486f-b429-1d5713a62755,c4,c1,868,?,p1,
1769749299.290602,FORWARDED,eb63b840-e0b0-4cd0-a151-8350bfb4e916,097334dc-d522-486f-b429-1d5713a62755,c4,c1,868,?,p1,
1769749299.3211234,SENT,10a2cb04-d618-402b-b4c4-e4693a5ad60c,579b2f99-d1f0-4b46-8d7c-c6003be86c12,c4,c1,867,?,p1,
1769749299.3211575,FORWARDED,10a2cb04-d618-402b-b4c4-e4693a5ad60c,579b2f99-d1f0-4b46-8d7c-c6003be86c12,c4,c1,867,?,p1,
1769749299.325863,SENT,9f93f25b-768f-4681-bd8c-bf26eabd3ca5,f4dd9c16-702e-4374-a459-e5aa44e954d8,c3,DROP,442,?,e6,
1769749299.325906,FORWARDED,9f93f25b-768f-4681-bd8c-bf26eabd3ca5,f4dd9c16-702e-4374-a459-e5aa44e954d8,c3,DROP,442,?,e6,
1769749299.3859518,FORWARDED,c93ebfa1-31a6-4d65-9d9d-3ecbbbec2183,13a5bad2-f86d-40d3-b809-e50e9734d89e,c4,DROP,442,?,i12,
1769749299.4139254,SENT,c896b28a-937e-435c-8d41-340abb6e3750,83df70b4-1efe-425f-b0c9-134553c4af98,c2,None,771,?,p3,
1769749299.4139645,FORWARDED,c896b28a-937e-435c-8d41-340abb6e3750,83df70b4-1efe-425f-b0c9-134553c4af98,c2,None,771,?,p3,
1769749299.7314816,RECEIVED,ca0e8d90-f12e-4310-94be-4c0d8e5cb809,11c00d1d-0989-4064-bbeb-4032e78106ea,c2,c3,1259,i4,?,
1769749299.772587,SENT,1bc2bc96-8606-4d35-9c3d-ce541bd742e6,672e8d43-2ca5-4ff1-ad69-baf4c4ef60af,c1,DROP,441,?,e6,
1769749299.7726283,FORWARDED,1bc2bc96-8606-4d35-9c3d-ce541bd742e6,672e8d43-2ca5-4ff1-ad69-baf4c4ef60af,c1,DROP,441,?,e6,
1769749300.017094,RECEIVED,55ed4bd5-30c2-43bc-8d02-3bc634cdb7fd,42fa1fe0-4b2d-42ee-881f-d0ecb5466d66,c5,DROP,682,i9,?,
1769749300.0248542,RECEIVED,148a140d-de3b-4749-a357-34008613cd0b,e6e8608b-a351-4c1d-9130-8d41d1425289,c5,DROP,684,i6,?,
1769749300.0267456,RECEIVED,1fc82918-8692-4bda-9ebd-5cbfff300159,e0d9ce64-38c4-49e8-a6b4-f8446aad0144,c2,c3,1259,i6,?,
1769749300.154947,RECEIVED,05a45f42-cfbf-463b-8fef-1924aaa91db6,e5ec13cb-0bbf-497a-a82e-5eedddcb2c86,c3,c2,1311,i7,?,
1769749300.1756983,RECEIVED,b5403020-906c-4ad4-959d-94ae942bb4ff,b5970b5e-8c33-4211-8eef-046266804353,c5,DROP,688,i9,?,
1769749300.1795185,SENT,7bcd3ea7-0c19-4025-b124-d95cb7f57d09,8895b415-78b0-46eb-aaf9-9893e883602b,c5,DROP,443,?,x10,
1769749300.179579,FORWARDED,7bcd3ea7-0c19-4025-b124-d95cb7f57d09,8895b415-78b0-46eb-aaf9-9893e883602b,c5,DROP,443,?,x10,
1769749300.2003784,RECEIVED,b9c31f84-4a7a-44d3-9299-03e1f731839e,24211ad8-4b68-41d2-af07-1581aa8600af,c3,DROP,684,i6,?,
1769749300.2575982,SENT,b5403020-906c-4ad4-959d-94ae942bb4ff,b5970b5e-8c33-4211-8eef-046266804353,c5,DROP,442,?,e6,
1769749300.2576401,FORWARDED,b5403020-906c-4ad4-959d-94ae942bb4ff,b5970b5e-8c33-4211-8eef-046266804353,c5,DROP,442,?,e6,
1769749300.3107533,SENT,1fc82918-8692-4bda-9ebd-5cbfff300159,e0d9ce64-38c4-49e8-a6b4-f8446aad0144,c2,c3,873,?,p3,
1769749300.3107917,FORWARDED,1fc82918-8692-4bda-9ebd-5cbfff300159,e0d9ce64-38c4-49e8-a6b4-f8446aad0144,c2,c3,873,?,p3,
1769749300.3869178,SENT,55ed4bd5-30c2-43bc-8d02-3bc634cdb7fd,42fa1fe0-4b2d-42ee-881f-d0ecb5466d66,c5,DROP,441,?,e4,
1769749300.3869498,FORWARDED,55ed4bd5-30c2-43bc-8d02-3bc634cdb7fd,42fa1fe0-4b2d-42ee-881f-d0ecb5466d66,c5,DROP,441,?,e4,
1769749300.4116707,RECEIVED,e4de26a2-96cb-4da8-bc3d-041e5c33538b,fec33a20-c4fd-45bc-bb55-a67a7d08fd8d,c3,c2,1320,i8,?,
1769749300.705721,SENT,05a45f42-cfbf-463b-8fef-1924aaa91db6,e5ec13cb-0bbf-497a-a82e-5eedddcb2c86,c3,c2,911,?,p2,
1769749300.7057545,FORWARDED,05a45f42-cfbf-463b-8fef-1924aaa91db6,e5ec13cb-0bbf-497a-a82e-5eedddcb2c86,c3,c2,911,?,p2,
1769749300.7751198,RECEIVED,ab6cf395-a9f4-4d0f-8453-915a24957bd3,9fc60cb1-2daf-4612-848f-a2d57203f25b,c3,c2,1260,i5,?,
1769749300.8141716,SENT,ab6cf395-a9f4-4d0f-8453-915a24957bd3,9fc60cb1-2daf-4612-848f-a2d57203f25b,c3,c2,872,?,p2,
1769749300.8142152,FORWARDED,ab6cf395-a9f4-4d0f-8453-915a24957bd3,9fc60cb1-2daf-4612-848f-a2d57203f25b,c3,c2,872,?,p2,
1769749300.9077375,SENT,e4de26a2-96cb-4da8-bc3d-041e5c33538b,fec33a20-c4fd-45bc-bb55-a67a7d08fd8d,c3,c2,918,?,p2,
1769749300.9077823,FORWARDED,e4de26a2-96cb-4da8-bc3d-041e5c33538b,fec33a20-c4fd-45bc-bb55-a67a7d08fd8d,c3,c2,918,?,p2,
1769749300.9450178,SENT,b9c31f84-4a7a-44d3-9299-03e1f731839e,24211ad8-4b68-41d2-af07-1581aa8600af,c3,DROP,441,?,e11,
1769749300.94512,FORWARDED,b9c31f84-4a7a-44d3-9299-03e1f731839e,24211ad8-4b68-41d2-af07-1581aa8600af,c3,DROP,441,?,e11,
1769749301.0138514,SENT,ca0e8d90-f12e-4310-94be-4c0d8e5cb809,11c00d1d-0989-4064-bbeb-4032e78106ea,c2,c3,871,?,p3,
1769749301.0138974,FORWARDED,ca0e8d90-f12e-4310-94be-4c0d8e5cb809,11c00d1d-0989-4064-bbeb-4032e78106ea,c2,c3,871,?,p3,
1769749301.1509793,SENT,148a140d-de3b-4749-a357-34008613cd0b,e6e8608b-a351-4c1d-9130-8d41d1425289,c5,DROP,440,?,e11,
1769749301.1510227,FORWARDED,148a140d-de3b-4749-a357-34008613cd0b,e6e8608b-a351-4c1d-9130-8d41d1425289,c5,DROP,440,?,e11,
1769749301.1755095,RECEIVED,574fc842-54ee-4131-a9f2-b1572f927f74,3da3e81b-9795-4441-b710-c7d4de9e6206,c3,c2,1251,i8,?,
1769749301.3874066,RECEIVED,221de0ba-e691-4ee9-93de-9464c649cb76,59f16926-9059-4af5-9d87-46541a2af1ec,c2,None,1132,i6,?,
1769749301.5483196,RECEIVED,a89d202c-538a-4bd3-8c97-ab337182889e,467ce3e3-0886-412c-90e0-111a435d76cc,c5,DROP,443,x5,?,
1769749301.606165,SENT,221de0ba-e691-4ee9-93de-9464c649cb76,59f16926-9059-4af5-9d87-46541a2af1ec,c2,None,775,?,p3,
1769749301.6062121,FORWARDED,221de0ba-e691-4ee9-93de-9464c649cb76,59f16926-9059-4af5-9d87-46541a2af1ec,c2,None,775,?,p3,
1769749301.6636887,RECEIVED,22a9414c-f4c5-4ad3-b510-2c3b592c7f67,cc4945f3-2024-446c-81d0-8bd053c7c3b6,c4,DROP,689,i7,?,
1769749301.7357054,SENT,22a9414c-f4c5-4ad3-b510-2c3b592c7f67,cc4945f3-2024-446c-81d0-8bd053c7c3b6,c4,DROP,442,?,e12,
1769749301.7357483,FORWARDED,22a9414c-f4c5-4ad3-b510-2c3b592c7f67,cc4945f3-2024-446c-81d0-8bd053c7c3b6,c4,DROP,442,?,e12,
1769749301.795631,RECEIVED,18805675-c1d0-450c-b4da-4ebd7c18dc61,df69b1e9-9042-4055-919b-617d903005eb,c3,None,1123,i6,?,
1769749301.9276092,SENT,574fc842-54ee-4131-a9f2-b1572f927f74,3da3e81b-9795-4441-b710-c7d4de9e6206,c3,c2,867,?,p2,
1769749301.9276521,FORWARDED,574fc842-54ee-4131-a9f2-b1572f927f74,3da3e81b-9795-4441-b710-c7d4de9e6206,c3,c2,867,?,p2,
1769749302.1333516,RECEIVED,18aa2a8f-3c45-4bde-bb5b-90b1b6dc1bf2,bf477c2b-f4a4-4db7-84c0-6b2da1010624,c1,DROP,683,i8,?,
1769749302.1595087,RECEIVED,78edafd7-6527-40a3-9ec1-51469100372b,b7415b16-c235-41bb-bcc3-03aec1393e35,c2,c3,1319,i3,?,
1769749302.2350087,RECEIVED,ef9246f6-7a1a-4c93-b7f1-77f481a4089d,dfd13051-5058-4e40-9fb6-a0d204221fe9,c3,None,1127,i5,?,
1769749302.349661,RECEIVED,023554ee-7ad5-4e84-9ca8-1ce4b4f9fb0c,d026aa8d-4104-4593-af7d-3f397e590a0d,c3,DROP,442,x3,?,
1769749302.3714173,RECEIVED,759a62c5-bc5c-41d1-8bf1-492cc38b8e97,35f59742-a22f-4c6a-bcf9-c96d0bc04119,c1,c5,1311,i2,?,
1769749302.3880918,RECEIVED,c118ef0a-75d4-4ea5-add3-b21816b5b2e7,9ca6ea5e-865c-4c9d-ba18-c8f0e01e5f7c,c4,c1,1316,i9,?,
1769749302.411502,SENT,78edafd7-6527-40a3-9ec1-51469100372b,b7415b16-c235-41bb-bcc3-03aec1393e35,c2,c3,916,?,p3,
1769749302.4115422,FORWARDED,78edafd7-6527-40a3-9ec1-51469100372b,b7415b16-c235-41bb-bcc3-03aec1393e35,c2,c3,916,?,p3,
1769749302.4797125,RECEIVED,b3a8b6c8-3864-4e43-814f-64f29cc5c527,e4e160dd-5f65-4c30-a9bb-d7ae86c9b02e,c4,DROP,447,x12,?,
1769749302.5019104,SENT,c118ef0a-75d4-4ea5-add3-b21816b5b2e7,9ca6ea5e-865c-4c9d-ba18-c8f0e01e5f7c,c4,c1,915,?,p1,
1769749302.5019507,FORWARDED,c118ef0a-75d4-4ea5-add3-b21816b5b2e7,9ca6ea5e-865c-4c9d-ba18-c8f0e01e5f7c,c4,c1,915,?,p1,
1769749302.6663132,RECEIVED,ed7a8196-4cbe-4dd1-86e5-c22f3559f448,5998fb41-bd6e-4345-a684-f80e9d411b21,c4,c1,1255,i3,?,
1769749302.7125306,SENT,759a62c5-bc5c-41d1-8bf1-492cc38b8e97,35f59742-a22f-4c6a-bcf9-c96d0bc04119,c1,c5,911,?,p2,
1769749302.7125735,FORWARDED,759a62c5-bc5c-41d1-8bf1-492cc38b8e97,35f59742-a22f-4c6a-bcf9-c96d0bc04119,c1,c5,911,?,p2,
1769749302.7995327,SENT,ef9246f6-7a1a-4c93-b7f1-77f481a4089d,dfd13051-5058-4e40-9fb6-a0d204221fe9,c3,None,772,?,p2,
1769749302.7995725,FORWARDED,ef9246f6-7a1a-4c93-b7f1-77f481a4089d,dfd13051-5058-4e40-9fb6-a0d204221fe9,c3,None,772,?,p2,
1769749302.8265936,FORWARDED,18aa2a8f-3c45-4bde-bb5b-90b1b6dc1bf2,bf477c2b-f4a4-4db7-84c0-6b2da1010624,c1,DROP,441,?,i4,
1769749302.8699672,RECEIVED,97ff4d9d-9c17-48c7-90d3-977653c9ae64,b0de012a-bb05-42c7-8e48-90af2f149f32,c5,DROP,683,i5,?,
1769749303.1323771,SENT,ed7a8196-4cbe-4dd1-86e5-c22f3559f448,5998fb41-bd6e-4345-a684-f80e9d411b21,c4,c1,868,?,p1,
1769749303.1324146,FORWARDED,ed7a8196-4cbe-4dd1-86e5-c22f3559f448,5998fb41-bd6e-4345-a684-f80e9d411b21,c4,c1,868,?,p1,
1769749303.1370156,SENT,18805675-c1d0-450c-b4da-4ebd7c18dc61,df69b1e9-9042-4055-919b-617d903005eb,c3,None,771,?,p2,
1769749303.1370761,FORWARDED,18805675-c1d0-450c-b4da-4ebd7c18dc61,df69b1e9-9042-4055-919b-617d903005eb,c3,None,771,?,p2,
1769749303.2151337,SENT,97ff4d9d-9c17-48c7-90d3-977653c9ae64,b0de012a-bb05-42c7-8e48-90af2f149f32,c5,DROP,441,?,i3,
1769749303.2151775,FORWARDED,97ff4d9d-9c17-48c7-90d3-977653c9ae64,b0de012a-bb05-42c7-8e48-90af2f149f32,c5,DROP,441,?,i3,
1769749303.3646362,RECEIVED,826d5f60-35ba-4f91-a66c-7edf1abb680c,262cc78d-7ed1-4040-8823-99b43545f76d,c3,c2,1252,i3,?,
1769749303.4486082,SENT,826d5f60-35ba-4f91-a66c-7edf1abb680c,262cc78d-7ed1-4040-8823-99b43545f76d,c3,c2,866,?,p2,
1769749303.4486475,FORWARDED,826d5f60-35ba-4f91-a66c-7edf1abb680c,262cc78d-7ed1-4040-8823-99b43545f76d,c3,c2,866,?,p2,
1769749304.0483832,RECEIVED,baf1422a-9f9e-4d45-a016-e31ec545b584,b64508b9-b8f4-400b-980a-7c16aa94ba79,c5,DROP,442,x2,?,
1769749304.2953086,RECEIVED,22129107-e29b-4aaa-a9c3-4121f6084331,058e3611-1785-4cb7-928b-a4c4b0419903,c5,DROP,684,i8,?,
1769749304.7219143,RECEIVED,ba696b60-a72c-4d30-b85b-5c02559f857d,0a5d5a25-b24a-466d-a3b8-5daef5721cea,c3,None,1132,i5,?,
1769749304.8689194,SENT,ba696b60-a72c-4d30-b85b-5c02559f857d,0a5d5a25-b24a-466d-a3b8-5daef5721cea,c3,None,776,?,p2,
1769749304.868963,FORWARDED,ba696b60-a72c-4d30-b85b-5c02559f857d,0a5d5a25-b24a-466d-a3b8-5daef5721cea,c3,None,776,?,p2,
1769749304.9191027,RECEIVED,54a27dc2-753e-4b1a-9649-29514a8c1fb5,ff95274a-0101-4a8c-80f1-60f9b665b5b4,c5,DROP,683,i2,?,
1769749305.1935232,SENT,54a27dc2-753e-4b1a-9649-29514a8c1fb5,ff95274a-0101-4a8c-80f1-60f9b665b5b4,c5,DROP,441,?,e8,
1769749305.1935632,FORWARDED,54a27dc2-753e-4b1a-9649-29514a8c1fb5,ff95274a-0101-4a8c-80f1-60f9b665b5b4,c5,DROP,441,?,e8,
1769749305.3699071,SENT,22129107-e29b-4aaa-a9c3-4121f6084331,058e3611-1785-4cb7-928b-a4c4b0419903,c5,DROP,441,?,e12,
1769749305.3699503,FORWARDED,22129107-e29b-4aaa-a9c3-4121f6084331,058e3611-1785-4cb7-928b-a4c4b0419903,c5,DROP,441,?,e12,
1769749305.3961868,RECEIVED,10d94791-85df-43bd-9038-85753bcfd7d0,c21d6c34-f070-47c2-9923-f51a41ae8453,c3,c2,1260,i2,?,
1769749305.7075722,SENT,10d94791-85df-43bd-9038-85753bcfd7d0,c21d6c34-f070-47c2-9923-f51a41ae8453,c3,c2,872,?,p2,
1769749305.7076118,FORWARDED,10d94791-85df-43bd-9038-85753bcfd7d0,c21d6c34-f070-47c2-9923-f51a41ae8453,c3,c2,872,?,p2,
1769749305.784227,RECEIVED,73875c01-ba83-4a2a-bbb9-a2c6c512e035,cf41e2a2-57ac-45bc-8468-c218a6835fad,c3,c2,1311,i7,?,
1769749305.981134,RECEIVED,395d064d-a9d9-412e-8f54-4751d34042a3,a8240a41-968b-4e90-8810-e877e88e079e,c2,None,1128,i6,?,
1769749305.9928744,RECEIVED,0bfc0a44-82e1-4955-9431-37652f9ee9a9,29981296-6a73-4dc8-9a91-1fb65e1294be,c1,DROP,683,i7,?,
1769749306.236607,RECEIVED,b4371564-df49-4c18-980d-466e75285e87,2708dfb3-a849-45cb-bd2c-2d182d88d391,c4,c1,1263,i2,?,
1769749306.3099716,RECEIVED,13d9a9ef-b718-4e08-9b06-2371bed5928c,f6c79195-a043-448e-8b44-23e2741da3c2,c1,c5,1246,i2,?,
1769749306.3726165,RECEIVED,ab4bfcc5-87e0-4a32-b07b-6690111f36a9,4a0524b4-8c34-46a4-92a7-064c1c42162a,c1,DROP,685,i9,?,
1769749306.4026535,SENT,395d064d-a9d9-412e-8f54-4751d34042a3,a8240a41-968b-4e90-8810-e877e88e079e,c2,None,772,?,p3,
1769749306.4026964,FORWARDED,395d064d-a9d9-412e-8f54-4751d34042a3,a8240a41-968b-4e90-8810-e877e88e079e,c2,None,772,?,p3,
1769749306.478646,SENT,ab4bfcc5-87e0-4a32-b07b-6690111f36a9,4a0524b4-8c34-46a4-92a7-064c1c42162a,c1,DROP,440,?,e10,
1769749306.4786885,FORWARDED,ab4bfcc5-87e0-4a32-b07b-6690111f36a9,4a0524b4-8c34-46a4-92a7-064c1c42162a,c1,DROP,440,?,e10,
1769749306.5602376,RECEIVED,77f172e2-9982-4ff7-a832-453158f18ccb,c6f3cdf5-8ec4-409f-b76c-7d15233143e4,c2,c3,1252,i5,?,
1769749306.5890043,SENT,13d9a9ef-b718-4e08-9b06-2371bed5928c,f6c79195-a043-448e-8b44-23e2741da3c2,c1,c5,863,?,p2,
1769749306.589073,FORWARDED,13d9a9ef-b718-4e08-9b06-2371bed5928c,f6c79195-a043-448e-8b44-23e2741da3c2,c1,c5,863,?,p2,
1769749306.6219757,RECEIVED,9d7e52f6-1b4b-467c-ade5-0c4a019693f9,167066ff-d50f-431f-9aaf-2f1706fa85d6,c1,DROP,685,i2,?,
1769749306.6714954,SENT,77f172e2-9982-4ff7-a832-453158f18ccb,c6f3cdf5-8ec4-409f-b76c-7d15233143e4,c2,c3,866,?,p3,
1769749306.671536,FORWARDED,77f172e2-9982-4ff7-a832-453158f18ccb,c6f3cdf5-8ec4-409f-b76c-7d15233143e4,c2,c3,866,?,p3,
1769749306.7484667,RECEIVED,4d0bf536-4773-4961-8134-df9b68ec84d7,4149f746-b030-4d45-b59e-4c8aa9c23964,c4,c1,1310,i9,?,
1769749306.750702,RECEIVED,5d6bc0f3-f0b8-4d25-b501-801c3e59ee8f,a1d043da-a097-445b-ae97-03fd4e2bbee8,c3,c2,1313,i8,?,
1769749306.7951045,RECEIVED,87de0082-9c6e-43da-a2b2-56e51df1e63b,6d680920-8615-49d5-b709-3acdd75d49db,c2,DROP,688,i5,?,
1769749306.8150196,SENT,5d6bc0f3-f0b8-4d25-b501-801c3e59ee8f,a1d043da-a097-445b-ae97-03fd4e2bbee8,c3,c2,911,?,p2,
1769749306.8150728,FORWARDED,5d6bc0f3-f0b8-4d25-b501-801c3e59ee8f,a1d043da-a097-445b-ae97-03fd4e2bbee8,c3,c2,911,?,p2,
1769749306.82117,FORWARDED,9d7e52f6-1b4b-467c-ade5-0c4a019693f9,167066ff-d50f-431f-9aaf-2f1706fa85d6,c1,DROP,441,?,i11,
1769749306.8569434,SENT,73875c01-ba83-4a2a-bbb9-a2c6c512e035,cf41e2a2-57ac-45bc-8468-c218a6835fad,c3,c2,911,?,p2,
1769749306.8569846,FORWARDED,73875c01-ba83-4a2a-bbb9-a2c6c512e035,cf41e2a2-57ac-45bc-8468-c218a6835fad,c3,c2,911,?,p2,
1769749306.868735,SENT,87de0082-9c6e-43da-a2b2-56e51df1e63b,6d680920-8615-49d5-b709-3acdd75d49db,c2,DROP,442,?,i6,
1769749306.8687751,FORWARDED,87de0082-9c6e-43da-a2b2-56e51df1e63b,6d680920-8615-49d5-b709-3acdd75d49db,c2,DROP,442,?,i6,
1769749306.8863688,SENT,b4371564-df49-4c18-980d-466e75285e87,2708dfb3-a849-45cb-bd2c-2d182d88d391,c4,c1,875,?,p1,
1769749306.8864112,FORWARDED,b4371564-df49-4c18-980d-466e75285e87,2708dfb3-a849-45cb-bd2c-2d182d88d391,c4,c1,875,?,p1,
1769749306.9913383,RECEIVED,999cd3a3-7642-4a6f-9099-c83cd1fe26cc,c077f563-a6bb-4038-886c-d1112df60fcd,c4,DROP,442,x10,?,
1769749307.345708,SENT,0bfc0a44-82e1-4955-9431-37652f9ee9a9,29981296-6a73-4dc8-9a91-1fb65e1294be,c1,DROP,441,?,e11,
1769749307.345741,FORWARDED,0bfc0a44-82e1-4955-9431-37652f9ee9a9,29981296-6a73-4dc8-9a91-1fb65e1294be,c1,DROP,441,?,e11,
1769749307.4344418,RECEIVED,b90a40fe-82d8-46eb-96d4-5f68b23773e1,6ef0cd1f-32cf-40de-afa5-47acbbf17a4a,c2,c3,1319,i6,?,
1769749307.648765,SENT,b90a40fe-82d8-46eb-96d4-5f68b23773e1,6ef0cd1f-32cf-40de-afa5-47acbbf17a4a,c2,c3,916,?,p3,
1769749307.6488051,FORWARDED,b90a40fe-82d8-46eb-96d4-5f68b23773e1,6ef0cd1f-32cf-40de-afa5-47acbbf17a4a,c2,c3,916,?,p3,
1769749307.8070254,RECEIVED,2ead863f-8614-4745-b141-88e1622a8f4f,89107c53-e80e-4e47-abb6-e75e73aa7c9f,c3,DROP,689,i2,?,
1769749307.8203487,RECEIVED,17758fec-d060-486e-a544-ed2c9de20388,57ad3c56-fd2c-469c-82f3-e22a9c8f76c7,c1,DROP,688,i2,?,
1769749307.8295949,RECEIVED,bc3feeb1-4fd2-40c6-9489-76f057b1e33a,fc15af85-dca7-4291-aab6-1a9086fee9af,c1,None,1123,i2,?,
1769749307.9486992,RECEIVED,2959af6c-34a5-4431-99f8-78326c32ad90,d539ec5e-76d3-4326-8a18-a0f0c1d0cdac,c4,DROP,687,i6,?,
1769749307.9614475,FORWARDED,2ead863f-8614-4745-b141-88e1622a8f4f,89107c53-e80e-4e47-abb6-e75e73aa7c9f,c3,DROP,443,?,i11,
1769749308.0098805,SENT,4d0bf536-4773-4961-8134-df9b68ec84d7,4149f746-b030-4d45-b59e-4c8aa9c23964,c4,c1,912,?,p1,
1769749308.0099232,FORWARDED,4d0bf536-4773-4961-8134-df9b68ec84d7,4149f746-b030-4d45-b59e-4c8aa9c23964,c4,c1,912,?,p1,
1769749308.1622326,SENT,17758fec-d060-486e-a544-ed2c9de20388,57ad3c56-fd2c-469c-82f3-e22a9c8f76c7,c1,DROP,442,?,e1,
1769749308.162271,FORWARDED,17758fec-d060-486e-a544-ed2c9de20388,57ad3c56-fd2c-469c-82f3-e22a9c8f76c7,c1,DROP,442,?,e1,
1769749308.177665,RECEIVED,fa1af120-7506-4364-82be-b07e8a18b94d,82a779a5-36c6-4a3c-87be-398ea8d88d54,c3,DROP,684,i8,?,
1769749308.199592,RECEIVED,b5a64df8-e539-473e-ad96-e190fcfcf986,7cd796dd-adf3-4508-a344-bb205606813b,c4,DROP,683,i2,?,
1769749308.3205187,FORWARDED,fa1af120-7506-4364-82be-b07e8a18b94d,82a779a5-36c6-4a3c-87be-398ea8d88d54,c3,DROP,440,?,i4,
1769749308.3461976,RECEIVED,f770363d-12c0-41a3-bf2e-95b15814e978,76790895-c910-45f3-bfec-20f95004a085,c1,c5,1312,i2,?,
1769749308.570952,SENT,bc3feeb1-4fd2-40c6-9489-76f057b1e33a,fc15af85-dca7-4291-aab6-1a9086fee9af,c1,None,771,?,p1,
1769749308.5709941,FORWARDED,bc3feeb1-4fd2-40c6-9489-76f057b1e33a,fc15af85-dca7-4291-aab6-1a9086fee9af,c1,None,771,?,p1,
1769749308.66171,SENT,f770363d-12c0-41a3-bf2e-95b15814e978,76790895-c910-45f3-bfec-20f95004a085,c1,c5,912,?,p2,
1769749308.6617534,FORWARDED,f770363d-12c0-41a3-bf2e-95b15814e978,76790895-c910-45f3-bfec-20f95004a085,c1,c5,912,?,p2,
1769749308.720139,RECEIVED,9cc3f6ec-ece9-492a-9bd6-b307585e39bd,69aae470-a470-4b9d-921d-30b93cef1b07,c3,DROP,441,x1,?,
1769749308.7883823,SENT,b5a64df8-e539-473e-ad96-e190fcfcf986,7cd796dd-adf3-4508-a344-bb205606813b,c4,DROP,441,?,i6,
1769749308.788424,FORWARDED,b5a64df8-e539-473e-ad96-e190fcfcf986,7cd796dd-adf3-4508-a344-bb205606813b,c4,DROP,441,?,i6,
1769749309.0221689,SENT,2959af6c-34a5-4431-99f8-78326c32ad90,d539ec5e-76d3-4326-8a18-a0f0c1d0cdac,c4,DROP,442,?,i3,
1769749309.0222106,FORWARDED,2959af6c-34a5-4431-99f8-78326c32ad90,d539ec5e-76d3-4326-8a18-a0f0c1d0cdac,c4,DROP,442,?,i3,
1769749309.5273519,RECEIVED,e3024b58-7145-409d-9277-9088f376e155,ad1a5239-efbd-4f6d-bd66-96faa8f79509,c2,c3,1259,i9,?,
1769749309.6625652,RECEIVED,e2f4e367-2215-47d3-a105-81d9a9c4d820,686d4c56-572b-4fd9-8ccb-c8358e40d38a,c4,DROP,442,x1,?,
1769749309.6830928,RECEIVED,7c73286f-6a7a-48c7-94e3-89c0ffc619ce,e265163e-bf1e-4501-be15-1fa786a9f183,c2,DROP,680,i6,?,
1769749309.7389333,RECEIVED,76e7b727-e921-4658-b60b-738199ee9974,211f0818-63bf-4af0-bd3d-bca02d1e1108,c3,c2,1311,i7,?,
1769749309.7692683,RECEIVED,8ce5025a-0464-4f35-a9d0-a16044f8db75,03175b5d-34d4-4ab3-b0ad-f458765aa10b,c2,None,1131,i3,?,
1769749309.7796848,SENT,7c73286f-6a7a-48c7-94e3-89c0ffc619ce,e265163e-bf1e-4501-be15-1fa786a9f183,c2,DROP,437,?,e7,
1769749309.7797256,FORWARDED,7c73286f-6a7a-48c7-94e3-89c0ffc619ce,e265163e-bf1e-4501-be15-1fa786a9f183,c2,DROP,437,?,e7,
1769749309.9600217,RECEIVED,0cb63c0e-65a3-4aa5-ad73-df3d35026239,42f578ca-1ada-4ce3-a6bf-b07628e281bc,c4,c1,1312,i3,?,
1769749310.0206218,SENT,0cb63c0e-65a3-4aa5-ad73-df3d35026239,42f578ca-1ada-4ce3-a6bf-b07628e281bc,c4,c1,911,?,p1,
1769749310.020662,FORWARDED,0cb63c0e-65a3-4aa5-ad73-df3d35026239,42f578ca-1ada-4ce3-a6bf-b07628e281bc,c4,c1,911,?,p1,
1769749310.0822635,RECEIVED,c152459d-6e3c-4487-a19b-4e043d4e39cd,13266cb6-8fd8-437e-9d72-eabed9d14c89,c3,DROP,684,i2,?,
1769749310.088953,RECEIVED,914ba2bf-3339-4489-8032-593460e36411,953f5904-ad11-4076-a699-6eeffef969e4,c3,c2,1310,i2,?,
1769749310.204993,SENT,8ce5025a-0464-4f35-a9d0-a16044f8db75,03175b5d-34d4-4ab3-b0ad-f458765aa10b,c2,None,775,?,p3,
1769749310.2050354,FORWARDED,8ce5025a-0464-4f35-a9d0-a16044f8db75,03175b5d-34d4-4ab3-b0ad-f458765aa10b,c2,None,775,?,p3,
1769749310.3028991,RECEIVED,053f865c-bda4-4f04-a7ff-25b372e59fd4,9ad86975-4e05-45fc-88fe-2306ad291bf0,c4,c1,1324,i2,?,
1769749310.3072298,SENT,e3024b58-7145-409d-9277-9088f376e155,ad1a5239-efbd-4f6d-bd66-96faa8f79509,c2,c3,872,?,p3,
1769749310.3072703,FORWARDED,e3024b58-7145-409d-9277-9088f376e155,ad1a5239-efbd-4f6d-bd66-96faa8f79509,c2,c3,872,?,p3,
1769749310.324232,SENT,c152459d-6e3c-4487-a19b-4e043d4e39cd,13266cb6-8fd8-437e-9d72-eabed9d14c89,c3,DROP,441,?,i6,
1769749310.3242736,FORWARDED,c152459d-6e3c-4487-a19b-4e043d4e39cd,13266cb6-8fd8-437e-9d72-eabed9d14c89,c3,DROP,441,?,i6,
1769749310.5367262,SENT,76e7b727-e921-4658-b60b-738199ee9974,211f0818-63bf-4af0-bd3d-bca02d1e1108,c3,c2,911,?,p2,
1769749310.5367677,FORWARDED,76e7b727-e921-4658-b60b-738199ee9974,211f0818-63bf-4af0-bd3d-bca02d1e1108,c3,c2,911,?,p2,
1769749310.6337974,SENT,053f865c-bda4-4f04-a7ff-25b372e59fd4,9ad86975-4e05-45fc-88fe-2306ad291bf0,c4,c1,919,?,p1,
1769749310.6338358,FORWARDED,053f865c-bda4-4f04-a7ff-25b372e59fd4,9ad86975-4e05-45fc-88fe-2306ad291bf0,c4,c1,919,?,p1,
1769749310.7612126,RECEIVED,3bcdaacf-1544-4f65-befb-aec2543d122c,0bb22f8d-dc84-4bb9-8653-c08bf2bfad1d,c5,DROP,442,x11,?,
1769749311.2654836,SENT,914ba2bf-3339-4489-8032-593460e36411,953f5904-ad11-4076-a699-6eeffef969e4,c3,c2,911,?,p2,
1769749311.265522,FORWARDED,914ba2bf-3339-4489-8032-593460e36411,953f5904-ad11-4076-a699-6eeffef969e4,c3,c2,911,?,p2,
1769749311.3454885,RECEIVED,cd6bf0da-349e-449f-a61a-9fc862a89bca,366a96bd-371f-42bd-9ae2-a9612b7faac5,c1,None,1123,i9,?,
1769749311.478752,RECEIVED,a1419acf-ab44-44e0-b96a-70df08a61140,07116bae-a1ff-4eaf-bf86-3a711e559fbb,c3,DROP,689,i8,?,
1769749311.4811141,RECEIVED,a5c1d3db-1796-4f72-a268-b721bf26f2a3,07ee4251-7395-417a-9c69-166889694915,c2,DROP,441,x11,?,
1769749311.5487926,SENT,a1419acf-ab44-44e0-b96a-70df08a61140,07116bae-a1ff-4eaf-bf86-3a711e559fbb,c3,DROP,442,?,x6,
1769749311.5488315,FORWARDED,a1419acf-ab44-44e0-b96a-70df08a61140,07116bae-a1ff-4eaf-bf86-3a711e559fbb,c3,DROP,442,?,x6,
1769749311.722766,RECEIVED,3667948a-6794-4697-bc55-ff4ec6ae3fad,7820cd6d-41a4-4b2a-aab2-5ac0ba357e05,c2,c3,1317,i6,?,
1769749311.7829828,RECEIVED,b934adb5-f4ff-4279-88b4-2247139b82e5,4eb2302f-33d0-4f77-842d-7aad8e091e8e,c4,DROP,687,i6,?,
1769749311.783248,SENT,3667948a-6794-4697-bc55-ff4ec6ae3fad,7820cd6d-41a4-4b2a-aab2-5ac0ba357e05,c2,c3,915,?,p3,
1769749311.7832925,FORWARDED,3667948a-6794-4697-bc55-ff4ec6ae3fad,7820cd6d-41a4-4b2a-aab2-5ac0ba357e05,c2,c3,915,?,p3,
1769749311.9025307,RECEIVED,3eb56d63-775c-4ebc-b26a-a2092f9bb5b7,c14286ae-1d57-48a1-a888-b1a6a9510f16,c2,DROP,442,x9,?,
1769749311.9376225,RECEIVED,f32f8b2d-8f2d-4430-b522-152b0bfeef79,1c07c7bd-23a3-4909-8650-b1c9360f4637,c1,None,1127,i2,?,
1769749312.11154,RECEIVED,b309d8a9-59ea-43e3-8f76-37b595835d5e,e3cf41af-5d7c-43e3-ac9e-55268524ffb4,c3,None,1130,i3,?,
1769749312.114163,RECEIVED,55a37ec3-d649-42de-bad7-85f7b9ffc810,547d0717-dbdd-4257-acbe-b8f44cf29a50,c3,DROP,688,i6,?,
1769749312.157151,SENT,f32f8b2d-8f2d-4430-b522-152b0bfeef79,1c07c7bd-23a3-4909-8650-b1c9360f4637,c1,None,774,?,p1,
1769749312.157192,FORWARDED,f32f8b2d-8f2d-4430-b522-152b0bfeef79,1c07c7bd-23a3-4909-8650-b1c9360f4637,c1,None,774,?,p1,
1769749312.318016,FORWARDED,55a37ec3-d649-42de-bad7-85f7b9ffc810,547d0717-dbdd-4257-acbe-b8f44cf29a50,c3,DROP,442,?,i4,
1769749312.33439,SENT,b309d8a9-59ea-43e3-8f76-37b595835d5e,e3cf41af-5d7c-43e3-ac9e-55268524ffb4,c3,None,775,?,p2,
1769749312.3344302,FORWARDED,b309d8a9-59ea-43e3-8f76-37b595835d5e,e3cf41af-5d7c-43e3-ac9e-55268524ffb4,c3,None,775,?,p2,
1769749312.5596812,FORWARDED,b934adb5-f4ff-4279-88b4-2247139b82e5,4eb2302f-33d0-4f77-842d-7aad8e091e8e,c4,DROP,444,?,i1,
1769749312.7227242,RECEIVED,d3c8a2a1-7f0b-49e5-8f37-4851d5fa85ae,89d3bf9a-fb6a-4c11-8aa4-b707e527d4ee,c4,DROP,683,i9,?,
1769749312.8694105,SENT,cd6bf0da-349e-449f-a61a-9fc862a89bca,366a96bd-371f-42bd-9ae2-a9612b7faac5,c1,None,771,?,p1,
1769749312.8694563,FORWARDED,cd6bf0da-349e-449f-a61a-9fc862a89bca,366a96bd-371f-42bd-9ae2-a9612b7faac5,c1,None,771,?,p1,
1769749312.9945939,FORWARDED,d3c8a2a1-7f0b-49e5-8f37-4851d5fa85ae,89d3bf9a-fb6a-4c11-8aa4-b707e527d4ee,c4,DROP,441,?,i4,
1769749313.1707969,RECEIVED,8ca2a6eb-ef91-4873-b27e-65390b70ff0d,96595180-a52c-4fa2-856e-d02b073e6eba,c1,DROP,680,i2,?,
1769749313.177162,RECEIVED,21cdc756-ecde-470a-8e32-1d09076f50a2,84650e84-6c76-4427-a850-7131af706b10,c5,None,1123,i6,?,
1769749313.4257615,RECEIVED,fd8c1927-9ddd-45f8-bdd4-e45d46526756,c380b302-cf3e-49a8-b240-231ef27b21c4,c2,c3,1267,i7,?,
1769749313.432545,RECEIVED,276d22d2-6195-4908-a21e-d2b29d182f37,60d0f243-746f-4c21-a322-995f2dda2fc4,c1,DROP,441,x1,?,
1769749313.5727541,RECEIVED,5360f6b3-ce0d-45a7-b15d-f4886ba67d7e,2d00d311-213a-401d-a3f2-ad27aaf4a801,c3,DROP,442,x6,?,
1769749313.7626553,SENT,8ca2a6eb-ef91-4873-b27e-65390b70ff0d,96595180-a52c-4fa2-856e-d02b073e6eba,c1,DROP,437,?,x11,
1769749313.7627022,FORWARDED,8ca2a6eb-ef91-4873-b27e-65390b70ff0d,96595180-a52c-4fa2-856e-d02b073e6eba,c1,DROP,437,?,x11,
1769749313.8925583,SENT,fd8c1927-9ddd-45f8-bdd4-e45d46526756,c380b302-cf3e-49a8-b240-231ef27b21c4,c2,c3,877,?,p3,
1769749313.8925984,FORWARDED,fd8c1927-9ddd-45f8-bdd4-e45d46526756,c380b302-cf3e-49a8-b240-231ef27b21c4,c2,c3,877,?,p3,
1769749313.9246612,RECEIVED,2e09980f-5d16-4a56-8bd8-a4b60f65f198,698339d0-6201-4bc4-aa04-bc99cb997cbe,c1,c5,1250,i2,?,
1769749314.0059364,SENT,21cdc756-ecde-470a-8e32-1d09076f50a2,84650e84-6c76-4427-a850-7131af706b10,c5,None,771,?,p1,
1769749314.0059774,FORWARDED,21cdc756-ecde-470a-8e32-1d09076f50a2,84650e84-6c76-4427-a850-7131af706b10,c5,None,771,?,p1,
1769749314.0075223,RECEIVED,27348048-0fc6-445f-986d-0d56d4e0ff73,405f46cd-fbb2-404a-b666-4a7f2a9b370a,c1,c5,1314,i2,?,
1769749314.1508918,RECEIVED,3820fa8b-baee-4d96-8304-bb7ab27864e7,8bdd4f3d-bc20-4f80-aaa8-234239429f24,c5,None,1127,i7,?,
1769749314.181181,RECEIVED,80a56755-900e-4745-8cb8-0eab9e51aa79,0afa2f95-1719-4359-8cea-34a5ee44bf9c,c2,DROP,688,i9,?,
1769749314.255616,RECEIVED,c4a0e2d1-10a3-481d-be50-3b9445dae9e0,6c5e0b37-b03d-405a-91f7-1d9b458bc4bb,c3,c2,1259,i5,?,
1769749314.2820785,SENT,3820fa8b-baee-4d96-8304-bb7ab27864e7,8bdd4f3d-bc20-4f80-aaa8-234239429f24,c5,None,772,?,p1,
1769749314.2821252,FORWARDED,3820fa8b-baee-4d96-8304-bb7ab27864e7,8bdd4f3d-bc20-4f80-aaa8-234239429f24,c5,None,772,?,p1,
1769749314.4661863,RECEIVED,867d0d6f-91d4-4650-b6b5-e280d8926426,d5be5336-2271-4980-9cd8-0e58a6f026c1,c4,c1,1311,i9,?,
1769749314.5877178,RECEIVED,e3519bed-47a5-4bf1-aa19-6003e3357c38,9c0aa196-a684-4c3f-9460-dac12dff1a32,c2,c3,1311,i9,?,
1769749314.6369257,RECEIVED,fabefe92-5023-46e3-a9b5-be37735dbf44,225f32f4-fddd-4adb-ae10-a8d3184c63c7,c4,DROP,682,i8,?,
1769749314.6921124,RECEIVED,1de5e794-783c-4591-a3ed-908302879d50,f549fd09-7333-4d7e-8628-5f3a6f33c241,c1,DROP,679,i9,?,
1769749314.7012272,RECEIVED,56470ffc-68f3-4c54-bef3-3746b08c6f0d,c60dc89e-243f-42e5-953d-55ac40c100d0,c2,None,1123,i3,?,
1769749314.7397983,RECEIVED,228bd8c9-c608-459c-8154-93fcaf7ba9f4,e2f01897-f182-4cf1-9064-f35295b5d960,c4,c1,1323,i2,?,
1769749314.8270075,SENT,e3519bed-47a5-4bf1-aa19-6003e3357c38,9c0aa196-a684-4c3f-9460-dac12dff1a32,c2,c3,912,?,p3,
1769749314.8270547,FORWARDED,e3519bed-47a5-4bf1-aa19-6003e3357c38,9c0aa196-a684-4c3f-9460-dac12dff1a32,c2,c3,912,?,p3,
1769749314.842856,SENT,80a56755-900e-4745-8cb8-0eab9e51aa79,0afa2f95-1719-4359-8cea-34a5ee44bf9c,c2,DROP,442,?,e12,
1769749314.842947,FORWARDED,80a56755-900e-4745-8cb8-0eab9e51aa79,0afa2f95-1719-4359-8cea-34a5ee44bf9c,c2,DROP,442,?,e12,
1769749314.910108,RECEIVED,6bb281fa-beb2-41a1-a4b4-d09c11baed89,61dee2a0-583d-4a43-bb6e-e04497b65f42,c3,DROP,684,i9,?,
1769749315.0112648,RECEIVED,bf8e37b5-7a8d-48c9-9dd2-3370814ecd47,a612a8df-556f-436a-ab7d-63a84b99b719,c3,None,1127,i2,?,
1769749315.0365267,SENT,6bb281fa-beb2-41a1-a4b4-d09c11baed89,61dee2a0-583d-4a43-bb6e-e04497b65f42,c3,DROP,441,?,i3,
1769749315.036568,FORWARDED,6bb281fa-beb2-41a1-a4b4-d09c11baed89,61dee2a0-583d-4a43-bb6e-e04497b65f42,c3,DROP,441,?,i3,
1769749315.1970909,SENT,27348048-0fc6-445f-986d-0d56d4e0ff73,405f46cd-fbb2-404a-b666-4a7f2a9b370a,c1,c5,913,?,p2,
1769749315.1971366,FORWARDED,27348048-0fc6-445f-986d-0d56d4e0ff73,405f46cd-fbb2-404a-b666-4a7f2a9b370a,c1,c5,913,?,p2,
1769749315.3289309,SENT,228bd8c9-c608-459c-8154-93fcaf7ba9f4,e2f01897-f182-4cf1-9064-f35295b5d960,c4,c1,921,?,p1,
1769749315.3289652,FORWARDED,228bd8c9-c608-459c-8154-93fcaf7ba9f4,e2f01897-f182-4cf1-9064-f35295b5d960,c4,c1,921,?,p1,
1769749315.4043825,SENT,2e09980f-5d16-4a56-8bd8-a4b60f65f198,698339d0-6201-4bc4-aa04-bc99cb997cbe,c1,c5,867,?,p2,
1769749315.4053674,FORWARDED,2e09980f-5d16-4a56-8bd8-a4b60f65f198,698339d0-6201-4bc4-aa04-bc99cb997cbe,c1,c5,867,?,p2,
1769749315.4445922,FORWARDED,1de5e794-783c-4591-a3ed-908302879d50,f549fd09-7333-4d7e-8628-5f3a6f33c241,c1,DROP,436,?,i1,
1769749315.5666556,SENT,56470ffc-68f3-4c54-bef3-3746b08c6f0d,c60dc89e-243f-42e5-953d-55ac40c100d0,c2,None,770,?,p3,
1769749315.566693,FORWARDED,56470ffc-68f3-4c54-bef3-3746b08c6f0d,c60dc89e-243f-42e5-953d-55ac40c100d0,c2,None,770,?,p3,
1769749315.6303759,RECEIVED,2fa9af1e-d360-4f56-9e46-d437df640bfc,f2c68f9f-9c1f-417f-b766-4c80cace9504,c3,DROP,683,i5,?,
1769749315.6472306,SENT,867d0d6f-91d4-4650-b6b5-e280d8926426,d5be5336-2271-4980-9cd8-0e58a6f026c1,c4,c1,911,?,p1,
1769749315.6472707,FORWARDED,867d0d6f-91d4-4650-b6b5-e280d8926426,d5be5336-2271-4980-9cd8-0e58a6f026c1,c4,c1,911,?,p1,
1769749315.7116191,RECEIVED,0384f5a4-c7fc-477b-8427-80bd9415271b,e1a52018-8774-46ac-ac1e-b854361c8402,c4,DROP,442,x3,?,
1769749315.7409124,RECEIVED,8fa3aa0a-7451-4d9c-a58b-313a05bd4177,f0c43187-1847-41c7-93a7-0ea4ffe4afd9,c3,None,1127,i4,?,
1769749315.7803335,SENT,2fa9af1e-d360-4f56-9e46-d437df640bfc,f2c68f9f-9c1f-417f-b766-4c80cace9504,c3,DROP,441,?,i8,
1769749315.7803679,FORWARDED,2fa9af1e-d360-4f56-9e46-d437df640bfc,f2c68f9f-9c1f-417f-b766-4c80cace9504,c3,DROP,441,?,i8,
1769749315.8066857,RECEIVED,71b2721e-41b3-425b-a3cc-d1df96bd8035,be45ceda-4786-4468-a24a-09b5817eb967,c2,DROP,687,i6,?,
1769749315.8251946,RECEIVED,3459d909-8045-448e-b0e8-18502a16bdc2,a3f0fe5e-a1dd-4259-8888-43bd6632f15a,c4,c1,1260,i3,?,
1769749315.852918,SENT,bf8e37b5-7a8d-48c9-9dd2-3370814ecd47,a612a8df-556f-436a-ab7d-63a84b99b719,c3,None,772,?,p2,
1769749315.8529613,FORWARDED,bf8e37b5-7a8d-48c9-9dd2-3370814ecd47,a612a8df-556f-436a-ab7d-63a84b99b719,c3,None,772,?,p2,
1769749315.8958344,RECEIVED,4a3d166d-4b0d-47e7-a914-5f80088901ef,528ad469-757d-4c2f-89ef-b97cd507f8a6,c3,DROP,684,i8,?,
1769749315.9426467,RECEIVED,430eb144-a711-4a15-8dd5-1c3f8fb4e5a3,9634fa35-f470-4230-8b3e-a85520f94cb0,c3,c2,1313,i2,?,
1769749315.966769,SENT,430eb144-a711-4a15-8dd5-1c3f8fb4e5a3,9634fa35-f470-4230-8b3e-a85520f94cb0,c3,c2,911,?,p2,
1769749315.966811,FORWARDED,430eb144-a711-4a15-8dd5-1c3f8fb4e5a3,9634fa35-f470-4230-8b3e-a85520f94cb0,c3,c2,911,?,p2,
1769749315.982471,SENT,c4a0e2d1-10a3-481d-be50-3b9445dae9e0,6c5e0b37-b03d-405a-91f7-1d9b458bc4bb,c3,c2,871,?,p2,
1769749315.982513,FORWARDED,c4a0e2d1-10a3-481d-be50-3b9445dae9e0,6c5e0b37-b03d-405a-91f7-1d9b458bc4bb,c3,c2,871,?,p2,
1769749316.022971,SENT,4a3d166d-4b0d-47e7-a914-5f80088901ef,528ad469-757d-4c2f-89ef-b97cd507f8a6,c3,DROP,441,?,x6,
1769749316.0230126,FORWARDED,4a3d166d-4b0d-47e7-a914-5f80088901ef,528ad469-757d-4c2f-89ef-b97cd507f8a6,c3,DROP,441,?,x6,
1769749316.092773,RECEIVED,ef06ab5f-7795-48b2-ba22-9d959e111d85,ae3584fe-d537-4907-a51c-47c59a54bfac,c3,None,1127,i1,?,
1769749316.1416347,SENT,3459d909-8045-448e-b0e8-18502a16bdc2,a3f0fe5e-a1dd-4259-8888-43bd6632f15a,c4,c1,871,?,p1,
1769749316.1416755,FORWARDED,3459d909-8045-448e-b0e8-18502a16bdc2,a3f0fe5e-a1dd-4259-8888-43bd6632f15a,c4,c1,871,?,p1,
1769749316.2025986,RECEIVED,04067616-eff4-4927-a764-d0a4e229fd61,3a926ca5-9065-4b45-9db6-9748ba3dd105,c5,c3,1313,i1,?,
1769749316.2447903,SENT,04067616-eff4-4927-a764-d0a4e229fd61,3a926ca5-9065-4b45-9db6-9748ba3dd105,c5,c3,912,?,p3,
1769749316.244827,FORWARDED,04067616-eff4-4927-a764-d0a4e229fd61,3a926ca5-9065-4b45-9db6-9748ba3dd105,c5,c3,912,?,p3,
1769749316.4015746,RECEIVED,b7611438-6956-4f1e-a8a2-473af6618f4b,5003e1f2-9ed3-430c-a12d-1eec13aaf80b,c2,None,1131,i4,?,
1769749316.4999025,RECEIVED,6bf5abdb-c824-46b5-957a-01598c603798,ea3c1c15-da79-425b-ac03-d9c5bb7ca1e9,c2,DROP,689,i4,?,
1769749316.5356936,RECEIVED,82f5777a-48c1-4214-af6d-7275521df7f7,d8e87bcf-f196-4f20-b8ae-54cd8f05de84,c5,None,1127,i6,?,
1769749316.561004,RECEIVED,85dd7184-135f-4a93-9342-7b62fcac8d2c,c116eeea-d9d3-41e8-b8fe-104af9bfbc2a,c2,c3,1312,i1,?,
1769749316.5652368,RECEIVED,6cc1e697-60f8-4be6-9679-9fb6cafc8fef,f7357430-5917-4970-8163-be2e163f4132,c4,DROP,688,i1,?,
1769749316.6546206,SENT,6cc1e697-60f8-4be6-9679-9fb6cafc8fef,f7357430-5917-4970-8163-be2e163f4132,c4,DROP,443,?,x6,
1769749316.6546557,FORWARDED,6cc1e697-60f8-4be6-9679-9fb6cafc8fef,f7357430-5917-4970-8163-be2e163f4132,c4,DROP,443,?,x6,
1769749316.6753848,SENT,6bf5abdb-c824-46b5-957a-01598c603798,ea3c1c15-da79-425b-ac03-d9c5bb7ca1e9,c2,DROP,442,?,e10,
1769749316.675422,FORWARDED,6bf5abdb-c824-46b5-957a-01598c603798,ea3c1c15-da79-425b-ac03-d9c5bb7ca1e9,c2,DROP,442,?,e10,
1769749316.7683294,SENT,8fa3aa0a-7451-4d9c-a58b-313a05bd4177,f0c43187-1847-41c7-93a7-0ea4ffe4afd9,c3,None,772,?,p2,
1769749316.768656,FORWARDED,8fa3aa0a-7451-4d9c-a58b-313a05bd4177,f0c43187-1847-41c7-93a7-0ea4ffe4afd9,c3,None,772,?,p2,
1769749316.7977316,RECEIVED,fd033139-711d-43d0-8013-af625bb5f884,14ecc8b0-cc39-4a1b-b5c5-79b48473e140,c2,c3,1319,i6,?,
1769749316.8149033,RECEIVED,c35f29d5-8757-4fc1-a747-ce800ab68a2e,10c08f51-d6d7-4f67-af45-bb64553b1aa9,c4,c1,1261,i4,?,
1769749316.8772438,SENT,c35f29d5-8757-4fc1-a747-ce800ab68a2e,10c08f51-d6d7-4f67-af45-bb64553b1aa9,c4,c1,871,?,p1,
1769749316.8772893,FORWARDED,c35f29d5-8757-4fc1-a747-ce800ab68a2e,10c08f51-d6d7-4f67-af45-bb64553b1aa9,c4,c1,871,?,p1,
1769749316.9711192,SENT,85dd7184-135f-4a93-9342-7b62fcac8d2c,c116eeea-d9d3-41e8-b8fe-104af9bfbc2a,c2,c3,912,?,p3,
1769749316.971162,FORWARDED,85dd7184-135f-4a93-9342-7b62fcac8d2c,c116eeea-d9d3-41e8-b8fe-104af9bfbc2a,c2,c3,912,?,p3,
1769749317.0491042,SENT,b7611438-6956-4f1e-a8a2-473af6618f4b,5003e1f2-9ed3-430c-a12d-1eec13aaf80b,c2,None,775,?,p3,
1769749317.049147,FORWARDED,b7611438-6956-4f1e-a8a2-473af6618f4b,5003e1f2-9ed3-430c-a12d-1eec13aaf80b,c2,None,775,?,p3,
1769749317.0809908,SENT,ef06ab5f-7795-48b2-ba22-9d959e111d85,ae3584fe-d537-4907-a51c-47c59a54bfac,c3,None,772,?,p2,
1769749317.0810347,FORWARDED,ef06ab5f-7795-48b2-ba22-9d959e111d85,ae3584fe-d537-4907-a51c-47c59a54bfac,c3,None,772,?,p2,
1769749317.1278672,SENT,82f5777a-48c1-4214-af6d-7275521df7f7,d8e87bcf-f196-4f20-b8ae-54cd8f05de84,c5,None,772,?,p1,
1769749317.127903,FORWARDED,82f5777a-48c1-4214-af6d-7275521df7f7,d8e87bcf-f196-4f20-b8ae-54cd8f05de84,c5,None,772,?,p1,
1769749317.2720115,SENT,fabefe92-5023-46e3-a9b5-be37735dbf44,225f32f4-fddd-4adb-ae10-a8d3184c63c7,c4,DROP,441,?,i6,
1769749317.272068,FORWARDED,fabefe92-5023-46e3-a9b5-be37735dbf44,225f32f4-fddd-4adb-ae10-a8d3184c63c7,c4,DROP,441,?,i6,
1769749317.3869667,SENT,fd033139-711d-43d0-8013-af625bb5f884,14ecc8b0-cc39-4a1b-b5c5-79b48473e140,c2,c3,918,?,p3,
1769749317.38701,FORWARDED,fd033139-711d-43d0-8013-af625bb5f884,14ecc8b0-cc39-4a1b-b5c5-79b48473e140,c2,c3,918,?,p3,
1769749317.401042,RECEIVED,c3196227-bbbc-4aa1-95b4-ad4cd3130a0e,74d73312-889b-44a5-ae47-0ac14c06fb75,c3,DROP,686,i8,?,
1769749317.475861,RECEIVED,5c387885-3ca5-451d-b816-fad46f70339c,b56de283-5b4b-4a69-ba18-cf21a70917f5,c2,c3,1311,i1,?,
1769749317.4908345,SENT,c3196227-bbbc-4aa1-95b4-ad4cd3130a0e,74d73312-889b-44a5-ae47-0ac14c06fb75,c3,DROP,441,?,i7,
1769749317.4908853,FORWARDED,c3196227-bbbc-4aa1-95b4-ad4cd3130a0e,74d73312-889b-44a5-ae47-0ac14c06fb75,c3,DROP,441,?,i7,
1769749317.5791879,RECEIVED,b56df16c-42cf-43f3-882c-330e95f87b49,07ebe9ca-8848-47c9-891e-6334388096a2,c5,DROP,683,i9,?,
1769749317.6489582,RECEIVED,2de4b6f9-5ffc-42b9-ba65-f0a156964f9c,e55f1662-1fa9-4b41-9a3c-e17840531930,c2,c3,1315,i7,?,
1769749317.6962957,RECEIVED,92c656ad-19cf-4be3-818e-986c47e632ab,3b2db91f-9c28-4c70-8787-6944b06724d4,c3,c2,1316,i1,?,
1769749317.8086495,RECEIVED,66a92381-94f2-463e-ac83-f64484bc916e,660f00f2-8650-4e67-9897-01b807a8c5e5,c3,c2,1316,i5,?,
1769749317.8394988,SENT,b56df16c-42cf-43f3-882c-330e95f87b49,07ebe9ca-8848-47c9-891e-6334388096a2,c5,DROP,441,?,e9,
1769749317.8395383,FORWARDED,b56df16c-42cf-43f3-882c-330e95f87b49,07ebe9ca-8848-47c9-891e-6334388096a2,c5,DROP,441,?,e9,
1769749317.8840058,SENT,92c656ad-19cf-4be3-818e-986c47e632ab,3b2db91f-9c28-4c70-8787-6944b06724d4,c3,c2,914,?,p2,
1769749317.8840454,FORWARDED,92c656ad-19cf-4be3-818e-986c47e632ab,3b2db91f-9c28-4c70-8787-6944b06724d4,c3,c2,914,?,p2,
1769749317.9343815,RECEIVED,7eb3ebcb-b6ad-487a-958c-30789597ddcc,d6a69523-27f0-437e-b439-984f3371d486,c2,DROP,685,i5,?,
1769749317.957925,RECEIVED,74069ef2-33cd-488d-9783-68e841c8d46e,deb1b931-96bf-46f8-b263-23202971eece,c1,DROP,684,i6,?,
1769749317.9945138,SENT,7eb3ebcb-b6ad-487a-958c-30789597ddcc,d6a69523-27f0-437e-b439-984f3371d486,c2,DROP,441,?,x5,
1769749317.9945524,FORWARDED,7eb3ebcb-b6ad-487a-958c-30789597ddcc,d6a69523-27f0-437e-b439-984f3371d486,c2,DROP,441,?,x5,
1769749318.0392,SENT,66a92381-94f2-463e-ac83-f64484bc916e,660f00f2-8650-4e67-9897-01b807a8c5e5,c3,c2,913,?,p2,
1769749318.0392356,FORWARDED,66a92381-94f2-463e-ac83-f64484bc916e,660f00f2-8650-4e67-9897-01b807a8c5e5,c3,c2,913,?,p2,
1769749318.047099,RECEIVED,a94ce81e-b84b-4688-9882-d1b53968477e,e1f61fb0-e47b-4126-b9dc-e49b94d2df8a,c3,None,1132,i3,?,
1769749318.141304,SENT,a94ce81e-b84b-4688-9882-d1b53968477e,e1f61fb0-e47b-4126-b9dc-e49b94d2df8a,c3,None,777,?,p2,
1769749318.141344,FORWARDED,a94ce81e-b84b-4688-9882-d1b53968477e,e1f61fb0-e47b-4126-b9dc-e49b94d2df8a,c3,None,777,?,p2,
1769749318.1956813,SENT,5c387885-3ca5-451d-b816-fad46f70339c,b56de283-5b4b-4a69-ba18-cf21a70917f5,c2,c3,911,?,p3,
1769749318.1957164,FORWARDED,5c387885-3ca5-451d-b816-fad46f70339c,b56de283-5b4b-4a69-ba18-cf21a70917f5,c2,c3,911,?,p3,
1769749318.2615063,SENT,2de4b6f9-5ffc-42b9-ba65-f0a156964f9c,e55f1662-1fa9-4b41-9a3c-e17840531930,c2,c3,915,?,p3,
1769749318.2615488,FORWARDED,2de4b6f9-5ffc-42b9-ba65-f0a156964f9c,e55f1662-1fa9-4b41-9a3c-e17840531930,c2,c3,915,?,p3,
1769749318.4276536,SENT,74069ef2-33cd-488d-9783-68e841c8d46e,deb1b931-96bf-46f8-b263-23202971eece,c1,DROP,441,?,i9,
1769749318.4276977,FORWARDED,74069ef2-33cd-488d-9783-68e841c8d46e,deb1b931-96bf-46f8-b263-23202971eece,c1,DROP,441,?,i9,
1769749318.865542,FORWARDED,71b2721e-41b3-425b-a3cc-d1df96bd8035,be45ceda-4786-4468-a24a-09b5817eb967,c2,DROP,442,?,i12,
1769749318.9931254,RECEIVED,55ecfe47-4774-478a-9032-c0378fd9aa39,7f6bd26a-fff7-4b76-9606-0c5e4b075112,c5,DROP,688,i3,?,
1769749319.2154481,RECEIVED,ccba3666-20ff-4e84-8f79-324de20936d9,27e4e34e-61f4-4bad-b772-aea0dd99b32c,c3,DROP,684,i9,?,
1769749319.285418,RECEIVED,7f1f9276-cd76-46ed-8f23-5d9ff2c16cee,9f9fa69e-6c3d-427a-ae05-782575369ef9,c1,c5,1311,i2,?,
1769749319.3274796,SENT,ccba3666-20ff-4e84-8f79-324de20936d9,27e4e34e-61f4-4bad-b772-aea0dd99b32c,c3,DROP,441,?,i1,
1769749319.327521,FORWARDED,ccba3666-20ff-4e84-8f79-324de20936d9,27e4e34e-61f4-4bad-b772-aea0dd99b32c,c3,DROP,441,?,i1,
1769749319.379042,SENT,55ecfe47-4774-478a-9032-c0378fd9aa39,7f6bd26a-fff7-4b76-9606-0c5e4b075112,c5,DROP,442,?,x9,
1769749319.3790958,FORWARDED,55ecfe47-4774-478a-9032-c0378fd9aa39,7f6bd26a-fff7-4b76-9606-0c5e4b075112,c5,DROP,442,?,x9,
1769749319.5286474,RECEIVED,94569909-28a3-4b03-84e0-8a2e2a22dee3,f78009b9-bcae-46d7-bb77-575f2c5aaea6,c5,DROP,682,i9,?,
1769749319.5843134,RECEIVED,3a9f3f0b-0146-4216-8f55-079bfb08bf86,3bba12bb-3a89-4bd0-b3c9-5dae81ce49d6,c1,DROP,442,x10,?,
1769749319.6926246,SENT,7f1f9276-cd76-46ed-8f23-5d9ff2c16cee,9f9fa69e-6c3d-427a-ae05-782575369ef9,c1,c5,910,?,p2,
1769749319.6926665,FORWARDED,7f1f9276-cd76-46ed-8f23-5d9ff2c16cee,9f9fa69e-6c3d-427a-ae05-782575369ef9,c1,c5,910,?,p2,
1769749319.8225183,RECEIVED,cebba6a3-6d80-4b0e-8c04-4309fffd378b,f2fcb496-c8f8-44e9-9623-1e5327f0328f,c5,DROP,441,x12,?,
1769749320.1250196,RECEIVED,36bd85a6-1981-41b7-ab70-0856a7bf2559,77b04f7c-5c8e-422f-a8b0-d8daa8e5871e,c1,c5,1311,i1,?,
1769749320.3309045,SENT,94569909-28a3-4b03-84e0-8a2e2a22dee3,f78009b9-bcae-46d7-bb77-575f2c5aaea6,c5,DROP,440,?,x2,
1769749320.330946,FORWARDED,94569909-28a3-4b03-84e0-8a2e2a22dee3,f78009b9-bcae-46d7-bb77-575f2c5aaea6,c5,DROP,440,?,x2,
1769749320.3733044,RECEIVED,e7e97c04-a051-47cf-a5bf-b9662872d216,4b737bf4-270c-4b39-a89c-df61a000e54a,c2,c3,1311,i9,?,
1769749320.432215,RECEIVED,176ea8f5-6d0f-40ee-99fb-59ae37a3add7,a8ae591c-db3d-4379-a69c-62e61f90dd69,c1,None,1124,i9,?,
1769749320.4344075,RECEIVED,f1a74b26-d2a8-48ad-8524-05181a1d08bb,64042fad-174e-422c-aa06-5e8b0fd36751,c3,c2,1312,i2,?,
1769749320.4979475,SENT,36bd85a6-1981-41b7-ab70-0856a7bf2559,77b04f7c-5c8e-422f-a8b0-d8daa8e5871e,c1,c5,912,?,p2,
1769749320.4986005,FORWARDED,36bd85a6-1981-41b7-ab70-0856a7bf2559,77b04f7c-5c8e-422f-a8b0-d8daa8e5871e,c1,c5,912,?,p2,
1769749320.5220668,SENT,176ea8f5-6d0f-40ee-99fb-59ae37a3add7,a8ae591c-db3d-4379-a69c-62e61f90dd69,c1,None,770,?,p1,
1769749320.522111,FORWARDED,176ea8f5-6d0f-40ee-99fb-59ae37a3add7,a8ae591c-db3d-4379-a69c-62e61f90dd69,c1,None,770,?,p1,
1769749320.6502194,RECEIVED,35eb764c-3f2c-4f18-8a18-7bc5bb72740c,37aae36a-5d36-4023-b8aa-35254fb5f90e,c3,DROP,442,x12,?,
1769749320.664341,SENT,e7e97c04-a051-47cf-a5bf-b9662872d216,4b737bf4-270c-4b39-a89c-df61a000e54a,c2,c3,912,?,p3,
1769749320.6643782,FORWARDED,e7e97c04-a051-47cf-a5bf-b9662872d216,4b737bf4-270c-4b39-a89c-df61a000e54a,c2,c3,912,?,p3,
1769749320.8446114,RECEIVED,526957cd-1b34-4cc2-98d2-77da3e86de62,0b55d38d-95e6-44a0-9859-37bd1e898744,c2,None,1129,i7,?,
1769749320.885326,SENT,526957cd-1b34-4cc2-98d2-77da3e86de62,0b55d38d-95e6-44a0-9859-37bd1e898744,c2,None,772,?,p3,
1769749320.8853629,FORWARDED,526957cd-1b34-4cc2-98d2-77da3e86de62,0b55d38d-95e6-44a0-9859-37bd1e898744,c2,None,772,?,p3,
1769749320.8884225,RECEIVED,149285b6-8b6a-4f98-9d30-c5a623caca16,7a9b5278-9d8e-4644-8b6b-d8399a1b3bdb,c2,DROP,684,i3,?,
1769749320.9283094,SENT,f1a74b26-d2a8-48ad-8524-05181a1d08bb,64042fad-174e-422c-aa06-5e8b0fd36751,c3,c2,911,?,p2,
1769749320.9283514,FORWARDED,f1a74b26-d2a8-48ad-8524-05181a1d08bb,64042fad-174e-422c-aa06-5e8b0fd36751,c3,c2,911,?,p2,
1769749321.0071006,RECEIVED,b132a497-75db-43ac-be9f-10216d0122c5,4562bc02-b999-43bc-a723-09789bc4324b,c4,c1,1315,i2,?,
1769749321.4049408,SENT,b132a497-75db-43ac-be9f-10216d0122c5,4562bc02-b999-43bc-a723-09789bc4324b,c4,c1,915,?,p1,
1769749321.4049833,FORWARDED,b132a497-75db-43ac-be9f-10216d0122c5,4562bc02-b999-43bc-a723-09789bc4324b,c4,c1,915,?,p1,
1769749321.4146342,RECEIVED,6e5c7f1d-7901-4ea8-9305-36d058b90c7c,7be3d2e6-239f-4248-89e5-60bb1cf33aea,c2,c3,1260,i1,?,
1769749321.4166396,RECEIVED,6b111a0f-2f72-4bcd-a331-4c172e5c61cd,a79e3920-52d2-41ad-8b3e-4a5efb0a2274,c3,None,1130,i4,?,
1769749321.6042368,RECEIVED,13439cd1-f310-4b29-bd35-1353e5485ea0,acab4c3b-d4ee-461c-baf9-11f5f7db16ed,c5,None,1122,i1,?,
1769749321.6690755,SENT,6e5c7f1d-7901-4ea8-9305-36d058b90c7c,7be3d2e6-239f-4248-89e5-60bb1cf33aea,c2,c3,871,?,p3,
1769749321.6691167,FORWARDED,6e5c7f1d-7901-4ea8-9305-36d058b90c7c,7be3d2e6-239f-4248-89e5-60bb1cf33aea,c2,c3,871,?,p3,
1769749321.6867316,RECEIVED,de103df8-d137-46f8-8f1f-d84920516cf6,d4e4859b-9b8f-42bc-b6de-ae3cddb14765,c4,DROP,687,i2,?,
1769749321.7223587,SENT,149285b6-8b6a-4f98-9d30-c5a623caca16,7a9b5278-9d8e-4644-8b6b-d8399a1b3bdb,c2,DROP,441,?,x11,
1769749321.7224,FORWARDED,149285b6-8b6a-4f98-9d30-c5a623caca16,7a9b5278-9d8e-4644-8b6b-d8399a1b3bdb,c2,DROP,441,?,x11,
1769749321.8092654,SENT,6b111a0f-2f72-4bcd-a331-4c172e5c61cd,a79e3920-52d2-41ad-8b3e-4a5efb0a2274,c3,None,775,?,p2,
1769749321.8093066,FORWARDED,6b111a0f-2f72-4bcd-a331-4c172e5c61cd,a79e3920-52d2-41ad-8b3e-4a5efb0a2274,c3,None,775,?,p2,
1769749321.9027493,RECEIVED,fe898b43-119c-408b-b9cc-48f24961c93f,19a758f9-a127-40b7-b938-ab6da37f018a,c3,None,1123,i5,?,
1769749322.002891,RECEIVED,91cc95ca-551a-4d53-ad2b-f3603cd99d45,32dcadbe-6542-42dd-8624-62eb05666069,c3,DROP,441,x9,?,
1769749322.062486,RECEIVED,f2c28c83-9c2e-4012-a986-8afb2449117d,b4f63d19-ca81-4fd0-be3d-38a2f93ce926,c3,c2,1252,i4,?,
1769749322.206593,SENT,f2c28c83-9c2e-4012-a986-8afb2449117d,b4f63d19-ca81-4fd0-be3d-38a2f93ce926,c3,c2,866,?,p2,
1769749322.2066364,FORWARDED,f2c28c83-9c2e-4012-a986-8afb2449117d,b4f63d19-ca81-4fd0-be3d-38a2f93ce926,c3,c2,866,?,p2,
1769749322.285028,RECEIVED,0f010d29-6f1a-4d9e-8179-ba6fe9989364,b1504889-a02d-4fc9-8e75-c58b19289315,c2,c3,1312,i1,?,
1769749322.3589818,SENT,0f010d29-6f1a-4d9e-8179-ba6fe9989364,b1504889-a02d-4fc9-8e75-c58b19289315,c2,c3,911,?,p3,
1769749322.3590233,FORWARDED,0f010d29-6f1a-4d9e-8179-ba6fe9989364,b1504889-a02d-4fc9-8e75-c58b19289315,c2,c3,911,?,p3,
1769749322.371274,RECEIVED,9d910aed-7b96-440d-af05-14afd019c24d,81e5d058-8a80-4ac6-8ac9-5b5f0fa3652a,c3,DROP,683,i8,?,
1769749322.4486825,RECEIVED,497132a3-e583-4698-b162-94d992c9b16e,c86ba4a8-7be9-45af-be10-082c9c49c8b4,c1,DROP,684,i6,?,
1769749322.5010245,RECEIVED,b319a989-c6db-4e86-9c06-1181c6362b4e,4d6193be-8cac-45dd-8ccd-e890c4732c90,c2,c3,1250,i4,?,
1769749322.552196,SENT,de103df8-d137-46f8-8f1f-d84920516cf6,d4e4859b-9b8f-42bc-b6de-ae3cddb14765,c4,DROP,442,?,e9,
1769749322.552236,FORWARDED,de103df8-d137-46f8-8f1f-d84920516cf6,d4e4859b-9b8f-42bc-b6de-ae3cddb14765,c4,DROP,442,?,e9,
1769749322.5792675,RECEIVED,73e9e8fc-38b9-4f65-a299-a2ccf2a7b47e,65ac9073-8f37-4241-b011-41501da0bc3f,c4,c1,1310,i4,?,
1769749322.68875,SENT,497132a3-e583-4698-b162-94d992c9b16e,c86ba4a8-7be9-45af-be10-082c9c49c8b4,c1,DROP,441,?,i1,
1769749322.6887915,FORWARDED,497132a3-e583-4698-b162-94d992c9b16e,c86ba4a8-7be9-45af-be10-082c9c49c8b4,c1,DROP,441,?,i1,
1769749322.7316298,RECEIVED,6b16d37e-70de-4271-b85a-45334fa115b0,6b003ec8-a653-4a1f-bc40-3c82c302170d,c5,None,1132,i5,?,
1769749322.7578678,RECEIVED,e53a56cc-e2fd-4a44-b6f1-18d193e0deae,383b80b1-e691-4883-b70e-4ed6e84fd16d,c4,DROP,684,i4,?,
1769749322.797776,SENT,6b16d37e-70de-4271-b85a-45334fa115b0,6b003ec8-a653-4a1f-bc40-3c82c302170d,c5,None,775,?,p1,
1769749322.7979045,FORWARDED,6b16d37e-70de-4271-b85a-45334fa115b0,6b003ec8-a653-4a1f-bc40-3c82c302170d,c5,None,775,?,p1,
1769749322.8397596,RECEIVED,bcfe551b-8be2-41ac-83ae-c2e2f5e6aef8,8e69387f-e9e2-4143-a958-362c36a37e3f,c1,DROP,442,x4,?,
1769749322.8777044,RECEIVED,01d40eb0-2eb4-4c00-a6c5-c4e73e1548bb,aa46acdd-35e3-4636-883e-c67f40dba473,c2,DROP,688,i5,?,
1769749322.9881492,SENT,e53a56cc-e2fd-4a44-b6f1-18d193e0deae,383b80b1-e691-4883-b70e-4ed6e84fd16d,c4,DROP,441,?,i3,
1769749322.9881854,FORWARDED,e53a56cc-e2fd-4a44-b6f1-18d193e0deae,383b80b1-e691-4883-b70e-4ed6e84fd16d,c4,DROP,441,?,i3,
1769749323.046775,RECEIVED,562646c9-45e2-4739-93c4-14218ff42f92,f0e4da7a-9dfb-4ee8-b940-25bba321a8e2,c2,None,1131,i9,?,
1769749323.1558697,RECEIVED,ba39d6d7-9976-422c-842d-3acfbc9f9c54,ca71c2cf-bd0c-4b9b-a54e-dce5e50c0d2d,c4,DROP,689,i3,?,
1769749323.2297146,SENT,01d40eb0-2eb4-4c00-a6c5-c4e73e1548bb,aa46acdd-35e3-4636-883e-c67f40dba473,c2,DROP,442,?,e9,
1769749323.229755,FORWARDED,01d40eb0-2eb4-4c00-a6c5-c4e73e1548bb,aa46acdd-35e3-4636-883e-c67f40dba473,c2,DROP,442,?,e9,
1769749323.2329323,SENT,fe898b43-119c-408b-b9cc-48f24961c93f,19a758f9-a127-40b7-b938-ab6da37f018a,c3,None,771,?,p2,
1769749323.2329767,FORWARDED,fe898b43-119c-408b-b9cc-48f24961c93f,19a758f9-a127-40b7-b938-ab6da37f018a,c3,None,771,?,p2,
1769749323.3306928,RECEIVED,e971541c-91cb-4a8f-8bff-6bf58e0194d6,f29f00a8-05c4-4b9b-8f6e-d22eda3e35f6,c1,DROP,442,x12,?,
1769749323.4255328,SENT,9d910aed-7b96-440d-af05-14afd019c24d,81e5d058-8a80-4ac6-8ac9-5b5f0fa3652a,c3,DROP,441,?,x9,
1769749323.425569,FORWARDED,9d910aed-7b96-440d-af05-14afd019c24d,81e5d058-8a80-4ac6-8ac9-5b5f0fa3652a,c3,DROP,441,?,x9,
1769749323.4635782,SENT,ba39d6d7-9976-422c-842d-3acfbc9f9c54,ca71c2cf-bd0c-4b9b-a54e-dce5e50c0d2d,c4,DROP,442,?,e11,
1769749323.4636185,FORWARDED,ba39d6d7-9976-422c-842d-3acfbc9f9c54,ca71c2cf-bd0c-4b9b-a54e-dce5e50c0d2d,c4,DROP,442,?,e11,
1769749323.474463,RECEIVED,337e76db-fa20-4332-90e7-fc7f5a711a9e,e31f4053-4352-4240-85fe-3d4d6679fb08,c2,c3,1260,i7,?,
1769749323.5096488,SENT,13439cd1-f310-4b29-bd35-1353e5485ea0,acab4c3b-d4ee-461c-baf9-11f5f7db16ed,c5,None,771,?,p1,
1769749323.5096903,FORWARDED,13439cd1-f310-4b29-bd35-1353e5485ea0,acab4c3b-d4ee-461c-baf9-11f5f7db16ed,c5,None,771,?,p1,
1769749323.58797,SENT,337e76db-fa20-4332-90e7-fc7f5a711a9e,e31f4053-4352-4240-85fe-3d4d6679fb08,c2,c3,871,?,p3,
1769749323.5880103,FORWARDED,337e76db-fa20-4332-90e7-fc7f5a711a9e,e31f4053-4352-4240-85fe-3d4d6679fb08,c2,c3,871,?,p3,
1769749323.6098347,RECEIVED,3e29d4d9-b390-4251-9482-3ca8290c21b6,9b510185-61e4-4e6e-b461-c5ff0178d094,c3,c2,1255,i6,?,
1769749323.6276634,RECEIVED,8d588973-57ac-4232-bcb8-0411c93dee17,61802888-8dcf-4a98-909a-3a47c039b2d7,c5,DROP,689,i6,?,
1769749323.6528971,SENT,b319a989-c6db-4e86-9c06-1181c6362b4e,4d6193be-8cac-45dd-8ccd-e890c4732c90,c2,c3,867,?,p3,
1769749323.6529388,FORWARDED,b319a989-c6db-4e86-9c06-1181c6362b4e,4d6193be-8cac-45dd-8ccd-e890c4732c90,c2,c3,867,?,p3,
1769749323.6975236,SENT,8d588973-57ac-4232-bcb8-0411c93dee17,61802888-8dcf-4a98-909a-3a47c039b2d7,c5,DROP,442,?,e9,
1769749323.6975772,FORWARDED,8d588973-57ac-4232-bcb8-0411c93dee17,61802888-8dcf-4a98-909a-3a47c039b2d7,c5,DROP,442,?,e9,
1769749323.7496006,RECEIVED,042ddb7f-5859-44fe-b40f-4ae65924fc0b,75368546-300d-42de-9909-6fc5f7adc53a,c3,c2,1315,i1,?,
1769749323.9488387,RECEIVED,c7136308-58b4-4e2e-ad0e-1cdb3299708f,254d7c20-965a-421b-8c85-6b566e26e265,c5,c3,1251,i4,?,
1769749324.0468786,SENT,3e29d4d9-b390-4251-9482-3ca8290c21b6,9b510185-61e4-4e6e-b461-c5ff0178d094,c3,c2,868,?,p2,
1769749324.0469189,FORWARDED,3e29d4d9-b390-4251-9482-3ca8290c21b6,9b510185-61e4-4e6e-b461-c5ff0178d094,c3,c2,868,?,p2,
1769749324.146118,SENT,562646c9-45e2-4739-93c4-14218ff42f92,f0e4da7a-9dfb-4ee8-b940-25bba321a8e2,c2,None,775,?,p3,
1769749324.146162,FORWARDED,562646c9-45e2-4739-93c4-14218ff42f92,f0e4da7a-9dfb-4ee8-b940-25bba321a8e2,c2,None,775,?,p3,
1769749324.2458773,RECEIVED,a357ad48-0fa7-4a3a-bae7-794dd196dcb7,872ed88d-b8c7-4505-a5af-0540dc40d403,c2,None,1122,i5,?,
1769749324.4134102,SENT,042ddb7f-5859-44fe-b40f-4ae65924fc0b,75368546-300d-42de-9909-6fc5f7adc53a,c3,c2,914,?,p2,
1769749324.4134512,FORWARDED,042ddb7f-5859-44fe-b40f-4ae65924fc0b,75368546-300d-42de-9909-6fc5f7adc53a,c3,c2,914,?,p2,
1769749324.4464695,RECEIVED,b41c842c-b62c-4936-b418-d858872325bf,cbff7126-a642-4c4a-a9fc-f6205f60e87d,c1,c5,1255,i4,?,
1769749324.4850743,RECEIVED,17aeef5b-6862-44fb-8685-17bb62ffee26,47eddf78-6820-44c1-83fc-a5d8e63dd82c,c2,DROP,687,i2,?,
1769749324.7462137,RECEIVED,2ea37ad2-490f-403a-83de-085fff11f44e,9f529ca8-6e72-46e3-a0a7-0a7a8a9964d7,c3,DROP,687,i7,?,
1769749324.7475681,SENT,c7136308-58b4-4e2e-ad0e-1cdb3299708f,254d7c20-965a-421b-8c85-6b566e26e265,c5,c3,867,?,p3,
1769749324.747607,FORWARDED,c7136308-58b4-4e2e-ad0e-1cdb3299708f,254d7c20-965a-421b-8c85-6b566e26e265,c5,c3,867,?,p3,
1769749324.8597474,RECEIVED,e4a05aa7-98df-43ff-93d0-6c77e659b496,4ff4b64c-389d-49e0-8a4c-f5e867c48158,c2,c3,1311,i9,?,
1769749324.8855157,SENT,17aeef5b-6862-44fb-8685-17bb62ffee26,47eddf78-6820-44c1-83fc-a5d8e63dd82c,c2,DROP,442,?,x2,
1769749324.8855584,FORWARDED,17aeef5b-6862-44fb-8685-17bb62ffee26,47eddf78-6820-44c1-83fc-a5d8e63dd82c,c2,DROP,442,?,x2,
1769749324.9131913,SENT,b41c842c-b62c-4936-b418-d858872325bf,cbff7126-a642-4c4a-a9fc-f6205f60e87d,c1,c5,868,?,p2,
1769749324.9132323,FORWARDED,b41c842c-b62c-4936-b418-d858872325bf,cbff7126-a642-4c4a-a9fc-f6205f60e87d,c1,c5,868,?,p2,
1769749324.9691107,RECEIVED,df68f87f-566f-42dc-bb49-20c5a322778c,3691f649-9ef3-482d-9d2e-7e572aa7fa5a,c3,DROP,687,i9,?,
1769749325.019797,FORWARDED,df68f87f-566f-42dc-bb49-20c5a322778c,3691f649-9ef3-482d-9d2e-7e572aa7fa5a,c3,DROP,441,?,i10,
1769749325.0505414,RECEIVED,101db630-c2f7-4a89-9222-53b37022d9f1,16839b24-9af1-42ee-ab7b-0d552722ac00,c2,c3,1319,i7,?,
1769749325.0778923,SENT,73e9e8fc-38b9-4f65-a299-a2ccf2a7b47e,65ac9073-8f37-4241-b011-41501da0bc3f,c4,c1,911,?,p1,
1769749325.0779421,FORWARDED,73e9e8fc-38b9-4f65-a299-a2ccf2a7b47e,65ac9073-8f37-4241-b011-41501da0bc3f,c4,c1,911,?,p1,
1769749325.6097887,SENT,2ea37ad2-490f-403a-83de-085fff11f44e,9f529ca8-6e72-46e3-a0a7-0a7a8a9964d7,c3,DROP,442,?,x5,
1769749325.609833,FORWARDED,2ea37ad2-490f-403a-83de-085fff11f44e,9f529ca8-6e72-46e3-a0a7-0a7a8a9964d7,c3,DROP,442,?,x5,
1769749325.6151001,RECEIVED,44f56854-384a-4fa4-8ecf-0d0895f0bc29,bd74d909-454c-4df6-9a09-c2c4ef62cc92,c3,DROP,682,i2,?,
1769749325.6282814,SENT,101db630-c2f7-4a89-9222-53b37022d9f1,16839b24-9af1-42ee-ab7b-0d552722ac00,c2,c3,916,?,p3,
1769749325.62832,FORWARDED,101db630-c2f7-4a89-9222-53b37022d9f1,16839b24-9af1-42ee-ab7b-0d552722ac00,c2,c3,916,?,p3,
1769749325.7241762,SENT,e4a05aa7-98df-43ff-93d0-6c77e659b496,4ff4b64c-389d-49e0-8a4c-f5e867c48158,c2,c3,910,?,p3,
1769749325.724218,FORWARDED,e4a05aa7-98df-43ff-93d0-6c77e659b496,4ff4b64c-389d-49e0-8a4c-f5e867c48158,c2,c3,910,?,p3,
1769749325.7841241,RECEIVED,44864bb3-e899-4036-b2ae-e730444162ba,49727933-6b01-4a9d-9fc0-3bc379402cbf,c1,c5,1308,i1,?,
1769749325.8839078,RECEIVED,ec3ddaed-90e4-4779-9e00-4548c95b3174,bd660543-83d7-4801-83d9-aca00fbf048d,c5,None,1123,i1,?,
1769749326.0087557,RECEIVED,d5f9fc40-d638-4b82-808e-0b80f457e648,054a9e7c-8040-40e6-8a57-a8e1e1139fbd,c1,DROP,690,i3,?,
1769749326.0308166,SENT,d5f9fc40-d638-4b82-808e-0b80f457e648,054a9e7c-8040-40e6-8a57-a8e1e1139fbd,c1,DROP,442,?,e12,
1769749326.0308597,FORWARDED,d5f9fc40-d638-4b82-808e-0b80f457e648,054a9e7c-8040-40e6-8a57-a8e1e1139fbd,c1,DROP,442,?,e12,
1769749326.0850875,SENT,44864bb3-e899-4036-b2ae-e730444162ba,49727933-6b01-4a9d-9fc0-3bc379402cbf,c1,c5,909,?,p2,
1769749326.0851266,FORWARDED,44864bb3-e899-4036-b2ae-e730444162ba,49727933-6b01-4a9d-9fc0-3bc379402cbf,c1,c5,909,?,p2,
1769749326.1382742,RECEIVED,b87bc819-510b-41e3-a26c-7ce4a78f8436,8cadae48-1851-4ba0-8e01-591113d3b7ff,c2,None,1128,i7,?,
1769749326.24764,SENT,44f56854-384a-4fa4-8ecf-0d0895f0bc29,bd74d909-454c-4df6-9a09-c2c4ef62cc92,c3,DROP,441,?,x1,
1769749326.2476766,FORWARDED,44f56854-384a-4fa4-8ecf-0d0895f0bc29,bd74d909-454c-4df6-9a09-c2c4ef62cc92,c3,DROP,441,?,x1,
1769749326.319845,SENT,a357ad48-0fa7-4a3a-bae7-794dd196dcb7,872ed88d-b8c7-4505-a5af-0540dc40d403,c2,None,771,?,p3,
1769749326.319886,FORWARDED,a357ad48-0fa7-4a3a-bae7-794dd196dcb7,872ed88d-b8c7-4505-a5af-0540dc40d403,c2,None,771,?,p3,
1769749326.3497503,SENT,b87bc819-510b-41e3-a26c-7ce4a78f8436,8cadae48-1851-4ba0-8e01-591113d3b7ff,c2,None,772,?,p3,
1769749326.3497863,FORWARDED,b87bc819-510b-41e3-a26c-7ce4a78f8436,8cadae48-1851-4ba0-8e01-591113d3b7ff,c2,None,772,?,p3,
1769749326.4659736,SENT,ec3ddaed-90e4-4779-9e00-4548c95b3174,bd660543-83d7-4801-83d9-aca00fbf048d,c5,None,771,?,p1,
1769749326.4660156,FORWARDED,ec3ddaed-90e4-4779-9e00-4548c95b3174,bd660543-83d7-4801-83d9-aca00fbf048d,c5,None,771,?,p1,
1769749326.5076785,RECEIVED,2fa21c5f-b307-4221-8242-2c9715c989e5,9e1d4f07-595c-463e-be45-6c01b0c82b6f,c5,DROP,440,x6,?,
1769749326.5105426,RECEIVED,53c0f8de-1a38-4fe6-a96e-a6e93e971cd2,cb771123-7ad0-4d65-b746-9c4d67895ef4,c1,DROP,685,i3,?,
1769749326.5454142,SENT,53c0f8de-1a38-4fe6-a96e-a6e93e971cd2,cb771123-7ad0-4d65-b746-9c4d67895ef4,c1,DROP,441,?,i8,
1769749326.5454535,FORWARDED,53c0f8de-1a38-4fe6-a96e-a6e93e971cd2,cb771123-7ad0-4d65-b746-9c4d67895ef4,c1,DROP,441,?,i8,
1769749326.6351662,RECEIVED,629955b8-ebf3-437a-aa74-aedf64554ee8,dccf82f3-135b-4957-9ada-e1a115cb5b04,c3,DROP,683,i8,?,
1769749326.8244176,RECEIVED,357d1673-d05e-4fb7-a809-9d67761a49eb,a84252f0-11f4-4776-a7b7-b5104424037c,c3,DROP,684,i3,?,
1769749326.90528,RECEIVED,fe19164a-317c-40db-b188-204f208c187e,037abf1a-d2ce-417b-bea5-6962280b4713,c4,DROP,441,x4,?,
1769749327.005212,RECEIVED,111baca7-2f74-4d27-8590-2cfea9c1bf07,a01b5be5-41bc-4b4b-9190-450fa08a4a4a,c1,DROP,683,i2,?,
1769749327.1323218,RECEIVED,b029c9f9-efae-4640-af97-51111a111d3f,8adc3484-9c89-421c-9a3c-3628695176be,c2,c3,1312,i1,?,
1769749327.1563325,RECEIVED,ac65e549-8527-475f-874f-7113822610fc,690a5d87-f183-4cff-91f0-f2fe9f10ba94,c3,DROP,688,i5,?,
1769749327.1848028,SENT,357d1673-d05e-4fb7-a809-9d67761a49eb,a84252f0-11f4-4776-a7b7-b5104424037c,c3,DROP,441,?,x11,
1769749327.1848447,FORWARDED,357d1673-d05e-4fb7-a809-9d67761a49eb,a84252f0-11f4-4776-a7b7-b5104424037c,c3,DROP,441,?,x11,
1769749327.212879,RECEIVED,5403ad96-5733-40f1-b5d9-836aedfe0ba3,94207334-4777-47b2-8612-4282e33a26fc,c2,DROP,684,i9,?,
1769749327.3158114,RECEIVED,a8b11803-14ff-41fb-afdc-58ce9587b76f,5ed78e93-4b47-46d9-a329-5c22c6bbf68e,c5,c3,1308,i4,?,
1769749327.3299458,SENT,5403ad96-5733-40f1-b5d9-836aedfe0ba3,94207334-4777-47b2-8612-4282e33a26fc,c2,DROP,441,?,i2,
1769749327.3299856,FORWARDED,5403ad96-5733-40f1-b5d9-836aedfe0ba3,94207334-4777-47b2-8612-4282e33a26fc,c2,DROP,441,?,i2,
1769749327.3886359,SENT,ac65e549-8527-475f-874f-7113822610fc,690a5d87-f183-4cff-91f0-f2fe9f10ba94,c3,DROP,442,?,i7,
1769749327.388675,FORWARDED,ac65e549-8527-475f-874f-7113822610fc,690a5d87-f183-4cff-91f0-f2fe9f10ba94,c3,DROP,442,?,i7,
1769749327.4067283,RECEIVED,99c9365e-dce6-43c4-925e-7e61257b4129,3c13c617-3fc5-469c-9c4c-05790f48371c,c5,DROP,679,i5,?,
1769749327.432388,SENT,a8b11803-14ff-41fb-afdc-58ce9587b76f,5ed78e93-4b47-46d9-a329-5c22c6bbf68e,c5,c3,909,?,p3,
1769749327.432423,FORWARDED,a8b11803-14ff-41fb-afdc-58ce9587b76f,5ed78e93-4b47-46d9-a329-5c22c6bbf68e,c5,c3,909,?,p3,
1769749327.491153,RECEIVED,2892246e-b1ff-486d-be10-49a08badd9f5,7cbfbdb8-bfb0-45dd-aedc-8b3b2b06ddb2,c4,DROP,688,i8,?,
1769749327.5512364,SENT,b029c9f9-efae-4640-af97-51111a111d3f,8adc3484-9c89-421c-9a3c-3628695176be,c2,c3,911,?,p3,
1769749327.5512774,FORWARDED,b029c9f9-efae-4640-af97-51111a111d3f,8adc3484-9c89-421c-9a3c-3628695176be,c2,c3,911,?,p3,
1769749327.584664,RECEIVED,2352ce7b-54c0-4755-8107-dc6e5b361e55,7680d136-1e6d-4775-9a28-da453fec0426,c4,c1,1252,i9,?,
1769749327.615712,RECEIVED,c3932908-03cd-43fd-b219-ff6fcdd12f59,c95b29c3-6c2a-4d0f-aa6b-59bbbe24f7b9,c1,DROP,681,i5,?,
1769749327.6172593,RECEIVED,75156c58-aca2-4b4e-8878-2ce642bc978c,53f50c6e-9341-44fc-9b71-2d8e0dc0a47c,c3,c2,1318,i1,?,
1769749327.6526039,SENT,c3932908-03cd-43fd-b219-ff6fcdd12f59,c95b29c3-6c2a-4d0f-aa6b-59bbbe24f7b9,c1,DROP,437,?,x3,
1769749327.6526463,FORWARDED,c3932908-03cd-43fd-b219-ff6fcdd12f59,c95b29c3-6c2a-4d0f-aa6b-59bbbe24f7b9,c1,DROP,437,?,x3,
1769749327.6913474,SENT,2352ce7b-54c0-4755-8107-dc6e5b361e55,7680d136-1e6d-4775-9a28-da453fec0426,c4,c1,867,?,p1,
1769749327.6913877,FORWARDED,2352ce7b-54c0-4755-8107-dc6e5b361e55,7680d136-1e6d-4775-9a28-da453fec0426,c4,c1,867,?,p1,
1769749327.703305,SENT,99c9365e-dce6-43c4-925e-7e61257b4129,3c13c617-3fc5-469c-9c4c-05790f48371c,c5,DROP,438,?,e9,
1769749327.7033458,FORWARDED,99c9365e-dce6-43c4-925e-7e61257b4129,3c13c617-3fc5-469c-9c4c-05790f48371c,c5,DROP,438,?,e9,
1769749327.7064726,SENT,629955b8-ebf3-437a-aa74-aedf64554ee8,dccf82f3-135b-4957-9ada-e1a115cb5b04,c3,DROP,440,?,e1,
1769749327.7065125,FORWARDED,629955b8-ebf3-437a-aa74-aedf64554ee8,dccf82f3-135b-4957-9ada-e1a115cb5b04,c3,DROP,440,?,e1,
1769749327.7224643,RECEIVED,cfb4fcc8-1476-462f-9bc4-14a178c849ad,abeb5954-e358-43b4-b030-06f2326e459d,c4,DROP,688,i4,?,
1769749327.731172,SENT,2892246e-b1ff-486d-be10-49a08badd9f5,7cbfbdb8-bfb0-45dd-aedc-8b3b2b06ddb2,c4,DROP,442,?,i2,
1769749327.7312107,FORWARDED,2892246e-b1ff-486d-be10-49a08badd9f5,7cbfbdb8-bfb0-45dd-aedc-8b3b2b06ddb2,c4,DROP,442,?,i2,
1769749327.7437654,RECEIVED,d3405038-24d1-4120-b787-0032b456d659,e1971ec6-2daa-4c92-9057-136ee93a6db4,c1,c5,1255,i8,?,
1769749327.7508793,SENT,cfb4fcc8-1476-462f-9bc4-14a178c849ad,abeb5954-e358-43b4-b030-06f2326e459d,c4,DROP,443,?,e2,
1769749327.750921,FORWARDED,cfb4fcc8-1476-462f-9bc4-14a178c849ad,abeb5954-e358-43b4-b030-06f2326e459d,c4,DROP,443,?,e2,
1769749327.8174183,SENT,111baca7-2f74-4d27-8590-2cfea9c1bf07,a01b5be5-41bc-4b4b-9190-450fa08a4a4a,c1,DROP,441,?,e4,
1769749327.8174593,FORWARDED,111baca7-2f74-4d27-8590-2cfea9c1bf07,a01b5be5-41bc-4b4b-9190-450fa08a4a4a,c1,DROP,441,?,e4,
1769749327.9910684,RECEIVED,f1bf99a3-3405-484d-aa3b-3a8e594fb82c,df03c3a4-521d-4633-a7d2-8b34c457cc87,c2,DROP,441,x12,?,
1769749328.0729554,RECEIVED,61e6e6c4-4e92-41c4-9c2f-e46813a10154,4ca25493-3474-46ef-aec3-c57f0e0e5a53,c3,c2,1311,i4,?,
1769749328.088688,RECEIVED,82c9e2ee-70bb-4455-aceb-b2e678612a83,67455c81-e512-4cb3-a6ef-8f1a0e803a46,c1,c5,1311,i4,?,
1769749328.1907814,SENT,75156c58-aca2-4b4e-8878-2ce642bc978c,53f50c6e-9341-44fc-9b71-2d8e0dc0a47c,c3,c2,916,?,p2,
1769749328.1908207,FORWARDED,75156c58-aca2-4b4e-8878-2ce642bc978c,53f50c6e-9341-44fc-9b71-2d8e0dc0a47c,c3,c2,916,?,p2,
1769749328.220698,SENT,61e6e6c4-4e92-41c4-9c2f-e46813a10154,4ca25493-3474-46ef-aec3-c57f0e0e5a53,c3,c2,912,?,p2,
1769749328.2207394,FORWARDED,61e6e6c4-4e92-41c4-9c2f-e46813a10154,4ca25493-3474-46ef-aec3-c57f0e0e5a53,c3,c2,912,?,p2,
1769749328.347183,SENT,d3405038-24d1-4120-b787-0032b456d659,e1971ec6-2daa-4c92-9057-136ee93a6db4,c1,c5,868,?,p2,
1769749328.3472207,FORWARDED,d3405038-24d1-4120-b787-0032b456d659,e1971ec6-2daa-4c92-9057-136ee93a6db4,c1,c5,868,?,p2,
1769749328.3873343,RECEIVED,217d118a-b170-4fb0-91f3-7cb46b7df3fd,e7e2f3a1-172c-4661-8054-81643e730e39,c1,DROP,682,i3,?,
1769749328.426897,SENT,82c9e2ee-70bb-4455-aceb-b2e678612a83,67455c81-e512-4cb3-a6ef-8f1a0e803a46,c1,c5,911,?,p2,
1769749328.4269323,FORWARDED,82c9e2ee-70bb-4455-aceb-b2e678612a83,67455c81-e512-4cb3-a6ef-8f1a0e803a46,c1,c5,911,?,p2,
1769749328.4571166,RECEIVED,6bb81f98-e9c0-41ad-83fe-4e001c99829b,22873b52-f396-4ce3-8d9f-bcba47d1f68c,c2,DROP,442,x1,?,
1769749328.8692615,RECEIVED,1f178784-ab82-470f-b216-408ab9bbbeed,9253d69b-9e79-4670-8c6c-ec43ed1413fd,c2,None,1122,i5,?,
1769749328.8786116,RECEIVED,f6c0a42b-bc97-46ac-bb84-3e4e2300f0cd,26ee953f-90aa-4817-a805-13f4ba4236f1,c5,None,1131,i4,?,
1769749328.9408712,RECEIVED,309ee63f-b778-4c31-9947-424d84fa0f1f,a8b479ad-06a0-4622-a90c-2ba2dc483d56,c3,None,1132,i3,?,
1769749328.9454403,SENT,217d118a-b170-4fb0-91f3-7cb46b7df3fd,e7e2f3a1-172c-4661-8054-81643e730e39,c1,DROP,441,?,x6,
1769749328.9454775,FORWARDED,217d118a-b170-4fb0-91f3-7cb46b7df3fd,e7e2f3a1-172c-4661-8054-81643e730e39,c1,DROP,441,?,x6,
1769749329.0643866,SENT,309ee63f-b778-4c31-9947-424d84fa0f1f,a8b479ad-06a0-4622-a90c-2ba2dc483d56,c3,None,776,?,p2,
1769749329.064425,FORWARDED,309ee63f-b778-4c31-9947-424d84fa0f1f,a8b479ad-06a0-4622-a90c-2ba2dc483d56,c3,None,776,?,p2,
1769749329.163268,RECEIVED,e38c7684-e9b3-48a3-a0e1-669628aaaf41,4e61b62b-cfc6-4f0e-b732-fc04e6ec0766,c2,DROP,687,i7,?,
1769749329.196368,RECEIVED,2a007f05-cbf8-4b9a-a2ab-64fbe6baba8f,b574f81b-0fee-4794-9897-96b759ad8a83,c1,DROP,683,i1,?,
1769749329.3788393,SENT,1f178784-ab82-470f-b216-408ab9bbbeed,9253d69b-9e79-4670-8c6c-ec43ed1413fd,c2,None,771,?,p3,
1769749329.378881,FORWARDED,1f178784-ab82-470f-b216-408ab9bbbeed,9253d69b-9e79-4670-8c6c-ec43ed1413fd,c2,None,771,?,p3,
1769749329.6286318,RECEIVED,f8167214-a776-43d0-93dd-80cc1265a937,7a9aa506-72dd-48bf-99c6-1751b8e902ca,c2,None,1132,i7,?,
1769749329.730229,SENT,f8167214-a776-43d0-93dd-80cc1265a937,7a9aa506-72dd-48bf-99c6-1751b8e902ca,c2,None,775,?,p3,
1769749329.7302709,FORWARDED,f8167214-a776-43d0-93dd-80cc1265a937,7a9aa506-72dd-48bf-99c6-1751b8e902ca,c2,None,775,?,p3,
1769749329.797525,SENT,2a007f05-cbf8-4b9a-a2ab-64fbe6baba8f,b574f81b-0fee-4794-9897-96b759ad8a83,c1,DROP,441,?,x3,
1769749329.797567,FORWARDED,2a007f05-cbf8-4b9a-a2ab-64fbe6baba8f,b574f81b-0fee-4794-9897-96b759ad8a83,c1,DROP,441,?,x3,
1769749329.8251448,RECEIVED,7dc97e00-4521-4119-9f9e-ca71a9209ef7,f830ec30-a8b3-4fde-b7f7-c6198c7f7b05,c4,DROP,441,x9,?,
1769749329.852375,RECEIVED,b98e7dbb-3325-4633-85b2-44b1b405c21b,24e4aebf-e2ac-4980-949a-186b3b21f1a9,c3,DROP,684,i8,?,
1769749329.9257417,RECEIVED,0e288c91-805d-40b8-8d46-c6a22819dd8d,6db5bc42-c233-4560-ab08-dfdbf055d7fa,c5,DROP,684,i2,?,
1769749329.9969938,SENT,e38c7684-e9b3-48a3-a0e1-669628aaaf41,4e61b62b-cfc6-4f0e-b732-fc04e6ec0766,c2,DROP,442,?,e2,
1769749329.9970362,FORWARDED,e38c7684-e9b3-48a3-a0e1-669628aaaf41,4e61b62b-cfc6-4f0e-b732-fc04e6ec0766,c2,DROP,442,?,e2,
1769749330.0458927,RECEIVED,648bb239-7bfa-4a4b-9ac1-97101731596e,cb4d8f93-978a-4839-974d-a30f441558e5,c3,DROP,441,x5,?,
1769749330.0797696,RECEIVED,a0f8b9e4-28bb-4ef0-95ab-f0810d128bae,44125d42-a87d-491c-a53d-e619db3cc08d,c1,DROP,683,i6,?,
1769749330.1973522,SENT,f6c0a42b-bc97-46ac-bb84-3e4e2300f0cd,26ee953f-90aa-4817-a805-13f4ba4236f1,c5,None,777,?,p1,
1769749330.1973944,FORWARDED,f6c0a42b-bc97-46ac-bb84-3e4e2300f0cd,26ee953f-90aa-4817-a805-13f4ba4236f1,c5,None,777,?,p1,
1769749330.3139825,SENT,a0f8b9e4-28bb-4ef0-95ab-f0810d128bae,44125d42-a87d-491c-a53d-e619db3cc08d,c1,DROP,441,?,e8,
1769749330.3140166,FORWARDED,a0f8b9e4-28bb-4ef0-95ab-f0810d128bae,44125d42-a87d-491c-a53d-e619db3cc08d,c1,DROP,441,?,e8,
1769749330.4089255,RECEIVED,b00f453b-d8d7-42b2-aad9-b3f8bdfdb6ad,9c2ea087-fc95-4a31-a570-1052c121b2d3,c2,DROP,446,x12,?,
1769749330.4192996,RECEIVED,8485f19d-c718-4cf6-a478-1d126478ffac,0bd2aeff-dbeb-415c-abb9-5ecdc178b807,c2,DROP,683,i1,?,
1769749330.444253,RECEIVED,bdb5f009-aaf0-4ea9-8955-2506959be27f,3e87f4c1-5401-4af3-a890-73b71b794fe0,c2,c3,1319,i7,?,
1769749330.5359871,RECEIVED,d57e352d-f8d1-4371-b40a-dd47eebf07b3,b11957ee-e66f-4695-8934-fee03c8a6130,c2,DROP,689,i6,?,
1769749330.8640919,RECEIVED,2a1100b8-4508-4082-8117-c1a864567230,10b54426-4bdc-4ed8-8141-936f4fc5a4a6,c5,c3,1251,i9,?,
1769749330.8768244,SENT,8485f19d-c718-4cf6-a478-1d126478ffac,0bd2aeff-dbeb-415c-abb9-5ecdc178b807,c2,DROP,441,?,x7,
1769749330.8768673,FORWARDED,8485f19d-c718-4cf6-a478-1d126478ffac,0bd2aeff-dbeb-415c-abb9-5ecdc178b807,c2,DROP,441,?,x7,
1769749330.9239693,FORWARDED,b98e7dbb-3325-4633-85b2-44b1b405c21b,24e4aebf-e2ac-4980-949a-186b3b21f1a9,c3,DROP,440,?,i12,
1769749330.9553206,SENT,d57e352d-f8d1-4371-b40a-dd47eebf07b3,b11957ee-e66f-4695-8934-fee03c8a6130,c2,DROP,442,?,e12,
1769749330.9553602,FORWARDED,d57e352d-f8d1-4371-b40a-dd47eebf07b3,b11957ee-e66f-4695-8934-fee03c8a6130,c2,DROP,442,?,e12,
1769749330.9848342,RECEIVED,74c4bc36-57f7-4e44-89b8-296330aff26a,c3f470c6-9e68-4383-ab18-aa452bfd8dd1,c3,DROP,687,i2,?,
1769749331.0063794,RECEIVED,ee1692eb-a723-47f7-9b20-41db19ed98b2,803f9d63-9af1-4f77-8625-08088eb723a0,c1,c5,1257,i4,?,
1769749331.089226,SENT,0e288c91-805d-40b8-8d46-c6a22819dd8d,6db5bc42-c233-4560-ab08-dfdbf055d7fa,c5,DROP,441,?,e10,
1769749331.0892658,FORWARDED,0e288c91-805d-40b8-8d46-c6a22819dd8d,6db5bc42-c233-4560-ab08-dfdbf055d7fa,c5,DROP,441,?,e10,
1769749331.1386557,RECEIVED,a5bd8f3a-473f-4374-8e5f-bc90b01e4092,310dc3f0-6867-42d9-a902-606ca2d6247a,c1,DROP,684,i2,?,
1769749331.1402802,SENT,2a1100b8-4508-4082-8117-c1a864567230,10b54426-4bdc-4ed8-8141-936f4fc5a4a6,c5,c3,867,?,p3,
1769749331.1403217,FORWARDED,2a1100b8-4508-4082-8117-c1a864567230,10b54426-4bdc-4ed8-8141-936f4fc5a4a6,c5,c3,867,?,p3,
1769749331.3174675,SENT,a5bd8f3a-473f-4374-8e5f-bc90b01e4092,310dc3f0-6867-42d9-a902-606ca2d6247a,c1,DROP,441,?,e3,
1769749331.3175054,FORWARDED,a5bd8f3a-473f-4374-8e5f-bc90b01e4092,310dc3f0-6867-42d9-a902-606ca2d6247a,c1,DROP,441,?,e3,
1769749331.71164,RECEIVED,7aa1df7b-0689-4e4e-97a3-021bdc857774,4e361c3d-4d5d-42e6-9959-6bf7cf3d0491,c2,DROP,442,x4,?,
1769749331.7157261,RECEIVED,b738157d-bea4-4b27-94ca-8612dbc13941,13e97914-8289-46d9-b90d-52d9cb1ac633,c4,DROP,686,i2,?,
1769749332.0360796,RECEIVED,502bb24d-fa1f-4b18-932d-9708d69b10ee,c44ef082-575c-4e91-8af3-b73ee72d1450,c5,DROP,683,i2,?,
1769749332.0726655,RECEIVED,13b753c5-2ce7-43dc-8372-bee3a39d9da7,df336ff1-e4be-48a8-857d-0a9cfdf1233c,c3,DROP,684,i6,?,
1769749332.1616654,SENT,13b753c5-2ce7-43dc-8372-bee3a39d9da7,df336ff1-e4be-48a8-857d-0a9cfdf1233c,c3,DROP,441,?,x2,
1769749332.1617053,FORWARDED,13b753c5-2ce7-43dc-8372-bee3a39d9da7,df336ff1-e4be-48a8-857d-0a9cfdf1233c,c3,DROP,441,?,x2,
1769749332.3785076,SENT,74c4bc36-57f7-4e44-89b8-296330aff26a,c3f470c6-9e68-4383-ab18-aa452bfd8dd1,c3,DROP,442,?,x7,
1769749332.37855,FORWARDED,74c4bc36-57f7-4e44-89b8-296330aff26a,c3f470c6-9e68-4383-ab18-aa452bfd8dd1,c3,DROP,442,?,x7,
1769749332.4502501,RECEIVED,810b8fc6-eefb-483b-a827-e1a51b1804f7,d4e95225-6889-4e1e-9216-63b41500bd9c,c5,DROP,441,x3,?,
1769749332.5663297,RECEIVED,8d0b035e-dbe4-439f-a970-03f7d5561da2,acd37f30-7ad2-4232-8fb5-ab2fb7856a89,c4,DROP,684,i1,?,
1769749332.5889971,SENT,b738157d-bea4-4b27-94ca-8612dbc13941,13e97914-8289-46d9-b90d-52d9cb1ac633,c4,DROP,443,?,e3,
1769749332.5890377,FORWARDED,b738157d-bea4-4b27-94ca-8612dbc13941,13e97914-8289-46d9-b90d-52d9cb1ac633,c4,DROP,443,?,e3,
1769749332.619863,RECEIVED,fe79b8fc-38a6-4d3c-8dce-07a15cbfc1b2,82a6fc3e-48d8-4e6d-9b87-eff3d78d0c77,c1,DROP,687,i6,?,
1769749332.7102337,RECEIVED,2d6d4de7-c395-4002-ac6f-2b0e22e59eb8,d0573d9f-556a-45a9-9e6d-7d022cba50bd,c3,DROP,441,x6,?,
1769749332.7108665,SENT,bdb5f009-aaf0-4ea9-8955-2506959be27f,3e87f4c1-5401-4af3-a890-73b71b794fe0,c2,c3,916,?,p3,
1769749332.710898,FORWARDED,bdb5f009-aaf0-4ea9-8955-2506959be27f,3e87f4c1-5401-4af3-a890-73b71b794fe0,c2,c3,916,?,p3,
1769749332.716886,RECEIVED,bdeeb4f5-cd79-4f4d-b817-04952c5f5bed,3f40a77d-65fe-4fc8-b5d3-99d42a72dd8d,c2,c3,1255,i2,?,
1769749332.9147215,RECEIVED,2bb7a4a0-3c55-48b9-ad06-1ef38cc44b78,4b7acf45-7466-4d7f-8408-4a36c4e3482b,c4,DROP,685,i9,?,
1769749332.9638014,RECEIVED,43e674f9-2a27-4496-b5f4-1eb1ffbb7e43,2564f25a-7332-4411-b9c9-439367973077,c1,c5,1311,i8,?,
1769749332.9939532,SENT,bdeeb4f5-cd79-4f4d-b817-04952c5f5bed,3f40a77d-65fe-4fc8-b5d3-99d42a72dd8d,c2,c3,870,?,p3,
1769749332.9939945,FORWARDED,bdeeb4f5-cd79-4f4d-b817-04952c5f5bed,3f40a77d-65fe-4fc8-b5d3-99d42a72dd8d,c2,c3,870,?,p3,
1769749333.0914824,SENT,8d0b035e-dbe4-439f-a970-03f7d5561da2,acd37f30-7ad2-4232-8fb5-ab2fb7856a89,c4,DROP,441,?,x10,
1769749333.091529,FORWARDED,8d0b035e-dbe4-439f-a970-03f7d5561da2,acd37f30-7ad2-4232-8fb5-ab2fb7856a89,c4,DROP,441,?,x10,
1769749333.1057434,SENT,43e674f9-2a27-4496-b5f4-1eb1ffbb7e43,2564f25a-7332-4411-b9c9-439367973077,c1,c5,912,?,p2,
1769749333.1057827,FORWARDED,43e674f9-2a27-4496-b5f4-1eb1ffbb7e43,2564f25a-7332-4411-b9c9-439367973077,c1,c5,912,?,p2,
1769749333.1163766,RECEIVED,737b3229-e005-43ff-b29f-1c2701bd90a0,eccf0f9d-4064-4610-8b97-46e3388ef7a4,c2,c3,1251,i8,?,
1769749333.1300387,FORWARDED,2bb7a4a0-3c55-48b9-ad06-1ef38cc44b78,4b7acf45-7466-4d7f-8408-4a36c4e3482b,c4,DROP,441,?,i12,
1769749333.249937,SENT,502bb24d-fa1f-4b18-932d-9708d69b10ee,c44ef082-575c-4e91-8af3-b73ee72d1450,c5,DROP,441,?,x5,
1769749333.24998,FORWARDED,502bb24d-fa1f-4b18-932d-9708d69b10ee,c44ef082-575c-4e91-8af3-b73ee72d1450,c5,DROP,441,?,x5,
1769749333.7295175,SENT,fe79b8fc-38a6-4d3c-8dce-07a15cbfc1b2,82a6fc3e-48d8-4e6d-9b87-eff3d78d0c77,c1,DROP,442,?,e6,
1769749333.7295575,FORWARDED,fe79b8fc-38a6-4d3c-8dce-07a15cbfc1b2,82a6fc3e-48d8-4e6d-9b87-eff3d78d0c77,c1,DROP,442,?,e6,
1769749333.9746575,SENT,ee1692eb-a723-47f7-9b20-41db19ed98b2,803f9d63-9af1-4f77-8625-08088eb723a0,c1,c5,872,?,p2,
1769749333.9746978,FORWARDED,ee1692eb-a723-47f7-9b20-41db19ed98b2,803f9d63-9af1-4f77-8625-08088eb723a0,c1,c5,872,?,p2,
1769749334.1473925,RECEIVED,45336a3f-e681-4adf-b7af-66fd93c003cd,231e12bb-e22d-42d9-a400-9ca263fbda8c,c1,c5,1255,i9,?,
1769749334.1859984,RECEIVED,c58cfa81-2907-488c-b59e-1c9b76f0b0fc,729bef5a-bc4c-4f66-bc44-742a5ca08f9b,c3,DROP,683,i6,?,
1769749334.3308244,RECEIVED,29ef938d-0c70-4390-b5c8-c8074540e58b,1647cd37-79c0-43c2-9c2d-b27a8143e2a3,c5,DROP,689,i7,?,
1769749334.3771458,SENT,29ef938d-0c70-4390-b5c8-c8074540e58b,1647cd37-79c0-43c2-9c2d-b27a8143e2a3,c5,DROP,443,?,i5,
1769749334.377184,FORWARDED,29ef938d-0c70-4390-b5c8-c8074540e58b,1647cd37-79c0-43c2-9c2d-b27a8143e2a3,c5,DROP,443,?,i5,
1769749334.467167,SENT,737b3229-e005-43ff-b29f-1c2701bd90a0,eccf0f9d-4064-4610-8b97-46e3388ef7a4,c2,c3,867,?,p3,
1769749334.4672084,FORWARDED,737b3229-e005-43ff-b29f-1c2701bd90a0,eccf0f9d-4064-4610-8b97-46e3388ef7a4,c2,c3,867,?,p3,
1769749334.4802113,SENT,c58cfa81-2907-488c-b59e-1c9b76f0b0fc,729bef5a-bc4c-4f66-bc44-742a5ca08f9b,c3,DROP,441,?,e3,
1769749334.4802482,FORWARDED,c58cfa81-2907-488c-b59e-1c9b76f0b0fc,729bef5a-bc4c-4f66-bc44-742a5ca08f9b,c3,DROP,441,?,e3,
1769749334.4968016,RECEIVED,6bfff522-f172-4840-bb3f-0b2729af2be1,67642a69-e6be-459f-8da7-fc1fb0b787d9,c1,c5,1263,i8,?,
1769749334.7416518,RECEIVED,251875ac-215c-4fca-8b23-9636a294aeba,4d731efa-1b65-42a2-97c7-a6eae7bca904,c3,DROP,685,i7,?,
1769749334.838184,SENT,45336a3f-e681-4adf-b7af-66fd93c003cd,231e12bb-e22d-42d9-a400-9ca263fbda8c,c1,c5,868,?,p2,
1769749334.8383362,FORWARDED,45336a3f-e681-4adf-b7af-66fd93c003cd,231e12bb-e22d-42d9-a400-9ca263fbda8c,c1,c5,868,?,p2,
1769749334.894374,RECEIVED,988a40f0-9045-412e-aaa5-cb8d4081c920,eac1cde5-579c-4706-88c4-5cb4e61f83c7,c3,c2,1320,i4,?,
1769749334.9842842,FORWARDED,251875ac-215c-4fca-8b23-9636a294aeba,4d731efa-1b65-42a2-97c7-a6eae7bca904,c3,DROP,441,?,i10,
1769749335.1680374,SENT,6bfff522-f172-4840-bb3f-0b2729af2be1,67642a69-e6be-459f-8da7-fc1fb0b787d9,c1,c5,876,?,p2,
1769749335.1682034,FORWARDED,6bfff522-f172-4840-bb3f-0b2729af2be1,67642a69-e6be-459f-8da7-fc1fb0b787d9,c1,c5,876,?,p2,
1769749335.3644464,SENT,988a40f0-9045-412e-aaa5-cb8d4081c920,eac1cde5-579c-4706-88c4-5cb4e61f83c7,c3,c2,916,?,p2,
1769749335.3645012,FORWARDED,988a40f0-9045-412e-aaa5-cb8d4081c920,eac1cde5-579c-4706-88c4-5cb4e61f83c7,c3,c2,916,?,p2,
1769749335.439196,RECEIVED,a21817bf-3fd4-45c6-8053-67fd1e52bb5e,98381616-d6e1-449d-a057-18a2025d7d03,c3,DROP,688,i1,?,
1769749335.4527462,RECEIVED,11ceb857-27b7-46b6-a7c2-c43881422599,b1ac0abf-36cc-4665-a25b-2d09e19efc92,c5,None,1132,i8,?,
1769749335.5058262,SENT,a21817bf-3fd4-45c6-8053-67fd1e52bb5e,98381616-d6e1-449d-a057-18a2025d7d03,c3,DROP,442,?,i2,
1769749335.5058694,FORWARDED,a21817bf-3fd4-45c6-8053-67fd1e52bb5e,98381616-d6e1-449d-a057-18a2025d7d03,c3,DROP,442,?,i2,
1769749335.662817,SENT,11ceb857-27b7-46b6-a7c2-c43881422599,b1ac0abf-36cc-4665-a25b-2d09e19efc92,c5,None,775,?,p1,
1769749335.6628573,FORWARDED,11ceb857-27b7-46b6-a7c2-c43881422599,b1ac0abf-36cc-4665-a25b-2d09e19efc92,c5,None,775,?,p1,
1769749335.6797352,RECEIVED,02949c3d-6ea7-4c4a-9954-b1a8dd6e0791,cf0bbf02-de67-4abe-b57c-338e98284fee,c3,c2,1259,i9,?,
1769749335.7115817,RECEIVED,f38c4b78-7b72-4837-8ad0-e80e6f0aacef,29054130-9eef-48da-a615-57b711dad24a,c1,c5,1311,i4,?,
1769749336.1067634,RECEIVED,5e72c041-3b3b-404a-8389-5851397afb57,a5f2cf0f-56f8-43f9-b130-40e70fa3e31e,c4,DROP,684,i6,?,
1769749336.139775,RECEIVED,4cf9c47f-0c2e-4323-b93d-53f57d77097d,07dad3ef-79dd-4f26-b309-27cc31864f57,c3,DROP,693,i9,?,
1769749336.1990314,RECEIVED,b1992c47-939c-46ac-b329-7227e62a2bb1,f5ab3687-5029-48fa-a3d8-6fc44ac37744,c1,c5,1311,i9,?,
1769749336.2035694,SENT,4cf9c47f-0c2e-4323-b93d-53f57d77097d,07dad3ef-79dd-4f26-b309-27cc31864f57,c3,DROP,446,?,x10,
1769749336.203607,FORWARDED,4cf9c47f-0c2e-4323-b93d-53f57d77097d,07dad3ef-79dd-4f26-b309-27cc31864f57,c3,DROP,446,?,x10,
1769749336.212076,RECEIVED,d6407e17-7650-4183-9827-b5d0afb76b1e,4ad1e82f-bb17-46d6-81b8-05328ac3c636,c5,c3,1255,i7,?,
1769749336.2798586,SENT,5e72c041-3b3b-404a-8389-5851397afb57,a5f2cf0f-56f8-43f9-b130-40e70fa3e31e,c4,DROP,441,?,i1,
1769749336.2798953,FORWARDED,5e72c041-3b3b-404a-8389-5851397afb57,a5f2cf0f-56f8-43f9-b130-40e70fa3e31e,c4,DROP,441,?,i1,
1769749336.3289523,RECEIVED,d4ec52f4-8336-4e4d-8197-11387c0fbb24,ad1d35d8-f4ee-493c-a3b3-84c20e5d8f8f,c1,DROP,442,x6,?,
1769749336.344719,SENT,d6407e17-7650-4183-9827-b5d0afb76b1e,4ad1e82f-bb17-46d6-81b8-05328ac3c636,c5,c3,868,?,p3,
1769749336.3451624,FORWARDED,d6407e17-7650-4183-9827-b5d0afb76b1e,4ad1e82f-bb17-46d6-81b8-05328ac3c636,c5,c3,868,?,p3,
1769749336.380442,RECEIVED,1f4f7561-1567-44d9-b39d-c978127f75df,a9dfe569-d85f-4ae4-bb2f-8b4dff089231,c2,DROP,441,x11,?,
1769749336.4202929,SENT,02949c3d-6ea7-4c4a-9954-b1a8dd6e0791,cf0bbf02-de67-4abe-b57c-338e98284fee,c3,c2,871,?,p2,
1769749336.420333,FORWARDED,02949c3d-6ea7-4c4a-9954-b1a8dd6e0791,cf0bbf02-de67-4abe-b57c-338e98284fee,c3,c2,871,?,p2,
1769749336.4219518,RECEIVED,4e89666e-121c-49fb-9814-80dc2bf844ae,74beba48-248e-40f2-bfdf-6ee1d0bd4151,c1,c5,1251,i7,?,
1769749336.4435487,RECEIVED,529bb488-f039-430c-bf78-9c04f179940d,96fcff74-9da9-4389-8796-5a91a639c3ec,c5,c3,1269,i7,?,
1769749336.477658,SENT,529bb488-f039-430c-bf78-9c04f179940d,96fcff74-9da9-4389-8796-5a91a639c3ec,c5,c3,879,?,p3,
1769749336.4776967,FORWARDED,529bb488-f039-430c-bf78-9c04f179940d,96fcff74-9da9-4389-8796-5a91a639c3ec,c5,c3,879,?,p3,
1769749336.4854643,SENT,4e89666e-121c-49fb-9814-80dc2bf844ae,74beba48-248e-40f2-bfdf-6ee1d0bd4151,c1,c5,867,?,p2,
1769749336.4855087,FORWARDED,4e89666e-121c-49fb-9814-80dc2bf844ae,74beba48-248e-40f2-bfdf-6ee1d0bd4151,c1,c5,867,?,p2,
1769749336.512551,RECEIVED,e36cc891-3903-4af3-8758-67fecf5994a2,cc1f32a7-1d64-4ccf-8c82-2bf303a93948,c4,DROP,687,i4,?,
1769749336.5442328,SENT,b1992c47-939c-46ac-b329-7227e62a2bb1,f5ab3687-5029-48fa-a3d8-6fc44ac37744,c1,c5,911,?,p2,
1769749336.5442715,FORWARDED,b1992c47-939c-46ac-b329-7227e62a2bb1,f5ab3687-5029-48fa-a3d8-6fc44ac37744,c1,c5,911,?,p2,
1769749336.622961,SENT,f38c4b78-7b72-4837-8ad0-e80e6f0aacef,29054130-9eef-48da-a615-57b711dad24a,c1,c5,912,?,p2,
1769749336.623002,FORWARDED,f38c4b78-7b72-4837-8ad0-e80e6f0aacef,29054130-9eef-48da-a615-57b711dad24a,c1,c5,912,?,p2,
1769749336.8283224,RECEIVED,05e82385-7af2-4128-881c-c35a5bf927f3,3d3e8ec5-e427-49f8-9b91-427295135b32,c4,DROP,678,i9,?,
1769749336.9872756,RECEIVED,099d25e1-5762-4e72-9d4a-df0d5c1464c6,fd30f8f4-751e-4467-a1b7-94984e989f21,c4,DROP,686,i8,?,
1769749337.0159748,RECEIVED,3cec642e-570a-4590-a10b-d3b0c4da1232,f1686ed2-9bd0-4f6e-a58b-dc61c466e609,c5,c3,1251,i2,?,
1769749337.0250406,SENT,099d25e1-5762-4e72-9d4a-df0d5c1464c6,fd30f8f4-751e-4467-a1b7-94984e989f21,c4,DROP,441,?,e8,
1769749337.025093,FORWARDED,099d25e1-5762-4e72-9d4a-df0d5c1464c6,fd30f8f4-751e-4467-a1b7-94984e989f21,c4,DROP,441,?,e8,
1769749337.3325107,RECEIVED,cad344f5-68dc-41a8-8555-4b0877a2f313,ea9c617c-bea5-4acb-b2ef-a6af9ea623bb,c5,None,1130,i8,?,
1769749337.3758984,SENT,e36cc891-3903-4af3-8758-67fecf5994a2,cc1f32a7-1d64-4ccf-8c82-2bf303a93948,c4,DROP,442,?,x2,
1769749337.375942,FORWARDED,e36cc891-3903-4af3-8758-67fecf5994a2,cc1f32a7-1d64-4ccf-8c82-2bf303a93948,c4,DROP,442,?,x2,
1769749337.3998947,RECEIVED,426e14b2-c8f8-4101-8971-7ddea0cec614,7550ed36-0040-4728-aee3-cb9625f233ed,c1,DROP,685,i3,?,
1769749337.4965086,SENT,426e14b2-c8f8-4101-8971-7ddea0cec614,7550ed36-0040-4728-aee3-cb9625f233ed,c1,DROP,441,?,e10,
1769749337.496545,FORWARDED,426e14b2-c8f8-4101-8971-7ddea0cec614,7550ed36-0040-4728-aee3-cb9625f233ed,c1,DROP,441,?,e10,
1769749337.7057977,SENT,cad344f5-68dc-41a8-8555-4b0877a2f313,ea9c617c-bea5-4acb-b2ef-a6af9ea623bb,c5,None,776,?,p1,
1769749337.7058375,FORWARDED,cad344f5-68dc-41a8-8555-4b0877a2f313,ea9c617c-bea5-4acb-b2ef-a6af9ea623bb,c5,None,776,?,p1,
1769749337.969096,RECEIVED,da4dde03-2e6b-4592-970a-1915ed3511a3,2490ca70-80cb-4b1e-8f4f-8925211285ac,c5,DROP,685,i1,?,
1769749337.9809885,RECEIVED,02b48720-0d60-4a2a-adf6-9087dc1db3a5,7a583b08-ad72-481c-8a2a-48abb232489e,c5,None,1123,i8,?,
1769749337.9922442,SENT,3cec642e-570a-4590-a10b-d3b0c4da1232,f1686ed2-9bd0-4f6e-a58b-dc61c466e609,c5,c3,867,?,p3,
1769749337.9922833,FORWARDED,3cec642e-570a-4590-a10b-d3b0c4da1232,f1686ed2-9bd0-4f6e-a58b-dc61c466e609,c5,c3,867,?,p3,
1769749338.2198215,SENT,da4dde03-2e6b-4592-970a-1915ed3511a3,2490ca70-80cb-4b1e-8f4f-8925211285ac,c5,DROP,440,?,x11,
1769749338.2198622,FORWARDED,da4dde03-2e6b-4592-970a-1915ed3511a3,2490ca70-80cb-4b1e-8f4f-8925211285ac,c5,DROP,440,?,x11,
1769749338.430786,RECEIVED,b31d1873-efbd-4046-a62e-ef679e50f8c1,eaa6740f-d1df-4b94-bce3-5c8a685180ab,c3,DROP,685,i7,?,
1769749338.5237343,SENT,b31d1873-efbd-4046-a62e-ef679e50f8c1,eaa6740f-d1df-4b94-bce3-5c8a685180ab,c3,DROP,441,?,x5,
1769749338.5237782,FORWARDED,b31d1873-efbd-4046-a62e-ef679e50f8c1,eaa6740f-d1df-4b94-bce3-5c8a685180ab,c3,DROP,441,?,x5,
1769749338.5897222,SENT,05e82385-7af2-4128-881c-c35a5bf927f3,3d3e8ec5-e427-49f8-9b91-427295135b32,c4,DROP,437,?,i8,
1769749338.5897634,FORWARDED,05e82385-7af2-4128-881c-c35a5bf927f3,3d3e8ec5-e427-49f8-9b91-427295135b32,c4,DROP,437,?,i8,
1769749338.6429968,RECEIVED,3356565b-c968-474e-92d4-39be5395d970,0f5c255f-feaa-436d-b046-1ae9b290defc,c5,DROP,683,i4,?,
1769749338.6629403,RECEIVED,8bf8b510-44eb-4a16-a54b-af1e856677f9,0ada2a85-57d4-432c-a3a9-536f5d953df4,c3,c2,1263,i5,?,
1769749338.6638074,RECEIVED,a1f0c411-f981-4e39-ae3c-bb719026c0c1,b8e09b1b-a967-4ec3-b74c-d0b0e28a461f,c3,c2,1311,i4,?,
1769749338.7261212,SENT,02b48720-0d60-4a2a-adf6-9087dc1db3a5,7a583b08-ad72-481c-8a2a-48abb232489e,c5,None,771,?,p1,
1769749338.726167,FORWARDED,02b48720-0d60-4a2a-adf6-9087dc1db3a5,7a583b08-ad72-481c-8a2a-48abb232489e,c5,None,771,?,p1,
1769749338.8497992,RECEIVED,c2d760ba-a448-425d-aada-0c585c682d9b,e1767c0d-a520-451e-b02b-d72bcab7740e,c2,DROP,442,x10,?,
1769749338.9234772,RECEIVED,325f24fb-f1c9-4768-bf37-4f33f5da52ee,3a33b852-0876-41b0-8a89-c4648263c596,c3,DROP,441,x5,?,
1769749338.9804924,SENT,8bf8b510-44eb-4a16-a54b-af1e856677f9,0ada2a85-57d4-432c-a3a9-536f5d953df4,c3,c2,875,?,p2,
1769749338.9805374,FORWARDED,8bf8b510-44eb-4a16-a54b-af1e856677f9,0ada2a85-57d4-432c-a3a9-536f5d953df4,c3,c2,875,?,p2,
1769749339.0775592,SENT,3356565b-c968-474e-92d4-39be5395d970,0f5c255f-feaa-436d-b046-1ae9b290defc,c5,DROP,441,?,x4,
1769749339.0776043,FORWARDED,3356565b-c968-474e-92d4-39be5395d970,0f5c255f-feaa-436d-b046-1ae9b290defc,c5,DROP,441,?,x4,
1769749339.339299,RECEIVED,e22e0a8e-2ae2-4d4d-97e3-8ddf1e222499,f8e45502-0f04-47d4-8a6b-5da8dc86d9fc,c1,DROP,688,i3,?,
1769749339.5203786,SENT,e22e0a8e-2ae2-4d4d-97e3-8ddf1e222499,f8e45502-0f04-47d4-8a6b-5da8dc86d9fc,c1,DROP,442,?,e12,
1769749339.5204139,FORWARDED,e22e0a8e-2ae2-4d4d-97e3-8ddf1e222499,f8e45502-0f04-47d4-8a6b-5da8dc86d9fc,c1,DROP,442,?,e12,
1769749339.6334417,RECEIVED,44f2b43b-8d94-4d6d-84e7-425f2de5ff6a,1fbc5f68-77bd-4a80-a739-c5e3c6af27c2,c5,DROP,680,i1,?,
1769749339.6799848,RECEIVED,2a23bf3e-be33-41c9-b513-b70f85fbe2c8,ca3392f8-7799-44b3-864a-9c9ecc1908ed,c5,DROP,687,i6,?,
1769749339.7260075,SENT,a1f0c411-f981-4e39-ae3c-bb719026c0c1,b8e09b1b-a967-4ec3-b74c-d0b0e28a461f,c3,c2,910,?,p2,
1769749339.7260606,FORWARDED,a1f0c411-f981-4e39-ae3c-bb719026c0c1,b8e09b1b-a967-4ec3-b74c-d0b0e28a461f,c3,c2,910,?,p2,
1769749339.9658878,SENT,44f2b43b-8d94-4d6d-84e7-425f2de5ff6a,1fbc5f68-77bd-4a80-a739-c5e3c6af27c2,c5,DROP,437,?,i7,
1769749339.9659288,FORWARDED,44f2b43b-8d94-4d6d-84e7-425f2de5ff6a,1fbc5f68-77bd-4a80-a739-c5e3c6af27c2,c5,DROP,437,?,i7,
1769749340.0486019,RECEIVED,e0e81e36-0352-4081-b424-ccb9a2d3f59d,4bd4d247-53f2-411f-a37f-be11da025b99,c5,DROP,687,i3,?,
1769749340.1394472,RECEIVED,59686958-0dc3-4d02-8950-f928679714dd,4a49e147-c280-4185-ac4b-ca971f20b8bb,c1,c5,1251,i6,?,
1769749340.3011892,RECEIVED,dfa27725-f5ee-4d33-acfe-aa69003c3fc8,4da4bdde-f4ee-49ae-99c3-641a44cfad93,c2,None,1124,i7,?,
1769749340.357419,SENT,e0e81e36-0352-4081-b424-ccb9a2d3f59d,4bd4d247-53f2-411f-a37f-be11da025b99,c5,DROP,442,?,i8,
1769749340.3574595,FORWARDED,e0e81e36-0352-4081-b424-ccb9a2d3f59d,4bd4d247-53f2-411f-a37f-be11da025b99,c5,DROP,442,?,i8,
1769749340.6246874,SENT,dfa27725-f5ee-4d33-acfe-aa69003c3fc8,4da4bdde-f4ee-49ae-99c3-641a44cfad93,c2,None,771,?,p3,
1769749340.6247396,FORWARDED,dfa27725-f5ee-4d33-acfe-aa69003c3fc8,4da4bdde-f4ee-49ae-99c3-641a44cfad93,c2,None,771,?,p3,
1769749340.6303751,RECEIVED,96a359a4-28e2-43e9-a626-85771a7880dd,a4ad2edf-470d-4c6e-add5-409c7535d58f,c3,DROP,693,i3,?,
1769749340.7388568,FORWARDED,96a359a4-28e2-43e9-a626-85771a7880dd,a4ad2edf-470d-4c6e-add5-409c7535d58f,c3,DROP,445,?,i12,
1769749340.7432883,SENT,59686958-0dc3-4d02-8950-f928679714dd,4a49e147-c280-4185-ac4b-ca971f20b8bb,c1,c5,867,?,p2,
1769749340.7433264,FORWARDED,59686958-0dc3-4d02-8950-f928679714dd,4a49e147-c280-4185-ac4b-ca971f20b8bb,c1,c5,867,?,p2,
1769749341.1476746,RECEIVED,265e3d8b-5500-4159-91b3-605eab53e818,be3c6629-ad6c-46d2-98ee-a8350d421e5c,c1,DROP,683,i4,?,
1769749341.170482,RECEIVED,11d35845-d4f9-4673-920a-d9a02705d39a,23206eae-3a68-4b9d-bbc9-0aa9968cfa02,c2,DROP,688,i4,?,
1769749341.2517607,RECEIVED,8df0cd62-662e-41ff-a124-b5dfdcb7c643,ccf2f3d7-8739-4b72-844d-8392fef954c4,c3,c2,1311,i9,?,
1769749341.3504949,RECEIVED,87d7e9a6-7f4a-4a28-838e-7adc2c269890,38d2bae8-52c6-4642-98d4-07df6b97f31f,c3,c2,1264,i7,?,
1769749341.4533591,SENT,11d35845-d4f9-4673-920a-d9a02705d39a,23206eae-3a68-4b9d-bbc9-0aa9968cfa02,c2,DROP,442,?,x6,
1769749341.4534,FORWARDED,11d35845-d4f9-4673-920a-d9a02705d39a,23206eae-3a68-4b9d-bbc9-0aa9968cfa02,c2,DROP,442,?,x6,
1769749341.5268772,RECEIVED,e746e9c8-1e3b-420e-9cfc-d5c25ad80753,a3192128-9988-4388-963d-3cd8c82fbaf0,c2,DROP,688,i4,?,
1769749341.5433307,RECEIVED,ff212a89-e00a-44d2-b257-15e68dde8f76,82fdbd4b-e10f-4a6c-98ae-bf6656d99c6d,c3,DROP,689,i6,?,
1769749341.6019988,SENT,e746e9c8-1e3b-420e-9cfc-d5c25ad80753,a3192128-9988-4388-963d-3cd8c82fbaf0,c2,DROP,442,?,x4,
1769749341.6020432,FORWARDED,e746e9c8-1e3b-420e-9cfc-d5c25ad80753,a3192128-9988-4388-963d-3cd8c82fbaf0,c2,DROP,442,?,x4,
1769749341.614554,SENT,265e3d8b-5500-4159-91b3-605eab53e818,be3c6629-ad6c-46d2-98ee-a8350d421e5c,c1,DROP,440,?,x7,
1769749341.6145957,FORWARDED,265e3d8b-5500-4159-91b3-605eab53e818,be3c6629-ad6c-46d2-98ee-a8350d421e5c,c1,DROP,440,?,x7,
1769749341.650465,SENT,ff212a89-e00a-44d2-b257-15e68dde8f76,82fdbd4b-e10f-4a6c-98ae-bf6656d99c6d,c3,DROP,442,?,x11,
1769749341.6505058,FORWARDED,ff212a89-e00a-44d2-b257-15e68dde8f76,82fdbd4b-e10f-4a6c-98ae-bf6656d99c6d,c3,DROP,442,?,x11,
1769749341.6594813,RECEIVED,9f898296-8e3a-4257-8c94-6365730f0ae8,4006ae5c-c691-4327-9496-02a982f7e7d9,c5,DROP,684,i9,?,
1769749341.715545,SENT,87d7e9a6-7f4a-4a28-838e-7adc2c269890,38d2bae8-52c6-4642-98d4-07df6b97f31f,c3,c2,876,?,p2,
1769749341.7155867,FORWARDED,87d7e9a6-7f4a-4a28-838e-7adc2c269890,38d2bae8-52c6-4642-98d4-07df6b97f31f,c3,c2,876,?,p2,
1769749341.7214887,RECEIVED,4c8c9faa-bbed-4d3f-bc08-c0ca56c0738a,1e7cea62-706c-470b-881c-e5bf2ade840b,c1,DROP,683,i7,?,
1769749341.7364879,SENT,9f898296-8e3a-4257-8c94-6365730f0ae8,4006ae5c-c691-4327-9496-02a982f7e7d9,c5,DROP,441,?,x4,
1769749341.736529,FORWARDED,9f898296-8e3a-4257-8c94-6365730f0ae8,4006ae5c-c691-4327-9496-02a982f7e7d9,c5,DROP,441,?,x4,
1769749341.8516974,RECEIVED,7fcf5075-c91f-493d-8801-fd89acd57747,174ed310-d728-4bc2-a20d-a316d70bd57d,c5,DROP,684,i4,?,
1769749341.8529844,SENT,8df0cd62-662e-41ff-a124-b5dfdcb7c643,ccf2f3d7-8739-4b72-844d-8392fef954c4,c3,c2,912,?,p2,
1769749341.853018,FORWARDED,8df0cd62-662e-41ff-a124-b5dfdcb7c643,ccf2f3d7-8739-4b72-844d-8392fef954c4,c3,c2,912,?,p2,
1769749341.9703586,RECEIVED,65f5c4cb-2a69-4642-a7e1-48929ba333e1,5b411b44-13d6-4807-b32f-9798461b7f60,c1,DROP,679,i3,?,
1769749342.2831721,RECEIVED,5c54fd9e-ff71-45a4-bb26-2f1ac16e1210,36bdcd71-2994-4255-978b-e11db675971f,c5,c3,1319,i7,?,
1769749342.365901,RECEIVED,e844fe6a-bfe0-4727-a003-3dc54e0b4728,c83fabb7-2f7a-48e0-bf1a-35b5b8a4c9fc,c2,c3,1251,i1,?,
1769749342.4107046,SENT,2a23bf3e-be33-41c9-b513-b70f85fbe2c8,ca3392f8-7799-44b3-864a-9c9ecc1908ed,c5,DROP,444,?,e11,
1769749342.410744,FORWARDED,2a23bf3e-be33-41c9-b513-b70f85fbe2c8,ca3392f8-7799-44b3-864a-9c9ecc1908ed,c5,DROP,444,?,e11,
1769749342.4366157,RECEIVED,eab97665-1fcc-441f-b4d7-ba17b9a1642a,c5a6fa5f-2fec-4fd5-adab-848eff8a84d4,c2,c3,1252,i4,?,
1769749342.4866965,SENT,7fcf5075-c91f-493d-8801-fd89acd57747,174ed310-d728-4bc2-a20d-a316d70bd57d,c5,DROP,440,?,x10,
1769749342.4867513,FORWARDED,7fcf5075-c91f-493d-8801-fd89acd57747,174ed310-d728-4bc2-a20d-a316d70bd57d,c5,DROP,440,?,x10,
1769749342.502135,RECEIVED,ddfdd1e0-beba-49e6-9b5f-5b7e587f0f17,0948df5c-a952-4d01-937f-cf4a3d841f15,c1,DROP,688,i9,?,
1769749342.5249817,SENT,eab97665-1fcc-441f-b4d7-ba17b9a1642a,c5a6fa5f-2fec-4fd5-adab-848eff8a84d4,c2,c3,867,?,p3,
1769749342.5250354,FORWARDED,eab97665-1fcc-441f-b4d7-ba17b9a1642a,c5a6fa5f-2fec-4fd5-adab-848eff8a84d4,c2,c3,867,?,p3,
1769749342.613397,RECEIVED,74079fe4-f837-4de0-8236-898d12557e02,8de9634f-e8c4-4e41-ab12-67ac474ff6dd,c1,c5,1260,i2,?,
1769749342.6252182,SENT,65f5c4cb-2a69-4642-a7e1-48929ba333e1,5b411b44-13d6-4807-b32f-9798461b7f60,c1,DROP,438,?,x9,
1769749342.6252582,FORWARDED,65f5c4cb-2a69-4642-a7e1-48929ba333e1,5b411b44-13d6-4807-b32f-9798461b7f60,c1,DROP,438,?,x9,
1769749342.6587055,RECEIVED,a1c2a7e2-d863-4a2a-b742-a50984e3fc87,f966fbb0-2d6a-4eb6-9543-9fe9f32e395a,c1,c5,1265,i8,?,
1769749342.7303503,SENT,a1c2a7e2-d863-4a2a-b742-a50984e3fc87,f966fbb0-2d6a-4eb6-9543-9fe9f32e395a,c1,c5,875,?,p2,
1769749342.730395,FORWARDED,a1c2a7e2-d863-4a2a-b742-a50984e3fc87,f966fbb0-2d6a-4eb6-9543-9fe9f32e395a,c1,c5,875,?,p2,
1769749342.8350003,RECEIVED,3647fd76-60b5-4357-b3f4-49f7941334cb,753ad2ce-bfda-4554-a27e-4c30dae5f6ea,c3,None,1127,i7,?,
1769749342.9046,SENT,e844fe6a-bfe0-4727-a003-3dc54e0b4728,c83fabb7-2f7a-48e0-bf1a-35b5b8a4c9fc,c2,c3,867,?,p3,
1769749342.9046373,FORWARDED,e844fe6a-bfe0-4727-a003-3dc54e0b4728,c83fabb7-2f7a-48e0-bf1a-35b5b8a4c9fc,c2,c3,867,?,p3,
1769749342.9405832,SENT,74079fe4-f837-4de0-8236-898d12557e02,8de9634f-e8c4-4e41-ab12-67ac474ff6dd,c1,c5,872,?,p2,
1769749342.9406254,FORWARDED,74079fe4-f837-4de0-8236-898d12557e02,8de9634f-e8c4-4e41-ab12-67ac474ff6dd,c1,c5,872,?,p2,
1769749342.9842405,RECEIVED,a4b9e71d-878e-4a31-912c-ccc674a0bc5f,34c5bbf7-b8a4-4843-b00f-bf3005f7e0fc,c1,c5,1264,i5,?,
1769749342.986708,SENT,ddfdd1e0-beba-49e6-9b5f-5b7e587f0f17,0948df5c-a952-4d01-937f-cf4a3d841f15,c1,DROP,442,?,e12,
1769749342.9867475,FORWARDED,ddfdd1e0-beba-49e6-9b5f-5b7e587f0f17,0948df5c-a952-4d01-937f-cf4a3d841f15,c1,DROP,442,?,e12,
1769749343.014725,SENT,4c8c9faa-bbed-4d3f-bc08-c0ca56c0738a,1e7cea62-706c-470b-881c-e5bf2ade840b,c1,DROP,441,?,e3,
1769749343.0147676,FORWARDED,4c8c9faa-bbed-4d3f-bc08-c0ca56c0738a,1e7cea62-706c-470b-881c-e5bf2ade840b,c1,DROP,441,?,e3,
1769749343.0768273,RECEIVED,7d869c43-bfbb-4a28-87ab-3cb6ace427b0,9a782d78-e618-467d-ba87-5176e8f8099f,c3,c2,1260,i5,?,
1769749343.14468,SENT,3647fd76-60b5-4357-b3f4-49f7941334cb,753ad2ce-bfda-4554-a27e-4c30dae5f6ea,c3,None,772,?,p2,
1769749343.1447206,FORWARDED,3647fd76-60b5-4357-b3f4-49f7941334cb,753ad2ce-bfda-4554-a27e-4c30dae5f6ea,c3,None,772,?,p2,
1769749343.1682367,SENT,7d869c43-bfbb-4a28-87ab-3cb6ace427b0,9a782d78-e618-467d-ba87-5176e8f8099f,c3,c2,871,?,p2,
1769749343.168276,FORWARDED,7d869c43-bfbb-4a28-87ab-3cb6ace427b0,9a782d78-e618-467d-ba87-5176e8f8099f,c3,c2,871,?,p2,
1769749343.2331293,RECEIVED,9d4b7df3-fc9f-4746-8902-fb5b2837b07d,c7a267f0-c29d-471c-8f69-e8d7a55362c6,c3,c2,1256,i3,?,
1769749343.4365933,RECEIVED,21cd06ee-b569-4edb-99b4-0180224f90a9,e1c6f4e6-fae8-4625-b547-aad0f040c25b,c5,c3,1255,i1,?,
1769749343.442283,SENT,a4b9e71d-878e-4a31-912c-ccc674a0bc5f,34c5bbf7-b8a4-4843-b00f-bf3005f7e0fc,c1,c5,876,?,p2,
1769749343.4423254,FORWARDED,a4b9e71d-878e-4a31-912c-ccc674a0bc5f,34c5bbf7-b8a4-4843-b00f-bf3005f7e0fc,c1,c5,876,?,p2,
1769749343.4827173,RECEIVED,c37097dc-8045-4c9c-8c00-5e870c64729d,b521c2a2-aece-4b9e-a72c-ad94f42a2194,c3,c2,1259,i1,?,
1769749343.4882355,RECEIVED,90aad35a-685c-4f68-b921-84e8a198f932,7c811f83-c93c-4641-a038-e98f036f3c98,c5,c3,1260,i3,?,
1769749343.503686,RECEIVED,4ca838e4-af10-4ad1-b218-f5141b1f4b8c,fa20d646-4487-4a63-b6d9-7aaee85e1346,c5,DROP,683,i1,?,
1769749343.548109,RECEIVED,e620d5ee-1bd7-41ca-b7df-710714022ee6,0c2f49e7-9383-412d-b736-07f84101d041,c5,c3,1311,i2,?,
1769749343.5490026,SENT,5c54fd9e-ff71-45a4-bb26-2f1ac16e1210,36bdcd71-2994-4255-978b-e11db675971f,c5,c3,916,?,p3,
1769749343.5492072,FORWARDED,5c54fd9e-ff71-45a4-bb26-2f1ac16e1210,36bdcd71-2994-4255-978b-e11db675971f,c5,c3,916,?,p3,
1769749343.5599334,RECEIVED,1304ca78-3d4b-4a4a-b234-be3d348fea4c,8f0a915d-2236-44bd-97f3-a92852bfcb92,c5,DROP,688,i6,?,
1769749343.568745,SENT,90aad35a-685c-4f68-b921-84e8a198f932,7c811f83-c93c-4641-a038-e98f036f3c98,c5,c3,872,?,p3,
1769749343.5687842,FORWARDED,90aad35a-685c-4f68-b921-84e8a198f932,7c811f83-c93c-4641-a038-e98f036f3c98,c5,c3,872,?,p3,
1769749343.5722141,SENT,4ca838e4-af10-4ad1-b218-f5141b1f4b8c,fa20d646-4487-4a63-b6d9-7aaee85e1346,c5,DROP,441,?,x10,
1769749343.5722482,FORWARDED,4ca838e4-af10-4ad1-b218-f5141b1f4b8c,fa20d646-4487-4a63-b6d9-7aaee85e1346,c5,DROP,441,?,x10,
1769749343.590489,SENT,9d4b7df3-fc9f-4746-8902-fb5b2837b07d,c7a267f0-c29d-471c-8f69-e8d7a55362c6,c3,c2,869,?,p2,
1769749343.5905316,FORWARDED,9d4b7df3-fc9f-4746-8902-fb5b2837b07d,c7a267f0-c29d-471c-8f69-e8d7a55362c6,c3,c2,869,?,p2,
1769749343.6398854,RECEIVED,a15ba1c4-f818-47e0-b90c-e63fb820ff5b,44aa8465-0527-4376-bc5c-5d28027306d9,c3,None,1127,i8,?,
1769749343.6523025,RECEIVED,be2049ed-e25d-4be9-9763-989ff0fcf065,f6aa7f7b-299a-4079-8890-ff640a2abcc6,c4,c1,1259,i7,?,
1769749343.6730983,RECEIVED,6306cb76-e966-4bf3-b017-4ad3119789c0,a33f4676-2721-449c-a476-1200791d77a5,c1,DROP,684,i9,?,
1769749343.7359786,RECEIVED,39591a94-fefc-4e02-8ef3-43c5f842fd80,5addd26f-df5f-4eb4-8efd-04c0fb548de6,c5,DROP,681,i3,?,
1769749343.7628088,RECEIVED,9979eb26-c951-41d4-8b70-d5a01101d22f,c15b5070-8d30-4eb3-bdf9-d1ee37cd7ef6,c1,DROP,687,i3,?,
1769749343.7982845,RECEIVED,e97288db-f80e-4305-89b4-8ca7befcd061,733f35b6-b5db-43f6-bbbd-c0fdd9a2d825,c1,DROP,683,i9,?,
1769749343.7991145,SENT,39591a94-fefc-4e02-8ef3-43c5f842fd80,5addd26f-df5f-4eb4-8efd-04c0fb548de6,c5,DROP,438,?,e2,
1769749343.7991564,FORWARDED,39591a94-fefc-4e02-8ef3-43c5f842fd80,5addd26f-df5f-4eb4-8efd-04c0fb548de6,c5,DROP,438,?,e2,
1769749343.91928,SENT,9979eb26-c951-41d4-8b70-d5a01101d22f,c15b5070-8d30-4eb3-bdf9-d1ee37cd7ef6,c1,DROP,443,?,x1,
1769749343.9193218,FORWARDED,9979eb26-c951-41d4-8b70-d5a01101d22f,c15b5070-8d30-4eb3-bdf9-d1ee37cd7ef6,c1,DROP,443,?,x1,
1769749344.0216517,RECEIVED,d4e04d94-2e6c-4663-8197-55f7d9133506,ab4de70e-f559-4a80-9004-fcf8b27515c0,c5,c3,1312,i7,?,
1769749344.095233,SENT,21cd06ee-b569-4edb-99b4-0180224f90a9,e1c6f4e6-fae8-4625-b547-aad0f040c25b,c5,c3,868,?,p3,
1769749344.095271,FORWARDED,21cd06ee-b569-4edb-99b4-0180224f90a9,e1c6f4e6-fae8-4625-b547-aad0f040c25b,c5,c3,868,?,p3,
1769749344.1193547,SENT,e620d5ee-1bd7-41ca-b7df-710714022ee6,0c2f49e7-9383-412d-b736-07f84101d041,c5,c3,912,?,p3,
1769749344.1193905,FORWARDED,e620d5ee-1bd7-41ca-b7df-710714022ee6,0c2f49e7-9383-412d-b736-07f84101d041,c5,c3,912,?,p3,
1769749344.1850336,SENT,d4e04d94-2e6c-4663-8197-55f7d9133506,ab4de70e-f559-4a80-9004-fcf8b27515c0,c5,c3,910,?,p3,
1769749344.1850898,FORWARDED,d4e04d94-2e6c-4663-8197-55f7d9133506,ab4de70e-f559-4a80-9004-fcf8b27515c0,c5,c3,910,?,p3,
1769749344.2296896,RECEIVED,70223967-f7b3-439f-96a6-011d3a27cd66,1e627614-3b85-4da2-bc33-e62a764dd2f6,c1,c5,1251,i2,?,
1769749344.233103,SENT,6306cb76-e966-4bf3-b017-4ad3119789c0,a33f4676-2721-449c-a476-1200791d77a5,c1,DROP,441,?,e10,
1769749344.233146,FORWARDED,6306cb76-e966-4bf3-b017-4ad3119789c0,a33f4676-2721-449c-a476-1200791d77a5,c1,DROP,441,?,e10,
1769749344.3902597,RECEIVED,a68292cb-9842-4de0-b78d-b9ad48ae00ac,5fbcf940-bec8-486c-a285-97829c0f1aff,c1,DROP,679,i1,?,
1769749344.4116135,RECEIVED,4f771881-4189-4bfc-83f3-6c1d64c8267c,de15c58b-ffa3-4fc3-b7af-60042e408d42,c3,DROP,689,i6,?,
1769749344.4354954,SENT,4f771881-4189-4bfc-83f3-6c1d64c8267c,de15c58b-ffa3-4fc3-b7af-60042e408d42,c3,DROP,442,?,x4,
1769749344.4355338,FORWARDED,4f771881-4189-4bfc-83f3-6c1d64c8267c,de15c58b-ffa3-4fc3-b7af-60042e408d42,c3,DROP,442,?,x4,
1769749344.4647825,SENT,a68292cb-9842-4de0-b78d-b9ad48ae00ac,5fbcf940-bec8-486c-a285-97829c0f1aff,c1,DROP,437,?,e6,
1769749344.4648156,FORWARDED,a68292cb-9842-4de0-b78d-b9ad48ae00ac,5fbcf940-bec8-486c-a285-97829c0f1aff,c1,DROP,437,?,e6,
1769749344.4767272,RECEIVED,03bfa758-0410-4c8c-824e-3ca3356c2c10,8916708e-8568-4fd2-a1ef-99bf85b1d318,c2,DROP,684,i4,?,
1769749344.4811454,RECEIVED,a2bfbcfd-4468-45ef-8f2b-4e8c9460f64a,1908ccc7-b01e-4e6a-97ce-c6052efd327c,c5,DROP,683,i6,?,
1769749344.4833665,RECEIVED,c113c7d3-a83f-4799-9ead-6f2e8655a3c7,78678f90-ecbc-490c-814e-c7a5c22e9dd0,c3,DROP,688,i5,?,
1769749344.5099866,SENT,c37097dc-8045-4c9c-8c00-5e870c64729d,b521c2a2-aece-4b9e-a72c-ad94f42a2194,c3,c2,872,?,p2,
1769749344.510026,FORWARDED,c37097dc-8045-4c9c-8c00-5e870c64729d,b521c2a2-aece-4b9e-a72c-ad94f42a2194,c3,c2,872,?,p2,
1769749344.5254595,SENT,e97288db-f80e-4305-89b4-8ca7befcd061,733f35b6-b5db-43f6-bbbd-c0fdd9a2d825,c1,DROP,441,?,i7,
1769749344.5255134,FORWARDED,e97288db-f80e-4305-89b4-8ca7befcd061,733f35b6-b5db-43f6-bbbd-c0fdd9a2d825,c1,DROP,441,?,i7,
1769749344.5344143,SENT,a15ba1c4-f818-47e0-b90c-e63fb820ff5b,44aa8465-0527-4376-bc5c-5d28027306d9,c3,None,772,?,p2,
1769749344.5344608,FORWARDED,a15ba1c4-f818-47e0-b90c-e63fb820ff5b,44aa8465-0527-4376-bc5c-5d28027306d9,c3,None,772,?,p2,
1769749344.557678,SENT,be2049ed-e25d-4be9-9763-989ff0fcf065,f6aa7f7b-299a-4079-8890-ff640a2abcc6,c4,c1,872,?,p1,
1769749344.5577157,FORWARDED,be2049ed-e25d-4be9-9763-989ff0fcf065,f6aa7f7b-299a-4079-8890-ff640a2abcc6,c4,c1,872,?,p1,
1769749344.6909022,SENT,03bfa758-0410-4c8c-824e-3ca3356c2c10,8916708e-8568-4fd2-a1ef-99bf85b1d318,c2,DROP,441,?,i1,
1769749344.6909392,FORWARDED,03bfa758-0410-4c8c-824e-3ca3356c2c10,8916708e-8568-4fd2-a1ef-99bf85b1d318,c2,DROP,441,?,i1,
1769749344.703064,SENT,c113c7d3-a83f-4799-9ead-6f2e8655a3c7,78678f90-ecbc-490c-814e-c7a5c22e9dd0,c3,DROP,442,?,x3,
1769749344.7031007,FORWARDED,c113c7d3-a83f-4799-9ead-6f2e8655a3c7,78678f90-ecbc-490c-814e-c7a5c22e9dd0,c3,DROP,442,?,x3,
1769749344.7037754,RECEIVED,967b8234-6cc5-4501-b57d-fa9dcc933939,06f42adf-7ecd-4b22-b214-f64010d89e1a,c3,DROP,693,i1,?,
1769749344.7685714,SENT,70223967-f7b3-439f-96a6-011d3a27cd66,1e627614-3b85-4da2-bc33-e62a764dd2f6,c1,c5,866,?,p2,
1769749344.7686107,FORWARDED,70223967-f7b3-439f-96a6-011d3a27cd66,1e627614-3b85-4da2-bc33-e62a764dd2f6,c1,c5,866,?,p2,
1769749344.774379,RECEIVED,7870b731-d709-4266-aa6b-e9c75d00fca6,dcfae302-4f06-4ddf-b82d-640ddd22a032,c2,c3,1255,i4,?,
1769749344.884947,RECEIVED,68c20c9b-d4c2-4730-bf09-95e1e336f06c,cb909ef0-2627-4c8b-8ed4-0e1b91d5e649,c1,DROP,683,i5,?,
1769749344.8870232,RECEIVED,1463e57e-4273-4ce7-82da-4ecc0b88ef4a,73ec7970-f145-4991-9ef3-08a131e08adb,c4,DROP,684,i3,?,
1769749344.8968875,SENT,967b8234-6cc5-4501-b57d-fa9dcc933939,06f42adf-7ecd-4b22-b214-f64010d89e1a,c3,DROP,446,?,e10,
1769749344.896938,FORWARDED,967b8234-6cc5-4501-b57d-fa9dcc933939,06f42adf-7ecd-4b22-b214-f64010d89e1a,c3,DROP,446,?,e10,
1769749344.9154432,RECEIVED,a172f98e-36bc-45ee-b4a2-4029301141b7,06fb8b34-b28b-4e2c-908d-4df1dd300b48,c2,DROP,441,x10,?,
1769749344.9169943,RECEIVED,5d2d5788-7e5f-4b41-bfa1-8c414c004f9a,44195e7e-7c72-4d64-b590-bdaead45c238,c2,DROP,688,i5,?,
1769749344.9344487,SENT,1463e57e-4273-4ce7-82da-4ecc0b88ef4a,73ec7970-f145-4991-9ef3-08a131e08adb,c4,DROP,440,?,e3,
1769749344.934491,FORWARDED,1463e57e-4273-4ce7-82da-4ecc0b88ef4a,73ec7970-f145-4991-9ef3-08a131e08adb,c4,DROP,440,?,e3,
1769749345.0590413,RECEIVED,69697d80-4678-446c-903c-a8704d3684c2,8f12b018-4fe7-4793-9d70-47bf02ab8668,c3,DROP,683,i8,?,
1769749345.1401799,FORWARDED,1304ca78-3d4b-4a4a-b234-be3d348fea4c,8f0a915d-2236-44bd-97f3-a92852bfcb92,c5,DROP,442,?,i12,
1769749345.212606,SENT,5d2d5788-7e5f-4b41-bfa1-8c414c004f9a,44195e7e-7c72-4d64-b590-bdaead45c238,c2,DROP,442,?,x12,
1769749345.2126453,FORWARDED,5d2d5788-7e5f-4b41-bfa1-8c414c004f9a,44195e7e-7c72-4d64-b590-bdaead45c238,c2,DROP,442,?,x12,
1769749345.2420337,RECEIVED,b93ac559-5c7d-41fd-a6fe-a7a69ce7bb75,6155dc61-5ebf-4cd6-8ec9-069a8c6407c9,c3,None,1132,i6,?,
1769749345.2493894,RECEIVED,9c7fd71b-b6ad-4c04-a50d-e53ee1df759c,71cbcf84-7a87-457e-9add-f8d94a4e1ddd,c2,DROP,441,x3,?,
1769749345.3326976,SENT,b93ac559-5c7d-41fd-a6fe-a7a69ce7bb75,6155dc61-5ebf-4cd6-8ec9-069a8c6407c9,c3,None,775,?,p2,
1769749345.3327405,FORWARDED,b93ac559-5c7d-41fd-a6fe-a7a69ce7bb75,6155dc61-5ebf-4cd6-8ec9-069a8c6407c9,c3,None,775,?,p2,
1769749345.3827844,SENT,7870b731-d709-4266-aa6b-e9c75d00fca6,dcfae302-4f06-4ddf-b82d-640ddd22a032,c2,c3,870,?,p3,
1769749345.3828254,FORWARDED,7870b731-d709-4266-aa6b-e9c75d00fca6,dcfae302-4f06-4ddf-b82d-640ddd22a032,c2,c3,870,?,p3,
1769749345.4115682,RECEIVED,86db055b-cdd8-45c8-920f-ca94e885241a,b0e258d4-8e1f-4ff7-a0f8-eb677a3d6d8a,c2,DROP,684,i9,?,
1769749345.4991593,SENT,a2bfbcfd-4468-45ef-8f2b-4e8c9460f64a,1908ccc7-b01e-4e6a-97ce-c6052efd327c,c5,DROP,440,?,i7,
1769749345.4991987,FORWARDED,a2bfbcfd-4468-45ef-8f2b-4e8c9460f64a,1908ccc7-b01e-4e6a-97ce-c6052efd327c,c5,DROP,440,?,i7,
1769749345.5922062,RECEIVED,4d31b567-b647-4f85-a158-90ebe9a2d3a8,7cc6d219-bdc8-4ae5-a4bb-fc388604f140,c2,None,1123,i4,?,
1769749345.681785,SENT,68c20c9b-d4c2-4730-bf09-95e1e336f06c,cb909ef0-2627-4c8b-8ed4-0e1b91d5e649,c1,DROP,441,?,e4,
1769749345.681821,FORWARDED,68c20c9b-d4c2-4730-bf09-95e1e336f06c,cb909ef0-2627-4c8b-8ed4-0e1b91d5e649,c1,DROP,441,?,e4,
1769749345.7114542,RECEIVED,d1b74678-8ecf-48ff-9022-02cafe8c89e5,2f23cfcf-e6e7-45ab-9b80-7cfe6b6befa9,c4,DROP,683,i8,?,
1769749345.74847,SENT,69697d80-4678-446c-903c-a8704d3684c2,8f12b018-4fe7-4793-9d70-47bf02ab8668,c3,DROP,441,?,i4,
1769749345.7485101,FORWARDED,69697d80-4678-446c-903c-a8704d3684c2,8f12b018-4fe7-4793-9d70-47bf02ab8668,c3,DROP,441,?,i4,
1769749345.8046384,RECEIVED,adf1d83d-6ff8-4373-a201-d61a23765a86,2bcdd441-40c5-4b37-a25c-926009103fa3,c2,DROP,685,i5,?,
1769749345.8614159,SENT,adf1d83d-6ff8-4373-a201-d61a23765a86,2bcdd441-40c5-4b37-a25c-926009103fa3,c2,DROP,441,?,x5,
1769749345.8614526,FORWARDED,adf1d83d-6ff8-4373-a201-d61a23765a86,2bcdd441-40c5-4b37-a25c-926009103fa3,c2,DROP,441,?,x5,
1769749345.9755719,SENT,d1b74678-8ecf-48ff-9022-02cafe8c89e5,2f23cfcf-e6e7-45ab-9b80-7cfe6b6befa9,c4,DROP,441,?,i3,
1769749345.97571,FORWARDED,d1b74678-8ecf-48ff-9022-02cafe8c89e5,2f23cfcf-e6e7-45ab-9b80-7cfe6b6befa9,c4,DROP,441,?,i3,
1769749346.0667498,FORWARDED,86db055b-cdd8-45c8-920f-ca94e885241a,b0e258d4-8e1f-4ff7-a0f8-eb677a3d6d8a,c2,DROP,440,?,i12,
1769749346.0762112,RECEIVED,0c20377f-20c2-47fc-8c89-d1763a20271f,438b4037-440e-4407-b9a8-df6b1345989e,c3,DROP,688,i2,?,
1769749346.1125305,RECEIVED,46fc4b7c-44f8-4b98-9620-31c698fbf33d,ef5796a4-c8bc-4b39-89fd-4306f72220de,c5,DROP,686,i9,?,
1769749346.1649861,SENT,4d31b567-b647-4f85-a158-90ebe9a2d3a8,7cc6d219-bdc8-4ae5-a4bb-fc388604f140,c2,None,771,?,p3,
1769749346.1650262,FORWARDED,4d31b567-b647-4f85-a158-90ebe9a2d3a8,7cc6d219-bdc8-4ae5-a4bb-fc388604f140,c2,None,771,?,p3,
1769749346.487103,RECEIVED,9278058d-a576-4fa0-b0b9-06276ca0abea,f6873fa4-f981-4406-b997-ac19509abc79,c1,DROP,686,i6,?,
1769749346.574958,FORWARDED,9278058d-a576-4fa0-b0b9-06276ca0abea,f6873fa4-f981-4406-b997-ac19509abc79,c1,DROP,441,?,i11,
1769749346.6059382,SENT,0c20377f-20c2-47fc-8c89-d1763a20271f,438b4037-440e-4407-b9a8-df6b1345989e,c3,DROP,442,?,e12,
1769749346.6059792,FORWARDED,0c20377f-20c2-47fc-8c89-d1763a20271f,438b4037-440e-4407-b9a8-df6b1345989e,c3,DROP,442,?,e12,
1769749347.2838094,RECEIVED,28950428-be9e-4449-900a-88a83ea2e0f6,4f9ff7a9-4937-4c22-bda2-f181ab213df6,c3,c2,1310,i5,?,
1769749347.581326,SENT,46fc4b7c-44f8-4b98-9620-31c698fbf33d,ef5796a4-c8bc-4b39-89fd-4306f72220de,c5,DROP,442,?,x2,
1769749347.581368,FORWARDED,46fc4b7c-44f8-4b98-9620-31c698fbf33d,ef5796a4-c8bc-4b39-89fd-4306f72220de,c5,DROP,442,?,x2,
1769749347.759243,RECEIVED,583a0d54-9c67-49a1-9867-f8a7e0ffcd71,ad47b6e4-0d77-4840-baa6-f9f9fb33a713,c3,DROP,443,x3,?,
1769749347.7734425,RECEIVED,9966948d-c9f5-41be-802e-14de1dbc4cd1,a971f286-254f-4bc0-9498-0ed6e4795580,c4,DROP,683,i7,?,
1769749347.8430946,RECEIVED,32f7392c-987a-43cf-9d71-3044c863f8ae,b09f5393-2d2b-4165-9abb-34b77e116ea8,c2,DROP,440,x7,?,
1769749347.865998,RECEIVED,85af10b5-7715-4e7c-8426-ef42bdc2fc72,97dd6454-e298-4d10-b3c2-4f3d5002f3aa,c5,c3,1324,i7,?,
1769749347.9573874,RECEIVED,ce81c6c7-f508-4f8d-b293-636187ea1f27,afc72391-0dfc-4a16-a3a6-9181a59114e3,c2,c3,1310,i1,?,
1769749347.9628725,SENT,28950428-be9e-4449-900a-88a83ea2e0f6,4f9ff7a9-4937-4c22-bda2-f181ab213df6,c3,c2,912,?,p2,
1769749347.962913,FORWARDED,28950428-be9e-4449-900a-88a83ea2e0f6,4f9ff7a9-4937-4c22-bda2-f181ab213df6,c3,c2,912,?,p2,
1769749347.9898822,SENT,85af10b5-7715-4e7c-8426-ef42bdc2fc72,97dd6454-e298-4d10-b3c2-4f3d5002f3aa,c5,c3,919,?,p3,
1769749347.9899185,FORWARDED,85af10b5-7715-4e7c-8426-ef42bdc2fc72,97dd6454-e298-4d10-b3c2-4f3d5002f3aa,c5,c3,919,?,p3,
1769749348.1196537,SENT,9966948d-c9f5-41be-802e-14de1dbc4cd1,a971f286-254f-4bc0-9498-0ed6e4795580,c4,DROP,441,?,i3,
1769749348.1196873,FORWARDED,9966948d-c9f5-41be-802e-14de1dbc4cd1,a971f286-254f-4bc0-9498-0ed6e4795580,c4,DROP,441,?,i3,
1769749348.3303237,RECEIVED,24b9ab37-6827-4109-a24e-1c1bbc7687a2,4f4d84da-073d-4f54-bbd3-c0292999e4dd,c5,c3,1311,i7,?,
1769749348.3322148,RECEIVED,c860ed2d-d389-4db1-bfbd-fe3f4ea93d43,390bb5a9-ab8c-4fdd-b8b6-acb7e2e6edde,c1,c5,1320,i5,?,
1769749348.524663,SENT,c860ed2d-d389-4db1-bfbd-fe3f4ea93d43,390bb5a9-ab8c-4fdd-b8b6-acb7e2e6edde,c1,c5,916,?,p2,
1769749348.5247018,FORWARDED,c860ed2d-d389-4db1-bfbd-fe3f4ea93d43,390bb5a9-ab8c-4fdd-b8b6-acb7e2e6edde,c1,c5,916,?,p2,
1769749348.5984666,RECEIVED,e87d0658-8909-4760-b3fb-f9cbbddfbe41,500af531-0c20-458b-bc69-01939347f373,c3,c2,1312,i1,?,
1769749348.6304417,RECEIVED,d4107341-fc32-4e0f-b27c-2eab7f7fe15f,6d74736e-6744-41ca-8bc4-70cdbddc74de,c1,DROP,683,i6,?,
1769749348.787654,RECEIVED,dbe1fcda-9978-4e89-8eb6-104564a8c160,3db8ccbe-ed4b-41cf-8da1-cd2e032a6625,c3,None,1123,i4,?,
1769749348.8102508,RECEIVED,9342e778-29f8-4831-8f79-7fe6ed95055f,aa765c9c-ef89-4cbd-ba8b-8664cc7e4f2e,c1,None,1131,i2,?,
1769749348.8786678,RECEIVED,53344993-b1b3-4f21-bbc9-83fb4c1fb3b3,692b131a-7a28-44f0-92a2-62548efcaec7,c1,DROP,684,i7,?,
1769749348.8894246,RECEIVED,6ca6d244-6660-4e0f-b588-55c11def4f63,f3e5f5a1-1a9b-4094-9d9b-b7cee335dd97,c3,DROP,442,x2,?,
1769749348.9541993,SENT,d4107341-fc32-4e0f-b27c-2eab7f7fe15f,6d74736e-6744-41ca-8bc4-70cdbddc74de,c1,DROP,441,?,e6,
1769749348.9542441,FORWARDED,d4107341-fc32-4e0f-b27c-2eab7f7fe15f,6d74736e-6744-41ca-8bc4-70cdbddc74de,c1,DROP,441,?,e6,
1769749348.960078,SENT,9342e778-29f8-4831-8f79-7fe6ed95055f,aa765c9c-ef89-4cbd-ba8b-8664cc7e4f2e,c1,None,775,?,p1,
1769749348.9601226,FORWARDED,9342e778-29f8-4831-8f79-7fe6ed95055f,aa765c9c-ef89-4cbd-ba8b-8664cc7e4f2e,c1,None,775,?,p1,
1769749349.0356014,SENT,e87d0658-8909-4760-b3fb-f9cbbddfbe41,500af531-0c20-458b-bc69-01939347f373,c3,c2,911,?,p2,
1769749349.0356426,FORWARDED,e87d0658-8909-4760-b3fb-f9cbbddfbe41,500af531-0c20-458b-bc69-01939347f373,c3,c2,911,?,p2,
1769749349.1123781,SENT,53344993-b1b3-4f21-bbc9-83fb4c1fb3b3,692b131a-7a28-44f0-92a2-62548efcaec7,c1,DROP,441,?,e6,
1769749349.1124187,FORWARDED,53344993-b1b3-4f21-bbc9-83fb4c1fb3b3,692b131a-7a28-44f0-92a2-62548efcaec7,c1,DROP,441,?,e6,
1769749349.3440216,SENT,24b9ab37-6827-4109-a24e-1c1bbc7687a2,4f4d84da-073d-4f54-bbd3-c0292999e4dd,c5,c3,912,?,p3,
1769749349.344088,FORWARDED,24b9ab37-6827-4109-a24e-1c1bbc7687a2,4f4d84da-073d-4f54-bbd3-c0292999e4dd,c5,c3,912,?,p3,
1769749349.43022,SENT,dbe1fcda-9978-4e89-8eb6-104564a8c160,3db8ccbe-ed4b-41cf-8da1-cd2e032a6625,c3,None,771,?,p2,
1769749349.430261,FORWARDED,dbe1fcda-9978-4e89-8eb6-104564a8c160,3db8ccbe-ed4b-41cf-8da1-cd2e032a6625,c3,None,771,?,p2,
1769749349.458287,RECEIVED,15ecbaa1-4869-4925-beeb-4bcc44cb813e,25fa3132-2947-4c04-99f9-c96662cbcfb8,c3,None,1133,i3,?,
1769749349.5037632,RECEIVED,c517f330-1dd9-487e-87f8-9475fab25a0f,86d8e21c-65e0-4850-926e-62751bf6eb1c,c3,None,1132,i7,?,
1769749349.5265803,RECEIVED,4c0deb42-a336-4ce3-bb79-b90f135680f2,9b86604b-6f25-4420-b8d6-851338656309,c4,DROP,683,i5,?,
1769749349.5332217,SENT,15ecbaa1-4869-4925-beeb-4bcc44cb813e,25fa3132-2947-4c04-99f9-c96662cbcfb8,c3,None,775,?,p2,
1769749349.533265,FORWARDED,15ecbaa1-4869-4925-beeb-4bcc44cb813e,25fa3132-2947-4c04-99f9-c96662cbcfb8,c3,None,775,?,p2,
1769749349.7469945,SENT,ce81c6c7-f508-4f8d-b293-636187ea1f27,afc72391-0dfc-4a16-a3a6-9181a59114e3,c2,c3,911,?,p3,
1769749349.7470355,FORWARDED,ce81c6c7-f508-4f8d-b293-636187ea1f27,afc72391-0dfc-4a16-a3a6-9181a59114e3,c2,c3,911,?,p3,
1769749349.7625759,SENT,c517f330-1dd9-487e-87f8-9475fab25a0f,86d8e21c-65e0-4850-926e-62751bf6eb1c,c3,None,776,?,p2,
1769749349.7626247,FORWARDED,c517f330-1dd9-487e-87f8-9475fab25a0f,86d8e21c-65e0-4850-926e-62751bf6eb1c,c3,None,776,?,p2,
1769749349.8086653,RECEIVED,a39d7cc8-5a51-4b5e-9e54-5678e8c1636d,1ef36788-2738-479d-8f3a-18776ada6125,c5,c3,1312,i1,?,
1769749349.8444667,RECEIVED,97ae2cac-21c2-44ef-bf93-2846e546e270,15ffb09d-eb6d-4ac7-ae01-23c0376094cd,c3,c2,1254,i6,?,
1769749349.8647366,SENT,97ae2cac-21c2-44ef-bf93-2846e546e270,15ffb09d-eb6d-4ac7-ae01-23c0376094cd,c3,c2,867,?,p2,
1769749349.8647783,FORWARDED,97ae2cac-21c2-44ef-bf93-2846e546e270,15ffb09d-eb6d-4ac7-ae01-23c0376094cd,c3,c2,867,?,p2,
1769749349.9027476,SENT,a39d7cc8-5a51-4b5e-9e54-5678e8c1636d,1ef36788-2738-479d-8f3a-18776ada6125,c5,c3,912,?,p3,
1769749349.9027905,FORWARDED,a39d7cc8-5a51-4b5e-9e54-5678e8c1636d,1ef36788-2738-479d-8f3a-18776ada6125,c5,c3,912,?,p3,
1769749349.9604518,SENT,4c0deb42-a336-4ce3-bb79-b90f135680f2,9b86604b-6f25-4420-b8d6-851338656309,c4,DROP,441,?,i1,
1769749349.9604993,FORWARDED,4c0deb42-a336-4ce3-bb79-b90f135680f2,9b86604b-6f25-4420-b8d6-851338656309,c4,DROP,441,?,i1,
1769749350.0655513,RECEIVED,083486ea-2996-4323-9455-5bc568da2b18,8033c7f2-d8af-4439-ae4c-f30242532af7,c2,DROP,687,i6,?,
1769749350.1942787,RECEIVED,25646145-9c53-4f2f-88b6-c91709348f9c,8e91c44b-ed46-48cd-82c0-341af0631092,c5,DROP,442,x9,?,
1769749350.216274,RECEIVED,9d5dece2-8944-4860-902b-41267c89f9ba,57b16126-c1b5-430c-98fc-b50ab60cc9d9,c3,DROP,441,x4,?,
1769749350.2827353,RECEIVED,f354ef6b-6b57-4b76-93cc-ceb2f40b10cf,5ee1d9c5-b431-450a-a5b0-20e922280761,c4,DROP,687,i7,?,
1769749350.2839568,SENT,083486ea-2996-4323-9455-5bc568da2b18,8033c7f2-d8af-4439-ae4c-f30242532af7,c2,DROP,442,?,x2,
1769749350.2839928,FORWARDED,083486ea-2996-4323-9455-5bc568da2b18,8033c7f2-d8af-4439-ae4c-f30242532af7,c2,DROP,442,?,x2,
1769749350.3549278,RECEIVED,b3c66623-eb11-4c39-99f8-c48205ff0677,8de084ba-3e79-42fb-ba8c-4b8ddf51f717,c2,None,1128,i9,?,
1769749350.5777564,SENT,f354ef6b-6b57-4b76-93cc-ceb2f40b10cf,5ee1d9c5-b431-450a-a5b0-20e922280761,c4,DROP,442,?,e4,
1769749350.5777986,FORWARDED,f354ef6b-6b57-4b76-93cc-ceb2f40b10cf,5ee1d9c5-b431-450a-a5b0-20e922280761,c4,DROP,442,?,e4,
1769749350.5917506,RECEIVED,4715bddc-4ca6-479f-b840-4a9543228d7c,ad3c2112-9b0d-4f01-9de6-1011e1355868,c1,DROP,688,i7,?,
1769749350.6946032,SENT,4715bddc-4ca6-479f-b840-4a9543228d7c,ad3c2112-9b0d-4f01-9de6-1011e1355868,c1,DROP,443,?,e6,
1769749350.6946442,FORWARDED,4715bddc-4ca6-479f-b840-4a9543228d7c,ad3c2112-9b0d-4f01-9de6-1011e1355868,c1,DROP,443,?,e6,
1769749350.7824538,SENT,b3c66623-eb11-4c39-99f8-c48205ff0677,8de084ba-3e79-42fb-ba8c-4b8ddf51f717,c2,None,773,?,p3,
1769749350.7824998,FORWARDED,b3c66623-eb11-4c39-99f8-c48205ff0677,8de084ba-3e79-42fb-ba8c-4b8ddf51f717,c2,None,773,?,p3,
1769749350.8408494,RECEIVED,1ab35be2-64a0-47d3-bd73-cd03bc9f29a7,f4816726-1f95-423e-bfcc-2f97a8ee970a,c3,DROP,442,x12,?,
1769749351.3059978,RECEIVED,b299f012-2999-44de-9dcb-ce9397834787,57ff82bd-3e3e-40da-a9bb-b1dffbbdce59,c3,c2,1261,i2,?,
1769749351.3581653,SENT,b299f012-2999-44de-9dcb-ce9397834787,57ff82bd-3e3e-40da-a9bb-b1dffbbdce59,c3,c2,872,?,p2,
1769749351.3582065,FORWARDED,b299f012-2999-44de-9dcb-ce9397834787,57ff82bd-3e3e-40da-a9bb-b1dffbbdce59,c3,c2,872,?,p2,
1769749351.3714678,RECEIVED,10c60dff-0c53-4f29-9710-d5d94579c5fb,a5358df7-ead1-4417-b684-3613732d44ab,c1,DROP,442,x5,?,
1769749351.6676838,RECEIVED,925fc333-b2fa-49af-b3e0-1f48856d895b,dddb43d2-7285-4c16-b72b-82e2f0b62b92,c5,c3,1319,i7,?,
1769749351.814519,RECEIVED,60c295ec-67f3-4718-bf00-a1b06b74b796,cf53557a-f2fb-4eaf-a26c-b418215f216c,c2,DROP,687,i1,?,
1769749351.8539636,RECEIVED,d23d366f-2d9f-4d85-85fa-0aa4e185e5f1,e5edacbc-808c-4e4b-bd46-2665fcc831bc,c3,None,1125,i6,?,
1769749351.9068615,RECEIVED,2ed6b829-0fba-4a26-9bf1-fce83881c3a9,a8a2b991-5e9b-4dd9-9f58-f41e9225575a,c4,c1,1251,i3,?,
1769749351.9481466,SENT,d23d366f-2d9f-4d85-85fa-0aa4e185e5f1,e5edacbc-808c-4e4b-bd46-2665fcc831bc,c3,None,771,?,p2,
1769749351.9482656,FORWARDED,d23d366f-2d9f-4d85-85fa-0aa4e185e5f1,e5edacbc-808c-4e4b-bd46-2665fcc831bc,c3,None,771,?,p2,
1769749352.174262,SENT,925fc333-b2fa-49af-b3e0-1f48856d895b,dddb43d2-7285-4c16-b72b-82e2f0b62b92,c5,c3,916,?,p3,
1769749352.1743126,FORWARDED,925fc333-b2fa-49af-b3e0-1f48856d895b,dddb43d2-7285-4c16-b72b-82e2f0b62b92,c5,c3,916,?,p3,
1769749352.2175775,RECEIVED,8b47d31e-6322-47fa-a576-51c2ade1132c,0fd23a6b-e3e5-401e-b306-98edef2f8956,c2,DROP,444,x2,?,
1769749352.2379756,RECEIVED,a61dbbc9-b06d-4225-b3a5-d569683a37cb,589a3cbe-f408-451b-826a-c922a2b6c766,c3,DROP,688,i4,?,
1769749352.2424085,RECEIVED,7a6064bb-5c63-4cfc-913d-92b1fe9e82b9,00f0f908-c5e9-41cd-b981-23a49c1d5711,c3,DROP,440,x4,?,
1769749352.3351023,SENT,2ed6b829-0fba-4a26-9bf1-fce83881c3a9,a8a2b991-5e9b-4dd9-9f58-f41e9225575a,c4,c1,867,?,p1,
1769749352.335145,FORWARDED,2ed6b829-0fba-4a26-9bf1-fce83881c3a9,a8a2b991-5e9b-4dd9-9f58-f41e9225575a,c4,c1,867,?,p1,
1769749352.3889754,RECEIVED,4f190aae-fc2c-4173-8a55-038f65e6c6c1,8b2942c5-efdb-4022-9b96-0fc34a2220ce,c1,DROP,687,i3,?,
1769749352.4101908,RECEIVED,11b2e80c-3f74-49bc-aa7e-3ecfdf7a49a6,6cfce2fb-bcbc-4e3a-bdca-9f3235eaba73,c5,DROP,687,i2,?,
1769749352.4122305,RECEIVED,2c23f866-0998-48c1-ace6-1b1066335c52,f464db49-1ca2-462a-a10f-c61bd704a178,c5,c3,1256,i7,?,
1769749352.5447795,RECEIVED,7a4e6b81-5450-4d0e-8fe2-9b86ffc3be94,f057cb1e-c942-448d-9cc1-aa5957daecb6,c2,DROP,441,x3,?,
1769749352.7685812,SENT,60c295ec-67f3-4718-bf00-a1b06b74b796,cf53557a-f2fb-4eaf-a26c-b418215f216c,c2,DROP,442,?,e1,
1769749352.7686234,FORWARDED,60c295ec-67f3-4718-bf00-a1b06b74b796,cf53557a-f2fb-4eaf-a26c-b418215f216c,c2,DROP,442,?,e1,
1769749352.7730093,SENT,11b2e80c-3f74-49bc-aa7e-3ecfdf7a49a6,6cfce2fb-bcbc-4e3a-bdca-9f3235eaba73,c5,DROP,442,?,i4,
1769749352.7730594,FORWARDED,11b2e80c-3f74-49bc-aa7e-3ecfdf7a49a6,6cfce2fb-bcbc-4e3a-bdca-9f3235eaba73,c5,DROP,442,?,i4,
1769749352.8391864,SENT,2c23f866-0998-48c1-ace6-1b1066335c52,f464db49-1ca2-462a-a10f-c61bd704a178,c5,c3,868,?,p3,
1769749352.8392282,FORWARDED,2c23f866-0998-48c1-ace6-1b1066335c52,f464db49-1ca2-462a-a10f-c61bd704a178,c5,c3,868,?,p3,
1769749353.2463932,RECEIVED,ff10068b-ed80-482a-bf09-3ab1b405ca65,52056992-15f4-4763-885c-dcc9163fe6cd,c2,DROP,688,i5,?,
1769749353.3327188,RECEIVED,e23bacf1-96c1-4b7b-8686-d179b78360fd,8d0e6aac-c451-47b2-b7e4-b46f162f153b,c5,DROP,683,i1,?,
1769749353.3778775,RECEIVED,cf754f24-a59c-4a40-a5df-4b5faeeaa405,f0735cf2-9b57-48b7-8b4d-77191fd1b674,c5,DROP,689,i4,?,
1769749353.3867843,SENT,a61dbbc9-b06d-4225-b3a5-d569683a37cb,589a3cbe-f408-451b-826a-c922a2b6c766,c3,DROP,442,?,e11,
1769749353.3868265,FORWARDED,a61dbbc9-b06d-4225-b3a5-d569683a37cb,589a3cbe-f408-451b-826a-c922a2b6c766,c3,DROP,442,?,e11,
1769749353.5197606,SENT,4f190aae-fc2c-4173-8a55-038f65e6c6c1,8b2942c5-efdb-4022-9b96-0fc34a2220ce,c1,DROP,442,?,x1,
1769749353.5197957,FORWARDED,4f190aae-fc2c-4173-8a55-038f65e6c6c1,8b2942c5-efdb-4022-9b96-0fc34a2220ce,c1,DROP,442,?,x1,
1769749353.700079,SENT,cf754f24-a59c-4a40-a5df-4b5faeeaa405,f0735cf2-9b57-48b7-8b4d-77191fd1b674,c5,DROP,442,?,x12,
1769749353.700178,FORWARDED,cf754f24-a59c-4a40-a5df-4b5faeeaa405,f0735cf2-9b57-48b7-8b4d-77191fd1b674,c5,DROP,442,?,x12,
1769749353.7303843,RECEIVED,df148c59-c38a-482f-b099-59b8b2572299,78ce950e-2d04-4bd7-84a7-a604d1799dfe,c4,c1,1251,i2,?,
1769749353.9178138,RECEIVED,c7f797c2-9d9f-499a-bf3e-f35a53687b79,0cabb352-b016-4084-a9ca-8c495e6f7b8f,c4,c1,1256,i5,?,
1769749354.1569495,SENT,c7f797c2-9d9f-499a-bf3e-f35a53687b79,0cabb352-b016-4084-a9ca-8c495e6f7b8f,c4,c1,868,?,p1,
1769749354.156987,FORWARDED,c7f797c2-9d9f-499a-bf3e-f35a53687b79,0cabb352-b016-4084-a9ca-8c495e6f7b8f,c4,c1,868,?,p1,
1769749354.160464,RECEIVED,a9223f5b-1548-49df-81ea-0aab1ef9a2c3,c8161995-99fb-4f3e-91db-3267add5d814,c2,c3,1252,i8,?,
1769749354.258879,SENT,a9223f5b-1548-49df-81ea-0aab1ef9a2c3,c8161995-99fb-4f3e-91db-3267add5d814,c2,c3,867,?,p3,
1769749354.2589157,FORWARDED,a9223f5b-1548-49df-81ea-0aab1ef9a2c3,c8161995-99fb-4f3e-91db-3267add5d814,c2,c3,867,?,p3,
1769749354.2993524,SENT,df148c59-c38a-482f-b099-59b8b2572299,78ce950e-2d04-4bd7-84a7-a604d1799dfe,c4,c1,867,?,p1,
1769749354.2993941,FORWARDED,df148c59-c38a-482f-b099-59b8b2572299,78ce950e-2d04-4bd7-84a7-a604d1799dfe,c4,c1,867,?,p1,
1769749354.367705,RECEIVED,2c075c9d-5967-4bb1-9e66-4585f62852ae,62110b46-807b-4a17-b5b7-2a06a738405f,c5,None,1131,i7,?,
1769749354.3708436,RECEIVED,fad0b6ef-152e-4eef-a870-ebade51a6c9a,47bd9466-679d-4938-b1c1-50ca4c963125,c5,c3,1311,i7,?,
1769749354.3727539,FORWARDED,ff10068b-ed80-482a-bf09-3ab1b405ca65,52056992-15f4-4763-885c-dcc9163fe6cd,c2,DROP,442,?,i10,
1769749354.3949137,RECEIVED,e9193f44-7f88-4410-9e19-d3397bf134b6,6c6a569e-2d97-4450-9680-476e989d8042,c4,DROP,442,x9,?,
1769749354.5058482,RECEIVED,45992a0b-e0f0-4d28-9ec6-bc1f99c067a3,d29d16d5-a4af-40a9-a4e9-64757deccaf9,c3,c2,1311,i6,?,
1769749354.5613828,RECEIVED,5e72cf25-cc48-4b28-b61b-81e01826d2e2,fe0c056b-eaa4-48f7-b3dd-d6a114e1c748,c4,DROP,684,i4,?,
1769749354.6029816,RECEIVED,edbc334f-bc1e-43bf-92e7-b0439ac4a534,7afc3566-8beb-470b-bcd3-b4c69a5e4619,c1,c5,1320,i5,?,
1769749354.6604257,SENT,fad0b6ef-152e-4eef-a870-ebade51a6c9a,47bd9466-679d-4938-b1c1-50ca4c963125,c5,c3,911,?,p3,
1769749354.6604674,FORWARDED,fad0b6ef-152e-4eef-a870-ebade51a6c9a,47bd9466-679d-4938-b1c1-50ca4c963125,c5,c3,911,?,p3,
1769749354.6636477,RECEIVED,6eeec1ec-606f-4d5b-8248-c5d9408c27ce,48d1dba7-f180-4976-9069-d2cd6695ba76,c1,DROP,441,x10,?,
1769749354.7114296,RECEIVED,370209af-053e-4b64-9ee5-15564a75fb93,4a7f0442-1b5b-4bda-829e-3c89fda4e08d,c1,None,1122,i9,?,
1769749354.7596257,RECEIVED,5e6dbb79-ee3f-4da5-ab05-fcc7efeff0ff,34239fe1-803d-4a51-bc45-a2c909a97376,c4,c1,1256,i9,?,
1769749354.78496,SENT,edbc334f-bc1e-43bf-92e7-b0439ac4a534,7afc3566-8beb-470b-bcd3-b4c69a5e4619,c1,c5,916,?,p2,
1769749354.7850153,FORWARDED,edbc334f-bc1e-43bf-92e7-b0439ac4a534,7afc3566-8beb-470b-bcd3-b4c69a5e4619,c1,c5,916,?,p2,
1769749354.807555,SENT,5e6dbb79-ee3f-4da5-ab05-fcc7efeff0ff,34239fe1-803d-4a51-bc45-a2c909a97376,c4,c1,868,?,p1,
1769749354.807596,FORWARDED,5e6dbb79-ee3f-4da5-ab05-fcc7efeff0ff,34239fe1-803d-4a51-bc45-a2c909a97376,c4,c1,868,?,p1,
1769749354.82056,SENT,5e72cf25-cc48-4b28-b61b-81e01826d2e2,fe0c056b-eaa4-48f7-b3dd-d6a114e1c748,c4,DROP,441,?,x3,
1769749354.8206103,FORWARDED,5e72cf25-cc48-4b28-b61b-81e01826d2e2,fe0c056b-eaa4-48f7-b3dd-d6a114e1c748,c4,DROP,441,?,x3,
1769749354.8293023,RECEIVED,2ea6e03e-271c-45a1-95d5-5ebb6e08307a,fbd8a1de-73da-45a8-ad5d-93f236a03f05,c4,DROP,684,i9,?,
1769749354.861156,RECEIVED,9ad37f23-06be-44cb-9037-1054fa065f26,2984fc92-9e28-4120-8da0-b91d290756c4,c4,DROP,685,i2,?,
1769749354.9246151,SENT,2ea6e03e-271c-45a1-95d5-5ebb6e08307a,fbd8a1de-73da-45a8-ad5d-93f236a03f05,c4,DROP,441,?,i7,
1769749354.9246507,FORWARDED,2ea6e03e-271c-45a1-95d5-5ebb6e08307a,fbd8a1de-73da-45a8-ad5d-93f236a03f05,c4,DROP,441,?,i7,
1769749355.0059404,RECEIVED,4d255582-845a-4b04-8802-36459bb7264c,35f7c688-0fbc-4095-acc8-2b15897584a0,c1,None,1130,i2,?,
1769749355.1770296,SENT,e23bacf1-96c1-4b7b-8686-d179b78360fd,8d0e6aac-c451-47b2-b7e4-b46f162f153b,c5,DROP,441,?,e5,
1769749355.1770859,FORWARDED,e23bacf1-96c1-4b7b-8686-d179b78360fd,8d0e6aac-c451-47b2-b7e4-b46f162f153b,c5,DROP,441,?,e5,
1769749355.2061372,SENT,2c075c9d-5967-4bb1-9e66-4585f62852ae,62110b46-807b-4a17-b5b7-2a06a738405f,c5,None,776,?,p1,
1769749355.2061782,FORWARDED,2c075c9d-5967-4bb1-9e66-4585f62852ae,62110b46-807b-4a17-b5b7-2a06a738405f,c5,None,776,?,p1,
1769749355.2177536,FORWARDED,9ad37f23-06be-44cb-9037-1054fa065f26,2984fc92-9e28-4120-8da0-b91d290756c4,c4,DROP,441,?,i11,
1769749355.3452709,SENT,45992a0b-e0f0-4d28-9ec6-bc1f99c067a3,d29d16d5-a4af-40a9-a4e9-64757deccaf9,c3,c2,911,?,p2,
1769749355.345312,FORWARDED,45992a0b-e0f0-4d28-9ec6-bc1f99c067a3,d29d16d5-a4af-40a9-a4e9-64757deccaf9,c3,c2,911,?,p2,
1769749355.3599365,RECEIVED,df65f37f-38e7-4f55-8230-f1b8d8e12f07,f4ebc2db-1a74-45b0-90c1-834a5975ba67,c5,c3,1311,i1,?,
1769749355.4893095,RECEIVED,9358270b-1d97-4d90-a3cf-5bc591aeb200,748965a8-94c7-4f23-8f14-f76422b240fd,c4,c1,1263,i4,?,
1769749355.4930387,SENT,df65f37f-38e7-4f55-8230-f1b8d8e12f07,f4ebc2db-1a74-45b0-90c1-834a5975ba67,c5,c3,911,?,p3,
1769749355.4930902,FORWARDED,df65f37f-38e7-4f55-8230-f1b8d8e12f07,f4ebc2db-1a74-45b0-90c1-834a5975ba67,c5,c3,911,?,p3,
1769749355.7157524,SENT,9358270b-1d97-4d90-a3cf-5bc591aeb200,748965a8-94c7-4f23-8f14-f76422b240fd,c4,c1,875,?,p1,
1769749355.7158053,FORWARDED,9358270b-1d97-4d90-a3cf-5bc591aeb200,748965a8-94c7-4f23-8f14-f76422b240fd,c4,c1,875,?,p1,
1769749355.8053124,RECEIVED,b063d4c1-dac3-4a34-9c6d-be6bc6bca6a4,a01ff8ff-11a8-4569-b2f0-603468d9ce4b,c5,DROP,445,x11,?,
1769749355.900073,RECEIVED,73b98c34-e16a-449f-aedf-9dd92025f86f,cc73121d-65e0-41a6-88cb-f6aa7fa5c1e8,c2,c3,1259,i4,?,
1769749355.9720097,RECEIVED,1648e453-d5a8-4343-94cf-9345839604d4,7d038ede-908f-4bb3-bd2c-e1b61f28d402,c3,DROP,441,x4,?,
1769749356.3254194,SENT,4d255582-845a-4b04-8802-36459bb7264c,35f7c688-0fbc-4095-acc8-2b15897584a0,c1,None,775,?,p1,
1769749356.325456,FORWARDED,4d255582-845a-4b04-8802-36459bb7264c,35f7c688-0fbc-4095-acc8-2b15897584a0,c1,None,775,?,p1,
1769749356.502508,RECEIVED,29301b70-f8a1-4abf-9fad-432150e00768,cd0772aa-dcd9-4f96-b9f6-05ba76941ad9,c1,DROP,685,i2,?,
1769749356.507709,SENT,370209af-053e-4b64-9ee5-15564a75fb93,4a7f0442-1b5b-4bda-829e-3c89fda4e08d,c1,None,770,?,p1,
1769749356.5077507,FORWARDED,370209af-053e-4b64-9ee5-15564a75fb93,4a7f0442-1b5b-4bda-829e-3c89fda4e08d,c1,None,770,?,p1,
1769749356.6451304,RECEIVED,b082b2f7-f439-4d36-9a43-5e7b9d1f6aa8,efb06d32-14ba-4240-9b6a-2f9de38f351c,c5,DROP,687,i4,?,
1769749356.8133898,FORWARDED,29301b70-f8a1-4abf-9fad-432150e00768,cd0772aa-dcd9-4f96-b9f6-05ba76941ad9,c1,DROP,441,?,i11,
1769749356.8747168,RECEIVED,10d07aa4-d91b-4743-8074-3f67007db84e,4cb0c230-79e4-4fbb-a829-6e5293f9bc0d,c1,c5,1259,i7,?,
1769749356.9804447,SENT,b082b2f7-f439-4d36-9a43-5e7b9d1f6aa8,efb06d32-14ba-4240-9b6a-2f9de38f351c,c5,DROP,442,?,e2,
1769749356.9804873,FORWARDED,b082b2f7-f439-4d36-9a43-5e7b9d1f6aa8,efb06d32-14ba-4240-9b6a-2f9de38f351c,c5,DROP,442,?,e2,
1769749357.0890768,RECEIVED,a0f2f015-19cd-4061-ba78-794e0c4ccfaa,6d7ab431-80a6-4824-a672-51f552ed7c0a,c3,DROP,688,i6,?,
1769749357.0897007,RECEIVED,ed27bad7-537f-4b07-87fb-65e23f23f043,8e68e532-7f76-40e8-ba6a-edd32a51f0d8,c5,c3,1252,i4,?,
1769749357.1329992,SENT,a0f2f015-19cd-4061-ba78-794e0c4ccfaa,6d7ab431-80a6-4824-a672-51f552ed7c0a,c3,DROP,442,?,x1,
1769749357.133043,FORWARDED,a0f2f015-19cd-4061-ba78-794e0c4ccfaa,6d7ab431-80a6-4824-a672-51f552ed7c0a,c3,DROP,442,?,x1,
1769749357.1365898,SENT,10d07aa4-d91b-4743-8074-3f67007db84e,4cb0c230-79e4-4fbb-a829-6e5293f9bc0d,c1,c5,871,?,p2,
1769749357.136623,FORWARDED,10d07aa4-d91b-4743-8074-3f67007db84e,4cb0c230-79e4-4fbb-a829-6e5293f9bc0d,c1,c5,871,?,p2,
1769749357.1557214,RECEIVED,c468a4e6-5b78-474e-a064-218b40fdec44,cd861b0d-9076-4254-b156-c49874b22cc1,c1,None,1132,i9,?,
1769749357.1760106,SENT,73b98c34-e16a-449f-aedf-9dd92025f86f,cc73121d-65e0-41a6-88cb-f6aa7fa5c1e8,c2,c3,871,?,p3,
1769749357.176062,FORWARDED,73b98c34-e16a-449f-aedf-9dd92025f86f,cc73121d-65e0-41a6-88cb-f6aa7fa5c1e8,c2,c3,871,?,p3,
1769749357.184093,RECEIVED,278e830a-ea58-4e65-b67b-648c674165c9,5c63163a-58cc-4449-8ac1-54bd9452edc9,c4,c1,1311,i3,?,
1769749357.2265017,SENT,ed27bad7-537f-4b07-87fb-65e23f23f043,8e68e532-7f76-40e8-ba6a-edd32a51f0d8,c5,c3,867,?,p3,
1769749357.226543,FORWARDED,ed27bad7-537f-4b07-87fb-65e23f23f043,8e68e532-7f76-40e8-ba6a-edd32a51f0d8,c5,c3,867,?,p3,
1769749357.2589536,RECEIVED,929f7072-5ca0-482b-b7bd-a9dc8ff02b66,13c5c4d2-4048-49c9-82dc-134174969756,c2,c3,1264,i2,?,
1769749357.3811128,RECEIVED,129ba64f-95db-43c8-ac6a-c4bc386c1cc9,80418210-5769-4cae-a267-1858dc162e6d,c1,DROP,683,i5,?,
1769749357.3984644,SENT,278e830a-ea58-4e65-b67b-648c674165c9,5c63163a-58cc-4449-8ac1-54bd9452edc9,c4,c1,911,?,p1,
1769749357.398504,FORWARDED,278e830a-ea58-4e65-b67b-648c674165c9,5c63163a-58cc-4449-8ac1-54bd9452edc9,c4,c1,911,?,p1,
1769749357.4071708,RECEIVED,26f44c8d-b156-4d74-910c-1baa427065b7,15d011b8-20cb-4fff-90ab-49697152d0e7,c5,DROP,683,i9,?,
1769749357.5427754,RECEIVED,5b140d21-342a-4368-869e-27c0a625aeb9,00860153-3bc7-46bd-9fb1-f55b7096d510,c4,c1,1256,i3,?,
1769749357.5720873,SENT,c468a4e6-5b78-474e-a064-218b40fdec44,cd861b0d-9076-4254-b156-c49874b22cc1,c1,None,775,?,p1,
1769749357.5721297,FORWARDED,c468a4e6-5b78-474e-a064-218b40fdec44,cd861b0d-9076-4254-b156-c49874b22cc1,c1,None,775,?,p1,
1769749357.6986113,SENT,26f44c8d-b156-4d74-910c-1baa427065b7,15d011b8-20cb-4fff-90ab-49697152d0e7,c5,DROP,441,?,e2,
1769749357.6986635,FORWARDED,26f44c8d-b156-4d74-910c-1baa427065b7,15d011b8-20cb-4fff-90ab-49697152d0e7,c5,DROP,441,?,e2,
1769749357.7204924,SENT,5b140d21-342a-4368-869e-27c0a625aeb9,00860153-3bc7-46bd-9fb1-f55b7096d510,c4,c1,868,?,p1,
1769749357.7205362,FORWARDED,5b140d21-342a-4368-869e-27c0a625aeb9,00860153-3bc7-46bd-9fb1-f55b7096d510,c4,c1,868,?,p1,
1769749357.7380788,SENT,929f7072-5ca0-482b-b7bd-a9dc8ff02b66,13c5c4d2-4048-49c9-82dc-134174969756,c2,c3,875,?,p3,
1769749357.7381198,FORWARDED,929f7072-5ca0-482b-b7bd-a9dc8ff02b66,13c5c4d2-4048-49c9-82dc-134174969756,c2,c3,875,?,p3,
1769749357.78858,RECEIVED,35426546-6216-4527-a51f-cd5c3147e0f6,c14d2bb0-3685-4527-a3be-19656862417e,c5,c3,1313,i7,?,
1769749357.8328505,SENT,35426546-6216-4527-a51f-cd5c3147e0f6,c14d2bb0-3685-4527-a3be-19656862417e,c5,c3,912,?,p3,
1769749357.8328922,FORWARDED,35426546-6216-4527-a51f-cd5c3147e0f6,c14d2bb0-3685-4527-a3be-19656862417e,c5,c3,912,?,p3,
1769749357.838131,SENT,129ba64f-95db-43c8-ac6a-c4bc386c1cc9,80418210-5769-4cae-a267-1858dc162e6d,c1,DROP,441,?,x2,
1769749357.8381708,FORWARDED,129ba64f-95db-43c8-ac6a-c4bc386c1cc9,80418210-5769-4cae-a267-1858dc162e6d,c1,DROP,441,?,x2,
1769749358.5057049,RECEIVED,caa43339-2a72-4fe1-ab28-8926a061cb72,2b9fdfc4-d0ee-446e-8ade-1aa566a92f88,c1,DROP,687,i2,?,
1769749358.890518,RECEIVED,2f971d24-2157-4395-bab9-4c9ae441685a,f9bc99a8-52a8-4b7c-b52e-aecca917c7b2,c1,DROP,441,x10,?,
1769749358.957644,RECEIVED,74a75e0b-6953-4044-8994-816cdf7e7ef2,337be7f4-2971-499d-a51e-73654a846b7c,c5,c3,1252,i7,?,
1769749358.9897766,RECEIVED,b5272ebd-40e5-4195-95de-7de36bf03af6,3146c569-6233-49bb-a404-69f72c6b135b,c4,c1,1311,i2,?,
1769749359.0212784,SENT,74a75e0b-6953-4044-8994-816cdf7e7ef2,337be7f4-2971-499d-a51e-73654a846b7c,c5,c3,867,?,p3,
1769749359.0213184,FORWARDED,74a75e0b-6953-4044-8994-816cdf7e7ef2,337be7f4-2971-499d-a51e-73654a846b7c,c5,c3,867,?,p3,
1769749359.0699759,RECEIVED,d248a3e2-7a67-4564-9192-e9e4f987d10d,73b21ec2-2502-4033-9928-9cfeb3341ca6,c1,None,1128,i2,?,
1769749359.1797924,SENT,caa43339-2a72-4fe1-ab28-8926a061cb72,2b9fdfc4-d0ee-446e-8ade-1aa566a92f88,c1,DROP,442,?,e2,
1769749359.179838,FORWARDED,caa43339-2a72-4fe1-ab28-8926a061cb72,2b9fdfc4-d0ee-446e-8ade-1aa566a92f88,c1,DROP,442,?,e2,
1769749359.2974787,SENT,d248a3e2-7a67-4564-9192-e9e4f987d10d,73b21ec2-2502-4033-9928-9cfeb3341ca6,c1,None,772,?,p1,
1769749359.297522,FORWARDED,d248a3e2-7a67-4564-9192-e9e4f987d10d,73b21ec2-2502-4033-9928-9cfeb3341ca6,c1,None,772,?,p1,
1769749359.3896098,RECEIVED,bb4009af-df33-425b-a002-089f25edfff5,3c82ede5-70d5-49dd-a758-30882a1209b4,c3,DROP,442,x1,?,
1769749359.5043283,RECEIVED,1049eabf-08e6-4b7d-9e93-093857b99ae4,b86d87a1-c457-4afb-89eb-9b84c41242e8,c4,DROP,682,i3,?,
1769749359.5923579,RECEIVED,c3884dc0-acd0-442b-be73-170dd1c87f81,f7e57ef2-189c-4ede-ab68-b6d09f5c60ae,c5,c3,1312,i1,?,
1769749359.5973432,RECEIVED,4914cd5f-903d-4de3-9728-e6bc526427ff,e937d917-0d93-499b-8048-b4a31911c49d,c4,c1,1317,i4,?,
1769749359.6371071,SENT,4914cd5f-903d-4de3-9728-e6bc526427ff,e937d917-0d93-499b-8048-b4a31911c49d,c4,c1,915,?,p1,
1769749359.6371486,FORWARDED,4914cd5f-903d-4de3-9728-e6bc526427ff,e937d917-0d93-499b-8048-b4a31911c49d,c4,c1,915,?,p1,
1769749359.6594763,RECEIVED,4df7b2a7-2e18-4bca-a894-ef252fc053da,97b56437-9a2c-4fb3-83f9-6038388ed1b8,c3,c2,1311,i6,?,
1769749359.7658422,SENT,c3884dc0-acd0-442b-be73-170dd1c87f81,f7e57ef2-189c-4ede-ab68-b6d09f5c60ae,c5,c3,912,?,p3,
1769749359.765886,FORWARDED,c3884dc0-acd0-442b-be73-170dd1c87f81,f7e57ef2-189c-4ede-ab68-b6d09f5c60ae,c5,c3,912,?,p3,
1769749359.7898593,RECEIVED,afc5d3d5-6299-4cc1-8492-d4df92c7bf72,1c17268b-9524-4c18-94da-349b818ddaf1,c3,DROP,688,i6,?,
1769749359.8623865,RECEIVED,9f9ec859-1146-41c7-a352-81fefcf53089,51294ba6-5679-4bb9-82c2-7e13522a9443,c2,c3,1311,i8,?,
1769749359.953549,SENT,b5272ebd-40e5-4195-95de-7de36bf03af6,3146c569-6233-49bb-a404-69f72c6b135b,c4,c1,911,?,p1,
1769749359.9535906,FORWARDED,b5272ebd-40e5-4195-95de-7de36bf03af6,3146c569-6233-49bb-a404-69f72c6b135b,c4,c1,911,?,p1,
1769749360.1446774,RECEIVED,cc7e58d2-ec57-4fb6-b43a-f6d164216f02,9463a5c7-58b6-455e-bd35-e6c11193eaca,c1,c5,1323,i5,?,
1769749360.1682603,RECEIVED,6433f125-0d79-4cce-9156-deb4ebf84882,17654781-34da-4fbc-9728-12b34e55d988,c5,DROP,442,x12,?,
1769749360.4016187,RECEIVED,63712056-ae18-40b3-acc2-daf3b25b6d05,de61fa9b-8ecb-4dc2-8b12-69bd4b40efa4,c4,DROP,683,i6,?,
1769749360.4782934,FORWARDED,afc5d3d5-6299-4cc1-8492-d4df92c7bf72,1c17268b-9524-4c18-94da-349b818ddaf1,c3,DROP,442,?,i10,
1769749360.661153,RECEIVED,7708d3a1-c7d8-41a7-8a95-5b6a5b658d15,e384c553-784c-499d-a8fa-329b4c3073fa,c3,DROP,684,i4,?,
1769749360.789249,SENT,1049eabf-08e6-4b7d-9e93-093857b99ae4,b86d87a1-c457-4afb-89eb-9b84c41242e8,c4,DROP,441,?,i7,
1769749360.7892916,FORWARDED,1049eabf-08e6-4b7d-9e93-093857b99ae4,b86d87a1-c457-4afb-89eb-9b84c41242e8,c4,DROP,441,?,i7,
1769749360.8667502,SENT,7708d3a1-c7d8-41a7-8a95-5b6a5b658d15,e384c553-784c-499d-a8fa-329b4c3073fa,c3,DROP,440,?,e2,
1769749360.8667936,FORWARDED,7708d3a1-c7d8-41a7-8a95-5b6a5b658d15,e384c553-784c-499d-a8fa-329b4c3073fa,c3,DROP,440,?,e2,
1769749360.8809006,SENT,cc7e58d2-ec57-4fb6-b43a-f6d164216f02,9463a5c7-58b6-455e-bd35-e6c11193eaca,c1,c5,920,?,p2,
1769749360.8809345,FORWARDED,cc7e58d2-ec57-4fb6-b43a-f6d164216f02,9463a5c7-58b6-455e-bd35-e6c11193eaca,c1,c5,920,?,p2,
1769749361.081763,SENT,9f9ec859-1146-41c7-a352-81fefcf53089,51294ba6-5679-4bb9-82c2-7e13522a9443,c2,c3,910,?,p3,
1769749361.0817974,FORWARDED,9f9ec859-1146-41c7-a352-81fefcf53089,51294ba6-5679-4bb9-82c2-7e13522a9443,c2,c3,910,?,p3,
1769749361.177226,RECEIVED,cb3d5984-e0f5-46b0-9b48-2c38cd5fafc4,63662d9c-c8ba-4645-9a7b-e3a2f1bef554,c2,c3,1264,i9,?,
1769749361.2797055,RECEIVED,2a068d6a-2096-492f-bbc2-80be53780d87,736fb139-c2fc-4068-9b6e-b5e056e647d4,c2,DROP,680,i8,?,
1769749361.3061543,RECEIVED,2f1e72a1-7483-4ca8-b673-2da5404622b6,f7e5a195-5eb6-4c41-9548-b1cec3daeb59,c3,None,1124,i5,?,
1769749361.3329136,SENT,63712056-ae18-40b3-acc2-daf3b25b6d05,de61fa9b-8ecb-4dc2-8b12-69bd4b40efa4,c4,DROP,441,?,i4,
1769749361.3329535,FORWARDED,63712056-ae18-40b3-acc2-daf3b25b6d05,de61fa9b-8ecb-4dc2-8b12-69bd4b40efa4,c4,DROP,441,?,i4,
1769749361.476794,SENT,2a068d6a-2096-492f-bbc2-80be53780d87,736fb139-c2fc-4068-9b6e-b5e056e647d4,c2,DROP,438,?,e2,
1769749361.4768362,FORWARDED,2a068d6a-2096-492f-bbc2-80be53780d87,736fb139-c2fc-4068-9b6e-b5e056e647d4,c2,DROP,438,?,e2,
1769749361.538612,RECEIVED,c3ea8715-57a0-4dc2-bceb-e8fb5ba08d55,68cbc8db-28a3-447c-9a32-6338af4f088c,c3,DROP,683,i6,?,
1769749361.5706077,SENT,4df7b2a7-2e18-4bca-a894-ef252fc053da,97b56437-9a2c-4fb3-83f9-6038388ed1b8,c3,c2,912,?,p2,
1769749361.5706475,FORWARDED,4df7b2a7-2e18-4bca-a894-ef252fc053da,97b56437-9a2c-4fb3-83f9-6038388ed1b8,c3,c2,912,?,p2,
1769749361.5877903,SENT,cb3d5984-e0f5-46b0-9b48-2c38cd5fafc4,63662d9c-c8ba-4645-9a7b-e3a2f1bef554,c2,c3,876,?,p3,
1769749361.5878465,FORWARDED,cb3d5984-e0f5-46b0-9b48-2c38cd5fafc4,63662d9c-c8ba-4645-9a7b-e3a2f1bef554,c2,c3,876,?,p3,
1769749361.6232555,RECEIVED,ffc55bd3-8b72-4bea-a98e-1ecf354d178e,c8e11adb-cece-4492-9c9e-832e6baeac6b,c4,c1,1250,i6,?,
1769749361.6892374,RECEIVED,94790c39-44bd-42c9-bae7-be719b09174c,d6ddcb0a-bae3-4ece-80e0-c174c3e8ad03,c5,c3,1259,i4,?,
1769749361.7223809,RECEIVED,97a6824c-40b5-48dc-8131-a05401cc00da,20841329-52ff-41a3-91a9-a14b8ba911de,c5,c3,1251,i1,?,
1769749361.738395,SENT,2f1e72a1-7483-4ca8-b673-2da5404622b6,f7e5a195-5eb6-4c41-9548-b1cec3daeb59,c3,None,771,?,p2,
1769749361.7384348,FORWARDED,2f1e72a1-7483-4ca8-b673-2da5404622b6,f7e5a195-5eb6-4c41-9548-b1cec3daeb59,c3,None,771,?,p2,
1769749361.827105,RECEIVED,ac0160cd-c058-43e6-b9e4-ec79b5903535,628bf814-ef40-4057-a7ac-e9acec43d807,c3,None,1128,i3,?,
1769749362.0022254,RECEIVED,c206c1c0-9540-4384-aad5-70e8625e9960,98379bc8-8018-4419-8365-159972ab851e,c5,DROP,683,i8,?,
1769749362.0202105,RECEIVED,4f9c8dde-e3a6-4efa-a766-bd2032b495d0,5be8d731-97c7-4fc8-8fa8-acaab304db83,c4,DROP,684,i8,?,
1769749362.1180637,RECEIVED,c781c784-ad1e-417e-a37c-85a79ba20945,7e78c7a5-907f-4663-af9d-6cc1128c8182,c3,DROP,441,x11,?,
1769749362.1750708,SENT,c3ea8715-57a0-4dc2-bceb-e8fb5ba08d55,68cbc8db-28a3-447c-9a32-6338af4f088c,c3,DROP,441,?,i3,
1769749362.1751232,FORWARDED,c3ea8715-57a0-4dc2-bceb-e8fb5ba08d55,68cbc8db-28a3-447c-9a32-6338af4f088c,c3,DROP,441,?,i3,
1769749362.1803994,SENT,4f9c8dde-e3a6-4efa-a766-bd2032b495d0,5be8d731-97c7-4fc8-8fa8-acaab304db83,c4,DROP,441,?,e7,
1769749362.1804397,FORWARDED,4f9c8dde-e3a6-4efa-a766-bd2032b495d0,5be8d731-97c7-4fc8-8fa8-acaab304db83,c4,DROP,441,?,e7,
1769749362.2235181,SENT,ffc55bd3-8b72-4bea-a98e-1ecf354d178e,c8e11adb-cece-4492-9c9e-832e6baeac6b,c4,c1,865,?,p1,
1769749362.2235608,FORWARDED,ffc55bd3-8b72-4bea-a98e-1ecf354d178e,c8e11adb-cece-4492-9c9e-832e6baeac6b,c4,c1,865,?,p1,
1769749362.2877212,SENT,ac0160cd-c058-43e6-b9e4-ec79b5903535,628bf814-ef40-4057-a7ac-e9acec43d807,c3,None,772,?,p2,
1769749362.2877645,FORWARDED,ac0160cd-c058-43e6-b9e4-ec79b5903535,628bf814-ef40-4057-a7ac-e9acec43d807,c3,None,772,?,p2,
1769749362.3132126,RECEIVED,add200e2-a8cc-4b30-af58-4477edde1127,9b0225de-c21b-41a7-bdac-4820889e856f,c1,c5,1259,i4,?,
1769749362.377666,RECEIVED,cc2c963b-cc8c-4085-a8e7-9f6bf4b9bb80,7933be36-af49-472d-adae-f160cd7e1f65,c3,c2,1251,i3,?,
1769749362.4358313,SENT,add200e2-a8cc-4b30-af58-4477edde1127,9b0225de-c21b-41a7-bdac-4820889e856f,c1,c5,873,?,p2,
1769749362.4358735,FORWARDED,add200e2-a8cc-4b30-af58-4477edde1127,9b0225de-c21b-41a7-bdac-4820889e856f,c1,c5,873,?,p2,
1769749362.4642565,SENT,94790c39-44bd-42c9-bae7-be719b09174c,d6ddcb0a-bae3-4ece-80e0-c174c3e8ad03,c5,c3,871,?,p3,
1769749362.4642982,FORWARDED,94790c39-44bd-42c9-bae7-be719b09174c,d6ddcb0a-bae3-4ece-80e0-c174c3e8ad03,c5,c3,871,?,p3,
1769749362.6605506,RECEIVED,d6633fc7-b3f3-4bdf-ae12-05957548e9f9,cf362825-d1c8-46d4-a08a-aa82cabfb5e2,c3,None,1132,i6,?,
1769749362.7005763,SENT,c206c1c0-9540-4384-aad5-70e8625e9960,98379bc8-8018-4419-8365-159972ab851e,c5,DROP,441,?,x1,
1769749362.7006164,FORWARDED,c206c1c0-9540-4384-aad5-70e8625e9960,98379bc8-8018-4419-8365-159972ab851e,c5,DROP,441,?,x1,
1769749362.734341,RECEIVED,61b726c3-ba97-4793-9075-a221cf2cc034,8e65ac46-1bb0-414b-8726-7914ebbc10f5,c1,None,1123,i2,?,
1769749362.778147,SENT,d6633fc7-b3f3-4bdf-ae12-05957548e9f9,cf362825-d1c8-46d4-a08a-aa82cabfb5e2,c3,None,776,?,p2,
1769749362.778189,FORWARDED,d6633fc7-b3f3-4bdf-ae12-05957548e9f9,cf362825-d1c8-46d4-a08a-aa82cabfb5e2,c3,None,776,?,p2,
1769749362.7964633,RECEIVED,38e7a8a5-ba89-4a1b-8f99-c837e0cbeaa1,f7cc1f8a-bb87-4c5d-be54-b1a97075b20d,c5,DROP,687,i4,?,
1769749362.8770306,SENT,61b726c3-ba97-4793-9075-a221cf2cc034,8e65ac46-1bb0-414b-8726-7914ebbc10f5,c1,None,771,?,p1,
1769749362.87708,FORWARDED,61b726c3-ba97-4793-9075-a221cf2cc034,8e65ac46-1bb0-414b-8726-7914ebbc10f5,c1,None,771,?,p1,
1769749362.931733,SENT,97a6824c-40b5-48dc-8131-a05401cc00da,20841329-52ff-41a3-91a9-a14b8ba911de,c5,c3,867,?,p3,
1769749362.9317741,FORWARDED,97a6824c-40b5-48dc-8131-a05401cc00da,20841329-52ff-41a3-91a9-a14b8ba911de,c5,c3,867,?,p3,
1769749362.967475,RECEIVED,cf07650c-70b8-4345-8372-cd21d6533718,160abead-72c0-424c-98e7-4627f7631bcc,c4,DROP,680,i5,?,
1769749363.1294494,SENT,cc2c963b-cc8c-4085-a8e7-9f6bf4b9bb80,7933be36-af49-472d-adae-f160cd7e1f65,c3,c2,867,?,p2,
1769749363.129492,FORWARDED,cc2c963b-cc8c-4085-a8e7-9f6bf4b9bb80,7933be36-af49-472d-adae-f160cd7e1f65,c3,c2,867,?,p2,
1769749363.177647,SENT,38e7a8a5-ba89-4a1b-8f99-c837e0cbeaa1,f7cc1f8a-bb87-4c5d-be54-b1a97075b20d,c5,DROP,442,?,e2,
1769749363.1776865,FORWARDED,38e7a8a5-ba89-4a1b-8f99-c837e0cbeaa1,f7cc1f8a-bb87-4c5d-be54-b1a97075b20d,c5,DROP,442,?,e2,
1769749363.2558205,RECEIVED,8285ef90-839c-41e7-b9a6-e34589d764d5,33240b44-c154-40f2-acc2-6f291d362ed3,c2,DROP,441,x3,?,
1769749363.2932017,RECEIVED,96b8cc50-b86c-431e-b765-9fff6d8c230e,912f95f4-42dc-4158-8830-f06e6384a2b3,c2,c3,1324,i2,?,
1769749363.2952812,RECEIVED,79c7194f-73e7-4bdd-8236-1cf9c3a62be4,f5d6af07-e461-43a6-9e05-c4be3a8ef679,c2,DROP,442,x12,?,
1769749363.3143322,RECEIVED,bb0b1cbe-9a89-4a16-9465-54a2be47348b,d31586ac-78f3-4bb3-899c-b9568930f21e,c4,c1,1312,i2,?,
1769749363.3355412,RECEIVED,8a166c80-0e1a-445a-aacd-44398ce25dff,c2946fc8-86a7-417c-8f56-dcd3abb103bc,c5,DROP,441,x12,?,
1769749363.395968,SENT,bb0b1cbe-9a89-4a16-9465-54a2be47348b,d31586ac-78f3-4bb3-899c-b9568930f21e,c4,c1,911,?,p1,
1769749363.39602,FORWARDED,bb0b1cbe-9a89-4a16-9465-54a2be47348b,d31586ac-78f3-4bb3-899c-b9568930f21e,c4,c1,911,?,p1,
1769749363.545495,SENT,96b8cc50-b86c-431e-b765-9fff6d8c230e,912f95f4-42dc-4158-8830-f06e6384a2b3,c2,c3,920,?,p3,
1769749363.545536,FORWARDED,96b8cc50-b86c-431e-b765-9fff6d8c230e,912f95f4-42dc-4158-8830-f06e6384a2b3,c2,c3,920,?,p3,
1769749363.5773132,SENT,cf07650c-70b8-4345-8372-cd21d6533718,160abead-72c0-424c-98e7-4627f7631bcc,c4,DROP,437,?,e11,
1769749363.5773563,FORWARDED,cf07650c-70b8-4345-8372-cd21d6533718,160abead-72c0-424c-98e7-4627f7631bcc,c4,DROP,437,?,e11,
1769749363.6233082,RECEIVED,4036b030-aa13-4cdf-84fb-04aa79f16c7d,0f359c49-79b0-4b76-85f8-981ab22b0bb6,c4,DROP,687,i2,?,
1769749363.7122877,RECEIVED,2e881fc9-333a-4ca1-9c38-870b27f0c3b6,45ec7058-ee77-4ecb-b412-878f7d38b0d2,c3,DROP,687,i8,?,
1769749363.8942661,RECEIVED,29337e27-84c3-4f46-854e-41ad3d182ef5,b27b83be-71f0-41a5-a489-0702943afe05,c3,DROP,683,i7,?,
1769749364.3120828,SENT,2e881fc9-333a-4ca1-9c38-870b27f0c3b6,45ec7058-ee77-4ecb-b412-878f7d38b0d2,c3,DROP,443,?,x4,
1769749364.312123,FORWARDED,2e881fc9-333a-4ca1-9c38-870b27f0c3b6,45ec7058-ee77-4ecb-b412-878f7d38b0d2,c3,DROP,443,?,x4,
1769749364.3206205,SENT,29337e27-84c3-4f46-854e-41ad3d182ef5,b27b83be-71f0-41a5-a489-0702943afe05,c3,DROP,441,?,e3,
1769749364.32066,FORWARDED,29337e27-84c3-4f46-854e-41ad3d182ef5,b27b83be-71f0-41a5-a489-0702943afe05,c3,DROP,441,?,e3,
1769749364.3509266,SENT,4036b030-aa13-4cdf-84fb-04aa79f16c7d,0f359c49-79b0-4b76-85f8-981ab22b0bb6,c4,DROP,443,?,i7,
1769749364.3509645,FORWARDED,4036b030-aa13-4cdf-84fb-04aa79f16c7d,0f359c49-79b0-4b76-85f8-981ab22b0bb6,c4,DROP,443,?,i7,
1769749364.5936499,RECEIVED,2bbeb214-8a66-40d8-be87-12a30de53b39,194e171e-1d9a-466d-9f50-ed42fa072d5c,c5,c3,1311,i7,?,
1769749364.8365376,RECEIVED,be067cc3-7f03-4e7f-b9d2-1ff9488aa8aa,50b9f624-29cc-44ac-914c-4c5d7e83f017,c4,DROP,684,i2,?,
1769749364.8958058,RECEIVED,0d323d12-cf1a-49ea-8f9e-2cb4a6b56147,e7cdfe84-a90e-406a-9040-e7ab30014f89,c1,None,1131,i9,?,
1769749364.94432,SENT,be067cc3-7f03-4e7f-b9d2-1ff9488aa8aa,50b9f624-29cc-44ac-914c-4c5d7e83f017,c4,DROP,441,?,x11,
1769749364.9443564,FORWARDED,be067cc3-7f03-4e7f-b9d2-1ff9488aa8aa,50b9f624-29cc-44ac-914c-4c5d7e83f017,c4,DROP,441,?,x11,
1769749365.2637072,SENT,2bbeb214-8a66-40d8-be87-12a30de53b39,194e171e-1d9a-466d-9f50-ed42fa072d5c,c5,c3,912,?,p3,
1769749365.2637486,FORWARDED,2bbeb214-8a66-40d8-be87-12a30de53b39,194e171e-1d9a-466d-9f50-ed42fa072d5c,c5,c3,912,?,p3,
1769749365.4768546,RECEIVED,3e9e236a-3f72-497e-b330-b85fe46fea68,a7f45c19-4b8f-4c93-a63a-9d7a7206053a,c5,c3,1313,i1,?,
1769749365.5684147,SENT,3e9e236a-3f72-497e-b330-b85fe46fea68,a7f45c19-4b8f-4c93-a63a-9d7a7206053a,c5,c3,912,?,p3,
1769749365.5684538,FORWARDED,3e9e236a-3f72-497e-b330-b85fe46fea68,a7f45c19-4b8f-4c93-a63a-9d7a7206053a,c5,c3,912,?,p3,
1769749365.7509673,SENT,0d323d12-cf1a-49ea-8f9e-2cb4a6b56147,e7cdfe84-a90e-406a-9040-e7ab30014f89,c1,None,776,?,p1,
1769749365.7510192,FORWARDED,0d323d12-cf1a-49ea-8f9e-2cb4a6b56147,e7cdfe84-a90e-406a-9040-e7ab30014f89,c1,None,776,?,p1,
1769749365.9227276,RECEIVED,9baa6af3-6f66-483d-8f2a-fad0f2a6c192,5b081ae8-f068-4bf5-950c-dde33f44cd5b,c3,DROP,684,i7,?,
1769749365.9271097,RECEIVED,a0ad0d34-a52b-41b6-ac5e-f0407cc553c7,d8c822a5-68e3-4397-bcfd-098773e4cf9d,c3,c2,1263,i3,?,
1769749366.004836,RECEIVED,bd3524a0-7a1f-4c1a-965d-c78ce0a07afc,7b3cf435-40a6-41df-9ff8-150c40eab0dc,c3,None,1132,i5,?,
1769749366.0760648,SENT,9baa6af3-6f66-483d-8f2a-fad0f2a6c192,5b081ae8-f068-4bf5-950c-dde33f44cd5b,c3,DROP,440,?,i1,
1769749366.0761085,FORWARDED,9baa6af3-6f66-483d-8f2a-fad0f2a6c192,5b081ae8-f068-4bf5-950c-dde33f44cd5b,c3,DROP,440,?,i1,
1769749366.1170235,RECEIVED,c4398f56-c157-4ddc-b0b6-fecabf0b3d58,3e4931a2-c45f-4885-97fd-dfff755e7f74,c4,DROP,690,i8,?,
1769749366.1805465,SENT,c4398f56-c157-4ddc-b0b6-fecabf0b3d58,3e4931a2-c45f-4885-97fd-dfff755e7f74,c4,DROP,443,?,x11,
1769749366.1805856,FORWARDED,c4398f56-c157-4ddc-b0b6-fecabf0b3d58,3e4931a2-c45f-4885-97fd-dfff755e7f74,c4,DROP,443,?,x11,
1769749366.182339,RECEIVED,0aafa1f7-828b-4fde-aaa2-01291240246c,6f53c973-d924-4c9f-840d-19fc442e7859,c4,c1,1259,i8,?,
1769749366.2282934,SENT,bd3524a0-7a1f-4c1a-965d-c78ce0a07afc,7b3cf435-40a6-41df-9ff8-150c40eab0dc,c3,None,776,?,p2,
1769749366.2283366,FORWARDED,bd3524a0-7a1f-4c1a-965d-c78ce0a07afc,7b3cf435-40a6-41df-9ff8-150c40eab0dc,c3,None,776,?,p2,
1769749366.2367516,RECEIVED,ea61c772-4702-470c-af6a-8dbdfa872662,92923c7e-184b-4b6d-84a9-c094ae153eb5,c3,DROP,443,x3,?,
1769749366.35356,RECEIVED,6c706315-2258-4d6e-9c4b-a12abb6762f5,6cc6580f-1345-41dd-9b86-e15de4be4d05,c2,c3,1316,i2,?,
1769749366.3585124,RECEIVED,c3a26026-1f35-4c2f-80c3-11959bdc19bd,8a9e5d75-f62d-4b1b-a804-7b461e8061ea,c3,c2,1312,i6,?,
1769749366.4422705,SENT,6c706315-2258-4d6e-9c4b-a12abb6762f5,6cc6580f-1345-41dd-9b86-e15de4be4d05,c2,c3,915,?,p3,
1769749366.4423113,FORWARDED,6c706315-2258-4d6e-9c4b-a12abb6762f5,6cc6580f-1345-41dd-9b86-e15de4be4d05,c2,c3,915,?,p3,
1769749366.45003,RECEIVED,d5c1cd93-5ab5-4b53-a8ee-885e2509726c,fb68a25a-5ed5-4aaf-b428-ee375c828761,c5,DROP,684,i4,?,
1769749366.4533463,SENT,c3a26026-1f35-4c2f-80c3-11959bdc19bd,8a9e5d75-f62d-4b1b-a804-7b461e8061ea,c3,c2,911,?,p2,
1769749366.453387,FORWARDED,c3a26026-1f35-4c2f-80c3-11959bdc19bd,8a9e5d75-f62d-4b1b-a804-7b461e8061ea,c3,c2,911,?,p2,
1769749366.4958878,RECEIVED,b311d507-b0a9-429c-83ed-d1ce8b7216d1,6250a6b1-08f9-4383-b1f3-2a558b08c66d,c2,c3,1325,i9,?,
1769749366.5385904,RECEIVED,5971a22d-d1a9-46db-9d4a-1e7d68328cad,4e39d3e9-3987-4702-b57e-b35403e82f24,c5,DROP,687,i6,?,
1769749366.5562403,SENT,b311d507-b0a9-429c-83ed-d1ce8b7216d1,6250a6b1-08f9-4383-b1f3-2a558b08c66d,c2,c3,920,?,p3,
1769749366.5562813,FORWARDED,b311d507-b0a9-429c-83ed-d1ce8b7216d1,6250a6b1-08f9-4383-b1f3-2a558b08c66d,c2,c3,920,?,p3,
1769749366.6030803,SENT,d5c1cd93-5ab5-4b53-a8ee-885e2509726c,fb68a25a-5ed5-4aaf-b428-ee375c828761,c5,DROP,441,?,i2,
1769749366.6031232,FORWARDED,d5c1cd93-5ab5-4b53-a8ee-885e2509726c,fb68a25a-5ed5-4aaf-b428-ee375c828761,c5,DROP,441,?,i2,
1769749366.7020602,RECEIVED,85adca8b-fd11-448f-a365-a836c11d4ef6,b2a8132a-5f05-4ff8-a5ea-7e687c0fd34a,c5,c3,1252,i7,?,
1769749366.7301695,RECEIVED,e2fa5dcd-5a78-4bd1-a4cc-cc50cba6e83c,c77c4e0a-ef2a-4044-9a32-887c03d510d3,c4,DROP,680,i9,?,
1769749366.8167589,RECEIVED,1318891d-79ad-49c9-9979-528ae6c77b4f,c0a7ab33-a209-4503-9572-722b61ececd5,c2,DROP,684,i4,?,
1769749366.8345497,SENT,e2fa5dcd-5a78-4bd1-a4cc-cc50cba6e83c,c77c4e0a-ef2a-4044-9a32-887c03d510d3,c4,DROP,437,?,x5,
1769749366.8346004,FORWARDED,e2fa5dcd-5a78-4bd1-a4cc-cc50cba6e83c,c77c4e0a-ef2a-4044-9a32-887c03d510d3,c4,DROP,437,?,x5,
1769749366.835552,RECEIVED,820abbb6-2da0-4e75-9b6d-db9bedd8e551,33481e47-8261-4f8a-831f-875e8f33b477,c5,DROP,684,i1,?,
1769749366.8955455,SENT,85adca8b-fd11-448f-a365-a836c11d4ef6,b2a8132a-5f05-4ff8-a5ea-7e687c0fd34a,c5,c3,867,?,p3,
1769749366.8955882,FORWARDED,85adca8b-fd11-448f-a365-a836c11d4ef6,b2a8132a-5f05-4ff8-a5ea-7e687c0fd34a,c5,c3,867,?,p3,
1769749367.0311067,SENT,820abbb6-2da0-4e75-9b6d-db9bedd8e551,33481e47-8261-4f8a-831f-875e8f33b477,c5,DROP,441,?,x7,
1769749367.031142,FORWARDED,820abbb6-2da0-4e75-9b6d-db9bedd8e551,33481e47-8261-4f8a-831f-875e8f33b477,c5,DROP,441,?,x7,
1769749367.0824952,SENT,a0ad0d34-a52b-41b6-ac5e-f0407cc553c7,d8c822a5-68e3-4397-bcfd-098773e4cf9d,c3,c2,874,?,p2,
1769749367.082536,FORWARDED,a0ad0d34-a52b-41b6-ac5e-f0407cc553c7,d8c822a5-68e3-4397-bcfd-098773e4cf9d,c3,c2,874,?,p2,
1769749367.095034,SENT,5971a22d-d1a9-46db-9d4a-1e7d68328cad,4e39d3e9-3987-4702-b57e-b35403e82f24,c5,DROP,442,?,i7,
1769749367.0950904,FORWARDED,5971a22d-d1a9-46db-9d4a-1e7d68328cad,4e39d3e9-3987-4702-b57e-b35403e82f24,c5,DROP,442,?,i7,
1769749367.3086064,SENT,0aafa1f7-828b-4fde-aaa2-01291240246c,6f53c973-d924-4c9f-840d-19fc442e7859,c4,c1,872,?,p1,
1769749367.308649,FORWARDED,0aafa1f7-828b-4fde-aaa2-01291240246c,6f53c973-d924-4c9f-840d-19fc442e7859,c4,c1,872,?,p1,
1769749367.428149,RECEIVED,d3b90618-3b27-45b0-ba26-1480f67decab,5aa8c674-351e-4a04-affa-128d5266fb0f,c2,c3,1264,i1,?,
1769749367.4698071,RECEIVED,7627d5e7-9e17-4ce4-ab22-d99b20cad73a,7b985743-cce0-4fc0-b79c-cfa5c554c53c,c3,DROP,687,i5,?,
1769749367.5369098,SENT,d3b90618-3b27-45b0-ba26-1480f67decab,5aa8c674-351e-4a04-affa-128d5266fb0f,c2,c3,876,?,p3,
1769749367.5369458,FORWARDED,d3b90618-3b27-45b0-ba26-1480f67decab,5aa8c674-351e-4a04-affa-128d5266fb0f,c2,c3,876,?,p3,
1769749367.6273947,RECEIVED,9ad80382-5b07-49ac-8503-d0a8fc2fbd77,3d9ba5fd-777f-432c-9e97-0b51ecc20dbe,c5,DROP,442,x10,?,
1769749367.639639,RECEIVED,bd86e41a-3588-4f85-8033-13d4e45e209d,45cb2bd3-d3c7-4b49-8fe7-94054994df96,c3,None,1123,i7,?,
1769749367.7403913,RECEIVED,6324151a-9a92-4997-a24a-6eac2946a53e,1b335c77-bde7-4f36-a2c8-f64508343f73,c3,DROP,442,x5,?,
1769749367.7705722,FORWARDED,1318891d-79ad-49c9-9979-528ae6c77b4f,c0a7ab33-a209-4503-9572-722b61ececd5,c2,DROP,441,?,i10,
1769749367.85653,RECEIVED,47793fca-d186-4a1d-becd-ca56ba7a30da,44e52eb6-6677-495d-b17f-f16576017dbe,c4,DROP,442,x10,?,
1769749368.0691829,RECEIVED,77188aa8-ad45-4da9-a423-2b89b8961fbc,6d76b9be-34f2-4a00-bc89-d4abbd77c50b,c1,DROP,684,i2,?,
1769749368.1700773,SENT,7627d5e7-9e17-4ce4-ab22-d99b20cad73a,7b985743-cce0-4fc0-b79c-cfa5c554c53c,c3,DROP,442,?,i7,
1769749368.1701195,FORWARDED,7627d5e7-9e17-4ce4-ab22-d99b20cad73a,7b985743-cce0-4fc0-b79c-cfa5c554c53c,c3,DROP,442,?,i7,
1769749368.1901426,RECEIVED,c58aa8b0-3303-49f4-89a7-96d9a48c87f0,58c73f38-533b-49a8-a777-5221c055cbf2,c3,DROP,689,i7,?,
1769749368.23007,SENT,c58aa8b0-3303-49f4-89a7-96d9a48c87f0,58c73f38-533b-49a8-a777-5221c055cbf2,c3,DROP,444,?,e10,
1769749368.2301133,FORWARDED,c58aa8b0-3303-49f4-89a7-96d9a48c87f0,58c73f38-533b-49a8-a777-5221c055cbf2,c3,DROP,444,?,e10,
1769749368.2336485,SENT,bd86e41a-3588-4f85-8033-13d4e45e209d,45cb2bd3-d3c7-4b49-8fe7-94054994df96,c3,None,769,?,p2,
1769749368.2336912,FORWARDED,bd86e41a-3588-4f85-8033-13d4e45e209d,45cb2bd3-d3c7-4b49-8fe7-94054994df96,c3,None,769,?,p2,
1769749368.2532783,SENT,77188aa8-ad45-4da9-a423-2b89b8961fbc,6d76b9be-34f2-4a00-bc89-d4abbd77c50b,c1,DROP,441,?,e2,
1769749368.2533183,FORWARDED,77188aa8-ad45-4da9-a423-2b89b8961fbc,6d76b9be-34f2-4a00-bc89-d4abbd77c50b,c1,DROP,441,?,e2,
1769749368.2629566,RECEIVED,cff5658e-e6ed-487b-b180-255d2d183728,3413c9b1-edba-416b-bf7a-c2b00a7eb453,c2,DROP,686,i5,?,
1769749368.3033357,SENT,cff5658e-e6ed-487b-b180-255d2d183728,3413c9b1-edba-416b-bf7a-c2b00a7eb453,c2,DROP,441,?,e12,
1769749368.3033793,FORWARDED,cff5658e-e6ed-487b-b180-255d2d183728,3413c9b1-edba-416b-bf7a-c2b00a7eb453,c2,DROP,441,?,e12,
1769749368.3089008,RECEIVED,23da5d66-46d6-4bae-bced-786f6a971028,fc6a1ccb-bcce-4f41-84f7-fafa00480d9b,c5,None,1122,i7,?,
1769749368.5333343,RECEIVED,6620d4b8-d371-483d-aa52-13313ca5dc91,0b138afe-fd9a-4d14-a6d9-1dbd7affa81a,c4,DROP,682,i3,?,
1769749368.6238313,SENT,23da5d66-46d6-4bae-bced-786f6a971028,fc6a1ccb-bcce-4f41-84f7-fafa00480d9b,c5,None,771,?,p1,
1769749368.6238754,FORWARDED,23da5d66-46d6-4bae-bced-786f6a971028,fc6a1ccb-bcce-4f41-84f7-fafa00480d9b,c5,None,771,?,p1,
1769749368.725756,RECEIVED,cb6745dc-8867-44ab-80cd-3315907d5c0e,1e010681-e4dc-4bbf-ba0c-cfd3879ae8c9,c1,DROP,682,i1,?,
1769749368.7997887,RECEIVED,3cdbea93-99f6-49cb-9853-ec0607c4e075,7a63b17d-e943-43d0-82db-10eed76ace1e,c2,DROP,683,i8,?,
1769749369.050141,RECEIVED,eb2e3092-f67c-40f8-88da-024eff859790,77dfff46-4c19-41cf-bd34-8ed0344f00ba,c5,DROP,684,i6,?,
1769749369.0922682,SENT,cb6745dc-8867-44ab-80cd-3315907d5c0e,1e010681-e4dc-4bbf-ba0c-cfd3879ae8c9,c1,DROP,441,?,i2,
1769749369.0923095,FORWARDED,cb6745dc-8867-44ab-80cd-3315907d5c0e,1e010681-e4dc-4bbf-ba0c-cfd3879ae8c9,c1,DROP,441,?,i2,
1769749369.1473184,SENT,3cdbea93-99f6-49cb-9853-ec0607c4e075,7a63b17d-e943-43d0-82db-10eed76ace1e,c2,DROP,441,?,i6,
1769749369.1473606,FORWARDED,3cdbea93-99f6-49cb-9853-ec0607c4e075,7a63b17d-e943-43d0-82db-10eed76ace1e,c2,DROP,441,?,i6,
1769749369.1576614,RECEIVED,9bcb229a-413b-4120-804f-1aac6f286967,8de4d374-2d25-42df-b6ad-a4bedf202b48,c4,c1,1311,i2,?,
1769749369.4040177,RECEIVED,e46b85db-8823-43c5-bd13-ddac41a91458,dc69431e-c582-4588-9a52-e5f17441c254,c5,DROP,438,x5,?,
1769749369.5020556,RECEIVED,84bdeb57-9aa0-44eb-8fcf-a92d167c2e20,c370ecdb-96f5-4a64-91d5-c9bffc8f0ed0,c2,DROP,687,i8,?,
1769749369.5507252,SENT,84bdeb57-9aa0-44eb-8fcf-a92d167c2e20,c370ecdb-96f5-4a64-91d5-c9bffc8f0ed0,c2,DROP,440,?,x12,
1769749369.5507653,FORWARDED,84bdeb57-9aa0-44eb-8fcf-a92d167c2e20,c370ecdb-96f5-4a64-91d5-c9bffc8f0ed0,c2,DROP,440,?,x12,
1769749369.669424,FORWARDED,eb2e3092-f67c-40f8-88da-024eff859790,77dfff46-4c19-41cf-bd34-8ed0344f00ba,c5,DROP,441,?,i11,
1769749369.9925005,RECEIVED,f7bee440-57e4-4af2-a7a3-64da944e45aa,88071089-500f-4065-83fc-ce48c9e9caf2,c5,DROP,685,i3,?,
1769749370.011999,SENT,9bcb229a-413b-4120-804f-1aac6f286967,8de4d374-2d25-42df-b6ad-a4bedf202b48,c4,c1,911,?,p1,
1769749370.0120392,FORWARDED,9bcb229a-413b-4120-804f-1aac6f286967,8de4d374-2d25-42df-b6ad-a4bedf202b48,c4,c1,911,?,p1,
1769749370.0197394,SENT,f7bee440-57e4-4af2-a7a3-64da944e45aa,88071089-500f-4065-83fc-ce48c9e9caf2,c5,DROP,441,?,i1,
1769749370.0197825,FORWARDED,f7bee440-57e4-4af2-a7a3-64da944e45aa,88071089-500f-4065-83fc-ce48c9e9caf2,c5,DROP,441,?,i1,
1769749370.164461,RECEIVED,1aa7a972-4c2b-46b5-90ae-cea281531212,474287e7-2f56-4464-b080-208d309825fa,c3,None,1131,i9,?,
1769749370.3988278,SENT,1aa7a972-4c2b-46b5-90ae-cea281531212,474287e7-2f56-4464-b080-208d309825fa,c3,None,775,?,p2,
1769749370.398872,FORWARDED,1aa7a972-4c2b-46b5-90ae-cea281531212,474287e7-2f56-4464-b080-208d309825fa,c3,None,775,?,p2,
1769749370.472543,RECEIVED,88c6e64e-f8c3-4cb1-845b-a46546939aa4,221fd2ca-84a3-422e-8672-5ec3da10ba53,c3,DROP,687,i3,?,
1769749370.4795825,RECEIVED,dd560219-26c1-46a7-9e95-50c246aa8115,6db45cde-de3e-4868-ac41-24a6986f8adb,c3,DROP,441,x7,?,
1769749370.6536121,SENT,6620d4b8-d371-483d-aa52-13313ca5dc91,0b138afe-fd9a-4d14-a6d9-1dbd7affa81a,c4,DROP,441,?,e5,
1769749370.6546006,FORWARDED,6620d4b8-d371-483d-aa52-13313ca5dc91,0b138afe-fd9a-4d14-a6d9-1dbd7affa81a,c4,DROP,441,?,e5,
1769749370.7809193,RECEIVED,c65b04cd-c977-4fae-9c7c-cb3392df940e,ec2b92db-3f81-4926-9221-cfcd8e9d0264,c3,DROP,688,i9,?,
1769749370.905925,RECEIVED,cdc6b7be-a2c1-4e0e-8eb2-4c46260f081b,523afe0b-c528-4f21-bfdf-57f83f01bec4,c5,None,1128,i5,?,
1769749370.9834564,SENT,88c6e64e-f8c3-4cb1-845b-a46546939aa4,221fd2ca-84a3-422e-8672-5ec3da10ba53,c3,DROP,442,?,e6,
1769749370.9834962,FORWARDED,88c6e64e-f8c3-4cb1-845b-a46546939aa4,221fd2ca-84a3-422e-8672-5ec3da10ba53,c3,DROP,442,?,e6,
1769749371.005598,RECEIVED,cb6bb272-dc0c-4207-b612-bd12efd21592,31f9e83a-d73d-4987-bfe5-5da055aa31f6,c3,c2,1316,i3,?,
1769749371.0400221,SENT,cdc6b7be-a2c1-4e0e-8eb2-4c46260f081b,523afe0b-c528-4f21-bfdf-57f83f01bec4,c5,None,772,?,p1,
1769749371.0400786,FORWARDED,cdc6b7be-a2c1-4e0e-8eb2-4c46260f081b,523afe0b-c528-4f21-bfdf-57f83f01bec4,c5,None,772,?,p1,
1769749371.1181226,SENT,cb6bb272-dc0c-4207-b612-bd12efd21592,31f9e83a-d73d-4987-bfe5-5da055aa31f6,c3,c2,915,?,p2,
1769749371.118168,FORWARDED,cb6bb272-dc0c-4207-b612-bd12efd21592,31f9e83a-d73d-4987-bfe5-5da055aa31f6,c3,c2,915,?,p2,
1769749371.1209564,RECEIVED,9014065d-30ef-4a6f-8ab7-41c79408c82c,e3e51c66-11f4-4a9a-9021-dcade084f8ea,c4,DROP,687,i9,?,
1769749371.2981105,SENT,c65b04cd-c977-4fae-9c7c-cb3392df940e,ec2b92db-3f81-4926-9221-cfcd8e9d0264,c3,DROP,442,?,x11,
1769749371.298152,FORWARDED,c65b04cd-c977-4fae-9c7c-cb3392df940e,ec2b92db-3f81-4926-9221-cfcd8e9d0264,c3,DROP,442,?,x11,
1769749371.3536422,RECEIVED,1b14242f-6a7c-4e83-b70a-81c821fc3cb8,5e0ed785-c027-4043-8705-35d31341f1b4,c3,DROP,684,i7,?,
1769749371.3686783,SENT,9014065d-30ef-4a6f-8ab7-41c79408c82c,e3e51c66-11f4-4a9a-9021-dcade084f8ea,c4,DROP,442,?,i2,
1769749371.3687122,FORWARDED,9014065d-30ef-4a6f-8ab7-41c79408c82c,e3e51c66-11f4-4a9a-9021-dcade084f8ea,c4,DROP,442,?,i2,
1769749371.449425,SENT,1b14242f-6a7c-4e83-b70a-81c821fc3cb8,5e0ed785-c027-4043-8705-35d31341f1b4,c3,DROP,441,?,x3,
1769749371.4494643,FORWARDED,1b14242f-6a7c-4e83-b70a-81c821fc3cb8,5e0ed785-c027-4043-8705-35d31341f1b4,c3,DROP,441,?,x3,
1769749371.6006293,RECEIVED,790703d7-f0c6-40f8-8d98-fb466da36cd4,a36300fa-6883-4f5a-babd-8bc145e9c853,c2,c3,1325,i2,?,
1769749371.6067972,RECEIVED,836c6770-332d-42cd-a394-397474c97134,de6d52e5-f0e3-4418-990e-6b863db68a18,c5,DROP,684,i5,?,
1769749371.6373906,RECEIVED,75d5eb33-58d5-434f-bb54-8dcc6242624b,7b019073-4cf1-4aa1-936d-4c7add3f59e4,c3,DROP,688,i5,?,
1769749371.6516244,SENT,790703d7-f0c6-40f8-8d98-fb466da36cd4,a36300fa-6883-4f5a-babd-8bc145e9c853,c2,c3,920,?,p3,
1769749371.651666,FORWARDED,790703d7-f0c6-40f8-8d98-fb466da36cd4,a36300fa-6883-4f5a-babd-8bc145e9c853,c2,c3,920,?,p3,
1769749371.674313,SENT,75d5eb33-58d5-434f-bb54-8dcc6242624b,7b019073-4cf1-4aa1-936d-4c7add3f59e4,c3,DROP,442,?,x1,
1769749371.674355,FORWARDED,75d5eb33-58d5-434f-bb54-8dcc6242624b,7b019073-4cf1-4aa1-936d-4c7add3f59e4,c3,DROP,442,?,x1,
1769749371.6874068,RECEIVED,841c8978-d0fe-4bd8-b703-80ce1b887492,8d4c556f-46ab-47b5-8293-098518c6f600,c2,DROP,442,x7,?,
1769749371.8069317,RECEIVED,ed952116-1ba0-403e-bd6b-6feaee2e5be0,54cd4296-c03e-4bfd-84cc-1bbac90f01d0,c2,DROP,690,i1,?,
1769749371.817113,RECEIVED,6c2cc3f6-c9ba-4282-9767-e31b8487e550,635ee9ee-4d11-4426-950c-d5a8cb35d00d,c2,c3,1323,i9,?,
1769749371.849366,SENT,ed952116-1ba0-403e-bd6b-6feaee2e5be0,54cd4296-c03e-4bfd-84cc-1bbac90f01d0,c2,DROP,442,?,e12,
1769749371.8494077,FORWARDED,ed952116-1ba0-403e-bd6b-6feaee2e5be0,54cd4296-c03e-4bfd-84cc-1bbac90f01d0,c2,DROP,442,?,e12,
1769749371.853704,SENT,836c6770-332d-42cd-a394-397474c97134,de6d52e5-f0e3-4418-990e-6b863db68a18,c5,DROP,441,?,e4,
1769749371.8537421,FORWARDED,836c6770-332d-42cd-a394-397474c97134,de6d52e5-f0e3-4418-990e-6b863db68a18,c5,DROP,441,?,e4,
1769749371.866245,SENT,6c2cc3f6-c9ba-4282-9767-e31b8487e550,635ee9ee-4d11-4426-950c-d5a8cb35d00d,c2,c3,919,?,p3,
1769749371.8662858,FORWARDED,6c2cc3f6-c9ba-4282-9767-e31b8487e550,635ee9ee-4d11-4426-950c-d5a8cb35d00d,c2,c3,919,?,p3,
1769749371.9928772,RECEIVED,882e1408-b326-4800-aabf-fb093f4a2245,1dcb693d-ec23-41ca-b614-facbe6893840,c4,c1,1311,i8,?,
1769749372.0023437,RECEIVED,3bd7a540-d073-450e-b4f5-108a84ea9889,1d145720-b7db-4752-9868-919ee8097173,c3,c2,1254,i2,?,
1769749372.0929248,RECEIVED,cb8211c9-9787-4032-847d-f3b90053186b,8a1e3eee-3bc0-44fa-84ab-aa88c7e5cbb0,c5,DROP,679,i3,?,
1769749372.1040747,RECEIVED,c2b35145-5266-4111-995a-3ae7a91990c3,764eb490-1ca2-4495-9430-a2e3457b5317,c2,DROP,441,x5,?,
1769749372.289106,RECEIVED,1cb67793-5291-435b-8c10-a23bb5abe7f2,7ade7c56-0893-426b-9471-c5795eb18645,c1,DROP,441,x9,?,
1769749372.500003,RECEIVED,a303390a-3a78-4230-bb3f-82db29a223a6,75b95a96-9afa-48eb-8987-3cc975645ce3,c2,DROP,441,x9,?,
1769749372.6332939,RECEIVED,5fb5e041-deb5-41ed-ab14-30be2be8505d,60547e88-476f-4f8e-9da4-b18169d707f6,c2,None,1128,i1,?,
1769749372.659018,RECEIVED,bfd33d16-963e-4882-9829-21eb3131d150,995c5424-df42-47d1-964a-db095a616df1,c1,DROP,687,i7,?,
1769749372.674407,RECEIVED,37960c48-fe84-4071-b767-5821c12fdbda,47063694-6a6c-4722-8816-f7f17c3dc04b,c2,c3,1324,i1,?,
1769749372.696843,SENT,5fb5e041-deb5-41ed-ab14-30be2be8505d,60547e88-476f-4f8e-9da4-b18169d707f6,c2,None,772,?,p3,
1769749372.696881,FORWARDED,5fb5e041-deb5-41ed-ab14-30be2be8505d,60547e88-476f-4f8e-9da4-b18169d707f6,c2,None,772,?,p3,
1769749372.7154477,SENT,37960c48-fe84-4071-b767-5821c12fdbda,47063694-6a6c-4722-8816-f7f17c3dc04b,c2,c3,920,?,p3,
1769749372.7154887,FORWARDED,37960c48-fe84-4071-b767-5821c12fdbda,47063694-6a6c-4722-8816-f7f17c3dc04b,c2,c3,920,?,p3,
1769749372.8175664,SENT,bfd33d16-963e-4882-9829-21eb3131d150,995c5424-df42-47d1-964a-db095a616df1,c1,DROP,442,?,x3,
1769749372.8176064,FORWARDED,bfd33d16-963e-4882-9829-21eb3131d150,995c5424-df42-47d1-964a-db095a616df1,c1,DROP,442,?,x3,
1769749372.9041984,SENT,cb8211c9-9787-4032-847d-f3b90053186b,8a1e3eee-3bc0-44fa-84ab-aa88c7e5cbb0,c5,DROP,438,?,x7,
1769749372.90424,FORWARDED,cb8211c9-9787-4032-847d-f3b90053186b,8a1e3eee-3bc0-44fa-84ab-aa88c7e5cbb0,c5,DROP,438,?,x7,
1769749373.011096,SENT,3bd7a540-d073-450e-b4f5-108a84ea9889,1d145720-b7db-4752-9868-919ee8097173,c3,c2,870,?,p2,
1769749373.0111372,FORWARDED,3bd7a540-d073-450e-b4f5-108a84ea9889,1d145720-b7db-4752-9868-919ee8097173,c3,c2,870,?,p2,
1769749373.0476568,RECEIVED,366f6b10-f331-4511-9096-6a3f2f6d4960,86140e4e-1ca9-4aec-917c-3c7c4c4fc977,c2,DROP,682,i7,?,
1769749373.1068895,RECEIVED,99fe6900-ceec-4330-8da3-755f8d5c448f,57719d1a-7138-4ca7-87f8-c5c44dd08614,c5,DROP,684,i9,?,
1769749373.15666,SENT,99fe6900-ceec-4330-8da3-755f8d5c448f,57719d1a-7138-4ca7-87f8-c5c44dd08614,c5,DROP,441,?,x5,
1769749373.1567078,FORWARDED,99fe6900-ceec-4330-8da3-755f8d5c448f,57719d1a-7138-4ca7-87f8-c5c44dd08614,c5,DROP,441,?,x5,
1769749373.167212,SENT,366f6b10-f331-4511-9096-6a3f2f6d4960,86140e4e-1ca9-4aec-917c-3c7c4c4fc977,c2,DROP,441,?,x6,
1769749373.1672442,FORWARDED,366f6b10-f331-4511-9096-6a3f2f6d4960,86140e4e-1ca9-4aec-917c-3c7c4c4fc977,c2,DROP,441,?,x6,
1769749373.168427,RECEIVED,1da1d917-7f48-4877-87ac-70bb28cfebcb,469c39dc-5bda-4b26-a447-07ddd433f9bf,c5,DROP,683,i1,?,
1769749373.238664,RECEIVED,73f53a43-da89-4e3a-b419-633e09802f9e,019658f9-582b-42f8-96e5-451769069ccf,c3,DROP,684,i9,?,
1769749373.302517,RECEIVED,1fdda45f-985a-4357-8de9-86056dbc4530,5a1e76cd-703e-4f92-9f1e-0f1699e454c9,c3,DROP,442,x7,?,
1769749373.3252373,RECEIVED,c8f464b2-df9b-4be0-a0be-675034f0603d,27087025-72a7-43c6-b115-62a507c83bcd,c2,DROP,689,i6,?,
1769749373.3446012,SENT,c8f464b2-df9b-4be0-a0be-675034f0603d,27087025-72a7-43c6-b115-62a507c83bcd,c2,DROP,442,?,i1,
1769749373.344637,FORWARDED,c8f464b2-df9b-4be0-a0be-675034f0603d,27087025-72a7-43c6-b115-62a507c83bcd,c2,DROP,442,?,i1,
1769749373.3495798,RECEIVED,e107f833-7b39-40f1-bd17-e8e1e68a2c64,79729e5c-283c-4e92-abd2-1a1042c86d4c,c5,None,1123,i5,?,
1769749373.5400376,SENT,e107f833-7b39-40f1-bd17-e8e1e68a2c64,79729e5c-283c-4e92-abd2-1a1042c86d4c,c5,None,769,?,p1,
1769749373.5401037,FORWARDED,e107f833-7b39-40f1-bd17-e8e1e68a2c64,79729e5c-283c-4e92-abd2-1a1042c86d4c,c5,None,769,?,p1,
1769749373.6029499,RECEIVED,9f9a3dff-742d-4bec-93df-5f9fb690fad1,c3b8a6be-426f-444a-ad00-60c31a766966,c4,DROP,683,i9,?,
1769749373.6236932,FORWARDED,73f53a43-da89-4e3a-b419-633e09802f9e,019658f9-582b-42f8-96e5-451769069ccf,c3,DROP,441,?,i11,
1769749373.7608163,RECEIVED,6aeab7b0-9a27-4d2c-a367-3d954b4d7323,c4806cae-5da3-4646-b19d-65c2b074f617,c3,None,1125,i6,?,
1769749373.7912707,SENT,6aeab7b0-9a27-4d2c-a367-3d954b4d7323,c4806cae-5da3-4646-b19d-65c2b074f617,c3,None,771,?,p2,
1769749373.7913115,FORWARDED,6aeab7b0-9a27-4d2c-a367-3d954b4d7323,c4806cae-5da3-4646-b19d-65c2b074f617,c3,None,771,?,p2,
1769749373.932906,RECEIVED,021d28dd-5a97-4515-a8bd-3c91d16b0d49,92cfedcd-56a3-4953-95f9-6d63ffa42730,c5,None,1128,i1,?,
1769749373.9708037,SENT,882e1408-b326-4800-aabf-fb093f4a2245,1dcb693d-ec23-41ca-b614-facbe6893840,c4,c1,912,?,p1,
1769749373.9708462,FORWARDED,882e1408-b326-4800-aabf-fb093f4a2245,1dcb693d-ec23-41ca-b614-facbe6893840,c4,c1,912,?,p1,
1769749374.0197246,RECEIVED,e70cfcfe-5c66-4f1a-a9f1-5b7739fede6c,2e12241c-16ef-4ece-9d8e-85d45a5bc772,c2,DROP,688,i7,?,
1769749374.0476475,SENT,021d28dd-5a97-4515-a8bd-3c91d16b0d49,92cfedcd-56a3-4953-95f9-6d63ffa42730,c5,None,774,?,p1,
1769749374.0476978,FORWARDED,021d28dd-5a97-4515-a8bd-3c91d16b0d49,92cfedcd-56a3-4953-95f9-6d63ffa42730,c5,None,774,?,p1,
1769749374.0518134,RECEIVED,25d602a6-1bb9-43c4-97bf-8cb5eaedabe5,3d8563a9-0416-41f7-b603-a7f8734dac00,c2,c3,1262,i6,?,
1769749374.1513758,SENT,25d602a6-1bb9-43c4-97bf-8cb5eaedabe5,3d8563a9-0416-41f7-b603-a7f8734dac00,c2,c3,872,?,p3,
1769749374.1514158,FORWARDED,25d602a6-1bb9-43c4-97bf-8cb5eaedabe5,3d8563a9-0416-41f7-b603-a7f8734dac00,c2,c3,872,?,p3,
1769749374.1983004,RECEIVED,def5da54-9b1b-4560-826c-458c6ccfd336,82367a62-31af-4817-a300-2f9b7d665086,c4,DROP,683,i2,?,
1769749374.414874,RECEIVED,a2539def-e484-4936-a51b-176147120f08,fbee4e53-46f6-4e5e-8ccc-2662851efcaf,c3,None,1131,i9,?,
1769749374.6794035,SENT,9f9a3dff-742d-4bec-93df-5f9fb690fad1,c3b8a6be-426f-444a-ad00-60c31a766966,c4,DROP,441,?,i7,
1769749374.6794462,FORWARDED,9f9a3dff-742d-4bec-93df-5f9fb690fad1,c3b8a6be-426f-444a-ad00-60c31a766966,c4,DROP,441,?,i7,
1769749374.6909258,SENT,1da1d917-7f48-4877-87ac-70bb28cfebcb,469c39dc-5bda-4b26-a447-07ddd433f9bf,c5,DROP,441,?,i8,
1769749374.690968,FORWARDED,1da1d917-7f48-4877-87ac-70bb28cfebcb,469c39dc-5bda-4b26-a447-07ddd433f9bf,c5,DROP,441,?,i8,
1769749374.7501166,RECEIVED,aceedf43-5b33-408b-be94-08d516c3cb07,5ad2ad2b-b245-4e1a-bf12-a84c0a612747,c3,None,1130,i5,?,
1769749374.7680671,SENT,def5da54-9b1b-4560-826c-458c6ccfd336,82367a62-31af-4817-a300-2f9b7d665086,c4,DROP,441,?,i6,
1769749374.7681186,FORWARDED,def5da54-9b1b-4560-826c-458c6ccfd336,82367a62-31af-4817-a300-2f9b7d665086,c4,DROP,441,?,i6,
1769749374.808331,FORWARDED,e70cfcfe-5c66-4f1a-a9f1-5b7739fede6c,2e12241c-16ef-4ece-9d8e-85d45a5bc772,c2,DROP,442,?,i10,
1769749374.8144107,SENT,a2539def-e484-4936-a51b-176147120f08,fbee4e53-46f6-4e5e-8ccc-2662851efcaf,c3,None,775,?,p2,
1769749374.814449,FORWARDED,a2539def-e484-4936-a51b-176147120f08,fbee4e53-46f6-4e5e-8ccc-2662851efcaf,c3,None,775,?,p2,
1769749375.08913,RECEIVED,decc12c5-ede7-43b0-a709-24fcd282c283,7521f9f0-1377-40a8-aa93-bece27a5ae39,c2,DROP,688,i5,?,
1769749375.1839921,SENT,decc12c5-ede7-43b0-a709-24fcd282c283,7521f9f0-1377-40a8-aa93-bece27a5ae39,c2,DROP,442,?,x11,
1769749375.1840324,FORWARDED,decc12c5-ede7-43b0-a709-24fcd282c283,7521f9f0-1377-40a8-aa93-bece27a5ae39,c2,DROP,442,?,x11,
1769749375.251449,RECEIVED,77b9e091-1611-42d7-ab60-09c3b5835fcd,1fe0aef6-e3ab-488b-8eb9-21b9d15bd0f3,c1,DROP,683,i7,?,
1769749375.2910354,RECEIVED,83ffef3b-7393-4fed-b6ba-6d3aa78e6b87,bd6e756c-ab11-495a-a378-a1a995833c31,c5,DROP,442,x9,?,
1769749375.5369399,RECEIVED,214089db-f85f-4da1-930f-696d25c1269b,048f128c-2e3c-48ed-addd-7e015f1a08cb,c1,DROP,683,i3,?,
1769749375.5620914,RECEIVED,53675946-1ee6-4bc6-8fda-60c7ed2f6e2d,647be5a9-a99f-4b84-8750-5379a428e8d7,c3,DROP,441,x7,?,
1769749375.5804613,RECEIVED,40c5faf6-1127-47ac-91c0-68d7ba7561d7,194bc854-87a4-4fb2-9953-f3215005042d,c4,c1,1252,i6,?,
1769749375.6630373,RECEIVED,922c2c53-2e4a-404f-a072-e0d9d9bbc7dd,1081efbc-6d07-4d72-bbf2-13f294d39510,c4,DROP,688,i8,?,
1769749375.7071843,SENT,922c2c53-2e4a-404f-a072-e0d9d9bbc7dd,1081efbc-6d07-4d72-bbf2-13f294d39510,c4,DROP,442,?,i6,
1769749375.7072263,FORWARDED,922c2c53-2e4a-404f-a072-e0d9d9bbc7dd,1081efbc-6d07-4d72-bbf2-13f294d39510,c4,DROP,442,?,i6,
1769749375.7788825,SENT,40c5faf6-1127-47ac-91c0-68d7ba7561d7,194bc854-87a4-4fb2-9953-f3215005042d,c4,c1,867,?,p1,
1769749375.7789242,FORWARDED,40c5faf6-1127-47ac-91c0-68d7ba7561d7,194bc854-87a4-4fb2-9953-f3215005042d,c4,c1,867,?,p1,
1769749376.1363974,SENT,77b9e091-1611-42d7-ab60-09c3b5835fcd,1fe0aef6-e3ab-488b-8eb9-21b9d15bd0f3,c1,DROP,441,?,i3,
1769749376.1364343,FORWARDED,77b9e091-1611-42d7-ab60-09c3b5835fcd,1fe0aef6-e3ab-488b-8eb9-21b9d15bd0f3,c1,DROP,441,?,i3,
1769749376.2906601,FORWARDED,214089db-f85f-4da1-930f-696d25c1269b,048f128c-2e3c-48ed-addd-7e015f1a08cb,c1,DROP,441,?,i1,
1769749376.518192,RECEIVED,25173e92-8f2d-4ecf-9c83-11df66048504,27001f86-309f-4b7b-bfb3-12ea85ebc20c,c4,DROP,687,i5,?,
1769749376.5512917,RECEIVED,9cd5b884-37ed-4da1-8846-02afcb07ecea,71a8274b-b1c4-43fc-9733-da31fd68b410,c1,DROP,442,x10,?,
1769749376.5689569,RECEIVED,2996a86a-1c0d-40f6-87cc-e34c3bf749dd,ba87df8b-afa6-4f07-8f4c-c8977877ba21,c3,c2,1320,i3,?,
1769749376.624771,RECEIVED,b5213676-8238-4c94-82b0-5ba60e4cb1ce,46802c1a-2057-4c0d-b610-fe7ff87218af,c4,DROP,441,x3,?,
1769749376.7767498,SENT,aceedf43-5b33-408b-be94-08d516c3cb07,5ad2ad2b-b245-4e1a-bf12-a84c0a612747,c3,None,777,?,p2,
1769749376.7767882,FORWARDED,aceedf43-5b33-408b-be94-08d516c3cb07,5ad2ad2b-b245-4e1a-bf12-a84c0a612747,c3,None,777,?,p2,
1769749376.8338847,SENT,25173e92-8f2d-4ecf-9c83-11df66048504,27001f86-309f-4b7b-bfb3-12ea85ebc20c,c4,DROP,443,?,e4,
1769749376.833922,FORWARDED,25173e92-8f2d-4ecf-9c83-11df66048504,27001f86-309f-4b7b-bfb3-12ea85ebc20c,c4,DROP,443,?,e4,
1769749376.8395088,RECEIVED,5c256e65-7146-4ff2-8eb2-533658af5182,74da16bf-b0ad-4c78-bf21-2a624d89c235,c1,DROP,687,i8,?,
1769749376.8830974,SENT,2996a86a-1c0d-40f6-87cc-e34c3bf749dd,ba87df8b-afa6-4f07-8f4c-c8977877ba21,c3,c2,917,?,p2,
1769749376.8831394,FORWARDED,2996a86a-1c0d-40f6-87cc-e34c3bf749dd,ba87df8b-afa6-4f07-8f4c-c8977877ba21,c3,c2,917,?,p2,
1769749376.899463,RECEIVED,8ccc3a2c-0319-4855-aca2-32dc7461f353,3a98e3ee-7687-4101-a8e7-d8303c9a4450,c4,c1,1259,i3,?,
1769749377.0810304,SENT,8ccc3a2c-0319-4855-aca2-32dc7461f353,3a98e3ee-7687-4101-a8e7-d8303c9a4450,c4,c1,873,?,p1,
1769749377.0811548,FORWARDED,8ccc3a2c-0319-4855-aca2-32dc7461f353,3a98e3ee-7687-4101-a8e7-d8303c9a4450,c4,c1,873,?,p1,
1769749377.160629,SENT,5c256e65-7146-4ff2-8eb2-533658af5182,74da16bf-b0ad-4c78-bf21-2a624d89c235,c1,DROP,442,?,x5,
1769749377.1606777,FORWARDED,5c256e65-7146-4ff2-8eb2-533658af5182,74da16bf-b0ad-4c78-bf21-2a624d89c235,c1,DROP,442,?,x5,
1769749377.2423296,RECEIVED,c647b1a5-314c-4d1d-ac7a-22d526b20730,e35e656e-4b1d-4f35-8c74-0e20cceea4bb,c3,DROP,693,i2,?,
1769749377.4172146,RECEIVED,fba88c8a-0859-49dc-a6e1-4d6720427bab,894635f6-3966-4388-8ac2-c6a112c58e39,c2,DROP,685,i9,?,
1769749377.4863157,SENT,c647b1a5-314c-4d1d-ac7a-22d526b20730,e35e656e-4b1d-4f35-8c74-0e20cceea4bb,c3,DROP,446,?,x12,
1769749377.4863544,FORWARDED,c647b1a5-314c-4d1d-ac7a-22d526b20730,e35e656e-4b1d-4f35-8c74-0e20cceea4bb,c3,DROP,446,?,x12,
1769749377.688988,RECEIVED,74fc47de-469c-4032-af6b-cb4f62bee84a,2a1c8d6c-599e-460c-971d-903c45170964,c5,DROP,690,i3,?,
1769749377.6977236,SENT,fba88c8a-0859-49dc-a6e1-4d6720427bab,894635f6-3966-4388-8ac2-c6a112c58e39,c2,DROP,441,?,e12,
1769749377.697768,FORWARDED,fba88c8a-0859-49dc-a6e1-4d6720427bab,894635f6-3966-4388-8ac2-c6a112c58e39,c2,DROP,441,?,e12,
1769749377.7092001,SENT,74fc47de-469c-4032-af6b-cb4f62bee84a,2a1c8d6c-599e-460c-971d-903c45170964,c5,DROP,442,?,x4,
1769749377.7092443,FORWARDED,74fc47de-469c-4032-af6b-cb4f62bee84a,2a1c8d6c-599e-460c-971d-903c45170964,c5,DROP,442,?,x4,
1769749377.8220117,RECEIVED,6f991c45-b840-440a-a8cd-5eac7d24bde9,87a1c5ad-3b5a-4a08-94f2-c4d0584fa657,c3,None,1130,i5,?,
1769749377.9912364,RECEIVED,99bdb040-b633-4f8e-89d4-d0a03bf8ef14,add88362-bfdb-43ef-88af-de249cee41dc,c1,DROP,687,i2,?,
1769749378.1760883,RECEIVED,e8e9e0a5-74d3-4732-846a-ae7a964b92af,6dd8f454-bb9d-4636-bd9c-5674a06b449c,c3,c2,1312,i2,?,
1769749378.241859,RECEIVED,25f803b6-717d-46ce-aaf8-1fba0695b414,76a828d0-313c-4b44-aa86-a4f4d47ee9ff,c2,DROP,685,i7,?,
1769749378.2455308,SENT,e8e9e0a5-74d3-4732-846a-ae7a964b92af,6dd8f454-bb9d-4636-bd9c-5674a06b449c,c3,c2,912,?,p2,
1769749378.24557,FORWARDED,e8e9e0a5-74d3-4732-846a-ae7a964b92af,6dd8f454-bb9d-4636-bd9c-5674a06b449c,c3,c2,912,?,p2,
1769749378.276587,FORWARDED,25f803b6-717d-46ce-aaf8-1fba0695b414,76a828d0-313c-4b44-aa86-a4f4d47ee9ff,c2,DROP,440,?,i4,
1769749378.3134308,RECEIVED,6f81ffdf-7378-494f-88c1-72df19e9830b,4a6dda08-99ef-448e-b2ea-46459bc8d6ce,c5,DROP,683,i3,?,
1769749378.455566,RECEIVED,d9bbf0fb-40d6-4a26-a49f-d83ca3b48e09,d7379785-09a5-41b3-b882-c22db3ea4a92,c2,c3,1323,i9,?,
1769749378.7098684,RECEIVED,098c5685-45e7-4924-ad7b-97ddf0545824,efc230ba-c08b-4246-8564-c154b1db1b60,c4,DROP,442,x3,?,
1769749378.7142618,RECEIVED,ff55e136-c1c0-4fc4-84c8-5c04724fa87c,a8a50088-50e1-497e-af37-78d821bb95b7,c1,c5,1253,i7,?,
1769749378.722219,SENT,99bdb040-b633-4f8e-89d4-d0a03bf8ef14,add88362-bfdb-43ef-88af-de249cee41dc,c1,DROP,442,?,i7,
1769749378.722262,FORWARDED,99bdb040-b633-4f8e-89d4-d0a03bf8ef14,add88362-bfdb-43ef-88af-de249cee41dc,c1,DROP,442,?,i7,
1769749378.7740633,SENT,ff55e136-c1c0-4fc4-84c8-5c04724fa87c,a8a50088-50e1-497e-af37-78d821bb95b7,c1,c5,867,?,p2,
1769749378.774108,FORWARDED,ff55e136-c1c0-4fc4-84c8-5c04724fa87c,a8a50088-50e1-497e-af37-78d821bb95b7,c1,c5,867,?,p2,
1769749378.873638,SENT,6f81ffdf-7378-494f-88c1-72df19e9830b,4a6dda08-99ef-448e-b2ea-46459bc8d6ce,c5,DROP,441,?,x7,
1769749378.873678,FORWARDED,6f81ffdf-7378-494f-88c1-72df19e9830b,4a6dda08-99ef-448e-b2ea-46459bc8d6ce,c5,DROP,441,?,x7,
1769749378.9089127,RECEIVED,6d03506e-2930-4adc-8f37-0e9427d5a9e0,75b83760-aef7-4ae6-b920-a1cf247ed264,c4,c1,1311,i6,?,
1769749378.9293466,RECEIVED,27ca8b66-b040-48f9-a23d-7aa067e13dc7,f85bc2f4-aa8b-40f6-b0f4-c0a3f737df5e,c3,DROP,440,x5,?,
1769749379.0978658,SENT,d9bbf0fb-40d6-4a26-a49f-d83ca3b48e09,d7379785-09a5-41b3-b882-c22db3ea4a92,c2,c3,919,?,p3,
1769749379.0979102,FORWARDED,d9bbf0fb-40d6-4a26-a49f-d83ca3b48e09,d7379785-09a5-41b3-b882-c22db3ea4a92,c2,c3,919,?,p3,
1769749379.111478,RECEIVED,73a0fcfb-8fc9-4539-ad98-d7bc22d64312,fdeffd7a-4241-4500-8841-2b6ea8b7aa16,c4,c1,1255,i2,?,
1769749379.3911965,RECEIVED,892c6f4c-0676-41fe-a1d8-e16d8005723a,0c9638b9-d706-4810-8f10-e93573d1c36b,c4,c1,1311,i8,?,
1769749379.4037337,SENT,73a0fcfb-8fc9-4539-ad98-d7bc22d64312,fdeffd7a-4241-4500-8841-2b6ea8b7aa16,c4,c1,868,?,p1,
1769749379.403779,FORWARDED,73a0fcfb-8fc9-4539-ad98-d7bc22d64312,fdeffd7a-4241-4500-8841-2b6ea8b7aa16,c4,c1,868,?,p1,
1769749379.5514388,SENT,6f991c45-b840-440a-a8cd-5eac7d24bde9,87a1c5ad-3b5a-4a08-94f2-c4d0584fa657,c3,None,775,?,p2,
1769749379.5514834,FORWARDED,6f991c45-b840-440a-a8cd-5eac7d24bde9,87a1c5ad-3b5a-4a08-94f2-c4d0584fa657,c3,None,775,?,p2,
1769749379.560836,RECEIVED,ca248e92-fe07-49e7-b93a-bc9e69ae5462,72344ce7-d4a9-4da4-a7d1-f1e3be3fff71,c1,c5,1253,i2,?,
1769749379.657999,SENT,ca248e92-fe07-49e7-b93a-bc9e69ae5462,72344ce7-d4a9-4da4-a7d1-f1e3be3fff71,c1,c5,870,?,p2,
1769749379.6580408,FORWARDED,ca248e92-fe07-49e7-b93a-bc9e69ae5462,72344ce7-d4a9-4da4-a7d1-f1e3be3fff71,c1,c5,870,?,p2,
1769749379.6800654,SENT,6d03506e-2930-4adc-8f37-0e9427d5a9e0,75b83760-aef7-4ae6-b920-a1cf247ed264,c4,c1,912,?,p1,
1769749379.680106,FORWARDED,6d03506e-2930-4adc-8f37-0e9427d5a9e0,75b83760-aef7-4ae6-b920-a1cf247ed264,c4,c1,912,?,p1,
1769749379.7429998,RECEIVED,8ab0e1dc-33c5-460b-91b8-1ddced2d69d0,a627672d-f094-4874-9d18-5dfa131d2a57,c4,DROP,692,i9,?,
1769749379.7575285,SENT,892c6f4c-0676-41fe-a1d8-e16d8005723a,0c9638b9-d706-4810-8f10-e93573d1c36b,c4,c1,911,?,p1,
1769749379.7575674,FORWARDED,892c6f4c-0676-41fe-a1d8-e16d8005723a,0c9638b9-d706-4810-8f10-e93573d1c36b,c4,c1,911,?,p1,
1769749379.8645544,RECEIVED,84ab5a02-57df-4f1a-bb69-c0853a058dbf,1012380d-2b0c-4e0d-856a-275b3e8023d6,c3,c2,1263,i2,?,
1769749379.9045863,RECEIVED,515d3301-694b-40fb-bb3e-14c552d3fd09,031c7900-e520-495b-8bb6-d280e3e720fc,c1,DROP,680,i9,?,
1769749380.0542228,SENT,8ab0e1dc-33c5-460b-91b8-1ddced2d69d0,a627672d-f094-4874-9d18-5dfa131d2a57,c4,DROP,447,?,e11,
1769749380.0542665,FORWARDED,8ab0e1dc-33c5-460b-91b8-1ddced2d69d0,a627672d-f094-4874-9d18-5dfa131d2a57,c4,DROP,447,?,e11,
1769749380.074538,SENT,515d3301-694b-40fb-bb3e-14c552d3fd09,031c7900-e520-495b-8bb6-d280e3e720fc,c1,DROP,437,?,x4,
1769749380.0745797,FORWARDED,515d3301-694b-40fb-bb3e-14c552d3fd09,031c7900-e520-495b-8bb6-d280e3e720fc,c1,DROP,437,?,x4,
1769749380.1672177,RECEIVED,953d955a-d39b-4405-b445-962ecf7472a2,cc6cb243-d246-493f-be95-a4c41ace7a27,c2,DROP,684,i8,?,
1769749380.18788,RECEIVED,b68ca4ec-2020-4856-bae9-eb9c31c01e5d,fb1d4084-2613-412c-9aa0-ddbd85ff6a0e,c3,DROP,684,i7,?,
1769749380.25677,FORWARDED,953d955a-d39b-4405-b445-962ecf7472a2,cc6cb243-d246-493f-be95-a4c41ace7a27,c2,DROP,441,?,i1,
1769749380.2756808,SENT,b68ca4ec-2020-4856-bae9-eb9c31c01e5d,fb1d4084-2613-412c-9aa0-ddbd85ff6a0e,c3,DROP,441,?,x2,
1769749380.2757225,FORWARDED,b68ca4ec-2020-4856-bae9-eb9c31c01e5d,fb1d4084-2613-412c-9aa0-ddbd85ff6a0e,c3,DROP,441,?,x2,
1769749380.3947968,RECEIVED,7032574a-f4a4-4824-a55c-7dbfc6277623,4b70c3a0-1183-43f5-be39-e467d1139387,c1,DROP,687,i9,?,
1769749380.4603992,RECEIVED,21ed3483-a255-4084-8d09-b5fa3b89f836,3ceb37ee-d368-4be8-b120-51088ddff3b0,c2,DROP,441,x11,?,
1769749380.604827,RECEIVED,b7d407d1-379d-44ea-967a-98dc17688020,753bb9e8-c2b4-4364-91bc-ea8d9012ff07,c3,DROP,687,i6,?,
1769749380.9020088,SENT,84ab5a02-57df-4f1a-bb69-c0853a058dbf,1012380d-2b0c-4e0d-856a-275b3e8023d6,c3,c2,875,?,p2,
1769749380.9020545,FORWARDED,84ab5a02-57df-4f1a-bb69-c0853a058dbf,1012380d-2b0c-4e0d-856a-275b3e8023d6,c3,c2,875,?,p2,
1769749380.9443855,SENT,b7d407d1-379d-44ea-967a-98dc17688020,753bb9e8-c2b4-4364-91bc-ea8d9012ff07,c3,DROP,442,?,x7,
1769749380.9444284,FORWARDED,b7d407d1-379d-44ea-967a-98dc17688020,753bb9e8-c2b4-4364-91bc-ea8d9012ff07,c3,DROP,442,?,x7,
1769749380.9467044,RECEIVED,a4b7a922-58ae-419b-a346-ae476dde1c47,9c51eee8-361b-43c6-b332-ac4f3b66617a,c2,c3,1258,i8,?,
1769749381.156115,RECEIVED,a03d8bd0-9eb3-4693-a1e3-2e6c5f1926ce,9592acc2-e7f2-4df5-9f64-af7a1f5200a7,c4,DROP,684,i2,?,
1769749381.3645127,SENT,a03d8bd0-9eb3-4693-a1e3-2e6c5f1926ce,9592acc2-e7f2-4df5-9f64-af7a1f5200a7,c4,DROP,441,?,x1,
1769749381.3645475,FORWARDED,a03d8bd0-9eb3-4693-a1e3-2e6c5f1926ce,9592acc2-e7f2-4df5-9f64-af7a1f5200a7,c4,DROP,441,?,x1,
1769749381.4468231,SENT,7032574a-f4a4-4824-a55c-7dbfc6277623,4b70c3a0-1183-43f5-be39-e467d1139387,c1,DROP,442,?,e10,
1769749381.4468691,FORWARDED,7032574a-f4a4-4824-a55c-7dbfc6277623,4b70c3a0-1183-43f5-be39-e467d1139387,c1,DROP,442,?,e10,
1769749381.4642015,SENT,a4b7a922-58ae-419b-a346-ae476dde1c47,9c51eee8-361b-43c6-b332-ac4f3b66617a,c2,c3,871,?,p3,
1769749381.4642437,FORWARDED,a4b7a922-58ae-419b-a346-ae476dde1c47,9c51eee8-361b-43c6-b332-ac4f3b66617a,c2,c3,871,?,p3,
1769749381.4888399,RECEIVED,6cc10e97-6837-435d-8b99-7545b9574dd7,583384ee-e541-4699-b7e2-fe53b534dfcf,c5,DROP,689,i9,?,
1769749381.4969242,SENT,6cc10e97-6837-435d-8b99-7545b9574dd7,583384ee-e541-4699-b7e2-fe53b534dfcf,c5,DROP,442,?,e7,
1769749381.496966,FORWARDED,6cc10e97-6837-435d-8b99-7545b9574dd7,583384ee-e541-4699-b7e2-fe53b534dfcf,c5,DROP,442,?,e7,
1769749381.6324003,RECEIVED,c6b56c07-75bf-44db-bfd6-7a6572ff4803,88ba0d1e-6577-4c31-8b00-507b6814a28b,c3,c2,1323,i3,?,
1769749381.7519774,RECEIVED,42b9402a-01df-4aaa-86a4-c32d65f1ab9e,9a91bff4-91a9-4ef8-8113-27a367852e70,c1,DROP,689,i6,?,
1769749381.8404958,FORWARDED,42b9402a-01df-4aaa-86a4-c32d65f1ab9e,9a91bff4-91a9-4ef8-8113-27a367852e70,c1,DROP,442,?,i1,
1769749382.084773,SENT,c6b56c07-75bf-44db-bfd6-7a6572ff4803,88ba0d1e-6577-4c31-8b00-507b6814a28b,c3,c2,919,?,p2,
1769749382.084816,FORWARDED,c6b56c07-75bf-44db-bfd6-7a6572ff4803,88ba0d1e-6577-4c31-8b00-507b6814a28b,c3,c2,919,?,p2,
1769749382.1655273,RECEIVED,279fbf53-bfdb-49b2-86d4-be62d47b1eaf,0258ef19-de0f-49be-8581-b2a23dec44e2,c3,None,1131,i6,?,
1769749382.3748653,RECEIVED,4651c95b-ed78-484b-915d-2d8995421aea,e5509ab3-1289-476d-b397-f5ec78135626,c4,c1,1311,i8,?,
1769749382.3925064,RECEIVED,0c52487f-480b-46b8-aef7-db2565b8ecc9,ff2c23fa-6451-4e4f-ae09-75817ad7c8a9,c3,DROP,687,i9,?,
1769749382.392771,RECEIVED,a570c4ed-b812-4e76-b3df-1ea7ceb7dfb2,9e4ec8f7-4d1e-43c7-8d42-cd30d5411592,c3,c2,1316,i2,?,
1769749382.7056406,SENT,a570c4ed-b812-4e76-b3df-1ea7ceb7dfb2,9e4ec8f7-4d1e-43c7-8d42-cd30d5411592,c3,c2,913,?,p2,
1769749382.7056835,FORWARDED,a570c4ed-b812-4e76-b3df-1ea7ceb7dfb2,9e4ec8f7-4d1e-43c7-8d42-cd30d5411592,c3,c2,913,?,p2,
1769749382.7213237,SENT,279fbf53-bfdb-49b2-86d4-be62d47b1eaf,0258ef19-de0f-49be-8581-b2a23dec44e2,c3,None,775,?,p2,
1769749382.7213721,FORWARDED,279fbf53-bfdb-49b2-86d4-be62d47b1eaf,0258ef19-de0f-49be-8581-b2a23dec44e2,c3,None,775,?,p2,
1769749382.7579975,RECEIVED,63b70904-58aa-4309-ae56-c4e5c42215bd,bc7e063d-ce6d-4b08-8dd6-016fa1e9d1ab,c3,None,1131,i5,?,
1769749382.8979933,RECEIVED,698b841e-a22c-4b57-926e-089d0e1d1b1b,019e5f5d-22d3-4036-8b18-2818ecc33a72,c1,DROP,685,i8,?,
1769749382.9239738,SENT,4651c95b-ed78-484b-915d-2d8995421aea,e5509ab3-1289-476d-b397-f5ec78135626,c4,c1,911,?,p1,
1769749382.924014,FORWARDED,4651c95b-ed78-484b-915d-2d8995421aea,e5509ab3-1289-476d-b397-f5ec78135626,c4,c1,911,?,p1,
1769749382.9523485,RECEIVED,c034a167-6e46-41be-a1cc-e0a98b5911ff,edd7c416-c9d2-4504-9a96-b6c320c5b1fc,c3,None,1131,i8,?,
1769749382.9711232,FORWARDED,698b841e-a22c-4b57-926e-089d0e1d1b1b,019e5f5d-22d3-4036-8b18-2818ecc33a72,c1,DROP,441,?,i12,
1769749383.106148,RECEIVED,449440e9-8fb1-4f9e-9a7f-f6738431c163,d97d0d21-dbed-4db7-a97e-a214c09742a4,c5,DROP,441,x2,?,
1769749383.1650414,RECEIVED,7274f3aa-a883-40eb-a8bd-fc3869b4a0fe,76f74106-7380-4e79-9cbe-d96ccac63461,c5,DROP,688,i6,?,
1769749383.2471058,SENT,7274f3aa-a883-40eb-a8bd-fc3869b4a0fe,76f74106-7380-4e79-9cbe-d96ccac63461,c5,DROP,442,?,e5,
1769749383.2471426,FORWARDED,7274f3aa-a883-40eb-a8bd-fc3869b4a0fe,76f74106-7380-4e79-9cbe-d96ccac63461,c5,DROP,442,?,e5,
1769749383.6992671,RECEIVED,ef6634b1-fc35-45d0-becf-6b31b50196e7,40378b14-edce-4c53-a816-58566162cfca,c5,DROP,687,i6,?,
1769749383.806922,RECEIVED,96f9be06-0c51-433e-87a7-69a2966527f1,a3ba596a-fb01-4b1b-bac8-7ea393bdb87a,c1,c5,1311,i7,?,
1769749383.8438225,SENT,96f9be06-0c51-433e-87a7-69a2966527f1,a3ba596a-fb01-4b1b-bac8-7ea393bdb87a,c1,c5,911,?,p2,
1769749383.8438575,FORWARDED,96f9be06-0c51-433e-87a7-69a2966527f1,a3ba596a-fb01-4b1b-bac8-7ea393bdb87a,c1,c5,911,?,p2,
1769749383.901221,RECEIVED,cb225059-5df9-45d9-9510-a428d1103431,170b28dc-7611-41be-875f-06131c4f5dad,c1,c5,1258,i7,?,
1769749384.2476187,RECEIVED,88f25de9-6098-4405-b733-35dd0d6828a1,04173139-d6da-4781-8dea-04f3cba67a47,c4,c1,1311,i2,?,
1769749384.308619,SENT,ef6634b1-fc35-45d0-becf-6b31b50196e7,40378b14-edce-4c53-a816-58566162cfca,c5,DROP,442,?,x6,
1769749384.3086605,FORWARDED,ef6634b1-fc35-45d0-becf-6b31b50196e7,40378b14-edce-4c53-a816-58566162cfca,c5,DROP,442,?,x6,
1769749384.3859637,SENT,0c52487f-480b-46b8-aef7-db2565b8ecc9,ff2c23fa-6451-4e4f-ae09-75817ad7c8a9,c3,DROP,442,?,i8,
1769749384.3860066,FORWARDED,0c52487f-480b-46b8-aef7-db2565b8ecc9,ff2c23fa-6451-4e4f-ae09-75817ad7c8a9,c3,DROP,442,?,i8,
1769749384.396327,SENT,cb225059-5df9-45d9-9510-a428d1103431,170b28dc-7611-41be-875f-06131c4f5dad,c1,c5,871,?,p2,
1769749384.3964047,FORWARDED,cb225059-5df9-45d9-9510-a428d1103431,170b28dc-7611-41be-875f-06131c4f5dad,c1,c5,871,?,p2,
1769749384.6119196,SENT,63b70904-58aa-4309-ae56-c4e5c42215bd,bc7e063d-ce6d-4b08-8dd6-016fa1e9d1ab,c3,None,775,?,p2,
1769749384.6119618,FORWARDED,63b70904-58aa-4309-ae56-c4e5c42215bd,bc7e063d-ce6d-4b08-8dd6-016fa1e9d1ab,c3,None,775,?,p2,
1769749384.6239188,RECEIVED,fa483e32-1524-4227-85ea-118a40e284da,7941a894-6379-46c9-be0a-5b9d2a8d4705,c1,c5,1319,i2,?,
1769749384.6545093,RECEIVED,48abf180-3535-4edc-94bc-bd588f47794c,b8ac5b43-0e1b-4945-b240-34e53e394d0b,c1,DROP,684,i9,?,
1769749384.7191713,RECEIVED,d9e71d17-85e5-4180-baa7-def39cb14115,2396c3af-5d4d-48fb-8a6b-f8f2cf0ace3f,c2,DROP,683,i3,?,
1769749384.845293,SENT,48abf180-3535-4edc-94bc-bd588f47794c,b8ac5b43-0e1b-4945-b240-34e53e394d0b,c1,DROP,440,?,x1,
1769749384.8453338,FORWARDED,48abf180-3535-4edc-94bc-bd588f47794c,b8ac5b43-0e1b-4945-b240-34e53e394d0b,c1,DROP,440,?,x1,
1769749384.9106975,RECEIVED,f319c2c5-a25d-448d-ac22-45452a66f207,11c3a20b-a3bb-40bd-a34d-224127ab8a80,c2,c3,1311,i8,?,
1769749385.026495,SENT,d9e71d17-85e5-4180-baa7-def39cb14115,2396c3af-5d4d-48fb-8a6b-f8f2cf0ace3f,c2,DROP,441,?,x3,
1769749385.0265348,FORWARDED,d9e71d17-85e5-4180-baa7-def39cb14115,2396c3af-5d4d-48fb-8a6b-f8f2cf0ace3f,c2,DROP,441,?,x3,
1769749385.2971036,RECEIVED,07ca0675-dad2-447d-80d2-9291bacc08c5,a8386585-c6f9-4051-9b12-184520bb89fe,c3,None,1127,i6,?,
1769749385.310732,RECEIVED,85b20006-8593-4d33-b153-653b5b860c83,eb0753aa-27a5-4e4a-8f9d-b70f340ab97a,c1,DROP,442,x5,?,
1769749385.3713431,RECEIVED,e8bd53c1-cfec-4d0b-8eef-70a80f0ea747,cc77fb6f-5474-4742-a579-2aaf0f8a4cb7,c4,c1,1312,i6,?,
1769749385.388255,SENT,88f25de9-6098-4405-b733-35dd0d6828a1,04173139-d6da-4781-8dea-04f3cba67a47,c4,c1,912,?,p1,
1769749385.3896086,FORWARDED,88f25de9-6098-4405-b733-35dd0d6828a1,04173139-d6da-4781-8dea-04f3cba67a47,c4,c1,912,?,p1,
1769749385.3899004,RECEIVED,efad06f5-522d-4123-9115-65e1715b1be1,4a40d72d-6ea3-4326-b4e9-6cc9655346ac,c3,DROP,441,x1,?,
1769749385.4272785,SENT,f319c2c5-a25d-448d-ac22-45452a66f207,11c3a20b-a3bb-40bd-a34d-224127ab8a80,c2,c3,911,?,p3,
1769749385.4273188,FORWARDED,f319c2c5-a25d-448d-ac22-45452a66f207,11c3a20b-a3bb-40bd-a34d-224127ab8a80,c2,c3,911,?,p3,
1769749385.4405375,SENT,fa483e32-1524-4227-85ea-118a40e284da,7941a894-6379-46c9-be0a-5b9d2a8d4705,c1,c5,916,?,p2,
1769749385.440577,FORWARDED,fa483e32-1524-4227-85ea-118a40e284da,7941a894-6379-46c9-be0a-5b9d2a8d4705,c1,c5,916,?,p2,
1769749385.452913,SENT,e8bd53c1-cfec-4d0b-8eef-70a80f0ea747,cc77fb6f-5474-4742-a579-2aaf0f8a4cb7,c4,c1,911,?,p1,
1769749385.4529567,FORWARDED,e8bd53c1-cfec-4d0b-8eef-70a80f0ea747,cc77fb6f-5474-4742-a579-2aaf0f8a4cb7,c4,c1,911,?,p1,
1769749385.534251,SENT,c034a167-6e46-41be-a1cc-e0a98b5911ff,edd7c416-c9d2-4504-9a96-b6c320c5b1fc,c3,None,776,?,p2,
1769749385.5342922,FORWARDED,c034a167-6e46-41be-a1cc-e0a98b5911ff,edd7c416-c9d2-4504-9a96-b6c320c5b1fc,c3,None,776,?,p2,
1769749385.9299257,SENT,07ca0675-dad2-447d-80d2-9291bacc08c5,a8386585-c6f9-4051-9b12-184520bb89fe,c3,None,774,?,p2,
1769749385.929969,FORWARDED,07ca0675-dad2-447d-80d2-9291bacc08c5,a8386585-c6f9-4051-9b12-184520bb89fe,c3,None,774,?,p2,
1769749385.9717147,RECEIVED,b2c205f2-12f3-496c-a3c3-090e48f4dbae,0b00eace-a121-4013-acf6-2334c6c80dfd,c3,DROP,685,i5,?,
1769749386.0745533,SENT,b2c205f2-12f3-496c-a3c3-090e48f4dbae,0b00eace-a121-4013-acf6-2334c6c80dfd,c3,DROP,441,?,e10,
1769749386.0745907,FORWARDED,b2c205f2-12f3-496c-a3c3-090e48f4dbae,0b00eace-a121-4013-acf6-2334c6c80dfd,c3,DROP,441,?,e10,
1769749386.157108,RECEIVED,bdc559de-9e0d-4e4a-abd6-a3f9ef2bd59b,bf8d06e1-4628-44bb-8f09-e172645f7c39,c3,c2,1315,i2,?,
1769749386.1906748,RECEIVED,a19a3689-5ec3-4c3c-b69e-faab4d425e0c,7cc8d9ae-1c1c-42ce-a828-8a61b3db2922,c4,DROP,683,i2,?,
1769749386.3827968,RECEIVED,99ec396d-239b-4852-9fcd-bc1cfbb6f471,73748a6e-d46d-4fc3-8190-52d40a405f0c,c5,DROP,441,x10,?,
1769749386.6593063,RECEIVED,8a52e464-65c5-459a-a3ad-cb531b070417,57f91371-d89f-4f9f-b54b-341d8a689001,c3,DROP,688,i8,?,
1769749386.8091946,SENT,8a52e464-65c5-459a-a3ad-cb531b070417,57f91371-d89f-4f9f-b54b-341d8a689001,c3,DROP,442,?,e5,
1769749386.8092377,FORWARDED,8a52e464-65c5-459a-a3ad-cb531b070417,57f91371-d89f-4f9f-b54b-341d8a689001,c3,DROP,442,?,e5,
1769749386.9548275,FORWARDED,a19a3689-5ec3-4c3c-b69e-faab4d425e0c,7cc8d9ae-1c1c-42ce-a828-8a61b3db2922,c4,DROP,441,?,i4,
1769749387.1261837,RECEIVED,5b507bdf-42f1-4cd4-9d77-fcaaa2103c75,17088fea-e229-4d0f-af97-51ec123944f6,c4,DROP,683,i6,?,
1769749387.3233216,RECEIVED,b2fbafff-d2b4-473a-896a-2a1b3abd77d4,219a69e1-e441-4484-9f4a-d7415d555c04,c3,DROP,691,i2,?,
1769749387.3724744,RECEIVED,747d654b-04a2-4262-b517-e47b23f2ca7f,487d04ca-7b9d-418d-bade-67904332a8b3,c3,None,1127,i8,?,
1769749387.5713513,SENT,bdc559de-9e0d-4e4a-abd6-a3f9ef2bd59b,bf8d06e1-4628-44bb-8f09-e172645f7c39,c3,c2,915,?,p2,
1769749387.5713935,FORWARDED,bdc559de-9e0d-4e4a-abd6-a3f9ef2bd59b,bf8d06e1-4628-44bb-8f09-e172645f7c39,c3,c2,915,?,p2,
1769749387.702598,SENT,5b507bdf-42f1-4cd4-9d77-fcaaa2103c75,17088fea-e229-4d0f-af97-51ec123944f6,c4,DROP,441,?,e1,
1769749387.7026396,FORWARDED,5b507bdf-42f1-4cd4-9d77-fcaaa2103c75,17088fea-e229-4d0f-af97-51ec123944f6,c4,DROP,441,?,e1,
1769749387.7273788,RECEIVED,987dab6b-8c11-4b63-897a-2ef3325db879,1d1caa80-3ea5-40f7-bb7e-c124e3418506,c5,DROP,683,i6,?,
1769749387.8868454,RECEIVED,84502e14-72f9-4297-9426-75cedf9f057b,3ecd122b-2c47-4fe3-ae9e-8f5b9ee3a67d,c1,DROP,687,i2,?,
1769749388.0413325,SENT,747d654b-04a2-4262-b517-e47b23f2ca7f,487d04ca-7b9d-418d-bade-67904332a8b3,c3,None,772,?,p2,
1769749388.0413747,FORWARDED,747d654b-04a2-4262-b517-e47b23f2ca7f,487d04ca-7b9d-418d-bade-67904332a8b3,c3,None,772,?,p2,
1769749388.1316936,SENT,84502e14-72f9-4297-9426-75cedf9f057b,3ecd122b-2c47-4fe3-ae9e-8f5b9ee3a67d,c1,DROP,442,?,x3,
1769749388.1317344,FORWARDED,84502e14-72f9-4297-9426-75cedf9f057b,3ecd122b-2c47-4fe3-ae9e-8f5b9ee3a67d,c1,DROP,442,?,x3,
1769749388.18989,RECEIVED,e98598fc-9959-40f2-8baa-04a7b0864b79,ddfca088-a783-4d1a-ab56-78a8ebce83ee,c3,c2,1311,i2,?,
1769749388.2063284,SENT,b2fbafff-d2b4-473a-896a-2a1b3abd77d4,219a69e1-e441-4484-9f4a-d7415d555c04,c3,DROP,446,?,e10,
1769749388.2063706,FORWARDED,b2fbafff-d2b4-473a-896a-2a1b3abd77d4,219a69e1-e441-4484-9f4a-d7415d555c04,c3,DROP,446,?,e10,
1769749388.2586749,RECEIVED,ccf5905f-15a7-48fd-9381-60916fa8aa9a,00bee32a-4373-4648-9250-fb0223a78a9d,c1,DROP,688,i7,?,
1769749388.3406258,RECEIVED,82030a7b-5996-4d69-b555-f26ee68c1680,f4cae812-5ceb-4011-9219-e3a20e4c52f6,c1,DROP,688,i9,?,
1769749388.3761933,SENT,987dab6b-8c11-4b63-897a-2ef3325db879,1d1caa80-3ea5-40f7-bb7e-c124e3418506,c5,DROP,441,?,x9,
1769749388.3762383,FORWARDED,987dab6b-8c11-4b63-897a-2ef3325db879,1d1caa80-3ea5-40f7-bb7e-c124e3418506,c5,DROP,441,?,x9,
1769749388.5929127,RECEIVED,61460250-a7fc-4f93-b950-4d73ff006d7f,f89c06f3-c1ee-4e0a-af45-a19adcbe15ea,c2,DROP,684,i7,?,
1769749388.594545,RECEIVED,352bd5e0-af86-4d22-9c35-d9b0a3ac1baa,d989229c-3f6e-4fd2-a262-e71ccdd480bd,c1,c5,1262,i3,?,
1769749388.6933918,SENT,e98598fc-9959-40f2-8baa-04a7b0864b79,ddfca088-a783-4d1a-ab56-78a8ebce83ee,c3,c2,912,?,p2,
1769749388.6934302,FORWARDED,e98598fc-9959-40f2-8baa-04a7b0864b79,ddfca088-a783-4d1a-ab56-78a8ebce83ee,c3,c2,912,?,p2,
1769749388.7011492,RECEIVED,6ca1cd01-d511-4d1c-8ca2-af7446e99ba2,754a5ce4-3a43-4498-8a65-ee7e8798b452,c5,DROP,683,i7,?,
1769749388.7108357,SENT,82030a7b-5996-4d69-b555-f26ee68c1680,f4cae812-5ceb-4011-9219-e3a20e4c52f6,c1,DROP,442,?,i7,
1769749388.710876,FORWARDED,82030a7b-5996-4d69-b555-f26ee68c1680,f4cae812-5ceb-4011-9219-e3a20e4c52f6,c1,DROP,442,?,i7,
1769749388.9253168,SENT,352bd5e0-af86-4d22-9c35-d9b0a3ac1baa,d989229c-3f6e-4fd2-a262-e71ccdd480bd,c1,c5,875,?,p2,
1769749388.9253674,FORWARDED,352bd5e0-af86-4d22-9c35-d9b0a3ac1baa,d989229c-3f6e-4fd2-a262-e71ccdd480bd,c1,c5,875,?,p2,
1769749388.97642,SENT,61460250-a7fc-4f93-b950-4d73ff006d7f,f89c06f3-c1ee-4e0a-af45-a19adcbe15ea,c2,DROP,441,?,e1,
1769749388.976462,FORWARDED,61460250-a7fc-4f93-b950-4d73ff006d7f,f89c06f3-c1ee-4e0a-af45-a19adcbe15ea,c2,DROP,441,?,e1,
1769749389.1722238,SENT,ccf5905f-15a7-48fd-9381-60916fa8aa9a,00bee32a-4373-4648-9250-fb0223a78a9d,c1,DROP,442,?,x11,
1769749389.1722608,FORWARDED,ccf5905f-15a7-48fd-9381-60916fa8aa9a,00bee32a-4373-4648-9250-fb0223a78a9d,c1,DROP,442,?,x11,
1769749389.235503,RECEIVED,1647a55b-1f08-4d4a-83d4-aef8516038a1,1bc9a260-e89c-4c55-8ad3-ba1074642d43,c4,c1,1311,i2,?,
1769749389.2484543,RECEIVED,e2906a3b-7518-4d5d-a00b-6e4e3c3f398a,2bbb2b06-ea45-48c0-8820-7d4e8e07fdbb,c5,DROP,684,i9,?,
1769749389.250114,RECEIVED,aa3ad34d-201e-4305-bac0-a2cde276543e,b17e3949-bf4f-4b93-926d-ec0bb0f502bf,c1,c5,1312,i7,?,
1769749389.3331451,RECEIVED,572285b1-8b99-47f8-8bd6-7bc8bb8abe77,a7610a68-2b51-4421-86a4-d8d65c7a5f7c,c3,c2,1324,i2,?,
1769749389.36806,RECEIVED,35ff638b-b460-434a-b8b9-f4c9f4d0504a,a6dfe8e6-a339-4d20-bb50-14896371ec53,c4,DROP,688,i8,?,
1769749389.386637,SENT,6ca1cd01-d511-4d1c-8ca2-af7446e99ba2,754a5ce4-3a43-4498-8a65-ee7e8798b452,c5,DROP,441,?,i9,
1769749389.3866794,FORWARDED,6ca1cd01-d511-4d1c-8ca2-af7446e99ba2,754a5ce4-3a43-4498-8a65-ee7e8798b452,c5,DROP,441,?,i9,
1769749389.4472146,SENT,572285b1-8b99-47f8-8bd6-7bc8bb8abe77,a7610a68-2b51-4421-86a4-d8d65c7a5f7c,c3,c2,920,?,p2,
1769749389.447253,FORWARDED,572285b1-8b99-47f8-8bd6-7bc8bb8abe77,a7610a68-2b51-4421-86a4-d8d65c7a5f7c,c3,c2,920,?,p2,
1769749389.4695258,RECEIVED,fe281230-53f3-45c8-b0f7-dbba4c54113c,f09738be-c7b6-47a8-9d7a-d34be6a01040,c3,None,1131,i5,?,
1769749389.4789665,SENT,1647a55b-1f08-4d4a-83d4-aef8516038a1,1bc9a260-e89c-4c55-8ad3-ba1074642d43,c4,c1,912,?,p1,
1769749389.4790063,FORWARDED,1647a55b-1f08-4d4a-83d4-aef8516038a1,1bc9a260-e89c-4c55-8ad3-ba1074642d43,c4,c1,912,?,p1,
1769749389.5758758,SENT,aa3ad34d-201e-4305-bac0-a2cde276543e,b17e3949-bf4f-4b93-926d-ec0bb0f502bf,c1,c5,911,?,p2,
1769749389.575924,FORWARDED,aa3ad34d-201e-4305-bac0-a2cde276543e,b17e3949-bf4f-4b93-926d-ec0bb0f502bf,c1,c5,911,?,p2,
1769749389.6097882,RECEIVED,2183b252-c17c-4762-ad09-edcebfd95d0a,85130db4-cd82-4d60-9f0e-b21169f8f2dc,c4,c1,1311,i6,?,
1769749389.6649747,RECEIVED,53d36742-dad8-48ce-9b3b-3e9f2276901d,e7334d8a-1e73-4c81-b0a5-592d06090817,c1,c5,1315,i2,?,
1769749389.6864796,RECEIVED,7c55d807-b834-474d-8f0a-1377f249f944,d59b43e3-53b4-4506-9924-0593229dbd69,c4,DROP,687,i9,?,
1769749389.713537,SENT,e2906a3b-7518-4d5d-a00b-6e4e3c3f398a,2bbb2b06-ea45-48c0-8820-7d4e8e07fdbb,c5,DROP,441,?,e1,
1769749389.7135785,FORWARDED,e2906a3b-7518-4d5d-a00b-6e4e3c3f398a,2bbb2b06-ea45-48c0-8820-7d4e8e07fdbb,c5,DROP,441,?,e1,
1769749389.7470744,SENT,53d36742-dad8-48ce-9b3b-3e9f2276901d,e7334d8a-1e73-4c81-b0a5-592d06090817,c1,c5,915,?,p2,
1769749389.7471125,FORWARDED,53d36742-dad8-48ce-9b3b-3e9f2276901d,e7334d8a-1e73-4c81-b0a5-592d06090817,c1,c5,915,?,p2,
1769749389.8115132,RECEIVED,4d1bf20e-d32c-4bba-bb84-ce47ff5b9d0e,2f132266-4e83-431a-a4f8-776e39c9b605,c1,None,1127,i6,?,
1769749389.8853858,RECEIVED,3d7d4407-b169-4673-bbfc-1288d11abe52,8f156368-c92c-4fce-9f16-d216154f28f7,c3,DROP,684,i3,?,
1769749389.9374623,SENT,4d1bf20e-d32c-4bba-bb84-ce47ff5b9d0e,2f132266-4e83-431a-a4f8-776e39c9b605,c1,None,772,?,p1,
1769749389.9375057,FORWARDED,4d1bf20e-d32c-4bba-bb84-ce47ff5b9d0e,2f132266-4e83-431a-a4f8-776e39c9b605,c1,None,772,?,p1,
1769749389.9761646,SENT,35ff638b-b460-434a-b8b9-f4c9f4d0504a,a6dfe8e6-a339-4d20-bb50-14896371ec53,c4,DROP,442,?,x10,
1769749389.976206,FORWARDED,35ff638b-b460-434a-b8b9-f4c9f4d0504a,a6dfe8e6-a339-4d20-bb50-14896371ec53,c4,DROP,442,?,x10,
1769749390.1117125,RECEIVED,23443dbf-40a3-43fc-be6d-2701cfc2fad0,65413d65-82e0-400e-9a2e-fe5d2215b818,c1,c5,1324,i3,?,
1769749390.1287029,RECEIVED,9b272e87-890e-408f-a757-4fb54a068bcf,7b02b62b-71ad-415d-b67c-58c0c9eadc32,c1,DROP,683,i8,?,
1769749390.286697,RECEIVED,d529e955-4162-44a7-9f68-e42fb3e7db68,6e140b61-1e21-4a8b-abe3-49adf763cd57,c3,None,1131,i6,?,
1769749390.3457403,SENT,7c55d807-b834-474d-8f0a-1377f249f944,d59b43e3-53b4-4506-9924-0593229dbd69,c4,DROP,442,?,x6,
1769749390.3457832,FORWARDED,7c55d807-b834-474d-8f0a-1377f249f944,d59b43e3-53b4-4506-9924-0593229dbd69,c4,DROP,442,?,x6,
1769749390.3549676,SENT,fe281230-53f3-45c8-b0f7-dbba4c54113c,f09738be-c7b6-47a8-9d7a-d34be6a01040,c3,None,775,?,p2,
1769749390.3550124,FORWARDED,fe281230-53f3-45c8-b0f7-dbba4c54113c,f09738be-c7b6-47a8-9d7a-d34be6a01040,c3,None,775,?,p2,
1769749390.4139044,SENT,23443dbf-40a3-43fc-be6d-2701cfc2fad0,65413d65-82e0-400e-9a2e-fe5d2215b818,c1,c5,919,?,p2,
1769749390.4139464,FORWARDED,23443dbf-40a3-43fc-be6d-2701cfc2fad0,65413d65-82e0-400e-9a2e-fe5d2215b818,c1,c5,919,?,p2,
1769749390.4531035,RECEIVED,0b29e76a-72cc-4aa4-89b3-6ce24f84a93a,42e37446-4fd7-4d6a-a07c-8d7aa147f5b2,c3,c2,1252,i8,?,
1769749390.5359938,SENT,2183b252-c17c-4762-ad09-edcebfd95d0a,85130db4-cd82-4d60-9f0e-b21169f8f2dc,c4,c1,911,?,p1,
1769749390.5360308,FORWARDED,2183b252-c17c-4762-ad09-edcebfd95d0a,85130db4-cd82-4d60-9f0e-b21169f8f2dc,c4,c1,911,?,p1,
1769749390.5797071,RECEIVED,774fb609-74d4-4b05-b93d-1ceac581d104,0b9f799c-4fcb-4726-9361-fffa0d125242,c1,DROP,441,x4,?,
1769749390.6116395,SENT,0b29e76a-72cc-4aa4-89b3-6ce24f84a93a,42e37446-4fd7-4d6a-a07c-8d7aa147f5b2,c3,c2,867,?,p2,
1769749390.6116824,FORWARDED,0b29e76a-72cc-4aa4-89b3-6ce24f84a93a,42e37446-4fd7-4d6a-a07c-8d7aa147f5b2,c3,c2,867,?,p2,
1769749390.6137593,RECEIVED,73a9bf77-cd50-4a3d-8ba0-3d9d35ae7f7d,73a979c9-e88b-4c80-a27e-56df0bb7c635,c4,DROP,682,i9,?,
1769749390.638734,SENT,d529e955-4162-44a7-9f68-e42fb3e7db68,6e140b61-1e21-4a8b-abe3-49adf763cd57,c3,None,776,?,p2,
1769749390.6387718,FORWARDED,d529e955-4162-44a7-9f68-e42fb3e7db68,6e140b61-1e21-4a8b-abe3-49adf763cd57,c3,None,776,?,p2,
1769749390.8757145,RECEIVED,b22945c1-4d7c-4024-bd98-49e9c493db1e,fedc5a60-e18c-48e7-83f6-6ee2de8616f1,c2,DROP,687,i7,?,
1769749390.9036562,RECEIVED,28251d8c-e9f5-413d-832b-dc8ff184075d,8206850b-93cf-4051-adbf-3495ed8ca7b8,c1,c5,1257,i4,?,
1769749390.9435568,SENT,28251d8c-e9f5-413d-832b-dc8ff184075d,8206850b-93cf-4051-adbf-3495ed8ca7b8,c1,c5,868,?,p2,
1769749390.9435976,FORWARDED,28251d8c-e9f5-413d-832b-dc8ff184075d,8206850b-93cf-4051-adbf-3495ed8ca7b8,c1,c5,868,?,p2,
1769749391.0645788,RECEIVED,651fd14b-29c4-4833-84ac-e19a80d7512b,d58f45e7-af00-410f-8df2-499c46c0faf4,c4,DROP,685,i2,?,
1769749391.145694,RECEIVED,319f3312-a89b-4436-b1d2-0a2846be3543,4f763e78-0b3c-496c-b2b4-a7cd5d627dd8,c3,DROP,684,i2,?,
1769749391.1725376,RECEIVED,1411ef7d-02c2-458f-9c77-e77754a7ddd4,ab172d3f-8f60-4e82-84ae-0778e7aabcd3,c5,DROP,683,i4,?,
1769749391.172939,FORWARDED,3d7d4407-b169-4673-bbfc-1288d11abe52,8f156368-c92c-4fce-9f16-d216154f28f7,c3,DROP,441,?,i10,
1769749391.201649,SENT,319f3312-a89b-4436-b1d2-0a2846be3543,4f763e78-0b3c-496c-b2b4-a7cd5d627dd8,c3,DROP,441,?,x2,
1769749391.2016947,FORWARDED,319f3312-a89b-4436-b1d2-0a2846be3543,4f763e78-0b3c-496c-b2b4-a7cd5d627dd8,c3,DROP,441,?,x2,
1769749391.2625225,RECEIVED,46c8df45-588e-4e28-86e4-22b2444c88e2,cc4f3028-2a6b-4f32-93a3-f8415b8d2782,c5,DROP,684,i8,?,
1769749391.2840106,RECEIVED,5c72d7a8-988d-44d2-9d0d-a9508090ffc4,7288cc67-3fad-45c3-8e8c-dac503ddeca0,c5,DROP,688,i7,?,
1769749391.3209355,SENT,5c72d7a8-988d-44d2-9d0d-a9508090ffc4,7288cc67-3fad-45c3-8e8c-dac503ddeca0,c5,DROP,442,?,x1,
1769749391.3209755,FORWARDED,5c72d7a8-988d-44d2-9d0d-a9508090ffc4,7288cc67-3fad-45c3-8e8c-dac503ddeca0,c5,DROP,442,?,x1,
1769749391.387942,SENT,651fd14b-29c4-4833-84ac-e19a80d7512b,d58f45e7-af00-410f-8df2-499c46c0faf4,c4,DROP,441,?,e10,
1769749391.38798,FORWARDED,651fd14b-29c4-4833-84ac-e19a80d7512b,d58f45e7-af00-410f-8df2-499c46c0faf4,c4,DROP,441,?,e10,
1769749391.4860084,RECEIVED,a9d0b6b0-6f91-48ec-851a-9de3a66a028a,d2a0f64b-6504-4b46-9519-4d53ea368f6a,c4,DROP,685,i1,?,
1769749391.5293915,SENT,a9d0b6b0-6f91-48ec-851a-9de3a66a028a,d2a0f64b-6504-4b46-9519-4d53ea368f6a,c4,DROP,441,?,e4,
1769749391.5294359,FORWARDED,a9d0b6b0-6f91-48ec-851a-9de3a66a028a,d2a0f64b-6504-4b46-9519-4d53ea368f6a,c4,DROP,441,?,e4,
1769749391.5406935,RECEIVED,1974350d-be3b-4c46-bfbf-ac36249af5e6,10957600-8228-4041-9bfc-ad7b65a095e1,c1,c5,1256,i8,?,
1769749391.5457516,RECEIVED,3ee2038c-3ee6-4d43-95d5-8fc5f1dd684a,90f71179-98f3-4585-9b07-eeb8969a94de,c5,DROP,683,i6,?,
1769749391.6090603,RECEIVED,35a72fec-9737-4dcf-a97d-d5616ad0a2f9,82b13603-26df-4e99-a58a-e5f59f6cf2b8,c2,c3,1322,i1,?,
1769749391.616304,SENT,46c8df45-588e-4e28-86e4-22b2444c88e2,cc4f3028-2a6b-4f32-93a3-f8415b8d2782,c5,DROP,441,?,x5,
1769749391.6163416,FORWARDED,46c8df45-588e-4e28-86e4-22b2444c88e2,cc4f3028-2a6b-4f32-93a3-f8415b8d2782,c5,DROP,441,?,x5,
1769749391.6433346,SENT,1974350d-be3b-4c46-bfbf-ac36249af5e6,10957600-8228-4041-9bfc-ad7b65a095e1,c1,c5,870,?,p2,
1769749391.6433787,FORWARDED,1974350d-be3b-4c46-bfbf-ac36249af5e6,10957600-8228-4041-9bfc-ad7b65a095e1,c1,c5,870,?,p2,
1769749391.7171016,RECEIVED,cce6910f-cf88-4744-ac97-90877710c345,3a1860e0-5be6-4a01-9f8e-761b73aec458,c5,DROP,685,i4,?,
1769749391.731848,SENT,1411ef7d-02c2-458f-9c77-e77754a7ddd4,ab172d3f-8f60-4e82-84ae-0778e7aabcd3,c5,DROP,441,?,x7,
1769749391.73189,FORWARDED,1411ef7d-02c2-458f-9c77-e77754a7ddd4,ab172d3f-8f60-4e82-84ae-0778e7aabcd3,c5,DROP,441,?,x7,
1769749391.7616978,SENT,b22945c1-4d7c-4024-bd98-49e9c493db1e,fedc5a60-e18c-48e7-83f6-6ee2de8616f1,c2,DROP,442,?,e7,
1769749391.76174,FORWARDED,b22945c1-4d7c-4024-bd98-49e9c493db1e,fedc5a60-e18c-48e7-83f6-6ee2de8616f1,c2,DROP,442,?,e7,
1769749391.7758508,SENT,cce6910f-cf88-4744-ac97-90877710c345,3a1860e0-5be6-4a01-9f8e-761b73aec458,c5,DROP,441,?,i6,
1769749391.7759368,FORWARDED,cce6910f-cf88-4744-ac97-90877710c345,3a1860e0-5be6-4a01-9f8e-761b73aec458,c5,DROP,441,?,i6,
1769749391.785845,RECEIVED,a21425cb-2332-4ca8-8f04-ead0fc555fc1,3d949372-7869-482b-9bc3-32387627e1f5,c4,DROP,684,i7,?,
1769749391.78773,SENT,35a72fec-9737-4dcf-a97d-d5616ad0a2f9,82b13603-26df-4e99-a58a-e5f59f6cf2b8,c2,c3,919,?,p3,
1769749391.7877717,FORWARDED,35a72fec-9737-4dcf-a97d-d5616ad0a2f9,82b13603-26df-4e99-a58a-e5f59f6cf2b8,c2,c3,919,?,p3,
1769749391.8587406,SENT,a21425cb-2332-4ca8-8f04-ead0fc555fc1,3d949372-7869-482b-9bc3-32387627e1f5,c4,DROP,440,?,i5,
1769749391.8587804,FORWARDED,a21425cb-2332-4ca8-8f04-ead0fc555fc1,3d949372-7869-482b-9bc3-32387627e1f5,c4,DROP,440,?,i5,
1769749391.885626,SENT,9b272e87-890e-408f-a757-4fb54a068bcf,7b02b62b-71ad-415d-b67c-58c0c9eadc32,c1,DROP,441,?,x4,
1769749391.885664,FORWARDED,9b272e87-890e-408f-a757-4fb54a068bcf,7b02b62b-71ad-415d-b67c-58c0c9eadc32,c1,DROP,441,?,x4,
1769749391.9551127,RECEIVED,552fd203-1ff3-4813-86e0-295aaeb60d29,b6e24a5b-836e-47ca-aab9-849ebaa6838b,c3,DROP,442,x10,?,
1769749392.0009227,SENT,73a9bf77-cd50-4a3d-8ba0-3d9d35ae7f7d,73a979c9-e88b-4c80-a27e-56df0bb7c635,c4,DROP,441,?,i3,
1769749392.00102,FORWARDED,73a9bf77-cd50-4a3d-8ba0-3d9d35ae7f7d,73a979c9-e88b-4c80-a27e-56df0bb7c635,c4,DROP,441,?,i3,
1769749392.1137276,SENT,3ee2038c-3ee6-4d43-95d5-8fc5f1dd684a,90f71179-98f3-4585-9b07-eeb8969a94de,c5,DROP,441,?,e5,
1769749392.1137688,FORWARDED,3ee2038c-3ee6-4d43-95d5-8fc5f1dd684a,90f71179-98f3-4585-9b07-eeb8969a94de,c5,DROP,441,?,e5,
1769749392.3194792,RECEIVED,38476454-32ac-4c42-b3d9-f9165a5c9e7b,25508007-a207-4361-8d9b-7e573158af8d,c1,c5,1311,i4,?,
1769749392.3506248,RECEIVED,f0ba21e0-0931-46e7-bd7a-8e300872e192,9bfb0579-a00c-434b-9a52-ec80e4cf084f,c3,c2,1252,i4,?,
1769749392.3843875,RECEIVED,005589a7-b2e0-4008-852f-3d400c3bb85e,a80ca48c-e846-49b1-af84-977dc50d9d88,c5,None,1128,i4,?,
1769749392.3993144,SENT,38476454-32ac-4c42-b3d9-f9165a5c9e7b,25508007-a207-4361-8d9b-7e573158af8d,c1,c5,912,?,p2,
1769749392.3993554,FORWARDED,38476454-32ac-4c42-b3d9-f9165a5c9e7b,25508007-a207-4361-8d9b-7e573158af8d,c1,c5,912,?,p2,
1769749392.4459891,RECEIVED,017677ff-53de-4af7-8131-3804c274ceec,e3c25631-19e9-43ff-bf87-93a86e0c7ded,c5,DROP,687,i6,?,
1769749392.4596548,RECEIVED,4c0c3d70-7db8-428e-b022-f0aeaa161a10,f8a3f987-7161-4136-b020-c02a273e31dc,c1,DROP,687,i6,?,
1769749392.5005226,SENT,f0ba21e0-0931-46e7-bd7a-8e300872e192,9bfb0579-a00c-434b-9a52-ec80e4cf084f,c3,c2,867,?,p2,
1769749392.5005627,FORWARDED,f0ba21e0-0931-46e7-bd7a-8e300872e192,9bfb0579-a00c-434b-9a52-ec80e4cf084f,c3,c2,867,?,p2,
1769749392.506374,RECEIVED,93e2c838-a62f-4374-95df-fbdccf53c2ff,2f276448-60ab-484c-9bdc-c6d8f1ea361e,c2,DROP,682,i2,?,
1769749392.6156514,SENT,005589a7-b2e0-4008-852f-3d400c3bb85e,a80ca48c-e846-49b1-af84-977dc50d9d88,c5,None,772,?,p1,
1769749392.615694,FORWARDED,005589a7-b2e0-4008-852f-3d400c3bb85e,a80ca48c-e846-49b1-af84-977dc50d9d88,c5,None,772,?,p1,
1769749392.773494,RECEIVED,b2e37e5c-1095-47e3-b14f-bd6429ef1112,4ccf4193-e69c-4529-b89d-d14d6fc67bf7,c3,DROP,442,x10,?,
1769749392.8424294,SENT,93e2c838-a62f-4374-95df-fbdccf53c2ff,2f276448-60ab-484c-9bdc-c6d8f1ea361e,c2,DROP,441,?,e2,
1769749392.8424697,FORWARDED,93e2c838-a62f-4374-95df-fbdccf53c2ff,2f276448-60ab-484c-9bdc-c6d8f1ea361e,c2,DROP,441,?,e2,
1769749393.116647,SENT,017677ff-53de-4af7-8131-3804c274ceec,e3c25631-19e9-43ff-bf87-93a86e0c7ded,c5,DROP,442,?,e1,
1769749393.1166887,FORWARDED,017677ff-53de-4af7-8131-3804c274ceec,e3c25631-19e9-43ff-bf87-93a86e0c7ded,c5,DROP,442,?,e1,
1769749393.3286366,RECEIVED,4a5c0ae1-5325-4f18-8513-bf1e8306afbb,81edb1ca-70ca-4fd8-9b12-e5ff7c9d1979,c4,DROP,684,i4,?,
1769749393.4124439,RECEIVED,efde20c7-69aa-416c-9d52-caec005d51c2,65f84b3c-2a74-4a41-997b-9748ea66bed1,c1,DROP,441,x1,?,
1769749393.43617,SENT,4a5c0ae1-5325-4f18-8513-bf1e8306afbb,81edb1ca-70ca-4fd8-9b12-e5ff7c9d1979,c4,DROP,441,?,i3,
1769749393.4362085,FORWARDED,4a5c0ae1-5325-4f18-8513-bf1e8306afbb,81edb1ca-70ca-4fd8-9b12-e5ff7c9d1979,c4,DROP,441,?,i3,
1769749393.4489539,SENT,4c0c3d70-7db8-428e-b022-f0aeaa161a10,f8a3f987-7161-4136-b020-c02a273e31dc,c1,DROP,442,?,i8,
1769749393.4489942,FORWARDED,4c0c3d70-7db8-428e-b022-f0aeaa161a10,f8a3f987-7161-4136-b020-c02a273e31dc,c1,DROP,442,?,i8,
1769749393.6353574,RECEIVED,dbf2fda3-f4f4-4a87-ae76-709f4357eadf,d5c6b0df-e5d3-4e43-8f6c-c3c706ba1bd6,c3,DROP,683,i3,?,
1769749393.6737044,RECEIVED,131910aa-9913-48e4-aead-43d7c075ed08,b3025580-8c5c-4ce5-a8fe-77841c16c44b,c3,DROP,688,i7,?,
1769749393.7491186,SENT,131910aa-9913-48e4-aead-43d7c075ed08,b3025580-8c5c-4ce5-a8fe-77841c16c44b,c3,DROP,442,?,e7,
1769749393.749157,FORWARDED,131910aa-9913-48e4-aead-43d7c075ed08,b3025580-8c5c-4ce5-a8fe-77841c16c44b,c3,DROP,442,?,e7,
1769749393.7706683,RECEIVED,74bec384-d174-4458-8224-fd8975cc50ed,316faad8-d94b-4111-b0d4-2651d56bb2c3,c1,c5,1255,i1,?,
1769749393.781287,RECEIVED,0fea3174-2e7d-423e-b892-0f2eeb15e143,3fc7f494-7fec-41b6-b5dd-a84a76f11efd,c3,DROP,688,i4,?,
1769749393.8512487,SENT,0fea3174-2e7d-423e-b892-0f2eeb15e143,3fc7f494-7fec-41b6-b5dd-a84a76f11efd,c3,DROP,442,?,i5,
1769749393.8512862,FORWARDED,0fea3174-2e7d-423e-b892-0f2eeb15e143,3fc7f494-7fec-41b6-b5dd-a84a76f11efd,c3,DROP,442,?,i5,
1769749393.930205,RECEIVED,3b8baaee-5724-4a7d-b00c-c3bf78faa0bd,dd607e11-cc87-4719-a999-7d2b4ebf73cd,c5,c3,1252,i5,?,
1769749393.9591873,RECEIVED,a91acd09-961e-437f-a473-60d652f55c1f,b01d26c6-0498-49a2-a5ad-ad3aae54b539,c4,c1,1311,i1,?,
1769749393.9627092,RECEIVED,da8ccc54-c54f-4baa-8827-7d6295cf66c1,377741f3-e945-4f20-ae13-f948c4bce185,c5,DROP,692,i6,?,
1769749394.0568295,RECEIVED,62d76b42-aa6f-46ba-8d3e-73b6c79ed429,ada1e7e4-3cfd-420c-a2c4-90c678e4f197,c5,c3,1255,i2,?,
1769749394.0742197,RECEIVED,4f622d04-0c07-4034-845f-686d5a88bc52,5044d219-a128-41e0-9b0d-20ea57fe5e32,c3,DROP,440,x10,?,
1769749394.1207538,SENT,3b8baaee-5724-4a7d-b00c-c3bf78faa0bd,dd607e11-cc87-4719-a999-7d2b4ebf73cd,c5,c3,867,?,p3,
1769749394.1207898,FORWARDED,3b8baaee-5724-4a7d-b00c-c3bf78faa0bd,dd607e11-cc87-4719-a999-7d2b4ebf73cd,c5,c3,867,?,p3,
1769749394.2329662,RECEIVED,9759e3f7-5aee-42a6-9681-e6249a42d971,9a6f756c-7ced-401c-9a06-138e9e85232d,c3,c2,1251,i8,?,
1769749394.2813091,RECEIVED,7a3cca1a-19f4-4d0a-bbfc-27eec15716a9,ab50143a-2bad-4290-a447-17dcd99e9392,c2,DROP,683,i8,?,
1769749394.3598886,RECEIVED,4da72bcc-b95b-473f-90b4-82b70b943b28,efb5774a-9e80-4e5c-91c9-213704baaa4b,c4,c1,1319,i2,?,
1769749394.422701,SENT,dbf2fda3-f4f4-4a87-ae76-709f4357eadf,d5c6b0df-e5d3-4e43-8f6c-c3c706ba1bd6,c3,DROP,441,?,x4,
1769749394.422738,FORWARDED,dbf2fda3-f4f4-4a87-ae76-709f4357eadf,d5c6b0df-e5d3-4e43-8f6c-c3c706ba1bd6,c3,DROP,441,?,x4,
1769749394.4438589,SENT,4da72bcc-b95b-473f-90b4-82b70b943b28,efb5774a-9e80-4e5c-91c9-213704baaa4b,c4,c1,916,?,p1,
1769749394.4438999,FORWARDED,4da72bcc-b95b-473f-90b4-82b70b943b28,efb5774a-9e80-4e5c-91c9-213704baaa4b,c4,c1,916,?,p1,
1769749394.601197,SENT,da8ccc54-c54f-4baa-8827-7d6295cf66c1,377741f3-e945-4f20-ae13-f948c4bce185,c5,DROP,446,?,x10,
1769749394.6012385,FORWARDED,da8ccc54-c54f-4baa-8827-7d6295cf66c1,377741f3-e945-4f20-ae13-f948c4bce185,c5,DROP,446,?,x10,
1769749394.777259,SENT,9759e3f7-5aee-42a6-9681-e6249a42d971,9a6f756c-7ced-401c-9a06-138e9e85232d,c3,c2,867,?,p2,
1769749394.7772954,FORWARDED,9759e3f7-5aee-42a6-9681-e6249a42d971,9a6f756c-7ced-401c-9a06-138e9e85232d,c3,c2,867,?,p2,
1769749394.7968495,SENT,7a3cca1a-19f4-4d0a-bbfc-27eec15716a9,ab50143a-2bad-4290-a447-17dcd99e9392,c2,DROP,440,?,i5,
1769749394.796891,FORWARDED,7a3cca1a-19f4-4d0a-bbfc-27eec15716a9,ab50143a-2bad-4290-a447-17dcd99e9392,c2,DROP,440,?,i5,
1769749394.8257997,RECEIVED,335650e5-6e10-48c2-96f5-7d8913c9ddae,9f95cb15-e7fb-417a-a7cb-26230cc0dccd,c2,DROP,684,i9,?,
1769749394.9014816,SENT,335650e5-6e10-48c2-96f5-7d8913c9ddae,9f95cb15-e7fb-417a-a7cb-26230cc0dccd,c2,DROP,441,?,i8,
1769749394.9015238,FORWARDED,335650e5-6e10-48c2-96f5-7d8913c9ddae,9f95cb15-e7fb-417a-a7cb-26230cc0dccd,c2,DROP,441,?,i8,
1769749394.945735,RECEIVED,8943f7e5-65e7-4759-8d33-1b99bd387ed3,d223e234-49c1-4075-b9a3-b9a5ab50a256,c1,c5,1312,i7,?,
1769749394.9533815,RECEIVED,051d621e-0d78-4639-88d2-183079122954,8fbd258d-7cce-4822-baf7-3446e5124d85,c1,None,1124,i6,?,
1769749394.9948826,SENT,74bec384-d174-4458-8224-fd8975cc50ed,316faad8-d94b-4111-b0d4-2651d56bb2c3,c1,c5,868,?,p2,
1769749394.9949243,FORWARDED,74bec384-d174-4458-8224-fd8975cc50ed,316faad8-d94b-4111-b0d4-2651d56bb2c3,c1,c5,868,?,p2,
1769749395.0684254,SENT,62d76b42-aa6f-46ba-8d3e-73b6c79ed429,ada1e7e4-3cfd-420c-a2c4-90c678e4f197,c5,c3,868,?,p3,
1769749395.0684667,FORWARDED,62d76b42-aa6f-46ba-8d3e-73b6c79ed429,ada1e7e4-3cfd-420c-a2c4-90c678e4f197,c5,c3,868,?,p3,
1769749395.077666,SENT,8943f7e5-65e7-4759-8d33-1b99bd387ed3,d223e234-49c1-4075-b9a3-b9a5ab50a256,c1,c5,912,?,p2,
1769749395.0777087,FORWARDED,8943f7e5-65e7-4759-8d33-1b99bd387ed3,d223e234-49c1-4075-b9a3-b9a5ab50a256,c1,c5,912,?,p2,
1769749395.2413375,SENT,a91acd09-961e-437f-a473-60d652f55c1f,b01d26c6-0498-49a2-a5ad-ad3aae54b539,c4,c1,910,?,p1,
1769749395.2413774,FORWARDED,a91acd09-961e-437f-a473-60d652f55c1f,b01d26c6-0498-49a2-a5ad-ad3aae54b539,c4,c1,910,?,p1,
1769749395.3056033,RECEIVED,22bc471f-470e-49e9-9220-6f7860785805,1104110e-2522-449c-a554-108b22a33729,c4,DROP,442,x10,?,
1769749395.3071523,RECEIVED,df3f3910-d063-4f99-959d-79f94a840458,44f7fab0-08f1-4802-9982-782d2818ffb2,c5,DROP,442,x3,?,
1769749395.3525755,RECEIVED,59ea3767-b3c6-43f0-b42d-0579d38fdb3e,737db88b-69af-4f3c-bab5-7f089e264e08,c4,DROP,441,x11,?,
1769749395.3551702,SENT,051d621e-0d78-4639-88d2-183079122954,8fbd258d-7cce-4822-baf7-3446e5124d85,c1,None,771,?,p1,
1769749395.3552146,FORWARDED,051d621e-0d78-4639-88d2-183079122954,8fbd258d-7cce-4822-baf7-3446e5124d85,c1,None,771,?,p1,
1769749395.3591843,RECEIVED,6b1f7bc7-ed51-4320-9a11-ba41dcbe0566,fc0d1de5-ad1c-4556-9906-b90f64de5a7d,c1,c5,1315,i2,?,
1769749395.386417,RECEIVED,db36734a-aa07-455f-93c5-378ae248d670,2e2a378c-a45e-40db-a41f-3349dc173ea9,c1,c5,1310,i4,?,
1769749395.4690166,RECEIVED,e4a219f2-464d-4611-83c7-7ce90fb5d500,4583b3a3-0316-45af-ae06-00cc4dafd16f,c3,c2,1323,i2,?,
1769749395.5178227,RECEIVED,d0479925-befe-4cab-b3d3-a4318638f1c4,072164e9-6830-4c08-8945-5b85ab5d0e2d,c3,c2,1310,i8,?,
1769749395.599818,RECEIVED,03ea3938-14fe-4cbe-94b7-65c00808c564,bf03cd87-0370-481f-b83b-b9be6046b185,c5,None,1127,i4,?,
1769749395.8042333,RECEIVED,4d460855-ffac-42e0-9739-e3d7d04e8d25,085099a4-5417-4926-8b0d-8b224539fa66,c4,c1,1260,i6,?,
1769749395.806778,RECEIVED,2deeb87a-26c6-4af6-a969-c4462f69dd9f,4b0a32dc-48c6-4b2e-a54d-c3d5585220cc,c1,DROP,687,i5,?,
1769749395.9600947,RECEIVED,116338ed-ad38-4137-8b85-94f66dd849cc,c907e462-dde3-4984-abe3-5831d8b01b29,c1,c5,1320,i3,?,
1769749395.9819062,SENT,d0479925-befe-4cab-b3d3-a4318638f1c4,072164e9-6830-4c08-8945-5b85ab5d0e2d,c3,c2,911,?,p2,
1769749395.9819524,FORWARDED,d0479925-befe-4cab-b3d3-a4318638f1c4,072164e9-6830-4c08-8945-5b85ab5d0e2d,c3,c2,911,?,p2,
1769749396.0495908,SENT,03ea3938-14fe-4cbe-94b7-65c00808c564,bf03cd87-0370-481f-b83b-b9be6046b185,c5,None,772,?,p1,
1769749396.0496337,FORWARDED,03ea3938-14fe-4cbe-94b7-65c00808c564,bf03cd87-0370-481f-b83b-b9be6046b185,c5,None,772,?,p1,
1769749396.0681717,SENT,116338ed-ad38-4137-8b85-94f66dd849cc,c907e462-dde3-4984-abe3-5831d8b01b29,c1,c5,916,?,p2,
1769749396.0682094,FORWARDED,116338ed-ad38-4137-8b85-94f66dd849cc,c907e462-dde3-4984-abe3-5831d8b01b29,c1,c5,916,?,p2,
1769749396.0907881,SENT,6b1f7bc7-ed51-4320-9a11-ba41dcbe0566,fc0d1de5-ad1c-4556-9906-b90f64de5a7d,c1,c5,915,?,p2,
1769749396.0908277,FORWARDED,6b1f7bc7-ed51-4320-9a11-ba41dcbe0566,fc0d1de5-ad1c-4556-9906-b90f64de5a7d,c1,c5,915,?,p2,
1769749396.167488,RECEIVED,a1059e13-da7c-4298-8761-d59b851c7c3f,2c792aca-2b90-47bc-891b-2451502ad340,c5,DROP,683,i9,?,
1769749396.1941304,SENT,4d460855-ffac-42e0-9739-e3d7d04e8d25,085099a4-5417-4926-8b0d-8b224539fa66,c4,c1,872,?,p1,
1769749396.194181,FORWARDED,4d460855-ffac-42e0-9739-e3d7d04e8d25,085099a4-5417-4926-8b0d-8b224539fa66,c4,c1,872,?,p1,
1769749396.2111769,SENT,e4a219f2-464d-4611-83c7-7ce90fb5d500,4583b3a3-0316-45af-ae06-00cc4dafd16f,c3,c2,920,?,p2,
1769749396.2112136,FORWARDED,e4a219f2-464d-4611-83c7-7ce90fb5d500,4583b3a3-0316-45af-ae06-00cc4dafd16f,c3,c2,920,?,p2,
1769749396.270546,SENT,2deeb87a-26c6-4af6-a969-c4462f69dd9f,4b0a32dc-48c6-4b2e-a54d-c3d5585220cc,c1,DROP,442,?,x9,
1769749396.2705846,FORWARDED,2deeb87a-26c6-4af6-a969-c4462f69dd9f,4b0a32dc-48c6-4b2e-a54d-c3d5585220cc,c1,DROP,442,?,x9,
1769749396.275225,RECEIVED,4ffab08e-33c1-4780-a440-83c9bbfcc532,f7a86daa-8508-4c4e-a2ce-180502a31c2f,c2,None,1128,i2,?,
1769749396.386307,SENT,4ffab08e-33c1-4780-a440-83c9bbfcc532,f7a86daa-8508-4c4e-a2ce-180502a31c2f,c2,None,772,?,p3,
1769749396.386349,FORWARDED,4ffab08e-33c1-4780-a440-83c9bbfcc532,f7a86daa-8508-4c4e-a2ce-180502a31c2f,c2,None,772,?,p3,
1769749396.4193795,RECEIVED,750df441-c037-4771-ad08-456a9effd2c3,4b0dec5e-d695-4302-970c-ba27907f6fd5,c2,DROP,683,i8,?,
1769749396.525256,RECEIVED,d6c20b5e-79ac-4b0d-b0a9-d5f65e676cc3,16fda949-2dd6-4fd3-b6c5-de031b70f532,c5,DROP,441,x1,?,
1769749396.6422372,SENT,a1059e13-da7c-4298-8761-d59b851c7c3f,2c792aca-2b90-47bc-891b-2451502ad340,c5,DROP,441,?,i1,
1769749396.6422787,FORWARDED,a1059e13-da7c-4298-8761-d59b851c7c3f,2c792aca-2b90-47bc-891b-2451502ad340,c5,DROP,441,?,i1,
1769749396.664083,RECEIVED,42c47803-2403-42ea-9ca8-14b6d07359d6,7270fdea-56e1-40a5-9324-a4347962ed88,c5,DROP,684,i8,?,
1769749396.6652012,RECEIVED,0c4ddc76-5bd5-43db-bb52-3f1de481d568,7fde0e4d-6bee-4e18-815d-ae22a6989507,c5,None,1124,i3,?,
1769749396.6799738,RECEIVED,0b8dbb93-ee28-43f4-be8a-7f55280bd161,b817e00e-21af-4bc1-b5f0-4678f1e6123f,c1,c5,1251,i4,?,
1769749396.7023618,RECEIVED,2241d4e2-02d4-4a94-a300-c4edb09ea9f6,577340f7-2499-4742-9564-4a3297fa921a,c1,DROP,684,i4,?,
1769749396.749287,SENT,0c4ddc76-5bd5-43db-bb52-3f1de481d568,7fde0e4d-6bee-4e18-815d-ae22a6989507,c5,None,771,?,p1,
1769749396.7493277,FORWARDED,0c4ddc76-5bd5-43db-bb52-3f1de481d568,7fde0e4d-6bee-4e18-815d-ae22a6989507,c5,None,771,?,p1,
1769749396.8691728,RECEIVED,91bea13c-a5b3-47fe-ac3d-664648e10cd4,5c429d85-d178-447e-84ae-8311367578b7,c3,DROP,683,i7,?,
1769749396.8732295,SENT,42c47803-2403-42ea-9ca8-14b6d07359d6,7270fdea-56e1-40a5-9324-a4347962ed88,c5,DROP,441,?,e9,
1769749396.8732712,FORWARDED,42c47803-2403-42ea-9ca8-14b6d07359d6,7270fdea-56e1-40a5-9324-a4347962ed88,c5,DROP,441,?,e9,
1769749396.874547,RECEIVED,8f330297-f43d-479f-b526-3b5fc072c443,02e2bd40-9e77-4491-ad94-b041bd19163a,c2,c3,1320,i1,?,
1769749396.9855895,RECEIVED,28472b00-a2ef-4b8a-8aba-7b99d91c0739,565bd0c7-f836-460a-bf39-7dcb4b920bdf,c1,DROP,684,i8,?,
1769749397.0019367,SENT,750df441-c037-4771-ad08-456a9effd2c3,4b0dec5e-d695-4302-970c-ba27907f6fd5,c2,DROP,441,?,e2,
1769749397.0019765,FORWARDED,750df441-c037-4771-ad08-456a9effd2c3,4b0dec5e-d695-4302-970c-ba27907f6fd5,c2,DROP,441,?,e2,
1769749397.0923276,SENT,db36734a-aa07-455f-93c5-378ae248d670,2e2a378c-a45e-40db-a41f-3349dc173ea9,c1,c5,912,?,p2,
1769749397.0923674,FORWARDED,db36734a-aa07-455f-93c5-378ae248d670,2e2a378c-a45e-40db-a41f-3349dc173ea9,c1,c5,912,?,p2,
1769749397.1121478,SENT,8f330297-f43d-479f-b526-3b5fc072c443,02e2bd40-9e77-4491-ad94-b041bd19163a,c2,c3,917,?,p3,
1769749397.1121883,FORWARDED,8f330297-f43d-479f-b526-3b5fc072c443,02e2bd40-9e77-4491-ad94-b041bd19163a,c2,c3,917,?,p3,
1769749397.1842442,SENT,2241d4e2-02d4-4a94-a300-c4edb09ea9f6,577340f7-2499-4742-9564-4a3297fa921a,c1,DROP,441,?,e7,
1769749397.1842766,FORWARDED,2241d4e2-02d4-4a94-a300-c4edb09ea9f6,577340f7-2499-4742-9564-4a3297fa921a,c1,DROP,441,?,e7,
1769749397.261453,RECEIVED,c3a282f9-29c9-469d-86fc-d46ddcb301f7,c8e1902e-5285-4870-a02c-211a479e4bfc,c1,c5,1311,i4,?,
1769749397.2834058,FORWARDED,28472b00-a2ef-4b8a-8aba-7b99d91c0739,565bd0c7-f836-460a-bf39-7dcb4b920bdf,c1,DROP,441,?,i11,
1769749397.425181,RECEIVED,867568b5-9094-4a95-95c5-c9ef2bbc8481,5b1b1331-c449-43da-b924-548d49e04694,c3,DROP,684,i2,?,
1769749397.5643651,RECEIVED,8db019f9-be36-406a-ad85-b94383c1d490,9c862267-face-4fd4-9b3c-bf9667c1e8ab,c5,c3,1256,i3,?,
1769749397.5657701,RECEIVED,cf78d152-09e8-4c19-826a-bb6c57eeca15,0c9b7f2e-3358-4809-96c6-a157f6603567,c1,DROP,687,i7,?,
1769749397.6008344,SENT,c3a282f9-29c9-469d-86fc-d46ddcb301f7,c8e1902e-5285-4870-a02c-211a479e4bfc,c1,c5,911,?,p2,
1769749397.6008816,FORWARDED,c3a282f9-29c9-469d-86fc-d46ddcb301f7,c8e1902e-5285-4870-a02c-211a479e4bfc,c1,c5,911,?,p2,
1769749397.6372511,SENT,8db019f9-be36-406a-ad85-b94383c1d490,9c862267-face-4fd4-9b3c-bf9667c1e8ab,c5,c3,868,?,p3,
1769749397.6372917,FORWARDED,8db019f9-be36-406a-ad85-b94383c1d490,9c862267-face-4fd4-9b3c-bf9667c1e8ab,c5,c3,868,?,p3,
1769749397.726518,RECEIVED,f1191195-2d12-4945-8d29-f14833ac538e,88aaeeef-712c-49bf-83b4-a502b5453b8a,c1,DROP,678,i1,?,
1769749397.752515,SENT,0b8dbb93-ee28-43f4-be8a-7f55280bd161,b817e00e-21af-4bc1-b5f0-4678f1e6123f,c1,c5,866,?,p2,
1769749397.752557,FORWARDED,0b8dbb93-ee28-43f4-be8a-7f55280bd161,b817e00e-21af-4bc1-b5f0-4678f1e6123f,c1,c5,866,?,p2,
1769749397.8520744,SENT,867568b5-9094-4a95-95c5-c9ef2bbc8481,5b1b1331-c449-43da-b924-548d49e04694,c3,DROP,441,?,i3,
1769749397.8521206,FORWARDED,867568b5-9094-4a95-95c5-c9ef2bbc8481,5b1b1331-c449-43da-b924-548d49e04694,c3,DROP,441,?,i3,
1769749398.0599773,RECEIVED,4ca14b4a-abad-46be-86ac-3f3d804634ba,27301d26-a077-43da-9404-54a97370ac23,c4,c1,1312,i1,?,
1769749398.1030176,RECEIVED,ceab1a22-2bde-4d18-bc22-42c3a116548d,3ffe9551-c9aa-4cc4-b60c-1aa4b30e9ed9,c2,None,1124,i4,?,
1769749398.1140528,RECEIVED,f547303b-1a2a-43c8-97f9-8690ab9ba424,5b79073d-ebc4-4725-8b17-82713bd43527,c1,c5,1264,i9,?,
1769749398.1681085,RECEIVED,b12aba9c-4b9d-438d-afee-4b311e9f7904,498f1967-51d1-440e-ace5-d8d646c220e1,c4,DROP,688,i6,?,
1769749398.1705172,SENT,f547303b-1a2a-43c8-97f9-8690ab9ba424,5b79073d-ebc4-4725-8b17-82713bd43527,c1,c5,876,?,p2,
1769749398.1705606,FORWARDED,f547303b-1a2a-43c8-97f9-8690ab9ba424,5b79073d-ebc4-4725-8b17-82713bd43527,c1,c5,876,?,p2,
1769749398.2065299,SENT,91bea13c-a5b3-47fe-ac3d-664648e10cd4,5c429d85-d178-447e-84ae-8311367578b7,c3,DROP,441,?,e1,
1769749398.2065687,FORWARDED,91bea13c-a5b3-47fe-ac3d-664648e10cd4,5c429d85-d178-447e-84ae-8311367578b7,c3,DROP,441,?,e1,
1769749398.208635,SENT,ceab1a22-2bde-4d18-bc22-42c3a116548d,3ffe9551-c9aa-4cc4-b60c-1aa4b30e9ed9,c2,None,771,?,p3,
1769749398.208677,FORWARDED,ceab1a22-2bde-4d18-bc22-42c3a116548d,3ffe9551-c9aa-4cc4-b60c-1aa4b30e9ed9,c2,None,771,?,p3,
1769749398.2111797,SENT,b12aba9c-4b9d-438d-afee-4b311e9f7904,498f1967-51d1-440e-ace5-d8d646c220e1,c4,DROP,442,?,i3,
1769749398.2112198,FORWARDED,b12aba9c-4b9d-438d-afee-4b311e9f7904,498f1967-51d1-440e-ace5-d8d646c220e1,c4,DROP,442,?,i3,
1769749398.2245302,RECEIVED,3983d21a-b9b6-4301-947e-4df07715baff,e9b29d8a-e20f-4ab0-8ed4-33ac2212e135,c4,DROP,683,i6,?,
1769749398.2781484,SENT,4ca14b4a-abad-46be-86ac-3f3d804634ba,27301d26-a077-43da-9404-54a97370ac23,c4,c1,912,?,p1,
1769749398.2781866,FORWARDED,4ca14b4a-abad-46be-86ac-3f3d804634ba,27301d26-a077-43da-9404-54a97370ac23,c4,c1,912,?,p1,
1769749398.321632,RECEIVED,c4769c9f-e14f-46a7-adf6-c62468a03db4,087d2974-a64f-457e-bfdc-7c714c3efe4c,c3,DROP,687,i5,?,
1769749398.6210747,SENT,c4769c9f-e14f-46a7-adf6-c62468a03db4,087d2974-a64f-457e-bfdc-7c714c3efe4c,c3,DROP,443,?,e7,
1769749398.621116,FORWARDED,c4769c9f-e14f-46a7-adf6-c62468a03db4,087d2974-a64f-457e-bfdc-7c714c3efe4c,c3,DROP,443,?,e7,
1769749398.6980572,SENT,3983d21a-b9b6-4301-947e-4df07715baff,e9b29d8a-e20f-4ab0-8ed4-33ac2212e135,c4,DROP,440,?,e1,
1769749398.6981008,FORWARDED,3983d21a-b9b6-4301-947e-4df07715baff,e9b29d8a-e20f-4ab0-8ed4-33ac2212e135,c4,DROP,440,?,e1,
1769749398.7960343,SENT,f1191195-2d12-4945-8d29-f14833ac538e,88aaeeef-712c-49bf-83b4-a502b5453b8a,c1,DROP,438,?,x4,
1769749398.7960892,FORWARDED,f1191195-2d12-4945-8d29-f14833ac538e,88aaeeef-712c-49bf-83b4-a502b5453b8a,c1,DROP,438,?,x4,
1769749398.925102,SENT,cf78d152-09e8-4c19-826a-bb6c57eeca15,0c9b7f2e-3358-4809-96c6-a157f6603567,c1,DROP,442,?,i4,
1769749398.9251492,FORWARDED,cf78d152-09e8-4c19-826a-bb6c57eeca15,0c9b7f2e-3358-4809-96c6-a157f6603567,c1,DROP,442,?,i4,
1769749399.2966714,RECEIVED,3f2dc585-2239-4700-a864-db07c8270b10,048cdc8e-b91f-4a61-b211-5ecf0ac1740e,c3,DROP,682,i8,?,
1769749399.722459,RECEIVED,3a235478-1d44-48f1-b9b8-65b386126efb,0449171b-8ba8-4238-931e-f75ff49f785a,c5,DROP,436,x3,?,
1769749399.7748225,RECEIVED,4cc21958-3469-44d3-8201-9b4a9d9f00db,a723666d-e4e9-4a21-bc88-ac7d5a3ec89c,c3,c2,1256,i6,?,
1769749399.9305236,RECEIVED,19128023-0e83-4d1f-baaf-8129ab5210d3,3e497b97-569d-4e76-8bca-480be7ae4aff,c3,DROP,441,x9,?,
1769749400.1975057,SENT,4cc21958-3469-44d3-8201-9b4a9d9f00db,a723666d-e4e9-4a21-bc88-ac7d5a3ec89c,c3,c2,868,?,p2,
1769749400.197545,FORWARDED,4cc21958-3469-44d3-8201-9b4a9d9f00db,a723666d-e4e9-4a21-bc88-ac7d5a3ec89c,c3,c2,868,?,p2,
1769749400.5541174,RECEIVED,42ef72f0-407c-45bd-b351-d18794502195,7f296751-40b6-424b-af48-54e57845582a,c1,DROP,441,x11,?,
1769749400.5619564,RECEIVED,fddddba6-4aa9-47da-a8f6-82c020911f95,69046160-e753-4f2d-a48c-20c08417fb82,c3,c2,1312,i8,?,
1769749400.6084907,RECEIVED,ccd2a6c7-c508-4ddf-b349-1eb418c85c87,9971762f-e7f9-4097-9b9a-358a21d37512,c3,c2,1312,i8,?,
1769749400.699394,SENT,ccd2a6c7-c508-4ddf-b349-1eb418c85c87,9971762f-e7f9-4097-9b9a-358a21d37512,c3,c2,912,?,p2,
1769749400.6994255,FORWARDED,ccd2a6c7-c508-4ddf-b349-1eb418c85c87,9971762f-e7f9-4097-9b9a-358a21d37512,c3,c2,912,?,p2,
1769749400.7026248,SENT,fddddba6-4aa9-47da-a8f6-82c020911f95,69046160-e753-4f2d-a48c-20c08417fb82,c3,c2,912,?,p2,
1769749400.702666,FORWARDED,fddddba6-4aa9-47da-a8f6-82c020911f95,69046160-e753-4f2d-a48c-20c08417fb82,c3,c2,912,?,p2,
1769749400.746718,RECEIVED,56fd62cc-d411-424d-a6e3-74ffe8ce8c09,29f3c9ee-d64b-4220-9ccd-984cbf18b887,c2,None,1122,i6,?,
1769749400.7556105,SENT,3f2dc585-2239-4700-a864-db07c8270b10,048cdc8e-b91f-4a61-b211-5ecf0ac1740e,c3,DROP,441,?,e8,
1769749400.7556503,FORWARDED,3f2dc585-2239-4700-a864-db07c8270b10,048cdc8e-b91f-4a61-b211-5ecf0ac1740e,c3,DROP,441,?,e8,
1769749401.3023605,RECEIVED,ac12ea25-cfed-413a-95ad-4226d6487309,e8c3400c-708f-436a-b643-b8fdb45aea30,c2,c3,1259,i2,?,
1769749401.3576112,RECEIVED,48b30bce-3503-4012-b2f7-e6b5b0d98bb5,cd5c28f1-4749-4de6-a638-149eb1404e86,c1,c5,1320,i3,?,
1769749401.4133198,RECEIVED,620cff73-2165-4c5d-af77-521673c31f25,f52d727d-e2ba-4b41-bab6-03387e1acd17,c5,c3,1313,i3,?,
1769749401.451119,SENT,620cff73-2165-4c5d-af77-521673c31f25,f52d727d-e2ba-4b41-bab6-03387e1acd17,c5,c3,911,?,p3,
1769749401.4511626,FORWARDED,620cff73-2165-4c5d-af77-521673c31f25,f52d727d-e2ba-4b41-bab6-03387e1acd17,c5,c3,911,?,p3,
1769749401.4599864,RECEIVED,325bdf5c-50cd-4427-abac-2e2de27bb01f,d80c992b-7180-4246-bbca-361b96bf6aee,c1,None,1128,i6,?,
1769749401.476656,RECEIVED,43e514dc-c65e-4079-aad3-890d50656bca,81df3f2d-7105-4e91-821d-c7fe44183fad,c1,None,1131,i6,?,
1769749401.5399306,RECEIVED,bfa175a8-42c2-42b5-9fb9-a7ba48a9b52d,a81e9ee6-8b66-438d-b894-c687282d629a,c5,DROP,442,x10,?,
1769749401.5554955,SENT,325bdf5c-50cd-4427-abac-2e2de27bb01f,d80c992b-7180-4246-bbca-361b96bf6aee,c1,None,774,?,p1,
1769749401.5555315,FORWARDED,325bdf5c-50cd-4427-abac-2e2de27bb01f,d80c992b-7180-4246-bbca-361b96bf6aee,c1,None,774,?,p1,
1769749401.5692506,SENT,48b30bce-3503-4012-b2f7-e6b5b0d98bb5,cd5c28f1-4749-4de6-a638-149eb1404e86,c1,c5,916,?,p2,
1769749401.569298,FORWARDED,48b30bce-3503-4012-b2f7-e6b5b0d98bb5,cd5c28f1-4749-4de6-a638-149eb1404e86,c1,c5,916,?,p2,
1769749401.5833952,SENT,ac12ea25-cfed-413a-95ad-4226d6487309,e8c3400c-708f-436a-b643-b8fdb45aea30,c2,c3,872,?,p3,
1769749401.5834365,FORWARDED,ac12ea25-cfed-413a-95ad-4226d6487309,e8c3400c-708f-436a-b643-b8fdb45aea30,c2,c3,872,?,p3,
1769749401.7719445,RECEIVED,bf4cdd07-e7eb-4f87-a651-bb5a7002549b,4fbb1d9f-ae10-4532-98f2-1ec3d2ece2f4,c1,c5,1310,i4,?,
1769749401.8248928,RECEIVED,2909aef8-6fc2-452e-9ac9-cb9082def7f9,a08777e7-6f0f-4e3f-b847-15cab042935a,c5,DROP,685,i5,?,
1769749401.9914775,SENT,56fd62cc-d411-424d-a6e3-74ffe8ce8c09,29f3c9ee-d64b-4220-9ccd-984cbf18b887,c2,None,771,?,p3,
1769749401.9915164,FORWARDED,56fd62cc-d411-424d-a6e3-74ffe8ce8c09,29f3c9ee-d64b-4220-9ccd-984cbf18b887,c2,None,771,?,p3,
1769749402.1160686,FORWARDED,2909aef8-6fc2-452e-9ac9-cb9082def7f9,a08777e7-6f0f-4e3f-b847-15cab042935a,c5,DROP,441,?,i10,
1769749402.213539,RECEIVED,39137cb3-c190-4f92-9b02-502dd430a65c,16b4e66e-76e9-492e-9e9a-fde2f1ffe42d,c4,DROP,441,x5,?,
1769749402.2405055,SENT,43e514dc-c65e-4079-aad3-890d50656bca,81df3f2d-7105-4e91-821d-c7fe44183fad,c1,None,776,?,p1,
1769749402.240549,FORWARDED,43e514dc-c65e-4079-aad3-890d50656bca,81df3f2d-7105-4e91-821d-c7fe44183fad,c1,None,776,?,p1,
1769749402.2681115,RECEIVED,d00ef05d-ccb8-41d7-8fb8-3e784e8014db,3176e6e1-a713-496f-bc8c-0c4db8d17b97,c2,DROP,441,x3,?,
1769749402.6436675,RECEIVED,ec645e96-b80f-43e0-b350-48e877e17509,681f070e-3de3-4f64-b86a-c7905ca23e1c,c2,c3,1252,i4,?,
1769749402.666831,RECEIVED,fab105e7-377c-4418-ae66-9390d659a42a,9bddaffe-8afe-4a27-9e70-c30cb7fdc3cf,c5,None,1128,i5,?,
1769749402.7654295,SENT,ec645e96-b80f-43e0-b350-48e877e17509,681f070e-3de3-4f64-b86a-c7905ca23e1c,c2,c3,867,?,p3,
1769749402.7654786,FORWARDED,ec645e96-b80f-43e0-b350-48e877e17509,681f070e-3de3-4f64-b86a-c7905ca23e1c,c2,c3,867,?,p3,
1769749402.8033464,RECEIVED,6f2828ee-880d-4384-98e8-9a86173f49ac,57d974ca-af7f-43fb-93f6-efc933256f45,c4,DROP,441,x6,?,
1769749402.859234,SENT,bf4cdd07-e7eb-4f87-a651-bb5a7002549b,4fbb1d9f-ae10-4532-98f2-1ec3d2ece2f4,c1,c5,911,?,p2,
1769749402.859272,FORWARDED,bf4cdd07-e7eb-4f87-a651-bb5a7002549b,4fbb1d9f-ae10-4532-98f2-1ec3d2ece2f4,c1,c5,911,?,p2,
1769749402.8750095,RECEIVED,da61b4be-819b-488e-98e8-29ca5b1b65c8,0a183394-c5d0-4a7f-966b-47ad7687ecf5,c1,c5,1311,i4,?,
1769749402.878113,SENT,fab105e7-377c-4418-ae66-9390d659a42a,9bddaffe-8afe-4a27-9e70-c30cb7fdc3cf,c5,None,772,?,p1,
1769749402.878154,FORWARDED,fab105e7-377c-4418-ae66-9390d659a42a,9bddaffe-8afe-4a27-9e70-c30cb7fdc3cf,c5,None,772,?,p1,
1769749402.9262915,RECEIVED,5541be31-8707-49a2-a28e-3890667343b4,de6d2949-a0ca-421a-a4b9-88d5f9e45f95,c3,DROP,684,i8,?,
1769749402.9536612,RECEIVED,10487d7e-a8e4-4007-ba5a-959ac0fae725,ddf761bb-c715-4644-9d75-2646c7bb37d8,c4,DROP,441,x2,?,
1769749403.1458173,RECEIVED,6b9d31ca-b4b0-4f8c-a589-ecf84e03374e,6aefabfc-4885-463e-ae5c-b1bba3644518,c2,None,1131,i4,?,
1769749403.2510748,RECEIVED,a96000ee-2265-4691-9809-3f54554f27ab,b22349d8-be76-4f8b-b598-5c53ed7dd13e,c3,DROP,682,i3,?,
1769749403.2542286,SENT,5541be31-8707-49a2-a28e-3890667343b4,de6d2949-a0ca-421a-a4b9-88d5f9e45f95,c3,DROP,440,?,e5,
1769749403.2542694,FORWARDED,5541be31-8707-49a2-a28e-3890667343b4,de6d2949-a0ca-421a-a4b9-88d5f9e45f95,c3,DROP,440,?,e5,
1769749403.3100734,RECEIVED,c655ed0c-6af3-4012-a342-53c994da73ed,b389e2e5-5d01-49ab-b78b-c3cd40aa9b6a,c2,c3,1321,i1,?,
1769749403.3595984,SENT,c655ed0c-6af3-4012-a342-53c994da73ed,b389e2e5-5d01-49ab-b78b-c3cd40aa9b6a,c2,c3,916,?,p3,
1769749403.3596401,FORWARDED,c655ed0c-6af3-4012-a342-53c994da73ed,b389e2e5-5d01-49ab-b78b-c3cd40aa9b6a,c2,c3,916,?,p3,
1769749403.3855147,SENT,da61b4be-819b-488e-98e8-29ca5b1b65c8,0a183394-c5d0-4a7f-966b-47ad7687ecf5,c1,c5,911,?,p2,
1769749403.3855577,FORWARDED,da61b4be-819b-488e-98e8-29ca5b1b65c8,0a183394-c5d0-4a7f-966b-47ad7687ecf5,c1,c5,911,?,p2,
1769749403.3857658,RECEIVED,72c0f7d3-37d2-4a1a-9be0-f08064a2a876,a09319c1-52bf-4622-a431-15778c578433,c4,c1,1259,i9,?,
1769749403.4023957,RECEIVED,26e7b85c-96b7-40e1-924c-e2b1cdd0c05d,2e57a3e4-e654-4fee-a4fa-c6fde0b594bb,c3,DROP,688,i2,?,
1769749403.49024,SENT,26e7b85c-96b7-40e1-924c-e2b1cdd0c05d,2e57a3e4-e654-4fee-a4fa-c6fde0b594bb,c3,DROP,444,?,i7,
1769749403.490465,FORWARDED,26e7b85c-96b7-40e1-924c-e2b1cdd0c05d,2e57a3e4-e654-4fee-a4fa-c6fde0b594bb,c3,DROP,444,?,i7,
1769749403.5430346,RECEIVED,97ae8810-8d8d-46f1-a9ec-8f1eb4f0e00b,c623f716-9f91-4add-a74b-d55614ae238e,c4,c1,1251,i2,?,
1769749403.7398565,RECEIVED,b2dcc051-6a69-4e04-b8f7-4759047a20fc,0468322e-9d6c-4560-a22e-2ae052c3cdcc,c4,DROP,682,i4,?,
1769749403.8279843,RECEIVED,e4b07220-0857-48fd-879b-4235eb6501ff,05676244-4440-451a-a701-b180bb2bf844,c1,c5,1321,i9,?,
1769749403.842152,RECEIVED,a3421130-46cc-4a5f-9c2f-67db1b30ad75,fd0527f1-964d-435e-9d32-9971f0ea6448,c3,DROP,683,i6,?,
1769749403.8607762,SENT,72c0f7d3-37d2-4a1a-9be0-f08064a2a876,a09319c1-52bf-4622-a431-15778c578433,c4,c1,871,?,p1,
1769749403.860817,FORWARDED,72c0f7d3-37d2-4a1a-9be0-f08064a2a876,a09319c1-52bf-4622-a431-15778c578433,c4,c1,871,?,p1,
1769749403.8713617,SENT,e4b07220-0857-48fd-879b-4235eb6501ff,05676244-4440-451a-a701-b180bb2bf844,c1,c5,916,?,p2,
1769749403.8714042,FORWARDED,e4b07220-0857-48fd-879b-4235eb6501ff,05676244-4440-451a-a701-b180bb2bf844,c1,c5,916,?,p2,
1769749403.8799076,SENT,6b9d31ca-b4b0-4f8c-a589-ecf84e03374e,6aefabfc-4885-463e-ae5c-b1bba3644518,c2,None,776,?,p3,
1769749403.879949,FORWARDED,6b9d31ca-b4b0-4f8c-a589-ecf84e03374e,6aefabfc-4885-463e-ae5c-b1bba3644518,c2,None,776,?,p3,
1769749403.9054203,RECEIVED,ee7ba3a2-322c-418e-a282-206f078897db,d9a19a26-b4e0-438a-88b6-03263c45c39e,c2,DROP,685,i5,?,
1769749403.9351625,RECEIVED,d6c43bf9-a334-4579-8bf4-49f0eec01ced,4083e1b9-68e4-4594-9119-76a88a3dcecf,c3,None,1123,i9,?,
1769749403.9412737,SENT,a96000ee-2265-4691-9809-3f54554f27ab,b22349d8-be76-4f8b-b598-5c53ed7dd13e,c3,DROP,441,?,i7,
1769749403.9413106,FORWARDED,a96000ee-2265-4691-9809-3f54554f27ab,b22349d8-be76-4f8b-b598-5c53ed7dd13e,c3,DROP,441,?,i7,
1769749403.9666805,SENT,ee7ba3a2-322c-418e-a282-206f078897db,d9a19a26-b4e0-438a-88b6-03263c45c39e,c2,DROP,441,?,x2,
1769749403.9667175,FORWARDED,ee7ba3a2-322c-418e-a282-206f078897db,d9a19a26-b4e0-438a-88b6-03263c45c39e,c2,DROP,441,?,x2,
1769749404.036479,RECEIVED,aef808ab-454e-4967-98e4-c3fddf3179e7,2f0b18d6-15ed-4150-89c7-008986c3e605,c2,DROP,441,x3,?,
1769749404.0967746,RECEIVED,3a13e56b-e37b-4e65-b781-098b95b1915d,3e635e7f-869d-4f80-90b3-c33ef9d95c1f,c4,DROP,685,i5,?,
1769749404.117623,RECEIVED,fa608795-fb3f-4059-bd30-b4bd07836d32,2fac11ab-a0c2-4d7b-966f-4e22b1fce932,c4,DROP,681,i8,?,
1769749404.1710825,SENT,3a13e56b-e37b-4e65-b781-098b95b1915d,3e635e7f-869d-4f80-90b3-c33ef9d95c1f,c4,DROP,441,?,x6,
1769749404.1711254,FORWARDED,3a13e56b-e37b-4e65-b781-098b95b1915d,3e635e7f-869d-4f80-90b3-c33ef9d95c1f,c4,DROP,441,?,x6,
1769749404.3704405,RECEIVED,ee7d27dd-e16d-4947-b1b1-76647f15f9e6,9102baaf-cca5-4e05-b116-940f34656d0c,c1,DROP,684,i5,?,
1769749404.4731028,RECEIVED,724bd72f-4f0f-4720-bfd4-f7193d5b6096,cd1a2526-44ef-41ad-b51e-d2d4f7f117a7,c5,DROP,688,i6,?,
1769749404.5473912,SENT,ee7d27dd-e16d-4947-b1b1-76647f15f9e6,9102baaf-cca5-4e05-b116-940f34656d0c,c1,DROP,441,?,e9,
1769749404.547434,FORWARDED,ee7d27dd-e16d-4947-b1b1-76647f15f9e6,9102baaf-cca5-4e05-b116-940f34656d0c,c1,DROP,441,?,e9,
1769749404.5775752,RECEIVED,e182b3a1-dd40-4020-8188-91ef3cefae64,ca6758ea-b6c1-47e9-a58f-258e564a8b07,c3,None,1129,i4,?,
1769749404.6182044,SENT,e182b3a1-dd40-4020-8188-91ef3cefae64,ca6758ea-b6c1-47e9-a58f-258e564a8b07,c3,None,772,?,p2,
1769749404.6182513,FORWARDED,e182b3a1-dd40-4020-8188-91ef3cefae64,ca6758ea-b6c1-47e9-a58f-258e564a8b07,c3,None,772,?,p2,
1769749404.62061,SENT,97ae8810-8d8d-46f1-a9ec-8f1eb4f0e00b,c623f716-9f91-4add-a74b-d55614ae238e,c4,c1,867,?,p1,
1769749404.62065,FORWARDED,97ae8810-8d8d-46f1-a9ec-8f1eb4f0e00b,c623f716-9f91-4add-a74b-d55614ae238e,c4,c1,867,?,p1,
1769749404.6856446,SENT,a3421130-46cc-4a5f-9c2f-67db1b30ad75,fd0527f1-964d-435e-9d32-9971f0ea6448,c3,DROP,441,?,e7,
1769749404.6857,FORWARDED,a3421130-46cc-4a5f-9c2f-67db1b30ad75,fd0527f1-964d-435e-9d32-9971f0ea6448,c3,DROP,441,?,e7,
1769749404.9036677,RECEIVED,8183186d-6533-41ca-ab93-cbb7660bd543,e8d3eac0-4eb2-4121-ab09-dea58acd60fb,c1,DROP,686,i1,?,
1769749404.9086514,SENT,fa608795-fb3f-4059-bd30-b4bd07836d32,2fac11ab-a0c2-4d7b-966f-4e22b1fce932,c4,DROP,441,?,x2,
1769749404.9086921,FORWARDED,fa608795-fb3f-4059-bd30-b4bd07836d32,2fac11ab-a0c2-4d7b-966f-4e22b1fce932,c4,DROP,441,?,x2,
1769749404.9341655,SENT,8183186d-6533-41ca-ab93-cbb7660bd543,e8d3eac0-4eb2-4121-ab09-dea58acd60fb,c1,DROP,441,?,e12,
1769749404.9342072,FORWARDED,8183186d-6533-41ca-ab93-cbb7660bd543,e8d3eac0-4eb2-4121-ab09-dea58acd60fb,c1,DROP,441,?,e12,
1769749404.9462423,SENT,724bd72f-4f0f-4720-bfd4-f7193d5b6096,cd1a2526-44ef-41ad-b51e-d2d4f7f117a7,c5,DROP,443,?,e2,
1769749404.9462817,FORWARDED,724bd72f-4f0f-4720-bfd4-f7193d5b6096,cd1a2526-44ef-41ad-b51e-d2d4f7f117a7,c5,DROP,443,?,e2,
1769749405.2063909,SENT,b2dcc051-6a69-4e04-b8f7-4759047a20fc,0468322e-9d6c-4560-a22e-2ae052c3cdcc,c4,DROP,441,?,x3,
1769749405.2071013,FORWARDED,b2dcc051-6a69-4e04-b8f7-4759047a20fc,0468322e-9d6c-4560-a22e-2ae052c3cdcc,c4,DROP,441,?,x3,
1769749405.389192,RECEIVED,b514a18b-777d-4c8b-84bf-057520978773,0c5eb0d2-159e-4a32-b488-c725809e0e43,c1,DROP,441,x11,?,
1769749405.4191267,RECEIVED,04d84f1d-3ee7-4616-b6b7-0857bc6ea34d,623a987d-144b-464b-971b-12ce05a78f62,c1,DROP,683,i6,?,
1769749405.4241502,SENT,d6c43bf9-a334-4579-8bf4-49f0eec01ced,4083e1b9-68e4-4594-9119-76a88a3dcecf,c3,None,771,?,p2,
1769749405.424191,FORWARDED,d6c43bf9-a334-4579-8bf4-49f0eec01ced,4083e1b9-68e4-4594-9119-76a88a3dcecf,c3,None,771,?,p2,
1769749405.6171575,RECEIVED,b5ba579f-d3d1-4cd4-a0c7-eb6a517fa513,ac83a0fb-42a4-47b7-a362-0beb4a9e70f3,c1,c5,1259,i3,?,
1769749405.6272006,RECEIVED,1cd5007f-853c-47a9-8b14-7569a7de3fce,f50a6149-0e56-44b1-af15-ebb32a6892fa,c1,DROP,684,i4,?,
1769749405.7586715,SENT,1cd5007f-853c-47a9-8b14-7569a7de3fce,f50a6149-0e56-44b1-af15-ebb32a6892fa,c1,DROP,441,?,e8,
1769749405.7587085,FORWARDED,1cd5007f-853c-47a9-8b14-7569a7de3fce,f50a6149-0e56-44b1-af15-ebb32a6892fa,c1,DROP,441,?,e8,
1769749405.882927,RECEIVED,7f7816e1-ea09-4f7d-83f8-50e9b10fefae,415adb81-92f4-4ddd-91a6-f470cb515f13,c1,DROP,684,i9,?,
1769749405.9205506,SENT,7f7816e1-ea09-4f7d-83f8-50e9b10fefae,415adb81-92f4-4ddd-91a6-f470cb515f13,c1,DROP,441,?,e6,
1769749405.9205904,FORWARDED,7f7816e1-ea09-4f7d-83f8-50e9b10fefae,415adb81-92f4-4ddd-91a6-f470cb515f13,c1,DROP,441,?,e6,
1769749405.9361844,SENT,b5ba579f-d3d1-4cd4-a0c7-eb6a517fa513,ac83a0fb-42a4-47b7-a362-0beb4a9e70f3,c1,c5,871,?,p2,
1769749405.9362266,FORWARDED,b5ba579f-d3d1-4cd4-a0c7-eb6a517fa513,ac83a0fb-42a4-47b7-a362-0beb4a9e70f3,c1,c5,871,?,p2,
1769749406.1319838,RECEIVED,d490b39d-c79e-4967-bb21-2ffbbcd6b987,a4470428-aba4-41f1-9fdf-f209f30e4436,c3,DROP,684,i9,?,
1769749406.1757472,RECEIVED,7db3f1ae-5af4-4c03-bdc2-199508306da6,48947f97-b1b9-4ff0-8f82-d2a672d83864,c4,DROP,687,i5,?,
1769749406.248887,SENT,04d84f1d-3ee7-4616-b6b7-0857bc6ea34d,623a987d-144b-464b-971b-12ce05a78f62,c1,DROP,441,?,e2,
1769749406.2489283,FORWARDED,04d84f1d-3ee7-4616-b6b7-0857bc6ea34d,623a987d-144b-464b-971b-12ce05a78f62,c1,DROP,441,?,e2,
1769749406.2737098,RECEIVED,da3f3b09-ff8b-4788-bcc9-1ed499f69dfe,664a4e94-dc09-420c-9fc7-b7a49010c3cb,c3,DROP,683,i4,?,
1769749406.4048586,SENT,d490b39d-c79e-4967-bb21-2ffbbcd6b987,a4470428-aba4-41f1-9fdf-f209f30e4436,c3,DROP,441,?,e8,
1769749406.4048998,FORWARDED,d490b39d-c79e-4967-bb21-2ffbbcd6b987,a4470428-aba4-41f1-9fdf-f209f30e4436,c3,DROP,441,?,e8,
1769749406.4565055,RECEIVED,21a25fa8-59a1-4cb3-9d33-135be1fcc0ae,7098a58e-63d5-4716-a27d-3dfb02d11768,c3,None,1132,i6,?,
1769749406.4789193,RECEIVED,8d165ed3-61b0-4afd-b67d-03db1d558837,22ee0146-5234-4b8a-bedb-62cd71fef909,c2,None,1123,i6,?,
1769749406.5155132,SENT,21a25fa8-59a1-4cb3-9d33-135be1fcc0ae,7098a58e-63d5-4716-a27d-3dfb02d11768,c3,None,776,?,p2,
1769749406.5155518,FORWARDED,21a25fa8-59a1-4cb3-9d33-135be1fcc0ae,7098a58e-63d5-4716-a27d-3dfb02d11768,c3,None,776,?,p2,
1769749406.5419302,RECEIVED,4f15989f-2ce8-46b3-9c4c-a56efaa7477d,2accf919-8314-4db1-8053-533fc65b7904,c4,DROP,442,x4,?,
1769749406.5734856,RECEIVED,66a587d0-2af6-4fba-9262-4d1b7931937a,ce3b04de-0297-495b-ab5e-2c6ef8ce2b32,c1,c5,1255,i4,?,
1769749406.6521654,RECEIVED,f1d25943-5322-4b92-9974-4fd7a9e70b19,42f39811-1347-498a-8def-7c3790750d68,c3,DROP,444,x4,?,
1769749406.7900808,RECEIVED,9c8ba4af-e5bc-4094-b85f-f5b00ecfbfa8,9d8f0983-1998-448a-8404-3fb7d1dc5410,c3,DROP,683,i4,?,
1769749406.8303742,RECEIVED,c55c2d4e-7fac-40b4-9d4c-87f2b6a487fa,197b14d8-330b-4813-a3bb-538392800282,c4,DROP,688,i3,?,
1769749406.8770716,RECEIVED,d5abcee9-6a61-47d0-b5fd-9f72e75ee875,6e21fb6c-7ca4-4785-b5cc-2b04de749c32,c4,DROP,442,x12,?,
1769749406.9348595,RECEIVED,da954722-3e65-4f0f-aa4b-fe2387c6be79,6ca994bd-e148-4e55-956a-5cb7dd7d2e1c,c5,DROP,688,i7,?,
1769749406.9379187,SENT,66a587d0-2af6-4fba-9262-4d1b7931937a,ce3b04de-0297-495b-ab5e-2c6ef8ce2b32,c1,c5,868,?,p2,
1769749406.9379592,FORWARDED,66a587d0-2af6-4fba-9262-4d1b7931937a,ce3b04de-0297-495b-ab5e-2c6ef8ce2b32,c1,c5,868,?,p2,
1769749406.957872,RECEIVED,64e08923-b51b-41bc-9249-899d67d42537,5b2c20e6-a9b1-4030-9d49-c42f296fadcb,c1,c5,1251,i9,?,
1769749406.9943745,RECEIVED,d1dc4538-81a1-4771-a55e-00c8dc4715ae,95c3241f-6180-4b4e-8afd-84f353e00c11,c2,DROP,684,i7,?,
1769749407.0140262,SENT,c55c2d4e-7fac-40b4-9d4c-87f2b6a487fa,197b14d8-330b-4813-a3bb-538392800282,c4,DROP,442,?,x1,
1769749407.0140784,FORWARDED,c55c2d4e-7fac-40b4-9d4c-87f2b6a487fa,197b14d8-330b-4813-a3bb-538392800282,c4,DROP,442,?,x1,
1769749407.0574455,RECEIVED,23e6f680-9b6f-4d03-bcec-bf99cdeb27ae,35b3948d-4698-47b1-9e2c-e4b8813099b1,c5,DROP,687,i3,?,
1769749407.077895,SENT,da954722-3e65-4f0f-aa4b-fe2387c6be79,6ca994bd-e148-4e55-956a-5cb7dd7d2e1c,c5,DROP,442,?,i3,
1769749407.077936,FORWARDED,da954722-3e65-4f0f-aa4b-fe2387c6be79,6ca994bd-e148-4e55-956a-5cb7dd7d2e1c,c5,DROP,442,?,i3,
1769749407.0940428,RECEIVED,3c39b83b-58d3-43d3-bba5-99f50970ecb5,b6305ccf-c5e6-4150-8624-0776244e522c,c3,c2,1260,i9,?,
1769749407.0966582,SENT,8d165ed3-61b0-4afd-b67d-03db1d558837,22ee0146-5234-4b8a-bedb-62cd71fef909,c2,None,770,?,p3,
1769749407.0966926,FORWARDED,8d165ed3-61b0-4afd-b67d-03db1d558837,22ee0146-5234-4b8a-bedb-62cd71fef909,c2,None,770,?,p3,
1769749407.1081257,RECEIVED,979318a1-1915-465b-a870-b5e230489fbc,8e6d82ff-3f9e-4a46-868d-65a1c427d690,c3,c2,1311,i8,?,
1769749407.1715517,SENT,979318a1-1915-465b-a870-b5e230489fbc,8e6d82ff-3f9e-4a46-868d-65a1c427d690,c3,c2,912,?,p2,
1769749407.1715925,FORWARDED,979318a1-1915-465b-a870-b5e230489fbc,8e6d82ff-3f9e-4a46-868d-65a1c427d690,c3,c2,912,?,p2,
1769749407.1767106,SENT,da3f3b09-ff8b-4788-bcc9-1ed499f69dfe,664a4e94-dc09-420c-9fc7-b7a49010c3cb,c3,DROP,439,?,x7,
1769749407.1772974,FORWARDED,da3f3b09-ff8b-4788-bcc9-1ed499f69dfe,664a4e94-dc09-420c-9fc7-b7a49010c3cb,c3,DROP,439,?,x7,
1769749407.2005,SENT,3c39b83b-58d3-43d3-bba5-99f50970ecb5,b6305ccf-c5e6-4150-8624-0776244e522c,c3,c2,871,?,p2,
1769749407.2005417,FORWARDED,3c39b83b-58d3-43d3-bba5-99f50970ecb5,b6305ccf-c5e6-4150-8624-0776244e522c,c3,c2,871,?,p2,
1769749407.234863,SENT,d1dc4538-81a1-4771-a55e-00c8dc4715ae,95c3241f-6180-4b4e-8afd-84f353e00c11,c2,DROP,441,?,e11,
1769749407.2348955,FORWARDED,d1dc4538-81a1-4771-a55e-00c8dc4715ae,95c3241f-6180-4b4e-8afd-84f353e00c11,c2,DROP,441,?,e11,
1769749407.3616924,SENT,64e08923-b51b-41bc-9249-899d67d42537,5b2c20e6-a9b1-4030-9d49-c42f296fadcb,c1,c5,867,?,p2,
1769749407.3620336,FORWARDED,64e08923-b51b-41bc-9249-899d67d42537,5b2c20e6-a9b1-4030-9d49-c42f296fadcb,c1,c5,867,?,p2,
1769749407.4139159,SENT,23e6f680-9b6f-4d03-bcec-bf99cdeb27ae,35b3948d-4698-47b1-9e2c-e4b8813099b1,c5,DROP,443,?,x1,
1769749407.4139607,FORWARDED,23e6f680-9b6f-4d03-bcec-bf99cdeb27ae,35b3948d-4698-47b1-9e2c-e4b8813099b1,c5,DROP,443,?,x1,
1769749407.4523826,RECEIVED,ba753a30-a20b-4140-89b0-609058e8e8d8,bca05391-492e-47ba-a104-5d4fea9ce42f,c2,DROP,687,i4,?,
1769749407.4656472,SENT,7db3f1ae-5af4-4c03-bdc2-199508306da6,48947f97-b1b9-4ff0-8f82-d2a672d83864,c4,DROP,443,?,x7,
1769749407.4656894,FORWARDED,7db3f1ae-5af4-4c03-bdc2-199508306da6,48947f97-b1b9-4ff0-8f82-d2a672d83864,c4,DROP,443,?,x7,
1769749407.6935928,SENT,9c8ba4af-e5bc-4094-b85f-f5b00ecfbfa8,9d8f0983-1998-448a-8404-3fb7d1dc5410,c3,DROP,441,?,i7,
1769749407.6936371,FORWARDED,9c8ba4af-e5bc-4094-b85f-f5b00ecfbfa8,9d8f0983-1998-448a-8404-3fb7d1dc5410,c3,DROP,441,?,i7,
1769749408.0450683,RECEIVED,40817ab1-d276-494a-9409-e3e4142aa99c,06638deb-90c4-441a-8da4-78ea41c19716,c1,DROP,682,i8,?,
1769749408.073715,SENT,ba753a30-a20b-4140-89b0-609058e8e8d8,bca05391-492e-47ba-a104-5d4fea9ce42f,c2,DROP,442,?,i2,
1769749408.073755,FORWARDED,ba753a30-a20b-4140-89b0-609058e8e8d8,bca05391-492e-47ba-a104-5d4fea9ce42f,c2,DROP,442,?,i2,
1769749408.104471,RECEIVED,c3194f03-485b-40a4-99fd-161df9a47366,dfedee37-5753-4a03-83e2-74c11b44dd30,c3,c2,1312,i8,?,
1769749408.2450418,RECEIVED,59c7c1d3-0ab9-4f77-93ca-61ad4ef27010,a3671022-fdb4-4424-8d91-57364ddc545c,c3,None,1126,i9,?,
1769749408.2803187,SENT,c3194f03-485b-40a4-99fd-161df9a47366,dfedee37-5753-4a03-83e2-74c11b44dd30,c3,c2,910,?,p2,
1769749408.2803583,FORWARDED,c3194f03-485b-40a4-99fd-161df9a47366,dfedee37-5753-4a03-83e2-74c11b44dd30,c3,c2,910,?,p2,
1769749408.2809596,RECEIVED,295e6405-c1ed-44fd-8a1f-945e56e380c0,0870c071-2885-4c73-bd36-9c6bb5fadcfa,c5,DROP,441,x5,?,
1769749408.3210347,RECEIVED,6df61f15-a5bb-40ac-b4ae-c5a4b0288046,e132145f-70ab-47e8-92a5-eac9d35ea147,c5,None,1132,i7,?,
1769749408.438311,SENT,6df61f15-a5bb-40ac-b4ae-c5a4b0288046,e132145f-70ab-47e8-92a5-eac9d35ea147,c5,None,776,?,p1,
1769749408.4383554,FORWARDED,6df61f15-a5bb-40ac-b4ae-c5a4b0288046,e132145f-70ab-47e8-92a5-eac9d35ea147,c5,None,776,?,p1,
1769749408.4517727,RECEIVED,adb39cfe-8985-4ba5-8311-71f2a0fce0d4,ddfd967a-35e3-4ce8-b998-7ca0b9143d3a,c2,DROP,687,i3,?,
1769749408.677255,RECEIVED,51a7efeb-ffec-449d-b80d-88e68b35624e,d3f6f088-dfc1-418b-86b1-72d05e0eba9c,c3,DROP,684,i9,?,
1769749408.6775177,RECEIVED,f9d11294-99d6-4738-ac0e-28dfec8821a8,119742c6-df34-4463-a324-56dcb35b6959,c1,c5,1311,i4,?,
1769749408.7005234,RECEIVED,b9529314-ef28-47c2-b61e-ed1c0c2c849c,258b3176-06ec-4611-890e-d5935fde8797,c1,c5,1325,i9,?,
1769749408.7128744,RECEIVED,b1200ccf-2860-4e3e-9b09-1ea599b2c7ce,f77ac936-06a2-4baf-b25c-144ce020a3b3,c1,DROP,684,i8,?,
1769749408.7220373,SENT,b9529314-ef28-47c2-b61e-ed1c0c2c849c,258b3176-06ec-4611-890e-d5935fde8797,c1,c5,920,?,p2,
1769749408.7220893,FORWARDED,b9529314-ef28-47c2-b61e-ed1c0c2c849c,258b3176-06ec-4611-890e-d5935fde8797,c1,c5,920,?,p2,
1769749408.724796,SENT,adb39cfe-8985-4ba5-8311-71f2a0fce0d4,ddfd967a-35e3-4ce8-b998-7ca0b9143d3a,c2,DROP,442,?,e1,
1769749408.7250998,FORWARDED,adb39cfe-8985-4ba5-8311-71f2a0fce0d4,ddfd967a-35e3-4ce8-b998-7ca0b9143d3a,c2,DROP,442,?,e1,
1769749408.9361067,RECEIVED,f36eea5e-1229-43e4-b94b-723799b2b5e2,5631c07a-5ed5-4bcc-ab1a-806e6b1e1aad,c5,DROP,684,i4,?,
1769749409.0057316,RECEIVED,0e9ca805-e129-4e70-acd3-cec593ad0bce,cd61f7dc-2320-4a34-a085-111dafd5039e,c3,None,1130,i1,?,
1769749409.0282476,SENT,f36eea5e-1229-43e4-b94b-723799b2b5e2,5631c07a-5ed5-4bcc-ab1a-806e6b1e1aad,c5,DROP,441,?,x7,
1769749409.0282903,FORWARDED,f36eea5e-1229-43e4-b94b-723799b2b5e2,5631c07a-5ed5-4bcc-ab1a-806e6b1e1aad,c5,DROP,441,?,x7,
1769749409.0319068,RECEIVED,d12be114-a601-45fb-98fa-140ff6b21f8e,11128452-64cb-4b64-8357-af55a6ee49c1,c4,DROP,687,i1,?,
1769749409.0361905,RECEIVED,3a2b2639-b8a6-431e-aa8a-fe750c1f5c2e,1bdf584c-9533-49de-92bc-578405ca9dab,c2,DROP,683,i2,?,
1769749409.0386949,SENT,51a7efeb-ffec-449d-b80d-88e68b35624e,d3f6f088-dfc1-418b-86b1-72d05e0eba9c,c3,DROP,441,?,x10,
1769749409.0387313,FORWARDED,51a7efeb-ffec-449d-b80d-88e68b35624e,d3f6f088-dfc1-418b-86b1-72d05e0eba9c,c3,DROP,441,?,x10,
1769749409.0947418,SENT,f9d11294-99d6-4738-ac0e-28dfec8821a8,119742c6-df34-4463-a324-56dcb35b6959,c1,c5,912,?,p2,
1769749409.0947833,FORWARDED,f9d11294-99d6-4738-ac0e-28dfec8821a8,119742c6-df34-4463-a324-56dcb35b6959,c1,c5,912,?,p2,
1769749409.2813854,FORWARDED,b1200ccf-2860-4e3e-9b09-1ea599b2c7ce,f77ac936-06a2-4baf-b25c-144ce020a3b3,c1,DROP,441,?,i12,
1769749409.4032507,SENT,40817ab1-d276-494a-9409-e3e4142aa99c,06638deb-90c4-441a-8da4-78ea41c19716,c1,DROP,441,?,e6,
1769749409.40329,FORWARDED,40817ab1-d276-494a-9409-e3e4142aa99c,06638deb-90c4-441a-8da4-78ea41c19716,c1,DROP,441,?,e6,
1769749409.4567773,RECEIVED,ce24efc0-2e1b-4ae9-a7d9-372e28192c11,983e5a63-684f-4a3e-9b33-f4a13383ca14,c3,DROP,441,x7,?,
1769749409.4657085,SENT,0e9ca805-e129-4e70-acd3-cec593ad0bce,cd61f7dc-2320-4a34-a085-111dafd5039e,c3,None,777,?,p2,
1769749409.4657474,FORWARDED,0e9ca805-e129-4e70-acd3-cec593ad0bce,cd61f7dc-2320-4a34-a085-111dafd5039e,c3,None,777,?,p2,
1769749409.5033195,RECEIVED,4459936a-a80a-4c0a-8830-6cc060daa929,89928466-b2ea-460e-9f32-497e9d6a26b1,c3,DROP,441,x5,?,
1769749409.540866,SENT,59c7c1d3-0ab9-4f77-93ca-61ad4ef27010,a3671022-fdb4-4424-8d91-57364ddc545c,c3,None,772,?,p2,
1769749409.540908,FORWARDED,59c7c1d3-0ab9-4f77-93ca-61ad4ef27010,a3671022-fdb4-4424-8d91-57364ddc545c,c3,None,772,?,p2,
1769749409.579297,SENT,d12be114-a601-45fb-98fa-140ff6b21f8e,11128452-64cb-4b64-8357-af55a6ee49c1,c4,DROP,443,?,i2,
1769749409.5793414,FORWARDED,d12be114-a601-45fb-98fa-140ff6b21f8e,11128452-64cb-4b64-8357-af55a6ee49c1,c4,DROP,443,?,i2,
1769749409.7005816,RECEIVED,2c3232d3-a749-4a11-b5d1-02e4767794d5,da930384-9044-4882-8d87-c75abf1a2837,c4,c1,1310,i9,?,
1769749409.76371,SENT,3a2b2639-b8a6-431e-aa8a-fe750c1f5c2e,1bdf584c-9533-49de-92bc-578405ca9dab,c2,DROP,441,?,i5,
1769749409.7637517,FORWARDED,3a2b2639-b8a6-431e-aa8a-fe750c1f5c2e,1bdf584c-9533-49de-92bc-578405ca9dab,c2,DROP,441,?,i5,
1769749409.9210303,RECEIVED,596150aa-0ca5-4b16-b58f-6ed83706853a,de4306a6-8400-4468-b9b6-ec9e07c143a1,c4,DROP,683,i8,?,
1769749410.2766051,RECEIVED,14b07bef-32b2-4bb8-a3b0-a859e92ea497,8dd7a799-9a48-4a63-8dcf-70e644ff8797,c1,None,1125,i7,?,
1769749410.2871358,SENT,2c3232d3-a749-4a11-b5d1-02e4767794d5,da930384-9044-4882-8d87-c75abf1a2837,c4,c1,912,?,p1,
1769749410.2871754,FORWARDED,2c3232d3-a749-4a11-b5d1-02e4767794d5,da930384-9044-4882-8d87-c75abf1a2837,c4,c1,912,?,p1,
1769749410.3176682,SENT,14b07bef-32b2-4bb8-a3b0-a859e92ea497,8dd7a799-9a48-4a63-8dcf-70e644ff8797,c1,None,771,?,p1,
1769749410.31771,FORWARDED,14b07bef-32b2-4bb8-a3b0-a859e92ea497,8dd7a799-9a48-4a63-8dcf-70e644ff8797,c1,None,771,?,p1,
1769749410.3606946,RECEIVED,3b5646cb-4bad-4678-9581-cd556cf5a154,b3d44c20-90db-423c-8549-9275027d821e,c2,DROP,683,i3,?,
1769749410.493025,RECEIVED,abda3851-b496-4e5e-9243-939abc6708d2,5c26a5f2-9b40-4119-8a29-d6a002e39baf,c3,None,1123,i2,?,
1769749410.704165,RECEIVED,1fbc5819-efe7-45f7-8806-0b4bfd23ed2c,12cf3a10-4a40-45d1-aeda-485776ff080c,c5,DROP,684,i7,?,
1769749410.729558,SENT,596150aa-0ca5-4b16-b58f-6ed83706853a,de4306a6-8400-4468-b9b6-ec9e07c143a1,c4,DROP,440,?,e1,
1769749410.7296004,FORWARDED,596150aa-0ca5-4b16-b58f-6ed83706853a,de4306a6-8400-4468-b9b6-ec9e07c143a1,c4,DROP,440,?,e1,
1769749410.7515855,SENT,1fbc5819-efe7-45f7-8806-0b4bfd23ed2c,12cf3a10-4a40-45d1-aeda-485776ff080c,c5,DROP,441,?,i8,
1769749410.7516274,FORWARDED,1fbc5819-efe7-45f7-8806-0b4bfd23ed2c,12cf3a10-4a40-45d1-aeda-485776ff080c,c5,DROP,441,?,i8,
1769749410.7747638,SENT,abda3851-b496-4e5e-9243-939abc6708d2,5c26a5f2-9b40-4119-8a29-d6a002e39baf,c3,None,771,?,p2,
1769749410.7748055,FORWARDED,abda3851-b496-4e5e-9243-939abc6708d2,5c26a5f2-9b40-4119-8a29-d6a002e39baf,c3,None,771,?,p2,
1769749410.8203046,RECEIVED,a6068ff9-19d6-4ffa-8b75-66b1ede834e0,2ff2ca6c-e966-4a56-bcff-e0ea7a4d02e0,c5,DROP,443,x5,?,
1769749410.8712797,RECEIVED,615d7438-4e54-48c8-90a7-58d2276d286b,53823583-ea6c-4e3a-b085-f65c77210117,c2,c3,1256,i9,?,
1769749410.9435847,RECEIVED,c7cfa2b4-78f3-4c21-8e36-2137654b682c,6bb728d1-5846-4847-98b0-862206ec4a0a,c5,DROP,683,i5,?,
1769749411.0954885,SENT,615d7438-4e54-48c8-90a7-58d2276d286b,53823583-ea6c-4e3a-b085-f65c77210117,c2,c3,868,?,p3,
1769749411.095531,FORWARDED,615d7438-4e54-48c8-90a7-58d2276d286b,53823583-ea6c-4e3a-b085-f65c77210117,c2,c3,868,?,p3,
1769749411.1092095,SENT,3b5646cb-4bad-4678-9581-cd556cf5a154,b3d44c20-90db-423c-8549-9275027d821e,c2,DROP,440,?,e8,
1769749411.109248,FORWARDED,3b5646cb-4bad-4678-9581-cd556cf5a154,b3d44c20-90db-423c-8549-9275027d821e,c2,DROP,440,?,e8,
1769749411.3037198,RECEIVED,c9f49e2f-e68c-4649-9e78-2b6fe4eee6ed,1319c4c1-19a1-4119-9cac-931422d93ad1,c4,DROP,683,i9,?,
1769749411.3465543,RECEIVED,77081a38-bb74-4603-bf89-85c070c1628a,ad0b55aa-5cdc-4908-9a9a-d17e07b5cf40,c3,None,1123,i1,?,
1769749411.3958316,RECEIVED,0f5f9ebe-c5a1-41ec-95e5-462fc3bea22d,6f487611-3035-4e4d-b496-cef2714a125c,c4,c1,1264,i1,?,
1769749411.4293883,RECEIVED,cda093d8-94e0-409a-a879-d1fbcfbdf045,71a33837-da7e-45f2-9a6b-1361d7c2637c,c5,DROP,683,i1,?,
1769749411.4894743,SENT,0f5f9ebe-c5a1-41ec-95e5-462fc3bea22d,6f487611-3035-4e4d-b496-cef2714a125c,c4,c1,875,?,p1,
1769749411.4895098,FORWARDED,0f5f9ebe-c5a1-41ec-95e5-462fc3bea22d,6f487611-3035-4e4d-b496-cef2714a125c,c4,c1,875,?,p1,
1769749411.5627358,SENT,77081a38-bb74-4603-bf89-85c070c1628a,ad0b55aa-5cdc-4908-9a9a-d17e07b5cf40,c3,None,771,?,p2,
1769749411.5627785,FORWARDED,77081a38-bb74-4603-bf89-85c070c1628a,ad0b55aa-5cdc-4908-9a9a-d17e07b5cf40,c3,None,771,?,p2,
1769749411.7368503,RECEIVED,23bc6dce-326b-457d-a7c6-aaafb03bd7e5,206e923f-e99c-40f5-97c0-2d5a22da3219,c3,c2,1315,i8,?,
1769749411.848186,SENT,23bc6dce-326b-457d-a7c6-aaafb03bd7e5,206e923f-e99c-40f5-97c0-2d5a22da3219,c3,c2,913,?,p2,
1769749411.8482213,FORWARDED,23bc6dce-326b-457d-a7c6-aaafb03bd7e5,206e923f-e99c-40f5-97c0-2d5a22da3219,c3,c2,913,?,p2,
1769749412.0886981,RECEIVED,069dd760-c496-4c59-9cf0-a563d3a1d8bd,8e3a998c-171a-4ff4-bde8-7fd0a78df3ee,c3,None,1123,i3,?,
1769749412.0995429,RECEIVED,c1960f51-7ef9-41ed-b17f-e6495be719ca,e573f834-f331-4013-bcb1-5e27321a9cc5,c3,DROP,446,x10,?,
1769749412.3081298,RECEIVED,5875217c-1602-473f-a590-13042d800293,ac3a96f6-f047-43b4-b0bf-3b9f9eea80ad,c3,c2,1255,i4,?,
1769749412.3544383,RECEIVED,4ec01932-968c-4573-a4b0-5ea70a331868,221eaebc-4327-4f89-a7dc-498e9e6aa5d4,c2,DROP,441,x11,?,
1769749412.4658618,SENT,069dd760-c496-4c59-9cf0-a563d3a1d8bd,8e3a998c-171a-4ff4-bde8-7fd0a78df3ee,c3,None,771,?,p2,
1769749412.4658988,FORWARDED,069dd760-c496-4c59-9cf0-a563d3a1d8bd,8e3a998c-171a-4ff4-bde8-7fd0a78df3ee,c3,None,771,?,p2,
1769749412.479011,RECEIVED,7ef3fadc-8e68-4b24-8d06-6fefe81ef68a,0d8331fe-9733-4fe5-a218-4fcc9180ba4d,c4,DROP,684,i6,?,
1769749412.4968076,RECEIVED,e4317c67-6a59-442d-8c24-a466382f928b,e91a5c5e-4a1b-4c1f-bed4-003a13c1673d,c2,None,1131,i8,?,
1769749412.4995599,SENT,5875217c-1602-473f-a590-13042d800293,ac3a96f6-f047-43b4-b0bf-3b9f9eea80ad,c3,c2,868,?,p2,
1769749412.4996006,FORWARDED,5875217c-1602-473f-a590-13042d800293,ac3a96f6-f047-43b4-b0bf-3b9f9eea80ad,c3,c2,868,?,p2,
1769749412.514663,SENT,cda093d8-94e0-409a-a879-d1fbcfbdf045,71a33837-da7e-45f2-9a6b-1361d7c2637c,c5,DROP,440,?,e4,
1769749412.5146966,FORWARDED,cda093d8-94e0-409a-a879-d1fbcfbdf045,71a33837-da7e-45f2-9a6b-1361d7c2637c,c5,DROP,440,?,e4,
1769749412.6664176,RECEIVED,01bc4e8b-b4e9-45e6-b812-0e0f33a8d66f,6d07c594-d9a8-47e1-810d-0921c83ef179,c1,DROP,692,i8,?,
1769749412.741229,RECEIVED,a2ee2207-a6ea-45f9-a1b9-ba49fd473d55,0bc11c94-4389-4170-89a6-d367c64b45d7,c1,c5,1320,i9,?,
1769749412.763491,SENT,c9f49e2f-e68c-4649-9e78-2b6fe4eee6ed,1319c4c1-19a1-4119-9cac-931422d93ad1,c4,DROP,441,?,x6,
1769749412.763533,FORWARDED,c9f49e2f-e68c-4649-9e78-2b6fe4eee6ed,1319c4c1-19a1-4119-9cac-931422d93ad1,c4,DROP,441,?,x6,
1769749412.8042765,RECEIVED,78fa2893-2f58-4726-8f15-cc321aef0b40,bddcd7c4-11a9-4aa1-80ab-174a55509d33,c1,None,1128,i7,?,
1769749412.8273978,RECEIVED,07b0b9c4-5c0e-4c12-a19c-50ee30afcac0,4b16706d-d8d6-4b77-8230-d7eeedef3aeb,c2,DROP,687,i2,?,
1769749412.941768,SENT,7ef3fadc-8e68-4b24-8d06-6fefe81ef68a,0d8331fe-9733-4fe5-a218-4fcc9180ba4d,c4,DROP,441,?,e11,
1769749412.941808,FORWARDED,7ef3fadc-8e68-4b24-8d06-6fefe81ef68a,0d8331fe-9733-4fe5-a218-4fcc9180ba4d,c4,DROP,441,?,e11,
1769749412.9611487,SENT,01bc4e8b-b4e9-45e6-b812-0e0f33a8d66f,6d07c594-d9a8-47e1-810d-0921c83ef179,c1,DROP,446,?,x10,
1769749412.9611917,FORWARDED,01bc4e8b-b4e9-45e6-b812-0e0f33a8d66f,6d07c594-d9a8-47e1-810d-0921c83ef179,c1,DROP,446,?,x10,
1769749412.9664752,SENT,c7cfa2b4-78f3-4c21-8e36-2137654b682c,6bb728d1-5846-4847-98b0-862206ec4a0a,c5,DROP,440,?,i7,
1769749412.9665148,FORWARDED,c7cfa2b4-78f3-4c21-8e36-2137654b682c,6bb728d1-5846-4847-98b0-862206ec4a0a,c5,DROP,440,?,i7,
1769749413.0569909,SENT,a2ee2207-a6ea-45f9-a1b9-ba49fd473d55,0bc11c94-4389-4170-89a6-d367c64b45d7,c1,c5,916,?,p2,
1769749413.0570421,FORWARDED,a2ee2207-a6ea-45f9-a1b9-ba49fd473d55,0bc11c94-4389-4170-89a6-d367c64b45d7,c1,c5,916,?,p2,
1769749413.0636897,SENT,78fa2893-2f58-4726-8f15-cc321aef0b40,bddcd7c4-11a9-4aa1-80ab-174a55509d33,c1,None,772,?,p1,
1769749413.0637407,FORWARDED,78fa2893-2f58-4726-8f15-cc321aef0b40,bddcd7c4-11a9-4aa1-80ab-174a55509d33,c1,None,772,?,p1,
1769749413.084204,SENT,e4317c67-6a59-442d-8c24-a466382f928b,e91a5c5e-4a1b-4c1f-bed4-003a13c1673d,c2,None,776,?,p3,
1769749413.0842443,FORWARDED,e4317c67-6a59-442d-8c24-a466382f928b,e91a5c5e-4a1b-4c1f-bed4-003a13c1673d,c2,None,776,?,p3,
1769749413.1573944,RECEIVED,d18a9870-ba94-4974-8079-96df15e68b3e,1011dd2f-0198-4429-be9c-3c1cd67ed259,c2,None,1124,i6,?,
1769749413.1724544,RECEIVED,3aa0b094-b7da-4499-aea4-e18ba60a6b12,892cd986-94e0-405e-8eea-83374f7ae8c8,c1,DROP,685,i9,?,
1769749413.288457,SENT,3aa0b094-b7da-4499-aea4-e18ba60a6b12,892cd986-94e0-405e-8eea-83374f7ae8c8,c1,DROP,441,?,e12,
1769749413.2884984,FORWARDED,3aa0b094-b7da-4499-aea4-e18ba60a6b12,892cd986-94e0-405e-8eea-83374f7ae8c8,c1,DROP,441,?,e12,
1769749413.2926488,SENT,d18a9870-ba94-4974-8079-96df15e68b3e,1011dd2f-0198-4429-be9c-3c1cd67ed259,c2,None,770,?,p3,
1769749413.2926912,FORWARDED,d18a9870-ba94-4974-8079-96df15e68b3e,1011dd2f-0198-4429-be9c-3c1cd67ed259,c2,None,770,?,p3,
1769749413.6225371,RECEIVED,300c6bee-8cc3-4e3c-b671-23ac8219cc31,898395a4-68d4-44db-83f5-f0e214a193d0,c1,c5,1251,i9,?,
1769749413.7634382,SENT,07b0b9c4-5c0e-4c12-a19c-50ee30afcac0,4b16706d-d8d6-4b77-8230-d7eeedef3aeb,c2,DROP,442,?,e8,
1769749413.7635128,FORWARDED,07b0b9c4-5c0e-4c12-a19c-50ee30afcac0,4b16706d-d8d6-4b77-8230-d7eeedef3aeb,c2,DROP,442,?,e8,
1769749413.906444,SENT,300c6bee-8cc3-4e3c-b671-23ac8219cc31,898395a4-68d4-44db-83f5-f0e214a193d0,c1,c5,867,?,p2,
1769749413.9064832,FORWARDED,300c6bee-8cc3-4e3c-b671-23ac8219cc31,898395a4-68d4-44db-83f5-f0e214a193d0,c1,c5,867,?,p2,
1769749413.987154,RECEIVED,dd2b909d-86fe-4cee-b5b0-d2700b77560a,c2ff7587-b76d-4f7d-9b9f-78ca061ae2de,c3,DROP,687,i4,?,
1769749414.5829175,RECEIVED,06cebd77-55cd-40fb-ba26-fc0623936e5b,2052ddbe-5467-41a4-9093-43d7ebfe6e19,c1,c5,1260,i8,?,
1769749414.6559708,RECEIVED,3fe7146d-94ea-4fbb-94cf-7b134fa61ade,628d35d6-7623-4fb1-83a7-9db86e75c900,c1,DROP,689,i7,?,
1769749414.6897311,SENT,dd2b909d-86fe-4cee-b5b0-d2700b77560a,c2ff7587-b76d-4f7d-9b9f-78ca061ae2de,c3,DROP,442,?,e7,
1769749414.6897657,FORWARDED,dd2b909d-86fe-4cee-b5b0-d2700b77560a,c2ff7587-b76d-4f7d-9b9f-78ca061ae2de,c3,DROP,442,?,e7,
1769749414.9029477,SENT,06cebd77-55cd-40fb-ba26-fc0623936e5b,2052ddbe-5467-41a4-9093-43d7ebfe6e19,c1,c5,872,?,p2,
1769749414.9029894,FORWARDED,06cebd77-55cd-40fb-ba26-fc0623936e5b,2052ddbe-5467-41a4-9093-43d7ebfe6e19,c1,c5,872,?,p2,
1769749415.0689604,SENT,3fe7146d-94ea-4fbb-94cf-7b134fa61ade,628d35d6-7623-4fb1-83a7-9db86e75c900,c1,DROP,442,?,x11,
1769749415.0690012,FORWARDED,3fe7146d-94ea-4fbb-94cf-7b134fa61ade,628d35d6-7623-4fb1-83a7-9db86e75c900,c1,DROP,442,?,x11,
1769749415.2268908,RECEIVED,51a1dfd2-3882-4c86-a43b-50b111fad951,9fe95ca3-f0ca-4c82-85c1-2eb0b176ea29,c4,DROP,684,i1,?,
1769749415.3091986,SENT,51a1dfd2-3882-4c86-a43b-50b111fad951,9fe95ca3-f0ca-4c82-85c1-2eb0b176ea29,c4,DROP,441,?,i9,
1769749415.3092408,FORWARDED,51a1dfd2-3882-4c86-a43b-50b111fad951,9fe95ca3-f0ca-4c82-85c1-2eb0b176ea29,c4,DROP,441,?,i9,
1769749415.6122937,RECEIVED,530fea18-b495-498a-99cb-1b3d7eb84f60,7390e9d6-1178-4fa5-a952-4d13e7b97cf1,c1,DROP,681,i8,?,
1769749415.6237102,RECEIVED,52ecc24a-6069-434b-b069-3535d039c494,91fac6b4-49ac-4d93-9fa1-4d029ce2635b,c5,c3,1250,i7,?,
1769749415.712656,RECEIVED,1cfa45fd-3035-4945-b884-055a47ac428b,634907c6-c057-4429-97cd-00c52516cdfd,c5,DROP,687,i6,?,
1769749416.0072684,SENT,52ecc24a-6069-434b-b069-3535d039c494,91fac6b4-49ac-4d93-9fa1-4d029ce2635b,c5,c3,867,?,p3,
1769749416.0073109,FORWARDED,52ecc24a-6069-434b-b069-3535d039c494,91fac6b4-49ac-4d93-9fa1-4d029ce2635b,c5,c3,867,?,p3,
1769749416.0389218,RECEIVED,cd1780bf-b0b8-4da2-a6e5-04b0361acfa1,9205e06a-c3d9-4e03-b1c3-3a51fcf1d4ea,c4,DROP,683,i4,?,
1769749416.0530622,SENT,530fea18-b495-498a-99cb-1b3d7eb84f60,7390e9d6-1178-4fa5-a952-4d13e7b97cf1,c1,DROP,441,?,i9,
1769749416.0531013,FORWARDED,530fea18-b495-498a-99cb-1b3d7eb84f60,7390e9d6-1178-4fa5-a952-4d13e7b97cf1,c1,DROP,441,?,i9,
1769749416.3123012,RECEIVED,85ee7778-232c-48a0-9b7c-3368350dcc25,971defe7-2a52-4bc4-824e-30b4bc915cad,c2,c3,1251,i1,?,
1769749416.6794238,RECEIVED,3f07a621-20d2-4a12-ac01-724963e1cd43,2e64804e-e3d6-4994-9a71-979be2aa5fcf,c4,c1,1312,i9,?,
1769749416.8012087,RECEIVED,43ad7819-b2f7-480d-851d-b81c466acb6a,34bf52ce-3c45-4d6f-82d5-0a96d980e474,c2,DROP,685,i2,?,
1769749416.856686,SENT,43ad7819-b2f7-480d-851d-b81c466acb6a,34bf52ce-3c45-4d6f-82d5-0a96d980e474,c2,DROP,441,?,x2,
1769749416.8567271,FORWARDED,43ad7819-b2f7-480d-851d-b81c466acb6a,34bf52ce-3c45-4d6f-82d5-0a96d980e474,c2,DROP,441,?,x2,
1769749416.8930745,RECEIVED,26a28098-0106-4639-a782-4bcb4b499c99,82eaad21-1e96-4e05-a8e5-391793ffb774,c1,DROP,684,i6,?,
1769749416.8932111,SENT,3f07a621-20d2-4a12-ac01-724963e1cd43,2e64804e-e3d6-4994-9a71-979be2aa5fcf,c4,c1,911,?,p1,
1769749416.8935099,FORWARDED,3f07a621-20d2-4a12-ac01-724963e1cd43,2e64804e-e3d6-4994-9a71-979be2aa5fcf,c4,c1,911,?,p1,
1769749416.934666,SENT,85ee7778-232c-48a0-9b7c-3368350dcc25,971defe7-2a52-4bc4-824e-30b4bc915cad,c2,c3,867,?,p3,
1769749416.9347,FORWARDED,85ee7778-232c-48a0-9b7c-3368350dcc25,971defe7-2a52-4bc4-824e-30b4bc915cad,c2,c3,867,?,p3,
1769749417.0034485,RECEIVED,c5fab5b0-0236-4c46-839a-5e30d4cca00e,cf28208b-bec1-47f2-a810-82dd5801aa00,c2,None,1131,i3,?,
1769749417.032719,SENT,cd1780bf-b0b8-4da2-a6e5-04b0361acfa1,9205e06a-c3d9-4e03-b1c3-3a51fcf1d4ea,c4,DROP,440,?,i5,
1769749417.03276,FORWARDED,cd1780bf-b0b8-4da2-a6e5-04b0361acfa1,9205e06a-c3d9-4e03-b1c3-3a51fcf1d4ea,c4,DROP,440,?,i5,
1769749417.1847508,SENT,26a28098-0106-4639-a782-4bcb4b499c99,82eaad21-1e96-4e05-a8e5-391793ffb774,c1,DROP,441,?,i3,
1769749417.184793,FORWARDED,26a28098-0106-4639-a782-4bcb4b499c99,82eaad21-1e96-4e05-a8e5-391793ffb774,c1,DROP,441,?,i3,
1769749417.244062,RECEIVED,96a651c5-dfcd-470f-8956-c11eda434fd7,456ffc29-519f-4039-a55e-95685f044ff1,c3,DROP,690,i4,?,
1769749417.2604947,FORWARDED,96a651c5-dfcd-470f-8956-c11eda434fd7,456ffc29-519f-4039-a55e-95685f044ff1,c3,DROP,442,?,i10,
1769749417.2642539,SENT,1cfa45fd-3035-4945-b884-055a47ac428b,634907c6-c057-4429-97cd-00c52516cdfd,c5,DROP,442,?,i7,
1769749417.2642946,FORWARDED,1cfa45fd-3035-4945-b884-055a47ac428b,634907c6-c057-4429-97cd-00c52516cdfd,c5,DROP,442,?,i7,
1769749417.2986312,RECEIVED,1f60d69c-824a-409d-8165-f8925feca6e1,26521659-c069-4396-ae31-e5998ea2d36a,c2,DROP,683,i7,?,
1769749417.3099754,RECEIVED,55c69c2f-9c82-465a-9fa0-378943d96839,39b38d2d-0563-4cab-979d-6ef7e55a89e0,c5,DROP,441,x5,?,
1769749417.381828,RECEIVED,6ea3af95-8c6d-4fdd-9e8b-5a7b3d56b002,5901f2d8-b054-4b55-befa-233a0b94e359,c1,DROP,441,x7,?,
1769749417.420115,RECEIVED,0b4f60d8-8c58-4ec1-bc04-df433e7ba976,56c7a3c7-265b-4e67-9106-651a9a85fe25,c1,DROP,683,i7,?,
1769749417.4652221,SENT,c5fab5b0-0236-4c46-839a-5e30d4cca00e,cf28208b-bec1-47f2-a810-82dd5801aa00,c2,None,775,?,p3,
1769749417.465265,FORWARDED,c5fab5b0-0236-4c46-839a-5e30d4cca00e,cf28208b-bec1-47f2-a810-82dd5801aa00,c2,None,775,?,p3,
1769749417.5945199,RECEIVED,5346cb6e-5fca-4a1d-be22-e6805595343a,607142c7-a5a0-4010-a1f5-a3a101138430,c4,DROP,687,i9,?,
1769749417.6113307,RECEIVED,0d37530a-2f34-4490-960f-156c0bc62ae5,b9ee7708-8347-48f1-87bd-494a6975c40d,c4,c1,1311,i9,?,
1769749417.6998067,RECEIVED,d132122a-88c9-4acd-aa63-2728cee6914c,c5225475-c7fc-4080-9eb9-983c10d7dde0,c3,None,1127,i8,?,
1769749417.8302498,RECEIVED,1126a796-258b-4fc9-a38d-45531e23f291,3687a5ee-5886-4a99-8b28-974326a4ce1a,c2,DROP,441,x7,?,
1769749417.9117293,SENT,1f60d69c-824a-409d-8165-f8925feca6e1,26521659-c069-4396-ae31-e5998ea2d36a,c2,DROP,440,?,e4,
1769749417.9117703,FORWARDED,1f60d69c-824a-409d-8165-f8925feca6e1,26521659-c069-4396-ae31-e5998ea2d36a,c2,DROP,440,?,e4,
1769749417.969234,SENT,5346cb6e-5fca-4a1d-be22-e6805595343a,607142c7-a5a0-4010-a1f5-a3a101138430,c4,DROP,442,?,x6,
1769749417.9692757,FORWARDED,5346cb6e-5fca-4a1d-be22-e6805595343a,607142c7-a5a0-4010-a1f5-a3a101138430,c4,DROP,442,?,x6,
1769749418.0609226,SENT,0d37530a-2f34-4490-960f-156c0bc62ae5,b9ee7708-8347-48f1-87bd-494a6975c40d,c4,c1,912,?,p1,
1769749418.061284,FORWARDED,0d37530a-2f34-4490-960f-156c0bc62ae5,b9ee7708-8347-48f1-87bd-494a6975c40d,c4,c1,912,?,p1,
1769749418.0749488,RECEIVED,70970cad-2182-4cb2-b0c9-20b60000b5f0,1b98e2bf-9ae9-4936-9074-ff676df5438c,c3,None,1128,i2,?,
1769749418.1629739,RECEIVED,a9e86187-4804-4e13-9c19-3f06b41895bf,721a4fea-5e3d-4ecf-9dbc-8abc18d4f887,c3,DROP,683,i5,?,
1769749418.3057942,RECEIVED,d27b90b0-6f6a-49d2-b539-fa8104d28169,f8240fb2-89a9-4e56-add5-67431b4c45c2,c1,DROP,683,i9,?,
1769749418.3325944,SENT,a9e86187-4804-4e13-9c19-3f06b41895bf,721a4fea-5e3d-4ecf-9dbc-8abc18d4f887,c3,DROP,441,?,e2,
1769749418.332636,FORWARDED,a9e86187-4804-4e13-9c19-3f06b41895bf,721a4fea-5e3d-4ecf-9dbc-8abc18d4f887,c3,DROP,441,?,e2,
1769749418.369515,SENT,70970cad-2182-4cb2-b0c9-20b60000b5f0,1b98e2bf-9ae9-4936-9074-ff676df5438c,c3,None,773,?,p2,
1769749418.3695576,FORWARDED,70970cad-2182-4cb2-b0c9-20b60000b5f0,1b98e2bf-9ae9-4936-9074-ff676df5438c,c3,None,773,?,p2,
1769749418.5341814,SENT,d132122a-88c9-4acd-aa63-2728cee6914c,c5225475-c7fc-4080-9eb9-983c10d7dde0,c3,None,772,?,p2,
1769749418.5342178,FORWARDED,d132122a-88c9-4acd-aa63-2728cee6914c,c5225475-c7fc-4080-9eb9-983c10d7dde0,c3,None,772,?,p2,
1769749418.6254025,RECEIVED,e5f717cd-7b47-473c-a393-12db7fb66750,6b15b411-b23a-4454-8268-05b701659478,c2,DROP,688,i9,?,
1769749418.8971848,SENT,0b4f60d8-8c58-4ec1-bc04-df433e7ba976,56c7a3c7-265b-4e67-9106-651a9a85fe25,c1,DROP,440,?,e3,
1769749418.8972263,FORWARDED,0b4f60d8-8c58-4ec1-bc04-df433e7ba976,56c7a3c7-265b-4e67-9106-651a9a85fe25,c1,DROP,440,?,e3,
1769749419.094416,RECEIVED,74c61fbc-a05f-4e4f-8ff6-ae824374904c,ff3ed68c-8774-434c-9d24-2e4350b51351,c5,DROP,683,i6,?,
1769749419.1015146,SENT,e5f717cd-7b47-473c-a393-12db7fb66750,6b15b411-b23a-4454-8268-05b701659478,c2,DROP,442,?,e5,
1769749419.1015553,FORWARDED,e5f717cd-7b47-473c-a393-12db7fb66750,6b15b411-b23a-4454-8268-05b701659478,c2,DROP,442,?,e5,
1769749419.350569,SENT,d27b90b0-6f6a-49d2-b539-fa8104d28169,f8240fb2-89a9-4e56-add5-67431b4c45c2,c1,DROP,440,?,i3,
1769749419.3506112,FORWARDED,d27b90b0-6f6a-49d2-b539-fa8104d28169,f8240fb2-89a9-4e56-add5-67431b4c45c2,c1,DROP,440,?,i3,
1769749419.3650055,RECEIVED,75577169-62f6-429d-a25e-e4d0966fb927,b5d3b676-86dc-4379-abe3-b139abdc6b65,c4,DROP,441,x7,?,
1769749419.402854,RECEIVED,78ab18f9-9b5f-4cd3-a5b2-127bfd3fd5a9,e4bb93a5-ab04-4a78-b9a1-206450c7ec1d,c2,DROP,684,i1,?,
1769749419.4147983,RECEIVED,eca4b752-f3bd-4c2f-839f-e3555bd1ae6f,1a4dbec8-9e1d-4c36-8981-99f269a47338,c5,None,1123,i1,?,
1769749419.5151405,RECEIVED,dc351b49-8908-44df-be5e-6875a2a37c2f,97ba77ff-b2ad-4688-abec-059cf2bd573b,c3,DROP,679,i5,?,
1769749419.5219498,SENT,78ab18f9-9b5f-4cd3-a5b2-127bfd3fd5a9,e4bb93a5-ab04-4a78-b9a1-206450c7ec1d,c2,DROP,441,?,x2,
1769749419.521999,FORWARDED,78ab18f9-9b5f-4cd3-a5b2-127bfd3fd5a9,e4bb93a5-ab04-4a78-b9a1-206450c7ec1d,c2,DROP,441,?,x2,
1769749419.6010747,RECEIVED,11256c97-b5f7-4874-a33d-629cc0b68413,fee01782-a5d4-46ac-8919-931d825c63b9,c5,DROP,442,x1,?,
1769749419.6651838,SENT,74c61fbc-a05f-4e4f-8ff6-ae824374904c,ff3ed68c-8774-434c-9d24-2e4350b51351,c5,DROP,441,?,i7,
1769749419.665221,FORWARDED,74c61fbc-a05f-4e4f-8ff6-ae824374904c,ff3ed68c-8774-434c-9d24-2e4350b51351,c5,DROP,441,?,i7,
1769749419.7080421,RECEIVED,bde09f4e-6ba8-4596-a53c-8463d8c1a942,2f5c307b-1015-40c1-9f52-94b04314e3da,c3,DROP,683,i2,?,
1769749419.7136896,SENT,eca4b752-f3bd-4c2f-839f-e3555bd1ae6f,1a4dbec8-9e1d-4c36-8981-99f269a47338,c5,None,770,?,p1,
1769749419.7137332,FORWARDED,eca4b752-f3bd-4c2f-839f-e3555bd1ae6f,1a4dbec8-9e1d-4c36-8981-99f269a47338,c5,None,770,?,p1,
1769749419.7176247,RECEIVED,bb7ef59d-efa8-489e-bd7c-d22d4b060bd3,964ec616-5026-497d-95e0-77de48051c3b,c2,DROP,683,i4,?,
1769749420.0301218,RECEIVED,93631bad-72fc-4571-92d1-5303a72ccec5,d1222996-c3ee-4525-b538-2ca1f4817350,c5,None,1129,i6,?,
1769749420.0577366,SENT,bb7ef59d-efa8-489e-bd7c-d22d4b060bd3,964ec616-5026-497d-95e0-77de48051c3b,c2,DROP,441,?,i5,
1769749420.057785,FORWARDED,bb7ef59d-efa8-489e-bd7c-d22d4b060bd3,964ec616-5026-497d-95e0-77de48051c3b,c2,DROP,441,?,i5,
1769749420.0721045,SENT,dc351b49-8908-44df-be5e-6875a2a37c2f,97ba77ff-b2ad-4688-abec-059cf2bd573b,c3,DROP,437,?,x3,
1769749420.0721457,FORWARDED,dc351b49-8908-44df-be5e-6875a2a37c2f,97ba77ff-b2ad-4688-abec-059cf2bd573b,c3,DROP,437,?,x3,
1769749420.2661955,RECEIVED,acadc81d-b89d-4fa2-9bec-a394378a6ecc,fb7f311f-2b1e-4ae4-af09-2ea878a2e3f8,c1,DROP,688,i3,?,
1769749420.288855,RECEIVED,e28fdefe-f0c3-4df2-801e-6055974ede2b,a358a9b5-cac9-4492-b316-4c2d23a02856,c2,c3,1252,i2,?,
1769749420.3030834,RECEIVED,20a5a049-52b3-4998-8232-f413c546cdd9,c2efffdc-9a71-4b29-975c-8f1504f25ede,c5,DROP,691,i3,?,
1769749420.4120135,RECEIVED,b44939d4-6279-47c3-9a5c-9b31f16675d1,77d9f3e3-1efc-4c52-b5e4-f3161446d3e5,c3,None,1131,i2,?,
1769749420.4615421,RECEIVED,57921c3d-a022-45b2-a657-63e474bb1c7e,df9255f9-33d8-4f2f-8211-a823c40f28ad,c1,None,1123,i2,?,
1769749420.477271,RECEIVED,d4755fbe-94be-42ce-869f-25ba82ef1ef9,d1835048-d430-47fa-83ea-36c8459a65ae,c1,DROP,687,i2,?,
1769749420.5179653,RECEIVED,6bd08d42-0ba1-4d11-8ef5-923d992c4542,5e100c8b-0cc2-414a-96b0-c9d3547d56c4,c1,DROP,688,i7,?,
1769749420.5369813,RECEIVED,f265f67c-550e-4e44-8c95-15d144a67c21,de287e16-f95a-47f2-9f5d-6422178c83fb,c3,DROP,687,i4,?,
1769749420.6685421,SENT,bde09f4e-6ba8-4596-a53c-8463d8c1a942,2f5c307b-1015-40c1-9f52-94b04314e3da,c3,DROP,441,?,x4,
1769749420.6685836,FORWARDED,bde09f4e-6ba8-4596-a53c-8463d8c1a942,2f5c307b-1015-40c1-9f52-94b04314e3da,c3,DROP,441,?,x4,
1769749420.6848395,SENT,f265f67c-550e-4e44-8c95-15d144a67c21,de287e16-f95a-47f2-9f5d-6422178c83fb,c3,DROP,442,?,e7,
1769749420.684881,FORWARDED,f265f67c-550e-4e44-8c95-15d144a67c21,de287e16-f95a-47f2-9f5d-6422178c83fb,c3,DROP,442,?,e7,
1769749420.750866,SENT,57921c3d-a022-45b2-a657-63e474bb1c7e,df9255f9-33d8-4f2f-8211-a823c40f28ad,c1,None,771,?,p1,
1769749420.750911,FORWARDED,57921c3d-a022-45b2-a657-63e474bb1c7e,df9255f9-33d8-4f2f-8211-a823c40f28ad,c1,None,771,?,p1,
1769749420.762689,SENT,e28fdefe-f0c3-4df2-801e-6055974ede2b,a358a9b5-cac9-4492-b316-4c2d23a02856,c2,c3,867,?,p3,
1769749420.762732,FORWARDED,e28fdefe-f0c3-4df2-801e-6055974ede2b,a358a9b5-cac9-4492-b316-4c2d23a02856,c2,c3,867,?,p3,
1769749420.7739668,RECEIVED,e2f37656-672e-4bf9-a273-641b994e08e4,49eec28b-b0c3-4291-a2be-01370b058dd6,c1,DROP,442,x2,?,
1769749420.8134556,SENT,acadc81d-b89d-4fa2-9bec-a394378a6ecc,fb7f311f-2b1e-4ae4-af09-2ea878a2e3f8,c1,DROP,443,?,x10,
1769749420.813501,FORWARDED,acadc81d-b89d-4fa2-9bec-a394378a6ecc,fb7f311f-2b1e-4ae4-af09-2ea878a2e3f8,c1,DROP,443,?,x10,
1769749420.8552334,SENT,d4755fbe-94be-42ce-869f-25ba82ef1ef9,d1835048-d430-47fa-83ea-36c8459a65ae,c1,DROP,442,?,x3,
1769749420.855273,FORWARDED,d4755fbe-94be-42ce-869f-25ba82ef1ef9,d1835048-d430-47fa-83ea-36c8459a65ae,c1,DROP,442,?,x3,
1769749421.129721,SENT,b44939d4-6279-47c3-9a5c-9b31f16675d1,77d9f3e3-1efc-4c52-b5e4-f3161446d3e5,c3,None,775,?,p2,
1769749421.1297588,FORWARDED,b44939d4-6279-47c3-9a5c-9b31f16675d1,77d9f3e3-1efc-4c52-b5e4-f3161446d3e5,c3,None,775,?,p2,
1769749421.1368423,SENT,93631bad-72fc-4571-92d1-5303a72ccec5,d1222996-c3ee-4525-b538-2ca1f4817350,c5,None,777,?,p1,
1769749421.1368854,FORWARDED,93631bad-72fc-4571-92d1-5303a72ccec5,d1222996-c3ee-4525-b538-2ca1f4817350,c5,None,777,?,p1,
1769749421.199324,RECEIVED,3fce7d07-b6c8-4a12-b227-cda8cce8e90a,ec289561-b52c-4864-8898-e6974d7f4cb2,c2,c3,1251,i6,?,
1769749421.21182,SENT,20a5a049-52b3-4998-8232-f413c546cdd9,c2efffdc-9a71-4b29-975c-8f1504f25ede,c5,DROP,445,?,e5,
1769749421.2118661,FORWARDED,20a5a049-52b3-4998-8232-f413c546cdd9,c2efffdc-9a71-4b29-975c-8f1504f25ede,c5,DROP,445,?,e5,
1769749421.3222752,SENT,6bd08d42-0ba1-4d11-8ef5-923d992c4542,5e100c8b-0cc2-414a-96b0-c9d3547d56c4,c1,DROP,442,?,e10,
1769749421.3230965,FORWARDED,6bd08d42-0ba1-4d11-8ef5-923d992c4542,5e100c8b-0cc2-414a-96b0-c9d3547d56c4,c1,DROP,442,?,e10,
1769749421.5707471,RECEIVED,e10215aa-7772-4854-a42b-5548a28e9dbc,ef6623b6-e97a-4ca6-9261-07c691b05e28,c5,None,1128,i6,?,
1769749421.906977,RECEIVED,51e6012a-e3eb-4474-9371-6bfb763f79ba,e723ee5c-5ea6-497a-a9d0-61f726cf2f71,c5,c3,1252,i2,?,
1769749421.9130054,SENT,3fce7d07-b6c8-4a12-b227-cda8cce8e90a,ec289561-b52c-4864-8898-e6974d7f4cb2,c2,c3,867,?,p3,
1769749421.91307,FORWARDED,3fce7d07-b6c8-4a12-b227-cda8cce8e90a,ec289561-b52c-4864-8898-e6974d7f4cb2,c2,c3,867,?,p3,
1769749421.9243405,SENT,e10215aa-7772-4854-a42b-5548a28e9dbc,ef6623b6-e97a-4ca6-9261-07c691b05e28,c5,None,772,?,p1,
1769749421.9248798,FORWARDED,e10215aa-7772-4854-a42b-5548a28e9dbc,ef6623b6-e97a-4ca6-9261-07c691b05e28,c5,None,772,?,p1,
1769749422.0427399,RECEIVED,b1e12471-55f8-44ed-ac73-c8d7e917368c,4f571430-4ce7-4faf-a16d-252ffe3d6c74,c5,DROP,685,i3,?,
1769749422.0656955,RECEIVED,c08d430b-33d5-4957-aa96-fdc7fa756fcd,9bf59a0c-7e18-4337-a10e-382d866b01ec,c5,DROP,687,i5,?,
1769749422.076235,RECEIVED,b8e9b240-afa6-4d99-8345-d2a48274e06e,b7540e92-a50d-4c02-9ddb-1bc435d9c96d,c3,DROP,441,x10,?,
1769749422.1332698,SENT,b1e12471-55f8-44ed-ac73-c8d7e917368c,4f571430-4ce7-4faf-a16d-252ffe3d6c74,c5,DROP,441,?,i2,
1769749422.1333108,FORWARDED,b1e12471-55f8-44ed-ac73-c8d7e917368c,4f571430-4ce7-4faf-a16d-252ffe3d6c74,c5,DROP,441,?,i2,
1769749422.1550133,SENT,51e6012a-e3eb-4474-9371-6bfb763f79ba,e723ee5c-5ea6-497a-a9d0-61f726cf2f71,c5,c3,867,?,p3,
1769749422.1558883,FORWARDED,51e6012a-e3eb-4474-9371-6bfb763f79ba,e723ee5c-5ea6-497a-a9d0-61f726cf2f71,c5,c3,867,?,p3,
1769749422.1633708,RECEIVED,08526e63-9085-4709-91a7-b487953d482a,dfc9b6ac-56a7-40a4-9852-054908881da8,c1,DROP,684,i4,?,
1769749422.262204,SENT,08526e63-9085-4709-91a7-b487953d482a,dfc9b6ac-56a7-40a4-9852-054908881da8,c1,DROP,441,?,i9,
1769749422.2622454,FORWARDED,08526e63-9085-4709-91a7-b487953d482a,dfc9b6ac-56a7-40a4-9852-054908881da8,c1,DROP,441,?,i9,
1769749422.3086014,RECEIVED,dda3de9a-a788-42e7-8fbb-5d01e8aabeae,53221911-0f40-4a25-9c30-ae75c08e9b17,c2,DROP,688,i2,?,
1769749422.3874958,SENT,dda3de9a-a788-42e7-8fbb-5d01e8aabeae,53221911-0f40-4a25-9c30-ae75c08e9b17,c2,DROP,442,?,x9,
1769749422.3875318,FORWARDED,dda3de9a-a788-42e7-8fbb-5d01e8aabeae,53221911-0f40-4a25-9c30-ae75c08e9b17,c2,DROP,442,?,x9,
1769749422.5375583,RECEIVED,27feacf2-5170-4cfd-8871-89194a63dfc3,039b5d87-2e7f-42ee-b57b-4d0aeb20c80a,c2,DROP,688,i2,?,
1769749422.5606768,RECEIVED,35a43870-3625-4a9e-813b-70797b7f9a7a,f206efd1-bcf9-41dd-9df7-cbfefa69b4e4,c5,DROP,683,i7,?,
1769749422.5890176,SENT,27feacf2-5170-4cfd-8871-89194a63dfc3,039b5d87-2e7f-42ee-b57b-4d0aeb20c80a,c2,DROP,442,?,i1,
1769749422.5890694,FORWARDED,27feacf2-5170-4cfd-8871-89194a63dfc3,039b5d87-2e7f-42ee-b57b-4d0aeb20c80a,c2,DROP,442,?,i1,
1769749422.6931307,RECEIVED,e5bdb872-f058-492c-9c42-fa6f1be6dab5,2de0f0f2-8f5d-433f-abf5-70f510daf5bf,c1,DROP,441,x4,?,
1769749422.7074542,RECEIVED,43642f73-ac3e-4474-b070-5c0feb4c4dbc,363f67cb-8ef9-4e08-bc4c-50b019bb021e,c3,None,1123,i8,?,
1769749422.7755191,RECEIVED,69f79caa-59cb-42ef-b8a4-6c16b79ca88e,b14e19bd-fe4d-482f-a919-7af65440a3d6,c4,DROP,682,i3,?,
1769749422.8980784,RECEIVED,b54e266a-bcbd-4961-a0de-fb9613ab55be,bd7a74fb-b8a1-4a9f-9527-abb18b4b2cc9,c3,DROP,684,i7,?,
1769749422.9182222,SENT,35a43870-3625-4a9e-813b-70797b7f9a7a,f206efd1-bcf9-41dd-9df7-cbfefa69b4e4,c5,DROP,441,?,i5,
1769749422.9182618,FORWARDED,35a43870-3625-4a9e-813b-70797b7f9a7a,f206efd1-bcf9-41dd-9df7-cbfefa69b4e4,c5,DROP,441,?,i5,
1769749422.9567878,RECEIVED,536dc5c6-b2b7-499a-991a-c5cdde149074,1c3bf8fa-0666-4ced-8f9a-eb5b58a9165e,c4,DROP,683,i7,?,
1769749423.088436,SENT,43642f73-ac3e-4474-b070-5c0feb4c4dbc,363f67cb-8ef9-4e08-bc4c-50b019bb021e,c3,None,771,?,p2,
1769749423.0884786,FORWARDED,43642f73-ac3e-4474-b070-5c0feb4c4dbc,363f67cb-8ef9-4e08-bc4c-50b019bb021e,c3,None,771,?,p2,
1769749423.0941644,RECEIVED,92cb0196-1ddf-41d9-9970-ba12e29ccc2b,57ca5204-455c-4970-b71d-ac87b149fac3,c1,DROP,687,i9,?,
1769749423.1112287,SENT,69f79caa-59cb-42ef-b8a4-6c16b79ca88e,b14e19bd-fe4d-482f-a919-7af65440a3d6,c4,DROP,441,?,i1,
1769749423.111271,FORWARDED,69f79caa-59cb-42ef-b8a4-6c16b79ca88e,b14e19bd-fe4d-482f-a919-7af65440a3d6,c4,DROP,441,?,i1,
1769749423.5263033,SENT,536dc5c6-b2b7-499a-991a-c5cdde149074,1c3bf8fa-0666-4ced-8f9a-eb5b58a9165e,c4,DROP,441,?,i5,
1769749423.5263627,FORWARDED,536dc5c6-b2b7-499a-991a-c5cdde149074,1c3bf8fa-0666-4ced-8f9a-eb5b58a9165e,c4,DROP,441,?,i5,
1769749423.6058688,SENT,c08d430b-33d5-4957-aa96-fdc7fa756fcd,9bf59a0c-7e18-4337-a10e-382d866b01ec,c5,DROP,442,?,i7,
1769749423.605905,FORWARDED,c08d430b-33d5-4957-aa96-fdc7fa756fcd,9bf59a0c-7e18-4337-a10e-382d866b01ec,c5,DROP,442,?,i7,
1769749423.7406785,RECEIVED,d0213862-ea3a-41e8-9702-63ca976e5896,918a97d7-a5e5-417f-8688-c0225dfd9537,c5,c3,1259,i6,?,
1769749423.7649393,SENT,b54e266a-bcbd-4961-a0de-fb9613ab55be,bd7a74fb-b8a1-4a9f-9527-abb18b4b2cc9,c3,DROP,441,?,x10,
1769749423.76498,FORWARDED,b54e266a-bcbd-4961-a0de-fb9613ab55be,bd7a74fb-b8a1-4a9f-9527-abb18b4b2cc9,c3,DROP,441,?,x10,
1769749423.8472924,RECEIVED,fd90fc25-cf8c-4126-90ca-d7f122509c67,a08a2526-88ae-4012-9f77-331217755617,c3,None,1131,i8,?,
1769749423.9643087,RECEIVED,38e374c9-02c9-427b-8462-a429e28bcf05,aeae6be1-a11e-4bab-87c9-dbe58186eaa1,c4,DROP,684,i4,?,
1769749424.018942,RECEIVED,443d644e-20c0-4e37-8036-60bbd51b2370,79b76344-3e08-4cd0-8b7b-7f3726bead29,c2,c3,1256,i8,?,
1769749424.1744819,SENT,d0213862-ea3a-41e8-9702-63ca976e5896,918a97d7-a5e5-417f-8688-c0225dfd9537,c5,c3,871,?,p3,
1769749424.1745238,FORWARDED,d0213862-ea3a-41e8-9702-63ca976e5896,918a97d7-a5e5-417f-8688-c0225dfd9537,c5,c3,871,?,p3,
1769749424.234992,SENT,38e374c9-02c9-427b-8462-a429e28bcf05,aeae6be1-a11e-4bab-87c9-dbe58186eaa1,c4,DROP,441,?,x2,
1769749424.2350342,FORWARDED,38e374c9-02c9-427b-8462-a429e28bcf05,aeae6be1-a11e-4bab-87c9-dbe58186eaa1,c4,DROP,441,?,x2,
1769749424.3263278,RECEIVED,e307b5e1-7587-46dc-a1a8-a476f8ab9e19,7268ba7a-e122-4c8b-ac40-8b72bb6da8ee,c3,DROP,442,x12,?,
1769749424.4450808,RECEIVED,4a4d6b72-33fc-461d-8240-ba5f2aaf7b30,01cb9806-ef65-49cc-bdc2-814a68c4dd27,c2,c3,1312,i2,?,
1769749424.4828951,SENT,443d644e-20c0-4e37-8036-60bbd51b2370,79b76344-3e08-4cd0-8b7b-7f3726bead29,c2,c3,868,?,p3,
1769749424.4829338,FORWARDED,443d644e-20c0-4e37-8036-60bbd51b2370,79b76344-3e08-4cd0-8b7b-7f3726bead29,c2,c3,868,?,p3,
1769749424.5620682,RECEIVED,8d6ab019-9869-43db-83ca-3f307b97baa6,b8f826b1-1ea9-47a1-ac84-9d4b440dff0c,c1,c5,1255,i8,?,
1769749424.5964007,SENT,fd90fc25-cf8c-4126-90ca-d7f122509c67,a08a2526-88ae-4012-9f77-331217755617,c3,None,776,?,p2,
1769749424.596444,FORWARDED,fd90fc25-cf8c-4126-90ca-d7f122509c67,a08a2526-88ae-4012-9f77-331217755617,c3,None,776,?,p2,
1769749424.6741,SENT,4a4d6b72-33fc-461d-8240-ba5f2aaf7b30,01cb9806-ef65-49cc-bdc2-814a68c4dd27,c2,c3,911,?,p3,
1769749424.674142,FORWARDED,4a4d6b72-33fc-461d-8240-ba5f2aaf7b30,01cb9806-ef65-49cc-bdc2-814a68c4dd27,c2,c3,911,?,p3,
1769749424.8161392,RECEIVED,9ccb6cfc-fa03-4dc3-92f3-4f0d270bfc49,1fa56f44-87c2-4d8c-b8cd-8f29ae1a7151,c3,DROP,680,i3,?,
1769749424.9446347,SENT,9ccb6cfc-fa03-4dc3-92f3-4f0d270bfc49,1fa56f44-87c2-4d8c-b8cd-8f29ae1a7151,c3,DROP,437,?,x2,
1769749424.9446747,FORWARDED,9ccb6cfc-fa03-4dc3-92f3-4f0d270bfc49,1fa56f44-87c2-4d8c-b8cd-8f29ae1a7151,c3,DROP,437,?,x2,
1769749425.0102367,RECEIVED,f622de33-6d5c-43dd-8e55-2310a7c2640c,9df65bfb-2180-4d0f-94d4-bc5dff6531e9,c4,DROP,683,i2,?,
1769749425.0435712,SENT,92cb0196-1ddf-41d9-9970-ba12e29ccc2b,57ca5204-455c-4970-b71d-ac87b149fac3,c1,DROP,442,?,e2,
1769749425.043613,FORWARDED,92cb0196-1ddf-41d9-9970-ba12e29ccc2b,57ca5204-455c-4970-b71d-ac87b149fac3,c1,DROP,442,?,e2,
1769749425.1104143,RECEIVED,0f8b792e-4fc3-4bae-9833-bb0c8e1630a2,efb3455a-aa1d-450c-95f1-83a0723e1d1b,c5,DROP,689,i2,?,
1769749425.346507,RECEIVED,660a6f15-e08d-454e-9a37-9640ac15836c,b25f87bb-0ba9-4c64-ab93-1bb901bb81f7,c2,DROP,442,x2,?,
1769749425.4959528,SENT,0f8b792e-4fc3-4bae-9833-bb0c8e1630a2,efb3455a-aa1d-450c-95f1-83a0723e1d1b,c5,DROP,443,?,x10,
1769749425.4959939,FORWARDED,0f8b792e-4fc3-4bae-9833-bb0c8e1630a2,efb3455a-aa1d-450c-95f1-83a0723e1d1b,c5,DROP,443,?,x10,
1769749425.5373359,RECEIVED,1c40a3da-5c66-435b-9197-a75175409abe,e320a391-cb8c-4926-a68e-7e99df92c7af,c4,DROP,683,i7,?,
1769749425.5407379,SENT,f622de33-6d5c-43dd-8e55-2310a7c2640c,9df65bfb-2180-4d0f-94d4-bc5dff6531e9,c4,DROP,440,?,i7,
1769749425.54078,FORWARDED,f622de33-6d5c-43dd-8e55-2310a7c2640c,9df65bfb-2180-4d0f-94d4-bc5dff6531e9,c4,DROP,440,?,i7,
1769749425.5702665,SENT,8d6ab019-9869-43db-83ca-3f307b97baa6,b8f826b1-1ea9-47a1-ac84-9d4b440dff0c,c1,c5,868,?,p2,
1769749425.5703063,FORWARDED,8d6ab019-9869-43db-83ca-3f307b97baa6,b8f826b1-1ea9-47a1-ac84-9d4b440dff0c,c1,c5,868,?,p2,
1769749425.6738045,RECEIVED,dcc6589b-9d27-47a3-9d8f-5eb6f33d4d73,8addb800-5d65-4885-aa72-dc41b3d1f4d0,c2,c3,1312,i6,?,
1769749425.7123895,SENT,dcc6589b-9d27-47a3-9d8f-5eb6f33d4d73,8addb800-5d65-4885-aa72-dc41b3d1f4d0,c2,c3,912,?,p3,
1769749425.712431,FORWARDED,dcc6589b-9d27-47a3-9d8f-5eb6f33d4d73,8addb800-5d65-4885-aa72-dc41b3d1f4d0,c2,c3,912,?,p3,
1769749425.7535245,SENT,1c40a3da-5c66-435b-9197-a75175409abe,e320a391-cb8c-4926-a68e-7e99df92c7af,c4,DROP,441,?,x7,
1769749425.7535677,FORWARDED,1c40a3da-5c66-435b-9197-a75175409abe,e320a391-cb8c-4926-a68e-7e99df92c7af,c4,DROP,441,?,x7,
1769749425.8152745,RECEIVED,a1d07dcf-ffc8-45de-98bd-ec8964e7ac8e,2a11e8f4-a92a-47a6-b8e1-3cf842b356a8,c3,None,1132,i1,?,
1769749425.880885,RECEIVED,7a96a3b9-8ebb-41f3-9cce-c72961be871d,f4bb01b7-7bbe-48e4-aae1-0a3cb8b7a952,c5,DROP,687,i9,?,
1769749425.9509082,SENT,a1d07dcf-ffc8-45de-98bd-ec8964e7ac8e,2a11e8f4-a92a-47a6-b8e1-3cf842b356a8,c3,None,775,?,p2,
1769749425.9509494,FORWARDED,a1d07dcf-ffc8-45de-98bd-ec8964e7ac8e,2a11e8f4-a92a-47a6-b8e1-3cf842b356a8,c3,None,775,?,p2,
1769749426.2568471,RECEIVED,be125993-d053-4cb2-9bee-672034f40673,0f942c26-262b-498e-a45f-7eb3e24a554c,c4,DROP,683,i7,?,
1769749426.3964303,SENT,7a96a3b9-8ebb-41f3-9cce-c72961be871d,f4bb01b7-7bbe-48e4-aae1-0a3cb8b7a952,c5,DROP,442,?,i4,
1769749426.3964698,FORWARDED,7a96a3b9-8ebb-41f3-9cce-c72961be871d,f4bb01b7-7bbe-48e4-aae1-0a3cb8b7a952,c5,DROP,442,?,i4,
1769749426.4918056,RECEIVED,46d84cf5-b820-4371-9acc-9ccc8208ff74,f293a7c8-d41f-4813-9aa3-fa90965c1857,c1,DROP,683,i5,?,
1769749426.62797,SENT,46d84cf5-b820-4371-9acc-9ccc8208ff74,f293a7c8-d41f-4813-9aa3-fa90965c1857,c1,DROP,441,?,i4,
1769749426.6280127,FORWARDED,46d84cf5-b820-4371-9acc-9ccc8208ff74,f293a7c8-d41f-4813-9aa3-fa90965c1857,c1,DROP,441,?,i4,
1769749426.7837517,RECEIVED,0f0f497c-54fe-4c00-9ab1-09ede72d507e,1f2143be-f758-4955-86f6-9e1e6e9e402f,c1,DROP,687,i2,?,
1769749426.8983626,RECEIVED,2a253eb7-b0b8-4afb-9c07-0ec0078e6b08,08550a93-5bd5-440d-9e14-adcc5f46aaa6,c3,DROP,441,x9,?,
1769749426.9223921,RECEIVED,c500cccc-e01c-4201-89a9-39c0e4b65f06,266e327a-a695-4e03-90dd-b57ccd3fc47e,c1,None,1132,i7,?,
1769749426.9634414,SENT,c500cccc-e01c-4201-89a9-39c0e4b65f06,266e327a-a695-4e03-90dd-b57ccd3fc47e,c1,None,775,?,p1,
1769749426.9634833,FORWARDED,c500cccc-e01c-4201-89a9-39c0e4b65f06,266e327a-a695-4e03-90dd-b57ccd3fc47e,c1,None,775,?,p1,
1769749427.0136662,RECEIVED,41d684da-0455-4c83-9ed7-9ab7f6623d41,59d5311c-c9b5-42e7-a37b-6d2426b0cfaa,c4,DROP,683,i1,?,
1769749427.040151,RECEIVED,6ac3fe4e-382d-43d0-9ba6-62d242c9be4e,58d9e156-98dc-4d35-8b6a-5dba5276b72d,c1,DROP,683,i4,?,
1769749427.124635,RECEIVED,3c9698a4-8476-49d1-9a0d-53eca313213c,5be23170-1bb4-41ab-91a4-823cb7b73930,c2,None,1124,i6,?,
1769749427.2310932,SENT,3c9698a4-8476-49d1-9a0d-53eca313213c,5be23170-1bb4-41ab-91a4-823cb7b73930,c2,None,771,?,p3,
1769749427.2311375,FORWARDED,3c9698a4-8476-49d1-9a0d-53eca313213c,5be23170-1bb4-41ab-91a4-823cb7b73930,c2,None,771,?,p3,
1769749427.3240702,RECEIVED,81c3fa5f-66b6-47bc-a4e0-428d2813a465,f5aad814-1365-477a-a4f5-58682ba5b609,c1,DROP,684,i8,?,
1769749427.346265,SENT,0f0f497c-54fe-4c00-9ab1-09ede72d507e,1f2143be-f758-4955-86f6-9e1e6e9e402f,c1,DROP,442,?,i4,
1769749427.3463078,FORWARDED,0f0f497c-54fe-4c00-9ab1-09ede72d507e,1f2143be-f758-4955-86f6-9e1e6e9e402f,c1,DROP,442,?,i4,
1769749427.3669536,RECEIVED,4086621a-8a3d-4c95-86cc-f021b5bb022a,81f878af-e8a8-4f71-852a-c2219f8d6907,c5,None,1123,i4,?,
1769749427.3738465,RECEIVED,c4f408d4-7341-4e79-b67c-f1eb770a3dd9,04406b9c-2876-4ed0-b8f2-cb982c929927,c2,None,1127,i7,?,
1769749427.406369,SENT,be125993-d053-4cb2-9bee-672034f40673,0f942c26-262b-498e-a45f-7eb3e24a554c,c4,DROP,441,?,x5,
1769749427.4064105,FORWARDED,be125993-d053-4cb2-9bee-672034f40673,0f942c26-262b-498e-a45f-7eb3e24a554c,c4,DROP,441,?,x5,
1769749427.4730654,SENT,41d684da-0455-4c83-9ed7-9ab7f6623d41,59d5311c-c9b5-42e7-a37b-6d2426b0cfaa,c4,DROP,439,?,x6,
1769749427.4731054,FORWARDED,41d684da-0455-4c83-9ed7-9ab7f6623d41,59d5311c-c9b5-42e7-a37b-6d2426b0cfaa,c4,DROP,439,?,x6,
1769749427.6630552,SENT,c4f408d4-7341-4e79-b67c-f1eb770a3dd9,04406b9c-2876-4ed0-b8f2-cb982c929927,c2,None,773,?,p3,
1769749427.6630976,FORWARDED,c4f408d4-7341-4e79-b67c-f1eb770a3dd9,04406b9c-2876-4ed0-b8f2-cb982c929927,c2,None,773,?,p3,
1769749427.7744038,SENT,4086621a-8a3d-4c95-86cc-f021b5bb022a,81f878af-e8a8-4f71-852a-c2219f8d6907,c5,None,770,?,p1,
1769749427.7744472,FORWARDED,4086621a-8a3d-4c95-86cc-f021b5bb022a,81f878af-e8a8-4f71-852a-c2219f8d6907,c5,None,770,?,p1,
1769749427.810693,SENT,81c3fa5f-66b6-47bc-a4e0-428d2813a465,f5aad814-1365-477a-a4f5-58682ba5b609,c1,DROP,441,?,i3,
1769749427.810734,FORWARDED,81c3fa5f-66b6-47bc-a4e0-428d2813a465,f5aad814-1365-477a-a4f5-58682ba5b609,c1,DROP,441,?,i3,
1769749427.8537362,RECEIVED,4982c2c8-cc63-4e3e-8f53-d04e00103a82,5cff083d-6e9a-49d2-a2b4-ad87e10f119a,c3,DROP,442,x7,?,
1769749428.0711923,RECEIVED,596602bd-b6da-4cf7-933b-e82bbdf6e323,c03855bb-fe67-47e6-8f82-fa3822024c4c,c2,DROP,445,x12,?,
1769749428.1859624,RECEIVED,b8da64d9-d9cb-46ac-a9e5-e477887cd90c,a0e75a9d-9e74-4a6c-bf9e-a2e226423d0f,c4,DROP,684,i6,?,
1769749428.3965409,RECEIVED,307dbd86-1001-48ea-bb7e-0ac4ee00f5d5,f3b58f1f-4822-439b-8af0-86e39442a421,c2,DROP,684,i2,?,
1769749428.423369,SENT,b8da64d9-d9cb-46ac-a9e5-e477887cd90c,a0e75a9d-9e74-4a6c-bf9e-a2e226423d0f,c4,DROP,441,?,i4,
1769749428.4234102,FORWARDED,b8da64d9-d9cb-46ac-a9e5-e477887cd90c,a0e75a9d-9e74-4a6c-bf9e-a2e226423d0f,c4,DROP,441,?,i4,
1769749428.5134127,RECEIVED,121b16ed-8ba1-4cbd-8812-1c3ba634b888,b2671562-6a27-40b0-93d1-e7c50f1908a3,c1,DROP,680,i5,?,
1769749428.5679796,RECEIVED,5565361f-7a93-4dba-8936-5b046559d9c5,a04ffca7-7a13-4826-816e-a1f889a9a3e1,c5,c3,1252,i3,?,
1769749428.6674345,RECEIVED,a3139025-a21e-4a9b-b61d-225e2583a54d,7b0fad19-9583-4d3b-b3f4-e7e8798b44bd,c2,c3,1252,i6,?,
1769749428.6720266,SENT,307dbd86-1001-48ea-bb7e-0ac4ee00f5d5,f3b58f1f-4822-439b-8af0-86e39442a421,c2,DROP,441,?,e10,
1769749428.672082,FORWARDED,307dbd86-1001-48ea-bb7e-0ac4ee00f5d5,f3b58f1f-4822-439b-8af0-86e39442a421,c2,DROP,441,?,e10,
1769749428.7735271,RECEIVED,03c5a516-a912-4ce7-a9b2-3abe860a1af7,93d8fb32-ef8a-42a6-9570-305fe4731182,c5,DROP,688,i7,?,
1769749428.8241405,SENT,a3139025-a21e-4a9b-b61d-225e2583a54d,7b0fad19-9583-4d3b-b3f4-e7e8798b44bd,c2,c3,867,?,p3,
1769749428.8241756,FORWARDED,a3139025-a21e-4a9b-b61d-225e2583a54d,7b0fad19-9583-4d3b-b3f4-e7e8798b44bd,c2,c3,867,?,p3,
1769749428.840097,SENT,03c5a516-a912-4ce7-a9b2-3abe860a1af7,93d8fb32-ef8a-42a6-9570-305fe4731182,c5,DROP,442,?,x2,
1769749428.8401353,FORWARDED,03c5a516-a912-4ce7-a9b2-3abe860a1af7,93d8fb32-ef8a-42a6-9570-305fe4731182,c5,DROP,442,?,x2,
1769749428.9110131,SENT,121b16ed-8ba1-4cbd-8812-1c3ba634b888,b2671562-6a27-40b0-93d1-e7c50f1908a3,c1,DROP,437,?,x12,
1769749428.9110796,FORWARDED,121b16ed-8ba1-4cbd-8812-1c3ba634b888,b2671562-6a27-40b0-93d1-e7c50f1908a3,c1,DROP,437,?,x12,
1769749428.9528322,RECEIVED,9124b710-7e64-436e-bafd-3c471d8f0aeb,cf82f171-1304-4d18-9457-84b1223f01f4,c4,DROP,441,x4,?,
1769749428.9807744,SENT,6ac3fe4e-382d-43d0-9ba6-62d242c9be4e,58d9e156-98dc-4d35-8b6a-5dba5276b72d,c1,DROP,441,?,e2,
1769749428.9808154,FORWARDED,6ac3fe4e-382d-43d0-9ba6-62d242c9be4e,58d9e156-98dc-4d35-8b6a-5dba5276b72d,c1,DROP,441,?,e2,
1769749428.992659,SENT,5565361f-7a93-4dba-8936-5b046559d9c5,a04ffca7-7a13-4826-816e-a1f889a9a3e1,c5,c3,867,?,p3,
1769749428.9927008,FORWARDED,5565361f-7a93-4dba-8936-5b046559d9c5,a04ffca7-7a13-4826-816e-a1f889a9a3e1,c5,c3,867,?,p3,
1769749429.087758,RECEIVED,3a774396-7d93-4477-80df-184c8a2d2d5e,97aa79ad-8e29-484e-b387-543be6515f21,c1,DROP,685,i7,?,
1769749429.1318574,SENT,3a774396-7d93-4477-80df-184c8a2d2d5e,97aa79ad-8e29-484e-b387-543be6515f21,c1,DROP,441,?,x10,
1769749429.1318955,FORWARDED,3a774396-7d93-4477-80df-184c8a2d2d5e,97aa79ad-8e29-484e-b387-543be6515f21,c1,DROP,441,?,x10,
1769749429.2132344,RECEIVED,753d473f-21d8-4080-987b-ccbb1cb76151,57b2b3de-f444-414f-9474-f89dad5c20be,c4,DROP,682,i2,?,
1769749429.3834836,SENT,753d473f-21d8-4080-987b-ccbb1cb76151,57b2b3de-f444-414f-9474-f89dad5c20be,c4,DROP,441,?,e4,
1769749429.3835187,FORWARDED,753d473f-21d8-4080-987b-ccbb1cb76151,57b2b3de-f444-414f-9474-f89dad5c20be,c4,DROP,441,?,e4,
1769749429.3864167,RECEIVED,4910df82-a058-4d8c-9c3f-794328d2ae42,50de1526-21c3-492b-ad4f-22cb09623e9e,c5,DROP,688,i4,?,
1769749429.579343,SENT,4910df82-a058-4d8c-9c3f-794328d2ae42,50de1526-21c3-492b-ad4f-22cb09623e9e,c5,DROP,442,?,e8,
1769749429.579384,FORWARDED,4910df82-a058-4d8c-9c3f-794328d2ae42,50de1526-21c3-492b-ad4f-22cb09623e9e,c5,DROP,442,?,e8,
1769749429.623835,RECEIVED,dcd31b4a-986e-479a-9ee2-c3aa768ccc24,5f613736-cc4f-44bc-bb4d-b700e02ea231,c3,DROP,679,i4,?,
1769749429.6965318,RECEIVED,a9994223-6992-404d-9896-cfe035af84da,3d06c5ae-288d-42e1-9b13-1097cad66c06,c3,None,1128,i9,?,
1769749429.8425949,SENT,a9994223-6992-404d-9896-cfe035af84da,3d06c5ae-288d-42e1-9b13-1097cad66c06,c3,None,772,?,p2,
1769749429.8426385,FORWARDED,a9994223-6992-404d-9896-cfe035af84da,3d06c5ae-288d-42e1-9b13-1097cad66c06,c3,None,772,?,p2,
1769749429.9579308,RECEIVED,8fdbce94-7022-4d88-b968-b52fcf71c204,99f5bcae-d689-45d9-9e00-e7f51a2390c0,c5,DROP,688,i3,?,
1769749430.07001,RECEIVED,ee51c293-77aa-46cf-92cd-655bc6e52d4c,9957e009-aff4-4e21-ba00-4a13ddc32438,c5,DROP,680,i5,?,
1769749430.0721664,SENT,8fdbce94-7022-4d88-b968-b52fcf71c204,99f5bcae-d689-45d9-9e00-e7f51a2390c0,c5,DROP,442,?,i9,
1769749430.072204,FORWARDED,8fdbce94-7022-4d88-b968-b52fcf71c204,99f5bcae-d689-45d9-9e00-e7f51a2390c0,c5,DROP,442,?,i9,
1769749430.1297305,SENT,dcd31b4a-986e-479a-9ee2-c3aa768ccc24,5f613736-cc4f-44bc-bb4d-b700e02ea231,c3,DROP,437,?,x6,
1769749430.129772,FORWARDED,dcd31b4a-986e-479a-9ee2-c3aa768ccc24,5f613736-cc4f-44bc-bb4d-b700e02ea231,c3,DROP,437,?,x6,
1769749430.250235,SENT,ee51c293-77aa-46cf-92cd-655bc6e52d4c,9957e009-aff4-4e21-ba00-4a13ddc32438,c5,DROP,438,?,e2,
1769749430.2502759,FORWARDED,ee51c293-77aa-46cf-92cd-655bc6e52d4c,9957e009-aff4-4e21-ba00-4a13ddc32438,c5,DROP,438,?,e2,
1769749430.2542434,RECEIVED,84f25e90-37f7-4a71-b3f8-3bdc035af32c,5e7f000e-7b5c-403b-b595-8add09519d1c,c1,c5,1258,i6,?,
1769749430.7964063,RECEIVED,68324234-1dfc-4360-83a2-cec40f4d3595,be6777e7-c176-4133-8baa-7f3c5acacd58,c4,c1,1259,i9,?,
1769749430.8151124,SENT,84f25e90-37f7-4a71-b3f8-3bdc035af32c,5e7f000e-7b5c-403b-b595-8add09519d1c,c1,c5,872,?,p2,
1769749430.8151596,FORWARDED,84f25e90-37f7-4a71-b3f8-3bdc035af32c,5e7f000e-7b5c-403b-b595-8add09519d1c,c1,c5,872,?,p2,
1769749430.885641,RECEIVED,a49dadfc-6711-4500-b418-cf08300af783,c642aeda-97df-4634-9b6e-c0a9db482e55,c5,DROP,684,i4,?,
1769749430.9637868,SENT,a49dadfc-6711-4500-b418-cf08300af783,c642aeda-97df-4634-9b6e-c0a9db482e55,c5,DROP,441,?,x7,
1769749430.9638276,FORWARDED,a49dadfc-6711-4500-b418-cf08300af783,c642aeda-97df-4634-9b6e-c0a9db482e55,c5,DROP,441,?,x7,
1769749430.9774764,RECEIVED,0b7f6776-a256-4ebe-ac2f-7ff19dc9120e,a1e803b5-b3be-43f4-845f-2214a60ca8ef,c4,DROP,441,x7,?,
1769749431.0076969,SENT,68324234-1dfc-4360-83a2-cec40f4d3595,be6777e7-c176-4133-8baa-7f3c5acacd58,c4,c1,871,?,p1,
1769749431.0077348,FORWARDED,68324234-1dfc-4360-83a2-cec40f4d3595,be6777e7-c176-4133-8baa-7f3c5acacd58,c4,c1,871,?,p1,
1769749431.1410882,RECEIVED,0c55e88e-31ab-4bf5-b829-0983550d1db5,9ec442cb-d7d3-4564-882d-2c88e03fa93a,c5,c3,1252,i4,?,
1769749431.288692,SENT,0c55e88e-31ab-4bf5-b829-0983550d1db5,9ec442cb-d7d3-4564-882d-2c88e03fa93a,c5,c3,867,?,p3,
1769749431.2887301,FORWARDED,0c55e88e-31ab-4bf5-b829-0983550d1db5,9ec442cb-d7d3-4564-882d-2c88e03fa93a,c5,c3,867,?,p3,
1769749431.333855,RECEIVED,497f8180-8bd4-4b1f-944c-5ee975263734,92f4ca74-3bb1-47a6-872c-531bfcc4b091,c4,DROP,688,i5,?,
1769749431.3796082,RECEIVED,d7415d1b-a4fc-4b59-965d-bc300b9fc5e8,78485623-a62d-4cad-95f3-bfdde4698625,c1,DROP,441,x4,?,
1769749431.8142772,RECEIVED,57f16bdd-3792-4741-b893-35947db2981b,b5bf09e4-3a14-4752-b6b4-e49263d9b369,c2,c3,1264,i4,?,
1769749431.9639935,SENT,57f16bdd-3792-4741-b893-35947db2981b,b5bf09e4-3a14-4752-b6b4-e49263d9b369,c2,c3,876,?,p3,
1769749431.9640646,FORWARDED,57f16bdd-3792-4741-b893-35947db2981b,b5bf09e4-3a14-4752-b6b4-e49263d9b369,c2,c3,876,?,p3,
1769749432.09537,RECEIVED,8334b3ee-b076-40d1-a28d-34f3cab7f891,b0ed3bf0-22ff-4783-b8ec-61f1d016cae5,c3,DROP,684,i7,?,
1769749432.2521033,SENT,497f8180-8bd4-4b1f-944c-5ee975263734,92f4ca74-3bb1-47a6-872c-531bfcc4b091,c4,DROP,442,?,x12,
1769749432.2521417,FORWARDED,497f8180-8bd4-4b1f-944c-5ee975263734,92f4ca74-3bb1-47a6-872c-531bfcc4b091,c4,DROP,442,?,x12,
1769749432.3087132,RECEIVED,04295a12-c274-4291-b27d-5bbcabceb5f3,73beb256-c15f-4857-847a-32267f8e610a,c1,DROP,684,i8,?,
1769749432.6585786,FORWARDED,8334b3ee-b076-40d1-a28d-34f3cab7f891,b0ed3bf0-22ff-4783-b8ec-61f1d016cae5,c3,DROP,441,?,i12,
1769749432.720347,SENT,04295a12-c274-4291-b27d-5bbcabceb5f3,73beb256-c15f-4857-847a-32267f8e610a,c1,DROP,441,?,e3,
1769749432.720387,FORWARDED,04295a12-c274-4291-b27d-5bbcabceb5f3,73beb256-c15f-4857-847a-32267f8e610a,c1,DROP,441,?,e3,
1769749432.859239,RECEIVED,8244219e-93bc-4f06-8e19-e58cbc9a487c,a556bae6-a60f-433e-98ac-96e5d8789256,c2,None,1131,i6,?,
1769749433.2215326,RECEIVED,d546638f-9eef-4bd5-bc2d-2e06f44456f9,956abd63-0244-436e-b05d-3452e8193650,c2,DROP,684,i2,?,
1769749433.4989262,RECEIVED,2f063f36-300f-4bf6-8cdc-2abc529a3ca5,929ebb79-2134-4672-9dac-81f5b2b9d6fb,c3,None,1128,i3,?,
1769749433.6007476,SENT,2f063f36-300f-4bf6-8cdc-2abc529a3ca5,929ebb79-2134-4672-9dac-81f5b2b9d6fb,c3,None,772,?,p2,
1769749433.6007907,FORWARDED,2f063f36-300f-4bf6-8cdc-2abc529a3ca5,929ebb79-2134-4672-9dac-81f5b2b9d6fb,c3,None,772,?,p2,
1769749433.6051707,RECEIVED,4fc9f3e4-a810-4e56-9cff-c0133324eb7d,f108858d-305a-46cd-9f77-aa5f7ffe40b3,c2,c3,1310,i6,?,
1769749433.679509,FORWARDED,d546638f-9eef-4bd5-bc2d-2e06f44456f9,956abd63-0244-436e-b05d-3452e8193650,c2,DROP,441,?,i11,
1769749433.6819718,RECEIVED,067c8d6e-10cd-4bd6-84b5-735a195bc573,33f7c752-1368-45c3-81a3-6c8414a357a5,c2,DROP,442,x6,?,
1769749433.8649166,SENT,4fc9f3e4-a810-4e56-9cff-c0133324eb7d,f108858d-305a-46cd-9f77-aa5f7ffe40b3,c2,c3,911,?,p3,
1769749433.8649707,FORWARDED,4fc9f3e4-a810-4e56-9cff-c0133324eb7d,f108858d-305a-46cd-9f77-aa5f7ffe40b3,c2,c3,911,?,p3,
1769749433.9104974,SENT,8244219e-93bc-4f06-8e19-e58cbc9a487c,a556bae6-a60f-433e-98ac-96e5d8789256,c2,None,775,?,p3,
1769749433.9105375,FORWARDED,8244219e-93bc-4f06-8e19-e58cbc9a487c,a556bae6-a60f-433e-98ac-96e5d8789256,c2,None,775,?,p3,
1769749433.99987,RECEIVED,fe37e675-6137-48c6-ac68-448c52acf48b,754d4508-505e-4c1b-82d5-a41e6f6eeabb,c5,None,1125,i1,?,
1769749434.0450277,RECEIVED,fdb19133-b2e3-4f49-a9e1-90015fb99d75,6c3b8af9-f427-4a40-9313-27802615917a,c1,None,1132,i1,?,
1769749434.0506306,SENT,fe37e675-6137-48c6-ac68-448c52acf48b,754d4508-505e-4c1b-82d5-a41e6f6eeabb,c5,None,770,?,p1,
1769749434.050676,FORWARDED,fe37e675-6137-48c6-ac68-448c52acf48b,754d4508-505e-4c1b-82d5-a41e6f6eeabb,c5,None,770,?,p1,
1769749434.07559,RECEIVED,cec5286b-6b16-4ae2-b11f-c0a9ad3741f5,fbd3cfc6-379d-449b-a9cc-d12893c73c6e,c1,c5,1310,i6,?,
1769749434.2090864,SENT,cec5286b-6b16-4ae2-b11f-c0a9ad3741f5,fbd3cfc6-379d-449b-a9cc-d12893c73c6e,c1,c5,911,?,p2,
1769749434.2091243,FORWARDED,cec5286b-6b16-4ae2-b11f-c0a9ad3741f5,fbd3cfc6-379d-449b-a9cc-d12893c73c6e,c1,c5,911,?,p2,
1769749434.5311205,SENT,fdb19133-b2e3-4f49-a9e1-90015fb99d75,6c3b8af9-f427-4a40-9313-27802615917a,c1,None,775,?,p1,
1769749434.531163,FORWARDED,fdb19133-b2e3-4f49-a9e1-90015fb99d75,6c3b8af9-f427-4a40-9313-27802615917a,c1,None,775,?,p1,
1769749434.5562599,RECEIVED,396eeb8a-3f6e-4ab6-acf4-7804819aa9b6,d6d76c6c-90f7-4c2a-aee6-3aadb11438a6,c1,DROP,687,i7,?,
1769749434.5998726,RECEIVED,a66b4dcb-8f0b-4029-99d1-dc62d2d4a298,d1fa3ba9-f4ca-469c-826f-c728093b748a,c4,DROP,688,i6,?,
1769749434.7497053,SENT,a66b4dcb-8f0b-4029-99d1-dc62d2d4a298,d1fa3ba9-f4ca-469c-826f-c728093b748a,c4,DROP,442,?,e3,
1769749434.749747,FORWARDED,a66b4dcb-8f0b-4029-99d1-dc62d2d4a298,d1fa3ba9-f4ca-469c-826f-c728093b748a,c4,DROP,442,?,e3,
1769749434.8161273,RECEIVED,45625218-77b4-4e2d-963c-850dcbb3e2c6,74deaefb-a936-435b-9d80-d5d5cad2d74d,c1,DROP,683,i9,?,
1769749434.835355,RECEIVED,1a57bbae-7fb6-4239-8c38-5b6f20f93cd0,f6dad2b0-af10-4b33-b95f-a34b6a91e54a,c1,DROP,684,i4,?,
1769749434.8829455,SENT,45625218-77b4-4e2d-963c-850dcbb3e2c6,74deaefb-a936-435b-9d80-d5d5cad2d74d,c1,DROP,441,?,e1,
1769749434.8831005,FORWARDED,45625218-77b4-4e2d-963c-850dcbb3e2c6,74deaefb-a936-435b-9d80-d5d5cad2d74d,c1,DROP,441,?,e1,
1769749434.9481382,SENT,1a57bbae-7fb6-4239-8c38-5b6f20f93cd0,f6dad2b0-af10-4b33-b95f-a34b6a91e54a,c1,DROP,441,?,e3,
1769749434.9481864,FORWARDED,1a57bbae-7fb6-4239-8c38-5b6f20f93cd0,f6dad2b0-af10-4b33-b95f-a34b6a91e54a,c1,DROP,441,?,e3,
1769749435.265908,FORWARDED,396eeb8a-3f6e-4ab6-acf4-7804819aa9b6,d6d76c6c-90f7-4c2a-aee6-3aadb11438a6,c1,DROP,442,?,i11,
1769749435.389715,RECEIVED,c9aa16f1-cd1e-4c6f-86d8-52a1eddf9494,829a41ee-b65a-4cda-9a99-309cc2bd6acd,c2,DROP,694,i6,?,
1769749435.4095304,SENT,c9aa16f1-cd1e-4c6f-86d8-52a1eddf9494,829a41ee-b65a-4cda-9a99-309cc2bd6acd,c2,DROP,445,?,e10,
1769749435.4095712,FORWARDED,c9aa16f1-cd1e-4c6f-86d8-52a1eddf9494,829a41ee-b65a-4cda-9a99-309cc2bd6acd,c2,DROP,445,?,e10,
1769749435.566908,RECEIVED,7ea70da7-134d-4bde-ad3c-d10794554367,1ce83d1a-aee7-47c4-8c2e-38f6bccf667d,c3,DROP,687,i5,?,
1769749435.7713041,RECEIVED,04afe642-8c85-4b26-bed2-81e104feb3f5,f42852a8-3fd9-4e50-8668-855d9a85a5e1,c4,c1,1311,i9,?,
1769749435.818753,SENT,7ea70da7-134d-4bde-ad3c-d10794554367,1ce83d1a-aee7-47c4-8c2e-38f6bccf667d,c3,DROP,443,?,e2,
1769749435.8187943,FORWARDED,7ea70da7-134d-4bde-ad3c-d10794554367,1ce83d1a-aee7-47c4-8c2e-38f6bccf667d,c3,DROP,443,?,e2,
1769749435.8717635,RECEIVED,76fcd3a1-aa60-4cb4-9a74-3c3b929b49e9,6f5c52df-b7ff-48c4-83a6-02d005d5558e,c3,None,1119,i2,?,
1769749435.8795722,RECEIVED,deb22e69-29c4-435a-aedd-37dbbfa79aa4,ef475a12-2a15-4f08-a86c-e21ccf5e263d,c3,DROP,684,i8,?,
1769749435.9674108,RECEIVED,f566f6c8-4828-49b6-83b0-130dc4c1fbf3,e6f2cf14-d1b8-4ec6-92b2-b8258f8d78ba,c4,DROP,683,i3,?,
1769749436.1270144,SENT,76fcd3a1-aa60-4cb4-9a74-3c3b929b49e9,6f5c52df-b7ff-48c4-83a6-02d005d5558e,c3,None,766,?,p2,
1769749436.1270754,FORWARDED,76fcd3a1-aa60-4cb4-9a74-3c3b929b49e9,6f5c52df-b7ff-48c4-83a6-02d005d5558e,c3,None,766,?,p2,
1769749436.2657027,SENT,deb22e69-29c4-435a-aedd-37dbbfa79aa4,ef475a12-2a15-4f08-a86c-e21ccf5e263d,c3,DROP,440,?,i5,
1769749436.2657437,FORWARDED,deb22e69-29c4-435a-aedd-37dbbfa79aa4,ef475a12-2a15-4f08-a86c-e21ccf5e263d,c3,DROP,440,?,i5,
1769749436.3668232,SENT,04afe642-8c85-4b26-bed2-81e104feb3f5,f42852a8-3fd9-4e50-8668-855d9a85a5e1,c4,c1,912,?,p1,
1769749436.3668654,FORWARDED,04afe642-8c85-4b26-bed2-81e104feb3f5,f42852a8-3fd9-4e50-8668-855d9a85a5e1,c4,c1,912,?,p1,
1769749436.506237,RECEIVED,85f7ca28-35b7-442d-94e2-ee2d2c14acaf,5303c6e4-3008-440f-b51b-74e8ee9b7463,c1,DROP,441,x7,?,
1769749436.513588,RECEIVED,03a6acc9-f0d0-4be7-92b9-0ba3026eec65,200a02dc-3592-4739-9fe8-0293892e8106,c3,DROP,687,i2,?,
1769749436.5472398,RECEIVED,e20d2dd4-9c46-485a-8517-8a59cedcf8d1,b3f1f9d6-9cea-4c82-96c7-0c0304b21f6f,c3,c2,1259,i4,?,
1769749436.5725477,SENT,03a6acc9-f0d0-4be7-92b9-0ba3026eec65,200a02dc-3592-4739-9fe8-0293892e8106,c3,DROP,442,?,i3,
1769749436.5725994,FORWARDED,03a6acc9-f0d0-4be7-92b9-0ba3026eec65,200a02dc-3592-4739-9fe8-0293892e8106,c3,DROP,442,?,i3,
1769749436.9308527,RECEIVED,5b518273-9264-4e0a-a355-f81a53258c37,fefc28d6-e547-486a-8e92-83b76edc5ca7,c4,DROP,688,i9,?,
1769749437.0131707,FORWARDED,5b518273-9264-4e0a-a355-f81a53258c37,fefc28d6-e547-486a-8e92-83b76edc5ca7,c4,DROP,443,?,i12,
1769749437.0190992,RECEIVED,7f1311a4-4916-4731-8525-49cc38cd026a,70936215-ad33-4180-8b72-b83a3c514a95,c2,c3,1263,i4,?,
1769749437.1244361,RECEIVED,15258fec-07c5-4081-90ad-9ad0e1cdfe8f,8afe6abd-ae84-4c83-9c93-af7067f532dc,c5,DROP,684,i6,?,
1769749437.1754234,SENT,e20d2dd4-9c46-485a-8517-8a59cedcf8d1,b3f1f9d6-9cea-4c82-96c7-0c0304b21f6f,c3,c2,873,?,p2,
1769749437.1754644,FORWARDED,e20d2dd4-9c46-485a-8517-8a59cedcf8d1,b3f1f9d6-9cea-4c82-96c7-0c0304b21f6f,c3,c2,873,?,p2,
1769749437.194723,RECEIVED,fb7436fe-ee97-4363-a757-7ef1cc10ccca,3ef68bb9-077b-43f8-8f72-7cbc27ffa4d2,c5,DROP,684,i3,?,
1769749437.2218032,SENT,15258fec-07c5-4081-90ad-9ad0e1cdfe8f,8afe6abd-ae84-4c83-9c93-af7067f532dc,c5,DROP,441,?,i2,
1769749437.2218616,FORWARDED,15258fec-07c5-4081-90ad-9ad0e1cdfe8f,8afe6abd-ae84-4c83-9c93-af7067f532dc,c5,DROP,441,?,i2,
1769749437.3498378,RECEIVED,d6ba8048-8ec8-4702-852f-cc6537b0b028,9cce60ee-ef78-49f6-95e8-42d401b0342c,c4,DROP,686,i6,?,
1769749437.3590615,SENT,f566f6c8-4828-49b6-83b0-130dc4c1fbf3,e6f2cf14-d1b8-4ec6-92b2-b8258f8d78ba,c4,DROP,440,?,x4,
1769749437.3590972,FORWARDED,f566f6c8-4828-49b6-83b0-130dc4c1fbf3,e6f2cf14-d1b8-4ec6-92b2-b8258f8d78ba,c4,DROP,440,?,x4,
1769749437.3692417,SENT,7f1311a4-4916-4731-8525-49cc38cd026a,70936215-ad33-4180-8b72-b83a3c514a95,c2,c3,875,?,p3,
1769749437.369276,FORWARDED,7f1311a4-4916-4731-8525-49cc38cd026a,70936215-ad33-4180-8b72-b83a3c514a95,c2,c3,875,?,p3,
1769749437.437158,SENT,fb7436fe-ee97-4363-a757-7ef1cc10ccca,3ef68bb9-077b-43f8-8f72-7cbc27ffa4d2,c5,DROP,441,?,x6,
1769749437.4371946,FORWARDED,fb7436fe-ee97-4363-a757-7ef1cc10ccca,3ef68bb9-077b-43f8-8f72-7cbc27ffa4d2,c5,DROP,441,?,x6,
1769749437.4389179,RECEIVED,b16b4c7a-42ca-4225-8490-d91baaacc5d6,fda2502e-94d9-451d-8446-dee666ad9b88,c4,c1,1263,i5,?,
1769749437.5024095,RECEIVED,e17f01c2-f582-4e30-84b2-71973d7adfd8,1825617c-8bbb-4247-acd2-dd96a47cb5a1,c3,None,1130,i6,?,
1769749437.5463028,SENT,b16b4c7a-42ca-4225-8490-d91baaacc5d6,fda2502e-94d9-451d-8446-dee666ad9b88,c4,c1,876,?,p1,
1769749437.5463443,FORWARDED,b16b4c7a-42ca-4225-8490-d91baaacc5d6,fda2502e-94d9-451d-8446-dee666ad9b88,c4,c1,876,?,p1,
1769749437.5719497,RECEIVED,da41f45b-def4-4e73-90c6-703c73748390,56bdcb71-ebd9-46d7-ab41-23a5ec72ac6f,c3,c2,1256,i6,?,
1769749437.6001837,RECEIVED,4b56a2e0-5635-4adb-8152-f3d08b9619ee,61790e42-5545-46b9-b9d6-66f2134ae874,c3,None,1125,i7,?,
1769749437.617817,RECEIVED,f2e78e90-c522-44ad-93b0-cb93a94189f4,1aff8d83-cb2b-41eb-972f-15c54798e44f,c5,DROP,687,i9,?,
1769749437.6479828,SENT,4b56a2e0-5635-4adb-8152-f3d08b9619ee,61790e42-5545-46b9-b9d6-66f2134ae874,c3,None,771,?,p2,
1769749437.648024,FORWARDED,4b56a2e0-5635-4adb-8152-f3d08b9619ee,61790e42-5545-46b9-b9d6-66f2134ae874,c3,None,771,?,p2,
1769749437.656982,SENT,da41f45b-def4-4e73-90c6-703c73748390,56bdcb71-ebd9-46d7-ab41-23a5ec72ac6f,c3,c2,868,?,p2,
1769749437.657023,FORWARDED,da41f45b-def4-4e73-90c6-703c73748390,56bdcb71-ebd9-46d7-ab41-23a5ec72ac6f,c3,c2,868,?,p2,
1769749438.116553,SENT,f2e78e90-c522-44ad-93b0-cb93a94189f4,1aff8d83-cb2b-41eb-972f-15c54798e44f,c5,DROP,443,?,x1,
1769749438.116589,FORWARDED,f2e78e90-c522-44ad-93b0-cb93a94189f4,1aff8d83-cb2b-41eb-972f-15c54798e44f,c5,DROP,443,?,x1,
1769749438.41089,RECEIVED,f13fe91f-a9fa-4037-97c1-e9e8a34ca8da,6abacc2a-0bc7-40b5-af8d-b1c640a98e2a,c1,DROP,441,x12,?,
1769749438.4680266,RECEIVED,6aff1d79-928c-41f9-bee9-885f9e5c33b4,b2274026-1591-427e-ac99-243c8b1a9d25,c3,DROP,442,x5,?,
1769749438.6834989,RECEIVED,d0af6a46-ec48-4c3c-b9bf-3a84698e5296,3cc3c942-e579-4c11-be11-fac86277785d,c3,DROP,678,i1,?,
1769749438.6952803,SENT,e17f01c2-f582-4e30-84b2-71973d7adfd8,1825617c-8bbb-4247-acd2-dd96a47cb5a1,c3,None,776,?,p2,
1769749438.695321,FORWARDED,e17f01c2-f582-4e30-84b2-71973d7adfd8,1825617c-8bbb-4247-acd2-dd96a47cb5a1,c3,None,776,?,p2,
1769749438.8249295,RECEIVED,ac83e87b-cc83-4519-9776-b2d478524567,a6b93186-41cb-4b9e-be1c-953e912a4e11,c2,DROP,442,x5,?,
1769749438.8858583,RECEIVED,970f97ef-7bc4-47f8-b54f-4b7e9e474e22,e363066b-3db1-4d2f-b75e-3a91769d3cd2,c1,DROP,688,i9,?,
1769749438.921151,SENT,d6ba8048-8ec8-4702-852f-cc6537b0b028,9cce60ee-ef78-49f6-95e8-42d401b0342c,c4,DROP,442,?,x3,
1769749438.921194,FORWARDED,d6ba8048-8ec8-4702-852f-cc6537b0b028,9cce60ee-ef78-49f6-95e8-42d401b0342c,c4,DROP,442,?,x3,
1769749439.0014272,SENT,970f97ef-7bc4-47f8-b54f-4b7e9e474e22,e363066b-3db1-4d2f-b75e-3a91769d3cd2,c1,DROP,442,?,e4,
1769749439.0014672,FORWARDED,970f97ef-7bc4-47f8-b54f-4b7e9e474e22,e363066b-3db1-4d2f-b75e-3a91769d3cd2,c1,DROP,442,?,e4,
1769749439.0815008,RECEIVED,991f6c86-edf5-4f6a-b67f-6462ad3b3cec,401d3b9a-fbe5-4a8d-97a8-93c3a13464ca,c5,None,1123,i1,?,
1769749439.1813989,RECEIVED,dffe8b51-0150-4ec2-a854-d5ffaa74a730,3febd5f5-1665-48fc-8cef-33a13e9ac508,c5,c3,1247,i8,?,
1769749439.1833262,RECEIVED,ab13a769-2661-48e4-89db-69c03860a8f9,b0555d5d-25b6-46f6-a45f-46416d0c3ae8,c2,c3,1315,i4,?,
1769749439.2192333,SENT,d0af6a46-ec48-4c3c-b9bf-3a84698e5296,3cc3c942-e579-4c11-be11-fac86277785d,c3,DROP,438,?,e5,
1769749439.219276,FORWARDED,d0af6a46-ec48-4c3c-b9bf-3a84698e5296,3cc3c942-e579-4c11-be11-fac86277785d,c3,DROP,438,?,e5,
1769749439.3889625,SENT,991f6c86-edf5-4f6a-b67f-6462ad3b3cec,401d3b9a-fbe5-4a8d-97a8-93c3a13464ca,c5,None,771,?,p1,
1769749439.3890026,FORWARDED,991f6c86-edf5-4f6a-b67f-6462ad3b3cec,401d3b9a-fbe5-4a8d-97a8-93c3a13464ca,c5,None,771,?,p1,
1769749439.4337597,SENT,dffe8b51-0150-4ec2-a854-d5ffaa74a730,3febd5f5-1665-48fc-8cef-33a13e9ac508,c5,c3,863,?,p3,
1769749439.433802,FORWARDED,dffe8b51-0150-4ec2-a854-d5ffaa74a730,3febd5f5-1665-48fc-8cef-33a13e9ac508,c5,c3,863,?,p3,
1769749439.5370822,RECEIVED,d6356d82-4b1d-445c-8acf-2b11a6131afd,1a8cf65e-f621-4ec0-a2e9-79ce38be1103,c3,DROP,441,x11,?,
1769749439.7567909,SENT,ab13a769-2661-48e4-89db-69c03860a8f9,b0555d5d-25b6-46f6-a45f-46416d0c3ae8,c2,c3,915,?,p3,
1769749439.756829,FORWARDED,ab13a769-2661-48e4-89db-69c03860a8f9,b0555d5d-25b6-46f6-a45f-46416d0c3ae8,c2,c3,915,?,p3,
1769749439.8578334,RECEIVED,1660aa62-66bf-4759-b859-946192928caa,b3732045-08f5-47ca-bded-4edba69e4d5e,c3,None,1124,i2,?,
1769749439.8985565,RECEIVED,5827d659-2171-409f-9d69-9573f7a3075c,490b89a9-a8ae-4ce5-9b3c-56f104695841,c2,DROP,688,i2,?,
1769749439.964021,SENT,5827d659-2171-409f-9d69-9573f7a3075c,490b89a9-a8ae-4ce5-9b3c-56f104695841,c2,DROP,442,?,x2,
1769749439.9640763,FORWARDED,5827d659-2171-409f-9d69-9573f7a3075c,490b89a9-a8ae-4ce5-9b3c-56f104695841,c2,DROP,442,?,x2,
1769749440.0402308,SENT,1660aa62-66bf-4759-b859-946192928caa,b3732045-08f5-47ca-bded-4edba69e4d5e,c3,None,771,?,p2,
1769749440.0402715,FORWARDED,1660aa62-66bf-4759-b859-946192928caa,b3732045-08f5-47ca-bded-4edba69e4d5e,c3,None,771,?,p2,
1769749440.2034373,RECEIVED,de1dddf5-2661-41cb-b0c0-7a2d1b3a9112,cbdecf50-30cf-485d-8ad4-23409e78fdc5,c1,DROP,683,i5,?,
1769749440.2176309,RECEIVED,dfe5e782-47e2-437d-9b8d-4bba6294362b,a850c20e-14ae-4393-b953-59cabf8ffcf3,c1,DROP,683,i8,?,
1769749440.4738548,RECEIVED,feb23ff9-a122-4493-bcfe-6ced6f953bff,9faa46d2-e17f-42fa-976f-22aa0af05348,c3,DROP,683,i1,?,
1769749440.508501,RECEIVED,2c3547ce-655a-4f6e-8e23-5e0bc365d2ac,fc57dee3-082a-4dd4-bbbe-d36f03d2aaa4,c1,c5,1311,i6,?,
1769749440.620095,SENT,de1dddf5-2661-41cb-b0c0-7a2d1b3a9112,cbdecf50-30cf-485d-8ad4-23409e78fdc5,c1,DROP,441,?,e10,
1769749440.620161,FORWARDED,de1dddf5-2661-41cb-b0c0-7a2d1b3a9112,cbdecf50-30cf-485d-8ad4-23409e78fdc5,c1,DROP,441,?,e10,
1769749440.632067,SENT,2c3547ce-655a-4f6e-8e23-5e0bc365d2ac,fc57dee3-082a-4dd4-bbbe-d36f03d2aaa4,c1,c5,911,?,p2,
1769749440.6321096,FORWARDED,2c3547ce-655a-4f6e-8e23-5e0bc365d2ac,fc57dee3-082a-4dd4-bbbe-d36f03d2aaa4,c1,c5,911,?,p2,
1769749440.6943278,SENT,dfe5e782-47e2-437d-9b8d-4bba6294362b,a850c20e-14ae-4393-b953-59cabf8ffcf3,c1,DROP,441,?,x4,
1769749440.694368,FORWARDED,dfe5e782-47e2-437d-9b8d-4bba6294362b,a850c20e-14ae-4393-b953-59cabf8ffcf3,c1,DROP,441,?,x4,
1769749440.7535012,SENT,feb23ff9-a122-4493-bcfe-6ced6f953bff,9faa46d2-e17f-42fa-976f-22aa0af05348,c3,DROP,440,?,e3,
1769749440.7535372,FORWARDED,feb23ff9-a122-4493-bcfe-6ced6f953bff,9faa46d2-e17f-42fa-976f-22aa0af05348,c3,DROP,440,?,e3,
1769749440.98058,RECEIVED,729ef68b-5118-4c58-8153-d8e446e25a82,dee03b56-0185-421f-beae-b82617afba89,c2,DROP,682,i9,?,
1769749440.9955847,RECEIVED,cb00a75f-3804-4b94-9a8a-fef04a2d05e0,904bf717-2939-43fa-afc3-a4b8e4689185,c2,DROP,688,i4,?,
1769749441.0087101,RECEIVED,adff3b8e-97f3-42d3-8f8f-1cdc58c6ea3a,c18187f4-6d49-4422-86ba-59f17c74bdc1,c3,c2,1251,i6,?,
1769749441.0922077,SENT,cb00a75f-3804-4b94-9a8a-fef04a2d05e0,904bf717-2939-43fa-afc3-a4b8e4689185,c2,DROP,442,?,x3,
1769749441.0922496,FORWARDED,cb00a75f-3804-4b94-9a8a-fef04a2d05e0,904bf717-2939-43fa-afc3-a4b8e4689185,c2,DROP,442,?,x3,
1769749441.1447656,RECEIVED,ff98bc18-eb25-42b1-9f5e-b511f466d55f,e5be2b83-6b89-4e36-b809-b6f2e1a9bd34,c3,None,1123,i6,?,
1769749441.4129248,SENT,adff3b8e-97f3-42d3-8f8f-1cdc58c6ea3a,c18187f4-6d49-4422-86ba-59f17c74bdc1,c3,c2,867,?,p2,
1769749441.4129643,FORWARDED,adff3b8e-97f3-42d3-8f8f-1cdc58c6ea3a,c18187f4-6d49-4422-86ba-59f17c74bdc1,c3,c2,867,?,p2,
1769749441.7481306,RECEIVED,894b0db4-f5f7-4fa1-a0e6-13e1c6b15fdf,2a7a9893-e9b8-4a6b-87ec-9563ce8ea25d,c3,DROP,687,i8,?,
1769749441.8708496,SENT,ff98bc18-eb25-42b1-9f5e-b511f466d55f,e5be2b83-6b89-4e36-b809-b6f2e1a9bd34,c3,None,771,?,p2,
1769749441.870889,FORWARDED,ff98bc18-eb25-42b1-9f5e-b511f466d55f,e5be2b83-6b89-4e36-b809-b6f2e1a9bd34,c3,None,771,?,p2,
1769749441.8756168,RECEIVED,6c66a077-5578-4db3-a66f-f0fc08d998da,c7fcda7d-4201-420a-82a4-22a280c1470e,c1,DROP,684,i8,?,
1769749442.0215435,SENT,729ef68b-5118-4c58-8153-d8e446e25a82,dee03b56-0185-421f-beae-b82617afba89,c2,DROP,441,?,e2,
1769749442.021585,FORWARDED,729ef68b-5118-4c58-8153-d8e446e25a82,dee03b56-0185-421f-beae-b82617afba89,c2,DROP,441,?,e2,
1769749442.0791924,RECEIVED,18395a3a-93fa-4983-bde4-c86a21952ef8,f63f93cd-a3ea-40b4-930e-b6cee355afa8,c3,c2,1311,i6,?,
1769749442.0855677,RECEIVED,58a6ff72-c0d9-4496-b45c-6981bb37d702,29ff1094-267f-4dad-b1e6-a704da890e2c,c5,DROP,687,i5,?,
1769749442.1228955,SENT,18395a3a-93fa-4983-bde4-c86a21952ef8,f63f93cd-a3ea-40b4-930e-b6cee355afa8,c3,c2,911,?,p2,
1769749442.1229358,FORWARDED,18395a3a-93fa-4983-bde4-c86a21952ef8,f63f93cd-a3ea-40b4-930e-b6cee355afa8,c3,c2,911,?,p2,
1769749442.17061,RECEIVED,b5f5a20a-5022-423e-b2ab-0be757d7fd64,1bda0b3d-4132-4b23-bb7c-f47c143efb54,c5,DROP,684,i9,?,
1769749442.1775823,RECEIVED,da0fa52b-e7c1-4f9b-a094-83cfb0820c0f,734a540d-c4ac-4b5e-96c1-1d4f17b78e18,c4,DROP,683,i5,?,
1769749442.245489,RECEIVED,2d094878-d44e-4055-891d-215150ecc755,2f200c4a-8d5c-4267-a214-8fa227d00f9c,c4,c1,1324,i5,?,
1769749442.3989322,RECEIVED,d98c72e1-69ea-4a5b-9ea8-f4750d5734e2,0173294f-21f2-4e76-b845-0fab85e4006a,c4,DROP,443,x2,?,
1769749442.453068,SENT,894b0db4-f5f7-4fa1-a0e6-13e1c6b15fdf,2a7a9893-e9b8-4a6b-87ec-9563ce8ea25d,c3,DROP,442,?,i3,
1769749442.4531062,FORWARDED,894b0db4-f5f7-4fa1-a0e6-13e1c6b15fdf,2a7a9893-e9b8-4a6b-87ec-9563ce8ea25d,c3,DROP,442,?,i3,
1769749442.5017796,RECEIVED,ec87989c-2681-48a9-bc37-0dad1bb0fc61,c9f13bb3-4c33-4df5-8e80-43a68d056e23,c5,DROP,688,i6,?,
1769749442.601413,RECEIVED,8f579e48-eb99-40aa-ae84-4bcc05812cd0,507b5631-884a-4859-8cd4-1aed68c1c5d5,c2,c3,1320,i4,?,
1769749442.712168,RECEIVED,72f81c37-5775-4639-beb5-45e277a719cc,2b21a395-f8c2-415a-9b5c-104d33747924,c4,DROP,692,i6,?,
1769749442.7268474,SENT,2d094878-d44e-4055-891d-215150ecc755,2f200c4a-8d5c-4267-a214-8fa227d00f9c,c4,c1,919,?,p1,
1769749442.726889,FORWARDED,2d094878-d44e-4055-891d-215150ecc755,2f200c4a-8d5c-4267-a214-8fa227d00f9c,c4,c1,919,?,p1,
1769749442.7396626,SENT,da0fa52b-e7c1-4f9b-a094-83cfb0820c0f,734a540d-c4ac-4b5e-96c1-1d4f17b78e18,c4,DROP,441,?,e8,
1769749442.7396996,FORWARDED,da0fa52b-e7c1-4f9b-a094-83cfb0820c0f,734a540d-c4ac-4b5e-96c1-1d4f17b78e18,c4,DROP,441,?,e8,
1769749442.7723181,FORWARDED,b5f5a20a-5022-423e-b2ab-0be757d7fd64,1bda0b3d-4132-4b23-bb7c-f47c143efb54,c5,DROP,439,?,i12,
1769749442.897585,SENT,ec87989c-2681-48a9-bc37-0dad1bb0fc61,c9f13bb3-4c33-4df5-8e80-43a68d056e23,c5,DROP,442,?,x6,
1769749442.897626,FORWARDED,ec87989c-2681-48a9-bc37-0dad1bb0fc61,c9f13bb3-4c33-4df5-8e80-43a68d056e23,c5,DROP,442,?,x6,
1769749442.9936008,FORWARDED,6c66a077-5578-4db3-a66f-f0fc08d998da,c7fcda7d-4201-420a-82a4-22a280c1470e,c1,DROP,441,?,i12,
1769749443.0541909,SENT,8f579e48-eb99-40aa-ae84-4bcc05812cd0,507b5631-884a-4859-8cd4-1aed68c1c5d5,c2,c3,916,?,p3,
1769749443.0542343,FORWARDED,8f579e48-eb99-40aa-ae84-4bcc05812cd0,507b5631-884a-4859-8cd4-1aed68c1c5d5,c2,c3,916,?,p3,
1769749443.0941584,RECEIVED,58f9f5e6-422e-4cc9-875e-7d3a25ba46e7,b45798e1-d7fb-46e7-9614-baa24c5b3915,c4,DROP,687,i6,?,
1769749443.1838355,SENT,58a6ff72-c0d9-4496-b45c-6981bb37d702,29ff1094-267f-4dad-b1e6-a704da890e2c,c5,DROP,442,?,x6,
1769749443.1838725,FORWARDED,58a6ff72-c0d9-4496-b45c-6981bb37d702,29ff1094-267f-4dad-b1e6-a704da890e2c,c5,DROP,442,?,x6,
1769749443.4709404,FORWARDED,72f81c37-5775-4639-beb5-45e277a719cc,2b21a395-f8c2-415a-9b5c-104d33747924,c4,DROP,445,?,i10,
1769749443.6822045,RECEIVED,f42f9d6f-7910-46eb-bb9b-4dcf5828a3d3,c13b581b-e188-426d-9597-20811a7bfab5,c4,c1,1260,i9,?,
1769749443.7101336,RECEIVED,7cbbc86f-273c-4182-9178-71d4f5e4e1c7,9983f71f-ed5a-4e60-924a-c0aa710ceb96,c4,DROP,687,i4,?,
1769749443.7649062,SENT,58f9f5e6-422e-4cc9-875e-7d3a25ba46e7,b45798e1-d7fb-46e7-9614-baa24c5b3915,c4,DROP,442,?,x3,
1769749443.7649472,FORWARDED,58f9f5e6-422e-4cc9-875e-7d3a25ba46e7,b45798e1-d7fb-46e7-9614-baa24c5b3915,c4,DROP,442,?,x3,
1769749443.9374979,SENT,7cbbc86f-273c-4182-9178-71d4f5e4e1c7,9983f71f-ed5a-4e60-924a-c0aa710ceb96,c4,DROP,442,?,x7,
1769749443.9375408,FORWARDED,7cbbc86f-273c-4182-9178-71d4f5e4e1c7,9983f71f-ed5a-4e60-924a-c0aa710ceb96,c4,DROP,442,?,x7,
1769749443.971516,SENT,f42f9d6f-7910-46eb-bb9b-4dcf5828a3d3,c13b581b-e188-426d-9597-20811a7bfab5,c4,c1,871,?,p1,
1769749443.9715545,FORWARDED,f42f9d6f-7910-46eb-bb9b-4dcf5828a3d3,c13b581b-e188-426d-9597-20811a7bfab5,c4,c1,871,?,p1,
1769749444.0478702,RECEIVED,b4b299f8-92ab-4ff8-81fc-9900041decba,bff967d7-33e8-4c1a-8d2e-1de6bbaec143,c5,DROP,683,i2,?,
1769749444.2124143,RECEIVED,46f118e0-a387-418c-ad9f-ab8786001a49,20e0856f-dc85-456e-8f0f-bd5bcc208592,c1,c5,1311,i6,?,
1769749444.2467983,RECEIVED,dc711a31-6345-4d9b-9fea-a9b32daf7ee6,817ee07c-c103-44ca-a93d-3e61995d46fb,c2,c3,1323,i4,?,
1769749444.333215,RECEIVED,80e9509e-e45b-4b6e-9479-c9a3186c5208,65f7e192-bce3-4b2a-8d63-e258ad72d269,c5,DROP,687,i5,?,
1769749444.3477383,SENT,b4b299f8-92ab-4ff8-81fc-9900041decba,bff967d7-33e8-4c1a-8d2e-1de6bbaec143,c5,DROP,441,?,i7,
1769749444.347781,FORWARDED,b4b299f8-92ab-4ff8-81fc-9900041decba,bff967d7-33e8-4c1a-8d2e-1de6bbaec143,c5,DROP,441,?,i7,
1769749444.4260695,SENT,dc711a31-6345-4d9b-9fea-a9b32daf7ee6,817ee07c-c103-44ca-a93d-3e61995d46fb,c2,c3,920,?,p3,
1769749444.4261131,FORWARDED,dc711a31-6345-4d9b-9fea-a9b32daf7ee6,817ee07c-c103-44ca-a93d-3e61995d46fb,c2,c3,920,?,p3,
1769749444.5890872,RECEIVED,db751cda-22db-4422-a262-7bb52ce687ff,16442cf4-66e6-4763-a2e2-e6c4f750721a,c5,DROP,684,i5,?,
1769749444.629427,RECEIVED,4b5a6772-1d19-4c2d-b858-2a1fc7ceabf5,610a21df-8205-4418-b962-1929b751f148,c2,None,1122,i2,?,
1769749444.9542055,SENT,80e9509e-e45b-4b6e-9479-c9a3186c5208,65f7e192-bce3-4b2a-8d63-e258ad72d269,c5,DROP,442,?,x9,
1769749444.9542449,FORWARDED,80e9509e-e45b-4b6e-9479-c9a3186c5208,65f7e192-bce3-4b2a-8d63-e258ad72d269,c5,DROP,442,?,x9,
1769749444.9575238,SENT,db751cda-22db-4422-a262-7bb52ce687ff,16442cf4-66e6-4763-a2e2-e6c4f750721a,c5,DROP,440,?,i3,
1769749444.9575624,FORWARDED,db751cda-22db-4422-a262-7bb52ce687ff,16442cf4-66e6-4763-a2e2-e6c4f750721a,c5,DROP,440,?,i3,
1769749444.9677043,SENT,46f118e0-a387-418c-ad9f-ab8786001a49,20e0856f-dc85-456e-8f0f-bd5bcc208592,c1,c5,912,?,p2,
1769749444.9677465,FORWARDED,46f118e0-a387-418c-ad9f-ab8786001a49,20e0856f-dc85-456e-8f0f-bd5bcc208592,c1,c5,912,?,p2,
1769749445.2501817,SENT,4b5a6772-1d19-4c2d-b858-2a1fc7ceabf5,610a21df-8205-4418-b962-1929b751f148,c2,None,771,?,p3,
1769749445.2502205,FORWARDED,4b5a6772-1d19-4c2d-b858-2a1fc7ceabf5,610a21df-8205-4418-b962-1929b751f148,c2,None,771,?,p3,
1769749445.2967615,RECEIVED,ae201284-65a4-4b89-93c8-a0ee17651338,9e8c427a-9526-47eb-ae9b-f632c848009a,c4,DROP,687,i9,?,
1769749445.4278107,RECEIVED,bcda4fcd-a35d-4f46-8b08-74697d06e6c9,d185acb4-992d-4ddd-af7a-e7957e7f9cb3,c3,c2,1312,i6,?,
1769749445.4542544,RECEIVED,96479ca9-5ad3-43e5-90c9-e97e45cecac7,7bdad3fe-a2d6-44a3-a94a-585bc7cb6146,c5,c3,1307,i8,?,
1769749445.5834208,RECEIVED,dd35d3f1-f979-468a-ba6c-91fbe6d0349e,3206edf2-d60f-498e-9657-c4c217071a6d,c1,DROP,687,i5,?,
1769749445.6271808,RECEIVED,4aecc7cc-2c88-4adb-917c-8301df318967,8a22235a-9e74-42f7-afb2-e13697433815,c4,DROP,684,i9,?,
1769749445.6533017,SENT,ae201284-65a4-4b89-93c8-a0ee17651338,9e8c427a-9526-47eb-ae9b-f632c848009a,c4,DROP,442,?,e5,
1769749445.6533427,FORWARDED,ae201284-65a4-4b89-93c8-a0ee17651338,9e8c427a-9526-47eb-ae9b-f632c848009a,c4,DROP,442,?,e5,
1769749445.6806405,SENT,bcda4fcd-a35d-4f46-8b08-74697d06e6c9,d185acb4-992d-4ddd-af7a-e7957e7f9cb3,c3,c2,911,?,p2,
1769749445.6806772,FORWARDED,bcda4fcd-a35d-4f46-8b08-74697d06e6c9,d185acb4-992d-4ddd-af7a-e7957e7f9cb3,c3,c2,911,?,p2,
1769749445.6965425,SENT,4aecc7cc-2c88-4adb-917c-8301df318967,8a22235a-9e74-42f7-afb2-e13697433815,c4,DROP,441,?,x7,
1769749445.6965938,FORWARDED,4aecc7cc-2c88-4adb-917c-8301df318967,8a22235a-9e74-42f7-afb2-e13697433815,c4,DROP,441,?,x7,
1769749445.7215936,SENT,dd35d3f1-f979-468a-ba6c-91fbe6d0349e,3206edf2-d60f-498e-9657-c4c217071a6d,c1,DROP,442,?,e5,
1769749445.7216384,FORWARDED,dd35d3f1-f979-468a-ba6c-91fbe6d0349e,3206edf2-d60f-498e-9657-c4c217071a6d,c1,DROP,442,?,e5,
1769749445.964929,SENT,96479ca9-5ad3-43e5-90c9-e97e45cecac7,7bdad3fe-a2d6-44a3-a94a-585bc7cb6146,c5,c3,908,?,p3,
1769749445.9649673,FORWARDED,96479ca9-5ad3-43e5-90c9-e97e45cecac7,7bdad3fe-a2d6-44a3-a94a-585bc7cb6146,c5,c3,908,?,p3,
1769749445.9988415,RECEIVED,47723910-cf7b-4f91-bc84-a44d5df3376f,23c4130f-7a22-43f6-babc-179d2ccfb184,c5,DROP,684,i3,?,
1769749446.1359417,RECEIVED,ebd21d67-0c04-4b4b-a13b-4d9985911ba5,8e6234a0-582e-4f96-9c03-1262858ff17a,c1,DROP,685,i8,?,
1769749446.2153594,SENT,ebd21d67-0c04-4b4b-a13b-4d9985911ba5,8e6234a0-582e-4f96-9c03-1262858ff17a,c1,DROP,441,?,i1,
1769749446.2154095,FORWARDED,ebd21d67-0c04-4b4b-a13b-4d9985911ba5,8e6234a0-582e-4f96-9c03-1262858ff17a,c1,DROP,441,?,i1,
1769749446.5008006,RECEIVED,bf2e317f-2c77-404c-a22f-da88420051c2,b36c6630-2dc9-4708-a830-11a1ffc81647,c5,DROP,680,i6,?,
1769749446.717059,SENT,bf2e317f-2c77-404c-a22f-da88420051c2,b36c6630-2dc9-4708-a830-11a1ffc81647,c5,DROP,437,?,i2,
1769749446.7171001,FORWARDED,bf2e317f-2c77-404c-a22f-da88420051c2,b36c6630-2dc9-4708-a830-11a1ffc81647,c5,DROP,437,?,i2,
1769749447.039024,RECEIVED,418ae6b7-de0c-487a-9d11-323191024180,48d8e0e3-1b1a-4aa2-8c50-e7a0be8632cc,c3,DROP,684,i6,?,
1769749447.1701615,RECEIVED,c85d12b4-b1c6-46c1-a5b4-654d60f45842,0e04f33e-e550-431f-a411-b38878f39b6a,c3,DROP,441,x7,?,
1769749447.1707819,SENT,47723910-cf7b-4f91-bc84-a44d5df3376f,23c4130f-7a22-43f6-babc-179d2ccfb184,c5,DROP,441,?,x12,
1769749447.1708164,FORWARDED,47723910-cf7b-4f91-bc84-a44d5df3376f,23c4130f-7a22-43f6-babc-179d2ccfb184,c5,DROP,441,?,x12,
1769749447.2328172,RECEIVED,ab4d5ab4-95f0-4664-aa8f-be8ac982c50f,deeff4d9-beb1-4f7d-b8c5-d0fafe1a2ca3,c4,DROP,687,i5,?,
1769749447.3835783,RECEIVED,3aba30a4-7505-4d8a-ae09-f36a0cbf0314,f3aaaa6c-2943-4778-822e-1f3932b7cf8e,c2,c3,1325,i4,?,
1769749447.3918977,SENT,418ae6b7-de0c-487a-9d11-323191024180,48d8e0e3-1b1a-4aa2-8c50-e7a0be8632cc,c3,DROP,441,?,e3,
1769749447.3919344,FORWARDED,418ae6b7-de0c-487a-9d11-323191024180,48d8e0e3-1b1a-4aa2-8c50-e7a0be8632cc,c3,DROP,441,?,e3,
1769749447.412809,SENT,3aba30a4-7505-4d8a-ae09-f36a0cbf0314,f3aaaa6c-2943-4778-822e-1f3932b7cf8e,c2,c3,920,?,p3,
1769749447.4128518,FORWARDED,3aba30a4-7505-4d8a-ae09-f36a0cbf0314,f3aaaa6c-2943-4778-822e-1f3932b7cf8e,c2,c3,920,?,p3,
1769749447.4384987,RECEIVED,d535df08-ca2e-48a4-bb6c-f9fb8a76ba94,f72902d2-d20e-41cb-81a6-946b545d2b9a,c1,DROP,683,i3,?,
1769749447.5781786,SENT,d535df08-ca2e-48a4-bb6c-f9fb8a76ba94,f72902d2-d20e-41cb-81a6-946b545d2b9a,c1,DROP,440,?,i8,
1769749447.5782223,FORWARDED,d535df08-ca2e-48a4-bb6c-f9fb8a76ba94,f72902d2-d20e-41cb-81a6-946b545d2b9a,c1,DROP,440,?,i8,
1769749447.8342125,RECEIVED,c5a0f203-60a7-40a1-b988-e63d30902292,1fbe3e81-06fd-435f-b0b9-4ac22f3037a7,c2,DROP,686,i5,?,
1769749447.9404309,RECEIVED,4d3ff13b-f6d5-4912-88fd-e76045ade3c9,e53354d3-cbac-40d9-8058-56b0be7be7d6,c3,DROP,683,i4,?,
1769749448.1343396,RECEIVED,207ef85d-b190-49fa-a2b8-bf9dd01c2764,2f7403ba-b61a-49a6-bd43-369203b1fc4d,c4,DROP,441,x9,?,
1769749448.1676414,RECEIVED,79b4c387-04ff-425f-baa7-e3a6049485ff,98b5e2af-4f46-42f7-bcf2-d22ab1a75d08,c2,DROP,441,x10,?,
1769749448.1777935,RECEIVED,b1997b37-c779-46f2-8dda-1cd1d0ec48e5,f115aa49-a25c-41e2-acfa-3dd3a9294e05,c1,None,1132,i1,?,
1769749448.324777,SENT,b1997b37-c779-46f2-8dda-1cd1d0ec48e5,f115aa49-a25c-41e2-acfa-3dd3a9294e05,c1,None,775,?,p1,
1769749448.3248167,FORWARDED,b1997b37-c779-46f2-8dda-1cd1d0ec48e5,f115aa49-a25c-41e2-acfa-3dd3a9294e05,c1,None,775,?,p1,
1769749448.3977509,SENT,c5a0f203-60a7-40a1-b988-e63d30902292,1fbe3e81-06fd-435f-b0b9-4ac22f3037a7,c2,DROP,442,?,e8,
1769749448.3977907,FORWARDED,c5a0f203-60a7-40a1-b988-e63d30902292,1fbe3e81-06fd-435f-b0b9-4ac22f3037a7,c2,DROP,442,?,e8,
1769749448.4812129,RECEIVED,ae3c48cc-ec86-4ed8-a804-5b177d6a05c7,366716fe-bda3-48d5-b7d2-94634fa9c2c4,c2,c3,1322,i4,?,
1769749448.4981246,SENT,ab4d5ab4-95f0-4664-aa8f-be8ac982c50f,deeff4d9-beb1-4f7d-b8c5-d0fafe1a2ca3,c4,DROP,442,?,e2,
1769749448.4981656,FORWARDED,ab4d5ab4-95f0-4664-aa8f-be8ac982c50f,deeff4d9-beb1-4f7d-b8c5-d0fafe1a2ca3,c4,DROP,442,?,e2,
1769749448.610206,RECEIVED,a9819c6d-50b8-4d5c-942d-4e929cfc86b5,32bdebcc-a26b-4692-a6e3-c76dcf5669c3,c4,c1,1311,i9,?,
1769749448.6303267,RECEIVED,7c12fc8c-3bea-48e0-b4c2-86291b55dc53,6b0d3ae4-fe5a-4755-beb9-86f01f1335ab,c1,c5,1260,i2,?,
1769749448.6857572,RECEIVED,29425eaf-dc76-492d-b5eb-fd167d62592e,3e6a699a-f781-488c-8960-a3dbfaac3aae,c4,DROP,683,i5,?,
1769749448.727984,RECEIVED,b86df530-896c-48ac-b76c-ed6368881b94,d0604232-57c0-4649-8de2-1fc5d917a9cf,c3,DROP,688,i4,?,
1769749448.7765105,RECEIVED,28664995-13f1-4c03-a56b-6a1336a1cb0c,dd5c22ea-1892-4449-a327-71907f919b38,c2,DROP,683,i9,?,
1769749448.8211737,SENT,b86df530-896c-48ac-b76c-ed6368881b94,d0604232-57c0-4649-8de2-1fc5d917a9cf,c3,DROP,442,?,e4,
1769749448.8212147,FORWARDED,b86df530-896c-48ac-b76c-ed6368881b94,d0604232-57c0-4649-8de2-1fc5d917a9cf,c3,DROP,442,?,e4,
1769749448.9054854,RECEIVED,efd0dd8f-0d19-46df-9f93-c8acf4034c68,bf5dad8a-b88a-4073-8a79-8546cb8db536,c4,DROP,441,x4,?,
1769749449.060942,SENT,7c12fc8c-3bea-48e0-b4c2-86291b55dc53,6b0d3ae4-fe5a-4755-beb9-86f01f1335ab,c1,c5,873,?,p2,
1769749449.0609815,FORWARDED,7c12fc8c-3bea-48e0-b4c2-86291b55dc53,6b0d3ae4-fe5a-4755-beb9-86f01f1335ab,c1,c5,873,?,p2,
1769749449.0875728,RECEIVED,15ec0807-9414-42d0-a136-66b10cfebdf1,45f6dba7-22d6-4863-8410-aaa904bad4f4,c5,None,1127,i8,?,
1769749449.1220772,RECEIVED,29384370-e188-4923-a986-eefa12cd0b5b,d0222faa-77fb-4c25-8f88-0b0c13008dc4,c3,None,1128,i3,?,
1769749449.1439483,SENT,a9819c6d-50b8-4d5c-942d-4e929cfc86b5,32bdebcc-a26b-4692-a6e3-c76dcf5669c3,c4,c1,912,?,p1,
1769749449.1439908,FORWARDED,a9819c6d-50b8-4d5c-942d-4e929cfc86b5,32bdebcc-a26b-4692-a6e3-c76dcf5669c3,c4,c1,912,?,p1,
1769749449.1539373,SENT,28664995-13f1-4c03-a56b-6a1336a1cb0c,dd5c22ea-1892-4449-a327-71907f919b38,c2,DROP,441,?,e8,
1769749449.1539805,FORWARDED,28664995-13f1-4c03-a56b-6a1336a1cb0c,dd5c22ea-1892-4449-a327-71907f919b38,c2,DROP,441,?,e8,
1769749449.2968962,SENT,29384370-e188-4923-a986-eefa12cd0b5b,d0222faa-77fb-4c25-8f88-0b0c13008dc4,c3,None,772,?,p2,
1769749449.296939,FORWARDED,29384370-e188-4923-a986-eefa12cd0b5b,d0222faa-77fb-4c25-8f88-0b0c13008dc4,c3,None,772,?,p2,
1769749449.377228,RECEIVED,9410ff76-b377-4ce4-86d4-c768da5e9be3,c945ed2e-b349-44a4-a40b-bd7a497400fa,c1,DROP,683,i6,?,
1769749449.592607,SENT,ae3c48cc-ec86-4ed8-a804-5b177d6a05c7,366716fe-bda3-48d5-b7d2-94634fa9c2c4,c2,c3,919,?,p3,
1769749449.5926425,FORWARDED,ae3c48cc-ec86-4ed8-a804-5b177d6a05c7,366716fe-bda3-48d5-b7d2-94634fa9c2c4,c2,c3,919,?,p3,
1769749449.6108568,SENT,4d3ff13b-f6d5-4912-88fd-e76045ade3c9,e53354d3-cbac-40d9-8058-56b0be7be7d6,c3,DROP,441,?,x1,
1769749449.610894,FORWARDED,4d3ff13b-f6d5-4912-88fd-e76045ade3c9,e53354d3-cbac-40d9-8058-56b0be7be7d6,c3,DROP,441,?,x1,
1769749449.618641,RECEIVED,df5f2562-7c44-4824-8c3e-276f8207608d,9a98e8df-7c79-447d-a537-fd208e020ac5,c1,DROP,693,i1,?,
1769749449.6539817,SENT,9410ff76-b377-4ce4-86d4-c768da5e9be3,c945ed2e-b349-44a4-a40b-bd7a497400fa,c1,DROP,441,?,x5,
1769749449.6542087,FORWARDED,9410ff76-b377-4ce4-86d4-c768da5e9be3,c945ed2e-b349-44a4-a40b-bd7a497400fa,c1,DROP,441,?,x5,
1769749449.679617,SENT,df5f2562-7c44-4824-8c3e-276f8207608d,9a98e8df-7c79-447d-a537-fd208e020ac5,c1,DROP,446,?,x12,
1769749449.6796584,FORWARDED,df5f2562-7c44-4824-8c3e-276f8207608d,9a98e8df-7c79-447d-a537-fd208e020ac5,c1,DROP,446,?,x12,
1769749449.7081296,RECEIVED,8b11dff3-a56e-4b61-ac85-04bf0a7f5737,07e448d6-06c7-4737-bcab-17ffbc3b0570,c2,DROP,680,i8,?,
1769749449.7389226,SENT,15ec0807-9414-42d0-a136-66b10cfebdf1,45f6dba7-22d6-4863-8410-aaa904bad4f4,c5,None,772,?,p1,
1769749449.7389636,FORWARDED,15ec0807-9414-42d0-a136-66b10cfebdf1,45f6dba7-22d6-4863-8410-aaa904bad4f4,c5,None,772,?,p1,
1769749449.7516997,SENT,8b11dff3-a56e-4b61-ac85-04bf0a7f5737,07e448d6-06c7-4737-bcab-17ffbc3b0570,c2,DROP,437,?,x2,
1769749449.751751,FORWARDED,8b11dff3-a56e-4b61-ac85-04bf0a7f5737,07e448d6-06c7-4737-bcab-17ffbc3b0570,c2,DROP,437,?,x2,
1769749450.07249,RECEIVED,fe3eac22-6a71-4c3a-a64f-701272b343e6,e65a005d-7151-4f67-9c6e-c5ca7fd5d92a,c5,DROP,684,i2,?,
1769749450.267757,SENT,fe3eac22-6a71-4c3a-a64f-701272b343e6,e65a005d-7151-4f67-9c6e-c5ca7fd5d92a,c5,DROP,441,?,x2,
1769749450.2677958,FORWARDED,fe3eac22-6a71-4c3a-a64f-701272b343e6,e65a005d-7151-4f67-9c6e-c5ca7fd5d92a,c5,DROP,441,?,x2,
1769749450.2798345,RECEIVED,0dfb1f34-0224-492a-b448-5d9d8ad88796,01c161b0-8302-422a-a3e3-d1fc166b8d20,c4,DROP,688,i3,?,
1769749450.3017082,RECEIVED,0953e378-a853-4680-a54e-25c59d20b5a2,fa36b79d-f932-4c2c-ac73-cfcd5df9a755,c3,c2,1315,i6,?,
1769749450.6222603,SENT,0dfb1f34-0224-492a-b448-5d9d8ad88796,01c161b0-8302-422a-a3e3-d1fc166b8d20,c4,DROP,442,?,x3,
1769749450.6223233,FORWARDED,0dfb1f34-0224-492a-b448-5d9d8ad88796,01c161b0-8302-422a-a3e3-d1fc166b8d20,c4,DROP,442,?,x3,
1769749450.6348002,SENT,0953e378-a853-4680-a54e-25c59d20b5a2,fa36b79d-f932-4c2c-ac73-cfcd5df9a755,c3,c2,913,?,p2,
1769749450.6348403,FORWARDED,0953e378-a853-4680-a54e-25c59d20b5a2,fa36b79d-f932-4c2c-ac73-cfcd5df9a755,c3,c2,913,?,p2,
1769749450.7370358,RECEIVED,2d6205aa-d790-4bfa-921e-5a65ac9a1dcb,84a72edf-80d3-4882-ae0e-f050d1697ac7,c5,DROP,443,x9,?,
1769749450.9476106,RECEIVED,621b2c8f-90a9-489a-8584-7b5ee6562179,5b1489eb-b7df-4292-b210-a46dbccdc04b,c3,DROP,443,x1,?,
1769749450.9673042,SENT,29425eaf-dc76-492d-b5eb-fd167d62592e,3e6a699a-f781-488c-8960-a3dbfaac3aae,c4,DROP,441,?,x1,
1769749450.9673386,FORWARDED,29425eaf-dc76-492d-b5eb-fd167d62592e,3e6a699a-f781-488c-8960-a3dbfaac3aae,c4,DROP,441,?,x1,
1769749451.1842704,RECEIVED,b01f6bb6-779a-46f5-8c5a-4b89d83fcc22,cadc04b7-6d13-43d8-b79e-5afa09b05f05,c4,DROP,442,x5,?,
1769749451.2997875,RECEIVED,0be3f11a-adf1-4223-99f8-9ac01a82edbe,652276d0-0814-4f22-aae0-3974de13f8e1,c4,DROP,688,i8,?,
1769749451.3854089,RECEIVED,cf296847-2b12-4dc9-8450-3228e7bb3147,bbd102bd-f7a8-4b1a-899c-d62a5c695677,c5,None,1123,i5,?,
1769749451.5007086,RECEIVED,4a406cc9-4b20-4d3e-a3ae-c19214a5acc1,63851005-0a72-4da9-8af8-3c707096b6d7,c1,DROP,689,i5,?,
1769749451.550459,RECEIVED,1aec423a-0924-41a2-9183-23e641ba13c0,404c8969-63a9-42b1-996d-a41ff2965685,c4,DROP,688,i8,?,
1769749451.5841038,SENT,4a406cc9-4b20-4d3e-a3ae-c19214a5acc1,63851005-0a72-4da9-8af8-3c707096b6d7,c1,DROP,442,?,x7,
1769749451.5841475,FORWARDED,4a406cc9-4b20-4d3e-a3ae-c19214a5acc1,63851005-0a72-4da9-8af8-3c707096b6d7,c1,DROP,442,?,x7,
1769749451.6922557,SENT,cf296847-2b12-4dc9-8450-3228e7bb3147,bbd102bd-f7a8-4b1a-899c-d62a5c695677,c5,None,771,?,p1,
1769749451.6923013,FORWARDED,cf296847-2b12-4dc9-8450-3228e7bb3147,bbd102bd-f7a8-4b1a-899c-d62a5c695677,c5,None,771,?,p1,
1769749451.752659,RECEIVED,e163d8ee-563d-4be2-853c-c98e66762994,0890aacf-8b50-484b-a1c2-cbaf0bcc0e5b,c4,DROP,440,x12,?,
1769749451.7731748,RECEIVED,d0014c75-50b3-4bf6-9857-3debac77e2fa,7f1ce693-2534-43a0-92ee-76244a2c876f,c2,DROP,687,i7,?,
1769749451.7957351,SENT,0be3f11a-adf1-4223-99f8-9ac01a82edbe,652276d0-0814-4f22-aae0-3974de13f8e1,c4,DROP,444,?,x1,
1769749451.7957776,FORWARDED,0be3f11a-adf1-4223-99f8-9ac01a82edbe,652276d0-0814-4f22-aae0-3974de13f8e1,c4,DROP,444,?,x1,
1769749451.900658,SENT,1aec423a-0924-41a2-9183-23e641ba13c0,404c8969-63a9-42b1-996d-a41ff2965685,c4,DROP,442,?,e8,
1769749451.9006953,FORWARDED,1aec423a-0924-41a2-9183-23e641ba13c0,404c8969-63a9-42b1-996d-a41ff2965685,c4,DROP,442,?,e8,
1769749452.0398824,SENT,d0014c75-50b3-4bf6-9857-3debac77e2fa,7f1ce693-2534-43a0-92ee-76244a2c876f,c2,DROP,442,?,e2,
1769749452.0399237,FORWARDED,d0014c75-50b3-4bf6-9857-3debac77e2fa,7f1ce693-2534-43a0-92ee-76244a2c876f,c2,DROP,442,?,e2,
1769749452.0428753,RECEIVED,b746a5c7-daf6-4915-a57c-5b064b2f3b20,c01af5f7-7f4e-4bb5-ad44-5afe25b191cc,c5,DROP,684,i5,?,
1769749452.1560755,SENT,b746a5c7-daf6-4915-a57c-5b064b2f3b20,c01af5f7-7f4e-4bb5-ad44-5afe25b191cc,c5,DROP,439,?,x6,
1769749452.1561203,FORWARDED,b746a5c7-daf6-4915-a57c-5b064b2f3b20,c01af5f7-7f4e-4bb5-ad44-5afe25b191cc,c5,DROP,439,?,x6,
1769749452.6198678,RECEIVED,4b4fd1dd-af1a-430e-b255-9a42f1488466,69cd353e-83f0-4aaf-ba55-5e5c554268da,c2,c3,1260,i7,?,
1769749452.7358825,SENT,4b4fd1dd-af1a-430e-b255-9a42f1488466,69cd353e-83f0-4aaf-ba55-5e5c554268da,c2,c3,872,?,p3,
1769749452.7359242,FORWARDED,4b4fd1dd-af1a-430e-b255-9a42f1488466,69cd353e-83f0-4aaf-ba55-5e5c554268da,c2,c3,872,?,p3,
1769749452.8099453,RECEIVED,1f91e9d0-e83d-4221-b31c-36ceb4306ed8,192288b6-3cc0-4a94-b42b-83890b763561,c2,DROP,685,i2,?,
1769749452.9627328,RECEIVED,ce39d7c2-6119-4900-8c41-67c0f712f8ce,8d146f8a-4240-4b58-b63f-5b6a72dc55c7,c4,DROP,446,x12,?,
1769749453.0401418,RECEIVED,bae86544-e090-4fd8-9793-0940d938ee00,c05e043d-5d33-4fd1-a80d-016f9b861741,c4,DROP,441,x2,?,
1769749453.15466,SENT,1f91e9d0-e83d-4221-b31c-36ceb4306ed8,192288b6-3cc0-4a94-b42b-83890b763561,c2,DROP,441,?,e10,
1769749453.1547003,FORWARDED,1f91e9d0-e83d-4221-b31c-36ceb4306ed8,192288b6-3cc0-4a94-b42b-83890b763561,c2,DROP,441,?,e10,
1769749453.5972722,RECEIVED,1cdda730-cda9-4a65-8b96-63db9a4a972a,1841228f-d57d-4280-8323-ecbfdc39ebc7,c1,DROP,684,i6,?,
1769749453.6527874,SENT,1cdda730-cda9-4a65-8b96-63db9a4a972a,1841228f-d57d-4280-8323-ecbfdc39ebc7,c1,DROP,441,?,e7,
1769749453.6528285,FORWARDED,1cdda730-cda9-4a65-8b96-63db9a4a972a,1841228f-d57d-4280-8323-ecbfdc39ebc7,c1,DROP,441,?,e7,
1769749453.9999828,RECEIVED,f175eca0-306b-42a5-9dd8-4c14487e47c0,1f39763f-de43-4fbc-b231-840c0bf54cc2,c4,c1,1256,i9,?,
1769749454.0209498,RECEIVED,4640cc78-ece3-4cea-9a2f-3a97519ff551,f58e31d5-1d60-4012-8ecc-22e26ce6b3df,c1,c5,1251,i7,?,
1769749454.3071086,SENT,f175eca0-306b-42a5-9dd8-4c14487e47c0,1f39763f-de43-4fbc-b231-840c0bf54cc2,c4,c1,868,?,p1,
1769749454.3071508,FORWARDED,f175eca0-306b-42a5-9dd8-4c14487e47c0,1f39763f-de43-4fbc-b231-840c0bf54cc2,c4,c1,868,?,p1,
1769749454.3734267,RECEIVED,c77e8191-9d1f-4c27-8b3f-13f371f92c1c,3250f7df-ec08-4bfb-be82-b1cc8fa8a51d,c2,DROP,683,i7,?,
1769749454.441543,SENT,4640cc78-ece3-4cea-9a2f-3a97519ff551,f58e31d5-1d60-4012-8ecc-22e26ce6b3df,c1,c5,867,?,p2,
1769749454.4415865,FORWARDED,4640cc78-ece3-4cea-9a2f-3a97519ff551,f58e31d5-1d60-4012-8ecc-22e26ce6b3df,c1,c5,867,?,p2,
1769749454.6125114,RECEIVED,9a6c7a42-ae84-4f75-9b78-2c9baf0978f4,4c179e86-15f0-4de9-9992-d89280109fe6,c5,c3,1256,i8,?,
1769749454.6668394,RECEIVED,af8f5c98-1183-41e1-ab00-c0ed963284ba,7fde1630-c559-444f-ba3c-05b09614ce37,c3,None,1124,i8,?,
1769749454.6777236,SENT,9a6c7a42-ae84-4f75-9b78-2c9baf0978f4,4c179e86-15f0-4de9-9992-d89280109fe6,c5,c3,870,?,p3,
1769749454.6777663,FORWARDED,9a6c7a42-ae84-4f75-9b78-2c9baf0978f4,4c179e86-15f0-4de9-9992-d89280109fe6,c5,c3,870,?,p3,
1769749454.7391076,SENT,c77e8191-9d1f-4c27-8b3f-13f371f92c1c,3250f7df-ec08-4bfb-be82-b1cc8fa8a51d,c2,DROP,441,?,e3,
1769749454.73915,FORWARDED,c77e8191-9d1f-4c27-8b3f-13f371f92c1c,3250f7df-ec08-4bfb-be82-b1cc8fa8a51d,c2,DROP,441,?,e3,
1769749454.892428,SENT,af8f5c98-1183-41e1-ab00-c0ed963284ba,7fde1630-c559-444f-ba3c-05b09614ce37,c3,None,771,?,p2,
1769749454.8924735,FORWARDED,af8f5c98-1183-41e1-ab00-c0ed963284ba,7fde1630-c559-444f-ba3c-05b09614ce37,c3,None,771,?,p2,
1769749455.26434,RECEIVED,1f7055d1-445d-498e-b873-c1736f9dd134,bfb2e688-c652-4c5d-86e4-aa69124d1ad9,c2,DROP,683,i9,?,
1769749455.465945,SENT,1f7055d1-445d-498e-b873-c1736f9dd134,bfb2e688-c652-4c5d-86e4-aa69124d1ad9,c2,DROP,441,?,e2,
1769749455.4659867,FORWARDED,1f7055d1-445d-498e-b873-c1736f9dd134,bfb2e688-c652-4c5d-86e4-aa69124d1ad9,c2,DROP,441,?,e2,
1769749455.6230721,RECEIVED,ecb49710-bca2-4415-87d4-3fd94446b363,f209fc8e-b462-450e-b048-6a242bcf2343,c4,DROP,442,x6,?,
1769749455.926634,RECEIVED,2632e714-75bf-430f-a336-a3fb9375118b,b139fdab-f6f4-48cc-9482-b53d23a7d831,c1,DROP,440,x3,?,
1769749456.2685332,RECEIVED,dfc5adca-a05d-490d-958a-6bcf528bc95e,6467f896-9086-451d-a58c-ea5685a8a86f,c2,DROP,679,i9,?,
1769749456.2780337,RECEIVED,a2356b9b-7ba4-4f6a-a255-0808d92d02ad,d9318d8f-59ae-456f-883b-b76d6c8e2a36,c2,DROP,683,i2,?,
1769749456.4193563,RECEIVED,1918152c-e034-41f2-88f9-e04cafc218a6,5af2b950-644e-463a-94d4-231d6569dc65,c1,DROP,440,x10,?,
1769749456.5182893,RECEIVED,6ff41063-918b-4507-af86-2ce0e181b3a1,c27bd866-8fb2-4bd9-8da2-230e1fc76cb1,c5,DROP,683,i7,?,
1769749456.5396752,RECEIVED,793b503c-9b5a-47d1-b519-c52a1c6cabf8,3a6dd286-976c-4514-99f5-e4908a9e7d13,c3,None,1123,i8,?,
1769749456.5425885,RECEIVED,bba3437a-6cfa-48a6-b673-85f338832f3b,187f404d-be89-4c87-a599-c8c2e06c10df,c5,DROP,689,i3,?,
1769749456.6354496,SENT,bba3437a-6cfa-48a6-b673-85f338832f3b,187f404d-be89-4c87-a599-c8c2e06c10df,c5,DROP,442,?,e5,
1769749456.6354926,FORWARDED,bba3437a-6cfa-48a6-b673-85f338832f3b,187f404d-be89-4c87-a599-c8c2e06c10df,c5,DROP,442,?,e5,
1769749456.8324518,RECEIVED,fdbf0894-0042-4b12-8906-a76204577770,5d19d924-aee4-4626-800b-37ee6a31038e,c3,DROP,688,i7,?,
1769749456.851504,RECEIVED,7a8fdecc-7155-43f4-80c1-863438fe8b52,c738c316-3d30-4469-a5a4-7deaac6c4dfd,c3,c2,1316,i6,?,
1769749456.8753095,RECEIVED,419668a9-308b-4470-9cc0-b0404c9630de,73694dc0-e334-4df6-870a-6d90a1bb1a40,c5,DROP,683,i5,?,
1769749456.8778074,SENT,fdbf0894-0042-4b12-8906-a76204577770,5d19d924-aee4-4626-800b-37ee6a31038e,c3,DROP,442,?,e6,
1769749456.8778486,FORWARDED,fdbf0894-0042-4b12-8906-a76204577770,5d19d924-aee4-4626-800b-37ee6a31038e,c3,DROP,442,?,e6,
1769749457.0117118,SENT,7a8fdecc-7155-43f4-80c1-863438fe8b52,c738c316-3d30-4469-a5a4-7deaac6c4dfd,c3,c2,913,?,p2,
1769749457.0117517,FORWARDED,7a8fdecc-7155-43f4-80c1-863438fe8b52,c738c316-3d30-4469-a5a4-7deaac6c4dfd,c3,c2,913,?,p2,
1769749457.163408,SENT,dfc5adca-a05d-490d-958a-6bcf528bc95e,6467f896-9086-451d-a58c-ea5685a8a86f,c2,DROP,438,?,e5,
1769749457.1634479,FORWARDED,dfc5adca-a05d-490d-958a-6bcf528bc95e,6467f896-9086-451d-a58c-ea5685a8a86f,c2,DROP,438,?,e5,
1769749457.255019,RECEIVED,62dad412-6fea-4b33-9a5e-22f52fa1120e,a0195d54-e0ff-4a51-a42a-dbcb8a539db9,c3,DROP,683,i3,?,
1769749457.331363,RECEIVED,4ec83e07-bbf7-4542-b3e3-24c03cbaefa1,127cd3b9-8fad-4570-9e30-f6caead7eff0,c5,None,1131,i7,?,
1769749457.3499334,RECEIVED,2b587fb6-efcf-4168-ae49-af3340e9f265,2bc95b34-39d2-4f40-b67a-e7bb1eae81e1,c3,DROP,688,i8,?,
1769749457.3954217,SENT,419668a9-308b-4470-9cc0-b0404c9630de,73694dc0-e334-4df6-870a-6d90a1bb1a40,c5,DROP,441,?,e12,
1769749457.3954637,FORWARDED,419668a9-308b-4470-9cc0-b0404c9630de,73694dc0-e334-4df6-870a-6d90a1bb1a40,c5,DROP,441,?,e12,
1769749457.4101546,FORWARDED,6ff41063-918b-4507-af86-2ce0e181b3a1,c27bd866-8fb2-4bd9-8da2-230e1fc76cb1,c5,DROP,441,?,i11,
1769749457.4171846,SENT,2b587fb6-efcf-4168-ae49-af3340e9f265,2bc95b34-39d2-4f40-b67a-e7bb1eae81e1,c3,DROP,443,?,x2,
1769749457.4172246,FORWARDED,2b587fb6-efcf-4168-ae49-af3340e9f265,2bc95b34-39d2-4f40-b67a-e7bb1eae81e1,c3,DROP,443,?,x2,
1769749457.5296402,SENT,793b503c-9b5a-47d1-b519-c52a1c6cabf8,3a6dd286-976c-4514-99f5-e4908a9e7d13,c3,None,771,?,p2,
1769749457.529688,FORWARDED,793b503c-9b5a-47d1-b519-c52a1c6cabf8,3a6dd286-976c-4514-99f5-e4908a9e7d13,c3,None,771,?,p2,
1769749457.6513393,SENT,a2356b9b-7ba4-4f6a-a255-0808d92d02ad,d9318d8f-59ae-456f-883b-b76d6c8e2a36,c2,DROP,441,?,e7,
1769749457.6513767,FORWARDED,a2356b9b-7ba4-4f6a-a255-0808d92d02ad,d9318d8f-59ae-456f-883b-b76d6c8e2a36,c2,DROP,441,?,e7,
1769749458.192972,RECEIVED,022a678a-95a6-46a7-bda0-bb7e46f494df,08d8e436-323f-4272-a07f-df53f8c244f6,c1,DROP,441,x10,?,
1769749458.2245936,RECEIVED,e3479d22-f330-4a40-91e6-bda16c59a5b3,9790daad-8029-4934-a106-65f209fa5f94,c3,DROP,441,x9,?,
1769749458.315855,SENT,62dad412-6fea-4b33-9a5e-22f52fa1120e,a0195d54-e0ff-4a51-a42a-dbcb8a539db9,c3,DROP,441,?,i9,
1769749458.3158882,FORWARDED,62dad412-6fea-4b33-9a5e-22f52fa1120e,a0195d54-e0ff-4a51-a42a-dbcb8a539db9,c3,DROP,441,?,i9,
1769749458.5593088,RECEIVED,7cf382a1-a568-4ed6-b85e-72a54c557772,3be8a0a3-a9d7-4df5-b438-4f1c0b4cee62,c4,DROP,687,i2,?,
1769749458.5682847,RECEIVED,85a8eafe-14ad-4832-8e41-584ec4588613,99f8e4ce-2401-4041-9963-336a2a37559c,c5,None,1132,i6,?,
1769749458.6051157,SENT,4ec83e07-bbf7-4542-b3e3-24c03cbaefa1,127cd3b9-8fad-4570-9e30-f6caead7eff0,c5,None,776,?,p1,
1769749458.605228,FORWARDED,4ec83e07-bbf7-4542-b3e3-24c03cbaefa1,127cd3b9-8fad-4570-9e30-f6caead7eff0,c5,None,776,?,p1,
1769749458.716073,RECEIVED,ca359b92-eb5b-4e1f-b4a1-b637930ea940,fab6e1bc-45d0-4bfc-9413-7733e79ab713,c4,c1,1311,i9,?,
1769749458.7506073,RECEIVED,d8ca4ea4-d7b1-4b97-9d26-9be80da19d9f,120c346f-a10a-406e-a2b2-a2e9fa505e26,c2,c3,1252,i9,?,
1769749458.9529183,SENT,d8ca4ea4-d7b1-4b97-9d26-9be80da19d9f,120c346f-a10a-406e-a2b2-a2e9fa505e26,c2,c3,867,?,p3,
1769749458.9529598,FORWARDED,d8ca4ea4-d7b1-4b97-9d26-9be80da19d9f,120c346f-a10a-406e-a2b2-a2e9fa505e26,c2,c3,867,?,p3,
1769749459.004524,RECEIVED,47f39031-fc69-4034-8c5f-648a2a035f53,e786a73f-27eb-4855-8d71-0705d364fc08,c3,DROP,442,x11,?,
1769749459.0392385,SENT,85a8eafe-14ad-4832-8e41-584ec4588613,99f8e4ce-2401-4041-9963-336a2a37559c,c5,None,776,?,p1,
1769749459.0394497,FORWARDED,85a8eafe-14ad-4832-8e41-584ec4588613,99f8e4ce-2401-4041-9963-336a2a37559c,c5,None,776,?,p1,
1769749459.2704315,RECEIVED,fc4c890c-5da1-442e-933f-26ed5df9396f,c729fbd9-d0f4-4356-865d-4c5a203ad641,c3,None,1126,i8,?,
1769749459.5100164,RECEIVED,76f54ba8-fabd-46d3-b985-458b68685e35,ce221565-85fc-4437-91d9-8b8d8ffb0726,c5,DROP,688,i8,?,
1769749459.6722684,SENT,7cf382a1-a568-4ed6-b85e-72a54c557772,3be8a0a3-a9d7-4df5-b438-4f1c0b4cee62,c4,DROP,443,?,x4,
1769749459.6723108,FORWARDED,7cf382a1-a568-4ed6-b85e-72a54c557772,3be8a0a3-a9d7-4df5-b438-4f1c0b4cee62,c4,DROP,443,?,x4,
1769749459.8723204,RECEIVED,ea8ae4de-7c32-426e-b021-590c79041cd4,2c01d636-1215-46f6-aa7a-b4b9a457af41,c5,None,1123,i7,?,
1769749459.914399,SENT,fc4c890c-5da1-442e-933f-26ed5df9396f,c729fbd9-d0f4-4356-865d-4c5a203ad641,c3,None,772,?,p2,
1769749459.9144425,FORWARDED,fc4c890c-5da1-442e-933f-26ed5df9396f,c729fbd9-d0f4-4356-865d-4c5a203ad641,c3,None,772,?,p2,
1769749459.927843,SENT,ca359b92-eb5b-4e1f-b4a1-b637930ea940,fab6e1bc-45d0-4bfc-9413-7733e79ab713,c4,c1,911,?,p1,
1769749459.9278877,FORWARDED,ca359b92-eb5b-4e1f-b4a1-b637930ea940,fab6e1bc-45d0-4bfc-9413-7733e79ab713,c4,c1,911,?,p1,
1769749459.9450908,SENT,76f54ba8-fabd-46d3-b985-458b68685e35,ce221565-85fc-4437-91d9-8b8d8ffb0726,c5,DROP,442,?,e12,
1769749459.9453926,FORWARDED,76f54ba8-fabd-46d3-b985-458b68685e35,ce221565-85fc-4437-91d9-8b8d8ffb0726,c5,DROP,442,?,e12,
1769749460.5701787,SENT,ea8ae4de-7c32-426e-b021-590c79041cd4,2c01d636-1215-46f6-aa7a-b4b9a457af41,c5,None,771,?,p1,
1769749460.5702155,FORWARDED,ea8ae4de-7c32-426e-b021-590c79041cd4,2c01d636-1215-46f6-aa7a-b4b9a457af41,c5,None,771,?,p1,
1769749461.4536533,RECEIVED,fcf8aa10-caed-4b52-a718-2b1f1c6438f4,d481823e-4377-4019-95cf-2ef197d7c284,c3,DROP,683,i8,?,
1769749461.4778264,RECEIVED,c5165398-47c6-44f6-bf42-875592a443fa,9ebb1e72-449a-4e60-bd47-37c17c287ab2,c2,c3,1260,i5,?,
1769749461.5686188,SENT,c5165398-47c6-44f6-bf42-875592a443fa,9ebb1e72-449a-4e60-bd47-37c17c287ab2,c2,c3,872,?,p3,
1769749461.5686681,FORWARDED,c5165398-47c6-44f6-bf42-875592a443fa,9ebb1e72-449a-4e60-bd47-37c17c287ab2,c2,c3,872,?,p3,
1769749461.8671527,RECEIVED,b99c7be5-1e0f-4507-9110-4455d0aa18a3,40ee3ce9-44de-4bcf-8de0-229da0f019c6,c5,DROP,689,i8,?,
1769749461.8719687,RECEIVED,e6e12c03-19a6-4655-9604-0de2ba13eb46,38d60832-7e8b-418a-9982-53e6c6031763,c5,None,1133,i7,?,
1769749461.910615,SENT,b99c7be5-1e0f-4507-9110-4455d0aa18a3,40ee3ce9-44de-4bcf-8de0-229da0f019c6,c5,DROP,442,?,x2,
1769749461.9106953,FORWARDED,b99c7be5-1e0f-4507-9110-4455d0aa18a3,40ee3ce9-44de-4bcf-8de0-229da0f019c6,c5,DROP,442,?,x2,
1769749461.9285553,SENT,e6e12c03-19a6-4655-9604-0de2ba13eb46,38d60832-7e8b-418a-9982-53e6c6031763,c5,None,775,?,p1,
1769749461.928598,FORWARDED,e6e12c03-19a6-4655-9604-0de2ba13eb46,38d60832-7e8b-418a-9982-53e6c6031763,c5,None,775,?,p1,
1769749462.0981028,RECEIVED,a51d9eef-e97a-408c-9671-7d4351269338,3a59d7c6-f942-4f02-a8e1-86f88d2a29d0,c5,None,1131,i6,?,
1769749462.1969662,RECEIVED,b81a8477-15b2-4ca9-b268-acd3d9b8cce8,070a153e-f012-4035-bb3c-bbff5cfa5dff,c4,DROP,688,i9,?,
1769749462.3073306,RECEIVED,c4920876-5854-4d32-bb3d-2cd08e4891d6,aa9581ed-f823-4742-90ad-71a2696b31e6,c3,DROP,688,i7,?,
1769749462.353409,SENT,a51d9eef-e97a-408c-9671-7d4351269338,3a59d7c6-f942-4f02-a8e1-86f88d2a29d0,c5,None,776,?,p1,
1769749462.3534477,FORWARDED,a51d9eef-e97a-408c-9671-7d4351269338,3a59d7c6-f942-4f02-a8e1-86f88d2a29d0,c5,None,776,?,p1,
1769749462.3671253,RECEIVED,cba5f91c-692c-436f-a345-85fd0d8616f7,a25d1a65-2b76-43ca-98e8-f683c691aa35,c1,DROP,683,i5,?,
1769749462.3802688,RECEIVED,212c1053-b5df-47de-977d-3fc9d6a63b59,bd0ad129-3f3d-4663-8b20-7a626207dd4b,c2,DROP,679,i6,?,
1769749462.4396098,RECEIVED,99d8220f-2b04-4f2b-918c-3a59c5b37248,ed299c8b-0836-482c-ba7b-2e4a8c2445c8,c1,DROP,688,i8,?,
1769749462.5683022,SENT,fcf8aa10-caed-4b52-a718-2b1f1c6438f4,d481823e-4377-4019-95cf-2ef197d7c284,c3,DROP,441,?,i3,
1769749462.568344,FORWARDED,fcf8aa10-caed-4b52-a718-2b1f1c6438f4,d481823e-4377-4019-95cf-2ef197d7c284,c3,DROP,441,?,i3,
1769749462.6212175,RECEIVED,ae1c252e-20fe-4455-9897-e2b7789562fc,8d4b7630-5ebe-4cf8-ad58-f193c8acb2f9,c5,None,1131,i6,?,
1769749462.6267948,SENT,b81a8477-15b2-4ca9-b268-acd3d9b8cce8,070a153e-f012-4035-bb3c-bbff5cfa5dff,c4,DROP,442,?,x5,
1769749462.6268387,FORWARDED,b81a8477-15b2-4ca9-b268-acd3d9b8cce8,070a153e-f012-4035-bb3c-bbff5cfa5dff,c4,DROP,442,?,x5,
1769749462.709003,RECEIVED,1952775b-0bd1-4ae8-a07b-93ec8a8af0ae,3a75a8cb-65e7-4e6b-983e-f7effcdd9787,c5,DROP,687,i8,?,
1769749462.7175488,RECEIVED,0ac5ab2c-b0e0-499e-b7e2-00588fd297ad,b895e268-87a3-43d7-adcd-fdfbce7b59ca,c4,DROP,683,i6,?,
1769749462.8647664,SENT,1952775b-0bd1-4ae8-a07b-93ec8a8af0ae,3a75a8cb-65e7-4e6b-983e-f7effcdd9787,c5,DROP,442,?,x4,
1769749462.8648052,FORWARDED,1952775b-0bd1-4ae8-a07b-93ec8a8af0ae,3a75a8cb-65e7-4e6b-983e-f7effcdd9787,c5,DROP,442,?,x4,
1769749462.8969162,SENT,0ac5ab2c-b0e0-499e-b7e2-00588fd297ad,b895e268-87a3-43d7-adcd-fdfbce7b59ca,c4,DROP,440,?,i8,
1769749462.8969584,FORWARDED,0ac5ab2c-b0e0-499e-b7e2-00588fd297ad,b895e268-87a3-43d7-adcd-fdfbce7b59ca,c4,DROP,440,?,i8,
1769749462.9025984,RECEIVED,fe2fe75e-c85b-4c49-b716-aef7808102b9,37259504-d584-45aa-850f-f0258de864d2,c5,None,1124,i6,?,
1769749463.0936491,SENT,ae1c252e-20fe-4455-9897-e2b7789562fc,8d4b7630-5ebe-4cf8-ad58-f193c8acb2f9,c5,None,776,?,p1,
1769749463.09369,FORWARDED,ae1c252e-20fe-4455-9897-e2b7789562fc,8d4b7630-5ebe-4cf8-ad58-f193c8acb2f9,c5,None,776,?,p1,
1769749463.1031184,FORWARDED,99d8220f-2b04-4f2b-918c-3a59c5b37248,ed299c8b-0836-482c-ba7b-2e4a8c2445c8,c1,DROP,442,?,i10,
1769749463.1934814,FORWARDED,cba5f91c-692c-436f-a345-85fd0d8616f7,a25d1a65-2b76-43ca-98e8-f683c691aa35,c1,DROP,441,?,i1,
1769749463.3760703,RECEIVED,252bcb08-b714-4726-ac0e-15f4ff107313,81f27420-1d3b-45fa-b973-2c0db23397a9,c4,DROP,684,i6,?,
1769749463.396079,RECEIVED,dafeb088-f327-4a6b-8365-2895135dfcea,1ddc3329-8a6a-4730-8c72-be1fe9d12d61,c5,c3,1260,i9,?,
1769749463.461382,SENT,252bcb08-b714-4726-ac0e-15f4ff107313,81f27420-1d3b-45fa-b973-2c0db23397a9,c4,DROP,441,?,i3,
1769749463.4614227,FORWARDED,252bcb08-b714-4726-ac0e-15f4ff107313,81f27420-1d3b-45fa-b973-2c0db23397a9,c4,DROP,441,?,i3,
1769749463.5673492,SENT,dafeb088-f327-4a6b-8365-2895135dfcea,1ddc3329-8a6a-4730-8c72-be1fe9d12d61,c5,c3,871,?,p3,
1769749463.567388,FORWARDED,dafeb088-f327-4a6b-8365-2895135dfcea,1ddc3329-8a6a-4730-8c72-be1fe9d12d61,c5,c3,871,?,p3,
1769749463.6274416,RECEIVED,822a2b3e-c2de-41cd-9f8c-c391922675ed,4db85b64-21da-4083-b0de-f695c81963a7,c5,DROP,445,x10,?,
1769749463.6937487,SENT,c4920876-5854-4d32-bb3d-2cd08e4891d6,aa9581ed-f823-4742-90ad-71a2696b31e6,c3,DROP,442,?,e12,
1769749463.6937912,FORWARDED,c4920876-5854-4d32-bb3d-2cd08e4891d6,aa9581ed-f823-4742-90ad-71a2696b31e6,c3,DROP,442,?,e12,
1769749463.8784764,RECEIVED,4d086d2c-e4e2-45bd-95bd-68f65eaf94fd,654e27ba-cff9-462d-ace1-e0c2784207fd,c5,DROP,441,x1,?,
1769749464.0044792,RECEIVED,5433e556-d05d-45db-ab6f-7d348d96a5f9,2586bdd5-e06a-4d89-908b-47b338b5c593,c1,DROP,687,i9,?,
1769749464.049836,RECEIVED,617662f0-2a39-4987-9c69-b6e933d45fef,7165e57f-b89a-4471-bea5-de2506b31866,c5,DROP,680,i9,?,
1769749464.2646272,RECEIVED,fce36cd5-8107-4010-b833-94e1dce5fc84,1a422e93-e585-4c13-a15e-4ad28d36665c,c4,DROP,684,i8,?,
1769749464.2771976,RECEIVED,94dcabc5-fdd3-4091-a9a2-4a27c7f1d1e3,d2064003-7ab6-4f86-a50d-273fe5b3f0dc,c1,DROP,692,i5,?,
1769749464.3230958,SENT,617662f0-2a39-4987-9c69-b6e933d45fef,7165e57f-b89a-4471-bea5-de2506b31866,c5,DROP,437,?,x6,
1769749464.3231382,FORWARDED,617662f0-2a39-4987-9c69-b6e933d45fef,7165e57f-b89a-4471-bea5-de2506b31866,c5,DROP,437,?,x6,
1769749464.3684437,FORWARDED,fce36cd5-8107-4010-b833-94e1dce5fc84,1a422e93-e585-4c13-a15e-4ad28d36665c,c4,DROP,440,?,i1,
1769749464.4918668,RECEIVED,8679b067-1806-4365-b77b-96278cdf0f4e,db271504-4807-4bd2-8181-fe3e22fe3d95,c4,c1,1311,i9,?,
1769749464.682991,RECEIVED,ace94c7d-794a-4a93-82fb-19316e7b9858,d177522e-bc54-4d98-ae4d-60a46cbfbcd4,c3,DROP,687,i7,?,
1769749464.753365,SENT,8679b067-1806-4365-b77b-96278cdf0f4e,db271504-4807-4bd2-8181-fe3e22fe3d95,c4,c1,912,?,p1,
1769749464.7534065,FORWARDED,8679b067-1806-4365-b77b-96278cdf0f4e,db271504-4807-4bd2-8181-fe3e22fe3d95,c4,c1,912,?,p1,
1769749464.865707,RECEIVED,e61e5e8d-830d-4c71-8133-71ee97f51446,37332bf1-21a7-482c-8b2f-691981f67ab5,c5,None,1132,i7,?,
1769749464.8658092,RECEIVED,54cef476-ce5a-4f5e-99c8-50963cf31a16,657a0361-52b5-41a2-835e-e1294b928148,c5,DROP,679,i3,?,
1769749464.8806307,RECEIVED,a3db821d-f4bb-4e6e-8115-354cd856f655,ab2f03fe-b7af-4cd0-9f08-c5eaca35a331,c3,DROP,684,i7,?,
1769749464.9574807,SENT,e61e5e8d-830d-4c71-8133-71ee97f51446,37332bf1-21a7-482c-8b2f-691981f67ab5,c5,None,775,?,p1,
1769749464.9575224,FORWARDED,e61e5e8d-830d-4c71-8133-71ee97f51446,37332bf1-21a7-482c-8b2f-691981f67ab5,c5,None,775,?,p1,
1769749465.0625188,SENT,a3db821d-f4bb-4e6e-8115-354cd856f655,ab2f03fe-b7af-4cd0-9f08-c5eaca35a331,c3,DROP,441,?,x1,
1769749465.062562,FORWARDED,a3db821d-f4bb-4e6e-8115-354cd856f655,ab2f03fe-b7af-4cd0-9f08-c5eaca35a331,c3,DROP,441,?,x1,
1769749465.097868,SENT,5433e556-d05d-45db-ab6f-7d348d96a5f9,2586bdd5-e06a-4d89-908b-47b338b5c593,c1,DROP,442,?,e7,
1769749465.0979102,FORWARDED,5433e556-d05d-45db-ab6f-7d348d96a5f9,2586bdd5-e06a-4d89-908b-47b338b5c593,c1,DROP,442,?,e7,
1769749465.203472,SENT,ace94c7d-794a-4a93-82fb-19316e7b9858,d177522e-bc54-4d98-ae4d-60a46cbfbcd4,c3,DROP,442,?,e6,
1769749465.2035096,FORWARDED,ace94c7d-794a-4a93-82fb-19316e7b9858,d177522e-bc54-4d98-ae4d-60a46cbfbcd4,c3,DROP,442,?,e6,
1769749465.3895307,RECEIVED,46efc159-5f91-4783-a4ff-e995ba0f7939,20e3705a-26a5-470a-b3ac-d93802516fb7,c1,DROP,685,i8,?,
1769749465.408389,SENT,46efc159-5f91-4783-a4ff-e995ba0f7939,20e3705a-26a5-470a-b3ac-d93802516fb7,c1,DROP,441,?,i6,
1769749465.4084966,FORWARDED,46efc159-5f91-4783-a4ff-e995ba0f7939,20e3705a-26a5-470a-b3ac-d93802516fb7,c1,DROP,441,?,i6,
1769749465.6624744,SENT,fe2fe75e-c85b-4c49-b716-aef7808102b9,37259504-d584-45aa-850f-f0258de864d2,c5,None,772,?,p1,
1769749465.6625206,FORWARDED,fe2fe75e-c85b-4c49-b716-aef7808102b9,37259504-d584-45aa-850f-f0258de864d2,c5,None,772,?,p1,
1769749465.7116475,RECEIVED,120d0fc4-9bcf-4806-9a21-f38bcb47bbc9,a153e3ae-bded-478a-8183-fdc34fce9ff2,c4,c1,1259,i8,?,
1769749465.812933,SENT,94dcabc5-fdd3-4091-a9a2-4a27c7f1d1e3,d2064003-7ab6-4f86-a50d-273fe5b3f0dc,c1,DROP,446,?,e11,
1769749465.8129683,FORWARDED,94dcabc5-fdd3-4091-a9a2-4a27c7f1d1e3,d2064003-7ab6-4f86-a50d-273fe5b3f0dc,c1,DROP,446,?,e11,
1769749465.8919048,RECEIVED,7b96ac81-457d-4c5a-9cc0-b69b55acaefa,a572b30f-748a-4ded-9e02-ef3ff72ef4e7,c1,DROP,684,i2,?,
1769749465.9131758,SENT,54cef476-ce5a-4f5e-99c8-50963cf31a16,657a0361-52b5-41a2-835e-e1294b928148,c5,DROP,437,?,x2,
1769749465.9132164,FORWARDED,54cef476-ce5a-4f5e-99c8-50963cf31a16,657a0361-52b5-41a2-835e-e1294b928148,c5,DROP,437,?,x2,
1769749466.1234813,SENT,212c1053-b5df-47de-977d-3fc9d6a63b59,bd0ad129-3f3d-4663-8b20-7a626207dd4b,c2,DROP,438,?,e3,
1769749466.123519,FORWARDED,212c1053-b5df-47de-977d-3fc9d6a63b59,bd0ad129-3f3d-4663-8b20-7a626207dd4b,c2,DROP,438,?,e3,
1769749466.1352513,RECEIVED,35402c7a-7ec8-4f3e-b785-7958fd370286,648762fb-c9e4-4ef7-a84d-271362b17838,c2,DROP,687,i4,?,
1769749466.1535366,SENT,120d0fc4-9bcf-4806-9a21-f38bcb47bbc9,a153e3ae-bded-478a-8183-fdc34fce9ff2,c4,c1,871,?,p1,
1769749466.153581,FORWARDED,120d0fc4-9bcf-4806-9a21-f38bcb47bbc9,a153e3ae-bded-478a-8183-fdc34fce9ff2,c4,c1,871,?,p1,
1769749466.288212,SENT,7b96ac81-457d-4c5a-9cc0-b69b55acaefa,a572b30f-748a-4ded-9e02-ef3ff72ef4e7,c1,DROP,441,?,e4,
1769749466.288256,FORWARDED,7b96ac81-457d-4c5a-9cc0-b69b55acaefa,a572b30f-748a-4ded-9e02-ef3ff72ef4e7,c1,DROP,441,?,e4,
1769749466.6853886,RECEIVED,5680a429-02a2-4fa2-94dd-cc1cf4b92ad2,ca6de0f6-0521-49c1-87ad-da92053014c9,c2,DROP,691,i1,?,
1769749466.8191,RECEIVED,0aab7150-2aeb-4aed-b4cb-7934b0a82779,8f93bfff-233b-4bf0-b1f3-f1f067a0d668,c3,c2,1260,i5,?,
1769749466.8928576,SENT,0aab7150-2aeb-4aed-b4cb-7934b0a82779,8f93bfff-233b-4bf0-b1f3-f1f067a0d668,c3,c2,871,?,p2,
1769749466.892896,FORWARDED,0aab7150-2aeb-4aed-b4cb-7934b0a82779,8f93bfff-233b-4bf0-b1f3-f1f067a0d668,c3,c2,871,?,p2,
1769749466.9691365,SENT,35402c7a-7ec8-4f3e-b785-7958fd370286,648762fb-c9e4-4ef7-a84d-271362b17838,c2,DROP,442,?,i8,
1769749466.969173,FORWARDED,35402c7a-7ec8-4f3e-b785-7958fd370286,648762fb-c9e4-4ef7-a84d-271362b17838,c2,DROP,442,?,i8,
1769749467.2155347,FORWARDED,5680a429-02a2-4fa2-94dd-cc1cf4b92ad2,ca6de0f6-0521-49c1-87ad-da92053014c9,c2,DROP,446,?,i11,
1769749467.2157562,RECEIVED,26fdcfab-23e6-4780-82f0-1738dfb1955e,4fda84b6-6067-44cb-b4b9-fe79d5bfdfa9,c4,DROP,683,i8,?,
1769749467.429039,RECEIVED,34633ddb-511b-48e3-8fc0-f6e9f863ffc0,e308ea2c-faba-4fe0-90ed-9c1efe76c22f,c3,DROP,684,i5,?,
1769749467.5401373,SENT,34633ddb-511b-48e3-8fc0-f6e9f863ffc0,e308ea2c-faba-4fe0-90ed-9c1efe76c22f,c3,DROP,441,?,e3,
1769749467.5401773,FORWARDED,34633ddb-511b-48e3-8fc0-f6e9f863ffc0,e308ea2c-faba-4fe0-90ed-9c1efe76c22f,c3,DROP,441,?,e3,
1769749467.770647,RECEIVED,4b1f1f54-3589-4a39-9a77-b8f4f55abfe6,25d423f8-da28-45c2-babc-b94f5272c663,c3,DROP,683,i4,?,
1769749467.9481316,RECEIVED,85296f62-1570-432b-bce3-3a71302fa73e,352d2f7a-3989-4420-8aeb-7bbbf48117d3,c5,DROP,688,i3,?,
1769749468.0501761,SENT,85296f62-1570-432b-bce3-3a71302fa73e,352d2f7a-3989-4420-8aeb-7bbbf48117d3,c5,DROP,442,?,x1,
1769749468.0502172,FORWARDED,85296f62-1570-432b-bce3-3a71302fa73e,352d2f7a-3989-4420-8aeb-7bbbf48117d3,c5,DROP,442,?,x1,
1769749468.1326275,RECEIVED,2af0128a-921e-4ad9-9180-52999f45457c,b0cf75dd-4c4e-4433-9ef3-5e7f9069cd00,c5,DROP,681,i5,?,
1769749468.1616538,RECEIVED,c5a91ec5-344e-4bef-a3b0-61f6c18726a4,a705654d-72e0-48da-ad01-6a8dfcd3a2d4,c5,c3,1312,i9,?,
1769749468.163757,SENT,2af0128a-921e-4ad9-9180-52999f45457c,b0cf75dd-4c4e-4433-9ef3-5e7f9069cd00,c5,DROP,438,?,e8,
1769749468.1637936,FORWARDED,2af0128a-921e-4ad9-9180-52999f45457c,b0cf75dd-4c4e-4433-9ef3-5e7f9069cd00,c5,DROP,438,?,e8,
1769749468.2462523,RECEIVED,23e2817f-dd10-499e-8812-a8c7dc6d3807,eefa8a97-4ab3-4dbc-a228-eb3cfd13cb43,c4,DROP,442,x1,?,
1769749468.2668893,SENT,4b1f1f54-3589-4a39-9a77-b8f4f55abfe6,25d423f8-da28-45c2-babc-b94f5272c663,c3,DROP,441,?,x3,
1769749468.266931,FORWARDED,4b1f1f54-3589-4a39-9a77-b8f4f55abfe6,25d423f8-da28-45c2-babc-b94f5272c663,c3,DROP,441,?,x3,
1769749468.3562355,SENT,c5a91ec5-344e-4bef-a3b0-61f6c18726a4,a705654d-72e0-48da-ad01-6a8dfcd3a2d4,c5,c3,911,?,p3,
1769749468.3562775,FORWARDED,c5a91ec5-344e-4bef-a3b0-61f6c18726a4,a705654d-72e0-48da-ad01-6a8dfcd3a2d4,c5,c3,911,?,p3,
1769749468.3872738,RECEIVED,b159dfc8-7ac6-402d-a2f0-2b74672341d0,7d02b743-4ca8-46c4-9c46-bc12a5f2430a,c4,c1,1311,i8,?,
1769749468.4317718,SENT,26fdcfab-23e6-4780-82f0-1738dfb1955e,4fda84b6-6067-44cb-b4b9-fe79d5bfdfa9,c4,DROP,441,?,i5,
1769749468.4318142,FORWARDED,26fdcfab-23e6-4780-82f0-1738dfb1955e,4fda84b6-6067-44cb-b4b9-fe79d5bfdfa9,c4,DROP,441,?,i5,
1769749468.469991,RECEIVED,650ca3ed-6326-409b-9081-a40e0ba8574f,9e0df1c9-1ae5-4b9d-a15c-80527be58bbf,c1,c5,1323,i4,?,
1769749468.4810154,RECEIVED,c7a8d512-cbd7-4a95-a42a-ad8458f18626,71c3b623-0503-4d89-9aa0-93b4b1ba67b3,c5,c3,1312,i1,?,
1769749468.6028001,RECEIVED,88c6031c-d78a-4649-9528-a29c8e9163e0,adf8bf9e-5d81-4436-8763-ca714d1f7ceb,c4,DROP,680,i8,?,
1769749468.607824,SENT,c7a8d512-cbd7-4a95-a42a-ad8458f18626,71c3b623-0503-4d89-9aa0-93b4b1ba67b3,c5,c3,911,?,p3,
1769749468.607866,FORWARDED,c7a8d512-cbd7-4a95-a42a-ad8458f18626,71c3b623-0503-4d89-9aa0-93b4b1ba67b3,c5,c3,911,?,p3,
1769749468.6122296,SENT,b159dfc8-7ac6-402d-a2f0-2b74672341d0,7d02b743-4ca8-46c4-9c46-bc12a5f2430a,c4,c1,912,?,p1,
1769749468.6122713,FORWARDED,b159dfc8-7ac6-402d-a2f0-2b74672341d0,7d02b743-4ca8-46c4-9c46-bc12a5f2430a,c4,c1,912,?,p1,
1769749468.6492019,RECEIVED,3a1e5522-cd96-4993-acd3-e03b9484b960,76fe5cde-6d4d-4c2a-ae38-8a31a7b7f436,c1,None,1130,i4,?,
1769749468.7153766,SENT,88c6031c-d78a-4649-9528-a29c8e9163e0,adf8bf9e-5d81-4436-8763-ca714d1f7ceb,c4,DROP,437,?,i2,
1769749468.7154274,FORWARDED,88c6031c-d78a-4649-9528-a29c8e9163e0,adf8bf9e-5d81-4436-8763-ca714d1f7ceb,c4,DROP,437,?,i2,
1769749468.787224,SENT,650ca3ed-6326-409b-9081-a40e0ba8574f,9e0df1c9-1ae5-4b9d-a15c-80527be58bbf,c1,c5,921,?,p2,
1769749468.7872682,FORWARDED,650ca3ed-6326-409b-9081-a40e0ba8574f,9e0df1c9-1ae5-4b9d-a15c-80527be58bbf,c1,c5,921,?,p2,
1769749468.99992,RECEIVED,c3248393-1f06-4fbe-8087-b1c920134f9b,0dfeefc7-81ee-4e6d-a91a-8032175098cd,c3,c2,1319,i4,?,
1769749469.0496414,RECEIVED,0e85fdfe-8bfa-4aef-a7cd-8eb50bcc9c2e,59598fd8-abc0-4fbd-a3da-9884f0297c8c,c5,DROP,683,i9,?,
1769749469.2547956,RECEIVED,7b861b40-3477-4fb7-89cb-95d089dad15e,c4219d26-9771-43a8-b867-186c7dc1a00f,c4,DROP,685,i3,?,
1769749469.295035,SENT,7b861b40-3477-4fb7-89cb-95d089dad15e,c4219d26-9771-43a8-b867-186c7dc1a00f,c4,DROP,441,?,x5,
1769749469.2950873,FORWARDED,7b861b40-3477-4fb7-89cb-95d089dad15e,c4219d26-9771-43a8-b867-186c7dc1a00f,c4,DROP,441,?,x5,
1769749469.5345984,SENT,0e85fdfe-8bfa-4aef-a7cd-8eb50bcc9c2e,59598fd8-abc0-4fbd-a3da-9884f0297c8c,c5,DROP,441,?,i1,
1769749469.5346322,FORWARDED,0e85fdfe-8bfa-4aef-a7cd-8eb50bcc9c2e,59598fd8-abc0-4fbd-a3da-9884f0297c8c,c5,DROP,441,?,i1,
1769749469.6379309,RECEIVED,d6f20bdd-aab1-475c-8f13-b9c677d4cae4,76c7db37-5053-48e0-a209-b4a54ef80eb1,c2,None,1131,i4,?,
1769749469.7025356,RECEIVED,1b92c06e-9ced-4521-8082-3f5cf194a5f1,20c08dae-5973-4a69-8de1-2bee8e602cf2,c3,c2,1259,i9,?,
1769749470.1188862,RECEIVED,a8ba9d1b-155d-43fa-b1b4-cebff5ab4e0c,05d6b52c-fa76-42c1-8a9a-dd411c96ad19,c4,c1,1311,i9,?,
1769749470.2422519,SENT,1b92c06e-9ced-4521-8082-3f5cf194a5f1,20c08dae-5973-4a69-8de1-2bee8e602cf2,c3,c2,871,?,p2,
1769749470.2422926,FORWARDED,1b92c06e-9ced-4521-8082-3f5cf194a5f1,20c08dae-5973-4a69-8de1-2bee8e602cf2,c3,c2,871,?,p2,
1769749470.3165355,SENT,c3248393-1f06-4fbe-8087-b1c920134f9b,0dfeefc7-81ee-4e6d-a91a-8032175098cd,c3,c2,916,?,p2,
1769749470.3165784,FORWARDED,c3248393-1f06-4fbe-8087-b1c920134f9b,0dfeefc7-81ee-4e6d-a91a-8032175098cd,c3,c2,916,?,p2,
1769749470.3860314,RECEIVED,56db3e31-6de1-4604-9fe6-75c794a3940d,01ecc57e-a2d3-4f4a-b60b-85e85395bbba,c3,None,1131,i7,?,
1769749470.652177,SENT,d6f20bdd-aab1-475c-8f13-b9c677d4cae4,76c7db37-5053-48e0-a209-b4a54ef80eb1,c2,None,776,?,p3,
1769749470.6522214,FORWARDED,d6f20bdd-aab1-475c-8f13-b9c677d4cae4,76c7db37-5053-48e0-a209-b4a54ef80eb1,c2,None,776,?,p3,
1769749470.6534004,RECEIVED,07cb0ec6-fd7c-4918-818b-c5d6ba79b784,cda55c53-11c7-41d7-a45d-b42ba284773b,c3,c2,1316,i4,?,
1769749470.6649704,SENT,3a1e5522-cd96-4993-acd3-e03b9484b960,76fe5cde-6d4d-4c2a-ae38-8a31a7b7f436,c1,None,776,?,p1,
1769749470.6650052,FORWARDED,3a1e5522-cd96-4993-acd3-e03b9484b960,76fe5cde-6d4d-4c2a-ae38-8a31a7b7f436,c1,None,776,?,p1,
1769749470.7488005,SENT,07cb0ec6-fd7c-4918-818b-c5d6ba79b784,cda55c53-11c7-41d7-a45d-b42ba284773b,c3,c2,915,?,p2,
1769749470.7488418,FORWARDED,07cb0ec6-fd7c-4918-818b-c5d6ba79b784,cda55c53-11c7-41d7-a45d-b42ba284773b,c3,c2,915,?,p2,
1769749470.9857519,RECEIVED,3ef64d90-61ae-49d5-9bd2-3f08798a304a,c6985444-f31d-4322-b04c-42bb17f0bfca,c2,None,1127,i4,?,
1769749471.1518564,SENT,56db3e31-6de1-4604-9fe6-75c794a3940d,01ecc57e-a2d3-4f4a-b60b-85e85395bbba,c3,None,775,?,p2,
1769749471.1518981,FORWARDED,56db3e31-6de1-4604-9fe6-75c794a3940d,01ecc57e-a2d3-4f4a-b60b-85e85395bbba,c3,None,775,?,p2,
1769749471.4248958,SENT,a8ba9d1b-155d-43fa-b1b4-cebff5ab4e0c,05d6b52c-fa76-42c1-8a9a-dd411c96ad19,c4,c1,911,?,p1,
1769749471.4249413,FORWARDED,a8ba9d1b-155d-43fa-b1b4-cebff5ab4e0c,05d6b52c-fa76-42c1-8a9a-dd411c96ad19,c4,c1,911,?,p1,
1769749471.6770062,SENT,3ef64d90-61ae-49d5-9bd2-3f08798a304a,c6985444-f31d-4322-b04c-42bb17f0bfca,c2,None,772,?,p3,
1769749471.6770594,FORWARDED,3ef64d90-61ae-49d5-9bd2-3f08798a304a,c6985444-f31d-4322-b04c-42bb17f0bfca,c2,None,772,?,p3,
1769749472.0092857,RECEIVED,74845616-6f2a-4b69-8a72-eabed424bfb9,64f129ef-e2b7-41c2-9c0b-2ad04a3edb8c,c5,c3,1312,i4,?,
1769749472.042935,RECEIVED,4d28e45a-193c-46a8-bfad-b0590278f971,a9b5442f-5839-4f79-ae84-089db8ff4e33,c3,None,1127,i8,?,
1769749472.214759,SENT,74845616-6f2a-4b69-8a72-eabed424bfb9,64f129ef-e2b7-41c2-9c0b-2ad04a3edb8c,c5,c3,912,?,p3,
1769749472.2148013,FORWARDED,74845616-6f2a-4b69-8a72-eabed424bfb9,64f129ef-e2b7-41c2-9c0b-2ad04a3edb8c,c5,c3,912,?,p3,
1769749472.260726,SENT,4d28e45a-193c-46a8-bfad-b0590278f971,a9b5442f-5839-4f79-ae84-089db8ff4e33,c3,None,772,?,p2,
1769749472.260767,FORWARDED,4d28e45a-193c-46a8-bfad-b0590278f971,a9b5442f-5839-4f79-ae84-089db8ff4e33,c3,None,772,?,p2,
1769749472.894637,RECEIVED,469a6e4c-2454-42ba-98a9-42b8795dc697,fa3b4dfe-bec6-41e3-bcfa-4a69c3055ebd,c4,c1,1313,i8,?,
1769749472.9338126,SENT,469a6e4c-2454-42ba-98a9-42b8795dc697,fa3b4dfe-bec6-41e3-bcfa-4a69c3055ebd,c4,c1,912,?,p1,
1769749472.9338555,FORWARDED,469a6e4c-2454-42ba-98a9-42b8795dc697,fa3b4dfe-bec6-41e3-bcfa-4a69c3055ebd,c4,c1,912,?,p1,
1769749472.9733863,RECEIVED,6cae6299-d59a-4513-861f-a8790884b94d,0a419eae-2e85-4fd4-b736-32e7a2859e4e,c5,c3,1311,i9,?,
1769749473.5370684,RECEIVED,d8b98da8-f1b2-4f2d-8799-276074b39e8a,67d42ddc-e056-4314-8ac0-b5a84eadc39a,c1,c5,1320,i4,?,
1769749473.606271,SENT,d8b98da8-f1b2-4f2d-8799-276074b39e8a,67d42ddc-e056-4314-8ac0-b5a84eadc39a,c1,c5,918,?,p2,
1769749473.6063128,FORWARDED,d8b98da8-f1b2-4f2d-8799-276074b39e8a,67d42ddc-e056-4314-8ac0-b5a84eadc39a,c1,c5,918,?,p2,
1769749473.6150575,SENT,6cae6299-d59a-4513-861f-a8790884b94d,0a419eae-2e85-4fd4-b736-32e7a2859e4e,c5,c3,912,?,p3,
1769749473.615103,FORWARDED,6cae6299-d59a-4513-861f-a8790884b94d,0a419eae-2e85-4fd4-b736-32e7a2859e4e,c5,c3,912,?,p3,
1769749473.6515207,RECEIVED,82c7bff0-2aa3-4f9f-be97-1cd70643d3f9,ce127fcb-9c23-40a1-852c-2afb1d5dab31,c3,c2,1319,i4,?,
1769749473.7648747,SENT,82c7bff0-2aa3-4f9f-be97-1cd70643d3f9,ce127fcb-9c23-40a1-852c-2afb1d5dab31,c3,c2,917,?,p2,
1769749473.7649186,FORWARDED,82c7bff0-2aa3-4f9f-be97-1cd70643d3f9,ce127fcb-9c23-40a1-852c-2afb1d5dab31,c3,c2,917,?,p2,
1769749474.0459416,RECEIVED,67d6d7a3-aa74-4d08-8a80-788e0a69e278,6d540f48-d7f8-48b6-aa4f-d89e3a03894d,c2,None,1127,i4,?,
1769749474.0654483,RECEIVED,33359256-8fc9-4c47-9027-adf6e334be69,ac01e7c4-e9d5-4ff4-9781-0341183d38a4,c2,None,1125,i4,?,
1769749474.0945373,RECEIVED,e294a760-9aef-4185-86c5-a0d3b45be1b9,1a91f62f-964b-431f-96f4-1b3e8603f2a1,c5,c3,1311,i4,?,
1769749474.1506035,SENT,33359256-8fc9-4c47-9027-adf6e334be69,ac01e7c4-e9d5-4ff4-9781-0341183d38a4,c2,None,771,?,p3,
1769749474.1506453,FORWARDED,33359256-8fc9-4c47-9027-adf6e334be69,ac01e7c4-e9d5-4ff4-9781-0341183d38a4,c2,None,771,?,p3,
1769749474.6228447,SENT,67d6d7a3-aa74-4d08-8a80-788e0a69e278,6d540f48-d7f8-48b6-aa4f-d89e3a03894d,c2,None,773,?,p3,
1769749474.6228878,FORWARDED,67d6d7a3-aa74-4d08-8a80-788e0a69e278,6d540f48-d7f8-48b6-aa4f-d89e3a03894d,c2,None,773,?,p3,
1769749475.6295042,RECEIVED,e41198ad-df94-4be7-9ede-01530197c0ee,5e55c7b2-abba-498d-ae70-428e9e5a6b02,c3,None,1123,i7,?,
1769749476.016624,RECEIVED,0799d439-425f-40cc-ad3c-beddc4da34fe,ed7ee920-4fea-4d4d-b64b-ca5fcfb8aca1,c1,None,1133,i4,?,
1769749476.0313056,SENT,0799d439-425f-40cc-ad3c-beddc4da34fe,ed7ee920-4fea-4d4d-b64b-ca5fcfb8aca1,c1,None,775,?,p1,
1769749476.0313494,FORWARDED,0799d439-425f-40cc-ad3c-beddc4da34fe,ed7ee920-4fea-4d4d-b64b-ca5fcfb8aca1,c1,None,775,?,p1,
1769749476.2758484,SENT,e294a760-9aef-4185-86c5-a0d3b45be1b9,1a91f62f-964b-431f-96f4-1b3e8603f2a1,c5,c3,912,?,p3,
1769749476.2758923,FORWARDED,e294a760-9aef-4185-86c5-a0d3b45be1b9,1a91f62f-964b-431f-96f4-1b3e8603f2a1,c5,c3,912,?,p3,
1769749476.4246757,SENT,e41198ad-df94-4be7-9ede-01530197c0ee,5e55c7b2-abba-498d-ae70-428e9e5a6b02,c3,None,771,?,p2,
1769749476.4247174,FORWARDED,e41198ad-df94-4be7-9ede-01530197c0ee,5e55c7b2-abba-498d-ae70-428e9e5a6b02,c3,None,771,?,p2,
