{
    "avg_entropy": 2.309212760492244,
    "avg_prob_correct": 0.20406763032637784,
    "avg_rank": 1.856837606837607,
    "num_samples": 468
}