timestamp,event_type,packet_id,message_id,src,dst,size,prev_hop,next_hop,flags
1769496931.9926498,RECEIVED,38c43e63-fa1e-486d-ad82-ef184af8f3f6,54387a66-c990-4187-b71c-4411cb91114a,c3,c5,1764,e2,?,
1769496932.4427412,SENT,38c43e63-fa1e-486d-ad82-ef184af8f3f6,54387a66-c990-4187-b71c-4411cb91114a,c3,c5,1251,?,x5,
1769496932.4428813,FORWARDED,38c43e63-fa1e-486d-ad82-ef184af8f3f6,54387a66-c990-4187-b71c-4411cb91114a,c3,c5,1251,?,x5,
1769496932.7643,RECEIVED,70bcca5f-ed7f-4ebb-b4df-f46e57d3af70,5e7efb37-b92f-4127-aaf2-aab43a53b3a9,c4,c3,1775,e9,?,
1769496933.15302,RECEIVED,67d0cca9-e4b4-4910-8ac1-9f8de832657a,53eb85b4-a63f-4a9d-aad2-b6e68e19c140,c3,c5,1771,e12,?,
1769496933.6004012,SENT,70bcca5f-ed7f-4ebb-b4df-f46e57d3af70,5e7efb37-b92f-4127-aaf2-aab43a53b3a9,c4,c3,1260,?,x8,
1769496933.6005528,FORWARDED,70bcca5f-ed7f-4ebb-b4df-f46e57d3af70,5e7efb37-b92f-4127-aaf2-aab43a53b3a9,c4,c3,1260,?,x8,
1769496934.8106773,SENT,67d0cca9-e4b4-4910-8ac1-9f8de832657a,53eb85b4-a63f-4a9d-aad2-b6e68e19c140,c3,c5,1255,?,x7,
1769496934.8107991,FORWARDED,67d0cca9-e4b4-4910-8ac1-9f8de832657a,53eb85b4-a63f-4a9d-aad2-b6e68e19c140,c3,c5,1255,?,x7,
1769496934.8498383,RECEIVED,182f4244-fb6f-4f16-84c3-7318ea1d6b5f,574b914e-4bc8-41d3-aabe-b569dbd9e577,c5,c2,1776,e4,?,
1769496934.9220252,SENT,182f4244-fb6f-4f16-84c3-7318ea1d6b5f,574b914e-4bc8-41d3-aabe-b569dbd9e577,c5,c2,1259,?,x3,
1769496934.9221888,FORWARDED,182f4244-fb6f-4f16-84c3-7318ea1d6b5f,574b914e-4bc8-41d3-aabe-b569dbd9e577,c5,c2,1259,?,x3,
1769496934.972671,RECEIVED,8d4dd0ba-8f25-4969-b0ba-e08ffefa8f7e,d3348a03-bcc7-49a6-b60b-79c205f669be,c2,None,1599,e5,?,
1769496935.5008154,SENT,8d4dd0ba-8f25-4969-b0ba-e08ffefa8f7e,d3348a03-bcc7-49a6-b60b-79c205f669be,c2,None,1127,?,x4,
1769496935.5009377,FORWARDED,8d4dd0ba-8f25-4969-b0ba-e08ffefa8f7e,d3348a03-bcc7-49a6-b60b-79c205f669be,c2,None,1127,?,x4,
1769496935.6463656,RECEIVED,8cdb263e-5d6b-447c-9aad-6c876fdb8dd1,21a56eaa-1d67-4c4c-aa5a-ca62cbf7526d,c3,None,1604,e11,?,
1769496935.7817006,SENT,8cdb263e-5d6b-447c-9aad-6c876fdb8dd1,21a56eaa-1d67-4c4c-aa5a-ca62cbf7526d,c3,None,1130,?,x5,
1769496935.7817652,FORWARDED,8cdb263e-5d6b-447c-9aad-6c876fdb8dd1,21a56eaa-1d67-4c4c-aa5a-ca62cbf7526d,c3,None,1130,?,x5,
1769496936.1353922,RECEIVED,0dd3f294-9402-48ee-9e9c-752a25e8230c,7fabbece-31f2-4a18-93f6-6c3f2ecd4fe9,c5,None,1602,e9,?,
1769496936.3664472,SENT,0dd3f294-9402-48ee-9e9c-752a25e8230c,7fabbece-31f2-4a18-93f6-6c3f2ecd4fe9,c5,None,1131,?,x2,
1769496936.366538,FORWARDED,0dd3f294-9402-48ee-9e9c-752a25e8230c,7fabbece-31f2-4a18-93f6-6c3f2ecd4fe9,c5,None,1131,?,x2,
1769496936.704249,RECEIVED,97c4e617-2b32-43fd-b9f8-6df03ec434f6,857b884d-3b0d-47c7-bf4a-7a15396edf6e,c3,c5,1768,e6,?,
1769496936.9741256,SENT,97c4e617-2b32-43fd-b9f8-6df03ec434f6,857b884d-3b0d-47c7-bf4a-7a15396edf6e,c3,c5,1252,?,x4,
1769496936.9741945,FORWARDED,97c4e617-2b32-43fd-b9f8-6df03ec434f6,857b884d-3b0d-47c7-bf4a-7a15396edf6e,c3,c5,1252,?,x4,
1769496937.4278717,RECEIVED,c5f5373b-b033-4370-8de6-b65b4663766e,9f30b92f-8fa3-4d32-abc2-ae95574ec63c,c2,None,1601,e1,?,
1769496937.5426693,SENT,c5f5373b-b033-4370-8de6-b65b4663766e,9f30b92f-8fa3-4d32-abc2-ae95574ec63c,c2,None,1127,?,x12,
1769496937.543086,FORWARDED,c5f5373b-b033-4370-8de6-b65b4663766e,9f30b92f-8fa3-4d32-abc2-ae95574ec63c,c2,None,1127,?,x12,
1769496937.9448617,RECEIVED,839c8c2c-a8c4-4353-87ea-e952756779b3,644a8ebb-949f-4435-935e-34bd95486105,c4,c3,1768,e6,?,
1769496938.225472,SENT,839c8c2c-a8c4-4353-87ea-e952756779b3,644a8ebb-949f-4435-935e-34bd95486105,c4,c3,1255,?,x6,
1769496938.2255926,FORWARDED,839c8c2c-a8c4-4353-87ea-e952756779b3,644a8ebb-949f-4435-935e-34bd95486105,c4,c3,1255,?,x6,
1769496938.2872999,RECEIVED,da74a600-13b5-43a8-9364-8289fd9ab448,22bcebb0-9f4b-40a9-9566-b2e11d68b788,c5,None,1608,e6,?,
1769496938.3542082,RECEIVED,7b7b1982-0ed4-4b7d-96d0-6498de661de1,586f65bc-0c94-42be-bf99-ff1b92d990e7,c5,None,1607,e3,?,
1769496938.4036837,SENT,da74a600-13b5-43a8-9364-8289fd9ab448,22bcebb0-9f4b-40a9-9566-b2e11d68b788,c5,None,1132,?,x10,
1769496938.4037526,FORWARDED,da74a600-13b5-43a8-9364-8289fd9ab448,22bcebb0-9f4b-40a9-9566-b2e11d68b788,c5,None,1132,?,x10,
1769496939.391248,RECEIVED,474e8619-9a23-4fff-a099-03cf962f92b3,eca6dee3-2815-4fa7-acc6-452d0754dc62,c3,None,1595,e10,?,
1769496939.413725,SENT,7b7b1982-0ed4-4b7d-96d0-6498de661de1,586f65bc-0c94-42be-bf99-ff1b92d990e7,c5,None,1132,?,x12,
1769496939.4138658,FORWARDED,7b7b1982-0ed4-4b7d-96d0-6498de661de1,586f65bc-0c94-42be-bf99-ff1b92d990e7,c5,None,1132,?,x12,
1769496939.8289092,RECEIVED,4e1b6989-b8d7-4376-a774-3884a70408bf,d295eae1-cd12-474c-a834-8d55f6745073,c1,c3,1763,e4,?,
1769496939.9359703,SENT,474e8619-9a23-4fff-a099-03cf962f92b3,eca6dee3-2815-4fa7-acc6-452d0754dc62,c3,None,1124,?,x12,
1769496939.93608,FORWARDED,474e8619-9a23-4fff-a099-03cf962f92b3,eca6dee3-2815-4fa7-acc6-452d0754dc62,c3,None,1124,?,x12,
1769496940.205419,SENT,4e1b6989-b8d7-4376-a774-3884a70408bf,d295eae1-cd12-474c-a834-8d55f6745073,c1,c3,1251,?,x7,
1769496940.2054548,FORWARDED,4e1b6989-b8d7-4376-a774-3884a70408bf,d295eae1-cd12-474c-a834-8d55f6745073,c1,c3,1251,?,x7,
1769496941.0193074,RECEIVED,e641b576-1034-498a-9509-71d404e67ade,e5cbf7fd-812b-47bb-8b4a-2aa832702ffd,c3,None,1595,e7,?,
1769496941.249422,RECEIVED,1b97a676-a924-4475-8db8-fa87389b4b5e,a8e6fc95-890f-4ff3-a43c-fc2d3994489d,c3,None,1600,e5,?,
1769496941.438616,RECEIVED,721d856d-0437-4a03-a2fa-7b0da9512479,2cb2cd3d-ac11-4b85-b45f-cc565fef17be,c5,None,1603,e6,?,
1769496941.6804256,SENT,e641b576-1034-498a-9509-71d404e67ade,e5cbf7fd-812b-47bb-8b4a-2aa832702ffd,c3,None,1123,?,x7,
1769496941.6805162,FORWARDED,e641b576-1034-498a-9509-71d404e67ade,e5cbf7fd-812b-47bb-8b4a-2aa832702ffd,c3,None,1123,?,x7,
1769496942.4751298,RECEIVED,c4e36be9-205d-403a-9965-8dc30dca8494,118b37bc-084a-4e3a-bc7a-db6ec04d4d28,c5,c2,1779,e9,?,
1769496942.554194,RECEIVED,60cdd49d-f3aa-4011-8497-541c39f6d99f,22cf11da-e817-4b30-9f68-b1a0ed072fdf,c3,None,1599,e11,?,
1769496942.6971247,SENT,c4e36be9-205d-403a-9965-8dc30dca8494,118b37bc-084a-4e3a-bc7a-db6ec04d4d28,c5,c2,1263,?,x7,
1769496942.697215,FORWARDED,c4e36be9-205d-403a-9965-8dc30dca8494,118b37bc-084a-4e3a-bc7a-db6ec04d4d28,c5,c2,1263,?,x7,
1769496942.7302976,SENT,721d856d-0437-4a03-a2fa-7b0da9512479,2cb2cd3d-ac11-4b85-b45f-cc565fef17be,c5,None,1131,?,x2,
1769496942.7303796,FORWARDED,721d856d-0437-4a03-a2fa-7b0da9512479,2cb2cd3d-ac11-4b85-b45f-cc565fef17be,c5,None,1131,?,x2,
1769496942.9418013,RECEIVED,4dfa1f53-6c9c-498b-863d-26dd3a161c9f,93ae5634-3e4e-41bd-87c6-334df8082bb1,c4,c3,1768,e3,?,
1769496943.0821035,SENT,1b97a676-a924-4475-8db8-fa87389b4b5e,a8e6fc95-890f-4ff3-a43c-fc2d3994489d,c3,None,1127,?,x12,
1769496943.0821688,FORWARDED,1b97a676-a924-4475-8db8-fa87389b4b5e,a8e6fc95-890f-4ff3-a43c-fc2d3994489d,c3,None,1127,?,x12,
1769496943.175546,SENT,60cdd49d-f3aa-4011-8497-541c39f6d99f,22cf11da-e817-4b30-9f68-b1a0ed072fdf,c3,None,1127,?,x4,
1769496943.1756117,FORWARDED,60cdd49d-f3aa-4011-8497-541c39f6d99f,22cf11da-e817-4b30-9f68-b1a0ed072fdf,c3,None,1127,?,x4,
1769496943.327514,SENT,4dfa1f53-6c9c-498b-863d-26dd3a161c9f,93ae5634-3e4e-41bd-87c6-334df8082bb1,c4,c3,1254,?,x9,
1769496943.3275805,FORWARDED,4dfa1f53-6c9c-498b-863d-26dd3a161c9f,93ae5634-3e4e-41bd-87c6-334df8082bb1,c4,c3,1254,?,x9,
1769496944.0881882,RECEIVED,91f02caf-03bc-419e-a525-cbc138665566,5a0a3908-8d21-4017-86da-36aac90701a9,c5,None,1596,e1,?,
1769496944.201341,RECEIVED,d2739a26-ad5f-46c4-9ca7-cc0e3c0b1bef,e2df6da1-937d-432f-802b-e3701c7e76da,c4,c3,1771,e4,?,
1769496944.3936265,SENT,91f02caf-03bc-419e-a525-cbc138665566,5a0a3908-8d21-4017-86da-36aac90701a9,c5,None,1123,?,x5,
1769496944.3937566,FORWARDED,91f02caf-03bc-419e-a525-cbc138665566,5a0a3908-8d21-4017-86da-36aac90701a9,c5,None,1123,?,x5,
1769496945.1447914,SENT,d2739a26-ad5f-46c4-9ca7-cc0e3c0b1bef,e2df6da1-937d-432f-802b-e3701c7e76da,c4,c3,1255,?,x7,
1769496945.1448355,FORWARDED,d2739a26-ad5f-46c4-9ca7-cc0e3c0b1bef,e2df6da1-937d-432f-802b-e3701c7e76da,c4,c3,1255,?,x7,
1769496945.3367841,RECEIVED,568c87ba-4e45-4c88-9a50-abfca01a50ff,b44278f2-0936-4bcf-ac70-37c92cb9fb15,c1,c3,1784,e7,?,
1769496945.474435,RECEIVED,a4dd9790-6fe7-4472-8783-3261ffccec83,11ca7a9c-6913-41e2-951f-5a6b36446734,c3,None,1600,e10,?,
1769496945.9468656,SENT,568c87ba-4e45-4c88-9a50-abfca01a50ff,b44278f2-0936-4bcf-ac70-37c92cb9fb15,c1,c3,1264,?,x11,
1769496945.9469202,FORWARDED,568c87ba-4e45-4c88-9a50-abfca01a50ff,b44278f2-0936-4bcf-ac70-37c92cb9fb15,c1,c3,1264,?,x11,
1769496946.0905252,RECEIVED,0fb3b9e3-14d5-4c1f-a014-b77aa62643f8,619b75b8-44e5-4a8e-b125-51ca831e09b8,c1,c3,1777,e2,?,
1769496946.3044548,SENT,0fb3b9e3-14d5-4c1f-a014-b77aa62643f8,619b75b8-44e5-4a8e-b125-51ca831e09b8,c1,c3,1259,?,x11,
1769496946.3045409,FORWARDED,0fb3b9e3-14d5-4c1f-a014-b77aa62643f8,619b75b8-44e5-4a8e-b125-51ca831e09b8,c1,c3,1259,?,x11,
1769496946.4718075,RECEIVED,7249b271-2a0f-47c3-a8fd-f55f23412653,1913aea3-a198-419f-be05-796586c41e8e,c5,DROP,1016,e7,?,
1769496946.6663406,SENT,a4dd9790-6fe7-4472-8783-3261ffccec83,11ca7a9c-6913-41e2-951f-5a6b36446734,c3,None,1128,?,x11,
1769496946.6663928,FORWARDED,a4dd9790-6fe7-4472-8783-3261ffccec83,11ca7a9c-6913-41e2-951f-5a6b36446734,c3,None,1128,?,x11,
1769496946.9788966,SENT,7249b271-2a0f-47c3-a8fd-f55f23412653,1913aea3-a198-419f-be05-796586c41e8e,c5,DROP,688,?,x10,
1769496946.9789524,FORWARDED,7249b271-2a0f-47c3-a8fd-f55f23412653,1913aea3-a198-419f-be05-796586c41e8e,c5,DROP,688,?,x10,
1769496947.082648,RECEIVED,1ab535c2-de51-43c0-a43e-fe49f1ecea9d,76be096c-57c9-44f6-89b2-c6863585376f,c4,c3,1773,e7,?,
1769496947.1833699,RECEIVED,9af54b6a-56ea-4d3c-a594-7ab6bf44e970,5eb07201-e11c-4c45-be6e-c4f68e9d4f42,c4,c3,1775,e4,?,
1769496947.431874,SENT,1ab535c2-de51-43c0-a43e-fe49f1ecea9d,76be096c-57c9-44f6-89b2-c6863585376f,c4,c3,1258,?,x9,
1769496947.4319956,FORWARDED,1ab535c2-de51-43c0-a43e-fe49f1ecea9d,76be096c-57c9-44f6-89b2-c6863585376f,c4,c3,1258,?,x9,
1769496947.8106189,RECEIVED,60505ae0-edd7-480c-802f-a584f7ba3452,bebf274e-9eb0-4d8c-8f22-4c6a77b6efbe,c3,None,1593,e9,?,
1769496947.8958418,SENT,60505ae0-edd7-480c-802f-a584f7ba3452,bebf274e-9eb0-4d8c-8f22-4c6a77b6efbe,c3,None,1120,?,x11,
1769496947.8959076,FORWARDED,60505ae0-edd7-480c-802f-a584f7ba3452,bebf274e-9eb0-4d8c-8f22-4c6a77b6efbe,c3,None,1120,?,x11,
1769496948.0019317,RECEIVED,9203ee0d-8625-49ad-916a-3d39428fc9e3,f19c9d99-6507-40f4-91fa-c6e700a9cd66,c4,c3,1763,e2,?,
1769496948.1478536,SENT,9af54b6a-56ea-4d3c-a594-7ab6bf44e970,5eb07201-e11c-4c45-be6e-c4f68e9d4f42,c4,c3,1259,?,x7,
1769496948.1479762,FORWARDED,9af54b6a-56ea-4d3c-a594-7ab6bf44e970,5eb07201-e11c-4c45-be6e-c4f68e9d4f42,c4,c3,1259,?,x7,
1769496948.3453414,RECEIVED,920dcef0-ee3d-435e-8cc8-92f263a097df,d9c3ed1a-4b06-42ca-9827-879519705058,c5,c2,1780,e7,?,
1769496948.3765106,RECEIVED,cada387e-1ac2-4087-965e-b864a317740e,52116170-15d6-4105-aa54-6db4cee1ff35,c3,None,1601,e8,?,
1769496948.450818,SENT,cada387e-1ac2-4087-965e-b864a317740e,52116170-15d6-4105-aa54-6db4cee1ff35,c3,None,1127,?,x4,
1769496948.4508905,FORWARDED,cada387e-1ac2-4087-965e-b864a317740e,52116170-15d6-4105-aa54-6db4cee1ff35,c3,None,1127,?,x4,
1769496948.570297,RECEIVED,16809b8e-9d29-48d8-b67e-47a220b396fb,82a52a71-f7ce-4fdf-b3a1-38423f678ab6,c2,None,1600,e1,?,
1769496948.576498,RECEIVED,e7e9d8df-ae29-4859-937b-d4d41a226995,cc5ad2dd-2373-45d7-88fa-91c95d6a8071,c2,c3,1775,e12,?,
1769496948.8027067,RECEIVED,c126eaf3-f815-4dd3-95b2-bba0722ab782,3f3ce2a6-eb1b-4cbb-b022-5362cc1312b3,c2,c3,1776,e5,?,
1769496948.9928706,SENT,e7e9d8df-ae29-4859-937b-d4d41a226995,cc5ad2dd-2373-45d7-88fa-91c95d6a8071,c2,c3,1260,?,x3,
1769496948.9929395,FORWARDED,e7e9d8df-ae29-4859-937b-d4d41a226995,cc5ad2dd-2373-45d7-88fa-91c95d6a8071,c2,c3,1260,?,x3,
1769496949.0932379,RECEIVED,b8bd071d-eea0-4a00-b12b-1ea4c53ecf49,2a7e98c4-66fc-4759-81d7-8ae2eeaef7aa,c5,DROP,1013,e6,?,
1769496949.1178975,RECEIVED,fb4d0916-4553-44f7-95ea-5b98011c4eb4,7ead4e7f-e153-4dce-bc2e-da759ea0cb43,c4,c3,1771,e11,?,
1769496949.131895,SENT,c126eaf3-f815-4dd3-95b2-bba0722ab782,3f3ce2a6-eb1b-4cbb-b022-5362cc1312b3,c2,c3,1260,?,x10,
1769496949.1319807,FORWARDED,c126eaf3-f815-4dd3-95b2-bba0722ab782,3f3ce2a6-eb1b-4cbb-b022-5362cc1312b3,c2,c3,1260,?,x10,
1769496949.158403,SENT,b8bd071d-eea0-4a00-b12b-1ea4c53ecf49,2a7e98c4-66fc-4759-81d7-8ae2eeaef7aa,c5,DROP,685,?,x5,
1769496949.1584864,FORWARDED,b8bd071d-eea0-4a00-b12b-1ea4c53ecf49,2a7e98c4-66fc-4759-81d7-8ae2eeaef7aa,c5,DROP,685,?,x5,
1769496949.1965957,SENT,fb4d0916-4553-44f7-95ea-5b98011c4eb4,7ead4e7f-e153-4dce-bc2e-da759ea0cb43,c4,c3,1255,?,x6,
1769496949.196683,FORWARDED,fb4d0916-4553-44f7-95ea-5b98011c4eb4,7ead4e7f-e153-4dce-bc2e-da759ea0cb43,c4,c3,1255,?,x6,
1769496949.2384698,RECEIVED,d81cd8c6-9d9b-4caf-aadb-fb838eeddd14,5389433e-2742-425c-aed4-46ccf8ff8cc2,c3,None,1601,e4,?,
1769496949.496292,SENT,d81cd8c6-9d9b-4caf-aadb-fb838eeddd14,5389433e-2742-425c-aed4-46ccf8ff8cc2,c3,None,1127,?,x11,
1769496949.496359,FORWARDED,d81cd8c6-9d9b-4caf-aadb-fb838eeddd14,5389433e-2742-425c-aed4-46ccf8ff8cc2,c3,None,1127,?,x11,
1769496949.6133263,SENT,9203ee0d-8625-49ad-916a-3d39428fc9e3,f19c9d99-6507-40f4-91fa-c6e700a9cd66,c4,c3,1251,?,x3,
1769496949.6134627,FORWARDED,9203ee0d-8625-49ad-916a-3d39428fc9e3,f19c9d99-6507-40f4-91fa-c6e700a9cd66,c4,c3,1251,?,x3,
1769496949.7305188,SENT,16809b8e-9d29-48d8-b67e-47a220b396fb,82a52a71-f7ce-4fdf-b3a1-38423f678ab6,c2,None,1127,?,x10,
1769496949.7305853,FORWARDED,16809b8e-9d29-48d8-b67e-47a220b396fb,82a52a71-f7ce-4fdf-b3a1-38423f678ab6,c2,None,1127,?,x10,
1769496950.1237507,SENT,920dcef0-ee3d-435e-8cc8-92f263a097df,d9c3ed1a-4b06-42ca-9827-879519705058,c5,c2,1263,?,x10,
1769496950.1238377,FORWARDED,920dcef0-ee3d-435e-8cc8-92f263a097df,d9c3ed1a-4b06-42ca-9827-879519705058,c5,c2,1263,?,x10,
1769496950.1401994,RECEIVED,6f474712-fad3-4799-9e1d-3af8948c9a4e,ebf26580-84d5-425e-9b28-b37e96219cf9,c5,c2,1783,e10,?,
1769496950.6101196,SENT,6f474712-fad3-4799-9e1d-3af8948c9a4e,ebf26580-84d5-425e-9b28-b37e96219cf9,c5,c2,1264,?,x7,
1769496950.6102405,FORWARDED,6f474712-fad3-4799-9e1d-3af8948c9a4e,ebf26580-84d5-425e-9b28-b37e96219cf9,c5,c2,1264,?,x7,
1769496950.6495714,RECEIVED,37741237-1295-4716-a5c9-90f586b0bc6b,caa77665-8a07-4dd9-ae62-344d0260aefd,c4,c3,1780,e12,?,
1769496951.102237,SENT,37741237-1295-4716-a5c9-90f586b0bc6b,caa77665-8a07-4dd9-ae62-344d0260aefd,c4,c3,1263,?,x11,
1769496951.1023233,FORWARDED,37741237-1295-4716-a5c9-90f586b0bc6b,caa77665-8a07-4dd9-ae62-344d0260aefd,c4,c3,1263,?,x11,
1769496951.1259623,RECEIVED,b5d445f3-d282-41eb-a53f-a395b5ed6868,298fd358-b3f3-4638-8a57-f397eccb74d4,c2,None,1599,e2,?,
1769496951.1407757,RECEIVED,e5974acc-1aa7-41bc-b2f0-35c9dddc8250,fe6b8ab5-3dae-4745-ba38-277fc8f823aa,c3,None,1612,e10,?,
1769496951.2966967,RECEIVED,ad5c1ec2-25ee-424b-8ae1-aa2e1a996dce,7321b464-dd8e-471e-976d-b378e407b6a9,c3,None,1599,e8,?,
1769496951.327269,RECEIVED,ea15581a-1df0-4a75-a71b-dbbcc08dc4cf,1bcfb9a3-9447-45fb-8d65-6186697da70c,c4,c3,1781,e2,?,
1769496951.374997,SENT,b5d445f3-d282-41eb-a53f-a395b5ed6868,298fd358-b3f3-4638-8a57-f397eccb74d4,c2,None,1127,?,x1,
1769496951.3750763,FORWARDED,b5d445f3-d282-41eb-a53f-a395b5ed6868,298fd358-b3f3-4638-8a57-f397eccb74d4,c2,None,1127,?,x1,
1769496951.4516706,RECEIVED,45a6e325-b563-4a13-a61b-531fe4192861,0642e62b-1930-4393-849f-56158677f592,c1,c3,1776,e9,?,
1769496951.51409,SENT,ea15581a-1df0-4a75-a71b-dbbcc08dc4cf,1bcfb9a3-9447-45fb-8d65-6186697da70c,c4,c3,1262,?,x10,
1769496951.5141559,FORWARDED,ea15581a-1df0-4a75-a71b-dbbcc08dc4cf,1bcfb9a3-9447-45fb-8d65-6186697da70c,c4,c3,1262,?,x10,
1769496951.6993573,SENT,ad5c1ec2-25ee-424b-8ae1-aa2e1a996dce,7321b464-dd8e-471e-976d-b378e407b6a9,c3,None,1128,?,x5,
1769496951.6994236,FORWARDED,ad5c1ec2-25ee-424b-8ae1-aa2e1a996dce,7321b464-dd8e-471e-976d-b378e407b6a9,c3,None,1128,?,x5,
1769496951.797595,SENT,45a6e325-b563-4a13-a61b-531fe4192861,0642e62b-1930-4393-849f-56158677f592,c1,c3,1259,?,x6,
1769496951.797654,FORWARDED,45a6e325-b563-4a13-a61b-531fe4192861,0642e62b-1930-4393-849f-56158677f592,c1,c3,1259,?,x6,
1769496952.0997894,SENT,e5974acc-1aa7-41bc-b2f0-35c9dddc8250,fe6b8ab5-3dae-4745-ba38-277fc8f823aa,c3,None,1135,?,x12,
1769496952.0998523,FORWARDED,e5974acc-1aa7-41bc-b2f0-35c9dddc8250,fe6b8ab5-3dae-4745-ba38-277fc8f823aa,c3,None,1135,?,x12,
1769496952.6062834,RECEIVED,3279b66b-d421-43bb-a1fd-3750107da5ca,88f1ba16-0b6b-449a-87e5-747fe04b2c2b,c5,c2,1776,e12,?,
1769496953.4005804,SENT,3279b66b-d421-43bb-a1fd-3750107da5ca,88f1ba16-0b6b-449a-87e5-747fe04b2c2b,c5,c2,1259,?,x12,
1769496953.4006448,FORWARDED,3279b66b-d421-43bb-a1fd-3750107da5ca,88f1ba16-0b6b-449a-87e5-747fe04b2c2b,c5,c2,1259,?,x12,
1769496953.4552188,RECEIVED,ea355381-e0f1-4a94-a0fa-9688b5bc256a,c9b193bd-02cb-496c-975f-2d52466e11ad,c3,None,1600,e1,?,
1769496953.502237,RECEIVED,0a8db89b-fd82-4926-be51-a1cc18cefae5,479acb32-a52a-43e2-a262-d3f2ee534fc9,c2,c3,1764,e7,?,
1769496953.7159553,RECEIVED,6e6620b5-13c5-4bca-9db1-e9baa30bfbed,4a9bb856-f906-4e7c-b68d-e86e2edb13f4,c3,None,1607,e12,?,
1769496953.7503555,SENT,ea355381-e0f1-4a94-a0fa-9688b5bc256a,c9b193bd-02cb-496c-975f-2d52466e11ad,c3,None,1128,?,x10,
1769496953.7504163,FORWARDED,ea355381-e0f1-4a94-a0fa-9688b5bc256a,c9b193bd-02cb-496c-975f-2d52466e11ad,c3,None,1128,?,x10,
1769496953.7932389,SENT,0a8db89b-fd82-4926-be51-a1cc18cefae5,479acb32-a52a-43e2-a262-d3f2ee534fc9,c2,c3,1251,?,x8,
1769496953.7933,FORWARDED,0a8db89b-fd82-4926-be51-a1cc18cefae5,479acb32-a52a-43e2-a262-d3f2ee534fc9,c2,c3,1251,?,x8,
1769496953.9979806,RECEIVED,4ed05b2c-1086-4fb6-84f8-643cfbc3abb6,3167c3d6-bc0a-41a4-a795-a5c37feb5600,c2,None,1597,e1,?,
1769496954.1788332,SENT,6e6620b5-13c5-4bca-9db1-e9baa30bfbed,4a9bb856-f906-4e7c-b68d-e86e2edb13f4,c3,None,1132,?,x7,
1769496954.1788971,FORWARDED,6e6620b5-13c5-4bca-9db1-e9baa30bfbed,4a9bb856-f906-4e7c-b68d-e86e2edb13f4,c3,None,1132,?,x7,
1769496954.1894178,RECEIVED,ebe4316f-3e68-4525-b9ab-9f5df7730743,27ac5ec7-d51c-4c4e-b48c-edb6ccb74283,c3,c5,1772,e5,?,
1769496954.244472,SENT,4ed05b2c-1086-4fb6-84f8-643cfbc3abb6,3167c3d6-bc0a-41a4-a795-a5c37feb5600,c2,None,1123,?,x12,
1769496954.2445369,FORWARDED,4ed05b2c-1086-4fb6-84f8-643cfbc3abb6,3167c3d6-bc0a-41a4-a795-a5c37feb5600,c2,None,1123,?,x12,
1769496954.2712207,RECEIVED,d28c1f15-d2fe-48e2-8ed2-3a796a94df0a,1014b272-995d-4056-b775-06bc5598dcf6,c3,None,1603,e4,?,
1769496954.310963,SENT,ebe4316f-3e68-4525-b9ab-9f5df7730743,27ac5ec7-d51c-4c4e-b48c-edb6ccb74283,c3,c5,1255,?,x7,
1769496954.3110235,FORWARDED,ebe4316f-3e68-4525-b9ab-9f5df7730743,27ac5ec7-d51c-4c4e-b48c-edb6ccb74283,c3,c5,1255,?,x7,
1769496954.7863662,RECEIVED,6eed4c22-70d5-4add-8a8e-dab5a8152c0e,da8f10bb-6977-4b7d-a139-cec43acaeb90,c5,None,1599,e10,?,
1769496955.1251984,RECEIVED,3cbdd618-feee-4221-aa8d-123ef52c14f7,a9a5adc9-0a05-4ffe-91de-ffd16702a5cc,c3,None,1595,e9,?,
1769496955.1895685,SENT,6eed4c22-70d5-4add-8a8e-dab5a8152c0e,da8f10bb-6977-4b7d-a139-cec43acaeb90,c5,None,1128,?,x1,
1769496955.1896186,FORWARDED,6eed4c22-70d5-4add-8a8e-dab5a8152c0e,da8f10bb-6977-4b7d-a139-cec43acaeb90,c5,None,1128,?,x1,
1769496955.3577588,RECEIVED,27ab5544-f2a9-46b6-8e57-71ffc3aa0cc4,f7757c9d-c61b-4acc-9946-8d778a83eced,c5,None,1597,e5,?,
1769496955.3939524,SENT,27ab5544-f2a9-46b6-8e57-71ffc3aa0cc4,f7757c9d-c61b-4acc-9946-8d778a83eced,c5,None,1124,?,x7,
1769496955.3940012,FORWARDED,27ab5544-f2a9-46b6-8e57-71ffc3aa0cc4,f7757c9d-c61b-4acc-9946-8d778a83eced,c5,None,1124,?,x7,
1769496955.4064305,RECEIVED,8adc7d2b-7f06-451f-b9c0-43dfba373466,52bc0338-a8f4-4824-ae4e-85a3783bb953,c4,c3,1772,e6,?,
1769496955.5454392,SENT,8adc7d2b-7f06-451f-b9c0-43dfba373466,52bc0338-a8f4-4824-ae4e-85a3783bb953,c4,c3,1255,?,x10,
1769496955.5454938,FORWARDED,8adc7d2b-7f06-451f-b9c0-43dfba373466,52bc0338-a8f4-4824-ae4e-85a3783bb953,c4,c3,1255,?,x10,
1769496955.6595542,RECEIVED,0f61d66f-d59c-4379-bb67-89f36a2f3721,6a0501d7-32f9-4dac-b61b-a69fe92887e7,c1,c3,1776,e3,?,
1769496955.7473915,SENT,0f61d66f-d59c-4379-bb67-89f36a2f3721,6a0501d7-32f9-4dac-b61b-a69fe92887e7,c1,c3,1258,?,x8,
1769496955.7474446,FORWARDED,0f61d66f-d59c-4379-bb67-89f36a2f3721,6a0501d7-32f9-4dac-b61b-a69fe92887e7,c1,c3,1258,?,x8,
1769496955.883389,SENT,3cbdd618-feee-4221-aa8d-123ef52c14f7,a9a5adc9-0a05-4ffe-91de-ffd16702a5cc,c3,None,1123,?,x5,
1769496955.8834462,FORWARDED,3cbdd618-feee-4221-aa8d-123ef52c14f7,a9a5adc9-0a05-4ffe-91de-ffd16702a5cc,c3,None,1123,?,x5,
1769496956.1358066,SENT,d28c1f15-d2fe-48e2-8ed2-3a796a94df0a,1014b272-995d-4056-b775-06bc5598dcf6,c3,None,1130,?,x3,
1769496956.135864,FORWARDED,d28c1f15-d2fe-48e2-8ed2-3a796a94df0a,1014b272-995d-4056-b775-06bc5598dcf6,c3,None,1130,?,x3,
1769496957.2968128,RECEIVED,af7fa283-858b-4f0d-ba58-da35b247955b,93bbdcd2-acab-4e72-92d6-67e29d4b8590,c5,None,1599,e9,?,
1769496957.5721972,RECEIVED,11a59285-cfd6-4fc4-9eb9-39a9cb4351a2,ee218a7d-8571-4e62-952c-e082f32981ea,c3,None,1609,e9,?,
1769496957.6746821,SENT,11a59285-cfd6-4fc4-9eb9-39a9cb4351a2,ee218a7d-8571-4e62-952c-e082f32981ea,c3,None,1132,?,x11,
1769496957.674738,FORWARDED,11a59285-cfd6-4fc4-9eb9-39a9cb4351a2,ee218a7d-8571-4e62-952c-e082f32981ea,c3,None,1132,?,x11,
1769496957.8855665,SENT,af7fa283-858b-4f0d-ba58-da35b247955b,93bbdcd2-acab-4e72-92d6-67e29d4b8590,c5,None,1127,?,x9,
1769496957.8856122,FORWARDED,af7fa283-858b-4f0d-ba58-da35b247955b,93bbdcd2-acab-4e72-92d6-67e29d4b8590,c5,None,1127,?,x9,
1769496957.9217796,RECEIVED,73f7614b-c8aa-493f-ab0d-55f7c2f098f1,44b8a65b-238d-4e2e-abd0-b3650c8e94df,c3,None,1596,e7,?,
1769496958.1906753,SENT,73f7614b-c8aa-493f-ab0d-55f7c2f098f1,44b8a65b-238d-4e2e-abd0-b3650c8e94df,c3,None,1124,?,x12,
1769496958.190719,FORWARDED,73f7614b-c8aa-493f-ab0d-55f7c2f098f1,44b8a65b-238d-4e2e-abd0-b3650c8e94df,c3,None,1124,?,x12,
1769496959.2341719,RECEIVED,5e2bc04e-ddaa-4cbe-bdbe-60f5f9eedbab,c54b33eb-d0cf-491f-be53-d9c3ec2dfab5,c1,c3,1780,e12,?,
1769496959.4159968,SENT,5e2bc04e-ddaa-4cbe-bdbe-60f5f9eedbab,c54b33eb-d0cf-491f-be53-d9c3ec2dfab5,c1,c3,1263,?,x5,
1769496959.4160724,FORWARDED,5e2bc04e-ddaa-4cbe-bdbe-60f5f9eedbab,c54b33eb-d0cf-491f-be53-d9c3ec2dfab5,c1,c3,1263,?,x5,
1769496960.0719788,RECEIVED,5009e46e-2b6d-44b5-9dc5-d1092d664319,adc6566e-e4fa-4150-bdb2-edc52914d16d,c2,None,1607,e11,?,
1769496960.4878285,RECEIVED,160d84e5-5172-4ebd-85ed-e396720c7308,3b5d89ec-41b4-4b6a-bf7e-e3c850df7fb1,c3,None,1605,e7,?,
1769496960.4926198,SENT,5009e46e-2b6d-44b5-9dc5-d1092d664319,adc6566e-e4fa-4150-bdb2-edc52914d16d,c2,None,1134,?,x4,
1769496960.4926631,FORWARDED,5009e46e-2b6d-44b5-9dc5-d1092d664319,adc6566e-e4fa-4150-bdb2-edc52914d16d,c2,None,1134,?,x4,
1769496960.5201066,RECEIVED,142d0d23-cebd-4e92-8ea5-a18ba307f898,68dd3c53-667f-4838-b30c-e2e83d1554e4,c3,None,1605,e8,?,
1769496960.5886958,SENT,160d84e5-5172-4ebd-85ed-e396720c7308,3b5d89ec-41b4-4b6a-bf7e-e3c850df7fb1,c3,None,1131,?,x11,
1769496960.5889623,FORWARDED,160d84e5-5172-4ebd-85ed-e396720c7308,3b5d89ec-41b4-4b6a-bf7e-e3c850df7fb1,c3,None,1131,?,x11,
1769496960.6298811,SENT,142d0d23-cebd-4e92-8ea5-a18ba307f898,68dd3c53-667f-4838-b30c-e2e83d1554e4,c3,None,1131,?,x12,
1769496960.629919,FORWARDED,142d0d23-cebd-4e92-8ea5-a18ba307f898,68dd3c53-667f-4838-b30c-e2e83d1554e4,c3,None,1131,?,x12,
1769496960.883762,RECEIVED,4d2b2e89-3771-4f05-a96c-c5e15da0c615,210f6c05-d9d7-4e42-8cc0-09e49cee18a5,c3,None,1608,e3,?,
1769496960.9522765,SENT,4d2b2e89-3771-4f05-a96c-c5e15da0c615,210f6c05-d9d7-4e42-8cc0-09e49cee18a5,c3,None,1132,?,x6,
1769496960.952319,FORWARDED,4d2b2e89-3771-4f05-a96c-c5e15da0c615,210f6c05-d9d7-4e42-8cc0-09e49cee18a5,c3,None,1132,?,x6,
1769496961.2210112,RECEIVED,71be0f65-0f4f-4f80-9bf3-4568e3eac1e9,6f36300d-fe44-4cfd-944b-3b6595bee0b2,c3,c5,1771,e3,?,
1769496961.5238655,RECEIVED,cf006f54-96f8-4e9e-a351-0e36d438e838,5da9fa43-f412-48e7-916c-a4430874d79e,c3,c5,1763,e8,?,
1769496961.8370426,SENT,cf006f54-96f8-4e9e-a351-0e36d438e838,5da9fa43-f412-48e7-916c-a4430874d79e,c3,c5,1251,?,x7,
1769496961.837105,FORWARDED,cf006f54-96f8-4e9e-a351-0e36d438e838,5da9fa43-f412-48e7-916c-a4430874d79e,c3,c5,1251,?,x7,
1769496961.8768656,RECEIVED,3fe2f513-9fed-4508-9ca7-1db292ea891a,ee3bd008-0b7d-4da4-8741-0ad70895aa11,c5,c2,1776,e9,?,
1769496962.0225756,SENT,3fe2f513-9fed-4508-9ca7-1db292ea891a,ee3bd008-0b7d-4da4-8741-0ad70895aa11,c5,c2,1259,?,x9,
1769496962.022655,FORWARDED,3fe2f513-9fed-4508-9ca7-1db292ea891a,ee3bd008-0b7d-4da4-8741-0ad70895aa11,c5,c2,1259,?,x9,
1769496962.37895,RECEIVED,4f0e7f85-3d77-4bae-85c6-57a478e134bd,afc01963-c82e-4ca5-a353-d77429ca7857,c3,None,1599,e9,?,
1769496962.4800384,SENT,71be0f65-0f4f-4f80-9bf3-4568e3eac1e9,6f36300d-fe44-4cfd-944b-3b6595bee0b2,c3,c5,1255,?,x3,
1769496962.4801464,FORWARDED,71be0f65-0f4f-4f80-9bf3-4568e3eac1e9,6f36300d-fe44-4cfd-944b-3b6595bee0b2,c3,c5,1255,?,x3,
1769496962.4930937,RECEIVED,f7948aa3-4c11-4090-b626-11b703a408c5,90aea0b7-1e0d-48a1-8d89-66acc47eb081,c5,None,1596,e1,?,
1769496962.6077218,SENT,f7948aa3-4c11-4090-b626-11b703a408c5,90aea0b7-1e0d-48a1-8d89-66acc47eb081,c5,None,1125,?,x5,
1769496962.6077745,FORWARDED,f7948aa3-4c11-4090-b626-11b703a408c5,90aea0b7-1e0d-48a1-8d89-66acc47eb081,c5,None,1125,?,x5,
1769496963.3171778,SENT,4f0e7f85-3d77-4bae-85c6-57a478e134bd,afc01963-c82e-4ca5-a353-d77429ca7857,c3,None,1127,?,x9,
1769496963.3172448,FORWARDED,4f0e7f85-3d77-4bae-85c6-57a478e134bd,afc01963-c82e-4ca5-a353-d77429ca7857,c3,None,1127,?,x9,
1769496963.4846945,RECEIVED,7b42bf64-8a2d-4307-be86-9180832ce10e,f955ec6f-448c-4494-a8a6-192232874033,c2,c3,1765,e3,?,
1769496963.4952328,SENT,7b42bf64-8a2d-4307-be86-9180832ce10e,f955ec6f-448c-4494-a8a6-192232874033,c2,c3,1251,?,x7,
1769496963.4952972,FORWARDED,7b42bf64-8a2d-4307-be86-9180832ce10e,f955ec6f-448c-4494-a8a6-192232874033,c2,c3,1251,?,x7,
1769496963.7900121,RECEIVED,09d54214-0d41-4731-b89f-59083ee799b0,5abbd6a2-5b12-45fd-8762-97b25ac841a7,c1,c3,1763,e3,?,
1769496964.0676877,RECEIVED,4415e708-71f3-44ee-b78c-a05516d07fc9,ca6b5b28-d869-41ba-b94b-3e8d1f484164,c3,c5,1785,e3,?,
1769496964.1313548,SENT,4415e708-71f3-44ee-b78c-a05516d07fc9,ca6b5b28-d869-41ba-b94b-3e8d1f484164,c3,c5,1264,?,x12,
1769496964.1314075,FORWARDED,4415e708-71f3-44ee-b78c-a05516d07fc9,ca6b5b28-d869-41ba-b94b-3e8d1f484164,c3,c5,1264,?,x12,
1769496964.4231305,RECEIVED,56afd16d-6c3e-4439-9401-ee67fb50a618,5d4971fc-ae26-4f0b-9a0a-788bdcef128a,c3,None,1596,e5,?,
1769496964.517814,RECEIVED,11d8216f-2369-4ee3-af2b-7e41408db993,f516d834-fd78-4283-a1e7-5f71e2d6f460,c2,None,1601,e4,?,
1769496964.5495088,SENT,11d8216f-2369-4ee3-af2b-7e41408db993,f516d834-fd78-4283-a1e7-5f71e2d6f460,c2,None,1128,?,x9,
1769496964.5495675,FORWARDED,11d8216f-2369-4ee3-af2b-7e41408db993,f516d834-fd78-4283-a1e7-5f71e2d6f460,c2,None,1128,?,x9,
1769496964.6922596,SENT,56afd16d-6c3e-4439-9401-ee67fb50a618,5d4971fc-ae26-4f0b-9a0a-788bdcef128a,c3,None,1124,?,x4,
1769496964.6923215,FORWARDED,56afd16d-6c3e-4439-9401-ee67fb50a618,5d4971fc-ae26-4f0b-9a0a-788bdcef128a,c3,None,1124,?,x4,
1769496964.758685,SENT,09d54214-0d41-4731-b89f-59083ee799b0,5abbd6a2-5b12-45fd-8762-97b25ac841a7,c1,c3,1251,?,x2,
1769496964.758741,FORWARDED,09d54214-0d41-4731-b89f-59083ee799b0,5abbd6a2-5b12-45fd-8762-97b25ac841a7,c1,c3,1251,?,x2,
1769496965.6147149,RECEIVED,071e73d0-90ff-4ed4-ab2d-ba1b51574d8d,959c5c42-ec70-4b97-9973-5bf4d4a72a29,c2,c3,1763,e12,?,
1769496965.7079442,RECEIVED,04f47a88-a855-4500-9ce2-d44bedf5bb09,e67dd119-368f-4a03-a581-0f0341fd6f67,c3,None,1598,e3,?,
1769496965.722152,SENT,04f47a88-a855-4500-9ce2-d44bedf5bb09,e67dd119-368f-4a03-a581-0f0341fd6f67,c3,None,1124,?,x10,
1769496965.7222207,FORWARDED,04f47a88-a855-4500-9ce2-d44bedf5bb09,e67dd119-368f-4a03-a581-0f0341fd6f67,c3,None,1124,?,x10,
1769496966.3205016,RECEIVED,9dee586d-15d7-4de3-8801-ea9207e14e8e,5af6fa69-1f7f-40d9-a2f6-353c1dc415a7,c4,c3,1775,e7,?,
1769496966.3813536,SENT,9dee586d-15d7-4de3-8801-ea9207e14e8e,5af6fa69-1f7f-40d9-a2f6-353c1dc415a7,c4,c3,1260,?,x2,
1769496966.3814168,FORWARDED,9dee586d-15d7-4de3-8801-ea9207e14e8e,5af6fa69-1f7f-40d9-a2f6-353c1dc415a7,c4,c3,1260,?,x2,
1769496966.4035916,SENT,071e73d0-90ff-4ed4-ab2d-ba1b51574d8d,959c5c42-ec70-4b97-9973-5bf4d4a72a29,c2,c3,1251,?,x7,
1769496966.4036565,FORWARDED,071e73d0-90ff-4ed4-ab2d-ba1b51574d8d,959c5c42-ec70-4b97-9973-5bf4d4a72a29,c2,c3,1251,?,x7,
1769496966.4527495,RECEIVED,f1aa4645-8a4f-4a08-b67c-76fe1caa27dd,618898f9-e66e-47d8-97d9-ac77fddc0940,c3,None,1605,e1,?,
1769496966.4915853,RECEIVED,44f0d6e6-1ad2-431e-8684-cb3fb9c59e5e,fe49004a-7789-48fd-b685-7d4e1b09eb7d,c5,c2,1767,e5,?,
1769496966.5400856,SENT,f1aa4645-8a4f-4a08-b67c-76fe1caa27dd,618898f9-e66e-47d8-97d9-ac77fddc0940,c3,None,1131,?,x10,
1769496966.5401514,FORWARDED,f1aa4645-8a4f-4a08-b67c-76fe1caa27dd,618898f9-e66e-47d8-97d9-ac77fddc0940,c3,None,1131,?,x10,
1769496966.7790856,RECEIVED,8cd36efc-3402-4f3d-a4de-6eaa9c268aa3,c9f897e6-3652-402f-aefb-4dbaf2f74dd9,c1,c3,1783,e12,?,
1769496966.8378136,RECEIVED,12a20a5c-70c6-4172-aa63-cb20baed55e0,bca7fb3c-f5f9-47b5-9b9c-ca97c2f13389,c4,c3,1765,e1,?,
1769496967.0240226,SENT,44f0d6e6-1ad2-431e-8684-cb3fb9c59e5e,fe49004a-7789-48fd-b685-7d4e1b09eb7d,c5,c2,1252,?,x6,
1769496967.0241115,FORWARDED,44f0d6e6-1ad2-431e-8684-cb3fb9c59e5e,fe49004a-7789-48fd-b685-7d4e1b09eb7d,c5,c2,1252,?,x6,
1769496967.072827,SENT,12a20a5c-70c6-4172-aa63-cb20baed55e0,bca7fb3c-f5f9-47b5-9b9c-ca97c2f13389,c4,c3,1251,?,x12,
1769496967.0728893,FORWARDED,12a20a5c-70c6-4172-aa63-cb20baed55e0,bca7fb3c-f5f9-47b5-9b9c-ca97c2f13389,c4,c3,1251,?,x12,
1769496967.344814,SENT,8cd36efc-3402-4f3d-a4de-6eaa9c268aa3,c9f897e6-3652-402f-aefb-4dbaf2f74dd9,c1,c3,1264,?,x2,
1769496967.344873,FORWARDED,8cd36efc-3402-4f3d-a4de-6eaa9c268aa3,c9f897e6-3652-402f-aefb-4dbaf2f74dd9,c1,c3,1264,?,x2,
1769496967.3644018,RECEIVED,2ca1776b-105d-4a2c-b331-de45ff8f6968,c9a2de3a-2746-4068-9ce8-915c3e0aa4c0,c3,None,1595,e10,?,
1769496967.7036502,RECEIVED,4a5ae84d-cc43-4795-aab8-a936800ccab7,38cfd66e-2827-4f56-b585-727f46ada9e6,c3,c5,1775,e1,?,
1769496967.710735,SENT,2ca1776b-105d-4a2c-b331-de45ff8f6968,c9a2de3a-2746-4068-9ce8-915c3e0aa4c0,c3,None,1124,?,x6,
1769496967.7107997,FORWARDED,2ca1776b-105d-4a2c-b331-de45ff8f6968,c9a2de3a-2746-4068-9ce8-915c3e0aa4c0,c3,None,1124,?,x6,
1769496968.1450148,RECEIVED,c592b53d-2af2-4c0b-92c5-8a204cd171de,72fcaaff-ce3a-4ea5-b9f9-df71069b0701,c1,c3,1765,e11,?,
1769496968.307315,SENT,c592b53d-2af2-4c0b-92c5-8a204cd171de,72fcaaff-ce3a-4ea5-b9f9-df71069b0701,c1,c3,1251,?,x11,
1769496968.307356,FORWARDED,c592b53d-2af2-4c0b-92c5-8a204cd171de,72fcaaff-ce3a-4ea5-b9f9-df71069b0701,c1,c3,1251,?,x11,
1769496968.3722203,RECEIVED,53cdba51-7e02-4fd1-8d5b-9a0b67ef88e9,581d2aff-5ae7-46e7-a926-c8ab7dccb1d7,c1,c3,1776,e8,?,
1769496968.4905071,SENT,4a5ae84d-cc43-4795-aab8-a936800ccab7,38cfd66e-2827-4f56-b585-727f46ada9e6,c3,c5,1259,?,x8,
1769496968.490621,FORWARDED,4a5ae84d-cc43-4795-aab8-a936800ccab7,38cfd66e-2827-4f56-b585-727f46ada9e6,c3,c5,1259,?,x8,
1769496968.558881,SENT,53cdba51-7e02-4fd1-8d5b-9a0b67ef88e9,581d2aff-5ae7-46e7-a926-c8ab7dccb1d7,c1,c3,1260,?,x5,
1769496968.5589948,FORWARDED,53cdba51-7e02-4fd1-8d5b-9a0b67ef88e9,581d2aff-5ae7-46e7-a926-c8ab7dccb1d7,c1,c3,1260,?,x5,
1769496968.982538,RECEIVED,d96c5902-24a7-4e4d-9b4c-e139004b4fd6,01ba40d4-6647-46c9-8c44-d72e6fe28a32,c2,c3,1776,e4,?,
1769496969.7044249,RECEIVED,ceb6501e-4230-49b6-afc1-884d79f56043,99fc0f45-c2a1-421c-af3d-4678258e124f,c2,c3,1772,e1,?,
1769496970.170967,SENT,d96c5902-24a7-4e4d-9b4c-e139004b4fd6,01ba40d4-6647-46c9-8c44-d72e6fe28a32,c2,c3,1260,?,x11,
1769496970.1710265,FORWARDED,d96c5902-24a7-4e4d-9b4c-e139004b4fd6,01ba40d4-6647-46c9-8c44-d72e6fe28a32,c2,c3,1260,?,x11,
1769496970.3396268,RECEIVED,f0e87d7b-b36a-446c-a955-fea315d2b337,29720ab5-b4a3-4baa-bf32-89461fcf7dd6,c2,c3,1763,e5,?,
1769496970.6332626,RECEIVED,259b98b5-6a0c-4cab-ac95-c0f1e90c92d6,dce3ac32-4b59-4d6e-a984-39a703582814,c3,None,1596,e5,?,
1769496970.7943838,SENT,ceb6501e-4230-49b6-afc1-884d79f56043,99fc0f45-c2a1-421c-af3d-4678258e124f,c2,c3,1255,?,x11,
1769496970.794512,FORWARDED,ceb6501e-4230-49b6-afc1-884d79f56043,99fc0f45-c2a1-421c-af3d-4678258e124f,c2,c3,1255,?,x11,
1769496970.8152566,SENT,259b98b5-6a0c-4cab-ac95-c0f1e90c92d6,dce3ac32-4b59-4d6e-a984-39a703582814,c3,None,1123,?,x5,
1769496970.8153856,FORWARDED,259b98b5-6a0c-4cab-ac95-c0f1e90c92d6,dce3ac32-4b59-4d6e-a984-39a703582814,c3,None,1123,?,x5,
1769496970.9431245,RECEIVED,75367a8c-07ac-47f1-8e71-73d2e77814a2,2d7afc56-6ff4-4ed1-850e-a8f6d00d60ba,c3,None,1600,e6,?,
1769496971.0792499,SENT,75367a8c-07ac-47f1-8e71-73d2e77814a2,2d7afc56-6ff4-4ed1-850e-a8f6d00d60ba,c3,None,1128,?,x9,
1769496971.0792928,FORWARDED,75367a8c-07ac-47f1-8e71-73d2e77814a2,2d7afc56-6ff4-4ed1-850e-a8f6d00d60ba,c3,None,1128,?,x9,
1769496971.1279194,RECEIVED,5b8bad1b-5b3f-4942-8fea-22ca8b8846fa,d7d40f15-370a-4277-99c8-19d0d28ffbcd,c4,c3,1776,e6,?,
1769496971.2463522,SENT,f0e87d7b-b36a-446c-a955-fea315d2b337,29720ab5-b4a3-4baa-bf32-89461fcf7dd6,c2,c3,1251,?,x3,
1769496971.2463875,FORWARDED,f0e87d7b-b36a-446c-a955-fea315d2b337,29720ab5-b4a3-4baa-bf32-89461fcf7dd6,c2,c3,1251,?,x3,
1769496971.8962655,SENT,5b8bad1b-5b3f-4942-8fea-22ca8b8846fa,d7d40f15-370a-4277-99c8-19d0d28ffbcd,c4,c3,1258,?,x10,
1769496971.8963568,FORWARDED,5b8bad1b-5b3f-4942-8fea-22ca8b8846fa,d7d40f15-370a-4277-99c8-19d0d28ffbcd,c4,c3,1258,?,x10,
1769496972.0445774,RECEIVED,8f0967eb-82e9-494e-82ce-0fab4d703a29,56e0258d-80d5-4080-9682-23018e5e99bf,c3,c5,1763,e5,?,
1769496972.5831957,RECEIVED,48e64b2b-e8b5-4e7a-b5b8-9b21fe662c04,afd332b3-b8e6-402c-8488-282a3be3c9db,c3,None,1603,e1,?,
1769496972.6743515,RECEIVED,1059145d-b97f-43ce-859d-7d512961531e,23546896-62db-4078-9e79-b493eda0f0c9,c3,None,1599,e11,?,
1769496972.8520756,SENT,48e64b2b-e8b5-4e7a-b5b8-9b21fe662c04,afd332b3-b8e6-402c-8488-282a3be3c9db,c3,None,1131,?,x6,
1769496972.852127,FORWARDED,48e64b2b-e8b5-4e7a-b5b8-9b21fe662c04,afd332b3-b8e6-402c-8488-282a3be3c9db,c3,None,1131,?,x6,
1769496973.306493,RECEIVED,4c2660e6-481e-4404-8b43-9c10795ebab7,34e1a962-6be5-48f0-b967-25a331448779,c3,None,1599,e2,?,
1769496973.3894284,RECEIVED,7274e952-01de-4277-aacb-94a3294f250b,14e59246-dbb0-4f05-84e0-cbcda422ce7e,c2,c3,1764,e6,?,
1769496973.4631188,SENT,8f0967eb-82e9-494e-82ce-0fab4d703a29,56e0258d-80d5-4080-9682-23018e5e99bf,c3,c5,1251,?,x6,
1769496973.463172,FORWARDED,8f0967eb-82e9-494e-82ce-0fab4d703a29,56e0258d-80d5-4080-9682-23018e5e99bf,c3,c5,1251,?,x6,
1769496973.5224288,SENT,7274e952-01de-4277-aacb-94a3294f250b,14e59246-dbb0-4f05-84e0-cbcda422ce7e,c2,c3,1251,?,x2,
1769496973.5224812,FORWARDED,7274e952-01de-4277-aacb-94a3294f250b,14e59246-dbb0-4f05-84e0-cbcda422ce7e,c2,c3,1251,?,x2,
1769496973.6948917,RECEIVED,bb346b4f-7d2a-46e1-8783-2ddfd48ba064,6263c24e-4b72-4369-a530-f54428663133,c4,DROP,442,x5,?,
1769496973.7092047,SENT,1059145d-b97f-43ce-859d-7d512961531e,23546896-62db-4078-9e79-b493eda0f0c9,c3,None,1128,?,x3,
1769496973.7092574,FORWARDED,1059145d-b97f-43ce-859d-7d512961531e,23546896-62db-4078-9e79-b493eda0f0c9,c3,None,1128,?,x3,
1769496975.0281413,SENT,4c2660e6-481e-4404-8b43-9c10795ebab7,34e1a962-6be5-48f0-b967-25a331448779,c3,None,1126,?,x10,
1769496975.0282087,FORWARDED,4c2660e6-481e-4404-8b43-9c10795ebab7,34e1a962-6be5-48f0-b967-25a331448779,c3,None,1126,?,x10,
1769496975.2816525,RECEIVED,8a5544d6-ac7a-4a34-90d2-55cdf7d412db,26669ec6-cd09-4123-968a-6733d06f0a59,c2,c3,1780,e11,?,
1769496975.321791,SENT,8a5544d6-ac7a-4a34-90d2-55cdf7d412db,26669ec6-cd09-4123-968a-6733d06f0a59,c2,c3,1263,?,x1,
1769496975.321852,FORWARDED,8a5544d6-ac7a-4a34-90d2-55cdf7d412db,26669ec6-cd09-4123-968a-6733d06f0a59,c2,c3,1263,?,x1,
1769496975.4463549,RECEIVED,e6028610-d205-432e-8605-d0d983a1175c,868b262f-209d-4e09-87e1-82d23b028147,c3,None,1595,e5,?,
1769496975.718347,SENT,e6028610-d205-432e-8605-d0d983a1175c,868b262f-209d-4e09-87e1-82d23b028147,c3,None,1123,?,x1,
1769496975.7184148,FORWARDED,e6028610-d205-432e-8605-d0d983a1175c,868b262f-209d-4e09-87e1-82d23b028147,c3,None,1123,?,x1,
1769496975.9367187,RECEIVED,aa5504f4-5a5e-4615-9676-59aad16a493b,8210f8a5-a16c-4c7d-915b-c6e65735f059,c1,c3,1776,e3,?,
1769496976.0704195,RECEIVED,de58695a-5a2a-4a33-a9a4-bf11caa25cb3,9c4bd94e-aa56-4ac1-a273-1ad4d6495a63,c3,c5,1787,e3,?,
1769496976.0730016,SENT,aa5504f4-5a5e-4615-9676-59aad16a493b,8210f8a5-a16c-4c7d-915b-c6e65735f059,c1,c3,1259,?,x4,
1769496976.0730836,FORWARDED,aa5504f4-5a5e-4615-9676-59aad16a493b,8210f8a5-a16c-4c7d-915b-c6e65735f059,c1,c3,1259,?,x4,
1769496976.8764246,RECEIVED,1a3c86ca-ccdf-47c9-96da-1a57a08b4987,2b6f5755-c2bb-40ba-9d64-4e62a7e36a78,c5,c2,1775,e7,?,
1769496977.310366,SENT,de58695a-5a2a-4a33-a9a4-bf11caa25cb3,9c4bd94e-aa56-4ac1-a273-1ad4d6495a63,c3,c5,1268,?,x4,
1769496977.3104258,FORWARDED,de58695a-5a2a-4a33-a9a4-bf11caa25cb3,9c4bd94e-aa56-4ac1-a273-1ad4d6495a63,c3,c5,1268,?,x4,
1769496977.4261177,RECEIVED,bdda8269-d82d-4917-88e6-6323a364c635,6ed3c948-c95e-4f36-9161-a3aea9c71e2b,c3,c5,1784,e2,?,
1769496977.4673889,RECEIVED,7ef7054a-a901-4632-95ef-92f19efa4503,9a16a82d-3b3c-41eb-8c72-69b7becdcc06,c3,None,1600,e2,?,
1769496977.598733,SENT,1a3c86ca-ccdf-47c9-96da-1a57a08b4987,2b6f5755-c2bb-40ba-9d64-4e62a7e36a78,c5,c2,1259,?,x3,
1769496977.5987813,FORWARDED,1a3c86ca-ccdf-47c9-96da-1a57a08b4987,2b6f5755-c2bb-40ba-9d64-4e62a7e36a78,c5,c2,1259,?,x3,
1769496977.6188,SENT,bdda8269-d82d-4917-88e6-6323a364c635,6ed3c948-c95e-4f36-9161-a3aea9c71e2b,c3,c5,1264,?,x2,
1769496977.618858,FORWARDED,bdda8269-d82d-4917-88e6-6323a364c635,6ed3c948-c95e-4f36-9161-a3aea9c71e2b,c3,c5,1264,?,x2,
1769496977.6479697,RECEIVED,d654b2d9-7a12-4441-826b-20dcb3fe0247,4192a122-0f45-4f97-90f3-aaaf4f5121fa,c5,None,1600,e5,?,
1769496977.6581366,RECEIVED,8c12afe8-ad24-48d6-9d8f-299805f33575,e9fbd857-d072-45e1-aa8b-fbae7a4fd628,c2,c3,1763,e5,?,
1769496977.6942167,SENT,7ef7054a-a901-4632-95ef-92f19efa4503,9a16a82d-3b3c-41eb-8c72-69b7becdcc06,c3,None,1127,?,x1,
1769496977.6942666,FORWARDED,7ef7054a-a901-4632-95ef-92f19efa4503,9a16a82d-3b3c-41eb-8c72-69b7becdcc06,c3,None,1127,?,x1,
1769496977.8254588,SENT,d654b2d9-7a12-4441-826b-20dcb3fe0247,4192a122-0f45-4f97-90f3-aaaf4f5121fa,c5,None,1127,?,x5,
1769496977.8255148,FORWARDED,d654b2d9-7a12-4441-826b-20dcb3fe0247,4192a122-0f45-4f97-90f3-aaaf4f5121fa,c5,None,1127,?,x5,
1769496978.4002848,RECEIVED,aa564549-2726-4012-a744-1cf29af5ad8c,e9eb2aa2-1a06-487b-9f5c-0cc796d5488f,c3,None,1596,e7,?,
1769496978.4507232,SENT,8c12afe8-ad24-48d6-9d8f-299805f33575,e9fbd857-d072-45e1-aa8b-fbae7a4fd628,c2,c3,1251,?,x1,
1769496978.451012,FORWARDED,8c12afe8-ad24-48d6-9d8f-299805f33575,e9fbd857-d072-45e1-aa8b-fbae7a4fd628,c2,c3,1251,?,x1,
1769496978.6315303,SENT,aa564549-2726-4012-a744-1cf29af5ad8c,e9eb2aa2-1a06-487b-9f5c-0cc796d5488f,c3,None,1124,?,x9,
1769496978.6315706,FORWARDED,aa564549-2726-4012-a744-1cf29af5ad8c,e9eb2aa2-1a06-487b-9f5c-0cc796d5488f,c3,None,1124,?,x9,
1769496979.084491,RECEIVED,c79808ca-1929-48b0-b989-b4fccf72be1e,c01e9a6f-2ef2-4e7c-9606-accc145bbc19,c5,c2,1785,e1,?,
1769496979.3891568,RECEIVED,7885fca1-fc86-4c79-8831-dd719ef3bc9b,36beb935-0864-4d4f-a747-0d3d86463e91,c4,DROP,1014,e12,?,
1769496979.5841875,SENT,c79808ca-1929-48b0-b989-b4fccf72be1e,c01e9a6f-2ef2-4e7c-9606-accc145bbc19,c5,c2,1264,?,x12,
1769496979.5843341,FORWARDED,c79808ca-1929-48b0-b989-b4fccf72be1e,c01e9a6f-2ef2-4e7c-9606-accc145bbc19,c5,c2,1264,?,x12,
1769496979.6489742,SENT,7885fca1-fc86-4c79-8831-dd719ef3bc9b,36beb935-0864-4d4f-a747-0d3d86463e91,c4,DROP,688,?,x9,
1769496979.6490245,FORWARDED,7885fca1-fc86-4c79-8831-dd719ef3bc9b,36beb935-0864-4d4f-a747-0d3d86463e91,c4,DROP,688,?,x9,
1769496980.1549792,RECEIVED,fc8c338f-174e-470b-b7a1-1a301e285931,aaa245d5-fc3b-4238-89d4-aa52204b23af,c2,None,1607,e3,?,
1769496980.9134176,SENT,fc8c338f-174e-470b-b7a1-1a301e285931,aaa245d5-fc3b-4238-89d4-aa52204b23af,c2,None,1132,?,x6,
1769496980.91347,FORWARDED,fc8c338f-174e-470b-b7a1-1a301e285931,aaa245d5-fc3b-4238-89d4-aa52204b23af,c2,None,1132,?,x6,
1769496981.3422718,RECEIVED,8e10ef19-b7d4-40f1-9b41-879d49c35a10,a078b17c-57a9-429c-91dd-008d34e50536,c1,c3,1776,e3,?,
1769496981.5216522,SENT,8e10ef19-b7d4-40f1-9b41-879d49c35a10,a078b17c-57a9-429c-91dd-008d34e50536,c1,c3,1259,?,x3,
1769496981.521693,FORWARDED,8e10ef19-b7d4-40f1-9b41-879d49c35a10,a078b17c-57a9-429c-91dd-008d34e50536,c1,c3,1259,?,x3,
1769496981.6259427,RECEIVED,64164c8e-e1bf-403e-a0a9-1c1be8a857ea,212af44c-082d-4c48-ab40-199a08713d0d,c2,c3,1776,e10,?,
1769496981.7183607,SENT,64164c8e-e1bf-403e-a0a9-1c1be8a857ea,212af44c-082d-4c48-ab40-199a08713d0d,c2,c3,1259,?,x7,
1769496981.7184024,FORWARDED,64164c8e-e1bf-403e-a0a9-1c1be8a857ea,212af44c-082d-4c48-ab40-199a08713d0d,c2,c3,1259,?,x7,
1769496981.8920877,RECEIVED,6a730c03-f716-4795-99ad-d6070a617bc4,e2748f40-9b91-4538-a6f1-6daefa6239c3,c2,None,1604,e8,?,
1769496982.085496,SENT,6a730c03-f716-4795-99ad-d6070a617bc4,e2748f40-9b91-4538-a6f1-6daefa6239c3,c2,None,1130,?,x7,
1769496982.0855381,FORWARDED,6a730c03-f716-4795-99ad-d6070a617bc4,e2748f40-9b91-4538-a6f1-6daefa6239c3,c2,None,1130,?,x7,
1769496982.1868215,RECEIVED,795bf54a-10d7-465c-8733-e81449f67869,63063d75-41f7-4df4-88bd-4b52590514b2,c2,c3,1775,e8,?,
1769496982.5593877,RECEIVED,e36af3ea-7a49-4e4c-aeab-3ef04546c2a5,1c3f1fce-b65c-48f0-b616-2a560d346077,c2,None,1600,e1,?,
1769496982.7836728,SENT,795bf54a-10d7-465c-8733-e81449f67869,63063d75-41f7-4df4-88bd-4b52590514b2,c2,c3,1260,?,x1,
1769496982.7837253,FORWARDED,795bf54a-10d7-465c-8733-e81449f67869,63063d75-41f7-4df4-88bd-4b52590514b2,c2,c3,1260,?,x1,
1769496983.0110798,SENT,e36af3ea-7a49-4e4c-aeab-3ef04546c2a5,1c3f1fce-b65c-48f0-b616-2a560d346077,c2,None,1127,?,x10,
1769496983.0111265,FORWARDED,e36af3ea-7a49-4e4c-aeab-3ef04546c2a5,1c3f1fce-b65c-48f0-b616-2a560d346077,c2,None,1127,?,x10,
1769496983.110229,RECEIVED,d2a02e91-2b53-46dd-97e5-9560b7fac2d9,939d4675-c5b7-4259-9689-e190b3f95102,c5,None,1604,e7,?,
1769496983.1665661,SENT,d2a02e91-2b53-46dd-97e5-9560b7fac2d9,939d4675-c5b7-4259-9689-e190b3f95102,c5,None,1130,?,x2,
1769496983.1666083,FORWARDED,d2a02e91-2b53-46dd-97e5-9560b7fac2d9,939d4675-c5b7-4259-9689-e190b3f95102,c5,None,1130,?,x2,
1769496983.439253,RECEIVED,7ae5dc86-1bb3-4568-aa36-e45e45d79f2c,77f2cd6c-4972-4e74-b6f5-281169785a7c,c3,None,1599,e10,?,
1769496983.9135015,RECEIVED,05b7b617-e421-4dd0-94cd-94ff4d201d66,1f95b83a-45dc-471b-b6a6-4c4f8473101a,c3,None,1600,e11,?,
1769496984.0000777,RECEIVED,ff4ec4c2-43d6-49aa-9973-81572edaceb3,4effc29a-daf0-47aa-877e-7aba1f5faeab,c5,None,1597,e7,?,
1769496984.0575988,SENT,05b7b617-e421-4dd0-94cd-94ff4d201d66,1f95b83a-45dc-471b-b6a6-4c4f8473101a,c3,None,1126,?,x6,
1769496984.0577247,FORWARDED,05b7b617-e421-4dd0-94cd-94ff4d201d66,1f95b83a-45dc-471b-b6a6-4c4f8473101a,c3,None,1126,?,x6,
1769496984.078706,SENT,ff4ec4c2-43d6-49aa-9973-81572edaceb3,4effc29a-daf0-47aa-877e-7aba1f5faeab,c5,None,1123,?,x11,
1769496984.0788355,FORWARDED,ff4ec4c2-43d6-49aa-9973-81572edaceb3,4effc29a-daf0-47aa-877e-7aba1f5faeab,c5,None,1123,?,x11,
1769496984.108719,RECEIVED,2325ddf5-bd2a-4e28-83da-685aa66a94e1,5282d23b-ed6c-4d0d-9d47-91973a9ffb27,c3,None,1591,e3,?,
1769496984.2356904,SENT,7ae5dc86-1bb3-4568-aa36-e45e45d79f2c,77f2cd6c-4972-4e74-b6f5-281169785a7c,c3,None,1128,?,x6,
1769496984.2357273,FORWARDED,7ae5dc86-1bb3-4568-aa36-e45e45d79f2c,77f2cd6c-4972-4e74-b6f5-281169785a7c,c3,None,1128,?,x6,
1769496984.4573102,SENT,2325ddf5-bd2a-4e28-83da-685aa66a94e1,5282d23b-ed6c-4d0d-9d47-91973a9ffb27,c3,None,1121,?,x7,
1769496984.4573731,FORWARDED,2325ddf5-bd2a-4e28-83da-685aa66a94e1,5282d23b-ed6c-4d0d-9d47-91973a9ffb27,c3,None,1121,?,x7,
1769496986.0907638,RECEIVED,e2216c47-b46d-4046-880e-412124ffb0f9,aef9d7d0-3a3e-41bd-b769-e03d2b34fd7c,c5,None,1608,e12,?,
1769496986.276137,RECEIVED,33728223-7572-45ac-abdf-50b738f91906,3511a5db-ae7f-4f18-8685-b8735cba9f03,c5,c2,1762,e9,?,
1769496986.378591,SENT,e2216c47-b46d-4046-880e-412124ffb0f9,aef9d7d0-3a3e-41bd-b769-e03d2b34fd7c,c5,None,1132,?,x12,
1769496986.3786347,FORWARDED,e2216c47-b46d-4046-880e-412124ffb0f9,aef9d7d0-3a3e-41bd-b769-e03d2b34fd7c,c5,None,1132,?,x12,
1769496986.7243197,RECEIVED,8ade2025-c172-421d-be08-a6a8eb9382b1,1a3a06ab-ce7d-42d8-8cbb-4047c7253814,c3,None,1599,e11,?,
1769496986.7343519,RECEIVED,a225b964-2236-4fc0-9820-a97bdbf11b63,331f82ac-5b46-4ecd-b5db-f48b92cc4300,c3,c5,1771,e1,?,
1769496986.782021,SENT,8ade2025-c172-421d-be08-a6a8eb9382b1,1a3a06ab-ce7d-42d8-8cbb-4047c7253814,c3,None,1126,?,x1,
1769496986.7820783,FORWARDED,8ade2025-c172-421d-be08-a6a8eb9382b1,1a3a06ab-ce7d-42d8-8cbb-4047c7253814,c3,None,1126,?,x1,
1769496986.799167,RECEIVED,04eea232-ae33-4d17-893a-43b610265e35,61855bda-0e88-4cc8-8b9a-220571746cf0,c3,None,1596,e8,?,
1769496987.1902466,SENT,04eea232-ae33-4d17-893a-43b610265e35,61855bda-0e88-4cc8-8b9a-220571746cf0,c3,None,1123,?,x12,
1769496987.190382,FORWARDED,04eea232-ae33-4d17-893a-43b610265e35,61855bda-0e88-4cc8-8b9a-220571746cf0,c3,None,1123,?,x12,
1769496987.2592595,RECEIVED,fb68dcea-0337-4ff8-a169-6fa723b1a402,6759be5e-4803-4fb9-b64c-49b20b80f8c9,c3,c5,1768,e8,?,
1769496987.3597217,RECEIVED,b0a0b39a-dd02-4e8f-9b39-021df733ff04,c2fc660f-da2a-4ea3-b2ae-4e8fd3686722,c3,None,1608,e11,?,
1769496987.4924138,SENT,fb68dcea-0337-4ff8-a169-6fa723b1a402,6759be5e-4803-4fb9-b64c-49b20b80f8c9,c3,c5,1252,?,x4,
1769496987.49254,FORWARDED,fb68dcea-0337-4ff8-a169-6fa723b1a402,6759be5e-4803-4fb9-b64c-49b20b80f8c9,c3,c5,1252,?,x4,
1769496987.5467167,SENT,b0a0b39a-dd02-4e8f-9b39-021df733ff04,c2fc660f-da2a-4ea3-b2ae-4e8fd3686722,c3,None,1132,?,x2,
1769496987.5468628,FORWARDED,b0a0b39a-dd02-4e8f-9b39-021df733ff04,c2fc660f-da2a-4ea3-b2ae-4e8fd3686722,c3,None,1132,?,x2,
1769496987.890692,SENT,a225b964-2236-4fc0-9820-a97bdbf11b63,331f82ac-5b46-4ecd-b5db-f48b92cc4300,c3,c5,1256,?,x7,
1769496987.890733,FORWARDED,a225b964-2236-4fc0-9820-a97bdbf11b63,331f82ac-5b46-4ecd-b5db-f48b92cc4300,c3,c5,1256,?,x7,
1769496988.3372436,SENT,33728223-7572-45ac-abdf-50b738f91906,3511a5db-ae7f-4f18-8685-b8735cba9f03,c5,c2,1251,?,x8,
1769496988.3373325,FORWARDED,33728223-7572-45ac-abdf-50b738f91906,3511a5db-ae7f-4f18-8685-b8735cba9f03,c5,c2,1251,?,x8,
1769496988.62942,RECEIVED,b00a2f36-559d-43c7-8e74-333492e5b2be,553ca62c-259a-46ca-a783-7893671b6bad,c5,None,1600,e7,?,
1769496988.7428186,SENT,b00a2f36-559d-43c7-8e74-333492e5b2be,553ca62c-259a-46ca-a783-7893671b6bad,c5,None,1127,?,x1,
1769496988.7428865,FORWARDED,b00a2f36-559d-43c7-8e74-333492e5b2be,553ca62c-259a-46ca-a783-7893671b6bad,c5,None,1127,?,x1,
1769496989.6717453,RECEIVED,809377a6-bdf7-424d-aab3-dee022e4d539,a10b5227-2ad1-4503-aa7c-6d668fa347c8,c5,c2,1767,e5,?,
1769496990.1537144,RECEIVED,b95599e3-120e-497f-bf3d-dbcd3dcda5b6,ccf27070-be2a-43d3-98be-6b4eb054f163,c2,None,1603,e12,?,
1769496990.4809482,SENT,809377a6-bdf7-424d-aab3-dee022e4d539,a10b5227-2ad1-4503-aa7c-6d668fa347c8,c5,c2,1252,?,x7,
1769496990.4810064,FORWARDED,809377a6-bdf7-424d-aab3-dee022e4d539,a10b5227-2ad1-4503-aa7c-6d668fa347c8,c5,c2,1252,?,x7,
1769496990.5305352,RECEIVED,971c2bf2-171e-48f0-9abe-106add17f522,e356b78d-f2ac-4c9a-8086-cf0b4cf503ae,c5,None,1603,e9,?,
1769496990.8329003,RECEIVED,7a30b1cf-6c06-4ecb-b07f-157ba6605fb1,f8a86cd1-2e37-4424-a1d5-b0bdb5365c7f,c3,None,1600,e7,?,
1769496990.9613914,SENT,7a30b1cf-6c06-4ecb-b07f-157ba6605fb1,f8a86cd1-2e37-4424-a1d5-b0bdb5365c7f,c3,None,1127,?,x9,
1769496990.9614522,FORWARDED,7a30b1cf-6c06-4ecb-b07f-157ba6605fb1,f8a86cd1-2e37-4424-a1d5-b0bdb5365c7f,c3,None,1127,?,x9,
1769496991.0894914,RECEIVED,9c0a4ed1-502c-43a2-af52-f76ca2b7070c,55159104-d583-4a2d-a53c-8b32482cd612,c2,None,1593,e1,?,
1769496991.1252606,RECEIVED,22e1c4a0-32f0-4b5c-a231-c0f8c7db8793,f9f115f9-bb92-4d19-996e-ebadc73e3c94,c5,c2,1776,e7,?,
1769496991.1599321,SENT,971c2bf2-171e-48f0-9abe-106add17f522,e356b78d-f2ac-4c9a-8086-cf0b4cf503ae,c5,None,1131,?,x8,
1769496991.1599932,FORWARDED,971c2bf2-171e-48f0-9abe-106add17f522,e356b78d-f2ac-4c9a-8086-cf0b4cf503ae,c5,None,1131,?,x8,
1769496991.3163478,SENT,9c0a4ed1-502c-43a2-af52-f76ca2b7070c,55159104-d583-4a2d-a53c-8b32482cd612,c2,None,1122,?,x12,
1769496991.3164072,FORWARDED,9c0a4ed1-502c-43a2-af52-f76ca2b7070c,55159104-d583-4a2d-a53c-8b32482cd612,c2,None,1122,?,x12,
1769496991.5270147,RECEIVED,d9dca89d-3c17-4ae8-91d1-4dc24b7ce8cf,327d4f09-78ff-4cbc-9f1f-68b29c45fb7c,c3,c5,1774,e3,?,
1769496991.5981758,RECEIVED,8d093e47-bdc7-4344-9631-07c78a27b932,49b373f3-27d9-4f56-a2e7-9b054a946cb4,c1,c3,1764,e5,?,
1769496991.6073298,SENT,b95599e3-120e-497f-bf3d-dbcd3dcda5b6,ccf27070-be2a-43d3-98be-6b4eb054f163,c2,None,1131,?,x9,
1769496991.6074002,FORWARDED,b95599e3-120e-497f-bf3d-dbcd3dcda5b6,ccf27070-be2a-43d3-98be-6b4eb054f163,c2,None,1131,?,x9,
1769496991.7894492,SENT,8d093e47-bdc7-4344-9631-07c78a27b932,49b373f3-27d9-4f56-a2e7-9b054a946cb4,c1,c3,1251,?,x2,
1769496991.7894917,FORWARDED,8d093e47-bdc7-4344-9631-07c78a27b932,49b373f3-27d9-4f56-a2e7-9b054a946cb4,c1,c3,1251,?,x2,
1769496991.8716707,RECEIVED,a4b13bc6-c7f5-4472-981e-bd05149c7e42,4cbf7184-f80e-480a-a782-58bdfd644994,c3,c5,1781,e11,?,
1769496991.8984065,SENT,22e1c4a0-32f0-4b5c-a231-c0f8c7db8793,f9f115f9-bb92-4d19-996e-ebadc73e3c94,c5,c2,1260,?,x10,
1769496991.8984485,FORWARDED,22e1c4a0-32f0-4b5c-a231-c0f8c7db8793,f9f115f9-bb92-4d19-996e-ebadc73e3c94,c5,c2,1260,?,x10,
1769496991.9074924,FORWARDED,a4b13bc6-c7f5-4472-981e-bd05149c7e42,4cbf7184-f80e-480a-a782-58bdfd644994,c3,c5,1263,?,x6,
1769496992.1059651,RECEIVED,fea69008-33d7-472d-9099-5c1a2a5a58ee,050ff455-ace3-47f8-a479-11c162e4ef6f,c4,c3,1772,e11,?,
1769496992.131343,SENT,fea69008-33d7-472d-9099-5c1a2a5a58ee,050ff455-ace3-47f8-a479-11c162e4ef6f,c4,c3,1255,?,x2,
1769496992.1313963,FORWARDED,fea69008-33d7-472d-9099-5c1a2a5a58ee,050ff455-ace3-47f8-a479-11c162e4ef6f,c4,c3,1255,?,x2,
1769496992.8569884,SENT,d9dca89d-3c17-4ae8-91d1-4dc24b7ce8cf,327d4f09-78ff-4cbc-9f1f-68b29c45fb7c,c3,c5,1259,?,x11,
1769496992.8571389,FORWARDED,d9dca89d-3c17-4ae8-91d1-4dc24b7ce8cf,327d4f09-78ff-4cbc-9f1f-68b29c45fb7c,c3,c5,1259,?,x11,
1769496993.666246,RECEIVED,744414e2-10ad-40f5-8997-cd0df0535d45,0ea4e971-7cda-46d0-8ccd-54067ad3f783,c5,c2,1763,e2,?,
1769496994.2689435,SENT,744414e2-10ad-40f5-8997-cd0df0535d45,0ea4e971-7cda-46d0-8ccd-54067ad3f783,c5,c2,1251,?,x1,
1769496994.268985,FORWARDED,744414e2-10ad-40f5-8997-cd0df0535d45,0ea4e971-7cda-46d0-8ccd-54067ad3f783,c5,c2,1251,?,x1,
1769496994.300731,RECEIVED,4a613fb7-28cb-4b5c-9103-b19760f8e6fb,9a96d4d0-9d28-4ad9-afcf-dd9aaabbfa10,c2,c3,1771,e8,?,
1769496994.4974837,RECEIVED,10ad95b2-5137-4009-9687-d51e49f506f4,4cca209a-591c-4d51-904a-f4a5b84c0019,c2,None,1600,e7,?,
1769496994.706029,SENT,10ad95b2-5137-4009-9687-d51e49f506f4,4cca209a-591c-4d51-904a-f4a5b84c0019,c2,None,1128,?,x1,
1769496994.7060857,FORWARDED,10ad95b2-5137-4009-9687-d51e49f506f4,4cca209a-591c-4d51-904a-f4a5b84c0019,c2,None,1128,?,x1,
1769496994.7761931,SENT,4a613fb7-28cb-4b5c-9103-b19760f8e6fb,9a96d4d0-9d28-4ad9-afcf-dd9aaabbfa10,c2,c3,1256,?,x9,
1769496994.7762408,FORWARDED,4a613fb7-28cb-4b5c-9103-b19760f8e6fb,9a96d4d0-9d28-4ad9-afcf-dd9aaabbfa10,c2,c3,1256,?,x9,
1769496996.1928053,RECEIVED,09b46622-5fa9-4816-a176-cf7c68f2e1fa,88ab9882-29be-46c1-956c-31d1ec25d258,c3,c5,1774,e6,?,
1769496996.2244403,SENT,09b46622-5fa9-4816-a176-cf7c68f2e1fa,88ab9882-29be-46c1-956c-31d1ec25d258,c3,c5,1255,?,x11,
1769496996.2244833,FORWARDED,09b46622-5fa9-4816-a176-cf7c68f2e1fa,88ab9882-29be-46c1-956c-31d1ec25d258,c3,c5,1255,?,x11,
1769496996.5750916,RECEIVED,12aa98e2-190e-42ec-9b1d-db4b7a11048d,474b5bf4-55aa-4c1b-9c37-992e2da284d2,c1,c3,1776,e6,?,
1769496996.6122043,SENT,12aa98e2-190e-42ec-9b1d-db4b7a11048d,474b5bf4-55aa-4c1b-9c37-992e2da284d2,c1,c3,1260,?,x3,
1769496996.6122448,FORWARDED,12aa98e2-190e-42ec-9b1d-db4b7a11048d,474b5bf4-55aa-4c1b-9c37-992e2da284d2,c1,c3,1260,?,x3,
1769496996.8338344,RECEIVED,a1b8576a-0c9e-437c-867e-c2232731844e,3877dac2-abaf-49b4-ac57-c1b1b34c740d,c2,None,1599,e12,?,
1769496997.6626015,RECEIVED,6370f04d-5b66-4ee1-90ed-721b2535c309,2854dd48-0685-4d06-89ac-d12177d6f3ab,c5,c2,1784,e10,?,
1769496998.1073675,SENT,6370f04d-5b66-4ee1-90ed-721b2535c309,2854dd48-0685-4d06-89ac-d12177d6f3ab,c5,c2,1264,?,x7,
1769496998.107415,FORWARDED,6370f04d-5b66-4ee1-90ed-721b2535c309,2854dd48-0685-4d06-89ac-d12177d6f3ab,c5,c2,1264,?,x7,
1769496998.1188781,SENT,a1b8576a-0c9e-437c-867e-c2232731844e,3877dac2-abaf-49b4-ac57-c1b1b34c740d,c2,None,1128,?,x7,
1769496998.1189253,FORWARDED,a1b8576a-0c9e-437c-867e-c2232731844e,3877dac2-abaf-49b4-ac57-c1b1b34c740d,c2,None,1128,?,x7,
1769496998.191809,RECEIVED,d8085e4c-749c-463a-9516-bc0236a5bb48,60f8961f-6937-4d5a-9a60-5c7cdf4f14d6,c2,c3,1760,e10,?,
1769496998.3304422,RECEIVED,a374785f-2f3c-4290-ac91-8ceee70f93fa,037fabbb-4f7b-4cf3-a350-c238ccb67024,c1,c3,1771,e7,?,
1769496998.4514089,RECEIVED,4b46a070-fe24-4bf5-adca-6b6ef3554369,1e854b95-736b-4179-9e16-e75e0cf08de1,c5,c2,1782,e11,?,
1769496998.5975695,SENT,d8085e4c-749c-463a-9516-bc0236a5bb48,60f8961f-6937-4d5a-9a60-5c7cdf4f14d6,c2,c3,1248,?,x4,
1769496998.5976171,FORWARDED,d8085e4c-749c-463a-9516-bc0236a5bb48,60f8961f-6937-4d5a-9a60-5c7cdf4f14d6,c2,c3,1248,?,x4,
1769496998.6033027,RECEIVED,518c3cec-515c-487e-badc-2b05b5ed7e83,5e2c3ce6-583d-4e27-bf60-4b62d3988daf,c4,c3,1776,e11,?,
1769496999.0405562,RECEIVED,df4785b0-a657-48c8-94c4-be792e0197b2,0332de62-0f6a-4d0d-a03e-1f006b96747c,c1,c3,1767,e9,?,
1769496999.0505254,SENT,518c3cec-515c-487e-badc-2b05b5ed7e83,5e2c3ce6-583d-4e27-bf60-4b62d3988daf,c4,c3,1259,?,x11,
1769496999.0505724,FORWARDED,518c3cec-515c-487e-badc-2b05b5ed7e83,5e2c3ce6-583d-4e27-bf60-4b62d3988daf,c4,c3,1259,?,x11,
1769496999.6710305,RECEIVED,3550f1f2-4051-4058-8ae6-95f58683e13e,c60541d2-a9c3-4c06-b6e3-7ae01df4e754,c1,c3,1764,e6,?,
1769496999.6985974,SENT,a374785f-2f3c-4290-ac91-8ceee70f93fa,037fabbb-4f7b-4cf3-a350-c238ccb67024,c1,c3,1256,?,x9,
1769496999.6986377,FORWARDED,a374785f-2f3c-4290-ac91-8ceee70f93fa,037fabbb-4f7b-4cf3-a350-c238ccb67024,c1,c3,1256,?,x9,
1769496999.7898412,SENT,df4785b0-a657-48c8-94c4-be792e0197b2,0332de62-0f6a-4d0d-a03e-1f006b96747c,c1,c3,1252,?,x9,
1769496999.7898822,FORWARDED,df4785b0-a657-48c8-94c4-be792e0197b2,0332de62-0f6a-4d0d-a03e-1f006b96747c,c1,c3,1252,?,x9,
1769496999.8000696,RECEIVED,1dbb8f17-a877-4d7c-b887-a520679b5a22,d2362c05-b292-4d27-b04f-173c1ec50335,c3,None,1599,e6,?,
1769496999.8103383,SENT,3550f1f2-4051-4058-8ae6-95f58683e13e,c60541d2-a9c3-4c06-b6e3-7ae01df4e754,c1,c3,1249,?,x8,
1769496999.8103752,FORWARDED,3550f1f2-4051-4058-8ae6-95f58683e13e,c60541d2-a9c3-4c06-b6e3-7ae01df4e754,c1,c3,1249,?,x8,
1769497000.0542166,RECEIVED,c36c3ac7-cea7-4df1-8a69-f5cd35afd5a1,f844a619-927d-4aac-aa43-ceb6c27d6906,c5,None,1589,e8,?,
1769497000.111794,SENT,c36c3ac7-cea7-4df1-8a69-f5cd35afd5a1,f844a619-927d-4aac-aa43-ceb6c27d6906,c5,None,1119,?,x7,
1769497000.1118362,FORWARDED,c36c3ac7-cea7-4df1-8a69-f5cd35afd5a1,f844a619-927d-4aac-aa43-ceb6c27d6906,c5,None,1119,?,x7,
1769497000.2242012,SENT,1dbb8f17-a877-4d7c-b887-a520679b5a22,d2362c05-b292-4d27-b04f-173c1ec50335,c3,None,1128,?,x8,
1769497000.2242436,FORWARDED,1dbb8f17-a877-4d7c-b887-a520679b5a22,d2362c05-b292-4d27-b04f-173c1ec50335,c3,None,1128,?,x8,
1769497000.4222274,RECEIVED,b7af0e4c-9a1c-4cb9-98e6-e5a01be3bc72,ff2892e8-78dc-4f26-9800-f1a0db1b84c1,c5,c2,1775,e10,?,
1769497000.5421097,SENT,4b46a070-fe24-4bf5-adca-6b6ef3554369,1e854b95-736b-4179-9e16-e75e0cf08de1,c5,c2,1264,?,x7,
1769497000.542155,FORWARDED,4b46a070-fe24-4bf5-adca-6b6ef3554369,1e854b95-736b-4179-9e16-e75e0cf08de1,c5,c2,1264,?,x7,
1769497000.716223,RECEIVED,d675ddaa-e625-4023-b76f-6e9c0740ad0e,b1ddc8f4-3cee-4f04-914f-dfd28606e027,c4,c3,1776,e6,?,
1769497000.83918,SENT,d675ddaa-e625-4023-b76f-6e9c0740ad0e,b1ddc8f4-3cee-4f04-914f-dfd28606e027,c4,c3,1259,?,x2,
1769497000.839215,FORWARDED,d675ddaa-e625-4023-b76f-6e9c0740ad0e,b1ddc8f4-3cee-4f04-914f-dfd28606e027,c4,c3,1259,?,x2,
1769497001.0434651,SENT,b7af0e4c-9a1c-4cb9-98e6-e5a01be3bc72,ff2892e8-78dc-4f26-9800-f1a0db1b84c1,c5,c2,1259,?,x3,
1769497001.0435061,FORWARDED,b7af0e4c-9a1c-4cb9-98e6-e5a01be3bc72,ff2892e8-78dc-4f26-9800-f1a0db1b84c1,c5,c2,1259,?,x3,
1769497001.1122718,RECEIVED,c4539dda-1d37-4961-8e43-6db10ee12537,421885ee-fa3e-4541-acf1-156de5d84b9d,c3,None,1600,e2,?,
1769497001.1918387,SENT,c4539dda-1d37-4961-8e43-6db10ee12537,421885ee-fa3e-4541-acf1-156de5d84b9d,c3,None,1127,?,x1,
1769497001.1918836,FORWARDED,c4539dda-1d37-4961-8e43-6db10ee12537,421885ee-fa3e-4541-acf1-156de5d84b9d,c3,None,1127,?,x1,
1769497003.057513,RECEIVED,0f3312c8-953a-4e1e-aca5-a9340ce1a471,ef5c9759-c8fc-49f8-aaab-e0d265f9e119,c3,c5,1764,e3,?,
1769497003.2457044,RECEIVED,827ca659-8a4f-47ce-82a1-73af1ea6c78b,46344b6b-4d4b-4a31-8674-85cc5a74d636,c4,c3,1763,e12,?,
1769497003.2821403,SENT,0f3312c8-953a-4e1e-aca5-a9340ce1a471,ef5c9759-c8fc-49f8-aaab-e0d265f9e119,c3,c5,1251,?,x12,
1769497003.2821808,FORWARDED,0f3312c8-953a-4e1e-aca5-a9340ce1a471,ef5c9759-c8fc-49f8-aaab-e0d265f9e119,c3,c5,1251,?,x12,
1769497003.588791,SENT,827ca659-8a4f-47ce-82a1-73af1ea6c78b,46344b6b-4d4b-4a31-8674-85cc5a74d636,c4,c3,1251,?,x3,
1769497003.588833,FORWARDED,827ca659-8a4f-47ce-82a1-73af1ea6c78b,46344b6b-4d4b-4a31-8674-85cc5a74d636,c4,c3,1251,?,x3,
1769497003.6367552,RECEIVED,f2a3a111-c7cb-41d1-8dfc-e9b0c21fd68b,64b14e14-512c-4319-9e83-6e0cd6fdd4fc,c5,None,1608,e7,?,
1769497003.8349335,SENT,f2a3a111-c7cb-41d1-8dfc-e9b0c21fd68b,64b14e14-512c-4319-9e83-6e0cd6fdd4fc,c5,None,1132,?,x7,
1769497003.8349786,FORWARDED,f2a3a111-c7cb-41d1-8dfc-e9b0c21fd68b,64b14e14-512c-4319-9e83-6e0cd6fdd4fc,c5,None,1132,?,x7,
1769497004.4693544,RECEIVED,419cec5c-b13d-43dc-a9bb-1ad18aa878da,784caca2-973b-4e75-b8e6-f9bc55232f88,c4,c3,1775,e3,?,
1769497004.956912,RECEIVED,9c92c35e-6c85-4c0f-a76f-109c9b5f9278,cf3481ec-6ccb-4278-9a71-db1065f8cdf0,c2,c3,1775,e10,?,
1769497005.0957673,SENT,419cec5c-b13d-43dc-a9bb-1ad18aa878da,784caca2-973b-4e75-b8e6-f9bc55232f88,c4,c3,1258,?,x7,
1769497005.0960975,FORWARDED,419cec5c-b13d-43dc-a9bb-1ad18aa878da,784caca2-973b-4e75-b8e6-f9bc55232f88,c4,c3,1258,?,x7,
1769497005.1075695,SENT,9c92c35e-6c85-4c0f-a76f-109c9b5f9278,cf3481ec-6ccb-4278-9a71-db1065f8cdf0,c2,c3,1260,?,x3,
1769497005.1076236,FORWARDED,9c92c35e-6c85-4c0f-a76f-109c9b5f9278,cf3481ec-6ccb-4278-9a71-db1065f8cdf0,c2,c3,1260,?,x3,
1769497005.245904,RECEIVED,010fcf6b-4685-478b-98f4-fc0d124c3595,c732abba-aa2e-412b-a1f4-a10b351456f9,c3,c5,1767,e3,?,
1769497005.5509677,RECEIVED,bb377dee-2f63-4b02-b34f-cfc410446e80,0df01d34-3794-41cc-afbd-12656f8a100f,c3,c5,1776,e12,?,
1769497005.6527505,SENT,bb377dee-2f63-4b02-b34f-cfc410446e80,0df01d34-3794-41cc-afbd-12656f8a100f,c3,c5,1260,?,x3,
1769497005.6527894,FORWARDED,bb377dee-2f63-4b02-b34f-cfc410446e80,0df01d34-3794-41cc-afbd-12656f8a100f,c3,c5,1260,?,x3,
1769497005.6990032,RECEIVED,6f7506c7-622e-4533-82bb-7a64697293dc,4ed3981f-2d39-4b5b-a8d8-9db3fc062716,c3,None,1599,e1,?,
1769497005.7273638,RECEIVED,535b847f-42ae-4863-ab50-2ccf2118e405,1c6eb56d-ee19-4db3-83ba-37ef551a61d2,c1,c3,1768,e10,?,
1769497005.9888897,SENT,535b847f-42ae-4863-ab50-2ccf2118e405,1c6eb56d-ee19-4db3-83ba-37ef551a61d2,c1,c3,1252,?,x5,
1769497005.988936,FORWARDED,535b847f-42ae-4863-ab50-2ccf2118e405,1c6eb56d-ee19-4db3-83ba-37ef551a61d2,c1,c3,1252,?,x5,
1769497006.0269587,SENT,6f7506c7-622e-4533-82bb-7a64697293dc,4ed3981f-2d39-4b5b-a8d8-9db3fc062716,c3,None,1128,?,x4,
1769497006.0270028,FORWARDED,6f7506c7-622e-4533-82bb-7a64697293dc,4ed3981f-2d39-4b5b-a8d8-9db3fc062716,c3,None,1128,?,x4,
1769497006.2733219,SENT,010fcf6b-4685-478b-98f4-fc0d124c3595,c732abba-aa2e-412b-a1f4-a10b351456f9,c3,c5,1254,?,x4,
1769497006.2733643,FORWARDED,010fcf6b-4685-478b-98f4-fc0d124c3595,c732abba-aa2e-412b-a1f4-a10b351456f9,c3,c5,1254,?,x4,
1769497006.9951377,RECEIVED,5731237b-be5f-4d9e-ac43-8ed3bb1a09d2,d09d35bf-9d5f-45b0-af24-50e2fa5cb917,c5,None,1601,e1,?,
1769497006.9960709,RECEIVED,18127795-87c3-4e0f-be6b-835b057c246a,3798205d-034d-46b6-9ff2-69a70666c4fb,c2,None,1599,e10,?,
1769497007.0469792,SENT,5731237b-be5f-4d9e-ac43-8ed3bb1a09d2,d09d35bf-9d5f-45b0-af24-50e2fa5cb917,c5,None,1127,?,x8,
1769497007.0470238,FORWARDED,5731237b-be5f-4d9e-ac43-8ed3bb1a09d2,d09d35bf-9d5f-45b0-af24-50e2fa5cb917,c5,None,1127,?,x8,
1769497007.115044,RECEIVED,401e0097-bf02-4a85-8d94-46c526c5fca0,bee21386-120a-41e9-aa0c-26f700d89385,c3,None,1603,e3,?,
1769497007.4539654,SENT,401e0097-bf02-4a85-8d94-46c526c5fca0,bee21386-120a-41e9-aa0c-26f700d89385,c3,None,1130,?,x4,
1769497007.4541066,FORWARDED,401e0097-bf02-4a85-8d94-46c526c5fca0,bee21386-120a-41e9-aa0c-26f700d89385,c3,None,1130,?,x4,
1769497007.6609814,RECEIVED,83c2b96e-4947-4f2b-af2b-025f30871215,42daf896-01b7-4679-921b-7b6e69b22321,c2,c3,1759,e7,?,
1769497007.677234,SENT,18127795-87c3-4e0f-be6b-835b057c246a,3798205d-034d-46b6-9ff2-69a70666c4fb,c2,None,1128,?,x9,
1769497007.6772738,FORWARDED,18127795-87c3-4e0f-be6b-835b057c246a,3798205d-034d-46b6-9ff2-69a70666c4fb,c2,None,1128,?,x9,
1769497007.9182408,SENT,83c2b96e-4947-4f2b-af2b-025f30871215,42daf896-01b7-4679-921b-7b6e69b22321,c2,c3,1248,?,x2,
1769497007.9182796,FORWARDED,83c2b96e-4947-4f2b-af2b-025f30871215,42daf896-01b7-4679-921b-7b6e69b22321,c2,c3,1248,?,x2,
1769497008.5785155,RECEIVED,e22cde4a-96ec-4d33-b78c-9dd632d0d656,e958f545-dbcd-4fec-b802-e44072ca5b92,c1,c3,1767,e8,?,
1769497009.2464197,RECEIVED,676cbc33-991c-4ad6-b840-6200dc0c672e,6d6d0a1b-d90d-4b21-bbc2-ccfb919c78f6,c5,None,1596,e5,?,
1769497009.287094,RECEIVED,a57d5355-9b69-4b19-b323-413b179ac6cb,b237e3d5-dc3a-42ef-a46d-31ecdef40030,c1,c3,1780,e11,?,
1769497009.3885872,SENT,a57d5355-9b69-4b19-b323-413b179ac6cb,b237e3d5-dc3a-42ef-a46d-31ecdef40030,c1,c3,1263,?,x3,
1769497009.388631,FORWARDED,a57d5355-9b69-4b19-b323-413b179ac6cb,b237e3d5-dc3a-42ef-a46d-31ecdef40030,c1,c3,1263,?,x3,
1769497009.4299285,SENT,676cbc33-991c-4ad6-b840-6200dc0c672e,6d6d0a1b-d90d-4b21-bbc2-ccfb919c78f6,c5,None,1123,?,x2,
1769497009.4299724,FORWARDED,676cbc33-991c-4ad6-b840-6200dc0c672e,6d6d0a1b-d90d-4b21-bbc2-ccfb919c78f6,c5,None,1123,?,x2,
1769497009.4564972,RECEIVED,48f13126-4fb8-4b02-beb4-54946c9b944a,d18477f0-4e6e-41b9-ac89-3f460f6040ed,c3,None,1600,e3,?,
1769497009.460783,RECEIVED,f43b5b69-1678-4ee6-8b1c-f7931db1ab37,78e38246-067f-4fbe-bd21-8c959f018a5b,c4,c3,1775,e5,?,
1769497009.5653584,SENT,e22cde4a-96ec-4d33-b78c-9dd632d0d656,e958f545-dbcd-4fec-b802-e44072ca5b92,c1,c3,1252,?,x4,
1769497009.5653985,FORWARDED,e22cde4a-96ec-4d33-b78c-9dd632d0d656,e958f545-dbcd-4fec-b802-e44072ca5b92,c1,c3,1252,?,x4,
1769497009.6938603,SENT,f43b5b69-1678-4ee6-8b1c-f7931db1ab37,78e38246-067f-4fbe-bd21-8c959f018a5b,c4,c3,1259,?,x3,
1769497009.6939006,FORWARDED,f43b5b69-1678-4ee6-8b1c-f7931db1ab37,78e38246-067f-4fbe-bd21-8c959f018a5b,c4,c3,1259,?,x3,
1769497009.748113,RECEIVED,a948e0a5-f3f3-46fa-9cec-285dc5681a46,9998072b-7c79-418c-ab36-8793015c55be,c2,c3,1784,e7,?,
1769497009.8089447,RECEIVED,5eb55d4b-aff8-441f-b0c7-d7080f25e747,0d8b60e2-6171-41af-94ac-c6bc30abcbc1,c3,None,1617,e10,?,
1769497009.8966434,SENT,5eb55d4b-aff8-441f-b0c7-d7080f25e747,0d8b60e2-6171-41af-94ac-c6bc30abcbc1,c3,None,1139,?,x10,
1769497009.8966858,FORWARDED,5eb55d4b-aff8-441f-b0c7-d7080f25e747,0d8b60e2-6171-41af-94ac-c6bc30abcbc1,c3,None,1139,?,x10,
1769497010.3381824,SENT,a948e0a5-f3f3-46fa-9cec-285dc5681a46,9998072b-7c79-418c-ab36-8793015c55be,c2,c3,1264,?,x12,
1769497010.338793,FORWARDED,a948e0a5-f3f3-46fa-9cec-285dc5681a46,9998072b-7c79-418c-ab36-8793015c55be,c2,c3,1264,?,x12,
1769497010.4365895,SENT,48f13126-4fb8-4b02-beb4-54946c9b944a,d18477f0-4e6e-41b9-ac89-3f460f6040ed,c3,None,1127,?,x11,
1769497010.4366298,FORWARDED,48f13126-4fb8-4b02-beb4-54946c9b944a,d18477f0-4e6e-41b9-ac89-3f460f6040ed,c3,None,1127,?,x11,
1769497010.5793068,RECEIVED,be8c1067-b054-47d1-9118-931908306cb8,14648daa-9167-422f-ae5d-64f93545027c,c1,c3,1777,e9,?,
1769497010.739119,RECEIVED,1403518c-8586-44c5-ac56-4a53cddaa98b,64c95186-2eda-450c-b27a-5bfa88fb3c8f,c3,None,1600,e9,?,
1769497010.7738202,SENT,be8c1067-b054-47d1-9118-931908306cb8,14648daa-9167-422f-ae5d-64f93545027c,c1,c3,1258,?,x12,
1769497010.7738624,FORWARDED,be8c1067-b054-47d1-9118-931908306cb8,14648daa-9167-422f-ae5d-64f93545027c,c1,c3,1258,?,x12,
1769497011.6002178,RECEIVED,a4e298b2-ce59-4d49-8813-8173cb59c515,7928d6d7-27b3-4983-89c5-b92be549e18e,c2,c3,1771,e7,?,
1769497011.8196151,RECEIVED,ef38339e-517e-4b45-a02b-f7fe17df5883,df08eda8-4d33-4a4b-8ca6-e530a08c242b,c3,c5,1784,e12,?,
1769497011.8442438,SENT,1403518c-8586-44c5-ac56-4a53cddaa98b,64c95186-2eda-450c-b27a-5bfa88fb3c8f,c3,None,1127,?,x10,
1769497011.844288,FORWARDED,1403518c-8586-44c5-ac56-4a53cddaa98b,64c95186-2eda-450c-b27a-5bfa88fb3c8f,c3,None,1127,?,x10,
1769497012.4496841,SENT,ef38339e-517e-4b45-a02b-f7fe17df5883,df08eda8-4d33-4a4b-8ca6-e530a08c242b,c3,c5,1265,?,x11,
1769497012.4497252,FORWARDED,ef38339e-517e-4b45-a02b-f7fe17df5883,df08eda8-4d33-4a4b-8ca6-e530a08c242b,c3,c5,1265,?,x11,
1769497013.3740194,RECEIVED,a628b080-26d8-43c4-a680-c102ff52f852,caf77828-feb8-47b2-adbc-104416e9597b,c3,None,1600,e12,?,
1769497013.431975,RECEIVED,81f95243-9189-4235-b1a8-ac8bb8ff1b42,d46449a1-e899-493b-8668-c3688433e2aa,c1,c3,1776,e2,?,
1769497013.4548733,SENT,a628b080-26d8-43c4-a680-c102ff52f852,caf77828-feb8-47b2-adbc-104416e9597b,c3,None,1127,?,x2,
1769497013.454915,FORWARDED,a628b080-26d8-43c4-a680-c102ff52f852,caf77828-feb8-47b2-adbc-104416e9597b,c3,None,1127,?,x2,
1769497013.4853628,SENT,81f95243-9189-4235-b1a8-ac8bb8ff1b42,d46449a1-e899-493b-8668-c3688433e2aa,c1,c3,1259,?,x1,
1769497013.4854045,FORWARDED,81f95243-9189-4235-b1a8-ac8bb8ff1b42,d46449a1-e899-493b-8668-c3688433e2aa,c1,c3,1259,?,x1,
1769497013.5365746,RECEIVED,a4ebd608-15f8-4d7d-bb8e-c683b6e1458f,746cf753-d1d1-4d18-82b3-6af0b9d15fac,c2,c3,1763,e6,?,
1769497013.6174796,SENT,a4e298b2-ce59-4d49-8813-8173cb59c515,7928d6d7-27b3-4983-89c5-b92be549e18e,c2,c3,1256,?,x7,
1769497013.6175222,FORWARDED,a4e298b2-ce59-4d49-8813-8173cb59c515,7928d6d7-27b3-4983-89c5-b92be549e18e,c2,c3,1256,?,x7,
1769497013.6187422,RECEIVED,4e0039d2-0eaa-420f-aba1-4ca5b1b11b66,92b505c7-93c5-459f-9b87-2810a90a1528,c4,c3,1784,e2,?,
1769497014.0843544,SENT,a4ebd608-15f8-4d7d-bb8e-c683b6e1458f,746cf753-d1d1-4d18-82b3-6af0b9d15fac,c2,c3,1250,?,x1,
1769497014.0843968,FORWARDED,a4ebd608-15f8-4d7d-bb8e-c683b6e1458f,746cf753-d1d1-4d18-82b3-6af0b9d15fac,c2,c3,1250,?,x1,
1769497015.0660706,SENT,4e0039d2-0eaa-420f-aba1-4ca5b1b11b66,92b505c7-93c5-459f-9b87-2810a90a1528,c4,c3,1265,?,x11,
1769497015.0661297,FORWARDED,4e0039d2-0eaa-420f-aba1-4ca5b1b11b66,92b505c7-93c5-459f-9b87-2810a90a1528,c4,c3,1265,?,x11,
1769497015.133271,RECEIVED,3cac2b2c-cc84-47b2-980e-87c28eb57d2d,cc6b4104-adaa-49e7-8966-93e0cdd40a16,c5,c2,1775,e12,?,
1769497015.1831152,RECEIVED,62a9d877-cec1-4795-a208-fd8f0d3e612c,b7154339-ee14-4ce0-b0dc-8c5d8f081a20,c3,None,1601,e6,?,
1769497015.286869,SENT,62a9d877-cec1-4795-a208-fd8f0d3e612c,b7154339-ee14-4ce0-b0dc-8c5d8f081a20,c3,None,1127,?,x11,
1769497015.2869163,FORWARDED,62a9d877-cec1-4795-a208-fd8f0d3e612c,b7154339-ee14-4ce0-b0dc-8c5d8f081a20,c3,None,1127,?,x11,
1769497015.4726763,SENT,3cac2b2c-cc84-47b2-980e-87c28eb57d2d,cc6b4104-adaa-49e7-8966-93e0cdd40a16,c5,c2,1259,?,x8,
1769497015.4727242,FORWARDED,3cac2b2c-cc84-47b2-980e-87c28eb57d2d,cc6b4104-adaa-49e7-8966-93e0cdd40a16,c5,c2,1259,?,x8,
1769497016.236214,RECEIVED,c35aa885-70ff-4d83-ab9f-61eb9b0317ee,b05472fa-cb1e-4433-8eb5-431362a795cf,c3,c5,1775,e2,?,
1769497016.532164,RECEIVED,0005a80e-cb36-49ea-bab9-e735ccbdcfb0,106a765b-0192-40ce-a52f-87d9cd50aed9,c3,None,1600,e11,?,
1769497016.6054637,SENT,0005a80e-cb36-49ea-bab9-e735ccbdcfb0,106a765b-0192-40ce-a52f-87d9cd50aed9,c3,None,1127,?,x4,
1769497016.6055245,FORWARDED,0005a80e-cb36-49ea-bab9-e735ccbdcfb0,106a765b-0192-40ce-a52f-87d9cd50aed9,c3,None,1127,?,x4,
1769497016.7395463,RECEIVED,95d15d24-fa62-4d0c-ab73-906bb6c513f6,5f8e2362-3a39-4a15-aac5-e361c56ac091,c3,None,1608,e8,?,
1769497016.8658977,SENT,95d15d24-fa62-4d0c-ab73-906bb6c513f6,5f8e2362-3a39-4a15-aac5-e361c56ac091,c3,None,1132,?,x7,
1769497016.8659592,FORWARDED,95d15d24-fa62-4d0c-ab73-906bb6c513f6,5f8e2362-3a39-4a15-aac5-e361c56ac091,c3,None,1132,?,x7,
1769497017.0279841,RECEIVED,3c75871d-5848-4f9d-828d-418b529e760d,79814946-7bf2-40f7-9511-21141126b0a3,c2,None,1599,e6,?,
1769497017.1555324,RECEIVED,318e5702-e086-4cef-8671-00b4dbba906b,48b2efef-eff9-4488-b1ec-2cfce3c1cefc,c3,c5,1775,e5,?,
1769497017.3773725,SENT,3c75871d-5848-4f9d-828d-418b529e760d,79814946-7bf2-40f7-9511-21141126b0a3,c2,None,1128,?,x9,
1769497017.3774328,FORWARDED,3c75871d-5848-4f9d-828d-418b529e760d,79814946-7bf2-40f7-9511-21141126b0a3,c2,None,1128,?,x9,
1769497017.6351783,RECEIVED,c10a482f-96c7-4c4a-9fd4-a44e0b605787,7803f98f-f30f-43c8-a0fd-83432a60ec66,c3,None,1596,e5,?,
1769497017.787262,SENT,318e5702-e086-4cef-8671-00b4dbba906b,48b2efef-eff9-4488-b1ec-2cfce3c1cefc,c3,c5,1259,?,x2,
1769497017.7873127,FORWARDED,318e5702-e086-4cef-8671-00b4dbba906b,48b2efef-eff9-4488-b1ec-2cfce3c1cefc,c3,c5,1259,?,x2,
1769497017.8116746,SENT,c10a482f-96c7-4c4a-9fd4-a44e0b605787,7803f98f-f30f-43c8-a0fd-83432a60ec66,c3,None,1123,?,x2,
1769497017.8117285,FORWARDED,c10a482f-96c7-4c4a-9fd4-a44e0b605787,7803f98f-f30f-43c8-a0fd-83432a60ec66,c3,None,1123,?,x2,
1769497017.95313,FORWARDED,c35aa885-70ff-4d83-ab9f-61eb9b0317ee,b05472fa-cb1e-4433-8eb5-431362a795cf,c3,c5,1260,?,x6,
1769497018.9392896,RECEIVED,7bb2dfbe-b8f4-4898-aaa3-9adabf59a554,db069a03-e766-4316-bf66-952c36f7f5ec,c5,c2,1779,e12,?,
1769497019.2143512,FORWARDED,7bb2dfbe-b8f4-4898-aaa3-9adabf59a554,db069a03-e766-4316-bf66-952c36f7f5ec,c5,c2,1263,?,x6,
1769497020.0403743,RECEIVED,dd5d1cf9-ebc3-4eb5-8463-92f46c0a2ce3,913bbbf9-cc94-4a46-9ef6-9df8221b8fac,c5,None,1595,e3,?,
1769497020.1446078,SENT,dd5d1cf9-ebc3-4eb5-8463-92f46c0a2ce3,913bbbf9-cc94-4a46-9ef6-9df8221b8fac,c5,None,1123,?,x2,
1769497020.1446762,FORWARDED,dd5d1cf9-ebc3-4eb5-8463-92f46c0a2ce3,913bbbf9-cc94-4a46-9ef6-9df8221b8fac,c5,None,1123,?,x2,
1769497020.1680448,RECEIVED,d6abb9d4-a033-4a6a-8c74-47408ba77cb4,4836c7e2-11ca-4ee9-b8b8-66dfd452bfe3,c3,None,1591,e5,?,
1769497020.211043,RECEIVED,9c141e48-13da-459c-aee7-da1ed95ed39f,40597fd0-61bb-4bc4-b3e9-9f6c2d21e286,c5,c2,1781,e10,?,
1769497020.2444828,RECEIVED,52b136d0-71b6-4690-b3b9-2a58967723c3,399166df-5067-48ff-967f-48f2fef5de74,c3,None,1608,e3,?,
1769497020.3715785,SENT,52b136d0-71b6-4690-b3b9-2a58967723c3,399166df-5067-48ff-967f-48f2fef5de74,c3,None,1132,?,x7,
1769497020.371625,FORWARDED,52b136d0-71b6-4690-b3b9-2a58967723c3,399166df-5067-48ff-967f-48f2fef5de74,c3,None,1132,?,x7,
1769497020.3832266,SENT,9c141e48-13da-459c-aee7-da1ed95ed39f,40597fd0-61bb-4bc4-b3e9-9f6c2d21e286,c5,c2,1263,?,x10,
1769497020.38327,FORWARDED,9c141e48-13da-459c-aee7-da1ed95ed39f,40597fd0-61bb-4bc4-b3e9-9f6c2d21e286,c5,c2,1263,?,x10,
1769497020.574855,RECEIVED,478b7f09-66c4-4572-9aa2-c133d3f1a079,8a03fa27-b515-4446-bf4e-08ae88cdd759,c4,c3,1771,e8,?,
1769497020.7046828,SENT,d6abb9d4-a033-4a6a-8c74-47408ba77cb4,4836c7e2-11ca-4ee9-b8b8-66dfd452bfe3,c3,None,1120,?,x2,
1769497020.7047253,FORWARDED,d6abb9d4-a033-4a6a-8c74-47408ba77cb4,4836c7e2-11ca-4ee9-b8b8-66dfd452bfe3,c3,None,1120,?,x2,
1769497021.2365434,SENT,478b7f09-66c4-4572-9aa2-c133d3f1a079,8a03fa27-b515-4446-bf4e-08ae88cdd759,c4,c3,1256,?,x1,
1769497021.2366047,FORWARDED,478b7f09-66c4-4572-9aa2-c133d3f1a079,8a03fa27-b515-4446-bf4e-08ae88cdd759,c4,c3,1256,?,x1,
1769497021.7073393,RECEIVED,6073ab35-c6b2-4a12-9a41-ee2b43d27bf7,968058fe-04c1-4dc3-96aa-4f127c9382da,c3,c5,1770,e6,?,
1769497022.1055162,RECEIVED,8c268ae1-3a69-4a2f-b87f-177019772868,cae444f5-998b-4503-949d-b4104dfbec22,c5,None,1595,e1,?,
1769497022.224592,SENT,6073ab35-c6b2-4a12-9a41-ee2b43d27bf7,968058fe-04c1-4dc3-96aa-4f127c9382da,c3,c5,1256,?,x7,
1769497022.2246537,FORWARDED,6073ab35-c6b2-4a12-9a41-ee2b43d27bf7,968058fe-04c1-4dc3-96aa-4f127c9382da,c3,c5,1256,?,x7,
1769497022.4395106,SENT,8c268ae1-3a69-4a2f-b87f-177019772868,cae444f5-998b-4503-949d-b4104dfbec22,c5,None,1124,?,x5,
1769497022.4395633,FORWARDED,8c268ae1-3a69-4a2f-b87f-177019772868,cae444f5-998b-4503-949d-b4104dfbec22,c5,None,1124,?,x5,
1769497022.6956902,RECEIVED,dd8d070e-db48-4c5b-a2df-cdf746f55013,a75797b4-61b1-4c67-94c6-d61d71465e03,c3,c5,1780,e12,?,
1769497022.9534738,RECEIVED,d171ba75-178d-4fe2-945f-1552c2012c20,c93d3299-b5ec-4612-8277-19327cc93138,c2,None,1595,e12,?,
1769497023.2529304,RECEIVED,08ac7c17-603f-4f7d-9cab-561f39cd77e4,b7e71de2-9c1a-4ff6-b7b5-918ea6388fb0,c3,None,1600,e3,?,
1769497023.3914015,SENT,d171ba75-178d-4fe2-945f-1552c2012c20,c93d3299-b5ec-4612-8277-19327cc93138,c2,None,1123,?,x4,
1769497023.391443,FORWARDED,d171ba75-178d-4fe2-945f-1552c2012c20,c93d3299-b5ec-4612-8277-19327cc93138,c2,None,1123,?,x4,
1769497023.43151,SENT,dd8d070e-db48-4c5b-a2df-cdf746f55013,a75797b4-61b1-4c67-94c6-d61d71465e03,c3,c5,1263,?,x11,
1769497023.4315522,FORWARDED,dd8d070e-db48-4c5b-a2df-cdf746f55013,a75797b4-61b1-4c67-94c6-d61d71465e03,c3,c5,1263,?,x11,
1769497023.6771982,SENT,08ac7c17-603f-4f7d-9cab-561f39cd77e4,b7e71de2-9c1a-4ff6-b7b5-918ea6388fb0,c3,None,1128,?,x5,
1769497023.6772397,FORWARDED,08ac7c17-603f-4f7d-9cab-561f39cd77e4,b7e71de2-9c1a-4ff6-b7b5-918ea6388fb0,c3,None,1128,?,x5,
1769497023.921127,RECEIVED,461e760e-df09-45a1-bda3-847006865740,504e06a6-a26c-4362-8ad5-f69ecd528ce3,c4,c3,1771,e7,?,
1769497024.3572698,SENT,461e760e-df09-45a1-bda3-847006865740,504e06a6-a26c-4362-8ad5-f69ecd528ce3,c4,c3,1255,?,x1,
1769497024.3573127,FORWARDED,461e760e-df09-45a1-bda3-847006865740,504e06a6-a26c-4362-8ad5-f69ecd528ce3,c4,c3,1255,?,x1,
1769497024.6497571,RECEIVED,5cbf886b-03c8-49bf-9846-c0f847a983b3,3afdf763-5b29-4d72-b352-130f6f417bfb,c2,None,1596,e1,?,
1769497025.2314253,SENT,5cbf886b-03c8-49bf-9846-c0f847a983b3,3afdf763-5b29-4d72-b352-130f6f417bfb,c2,None,1123,?,x11,
1769497025.2314696,FORWARDED,5cbf886b-03c8-49bf-9846-c0f847a983b3,3afdf763-5b29-4d72-b352-130f6f417bfb,c2,None,1123,?,x11,
1769497025.3347607,RECEIVED,638cf8ee-2bad-46df-aa02-47420d997aed,a7cd5656-c43e-464a-960e-a56a421ded31,c4,c3,1768,e12,?,
1769497025.9186678,SENT,638cf8ee-2bad-46df-aa02-47420d997aed,a7cd5656-c43e-464a-960e-a56a421ded31,c4,c3,1253,?,x10,
1769497025.9187105,FORWARDED,638cf8ee-2bad-46df-aa02-47420d997aed,a7cd5656-c43e-464a-960e-a56a421ded31,c4,c3,1253,?,x10,
1769497026.019237,RECEIVED,c43bbe14-d770-4c12-873e-381ebfa13206,8bcbb1d4-5b40-4de5-9460-54cbd14cbf67,c3,None,1599,e11,?,
1769497026.4119897,SENT,c43bbe14-d770-4c12-873e-381ebfa13206,8bcbb1d4-5b40-4de5-9460-54cbd14cbf67,c3,None,1126,?,x5,
1769497026.4121578,FORWARDED,c43bbe14-d770-4c12-873e-381ebfa13206,8bcbb1d4-5b40-4de5-9460-54cbd14cbf67,c3,None,1126,?,x5,
1769497026.4700053,RECEIVED,654c6604-5247-4cb4-a57b-f2bdbf9c52b2,3935e731-3be9-4192-8176-10b9b9772f8d,c3,None,1592,e6,?,
1769497026.9032464,SENT,654c6604-5247-4cb4-a57b-f2bdbf9c52b2,3935e731-3be9-4192-8176-10b9b9772f8d,c3,None,1120,?,x8,
1769497026.90329,FORWARDED,654c6604-5247-4cb4-a57b-f2bdbf9c52b2,3935e731-3be9-4192-8176-10b9b9772f8d,c3,None,1120,?,x8,
1769497026.9210021,RECEIVED,5f86ff1a-9011-42dc-86bb-36d3360a1d9e,7c8d3944-7c60-477d-932e-0576caba9aa6,c2,None,1603,e5,?,
1769497026.9787843,RECEIVED,ffaa1859-4308-451a-a0fb-dafeaf05232c,fc29e018-b947-426b-99f4-99e189d342cf,c4,c3,1767,e1,?,
1769497027.4572573,SENT,5f86ff1a-9011-42dc-86bb-36d3360a1d9e,7c8d3944-7c60-477d-932e-0576caba9aa6,c2,None,1131,?,x12,
1769497027.4572976,FORWARDED,5f86ff1a-9011-42dc-86bb-36d3360a1d9e,7c8d3944-7c60-477d-932e-0576caba9aa6,c2,None,1131,?,x12,
1769497027.629416,RECEIVED,b3efbc5b-44ba-4034-9780-abdfa6fbb6bb,e808124f-5a72-48f8-bb6d-4504d2ba53b0,c3,None,1600,e3,?,
1769497028.0850856,SENT,ffaa1859-4308-451a-a0fb-dafeaf05232c,fc29e018-b947-426b-99f4-99e189d342cf,c4,c3,1253,?,x3,
1769497028.0851262,FORWARDED,ffaa1859-4308-451a-a0fb-dafeaf05232c,fc29e018-b947-426b-99f4-99e189d342cf,c4,c3,1253,?,x3,
1769497028.367545,RECEIVED,b7b29f2b-3146-4fc8-abaa-fee0e6886c40,ed565e66-8fb3-4906-971f-d8680eba56f3,c5,None,1599,e10,?,
1769497028.4148705,SENT,b3efbc5b-44ba-4034-9780-abdfa6fbb6bb,e808124f-5a72-48f8-bb6d-4504d2ba53b0,c3,None,1128,?,x10,
1769497028.4149141,FORWARDED,b3efbc5b-44ba-4034-9780-abdfa6fbb6bb,e808124f-5a72-48f8-bb6d-4504d2ba53b0,c3,None,1128,?,x10,
1769497028.7660165,SENT,b7b29f2b-3146-4fc8-abaa-fee0e6886c40,ed565e66-8fb3-4906-971f-d8680eba56f3,c5,None,1128,?,x5,
1769497028.7660713,FORWARDED,b7b29f2b-3146-4fc8-abaa-fee0e6886c40,ed565e66-8fb3-4906-971f-d8680eba56f3,c5,None,1128,?,x5,
1769497029.563396,RECEIVED,6ed41baa-806a-49e0-be2e-39fd34276f85,475ae5e1-bef5-44be-a2db-f4aff5e8b719,c2,None,1600,e5,?,
1769497029.8824108,SENT,6ed41baa-806a-49e0-be2e-39fd34276f85,475ae5e1-bef5-44be-a2db-f4aff5e8b719,c2,None,1128,?,x10,
1769497029.8824549,FORWARDED,6ed41baa-806a-49e0-be2e-39fd34276f85,475ae5e1-bef5-44be-a2db-f4aff5e8b719,c2,None,1128,?,x10,
1769497030.2816913,RECEIVED,e813468f-c866-4ea8-84ba-b462f996616a,b13b0359-0e76-4cd3-b96b-73e152ca2aaf,c3,None,1600,e10,?,
1769497030.5234494,SENT,e813468f-c866-4ea8-84ba-b462f996616a,b13b0359-0e76-4cd3-b96b-73e152ca2aaf,c3,None,1128,?,x2,
1769497030.5234919,FORWARDED,e813468f-c866-4ea8-84ba-b462f996616a,b13b0359-0e76-4cd3-b96b-73e152ca2aaf,c3,None,1128,?,x2,
1769497030.9746952,RECEIVED,2ca9f2fe-fe95-46d7-b196-6c8f5b15cd23,13c8f08f-4adb-48e2-9144-a290a204154a,c3,None,1596,e8,?,
1769497031.109152,SENT,2ca9f2fe-fe95-46d7-b196-6c8f5b15cd23,13c8f08f-4adb-48e2-9144-a290a204154a,c3,None,1124,?,x10,
1769497031.109194,FORWARDED,2ca9f2fe-fe95-46d7-b196-6c8f5b15cd23,13c8f08f-4adb-48e2-9144-a290a204154a,c3,None,1124,?,x10,
1769497031.3512425,RECEIVED,8b4cc49e-ccbb-4b85-ab0d-c35a8169dd83,bffa51f4-4cd7-473c-89e0-c125cf3fcdf0,c5,c2,1763,e12,?,
1769497031.8662987,SENT,8b4cc49e-ccbb-4b85-ab0d-c35a8169dd83,bffa51f4-4cd7-473c-89e0-c125cf3fcdf0,c5,c2,1251,?,x2,
1769497031.8663416,FORWARDED,8b4cc49e-ccbb-4b85-ab0d-c35a8169dd83,bffa51f4-4cd7-473c-89e0-c125cf3fcdf0,c5,c2,1251,?,x2,
1769497032.6053476,RECEIVED,5572a6f7-2a48-43b9-a5b5-301e7d915fbb,eb1d0c0c-fc56-4d8f-a96b-d22fb63c7ab9,c5,None,1595,e6,?,
1769497032.7162974,RECEIVED,533eabcd-c350-4e8e-8779-a6b055fad925,7f935004-1ce2-4cfe-b589-02a0a709cc50,c5,None,1594,e12,?,
1769497032.73092,RECEIVED,5fe373d2-fa73-42e3-b2af-b1c71f7b3851,eef50567-427d-4890-b6fe-028e3c2daa64,c2,None,1604,e8,?,
1769497032.7657726,RECEIVED,3d7a3dbb-07aa-4e14-95a1-f1e17c1f7622,c79572cc-5fe3-4454-8a45-02d00a3639f4,c2,c3,1773,e12,?,
1769497032.9194229,SENT,5fe373d2-fa73-42e3-b2af-b1c71f7b3851,eef50567-427d-4890-b6fe-028e3c2daa64,c2,None,1131,?,x9,
1769497032.9194646,FORWARDED,5fe373d2-fa73-42e3-b2af-b1c71f7b3851,eef50567-427d-4890-b6fe-028e3c2daa64,c2,None,1131,?,x9,
1769497032.9506948,SENT,3d7a3dbb-07aa-4e14-95a1-f1e17c1f7622,c79572cc-5fe3-4454-8a45-02d00a3639f4,c2,c3,1256,?,x10,
1769497032.9507377,FORWARDED,3d7a3dbb-07aa-4e14-95a1-f1e17c1f7622,c79572cc-5fe3-4454-8a45-02d00a3639f4,c2,c3,1256,?,x10,
1769497033.2468886,RECEIVED,78fea7fb-1fe0-443d-934f-dca1ae6dc59f,920cebf8-48eb-4587-85df-b8b34cb2b0c2,c2,None,1594,e3,?,
1769497033.3612666,RECEIVED,cc9d7d0c-1cc0-461b-9c7e-03b2c021d259,03332a00-e45a-4f8d-83a7-c7299f059c45,c5,c2,1763,e11,?,
1769497033.5893152,SENT,cc9d7d0c-1cc0-461b-9c7e-03b2c021d259,03332a00-e45a-4f8d-83a7-c7299f059c45,c5,c2,1251,?,x7,
1769497033.5893588,FORWARDED,cc9d7d0c-1cc0-461b-9c7e-03b2c021d259,03332a00-e45a-4f8d-83a7-c7299f059c45,c5,c2,1251,?,x7,
1769497033.593759,RECEIVED,1ac78fd9-51ed-4e9c-bac5-d6ecd2cfeae5,2556e78f-399f-4b04-a2ac-ce30f11f56e5,c3,None,1595,e2,?,
1769497033.880564,SENT,5572a6f7-2a48-43b9-a5b5-301e7d915fbb,eb1d0c0c-fc56-4d8f-a96b-d22fb63c7ab9,c5,None,1123,?,x1,
1769497033.880609,FORWARDED,5572a6f7-2a48-43b9-a5b5-301e7d915fbb,eb1d0c0c-fc56-4d8f-a96b-d22fb63c7ab9,c5,None,1123,?,x1,
1769497034.0878599,SENT,1ac78fd9-51ed-4e9c-bac5-d6ecd2cfeae5,2556e78f-399f-4b04-a2ac-ce30f11f56e5,c3,None,1123,?,x1,
1769497034.0879023,FORWARDED,1ac78fd9-51ed-4e9c-bac5-d6ecd2cfeae5,2556e78f-399f-4b04-a2ac-ce30f11f56e5,c3,None,1123,?,x1,
1769497034.3211687,FORWARDED,533eabcd-c350-4e8e-8779-a6b055fad925,7f935004-1ce2-4cfe-b589-02a0a709cc50,c5,None,1123,?,x6,
1769497034.4347317,SENT,78fea7fb-1fe0-443d-934f-dca1ae6dc59f,920cebf8-48eb-4587-85df-b8b34cb2b0c2,c2,None,1124,?,x4,
1769497034.434808,FORWARDED,78fea7fb-1fe0-443d-934f-dca1ae6dc59f,920cebf8-48eb-4587-85df-b8b34cb2b0c2,c2,None,1124,?,x4,
1769497034.5650973,RECEIVED,a1ec95b2-efa5-40fa-92fc-8d6b96bf1d5e,ea4049ea-6326-485d-bd0e-ce488fbed5a8,c2,None,1603,e9,?,
1769497035.1494415,RECEIVED,dbade533-8cff-43ff-bcbb-c20f713e2034,6f44454d-08ac-460c-b13b-97dabdea2080,c2,None,1596,e8,?,
1769497035.414234,SENT,dbade533-8cff-43ff-bcbb-c20f713e2034,6f44454d-08ac-460c-b13b-97dabdea2080,c2,None,1124,?,x1,
1769497035.4142752,FORWARDED,dbade533-8cff-43ff-bcbb-c20f713e2034,6f44454d-08ac-460c-b13b-97dabdea2080,c2,None,1124,?,x1,
1769497035.8171766,SENT,a1ec95b2-efa5-40fa-92fc-8d6b96bf1d5e,ea4049ea-6326-485d-bd0e-ce488fbed5a8,c2,None,1131,?,x5,
1769497035.8172207,FORWARDED,a1ec95b2-efa5-40fa-92fc-8d6b96bf1d5e,ea4049ea-6326-485d-bd0e-ce488fbed5a8,c2,None,1131,?,x5,
1769497036.2404234,RECEIVED,3ea5c3db-25f5-4af3-93a9-c831f2efb5e8,3f8d7c5e-4657-4831-acd1-9e6c2145d0c1,c2,c3,1772,e9,?,
1769497036.575751,RECEIVED,350c0352-5253-4944-bb3b-b0c10e606cf1,823db3f8-7a1c-4ad6-bbc2-b4b5f3da898f,c4,c3,1767,e8,?,
1769497036.600572,SENT,3ea5c3db-25f5-4af3-93a9-c831f2efb5e8,3f8d7c5e-4657-4831-acd1-9e6c2145d0c1,c2,c3,1255,?,x4,
1769497036.6006138,FORWARDED,3ea5c3db-25f5-4af3-93a9-c831f2efb5e8,3f8d7c5e-4657-4831-acd1-9e6c2145d0c1,c2,c3,1255,?,x4,
1769497036.7529936,SENT,350c0352-5253-4944-bb3b-b0c10e606cf1,823db3f8-7a1c-4ad6-bbc2-b4b5f3da898f,c4,c3,1252,?,x3,
1769497036.7530365,FORWARDED,350c0352-5253-4944-bb3b-b0c10e606cf1,823db3f8-7a1c-4ad6-bbc2-b4b5f3da898f,c4,c3,1252,?,x3,
1769497037.3372629,RECEIVED,21a155d0-de20-442e-9b9d-e2e088ccc968,15fa8f51-5cd3-4e7f-9258-963f69953c83,c2,None,1608,e9,?,
1769497037.4092684,SENT,21a155d0-de20-442e-9b9d-e2e088ccc968,15fa8f51-5cd3-4e7f-9258-963f69953c83,c2,None,1134,?,x7,
1769497037.409311,FORWARDED,21a155d0-de20-442e-9b9d-e2e088ccc968,15fa8f51-5cd3-4e7f-9258-963f69953c83,c2,None,1134,?,x7,
1769497037.569091,RECEIVED,9a5979a4-1773-4fd5-afbd-67d45aea9d1a,5014c3ef-2e4c-4f42-8b44-3b7193b4d7f4,c5,None,1599,e12,?,
1769497037.5727665,RECEIVED,7f90ea0a-4125-4609-85cc-7cee3c4ff35e,4e85a4f7-8d51-4efd-87d1-c4ebe5a24a47,c3,None,1595,e8,?,
1769497037.661739,RECEIVED,6e98a003-475f-4db1-87d8-27408d24dd95,a97125e4-7845-46e1-b06e-2be4dc5764f6,c5,c2,1776,e11,?,
1769497038.0658622,SENT,6e98a003-475f-4db1-87d8-27408d24dd95,a97125e4-7845-46e1-b06e-2be4dc5764f6,c5,c2,1259,?,x5,
1769497038.0659091,FORWARDED,6e98a003-475f-4db1-87d8-27408d24dd95,a97125e4-7845-46e1-b06e-2be4dc5764f6,c5,c2,1259,?,x5,
1769497038.1342132,RECEIVED,d27131a3-62db-4e08-90b5-88d5da68bfb6,d612267a-4202-4939-90ed-de26df166283,c3,None,1591,e12,?,
1769497038.2043316,RECEIVED,12c66fe5-0ea3-442a-8c2a-5de92ae5e0e8,8cb5ce1b-6db2-4899-8972-3553dd896e2b,c3,c5,1776,e9,?,
1769497038.381794,SENT,12c66fe5-0ea3-442a-8c2a-5de92ae5e0e8,8cb5ce1b-6db2-4899-8972-3553dd896e2b,c3,c5,1260,?,x2,
1769497038.3818362,FORWARDED,12c66fe5-0ea3-442a-8c2a-5de92ae5e0e8,8cb5ce1b-6db2-4899-8972-3553dd896e2b,c3,c5,1260,?,x2,
1769497038.5608025,RECEIVED,f1897532-09c8-41da-9b99-e2923237fe88,74a9e015-b5bf-4c04-b26e-96b52d33fce3,c3,None,1607,e10,?,
1769497038.6692948,SENT,d27131a3-62db-4e08-90b5-88d5da68bfb6,d612267a-4202-4939-90ed-de26df166283,c3,None,1122,?,x2,
1769497038.6693397,FORWARDED,d27131a3-62db-4e08-90b5-88d5da68bfb6,d612267a-4202-4939-90ed-de26df166283,c3,None,1122,?,x2,
1769497038.7625196,RECEIVED,3a27c878-d055-454c-87ae-b90365af0420,0896df69-b30f-46b3-969b-856d5a0853b6,c5,None,1603,e9,?,
1769497039.0025854,SENT,3a27c878-d055-454c-87ae-b90365af0420,0896df69-b30f-46b3-969b-856d5a0853b6,c5,None,1131,?,x8,
1769497039.0027015,FORWARDED,3a27c878-d055-454c-87ae-b90365af0420,0896df69-b30f-46b3-969b-856d5a0853b6,c5,None,1131,?,x8,
1769497039.1525326,SENT,7f90ea0a-4125-4609-85cc-7cee3c4ff35e,4e85a4f7-8d51-4efd-87d1-c4ebe5a24a47,c3,None,1124,?,x8,
1769497039.1527567,FORWARDED,7f90ea0a-4125-4609-85cc-7cee3c4ff35e,4e85a4f7-8d51-4efd-87d1-c4ebe5a24a47,c3,None,1124,?,x8,
1769497039.338181,SENT,9a5979a4-1773-4fd5-afbd-67d45aea9d1a,5014c3ef-2e4c-4f42-8b44-3b7193b4d7f4,c5,None,1128,?,x9,
1769497039.3382535,FORWARDED,9a5979a4-1773-4fd5-afbd-67d45aea9d1a,5014c3ef-2e4c-4f42-8b44-3b7193b4d7f4,c5,None,1128,?,x9,
1769497039.7798874,RECEIVED,dbe1418c-d97a-49ec-8ca4-e6ba43f04d28,793b632a-051f-48e9-a568-3cc1a5db7879,c5,None,1607,e5,?,
1769497039.7862976,RECEIVED,ea9bfb91-d1e5-4980-bb69-79903dd92c61,a01a3c49-707a-44b0-9ba3-769f17faa1ca,c3,None,1603,e5,?,
1769497040.225129,SENT,ea9bfb91-d1e5-4980-bb69-79903dd92c61,a01a3c49-707a-44b0-9ba3-769f17faa1ca,c3,None,1129,?,x4,
1769497040.2251923,FORWARDED,ea9bfb91-d1e5-4980-bb69-79903dd92c61,a01a3c49-707a-44b0-9ba3-769f17faa1ca,c3,None,1129,?,x4,
1769497040.5083077,SENT,dbe1418c-d97a-49ec-8ca4-e6ba43f04d28,793b632a-051f-48e9-a568-3cc1a5db7879,c5,None,1132,?,x1,
1769497040.5083692,FORWARDED,dbe1418c-d97a-49ec-8ca4-e6ba43f04d28,793b632a-051f-48e9-a568-3cc1a5db7879,c5,None,1132,?,x1,
1769497040.7219248,SENT,f1897532-09c8-41da-9b99-e2923237fe88,74a9e015-b5bf-4c04-b26e-96b52d33fce3,c3,None,1132,?,x8,
1769497040.7219737,FORWARDED,f1897532-09c8-41da-9b99-e2923237fe88,74a9e015-b5bf-4c04-b26e-96b52d33fce3,c3,None,1132,?,x8,
1769497040.9386916,RECEIVED,406ab978-07c9-4887-847c-268877929d1e,21a63d7c-135a-4d52-a5bc-cd7534320c20,c3,None,1596,e8,?,
1769497041.093368,RECEIVED,f862fe6d-6775-4928-8e7d-acfa8d9a25cc,4afd41ce-5645-471c-b1d9-5b991811a8d1,c5,c2,1781,e8,?,
1769497041.2676828,RECEIVED,513fa9c3-8802-4ef2-ae91-0eb70e9971b9,a0acb226-5f59-48b3-8b6d-734be51560a1,c4,c3,1767,e6,?,
1769497041.3299553,SENT,406ab978-07c9-4887-847c-268877929d1e,21a63d7c-135a-4d52-a5bc-cd7534320c20,c3,None,1123,?,x9,
1769497041.329993,FORWARDED,406ab978-07c9-4887-847c-268877929d1e,21a63d7c-135a-4d52-a5bc-cd7534320c20,c3,None,1123,?,x9,
1769497041.5694213,SENT,f862fe6d-6775-4928-8e7d-acfa8d9a25cc,4afd41ce-5645-471c-b1d9-5b991811a8d1,c5,c2,1261,?,x10,
1769497041.569464,FORWARDED,f862fe6d-6775-4928-8e7d-acfa8d9a25cc,4afd41ce-5645-471c-b1d9-5b991811a8d1,c5,c2,1261,?,x10,
1769497042.0037868,SENT,513fa9c3-8802-4ef2-ae91-0eb70e9971b9,a0acb226-5f59-48b3-8b6d-734be51560a1,c4,c3,1252,?,x7,
1769497042.0038297,FORWARDED,513fa9c3-8802-4ef2-ae91-0eb70e9971b9,a0acb226-5f59-48b3-8b6d-734be51560a1,c4,c3,1252,?,x7,
1769497043.2030072,RECEIVED,936cca67-c55f-427c-bf26-970e03cd07d4,780236cb-6e23-4870-8f08-e6d73ddd5eb8,c2,None,1597,e6,?,
1769497043.5369925,SENT,936cca67-c55f-427c-bf26-970e03cd07d4,780236cb-6e23-4870-8f08-e6d73ddd5eb8,c2,None,1124,?,x11,
1769497043.5370324,FORWARDED,936cca67-c55f-427c-bf26-970e03cd07d4,780236cb-6e23-4870-8f08-e6d73ddd5eb8,c2,None,1124,?,x11,
1769497044.219594,RECEIVED,b1540238-1b66-4952-b81d-0cdfefc9daa4,458a53fc-7310-453b-9005-871258a485cd,c4,c3,1763,e12,?,
1769497044.2524972,RECEIVED,509a528a-9faf-4b00-9f62-6d1324e8e169,8fff2774-d44c-4002-93d0-0834bb0f7785,c2,c3,1776,e5,?,
1769497044.5995722,SENT,509a528a-9faf-4b00-9f62-6d1324e8e169,8fff2774-d44c-4002-93d0-0834bb0f7785,c2,c3,1258,?,x2,
1769497044.5996125,FORWARDED,509a528a-9faf-4b00-9f62-6d1324e8e169,8fff2774-d44c-4002-93d0-0834bb0f7785,c2,c3,1258,?,x2,
1769497044.8214316,SENT,b1540238-1b66-4952-b81d-0cdfefc9daa4,458a53fc-7310-453b-9005-871258a485cd,c4,c3,1251,?,x1,
1769497044.8214743,FORWARDED,b1540238-1b66-4952-b81d-0cdfefc9daa4,458a53fc-7310-453b-9005-871258a485cd,c4,c3,1251,?,x1,
1769497045.0726018,RECEIVED,17f394cd-e3bb-4b34-86c2-0b330533dc77,c8b1cd2f-22d0-43e0-86e0-94a398c74931,c2,None,1608,e2,?,
1769497045.2960591,RECEIVED,431a894d-53d7-43d2-b234-b97883c1bb81,42b98132-cbee-49c3-8fa8-368914d29b12,c2,c3,1764,e2,?,
1769497045.3400123,SENT,17f394cd-e3bb-4b34-86c2-0b330533dc77,c8b1cd2f-22d0-43e0-86e0-94a398c74931,c2,None,1132,?,x7,
1769497045.3400674,FORWARDED,17f394cd-e3bb-4b34-86c2-0b330533dc77,c8b1cd2f-22d0-43e0-86e0-94a398c74931,c2,None,1132,?,x7,
1769497045.3991833,FORWARDED,431a894d-53d7-43d2-b234-b97883c1bb81,42b98132-cbee-49c3-8fa8-368914d29b12,c2,c3,1251,?,x6,
1769497046.673913,RECEIVED,0f28ad8c-45ba-4cf4-bc3b-e501d887ed5a,94e3dffc-e04a-4b63-a3d6-1a4d1d978ee5,c3,None,1599,e7,?,
1769497046.9243138,RECEIVED,95eb7bec-28b8-4a1e-994e-9b495e81ecfb,7aee5e47-c973-485b-8e69-7b3c93992a70,c5,c2,1776,e12,?,
1769497047.292899,SENT,95eb7bec-28b8-4a1e-994e-9b495e81ecfb,7aee5e47-c973-485b-8e69-7b3c93992a70,c5,c2,1259,?,x5,
1769497047.2929387,FORWARDED,95eb7bec-28b8-4a1e-994e-9b495e81ecfb,7aee5e47-c973-485b-8e69-7b3c93992a70,c5,c2,1259,?,x5,
1769497047.3229952,RECEIVED,d7c9169e-60fd-4bbd-97b5-72dc582e11e2,c3b2e404-1282-403f-aa7e-d63262d0d5da,c5,None,1595,e9,?,
1769497047.377737,RECEIVED,087fcf9f-1a4f-4c4f-b008-47f6f3006dcd,9127dc35-87c1-490d-8ece-bfa4eaaefea0,c2,c3,1775,e2,?,
1769497047.5031433,SENT,d7c9169e-60fd-4bbd-97b5-72dc582e11e2,c3b2e404-1282-403f-aa7e-d63262d0d5da,c5,None,1123,?,x3,
1769497047.5031881,FORWARDED,d7c9169e-60fd-4bbd-97b5-72dc582e11e2,c3b2e404-1282-403f-aa7e-d63262d0d5da,c5,None,1123,?,x3,
1769497047.565791,SENT,087fcf9f-1a4f-4c4f-b008-47f6f3006dcd,9127dc35-87c1-490d-8ece-bfa4eaaefea0,c2,c3,1260,?,x5,
1769497047.5658329,FORWARDED,087fcf9f-1a4f-4c4f-b008-47f6f3006dcd,9127dc35-87c1-490d-8ece-bfa4eaaefea0,c2,c3,1260,?,x5,
1769497047.6631522,SENT,0f28ad8c-45ba-4cf4-bc3b-e501d887ed5a,94e3dffc-e04a-4b63-a3d6-1a4d1d978ee5,c3,None,1127,?,x5,
1769497047.6632361,FORWARDED,0f28ad8c-45ba-4cf4-bc3b-e501d887ed5a,94e3dffc-e04a-4b63-a3d6-1a4d1d978ee5,c3,None,1127,?,x5,
1769497047.9375026,RECEIVED,f4615f1f-4667-476a-ac63-1c699656e605,6eab16c7-f153-4f0b-af8c-b89714b99f3d,c3,None,1604,e9,?,
1769497048.1982198,SENT,f4615f1f-4667-476a-ac63-1c699656e605,6eab16c7-f153-4f0b-af8c-b89714b99f3d,c3,None,1131,?,x2,
1769497048.198263,FORWARDED,f4615f1f-4667-476a-ac63-1c699656e605,6eab16c7-f153-4f0b-af8c-b89714b99f3d,c3,None,1131,?,x2,
1769497048.4965796,RECEIVED,7fd80763-5b2c-4975-8afb-11787b38f597,940b29d9-3acb-47c2-bb26-81fc53f93271,c3,c5,1768,e9,?,
1769497048.6861691,SENT,7fd80763-5b2c-4975-8afb-11787b38f597,940b29d9-3acb-47c2-bb26-81fc53f93271,c3,c5,1252,?,x1,
1769497048.6862404,FORWARDED,7fd80763-5b2c-4975-8afb-11787b38f597,940b29d9-3acb-47c2-bb26-81fc53f93271,c3,c5,1252,?,x1,
1769497048.8010778,RECEIVED,2ff3eeff-9b2d-4354-b26a-07fa98eb8c25,2508f9d4-b482-4795-b7f6-57dfad53b774,c3,None,1603,e8,?,
1769497048.8223112,RECEIVED,487b68a8-57b1-46e3-a4a3-b55c09d13e60,064b20f7-bbc4-44a8-9ad7-ee01041b9b9a,c3,None,1603,e8,?,
1769497048.892975,RECEIVED,10ba765d-373e-46e9-aab9-7bc80677f53b,bd534b6c-dca7-40d3-b254-eb2947921e49,c3,None,1605,e9,?,
1769497048.9959052,RECEIVED,2d82da32-cbf9-466d-9038-2ff61f6476ed,a3004cad-e12b-41fa-a975-4b2170facc76,c3,None,1603,e10,?,
1769497049.3393564,SENT,10ba765d-373e-46e9-aab9-7bc80677f53b,bd534b6c-dca7-40d3-b254-eb2947921e49,c3,None,1131,?,x10,
1769497049.3393981,FORWARDED,10ba765d-373e-46e9-aab9-7bc80677f53b,bd534b6c-dca7-40d3-b254-eb2947921e49,c3,None,1131,?,x10,
1769497049.7382507,RECEIVED,9dfed171-7e19-47d1-8512-d53f54fcc7c7,993cd37d-108f-41d3-a96f-0f2862f15f29,c3,None,1595,e11,?,
1769497049.7690082,SENT,487b68a8-57b1-46e3-a4a3-b55c09d13e60,064b20f7-bbc4-44a8-9ad7-ee01041b9b9a,c3,None,1131,?,x8,
1769497049.7692215,FORWARDED,487b68a8-57b1-46e3-a4a3-b55c09d13e60,064b20f7-bbc4-44a8-9ad7-ee01041b9b9a,c3,None,1131,?,x8,
1769497049.8885126,SENT,2ff3eeff-9b2d-4354-b26a-07fa98eb8c25,2508f9d4-b482-4795-b7f6-57dfad53b774,c3,None,1131,?,x9,
1769497049.888557,FORWARDED,2ff3eeff-9b2d-4354-b26a-07fa98eb8c25,2508f9d4-b482-4795-b7f6-57dfad53b774,c3,None,1131,?,x9,
1769497049.8951561,RECEIVED,5c9e2d93-3c8f-42bb-8d62-a496827703e9,595873fa-be36-4d41-96e8-26ee6039d54f,c5,None,1600,e11,?,
1769497049.934387,SENT,2d82da32-cbf9-466d-9038-2ff61f6476ed,a3004cad-e12b-41fa-a975-4b2170facc76,c3,None,1131,?,x4,
1769497049.934431,FORWARDED,2d82da32-cbf9-466d-9038-2ff61f6476ed,a3004cad-e12b-41fa-a975-4b2170facc76,c3,None,1131,?,x4,
1769497050.344786,SENT,5c9e2d93-3c8f-42bb-8d62-a496827703e9,595873fa-be36-4d41-96e8-26ee6039d54f,c5,None,1127,?,x7,
1769497050.344829,FORWARDED,5c9e2d93-3c8f-42bb-8d62-a496827703e9,595873fa-be36-4d41-96e8-26ee6039d54f,c5,None,1127,?,x7,
1769497050.805214,SENT,9dfed171-7e19-47d1-8512-d53f54fcc7c7,993cd37d-108f-41d3-a96f-0f2862f15f29,c3,None,1124,?,x5,
1769497050.80527,FORWARDED,9dfed171-7e19-47d1-8512-d53f54fcc7c7,993cd37d-108f-41d3-a96f-0f2862f15f29,c3,None,1124,?,x5,
1769497051.3053012,RECEIVED,6342a1e0-1fbf-4cf2-a09f-9b56fc9fdbd5,88e7cd3a-75ba-45f5-8386-45d80dcba47b,c3,None,1595,e8,?,
1769497051.3686092,RECEIVED,4e6e8818-d0d1-42d7-9280-ab7b957abe58,1727ff83-5d05-46d7-bc54-b8c57fffe91b,c3,None,1604,e7,?,
1769497051.4852304,RECEIVED,5545b6ca-b73f-46f4-b59a-4d66e6015d05,098da43c-7039-4210-a9ce-b83ed51943c3,c2,None,1593,e3,?,
1769497051.4936888,SENT,4e6e8818-d0d1-42d7-9280-ab7b957abe58,1727ff83-5d05-46d7-bc54-b8c57fffe91b,c3,None,1131,?,x5,
1769497051.4937365,FORWARDED,4e6e8818-d0d1-42d7-9280-ab7b957abe58,1727ff83-5d05-46d7-bc54-b8c57fffe91b,c3,None,1131,?,x5,
1769497051.5112221,SENT,5545b6ca-b73f-46f4-b59a-4d66e6015d05,098da43c-7039-4210-a9ce-b83ed51943c3,c2,None,1122,?,x4,
1769497051.5112658,FORWARDED,5545b6ca-b73f-46f4-b59a-4d66e6015d05,098da43c-7039-4210-a9ce-b83ed51943c3,c2,None,1122,?,x4,
1769497051.6885378,SENT,6342a1e0-1fbf-4cf2-a09f-9b56fc9fdbd5,88e7cd3a-75ba-45f5-8386-45d80dcba47b,c3,None,1123,?,x8,
1769497051.6885889,FORWARDED,6342a1e0-1fbf-4cf2-a09f-9b56fc9fdbd5,88e7cd3a-75ba-45f5-8386-45d80dcba47b,c3,None,1123,?,x8,
1769497051.83468,RECEIVED,237de74a-a3f5-416c-8471-701eb5338aba,393139ef-686f-4742-8f7a-b62412dad2a9,c4,c3,1771,e8,?,
1769497052.345674,RECEIVED,11644344-a863-4063-8f77-96990a601468,de40869b-49fa-48dc-86f8-9726c6b62962,c1,c3,1772,e6,?,
1769497052.3968844,RECEIVED,d72697b2-bce7-47ee-8dd2-6c1e70e8b24b,9a3361b1-c630-400a-9f56-38d0e33027a8,c1,c3,1776,e9,?,
1769497052.4436698,SENT,11644344-a863-4063-8f77-96990a601468,de40869b-49fa-48dc-86f8-9726c6b62962,c1,c3,1257,?,x12,
1769497052.443719,FORWARDED,11644344-a863-4063-8f77-96990a601468,de40869b-49fa-48dc-86f8-9726c6b62962,c1,c3,1257,?,x12,
1769497052.6338253,SENT,237de74a-a3f5-416c-8471-701eb5338aba,393139ef-686f-4742-8f7a-b62412dad2a9,c4,c3,1256,?,x7,
1769497052.633871,FORWARDED,237de74a-a3f5-416c-8471-701eb5338aba,393139ef-686f-4742-8f7a-b62412dad2a9,c4,c3,1256,?,x7,
1769497052.7150564,FORWARDED,d72697b2-bce7-47ee-8dd2-6c1e70e8b24b,9a3361b1-c630-400a-9f56-38d0e33027a8,c1,c3,1259,?,x6,
1769497052.7416654,RECEIVED,887d9e16-bab0-4528-9868-5511e1a11504,5f158d21-f9b6-4aed-9937-b67e5f236258,c3,None,1599,e7,?,
1769497053.2308547,RECEIVED,54b19dba-2e30-48a0-883a-6506c786d116,ffe6f671-38bd-48b1-ba73-69a267f9a923,c5,c2,1783,e11,?,
1769497053.7727714,FORWARDED,54b19dba-2e30-48a0-883a-6506c786d116,ffe6f671-38bd-48b1-ba73-69a267f9a923,c5,c2,1264,?,x6,
1769497053.9808655,SENT,887d9e16-bab0-4528-9868-5511e1a11504,5f158d21-f9b6-4aed-9937-b67e5f236258,c3,None,1127,?,x8,
1769497053.9809203,FORWARDED,887d9e16-bab0-4528-9868-5511e1a11504,5f158d21-f9b6-4aed-9937-b67e5f236258,c3,None,1127,?,x8,
1769497054.9207542,RECEIVED,5bf3a2dd-77cb-4b61-be74-56748fabadc0,742e4ebe-271f-4d39-a6a3-7c995bde8549,c3,None,1607,e11,?,
1769497055.245165,RECEIVED,2c51bbd9-5be2-4c44-8611-8a789474f796,e935d2d3-a928-4b04-ab3a-6d40675c9098,c5,c2,1788,e10,?,
1769497055.4162688,RECEIVED,79a1f661-07f4-4992-a38c-b20aad5702de,4785cec4-01dc-4c2e-9672-a7ebd4316039,c3,None,1596,e7,?,
1769497055.4861805,SENT,79a1f661-07f4-4992-a38c-b20aad5702de,4785cec4-01dc-4c2e-9672-a7ebd4316039,c3,None,1123,?,x5,
1769497055.4862282,FORWARDED,79a1f661-07f4-4992-a38c-b20aad5702de,4785cec4-01dc-4c2e-9672-a7ebd4316039,c3,None,1123,?,x5,
1769497055.4992437,SENT,2c51bbd9-5be2-4c44-8611-8a789474f796,e935d2d3-a928-4b04-ab3a-6d40675c9098,c5,c2,1267,?,x9,
1769497055.4992929,FORWARDED,2c51bbd9-5be2-4c44-8611-8a789474f796,e935d2d3-a928-4b04-ab3a-6d40675c9098,c5,c2,1267,?,x9,
1769497055.6394153,SENT,5bf3a2dd-77cb-4b61-be74-56748fabadc0,742e4ebe-271f-4d39-a6a3-7c995bde8549,c3,None,1133,?,x1,
1769497055.6394575,FORWARDED,5bf3a2dd-77cb-4b61-be74-56748fabadc0,742e4ebe-271f-4d39-a6a3-7c995bde8549,c3,None,1133,?,x1,
1769497055.6720393,RECEIVED,32661917-162e-43f8-ab1c-c443d02ff0a8,78dae5be-7fec-43e8-a8ea-25c60292a92c,c1,c3,1770,e9,?,
1769497056.2733564,RECEIVED,fd150f53-304d-420d-a96b-6e051e45f16c,130e344a-70a6-49fb-bcb7-51a61f7806f9,c5,c2,1763,e9,?,
1769497056.6925948,SENT,fd150f53-304d-420d-a96b-6e051e45f16c,130e344a-70a6-49fb-bcb7-51a61f7806f9,c5,c2,1250,?,x4,
1769497056.692656,FORWARDED,fd150f53-304d-420d-a96b-6e051e45f16c,130e344a-70a6-49fb-bcb7-51a61f7806f9,c5,c2,1250,?,x4,
1769497056.9397297,SENT,32661917-162e-43f8-ab1c-c443d02ff0a8,78dae5be-7fec-43e8-a8ea-25c60292a92c,c1,c3,1255,?,x9,
1769497056.9397764,FORWARDED,32661917-162e-43f8-ab1c-c443d02ff0a8,78dae5be-7fec-43e8-a8ea-25c60292a92c,c1,c3,1255,?,x9,
1769497057.0705912,RECEIVED,4e898e9c-0326-4883-9986-0e84c266a422,67db0769-20dc-48d9-8640-502d3f6b5e5e,c3,None,1606,e11,?,
1769497057.5135674,RECEIVED,2807b5b4-559b-4a28-82ac-75410e2f4a97,49d94291-ef0c-4595-9327-2033530725e0,c3,None,1614,e12,?,
1769497057.5731785,SENT,2807b5b4-559b-4a28-82ac-75410e2f4a97,49d94291-ef0c-4595-9327-2033530725e0,c3,None,1137,?,x10,
1769497057.5732243,FORWARDED,2807b5b4-559b-4a28-82ac-75410e2f4a97,49d94291-ef0c-4595-9327-2033530725e0,c3,None,1137,?,x10,
1769497058.0157187,SENT,4e898e9c-0326-4883-9986-0e84c266a422,67db0769-20dc-48d9-8640-502d3f6b5e5e,c3,None,1132,?,x2,
1769497058.0157666,FORWARDED,4e898e9c-0326-4883-9986-0e84c266a422,67db0769-20dc-48d9-8640-502d3f6b5e5e,c3,None,1132,?,x2,
1769497058.0957115,RECEIVED,77544305-adea-43b9-b2fe-54466e6a5269,b31c7cea-3a4c-4eb4-8685-89a368474c73,c5,c2,1767,e7,?,
1769497058.3687727,RECEIVED,ac58ecec-de0e-4efa-8755-a1431ed19ae0,106a15a4-a23e-42b2-9630-0b0f5e4d41b7,c3,None,1613,e11,?,
1769497058.3979478,SENT,ac58ecec-de0e-4efa-8755-a1431ed19ae0,106a15a4-a23e-42b2-9630-0b0f5e4d41b7,c3,None,1135,?,x5,
1769497058.39799,FORWARDED,ac58ecec-de0e-4efa-8755-a1431ed19ae0,106a15a4-a23e-42b2-9630-0b0f5e4d41b7,c3,None,1135,?,x5,
1769497058.4281938,RECEIVED,9a4039db-9123-4a34-8685-6c2254c7ecf3,129a831a-a599-4614-8e16-3465206495d1,c3,None,1604,e9,?,
1769497058.5290272,RECEIVED,581afd42-afe5-469c-97b7-1423a4ea7fd2,2078ba03-0d1f-4347-8ecf-c44029b47bad,c2,None,1604,e10,?,
1769497058.5881572,SENT,77544305-adea-43b9-b2fe-54466e6a5269,b31c7cea-3a4c-4eb4-8685-89a368474c73,c5,c2,1252,?,x1,
1769497058.5881987,FORWARDED,77544305-adea-43b9-b2fe-54466e6a5269,b31c7cea-3a4c-4eb4-8685-89a368474c73,c5,c2,1252,?,x1,
1769497058.7481418,SENT,9a4039db-9123-4a34-8685-6c2254c7ecf3,129a831a-a599-4614-8e16-3465206495d1,c3,None,1131,?,x11,
1769497058.7481859,FORWARDED,9a4039db-9123-4a34-8685-6c2254c7ecf3,129a831a-a599-4614-8e16-3465206495d1,c3,None,1131,?,x11,
1769497058.7561269,RECEIVED,7d9b49e3-5528-456b-bed7-a54585906bed,42d82698-5177-4dcb-942d-07f5573007c0,c3,c5,1771,e6,?,
1769497058.860785,SENT,581afd42-afe5-469c-97b7-1423a4ea7fd2,2078ba03-0d1f-4347-8ecf-c44029b47bad,c2,None,1131,?,x7,
1769497058.8608282,FORWARDED,581afd42-afe5-469c-97b7-1423a4ea7fd2,2078ba03-0d1f-4347-8ecf-c44029b47bad,c2,None,1131,?,x7,
1769497059.2422137,RECEIVED,fdefb404-0523-421c-9821-ae9a5b2ac98f,e02db8c0-a725-43dd-b2bc-3c71ee2b39b8,c1,c3,1780,e9,?,
1769497059.5553625,SENT,7d9b49e3-5528-456b-bed7-a54585906bed,42d82698-5177-4dcb-942d-07f5573007c0,c3,c5,1256,?,x3,
1769497059.5554144,FORWARDED,7d9b49e3-5528-456b-bed7-a54585906bed,42d82698-5177-4dcb-942d-07f5573007c0,c3,c5,1256,?,x3,
1769497060.027523,SENT,fdefb404-0523-421c-9821-ae9a5b2ac98f,e02db8c0-a725-43dd-b2bc-3c71ee2b39b8,c1,c3,1263,?,x10,
1769497060.0275733,FORWARDED,fdefb404-0523-421c-9821-ae9a5b2ac98f,e02db8c0-a725-43dd-b2bc-3c71ee2b39b8,c1,c3,1263,?,x10,
1769497060.2029014,RECEIVED,ee48d657-e7a1-44df-b438-87416f2320c8,c8d80de9-985a-4495-ae33-6391d4fdec78,c5,None,1601,e1,?,
1769497060.8025308,RECEIVED,f9a9646c-ea39-4d9b-88cb-34f9c1d341a5,4788afc8-2630-462c-a71a-41f38c358156,c3,c5,1776,e9,?,
1769497060.8129203,RECEIVED,a7f8f004-cfb4-44f8-9801-fb3f217d9266,d492984e-6727-4abc-af1d-0f5bbeb035cc,c4,c3,1780,e2,?,
1769497061.2870367,SENT,f9a9646c-ea39-4d9b-88cb-34f9c1d341a5,4788afc8-2630-462c-a71a-41f38c358156,c3,c5,1259,?,x10,
1769497061.2871075,FORWARDED,f9a9646c-ea39-4d9b-88cb-34f9c1d341a5,4788afc8-2630-462c-a71a-41f38c358156,c3,c5,1259,?,x10,
1769497061.3277638,SENT,a7f8f004-cfb4-44f8-9801-fb3f217d9266,d492984e-6727-4abc-af1d-0f5bbeb035cc,c4,c3,1263,?,x12,
1769497061.3278139,FORWARDED,a7f8f004-cfb4-44f8-9801-fb3f217d9266,d492984e-6727-4abc-af1d-0f5bbeb035cc,c4,c3,1263,?,x12,
1769497061.7349677,RECEIVED,a803c3dc-0371-4ab9-bc94-5a7cfe93dacf,f4bace3b-1b4e-4f2b-8196-74a0e103b5cc,c1,c3,1767,e6,?,
1769497061.8696494,RECEIVED,d8817517-1fc4-4483-a196-453ce9713304,8c746e12-d883-4197-94b2-2daadd625ba2,c2,None,1603,e10,?,
1769497061.9299414,SENT,d8817517-1fc4-4483-a196-453ce9713304,8c746e12-d883-4197-94b2-2daadd625ba2,c2,None,1131,?,x3,
1769497061.9299834,FORWARDED,d8817517-1fc4-4483-a196-453ce9713304,8c746e12-d883-4197-94b2-2daadd625ba2,c2,None,1131,?,x3,
1769497062.161474,SENT,ee48d657-e7a1-44df-b438-87416f2320c8,c8d80de9-985a-4495-ae33-6391d4fdec78,c5,None,1131,?,x4,
1769497062.1615143,FORWARDED,ee48d657-e7a1-44df-b438-87416f2320c8,c8d80de9-985a-4495-ae33-6391d4fdec78,c5,None,1131,?,x4,
1769497062.6579158,RECEIVED,bb18ddeb-e1f0-483f-b96e-5d9e8ab0375a,9b9de5fa-7e2a-4d62-8837-1bd522a63e1b,c2,None,1603,e2,?,
1769497062.6797032,SENT,a803c3dc-0371-4ab9-bc94-5a7cfe93dacf,f4bace3b-1b4e-4f2b-8196-74a0e103b5cc,c1,c3,1252,?,x2,
1769497062.679743,FORWARDED,a803c3dc-0371-4ab9-bc94-5a7cfe93dacf,f4bace3b-1b4e-4f2b-8196-74a0e103b5cc,c1,c3,1252,?,x2,
1769497062.8537407,RECEIVED,496ecd52-3a5f-4273-8e85-98ca87419d47,8f563488-d914-4a14-95be-80fd59e53a50,c5,c2,1777,e5,?,
1769497062.976526,SENT,496ecd52-3a5f-4273-8e85-98ca87419d47,8f563488-d914-4a14-95be-80fd59e53a50,c5,c2,1259,?,x12,
1769497062.9765675,FORWARDED,496ecd52-3a5f-4273-8e85-98ca87419d47,8f563488-d914-4a14-95be-80fd59e53a50,c5,c2,1259,?,x12,
1769497063.2191503,SENT,bb18ddeb-e1f0-483f-b96e-5d9e8ab0375a,9b9de5fa-7e2a-4d62-8837-1bd522a63e1b,c2,None,1129,?,x4,
1769497063.2192342,FORWARDED,bb18ddeb-e1f0-483f-b96e-5d9e8ab0375a,9b9de5fa-7e2a-4d62-8837-1bd522a63e1b,c2,None,1129,?,x4,
1769497063.4632883,RECEIVED,5c9e1314-eb36-48fe-829d-f67e106d4758,33b2af05-8bd0-467b-b1d6-20b72e50cf04,c3,None,1608,e5,?,
1769497064.4130213,SENT,5c9e1314-eb36-48fe-829d-f67e106d4758,33b2af05-8bd0-467b-b1d6-20b72e50cf04,c3,None,1132,?,x10,
1769497064.4131098,FORWARDED,5c9e1314-eb36-48fe-829d-f67e106d4758,33b2af05-8bd0-467b-b1d6-20b72e50cf04,c3,None,1132,?,x10,
1769497064.577632,RECEIVED,53bec373-fbd3-48ea-9a21-00340b7803a0,2487fe0c-8a5e-4b21-a6b4-159ed2e93181,c2,None,1596,e7,?,
1769497064.831883,RECEIVED,f571eb05-0ed9-4442-afb9-3a71f8805a3f,493b069a-8e05-482d-9e9a-0756c9fbecee,c3,None,1595,e2,?,
1769497064.8844543,SENT,53bec373-fbd3-48ea-9a21-00340b7803a0,2487fe0c-8a5e-4b21-a6b4-159ed2e93181,c2,None,1124,?,x8,
1769497064.8845012,FORWARDED,53bec373-fbd3-48ea-9a21-00340b7803a0,2487fe0c-8a5e-4b21-a6b4-159ed2e93181,c2,None,1124,?,x8,
1769497064.932235,RECEIVED,8fbdae59-ab09-4a05-8e66-6b68c11b63c6,9c2c7a9e-96fa-46e2-9bd1-f0c377487683,c3,c5,1775,e12,?,
1769497065.149085,RECEIVED,7d8840da-b70f-4cef-91c9-b6395907c8bb,cb0b9905-3ba0-4707-8ccf-58fffe97164f,c2,c3,1784,e5,?,
1769497065.1500998,SENT,8fbdae59-ab09-4a05-8e66-6b68c11b63c6,9c2c7a9e-96fa-46e2-9bd1-f0c377487683,c3,c5,1259,?,x1,
1769497065.1501393,FORWARDED,8fbdae59-ab09-4a05-8e66-6b68c11b63c6,9c2c7a9e-96fa-46e2-9bd1-f0c377487683,c3,c5,1259,?,x1,
1769497065.1861918,RECEIVED,207fdf4f-d580-4a9b-bcf0-00bc4cf52eab,63c669c9-0e8a-49e7-90a3-f3c445d5d8e0,c3,c5,1766,e11,?,
1769497065.2593365,FORWARDED,f571eb05-0ed9-4442-afb9-3a71f8805a3f,493b069a-8e05-482d-9e9a-0756c9fbecee,c3,None,1124,?,x6,
1769497065.358466,RECEIVED,e5c56928-6987-4eb7-ba91-0a100182408c,35c970c2-5162-47d6-b70a-2e047178afdc,c1,c3,1785,e11,?,
1769497065.3909047,SENT,e5c56928-6987-4eb7-ba91-0a100182408c,35c970c2-5162-47d6-b70a-2e047178afdc,c1,c3,1264,?,x3,
1769497065.3909469,FORWARDED,e5c56928-6987-4eb7-ba91-0a100182408c,35c970c2-5162-47d6-b70a-2e047178afdc,c1,c3,1264,?,x3,
1769497065.6330433,SENT,7d8840da-b70f-4cef-91c9-b6395907c8bb,cb0b9905-3ba0-4707-8ccf-58fffe97164f,c2,c3,1264,?,x5,
1769497065.633263,FORWARDED,7d8840da-b70f-4cef-91c9-b6395907c8bb,cb0b9905-3ba0-4707-8ccf-58fffe97164f,c2,c3,1264,?,x5,
1769497066.376642,SENT,207fdf4f-d580-4a9b-bcf0-00bc4cf52eab,63c669c9-0e8a-49e7-90a3-f3c445d5d8e0,c3,c5,1252,?,x7,
1769497066.3766923,FORWARDED,207fdf4f-d580-4a9b-bcf0-00bc4cf52eab,63c669c9-0e8a-49e7-90a3-f3c445d5d8e0,c3,c5,1252,?,x7,
1769497066.492158,RECEIVED,b72a14ce-727f-48dc-9e54-28665830578b,f36724e6-034c-4a84-ad34-cdb494af889e,c3,None,1608,e6,?,
1769497066.507395,RECEIVED,c9936abe-3b3f-4e17-b5d0-0aeffe0e6364,c4726da8-931d-45f2-a567-83d6bfbe9159,c4,c3,1773,e12,?,
1769497066.6123402,SENT,c9936abe-3b3f-4e17-b5d0-0aeffe0e6364,c4726da8-931d-45f2-a567-83d6bfbe9159,c4,c3,1255,?,x10,
1769497066.6124387,FORWARDED,c9936abe-3b3f-4e17-b5d0-0aeffe0e6364,c4726da8-931d-45f2-a567-83d6bfbe9159,c4,c3,1255,?,x10,
1769497066.765221,RECEIVED,e2325043-ef04-4d85-8085-7419c7fa466d,26489718-000c-48c1-8b1d-42473fbb97b4,c3,None,1595,e1,?,
1769497066.9483576,SENT,b72a14ce-727f-48dc-9e54-28665830578b,f36724e6-034c-4a84-ad34-cdb494af889e,c3,None,1132,?,x9,
1769497066.9484165,FORWARDED,b72a14ce-727f-48dc-9e54-28665830578b,f36724e6-034c-4a84-ad34-cdb494af889e,c3,None,1132,?,x9,
1769497067.6607769,RECEIVED,6459b87b-0b33-4c7c-997d-ddc399972240,3b1d4e08-c87c-430f-9844-90a833a6f08e,c5,None,1604,e9,?,
1769497067.751613,SENT,6459b87b-0b33-4c7c-997d-ddc399972240,3b1d4e08-c87c-430f-9844-90a833a6f08e,c5,None,1130,?,x9,
1769497067.7516782,FORWARDED,6459b87b-0b33-4c7c-997d-ddc399972240,3b1d4e08-c87c-430f-9844-90a833a6f08e,c5,None,1130,?,x9,
1769497067.813651,RECEIVED,b0ab97b1-6596-4577-b712-c1e5636f09e3,4336fe2f-c297-441d-b408-93e7fc014389,c3,None,1606,e11,?,
1769497068.0976617,SENT,b0ab97b1-6596-4577-b712-c1e5636f09e3,4336fe2f-c297-441d-b408-93e7fc014389,c3,None,1132,?,x4,
1769497068.097703,FORWARDED,b0ab97b1-6596-4577-b712-c1e5636f09e3,4336fe2f-c297-441d-b408-93e7fc014389,c3,None,1132,?,x4,
1769497068.374555,SENT,e2325043-ef04-4d85-8085-7419c7fa466d,26489718-000c-48c1-8b1d-42473fbb97b4,c3,None,1123,?,x5,
1769497068.3746614,FORWARDED,e2325043-ef04-4d85-8085-7419c7fa466d,26489718-000c-48c1-8b1d-42473fbb97b4,c3,None,1123,?,x5,
1769497068.5916586,RECEIVED,5e7aeb0a-d6f5-420f-a03a-a3e8a6e86d2b,dc9933db-2c46-4b84-b967-f92bdfccf9e8,c3,None,1596,e3,?,
1769497068.67101,SENT,5e7aeb0a-d6f5-420f-a03a-a3e8a6e86d2b,dc9933db-2c46-4b84-b967-f92bdfccf9e8,c3,None,1123,?,x7,
1769497068.6711495,FORWARDED,5e7aeb0a-d6f5-420f-a03a-a3e8a6e86d2b,dc9933db-2c46-4b84-b967-f92bdfccf9e8,c3,None,1123,?,x7,
1769497068.7439551,RECEIVED,893ec2bc-370e-489c-a59a-2d01c7c5eeb2,a7093a80-c347-4a53-be46-0e6f3abbbe2b,c3,c5,1780,e11,?,
1769497068.7618337,SENT,893ec2bc-370e-489c-a59a-2d01c7c5eeb2,a7093a80-c347-4a53-be46-0e6f3abbbe2b,c3,c5,1263,?,x7,
1769497068.761885,FORWARDED,893ec2bc-370e-489c-a59a-2d01c7c5eeb2,a7093a80-c347-4a53-be46-0e6f3abbbe2b,c3,c5,1263,?,x7,
1769497068.9393425,RECEIVED,07fb548a-f36c-4a8f-8279-72c49b07e199,e457b6b3-e271-455e-af3b-8b44d674985a,c2,None,1608,e11,?,
1769497069.2240963,RECEIVED,1e91d77d-1d75-4c69-acd4-8fdadd47f56e,c5353b7c-49c9-44a0-9102-4e2ba6e38d48,c4,c3,1765,e3,?,
1769497069.2757747,RECEIVED,bfe7468e-12ff-46cd-9278-4ee6814138d0,379ec7c5-d7c2-4861-af3f-cece5aa9b35e,c2,c3,1763,e7,?,
1769497069.3213522,SENT,07fb548a-f36c-4a8f-8279-72c49b07e199,e457b6b3-e271-455e-af3b-8b44d674985a,c2,None,1132,?,x1,
1769497069.3214114,FORWARDED,07fb548a-f36c-4a8f-8279-72c49b07e199,e457b6b3-e271-455e-af3b-8b44d674985a,c2,None,1132,?,x1,
1769497069.3745272,RECEIVED,8589a890-d6d4-455e-bb65-988dfa3ca4a1,e15910b5-3a87-43d6-bdb0-b67c52d17af3,c5,c2,1775,e5,?,
1769497069.396141,SENT,bfe7468e-12ff-46cd-9278-4ee6814138d0,379ec7c5-d7c2-4861-af3f-cece5aa9b35e,c2,c3,1251,?,x1,
1769497069.3961868,FORWARDED,bfe7468e-12ff-46cd-9278-4ee6814138d0,379ec7c5-d7c2-4861-af3f-cece5aa9b35e,c2,c3,1251,?,x1,
1769497069.6729712,SENT,1e91d77d-1d75-4c69-acd4-8fdadd47f56e,c5353b7c-49c9-44a0-9102-4e2ba6e38d48,c4,c3,1249,?,x10,
1769497069.6730154,FORWARDED,1e91d77d-1d75-4c69-acd4-8fdadd47f56e,c5353b7c-49c9-44a0-9102-4e2ba6e38d48,c4,c3,1249,?,x10,
1769497069.8409076,RECEIVED,e8740ed4-d1a2-4d8c-a459-4819d0521f33,e8a2cd2f-8363-4375-b087-c4ddbbfd9647,c5,None,1595,e10,?,
1769497069.9251142,RECEIVED,4d0fc20a-9d22-4c91-b3b6-0f53bf93f358,595dff67-4636-46f8-8f3e-2c44b0498527,c4,c3,1763,e11,?,
1769497070.2198222,RECEIVED,dda2c34a-bd5d-4d3c-a711-482a084d5bb6,7094bf62-c042-41d8-984f-54ddd4e9c9cc,c4,c3,1771,e6,?,
1769497070.4980853,RECEIVED,b539f621-7ef5-46f9-a5e4-f46347a92182,56ab2d41-9b99-43bf-932c-2607b506a01f,c4,c3,1777,e9,?,
1769497070.5119295,SENT,8589a890-d6d4-455e-bb65-988dfa3ca4a1,e15910b5-3a87-43d6-bdb0-b67c52d17af3,c5,c2,1260,?,x5,
1769497070.5120049,FORWARDED,8589a890-d6d4-455e-bb65-988dfa3ca4a1,e15910b5-3a87-43d6-bdb0-b67c52d17af3,c5,c2,1260,?,x5,
1769497070.5792177,SENT,dda2c34a-bd5d-4d3c-a711-482a084d5bb6,7094bf62-c042-41d8-984f-54ddd4e9c9cc,c4,c3,1255,?,x8,
1769497070.5793386,FORWARDED,dda2c34a-bd5d-4d3c-a711-482a084d5bb6,7094bf62-c042-41d8-984f-54ddd4e9c9cc,c4,c3,1255,?,x8,
1769497070.6491182,SENT,e8740ed4-d1a2-4d8c-a459-4819d0521f33,e8a2cd2f-8363-4375-b087-c4ddbbfd9647,c5,None,1123,?,x3,
1769497070.6491842,FORWARDED,e8740ed4-d1a2-4d8c-a459-4819d0521f33,e8a2cd2f-8363-4375-b087-c4ddbbfd9647,c5,None,1123,?,x3,
1769497070.7213576,SENT,4d0fc20a-9d22-4c91-b3b6-0f53bf93f358,595dff67-4636-46f8-8f3e-2c44b0498527,c4,c3,1251,?,x3,
1769497070.7214,FORWARDED,4d0fc20a-9d22-4c91-b3b6-0f53bf93f358,595dff67-4636-46f8-8f3e-2c44b0498527,c4,c3,1251,?,x3,
1769497070.9349613,SENT,b539f621-7ef5-46f9-a5e4-f46347a92182,56ab2d41-9b99-43bf-932c-2607b506a01f,c4,c3,1259,?,x11,
1769497070.935002,FORWARDED,b539f621-7ef5-46f9-a5e4-f46347a92182,56ab2d41-9b99-43bf-932c-2607b506a01f,c4,c3,1259,?,x11,
1769497071.2312446,RECEIVED,e4220fef-832a-4a9c-8ec8-d943c75c645a,4e5fc6a8-f24f-434c-abe4-492b4bd01325,c4,c3,1783,e5,?,
1769497071.4349442,FORWARDED,e4220fef-832a-4a9c-8ec8-d943c75c645a,4e5fc6a8-f24f-434c-abe4-492b4bd01325,c4,c3,1264,?,x6,
1769497071.5021272,RECEIVED,de47919d-772d-49bb-a8ce-96b1a6ef7742,d45689d5-e3db-4930-8303-decef8e575af,c1,c3,1776,e11,?,
1769497071.6099656,FORWARDED,de47919d-772d-49bb-a8ce-96b1a6ef7742,d45689d5-e3db-4930-8303-decef8e575af,c1,c3,1259,?,x6,
1769497071.7509003,RECEIVED,9b3014bc-53e2-457f-97ab-71f6806685c8,1fdc0c9a-4e17-43c0-a31e-4aa5a5ec0014,c3,None,1599,e2,?,
1769497071.79062,RECEIVED,c6b68347-29c6-4593-8089-75be61d1444f,528fb4d2-7f58-455d-96b7-aa3417fa9112,c2,None,1608,e10,?,
1769497072.0479257,RECEIVED,5830be85-f51e-42f6-bd06-12452d414249,12fa96f2-b5ef-46f0-b4b3-22fc4d63a27e,c3,None,1595,e9,?,
1769497072.1626086,SENT,9b3014bc-53e2-457f-97ab-71f6806685c8,1fdc0c9a-4e17-43c0-a31e-4aa5a5ec0014,c3,None,1127,?,x5,
1769497072.162668,FORWARDED,9b3014bc-53e2-457f-97ab-71f6806685c8,1fdc0c9a-4e17-43c0-a31e-4aa5a5ec0014,c3,None,1127,?,x5,
1769497072.3487542,SENT,5830be85-f51e-42f6-bd06-12452d414249,12fa96f2-b5ef-46f0-b4b3-22fc4d63a27e,c3,None,1123,?,x1,
1769497072.3488498,FORWARDED,5830be85-f51e-42f6-bd06-12452d414249,12fa96f2-b5ef-46f0-b4b3-22fc4d63a27e,c3,None,1123,?,x1,
1769497072.4556606,RECEIVED,d833a49e-4b30-429c-b118-ea4987765685,7e85f617-d8d9-4d97-8898-87c377e691fd,c3,None,1607,e2,?,
1769497072.5132818,RECEIVED,beaf853a-7ad3-4f96-9b48-b45b7b07c820,54cde84e-ff04-475d-bbf5-9ea617ef669f,c2,c3,1780,e10,?,
1769497072.5617352,RECEIVED,9614ce0b-810a-412d-9ef1-6414d96cdfb5,555718cf-3946-4f3a-9e4c-7a345187611b,c1,c3,1760,e8,?,
1769497072.6504807,SENT,9614ce0b-810a-412d-9ef1-6414d96cdfb5,555718cf-3946-4f3a-9e4c-7a345187611b,c1,c3,1248,?,x7,
1769497072.650532,FORWARDED,9614ce0b-810a-412d-9ef1-6414d96cdfb5,555718cf-3946-4f3a-9e4c-7a345187611b,c1,c3,1248,?,x7,
1769497072.678333,SENT,beaf853a-7ad3-4f96-9b48-b45b7b07c820,54cde84e-ff04-475d-bbf5-9ea617ef669f,c2,c3,1263,?,x1,
1769497072.6783752,FORWARDED,beaf853a-7ad3-4f96-9b48-b45b7b07c820,54cde84e-ff04-475d-bbf5-9ea617ef669f,c2,c3,1263,?,x1,
1769497073.1573727,SENT,c6b68347-29c6-4593-8089-75be61d1444f,528fb4d2-7f58-455d-96b7-aa3417fa9112,c2,None,1134,?,x10,
1769497073.1574152,FORWARDED,c6b68347-29c6-4593-8089-75be61d1444f,528fb4d2-7f58-455d-96b7-aa3417fa9112,c2,None,1134,?,x10,
1769497073.2247896,RECEIVED,557fab01-b3f5-48b5-a879-c5aded6e8079,1ae59322-f758-4995-91ab-6eb7ea76057c,c2,c3,1763,e3,?,
1769497073.2780583,RECEIVED,1647cf4a-ecbb-4a68-929e-4e3cc985dfb3,43f6b18d-626e-499b-966c-cc8586649a52,c2,c3,1775,e6,?,
1769497073.6880884,SENT,d833a49e-4b30-429c-b118-ea4987765685,7e85f617-d8d9-4d97-8898-87c377e691fd,c3,None,1132,?,x12,
1769497073.6881971,FORWARDED,d833a49e-4b30-429c-b118-ea4987765685,7e85f617-d8d9-4d97-8898-87c377e691fd,c3,None,1132,?,x12,
1769497073.7606401,SENT,557fab01-b3f5-48b5-a879-c5aded6e8079,1ae59322-f758-4995-91ab-6eb7ea76057c,c2,c3,1251,?,x7,
1769497073.7607036,FORWARDED,557fab01-b3f5-48b5-a879-c5aded6e8079,1ae59322-f758-4995-91ab-6eb7ea76057c,c2,c3,1251,?,x7,
1769497074.0565615,SENT,1647cf4a-ecbb-4a68-929e-4e3cc985dfb3,43f6b18d-626e-499b-966c-cc8586649a52,c2,c3,1259,?,x4,
1769497074.0566235,FORWARDED,1647cf4a-ecbb-4a68-929e-4e3cc985dfb3,43f6b18d-626e-499b-966c-cc8586649a52,c2,c3,1259,?,x4,
1769497074.0934484,RECEIVED,a90b6bce-7c24-41cf-b5d5-b1f64b033f75,8d862147-47e1-43f9-a917-d974a695db15,c5,c2,1767,e3,?,
1769497074.1761036,RECEIVED,75ddd14c-5d9a-4b98-aa10-8ea6c238baa7,972ceed0-548f-43b2-810d-56489c6e850a,c3,c5,1780,e10,?,
1769497074.392122,RECEIVED,e1cd7896-1740-47eb-bdf9-c6f7f712ec4b,55d6c4a9-6e5c-46a4-bd2d-e196fe21ea1e,c3,None,1599,e7,?,
1769497074.5108676,SENT,a90b6bce-7c24-41cf-b5d5-b1f64b033f75,8d862147-47e1-43f9-a917-d974a695db15,c5,c2,1252,?,x5,
1769497074.5109317,FORWARDED,a90b6bce-7c24-41cf-b5d5-b1f64b033f75,8d862147-47e1-43f9-a917-d974a695db15,c5,c2,1252,?,x5,
1769497074.5472097,SENT,75ddd14c-5d9a-4b98-aa10-8ea6c238baa7,972ceed0-548f-43b2-810d-56489c6e850a,c3,c5,1263,?,x10,
1769497074.5472722,FORWARDED,75ddd14c-5d9a-4b98-aa10-8ea6c238baa7,972ceed0-548f-43b2-810d-56489c6e850a,c3,c5,1263,?,x10,
1769497074.6129184,RECEIVED,2fc97000-549f-4d4a-bac3-b659df25c146,9778e80a-33de-4f29-b9e9-ed31fc1217ab,c5,c2,1775,e12,?,
1769497074.7576473,RECEIVED,14c23601-be8d-42bf-9d32-4118633855be,e42a7930-79ad-4542-ac29-42fe920b4541,c3,c5,1784,e10,?,
1769497074.8733952,RECEIVED,13a50826-9e73-47ac-9e03-ad7ee0a85cf0,a87ddcfc-043f-44e5-a1d3-3bd6d8e42fec,c5,c2,1780,e10,?,
1769497075.0114393,SENT,e1cd7896-1740-47eb-bdf9-c6f7f712ec4b,55d6c4a9-6e5c-46a4-bd2d-e196fe21ea1e,c3,None,1127,?,x8,
1769497075.0115075,FORWARDED,e1cd7896-1740-47eb-bdf9-c6f7f712ec4b,55d6c4a9-6e5c-46a4-bd2d-e196fe21ea1e,c3,None,1127,?,x8,
1769497075.0576231,RECEIVED,10bb9fa3-aae8-401d-9017-18f904e96cdb,33749163-7177-40ae-a13f-73c2bf786047,c2,None,1599,e8,?,
1769497075.2466428,RECEIVED,c8ac518a-2033-45f7-9e20-d27d1698496c,92c95749-ff1d-4187-9d01-328da7a77275,c2,c3,1771,e1,?,
1769497075.4695659,SENT,14c23601-be8d-42bf-9d32-4118633855be,e42a7930-79ad-4542-ac29-42fe920b4541,c3,c5,1265,?,x11,
1769497075.4696257,FORWARDED,14c23601-be8d-42bf-9d32-4118633855be,e42a7930-79ad-4542-ac29-42fe920b4541,c3,c5,1265,?,x11,
1769497075.651577,SENT,10bb9fa3-aae8-401d-9017-18f904e96cdb,33749163-7177-40ae-a13f-73c2bf786047,c2,None,1128,?,x8,
1769497075.6516912,FORWARDED,10bb9fa3-aae8-401d-9017-18f904e96cdb,33749163-7177-40ae-a13f-73c2bf786047,c2,None,1128,?,x8,
1769497075.898399,SENT,13a50826-9e73-47ac-9e03-ad7ee0a85cf0,a87ddcfc-043f-44e5-a1d3-3bd6d8e42fec,c5,c2,1263,?,x10,
1769497075.8984416,FORWARDED,13a50826-9e73-47ac-9e03-ad7ee0a85cf0,a87ddcfc-043f-44e5-a1d3-3bd6d8e42fec,c5,c2,1263,?,x10,
1769497075.9380388,SENT,2fc97000-549f-4d4a-bac3-b659df25c146,9778e80a-33de-4f29-b9e9-ed31fc1217ab,c5,c2,1260,?,x8,
1769497075.9381177,FORWARDED,2fc97000-549f-4d4a-bac3-b659df25c146,9778e80a-33de-4f29-b9e9-ed31fc1217ab,c5,c2,1260,?,x8,
1769497075.9579885,SENT,c8ac518a-2033-45f7-9e20-d27d1698496c,92c95749-ff1d-4187-9d01-328da7a77275,c2,c3,1256,?,x1,
1769497075.9580438,FORWARDED,c8ac518a-2033-45f7-9e20-d27d1698496c,92c95749-ff1d-4187-9d01-328da7a77275,c2,c3,1256,?,x1,
1769497076.2599134,RECEIVED,eeacb04b-8fc7-4ba0-8b52-bbbee14d031f,b397879f-f704-487e-85a7-494528aff951,c5,c2,1764,e2,?,
1769497076.4381564,RECEIVED,bcc5e064-1ca8-435c-ae70-809656a5389b,2e8994c8-41a3-4cf9-8664-1ee031f2e75b,c3,None,1597,e1,?,
1769497076.5534747,RECEIVED,5eeded9e-9b68-423d-9d5e-931f4e22f42f,9ad5e371-391f-4b02-bfb3-8e7b97a70a69,c4,c3,1779,e11,?,
1769497076.5665731,SENT,bcc5e064-1ca8-435c-ae70-809656a5389b,2e8994c8-41a3-4cf9-8664-1ee031f2e75b,c3,None,1123,?,x10,
1769497076.566631,FORWARDED,bcc5e064-1ca8-435c-ae70-809656a5389b,2e8994c8-41a3-4cf9-8664-1ee031f2e75b,c3,None,1123,?,x10,
1769497076.7853417,SENT,eeacb04b-8fc7-4ba0-8b52-bbbee14d031f,b397879f-f704-487e-85a7-494528aff951,c5,c2,1251,?,x12,
1769497076.7853959,FORWARDED,eeacb04b-8fc7-4ba0-8b52-bbbee14d031f,b397879f-f704-487e-85a7-494528aff951,c5,c2,1251,?,x12,
1769497076.8077452,FORWARDED,5eeded9e-9b68-423d-9d5e-931f4e22f42f,9ad5e371-391f-4b02-bfb3-8e7b97a70a69,c4,c3,1262,?,x6,
1769497076.8898034,RECEIVED,7a4e5c32-b5b1-4d6a-93f6-81a2b516ae22,b711c3a2-c341-4fd3-b68e-d3ae430eaf06,c4,c3,1771,e1,?,
1769497077.2301133,RECEIVED,08231d27-fa35-4856-8b9c-ea16fc77ce94,9236c570-ca40-4537-b0ff-1c4bccc7ab3d,c2,c3,1775,e11,?,
1769497077.5646548,RECEIVED,2c5fbb0a-abad-4209-83c5-54dab83d1267,6d9422f7-bd77-4060-8f87-5a521fe0f540,c3,None,1603,e8,?,
1769497077.780044,FORWARDED,7a4e5c32-b5b1-4d6a-93f6-81a2b516ae22,b711c3a2-c341-4fd3-b68e-d3ae430eaf06,c4,c3,1255,?,x6,
1769497077.9847777,RECEIVED,b69f6a97-0524-4c12-936a-cb6183e8a48b,fb3646a6-7800-4f6c-8ddc-db47fef3cc7d,c3,None,1600,e5,?,
1769497078.0823824,SENT,b69f6a97-0524-4c12-936a-cb6183e8a48b,fb3646a6-7800-4f6c-8ddc-db47fef3cc7d,c3,None,1127,?,x4,
1769497078.0824285,FORWARDED,b69f6a97-0524-4c12-936a-cb6183e8a48b,fb3646a6-7800-4f6c-8ddc-db47fef3cc7d,c3,None,1127,?,x4,
1769497078.3442326,SENT,2c5fbb0a-abad-4209-83c5-54dab83d1267,6d9422f7-bd77-4060-8f87-5a521fe0f540,c3,None,1131,?,x2,
1769497078.3442793,FORWARDED,2c5fbb0a-abad-4209-83c5-54dab83d1267,6d9422f7-bd77-4060-8f87-5a521fe0f540,c3,None,1131,?,x2,
1769497078.5110693,RECEIVED,b175b30a-c229-4f16-b796-c5b55bff5967,bc5e8597-0ea6-489f-a237-89940e8bb419,c3,None,1599,e7,?,
1769497078.718701,FORWARDED,08231d27-fa35-4856-8b9c-ea16fc77ce94,9236c570-ca40-4537-b0ff-1c4bccc7ab3d,c2,c3,1260,?,x6,
1769497079.093889,RECEIVED,e0c846c6-0249-4b5e-bea6-1be5e82cf7b2,04c13d8f-4273-4274-ac2a-13cdfe551392,c2,c3,1763,e6,?,
1769497079.6824324,RECEIVED,d7a1aa56-ad4d-494f-ae5f-e619b482cbe9,0c4f6441-4469-4407-acb4-f954a4a973b4,c3,None,1604,e6,?,
1769497079.7029176,RECEIVED,6318a081-1457-4b2a-b4c7-d9b8b100f04e,5687ab76-3493-4ef4-adc9-e2d17caf118f,c3,None,1596,e5,?,
1769497079.748813,SENT,b175b30a-c229-4f16-b796-c5b55bff5967,bc5e8597-0ea6-489f-a237-89940e8bb419,c3,None,1127,?,x3,
1769497079.7488732,FORWARDED,b175b30a-c229-4f16-b796-c5b55bff5967,bc5e8597-0ea6-489f-a237-89940e8bb419,c3,None,1127,?,x3,
1769497079.7711508,SENT,d7a1aa56-ad4d-494f-ae5f-e619b482cbe9,0c4f6441-4469-4407-acb4-f954a4a973b4,c3,None,1131,?,x3,
1769497079.7712033,FORWARDED,d7a1aa56-ad4d-494f-ae5f-e619b482cbe9,0c4f6441-4469-4407-acb4-f954a4a973b4,c3,None,1131,?,x3,
1769497080.0958145,SENT,e0c846c6-0249-4b5e-bea6-1be5e82cf7b2,04c13d8f-4273-4274-ac2a-13cdfe551392,c2,c3,1250,?,x5,
1769497080.0958676,FORWARDED,e0c846c6-0249-4b5e-bea6-1be5e82cf7b2,04c13d8f-4273-4274-ac2a-13cdfe551392,c2,c3,1250,?,x5,
1769497080.2021363,SENT,6318a081-1457-4b2a-b4c7-d9b8b100f04e,5687ab76-3493-4ef4-adc9-e2d17caf118f,c3,None,1124,?,x7,
1769497080.202191,FORWARDED,6318a081-1457-4b2a-b4c7-d9b8b100f04e,5687ab76-3493-4ef4-adc9-e2d17caf118f,c3,None,1124,?,x7,
1769497080.6818144,RECEIVED,a838e372-82b2-45bd-8685-d96f02e934a6,413271a2-3261-4110-9c55-90efde12a0a2,c3,c5,1772,e5,?,
1769497080.7312772,RECEIVED,c4f36aed-75a2-4e33-85b0-c1a900d6f9e8,43baa395-f5ba-4f7c-b305-1936048c5cb9,c3,None,1607,e3,?,
1769497080.7949948,SENT,a838e372-82b2-45bd-8685-d96f02e934a6,413271a2-3261-4110-9c55-90efde12a0a2,c3,c5,1255,?,x9,
1769497080.7950435,FORWARDED,a838e372-82b2-45bd-8685-d96f02e934a6,413271a2-3261-4110-9c55-90efde12a0a2,c3,c5,1255,?,x9,
1769497080.9466374,RECEIVED,d6067711-95c6-4897-8951-91dbaa65b4d0,153545b5-d831-4d8c-b02f-69a31c17e11a,c4,c3,1781,e2,?,
1769497081.000038,SENT,d6067711-95c6-4897-8951-91dbaa65b4d0,153545b5-d831-4d8c-b02f-69a31c17e11a,c4,c3,1263,?,x11,
1769497081.000315,FORWARDED,d6067711-95c6-4897-8951-91dbaa65b4d0,153545b5-d831-4d8c-b02f-69a31c17e11a,c4,c3,1263,?,x11,
1769497081.219367,SENT,c4f36aed-75a2-4e33-85b0-c1a900d6f9e8,43baa395-f5ba-4f7c-b305-1936048c5cb9,c3,None,1132,?,x9,
1769497081.2194283,FORWARDED,c4f36aed-75a2-4e33-85b0-c1a900d6f9e8,43baa395-f5ba-4f7c-b305-1936048c5cb9,c3,None,1132,?,x9,
1769497081.2681222,RECEIVED,facd6df1-eb43-4639-8571-7089c249bb16,77b338d7-a7e1-411e-93c1-5c878dff0b57,c4,c3,1774,e11,?,
1769497081.289214,SENT,facd6df1-eb43-4639-8571-7089c249bb16,77b338d7-a7e1-411e-93c1-5c878dff0b57,c4,c3,1255,?,x12,
1769497081.2892776,FORWARDED,facd6df1-eb43-4639-8571-7089c249bb16,77b338d7-a7e1-411e-93c1-5c878dff0b57,c4,c3,1255,?,x12,
1769497081.5062146,RECEIVED,b4108434-329a-45ed-8c95-ac4f5a2d91d1,f6626528-a777-4e72-a127-56c2bd1fc99e,c3,None,1600,e7,?,
1769497081.8324957,SENT,b4108434-329a-45ed-8c95-ac4f5a2d91d1,f6626528-a777-4e72-a127-56c2bd1fc99e,c3,None,1128,?,x4,
1769497081.8325403,FORWARDED,b4108434-329a-45ed-8c95-ac4f5a2d91d1,f6626528-a777-4e72-a127-56c2bd1fc99e,c3,None,1128,?,x4,
1769497082.3740234,RECEIVED,b6ea024a-3aa1-496f-a0be-e566b21aad27,84528651-2f87-464c-95d8-58f604b570eb,c5,None,1611,e11,?,
1769497082.505412,SENT,b6ea024a-3aa1-496f-a0be-e566b21aad27,84528651-2f87-464c-95d8-58f604b570eb,c5,None,1137,?,x12,
1769497082.5054564,FORWARDED,b6ea024a-3aa1-496f-a0be-e566b21aad27,84528651-2f87-464c-95d8-58f604b570eb,c5,None,1137,?,x12,
1769497083.627956,RECEIVED,34664383-f7c1-40c7-9370-7c49e4e35f37,c383545a-6f21-4545-b924-3260d45ecf4f,c5,c2,1771,e11,?,
1769497083.9421833,SENT,34664383-f7c1-40c7-9370-7c49e4e35f37,c383545a-6f21-4545-b924-3260d45ecf4f,c5,c2,1255,?,x4,
1769497083.9422617,FORWARDED,34664383-f7c1-40c7-9370-7c49e4e35f37,c383545a-6f21-4545-b924-3260d45ecf4f,c5,c2,1255,?,x4,
1769497084.1155398,RECEIVED,6832d29a-031e-493c-b02f-d50ad509f73b,01d438b3-d1d6-4138-b3f7-35de33b1930b,c2,None,1605,e9,?,
1769497084.3966544,SENT,6832d29a-031e-493c-b02f-d50ad509f73b,01d438b3-d1d6-4138-b3f7-35de33b1930b,c2,None,1131,?,x11,
1769497084.3967352,FORWARDED,6832d29a-031e-493c-b02f-d50ad509f73b,01d438b3-d1d6-4138-b3f7-35de33b1930b,c2,None,1131,?,x11,
1769497085.377463,RECEIVED,9ad5a5c3-0726-4a49-97b8-23c2fb4feeb9,1d431c54-b09f-41b5-aa4f-de57948545af,c3,None,1605,e3,?,
1769497085.5163724,SENT,9ad5a5c3-0726-4a49-97b8-23c2fb4feeb9,1d431c54-b09f-41b5-aa4f-de57948545af,c3,None,1131,?,x12,
1769497085.5164452,FORWARDED,9ad5a5c3-0726-4a49-97b8-23c2fb4feeb9,1d431c54-b09f-41b5-aa4f-de57948545af,c3,None,1131,?,x12,
1769497085.774331,RECEIVED,eb8c194c-f9d1-438c-88f5-abe4f8d016e9,695986b9-e917-422c-915b-579d4dbd0701,c2,None,1601,e6,?,
1769497085.8149736,RECEIVED,6b6bf532-f40d-4305-8a90-8a7307ddec8b,86f066e3-3308-4905-b213-af1866a38105,c5,c2,1772,e2,?,
1769497085.8300304,SENT,eb8c194c-f9d1-438c-88f5-abe4f8d016e9,695986b9-e917-422c-915b-579d4dbd0701,c2,None,1127,?,x8,
1769497085.830192,FORWARDED,eb8c194c-f9d1-438c-88f5-abe4f8d016e9,695986b9-e917-422c-915b-579d4dbd0701,c2,None,1127,?,x8,
1769497085.8699915,FORWARDED,6b6bf532-f40d-4305-8a90-8a7307ddec8b,86f066e3-3308-4905-b213-af1866a38105,c5,c2,1256,?,x6,
1769497086.1117082,RECEIVED,7bc1c40a-edf4-41bb-ac3e-9588d854b048,79cf77c0-d002-4350-ac90-2d76aa84977c,c1,c3,1783,e2,?,
1769497086.2697153,RECEIVED,f8627ae2-cce4-42a9-81ce-974511ba96c0,b8747123-f55a-40ee-ba12-e3c622ad4a3d,c5,c2,1780,e2,?,
1769497086.4912453,SENT,7bc1c40a-edf4-41bb-ac3e-9588d854b048,79cf77c0-d002-4350-ac90-2d76aa84977c,c1,c3,1264,?,x11,
1769497086.4912868,FORWARDED,7bc1c40a-edf4-41bb-ac3e-9588d854b048,79cf77c0-d002-4350-ac90-2d76aa84977c,c1,c3,1264,?,x11,
1769497086.6964288,RECEIVED,66b00902-cbb3-4c2d-ab55-8f69e50d4142,eaf36ec1-eefe-4b06-95bc-a658fc619177,c3,None,1597,e9,?,
1769497086.9047005,SENT,f8627ae2-cce4-42a9-81ce-974511ba96c0,b8747123-f55a-40ee-ba12-e3c622ad4a3d,c5,c2,1263,?,x12,
1769497086.904743,FORWARDED,f8627ae2-cce4-42a9-81ce-974511ba96c0,b8747123-f55a-40ee-ba12-e3c622ad4a3d,c5,c2,1263,?,x12,
1769497087.077669,SENT,66b00902-cbb3-4c2d-ab55-8f69e50d4142,eaf36ec1-eefe-4b06-95bc-a658fc619177,c3,None,1124,?,x10,
1769497087.0777118,FORWARDED,66b00902-cbb3-4c2d-ab55-8f69e50d4142,eaf36ec1-eefe-4b06-95bc-a658fc619177,c3,None,1124,?,x10,
1769497088.0031207,RECEIVED,4bc8ab0b-6eb9-4f79-be7c-b217125c202d,7ca2b4f7-ce16-4da9-963e-b9cc94b9e001,c3,c5,1780,e5,?,
1769497088.2556264,SENT,4bc8ab0b-6eb9-4f79-be7c-b217125c202d,7ca2b4f7-ce16-4da9-963e-b9cc94b9e001,c3,c5,1263,?,x11,
1769497088.25568,FORWARDED,4bc8ab0b-6eb9-4f79-be7c-b217125c202d,7ca2b4f7-ce16-4da9-963e-b9cc94b9e001,c3,c5,1263,?,x11,
1769497088.6761894,RECEIVED,a37e60af-ffe1-4a61-b913-c794fc6e2d65,b6ae1d79-7445-4032-b51a-dcc2c87a41cc,c4,c3,1781,e10,?,
1769497088.9521542,SENT,a37e60af-ffe1-4a61-b913-c794fc6e2d65,b6ae1d79-7445-4032-b51a-dcc2c87a41cc,c4,c3,1263,?,x11,
1769497088.9522748,FORWARDED,a37e60af-ffe1-4a61-b913-c794fc6e2d65,b6ae1d79-7445-4032-b51a-dcc2c87a41cc,c4,c3,1263,?,x11,
1769497089.9916706,RECEIVED,b246f687-b468-4534-b701-a01c4fdde2ef,a65537e6-379c-47c3-b3be-541c7e43e6a1,c4,c3,1779,e2,?,
1769497090.2863002,RECEIVED,3e639c31-6ebb-43f3-bc96-5eadd1e24d83,160bfb4b-c134-4a3e-84fb-f209fbf399b2,c1,c3,1776,e6,?,
1769497090.791585,SENT,b246f687-b468-4534-b701-a01c4fdde2ef,a65537e6-379c-47c3-b3be-541c7e43e6a1,c4,c3,1263,?,x8,
1769497090.791628,FORWARDED,b246f687-b468-4534-b701-a01c4fdde2ef,a65537e6-379c-47c3-b3be-541c7e43e6a1,c4,c3,1263,?,x8,
1769497090.946152,RECEIVED,7ab2f8da-e78a-4f49-89b6-449af46f8eaa,9d14d6d5-a406-44db-94b7-dcfaaf857c61,c3,c5,1771,e10,?,
1769497091.1217232,RECEIVED,36fce733-7e62-44cc-9ae1-41e5d8b972d1,f2358f33-a8f5-4796-a458-8a06960e259d,c3,c5,1759,e3,?,
1769497091.465216,SENT,7ab2f8da-e78a-4f49-89b6-449af46f8eaa,9d14d6d5-a406-44db-94b7-dcfaaf857c61,c3,c5,1256,?,x7,
1769497091.4652562,FORWARDED,7ab2f8da-e78a-4f49-89b6-449af46f8eaa,9d14d6d5-a406-44db-94b7-dcfaaf857c61,c3,c5,1256,?,x7,
1769497091.5592692,RECEIVED,5874ca07-1207-4a78-ae95-2fd0806ee80e,4bf61e7e-9a41-4181-8d58-ce4295cd0c3d,c3,c5,1776,e9,?,
1769497091.7482526,SENT,5874ca07-1207-4a78-ae95-2fd0806ee80e,4bf61e7e-9a41-4181-8d58-ce4295cd0c3d,c3,c5,1259,?,x9,
1769497091.748294,FORWARDED,5874ca07-1207-4a78-ae95-2fd0806ee80e,4bf61e7e-9a41-4181-8d58-ce4295cd0c3d,c3,c5,1259,?,x9,
1769497091.9301834,SENT,36fce733-7e62-44cc-9ae1-41e5d8b972d1,f2358f33-a8f5-4796-a458-8a06960e259d,c3,c5,1247,?,x4,
1769497091.93023,FORWARDED,36fce733-7e62-44cc-9ae1-41e5d8b972d1,f2358f33-a8f5-4796-a458-8a06960e259d,c3,c5,1247,?,x4,
1769497091.990007,RECEIVED,6768e9e3-7f0a-41ed-b0ac-8b8849ea3ee6,8afcf812-badf-4056-a3cd-61c842836cb1,c1,c3,1764,e2,?,
1769497092.0311737,SENT,3e639c31-6ebb-43f3-bc96-5eadd1e24d83,160bfb4b-c134-4a3e-84fb-f209fbf399b2,c1,c3,1259,?,x11,
1769497092.0312207,FORWARDED,3e639c31-6ebb-43f3-bc96-5eadd1e24d83,160bfb4b-c134-4a3e-84fb-f209fbf399b2,c1,c3,1259,?,x11,
1769497092.0455287,SENT,6768e9e3-7f0a-41ed-b0ac-8b8849ea3ee6,8afcf812-badf-4056-a3cd-61c842836cb1,c1,c3,1251,?,x7,
1769497092.0455737,FORWARDED,6768e9e3-7f0a-41ed-b0ac-8b8849ea3ee6,8afcf812-badf-4056-a3cd-61c842836cb1,c1,c3,1251,?,x7,
1769497092.228288,RECEIVED,22036f9a-ecdf-41e4-9c65-c705b9effec6,252bc320-a14f-4679-ab23-641fe60a0cfd,c2,c3,1780,e7,?,
1769497092.9084742,RECEIVED,cc99ee02-b2ba-45cf-bef2-93a81faa41be,47cbf15d-9d20-42d9-a154-a353d82ff3ec,c4,c3,1778,e8,?,
1769497093.078965,SENT,22036f9a-ecdf-41e4-9c65-c705b9effec6,252bc320-a14f-4679-ab23-641fe60a0cfd,c2,c3,1263,?,x10,
1769497093.079024,FORWARDED,22036f9a-ecdf-41e4-9c65-c705b9effec6,252bc320-a14f-4679-ab23-641fe60a0cfd,c2,c3,1263,?,x10,
1769497093.1101153,RECEIVED,d1b9626e-2bf2-4b44-830a-6185535b740e,23fd3ffd-3f7a-4b49-9c94-ccff65b12500,c3,None,1603,e10,?,
1769497093.1730092,RECEIVED,a43cbf8e-9653-4fe7-967d-ec96ca29fbff,db37f88c-42fd-4ac0-8524-06dd5d4d1aba,c2,None,1595,e6,?,
1769497093.2305443,SENT,a43cbf8e-9653-4fe7-967d-ec96ca29fbff,db37f88c-42fd-4ac0-8524-06dd5d4d1aba,c2,None,1124,?,x2,
1769497093.2305865,FORWARDED,a43cbf8e-9653-4fe7-967d-ec96ca29fbff,db37f88c-42fd-4ac0-8524-06dd5d4d1aba,c2,None,1124,?,x2,
1769497093.3546484,RECEIVED,3b4d3860-bb92-4735-8570-b6ac4a74a844,5594478e-735f-496e-9e20-d84386bc4520,c3,None,1602,e12,?,
1769497093.3954666,RECEIVED,607c85c6-bd79-4a9e-959a-a7adebe2eca9,ea2175ae-3143-4edf-aab7-d0490ba9617e,c5,c2,1776,e5,?,
1769497093.5088837,SENT,d1b9626e-2bf2-4b44-830a-6185535b740e,23fd3ffd-3f7a-4b49-9c94-ccff65b12500,c3,None,1131,?,x5,
1769497093.5089262,FORWARDED,d1b9626e-2bf2-4b44-830a-6185535b740e,23fd3ffd-3f7a-4b49-9c94-ccff65b12500,c3,None,1131,?,x5,
1769497093.5168476,SENT,cc99ee02-b2ba-45cf-bef2-93a81faa41be,47cbf15d-9d20-42d9-a154-a353d82ff3ec,c4,c3,1263,?,x12,
1769497093.516885,FORWARDED,cc99ee02-b2ba-45cf-bef2-93a81faa41be,47cbf15d-9d20-42d9-a154-a353d82ff3ec,c4,c3,1263,?,x12,
1769497093.7912197,RECEIVED,ab1f06b1-d01e-43b8-a471-c537f387f2bc,95820f81-1af9-4208-aeb6-8726c1e1155e,c3,c5,1759,e12,?,
1769497093.840176,RECEIVED,f5a29643-a1ed-43a4-abf7-dd5ce9d81672,6fd06f1d-6dec-4ff9-a756-6dd6f72ed249,c2,None,1595,e12,?,
1769497093.846722,SENT,607c85c6-bd79-4a9e-959a-a7adebe2eca9,ea2175ae-3143-4edf-aab7-d0490ba9617e,c5,c2,1260,?,x1,
1769497093.8467648,FORWARDED,607c85c6-bd79-4a9e-959a-a7adebe2eca9,ea2175ae-3143-4edf-aab7-d0490ba9617e,c5,c2,1260,?,x1,
1769497093.893025,SENT,3b4d3860-bb92-4735-8570-b6ac4a74a844,5594478e-735f-496e-9e20-d84386bc4520,c3,None,1129,?,x5,
1769497093.8930824,FORWARDED,3b4d3860-bb92-4735-8570-b6ac4a74a844,5594478e-735f-496e-9e20-d84386bc4520,c3,None,1129,?,x5,
1769497094.0333698,RECEIVED,905ca5dd-76bd-4a0a-95cc-5b7106d26269,456e5ebc-3af9-4085-9289-afaa53995946,c5,c2,1776,e9,?,
1769497094.1267848,SENT,905ca5dd-76bd-4a0a-95cc-5b7106d26269,456e5ebc-3af9-4085-9289-afaa53995946,c5,c2,1260,?,x4,
1769497094.126826,FORWARDED,905ca5dd-76bd-4a0a-95cc-5b7106d26269,456e5ebc-3af9-4085-9289-afaa53995946,c5,c2,1260,?,x4,
1769497094.2823327,RECEIVED,a07ea967-22c9-4e41-ba80-6d99ebba8093,275a0c1a-f007-4175-bec4-aa4e465bc0b5,c3,None,1608,e6,?,
1769497094.2891655,SENT,ab1f06b1-d01e-43b8-a471-c537f387f2bc,95820f81-1af9-4208-aeb6-8726c1e1155e,c3,c5,1247,?,x7,
1769497094.2891998,FORWARDED,ab1f06b1-d01e-43b8-a471-c537f387f2bc,95820f81-1af9-4208-aeb6-8726c1e1155e,c3,c5,1247,?,x7,
1769497094.4407637,SENT,f5a29643-a1ed-43a4-abf7-dd5ce9d81672,6fd06f1d-6dec-4ff9-a756-6dd6f72ed249,c2,None,1125,?,x2,
1769497094.4408047,FORWARDED,f5a29643-a1ed-43a4-abf7-dd5ce9d81672,6fd06f1d-6dec-4ff9-a756-6dd6f72ed249,c2,None,1125,?,x2,
1769497094.844867,RECEIVED,7332bc4b-4c89-4078-8d6e-afac2b7b3c84,03a06ced-f992-4fc5-9739-6b13b439066d,c4,c3,1777,e10,?,
1769497094.9439733,SENT,7332bc4b-4c89-4078-8d6e-afac2b7b3c84,03a06ced-f992-4fc5-9739-6b13b439066d,c4,c3,1258,?,x4,
1769497094.944038,FORWARDED,7332bc4b-4c89-4078-8d6e-afac2b7b3c84,03a06ced-f992-4fc5-9739-6b13b439066d,c4,c3,1258,?,x4,
1769497095.0440786,RECEIVED,af72adb1-a5f6-4660-b188-d5397c8a20c2,7c542368-e5f5-4402-b653-0609a8b8b30e,c3,None,1612,e11,?,
1769497095.342604,SENT,a07ea967-22c9-4e41-ba80-6d99ebba8093,275a0c1a-f007-4175-bec4-aa4e465bc0b5,c3,None,1133,?,x11,
1769497095.3426592,FORWARDED,a07ea967-22c9-4e41-ba80-6d99ebba8093,275a0c1a-f007-4175-bec4-aa4e465bc0b5,c3,None,1133,?,x11,
1769497095.4756196,RECEIVED,52524ffc-c0fa-44e7-9540-d23875e46452,91aeb43f-4e83-4c34-aacc-41f7b926b347,c5,None,1593,e9,?,
1769497095.5464733,FORWARDED,52524ffc-c0fa-44e7-9540-d23875e46452,91aeb43f-4e83-4c34-aacc-41f7b926b347,c5,None,1120,?,x6,
1769497095.6632886,RECEIVED,388ddf00-3122-4719-aa62-8ea42f03c890,b6a84da8-c333-4bfb-91e9-26ea3a84771b,c2,None,1604,e12,?,
1769497095.8328886,SENT,388ddf00-3122-4719-aa62-8ea42f03c890,b6a84da8-c333-4bfb-91e9-26ea3a84771b,c2,None,1130,?,x7,
1769497095.8329318,FORWARDED,388ddf00-3122-4719-aa62-8ea42f03c890,b6a84da8-c333-4bfb-91e9-26ea3a84771b,c2,None,1130,?,x7,
1769497096.0825562,RECEIVED,5f05da63-33ff-4c57-89bb-936bdf9d777c,5480177a-124e-46b3-8f54-0a3be875893a,c4,c3,1780,e9,?,
1769497096.1978335,SENT,5f05da63-33ff-4c57-89bb-936bdf9d777c,5480177a-124e-46b3-8f54-0a3be875893a,c4,c3,1263,?,x5,
1769497096.198033,FORWARDED,5f05da63-33ff-4c57-89bb-936bdf9d777c,5480177a-124e-46b3-8f54-0a3be875893a,c4,c3,1263,?,x5,
1769497096.2584019,RECEIVED,789bbc63-20ef-4405-9432-1c6b73c7da8e,5bb06397-4030-4082-8be1-0826dcbe22a9,c2,None,1596,e10,?,
1769497096.2769194,SENT,af72adb1-a5f6-4660-b188-d5397c8a20c2,7c542368-e5f5-4402-b653-0609a8b8b30e,c3,None,1135,?,x11,
1769497096.276962,FORWARDED,af72adb1-a5f6-4660-b188-d5397c8a20c2,7c542368-e5f5-4402-b653-0609a8b8b30e,c3,None,1135,?,x11,
1769497096.6041448,SENT,789bbc63-20ef-4405-9432-1c6b73c7da8e,5bb06397-4030-4082-8be1-0826dcbe22a9,c2,None,1123,?,x3,
1769497096.6041996,FORWARDED,789bbc63-20ef-4405-9432-1c6b73c7da8e,5bb06397-4030-4082-8be1-0826dcbe22a9,c2,None,1123,?,x3,
1769497097.0559251,RECEIVED,fd8febce-d403-49d2-9876-fb220b90ab14,f9c02e24-5625-4dd3-9d02-13388013d76c,c3,None,1604,e6,?,
1769497097.2491968,FORWARDED,fd8febce-d403-49d2-9876-fb220b90ab14,f9c02e24-5625-4dd3-9d02-13388013d76c,c3,None,1131,?,x6,
1769497098.9664152,RECEIVED,c73d1ae3-f06c-4a9a-9a6f-1a506f3d2b54,062745e5-f836-4728-b5ca-85612cc70388,c3,c5,1771,e2,?,
1769497099.1073308,RECEIVED,8ad45d0e-9208-4e9a-8118-1c77f1e67131,7d022330-148a-4efd-a8a4-8e9842d3f2bc,c3,c5,1769,e11,?,
1769497099.2871122,RECEIVED,da533db2-6cd0-4f89-8f32-223724b6fd04,89b99b72-79f0-4fe4-83ba-70f8aa621db0,c3,c5,1759,e3,?,
1769497099.302034,RECEIVED,9af9fe8e-3e5d-4fde-a6ec-03071b995d13,533540bc-8e28-43b9-bb00-630f5dc9b2a1,c2,c3,1763,e2,?,
1769497099.529169,SENT,c73d1ae3-f06c-4a9a-9a6f-1a506f3d2b54,062745e5-f836-4728-b5ca-85612cc70388,c3,c5,1256,?,x4,
1769497099.52921,FORWARDED,c73d1ae3-f06c-4a9a-9a6f-1a506f3d2b54,062745e5-f836-4728-b5ca-85612cc70388,c3,c5,1256,?,x4,
1769497099.5608015,SENT,9af9fe8e-3e5d-4fde-a6ec-03071b995d13,533540bc-8e28-43b9-bb00-630f5dc9b2a1,c2,c3,1251,?,x4,
1769497099.560843,FORWARDED,9af9fe8e-3e5d-4fde-a6ec-03071b995d13,533540bc-8e28-43b9-bb00-630f5dc9b2a1,c2,c3,1251,?,x4,
1769497099.7517471,SENT,da533db2-6cd0-4f89-8f32-223724b6fd04,89b99b72-79f0-4fe4-83ba-70f8aa621db0,c3,c5,1248,?,x5,
1769497099.751789,FORWARDED,da533db2-6cd0-4f89-8f32-223724b6fd04,89b99b72-79f0-4fe4-83ba-70f8aa621db0,c3,c5,1248,?,x5,
1769497100.2797415,RECEIVED,f38da0f9-8cb6-4d5d-863e-a94bc86a0b6c,72f0c3e4-a4e1-4ab7-842b-046cca6a900d,c2,c3,1784,e8,?,
1769497100.411296,SENT,f38da0f9-8cb6-4d5d-863e-a94bc86a0b6c,72f0c3e4-a4e1-4ab7-842b-046cca6a900d,c2,c3,1265,?,x5,
1769497100.4113421,FORWARDED,f38da0f9-8cb6-4d5d-863e-a94bc86a0b6c,72f0c3e4-a4e1-4ab7-842b-046cca6a900d,c2,c3,1265,?,x5,
1769497100.8518233,RECEIVED,be2cef5f-6572-41f8-b2f7-ce3bbc0052b0,3e9a07a4-7481-4bc6-94be-6fb5264bacd8,c5,c2,1771,e11,?,
1769497101.0499458,FORWARDED,be2cef5f-6572-41f8-b2f7-ce3bbc0052b0,3e9a07a4-7481-4bc6-94be-6fb5264bacd8,c5,c2,1256,?,x6,
1769497101.0610943,RECEIVED,6fd65be7-6233-45b9-bea9-e54c64c15cb5,8a1e7b72-117f-4deb-bd0a-185eb82b7456,c4,c3,1772,e9,?,
1769497101.199445,FORWARDED,6fd65be7-6233-45b9-bea9-e54c64c15cb5,8a1e7b72-117f-4deb-bd0a-185eb82b7456,c4,c3,1256,?,x6,
1769497101.2033846,RECEIVED,cc3ec12c-2e57-4f55-82c8-5d6f803114dc,b24f53ad-4f2b-457e-b340-d8ec390da32d,c4,c3,1773,e9,?,
1769497101.3011174,SENT,cc3ec12c-2e57-4f55-82c8-5d6f803114dc,b24f53ad-4f2b-457e-b340-d8ec390da32d,c4,c3,1256,?,x3,
1769497101.3011582,FORWARDED,cc3ec12c-2e57-4f55-82c8-5d6f803114dc,b24f53ad-4f2b-457e-b340-d8ec390da32d,c4,c3,1256,?,x3,
1769497101.554149,RECEIVED,241ab191-4d7e-4a89-af99-910cb49e564c,fd8f94b2-bd2b-4122-bdd5-80e3e500af06,c3,None,1603,e1,?,
1769497101.8524485,SENT,8ad45d0e-9208-4e9a-8118-1c77f1e67131,7d022330-148a-4efd-a8a4-8e9842d3f2bc,c3,c5,1257,?,x5,
1769497101.8524892,FORWARDED,8ad45d0e-9208-4e9a-8118-1c77f1e67131,7d022330-148a-4efd-a8a4-8e9842d3f2bc,c3,c5,1257,?,x5,
1769497102.085195,SENT,241ab191-4d7e-4a89-af99-910cb49e564c,fd8f94b2-bd2b-4122-bdd5-80e3e500af06,c3,None,1131,?,x5,
1769497102.0852368,FORWARDED,241ab191-4d7e-4a89-af99-910cb49e564c,fd8f94b2-bd2b-4122-bdd5-80e3e500af06,c3,None,1131,?,x5,
1769497103.2737815,RECEIVED,bd42bdc3-47f2-45b1-8542-c05e2cb81e2e,1025810c-21cb-49d0-9462-f864abfe0f22,c5,c2,1789,e12,?,
1769497103.3271675,SENT,bd42bdc3-47f2-45b1-8542-c05e2cb81e2e,1025810c-21cb-49d0-9462-f864abfe0f22,c5,c2,1267,?,x1,
1769497103.327208,FORWARDED,bd42bdc3-47f2-45b1-8542-c05e2cb81e2e,1025810c-21cb-49d0-9462-f864abfe0f22,c5,c2,1267,?,x1,
1769497103.3358438,RECEIVED,3fc1baf4-801e-471a-8ab0-cd5b4e3d1e06,148c8a0c-d069-4a99-9320-f29443ffedc8,c5,c2,1772,e5,?,
1769497103.5833015,SENT,3fc1baf4-801e-471a-8ab0-cd5b4e3d1e06,148c8a0c-d069-4a99-9320-f29443ffedc8,c5,c2,1256,?,x4,
1769497103.5833414,FORWARDED,3fc1baf4-801e-471a-8ab0-cd5b4e3d1e06,148c8a0c-d069-4a99-9320-f29443ffedc8,c5,c2,1256,?,x4,
1769497103.6857078,RECEIVED,b11c8fc5-dab4-4f99-9d06-ba0989491cb0,22dcf5f4-280c-4d61-afe9-688cf23845ec,c3,c5,1781,e3,?,
1769497103.7710693,SENT,b11c8fc5-dab4-4f99-9d06-ba0989491cb0,22dcf5f4-280c-4d61-afe9-688cf23845ec,c3,c5,1263,?,x11,
1769497103.7711134,FORWARDED,b11c8fc5-dab4-4f99-9d06-ba0989491cb0,22dcf5f4-280c-4d61-afe9-688cf23845ec,c3,c5,1263,?,x11,
1769497104.0249135,RECEIVED,233dca59-acfa-4f55-9643-b4528ebb0c23,505c897e-fbda-480b-8862-71b3c75ff9f9,c1,c3,1775,e2,?,
1769497104.2700212,RECEIVED,eabd8ab0-68da-4df6-8d25-84d9f0414759,ccd228b1-c1bb-4e65-8026-2291e280f10c,c2,None,1595,e6,?,
1769497104.4839911,RECEIVED,6682acef-554f-4b22-b578-1d9dae8a016c,0227b74b-b930-408d-abf6-96c09fa4c0b3,c3,None,1595,e1,?,
1769497104.5986469,FORWARDED,eabd8ab0-68da-4df6-8d25-84d9f0414759,ccd228b1-c1bb-4e65-8026-2291e280f10c,c2,None,1123,?,x6,
1769497104.8536944,SENT,6682acef-554f-4b22-b578-1d9dae8a016c,0227b74b-b930-408d-abf6-96c09fa4c0b3,c3,None,1123,?,x3,
1769497104.8537369,FORWARDED,6682acef-554f-4b22-b578-1d9dae8a016c,0227b74b-b930-408d-abf6-96c09fa4c0b3,c3,None,1123,?,x3,
1769497104.9369617,RECEIVED,79b95588-1895-402d-af8c-cb54d57e8ac9,e217dce6-d629-49b1-9c15-d442bd1b12a5,c3,c5,1784,e10,?,
1769497105.2471557,SENT,79b95588-1895-402d-af8c-cb54d57e8ac9,e217dce6-d629-49b1-9c15-d442bd1b12a5,c3,c5,1264,?,x4,
1769497105.2471974,FORWARDED,79b95588-1895-402d-af8c-cb54d57e8ac9,e217dce6-d629-49b1-9c15-d442bd1b12a5,c3,c5,1264,?,x4,
1769497105.5647268,RECEIVED,65ad35b3-7c18-4ff2-8565-03e307ef002b,207823fd-04c8-4c6c-b6ad-fde7405b46b8,c2,c3,1771,e3,?,
1769497105.5731983,RECEIVED,89cbb028-1fff-4d48-b6cb-ab2a4a1889f3,45f4e119-cab5-4e5e-8867-a91e1b6a52d0,c5,None,1600,e8,?,
1769497105.7018037,SENT,89cbb028-1fff-4d48-b6cb-ab2a4a1889f3,45f4e119-cab5-4e5e-8867-a91e1b6a52d0,c5,None,1128,?,x5,
1769497105.7018878,FORWARDED,89cbb028-1fff-4d48-b6cb-ab2a4a1889f3,45f4e119-cab5-4e5e-8867-a91e1b6a52d0,c5,None,1128,?,x5,
1769497105.7139246,RECEIVED,3c2d34b8-4bbf-4fec-8edc-47c1d4b0d2c9,0cb40696-f50c-4bc0-b5b3-014c7ff22fa3,c5,c2,1777,e9,?,
1769497105.7367413,RECEIVED,d2cb4722-515e-4cca-adb3-7e58621e875b,28ee0a3c-9615-47ad-861f-5c016b4ad3bc,c4,c3,1759,e2,?,
1769497105.804025,SENT,3c2d34b8-4bbf-4fec-8edc-47c1d4b0d2c9,0cb40696-f50c-4bc0-b5b3-014c7ff22fa3,c5,c2,1259,?,x2,
1769497105.8040757,FORWARDED,3c2d34b8-4bbf-4fec-8edc-47c1d4b0d2c9,0cb40696-f50c-4bc0-b5b3-014c7ff22fa3,c5,c2,1259,?,x2,
1769497105.844879,SENT,233dca59-acfa-4f55-9643-b4528ebb0c23,505c897e-fbda-480b-8862-71b3c75ff9f9,c1,c3,1258,?,x5,
1769497105.8449209,FORWARDED,233dca59-acfa-4f55-9643-b4528ebb0c23,505c897e-fbda-480b-8862-71b3c75ff9f9,c1,c3,1258,?,x5,
1769497105.9614873,RECEIVED,9302eb2c-48ce-41c5-a140-a04da9d82721,d5c5f016-aea2-48da-ba10-4c470109da35,c5,None,1612,e10,?,
1769497105.973294,SENT,d2cb4722-515e-4cca-adb3-7e58621e875b,28ee0a3c-9615-47ad-861f-5c016b4ad3bc,c4,c3,1247,?,x1,
1769497105.973335,FORWARDED,d2cb4722-515e-4cca-adb3-7e58621e875b,28ee0a3c-9615-47ad-861f-5c016b4ad3bc,c4,c3,1247,?,x1,
1769497105.9873796,SENT,65ad35b3-7c18-4ff2-8565-03e307ef002b,207823fd-04c8-4c6c-b6ad-fde7405b46b8,c2,c3,1257,?,x7,
1769497105.9874198,FORWARDED,65ad35b3-7c18-4ff2-8565-03e307ef002b,207823fd-04c8-4c6c-b6ad-fde7405b46b8,c2,c3,1257,?,x7,
1769497106.2941678,SENT,9302eb2c-48ce-41c5-a140-a04da9d82721,d5c5f016-aea2-48da-ba10-4c470109da35,c5,None,1135,?,x11,
1769497106.2942102,FORWARDED,9302eb2c-48ce-41c5-a140-a04da9d82721,d5c5f016-aea2-48da-ba10-4c470109da35,c5,None,1135,?,x11,
1769497106.4862301,RECEIVED,d1ddbd2f-be56-47bf-8bac-95b9a492aaa3,ddab72a1-7881-43a3-8214-6e2d744480a3,c4,c3,1764,e5,?,
1769497106.5491257,SENT,d1ddbd2f-be56-47bf-8bac-95b9a492aaa3,ddab72a1-7881-43a3-8214-6e2d744480a3,c4,c3,1251,?,x7,
1769497106.5491672,FORWARDED,d1ddbd2f-be56-47bf-8bac-95b9a492aaa3,ddab72a1-7881-43a3-8214-6e2d744480a3,c4,c3,1251,?,x7,
1769497106.952618,RECEIVED,f40f54f6-21ef-4c69-bfed-8e8219374208,505eac62-e485-4245-83d5-54eab2413f7c,c1,c3,1777,e3,?,
1769497107.0161042,SENT,f40f54f6-21ef-4c69-bfed-8e8219374208,505eac62-e485-4245-83d5-54eab2413f7c,c1,c3,1258,?,x5,
1769497107.0161471,FORWARDED,f40f54f6-21ef-4c69-bfed-8e8219374208,505eac62-e485-4245-83d5-54eab2413f7c,c1,c3,1258,?,x5,
1769497107.5553124,RECEIVED,cc47d52f-10b3-4605-b4c8-9883b1a7c2cb,dc552e47-b4ff-4928-8179-03beb68b79de,c2,None,1598,e12,?,
1769497107.8430638,RECEIVED,1f9ef0f9-0139-40f0-8885-9fdfbf830fc1,59b2ee49-ac65-40df-ac59-f8f0f40cac0f,c3,None,1603,e8,?,
1769497108.1231449,RECEIVED,54a86a82-5e88-455d-99f1-0339955b200e,7be00534-4a1b-4ae4-bdab-f9119d10c757,c5,c2,1780,e12,?,
1769497108.298717,SENT,54a86a82-5e88-455d-99f1-0339955b200e,7be00534-4a1b-4ae4-bdab-f9119d10c757,c5,c2,1263,?,x9,
1769497108.2987595,FORWARDED,54a86a82-5e88-455d-99f1-0339955b200e,7be00534-4a1b-4ae4-bdab-f9119d10c757,c5,c2,1263,?,x9,
1769497108.3435428,RECEIVED,c2ee3e98-65ed-47d9-a689-98369a388707,0640f802-5ab5-47db-8215-03f03226e770,c2,c3,1777,e12,?,
1769497108.4025624,SENT,c2ee3e98-65ed-47d9-a689-98369a388707,0640f802-5ab5-47db-8215-03f03226e770,c2,c3,1258,?,x8,
1769497108.402625,FORWARDED,c2ee3e98-65ed-47d9-a689-98369a388707,0640f802-5ab5-47db-8215-03f03226e770,c2,c3,1258,?,x8,
1769497108.4987538,SENT,1f9ef0f9-0139-40f0-8885-9fdfbf830fc1,59b2ee49-ac65-40df-ac59-f8f0f40cac0f,c3,None,1131,?,x4,
1769497108.4988313,FORWARDED,1f9ef0f9-0139-40f0-8885-9fdfbf830fc1,59b2ee49-ac65-40df-ac59-f8f0f40cac0f,c3,None,1131,?,x4,
1769497108.5491598,SENT,cc47d52f-10b3-4605-b4c8-9883b1a7c2cb,dc552e47-b4ff-4928-8179-03beb68b79de,c2,None,1126,?,x7,
1769497108.5492365,FORWARDED,cc47d52f-10b3-4605-b4c8-9883b1a7c2cb,dc552e47-b4ff-4928-8179-03beb68b79de,c2,None,1126,?,x7,
1769497108.9020126,RECEIVED,21afe50d-d2a2-4841-ab1a-c0d9008b036c,1adb927b-0d09-4b3c-af66-bd7c58ff6b13,c3,c5,1781,e6,?,
1769497109.0886366,SENT,21afe50d-d2a2-4841-ab1a-c0d9008b036c,1adb927b-0d09-4b3c-af66-bd7c58ff6b13,c3,c5,1263,?,x10,
1769497109.0889342,FORWARDED,21afe50d-d2a2-4841-ab1a-c0d9008b036c,1adb927b-0d09-4b3c-af66-bd7c58ff6b13,c3,c5,1263,?,x10,
1769497109.640036,RECEIVED,9c017b11-2f99-44fa-a4ac-66a1d56ffaf2,0e621b4f-7446-4456-a0c1-2ae02dee98d5,c4,c3,1775,e11,?,
1769497109.9582334,SENT,9c017b11-2f99-44fa-a4ac-66a1d56ffaf2,0e621b4f-7446-4456-a0c1-2ae02dee98d5,c4,c3,1259,?,x9,
1769497109.958281,FORWARDED,9c017b11-2f99-44fa-a4ac-66a1d56ffaf2,0e621b4f-7446-4456-a0c1-2ae02dee98d5,c4,c3,1259,?,x9,
1769497111.141876,RECEIVED,ca3b5d2b-52c0-4240-9cde-f43e10395499,40183e6f-88fb-4a8d-9038-7e8a6109ea82,c5,c2,1764,e7,?,
1769497111.3052511,SENT,ca3b5d2b-52c0-4240-9cde-f43e10395499,40183e6f-88fb-4a8d-9038-7e8a6109ea82,c5,c2,1251,?,x2,
1769497111.305305,FORWARDED,ca3b5d2b-52c0-4240-9cde-f43e10395499,40183e6f-88fb-4a8d-9038-7e8a6109ea82,c5,c2,1251,?,x2,
1769497111.9425302,RECEIVED,92212616-5604-43ec-bc3e-5ba1d4cc2b28,4d8018ab-30f9-49f6-98b3-f7881b43bcdc,c3,c5,1787,e2,?,
1769497112.4328704,SENT,92212616-5604-43ec-bc3e-5ba1d4cc2b28,4d8018ab-30f9-49f6-98b3-f7881b43bcdc,c3,c5,1268,?,x2,
1769497112.4329226,FORWARDED,92212616-5604-43ec-bc3e-5ba1d4cc2b28,4d8018ab-30f9-49f6-98b3-f7881b43bcdc,c3,c5,1268,?,x2,
1769497112.6773865,RECEIVED,afbb27b3-8482-4db8-9d8a-a1fe894fac30,3d0af720-89f7-4d57-abe3-7e20d695fb20,c3,c5,1771,e6,?,
1769497112.8339505,SENT,afbb27b3-8482-4db8-9d8a-a1fe894fac30,3d0af720-89f7-4d57-abe3-7e20d695fb20,c3,c5,1256,?,x1,
1769497112.8340137,FORWARDED,afbb27b3-8482-4db8-9d8a-a1fe894fac30,3d0af720-89f7-4d57-abe3-7e20d695fb20,c3,c5,1256,?,x1,
1769497113.6316433,RECEIVED,a1b7f893-91d2-4270-90be-f3670350b948,30e66f75-c37b-4cc3-9c34-ddd209593a48,c3,c5,1776,e1,?,
1769497113.739525,SENT,a1b7f893-91d2-4270-90be-f3670350b948,30e66f75-c37b-4cc3-9c34-ddd209593a48,c3,c5,1260,?,x4,
1769497113.7395675,FORWARDED,a1b7f893-91d2-4270-90be-f3670350b948,30e66f75-c37b-4cc3-9c34-ddd209593a48,c3,c5,1260,?,x4,
1769497114.4046702,RECEIVED,2e4d8c03-9674-474d-8dab-8b71727a30cb,80025382-6b29-403d-8813-13e542fba4e3,c2,None,1597,e11,?,
1769497114.84659,SENT,2e4d8c03-9674-474d-8dab-8b71727a30cb,80025382-6b29-403d-8813-13e542fba4e3,c2,None,1124,?,x11,
1769497114.8466356,FORWARDED,2e4d8c03-9674-474d-8dab-8b71727a30cb,80025382-6b29-403d-8813-13e542fba4e3,c2,None,1124,?,x11,
1769497114.9670203,RECEIVED,093897ac-0d58-4234-9380-8a5b1f252fa9,8bcdcfb1-b7e2-4c6f-9443-b8b599157c4f,c1,c3,1776,e12,?,
1769497115.3191323,FORWARDED,093897ac-0d58-4234-9380-8a5b1f252fa9,8bcdcfb1-b7e2-4c6f-9443-b8b599157c4f,c1,c3,1259,?,x6,
1769497115.6009843,RECEIVED,b8381224-09fd-4d21-8a89-9a42fc7fe9a2,abbd8034-640b-4502-8097-c343e406a874,c3,None,1595,e8,?,
1769497115.9032867,SENT,b8381224-09fd-4d21-8a89-9a42fc7fe9a2,abbd8034-640b-4502-8097-c343e406a874,c3,None,1123,?,x12,
1769497115.9033313,FORWARDED,b8381224-09fd-4d21-8a89-9a42fc7fe9a2,abbd8034-640b-4502-8097-c343e406a874,c3,None,1123,?,x12,
1769497116.7154248,RECEIVED,3dcbe038-477d-4429-bf5d-475084e3a78e,8de527f7-1019-4ad6-bac1-2c1e30148c2a,c2,c3,1780,e11,?,
1769497116.908678,SENT,3dcbe038-477d-4429-bf5d-475084e3a78e,8de527f7-1019-4ad6-bac1-2c1e30148c2a,c2,c3,1263,?,x3,
1769497116.9087298,FORWARDED,3dcbe038-477d-4429-bf5d-475084e3a78e,8de527f7-1019-4ad6-bac1-2c1e30148c2a,c2,c3,1263,?,x3,
1769497117.4196305,RECEIVED,558b1041-daa9-4a8c-b370-9adb236f184b,24652e57-6cab-4742-9ec2-c5c401c5a120,c5,c2,1768,e5,?,
1769497117.7137783,SENT,558b1041-daa9-4a8c-b370-9adb236f184b,24652e57-6cab-4742-9ec2-c5c401c5a120,c5,c2,1252,?,x1,
1769497117.7138274,FORWARDED,558b1041-daa9-4a8c-b370-9adb236f184b,24652e57-6cab-4742-9ec2-c5c401c5a120,c5,c2,1252,?,x1,
1769497119.7245908,RECEIVED,04eab52c-4aaf-4547-b9f4-3c6bf2380d3c,e5ab1435-9db7-4f0e-8ba3-c3fe93442cb7,c2,c3,1783,e3,?,
1769497119.9403021,RECEIVED,567b19f5-0e06-448c-8687-dd3c84eb3d67,8bab848d-24fd-4e73-8b1f-badec5e516ee,c1,c3,1776,e6,?,
1769497119.9795315,RECEIVED,90d869f5-59e3-4202-aaba-545935a5d23d,ff867a50-a7e3-4280-9595-cff9f5f64427,c3,None,1598,e2,?,
1769497120.137688,RECEIVED,73a7f4db-eb0c-44a8-bbde-a6a558d1a673,ee16cd4e-6373-4211-8ffd-81b71d8ae61b,c5,c2,1779,e12,?,
1769497120.214092,RECEIVED,378b13a1-2017-4233-9432-ec489a3da197,fd59ca49-9b4c-45c2-8067-0af9c20b2bcc,c5,None,1603,e2,?,
1769497120.2205186,FORWARDED,567b19f5-0e06-448c-8687-dd3c84eb3d67,8bab848d-24fd-4e73-8b1f-badec5e516ee,c1,c3,1258,?,x6,
1769497120.3171647,SENT,73a7f4db-eb0c-44a8-bbde-a6a558d1a673,ee16cd4e-6373-4211-8ffd-81b71d8ae61b,c5,c2,1263,?,x9,
1769497120.317208,FORWARDED,73a7f4db-eb0c-44a8-bbde-a6a558d1a673,ee16cd4e-6373-4211-8ffd-81b71d8ae61b,c5,c2,1263,?,x9,
1769497120.4178078,RECEIVED,42545416-d840-41a3-856a-850a6b3b153c,7e3b51e4-a2f1-4f60-85a9-cf20fcaada33,c1,c3,1759,e1,?,
1769497120.5977912,SENT,04eab52c-4aaf-4547-b9f4-3c6bf2380d3c,e5ab1435-9db7-4f0e-8ba3-c3fe93442cb7,c2,c3,1264,?,x7,
1769497120.5978346,FORWARDED,04eab52c-4aaf-4547-b9f4-3c6bf2380d3c,e5ab1435-9db7-4f0e-8ba3-c3fe93442cb7,c2,c3,1264,?,x7,
1769497120.7096992,SENT,42545416-d840-41a3-856a-850a6b3b153c,7e3b51e4-a2f1-4f60-85a9-cf20fcaada33,c1,c3,1247,?,x3,
1769497120.7097428,FORWARDED,42545416-d840-41a3-856a-850a6b3b153c,7e3b51e4-a2f1-4f60-85a9-cf20fcaada33,c1,c3,1247,?,x3,
1769497120.9323573,RECEIVED,b23121d5-27d6-4529-8cb5-83c089df6caa,1ca7cd0e-e5f6-4d57-8d11-76babb6ee1f4,c5,c2,1768,e5,?,
1769497120.9628162,SENT,90d869f5-59e3-4202-aaba-545935a5d23d,ff867a50-a7e3-4280-9595-cff9f5f64427,c3,None,1127,?,x7,
1769497120.9628634,FORWARDED,90d869f5-59e3-4202-aaba-545935a5d23d,ff867a50-a7e3-4280-9595-cff9f5f64427,c3,None,1127,?,x7,
1769497121.0053625,SENT,378b13a1-2017-4233-9432-ec489a3da197,fd59ca49-9b4c-45c2-8067-0af9c20b2bcc,c5,None,1131,?,x5,
1769497121.0054073,FORWARDED,378b13a1-2017-4233-9432-ec489a3da197,fd59ca49-9b4c-45c2-8067-0af9c20b2bcc,c5,None,1131,?,x5,
1769497121.2316387,RECEIVED,d91f2d99-e759-45a7-b86f-737773aa1148,8cfd631d-07bd-4c31-adba-4c0e9f84f298,c5,c2,1776,e5,?,
1769497121.3577452,SENT,d91f2d99-e759-45a7-b86f-737773aa1148,8cfd631d-07bd-4c31-adba-4c0e9f84f298,c5,c2,1260,?,x5,
1769497121.357795,FORWARDED,d91f2d99-e759-45a7-b86f-737773aa1148,8cfd631d-07bd-4c31-adba-4c0e9f84f298,c5,c2,1260,?,x5,
1769497121.6367495,SENT,b23121d5-27d6-4529-8cb5-83c089df6caa,1ca7cd0e-e5f6-4d57-8d11-76babb6ee1f4,c5,c2,1252,?,x11,
1769497121.6367922,FORWARDED,b23121d5-27d6-4529-8cb5-83c089df6caa,1ca7cd0e-e5f6-4d57-8d11-76babb6ee1f4,c5,c2,1252,?,x11,
1769497121.7374904,RECEIVED,67145a93-a941-4b6a-932f-154a3b206360,daf5ee1f-127a-4749-ab2a-94bd57f5e21d,c3,c5,1784,e12,?,
1769497122.0883453,SENT,67145a93-a941-4b6a-932f-154a3b206360,daf5ee1f-127a-4749-ab2a-94bd57f5e21d,c3,c5,1264,?,x9,
1769497122.0884705,FORWARDED,67145a93-a941-4b6a-932f-154a3b206360,daf5ee1f-127a-4749-ab2a-94bd57f5e21d,c3,c5,1264,?,x9,
1769497122.1327252,RECEIVED,91e21666-cb11-4f99-ab5f-417827dcc5c4,bc4b3a92-bce2-465b-9e5d-a2dcc912bdfe,c5,None,1605,e12,?,
1769497122.3093982,SENT,91e21666-cb11-4f99-ab5f-417827dcc5c4,bc4b3a92-bce2-465b-9e5d-a2dcc912bdfe,c5,None,1131,?,x11,
1769497122.3095324,FORWARDED,91e21666-cb11-4f99-ab5f-417827dcc5c4,bc4b3a92-bce2-465b-9e5d-a2dcc912bdfe,c5,None,1131,?,x11,
1769497122.8155587,RECEIVED,c81253fb-8430-44fd-a849-2f2436dc8ad0,55c18c7d-631b-48e6-875e-b697fa786a34,c5,c2,1767,e3,?,
1769497123.2780402,SENT,c81253fb-8430-44fd-a849-2f2436dc8ad0,55c18c7d-631b-48e6-875e-b697fa786a34,c5,c2,1252,?,x1,
1769497123.278098,FORWARDED,c81253fb-8430-44fd-a849-2f2436dc8ad0,55c18c7d-631b-48e6-875e-b697fa786a34,c5,c2,1252,?,x1,
1769497123.3541183,RECEIVED,073686dc-f895-44b2-98ae-c9391158b927,9f0806a3-0004-4ef3-94b0-d044555c7bfe,c2,c3,1771,e6,?,
1769497123.748213,SENT,073686dc-f895-44b2-98ae-c9391158b927,9f0806a3-0004-4ef3-94b0-d044555c7bfe,c2,c3,1255,?,x1,
1769497123.7482579,FORWARDED,073686dc-f895-44b2-98ae-c9391158b927,9f0806a3-0004-4ef3-94b0-d044555c7bfe,c2,c3,1255,?,x1,
1769497123.877973,RECEIVED,bd44ccfd-8488-4fd8-bd9c-4ce1bf494adb,fbf955e0-befe-4c60-ac82-ac874f82288f,c1,c3,1759,e2,?,
1769497123.878688,RECEIVED,b9e8a792-30d0-4805-9e9e-f774cfaca04b,5433e6aa-07eb-4e33-9caf-ba5a8881121c,c5,None,1604,e7,?,
1769497123.9713438,RECEIVED,b6dcbb95-a4b0-48e4-ac3e-e34a60078182,9edde27f-9873-44f0-9a55-2a0c0d5e170f,c4,c3,1772,e9,?,
1769497124.0023546,RECEIVED,a9154773-3200-484f-b4ff-0844868ae5d9,2fa2c0eb-0e5e-45d5-81b2-660c61b6a410,c2,None,1603,e12,?,
1769497124.2947545,SENT,b6dcbb95-a4b0-48e4-ac3e-e34a60078182,9edde27f-9873-44f0-9a55-2a0c0d5e170f,c4,c3,1255,?,x5,
1769497124.2947984,FORWARDED,b6dcbb95-a4b0-48e4-ac3e-e34a60078182,9edde27f-9873-44f0-9a55-2a0c0d5e170f,c4,c3,1255,?,x5,
1769497124.403663,SENT,bd44ccfd-8488-4fd8-bd9c-4ce1bf494adb,fbf955e0-befe-4c60-ac82-ac874f82288f,c1,c3,1247,?,x5,
1769497124.4037013,FORWARDED,bd44ccfd-8488-4fd8-bd9c-4ce1bf494adb,fbf955e0-befe-4c60-ac82-ac874f82288f,c1,c3,1247,?,x5,
1769497124.561646,SENT,b9e8a792-30d0-4805-9e9e-f774cfaca04b,5433e6aa-07eb-4e33-9caf-ba5a8881121c,c5,None,1131,?,x11,
1769497124.561685,FORWARDED,b9e8a792-30d0-4805-9e9e-f774cfaca04b,5433e6aa-07eb-4e33-9caf-ba5a8881121c,c5,None,1131,?,x11,
1769497124.723435,SENT,a9154773-3200-484f-b4ff-0844868ae5d9,2fa2c0eb-0e5e-45d5-81b2-660c61b6a410,c2,None,1131,?,x8,
1769497124.7234979,FORWARDED,a9154773-3200-484f-b4ff-0844868ae5d9,2fa2c0eb-0e5e-45d5-81b2-660c61b6a410,c2,None,1131,?,x8,
1769497124.9167888,RECEIVED,877ab8fd-ec12-43f1-a9d8-420b4d51ae2e,d1846868-79c2-45d5-b5fd-f2cf40528fe1,c3,None,1600,e3,?,
1769497125.0581336,RECEIVED,0be36d2d-0aa6-44fa-a2ea-19725b21df24,70633797-b5c0-40a8-a5b6-109f63a7e644,c3,c5,1775,e6,?,
1769497125.146363,SENT,877ab8fd-ec12-43f1-a9d8-420b4d51ae2e,d1846868-79c2-45d5-b5fd-f2cf40528fe1,c3,None,1128,?,x8,
1769497125.1464162,FORWARDED,877ab8fd-ec12-43f1-a9d8-420b4d51ae2e,d1846868-79c2-45d5-b5fd-f2cf40528fe1,c3,None,1128,?,x8,
1769497125.6657107,RECEIVED,84f8b684-ba1c-4b9b-9415-3a5da48ece93,602a2b8c-1875-4876-aeed-3b4164d4b5f2,c1,c3,1780,e3,?,
1769497125.7624075,SENT,84f8b684-ba1c-4b9b-9415-3a5da48ece93,602a2b8c-1875-4876-aeed-3b4164d4b5f2,c1,c3,1263,?,x1,
1769497125.7626793,FORWARDED,84f8b684-ba1c-4b9b-9415-3a5da48ece93,602a2b8c-1875-4876-aeed-3b4164d4b5f2,c1,c3,1263,?,x1,
1769497125.824695,RECEIVED,8cf3e478-20b8-4b0e-a1f4-0d4310c068d3,15da4898-030f-4117-b384-d6fdf02a42c1,c2,None,1598,e9,?,
1769497125.9541702,SENT,0be36d2d-0aa6-44fa-a2ea-19725b21df24,70633797-b5c0-40a8-a5b6-109f63a7e644,c3,c5,1259,?,x5,
1769497125.954293,FORWARDED,0be36d2d-0aa6-44fa-a2ea-19725b21df24,70633797-b5c0-40a8-a5b6-109f63a7e644,c3,c5,1259,?,x5,
1769497126.134822,RECEIVED,6c4d3f2a-a024-4bd3-a761-abf4bb7d87ec,a381abaf-9393-4596-9d19-4e811e2827a6,c3,None,1604,e1,?,
1769497126.3732738,SENT,6c4d3f2a-a024-4bd3-a761-abf4bb7d87ec,a381abaf-9393-4596-9d19-4e811e2827a6,c3,None,1131,?,x5,
1769497126.3733168,FORWARDED,6c4d3f2a-a024-4bd3-a761-abf4bb7d87ec,a381abaf-9393-4596-9d19-4e811e2827a6,c3,None,1131,?,x5,
1769497126.446952,SENT,8cf3e478-20b8-4b0e-a1f4-0d4310c068d3,15da4898-030f-4117-b384-d6fdf02a42c1,c2,None,1127,?,x7,
1769497126.4469945,FORWARDED,8cf3e478-20b8-4b0e-a1f4-0d4310c068d3,15da4898-030f-4117-b384-d6fdf02a42c1,c2,None,1127,?,x7,
1769497127.4541154,RECEIVED,02ea5715-138d-4b7a-b5fe-3b6ab9b08959,b584323e-338d-4175-ad96-502033fce48c,c2,c3,1775,e9,?,
1769497127.706006,RECEIVED,7f0a6eb9-c5a1-4e4d-9de8-1778e6eb22d4,d097787a-18a9-4f6b-9c35-afa1468a1651,c3,None,1604,e2,?,
1769497127.9143076,SENT,7f0a6eb9-c5a1-4e4d-9de8-1778e6eb22d4,d097787a-18a9-4f6b-9c35-afa1468a1651,c3,None,1131,?,x3,
1769497127.9143498,FORWARDED,7f0a6eb9-c5a1-4e4d-9de8-1778e6eb22d4,d097787a-18a9-4f6b-9c35-afa1468a1651,c3,None,1131,?,x3,
1769497128.0052412,SENT,02ea5715-138d-4b7a-b5fe-3b6ab9b08959,b584323e-338d-4175-ad96-502033fce48c,c2,c3,1259,?,x7,
1769497128.0052814,FORWARDED,02ea5715-138d-4b7a-b5fe-3b6ab9b08959,b584323e-338d-4175-ad96-502033fce48c,c2,c3,1259,?,x7,
1769497128.5885937,RECEIVED,6795f60a-00b1-44f8-b9aa-fc5b5484024f,49434802-f60f-48a6-be83-afa607552c56,c1,c3,1767,e2,?,
1769497128.8858004,SENT,6795f60a-00b1-44f8-b9aa-fc5b5484024f,49434802-f60f-48a6-be83-afa607552c56,c1,c3,1254,?,x8,
1769497128.885842,FORWARDED,6795f60a-00b1-44f8-b9aa-fc5b5484024f,49434802-f60f-48a6-be83-afa607552c56,c1,c3,1254,?,x8,
1769497129.3951867,RECEIVED,04058935-67f0-4376-8d01-872d76c5a620,069d50b7-751b-454e-a25a-960490713e73,c1,c3,1768,e7,?,
1769497129.7411935,RECEIVED,87d6b472-9726-4598-bed1-be0aa2f1dade,021bb1a1-bd21-4651-b605-0cccb007c962,c4,c3,1770,e9,?,
1769497129.7445416,SENT,04058935-67f0-4376-8d01-872d76c5a620,069d50b7-751b-454e-a25a-960490713e73,c1,c3,1253,?,x10,
1769497129.7445827,FORWARDED,04058935-67f0-4376-8d01-872d76c5a620,069d50b7-751b-454e-a25a-960490713e73,c1,c3,1253,?,x10,
1769497130.1628807,RECEIVED,7069831d-df07-4cbe-9a73-b718bb74fee1,2e2be7ee-b1e0-4833-8ebb-6fd50db0fabe,c2,None,1607,e7,?,
1769497131.0771742,SENT,87d6b472-9726-4598-bed1-be0aa2f1dade,021bb1a1-bd21-4651-b605-0cccb007c962,c4,c3,1256,?,x9,
1769497131.0772169,FORWARDED,87d6b472-9726-4598-bed1-be0aa2f1dade,021bb1a1-bd21-4651-b605-0cccb007c962,c4,c3,1256,?,x9,
1769497131.1305966,SENT,7069831d-df07-4cbe-9a73-b718bb74fee1,2e2be7ee-b1e0-4833-8ebb-6fd50db0fabe,c2,None,1132,?,x8,
1769497131.1306393,FORWARDED,7069831d-df07-4cbe-9a73-b718bb74fee1,2e2be7ee-b1e0-4833-8ebb-6fd50db0fabe,c2,None,1132,?,x8,
1769497131.436913,RECEIVED,649baa65-ab3a-4b75-8999-02e8149d6273,0b3668aa-b9f4-42d8-af05-dc8b2dfb9b41,c1,c3,1763,e1,?,
1769497133.0174956,SENT,649baa65-ab3a-4b75-8999-02e8149d6273,0b3668aa-b9f4-42d8-af05-dc8b2dfb9b41,c1,c3,1251,?,x1,
1769497133.0175555,FORWARDED,649baa65-ab3a-4b75-8999-02e8149d6273,0b3668aa-b9f4-42d8-af05-dc8b2dfb9b41,c1,c3,1251,?,x1,
1769497133.0447836,RECEIVED,ca8d8bdc-cf4c-4cd5-9d0c-7c5ce87cc31f,129e023f-3174-4ff6-a6b8-b5d84dc5f782,c3,None,1599,e6,?,
1769497133.786961,SENT,ca8d8bdc-cf4c-4cd5-9d0c-7c5ce87cc31f,129e023f-3174-4ff6-a6b8-b5d84dc5f782,c3,None,1127,?,x4,
1769497133.7870202,FORWARDED,ca8d8bdc-cf4c-4cd5-9d0c-7c5ce87cc31f,129e023f-3174-4ff6-a6b8-b5d84dc5f782,c3,None,1127,?,x4,
1769497134.4304774,RECEIVED,8104e795-0334-4674-a926-7b2c8021be3b,9c879f0e-3345-4f9e-806d-fe0c8e0dd0ab,c3,c5,1773,e2,?,
1769497134.5318408,RECEIVED,3c7a20a3-7145-4712-b3fb-ed56bc8bb29e,467e6c22-2156-42a0-bfe6-8a88ee52c347,c5,None,1607,e2,?,
1769497134.6104043,SENT,8104e795-0334-4674-a926-7b2c8021be3b,9c879f0e-3345-4f9e-806d-fe0c8e0dd0ab,c3,c5,1256,?,x11,
1769497134.6104424,FORWARDED,8104e795-0334-4674-a926-7b2c8021be3b,9c879f0e-3345-4f9e-806d-fe0c8e0dd0ab,c3,c5,1256,?,x11,
1769497134.9073102,RECEIVED,dc576645-198b-4430-9c35-e88d149df939,8f295fa5-d841-4244-bc39-09e339b733d5,c4,c3,1775,e1,?,
1769497135.111326,SENT,3c7a20a3-7145-4712-b3fb-ed56bc8bb29e,467e6c22-2156-42a0-bfe6-8a88ee52c347,c5,None,1132,?,x1,
1769497135.1113899,FORWARDED,3c7a20a3-7145-4712-b3fb-ed56bc8bb29e,467e6c22-2156-42a0-bfe6-8a88ee52c347,c5,None,1132,?,x1,
1769497135.4073918,RECEIVED,ac49fb22-c75b-48d3-92df-513afc4f5f9c,5dc9b505-38ed-4f97-8663-f913f3fd1f73,c5,None,1607,e6,?,
1769497135.7790406,SENT,ac49fb22-c75b-48d3-92df-513afc4f5f9c,5dc9b505-38ed-4f97-8663-f913f3fd1f73,c5,None,1132,?,x8,
1769497135.779111,FORWARDED,ac49fb22-c75b-48d3-92df-513afc4f5f9c,5dc9b505-38ed-4f97-8663-f913f3fd1f73,c5,None,1132,?,x8,
1769497135.8116512,RECEIVED,3a65435a-8dca-4874-8afa-e8bf560770c6,30824b01-c1d2-4b6f-9b29-9a2534569ed4,c1,c3,1784,e11,?,
1769497135.853763,SENT,dc576645-198b-4430-9c35-e88d149df939,8f295fa5-d841-4244-bc39-09e339b733d5,c4,c3,1260,?,x7,
1769497135.8538141,FORWARDED,dc576645-198b-4430-9c35-e88d149df939,8f295fa5-d841-4244-bc39-09e339b733d5,c4,c3,1260,?,x7,
1769497136.0802963,SENT,3a65435a-8dca-4874-8afa-e8bf560770c6,30824b01-c1d2-4b6f-9b29-9a2534569ed4,c1,c3,1264,?,x11,
1769497136.080347,FORWARDED,3a65435a-8dca-4874-8afa-e8bf560770c6,30824b01-c1d2-4b6f-9b29-9a2534569ed4,c1,c3,1264,?,x11,
1769497136.295559,RECEIVED,55172a15-310a-4f4b-914f-6874d2020dab,43c0e74f-f947-4540-8992-66946406fe20,c3,None,1599,e8,?,
1769497137.2429247,RECEIVED,d93d017a-ca48-4c86-a90f-ead94290e9ca,b400f5c0-8283-4fd7-9ee1-d194720c91bd,c3,None,1599,e8,?,
1769497137.2657802,SENT,55172a15-310a-4f4b-914f-6874d2020dab,43c0e74f-f947-4540-8992-66946406fe20,c3,None,1128,?,x4,
1769497137.2658381,FORWARDED,55172a15-310a-4f4b-914f-6874d2020dab,43c0e74f-f947-4540-8992-66946406fe20,c3,None,1128,?,x4,
1769497137.400195,RECEIVED,e07c1538-1192-4571-8dcf-31aaf0bce985,c064e5aa-a370-4880-adeb-bc6a286f1670,c3,c5,1771,e6,?,
1769497137.5550387,RECEIVED,eaf486b0-c33d-4f9e-86ed-fe23469d0cc5,3dbd6262-40ca-4233-a0e9-fd43e9309a5d,c1,c3,1777,e2,?,
1769497137.5758011,FORWARDED,eaf486b0-c33d-4f9e-86ed-fe23469d0cc5,3dbd6262-40ca-4233-a0e9-fd43e9309a5d,c1,c3,1259,?,x6,
1769497137.7416866,SENT,e07c1538-1192-4571-8dcf-31aaf0bce985,c064e5aa-a370-4880-adeb-bc6a286f1670,c3,c5,1255,?,x2,
1769497137.7417345,FORWARDED,e07c1538-1192-4571-8dcf-31aaf0bce985,c064e5aa-a370-4880-adeb-bc6a286f1670,c3,c5,1255,?,x2,
1769497138.3160903,RECEIVED,53936afd-672d-4897-a20c-8907ce51898d,b4c099e3-5c14-4192-af6f-81e059c12530,c2,None,1600,e8,?,
1769497138.3450847,SENT,d93d017a-ca48-4c86-a90f-ead94290e9ca,b400f5c0-8283-4fd7-9ee1-d194720c91bd,c3,None,1128,?,x8,
1769497138.3451679,FORWARDED,d93d017a-ca48-4c86-a90f-ead94290e9ca,b400f5c0-8283-4fd7-9ee1-d194720c91bd,c3,None,1128,?,x8,
1769497138.3812442,FORWARDED,53936afd-672d-4897-a20c-8907ce51898d,b4c099e3-5c14-4192-af6f-81e059c12530,c2,None,1127,?,x6,
1769497138.49085,RECEIVED,a0b4ac8f-6bee-490e-8c3a-c29269097b58,1f6ab820-5446-4fe3-9830-3ab0a68e29b1,c3,c5,1780,e9,?,
1769497138.6611478,RECEIVED,0a40e44a-0eed-4c61-91ca-fdf5abf50111,aea484b7-122a-4779-becc-20e568a5ecae,c3,None,1608,e2,?,
1769497138.6666894,SENT,a0b4ac8f-6bee-490e-8c3a-c29269097b58,1f6ab820-5446-4fe3-9830-3ab0a68e29b1,c3,c5,1262,?,x8,
1769497138.6667302,FORWARDED,a0b4ac8f-6bee-490e-8c3a-c29269097b58,1f6ab820-5446-4fe3-9830-3ab0a68e29b1,c3,c5,1262,?,x8,
1769497138.738106,SENT,0a40e44a-0eed-4c61-91ca-fdf5abf50111,aea484b7-122a-4779-becc-20e568a5ecae,c3,None,1132,?,x8,
1769497138.7381501,FORWARDED,0a40e44a-0eed-4c61-91ca-fdf5abf50111,aea484b7-122a-4779-becc-20e568a5ecae,c3,None,1132,?,x8,
1769497139.1305785,RECEIVED,b3cdf162-4091-4282-a7f5-7f5bc1a0fba6,b8d46028-5ef6-4cb0-9535-4e0a713674d9,c5,None,1595,e3,?,
1769497139.311947,RECEIVED,01d2ccca-caa3-4ff3-8654-23047634fea3,c28747ae-4cd8-44c0-bdc9-a1750cd12e66,c2,c3,1775,e9,?,
1769497139.7641807,RECEIVED,ee517643-d298-46b8-b19b-2358e591acf8,2000044d-5fe1-4ab9-aaad-723fdb621e43,c3,None,1596,e2,?,
1769497139.7917926,SENT,b3cdf162-4091-4282-a7f5-7f5bc1a0fba6,b8d46028-5ef6-4cb0-9535-4e0a713674d9,c5,None,1125,?,x3,
1769497139.791835,FORWARDED,b3cdf162-4091-4282-a7f5-7f5bc1a0fba6,b8d46028-5ef6-4cb0-9535-4e0a713674d9,c5,None,1125,?,x3,
1769497139.8381512,SENT,ee517643-d298-46b8-b19b-2358e591acf8,2000044d-5fe1-4ab9-aaad-723fdb621e43,c3,None,1123,?,x5,
1769497139.8381948,FORWARDED,ee517643-d298-46b8-b19b-2358e591acf8,2000044d-5fe1-4ab9-aaad-723fdb621e43,c3,None,1123,?,x5,
1769497139.9832726,SENT,01d2ccca-caa3-4ff3-8654-23047634fea3,c28747ae-4cd8-44c0-bdc9-a1750cd12e66,c2,c3,1260,?,x8,
1769497139.9833128,FORWARDED,01d2ccca-caa3-4ff3-8654-23047634fea3,c28747ae-4cd8-44c0-bdc9-a1750cd12e66,c2,c3,1260,?,x8,
1769497140.0877063,RECEIVED,17085c60-7142-4163-912e-f09ff496e3cd,b3362ece-f7d9-4018-9973-14b13827dfd4,c3,c5,1776,e5,?,
1769497140.3950446,RECEIVED,dc6f1b21-7a2e-44d9-9e8f-180aa15de429,9eb9f752-82cf-4b8f-8320-eb337a3dbca5,c4,c3,1776,e8,?,
1769497140.5127337,RECEIVED,8d85dc07-df8f-442d-9d55-8fed4e16ef40,f82ec577-1d24-4b4f-91c7-1a49676fa304,c5,c2,1776,e9,?,
1769497140.6498575,SENT,17085c60-7142-4163-912e-f09ff496e3cd,b3362ece-f7d9-4018-9973-14b13827dfd4,c3,c5,1259,?,x12,
1769497140.6498997,FORWARDED,17085c60-7142-4163-912e-f09ff496e3cd,b3362ece-f7d9-4018-9973-14b13827dfd4,c3,c5,1259,?,x12,
1769497140.6824806,FORWARDED,dc6f1b21-7a2e-44d9-9e8f-180aa15de429,9eb9f752-82cf-4b8f-8320-eb337a3dbca5,c4,c3,1258,?,x6,
1769497140.6869483,SENT,8d85dc07-df8f-442d-9d55-8fed4e16ef40,f82ec577-1d24-4b4f-91c7-1a49676fa304,c5,c2,1260,?,x4,
1769497140.6869895,FORWARDED,8d85dc07-df8f-442d-9d55-8fed4e16ef40,f82ec577-1d24-4b4f-91c7-1a49676fa304,c5,c2,1260,?,x4,
1769497141.3894892,RECEIVED,97d9f30a-ad67-4e2e-bc95-3537ebf43e02,39fc63cc-8907-4b27-ac9f-6bc6415ee0a6,c3,None,1600,e9,?,
1769497141.3964393,RECEIVED,c0a682e7-c0bf-4b5c-96fb-cfe28db84c18,e77bee10-0f05-4c20-94bf-baa85f730e78,c3,None,1597,e7,?,
1769497141.4957254,SENT,c0a682e7-c0bf-4b5c-96fb-cfe28db84c18,e77bee10-0f05-4c20-94bf-baa85f730e78,c3,None,1124,?,x2,
1769497141.4957676,FORWARDED,c0a682e7-c0bf-4b5c-96fb-cfe28db84c18,e77bee10-0f05-4c20-94bf-baa85f730e78,c3,None,1124,?,x2,
1769497141.7336938,RECEIVED,45bc331c-9608-4bd1-b6e0-7013cca47398,4a94e09e-789a-47da-a9fe-e29e9555b4f9,c3,None,1599,e12,?,
1769497141.8528912,SENT,97d9f30a-ad67-4e2e-bc95-3537ebf43e02,39fc63cc-8907-4b27-ac9f-6bc6415ee0a6,c3,None,1127,?,x11,
1769497141.8529344,FORWARDED,97d9f30a-ad67-4e2e-bc95-3537ebf43e02,39fc63cc-8907-4b27-ac9f-6bc6415ee0a6,c3,None,1127,?,x11,
1769497142.0744097,SENT,45bc331c-9608-4bd1-b6e0-7013cca47398,4a94e09e-789a-47da-a9fe-e29e9555b4f9,c3,None,1128,?,x5,
1769497142.074452,FORWARDED,45bc331c-9608-4bd1-b6e0-7013cca47398,4a94e09e-789a-47da-a9fe-e29e9555b4f9,c3,None,1128,?,x5,
1769497142.3113797,RECEIVED,21c2975f-6685-461e-8512-9c01fecda777,9ba1791b-5b9b-485a-8e17-f84acfc7f262,c2,None,1604,e12,?,
1769497142.4429026,RECEIVED,be6b3f58-a3e2-4657-942b-907c22fa6f9a,a844e475-d3a9-4fbc-9c79-93190e49c1ad,c2,c3,1770,e12,?,
1769497142.6203663,SENT,21c2975f-6685-461e-8512-9c01fecda777,9ba1791b-5b9b-485a-8e17-f84acfc7f262,c2,None,1131,?,x2,
1769497142.6204073,FORWARDED,21c2975f-6685-461e-8512-9c01fecda777,9ba1791b-5b9b-485a-8e17-f84acfc7f262,c2,None,1131,?,x2,
1769497142.7494059,RECEIVED,77cc3fe7-f88b-4202-9891-c2e5a58ed5e6,d6778987-048c-40e5-a3e7-8bdb0fe1ce68,c5,c2,1775,e1,?,
1769497143.1831737,SENT,77cc3fe7-f88b-4202-9891-c2e5a58ed5e6,d6778987-048c-40e5-a3e7-8bdb0fe1ce68,c5,c2,1260,?,x4,
1769497143.1832137,FORWARDED,77cc3fe7-f88b-4202-9891-c2e5a58ed5e6,d6778987-048c-40e5-a3e7-8bdb0fe1ce68,c5,c2,1260,?,x4,
1769497143.188742,RECEIVED,bbfcab6a-6bab-4fc7-92c8-0d3de19113ad,c2ac5d2a-18a6-4e3a-be2b-41d23e327940,c5,c2,1775,e1,?,
1769497143.2015219,SENT,be6b3f58-a3e2-4657-942b-907c22fa6f9a,a844e475-d3a9-4fbc-9c79-93190e49c1ad,c2,c3,1256,?,x3,
1769497143.2015653,FORWARDED,be6b3f58-a3e2-4657-942b-907c22fa6f9a,a844e475-d3a9-4fbc-9c79-93190e49c1ad,c2,c3,1256,?,x3,
1769497143.2141924,RECEIVED,a8346777-0519-4c62-9600-f91f787cc1ab,cfc52fd4-7b4f-4bc8-b99f-d9008f358c4a,c1,c3,1767,e6,?,
1769497143.3283014,SENT,bbfcab6a-6bab-4fc7-92c8-0d3de19113ad,c2ac5d2a-18a6-4e3a-be2b-41d23e327940,c5,c2,1259,?,x7,
1769497143.3283453,FORWARDED,bbfcab6a-6bab-4fc7-92c8-0d3de19113ad,c2ac5d2a-18a6-4e3a-be2b-41d23e327940,c5,c2,1259,?,x7,
1769497143.547044,RECEIVED,2f00443a-40a9-4470-8e60-1f15f3f392c4,7c53afe8-57fb-425f-ba84-69af1c45fb56,c5,None,1594,e12,?,
1769497143.6780639,RECEIVED,f317fcf8-111b-4f83-936b-a313da0a12de,d6baa4d1-85fc-44c1-9a7c-d2b09f5b9fa9,c4,c3,1785,e3,?,
1769497143.6884618,SENT,a8346777-0519-4c62-9600-f91f787cc1ab,cfc52fd4-7b4f-4bc8-b99f-d9008f358c4a,c1,c3,1252,?,x2,
1769497143.6885045,FORWARDED,a8346777-0519-4c62-9600-f91f787cc1ab,cfc52fd4-7b4f-4bc8-b99f-d9008f358c4a,c1,c3,1252,?,x2,
1769497143.8936841,SENT,f317fcf8-111b-4f83-936b-a313da0a12de,d6baa4d1-85fc-44c1-9a7c-d2b09f5b9fa9,c4,c3,1264,?,x10,
1769497143.893725,FORWARDED,f317fcf8-111b-4f83-936b-a313da0a12de,d6baa4d1-85fc-44c1-9a7c-d2b09f5b9fa9,c4,c3,1264,?,x10,
1769497144.018311,RECEIVED,a71fbc0d-eb86-43ba-9972-e2d9195a38b1,bbc45c8d-54e0-43d7-8311-5a2a012a3af9,c3,c5,1777,e7,?,
1769497144.0957294,SENT,a71fbc0d-eb86-43ba-9972-e2d9195a38b1,bbc45c8d-54e0-43d7-8311-5a2a012a3af9,c3,c5,1260,?,x3,
1769497144.0957694,FORWARDED,a71fbc0d-eb86-43ba-9972-e2d9195a38b1,bbc45c8d-54e0-43d7-8311-5a2a012a3af9,c3,c5,1260,?,x3,
1769497144.1592956,RECEIVED,9e5c51c7-7d1c-4c92-bbaf-bbf33105c220,5f477e89-c3ec-486f-b666-df1483236c8d,c2,None,1613,e11,?,
1769497144.3380158,SENT,9e5c51c7-7d1c-4c92-bbaf-bbf33105c220,5f477e89-c3ec-486f-b666-df1483236c8d,c2,None,1136,?,x10,
1769497144.3386087,FORWARDED,9e5c51c7-7d1c-4c92-bbaf-bbf33105c220,5f477e89-c3ec-486f-b666-df1483236c8d,c2,None,1136,?,x10,
1769497144.5359511,RECEIVED,d59e490c-e5fe-4d61-a21b-636fd3f4be97,59aa5960-4c64-460b-8a92-c2ae104f8bd9,c2,c3,1788,e10,?,
1769497144.5425148,RECEIVED,8ea59b08-0db7-4a80-b782-adf85d02faa3,a208f1ba-56b3-4257-8f53-d37a04df160e,c5,None,1609,e7,?,
1769497144.5721874,RECEIVED,e603a499-47db-4fb9-b141-33537d3d43df,d977a9b1-b529-4cf0-9c93-7a5e8f3817ca,c1,c3,1779,e9,?,
1769497144.6417847,SENT,8ea59b08-0db7-4a80-b782-adf85d02faa3,a208f1ba-56b3-4257-8f53-d37a04df160e,c5,None,1132,?,x12,
1769497144.641828,FORWARDED,8ea59b08-0db7-4a80-b782-adf85d02faa3,a208f1ba-56b3-4257-8f53-d37a04df160e,c5,None,1132,?,x12,
1769497144.6771626,SENT,2f00443a-40a9-4470-8e60-1f15f3f392c4,7c53afe8-57fb-425f-ba84-69af1c45fb56,c5,None,1123,?,x3,
1769497144.6772025,FORWARDED,2f00443a-40a9-4470-8e60-1f15f3f392c4,7c53afe8-57fb-425f-ba84-69af1c45fb56,c5,None,1123,?,x3,
1769497144.8574226,SENT,d59e490c-e5fe-4d61-a21b-636fd3f4be97,59aa5960-4c64-460b-8a92-c2ae104f8bd9,c2,c3,1268,?,x11,
1769497144.8574653,FORWARDED,d59e490c-e5fe-4d61-a21b-636fd3f4be97,59aa5960-4c64-460b-8a92-c2ae104f8bd9,c2,c3,1268,?,x11,
1769497145.151155,RECEIVED,db1296d0-eefa-43e3-bf2f-30148dfcf527,a9349f0f-8e21-40a4-8540-ffc46edfbd12,c3,None,1594,e7,?,
1769497145.312441,RECEIVED,c25e24ec-f589-43a3-8936-678f6de3d90c,118d570d-b1fa-4f33-8003-08afa1bb7cf9,c5,None,1596,e6,?,
1769497145.3667233,SENT,db1296d0-eefa-43e3-bf2f-30148dfcf527,a9349f0f-8e21-40a4-8540-ffc46edfbd12,c3,None,1123,?,x7,
1769497145.3667655,FORWARDED,db1296d0-eefa-43e3-bf2f-30148dfcf527,a9349f0f-8e21-40a4-8540-ffc46edfbd12,c3,None,1123,?,x7,
1769497145.4096518,SENT,c25e24ec-f589-43a3-8936-678f6de3d90c,118d570d-b1fa-4f33-8003-08afa1bb7cf9,c5,None,1124,?,x9,
1769497145.4096944,FORWARDED,c25e24ec-f589-43a3-8936-678f6de3d90c,118d570d-b1fa-4f33-8003-08afa1bb7cf9,c5,None,1124,?,x9,
1769497145.8478928,RECEIVED,73bfab36-b1e3-463c-a66b-d3c08489bee6,b8ba8c1f-2a78-44a4-9570-907b4cedcfa5,c3,None,1596,e11,?,
1769497145.911667,SENT,73bfab36-b1e3-463c-a66b-d3c08489bee6,b8ba8c1f-2a78-44a4-9570-907b4cedcfa5,c3,None,1123,?,x8,
1769497145.9117103,FORWARDED,73bfab36-b1e3-463c-a66b-d3c08489bee6,b8ba8c1f-2a78-44a4-9570-907b4cedcfa5,c3,None,1123,?,x8,
1769497146.1676147,RECEIVED,69eb5930-dcc8-4c92-a0e4-754066e71da1,a66bb7f3-ccbd-4e5b-a072-7a68a82febe2,c2,c3,1775,e8,?,
1769497146.3483682,RECEIVED,ec83300f-ba93-4a05-a218-1a1c66d5f59b,c39ff569-0000-4579-9397-8969c0c059a0,c3,None,1599,e11,?,
1769497146.3774114,SENT,69eb5930-dcc8-4c92-a0e4-754066e71da1,a66bb7f3-ccbd-4e5b-a072-7a68a82febe2,c2,c3,1259,?,x2,
1769497146.3774529,FORWARDED,69eb5930-dcc8-4c92-a0e4-754066e71da1,a66bb7f3-ccbd-4e5b-a072-7a68a82febe2,c2,c3,1259,?,x2,
1769497146.9810388,SENT,ec83300f-ba93-4a05-a218-1a1c66d5f59b,c39ff569-0000-4579-9397-8969c0c059a0,c3,None,1127,?,x5,
1769497146.9811027,FORWARDED,ec83300f-ba93-4a05-a218-1a1c66d5f59b,c39ff569-0000-4579-9397-8969c0c059a0,c3,None,1127,?,x5,
1769497147.0088894,FORWARDED,e603a499-47db-4fb9-b141-33537d3d43df,d977a9b1-b529-4cf0-9c93-7a5e8f3817ca,c1,c3,1261,?,x6,
1769497147.4727595,RECEIVED,a41a265e-e338-44c0-bee3-5089b894bba5,67cc43fb-1254-4d3f-9f3c-3dc062cefd27,c1,c3,1772,e2,?,
1769497147.700216,RECEIVED,6498fe69-1f2c-406f-b3ab-d8835a94a10c,9b32f1d4-805b-490b-a7ea-c28027c0fc2b,c3,None,1600,e2,?,
1769497147.7390134,RECEIVED,f65bb9eb-7541-424c-b2cc-6c95bfe09fa4,3bced77f-7444-4a1b-a72c-3118a7794f16,c3,c5,1772,e8,?,
1769497147.7863972,SENT,6498fe69-1f2c-406f-b3ab-d8835a94a10c,9b32f1d4-805b-490b-a7ea-c28027c0fc2b,c3,None,1127,?,x9,
1769497147.786439,FORWARDED,6498fe69-1f2c-406f-b3ab-d8835a94a10c,9b32f1d4-805b-490b-a7ea-c28027c0fc2b,c3,None,1127,?,x9,
1769497147.845042,SENT,a41a265e-e338-44c0-bee3-5089b894bba5,67cc43fb-1254-4d3f-9f3c-3dc062cefd27,c1,c3,1255,?,x12,
1769497147.8451028,FORWARDED,a41a265e-e338-44c0-bee3-5089b894bba5,67cc43fb-1254-4d3f-9f3c-3dc062cefd27,c1,c3,1255,?,x12,
1769497147.9658327,SENT,f65bb9eb-7541-424c-b2cc-6c95bfe09fa4,3bced77f-7444-4a1b-a72c-3118a7794f16,c3,c5,1256,?,x4,
1769497147.965873,FORWARDED,f65bb9eb-7541-424c-b2cc-6c95bfe09fa4,3bced77f-7444-4a1b-a72c-3118a7794f16,c3,c5,1256,?,x4,
1769497148.0352304,RECEIVED,b979cb86-4597-4e08-bfbd-a129da132245,c28d36a6-0959-4e7c-9dbf-378875b713e0,c3,None,1599,e12,?,
1769497148.377541,FORWARDED,b979cb86-4597-4e08-bfbd-a129da132245,c28d36a6-0959-4e7c-9dbf-378875b713e0,c3,None,1128,?,x6,
1769497149.2337573,RECEIVED,37261dd9-1b54-4f98-97c3-0f3c743a578e,aa71a913-4970-4772-ad27-1b42e097fa02,c3,None,1603,e11,?,
1769497149.3168194,FORWARDED,37261dd9-1b54-4f98-97c3-0f3c743a578e,aa71a913-4970-4772-ad27-1b42e097fa02,c3,None,1131,?,x6,
1769497149.564157,RECEIVED,800d4e1f-f933-4160-81a9-f17ee647e922,a28d8092-caea-474c-afa3-2644d96e9bb4,c4,c3,1772,e3,?,
1769497149.7112362,RECEIVED,b63edac0-d158-4bff-a569-02e134339691,3a023a44-7a8d-48ca-a496-39433b125529,c3,None,1604,e3,?,
1769497150.4405973,RECEIVED,e61a4b12-2fa4-4978-9d50-a84b56d523d7,2b93d651-8365-48cd-9c74-d210ef57a146,c3,None,1607,e1,?,
1769497150.4473443,SENT,b63edac0-d158-4bff-a569-02e134339691,3a023a44-7a8d-48ca-a496-39433b125529,c3,None,1131,?,x12,
1769497150.4473944,FORWARDED,b63edac0-d158-4bff-a569-02e134339691,3a023a44-7a8d-48ca-a496-39433b125529,c3,None,1131,?,x12,
1769497150.7562752,RECEIVED,5dfad78e-641a-492c-8cc4-3f07f590d1e4,218be0ad-c174-46b9-8215-b61e656c5394,c3,None,1595,e1,?,
1769497150.9180722,SENT,5dfad78e-641a-492c-8cc4-3f07f590d1e4,218be0ad-c174-46b9-8215-b61e656c5394,c3,None,1123,?,x7,
1769497150.918116,FORWARDED,5dfad78e-641a-492c-8cc4-3f07f590d1e4,218be0ad-c174-46b9-8215-b61e656c5394,c3,None,1123,?,x7,
1769497151.064536,SENT,800d4e1f-f933-4160-81a9-f17ee647e922,a28d8092-caea-474c-afa3-2644d96e9bb4,c4,c3,1257,?,x12,
1769497151.064576,FORWARDED,800d4e1f-f933-4160-81a9-f17ee647e922,a28d8092-caea-474c-afa3-2644d96e9bb4,c4,c3,1257,?,x12,
1769497151.8676498,SENT,e61a4b12-2fa4-4978-9d50-a84b56d523d7,2b93d651-8365-48cd-9c74-d210ef57a146,c3,None,1134,?,x4,
1769497151.8677692,FORWARDED,e61a4b12-2fa4-4978-9d50-a84b56d523d7,2b93d651-8365-48cd-9c74-d210ef57a146,c3,None,1134,?,x4,
1769497152.1346865,RECEIVED,51ae1f21-f0fb-4b0d-b7a6-e735fddb7213,b33899f9-be09-4b72-987c-e3fb612b3358,c3,None,1602,e1,?,
1769497152.4698298,SENT,51ae1f21-f0fb-4b0d-b7a6-e735fddb7213,b33899f9-be09-4b72-987c-e3fb612b3358,c3,None,1131,?,x7,
1769497152.469963,FORWARDED,51ae1f21-f0fb-4b0d-b7a6-e735fddb7213,b33899f9-be09-4b72-987c-e3fb612b3358,c3,None,1131,?,x7,
1769497152.7988272,RECEIVED,441d66d1-f15d-4925-b557-9e7690008027,d4c4cff5-eca0-4754-b562-ff2987f637ab,c4,c3,1775,e3,?,
1769497153.375161,SENT,441d66d1-f15d-4925-b557-9e7690008027,d4c4cff5-eca0-4754-b562-ff2987f637ab,c4,c3,1259,?,x9,
1769497153.3752031,FORWARDED,441d66d1-f15d-4925-b557-9e7690008027,d4c4cff5-eca0-4754-b562-ff2987f637ab,c4,c3,1259,?,x9,
1769497153.748114,RECEIVED,c5898751-6928-42ac-8cd2-31f78c974d56,167a6913-ca2e-4801-80d0-fe379539ec58,c3,None,1595,e1,?,
1769497153.7956336,RECEIVED,805a7d53-82d7-44d3-86be-f6ed4c93fb4e,d83c6422-ba85-4b73-9728-f4f9b1bd161d,c2,c3,1780,e12,?,
1769497153.9381692,SENT,805a7d53-82d7-44d3-86be-f6ed4c93fb4e,d83c6422-ba85-4b73-9728-f4f9b1bd161d,c2,c3,1263,?,x9,
1769497153.9382236,FORWARDED,805a7d53-82d7-44d3-86be-f6ed4c93fb4e,d83c6422-ba85-4b73-9728-f4f9b1bd161d,c2,c3,1263,?,x9,
1769497154.3989925,RECEIVED,30683c4b-6d20-4767-96cb-1051ae05cd34,0239a064-258a-4e3d-8b85-0cd7d893f0ea,c1,c3,1772,e6,?,
1769497154.5543516,SENT,30683c4b-6d20-4767-96cb-1051ae05cd34,0239a064-258a-4e3d-8b85-0cd7d893f0ea,c1,c3,1255,?,x9,
1769497154.5543923,FORWARDED,30683c4b-6d20-4767-96cb-1051ae05cd34,0239a064-258a-4e3d-8b85-0cd7d893f0ea,c1,c3,1255,?,x9,
1769497155.0433028,SENT,c5898751-6928-42ac-8cd2-31f78c974d56,167a6913-ca2e-4801-80d0-fe379539ec58,c3,None,1124,?,x9,
1769497155.043364,FORWARDED,c5898751-6928-42ac-8cd2-31f78c974d56,167a6913-ca2e-4801-80d0-fe379539ec58,c3,None,1124,?,x9,
1769497156.0622344,RECEIVED,4b024958-84c6-4f02-9db0-574d301b5742,86b3be31-a94c-41d2-b88d-0c80f7fe75ab,c1,c3,1775,e1,?,
1769497156.8589103,SENT,4b024958-84c6-4f02-9db0-574d301b5742,86b3be31-a94c-41d2-b88d-0c80f7fe75ab,c1,c3,1260,?,x7,
1769497156.8589559,FORWARDED,4b024958-84c6-4f02-9db0-574d301b5742,86b3be31-a94c-41d2-b88d-0c80f7fe75ab,c1,c3,1260,?,x7,
1769497157.0112567,RECEIVED,91039cd1-790b-4ffe-b7e6-a8161dd02fee,7f67e697-e29b-449d-af0b-dfa56bb7bfc0,c5,None,1594,e10,?,
1769497157.0185342,RECEIVED,ba299418-f0e5-41af-8526-110e29c17ab0,9a2c04b3-bc97-49e7-bf5e-42627a118e74,c3,None,1596,e5,?,
1769497157.087374,SENT,ba299418-f0e5-41af-8526-110e29c17ab0,9a2c04b3-bc97-49e7-bf5e-42627a118e74,c3,None,1123,?,x1,
1769497157.0874267,FORWARDED,ba299418-f0e5-41af-8526-110e29c17ab0,9a2c04b3-bc97-49e7-bf5e-42627a118e74,c3,None,1123,?,x1,
1769497157.848291,SENT,91039cd1-790b-4ffe-b7e6-a8161dd02fee,7f67e697-e29b-449d-af0b-dfa56bb7bfc0,c5,None,1123,?,x4,
1769497157.8483493,FORWARDED,91039cd1-790b-4ffe-b7e6-a8161dd02fee,7f67e697-e29b-449d-af0b-dfa56bb7bfc0,c5,None,1123,?,x4,
1769497158.0219345,RECEIVED,00f09575-5f93-4048-9a50-d97dad0d8d1f,e759107b-dd92-44fe-937c-b2172b9e7780,c3,None,1599,e1,?,
1769497158.250668,RECEIVED,93636094-5900-4dd9-a55e-d2bb18f84ac2,90e7d789-2034-47a6-894c-2a9f5b151b9c,c1,c3,1776,e3,?,
1769497158.3632088,SENT,93636094-5900-4dd9-a55e-d2bb18f84ac2,90e7d789-2034-47a6-894c-2a9f5b151b9c,c1,c3,1260,?,x1,
1769497158.363251,FORWARDED,93636094-5900-4dd9-a55e-d2bb18f84ac2,90e7d789-2034-47a6-894c-2a9f5b151b9c,c1,c3,1260,?,x1,
1769497158.5819695,RECEIVED,0342c715-728a-4e6c-84c1-5d38029b8139,68dd3175-0b04-486c-aa32-6fc6a3394bda,c3,None,1596,e8,?,
1769497158.7799342,SENT,00f09575-5f93-4048-9a50-d97dad0d8d1f,e759107b-dd92-44fe-937c-b2172b9e7780,c3,None,1127,?,x5,
1769497158.7799768,FORWARDED,00f09575-5f93-4048-9a50-d97dad0d8d1f,e759107b-dd92-44fe-937c-b2172b9e7780,c3,None,1127,?,x5,
1769497159.1041605,RECEIVED,4871b117-0450-4262-bdfb-0ec79269d077,400bf6af-8475-42f6-8922-695d4c426f76,c2,c3,1767,e5,?,
1769497159.3468823,RECEIVED,2ab42957-34d6-4362-9c88-1934387bfdb5,f93f3e1d-9d4a-4f0e-9665-5110ad879784,c2,c3,1781,e2,?,
1769497159.466135,SENT,2ab42957-34d6-4362-9c88-1934387bfdb5,f93f3e1d-9d4a-4f0e-9665-5110ad879784,c2,c3,1261,?,x10,
1769497159.466176,FORWARDED,2ab42957-34d6-4362-9c88-1934387bfdb5,f93f3e1d-9d4a-4f0e-9665-5110ad879784,c2,c3,1261,?,x10,
1769497159.6926847,SENT,0342c715-728a-4e6c-84c1-5d38029b8139,68dd3175-0b04-486c-aa32-6fc6a3394bda,c3,None,1123,?,x12,
1769497159.6928184,FORWARDED,0342c715-728a-4e6c-84c1-5d38029b8139,68dd3175-0b04-486c-aa32-6fc6a3394bda,c3,None,1123,?,x12,
1769497159.7713552,SENT,4871b117-0450-4262-bdfb-0ec79269d077,400bf6af-8475-42f6-8922-695d4c426f76,c2,c3,1254,?,x4,
1769497159.7714212,FORWARDED,4871b117-0450-4262-bdfb-0ec79269d077,400bf6af-8475-42f6-8922-695d4c426f76,c2,c3,1254,?,x4,
1769497160.331528,RECEIVED,099530dd-dbdc-4059-926b-7746d473962b,5c470220-dbbe-4229-849b-fc35c1fe504e,c3,c5,1772,e3,?,
1769497160.3505542,RECEIVED,57b08f76-5bfd-48fc-9c75-52edd5556c42,0cbc0f0e-553b-4001-bbd1-0e6fe0e583b0,c3,None,1587,e1,?,
1769497160.7169464,RECEIVED,ca9d729c-e891-4912-ae41-96950ae50803,ba278375-305e-4fac-8894-c45d2a2a1eea,c3,None,1609,e9,?,
1769497160.7443364,SENT,ca9d729c-e891-4912-ae41-96950ae50803,ba278375-305e-4fac-8894-c45d2a2a1eea,c3,None,1132,?,x9,
1769497160.7443922,FORWARDED,ca9d729c-e891-4912-ae41-96950ae50803,ba278375-305e-4fac-8894-c45d2a2a1eea,c3,None,1132,?,x9,
1769497160.8315983,SENT,099530dd-dbdc-4059-926b-7746d473962b,5c470220-dbbe-4229-849b-fc35c1fe504e,c3,c5,1256,?,x5,
1769497160.8316512,FORWARDED,099530dd-dbdc-4059-926b-7746d473962b,5c470220-dbbe-4229-849b-fc35c1fe504e,c3,c5,1256,?,x5,
1769497160.9311867,RECEIVED,c55e4d09-ccea-4f86-8360-178aa31391f5,905a48ab-1c74-4369-800f-66e7d6ca4a87,c2,None,1596,e12,?,
1769497160.969097,RECEIVED,2392dce4-9dab-4b87-9cbf-b8f682b52bd1,7c72038c-f2bd-4526-a217-ab661ac927ee,c3,None,1607,e6,?,
1769497160.9782946,SENT,c55e4d09-ccea-4f86-8360-178aa31391f5,905a48ab-1c74-4369-800f-66e7d6ca4a87,c2,None,1123,?,x3,
1769497160.978348,FORWARDED,c55e4d09-ccea-4f86-8360-178aa31391f5,905a48ab-1c74-4369-800f-66e7d6ca4a87,c2,None,1123,?,x3,
1769497160.9971929,FORWARDED,57b08f76-5bfd-48fc-9c75-52edd5556c42,0cbc0f0e-553b-4001-bbd1-0e6fe0e583b0,c3,None,1119,?,x6,
1769497161.0085135,RECEIVED,481008bf-1ed9-49b0-b26a-ebf854cf749a,c149e967-b869-4c6a-ad5c-1c0de1543461,c3,None,1599,e3,?,
1769497161.1320834,FORWARDED,2392dce4-9dab-4b87-9cbf-b8f682b52bd1,7c72038c-f2bd-4526-a217-ab661ac927ee,c3,None,1132,?,x6,
1769497161.7382817,SENT,481008bf-1ed9-49b0-b26a-ebf854cf749a,c149e967-b869-4c6a-ad5c-1c0de1543461,c3,None,1127,?,x9,
1769497161.738338,FORWARDED,481008bf-1ed9-49b0-b26a-ebf854cf749a,c149e967-b869-4c6a-ad5c-1c0de1543461,c3,None,1127,?,x9,
1769497161.7737362,RECEIVED,5f077d82-746c-4c92-8079-1840bcabbb07,537cb6e5-6e5e-4b98-a7c4-67a1251b86d3,c4,c3,1775,e12,?,
1769497161.9050834,RECEIVED,2cfc358a-c972-4194-8858-4a0683b69bd0,62bf1364-3e2f-42af-8f75-321d37703edd,c5,None,1598,e2,?,
1769497161.981534,SENT,2cfc358a-c972-4194-8858-4a0683b69bd0,62bf1364-3e2f-42af-8f75-321d37703edd,c5,None,1123,?,x12,
1769497161.9815888,FORWARDED,2cfc358a-c972-4194-8858-4a0683b69bd0,62bf1364-3e2f-42af-8f75-321d37703edd,c5,None,1123,?,x12,
1769497162.168011,SENT,5f077d82-746c-4c92-8079-1840bcabbb07,537cb6e5-6e5e-4b98-a7c4-67a1251b86d3,c4,c3,1259,?,x5,
1769497162.1680794,FORWARDED,5f077d82-746c-4c92-8079-1840bcabbb07,537cb6e5-6e5e-4b98-a7c4-67a1251b86d3,c4,c3,1259,?,x5,
1769497162.6920052,RECEIVED,5f74a874-cfca-44d7-ba8c-d112acf123b3,b245da8f-f630-4a06-b167-3cda51cb2712,c1,c3,1781,e10,?,
1769497162.725913,SENT,5f74a874-cfca-44d7-ba8c-d112acf123b3,b245da8f-f630-4a06-b167-3cda51cb2712,c1,c3,1261,?,x2,
1769497162.7259684,FORWARDED,5f74a874-cfca-44d7-ba8c-d112acf123b3,b245da8f-f630-4a06-b167-3cda51cb2712,c1,c3,1261,?,x2,
1769497163.126641,RECEIVED,d613ffcd-059e-4545-94c9-141164ef1f07,edd84c06-c844-46c6-a7cb-bc59e4436ef1,c3,c5,1776,e2,?,
1769497163.2652342,RECEIVED,1a01fb84-95c3-4848-a4e0-e5b2aff7f377,893d3b04-3880-4224-87c5-21f29053bc8f,c3,None,1600,e11,?,
1769497163.2842941,SENT,d613ffcd-059e-4545-94c9-141164ef1f07,edd84c06-c844-46c6-a7cb-bc59e4436ef1,c3,c5,1260,?,x2,
1769497163.2843568,FORWARDED,d613ffcd-059e-4545-94c9-141164ef1f07,edd84c06-c844-46c6-a7cb-bc59e4436ef1,c3,c5,1260,?,x2,
1769497164.0809503,SENT,1a01fb84-95c3-4848-a4e0-e5b2aff7f377,893d3b04-3880-4224-87c5-21f29053bc8f,c3,None,1128,?,x11,
1769497164.0810041,FORWARDED,1a01fb84-95c3-4848-a4e0-e5b2aff7f377,893d3b04-3880-4224-87c5-21f29053bc8f,c3,None,1128,?,x11,
1769497164.2402012,RECEIVED,9975ed57-3812-4e4a-b909-4c6a09f598e9,d3054ac4-ef2c-47b3-8a7b-2e6220e68370,c3,None,1603,e11,?,
1769497164.6926475,RECEIVED,7e5c58eb-26f1-406d-818e-a704bb1cdfd8,53545980-293c-4c4f-a1f5-20193c56f2d5,c2,None,1595,e8,?,
1769497164.991683,RECEIVED,5299e893-8659-4b3c-a1e9-234f1f98703a,cbb95aae-dbaf-41ac-bd1a-36610eccfca4,c5,c2,1772,e2,?,
1769497164.9959252,SENT,7e5c58eb-26f1-406d-818e-a704bb1cdfd8,53545980-293c-4c4f-a1f5-20193c56f2d5,c2,None,1123,?,x1,
1769497164.9959824,FORWARDED,7e5c58eb-26f1-406d-818e-a704bb1cdfd8,53545980-293c-4c4f-a1f5-20193c56f2d5,c2,None,1123,?,x1,
1769497165.3388171,RECEIVED,d48ef5cd-f2fe-4768-994a-04aa63b864ea,4bd2b946-dd3b-4e79-8bd4-cee1766f924b,c3,c5,1781,e1,?,
1769497165.3900375,SENT,d48ef5cd-f2fe-4768-994a-04aa63b864ea,4bd2b946-dd3b-4e79-8bd4-cee1766f924b,c3,c5,1263,?,x12,
1769497165.3901188,FORWARDED,d48ef5cd-f2fe-4768-994a-04aa63b864ea,4bd2b946-dd3b-4e79-8bd4-cee1766f924b,c3,c5,1263,?,x12,
1769497165.3940332,SENT,5299e893-8659-4b3c-a1e9-234f1f98703a,cbb95aae-dbaf-41ac-bd1a-36610eccfca4,c5,c2,1256,?,x4,
1769497165.394107,FORWARDED,5299e893-8659-4b3c-a1e9-234f1f98703a,cbb95aae-dbaf-41ac-bd1a-36610eccfca4,c5,c2,1256,?,x4,
1769497166.0105612,FORWARDED,9975ed57-3812-4e4a-b909-4c6a09f598e9,d3054ac4-ef2c-47b3-8a7b-2e6220e68370,c3,None,1129,?,x6,
1769497168.5457945,RECEIVED,11216798-5020-416d-b2ec-6859f419e6e0,c8b32df0-f31c-4a33-9d22-ec6b047e38fd,c2,c3,1767,e7,?,
1769497168.5528,RECEIVED,18b180b6-4e6c-47a7-a778-7c505276a60c,e889ca9d-7869-4e8c-84c6-c831a9d48fd2,c5,c2,1775,e5,?,
1769497168.8323886,SENT,18b180b6-4e6c-47a7-a778-7c505276a60c,e889ca9d-7869-4e8c-84c6-c831a9d48fd2,c5,c2,1259,?,x5,
1769497168.8324356,FORWARDED,18b180b6-4e6c-47a7-a778-7c505276a60c,e889ca9d-7869-4e8c-84c6-c831a9d48fd2,c5,c2,1259,?,x5,
1769497169.2768955,RECEIVED,3c85fec3-9832-4d53-bc99-2939f09b5ba0,a8cc9acc-54bf-4d65-9f6f-1eaea9b2842f,c3,None,1599,e9,?,
1769497169.7082028,RECEIVED,9ed7cf9b-0541-443d-9b2e-9733011f76b9,51946205-1748-4ea2-a7d5-64082013f223,c3,None,1599,e1,?,
1769497169.9415998,RECEIVED,b205fde8-f109-4049-a96a-232514434b0d,59a691a9-62fd-4997-96f8-912f5be6c780,c3,c5,1771,e6,?,
1769497170.185002,SENT,3c85fec3-9832-4d53-bc99-2939f09b5ba0,a8cc9acc-54bf-4d65-9f6f-1eaea9b2842f,c3,None,1127,?,x9,
1769497170.1851017,FORWARDED,3c85fec3-9832-4d53-bc99-2939f09b5ba0,a8cc9acc-54bf-4d65-9f6f-1eaea9b2842f,c3,None,1127,?,x9,
1769497170.1991978,SENT,b205fde8-f109-4049-a96a-232514434b0d,59a691a9-62fd-4997-96f8-912f5be6c780,c3,c5,1256,?,x9,
1769497170.19924,FORWARDED,b205fde8-f109-4049-a96a-232514434b0d,59a691a9-62fd-4997-96f8-912f5be6c780,c3,c5,1256,?,x9,
1769497170.4297535,RECEIVED,7a74b12e-44db-4949-8e0e-2c91322d734d,56c5cb32-f9f7-42d5-b337-6fdeaa10d412,c4,c3,1784,e1,?,
1769497170.4827209,RECEIVED,a9a10f9d-4892-43f5-9696-5a3dcb403a26,2390a05a-f680-4c02-94e2-deab55d431b5,c3,None,1608,e2,?,
1769497170.5535285,SENT,7a74b12e-44db-4949-8e0e-2c91322d734d,56c5cb32-f9f7-42d5-b337-6fdeaa10d412,c4,c3,1265,?,x4,
1769497170.5535781,FORWARDED,7a74b12e-44db-4949-8e0e-2c91322d734d,56c5cb32-f9f7-42d5-b337-6fdeaa10d412,c4,c3,1265,?,x4,
1769497170.7829874,SENT,9ed7cf9b-0541-443d-9b2e-9733011f76b9,51946205-1748-4ea2-a7d5-64082013f223,c3,None,1127,?,x7,
1769497170.7830367,FORWARDED,9ed7cf9b-0541-443d-9b2e-9733011f76b9,51946205-1748-4ea2-a7d5-64082013f223,c3,None,1127,?,x7,
1769497171.1096907,SENT,a9a10f9d-4892-43f5-9696-5a3dcb403a26,2390a05a-f680-4c02-94e2-deab55d431b5,c3,None,1133,?,x11,
1769497171.1097333,FORWARDED,a9a10f9d-4892-43f5-9696-5a3dcb403a26,2390a05a-f680-4c02-94e2-deab55d431b5,c3,None,1133,?,x11,
1769497171.4429379,SENT,11216798-5020-416d-b2ec-6859f419e6e0,c8b32df0-f31c-4a33-9d22-ec6b047e38fd,c2,c3,1252,?,x9,
1769497171.442978,FORWARDED,11216798-5020-416d-b2ec-6859f419e6e0,c8b32df0-f31c-4a33-9d22-ec6b047e38fd,c2,c3,1252,?,x9,
1769497171.8519034,RECEIVED,32da0068-d0c5-4f5c-a17f-9a5e34e7383a,ffa6ea79-f168-47c2-9bcb-d5124828bd99,c3,None,1607,e9,?,
1769497171.8619444,RECEIVED,3522b774-5cba-4cf6-bfdb-feca8f141c1b,1974f5bb-f092-42ec-ba4e-f149fb6bff80,c5,c2,1775,e6,?,
1769497172.2374082,RECEIVED,2d3d39d1-c9ce-4b1b-b70c-d6b86d40135e,d31aed71-39b6-4617-9992-fee628de485e,c3,None,1613,e10,?,
1769497172.4370093,SENT,2d3d39d1-c9ce-4b1b-b70c-d6b86d40135e,d31aed71-39b6-4617-9992-fee628de485e,c3,None,1135,?,x11,
1769497172.4370635,FORWARDED,2d3d39d1-c9ce-4b1b-b70c-d6b86d40135e,d31aed71-39b6-4617-9992-fee628de485e,c3,None,1135,?,x11,
1769497172.4721386,RECEIVED,207f05fc-f0cf-49ab-b552-1497ef2cb7c9,65de9f2f-13c0-40c4-94a2-0cdf56ef6b9a,c4,c3,1776,e1,?,
1769497172.5874393,SENT,3522b774-5cba-4cf6-bfdb-feca8f141c1b,1974f5bb-f092-42ec-ba4e-f149fb6bff80,c5,c2,1260,?,x7,
1769497172.587481,FORWARDED,3522b774-5cba-4cf6-bfdb-feca8f141c1b,1974f5bb-f092-42ec-ba4e-f149fb6bff80,c5,c2,1260,?,x7,
1769497172.7043889,SENT,32da0068-d0c5-4f5c-a17f-9a5e34e7383a,ffa6ea79-f168-47c2-9bcb-d5124828bd99,c3,None,1132,?,x4,
1769497172.7044337,FORWARDED,32da0068-d0c5-4f5c-a17f-9a5e34e7383a,ffa6ea79-f168-47c2-9bcb-d5124828bd99,c3,None,1132,?,x4,
1769497173.152826,SENT,207f05fc-f0cf-49ab-b552-1497ef2cb7c9,65de9f2f-13c0-40c4-94a2-0cdf56ef6b9a,c4,c3,1259,?,x11,
1769497173.1528695,FORWARDED,207f05fc-f0cf-49ab-b552-1497ef2cb7c9,65de9f2f-13c0-40c4-94a2-0cdf56ef6b9a,c4,c3,1259,?,x11,
1769497173.3359766,RECEIVED,4f403fad-f9b1-407f-bd51-700209367e79,2e71cf60-7488-40ac-be5e-2ee770214bde,c5,c2,1781,e6,?,
1769497173.7117903,RECEIVED,039b35b4-00e1-419a-8b20-de283db21247,b565e066-c181-4459-b899-1973d8a41a49,c4,c3,1767,e8,?,
1769497173.7569144,SENT,4f403fad-f9b1-407f-bd51-700209367e79,2e71cf60-7488-40ac-be5e-2ee770214bde,c5,c2,1263,?,x11,
1769497173.756966,FORWARDED,4f403fad-f9b1-407f-bd51-700209367e79,2e71cf60-7488-40ac-be5e-2ee770214bde,c5,c2,1263,?,x11,
1769497174.2266562,SENT,039b35b4-00e1-419a-8b20-de283db21247,b565e066-c181-4459-b899-1973d8a41a49,c4,c3,1252,?,x4,
1769497174.2267015,FORWARDED,039b35b4-00e1-419a-8b20-de283db21247,b565e066-c181-4459-b899-1973d8a41a49,c4,c3,1252,?,x4,
1769497174.344264,RECEIVED,59a08ca9-a84e-465d-8489-d975429cc25c,f2711fbf-fe70-45f7-9ece-dbc3f9baf622,c1,c3,1784,e7,?,
1769497174.5692356,SENT,59a08ca9-a84e-465d-8489-d975429cc25c,f2711fbf-fe70-45f7-9ece-dbc3f9baf622,c1,c3,1264,?,x8,
1769497174.5692792,FORWARDED,59a08ca9-a84e-465d-8489-d975429cc25c,f2711fbf-fe70-45f7-9ece-dbc3f9baf622,c1,c3,1264,?,x8,
1769497174.6158144,RECEIVED,3d9f4df7-1df5-4a3b-8b36-a938fda6d661,4a406081-6816-42fc-b1c4-52f976e51bf8,c3,None,1608,e1,?,
1769497175.2232456,SENT,3d9f4df7-1df5-4a3b-8b36-a938fda6d661,4a406081-6816-42fc-b1c4-52f976e51bf8,c3,None,1133,?,x12,
1769497175.2232888,FORWARDED,3d9f4df7-1df5-4a3b-8b36-a938fda6d661,4a406081-6816-42fc-b1c4-52f976e51bf8,c3,None,1133,?,x12,
1769497175.4136224,RECEIVED,ada63d9b-def9-4133-8983-9c66cbad8103,cbf5a371-aca6-4a46-bbf3-55fac4f69a46,c4,c3,1776,e9,?,
1769497175.6647701,SENT,ada63d9b-def9-4133-8983-9c66cbad8103,cbf5a371-aca6-4a46-bbf3-55fac4f69a46,c4,c3,1259,?,x3,
1769497175.6648118,FORWARDED,ada63d9b-def9-4133-8983-9c66cbad8103,cbf5a371-aca6-4a46-bbf3-55fac4f69a46,c4,c3,1259,?,x3,
1769497175.6949842,RECEIVED,e66e26fd-c3f2-490a-a471-5f3ac4cbca0b,fb03c35a-4320-4b61-9e07-aa5709dee172,c4,c3,1771,e8,?,
1769497175.869367,RECEIVED,84fe791c-4695-48a1-b0a1-1c4a6f44a0f1,f5cbce08-7c21-47c0-ae38-3dfc934c669b,c2,None,1604,e5,?,
1769497176.112512,RECEIVED,1754bad4-4910-470b-96d1-fe6fa0f30ecf,4a5ae214-9895-47f0-a9f9-c40d76d735f2,c3,None,1607,e10,?,
1769497176.1183047,FORWARDED,84fe791c-4695-48a1-b0a1-1c4a6f44a0f1,f5cbce08-7c21-47c0-ae38-3dfc934c669b,c2,None,1131,?,x6,
1769497176.222876,RECEIVED,11dfdf8c-9b42-4c5e-92bd-68b0bd83bf5d,02d7b36f-9b4a-418d-bf00-a85112a05ee9,c3,None,1603,e11,?,
1769497176.3751686,SENT,1754bad4-4910-470b-96d1-fe6fa0f30ecf,4a5ae214-9895-47f0-a9f9-c40d76d735f2,c3,None,1132,?,x4,
1769497176.3752248,FORWARDED,1754bad4-4910-470b-96d1-fe6fa0f30ecf,4a5ae214-9895-47f0-a9f9-c40d76d735f2,c3,None,1132,?,x4,
1769497176.6998885,RECEIVED,f9343446-e0a4-4ab1-a8ae-3356daa73cc9,be432838-46c6-4e29-afc2-692dbfe10b53,c5,None,1612,e10,?,
1769497176.7801564,RECEIVED,99a5e8e3-8787-4c7e-a8c1-141f42017a99,4c989ea2-26f5-4ab5-b5d4-2ae66d6f0cef,c5,c2,1776,e6,?,
1769497176.8298798,SENT,99a5e8e3-8787-4c7e-a8c1-141f42017a99,4c989ea2-26f5-4ab5-b5d4-2ae66d6f0cef,c5,c2,1260,?,x5,
1769497176.8299232,FORWARDED,99a5e8e3-8787-4c7e-a8c1-141f42017a99,4c989ea2-26f5-4ab5-b5d4-2ae66d6f0cef,c5,c2,1260,?,x5,
1769497176.8312514,SENT,11dfdf8c-9b42-4c5e-92bd-68b0bd83bf5d,02d7b36f-9b4a-418d-bf00-a85112a05ee9,c3,None,1131,?,x3,
1769497176.831291,FORWARDED,11dfdf8c-9b42-4c5e-92bd-68b0bd83bf5d,02d7b36f-9b4a-418d-bf00-a85112a05ee9,c3,None,1131,?,x3,
1769497177.074564,FORWARDED,e66e26fd-c3f2-490a-a471-5f3ac4cbca0b,fb03c35a-4320-4b61-9e07-aa5709dee172,c4,c3,1255,?,x6,
1769497177.1141307,RECEIVED,63b039c6-3a8b-434b-a442-ccbef0c27882,22973b85-1aa2-42ad-9337-8442322ff9d0,c2,c3,1771,e12,?,
1769497177.2066717,SENT,63b039c6-3a8b-434b-a442-ccbef0c27882,22973b85-1aa2-42ad-9337-8442322ff9d0,c2,c3,1255,?,x3,
1769497177.2067246,FORWARDED,63b039c6-3a8b-434b-a442-ccbef0c27882,22973b85-1aa2-42ad-9337-8442322ff9d0,c2,c3,1255,?,x3,
1769497177.9699402,SENT,f9343446-e0a4-4ab1-a8ae-3356daa73cc9,be432838-46c6-4e29-afc2-692dbfe10b53,c5,None,1135,?,x10,
1769497177.969986,FORWARDED,f9343446-e0a4-4ab1-a8ae-3356daa73cc9,be432838-46c6-4e29-afc2-692dbfe10b53,c5,None,1135,?,x10,
1769497178.1370113,RECEIVED,400336c4-c68d-4490-9edd-8a04c029e6b5,fe8ce59a-3efe-4c50-b703-992a2ec61aac,c3,None,1595,e1,?,
1769497179.109879,SENT,400336c4-c68d-4490-9edd-8a04c029e6b5,fe8ce59a-3efe-4c50-b703-992a2ec61aac,c3,None,1123,?,x4,
1769497179.1099246,FORWARDED,400336c4-c68d-4490-9edd-8a04c029e6b5,fe8ce59a-3efe-4c50-b703-992a2ec61aac,c3,None,1123,?,x4,
1769497179.4404395,RECEIVED,1dbe4ab6-f3a2-4038-a218-80776e2204ce,05380f14-b71f-4fff-a722-4bfb1a295f02,c3,None,1616,e3,?,
1769497179.5183196,SENT,1dbe4ab6-f3a2-4038-a218-80776e2204ce,05380f14-b71f-4fff-a722-4bfb1a295f02,c3,None,1138,?,x1,
1769497179.5184007,FORWARDED,1dbe4ab6-f3a2-4038-a218-80776e2204ce,05380f14-b71f-4fff-a722-4bfb1a295f02,c3,None,1138,?,x1,
1769497182.220709,RECEIVED,6f00d217-43da-45cf-9713-6b12fd5a6aaa,2da49af4-c6f0-4b2b-8887-67354cd19107,c2,c3,1764,e9,?,
1769497182.3919177,SENT,6f00d217-43da-45cf-9713-6b12fd5a6aaa,2da49af4-c6f0-4b2b-8887-67354cd19107,c2,c3,1251,?,x2,
1769497182.391961,FORWARDED,6f00d217-43da-45cf-9713-6b12fd5a6aaa,2da49af4-c6f0-4b2b-8887-67354cd19107,c2,c3,1251,?,x2,
1769497182.4955962,RECEIVED,1a0cef69-6f0c-42b4-92c3-8de7321523b4,6428bea3-cc7f-4003-a4d9-c40a67ed1a1d,c3,None,1600,e8,?,
1769497182.7945547,RECEIVED,17494cf0-9eae-4744-9e7f-dfada516e1db,79b83d70-ac58-4088-90cb-3014029a7f8a,c1,c3,1781,e6,?,
1769497182.8595383,RECEIVED,13125200-9a7d-41b4-9b27-d9abe1a222bc,54fb1eac-cb05-4e1d-a6c4-08acf2b2e36d,c2,None,1594,e2,?,
1769497182.9033177,RECEIVED,ecc83278-d217-4303-83c9-67a32b55c1b2,03f6dc58-f4d1-4c72-96ff-35c3a3e006cd,c2,c3,1771,e2,?,
1769497182.9824178,RECEIVED,a22f0f85-fb35-4b86-9a21-35ffbc78b2bf,f9b2e816-c2a0-4a1e-9e6d-c1fdee9ceafc,c2,c3,1785,e2,?,
1769497183.0364692,RECEIVED,55dec396-5a78-4ba3-b23d-a0f24f8aecce,89d31cfc-6cc1-4a4e-aed4-f1903bc048e4,c4,c3,1775,e10,?,
1769497183.0382092,RECEIVED,774f7efa-6f93-458f-b7eb-87663a0c2b44,8574904f-13ac-495d-b257-9f5db23710ba,c1,c3,1785,e1,?,
1769497183.083308,RECEIVED,0e3674d2-97ac-41c8-8d51-f2a73ce9d429,e5427254-a439-4b30-bdff-67be0535b6e2,c3,None,1595,e7,?,
1769497183.0938702,SENT,17494cf0-9eae-4744-9e7f-dfada516e1db,79b83d70-ac58-4088-90cb-3014029a7f8a,c1,c3,1261,?,x12,
1769497183.0939126,FORWARDED,17494cf0-9eae-4744-9e7f-dfada516e1db,79b83d70-ac58-4088-90cb-3014029a7f8a,c1,c3,1261,?,x12,
1769497183.1616175,RECEIVED,f9af2297-b62f-4e21-8657-bddc0d17438d,b257ace7-6c92-48b8-8fd2-551082762c3f,c2,c3,1780,e10,?,
1769497183.1763387,RECEIVED,f9d8c590-f610-4675-afff-b35fbbc0c51c,a9cee964-93aa-44e5-ba4e-87a6fcfdb370,c5,c2,1780,e10,?,
1769497183.189902,SENT,1a0cef69-6f0c-42b4-92c3-8de7321523b4,6428bea3-cc7f-4003-a4d9-c40a67ed1a1d,c3,None,1127,?,x11,
1769497183.1899471,FORWARDED,1a0cef69-6f0c-42b4-92c3-8de7321523b4,6428bea3-cc7f-4003-a4d9-c40a67ed1a1d,c3,None,1127,?,x11,
1769497183.2272274,SENT,774f7efa-6f93-458f-b7eb-87663a0c2b44,8574904f-13ac-495d-b257-9f5db23710ba,c1,c3,1264,?,x11,
1769497183.2272708,FORWARDED,774f7efa-6f93-458f-b7eb-87663a0c2b44,8574904f-13ac-495d-b257-9f5db23710ba,c1,c3,1264,?,x11,
1769497183.2321486,SENT,a22f0f85-fb35-4b86-9a21-35ffbc78b2bf,f9b2e816-c2a0-4a1e-9e6d-c1fdee9ceafc,c2,c3,1264,?,x12,
1769497183.2321925,FORWARDED,a22f0f85-fb35-4b86-9a21-35ffbc78b2bf,f9b2e816-c2a0-4a1e-9e6d-c1fdee9ceafc,c2,c3,1264,?,x12,
1769497183.382523,RECEIVED,f6a8acfa-20de-455f-a06e-263063b1ecca,8a4aec3b-aa98-4284-b90b-bcfa06dfc573,c3,None,1597,e9,?,
1769497183.4334745,SENT,f6a8acfa-20de-455f-a06e-263063b1ecca,8a4aec3b-aa98-4284-b90b-bcfa06dfc573,c3,None,1123,?,x4,
1769497183.4335165,FORWARDED,f6a8acfa-20de-455f-a06e-263063b1ecca,8a4aec3b-aa98-4284-b90b-bcfa06dfc573,c3,None,1123,?,x4,
1769497183.4842417,SENT,ecc83278-d217-4303-83c9-67a32b55c1b2,03f6dc58-f4d1-4c72-96ff-35c3a3e006cd,c2,c3,1255,?,x2,
1769497183.4842818,FORWARDED,ecc83278-d217-4303-83c9-67a32b55c1b2,03f6dc58-f4d1-4c72-96ff-35c3a3e006cd,c2,c3,1255,?,x2,
1769497183.5299017,SENT,f9d8c590-f610-4675-afff-b35fbbc0c51c,a9cee964-93aa-44e5-ba4e-87a6fcfdb370,c5,c2,1262,?,x8,
1769497183.5299432,FORWARDED,f9d8c590-f610-4675-afff-b35fbbc0c51c,a9cee964-93aa-44e5-ba4e-87a6fcfdb370,c5,c2,1262,?,x8,
1769497183.5874047,SENT,55dec396-5a78-4ba3-b23d-a0f24f8aecce,89d31cfc-6cc1-4a4e-aed4-f1903bc048e4,c4,c3,1260,?,x7,
1769497183.5874445,FORWARDED,55dec396-5a78-4ba3-b23d-a0f24f8aecce,89d31cfc-6cc1-4a4e-aed4-f1903bc048e4,c4,c3,1260,?,x7,
1769497183.7484243,SENT,f9af2297-b62f-4e21-8657-bddc0d17438d,b257ace7-6c92-48b8-8fd2-551082762c3f,c2,c3,1263,?,x12,
1769497183.7484639,FORWARDED,f9af2297-b62f-4e21-8657-bddc0d17438d,b257ace7-6c92-48b8-8fd2-551082762c3f,c2,c3,1263,?,x12,
1769497183.911679,RECEIVED,29dcb61b-a195-477c-b862-d7cf6dca92d2,30cdc97f-cc4b-43ff-97cb-074ca1defb16,c5,c2,1775,e3,?,
1769497183.9996262,SENT,13125200-9a7d-41b4-9b27-d9abe1a222bc,54fb1eac-cb05-4e1d-a6c4-08acf2b2e36d,c2,None,1123,?,x7,
1769497183.9996681,FORWARDED,13125200-9a7d-41b4-9b27-d9abe1a222bc,54fb1eac-cb05-4e1d-a6c4-08acf2b2e36d,c2,None,1123,?,x7,
1769497184.1719887,RECEIVED,3ab6ca17-5da8-43e8-ad3a-dad05324a696,66184fd3-2364-43fa-9e4e-bf88d957b654,c4,c3,1773,e7,?,
1769497184.2027586,SENT,3ab6ca17-5da8-43e8-ad3a-dad05324a696,66184fd3-2364-43fa-9e4e-bf88d957b654,c4,c3,1256,?,x11,
1769497184.2028012,FORWARDED,3ab6ca17-5da8-43e8-ad3a-dad05324a696,66184fd3-2364-43fa-9e4e-bf88d957b654,c4,c3,1256,?,x11,
1769497184.2242146,SENT,29dcb61b-a195-477c-b862-d7cf6dca92d2,30cdc97f-cc4b-43ff-97cb-074ca1defb16,c5,c2,1259,?,x3,
1769497184.224255,FORWARDED,29dcb61b-a195-477c-b862-d7cf6dca92d2,30cdc97f-cc4b-43ff-97cb-074ca1defb16,c5,c2,1259,?,x3,
1769497184.5352287,SENT,0e3674d2-97ac-41c8-8d51-f2a73ce9d429,e5427254-a439-4b30-bdff-67be0535b6e2,c3,None,1123,?,x11,
1769497184.5352714,FORWARDED,0e3674d2-97ac-41c8-8d51-f2a73ce9d429,e5427254-a439-4b30-bdff-67be0535b6e2,c3,None,1123,?,x11,
1769497185.1815493,RECEIVED,8cd1ddbe-2088-4629-9065-5fb79aacd6f2,3931f9ec-c1ec-4298-a84b-7f322e6f870d,c2,None,1607,e6,?,
1769497185.8003466,RECEIVED,4ab432f9-04b8-46a2-9fda-9cfbf978bc03,d0c53fd2-37aa-472c-8317-dcf632bc015d,c3,None,1596,e1,?,
1769497185.8418882,RECEIVED,2187def1-a777-407c-83c4-c6ad1bb67ed0,b784e010-30b8-490c-ab73-42e8a854425d,c2,c3,1786,e1,?,
1769497185.8933935,SENT,2187def1-a777-407c-83c4-c6ad1bb67ed0,b784e010-30b8-490c-ab73-42e8a854425d,c2,c3,1264,?,x12,
1769497185.8934412,FORWARDED,2187def1-a777-407c-83c4-c6ad1bb67ed0,b784e010-30b8-490c-ab73-42e8a854425d,c2,c3,1264,?,x12,
1769497185.9892752,RECEIVED,debe8e26-2e61-4514-979a-eee2b288574b,817c26e0-f5c4-4ba8-a293-a7f5ea74bff8,c5,c2,1779,e12,?,
1769497186.023763,RECEIVED,3d1cf11a-ba01-40ee-b3fc-52da018b9ba7,9a89b36b-442d-4e5b-9437-74d4af45058d,c2,c3,1773,e2,?,
1769497186.1426005,SENT,3d1cf11a-ba01-40ee-b3fc-52da018b9ba7,9a89b36b-442d-4e5b-9437-74d4af45058d,c2,c3,1255,?,x12,
1769497186.1426454,FORWARDED,3d1cf11a-ba01-40ee-b3fc-52da018b9ba7,9a89b36b-442d-4e5b-9437-74d4af45058d,c2,c3,1255,?,x12,
1769497186.1805897,SENT,4ab432f9-04b8-46a2-9fda-9cfbf978bc03,d0c53fd2-37aa-472c-8317-dcf632bc015d,c3,None,1124,?,x11,
1769497186.1806366,FORWARDED,4ab432f9-04b8-46a2-9fda-9cfbf978bc03,d0c53fd2-37aa-472c-8317-dcf632bc015d,c3,None,1124,?,x11,
1769497186.3784199,SENT,debe8e26-2e61-4514-979a-eee2b288574b,817c26e0-f5c4-4ba8-a293-a7f5ea74bff8,c5,c2,1262,?,x7,
1769497186.3784614,FORWARDED,debe8e26-2e61-4514-979a-eee2b288574b,817c26e0-f5c4-4ba8-a293-a7f5ea74bff8,c5,c2,1262,?,x7,
1769497186.5870838,SENT,8cd1ddbe-2088-4629-9065-5fb79aacd6f2,3931f9ec-c1ec-4298-a84b-7f322e6f870d,c2,None,1132,?,x7,
1769497186.587127,FORWARDED,8cd1ddbe-2088-4629-9065-5fb79aacd6f2,3931f9ec-c1ec-4298-a84b-7f322e6f870d,c2,None,1132,?,x7,
1769497187.619605,RECEIVED,2ab92c60-d748-4335-a24e-8e3526cb7fbb,69b7c2e3-2457-44c4-b86e-7649696611ac,c2,c3,1780,e12,?,
1769497187.6472828,SENT,2ab92c60-d748-4335-a24e-8e3526cb7fbb,69b7c2e3-2457-44c4-b86e-7649696611ac,c2,c3,1263,?,x2,
1769497187.647322,FORWARDED,2ab92c60-d748-4335-a24e-8e3526cb7fbb,69b7c2e3-2457-44c4-b86e-7649696611ac,c2,c3,1263,?,x2,
1769497187.8304052,RECEIVED,cb39f721-9773-4a9e-8d2d-842e3838c9d4,64541713-b533-48c4-ab61-3495ddd64ddb,c3,None,1600,e12,?,
1769497187.9489207,RECEIVED,eee5601b-0f37-4d10-9aa1-193861832fe4,74255d42-8ace-403d-8c4a-a59f7505c43e,c5,c2,1775,e9,?,
1769497188.0317526,SENT,cb39f721-9773-4a9e-8d2d-842e3838c9d4,64541713-b533-48c4-ab61-3495ddd64ddb,c3,None,1127,?,x2,
1769497188.031793,FORWARDED,cb39f721-9773-4a9e-8d2d-842e3838c9d4,64541713-b533-48c4-ab61-3495ddd64ddb,c3,None,1127,?,x2,
1769497188.1078832,SENT,eee5601b-0f37-4d10-9aa1-193861832fe4,74255d42-8ace-403d-8c4a-a59f7505c43e,c5,c2,1259,?,x4,
1769497188.1079245,FORWARDED,eee5601b-0f37-4d10-9aa1-193861832fe4,74255d42-8ace-403d-8c4a-a59f7505c43e,c5,c2,1259,?,x4,
1769497189.3483837,RECEIVED,d5306feb-39be-4182-ac70-ff4ef157a657,935dfdef-fbea-4a5b-b841-cb1ecb2cabd3,c4,c3,1788,e3,?,
1769497189.8380818,SENT,d5306feb-39be-4182-ac70-ff4ef157a657,935dfdef-fbea-4a5b-b841-cb1ecb2cabd3,c4,c3,1268,?,x9,
1769497189.8381214,FORWARDED,d5306feb-39be-4182-ac70-ff4ef157a657,935dfdef-fbea-4a5b-b841-cb1ecb2cabd3,c4,c3,1268,?,x9,
1769497190.8266437,RECEIVED,d6cabffc-2a87-4ccc-bd4b-24359d6f8f0f,f6211202-3a48-45c0-b8d2-35c9652c9f85,c2,c3,1777,e8,?,
1769497190.8823462,RECEIVED,872ad08d-21d6-428b-b0e3-1820378a4cc4,6d88686d-9e86-4f65-9225-9ec105c8f15c,c4,c3,1773,e5,?,
1769497190.930002,SENT,872ad08d-21d6-428b-b0e3-1820378a4cc4,6d88686d-9e86-4f65-9225-9ec105c8f15c,c4,c3,1255,?,x7,
1769497190.930044,FORWARDED,872ad08d-21d6-428b-b0e3-1820378a4cc4,6d88686d-9e86-4f65-9225-9ec105c8f15c,c4,c3,1255,?,x7,
1769497191.044626,SENT,d6cabffc-2a87-4ccc-bd4b-24359d6f8f0f,f6211202-3a48-45c0-b8d2-35c9652c9f85,c2,c3,1260,?,x10,
1769497191.0446646,FORWARDED,d6cabffc-2a87-4ccc-bd4b-24359d6f8f0f,f6211202-3a48-45c0-b8d2-35c9652c9f85,c2,c3,1260,?,x10,
1769497191.5333622,RECEIVED,3531627f-a42b-4fdd-aadc-f86710678512,edd0dffd-dca2-489c-bd87-4d73e224939d,c5,c2,1783,e10,?,
1769497191.6533523,SENT,3531627f-a42b-4fdd-aadc-f86710678512,edd0dffd-dca2-489c-bd87-4d73e224939d,c5,c2,1264,?,x7,
1769497191.6533914,FORWARDED,3531627f-a42b-4fdd-aadc-f86710678512,edd0dffd-dca2-489c-bd87-4d73e224939d,c5,c2,1264,?,x7,
1769497193.6483006,RECEIVED,54ec3354-3099-4129-b8c1-c301e89ecf0d,5eb956cb-9754-497d-bae4-66f956e9854e,c3,None,1613,e12,?,
1769497193.7336235,SENT,54ec3354-3099-4129-b8c1-c301e89ecf0d,5eb956cb-9754-497d-bae4-66f956e9854e,c3,None,1135,?,x10,
1769497193.7336695,FORWARDED,54ec3354-3099-4129-b8c1-c301e89ecf0d,5eb956cb-9754-497d-bae4-66f956e9854e,c3,None,1135,?,x10,
1769497194.1103818,RECEIVED,92970e6d-b84a-4826-879b-f7d7caa766d5,fd9a7e2c-b3a8-4eb7-93cd-b3970eeaf15d,c2,c3,1776,e9,?,
1769497194.3485956,RECEIVED,99137b31-7a4d-446e-b0ac-483bb6628a4b,fdc7c17d-8cf1-45b0-9e9e-e0f87d42b967,c5,None,1596,e5,?,
1769497194.474893,SENT,99137b31-7a4d-446e-b0ac-483bb6628a4b,fdc7c17d-8cf1-45b0-9e9e-e0f87d42b967,c5,None,1123,?,x8,
1769497194.4749346,FORWARDED,99137b31-7a4d-446e-b0ac-483bb6628a4b,fdc7c17d-8cf1-45b0-9e9e-e0f87d42b967,c5,None,1123,?,x8,
1769497194.5251994,SENT,92970e6d-b84a-4826-879b-f7d7caa766d5,fd9a7e2c-b3a8-4eb7-93cd-b3970eeaf15d,c2,c3,1259,?,x3,
1769497194.5252402,FORWARDED,92970e6d-b84a-4826-879b-f7d7caa766d5,fd9a7e2c-b3a8-4eb7-93cd-b3970eeaf15d,c2,c3,1259,?,x3,
1769497195.228534,RECEIVED,5aee3c27-80ba-42f1-b205-ee9457dbd44e,227ad791-a566-4fe2-9923-569578d00f6d,c2,None,1599,e5,?,
1769497195.4189599,RECEIVED,ca807853-e1db-4492-804a-2380fe39ca42,f2d1fe61-2339-4c04-b7c4-a14d9d0843a6,c4,c3,1785,e12,?,
1769497195.5676618,SENT,ca807853-e1db-4492-804a-2380fe39ca42,f2d1fe61-2339-4c04-b7c4-a14d9d0843a6,c4,c3,1266,?,x11,
1769497195.5677037,FORWARDED,ca807853-e1db-4492-804a-2380fe39ca42,f2d1fe61-2339-4c04-b7c4-a14d9d0843a6,c4,c3,1266,?,x11,
1769497195.6956336,RECEIVED,5917633c-795f-4666-80c6-d582f086c513,d79f7466-3756-4bb7-a8ca-b3c51d6afbdd,c3,None,1592,e8,?,
1769497195.7023647,FORWARDED,5aee3c27-80ba-42f1-b205-ee9457dbd44e,227ad791-a566-4fe2-9923-569578d00f6d,c2,None,1128,?,x6,
1769497195.8617344,FORWARDED,5917633c-795f-4666-80c6-d582f086c513,d79f7466-3756-4bb7-a8ca-b3c51d6afbdd,c3,None,1122,?,x6,
1769497196.9167366,RECEIVED,645810c7-1754-4b21-b31f-8e6cad2bf866,5efca72a-f3b9-450e-9476-fc9f7cb95e09,c4,c3,1779,e12,?,
1769497198.3005424,SENT,645810c7-1754-4b21-b31f-8e6cad2bf866,5efca72a-f3b9-450e-9476-fc9f7cb95e09,c4,c3,1262,?,x7,
1769497198.3006177,FORWARDED,645810c7-1754-4b21-b31f-8e6cad2bf866,5efca72a-f3b9-450e-9476-fc9f7cb95e09,c4,c3,1262,?,x7,
1769497199.4744153,RECEIVED,aabdd7ff-0a17-4d1f-a644-b3eaba022cf6,0e4c1277-3e39-435e-8180-106ef60df678,c2,c3,1779,e1,?,
1769497200.0546288,SENT,aabdd7ff-0a17-4d1f-a644-b3eaba022cf6,0e4c1277-3e39-435e-8180-106ef60df678,c2,c3,1261,?,x10,
1769497200.05467,FORWARDED,aabdd7ff-0a17-4d1f-a644-b3eaba022cf6,0e4c1277-3e39-435e-8180-106ef60df678,c2,c3,1261,?,x10,
1769497200.107613,RECEIVED,8b58cc8a-8a91-4ef1-a5f6-f16b12eb22e2,c99cdd2d-6612-4c6c-85f0-bd73291d658e,c3,None,1596,e11,?,
1769497200.21582,SENT,8b58cc8a-8a91-4ef1-a5f6-f16b12eb22e2,c99cdd2d-6612-4c6c-85f0-bd73291d658e,c3,None,1124,?,x1,
1769497200.2158637,FORWARDED,8b58cc8a-8a91-4ef1-a5f6-f16b12eb22e2,c99cdd2d-6612-4c6c-85f0-bd73291d658e,c3,None,1124,?,x1,
1769497200.5779936,RECEIVED,fb9391d5-3a4d-4461-bc40-be352d749670,b46a5117-d5ee-4685-bbbb-f2a905e572fc,c3,None,1595,e6,?,
1769497200.7910695,RECEIVED,a00dbad8-f356-447e-a709-5ea64733f42f,5943f2e9-5401-432a-a77e-c4da38cc57ab,c3,None,1608,e6,?,
1769497200.8603907,RECEIVED,2c0e7513-6a4b-4886-ab28-90d42e480f49,8611684a-c8a9-4244-b14d-6c27e6474bb6,c3,None,1607,e3,?,
1769497200.8751967,RECEIVED,6b6658cc-365a-46fa-a0b7-a108454db42d,b74ae615-72eb-42ce-8e64-acb26f9055f8,c2,c3,1768,e11,?,
1769497200.9633694,RECEIVED,e1931b06-f066-4175-ac02-1bf4762b3a13,01d7e77b-314c-4178-97bc-caacea0a928e,c5,None,1611,e5,?,
1769497200.983336,SENT,e1931b06-f066-4175-ac02-1bf4762b3a13,01d7e77b-314c-4178-97bc-caacea0a928e,c5,None,1132,?,x11,
1769497200.9833984,FORWARDED,e1931b06-f066-4175-ac02-1bf4762b3a13,01d7e77b-314c-4178-97bc-caacea0a928e,c5,None,1132,?,x11,
1769497201.0106683,SENT,a00dbad8-f356-447e-a709-5ea64733f42f,5943f2e9-5401-432a-a77e-c4da38cc57ab,c3,None,1132,?,x10,
1769497201.0107107,FORWARDED,a00dbad8-f356-447e-a709-5ea64733f42f,5943f2e9-5401-432a-a77e-c4da38cc57ab,c3,None,1132,?,x10,
1769497201.0678074,SENT,fb9391d5-3a4d-4461-bc40-be352d749670,b46a5117-d5ee-4685-bbbb-f2a905e572fc,c3,None,1123,?,x9,
1769497201.0678544,FORWARDED,fb9391d5-3a4d-4461-bc40-be352d749670,b46a5117-d5ee-4685-bbbb-f2a905e572fc,c3,None,1123,?,x9,
1769497201.2095568,SENT,6b6658cc-365a-46fa-a0b7-a108454db42d,b74ae615-72eb-42ce-8e64-acb26f9055f8,c2,c3,1254,?,x1,
1769497201.2096012,FORWARDED,6b6658cc-365a-46fa-a0b7-a108454db42d,b74ae615-72eb-42ce-8e64-acb26f9055f8,c2,c3,1254,?,x1,
1769497201.3907838,RECEIVED,4405433d-09e2-4ded-b89d-fab38166b268,00963ae0-dbaf-486a-aba0-5046827e9163,c3,None,1595,e2,?,
1769497201.432683,SENT,2c0e7513-6a4b-4886-ab28-90d42e480f49,8611684a-c8a9-4244-b14d-6c27e6474bb6,c3,None,1132,?,x8,
1769497201.4327283,FORWARDED,2c0e7513-6a4b-4886-ab28-90d42e480f49,8611684a-c8a9-4244-b14d-6c27e6474bb6,c3,None,1132,?,x8,
1769497201.4929676,SENT,4405433d-09e2-4ded-b89d-fab38166b268,00963ae0-dbaf-486a-aba0-5046827e9163,c3,None,1124,?,x2,
1769497201.4930391,FORWARDED,4405433d-09e2-4ded-b89d-fab38166b268,00963ae0-dbaf-486a-aba0-5046827e9163,c3,None,1124,?,x2,
1769497202.0934002,RECEIVED,e640fecf-79b2-48be-8e80-46e9c3018cc8,4ca7862e-9076-4cde-8b47-fc2df5753fae,c3,None,1595,e8,?,
1769497202.6894872,RECEIVED,41a826d3-04eb-4d34-a91d-407c3df460b0,abbb1b2e-e5ca-4bc1-96ff-4d30ae428540,c3,c5,1775,e1,?,
1769497202.8317144,SENT,e640fecf-79b2-48be-8e80-46e9c3018cc8,4ca7862e-9076-4cde-8b47-fc2df5753fae,c3,None,1123,?,x9,
1769497202.831756,FORWARDED,e640fecf-79b2-48be-8e80-46e9c3018cc8,4ca7862e-9076-4cde-8b47-fc2df5753fae,c3,None,1123,?,x9,
1769497203.7140841,SENT,41a826d3-04eb-4d34-a91d-407c3df460b0,abbb1b2e-e5ca-4bc1-96ff-4d30ae428540,c3,c5,1260,?,x7,
1769497203.7141342,FORWARDED,41a826d3-04eb-4d34-a91d-407c3df460b0,abbb1b2e-e5ca-4bc1-96ff-4d30ae428540,c3,c5,1260,?,x7,
1769497203.7750447,RECEIVED,3bd9d9cb-7a4e-46a3-bfc2-e122ce4e6825,fa18a8c7-1ae0-4408-b0d5-9b896521f014,c1,c3,1773,e2,?,
1769497203.8245444,SENT,3bd9d9cb-7a4e-46a3-bfc2-e122ce4e6825,fa18a8c7-1ae0-4408-b0d5-9b896521f014,c1,c3,1255,?,x10,
1769497203.8245869,FORWARDED,3bd9d9cb-7a4e-46a3-bfc2-e122ce4e6825,fa18a8c7-1ae0-4408-b0d5-9b896521f014,c1,c3,1255,?,x10,
1769497203.9610631,RECEIVED,91270e7f-0673-48ea-99c1-4db8542359c9,dd13ecb0-d0b2-4a6b-bed0-ac93b5c01571,c3,None,1595,e6,?,
1769497204.3362868,SENT,91270e7f-0673-48ea-99c1-4db8542359c9,dd13ecb0-d0b2-4a6b-bed0-ac93b5c01571,c3,None,1124,?,x5,
1769497204.3363297,FORWARDED,91270e7f-0673-48ea-99c1-4db8542359c9,dd13ecb0-d0b2-4a6b-bed0-ac93b5c01571,c3,None,1124,?,x5,
1769497204.490683,RECEIVED,03610cd1-9866-4a02-bbbf-33687abdfd37,79196bcc-805e-40b6-98c8-d4d1e2fc9518,c3,None,1604,e10,?,
1769497204.5309036,RECEIVED,e3d943f0-e1d8-4d2e-8eec-70fb06dd96ed,aad4d1e5-9c4b-4f30-b020-f0e177c34a91,c1,c3,1784,e12,?,
1769497205.1436274,RECEIVED,fc92dd65-0a2f-49fb-a16b-b54f4ebfa565,f6b2f366-875f-4e3e-90e1-8dbd9f8a2c40,c5,None,1591,e5,?,
1769497205.191521,SENT,e3d943f0-e1d8-4d2e-8eec-70fb06dd96ed,aad4d1e5-9c4b-4f30-b020-f0e177c34a91,c1,c3,1265,?,x12,
1769497205.1915627,FORWARDED,e3d943f0-e1d8-4d2e-8eec-70fb06dd96ed,aad4d1e5-9c4b-4f30-b020-f0e177c34a91,c1,c3,1265,?,x12,
1769497205.4885318,RECEIVED,370439d5-af8a-4ea6-9dac-21c2bd4a30da,188bfa98-3930-4e3e-b79f-3d972695098f,c3,None,1599,e3,?,
1769497205.805969,SENT,03610cd1-9866-4a02-bbbf-33687abdfd37,79196bcc-805e-40b6-98c8-d4d1e2fc9518,c3,None,1131,?,x10,
1769497205.80601,FORWARDED,03610cd1-9866-4a02-bbbf-33687abdfd37,79196bcc-805e-40b6-98c8-d4d1e2fc9518,c3,None,1131,?,x10,
1769497205.8087423,SENT,fc92dd65-0a2f-49fb-a16b-b54f4ebfa565,f6b2f366-875f-4e3e-90e1-8dbd9f8a2c40,c5,None,1122,?,x10,
1769497205.8087823,FORWARDED,fc92dd65-0a2f-49fb-a16b-b54f4ebfa565,f6b2f366-875f-4e3e-90e1-8dbd9f8a2c40,c5,None,1122,?,x10,
1769497206.1100588,RECEIVED,7e2c8275-1d06-40ba-a4c4-5961438d512d,dab6dabc-e623-41aa-8bf7-181c4fcc0e89,c5,c2,1768,e2,?,
1769497206.237831,SENT,7e2c8275-1d06-40ba-a4c4-5961438d512d,dab6dabc-e623-41aa-8bf7-181c4fcc0e89,c5,c2,1254,?,x8,
1769497206.2378805,FORWARDED,7e2c8275-1d06-40ba-a4c4-5961438d512d,dab6dabc-e623-41aa-8bf7-181c4fcc0e89,c5,c2,1254,?,x8,
1769497206.4418542,SENT,370439d5-af8a-4ea6-9dac-21c2bd4a30da,188bfa98-3930-4e3e-b79f-3d972695098f,c3,None,1127,?,x8,
1769497206.4418972,FORWARDED,370439d5-af8a-4ea6-9dac-21c2bd4a30da,188bfa98-3930-4e3e-b79f-3d972695098f,c3,None,1127,?,x8,
1769497207.5490646,RECEIVED,dbd42181-ea3a-4dad-b1fe-4953acee1b14,b4d4bb71-2708-4589-b437-5f4784710654,c3,c5,1785,e12,?,
1769497207.7270284,RECEIVED,035ca029-14d3-469b-87d6-8bbc8e69ba5a,d5fdba9e-d52d-4914-9e75-5e520091f1de,c4,c3,1788,e8,?,
1769497208.0445435,SENT,dbd42181-ea3a-4dad-b1fe-4953acee1b14,b4d4bb71-2708-4589-b437-5f4784710654,c3,c5,1264,?,x12,
1769497208.044586,FORWARDED,dbd42181-ea3a-4dad-b1fe-4953acee1b14,b4d4bb71-2708-4589-b437-5f4784710654,c3,c5,1264,?,x12,
1769497208.3500872,SENT,035ca029-14d3-469b-87d6-8bbc8e69ba5a,d5fdba9e-d52d-4914-9e75-5e520091f1de,c4,c3,1267,?,x10,
1769497208.3501294,FORWARDED,035ca029-14d3-469b-87d6-8bbc8e69ba5a,d5fdba9e-d52d-4914-9e75-5e520091f1de,c4,c3,1267,?,x10,
1769497209.462869,RECEIVED,bd7d6ab7-b6a3-4637-ac90-9b90f4633740,dcaac9a8-f832-4ad4-9345-5b537a3efb29,c1,c3,1776,e3,?,
1769497209.5111089,RECEIVED,ab84e894-1c10-4a48-9666-f4db9178cbb8,02abf825-1235-47ee-967f-c8dc910fa556,c1,c3,1764,e2,?,
1769497209.6609313,SENT,bd7d6ab7-b6a3-4637-ac90-9b90f4633740,dcaac9a8-f832-4ad4-9345-5b537a3efb29,c1,c3,1260,?,x9,
1769497209.6610446,FORWARDED,bd7d6ab7-b6a3-4637-ac90-9b90f4633740,dcaac9a8-f832-4ad4-9345-5b537a3efb29,c1,c3,1260,?,x9,
1769497209.8619192,SENT,ab84e894-1c10-4a48-9666-f4db9178cbb8,02abf825-1235-47ee-967f-c8dc910fa556,c1,c3,1250,?,x8,
1769497209.8619587,FORWARDED,ab84e894-1c10-4a48-9666-f4db9178cbb8,02abf825-1235-47ee-967f-c8dc910fa556,c1,c3,1250,?,x8,
1769497210.0359406,RECEIVED,e47132a6-388d-4720-9645-465752c7987b,fbe4856c-6048-40f1-a89e-f5aa1ee72a94,c5,None,1591,e5,?,
1769497210.0722773,RECEIVED,17f15391-25fe-4cdf-b52e-bdd64cb619c0,bc1f9322-005e-4b04-8330-ca61a78655c1,c5,None,1607,e11,?,
1769497210.890657,SENT,e47132a6-388d-4720-9645-465752c7987b,fbe4856c-6048-40f1-a89e-f5aa1ee72a94,c5,None,1122,?,x9,
1769497210.8907015,FORWARDED,e47132a6-388d-4720-9645-465752c7987b,fbe4856c-6048-40f1-a89e-f5aa1ee72a94,c5,None,1122,?,x9,
1769497211.0057216,RECEIVED,6ddda36c-c938-47fb-8e76-5aab6e9f2a35,dc6b2699-4996-4b60-88f2-dbf59836e568,c1,c3,1780,e12,?,
1769497211.0078218,RECEIVED,b9a3d7d8-e0d8-4d90-b4cf-484509d31678,63a843ac-021b-49c4-b6a1-6cdac6bcc4a4,c5,c2,1784,e10,?,
1769497211.2078354,RECEIVED,73046949-17be-4a5f-be5a-8d83681f0eae,d5fe243e-0b68-4a41-9d04-7c6660727543,c3,c5,1772,e9,?,
1769497211.4055698,SENT,73046949-17be-4a5f-be5a-8d83681f0eae,d5fe243e-0b68-4a41-9d04-7c6660727543,c3,c5,1257,?,x4,
1769497211.4056115,FORWARDED,73046949-17be-4a5f-be5a-8d83681f0eae,d5fe243e-0b68-4a41-9d04-7c6660727543,c3,c5,1257,?,x4,
1769497211.462282,SENT,b9a3d7d8-e0d8-4d90-b4cf-484509d31678,63a843ac-021b-49c4-b6a1-6cdac6bcc4a4,c5,c2,1264,?,x12,
1769497211.4623227,FORWARDED,b9a3d7d8-e0d8-4d90-b4cf-484509d31678,63a843ac-021b-49c4-b6a1-6cdac6bcc4a4,c5,c2,1264,?,x12,
1769497211.6476986,SENT,17f15391-25fe-4cdf-b52e-bdd64cb619c0,bc1f9322-005e-4b04-8330-ca61a78655c1,c5,None,1132,?,x2,
1769497211.6477423,FORWARDED,17f15391-25fe-4cdf-b52e-bdd64cb619c0,bc1f9322-005e-4b04-8330-ca61a78655c1,c5,None,1132,?,x2,
1769497211.6570792,RECEIVED,5e3d4004-a813-4553-b269-900de7d66501,7442e858-494a-463e-8360-d8d7fcf1db58,c2,c3,1783,e12,?,
1769497211.7646263,SENT,6ddda36c-c938-47fb-8e76-5aab6e9f2a35,dc6b2699-4996-4b60-88f2-dbf59836e568,c1,c3,1263,?,x11,
1769497211.7646697,FORWARDED,6ddda36c-c938-47fb-8e76-5aab6e9f2a35,dc6b2699-4996-4b60-88f2-dbf59836e568,c1,c3,1263,?,x11,
1769497212.3576982,RECEIVED,d883e743-7bb7-44cc-8901-8cc679e42791,c073326a-ac7c-483f-8fdb-a6c470dedbad,c1,c3,1764,e8,?,
1769497212.447469,SENT,5e3d4004-a813-4553-b269-900de7d66501,7442e858-494a-463e-8360-d8d7fcf1db58,c2,c3,1264,?,x8,
1769497212.4475358,FORWARDED,5e3d4004-a813-4553-b269-900de7d66501,7442e858-494a-463e-8360-d8d7fcf1db58,c2,c3,1264,?,x8,
1769497212.5215352,SENT,d883e743-7bb7-44cc-8901-8cc679e42791,c073326a-ac7c-483f-8fdb-a6c470dedbad,c1,c3,1250,?,x2,
1769497212.5215993,FORWARDED,d883e743-7bb7-44cc-8901-8cc679e42791,c073326a-ac7c-483f-8fdb-a6c470dedbad,c1,c3,1250,?,x2,
1769497212.6481335,RECEIVED,de126330-9631-466f-b695-da7994d79bf7,d1f05a59-b0d2-4211-b4b2-6b43956d4803,c3,None,1603,e5,?,
1769497213.0947363,RECEIVED,72575b3a-2ac1-46fc-a2f8-e187e93f5993,ce565283-c42c-4624-88db-5ae90497dff3,c3,None,1600,e9,?,
1769497213.1571834,SENT,72575b3a-2ac1-46fc-a2f8-e187e93f5993,ce565283-c42c-4624-88db-5ae90497dff3,c3,None,1126,?,x1,
1769497213.1572273,FORWARDED,72575b3a-2ac1-46fc-a2f8-e187e93f5993,ce565283-c42c-4624-88db-5ae90497dff3,c3,None,1126,?,x1,
1769497213.1659768,SENT,de126330-9631-466f-b695-da7994d79bf7,d1f05a59-b0d2-4211-b4b2-6b43956d4803,c3,None,1131,?,x5,
1769497213.1660197,FORWARDED,de126330-9631-466f-b695-da7994d79bf7,d1f05a59-b0d2-4211-b4b2-6b43956d4803,c3,None,1131,?,x5,
1769497213.6676269,RECEIVED,d9a61979-5381-4091-95c1-82827bbddb50,74fb06ca-4906-49d6-ae96-bfa4a45f84ab,c2,c3,1758,e10,?,
1769497214.1454444,SENT,d9a61979-5381-4091-95c1-82827bbddb50,74fb06ca-4906-49d6-ae96-bfa4a45f84ab,c2,c3,1247,?,x9,
1769497214.145504,FORWARDED,d9a61979-5381-4091-95c1-82827bbddb50,74fb06ca-4906-49d6-ae96-bfa4a45f84ab,c2,c3,1247,?,x9,
1769497214.8372006,RECEIVED,75737fb2-7a0b-4737-9589-5b658c446ad6,3897ffcf-da3e-4930-ae59-f4ce6e0ff42b,c2,None,1606,e5,?,
1769497214.913059,RECEIVED,f616815a-667d-4953-96e2-c063e68413b8,69499b4c-0d29-4038-b629-d6b6e0c281f0,c5,None,1607,e7,?,
1769497215.3433952,SENT,75737fb2-7a0b-4737-9589-5b658c446ad6,3897ffcf-da3e-4930-ae59-f4ce6e0ff42b,c2,None,1132,?,x9,
1769497215.3434472,FORWARDED,75737fb2-7a0b-4737-9589-5b658c446ad6,3897ffcf-da3e-4930-ae59-f4ce6e0ff42b,c2,None,1132,?,x9,
1769497215.5339446,RECEIVED,ab3917d5-a925-457f-89b5-678b378db218,996e4b28-b795-4e64-abde-180b1badde86,c5,c2,1780,e9,?,
1769497215.963773,SENT,f616815a-667d-4953-96e2-c063e68413b8,69499b4c-0d29-4038-b629-d6b6e0c281f0,c5,None,1132,?,x9,
1769497215.963823,FORWARDED,f616815a-667d-4953-96e2-c063e68413b8,69499b4c-0d29-4038-b629-d6b6e0c281f0,c5,None,1132,?,x9,
1769497216.0898447,RECEIVED,04e3bf23-c556-48a0-9f69-daab80cdeb83,fe1d7343-cf5e-4529-a87e-1ec13efea94b,c2,c3,1772,e7,?,
1769497216.3077295,SENT,04e3bf23-c556-48a0-9f69-daab80cdeb83,fe1d7343-cf5e-4529-a87e-1ec13efea94b,c2,c3,1256,?,x9,
1769497216.3077784,FORWARDED,04e3bf23-c556-48a0-9f69-daab80cdeb83,fe1d7343-cf5e-4529-a87e-1ec13efea94b,c2,c3,1256,?,x9,
1769497216.787285,RECEIVED,e420c39c-4533-4bc1-805b-4413f57a6f27,15b7c936-95e5-4d81-8a3f-391da21bff7e,c3,None,1607,e11,?,
1769497216.8522966,SENT,ab3917d5-a925-457f-89b5-678b378db218,996e4b28-b795-4e64-abde-180b1badde86,c5,c2,1263,?,x12,
1769497216.8523576,FORWARDED,ab3917d5-a925-457f-89b5-678b378db218,996e4b28-b795-4e64-abde-180b1badde86,c5,c2,1263,?,x12,
1769497217.1392317,RECEIVED,3b1f4b8b-c489-4035-86ac-13fdd411b262,539f9600-c7b4-42c8-a092-aaf7f24fffc9,c4,c3,1788,e7,?,
1769497217.2055864,RECEIVED,37558b1c-2cf2-41bf-bae5-c1f250137259,380f5c62-69fa-4948-9b1f-f804e9e9a919,c4,c3,1766,e11,?,
1769497217.329428,RECEIVED,8b700c88-7b8f-4053-ae5e-191b3e5a9cf7,b7a9e4d3-2f35-4584-b4ff-eb152b19c4be,c2,c3,1773,e11,?,
1769497217.3574262,FORWARDED,8b700c88-7b8f-4053-ae5e-191b3e5a9cf7,b7a9e4d3-2f35-4584-b4ff-eb152b19c4be,c2,c3,1255,?,x6,
1769497217.5206733,SENT,3b1f4b8b-c489-4035-86ac-13fdd411b262,539f9600-c7b4-42c8-a092-aaf7f24fffc9,c4,c3,1267,?,x10,
1769497217.5207171,FORWARDED,3b1f4b8b-c489-4035-86ac-13fdd411b262,539f9600-c7b4-42c8-a092-aaf7f24fffc9,c4,c3,1267,?,x10,
1769497217.8220296,SENT,e420c39c-4533-4bc1-805b-4413f57a6f27,15b7c936-95e5-4d81-8a3f-391da21bff7e,c3,None,1132,?,x2,
1769497217.8220797,FORWARDED,e420c39c-4533-4bc1-805b-4413f57a6f27,15b7c936-95e5-4d81-8a3f-391da21bff7e,c3,None,1132,?,x2,
1769497218.0400696,RECEIVED,eb75dab8-cb71-4c8e-8bf3-ab96ed26de79,1cfebed8-da13-4642-95d4-baf3e7d96680,c5,None,1595,e3,?,
1769497218.0685117,SENT,37558b1c-2cf2-41bf-bae5-c1f250137259,380f5c62-69fa-4948-9b1f-f804e9e9a919,c4,c3,1252,?,x9,
1769497218.0685534,FORWARDED,37558b1c-2cf2-41bf-bae5-c1f250137259,380f5c62-69fa-4948-9b1f-f804e9e9a919,c4,c3,1252,?,x9,
1769497218.5932825,RECEIVED,67d3ef43-3967-4be3-ab48-654ef822ffe5,e6a69524-56e8-47d2-963a-454abf4e8967,c1,c3,1779,e10,?,
1769497219.0012374,RECEIVED,8cbae81a-a3f5-454f-ba1a-931230e8525f,ec30f307-1e55-49b3-82bf-d8aad70cbf3a,c3,c5,1775,e2,?,
1769497219.2441256,RECEIVED,220fd71c-0d20-4afe-a676-42035a823471,24808bad-964b-4ce1-b443-fc8125fee56b,c1,c3,1775,e10,?,
1769497219.3654666,SENT,eb75dab8-cb71-4c8e-8bf3-ab96ed26de79,1cfebed8-da13-4642-95d4-baf3e7d96680,c5,None,1124,?,x2,
1769497219.3655105,FORWARDED,eb75dab8-cb71-4c8e-8bf3-ab96ed26de79,1cfebed8-da13-4642-95d4-baf3e7d96680,c5,None,1124,?,x2,
1769497219.3753047,SENT,8cbae81a-a3f5-454f-ba1a-931230e8525f,ec30f307-1e55-49b3-82bf-d8aad70cbf3a,c3,c5,1260,?,x4,
1769497219.3753464,FORWARDED,8cbae81a-a3f5-454f-ba1a-931230e8525f,ec30f307-1e55-49b3-82bf-d8aad70cbf3a,c3,c5,1260,?,x4,
1769497219.434247,SENT,220fd71c-0d20-4afe-a676-42035a823471,24808bad-964b-4ce1-b443-fc8125fee56b,c1,c3,1259,?,x8,
1769497219.4342878,FORWARDED,220fd71c-0d20-4afe-a676-42035a823471,24808bad-964b-4ce1-b443-fc8125fee56b,c1,c3,1259,?,x8,
1769497219.5963035,RECEIVED,5ffc16f5-07db-4db8-8ef6-54a6f8e93374,2fb1489f-31a1-4e02-befe-348c6f5a624d,c5,None,1597,e8,?,
1769497219.6373339,SENT,5ffc16f5-07db-4db8-8ef6-54a6f8e93374,2fb1489f-31a1-4e02-befe-348c6f5a624d,c5,None,1123,?,x8,
1769497219.637378,FORWARDED,5ffc16f5-07db-4db8-8ef6-54a6f8e93374,2fb1489f-31a1-4e02-befe-348c6f5a624d,c5,None,1123,?,x8,
1769497219.9998777,SENT,67d3ef43-3967-4be3-ab48-654ef822ffe5,e6a69524-56e8-47d2-963a-454abf4e8967,c1,c3,1263,?,x4,
1769497219.9999173,FORWARDED,67d3ef43-3967-4be3-ab48-654ef822ffe5,e6a69524-56e8-47d2-963a-454abf4e8967,c1,c3,1263,?,x4,
1769497220.6879392,RECEIVED,c7e0af8e-8221-4f54-90b0-06c4c3d7cb01,6ebcc49c-198e-470a-9bec-ac6906366626,c5,None,1595,e2,?,
1769497220.7441614,RECEIVED,cf9adfeb-ddb1-4489-8b5d-1e0b565ad674,0ea30d86-2ecf-48e7-ab85-4e6c9590dc3a,c2,None,1600,e11,?,
1769497220.759111,RECEIVED,c7a9470b-3e7d-47b5-9e34-5779c01ab3b3,b77b47c5-fa77-4406-8098-f5f3b7429bbe,c4,c3,1764,e9,?,
1769497220.7704444,SENT,c7e0af8e-8221-4f54-90b0-06c4c3d7cb01,6ebcc49c-198e-470a-9bec-ac6906366626,c5,None,1124,?,x7,
1769497220.770489,FORWARDED,c7e0af8e-8221-4f54-90b0-06c4c3d7cb01,6ebcc49c-198e-470a-9bec-ac6906366626,c5,None,1124,?,x7,
1769497220.8222969,SENT,c7a9470b-3e7d-47b5-9e34-5779c01ab3b3,b77b47c5-fa77-4406-8098-f5f3b7429bbe,c4,c3,1251,?,x9,
1769497220.822339,FORWARDED,c7a9470b-3e7d-47b5-9e34-5779c01ab3b3,b77b47c5-fa77-4406-8098-f5f3b7429bbe,c4,c3,1251,?,x9,
1769497220.832597,SENT,cf9adfeb-ddb1-4489-8b5d-1e0b565ad674,0ea30d86-2ecf-48e7-ab85-4e6c9590dc3a,c2,None,1128,?,x9,
1769497220.8326404,FORWARDED,cf9adfeb-ddb1-4489-8b5d-1e0b565ad674,0ea30d86-2ecf-48e7-ab85-4e6c9590dc3a,c2,None,1128,?,x9,
1769497221.257242,RECEIVED,98da4ec6-8cd4-4fc9-8edf-b25ad231fed2,46693b0e-ea25-46c4-9f9d-93282fe625d3,c1,c3,1784,e11,?,
1769497221.967306,RECEIVED,a30104bd-b635-466b-a470-57e9db36c4c3,a60fd8dd-3a0a-43bc-a468-9cff9f74475c,c1,c3,1776,e5,?,
1769497222.3401957,SENT,98da4ec6-8cd4-4fc9-8edf-b25ad231fed2,46693b0e-ea25-46c4-9f9d-93282fe625d3,c1,c3,1264,?,x11,
1769497222.3402486,FORWARDED,98da4ec6-8cd4-4fc9-8edf-b25ad231fed2,46693b0e-ea25-46c4-9f9d-93282fe625d3,c1,c3,1264,?,x11,
1769497222.645524,SENT,a30104bd-b635-466b-a470-57e9db36c4c3,a60fd8dd-3a0a-43bc-a468-9cff9f74475c,c1,c3,1259,?,x10,
1769497222.6456008,FORWARDED,a30104bd-b635-466b-a470-57e9db36c4c3,a60fd8dd-3a0a-43bc-a468-9cff9f74475c,c1,c3,1259,?,x10,
1769497222.7304487,RECEIVED,1c036122-c0d2-4472-97e2-89d2ad0eb7c1,a3437159-57e7-4c15-a827-535e861a9df2,c3,None,1596,e8,?,
1769497223.210895,SENT,1c036122-c0d2-4472-97e2-89d2ad0eb7c1,a3437159-57e7-4c15-a827-535e861a9df2,c3,None,1123,?,x4,
1769497223.2109377,FORWARDED,1c036122-c0d2-4472-97e2-89d2ad0eb7c1,a3437159-57e7-4c15-a827-535e861a9df2,c3,None,1123,?,x4,
1769497223.3090093,RECEIVED,f5d29e8e-35ec-4740-9374-5b2cd6388486,ad66d53d-e0be-4400-87ef-b87f78fdb29d,c3,None,1595,e9,?,
1769497223.9143152,SENT,f5d29e8e-35ec-4740-9374-5b2cd6388486,ad66d53d-e0be-4400-87ef-b87f78fdb29d,c3,None,1124,?,x7,
1769497223.9143608,FORWARDED,f5d29e8e-35ec-4740-9374-5b2cd6388486,ad66d53d-e0be-4400-87ef-b87f78fdb29d,c3,None,1124,?,x7,
1769497224.601079,RECEIVED,437f99c2-2553-497d-86e9-fd834b598e22,68b12f89-34b5-4925-99be-5974aab06d5c,c2,c3,1767,e9,?,
1769497224.8380735,RECEIVED,8d2a7be4-5678-4122-9149-7fe27c493bcf,0002619b-2afe-4762-9a13-7297358f694b,c5,c2,1775,e3,?,
1769497224.9342873,RECEIVED,e46d0286-9a7d-4a81-9823-21645aee2f11,fafc07bb-011f-4eb3-ab19-5ec7f6a3b72a,c3,None,1600,e8,?,
1769497225.0895312,SENT,e46d0286-9a7d-4a81-9823-21645aee2f11,fafc07bb-011f-4eb3-ab19-5ec7f6a3b72a,c3,None,1128,?,x2,
1769497225.089581,FORWARDED,e46d0286-9a7d-4a81-9823-21645aee2f11,fafc07bb-011f-4eb3-ab19-5ec7f6a3b72a,c3,None,1128,?,x2,
1769497225.7418559,FORWARDED,8d2a7be4-5678-4122-9149-7fe27c493bcf,0002619b-2afe-4762-9a13-7297358f694b,c5,c2,1259,?,x6,
1769497226.143623,RECEIVED,fd6e3fd9-439a-47f9-962b-8f0aebbf13a1,26e30cda-6a8d-4e32-b0cc-ad7b6bc47d02,c3,None,1608,e8,?,
1769497226.2309904,RECEIVED,85ceb8ae-7421-4231-88b5-d51ef984eabc,5f446676-8cd7-45df-8287-22a4d0ae147f,c4,c3,1784,e10,?,
1769497226.2454553,SENT,fd6e3fd9-439a-47f9-962b-8f0aebbf13a1,26e30cda-6a8d-4e32-b0cc-ad7b6bc47d02,c3,None,1133,?,x2,
1769497226.245507,FORWARDED,fd6e3fd9-439a-47f9-962b-8f0aebbf13a1,26e30cda-6a8d-4e32-b0cc-ad7b6bc47d02,c3,None,1133,?,x2,
1769497226.3933678,RECEIVED,981ef50f-7fad-4dc2-b46c-73ada039e5f2,89ecdb49-8158-4436-8226-9e83705084b0,c4,c3,1775,e7,?,
1769497226.5894265,SENT,437f99c2-2553-497d-86e9-fd834b598e22,68b12f89-34b5-4925-99be-5974aab06d5c,c2,c3,1252,?,x8,
1769497226.589476,FORWARDED,437f99c2-2553-497d-86e9-fd834b598e22,68b12f89-34b5-4925-99be-5974aab06d5c,c2,c3,1252,?,x8,
1769497226.7623222,RECEIVED,99c762b9-587f-41d7-a46b-02ca894166e5,d7494e34-9f39-45f6-9603-39d9eeb3a09c,c3,None,1592,e2,?,
1769497227.0627346,SENT,99c762b9-587f-41d7-a46b-02ca894166e5,d7494e34-9f39-45f6-9603-39d9eeb3a09c,c3,None,1122,?,x12,
1769497227.062785,FORWARDED,99c762b9-587f-41d7-a46b-02ca894166e5,d7494e34-9f39-45f6-9603-39d9eeb3a09c,c3,None,1122,?,x12,
1769497227.2119532,RECEIVED,bfd04d1b-fde8-44b5-a997-a7905ea08c79,f183a9e4-d425-4acf-aa15-32e1d57e39d2,c2,None,1603,e3,?,
1769497227.2349193,RECEIVED,522ddefa-030f-48b8-9ab2-2bb71e3d1487,be667221-0cef-4db9-8078-e2bdedf7e978,c3,None,1595,e5,?,
1769497227.446203,SENT,85ceb8ae-7421-4231-88b5-d51ef984eabc,5f446676-8cd7-45df-8287-22a4d0ae147f,c4,c3,1264,?,x10,
1769497227.4462557,FORWARDED,85ceb8ae-7421-4231-88b5-d51ef984eabc,5f446676-8cd7-45df-8287-22a4d0ae147f,c4,c3,1264,?,x10,
1769497227.5642502,SENT,981ef50f-7fad-4dc2-b46c-73ada039e5f2,89ecdb49-8158-4436-8226-9e83705084b0,c4,c3,1260,?,x7,
1769497227.5642982,FORWARDED,981ef50f-7fad-4dc2-b46c-73ada039e5f2,89ecdb49-8158-4436-8226-9e83705084b0,c4,c3,1260,?,x7,
1769497228.1342483,SENT,bfd04d1b-fde8-44b5-a997-a7905ea08c79,f183a9e4-d425-4acf-aa15-32e1d57e39d2,c2,None,1131,?,x7,
1769497228.1342916,FORWARDED,bfd04d1b-fde8-44b5-a997-a7905ea08c79,f183a9e4-d425-4acf-aa15-32e1d57e39d2,c2,None,1131,?,x7,
1769497228.2037568,SENT,522ddefa-030f-48b8-9ab2-2bb71e3d1487,be667221-0cef-4db9-8078-e2bdedf7e978,c3,None,1123,?,x7,
1769497228.203806,FORWARDED,522ddefa-030f-48b8-9ab2-2bb71e3d1487,be667221-0cef-4db9-8078-e2bdedf7e978,c3,None,1123,?,x7,
1769497228.2131798,RECEIVED,294fa31b-8dbe-42e4-a1ed-54eb8b4b4e77,60b8dc2f-e73b-4772-baee-9ca1ba2a7898,c1,c3,1772,e6,?,
1769497228.3059485,SENT,294fa31b-8dbe-42e4-a1ed-54eb8b4b4e77,60b8dc2f-e73b-4772-baee-9ca1ba2a7898,c1,c3,1255,?,x7,
1769497228.3059943,FORWARDED,294fa31b-8dbe-42e4-a1ed-54eb8b4b4e77,60b8dc2f-e73b-4772-baee-9ca1ba2a7898,c1,c3,1255,?,x7,
1769497228.5368042,RECEIVED,1cd996c0-02c0-441e-9d40-4349409c1397,1730f110-ddbc-4ce1-a3c3-da37556e2f34,c2,None,1591,e7,?,
1769497228.5658114,RECEIVED,44952850-0fe3-480d-ae76-040067c452bf,dbc6a98b-1738-41b6-9350-5e4f38f8fcf1,c5,None,1595,e9,?,
1769497228.8727713,RECEIVED,1c21c8b0-992b-4d29-9b32-09a35cedac13,9ef0da25-16f1-4dfb-ab28-c23289ff99c5,c1,c3,1776,e1,?,
1769497229.122763,SENT,44952850-0fe3-480d-ae76-040067c452bf,dbc6a98b-1738-41b6-9350-5e4f38f8fcf1,c5,None,1123,?,x7,
1769497229.122813,FORWARDED,44952850-0fe3-480d-ae76-040067c452bf,dbc6a98b-1738-41b6-9350-5e4f38f8fcf1,c5,None,1123,?,x7,
1769497229.2184072,SENT,1cd996c0-02c0-441e-9d40-4349409c1397,1730f110-ddbc-4ce1-a3c3-da37556e2f34,c2,None,1122,?,x1,
1769497229.218455,FORWARDED,1cd996c0-02c0-441e-9d40-4349409c1397,1730f110-ddbc-4ce1-a3c3-da37556e2f34,c2,None,1122,?,x1,
1769497229.6127307,SENT,1c21c8b0-992b-4d29-9b32-09a35cedac13,9ef0da25-16f1-4dfb-ab28-c23289ff99c5,c1,c3,1259,?,x10,
1769497229.6127887,FORWARDED,1c21c8b0-992b-4d29-9b32-09a35cedac13,9ef0da25-16f1-4dfb-ab28-c23289ff99c5,c1,c3,1259,?,x10,
1769497230.091071,RECEIVED,cdc929b2-a905-4347-bc55-daec1130d899,af032d7f-e6e5-404d-8fe1-9a2e013e83a3,c3,None,1595,e1,?,
1769497230.1401787,RECEIVED,ad6f94ae-cadc-4787-9e40-3ed7fc3ddffd,57765faf-e38e-4860-9f09-769eed656a71,c3,None,1608,e10,?,
1769497230.5829575,SENT,ad6f94ae-cadc-4787-9e40-3ed7fc3ddffd,57765faf-e38e-4860-9f09-769eed656a71,c3,None,1132,?,x4,
1769497230.5830064,FORWARDED,ad6f94ae-cadc-4787-9e40-3ed7fc3ddffd,57765faf-e38e-4860-9f09-769eed656a71,c3,None,1132,?,x4,
1769497230.641143,RECEIVED,16cec65c-d53e-464c-b1eb-b3b1ff4bdf12,0fa5febf-06ed-4fc7-9619-32eaa442df64,c2,None,1607,e10,?,
1769497231.3295217,RECEIVED,0d2b0023-47a7-4553-b739-59fa077bcfef,4432210a-7209-42e2-af3c-88a881f863d9,c3,None,1604,e3,?,
1769497231.5773861,SENT,16cec65c-d53e-464c-b1eb-b3b1ff4bdf12,0fa5febf-06ed-4fc7-9619-32eaa442df64,c2,None,1132,?,x2,
1769497231.5774271,FORWARDED,16cec65c-d53e-464c-b1eb-b3b1ff4bdf12,0fa5febf-06ed-4fc7-9619-32eaa442df64,c2,None,1132,?,x2,
1769497231.6388853,SENT,cdc929b2-a905-4347-bc55-daec1130d899,af032d7f-e6e5-404d-8fe1-9a2e013e83a3,c3,None,1123,?,x1,
1769497231.6389282,FORWARDED,cdc929b2-a905-4347-bc55-daec1130d899,af032d7f-e6e5-404d-8fe1-9a2e013e83a3,c3,None,1123,?,x1,
1769497231.8593967,SENT,0d2b0023-47a7-4553-b739-59fa077bcfef,4432210a-7209-42e2-af3c-88a881f863d9,c3,None,1131,?,x10,
1769497231.8595223,FORWARDED,0d2b0023-47a7-4553-b739-59fa077bcfef,4432210a-7209-42e2-af3c-88a881f863d9,c3,None,1131,?,x10,
1769497232.248952,RECEIVED,d83b094d-476c-42fd-bdcc-498efb147c40,d9392717-505e-49b8-9ac2-15044f43eadc,c3,c5,1779,e12,?,
1769497232.629199,SENT,d83b094d-476c-42fd-bdcc-498efb147c40,d9392717-505e-49b8-9ac2-15044f43eadc,c3,c5,1263,?,x4,
1769497232.6292396,FORWARDED,d83b094d-476c-42fd-bdcc-498efb147c40,d9392717-505e-49b8-9ac2-15044f43eadc,c3,c5,1263,?,x4,
1769497233.0979578,RECEIVED,ea102809-cddf-444a-9484-cfd24170e206,e2f17f20-c2b2-46c8-ba4c-faa4d8addc92,c3,None,1599,e6,?,
1769497233.2943246,RECEIVED,3149e553-75e5-491d-929e-47cc4bca9525,0d29ad3b-890e-456c-a975-45bef1af3485,c2,c3,1785,e11,?,
1769497233.415276,RECEIVED,af3d4bfd-af07-49dd-b503-9011ba6332aa,9e00a534-563d-46b5-bb18-0999289acdbb,c5,c2,1775,e5,?,
1769497233.5311852,SENT,3149e553-75e5-491d-929e-47cc4bca9525,0d29ad3b-890e-456c-a975-45bef1af3485,c2,c3,1264,?,x11,
1769497233.531233,FORWARDED,3149e553-75e5-491d-929e-47cc4bca9525,0d29ad3b-890e-456c-a975-45bef1af3485,c2,c3,1264,?,x11,
1769497233.619346,RECEIVED,a78fd55a-72c2-4351-8040-ec29d90b1171,ce9f1e6c-8275-4fa0-90ef-c87caf105d60,c5,None,1604,e2,?,
1769497233.7382486,SENT,a78fd55a-72c2-4351-8040-ec29d90b1171,ce9f1e6c-8275-4fa0-90ef-c87caf105d60,c5,None,1131,?,x2,
1769497233.738299,FORWARDED,a78fd55a-72c2-4351-8040-ec29d90b1171,ce9f1e6c-8275-4fa0-90ef-c87caf105d60,c5,None,1131,?,x2,
1769497233.7437656,FORWARDED,af3d4bfd-af07-49dd-b503-9011ba6332aa,9e00a534-563d-46b5-bb18-0999289acdbb,c5,c2,1259,?,x6,
1769497233.8595655,SENT,ea102809-cddf-444a-9484-cfd24170e206,e2f17f20-c2b2-46c8-ba4c-faa4d8addc92,c3,None,1127,?,x8,
1769497233.8596065,FORWARDED,ea102809-cddf-444a-9484-cfd24170e206,e2f17f20-c2b2-46c8-ba4c-faa4d8addc92,c3,None,1127,?,x8,
1769497233.975569,RECEIVED,bc2d0e6e-7e55-4a04-984d-0d507f8c0dcc,a28a9ecb-0f13-4f7e-a222-72d5ed750d14,c3,None,1604,e11,?,
1769497234.0079386,SENT,bc2d0e6e-7e55-4a04-984d-0d507f8c0dcc,a28a9ecb-0f13-4f7e-a222-72d5ed750d14,c3,None,1131,?,x2,
1769497234.0079806,FORWARDED,bc2d0e6e-7e55-4a04-984d-0d507f8c0dcc,a28a9ecb-0f13-4f7e-a222-72d5ed750d14,c3,None,1131,?,x2,
1769497234.4542356,RECEIVED,944fe24b-f8a9-465c-9f55-4be4a54363aa,fce7c011-f9bd-4ae9-95ac-03185449e777,c2,c3,1772,e7,?,
1769497234.8666995,RECEIVED,5bb08f6d-9536-428a-803f-b4e0687c7c7a,0439fe67-3b42-467f-8be7-3a07f1cb4926,c3,None,1599,e10,?,
1769497235.1247084,SENT,5bb08f6d-9536-428a-803f-b4e0687c7c7a,0439fe67-3b42-467f-8be7-3a07f1cb4926,c3,None,1127,?,x3,
1769497235.1247551,FORWARDED,5bb08f6d-9536-428a-803f-b4e0687c7c7a,0439fe67-3b42-467f-8be7-3a07f1cb4926,c3,None,1127,?,x3,
1769497235.3845038,RECEIVED,625df336-83ce-49be-b57b-36b7afc7bb51,e4d17be9-750d-4ed5-b50f-7029b8e113b6,c5,c2,1776,e11,?,
1769497235.5932188,RECEIVED,332272b7-881f-4647-8099-e50ce9d38248,4bc1e534-9516-486f-86c8-78e5b80e9282,c5,None,1595,e9,?,
1769497235.6286974,SENT,625df336-83ce-49be-b57b-36b7afc7bb51,e4d17be9-750d-4ed5-b50f-7029b8e113b6,c5,c2,1260,?,x2,
1769497235.6287398,FORWARDED,625df336-83ce-49be-b57b-36b7afc7bb51,e4d17be9-750d-4ed5-b50f-7029b8e113b6,c5,c2,1260,?,x2,
1769497235.7280447,RECEIVED,27546bb9-f929-4e40-affe-c0646152e4de,34fdce17-0d70-49a4-923c-56d7f5d0fef7,c2,None,1604,e10,?,
1769497235.8050995,SENT,944fe24b-f8a9-465c-9f55-4be4a54363aa,fce7c011-f9bd-4ae9-95ac-03185449e777,c2,c3,1255,?,x11,
1769497235.8051448,FORWARDED,944fe24b-f8a9-465c-9f55-4be4a54363aa,fce7c011-f9bd-4ae9-95ac-03185449e777,c2,c3,1255,?,x11,
1769497236.2283378,SENT,27546bb9-f929-4e40-affe-c0646152e4de,34fdce17-0d70-49a4-923c-56d7f5d0fef7,c2,None,1131,?,x3,
1769497236.228378,FORWARDED,27546bb9-f929-4e40-affe-c0646152e4de,34fdce17-0d70-49a4-923c-56d7f5d0fef7,c2,None,1131,?,x3,
1769497236.334884,RECEIVED,b5678391-04e0-46d2-b45b-ec924470d245,4e04b0fe-0222-4ce7-95e9-a202f6a8f0e4,c2,None,1595,e3,?,
1769497236.3660028,SENT,332272b7-881f-4647-8099-e50ce9d38248,4bc1e534-9516-486f-86c8-78e5b80e9282,c5,None,1124,?,x7,
1769497236.3660417,FORWARDED,332272b7-881f-4647-8099-e50ce9d38248,4bc1e534-9516-486f-86c8-78e5b80e9282,c5,None,1124,?,x7,
1769497236.5738115,FORWARDED,b5678391-04e0-46d2-b45b-ec924470d245,4e04b0fe-0222-4ce7-95e9-a202f6a8f0e4,c2,None,1124,?,x6,
1769497236.7239292,RECEIVED,b47538b7-a606-4376-a493-05970ae19283,1f5c88ee-5321-4e89-a971-fef9baf23c48,c3,None,1609,e11,?,
1769497236.8109384,SENT,b47538b7-a606-4376-a493-05970ae19283,1f5c88ee-5321-4e89-a971-fef9baf23c48,c3,None,1132,?,x12,
1769497236.8109808,FORWARDED,b47538b7-a606-4376-a493-05970ae19283,1f5c88ee-5321-4e89-a971-fef9baf23c48,c3,None,1132,?,x12,
1769497237.749529,RECEIVED,3bcc0835-8d8b-4eae-84ec-6c353cee75e4,daaad861-29c7-4e83-9cdb-9b4dabb78fdd,c5,c2,1765,e3,?,
1769497238.1933556,SENT,3bcc0835-8d8b-4eae-84ec-6c353cee75e4,daaad861-29c7-4e83-9cdb-9b4dabb78fdd,c5,c2,1250,?,x11,
1769497238.1934333,FORWARDED,3bcc0835-8d8b-4eae-84ec-6c353cee75e4,daaad861-29c7-4e83-9cdb-9b4dabb78fdd,c5,c2,1250,?,x11,
1769497238.2129424,RECEIVED,1e3a5700-4952-4f6d-9ef8-8907554a497f,65627da8-bfa9-4b4c-a529-d85121ad41ef,c3,None,1596,e1,?,
1769497238.2590334,SENT,1e3a5700-4952-4f6d-9ef8-8907554a497f,65627da8-bfa9-4b4c-a529-d85121ad41ef,c3,None,1123,?,x7,
1769497238.2591627,FORWARDED,1e3a5700-4952-4f6d-9ef8-8907554a497f,65627da8-bfa9-4b4c-a529-d85121ad41ef,c3,None,1123,?,x7,
1769497239.0672157,RECEIVED,8ca495f3-d4e4-4a16-915c-62c75572f649,ccec6990-0f9e-439b-af63-61ffa12ef60a,c1,c3,1772,e8,?,
1769497239.3960936,RECEIVED,07aa2f96-8b92-4084-b3f1-3347410d98e1,0602faf0-cfd9-4a0a-a311-ee699de072f6,c5,c2,1775,e9,?,
1769497239.4232535,RECEIVED,11580eac-f5b4-487e-a90f-34b713399ed2,05118398-5ec6-4b26-aae9-8b20441a66d1,c3,c5,1764,e3,?,
1769497239.4660091,SENT,8ca495f3-d4e4-4a16-915c-62c75572f649,ccec6990-0f9e-439b-af63-61ffa12ef60a,c1,c3,1255,?,x12,
1769497239.4660592,FORWARDED,8ca495f3-d4e4-4a16-915c-62c75572f649,ccec6990-0f9e-439b-af63-61ffa12ef60a,c1,c3,1255,?,x12,
1769497239.5765476,SENT,11580eac-f5b4-487e-a90f-34b713399ed2,05118398-5ec6-4b26-aae9-8b20441a66d1,c3,c5,1251,?,x7,
1769497239.5765898,FORWARDED,11580eac-f5b4-487e-a90f-34b713399ed2,05118398-5ec6-4b26-aae9-8b20441a66d1,c3,c5,1251,?,x7,
1769497239.7362642,SENT,07aa2f96-8b92-4084-b3f1-3347410d98e1,0602faf0-cfd9-4a0a-a311-ee699de072f6,c5,c2,1260,?,x3,
1769497239.736893,FORWARDED,07aa2f96-8b92-4084-b3f1-3347410d98e1,0602faf0-cfd9-4a0a-a311-ee699de072f6,c5,c2,1260,?,x3,
1769497240.3934424,RECEIVED,9fc3bcbb-19d6-4f29-a78f-8c824b4e8da9,b95c7073-7612-4d42-8693-452fe08403c2,c5,c2,1764,e6,?,
1769497240.7126288,FORWARDED,9fc3bcbb-19d6-4f29-a78f-8c824b4e8da9,b95c7073-7612-4d42-8693-452fe08403c2,c5,c2,1251,?,x6,
1769497240.7839885,RECEIVED,e2b91ae6-c246-4f41-8b53-51322217e131,072be287-e732-41e2-a378-a7fdbd125fd3,c3,None,1608,e2,?,
1769497240.9373443,SENT,e2b91ae6-c246-4f41-8b53-51322217e131,072be287-e732-41e2-a378-a7fdbd125fd3,c3,None,1132,?,x5,
1769497240.937388,FORWARDED,e2b91ae6-c246-4f41-8b53-51322217e131,072be287-e732-41e2-a378-a7fdbd125fd3,c3,None,1132,?,x5,
1769497241.0257418,RECEIVED,5e5110c5-923e-4068-9ada-22ddb8f810af,0796e6c6-1778-49f8-8787-c049d8d6faec,c2,c3,1776,e9,?,
1769497241.1162736,RECEIVED,8a99633a-27f4-4d0a-a234-0f55231675ab,4a39a3e3-27f6-4820-a642-5113820b759d,c3,None,1592,e11,?,
1769497241.120547,SENT,5e5110c5-923e-4068-9ada-22ddb8f810af,0796e6c6-1778-49f8-8787-c049d8d6faec,c2,c3,1259,?,x5,
1769497241.1206539,FORWARDED,5e5110c5-923e-4068-9ada-22ddb8f810af,0796e6c6-1778-49f8-8787-c049d8d6faec,c2,c3,1259,?,x5,
1769497241.1708584,RECEIVED,ab49371c-85ef-40bb-8f4c-305c38f1e918,3a8730bb-454a-4b9b-82b8-8634ae306a84,c3,None,1603,e5,?,
1769497241.3947134,FORWARDED,ab49371c-85ef-40bb-8f4c-305c38f1e918,3a8730bb-454a-4b9b-82b8-8634ae306a84,c3,None,1131,?,x6,
1769497241.4206843,RECEIVED,44e4ec96-3f5f-4189-a37e-f91c8580ee26,81548595-1036-4416-a63b-2ab46acd6159,c3,None,1595,e9,?,
1769497241.6669085,RECEIVED,d4e54b43-0457-4e5e-8576-2e422b18f10c,9c829e9d-f0b9-4616-8608-cc1792ec2c52,c3,c5,1763,e3,?,
1769497241.6828072,RECEIVED,65341134-1904-4dc6-8c37-b62d5e2c6345,075f405d-e128-481d-8cb2-2874fc157488,c3,None,1601,e3,?,
1769497241.7625113,SENT,65341134-1904-4dc6-8c37-b62d5e2c6345,075f405d-e128-481d-8cb2-2874fc157488,c3,None,1127,?,x11,
1769497241.7625952,FORWARDED,65341134-1904-4dc6-8c37-b62d5e2c6345,075f405d-e128-481d-8cb2-2874fc157488,c3,None,1127,?,x11,
1769497241.8098786,FORWARDED,44e4ec96-3f5f-4189-a37e-f91c8580ee26,81548595-1036-4416-a63b-2ab46acd6159,c3,None,1124,?,x6,
1769497242.002821,SENT,8a99633a-27f4-4d0a-a234-0f55231675ab,4a39a3e3-27f6-4820-a642-5113820b759d,c3,None,1122,?,x11,
1769497242.0028663,FORWARDED,8a99633a-27f4-4d0a-a234-0f55231675ab,4a39a3e3-27f6-4820-a642-5113820b759d,c3,None,1122,?,x11,
1769497242.1985664,FORWARDED,d4e54b43-0457-4e5e-8576-2e422b18f10c,9c829e9d-f0b9-4616-8608-cc1792ec2c52,c3,c5,1251,?,x6,
1769497242.831863,RECEIVED,2d7ea6fd-7f37-476f-b947-a0d43d427780,dfc3fa4b-ef5b-4a0a-ba52-b0902892407f,c2,c3,1763,e6,?,
1769497243.091434,SENT,2d7ea6fd-7f37-476f-b947-a0d43d427780,dfc3fa4b-ef5b-4a0a-ba52-b0902892407f,c2,c3,1251,?,x1,
1769497243.0914745,FORWARDED,2d7ea6fd-7f37-476f-b947-a0d43d427780,dfc3fa4b-ef5b-4a0a-ba52-b0902892407f,c2,c3,1251,?,x1,
1769497243.2315958,RECEIVED,7146d505-9c1b-4c44-9866-0323f3f2d799,6bc0499c-e28f-441b-b1c6-693ee5f88bac,c3,c5,1770,e5,?,
1769497243.4387693,RECEIVED,a84f3791-b1b7-4e82-9a4a-4a29d05ac26d,7a650789-1d90-43dc-87d7-4bdf4b9fa15d,c4,c3,1781,e2,?,
1769497243.5379133,SENT,a84f3791-b1b7-4e82-9a4a-4a29d05ac26d,7a650789-1d90-43dc-87d7-4bdf4b9fa15d,c4,c3,1263,?,x8,
1769497243.5379567,FORWARDED,a84f3791-b1b7-4e82-9a4a-4a29d05ac26d,7a650789-1d90-43dc-87d7-4bdf4b9fa15d,c4,c3,1263,?,x8,
1769497244.5114653,RECEIVED,e7309b67-679a-4a20-a3bb-4bb5b14d8da8,6e23d1e7-2fe8-45f4-a213-732f7300b4a5,c5,c2,1770,e2,?,
1769497244.6219869,SENT,7146d505-9c1b-4c44-9866-0323f3f2d799,6bc0499c-e28f-441b-b1c6-693ee5f88bac,c3,c5,1255,?,x3,
1769497244.6220286,FORWARDED,7146d505-9c1b-4c44-9866-0323f3f2d799,6bc0499c-e28f-441b-b1c6-693ee5f88bac,c3,c5,1255,?,x3,
1769497245.5237267,RECEIVED,a6ec830c-a013-46bd-aab1-eb990e57365a,e995d859-3a30-4c9a-bc59-a22e52fb9f2e,c4,c3,1775,e9,?,
1769497245.6604848,SENT,e7309b67-679a-4a20-a3bb-4bb5b14d8da8,6e23d1e7-2fe8-45f4-a213-732f7300b4a5,c5,c2,1255,?,x9,
1769497245.6605277,FORWARDED,e7309b67-679a-4a20-a3bb-4bb5b14d8da8,6e23d1e7-2fe8-45f4-a213-732f7300b4a5,c5,c2,1255,?,x9,
1769497246.2618847,SENT,a6ec830c-a013-46bd-aab1-eb990e57365a,e995d859-3a30-4c9a-bc59-a22e52fb9f2e,c4,c3,1259,?,x1,
1769497246.2619376,FORWARDED,a6ec830c-a013-46bd-aab1-eb990e57365a,e995d859-3a30-4c9a-bc59-a22e52fb9f2e,c4,c3,1259,?,x1,
1769497246.6120665,RECEIVED,ed17fe9e-b466-4a2d-9405-412b475b48ca,f9c39783-d85f-40a7-993d-d91148fccf73,c5,None,1603,e1,?,
1769497246.6330707,RECEIVED,8b1e03f4-05ff-42b1-883f-dc9d9954c467,10088ef3-71c0-487e-8536-d8094c878518,c4,c3,1780,e6,?,
1769497246.8315272,SENT,ed17fe9e-b466-4a2d-9405-412b475b48ca,f9c39783-d85f-40a7-993d-d91148fccf73,c5,None,1131,?,x8,
1769497246.8315718,FORWARDED,ed17fe9e-b466-4a2d-9405-412b475b48ca,f9c39783-d85f-40a7-993d-d91148fccf73,c5,None,1131,?,x8,
1769497246.8993664,SENT,8b1e03f4-05ff-42b1-883f-dc9d9954c467,10088ef3-71c0-487e-8536-d8094c878518,c4,c3,1263,?,x9,
1769497246.8994071,FORWARDED,8b1e03f4-05ff-42b1-883f-dc9d9954c467,10088ef3-71c0-487e-8536-d8094c878518,c4,c3,1263,?,x9,
1769497247.1126397,RECEIVED,c90e402e-1e76-40e3-baf8-0bb0b1b9ac39,e727f6c6-7dce-4cf9-8412-a8f0786323fd,c5,None,1595,e7,?,
1769497247.2116241,RECEIVED,c03f420e-0a87-4aab-837c-e337b3af4c14,d07b2a2f-fe5b-4a7e-988f-f6ecaa98985d,c2,c3,1777,e3,?,
1769497247.2525423,SENT,c03f420e-0a87-4aab-837c-e337b3af4c14,d07b2a2f-fe5b-4a7e-988f-f6ecaa98985d,c2,c3,1260,?,x3,
1769497247.252585,FORWARDED,c03f420e-0a87-4aab-837c-e337b3af4c14,d07b2a2f-fe5b-4a7e-988f-f6ecaa98985d,c2,c3,1260,?,x3,
1769497247.511497,SENT,c90e402e-1e76-40e3-baf8-0bb0b1b9ac39,e727f6c6-7dce-4cf9-8412-a8f0786323fd,c5,None,1124,?,x8,
1769497247.5115402,FORWARDED,c90e402e-1e76-40e3-baf8-0bb0b1b9ac39,e727f6c6-7dce-4cf9-8412-a8f0786323fd,c5,None,1124,?,x8,
1769497248.004937,RECEIVED,608ddf54-9a08-4150-8873-d7d812502db0,973e8906-e227-4b0b-ba9e-a2bf5a1cd620,c4,c3,1771,e12,?,
1769497248.260175,RECEIVED,87537802-c7c6-4244-8d02-559168278f3d,4b06cf7b-070c-43d5-a740-609229df54af,c3,None,1604,e12,?,
1769497248.4645772,SENT,87537802-c7c6-4244-8d02-559168278f3d,4b06cf7b-070c-43d5-a740-609229df54af,c3,None,1131,?,x2,
1769497248.464631,FORWARDED,87537802-c7c6-4244-8d02-559168278f3d,4b06cf7b-070c-43d5-a740-609229df54af,c3,None,1131,?,x2,
1769497248.5882082,SENT,608ddf54-9a08-4150-8873-d7d812502db0,973e8906-e227-4b0b-ba9e-a2bf5a1cd620,c4,c3,1256,?,x4,
1769497248.5882535,FORWARDED,608ddf54-9a08-4150-8873-d7d812502db0,973e8906-e227-4b0b-ba9e-a2bf5a1cd620,c4,c3,1256,?,x4,
1769497249.3738372,RECEIVED,e2c1aa48-57b6-481a-913e-684bf46a424f,689c0fba-ae65-4db0-b650-74262412990c,c3,None,1601,e12,?,
1769497249.3912544,SENT,e2c1aa48-57b6-481a-913e-684bf46a424f,689c0fba-ae65-4db0-b650-74262412990c,c3,None,1127,?,x7,
1769497249.3912961,FORWARDED,e2c1aa48-57b6-481a-913e-684bf46a424f,689c0fba-ae65-4db0-b650-74262412990c,c3,None,1127,?,x7,
1769497249.413394,RECEIVED,536a2306-adeb-4bc2-b323-4043465ac41a,3f1483ba-a385-47f7-831e-b4e96cf7a852,c2,c3,1776,e6,?,
1769497249.6505954,SENT,536a2306-adeb-4bc2-b323-4043465ac41a,3f1483ba-a385-47f7-831e-b4e96cf7a852,c2,c3,1259,?,x9,
1769497249.650636,FORWARDED,536a2306-adeb-4bc2-b323-4043465ac41a,3f1483ba-a385-47f7-831e-b4e96cf7a852,c2,c3,1259,?,x9,
1769497250.3172781,RECEIVED,46ed2d78-0240-42cd-b797-a7802f66455a,daafccac-6a8c-4014-8cd3-0a3939acb54b,c3,c5,1777,e8,?,
1769497250.6101913,RECEIVED,dca10f1d-6b6e-417a-b65c-f2419fba9c5e,1c2c2075-45c5-4f93-a5da-6785a32db39a,c3,None,1605,e11,?,
1769497250.6604664,SENT,dca10f1d-6b6e-417a-b65c-f2419fba9c5e,1c2c2075-45c5-4f93-a5da-6785a32db39a,c3,None,1131,?,x12,
1769497250.66051,FORWARDED,dca10f1d-6b6e-417a-b65c-f2419fba9c5e,1c2c2075-45c5-4f93-a5da-6785a32db39a,c3,None,1131,?,x12,
1769497250.6815524,SENT,46ed2d78-0240-42cd-b797-a7802f66455a,daafccac-6a8c-4014-8cd3-0a3939acb54b,c3,c5,1260,?,x11,
1769497250.6815934,FORWARDED,46ed2d78-0240-42cd-b797-a7802f66455a,daafccac-6a8c-4014-8cd3-0a3939acb54b,c3,c5,1260,?,x11,
1769497251.0609446,RECEIVED,3aa3e5f6-64b7-4537-972c-8c650e1f49d4,e24b5797-e7a1-4ffc-a4ac-0874e9c37df8,c3,c5,1776,e11,?,
1769497251.2787855,RECEIVED,d63206e6-13c8-409b-911a-1c1804a63fca,a07fb17e-dfdf-4fba-937b-64a56cc203a2,c1,c3,1779,e1,?,
1769497251.3682325,SENT,d63206e6-13c8-409b-911a-1c1804a63fca,a07fb17e-dfdf-4fba-937b-64a56cc203a2,c1,c3,1259,?,x11,
1769497251.368275,FORWARDED,d63206e6-13c8-409b-911a-1c1804a63fca,a07fb17e-dfdf-4fba-937b-64a56cc203a2,c1,c3,1259,?,x11,
1769497251.8538582,SENT,3aa3e5f6-64b7-4537-972c-8c650e1f49d4,e24b5797-e7a1-4ffc-a4ac-0874e9c37df8,c3,c5,1260,?,x11,
1769497251.853905,FORWARDED,3aa3e5f6-64b7-4537-972c-8c650e1f49d4,e24b5797-e7a1-4ffc-a4ac-0874e9c37df8,c3,c5,1260,?,x11,
1769497252.6581159,RECEIVED,74e255fd-febb-40c4-b0ae-e9318174313e,08391b64-f39f-4e53-8e9b-5511e93cc0ea,c4,c3,1775,e10,?,
1769497253.1059425,RECEIVED,30c30659-51b8-465a-953e-cad0d6975c89,366ab9e1-6363-4ecd-b40b-1deb4e3c840e,c2,None,1603,e12,?,
1769497253.384496,SENT,74e255fd-febb-40c4-b0ae-e9318174313e,08391b64-f39f-4e53-8e9b-5511e93cc0ea,c4,c3,1259,?,x5,
1769497253.384559,FORWARDED,74e255fd-febb-40c4-b0ae-e9318174313e,08391b64-f39f-4e53-8e9b-5511e93cc0ea,c4,c3,1259,?,x5,
1769497253.8281984,RECEIVED,4fcff6ac-ebd5-462b-beab-02b1a60de704,ad6c89d0-8b48-4674-b685-239a6918c3c9,c1,c3,1771,e5,?,
1769497254.0844688,RECEIVED,5116824e-8ab9-49af-a1ba-48dc5e2c2f57,41b34839-b6a9-42db-95cf-08b443e2a650,c2,c3,1764,e1,?,
1769497254.3816206,RECEIVED,7e13e839-cd18-4b6a-a598-1ec3ab2bb2a5,43ea5584-32d1-4eda-9bd6-35ddb48ba3b0,c1,c3,1764,e3,?,
1769497254.4032938,SENT,5116824e-8ab9-49af-a1ba-48dc5e2c2f57,41b34839-b6a9-42db-95cf-08b443e2a650,c2,c3,1249,?,x9,
1769497254.403345,FORWARDED,5116824e-8ab9-49af-a1ba-48dc5e2c2f57,41b34839-b6a9-42db-95cf-08b443e2a650,c2,c3,1249,?,x9,
1769497254.4274485,SENT,4fcff6ac-ebd5-462b-beab-02b1a60de704,ad6c89d0-8b48-4674-b685-239a6918c3c9,c1,c3,1256,?,x1,
1769497254.4275007,FORWARDED,4fcff6ac-ebd5-462b-beab-02b1a60de704,ad6c89d0-8b48-4674-b685-239a6918c3c9,c1,c3,1256,?,x1,
1769497254.5028555,SENT,30c30659-51b8-465a-953e-cad0d6975c89,366ab9e1-6363-4ecd-b40b-1deb4e3c840e,c2,None,1129,?,x3,
1769497254.5028985,FORWARDED,30c30659-51b8-465a-953e-cad0d6975c89,366ab9e1-6363-4ecd-b40b-1deb4e3c840e,c2,None,1129,?,x3,
1769497255.1161275,RECEIVED,09cabf58-839b-4edb-b6dd-d839ac2191f6,b3064098-6c28-4f7f-ab7a-e9418286df5d,c1,c3,1765,e3,?,
1769497255.205039,SENT,09cabf58-839b-4edb-b6dd-d839ac2191f6,b3064098-6c28-4f7f-ab7a-e9418286df5d,c1,c3,1251,?,x1,
1769497255.205092,FORWARDED,09cabf58-839b-4edb-b6dd-d839ac2191f6,b3064098-6c28-4f7f-ab7a-e9418286df5d,c1,c3,1251,?,x1,
1769497255.4300206,SENT,7e13e839-cd18-4b6a-a598-1ec3ab2bb2a5,43ea5584-32d1-4eda-9bd6-35ddb48ba3b0,c1,c3,1251,?,x11,
1769497255.4301856,FORWARDED,7e13e839-cd18-4b6a-a598-1ec3ab2bb2a5,43ea5584-32d1-4eda-9bd6-35ddb48ba3b0,c1,c3,1251,?,x11,
1769497255.6526039,RECEIVED,2c272af9-fd01-4b66-b603-8ea51c0e0841,ea6ed0ac-4841-4c98-b984-e040603413d9,c1,c3,1771,e9,?,
1769497255.7933996,RECEIVED,07cdd425-f318-4aa6-880c-bd6564d5472e,e6611935-a03e-4934-ae8d-a520d4033483,c2,None,1603,e10,?,
1769497255.9559734,SENT,07cdd425-f318-4aa6-880c-bd6564d5472e,e6611935-a03e-4934-ae8d-a520d4033483,c2,None,1131,?,x1,
1769497255.956021,FORWARDED,07cdd425-f318-4aa6-880c-bd6564d5472e,e6611935-a03e-4934-ae8d-a520d4033483,c2,None,1131,?,x1,
1769497256.0998104,RECEIVED,3cfb96e9-bc22-44f1-a976-0c519cebb1ae,8f9cee8e-6aec-4ef8-ab5d-1dbad724d2f9,c3,None,1599,e8,?,
1769497257.0449703,SENT,2c272af9-fd01-4b66-b603-8ea51c0e0841,ea6ed0ac-4841-4c98-b984-e040603413d9,c1,c3,1255,?,x7,
1769497257.045012,FORWARDED,2c272af9-fd01-4b66-b603-8ea51c0e0841,ea6ed0ac-4841-4c98-b984-e040603413d9,c1,c3,1255,?,x7,
1769497257.3290105,SENT,3cfb96e9-bc22-44f1-a976-0c519cebb1ae,8f9cee8e-6aec-4ef8-ab5d-1dbad724d2f9,c3,None,1127,?,x7,
1769497257.3290734,FORWARDED,3cfb96e9-bc22-44f1-a976-0c519cebb1ae,8f9cee8e-6aec-4ef8-ab5d-1dbad724d2f9,c3,None,1127,?,x7,
1769497257.3875878,RECEIVED,cf4819ec-9702-4cb7-a8ae-ff50828d96e1,0c0263ff-8af6-4498-86cb-c982e821c036,c3,None,1603,e11,?,
1769497257.830024,RECEIVED,c8452ecc-6cf7-4a0d-975f-acac9dd5b0da,1d88e268-b4b5-4216-b97e-10723e7706a7,c1,c3,1775,e8,?,
1769497257.9738994,RECEIVED,2fe61df6-716a-4378-b9bf-dc7f5fce6ff5,10775162-b58d-4567-a43f-65768206e234,c5,None,1599,e2,?,
1769497258.2435133,SENT,2fe61df6-716a-4378-b9bf-dc7f5fce6ff5,10775162-b58d-4567-a43f-65768206e234,c5,None,1127,?,x1,
1769497258.2435632,FORWARDED,2fe61df6-716a-4378-b9bf-dc7f5fce6ff5,10775162-b58d-4567-a43f-65768206e234,c5,None,1127,?,x1,
1769497258.424574,RECEIVED,2607c42f-cb48-4c55-83a8-892ef9a24b61,7674fef2-25b7-41b5-a7c6-fb65d67aa417,c5,None,1603,e11,?,
1769497258.5264418,SENT,cf4819ec-9702-4cb7-a8ae-ff50828d96e1,0c0263ff-8af6-4498-86cb-c982e821c036,c3,None,1130,?,x9,
1769497258.5264823,FORWARDED,cf4819ec-9702-4cb7-a8ae-ff50828d96e1,0c0263ff-8af6-4498-86cb-c982e821c036,c3,None,1130,?,x9,
1769497258.9361622,RECEIVED,59d6e265-0876-431b-bc8b-08b912378c66,6d03c5f4-9cde-4505-abac-a7a1014f1091,c4,c3,1760,e9,?,
1769497258.973427,RECEIVED,b8f975ba-d385-4443-acf6-392378e07031,bf6c240b-97c5-405b-9064-7e4cc1904210,c2,c3,1769,e1,?,
1769497259.106077,RECEIVED,b05ce3d7-35cc-462c-b9d2-9df0ddd72039,56d6a31f-042c-42a4-8130-eae147c66da7,c5,c2,1779,e2,?,
1769497259.133917,RECEIVED,dc607ed8-55cb-41bb-a911-3705782a42fd,f4f3eebf-e4b4-45ef-91c7-8f248ea96002,c5,c2,1784,e12,?,
1769497259.1344693,SENT,59d6e265-0876-431b-bc8b-08b912378c66,6d03c5f4-9cde-4505-abac-a7a1014f1091,c4,c3,1246,?,x8,
1769497259.1345074,FORWARDED,59d6e265-0876-431b-bc8b-08b912378c66,6d03c5f4-9cde-4505-abac-a7a1014f1091,c4,c3,1246,?,x8,
1769497259.1556778,SENT,b8f975ba-d385-4443-acf6-392378e07031,bf6c240b-97c5-405b-9064-7e4cc1904210,c2,c3,1253,?,x11,
1769497259.15572,FORWARDED,b8f975ba-d385-4443-acf6-392378e07031,bf6c240b-97c5-405b-9064-7e4cc1904210,c2,c3,1253,?,x11,
1769497259.3137596,FORWARDED,c8452ecc-6cf7-4a0d-975f-acac9dd5b0da,1d88e268-b4b5-4216-b97e-10723e7706a7,c1,c3,1260,?,x6,
1769497259.4054408,SENT,dc607ed8-55cb-41bb-a911-3705782a42fd,f4f3eebf-e4b4-45ef-91c7-8f248ea96002,c5,c2,1264,?,x12,
1769497259.4054852,FORWARDED,dc607ed8-55cb-41bb-a911-3705782a42fd,f4f3eebf-e4b4-45ef-91c7-8f248ea96002,c5,c2,1264,?,x12,
1769497259.7152343,RECEIVED,f370d161-dd7c-4d89-ab1f-39d6bebef906,d1dd4a64-76de-48e0-9526-3e1a293d778d,c4,c3,1772,e5,?,
1769497259.947607,RECEIVED,98ef6d8d-bdfd-4749-8177-322c33a8a528,a3d2ebc5-d746-4bd6-8ca0-bad3f508be1e,c3,None,1595,e12,?,
1769497259.9940746,SENT,2607c42f-cb48-4c55-83a8-892ef9a24b61,7674fef2-25b7-41b5-a7c6-fb65d67aa417,c5,None,1131,?,x11,
1769497259.9941165,FORWARDED,2607c42f-cb48-4c55-83a8-892ef9a24b61,7674fef2-25b7-41b5-a7c6-fb65d67aa417,c5,None,1131,?,x11,
1769497260.0204651,SENT,f370d161-dd7c-4d89-ab1f-39d6bebef906,d1dd4a64-76de-48e0-9526-3e1a293d778d,c4,c3,1256,?,x7,
1769497260.0205057,FORWARDED,f370d161-dd7c-4d89-ab1f-39d6bebef906,d1dd4a64-76de-48e0-9526-3e1a293d778d,c4,c3,1256,?,x7,
1769497260.3913124,SENT,b05ce3d7-35cc-462c-b9d2-9df0ddd72039,56d6a31f-042c-42a4-8130-eae147c66da7,c5,c2,1263,?,x4,
1769497260.391356,FORWARDED,b05ce3d7-35cc-462c-b9d2-9df0ddd72039,56d6a31f-042c-42a4-8130-eae147c66da7,c5,c2,1263,?,x4,
1769497260.5502715,RECEIVED,6577fdb1-0fd1-4a84-8937-4627d3968351,88e8dfa5-008b-4745-94f9-1d670350f793,c3,None,1597,e1,?,
1769497260.5818536,RECEIVED,0397979d-6878-442a-81d1-35f8790cdde0,d351d7f5-c33d-4c43-917e-de4a9ae06089,c3,c5,1765,e3,?,
1769497260.6912873,SENT,6577fdb1-0fd1-4a84-8937-4627d3968351,88e8dfa5-008b-4745-94f9-1d670350f793,c3,None,1124,?,x10,
1769497260.6913338,FORWARDED,6577fdb1-0fd1-4a84-8937-4627d3968351,88e8dfa5-008b-4745-94f9-1d670350f793,c3,None,1124,?,x10,
1769497261.0043879,SENT,0397979d-6878-442a-81d1-35f8790cdde0,d351d7f5-c33d-4c43-917e-de4a9ae06089,c3,c5,1251,?,x11,
1769497261.0044298,FORWARDED,0397979d-6878-442a-81d1-35f8790cdde0,d351d7f5-c33d-4c43-917e-de4a9ae06089,c3,c5,1251,?,x11,
1769497261.0342216,RECEIVED,1cf10d75-19de-4d4e-b443-eaccaf85fc57,899cc9b0-c0a6-4b0d-befd-6986483d00d1,c3,c5,1775,e12,?,
1769497261.2783573,RECEIVED,6ee94277-d5ae-4d22-bcc2-953813ae3b65,a8bcb33a-c6e7-4be4-a18f-42a4efc40878,c3,c5,1776,e1,?,
1769497261.3301897,FORWARDED,1cf10d75-19de-4d4e-b443-eaccaf85fc57,899cc9b0-c0a6-4b0d-befd-6986483d00d1,c3,c5,1260,?,x6,
1769497261.4641721,SENT,98ef6d8d-bdfd-4749-8177-322c33a8a528,a3d2ebc5-d746-4bd6-8ca0-bad3f508be1e,c3,None,1124,?,x9,
1769497261.4642124,FORWARDED,98ef6d8d-bdfd-4749-8177-322c33a8a528,a3d2ebc5-d746-4bd6-8ca0-bad3f508be1e,c3,None,1124,?,x9,
1769497261.5660653,SENT,6ee94277-d5ae-4d22-bcc2-953813ae3b65,a8bcb33a-c6e7-4be4-a18f-42a4efc40878,c3,c5,1260,?,x12,
1769497261.5661085,FORWARDED,6ee94277-d5ae-4d22-bcc2-953813ae3b65,a8bcb33a-c6e7-4be4-a18f-42a4efc40878,c3,c5,1260,?,x12,
1769497262.0200653,RECEIVED,da5e797e-90f5-49dc-9e17-b864018fc6c2,2e43a8ff-88a0-4a5f-8d8a-0a116dc714eb,c1,c3,1770,e1,?,
1769497262.0719192,RECEIVED,e322d36f-6c1f-482f-9de6-db8593820301,fb469a62-fd7b-4e0e-b20a-cf041761f403,c5,c2,1776,e1,?,
1769497262.1353638,SENT,e322d36f-6c1f-482f-9de6-db8593820301,fb469a62-fd7b-4e0e-b20a-cf041761f403,c5,c2,1259,?,x8,
1769497262.135404,FORWARDED,e322d36f-6c1f-482f-9de6-db8593820301,fb469a62-fd7b-4e0e-b20a-cf041761f403,c5,c2,1259,?,x8,
1769497262.3022144,RECEIVED,f3576d06-b2a0-45f7-add6-72f43742a438,4cad317f-7ae3-4b3a-8538-50b786e4852a,c3,c5,1780,e12,?,
1769497262.4275203,SENT,f3576d06-b2a0-45f7-add6-72f43742a438,4cad317f-7ae3-4b3a-8538-50b786e4852a,c3,c5,1263,?,x2,
1769497262.4275627,FORWARDED,f3576d06-b2a0-45f7-add6-72f43742a438,4cad317f-7ae3-4b3a-8538-50b786e4852a,c3,c5,1263,?,x2,
1769497262.6927354,RECEIVED,07e8661b-16f0-4048-9be5-a47ef297db9d,16edc030-0e3b-412b-9ce3-10315313dc3d,c3,c5,1764,e8,?,
1769497263.0418448,SENT,07e8661b-16f0-4048-9be5-a47ef297db9d,16edc030-0e3b-412b-9ce3-10315313dc3d,c3,c5,1251,?,x2,
1769497263.0418875,FORWARDED,07e8661b-16f0-4048-9be5-a47ef297db9d,16edc030-0e3b-412b-9ce3-10315313dc3d,c3,c5,1251,?,x2,
1769497263.2743871,RECEIVED,c86ceb7f-559b-44b8-aaed-78f9e51ed67e,8e463dbd-56d8-4e72-bc17-b646c50ea05a,c5,None,1597,e1,?,
1769497263.4296257,SENT,da5e797e-90f5-49dc-9e17-b864018fc6c2,2e43a8ff-88a0-4a5f-8d8a-0a116dc714eb,c1,c3,1256,?,x8,
1769497263.429668,FORWARDED,da5e797e-90f5-49dc-9e17-b864018fc6c2,2e43a8ff-88a0-4a5f-8d8a-0a116dc714eb,c1,c3,1256,?,x8,
1769497263.593782,SENT,c86ceb7f-559b-44b8-aaed-78f9e51ed67e,8e463dbd-56d8-4e72-bc17-b646c50ea05a,c5,None,1123,?,x12,
1769497263.593822,FORWARDED,c86ceb7f-559b-44b8-aaed-78f9e51ed67e,8e463dbd-56d8-4e72-bc17-b646c50ea05a,c5,None,1123,?,x12,
1769497263.6039639,RECEIVED,358d585c-9dcd-445c-83a4-0fb57857c061,7801cd7c-7d38-4ec6-9629-dfed1c0a6021,c5,c2,1764,e7,?,
1769497263.7376735,SENT,358d585c-9dcd-445c-83a4-0fb57857c061,7801cd7c-7d38-4ec6-9629-dfed1c0a6021,c5,c2,1251,?,x3,
1769497263.7377162,FORWARDED,358d585c-9dcd-445c-83a4-0fb57857c061,7801cd7c-7d38-4ec6-9629-dfed1c0a6021,c5,c2,1251,?,x3,
1769497265.7614303,RECEIVED,7a574b03-120e-4ef2-b87a-8c159f1a4f06,0689ad97-c22c-452b-bda3-278657908eb9,c5,c2,1784,e7,?,
1769497265.873678,RECEIVED,2c4d4936-1a3a-4f07-b412-f940e073a9e9,b20656c8-63e2-4184-b871-02c6a48d0342,c5,None,1604,e12,?,
1769497265.9150345,RECEIVED,cbf03041-df78-4d88-b1e3-b4dfbfc655ea,998d6165-0ec3-4fc7-a466-651b7279982f,c3,None,1607,e9,?,
1769497266.0094645,SENT,7a574b03-120e-4ef2-b87a-8c159f1a4f06,0689ad97-c22c-452b-bda3-278657908eb9,c5,c2,1266,?,x4,
1769497266.009504,FORWARDED,7a574b03-120e-4ef2-b87a-8c159f1a4f06,0689ad97-c22c-452b-bda3-278657908eb9,c5,c2,1266,?,x4,
1769497266.056135,RECEIVED,d7e59242-0891-48a2-b1e8-27ca48755552,3287d340-600a-4861-b38a-934b56a73022,c5,None,1597,e1,?,
1769497266.209796,SENT,d7e59242-0891-48a2-b1e8-27ca48755552,3287d340-600a-4861-b38a-934b56a73022,c5,None,1123,?,x10,
1769497266.2098377,FORWARDED,d7e59242-0891-48a2-b1e8-27ca48755552,3287d340-600a-4861-b38a-934b56a73022,c5,None,1123,?,x10,
1769497266.244735,FORWARDED,2c4d4936-1a3a-4f07-b412-f940e073a9e9,b20656c8-63e2-4184-b871-02c6a48d0342,c5,None,1131,?,x6,
1769497266.3321393,RECEIVED,a80a99e3-394f-4382-a7b3-d10798a86824,8e5b4133-6c49-4f79-ad96-dc73f358dc27,c5,c2,1775,e9,?,
1769497266.463855,RECEIVED,c39f9717-3721-405a-8d5f-a97832cf16fd,7068ee29-ed32-48bf-84b5-fb7d50acbe6c,c3,None,1599,e11,?,
1769497266.5210314,RECEIVED,f1d04684-1fc8-43a9-9f0d-50de8cc8c774,76e21650-e88d-4045-b1e9-fffa01673838,c3,c5,1768,e12,?,
1769497266.5505207,SENT,f1d04684-1fc8-43a9-9f0d-50de8cc8c774,76e21650-e88d-4045-b1e9-fffa01673838,c3,c5,1252,?,x8,
1769497266.550564,FORWARDED,f1d04684-1fc8-43a9-9f0d-50de8cc8c774,76e21650-e88d-4045-b1e9-fffa01673838,c3,c5,1252,?,x8,
1769497266.6990736,SENT,a80a99e3-394f-4382-a7b3-d10798a86824,8e5b4133-6c49-4f79-ad96-dc73f358dc27,c5,c2,1260,?,x4,
1769497266.699118,FORWARDED,a80a99e3-394f-4382-a7b3-d10798a86824,8e5b4133-6c49-4f79-ad96-dc73f358dc27,c5,c2,1260,?,x4,
1769497266.7751207,SENT,c39f9717-3721-405a-8d5f-a97832cf16fd,7068ee29-ed32-48bf-84b5-fb7d50acbe6c,c3,None,1127,?,x2,
1769497266.7751644,FORWARDED,c39f9717-3721-405a-8d5f-a97832cf16fd,7068ee29-ed32-48bf-84b5-fb7d50acbe6c,c3,None,1127,?,x2,
1769497267.221457,RECEIVED,931f2554-d5ee-48bc-ab4a-386615c9be9d,37c2dd6d-a1b1-44b5-8621-a028f115f3ba,c5,c2,1763,e12,?,
1769497267.2768934,RECEIVED,318652d4-51b2-4d91-b850-cfe3a9caf0ff,9b7df25c-ef4a-4350-bf68-5ef332c71c78,c3,None,1596,e5,?,
1769497267.579234,RECEIVED,055fa840-0ff6-42e2-9a8c-f212f17db07a,69c7b13e-671c-4bf1-9ea7-cb7910c29423,c3,c5,1769,e12,?,
1769497267.6105447,SENT,318652d4-51b2-4d91-b850-cfe3a9caf0ff,9b7df25c-ef4a-4350-bf68-5ef332c71c78,c3,None,1123,?,x1,
1769497267.610587,FORWARDED,318652d4-51b2-4d91-b850-cfe3a9caf0ff,9b7df25c-ef4a-4350-bf68-5ef332c71c78,c3,None,1123,?,x1,
1769497267.6153617,SENT,055fa840-0ff6-42e2-9a8c-f212f17db07a,69c7b13e-671c-4bf1-9ea7-cb7910c29423,c3,c5,1252,?,x7,
1769497267.6154048,FORWARDED,055fa840-0ff6-42e2-9a8c-f212f17db07a,69c7b13e-671c-4bf1-9ea7-cb7910c29423,c3,c5,1252,?,x7,
1769497267.9007776,SENT,931f2554-d5ee-48bc-ab4a-386615c9be9d,37c2dd6d-a1b1-44b5-8621-a028f115f3ba,c5,c2,1251,?,x7,
1769497267.9008234,FORWARDED,931f2554-d5ee-48bc-ab4a-386615c9be9d,37c2dd6d-a1b1-44b5-8621-a028f115f3ba,c5,c2,1251,?,x7,
1769497268.003393,RECEIVED,96a4bb7a-aa46-4990-96fa-e86bacbba506,22167171-9026-48a9-8968-4c6362ec383d,c5,c2,1779,e10,?,
1769497268.123847,SENT,cbf03041-df78-4d88-b1e3-b4dfbfc655ea,998d6165-0ec3-4fc7-a466-651b7279982f,c3,None,1132,?,x5,
1769497268.1238897,FORWARDED,cbf03041-df78-4d88-b1e3-b4dfbfc655ea,998d6165-0ec3-4fc7-a466-651b7279982f,c3,None,1132,?,x5,
1769497268.403588,RECEIVED,ad97197c-6d09-4ae5-b1cd-9af0b4fef4db,90045d5c-ba11-4b3a-8ca4-86a870d3a2d6,c3,None,1606,e8,?,
1769497268.653106,RECEIVED,1c7fc36a-40d7-4c35-b0da-45d46af26471,284e8aa9-db2d-4f9a-ada8-552288b773ce,c3,None,1597,e5,?,
1769497268.7281005,SENT,1c7fc36a-40d7-4c35-b0da-45d46af26471,284e8aa9-db2d-4f9a-ada8-552288b773ce,c3,None,1123,?,x3,
1769497268.7281487,FORWARDED,1c7fc36a-40d7-4c35-b0da-45d46af26471,284e8aa9-db2d-4f9a-ada8-552288b773ce,c3,None,1123,?,x3,
1769497268.993137,RECEIVED,744e401c-782f-435b-a780-83eaa51713ef,f9858b43-b0e2-4494-ba35-89dd5e657586,c2,c3,1763,e9,?,
1769497269.0559268,RECEIVED,9dd31ba7-8f16-41c5-bfa8-308277e37b9c,ca9ae255-0e59-4bbc-9099-179526781e09,c1,c3,1776,e8,?,
1769497269.1146462,SENT,96a4bb7a-aa46-4990-96fa-e86bacbba506,22167171-9026-48a9-8968-4c6362ec383d,c5,c2,1263,?,x11,
1769497269.1146922,FORWARDED,96a4bb7a-aa46-4990-96fa-e86bacbba506,22167171-9026-48a9-8968-4c6362ec383d,c5,c2,1263,?,x11,
1769497269.2683082,SENT,9dd31ba7-8f16-41c5-bfa8-308277e37b9c,ca9ae255-0e59-4bbc-9099-179526781e09,c1,c3,1259,?,x5,
1769497269.268352,FORWARDED,9dd31ba7-8f16-41c5-bfa8-308277e37b9c,ca9ae255-0e59-4bbc-9099-179526781e09,c1,c3,1259,?,x5,
1769497269.6351802,RECEIVED,7f1e763f-d814-45ee-a201-835e324061a4,57f52cf3-e68f-4488-88cd-6971f41589d6,c5,None,1595,e2,?,
1769497269.8141422,SENT,ad97197c-6d09-4ae5-b1cd-9af0b4fef4db,90045d5c-ba11-4b3a-8ca4-86a870d3a2d6,c3,None,1132,?,x7,
1769497269.8141866,FORWARDED,ad97197c-6d09-4ae5-b1cd-9af0b4fef4db,90045d5c-ba11-4b3a-8ca4-86a870d3a2d6,c3,None,1132,?,x7,
1769497269.8913715,SENT,7f1e763f-d814-45ee-a201-835e324061a4,57f52cf3-e68f-4488-88cd-6971f41589d6,c5,None,1123,?,x2,
1769497269.8914146,FORWARDED,7f1e763f-d814-45ee-a201-835e324061a4,57f52cf3-e68f-4488-88cd-6971f41589d6,c5,None,1123,?,x2,
1769497269.9998395,SENT,744e401c-782f-435b-a780-83eaa51713ef,f9858b43-b0e2-4494-ba35-89dd5e657586,c2,c3,1250,?,x5,
1769497269.9998806,FORWARDED,744e401c-782f-435b-a780-83eaa51713ef,f9858b43-b0e2-4494-ba35-89dd5e657586,c2,c3,1250,?,x5,
1769497270.0410695,RECEIVED,180f7b31-da6d-4f89-bb3c-cdae128b88b3,c0cc21d1-af28-4ae0-a697-a500c5fa563c,c2,c3,1776,e6,?,
1769497270.2668931,SENT,180f7b31-da6d-4f89-bb3c-cdae128b88b3,c0cc21d1-af28-4ae0-a697-a500c5fa563c,c2,c3,1259,?,x5,
1769497270.2669353,FORWARDED,180f7b31-da6d-4f89-bb3c-cdae128b88b3,c0cc21d1-af28-4ae0-a697-a500c5fa563c,c2,c3,1259,?,x5,
1769497270.4137964,RECEIVED,09c6f3ad-d138-44cc-aa2c-2c70aa9a95d8,e87693b8-d1c5-4ed5-8d99-2490930e7dc5,c5,None,1599,e3,?,
1769497270.4281528,RECEIVED,5af7fcab-6f34-4594-a9df-d1e0d64305db,829fff91-47c5-43ac-bb92-7e455fb2481d,c4,c3,1778,e12,?,
1769497271.450922,RECEIVED,af2ea490-fd77-4da7-9b0b-bb2ddd5c1a1e,0c2c72ef-158d-4762-a229-b7574ea11e28,c2,None,1596,e11,?,
1769497271.4712946,SENT,5af7fcab-6f34-4594-a9df-d1e0d64305db,829fff91-47c5-43ac-bb92-7e455fb2481d,c4,c3,1262,?,x5,
1769497271.4713476,FORWARDED,5af7fcab-6f34-4594-a9df-d1e0d64305db,829fff91-47c5-43ac-bb92-7e455fb2481d,c4,c3,1262,?,x5,
1769497271.5309904,FORWARDED,af2ea490-fd77-4da7-9b0b-bb2ddd5c1a1e,0c2c72ef-158d-4762-a229-b7574ea11e28,c2,None,1124,?,x6,
1769497271.735795,FORWARDED,09c6f3ad-d138-44cc-aa2c-2c70aa9a95d8,e87693b8-d1c5-4ed5-8d99-2490930e7dc5,c5,None,1127,?,x6,
1769497271.802822,RECEIVED,10811662-51a2-4394-8618-a765a0d76e51,6cf68891-82a2-4c2e-89fa-461f338922f8,c4,c3,1768,e12,?,
1769497271.8388078,RECEIVED,d57ba54f-d032-4dab-a44f-65371c00fa20,9a4dc13b-95cd-43ce-be33-fa1e6cf58beb,c3,c5,1780,e1,?,
1769497271.9229379,SENT,d57ba54f-d032-4dab-a44f-65371c00fa20,9a4dc13b-95cd-43ce-be33-fa1e6cf58beb,c3,c5,1263,?,x3,
1769497271.9229822,FORWARDED,d57ba54f-d032-4dab-a44f-65371c00fa20,9a4dc13b-95cd-43ce-be33-fa1e6cf58beb,c3,c5,1263,?,x3,
1769497271.9732876,SENT,10811662-51a2-4394-8618-a765a0d76e51,6cf68891-82a2-4c2e-89fa-461f338922f8,c4,c3,1252,?,x3,
1769497271.9733322,FORWARDED,10811662-51a2-4394-8618-a765a0d76e51,6cf68891-82a2-4c2e-89fa-461f338922f8,c4,c3,1252,?,x3,
1769497272.1376019,RECEIVED,bceacfdd-626e-4328-889f-973409535392,32ad9e0c-8d24-47f8-8a28-0173796c73ed,c5,None,1612,e12,?,
1769497272.3624735,RECEIVED,c5e4afab-8742-41ad-a24f-c6346aacbe66,6417c285-098d-40ff-922b-d30a0b2c760a,c5,c2,1779,e11,?,
1769497272.6024036,RECEIVED,36ed9e8a-9f41-4550-8228-5caf8bd4b40f,0f6bb397-5a29-4fec-81f2-cda27c4f6719,c2,c3,1771,e12,?,
1769497273.12373,SENT,36ed9e8a-9f41-4550-8228-5caf8bd4b40f,0f6bb397-5a29-4fec-81f2-cda27c4f6719,c2,c3,1256,?,x1,
1769497273.123773,FORWARDED,36ed9e8a-9f41-4550-8228-5caf8bd4b40f,0f6bb397-5a29-4fec-81f2-cda27c4f6719,c2,c3,1256,?,x1,
1769497273.3627505,SENT,c5e4afab-8742-41ad-a24f-c6346aacbe66,6417c285-098d-40ff-922b-d30a0b2c760a,c5,c2,1263,?,x9,
1769497273.3627942,FORWARDED,c5e4afab-8742-41ad-a24f-c6346aacbe66,6417c285-098d-40ff-922b-d30a0b2c760a,c5,c2,1263,?,x9,
1769497273.521281,SENT,bceacfdd-626e-4328-889f-973409535392,32ad9e0c-8d24-47f8-8a28-0173796c73ed,c5,None,1136,?,x12,
1769497273.5213885,FORWARDED,bceacfdd-626e-4328-889f-973409535392,32ad9e0c-8d24-47f8-8a28-0173796c73ed,c5,None,1136,?,x12,
1769497274.6799428,RECEIVED,73f192d3-ccec-4440-9b8f-181ed7bef106,f49c21e9-0af0-44ce-93ac-7078c182e05c,c3,None,1609,e11,?,
1769497274.688321,SENT,73f192d3-ccec-4440-9b8f-181ed7bef106,f49c21e9-0af0-44ce-93ac-7078c182e05c,c3,None,1132,?,x7,
1769497274.6883724,FORWARDED,73f192d3-ccec-4440-9b8f-181ed7bef106,f49c21e9-0af0-44ce-93ac-7078c182e05c,c3,None,1132,?,x7,
1769497276.1561089,RECEIVED,55c0807f-df28-45c9-a00f-c9d8edc87a1c,0db05df4-d2a7-41c0-a9fc-5fe4546c0452,c2,c3,1779,e5,?,
1769497276.6495578,SENT,55c0807f-df28-45c9-a00f-c9d8edc87a1c,0db05df4-d2a7-41c0-a9fc-5fe4546c0452,c2,c3,1263,?,x12,
1769497276.6495988,FORWARDED,55c0807f-df28-45c9-a00f-c9d8edc87a1c,0db05df4-d2a7-41c0-a9fc-5fe4546c0452,c2,c3,1263,?,x12,
1769497276.7514265,RECEIVED,819657ac-7323-4e56-949c-00d00a0fcd75,f74738d8-d904-49f2-9a6d-81c16ac95bb3,c4,c3,1776,e3,?,
1769497276.994582,SENT,819657ac-7323-4e56-949c-00d00a0fcd75,f74738d8-d904-49f2-9a6d-81c16ac95bb3,c4,c3,1259,?,x9,
1769497276.9946225,FORWARDED,819657ac-7323-4e56-949c-00d00a0fcd75,f74738d8-d904-49f2-9a6d-81c16ac95bb3,c4,c3,1259,?,x9,
1769497277.074341,RECEIVED,3963070d-96e2-4e20-9ce9-53b207c292b0,99c1ad22-3c31-458b-801b-8d6d07dadba3,c5,c2,1775,e9,?,
1769497277.5538123,SENT,3963070d-96e2-4e20-9ce9-53b207c292b0,99c1ad22-3c31-458b-801b-8d6d07dadba3,c5,c2,1258,?,x4,
1769497277.553855,FORWARDED,3963070d-96e2-4e20-9ce9-53b207c292b0,99c1ad22-3c31-458b-801b-8d6d07dadba3,c5,c2,1258,?,x4,
1769497277.6750958,RECEIVED,371c0421-1cf7-444b-ac4b-15970bc7be71,9db12a54-4d56-418f-adde-bc590248ba95,c1,c3,1774,e5,?,
1769497277.8310921,RECEIVED,d04dcc62-d6b2-4e07-872f-749ead00105f,8e18bcb6-c542-4f6d-9a82-221c477f782f,c3,None,1600,e1,?,
1769497277.8867922,RECEIVED,3e4f937e-43d7-45f7-af1e-6725f619f392,5b1ef75b-93c4-4fd7-8f84-75510296b39d,c3,None,1600,e10,?,
1769497278.0125296,SENT,3e4f937e-43d7-45f7-af1e-6725f619f392,5b1ef75b-93c4-4fd7-8f84-75510296b39d,c3,None,1128,?,x5,
1769497278.0125709,FORWARDED,3e4f937e-43d7-45f7-af1e-6725f619f392,5b1ef75b-93c4-4fd7-8f84-75510296b39d,c3,None,1128,?,x5,
1769497278.0914476,SENT,d04dcc62-d6b2-4e07-872f-749ead00105f,8e18bcb6-c542-4f6d-9a82-221c477f782f,c3,None,1128,?,x5,
1769497278.091489,FORWARDED,d04dcc62-d6b2-4e07-872f-749ead00105f,8e18bcb6-c542-4f6d-9a82-221c477f782f,c3,None,1128,?,x5,
1769497278.7591913,SENT,371c0421-1cf7-444b-ac4b-15970bc7be71,9db12a54-4d56-418f-adde-bc590248ba95,c1,c3,1259,?,x4,
1769497278.7592313,FORWARDED,371c0421-1cf7-444b-ac4b-15970bc7be71,9db12a54-4d56-418f-adde-bc590248ba95,c1,c3,1259,?,x4,
1769497279.3759878,RECEIVED,b6adb174-b92b-409d-b00c-d608f15028b7,ec7c4cf2-902d-40ba-95aa-a4aa58ef4f50,c5,c2,1771,e1,?,
1769497279.4561334,RECEIVED,09714a9d-dbce-4b48-bff7-16b83182468c,f41b4c78-ef6f-440b-8e42-60309d46a9b0,c3,None,1599,e10,?,
1769497279.4630375,RECEIVED,7280d6ab-33cc-48fe-9dbf-f3ad87439f05,02f2e870-6ab7-4347-9243-285ec83a2d68,c5,c2,1781,e6,?,
1769497279.5904193,SENT,7280d6ab-33cc-48fe-9dbf-f3ad87439f05,02f2e870-6ab7-4347-9243-285ec83a2d68,c5,c2,1263,?,x10,
1769497279.5904615,FORWARDED,7280d6ab-33cc-48fe-9dbf-f3ad87439f05,02f2e870-6ab7-4347-9243-285ec83a2d68,c5,c2,1263,?,x10,
1769497279.719487,RECEIVED,d472d1d9-799e-4201-94da-8626da9622cc,2298f803-1557-4f63-92a2-458bb89323a1,c3,c5,1772,e10,?,
1769497280.0357802,SENT,09714a9d-dbce-4b48-bff7-16b83182468c,f41b4c78-ef6f-440b-8e42-60309d46a9b0,c3,None,1128,?,x7,
1769497280.0358987,FORWARDED,09714a9d-dbce-4b48-bff7-16b83182468c,f41b4c78-ef6f-440b-8e42-60309d46a9b0,c3,None,1128,?,x7,
1769497280.3099272,RECEIVED,73881076-14c4-460f-8f32-f3ac2c7968c3,0e4525c9-2ee4-4c8b-90dc-fdc5ebac90c1,c4,c3,1772,e8,?,
1769497280.3734956,RECEIVED,1032aa15-5744-4e48-985c-f00bf62ff859,3a68acea-24b6-473c-991c-8c8cbc981be3,c3,None,1607,e1,?,
1769497280.4141467,SENT,73881076-14c4-460f-8f32-f3ac2c7968c3,0e4525c9-2ee4-4c8b-90dc-fdc5ebac90c1,c4,c3,1257,?,x5,
1769497280.41419,FORWARDED,73881076-14c4-460f-8f32-f3ac2c7968c3,0e4525c9-2ee4-4c8b-90dc-fdc5ebac90c1,c4,c3,1257,?,x5,
1769497280.491763,SENT,b6adb174-b92b-409d-b00c-d608f15028b7,ec7c4cf2-902d-40ba-95aa-a4aa58ef4f50,c5,c2,1255,?,x2,
1769497280.4918072,FORWARDED,b6adb174-b92b-409d-b00c-d608f15028b7,ec7c4cf2-902d-40ba-95aa-a4aa58ef4f50,c5,c2,1255,?,x2,
1769497280.5747414,SENT,d472d1d9-799e-4201-94da-8626da9622cc,2298f803-1557-4f63-92a2-458bb89323a1,c3,c5,1256,?,x10,
1769497280.5747843,FORWARDED,d472d1d9-799e-4201-94da-8626da9622cc,2298f803-1557-4f63-92a2-458bb89323a1,c3,c5,1256,?,x10,
1769497281.4166455,SENT,1032aa15-5744-4e48-985c-f00bf62ff859,3a68acea-24b6-473c-991c-8c8cbc981be3,c3,None,1132,?,x1,
1769497281.4167085,FORWARDED,1032aa15-5744-4e48-985c-f00bf62ff859,3a68acea-24b6-473c-991c-8c8cbc981be3,c3,None,1132,?,x1,
1769497281.7496855,RECEIVED,20d4c709-f868-490e-9b10-6e6c669adfd6,1d6023a6-7a3f-4825-a8ec-b9e0ac455c07,c1,c3,1775,e6,?,
1769497281.9552944,SENT,20d4c709-f868-490e-9b10-6e6c669adfd6,1d6023a6-7a3f-4825-a8ec-b9e0ac455c07,c1,c3,1259,?,x9,
1769497281.9553401,FORWARDED,20d4c709-f868-490e-9b10-6e6c669adfd6,1d6023a6-7a3f-4825-a8ec-b9e0ac455c07,c1,c3,1259,?,x9,
1769497282.6592278,RECEIVED,408feef4-cd49-4ba7-959e-7b90ad6a9847,f4bf9ffe-e938-433a-befd-990337ee6fca,c3,c5,1768,e7,?,
1769497283.029869,SENT,408feef4-cd49-4ba7-959e-7b90ad6a9847,f4bf9ffe-e938-433a-befd-990337ee6fca,c3,c5,1252,?,x10,
1769497283.0301843,FORWARDED,408feef4-cd49-4ba7-959e-7b90ad6a9847,f4bf9ffe-e938-433a-befd-990337ee6fca,c3,c5,1252,?,x10,
1769497283.0786967,RECEIVED,2d3c50e1-6a90-4069-9efb-5945b2598c4f,344d56bc-b834-43ca-a1e2-1b3f39af01cb,c4,c3,1772,e10,?,
1769497283.255596,FORWARDED,2d3c50e1-6a90-4069-9efb-5945b2598c4f,344d56bc-b834-43ca-a1e2-1b3f39af01cb,c4,c3,1257,?,x6,
1769497283.6540756,RECEIVED,ce837349-fddb-4b1c-83c3-8c09202b0d4c,3979257f-d13e-4875-9921-bb6bd4a84243,c3,None,1603,e6,?,
1769497283.8929012,SENT,ce837349-fddb-4b1c-83c3-8c09202b0d4c,3979257f-d13e-4875-9921-bb6bd4a84243,c3,None,1131,?,x9,
1769497283.8929462,FORWARDED,ce837349-fddb-4b1c-83c3-8c09202b0d4c,3979257f-d13e-4875-9921-bb6bd4a84243,c3,None,1131,?,x9,
1769497284.1301796,RECEIVED,d2f6cc8c-a869-4955-ac23-baaef7692124,6a3a2fb0-cf20-463c-8da0-332ba89679b1,c1,c3,1771,e2,?,
1769497284.148812,RECEIVED,c3d09fd0-c177-45e1-92a2-df7d37fc64f9,023d328d-d74e-4aa7-9e37-41aaa169a74e,c3,None,1607,e2,?,
1769497284.1774342,RECEIVED,3d5faa8e-4796-4c96-b8a8-a14b989194cd,04b13b85-085e-4c76-a637-ebdd6dacafd3,c3,None,1599,e9,?,
1769497284.2374563,SENT,3d5faa8e-4796-4c96-b8a8-a14b989194cd,04b13b85-085e-4c76-a637-ebdd6dacafd3,c3,None,1128,?,x3,
1769497284.237509,FORWARDED,3d5faa8e-4796-4c96-b8a8-a14b989194cd,04b13b85-085e-4c76-a637-ebdd6dacafd3,c3,None,1128,?,x3,
1769497284.736191,SENT,c3d09fd0-c177-45e1-92a2-df7d37fc64f9,023d328d-d74e-4aa7-9e37-41aaa169a74e,c3,None,1132,?,x7,
1769497284.736233,FORWARDED,c3d09fd0-c177-45e1-92a2-df7d37fc64f9,023d328d-d74e-4aa7-9e37-41aaa169a74e,c3,None,1132,?,x7,
1769497284.7484565,SENT,d2f6cc8c-a869-4955-ac23-baaef7692124,6a3a2fb0-cf20-463c-8da0-332ba89679b1,c1,c3,1255,?,x9,
1769497284.7484999,FORWARDED,d2f6cc8c-a869-4955-ac23-baaef7692124,6a3a2fb0-cf20-463c-8da0-332ba89679b1,c1,c3,1255,?,x9,
1769497286.035508,RECEIVED,944e18df-2e67-40f7-bc20-9b73098b1b92,f3ba18ec-c086-4808-9226-9236c8136809,c3,None,1599,e6,?,
1769497286.7718372,SENT,944e18df-2e67-40f7-bc20-9b73098b1b92,f3ba18ec-c086-4808-9226-9236c8136809,c3,None,1127,?,x10,
1769497286.77188,FORWARDED,944e18df-2e67-40f7-bc20-9b73098b1b92,f3ba18ec-c086-4808-9226-9236c8136809,c3,None,1127,?,x10,
1769497287.0862255,RECEIVED,009e2b3a-377e-4777-917d-89bcf42ea621,bad99df3-3fd8-40cc-a4ab-45898a5e6d4d,c3,None,1591,e6,?,
1769497287.100564,RECEIVED,d06d4f98-eea3-4b72-8307-8a96d13fe1c6,4c9e221e-1524-485f-8a0a-b7b7bcd2ed26,c2,None,1595,e9,?,
1769497287.5299878,SENT,d06d4f98-eea3-4b72-8307-8a96d13fe1c6,4c9e221e-1524-485f-8a0a-b7b7bcd2ed26,c2,None,1124,?,x3,
1769497287.530031,FORWARDED,d06d4f98-eea3-4b72-8307-8a96d13fe1c6,4c9e221e-1524-485f-8a0a-b7b7bcd2ed26,c2,None,1124,?,x3,
1769497287.6691375,SENT,009e2b3a-377e-4777-917d-89bcf42ea621,bad99df3-3fd8-40cc-a4ab-45898a5e6d4d,c3,None,1122,?,x5,
1769497287.6691804,FORWARDED,009e2b3a-377e-4777-917d-89bcf42ea621,bad99df3-3fd8-40cc-a4ab-45898a5e6d4d,c3,None,1122,?,x5,
1769497288.1788046,RECEIVED,958f73b2-963e-461a-9e60-26aff3b15a62,8d0b1cb4-a46f-4257-998c-e86e1e826c61,c3,c5,1775,e1,?,
1769497289.1301515,RECEIVED,1ff2cf2e-e5fb-491e-a666-c9437c15de2c,fa991d42-6382-450c-a4a4-faf9b2898aa8,c2,None,1600,e3,?,
1769497289.2917795,SENT,1ff2cf2e-e5fb-491e-a666-c9437c15de2c,fa991d42-6382-450c-a4a4-faf9b2898aa8,c2,None,1127,?,x9,
1769497289.2918198,FORWARDED,1ff2cf2e-e5fb-491e-a666-c9437c15de2c,fa991d42-6382-450c-a4a4-faf9b2898aa8,c2,None,1127,?,x9,
1769497289.3463664,SENT,958f73b2-963e-461a-9e60-26aff3b15a62,8d0b1cb4-a46f-4257-998c-e86e1e826c61,c3,c5,1259,?,x3,
1769497289.3464096,FORWARDED,958f73b2-963e-461a-9e60-26aff3b15a62,8d0b1cb4-a46f-4257-998c-e86e1e826c61,c3,c5,1259,?,x3,
1769497289.4432313,RECEIVED,39ccbb56-59df-45d8-9af5-8a24d380418e,1800c8d3-57c6-4bb8-872b-a4b13df4f8d4,c3,c5,1781,e2,?,
1769497289.6125524,SENT,39ccbb56-59df-45d8-9af5-8a24d380418e,1800c8d3-57c6-4bb8-872b-a4b13df4f8d4,c3,c5,1263,?,x12,
1769497289.612595,FORWARDED,39ccbb56-59df-45d8-9af5-8a24d380418e,1800c8d3-57c6-4bb8-872b-a4b13df4f8d4,c3,c5,1263,?,x12,
1769497291.5758283,RECEIVED,66981678-b6b7-4bb9-a592-68215e0e01b5,6e1ac8d8-63cf-4447-81bc-e42f4864f8e7,c5,c2,1775,e10,?,
1769497291.6841838,RECEIVED,343b05ac-66aa-411b-955b-74b0e91d82fe,c9f6bc91-9710-42de-b4a6-864afe8d24d8,c2,c3,1780,e9,?,
1769497292.096318,SENT,343b05ac-66aa-411b-955b-74b0e91d82fe,c9f6bc91-9710-42de-b4a6-864afe8d24d8,c2,c3,1261,?,x12,
1769497292.096363,FORWARDED,343b05ac-66aa-411b-955b-74b0e91d82fe,c9f6bc91-9710-42de-b4a6-864afe8d24d8,c2,c3,1261,?,x12,
1769497292.1234078,RECEIVED,c3b59b59-b44f-4c32-8de5-ba4c9ed0e239,f5afc330-fb18-48e7-a8e2-a401fb1538e7,c2,c3,1779,e11,?,
1769497292.2374263,SENT,c3b59b59-b44f-4c32-8de5-ba4c9ed0e239,f5afc330-fb18-48e7-a8e2-a401fb1538e7,c2,c3,1263,?,x7,
1769497292.2374723,FORWARDED,c3b59b59-b44f-4c32-8de5-ba4c9ed0e239,f5afc330-fb18-48e7-a8e2-a401fb1538e7,c2,c3,1263,?,x7,
1769497292.7398565,SENT,66981678-b6b7-4bb9-a592-68215e0e01b5,6e1ac8d8-63cf-4447-81bc-e42f4864f8e7,c5,c2,1260,?,x5,
1769497292.7399096,FORWARDED,66981678-b6b7-4bb9-a592-68215e0e01b5,6e1ac8d8-63cf-4447-81bc-e42f4864f8e7,c5,c2,1260,?,x5,
1769497293.1323235,RECEIVED,0c20e613-2651-4309-9c61-d63b9973c1a1,a91f1287-4d50-4b30-bed9-066baa39b99c,c4,c3,1776,e8,?,
1769497293.175439,RECEIVED,09b918c0-9fd9-450e-aaf6-714cb7855568,12acee8b-5ca1-4fbd-a25a-512d42a5ad35,c3,c5,1768,e8,?,
1769497293.4847503,SENT,09b918c0-9fd9-450e-aaf6-714cb7855568,12acee8b-5ca1-4fbd-a25a-512d42a5ad35,c3,c5,1254,?,x3,
1769497293.484876,FORWARDED,09b918c0-9fd9-450e-aaf6-714cb7855568,12acee8b-5ca1-4fbd-a25a-512d42a5ad35,c3,c5,1254,?,x3,
1769497293.716223,RECEIVED,495f1cbb-5491-45d4-84d3-a294901c3fa7,7e85a6fa-e183-4d34-b523-29c8101ef45b,c3,c5,1776,e1,?,
1769497293.98021,SENT,495f1cbb-5491-45d4-84d3-a294901c3fa7,7e85a6fa-e183-4d34-b523-29c8101ef45b,c3,c5,1259,?,x8,
1769497293.9802501,FORWARDED,495f1cbb-5491-45d4-84d3-a294901c3fa7,7e85a6fa-e183-4d34-b523-29c8101ef45b,c3,c5,1259,?,x8,
1769497294.3344095,SENT,0c20e613-2651-4309-9c61-d63b9973c1a1,a91f1287-4d50-4b30-bed9-066baa39b99c,c4,c3,1260,?,x12,
1769497294.334457,FORWARDED,0c20e613-2651-4309-9c61-d63b9973c1a1,a91f1287-4d50-4b30-bed9-066baa39b99c,c4,c3,1260,?,x12,
1769497294.470612,RECEIVED,78c217d6-c24a-451f-a7de-38729324e1ee,7c83252b-011e-4ca5-9fcd-fe33b6e69078,c3,None,1604,e6,?,
1769497294.5308032,SENT,78c217d6-c24a-451f-a7de-38729324e1ee,7c83252b-011e-4ca5-9fcd-fe33b6e69078,c3,None,1129,?,x3,
1769497294.5308473,FORWARDED,78c217d6-c24a-451f-a7de-38729324e1ee,7c83252b-011e-4ca5-9fcd-fe33b6e69078,c3,None,1129,?,x3,
1769497294.8691504,RECEIVED,4f85ec0d-c1d7-4f2a-9bb5-abbbe800d4ca,e0cbe904-f5bb-4847-974e-cee5ca512dbc,c3,c5,1776,e9,?,
1769497294.964288,RECEIVED,f76f09b9-a3b9-4b09-9a1a-3423a67da67b,c202cd97-d4ca-48c4-bb5a-0d8891907f47,c5,None,1598,e2,?,
1769497294.9836218,SENT,4f85ec0d-c1d7-4f2a-9bb5-abbbe800d4ca,e0cbe904-f5bb-4847-974e-cee5ca512dbc,c3,c5,1259,?,x5,
1769497294.9836633,FORWARDED,4f85ec0d-c1d7-4f2a-9bb5-abbbe800d4ca,e0cbe904-f5bb-4847-974e-cee5ca512dbc,c3,c5,1259,?,x5,
1769497295.2822337,RECEIVED,4983cc7d-443b-419e-b5bd-c16c1d43d62e,6e1d7c4f-f742-407b-b8ff-7a5249e97804,c5,None,1600,e8,?,
1769497295.3487148,RECEIVED,1cc4daa6-3937-4382-9985-1b619134f561,c604bbab-f944-4b0f-9692-adb69103cd2d,c2,None,1599,e3,?,
1769497295.6010215,SENT,4983cc7d-443b-419e-b5bd-c16c1d43d62e,6e1d7c4f-f742-407b-b8ff-7a5249e97804,c5,None,1127,?,x8,
1769497295.6012764,FORWARDED,4983cc7d-443b-419e-b5bd-c16c1d43d62e,6e1d7c4f-f742-407b-b8ff-7a5249e97804,c5,None,1127,?,x8,
1769497295.76421,SENT,1cc4daa6-3937-4382-9985-1b619134f561,c604bbab-f944-4b0f-9692-adb69103cd2d,c2,None,1128,?,x7,
1769497295.7642574,FORWARDED,1cc4daa6-3937-4382-9985-1b619134f561,c604bbab-f944-4b0f-9692-adb69103cd2d,c2,None,1128,?,x7,
1769497296.0935714,RECEIVED,d304fce5-fb63-4a46-8ba2-57943afa216c,956ab292-54fc-4264-aa4e-b39ee97062f3,c5,None,1599,e9,?,
1769497296.6031294,RECEIVED,1537e059-0bed-46a5-9ddc-da3d8dd63cc8,b81c84ab-2fe4-4473-baa7-b3d234bc98d3,c3,None,1603,e6,?,
1769497296.6039364,SENT,d304fce5-fb63-4a46-8ba2-57943afa216c,956ab292-54fc-4264-aa4e-b39ee97062f3,c5,None,1127,?,x5,
1769497296.6039877,FORWARDED,d304fce5-fb63-4a46-8ba2-57943afa216c,956ab292-54fc-4264-aa4e-b39ee97062f3,c5,None,1127,?,x5,
1769497296.6347795,RECEIVED,8c38276c-25fa-4974-96dc-b9ece514ae05,103ed588-b001-402d-b9ff-c702e74a0967,c2,c3,1766,e12,?,
1769497296.77848,SENT,f76f09b9-a3b9-4b09-9a1a-3423a67da67b,c202cd97-d4ca-48c4-bb5a-0d8891907f47,c5,None,1127,?,x8,
1769497296.7785437,FORWARDED,f76f09b9-a3b9-4b09-9a1a-3423a67da67b,c202cd97-d4ca-48c4-bb5a-0d8891907f47,c5,None,1127,?,x8,
1769497296.7917829,SENT,8c38276c-25fa-4974-96dc-b9ece514ae05,103ed588-b001-402d-b9ff-c702e74a0967,c2,c3,1253,?,x7,
1769497296.7918441,FORWARDED,8c38276c-25fa-4974-96dc-b9ece514ae05,103ed588-b001-402d-b9ff-c702e74a0967,c2,c3,1253,?,x7,
1769497296.918004,SENT,1537e059-0bed-46a5-9ddc-da3d8dd63cc8,b81c84ab-2fe4-4473-baa7-b3d234bc98d3,c3,None,1131,?,x1,
1769497296.9180882,FORWARDED,1537e059-0bed-46a5-9ddc-da3d8dd63cc8,b81c84ab-2fe4-4473-baa7-b3d234bc98d3,c3,None,1131,?,x1,
1769497298.3272913,RECEIVED,f0cf3176-7585-44d5-b9f7-ddbb830906e6,b98a261d-5602-4688-9baa-b0aa2a689ff9,c3,c5,1763,e7,?,
1769497298.5762992,RECEIVED,76d35f4a-82f0-455a-af10-e6cf239d8293,e42acf5c-dc6d-4ffc-9676-249f9e91de98,c4,c3,1779,e8,?,
1769497298.7388072,RECEIVED,4bd3e262-b28d-4e55-9b77-62dee6e1b527,4321b644-e936-4464-844f-17827044a5d9,c3,c5,1776,e12,?,
1769497299.0774214,RECEIVED,5760cd3f-a542-4fa9-81e8-0ae935b74630,f04beb59-15fa-4b8f-bc96-bb4dc7a1ebda,c5,c2,1772,e2,?,
1769497299.138961,SENT,5760cd3f-a542-4fa9-81e8-0ae935b74630,f04beb59-15fa-4b8f-bc96-bb4dc7a1ebda,c5,c2,1255,?,x2,
1769497299.1390917,FORWARDED,5760cd3f-a542-4fa9-81e8-0ae935b74630,f04beb59-15fa-4b8f-bc96-bb4dc7a1ebda,c5,c2,1255,?,x2,
1769497299.1878042,SENT,76d35f4a-82f0-455a-af10-e6cf239d8293,e42acf5c-dc6d-4ffc-9676-249f9e91de98,c4,c3,1263,?,x3,
1769497299.1878853,FORWARDED,76d35f4a-82f0-455a-af10-e6cf239d8293,e42acf5c-dc6d-4ffc-9676-249f9e91de98,c4,c3,1263,?,x3,
1769497299.3182127,RECEIVED,9fea801b-c4f3-4497-b315-8ff5fa948305,1a25cae1-e636-4182-814c-7cf9af74e2d8,c3,None,1599,e10,?,
1769497299.3197837,SENT,f0cf3176-7585-44d5-b9f7-ddbb830906e6,b98a261d-5602-4688-9baa-b0aa2a689ff9,c3,c5,1251,?,x3,
1769497299.3198364,FORWARDED,f0cf3176-7585-44d5-b9f7-ddbb830906e6,b98a261d-5602-4688-9baa-b0aa2a689ff9,c3,c5,1251,?,x3,
1769497299.4123402,SENT,9fea801b-c4f3-4497-b315-8ff5fa948305,1a25cae1-e636-4182-814c-7cf9af74e2d8,c3,None,1128,?,x2,
1769497299.4124637,FORWARDED,9fea801b-c4f3-4497-b315-8ff5fa948305,1a25cae1-e636-4182-814c-7cf9af74e2d8,c3,None,1128,?,x2,
1769497299.6536238,SENT,4bd3e262-b28d-4e55-9b77-62dee6e1b527,4321b644-e936-4464-844f-17827044a5d9,c3,c5,1259,?,x10,
1769497299.6536841,FORWARDED,4bd3e262-b28d-4e55-9b77-62dee6e1b527,4321b644-e936-4464-844f-17827044a5d9,c3,c5,1259,?,x10,
1769497300.059653,RECEIVED,921fa981-01cd-42e0-a774-dfb092cb7d02,b9bf74ea-d270-4200-af67-63d0f299f732,c3,None,1600,e8,?,
1769497300.1452794,RECEIVED,131e0af2-ddce-4220-8314-51b3fe90df61,11fab4c4-8bb7-4860-8e28-942f87e05c0c,c2,c3,1777,e1,?,
1769497300.2201054,RECEIVED,9f2534b0-6c64-4069-85e6-b634f7e2c745,475a1668-2bac-459e-bea7-efbd75b1694c,c2,None,1609,e9,?,
1769497300.2719429,SENT,9f2534b0-6c64-4069-85e6-b634f7e2c745,475a1668-2bac-459e-bea7-efbd75b1694c,c2,None,1132,?,x11,
1769497300.2719927,FORWARDED,9f2534b0-6c64-4069-85e6-b634f7e2c745,475a1668-2bac-459e-bea7-efbd75b1694c,c2,None,1132,?,x11,
1769497300.2826023,RECEIVED,92cb4176-9677-4c7e-a7e1-af1963b3dd7e,8e3267eb-8e55-4af5-bdb0-9fd76b4355ca,c2,c3,1774,e6,?,
1769497300.6315,SENT,131e0af2-ddce-4220-8314-51b3fe90df61,11fab4c4-8bb7-4860-8e28-942f87e05c0c,c2,c3,1259,?,x10,
1769497300.631618,FORWARDED,131e0af2-ddce-4220-8314-51b3fe90df61,11fab4c4-8bb7-4860-8e28-942f87e05c0c,c2,c3,1259,?,x10,
1769497300.8499367,SENT,921fa981-01cd-42e0-a774-dfb092cb7d02,b9bf74ea-d270-4200-af67-63d0f299f732,c3,None,1128,?,x12,
1769497300.8499794,FORWARDED,921fa981-01cd-42e0-a774-dfb092cb7d02,b9bf74ea-d270-4200-af67-63d0f299f732,c3,None,1128,?,x12,
1769497300.8758402,RECEIVED,062926f9-21a5-477b-881e-1f2fe13bc5ba,9ba24bf0-5490-4d1f-9db4-9de79deb700d,c2,None,1597,e10,?,
1769497300.951884,FORWARDED,062926f9-21a5-477b-881e-1f2fe13bc5ba,9ba24bf0-5490-4d1f-9db4-9de79deb700d,c2,None,1124,?,x6,
1769497301.0239148,SENT,92cb4176-9677-4c7e-a7e1-af1963b3dd7e,8e3267eb-8e55-4af5-bdb0-9fd76b4355ca,c2,c3,1258,?,x9,
1769497301.0239565,FORWARDED,92cb4176-9677-4c7e-a7e1-af1963b3dd7e,8e3267eb-8e55-4af5-bdb0-9fd76b4355ca,c2,c3,1258,?,x9,
1769497301.6747048,RECEIVED,196c7f12-c21e-4b71-b804-72e8b93bbf9c,7c07f787-0d1f-4134-8991-a08deaed3798,c2,c3,1775,e6,?,
1769497301.782871,RECEIVED,19547c30-a496-469b-ad08-4a1348fe3096,51551b66-d22e-4f46-942d-a39b1ab64343,c3,c5,1771,e3,?,
1769497301.8788118,RECEIVED,0b819870-78a5-4292-b070-dccad84b4a9f,6a3c4c50-b622-4372-9c09-afd012a78ebf,c4,c3,1775,e12,?,
1769497302.0884473,RECEIVED,0810e60e-81e2-4096-878c-7ac11f1b2e74,c940a252-6735-443a-b1a2-4033014d51d1,c2,c3,1767,e12,?,
1769497302.2054403,SENT,196c7f12-c21e-4b71-b804-72e8b93bbf9c,7c07f787-0d1f-4134-8991-a08deaed3798,c2,c3,1260,?,x8,
1769497302.2054894,FORWARDED,196c7f12-c21e-4b71-b804-72e8b93bbf9c,7c07f787-0d1f-4134-8991-a08deaed3798,c2,c3,1260,?,x8,
1769497302.5062997,RECEIVED,43c3e2ca-8764-4e2f-a572-373c95eaa387,b6ac1ec8-e0f9-4aad-ac4d-40a0173354c6,c3,c5,1776,e2,?,
1769497302.61167,SENT,0b819870-78a5-4292-b070-dccad84b4a9f,6a3c4c50-b622-4372-9c09-afd012a78ebf,c4,c3,1260,?,x8,
1769497302.6117117,FORWARDED,0b819870-78a5-4292-b070-dccad84b4a9f,6a3c4c50-b622-4372-9c09-afd012a78ebf,c4,c3,1260,?,x8,
1769497302.7078922,FORWARDED,19547c30-a496-469b-ad08-4a1348fe3096,51551b66-d22e-4f46-942d-a39b1ab64343,c3,c5,1255,?,x6,
1769497302.816516,RECEIVED,75992988-de55-4110-8e15-79529d8292be,82f2359a-bc20-4f2f-b858-f69797100d51,c3,c5,1770,e12,?,
1769497302.9601085,RECEIVED,20b455cf-8daf-46c2-aca5-30fd13418463,1e14a989-82a5-4b19-ab98-b0df62056213,c4,c3,1763,e2,?,
1769497302.9924517,RECEIVED,32547434-bd7c-459e-ba12-4da66772f250,74876b9d-111b-421b-beda-28b98c8adbdd,c2,None,1613,e10,?,
1769497303.0076766,SENT,43c3e2ca-8764-4e2f-a572-373c95eaa387,b6ac1ec8-e0f9-4aad-ac4d-40a0173354c6,c3,c5,1260,?,x7,
1769497303.0077264,FORWARDED,43c3e2ca-8764-4e2f-a572-373c95eaa387,b6ac1ec8-e0f9-4aad-ac4d-40a0173354c6,c3,c5,1260,?,x7,
1769497303.0504546,SENT,20b455cf-8daf-46c2-aca5-30fd13418463,1e14a989-82a5-4b19-ab98-b0df62056213,c4,c3,1250,?,x4,
1769497303.0505009,FORWARDED,20b455cf-8daf-46c2-aca5-30fd13418463,1e14a989-82a5-4b19-ab98-b0df62056213,c4,c3,1250,?,x4,
1769497303.13692,SENT,0810e60e-81e2-4096-878c-7ac11f1b2e74,c940a252-6735-443a-b1a2-4033014d51d1,c2,c3,1254,?,x4,
1769497303.1369822,FORWARDED,0810e60e-81e2-4096-878c-7ac11f1b2e74,c940a252-6735-443a-b1a2-4033014d51d1,c2,c3,1254,?,x4,
1769497303.3914149,SENT,32547434-bd7c-459e-ba12-4da66772f250,74876b9d-111b-421b-beda-28b98c8adbdd,c2,None,1135,?,x10,
1769497303.3914614,FORWARDED,32547434-bd7c-459e-ba12-4da66772f250,74876b9d-111b-421b-beda-28b98c8adbdd,c2,None,1135,?,x10,
1769497303.6307514,RECEIVED,22ba6e90-c897-4290-9c90-165d356f638e,70115694-194e-4a51-b7e6-dd44d8959466,c2,None,1596,e1,?,
1769497303.8872721,RECEIVED,dbd1f30d-77d0-4044-9de8-0227ecebfcd8,bd96716a-2bae-4cf0-8540-baae60db4b88,c5,c2,1759,e2,?,
1769497304.301564,SENT,22ba6e90-c897-4290-9c90-165d356f638e,70115694-194e-4a51-b7e6-dd44d8959466,c2,None,1123,?,x12,
1769497304.301646,FORWARDED,22ba6e90-c897-4290-9c90-165d356f638e,70115694-194e-4a51-b7e6-dd44d8959466,c2,None,1123,?,x12,
1769497304.341168,SENT,dbd1f30d-77d0-4044-9de8-0227ecebfcd8,bd96716a-2bae-4cf0-8540-baae60db4b88,c5,c2,1248,?,x2,
1769497304.3412137,FORWARDED,dbd1f30d-77d0-4044-9de8-0227ecebfcd8,bd96716a-2bae-4cf0-8540-baae60db4b88,c5,c2,1248,?,x2,
1769497304.4998043,SENT,75992988-de55-4110-8e15-79529d8292be,82f2359a-bc20-4f2f-b858-f69797100d51,c3,c5,1255,?,x2,
1769497304.4999318,FORWARDED,75992988-de55-4110-8e15-79529d8292be,82f2359a-bc20-4f2f-b858-f69797100d51,c3,c5,1255,?,x2,
1769497304.5226362,RECEIVED,a6af9c9a-83de-4649-86eb-efc9c7478222,3469d134-82c7-4954-9f0f-77e867ac1b28,c3,DROP,1008,e9,?,
1769497304.8263905,SENT,a6af9c9a-83de-4649-86eb-efc9c7478222,3469d134-82c7-4954-9f0f-77e867ac1b28,c3,DROP,684,?,x12,
1769497304.8264315,FORWARDED,a6af9c9a-83de-4649-86eb-efc9c7478222,3469d134-82c7-4954-9f0f-77e867ac1b28,c3,DROP,684,?,x12,
1769497304.863172,RECEIVED,fc195307-d455-401b-a19f-4b610dd0ea03,670eb94d-8da6-4cd6-be42-e4a2a80b4ba6,c5,c2,1772,e8,?,
1769497304.9492235,RECEIVED,4dbf41ce-c352-450d-b97b-b47186243b96,60646606-e15b-42ed-9bc3-c44d7498be7e,c5,None,1599,e3,?,
1769497304.9771073,FORWARDED,fc195307-d455-401b-a19f-4b610dd0ea03,670eb94d-8da6-4cd6-be42-e4a2a80b4ba6,c5,c2,1256,?,x6,
1769497305.7731133,SENT,4dbf41ce-c352-450d-b97b-b47186243b96,60646606-e15b-42ed-9bc3-c44d7498be7e,c5,None,1126,?,x3,
1769497305.773155,FORWARDED,4dbf41ce-c352-450d-b97b-b47186243b96,60646606-e15b-42ed-9bc3-c44d7498be7e,c5,None,1126,?,x3,
1769497305.787147,RECEIVED,0e339b29-9f41-4f05-ae89-240159c95746,135a7a9a-6d7c-46d6-80f6-b559a9f6343b,c3,c5,1779,e12,?,
1769497306.288358,RECEIVED,f7ba79dc-551a-4766-ac37-161818592013,c8158c69-aa32-4e81-ac93-f15cd82c8560,c2,c3,1779,e6,?,
1769497306.5115395,SENT,f7ba79dc-551a-4766-ac37-161818592013,c8158c69-aa32-4e81-ac93-f15cd82c8560,c2,c3,1263,?,x3,
1769497306.5115924,FORWARDED,f7ba79dc-551a-4766-ac37-161818592013,c8158c69-aa32-4e81-ac93-f15cd82c8560,c2,c3,1263,?,x3,
1769497306.5691423,RECEIVED,508a4848-65e9-4b57-b6ee-2603116fb6a1,80a65b53-740b-430b-82b8-56972cabde81,c2,None,1608,e5,?,
1769497306.603869,SENT,0e339b29-9f41-4f05-ae89-240159c95746,135a7a9a-6d7c-46d6-80f6-b559a9f6343b,c3,c5,1263,?,x3,
1769497306.6039226,FORWARDED,0e339b29-9f41-4f05-ae89-240159c95746,135a7a9a-6d7c-46d6-80f6-b559a9f6343b,c3,c5,1263,?,x3,
1769497306.6812897,SENT,508a4848-65e9-4b57-b6ee-2603116fb6a1,80a65b53-740b-430b-82b8-56972cabde81,c2,None,1132,?,x1,
1769497306.6813452,FORWARDED,508a4848-65e9-4b57-b6ee-2603116fb6a1,80a65b53-740b-430b-82b8-56972cabde81,c2,None,1132,?,x1,
1769497306.9636195,RECEIVED,452de644-91a2-4839-b688-856dd92cc1da,aead3a7f-27f2-4b50-9eb1-bbba0180484f,c1,c3,1764,e12,?,
1769497307.0006418,SENT,452de644-91a2-4839-b688-856dd92cc1da,aead3a7f-27f2-4b50-9eb1-bbba0180484f,c1,c3,1251,?,x7,
1769497307.0006826,FORWARDED,452de644-91a2-4839-b688-856dd92cc1da,aead3a7f-27f2-4b50-9eb1-bbba0180484f,c1,c3,1251,?,x7,
1769497307.0374205,RECEIVED,27b593cb-24c7-429a-85d0-63d7396232a5,55b36af9-bda5-4fa6-9ec4-498bbc03a861,c3,None,1596,e11,?,
1769497307.0749195,RECEIVED,bd62d00d-91a8-4d00-a3d9-292aed70a4e6,94cf9ac3-7973-44ef-ac2d-ef24fae72fa9,c3,None,1600,e3,?,
1769497307.3266683,FORWARDED,27b593cb-24c7-429a-85d0-63d7396232a5,55b36af9-bda5-4fa6-9ec4-498bbc03a861,c3,None,1123,?,x6,
1769497307.3756309,SENT,bd62d00d-91a8-4d00-a3d9-292aed70a4e6,94cf9ac3-7973-44ef-ac2d-ef24fae72fa9,c3,None,1127,?,x11,
1769497307.3756826,FORWARDED,bd62d00d-91a8-4d00-a3d9-292aed70a4e6,94cf9ac3-7973-44ef-ac2d-ef24fae72fa9,c3,None,1127,?,x11,
1769497308.037948,RECEIVED,37c34f92-d87a-4da9-a3c4-596a98b4ed0e,e70222ed-83de-4a93-a9bd-67025ff72c38,c5,None,1600,e1,?,
1769497308.796642,SENT,37c34f92-d87a-4da9-a3c4-596a98b4ed0e,e70222ed-83de-4a93-a9bd-67025ff72c38,c5,None,1127,?,x12,
1769497308.7967103,FORWARDED,37c34f92-d87a-4da9-a3c4-596a98b4ed0e,e70222ed-83de-4a93-a9bd-67025ff72c38,c5,None,1127,?,x12,
1769497308.9525578,RECEIVED,1a6505fb-78ae-4d8a-a5ec-3b99b3d3ab90,17075d71-a920-403b-863e-43a59fcdb8b4,c2,c3,1766,e6,?,
1769497309.8016875,SENT,1a6505fb-78ae-4d8a-a5ec-3b99b3d3ab90,17075d71-a920-403b-863e-43a59fcdb8b4,c2,c3,1252,?,x8,
1769497309.801729,FORWARDED,1a6505fb-78ae-4d8a-a5ec-3b99b3d3ab90,17075d71-a920-403b-863e-43a59fcdb8b4,c2,c3,1252,?,x8,
1769497309.9981172,RECEIVED,26799549-7d1d-4355-a2c7-555cec94497d,e295535f-cfce-4ea7-b678-bd3d285a57ab,c5,None,1603,e7,?,
1769497310.0547793,RECEIVED,19fdab84-ec7d-42af-b971-c6c327d22410,659ed3f2-d679-442c-b1ec-dcffd0e22118,c3,None,1595,e5,?,
1769497310.0555515,SENT,26799549-7d1d-4355-a2c7-555cec94497d,e295535f-cfce-4ea7-b678-bd3d285a57ab,c5,None,1131,?,x1,
1769497310.0555909,FORWARDED,26799549-7d1d-4355-a2c7-555cec94497d,e295535f-cfce-4ea7-b678-bd3d285a57ab,c5,None,1131,?,x1,
1769497310.393637,FORWARDED,19fdab84-ec7d-42af-b971-c6c327d22410,659ed3f2-d679-442c-b1ec-dcffd0e22118,c3,None,1124,?,x6,
1769497310.7656813,RECEIVED,6c23f2df-da85-4841-b8ba-cb8f386ec007,fd99973a-8667-4a86-8284-532ebc7a4166,c2,c3,1768,e6,?,
1769497311.1730018,SENT,6c23f2df-da85-4841-b8ba-cb8f386ec007,fd99973a-8667-4a86-8284-532ebc7a4166,c2,c3,1254,?,x10,
1769497311.1730404,FORWARDED,6c23f2df-da85-4841-b8ba-cb8f386ec007,fd99973a-8667-4a86-8284-532ebc7a4166,c2,c3,1254,?,x10,
1769497314.3135283,RECEIVED,ae83c804-e2b2-4ba5-b61a-58d750b2b3ea,4984102d-ae5f-42bc-b5bf-df851ef6bbd4,c4,c3,1769,e2,?,
1769497314.3531718,RECEIVED,6d52bb10-147c-4122-a9df-1a1046fedac1,31929e44-fbf8-4c9d-bef0-073692b5a047,c1,c3,1777,e7,?,
1769497314.4156477,FORWARDED,6d52bb10-147c-4122-a9df-1a1046fedac1,31929e44-fbf8-4c9d-bef0-073692b5a047,c1,c3,1260,?,x6,
1769497314.5465438,RECEIVED,7f954f55-93e9-43be-b8ae-63d0e5426d76,e726a168-a682-4161-9db6-d30773585fb7,c2,None,1608,e5,?,
1769497314.5569525,SENT,ae83c804-e2b2-4ba5-b61a-58d750b2b3ea,4984102d-ae5f-42bc-b5bf-df851ef6bbd4,c4,c3,1252,?,x11,
1769497314.556993,FORWARDED,ae83c804-e2b2-4ba5-b61a-58d750b2b3ea,4984102d-ae5f-42bc-b5bf-df851ef6bbd4,c4,c3,1252,?,x11,
1769497314.9859376,FORWARDED,7f954f55-93e9-43be-b8ae-63d0e5426d76,e726a168-a682-4161-9db6-d30773585fb7,c2,None,1132,?,x6,
1769497315.4918108,RECEIVED,2b619ba0-18ae-415e-8aaf-f76e33436450,0ff70451-78d1-49a8-a92b-6b9e567b358e,c5,None,1602,e7,?,
1769497315.7703068,RECEIVED,407fe49e-87ef-4e9d-8735-9247bc1227c8,fc211d7c-bf4e-4997-be97-d085bfde9088,c5,c2,1771,e5,?,
1769497315.9722385,SENT,2b619ba0-18ae-415e-8aaf-f76e33436450,0ff70451-78d1-49a8-a92b-6b9e567b358e,c5,None,1131,?,x4,
1769497315.972281,FORWARDED,2b619ba0-18ae-415e-8aaf-f76e33436450,0ff70451-78d1-49a8-a92b-6b9e567b358e,c5,None,1131,?,x4,
1769497316.1909928,RECEIVED,01661ff5-c542-44ab-9e5c-e1caaf34f164,90de5923-581c-4010-987e-d544b3923110,c3,c5,1763,e10,?,
1769497316.3100915,RECEIVED,1f39d881-fb9f-486f-83cb-17146eb471cf,ff445de4-a13c-4a89-8322-44e6bd5ae65a,c3,None,1597,e3,?,
1769497316.6187987,RECEIVED,c04bdee9-2168-4d36-8c8b-f2de8fd51ae2,42b23668-9854-4136-80d6-825839815ccf,c2,c3,1778,e12,?,
1769497316.6596131,SENT,01661ff5-c542-44ab-9e5c-e1caaf34f164,90de5923-581c-4010-987e-d544b3923110,c3,c5,1251,?,x5,
1769497316.6596704,FORWARDED,01661ff5-c542-44ab-9e5c-e1caaf34f164,90de5923-581c-4010-987e-d544b3923110,c3,c5,1251,?,x5,
1769497317.0041006,SENT,407fe49e-87ef-4e9d-8735-9247bc1227c8,fc211d7c-bf4e-4997-be97-d085bfde9088,c5,c2,1255,?,x7,
1769497317.0041447,FORWARDED,407fe49e-87ef-4e9d-8735-9247bc1227c8,fc211d7c-bf4e-4997-be97-d085bfde9088,c5,c2,1255,?,x7,
1769497317.0765843,RECEIVED,166cf310-2b0b-42ea-a302-d7aa669d17ed,261caca4-e725-4501-8648-3c7765d22e62,c3,None,1599,e8,?,
1769497317.694393,SENT,1f39d881-fb9f-486f-83cb-17146eb471cf,ff445de4-a13c-4a89-8322-44e6bd5ae65a,c3,None,1128,?,x2,
1769497317.694435,FORWARDED,1f39d881-fb9f-486f-83cb-17146eb471cf,ff445de4-a13c-4a89-8322-44e6bd5ae65a,c3,None,1128,?,x2,
1769497317.8022566,RECEIVED,7a8242ef-4f52-4da6-a77a-30ad641400a0,77d60785-fedd-4f21-926a-cc61c30ead87,c3,None,1600,e5,?,
1769497317.9000382,RECEIVED,780584a4-cc14-4b2c-acc6-c475dfb3b0cf,f8910665-fe89-4ced-9c6f-5f70bd237ad9,c3,None,1600,e9,?,
1769497317.997115,SENT,780584a4-cc14-4b2c-acc6-c475dfb3b0cf,f8910665-fe89-4ced-9c6f-5f70bd237ad9,c3,None,1127,?,x2,
1769497317.9971526,FORWARDED,780584a4-cc14-4b2c-acc6-c475dfb3b0cf,f8910665-fe89-4ced-9c6f-5f70bd237ad9,c3,None,1127,?,x2,
1769497318.0241902,FORWARDED,166cf310-2b0b-42ea-a302-d7aa669d17ed,261caca4-e725-4501-8648-3c7765d22e62,c3,None,1128,?,x6,
1769497318.054026,SENT,c04bdee9-2168-4d36-8c8b-f2de8fd51ae2,42b23668-9854-4136-80d6-825839815ccf,c2,c3,1263,?,x4,
1769497318.0540779,FORWARDED,c04bdee9-2168-4d36-8c8b-f2de8fd51ae2,42b23668-9854-4136-80d6-825839815ccf,c2,c3,1263,?,x4,
1769497318.1406577,RECEIVED,e8edb14d-21d8-4256-9a5d-f502ced1d771,4a6b4995-c518-4319-b94e-37f7fe2738eb,c5,c2,1775,e2,?,
1769497318.4930658,SENT,7a8242ef-4f52-4da6-a77a-30ad641400a0,77d60785-fedd-4f21-926a-cc61c30ead87,c3,None,1128,?,x10,
1769497318.4931087,FORWARDED,7a8242ef-4f52-4da6-a77a-30ad641400a0,77d60785-fedd-4f21-926a-cc61c30ead87,c3,None,1128,?,x10,
1769497318.7081196,SENT,e8edb14d-21d8-4256-9a5d-f502ced1d771,4a6b4995-c518-4319-b94e-37f7fe2738eb,c5,c2,1259,?,x5,
1769497318.7081668,FORWARDED,e8edb14d-21d8-4256-9a5d-f502ced1d771,4a6b4995-c518-4319-b94e-37f7fe2738eb,c5,c2,1259,?,x5,
1769497319.0593185,RECEIVED,df2a7241-e5d2-4380-bfe5-760a914b52fc,e648eb08-999d-4004-a07d-a86e4adf5599,c3,None,1596,e2,?,
1769497319.0798545,RECEIVED,15a1fb03-b32a-4bd2-b0c9-7ff2e2d8aa7d,cd6b90b7-5853-4a0e-bce9-33c194495034,c1,c3,1776,e11,?,
1769497319.2300212,SENT,df2a7241-e5d2-4380-bfe5-760a914b52fc,e648eb08-999d-4004-a07d-a86e4adf5599,c3,None,1124,?,x3,
1769497319.2300746,FORWARDED,df2a7241-e5d2-4380-bfe5-760a914b52fc,e648eb08-999d-4004-a07d-a86e4adf5599,c3,None,1124,?,x3,
1769497319.2582548,SENT,15a1fb03-b32a-4bd2-b0c9-7ff2e2d8aa7d,cd6b90b7-5853-4a0e-bce9-33c194495034,c1,c3,1260,?,x10,
1769497319.2582984,FORWARDED,15a1fb03-b32a-4bd2-b0c9-7ff2e2d8aa7d,cd6b90b7-5853-4a0e-bce9-33c194495034,c1,c3,1260,?,x10,
1769497319.4194639,RECEIVED,8088865a-d2d4-4f60-aa9b-ae6d695318fb,f04e2a5c-b988-4cb9-bd31-66cef297f95c,c1,c3,1764,e8,?,
1769497319.6288438,SENT,8088865a-d2d4-4f60-aa9b-ae6d695318fb,f04e2a5c-b988-4cb9-bd31-66cef297f95c,c1,c3,1251,?,x9,
1769497319.628889,FORWARDED,8088865a-d2d4-4f60-aa9b-ae6d695318fb,f04e2a5c-b988-4cb9-bd31-66cef297f95c,c1,c3,1251,?,x9,
1769497319.9206553,RECEIVED,ca2091b4-db75-4c6e-8422-53bb609679cb,144901a8-c55c-42ef-9d4f-f9807f76fd0f,c1,c3,1779,e10,?,
1769497320.560477,FORWARDED,ca2091b4-db75-4c6e-8422-53bb609679cb,144901a8-c55c-42ef-9d4f-f9807f76fd0f,c1,c3,1261,?,x6,
1769497320.5764787,RECEIVED,a5fa6ce5-cd60-44e9-9d8a-dcb12b603960,022ce18a-63a3-486c-a0f2-d60ef829b2dc,c4,c3,1776,e5,?,
1769497320.6108263,RECEIVED,66c26f09-f3a3-420b-b265-0982835aa23e,27106158-0f50-4772-bef6-6011a5804a8a,c2,c3,1767,e11,?,
1769497320.6703954,SENT,a5fa6ce5-cd60-44e9-9d8a-dcb12b603960,022ce18a-63a3-486c-a0f2-d60ef829b2dc,c4,c3,1259,?,x1,
1769497320.670437,FORWARDED,a5fa6ce5-cd60-44e9-9d8a-dcb12b603960,022ce18a-63a3-486c-a0f2-d60ef829b2dc,c4,c3,1259,?,x1,
1769497320.8055675,RECEIVED,8f3257f9-42f3-4b6b-ab8f-ebd9bdf70b5b,dbfd97c2-308d-431e-aac7-5c41acd295c9,c3,c5,1780,e1,?,
1769497321.1874697,SENT,8f3257f9-42f3-4b6b-ab8f-ebd9bdf70b5b,dbfd97c2-308d-431e-aac7-5c41acd295c9,c3,c5,1262,?,x12,
1769497321.1875172,FORWARDED,8f3257f9-42f3-4b6b-ab8f-ebd9bdf70b5b,dbfd97c2-308d-431e-aac7-5c41acd295c9,c3,c5,1262,?,x12,
1769497321.2576869,SENT,66c26f09-f3a3-420b-b265-0982835aa23e,27106158-0f50-4772-bef6-6011a5804a8a,c2,c3,1252,?,x4,
1769497321.257734,FORWARDED,66c26f09-f3a3-420b-b265-0982835aa23e,27106158-0f50-4772-bef6-6011a5804a8a,c2,c3,1252,?,x4,
1769497324.403865,RECEIVED,56c1c5db-891b-4e6f-a925-8555d58377db,14206ddf-2aa8-419a-a388-5941ab12e66d,c3,None,1607,e8,?,
1769497324.662938,SENT,56c1c5db-891b-4e6f-a925-8555d58377db,14206ddf-2aa8-419a-a388-5941ab12e66d,c3,None,1132,?,x8,
1769497324.6630116,FORWARDED,56c1c5db-891b-4e6f-a925-8555d58377db,14206ddf-2aa8-419a-a388-5941ab12e66d,c3,None,1132,?,x8,
1769497324.7867224,RECEIVED,4de2cd46-9ad7-4794-8075-8ac16809f4fc,1042ce4f-0e81-46d6-9f83-adc38cb162f8,c3,None,1596,e1,?,
1769497325.1853495,SENT,4de2cd46-9ad7-4794-8075-8ac16809f4fc,1042ce4f-0e81-46d6-9f83-adc38cb162f8,c3,None,1123,?,x10,
1769497325.1853864,FORWARDED,4de2cd46-9ad7-4794-8075-8ac16809f4fc,1042ce4f-0e81-46d6-9f83-adc38cb162f8,c3,None,1123,?,x10,
1769497325.8047755,RECEIVED,c08e659d-33f5-4040-918b-d76647c6398f,11331bc6-84dc-4b67-99b1-772d4e5b4353,c3,None,1608,e9,?,
1769497326.1009212,SENT,c08e659d-33f5-4040-918b-d76647c6398f,11331bc6-84dc-4b67-99b1-772d4e5b4353,c3,None,1132,?,x3,
1769497326.100965,FORWARDED,c08e659d-33f5-4040-918b-d76647c6398f,11331bc6-84dc-4b67-99b1-772d4e5b4353,c3,None,1132,?,x3,
1769497327.2628884,RECEIVED,9db6b8d0-2e3a-4a52-bc96-2a05ee7802c1,2323e61d-a0d2-4f44-b37a-d8099fc708da,c5,c2,1774,e8,?,
1769497328.149996,RECEIVED,c619c878-23bb-4bbc-bff2-c8f7e8555772,7ae374f5-a6fb-4226-a664-534d90fd6839,c3,None,1596,e5,?,
1769497328.5645928,SENT,9db6b8d0-2e3a-4a52-bc96-2a05ee7802c1,2323e61d-a0d2-4f44-b37a-d8099fc708da,c5,c2,1260,?,x3,
1769497328.5646358,FORWARDED,9db6b8d0-2e3a-4a52-bc96-2a05ee7802c1,2323e61d-a0d2-4f44-b37a-d8099fc708da,c5,c2,1260,?,x3,
1769497328.570574,SENT,c619c878-23bb-4bbc-bff2-c8f7e8555772,7ae374f5-a6fb-4226-a664-534d90fd6839,c3,None,1123,?,x12,
1769497328.5706177,FORWARDED,c619c878-23bb-4bbc-bff2-c8f7e8555772,7ae374f5-a6fb-4226-a664-534d90fd6839,c3,None,1123,?,x12,
1769497328.8070633,RECEIVED,30c58bc5-3078-4931-b6af-a01bb85ac19f,c1ed458a-ebb4-4629-b58b-f0c26ac7bfb7,c3,None,1604,e8,?,
1769497328.8729348,SENT,30c58bc5-3078-4931-b6af-a01bb85ac19f,c1ed458a-ebb4-4629-b58b-f0c26ac7bfb7,c3,None,1131,?,x8,
1769497328.872978,FORWARDED,30c58bc5-3078-4931-b6af-a01bb85ac19f,c1ed458a-ebb4-4629-b58b-f0c26ac7bfb7,c3,None,1131,?,x8,
1769497329.6591415,RECEIVED,7e87309f-c3a3-4862-a654-dc7c354b3661,034074f9-ecca-4446-9ae7-b2fac1feb891,c3,c5,1785,e3,?,
1769497329.7436738,SENT,7e87309f-c3a3-4862-a654-dc7c354b3661,034074f9-ecca-4446-9ae7-b2fac1feb891,c3,c5,1266,?,x10,
1769497329.743715,FORWARDED,7e87309f-c3a3-4862-a654-dc7c354b3661,034074f9-ecca-4446-9ae7-b2fac1feb891,c3,c5,1266,?,x10,
1769497330.0446002,RECEIVED,67f4f619-b585-4682-bfd8-15e972b22dd6,d6e19d9d-b36b-40d1-a4de-26d9be6d71b9,c1,c3,1775,e12,?,
1769497330.3068035,SENT,67f4f619-b585-4682-bfd8-15e972b22dd6,d6e19d9d-b36b-40d1-a4de-26d9be6d71b9,c1,c3,1259,?,x7,
1769497330.3068717,FORWARDED,67f4f619-b585-4682-bfd8-15e972b22dd6,d6e19d9d-b36b-40d1-a4de-26d9be6d71b9,c1,c3,1259,?,x7,
1769497330.627447,RECEIVED,99a1bf21-028c-487f-8299-5288e9c1b205,56adeb7f-9551-4f99-891a-114c08e3dfa0,c3,None,1591,e10,?,
1769497330.8537962,RECEIVED,c184b187-e866-425d-9c4c-b56c6d4e2414,25aac339-1d8a-4cd8-a98c-0e0996ac26d9,c2,c3,1772,e7,?,
1769497330.9579659,SENT,99a1bf21-028c-487f-8299-5288e9c1b205,56adeb7f-9551-4f99-891a-114c08e3dfa0,c3,None,1121,?,x7,
1769497330.9580114,FORWARDED,99a1bf21-028c-487f-8299-5288e9c1b205,56adeb7f-9551-4f99-891a-114c08e3dfa0,c3,None,1121,?,x7,
1769497331.5357811,SENT,c184b187-e866-425d-9c4c-b56c6d4e2414,25aac339-1d8a-4cd8-a98c-0e0996ac26d9,c2,c3,1255,?,x12,
1769497331.5358212,FORWARDED,c184b187-e866-425d-9c4c-b56c6d4e2414,25aac339-1d8a-4cd8-a98c-0e0996ac26d9,c2,c3,1255,?,x12,
1769497331.7514472,RECEIVED,7699e095-33ab-4fdb-a0a0-3d0c5965f638,cfaa5703-1ad0-4ed1-9534-f700ea49a308,c1,c3,1782,e10,?,
1769497331.815311,SENT,7699e095-33ab-4fdb-a0a0-3d0c5965f638,cfaa5703-1ad0-4ed1-9534-f700ea49a308,c1,c3,1261,?,x10,
1769497331.8153582,FORWARDED,7699e095-33ab-4fdb-a0a0-3d0c5965f638,cfaa5703-1ad0-4ed1-9534-f700ea49a308,c1,c3,1261,?,x10,
1769497332.2511308,RECEIVED,7f1d1c29-2fcc-4bc1-81b1-dfd8a5c989a9,d5283b4b-84ba-4008-a91a-9e5bf407f678,c3,None,1608,e11,?,
1769497332.7454915,SENT,7f1d1c29-2fcc-4bc1-81b1-dfd8a5c989a9,d5283b4b-84ba-4008-a91a-9e5bf407f678,c3,None,1134,?,x11,
1769497332.745593,FORWARDED,7f1d1c29-2fcc-4bc1-81b1-dfd8a5c989a9,d5283b4b-84ba-4008-a91a-9e5bf407f678,c3,None,1134,?,x11,
1769497333.2280178,RECEIVED,d979ead4-7b5f-4560-b198-dcca9e8fb307,b8973848-ac41-4bec-90d7-a93b98b910de,c3,None,1605,e10,?,
1769497333.289893,SENT,d979ead4-7b5f-4560-b198-dcca9e8fb307,b8973848-ac41-4bec-90d7-a93b98b910de,c3,None,1130,?,x3,
1769497333.289966,FORWARDED,d979ead4-7b5f-4560-b198-dcca9e8fb307,b8973848-ac41-4bec-90d7-a93b98b910de,c3,None,1130,?,x3,
1769497333.4984593,RECEIVED,998f9a0b-72e9-428f-9efd-3ea6cb3e7cd5,f1060ce9-a426-4d71-8628-bbcd03003c6f,c1,c3,1771,e1,?,
1769497334.1045907,SENT,998f9a0b-72e9-428f-9efd-3ea6cb3e7cd5,f1060ce9-a426-4d71-8628-bbcd03003c6f,c1,c3,1257,?,x8,
1769497334.10464,FORWARDED,998f9a0b-72e9-428f-9efd-3ea6cb3e7cd5,f1060ce9-a426-4d71-8628-bbcd03003c6f,c1,c3,1257,?,x8,
1769497334.3405259,RECEIVED,50dfc485-63ee-4d23-a494-9981fbdce8f7,e75be515-1f48-4cdf-b35d-e2de0b78d20c,c5,None,1607,e11,?,
1769497334.4912844,SENT,50dfc485-63ee-4d23-a494-9981fbdce8f7,e75be515-1f48-4cdf-b35d-e2de0b78d20c,c5,None,1132,?,x5,
1769497334.491341,FORWARDED,50dfc485-63ee-4d23-a494-9981fbdce8f7,e75be515-1f48-4cdf-b35d-e2de0b78d20c,c5,None,1132,?,x5,
1769497334.9794803,RECEIVED,72bebce9-dc05-4820-a2b3-3bf995920590,542866fb-523b-47bd-98c3-7ef2105e0df0,c3,None,1595,e5,?,
1769497335.9366634,SENT,72bebce9-dc05-4820-a2b3-3bf995920590,542866fb-523b-47bd-98c3-7ef2105e0df0,c3,None,1123,?,x9,
1769497335.936707,FORWARDED,72bebce9-dc05-4820-a2b3-3bf995920590,542866fb-523b-47bd-98c3-7ef2105e0df0,c3,None,1123,?,x9,
1769497336.073433,RECEIVED,1545fb72-d06b-4916-87b7-bdc1c9ba5582,dbabb8fb-df38-47bc-ac87-1f8490860e0a,c3,None,1608,e3,?,
1769497336.2520177,RECEIVED,8ab53548-ccd3-4726-a4cf-288cc577517f,8737cadf-5711-49ee-a141-8c81812a1e60,c3,c5,1775,e11,?,
1769497336.5000198,RECEIVED,2af27dfa-4fb2-4cb1-96d3-d637daac7f97,cf2fa8a4-d582-4596-bb21-67f41ac15d06,c2,None,1603,e9,?,
1769497337.1152527,SENT,8ab53548-ccd3-4726-a4cf-288cc577517f,8737cadf-5711-49ee-a141-8c81812a1e60,c3,c5,1259,?,x9,
1769497337.1152976,FORWARDED,8ab53548-ccd3-4726-a4cf-288cc577517f,8737cadf-5711-49ee-a141-8c81812a1e60,c3,c5,1259,?,x9,
1769497337.2434127,RECEIVED,af6e131e-5d34-4ba0-b1a9-b62bf08a6d74,0526ba25-79ec-43cc-87c0-fd2bbb1c6b6b,c2,c3,1767,e8,?,
1769497337.2881641,SENT,1545fb72-d06b-4916-87b7-bdc1c9ba5582,dbabb8fb-df38-47bc-ac87-1f8490860e0a,c3,None,1132,?,x12,
1769497337.2882087,FORWARDED,1545fb72-d06b-4916-87b7-bdc1c9ba5582,dbabb8fb-df38-47bc-ac87-1f8490860e0a,c3,None,1132,?,x12,
1769497337.4351637,SENT,2af27dfa-4fb2-4cb1-96d3-d637daac7f97,cf2fa8a4-d582-4596-bb21-67f41ac15d06,c2,None,1131,?,x1,
1769497337.4352572,FORWARDED,2af27dfa-4fb2-4cb1-96d3-d637daac7f97,cf2fa8a4-d582-4596-bb21-67f41ac15d06,c2,None,1131,?,x1,
1769497337.6253092,RECEIVED,d74bab87-368f-48c2-b92d-980fa173816c,fcb0bf35-2051-4f23-9beb-a493e3ddb0ad,c5,None,1599,e8,?,
1769497338.039194,RECEIVED,b8567613-34f3-4421-afd4-db8c62e33332,b9582e77-2113-40b7-9213-f0651d63ef02,c3,None,1600,e11,?,
1769497338.1974614,SENT,b8567613-34f3-4421-afd4-db8c62e33332,b9582e77-2113-40b7-9213-f0651d63ef02,c3,None,1127,?,x11,
1769497338.1975055,FORWARDED,b8567613-34f3-4421-afd4-db8c62e33332,b9582e77-2113-40b7-9213-f0651d63ef02,c3,None,1127,?,x11,
1769497338.7453961,SENT,d74bab87-368f-48c2-b92d-980fa173816c,fcb0bf35-2051-4f23-9beb-a493e3ddb0ad,c5,None,1128,?,x4,
1769497338.7454388,FORWARDED,d74bab87-368f-48c2-b92d-980fa173816c,fcb0bf35-2051-4f23-9beb-a493e3ddb0ad,c5,None,1128,?,x4,
1769497338.9773974,SENT,af6e131e-5d34-4ba0-b1a9-b62bf08a6d74,0526ba25-79ec-43cc-87c0-fd2bbb1c6b6b,c2,c3,1252,?,x2,
1769497338.9774377,FORWARDED,af6e131e-5d34-4ba0-b1a9-b62bf08a6d74,0526ba25-79ec-43cc-87c0-fd2bbb1c6b6b,c2,c3,1252,?,x2,
1769497339.4137611,RECEIVED,21deecd0-c4bc-4a62-8634-f016993a3669,293d8085-9c84-4f98-a885-6ee605cf55d5,c1,c3,1780,e10,?,
1769497340.1509974,SENT,21deecd0-c4bc-4a62-8634-f016993a3669,293d8085-9c84-4f98-a885-6ee605cf55d5,c1,c3,1263,?,x11,
1769497340.1510363,FORWARDED,21deecd0-c4bc-4a62-8634-f016993a3669,293d8085-9c84-4f98-a885-6ee605cf55d5,c1,c3,1263,?,x11,
1769497340.7631774,RECEIVED,71283241-2fc9-4664-a178-67ab6af61c9f,5069932b-59eb-4740-856f-d9f988116e55,c3,None,1600,e2,?,
1769497340.814303,RECEIVED,3be3ad54-2632-465d-9054-0dac9800094f,074b8b5a-edb8-4448-be69-6f13528b25b4,c3,c5,1771,e1,?,
1769497340.8687444,RECEIVED,2dc26323-3fbb-439e-9736-35e7fd358412,dc396e2b-9aee-4e63-8214-b1aebd352f69,c4,c3,1776,e7,?,
1769497340.9589384,RECEIVED,eb4f2e92-bc52-42ab-83dc-96ca1fdc81a3,215272fd-5e59-421f-ac8a-f400b84bd8dd,c2,c3,1775,e6,?,
1769497341.252742,FORWARDED,3be3ad54-2632-465d-9054-0dac9800094f,074b8b5a-edb8-4448-be69-6f13528b25b4,c3,c5,1257,?,x6,
1769497341.303324,SENT,2dc26323-3fbb-439e-9736-35e7fd358412,dc396e2b-9aee-4e63-8214-b1aebd352f69,c4,c3,1259,?,x7,
1769497341.303371,FORWARDED,2dc26323-3fbb-439e-9736-35e7fd358412,dc396e2b-9aee-4e63-8214-b1aebd352f69,c4,c3,1259,?,x7,
1769497341.4215536,SENT,71283241-2fc9-4664-a178-67ab6af61c9f,5069932b-59eb-4740-856f-d9f988116e55,c3,None,1126,?,x12,
1769497341.4215918,FORWARDED,71283241-2fc9-4664-a178-67ab6af61c9f,5069932b-59eb-4740-856f-d9f988116e55,c3,None,1126,?,x12,
1769497341.8936484,RECEIVED,ca71dca3-923a-4484-9604-41b5f8d003bc,857a3373-bafb-4ec7-a04b-edc6673eb70c,c2,c3,1767,e3,?,
1769497341.9468257,RECEIVED,ed2b4385-0470-462e-b849-f4ce87fc928e,685fa6d0-7bd9-4432-8353-f3f2092f786e,c2,None,1601,e2,?,
1769497342.0234728,SENT,ed2b4385-0470-462e-b849-f4ce87fc928e,685fa6d0-7bd9-4432-8353-f3f2092f786e,c2,None,1126,?,x12,
1769497342.0235133,FORWARDED,ed2b4385-0470-462e-b849-f4ce87fc928e,685fa6d0-7bd9-4432-8353-f3f2092f786e,c2,None,1126,?,x12,
1769497342.3162534,RECEIVED,1ac9ddab-cc64-4637-ac2e-97b9415fc4f8,57f754a2-ad39-401a-a44b-4b8472baf3d3,c4,c3,1775,e8,?,
1769497342.4566865,RECEIVED,effb95c2-99de-4d68-84ca-8eaae7b12c27,115edf9e-5965-4422-b3d1-531914480cfd,c3,None,1604,e7,?,
1769497342.5595353,SENT,ca71dca3-923a-4484-9604-41b5f8d003bc,857a3373-bafb-4ec7-a04b-edc6673eb70c,c2,c3,1253,?,x5,
1769497342.5595765,FORWARDED,ca71dca3-923a-4484-9604-41b5f8d003bc,857a3373-bafb-4ec7-a04b-edc6673eb70c,c2,c3,1253,?,x5,
1769497342.7729774,RECEIVED,5b743281-d2d9-43bc-8e27-24a799d1ad58,d75b5753-983d-4618-95c5-c748e10e923f,c5,c2,1762,e1,?,
1769497342.79541,SENT,effb95c2-99de-4d68-84ca-8eaae7b12c27,115edf9e-5965-4422-b3d1-531914480cfd,c3,None,1131,?,x2,
1769497342.7954743,FORWARDED,effb95c2-99de-4d68-84ca-8eaae7b12c27,115edf9e-5965-4422-b3d1-531914480cfd,c3,None,1131,?,x2,
1769497342.9704812,RECEIVED,e4c06b9f-0893-4b26-be72-cf4548d3af55,57b0d778-9d8c-4322-a823-8c130db33e02,c2,c3,1764,e11,?,
1769497343.0100274,SENT,5b743281-d2d9-43bc-8e27-24a799d1ad58,d75b5753-983d-4618-95c5-c748e10e923f,c5,c2,1251,?,x3,
1769497343.0101035,FORWARDED,5b743281-d2d9-43bc-8e27-24a799d1ad58,d75b5753-983d-4618-95c5-c748e10e923f,c5,c2,1251,?,x3,
1769497343.08406,RECEIVED,653a9052-c8fe-4aa0-b57f-7b4c8662b42a,b5bf3c03-4cdd-4ce3-82c5-52ac2a3ff7b0,c2,None,1604,e7,?,
1769497343.126372,SENT,653a9052-c8fe-4aa0-b57f-7b4c8662b42a,b5bf3c03-4cdd-4ce3-82c5-52ac2a3ff7b0,c2,None,1131,?,x8,
1769497343.1264331,FORWARDED,653a9052-c8fe-4aa0-b57f-7b4c8662b42a,b5bf3c03-4cdd-4ce3-82c5-52ac2a3ff7b0,c2,None,1131,?,x8,
1769497343.1411083,SENT,e4c06b9f-0893-4b26-be72-cf4548d3af55,57b0d778-9d8c-4322-a823-8c130db33e02,c2,c3,1251,?,x1,
1769497343.1411595,FORWARDED,e4c06b9f-0893-4b26-be72-cf4548d3af55,57b0d778-9d8c-4322-a823-8c130db33e02,c2,c3,1251,?,x1,
1769497343.176238,SENT,eb4f2e92-bc52-42ab-83dc-96ca1fdc81a3,215272fd-5e59-421f-ac8a-f400b84bd8dd,c2,c3,1259,?,x12,
1769497343.1762772,FORWARDED,eb4f2e92-bc52-42ab-83dc-96ca1fdc81a3,215272fd-5e59-421f-ac8a-f400b84bd8dd,c2,c3,1259,?,x12,
1769497343.2424653,RECEIVED,22aa29d6-e5bd-41d0-af7a-7e212d253f3d,88af8539-22e2-4c5a-bd73-241e7de30857,c2,c3,1785,e1,?,
1769497343.2542753,SENT,1ac9ddab-cc64-4637-ac2e-97b9415fc4f8,57f754a2-ad39-401a-a44b-4b8472baf3d3,c4,c3,1259,?,x5,
1769497343.254317,FORWARDED,1ac9ddab-cc64-4637-ac2e-97b9415fc4f8,57f754a2-ad39-401a-a44b-4b8472baf3d3,c4,c3,1259,?,x5,
1769497343.2643828,SENT,22aa29d6-e5bd-41d0-af7a-7e212d253f3d,88af8539-22e2-4c5a-bd73-241e7de30857,c2,c3,1264,?,x8,
1769497343.264423,FORWARDED,22aa29d6-e5bd-41d0-af7a-7e212d253f3d,88af8539-22e2-4c5a-bd73-241e7de30857,c2,c3,1264,?,x8,
1769497344.0415275,RECEIVED,57f56c35-0b33-475d-b193-4cb61578b497,0d77e449-7ef8-4a6b-80e7-6e8e3ec0d42f,c3,None,1603,e11,?,
1769497344.0429726,RECEIVED,63cac572-dad5-4602-a5c4-384185a61583,0cc10e0f-1732-4020-999a-8e7f14e27e73,c5,None,1593,e1,?,
1769497344.1457784,SENT,63cac572-dad5-4602-a5c4-384185a61583,0cc10e0f-1732-4020-999a-8e7f14e27e73,c5,None,1122,?,x1,
1769497344.1458206,FORWARDED,63cac572-dad5-4602-a5c4-384185a61583,0cc10e0f-1732-4020-999a-8e7f14e27e73,c5,None,1122,?,x1,
1769497344.2418394,SENT,57f56c35-0b33-475d-b193-4cb61578b497,0d77e449-7ef8-4a6b-80e7-6e8e3ec0d42f,c3,None,1131,?,x2,
1769497344.2418833,FORWARDED,57f56c35-0b33-475d-b193-4cb61578b497,0d77e449-7ef8-4a6b-80e7-6e8e3ec0d42f,c3,None,1131,?,x2,
1769497344.7003317,RECEIVED,cfb581aa-250e-4110-9d8a-2aa45a10c9da,bee484f6-386f-471a-a891-65fda4e7a6da,c5,c2,1763,e2,?,
1769497344.9571996,RECEIVED,5b07985e-dfec-49cf-a18a-90f8a9af4202,147185b7-88ee-4617-9b39-2c6fdce5f760,c2,None,1604,e6,?,
1769497345.1006324,RECEIVED,7ecbed58-fbd0-4717-a448-a75a087c4a6d,e73346b4-393b-43af-a317-60d85a1b8315,c2,None,1595,e2,?,
1769497345.1143248,SENT,5b07985e-dfec-49cf-a18a-90f8a9af4202,147185b7-88ee-4617-9b39-2c6fdce5f760,c2,None,1131,?,x8,
1769497345.1143804,FORWARDED,5b07985e-dfec-49cf-a18a-90f8a9af4202,147185b7-88ee-4617-9b39-2c6fdce5f760,c2,None,1131,?,x8,
1769497345.6097279,SENT,7ecbed58-fbd0-4717-a448-a75a087c4a6d,e73346b4-393b-43af-a317-60d85a1b8315,c2,None,1123,?,x9,
1769497345.6097717,FORWARDED,7ecbed58-fbd0-4717-a448-a75a087c4a6d,e73346b4-393b-43af-a317-60d85a1b8315,c2,None,1123,?,x9,
1769497345.9776359,SENT,cfb581aa-250e-4110-9d8a-2aa45a10c9da,bee484f6-386f-471a-a891-65fda4e7a6da,c5,c2,1251,?,x7,
1769497345.977679,FORWARDED,cfb581aa-250e-4110-9d8a-2aa45a10c9da,bee484f6-386f-471a-a891-65fda4e7a6da,c5,c2,1251,?,x7,
1769497345.9904819,RECEIVED,61eed798-6b11-49d5-bdbf-dc4d0e8437aa,2d20e73d-624e-41ae-8064-0381946ad1bc,c3,None,1597,e7,?,
1769497346.016781,SENT,61eed798-6b11-49d5-bdbf-dc4d0e8437aa,2d20e73d-624e-41ae-8064-0381946ad1bc,c3,None,1124,?,x4,
1769497346.0168235,FORWARDED,61eed798-6b11-49d5-bdbf-dc4d0e8437aa,2d20e73d-624e-41ae-8064-0381946ad1bc,c3,None,1124,?,x4,
1769497347.016636,RECEIVED,ea957c57-5a17-4b4a-a581-e1c4478de676,7b09f039-2086-41e3-b766-7b0dd86daeae,c3,None,1603,e8,?,
1769497347.2616227,RECEIVED,c701e078-d76b-402b-b117-30074b86dc1f,07b535fb-db03-43fe-99ad-cc2e36433aff,c4,c3,1759,e2,?,
1769497347.3286195,SENT,c701e078-d76b-402b-b117-30074b86dc1f,07b535fb-db03-43fe-99ad-cc2e36433aff,c4,c3,1246,?,x8,
1769497347.3286626,FORWARDED,c701e078-d76b-402b-b117-30074b86dc1f,07b535fb-db03-43fe-99ad-cc2e36433aff,c4,c3,1246,?,x8,
1769497347.464514,SENT,ea957c57-5a17-4b4a-a581-e1c4478de676,7b09f039-2086-41e3-b766-7b0dd86daeae,c3,None,1131,?,x5,
1769497347.464559,FORWARDED,ea957c57-5a17-4b4a-a581-e1c4478de676,7b09f039-2086-41e3-b766-7b0dd86daeae,c3,None,1131,?,x5,
1769497347.6704068,RECEIVED,e83100fd-c8a3-4c56-a7bf-e6ccc06be7bc,de43af26-de48-4ca2-9ead-c0ddf7076f49,c5,None,1604,e1,?,
1769497348.0852885,SENT,e83100fd-c8a3-4c56-a7bf-e6ccc06be7bc,de43af26-de48-4ca2-9ead-c0ddf7076f49,c5,None,1131,?,x7,
1769497348.0853305,FORWARDED,e83100fd-c8a3-4c56-a7bf-e6ccc06be7bc,de43af26-de48-4ca2-9ead-c0ddf7076f49,c5,None,1131,?,x7,
1769497349.7597258,RECEIVED,835bde3e-972c-4d86-b21c-b6d81e425154,a921c3b7-8576-4c04-be97-b701dbc35ad5,c2,c3,1772,e5,?,
1769497349.8021116,RECEIVED,c34bf9bd-fba0-41d9-83f0-2f7a1e7b7566,db25684e-8026-4bb3-b391-b6c2597eb633,c3,c5,1775,e5,?,
1769497350.3499444,SENT,c34bf9bd-fba0-41d9-83f0-2f7a1e7b7566,db25684e-8026-4bb3-b391-b6c2597eb633,c3,c5,1258,?,x2,
1769497350.3500142,FORWARDED,c34bf9bd-fba0-41d9-83f0-2f7a1e7b7566,db25684e-8026-4bb3-b391-b6c2597eb633,c3,c5,1258,?,x2,
1769497350.692846,RECEIVED,7e7e1d45-bc9f-46b4-807e-7eff7a29d8b0,75140905-82f0-495f-ab57-d15cebf85035,c3,None,1591,e6,?,
1769497350.9463027,SENT,835bde3e-972c-4d86-b21c-b6d81e425154,a921c3b7-8576-4c04-be97-b701dbc35ad5,c2,c3,1255,?,x12,
1769497350.9463449,FORWARDED,835bde3e-972c-4d86-b21c-b6d81e425154,a921c3b7-8576-4c04-be97-b701dbc35ad5,c2,c3,1255,?,x12,
1769497350.9685118,RECEIVED,c82d7034-597d-4e52-9b5a-ec4695d515c5,492d4f1e-e5dc-4376-8d0c-3d43c89d4853,c5,None,1600,e8,?,
1769497351.7181556,SENT,7e7e1d45-bc9f-46b4-807e-7eff7a29d8b0,75140905-82f0-495f-ab57-d15cebf85035,c3,None,1122,?,x7,
1769497351.718201,FORWARDED,7e7e1d45-bc9f-46b4-807e-7eff7a29d8b0,75140905-82f0-495f-ab57-d15cebf85035,c3,None,1122,?,x7,
1769497352.0363472,RECEIVED,aefa4938-1da2-420b-8904-73222b797b30,00d67ba5-65e9-4114-96e4-936e461172e6,c3,c5,1767,e9,?,
1769497352.1106765,SENT,c82d7034-597d-4e52-9b5a-ec4695d515c5,492d4f1e-e5dc-4376-8d0c-3d43c89d4853,c5,None,1128,?,x12,
1769497352.110719,FORWARDED,c82d7034-597d-4e52-9b5a-ec4695d515c5,492d4f1e-e5dc-4376-8d0c-3d43c89d4853,c5,None,1128,?,x12,
1769497352.4107535,RECEIVED,f9c9a238-b0dc-49fa-b495-74b90b48e92c,0fd72155-017a-4d81-9b9e-edcc4cf5dede,c3,None,1599,e7,?,
1769497352.5599813,SENT,aefa4938-1da2-420b-8904-73222b797b30,00d67ba5-65e9-4114-96e4-936e461172e6,c3,c5,1252,?,x5,
1769497352.5600214,FORWARDED,aefa4938-1da2-420b-8904-73222b797b30,00d67ba5-65e9-4114-96e4-936e461172e6,c3,c5,1252,?,x5,
1769497352.605946,RECEIVED,052082d7-4d3b-472d-ba11-e4f4eef2ecf2,082f99b8-00bc-4876-a262-18085e0c5e07,c4,c3,1767,e2,?,
1769497352.8983684,SENT,f9c9a238-b0dc-49fa-b495-74b90b48e92c,0fd72155-017a-4d81-9b9e-edcc4cf5dede,c3,None,1127,?,x4,
1769497352.898431,FORWARDED,f9c9a238-b0dc-49fa-b495-74b90b48e92c,0fd72155-017a-4d81-9b9e-edcc4cf5dede,c3,None,1127,?,x4,
1769497353.0434492,RECEIVED,6cb178a4-68dc-4948-bb9d-0d8cee175974,a912458d-0820-457a-adc1-6485031a7702,c5,c2,1763,e8,?,
1769497353.0727935,RECEIVED,cd1df66f-f99c-4315-8b2a-7b72bd8e7d79,3dfdde8f-4b4f-4d7b-bea5-3d3be4365cd0,c5,None,1600,e9,?,
1769497353.1408179,RECEIVED,1e73ee23-582f-4a35-878a-2a6882feb78b,add08f62-90d5-4509-a462-31bcb0f92718,c1,c3,1779,e11,?,
1769497353.3793292,SENT,052082d7-4d3b-472d-ba11-e4f4eef2ecf2,082f99b8-00bc-4876-a262-18085e0c5e07,c4,c3,1252,?,x5,
1769497353.379371,FORWARDED,052082d7-4d3b-472d-ba11-e4f4eef2ecf2,082f99b8-00bc-4876-a262-18085e0c5e07,c4,c3,1252,?,x5,
1769497353.4162447,RECEIVED,3ab6af2f-6cf8-4c80-b016-87cd6293355b,2dbc322d-3f94-4872-a48a-4f2e43a82a82,c4,c3,1775,e9,?,
1769497353.4882307,SENT,cd1df66f-f99c-4315-8b2a-7b72bd8e7d79,3dfdde8f-4b4f-4d7b-bea5-3d3be4365cd0,c5,None,1126,?,x5,
1769497353.4882736,FORWARDED,cd1df66f-f99c-4315-8b2a-7b72bd8e7d79,3dfdde8f-4b4f-4d7b-bea5-3d3be4365cd0,c5,None,1126,?,x5,
1769497353.6762667,RECEIVED,48f7853e-6dcc-46b7-9349-a7073c62d2e2,98f22fc9-cca1-4a46-911a-c54bb758036b,c2,c3,1772,e7,?,
1769497353.701264,RECEIVED,ef7ee869-81f3-4269-8501-113af8d56898,e747c8fd-2856-402c-bb70-b4b1275a9c37,c3,None,1607,e8,?,
1769497353.7299337,RECEIVED,b900d5f7-6829-42e8-a63c-c308cb6532ab,ea75df07-9048-48fa-a374-cd3d455aac1b,c5,c2,1773,e5,?,
1769497353.7930999,SENT,b900d5f7-6829-42e8-a63c-c308cb6532ab,ea75df07-9048-48fa-a374-cd3d455aac1b,c5,c2,1256,?,x3,
1769497353.7931426,FORWARDED,b900d5f7-6829-42e8-a63c-c308cb6532ab,ea75df07-9048-48fa-a374-cd3d455aac1b,c5,c2,1256,?,x3,
1769497353.965702,SENT,1e73ee23-582f-4a35-878a-2a6882feb78b,add08f62-90d5-4509-a462-31bcb0f92718,c1,c3,1263,?,x9,
1769497353.965743,FORWARDED,1e73ee23-582f-4a35-878a-2a6882feb78b,add08f62-90d5-4509-a462-31bcb0f92718,c1,c3,1263,?,x9,
1769497353.9785383,RECEIVED,813d7c7c-5f57-490b-9dee-6aebd7a21f35,3363cbd4-2a2d-4a41-bd31-e24ae3e8268f,c2,None,1592,e2,?,
1769497353.9922073,RECEIVED,d66b80c9-b937-4c3a-8f43-d862df916bde,3c75f869-bc1b-41da-a3a4-c556ce35d2a1,c2,c3,1784,e10,?,
1769497354.0008774,SENT,3ab6af2f-6cf8-4c80-b016-87cd6293355b,2dbc322d-3f94-4872-a48a-4f2e43a82a82,c4,c3,1259,?,x2,
1769497354.0009186,FORWARDED,3ab6af2f-6cf8-4c80-b016-87cd6293355b,2dbc322d-3f94-4872-a48a-4f2e43a82a82,c4,c3,1259,?,x2,
1769497354.03956,SENT,6cb178a4-68dc-4948-bb9d-0d8cee175974,a912458d-0820-457a-adc1-6485031a7702,c5,c2,1250,?,x10,
1769497354.0396013,FORWARDED,6cb178a4-68dc-4948-bb9d-0d8cee175974,a912458d-0820-457a-adc1-6485031a7702,c5,c2,1250,?,x10,
1769497354.0629356,FORWARDED,813d7c7c-5f57-490b-9dee-6aebd7a21f35,3363cbd4-2a2d-4a41-bd31-e24ae3e8268f,c2,None,1122,?,x6,
1769497354.1461546,SENT,d66b80c9-b937-4c3a-8f43-d862df916bde,3c75f869-bc1b-41da-a3a4-c556ce35d2a1,c2,c3,1264,?,x3,
1769497354.1462092,FORWARDED,d66b80c9-b937-4c3a-8f43-d862df916bde,3c75f869-bc1b-41da-a3a4-c556ce35d2a1,c2,c3,1264,?,x3,
1769497354.3972197,SENT,48f7853e-6dcc-46b7-9349-a7073c62d2e2,98f22fc9-cca1-4a46-911a-c54bb758036b,c2,c3,1256,?,x12,
1769497354.3973098,FORWARDED,48f7853e-6dcc-46b7-9349-a7073c62d2e2,98f22fc9-cca1-4a46-911a-c54bb758036b,c2,c3,1256,?,x12,
1769497355.2809732,RECEIVED,f564292b-d487-4e74-a880-2c481984ff0b,71b566b2-9e28-44e6-ac86-a28e05def451,c1,c3,1775,e7,?,
1769497355.2978587,SENT,ef7ee869-81f3-4269-8501-113af8d56898,e747c8fd-2856-402c-bb70-b4b1275a9c37,c3,None,1132,?,x5,
1769497355.2979062,FORWARDED,ef7ee869-81f3-4269-8501-113af8d56898,e747c8fd-2856-402c-bb70-b4b1275a9c37,c3,None,1132,?,x5,
1769497355.4507334,RECEIVED,37a9c6bf-b410-4c3b-bad4-898ea143b4b3,7161f13c-148b-4f16-a848-25371e2157ac,c2,c3,1780,e6,?,
1769497355.6446457,SENT,37a9c6bf-b410-4c3b-bad4-898ea143b4b3,7161f13c-148b-4f16-a848-25371e2157ac,c2,c3,1263,?,x9,
1769497355.644691,FORWARDED,37a9c6bf-b410-4c3b-bad4-898ea143b4b3,7161f13c-148b-4f16-a848-25371e2157ac,c2,c3,1263,?,x9,
1769497356.0155213,RECEIVED,acb008e6-2983-488e-b852-254b0d0d1a08,c81e40f3-a646-4d50-94a7-e52ca716e4a9,c4,c3,1763,e10,?,
1769497356.1509295,SENT,acb008e6-2983-488e-b852-254b0d0d1a08,c81e40f3-a646-4d50-94a7-e52ca716e4a9,c4,c3,1251,?,x7,
1769497356.1514745,FORWARDED,acb008e6-2983-488e-b852-254b0d0d1a08,c81e40f3-a646-4d50-94a7-e52ca716e4a9,c4,c3,1251,?,x7,
1769497356.216852,RECEIVED,4593c260-6198-4f0c-8d28-deb644372ed4,93013404-11a5-4433-b50d-a95236c7780b,c5,None,1595,e10,?,
1769497356.4282806,RECEIVED,407d6210-cc46-44d3-bae6-254c5eb46636,d62c7a96-7081-4918-aeab-e37c3a0204a4,c3,None,1602,e11,?,
1769497356.6104348,SENT,f564292b-d487-4e74-a880-2c481984ff0b,71b566b2-9e28-44e6-ac86-a28e05def451,c1,c3,1259,?,x11,
1769497356.6104898,FORWARDED,f564292b-d487-4e74-a880-2c481984ff0b,71b566b2-9e28-44e6-ac86-a28e05def451,c1,c3,1259,?,x11,
1769497356.748241,SENT,407d6210-cc46-44d3-bae6-254c5eb46636,d62c7a96-7081-4918-aeab-e37c3a0204a4,c3,None,1131,?,x8,
1769497356.7482991,FORWARDED,407d6210-cc46-44d3-bae6-254c5eb46636,d62c7a96-7081-4918-aeab-e37c3a0204a4,c3,None,1131,?,x8,
1769497357.343232,RECEIVED,7cd3cf69-0a72-4f36-a519-205e6220a4de,7e9314ed-8f15-4f4c-a554-6158fd2e5239,c2,None,1596,e3,?,
1769497357.4057212,RECEIVED,a631931a-cf7e-4fc1-911c-1ff87bca83a3,6c8c0839-7ace-4efc-b645-63f1cc698a6e,c2,c3,1776,e11,?,
1769497357.4406152,SENT,7cd3cf69-0a72-4f36-a519-205e6220a4de,7e9314ed-8f15-4f4c-a554-6158fd2e5239,c2,None,1124,?,x3,
1769497357.4406743,FORWARDED,7cd3cf69-0a72-4f36-a519-205e6220a4de,7e9314ed-8f15-4f4c-a554-6158fd2e5239,c2,None,1124,?,x3,
1769497357.4977407,SENT,a631931a-cf7e-4fc1-911c-1ff87bca83a3,6c8c0839-7ace-4efc-b645-63f1cc698a6e,c2,c3,1259,?,x7,
1769497357.497789,FORWARDED,a631931a-cf7e-4fc1-911c-1ff87bca83a3,6c8c0839-7ace-4efc-b645-63f1cc698a6e,c2,c3,1259,?,x7,
1769497357.504179,SENT,4593c260-6198-4f0c-8d28-deb644372ed4,93013404-11a5-4433-b50d-a95236c7780b,c5,None,1123,?,x7,
1769497357.5042284,FORWARDED,4593c260-6198-4f0c-8d28-deb644372ed4,93013404-11a5-4433-b50d-a95236c7780b,c5,None,1123,?,x7,
1769497357.734953,RECEIVED,13e19dad-08f3-4648-8f6b-40dc804e424a,287f8b01-e3b4-47b7-a41d-34252b783834,c4,c3,1780,e8,?,
1769497357.7826684,SENT,13e19dad-08f3-4648-8f6b-40dc804e424a,287f8b01-e3b4-47b7-a41d-34252b783834,c4,c3,1263,?,x10,
1769497357.7827146,FORWARDED,13e19dad-08f3-4648-8f6b-40dc804e424a,287f8b01-e3b4-47b7-a41d-34252b783834,c4,c3,1263,?,x10,
1769497358.2333424,RECEIVED,c359af6a-c001-4d44-bd54-c5af67c2a7c0,fff4f4fe-e065-470c-8162-41aadfc99449,c3,None,1591,e7,?,
1769497358.5140922,RECEIVED,29ee175b-d96b-4766-97a0-bb71dc76bcd8,da89edff-a259-46ce-9574-9a5866a00cbc,c2,None,1600,e12,?,
1769497358.5395606,SENT,c359af6a-c001-4d44-bd54-c5af67c2a7c0,fff4f4fe-e065-470c-8162-41aadfc99449,c3,None,1122,?,x2,
1769497358.5396185,FORWARDED,c359af6a-c001-4d44-bd54-c5af67c2a7c0,fff4f4fe-e065-470c-8162-41aadfc99449,c3,None,1122,?,x2,
1769497358.5863197,SENT,29ee175b-d96b-4766-97a0-bb71dc76bcd8,da89edff-a259-46ce-9574-9a5866a00cbc,c2,None,1128,?,x7,
1769497358.5864103,FORWARDED,29ee175b-d96b-4766-97a0-bb71dc76bcd8,da89edff-a259-46ce-9574-9a5866a00cbc,c2,None,1128,?,x7,
1769497359.7312493,RECEIVED,796bd8ee-4b7a-4754-8e09-fa929a4f00f3,03ecb4f6-58f2-4efe-8ddc-cb4100b003d9,c3,None,1604,e1,?,
1769497359.9260023,SENT,796bd8ee-4b7a-4754-8e09-fa929a4f00f3,03ecb4f6-58f2-4efe-8ddc-cb4100b003d9,c3,None,1131,?,x2,
1769497359.926044,FORWARDED,796bd8ee-4b7a-4754-8e09-fa929a4f00f3,03ecb4f6-58f2-4efe-8ddc-cb4100b003d9,c3,None,1131,?,x2,
1769497361.1436858,RECEIVED,a523252d-8d90-4460-8c1b-4489e4abf828,5d8d01b7-6e2f-41f5-904a-d3d2d1f557fe,c3,None,1596,e2,?,
1769497362.0015247,RECEIVED,c90bf984-4c50-49c0-bd64-2a4e5d30d252,32f557d9-f83c-4880-9bf5-d927136867de,c1,c3,1784,e1,?,
1769497362.577824,SENT,c90bf984-4c50-49c0-bd64-2a4e5d30d252,32f557d9-f83c-4880-9bf5-d927136867de,c1,c3,1265,?,x11,
1769497362.577892,FORWARDED,c90bf984-4c50-49c0-bd64-2a4e5d30d252,32f557d9-f83c-4880-9bf5-d927136867de,c1,c3,1265,?,x11,
1769497362.855734,SENT,a523252d-8d90-4460-8c1b-4489e4abf828,5d8d01b7-6e2f-41f5-904a-d3d2d1f557fe,c3,None,1123,?,x12,
1769497362.8559983,FORWARDED,a523252d-8d90-4460-8c1b-4489e4abf828,5d8d01b7-6e2f-41f5-904a-d3d2d1f557fe,c3,None,1123,?,x12,
1769497362.9927335,RECEIVED,4e4780b6-6e80-4897-9c0d-88022af6db57,dbc9903d-b50f-4f98-90c2-6a29f473c2ec,c5,None,1600,e12,?,
1769497363.1220193,SENT,4e4780b6-6e80-4897-9c0d-88022af6db57,dbc9903d-b50f-4f98-90c2-6a29f473c2ec,c5,None,1127,?,x5,
1769497363.1220868,FORWARDED,4e4780b6-6e80-4897-9c0d-88022af6db57,dbc9903d-b50f-4f98-90c2-6a29f473c2ec,c5,None,1127,?,x5,
1769497363.8117785,RECEIVED,1b971f76-c552-42e0-bf97-bebf8b58a34c,6a910f80-7995-40da-8f64-90b0ec5456b3,c5,None,1604,e1,?,
1769497364.685705,SENT,1b971f76-c552-42e0-bf97-bebf8b58a34c,6a910f80-7995-40da-8f64-90b0ec5456b3,c5,None,1131,?,x11,
1769497364.6857493,FORWARDED,1b971f76-c552-42e0-bf97-bebf8b58a34c,6a910f80-7995-40da-8f64-90b0ec5456b3,c5,None,1131,?,x11,
1769497365.058972,RECEIVED,1a500eed-e04a-4140-bd37-fd8632d1c95e,05d7df11-ff88-4461-a6a7-664fea7bdd6e,c2,None,1595,e1,?,
1769497365.3947499,RECEIVED,0ac04be5-f2b3-4ce4-99aa-2397c3af5270,9ebfe333-d642-4f65-a64f-6ab846a1e645,c2,c3,1780,e10,?,
1769497365.4547927,SENT,1a500eed-e04a-4140-bd37-fd8632d1c95e,05d7df11-ff88-4461-a6a7-664fea7bdd6e,c2,None,1123,?,x4,
1769497365.4548364,FORWARDED,1a500eed-e04a-4140-bd37-fd8632d1c95e,05d7df11-ff88-4461-a6a7-664fea7bdd6e,c2,None,1123,?,x4,
1769497365.5104742,SENT,0ac04be5-f2b3-4ce4-99aa-2397c3af5270,9ebfe333-d642-4f65-a64f-6ab846a1e645,c2,c3,1262,?,x4,
1769497365.5105271,FORWARDED,0ac04be5-f2b3-4ce4-99aa-2397c3af5270,9ebfe333-d642-4f65-a64f-6ab846a1e645,c2,c3,1262,?,x4,
1769497365.7805746,RECEIVED,5a350dc8-5e52-4b0e-95a7-710490fd2d1e,a8affbb5-88d3-4782-ace4-bf3e03d3d435,c3,None,1608,e11,?,
1769497366.0246263,SENT,5a350dc8-5e52-4b0e-95a7-710490fd2d1e,a8affbb5-88d3-4782-ace4-bf3e03d3d435,c3,None,1132,?,x5,
1769497366.0246787,FORWARDED,5a350dc8-5e52-4b0e-95a7-710490fd2d1e,a8affbb5-88d3-4782-ace4-bf3e03d3d435,c3,None,1132,?,x5,
1769497366.2933748,RECEIVED,1cff4ae6-00e1-47fd-aa88-f746ee5fd7f2,4a26a920-5a3e-4fce-9014-bc926062daa9,c1,c3,1784,e6,?,
1769497366.3242693,SENT,1cff4ae6-00e1-47fd-aa88-f746ee5fd7f2,4a26a920-5a3e-4fce-9014-bc926062daa9,c1,c3,1264,?,x1,
1769497366.3243103,FORWARDED,1cff4ae6-00e1-47fd-aa88-f746ee5fd7f2,4a26a920-5a3e-4fce-9014-bc926062daa9,c1,c3,1264,?,x1,
1769497367.0577078,RECEIVED,641db25b-bbf8-4595-b8df-a972ac2d0a1f,d1dc315e-1b41-4aea-b518-0a287dae9434,c4,c3,1780,e12,?,
1769497367.697634,SENT,641db25b-bbf8-4595-b8df-a972ac2d0a1f,d1dc315e-1b41-4aea-b518-0a287dae9434,c4,c3,1262,?,x12,
1769497367.6976755,FORWARDED,641db25b-bbf8-4595-b8df-a972ac2d0a1f,d1dc315e-1b41-4aea-b518-0a287dae9434,c4,c3,1262,?,x12,
1769497367.7507355,RECEIVED,1313dcb5-01a3-4292-8709-ffa8a3a912f2,76aa6d7b-1c80-4b17-9b67-403235d3fd91,c3,None,1595,e1,?,
1769497368.5568066,SENT,1313dcb5-01a3-4292-8709-ffa8a3a912f2,76aa6d7b-1c80-4b17-9b67-403235d3fd91,c3,None,1123,?,x10,
1769497368.5568683,FORWARDED,1313dcb5-01a3-4292-8709-ffa8a3a912f2,76aa6d7b-1c80-4b17-9b67-403235d3fd91,c3,None,1123,?,x10,
1769497370.69276,RECEIVED,67d36f73-95af-4cf2-88b0-9ad67291f537,4bb518cc-4b22-43f7-99a2-d9b2b0f8d4f3,c5,c2,1784,e7,?,
1769497370.8654416,RECEIVED,8c95a2ef-21be-4316-b439-32b8c254320f,fae11d46-1754-4c2e-935f-80a940c68431,c3,c5,1777,e2,?,
1769497371.1631217,SENT,67d36f73-95af-4cf2-88b0-9ad67291f537,4bb518cc-4b22-43f7-99a2-d9b2b0f8d4f3,c5,c2,1264,?,x3,
1769497371.163174,FORWARDED,67d36f73-95af-4cf2-88b0-9ad67291f537,4bb518cc-4b22-43f7-99a2-d9b2b0f8d4f3,c5,c2,1264,?,x3,
1769497371.3586035,SENT,8c95a2ef-21be-4316-b439-32b8c254320f,fae11d46-1754-4c2e-935f-80a940c68431,c3,c5,1259,?,x11,
1769497371.3586633,FORWARDED,8c95a2ef-21be-4316-b439-32b8c254320f,fae11d46-1754-4c2e-935f-80a940c68431,c3,c5,1259,?,x11,
1769497371.3686209,RECEIVED,5d85da46-229c-41ef-9e21-e4d210d8f36b,b80b24c1-9e72-491f-98dd-6b05cb96aaa8,c3,None,1603,e5,?,
1769497371.39235,RECEIVED,0cf70234-92f9-4c46-a9b2-512f373db5d5,fe8e4c7b-7760-4dbb-b0c0-063bd56b808f,c5,None,1592,e12,?,
1769497371.5710852,RECEIVED,3b3808f6-7cb7-4e44-862a-23423a40f1cd,34c99887-fb5f-4947-ab63-e1ea753ec91b,c2,c3,1781,e10,?,
1769497371.6459408,SENT,3b3808f6-7cb7-4e44-862a-23423a40f1cd,34c99887-fb5f-4947-ab63-e1ea753ec91b,c2,c3,1263,?,x7,
1769497371.645983,FORWARDED,3b3808f6-7cb7-4e44-862a-23423a40f1cd,34c99887-fb5f-4947-ab63-e1ea753ec91b,c2,c3,1263,?,x7,
1769497371.6481764,SENT,5d85da46-229c-41ef-9e21-e4d210d8f36b,b80b24c1-9e72-491f-98dd-6b05cb96aaa8,c3,None,1131,?,x5,
1769497371.6482184,FORWARDED,5d85da46-229c-41ef-9e21-e4d210d8f36b,b80b24c1-9e72-491f-98dd-6b05cb96aaa8,c3,None,1131,?,x5,
1769497371.7333114,SENT,0cf70234-92f9-4c46-a9b2-512f373db5d5,fe8e4c7b-7760-4dbb-b0c0-063bd56b808f,c5,None,1122,?,x3,
1769497371.733355,FORWARDED,0cf70234-92f9-4c46-a9b2-512f373db5d5,fe8e4c7b-7760-4dbb-b0c0-063bd56b808f,c5,None,1122,?,x3,
1769497371.8083484,RECEIVED,b25f03c2-76a0-4547-baa5-ebdf085b3f3f,f0484368-eb48-4373-b3e9-95649f29d8e0,c3,c5,1768,e1,?,
1769497371.940111,RECEIVED,23a75fd6-b64c-46d0-b786-104b1c8b9e20,bb460e76-5597-442b-a987-32165ad5cbd3,c3,None,1600,e3,?,
1769497372.0653484,SENT,23a75fd6-b64c-46d0-b786-104b1c8b9e20,bb460e76-5597-442b-a987-32165ad5cbd3,c3,None,1127,?,x1,
1769497372.065421,FORWARDED,23a75fd6-b64c-46d0-b786-104b1c8b9e20,bb460e76-5597-442b-a987-32165ad5cbd3,c3,None,1127,?,x1,
1769497372.202212,SENT,b25f03c2-76a0-4547-baa5-ebdf085b3f3f,f0484368-eb48-4373-b3e9-95649f29d8e0,c3,c5,1252,?,x12,
1769497372.2022848,FORWARDED,b25f03c2-76a0-4547-baa5-ebdf085b3f3f,f0484368-eb48-4373-b3e9-95649f29d8e0,c3,c5,1252,?,x12,
1769497372.981566,RECEIVED,88140be7-9037-41ce-aa86-3b17601deaf5,7ae9b6b4-195c-4578-bb59-e3091935c63a,c1,c3,1766,e11,?,
1769497373.0001676,SENT,88140be7-9037-41ce-aa86-3b17601deaf5,7ae9b6b4-195c-4578-bb59-e3091935c63a,c1,c3,1251,?,x11,
1769497373.0002096,FORWARDED,88140be7-9037-41ce-aa86-3b17601deaf5,7ae9b6b4-195c-4578-bb59-e3091935c63a,c1,c3,1251,?,x11,
1769497374.3083043,RECEIVED,ae34feb8-e642-4cb4-bf95-d1a9d0ec57be,091ba167-9fbe-45fb-9d57-396f1cfbc32d,c3,c5,1767,e9,?,
1769497374.6949816,SENT,ae34feb8-e642-4cb4-bf95-d1a9d0ec57be,091ba167-9fbe-45fb-9d57-396f1cfbc32d,c3,c5,1252,?,x8,
1769497374.6951149,FORWARDED,ae34feb8-e642-4cb4-bf95-d1a9d0ec57be,091ba167-9fbe-45fb-9d57-396f1cfbc32d,c3,c5,1252,?,x8,
1769497375.7899146,RECEIVED,0aaef30e-bc64-4639-8a1a-39bdc3407681,02832ea8-ef28-4107-80eb-898dbce0b2c3,c3,None,1610,e1,?,
1769497375.796723,SENT,0aaef30e-bc64-4639-8a1a-39bdc3407681,02832ea8-ef28-4107-80eb-898dbce0b2c3,c3,None,1132,?,x3,
1769497375.7967904,FORWARDED,0aaef30e-bc64-4639-8a1a-39bdc3407681,02832ea8-ef28-4107-80eb-898dbce0b2c3,c3,None,1132,?,x3,
1769497376.259992,RECEIVED,627415b1-4bc8-4238-9a3b-992c20267519,c3a9a8d9-7518-48cf-9629-d6db352a9ff7,c4,c3,1768,e7,?,
1769497376.3074005,SENT,627415b1-4bc8-4238-9a3b-992c20267519,c3a9a8d9-7518-48cf-9629-d6db352a9ff7,c4,c3,1252,?,x5,
1769497376.307441,FORWARDED,627415b1-4bc8-4238-9a3b-992c20267519,c3a9a8d9-7518-48cf-9629-d6db352a9ff7,c4,c3,1252,?,x5,
1769497376.4731138,RECEIVED,3514a7f0-b4c3-4c36-a233-eb4e591398f3,66cd5378-2d30-47e4-bbbe-27ee657c7c80,c2,None,1609,e6,?,
1769497376.9584804,SENT,3514a7f0-b4c3-4c36-a233-eb4e591398f3,66cd5378-2d30-47e4-bbbe-27ee657c7c80,c2,None,1132,?,x12,
1769497376.9586163,FORWARDED,3514a7f0-b4c3-4c36-a233-eb4e591398f3,66cd5378-2d30-47e4-bbbe-27ee657c7c80,c2,None,1132,?,x12,
1769497377.4971888,RECEIVED,ebc1e40d-f8c9-4798-9cd8-7f1e64da50f8,f53f3c9d-9010-481e-980d-04b088cb24b8,c2,c3,1775,e11,?,
1769497377.5028467,RECEIVED,f3697697-4897-4bd6-aaaa-f6ea18408444,9cce670e-ca98-4a48-8cf8-6c08378d5564,c1,c3,1783,e11,?,
1769497378.2785337,RECEIVED,c189dccc-36c3-4997-9c36-0c5fa3714166,e095e861-f82a-4536-8596-20dad633cc0b,c4,c3,1777,e1,?,
1769497378.2897263,FORWARDED,f3697697-4897-4bd6-aaaa-f6ea18408444,9cce670e-ca98-4a48-8cf8-6c08378d5564,c1,c3,1264,?,x6,
1769497378.3214924,SENT,c189dccc-36c3-4997-9c36-0c5fa3714166,e095e861-f82a-4536-8596-20dad633cc0b,c4,c3,1259,?,x8,
1769497378.3215437,FORWARDED,c189dccc-36c3-4997-9c36-0c5fa3714166,e095e861-f82a-4536-8596-20dad633cc0b,c4,c3,1259,?,x8,
1769497378.6549006,RECEIVED,4a3815f0-bf40-4a36-8d80-e920f739af40,7d598ff1-0e9d-48fd-b38f-bdb89f2a414c,c2,c3,1781,e8,?,
1769497378.7018895,RECEIVED,378568d0-ede0-4405-88eb-1060db732c10,8b3aabf3-7c04-41ae-b524-d1123c2460e2,c5,None,1600,e2,?,
1769497378.7251732,SENT,4a3815f0-bf40-4a36-8d80-e920f739af40,7d598ff1-0e9d-48fd-b38f-bdb89f2a414c,c2,c3,1261,?,x12,
1769497378.725222,FORWARDED,4a3815f0-bf40-4a36-8d80-e920f739af40,7d598ff1-0e9d-48fd-b38f-bdb89f2a414c,c2,c3,1261,?,x12,
1769497378.9917963,SENT,378568d0-ede0-4405-88eb-1060db732c10,8b3aabf3-7c04-41ae-b524-d1123c2460e2,c5,None,1127,?,x4,
1769497378.991848,FORWARDED,378568d0-ede0-4405-88eb-1060db732c10,8b3aabf3-7c04-41ae-b524-d1123c2460e2,c5,None,1127,?,x4,
1769497379.169354,SENT,ebc1e40d-f8c9-4798-9cd8-7f1e64da50f8,f53f3c9d-9010-481e-980d-04b088cb24b8,c2,c3,1259,?,x1,
1769497379.1694255,FORWARDED,ebc1e40d-f8c9-4798-9cd8-7f1e64da50f8,f53f3c9d-9010-481e-980d-04b088cb24b8,c2,c3,1259,?,x1,
1769497380.0785067,RECEIVED,c3c18349-affb-4bd4-abeb-cbb8584d9aec,8702c416-4763-4adc-b8d0-fc0490d618a9,c4,c3,1772,e3,?,
1769497380.316808,SENT,c3c18349-affb-4bd4-abeb-cbb8584d9aec,8702c416-4763-4adc-b8d0-fc0490d618a9,c4,c3,1255,?,x3,
1769497380.31685,FORWARDED,c3c18349-affb-4bd4-abeb-cbb8584d9aec,8702c416-4763-4adc-b8d0-fc0490d618a9,c4,c3,1255,?,x3,
1769497380.337539,RECEIVED,73542a31-b3b9-49e7-af35-fc41b1c3ded4,04330d17-93e7-441e-a758-a2e22feee912,c3,None,1597,e9,?,
1769497380.3649278,SENT,73542a31-b3b9-49e7-af35-fc41b1c3ded4,04330d17-93e7-441e-a758-a2e22feee912,c3,None,1123,?,x4,
1769497380.3649707,FORWARDED,73542a31-b3b9-49e7-af35-fc41b1c3ded4,04330d17-93e7-441e-a758-a2e22feee912,c3,None,1123,?,x4,
1769497381.3502154,RECEIVED,417174ab-2b05-4e92-92d9-d45a7e92f58d,1b7f4349-1286-4705-9bc7-6efdd0a584f4,c3,None,1596,e3,?,
1769497381.4489791,SENT,417174ab-2b05-4e92-92d9-d45a7e92f58d,1b7f4349-1286-4705-9bc7-6efdd0a584f4,c3,None,1123,?,x8,
1769497381.4490316,FORWARDED,417174ab-2b05-4e92-92d9-d45a7e92f58d,1b7f4349-1286-4705-9bc7-6efdd0a584f4,c3,None,1123,?,x8,
1769497381.8875935,RECEIVED,dadb609e-1498-4a92-bf7e-091d4f730b9d,872adfb6-a35a-4949-94f5-7f7d4e0e0cd1,c2,None,1601,e7,?,
1769497382.1392615,SENT,dadb609e-1498-4a92-bf7e-091d4f730b9d,872adfb6-a35a-4949-94f5-7f7d4e0e0cd1,c2,None,1127,?,x10,
1769497382.1393273,FORWARDED,dadb609e-1498-4a92-bf7e-091d4f730b9d,872adfb6-a35a-4949-94f5-7f7d4e0e0cd1,c2,None,1127,?,x10,
1769497382.1853497,RECEIVED,d5edb992-6033-4287-b3ae-c04b3fd374a8,6dedef09-2756-4c17-9104-a11e7c580f87,c2,c3,1764,e7,?,
1769497382.5970435,SENT,d5edb992-6033-4287-b3ae-c04b3fd374a8,6dedef09-2756-4c17-9104-a11e7c580f87,c2,c3,1251,?,x4,
1769497382.5974214,FORWARDED,d5edb992-6033-4287-b3ae-c04b3fd374a8,6dedef09-2756-4c17-9104-a11e7c580f87,c2,c3,1251,?,x4,
1769497382.8976176,RECEIVED,43934e92-52a3-470c-aac9-502ee9d2a36a,283a3c32-fd13-4847-97c4-5ae8d9ef1f90,c4,c3,1771,e11,?,
1769497382.9313037,RECEIVED,5bba06f0-af23-4d8b-9b2a-452ddab0401a,f39c92f0-39e9-4df0-8408-d0bd2da8d8d9,c2,c3,1777,e12,?,
1769497383.0231063,SENT,5bba06f0-af23-4d8b-9b2a-452ddab0401a,f39c92f0-39e9-4df0-8408-d0bd2da8d8d9,c2,c3,1259,?,x12,
1769497383.023168,FORWARDED,5bba06f0-af23-4d8b-9b2a-452ddab0401a,f39c92f0-39e9-4df0-8408-d0bd2da8d8d9,c2,c3,1259,?,x12,
1769497383.6688433,SENT,43934e92-52a3-470c-aac9-502ee9d2a36a,283a3c32-fd13-4847-97c4-5ae8d9ef1f90,c4,c3,1255,?,x2,
1769497383.6688948,FORWARDED,43934e92-52a3-470c-aac9-502ee9d2a36a,283a3c32-fd13-4847-97c4-5ae8d9ef1f90,c4,c3,1255,?,x2,
1769497383.8776052,RECEIVED,d28775c4-fc9b-4292-893b-78c2ca59a4d8,5cbe472e-30cc-4427-bd55-1bfa8cdcf29d,c3,None,1604,e2,?,
1769497384.2204838,FORWARDED,d28775c4-fc9b-4292-893b-78c2ca59a4d8,5cbe472e-30cc-4427-bd55-1bfa8cdcf29d,c3,None,1130,?,x6,
1769497384.3782082,RECEIVED,049987cd-5be8-484a-ad16-d056afb32042,87599eed-9c31-4b67-9163-3959b5e7256a,c3,None,1608,e5,?,
1769497385.0229776,RECEIVED,7d2f4aed-b4fe-40dd-8b00-2ea4c3389f37,d434911c-89bb-49fa-9446-44861a4b308f,c2,c3,1772,e9,?,
1769497385.1788054,RECEIVED,d182fc47-f6a2-4eec-9820-a46d76efb56b,e6277a3a-fbde-463f-bebc-390a983fc57a,c5,None,1608,e9,?,
1769497385.2811387,SENT,049987cd-5be8-484a-ad16-d056afb32042,87599eed-9c31-4b67-9163-3959b5e7256a,c3,None,1132,?,x11,
1769497385.2811904,FORWARDED,049987cd-5be8-484a-ad16-d056afb32042,87599eed-9c31-4b67-9163-3959b5e7256a,c3,None,1132,?,x11,
1769497385.430023,SENT,7d2f4aed-b4fe-40dd-8b00-2ea4c3389f37,d434911c-89bb-49fa-9446-44861a4b308f,c2,c3,1256,?,x1,
1769497385.4301488,FORWARDED,7d2f4aed-b4fe-40dd-8b00-2ea4c3389f37,d434911c-89bb-49fa-9446-44861a4b308f,c2,c3,1256,?,x1,
1769497385.6487868,SENT,d182fc47-f6a2-4eec-9820-a46d76efb56b,e6277a3a-fbde-463f-bebc-390a983fc57a,c5,None,1132,?,x8,
1769497385.6488338,FORWARDED,d182fc47-f6a2-4eec-9820-a46d76efb56b,e6277a3a-fbde-463f-bebc-390a983fc57a,c5,None,1132,?,x8,
1769497385.8149004,RECEIVED,00b251ac-df57-46f0-a208-daf3d4bb93ca,3347eda3-f143-43d8-b238-d28573049b03,c3,None,1604,e8,?,
1769497386.0392992,SENT,00b251ac-df57-46f0-a208-daf3d4bb93ca,3347eda3-f143-43d8-b238-d28573049b03,c3,None,1131,?,x11,
1769497386.0393457,FORWARDED,00b251ac-df57-46f0-a208-daf3d4bb93ca,3347eda3-f143-43d8-b238-d28573049b03,c3,None,1131,?,x11,
1769497386.9819643,RECEIVED,56c37836-ea69-43e6-a369-febf19449bb3,88ba5fef-7652-44b6-b6f1-8bedb2571d6d,c4,c3,1783,e7,?,
1769497387.0160382,RECEIVED,3a8538c3-09eb-4cb2-bfd8-e11fc2f7a0c8,19fc3846-fa24-4cf9-86a8-07782786d4d1,c3,None,1618,e10,?,
1769497387.090246,SENT,3a8538c3-09eb-4cb2-bfd8-e11fc2f7a0c8,19fc3846-fa24-4cf9-86a8-07782786d4d1,c3,None,1138,?,x10,
1769497387.0902913,FORWARDED,3a8538c3-09eb-4cb2-bfd8-e11fc2f7a0c8,19fc3846-fa24-4cf9-86a8-07782786d4d1,c3,None,1138,?,x10,
1769497387.4183357,SENT,56c37836-ea69-43e6-a369-febf19449bb3,88ba5fef-7652-44b6-b6f1-8bedb2571d6d,c4,c3,1265,?,x11,
1769497387.4183793,FORWARDED,56c37836-ea69-43e6-a369-febf19449bb3,88ba5fef-7652-44b6-b6f1-8bedb2571d6d,c4,c3,1265,?,x11,
1769497387.932197,RECEIVED,46bc08b1-a476-4d5b-b787-026e65d3aca2,10d07739-5e54-480d-8972-3cb017b66346,c4,c3,1779,e3,?,
1769497388.6283777,RECEIVED,d6102b24-b6ac-415f-8c53-e91777bcc572,ccb3aa66-3875-4ffb-bf8a-09bc4b919e9a,c3,c5,1772,e10,?,
1769497388.6884737,RECEIVED,843f848b-eed1-4b80-96fc-03b1612e6b51,9112ca36-8e42-4f6d-8f14-eed991c9e880,c2,None,1601,e9,?,
1769497388.734396,SENT,d6102b24-b6ac-415f-8c53-e91777bcc572,ccb3aa66-3875-4ffb-bf8a-09bc4b919e9a,c3,c5,1256,?,x2,
1769497388.7344365,FORWARDED,d6102b24-b6ac-415f-8c53-e91777bcc572,ccb3aa66-3875-4ffb-bf8a-09bc4b919e9a,c3,c5,1256,?,x2,
1769497388.9612746,SENT,843f848b-eed1-4b80-96fc-03b1612e6b51,9112ca36-8e42-4f6d-8f14-eed991c9e880,c2,None,1126,?,x10,
1769497388.9613166,FORWARDED,843f848b-eed1-4b80-96fc-03b1612e6b51,9112ca36-8e42-4f6d-8f14-eed991c9e880,c2,None,1126,?,x10,
1769497389.1033943,SENT,46bc08b1-a476-4d5b-b787-026e65d3aca2,10d07739-5e54-480d-8972-3cb017b66346,c4,c3,1263,?,x3,
1769497389.1034353,FORWARDED,46bc08b1-a476-4d5b-b787-026e65d3aca2,10d07739-5e54-480d-8972-3cb017b66346,c4,c3,1263,?,x3,
1769497389.4501176,RECEIVED,83054d4e-4fec-48cb-a528-c15efc20f810,2b60c84c-8279-45b3-980a-e1be02704e42,c3,None,1595,e8,?,
1769497389.622783,SENT,83054d4e-4fec-48cb-a528-c15efc20f810,2b60c84c-8279-45b3-980a-e1be02704e42,c3,None,1125,?,x8,
1769497389.6228266,FORWARDED,83054d4e-4fec-48cb-a528-c15efc20f810,2b60c84c-8279-45b3-980a-e1be02704e42,c3,None,1125,?,x8,
1769497389.957076,RECEIVED,96f528a7-3afd-4572-bff5-7e0f8db25a5b,81a85bb5-0f28-4fd4-8a4e-7da55c879b76,c2,c3,1775,e5,?,
1769497390.327835,RECEIVED,8a19a181-e7f6-4c1f-b0cf-c07b52261212,002cdbbb-559c-4a89-851d-ee147e1877a0,c1,c3,1777,e8,?,
1769497390.4563594,RECEIVED,6999f9be-95de-4690-8153-830b0e6af3a7,4cbd5923-376d-4e53-a671-ea45641b173f,c3,None,1604,e11,?,
1769497390.4993649,RECEIVED,269e3330-7bed-44ce-a019-e8cb6bf25ef7,780aa496-c91d-4547-ae4b-e11a7074a7b2,c4,c3,1784,e12,?,
1769497390.645071,SENT,8a19a181-e7f6-4c1f-b0cf-c07b52261212,002cdbbb-559c-4a89-851d-ee147e1877a0,c1,c3,1259,?,x12,
1769497390.6451266,FORWARDED,8a19a181-e7f6-4c1f-b0cf-c07b52261212,002cdbbb-559c-4a89-851d-ee147e1877a0,c1,c3,1259,?,x12,
1769497390.6695907,RECEIVED,a5fedf43-c2b0-4ee4-beb3-acb35e791e3c,53019e0c-47b9-48c4-ad75-54991be40ddf,c3,None,1595,e2,?,
1769497390.7626152,SENT,269e3330-7bed-44ce-a019-e8cb6bf25ef7,780aa496-c91d-4547-ae4b-e11a7074a7b2,c4,c3,1264,?,x10,
1769497390.7626657,FORWARDED,269e3330-7bed-44ce-a019-e8cb6bf25ef7,780aa496-c91d-4547-ae4b-e11a7074a7b2,c4,c3,1264,?,x10,
1769497390.978505,SENT,6999f9be-95de-4690-8153-830b0e6af3a7,4cbd5923-376d-4e53-a671-ea45641b173f,c3,None,1129,?,x11,
1769497390.9785528,FORWARDED,6999f9be-95de-4690-8153-830b0e6af3a7,4cbd5923-376d-4e53-a671-ea45641b173f,c3,None,1129,?,x11,
1769497391.0122929,SENT,a5fedf43-c2b0-4ee4-beb3-acb35e791e3c,53019e0c-47b9-48c4-ad75-54991be40ddf,c3,None,1124,?,x2,
1769497391.0123436,FORWARDED,a5fedf43-c2b0-4ee4-beb3-acb35e791e3c,53019e0c-47b9-48c4-ad75-54991be40ddf,c3,None,1124,?,x2,
1769497391.044224,SENT,96f528a7-3afd-4572-bff5-7e0f8db25a5b,81a85bb5-0f28-4fd4-8a4e-7da55c879b76,c2,c3,1258,?,x5,
1769497391.0442755,FORWARDED,96f528a7-3afd-4572-bff5-7e0f8db25a5b,81a85bb5-0f28-4fd4-8a4e-7da55c879b76,c2,c3,1258,?,x5,
1769497391.3022606,RECEIVED,27355fa0-138a-4417-bedb-b591e096e22e,3550bed6-c05a-4c35-a32a-c665a3408db4,c2,None,1599,e7,?,
1769497391.884296,RECEIVED,0ff17960-0eba-499b-b984-79924aa1841e,a531f439-2eda-445d-8d2c-162d948110ce,c4,c3,1761,e7,?,
1769497391.9216092,SENT,27355fa0-138a-4417-bedb-b591e096e22e,3550bed6-c05a-4c35-a32a-c665a3408db4,c2,None,1127,?,x7,
1769497391.9216523,FORWARDED,27355fa0-138a-4417-bedb-b591e096e22e,3550bed6-c05a-4c35-a32a-c665a3408db4,c2,None,1127,?,x7,
1769497391.9309008,SENT,0ff17960-0eba-499b-b984-79924aa1841e,a531f439-2eda-445d-8d2c-162d948110ce,c4,c3,1248,?,x8,
1769497391.9309409,FORWARDED,0ff17960-0eba-499b-b984-79924aa1841e,a531f439-2eda-445d-8d2c-162d948110ce,c4,c3,1248,?,x8,
1769497391.9355826,RECEIVED,de6257e2-96e6-4f78-8850-daba3a972b80,68abb7be-62b2-4c53-9525-0784bb56422f,c4,c3,1759,e5,?,
1769497392.0018156,RECEIVED,33ba4062-6a31-4897-9b92-691f6c69c8bc,119f3f62-08f2-4206-a1cf-54a9d718bed7,c5,c2,1767,e10,?,
1769497392.365613,RECEIVED,b426f25d-2617-4c0f-8f48-e81d689415ea,fc5ed56b-1293-4d59-be6c-b22266dbed48,c4,c3,1772,e2,?,
1769497392.451811,SENT,b426f25d-2617-4c0f-8f48-e81d689415ea,fc5ed56b-1293-4d59-be6c-b22266dbed48,c4,c3,1257,?,x9,
1769497392.451866,FORWARDED,b426f25d-2617-4c0f-8f48-e81d689415ea,fc5ed56b-1293-4d59-be6c-b22266dbed48,c4,c3,1257,?,x9,
1769497392.521825,RECEIVED,f168a6a3-b5a6-4a1f-b715-a530704cab06,c15eae4e-c360-452f-8e6d-a412b26b8c07,c4,c3,1763,e9,?,
1769497392.730439,RECEIVED,dc49f932-f6b9-4b2f-8e1d-0d006795fabc,19b94fa4-3b1f-4444-af96-698fa6bd5d56,c3,None,1595,e10,?,
1769497392.8324506,FORWARDED,33ba4062-6a31-4897-9b92-691f6c69c8bc,119f3f62-08f2-4206-a1cf-54a9d718bed7,c5,c2,1252,?,x6,
1769497392.9155436,RECEIVED,6ca0b1a8-3d42-45b1-b1e7-f5a004391a5c,b6bd7062-b994-4e54-9ed6-bdb5df1f7a62,c3,None,1612,e10,?,
1769497393.04288,FORWARDED,f168a6a3-b5a6-4a1f-b715-a530704cab06,c15eae4e-c360-452f-8e6d-a412b26b8c07,c4,c3,1251,?,x6,
1769497393.169074,SENT,de6257e2-96e6-4f78-8850-daba3a972b80,68abb7be-62b2-4c53-9525-0784bb56422f,c4,c3,1248,?,x5,
1769497393.1691394,FORWARDED,de6257e2-96e6-4f78-8850-daba3a972b80,68abb7be-62b2-4c53-9525-0784bb56422f,c4,c3,1248,?,x5,
1769497393.3231106,RECEIVED,c732cbaf-7585-4253-a718-cc210831b1e2,a69a9f5c-dfa1-4282-964b-fed62b4b70c6,c4,c3,1775,e6,?,
1769497393.3555343,SENT,6ca0b1a8-3d42-45b1-b1e7-f5a004391a5c,b6bd7062-b994-4e54-9ed6-bdb5df1f7a62,c3,None,1135,?,x10,
1769497393.355926,FORWARDED,6ca0b1a8-3d42-45b1-b1e7-f5a004391a5c,b6bd7062-b994-4e54-9ed6-bdb5df1f7a62,c3,None,1135,?,x10,
1769497393.6381395,SENT,dc49f932-f6b9-4b2f-8e1d-0d006795fabc,19b94fa4-3b1f-4444-af96-698fa6bd5d56,c3,None,1124,?,x7,
1769497393.6382012,FORWARDED,dc49f932-f6b9-4b2f-8e1d-0d006795fabc,19b94fa4-3b1f-4444-af96-698fa6bd5d56,c3,None,1124,?,x7,
1769497394.0140934,RECEIVED,f164160d-92f5-4415-8c60-6ee7e2941739,407c994a-29c6-493c-819c-a4b3d2e4a8ff,c2,None,1603,e8,?,
1769497394.635875,SENT,f164160d-92f5-4415-8c60-6ee7e2941739,407c994a-29c6-493c-819c-a4b3d2e4a8ff,c2,None,1130,?,x8,
1769497394.6359212,FORWARDED,f164160d-92f5-4415-8c60-6ee7e2941739,407c994a-29c6-493c-819c-a4b3d2e4a8ff,c2,None,1130,?,x8,
1769497394.9731867,RECEIVED,17c94ce9-199c-4736-bf3f-5dd700a97e5f,624a15e9-ff34-43b5-95f6-c64e5fe8499f,c3,None,1595,e7,?,
1769497395.5084493,SENT,c732cbaf-7585-4253-a718-cc210831b1e2,a69a9f5c-dfa1-4282-964b-fed62b4b70c6,c4,c3,1259,?,x7,
1769497395.5084958,FORWARDED,c732cbaf-7585-4253-a718-cc210831b1e2,a69a9f5c-dfa1-4282-964b-fed62b4b70c6,c4,c3,1259,?,x7,
1769497395.6964867,SENT,17c94ce9-199c-4736-bf3f-5dd700a97e5f,624a15e9-ff34-43b5-95f6-c64e5fe8499f,c3,None,1124,?,x5,
1769497395.6965585,FORWARDED,17c94ce9-199c-4736-bf3f-5dd700a97e5f,624a15e9-ff34-43b5-95f6-c64e5fe8499f,c3,None,1124,?,x5,
1769497395.797356,RECEIVED,f8302bca-b40c-4fa1-a980-8596b932c5f1,3ea122d2-7bbf-4908-81b6-069b78b41f51,c3,None,1608,e3,?,
1769497396.0501962,SENT,f8302bca-b40c-4fa1-a980-8596b932c5f1,3ea122d2-7bbf-4908-81b6-069b78b41f51,c3,None,1132,?,x5,
1769497396.0502548,FORWARDED,f8302bca-b40c-4fa1-a980-8596b932c5f1,3ea122d2-7bbf-4908-81b6-069b78b41f51,c3,None,1132,?,x5,
1769497396.1012099,RECEIVED,60659148-8959-4dc7-a328-f27c1f81a9eb,839bbd2f-e526-4fa4-a4e0-95befccd4f2a,c5,c2,1784,e8,?,
1769497396.2491999,SENT,60659148-8959-4dc7-a328-f27c1f81a9eb,839bbd2f-e526-4fa4-a4e0-95befccd4f2a,c5,c2,1264,?,x12,
1769497396.2492406,FORWARDED,60659148-8959-4dc7-a328-f27c1f81a9eb,839bbd2f-e526-4fa4-a4e0-95befccd4f2a,c5,c2,1264,?,x12,
1769497396.374087,RECEIVED,d71d2507-a301-4d82-99b7-671d8825d36f,3744cb6c-521b-42ac-88d9-11057dbde30f,c3,None,1598,e8,?,
1769497396.546606,RECEIVED,78a198d7-3c4b-4877-bbe9-3ec1303c90c2,8091f12f-b511-4b00-8c3d-443d598f3bf3,c3,None,1607,e11,?,
1769497396.6835167,SENT,78a198d7-3c4b-4877-bbe9-3ec1303c90c2,8091f12f-b511-4b00-8c3d-443d598f3bf3,c3,None,1133,?,x1,
1769497396.6835606,FORWARDED,78a198d7-3c4b-4877-bbe9-3ec1303c90c2,8091f12f-b511-4b00-8c3d-443d598f3bf3,c3,None,1133,?,x1,
1769497396.8489678,RECEIVED,bc6f8bae-278b-4e3b-bbf0-5001551c2b08,4cac6c9b-7f21-42aa-923a-6e16a36a1c76,c3,None,1596,e1,?,
1769497396.9234595,RECEIVED,dca526d4-f5b0-4108-9615-b12140098428,002acab5-a281-4df1-96c7-b9305befba3e,c2,None,1596,e3,?,
1769497397.1426733,SENT,dca526d4-f5b0-4108-9615-b12140098428,002acab5-a281-4df1-96c7-b9305befba3e,c2,None,1124,?,x1,
1769497397.1427162,FORWARDED,dca526d4-f5b0-4108-9615-b12140098428,002acab5-a281-4df1-96c7-b9305befba3e,c2,None,1124,?,x1,
1769497397.2026887,RECEIVED,56006601-f436-4e05-9a7f-d57a3b451580,67742451-e6c7-48cb-8819-5845b3227a32,c3,None,1602,e12,?,
1769497397.53501,RECEIVED,0c58b509-6ebb-4bb2-a32b-269fe2905a42,f85fdbb5-0c41-40d3-8e15-c30c0dcbb2fe,c3,c5,1770,e2,?,
1769497397.658782,RECEIVED,d1c72e37-a417-4178-b3cd-70e117eb46f4,3d947adf-dc01-472f-85bb-bc05cdf58e31,c2,c3,1775,e9,?,
1769497397.714429,RECEIVED,c2e80b7b-8e25-46fc-b347-6112f12e0492,fcc2843e-8760-4597-804f-3af284428bbb,c3,None,1617,e10,?,
1769497397.7586603,SENT,c2e80b7b-8e25-46fc-b347-6112f12e0492,fcc2843e-8760-4597-804f-3af284428bbb,c3,None,1140,?,x12,
1769497397.7587037,FORWARDED,c2e80b7b-8e25-46fc-b347-6112f12e0492,fcc2843e-8760-4597-804f-3af284428bbb,c3,None,1140,?,x12,
1769497397.8465552,RECEIVED,3795e4d4-f2e8-4f5b-b92d-a387a0be5ba4,db4eca54-dec9-429f-87f2-fcd87f81d90c,c2,None,1603,e3,?,
1769497397.9776385,SENT,bc6f8bae-278b-4e3b-bbf0-5001551c2b08,4cac6c9b-7f21-42aa-923a-6e16a36a1c76,c3,None,1124,?,x10,
1769497397.9776874,FORWARDED,bc6f8bae-278b-4e3b-bbf0-5001551c2b08,4cac6c9b-7f21-42aa-923a-6e16a36a1c76,c3,None,1124,?,x10,
1769497398.058438,FORWARDED,56006601-f436-4e05-9a7f-d57a3b451580,67742451-e6c7-48cb-8819-5845b3227a32,c3,None,1131,?,x6,
1769497398.162865,SENT,d71d2507-a301-4d82-99b7-671d8825d36f,3744cb6c-521b-42ac-88d9-11057dbde30f,c3,None,1128,?,x4,
1769497398.1629431,FORWARDED,d71d2507-a301-4d82-99b7-671d8825d36f,3744cb6c-521b-42ac-88d9-11057dbde30f,c3,None,1128,?,x4,
1769497398.3987029,SENT,3795e4d4-f2e8-4f5b-b92d-a387a0be5ba4,db4eca54-dec9-429f-87f2-fcd87f81d90c,c2,None,1131,?,x3,
1769497398.3987513,FORWARDED,3795e4d4-f2e8-4f5b-b92d-a387a0be5ba4,db4eca54-dec9-429f-87f2-fcd87f81d90c,c2,None,1131,?,x3,
1769497398.5335839,SENT,d1c72e37-a417-4178-b3cd-70e117eb46f4,3d947adf-dc01-472f-85bb-bc05cdf58e31,c2,c3,1260,?,x4,
1769497398.5336227,FORWARDED,d1c72e37-a417-4178-b3cd-70e117eb46f4,3d947adf-dc01-472f-85bb-bc05cdf58e31,c2,c3,1260,?,x4,
1769497398.8421671,FORWARDED,0c58b509-6ebb-4bb2-a32b-269fe2905a42,f85fdbb5-0c41-40d3-8e15-c30c0dcbb2fe,c3,c5,1256,?,x6,
1769497399.6158159,RECEIVED,aff4939f-fb80-415e-aba4-2a631f1c5b45,03de653a-bed9-493d-bb64-14b24e71ba59,c3,None,1592,e12,?,
1769497399.9429183,FORWARDED,aff4939f-fb80-415e-aba4-2a631f1c5b45,03de653a-bed9-493d-bb64-14b24e71ba59,c3,None,1122,?,x6,
1769497400.5239096,RECEIVED,c9d55966-1ea6-4bb9-b0d6-b81949b3c758,04ef3064-3a88-4a1f-94b8-b2f162337ee3,c5,c2,1785,e7,?,
1769497400.5700238,SENT,c9d55966-1ea6-4bb9-b0d6-b81949b3c758,04ef3064-3a88-4a1f-94b8-b2f162337ee3,c5,c2,1264,?,x12,
1769497400.5706108,FORWARDED,c9d55966-1ea6-4bb9-b0d6-b81949b3c758,04ef3064-3a88-4a1f-94b8-b2f162337ee3,c5,c2,1264,?,x12,
1769497401.5484796,RECEIVED,2c184aaf-a541-47d3-be2c-4e2f7a101022,28a22a15-ce84-4579-8c93-b6cffb7f6faf,c3,c5,1767,e11,?,
1769497401.6081798,RECEIVED,372934f7-6c83-48b4-ad82-38d6e77c895e,a699c697-7c91-4f0f-b549-8b49a5b127e7,c2,c3,1780,e3,?,
1769497401.6507976,SENT,372934f7-6c83-48b4-ad82-38d6e77c895e,a699c697-7c91-4f0f-b549-8b49a5b127e7,c2,c3,1259,?,x11,
1769497401.65084,FORWARDED,372934f7-6c83-48b4-ad82-38d6e77c895e,a699c697-7c91-4f0f-b549-8b49a5b127e7,c2,c3,1259,?,x11,
1769497402.081661,RECEIVED,21791553-7f73-4ac5-b643-a86288c1f28d,4e342ce2-f731-4be1-a481-add094025779,c3,c5,1760,e3,?,
1769497402.1535032,SENT,21791553-7f73-4ac5-b643-a86288c1f28d,4e342ce2-f731-4be1-a481-add094025779,c3,c5,1248,?,x5,
1769497402.1535583,FORWARDED,21791553-7f73-4ac5-b643-a86288c1f28d,4e342ce2-f731-4be1-a481-add094025779,c3,c5,1248,?,x5,
1769497402.250194,RECEIVED,2e22efe4-3b37-47e2-b1ff-affc57dcfcbf,f3665f47-bbd8-4642-8133-c5217c5df339,c2,c3,1772,e6,?,
1769497402.362974,SENT,2e22efe4-3b37-47e2-b1ff-affc57dcfcbf,f3665f47-bbd8-4642-8133-c5217c5df339,c2,c3,1256,?,x3,
1769497402.3630295,FORWARDED,2e22efe4-3b37-47e2-b1ff-affc57dcfcbf,f3665f47-bbd8-4642-8133-c5217c5df339,c2,c3,1256,?,x3,
1769497402.5954602,SENT,2c184aaf-a541-47d3-be2c-4e2f7a101022,28a22a15-ce84-4579-8c93-b6cffb7f6faf,c3,c5,1252,?,x7,
1769497402.5955172,FORWARDED,2c184aaf-a541-47d3-be2c-4e2f7a101022,28a22a15-ce84-4579-8c93-b6cffb7f6faf,c3,c5,1252,?,x7,
1769497402.870135,RECEIVED,01fd80d9-6eea-43ad-ae38-167c0a3dbe51,738d94b6-ec75-40a6-871a-3b5d87effcbc,c3,None,1594,e2,?,
1769497403.372037,RECEIVED,30abf040-09c0-4d2a-aff9-50f5b755b241,7ffd82cf-ea1f-45f5-afea-52abf6269dbb,c3,c5,1773,e1,?,
1769497403.447534,SENT,30abf040-09c0-4d2a-aff9-50f5b755b241,7ffd82cf-ea1f-45f5-afea-52abf6269dbb,c3,c5,1256,?,x11,
1769497403.44758,FORWARDED,30abf040-09c0-4d2a-aff9-50f5b755b241,7ffd82cf-ea1f-45f5-afea-52abf6269dbb,c3,c5,1256,?,x11,
1769497403.8853643,SENT,01fd80d9-6eea-43ad-ae38-167c0a3dbe51,738d94b6-ec75-40a6-871a-3b5d87effcbc,c3,None,1123,?,x7,
1769497403.8854136,FORWARDED,01fd80d9-6eea-43ad-ae38-167c0a3dbe51,738d94b6-ec75-40a6-871a-3b5d87effcbc,c3,None,1123,?,x7,
1769497404.4905634,RECEIVED,46112efd-62c8-417b-bef2-99e6d98926d8,e46dd5af-0d8b-4a19-8130-52a9cf719107,c4,c3,1767,e9,?,
1769497404.884612,FORWARDED,46112efd-62c8-417b-bef2-99e6d98926d8,e46dd5af-0d8b-4a19-8130-52a9cf719107,c4,c3,1254,?,x6,
1769497404.9999592,RECEIVED,035171e1-af23-4a71-8f83-545fc307e296,205a3908-34a8-4c9f-97b8-4b66521caa5a,c2,c3,1789,e8,?,
1769497405.1790106,SENT,035171e1-af23-4a71-8f83-545fc307e296,205a3908-34a8-4c9f-97b8-4b66521caa5a,c2,c3,1269,?,x12,
1769497405.1791127,FORWARDED,035171e1-af23-4a71-8f83-545fc307e296,205a3908-34a8-4c9f-97b8-4b66521caa5a,c2,c3,1269,?,x12,
1769497407.3640873,RECEIVED,e18ca9ee-9236-4f2c-a71f-b81c3f57cbed,e6242ac5-987f-41fc-97b4-6a975dfc306a,c3,None,1604,e10,?,
1769497407.5687087,RECEIVED,d1883bde-2497-4a87-8c63-a1af7fe6a019,f011680d-271d-47f0-b3be-dbc2c0d4100a,c1,c3,1768,e1,?,
1769497407.6252298,RECEIVED,60be5d81-2c81-4349-ba3f-e16a7d4753b5,ff53fe89-c26f-4420-9973-f68b69f8d7f6,c3,c5,1777,e3,?,
1769497407.67799,RECEIVED,93d1a7d1-5755-4f41-9c86-a6d365c61977,9d67d942-ccd1-4260-ae1e-74b62b8660a7,c3,None,1605,e5,?,
1769497407.772502,SENT,e18ca9ee-9236-4f2c-a71f-b81c3f57cbed,e6242ac5-987f-41fc-97b4-6a975dfc306a,c3,None,1131,?,x7,
1769497407.7725468,FORWARDED,e18ca9ee-9236-4f2c-a71f-b81c3f57cbed,e6242ac5-987f-41fc-97b4-6a975dfc306a,c3,None,1131,?,x7,
1769497407.8002477,SENT,d1883bde-2497-4a87-8c63-a1af7fe6a019,f011680d-271d-47f0-b3be-dbc2c0d4100a,c1,c3,1252,?,x7,
1769497407.800289,FORWARDED,d1883bde-2497-4a87-8c63-a1af7fe6a019,f011680d-271d-47f0-b3be-dbc2c0d4100a,c1,c3,1252,?,x7,
1769497407.80927,SENT,60be5d81-2c81-4349-ba3f-e16a7d4753b5,ff53fe89-c26f-4420-9973-f68b69f8d7f6,c3,c5,1260,?,x10,
1769497407.809356,FORWARDED,60be5d81-2c81-4349-ba3f-e16a7d4753b5,ff53fe89-c26f-4420-9973-f68b69f8d7f6,c3,c5,1260,?,x10,
1769497407.8115869,RECEIVED,611b12e8-205d-47bd-9fe6-159ec64e3dd6,3b7fc49f-15e9-4c3b-9910-035f14880dee,c5,None,1596,e10,?,
1769497408.0446572,SENT,611b12e8-205d-47bd-9fe6-159ec64e3dd6,3b7fc49f-15e9-4c3b-9910-035f14880dee,c5,None,1123,?,x7,
1769497408.0447094,FORWARDED,611b12e8-205d-47bd-9fe6-159ec64e3dd6,3b7fc49f-15e9-4c3b-9910-035f14880dee,c5,None,1123,?,x7,
1769497408.0791237,SENT,93d1a7d1-5755-4f41-9c86-a6d365c61977,9d67d942-ccd1-4260-ae1e-74b62b8660a7,c3,None,1131,?,x12,
1769497408.0791705,FORWARDED,93d1a7d1-5755-4f41-9c86-a6d365c61977,9d67d942-ccd1-4260-ae1e-74b62b8660a7,c3,None,1131,?,x12,
1769497408.2262993,RECEIVED,77c96c89-6010-448c-afbe-0e463122bd2e,c36d7bcb-8594-4488-8e28-227673cebbfe,c3,c5,1763,e8,?,
1769497408.369169,RECEIVED,0d901e8d-98a7-451e-80f5-fe02b3989661,cc93ed28-4d73-4e4e-bcbc-036ffd57c866,c3,c5,1775,e6,?,
1769497408.4225101,RECEIVED,9e09a058-11c6-450b-8e29-d4aca4126da5,9354276f-58fb-4a25-8998-f60b74f4e56a,c1,c3,1763,e8,?,
1769497408.5168996,RECEIVED,235c4e57-befe-49c2-8894-4e576325c348,b815f7de-1d55-4f57-922a-773f0ceb80d7,c3,None,1608,e7,?,
1769497408.64763,SENT,0d901e8d-98a7-451e-80f5-fe02b3989661,cc93ed28-4d73-4e4e-bcbc-036ffd57c866,c3,c5,1260,?,x1,
1769497408.6476705,FORWARDED,0d901e8d-98a7-451e-80f5-fe02b3989661,cc93ed28-4d73-4e4e-bcbc-036ffd57c866,c3,c5,1260,?,x1,
1769497408.6530116,SENT,235c4e57-befe-49c2-8894-4e576325c348,b815f7de-1d55-4f57-922a-773f0ceb80d7,c3,None,1132,?,x2,
1769497408.6530647,FORWARDED,235c4e57-befe-49c2-8894-4e576325c348,b815f7de-1d55-4f57-922a-773f0ceb80d7,c3,None,1132,?,x2,
1769497408.8850434,SENT,9e09a058-11c6-450b-8e29-d4aca4126da5,9354276f-58fb-4a25-8998-f60b74f4e56a,c1,c3,1251,?,x1,
1769497408.8850992,FORWARDED,9e09a058-11c6-450b-8e29-d4aca4126da5,9354276f-58fb-4a25-8998-f60b74f4e56a,c1,c3,1251,?,x1,
1769497408.910639,SENT,77c96c89-6010-448c-afbe-0e463122bd2e,c36d7bcb-8594-4488-8e28-227673cebbfe,c3,c5,1250,?,x9,
1769497408.9106777,FORWARDED,77c96c89-6010-448c-afbe-0e463122bd2e,c36d7bcb-8594-4488-8e28-227673cebbfe,c3,c5,1250,?,x9,
1769497409.0109828,RECEIVED,e17727b8-5773-4668-95a5-a68d0da8249e,1bdf68e7-7229-4ccd-8c9b-f6b53d88db52,c3,None,1609,e1,?,
1769497409.412501,SENT,e17727b8-5773-4668-95a5-a68d0da8249e,1bdf68e7-7229-4ccd-8c9b-f6b53d88db52,c3,None,1132,?,x12,
1769497409.413161,FORWARDED,e17727b8-5773-4668-95a5-a68d0da8249e,1bdf68e7-7229-4ccd-8c9b-f6b53d88db52,c3,None,1132,?,x12,
1769497409.6136084,RECEIVED,a33ba0b6-3f57-4867-bb0a-3f7aba2b1615,856f7f1a-7360-4993-bac8-49fcab176349,c4,c3,1780,e6,?,
1769497409.655311,SENT,a33ba0b6-3f57-4867-bb0a-3f7aba2b1615,856f7f1a-7360-4993-bac8-49fcab176349,c4,c3,1263,?,x9,
1769497409.6553626,FORWARDED,a33ba0b6-3f57-4867-bb0a-3f7aba2b1615,856f7f1a-7360-4993-bac8-49fcab176349,c4,c3,1263,?,x9,
1769497409.725657,RECEIVED,2a48ca2c-305f-44c1-92a6-ec90d606181d,70294bcc-d37d-4fab-880d-49a789a4190c,c3,None,1609,e1,?,
1769497409.8707068,SENT,2a48ca2c-305f-44c1-92a6-ec90d606181d,70294bcc-d37d-4fab-880d-49a789a4190c,c3,None,1132,?,x11,
1769497409.8707473,FORWARDED,2a48ca2c-305f-44c1-92a6-ec90d606181d,70294bcc-d37d-4fab-880d-49a789a4190c,c3,None,1132,?,x11,
1769497410.1919546,RECEIVED,a6e0014b-e660-4516-b676-52e33ee8261a,21a5b906-3581-4183-8350-ad07bc409687,c3,c5,1782,e8,?,
1769497410.2488546,SENT,a6e0014b-e660-4516-b676-52e33ee8261a,21a5b906-3581-4183-8350-ad07bc409687,c3,c5,1263,?,x11,
1769497410.248893,FORWARDED,a6e0014b-e660-4516-b676-52e33ee8261a,21a5b906-3581-4183-8350-ad07bc409687,c3,c5,1263,?,x11,
1769497410.9277368,RECEIVED,b38190e9-b428-4090-8d4e-a5ec00da2987,56722d77-c509-4d23-b2c5-daa0d97aec34,c1,c3,1775,e11,?,
1769497411.382792,SENT,b38190e9-b428-4090-8d4e-a5ec00da2987,56722d77-c509-4d23-b2c5-daa0d97aec34,c1,c3,1260,?,x4,
1769497411.382833,FORWARDED,b38190e9-b428-4090-8d4e-a5ec00da2987,56722d77-c509-4d23-b2c5-daa0d97aec34,c1,c3,1260,?,x4,
1769497411.710316,RECEIVED,ff6b3b05-26cb-4030-bab0-e0f456142256,cdc1f40e-7832-48b5-92fa-5b8880f1bef5,c2,None,1604,e10,?,
1769497411.7164128,RECEIVED,dfb5e704-4fa2-42aa-8123-3fb5fd14dd43,b1bd3bb2-cd6e-4fa0-99d0-b98741003f8e,c2,None,1608,e1,?,
1769497411.8144677,SENT,ff6b3b05-26cb-4030-bab0-e0f456142256,cdc1f40e-7832-48b5-92fa-5b8880f1bef5,c2,None,1131,?,x5,
1769497411.814515,FORWARDED,ff6b3b05-26cb-4030-bab0-e0f456142256,cdc1f40e-7832-48b5-92fa-5b8880f1bef5,c2,None,1131,?,x5,
1769497411.8468196,SENT,dfb5e704-4fa2-42aa-8123-3fb5fd14dd43,b1bd3bb2-cd6e-4fa0-99d0-b98741003f8e,c2,None,1132,?,x7,
1769497411.8468666,FORWARDED,dfb5e704-4fa2-42aa-8123-3fb5fd14dd43,b1bd3bb2-cd6e-4fa0-99d0-b98741003f8e,c2,None,1132,?,x7,
1769497412.1144292,RECEIVED,b6996c37-cba2-4a77-bfba-79cdf71472e6,200ca8a1-2381-4171-a049-6cedee8e45f4,c2,None,1607,e8,?,
1769497413.2142177,SENT,b6996c37-cba2-4a77-bfba-79cdf71472e6,200ca8a1-2381-4171-a049-6cedee8e45f4,c2,None,1132,?,x5,
1769497413.2142599,FORWARDED,b6996c37-cba2-4a77-bfba-79cdf71472e6,200ca8a1-2381-4171-a049-6cedee8e45f4,c2,None,1132,?,x5,
1769497413.532166,RECEIVED,861beb7b-41bb-4ac3-a537-540bb68e8794,65207e7a-9b03-41ef-92e6-0fbccfee4450,c5,None,1600,e1,?,
1769497413.715321,SENT,861beb7b-41bb-4ac3-a537-540bb68e8794,65207e7a-9b03-41ef-92e6-0fbccfee4450,c5,None,1127,?,x5,
1769497413.7153833,FORWARDED,861beb7b-41bb-4ac3-a537-540bb68e8794,65207e7a-9b03-41ef-92e6-0fbccfee4450,c5,None,1127,?,x5,
1769497413.784604,RECEIVED,9ed0116d-6491-463a-a48f-e07b45a4e8be,f22f854e-b918-4077-8a07-e110dd2fe64a,c5,None,1599,e12,?,
1769497413.895127,RECEIVED,7f3d4866-8b57-4fbd-948b-634ab8cfb76b,95bf318b-bbed-4688-ad7d-9ab2ccdedc64,c4,c3,1780,e11,?,
1769497413.938763,RECEIVED,20ab17c6-b275-42f7-a77d-1ec92c85f793,347ee8ce-fa36-40a5-ba3d-e94cffccb7a1,c5,c2,1771,e1,?,
1769497413.9980414,RECEIVED,b0c40857-b521-4579-bcf1-17635a2f42d1,77274048-d8ca-4063-b5c2-21dd385d4438,c1,c3,1767,e5,?,
1769497414.1273336,SENT,b0c40857-b521-4579-bcf1-17635a2f42d1,77274048-d8ca-4063-b5c2-21dd385d4438,c1,c3,1253,?,x4,
1769497414.127382,FORWARDED,b0c40857-b521-4579-bcf1-17635a2f42d1,77274048-d8ca-4063-b5c2-21dd385d4438,c1,c3,1253,?,x4,
1769497414.1907885,SENT,7f3d4866-8b57-4fbd-948b-634ab8cfb76b,95bf318b-bbed-4688-ad7d-9ab2ccdedc64,c4,c3,1263,?,x11,
1769497414.1908393,FORWARDED,7f3d4866-8b57-4fbd-948b-634ab8cfb76b,95bf318b-bbed-4688-ad7d-9ab2ccdedc64,c4,c3,1263,?,x11,
1769497414.2334743,RECEIVED,d4c73ca1-603a-4b43-bf52-8e8b09477cd6,810509c5-815e-491e-9284-cc4b037b9945,c4,c3,1775,e3,?,
1769497414.535792,SENT,9ed0116d-6491-463a-a48f-e07b45a4e8be,f22f854e-b918-4077-8a07-e110dd2fe64a,c5,None,1128,?,x5,
1769497414.5358455,FORWARDED,9ed0116d-6491-463a-a48f-e07b45a4e8be,f22f854e-b918-4077-8a07-e110dd2fe64a,c5,None,1128,?,x5,
1769497415.6242812,FORWARDED,20ab17c6-b275-42f7-a77d-1ec92c85f793,347ee8ce-fa36-40a5-ba3d-e94cffccb7a1,c5,c2,1256,?,x6,
1769497415.9017973,RECEIVED,44e840ff-f212-4a7e-a66d-e94495a79eb7,7e0ff4fd-fe76-43be-9da4-41cb34b5053b,c5,c2,1771,e1,?,
1769497415.9135137,SENT,d4c73ca1-603a-4b43-bf52-8e8b09477cd6,810509c5-815e-491e-9284-cc4b037b9945,c4,c3,1260,?,x3,
1769497415.9135654,FORWARDED,d4c73ca1-603a-4b43-bf52-8e8b09477cd6,810509c5-815e-491e-9284-cc4b037b9945,c4,c3,1260,?,x3,
1769497416.5806212,SENT,44e840ff-f212-4a7e-a66d-e94495a79eb7,7e0ff4fd-fe76-43be-9da4-41cb34b5053b,c5,c2,1256,?,x1,
1769497416.5806756,FORWARDED,44e840ff-f212-4a7e-a66d-e94495a79eb7,7e0ff4fd-fe76-43be-9da4-41cb34b5053b,c5,c2,1256,?,x1,
1769497416.6121836,RECEIVED,2740d000-3047-4027-8acc-2cbb21638b14,850b75fd-18bd-4377-a959-8a14011c5ec5,c4,c3,1780,e5,?,
1769497416.9095194,RECEIVED,b93a451d-bdb0-4ee6-9aeb-b59c679c0893,485fa0ec-7131-48aa-a806-d3d3637c8f7b,c2,c3,1771,e10,?,
1769497417.1174781,RECEIVED,a66ed5e3-f642-4111-b8ac-a6d57670d7fe,0173af8b-cf9c-41e3-9208-1b5ad43be179,c5,c2,1768,e9,?,
1769497417.2258766,SENT,2740d000-3047-4027-8acc-2cbb21638b14,850b75fd-18bd-4377-a959-8a14011c5ec5,c4,c3,1263,?,x12,
1769497417.2259367,FORWARDED,2740d000-3047-4027-8acc-2cbb21638b14,850b75fd-18bd-4377-a959-8a14011c5ec5,c4,c3,1263,?,x12,
1769497417.4737773,RECEIVED,ee6bbbaa-e787-4bec-b7af-4ed79093bd72,a853485e-e8cf-4ae8-8793-2b70663929cd,c2,c3,1787,e12,?,
1769497417.5854378,SENT,a66ed5e3-f642-4111-b8ac-a6d57670d7fe,0173af8b-cf9c-41e3-9208-1b5ad43be179,c5,c2,1252,?,x3,
1769497417.5854986,FORWARDED,a66ed5e3-f642-4111-b8ac-a6d57670d7fe,0173af8b-cf9c-41e3-9208-1b5ad43be179,c5,c2,1252,?,x3,
1769497417.5931997,SENT,b93a451d-bdb0-4ee6-9aeb-b59c679c0893,485fa0ec-7131-48aa-a806-d3d3637c8f7b,c2,c3,1256,?,x7,
1769497417.5932627,FORWARDED,b93a451d-bdb0-4ee6-9aeb-b59c679c0893,485fa0ec-7131-48aa-a806-d3d3637c8f7b,c2,c3,1256,?,x7,
1769497417.6998668,RECEIVED,893d0d3d-5e64-413c-a73c-8cd792afa6d2,ae9bba0c-368f-4976-8b8b-e243a91430f5,c3,None,1596,e1,?,
1769497417.79561,SENT,893d0d3d-5e64-413c-a73c-8cd792afa6d2,ae9bba0c-368f-4976-8b8b-e243a91430f5,c3,None,1123,?,x4,
1769497417.7956812,FORWARDED,893d0d3d-5e64-413c-a73c-8cd792afa6d2,ae9bba0c-368f-4976-8b8b-e243a91430f5,c3,None,1123,?,x4,
1769497418.1062043,RECEIVED,ef842c20-ccfd-4abf-8358-4502a0cf38d2,fe1c540f-e8c6-4055-80da-7f2a9be3ae60,c3,c5,1776,e1,?,
1769497418.5151799,SENT,ef842c20-ccfd-4abf-8358-4502a0cf38d2,fe1c540f-e8c6-4055-80da-7f2a9be3ae60,c3,c5,1259,?,x11,
1769497418.5152223,FORWARDED,ef842c20-ccfd-4abf-8358-4502a0cf38d2,fe1c540f-e8c6-4055-80da-7f2a9be3ae60,c3,c5,1259,?,x11,
1769497418.96208,RECEIVED,e429c509-3c09-4c7c-9768-be8eec9ca635,ef14fb56-342f-461e-9d64-789e34513a00,c1,c3,1768,e9,?,
1769497418.9668593,RECEIVED,f98c6cbe-9eb7-44be-95eb-e04ca952fb6a,a5b3fd3c-4299-43e3-aa57-1ae450870c3b,c5,None,1596,e12,?,
1769497419.0177352,FORWARDED,e429c509-3c09-4c7c-9768-be8eec9ca635,ef14fb56-342f-461e-9d64-789e34513a00,c1,c3,1252,?,x6,
1769497419.1335258,SENT,f98c6cbe-9eb7-44be-95eb-e04ca952fb6a,a5b3fd3c-4299-43e3-aa57-1ae450870c3b,c5,None,1123,?,x5,
1769497419.1336458,FORWARDED,f98c6cbe-9eb7-44be-95eb-e04ca952fb6a,a5b3fd3c-4299-43e3-aa57-1ae450870c3b,c5,None,1123,?,x5,
1769497419.4995067,SENT,ee6bbbaa-e787-4bec-b7af-4ed79093bd72,a853485e-e8cf-4ae8-8793-2b70663929cd,c2,c3,1268,?,x12,
1769497419.4995475,FORWARDED,ee6bbbaa-e787-4bec-b7af-4ed79093bd72,a853485e-e8cf-4ae8-8793-2b70663929cd,c2,c3,1268,?,x12,
1769497419.7971914,RECEIVED,621eb9c7-38f8-4c70-87f3-b7e66b03f1ff,39192df9-f8c1-4b56-abb5-653d87e4e28d,c2,None,1608,e6,?,
1769497419.8619163,FORWARDED,621eb9c7-38f8-4c70-87f3-b7e66b03f1ff,39192df9-f8c1-4b56-abb5-653d87e4e28d,c2,None,1133,?,x6,
1769497419.996718,RECEIVED,d485b5b6-0e81-4ba4-955e-176f28b82afe,716f1f91-647f-4215-a36f-ae59e6052749,c3,None,1597,e10,?,
1769497420.0321314,SENT,d485b5b6-0e81-4ba4-955e-176f28b82afe,716f1f91-647f-4215-a36f-ae59e6052749,c3,None,1124,?,x9,
1769497420.0321746,FORWARDED,d485b5b6-0e81-4ba4-955e-176f28b82afe,716f1f91-647f-4215-a36f-ae59e6052749,c3,None,1124,?,x9,
1769497420.4415665,RECEIVED,0d690070-7334-4b6a-9c85-9743131d3657,0e568665-2e4f-4635-af6f-531713915a2f,c2,None,1611,e8,?,
1769497420.6112735,SENT,0d690070-7334-4b6a-9c85-9743131d3657,0e568665-2e4f-4635-af6f-531713915a2f,c2,None,1137,?,x10,
1769497420.6113167,FORWARDED,0d690070-7334-4b6a-9c85-9743131d3657,0e568665-2e4f-4635-af6f-531713915a2f,c2,None,1137,?,x10,
1769497421.1998188,RECEIVED,6de66436-7ad5-47b1-a15f-2f4c0a9eced0,3dca683a-01e4-40b2-90f2-370ae4e72430,c3,None,1595,e2,?,
1769497422.0123088,RECEIVED,777010b1-090b-4fbd-bdab-5689d9ca6789,abef1330-70bf-40a7-9cf4-949684f47e20,c3,c5,1771,e3,?,
1769497422.0830975,RECEIVED,9cc8ed7a-8d29-4c28-88d1-11d895e886cc,35a577d8-f9c6-46d5-8f5b-7f61c0ba648b,c4,c3,1780,e2,?,
1769497422.0863378,RECEIVED,09186e6d-13a9-4c9e-a9da-f5c8b85413f0,9fd6ffe8-0982-49ac-84fb-47b04ea7c9a5,c3,c5,1779,e10,?,
1769497422.2573512,RECEIVED,5786ff00-f44f-4f67-95ed-6934e1f31111,77c3cf6d-a74e-44b9-b12c-013caf67cc1c,c2,c3,1772,e5,?,
1769497422.2606976,SENT,09186e6d-13a9-4c9e-a9da-f5c8b85413f0,9fd6ffe8-0982-49ac-84fb-47b04ea7c9a5,c3,c5,1263,?,x2,
1769497422.2607381,FORWARDED,09186e6d-13a9-4c9e-a9da-f5c8b85413f0,9fd6ffe8-0982-49ac-84fb-47b04ea7c9a5,c3,c5,1263,?,x2,
1769497422.4320223,SENT,9cc8ed7a-8d29-4c28-88d1-11d895e886cc,35a577d8-f9c6-46d5-8f5b-7f61c0ba648b,c4,c3,1263,?,x11,
1769497422.4320934,FORWARDED,9cc8ed7a-8d29-4c28-88d1-11d895e886cc,35a577d8-f9c6-46d5-8f5b-7f61c0ba648b,c4,c3,1263,?,x11,
1769497422.446965,SENT,6de66436-7ad5-47b1-a15f-2f4c0a9eced0,3dca683a-01e4-40b2-90f2-370ae4e72430,c3,None,1124,?,x11,
1769497422.4470584,FORWARDED,6de66436-7ad5-47b1-a15f-2f4c0a9eced0,3dca683a-01e4-40b2-90f2-370ae4e72430,c3,None,1124,?,x11,
1769497422.5168056,SENT,5786ff00-f44f-4f67-95ed-6934e1f31111,77c3cf6d-a74e-44b9-b12c-013caf67cc1c,c2,c3,1256,?,x5,
1769497422.5168872,FORWARDED,5786ff00-f44f-4f67-95ed-6934e1f31111,77c3cf6d-a74e-44b9-b12c-013caf67cc1c,c2,c3,1256,?,x5,
1769497422.7444403,SENT,777010b1-090b-4fbd-bdab-5689d9ca6789,abef1330-70bf-40a7-9cf4-949684f47e20,c3,c5,1255,?,x4,
1769497422.744497,FORWARDED,777010b1-090b-4fbd-bdab-5689d9ca6789,abef1330-70bf-40a7-9cf4-949684f47e20,c3,c5,1255,?,x4,
1769497422.870481,RECEIVED,845812f5-0c4b-41e0-ae63-a04b6af1c5df,b58a11a6-8c7d-4ac2-bd75-e9f905b939cd,c2,None,1604,e8,?,
1769497422.9088812,RECEIVED,306f3924-9dce-4033-8f5e-c4482ed3bd28,a5b82ee0-57ac-442d-abb1-e501f1dd71cb,c3,None,1606,e1,?,
1769497422.9682884,RECEIVED,4ed1b1d0-31b4-461f-a48a-c3287a128798,4e410eec-ed43-4fc1-afc4-2b7937ee5984,c3,c5,1784,e7,?,
1769497422.9948454,FORWARDED,845812f5-0c4b-41e0-ae63-a04b6af1c5df,b58a11a6-8c7d-4ac2-bd75-e9f905b939cd,c2,None,1131,?,x6,
1769497423.09616,RECEIVED,6617deb7-c5ef-4369-a4e8-66e4aad0bfc0,4bbe8d03-ed0a-4129-a780-87a13db8b4f7,c1,c3,1784,e10,?,
1769497423.1962698,RECEIVED,cb05f633-5fda-426d-bda9-9d8c0a4058fe,8b74aa56-2c5e-48bc-8e01-d53fddfd3a62,c3,None,1608,e9,?,
1769497423.1985404,SENT,6617deb7-c5ef-4369-a4e8-66e4aad0bfc0,4bbe8d03-ed0a-4129-a780-87a13db8b4f7,c1,c3,1264,?,x3,
1769497423.1985927,FORWARDED,6617deb7-c5ef-4369-a4e8-66e4aad0bfc0,4bbe8d03-ed0a-4129-a780-87a13db8b4f7,c1,c3,1264,?,x3,
1769497423.3146002,RECEIVED,0e5a8926-364a-4ea4-bfc1-903d3697a9cf,15d32dc7-aa8b-4c55-bb4d-a19e014de70d,c1,c3,1776,e11,?,
1769497423.3165853,SENT,4ed1b1d0-31b4-461f-a48a-c3287a128798,4e410eec-ed43-4fc1-afc4-2b7937ee5984,c3,c5,1264,?,x11,
1769497423.316636,FORWARDED,4ed1b1d0-31b4-461f-a48a-c3287a128798,4e410eec-ed43-4fc1-afc4-2b7937ee5984,c3,c5,1264,?,x11,
1769497423.3668623,SENT,0e5a8926-364a-4ea4-bfc1-903d3697a9cf,15d32dc7-aa8b-4c55-bb4d-a19e014de70d,c1,c3,1259,?,x9,
1769497423.366911,FORWARDED,0e5a8926-364a-4ea4-bfc1-903d3697a9cf,15d32dc7-aa8b-4c55-bb4d-a19e014de70d,c1,c3,1259,?,x9,
1769497423.469654,RECEIVED,60135e1d-2826-40f5-bad3-5ca5dc925fa6,b480fe40-5c9a-4ab8-b139-7ccffdb378ff,c3,None,1599,e11,?,
1769497423.6658194,SENT,cb05f633-5fda-426d-bda9-9d8c0a4058fe,8b74aa56-2c5e-48bc-8e01-d53fddfd3a62,c3,None,1132,?,x11,
1769497423.665872,FORWARDED,cb05f633-5fda-426d-bda9-9d8c0a4058fe,8b74aa56-2c5e-48bc-8e01-d53fddfd3a62,c3,None,1132,?,x11,
1769497423.9531548,SENT,60135e1d-2826-40f5-bad3-5ca5dc925fa6,b480fe40-5c9a-4ab8-b139-7ccffdb378ff,c3,None,1127,?,x1,
1769497423.9532058,FORWARDED,60135e1d-2826-40f5-bad3-5ca5dc925fa6,b480fe40-5c9a-4ab8-b139-7ccffdb378ff,c3,None,1127,?,x1,
1769497424.646281,RECEIVED,e2abb066-7ba6-4408-b04d-5bdc9ba5d223,9ff0d7cc-7082-4429-8580-4ea43d47bdbf,c3,None,1603,e2,?,
1769497424.9401486,SENT,e2abb066-7ba6-4408-b04d-5bdc9ba5d223,9ff0d7cc-7082-4429-8580-4ea43d47bdbf,c3,None,1131,?,x8,
1769497424.9402034,FORWARDED,e2abb066-7ba6-4408-b04d-5bdc9ba5d223,9ff0d7cc-7082-4429-8580-4ea43d47bdbf,c3,None,1131,?,x8,
1769497424.9793074,RECEIVED,6b3de93f-a15d-419e-a37e-078b0aa6e489,46f504b3-78d5-416f-a42f-38ef45ae2fec,c4,c3,1784,e10,?,
1769497425.2777781,RECEIVED,e00f178b-00f9-44da-94e1-20974a0968be,d10daf50-6e9a-4efd-a172-aacdb84c9d10,c3,None,1604,e8,?,
1769497425.3007283,SENT,306f3924-9dce-4033-8f5e-c4482ed3bd28,a5b82ee0-57ac-442d-abb1-e501f1dd71cb,c3,None,1132,?,x2,
1769497425.3007834,FORWARDED,306f3924-9dce-4033-8f5e-c4482ed3bd28,a5b82ee0-57ac-442d-abb1-e501f1dd71cb,c3,None,1132,?,x2,
1769497425.4163043,SENT,6b3de93f-a15d-419e-a37e-078b0aa6e489,46f504b3-78d5-416f-a42f-38ef45ae2fec,c4,c3,1264,?,x10,
1769497425.4163573,FORWARDED,6b3de93f-a15d-419e-a37e-078b0aa6e489,46f504b3-78d5-416f-a42f-38ef45ae2fec,c4,c3,1264,?,x10,
1769497426.37674,SENT,e00f178b-00f9-44da-94e1-20974a0968be,d10daf50-6e9a-4efd-a172-aacdb84c9d10,c3,None,1131,?,x10,
1769497426.3767838,FORWARDED,e00f178b-00f9-44da-94e1-20974a0968be,d10daf50-6e9a-4efd-a172-aacdb84c9d10,c3,None,1131,?,x10,
1769497428.4372282,RECEIVED,1a97c715-7b58-46c8-b81e-65f8a05bd5aa,7fcda6ad-351c-4248-9758-969a7e0d8177,c3,None,1600,e8,?,
1769497428.4914126,SENT,1a97c715-7b58-46c8-b81e-65f8a05bd5aa,7fcda6ad-351c-4248-9758-969a7e0d8177,c3,None,1128,?,x5,
1769497428.4914572,FORWARDED,1a97c715-7b58-46c8-b81e-65f8a05bd5aa,7fcda6ad-351c-4248-9758-969a7e0d8177,c3,None,1128,?,x5,
1769497428.9439747,RECEIVED,15cd0d9b-958b-4ab5-b9a4-f0ea7b6e4f4f,ddc3e056-1a4a-46e0-a705-e95b9699be73,c3,None,1596,e7,?,
1769497429.0556848,RECEIVED,611ff4b2-ec90-40bc-9763-8637b37ff7d6,b02b7775-9a0e-47e0-8b14-a9c3d6dae1ea,c2,c3,1783,e10,?,
1769497429.1457264,SENT,15cd0d9b-958b-4ab5-b9a4-f0ea7b6e4f4f,ddc3e056-1a4a-46e0-a705-e95b9699be73,c3,None,1123,?,x7,
1769497429.1457682,FORWARDED,15cd0d9b-958b-4ab5-b9a4-f0ea7b6e4f4f,ddc3e056-1a4a-46e0-a705-e95b9699be73,c3,None,1123,?,x7,
1769497429.3340058,RECEIVED,345d319e-2238-4be4-9b3e-408ccdaddeab,942ff3df-07cc-400d-a320-7ecc8369286d,c3,c5,1776,e12,?,
1769497429.7793965,SENT,345d319e-2238-4be4-9b3e-408ccdaddeab,942ff3df-07cc-400d-a320-7ecc8369286d,c3,c5,1260,?,x5,
1769497429.7795322,FORWARDED,345d319e-2238-4be4-9b3e-408ccdaddeab,942ff3df-07cc-400d-a320-7ecc8369286d,c3,c5,1260,?,x5,
1769497430.2156398,SENT,611ff4b2-ec90-40bc-9763-8637b37ff7d6,b02b7775-9a0e-47e0-8b14-a9c3d6dae1ea,c2,c3,1264,?,x2,
1769497430.2157047,FORWARDED,611ff4b2-ec90-40bc-9763-8637b37ff7d6,b02b7775-9a0e-47e0-8b14-a9c3d6dae1ea,c2,c3,1264,?,x2,
1769497430.4623349,RECEIVED,9879709d-582d-4e2b-a3d1-934c611f57d1,033ab67c-4f33-4139-ae41-fac192cf156f,c3,None,1609,e3,?,
1769497430.7972393,SENT,9879709d-582d-4e2b-a3d1-934c611f57d1,033ab67c-4f33-4139-ae41-fac192cf156f,c3,None,1132,?,x11,
1769497430.7972953,FORWARDED,9879709d-582d-4e2b-a3d1-934c611f57d1,033ab67c-4f33-4139-ae41-fac192cf156f,c3,None,1132,?,x11,
1769497430.8529623,RECEIVED,8e211c7a-c427-4bce-94d0-89a585d0e975,787d757e-452f-427d-baed-6f32cdb60022,c5,c2,1763,e5,?,
1769497432.3235333,RECEIVED,b11f52e9-0e5b-4e05-9fa4-995a39c3f924,f721f629-9d1e-4c4a-bfb3-a0d4156e7aba,c2,None,1595,e12,?,
1769497432.6550877,RECEIVED,fbcc93bb-1741-4d38-808a-29179a95e963,80a2eb65-1779-48b2-989a-6b2450fcf789,c5,None,1592,e1,?,
1769497432.867017,SENT,8e211c7a-c427-4bce-94d0-89a585d0e975,787d757e-452f-427d-baed-6f32cdb60022,c5,c2,1250,?,x8,
1769497432.8670692,FORWARDED,8e211c7a-c427-4bce-94d0-89a585d0e975,787d757e-452f-427d-baed-6f32cdb60022,c5,c2,1250,?,x8,
1769497432.9400063,SENT,b11f52e9-0e5b-4e05-9fa4-995a39c3f924,f721f629-9d1e-4c4a-bfb3-a0d4156e7aba,c2,None,1123,?,x5,
1769497432.9400568,FORWARDED,b11f52e9-0e5b-4e05-9fa4-995a39c3f924,f721f629-9d1e-4c4a-bfb3-a0d4156e7aba,c2,None,1123,?,x5,
1769497432.9520545,SENT,fbcc93bb-1741-4d38-808a-29179a95e963,80a2eb65-1779-48b2-989a-6b2450fcf789,c5,None,1122,?,x10,
1769497432.9521017,FORWARDED,fbcc93bb-1741-4d38-808a-29179a95e963,80a2eb65-1779-48b2-989a-6b2450fcf789,c5,None,1122,?,x10,
1769497433.0962188,RECEIVED,2e01a9ec-26fd-4be5-806e-7da279f9f0bb,9e712c04-fb8d-4e28-9814-865dc8c8f02f,c1,c3,1777,e3,?,
1769497433.3757098,SENT,2e01a9ec-26fd-4be5-806e-7da279f9f0bb,9e712c04-fb8d-4e28-9814-865dc8c8f02f,c1,c3,1260,?,x12,
1769497433.3759592,FORWARDED,2e01a9ec-26fd-4be5-806e-7da279f9f0bb,9e712c04-fb8d-4e28-9814-865dc8c8f02f,c1,c3,1260,?,x12,
1769497433.455306,RECEIVED,41562e6c-52f4-4b7f-a819-33039f31e893,5422bad2-cf50-45a0-a33a-1aca87c4e599,c5,c2,1780,e12,?,
1769497433.9114046,RECEIVED,5bb369c1-a60b-4c9d-a84b-26c6296f957e,46c69952-d374-4bc0-b993-90ac4171aec8,c3,None,1603,e7,?,
1769497434.0043876,SENT,41562e6c-52f4-4b7f-a819-33039f31e893,5422bad2-cf50-45a0-a33a-1aca87c4e599,c5,c2,1263,?,x11,
1769497434.0044503,FORWARDED,41562e6c-52f4-4b7f-a819-33039f31e893,5422bad2-cf50-45a0-a33a-1aca87c4e599,c5,c2,1263,?,x11,
1769497434.0754104,RECEIVED,59eef754-bfde-43cb-a14c-196eb98f2c93,c0c100ec-2297-4f08-80c6-2d6d6f408a67,c3,None,1598,e3,?,
1769497434.232386,SENT,5bb369c1-a60b-4c9d-a84b-26c6296f957e,46c69952-d374-4bc0-b993-90ac4171aec8,c3,None,1129,?,x8,
1769497434.2324502,FORWARDED,5bb369c1-a60b-4c9d-a84b-26c6296f957e,46c69952-d374-4bc0-b993-90ac4171aec8,c3,None,1129,?,x8,
1769497434.5260205,RECEIVED,687a2697-c668-4218-ad86-53e5af3957d8,3b974616-115f-484d-a1f3-b4471ce68cf2,c3,None,1608,e1,?,
1769497435.0985367,SENT,687a2697-c668-4218-ad86-53e5af3957d8,3b974616-115f-484d-a1f3-b4471ce68cf2,c3,None,1132,?,x12,
1769497435.098585,FORWARDED,687a2697-c668-4218-ad86-53e5af3957d8,3b974616-115f-484d-a1f3-b4471ce68cf2,c3,None,1132,?,x12,
1769497435.1040142,SENT,59eef754-bfde-43cb-a14c-196eb98f2c93,c0c100ec-2297-4f08-80c6-2d6d6f408a67,c3,None,1128,?,x8,
1769497435.1040897,FORWARDED,59eef754-bfde-43cb-a14c-196eb98f2c93,c0c100ec-2297-4f08-80c6-2d6d6f408a67,c3,None,1128,?,x8,
1769497435.4956772,RECEIVED,df3242b1-333f-4bef-ad65-2c9c7123312c,b66a30f8-9919-40c6-aaf6-a8ae90d0e69e,c5,c2,1762,e9,?,
1769497435.6076157,RECEIVED,c06fea69-956f-4cd0-b1e9-45e37681628e,fb97c86b-9a78-4520-a931-e4a71f13d1e5,c3,None,1610,e2,?,
1769497435.7013395,SENT,c06fea69-956f-4cd0-b1e9-45e37681628e,fb97c86b-9a78-4520-a931-e4a71f13d1e5,c3,None,1132,?,x10,
1769497435.7014585,FORWARDED,c06fea69-956f-4cd0-b1e9-45e37681628e,fb97c86b-9a78-4520-a931-e4a71f13d1e5,c3,None,1132,?,x10,
1769497435.8737576,RECEIVED,ff5e740f-72e8-469a-9598-d4a5f06f309e,402b0fd0-a094-417f-bc64-70835598d026,c3,None,1601,e3,?,
1769497436.0212817,RECEIVED,e13600b4-7f32-4e4b-a925-33274734f6d8,7cce382d-729d-4677-beac-74eb941e6814,c3,None,1607,e6,?,
1769497436.1011066,SENT,ff5e740f-72e8-469a-9598-d4a5f06f309e,402b0fd0-a094-417f-bc64-70835598d026,c3,None,1127,?,x10,
1769497436.1011515,FORWARDED,ff5e740f-72e8-469a-9598-d4a5f06f309e,402b0fd0-a094-417f-bc64-70835598d026,c3,None,1127,?,x10,
1769497436.7427678,SENT,e13600b4-7f32-4e4b-a925-33274734f6d8,7cce382d-729d-4677-beac-74eb941e6814,c3,None,1132,?,x9,
1769497436.7428098,FORWARDED,e13600b4-7f32-4e4b-a925-33274734f6d8,7cce382d-729d-4677-beac-74eb941e6814,c3,None,1132,?,x9,
1769497436.9281962,RECEIVED,9e5d0ef8-d3e5-4ba2-b8db-1fe9cff48ff9,405b2636-a351-4c1f-af81-e0a28a51f7f4,c3,None,1600,e1,?,
1769497437.1453187,SENT,9e5d0ef8-d3e5-4ba2-b8db-1fe9cff48ff9,405b2636-a351-4c1f-af81-e0a28a51f7f4,c3,None,1128,?,x7,
1769497437.1453614,FORWARDED,9e5d0ef8-d3e5-4ba2-b8db-1fe9cff48ff9,405b2636-a351-4c1f-af81-e0a28a51f7f4,c3,None,1128,?,x7,
1769497437.2609375,RECEIVED,0b84225d-7d6a-45ad-b741-8a45985cef56,090bb008-24d8-4d0a-b7c5-bcd95023567b,c3,None,1601,e2,?,
1769497437.3467693,SENT,0b84225d-7d6a-45ad-b741-8a45985cef56,090bb008-24d8-4d0a-b7c5-bcd95023567b,c3,None,1127,?,x1,
1769497437.346814,FORWARDED,0b84225d-7d6a-45ad-b741-8a45985cef56,090bb008-24d8-4d0a-b7c5-bcd95023567b,c3,None,1127,?,x1,
1769497437.5559719,SENT,df3242b1-333f-4bef-ad65-2c9c7123312c,b66a30f8-9919-40c6-aaf6-a8ae90d0e69e,c5,c2,1251,?,x2,
1769497437.5560243,FORWARDED,df3242b1-333f-4bef-ad65-2c9c7123312c,b66a30f8-9919-40c6-aaf6-a8ae90d0e69e,c5,c2,1251,?,x2,
1769497437.8132503,RECEIVED,e1de26fd-3ba2-42be-bcf6-812a2f035c1e,98f0ace6-e27e-4234-ba7a-99d4dce9b6eb,c3,None,1595,e2,?,
1769497437.9816878,RECEIVED,e1d9d420-e024-4482-a27f-55bd028a7fc0,25cbb512-6d44-4b37-98ba-d798bc9999f8,c3,None,1599,e9,?,
1769497438.5047705,SENT,e1de26fd-3ba2-42be-bcf6-812a2f035c1e,98f0ace6-e27e-4234-ba7a-99d4dce9b6eb,c3,None,1123,?,x8,
1769497438.5048165,FORWARDED,e1de26fd-3ba2-42be-bcf6-812a2f035c1e,98f0ace6-e27e-4234-ba7a-99d4dce9b6eb,c3,None,1123,?,x8,
1769497438.5747032,FORWARDED,e1d9d420-e024-4482-a27f-55bd028a7fc0,25cbb512-6d44-4b37-98ba-d798bc9999f8,c3,None,1127,?,x6,
1769497441.3117955,RECEIVED,f2186853-2901-4142-8bf9-b3dd0a486030,9eae08cb-857b-4fc5-8983-78c98a585802,c1,c3,1764,e9,?,
1769497441.7360091,FORWARDED,f2186853-2901-4142-8bf9-b3dd0a486030,9eae08cb-857b-4fc5-8983-78c98a585802,c1,c3,1251,?,x6,
1769497441.9351127,RECEIVED,2db032d6-32b4-49ac-8148-15680960ea0a,11f548cc-bf61-493a-be55-a086969e736c,c3,None,1600,e11,?,
1769497442.0107667,SENT,2db032d6-32b4-49ac-8148-15680960ea0a,11f548cc-bf61-493a-be55-a086969e736c,c3,None,1127,?,x5,
1769497442.0108094,FORWARDED,2db032d6-32b4-49ac-8148-15680960ea0a,11f548cc-bf61-493a-be55-a086969e736c,c3,None,1127,?,x5,
1769497442.8849218,RECEIVED,53354466-3bf5-4b21-a514-6f2e08940236,7e44ee6e-1aeb-424b-b12a-25bc0ab26b22,c1,c3,1764,e8,?,
1769497443.128243,RECEIVED,e3eb05f1-a533-4ff8-b893-49363c7b6617,1db5c1be-e395-4163-9330-96a4b7e86e2e,c4,c3,1776,e1,?,
1769497443.279985,SENT,53354466-3bf5-4b21-a514-6f2e08940236,7e44ee6e-1aeb-424b-b12a-25bc0ab26b22,c1,c3,1251,?,x11,
1769497443.2801583,FORWARDED,53354466-3bf5-4b21-a514-6f2e08940236,7e44ee6e-1aeb-424b-b12a-25bc0ab26b22,c1,c3,1251,?,x11,
1769497443.3023045,RECEIVED,f76aab12-d2e3-40e4-8f42-f868cc201856,079881a2-5e74-441e-85ea-cbaabb38ed8b,c5,c2,1781,e1,?,
1769497443.3431883,SENT,e3eb05f1-a533-4ff8-b893-49363c7b6617,1db5c1be-e395-4163-9330-96a4b7e86e2e,c4,c3,1260,?,x8,
1769497443.3432689,FORWARDED,e3eb05f1-a533-4ff8-b893-49363c7b6617,1db5c1be-e395-4163-9330-96a4b7e86e2e,c4,c3,1260,?,x8,
1769497443.4727414,RECEIVED,936ef981-6391-4361-ba7b-3396ef6c3269,39863d4e-67a5-47fd-babe-d3c72c6b49c8,c2,None,1595,e7,?,
1769497443.6441019,SENT,f76aab12-d2e3-40e4-8f42-f868cc201856,079881a2-5e74-441e-85ea-cbaabb38ed8b,c5,c2,1262,?,x11,
1769497443.6441462,FORWARDED,f76aab12-d2e3-40e4-8f42-f868cc201856,079881a2-5e74-441e-85ea-cbaabb38ed8b,c5,c2,1262,?,x11,
1769497444.0518265,RECEIVED,e82e3593-b14e-4361-a347-1970d7fe7866,920931ed-790f-4fec-9287-8ec9e0413664,c5,None,1607,e10,?,
1769497444.4031975,RECEIVED,8249b350-b597-4aa1-baef-294ad22074ba,dc3e75d7-c384-4929-bc0e-d13c9fe127db,c2,None,1595,e12,?,
1769497444.4143949,RECEIVED,50baa610-d1e2-457b-9763-5fb134b4750c,b28ffb8c-8d95-4605-9c52-e91f84ce8318,c3,c5,1774,e12,?,
1769497444.5839152,FORWARDED,e82e3593-b14e-4361-a347-1970d7fe7866,920931ed-790f-4fec-9287-8ec9e0413664,c5,None,1132,?,x6,
1769497444.7168913,SENT,936ef981-6391-4361-ba7b-3396ef6c3269,39863d4e-67a5-47fd-babe-d3c72c6b49c8,c2,None,1124,?,x1,
1769497444.7170093,FORWARDED,936ef981-6391-4361-ba7b-3396ef6c3269,39863d4e-67a5-47fd-babe-d3c72c6b49c8,c2,None,1124,?,x1,
1769497444.899637,SENT,8249b350-b597-4aa1-baef-294ad22074ba,dc3e75d7-c384-4929-bc0e-d13c9fe127db,c2,None,1124,?,x3,
1769497444.8996723,FORWARDED,8249b350-b597-4aa1-baef-294ad22074ba,dc3e75d7-c384-4929-bc0e-d13c9fe127db,c2,None,1124,?,x3,
1769497444.9257083,SENT,50baa610-d1e2-457b-9763-5fb134b4750c,b28ffb8c-8d95-4605-9c52-e91f84ce8318,c3,c5,1259,?,x4,
1769497444.9257538,FORWARDED,50baa610-d1e2-457b-9763-5fb134b4750c,b28ffb8c-8d95-4605-9c52-e91f84ce8318,c3,c5,1259,?,x4,
1769497445.5301867,RECEIVED,ee75aac2-b5c5-42f7-925d-bbad6336aef7,d33e7d8a-ec72-4f70-9489-7ce4c14ec690,c1,c3,1765,e10,?,
1769497445.5674095,SENT,ee75aac2-b5c5-42f7-925d-bbad6336aef7,d33e7d8a-ec72-4f70-9489-7ce4c14ec690,c1,c3,1251,?,x9,
1769497445.5675209,FORWARDED,ee75aac2-b5c5-42f7-925d-bbad6336aef7,d33e7d8a-ec72-4f70-9489-7ce4c14ec690,c1,c3,1251,?,x9,
1769497446.2665544,RECEIVED,6de97b65-ddb0-4099-9eaf-1196e18871de,770a09d9-4fe9-4fb9-8d36-37e8f1b79465,c5,None,1601,e6,?,
1769497446.3694148,SENT,6de97b65-ddb0-4099-9eaf-1196e18871de,770a09d9-4fe9-4fb9-8d36-37e8f1b79465,c5,None,1126,?,x10,
1769497446.3694894,FORWARDED,6de97b65-ddb0-4099-9eaf-1196e18871de,770a09d9-4fe9-4fb9-8d36-37e8f1b79465,c5,None,1126,?,x10,
1769497446.796082,RECEIVED,a7066c9d-d807-4c68-ac8a-997973a427b9,99c7103c-21c5-4536-bc2f-7d54cfdecc35,c5,c2,1772,e3,?,
1769497446.9555733,FORWARDED,a7066c9d-d807-4c68-ac8a-997973a427b9,99c7103c-21c5-4536-bc2f-7d54cfdecc35,c5,c2,1255,?,x6,
1769497447.2628043,RECEIVED,b0acd366-4c5e-4db4-b7c4-3bfd9f5dafec,cee01625-efbf-4ea5-915c-91f0cb1b5196,c1,c3,1776,e12,?,
1769497447.436626,SENT,b0acd366-4c5e-4db4-b7c4-3bfd9f5dafec,cee01625-efbf-4ea5-915c-91f0cb1b5196,c1,c3,1259,?,x9,
1769497447.4373345,FORWARDED,b0acd366-4c5e-4db4-b7c4-3bfd9f5dafec,cee01625-efbf-4ea5-915c-91f0cb1b5196,c1,c3,1259,?,x9,
1769497448.0197783,RECEIVED,d2231f37-3970-447d-97eb-054f84182b86,c0c49f6f-2d03-4b92-bd1f-f45d2742c487,c3,c5,1780,e5,?,
1769497448.76971,RECEIVED,c6c035b9-d325-4d0d-8759-771fa3141759,85085e98-77b9-469a-9216-a8009d42c3a4,c5,None,1594,e11,?,
1769497448.7808266,RECEIVED,e5e3b8fe-b367-4595-9595-2784810aebb5,bdde4bfb-c2d4-408f-a7f8-4f4486bf7513,c3,None,1595,e2,?,
1769497448.8085225,RECEIVED,b425c850-1dd5-43de-8f8a-b30368a8cb23,3bdc981a-5cfa-4cbf-84ce-5240271ae23e,c1,c3,1776,e10,?,
1769497448.8575969,FORWARDED,b425c850-1dd5-43de-8f8a-b30368a8cb23,3bdc981a-5cfa-4cbf-84ce-5240271ae23e,c1,c3,1259,?,x6,
1769497448.9727545,RECEIVED,f5593d1c-a2f2-4de2-b834-f1d14883a20d,47323ecd-d331-4f5d-969b-12fe494234cd,c3,None,1600,e9,?,
1769497449.098582,SENT,d2231f37-3970-447d-97eb-054f84182b86,c0c49f6f-2d03-4b92-bd1f-f45d2742c487,c3,c5,1263,?,x10,
1769497449.098637,FORWARDED,d2231f37-3970-447d-97eb-054f84182b86,c0c49f6f-2d03-4b92-bd1f-f45d2742c487,c3,c5,1263,?,x10,
1769497449.1316106,RECEIVED,084bc5c7-e9f1-4113-91cc-1b9ffdeee59e,f758cbf3-62f1-41b7-b8ba-f473307a15ce,c3,None,1606,e2,?,
1769497449.1638637,SENT,e5e3b8fe-b367-4595-9595-2784810aebb5,bdde4bfb-c2d4-408f-a7f8-4f4486bf7513,c3,None,1123,?,x1,
1769497449.1639187,FORWARDED,e5e3b8fe-b367-4595-9595-2784810aebb5,bdde4bfb-c2d4-408f-a7f8-4f4486bf7513,c3,None,1123,?,x1,
1769497449.478073,RECEIVED,df167403-793e-4a2a-b271-d23b2f9721f5,b3362fd1-0e7d-438f-ba17-ba442e39df19,c3,None,1601,e5,?,
1769497449.6277468,SENT,c6c035b9-d325-4d0d-8759-771fa3141759,85085e98-77b9-469a-9216-a8009d42c3a4,c5,None,1123,?,x8,
1769497449.6277928,FORWARDED,c6c035b9-d325-4d0d-8759-771fa3141759,85085e98-77b9-469a-9216-a8009d42c3a4,c5,None,1123,?,x8,
1769497449.6610043,SENT,df167403-793e-4a2a-b271-d23b2f9721f5,b3362fd1-0e7d-438f-ba17-ba442e39df19,c3,None,1128,?,x10,
1769497449.6610668,FORWARDED,df167403-793e-4a2a-b271-d23b2f9721f5,b3362fd1-0e7d-438f-ba17-ba442e39df19,c3,None,1128,?,x10,
1769497449.861421,RECEIVED,530be487-ef59-4b46-a070-97b791409965,21c32800-b938-4f3d-8339-900efc1fd62d,c3,c5,1771,e6,?,
1769497449.87347,RECEIVED,ebb1a9dd-1d18-4885-8cb8-824f121136f7,f379c832-0725-4477-9263-9ce1153972ee,c1,c3,1775,e2,?,
1769497450.0282028,SENT,084bc5c7-e9f1-4113-91cc-1b9ffdeee59e,f758cbf3-62f1-41b7-b8ba-f473307a15ce,c3,None,1133,?,x8,
1769497450.0282493,FORWARDED,084bc5c7-e9f1-4113-91cc-1b9ffdeee59e,f758cbf3-62f1-41b7-b8ba-f473307a15ce,c3,None,1133,?,x8,
1769497450.1344883,SENT,f5593d1c-a2f2-4de2-b834-f1d14883a20d,47323ecd-d331-4f5d-969b-12fe494234cd,c3,None,1128,?,x10,
1769497450.1345353,FORWARDED,f5593d1c-a2f2-4de2-b834-f1d14883a20d,47323ecd-d331-4f5d-969b-12fe494234cd,c3,None,1128,?,x10,
1769497450.3487158,RECEIVED,c82ffb04-a65d-4c28-8751-d34b171640ab,c62c4efe-7f3b-4b76-bd1b-b07143d07c2d,c3,None,1603,e3,?,
1769497450.3682072,SENT,530be487-ef59-4b46-a070-97b791409965,21c32800-b938-4f3d-8339-900efc1fd62d,c3,c5,1256,?,x2,
1769497450.3682485,FORWARDED,530be487-ef59-4b46-a070-97b791409965,21c32800-b938-4f3d-8339-900efc1fd62d,c3,c5,1256,?,x2,
1769497450.4431806,SENT,ebb1a9dd-1d18-4885-8cb8-824f121136f7,f379c832-0725-4477-9263-9ce1153972ee,c1,c3,1259,?,x7,
1769497450.4432256,FORWARDED,ebb1a9dd-1d18-4885-8cb8-824f121136f7,f379c832-0725-4477-9263-9ce1153972ee,c1,c3,1259,?,x7,
1769497450.5108685,SENT,c82ffb04-a65d-4c28-8751-d34b171640ab,c62c4efe-7f3b-4b76-bd1b-b07143d07c2d,c3,None,1129,?,x3,
1769497450.510916,FORWARDED,c82ffb04-a65d-4c28-8751-d34b171640ab,c62c4efe-7f3b-4b76-bd1b-b07143d07c2d,c3,None,1129,?,x3,
1769497450.5837655,RECEIVED,a239aaef-70f0-4d53-a260-79b9d436028b,585a2399-1cf8-49a8-98e8-ef250687d03d,c3,None,1603,e1,?,
1769497451.0612912,RECEIVED,302d91c9-ed85-4d5d-a418-2d87d9433ea3,54098e63-116d-4e3f-b192-e7f854a46b9e,c2,c3,1772,e5,?,
1769497451.0768423,RECEIVED,acff61f7-cc0e-467c-a9d4-d1a87249474b,5de7fb8e-3b06-4b2f-a360-c66027238987,c3,None,1607,e1,?,
1769497451.5932796,SENT,302d91c9-ed85-4d5d-a418-2d87d9433ea3,54098e63-116d-4e3f-b192-e7f854a46b9e,c2,c3,1255,?,x12,
1769497451.5933344,FORWARDED,302d91c9-ed85-4d5d-a418-2d87d9433ea3,54098e63-116d-4e3f-b192-e7f854a46b9e,c2,c3,1255,?,x12,
1769497451.7481172,SENT,acff61f7-cc0e-467c-a9d4-d1a87249474b,5de7fb8e-3b06-4b2f-a360-c66027238987,c3,None,1132,?,x2,
1769497451.7482352,FORWARDED,acff61f7-cc0e-467c-a9d4-d1a87249474b,5de7fb8e-3b06-4b2f-a360-c66027238987,c3,None,1132,?,x2,
1769497452.2497857,SENT,a239aaef-70f0-4d53-a260-79b9d436028b,585a2399-1cf8-49a8-98e8-ef250687d03d,c3,None,1131,?,x1,
1769497452.2498684,FORWARDED,a239aaef-70f0-4d53-a260-79b9d436028b,585a2399-1cf8-49a8-98e8-ef250687d03d,c3,None,1131,?,x1,
1769497452.302602,RECEIVED,39787e38-6b5e-4536-8de7-d48ba68bf031,200f094c-728c-44cd-ab72-4b8db8dbc8a1,c3,c5,1776,e8,?,
1769497452.5263722,RECEIVED,0e913c25-960f-497b-9f2a-62bd8c453dba,327f7b67-dfa4-49df-ad43-3d519f2f4beb,c5,None,1608,e10,?,
1769497452.590956,SENT,39787e38-6b5e-4536-8de7-d48ba68bf031,200f094c-728c-44cd-ab72-4b8db8dbc8a1,c3,c5,1260,?,x10,
1769497452.590999,FORWARDED,39787e38-6b5e-4536-8de7-d48ba68bf031,200f094c-728c-44cd-ab72-4b8db8dbc8a1,c3,c5,1260,?,x10,
1769497452.908985,SENT,0e913c25-960f-497b-9f2a-62bd8c453dba,327f7b67-dfa4-49df-ad43-3d519f2f4beb,c5,None,1132,?,x1,
1769497452.909029,FORWARDED,0e913c25-960f-497b-9f2a-62bd8c453dba,327f7b67-dfa4-49df-ad43-3d519f2f4beb,c5,None,1132,?,x1,
1769497453.785939,RECEIVED,81334c3e-da93-48d0-a4c9-e33fbd74db04,0828879d-4235-4153-8b0c-6fd6b2ee17f7,c1,c3,1771,e7,?,
1769497454.2211456,SENT,81334c3e-da93-48d0-a4c9-e33fbd74db04,0828879d-4235-4153-8b0c-6fd6b2ee17f7,c1,c3,1255,?,x4,
1769497454.2211983,FORWARDED,81334c3e-da93-48d0-a4c9-e33fbd74db04,0828879d-4235-4153-8b0c-6fd6b2ee17f7,c1,c3,1255,?,x4,
1769497454.763372,RECEIVED,ef8cfac3-4041-4467-b873-d5791d52265d,dcd3ef0b-9e4c-4cf5-9ee1-af34ccb9f76c,c1,c3,1771,e7,?,
1769497455.1029215,RECEIVED,7a2bb8d1-b152-40a7-91ad-7fd3baafcf4c,5f2682c8-313a-4ff1-ba86-655f291b40be,c3,None,1599,e3,?,
1769497455.5643337,RECEIVED,1ae5da29-cea3-426d-a846-392c4f3c76ff,1ea4aa66-6a06-4be9-bcc3-ef501dad032f,c5,None,1596,e5,?,
1769497455.7017183,SENT,7a2bb8d1-b152-40a7-91ad-7fd3baafcf4c,5f2682c8-313a-4ff1-ba86-655f291b40be,c3,None,1127,?,x1,
1769497455.7017639,FORWARDED,7a2bb8d1-b152-40a7-91ad-7fd3baafcf4c,5f2682c8-313a-4ff1-ba86-655f291b40be,c3,None,1127,?,x1,
1769497455.7486787,SENT,1ae5da29-cea3-426d-a846-392c4f3c76ff,1ea4aa66-6a06-4be9-bcc3-ef501dad032f,c5,None,1124,?,x8,
1769497455.7487242,FORWARDED,1ae5da29-cea3-426d-a846-392c4f3c76ff,1ea4aa66-6a06-4be9-bcc3-ef501dad032f,c5,None,1124,?,x8,
1769497455.9296663,RECEIVED,63212ffc-9360-47f7-8cad-b72837b19a30,c6c581b0-c0b1-4d0b-bd1b-0da95ed073db,c3,None,1601,e8,?,
1769497455.9312158,RECEIVED,646b9ae0-d73b-48b8-893e-7c654aab6a60,e62701d7-ea47-4ccc-b227-9eb8b4f6350b,c1,c3,1774,e8,?,
1769497455.9509392,SENT,646b9ae0-d73b-48b8-893e-7c654aab6a60,e62701d7-ea47-4ccc-b227-9eb8b4f6350b,c1,c3,1255,?,x1,
1769497455.9509785,FORWARDED,646b9ae0-d73b-48b8-893e-7c654aab6a60,e62701d7-ea47-4ccc-b227-9eb8b4f6350b,c1,c3,1255,?,x1,
1769497456.1538494,RECEIVED,a09a5451-6d1c-481d-a2ab-5af4a7ee57b8,4c93e776-fca8-4f9b-ad8b-4910528def6e,c3,None,1603,e9,?,
1769497456.2117074,SENT,ef8cfac3-4041-4467-b873-d5791d52265d,dcd3ef0b-9e4c-4cf5-9ee1-af34ccb9f76c,c1,c3,1256,?,x8,
1769497456.2117507,FORWARDED,ef8cfac3-4041-4467-b873-d5791d52265d,dcd3ef0b-9e4c-4cf5-9ee1-af34ccb9f76c,c1,c3,1256,?,x8,
1769497456.3553698,SENT,63212ffc-9360-47f7-8cad-b72837b19a30,c6c581b0-c0b1-4d0b-bd1b-0da95ed073db,c3,None,1128,?,x10,
1769497456.3554106,FORWARDED,63212ffc-9360-47f7-8cad-b72837b19a30,c6c581b0-c0b1-4d0b-bd1b-0da95ed073db,c3,None,1128,?,x10,
1769497456.4582546,RECEIVED,7d057b6a-679e-440c-88ad-fc32729d467e,a4a44bd3-8e38-4152-97a2-5d783c4fd51f,c3,None,1598,e6,?,
1769497456.5326765,SENT,a09a5451-6d1c-481d-a2ab-5af4a7ee57b8,4c93e776-fca8-4f9b-ad8b-4910528def6e,c3,None,1131,?,x4,
1769497456.5327196,FORWARDED,a09a5451-6d1c-481d-a2ab-5af4a7ee57b8,4c93e776-fca8-4f9b-ad8b-4910528def6e,c3,None,1131,?,x4,
1769497456.571396,RECEIVED,b1f3eaf6-6998-458d-927c-2f983d71ab07,9f676ebc-f48f-414b-8216-4c93e9640204,c1,c3,1767,e7,?,
1769497456.9134498,RECEIVED,863345d2-cd9f-4b30-8013-6a12686b69c3,f9a7200c-9703-40ba-9c1c-110553e57796,c5,DROP,1007,e2,?,
1769497456.9753406,RECEIVED,92360715-4c68-4851-8420-1d0acdafe3a6,bf5a8680-05e8-4bb3-b76f-595c4209dadc,c3,None,1608,e8,?,
1769497457.1776245,RECEIVED,d0e3e282-5025-4f49-a77f-21c31751addc,5ffb8461-aeb4-451e-a336-8c2adfceb9b9,c2,c3,1760,e7,?,
1769497457.1828375,RECEIVED,1804a4d2-cdaf-4563-bf0c-9d32cb8c299d,6c116274-c492-4e65-91a5-58b884195dc5,c3,None,1595,e2,?,
1769497457.2043867,SENT,b1f3eaf6-6998-458d-927c-2f983d71ab07,9f676ebc-f48f-414b-8216-4c93e9640204,c1,c3,1252,?,x7,
1769497457.2044353,FORWARDED,b1f3eaf6-6998-458d-927c-2f983d71ab07,9f676ebc-f48f-414b-8216-4c93e9640204,c1,c3,1252,?,x7,
1769497457.2510297,SENT,92360715-4c68-4851-8420-1d0acdafe3a6,bf5a8680-05e8-4bb3-b76f-595c4209dadc,c3,None,1132,?,x12,
1769497457.251082,FORWARDED,92360715-4c68-4851-8420-1d0acdafe3a6,bf5a8680-05e8-4bb3-b76f-595c4209dadc,c3,None,1132,?,x12,
1769497457.5849018,SENT,d0e3e282-5025-4f49-a77f-21c31751addc,5ffb8461-aeb4-451e-a336-8c2adfceb9b9,c2,c3,1248,?,x7,
1769497457.5849445,FORWARDED,d0e3e282-5025-4f49-a77f-21c31751addc,5ffb8461-aeb4-451e-a336-8c2adfceb9b9,c2,c3,1248,?,x7,
1769497457.6603558,SENT,7d057b6a-679e-440c-88ad-fc32729d467e,a4a44bd3-8e38-4152-97a2-5d783c4fd51f,c3,None,1127,?,x4,
1769497457.6604002,FORWARDED,7d057b6a-679e-440c-88ad-fc32729d467e,a4a44bd3-8e38-4152-97a2-5d783c4fd51f,c3,None,1127,?,x4,
1769497457.888044,SENT,1804a4d2-cdaf-4563-bf0c-9d32cb8c299d,6c116274-c492-4e65-91a5-58b884195dc5,c3,None,1124,?,x9,
1769497457.8883376,FORWARDED,1804a4d2-cdaf-4563-bf0c-9d32cb8c299d,6c116274-c492-4e65-91a5-58b884195dc5,c3,None,1124,?,x9,
1769497458.0820363,SENT,863345d2-cd9f-4b30-8013-6a12686b69c3,f9a7200c-9703-40ba-9c1c-110553e57796,c5,DROP,684,?,x7,
1769497458.0821323,FORWARDED,863345d2-cd9f-4b30-8013-6a12686b69c3,f9a7200c-9703-40ba-9c1c-110553e57796,c5,DROP,684,?,x7,
1769497458.1910691,RECEIVED,a79840f3-f901-4dd2-bb06-9c0819699630,bbe2ed48-9a09-4b88-9163-a3f680a52378,c4,c3,1767,e9,?,
1769497458.2782226,RECEIVED,57692b83-9b72-4036-94e7-5481b2c7e2ce,0a0dbbc9-b6d1-4cf7-864d-85b993fc0eba,c3,c5,1776,e8,?,
1769497458.315426,RECEIVED,ae006304-c56b-4775-ace2-4bc04d3d974c,4c70d2f6-dc8f-4279-a8ed-a9f6cf6774c4,c4,c3,1776,e11,?,
1769497458.3172772,SENT,57692b83-9b72-4036-94e7-5481b2c7e2ce,0a0dbbc9-b6d1-4cf7-864d-85b993fc0eba,c3,c5,1260,?,x3,
1769497458.3173184,FORWARDED,57692b83-9b72-4036-94e7-5481b2c7e2ce,0a0dbbc9-b6d1-4cf7-864d-85b993fc0eba,c3,c5,1260,?,x3,
1769497458.4160028,SENT,ae006304-c56b-4775-ace2-4bc04d3d974c,4c70d2f6-dc8f-4279-a8ed-a9f6cf6774c4,c4,c3,1260,?,x1,
1769497458.4160552,FORWARDED,ae006304-c56b-4775-ace2-4bc04d3d974c,4c70d2f6-dc8f-4279-a8ed-a9f6cf6774c4,c4,c3,1260,?,x1,
1769497458.5178397,RECEIVED,6168301b-0bc0-43e0-abf0-282d88c89f34,e8b6fa46-a929-4ef9-b34b-ca25b8a448ef,c1,c3,1771,e9,?,
1769497458.6521406,RECEIVED,b6618cdf-d687-433b-9c87-d92f0f63db68,bfcca00b-2c74-4f9c-b74b-4074b3c00296,c3,None,1600,e1,?,
1769497458.663636,SENT,a79840f3-f901-4dd2-bb06-9c0819699630,bbe2ed48-9a09-4b88-9163-a3f680a52378,c4,c3,1252,?,x8,
1769497458.6637094,FORWARDED,a79840f3-f901-4dd2-bb06-9c0819699630,bbe2ed48-9a09-4b88-9163-a3f680a52378,c4,c3,1252,?,x8,
1769497459.1557233,RECEIVED,8834c0da-237c-4feb-be24-074843b9ea7a,72e0f8e5-929e-40f2-9024-4b716c216f86,c5,c2,1779,e10,?,
1769497459.3059275,RECEIVED,8e310ad8-e5d1-4c35-be61-977523983be9,43b3b99f-b044-4447-8fbc-fb3babedfb09,c3,None,1596,e5,?,
1769497459.3681777,SENT,8e310ad8-e5d1-4c35-be61-977523983be9,43b3b99f-b044-4447-8fbc-fb3babedfb09,c3,None,1124,?,x7,
1769497459.3682246,FORWARDED,8e310ad8-e5d1-4c35-be61-977523983be9,43b3b99f-b044-4447-8fbc-fb3babedfb09,c3,None,1124,?,x7,
1769497459.3965669,SENT,b6618cdf-d687-433b-9c87-d92f0f63db68,bfcca00b-2c74-4f9c-b74b-4074b3c00296,c3,None,1127,?,x12,
1769497459.3966095,FORWARDED,b6618cdf-d687-433b-9c87-d92f0f63db68,bfcca00b-2c74-4f9c-b74b-4074b3c00296,c3,None,1127,?,x12,
1769497459.4899206,RECEIVED,d54535f0-a0d2-4809-b36b-7b9f0207734c,c045073c-3a89-4027-acd4-909c20aafe1f,c3,None,1600,e1,?,
1769497459.6052167,SENT,d54535f0-a0d2-4809-b36b-7b9f0207734c,c045073c-3a89-4027-acd4-909c20aafe1f,c3,None,1127,?,x2,
1769497459.6052597,FORWARDED,d54535f0-a0d2-4809-b36b-7b9f0207734c,c045073c-3a89-4027-acd4-909c20aafe1f,c3,None,1127,?,x2,
1769497459.7128248,SENT,8834c0da-237c-4feb-be24-074843b9ea7a,72e0f8e5-929e-40f2-9024-4b716c216f86,c5,c2,1263,?,x5,
1769497459.7128642,FORWARDED,8834c0da-237c-4feb-be24-074843b9ea7a,72e0f8e5-929e-40f2-9024-4b716c216f86,c5,c2,1263,?,x5,
1769497459.7614148,RECEIVED,3c901e22-a465-409c-bbca-4f1fda09f86a,e18f5b89-349d-4867-8960-03dfa6ab6446,c2,None,1595,e5,?,
1769497460.4944296,RECEIVED,6b0e3dd8-1b16-45c2-9645-0a4a5faf06c5,31dc88de-c93e-45bc-b905-f0772e5c617b,c3,None,1600,e11,?,
1769497460.7759955,SENT,3c901e22-a465-409c-bbca-4f1fda09f86a,e18f5b89-349d-4867-8960-03dfa6ab6446,c2,None,1123,?,x8,
1769497460.7760396,FORWARDED,3c901e22-a465-409c-bbca-4f1fda09f86a,e18f5b89-349d-4867-8960-03dfa6ab6446,c2,None,1123,?,x8,
1769497461.4905477,SENT,6168301b-0bc0-43e0-abf0-282d88c89f34,e8b6fa46-a929-4ef9-b34b-ca25b8a448ef,c1,c3,1255,?,x10,
1769497461.4905965,FORWARDED,6168301b-0bc0-43e0-abf0-282d88c89f34,e8b6fa46-a929-4ef9-b34b-ca25b8a448ef,c1,c3,1255,?,x10,
1769497462.0734143,SENT,6b0e3dd8-1b16-45c2-9645-0a4a5faf06c5,31dc88de-c93e-45bc-b905-f0772e5c617b,c3,None,1127,?,x10,
1769497462.0734582,FORWARDED,6b0e3dd8-1b16-45c2-9645-0a4a5faf06c5,31dc88de-c93e-45bc-b905-f0772e5c617b,c3,None,1127,?,x10,
1769497462.1152883,RECEIVED,0772a096-4f15-43dc-981a-4d6fec4abc32,30a911e3-72c9-46e2-b94d-d23abc857c10,c5,None,1595,e11,?,
1769497462.4117177,RECEIVED,6cf08fdc-d7c0-4e35-a4d1-9bd817b6b307,913ed44a-0dfb-4126-bb5d-8f0ad8bf2ee8,c5,c2,1768,e12,?,
1769497462.738274,SENT,6cf08fdc-d7c0-4e35-a4d1-9bd817b6b307,913ed44a-0dfb-4126-bb5d-8f0ad8bf2ee8,c5,c2,1253,?,x7,
1769497462.7383163,FORWARDED,6cf08fdc-d7c0-4e35-a4d1-9bd817b6b307,913ed44a-0dfb-4126-bb5d-8f0ad8bf2ee8,c5,c2,1253,?,x7,
1769497462.8323224,RECEIVED,18fc7f66-c824-4ffd-9c24-6bc7803b1bb9,5550ccaa-431e-4f30-b09b-4725ff18cfe6,c3,None,1596,e1,?,
1769497462.8796272,RECEIVED,5135f47f-2b0e-464c-80fc-0cfcc7528ff3,c03a7d40-e49a-4202-90ff-08ddca818385,c3,None,1609,e2,?,
1769497462.8923597,RECEIVED,854228be-a890-4070-a69f-6ff35d007faf,7ac5883e-9e0b-43a0-b94e-d4b815d0a480,c4,c3,1771,e7,?,
1769497462.9067082,RECEIVED,46b55dde-850b-4b99-ac48-240f17c4a389,3a84c471-253a-4758-abb6-503f6be3bebb,c2,c3,1783,e12,?,
1769497462.940736,SENT,5135f47f-2b0e-464c-80fc-0cfcc7528ff3,c03a7d40-e49a-4202-90ff-08ddca818385,c3,None,1132,?,x3,
1769497462.94078,FORWARDED,5135f47f-2b0e-464c-80fc-0cfcc7528ff3,c03a7d40-e49a-4202-90ff-08ddca818385,c3,None,1132,?,x3,
1769497463.2275171,RECEIVED,841208e7-bc80-4b82-9257-4d79f8be758d,7ccab870-1de3-4a6a-8511-583dcc96e0e3,c2,c3,1771,e12,?,
1769497463.258483,SENT,18fc7f66-c824-4ffd-9c24-6bc7803b1bb9,5550ccaa-431e-4f30-b09b-4725ff18cfe6,c3,None,1123,?,x9,
1769497463.258531,FORWARDED,18fc7f66-c824-4ffd-9c24-6bc7803b1bb9,5550ccaa-431e-4f30-b09b-4725ff18cfe6,c3,None,1123,?,x9,
1769497463.4402745,SENT,854228be-a890-4070-a69f-6ff35d007faf,7ac5883e-9e0b-43a0-b94e-d4b815d0a480,c4,c3,1255,?,x2,
1769497463.4403179,FORWARDED,854228be-a890-4070-a69f-6ff35d007faf,7ac5883e-9e0b-43a0-b94e-d4b815d0a480,c4,c3,1255,?,x2,
1769497463.6124551,SENT,46b55dde-850b-4b99-ac48-240f17c4a389,3a84c471-253a-4758-abb6-503f6be3bebb,c2,c3,1265,?,x7,
1769497463.612548,FORWARDED,46b55dde-850b-4b99-ac48-240f17c4a389,3a84c471-253a-4758-abb6-503f6be3bebb,c2,c3,1265,?,x7,
1769497463.8709342,RECEIVED,1f284c48-ac03-453f-a22d-f3c8803d9611,0ea76c2f-7179-4ff9-bd94-2e6f12ac46a3,c5,c2,1766,e11,?,
1769497464.011495,SENT,841208e7-bc80-4b82-9257-4d79f8be758d,7ccab870-1de3-4a6a-8511-583dcc96e0e3,c2,c3,1255,?,x2,
1769497464.0115526,FORWARDED,841208e7-bc80-4b82-9257-4d79f8be758d,7ccab870-1de3-4a6a-8511-583dcc96e0e3,c2,c3,1255,?,x2,
1769497464.1796186,SENT,0772a096-4f15-43dc-981a-4d6fec4abc32,30a911e3-72c9-46e2-b94d-d23abc857c10,c5,None,1123,?,x5,
1769497464.1797247,FORWARDED,0772a096-4f15-43dc-981a-4d6fec4abc32,30a911e3-72c9-46e2-b94d-d23abc857c10,c5,None,1123,?,x5,
1769497464.2244096,RECEIVED,cc3b9ea7-4afd-4c0b-9149-eeedb3fc05d3,118c1755-4993-4832-8f89-d2b694442e8d,c3,c5,1776,e9,?,
1769497464.496362,SENT,cc3b9ea7-4afd-4c0b-9149-eeedb3fc05d3,118c1755-4993-4832-8f89-d2b694442e8d,c3,c5,1259,?,x12,
1769497464.4964123,FORWARDED,cc3b9ea7-4afd-4c0b-9149-eeedb3fc05d3,118c1755-4993-4832-8f89-d2b694442e8d,c3,c5,1259,?,x12,
1769497464.704471,RECEIVED,0110ab97-2458-4780-af3a-f31709f5ba5a,e8fa77c4-603c-4f5e-808a-27d5c8bd11f7,c5,c2,1771,e11,?,
1769497465.3616414,SENT,0110ab97-2458-4780-af3a-f31709f5ba5a,e8fa77c4-603c-4f5e-808a-27d5c8bd11f7,c5,c2,1255,?,x1,
1769497465.3616903,FORWARDED,0110ab97-2458-4780-af3a-f31709f5ba5a,e8fa77c4-603c-4f5e-808a-27d5c8bd11f7,c5,c2,1255,?,x1,
1769497465.39381,RECEIVED,fecd8e18-1c20-4ab5-a748-9d6a846ebb0f,4d41c201-31dc-4f46-b7cf-b8f6288d9409,c3,None,1595,e6,?,
1769497466.0439134,RECEIVED,1ecac4eb-a037-45ce-a0d5-8d87821ce508,2228fbd2-bf07-4277-885a-30b6a27da4b7,c3,None,1595,e6,?,
1769497466.1234677,RECEIVED,26b56e1e-b26b-4987-9c6f-ac8f8e601f7e,4f6a6a6c-b010-4e60-bac4-b00fba9c8b47,c5,c2,1778,e8,?,
1769497466.1503391,RECEIVED,6ed2343b-8f71-47cd-8efb-c7972610f4c0,62404a59-3986-4e80-8b0d-2e01038d1ed8,c3,None,1603,e1,?,
1769497466.1696641,SENT,26b56e1e-b26b-4987-9c6f-ac8f8e601f7e,4f6a6a6c-b010-4e60-bac4-b00fba9c8b47,c5,c2,1259,?,x12,
1769497466.169704,FORWARDED,26b56e1e-b26b-4987-9c6f-ac8f8e601f7e,4f6a6a6c-b010-4e60-bac4-b00fba9c8b47,c5,c2,1259,?,x12,
1769497466.3358645,SENT,1f284c48-ac03-453f-a22d-f3c8803d9611,0ea76c2f-7179-4ff9-bd94-2e6f12ac46a3,c5,c2,1252,?,x12,
1769497466.3359063,FORWARDED,1f284c48-ac03-453f-a22d-f3c8803d9611,0ea76c2f-7179-4ff9-bd94-2e6f12ac46a3,c5,c2,1252,?,x12,
1769497466.4823852,SENT,6ed2343b-8f71-47cd-8efb-c7972610f4c0,62404a59-3986-4e80-8b0d-2e01038d1ed8,c3,None,1131,?,x4,
1769497466.482434,FORWARDED,6ed2343b-8f71-47cd-8efb-c7972610f4c0,62404a59-3986-4e80-8b0d-2e01038d1ed8,c3,None,1131,?,x4,
1769497466.7843342,SENT,1ecac4eb-a037-45ce-a0d5-8d87821ce508,2228fbd2-bf07-4277-885a-30b6a27da4b7,c3,None,1123,?,x8,
1769497466.784376,FORWARDED,1ecac4eb-a037-45ce-a0d5-8d87821ce508,2228fbd2-bf07-4277-885a-30b6a27da4b7,c3,None,1123,?,x8,
1769497466.9067805,RECEIVED,994e7aee-63fb-4317-b3b5-22b93367e45e,325a2dfb-9f53-4bb6-a3a6-6a7e9e875186,c4,c3,1771,e9,?,
1769497467.1322567,SENT,fecd8e18-1c20-4ab5-a748-9d6a846ebb0f,4d41c201-31dc-4f46-b7cf-b8f6288d9409,c3,None,1125,?,x8,
1769497467.1323042,FORWARDED,fecd8e18-1c20-4ab5-a748-9d6a846ebb0f,4d41c201-31dc-4f46-b7cf-b8f6288d9409,c3,None,1125,?,x8,
1769497467.3090434,SENT,994e7aee-63fb-4317-b3b5-22b93367e45e,325a2dfb-9f53-4bb6-a3a6-6a7e9e875186,c4,c3,1255,?,x1,
1769497467.3091016,FORWARDED,994e7aee-63fb-4317-b3b5-22b93367e45e,325a2dfb-9f53-4bb6-a3a6-6a7e9e875186,c4,c3,1255,?,x1,
1769497467.5039394,RECEIVED,0e984e0a-a7dd-48c0-93bb-ff7204a73b9b,79d389fb-d6ef-4735-b0b4-d050167db5ac,c3,None,1599,e11,?,
1769497467.8164053,SENT,0e984e0a-a7dd-48c0-93bb-ff7204a73b9b,79d389fb-d6ef-4735-b0b4-d050167db5ac,c3,None,1128,?,x2,
1769497467.8164525,FORWARDED,0e984e0a-a7dd-48c0-93bb-ff7204a73b9b,79d389fb-d6ef-4735-b0b4-d050167db5ac,c3,None,1128,?,x2,
1769497470.7091477,RECEIVED,03b0c2d9-d575-4280-8bd4-ed3c798219f7,e19e5e7c-c49e-442b-944e-d55bc91a3280,c3,None,1607,e5,?,
1769497471.0803103,RECEIVED,f09cfba7-0e88-4cb5-8504-87722c90c5ff,42d78c8c-ad28-41ee-9228-c8a2acd8cb16,c3,c5,1771,e11,?,
1769497471.1158478,RECEIVED,1340692e-27bf-4279-a5e8-a7e9eca923c4,5c5da720-691b-4a23-bfda-975b8e418960,c3,None,1597,e1,?,
1769497471.1739416,SENT,1340692e-27bf-4279-a5e8-a7e9eca923c4,5c5da720-691b-4a23-bfda-975b8e418960,c3,None,1123,?,x8,
1769497471.1739857,FORWARDED,1340692e-27bf-4279-a5e8-a7e9eca923c4,5c5da720-691b-4a23-bfda-975b8e418960,c3,None,1123,?,x8,
1769497471.4588826,FORWARDED,03b0c2d9-d575-4280-8bd4-ed3c798219f7,e19e5e7c-c49e-442b-944e-d55bc91a3280,c3,None,1132,?,x6,
1769497471.6483564,SENT,f09cfba7-0e88-4cb5-8504-87722c90c5ff,42d78c8c-ad28-41ee-9228-c8a2acd8cb16,c3,c5,1256,?,x4,
1769497471.6483998,FORWARDED,f09cfba7-0e88-4cb5-8504-87722c90c5ff,42d78c8c-ad28-41ee-9228-c8a2acd8cb16,c3,c5,1256,?,x4,
1769497472.19026,RECEIVED,b686efe3-fbd4-4e92-b9ab-f28255b83d81,217eb833-48bf-4e4f-8592-36aac9dcc9a1,c3,None,1607,e8,?,
1769497473.1079957,RECEIVED,0632221b-765d-4172-8df0-204a1391693e,a4058ff3-4f53-4ffe-b5a4-7b92105decec,c3,c5,1788,e10,?,
1769497473.1978378,SENT,0632221b-765d-4172-8df0-204a1391693e,a4058ff3-4f53-4ffe-b5a4-7b92105decec,c3,c5,1268,?,x1,
1769497473.1978946,FORWARDED,0632221b-765d-4172-8df0-204a1391693e,a4058ff3-4f53-4ffe-b5a4-7b92105decec,c3,c5,1268,?,x1,
1769497473.2072687,RECEIVED,262bb2e8-ab51-4555-8e2c-0fa13018dd88,ac4609ab-d803-4429-b54f-9687a59020f1,c5,c2,1785,e11,?,
1769497473.2373188,SENT,b686efe3-fbd4-4e92-b9ab-f28255b83d81,217eb833-48bf-4e4f-8592-36aac9dcc9a1,c3,None,1132,?,x7,
1769497473.2373729,FORWARDED,b686efe3-fbd4-4e92-b9ab-f28255b83d81,217eb833-48bf-4e4f-8592-36aac9dcc9a1,c3,None,1132,?,x7,
1769497473.301503,SENT,262bb2e8-ab51-4555-8e2c-0fa13018dd88,ac4609ab-d803-4429-b54f-9687a59020f1,c5,c2,1264,?,x11,
1769497473.301594,FORWARDED,262bb2e8-ab51-4555-8e2c-0fa13018dd88,ac4609ab-d803-4429-b54f-9687a59020f1,c5,c2,1264,?,x11,
1769497473.530581,RECEIVED,1d1930b4-0021-4c96-9185-cf089a345b54,40cb184a-edcc-4e81-84d1-17d240f927b3,c3,None,1602,e6,?,
1769497473.563517,SENT,1d1930b4-0021-4c96-9185-cf089a345b54,40cb184a-edcc-4e81-84d1-17d240f927b3,c3,None,1127,?,x11,
1769497473.5638874,FORWARDED,1d1930b4-0021-4c96-9185-cf089a345b54,40cb184a-edcc-4e81-84d1-17d240f927b3,c3,None,1127,?,x11,
1769497473.725976,RECEIVED,90305307-a7b3-47f5-92e6-4b7ce9239dd4,7dde63e4-7333-4bc2-9b0a-5a96aaeb19cb,c4,c3,1784,e10,?,
1769497474.1157646,RECEIVED,f8b7537d-1dab-4956-bbb2-40feacb4fccc,3c17ae57-c459-4eed-bb61-f6409878eec3,c2,c3,1775,e1,?,
1769497474.1318698,SENT,90305307-a7b3-47f5-92e6-4b7ce9239dd4,7dde63e4-7333-4bc2-9b0a-5a96aaeb19cb,c4,c3,1265,?,x10,
1769497474.1319132,FORWARDED,90305307-a7b3-47f5-92e6-4b7ce9239dd4,7dde63e4-7333-4bc2-9b0a-5a96aaeb19cb,c4,c3,1265,?,x10,
1769497474.313856,RECEIVED,4d5f92bb-4493-487f-bb28-3623cbdb50a3,7d7c3f31-99e4-4ec1-88a0-7a8d8ed60b3d,c5,c2,1775,e5,?,
1769497474.4036062,SENT,4d5f92bb-4493-487f-bb28-3623cbdb50a3,7d7c3f31-99e4-4ec1-88a0-7a8d8ed60b3d,c5,c2,1259,?,x5,
1769497474.4036489,FORWARDED,4d5f92bb-4493-487f-bb28-3623cbdb50a3,7d7c3f31-99e4-4ec1-88a0-7a8d8ed60b3d,c5,c2,1259,?,x5,
1769497474.4129255,RECEIVED,5bb73909-0478-4f98-b267-519ed8fb8b15,bc61bbdf-a896-4a78-9667-afe7067a1847,c5,c2,1771,e6,?,
1769497474.5059166,SENT,5bb73909-0478-4f98-b267-519ed8fb8b15,bc61bbdf-a896-4a78-9667-afe7067a1847,c5,c2,1256,?,x4,
1769497474.5059588,FORWARDED,5bb73909-0478-4f98-b267-519ed8fb8b15,bc61bbdf-a896-4a78-9667-afe7067a1847,c5,c2,1256,?,x4,
1769497474.5507863,RECEIVED,ef9466e6-8f04-4b98-a7e8-a34188e3f608,8428ed14-7730-4fc4-8edb-8541c19daead,c3,None,1607,e5,?,
1769497474.8206203,RECEIVED,f774ae50-cd0b-400c-97ce-9478a2892d38,59a98f82-9e8e-4662-ac7b-c539f37b7621,c2,c3,1760,e1,?,
1769497475.1349928,SENT,f774ae50-cd0b-400c-97ce-9478a2892d38,59a98f82-9e8e-4662-ac7b-c539f37b7621,c2,c3,1247,?,x5,
1769497475.1350346,FORWARDED,f774ae50-cd0b-400c-97ce-9478a2892d38,59a98f82-9e8e-4662-ac7b-c539f37b7621,c2,c3,1247,?,x5,
1769497475.2572203,SENT,ef9466e6-8f04-4b98-a7e8-a34188e3f608,8428ed14-7730-4fc4-8edb-8541c19daead,c3,None,1132,?,x8,
1769497475.2572632,FORWARDED,ef9466e6-8f04-4b98-a7e8-a34188e3f608,8428ed14-7730-4fc4-8edb-8541c19daead,c3,None,1132,?,x8,
1769497475.2593458,RECEIVED,42edd696-d33b-43f3-a67c-138a92e131d6,332af06c-0d61-481e-a898-7061b91f14e4,c5,c2,1784,e9,?,
1769497475.4274802,RECEIVED,1851e2dd-456b-4429-8568-47f8ca8cecaa,ec27cf6d-2ed1-40c6-9246-67ebe90ee62c,c3,None,1595,e12,?,
1769497475.5125697,SENT,f8b7537d-1dab-4956-bbb2-40feacb4fccc,3c17ae57-c459-4eed-bb61-f6409878eec3,c2,c3,1258,?,x10,
1769497475.512612,FORWARDED,f8b7537d-1dab-4956-bbb2-40feacb4fccc,3c17ae57-c459-4eed-bb61-f6409878eec3,c2,c3,1258,?,x10,
1769497475.7228014,SENT,42edd696-d33b-43f3-a67c-138a92e131d6,332af06c-0d61-481e-a898-7061b91f14e4,c5,c2,1265,?,x12,
1769497475.722854,FORWARDED,42edd696-d33b-43f3-a67c-138a92e131d6,332af06c-0d61-481e-a898-7061b91f14e4,c5,c2,1265,?,x12,
1769497475.7985451,SENT,1851e2dd-456b-4429-8568-47f8ca8cecaa,ec27cf6d-2ed1-40c6-9246-67ebe90ee62c,c3,None,1125,?,x3,
1769497475.7985873,FORWARDED,1851e2dd-456b-4429-8568-47f8ca8cecaa,ec27cf6d-2ed1-40c6-9246-67ebe90ee62c,c3,None,1125,?,x3,
1769497476.738822,RECEIVED,18345e95-3262-45a7-983c-36da37e28cf3,02b9d30c-6cc0-43b2-ac7c-4056ed5b3662,c3,None,1603,e7,?,
1769497477.0845075,RECEIVED,98bb60c1-4d63-4d15-b214-669db5574d95,ee771c23-f1f6-4046-9463-ca6b9ce3539b,c1,c3,1768,e11,?,
1769497477.310803,RECEIVED,10ddfc63-4d57-4ab3-82a7-cd9edd43b97e,632117e1-53dc-4772-9e52-a766172bac28,c1,c3,1780,e12,?,
1769497477.3263438,SENT,98bb60c1-4d63-4d15-b214-669db5574d95,ee771c23-f1f6-4046-9463-ca6b9ce3539b,c1,c3,1252,?,x3,
1769497477.3263855,FORWARDED,98bb60c1-4d63-4d15-b214-669db5574d95,ee771c23-f1f6-4046-9463-ca6b9ce3539b,c1,c3,1252,?,x3,
1769497477.398925,RECEIVED,6a8a26f4-547b-4b7f-868a-d7c18267c22c,d179b8b9-491e-4244-b40a-48704f825afb,c3,None,1603,e11,?,
1769497477.4203334,SENT,10ddfc63-4d57-4ab3-82a7-cd9edd43b97e,632117e1-53dc-4772-9e52-a766172bac28,c1,c3,1263,?,x4,
1769497477.42038,FORWARDED,10ddfc63-4d57-4ab3-82a7-cd9edd43b97e,632117e1-53dc-4772-9e52-a766172bac28,c1,c3,1263,?,x4,
1769497477.4663155,FORWARDED,6a8a26f4-547b-4b7f-868a-d7c18267c22c,d179b8b9-491e-4244-b40a-48704f825afb,c3,None,1131,?,x6,
1769497477.4931338,SENT,18345e95-3262-45a7-983c-36da37e28cf3,02b9d30c-6cc0-43b2-ac7c-4056ed5b3662,c3,None,1131,?,x5,
1769497477.4931772,FORWARDED,18345e95-3262-45a7-983c-36da37e28cf3,02b9d30c-6cc0-43b2-ac7c-4056ed5b3662,c3,None,1131,?,x5,
1769497477.6458972,RECEIVED,8afb2737-0421-47de-8d45-cf483703244b,67320943-354c-4eb1-97fc-d55671f62413,c3,c5,1768,e1,?,
1769497477.838471,SENT,8afb2737-0421-47de-8d45-cf483703244b,67320943-354c-4eb1-97fc-d55671f62413,c3,c5,1253,?,x4,
1769497477.8385117,FORWARDED,8afb2737-0421-47de-8d45-cf483703244b,67320943-354c-4eb1-97fc-d55671f62413,c3,c5,1253,?,x4,
1769497478.2419426,RECEIVED,c62d6edc-08fb-4b39-ae61-d836dac3d7fb,68fa2dd8-1c71-44a4-8ce7-b6239b5c8985,c1,c3,1771,e6,?,
1769497478.9454691,SENT,c62d6edc-08fb-4b39-ae61-d836dac3d7fb,68fa2dd8-1c71-44a4-8ce7-b6239b5c8985,c1,c3,1255,?,x1,
1769497478.9455104,FORWARDED,c62d6edc-08fb-4b39-ae61-d836dac3d7fb,68fa2dd8-1c71-44a4-8ce7-b6239b5c8985,c1,c3,1255,?,x1,
1769497479.366893,RECEIVED,8b4d6332-708b-4c98-b27a-0149d8a44c1b,35faa6c9-610e-4c99-8a97-3306ecdf3ae4,c3,None,1597,e3,?,
1769497479.519494,SENT,8b4d6332-708b-4c98-b27a-0149d8a44c1b,35faa6c9-610e-4c99-8a97-3306ecdf3ae4,c3,None,1124,?,x11,
1769497479.5195425,FORWARDED,8b4d6332-708b-4c98-b27a-0149d8a44c1b,35faa6c9-610e-4c99-8a97-3306ecdf3ae4,c3,None,1124,?,x11,
1769497479.6642582,RECEIVED,282ef50d-64ae-4fcb-bcfb-d2ec8cbda281,c0c86daa-2cfa-4609-9f49-41b18b3a0078,c2,c3,1764,e11,?,
1769497479.9118707,SENT,282ef50d-64ae-4fcb-bcfb-d2ec8cbda281,c0c86daa-2cfa-4609-9f49-41b18b3a0078,c2,c3,1251,?,x5,
1769497479.9119177,FORWARDED,282ef50d-64ae-4fcb-bcfb-d2ec8cbda281,c0c86daa-2cfa-4609-9f49-41b18b3a0078,c2,c3,1251,?,x5,
1769497479.9885292,RECEIVED,b0a3e978-233d-4952-9b47-febd1ba34426,409f4434-d57a-4d3a-bf87-53db05172e98,c4,c3,1760,e7,?,
1769497480.138962,SENT,b0a3e978-233d-4952-9b47-febd1ba34426,409f4434-d57a-4d3a-bf87-53db05172e98,c4,c3,1248,?,x8,
1769497480.1390052,FORWARDED,b0a3e978-233d-4952-9b47-febd1ba34426,409f4434-d57a-4d3a-bf87-53db05172e98,c4,c3,1248,?,x8,
1769497480.8937216,RECEIVED,53c9903a-e8ce-4edd-89b2-2fe6f92470a2,4ed1f9c8-63f3-4102-886f-8dedd35e964c,c3,None,1591,e5,?,
1769497480.974099,RECEIVED,cb9b8cfb-ed3a-4fdb-acb9-3a3557cf8e45,0cb1fbc4-a3db-4763-84ea-0c1b8b344f59,c3,None,1609,e6,?,
1769497481.0038567,RECEIVED,1a923800-6868-432b-8828-4f9bbfe21f6b,63a3e224-5170-43e6-a5fa-d6a5a8532c23,c4,c3,1778,e11,?,
1769497481.1535044,RECEIVED,dd8803a8-05a3-44d7-8be8-5f03b63d0408,aa36d4e4-3b17-4916-bf5a-c26cb5c5e1f1,c3,c5,1768,e1,?,
1769497481.2131724,RECEIVED,e5f59dc8-2af8-4765-9d10-23676d2e17c1,a470340a-980d-4505-9acb-68abd2ccb693,c3,c5,1764,e6,?,
1769497481.225899,SENT,dd8803a8-05a3-44d7-8be8-5f03b63d0408,aa36d4e4-3b17-4916-bf5a-c26cb5c5e1f1,c3,c5,1252,?,x5,
1769497481.2259743,FORWARDED,dd8803a8-05a3-44d7-8be8-5f03b63d0408,aa36d4e4-3b17-4916-bf5a-c26cb5c5e1f1,c3,c5,1252,?,x5,
1769497481.235289,SENT,e5f59dc8-2af8-4765-9d10-23676d2e17c1,a470340a-980d-4505-9acb-68abd2ccb693,c3,c5,1251,?,x5,
1769497481.2353642,FORWARDED,e5f59dc8-2af8-4765-9d10-23676d2e17c1,a470340a-980d-4505-9acb-68abd2ccb693,c3,c5,1251,?,x5,
1769497481.3081605,SENT,53c9903a-e8ce-4edd-89b2-2fe6f92470a2,4ed1f9c8-63f3-4102-886f-8dedd35e964c,c3,None,1122,?,x4,
1769497481.3082404,FORWARDED,53c9903a-e8ce-4edd-89b2-2fe6f92470a2,4ed1f9c8-63f3-4102-886f-8dedd35e964c,c3,None,1122,?,x4,
1769497481.3276684,RECEIVED,571ff344-3736-458b-9937-eafc798fde92,4f8e50ee-9db1-4c89-8293-b487b83eac93,c5,c2,1760,e8,?,
1769497481.3449223,SENT,cb9b8cfb-ed3a-4fdb-acb9-3a3557cf8e45,0cb1fbc4-a3db-4763-84ea-0c1b8b344f59,c3,None,1132,?,x11,
1769497481.3449984,FORWARDED,cb9b8cfb-ed3a-4fdb-acb9-3a3557cf8e45,0cb1fbc4-a3db-4763-84ea-0c1b8b344f59,c3,None,1132,?,x11,
1769497481.4269915,SENT,571ff344-3736-458b-9937-eafc798fde92,4f8e50ee-9db1-4c89-8293-b487b83eac93,c5,c2,1248,?,x9,
1769497481.4270828,FORWARDED,571ff344-3736-458b-9937-eafc798fde92,4f8e50ee-9db1-4c89-8293-b487b83eac93,c5,c2,1248,?,x9,
1769497481.4469864,RECEIVED,8d99670b-499c-415b-b523-d13db6c8b4ca,1726870e-ab2d-4c1c-b37f-3f17668cf8d7,c4,c3,1776,e5,?,
1769497481.520375,RECEIVED,e2670cd7-1dcf-4af5-ba28-51def34095be,ed483fc1-2738-4c4a-91a0-15826e4874d5,c2,c3,1781,e12,?,
1769497481.5616145,SENT,e2670cd7-1dcf-4af5-ba28-51def34095be,ed483fc1-2738-4c4a-91a0-15826e4874d5,c2,c3,1262,?,x10,
1769497481.5616574,FORWARDED,e2670cd7-1dcf-4af5-ba28-51def34095be,ed483fc1-2738-4c4a-91a0-15826e4874d5,c2,c3,1262,?,x10,
1769497481.636455,FORWARDED,8d99670b-499c-415b-b523-d13db6c8b4ca,1726870e-ab2d-4c1c-b37f-3f17668cf8d7,c4,c3,1260,?,x6,
1769497481.735945,SENT,1a923800-6868-432b-8828-4f9bbfe21f6b,63a3e224-5170-43e6-a5fa-d6a5a8532c23,c4,c3,1263,?,x2,
1769497481.7359867,FORWARDED,1a923800-6868-432b-8828-4f9bbfe21f6b,63a3e224-5170-43e6-a5fa-d6a5a8532c23,c4,c3,1263,?,x2,
1769497481.9209976,RECEIVED,9b5f3607-fc53-434f-b311-7dcbd9e2d834,2d28df2f-babb-429c-a885-5f2a2a463395,c3,None,1599,e3,?,
1769497483.0834801,RECEIVED,b174a727-d35b-4db3-9cca-91f37a960298,da701b58-c5a8-4e0f-9be4-7ca07b5def2a,c5,c2,1780,e11,?,
1769497483.259657,RECEIVED,f6f3fcd0-ec46-4f98-bca3-9ae94b0a9868,0b34169a-e16f-4bcb-9f69-5188770ff552,c3,None,1599,e6,?,
1769497483.311828,SENT,b174a727-d35b-4db3-9cca-91f37a960298,da701b58-c5a8-4e0f-9be4-7ca07b5def2a,c5,c2,1263,?,x7,
1769497483.3118708,FORWARDED,b174a727-d35b-4db3-9cca-91f37a960298,da701b58-c5a8-4e0f-9be4-7ca07b5def2a,c5,c2,1263,?,x7,
1769497483.3171444,SENT,9b5f3607-fc53-434f-b311-7dcbd9e2d834,2d28df2f-babb-429c-a885-5f2a2a463395,c3,None,1127,?,x1,
1769497483.3171885,FORWARDED,9b5f3607-fc53-434f-b311-7dcbd9e2d834,2d28df2f-babb-429c-a885-5f2a2a463395,c3,None,1127,?,x1,
1769497483.3999724,SENT,f6f3fcd0-ec46-4f98-bca3-9ae94b0a9868,0b34169a-e16f-4bcb-9f69-5188770ff552,c3,None,1127,?,x5,
1769497483.400007,FORWARDED,f6f3fcd0-ec46-4f98-bca3-9ae94b0a9868,0b34169a-e16f-4bcb-9f69-5188770ff552,c3,None,1127,?,x5,
1769497483.5125334,RECEIVED,0c2c7ea3-6df0-484b-8347-14f91c1be679,f9f79306-a4ea-4a74-a795-d2ceea066748,c4,c3,1775,e1,?,
1769497483.9537263,FORWARDED,0c2c7ea3-6df0-484b-8347-14f91c1be679,f9f79306-a4ea-4a74-a795-d2ceea066748,c4,c3,1260,?,x6,
1769497484.0780673,RECEIVED,a024ce9d-d419-41dc-a465-fcf302f911ec,571b54ee-ec69-48a9-9ccc-e343c483bb89,c3,c5,1774,e10,?,
1769497484.6240163,RECEIVED,b5ff2aee-0e66-4719-9536-f760ac7fd700,836abc2a-5580-4264-a4cd-271f29d3af12,c5,None,1596,e6,?,
1769497484.8811674,SENT,a024ce9d-d419-41dc-a465-fcf302f911ec,571b54ee-ec69-48a9-9ccc-e343c483bb89,c3,c5,1259,?,x5,
1769497484.8812165,FORWARDED,a024ce9d-d419-41dc-a465-fcf302f911ec,571b54ee-ec69-48a9-9ccc-e343c483bb89,c3,c5,1259,?,x5,
1769497485.1995878,RECEIVED,ee42cc9c-cf98-4de4-bfc1-6f5ec3b590ab,b9aa477b-68bf-4608-bc29-d3b722cc85c4,c1,c3,1771,e1,?,
1769497485.4258888,SENT,ee42cc9c-cf98-4de4-bfc1-6f5ec3b590ab,b9aa477b-68bf-4608-bc29-d3b722cc85c4,c1,c3,1256,?,x4,
1769497485.4259465,FORWARDED,ee42cc9c-cf98-4de4-bfc1-6f5ec3b590ab,b9aa477b-68bf-4608-bc29-d3b722cc85c4,c1,c3,1256,?,x4,
1769497485.4383643,SENT,b5ff2aee-0e66-4719-9536-f760ac7fd700,836abc2a-5580-4264-a4cd-271f29d3af12,c5,None,1123,?,x10,
1769497485.438411,FORWARDED,b5ff2aee-0e66-4719-9536-f760ac7fd700,836abc2a-5580-4264-a4cd-271f29d3af12,c5,None,1123,?,x10,
1769497485.591263,RECEIVED,87de8dc9-a19a-48cc-9ed6-c54db99751e7,aa527624-4de8-4448-b836-53187d1de34e,c2,c3,1764,e6,?,
1769497485.6783776,FORWARDED,87de8dc9-a19a-48cc-9ed6-c54db99751e7,aa527624-4de8-4448-b836-53187d1de34e,c2,c3,1251,?,x6,
1769497485.768136,RECEIVED,1e2207d7-d98d-4983-bc7d-29157860bfff,7704fe4a-a38f-4714-be9a-aca444a2bf2e,c4,c3,1775,e6,?,
1769497485.8703852,RECEIVED,0a018d5e-d6f1-4df7-81b3-19788aa0b772,c4264842-defa-4ffd-9d82-73e6d73cd8da,c3,None,1608,e11,?,
1769497485.9597235,RECEIVED,b28a703a-5abb-4ff8-86e3-7d1f64842894,9499d80c-8861-4a68-83cb-cb5995ba8a94,c5,None,1595,e3,?,
1769497486.032965,RECEIVED,22dcabde-fd42-47e3-a814-363f3ecd721b,6a0eb1f4-0a95-4761-9f21-db63aed2a37c,c5,None,1599,e11,?,
1769497486.061641,SENT,b28a703a-5abb-4ff8-86e3-7d1f64842894,9499d80c-8861-4a68-83cb-cb5995ba8a94,c5,None,1124,?,x5,
1769497486.0616887,FORWARDED,b28a703a-5abb-4ff8-86e3-7d1f64842894,9499d80c-8861-4a68-83cb-cb5995ba8a94,c5,None,1124,?,x5,
1769497486.1280181,SENT,1e2207d7-d98d-4983-bc7d-29157860bfff,7704fe4a-a38f-4714-be9a-aca444a2bf2e,c4,c3,1260,?,x7,
1769497486.1281536,FORWARDED,1e2207d7-d98d-4983-bc7d-29157860bfff,7704fe4a-a38f-4714-be9a-aca444a2bf2e,c4,c3,1260,?,x7,
1769497486.285127,RECEIVED,b5d9d0c5-e3ba-4cec-aea9-415a99427e87,71d84017-8aff-4655-b5e5-ca787521c849,c1,c3,1775,e1,?,
1769497486.3330963,SENT,0a018d5e-d6f1-4df7-81b3-19788aa0b772,c4264842-defa-4ffd-9d82-73e6d73cd8da,c3,None,1132,?,x4,
1769497486.3331428,FORWARDED,0a018d5e-d6f1-4df7-81b3-19788aa0b772,c4264842-defa-4ffd-9d82-73e6d73cd8da,c3,None,1132,?,x4,
1769497486.7327569,RECEIVED,83d23040-a34b-4e5f-9def-666f5f0fe6d7,b417be9f-33f5-41d5-8801-850677f1dad5,c2,None,1595,e2,?,
1769497486.7623022,SENT,22dcabde-fd42-47e3-a814-363f3ecd721b,6a0eb1f4-0a95-4761-9f21-db63aed2a37c,c5,None,1128,?,x4,
1769497486.7623446,FORWARDED,22dcabde-fd42-47e3-a814-363f3ecd721b,6a0eb1f4-0a95-4761-9f21-db63aed2a37c,c5,None,1128,?,x4,
1769497487.0897965,SENT,83d23040-a34b-4e5f-9def-666f5f0fe6d7,b417be9f-33f5-41d5-8801-850677f1dad5,c2,None,1123,?,x1,
1769497487.0898674,FORWARDED,83d23040-a34b-4e5f-9def-666f5f0fe6d7,b417be9f-33f5-41d5-8801-850677f1dad5,c2,None,1123,?,x1,
1769497487.2229605,RECEIVED,d7539698-d909-49fd-84dd-1ef7fc632508,7d2dcb72-26a8-42e2-9d3b-4231d4556b96,c3,None,1613,e11,?,
1769497487.3107572,SENT,d7539698-d909-49fd-84dd-1ef7fc632508,7d2dcb72-26a8-42e2-9d3b-4231d4556b96,c3,None,1135,?,x11,
1769497487.3108191,FORWARDED,d7539698-d909-49fd-84dd-1ef7fc632508,7d2dcb72-26a8-42e2-9d3b-4231d4556b96,c3,None,1135,?,x11,
1769497487.4873574,SENT,b5d9d0c5-e3ba-4cec-aea9-415a99427e87,71d84017-8aff-4655-b5e5-ca787521c849,c1,c3,1259,?,x1,
1769497487.4874315,FORWARDED,b5d9d0c5-e3ba-4cec-aea9-415a99427e87,71d84017-8aff-4655-b5e5-ca787521c849,c1,c3,1259,?,x1,
1769497487.6677668,RECEIVED,2be6e6c1-13b4-4563-b601-cbcbe8fa68af,0ce7f7d6-43ab-46ec-8493-b342d2299b2f,c1,c3,1775,e2,?,
1769497487.8458285,SENT,2be6e6c1-13b4-4563-b601-cbcbe8fa68af,0ce7f7d6-43ab-46ec-8493-b342d2299b2f,c1,c3,1260,?,x8,
1769497487.8458753,FORWARDED,2be6e6c1-13b4-4563-b601-cbcbe8fa68af,0ce7f7d6-43ab-46ec-8493-b342d2299b2f,c1,c3,1260,?,x8,
1769497487.8531988,RECEIVED,e46bb863-7ab1-4b46-991e-db2d446dd773,40539369-346b-487f-b76a-54d53edcd6db,c3,c5,1768,e2,?,
1769497487.934652,RECEIVED,3f339dc9-3f11-4a90-95fd-71dd4cbc9825,79f64c3a-f651-4b21-88e5-d68c604e0438,c5,c2,1784,e12,?,
1769497488.0464313,SENT,3f339dc9-3f11-4a90-95fd-71dd4cbc9825,79f64c3a-f651-4b21-88e5-d68c604e0438,c5,c2,1264,?,x2,
1769497488.0464993,FORWARDED,3f339dc9-3f11-4a90-95fd-71dd4cbc9825,79f64c3a-f651-4b21-88e5-d68c604e0438,c5,c2,1264,?,x2,
1769497488.1446407,RECEIVED,3482f194-497f-45c5-82f2-85cb9c3a3b64,4a503daa-a3c7-4d66-8d36-6d234293cb96,c2,None,1602,e2,?,
1769497488.1643298,SENT,e46bb863-7ab1-4b46-991e-db2d446dd773,40539369-346b-487f-b76a-54d53edcd6db,c3,c5,1252,?,x2,
1769497488.1643968,FORWARDED,e46bb863-7ab1-4b46-991e-db2d446dd773,40539369-346b-487f-b76a-54d53edcd6db,c3,c5,1252,?,x2,
1769497488.4231083,RECEIVED,aef0346d-e354-48c6-a9dc-f46eb88704fa,cae42bd1-f223-457d-945c-85bc364545a7,c4,c3,1772,e9,?,
1769497488.575351,SENT,aef0346d-e354-48c6-a9dc-f46eb88704fa,cae42bd1-f223-457d-945c-85bc364545a7,c4,c3,1255,?,x2,
1769497488.5753982,FORWARDED,aef0346d-e354-48c6-a9dc-f46eb88704fa,cae42bd1-f223-457d-945c-85bc364545a7,c4,c3,1255,?,x2,
1769497488.736812,RECEIVED,7219daa1-ae42-4384-9ad7-eab24cfa74f7,5fefb140-a8dd-4d51-86dd-bc146d9cb797,c4,c3,1764,e10,?,
1769497488.7785575,SENT,7219daa1-ae42-4384-9ad7-eab24cfa74f7,5fefb140-a8dd-4d51-86dd-bc146d9cb797,c4,c3,1251,?,x7,
1769497488.7786062,FORWARDED,7219daa1-ae42-4384-9ad7-eab24cfa74f7,5fefb140-a8dd-4d51-86dd-bc146d9cb797,c4,c3,1251,?,x7,
1769497489.0356886,SENT,3482f194-497f-45c5-82f2-85cb9c3a3b64,4a503daa-a3c7-4d66-8d36-6d234293cb96,c2,None,1131,?,x7,
1769497489.035733,FORWARDED,3482f194-497f-45c5-82f2-85cb9c3a3b64,4a503daa-a3c7-4d66-8d36-6d234293cb96,c2,None,1131,?,x7,
1769497489.373565,RECEIVED,910deaae-3080-45b7-a650-ff7764a49322,4f414897-5ff2-4a39-b2ba-703e9f1cb94d,c2,c3,1780,e1,?,
1769497489.7082758,SENT,910deaae-3080-45b7-a650-ff7764a49322,4f414897-5ff2-4a39-b2ba-703e9f1cb94d,c2,c3,1263,?,x12,
1769497489.7083826,FORWARDED,910deaae-3080-45b7-a650-ff7764a49322,4f414897-5ff2-4a39-b2ba-703e9f1cb94d,c2,c3,1263,?,x12,
1769497491.290164,RECEIVED,10b95830-277a-4ffe-b364-5143db239366,61d4c2bd-4f4a-43b7-9766-18ec218c9f2b,c5,c2,1779,e11,?,
1769497491.3886209,RECEIVED,002beb7b-9148-4bb5-a956-4f522fab94c4,796bcd3f-5276-41a7-84ed-1c9775ca72ae,c1,c3,1776,e12,?,
1769497491.6044097,RECEIVED,9a04d130-a27a-43cb-90be-53e488bbe8db,dce92a7e-c246-4112-9c8c-f6497cb8a77d,c3,None,1607,e7,?,
1769497491.7512891,SENT,9a04d130-a27a-43cb-90be-53e488bbe8db,dce92a7e-c246-4112-9c8c-f6497cb8a77d,c3,None,1132,?,x3,
1769497491.7513406,FORWARDED,9a04d130-a27a-43cb-90be-53e488bbe8db,dce92a7e-c246-4112-9c8c-f6497cb8a77d,c3,None,1132,?,x3,
1769497491.7831018,RECEIVED,e7476faa-4dd6-4d6b-974a-0b0fd352b03b,d6b5faf5-c540-4ccd-9be7-89545b90b816,c2,c3,1764,e7,?,
1769497492.0002086,SENT,10b95830-277a-4ffe-b364-5143db239366,61d4c2bd-4f4a-43b7-9766-18ec218c9f2b,c5,c2,1263,?,x1,
1769497492.0002625,FORWARDED,10b95830-277a-4ffe-b364-5143db239366,61d4c2bd-4f4a-43b7-9766-18ec218c9f2b,c5,c2,1263,?,x1,
1769497492.0706255,RECEIVED,6816c070-aaf0-4ae7-8142-8a4d4f1eb2c1,19047dba-9b2a-4f64-9f80-677e7e8d7ba3,c2,None,1606,e1,?,
1769497492.0748143,RECEIVED,c1dd9bad-27e9-4868-93da-b8a0fa1cae31,bb33cc2a-f239-4c9e-9abf-f05ca8c4a8f4,c5,c2,1771,e9,?,
1769497492.226647,RECEIVED,c4439bca-49d4-437d-bb75-58b77d3d1d6f,980c8b6e-8796-4639-9667-4c1173eaaffe,c5,c2,1763,e5,?,
1769497492.287255,SENT,e7476faa-4dd6-4d6b-974a-0b0fd352b03b,d6b5faf5-c540-4ccd-9be7-89545b90b816,c2,c3,1251,?,x12,
1769497492.2873175,FORWARDED,e7476faa-4dd6-4d6b-974a-0b0fd352b03b,d6b5faf5-c540-4ccd-9be7-89545b90b816,c2,c3,1251,?,x12,
1769497492.4603026,RECEIVED,a49b43ed-ea82-4922-ad89-06aef6a58524,b66f4924-d14b-4db5-9359-1cf6f526a9be,c3,c5,1779,e12,?,
1769497492.6335728,SENT,c1dd9bad-27e9-4868-93da-b8a0fa1cae31,bb33cc2a-f239-4c9e-9abf-f05ca8c4a8f4,c5,c2,1256,?,x7,
1769497492.6336353,FORWARDED,c1dd9bad-27e9-4868-93da-b8a0fa1cae31,bb33cc2a-f239-4c9e-9abf-f05ca8c4a8f4,c5,c2,1256,?,x7,
1769497492.645806,RECEIVED,eedfae26-4ef2-4deb-ab9c-4da0fb87f57b,2703b00f-a981-40d6-b017-f67868e0460d,c3,None,1604,e6,?,
1769497492.7540905,FORWARDED,6816c070-aaf0-4ae7-8142-8a4d4f1eb2c1,19047dba-9b2a-4f64-9f80-677e7e8d7ba3,c2,None,1132,?,x6,
1769497492.8161569,SENT,eedfae26-4ef2-4deb-ab9c-4da0fb87f57b,2703b00f-a981-40d6-b017-f67868e0460d,c3,None,1130,?,x3,
1769497492.8162215,FORWARDED,eedfae26-4ef2-4deb-ab9c-4da0fb87f57b,2703b00f-a981-40d6-b017-f67868e0460d,c3,None,1130,?,x3,
1769497493.0424614,SENT,c4439bca-49d4-437d-bb75-58b77d3d1d6f,980c8b6e-8796-4639-9667-4c1173eaaffe,c5,c2,1251,?,x10,
1769497493.042522,FORWARDED,c4439bca-49d4-437d-bb75-58b77d3d1d6f,980c8b6e-8796-4639-9667-4c1173eaaffe,c5,c2,1251,?,x10,
1769497493.079138,SENT,002beb7b-9148-4bb5-a956-4f522fab94c4,796bcd3f-5276-41a7-84ed-1c9775ca72ae,c1,c3,1260,?,x10,
1769497493.0791965,FORWARDED,002beb7b-9148-4bb5-a956-4f522fab94c4,796bcd3f-5276-41a7-84ed-1c9775ca72ae,c1,c3,1260,?,x10,
1769497493.310437,RECEIVED,4db16859-ded2-4244-8669-ca310c46e65d,3ea9c4c0-fd02-4267-a0da-7071b2b35299,c5,c2,1771,e1,?,
1769497493.4384916,SENT,a49b43ed-ea82-4922-ad89-06aef6a58524,b66f4924-d14b-4db5-9359-1cf6f526a9be,c3,c5,1263,?,x4,
1769497493.4385424,FORWARDED,a49b43ed-ea82-4922-ad89-06aef6a58524,b66f4924-d14b-4db5-9359-1cf6f526a9be,c3,c5,1263,?,x4,
1769497493.6070795,RECEIVED,5be51a0a-403a-4126-b48e-5aa4a9733bd6,d15844f9-5471-4e60-887c-38bb8388b1fd,c1,c3,1779,e12,?,
1769497493.9498024,RECEIVED,6d79a7f7-94d8-4cf6-a88a-2823ccf48483,6ef2ff4f-619b-4ba2-988d-c36f5dc2516f,c2,c3,1762,e3,?,
1769497494.0698223,SENT,5be51a0a-403a-4126-b48e-5aa4a9733bd6,d15844f9-5471-4e60-887c-38bb8388b1fd,c1,c3,1263,?,x4,
1769497494.0698676,FORWARDED,5be51a0a-403a-4126-b48e-5aa4a9733bd6,d15844f9-5471-4e60-887c-38bb8388b1fd,c1,c3,1263,?,x4,
1769497494.2805765,SENT,4db16859-ded2-4244-8669-ca310c46e65d,3ea9c4c0-fd02-4267-a0da-7071b2b35299,c5,c2,1256,?,x2,
1769497494.2807097,FORWARDED,4db16859-ded2-4244-8669-ca310c46e65d,3ea9c4c0-fd02-4267-a0da-7071b2b35299,c5,c2,1256,?,x2,
1769497494.2944705,RECEIVED,765970a7-8bca-4d53-beae-9b59160a9256,d0b26e3c-c922-4179-8fc0-c2d27f2a5c43,c4,c3,1775,e3,?,
1769497494.42499,RECEIVED,5cdf8b10-4e59-437f-b3aa-9742c6d6444d,c945fbb3-1d62-4dec-9118-d9b8c60ddeab,c5,c2,1775,e9,?,
1769497494.4921207,SENT,765970a7-8bca-4d53-beae-9b59160a9256,d0b26e3c-c922-4179-8fc0-c2d27f2a5c43,c4,c3,1259,?,x5,
1769497494.4921637,FORWARDED,765970a7-8bca-4d53-beae-9b59160a9256,d0b26e3c-c922-4179-8fc0-c2d27f2a5c43,c4,c3,1259,?,x5,
1769497494.7799184,SENT,5cdf8b10-4e59-437f-b3aa-9742c6d6444d,c945fbb3-1d62-4dec-9118-d9b8c60ddeab,c5,c2,1259,?,x3,
1769497494.7799568,FORWARDED,5cdf8b10-4e59-437f-b3aa-9742c6d6444d,c945fbb3-1d62-4dec-9118-d9b8c60ddeab,c5,c2,1259,?,x3,
1769497494.97251,RECEIVED,25b22156-4bc0-4f6c-b19e-5510bc949c32,75e9bf2e-c43a-4891-bd70-728552dbaa4c,c4,c3,1771,e5,?,
1769497495.8668728,SENT,25b22156-4bc0-4f6c-b19e-5510bc949c32,75e9bf2e-c43a-4891-bd70-728552dbaa4c,c4,c3,1255,?,x2,
1769497495.8669333,FORWARDED,25b22156-4bc0-4f6c-b19e-5510bc949c32,75e9bf2e-c43a-4891-bd70-728552dbaa4c,c4,c3,1255,?,x2,
1769497495.9686408,RECEIVED,bfba23cc-bf53-40c4-bce5-ec8428b36dd9,665ef377-97b1-42d4-a450-fa5b3e60acf8,c1,c3,1779,e12,?,
1769497495.996398,SENT,6d79a7f7-94d8-4cf6-a88a-2823ccf48483,6ef2ff4f-619b-4ba2-988d-c36f5dc2516f,c2,c3,1251,?,x8,
1769497495.9964604,FORWARDED,6d79a7f7-94d8-4cf6-a88a-2823ccf48483,6ef2ff4f-619b-4ba2-988d-c36f5dc2516f,c2,c3,1251,?,x8,
1769497496.4348705,SENT,bfba23cc-bf53-40c4-bce5-ec8428b36dd9,665ef377-97b1-42d4-a450-fa5b3e60acf8,c1,c3,1263,?,x8,
1769497496.4349318,FORWARDED,bfba23cc-bf53-40c4-bce5-ec8428b36dd9,665ef377-97b1-42d4-a450-fa5b3e60acf8,c1,c3,1263,?,x8,
1769497496.824921,RECEIVED,14564903-9c66-46dd-bff2-df870a70662f,83c4e4bb-267d-45f2-acc9-a8458d9583b0,c3,c5,1771,e3,?,
1769497497.1392922,RECEIVED,d16f01bd-d2ed-443b-8a66-6862a386754d,f452edc9-7143-4273-9b89-1ceb4f5cc443,c3,None,1591,e11,?,
1769497497.2030685,RECEIVED,acfff80f-b633-49ca-ac66-23412f5ef0d1,e121fc86-1cb9-4902-8258-a758cdb3f339,c3,None,1603,e6,?,
1769497497.2520819,RECEIVED,ec637c7e-e4a5-4e72-809d-d4e374acb4fa,346f33c2-924a-434c-9fdf-69b75d90ba0a,c5,c2,1775,e1,?,
1769497497.364974,SENT,14564903-9c66-46dd-bff2-df870a70662f,83c4e4bb-267d-45f2-acc9-a8458d9583b0,c3,c5,1255,?,x8,
1769497497.3650165,FORWARDED,14564903-9c66-46dd-bff2-df870a70662f,83c4e4bb-267d-45f2-acc9-a8458d9583b0,c3,c5,1255,?,x8,
1769497497.3800118,SENT,d16f01bd-d2ed-443b-8a66-6862a386754d,f452edc9-7143-4273-9b89-1ceb4f5cc443,c3,None,1121,?,x8,
1769497497.3800752,FORWARDED,d16f01bd-d2ed-443b-8a66-6862a386754d,f452edc9-7143-4273-9b89-1ceb4f5cc443,c3,None,1121,?,x8,
1769497497.4327176,RECEIVED,b1c86d09-b4ec-49ac-b2d8-9bfb797cb2a5,e5b55752-13fe-4820-b775-b055905ef0df,c2,None,1606,e1,?,
1769497497.6699896,RECEIVED,c4bfafed-f3bc-42cf-897e-ffc61a61f48b,204f72d0-7fbe-4391-9739-7a20678c48b9,c3,None,1595,e9,?,
1769497497.802958,SENT,acfff80f-b633-49ca-ac66-23412f5ef0d1,e121fc86-1cb9-4902-8258-a758cdb3f339,c3,None,1131,?,x8,
1769497497.8030012,FORWARDED,acfff80f-b633-49ca-ac66-23412f5ef0d1,e121fc86-1cb9-4902-8258-a758cdb3f339,c3,None,1131,?,x8,
1769497497.913474,SENT,ec637c7e-e4a5-4e72-809d-d4e374acb4fa,346f33c2-924a-434c-9fdf-69b75d90ba0a,c5,c2,1259,?,x7,
1769497497.9135122,FORWARDED,ec637c7e-e4a5-4e72-809d-d4e374acb4fa,346f33c2-924a-434c-9fdf-69b75d90ba0a,c5,c2,1259,?,x7,
1769497498.0099099,SENT,b1c86d09-b4ec-49ac-b2d8-9bfb797cb2a5,e5b55752-13fe-4820-b775-b055905ef0df,c2,None,1132,?,x5,
1769497498.009952,FORWARDED,b1c86d09-b4ec-49ac-b2d8-9bfb797cb2a5,e5b55752-13fe-4820-b775-b055905ef0df,c2,None,1132,?,x5,
1769497498.037516,RECEIVED,8f294c6e-7b70-4f2e-84f5-6e77e280d3ba,b53e5250-184a-4207-bd8b-d8d449f0361e,c3,c5,1775,e8,?,
1769497498.0548358,RECEIVED,a6b21cf7-cd64-498a-9d58-a8725d923ff2,0a0cfc45-df14-4da2-b4f0-c602b5a27da5,c3,None,1603,e3,?,
1769497498.11443,SENT,8f294c6e-7b70-4f2e-84f5-6e77e280d3ba,b53e5250-184a-4207-bd8b-d8d449f0361e,c3,c5,1257,?,x12,
1769497498.1144738,FORWARDED,8f294c6e-7b70-4f2e-84f5-6e77e280d3ba,b53e5250-184a-4207-bd8b-d8d449f0361e,c3,c5,1257,?,x12,
1769497498.40572,SENT,a6b21cf7-cd64-498a-9d58-a8725d923ff2,0a0cfc45-df14-4da2-b4f0-c602b5a27da5,c3,None,1131,?,x5,
1769497498.4057639,FORWARDED,a6b21cf7-cd64-498a-9d58-a8725d923ff2,0a0cfc45-df14-4da2-b4f0-c602b5a27da5,c3,None,1131,?,x5,
1769497498.5430326,SENT,c4bfafed-f3bc-42cf-897e-ffc61a61f48b,204f72d0-7fbe-4391-9739-7a20678c48b9,c3,None,1124,?,x4,
1769497498.5430868,FORWARDED,c4bfafed-f3bc-42cf-897e-ffc61a61f48b,204f72d0-7fbe-4391-9739-7a20678c48b9,c3,None,1124,?,x4,
1769497498.8511195,RECEIVED,20e982d4-33c3-4714-89f0-91f1c31fc883,6f0056b2-02b1-41ed-8a1b-e06faaa606e4,c5,c2,1768,e2,?,
1769497499.0258934,SENT,20e982d4-33c3-4714-89f0-91f1c31fc883,6f0056b2-02b1-41ed-8a1b-e06faaa606e4,c5,c2,1252,?,x5,
1769497499.0259356,FORWARDED,20e982d4-33c3-4714-89f0-91f1c31fc883,6f0056b2-02b1-41ed-8a1b-e06faaa606e4,c5,c2,1252,?,x5,
1769497499.8320107,RECEIVED,e7b6a1f2-75a6-49e6-b1a6-a82e2ec6e0bf,1db90f68-11cf-4e76-92c6-16e6b22525a0,c5,None,1596,e6,?,
1769497500.2847753,SENT,e7b6a1f2-75a6-49e6-b1a6-a82e2ec6e0bf,1db90f68-11cf-4e76-92c6-16e6b22525a0,c5,None,1124,?,x12,
1769497500.2848184,FORWARDED,e7b6a1f2-75a6-49e6-b1a6-a82e2ec6e0bf,1db90f68-11cf-4e76-92c6-16e6b22525a0,c5,None,1124,?,x12,
1769497500.3810356,RECEIVED,0e1a8412-c9d0-4230-ab57-9c5b33204526,94c59f64-d41a-4a1a-ab2c-369e023496bc,c5,c2,1775,e1,?,
1769497500.3941572,RECEIVED,4c5b31f9-91c6-49f5-ba14-8a617ccb3ea0,f9a7bb52-fc88-4de1-891a-35cdfe135c21,c3,None,1607,e1,?,
1769497500.4870596,SENT,4c5b31f9-91c6-49f5-ba14-8a617ccb3ea0,f9a7bb52-fc88-4de1-891a-35cdfe135c21,c3,None,1133,?,x5,
1769497500.4871001,FORWARDED,4c5b31f9-91c6-49f5-ba14-8a617ccb3ea0,f9a7bb52-fc88-4de1-891a-35cdfe135c21,c3,None,1133,?,x5,
1769497501.1165552,RECEIVED,5837a23b-5cfc-47a8-96c3-ee66a45c6f1f,4feddd69-1cdd-4999-8215-6fc83f3b8ab8,c3,c5,1774,e5,?,
1769497501.9858537,RECEIVED,274cbb01-05c1-47ec-8091-52c5b0370c69,be1b629a-e12d-4dd9-837e-75546d180267,c4,c3,1773,e1,?,
1769497502.006735,FORWARDED,0e1a8412-c9d0-4230-ab57-9c5b33204526,94c59f64-d41a-4a1a-ab2c-369e023496bc,c5,c2,1260,?,x6,
1769497502.0745134,RECEIVED,5fcdae96-3012-4dc2-a173-f63491588fe6,86bfb4ad-bfc3-47e8-b4a5-aaf74c03ce1d,c2,None,1595,e2,?,
1769497502.1656256,SENT,5837a23b-5cfc-47a8-96c3-ee66a45c6f1f,4feddd69-1cdd-4999-8215-6fc83f3b8ab8,c3,c5,1260,?,x2,
1769497502.1656675,FORWARDED,5837a23b-5cfc-47a8-96c3-ee66a45c6f1f,4feddd69-1cdd-4999-8215-6fc83f3b8ab8,c3,c5,1260,?,x2,
1769497502.3443146,SENT,5fcdae96-3012-4dc2-a173-f63491588fe6,86bfb4ad-bfc3-47e8-b4a5-aaf74c03ce1d,c2,None,1123,?,x4,
1769497502.344356,FORWARDED,5fcdae96-3012-4dc2-a173-f63491588fe6,86bfb4ad-bfc3-47e8-b4a5-aaf74c03ce1d,c2,None,1123,?,x4,
1769497502.7139242,RECEIVED,6385253d-53a0-4708-aec7-df2b2d463a03,22ef2641-69e9-4f89-bfe6-0eaeab16da01,c5,c2,1777,e12,?,
1769497502.9403222,SENT,6385253d-53a0-4708-aec7-df2b2d463a03,22ef2641-69e9-4f89-bfe6-0eaeab16da01,c5,c2,1259,?,x12,
1769497502.9403737,FORWARDED,6385253d-53a0-4708-aec7-df2b2d463a03,22ef2641-69e9-4f89-bfe6-0eaeab16da01,c5,c2,1259,?,x12,
1769497503.0277574,RECEIVED,d64c642b-37b9-4bdc-9711-8fb8ebc07d01,16493bcb-e0d3-4b35-a526-244eece6d656,c2,None,1599,e1,?,
1769497503.0637348,SENT,274cbb01-05c1-47ec-8091-52c5b0370c69,be1b629a-e12d-4dd9-837e-75546d180267,c4,c3,1260,?,x4,
1769497503.0637755,FORWARDED,274cbb01-05c1-47ec-8091-52c5b0370c69,be1b629a-e12d-4dd9-837e-75546d180267,c4,c3,1260,?,x4,
1769497503.1783373,RECEIVED,39a907e8-fa19-42de-a22f-c58319322c9e,fe9008dc-b295-4bbb-80a5-7b3dbd009eec,c2,None,1595,e6,?,
1769497503.2509117,RECEIVED,d3e1c690-fe51-4df9-a8fe-ba4bd8ee0fae,b21d9598-3336-44dd-8ab8-13e896fe0803,c1,c3,1772,e3,?,
1769497503.7075355,SENT,d64c642b-37b9-4bdc-9711-8fb8ebc07d01,16493bcb-e0d3-4b35-a526-244eece6d656,c2,None,1127,?,x3,
1769497503.707577,FORWARDED,d64c642b-37b9-4bdc-9711-8fb8ebc07d01,16493bcb-e0d3-4b35-a526-244eece6d656,c2,None,1127,?,x3,
1769497503.8821359,SENT,39a907e8-fa19-42de-a22f-c58319322c9e,fe9008dc-b295-4bbb-80a5-7b3dbd009eec,c2,None,1123,?,x2,
1769497503.8821805,FORWARDED,39a907e8-fa19-42de-a22f-c58319322c9e,fe9008dc-b295-4bbb-80a5-7b3dbd009eec,c2,None,1123,?,x2,
1769497504.2992575,SENT,d3e1c690-fe51-4df9-a8fe-ba4bd8ee0fae,b21d9598-3336-44dd-8ab8-13e896fe0803,c1,c3,1256,?,x11,
1769497504.2993016,FORWARDED,d3e1c690-fe51-4df9-a8fe-ba4bd8ee0fae,b21d9598-3336-44dd-8ab8-13e896fe0803,c1,c3,1256,?,x11,
1769497504.500035,RECEIVED,34a50936-c4ed-492c-bfa1-05f157d4cf5e,f89a40cb-f8d9-4e17-b5a0-664f2b6c8de5,c3,c5,1781,e7,?,
1769497504.9217696,SENT,34a50936-c4ed-492c-bfa1-05f157d4cf5e,f89a40cb-f8d9-4e17-b5a0-664f2b6c8de5,c3,c5,1263,?,x12,
1769497504.9218097,FORWARDED,34a50936-c4ed-492c-bfa1-05f157d4cf5e,f89a40cb-f8d9-4e17-b5a0-664f2b6c8de5,c3,c5,1263,?,x12,
1769497505.2108583,RECEIVED,157aa889-155a-4df2-9a81-0e3bbaaea5e0,297b5ef9-58a7-47bc-8e47-bf355b8f302f,c3,None,1608,e6,?,
1769497505.709854,RECEIVED,a0baafd0-e375-4570-94f8-e81bbd72b0fe,da9a5f76-0b2b-4621-97b3-25e5c0e386c0,c1,c3,1775,e1,?,
1769497506.1370964,SENT,157aa889-155a-4df2-9a81-0e3bbaaea5e0,297b5ef9-58a7-47bc-8e47-bf355b8f302f,c3,None,1132,?,x11,
1769497506.1371517,FORWARDED,157aa889-155a-4df2-9a81-0e3bbaaea5e0,297b5ef9-58a7-47bc-8e47-bf355b8f302f,c3,None,1132,?,x11,
1769497506.548583,SENT,a0baafd0-e375-4570-94f8-e81bbd72b0fe,da9a5f76-0b2b-4621-97b3-25e5c0e386c0,c1,c3,1259,?,x8,
1769497506.5486224,FORWARDED,a0baafd0-e375-4570-94f8-e81bbd72b0fe,da9a5f76-0b2b-4621-97b3-25e5c0e386c0,c1,c3,1259,?,x8,
1769497506.5733302,RECEIVED,2c554069-f667-41f0-b798-8604e7e6d642,adf366c1-da76-4cd4-bb90-487fd160dfc5,c5,c2,1768,e9,?,
1769497506.8171973,SENT,2c554069-f667-41f0-b798-8604e7e6d642,adf366c1-da76-4cd4-bb90-487fd160dfc5,c5,c2,1252,?,x8,
1769497506.81724,FORWARDED,2c554069-f667-41f0-b798-8604e7e6d642,adf366c1-da76-4cd4-bb90-487fd160dfc5,c5,c2,1252,?,x8,
1769497508.579033,RECEIVED,fdb3f0a3-2e1e-4f78-9029-698c7f119ebe,4a32f1af-5244-4ebd-a190-5a24c0793e44,c2,None,1604,e6,?,
1769497508.8185124,RECEIVED,e7dd1c3d-9571-4d6f-9b82-2f039bcb6a52,a3f7611f-b565-490e-ab45-b4c90bb83f8f,c5,None,1605,e5,?,
1769497508.8984363,SENT,fdb3f0a3-2e1e-4f78-9029-698c7f119ebe,4a32f1af-5244-4ebd-a190-5a24c0793e44,c2,None,1131,?,x11,
1769497508.8984795,FORWARDED,fdb3f0a3-2e1e-4f78-9029-698c7f119ebe,4a32f1af-5244-4ebd-a190-5a24c0793e44,c2,None,1131,?,x11,
1769497509.1856084,SENT,e7dd1c3d-9571-4d6f-9b82-2f039bcb6a52,a3f7611f-b565-490e-ab45-b4c90bb83f8f,c5,None,1131,?,x12,
1769497509.1856735,FORWARDED,e7dd1c3d-9571-4d6f-9b82-2f039bcb6a52,a3f7611f-b565-490e-ab45-b4c90bb83f8f,c5,None,1131,?,x12,
1769497509.3254554,RECEIVED,ce7c9368-9996-43bf-a4d5-b0fa6162ee7e,47353efd-9bbd-472d-abf7-bf9963799d5c,c3,None,1608,e10,?,
1769497509.3856292,RECEIVED,fbdb0ead-3325-47ad-b7b6-62fdac0695f2,1ccb9233-d6de-4ceb-9931-fdbcdb67a1b2,c5,c2,1787,e10,?,
1769497509.769455,SENT,ce7c9368-9996-43bf-a4d5-b0fa6162ee7e,47353efd-9bbd-472d-abf7-bf9963799d5c,c3,None,1132,?,x2,
1769497509.7694993,FORWARDED,ce7c9368-9996-43bf-a4d5-b0fa6162ee7e,47353efd-9bbd-472d-abf7-bf9963799d5c,c3,None,1132,?,x2,
1769497510.0730395,RECEIVED,fdc05e2a-b8a4-4dd8-b0a7-d30b172b8891,e5ce8d34-d884-4af0-87f8-649c70d3ac92,c1,c3,1775,e6,?,
1769497510.0960884,RECEIVED,d6cc14ce-9d9e-4096-8017-6a6082339386,4093fd1b-73b2-4645-be86-e916342ebe66,c2,c3,1781,e11,?,
1769497510.2164233,SENT,d6cc14ce-9d9e-4096-8017-6a6082339386,4093fd1b-73b2-4645-be86-e916342ebe66,c2,c3,1263,?,x12,
1769497510.2164676,FORWARDED,d6cc14ce-9d9e-4096-8017-6a6082339386,4093fd1b-73b2-4645-be86-e916342ebe66,c2,c3,1263,?,x12,
1769497510.2378585,SENT,fdc05e2a-b8a4-4dd8-b0a7-d30b172b8891,e5ce8d34-d884-4af0-87f8-649c70d3ac92,c1,c3,1260,?,x9,
1769497510.2379026,FORWARDED,fdc05e2a-b8a4-4dd8-b0a7-d30b172b8891,e5ce8d34-d884-4af0-87f8-649c70d3ac92,c1,c3,1260,?,x9,
1769497510.2761953,SENT,fbdb0ead-3325-47ad-b7b6-62fdac0695f2,1ccb9233-d6de-4ceb-9931-fdbcdb67a1b2,c5,c2,1268,?,x2,
1769497510.2762365,FORWARDED,fbdb0ead-3325-47ad-b7b6-62fdac0695f2,1ccb9233-d6de-4ceb-9931-fdbcdb67a1b2,c5,c2,1268,?,x2,
1769497510.4168084,RECEIVED,2e4bf1fc-e4ae-4540-ab4f-aebbaa58d970,37627950-bd68-48e4-b9b4-92ac28f33f77,c2,c3,1772,e8,?,
1769497510.662396,SENT,2e4bf1fc-e4ae-4540-ab4f-aebbaa58d970,37627950-bd68-48e4-b9b4-92ac28f33f77,c2,c3,1255,?,x11,
1769497510.6624384,FORWARDED,2e4bf1fc-e4ae-4540-ab4f-aebbaa58d970,37627950-bd68-48e4-b9b4-92ac28f33f77,c2,c3,1255,?,x11,
1769497511.1244764,RECEIVED,7218cee0-beae-4e0d-93c7-c95f5bd23240,43313945-d099-46e2-9aae-77fb71d8af58,c3,None,1604,e11,?,
1769497511.3545115,SENT,7218cee0-beae-4e0d-93c7-c95f5bd23240,43313945-d099-46e2-9aae-77fb71d8af58,c3,None,1129,?,x2,
1769497511.3546247,FORWARDED,7218cee0-beae-4e0d-93c7-c95f5bd23240,43313945-d099-46e2-9aae-77fb71d8af58,c3,None,1129,?,x2,
1769497511.6942863,RECEIVED,d3c282d4-5c16-47d2-adfd-824543f040f5,f42f11ae-e0ce-426b-a332-1a81dc52ea5a,c3,None,1597,e6,?,
1769497512.3760703,RECEIVED,de07247d-0ab5-42af-af76-8f6e937b1a6f,5d9f5036-3b58-4258-9217-2573a0f0a48c,c1,c3,1781,e10,?,
1769497512.397007,RECEIVED,17cf8ba0-94ec-49ab-ab4b-341c7b0ac067,35957303-786d-4a4d-b959-89ff60c700d1,c3,None,1595,e11,?,
1769497512.4715238,SENT,de07247d-0ab5-42af-af76-8f6e937b1a6f,5d9f5036-3b58-4258-9217-2573a0f0a48c,c1,c3,1263,?,x11,
1769497512.471566,FORWARDED,de07247d-0ab5-42af-af76-8f6e937b1a6f,5d9f5036-3b58-4258-9217-2573a0f0a48c,c1,c3,1263,?,x11,
1769497512.761598,RECEIVED,28d7b44c-03ef-44f7-86e0-fdab776cd3db,db1d403f-eb5c-4ba1-9b52-34013584b519,c3,None,1608,e6,?,
1769497512.8536093,SENT,28d7b44c-03ef-44f7-86e0-fdab776cd3db,db1d403f-eb5c-4ba1-9b52-34013584b519,c3,None,1132,?,x8,
1769497512.853651,FORWARDED,28d7b44c-03ef-44f7-86e0-fdab776cd3db,db1d403f-eb5c-4ba1-9b52-34013584b519,c3,None,1132,?,x8,
1769497512.865148,SENT,d3c282d4-5c16-47d2-adfd-824543f040f5,f42f11ae-e0ce-426b-a332-1a81dc52ea5a,c3,None,1127,?,x2,
1769497512.8652127,FORWARDED,d3c282d4-5c16-47d2-adfd-824543f040f5,f42f11ae-e0ce-426b-a332-1a81dc52ea5a,c3,None,1127,?,x2,
1769497512.872511,RECEIVED,828b2a30-4c9f-4320-8eb1-e000c16fe219,78e535c9-0363-45ae-b349-26055ebcf5ad,c3,None,1595,e5,?,
1769497513.1456482,FORWARDED,17cf8ba0-94ec-49ab-ab4b-341c7b0ac067,35957303-786d-4a4d-b959-89ff60c700d1,c3,None,1124,?,x6,
1769497513.204466,RECEIVED,f2dd6297-15fb-4a44-9d0a-c58fc3a70ed8,e47bf1a5-9657-4267-b60e-8a9b2bcfad18,c5,c2,1776,e1,?,
1769497513.6718402,SENT,f2dd6297-15fb-4a44-9d0a-c58fc3a70ed8,e47bf1a5-9657-4267-b60e-8a9b2bcfad18,c5,c2,1258,?,x7,
1769497513.6718779,FORWARDED,f2dd6297-15fb-4a44-9d0a-c58fc3a70ed8,e47bf1a5-9657-4267-b60e-8a9b2bcfad18,c5,c2,1258,?,x7,
1769497513.721177,SENT,828b2a30-4c9f-4320-8eb1-e000c16fe219,78e535c9-0363-45ae-b349-26055ebcf5ad,c3,None,1124,?,x3,
1769497513.7212186,FORWARDED,828b2a30-4c9f-4320-8eb1-e000c16fe219,78e535c9-0363-45ae-b349-26055ebcf5ad,c3,None,1124,?,x3,
1769497514.74737,RECEIVED,1599a36e-4c65-4ebf-805f-fcbbd02d3dd9,a64379d7-877b-47e1-bacb-502f82ce2870,c3,None,1597,e1,?,
1769497515.0115495,SENT,1599a36e-4c65-4ebf-805f-fcbbd02d3dd9,a64379d7-877b-47e1-bacb-502f82ce2870,c3,None,1123,?,x11,
1769497515.0115929,FORWARDED,1599a36e-4c65-4ebf-805f-fcbbd02d3dd9,a64379d7-877b-47e1-bacb-502f82ce2870,c3,None,1123,?,x11,
1769497516.0982864,RECEIVED,36cb5a48-7e1b-4309-a550-80a1d8e333fc,73eb4231-1f00-4ba5-bcde-cbcd0bd51be1,c5,None,1596,e1,?,
1769497516.3749847,RECEIVED,cb96f64a-88ca-4249-b611-59ea77aee62b,385ddb4b-4a68-4856-95f9-b46505ddd135,c3,c5,1764,e8,?,
1769497516.4449298,SENT,cb96f64a-88ca-4249-b611-59ea77aee62b,385ddb4b-4a68-4856-95f9-b46505ddd135,c3,c5,1251,?,x7,
1769497516.4449646,FORWARDED,cb96f64a-88ca-4249-b611-59ea77aee62b,385ddb4b-4a68-4856-95f9-b46505ddd135,c3,c5,1251,?,x7,
1769497517.818819,RECEIVED,c763500f-0922-4f73-a326-368ca4382d2b,bc9fe661-8d1a-4261-9f93-17b0f1cd7216,c3,None,1608,e7,?,
1769497517.9030771,SENT,36cb5a48-7e1b-4309-a550-80a1d8e333fc,73eb4231-1f00-4ba5-bcde-cbcd0bd51be1,c5,None,1124,?,x11,
1769497517.9031258,FORWARDED,36cb5a48-7e1b-4309-a550-80a1d8e333fc,73eb4231-1f00-4ba5-bcde-cbcd0bd51be1,c5,None,1124,?,x11,
1769497517.9738154,SENT,c763500f-0922-4f73-a326-368ca4382d2b,bc9fe661-8d1a-4261-9f93-17b0f1cd7216,c3,None,1132,?,x8,
1769497517.9738634,FORWARDED,c763500f-0922-4f73-a326-368ca4382d2b,bc9fe661-8d1a-4261-9f93-17b0f1cd7216,c3,None,1132,?,x8,
1769497518.3337917,RECEIVED,cf57403a-995b-4ac8-bf9d-ac856979937f,3df5dbb2-d55c-4a6f-ba63-97cc2fcea6f4,c4,c3,1776,e5,?,
1769497518.5956526,SENT,cf57403a-995b-4ac8-bf9d-ac856979937f,3df5dbb2-d55c-4a6f-ba63-97cc2fcea6f4,c4,c3,1260,?,x9,
1769497518.5956984,FORWARDED,cf57403a-995b-4ac8-bf9d-ac856979937f,3df5dbb2-d55c-4a6f-ba63-97cc2fcea6f4,c4,c3,1260,?,x9,
1769497518.790628,RECEIVED,9852de95-ae0d-4dc7-a5d3-032d2c68a60b,5c2b7546-e464-4ddc-acca-605d3ff5c2a4,c4,c3,1770,e10,?,
1769497519.0374582,RECEIVED,ff0698a9-df5d-430a-ab76-5758b31aa89d,fc760552-86a1-4db9-8428-2ea01d5f7a29,c1,c3,1767,e10,?,
1769497519.3470669,RECEIVED,3dea85a9-7912-4896-a2cb-d3e06eb3847e,f75ed2e5-5716-4e77-a75b-a0c09b6437a2,c5,c2,1767,e3,?,
1769497519.5957146,SENT,ff0698a9-df5d-430a-ab76-5758b31aa89d,fc760552-86a1-4db9-8428-2ea01d5f7a29,c1,c3,1254,?,x7,
1769497519.595757,FORWARDED,ff0698a9-df5d-430a-ab76-5758b31aa89d,fc760552-86a1-4db9-8428-2ea01d5f7a29,c1,c3,1254,?,x7,
1769497520.0978606,RECEIVED,f38d5e34-ea03-4308-b6ec-cfa7720765f5,52e1962d-7c71-4236-ad18-3600e2e56870,c5,c2,1781,e2,?,
1769497520.110295,RECEIVED,0faeabe0-6ecf-44fd-88ea-cd94bd3adbac,be3e596a-9437-41c7-94c2-0e4ee49bf3c0,c4,c3,1768,e1,?,
1769497520.1417685,RECEIVED,58fe31f7-7896-4713-bdde-e803ab1c0b38,943a694f-92fa-45d6-b3dd-62a9a74727a7,c5,c2,1783,e2,?,
1769497520.1975598,SENT,0faeabe0-6ecf-44fd-88ea-cd94bd3adbac,be3e596a-9437-41c7-94c2-0e4ee49bf3c0,c4,c3,1252,?,x2,
1769497520.1976008,FORWARDED,0faeabe0-6ecf-44fd-88ea-cd94bd3adbac,be3e596a-9437-41c7-94c2-0e4ee49bf3c0,c4,c3,1252,?,x2,
1769497520.3052483,SENT,f38d5e34-ea03-4308-b6ec-cfa7720765f5,52e1962d-7c71-4236-ad18-3600e2e56870,c5,c2,1263,?,x12,
1769497520.305291,FORWARDED,f38d5e34-ea03-4308-b6ec-cfa7720765f5,52e1962d-7c71-4236-ad18-3600e2e56870,c5,c2,1263,?,x12,
1769497520.4003026,RECEIVED,e5065578-b5f2-424e-9228-cbab60bb7390,24139249-d47f-4d11-827d-2f77fff6683a,c5,c2,1771,e7,?,
1769497520.5108483,SENT,58fe31f7-7896-4713-bdde-e803ab1c0b38,943a694f-92fa-45d6-b3dd-62a9a74727a7,c5,c2,1264,?,x4,
1769497520.5109696,FORWARDED,58fe31f7-7896-4713-bdde-e803ab1c0b38,943a694f-92fa-45d6-b3dd-62a9a74727a7,c5,c2,1264,?,x4,
1769497520.673801,SENT,e5065578-b5f2-424e-9228-cbab60bb7390,24139249-d47f-4d11-827d-2f77fff6683a,c5,c2,1255,?,x2,
1769497520.673853,FORWARDED,e5065578-b5f2-424e-9228-cbab60bb7390,24139249-d47f-4d11-827d-2f77fff6683a,c5,c2,1255,?,x2,
1769497520.7339187,SENT,3dea85a9-7912-4896-a2cb-d3e06eb3847e,f75ed2e5-5716-4e77-a75b-a0c09b6437a2,c5,c2,1254,?,x7,
1769497520.7339692,FORWARDED,3dea85a9-7912-4896-a2cb-d3e06eb3847e,f75ed2e5-5716-4e77-a75b-a0c09b6437a2,c5,c2,1254,?,x7,
1769497520.9492667,RECEIVED,8b27094d-ed9c-45dd-873e-bcdc5c49f5f0,6898f119-0cf5-40a6-98e9-464d784639da,c5,c2,1767,e5,?,
1769497521.2277935,RECEIVED,0acf3e31-482b-4573-b512-b62288c88751,26b0e18a-e161-402b-9f52-ba46c966b05d,c1,c3,1767,e11,?,
1769497521.410111,SENT,8b27094d-ed9c-45dd-873e-bcdc5c49f5f0,6898f119-0cf5-40a6-98e9-464d784639da,c5,c2,1252,?,x9,
1769497521.4101532,FORWARDED,8b27094d-ed9c-45dd-873e-bcdc5c49f5f0,6898f119-0cf5-40a6-98e9-464d784639da,c5,c2,1252,?,x9,
1769497521.7160373,SENT,9852de95-ae0d-4dc7-a5d3-032d2c68a60b,5c2b7546-e464-4ddc-acca-605d3ff5c2a4,c4,c3,1255,?,x1,
1769497521.7160974,FORWARDED,9852de95-ae0d-4dc7-a5d3-032d2c68a60b,5c2b7546-e464-4ddc-acca-605d3ff5c2a4,c4,c3,1255,?,x1,
1769497521.9758303,RECEIVED,b249795e-5757-4e6b-8065-26d4a0378124,b54590e9-3492-4fb1-aa38-95c70894b3da,c3,None,1599,e11,?,
1769497522.0286,RECEIVED,1bf4b4f0-8f26-4380-8dad-8682bcc44aca,a6389c76-87ee-4db8-b9bb-b16258cd006f,c2,c3,1771,e3,?,
1769497522.199247,SENT,0acf3e31-482b-4573-b512-b62288c88751,26b0e18a-e161-402b-9f52-ba46c966b05d,c1,c3,1252,?,x8,
1769497522.1992881,FORWARDED,0acf3e31-482b-4573-b512-b62288c88751,26b0e18a-e161-402b-9f52-ba46c966b05d,c1,c3,1252,?,x8,
1769497522.2338927,RECEIVED,ea24d3ff-a253-4a36-9807-9da0fb7d6838,6140ff12-8d46-40a7-a6f2-f51e7dc81738,c1,c3,1775,e9,?,
1769497522.5212603,RECEIVED,05f91089-dffa-4352-b95d-db3249feda58,abff2b98-0950-4fcc-a49f-f692e348ab33,c3,None,1600,e10,?,
1769497522.5803056,SENT,ea24d3ff-a253-4a36-9807-9da0fb7d6838,6140ff12-8d46-40a7-a6f2-f51e7dc81738,c1,c3,1259,?,x1,
1769497522.5803473,FORWARDED,ea24d3ff-a253-4a36-9807-9da0fb7d6838,6140ff12-8d46-40a7-a6f2-f51e7dc81738,c1,c3,1259,?,x1,
1769497522.7456684,RECEIVED,886f5cec-bdae-449e-bd45-f91ca6355821,e7316468-8ceb-4c92-86f6-980a109615b8,c4,c3,1776,e7,?,
1769497522.9149096,SENT,886f5cec-bdae-449e-bd45-f91ca6355821,e7316468-8ceb-4c92-86f6-980a109615b8,c4,c3,1259,?,x2,
1769497522.9149535,FORWARDED,886f5cec-bdae-449e-bd45-f91ca6355821,e7316468-8ceb-4c92-86f6-980a109615b8,c4,c3,1259,?,x2,
1769497522.9914474,SENT,1bf4b4f0-8f26-4380-8dad-8682bcc44aca,a6389c76-87ee-4db8-b9bb-b16258cd006f,c2,c3,1256,?,x3,
1769497522.9914885,FORWARDED,1bf4b4f0-8f26-4380-8dad-8682bcc44aca,a6389c76-87ee-4db8-b9bb-b16258cd006f,c2,c3,1256,?,x3,
1769497523.0199099,SENT,05f91089-dffa-4352-b95d-db3249feda58,abff2b98-0950-4fcc-a49f-f692e348ab33,c3,None,1127,?,x5,
1769497523.02002,FORWARDED,05f91089-dffa-4352-b95d-db3249feda58,abff2b98-0950-4fcc-a49f-f692e348ab33,c3,None,1127,?,x5,
1769497523.0436168,RECEIVED,e28fbc77-e9e8-459c-ac97-4f3ab04b4311,55c22121-46cf-4181-92c0-1276b3350ad9,c5,c2,1765,e1,?,
1769497523.1311567,SENT,e28fbc77-e9e8-459c-ac97-4f3ab04b4311,55c22121-46cf-4181-92c0-1276b3350ad9,c5,c2,1251,?,x10,
1769497523.131236,FORWARDED,e28fbc77-e9e8-459c-ac97-4f3ab04b4311,55c22121-46cf-4181-92c0-1276b3350ad9,c5,c2,1251,?,x10,
1769497523.2879303,RECEIVED,86d98e30-e2b3-4e8b-b0c3-8a9049b4e2bb,784bb81c-6934-4047-900b-2b1b14b13ff4,c4,c3,1784,e6,?,
1769497523.3053734,RECEIVED,4a50d059-0fd0-4564-bec7-c0915d61d330,b962d261-38cf-49fb-ba1c-44ee2c0ae6b8,c5,None,1596,e3,?,
1769497523.4636633,SENT,86d98e30-e2b3-4e8b-b0c3-8a9049b4e2bb,784bb81c-6934-4047-900b-2b1b14b13ff4,c4,c3,1264,?,x10,
1769497523.4637077,FORWARDED,86d98e30-e2b3-4e8b-b0c3-8a9049b4e2bb,784bb81c-6934-4047-900b-2b1b14b13ff4,c4,c3,1264,?,x10,
1769497523.4765778,SENT,4a50d059-0fd0-4564-bec7-c0915d61d330,b962d261-38cf-49fb-ba1c-44ee2c0ae6b8,c5,None,1123,?,x9,
1769497523.47662,FORWARDED,4a50d059-0fd0-4564-bec7-c0915d61d330,b962d261-38cf-49fb-ba1c-44ee2c0ae6b8,c5,None,1123,?,x9,
1769497523.522367,RECEIVED,69c6ba06-252e-484c-9b74-67cfb55b379b,7b5296e1-1355-4fb4-965a-7eaa2b60e519,c4,c3,1781,e12,?,
1769497523.728272,SENT,69c6ba06-252e-484c-9b74-67cfb55b379b,7b5296e1-1355-4fb4-965a-7eaa2b60e519,c4,c3,1263,?,x10,
1769497523.7288976,FORWARDED,69c6ba06-252e-484c-9b74-67cfb55b379b,7b5296e1-1355-4fb4-965a-7eaa2b60e519,c4,c3,1263,?,x10,
1769497523.7348623,SENT,b249795e-5757-4e6b-8065-26d4a0378124,b54590e9-3492-4fb1-aa38-95c70894b3da,c3,None,1127,?,x1,
1769497523.7349062,FORWARDED,b249795e-5757-4e6b-8065-26d4a0378124,b54590e9-3492-4fb1-aa38-95c70894b3da,c3,None,1127,?,x1,
1769497523.8891988,RECEIVED,9584f449-9d8d-4c57-a263-b6a07e1cd4e2,002ee490-8245-40ae-b283-9f57c3f032a0,c5,None,1603,e7,?,
1769497524.2652793,RECEIVED,e188a40b-044f-4b82-88e8-563decbcda07,c10b48ca-f8d7-40a6-a87c-9b0d33de14dc,c3,None,1595,e11,?,
1769497524.2659454,SENT,9584f449-9d8d-4c57-a263-b6a07e1cd4e2,002ee490-8245-40ae-b283-9f57c3f032a0,c5,None,1131,?,x10,
1769497524.2659938,FORWARDED,9584f449-9d8d-4c57-a263-b6a07e1cd4e2,002ee490-8245-40ae-b283-9f57c3f032a0,c5,None,1131,?,x10,
1769497524.7092214,RECEIVED,1dd2cd64-3ac1-49aa-8eb9-aa8031345cff,e782be4f-b56b-4d3a-94fb-608468c37d65,c5,c2,1769,e8,?,
1769497524.7678807,FORWARDED,1dd2cd64-3ac1-49aa-8eb9-aa8031345cff,e782be4f-b56b-4d3a-94fb-608468c37d65,c5,c2,1252,?,x6,
1769497524.9391472,RECEIVED,0fabb0e1-298c-4575-8bf8-f458565043ce,e378c7bb-43b3-4b12-9b3b-6096c80ac7f3,c1,c3,1769,e9,?,
1769497524.9683776,RECEIVED,bac2068e-2f82-4d41-8fc8-ff2d9b5359aa,a343a8c6-825d-47ef-a7c7-4d823ec2c719,c2,c3,1776,e3,?,
1769497524.970369,SENT,0fabb0e1-298c-4575-8bf8-f458565043ce,e378c7bb-43b3-4b12-9b3b-6096c80ac7f3,c1,c3,1252,?,x1,
1769497524.9704096,FORWARDED,0fabb0e1-298c-4575-8bf8-f458565043ce,e378c7bb-43b3-4b12-9b3b-6096c80ac7f3,c1,c3,1252,?,x1,
1769497525.1454034,FORWARDED,bac2068e-2f82-4d41-8fc8-ff2d9b5359aa,a343a8c6-825d-47ef-a7c7-4d823ec2c719,c2,c3,1260,?,x6,
1769497525.3104932,RECEIVED,6ab927c1-ab03-49e5-8d3d-0c1a3ac320b8,b6b04925-03d7-465f-9aa7-c0b8a3e506d4,c1,c3,1775,e7,?,
1769497525.887312,SENT,e188a40b-044f-4b82-88e8-563decbcda07,c10b48ca-f8d7-40a6-a87c-9b0d33de14dc,c3,None,1124,?,x3,
1769497525.8873537,FORWARDED,e188a40b-044f-4b82-88e8-563decbcda07,c10b48ca-f8d7-40a6-a87c-9b0d33de14dc,c3,None,1124,?,x3,
1769497525.948385,RECEIVED,51ee6047-913b-454d-9ae2-05f919ca03b5,e1e99e26-6a51-4630-890b-8f640fce62ee,c5,c2,1768,e9,?,
1769497526.0793111,SENT,51ee6047-913b-454d-9ae2-05f919ca03b5,e1e99e26-6a51-4630-890b-8f640fce62ee,c5,c2,1252,?,x8,
1769497526.079352,FORWARDED,51ee6047-913b-454d-9ae2-05f919ca03b5,e1e99e26-6a51-4630-890b-8f640fce62ee,c5,c2,1252,?,x8,
1769497526.1176417,SENT,6ab927c1-ab03-49e5-8d3d-0c1a3ac320b8,b6b04925-03d7-465f-9aa7-c0b8a3e506d4,c1,c3,1259,?,x7,
1769497526.1176844,FORWARDED,6ab927c1-ab03-49e5-8d3d-0c1a3ac320b8,b6b04925-03d7-465f-9aa7-c0b8a3e506d4,c1,c3,1259,?,x7,
1769497526.3003275,RECEIVED,4c592f2a-8f76-4f86-8e27-3a5d0e79226c,c47aac0e-a5f7-4c38-9d16-37a41d8999d8,c3,None,1612,e12,?,
1769497526.3151188,RECEIVED,d966fde0-9c7e-49e2-a77e-787629999779,b3517a34-3fc5-47b8-9083-a47dc5a58bdc,c3,c5,1767,e5,?,
1769497526.7543912,SENT,d966fde0-9c7e-49e2-a77e-787629999779,b3517a34-3fc5-47b8-9083-a47dc5a58bdc,c3,c5,1254,?,x2,
1769497526.7544308,FORWARDED,d966fde0-9c7e-49e2-a77e-787629999779,b3517a34-3fc5-47b8-9083-a47dc5a58bdc,c3,c5,1254,?,x2,
1769497526.8511333,SENT,4c592f2a-8f76-4f86-8e27-3a5d0e79226c,c47aac0e-a5f7-4c38-9d16-37a41d8999d8,c3,None,1136,?,x11,
1769497526.8511763,FORWARDED,4c592f2a-8f76-4f86-8e27-3a5d0e79226c,c47aac0e-a5f7-4c38-9d16-37a41d8999d8,c3,None,1136,?,x11,
1769497527.0063388,RECEIVED,22116720-4bf7-4805-b0d6-9d9cb85f6c42,e9e03eb7-7f9b-428e-ad81-65958a9d0a70,c4,c3,1776,e2,?,
1769497527.1415126,RECEIVED,2e05ddb3-98af-4d29-918b-7ab96d5476be,7e0df706-defa-4d34-ae34-dc7ac1e5066c,c5,c2,1771,e9,?,
1769497527.2113676,RECEIVED,9dd60e29-fa9b-4e6a-82f9-fce317241c92,4f852ce5-4800-42fa-89b7-fb2576c16915,c5,None,1599,e12,?,
1769497527.4885764,SENT,9dd60e29-fa9b-4e6a-82f9-fce317241c92,4f852ce5-4800-42fa-89b7-fb2576c16915,c5,None,1128,?,x7,
1769497527.4886217,FORWARDED,9dd60e29-fa9b-4e6a-82f9-fce317241c92,4f852ce5-4800-42fa-89b7-fb2576c16915,c5,None,1128,?,x7,
1769497527.5712018,RECEIVED,19563068-f4dd-42c0-9150-8e57e5aa9cad,8c79fb74-dda7-4f3d-b13e-55990e8aa1bc,c4,c3,1771,e3,?,
1769497527.9404705,RECEIVED,11587300-4f51-49b3-aa65-866967b0262a,d63c3b88-aa85-4b5c-a468-05d8bf1c4a5e,c5,c2,1767,e2,?,
1769497527.990126,SENT,2e05ddb3-98af-4d29-918b-7ab96d5476be,7e0df706-defa-4d34-ae34-dc7ac1e5066c,c5,c2,1256,?,x2,
1769497527.990173,FORWARDED,2e05ddb3-98af-4d29-918b-7ab96d5476be,7e0df706-defa-4d34-ae34-dc7ac1e5066c,c5,c2,1256,?,x2,
1769497528.5252812,SENT,22116720-4bf7-4805-b0d6-9d9cb85f6c42,e9e03eb7-7f9b-428e-ad81-65958a9d0a70,c4,c3,1260,?,x10,
1769497528.5253289,FORWARDED,22116720-4bf7-4805-b0d6-9d9cb85f6c42,e9e03eb7-7f9b-428e-ad81-65958a9d0a70,c4,c3,1260,?,x10,
1769497528.8442993,SENT,11587300-4f51-49b3-aa65-866967b0262a,d63c3b88-aa85-4b5c-a468-05d8bf1c4a5e,c5,c2,1252,?,x9,
1769497528.844343,FORWARDED,11587300-4f51-49b3-aa65-866967b0262a,d63c3b88-aa85-4b5c-a468-05d8bf1c4a5e,c5,c2,1252,?,x9,
1769497528.8693259,RECEIVED,8a004a0a-8630-4939-bf3a-08298216d503,0c88599a-144e-42e0-95fe-a952e54489d5,c3,None,1604,e3,?,
1769497529.0669756,SENT,8a004a0a-8630-4939-bf3a-08298216d503,0c88599a-144e-42e0-95fe-a952e54489d5,c3,None,1131,?,x4,
1769497529.0671504,FORWARDED,8a004a0a-8630-4939-bf3a-08298216d503,0c88599a-144e-42e0-95fe-a952e54489d5,c3,None,1131,?,x4,
1769497529.1249547,RECEIVED,0bab464e-f637-44e0-8aeb-abc378321008,15ec48da-2b38-46fd-8a5c-7552000a421d,c3,c5,1772,e10,?,
1769497529.2525003,SENT,0bab464e-f637-44e0-8aeb-abc378321008,15ec48da-2b38-46fd-8a5c-7552000a421d,c3,c5,1255,?,x1,
1769497529.2526162,FORWARDED,0bab464e-f637-44e0-8aeb-abc378321008,15ec48da-2b38-46fd-8a5c-7552000a421d,c3,c5,1255,?,x1,
1769497529.3837624,RECEIVED,3344ba99-a5d7-4b3f-ba21-98842ee102cf,0c1e5e40-09dd-48bf-9ea2-8a0ef027c53f,c2,None,1599,e7,?,
1769497529.4280071,SENT,19563068-f4dd-42c0-9150-8e57e5aa9cad,8c79fb74-dda7-4f3d-b13e-55990e8aa1bc,c4,c3,1255,?,x7,
1769497529.428145,FORWARDED,19563068-f4dd-42c0-9150-8e57e5aa9cad,8c79fb74-dda7-4f3d-b13e-55990e8aa1bc,c4,c3,1255,?,x7,
1769497529.9963944,SENT,3344ba99-a5d7-4b3f-ba21-98842ee102cf,0c1e5e40-09dd-48bf-9ea2-8a0ef027c53f,c2,None,1128,?,x3,
1769497529.9964426,FORWARDED,3344ba99-a5d7-4b3f-ba21-98842ee102cf,0c1e5e40-09dd-48bf-9ea2-8a0ef027c53f,c2,None,1128,?,x3,
1769497530.4456713,RECEIVED,c71a89a6-003e-4311-888d-72deeb0a4233,cf011ed9-11e3-4ec2-a4c9-1b6cbd843f11,c3,c5,1760,e8,?,
1769497530.5781577,RECEIVED,f6694742-22f2-471c-a6a4-6812d558480b,9b2ad2a5-de40-4763-a3e4-5cadb69eb6b7,c3,None,1602,e5,?,
1769497530.6199212,FORWARDED,c71a89a6-003e-4311-888d-72deeb0a4233,cf011ed9-11e3-4ec2-a4c9-1b6cbd843f11,c3,c5,1247,?,x6,
1769497530.877229,RECEIVED,1586b113-433c-44dd-8566-7e58affeb3bc,15270efd-d71f-481b-a4f1-52c935c52dcc,c1,c3,1779,e5,?,
1769497531.3983223,SENT,f6694742-22f2-471c-a6a4-6812d558480b,9b2ad2a5-de40-4763-a3e4-5cadb69eb6b7,c3,None,1131,?,x7,
1769497531.3984313,FORWARDED,f6694742-22f2-471c-a6a4-6812d558480b,9b2ad2a5-de40-4763-a3e4-5cadb69eb6b7,c3,None,1131,?,x7,
1769497532.1772256,SENT,1586b113-433c-44dd-8566-7e58affeb3bc,15270efd-d71f-481b-a4f1-52c935c52dcc,c1,c3,1262,?,x2,
1769497532.1772711,FORWARDED,1586b113-433c-44dd-8566-7e58affeb3bc,15270efd-d71f-481b-a4f1-52c935c52dcc,c1,c3,1262,?,x2,
1769497532.2034783,RECEIVED,976aeead-a8f5-4c3e-8ba6-85b15f565096,dffb1c0b-7f7d-452c-b0bb-b095d9541fd6,c3,None,1616,e12,?,
1769497532.7018263,SENT,976aeead-a8f5-4c3e-8ba6-85b15f565096,dffb1c0b-7f7d-452c-b0bb-b095d9541fd6,c3,None,1140,?,x12,
1769497532.7019136,FORWARDED,976aeead-a8f5-4c3e-8ba6-85b15f565096,dffb1c0b-7f7d-452c-b0bb-b095d9541fd6,c3,None,1140,?,x12,
1769497535.2927198,RECEIVED,6d7ca07a-a4bb-4ecd-bad7-7326e6ba251d,8e52bb56-4038-462f-ab65-bc43a1dc56da,c3,None,1609,e3,?,
1769497535.3966587,SENT,6d7ca07a-a4bb-4ecd-bad7-7326e6ba251d,8e52bb56-4038-462f-ab65-bc43a1dc56da,c3,None,1133,?,x10,
1769497535.3967278,FORWARDED,6d7ca07a-a4bb-4ecd-bad7-7326e6ba251d,8e52bb56-4038-462f-ab65-bc43a1dc56da,c3,None,1133,?,x10,
