timestamp,event_type,packet_id,message_id,src,dst,size,prev_hop,next_hop,flags
1769471023.0526626,RECEIVED,e6450a92-23a1-4b79-89a2-9703479380aa,2a1936de-9230-411a-a2a1-55e58dee7a31,c5,c1,1773,e7,?,
1769471023.3294113,SENT,e6450a92-23a1-4b79-89a2-9703479380aa,2a1936de-9230-411a-a2a1-55e58dee7a31,c5,c1,1255,?,x12,
1769471023.32954,FORWARDED,e6450a92-23a1-4b79-89a2-9703479380aa,2a1936de-9230-411a-a2a1-55e58dee7a31,c5,c1,1255,?,x12,
1769471023.495547,RECEIVED,492df3e7-4532-468c-977d-88b0641b49a1,7f045067-982a-4c16-9c3f-26e72b86874f,c2,DROP,1012,e8,?,
1769471023.7972755,SENT,492df3e7-4532-468c-977d-88b0641b49a1,7f045067-982a-4c16-9c3f-26e72b86874f,c2,DROP,687,?,x9,
1769471023.7973578,FORWARDED,492df3e7-4532-468c-977d-88b0641b49a1,7f045067-982a-4c16-9c3f-26e72b86874f,c2,DROP,687,?,x9,
1769471023.92273,RECEIVED,6ab76938-701b-4737-a28c-b4d5df8ad6c8,e65ea014-d699-4c74-9efb-2aecf11be19d,c1,None,1592,e10,?,
1769471024.131219,RECEIVED,014b2b00-a56a-46ad-8487-3eef05de3ae3,3a3e6576-9b7b-4136-a0b8-8c27d9cecc41,c3,DROP,440,x2,?,
1769471024.151311,SENT,6ab76938-701b-4737-a28c-b4d5df8ad6c8,e65ea014-d699-4c74-9efb-2aecf11be19d,c1,None,1122,?,x2,
1769471024.1513767,FORWARDED,6ab76938-701b-4737-a28c-b4d5df8ad6c8,e65ea014-d699-4c74-9efb-2aecf11be19d,c1,None,1122,?,x2,
1769471024.2880342,RECEIVED,7970bec9-5f33-4fef-9165-7c5065a70439,322242ac-cfa1-4f36-8a7e-c6a6b4f7232f,c2,DROP,441,x8,?,
1769471024.2961555,RECEIVED,af0a7e80-e3f1-4ba7-8889-0f18f71bd95b,59f7ad99-3f40-477b-b19a-bbafb1640c17,c2,DROP,1020,e10,?,
1769471024.8699765,RECEIVED,47b1d28b-348d-456b-89e9-010d4f92314f,effbc4c0-339b-441e-8595-cdfcffed0582,c2,DROP,1011,e4,?,
1769471024.9353058,RECEIVED,e7fea923-ae56-47b1-9afd-51b90a4825e8,376106f4-f9cb-43e5-b965-277b72899ea1,c1,c3,1769,e9,?,
1769471024.9544528,RECEIVED,4dd51e17-5d89-48d8-83d2-072f0ce1fc24,0fb8f85a-6d26-4557-82d7-ff3a54215251,c4,DROP,1008,e11,?,
1769471024.9550126,SENT,e7fea923-ae56-47b1-9afd-51b90a4825e8,376106f4-f9cb-43e5-b965-277b72899ea1,c1,c3,1254,?,x8,
1769471024.955082,FORWARDED,e7fea923-ae56-47b1-9afd-51b90a4825e8,376106f4-f9cb-43e5-b965-277b72899ea1,c1,c3,1254,?,x8,
1769471024.9999504,RECEIVED,e963bd76-5b2f-4b1f-8bdd-caa9a356fd9a,db66b490-a124-4547-96a8-bee967b1f1c4,c3,c1,1776,e4,?,
1769471025.0112872,SENT,47b1d28b-348d-456b-89e9-010d4f92314f,effbc4c0-339b-441e-8595-cdfcffed0582,c2,DROP,687,?,x3,
1769471025.0113451,FORWARDED,47b1d28b-348d-456b-89e9-010d4f92314f,effbc4c0-339b-441e-8595-cdfcffed0582,c2,DROP,687,?,x3,
1769471025.0475278,RECEIVED,6b3dbd3a-38d1-4799-9c30-d142e5a71ef9,dad99b96-29e8-4ab7-af79-e3afd0362bc7,c5,DROP,1004,e3,?,
1769471025.1053002,SENT,af0a7e80-e3f1-4ba7-8889-0f18f71bd95b,59f7ad99-3f40-477b-b19a-bbafb1640c17,c2,DROP,691,?,x12,
1769471025.1053677,FORWARDED,af0a7e80-e3f1-4ba7-8889-0f18f71bd95b,59f7ad99-3f40-477b-b19a-bbafb1640c17,c2,DROP,691,?,x12,
1769471025.1466684,RECEIVED,48e52d02-4fb4-417b-a166-7534947b44cb,ef5bb9b1-641b-4f75-a1cc-c3380ffe8f8a,c1,c3,1763,e7,?,
1769471025.2158055,SENT,4dd51e17-5d89-48d8-83d2-072f0ce1fc24,0fb8f85a-6d26-4557-82d7-ff3a54215251,c4,DROP,683,?,x3,
1769471025.2158713,FORWARDED,4dd51e17-5d89-48d8-83d2-072f0ce1fc24,0fb8f85a-6d26-4557-82d7-ff3a54215251,c4,DROP,683,?,x3,
1769471025.2512758,SENT,6b3dbd3a-38d1-4799-9c30-d142e5a71ef9,dad99b96-29e8-4ab7-af79-e3afd0362bc7,c5,DROP,680,?,x5,
1769471025.2513463,FORWARDED,6b3dbd3a-38d1-4799-9c30-d142e5a71ef9,dad99b96-29e8-4ab7-af79-e3afd0362bc7,c5,DROP,680,?,x5,
1769471025.297751,SENT,e963bd76-5b2f-4b1f-8bdd-caa9a356fd9a,db66b490-a124-4547-96a8-bee967b1f1c4,c3,c1,1260,?,x7,
1769471025.297813,FORWARDED,e963bd76-5b2f-4b1f-8bdd-caa9a356fd9a,db66b490-a124-4547-96a8-bee967b1f1c4,c3,c1,1260,?,x7,
1769471025.3690622,RECEIVED,a7c43481-ec51-414c-a4a0-26093e8e9aa3,8896801e-7312-468f-84a3-fdc006bbfb6e,c2,c4,1772,e9,?,
1769471025.5058968,SENT,a7c43481-ec51-414c-a4a0-26093e8e9aa3,8896801e-7312-468f-84a3-fdc006bbfb6e,c2,c4,1255,?,x12,
1769471025.5060265,FORWARDED,a7c43481-ec51-414c-a4a0-26093e8e9aa3,8896801e-7312-468f-84a3-fdc006bbfb6e,c2,c4,1255,?,x12,
1769471025.5867581,RECEIVED,e6c86273-22db-4501-a23b-f832f9067b69,bc22d26f-4537-487c-b45e-dd2c6d6c8370,c5,DROP,1007,e6,?,
1769471025.804353,RECEIVED,02f7f044-a22f-4d31-b24f-7c23bcafaa18,449b5c24-cbaf-4422-9250-04eb1608fea0,c4,DROP,441,x8,?,
1769471025.808822,SENT,48e52d02-4fb4-417b-a166-7534947b44cb,ef5bb9b1-641b-4f75-a1cc-c3380ffe8f8a,c1,c3,1251,?,x5,
1769471025.808888,FORWARDED,48e52d02-4fb4-417b-a166-7534947b44cb,ef5bb9b1-641b-4f75-a1cc-c3380ffe8f8a,c1,c3,1251,?,x5,
1769471025.9342635,RECEIVED,7db6fe6f-d855-405b-a2a0-c8346cdf4be2,e6b9f12e-d135-4817-b920-e0abf7285732,c4,c3,1774,e10,?,
1769471025.9489923,RECEIVED,8353b04e-573c-421b-9f87-deb96541323c,946268f1-0e8a-4c52-b22a-f62fac815fc2,c4,DROP,1009,e9,?,
1769471026.0218277,RECEIVED,4b6811a7-e491-4e19-beb4-a13b6af1ef75,47914f11-6c0e-4661-bcdf-02abdff6cada,c3,DROP,1012,e2,?,
1769471026.0466483,SENT,8353b04e-573c-421b-9f87-deb96541323c,946268f1-0e8a-4c52-b22a-f62fac815fc2,c4,DROP,683,?,x12,
1769471026.046702,FORWARDED,8353b04e-573c-421b-9f87-deb96541323c,946268f1-0e8a-4c52-b22a-f62fac815fc2,c4,DROP,683,?,x12,
1769471026.1019678,RECEIVED,52c03730-103f-418b-b142-5e16707ebba5,aa6d451c-6ba5-4f46-8f50-96ba9d5d5c8f,c1,DROP,1008,e6,?,
1769471026.1248755,RECEIVED,2f55500b-03a9-4ae6-b1aa-491839ca29f3,dd1ccf0f-d456-4bdb-bc79-2c3e43589642,c5,c1,1776,e9,?,
1769471026.176592,SENT,52c03730-103f-418b-b142-5e16707ebba5,aa6d451c-6ba5-4f46-8f50-96ba9d5d5c8f,c1,DROP,684,?,x8,
1769471026.176641,FORWARDED,52c03730-103f-418b-b142-5e16707ebba5,aa6d451c-6ba5-4f46-8f50-96ba9d5d5c8f,c1,DROP,684,?,x8,
1769471026.2215025,SENT,4b6811a7-e491-4e19-beb4-a13b6af1ef75,47914f11-6c0e-4661-bcdf-02abdff6cada,c3,DROP,685,?,x10,
1769471026.2215502,FORWARDED,4b6811a7-e491-4e19-beb4-a13b6af1ef75,47914f11-6c0e-4661-bcdf-02abdff6cada,c3,DROP,685,?,x10,
1769471026.281517,RECEIVED,8870d1a5-c111-4d65-a422-e8b9cf5a5896,cc902d54-6799-4daf-b96f-19b3197b503f,c3,DROP,444,x8,?,
1769471026.6462147,RECEIVED,af11ec33-d2a1-4f37-a126-a27ac402221c,656e68e2-e817-4d9a-a30f-4274caf26655,c4,None,1611,e10,?,
1769471026.7904503,RECEIVED,dfff689f-170a-42d4-b4dd-56a06f4861ab,e9ddf16d-fdd9-4ba4-941c-da4456fad0e3,c5,c1,1785,e12,?,
1769471026.8601973,SENT,dfff689f-170a-42d4-b4dd-56a06f4861ab,e9ddf16d-fdd9-4ba4-941c-da4456fad0e3,c5,c1,1264,?,x12,
1769471026.8602393,FORWARDED,dfff689f-170a-42d4-b4dd-56a06f4861ab,e9ddf16d-fdd9-4ba4-941c-da4456fad0e3,c5,c1,1264,?,x12,
1769471026.8738058,RECEIVED,6daf49dc-fee6-40d4-923e-debc8be7f279,d9df6b02-940c-4eba-b660-dcbef7ac59b9,c4,DROP,1016,e4,?,
1769471026.8865428,RECEIVED,3186c1d9-88b9-421a-991b-71ed38595940,58b3c84d-67d6-438f-ae82-531ae3a86982,c3,DROP,1007,e10,?,
1769471026.9165864,RECEIVED,6b0936de-70a5-46f6-a3b5-2917ca33d2c8,0ce31b3b-b602-4a33-918f-2970c1db0909,c5,c1,1758,e4,?,
1769471026.9624877,SENT,6daf49dc-fee6-40d4-923e-debc8be7f279,d9df6b02-940c-4eba-b660-dcbef7ac59b9,c4,DROP,688,?,x2,
1769471026.9625273,FORWARDED,6daf49dc-fee6-40d4-923e-debc8be7f279,d9df6b02-940c-4eba-b660-dcbef7ac59b9,c4,DROP,688,?,x2,
1769471027.078552,SENT,7db6fe6f-d855-405b-a2a0-c8346cdf4be2,e6b9f12e-d135-4817-b920-e0abf7285732,c4,c3,1259,?,x5,
1769471027.0785904,FORWARDED,7db6fe6f-d855-405b-a2a0-c8346cdf4be2,e6b9f12e-d135-4817-b920-e0abf7285732,c4,c3,1259,?,x5,
1769471027.2009711,RECEIVED,1bb58957-a7f0-4af5-b391-a381a32ec704,748480f4-bc21-4575-8915-f1dc02d529f9,c2,DROP,441,x5,?,
1769471027.2056608,RECEIVED,de171cb3-6dc4-4a8e-9616-80b4116b70b2,9ae30d1c-c91a-49bd-9594-8ccb4bd34ee2,c1,None,1600,e9,?,
1769471027.2684488,RECEIVED,8a3b1d55-b1e5-4b25-a6e9-eb19508a3ab0,d7a32f98-7117-450e-93ad-4442d50c3823,c5,c1,1784,e1,?,
1769471027.347918,RECEIVED,80fa25db-b8a0-4c25-8166-f7cd5d8d4ebb,850e5370-1fe4-4b57-bac9-08bbc85fa46d,c4,DROP,1013,e9,?,
1769471027.3623068,SENT,80fa25db-b8a0-4c25-8166-f7cd5d8d4ebb,850e5370-1fe4-4b57-bac9-08bbc85fa46d,c4,DROP,687,?,x5,
1769471027.362342,FORWARDED,80fa25db-b8a0-4c25-8166-f7cd5d8d4ebb,850e5370-1fe4-4b57-bac9-08bbc85fa46d,c4,DROP,687,?,x5,
1769471027.3640027,SENT,3186c1d9-88b9-421a-991b-71ed38595940,58b3c84d-67d6-438f-ae82-531ae3a86982,c3,DROP,683,?,x7,
1769471027.3640418,FORWARDED,3186c1d9-88b9-421a-991b-71ed38595940,58b3c84d-67d6-438f-ae82-531ae3a86982,c3,DROP,683,?,x7,
1769471027.391454,SENT,de171cb3-6dc4-4a8e-9616-80b4116b70b2,9ae30d1c-c91a-49bd-9594-8ccb4bd34ee2,c1,None,1128,?,x11,
1769471027.3915033,FORWARDED,de171cb3-6dc4-4a8e-9616-80b4116b70b2,9ae30d1c-c91a-49bd-9594-8ccb4bd34ee2,c1,None,1128,?,x11,
1769471027.4037564,SENT,e6c86273-22db-4501-a23b-f832f9067b69,bc22d26f-4537-487c-b45e-dd2c6d6c8370,c5,DROP,683,?,x1,
1769471027.4037964,FORWARDED,e6c86273-22db-4501-a23b-f832f9067b69,bc22d26f-4537-487c-b45e-dd2c6d6c8370,c5,DROP,683,?,x1,
1769471027.4110668,RECEIVED,22192d9a-4158-4d9b-a218-f470987d8a04,c2ed5257-f9e6-428d-a291-504c7c73b6d1,c5,DROP,1013,e7,?,
1769471027.5923378,SENT,22192d9a-4158-4d9b-a218-f470987d8a04,c2ed5257-f9e6-428d-a291-504c7c73b6d1,c5,DROP,686,?,x11,
1769471027.5923796,FORWARDED,22192d9a-4158-4d9b-a218-f470987d8a04,c2ed5257-f9e6-428d-a291-504c7c73b6d1,c5,DROP,686,?,x11,
1769471027.752848,RECEIVED,d7d99946-0511-4faa-8ebe-bc1a907a34e1,b5e46307-3dd8-4724-9223-5f66d8615bd3,c1,DROP,1015,e4,?,
1769471027.9875004,RECEIVED,b241d22c-a253-46b4-9024-da7c8c912979,a0fd108b-a697-4ed7-9440-268178235ca5,c5,DROP,1007,e4,?,
1769471028.0943089,RECEIVED,36b15ea9-18a7-4e24-a274-ff9e79ba117c,189f6768-a82b-4529-ac0a-1022ebc1d5ce,c4,c3,1772,e1,?,
1769471028.096768,SENT,af11ec33-d2a1-4f37-a126-a27ac402221c,656e68e2-e817-4d9a-a30f-4274caf26655,c4,None,1135,?,x10,
1769471028.0968113,FORWARDED,af11ec33-d2a1-4f37-a126-a27ac402221c,656e68e2-e817-4d9a-a30f-4274caf26655,c4,None,1135,?,x10,
1769471028.22025,RECEIVED,7b9b4716-933c-4c60-b630-d770336bf8fa,0b0bdf3a-4845-46a6-b28b-47c22239882e,c2,DROP,1015,e7,?,
1769471028.2731771,RECEIVED,d60df3fe-8e1a-4ab7-b983-3d8605b17fd6,1821196a-d500-451b-a0cb-2341359f4a90,c3,DROP,445,x12,?,
1769471028.293425,SENT,36b15ea9-18a7-4e24-a274-ff9e79ba117c,189f6768-a82b-4529-ac0a-1022ebc1d5ce,c4,c3,1255,?,x11,
1769471028.2934656,FORWARDED,36b15ea9-18a7-4e24-a274-ff9e79ba117c,189f6768-a82b-4529-ac0a-1022ebc1d5ce,c4,c3,1255,?,x11,
1769471028.319986,SENT,8a3b1d55-b1e5-4b25-a6e9-eb19508a3ab0,d7a32f98-7117-450e-93ad-4442d50c3823,c5,c1,1264,?,x10,
1769471028.3200243,FORWARDED,8a3b1d55-b1e5-4b25-a6e9-eb19508a3ab0,d7a32f98-7117-450e-93ad-4442d50c3823,c5,c1,1264,?,x10,
1769471028.3795092,SENT,d7d99946-0511-4faa-8ebe-bc1a907a34e1,b5e46307-3dd8-4724-9223-5f66d8615bd3,c1,DROP,689,?,x1,
1769471028.3795488,FORWARDED,d7d99946-0511-4faa-8ebe-bc1a907a34e1,b5e46307-3dd8-4724-9223-5f66d8615bd3,c1,DROP,689,?,x1,
1769471028.3956695,SENT,6b0936de-70a5-46f6-a3b5-2917ca33d2c8,0ce31b3b-b602-4a33-918f-2970c1db0909,c5,c1,1248,?,x2,
1769471028.3957107,FORWARDED,6b0936de-70a5-46f6-a3b5-2917ca33d2c8,0ce31b3b-b602-4a33-918f-2970c1db0909,c5,c1,1248,?,x2,
1769471028.4839947,RECEIVED,3768b662-b498-4429-8615-a06dfa8ebaf1,3a697f42-a3df-449f-87c4-8c830c2b5685,c2,DROP,1012,e9,?,
1769471028.5630238,SENT,7b9b4716-933c-4c60-b630-d770336bf8fa,0b0bdf3a-4845-46a6-b28b-47c22239882e,c2,DROP,689,?,x6,
1769471028.5630763,FORWARDED,7b9b4716-933c-4c60-b630-d770336bf8fa,0b0bdf3a-4845-46a6-b28b-47c22239882e,c2,DROP,689,?,x6,
1769471028.57829,RECEIVED,bc8cabb0-966c-45b1-a15b-1b1813751234,952e7946-87d4-4b44-b582-fcabcc18efed,c2,DROP,1008,e2,?,
1769471028.5791876,RECEIVED,14ceea5b-77e5-4c9f-9dbc-37383c6aeaf1,221968d2-b722-4eb0-80af-cb67f23b4fb3,c2,DROP,446,x12,?,
1769471028.6084914,SENT,b241d22c-a253-46b4-9024-da7c8c912979,a0fd108b-a697-4ed7-9440-268178235ca5,c5,DROP,684,?,x7,
1769471028.6085317,FORWARDED,b241d22c-a253-46b4-9024-da7c8c912979,a0fd108b-a697-4ed7-9440-268178235ca5,c5,DROP,684,?,x7,
1769471028.7701678,SENT,bc8cabb0-966c-45b1-a15b-1b1813751234,952e7946-87d4-4b44-b582-fcabcc18efed,c2,DROP,684,?,x4,
1769471028.7702868,FORWARDED,bc8cabb0-966c-45b1-a15b-1b1813751234,952e7946-87d4-4b44-b582-fcabcc18efed,c2,DROP,684,?,x4,
1769471028.7935145,SENT,3768b662-b498-4429-8615-a06dfa8ebaf1,3a697f42-a3df-449f-87c4-8c830c2b5685,c2,DROP,685,?,x9,
1769471028.7936256,FORWARDED,3768b662-b498-4429-8615-a06dfa8ebaf1,3a697f42-a3df-449f-87c4-8c830c2b5685,c2,DROP,685,?,x9,
1769471029.063783,SENT,2f55500b-03a9-4ae6-b1aa-491839ca29f3,dd1ccf0f-d456-4bdb-bc79-2c3e43589642,c5,c1,1260,?,x12,
1769471029.0638168,FORWARDED,2f55500b-03a9-4ae6-b1aa-491839ca29f3,dd1ccf0f-d456-4bdb-bc79-2c3e43589642,c5,c1,1260,?,x12,
1769471029.0759268,RECEIVED,4898ab37-05e4-4ca2-87f1-2aecb264c537,911529c8-ca0b-4d98-a00a-59d4f7356b21,c2,c4,1781,e3,?,
1769471029.2321727,RECEIVED,6bd2affb-5a69-4b50-b6ea-51f00bf1f1e1,8512d35f-cc00-45ac-b1c4-2f26d0c150b2,c1,DROP,1007,e2,?,
1769471029.3227756,RECEIVED,cedccc32-697d-49c0-b7ba-7a53a57a94e2,9e2a0b07-c895-4272-a4a0-725eac3c26ba,c3,DROP,1016,e5,?,
1769471029.3489478,RECEIVED,9fe1a41e-bb09-41fa-b440-364781a6aacc,671f6e76-869f-4887-886f-67c25f0b6e6d,c3,None,1595,e6,?,
1769471029.5097897,SENT,4898ab37-05e4-4ca2-87f1-2aecb264c537,911529c8-ca0b-4d98-a00a-59d4f7356b21,c2,c4,1263,?,x12,
1769471029.5099835,FORWARDED,4898ab37-05e4-4ca2-87f1-2aecb264c537,911529c8-ca0b-4d98-a00a-59d4f7356b21,c2,c4,1263,?,x12,
1769471029.5365143,RECEIVED,44143e91-bc7a-4b57-8a8d-2d2df759f230,3a064959-69a6-4b6a-a81a-5d8e0e4a7a6d,c1,DROP,1016,e1,?,
1769471029.5729654,RECEIVED,05cbea91-e7b3-46d3-b910-7362f8534e29,fb878830-377d-43ee-8a00-ced5be614da7,c1,None,1596,e4,?,
1769471029.581336,RECEIVED,2d27be87-1156-4cc6-8009-2c109a0bacf4,2c8389e3-24da-43e5-bec1-e5aec98247b2,c4,DROP,1008,e6,?,
1769471029.5898585,RECEIVED,ebfa3058-f77a-4953-a199-06f5af782969,50be38ff-ad32-4d81-925b-91bf9b479ee2,c2,DROP,1009,e12,?,
1769471029.6064372,RECEIVED,fb68de1b-e696-4c05-b496-e1bda2641c76,72f7939c-97bc-48c0-b9b6-a62500e716c2,c5,c1,1774,e2,?,
1769471029.613227,SENT,2d27be87-1156-4cc6-8009-2c109a0bacf4,2c8389e3-24da-43e5-bec1-e5aec98247b2,c4,DROP,683,?,x9,
1769471029.6132655,FORWARDED,2d27be87-1156-4cc6-8009-2c109a0bacf4,2c8389e3-24da-43e5-bec1-e5aec98247b2,c4,DROP,683,?,x9,
1769471029.6678145,SENT,cedccc32-697d-49c0-b7ba-7a53a57a94e2,9e2a0b07-c895-4272-a4a0-725eac3c26ba,c3,DROP,688,?,x4,
1769471029.6678526,FORWARDED,cedccc32-697d-49c0-b7ba-7a53a57a94e2,9e2a0b07-c895-4272-a4a0-725eac3c26ba,c3,DROP,688,?,x4,
1769471029.804917,SENT,ebfa3058-f77a-4953-a199-06f5af782969,50be38ff-ad32-4d81-925b-91bf9b479ee2,c2,DROP,683,?,x10,
1769471029.804965,FORWARDED,ebfa3058-f77a-4953-a199-06f5af782969,50be38ff-ad32-4d81-925b-91bf9b479ee2,c2,DROP,683,?,x10,
1769471029.828594,SENT,fb68de1b-e696-4c05-b496-e1bda2641c76,72f7939c-97bc-48c0-b9b6-a62500e716c2,c5,c1,1260,?,x5,
1769471029.8286335,FORWARDED,fb68de1b-e696-4c05-b496-e1bda2641c76,72f7939c-97bc-48c0-b9b6-a62500e716c2,c5,c1,1260,?,x5,
1769471029.901216,SENT,6bd2affb-5a69-4b50-b6ea-51f00bf1f1e1,8512d35f-cc00-45ac-b1c4-2f26d0c150b2,c1,DROP,682,?,x3,
1769471029.9012556,FORWARDED,6bd2affb-5a69-4b50-b6ea-51f00bf1f1e1,8512d35f-cc00-45ac-b1c4-2f26d0c150b2,c1,DROP,682,?,x3,
1769471029.9858382,RECEIVED,601c015b-1da1-4731-90b6-12a43ab7913a,5a1c21e4-b9cd-4bc5-848b-391083817f68,c5,DROP,435,x4,?,
1769471030.023142,RECEIVED,11a2e83f-16b7-4396-b2fb-c7130d9bf9b8,36a4943d-4237-48f6-b1ce-cc31202db0b7,c5,DROP,1009,e7,?,
1769471030.0876238,RECEIVED,b7e1ae75-3ed1-43fa-afd9-dc3eb57f00e3,014aaa40-2ee8-40f5-a17a-66ab52557654,c2,DROP,1016,e11,?,
1769471030.1026247,SENT,11a2e83f-16b7-4396-b2fb-c7130d9bf9b8,36a4943d-4237-48f6-b1ce-cc31202db0b7,c5,DROP,684,?,x9,
1769471030.1026657,FORWARDED,11a2e83f-16b7-4396-b2fb-c7130d9bf9b8,36a4943d-4237-48f6-b1ce-cc31202db0b7,c5,DROP,684,?,x9,
1769471030.148759,RECEIVED,a0656489-40ac-42a5-84d3-a67595390bb4,9f43ac7a-eee9-46d7-b0cc-591b0d6d2448,c1,DROP,1009,e3,?,
1769471030.2100294,SENT,44143e91-bc7a-4b57-8a8d-2d2df759f230,3a064959-69a6-4b6a-a81a-5d8e0e4a7a6d,c1,DROP,688,?,x11,
1769471030.2100937,FORWARDED,44143e91-bc7a-4b57-8a8d-2d2df759f230,3a064959-69a6-4b6a-a81a-5d8e0e4a7a6d,c1,DROP,688,?,x11,
1769471030.2709844,SENT,b7e1ae75-3ed1-43fa-afd9-dc3eb57f00e3,014aaa40-2ee8-40f5-a17a-66ab52557654,c2,DROP,688,?,x2,
1769471030.2710228,FORWARDED,b7e1ae75-3ed1-43fa-afd9-dc3eb57f00e3,014aaa40-2ee8-40f5-a17a-66ab52557654,c2,DROP,688,?,x2,
1769471030.2716596,RECEIVED,cb280cdc-6fb7-4cba-8368-951d708ecf29,176fc49e-c33b-4815-9140-cdb9b5e7f624,c2,DROP,1007,e2,?,
1769471030.3219965,RECEIVED,8d93d398-2274-4125-9e2e-fa256bdee567,f571ddc9-5b14-4a2d-a402-3b295e856327,c1,DROP,1012,e6,?,
1769471030.4559402,RECEIVED,9c9fa833-8d6c-41ba-ac34-d42810808f7d,09b0bd99-f298-4cf9-9b2b-a9b180246de8,c3,c1,1774,e6,?,
1769471030.473008,SENT,9c9fa833-8d6c-41ba-ac34-d42810808f7d,09b0bd99-f298-4cf9-9b2b-a9b180246de8,c3,c1,1255,?,x11,
1769471030.4730444,FORWARDED,9c9fa833-8d6c-41ba-ac34-d42810808f7d,09b0bd99-f298-4cf9-9b2b-a9b180246de8,c3,c1,1255,?,x11,
1769471030.585476,SENT,a0656489-40ac-42a5-84d3-a67595390bb4,9f43ac7a-eee9-46d7-b0cc-591b0d6d2448,c1,DROP,684,?,x11,
1769471030.5855117,FORWARDED,a0656489-40ac-42a5-84d3-a67595390bb4,9f43ac7a-eee9-46d7-b0cc-591b0d6d2448,c1,DROP,684,?,x11,
1769471030.724024,RECEIVED,e4eebbee-0c8a-4065-80c8-640cf8311feb,c5f7e657-8154-4782-a67d-74bdc8897147,c2,DROP,1015,e4,?,
1769471030.8460054,SENT,cb280cdc-6fb7-4cba-8368-951d708ecf29,176fc49e-c33b-4815-9140-cdb9b5e7f624,c2,DROP,684,?,x3,
1769471030.8460438,FORWARDED,cb280cdc-6fb7-4cba-8368-951d708ecf29,176fc49e-c33b-4815-9140-cdb9b5e7f624,c2,DROP,684,?,x3,
1769471030.8589263,SENT,05cbea91-e7b3-46d3-b910-7362f8534e29,fb878830-377d-43ee-8a00-ced5be614da7,c1,None,1124,?,x10,
1769471030.858969,FORWARDED,05cbea91-e7b3-46d3-b910-7362f8534e29,fb878830-377d-43ee-8a00-ced5be614da7,c1,None,1124,?,x10,
1769471030.9022782,SENT,9fe1a41e-bb09-41fa-b440-364781a6aacc,671f6e76-869f-4887-886f-67c25f0b6e6d,c3,None,1124,?,x9,
1769471030.9023206,FORWARDED,9fe1a41e-bb09-41fa-b440-364781a6aacc,671f6e76-869f-4887-886f-67c25f0b6e6d,c3,None,1124,?,x9,
1769471030.9429398,RECEIVED,d89b7a59-8e25-4203-9119-15f82614bcc3,8054d92f-3e45-487d-aed7-da73e60c4330,c3,DROP,1008,e1,?,
1769471031.0175612,RECEIVED,d2fff321-30d2-40f9-afb3-358af8b5196a,5768ee9a-0b7c-4c88-916c-f4c07ce61dc2,c4,c3,1764,e3,?,
1769471031.0335438,SENT,d89b7a59-8e25-4203-9119-15f82614bcc3,8054d92f-3e45-487d-aed7-da73e60c4330,c3,DROP,684,?,x3,
1769471031.0335836,FORWARDED,d89b7a59-8e25-4203-9119-15f82614bcc3,8054d92f-3e45-487d-aed7-da73e60c4330,c3,DROP,684,?,x3,
1769471031.135874,RECEIVED,4cd4af4e-df3a-46ba-a1ba-4d9ce803ca1d,0557af33-6224-45ac-b3f2-943af101039e,c5,DROP,1016,e7,?,
1769471031.1403234,SENT,d2fff321-30d2-40f9-afb3-358af8b5196a,5768ee9a-0b7c-4c88-916c-f4c07ce61dc2,c4,c3,1251,?,x4,
1769471031.140362,FORWARDED,d2fff321-30d2-40f9-afb3-358af8b5196a,5768ee9a-0b7c-4c88-916c-f4c07ce61dc2,c4,c3,1251,?,x4,
1769471031.1556163,RECEIVED,2e7b6b98-b05c-488b-b96f-b77908b1ce42,c82223e0-171b-47b6-bc6b-8948eaa370e9,c3,DROP,1009,e4,?,
1769471031.244407,SENT,2e7b6b98-b05c-488b-b96f-b77908b1ce42,c82223e0-171b-47b6-bc6b-8948eaa370e9,c3,DROP,684,?,x11,
1769471031.2444487,FORWARDED,2e7b6b98-b05c-488b-b96f-b77908b1ce42,c82223e0-171b-47b6-bc6b-8948eaa370e9,c3,DROP,684,?,x11,
1769471031.2710838,RECEIVED,320921df-6158-4add-9226-b3735763e42c,85033fe1-7b57-4fcb-ad6f-503ecaa5186a,c3,DROP,445,x10,?,
1769471031.2843878,RECEIVED,376def25-79b1-4c14-af97-a4d8ec104b16,4a987681-9585-4e95-811c-b6ed5afe88d9,c2,DROP,1005,e12,?,
1769471031.290695,SENT,4cd4af4e-df3a-46ba-a1ba-4d9ce803ca1d,0557af33-6224-45ac-b3f2-943af101039e,c5,DROP,688,?,x8,
1769471031.290801,FORWARDED,4cd4af4e-df3a-46ba-a1ba-4d9ce803ca1d,0557af33-6224-45ac-b3f2-943af101039e,c5,DROP,688,?,x8,
1769471031.3019028,SENT,e4eebbee-0c8a-4065-80c8-640cf8311feb,c5f7e657-8154-4782-a67d-74bdc8897147,c2,DROP,689,?,x8,
1769471031.3019435,FORWARDED,e4eebbee-0c8a-4065-80c8-640cf8311feb,c5f7e657-8154-4782-a67d-74bdc8897147,c2,DROP,689,?,x8,
1769471031.4000823,SENT,376def25-79b1-4c14-af97-a4d8ec104b16,4a987681-9585-4e95-811c-b6ed5afe88d9,c2,DROP,679,?,x10,
1769471031.400123,FORWARDED,376def25-79b1-4c14-af97-a4d8ec104b16,4a987681-9585-4e95-811c-b6ed5afe88d9,c2,DROP,679,?,x10,
1769471031.6042378,RECEIVED,f3a1aa63-8aaa-4789-8f24-8d98b7099ba0,af408bf5-741d-4297-949b-56aafc9ffbe6,c3,DROP,1015,e1,?,
1769471031.681398,RECEIVED,35281be6-475e-4633-802d-5f175aa78a68,2874745f-1e13-4f34-ab38-f7e8874d1226,c4,DROP,1015,e4,?,
1769471031.6921766,RECEIVED,a37cba66-2bdf-4edd-8a03-747bf6c04b62,87cb47f5-4745-4d9c-8398-2cebeb97a0c8,c5,DROP,440,x7,?,
1769471031.7162707,RECEIVED,bddc472e-f647-497d-a3cb-d06314c44c65,433d43a6-6cff-48d5-8d0d-418fd7e2cad6,c4,DROP,1007,e5,?,
1769471031.7969005,RECEIVED,8c2e8402-5615-418c-96df-7d646d23672c,545e6a22-f0f0-49a2-abb9-a0cf10bc7d98,c4,c3,1784,e3,?,
1769471031.8147364,SENT,35281be6-475e-4633-802d-5f175aa78a68,2874745f-1e13-4f34-ab38-f7e8874d1226,c4,DROP,688,?,x6,
1769471031.8147805,FORWARDED,35281be6-475e-4633-802d-5f175aa78a68,2874745f-1e13-4f34-ab38-f7e8874d1226,c4,DROP,688,?,x6,
1769471031.8525405,RECEIVED,5face8a4-e72e-40d1-aab6-e42d4ef9b65d,94f64aca-7768-4ad5-8468-72020e73f2c0,c5,DROP,1008,e6,?,
1769471031.9485922,SENT,8d93d398-2274-4125-9e2e-fa256bdee567,f571ddc9-5b14-4a2d-a402-3b295e856327,c1,DROP,687,?,x11,
1769471031.948631,FORWARDED,8d93d398-2274-4125-9e2e-fa256bdee567,f571ddc9-5b14-4a2d-a402-3b295e856327,c1,DROP,687,?,x11,
1769471032.0258782,SENT,5face8a4-e72e-40d1-aab6-e42d4ef9b65d,94f64aca-7768-4ad5-8468-72020e73f2c0,c5,DROP,684,?,x7,
1769471032.0259228,FORWARDED,5face8a4-e72e-40d1-aab6-e42d4ef9b65d,94f64aca-7768-4ad5-8468-72020e73f2c0,c5,DROP,684,?,x7,
1769471032.0430436,SENT,8c2e8402-5615-418c-96df-7d646d23672c,545e6a22-f0f0-49a2-abb9-a0cf10bc7d98,c4,c3,1264,?,x7,
1769471032.0430949,FORWARDED,8c2e8402-5615-418c-96df-7d646d23672c,545e6a22-f0f0-49a2-abb9-a0cf10bc7d98,c4,c3,1264,?,x7,
1769471032.1205273,RECEIVED,09c60777-2cf0-4b41-ac58-abba54df5a51,ed6d612b-875d-4ce1-9459-67581b8f9646,c4,DROP,1014,e11,?,
1769471032.2304752,RECEIVED,bbc7678a-b1fa-4879-b96f-f639728326fb,ba36a673-8d73-4708-9b5a-5e8446fd3673,c2,DROP,1008,e9,?,
1769471032.237298,SENT,f3a1aa63-8aaa-4789-8f24-8d98b7099ba0,af408bf5-741d-4297-949b-56aafc9ffbe6,c3,DROP,689,?,x1,
1769471032.2373374,FORWARDED,f3a1aa63-8aaa-4789-8f24-8d98b7099ba0,af408bf5-741d-4297-949b-56aafc9ffbe6,c3,DROP,689,?,x1,
1769471032.5604784,RECEIVED,1e4d1627-b156-49ab-84e1-51180970109e,5f48d954-78c6-427a-8f49-55ea8d0db12a,c2,DROP,1009,e8,?,
1769471032.6036448,RECEIVED,9874a613-738f-4b1e-bd7d-7f50e0b7a9a2,5f5e840a-7585-4b08-a35f-5caa1ac6e0e8,c4,DROP,1011,e3,?,
1769471032.7006435,SENT,09c60777-2cf0-4b41-ac58-abba54df5a51,ed6d612b-875d-4ce1-9459-67581b8f9646,c4,DROP,688,?,x2,
1769471032.7006822,FORWARDED,09c60777-2cf0-4b41-ac58-abba54df5a51,ed6d612b-875d-4ce1-9459-67581b8f9646,c4,DROP,688,?,x2,
1769471032.7042296,RECEIVED,d330ce66-5b89-4f9b-9bdf-35958d63aa9d,604bbd2d-951d-4d76-92a0-d74b52232371,c4,DROP,440,x11,?,
1769471032.7790313,SENT,1e4d1627-b156-49ab-84e1-51180970109e,5f48d954-78c6-427a-8f49-55ea8d0db12a,c2,DROP,684,?,x12,
1769471032.7790875,FORWARDED,1e4d1627-b156-49ab-84e1-51180970109e,5f48d954-78c6-427a-8f49-55ea8d0db12a,c2,DROP,684,?,x12,
1769471033.0668983,RECEIVED,dc330c62-c9b8-4f68-902e-f5a6a9fadf94,0330a245-1fbe-433a-b59d-3695caa7e7d4,c4,DROP,1015,e8,?,
1769471033.102173,RECEIVED,236bf8a2-6356-404a-917d-ce3c14fc80b6,e56f901c-14ce-497c-97fe-526d41762d61,c3,DROP,1015,e1,?,
1769471033.1544955,RECEIVED,f67c92f2-f93e-436a-9959-b550e205b2be,f78e90c8-00ba-4b6b-b1e3-aa921900e802,c5,DROP,1003,e11,?,
1769471033.1871583,RECEIVED,4d937e07-ecf7-4096-a931-f84f39ef4ace,2242043f-9577-4165-a579-a13dc9c8a50e,c3,DROP,1008,e5,?,
1769471033.1907027,SENT,9874a613-738f-4b1e-bd7d-7f50e0b7a9a2,5f5e840a-7585-4b08-a35f-5caa1ac6e0e8,c4,DROP,686,?,x3,
1769471033.190741,FORWARDED,9874a613-738f-4b1e-bd7d-7f50e0b7a9a2,5f5e840a-7585-4b08-a35f-5caa1ac6e0e8,c4,DROP,686,?,x3,
1769471033.2074366,RECEIVED,4665aba2-f940-4335-b857-3f9fda971f28,2f2e273e-2c2f-4789-846d-057570e07c04,c3,None,1608,e6,?,
1769471033.2482665,SENT,236bf8a2-6356-404a-917d-ce3c14fc80b6,e56f901c-14ce-497c-97fe-526d41762d61,c3,DROP,689,?,x8,
1769471033.2483072,FORWARDED,236bf8a2-6356-404a-917d-ce3c14fc80b6,e56f901c-14ce-497c-97fe-526d41762d61,c3,DROP,689,?,x8,
1769471033.254123,SENT,4665aba2-f940-4335-b857-3f9fda971f28,2f2e273e-2c2f-4789-846d-057570e07c04,c3,None,1132,?,x9,
1769471033.2541635,FORWARDED,4665aba2-f940-4335-b857-3f9fda971f28,2f2e273e-2c2f-4789-846d-057570e07c04,c3,None,1132,?,x9,
1769471033.2970264,SENT,bbc7678a-b1fa-4879-b96f-f639728326fb,ba36a673-8d73-4708-9b5a-5e8446fd3673,c2,DROP,684,?,x10,
1769471033.297073,FORWARDED,bbc7678a-b1fa-4879-b96f-f639728326fb,ba36a673-8d73-4708-9b5a-5e8446fd3673,c2,DROP,684,?,x10,
1769471033.3761885,RECEIVED,44525f6e-fb0e-455e-8433-8920bcb82b8b,cacdd990-378a-4562-a081-2691ede77912,c4,DROP,441,x1,?,
1769471033.3878448,SENT,bddc472e-f647-497d-a3cb-d06314c44c65,433d43a6-6cff-48d5-8d0d-418fd7e2cad6,c4,DROP,683,?,x12,
1769471033.387891,FORWARDED,bddc472e-f647-497d-a3cb-d06314c44c65,433d43a6-6cff-48d5-8d0d-418fd7e2cad6,c4,DROP,683,?,x12,
1769471033.3991776,SENT,4d937e07-ecf7-4096-a931-f84f39ef4ace,2242043f-9577-4165-a579-a13dc9c8a50e,c3,DROP,684,?,x9,
1769471033.399218,FORWARDED,4d937e07-ecf7-4096-a931-f84f39ef4ace,2242043f-9577-4165-a579-a13dc9c8a50e,c3,DROP,684,?,x9,
1769471033.436902,RECEIVED,abea2481-2516-48ce-8827-131650620624,506acb3e-5141-40d5-b740-66935b488543,c4,DROP,441,x5,?,
1769471033.4374156,RECEIVED,cb18411a-8cfd-4b91-99ae-f7bc4d4969d0,fbd03d91-747e-42f4-bb5b-73b6aadbe563,c2,DROP,442,x1,?,
1769471033.6382174,RECEIVED,8eac29da-9be1-4fbc-944e-e068c1dc2579,1f6a0556-845d-4284-ab68-5f3aef80bec1,c2,DROP,441,x2,?,
1769471033.6683161,SENT,f67c92f2-f93e-436a-9959-b550e205b2be,f78e90c8-00ba-4b6b-b1e3-aa921900e802,c5,DROP,681,?,x2,
1769471033.6683621,FORWARDED,f67c92f2-f93e-436a-9959-b550e205b2be,f78e90c8-00ba-4b6b-b1e3-aa921900e802,c5,DROP,681,?,x2,
1769471033.8289382,SENT,dc330c62-c9b8-4f68-902e-f5a6a9fadf94,0330a245-1fbe-433a-b59d-3695caa7e7d4,c4,DROP,688,?,x1,
1769471033.8289843,FORWARDED,dc330c62-c9b8-4f68-902e-f5a6a9fadf94,0330a245-1fbe-433a-b59d-3695caa7e7d4,c4,DROP,688,?,x1,
1769471033.9618819,RECEIVED,a86d4e64-96e3-43c9-97e4-b5b5980ae781,8ceec8bf-f74c-40b3-88a4-4faf94bbfd9b,c1,DROP,1007,e1,?,
1769471034.0503213,SENT,a86d4e64-96e3-43c9-97e4-b5b5980ae781,8ceec8bf-f74c-40b3-88a4-4faf94bbfd9b,c1,DROP,683,?,x3,
1769471034.0503614,FORWARDED,a86d4e64-96e3-43c9-97e4-b5b5980ae781,8ceec8bf-f74c-40b3-88a4-4faf94bbfd9b,c1,DROP,683,?,x3,
1769471034.273727,RECEIVED,27a88f8f-f400-487c-8cd3-e116548b220f,5081f253-8820-4b87-a501-38b439e46708,c4,c3,1780,e11,?,
1769471034.2808883,RECEIVED,94813c6b-824e-4948-9114-f6b184efce9c,adc09bc0-d2c1-4ec8-ae76-b02c8c718135,c1,DROP,1007,e11,?,
1769471034.3568769,SENT,27a88f8f-f400-487c-8cd3-e116548b220f,5081f253-8820-4b87-a501-38b439e46708,c4,c3,1263,?,x5,
1769471034.3569148,FORWARDED,27a88f8f-f400-487c-8cd3-e116548b220f,5081f253-8820-4b87-a501-38b439e46708,c4,c3,1263,?,x5,
1769471034.5560381,RECEIVED,f9b788de-26c2-4307-a548-3951248fc4dc,b605a39d-8869-4263-8ba8-64141b764603,c3,DROP,1007,e11,?,
1769471034.686975,RECEIVED,b98ebf40-bc88-4629-8fc0-0320a13d37a9,441d6d05-6fdb-493c-bf2f-0f973fddd658,c3,DROP,1009,e6,?,
1769471034.728893,RECEIVED,f0dd5e03-160d-4e43-84c4-87d2d19ebb66,8c9ca00b-41b8-4490-90d7-2f9576f2afaa,c1,DROP,1011,e4,?,
1769471034.7600377,SENT,b98ebf40-bc88-4629-8fc0-0320a13d37a9,441d6d05-6fdb-493c-bf2f-0f973fddd658,c3,DROP,683,?,x3,
1769471034.7600932,FORWARDED,b98ebf40-bc88-4629-8fc0-0320a13d37a9,441d6d05-6fdb-493c-bf2f-0f973fddd658,c3,DROP,683,?,x3,
1769471034.8067834,SENT,94813c6b-824e-4948-9114-f6b184efce9c,adc09bc0-d2c1-4ec8-ae76-b02c8c718135,c1,DROP,683,?,x3,
1769471034.8068237,FORWARDED,94813c6b-824e-4948-9114-f6b184efce9c,adc09bc0-d2c1-4ec8-ae76-b02c8c718135,c1,DROP,683,?,x3,
1769471034.9963398,RECEIVED,0502f839-1d3b-4e12-9029-4f0f1dad456d,77d79868-4a69-402a-a669-7653ae9f5d0a,c3,DROP,1011,e3,?,
1769471035.1262918,RECEIVED,626c23a7-1337-4579-88cd-364c9bf227d6,806f625c-8bec-4764-a4fa-e9d24b31e79d,c5,DROP,1011,e6,?,
1769471035.1643596,RECEIVED,8322977a-5557-400c-8318-6f170484739b,a9ecb828-1aee-465f-a694-728f248a1d57,c4,DROP,1015,e12,?,
1769471035.3957434,SENT,626c23a7-1337-4579-88cd-364c9bf227d6,806f625c-8bec-4764-a4fa-e9d24b31e79d,c5,DROP,687,?,x2,
1769471035.3957832,FORWARDED,626c23a7-1337-4579-88cd-364c9bf227d6,806f625c-8bec-4764-a4fa-e9d24b31e79d,c5,DROP,687,?,x2,
1769471035.4741585,RECEIVED,7a970d4e-cae9-4d83-b0da-1e53cfe14ef0,fc563565-eb06-44a4-931c-6fcdd3e77df8,c2,DROP,1007,e7,?,
1769471035.7794638,RECEIVED,8ed63909-cc63-4d62-974c-9444d7e123de,06ed9de5-96df-443c-9d1b-8511ddf497e0,c4,DROP,1008,e11,?,
1769471035.8342102,SENT,f9b788de-26c2-4307-a548-3951248fc4dc,b605a39d-8869-4263-8ba8-64141b764603,c3,DROP,683,?,x4,
1769471035.8342485,FORWARDED,f9b788de-26c2-4307-a548-3951248fc4dc,b605a39d-8869-4263-8ba8-64141b764603,c3,DROP,683,?,x4,
1769471035.944004,SENT,8ed63909-cc63-4d62-974c-9444d7e123de,06ed9de5-96df-443c-9d1b-8511ddf497e0,c4,DROP,684,?,x12,
1769471035.9443197,FORWARDED,8ed63909-cc63-4d62-974c-9444d7e123de,06ed9de5-96df-443c-9d1b-8511ddf497e0,c4,DROP,684,?,x12,
1769471035.9542918,SENT,0502f839-1d3b-4e12-9029-4f0f1dad456d,77d79868-4a69-402a-a669-7653ae9f5d0a,c3,DROP,686,?,x8,
1769471035.9543324,FORWARDED,0502f839-1d3b-4e12-9029-4f0f1dad456d,77d79868-4a69-402a-a669-7653ae9f5d0a,c3,DROP,686,?,x8,
1769471036.0433927,RECEIVED,e701a2e8-d22a-491e-afc9-779e95427ec0,8a401f50-2f9f-4a05-b607-3d4bcf717c7e,c4,None,1604,e5,?,
1769471036.3829,SENT,8322977a-5557-400c-8318-6f170484739b,a9ecb828-1aee-465f-a694-728f248a1d57,c4,DROP,689,?,x6,
1769471036.3829367,FORWARDED,8322977a-5557-400c-8318-6f170484739b,a9ecb828-1aee-465f-a694-728f248a1d57,c4,DROP,689,?,x6,
1769471036.3951063,SENT,f0dd5e03-160d-4e43-84c4-87d2d19ebb66,8c9ca00b-41b8-4490-90d7-2f9576f2afaa,c1,DROP,687,?,x6,
1769471036.3951447,FORWARDED,f0dd5e03-160d-4e43-84c4-87d2d19ebb66,8c9ca00b-41b8-4490-90d7-2f9576f2afaa,c1,DROP,687,?,x6,
1769471036.4799469,SENT,e701a2e8-d22a-491e-afc9-779e95427ec0,8a401f50-2f9f-4a05-b607-3d4bcf717c7e,c4,None,1131,?,x2,
1769471036.4799883,FORWARDED,e701a2e8-d22a-491e-afc9-779e95427ec0,8a401f50-2f9f-4a05-b607-3d4bcf717c7e,c4,None,1131,?,x2,
1769471036.6072373,RECEIVED,67120c46-d45e-4dc3-a3fa-fb4bf56d4130,b774aad4-e3db-4b5a-a16f-71e108c274a0,c2,DROP,441,x10,?,
1769471036.6798968,RECEIVED,7c7d1555-12ad-47f6-92c2-414b70cad0ab,201ce39b-2e5b-44c6-8aa7-b3043d0812e7,c5,DROP,442,x2,?,
1769471036.7242353,SENT,7a970d4e-cae9-4d83-b0da-1e53cfe14ef0,fc563565-eb06-44a4-931c-6fcdd3e77df8,c2,DROP,682,?,x2,
1769471036.7242754,FORWARDED,7a970d4e-cae9-4d83-b0da-1e53cfe14ef0,fc563565-eb06-44a4-931c-6fcdd3e77df8,c2,DROP,682,?,x2,
1769471036.866786,RECEIVED,be1e4962-8ff1-4a3b-a0e7-92a48f1cf9aa,ea3057ab-d468-4efd-bfa4-4d1a2f870e1d,c2,DROP,442,x8,?,
1769471036.8828216,RECEIVED,59eb8850-7362-438a-b1d4-f9bc9bb593dd,e4d12f26-7124-4e56-87c7-e9ba5c7ceee7,c1,DROP,1003,e4,?,
1769471036.9693716,RECEIVED,a37d5946-fe35-45e2-a514-c654ef82e5a2,95d038c1-64ef-4c56-806a-06775af48433,c4,DROP,1009,e5,?,
1769471037.0839803,SENT,59eb8850-7362-438a-b1d4-f9bc9bb593dd,e4d12f26-7124-4e56-87c7-e9ba5c7ceee7,c1,DROP,680,?,x1,
1769471037.0840175,FORWARDED,59eb8850-7362-438a-b1d4-f9bc9bb593dd,e4d12f26-7124-4e56-87c7-e9ba5c7ceee7,c1,DROP,680,?,x1,
1769471037.126606,RECEIVED,98bb63df-9ff8-45cd-9698-641818899dc8,57c99e97-4dce-4314-8412-92c7d3caf6ef,c4,DROP,1008,e7,?,
1769471037.1611726,SENT,98bb63df-9ff8-45cd-9698-641818899dc8,57c99e97-4dce-4314-8412-92c7d3caf6ef,c4,DROP,684,?,x7,
1769471037.1612113,FORWARDED,98bb63df-9ff8-45cd-9698-641818899dc8,57c99e97-4dce-4314-8412-92c7d3caf6ef,c4,DROP,684,?,x7,
1769471037.1810074,SENT,a37d5946-fe35-45e2-a514-c654ef82e5a2,95d038c1-64ef-4c56-806a-06775af48433,c4,DROP,684,?,x10,
1769471037.1810431,FORWARDED,a37d5946-fe35-45e2-a514-c654ef82e5a2,95d038c1-64ef-4c56-806a-06775af48433,c4,DROP,684,?,x10,
1769471037.1811447,RECEIVED,8f9286ed-617e-4040-957a-081cf9b9025f,db1dda7a-eb81-468c-b65c-339f3b283a21,c4,c3,1773,e1,?,
1769471037.437096,SENT,8f9286ed-617e-4040-957a-081cf9b9025f,db1dda7a-eb81-468c-b65c-339f3b283a21,c4,c3,1256,?,x11,
1769471037.4371336,FORWARDED,8f9286ed-617e-4040-957a-081cf9b9025f,db1dda7a-eb81-468c-b65c-339f3b283a21,c4,c3,1256,?,x11,
1769471037.4757485,RECEIVED,4d19bbb7-8d0c-47a6-a138-452da496bd47,3f1b91c7-ec76-45bf-8c68-c01ae97b8803,c1,c3,1777,e11,?,
1769471037.5064733,RECEIVED,29d830b1-763e-4952-9ba4-e0b4a886341e,b4c8cf7e-a8e8-4c33-bd84-997d80a604c4,c2,DROP,1008,e5,?,
1769471037.540096,SENT,4d19bbb7-8d0c-47a6-a138-452da496bd47,3f1b91c7-ec76-45bf-8c68-c01ae97b8803,c1,c3,1258,?,x6,
1769471037.5401351,FORWARDED,4d19bbb7-8d0c-47a6-a138-452da496bd47,3f1b91c7-ec76-45bf-8c68-c01ae97b8803,c1,c3,1258,?,x6,
1769471037.596815,RECEIVED,275e2c0a-3af9-4ed3-80d3-afe2b7ff3111,681756a7-a653-4cd5-9e77-6de51a3f8e5f,c1,DROP,1019,e9,?,
1769471037.6157408,RECEIVED,39a9cbf4-06db-49aa-ac68-92637978ac8c,32fefb3a-c7cd-45c4-abe6-e2f74fe40f5b,c1,DROP,1016,e10,?,
1769471037.6332831,RECEIVED,dfbebf11-2af3-42c4-ad78-068132557560,478f6e5b-f27e-4c50-b244-d57e23c4f555,c2,DROP,1011,e2,?,
1769471037.7707307,SENT,39a9cbf4-06db-49aa-ac68-92637978ac8c,32fefb3a-c7cd-45c4-abe6-e2f74fe40f5b,c1,DROP,688,?,x9,
1769471037.7707794,FORWARDED,39a9cbf4-06db-49aa-ac68-92637978ac8c,32fefb3a-c7cd-45c4-abe6-e2f74fe40f5b,c1,DROP,688,?,x9,
1769471037.9639976,SENT,275e2c0a-3af9-4ed3-80d3-afe2b7ff3111,681756a7-a653-4cd5-9e77-6de51a3f8e5f,c1,DROP,693,?,x10,
1769471037.9640384,FORWARDED,275e2c0a-3af9-4ed3-80d3-afe2b7ff3111,681756a7-a653-4cd5-9e77-6de51a3f8e5f,c1,DROP,693,?,x10,
1769471037.9957955,RECEIVED,858ff85a-2077-4c59-96bd-45c145460d5c,ef072498-45f7-454b-8d20-6481a96ad26f,c3,c1,1776,e4,?,
1769471038.0328026,RECEIVED,f807cc02-69de-421e-86bb-e2e85c5437e9,23a69be0-dfb1-47c0-8e22-a5b941c1ae17,c5,DROP,442,x6,?,
1769471038.0626347,SENT,29d830b1-763e-4952-9ba4-e0b4a886341e,b4c8cf7e-a8e8-4c33-bd84-997d80a604c4,c2,DROP,683,?,x12,
1769471038.0626721,FORWARDED,29d830b1-763e-4952-9ba4-e0b4a886341e,b4c8cf7e-a8e8-4c33-bd84-997d80a604c4,c2,DROP,683,?,x12,
1769471038.105906,RECEIVED,d81ae1b5-d43a-4971-b309-9cc0e4867ccb,fc9e0f16-e84a-48af-8b55-62c0d2267add,c1,DROP,442,x5,?,
1769471038.1366246,SENT,dfbebf11-2af3-42c4-ad78-068132557560,478f6e5b-f27e-4c50-b244-d57e23c4f555,c2,DROP,686,?,x3,
1769471038.136666,FORWARDED,dfbebf11-2af3-42c4-ad78-068132557560,478f6e5b-f27e-4c50-b244-d57e23c4f555,c2,DROP,686,?,x3,
1769471038.2238085,RECEIVED,4c470987-fec2-4c9f-abdb-6ebea0c6c525,f585ce9c-1468-4946-90c6-915cecd18b52,c4,DROP,1011,e7,?,
1769471038.458825,SENT,858ff85a-2077-4c59-96bd-45c145460d5c,ef072498-45f7-454b-8d20-6481a96ad26f,c3,c1,1259,?,x1,
1769471038.4588652,FORWARDED,858ff85a-2077-4c59-96bd-45c145460d5c,ef072498-45f7-454b-8d20-6481a96ad26f,c3,c1,1259,?,x1,
1769471038.4794295,RECEIVED,193b07f9-c4b6-4b80-aa6b-ff9ad6e0ec98,7c92e846-e105-4a96-91df-3768126517f3,c3,c1,1771,e1,?,
1769471038.6411912,RECEIVED,558b11fe-f48b-4aab-b736-556edae0d2dd,62d0da76-6e0f-4ab0-93c1-f8d7ec688dd3,c2,DROP,1007,e7,?,
1769471038.7427936,RECEIVED,9c192f20-095a-4632-b00e-9875f2cc2431,00d122d0-1f4e-4667-bf34-33aa0182d1ae,c5,DROP,1008,e3,?,
1769471038.884174,RECEIVED,bfd15ee4-51d6-4678-85b1-d0a0d9f3884a,32a815ce-5459-4b22-9684-6138dcc9e9ea,c5,c1,1767,e5,?,
1769471038.8944447,SENT,9c192f20-095a-4632-b00e-9875f2cc2431,00d122d0-1f4e-4667-bf34-33aa0182d1ae,c5,DROP,683,?,x6,
1769471038.8944862,FORWARDED,9c192f20-095a-4632-b00e-9875f2cc2431,00d122d0-1f4e-4667-bf34-33aa0182d1ae,c5,DROP,683,?,x6,
1769471038.9292123,RECEIVED,1cd343e9-45b3-42b0-bf5b-5337498ba6a8,ac4655e5-a833-4760-be73-0a444ed0ddb4,c5,c1,1780,e10,?,
1769471039.0421827,SENT,bfd15ee4-51d6-4678-85b1-d0a0d9f3884a,32a815ce-5459-4b22-9684-6138dcc9e9ea,c5,c1,1252,?,x6,
1769471039.0422232,FORWARDED,bfd15ee4-51d6-4678-85b1-d0a0d9f3884a,32a815ce-5459-4b22-9684-6138dcc9e9ea,c5,c1,1252,?,x6,
1769471039.1052756,SENT,4c470987-fec2-4c9f-abdb-6ebea0c6c525,f585ce9c-1468-4946-90c6-915cecd18b52,c4,DROP,685,?,x7,
1769471039.1053157,FORWARDED,4c470987-fec2-4c9f-abdb-6ebea0c6c525,f585ce9c-1468-4946-90c6-915cecd18b52,c4,DROP,685,?,x7,
1769471039.1342342,RECEIVED,6bdad972-738e-4ab8-95ae-06b6e8d92103,688a4c79-d62a-429a-8b0c-23b186d53ca7,c1,DROP,1021,e12,?,
1769471039.193279,SENT,1cd343e9-45b3-42b0-bf5b-5337498ba6a8,ac4655e5-a833-4760-be73-0a444ed0ddb4,c5,c1,1262,?,x5,
1769471039.1933157,FORWARDED,1cd343e9-45b3-42b0-bf5b-5337498ba6a8,ac4655e5-a833-4760-be73-0a444ed0ddb4,c5,c1,1262,?,x5,
1769471039.408556,SENT,6bdad972-738e-4ab8-95ae-06b6e8d92103,688a4c79-d62a-429a-8b0c-23b186d53ca7,c1,DROP,692,?,x10,
1769471039.408594,FORWARDED,6bdad972-738e-4ab8-95ae-06b6e8d92103,688a4c79-d62a-429a-8b0c-23b186d53ca7,c1,DROP,692,?,x10,
1769471039.6573482,SENT,193b07f9-c4b6-4b80-aa6b-ff9ad6e0ec98,7c92e846-e105-4a96-91df-3768126517f3,c3,c1,1255,?,x4,
1769471039.65739,FORWARDED,193b07f9-c4b6-4b80-aa6b-ff9ad6e0ec98,7c92e846-e105-4a96-91df-3768126517f3,c3,c1,1255,?,x4,
1769471039.7287772,SENT,558b11fe-f48b-4aab-b736-556edae0d2dd,62d0da76-6e0f-4ab0-93c1-f8d7ec688dd3,c2,DROP,684,?,x8,
1769471039.7288163,FORWARDED,558b11fe-f48b-4aab-b736-556edae0d2dd,62d0da76-6e0f-4ab0-93c1-f8d7ec688dd3,c2,DROP,684,?,x8,
1769471039.7616503,RECEIVED,a001f96f-c039-4f5e-a547-bc55b5900e3a,1c7a54ef-22c1-4993-8a83-5eea6abd0b2d,c4,DROP,1009,e2,?,
1769471039.854643,RECEIVED,d0d5679c-c815-4985-8d3f-59c6c20ea48e,da60b5fe-0d27-4a2e-9539-fa0a0e192c47,c4,c3,1775,e7,?,
1769471039.870581,RECEIVED,65792b32-7c27-4603-a95b-6d83b617e1c6,7faba546-79a2-40c3-a902-39073baa9395,c2,DROP,1007,e12,?,
1769471039.903688,SENT,a001f96f-c039-4f5e-a547-bc55b5900e3a,1c7a54ef-22c1-4993-8a83-5eea6abd0b2d,c4,DROP,683,?,x11,
1769471039.903727,FORWARDED,a001f96f-c039-4f5e-a547-bc55b5900e3a,1c7a54ef-22c1-4993-8a83-5eea6abd0b2d,c4,DROP,683,?,x11,
1769471039.9460206,RECEIVED,dbf3e6ab-a9c1-4f02-a754-8fb9f4b8439a,8f9ccacd-4f45-404e-afc2-6c39be2c4b2d,c5,DROP,1015,e6,?,
1769471040.1214826,RECEIVED,cffb3c2f-7321-42bd-b16b-8cb0c3ab296c,ea204ef3-1a99-43fe-b954-888dc7b52855,c4,DROP,1008,e9,?,
1769471040.1526134,RECEIVED,fae72fd3-4f21-4bf0-b4e2-9ebd9c029878,c7eca585-0825-4e01-8b91-0b0c5c4c3459,c3,DROP,1010,e4,?,
1769471040.2066736,SENT,fae72fd3-4f21-4bf0-b4e2-9ebd9c029878,c7eca585-0825-4e01-8b91-0b0c5c4c3459,c3,DROP,683,?,x10,
1769471040.2067153,FORWARDED,fae72fd3-4f21-4bf0-b4e2-9ebd9c029878,c7eca585-0825-4e01-8b91-0b0c5c4c3459,c3,DROP,683,?,x10,
1769471040.2165751,SENT,cffb3c2f-7321-42bd-b16b-8cb0c3ab296c,ea204ef3-1a99-43fe-b954-888dc7b52855,c4,DROP,683,?,x4,
1769471040.2166162,FORWARDED,cffb3c2f-7321-42bd-b16b-8cb0c3ab296c,ea204ef3-1a99-43fe-b954-888dc7b52855,c4,DROP,683,?,x4,
1769471040.6535158,RECEIVED,d678787e-3576-4613-90bc-b9d9a1cc4fbd,e1414b16-c585-4404-b9bf-f4853630806a,c2,DROP,1007,e6,?,
1769471040.8063989,RECEIVED,4892964f-b17a-424d-8d94-d82a2400019b,d84aa762-c4a2-419e-b318-ba255292f1dd,c3,None,1595,e4,?,
1769471040.8805017,RECEIVED,a7a11d0d-df7e-4c21-bf2f-acd944d8d3ff,e51967e6-c610-4437-98c6-8f5bbbe6546b,c2,DROP,1009,e9,?,
1769471040.918114,SENT,a7a11d0d-df7e-4c21-bf2f-acd944d8d3ff,e51967e6-c610-4437-98c6-8f5bbbe6546b,c2,DROP,683,?,x10,
1769471040.9181535,FORWARDED,a7a11d0d-df7e-4c21-bf2f-acd944d8d3ff,e51967e6-c610-4437-98c6-8f5bbbe6546b,c2,DROP,683,?,x10,
1769471040.9296207,RECEIVED,92d16f48-f023-4b3d-a4ab-9335013d27b4,2f7c50d5-a3e0-405f-a972-e60b413d8238,c3,DROP,441,x3,?,
1769471041.018782,SENT,d0d5679c-c815-4985-8d3f-59c6c20ea48e,da60b5fe-0d27-4a2e-9539-fa0a0e192c47,c4,c3,1258,?,x1,
1769471041.0188215,FORWARDED,d0d5679c-c815-4985-8d3f-59c6c20ea48e,da60b5fe-0d27-4a2e-9539-fa0a0e192c47,c4,c3,1258,?,x1,
1769471041.3087623,SENT,dbf3e6ab-a9c1-4f02-a754-8fb9f4b8439a,8f9ccacd-4f45-404e-afc2-6c39be2c4b2d,c5,DROP,688,?,x8,
1769471041.308801,FORWARDED,dbf3e6ab-a9c1-4f02-a754-8fb9f4b8439a,8f9ccacd-4f45-404e-afc2-6c39be2c4b2d,c5,DROP,688,?,x8,
1769471041.3269794,RECEIVED,bd5dd410-5d4d-4d56-a7bb-f225bff9d2a2,5864294d-42e5-418a-bbe5-05e0642fcec9,c3,DROP,444,x11,?,
1769471041.374319,RECEIVED,47317b82-d626-40af-af50-d035f26145d2,fbe141e1-c873-4ca8-8ba7-c7f4057cd72a,c3,None,1594,e5,?,
1769471041.4588256,RECEIVED,acf94e26-0bb0-4a85-bc3c-0f4d11389311,9d6cb5e4-5f08-474f-930c-e3f1812febf0,c1,DROP,441,x12,?,
1769471041.5306165,RECEIVED,a257e898-563d-4ade-8764-a5f0a2b0183a,4f664af5-1549-49d6-b8f6-d404c23fe2b4,c1,None,1595,e4,?,
1769471041.556443,RECEIVED,a5dcbc30-83a7-4e21-9370-56fe17ef3d25,da573c0e-dafd-40f5-b9a1-304bb61a8f32,c1,None,1605,e12,?,
1769471041.7030118,SENT,a5dcbc30-83a7-4e21-9370-56fe17ef3d25,da573c0e-dafd-40f5-b9a1-304bb61a8f32,c1,None,1131,?,x10,
1769471041.7030647,FORWARDED,a5dcbc30-83a7-4e21-9370-56fe17ef3d25,da573c0e-dafd-40f5-b9a1-304bb61a8f32,c1,None,1131,?,x10,
1769471041.7061284,SENT,65792b32-7c27-4603-a95b-6d83b617e1c6,7faba546-79a2-40c3-a902-39073baa9395,c2,DROP,684,?,x3,
1769471041.7061706,FORWARDED,65792b32-7c27-4603-a95b-6d83b617e1c6,7faba546-79a2-40c3-a902-39073baa9395,c2,DROP,684,?,x3,
1769471041.803151,SENT,4892964f-b17a-424d-8d94-d82a2400019b,d84aa762-c4a2-419e-b318-ba255292f1dd,c3,None,1125,?,x1,
1769471041.8031912,FORWARDED,4892964f-b17a-424d-8d94-d82a2400019b,d84aa762-c4a2-419e-b318-ba255292f1dd,c3,None,1125,?,x1,
1769471041.8454528,RECEIVED,73f862aa-92b8-43f0-bd11-0324a05ed2f7,74c5c36e-5f33-4e81-af15-1ed0effc1360,c3,DROP,1007,e8,?,
1769471041.91365,RECEIVED,d585806f-80b2-4072-b414-560681e19227,816b9787-a37d-4583-83fe-c920c5b04e17,c3,DROP,1008,e11,?,
1769471041.9265833,SENT,d678787e-3576-4613-90bc-b9d9a1cc4fbd,e1414b16-c585-4404-b9bf-f4853630806a,c2,DROP,684,?,x7,
1769471041.9266233,FORWARDED,d678787e-3576-4613-90bc-b9d9a1cc4fbd,e1414b16-c585-4404-b9bf-f4853630806a,c2,DROP,684,?,x7,
1769471042.0003278,RECEIVED,c1000890-a2c6-4938-ab9a-15589f64e990,b3a92dc9-a7fb-4e5e-bebc-afd8c8a379bb,c1,c3,1783,e12,?,
1769471042.0547998,RECEIVED,3e828c9e-a06d-456c-a2fe-ecfa9ccc2beb,bc1fd2ad-53c9-4b59-a99b-b555d256c2e8,c4,DROP,1008,e8,?,
1769471042.0618553,RECEIVED,025fba55-e72b-4468-ad42-36996a0ed199,2a64b301-baa6-4e77-9f14-fe350024a5e0,c5,DROP,1008,e5,?,
1769471042.0811527,SENT,d585806f-80b2-4072-b414-560681e19227,816b9787-a37d-4583-83fe-c920c5b04e17,c3,DROP,683,?,x6,
1769471042.0811918,FORWARDED,d585806f-80b2-4072-b414-560681e19227,816b9787-a37d-4583-83fe-c920c5b04e17,c3,DROP,683,?,x6,
1769471042.1502764,SENT,73f862aa-92b8-43f0-bd11-0324a05ed2f7,74c5c36e-5f33-4e81-af15-1ed0effc1360,c3,DROP,683,?,x1,
1769471042.1503162,FORWARDED,73f862aa-92b8-43f0-bd11-0324a05ed2f7,74c5c36e-5f33-4e81-af15-1ed0effc1360,c3,DROP,683,?,x1,
1769471042.264225,RECEIVED,2646913a-d6d8-4e34-ba37-0501b00eda9f,9a942f04-faeb-4003-860e-ffded4957349,c1,None,1604,e12,?,
1769471042.4129612,SENT,2646913a-d6d8-4e34-ba37-0501b00eda9f,9a942f04-faeb-4003-860e-ffded4957349,c1,None,1131,?,x5,
1769471042.413004,FORWARDED,2646913a-d6d8-4e34-ba37-0501b00eda9f,9a942f04-faeb-4003-860e-ffded4957349,c1,None,1131,?,x5,
1769471042.4254553,SENT,3e828c9e-a06d-456c-a2fe-ecfa9ccc2beb,bc1fd2ad-53c9-4b59-a99b-b555d256c2e8,c4,DROP,682,?,x11,
1769471042.4254978,FORWARDED,3e828c9e-a06d-456c-a2fe-ecfa9ccc2beb,bc1fd2ad-53c9-4b59-a99b-b555d256c2e8,c4,DROP,682,?,x11,
1769471042.429914,SENT,47317b82-d626-40af-af50-d035f26145d2,fbe141e1-c873-4ca8-8ba7-c7f4057cd72a,c3,None,1123,?,x4,
1769471042.429949,FORWARDED,47317b82-d626-40af-af50-d035f26145d2,fbe141e1-c873-4ca8-8ba7-c7f4057cd72a,c3,None,1123,?,x4,
1769471042.5317323,RECEIVED,4d1a9ae1-432e-4796-b5f6-404c4082b22e,57663760-591b-4194-9c1c-4c06367af30c,c3,DROP,1007,e1,?,
1769471042.5348349,RECEIVED,012c7661-5ef1-4fd5-8a22-e7b7b302a873,73565e0a-ceee-4037-8213-0b5e22704563,c3,None,1598,e8,?,
1769471042.575475,RECEIVED,19b4aea0-0fe0-41d6-8109-974c082c7d8d,dd4ac340-b1b0-4e61-94dd-a113c8c65c27,c5,DROP,1015,e6,?,
1769471042.5904942,SENT,c1000890-a2c6-4938-ab9a-15589f64e990,b3a92dc9-a7fb-4e5e-bebc-afd8c8a379bb,c1,c3,1264,?,x6,
1769471042.5905313,FORWARDED,c1000890-a2c6-4938-ab9a-15589f64e990,b3a92dc9-a7fb-4e5e-bebc-afd8c8a379bb,c1,c3,1264,?,x6,
1769471042.6455026,RECEIVED,42a2b5d2-dec3-4ed7-b764-e2d422403600,50863d29-6045-45ce-b32a-a951e50bdc8f,c4,DROP,1007,e3,?,
1769471042.6953094,SENT,a257e898-563d-4ade-8764-a5f0a2b0183a,4f664af5-1549-49d6-b8f6-d404c23fe2b4,c1,None,1123,?,x6,
1769471042.6953514,FORWARDED,a257e898-563d-4ade-8764-a5f0a2b0183a,4f664af5-1549-49d6-b8f6-d404c23fe2b4,c1,None,1123,?,x6,
1769471042.7649767,SENT,4d1a9ae1-432e-4796-b5f6-404c4082b22e,57663760-591b-4194-9c1c-4c06367af30c,c3,DROP,684,?,x5,
1769471042.765016,FORWARDED,4d1a9ae1-432e-4796-b5f6-404c4082b22e,57663760-591b-4194-9c1c-4c06367af30c,c3,DROP,684,?,x5,
1769471042.8095775,SENT,19b4aea0-0fe0-41d6-8109-974c082c7d8d,dd4ac340-b1b0-4e61-94dd-a113c8c65c27,c5,DROP,689,?,x6,
1769471042.8096185,FORWARDED,19b4aea0-0fe0-41d6-8109-974c082c7d8d,dd4ac340-b1b0-4e61-94dd-a113c8c65c27,c5,DROP,689,?,x6,
1769471042.8319488,SENT,012c7661-5ef1-4fd5-8a22-e7b7b302a873,73565e0a-ceee-4037-8213-0b5e22704563,c3,None,1127,?,x4,
1769471042.8319962,FORWARDED,012c7661-5ef1-4fd5-8a22-e7b7b302a873,73565e0a-ceee-4037-8213-0b5e22704563,c3,None,1127,?,x4,
1769471042.8772082,SENT,025fba55-e72b-4468-ad42-36996a0ed199,2a64b301-baa6-4e77-9f14-fe350024a5e0,c5,DROP,684,?,x10,
1769471042.8772488,FORWARDED,025fba55-e72b-4468-ad42-36996a0ed199,2a64b301-baa6-4e77-9f14-fe350024a5e0,c5,DROP,684,?,x10,
1769471043.0022385,SENT,42a2b5d2-dec3-4ed7-b764-e2d422403600,50863d29-6045-45ce-b32a-a951e50bdc8f,c4,DROP,684,?,x8,
1769471043.002275,FORWARDED,42a2b5d2-dec3-4ed7-b764-e2d422403600,50863d29-6045-45ce-b32a-a951e50bdc8f,c4,DROP,684,?,x8,
1769471043.2469592,RECEIVED,65b25d5b-df4b-492c-b78e-1d8056bff9a4,f242d5f1-2f4a-4c88-abf5-7ac4ffa37589,c1,DROP,1016,e10,?,
1769471043.2984343,RECEIVED,3004107d-cc00-4da1-878c-addd72a78b31,cf6d16d9-5fc1-4e45-b6c9-aa8ba6523edc,c1,DROP,441,x11,?,
1769471043.3371348,SENT,65b25d5b-df4b-492c-b78e-1d8056bff9a4,f242d5f1-2f4a-4c88-abf5-7ac4ffa37589,c1,DROP,689,?,x8,
1769471043.337174,FORWARDED,65b25d5b-df4b-492c-b78e-1d8056bff9a4,f242d5f1-2f4a-4c88-abf5-7ac4ffa37589,c1,DROP,689,?,x8,
1769471043.410517,RECEIVED,07c33089-23ca-47b9-af2f-7629dd29d333,2ce3ddb7-94ab-44d2-99f3-0727f614b3ea,c1,DROP,442,x6,?,
1769471043.426166,RECEIVED,5f912b67-9e56-454c-8cb7-227c84e4c31d,9d50c4af-a72f-4a6b-a717-7767434d730e,c1,None,1597,e9,?,
1769471043.5650275,SENT,5f912b67-9e56-454c-8cb7-227c84e4c31d,9d50c4af-a72f-4a6b-a717-7767434d730e,c1,None,1124,?,x12,
1769471043.565165,FORWARDED,5f912b67-9e56-454c-8cb7-227c84e4c31d,9d50c4af-a72f-4a6b-a717-7767434d730e,c1,None,1124,?,x12,
1769471043.6105313,RECEIVED,6ae09265-535b-4f8a-a86d-2b140b2e4003,a0ff1322-11d0-4164-aa36-484f9f83f04c,c1,DROP,1011,e2,?,
1769471043.6139328,RECEIVED,ba120c69-a4c3-4f69-9a59-dd305b10488a,8082bb04-81ad-49d7-b593-149e641f0502,c3,c1,1776,e2,?,
1769471043.6209538,RECEIVED,ca0b6c82-ba47-4776-aa04-815e2ea00929,9a93ae2a-689d-4c78-94b2-de9089fa3f17,c4,None,1609,e5,?,
1769471043.6774514,SENT,ca0b6c82-ba47-4776-aa04-815e2ea00929,9a93ae2a-689d-4c78-94b2-de9089fa3f17,c4,None,1132,?,x11,
1769471043.677488,FORWARDED,ca0b6c82-ba47-4776-aa04-815e2ea00929,9a93ae2a-689d-4c78-94b2-de9089fa3f17,c4,None,1132,?,x11,
1769471043.7834485,SENT,ba120c69-a4c3-4f69-9a59-dd305b10488a,8082bb04-81ad-49d7-b593-149e641f0502,c3,c1,1259,?,x2,
1769471043.783486,FORWARDED,ba120c69-a4c3-4f69-9a59-dd305b10488a,8082bb04-81ad-49d7-b593-149e641f0502,c3,c1,1259,?,x2,
1769471043.8605628,SENT,6ae09265-535b-4f8a-a86d-2b140b2e4003,a0ff1322-11d0-4164-aa36-484f9f83f04c,c1,DROP,685,?,x9,
1769471043.8606036,FORWARDED,6ae09265-535b-4f8a-a86d-2b140b2e4003,a0ff1322-11d0-4164-aa36-484f9f83f04c,c1,DROP,685,?,x9,
1769471043.8828182,RECEIVED,a01e57ba-d09c-4dd5-a238-fb2aa3eb8fe4,658f74ca-e46f-4946-8c46-30a7d62dd824,c3,DROP,438,x7,?,
1769471043.8996985,RECEIVED,6fae9283-11ec-41c3-a313-0e55515485a2,c6540d1d-33b5-41e1-b4e9-ef544692bbe1,c4,c3,1767,e5,?,
1769471043.9081762,RECEIVED,3e73de22-b127-4a02-8e57-c6ef66f1dd5c,c562ed01-3a95-4552-a143-0e8c5bae59fb,c5,DROP,1008,e11,?,
1769471043.9641144,RECEIVED,44c45ae7-c6a9-4636-97dc-0dcbae125fa3,644fef3a-eafb-45c5-810d-aa08038b4240,c5,DROP,1008,e9,?,
1769471044.0807636,SENT,3e73de22-b127-4a02-8e57-c6ef66f1dd5c,c562ed01-3a95-4552-a143-0e8c5bae59fb,c5,DROP,684,?,x3,
1769471044.0808039,FORWARDED,3e73de22-b127-4a02-8e57-c6ef66f1dd5c,c562ed01-3a95-4552-a143-0e8c5bae59fb,c5,DROP,684,?,x3,
1769471044.118712,SENT,44c45ae7-c6a9-4636-97dc-0dcbae125fa3,644fef3a-eafb-45c5-810d-aa08038b4240,c5,DROP,684,?,x6,
1769471044.118758,FORWARDED,44c45ae7-c6a9-4636-97dc-0dcbae125fa3,644fef3a-eafb-45c5-810d-aa08038b4240,c5,DROP,684,?,x6,
1769471044.2271833,SENT,6fae9283-11ec-41c3-a313-0e55515485a2,c6540d1d-33b5-41e1-b4e9-ef544692bbe1,c4,c3,1254,?,x4,
1769471044.2272234,FORWARDED,6fae9283-11ec-41c3-a313-0e55515485a2,c6540d1d-33b5-41e1-b4e9-ef544692bbe1,c4,c3,1254,?,x4,
1769471044.290651,RECEIVED,b4939dc0-9edb-4ae9-8b62-3b0e1039d1c2,36a25432-448c-48d3-8f9a-adf04397117c,c5,DROP,1012,e12,?,
1769471044.661964,RECEIVED,4a406763-bfb7-4dc5-a311-03cdbf8d4108,2c65cfd9-8726-4eda-a4dd-7a3bab4f88bd,c3,DROP,441,x11,?,
1769471044.6785712,RECEIVED,192b5201-2fe8-423f-af72-0e044377ae1a,fc0c70bb-a2df-4896-ba6b-01d76f0dd8d3,c2,DROP,1020,e12,?,
1769471044.7039065,RECEIVED,ce871776-a431-4efa-943a-a06501b35a99,c055e69f-c97e-434f-a1fc-64a97af9501d,c1,None,1596,e10,?,
1769471044.7337902,SENT,b4939dc0-9edb-4ae9-8b62-3b0e1039d1c2,36a25432-448c-48d3-8f9a-adf04397117c,c5,DROP,685,?,x1,
1769471044.7338312,FORWARDED,b4939dc0-9edb-4ae9-8b62-3b0e1039d1c2,36a25432-448c-48d3-8f9a-adf04397117c,c5,DROP,685,?,x1,
1769471044.9083328,RECEIVED,51b0e701-dad8-4d8c-bed3-af6a156b17e5,026de550-c774-41c0-a9b6-47cfebef978d,c2,DROP,1011,e1,?,
1769471044.914966,RECEIVED,c219d733-1b34-4a1f-8048-03d2d7292946,e4b8ade0-5eaf-46b5-b211-9ac7c6890c34,c1,DROP,1003,e5,?,
1769471045.0866606,SENT,ce871776-a431-4efa-943a-a06501b35a99,c055e69f-c97e-434f-a1fc-64a97af9501d,c1,None,1123,?,x10,
1769471045.0867028,FORWARDED,ce871776-a431-4efa-943a-a06501b35a99,c055e69f-c97e-434f-a1fc-64a97af9501d,c1,None,1123,?,x10,
1769471045.3422172,RECEIVED,c75ffd97-a811-483f-9d81-01f170374842,a2054bbb-16a1-4ea7-bc32-1bfec5789d8d,c2,DROP,1007,e9,?,
1769471045.3668604,RECEIVED,7886dc11-0deb-421c-acc7-3654cb1d1719,69606e0c-fced-4e9e-b047-8d49f79c50c5,c4,DROP,1017,e1,?,
1769471045.4057374,RECEIVED,44521769-e498-40f2-941e-eb3d9576d8c6,e07b9bbb-9e39-421a-a23d-88a24dc4f7c3,c5,DROP,1016,e6,?,
1769471045.4271226,SENT,192b5201-2fe8-423f-af72-0e044377ae1a,fc0c70bb-a2df-4896-ba6b-01d76f0dd8d3,c2,DROP,691,?,x12,
1769471045.4271643,FORWARDED,192b5201-2fe8-423f-af72-0e044377ae1a,fc0c70bb-a2df-4896-ba6b-01d76f0dd8d3,c2,DROP,691,?,x12,
1769471045.4846916,RECEIVED,012c3218-710d-4a03-879e-10bd1105add5,f6e06df8-e5eb-4f9b-88c3-6b2d5d47deca,c2,DROP,1003,e9,?,
1769471045.5396016,SENT,51b0e701-dad8-4d8c-bed3-af6a156b17e5,026de550-c774-41c0-a9b6-47cfebef978d,c2,DROP,687,?,x9,
1769471045.539644,FORWARDED,51b0e701-dad8-4d8c-bed3-af6a156b17e5,026de550-c774-41c0-a9b6-47cfebef978d,c2,DROP,687,?,x9,
1769471045.6405568,SENT,7886dc11-0deb-421c-acc7-3654cb1d1719,69606e0c-fced-4e9e-b047-8d49f79c50c5,c4,DROP,688,?,x11,
1769471045.6405952,FORWARDED,7886dc11-0deb-421c-acc7-3654cb1d1719,69606e0c-fced-4e9e-b047-8d49f79c50c5,c4,DROP,688,?,x11,
1769471045.6607308,RECEIVED,ce600b4a-f921-41b9-82ec-c93c5104f746,53477105-cfd7-445d-9b22-c637ecde57c7,c4,c3,1786,e11,?,
1769471045.745581,SENT,ce600b4a-f921-41b9-82ec-c93c5104f746,53477105-cfd7-445d-9b22-c637ecde57c7,c4,c3,1264,?,x10,
1769471045.7456212,FORWARDED,ce600b4a-f921-41b9-82ec-c93c5104f746,53477105-cfd7-445d-9b22-c637ecde57c7,c4,c3,1264,?,x10,
1769471045.8167315,RECEIVED,09154c06-8693-4f24-a6bd-1134e092b830,042e2213-a8c6-444d-8d05-ea5e934c4c73,c4,DROP,1016,e9,?,
1769471045.9921658,RECEIVED,e56e3e50-f362-43bd-bf47-fa7600857317,a510cc9c-2f69-41e2-b931-e7ada5c3c04b,c1,DROP,440,x12,?,
1769471046.0017605,SENT,44521769-e498-40f2-941e-eb3d9576d8c6,e07b9bbb-9e39-421a-a23d-88a24dc4f7c3,c5,DROP,688,?,x12,
1769471046.0017998,FORWARDED,44521769-e498-40f2-941e-eb3d9576d8c6,e07b9bbb-9e39-421a-a23d-88a24dc4f7c3,c5,DROP,688,?,x12,
1769471046.02652,RECEIVED,c6f2aa00-e962-45b5-af4a-8de36686dc37,4a73930a-456a-4538-ae73-3f4ca31a394e,c3,None,1600,e7,?,
1769471046.0631,RECEIVED,0defdcdb-487c-4fe6-b4dc-127f7bbe9642,4cf8a925-1598-4c03-95a5-0b133a8bab2e,c1,None,1600,e2,?,
1769471046.0742853,RECEIVED,8461a577-62c1-492c-b88b-d4daf9c02c1e,05dcf607-4934-488c-a21f-6be8d0d16b8d,c2,c4,1764,e6,?,
1769471046.1143162,SENT,c6f2aa00-e962-45b5-af4a-8de36686dc37,4a73930a-456a-4538-ae73-3f4ca31a394e,c3,None,1127,?,x1,
1769471046.1143563,FORWARDED,c6f2aa00-e962-45b5-af4a-8de36686dc37,4a73930a-456a-4538-ae73-3f4ca31a394e,c3,None,1127,?,x1,
1769471046.1192527,RECEIVED,5532eab5-046e-4b02-a956-b2037a6fe5e9,d6e98081-a842-4500-8a4c-330d7a10b6b7,c4,DROP,1020,e2,?,
1769471046.1450255,RECEIVED,1b9fd8b1-84a6-4fa2-a24e-0689f7731bf3,dea37fbf-3e81-42d3-8a79-307f6a9c3384,c3,DROP,1017,e8,?,
1769471046.1598222,SENT,c75ffd97-a811-483f-9d81-01f170374842,a2054bbb-16a1-4ea7-bc32-1bfec5789d8d,c2,DROP,683,?,x5,
1769471046.1598632,FORWARDED,c75ffd97-a811-483f-9d81-01f170374842,a2054bbb-16a1-4ea7-bc32-1bfec5789d8d,c2,DROP,683,?,x5,
1769471046.2917593,SENT,8461a577-62c1-492c-b88b-d4daf9c02c1e,05dcf607-4934-488c-a21f-6be8d0d16b8d,c2,c4,1251,?,x7,
1769471046.2918026,FORWARDED,8461a577-62c1-492c-b88b-d4daf9c02c1e,05dcf607-4934-488c-a21f-6be8d0d16b8d,c2,c4,1251,?,x7,
1769471046.3058746,SENT,1b9fd8b1-84a6-4fa2-a24e-0689f7731bf3,dea37fbf-3e81-42d3-8a79-307f6a9c3384,c3,DROP,688,?,x10,
1769471046.3059154,FORWARDED,1b9fd8b1-84a6-4fa2-a24e-0689f7731bf3,dea37fbf-3e81-42d3-8a79-307f6a9c3384,c3,DROP,688,?,x10,
1769471046.3321629,SENT,0defdcdb-487c-4fe6-b4dc-127f7bbe9642,4cf8a925-1598-4c03-95a5-0b133a8bab2e,c1,None,1126,?,x8,
1769471046.3322039,FORWARDED,0defdcdb-487c-4fe6-b4dc-127f7bbe9642,4cf8a925-1598-4c03-95a5-0b133a8bab2e,c1,None,1126,?,x8,
1769471046.364435,SENT,09154c06-8693-4f24-a6bd-1134e092b830,042e2213-a8c6-444d-8d05-ea5e934c4c73,c4,DROP,688,?,x11,
1769471046.3644762,FORWARDED,09154c06-8693-4f24-a6bd-1134e092b830,042e2213-a8c6-444d-8d05-ea5e934c4c73,c4,DROP,688,?,x11,
1769471046.36875,RECEIVED,08be994a-6b19-4ae6-aba5-93a6241bea71,9300070e-5a2f-44cb-a9b0-c8ea8bdcf96f,c1,None,1608,e4,?,
1769471046.4012399,SENT,c219d733-1b34-4a1f-8048-03d2d7292946,e4b8ade0-5eaf-46b5-b211-9ac7c6890c34,c1,DROP,681,?,x2,
1769471046.401279,FORWARDED,c219d733-1b34-4a1f-8048-03d2d7292946,e4b8ade0-5eaf-46b5-b211-9ac7c6890c34,c1,DROP,681,?,x2,
1769471046.4372666,RECEIVED,2a5d2d91-421c-40d2-8429-5d11af1e3a63,14dd9819-a13d-459d-a11c-39d38d457065,c2,DROP,1015,e3,?,
1769471046.5046115,SENT,012c3218-710d-4a03-879e-10bd1105add5,f6e06df8-e5eb-4f9b-88c3-6b2d5d47deca,c2,DROP,679,?,x7,
1769471046.5046482,FORWARDED,012c3218-710d-4a03-879e-10bd1105add5,f6e06df8-e5eb-4f9b-88c3-6b2d5d47deca,c2,DROP,679,?,x7,
1769471046.514574,SENT,08be994a-6b19-4ae6-aba5-93a6241bea71,9300070e-5a2f-44cb-a9b0-c8ea8bdcf96f,c1,None,1132,?,x5,
1769471046.5146158,FORWARDED,08be994a-6b19-4ae6-aba5-93a6241bea71,9300070e-5a2f-44cb-a9b0-c8ea8bdcf96f,c1,None,1132,?,x5,
1769471046.704293,RECEIVED,5d0fef7e-f99c-4c20-8384-ec43206215fe,813ad2d2-8a66-4918-ba18-b0592ad782ed,c5,DROP,1011,e1,?,
1769471046.864381,SENT,2a5d2d91-421c-40d2-8429-5d11af1e3a63,14dd9819-a13d-459d-a11c-39d38d457065,c2,DROP,688,?,x3,
1769471046.864418,FORWARDED,2a5d2d91-421c-40d2-8429-5d11af1e3a63,14dd9819-a13d-459d-a11c-39d38d457065,c2,DROP,688,?,x3,
1769471046.9662905,RECEIVED,f94a4a87-50a0-4839-8e66-843c85e44659,1fec17b8-9ce7-4ebe-8960-c4acae61bbbe,c4,DROP,1008,e7,?,
1769471047.0140839,RECEIVED,0391a95b-d9d6-4693-a4c8-c135f394c2db,e90901f7-b5be-461b-9248-5ffbb62ddb41,c1,None,1603,e4,?,
1769471047.0193007,RECEIVED,a3b6f7a2-87aa-4328-ab46-1d2396186cea,3fae10be-7024-426a-ae54-11a2f3d32e64,c3,DROP,1016,e3,?,
1769471047.023107,RECEIVED,0a095653-132b-40cf-a5df-c090efa6ebd7,54356125-9664-4c49-b9ec-25eb40fffeff,c4,c3,1771,e4,?,
1769471047.0562766,RECEIVED,9de0ff69-6552-4494-9714-70e1a702626a,a0e4f3fb-5575-477f-baf3-f3ae614046b1,c2,DROP,1015,e8,?,
1769471047.1359704,SENT,a3b6f7a2-87aa-4328-ab46-1d2396186cea,3fae10be-7024-426a-ae54-11a2f3d32e64,c3,DROP,688,?,x3,
1769471047.1360092,FORWARDED,a3b6f7a2-87aa-4328-ab46-1d2396186cea,3fae10be-7024-426a-ae54-11a2f3d32e64,c3,DROP,688,?,x3,
1769471047.2083466,SENT,f94a4a87-50a0-4839-8e66-843c85e44659,1fec17b8-9ce7-4ebe-8960-c4acae61bbbe,c4,DROP,683,?,x4,
1769471047.2083848,FORWARDED,f94a4a87-50a0-4839-8e66-843c85e44659,1fec17b8-9ce7-4ebe-8960-c4acae61bbbe,c4,DROP,683,?,x4,
1769471047.4371376,RECEIVED,ab3d36f4-147a-497d-8dfc-2e70e2ec9951,1e348bc2-6d6f-4ee0-9e1f-b1df48e638b9,c3,None,1600,e7,?,
1769471047.4831564,SENT,5532eab5-046e-4b02-a956-b2037a6fe5e9,d6e98081-a842-4500-8a4c-330d7a10b6b7,c4,DROP,692,?,x12,
1769471047.483922,FORWARDED,5532eab5-046e-4b02-a956-b2037a6fe5e9,d6e98081-a842-4500-8a4c-330d7a10b6b7,c4,DROP,692,?,x12,
1769471047.5017529,RECEIVED,639e1fe5-32ee-4c44-be07-953b3708253f,49b729a3-7fe5-4e18-8fc5-f131128baa17,c2,DROP,1015,e3,?,
1769471047.5862556,SENT,639e1fe5-32ee-4c44-be07-953b3708253f,49b729a3-7fe5-4e18-8fc5-f131128baa17,c2,DROP,688,?,x6,
1769471047.5862944,FORWARDED,639e1fe5-32ee-4c44-be07-953b3708253f,49b729a3-7fe5-4e18-8fc5-f131128baa17,c2,DROP,688,?,x6,
1769471047.6290953,RECEIVED,26822978-a86f-4896-afb0-f34cfb188293,ce623ceb-2d49-4f4a-afa1-1c4d87740510,c4,DROP,1018,e10,?,
1769471047.6887362,RECEIVED,dffc9730-fcbc-4982-9d88-54c4102331a6,aaa19d86-4472-4216-b6c2-98cdba1cf59b,c3,DROP,440,x2,?,
1769471047.762045,SENT,0a095653-132b-40cf-a5df-c090efa6ebd7,54356125-9664-4c49-b9ec-25eb40fffeff,c4,c3,1255,?,x3,
1769471047.7620947,FORWARDED,0a095653-132b-40cf-a5df-c090efa6ebd7,54356125-9664-4c49-b9ec-25eb40fffeff,c4,c3,1255,?,x3,
1769471047.7837722,RECEIVED,902ae8f8-8e55-4bf6-b113-adb7140d920d,5b11163b-4785-44de-a973-04f41ca09e59,c5,DROP,1008,e7,?,
1769471047.7946596,SENT,ab3d36f4-147a-497d-8dfc-2e70e2ec9951,1e348bc2-6d6f-4ee0-9e1f-b1df48e638b9,c3,None,1128,?,x8,
1769471047.7947006,FORWARDED,ab3d36f4-147a-497d-8dfc-2e70e2ec9951,1e348bc2-6d6f-4ee0-9e1f-b1df48e638b9,c3,None,1128,?,x8,
1769471048.0272462,SENT,902ae8f8-8e55-4bf6-b113-adb7140d920d,5b11163b-4785-44de-a973-04f41ca09e59,c5,DROP,683,?,x2,
1769471048.0272868,FORWARDED,902ae8f8-8e55-4bf6-b113-adb7140d920d,5b11163b-4785-44de-a973-04f41ca09e59,c5,DROP,683,?,x2,
1769471048.2067623,RECEIVED,24c01720-c1f2-4024-a430-04b197897b51,83a72347-4bfa-4e0b-ad35-92e68bc89f41,c2,c4,1781,e10,?,
1769471048.2104683,RECEIVED,86667195-d60b-4ea0-a534-b2c790b90353,22f9f185-45a9-4931-868b-f949ed6e96e2,c1,None,1595,e6,?,
1769471048.2598372,RECEIVED,c371c359-6d3f-42a0-8305-1b1442455103,aed57873-cc6d-4be6-ba3b-4d98d0260096,c4,None,1599,e10,?,
1769471048.3888934,RECEIVED,0f8e6fcc-b2e0-4b7a-a30c-7378bead0845,5b3c0c6d-5cd9-43ed-84cd-71ff42ee96e8,c1,DROP,441,x2,?,
1769471048.4933755,RECEIVED,798287e0-db9e-4630-9540-0cc84c2b51d7,46353155-4af9-447c-a39d-4caf529268cf,c4,None,1600,e9,?,
1769471048.5155635,RECEIVED,fd1a1f1a-ad6c-448c-92df-3499550486cf,c6541516-fbd1-4d20-94ba-9726fbe7fa40,c4,c3,1768,e6,?,
1769471048.575218,SENT,5d0fef7e-f99c-4c20-8384-ec43206215fe,813ad2d2-8a66-4918-ba18-b0592ad782ed,c5,DROP,687,?,x3,
1769471048.5752566,FORWARDED,5d0fef7e-f99c-4c20-8384-ec43206215fe,813ad2d2-8a66-4918-ba18-b0592ad782ed,c5,DROP,687,?,x3,
1769471048.5960243,SENT,9de0ff69-6552-4494-9714-70e1a702626a,a0e4f3fb-5575-477f-baf3-f3ae614046b1,c2,DROP,688,?,x3,
1769471048.5961826,FORWARDED,9de0ff69-6552-4494-9714-70e1a702626a,a0e4f3fb-5575-477f-baf3-f3ae614046b1,c2,DROP,688,?,x3,
1769471048.6321142,RECEIVED,1fc9dc85-c562-4a37-9156-1c603d6b9d20,b6008b24-5ed8-47e1-8abf-052efa3633a3,c4,c3,1764,e11,?,
1769471048.6507952,SENT,86667195-d60b-4ea0-a534-b2c790b90353,22f9f185-45a9-4931-868b-f949ed6e96e2,c1,None,1123,?,x1,
1769471048.6509786,FORWARDED,86667195-d60b-4ea0-a534-b2c790b90353,22f9f185-45a9-4931-868b-f949ed6e96e2,c1,None,1123,?,x1,
1769471048.6893873,SENT,798287e0-db9e-4630-9540-0cc84c2b51d7,46353155-4af9-447c-a39d-4caf529268cf,c4,None,1128,?,x7,
1769471048.6894238,FORWARDED,798287e0-db9e-4630-9540-0cc84c2b51d7,46353155-4af9-447c-a39d-4caf529268cf,c4,None,1128,?,x7,
1769471048.6961775,SENT,24c01720-c1f2-4024-a430-04b197897b51,83a72347-4bfa-4e0b-ad35-92e68bc89f41,c2,c4,1263,?,x11,
1769471048.696216,FORWARDED,24c01720-c1f2-4024-a430-04b197897b51,83a72347-4bfa-4e0b-ad35-92e68bc89f41,c2,c4,1263,?,x11,
1769471048.7409863,SENT,c371c359-6d3f-42a0-8305-1b1442455103,aed57873-cc6d-4be6-ba3b-4d98d0260096,c4,None,1128,?,x7,
1769471048.7410252,FORWARDED,c371c359-6d3f-42a0-8305-1b1442455103,aed57873-cc6d-4be6-ba3b-4d98d0260096,c4,None,1128,?,x7,
1769471048.7464268,SENT,0391a95b-d9d6-4693-a4c8-c135f394c2db,e90901f7-b5be-461b-9248-5ffbb62ddb41,c1,None,1131,?,x7,
1769471048.7464693,FORWARDED,0391a95b-d9d6-4693-a4c8-c135f394c2db,e90901f7-b5be-461b-9248-5ffbb62ddb41,c1,None,1131,?,x7,
1769471048.8387496,RECEIVED,c9fd4a93-3013-4768-b9e8-52ef45e38b6d,36723f29-d577-45e4-b879-94e96a2068c6,c3,DROP,1017,e3,?,
1769471048.8515844,SENT,fd1a1f1a-ad6c-448c-92df-3499550486cf,c6541516-fbd1-4d20-94ba-9726fbe7fa40,c4,c3,1252,?,x12,
1769471048.8516278,FORWARDED,fd1a1f1a-ad6c-448c-92df-3499550486cf,c6541516-fbd1-4d20-94ba-9726fbe7fa40,c4,c3,1252,?,x12,
1769471048.8531027,RECEIVED,b9fb8572-3d35-4699-aea4-a25a908a7c17,67585124-2b6b-49fa-8ca1-c5d62e9beee7,c2,DROP,442,x3,?,
1769471048.9019337,SENT,c9fd4a93-3013-4768-b9e8-52ef45e38b6d,36723f29-d577-45e4-b879-94e96a2068c6,c3,DROP,688,?,x4,
1769471048.9019744,FORWARDED,c9fd4a93-3013-4768-b9e8-52ef45e38b6d,36723f29-d577-45e4-b879-94e96a2068c6,c3,DROP,688,?,x4,
1769471048.9863172,RECEIVED,7bd2fa8c-0755-4fd3-bf56-1170b56d8a66,b18973ce-d0c7-4145-9612-eb6a5c064711,c3,None,1596,e4,?,
1769471049.0408406,SENT,7bd2fa8c-0755-4fd3-bf56-1170b56d8a66,b18973ce-d0c7-4145-9612-eb6a5c064711,c3,None,1124,?,x2,
1769471049.040881,FORWARDED,7bd2fa8c-0755-4fd3-bf56-1170b56d8a66,b18973ce-d0c7-4145-9612-eb6a5c064711,c3,None,1124,?,x2,
1769471049.1482754,SENT,26822978-a86f-4896-afb0-f34cfb188293,ce623ceb-2d49-4f4a-afa1-1c4d87740510,c4,DROP,692,?,x9,
1769471049.148309,FORWARDED,26822978-a86f-4896-afb0-f34cfb188293,ce623ceb-2d49-4f4a-afa1-1c4d87740510,c4,DROP,692,?,x9,
1769471049.339422,RECEIVED,26c417f4-3d48-472b-9421-6986b606b63f,4dec2d88-16f8-4c26-9afb-4769fd94262b,c1,None,1603,e10,?,
1769471049.561611,RECEIVED,70b64077-a47d-4820-ad99-4318ea52b397,9fbfc7f7-07a7-4d49-8668-6d12beade136,c3,None,1607,e7,?,
1769471049.6227515,RECEIVED,e007c579-f9fa-4fd6-8685-aa3d70d9dbd4,1894a429-8cb5-4792-920b-601febd0bd61,c1,DROP,442,x11,?,
1769471050.174487,SENT,26c417f4-3d48-472b-9421-6986b606b63f,4dec2d88-16f8-4c26-9afb-4769fd94262b,c1,None,1131,?,x7,
1769471050.1745305,FORWARDED,26c417f4-3d48-472b-9421-6986b606b63f,4dec2d88-16f8-4c26-9afb-4769fd94262b,c1,None,1131,?,x7,
1769471050.3092506,SENT,1fc9dc85-c562-4a37-9156-1c603d6b9d20,b6008b24-5ed8-47e1-8abf-052efa3633a3,c4,c3,1250,?,x10,
1769471050.3092937,FORWARDED,1fc9dc85-c562-4a37-9156-1c603d6b9d20,b6008b24-5ed8-47e1-8abf-052efa3633a3,c4,c3,1250,?,x10,
1769471050.4454997,RECEIVED,2492cccc-d0d2-47d7-a4ac-71253a2cfbb8,818b241c-d627-44cc-9466-97dbe0bcf47a,c3,DROP,441,x10,?,
1769471050.5241635,RECEIVED,916812c3-d7df-44ef-9099-38841b28076a,963ee79f-9998-4b8a-8126-ad7c06060643,c3,DROP,441,x6,?,
1769471050.626873,SENT,70b64077-a47d-4820-ad99-4318ea52b397,9fbfc7f7-07a7-4d49-8668-6d12beade136,c3,None,1132,?,x8,
1769471050.6269128,FORWARDED,70b64077-a47d-4820-ad99-4318ea52b397,9fbfc7f7-07a7-4d49-8668-6d12beade136,c3,None,1132,?,x8,
1769471050.675426,RECEIVED,9d7a4566-b011-4533-8656-76d7946704d4,1c689897-481e-4304-8d9b-f7ed33343f5d,c3,None,1596,e10,?,
1769471050.7045548,RECEIVED,638e17b9-1675-4144-b632-871b99ad1544,e1f58ba5-fd3f-4b4a-9853-e1c092c11557,c3,c1,1772,e1,?,
1769471050.8061376,RECEIVED,d1dc496b-7f93-43fa-8ff8-53a245923b9c,82d058e9-01ce-4487-8ac1-4b9c2deeb20a,c2,DROP,1011,e3,?,
1769471050.8198452,RECEIVED,02b8883b-937f-4699-a9fd-805ed8885c97,5cad3ea3-d44c-455b-a644-e264fcdf801f,c1,DROP,446,x7,?,
1769471050.8603997,RECEIVED,75adaf5f-216c-4ec3-935b-440fbb8167da,6907776e-8181-48c2-b167-937ca8bec8ef,c4,None,1596,e7,?,
1769471050.8712049,RECEIVED,f0eacf16-9b9c-4c1a-bb40-6e369c9520b4,ab291fd0-9c8c-40cd-a656-6bd6b80a1587,c5,c1,1780,e8,?,
1769471050.9723573,SENT,9d7a4566-b011-4533-8656-76d7946704d4,1c689897-481e-4304-8d9b-f7ed33343f5d,c3,None,1124,?,x8,
1769471050.9723978,FORWARDED,9d7a4566-b011-4533-8656-76d7946704d4,1c689897-481e-4304-8d9b-f7ed33343f5d,c3,None,1124,?,x8,
1769471051.1113012,SENT,638e17b9-1675-4144-b632-871b99ad1544,e1f58ba5-fd3f-4b4a-9853-e1c092c11557,c3,c1,1257,?,x1,
1769471051.1113434,FORWARDED,638e17b9-1675-4144-b632-871b99ad1544,e1f58ba5-fd3f-4b4a-9853-e1c092c11557,c3,c1,1257,?,x1,
1769471051.1210604,RECEIVED,d5741bf6-72e7-4a8a-b426-80c9a1c72685,29897356-9e1c-4af4-ad06-5754e424541b,c5,DROP,1015,e4,?,
1769471051.125646,RECEIVED,3babcae1-b91e-4cb5-9c68-cfc5cc645038,248ed83f-57c3-4ef7-94e6-d3deb740fdc0,c3,DROP,1012,e5,?,
1769471051.1363516,RECEIVED,dc76b2f0-077e-4fb6-a06f-8194aff121c7,833f38d2-c57b-4cdc-89b3-3ed8b569e144,c4,DROP,1011,e12,?,
1769471051.199312,RECEIVED,5ff92eb3-b2f8-4d6a-93fd-9ccef37171b5,83dd0d5b-4f2f-4d94-89b4-2bbc32cdd79c,c3,DROP,1008,e9,?,
1769471051.2131412,SENT,75adaf5f-216c-4ec3-935b-440fbb8167da,6907776e-8181-48c2-b167-937ca8bec8ef,c4,None,1123,?,x12,
1769471051.2131782,FORWARDED,75adaf5f-216c-4ec3-935b-440fbb8167da,6907776e-8181-48c2-b167-937ca8bec8ef,c4,None,1123,?,x12,
1769471051.220732,RECEIVED,6c42ea14-3a3d-445f-a9bb-894c339b9013,708bdaf6-d4da-4adb-9745-12845f5cb055,c4,DROP,442,x11,?,
1769471051.2882295,RECEIVED,50c21a66-0cfb-4351-8586-45ae20fef6c0,5d58512b-54a2-4950-903b-cd880359b976,c4,DROP,440,x4,?,
1769471051.366187,SENT,3babcae1-b91e-4cb5-9c68-cfc5cc645038,248ed83f-57c3-4ef7-94e6-d3deb740fdc0,c3,DROP,685,?,x5,
1769471051.3662286,FORWARDED,3babcae1-b91e-4cb5-9c68-cfc5cc645038,248ed83f-57c3-4ef7-94e6-d3deb740fdc0,c3,DROP,685,?,x5,
1769471051.3694515,SENT,d1dc496b-7f93-43fa-8ff8-53a245923b9c,82d058e9-01ce-4487-8ac1-4b9c2deeb20a,c2,DROP,685,?,x1,
1769471051.369491,FORWARDED,d1dc496b-7f93-43fa-8ff8-53a245923b9c,82d058e9-01ce-4487-8ac1-4b9c2deeb20a,c2,DROP,685,?,x1,
1769471051.4047873,RECEIVED,88a79c48-c74f-4378-90c6-af99f89c8977,51a457f3-2b10-41bd-a7ed-9f5c9f505051,c5,DROP,1015,e10,?,
1769471051.4230618,SENT,5ff92eb3-b2f8-4d6a-93fd-9ccef37171b5,83dd0d5b-4f2f-4d94-89b4-2bbc32cdd79c,c3,DROP,683,?,x11,
1769471051.4231026,FORWARDED,5ff92eb3-b2f8-4d6a-93fd-9ccef37171b5,83dd0d5b-4f2f-4d94-89b4-2bbc32cdd79c,c3,DROP,683,?,x11,
1769471051.6597714,SENT,f0eacf16-9b9c-4c1a-bb40-6e369c9520b4,ab291fd0-9c8c-40cd-a656-6bd6b80a1587,c5,c1,1263,?,x11,
1769471051.6598084,FORWARDED,f0eacf16-9b9c-4c1a-bb40-6e369c9520b4,ab291fd0-9c8c-40cd-a656-6bd6b80a1587,c5,c1,1263,?,x11,
1769471051.7337952,SENT,dc76b2f0-077e-4fb6-a06f-8194aff121c7,833f38d2-c57b-4cdc-89b3-3ed8b569e144,c4,DROP,687,?,x4,
1769471051.7338352,FORWARDED,dc76b2f0-077e-4fb6-a06f-8194aff121c7,833f38d2-c57b-4cdc-89b3-3ed8b569e144,c4,DROP,687,?,x4,
1769471051.843039,SENT,d5741bf6-72e7-4a8a-b426-80c9a1c72685,29897356-9e1c-4af4-ad06-5754e424541b,c5,DROP,688,?,x6,
1769471051.8431022,FORWARDED,d5741bf6-72e7-4a8a-b426-80c9a1c72685,29897356-9e1c-4af4-ad06-5754e424541b,c5,DROP,688,?,x6,
1769471051.918257,RECEIVED,b255f967-a76f-4cf1-b601-fc25791e25c9,bc1f0bf4-3d06-4442-80dc-9f16ad240e76,c1,DROP,441,x8,?,
1769471052.011564,SENT,88a79c48-c74f-4378-90c6-af99f89c8977,51a457f3-2b10-41bd-a7ed-9f5c9f505051,c5,DROP,688,?,x1,
1769471052.0116081,FORWARDED,88a79c48-c74f-4378-90c6-af99f89c8977,51a457f3-2b10-41bd-a7ed-9f5c9f505051,c5,DROP,688,?,x1,
1769471052.070641,RECEIVED,83fff5ca-9c9c-4b81-aaf5-b82e452f0f6d,98af6f26-8a92-4ea5-8884-9963ed74174f,c1,DROP,1008,e12,?,
1769471052.2285204,RECEIVED,dc99d58f-082f-4f5e-b120-eff2e2f2ddb5,eb3b749e-3257-4c07-bee3-fb6c261f0bbb,c3,DROP,1015,e11,?,
1769471052.2664204,RECEIVED,f186ad85-85a5-4279-8471-f90b3273df8c,78984d6f-c08b-40b8-9e4d-11cc70521e35,c1,c3,1775,e12,?,
1769471052.3621156,SENT,83fff5ca-9c9c-4b81-aaf5-b82e452f0f6d,98af6f26-8a92-4ea5-8884-9963ed74174f,c1,DROP,684,?,x9,
1769471052.3623135,FORWARDED,83fff5ca-9c9c-4b81-aaf5-b82e452f0f6d,98af6f26-8a92-4ea5-8884-9963ed74174f,c1,DROP,684,?,x9,
1769471052.4019454,RECEIVED,52401ce4-5eba-4b1d-a097-b7e80bf819d6,08cb9c13-b00e-41f8-ab22-151533258526,c4,DROP,1012,e3,?,
1769471052.4894106,SENT,52401ce4-5eba-4b1d-a097-b7e80bf819d6,08cb9c13-b00e-41f8-ab22-151533258526,c4,DROP,687,?,x10,
1769471052.4894514,FORWARDED,52401ce4-5eba-4b1d-a097-b7e80bf819d6,08cb9c13-b00e-41f8-ab22-151533258526,c4,DROP,687,?,x10,
1769471052.6622553,RECEIVED,491c0c1c-8f5a-4198-a480-c91f8a042e3f,f351f989-2c51-4b05-ba44-0f7691e1542a,c4,DROP,1009,e1,?,
1769471052.7018714,RECEIVED,24cafb8d-be9c-49a2-a754-388b63a1b0e6,5d743b63-2092-4711-86b8-14334ef077b1,c3,None,1607,e10,?,
1769471052.7478414,SENT,491c0c1c-8f5a-4198-a480-c91f8a042e3f,f351f989-2c51-4b05-ba44-0f7691e1542a,c4,DROP,682,?,x10,
1769471052.7478814,FORWARDED,491c0c1c-8f5a-4198-a480-c91f8a042e3f,f351f989-2c51-4b05-ba44-0f7691e1542a,c4,DROP,682,?,x10,
1769471052.896539,RECEIVED,92399e68-7ce4-4469-9e20-607c43cdb7db,2f00672a-7deb-4ce5-9eea-689339c99e9b,c1,DROP,1017,e5,?,
1769471052.9106927,RECEIVED,301b3385-35de-4fd1-985d-d8ec27f24e77,0b142727-8c26-48e6-9390-0cea2177dbe7,c4,DROP,1016,e5,?,
1769471052.9494374,SENT,92399e68-7ce4-4469-9e20-607c43cdb7db,2f00672a-7deb-4ce5-9eea-689339c99e9b,c1,DROP,689,?,x8,
1769471052.949477,FORWARDED,92399e68-7ce4-4469-9e20-607c43cdb7db,2f00672a-7deb-4ce5-9eea-689339c99e9b,c1,DROP,689,?,x8,
1769471053.0006874,RECEIVED,749c07f7-bb46-4c54-a907-1fcd4cd94b29,517a1ccc-b5e9-4568-b8e9-1feb7e4f5f7c,c5,DROP,1009,e3,?,
1769471053.054187,SENT,749c07f7-bb46-4c54-a907-1fcd4cd94b29,517a1ccc-b5e9-4568-b8e9-1feb7e4f5f7c,c5,DROP,683,?,x6,
1769471053.0542274,FORWARDED,749c07f7-bb46-4c54-a907-1fcd4cd94b29,517a1ccc-b5e9-4568-b8e9-1feb7e4f5f7c,c5,DROP,683,?,x6,
1769471053.0794876,SENT,dc99d58f-082f-4f5e-b120-eff2e2f2ddb5,eb3b749e-3257-4c07-bee3-fb6c261f0bbb,c3,DROP,688,?,x3,
1769471053.079527,FORWARDED,dc99d58f-082f-4f5e-b120-eff2e2f2ddb5,eb3b749e-3257-4c07-bee3-fb6c261f0bbb,c3,DROP,688,?,x3,
1769471053.1150994,RECEIVED,cfd2a2ec-997e-491f-8bc6-393e5904a1a5,fb7f71f6-752e-48af-ad4e-a368b7e26d39,c5,DROP,1011,e11,?,
1769471053.2307153,RECEIVED,17297abf-03fb-470c-9bac-e06c5b24dab5,91ef5c8a-f516-4e96-a1b4-4cec186e3d20,c4,DROP,999,e4,?,
1769471053.285956,SENT,301b3385-35de-4fd1-985d-d8ec27f24e77,0b142727-8c26-48e6-9390-0cea2177dbe7,c4,DROP,688,?,x6,
1769471053.2860026,FORWARDED,301b3385-35de-4fd1-985d-d8ec27f24e77,0b142727-8c26-48e6-9390-0cea2177dbe7,c4,DROP,688,?,x6,
1769471053.2903485,RECEIVED,61fe68ae-1ef4-4c8e-a4c0-25d135b95547,c68af680-ca09-450e-8dff-8f0c20c78f48,c5,DROP,442,x8,?,
1769471053.290656,RECEIVED,a926628c-2d84-4186-9077-46ac6c05d3c4,008cf35a-e533-4d91-be7c-45f43ee16985,c2,c4,1780,e3,?,
1769471053.2958512,SENT,f186ad85-85a5-4279-8471-f90b3273df8c,78984d6f-c08b-40b8-9e4d-11cc70521e35,c1,c3,1259,?,x5,
1769471053.2958856,FORWARDED,f186ad85-85a5-4279-8471-f90b3273df8c,78984d6f-c08b-40b8-9e4d-11cc70521e35,c1,c3,1259,?,x5,
1769471053.449163,SENT,cfd2a2ec-997e-491f-8bc6-393e5904a1a5,fb7f71f6-752e-48af-ad4e-a368b7e26d39,c5,DROP,687,?,x2,
1769471053.449202,FORWARDED,cfd2a2ec-997e-491f-8bc6-393e5904a1a5,fb7f71f6-752e-48af-ad4e-a368b7e26d39,c5,DROP,687,?,x2,
1769471053.6037035,SENT,a926628c-2d84-4186-9077-46ac6c05d3c4,008cf35a-e533-4d91-be7c-45f43ee16985,c2,c4,1263,?,x12,
1769471053.603743,FORWARDED,a926628c-2d84-4186-9077-46ac6c05d3c4,008cf35a-e533-4d91-be7c-45f43ee16985,c2,c4,1263,?,x12,
1769471053.994967,RECEIVED,cf509acb-a739-4804-a1ca-c110ef2a85ce,99eb9528-4773-4f27-87b7-5ce2aa8605f7,c3,DROP,442,x9,?,
1769471054.0156562,RECEIVED,fe6b7996-eebb-4dbb-a662-a78c5fc62874,8cb4a566-a6f7-467b-8727-c105b8a51d57,c4,DROP,1012,e3,?,
1769471054.2390852,SENT,fe6b7996-eebb-4dbb-a662-a78c5fc62874,8cb4a566-a6f7-467b-8727-c105b8a51d57,c4,DROP,687,?,x2,
1769471054.239128,FORWARDED,fe6b7996-eebb-4dbb-a662-a78c5fc62874,8cb4a566-a6f7-467b-8727-c105b8a51d57,c4,DROP,687,?,x2,
1769471054.2957854,RECEIVED,b772081e-bba2-4338-bec6-7009d4ccb7bc,91f6e515-0e10-4b4b-8ac5-c67aa9d4844a,c4,DROP,441,x1,?,
1769471054.3960114,RECEIVED,bb683a87-ed2d-414f-8b10-af447ce64c74,6f96156f-0afd-4bac-bf8c-2dd7cb669917,c4,None,1611,e3,?,
1769471054.4920626,SENT,24cafb8d-be9c-49a2-a754-388b63a1b0e6,5d743b63-2092-4711-86b8-14334ef077b1,c3,None,1132,?,x1,
1769471054.492104,FORWARDED,24cafb8d-be9c-49a2-a754-388b63a1b0e6,5d743b63-2092-4711-86b8-14334ef077b1,c3,None,1132,?,x1,
1769471054.6182117,RECEIVED,4d8197da-6bf5-4398-a9cd-d5855459cc6c,356253c8-9e88-43e8-87e7-3a3b52f2e4a2,c1,DROP,441,x7,?,
1769471054.6248302,RECEIVED,ddf09411-d138-4ea7-acc4-5658ac7a3b49,51cbf171-404b-45c1-a539-8badb612227a,c5,DROP,1021,e11,?,
1769471054.6482005,SENT,17297abf-03fb-470c-9bac-e06c5b24dab5,91ef5c8a-f516-4e96-a1b4-4cec186e3d20,c4,DROP,677,?,x9,
1769471054.6482422,FORWARDED,17297abf-03fb-470c-9bac-e06c5b24dab5,91ef5c8a-f516-4e96-a1b4-4cec186e3d20,c4,DROP,677,?,x9,
1769471054.7696476,RECEIVED,bcc7e620-89af-4bb4-8a21-c7d61ad79480,508563fe-9815-441d-a5af-4170248c12bf,c3,None,1607,e7,?,
1769471054.8052592,RECEIVED,d8c5a8e8-228b-4899-8ff0-aa0da3cbe2a5,0f829a8c-5c9e-4d44-a3cf-5e88d8dd103f,c1,DROP,1016,e10,?,
1769471054.8204508,SENT,ddf09411-d138-4ea7-acc4-5658ac7a3b49,51cbf171-404b-45c1-a539-8badb612227a,c5,DROP,693,?,x11,
1769471054.8204927,FORWARDED,ddf09411-d138-4ea7-acc4-5658ac7a3b49,51cbf171-404b-45c1-a539-8badb612227a,c5,DROP,693,?,x11,
1769471054.8441095,RECEIVED,037949ec-a2fa-4a45-b0fc-3200eab940b6,973c3566-5d93-4f59-914b-992a2a310f92,c1,DROP,1007,e11,?,
1769471054.8514404,SENT,d8c5a8e8-228b-4899-8ff0-aa0da3cbe2a5,0f829a8c-5c9e-4d44-a3cf-5e88d8dd103f,c1,DROP,688,?,x5,
1769471054.8514833,FORWARDED,d8c5a8e8-228b-4899-8ff0-aa0da3cbe2a5,0f829a8c-5c9e-4d44-a3cf-5e88d8dd103f,c1,DROP,688,?,x5,
1769471054.94358,RECEIVED,2b71f06c-3a6a-4740-97e4-0f072167ba68,a6659100-e88b-4af1-88a6-6f35e9332561,c3,DROP,1008,e2,?,
1769471054.9828527,SENT,bb683a87-ed2d-414f-8b10-af447ce64c74,6f96156f-0afd-4bac-bf8c-2dd7cb669917,c4,None,1136,?,x3,
1769471054.982895,FORWARDED,bb683a87-ed2d-414f-8b10-af447ce64c74,6f96156f-0afd-4bac-bf8c-2dd7cb669917,c4,None,1136,?,x3,
1769471055.1139855,RECEIVED,cfb9832a-054f-47bb-a398-da9c121293f8,98763e7e-fef3-4c71-af51-f531ea0e3b67,c5,DROP,1008,e10,?,
1769471055.1433358,SENT,2b71f06c-3a6a-4740-97e4-0f072167ba68,a6659100-e88b-4af1-88a6-6f35e9332561,c3,DROP,683,?,x9,
1769471055.143377,FORWARDED,2b71f06c-3a6a-4740-97e4-0f072167ba68,a6659100-e88b-4af1-88a6-6f35e9332561,c3,DROP,683,?,x9,
1769471055.2051663,RECEIVED,1b547ed3-6a96-40a5-a7f5-df709bbb895d,a8815187-2ddf-41ae-9a00-069b4bb9b1a7,c2,c4,1784,e3,?,
1769471055.228943,SENT,cfb9832a-054f-47bb-a398-da9c121293f8,98763e7e-fef3-4c71-af51-f531ea0e3b67,c5,DROP,684,?,x9,
1769471055.228981,FORWARDED,cfb9832a-054f-47bb-a398-da9c121293f8,98763e7e-fef3-4c71-af51-f531ea0e3b67,c5,DROP,684,?,x9,
1769471055.372094,RECEIVED,f7e46cb0-1c3f-4ec6-b24d-8fb5839ddff0,347c4f2c-ba7f-4db4-8a20-30355911bdb5,c2,c4,1776,e9,?,
1769471055.4055429,SENT,1b547ed3-6a96-40a5-a7f5-df709bbb895d,a8815187-2ddf-41ae-9a00-069b4bb9b1a7,c2,c4,1264,?,x10,
1769471055.4055836,FORWARDED,1b547ed3-6a96-40a5-a7f5-df709bbb895d,a8815187-2ddf-41ae-9a00-069b4bb9b1a7,c2,c4,1264,?,x10,
1769471055.5594027,SENT,037949ec-a2fa-4a45-b0fc-3200eab940b6,973c3566-5d93-4f59-914b-992a2a310f92,c1,DROP,684,?,x5,
1769471055.5594428,FORWARDED,037949ec-a2fa-4a45-b0fc-3200eab940b6,973c3566-5d93-4f59-914b-992a2a310f92,c1,DROP,684,?,x5,
1769471055.603077,RECEIVED,00f35e83-9567-461e-bc2a-4b1f64b48c4e,c7d3afd7-c345-425d-bc33-3d8c08ee8889,c5,DROP,442,x7,?,
1769471055.7816887,RECEIVED,11c651be-c878-4378-a259-cc87108a502c,2e59010a-531d-4827-948b-2e668a70d312,c1,None,1602,e5,?,
1769471055.8190243,SENT,11c651be-c878-4378-a259-cc87108a502c,2e59010a-531d-4827-948b-2e668a70d312,c1,None,1128,?,x11,
1769471055.8191388,FORWARDED,11c651be-c878-4378-a259-cc87108a502c,2e59010a-531d-4827-948b-2e668a70d312,c1,None,1128,?,x11,
1769471056.06698,RECEIVED,eaaf7193-00ed-4d23-8879-c40adc8df5a6,a37baa53-7012-4af6-9bb6-8ffb1a5c06ab,c5,DROP,1008,e3,?,
1769471056.3014915,SENT,eaaf7193-00ed-4d23-8879-c40adc8df5a6,a37baa53-7012-4af6-9bb6-8ffb1a5c06ab,c5,DROP,683,?,x2,
1769471056.301529,FORWARDED,eaaf7193-00ed-4d23-8879-c40adc8df5a6,a37baa53-7012-4af6-9bb6-8ffb1a5c06ab,c5,DROP,683,?,x2,
1769471056.3373432,RECEIVED,15fbf0b5-114a-4c99-b8e6-d90f61f0fd94,0611300f-654e-456a-9946-c358c3203397,c3,DROP,1015,e10,?,
1769471056.338688,SENT,f7e46cb0-1c3f-4ec6-b24d-8fb5839ddff0,347c4f2c-ba7f-4db4-8a20-30355911bdb5,c2,c4,1259,?,x12,
1769471056.3387282,FORWARDED,f7e46cb0-1c3f-4ec6-b24d-8fb5839ddff0,347c4f2c-ba7f-4db4-8a20-30355911bdb5,c2,c4,1259,?,x12,
1769471056.3445811,RECEIVED,6b06a61e-edf3-48f9-a7c2-e7c5212e42f4,9e1975a6-50d3-4a66-a684-2c8fb1157437,c1,c3,1768,e5,?,
1769471056.3847775,RECEIVED,2851c219-6c86-4703-84fb-fd3d1851c7bc,7199410d-a96b-489d-ab80-122cf0f4f5fa,c1,DROP,1012,e9,?,
1769471056.6309724,SENT,2851c219-6c86-4703-84fb-fd3d1851c7bc,7199410d-a96b-489d-ab80-122cf0f4f5fa,c1,DROP,687,?,x8,
1769471056.6310167,FORWARDED,2851c219-6c86-4703-84fb-fd3d1851c7bc,7199410d-a96b-489d-ab80-122cf0f4f5fa,c1,DROP,687,?,x8,
1769471056.6358476,RECEIVED,37301707-8b73-4852-a16e-79e0b81dc5b2,e7491e87-d29a-4520-9f75-093a9e52878b,c5,DROP,441,x9,?,
1769471056.6638389,RECEIVED,755c076f-bbfd-4930-a1c4-6c2668ba1759,2c0d9a53-2c60-4e51-8312-c48ee04b88b4,c4,DROP,1000,e6,?,
1769471056.7941995,RECEIVED,d1264f8a-7b10-4014-a096-0fa400bfe891,551a22ed-edeb-41dc-b7ed-4f36ad4b9fae,c5,DROP,1009,e8,?,
1769471056.9094186,RECEIVED,6bbf261f-257d-4b12-b9d0-a32b6ca361ef,8406837c-9c26-4eb0-ac7d-98dae17c961f,c2,c4,1767,e5,?,
1769471056.9101226,SENT,755c076f-bbfd-4930-a1c4-6c2668ba1759,2c0d9a53-2c60-4e51-8312-c48ee04b88b4,c4,DROP,678,?,x5,
1769471056.910158,FORWARDED,755c076f-bbfd-4930-a1c4-6c2668ba1759,2c0d9a53-2c60-4e51-8312-c48ee04b88b4,c4,DROP,678,?,x5,
1769471056.952741,RECEIVED,c8a34306-38d5-4e26-8296-61f441c3d79e,408b0f5b-7317-4e2c-b6e3-0bf1e5d37542,c2,DROP,1008,e12,?,
1769471057.023949,RECEIVED,c5a86c15-07a4-4e76-9cf8-479bc62f48e6,187b9d5b-3619-48e9-a6c4-39444e832221,c5,DROP,1009,e6,?,
1769471057.0515084,SENT,c5a86c15-07a4-4e76-9cf8-479bc62f48e6,187b9d5b-3619-48e9-a6c4-39444e832221,c5,DROP,684,?,x1,
1769471057.0515463,FORWARDED,c5a86c15-07a4-4e76-9cf8-479bc62f48e6,187b9d5b-3619-48e9-a6c4-39444e832221,c5,DROP,684,?,x1,
1769471057.089921,SENT,6bbf261f-257d-4b12-b9d0-a32b6ca361ef,8406837c-9c26-4eb0-ac7d-98dae17c961f,c2,c4,1252,?,x4,
1769471057.0899608,FORWARDED,6bbf261f-257d-4b12-b9d0-a32b6ca361ef,8406837c-9c26-4eb0-ac7d-98dae17c961f,c2,c4,1252,?,x4,
1769471057.1304176,SENT,c8a34306-38d5-4e26-8296-61f441c3d79e,408b0f5b-7317-4e2c-b6e3-0bf1e5d37542,c2,DROP,684,?,x9,
1769471057.130456,FORWARDED,c8a34306-38d5-4e26-8296-61f441c3d79e,408b0f5b-7317-4e2c-b6e3-0bf1e5d37542,c2,DROP,684,?,x9,
1769471057.2422209,SENT,d1264f8a-7b10-4014-a096-0fa400bfe891,551a22ed-edeb-41dc-b7ed-4f36ad4b9fae,c5,DROP,682,?,x11,
1769471057.2422662,FORWARDED,d1264f8a-7b10-4014-a096-0fa400bfe891,551a22ed-edeb-41dc-b7ed-4f36ad4b9fae,c5,DROP,682,?,x11,
1769471057.3756163,SENT,15fbf0b5-114a-4c99-b8e6-d90f61f0fd94,0611300f-654e-456a-9946-c358c3203397,c3,DROP,688,?,x3,
1769471057.375662,FORWARDED,15fbf0b5-114a-4c99-b8e6-d90f61f0fd94,0611300f-654e-456a-9946-c358c3203397,c3,DROP,688,?,x3,
1769471057.4214408,RECEIVED,35aa879f-0096-40ce-b5c4-2e0447c673ec,3c761175-162e-492e-a79c-23a570f745e2,c1,None,1603,e9,?,
1769471057.8153303,RECEIVED,62bdfa96-06c6-45f9-8a85-0e6d45a09b8c,991cca00-78aa-4b4c-b269-3d37b78491af,c4,DROP,1010,e8,?,
1769471057.8823354,SENT,62bdfa96-06c6-45f9-8a85-0e6d45a09b8c,991cca00-78aa-4b4c-b269-3d37b78491af,c4,DROP,682,?,x12,
1769471057.882378,FORWARDED,62bdfa96-06c6-45f9-8a85-0e6d45a09b8c,991cca00-78aa-4b4c-b269-3d37b78491af,c4,DROP,682,?,x12,
1769471057.9042344,RECEIVED,62c20e53-b586-472f-9ac3-8c2ceafc92ad,94df63c8-d720-4146-bc40-5d02433b6a7d,c4,c3,1763,e11,?,
1769471057.9624715,SENT,6b06a61e-edf3-48f9-a7c2-e7c5212e42f4,9e1975a6-50d3-4a66-a684-2c8fb1157437,c1,c3,1252,?,x10,
1769471057.9625099,FORWARDED,6b06a61e-edf3-48f9-a7c2-e7c5212e42f4,9e1975a6-50d3-4a66-a684-2c8fb1157437,c1,c3,1252,?,x10,
1769471058.0528898,SENT,35aa879f-0096-40ce-b5c4-2e0447c673ec,3c761175-162e-492e-a79c-23a570f745e2,c1,None,1131,?,x9,
1769471058.0529313,FORWARDED,35aa879f-0096-40ce-b5c4-2e0447c673ec,3c761175-162e-492e-a79c-23a570f745e2,c1,None,1131,?,x9,
1769471058.0538101,RECEIVED,efb9feba-caca-4f41-b24c-4ecc63d1fb4c,86e54e23-ee29-4455-9dee-5b4df319bd67,c1,DROP,1007,e11,?,
1769471058.1675124,RECEIVED,505058e4-4adc-43f9-8d71-c8ff9e1be49c,0dccd4e3-4f3d-4a70-b7df-d7c615ce43c8,c2,DROP,1012,e6,?,
1769471058.2976456,RECEIVED,d88cabcd-1e0a-4598-94dd-7481d815095d,b0da8cc2-a38a-47f4-bf68-1db9bac278a5,c1,c3,1784,e5,?,
1769471058.3122122,RECEIVED,0a453eb2-a171-4577-9ecd-b7ed7e746c78,a40d67e5-9b31-4956-b5e1-4f51b80de677,c3,DROP,1008,e5,?,
1769471058.3200076,SENT,505058e4-4adc-43f9-8d71-c8ff9e1be49c,0dccd4e3-4f3d-4a70-b7df-d7c615ce43c8,c2,DROP,686,?,x2,
1769471058.3200676,FORWARDED,505058e4-4adc-43f9-8d71-c8ff9e1be49c,0dccd4e3-4f3d-4a70-b7df-d7c615ce43c8,c2,DROP,686,?,x2,
1769471058.663764,SENT,efb9feba-caca-4f41-b24c-4ecc63d1fb4c,86e54e23-ee29-4455-9dee-5b4df319bd67,c1,DROP,683,?,x1,
1769471058.663802,FORWARDED,efb9feba-caca-4f41-b24c-4ecc63d1fb4c,86e54e23-ee29-4455-9dee-5b4df319bd67,c1,DROP,683,?,x1,
1769471058.7080674,RECEIVED,8174eeed-5b21-42e4-a7d3-7a2d3d1c33dd,6eb58820-ae10-454b-b80f-5f188961c294,c4,DROP,1007,e12,?,
1769471058.7148845,RECEIVED,74e4523e-0c02-4cd1-b66c-2239e49d4930,f1da6a5c-639a-4bff-bab6-3626aa653a6b,c5,DROP,1019,e12,?,
1769471058.7397637,RECEIVED,a659c918-e64f-4236-aa21-2fdc79c8acab,28956e66-490a-4aad-83b5-0a8c7de6e41b,c4,DROP,1011,e10,?,
1769471058.8556292,SENT,62c20e53-b586-472f-9ac3-8c2ceafc92ad,94df63c8-d720-4146-bc40-5d02433b6a7d,c4,c3,1250,?,x9,
1769471058.855672,FORWARDED,62c20e53-b586-472f-9ac3-8c2ceafc92ad,94df63c8-d720-4146-bc40-5d02433b6a7d,c4,c3,1250,?,x9,
1769471058.8922842,SENT,bcc7e620-89af-4bb4-8a21-c7d61ad79480,508563fe-9815-441d-a5af-4170248c12bf,c3,None,1132,?,x11,
1769471058.8926482,FORWARDED,bcc7e620-89af-4bb4-8a21-c7d61ad79480,508563fe-9815-441d-a5af-4170248c12bf,c3,None,1132,?,x11,
1769471058.9063606,RECEIVED,f2a488ad-5da8-4786-9b43-b3fc7d10ae49,6d584f37-9b9f-4f26-9381-1578288b62d1,c5,DROP,1013,e10,?,
1769471058.9359343,SENT,d88cabcd-1e0a-4598-94dd-7481d815095d,b0da8cc2-a38a-47f4-bf68-1db9bac278a5,c1,c3,1264,?,x11,
1769471058.9359746,FORWARDED,d88cabcd-1e0a-4598-94dd-7481d815095d,b0da8cc2-a38a-47f4-bf68-1db9bac278a5,c1,c3,1264,?,x11,
1769471058.9554374,RECEIVED,4b6cd27f-cf7d-430a-bd6e-d4aeb05da7f5,395eed71-5c21-45c4-a344-4a4b533282dd,c5,DROP,1011,e2,?,
1769471058.95776,RECEIVED,af8e5580-30bf-43fa-b29d-1eee4b267b32,e31d60a0-3c8f-4508-8e15-e557afb95ac9,c3,None,1595,e10,?,
1769471059.0304782,SENT,f2a488ad-5da8-4786-9b43-b3fc7d10ae49,6d584f37-9b9f-4f26-9381-1578288b62d1,c5,DROP,687,?,x11,
1769471059.030516,FORWARDED,f2a488ad-5da8-4786-9b43-b3fc7d10ae49,6d584f37-9b9f-4f26-9381-1578288b62d1,c5,DROP,687,?,x11,
1769471059.1613314,SENT,8174eeed-5b21-42e4-a7d3-7a2d3d1c33dd,6eb58820-ae10-454b-b80f-5f188961c294,c4,DROP,684,?,x7,
1769471059.1613715,FORWARDED,8174eeed-5b21-42e4-a7d3-7a2d3d1c33dd,6eb58820-ae10-454b-b80f-5f188961c294,c4,DROP,684,?,x7,
1769471059.1694462,RECEIVED,3da89582-d592-4a10-9c13-f6e6f28c554e,3f2c32fb-caa5-43e9-b1bf-5aeca3804213,c3,c1,1774,e1,?,
1769471059.175833,RECEIVED,cc88ae81-a45b-491d-bbd3-6c5ec0993ec0,b166b2a5-6f27-41ee-a9b2-8f85d958619a,c3,DROP,441,x3,?,
1769471059.1976068,RECEIVED,cbea911a-bd60-498a-9beb-de527557a15e,200154d8-0ed9-4819-beb4-b15d562e85cf,c3,DROP,442,x1,?,
1769471059.2416086,SENT,a659c918-e64f-4236-aa21-2fdc79c8acab,28956e66-490a-4aad-83b5-0a8c7de6e41b,c4,DROP,687,?,x12,
1769471059.2416484,FORWARDED,a659c918-e64f-4236-aa21-2fdc79c8acab,28956e66-490a-4aad-83b5-0a8c7de6e41b,c4,DROP,687,?,x12,
1769471059.258232,RECEIVED,fc8b3660-74bc-4c99-8e0f-6f2091edf334,3c9f64c9-a36d-4c2c-9871-582ae776a0a6,c5,c1,1763,e2,?,
1769471059.2870314,SENT,4b6cd27f-cf7d-430a-bd6e-d4aeb05da7f5,395eed71-5c21-45c4-a344-4a4b533282dd,c5,DROP,685,?,x1,
1769471059.2870817,FORWARDED,4b6cd27f-cf7d-430a-bd6e-d4aeb05da7f5,395eed71-5c21-45c4-a344-4a4b533282dd,c5,DROP,685,?,x1,
1769471059.2911885,RECEIVED,3cae0707-7edd-414d-953c-4d76eaccfed3,fbd89da6-0be7-4e50-a9be-16d8f3ea9bd2,c5,DROP,441,x5,?,
1769471059.4466,RECEIVED,e16bd09d-5ca5-411c-94a6-1bac3c685af8,ae9fc00a-d24b-41fa-9ebe-94929b0380bb,c3,DROP,1008,e5,?,
1769471059.4821472,RECEIVED,c6f45290-1e85-4b23-9da1-96f2842fe25a,deb80ed9-1ee1-4e25-a6f8-1a2338ee2bed,c4,DROP,1007,e8,?,
1769471059.510508,RECEIVED,77fda928-90ae-449d-9833-f9f137656ae0,b445d754-9eb8-451d-8a96-394301b6c2e6,c1,DROP,1011,e3,?,
1769471059.5768666,SENT,0a453eb2-a171-4577-9ecd-b7ed7e746c78,a40d67e5-9b31-4956-b5e1-4f51b80de677,c3,DROP,684,?,x11,
1769471059.576906,FORWARDED,0a453eb2-a171-4577-9ecd-b7ed7e746c78,a40d67e5-9b31-4956-b5e1-4f51b80de677,c3,DROP,684,?,x11,
1769471059.6133506,RECEIVED,e3e19429-cdf7-4922-b835-25fdd7b938e3,6ffdb8a3-f98e-49f8-b880-7b0c687ef958,c2,DROP,1011,e3,?,
1769471059.624368,RECEIVED,4beb04e1-ba48-4189-8317-4d8a98e7319b,795fe44f-7aa1-47fc-b495-341c6305c970,c4,DROP,1013,e3,?,
1769471059.6833394,SENT,af8e5580-30bf-43fa-b29d-1eee4b267b32,e31d60a0-3c8f-4508-8e15-e557afb95ac9,c3,None,1123,?,x2,
1769471059.6833794,FORWARDED,af8e5580-30bf-43fa-b29d-1eee4b267b32,e31d60a0-3c8f-4508-8e15-e557afb95ac9,c3,None,1123,?,x2,
1769471059.699535,SENT,77fda928-90ae-449d-9833-f9f137656ae0,b445d754-9eb8-451d-8a96-394301b6c2e6,c1,DROP,686,?,x1,
1769471059.699574,FORWARDED,77fda928-90ae-449d-9833-f9f137656ae0,b445d754-9eb8-451d-8a96-394301b6c2e6,c1,DROP,686,?,x1,
1769471059.7822204,RECEIVED,2d9aef67-b934-4062-b509-57df123613f3,ef8f4598-e112-4473-8391-579010e68d0f,c4,DROP,441,x3,?,
1769471059.9681756,SENT,4beb04e1-ba48-4189-8317-4d8a98e7319b,795fe44f-7aa1-47fc-b495-341c6305c970,c4,DROP,687,?,x10,
1769471059.9682143,FORWARDED,4beb04e1-ba48-4189-8317-4d8a98e7319b,795fe44f-7aa1-47fc-b495-341c6305c970,c4,DROP,687,?,x10,
1769471059.9703982,RECEIVED,24050f70-7117-46ee-b506-5da3726e8e09,d86caf11-f0f1-41a9-b1db-f1da11613a92,c4,DROP,1011,e7,?,
1769471060.0032341,RECEIVED,4875fab7-7d99-4e36-8b9f-4a825e129f3c,5c1b104c-c246-4bca-8f5d-e00fd27ab4b7,c1,DROP,1015,e8,?,
1769471060.132111,RECEIVED,22199fa2-9529-402f-8e84-b728c2712569,7b47c1db-a835-4d0c-9413-0e62c5c70800,c4,DROP,442,x7,?,
1769471060.1620035,RECEIVED,c8e666b2-2464-4d67-81a9-d380f41f85cc,30edd9cd-03c7-4452-bd66-b27619a1382d,c4,c3,1775,e7,?,
1769471060.2364771,RECEIVED,245ba8ba-8688-43fa-ae82-f82bec6af11c,3e69ff08-6dcd-46db-af86-f655b1b8dd67,c5,DROP,1017,e12,?,
1769471060.2588854,RECEIVED,d3684701-03f8-48e9-82f3-48c7cf6f1cbd,75415685-c288-4902-9d25-ada9b1cc9b37,c3,DROP,1007,e2,?,
1769471060.2905486,RECEIVED,7fb7053d-7a0a-4fb5-97e1-6004c098b9b8,efc25429-4330-4a60-be13-50d6abac3684,c3,DROP,1008,e6,?,
1769471060.296131,SENT,245ba8ba-8688-43fa-ae82-f82bec6af11c,3e69ff08-6dcd-46db-af86-f655b1b8dd67,c5,DROP,688,?,x7,
1769471060.296166,FORWARDED,245ba8ba-8688-43fa-ae82-f82bec6af11c,3e69ff08-6dcd-46db-af86-f655b1b8dd67,c5,DROP,688,?,x7,
1769471060.3063512,RECEIVED,ad785bb1-6021-4f4c-a0c6-49efb7f4da7e,e681c44b-82ff-4d06-a7fe-ea2aaa47f304,c4,DROP,1007,e8,?,
1769471060.31867,RECEIVED,9f721be2-9d9d-487e-8f87-c12740952afa,fe384cd8-5d15-48fa-9cb0-7e27795a4009,c5,c1,1775,e5,?,
1769471060.3450341,RECEIVED,8a976211-67e4-42d1-936a-bec4f8648fb5,c4a0c2ab-fcd0-4283-950f-65b8767f9a5b,c3,DROP,1013,e10,?,
1769471060.3476965,SENT,fc8b3660-74bc-4c99-8e0f-6f2091edf334,3c9f64c9-a36d-4c2c-9871-582ae776a0a6,c5,c1,1251,?,x7,
1769471060.3477404,FORWARDED,fc8b3660-74bc-4c99-8e0f-6f2091edf334,3c9f64c9-a36d-4c2c-9871-582ae776a0a6,c5,c1,1251,?,x7,
1769471060.3769603,RECEIVED,ad31dbd3-9ba5-4a92-bfd9-6c6dbf0b62ed,199abe3e-a7a4-4862-9083-3fedb2998380,c3,DROP,442,x2,?,
1769471060.46079,SENT,7fb7053d-7a0a-4fb5-97e1-6004c098b9b8,efc25429-4330-4a60-be13-50d6abac3684,c3,DROP,683,?,x8,
1769471060.460826,FORWARDED,7fb7053d-7a0a-4fb5-97e1-6004c098b9b8,efc25429-4330-4a60-be13-50d6abac3684,c3,DROP,683,?,x8,
1769471060.4670243,SENT,e3e19429-cdf7-4922-b835-25fdd7b938e3,6ffdb8a3-f98e-49f8-b880-7b0c687ef958,c2,DROP,685,?,x9,
1769471060.4670734,FORWARDED,e3e19429-cdf7-4922-b835-25fdd7b938e3,6ffdb8a3-f98e-49f8-b880-7b0c687ef958,c2,DROP,685,?,x9,
1769471060.4929564,RECEIVED,879375e2-6981-48c1-8b61-fdd422bfe96e,45a51a9d-70c3-4901-a94b-1ba210732062,c4,DROP,1015,e12,?,
1769471060.5128098,RECEIVED,1a8a5958-5db6-4fb7-a510-5196082125db,a9bd8b05-1537-4c59-b351-0b4e40b8ea58,c2,DROP,1008,e1,?,
1769471060.5232444,SENT,d3684701-03f8-48e9-82f3-48c7cf6f1cbd,75415685-c288-4902-9d25-ada9b1cc9b37,c3,DROP,684,?,x7,
1769471060.5237298,FORWARDED,d3684701-03f8-48e9-82f3-48c7cf6f1cbd,75415685-c288-4902-9d25-ada9b1cc9b37,c3,DROP,684,?,x7,
1769471060.5304039,SENT,c6f45290-1e85-4b23-9da1-96f2842fe25a,deb80ed9-1ee1-4e25-a6f8-1a2338ee2bed,c4,DROP,684,?,x6,
1769471060.5304427,FORWARDED,c6f45290-1e85-4b23-9da1-96f2842fe25a,deb80ed9-1ee1-4e25-a6f8-1a2338ee2bed,c4,DROP,684,?,x6,
1769471060.6115608,SENT,1a8a5958-5db6-4fb7-a510-5196082125db,a9bd8b05-1537-4c59-b351-0b4e40b8ea58,c2,DROP,683,?,x9,
1769471060.6116006,FORWARDED,1a8a5958-5db6-4fb7-a510-5196082125db,a9bd8b05-1537-4c59-b351-0b4e40b8ea58,c2,DROP,683,?,x9,
1769471060.626621,SENT,8a976211-67e4-42d1-936a-bec4f8648fb5,c4a0c2ab-fcd0-4283-950f-65b8767f9a5b,c3,DROP,687,?,x11,
1769471060.62666,FORWARDED,8a976211-67e4-42d1-936a-bec4f8648fb5,c4a0c2ab-fcd0-4283-950f-65b8767f9a5b,c3,DROP,687,?,x11,
1769471060.6605093,RECEIVED,04d82d19-76bb-4cd8-8eb0-ba841e192090,b4d6b322-93fc-4739-88d7-0ab39b6eda5b,c3,DROP,1004,e4,?,
1769471060.6853027,RECEIVED,5ce203ed-169a-4d3e-a856-87cd0e4ed547,f014a5f0-8c8d-427f-8e55-2b1b0ae0307a,c5,DROP,1007,e5,?,
1769471060.6920009,RECEIVED,698874db-e5b1-4c72-8a46-f7b1e0085185,4971e41d-bc66-4b08-9f70-320590889306,c4,DROP,1008,e6,?,
1769471060.7027223,RECEIVED,1b6f2a9d-1758-457e-a595-d6c756125edf,5515a5f3-a7c5-48cf-8bc6-63fb930dbbfe,c1,DROP,442,x6,?,
1769471060.805929,RECEIVED,b8791784-9e74-445a-bb91-6be8dd1c30b3,85aa4864-9c68-49db-9fb3-c7eddc35837c,c1,DROP,1013,e7,?,
1769471060.8377883,SENT,698874db-e5b1-4c72-8a46-f7b1e0085185,4971e41d-bc66-4b08-9f70-320590889306,c4,DROP,683,?,x8,
1769471060.83782,FORWARDED,698874db-e5b1-4c72-8a46-f7b1e0085185,4971e41d-bc66-4b08-9f70-320590889306,c4,DROP,683,?,x8,
1769471060.8611314,SENT,24050f70-7117-46ee-b506-5da3726e8e09,d86caf11-f0f1-41a9-b1db-f1da11613a92,c4,DROP,685,?,x1,
1769471060.861172,FORWARDED,24050f70-7117-46ee-b506-5da3726e8e09,d86caf11-f0f1-41a9-b1db-f1da11613a92,c4,DROP,685,?,x1,
1769471060.8694031,RECEIVED,230cc1b8-3829-4f53-a72e-abed47524e4e,15c1e87a-ae40-4bf8-87cc-9ef3072f6871,c1,None,1595,e4,?,
1769471060.877093,SENT,04d82d19-76bb-4cd8-8eb0-ba841e192090,b4d6b322-93fc-4739-88d7-0ab39b6eda5b,c3,DROP,680,?,x8,
1769471060.8771327,FORWARDED,04d82d19-76bb-4cd8-8eb0-ba841e192090,b4d6b322-93fc-4739-88d7-0ab39b6eda5b,c3,DROP,680,?,x8,
1769471060.940256,SENT,ad785bb1-6021-4f4c-a0c6-49efb7f4da7e,e681c44b-82ff-4d06-a7fe-ea2aaa47f304,c4,DROP,684,?,x6,
1769471060.9402962,FORWARDED,ad785bb1-6021-4f4c-a0c6-49efb7f4da7e,e681c44b-82ff-4d06-a7fe-ea2aaa47f304,c4,DROP,684,?,x6,
1769471060.9778883,SENT,e16bd09d-5ca5-411c-94a6-1bac3c685af8,ae9fc00a-d24b-41fa-9ebe-94929b0380bb,c3,DROP,684,?,x10,
1769471060.977929,FORWARDED,e16bd09d-5ca5-411c-94a6-1bac3c685af8,ae9fc00a-d24b-41fa-9ebe-94929b0380bb,c3,DROP,684,?,x10,
1769471060.9942453,RECEIVED,b21b4f8a-49d5-48cc-a71a-a621acde9a98,59dd534b-9e49-47b2-8d50-c22499c34485,c2,DROP,1007,e2,?,
1769471061.015739,SENT,b8791784-9e74-445a-bb91-6be8dd1c30b3,85aa4864-9c68-49db-9fb3-c7eddc35837c,c1,DROP,685,?,x11,
1769471061.015779,FORWARDED,b8791784-9e74-445a-bb91-6be8dd1c30b3,85aa4864-9c68-49db-9fb3-c7eddc35837c,c1,DROP,685,?,x11,
1769471061.0190923,RECEIVED,6f30de1a-a32d-479e-91b0-777075dad5b3,f90ee024-57c3-431f-b707-f4fd861d1bd0,c1,None,1608,e9,?,
1769471061.1151133,RECEIVED,114d0fee-b16d-4218-b1ad-1320db552052,01da7634-8776-490e-a8ed-5e11a697bed3,c3,None,1604,e8,?,
1769471061.2262383,SENT,4875fab7-7d99-4e36-8b9f-4a825e129f3c,5c1b104c-c246-4bca-8f5d-e00fd27ab4b7,c1,DROP,690,?,x8,
1769471061.2262805,FORWARDED,4875fab7-7d99-4e36-8b9f-4a825e129f3c,5c1b104c-c246-4bca-8f5d-e00fd27ab4b7,c1,DROP,690,?,x8,
1769471061.2700307,RECEIVED,e5f6f95a-35b6-4021-9218-d4fb075ba644,7acefd09-a571-4219-bc68-74affdc83143,c4,c3,1767,e5,?,
1769471061.281466,SENT,5ce203ed-169a-4d3e-a856-87cd0e4ed547,f014a5f0-8c8d-427f-8e55-2b1b0ae0307a,c5,DROP,683,?,x9,
1769471061.281506,FORWARDED,5ce203ed-169a-4d3e-a856-87cd0e4ed547,f014a5f0-8c8d-427f-8e55-2b1b0ae0307a,c5,DROP,683,?,x9,
1769471061.2831876,RECEIVED,40a376e3-86e8-44a5-bf21-f755b03fe46d,4508b7cf-115e-4f03-aba5-6df8271b0a15,c3,DROP,1014,e7,?,
1769471061.3078604,SENT,3da89582-d592-4a10-9c13-f6e6f28c554e,3f2c32fb-caa5-43e9-b1bf-5aeca3804213,c3,c1,1260,?,x6,
1769471061.3079019,FORWARDED,3da89582-d592-4a10-9c13-f6e6f28c554e,3f2c32fb-caa5-43e9-b1bf-5aeca3804213,c3,c1,1260,?,x6,
1769471061.4066267,RECEIVED,5c4537ab-348a-4c87-b945-a1c00d9d2d88,3329c3a4-857d-4a8d-90d2-54e5ec699d68,c5,DROP,1008,e2,?,
1769471061.4374309,RECEIVED,fe5e55d9-b15c-4420-9224-5fdf07ecf025,f2f76d74-5e80-4d95-b0f9-041f40a4b8f1,c2,DROP,1016,e7,?,
1769471061.4443913,SENT,6f30de1a-a32d-479e-91b0-777075dad5b3,f90ee024-57c3-431f-b707-f4fd861d1bd0,c1,None,1132,?,x7,
1769471061.4444332,FORWARDED,6f30de1a-a32d-479e-91b0-777075dad5b3,f90ee024-57c3-431f-b707-f4fd861d1bd0,c1,None,1132,?,x7,
1769471061.45129,RECEIVED,a96fc2ea-8537-468f-8e42-eb73c34403a9,ee54c0f1-cdae-48ef-b421-6ce1b1c36dc1,c5,DROP,441,x8,?,
1769471061.47093,RECEIVED,1c4a9771-cee1-45d2-a575-6bcad79af095,8494d1cd-d314-490a-9084-a36f61e1a702,c1,None,1603,e7,?,
1769471061.4847057,SENT,5c4537ab-348a-4c87-b945-a1c00d9d2d88,3329c3a4-857d-4a8d-90d2-54e5ec699d68,c5,DROP,683,?,x6,
1769471061.4847443,FORWARDED,5c4537ab-348a-4c87-b945-a1c00d9d2d88,3329c3a4-857d-4a8d-90d2-54e5ec699d68,c5,DROP,683,?,x6,
1769471061.5334282,RECEIVED,687ef1db-239f-429d-867b-da163d8ab366,0487e0e0-1f0a-40e7-b414-450f39f97aa4,c4,DROP,1012,e12,?,
1769471061.5391607,SENT,40a376e3-86e8-44a5-bf21-f755b03fe46d,4508b7cf-115e-4f03-aba5-6df8271b0a15,c3,DROP,688,?,x4,
1769471061.5392008,FORWARDED,40a376e3-86e8-44a5-bf21-f755b03fe46d,4508b7cf-115e-4f03-aba5-6df8271b0a15,c3,DROP,688,?,x4,
1769471061.579101,SENT,74e4523e-0c02-4cd1-b66c-2239e49d4930,f1da6a5c-639a-4bff-bab6-3626aa653a6b,c5,DROP,691,?,x11,
1769471061.5791352,FORWARDED,74e4523e-0c02-4cd1-b66c-2239e49d4930,f1da6a5c-639a-4bff-bab6-3626aa653a6b,c5,DROP,691,?,x11,
1769471061.6436863,SENT,fe5e55d9-b15c-4420-9224-5fdf07ecf025,f2f76d74-5e80-4d95-b0f9-041f40a4b8f1,c2,DROP,688,?,x4,
1769471061.6437275,FORWARDED,fe5e55d9-b15c-4420-9224-5fdf07ecf025,f2f76d74-5e80-4d95-b0f9-041f40a4b8f1,c2,DROP,688,?,x4,
1769471061.7281144,SENT,687ef1db-239f-429d-867b-da163d8ab366,0487e0e0-1f0a-40e7-b414-450f39f97aa4,c4,DROP,685,?,x2,
1769471061.7281563,FORWARDED,687ef1db-239f-429d-867b-da163d8ab366,0487e0e0-1f0a-40e7-b414-450f39f97aa4,c4,DROP,685,?,x2,
1769471061.7486923,SENT,b21b4f8a-49d5-48cc-a71a-a621acde9a98,59dd534b-9e49-47b2-8d50-c22499c34485,c2,DROP,684,?,x3,
1769471061.7487423,FORWARDED,b21b4f8a-49d5-48cc-a71a-a621acde9a98,59dd534b-9e49-47b2-8d50-c22499c34485,c2,DROP,684,?,x3,
1769471061.758371,RECEIVED,cc2fe6e7-aca8-4b4d-95fb-cfbbb9eff60d,98769dec-8e51-44e7-8ad5-e3d15e3dc331,c5,DROP,1008,e7,?,
1769471061.7832158,SENT,114d0fee-b16d-4218-b1ad-1320db552052,01da7634-8776-490e-a8ed-5e11a697bed3,c3,None,1131,?,x10,
1769471061.7832568,FORWARDED,114d0fee-b16d-4218-b1ad-1320db552052,01da7634-8776-490e-a8ed-5e11a697bed3,c3,None,1131,?,x10,
1769471061.9218793,RECEIVED,54f40b2b-2c92-46d6-a57c-a43de583ddb9,7b278ce0-1fad-4585-9d7c-392c26ec86df,c1,DROP,1007,e7,?,
1769471061.9502218,SENT,1c4a9771-cee1-45d2-a575-6bcad79af095,8494d1cd-d314-490a-9084-a36f61e1a702,c1,None,1131,?,x6,
1769471061.9502614,FORWARDED,1c4a9771-cee1-45d2-a575-6bcad79af095,8494d1cd-d314-490a-9084-a36f61e1a702,c1,None,1131,?,x6,
1769471062.0598054,SENT,cc2fe6e7-aca8-4b4d-95fb-cfbbb9eff60d,98769dec-8e51-44e7-8ad5-e3d15e3dc331,c5,DROP,684,?,x4,
1769471062.059846,FORWARDED,cc2fe6e7-aca8-4b4d-95fb-cfbbb9eff60d,98769dec-8e51-44e7-8ad5-e3d15e3dc331,c5,DROP,684,?,x4,
1769471062.0939925,SENT,230cc1b8-3829-4f53-a72e-abed47524e4e,15c1e87a-ae40-4bf8-87cc-9ef3072f6871,c1,None,1124,?,x5,
1769471062.0940318,FORWARDED,230cc1b8-3829-4f53-a72e-abed47524e4e,15c1e87a-ae40-4bf8-87cc-9ef3072f6871,c1,None,1124,?,x5,
1769471062.103089,SENT,c8e666b2-2464-4d67-81a9-d380f41f85cc,30edd9cd-03c7-4452-bd66-b27619a1382d,c4,c3,1259,?,x1,
1769471062.1031303,FORWARDED,c8e666b2-2464-4d67-81a9-d380f41f85cc,30edd9cd-03c7-4452-bd66-b27619a1382d,c4,c3,1259,?,x1,
1769471062.123599,RECEIVED,ed0b6ede-6970-4685-bca4-0d9b468c4713,53693867-5acb-4081-a59d-1982573d3307,c5,DROP,1007,e7,?,
1769471062.1318815,SENT,e5f6f95a-35b6-4021-9218-d4fb075ba644,7acefd09-a571-4219-bc68-74affdc83143,c4,c3,1252,?,x9,
1769471062.1319165,FORWARDED,e5f6f95a-35b6-4021-9218-d4fb075ba644,7acefd09-a571-4219-bc68-74affdc83143,c4,c3,1252,?,x9,
1769471062.2282834,SENT,9f721be2-9d9d-487e-8f87-c12740952afa,fe384cd8-5d15-48fa-9cb0-7e27795a4009,c5,c1,1260,?,x4,
1769471062.2283232,FORWARDED,9f721be2-9d9d-487e-8f87-c12740952afa,fe384cd8-5d15-48fa-9cb0-7e27795a4009,c5,c1,1260,?,x4,
1769471062.2796886,RECEIVED,f54a526b-6adb-484c-8048-4c16ee6a2e37,1b4076b9-17b4-4b80-9aa8-51cd93c54f32,c1,DROP,446,x11,?,
1769471062.3092427,SENT,54f40b2b-2c92-46d6-a57c-a43de583ddb9,7b278ce0-1fad-4585-9d7c-392c26ec86df,c1,DROP,684,?,x8,
1769471062.3092825,FORWARDED,54f40b2b-2c92-46d6-a57c-a43de583ddb9,7b278ce0-1fad-4585-9d7c-392c26ec86df,c1,DROP,684,?,x8,
1769471062.367799,SENT,ed0b6ede-6970-4685-bca4-0d9b468c4713,53693867-5acb-4081-a59d-1982573d3307,c5,DROP,684,?,x8,
1769471062.3678384,FORWARDED,ed0b6ede-6970-4685-bca4-0d9b468c4713,53693867-5acb-4081-a59d-1982573d3307,c5,DROP,684,?,x8,
1769471062.4420705,RECEIVED,19c729fb-eb4b-422b-a615-8e2b49539ca9,b6075ce2-5ca6-4d22-bbca-f419c7bd637b,c3,DROP,1008,e8,?,
1769471062.4972563,RECEIVED,b9ec19a4-783d-4c33-9151-b26ad5947f9b,e94a0d9b-a266-4c93-9917-4e29e5fd2041,c5,DROP,1007,e9,?,
1769471062.5055451,RECEIVED,e1a201e1-876e-46b9-9e8a-cd1e7fd0a819,e63b00ff-0750-4ef0-b479-dc204271ddc4,c3,None,1599,e10,?,
1769471062.5717134,SENT,e1a201e1-876e-46b9-9e8a-cd1e7fd0a819,e63b00ff-0750-4ef0-b479-dc204271ddc4,c3,None,1128,?,x7,
1769471062.5717533,FORWARDED,e1a201e1-876e-46b9-9e8a-cd1e7fd0a819,e63b00ff-0750-4ef0-b479-dc204271ddc4,c3,None,1128,?,x7,
1769471062.6233773,RECEIVED,5b5bc384-702a-4438-b667-3861d6a2a843,a4098078-7316-4732-acce-1aede94f0a02,c1,DROP,441,x12,?,
1769471062.8906832,RECEIVED,324d5cfe-2ce9-4929-8c1f-225d4b9f3120,dd7516fa-be14-431a-bfac-4b258865e680,c4,DROP,442,x8,?,
1769471062.937362,SENT,b9ec19a4-783d-4c33-9151-b26ad5947f9b,e94a0d9b-a266-4c93-9917-4e29e5fd2041,c5,DROP,684,?,x7,
1769471062.9373975,FORWARDED,b9ec19a4-783d-4c33-9151-b26ad5947f9b,e94a0d9b-a266-4c93-9917-4e29e5fd2041,c5,DROP,684,?,x7,
1769471062.9498234,RECEIVED,2f33128b-dd83-4e40-bf44-23ea2e6b06be,1312fe5c-81b0-4111-bd03-f7b0f1b4e28b,c1,DROP,1016,e7,?,
1769471062.9685435,SENT,19c729fb-eb4b-422b-a615-8e2b49539ca9,b6075ce2-5ca6-4d22-bbca-f419c7bd637b,c3,DROP,683,?,x10,
1769471062.9685895,FORWARDED,19c729fb-eb4b-422b-a615-8e2b49539ca9,b6075ce2-5ca6-4d22-bbca-f419c7bd637b,c3,DROP,683,?,x10,
1769471063.0382845,RECEIVED,ecb66ba9-6531-469d-a175-f2ab345ed9ad,8afe5d29-3ca9-4adb-8c4c-1038b44bbc57,c3,DROP,1008,e3,?,
1769471063.074616,RECEIVED,874dce50-bcea-4762-997d-78ad0c0aa511,e5b3d962-1aae-497b-a661-f9efed16c2d6,c3,DROP,1007,e4,?,
1769471063.1833997,SENT,2f33128b-dd83-4e40-bf44-23ea2e6b06be,1312fe5c-81b0-4111-bd03-f7b0f1b4e28b,c1,DROP,690,?,x12,
1769471063.183439,FORWARDED,2f33128b-dd83-4e40-bf44-23ea2e6b06be,1312fe5c-81b0-4111-bd03-f7b0f1b4e28b,c1,DROP,690,?,x12,
1769471063.2792697,SENT,879375e2-6981-48c1-8b61-fdd422bfe96e,45a51a9d-70c3-4901-a94b-1ba210732062,c4,DROP,688,?,x10,
1769471063.2793086,FORWARDED,879375e2-6981-48c1-8b61-fdd422bfe96e,45a51a9d-70c3-4901-a94b-1ba210732062,c4,DROP,688,?,x10,
1769471063.2873151,RECEIVED,6778b337-60a2-45ae-bab0-612efac4c049,dc64e1b9-d5ca-4770-bb14-dfdf597b97f6,c3,DROP,1015,e5,?,
1769471063.4242527,RECEIVED,7f3602bc-45c8-4cd3-9a67-d5aee7c7c89c,9aa4d7e7-9367-46e8-9761-874e350bb89e,c2,DROP,442,x6,?,
1769471063.4577255,SENT,874dce50-bcea-4762-997d-78ad0c0aa511,e5b3d962-1aae-497b-a661-f9efed16c2d6,c3,DROP,683,?,x9,
1769471063.4577653,FORWARDED,874dce50-bcea-4762-997d-78ad0c0aa511,e5b3d962-1aae-497b-a661-f9efed16c2d6,c3,DROP,683,?,x9,
1769471063.617083,RECEIVED,f2f8bef0-28ae-47aa-b08e-0da1c3cd96ed,cf276fe5-83dc-47dc-b326-874120e4564b,c2,DROP,1008,e10,?,
1769471063.6221418,RECEIVED,eade64e7-e8aa-4d79-a65c-2cb1b0120f70,f63b9c62-1a1b-4f1e-bbd0-a601a2c07a42,c3,DROP,1008,e7,?,
1769471063.7855482,RECEIVED,845745da-6620-43d3-81ba-d56833cea445,f902a953-3670-408b-bc07-b72a5164af1d,c3,None,1603,e10,?,
1769471063.8328295,SENT,eade64e7-e8aa-4d79-a65c-2cb1b0120f70,f63b9c62-1a1b-4f1e-bbd0-a601a2c07a42,c3,DROP,683,?,x5,
1769471063.8328671,FORWARDED,eade64e7-e8aa-4d79-a65c-2cb1b0120f70,f63b9c62-1a1b-4f1e-bbd0-a601a2c07a42,c3,DROP,683,?,x5,
1769471063.8631032,SENT,f2f8bef0-28ae-47aa-b08e-0da1c3cd96ed,cf276fe5-83dc-47dc-b326-874120e4564b,c2,DROP,684,?,x4,
1769471063.8631427,FORWARDED,f2f8bef0-28ae-47aa-b08e-0da1c3cd96ed,cf276fe5-83dc-47dc-b326-874120e4564b,c2,DROP,684,?,x4,
1769471064.0216727,RECEIVED,fe26b4e5-b6ee-419c-8fbd-6e7a98d3b3f2,fc601443-237e-48cd-8169-f9cc57ed3875,c4,c3,1773,e7,?,
1769471064.0656314,SENT,fe26b4e5-b6ee-419c-8fbd-6e7a98d3b3f2,fc601443-237e-48cd-8169-f9cc57ed3875,c4,c3,1256,?,x1,
1769471064.0656676,FORWARDED,fe26b4e5-b6ee-419c-8fbd-6e7a98d3b3f2,fc601443-237e-48cd-8169-f9cc57ed3875,c4,c3,1256,?,x1,
1769471064.2585378,RECEIVED,ee794674-4212-49c9-82ab-12d848cd2114,d5e8d6a5-eb3e-4f83-b5e5-9023b54aef0f,c1,DROP,1016,e2,?,
1769471064.2863634,RECEIVED,23b77207-eb5a-4ee8-8f04-fad9792949b6,efbeec72-ce28-42dc-944a-7906bed6862a,c5,DROP,1007,e2,?,
1769471064.3027031,RECEIVED,ceb9e88f-1844-44f7-bb77-c1e071859ae2,059d99a6-58cb-44cf-9fe1-1953b6162dbd,c2,DROP,1007,e4,?,
1769471064.3400624,SENT,6778b337-60a2-45ae-bab0-612efac4c049,dc64e1b9-d5ca-4770-bb14-dfdf597b97f6,c3,DROP,688,?,x5,
1769471064.3401074,FORWARDED,6778b337-60a2-45ae-bab0-612efac4c049,dc64e1b9-d5ca-4770-bb14-dfdf597b97f6,c3,DROP,688,?,x5,
1769471064.3647084,SENT,ecb66ba9-6531-469d-a175-f2ab345ed9ad,8afe5d29-3ca9-4adb-8c4c-1038b44bbc57,c3,DROP,682,?,x10,
1769471064.364746,FORWARDED,ecb66ba9-6531-469d-a175-f2ab345ed9ad,8afe5d29-3ca9-4adb-8c4c-1038b44bbc57,c3,DROP,682,?,x10,
1769471064.4612603,SENT,ee794674-4212-49c9-82ab-12d848cd2114,d5e8d6a5-eb3e-4f83-b5e5-9023b54aef0f,c1,DROP,688,?,x7,
1769471064.4612982,FORWARDED,ee794674-4212-49c9-82ab-12d848cd2114,d5e8d6a5-eb3e-4f83-b5e5-9023b54aef0f,c1,DROP,688,?,x7,
1769471064.5157168,SENT,845745da-6620-43d3-81ba-d56833cea445,f902a953-3670-408b-bc07-b72a5164af1d,c3,None,1131,?,x3,
1769471064.5157564,FORWARDED,845745da-6620-43d3-81ba-d56833cea445,f902a953-3670-408b-bc07-b72a5164af1d,c3,None,1131,?,x3,
1769471064.5891237,SENT,23b77207-eb5a-4ee8-8f04-fad9792949b6,efbeec72-ce28-42dc-944a-7906bed6862a,c5,DROP,684,?,x5,
1769471064.5891643,FORWARDED,23b77207-eb5a-4ee8-8f04-fad9792949b6,efbeec72-ce28-42dc-944a-7906bed6862a,c5,DROP,684,?,x5,
1769471064.8169348,RECEIVED,5e117b94-650e-464d-a59c-e3ea51a5e026,da58dde0-e9bc-436f-af0e-7d0b8ac85015,c1,None,1600,e7,?,
1769471064.8882215,RECEIVED,99bee88a-5df4-4059-886a-12d02ce917ed,c5c1eb09-ea89-45cc-8574-8a6acc1e135a,c2,DROP,445,x11,?,
1769471064.893636,RECEIVED,1a350e97-7101-4c51-8684-d7e40b3564fd,e2d8e8c8-d8cf-46af-b237-562442427f0a,c1,DROP,1015,e8,?,
1769471064.9473786,RECEIVED,c1617fe4-77b9-494c-a415-7c3f6fb7e8c8,9b7f6769-b5a9-4a68-9ab6-74dcced9ab4b,c1,DROP,1013,e11,?,
1769471064.9828863,RECEIVED,73a41830-299c-4ba3-9b0f-80f9e8438945,d08b5c47-8dc2-4cae-a952-c01f29d03849,c5,DROP,445,x11,?,
1769471065.0382984,RECEIVED,8eb3d7d6-5484-47a6-9b61-6a832a16d8d2,6c44a545-0107-42ef-a907-3772cce97c91,c5,DROP,1013,e9,?,
1769471065.057473,SENT,5e117b94-650e-464d-a59c-e3ea51a5e026,da58dde0-e9bc-436f-af0e-7d0b8ac85015,c1,None,1127,?,x4,
1769471065.0575135,FORWARDED,5e117b94-650e-464d-a59c-e3ea51a5e026,da58dde0-e9bc-436f-af0e-7d0b8ac85015,c1,None,1127,?,x4,
1769471065.116147,RECEIVED,ef05fac4-b4ec-4b52-b627-fdd734050fa1,950e402b-fde5-4a72-96a9-a2ccd88880e0,c1,DROP,1012,e4,?,
1769471065.127826,SENT,8eb3d7d6-5484-47a6-9b61-6a832a16d8d2,6c44a545-0107-42ef-a907-3772cce97c91,c5,DROP,687,?,x12,
1769471065.1278646,FORWARDED,8eb3d7d6-5484-47a6-9b61-6a832a16d8d2,6c44a545-0107-42ef-a907-3772cce97c91,c5,DROP,687,?,x12,
1769471065.1579823,SENT,ceb9e88f-1844-44f7-bb77-c1e071859ae2,059d99a6-58cb-44cf-9fe1-1953b6162dbd,c2,DROP,684,?,x2,
1769471065.158033,FORWARDED,ceb9e88f-1844-44f7-bb77-c1e071859ae2,059d99a6-58cb-44cf-9fe1-1953b6162dbd,c2,DROP,684,?,x2,
1769471065.2856228,RECEIVED,252c5f48-30a5-481f-95c8-5ea7e2b84dd5,b5d48b81-1e81-4539-bf0d-782b1381d008,c3,None,1603,e5,?,
1769471065.2951927,SENT,1a350e97-7101-4c51-8684-d7e40b3564fd,e2d8e8c8-d8cf-46af-b237-562442427f0a,c1,DROP,688,?,x8,
1769471065.2952363,FORWARDED,1a350e97-7101-4c51-8684-d7e40b3564fd,e2d8e8c8-d8cf-46af-b237-562442427f0a,c1,DROP,688,?,x8,
1769471065.3186858,SENT,c1617fe4-77b9-494c-a415-7c3f6fb7e8c8,9b7f6769-b5a9-4a68-9ab6-74dcced9ab4b,c1,DROP,687,?,x10,
1769471065.3187253,FORWARDED,c1617fe4-77b9-494c-a415-7c3f6fb7e8c8,9b7f6769-b5a9-4a68-9ab6-74dcced9ab4b,c1,DROP,687,?,x10,
1769471065.4750235,RECEIVED,c937b352-e3f1-4438-bfbf-a19440b86e55,c0ce4374-8d60-450d-b877-87ce7835e697,c5,DROP,1008,e5,?,
1769471065.5616295,SENT,ef05fac4-b4ec-4b52-b627-fdd734050fa1,950e402b-fde5-4a72-96a9-a2ccd88880e0,c1,DROP,687,?,x10,
1769471065.561669,FORWARDED,ef05fac4-b4ec-4b52-b627-fdd734050fa1,950e402b-fde5-4a72-96a9-a2ccd88880e0,c1,DROP,687,?,x10,
1769471065.583369,SENT,252c5f48-30a5-481f-95c8-5ea7e2b84dd5,b5d48b81-1e81-4539-bf0d-782b1381d008,c3,None,1130,?,x8,
1769471065.5834115,FORWARDED,252c5f48-30a5-481f-95c8-5ea7e2b84dd5,b5d48b81-1e81-4539-bf0d-782b1381d008,c3,None,1130,?,x8,
1769471065.687575,RECEIVED,83ebd9b6-f575-4bbd-9079-e9cdd9c90ab4,2299afcd-6916-40fd-8a86-04701639a00d,c4,DROP,442,x11,?,
1769471066.0036137,RECEIVED,505fa8cd-0b74-4f07-a58c-fe19170e9129,90bb0686-8bf9-4b4b-93b6-c2bcca3b8ead,c4,DROP,1018,e11,?,
1769471066.2312999,RECEIVED,e6042c8b-42f4-4bcf-a46c-2eaee9f65b98,160e8366-fe11-41ff-9598-0acb54866f7e,c4,DROP,442,x8,?,
1769471066.2847867,RECEIVED,20a3dbda-0dd0-4482-89c4-e6d425ea6e15,efcd7544-f246-4e31-9fbb-bce89e48a1ed,c5,DROP,1015,e7,?,
1769471066.4046726,SENT,c937b352-e3f1-4438-bfbf-a19440b86e55,c0ce4374-8d60-450d-b877-87ce7835e697,c5,DROP,683,?,x12,
1769471066.4047103,FORWARDED,c937b352-e3f1-4438-bfbf-a19440b86e55,c0ce4374-8d60-450d-b877-87ce7835e697,c5,DROP,683,?,x12,
1769471066.4890878,RECEIVED,93c6b9e7-7f1a-43d7-9f3b-9c42b9e17f8c,38ae6970-dd5b-46f6-a4e0-95c831da0844,c4,DROP,1016,e1,?,
1769471066.643232,RECEIVED,7c3fb598-a753-4cd5-82dc-f6ce01f56d1a,24f6f338-54a4-4492-a9f9-d6c2dd03d63a,c1,None,1603,e6,?,
1769471066.65961,RECEIVED,924c79db-bfbf-420a-806a-788763fd2cc9,c9d9893c-c820-42c9-a896-102e91b53521,c5,c1,1781,e6,?,
1769471066.6748812,RECEIVED,ce8f6e6d-38c6-4310-9439-a4ab7bd2c36c,cff71bc4-d4ee-411b-97a9-bf4990f3e3a8,c3,None,1595,e10,?,
1769471066.6858509,SENT,924c79db-bfbf-420a-806a-788763fd2cc9,c9d9893c-c820-42c9-a896-102e91b53521,c5,c1,1263,?,x11,
1769471066.6858926,FORWARDED,924c79db-bfbf-420a-806a-788763fd2cc9,c9d9893c-c820-42c9-a896-102e91b53521,c5,c1,1263,?,x11,
1769471066.6913047,SENT,93c6b9e7-7f1a-43d7-9f3b-9c42b9e17f8c,38ae6970-dd5b-46f6-a4e0-95c831da0844,c4,DROP,688,?,x8,
1769471066.691346,FORWARDED,93c6b9e7-7f1a-43d7-9f3b-9c42b9e17f8c,38ae6970-dd5b-46f6-a4e0-95c831da0844,c4,DROP,688,?,x8,
1769471066.8537014,RECEIVED,de6af5d1-217e-4778-aa69-e7a5cf1da82e,03824581-49d6-4f90-b0f7-d40954339edf,c4,DROP,1007,e8,?,
1769471066.8591638,RECEIVED,0f7700da-26e5-4a9d-93e2-7b00826d9bcf,4eca7e83-e504-4190-88d7-4a780d6b5dfb,c3,DROP,1008,e5,?,
1769471066.8683279,RECEIVED,fa1626af-be64-4c37-a80a-c66ea9fa2721,70f8042b-24fb-4409-9f8e-47f8ac27f5aa,c2,DROP,1014,e4,?,
1769471066.933545,SENT,de6af5d1-217e-4778-aa69-e7a5cf1da82e,03824581-49d6-4f90-b0f7-d40954339edf,c4,DROP,684,?,x4,
1769471066.9335856,FORWARDED,de6af5d1-217e-4778-aa69-e7a5cf1da82e,03824581-49d6-4f90-b0f7-d40954339edf,c4,DROP,684,?,x4,
1769471067.0464609,RECEIVED,a06496d8-2880-47e2-bb21-a88f7616df6d,2b6bd478-d112-4e4a-882f-141a9d29f373,c5,DROP,1015,e3,?,
1769471067.0990858,SENT,0f7700da-26e5-4a9d-93e2-7b00826d9bcf,4eca7e83-e504-4190-88d7-4a780d6b5dfb,c3,DROP,684,?,x3,
1769471067.0991254,FORWARDED,0f7700da-26e5-4a9d-93e2-7b00826d9bcf,4eca7e83-e504-4190-88d7-4a780d6b5dfb,c3,DROP,684,?,x3,
1769471067.1545339,RECEIVED,8501c271-37ea-4e18-9af3-45e5603d2993,4e61646b-92eb-4f56-8af3-6776427c0a35,c3,DROP,1020,e3,?,
1769471067.2399194,SENT,ce8f6e6d-38c6-4310-9439-a4ab7bd2c36c,cff71bc4-d4ee-411b-97a9-bf4990f3e3a8,c3,None,1123,?,x5,
1769471067.2399583,FORWARDED,ce8f6e6d-38c6-4310-9439-a4ab7bd2c36c,cff71bc4-d4ee-411b-97a9-bf4990f3e3a8,c3,None,1123,?,x5,
1769471067.27129,RECEIVED,6326496f-8f77-45a6-9ca7-00b43c419688,931d2752-4c6d-49fc-95ab-99cceb79728b,c5,DROP,1015,e4,?,
1769471067.3800907,SENT,7c3fb598-a753-4cd5-82dc-f6ce01f56d1a,24f6f338-54a4-4492-a9f9-d6c2dd03d63a,c1,None,1131,?,x2,
1769471067.3801305,FORWARDED,7c3fb598-a753-4cd5-82dc-f6ce01f56d1a,24f6f338-54a4-4492-a9f9-d6c2dd03d63a,c1,None,1131,?,x2,
1769471067.439275,RECEIVED,af1efb6a-0539-41b8-901d-684602a5a15a,58a88d0d-a487-45c6-9024-61aa6fc47bf2,c1,DROP,1011,e10,?,
1769471067.5101871,RECEIVED,0ff23be1-9144-4c26-98df-8ffb98761341,873a53a3-8fa3-4621-9b6a-84f306121774,c3,DROP,1003,e1,?,
1769471067.576541,SENT,8501c271-37ea-4e18-9af3-45e5603d2993,4e61646b-92eb-4f56-8af3-6776427c0a35,c3,DROP,693,?,x11,
1769471067.5765815,FORWARDED,8501c271-37ea-4e18-9af3-45e5603d2993,4e61646b-92eb-4f56-8af3-6776427c0a35,c3,DROP,693,?,x11,
1769471067.6514378,RECEIVED,77242834-1499-48b8-8bc4-73bfc3825c86,f81851ff-95c4-45ca-9ab3-8e0b077902e8,c3,None,1596,e2,?,
1769471067.7777336,RECEIVED,3c7632d2-ef27-416a-82d1-e6dba5301849,81f9b930-9728-4561-a8ab-13caebf20104,c3,DROP,1007,e3,?,
1769471067.9426463,SENT,0ff23be1-9144-4c26-98df-8ffb98761341,873a53a3-8fa3-4621-9b6a-84f306121774,c3,DROP,680,?,x9,
1769471067.9426818,FORWARDED,0ff23be1-9144-4c26-98df-8ffb98761341,873a53a3-8fa3-4621-9b6a-84f306121774,c3,DROP,680,?,x9,
1769471068.031136,SENT,af1efb6a-0539-41b8-901d-684602a5a15a,58a88d0d-a487-45c6-9024-61aa6fc47bf2,c1,DROP,685,?,x9,
1769471068.0311744,FORWARDED,af1efb6a-0539-41b8-901d-684602a5a15a,58a88d0d-a487-45c6-9024-61aa6fc47bf2,c1,DROP,685,?,x9,
1769471068.0683112,SENT,a06496d8-2880-47e2-bb21-a88f7616df6d,2b6bd478-d112-4e4a-882f-141a9d29f373,c5,DROP,688,?,x2,
1769471068.0683513,FORWARDED,a06496d8-2880-47e2-bb21-a88f7616df6d,2b6bd478-d112-4e4a-882f-141a9d29f373,c5,DROP,688,?,x2,
1769471068.1211116,SENT,77242834-1499-48b8-8bc4-73bfc3825c86,f81851ff-95c4-45ca-9ab3-8e0b077902e8,c3,None,1123,?,x7,
1769471068.1211555,FORWARDED,77242834-1499-48b8-8bc4-73bfc3825c86,f81851ff-95c4-45ca-9ab3-8e0b077902e8,c3,None,1123,?,x7,
1769471068.1418505,RECEIVED,fc5a709c-d94d-405e-bd41-e5e6ab46a9b3,1b414fea-92ae-4ba9-b7f1-9b7ff4bfd77a,c1,DROP,1008,e3,?,
1769471068.305643,SENT,505fa8cd-0b74-4f07-a58c-fe19170e9129,90bb0686-8bf9-4b4b-93b6-c2bcca3b8ead,c4,DROP,692,?,x4,
1769471068.3056796,FORWARDED,505fa8cd-0b74-4f07-a58c-fe19170e9129,90bb0686-8bf9-4b4b-93b6-c2bcca3b8ead,c4,DROP,692,?,x4,
1769471068.4068542,RECEIVED,4475d527-016c-4284-a484-141e01ae45e6,6a496908-ab68-4a75-b444-5798270f2051,c5,DROP,1011,e4,?,
1769471068.4302237,SENT,20a3dbda-0dd0-4482-89c4-e6d425ea6e15,efcd7544-f246-4e31-9fbb-bce89e48a1ed,c5,DROP,690,?,x4,
1769471068.4302638,FORWARDED,20a3dbda-0dd0-4482-89c4-e6d425ea6e15,efcd7544-f246-4e31-9fbb-bce89e48a1ed,c5,DROP,690,?,x4,
1769471068.6928906,SENT,fc5a709c-d94d-405e-bd41-e5e6ab46a9b3,1b414fea-92ae-4ba9-b7f1-9b7ff4bfd77a,c1,DROP,683,?,x12,
1769471068.6929314,FORWARDED,fc5a709c-d94d-405e-bd41-e5e6ab46a9b3,1b414fea-92ae-4ba9-b7f1-9b7ff4bfd77a,c1,DROP,683,?,x12,
1769471068.7130742,RECEIVED,681bf777-dece-4840-ae90-592362edf946,8656917c-665d-4783-a390-a4b73c6b3b6b,c2,DROP,1007,e5,?,
1769471068.7542686,RECEIVED,c9bed478-2d19-4557-b6fe-375d63357884,7d061dfc-e2f4-428d-9f19-d813a2e85b99,c5,c1,1779,e11,?,
1769471068.7621646,RECEIVED,562d1726-9951-42e6-84f0-6f7c46a715d1,e24252c5-fa67-49fc-b4b4-6643707af1d9,c4,DROP,1011,e6,?,
1769471068.786442,RECEIVED,6de92e3a-094c-41a2-896e-b9ff446b0de8,84b4af18-a31e-43c9-acc2-2d5aa5b5df84,c2,DROP,1013,e3,?,
1769471068.8060324,SENT,6de92e3a-094c-41a2-896e-b9ff446b0de8,84b4af18-a31e-43c9-acc2-2d5aa5b5df84,c2,DROP,687,?,x10,
1769471068.8060791,FORWARDED,6de92e3a-094c-41a2-896e-b9ff446b0de8,84b4af18-a31e-43c9-acc2-2d5aa5b5df84,c2,DROP,687,?,x10,
1769471068.994167,RECEIVED,c8070223-33dd-45b6-aeb0-7df3ea93086c,be62466f-50d5-4b3d-a6e8-ded49ed06689,c3,DROP,1012,e5,?,
1769471069.053713,SENT,c8070223-33dd-45b6-aeb0-7df3ea93086c,be62466f-50d5-4b3d-a6e8-ded49ed06689,c3,DROP,687,?,x4,
1769471069.0537508,FORWARDED,c8070223-33dd-45b6-aeb0-7df3ea93086c,be62466f-50d5-4b3d-a6e8-ded49ed06689,c3,DROP,687,?,x4,
1769471069.1865542,SENT,562d1726-9951-42e6-84f0-6f7c46a715d1,e24252c5-fa67-49fc-b4b4-6643707af1d9,c4,DROP,685,?,x9,
1769471069.1865947,FORWARDED,562d1726-9951-42e6-84f0-6f7c46a715d1,e24252c5-fa67-49fc-b4b4-6643707af1d9,c4,DROP,685,?,x9,
1769471069.2482877,SENT,fa1626af-be64-4c37-a80a-c66ea9fa2721,70f8042b-24fb-4409-9f8e-47f8ac27f5aa,c2,DROP,690,?,x7,
1769471069.248329,FORWARDED,fa1626af-be64-4c37-a80a-c66ea9fa2721,70f8042b-24fb-4409-9f8e-47f8ac27f5aa,c2,DROP,690,?,x7,
1769471069.3463206,RECEIVED,434e6172-9608-461a-9762-81b647409a87,1b8db2ee-e0f3-45e1-b750-c6278b2a8f0f,c1,c3,1780,e3,?,
1769471069.506137,RECEIVED,034e4cf3-4b35-4b8e-b9ad-14045a79f8ee,2effc351-cae7-49d0-b424-d60a36609b4f,c3,c1,1777,e9,?,
1769471069.549635,SENT,034e4cf3-4b35-4b8e-b9ad-14045a79f8ee,2effc351-cae7-49d0-b424-d60a36609b4f,c3,c1,1260,?,x1,
1769471069.5496752,FORWARDED,034e4cf3-4b35-4b8e-b9ad-14045a79f8ee,2effc351-cae7-49d0-b424-d60a36609b4f,c3,c1,1260,?,x1,
1769471069.6048872,SENT,3c7632d2-ef27-416a-82d1-e6dba5301849,81f9b930-9728-4561-a8ab-13caebf20104,c3,DROP,683,?,x4,
1769471069.6049256,FORWARDED,3c7632d2-ef27-416a-82d1-e6dba5301849,81f9b930-9728-4561-a8ab-13caebf20104,c3,DROP,683,?,x4,
1769471069.6090882,SENT,c9bed478-2d19-4557-b6fe-375d63357884,7d061dfc-e2f4-428d-9f19-d813a2e85b99,c5,c1,1263,?,x6,
1769471069.6091285,FORWARDED,c9bed478-2d19-4557-b6fe-375d63357884,7d061dfc-e2f4-428d-9f19-d813a2e85b99,c5,c1,1263,?,x6,
1769471069.661923,RECEIVED,fff63ddc-d875-41a2-b120-e253662cca96,44199513-681f-4ca9-8095-9e34efc543f1,c5,DROP,1015,e7,?,
1769471069.7181175,SENT,6326496f-8f77-45a6-9ca7-00b43c419688,931d2752-4c6d-49fc-95ab-99cceb79728b,c5,DROP,688,?,x8,
1769471069.7181563,FORWARDED,6326496f-8f77-45a6-9ca7-00b43c419688,931d2752-4c6d-49fc-95ab-99cceb79728b,c5,DROP,688,?,x8,
1769471069.8043437,RECEIVED,6a22b47c-14b6-43f3-bf29-61829a41f10b,d9fe2665-fd61-4318-b65f-d0acdb8e31f6,c4,c3,1775,e9,?,
1769471069.9060724,RECEIVED,262dba80-a1be-4b59-b65c-48b416316ac6,bab9d893-c58b-40e8-8c58-2a1801c3f90f,c3,DROP,1008,e9,?,
1769471069.975952,SENT,434e6172-9608-461a-9762-81b647409a87,1b8db2ee-e0f3-45e1-b750-c6278b2a8f0f,c1,c3,1263,?,x11,
1769471069.9759932,FORWARDED,434e6172-9608-461a-9762-81b647409a87,1b8db2ee-e0f3-45e1-b750-c6278b2a8f0f,c1,c3,1263,?,x11,
1769471069.9949872,RECEIVED,b5c5efc2-427a-42b3-af78-dcb939a34bbf,535829c5-89ca-4070-b095-4a54fc9b7a7e,c2,DROP,1017,e1,?,
1769471070.001536,RECEIVED,0d37cb02-5edf-4251-8c1c-a8f689e4b817,b76642e2-f8ef-4fe9-aeda-a57a0d388b39,c5,DROP,441,x8,?,
1769471070.0191467,RECEIVED,2d17b2d1-5480-4a0a-b9ac-dc5a4b3babcc,74255f7f-279a-43fe-b706-d50aecd46017,c2,DROP,1007,e2,?,
1769471070.046615,RECEIVED,7ad8b42a-26e3-43f1-a005-5d748ea2324b,b0cb5f3c-cbd0-4586-9316-ef3bd8a845ab,c1,DROP,442,x4,?,
1769471070.054956,SENT,b5c5efc2-427a-42b3-af78-dcb939a34bbf,535829c5-89ca-4070-b095-4a54fc9b7a7e,c2,DROP,688,?,x8,
1769471070.054999,FORWARDED,b5c5efc2-427a-42b3-af78-dcb939a34bbf,535829c5-89ca-4070-b095-4a54fc9b7a7e,c2,DROP,688,?,x8,
1769471070.0607145,SENT,681bf777-dece-4840-ae90-592362edf946,8656917c-665d-4783-a390-a4b73c6b3b6b,c2,DROP,684,?,x6,
1769471070.0607553,FORWARDED,681bf777-dece-4840-ae90-592362edf946,8656917c-665d-4783-a390-a4b73c6b3b6b,c2,DROP,684,?,x6,
1769471070.0768921,SENT,4475d527-016c-4284-a484-141e01ae45e6,6a496908-ab68-4a75-b444-5798270f2051,c5,DROP,686,?,x2,
1769471070.07693,FORWARDED,4475d527-016c-4284-a484-141e01ae45e6,6a496908-ab68-4a75-b444-5798270f2051,c5,DROP,686,?,x2,
1769471070.3134549,SENT,2d17b2d1-5480-4a0a-b9ac-dc5a4b3babcc,74255f7f-279a-43fe-b706-d50aecd46017,c2,DROP,683,?,x9,
1769471070.3134954,FORWARDED,2d17b2d1-5480-4a0a-b9ac-dc5a4b3babcc,74255f7f-279a-43fe-b706-d50aecd46017,c2,DROP,683,?,x9,
1769471070.373355,SENT,6a22b47c-14b6-43f3-bf29-61829a41f10b,d9fe2665-fd61-4318-b65f-d0acdb8e31f6,c4,c3,1259,?,x1,
1769471070.3733947,FORWARDED,6a22b47c-14b6-43f3-bf29-61829a41f10b,d9fe2665-fd61-4318-b65f-d0acdb8e31f6,c4,c3,1259,?,x1,
1769471070.4001567,RECEIVED,1b73dca7-30d4-4b54-aa0c-2221eec33045,e83806b7-2b11-4a0d-9b3b-063ce0f1659c,c2,DROP,1007,e4,?,
1769471070.5131462,SENT,1b73dca7-30d4-4b54-aa0c-2221eec33045,e83806b7-2b11-4a0d-9b3b-063ce0f1659c,c2,DROP,684,?,x7,
1769471070.5131855,FORWARDED,1b73dca7-30d4-4b54-aa0c-2221eec33045,e83806b7-2b11-4a0d-9b3b-063ce0f1659c,c2,DROP,684,?,x7,
1769471070.5381014,RECEIVED,9bfeb2fa-1515-4a2e-96e9-8231acd8ecda,36358c3f-ad59-486a-827a-d123269d4e2d,c4,DROP,1007,e3,?,
1769471070.7291582,SENT,fff63ddc-d875-41a2-b120-e253662cca96,44199513-681f-4ca9-8095-9e34efc543f1,c5,DROP,690,?,x5,
1769471070.7291963,FORWARDED,fff63ddc-d875-41a2-b120-e253662cca96,44199513-681f-4ca9-8095-9e34efc543f1,c5,DROP,690,?,x5,
1769471070.8055785,RECEIVED,00261b3b-bd94-40a6-8331-86b92801d236,701e33ec-5031-4f68-9266-805faea9c1b9,c1,c3,1775,e3,?,
1769471070.825638,SENT,9bfeb2fa-1515-4a2e-96e9-8231acd8ecda,36358c3f-ad59-486a-827a-d123269d4e2d,c4,DROP,684,?,x1,
1769471070.8256795,FORWARDED,9bfeb2fa-1515-4a2e-96e9-8231acd8ecda,36358c3f-ad59-486a-827a-d123269d4e2d,c4,DROP,684,?,x1,
1769471070.945311,RECEIVED,6448feaf-fed0-4282-a3a9-8b52ec38ed15,50e9f547-07ea-476e-ba84-395ec1ed84e3,c2,DROP,442,x2,?,
1769471071.0716872,RECEIVED,4cf69e18-7dbc-4c6a-a47a-47455a14172d,055f5c46-71fa-4b6c-a912-638b1b4cab68,c1,None,1597,e1,?,
1769471071.1282704,SENT,4cf69e18-7dbc-4c6a-a47a-47455a14172d,055f5c46-71fa-4b6c-a912-638b1b4cab68,c1,None,1123,?,x4,
1769471071.1283097,FORWARDED,4cf69e18-7dbc-4c6a-a47a-47455a14172d,055f5c46-71fa-4b6c-a912-638b1b4cab68,c1,None,1123,?,x4,
1769471071.195739,RECEIVED,a69d4efc-9889-4fa6-8900-de76aa2f8f99,e67becfb-0459-4486-b29f-290c61c72362,c3,None,1600,e3,?,
1769471071.222249,SENT,262dba80-a1be-4b59-b65c-48b416316ac6,bab9d893-c58b-40e8-8c58-2a1801c3f90f,c3,DROP,684,?,x10,
1769471071.2222888,FORWARDED,262dba80-a1be-4b59-b65c-48b416316ac6,bab9d893-c58b-40e8-8c58-2a1801c3f90f,c3,DROP,684,?,x10,
1769471071.3260076,RECEIVED,e1adcc9d-2a6f-47ff-87a9-a2018192a0df,f346758b-7130-488c-b07e-8e4bf8824868,c4,DROP,1003,e4,?,
1769471071.3616712,RECEIVED,4dcb0221-dd24-4bca-8e31-fc7e71f198ee,c6e7e100-8b38-4bce-a78b-f3dda8c73f2f,c1,None,1604,e8,?,
1769471071.425774,SENT,e1adcc9d-2a6f-47ff-87a9-a2018192a0df,f346758b-7130-488c-b07e-8e4bf8824868,c4,DROP,679,?,x6,
1769471071.4258149,FORWARDED,e1adcc9d-2a6f-47ff-87a9-a2018192a0df,f346758b-7130-488c-b07e-8e4bf8824868,c4,DROP,679,?,x6,
1769471071.4332256,RECEIVED,8cf5d241-aa30-4a3b-8667-f1a493d1d84e,481ca84f-62ad-4bb0-8c5e-b0398484493a,c1,DROP,1016,e8,?,
1769471071.43389,SENT,a69d4efc-9889-4fa6-8900-de76aa2f8f99,e67becfb-0459-4486-b29f-290c61c72362,c3,None,1128,?,x8,
1769471071.4339266,FORWARDED,a69d4efc-9889-4fa6-8900-de76aa2f8f99,e67becfb-0459-4486-b29f-290c61c72362,c3,None,1128,?,x8,
1769471071.5118945,SENT,8cf5d241-aa30-4a3b-8667-f1a493d1d84e,481ca84f-62ad-4bb0-8c5e-b0398484493a,c1,DROP,689,?,x1,
1769471071.5119345,FORWARDED,8cf5d241-aa30-4a3b-8667-f1a493d1d84e,481ca84f-62ad-4bb0-8c5e-b0398484493a,c1,DROP,689,?,x1,
1769471071.588645,RECEIVED,d75f63c0-a7f2-4533-8199-ead85cffbe2d,e5914e81-d8ff-49b3-ba86-11fa9ce2b0b9,c5,c1,1780,e6,?,
1769471071.618276,RECEIVED,2a88f380-dccf-41af-a86f-6faf8db2d929,05006c92-8b53-4d0b-be5d-f0f0334aca87,c2,DROP,1009,e6,?,
1769471071.7345726,SENT,4dcb0221-dd24-4bca-8e31-fc7e71f198ee,c6e7e100-8b38-4bce-a78b-f3dda8c73f2f,c1,None,1131,?,x9,
1769471071.7346125,FORWARDED,4dcb0221-dd24-4bca-8e31-fc7e71f198ee,c6e7e100-8b38-4bce-a78b-f3dda8c73f2f,c1,None,1131,?,x9,
1769471071.752009,SENT,2a88f380-dccf-41af-a86f-6faf8db2d929,05006c92-8b53-4d0b-be5d-f0f0334aca87,c2,DROP,684,?,x10,
1769471071.752057,FORWARDED,2a88f380-dccf-41af-a86f-6faf8db2d929,05006c92-8b53-4d0b-be5d-f0f0334aca87,c2,DROP,684,?,x10,
1769471071.7736757,SENT,d75f63c0-a7f2-4533-8199-ead85cffbe2d,e5914e81-d8ff-49b3-ba86-11fa9ce2b0b9,c5,c1,1263,?,x5,
1769471071.7737193,FORWARDED,d75f63c0-a7f2-4533-8199-ead85cffbe2d,e5914e81-d8ff-49b3-ba86-11fa9ce2b0b9,c5,c1,1263,?,x5,
1769471071.789958,RECEIVED,cda9bd82-bb5b-4057-ae2e-e830e42c8845,41120cf7-9a16-47fc-ae0d-eb091f37b759,c1,DROP,1007,e9,?,
1769471072.0558195,RECEIVED,a99f0488-58c2-4506-a9c6-0c2650cadcd0,bf498ec1-da69-4cfa-8048-786705e1ec24,c5,DROP,1007,e1,?,
1769471072.0631135,SENT,cda9bd82-bb5b-4057-ae2e-e830e42c8845,41120cf7-9a16-47fc-ae0d-eb091f37b759,c1,DROP,684,?,x7,
1769471072.0631542,FORWARDED,cda9bd82-bb5b-4057-ae2e-e830e42c8845,41120cf7-9a16-47fc-ae0d-eb091f37b759,c1,DROP,684,?,x7,
1769471072.1033978,RECEIVED,7f7da066-b473-4b51-8bf8-7d1132bba413,7a2b68c5-5965-45bb-aa92-6eed5af54578,c5,DROP,445,x4,?,
1769471072.1562886,RECEIVED,1a504820-aa25-417d-a70a-301d0cfe980e,7ed6c1f4-346f-435e-a33b-3a656a62cf03,c4,DROP,1007,e4,?,
1769471072.2027268,RECEIVED,2f21a95f-cc41-484b-8961-72f6a2a493d5,84d5a99c-9b1b-44f9-a01e-32207803648d,c1,DROP,1008,e10,?,
1769471072.2989445,RECEIVED,1ad32dbd-d8f2-41bd-b798-ff2b669112ae,1942160c-f2d3-487a-bd2b-3da4c5e40dbb,c4,DROP,1020,e7,?,
1769471072.341179,SENT,2f21a95f-cc41-484b-8961-72f6a2a493d5,84d5a99c-9b1b-44f9-a01e-32207803648d,c1,DROP,684,?,x9,
1769471072.3412192,FORWARDED,2f21a95f-cc41-484b-8961-72f6a2a493d5,84d5a99c-9b1b-44f9-a01e-32207803648d,c1,DROP,684,?,x9,
1769471072.3633738,RECEIVED,30564079-c8d9-4ce0-9bd1-319062bb3cf8,12b3cc07-5cd7-40a0-8e7a-94569f811824,c2,DROP,1015,e5,?,
1769471072.3663518,SENT,1ad32dbd-d8f2-41bd-b798-ff2b669112ae,1942160c-f2d3-487a-bd2b-3da4c5e40dbb,c4,DROP,692,?,x11,
1769471072.366391,FORWARDED,1ad32dbd-d8f2-41bd-b798-ff2b669112ae,1942160c-f2d3-487a-bd2b-3da4c5e40dbb,c4,DROP,692,?,x11,
1769471072.4340022,RECEIVED,f9bef8dc-1221-49ce-9850-c48cf444c4ec,8388b456-0d6d-481e-91e5-19c63974bf30,c2,DROP,442,x7,?,
1769471072.477237,SENT,30564079-c8d9-4ce0-9bd1-319062bb3cf8,12b3cc07-5cd7-40a0-8e7a-94569f811824,c2,DROP,688,?,x9,
1769471072.477276,FORWARDED,30564079-c8d9-4ce0-9bd1-319062bb3cf8,12b3cc07-5cd7-40a0-8e7a-94569f811824,c2,DROP,688,?,x9,
1769471072.654841,SENT,a99f0488-58c2-4506-a9c6-0c2650cadcd0,bf498ec1-da69-4cfa-8048-786705e1ec24,c5,DROP,683,?,x4,
1769471072.6548786,FORWARDED,a99f0488-58c2-4506-a9c6-0c2650cadcd0,bf498ec1-da69-4cfa-8048-786705e1ec24,c5,DROP,683,?,x4,
1769471072.6734824,SENT,00261b3b-bd94-40a6-8331-86b92801d236,701e33ec-5031-4f68-9266-805faea9c1b9,c1,c3,1259,?,x1,
1769471072.6735253,FORWARDED,00261b3b-bd94-40a6-8331-86b92801d236,701e33ec-5031-4f68-9266-805faea9c1b9,c1,c3,1259,?,x1,
1769471072.7026722,RECEIVED,9bf00e0a-145d-4906-9d12-5dbdc8eba73e,18181fc2-fe63-4b9e-ae7b-db3c29fb2e34,c5,c1,1763,e11,?,
1769471072.7670157,RECEIVED,631cc27a-1c74-4bfe-bbc9-b1d5c18f0be6,85d9222a-3145-4f97-84f3-fb6e5373936e,c4,c3,1771,e4,?,
1769471072.8251917,RECEIVED,471ae486-9467-4ebe-8c8a-a8e8c0fad063,0edbde81-4e70-472a-b43e-88ce0c058c3c,c1,DROP,1011,e7,?,
1769471073.0525806,RECEIVED,048a13d2-aee7-4a64-8b5b-fabf9b7165f5,c3083715-1c84-4420-a681-2248de7efe9b,c4,None,1596,e5,?,
1769471073.2622242,SENT,048a13d2-aee7-4a64-8b5b-fabf9b7165f5,c3083715-1c84-4420-a681-2248de7efe9b,c4,None,1123,?,x6,
1769471073.2622638,FORWARDED,048a13d2-aee7-4a64-8b5b-fabf9b7165f5,c3083715-1c84-4420-a681-2248de7efe9b,c4,None,1123,?,x6,
1769471073.2633288,RECEIVED,08acfd52-b1ee-4e91-b061-e5624455411d,39b4df83-dbb4-407e-97ba-9067e6d17a67,c5,DROP,1013,e12,?,
1769471073.2926686,SENT,1a504820-aa25-417d-a70a-301d0cfe980e,7ed6c1f4-346f-435e-a33b-3a656a62cf03,c4,DROP,683,?,x2,
1769471073.2927077,FORWARDED,1a504820-aa25-417d-a70a-301d0cfe980e,7ed6c1f4-346f-435e-a33b-3a656a62cf03,c4,DROP,683,?,x2,
1769471073.3136125,SENT,471ae486-9467-4ebe-8c8a-a8e8c0fad063,0edbde81-4e70-472a-b43e-88ce0c058c3c,c1,DROP,687,?,x4,
1769471073.3136468,FORWARDED,471ae486-9467-4ebe-8c8a-a8e8c0fad063,0edbde81-4e70-472a-b43e-88ce0c058c3c,c1,DROP,687,?,x4,
1769471073.3142364,RECEIVED,8e94903f-8d91-4b2f-9c73-0f0a886b5cdd,813adf1d-6507-4db4-9b25-9dade0ab8f9e,c3,None,1597,e9,?,
1769471073.3246655,SENT,08acfd52-b1ee-4e91-b061-e5624455411d,39b4df83-dbb4-407e-97ba-9067e6d17a67,c5,DROP,685,?,x3,
1769471073.3247058,FORWARDED,08acfd52-b1ee-4e91-b061-e5624455411d,39b4df83-dbb4-407e-97ba-9067e6d17a67,c5,DROP,685,?,x3,
1769471073.367965,RECEIVED,e4eaa51d-bba0-4dab-a204-cfd08a208e14,f1001e51-1e4f-4188-96bd-2ff8ce6dba5b,c4,DROP,1008,e7,?,
1769471073.40536,RECEIVED,29476547-ed2e-4f2b-9c76-9dbdf895d62c,76088906-9402-4dce-a928-1a5aa37dfd3c,c2,DROP,1007,e10,?,
1769471073.4144971,SENT,8e94903f-8d91-4b2f-9c73-0f0a886b5cdd,813adf1d-6507-4db4-9b25-9dade0ab8f9e,c3,None,1125,?,x10,
1769471073.4145374,FORWARDED,8e94903f-8d91-4b2f-9c73-0f0a886b5cdd,813adf1d-6507-4db4-9b25-9dade0ab8f9e,c3,None,1125,?,x10,
1769471073.4205737,RECEIVED,062d05a9-f504-48de-b148-4607ea6e882f,d9f63c65-67ea-4ca0-9f93-4799382d2789,c1,DROP,1008,e5,?,
1769471073.4290435,SENT,631cc27a-1c74-4bfe-bbc9-b1d5c18f0be6,85d9222a-3145-4f97-84f3-fb6e5373936e,c4,c3,1255,?,x4,
1769471073.4291582,FORWARDED,631cc27a-1c74-4bfe-bbc9-b1d5c18f0be6,85d9222a-3145-4f97-84f3-fb6e5373936e,c4,c3,1255,?,x4,
1769471073.5430622,SENT,062d05a9-f504-48de-b148-4607ea6e882f,d9f63c65-67ea-4ca0-9f93-4799382d2789,c1,DROP,684,?,x1,
1769471073.5431044,FORWARDED,062d05a9-f504-48de-b148-4607ea6e882f,d9f63c65-67ea-4ca0-9f93-4799382d2789,c1,DROP,684,?,x1,
1769471073.5667863,RECEIVED,6a28b0e6-04c6-4115-a504-555e224dc3f4,991cd76d-bcc9-4fca-8cf5-0dd98c53cdec,c2,DROP,441,x11,?,
1769471073.7010953,SENT,e4eaa51d-bba0-4dab-a204-cfd08a208e14,f1001e51-1e4f-4188-96bd-2ff8ce6dba5b,c4,DROP,683,?,x1,
1769471073.701137,FORWARDED,e4eaa51d-bba0-4dab-a204-cfd08a208e14,f1001e51-1e4f-4188-96bd-2ff8ce6dba5b,c4,DROP,683,?,x1,
1769471073.7098784,RECEIVED,32af755a-b70a-4e41-8fdb-e14fac014eae,cf2dde43-d6b6-45a4-86af-1fa1c3bdfd2a,c3,DROP,1011,e6,?,
1769471073.9153113,SENT,29476547-ed2e-4f2b-9c76-9dbdf895d62c,76088906-9402-4dce-a928-1a5aa37dfd3c,c2,DROP,683,?,x9,
1769471073.9153512,FORWARDED,29476547-ed2e-4f2b-9c76-9dbdf895d62c,76088906-9402-4dce-a928-1a5aa37dfd3c,c2,DROP,683,?,x9,
1769471074.0414934,SENT,9bf00e0a-145d-4906-9d12-5dbdc8eba73e,18181fc2-fe63-4b9e-ae7b-db3c29fb2e34,c5,c1,1251,?,x1,
1769471074.0415332,FORWARDED,9bf00e0a-145d-4906-9d12-5dbdc8eba73e,18181fc2-fe63-4b9e-ae7b-db3c29fb2e34,c5,c1,1251,?,x1,
1769471074.0740275,RECEIVED,1f0952fe-98ea-4e3e-be7f-7dc80c8e673d,0549e405-bc84-45dd-84d1-5dde18b7029c,c4,DROP,1020,e11,?,
1769471074.2136278,RECEIVED,15b3975a-076f-4779-a69f-88acbb4e3b12,912e05aa-0988-4898-90e0-58319db42781,c1,DROP,1010,e12,?,
1769471074.467938,SENT,1f0952fe-98ea-4e3e-be7f-7dc80c8e673d,0549e405-bc84-45dd-84d1-5dde18b7029c,c4,DROP,692,?,x6,
1769471074.4679754,FORWARDED,1f0952fe-98ea-4e3e-be7f-7dc80c8e673d,0549e405-bc84-45dd-84d1-5dde18b7029c,c4,DROP,692,?,x6,
1769471074.5200381,RECEIVED,ac6c3ddf-7d56-4e8d-b7a6-c4912ac4e0b5,ac80721d-92ec-4a15-8f99-631340aa75ba,c2,DROP,442,x2,?,
1769471074.5880363,RECEIVED,2b694d8b-5656-417b-b1fb-437596376298,960abca1-d1a1-4671-b55a-a579055f6355,c3,DROP,1007,e6,?,
1769471074.664904,RECEIVED,a5dd5d55-85ff-448e-b882-ee51d66f0505,6c749688-1c55-485e-9e20-ebcb8558ed12,c3,DROP,999,e9,?,
1769471075.0633879,SENT,15b3975a-076f-4779-a69f-88acbb4e3b12,912e05aa-0988-4898-90e0-58319db42781,c1,DROP,687,?,x4,
1769471075.0634382,FORWARDED,15b3975a-076f-4779-a69f-88acbb4e3b12,912e05aa-0988-4898-90e0-58319db42781,c1,DROP,687,?,x4,
1769471075.1995902,RECEIVED,32e2c98b-5a35-478f-b428-a29da6d6a7d0,bb1bda84-7798-49f3-9692-c2e8141b968e,c1,c3,1773,e10,?,
1769471075.211507,RECEIVED,435540cf-6874-4d8f-8f19-723ddbfc8e0d,85a9d680-fdca-492b-b8d9-c42f2e36cdf9,c3,DROP,1007,e4,?,
1769471075.3148067,RECEIVED,fd5ad7c3-5e21-433d-95b5-6ad82b29a2d8,0c9822f4-9a87-4ee1-8276-a728f4600d3a,c5,DROP,441,x2,?,
1769471075.3181355,SENT,32af755a-b70a-4e41-8fdb-e14fac014eae,cf2dde43-d6b6-45a4-86af-1fa1c3bdfd2a,c3,DROP,685,?,x10,
1769471075.3181753,FORWARDED,32af755a-b70a-4e41-8fdb-e14fac014eae,cf2dde43-d6b6-45a4-86af-1fa1c3bdfd2a,c3,DROP,685,?,x10,
1769471075.3465352,RECEIVED,13781a8e-19c4-4606-9a67-144c9f48bc2d,cd9a4b5d-a0c6-48e1-967c-049b6324be74,c2,DROP,442,x12,?,
1769471075.405094,SENT,32e2c98b-5a35-478f-b428-a29da6d6a7d0,bb1bda84-7798-49f3-9692-c2e8141b968e,c1,c3,1255,?,x11,
1769471075.405129,FORWARDED,32e2c98b-5a35-478f-b428-a29da6d6a7d0,bb1bda84-7798-49f3-9692-c2e8141b968e,c1,c3,1255,?,x11,
1769471075.4683702,RECEIVED,f232583f-58c0-4182-8f2d-f382b2ef2afd,bca9c4bf-be83-42c9-bc92-eafd1c6bd644,c4,DROP,1019,e11,?,
1769471075.5567982,SENT,f232583f-58c0-4182-8f2d-f382b2ef2afd,bca9c4bf-be83-42c9-bc92-eafd1c6bd644,c4,DROP,692,?,x5,
1769471075.556838,FORWARDED,f232583f-58c0-4182-8f2d-f382b2ef2afd,bca9c4bf-be83-42c9-bc92-eafd1c6bd644,c4,DROP,692,?,x5,
1769471075.6533484,SENT,2b694d8b-5656-417b-b1fb-437596376298,960abca1-d1a1-4671-b55a-a579055f6355,c3,DROP,684,?,x12,
1769471075.6533873,FORWARDED,2b694d8b-5656-417b-b1fb-437596376298,960abca1-d1a1-4671-b55a-a579055f6355,c3,DROP,684,?,x12,
1769471075.7608411,SENT,a5dd5d55-85ff-448e-b882-ee51d66f0505,6c749688-1c55-485e-9e20-ebcb8558ed12,c3,DROP,678,?,x9,
1769471075.7608798,FORWARDED,a5dd5d55-85ff-448e-b882-ee51d66f0505,6c749688-1c55-485e-9e20-ebcb8558ed12,c3,DROP,678,?,x9,
1769471076.0237913,RECEIVED,b439a8d1-7d1f-4383-9701-86babb77245e,08504be7-1919-4d8c-9b4a-df65d1d84563,c5,c1,1784,e4,?,
1769471076.103287,RECEIVED,50364dbb-5fdd-4b25-af78-3a74cbfdf054,05005ae0-d4a0-4de4-bd76-4388749afdbc,c3,DROP,442,x2,?,
1769471076.2366512,RECEIVED,4df12c9e-3411-4da0-b135-a3e2694ff261,5869b1c5-d4de-414a-ab0f-c90d6b071e87,c3,None,1595,e1,?,
1769471076.2763402,SENT,b439a8d1-7d1f-4383-9701-86babb77245e,08504be7-1919-4d8c-9b4a-df65d1d84563,c5,c1,1264,?,x12,
1769471076.2764468,FORWARDED,b439a8d1-7d1f-4383-9701-86babb77245e,08504be7-1919-4d8c-9b4a-df65d1d84563,c5,c1,1264,?,x12,
1769471076.294615,RECEIVED,aa55caf9-79f5-4998-8805-f40bccb4ae5e,4c041504-5a21-48e6-abe5-5a06c7c5a5ee,c3,None,1599,e9,?,
1769471076.3157465,RECEIVED,eb34a279-e96f-4441-a000-140ada259317,ed4ea654-7ccf-4cf6-b077-f318d5e65851,c4,None,1605,e10,?,
1769471076.3560312,SENT,eb34a279-e96f-4441-a000-140ada259317,ed4ea654-7ccf-4cf6-b077-f318d5e65851,c4,None,1131,?,x1,
1769471076.3560903,FORWARDED,eb34a279-e96f-4441-a000-140ada259317,ed4ea654-7ccf-4cf6-b077-f318d5e65851,c4,None,1131,?,x1,
1769471076.439688,RECEIVED,8c1f221c-d83f-42d2-9d0a-45d009c0611a,5fe60045-e85e-498e-aff4-ff9895304171,c1,DROP,1015,e10,?,
1769471076.515035,RECEIVED,4677ab30-6355-4787-ab96-33e393139e84,2fdfc72b-944a-4d96-98e0-20d9920572ec,c2,DROP,442,x12,?,
1769471076.5863137,SENT,4df12c9e-3411-4da0-b135-a3e2694ff261,5869b1c5-d4de-414a-ab0f-c90d6b071e87,c3,None,1123,?,x2,
1769471076.586356,FORWARDED,4df12c9e-3411-4da0-b135-a3e2694ff261,5869b1c5-d4de-414a-ab0f-c90d6b071e87,c3,None,1123,?,x2,
1769471076.5876722,RECEIVED,13d5ea59-7780-4961-8c2d-6234da156e5b,c5fa0f1c-8e55-4dbc-b064-e32b8c1af073,c5,DROP,446,x12,?,
1769471076.7718174,RECEIVED,aed4083e-2210-42e8-afcf-4086078dbcb5,50d4c6c9-de0a-4fcc-9c5f-2f3980521dae,c1,None,1613,e11,?,
1769471076.912909,RECEIVED,f322ecc1-4073-4fdb-a905-ef77e5793347,6c111e32-c5a7-48a8-b33d-44f9aa3769fb,c1,DROP,1008,e6,?,
1769471076.9512303,SENT,aed4083e-2210-42e8-afcf-4086078dbcb5,50d4c6c9-de0a-4fcc-9c5f-2f3980521dae,c1,None,1136,?,x12,
1769471076.9512696,FORWARDED,aed4083e-2210-42e8-afcf-4086078dbcb5,50d4c6c9-de0a-4fcc-9c5f-2f3980521dae,c1,None,1136,?,x12,
1769471076.9813612,RECEIVED,27ae7b56-985d-4731-be3f-c0cf0423ce93,4a7f8046-295b-4fd6-979c-b1214a0eedee,c4,DROP,441,x8,?,
1769471077.001404,SENT,f322ecc1-4073-4fdb-a905-ef77e5793347,6c111e32-c5a7-48a8-b33d-44f9aa3769fb,c1,DROP,684,?,x7,
1769471077.001443,FORWARDED,f322ecc1-4073-4fdb-a905-ef77e5793347,6c111e32-c5a7-48a8-b33d-44f9aa3769fb,c1,DROP,684,?,x7,
1769471077.1168213,SENT,aa55caf9-79f5-4998-8805-f40bccb4ae5e,4c041504-5a21-48e6-abe5-5a06c7c5a5ee,c3,None,1127,?,x7,
1769471077.1168678,FORWARDED,aa55caf9-79f5-4998-8805-f40bccb4ae5e,4c041504-5a21-48e6-abe5-5a06c7c5a5ee,c3,None,1127,?,x7,
1769471077.2326367,SENT,435540cf-6874-4d8f-8f19-723ddbfc8e0d,85a9d680-fdca-492b-b8d9-c42f2e36cdf9,c3,DROP,683,?,x4,
1769471077.2326772,FORWARDED,435540cf-6874-4d8f-8f19-723ddbfc8e0d,85a9d680-fdca-492b-b8d9-c42f2e36cdf9,c3,DROP,683,?,x4,
1769471077.3114033,SENT,8c1f221c-d83f-42d2-9d0a-45d009c0611a,5fe60045-e85e-498e-aff4-ff9895304171,c1,DROP,688,?,x8,
1769471077.3114426,FORWARDED,8c1f221c-d83f-42d2-9d0a-45d009c0611a,5fe60045-e85e-498e-aff4-ff9895304171,c1,DROP,688,?,x8,
1769471077.4544795,RECEIVED,488e2550-2168-4acc-bfe8-3abf31b4ea90,85458793-f34c-4207-ab0a-fbd5d6d90289,c3,DROP,1012,e11,?,
1769471077.5070305,RECEIVED,3b26fab7-3075-4adf-be42-911418804549,3cf0db60-414b-4b0a-95ee-23ab85b743ad,c3,DROP,444,x5,?,
1769471077.6663156,SENT,488e2550-2168-4acc-bfe8-3abf31b4ea90,85458793-f34c-4207-ab0a-fbd5d6d90289,c3,DROP,686,?,x6,
1769471077.6663568,FORWARDED,488e2550-2168-4acc-bfe8-3abf31b4ea90,85458793-f34c-4207-ab0a-fbd5d6d90289,c3,DROP,686,?,x6,
1769471077.871208,RECEIVED,ba6a96bc-caf8-4d32-bb40-16297aa403be,c47d2cc7-062e-4639-af80-96c4fd45989a,c2,c4,1775,e4,?,
1769471078.0212002,SENT,ba6a96bc-caf8-4d32-bb40-16297aa403be,c47d2cc7-062e-4639-af80-96c4fd45989a,c2,c4,1260,?,x4,
1769471078.0212398,FORWARDED,ba6a96bc-caf8-4d32-bb40-16297aa403be,c47d2cc7-062e-4639-af80-96c4fd45989a,c2,c4,1260,?,x4,
1769471078.273795,RECEIVED,1fff113d-9531-4566-aad4-b82130a8c591,5fce5864-1a67-4870-ad27-86e526030702,c3,DROP,1006,e3,?,
1769471078.290636,RECEIVED,5a995a36-2f40-42c1-81ab-88d5e8329c4e,3397c3f7-5495-43c2-a04c-1e83cbc8571b,c1,DROP,442,x1,?,
1769471078.35863,RECEIVED,87b8692d-3451-4e03-be73-0212fdf0f076,16362528-375e-44fb-9d14-099c86c215d9,c3,DROP,1012,e7,?,
1769471078.4255512,RECEIVED,bfb5f502-8f53-4a0d-85fe-943db11cdcdd,1b56d2e7-8cc1-4cbf-bda9-fb160b98c756,c4,DROP,443,x5,?,
1769471078.5349283,SENT,87b8692d-3451-4e03-be73-0212fdf0f076,16362528-375e-44fb-9d14-099c86c215d9,c3,DROP,687,?,x12,
1769471078.5349715,FORWARDED,87b8692d-3451-4e03-be73-0212fdf0f076,16362528-375e-44fb-9d14-099c86c215d9,c3,DROP,687,?,x12,
1769471078.5657527,RECEIVED,45775677-137f-4a8b-bfbf-e81c324c7156,62540719-9cb3-4c27-af79-67b3d90693f1,c1,None,1596,e6,?,
1769471078.7015724,SENT,45775677-137f-4a8b-bfbf-e81c324c7156,62540719-9cb3-4c27-af79-67b3d90693f1,c1,None,1124,?,x5,
1769471078.701613,FORWARDED,45775677-137f-4a8b-bfbf-e81c324c7156,62540719-9cb3-4c27-af79-67b3d90693f1,c1,None,1124,?,x5,
1769471078.857347,RECEIVED,abd4599d-f4d0-4f96-8c7c-d72a58bf8111,404b0146-fcfa-4aa3-b476-f5ddda2f3461,c1,None,1595,e6,?,
1769471078.8731458,RECEIVED,c04acbe4-5e41-4903-bb4f-5a38bf86641a,056c8e1e-2f6b-4e0d-8e31-070a54f588b2,c3,DROP,441,x8,?,
1769471078.9082685,SENT,1fff113d-9531-4566-aad4-b82130a8c591,5fce5864-1a67-4870-ad27-86e526030702,c3,DROP,683,?,x2,
1769471078.9083095,FORWARDED,1fff113d-9531-4566-aad4-b82130a8c591,5fce5864-1a67-4870-ad27-86e526030702,c3,DROP,683,?,x2,
1769471079.0206316,RECEIVED,a18923a1-5a14-412c-8fe6-a6e6bcc37d62,d09de2ef-69f5-4562-98bb-d70d5657cd3f,c2,DROP,437,x3,?,
1769471079.288877,RECEIVED,993ba36c-e55b-4b58-96dc-b43dd1ba6191,19046d65-e9ff-4d7d-9bb6-e1b36054f2af,c5,DROP,442,x1,?,
1769471079.4257176,RECEIVED,3dc43348-a768-4956-908c-1e737cf7f368,66fca216-383f-417c-8016-e85c9f8ea447,c5,DROP,1013,e12,?,
1769471079.6199841,SENT,abd4599d-f4d0-4f96-8c7c-d72a58bf8111,404b0146-fcfa-4aa3-b476-f5ddda2f3461,c1,None,1123,?,x7,
1769471079.6200218,FORWARDED,abd4599d-f4d0-4f96-8c7c-d72a58bf8111,404b0146-fcfa-4aa3-b476-f5ddda2f3461,c1,None,1123,?,x7,
1769471079.7789645,SENT,3dc43348-a768-4956-908c-1e737cf7f368,66fca216-383f-417c-8016-e85c9f8ea447,c5,DROP,686,?,x11,
1769471079.77901,FORWARDED,3dc43348-a768-4956-908c-1e737cf7f368,66fca216-383f-417c-8016-e85c9f8ea447,c5,DROP,686,?,x11,
1769471080.219266,RECEIVED,933b1d91-6ba4-42fb-a773-0d6b8e8e1762,e945100f-6818-454b-9643-435fd1d69f15,c2,DROP,1007,e10,?,
1769471080.2776031,RECEIVED,70142196-6971-4e82-98f9-0bcfb8b9c449,f036458a-1676-4588-bda8-8148f192f453,c4,None,1605,e9,?,
1769471080.3029706,RECEIVED,e3752d52-ea19-4178-a331-8c816c6912f1,3b4c6dc5-76bb-4eae-8575-c54ccf40784a,c3,DROP,436,x5,?,
1769471080.6238484,SENT,70142196-6971-4e82-98f9-0bcfb8b9c449,f036458a-1676-4588-bda8-8148f192f453,c4,None,1131,?,x12,
1769471080.6238897,FORWARDED,70142196-6971-4e82-98f9-0bcfb8b9c449,f036458a-1676-4588-bda8-8148f192f453,c4,None,1131,?,x12,
1769471080.6411223,RECEIVED,c94a1486-7190-4582-abca-fd206d393d8d,fb88f559-0829-4941-9bc9-f27447aff347,c4,None,1603,e4,?,
1769471080.7332304,SENT,933b1d91-6ba4-42fb-a773-0d6b8e8e1762,e945100f-6818-454b-9643-435fd1d69f15,c2,DROP,683,?,x4,
1769471080.733273,FORWARDED,933b1d91-6ba4-42fb-a773-0d6b8e8e1762,e945100f-6818-454b-9643-435fd1d69f15,c2,DROP,683,?,x4,
1769471080.823775,RECEIVED,5e228ccf-71a0-418a-b9c9-2fef5f6ffdb4,7a297ead-8196-4850-9210-e502d5e464ea,c5,DROP,1015,e4,?,
1769471081.019567,RECEIVED,32dcef89-f6b7-49b9-903c-4e87ee40a65b,77952316-7b96-4d18-9015-652a351a180d,c4,DROP,1008,e8,?,
1769471081.047894,SENT,c94a1486-7190-4582-abca-fd206d393d8d,fb88f559-0829-4941-9bc9-f27447aff347,c4,None,1131,?,x4,
1769471081.0479374,FORWARDED,c94a1486-7190-4582-abca-fd206d393d8d,fb88f559-0829-4941-9bc9-f27447aff347,c4,None,1131,?,x4,
1769471081.140762,RECEIVED,19b34c25-87a5-444e-bfc0-0ea4d7623b55,3b5aff28-b4e2-4ee6-9e7f-c9703d672cb6,c2,DROP,1008,e7,?,
1769471081.2561803,RECEIVED,1f7d8d5f-f924-4147-a1af-f818529776f2,f5a63552-a4f4-4c8b-b904-4dc9dca74b0d,c5,c1,1775,e10,?,
1769471081.284784,RECEIVED,9f6952ec-7e1c-4077-a831-041fff0bcb7b,7d3971ac-776a-409b-91d0-978f339f2b21,c3,DROP,442,x1,?,
1769471081.4990337,SENT,5e228ccf-71a0-418a-b9c9-2fef5f6ffdb4,7a297ead-8196-4850-9210-e502d5e464ea,c5,DROP,688,?,x7,
1769471081.499091,FORWARDED,5e228ccf-71a0-418a-b9c9-2fef5f6ffdb4,7a297ead-8196-4850-9210-e502d5e464ea,c5,DROP,688,?,x7,
1769471081.5029855,SENT,32dcef89-f6b7-49b9-903c-4e87ee40a65b,77952316-7b96-4d18-9015-652a351a180d,c4,DROP,684,?,x8,
1769471081.5030282,FORWARDED,32dcef89-f6b7-49b9-903c-4e87ee40a65b,77952316-7b96-4d18-9015-652a351a180d,c4,DROP,684,?,x8,
1769471081.5281494,SENT,1f7d8d5f-f924-4147-a1af-f818529776f2,f5a63552-a4f4-4c8b-b904-4dc9dca74b0d,c5,c1,1259,?,x6,
1769471081.5281982,FORWARDED,1f7d8d5f-f924-4147-a1af-f818529776f2,f5a63552-a4f4-4c8b-b904-4dc9dca74b0d,c5,c1,1259,?,x6,
1769471081.7182856,SENT,19b34c25-87a5-444e-bfc0-0ea4d7623b55,3b5aff28-b4e2-4ee6-9e7f-c9703d672cb6,c2,DROP,683,?,x11,
1769471081.7183273,FORWARDED,19b34c25-87a5-444e-bfc0-0ea4d7623b55,3b5aff28-b4e2-4ee6-9e7f-c9703d672cb6,c2,DROP,683,?,x11,
1769471081.9471276,RECEIVED,cdfa6575-d3f2-4da1-81ed-e3fcdc2700f2,7d366e9c-ea91-412d-8f56-0e0702d419d1,c2,DROP,1008,e10,?,
1769471082.1068194,RECEIVED,2d308da8-55ed-42f5-b847-1de2552fcfa7,6092ce3c-6944-416b-be59-a459c1bbafaf,c5,DROP,1004,e2,?,
1769471082.1542602,SENT,2d308da8-55ed-42f5-b847-1de2552fcfa7,6092ce3c-6944-416b-be59-a459c1bbafaf,c5,DROP,679,?,x3,
1769471082.1543007,FORWARDED,2d308da8-55ed-42f5-b847-1de2552fcfa7,6092ce3c-6944-416b-be59-a459c1bbafaf,c5,DROP,679,?,x3,
1769471082.2945051,RECEIVED,295f159e-2907-4ed9-b052-14ec9d82878f,c8b52b47-8f73-42f3-ae6c-8aca49c40e32,c2,DROP,1008,e8,?,
1769471082.3068776,SENT,cdfa6575-d3f2-4da1-81ed-e3fcdc2700f2,7d366e9c-ea91-412d-8f56-0e0702d419d1,c2,DROP,682,?,x2,
1769471082.3069122,FORWARDED,cdfa6575-d3f2-4da1-81ed-e3fcdc2700f2,7d366e9c-ea91-412d-8f56-0e0702d419d1,c2,DROP,682,?,x2,
1769471082.4609022,RECEIVED,7cccc8bd-2f31-4398-95dd-d97c79debafc,f3ad56e3-dc0f-4956-b1e6-9736daedfa3e,c5,DROP,442,x1,?,
1769471082.4687152,SENT,295f159e-2907-4ed9-b052-14ec9d82878f,c8b52b47-8f73-42f3-ae6c-8aca49c40e32,c2,DROP,683,?,x7,
1769471082.46876,FORWARDED,295f159e-2907-4ed9-b052-14ec9d82878f,c8b52b47-8f73-42f3-ae6c-8aca49c40e32,c2,DROP,683,?,x7,
1769471082.5806904,RECEIVED,e11ded2a-efa9-4621-b7c2-7a745767398c,092015f9-fb8e-470e-9077-eefbd607f4a4,c5,DROP,1006,e3,?,
1769471082.6940436,RECEIVED,8185dbd6-4fab-4804-9ee1-3e05ebdd7fd0,d46674af-a8e3-42e8-9cdb-b93b4f638e29,c2,DROP,441,x8,?,
1769471082.865747,RECEIVED,968ce15b-f8d4-4936-b380-2cd3b375863d,b437bb20-3c81-4bab-bcf0-ea649ab5dd0e,c4,DROP,1008,e9,?,
1769471082.896016,SENT,e11ded2a-efa9-4621-b7c2-7a745767398c,092015f9-fb8e-470e-9077-eefbd607f4a4,c5,DROP,683,?,x3,
1769471082.8960621,FORWARDED,e11ded2a-efa9-4621-b7c2-7a745767398c,092015f9-fb8e-470e-9077-eefbd607f4a4,c5,DROP,683,?,x3,
1769471083.0035262,RECEIVED,beac22e5-fac0-4691-ae24-45ca99a59a12,adf27ced-ff28-497e-bc86-ed45d77ca162,c5,DROP,1006,e8,?,
1769471083.2304068,RECEIVED,91ab34ad-2ea3-451c-ba1f-2aadebe357e5,97c2d2bc-7620-4f8a-bb48-e110ed843ee3,c1,DROP,1021,e12,?,
1769471083.243882,SENT,968ce15b-f8d4-4936-b380-2cd3b375863d,b437bb20-3c81-4bab-bcf0-ea649ab5dd0e,c4,DROP,682,?,x5,
1769471083.243923,FORWARDED,968ce15b-f8d4-4936-b380-2cd3b375863d,b437bb20-3c81-4bab-bcf0-ea649ab5dd0e,c4,DROP,682,?,x5,
1769471083.3167386,RECEIVED,6396b14c-4caa-47af-94ca-4d0786190154,bb74f1a7-0e06-444a-a128-3c68aea2132c,c3,DROP,1007,e6,?,
1769471083.4197798,RECEIVED,d8dbab38-9abd-4527-84d9-40078e6d7900,67026b1e-08e5-422e-a3ce-7af89e484289,c1,DROP,1010,e11,?,
1769471083.4201996,SENT,91ab34ad-2ea3-451c-ba1f-2aadebe357e5,97c2d2bc-7620-4f8a-bb48-e110ed843ee3,c1,DROP,692,?,x10,
1769471083.4202385,FORWARDED,91ab34ad-2ea3-451c-ba1f-2aadebe357e5,97c2d2bc-7620-4f8a-bb48-e110ed843ee3,c1,DROP,692,?,x10,
1769471083.5842748,RECEIVED,6e704d60-5896-4e87-bdb4-e27c854cde66,dda6d431-4d6c-4dcb-8417-3de77674189d,c2,DROP,446,x12,?,
1769471083.5948782,RECEIVED,db062c33-3fea-4b91-ba31-32f5656e6b3c,c4575bb7-0d6b-41e1-84a7-c30b01e0bc9e,c4,DROP,1013,e3,?,
1769471083.6223683,SENT,db062c33-3fea-4b91-ba31-32f5656e6b3c,c4575bb7-0d6b-41e1-84a7-c30b01e0bc9e,c4,DROP,687,?,x10,
1769471083.6224127,FORWARDED,db062c33-3fea-4b91-ba31-32f5656e6b3c,c4575bb7-0d6b-41e1-84a7-c30b01e0bc9e,c4,DROP,687,?,x10,
1769471083.7687647,SENT,6396b14c-4caa-47af-94ca-4d0786190154,bb74f1a7-0e06-444a-a128-3c68aea2132c,c3,DROP,683,?,x3,
1769471083.7688022,FORWARDED,6396b14c-4caa-47af-94ca-4d0786190154,bb74f1a7-0e06-444a-a128-3c68aea2132c,c3,DROP,683,?,x3,
1769471083.9129503,RECEIVED,182e5bb3-7434-4207-b78b-76474b0877f8,845cecfe-5cf1-4582-ad04-5105c7132fac,c2,c4,1775,e4,?,
1769471083.9706807,RECEIVED,2fa6d20d-680b-4d60-be8b-2e898acdcd6a,a9d02a35-ee70-4450-8142-fd5d71e38d40,c5,DROP,1015,e6,?,
1769471084.0472455,SENT,beac22e5-fac0-4691-ae24-45ca99a59a12,adf27ced-ff28-497e-bc86-ed45d77ca162,c5,DROP,683,?,x2,
1769471084.0472882,FORWARDED,beac22e5-fac0-4691-ae24-45ca99a59a12,adf27ced-ff28-497e-bc86-ed45d77ca162,c5,DROP,683,?,x2,
1769471084.127286,RECEIVED,5d7cae4c-0394-4e20-a4d4-bcfeb35ddf05,5387fecf-75f6-4e20-8ab6-2e73bea765c8,c4,DROP,1013,e7,?,
1769471084.1653411,SENT,d8dbab38-9abd-4527-84d9-40078e6d7900,67026b1e-08e5-422e-a3ce-7af89e484289,c1,DROP,687,?,x8,
1769471084.1653848,FORWARDED,d8dbab38-9abd-4527-84d9-40078e6d7900,67026b1e-08e5-422e-a3ce-7af89e484289,c1,DROP,687,?,x8,
1769471084.1712492,SENT,182e5bb3-7434-4207-b78b-76474b0877f8,845cecfe-5cf1-4582-ad04-5105c7132fac,c2,c4,1259,?,x8,
1769471084.17129,FORWARDED,182e5bb3-7434-4207-b78b-76474b0877f8,845cecfe-5cf1-4582-ad04-5105c7132fac,c2,c4,1259,?,x8,
1769471084.2759397,RECEIVED,90284698-dfe0-4355-9718-2b8381cf0288,d32ea00e-1b4c-44e5-b725-3be6ff78c020,c4,DROP,440,x10,?,
1769471084.3123977,SENT,5d7cae4c-0394-4e20-a4d4-bcfeb35ddf05,5387fecf-75f6-4e20-8ab6-2e73bea765c8,c4,DROP,687,?,x12,
1769471084.312441,FORWARDED,5d7cae4c-0394-4e20-a4d4-bcfeb35ddf05,5387fecf-75f6-4e20-8ab6-2e73bea765c8,c4,DROP,687,?,x12,
1769471084.3884883,RECEIVED,d31542fd-35d2-4b29-8b76-922eda5450d3,83182f9e-b05d-4077-8d4e-a475ab7c5e65,c2,DROP,1008,e3,?,
1769471084.476231,RECEIVED,8d138952-dd41-4dcc-aec0-9acf5e6909c0,9afac648-9ca7-45e5-a86a-1739cde0632d,c3,DROP,1007,e3,?,
1769471084.488422,RECEIVED,0a0454a1-668d-47dc-bf60-99ab5be7afcc,0fa36027-a2c7-437d-8f21-1b1685287b47,c2,DROP,1011,e4,?,
1769471084.4943523,RECEIVED,9e20841b-2ac8-46bc-a224-63fab216e809,0f7a41b1-1251-4185-92d4-b7eefcb60d6e,c3,None,1601,e5,?,
1769471084.6421032,SENT,d31542fd-35d2-4b29-8b76-922eda5450d3,83182f9e-b05d-4077-8d4e-a475ab7c5e65,c2,DROP,683,?,x12,
1769471084.642146,FORWARDED,d31542fd-35d2-4b29-8b76-922eda5450d3,83182f9e-b05d-4077-8d4e-a475ab7c5e65,c2,DROP,683,?,x12,
1769471084.7709088,SENT,9e20841b-2ac8-46bc-a224-63fab216e809,0f7a41b1-1251-4185-92d4-b7eefcb60d6e,c3,None,1127,?,x10,
1769471084.770947,FORWARDED,9e20841b-2ac8-46bc-a224-63fab216e809,0f7a41b1-1251-4185-92d4-b7eefcb60d6e,c3,None,1127,?,x10,
1769471085.1326022,SENT,0a0454a1-668d-47dc-bf60-99ab5be7afcc,0fa36027-a2c7-437d-8f21-1b1685287b47,c2,DROP,687,?,x9,
1769471085.1326458,FORWARDED,0a0454a1-668d-47dc-bf60-99ab5be7afcc,0fa36027-a2c7-437d-8f21-1b1685287b47,c2,DROP,687,?,x9,
1769471085.1636531,RECEIVED,c9afd5a9-bff7-4867-8fb1-ed91957895d5,3a27c95e-06d3-40b8-ade6-2d76499dd179,c1,DROP,441,x9,?,
1769471085.1757197,RECEIVED,80220d1f-5dba-424a-a4df-b3a6db4f7cdc,da90ce84-2430-40c8-ac97-35ad94b26276,c2,DROP,1011,e5,?,
1769471085.1979089,RECEIVED,6b17c291-ae85-44a8-af35-a24e2bbc6367,642da1cd-a019-448c-88e3-871132a3bff8,c5,DROP,1008,e2,?,
1769471085.239087,SENT,2fa6d20d-680b-4d60-be8b-2e898acdcd6a,a9d02a35-ee70-4450-8142-fd5d71e38d40,c5,DROP,688,?,x2,
1769471085.2391224,FORWARDED,2fa6d20d-680b-4d60-be8b-2e898acdcd6a,a9d02a35-ee70-4450-8142-fd5d71e38d40,c5,DROP,688,?,x2,
1769471085.2662883,RECEIVED,4e437d4a-802d-4069-8bea-2039e094f2aa,08ad865a-1fcc-4cd3-a6fa-5b81aa617749,c1,c3,1767,e7,?,
1769471085.2815943,RECEIVED,122865e0-78e0-4aee-b6e6-578900babc8f,09621d04-36ee-4682-ad6d-d2d69086e843,c1,DROP,1016,e6,?,
1769471085.3289447,RECEIVED,518942e2-c20f-48f7-88bc-dd49fd444424,90d66327-22db-47f7-b2be-ca70c9de05c7,c2,c4,1783,e11,?,
1769471085.3764582,SENT,8d138952-dd41-4dcc-aec0-9acf5e6909c0,9afac648-9ca7-45e5-a86a-1739cde0632d,c3,DROP,684,?,x9,
1769471085.376501,FORWARDED,8d138952-dd41-4dcc-aec0-9acf5e6909c0,9afac648-9ca7-45e5-a86a-1739cde0632d,c3,DROP,684,?,x9,
1769471085.5115016,SENT,122865e0-78e0-4aee-b6e6-578900babc8f,09621d04-36ee-4682-ad6d-d2d69086e843,c1,DROP,689,?,x3,
1769471085.5115418,FORWARDED,122865e0-78e0-4aee-b6e6-578900babc8f,09621d04-36ee-4682-ad6d-d2d69086e843,c1,DROP,689,?,x3,
1769471085.545584,RECEIVED,b14e6791-e665-4227-889c-a487e91d464e,5446c5f9-a618-4a39-8ced-331eee71a2e5,c3,DROP,1009,e8,?,
1769471085.635881,SENT,b14e6791-e665-4227-889c-a487e91d464e,5446c5f9-a618-4a39-8ced-331eee71a2e5,c3,DROP,682,?,x12,
1769471085.63592,FORWARDED,b14e6791-e665-4227-889c-a487e91d464e,5446c5f9-a618-4a39-8ced-331eee71a2e5,c3,DROP,682,?,x12,
1769471085.7643075,SENT,4e437d4a-802d-4069-8bea-2039e094f2aa,08ad865a-1fcc-4cd3-a6fa-5b81aa617749,c1,c3,1252,?,x7,
1769471085.7643483,FORWARDED,4e437d4a-802d-4069-8bea-2039e094f2aa,08ad865a-1fcc-4cd3-a6fa-5b81aa617749,c1,c3,1252,?,x7,
1769471085.8139296,SENT,518942e2-c20f-48f7-88bc-dd49fd444424,90d66327-22db-47f7-b2be-ca70c9de05c7,c2,c4,1264,?,x4,
1769471085.8139663,FORWARDED,518942e2-c20f-48f7-88bc-dd49fd444424,90d66327-22db-47f7-b2be-ca70c9de05c7,c2,c4,1264,?,x4,
1769471085.8508856,RECEIVED,5669ae2c-2af6-49de-b08c-87842d9ec941,0d26788e-3dfb-4d23-99e8-3c878a9b1810,c4,DROP,1008,e4,?,
1769471086.0799928,SENT,5669ae2c-2af6-49de-b08c-87842d9ec941,0d26788e-3dfb-4d23-99e8-3c878a9b1810,c4,DROP,684,?,x9,
1769471086.0800362,FORWARDED,5669ae2c-2af6-49de-b08c-87842d9ec941,0d26788e-3dfb-4d23-99e8-3c878a9b1810,c4,DROP,684,?,x9,
1769471086.0960612,RECEIVED,05e5726f-97a1-4db9-b28b-0083132d5748,4e5e9128-295b-4acf-a8ed-dec5dcd16dd3,c5,c1,1777,e8,?,
1769471086.112264,RECEIVED,32106cca-3d36-4bc4-9583-8a1c2bb883e0,d4d293b0-656b-4254-91b5-8c26d0a05c2c,c3,DROP,1008,e11,?,
1769471086.1609447,RECEIVED,87e92c7f-55f9-4fc4-b8cd-344e2e081a95,e553f2f7-a9d2-47c6-a628-b05524a51605,c5,DROP,1013,e10,?,
1769471086.2037127,SENT,05e5726f-97a1-4db9-b28b-0083132d5748,4e5e9128-295b-4acf-a8ed-dec5dcd16dd3,c5,c1,1260,?,x11,
1769471086.2037606,FORWARDED,05e5726f-97a1-4db9-b28b-0083132d5748,4e5e9128-295b-4acf-a8ed-dec5dcd16dd3,c5,c1,1260,?,x11,
1769471086.2193227,RECEIVED,c51dd0c4-263f-426f-b454-c491375a2fcc,f1b1ddc2-bc78-4c30-8b44-852014b38d00,c3,DROP,1008,e1,?,
1769471086.2897346,SENT,87e92c7f-55f9-4fc4-b8cd-344e2e081a95,e553f2f7-a9d2-47c6-a628-b05524a51605,c5,DROP,685,?,x12,
1769471086.2897768,FORWARDED,87e92c7f-55f9-4fc4-b8cd-344e2e081a95,e553f2f7-a9d2-47c6-a628-b05524a51605,c5,DROP,685,?,x12,
1769471086.2923825,SENT,32106cca-3d36-4bc4-9583-8a1c2bb883e0,d4d293b0-656b-4254-91b5-8c26d0a05c2c,c3,DROP,684,?,x1,
1769471086.2924223,FORWARDED,32106cca-3d36-4bc4-9583-8a1c2bb883e0,d4d293b0-656b-4254-91b5-8c26d0a05c2c,c3,DROP,684,?,x1,
1769471086.3170795,RECEIVED,19c47704-edd5-4bd4-9ee5-8d5d78416bb5,00cc312e-590e-4da5-a78a-e59f318510f8,c4,None,1591,e10,?,
1769471086.4652834,SENT,c51dd0c4-263f-426f-b454-c491375a2fcc,f1b1ddc2-bc78-4c30-8b44-852014b38d00,c3,DROP,684,?,x11,
1769471086.4653225,FORWARDED,c51dd0c4-263f-426f-b454-c491375a2fcc,f1b1ddc2-bc78-4c30-8b44-852014b38d00,c3,DROP,684,?,x11,
1769471086.5352983,SENT,80220d1f-5dba-424a-a4df-b3a6db4f7cdc,da90ce84-2430-40c8-ac97-35ad94b26276,c2,DROP,687,?,x9,
1769471086.5353403,FORWARDED,80220d1f-5dba-424a-a4df-b3a6db4f7cdc,da90ce84-2430-40c8-ac97-35ad94b26276,c2,DROP,687,?,x9,
1769471086.604663,RECEIVED,e0280f2e-3d2e-45ae-92b6-d7c1f5a5c324,61b75c54-6826-4c23-8c34-3a923702114e,c4,None,1595,e8,?,
1769471086.6257782,SENT,19c47704-edd5-4bd4-9ee5-8d5d78416bb5,00cc312e-590e-4da5-a78a-e59f318510f8,c4,None,1122,?,x2,
1769471086.6258223,FORWARDED,19c47704-edd5-4bd4-9ee5-8d5d78416bb5,00cc312e-590e-4da5-a78a-e59f318510f8,c4,None,1122,?,x2,
1769471086.6776998,RECEIVED,2906f07f-2fb5-48ad-908b-82b39ebc7e5b,7f096866-8bd4-4d3d-a48d-795da852feac,c4,DROP,1013,e5,?,
1769471086.6921515,SENT,e0280f2e-3d2e-45ae-92b6-d7c1f5a5c324,61b75c54-6826-4c23-8c34-3a923702114e,c4,None,1123,?,x5,
1769471086.6921902,FORWARDED,e0280f2e-3d2e-45ae-92b6-d7c1f5a5c324,61b75c54-6826-4c23-8c34-3a923702114e,c4,None,1123,?,x5,
1769471086.7401326,SENT,2906f07f-2fb5-48ad-908b-82b39ebc7e5b,7f096866-8bd4-4d3d-a48d-795da852feac,c4,DROP,687,?,x12,
1769471086.7401676,FORWARDED,2906f07f-2fb5-48ad-908b-82b39ebc7e5b,7f096866-8bd4-4d3d-a48d-795da852feac,c4,DROP,687,?,x12,
1769471086.7409039,RECEIVED,4a290815-ffb4-45d9-b6ab-2feff429c142,8e39fb3d-4be4-4168-99ae-172d855c377b,c4,DROP,1015,e4,?,
1769471086.8132055,SENT,6b17c291-ae85-44a8-af35-a24e2bbc6367,642da1cd-a019-448c-88e3-871132a3bff8,c5,DROP,683,?,x11,
1769471086.8132522,FORWARDED,6b17c291-ae85-44a8-af35-a24e2bbc6367,642da1cd-a019-448c-88e3-871132a3bff8,c5,DROP,683,?,x11,
1769471086.9180794,RECEIVED,8f63ab3b-2ece-4a1d-8233-3cbe87060d61,c50d68fd-419d-49a0-90ff-ad2da6173321,c4,DROP,1020,e11,?,
1769471087.2117074,RECEIVED,bc68804b-3ce6-4320-bfa8-7b76d54cff15,5b5d76c6-b1c5-4893-9008-acfa1dedb2c4,c4,DROP,441,x3,?,
1769471087.2173579,SENT,4a290815-ffb4-45d9-b6ab-2feff429c142,8e39fb3d-4be4-4168-99ae-172d855c377b,c4,DROP,688,?,x5,
1769471087.2173972,FORWARDED,4a290815-ffb4-45d9-b6ab-2feff429c142,8e39fb3d-4be4-4168-99ae-172d855c377b,c4,DROP,688,?,x5,
1769471087.38998,SENT,8f63ab3b-2ece-4a1d-8233-3cbe87060d61,c50d68fd-419d-49a0-90ff-ad2da6173321,c4,DROP,692,?,x10,
1769471087.3900232,FORWARDED,8f63ab3b-2ece-4a1d-8233-3cbe87060d61,c50d68fd-419d-49a0-90ff-ad2da6173321,c4,DROP,692,?,x10,
1769471087.7147617,RECEIVED,4124cb1e-4165-409e-a66f-285ab6f2a89a,6518aa5f-bee3-4beb-8d12-36d37738c67a,c1,None,1609,e11,?,
1769471087.7542872,SENT,4124cb1e-4165-409e-a66f-285ab6f2a89a,6518aa5f-bee3-4beb-8d12-36d37738c67a,c1,None,1132,?,x10,
1769471087.7543316,FORWARDED,4124cb1e-4165-409e-a66f-285ab6f2a89a,6518aa5f-bee3-4beb-8d12-36d37738c67a,c1,None,1132,?,x10,
1769471087.8586357,RECEIVED,4bc2af3c-4d06-431a-8edf-2512c46a1908,c8a24182-1062-485c-8c44-f4cbf04afdd2,c1,c3,1771,e6,?,
1769471088.0123048,RECEIVED,601ea9d4-0746-488b-b3ab-6e787b36b8ca,635e1e78-9e59-401f-abd0-04013047246f,c4,DROP,444,x10,?,
1769471088.1547449,RECEIVED,bc8e04c4-8466-454f-942c-ce5be684452c,177376f4-680f-4531-aeb5-995c39ea9cb8,c4,DROP,1008,e12,?,
1769471088.2354932,RECEIVED,2e0b0f45-b72d-42c7-9f9c-637fe2d755b1,38cb3a84-2e0b-47ce-9d1f-abfce3fcca01,c3,DROP,1007,e12,?,
1769471088.2480865,RECEIVED,356f95b9-f5d0-44a3-ba19-f248b15aaa68,8dbff441-1bbb-4ec3-907f-f493f9d2ef57,c5,DROP,1013,e9,?,
1769471088.2817576,SENT,bc8e04c4-8466-454f-942c-ce5be684452c,177376f4-680f-4531-aeb5-995c39ea9cb8,c4,DROP,682,?,x9,
1769471088.2818007,FORWARDED,bc8e04c4-8466-454f-942c-ce5be684452c,177376f4-680f-4531-aeb5-995c39ea9cb8,c4,DROP,682,?,x9,
1769471088.2859507,SENT,356f95b9-f5d0-44a3-ba19-f248b15aaa68,8dbff441-1bbb-4ec3-907f-f493f9d2ef57,c5,DROP,687,?,x6,
1769471088.2859936,FORWARDED,356f95b9-f5d0-44a3-ba19-f248b15aaa68,8dbff441-1bbb-4ec3-907f-f493f9d2ef57,c5,DROP,687,?,x6,
1769471088.3903086,SENT,4bc2af3c-4d06-431a-8edf-2512c46a1908,c8a24182-1062-485c-8c44-f4cbf04afdd2,c1,c3,1255,?,x6,
1769471088.3903503,FORWARDED,4bc2af3c-4d06-431a-8edf-2512c46a1908,c8a24182-1062-485c-8c44-f4cbf04afdd2,c1,c3,1255,?,x6,
1769471088.8282106,RECEIVED,8911529f-4b04-4f3f-a27b-cd700e083241,9addd678-6724-458c-8bbf-1b2d132d88b3,c1,DROP,1007,e9,?,
1769471088.8601058,SENT,2e0b0f45-b72d-42c7-9f9c-637fe2d755b1,38cb3a84-2e0b-47ce-9d1f-abfce3fcca01,c3,DROP,683,?,x1,
1769471088.8601556,FORWARDED,2e0b0f45-b72d-42c7-9f9c-637fe2d755b1,38cb3a84-2e0b-47ce-9d1f-abfce3fcca01,c3,DROP,683,?,x1,
1769471088.8887382,RECEIVED,c0df2058-87f2-4b44-982b-f50cc596560f,1b92e3f6-e713-4a83-9ba4-664250865643,c5,DROP,1008,e12,?,
1769471088.9099324,RECEIVED,049a5cee-f80b-4700-ad0d-d1f86fa54a0c,b525d719-4534-46e2-878e-1db8756a7851,c1,DROP,1011,e4,?,
1769471088.936685,RECEIVED,4824c197-ae0d-462a-9b06-dd79af89444c,e973b1a7-cd9d-4424-a6cf-48d7471ab391,c2,c4,1781,e12,?,
1769471088.9374762,RECEIVED,a31f58ef-72d3-40f1-9316-4eb8470c05a5,12079e56-6194-4f3f-a0fb-7a7dd4d8f863,c1,c3,1763,e2,?,
1769471089.236324,SENT,4824c197-ae0d-462a-9b06-dd79af89444c,e973b1a7-cd9d-4424-a6cf-48d7471ab391,c2,c4,1263,?,x10,
1769471089.2363656,FORWARDED,4824c197-ae0d-462a-9b06-dd79af89444c,e973b1a7-cd9d-4424-a6cf-48d7471ab391,c2,c4,1263,?,x10,
1769471089.4102376,SENT,8911529f-4b04-4f3f-a27b-cd700e083241,9addd678-6724-458c-8bbf-1b2d132d88b3,c1,DROP,684,?,x2,
1769471089.4102778,FORWARDED,8911529f-4b04-4f3f-a27b-cd700e083241,9addd678-6724-458c-8bbf-1b2d132d88b3,c1,DROP,684,?,x2,
1769471089.434926,RECEIVED,70c90a95-c4a3-40be-a12f-b4ba524d1ec8,f4dc6cb1-c5b7-4d00-845e-f0ac160c1946,c5,DROP,1016,e9,?,
1769471089.8345969,RECEIVED,e4e6974d-8696-47a5-91c7-ec6662eab7cd,f8cb085d-24c4-4113-bf62-b8befc0edc4a,c2,c4,1775,e1,?,
1769471090.0199225,RECEIVED,d5c71f47-c69b-4979-8ce7-1df0d0d6fba8,ec000fe7-73fc-4003-8f49-89bcd3c043c9,c3,DROP,1015,e8,?,
1769471090.1376083,RECEIVED,fe8766b9-93d2-4533-90f0-b36b9868161b,35e63de3-a60b-436e-8268-f3b9f6a835a2,c4,DROP,1005,e6,?,
1769471090.171986,SENT,049a5cee-f80b-4700-ad0d-d1f86fa54a0c,b525d719-4534-46e2-878e-1db8756a7851,c1,DROP,685,?,x3,
1769471090.1720276,FORWARDED,049a5cee-f80b-4700-ad0d-d1f86fa54a0c,b525d719-4534-46e2-878e-1db8756a7851,c1,DROP,685,?,x3,
1769471090.1836562,RECEIVED,943c68ca-14b8-48b7-ae8b-b8a34f0e1e7d,367667e2-2cd3-4be8-b1a7-8158a2b76185,c4,None,1607,e6,?,
1769471090.3003025,SENT,d5c71f47-c69b-4979-8ce7-1df0d0d6fba8,ec000fe7-73fc-4003-8f49-89bcd3c043c9,c3,DROP,688,?,x7,
1769471090.3003442,FORWARDED,d5c71f47-c69b-4979-8ce7-1df0d0d6fba8,ec000fe7-73fc-4003-8f49-89bcd3c043c9,c3,DROP,688,?,x7,
1769471090.445687,RECEIVED,8574f94a-41d0-459e-8dd8-1032f80aef99,2fdafc04-434c-4667-bf77-988aa2bc8dd4,c3,c1,1763,e8,?,
1769471090.490533,SENT,c0df2058-87f2-4b44-982b-f50cc596560f,1b92e3f6-e713-4a83-9ba4-664250865643,c5,DROP,683,?,x10,
1769471090.4905746,FORWARDED,c0df2058-87f2-4b44-982b-f50cc596560f,1b92e3f6-e713-4a83-9ba4-664250865643,c5,DROP,683,?,x10,
1769471090.5924897,SENT,fe8766b9-93d2-4533-90f0-b36b9868161b,35e63de3-a60b-436e-8268-f3b9f6a835a2,c4,DROP,680,?,x11,
1769471090.5925276,FORWARDED,fe8766b9-93d2-4533-90f0-b36b9868161b,35e63de3-a60b-436e-8268-f3b9f6a835a2,c4,DROP,680,?,x11,
1769471090.7339547,SENT,a31f58ef-72d3-40f1-9316-4eb8470c05a5,12079e56-6194-4f3f-a0fb-7a7dd4d8f863,c1,c3,1251,?,x3,
1769471090.7339947,FORWARDED,a31f58ef-72d3-40f1-9316-4eb8470c05a5,12079e56-6194-4f3f-a0fb-7a7dd4d8f863,c1,c3,1251,?,x3,
1769471090.7401,RECEIVED,55712fb1-8329-4689-bebe-90ad4b434fb5,93c343da-91dc-4b6c-897c-b6b920aa2093,c1,DROP,1016,e12,?,
1769471090.8363407,SENT,55712fb1-8329-4689-bebe-90ad4b434fb5,93c343da-91dc-4b6c-897c-b6b920aa2093,c1,DROP,688,?,x4,
1769471090.8363755,FORWARDED,55712fb1-8329-4689-bebe-90ad4b434fb5,93c343da-91dc-4b6c-897c-b6b920aa2093,c1,DROP,688,?,x4,
1769471090.8802066,SENT,70c90a95-c4a3-40be-a12f-b4ba524d1ec8,f4dc6cb1-c5b7-4d00-845e-f0ac160c1946,c5,DROP,688,?,x10,
1769471090.8804486,FORWARDED,70c90a95-c4a3-40be-a12f-b4ba524d1ec8,f4dc6cb1-c5b7-4d00-845e-f0ac160c1946,c5,DROP,688,?,x10,
1769471090.941687,SENT,8574f94a-41d0-459e-8dd8-1032f80aef99,2fdafc04-434c-4667-bf77-988aa2bc8dd4,c3,c1,1250,?,x4,
1769471090.941785,FORWARDED,8574f94a-41d0-459e-8dd8-1032f80aef99,2fdafc04-434c-4667-bf77-988aa2bc8dd4,c3,c1,1250,?,x4,
1769471090.9533203,SENT,e4e6974d-8696-47a5-91c7-ec6662eab7cd,f8cb085d-24c4-4113-bf62-b8befc0edc4a,c2,c4,1260,?,x2,
1769471090.9533617,FORWARDED,e4e6974d-8696-47a5-91c7-ec6662eab7cd,f8cb085d-24c4-4113-bf62-b8befc0edc4a,c2,c4,1260,?,x2,
1769471091.194717,RECEIVED,2ea8d0d1-c7a9-4d6c-861e-15c70d2633e1,e1fa7bd8-ff34-412f-a9a2-aa4870c9a167,c3,None,1599,e3,?,
1769471091.4860826,RECEIVED,f37d0f24-9d0c-4c2e-bba7-9950e177accf,a7167079-691b-4a08-a575-031fab7a5a5d,c1,None,1599,e11,?,
1769471091.493407,SENT,2ea8d0d1-c7a9-4d6c-861e-15c70d2633e1,e1fa7bd8-ff34-412f-a9a2-aa4870c9a167,c3,None,1128,?,x8,
1769471091.4934502,FORWARDED,2ea8d0d1-c7a9-4d6c-861e-15c70d2633e1,e1fa7bd8-ff34-412f-a9a2-aa4870c9a167,c3,None,1128,?,x8,
1769471091.5293798,SENT,943c68ca-14b8-48b7-ae8b-b8a34f0e1e7d,367667e2-2cd3-4be8-b1a7-8158a2b76185,c4,None,1132,?,x6,
1769471091.5294278,FORWARDED,943c68ca-14b8-48b7-ae8b-b8a34f0e1e7d,367667e2-2cd3-4be8-b1a7-8158a2b76185,c4,None,1132,?,x6,
1769471091.8350735,RECEIVED,ef021194-03f2-404f-aa9a-525661a20107,c6de4f3c-e141-4bf2-b1ab-76b1816a31e6,c4,DROP,1008,e10,?,
1769471091.8885128,RECEIVED,132ec3f6-911a-4e87-9953-d4551f0ccd37,38b3bd6b-dfb1-457a-a905-e9e0e4260759,c3,DROP,1007,e5,?,
1769471091.9452164,RECEIVED,786751d1-22e7-49fd-8940-d0d5ac553306,86475f02-b558-4298-9b24-172ef7019519,c5,DROP,1012,e8,?,
1769471092.1759546,SENT,786751d1-22e7-49fd-8940-d0d5ac553306,86475f02-b558-4298-9b24-172ef7019519,c5,DROP,685,?,x8,
1769471092.175997,FORWARDED,786751d1-22e7-49fd-8940-d0d5ac553306,86475f02-b558-4298-9b24-172ef7019519,c5,DROP,685,?,x8,
1769471092.3202796,SENT,132ec3f6-911a-4e87-9953-d4551f0ccd37,38b3bd6b-dfb1-457a-a905-e9e0e4260759,c3,DROP,683,?,x5,
1769471092.3203235,FORWARDED,132ec3f6-911a-4e87-9953-d4551f0ccd37,38b3bd6b-dfb1-457a-a905-e9e0e4260759,c3,DROP,683,?,x5,
1769471092.350838,RECEIVED,2ab08c3c-a005-48f6-abfa-aa4ea0578eb7,9f642663-cfab-4abc-af26-87a21cb21734,c5,DROP,1015,e11,?,
1769471092.3907883,SENT,f37d0f24-9d0c-4c2e-bba7-9950e177accf,a7167079-691b-4a08-a575-031fab7a5a5d,c1,None,1128,?,x4,
1769471092.3908336,FORWARDED,f37d0f24-9d0c-4c2e-bba7-9950e177accf,a7167079-691b-4a08-a575-031fab7a5a5d,c1,None,1128,?,x4,
1769471092.475274,RECEIVED,2624db38-807c-460f-a667-f40f8859624b,7087819f-931f-4bf1-a443-d124abb1391c,c4,None,1594,e9,?,
1769471092.624946,RECEIVED,6d023cae-5953-494f-a950-fbe5d9a71101,bfd8c1a5-7536-4f90-9495-932eaecaf3d8,c3,DROP,1007,e6,?,
1769471092.7074485,RECEIVED,c23127a5-f527-4f46-8434-14bb162d2326,32b89db6-292c-4640-9716-81d0b00a8507,c3,DROP,1007,e12,?,
1769471092.7746077,SENT,ef021194-03f2-404f-aa9a-525661a20107,c6de4f3c-e141-4bf2-b1ab-76b1816a31e6,c4,DROP,684,?,x12,
1769471092.774648,FORWARDED,ef021194-03f2-404f-aa9a-525661a20107,c6de4f3c-e141-4bf2-b1ab-76b1816a31e6,c4,DROP,684,?,x12,
1769471092.7888744,SENT,2ab08c3c-a005-48f6-abfa-aa4ea0578eb7,9f642663-cfab-4abc-af26-87a21cb21734,c5,DROP,688,?,x3,
1769471092.7889168,FORWARDED,2ab08c3c-a005-48f6-abfa-aa4ea0578eb7,9f642663-cfab-4abc-af26-87a21cb21734,c5,DROP,688,?,x3,
1769471092.8848505,SENT,c23127a5-f527-4f46-8434-14bb162d2326,32b89db6-292c-4640-9716-81d0b00a8507,c3,DROP,684,?,x4,
1769471092.884893,FORWARDED,c23127a5-f527-4f46-8434-14bb162d2326,32b89db6-292c-4640-9716-81d0b00a8507,c3,DROP,684,?,x4,
1769471092.9747405,RECEIVED,9855b0c5-7a5c-47e9-a15c-fee3465e16c3,bdc224b4-43fe-4428-8160-181625c41b63,c2,DROP,1008,e7,?,
1769471093.010014,RECEIVED,a03b78a1-8035-44ba-abcf-07bfab6bb238,c90a6ab3-e525-408d-a500-3d13dd0122ba,c2,DROP,1008,e5,?,
1769471093.0192637,RECEIVED,0408e203-3071-4365-92be-e31361b87441,99cef833-d704-4ee9-adc0-135c3f34d946,c1,DROP,1008,e5,?,
1769471093.0207124,RECEIVED,40089cb9-2a90-456c-9479-e1bc7bcefff6,71325852-8483-427c-b595-f80011d5f4be,c3,None,1605,e9,?,
1769471093.0306444,RECEIVED,392a08ed-0b95-4d00-99db-fa0086e78a5c,baf3e673-ce31-4da5-90b4-66a854367d7e,c1,DROP,1014,e10,?,
1769471093.0900452,SENT,392a08ed-0b95-4d00-99db-fa0086e78a5c,baf3e673-ce31-4da5-90b4-66a854367d7e,c1,DROP,687,?,x12,
1769471093.090095,FORWARDED,392a08ed-0b95-4d00-99db-fa0086e78a5c,baf3e673-ce31-4da5-90b4-66a854367d7e,c1,DROP,687,?,x12,
1769471093.093488,SENT,40089cb9-2a90-456c-9479-e1bc7bcefff6,71325852-8483-427c-b595-f80011d5f4be,c3,None,1129,?,x10,
1769471093.0935304,FORWARDED,40089cb9-2a90-456c-9479-e1bc7bcefff6,71325852-8483-427c-b595-f80011d5f4be,c3,None,1129,?,x10,
1769471093.1048887,SENT,2624db38-807c-460f-a667-f40f8859624b,7087819f-931f-4bf1-a443-d124abb1391c,c4,None,1123,?,x4,
1769471093.1049318,FORWARDED,2624db38-807c-460f-a667-f40f8859624b,7087819f-931f-4bf1-a443-d124abb1391c,c4,None,1123,?,x4,
1769471093.1077287,SENT,a03b78a1-8035-44ba-abcf-07bfab6bb238,c90a6ab3-e525-408d-a500-3d13dd0122ba,c2,DROP,683,?,x2,
1769471093.1077702,FORWARDED,a03b78a1-8035-44ba-abcf-07bfab6bb238,c90a6ab3-e525-408d-a500-3d13dd0122ba,c2,DROP,683,?,x2,
1769471093.1825204,SENT,9855b0c5-7a5c-47e9-a15c-fee3465e16c3,bdc224b4-43fe-4428-8160-181625c41b63,c2,DROP,683,?,x7,
1769471093.1825616,FORWARDED,9855b0c5-7a5c-47e9-a15c-fee3465e16c3,bdc224b4-43fe-4428-8160-181625c41b63,c2,DROP,683,?,x7,
1769471093.226021,SENT,0408e203-3071-4365-92be-e31361b87441,99cef833-d704-4ee9-adc0-135c3f34d946,c1,DROP,683,?,x7,
1769471093.2260706,FORWARDED,0408e203-3071-4365-92be-e31361b87441,99cef833-d704-4ee9-adc0-135c3f34d946,c1,DROP,683,?,x7,
1769471093.2293422,RECEIVED,d69833da-07ae-489a-8d1f-fde57b97f0fd,2351fc83-32c7-4537-9088-7e86ff092d5e,c5,DROP,1020,e10,?,
1769471093.2489185,RECEIVED,a32b38fa-d6ab-48fb-9653-c76bad5db3af,89538f0d-01e8-4902-9f09-f54b212afb16,c2,DROP,441,x2,?,
1769471093.3426573,RECEIVED,e906ef53-7a7f-429f-8f64-a74589af71a5,7938c102-84a0-49ec-a6d2-d3b7f57b4136,c2,DROP,1016,e6,?,
1769471093.4542062,SENT,e906ef53-7a7f-429f-8f64-a74589af71a5,7938c102-84a0-49ec-a6d2-d3b7f57b4136,c2,DROP,688,?,x6,
1769471093.4542468,FORWARDED,e906ef53-7a7f-429f-8f64-a74589af71a5,7938c102-84a0-49ec-a6d2-d3b7f57b4136,c2,DROP,688,?,x6,
1769471093.8191674,SENT,6d023cae-5953-494f-a950-fbe5d9a71101,bfd8c1a5-7536-4f90-9495-932eaecaf3d8,c3,DROP,684,?,x4,
1769471093.8192108,FORWARDED,6d023cae-5953-494f-a950-fbe5d9a71101,bfd8c1a5-7536-4f90-9495-932eaecaf3d8,c3,DROP,684,?,x4,
1769471093.9939017,RECEIVED,1e730e2b-2078-4742-a8d9-d4e88dc9ff70,12f8717a-75f7-40e7-864d-90d4011155f7,c4,DROP,1014,e10,?,
1769471094.0329883,RECEIVED,1f7bbff0-b775-4f63-8a38-5fc91dec8285,19cf67e2-5890-4492-946c-c0e1abd58c69,c4,c3,1766,e3,?,
1769471094.0859969,RECEIVED,99fd16cf-ebd3-4ffd-9458-da4becee8db1,3d65cafd-d3fb-42e7-82ee-b9679764b7a8,c4,DROP,441,x2,?,
1769471094.1291423,RECEIVED,2cd6bd18-c6ac-456f-8e84-76c82f9f0734,87668eb0-126d-4049-a329-bb9b89af1d38,c3,None,1606,e11,?,
1769471094.131769,RECEIVED,92352304-62ce-4fc5-85d5-97fd231794f6,9050d8eb-6ade-42d4-b141-7c48063f16f8,c3,DROP,1011,e8,?,
1769471094.1507025,RECEIVED,71f51bcd-ada0-4a48-a2e7-a4847bd7e3b5,1b655a5f-e339-421a-b54f-9cc5ddec451d,c2,DROP,1015,e12,?,
1769471094.19594,SENT,2cd6bd18-c6ac-456f-8e84-76c82f9f0734,87668eb0-126d-4049-a329-bb9b89af1d38,c3,None,1133,?,x2,
1769471094.1959844,FORWARDED,2cd6bd18-c6ac-456f-8e84-76c82f9f0734,87668eb0-126d-4049-a329-bb9b89af1d38,c3,None,1133,?,x2,
1769471094.2083738,RECEIVED,e3327bf2-7b50-41ee-b958-5e75d43bc662,f93ac160-b93f-42fc-8587-87654817a02a,c3,DROP,1008,e5,?,
1769471094.2194965,SENT,1e730e2b-2078-4742-a8d9-d4e88dc9ff70,12f8717a-75f7-40e7-864d-90d4011155f7,c4,DROP,688,?,x7,
1769471094.219539,FORWARDED,1e730e2b-2078-4742-a8d9-d4e88dc9ff70,12f8717a-75f7-40e7-864d-90d4011155f7,c4,DROP,688,?,x7,
1769471094.4250453,RECEIVED,12e593fa-7d00-44f3-8541-18bc80cbda39,e12ebd3d-55af-4bd9-92b6-8be96d0ff15d,c1,DROP,439,x5,?,
1769471094.6444,RECEIVED,bbcf1ea0-fd4f-4132-9e9a-eb5dff52537c,49e3e25e-8ff0-4c13-a263-3700deadcea9,c5,DROP,1017,e2,?,
1769471094.6731348,SENT,e3327bf2-7b50-41ee-b958-5e75d43bc662,f93ac160-b93f-42fc-8587-87654817a02a,c3,DROP,683,?,x9,
1769471094.6731791,FORWARDED,e3327bf2-7b50-41ee-b958-5e75d43bc662,f93ac160-b93f-42fc-8587-87654817a02a,c3,DROP,683,?,x9,
1769471094.6816914,SENT,bbcf1ea0-fd4f-4132-9e9a-eb5dff52537c,49e3e25e-8ff0-4c13-a263-3700deadcea9,c5,DROP,688,?,x3,
1769471094.6817331,FORWARDED,bbcf1ea0-fd4f-4132-9e9a-eb5dff52537c,49e3e25e-8ff0-4c13-a263-3700deadcea9,c5,DROP,688,?,x3,
1769471094.75403,SENT,d69833da-07ae-489a-8d1f-fde57b97f0fd,2351fc83-32c7-4537-9088-7e86ff092d5e,c5,DROP,693,?,x11,
1769471094.7540796,FORWARDED,d69833da-07ae-489a-8d1f-fde57b97f0fd,2351fc83-32c7-4537-9088-7e86ff092d5e,c5,DROP,693,?,x11,
1769471094.8881807,RECEIVED,b0f55d6c-b909-43cb-ae8e-d71a7591f140,74684f9d-f3c1-4194-9d86-5c2766b1b4f5,c4,DROP,1007,e2,?,
1769471094.89449,RECEIVED,592befc2-e21b-47cc-aa66-12d88ec4564c,8f948831-6d01-402d-a4ce-5962920c080f,c1,DROP,1007,e8,?,
1769471094.9114184,RECEIVED,cf7f1524-c56b-46c4-837e-242862fa3452,c9fab39c-fba9-4f51-be7d-bc859ea6a3e1,c3,DROP,1008,e9,?,
1769471094.9900155,SENT,71f51bcd-ada0-4a48-a2e7-a4847bd7e3b5,1b655a5f-e339-421a-b54f-9cc5ddec451d,c2,DROP,688,?,x4,
1769471094.9901953,FORWARDED,71f51bcd-ada0-4a48-a2e7-a4847bd7e3b5,1b655a5f-e339-421a-b54f-9cc5ddec451d,c2,DROP,688,?,x4,
1769471095.0030887,SENT,cf7f1524-c56b-46c4-837e-242862fa3452,c9fab39c-fba9-4f51-be7d-bc859ea6a3e1,c3,DROP,683,?,x4,
1769471095.0032377,FORWARDED,cf7f1524-c56b-46c4-837e-242862fa3452,c9fab39c-fba9-4f51-be7d-bc859ea6a3e1,c3,DROP,683,?,x4,
1769471095.025913,RECEIVED,20cc01c8-90bb-4e44-8d2c-6b83e589d006,00e476f7-a815-442d-846e-349d79fefab5,c3,DROP,1019,e12,?,
1769471095.1326253,RECEIVED,1e0cad5b-e485-4c97-b110-4d6b7fedad48,85048a5f-2600-4512-a458-6e79d3250900,c2,c4,1764,e4,?,
1769471095.1758657,RECEIVED,e5e83186-ef82-40c6-8a47-628377f810d8,53786bcc-c4fe-4eba-ad4c-395857ba8a52,c1,DROP,1007,e7,?,
1769471095.2502282,RECEIVED,28430d3f-ce13-4996-9763-7d6a344782cb,4dbac244-97ba-4fd8-b99b-1f3663fdc21f,c5,DROP,441,x8,?,
1769471095.4078472,SENT,20cc01c8-90bb-4e44-8d2c-6b83e589d006,00e476f7-a815-442d-846e-349d79fefab5,c3,DROP,692,?,x5,
1769471095.4078903,FORWARDED,20cc01c8-90bb-4e44-8d2c-6b83e589d006,00e476f7-a815-442d-846e-349d79fefab5,c3,DROP,692,?,x5,
1769471095.6048698,SENT,1e0cad5b-e485-4c97-b110-4d6b7fedad48,85048a5f-2600-4512-a458-6e79d3250900,c2,c4,1251,?,x5,
1769471095.60491,FORWARDED,1e0cad5b-e485-4c97-b110-4d6b7fedad48,85048a5f-2600-4512-a458-6e79d3250900,c2,c4,1251,?,x5,
1769471095.7391183,SENT,1f7bbff0-b775-4f63-8a38-5fc91dec8285,19cf67e2-5890-4492-946c-c0e1abd58c69,c4,c3,1252,?,x6,
1769471095.7391524,FORWARDED,1f7bbff0-b775-4f63-8a38-5fc91dec8285,19cf67e2-5890-4492-946c-c0e1abd58c69,c4,c3,1252,?,x6,
1769471095.7768035,SENT,592befc2-e21b-47cc-aa66-12d88ec4564c,8f948831-6d01-402d-a4ce-5962920c080f,c1,DROP,683,?,x5,
1769471095.7768512,FORWARDED,592befc2-e21b-47cc-aa66-12d88ec4564c,8f948831-6d01-402d-a4ce-5962920c080f,c1,DROP,683,?,x5,
1769471095.801189,SENT,e5e83186-ef82-40c6-8a47-628377f810d8,53786bcc-c4fe-4eba-ad4c-395857ba8a52,c1,DROP,684,?,x9,
1769471095.801232,FORWARDED,e5e83186-ef82-40c6-8a47-628377f810d8,53786bcc-c4fe-4eba-ad4c-395857ba8a52,c1,DROP,684,?,x9,
1769471095.8680437,SENT,92352304-62ce-4fc5-85d5-97fd231794f6,9050d8eb-6ade-42d4-b141-7c48063f16f8,c3,DROP,687,?,x9,
1769471095.8681037,FORWARDED,92352304-62ce-4fc5-85d5-97fd231794f6,9050d8eb-6ade-42d4-b141-7c48063f16f8,c3,DROP,687,?,x9,
1769471096.0592484,RECEIVED,d84ead27-1764-487e-ac4d-463db7cd96de,7a46bad0-f22e-4f7e-886a-4138c94c785f,c5,DROP,1008,e1,?,
1769471096.1470613,SENT,d84ead27-1764-487e-ac4d-463db7cd96de,7a46bad0-f22e-4f7e-886a-4138c94c785f,c5,DROP,683,?,x6,
1769471096.1471117,FORWARDED,d84ead27-1764-487e-ac4d-463db7cd96de,7a46bad0-f22e-4f7e-886a-4138c94c785f,c5,DROP,683,?,x6,
1769471096.849467,RECEIVED,cb5f5adb-c809-44bb-917c-d09c17da3cbd,e847f099-e193-4f10-8022-ed050eb528da,c3,None,1588,e1,?,
1769471096.9122658,RECEIVED,409dc669-e92e-42b7-982c-259245856ad0,48eaa60f-38fd-40d1-98e1-54208ebc682c,c3,c1,1789,e1,?,
1769471096.975796,SENT,409dc669-e92e-42b7-982c-259245856ad0,48eaa60f-38fd-40d1-98e1-54208ebc682c,c3,c1,1267,?,x9,
1769471096.9759338,FORWARDED,409dc669-e92e-42b7-982c-259245856ad0,48eaa60f-38fd-40d1-98e1-54208ebc682c,c3,c1,1267,?,x9,
1769471096.984134,SENT,cb5f5adb-c809-44bb-917c-d09c17da3cbd,e847f099-e193-4f10-8022-ed050eb528da,c3,None,1119,?,x5,
1769471096.9841769,FORWARDED,cb5f5adb-c809-44bb-917c-d09c17da3cbd,e847f099-e193-4f10-8022-ed050eb528da,c3,None,1119,?,x5,
1769471097.0459933,RECEIVED,17d9a7cb-f1f3-496c-83df-3ae221623864,999a7233-e8d6-42e0-8f40-a362ee61b7a6,c3,DROP,1021,e1,?,
1769471097.1066196,SENT,17d9a7cb-f1f3-496c-83df-3ae221623864,999a7233-e8d6-42e0-8f40-a362ee61b7a6,c3,DROP,692,?,x10,
1769471097.1066632,FORWARDED,17d9a7cb-f1f3-496c-83df-3ae221623864,999a7233-e8d6-42e0-8f40-a362ee61b7a6,c3,DROP,692,?,x10,
1769471097.258432,RECEIVED,ce35fdeb-6e33-49d6-91fd-1c917fc027b0,1f27d6a5-3b2a-4cf9-9896-f0d743cdf82e,c4,DROP,1007,e6,?,
1769471097.308486,RECEIVED,c04bf29f-b8f7-4fbc-9d54-18919d89f8b3,29f5848b-934e-4a46-baac-6eba2f4a4776,c3,DROP,1012,e10,?,
1769471097.4157543,SENT,c04bf29f-b8f7-4fbc-9d54-18919d89f8b3,29f5848b-934e-4a46-baac-6eba2f4a4776,c3,DROP,687,?,x1,
1769471097.4157958,FORWARDED,c04bf29f-b8f7-4fbc-9d54-18919d89f8b3,29f5848b-934e-4a46-baac-6eba2f4a4776,c3,DROP,687,?,x1,
1769471097.476442,RECEIVED,61b7c3ac-2147-43df-8c2c-1c5e7ccf3c7f,828030c3-a58b-4f06-9229-ee261fdd8382,c1,None,1601,e11,?,
1769471097.507096,RECEIVED,3bd16d30-0dfe-4361-ba4c-017637a10e0c,9f2cc30b-bbf7-4d08-875f-701ce2ae0c59,c1,DROP,1013,e2,?,
1769471097.548418,SENT,3bd16d30-0dfe-4361-ba4c-017637a10e0c,9f2cc30b-bbf7-4d08-875f-701ce2ae0c59,c1,DROP,687,?,x3,
1769471097.5484598,FORWARDED,3bd16d30-0dfe-4361-ba4c-017637a10e0c,9f2cc30b-bbf7-4d08-875f-701ce2ae0c59,c1,DROP,687,?,x3,
1769471097.858927,SENT,61b7c3ac-2147-43df-8c2c-1c5e7ccf3c7f,828030c3-a58b-4f06-9229-ee261fdd8382,c1,None,1131,?,x6,
1769471097.8589747,FORWARDED,61b7c3ac-2147-43df-8c2c-1c5e7ccf3c7f,828030c3-a58b-4f06-9229-ee261fdd8382,c1,None,1131,?,x6,
1769471097.9182606,SENT,ce35fdeb-6e33-49d6-91fd-1c917fc027b0,1f27d6a5-3b2a-4cf9-9896-f0d743cdf82e,c4,DROP,684,?,x9,
1769471097.918302,FORWARDED,ce35fdeb-6e33-49d6-91fd-1c917fc027b0,1f27d6a5-3b2a-4cf9-9896-f0d743cdf82e,c4,DROP,684,?,x9,
1769471097.9908404,RECEIVED,f50d4f02-f1f2-404d-800b-1b93f6f2ef59,92d4eef1-a944-460f-a674-c58e7d4c9144,c2,c4,1771,e11,?,
1769471098.0291529,RECEIVED,8990ba12-0b63-42cc-aa0c-e5059dfdf66f,10fff3a7-0a14-4f18-a0bb-3cc84f7fd2dd,c3,c1,1763,e11,?,
1769471098.2078335,SENT,f50d4f02-f1f2-404d-800b-1b93f6f2ef59,92d4eef1-a944-460f-a674-c58e7d4c9144,c2,c4,1256,?,x7,
1769471098.2078772,FORWARDED,f50d4f02-f1f2-404d-800b-1b93f6f2ef59,92d4eef1-a944-460f-a674-c58e7d4c9144,c2,c4,1256,?,x7,
1769471098.4541826,SENT,b0f55d6c-b909-43cb-ae8e-d71a7591f140,74684f9d-f3c1-4194-9d86-5c2766b1b4f5,c4,DROP,683,?,x11,
1769471098.454225,FORWARDED,b0f55d6c-b909-43cb-ae8e-d71a7591f140,74684f9d-f3c1-4194-9d86-5c2766b1b4f5,c4,DROP,683,?,x11,
1769471098.508961,RECEIVED,328f8d9b-2754-4494-941d-011ef4388e9e,4ca6183d-0196-4aeb-8a76-a6873bb93679,c2,DROP,1015,e5,?,
1769471098.5412204,RECEIVED,7ff9ef77-4ccf-4292-b45a-4198676ed87f,38d11493-fa2e-46a3-ad83-f81325eb5442,c1,DROP,1005,e6,?,
1769471098.5947754,SENT,7ff9ef77-4ccf-4292-b45a-4198676ed87f,38d11493-fa2e-46a3-ad83-f81325eb5442,c1,DROP,679,?,x8,
1769471098.5948176,FORWARDED,7ff9ef77-4ccf-4292-b45a-4198676ed87f,38d11493-fa2e-46a3-ad83-f81325eb5442,c1,DROP,679,?,x8,
1769471098.6060596,RECEIVED,442567c9-6e87-40e5-ac72-ebf0f7205827,a30977d9-d5a4-4efa-83fb-58831418b536,c3,DROP,441,x3,?,
1769471098.6774886,SENT,8990ba12-0b63-42cc-aa0c-e5059dfdf66f,10fff3a7-0a14-4f18-a0bb-3cc84f7fd2dd,c3,c1,1250,?,x7,
1769471098.6775305,FORWARDED,8990ba12-0b63-42cc-aa0c-e5059dfdf66f,10fff3a7-0a14-4f18-a0bb-3cc84f7fd2dd,c3,c1,1250,?,x7,
1769471098.7707107,RECEIVED,cc7686d7-7846-481c-8fb9-76358f723183,aff86c10-ec86-4a33-a725-2d8d229d41bd,c4,c3,1767,e7,?,
1769471098.8773124,RECEIVED,1c221ad0-073d-4dc7-aeca-fe8b0b3de69e,292f7fdb-c680-4332-959b-9c8cc25eb7f9,c1,DROP,1008,e12,?,
1769471098.9339185,RECEIVED,be2740a2-2c45-4e85-a7d6-d4e3cfe2c79d,a78a3116-7456-4439-93a2-f8c88eaabd80,c4,DROP,1021,e9,?,
1769471098.9445972,RECEIVED,4375661f-187f-4038-a3f2-4437f69c9017,feac896c-68e2-4d0e-a7ec-aa7aae4121f0,c4,DROP,1009,e7,?,
1769471098.979917,SENT,be2740a2-2c45-4e85-a7d6-d4e3cfe2c79d,a78a3116-7456-4439-93a2-f8c88eaabd80,c4,DROP,693,?,x12,
1769471098.9799583,FORWARDED,be2740a2-2c45-4e85-a7d6-d4e3cfe2c79d,a78a3116-7456-4439-93a2-f8c88eaabd80,c4,DROP,693,?,x12,
1769471098.9825408,SENT,1c221ad0-073d-4dc7-aeca-fe8b0b3de69e,292f7fdb-c680-4332-959b-9c8cc25eb7f9,c1,DROP,682,?,x7,
1769471098.9825823,FORWARDED,1c221ad0-073d-4dc7-aeca-fe8b0b3de69e,292f7fdb-c680-4332-959b-9c8cc25eb7f9,c1,DROP,682,?,x7,
1769471099.0171423,RECEIVED,f111582f-efb5-420e-bc1b-3b186f2a09a1,e6fc1c52-cb6d-4a24-91f8-cb3141f2edfe,c3,DROP,1007,e6,?,
1769471099.1097076,RECEIVED,a00cd03a-7e69-4b3b-916b-e25d317b7f46,79fd3c4b-3af9-47a9-945e-3b170361a2d1,c4,DROP,1011,e5,?,
1769471099.1177652,SENT,4375661f-187f-4038-a3f2-4437f69c9017,feac896c-68e2-4d0e-a7ec-aa7aae4121f0,c4,DROP,685,?,x1,
1769471099.117808,FORWARDED,4375661f-187f-4038-a3f2-4437f69c9017,feac896c-68e2-4d0e-a7ec-aa7aae4121f0,c4,DROP,685,?,x1,
1769471099.12129,RECEIVED,29d64e9f-b81c-4f18-9596-c3b825e8f6ab,a4b89d35-51ea-47fc-b37f-8df1b1e9f10a,c4,DROP,1011,e10,?,
1769471099.26823,RECEIVED,c645f896-8efb-4203-867f-b8447ba309d3,13e7dcb2-814e-45e9-a554-1eddf3a18c76,c4,DROP,441,x8,?,
1769471099.3409686,SENT,cc7686d7-7846-481c-8fb9-76358f723183,aff86c10-ec86-4a33-a725-2d8d229d41bd,c4,c3,1252,?,x9,
1769471099.341012,FORWARDED,cc7686d7-7846-481c-8fb9-76358f723183,aff86c10-ec86-4a33-a725-2d8d229d41bd,c4,c3,1252,?,x9,
1769471099.4262462,SENT,328f8d9b-2754-4494-941d-011ef4388e9e,4ca6183d-0196-4aeb-8a76-a6873bb93679,c2,DROP,689,?,x6,
1769471099.4262872,FORWARDED,328f8d9b-2754-4494-941d-011ef4388e9e,4ca6183d-0196-4aeb-8a76-a6873bb93679,c2,DROP,689,?,x6,
1769471099.500247,RECEIVED,d2846097-66da-48f1-ac50-e620a3d144ce,2ae7a171-4515-48d9-88bf-257d45b317fe,c1,c3,1775,e5,?,
1769471099.534341,SENT,d2846097-66da-48f1-ac50-e620a3d144ce,2ae7a171-4515-48d9-88bf-257d45b317fe,c1,c3,1259,?,x8,
1769471099.534593,FORWARDED,d2846097-66da-48f1-ac50-e620a3d144ce,2ae7a171-4515-48d9-88bf-257d45b317fe,c1,c3,1259,?,x8,
1769471099.5705574,SENT,a00cd03a-7e69-4b3b-916b-e25d317b7f46,79fd3c4b-3af9-47a9-945e-3b170361a2d1,c4,DROP,686,?,x3,
1769471099.5706003,FORWARDED,a00cd03a-7e69-4b3b-916b-e25d317b7f46,79fd3c4b-3af9-47a9-945e-3b170361a2d1,c4,DROP,686,?,x3,
1769471099.8586154,RECEIVED,3e10c72d-377b-4148-93d7-b29dee8dff1f,e7cbdc74-4320-4d53-8cf8-f72dafd1f3be,c4,DROP,1007,e5,?,
1769471099.8807988,SENT,29d64e9f-b81c-4f18-9596-c3b825e8f6ab,a4b89d35-51ea-47fc-b37f-8df1b1e9f10a,c4,DROP,685,?,x7,
1769471099.8808362,FORWARDED,29d64e9f-b81c-4f18-9596-c3b825e8f6ab,a4b89d35-51ea-47fc-b37f-8df1b1e9f10a,c4,DROP,685,?,x7,
1769471099.9901376,SENT,f111582f-efb5-420e-bc1b-3b186f2a09a1,e6fc1c52-cb6d-4a24-91f8-cb3141f2edfe,c3,DROP,683,?,x4,
1769471099.990183,FORWARDED,f111582f-efb5-420e-bc1b-3b186f2a09a1,e6fc1c52-cb6d-4a24-91f8-cb3141f2edfe,c3,DROP,683,?,x4,
1769471100.052528,RECEIVED,a2962fbb-affa-49de-a60d-2a83b1c3dab4,4ac3660d-4e41-46d6-815c-beac12456293,c3,DROP,1008,e3,?,
1769471100.0951524,RECEIVED,db38329e-4149-4ddd-b960-931f915ac325,c534b10f-f598-4eb3-af68-69a5742e7738,c3,DROP,1012,e9,?,
1769471100.1186678,SENT,a2962fbb-affa-49de-a60d-2a83b1c3dab4,4ac3660d-4e41-46d6-815c-beac12456293,c3,DROP,684,?,x7,
1769471100.1187088,FORWARDED,a2962fbb-affa-49de-a60d-2a83b1c3dab4,4ac3660d-4e41-46d6-815c-beac12456293,c3,DROP,684,?,x7,
1769471100.1882918,SENT,db38329e-4149-4ddd-b960-931f915ac325,c534b10f-f598-4eb3-af68-69a5742e7738,c3,DROP,687,?,x9,
1769471100.188333,FORWARDED,db38329e-4149-4ddd-b960-931f915ac325,c534b10f-f598-4eb3-af68-69a5742e7738,c3,DROP,687,?,x9,
1769471100.2539606,RECEIVED,02ac66c6-2fd4-411e-b96c-881c7d0aacf3,b1f393e7-4b84-4a24-9478-3d5225ae2f23,c1,DROP,1016,e2,?,
1769471100.3336844,SENT,3e10c72d-377b-4148-93d7-b29dee8dff1f,e7cbdc74-4320-4d53-8cf8-f72dafd1f3be,c4,DROP,684,?,x4,
1769471100.3337362,FORWARDED,3e10c72d-377b-4148-93d7-b29dee8dff1f,e7cbdc74-4320-4d53-8cf8-f72dafd1f3be,c4,DROP,684,?,x4,
1769471100.3870702,RECEIVED,cfb2ca1a-9605-46bd-93ec-8b47eae63760,5155b84e-506d-47e3-b0d9-2a736f58a08a,c2,DROP,1007,e6,?,
1769471100.7130258,RECEIVED,1f8be6d7-f0c4-49b2-9c74-136c360c17e8,22fbd7e7-9016-4241-a5e5-dd5054c1b393,c4,DROP,1008,e5,?,
1769471100.7963715,SENT,1f8be6d7-f0c4-49b2-9c74-136c360c17e8,22fbd7e7-9016-4241-a5e5-dd5054c1b393,c4,DROP,683,?,x9,
1769471100.7964132,FORWARDED,1f8be6d7-f0c4-49b2-9c74-136c360c17e8,22fbd7e7-9016-4241-a5e5-dd5054c1b393,c4,DROP,683,?,x9,
1769471100.829169,RECEIVED,a7ddefb5-e9a1-4589-801b-06164d3120cd,66da5838-ede8-4589-8243-1e14517a9675,c5,DROP,1016,e6,?,
1769471100.9164238,RECEIVED,7455512e-d5cb-416b-8bf9-8661261c734d,960655db-8a5a-4885-9975-29ea17f44e12,c5,DROP,1013,e10,?,
1769471100.9514194,SENT,cfb2ca1a-9605-46bd-93ec-8b47eae63760,5155b84e-506d-47e3-b0d9-2a736f58a08a,c2,DROP,684,?,x1,
1769471100.9514687,FORWARDED,cfb2ca1a-9605-46bd-93ec-8b47eae63760,5155b84e-506d-47e3-b0d9-2a736f58a08a,c2,DROP,684,?,x1,
1769471100.9561446,SENT,02ac66c6-2fd4-411e-b96c-881c7d0aacf3,b1f393e7-4b84-4a24-9478-3d5225ae2f23,c1,DROP,688,?,x10,
1769471100.9561858,FORWARDED,02ac66c6-2fd4-411e-b96c-881c7d0aacf3,b1f393e7-4b84-4a24-9478-3d5225ae2f23,c1,DROP,688,?,x10,
1769471101.0306804,RECEIVED,0e04e1a7-47a7-47b6-aada-b67acc92324e,c504e494-0eab-4e88-9a37-b325da876f08,c5,DROP,1007,e11,?,
1769471101.0690973,SENT,a7ddefb5-e9a1-4589-801b-06164d3120cd,66da5838-ede8-4589-8243-1e14517a9675,c5,DROP,688,?,x5,
1769471101.069141,FORWARDED,a7ddefb5-e9a1-4589-801b-06164d3120cd,66da5838-ede8-4589-8243-1e14517a9675,c5,DROP,688,?,x5,
1769471101.3220909,RECEIVED,3dc022c6-ba54-45e0-9090-d21fd69d5bdf,572c2458-2223-4a99-b687-6f9f140de425,c1,None,1604,e6,?,
1769471101.421023,RECEIVED,fb093d9d-0847-4f1e-a23f-41b93050351d,020cb50d-2531-406a-9895-68b62db84308,c4,c3,1767,e2,?,
1769471101.4422443,RECEIVED,22b161be-fd50-4a2f-8042-a655b7e2b385,0f569d3c-ca9a-499c-ab3d-4c5f61dd994f,c4,DROP,1020,e12,?,
1769471101.4709246,SENT,3dc022c6-ba54-45e0-9090-d21fd69d5bdf,572c2458-2223-4a99-b687-6f9f140de425,c1,None,1131,?,x9,
1769471101.4709666,FORWARDED,3dc022c6-ba54-45e0-9090-d21fd69d5bdf,572c2458-2223-4a99-b687-6f9f140de425,c1,None,1131,?,x9,
1769471101.5181751,RECEIVED,39476143-e62c-45fc-99c7-921ea394a606,65581d07-3a24-43b4-b974-6a9c93aa8ad3,c1,DROP,1011,e5,?,
1769471101.842841,RECEIVED,fff3f9ed-b104-49fa-9bf7-f26605b0670b,abafa59d-5184-40ad-88ca-d5ec6f240491,c4,DROP,1006,e6,?,
1769471101.8526592,SENT,fb093d9d-0847-4f1e-a23f-41b93050351d,020cb50d-2531-406a-9895-68b62db84308,c4,c3,1252,?,x7,
1769471101.852703,FORWARDED,fb093d9d-0847-4f1e-a23f-41b93050351d,020cb50d-2531-406a-9895-68b62db84308,c4,c3,1252,?,x7,
1769471101.861565,SENT,22b161be-fd50-4a2f-8042-a655b7e2b385,0f569d3c-ca9a-499c-ab3d-4c5f61dd994f,c4,DROP,692,?,x10,
1769471101.861606,FORWARDED,22b161be-fd50-4a2f-8042-a655b7e2b385,0f569d3c-ca9a-499c-ab3d-4c5f61dd994f,c4,DROP,692,?,x10,
1769471101.8919466,RECEIVED,d9ef917d-f003-4b86-befa-24deabf23ef0,15f63cea-6875-42b4-82a0-101cbdf790db,c3,DROP,1011,e9,?,
1769471101.9713187,RECEIVED,0a32d8e9-cd2f-4c2c-9fd4-7725cabecf2d,6a9974d9-0e72-4b1b-bbc9-a985986c1ff5,c5,DROP,1010,e11,?,
1769471102.0670683,SENT,0a32d8e9-cd2f-4c2c-9fd4-7725cabecf2d,6a9974d9-0e72-4b1b-bbc9-a985986c1ff5,c5,DROP,684,?,x3,
1769471102.0671794,FORWARDED,0a32d8e9-cd2f-4c2c-9fd4-7725cabecf2d,6a9974d9-0e72-4b1b-bbc9-a985986c1ff5,c5,DROP,684,?,x3,
1769471102.0833685,RECEIVED,a91f7116-0168-423d-9abd-dd95f6f4440d,6a1b77aa-57a1-4c26-b8d5-43ef6dd2bda2,c4,c3,1773,e1,?,
1769471102.116313,SENT,a91f7116-0168-423d-9abd-dd95f6f4440d,6a1b77aa-57a1-4c26-b8d5-43ef6dd2bda2,c4,c3,1256,?,x1,
1769471102.1163547,FORWARDED,a91f7116-0168-423d-9abd-dd95f6f4440d,6a1b77aa-57a1-4c26-b8d5-43ef6dd2bda2,c4,c3,1256,?,x1,
1769471102.117995,SENT,0e04e1a7-47a7-47b6-aada-b67acc92324e,c504e494-0eab-4e88-9a37-b325da876f08,c5,DROP,684,?,x3,
1769471102.118037,FORWARDED,0e04e1a7-47a7-47b6-aada-b67acc92324e,c504e494-0eab-4e88-9a37-b325da876f08,c5,DROP,684,?,x3,
1769471102.2825222,SENT,39476143-e62c-45fc-99c7-921ea394a606,65581d07-3a24-43b4-b974-6a9c93aa8ad3,c1,DROP,686,?,x2,
1769471102.282562,FORWARDED,39476143-e62c-45fc-99c7-921ea394a606,65581d07-3a24-43b4-b974-6a9c93aa8ad3,c1,DROP,686,?,x2,
1769471102.328064,SENT,fff3f9ed-b104-49fa-9bf7-f26605b0670b,abafa59d-5184-40ad-88ca-d5ec6f240491,c4,DROP,683,?,x6,
1769471102.328108,FORWARDED,fff3f9ed-b104-49fa-9bf7-f26605b0670b,abafa59d-5184-40ad-88ca-d5ec6f240491,c4,DROP,683,?,x6,
1769471102.3636477,RECEIVED,3e08b7aa-f02f-4924-970e-0131fd829a1a,01ece1d0-39c6-442e-a544-d8156b870175,c2,DROP,1018,e12,?,
1769471102.6636956,RECEIVED,5692afe3-3c4b-4d24-a1ce-0550deebe397,c23307fa-63f6-45b9-8dc9-d61b738a74cb,c5,DROP,1015,e7,?,
1769471102.7334607,RECEIVED,e2ff1e1e-b6aa-4840-8323-efb514e6c434,0eee4cca-a6ab-4159-9575-0d8dffd856d6,c2,DROP,1013,e10,?,
1769471102.900234,RECEIVED,0b486684-4408-46ee-828b-9dedee7e9e9f,fb230240-ea9f-4974-8bf3-989938240d16,c3,c1,1775,e1,?,
1769471102.9145033,RECEIVED,2adba66f-2210-4fce-9177-c3fb0d862538,fe51c0ca-5012-4fd4-aa6d-da34d224e2ad,c5,DROP,1007,e5,?,
1769471102.9382236,SENT,7455512e-d5cb-416b-8bf9-8661261c734d,960655db-8a5a-4885-9975-29ea17f44e12,c5,DROP,689,?,x7,
1769471102.9382627,FORWARDED,7455512e-d5cb-416b-8bf9-8661261c734d,960655db-8a5a-4885-9975-29ea17f44e12,c5,DROP,689,?,x7,
1769471102.96668,RECEIVED,9b0eaf88-9f8d-4a00-80e6-d053e7594c6b,aadb7710-4539-45b0-8c6a-0e927d4fdbdb,c5,DROP,440,x4,?,
1769471103.024638,SENT,e2ff1e1e-b6aa-4840-8323-efb514e6c434,0eee4cca-a6ab-4159-9575-0d8dffd856d6,c2,DROP,685,?,x11,
1769471103.0246747,FORWARDED,e2ff1e1e-b6aa-4840-8323-efb514e6c434,0eee4cca-a6ab-4159-9575-0d8dffd856d6,c2,DROP,685,?,x11,
1769471103.1329064,RECEIVED,2c920f49-3a2f-41af-8d8c-f3d3a76bc9e5,8aeb06ba-ceff-4224-b82f-0e00db5e5ac6,c5,DROP,1021,e11,?,
1769471103.1653678,SENT,0b486684-4408-46ee-828b-9dedee7e9e9f,fb230240-ea9f-4974-8bf3-989938240d16,c3,c1,1259,?,x1,
1769471103.165409,FORWARDED,0b486684-4408-46ee-828b-9dedee7e9e9f,fb230240-ea9f-4974-8bf3-989938240d16,c3,c1,1259,?,x1,
1769471103.2334316,RECEIVED,ed78f4dd-eb71-4e44-a912-c1a1bdc5cbb3,ed97d282-4c67-4d11-8e77-491974d535e6,c4,c3,1777,e10,?,
1769471103.3333032,SENT,ed78f4dd-eb71-4e44-a912-c1a1bdc5cbb3,ed97d282-4c67-4d11-8e77-491974d535e6,c4,c3,1260,?,x10,
1769471103.3333468,FORWARDED,ed78f4dd-eb71-4e44-a912-c1a1bdc5cbb3,ed97d282-4c67-4d11-8e77-491974d535e6,c4,c3,1260,?,x10,
1769471103.350695,SENT,d9ef917d-f003-4b86-befa-24deabf23ef0,15f63cea-6875-42b4-82a0-101cbdf790db,c3,DROP,687,?,x3,
1769471103.3507373,FORWARDED,d9ef917d-f003-4b86-befa-24deabf23ef0,15f63cea-6875-42b4-82a0-101cbdf790db,c3,DROP,687,?,x3,
1769471103.371839,SENT,2c920f49-3a2f-41af-8d8c-f3d3a76bc9e5,8aeb06ba-ceff-4224-b82f-0e00db5e5ac6,c5,DROP,691,?,x12,
1769471103.3718812,FORWARDED,2c920f49-3a2f-41af-8d8c-f3d3a76bc9e5,8aeb06ba-ceff-4224-b82f-0e00db5e5ac6,c5,DROP,691,?,x12,
1769471103.513193,SENT,2adba66f-2210-4fce-9177-c3fb0d862538,fe51c0ca-5012-4fd4-aa6d-da34d224e2ad,c5,DROP,684,?,x9,
1769471103.513233,FORWARDED,2adba66f-2210-4fce-9177-c3fb0d862538,fe51c0ca-5012-4fd4-aa6d-da34d224e2ad,c5,DROP,684,?,x9,
1769471103.6159227,RECEIVED,ab437201-0fe6-4826-9988-94149495162f,8d12b5de-e76a-46e8-85e4-383f6cef2816,c5,DROP,1015,e3,?,
1769471103.6234343,RECEIVED,e84ce26d-5f06-476d-812e-870cfaefc51e,ad95cdf0-4b7a-4817-8c5a-ba9c5cc36abb,c4,DROP,1016,e11,?,
1769471103.72055,SENT,e84ce26d-5f06-476d-812e-870cfaefc51e,ad95cdf0-4b7a-4817-8c5a-ba9c5cc36abb,c4,DROP,688,?,x3,
1769471103.7205918,FORWARDED,e84ce26d-5f06-476d-812e-870cfaefc51e,ad95cdf0-4b7a-4817-8c5a-ba9c5cc36abb,c4,DROP,688,?,x3,
1769471103.732492,RECEIVED,087c5d49-c870-47ef-8137-e75b8b64e072,00fb18c1-0487-4e46-9e85-0d610745117a,c2,DROP,1003,e10,?,
1769471103.753432,RECEIVED,dc3cabbc-b370-4546-b3f7-34667704509f,4eae4452-8a72-4321-9eb8-63be929d4001,c3,DROP,1008,e7,?,
1769471103.8360083,SENT,3e08b7aa-f02f-4924-970e-0131fd829a1a,01ece1d0-39c6-442e-a544-d8156b870175,c2,DROP,692,?,x3,
1769471103.8360443,FORWARDED,3e08b7aa-f02f-4924-970e-0131fd829a1a,01ece1d0-39c6-442e-a544-d8156b870175,c2,DROP,692,?,x3,
1769471103.86155,SENT,dc3cabbc-b370-4546-b3f7-34667704509f,4eae4452-8a72-4321-9eb8-63be929d4001,c3,DROP,684,?,x5,
1769471103.8616042,FORWARDED,dc3cabbc-b370-4546-b3f7-34667704509f,4eae4452-8a72-4321-9eb8-63be929d4001,c3,DROP,684,?,x5,
1769471103.8836951,SENT,5692afe3-3c4b-4d24-a1ce-0550deebe397,c23307fa-63f6-45b9-8dc9-d61b738a74cb,c5,DROP,689,?,x7,
1769471103.8837373,FORWARDED,5692afe3-3c4b-4d24-a1ce-0550deebe397,c23307fa-63f6-45b9-8dc9-d61b738a74cb,c5,DROP,689,?,x7,
1769471103.9621048,SENT,ab437201-0fe6-4826-9988-94149495162f,8d12b5de-e76a-46e8-85e4-383f6cef2816,c5,DROP,688,?,x3,
1769471103.962146,FORWARDED,ab437201-0fe6-4826-9988-94149495162f,8d12b5de-e76a-46e8-85e4-383f6cef2816,c5,DROP,688,?,x3,
1769471104.0726323,RECEIVED,d0da1bba-dc8e-4330-9378-1733c31681f5,89e2615d-2cc3-4924-a8a7-ac51b0caf67d,c4,DROP,1013,e5,?,
1769471104.0741074,RECEIVED,7feaec90-e758-487c-96c5-5e6514636c07,1232ca1b-ae5d-46ca-a6ba-0416ce702c3c,c4,DROP,1009,e2,?,
1769471104.169898,SENT,d0da1bba-dc8e-4330-9378-1733c31681f5,89e2615d-2cc3-4924-a8a7-ac51b0caf67d,c4,DROP,687,?,x8,
1769471104.1699395,FORWARDED,d0da1bba-dc8e-4330-9378-1733c31681f5,89e2615d-2cc3-4924-a8a7-ac51b0caf67d,c4,DROP,687,?,x8,
1769471104.1729803,SENT,7feaec90-e758-487c-96c5-5e6514636c07,1232ca1b-ae5d-46ca-a6ba-0416ce702c3c,c4,DROP,684,?,x11,
1769471104.1730216,FORWARDED,7feaec90-e758-487c-96c5-5e6514636c07,1232ca1b-ae5d-46ca-a6ba-0416ce702c3c,c4,DROP,684,?,x11,
1769471104.3177173,RECEIVED,c1c4a760-fd44-4efa-a66b-efe074171182,1ea73034-146e-4ae6-890a-08a02980dffd,c5,DROP,438,x8,?,
1769471104.3628092,RECEIVED,3e394eb2-d950-4882-b80c-33f80b0bbb17,6a918d46-5d38-4b6c-84af-b0300342de3b,c1,DROP,1004,e4,?,
1769471104.3663576,SENT,087c5d49-c870-47ef-8137-e75b8b64e072,00fb18c1-0487-4e46-9e85-0d610745117a,c2,DROP,680,?,x9,
1769471104.3663976,FORWARDED,087c5d49-c870-47ef-8137-e75b8b64e072,00fb18c1-0487-4e46-9e85-0d610745117a,c2,DROP,680,?,x9,
1769471104.4273589,SENT,3e394eb2-d950-4882-b80c-33f80b0bbb17,6a918d46-5d38-4b6c-84af-b0300342de3b,c1,DROP,680,?,x6,
1769471104.4274006,FORWARDED,3e394eb2-d950-4882-b80c-33f80b0bbb17,6a918d46-5d38-4b6c-84af-b0300342de3b,c1,DROP,680,?,x6,
1769471104.5063417,RECEIVED,19f585bb-6ff8-4778-9cd8-5e10ce4f581d,48fc58ee-d71b-4431-9494-cebd373a307a,c2,c4,1776,e3,?,
1769471104.5863683,RECEIVED,9206dc0f-6a75-4521-ab2b-51d616a1b7f8,e80fe8a8-6e86-443a-8949-b5739b5debc6,c1,DROP,1016,e6,?,
1769471104.655472,RECEIVED,93aa8d5b-4fbf-472f-8e81-269df9babb5f,914771c1-4ec8-4623-8580-ae43130d2819,c1,c3,1779,e6,?,
1769471104.764434,SENT,19f585bb-6ff8-4778-9cd8-5e10ce4f581d,48fc58ee-d71b-4431-9494-cebd373a307a,c2,c4,1260,?,x2,
1769471104.764475,FORWARDED,19f585bb-6ff8-4778-9cd8-5e10ce4f581d,48fc58ee-d71b-4431-9494-cebd373a307a,c2,c4,1260,?,x2,
1769471104.839731,RECEIVED,319e683d-3874-42a9-afe2-b7ccbbdbacdd,31ba6f5f-dd89-4818-83d2-be2cafb741cf,c5,DROP,1015,e3,?,
1769471104.8750033,SENT,9206dc0f-6a75-4521-ab2b-51d616a1b7f8,e80fe8a8-6e86-443a-8949-b5739b5debc6,c1,DROP,688,?,x1,
1769471104.875065,FORWARDED,9206dc0f-6a75-4521-ab2b-51d616a1b7f8,e80fe8a8-6e86-443a-8949-b5739b5debc6,c1,DROP,688,?,x1,
1769471104.9420233,RECEIVED,8452d2c2-bd98-4a5c-adfb-f942bf617ba6,bf4a2dad-9f68-4187-a13b-1f086035eab5,c5,DROP,1015,e6,?,
1769471104.9683418,RECEIVED,927335ba-056a-4e13-b290-90e9cf6cb73c,a03e6a5b-b9d5-42a9-86cb-e23130e3919a,c1,c3,1758,e6,?,
1769471104.9798863,RECEIVED,e93ba296-d081-4a4f-b6aa-3eec81784476,f633894a-e9fb-4f38-b455-308cc45badd5,c2,DROP,1012,e12,?,
1769471105.039561,SENT,319e683d-3874-42a9-afe2-b7ccbbdbacdd,31ba6f5f-dd89-4818-83d2-be2cafb741cf,c5,DROP,688,?,x12,
1769471105.0396006,FORWARDED,319e683d-3874-42a9-afe2-b7ccbbdbacdd,31ba6f5f-dd89-4818-83d2-be2cafb741cf,c5,DROP,688,?,x12,
1769471105.0664568,RECEIVED,9c66f8b7-ca91-4e6b-ab85-e9b810411a92,11836c0f-f263-496d-b4a6-7503fd17d777,c4,DROP,1020,e11,?,
1769471105.0774434,RECEIVED,2d6881de-7465-4c13-bfda-4f44ead1cc3f,f734c69a-7b85-4cb0-bc84-9edde9bad522,c4,DROP,1007,e8,?,
1769471105.2236662,RECEIVED,4cace360-507e-4e2d-9710-fab19efc81eb,b80181df-c9f7-4e6f-89b3-bd96e4010da6,c4,DROP,438,x3,?,
1769471105.255516,SENT,93aa8d5b-4fbf-472f-8e81-269df9babb5f,914771c1-4ec8-4623-8580-ae43130d2819,c1,c3,1263,?,x5,
1769471105.2555692,FORWARDED,93aa8d5b-4fbf-472f-8e81-269df9babb5f,914771c1-4ec8-4623-8580-ae43130d2819,c1,c3,1263,?,x5,
1769471105.2685597,SENT,927335ba-056a-4e13-b290-90e9cf6cb73c,a03e6a5b-b9d5-42a9-86cb-e23130e3919a,c1,c3,1248,?,x2,
1769471105.2686017,FORWARDED,927335ba-056a-4e13-b290-90e9cf6cb73c,a03e6a5b-b9d5-42a9-86cb-e23130e3919a,c1,c3,1248,?,x2,
1769471105.296388,SENT,2d6881de-7465-4c13-bfda-4f44ead1cc3f,f734c69a-7b85-4cb0-bc84-9edde9bad522,c4,DROP,684,?,x8,
1769471105.2964299,FORWARDED,2d6881de-7465-4c13-bfda-4f44ead1cc3f,f734c69a-7b85-4cb0-bc84-9edde9bad522,c4,DROP,684,?,x8,
1769471105.3164165,SENT,e93ba296-d081-4a4f-b6aa-3eec81784476,f633894a-e9fb-4f38-b455-308cc45badd5,c2,DROP,686,?,x10,
1769471105.3164582,FORWARDED,e93ba296-d081-4a4f-b6aa-3eec81784476,f633894a-e9fb-4f38-b455-308cc45badd5,c2,DROP,686,?,x10,
1769471105.320387,SENT,9c66f8b7-ca91-4e6b-ab85-e9b810411a92,11836c0f-f263-496d-b4a6-7503fd17d777,c4,DROP,693,?,x6,
1769471105.3204281,FORWARDED,9c66f8b7-ca91-4e6b-ab85-e9b810411a92,11836c0f-f263-496d-b4a6-7503fd17d777,c4,DROP,693,?,x6,
1769471105.328387,RECEIVED,c98d6a68-e45d-4b03-b991-b0012fba38f4,959d6382-5b33-455a-8909-fd71127c172b,c3,None,1603,e10,?,
1769471105.6196942,SENT,c98d6a68-e45d-4b03-b991-b0012fba38f4,959d6382-5b33-455a-8909-fd71127c172b,c3,None,1131,?,x6,
1769471105.6197383,FORWARDED,c98d6a68-e45d-4b03-b991-b0012fba38f4,959d6382-5b33-455a-8909-fd71127c172b,c3,None,1131,?,x6,
1769471105.633227,SENT,8452d2c2-bd98-4a5c-adfb-f942bf617ba6,bf4a2dad-9f68-4187-a13b-1f086035eab5,c5,DROP,689,?,x9,
1769471105.6332679,FORWARDED,8452d2c2-bd98-4a5c-adfb-f942bf617ba6,bf4a2dad-9f68-4187-a13b-1f086035eab5,c5,DROP,689,?,x9,
1769471105.7063177,RECEIVED,c2fe59ce-290e-45f1-8889-90ab4bb49a8e,f9988229-b144-4e8b-a335-c9257e2b7e7f,c1,DROP,1008,e11,?,
1769471105.8187187,RECEIVED,d8f541ca-1004-4038-ac05-e0bf461c170d,1b238ad0-0623-4514-81ca-7562b7dbb870,c3,DROP,1009,e8,?,
1769471105.8546264,SENT,c2fe59ce-290e-45f1-8889-90ab4bb49a8e,f9988229-b144-4e8b-a335-c9257e2b7e7f,c1,DROP,684,?,x3,
1769471105.8546693,FORWARDED,c2fe59ce-290e-45f1-8889-90ab4bb49a8e,f9988229-b144-4e8b-a335-c9257e2b7e7f,c1,DROP,684,?,x3,
1769471105.9674573,RECEIVED,aa00cab5-66e7-4838-8005-ef203aaa8d2d,e75cfd7d-03dc-4d0e-9c99-48c0e800a108,c4,DROP,436,x9,?,
1769471105.9960825,SENT,d8f541ca-1004-4038-ac05-e0bf461c170d,1b238ad0-0623-4514-81ca-7562b7dbb870,c3,DROP,683,?,x11,
1769471105.9961252,FORWARDED,d8f541ca-1004-4038-ac05-e0bf461c170d,1b238ad0-0623-4514-81ca-7562b7dbb870,c3,DROP,683,?,x11,
1769471106.014971,RECEIVED,f9e9ac67-f7ed-4307-a175-9b0422421450,b52ada7f-20cb-4ae4-b549-7d9dc8430854,c4,DROP,1010,e8,?,
1769471106.0979831,SENT,f9e9ac67-f7ed-4307-a175-9b0422421450,b52ada7f-20cb-4ae4-b549-7d9dc8430854,c4,DROP,684,?,x11,
1769471106.0980208,FORWARDED,f9e9ac67-f7ed-4307-a175-9b0422421450,b52ada7f-20cb-4ae4-b549-7d9dc8430854,c4,DROP,684,?,x11,
1769471106.2433462,RECEIVED,9973d8b9-1ea2-4039-897f-fbfa6e8a1714,9e6cf959-7647-4160-8a4b-4714ece1fadc,c3,c1,1759,e1,?,
1769471106.2893133,RECEIVED,c65244b4-fb71-400b-9f76-bcd30cc30828,159d84bf-8128-4ebe-8c81-334c18f6de1b,c3,DROP,441,x9,?,
1769471106.3186724,RECEIVED,cde7da0a-6e55-4ef1-b379-c4b1b5f91889,2b4b862e-8d50-4282-9e4e-0b2f28e0dbda,c2,DROP,1003,e11,?,
1769471106.5897677,RECEIVED,16b8dfe1-64cf-4d02-857f-0b4812ad0669,39aa63d8-9835-49a5-96a8-9189c102dd97,c1,c3,1775,e3,?,
1769471106.6001155,RECEIVED,7305cdc9-9a1f-45e5-b417-2e998ac44ade,e3d343f1-0468-4688-984f-522656dc9f99,c2,DROP,1008,e5,?,
1769471106.6267138,SENT,cde7da0a-6e55-4ef1-b379-c4b1b5f91889,2b4b862e-8d50-4282-9e4e-0b2f28e0dbda,c2,DROP,680,?,x3,
1769471106.6267493,FORWARDED,cde7da0a-6e55-4ef1-b379-c4b1b5f91889,2b4b862e-8d50-4282-9e4e-0b2f28e0dbda,c2,DROP,680,?,x3,
1769471106.6666017,RECEIVED,42dc5d76-8966-42b2-8dbf-0f395b023902,81b51224-c46b-46d3-b6af-5c67a6d0b9cc,c4,c3,1780,e7,?,
1769471106.6787086,RECEIVED,35740a19-d4fd-4b10-b657-0de330f520e1,f680a820-5409-4880-a74c-6adb164e42a2,c2,DROP,1013,e12,?,
1769471106.7290552,SENT,35740a19-d4fd-4b10-b657-0de330f520e1,f680a820-5409-4880-a74c-6adb164e42a2,c2,DROP,687,?,x10,
1769471106.7291083,FORWARDED,35740a19-d4fd-4b10-b657-0de330f520e1,f680a820-5409-4880-a74c-6adb164e42a2,c2,DROP,687,?,x10,
1769471106.7328997,RECEIVED,0b5cf06a-bd23-432a-82cf-216b219fa1a8,6ebebe4d-5054-4c6d-b909-cbbf0ef41e1b,c3,None,1596,e1,?,
1769471106.833936,SENT,0b5cf06a-bd23-432a-82cf-216b219fa1a8,6ebebe4d-5054-4c6d-b909-cbbf0ef41e1b,c3,None,1123,?,x8,
1769471106.8339756,FORWARDED,0b5cf06a-bd23-432a-82cf-216b219fa1a8,6ebebe4d-5054-4c6d-b909-cbbf0ef41e1b,c3,None,1123,?,x8,
1769471106.8851166,RECEIVED,27af2fc9-463e-456f-8b6c-79c154edbe11,7ffd65d8-bbf7-40c3-b9a8-e475e9403e3d,c4,DROP,1015,e6,?,
1769471106.8857784,SENT,42dc5d76-8966-42b2-8dbf-0f395b023902,81b51224-c46b-46d3-b6af-5c67a6d0b9cc,c4,c3,1263,?,x10,
1769471106.8858151,FORWARDED,42dc5d76-8966-42b2-8dbf-0f395b023902,81b51224-c46b-46d3-b6af-5c67a6d0b9cc,c4,c3,1263,?,x10,
1769471106.9095988,SENT,7305cdc9-9a1f-45e5-b417-2e998ac44ade,e3d343f1-0468-4688-984f-522656dc9f99,c2,DROP,684,?,x12,
1769471106.9096427,FORWARDED,7305cdc9-9a1f-45e5-b417-2e998ac44ade,e3d343f1-0468-4688-984f-522656dc9f99,c2,DROP,684,?,x12,
1769471106.980841,RECEIVED,9fec7750-4dc9-441c-9b25-f0a5a9467dba,0697b7b5-dac6-48ac-82ec-4a13d01aaefe,c1,DROP,442,x3,?,
1769471106.9921832,RECEIVED,2886972d-796c-490b-af8d-e805bb2e9890,3e9e4278-45c3-4a89-ab8e-3268fed45f0b,c4,DROP,443,x1,?,
1769471107.0076394,SENT,9973d8b9-1ea2-4039-897f-fbfa6e8a1714,9e6cf959-7647-4160-8a4b-4714ece1fadc,c3,c1,1247,?,x8,
1769471107.0076807,FORWARDED,9973d8b9-1ea2-4039-897f-fbfa6e8a1714,9e6cf959-7647-4160-8a4b-4714ece1fadc,c3,c1,1247,?,x8,
1769471107.1651552,RECEIVED,ec12676e-76cc-4b76-9875-b27d51a225e4,c6134069-e82a-493d-a700-cbe63a75f7f5,c5,DROP,1010,e6,?,
1769471107.182574,SENT,ec12676e-76cc-4b76-9875-b27d51a225e4,c6134069-e82a-493d-a700-cbe63a75f7f5,c5,DROP,684,?,x12,
1769471107.183043,FORWARDED,ec12676e-76cc-4b76-9875-b27d51a225e4,c6134069-e82a-493d-a700-cbe63a75f7f5,c5,DROP,684,?,x12,
1769471107.2745118,RECEIVED,d493ba3c-9251-4dd6-a7ec-e894938f66d3,b1c618a8-e3d8-45bf-aa24-35772e091803,c5,c1,1779,e10,?,
1769471107.2908006,RECEIVED,087646a1-bba2-4c5d-942c-5f51d33fa633,fc138cd9-84e3-4f28-afb0-ac85ee0611f7,c4,DROP,1015,e4,?,
1769471107.3248885,RECEIVED,0135f7e9-9796-4a5e-b32b-4d3c95af00f2,fa0d614a-8eb9-4cd2-8d69-449536c031cd,c1,DROP,442,x4,?,
1769471107.3736732,RECEIVED,aa8ab430-b7be-4e8d-8e83-6954c9caea52,8072b021-a6e2-4cb3-baf9-a79957f95dab,c5,DROP,1021,e9,?,
1769471107.4482167,SENT,aa8ab430-b7be-4e8d-8e83-6954c9caea52,8072b021-a6e2-4cb3-baf9-a79957f95dab,c5,DROP,692,?,x11,
1769471107.4482553,FORWARDED,aa8ab430-b7be-4e8d-8e83-6954c9caea52,8072b021-a6e2-4cb3-baf9-a79957f95dab,c5,DROP,692,?,x11,
1769471107.5183449,RECEIVED,8a2b793c-e898-404c-9a45-2c5b14a726bb,3fae37c5-25c4-4d51-a9bb-aa903c16c034,c4,DROP,1013,e5,?,
1769471107.6359692,SENT,27af2fc9-463e-456f-8b6c-79c154edbe11,7ffd65d8-bbf7-40c3-b9a8-e475e9403e3d,c4,DROP,690,?,x6,
1769471107.6360078,FORWARDED,27af2fc9-463e-456f-8b6c-79c154edbe11,7ffd65d8-bbf7-40c3-b9a8-e475e9403e3d,c4,DROP,690,?,x6,
1769471107.6875737,RECEIVED,60908847-61b2-4010-97ae-ddf8ba526531,df1902dc-2736-48e2-a442-6d5df69dda23,c1,DROP,1017,e8,?,
1769471107.6974688,RECEIVED,ee37491c-c95a-40fe-9563-b059ec6e11a0,9a1fea47-ec31-489e-ab39-a4163758c2f1,c4,DROP,441,x7,?,
1769471107.7081807,RECEIVED,f741c956-f904-4647-b44a-e8e60e8778ae,04b7ee7a-9da3-4c29-a52f-c4f4c2926e8d,c2,DROP,442,x12,?,
1769471107.7270195,SENT,d493ba3c-9251-4dd6-a7ec-e894938f66d3,b1c618a8-e3d8-45bf-aa24-35772e091803,c5,c1,1263,?,x1,
1769471107.7270882,FORWARDED,d493ba3c-9251-4dd6-a7ec-e894938f66d3,b1c618a8-e3d8-45bf-aa24-35772e091803,c5,c1,1263,?,x1,
1769471107.7747483,SENT,8a2b793c-e898-404c-9a45-2c5b14a726bb,3fae37c5-25c4-4d51-a9bb-aa903c16c034,c4,DROP,687,?,x11,
1769471107.774789,FORWARDED,8a2b793c-e898-404c-9a45-2c5b14a726bb,3fae37c5-25c4-4d51-a9bb-aa903c16c034,c4,DROP,687,?,x11,
1769471107.7862954,RECEIVED,3bea6ade-e739-426e-abac-1567d109dce6,9b125307-7036-4f83-a38a-6b44ebf71d8a,c1,DROP,1021,e5,?,
1769471107.8446345,SENT,16b8dfe1-64cf-4d02-857f-0b4812ad0669,39aa63d8-9835-49a5-96a8-9189c102dd97,c1,c3,1260,?,x8,
1769471107.844669,FORWARDED,16b8dfe1-64cf-4d02-857f-0b4812ad0669,39aa63d8-9835-49a5-96a8-9189c102dd97,c1,c3,1260,?,x8,
1769471107.9664967,SENT,3bea6ade-e739-426e-abac-1567d109dce6,9b125307-7036-4f83-a38a-6b44ebf71d8a,c1,DROP,692,?,x10,
1769471107.9665413,FORWARDED,3bea6ade-e739-426e-abac-1567d109dce6,9b125307-7036-4f83-a38a-6b44ebf71d8a,c1,DROP,692,?,x10,
1769471108.0034277,RECEIVED,f551076b-5684-4e7f-b29a-6021954c846f,b452b913-5f38-4c66-b26d-1b695f3a5eb5,c1,DROP,1011,e10,?,
1769471108.0246406,SENT,60908847-61b2-4010-97ae-ddf8ba526531,df1902dc-2736-48e2-a442-6d5df69dda23,c1,DROP,689,?,x12,
1769471108.024685,FORWARDED,60908847-61b2-4010-97ae-ddf8ba526531,df1902dc-2736-48e2-a442-6d5df69dda23,c1,DROP,689,?,x12,
1769471108.1062863,RECEIVED,dc082648-1cda-4bbb-9e49-8c331cfdfcd8,ebb98be1-cbf9-4bf3-9197-be96ac54e748,c3,DROP,442,x7,?,
1769471108.1208627,RECEIVED,98e021ad-4810-4a30-802f-08d816e755d5,22d546ed-c6cf-42cc-aeda-55bcd4bedda1,c1,DROP,1008,e8,?,
1769471108.2233872,RECEIVED,31cbbece-5e8e-4283-83b4-2bba5b52946c,ac27ab28-d536-41e7-866c-7d82e06f838b,c5,DROP,1020,e12,?,
1769471108.2489574,SENT,98e021ad-4810-4a30-802f-08d816e755d5,22d546ed-c6cf-42cc-aeda-55bcd4bedda1,c1,DROP,684,?,x6,
1769471108.248999,FORWARDED,98e021ad-4810-4a30-802f-08d816e755d5,22d546ed-c6cf-42cc-aeda-55bcd4bedda1,c1,DROP,684,?,x6,
1769471108.4645503,RECEIVED,6b8a579f-ee1d-4d2b-a1f4-acddd2ff1393,b627288a-7cf9-4452-b035-a52ed2f32960,c2,DROP,1008,e4,?,
1769471108.5176764,SENT,f551076b-5684-4e7f-b29a-6021954c846f,b452b913-5f38-4c66-b26d-1b695f3a5eb5,c1,DROP,687,?,x8,
1769471108.5177176,FORWARDED,f551076b-5684-4e7f-b29a-6021954c846f,b452b913-5f38-4c66-b26d-1b695f3a5eb5,c1,DROP,687,?,x8,
1769471108.7541323,SENT,31cbbece-5e8e-4283-83b4-2bba5b52946c,ac27ab28-d536-41e7-866c-7d82e06f838b,c5,DROP,691,?,x12,
1769471108.754175,FORWARDED,31cbbece-5e8e-4283-83b4-2bba5b52946c,ac27ab28-d536-41e7-866c-7d82e06f838b,c5,DROP,691,?,x12,
1769471108.8928487,RECEIVED,6fcd6404-3f2b-4e42-bb30-15ea157f5794,ac394239-4932-4af9-a95c-914f875ab4be,c1,c3,1784,e10,?,
1769471108.9751396,SENT,6fcd6404-3f2b-4e42-bb30-15ea157f5794,ac394239-4932-4af9-a95c-914f875ab4be,c1,c3,1264,?,x2,
1769471108.975181,FORWARDED,6fcd6404-3f2b-4e42-bb30-15ea157f5794,ac394239-4932-4af9-a95c-914f875ab4be,c1,c3,1264,?,x2,
1769471108.9785318,RECEIVED,633a41e3-7329-4000-9cd7-7e9c909aa59b,c9e5afbe-1f16-401a-969d-8c6765b8d31e,c5,DROP,1021,e6,?,
1769471109.0495417,RECEIVED,755dfc2c-6fb8-4645-ba65-5fa7f6770401,12a2380b-2226-4099-ba62-42dee3c13dc3,c5,DROP,1020,e6,?,
1769471109.0514855,SENT,087646a1-bba2-4c5d-942c-5f51d33fa633,fc138cd9-84e3-4f28-afb0-ac85ee0611f7,c4,DROP,688,?,x3,
1769471109.0515249,FORWARDED,087646a1-bba2-4c5d-942c-5f51d33fa633,fc138cd9-84e3-4f28-afb0-ac85ee0611f7,c4,DROP,688,?,x3,
1769471109.057015,RECEIVED,6eed1ff9-adc7-44a2-91aa-47472c192445,624b6b4c-0f29-48ea-a2db-54ff2c446a9a,c1,None,1606,e7,?,
1769471109.125063,SENT,6b8a579f-ee1d-4d2b-a1f4-acddd2ff1393,b627288a-7cf9-4452-b035-a52ed2f32960,c2,DROP,683,?,x11,
1769471109.1251051,FORWARDED,6b8a579f-ee1d-4d2b-a1f4-acddd2ff1393,b627288a-7cf9-4452-b035-a52ed2f32960,c2,DROP,683,?,x11,
1769471109.2096393,RECEIVED,35e09e88-9a44-4585-98c3-b77517f63d8e,cdcc3481-7deb-4e4b-ac6a-8864000d6d4e,c5,DROP,1015,e12,?,
1769471109.257455,SENT,633a41e3-7329-4000-9cd7-7e9c909aa59b,c9e5afbe-1f16-401a-969d-8c6765b8d31e,c5,DROP,692,?,x12,
1769471109.2574909,FORWARDED,633a41e3-7329-4000-9cd7-7e9c909aa59b,c9e5afbe-1f16-401a-969d-8c6765b8d31e,c5,DROP,692,?,x12,
1769471109.2938895,RECEIVED,354607ed-ffc0-42e5-b003-0ed6b3fa42e2,c982fecb-7589-4c37-a87b-bf5c280ef798,c3,DROP,1008,e8,?,
1769471109.3520033,RECEIVED,6f2cedd6-7022-4fa3-9f67-829a6d0e0d28,c73ecd4a-c7f1-4445-83c6-f6463ab4411f,c3,DROP,1009,e2,?,
1769471109.355192,SENT,755dfc2c-6fb8-4645-ba65-5fa7f6770401,12a2380b-2226-4099-ba62-42dee3c13dc3,c5,DROP,691,?,x11,
1769471109.3552327,FORWARDED,755dfc2c-6fb8-4645-ba65-5fa7f6770401,12a2380b-2226-4099-ba62-42dee3c13dc3,c5,DROP,691,?,x11,
1769471109.3575196,RECEIVED,d993ed34-7648-4d84-8b3b-35d6588fc78a,eda39d92-51f9-44a3-a92e-0a7dbb527798,c4,DROP,1012,e3,?,
1769471109.3802643,SENT,6f2cedd6-7022-4fa3-9f67-829a6d0e0d28,c73ecd4a-c7f1-4445-83c6-f6463ab4411f,c3,DROP,683,?,x2,
1769471109.3803174,FORWARDED,6f2cedd6-7022-4fa3-9f67-829a6d0e0d28,c73ecd4a-c7f1-4445-83c6-f6463ab4411f,c3,DROP,683,?,x2,
1769471109.4395416,SENT,d993ed34-7648-4d84-8b3b-35d6588fc78a,eda39d92-51f9-44a3-a92e-0a7dbb527798,c4,DROP,687,?,x9,
1769471109.4395816,FORWARDED,d993ed34-7648-4d84-8b3b-35d6588fc78a,eda39d92-51f9-44a3-a92e-0a7dbb527798,c4,DROP,687,?,x9,
1769471109.5645394,RECEIVED,55d09051-7140-4e2a-ae9f-7a76b1687670,ed48c7bc-cb97-4d67-991d-79e6eae79c07,c4,DROP,1009,e11,?,
1769471109.5895598,RECEIVED,d7b96122-cf6e-42c1-95bc-2f39899b87e4,20dbc1b9-8b8f-456e-be31-c906060dd372,c1,None,1597,e3,?,
1769471109.6331131,SENT,d7b96122-cf6e-42c1-95bc-2f39899b87e4,20dbc1b9-8b8f-456e-be31-c906060dd372,c1,None,1123,?,x2,
1769471109.6331582,FORWARDED,d7b96122-cf6e-42c1-95bc-2f39899b87e4,20dbc1b9-8b8f-456e-be31-c906060dd372,c1,None,1123,?,x2,
1769471109.6351833,SENT,6eed1ff9-adc7-44a2-91aa-47472c192445,624b6b4c-0f29-48ea-a2db-54ff2c446a9a,c1,None,1132,?,x9,
1769471109.635224,FORWARDED,6eed1ff9-adc7-44a2-91aa-47472c192445,624b6b4c-0f29-48ea-a2db-54ff2c446a9a,c1,None,1132,?,x9,
1769471109.7242055,RECEIVED,b73d76a8-8f0e-4132-95d3-0ffe1369f831,c2dfc86f-4e42-47e4-9c3a-d465e1d5d45a,c3,DROP,1009,e7,?,
1769471109.7392495,SENT,35e09e88-9a44-4585-98c3-b77517f63d8e,cdcc3481-7deb-4e4b-ac6a-8864000d6d4e,c5,DROP,688,?,x4,
1769471109.7393034,FORWARDED,35e09e88-9a44-4585-98c3-b77517f63d8e,cdcc3481-7deb-4e4b-ac6a-8864000d6d4e,c5,DROP,688,?,x4,
1769471109.7479162,RECEIVED,9a3b5d44-06bd-4093-b077-e2036e91d7fd,24356370-39b6-4f59-8fc6-727c1cd19c8c,c3,DROP,1014,e1,?,
1769471109.7504766,SENT,b73d76a8-8f0e-4132-95d3-0ffe1369f831,c2dfc86f-4e42-47e4-9c3a-d465e1d5d45a,c3,DROP,683,?,x6,
1769471109.750516,FORWARDED,b73d76a8-8f0e-4132-95d3-0ffe1369f831,c2dfc86f-4e42-47e4-9c3a-d465e1d5d45a,c3,DROP,683,?,x6,
1769471109.781921,SENT,55d09051-7140-4e2a-ae9f-7a76b1687670,ed48c7bc-cb97-4d67-991d-79e6eae79c07,c4,DROP,683,?,x11,
1769471109.7819622,FORWARDED,55d09051-7140-4e2a-ae9f-7a76b1687670,ed48c7bc-cb97-4d67-991d-79e6eae79c07,c4,DROP,683,?,x11,
1769471109.798778,RECEIVED,3b2a2288-eb8c-4387-bd22-4621d04ba9aa,b95b1f54-13b3-4ae5-9a69-b3d837042636,c1,DROP,1008,e4,?,
1769471109.7991352,SENT,9a3b5d44-06bd-4093-b077-e2036e91d7fd,24356370-39b6-4f59-8fc6-727c1cd19c8c,c3,DROP,687,?,x11,
1769471109.7991767,FORWARDED,9a3b5d44-06bd-4093-b077-e2036e91d7fd,24356370-39b6-4f59-8fc6-727c1cd19c8c,c3,DROP,687,?,x11,
1769471109.8141224,RECEIVED,38a05456-192c-4b05-8a1b-c6ce05ce1088,056a5c94-1329-452a-b019-2f1f82d7dc55,c3,DROP,1015,e1,?,
1769471110.0069287,RECEIVED,412aafc7-6623-4829-8bd1-9c097f79545c,08c9d27d-b493-4c0f-9b5c-c13be5b9adf1,c4,None,1604,e12,?,
1769471110.0248446,SENT,3b2a2288-eb8c-4387-bd22-4621d04ba9aa,b95b1f54-13b3-4ae5-9a69-b3d837042636,c1,DROP,682,?,x6,
1769471110.0248876,FORWARDED,3b2a2288-eb8c-4387-bd22-4621d04ba9aa,b95b1f54-13b3-4ae5-9a69-b3d837042636,c1,DROP,682,?,x6,
1769471110.1167457,RECEIVED,40d223a3-5585-44dd-9949-15b1edcd8e51,900722c6-1188-4e92-b4b3-afb82d7f689c,c4,None,1596,e12,?,
1769471110.1359146,RECEIVED,a77d6b64-cde0-4d14-8e87-988de51ba702,64ad4f50-3498-4cc7-8dd7-9652e31d5e2a,c2,DROP,1015,e10,?,
1769471110.2073188,SENT,354607ed-ffc0-42e5-b003-0ed6b3fa42e2,c982fecb-7589-4c37-a87b-bf5c280ef798,c3,DROP,684,?,x12,
1769471110.2073612,FORWARDED,354607ed-ffc0-42e5-b003-0ed6b3fa42e2,c982fecb-7589-4c37-a87b-bf5c280ef798,c3,DROP,684,?,x12,
1769471110.3065388,SENT,40d223a3-5585-44dd-9949-15b1edcd8e51,900722c6-1188-4e92-b4b3-afb82d7f689c,c4,None,1123,?,x9,
1769471110.3065743,FORWARDED,40d223a3-5585-44dd-9949-15b1edcd8e51,900722c6-1188-4e92-b4b3-afb82d7f689c,c4,None,1123,?,x9,
1769471110.3309853,SENT,412aafc7-6623-4829-8bd1-9c097f79545c,08c9d27d-b493-4c0f-9b5c-c13be5b9adf1,c4,None,1131,?,x6,
1769471110.3310282,FORWARDED,412aafc7-6623-4829-8bd1-9c097f79545c,08c9d27d-b493-4c0f-9b5c-c13be5b9adf1,c4,None,1131,?,x6,
1769471110.4295578,RECEIVED,44298f08-1d79-4c44-925e-82fae883364c,01456b02-ae02-43b5-a909-a8b3b83d5cd4,c5,DROP,441,x11,?,
1769471110.4684505,RECEIVED,a52c5ef6-6ed0-43dc-a0f4-8974ec4f568c,03e64b0f-9f73-46d8-ba3f-31e3073b5e22,c1,DROP,1007,e6,?,
1769471110.5392668,RECEIVED,77fb4243-5c2a-43ee-8be8-0c9dfe59d017,b465f1ae-0796-404b-b8b9-84be2e58f81a,c1,None,1599,e12,?,
1769471110.7618384,SENT,38a05456-192c-4b05-8a1b-c6ce05ce1088,056a5c94-1329-452a-b019-2f1f82d7dc55,c3,DROP,688,?,x5,
1769471110.761879,FORWARDED,38a05456-192c-4b05-8a1b-c6ce05ce1088,056a5c94-1329-452a-b019-2f1f82d7dc55,c3,DROP,688,?,x5,
1769471110.8561802,SENT,77fb4243-5c2a-43ee-8be8-0c9dfe59d017,b465f1ae-0796-404b-b8b9-84be2e58f81a,c1,None,1127,?,x6,
1769471110.8562236,FORWARDED,77fb4243-5c2a-43ee-8be8-0c9dfe59d017,b465f1ae-0796-404b-b8b9-84be2e58f81a,c1,None,1127,?,x6,
1769471110.9301217,RECEIVED,89c9387e-924b-4daa-a0d4-222c524669e9,1bc62865-9615-4416-a297-7241c7d1902f,c1,c3,1776,e12,?,
1769471110.9384158,RECEIVED,c3d67725-a01a-419c-9654-f99d1a7d4d12,4d265a7b-fc77-40a5-a287-17771e394c7a,c2,DROP,1016,e1,?,
1769471110.955318,RECEIVED,c0c149f9-aa6d-4245-9542-2b6f35b5e4c3,9aff6dba-34c1-4535-8736-8384172ee0dd,c1,DROP,1020,e10,?,
1769471110.9795666,SENT,c3d67725-a01a-419c-9654-f99d1a7d4d12,4d265a7b-fc77-40a5-a287-17771e394c7a,c2,DROP,688,?,x1,
1769471110.9796076,FORWARDED,c3d67725-a01a-419c-9654-f99d1a7d4d12,4d265a7b-fc77-40a5-a287-17771e394c7a,c2,DROP,688,?,x1,
1769471111.0035024,RECEIVED,19e6a400-146a-4e6e-9a05-27a684afedab,2b5e9023-4261-4563-b81a-c510b2d3946b,c2,c4,1777,e10,?,
1769471111.0943599,RECEIVED,97cba939-de08-4285-a829-f1bf0d4e326c,633dab19-7ea8-4d7b-92d0-ad898a8dc39d,c1,DROP,1015,e2,?,
1769471111.232448,RECEIVED,5a4bd311-15df-42f8-942b-1d4d46a0346c,cae49783-490e-4751-b1d9-2e132ed99e92,c4,DROP,1011,e9,?,
1769471111.2812424,RECEIVED,e004ce4d-f7ac-494d-a6b9-687432a15cb5,f1ac59aa-bcb2-44c4-9d4c-c77a0e0c74d1,c3,DROP,441,x8,?,
1769471111.3375194,SENT,89c9387e-924b-4daa-a0d4-222c524669e9,1bc62865-9615-4416-a297-7241c7d1902f,c1,c3,1259,?,x6,
1769471111.3375626,FORWARDED,89c9387e-924b-4daa-a0d4-222c524669e9,1bc62865-9615-4416-a297-7241c7d1902f,c1,c3,1259,?,x6,
1769471111.339634,RECEIVED,a6380969-86e6-4b89-8517-df1fcaf7b5d3,8cd94dd8-cddd-49fe-8879-d9e68edce529,c2,DROP,442,x8,?,
1769471111.373698,SENT,c0c149f9-aa6d-4245-9542-2b6f35b5e4c3,9aff6dba-34c1-4535-8736-8384172ee0dd,c1,DROP,691,?,x10,
1769471111.3737397,FORWARDED,c0c149f9-aa6d-4245-9542-2b6f35b5e4c3,9aff6dba-34c1-4535-8736-8384172ee0dd,c1,DROP,691,?,x10,
1769471111.4249399,SENT,97cba939-de08-4285-a829-f1bf0d4e326c,633dab19-7ea8-4d7b-92d0-ad898a8dc39d,c1,DROP,689,?,x4,
1769471111.4249828,FORWARDED,97cba939-de08-4285-a829-f1bf0d4e326c,633dab19-7ea8-4d7b-92d0-ad898a8dc39d,c1,DROP,689,?,x4,
1769471111.5002294,SENT,a77d6b64-cde0-4d14-8e87-988de51ba702,64ad4f50-3498-4cc7-8dd7-9652e31d5e2a,c2,DROP,688,?,x1,
1769471111.5005205,FORWARDED,a77d6b64-cde0-4d14-8e87-988de51ba702,64ad4f50-3498-4cc7-8dd7-9652e31d5e2a,c2,DROP,688,?,x1,
1769471111.5271833,RECEIVED,6410df20-774a-414a-b3f7-9713dc7180d0,2c6b926e-35b3-4cf7-95fd-2e7a9e9f8bbb,c3,DROP,1007,e4,?,
1769471111.618176,RECEIVED,6dc8f91a-f2fd-4386-a4eb-068245207650,dd092878-4817-42d1-adfd-41cb3d23b8a7,c2,DROP,442,x11,?,
1769471111.8236623,SENT,5a4bd311-15df-42f8-942b-1d4d46a0346c,cae49783-490e-4751-b1d9-2e132ed99e92,c4,DROP,685,?,x4,
1769471111.823712,FORWARDED,5a4bd311-15df-42f8-942b-1d4d46a0346c,cae49783-490e-4751-b1d9-2e132ed99e92,c4,DROP,685,?,x4,
1769471111.8425107,SENT,a52c5ef6-6ed0-43dc-a0f4-8974ec4f568c,03e64b0f-9f73-46d8-ba3f-31e3073b5e22,c1,DROP,683,?,x12,
1769471111.842553,FORWARDED,a52c5ef6-6ed0-43dc-a0f4-8974ec4f568c,03e64b0f-9f73-46d8-ba3f-31e3073b5e22,c1,DROP,683,?,x12,
1769471111.8557825,SENT,6410df20-774a-414a-b3f7-9713dc7180d0,2c6b926e-35b3-4cf7-95fd-2e7a9e9f8bbb,c3,DROP,684,?,x6,
1769471111.855822,FORWARDED,6410df20-774a-414a-b3f7-9713dc7180d0,2c6b926e-35b3-4cf7-95fd-2e7a9e9f8bbb,c3,DROP,684,?,x6,
1769471112.0504014,RECEIVED,93614cb2-5ab6-4597-bd2b-ccb2258af8c7,3035f3c1-a07c-432f-ac48-c79c9ecc9608,c1,DROP,1008,e4,?,
1769471112.1873305,RECEIVED,de2e1580-eb55-48ab-b05b-c0350bd3a054,224b3086-331c-4304-9faa-b2fc421707a3,c4,DROP,1008,e9,?,
1769471112.219456,RECEIVED,e466b176-8487-4278-baee-60b5d4866cd9,ef2c4565-4c3e-49ae-a9b3-48a90c2be3b3,c3,None,1604,e3,?,
1769471112.3517997,SENT,de2e1580-eb55-48ab-b05b-c0350bd3a054,224b3086-331c-4304-9faa-b2fc421707a3,c4,DROP,684,?,x9,
1769471112.3518336,FORWARDED,de2e1580-eb55-48ab-b05b-c0350bd3a054,224b3086-331c-4304-9faa-b2fc421707a3,c4,DROP,684,?,x9,
1769471112.3537738,RECEIVED,982e5677-ea38-4551-b9e1-51348bbf5faf,c6acc926-8bb9-425c-88c7-fa3b4e833d0f,c1,None,1603,e4,?,
1769471112.3618007,RECEIVED,242e7954-9c3e-4ae6-bdc6-4d88a1b2eb80,79f640a5-b606-4f9f-82a8-2e29e457f5ed,c2,c4,1784,e2,?,
1769471112.3632712,RECEIVED,db8adb3c-2983-43d1-b5d2-fa7d58d4b778,f2316bcf-2422-4014-aa4a-ea8812b2d908,c2,DROP,1007,e5,?,
1769471112.4276836,RECEIVED,61708c4e-49df-4e6a-a3c7-65fd05ac9262,04f65fbd-fde6-4016-bcd8-8686a9554f02,c3,DROP,1008,e3,?,
1769471112.4316137,SENT,19e6a400-146a-4e6e-9a05-27a684afedab,2b5e9023-4261-4563-b81a-c510b2d3946b,c2,c4,1261,?,x10,
1769471112.4316506,FORWARDED,19e6a400-146a-4e6e-9a05-27a684afedab,2b5e9023-4261-4563-b81a-c510b2d3946b,c2,c4,1261,?,x10,
1769471112.444359,SENT,93614cb2-5ab6-4597-bd2b-ccb2258af8c7,3035f3c1-a07c-432f-ac48-c79c9ecc9608,c1,DROP,684,?,x3,
1769471112.444396,FORWARDED,93614cb2-5ab6-4597-bd2b-ccb2258af8c7,3035f3c1-a07c-432f-ac48-c79c9ecc9608,c1,DROP,684,?,x3,
1769471112.6460805,RECEIVED,a883c23a-bc2d-4f12-a0a0-3c603ff7be88,fd7586b1-9e4c-4bcd-a26f-9417a9ff7f69,c3,c1,1773,e9,?,
1769471112.6729496,RECEIVED,4f9bb8cc-4179-4f83-a95e-2641d76b25c1,4fdd7f92-c537-4687-b243-68eb49a17b5e,c5,DROP,1013,e5,?,
1769471112.745901,SENT,a883c23a-bc2d-4f12-a0a0-3c603ff7be88,fd7586b1-9e4c-4bcd-a26f-9417a9ff7f69,c3,c1,1256,?,x5,
1769471112.7459419,FORWARDED,a883c23a-bc2d-4f12-a0a0-3c603ff7be88,fd7586b1-9e4c-4bcd-a26f-9417a9ff7f69,c3,c1,1256,?,x5,
1769471112.8089268,SENT,e466b176-8487-4278-baee-60b5d4866cd9,ef2c4565-4c3e-49ae-a9b3-48a90c2be3b3,c3,None,1131,?,x11,
1769471112.8089657,FORWARDED,e466b176-8487-4278-baee-60b5d4866cd9,ef2c4565-4c3e-49ae-a9b3-48a90c2be3b3,c3,None,1131,?,x11,
1769471112.853226,SENT,4f9bb8cc-4179-4f83-a95e-2641d76b25c1,4fdd7f92-c537-4687-b243-68eb49a17b5e,c5,DROP,687,?,x10,
1769471112.8532696,FORWARDED,4f9bb8cc-4179-4f83-a95e-2641d76b25c1,4fdd7f92-c537-4687-b243-68eb49a17b5e,c5,DROP,687,?,x10,
1769471112.856166,SENT,982e5677-ea38-4551-b9e1-51348bbf5faf,c6acc926-8bb9-425c-88c7-fa3b4e833d0f,c1,None,1131,?,x6,
1769471112.8562088,FORWARDED,982e5677-ea38-4551-b9e1-51348bbf5faf,c6acc926-8bb9-425c-88c7-fa3b4e833d0f,c1,None,1131,?,x6,
1769471113.2259479,SENT,db8adb3c-2983-43d1-b5d2-fa7d58d4b778,f2316bcf-2422-4014-aa4a-ea8812b2d908,c2,DROP,684,?,x1,
1769471113.2259896,FORWARDED,db8adb3c-2983-43d1-b5d2-fa7d58d4b778,f2316bcf-2422-4014-aa4a-ea8812b2d908,c2,DROP,684,?,x1,
1769471113.3826597,RECEIVED,3a42b05a-6bcb-49d5-bee5-98510a827cd5,d42ba636-f255-4af4-9a71-bedec64ada59,c2,DROP,441,x4,?,
1769471113.4307592,RECEIVED,e57afa25-8739-4e65-ba3b-30ea078eaa63,88e68324-4667-4255-a898-085a4a80aaba,c2,DROP,441,x11,?,
1769471113.4820194,RECEIVED,a0d3e4cb-60e5-4846-babb-a3b750871d27,21221ae1-f046-4f71-989d-426f6702917c,c5,DROP,1016,e10,?,
1769471113.4972827,RECEIVED,7ac00aef-9cf3-4b6b-ab50-624735f5591e,96dc1628-8cbe-49ed-976e-399f42ac8714,c2,DROP,441,x8,?,
1769471113.5077662,RECEIVED,a0272bd1-fcd9-45fb-9e23-e9b7ed1200d6,c839f8dc-d502-49b7-841a-65dfeaa8a3b8,c2,DROP,1006,e1,?,
1769471113.5275931,SENT,a0d3e4cb-60e5-4846-babb-a3b750871d27,21221ae1-f046-4f71-989d-426f6702917c,c5,DROP,688,?,x7,
1769471113.5276341,FORWARDED,a0d3e4cb-60e5-4846-babb-a3b750871d27,21221ae1-f046-4f71-989d-426f6702917c,c5,DROP,688,?,x7,
1769471113.6055133,RECEIVED,d5074a74-ede8-4141-9c2b-37f9073ee99c,29c3fd68-66ea-4281-a2a3-6a5a7e3f79a0,c1,None,1600,e2,?,
1769471113.7603867,SENT,a0272bd1-fcd9-45fb-9e23-e9b7ed1200d6,c839f8dc-d502-49b7-841a-65dfeaa8a3b8,c2,DROP,684,?,x6,
1769471113.7604299,FORWARDED,a0272bd1-fcd9-45fb-9e23-e9b7ed1200d6,c839f8dc-d502-49b7-841a-65dfeaa8a3b8,c2,DROP,684,?,x6,
1769471113.7921312,SENT,61708c4e-49df-4e6a-a3c7-65fd05ac9262,04f65fbd-fde6-4016-bcd8-8686a9554f02,c3,DROP,684,?,x10,
1769471113.7921696,FORWARDED,61708c4e-49df-4e6a-a3c7-65fd05ac9262,04f65fbd-fde6-4016-bcd8-8686a9554f02,c3,DROP,684,?,x10,
1769471113.9287264,SENT,d5074a74-ede8-4141-9c2b-37f9073ee99c,29c3fd68-66ea-4281-a2a3-6a5a7e3f79a0,c1,None,1127,?,x3,
1769471113.9287891,FORWARDED,d5074a74-ede8-4141-9c2b-37f9073ee99c,29c3fd68-66ea-4281-a2a3-6a5a7e3f79a0,c1,None,1127,?,x3,
1769471113.9596071,SENT,242e7954-9c3e-4ae6-bdc6-4d88a1b2eb80,79f640a5-b606-4f9f-82a8-2e29e457f5ed,c2,c4,1264,?,x11,
1769471113.9596472,FORWARDED,242e7954-9c3e-4ae6-bdc6-4d88a1b2eb80,79f640a5-b606-4f9f-82a8-2e29e457f5ed,c2,c4,1264,?,x11,
1769471113.9858465,RECEIVED,b0188e35-fcd3-4990-a418-874e69e65f4a,0984b239-1eb0-4886-ab92-9bc50a8e6dcd,c5,c1,1777,e4,?,
1769471114.061083,SENT,b0188e35-fcd3-4990-a418-874e69e65f4a,0984b239-1eb0-4886-ab92-9bc50a8e6dcd,c5,c1,1260,?,x3,
1769471114.061124,FORWARDED,b0188e35-fcd3-4990-a418-874e69e65f4a,0984b239-1eb0-4886-ab92-9bc50a8e6dcd,c5,c1,1260,?,x3,
1769471114.2225337,RECEIVED,66558edc-c3a0-4a73-9c17-e6f21e58bde9,2691ef4e-f047-494d-9d23-34688f4da50a,c1,None,1601,e7,?,
1769471114.2855768,RECEIVED,4ce99c3c-f370-4250-af3d-e49b4a787a96,21b65aab-a546-44bf-a440-61ad830f36e0,c3,DROP,446,x11,?,
1769471114.310345,RECEIVED,418772b5-4dc1-4c9e-9d51-3bc16b61d875,ed206398-07fb-4e4b-be49-8960c5ba8491,c4,DROP,441,x5,?,
1769471114.3489838,RECEIVED,4efa2163-61e0-490e-9d64-ece22a888a55,48ca5400-cb88-446b-8e8d-71a4054ffa22,c4,None,1606,e5,?,
1769471114.4707146,SENT,66558edc-c3a0-4a73-9c17-e6f21e58bde9,2691ef4e-f047-494d-9d23-34688f4da50a,c1,None,1127,?,x12,
1769471114.4707563,FORWARDED,66558edc-c3a0-4a73-9c17-e6f21e58bde9,2691ef4e-f047-494d-9d23-34688f4da50a,c1,None,1127,?,x12,
1769471114.5432658,RECEIVED,27097709-cfe2-4ac3-b72f-5f7632944d31,ab0783ef-a13f-45bc-9fcd-c9501ef54ccb,c4,DROP,1007,e10,?,
1769471114.564108,RECEIVED,6c41c2f7-7ff3-4726-b9b4-8efe05bc1e15,9e9be02e-4183-4c9a-b443-5f75df2c1663,c3,DROP,1012,e6,?,
1769471114.5866334,RECEIVED,383029bc-ea5d-4e6b-8017-c62620fa4d64,205d5d2a-36ee-4389-9b55-2b4f07a727bb,c4,DROP,1012,e5,?,
1769471114.6131144,RECEIVED,9e4a5bc3-0397-44c4-902f-c725961b3b3a,280f0b5b-d198-4b43-ade1-ba151c773f80,c4,DROP,1014,e8,?,
1769471114.6750317,SENT,383029bc-ea5d-4e6b-8017-c62620fa4d64,205d5d2a-36ee-4389-9b55-2b4f07a727bb,c4,DROP,686,?,x8,
1769471114.6751451,FORWARDED,383029bc-ea5d-4e6b-8017-c62620fa4d64,205d5d2a-36ee-4389-9b55-2b4f07a727bb,c4,DROP,686,?,x8,
1769471114.6780355,RECEIVED,a8a426ce-0334-4d80-a9ff-59042b5def8d,74d390c5-c160-4689-926b-bc39f697348e,c1,DROP,1015,e1,?,
1769471114.8556654,SENT,6c41c2f7-7ff3-4726-b9b4-8efe05bc1e15,9e9be02e-4183-4c9a-b443-5f75df2c1663,c3,DROP,687,?,x4,
1769471114.8557088,FORWARDED,6c41c2f7-7ff3-4726-b9b4-8efe05bc1e15,9e9be02e-4183-4c9a-b443-5f75df2c1663,c3,DROP,687,?,x4,
1769471114.9201863,RECEIVED,0692c3dd-b28c-4af5-a2b4-56f8bc02706b,fcad2707-1818-4166-bce0-ec9e0c747afc,c3,DROP,1015,e5,?,
1769471114.9871886,RECEIVED,ae45404b-3bab-4dd3-be8b-195749785f3d,f5046a30-90da-4766-b071-99611e0499fd,c3,c1,1783,e1,?,
1769471115.055639,RECEIVED,7a5d2a89-d7e0-4791-a495-90f288fcea8a,f8311517-1040-4533-8a5a-69c7dd19ae92,c1,DROP,1006,e10,?,
1769471115.0586622,SENT,ae45404b-3bab-4dd3-be8b-195749785f3d,f5046a30-90da-4766-b071-99611e0499fd,c3,c1,1263,?,x9,
1769471115.0587,FORWARDED,ae45404b-3bab-4dd3-be8b-195749785f3d,f5046a30-90da-4766-b071-99611e0499fd,c3,c1,1263,?,x9,
1769471115.1117032,RECEIVED,53a16651-2517-45c1-95d8-958852f5a369,d7e336b3-d65b-4ec9-8c11-8674cbf4f30b,c4,DROP,441,x8,?,
1769471115.1253362,SENT,27097709-cfe2-4ac3-b72f-5f7632944d31,ab0783ef-a13f-45bc-9fcd-c9501ef54ccb,c4,DROP,684,?,x9,
1769471115.1253784,FORWARDED,27097709-cfe2-4ac3-b72f-5f7632944d31,ab0783ef-a13f-45bc-9fcd-c9501ef54ccb,c4,DROP,684,?,x9,
1769471115.143025,RECEIVED,85b3f079-d1c9-4f48-a55a-c3bad44ee962,000bbef1-7459-4bdf-98df-65513acffc8a,c5,DROP,1007,e9,?,
1769471115.5323098,SENT,9e4a5bc3-0397-44c4-902f-c725961b3b3a,280f0b5b-d198-4b43-ade1-ba151c773f80,c4,DROP,688,?,x7,
1769471115.5323532,FORWARDED,9e4a5bc3-0397-44c4-902f-c725961b3b3a,280f0b5b-d198-4b43-ade1-ba151c773f80,c4,DROP,688,?,x7,
1769471115.583548,SENT,85b3f079-d1c9-4f48-a55a-c3bad44ee962,000bbef1-7459-4bdf-98df-65513acffc8a,c5,DROP,683,?,x9,
1769471115.5835886,FORWARDED,85b3f079-d1c9-4f48-a55a-c3bad44ee962,000bbef1-7459-4bdf-98df-65513acffc8a,c5,DROP,683,?,x9,
1769471115.7757509,RECEIVED,8b400712-89cd-4406-8748-e74a63fdfed6,1a6b19d1-c9c6-408f-8579-7fe5b1eb4cad,c4,DROP,1007,e2,?,
1769471115.8832405,RECEIVED,7d223793-48cb-4059-99b2-0def93951619,7fbc3723-847f-45ec-a0b2-6bab7657d509,c5,DROP,1007,e2,?,
1769471115.908987,RECEIVED,cb421dbe-e717-4e67-82ff-281701686700,0c55e835-8299-4b08-bcba-411a611b3d0c,c5,DROP,1015,e8,?,
1769471116.0422075,SENT,0692c3dd-b28c-4af5-a2b4-56f8bc02706b,fcad2707-1818-4166-bce0-ec9e0c747afc,c3,DROP,690,?,x3,
1769471116.0422492,FORWARDED,0692c3dd-b28c-4af5-a2b4-56f8bc02706b,fcad2707-1818-4166-bce0-ec9e0c747afc,c3,DROP,690,?,x3,
1769471116.0611691,SENT,8b400712-89cd-4406-8748-e74a63fdfed6,1a6b19d1-c9c6-408f-8579-7fe5b1eb4cad,c4,DROP,684,?,x9,
1769471116.0612092,FORWARDED,8b400712-89cd-4406-8748-e74a63fdfed6,1a6b19d1-c9c6-408f-8579-7fe5b1eb4cad,c4,DROP,684,?,x9,
1769471116.1554189,SENT,4efa2163-61e0-490e-9d64-ece22a888a55,48ca5400-cb88-446b-8e8d-71a4054ffa22,c4,None,1132,?,x6,
1769471116.1554615,FORWARDED,4efa2163-61e0-490e-9d64-ece22a888a55,48ca5400-cb88-446b-8e8d-71a4054ffa22,c4,None,1132,?,x6,
1769471116.192315,SENT,cb421dbe-e717-4e67-82ff-281701686700,0c55e835-8299-4b08-bcba-411a611b3d0c,c5,DROP,688,?,x4,
1769471116.1923532,FORWARDED,cb421dbe-e717-4e67-82ff-281701686700,0c55e835-8299-4b08-bcba-411a611b3d0c,c5,DROP,688,?,x4,
1769471116.1953268,RECEIVED,cceae108-b2c3-47ac-86a8-2f3db9813d0d,328ae67b-9c42-4e19-9459-8093663c80e6,c4,DROP,1007,e3,?,
1769471116.209155,SENT,7a5d2a89-d7e0-4791-a495-90f288fcea8a,f8311517-1040-4533-8a5a-69c7dd19ae92,c1,DROP,683,?,x4,
1769471116.2091963,FORWARDED,7a5d2a89-d7e0-4791-a495-90f288fcea8a,f8311517-1040-4533-8a5a-69c7dd19ae92,c1,DROP,683,?,x4,
1769471116.3195136,SENT,a8a426ce-0334-4d80-a9ff-59042b5def8d,74d390c5-c160-4689-926b-bc39f697348e,c1,DROP,689,?,x7,
1769471116.3195543,FORWARDED,a8a426ce-0334-4d80-a9ff-59042b5def8d,74d390c5-c160-4689-926b-bc39f697348e,c1,DROP,689,?,x7,
1769471116.4308012,RECEIVED,5f591bb1-0087-4aeb-8d88-a2ae09c69900,f099ba2f-3b47-4ed1-b8ed-73837d2fac8b,c1,DROP,1015,e12,?,
1769471116.469944,SENT,cceae108-b2c3-47ac-86a8-2f3db9813d0d,328ae67b-9c42-4e19-9459-8093663c80e6,c4,DROP,684,?,x3,
1769471116.469985,FORWARDED,cceae108-b2c3-47ac-86a8-2f3db9813d0d,328ae67b-9c42-4e19-9459-8093663c80e6,c4,DROP,684,?,x3,
1769471116.629518,RECEIVED,ca4b2cd5-36c4-4271-bd1d-a89dcd381279,2334baf4-1bd9-4297-af59-80646691de4b,c2,DROP,1009,e1,?,
1769471116.6623647,RECEIVED,8f50fd82-ecf4-4d3d-a55a-3832830dfb1b,25169c43-7327-4045-83ab-93dc9feaadba,c3,DROP,1008,e5,?,
1769471116.6742444,RECEIVED,5dbd0472-5332-4813-9a31-50e6eb0720e3,19c73e1b-5c2a-49f6-b629-5a525b0ec32e,c1,DROP,1007,e9,?,
1769471116.6871555,RECEIVED,9b3bf69d-8e16-458a-96e5-7a63240c0d16,e57172ac-e1b8-4501-8ed5-79c3a9d71ecd,c1,DROP,1007,e12,?,
1769471116.7716365,SENT,9b3bf69d-8e16-458a-96e5-7a63240c0d16,e57172ac-e1b8-4501-8ed5-79c3a9d71ecd,c1,DROP,683,?,x9,
1769471116.7716691,FORWARDED,9b3bf69d-8e16-458a-96e5-7a63240c0d16,e57172ac-e1b8-4501-8ed5-79c3a9d71ecd,c1,DROP,683,?,x9,
1769471116.781342,SENT,ca4b2cd5-36c4-4271-bd1d-a89dcd381279,2334baf4-1bd9-4297-af59-80646691de4b,c2,DROP,684,?,x11,
1769471116.7813826,FORWARDED,ca4b2cd5-36c4-4271-bd1d-a89dcd381279,2334baf4-1bd9-4297-af59-80646691de4b,c2,DROP,684,?,x11,
1769471116.91025,SENT,8f50fd82-ecf4-4d3d-a55a-3832830dfb1b,25169c43-7327-4045-83ab-93dc9feaadba,c3,DROP,683,?,x4,
1769471116.910293,FORWARDED,8f50fd82-ecf4-4d3d-a55a-3832830dfb1b,25169c43-7327-4045-83ab-93dc9feaadba,c3,DROP,683,?,x4,
1769471116.9475555,RECEIVED,196a695b-a36e-4316-ac65-92253cd26fdf,101e391b-66e3-4419-a601-4c7583c49e26,c2,DROP,1011,e4,?,
1769471116.9481418,RECEIVED,c60a4a99-3be5-4509-98f0-bec6c84464a5,809a9801-aa89-4578-a55f-63640b879162,c5,DROP,1008,e8,?,
1769471116.9726827,RECEIVED,e2f77d5f-f9ea-42f8-ad8f-c449ae1bb0c6,53c7be5a-ae76-4ef2-88e1-dcaf585b3a5e,c3,c1,1764,e2,?,
1769471116.9843636,SENT,7d223793-48cb-4059-99b2-0def93951619,7fbc3723-847f-45ec-a0b2-6bab7657d509,c5,DROP,684,?,x2,
1769471116.984403,FORWARDED,7d223793-48cb-4059-99b2-0def93951619,7fbc3723-847f-45ec-a0b2-6bab7657d509,c5,DROP,684,?,x2,
1769471117.0463526,SENT,e2f77d5f-f9ea-42f8-ad8f-c449ae1bb0c6,53c7be5a-ae76-4ef2-88e1-dcaf585b3a5e,c3,c1,1251,?,x4,
1769471117.0464878,FORWARDED,e2f77d5f-f9ea-42f8-ad8f-c449ae1bb0c6,53c7be5a-ae76-4ef2-88e1-dcaf585b3a5e,c3,c1,1251,?,x4,
1769471117.0820253,SENT,5f591bb1-0087-4aeb-8d88-a2ae09c69900,f099ba2f-3b47-4ed1-b8ed-73837d2fac8b,c1,DROP,688,?,x4,
1769471117.0820704,FORWARDED,5f591bb1-0087-4aeb-8d88-a2ae09c69900,f099ba2f-3b47-4ed1-b8ed-73837d2fac8b,c1,DROP,688,?,x4,
1769471117.1308088,SENT,c60a4a99-3be5-4509-98f0-bec6c84464a5,809a9801-aa89-4578-a55f-63640b879162,c5,DROP,684,?,x3,
1769471117.1308537,FORWARDED,c60a4a99-3be5-4509-98f0-bec6c84464a5,809a9801-aa89-4578-a55f-63640b879162,c5,DROP,684,?,x3,
1769471117.1644795,RECEIVED,2841b662-7809-43f2-97a3-bf996b212dbc,a61d36e8-dca0-4747-a167-864d080d4082,c1,DROP,441,x12,?,
1769471117.2217784,SENT,5dbd0472-5332-4813-9a31-50e6eb0720e3,19c73e1b-5c2a-49f6-b629-5a525b0ec32e,c1,DROP,684,?,x6,
1769471117.2218254,FORWARDED,5dbd0472-5332-4813-9a31-50e6eb0720e3,19c73e1b-5c2a-49f6-b629-5a525b0ec32e,c1,DROP,684,?,x6,
1769471117.3165758,RECEIVED,5c5da192-df67-4609-866e-2c6256a7f3a0,bbf6d4be-a460-4330-a1c8-5c773849a44d,c4,DROP,1020,e10,?,
1769471117.5731013,RECEIVED,8d5e2e9c-4cae-4604-85ae-566776f0fb19,956af010-6bef-4df9-bf16-35edb154281c,c2,DROP,1004,e9,?,
1769471117.6281993,RECEIVED,e99b35d9-0ad2-40a2-a4d6-99360d5b39da,0e5198c2-b9fd-4f50-9b23-7d490a7cabe0,c3,None,1613,e12,?,
1769471117.7237537,RECEIVED,3709b158-9c2f-49b4-98aa-f06e07a03b4c,52929faf-d834-4d66-b850-2fa0bafbaf57,c5,DROP,1008,e4,?,
1769471117.7378714,SENT,e99b35d9-0ad2-40a2-a4d6-99360d5b39da,0e5198c2-b9fd-4f50-9b23-7d490a7cabe0,c3,None,1135,?,x12,
1769471117.73791,FORWARDED,e99b35d9-0ad2-40a2-a4d6-99360d5b39da,0e5198c2-b9fd-4f50-9b23-7d490a7cabe0,c3,None,1135,?,x12,
1769471117.7698586,SENT,8d5e2e9c-4cae-4604-85ae-566776f0fb19,956af010-6bef-4df9-bf16-35edb154281c,c2,DROP,681,?,x7,
1769471117.7699013,FORWARDED,8d5e2e9c-4cae-4604-85ae-566776f0fb19,956af010-6bef-4df9-bf16-35edb154281c,c2,DROP,681,?,x7,
1769471117.7942154,RECEIVED,ba9481e3-660e-4d5a-8fa0-657365ca8420,84c4f728-c8c2-40c6-b4b6-8cff60b9fa81,c3,DROP,441,x3,?,
1769471117.863477,RECEIVED,0921f3f7-0507-40a5-98de-bf4101436283,d007a4fd-3b08-4097-afeb-1f4616e13ac5,c1,DROP,1013,e4,?,
1769471117.8811154,RECEIVED,6fafd7ef-d801-48a0-8887-ef225bda6aae,7c1fb2c2-a875-4fad-a732-2fbfbe1e2044,c5,c1,1773,e12,?,
1769471117.8931346,SENT,196a695b-a36e-4316-ac65-92253cd26fdf,101e391b-66e3-4419-a601-4c7583c49e26,c2,DROP,685,?,x2,
1769471117.8932185,FORWARDED,196a695b-a36e-4316-ac65-92253cd26fdf,101e391b-66e3-4419-a601-4c7583c49e26,c2,DROP,685,?,x2,
1769471117.9628835,RECEIVED,b5fcaed0-b922-4b23-a29d-b0d44f4828a8,42c8efd7-4551-43fc-a418-f593b7886a50,c1,None,1608,e2,?,
1769471117.9664657,SENT,0921f3f7-0507-40a5-98de-bf4101436283,d007a4fd-3b08-4097-afeb-1f4616e13ac5,c1,DROP,687,?,x12,
1769471117.9665005,FORWARDED,0921f3f7-0507-40a5-98de-bf4101436283,d007a4fd-3b08-4097-afeb-1f4616e13ac5,c1,DROP,687,?,x12,
1769471117.9780939,RECEIVED,cfda3cf3-d4c0-4cad-b1ab-74bd79f35a0f,ef08bb6c-a91b-476f-8b22-7e5c319a178c,c3,DROP,1006,e4,?,
1769471118.0971847,SENT,b5fcaed0-b922-4b23-a29d-b0d44f4828a8,42c8efd7-4551-43fc-a418-f593b7886a50,c1,None,1132,?,x11,
1769471118.0972295,FORWARDED,b5fcaed0-b922-4b23-a29d-b0d44f4828a8,42c8efd7-4551-43fc-a418-f593b7886a50,c1,None,1132,?,x11,
1769471118.2760727,SENT,6fafd7ef-d801-48a0-8887-ef225bda6aae,7c1fb2c2-a875-4fad-a732-2fbfbe1e2044,c5,c1,1259,?,x1,
1769471118.276116,FORWARDED,6fafd7ef-d801-48a0-8887-ef225bda6aae,7c1fb2c2-a875-4fad-a732-2fbfbe1e2044,c5,c1,1259,?,x1,
1769471118.3690772,RECEIVED,6d2ee128-7908-4b2f-ae97-39f7d129c2d7,8ea86cb9-af33-4f5f-bb2e-01aab123c06f,c5,c1,1779,e2,?,
1769471118.3716645,RECEIVED,2a72e639-41b1-4cf9-b746-642420898c6f,60de696d-54ed-4a98-b56c-5ddaf6bbd994,c3,None,1594,e3,?,
1769471118.5558348,RECEIVED,c3487071-63f5-4e1b-a075-d241eb018825,a2877ce4-e48f-4ff0-8cc0-95248d1d69bb,c5,DROP,1005,e9,?,
1769471118.5941725,RECEIVED,df9fcef4-680f-4f70-9cdb-09d8e7f3ea50,83e142ac-9a51-4411-a2be-456397d3100c,c3,DROP,441,x2,?,
1769471118.8113484,SENT,c3487071-63f5-4e1b-a075-d241eb018825,a2877ce4-e48f-4ff0-8cc0-95248d1d69bb,c5,DROP,680,?,x10,
1769471118.8116152,FORWARDED,c3487071-63f5-4e1b-a075-d241eb018825,a2877ce4-e48f-4ff0-8cc0-95248d1d69bb,c5,DROP,680,?,x10,
1769471119.200641,SENT,6d2ee128-7908-4b2f-ae97-39f7d129c2d7,8ea86cb9-af33-4f5f-bb2e-01aab123c06f,c5,c1,1263,?,x8,
1769471119.2006848,FORWARDED,6d2ee128-7908-4b2f-ae97-39f7d129c2d7,8ea86cb9-af33-4f5f-bb2e-01aab123c06f,c5,c1,1263,?,x8,
1769471119.4925764,SENT,3709b158-9c2f-49b4-98aa-f06e07a03b4c,52929faf-d834-4d66-b850-2fa0bafbaf57,c5,DROP,683,?,x10,
1769471119.4926152,FORWARDED,3709b158-9c2f-49b4-98aa-f06e07a03b4c,52929faf-d834-4d66-b850-2fa0bafbaf57,c5,DROP,683,?,x10,
1769471119.5759428,SENT,cfda3cf3-d4c0-4cad-b1ab-74bd79f35a0f,ef08bb6c-a91b-476f-8b22-7e5c319a178c,c3,DROP,684,?,x9,
1769471119.5759819,FORWARDED,cfda3cf3-d4c0-4cad-b1ab-74bd79f35a0f,ef08bb6c-a91b-476f-8b22-7e5c319a178c,c3,DROP,684,?,x9,
1769471119.649076,RECEIVED,c19efb11-5b89-49e3-b3d6-106d6dba0d13,252ad55f-0efc-415e-9795-71a31e40ec47,c4,DROP,1020,e11,?,
1769471119.649906,SENT,5c5da192-df67-4609-866e-2c6256a7f3a0,bbf6d4be-a460-4330-a1c8-5c773849a44d,c4,DROP,692,?,x12,
1769471119.6499445,FORWARDED,5c5da192-df67-4609-866e-2c6256a7f3a0,bbf6d4be-a460-4330-a1c8-5c773849a44d,c4,DROP,692,?,x12,
1769471119.6883006,RECEIVED,4a86f5f9-a559-4d3e-8bb1-a67209132466,0d953124-f756-4e31-a0d6-ba43dd7ef555,c5,c1,1775,e12,?,
1769471119.8799307,RECEIVED,280b992f-65a5-4a3f-abec-43d5c0cf5870,5606d833-9bf7-450f-8c95-5d496260f001,c4,DROP,1012,e11,?,
1769471120.0138187,RECEIVED,6538dc8a-db96-4a55-bfad-b5e72dd5fbb9,be3159cc-6444-428f-9079-0dbf510c6e51,c2,DROP,1008,e12,?,
1769471120.0812647,SENT,6538dc8a-db96-4a55-bfad-b5e72dd5fbb9,be3159cc-6444-428f-9079-0dbf510c6e51,c2,DROP,683,?,x7,
1769471120.0813036,FORWARDED,6538dc8a-db96-4a55-bfad-b5e72dd5fbb9,be3159cc-6444-428f-9079-0dbf510c6e51,c2,DROP,683,?,x7,
1769471120.132446,RECEIVED,25bc2979-d7b1-4375-8327-f2fcf9977b51,551b6ff3-140f-4a61-ba40-5d7d47107e7d,c2,c4,1760,e7,?,
1769471120.2328613,SENT,25bc2979-d7b1-4375-8327-f2fcf9977b51,551b6ff3-140f-4a61-ba40-5d7d47107e7d,c2,c4,1246,?,x7,
1769471120.2329037,FORWARDED,25bc2979-d7b1-4375-8327-f2fcf9977b51,551b6ff3-140f-4a61-ba40-5d7d47107e7d,c2,c4,1246,?,x7,
1769471120.2443125,SENT,280b992f-65a5-4a3f-abec-43d5c0cf5870,5606d833-9bf7-450f-8c95-5d496260f001,c4,DROP,685,?,x12,
1769471120.2443545,FORWARDED,280b992f-65a5-4a3f-abec-43d5c0cf5870,5606d833-9bf7-450f-8c95-5d496260f001,c4,DROP,685,?,x12,
1769471120.2790902,RECEIVED,22643614-e6c7-4f15-8c47-8f6a71fb3ec2,624f9d24-3542-4d5e-b1f8-b8ba47dd8441,c4,DROP,441,x8,?,
1769471120.3024776,RECEIVED,7aaf480d-3bb8-4ac4-95c2-5eaa00c43ee8,e352b468-6df7-49a3-8b2e-1be3aa41afa9,c3,DROP,1008,e7,?,
1769471120.4372203,SENT,7aaf480d-3bb8-4ac4-95c2-5eaa00c43ee8,e352b468-6df7-49a3-8b2e-1be3aa41afa9,c3,DROP,684,?,x3,
1769471120.4372606,FORWARDED,7aaf480d-3bb8-4ac4-95c2-5eaa00c43ee8,e352b468-6df7-49a3-8b2e-1be3aa41afa9,c3,DROP,684,?,x3,
1769471120.4456556,SENT,c19efb11-5b89-49e3-b3d6-106d6dba0d13,252ad55f-0efc-415e-9795-71a31e40ec47,c4,DROP,692,?,x12,
1769471120.4456956,FORWARDED,c19efb11-5b89-49e3-b3d6-106d6dba0d13,252ad55f-0efc-415e-9795-71a31e40ec47,c4,DROP,692,?,x12,
1769471120.5442326,SENT,4a86f5f9-a559-4d3e-8bb1-a67209132466,0d953124-f756-4e31-a0d6-ba43dd7ef555,c5,c1,1259,?,x6,
1769471120.5442743,FORWARDED,4a86f5f9-a559-4d3e-8bb1-a67209132466,0d953124-f756-4e31-a0d6-ba43dd7ef555,c5,c1,1259,?,x6,
1769471120.8069336,RECEIVED,b6b3d3e1-0ebb-4d20-9c23-a1f95f7981eb,804413a9-b733-450f-8996-f21501c75f86,c3,None,1599,e10,?,
1769471120.8459094,RECEIVED,6bf57416-5b3c-416b-afde-55c03e7cbd2b,632b6c7f-c9cf-41cc-a429-7fc131f54120,c3,c1,1767,e1,?,
1769471121.0086958,SENT,b6b3d3e1-0ebb-4d20-9c23-a1f95f7981eb,804413a9-b733-450f-8996-f21501c75f86,c3,None,1128,?,x2,
1769471121.0087373,FORWARDED,b6b3d3e1-0ebb-4d20-9c23-a1f95f7981eb,804413a9-b733-450f-8996-f21501c75f86,c3,None,1128,?,x2,
1769471121.2334065,RECEIVED,62d3bf15-9074-45b6-944a-d13f05b86641,f541cceb-a7fb-42dc-9949-4e68fd806170,c3,None,1598,e10,?,
1769471121.2404842,RECEIVED,03815df6-a8a4-4f16-8ec7-f21b1d96ec3e,bb5a0f2c-bfc8-44c9-9072-229e4b3c3e99,c2,DROP,1008,e10,?,
1769471121.3140068,SENT,03815df6-a8a4-4f16-8ec7-f21b1d96ec3e,bb5a0f2c-bfc8-44c9-9072-229e4b3c3e99,c2,DROP,682,?,x6,
1769471121.314126,FORWARDED,03815df6-a8a4-4f16-8ec7-f21b1d96ec3e,bb5a0f2c-bfc8-44c9-9072-229e4b3c3e99,c2,DROP,682,?,x6,
1769471121.403622,RECEIVED,a1513950-4085-49ec-a369-9cf066b4c18f,8343b4a2-7040-42fd-9d45-d5cda606f55b,c5,DROP,1007,e4,?,
1769471121.4852173,RECEIVED,d08c5e9f-6b2d-4f95-a964-3c3138084ee5,7a4bbd91-bc2e-4eb1-939c-c26ab7a642b3,c5,DROP,1016,e12,?,
1769471121.5360115,SENT,6bf57416-5b3c-416b-afde-55c03e7cbd2b,632b6c7f-c9cf-41cc-a429-7fc131f54120,c3,c1,1254,?,x2,
1769471121.5360959,FORWARDED,6bf57416-5b3c-416b-afde-55c03e7cbd2b,632b6c7f-c9cf-41cc-a429-7fc131f54120,c3,c1,1254,?,x2,
1769471121.727009,RECEIVED,43a27a6d-f74f-4780-8baf-81b75663635b,20382254-792e-47f8-b915-0ebbf8859624,c5,DROP,1006,e12,?,
1769471121.7385004,SENT,2a72e639-41b1-4cf9-b746-642420898c6f,60de696d-54ed-4a98-b56c-5ddaf6bbd994,c3,None,1125,?,x2,
1769471121.7385426,FORWARDED,2a72e639-41b1-4cf9-b746-642420898c6f,60de696d-54ed-4a98-b56c-5ddaf6bbd994,c3,None,1125,?,x2,
1769471121.765329,RECEIVED,a66125f2-5ba3-47e0-9887-b9ff4758c5b6,490af06b-a597-4ba5-8e1f-ea52c934ffb3,c5,DROP,1007,e2,?,
1769471121.776102,RECEIVED,a0f43a6e-a7de-46c9-9a2a-fa4cc2262543,29114bca-0a0b-4acf-8f52-00c7d12cfe3f,c2,DROP,442,x10,?,
1769471121.8692493,SENT,a1513950-4085-49ec-a369-9cf066b4c18f,8343b4a2-7040-42fd-9d45-d5cda606f55b,c5,DROP,684,?,x3,
1769471121.869292,FORWARDED,a1513950-4085-49ec-a369-9cf066b4c18f,8343b4a2-7040-42fd-9d45-d5cda606f55b,c5,DROP,684,?,x3,
1769471121.9857426,SENT,d08c5e9f-6b2d-4f95-a964-3c3138084ee5,7a4bbd91-bc2e-4eb1-939c-c26ab7a642b3,c5,DROP,688,?,x6,
1769471121.9857833,FORWARDED,d08c5e9f-6b2d-4f95-a964-3c3138084ee5,7a4bbd91-bc2e-4eb1-939c-c26ab7a642b3,c5,DROP,688,?,x6,
1769471122.0155983,SENT,62d3bf15-9074-45b6-944a-d13f05b86641,f541cceb-a7fb-42dc-9949-4e68fd806170,c3,None,1128,?,x7,
1769471122.0157216,FORWARDED,62d3bf15-9074-45b6-944a-d13f05b86641,f541cceb-a7fb-42dc-9949-4e68fd806170,c3,None,1128,?,x7,
1769471122.1706195,RECEIVED,f79bddd7-d434-44dc-8467-9d02afeb19b4,2705897c-bdcd-431b-9f60-c35d1d84988f,c1,c3,1764,e4,?,
1769471122.3074882,SENT,f79bddd7-d434-44dc-8467-9d02afeb19b4,2705897c-bdcd-431b-9f60-c35d1d84988f,c1,c3,1251,?,x8,
1769471122.3075287,FORWARDED,f79bddd7-d434-44dc-8467-9d02afeb19b4,2705897c-bdcd-431b-9f60-c35d1d84988f,c1,c3,1251,?,x8,
1769471122.4114397,RECEIVED,a1a8ae91-372f-4005-b5d6-ed8b79c4ddda,b228d38b-d837-44fa-8142-62fbc2b459a1,c1,DROP,1016,e8,?,
1769471122.4329877,RECEIVED,4d74ca42-2b40-4e0f-8bbc-6411948a6738,1120fe97-84f3-49d7-b436-2f1b8748ceab,c5,DROP,1013,e3,?,
1769471122.5260377,SENT,4d74ca42-2b40-4e0f-8bbc-6411948a6738,1120fe97-84f3-49d7-b436-2f1b8748ceab,c5,DROP,686,?,x12,
1769471122.5261037,FORWARDED,4d74ca42-2b40-4e0f-8bbc-6411948a6738,1120fe97-84f3-49d7-b436-2f1b8748ceab,c5,DROP,686,?,x12,
1769471122.5568237,SENT,a66125f2-5ba3-47e0-9887-b9ff4758c5b6,490af06b-a597-4ba5-8e1f-ea52c934ffb3,c5,DROP,682,?,x1,
1769471122.556866,FORWARDED,a66125f2-5ba3-47e0-9887-b9ff4758c5b6,490af06b-a597-4ba5-8e1f-ea52c934ffb3,c5,DROP,682,?,x1,
1769471122.571845,SENT,a1a8ae91-372f-4005-b5d6-ed8b79c4ddda,b228d38b-d837-44fa-8142-62fbc2b459a1,c1,DROP,688,?,x4,
1769471122.5718884,FORWARDED,a1a8ae91-372f-4005-b5d6-ed8b79c4ddda,b228d38b-d837-44fa-8142-62fbc2b459a1,c1,DROP,688,?,x4,
1769471122.7300858,RECEIVED,8b61889f-b8ac-4f79-b4f6-0df655b33120,da3ddaa5-4d7b-431a-b0c7-671aba385fa1,c4,None,1603,e9,?,
1769471122.7833009,RECEIVED,b95ad2a0-1ba8-4cd8-911f-4a9969ba2094,62bb185d-9e1a-4620-99fc-d2bfef03cfb7,c1,DROP,1003,e2,?,
1769471122.9143145,SENT,43a27a6d-f74f-4780-8baf-81b75663635b,20382254-792e-47f8-b915-0ebbf8859624,c5,DROP,682,?,x9,
1769471122.9143536,FORWARDED,43a27a6d-f74f-4780-8baf-81b75663635b,20382254-792e-47f8-b915-0ebbf8859624,c5,DROP,682,?,x9,
1769471122.9306903,RECEIVED,52ee64a5-0ee4-4939-b7be-5120d99cc632,7819b4ff-c575-466f-a962-8f63214ff2e7,c2,c4,1779,e4,?,
1769471122.975865,RECEIVED,30cc582a-e4a4-4b79-98d0-0cc8e8771d38,b1735ed8-d40d-4de2-b398-1eb93e98f58d,c2,DROP,1006,e1,?,
1769471123.1169565,RECEIVED,2a02dce4-ca46-4ed0-ba83-b129d07f821e,ac72a67d-bd79-4665-9b5f-6cbe505dca30,c3,c1,1761,e7,?,
1769471123.2879746,SENT,2a02dce4-ca46-4ed0-ba83-b129d07f821e,ac72a67d-bd79-4665-9b5f-6cbe505dca30,c3,c1,1248,?,x10,
1769471123.2880166,FORWARDED,2a02dce4-ca46-4ed0-ba83-b129d07f821e,ac72a67d-bd79-4665-9b5f-6cbe505dca30,c3,c1,1248,?,x10,
1769471123.2964122,RECEIVED,541b5428-d0ed-41c6-82f3-3752a4c5ff03,bd2ab3e6-f15a-4f58-8ee4-5ac65963894a,c1,DROP,1006,e12,?,
1769471123.3630068,RECEIVED,b02455cd-a533-4b7a-8675-f71d0526cfed,b1e65a17-07b8-4621-a622-749fa6c8ab10,c1,c3,1776,e4,?,
1769471123.3646998,RECEIVED,e64a71a3-d2a1-4119-bfda-483b1eee9592,5ac817cb-b583-4545-9ef5-0c1bff3631f8,c1,None,1595,e11,?,
1769471123.3768604,RECEIVED,a21601eb-a404-43a5-a31e-839f9dda694b,e334d775-5a75-4e94-aac4-8e1798d12b21,c1,None,1607,e6,?,
1769471123.3891594,RECEIVED,ca6004f6-5254-4f6c-b6a8-ba833da9a60d,043239f4-f34c-404b-8c25-b80278922640,c5,DROP,1014,e10,?,
1769471123.390044,RECEIVED,42bfacce-67b4-46e1-b3a3-5540edffa7e9,b6116d38-d48e-43f2-8a90-2a4c72618b93,c1,DROP,1013,e3,?,
1769471123.3937776,RECEIVED,1ea5cc3a-6c0e-4e84-b602-57faab94f86a,5ef473bc-e586-4031-95d4-070973a1db7a,c4,c3,1789,e6,?,
1769471123.4902008,SENT,42bfacce-67b4-46e1-b3a3-5540edffa7e9,b6116d38-d48e-43f2-8a90-2a4c72618b93,c1,DROP,687,?,x2,
1769471123.490243,FORWARDED,42bfacce-67b4-46e1-b3a3-5540edffa7e9,b6116d38-d48e-43f2-8a90-2a4c72618b93,c1,DROP,687,?,x2,
1769471123.5029972,SENT,8b61889f-b8ac-4f79-b4f6-0df655b33120,da3ddaa5-4d7b-431a-b0c7-671aba385fa1,c4,None,1131,?,x1,
1769471123.5030406,FORWARDED,8b61889f-b8ac-4f79-b4f6-0df655b33120,da3ddaa5-4d7b-431a-b0c7-671aba385fa1,c4,None,1131,?,x1,
1769471123.544804,SENT,b02455cd-a533-4b7a-8675-f71d0526cfed,b1e65a17-07b8-4621-a622-749fa6c8ab10,c1,c3,1260,?,x3,
1769471123.544842,FORWARDED,b02455cd-a533-4b7a-8675-f71d0526cfed,b1e65a17-07b8-4621-a622-749fa6c8ab10,c1,c3,1260,?,x3,
1769471123.5784616,SENT,541b5428-d0ed-41c6-82f3-3752a4c5ff03,bd2ab3e6-f15a-4f58-8ee4-5ac65963894a,c1,DROP,684,?,x1,
1769471123.5785024,FORWARDED,541b5428-d0ed-41c6-82f3-3752a4c5ff03,bd2ab3e6-f15a-4f58-8ee4-5ac65963894a,c1,DROP,684,?,x1,
1769471123.5898442,SENT,30cc582a-e4a4-4b79-98d0-0cc8e8771d38,b1735ed8-d40d-4de2-b398-1eb93e98f58d,c2,DROP,683,?,x3,
1769471123.5898862,FORWARDED,30cc582a-e4a4-4b79-98d0-0cc8e8771d38,b1735ed8-d40d-4de2-b398-1eb93e98f58d,c2,DROP,683,?,x3,
1769471123.669837,SENT,b95ad2a0-1ba8-4cd8-911f-4a9969ba2094,62bb185d-9e1a-4620-99fc-d2bfef03cfb7,c1,DROP,680,?,x5,
1769471123.6698768,FORWARDED,b95ad2a0-1ba8-4cd8-911f-4a9969ba2094,62bb185d-9e1a-4620-99fc-d2bfef03cfb7,c1,DROP,680,?,x5,
1769471123.7402432,RECEIVED,83a13de3-75ef-4674-9188-0bb85f091da1,70174bec-c470-4870-b53b-20b26432a381,c3,DROP,1012,e5,?,
1769471123.8680274,SENT,1ea5cc3a-6c0e-4e84-b602-57faab94f86a,5ef473bc-e586-4031-95d4-070973a1db7a,c4,c3,1268,?,x11,
1769471123.868083,FORWARDED,1ea5cc3a-6c0e-4e84-b602-57faab94f86a,5ef473bc-e586-4031-95d4-070973a1db7a,c4,c3,1268,?,x11,
1769471123.8991368,RECEIVED,908c41db-512a-48cf-9482-4c58eef92256,c3ce3b15-22ef-4efc-94ed-ccef588a313d,c3,DROP,441,x5,?,
1769471123.9324527,SENT,52ee64a5-0ee4-4939-b7be-5120d99cc632,7819b4ff-c575-466f-a962-8f63214ff2e7,c2,c4,1263,?,x2,
1769471123.9324946,FORWARDED,52ee64a5-0ee4-4939-b7be-5120d99cc632,7819b4ff-c575-466f-a962-8f63214ff2e7,c2,c4,1263,?,x2,
1769471123.9650114,SENT,83a13de3-75ef-4674-9188-0bb85f091da1,70174bec-c470-4870-b53b-20b26432a381,c3,DROP,685,?,x9,
1769471123.9650633,FORWARDED,83a13de3-75ef-4674-9188-0bb85f091da1,70174bec-c470-4870-b53b-20b26432a381,c3,DROP,685,?,x9,
1769471123.967233,RECEIVED,55a0ee9c-6f85-4ea8-a9dc-c88a54bd0037,ad2be1ce-353c-40dc-961a-e551ad300b3a,c4,DROP,1008,e9,?,
1769471124.0393136,RECEIVED,bbbec491-e6b5-4455-9fe0-4146cdedbbcb,f408ac14-e828-40e4-a52b-489b2f37e304,c3,DROP,1015,e6,?,
1769471124.0404465,RECEIVED,982d2206-bbfe-45f3-a60a-b0c5b9f1920d,466a7327-b9d3-4c63-8273-07f0494f63e2,c4,DROP,442,x12,?,
1769471124.0631306,RECEIVED,5cccaecb-0896-4f46-92d6-13135ad6aafe,7d9343ed-04f9-4b3f-a4dc-2b296a5c3831,c2,DROP,441,x6,?,
1769471124.076004,RECEIVED,2912f259-e1f1-4d8b-953d-0475ac704ff0,1edca84a-3f05-48bc-875a-11b440ca51bf,c2,c4,1767,e6,?,
1769471124.125936,RECEIVED,486f1738-45bb-4975-a668-2b17193cf082,036b002c-b91e-44a3-9332-1a9899c4ab1a,c3,DROP,1016,e1,?,
1769471124.1370008,SENT,e64a71a3-d2a1-4119-bfda-483b1eee9592,5ac817cb-b583-4545-9ef5-0c1bff3631f8,c1,None,1123,?,x1,
1769471124.1370442,FORWARDED,e64a71a3-d2a1-4119-bfda-483b1eee9592,5ac817cb-b583-4545-9ef5-0c1bff3631f8,c1,None,1123,?,x1,
1769471124.2743833,SENT,486f1738-45bb-4975-a668-2b17193cf082,036b002c-b91e-44a3-9332-1a9899c4ab1a,c3,DROP,688,?,x9,
1769471124.274424,FORWARDED,486f1738-45bb-4975-a668-2b17193cf082,036b002c-b91e-44a3-9332-1a9899c4ab1a,c3,DROP,688,?,x9,
1769471124.393177,RECEIVED,7f03b4d2-2799-455f-a2b4-699cd726ccdd,7e66d192-ca7b-4d7c-8cf9-96929091f9c6,c1,None,1604,e2,?,
1769471124.4301631,SENT,2912f259-e1f1-4d8b-953d-0475ac704ff0,1edca84a-3f05-48bc-875a-11b440ca51bf,c2,c4,1254,?,x6,
1769471124.4302027,FORWARDED,2912f259-e1f1-4d8b-953d-0475ac704ff0,1edca84a-3f05-48bc-875a-11b440ca51bf,c2,c4,1254,?,x6,
1769471124.4840086,SENT,7f03b4d2-2799-455f-a2b4-699cd726ccdd,7e66d192-ca7b-4d7c-8cf9-96929091f9c6,c1,None,1131,?,x4,
1769471124.4840636,FORWARDED,7f03b4d2-2799-455f-a2b4-699cd726ccdd,7e66d192-ca7b-4d7c-8cf9-96929091f9c6,c1,None,1131,?,x4,
1769471124.6698115,SENT,a21601eb-a404-43a5-a31e-839f9dda694b,e334d775-5a75-4e94-aac4-8e1798d12b21,c1,None,1132,?,x2,
1769471124.6698527,FORWARDED,a21601eb-a404-43a5-a31e-839f9dda694b,e334d775-5a75-4e94-aac4-8e1798d12b21,c1,None,1132,?,x2,
1769471124.99534,RECEIVED,a18593f2-9475-4299-abf8-030deb6113cc,4ff24904-3e25-45d0-a8b8-367c814397f4,c5,c1,1781,e10,?,
1769471124.9977708,RECEIVED,34044add-fc6e-4400-9f9a-03dafa80c76f,b8200f31-5c03-4141-ba9b-3315cdc2d4bf,c3,DROP,1024,e10,?,
1769471125.0598884,SENT,bbbec491-e6b5-4455-9fe0-4146cdedbbcb,f408ac14-e828-40e4-a52b-489b2f37e304,c3,DROP,688,?,x3,
1769471125.0599296,FORWARDED,bbbec491-e6b5-4455-9fe0-4146cdedbbcb,f408ac14-e828-40e4-a52b-489b2f37e304,c3,DROP,688,?,x3,
1769471125.1747108,RECEIVED,9813ce89-18ac-4ad9-9710-9abf83f7d177,a5278c38-58fd-4218-a134-f36b9de47dfc,c3,DROP,1007,e2,?,
1769471125.1805325,SENT,ca6004f6-5254-4f6c-b6a8-ba833da9a60d,043239f4-f34c-404b-8c25-b80278922640,c5,DROP,690,?,x4,
1769471125.1805687,FORWARDED,ca6004f6-5254-4f6c-b6a8-ba833da9a60d,043239f4-f34c-404b-8c25-b80278922640,c5,DROP,690,?,x4,
1769471125.2491198,SENT,34044add-fc6e-4400-9f9a-03dafa80c76f,b8200f31-5c03-4141-ba9b-3315cdc2d4bf,c3,DROP,695,?,x3,
1769471125.249161,FORWARDED,34044add-fc6e-4400-9f9a-03dafa80c76f,b8200f31-5c03-4141-ba9b-3315cdc2d4bf,c3,DROP,695,?,x3,
1769471125.269194,SENT,55a0ee9c-6f85-4ea8-a9dc-c88a54bd0037,ad2be1ce-353c-40dc-961a-e551ad300b3a,c4,DROP,684,?,x10,
1769471125.2692282,FORWARDED,55a0ee9c-6f85-4ea8-a9dc-c88a54bd0037,ad2be1ce-353c-40dc-961a-e551ad300b3a,c4,DROP,684,?,x10,
1769471125.386309,SENT,a18593f2-9475-4299-abf8-030deb6113cc,4ff24904-3e25-45d0-a8b8-367c814397f4,c5,c1,1263,?,x11,
1769471125.3863506,FORWARDED,a18593f2-9475-4299-abf8-030deb6113cc,4ff24904-3e25-45d0-a8b8-367c814397f4,c5,c1,1263,?,x11,
1769471125.4277446,SENT,9813ce89-18ac-4ad9-9710-9abf83f7d177,a5278c38-58fd-4218-a134-f36b9de47dfc,c3,DROP,684,?,x8,
1769471125.4277864,FORWARDED,9813ce89-18ac-4ad9-9710-9abf83f7d177,a5278c38-58fd-4218-a134-f36b9de47dfc,c3,DROP,684,?,x8,
1769471125.4642453,RECEIVED,0d724947-0ee2-4187-b5b7-b051740e5fa6,cea964e3-7181-44ba-91db-ee1fe6d34913,c2,c4,1764,e6,?,
1769471125.4825485,SENT,0d724947-0ee2-4187-b5b7-b051740e5fa6,cea964e3-7181-44ba-91db-ee1fe6d34913,c2,c4,1251,?,x5,
1769471125.4825895,FORWARDED,0d724947-0ee2-4187-b5b7-b051740e5fa6,cea964e3-7181-44ba-91db-ee1fe6d34913,c2,c4,1251,?,x5,
1769471125.7534862,RECEIVED,a0a656fb-070f-428d-8dec-d8bcdc1ae9ee,92aba79d-c95f-4d76-a0d4-a90b3fc63fda,c2,c4,1768,e6,?,
1769471125.7932687,RECEIVED,87aa075e-bf3c-41a0-a10e-28d1a9a6c37c,497f04ef-7cd9-4a1c-bbf4-3258bc915cd1,c5,DROP,1011,e11,?,
1769471125.899464,RECEIVED,a45554fa-996e-4b49-af7b-25a9b98e8688,df8ed1fe-72bf-4325-917c-e5b6649bfd46,c5,DROP,1008,e1,?,
1769471126.016912,RECEIVED,5f33b217-43d0-45d2-bf63-3dc5c9f18ca1,52a2e49b-d98f-4d2b-9a8c-6bd5191dd91e,c1,DROP,1007,e11,?,
1769471126.0908232,SENT,a45554fa-996e-4b49-af7b-25a9b98e8688,df8ed1fe-72bf-4325-917c-e5b6649bfd46,c5,DROP,683,?,x5,
1769471126.0908623,FORWARDED,a45554fa-996e-4b49-af7b-25a9b98e8688,df8ed1fe-72bf-4325-917c-e5b6649bfd46,c5,DROP,683,?,x5,
1769471126.1053526,RECEIVED,bc6a1338-613f-4272-805e-136141db9a54,86ca3a25-bb29-426a-8499-af62edd15932,c1,c3,1776,e7,?,
1769471126.2177408,RECEIVED,3748709b-092f-41bc-b2c9-080ec482c10e,3227483c-2cf0-4bc0-9a20-757df66d41d8,c1,DROP,1010,e2,?,
1769471126.2497308,RECEIVED,51a6aa47-c1ab-4756-a91a-276147cc1c1b,f0a3bab5-080c-4d16-9c2e-8ad5a445fe8a,c5,DROP,1018,e12,?,
1769471126.2771454,SENT,3748709b-092f-41bc-b2c9-080ec482c10e,3227483c-2cf0-4bc0-9a20-757df66d41d8,c1,DROP,683,?,x7,
1769471126.277187,FORWARDED,3748709b-092f-41bc-b2c9-080ec482c10e,3227483c-2cf0-4bc0-9a20-757df66d41d8,c1,DROP,683,?,x7,
1769471126.2794092,SENT,51a6aa47-c1ab-4756-a91a-276147cc1c1b,f0a3bab5-080c-4d16-9c2e-8ad5a445fe8a,c5,DROP,688,?,x4,
1769471126.279447,FORWARDED,51a6aa47-c1ab-4756-a91a-276147cc1c1b,f0a3bab5-080c-4d16-9c2e-8ad5a445fe8a,c5,DROP,688,?,x4,
1769471126.280864,SENT,a0a656fb-070f-428d-8dec-d8bcdc1ae9ee,92aba79d-c95f-4d76-a0d4-a90b3fc63fda,c2,c4,1254,?,x10,
1769471126.2809002,FORWARDED,a0a656fb-070f-428d-8dec-d8bcdc1ae9ee,92aba79d-c95f-4d76-a0d4-a90b3fc63fda,c2,c4,1254,?,x10,
1769471126.2895033,RECEIVED,a1983cc3-64b9-4f82-9ee0-78cf1e3025ed,dbc9a271-6c4d-485b-940b-c582f6138447,c3,None,1607,e4,?,
1769471126.3311613,SENT,bc6a1338-613f-4272-805e-136141db9a54,86ca3a25-bb29-426a-8499-af62edd15932,c1,c3,1260,?,x3,
1769471126.331201,FORWARDED,bc6a1338-613f-4272-805e-136141db9a54,86ca3a25-bb29-426a-8499-af62edd15932,c1,c3,1260,?,x3,
1769471126.3775334,RECEIVED,01bfbd73-337f-479d-bf60-359bb95f0424,370b7044-eb0c-4b95-b947-bb9b491e7df4,c5,DROP,1008,e5,?,
1769471126.394788,RECEIVED,9b5eafb8-70fe-4a28-bdb1-128d8639276f,b5c58cce-a541-49c4-adac-90d1b8b30223,c5,DROP,1007,e3,?,
1769471126.444597,SENT,5f33b217-43d0-45d2-bf63-3dc5c9f18ca1,52a2e49b-d98f-4d2b-9a8c-6bd5191dd91e,c1,DROP,682,?,x6,
1769471126.4446397,FORWARDED,5f33b217-43d0-45d2-bf63-3dc5c9f18ca1,52a2e49b-d98f-4d2b-9a8c-6bd5191dd91e,c1,DROP,682,?,x6,
1769471126.5525239,SENT,a1983cc3-64b9-4f82-9ee0-78cf1e3025ed,dbc9a271-6c4d-485b-940b-c582f6138447,c3,None,1132,?,x6,
1769471126.552565,FORWARDED,a1983cc3-64b9-4f82-9ee0-78cf1e3025ed,dbc9a271-6c4d-485b-940b-c582f6138447,c3,None,1132,?,x6,
1769471126.6634805,RECEIVED,29944a8a-c250-4751-8486-76e8d4a4e870,f5146de4-e78c-4b76-be71-584d49d3f341,c5,DROP,1009,e3,?,
1769471126.7073815,RECEIVED,5b789bd6-6ba7-4369-8749-507d98034279,505064a3-6713-456a-b944-30ce4d50ce48,c2,DROP,1020,e11,?,
1769471126.7427828,SENT,01bfbd73-337f-479d-bf60-359bb95f0424,370b7044-eb0c-4b95-b947-bb9b491e7df4,c5,DROP,683,?,x8,
1769471126.7428205,FORWARDED,01bfbd73-337f-479d-bf60-359bb95f0424,370b7044-eb0c-4b95-b947-bb9b491e7df4,c5,DROP,683,?,x8,
1769471126.7485352,SENT,29944a8a-c250-4751-8486-76e8d4a4e870,f5146de4-e78c-4b76-be71-584d49d3f341,c5,DROP,684,?,x10,
1769471126.748576,FORWARDED,29944a8a-c250-4751-8486-76e8d4a4e870,f5146de4-e78c-4b76-be71-584d49d3f341,c5,DROP,684,?,x10,
1769471126.8526263,RECEIVED,b6ea8046-ad46-40c9-ad1d-fda621e62a99,920f7272-884c-419a-899a-fae8108e899b,c3,DROP,1008,e4,?,
1769471126.9166167,RECEIVED,1fb091b2-549e-4d3b-9e2d-66a981233e37,4871d38e-e8b4-44ce-85c2-1d0b1601c134,c3,DROP,1004,e6,?,
1769471126.9812093,RECEIVED,726b1413-c212-4105-b1a1-97c0e9f51597,c267efb7-d151-4de8-89b4-51874d16ed1a,c3,DROP,1005,e11,?,
1769471126.9835255,SENT,1fb091b2-549e-4d3b-9e2d-66a981233e37,4871d38e-e8b4-44ce-85c2-1d0b1601c134,c3,DROP,679,?,x5,
1769471126.9835618,FORWARDED,1fb091b2-549e-4d3b-9e2d-66a981233e37,4871d38e-e8b4-44ce-85c2-1d0b1601c134,c3,DROP,679,?,x5,
1769471126.9921253,RECEIVED,19d0f172-b3a1-4a8c-80b2-b74d3d7e320c,404add7c-8208-4dab-b14f-2f9c74f5dcb8,c4,DROP,442,x7,?,
1769471126.9953709,SENT,9b5eafb8-70fe-4a28-bdb1-128d8639276f,b5c58cce-a541-49c4-adac-90d1b8b30223,c5,DROP,684,?,x9,
1769471126.995411,FORWARDED,9b5eafb8-70fe-4a28-bdb1-128d8639276f,b5c58cce-a541-49c4-adac-90d1b8b30223,c5,DROP,684,?,x9,
1769471127.0179121,RECEIVED,4eeaaa70-8b79-4a9f-9dfc-322796fc329b,fd83ad75-b3da-490a-a6b6-98721eabd59d,c1,DROP,1007,e12,?,
1769471127.0389233,SENT,87aa075e-bf3c-41a0-a10e-28d1a9a6c37c,497f04ef-7cd9-4a1c-bbf4-3258bc915cd1,c5,DROP,687,?,x9,
1769471127.0389674,FORWARDED,87aa075e-bf3c-41a0-a10e-28d1a9a6c37c,497f04ef-7cd9-4a1c-bbf4-3258bc915cd1,c5,DROP,687,?,x9,
1769471127.0543623,RECEIVED,8c0cd309-abbe-4119-a642-f74fcd37bc9e,cb8b7710-9d1f-49ea-9070-cec190fceca4,c5,DROP,1008,e9,?,
1769471127.0603192,SENT,726b1413-c212-4105-b1a1-97c0e9f51597,c267efb7-d151-4de8-89b4-51874d16ed1a,c3,DROP,680,?,x11,
1769471127.0603604,FORWARDED,726b1413-c212-4105-b1a1-97c0e9f51597,c267efb7-d151-4de8-89b4-51874d16ed1a,c3,DROP,680,?,x11,
1769471127.1027296,SENT,8c0cd309-abbe-4119-a642-f74fcd37bc9e,cb8b7710-9d1f-49ea-9070-cec190fceca4,c5,DROP,684,?,x9,
1769471127.10277,FORWARDED,8c0cd309-abbe-4119-a642-f74fcd37bc9e,cb8b7710-9d1f-49ea-9070-cec190fceca4,c5,DROP,684,?,x9,
1769471127.1044042,RECEIVED,d5a9405c-f4f6-4d62-8354-429c487b5c41,08c7022f-7604-4af7-8529-6508d32aa48a,c2,DROP,1020,e12,?,
1769471127.156373,SENT,b6ea8046-ad46-40c9-ad1d-fda621e62a99,920f7272-884c-419a-899a-fae8108e899b,c3,DROP,683,?,x3,
1769471127.1564136,FORWARDED,b6ea8046-ad46-40c9-ad1d-fda621e62a99,920f7272-884c-419a-899a-fae8108e899b,c3,DROP,683,?,x3,
1769471127.6233864,RECEIVED,4d2f6894-3cc2-46e9-9d1f-870b6008afc9,704bea3c-3e55-43f4-87bb-1f5020e4f4e7,c4,DROP,1008,e9,?,
1769471127.6362453,RECEIVED,4054a45c-5218-484f-9d0e-09609d3afcf7,f7ad4d85-ff2e-4b91-9183-b44dfdfa9918,c1,DROP,1007,e2,?,
1769471127.685329,SENT,4d2f6894-3cc2-46e9-9d1f-870b6008afc9,704bea3c-3e55-43f4-87bb-1f5020e4f4e7,c4,DROP,682,?,x1,
1769471127.685371,FORWARDED,4d2f6894-3cc2-46e9-9d1f-870b6008afc9,704bea3c-3e55-43f4-87bb-1f5020e4f4e7,c4,DROP,682,?,x1,
1769471127.6990938,RECEIVED,0e20ea5b-5b25-4b2f-921e-0c668a9e91af,85ace320-c399-415b-8ef6-8550996f3f4a,c1,None,1600,e1,?,
1769471127.8056228,SENT,0e20ea5b-5b25-4b2f-921e-0c668a9e91af,85ace320-c399-415b-8ef6-8550996f3f4a,c1,None,1128,?,x2,
1769471127.8056645,FORWARDED,0e20ea5b-5b25-4b2f-921e-0c668a9e91af,85ace320-c399-415b-8ef6-8550996f3f4a,c1,None,1128,?,x2,
1769471127.8234313,RECEIVED,04a67ea0-563f-438a-b15c-eb249aedcb93,fa82e3a2-69f8-4858-90da-762c1b9493f9,c4,DROP,1007,e11,?,
1769471127.9102225,RECEIVED,0ec4e8be-8581-442d-807f-3a4231f7cad4,ca85c335-cf23-4460-8deb-1dc8498ec497,c1,DROP,1007,e9,?,
1769471128.0514286,RECEIVED,f85433cf-8d89-4289-975d-b74da50b6cee,33b35b27-4551-4ed5-ae18-d26f473f6cc1,c5,DROP,441,x8,?,
1769471128.2028394,SENT,4eeaaa70-8b79-4a9f-9dfc-322796fc329b,fd83ad75-b3da-490a-a6b6-98721eabd59d,c1,DROP,683,?,x8,
1769471128.2028825,FORWARDED,4eeaaa70-8b79-4a9f-9dfc-322796fc329b,fd83ad75-b3da-490a-a6b6-98721eabd59d,c1,DROP,683,?,x8,
1769471128.3984709,RECEIVED,c49f92a9-f8d1-41f9-96ad-352262849fb4,1855c714-8226-4299-85e6-3a3069a72a2a,c5,c1,1774,e6,?,
1769471128.4283113,SENT,5b789bd6-6ba7-4369-8749-507d98034279,505064a3-6713-456a-b944-30ce4d50ce48,c2,DROP,692,?,x10,
1769471128.4283545,FORWARDED,5b789bd6-6ba7-4369-8749-507d98034279,505064a3-6713-456a-b944-30ce4d50ce48,c2,DROP,692,?,x10,
1769471128.6143994,RECEIVED,47bcb781-2c32-44e9-8a89-979c00540e30,228cb7d7-3898-4e6f-b5a8-db729928b4c3,c3,DROP,1008,e11,?,
1769471128.6462343,SENT,04a67ea0-563f-438a-b15c-eb249aedcb93,fa82e3a2-69f8-4858-90da-762c1b9493f9,c4,DROP,683,?,x2,
1769471128.6462758,FORWARDED,04a67ea0-563f-438a-b15c-eb249aedcb93,fa82e3a2-69f8-4858-90da-762c1b9493f9,c4,DROP,683,?,x2,
1769471128.680031,RECEIVED,ab7a23cd-6bab-457f-8b1e-698257d4e153,622b739a-4862-4ad7-a4ca-03ba7476abaa,c1,c3,1778,e10,?,
1769471128.7690642,SENT,4054a45c-5218-484f-9d0e-09609d3afcf7,f7ad4d85-ff2e-4b91-9183-b44dfdfa9918,c1,DROP,683,?,x9,
1769471128.7691045,FORWARDED,4054a45c-5218-484f-9d0e-09609d3afcf7,f7ad4d85-ff2e-4b91-9183-b44dfdfa9918,c1,DROP,683,?,x9,
1769471128.9216735,RECEIVED,34d8c1e9-5e3f-46c9-8772-84677c02e938,f42b822a-b3aa-49b4-8e07-9ea1bc9125b5,c1,DROP,1007,e5,?,
1769471128.94071,RECEIVED,d4f71c0d-0bac-4eee-8a0d-70ce39a0ae68,d4796089-6c7f-4f5d-b97e-32e52ed11fd1,c3,DROP,1016,e2,?,
1769471129.0064251,RECEIVED,748540a9-1026-4208-8393-055f6877caee,1e37a517-20c0-4a86-b846-16cfbe3fadb3,c2,DROP,1016,e8,?,
1769471129.0104177,RECEIVED,a51318c0-57a7-437c-bf34-ed940fa61174,6a93b1ee-f068-4600-a115-05db84a232b9,c2,DROP,441,x7,?,
1769471129.0288877,SENT,d4f71c0d-0bac-4eee-8a0d-70ce39a0ae68,d4796089-6c7f-4f5d-b97e-32e52ed11fd1,c3,DROP,688,?,x8,
1769471129.0289295,FORWARDED,d4f71c0d-0bac-4eee-8a0d-70ce39a0ae68,d4796089-6c7f-4f5d-b97e-32e52ed11fd1,c3,DROP,688,?,x8,
1769471129.0414364,SENT,47bcb781-2c32-44e9-8a89-979c00540e30,228cb7d7-3898-4e6f-b5a8-db729928b4c3,c3,DROP,683,?,x7,
1769471129.0414774,FORWARDED,47bcb781-2c32-44e9-8a89-979c00540e30,228cb7d7-3898-4e6f-b5a8-db729928b4c3,c3,DROP,683,?,x7,
1769471129.083232,SENT,ab7a23cd-6bab-457f-8b1e-698257d4e153,622b739a-4862-4ad7-a4ca-03ba7476abaa,c1,c3,1261,?,x5,
1769471129.0832694,FORWARDED,ab7a23cd-6bab-457f-8b1e-698257d4e153,622b739a-4862-4ad7-a4ca-03ba7476abaa,c1,c3,1261,?,x5,
1769471129.091125,SENT,748540a9-1026-4208-8393-055f6877caee,1e37a517-20c0-4a86-b846-16cfbe3fadb3,c2,DROP,688,?,x6,
1769471129.0911717,FORWARDED,748540a9-1026-4208-8393-055f6877caee,1e37a517-20c0-4a86-b846-16cfbe3fadb3,c2,DROP,688,?,x6,
1769471129.213641,SENT,d5a9405c-f4f6-4d62-8354-429c487b5c41,08c7022f-7604-4af7-8529-6508d32aa48a,c2,DROP,693,?,x10,
1769471129.2136803,FORWARDED,d5a9405c-f4f6-4d62-8354-429c487b5c41,08c7022f-7604-4af7-8529-6508d32aa48a,c2,DROP,693,?,x10,
1769471129.5274756,RECEIVED,0336ca65-29e9-4e25-a792-1ca008a05e9d,2f00c649-34c4-454b-8696-7b3879343d42,c4,DROP,1011,e10,?,
1769471129.6593597,SENT,c49f92a9-f8d1-41f9-96ad-352262849fb4,1855c714-8226-4299-85e6-3a3069a72a2a,c5,c1,1260,?,x2,
1769471129.6594012,FORWARDED,c49f92a9-f8d1-41f9-96ad-352262849fb4,1855c714-8226-4299-85e6-3a3069a72a2a,c5,c1,1260,?,x2,
1769471129.7501206,SENT,0ec4e8be-8581-442d-807f-3a4231f7cad4,ca85c335-cf23-4460-8deb-1dc8498ec497,c1,DROP,684,?,x3,
1769471129.750164,FORWARDED,0ec4e8be-8581-442d-807f-3a4231f7cad4,ca85c335-cf23-4460-8deb-1dc8498ec497,c1,DROP,684,?,x3,
1769471129.854709,SENT,34d8c1e9-5e3f-46c9-8772-84677c02e938,f42b822a-b3aa-49b4-8e07-9ea1bc9125b5,c1,DROP,682,?,x1,
1769471129.8547516,FORWARDED,34d8c1e9-5e3f-46c9-8772-84677c02e938,f42b822a-b3aa-49b4-8e07-9ea1bc9125b5,c1,DROP,682,?,x1,
1769471129.9579012,RECEIVED,b717afc6-2629-48b0-8c25-a215b6bdb528,c94ec27c-388a-4936-aa4e-c2f54e4039f2,c2,DROP,1012,e9,?,
1769471130.0684144,SENT,b717afc6-2629-48b0-8c25-a215b6bdb528,c94ec27c-388a-4936-aa4e-c2f54e4039f2,c2,DROP,687,?,x6,
1769471130.0684564,FORWARDED,b717afc6-2629-48b0-8c25-a215b6bdb528,c94ec27c-388a-4936-aa4e-c2f54e4039f2,c2,DROP,687,?,x6,
1769471130.304739,RECEIVED,de201134-68c3-4c37-9633-78a14f843883,7054ed88-7b81-4792-a37f-51050d598d78,c4,DROP,442,x1,?,
1769471130.309377,RECEIVED,f7e36ef6-b2e2-4aba-8272-7a08553b60f2,5b63d38b-378b-444d-a65c-16b5815b060b,c3,DROP,1008,e10,?,
1769471130.3356457,RECEIVED,f39dc6be-1e8d-47f4-8f88-32992b2a1c40,590b20f6-4dca-49b7-83bb-48dba02f8662,c5,DROP,1008,e7,?,
1769471130.3441598,SENT,0336ca65-29e9-4e25-a792-1ca008a05e9d,2f00c649-34c4-454b-8696-7b3879343d42,c4,DROP,685,?,x8,
1769471130.3442025,FORWARDED,0336ca65-29e9-4e25-a792-1ca008a05e9d,2f00c649-34c4-454b-8696-7b3879343d42,c4,DROP,685,?,x8,
1769471130.4218009,SENT,f39dc6be-1e8d-47f4-8f88-32992b2a1c40,590b20f6-4dca-49b7-83bb-48dba02f8662,c5,DROP,684,?,x1,
1769471130.4218416,FORWARDED,f39dc6be-1e8d-47f4-8f88-32992b2a1c40,590b20f6-4dca-49b7-83bb-48dba02f8662,c5,DROP,684,?,x1,
1769471130.4372098,SENT,f7e36ef6-b2e2-4aba-8272-7a08553b60f2,5b63d38b-378b-444d-a65c-16b5815b060b,c3,DROP,683,?,x3,
1769471130.4372501,FORWARDED,f7e36ef6-b2e2-4aba-8272-7a08553b60f2,5b63d38b-378b-444d-a65c-16b5815b060b,c3,DROP,683,?,x3,
1769471130.464204,RECEIVED,be9f094c-5327-41e2-b9e8-2617e91afb7d,b094840f-9b83-4c5a-8c4d-c4cb09c64b0d,c5,DROP,1016,e9,?,
1769471130.4979892,RECEIVED,d835db8d-7f69-450a-b224-ac0f338331dd,c843ce1b-d753-4c84-a4ab-82a4502b6cc6,c5,DROP,1012,e1,?,
1769471130.4982302,RECEIVED,021bc55d-2fa0-4b1c-b820-dd625feab29c,8d9f5741-e3f4-48a0-95e0-26acebff7d38,c5,DROP,1009,e9,?,
1769471130.5429668,SENT,021bc55d-2fa0-4b1c-b820-dd625feab29c,8d9f5741-e3f4-48a0-95e0-26acebff7d38,c5,DROP,684,?,x2,
1769471130.543019,FORWARDED,021bc55d-2fa0-4b1c-b820-dd625feab29c,8d9f5741-e3f4-48a0-95e0-26acebff7d38,c5,DROP,684,?,x2,
1769471130.5465598,SENT,d835db8d-7f69-450a-b224-ac0f338331dd,c843ce1b-d753-4c84-a4ab-82a4502b6cc6,c5,DROP,686,?,x9,
1769471130.546613,FORWARDED,d835db8d-7f69-450a-b224-ac0f338331dd,c843ce1b-d753-4c84-a4ab-82a4502b6cc6,c5,DROP,686,?,x9,
1769471130.6011815,SENT,be9f094c-5327-41e2-b9e8-2617e91afb7d,b094840f-9b83-4c5a-8c4d-c4cb09c64b0d,c5,DROP,688,?,x8,
1769471130.601224,FORWARDED,be9f094c-5327-41e2-b9e8-2617e91afb7d,b094840f-9b83-4c5a-8c4d-c4cb09c64b0d,c5,DROP,688,?,x8,
1769471130.6806066,RECEIVED,1b13279d-18a6-45db-9796-a9d95f333c9b,adf98582-45ac-4402-87be-806834853088,c3,c1,1780,e10,?,
1769471130.8842912,RECEIVED,70e3c8e1-e894-4de3-b876-8563967a17db,83f55cde-16b3-4783-96cf-cc95b424d39d,c2,DROP,1013,e4,?,
1769471130.9226851,SENT,1b13279d-18a6-45db-9796-a9d95f333c9b,adf98582-45ac-4402-87be-806834853088,c3,c1,1261,?,x12,
1769471130.9227226,FORWARDED,1b13279d-18a6-45db-9796-a9d95f333c9b,adf98582-45ac-4402-87be-806834853088,c3,c1,1261,?,x12,
1769471131.2988074,SENT,70e3c8e1-e894-4de3-b876-8563967a17db,83f55cde-16b3-4783-96cf-cc95b424d39d,c2,DROP,687,?,x10,
1769471131.2988472,FORWARDED,70e3c8e1-e894-4de3-b876-8563967a17db,83f55cde-16b3-4783-96cf-cc95b424d39d,c2,DROP,687,?,x10,
1769471131.4215493,RECEIVED,6d549cb5-66d3-4a9e-a9a9-c1ca3411e27c,57927fe3-b15b-4804-a20b-4130eeff704d,c5,c1,1776,e4,?,
1769471131.447957,RECEIVED,d1aa0d83-472f-4add-89e3-644cf9d8e5c7,607f9bc1-2d5d-4958-b32b-dd749c633677,c4,DROP,1018,e3,?,
1769471131.5329542,SENT,d1aa0d83-472f-4add-89e3-644cf9d8e5c7,607f9bc1-2d5d-4958-b32b-dd749c633677,c4,DROP,688,?,x2,
1769471131.5329947,FORWARDED,d1aa0d83-472f-4add-89e3-644cf9d8e5c7,607f9bc1-2d5d-4958-b32b-dd749c633677,c4,DROP,688,?,x2,
1769471131.8199413,SENT,6d549cb5-66d3-4a9e-a9a9-c1ca3411e27c,57927fe3-b15b-4804-a20b-4130eeff704d,c5,c1,1259,?,x1,
1769471131.8199751,FORWARDED,6d549cb5-66d3-4a9e-a9a9-c1ca3411e27c,57927fe3-b15b-4804-a20b-4130eeff704d,c5,c1,1259,?,x1,
1769471131.8583097,RECEIVED,1fd40273-2a15-451b-868e-13bf0d0fb4f0,b1df96ba-4417-4137-991c-c737ebc1040b,c3,DROP,1013,e4,?,
1769471131.9051106,RECEIVED,87d38089-68a3-4934-ba84-50a68a1a2c79,6c59291a-c42f-433a-b484-4a17726bca45,c2,c4,1763,e2,?,
1769471131.9849882,RECEIVED,c8faf115-f0e0-4cbf-b305-5be9c95268c0,af1f3c62-2409-44d4-b5c1-4beeadf7fd04,c4,c3,1783,e11,?,
1769471132.0197709,RECEIVED,e4f8e57b-546c-4245-a78e-8db5adc4506f,57519b57-10f8-4c5a-9c47-597787827150,c2,DROP,1007,e9,?,
1769471132.1048746,RECEIVED,dbf7fc40-e698-4ef1-a000-5c98d0f85d6b,6ee612b8-313e-40a4-bfed-cc2831a543ba,c5,DROP,1010,e10,?,
1769471132.1172688,SENT,1fd40273-2a15-451b-868e-13bf0d0fb4f0,b1df96ba-4417-4137-991c-c737ebc1040b,c3,DROP,687,?,x11,
1769471132.1173077,FORWARDED,1fd40273-2a15-451b-868e-13bf0d0fb4f0,b1df96ba-4417-4137-991c-c737ebc1040b,c3,DROP,687,?,x11,
1769471132.2134054,SENT,87d38089-68a3-4934-ba84-50a68a1a2c79,6c59291a-c42f-433a-b484-4a17726bca45,c2,c4,1251,?,x9,
1769471132.213444,FORWARDED,87d38089-68a3-4934-ba84-50a68a1a2c79,6c59291a-c42f-433a-b484-4a17726bca45,c2,c4,1251,?,x9,
1769471132.3055773,RECEIVED,5ebd370c-4698-421c-8bef-4faab847a429,1bc53b8f-8d98-4a5b-bff6-ca99778db5ac,c3,DROP,1019,e10,?,
1769471132.3058834,SENT,c8faf115-f0e0-4cbf-b305-5be9c95268c0,af1f3c62-2409-44d4-b5c1-4beeadf7fd04,c4,c3,1264,?,x5,
1769471132.305923,FORWARDED,c8faf115-f0e0-4cbf-b305-5be9c95268c0,af1f3c62-2409-44d4-b5c1-4beeadf7fd04,c4,c3,1264,?,x5,
1769471132.3230612,RECEIVED,6e1c5607-bbad-408f-9cee-fa5943b2a3bc,96f55386-e38a-4137-9226-6a03cba461ba,c1,None,1600,e5,?,
1769471132.4623535,SENT,6e1c5607-bbad-408f-9cee-fa5943b2a3bc,96f55386-e38a-4137-9226-6a03cba461ba,c1,None,1128,?,x10,
1769471132.4623885,FORWARDED,6e1c5607-bbad-408f-9cee-fa5943b2a3bc,96f55386-e38a-4137-9226-6a03cba461ba,c1,None,1128,?,x10,
1769471132.5096045,RECEIVED,735fc676-7449-45dc-b67a-884c04fae9a8,c7da63ab-0d97-4743-8f98-fc4eb7c45100,c1,DROP,1008,e11,?,
1769471132.7464814,SENT,735fc676-7449-45dc-b67a-884c04fae9a8,c7da63ab-0d97-4743-8f98-fc4eb7c45100,c1,DROP,684,?,x9,
1769471132.746521,FORWARDED,735fc676-7449-45dc-b67a-884c04fae9a8,c7da63ab-0d97-4743-8f98-fc4eb7c45100,c1,DROP,684,?,x9,
1769471132.8073902,SENT,dbf7fc40-e698-4ef1-a000-5c98d0f85d6b,6ee612b8-313e-40a4-bfed-cc2831a543ba,c5,DROP,687,?,x1,
1769471132.8074312,FORWARDED,dbf7fc40-e698-4ef1-a000-5c98d0f85d6b,6ee612b8-313e-40a4-bfed-cc2831a543ba,c5,DROP,687,?,x1,
1769471132.8879375,SENT,e4f8e57b-546c-4245-a78e-8db5adc4506f,57519b57-10f8-4c5a-9c47-597787827150,c2,DROP,683,?,x9,
1769471132.8879805,FORWARDED,e4f8e57b-546c-4245-a78e-8db5adc4506f,57519b57-10f8-4c5a-9c47-597787827150,c2,DROP,683,?,x9,
1769471132.9379158,RECEIVED,e26fe706-0520-4cc7-ab13-5a3721386c70,bb33b72c-b97b-4b03-a21c-347d078531a0,c2,DROP,1003,e3,?,
1769471132.9826493,SENT,5ebd370c-4698-421c-8bef-4faab847a429,1bc53b8f-8d98-4a5b-bff6-ca99778db5ac,c3,DROP,692,?,x10,
1769471132.9827018,FORWARDED,5ebd370c-4698-421c-8bef-4faab847a429,1bc53b8f-8d98-4a5b-bff6-ca99778db5ac,c3,DROP,692,?,x10,
1769471133.1314251,RECEIVED,bdfbcedc-d762-4674-a959-cd74403e3f71,5fbf7736-ceba-4457-998d-1cde7ccf585c,c1,c3,1771,e2,?,
1769471133.1516914,RECEIVED,e8c04447-2037-4ec1-80d5-b8511403eb88,3418578c-0fcc-471f-9608-5bbc2bf2444f,c1,DROP,1009,e3,?,
1769471133.1885924,RECEIVED,87aab54b-ea3d-4665-9317-ca6a5dcc2427,175ae67b-b1fc-4e4e-9ff2-78155df0c35e,c2,DROP,1011,e6,?,
1769471133.1889825,SENT,e8c04447-2037-4ec1-80d5-b8511403eb88,3418578c-0fcc-471f-9608-5bbc2bf2444f,c1,DROP,683,?,x1,
1769471133.1890163,FORWARDED,e8c04447-2037-4ec1-80d5-b8511403eb88,3418578c-0fcc-471f-9608-5bbc2bf2444f,c1,DROP,683,?,x1,
1769471133.2022183,RECEIVED,e6fde1ba-e4c1-472a-b248-68a06b7f25e4,d1bad539-f242-4723-8278-98e9b86888a1,c4,c3,1767,e2,?,
1769471133.2170136,RECEIVED,cbaff340-fde5-4231-a3a3-a514b72f76b0,f189ba92-fb32-4558-8224-6719fa79fd9e,c3,None,1595,e11,?,
1769471133.257786,RECEIVED,c14595fa-8829-4f56-9369-d5b90f78e7f4,596d0827-e2d4-4d96-92fa-72ce96576139,c1,DROP,1007,e3,?,
1769471133.2718267,RECEIVED,26240037-e311-4e1e-816c-cbf9eefe2ac3,5815d793-6167-481f-8480-528aa7c4698f,c2,DROP,1020,e11,?,
1769471133.3159602,SENT,e26fe706-0520-4cc7-ab13-5a3721386c70,bb33b72c-b97b-4b03-a21c-347d078531a0,c2,DROP,680,?,x3,
1769471133.3159995,FORWARDED,e26fe706-0520-4cc7-ab13-5a3721386c70,bb33b72c-b97b-4b03-a21c-347d078531a0,c2,DROP,680,?,x3,
1769471133.3208325,RECEIVED,ca3e3326-1309-4e2a-9d7e-d8cdc103346a,9b33f535-5f5c-439f-b304-ac1170af5638,c5,DROP,1010,e5,?,
1769471133.3731565,RECEIVED,32a5c475-fbcf-4c70-ab47-ca784c25269e,9135c455-e791-4efd-8b59-d7f13422863c,c5,DROP,1016,e9,?,
1769471133.4343133,RECEIVED,838cdf58-4d47-414c-b7c3-1043b6810db2,fd2d6236-8dda-4e9b-b53e-c700a3bc50c5,c3,c1,1766,e3,?,
1769471133.5324264,SENT,c14595fa-8829-4f56-9369-d5b90f78e7f4,596d0827-e2d4-4d96-92fa-72ce96576139,c1,DROP,683,?,x10,
1769471133.532466,FORWARDED,c14595fa-8829-4f56-9369-d5b90f78e7f4,596d0827-e2d4-4d96-92fa-72ce96576139,c1,DROP,683,?,x10,
1769471133.5770004,SENT,cbaff340-fde5-4231-a3a3-a514b72f76b0,f189ba92-fb32-4558-8224-6719fa79fd9e,c3,None,1124,?,x7,
1769471133.5770433,FORWARDED,cbaff340-fde5-4231-a3a3-a514b72f76b0,f189ba92-fb32-4558-8224-6719fa79fd9e,c3,None,1124,?,x7,
1769471133.5777006,RECEIVED,d61a2a49-1d78-4ffa-b206-0901a6995093,cd2bb776-1dfb-4d6b-ae63-c4f95d31b186,c3,c1,1775,e8,?,
1769471133.6450849,RECEIVED,262bd87f-43c5-4ffa-867e-d7bddd138dab,b9f36e07-c94a-4add-bf42-e4de2c1e3648,c5,DROP,1013,e8,?,
1769471133.648329,RECEIVED,40c76135-ed53-4bb2-b386-202cb977ba4a,b1be2657-f703-4b3e-83d8-ffb4073f09f3,c4,DROP,1012,e6,?,
1769471133.6826503,SENT,bdfbcedc-d762-4674-a959-cd74403e3f71,5fbf7736-ceba-4457-998d-1cde7ccf585c,c1,c3,1255,?,x6,
1769471133.6826873,FORWARDED,bdfbcedc-d762-4674-a959-cd74403e3f71,5fbf7736-ceba-4457-998d-1cde7ccf585c,c1,c3,1255,?,x6,
1769471133.689889,SENT,ca3e3326-1309-4e2a-9d7e-d8cdc103346a,9b33f535-5f5c-439f-b304-ac1170af5638,c5,DROP,687,?,x3,
1769471133.6899304,FORWARDED,ca3e3326-1309-4e2a-9d7e-d8cdc103346a,9b33f535-5f5c-439f-b304-ac1170af5638,c5,DROP,687,?,x3,
1769471133.714538,RECEIVED,dc49d374-053a-42a2-b657-fac4f47adfe1,d347d50a-f28c-4d0d-b698-359629e4c214,c4,c3,1772,e3,?,
1769471133.74836,SENT,26240037-e311-4e1e-816c-cbf9eefe2ac3,5815d793-6167-481f-8480-528aa7c4698f,c2,DROP,692,?,x10,
1769471133.7484128,FORWARDED,26240037-e311-4e1e-816c-cbf9eefe2ac3,5815d793-6167-481f-8480-528aa7c4698f,c2,DROP,692,?,x10,
1769471133.7741246,SENT,dc49d374-053a-42a2-b657-fac4f47adfe1,d347d50a-f28c-4d0d-b698-359629e4c214,c4,c3,1256,?,x8,
1769471133.7741628,FORWARDED,dc49d374-053a-42a2-b657-fac4f47adfe1,d347d50a-f28c-4d0d-b698-359629e4c214,c4,c3,1256,?,x8,
1769471133.8703036,SENT,262bd87f-43c5-4ffa-867e-d7bddd138dab,b9f36e07-c94a-4add-bf42-e4de2c1e3648,c5,DROP,687,?,x11,
1769471133.8703501,FORWARDED,262bd87f-43c5-4ffa-867e-d7bddd138dab,b9f36e07-c94a-4add-bf42-e4de2c1e3648,c5,DROP,687,?,x11,
1769471133.9950945,SENT,32a5c475-fbcf-4c70-ab47-ca784c25269e,9135c455-e791-4efd-8b59-d7f13422863c,c5,DROP,688,?,x11,
1769471133.995134,FORWARDED,32a5c475-fbcf-4c70-ab47-ca784c25269e,9135c455-e791-4efd-8b59-d7f13422863c,c5,DROP,688,?,x11,
1769471134.125413,SENT,d61a2a49-1d78-4ffa-b206-0901a6995093,cd2bb776-1dfb-4d6b-ae63-c4f95d31b186,c3,c1,1259,?,x2,
1769471134.1254559,FORWARDED,d61a2a49-1d78-4ffa-b206-0901a6995093,cd2bb776-1dfb-4d6b-ae63-c4f95d31b186,c3,c1,1259,?,x2,
1769471134.2056909,SENT,87aab54b-ea3d-4665-9317-ca6a5dcc2427,175ae67b-b1fc-4e4e-9ff2-78155df0c35e,c2,DROP,686,?,x4,
1769471134.2057285,FORWARDED,87aab54b-ea3d-4665-9317-ca6a5dcc2427,175ae67b-b1fc-4e4e-9ff2-78155df0c35e,c2,DROP,686,?,x4,
1769471134.2618372,SENT,838cdf58-4d47-414c-b7c3-1043b6810db2,fd2d6236-8dda-4e9b-b53e-c700a3bc50c5,c3,c1,1254,?,x6,
1769471134.2618794,FORWARDED,838cdf58-4d47-414c-b7c3-1043b6810db2,fd2d6236-8dda-4e9b-b53e-c700a3bc50c5,c3,c1,1254,?,x6,
1769471134.299335,SENT,40c76135-ed53-4bb2-b386-202cb977ba4a,b1be2657-f703-4b3e-83d8-ffb4073f09f3,c4,DROP,687,?,x12,
1769471134.2993753,FORWARDED,40c76135-ed53-4bb2-b386-202cb977ba4a,b1be2657-f703-4b3e-83d8-ffb4073f09f3,c4,DROP,687,?,x12,
1769471134.3186662,RECEIVED,64c83670-0726-417c-b8b3-d4bf04294d54,665f762c-3014-485c-9b6c-30188e4c1906,c2,DROP,442,x10,?,
1769471134.359685,RECEIVED,344d6ceb-ab35-4f46-b98d-c298cbae888e,fd65bd6b-719f-4c9c-b867-18d03151b3b9,c2,DROP,1012,e6,?,
1769471134.4275625,RECEIVED,3855ecb3-8a4d-4afd-958b-c35b9a5533eb,a5db8ad6-73aa-4eb1-85ae-c09f83e5af00,c4,DROP,1019,e10,?,
1769471134.4649584,SENT,344d6ceb-ab35-4f46-b98d-c298cbae888e,fd65bd6b-719f-4c9c-b867-18d03151b3b9,c2,DROP,687,?,x1,
1769471134.464999,FORWARDED,344d6ceb-ab35-4f46-b98d-c298cbae888e,fd65bd6b-719f-4c9c-b867-18d03151b3b9,c2,DROP,687,?,x1,
1769471134.6599147,RECEIVED,6b01e1b8-bfa4-43ff-b0a2-130dbe476f7d,72c51e50-4c8c-41bc-bda4-9bfd46f98583,c5,DROP,442,x10,?,
1769471134.7210236,SENT,3855ecb3-8a4d-4afd-958b-c35b9a5533eb,a5db8ad6-73aa-4eb1-85ae-c09f83e5af00,c4,DROP,692,?,x3,
1769471134.7210739,FORWARDED,3855ecb3-8a4d-4afd-958b-c35b9a5533eb,a5db8ad6-73aa-4eb1-85ae-c09f83e5af00,c4,DROP,692,?,x3,
1769471134.787693,RECEIVED,4423bd7f-c24c-49c7-b21a-c12cc700a162,ce6d81d9-0237-4059-a3cf-2460b771b4ca,c2,DROP,1020,e10,?,
1769471134.8315852,RECEIVED,aecc9689-eb79-4f14-9c0b-19cb97957ff2,c7c68a05-e3ba-40d7-9bdd-c772cc5ca0b6,c3,DROP,1007,e8,?,
1769471134.8459263,RECEIVED,899fab06-055b-489b-8001-e35874ba8435,8186aa9f-f4d5-4663-bcbd-a20b28aa4a67,c3,DROP,441,x12,?,
1769471134.8491962,RECEIVED,76ff6539-6d61-4000-8999-e281cbeada60,16a105bf-722d-472d-b449-7b934330ce0a,c2,DROP,1006,e6,?,
1769471135.4763424,SENT,aecc9689-eb79-4f14-9c0b-19cb97957ff2,c7c68a05-e3ba-40d7-9bdd-c772cc5ca0b6,c3,DROP,684,?,x1,
1769471135.4763842,FORWARDED,aecc9689-eb79-4f14-9c0b-19cb97957ff2,c7c68a05-e3ba-40d7-9bdd-c772cc5ca0b6,c3,DROP,684,?,x1,
1769471135.7917063,SENT,4423bd7f-c24c-49c7-b21a-c12cc700a162,ce6d81d9-0237-4059-a3cf-2460b771b4ca,c2,DROP,692,?,x11,
1769471135.7917414,FORWARDED,4423bd7f-c24c-49c7-b21a-c12cc700a162,ce6d81d9-0237-4059-a3cf-2460b771b4ca,c2,DROP,692,?,x11,
1769471136.0262773,SENT,e6fde1ba-e4c1-472a-b248-68a06b7f25e4,d1bad539-f242-4723-8278-98e9b86888a1,c4,c3,1252,?,x3,
1769471136.0263417,FORWARDED,e6fde1ba-e4c1-472a-b248-68a06b7f25e4,d1bad539-f242-4723-8278-98e9b86888a1,c4,c3,1252,?,x3,
1769471136.0548902,RECEIVED,0faa15bb-7504-438b-9e31-188b2b76cb64,7684ae9c-dd90-4509-9840-7e2f658a4a86,c1,DROP,1011,e1,?,
1769471136.112415,RECEIVED,24c30b83-50fc-4f82-90b3-006c9bc5661b,a77131af-ca36-40b6-9e6e-8f6b9c10f48d,c3,DROP,1009,e9,?,
1769471136.1202276,SENT,76ff6539-6d61-4000-8999-e281cbeada60,16a105bf-722d-472d-b449-7b934330ce0a,c2,DROP,683,?,x9,
1769471136.1203325,FORWARDED,76ff6539-6d61-4000-8999-e281cbeada60,16a105bf-722d-472d-b449-7b934330ce0a,c2,DROP,683,?,x9,
1769471136.2394614,SENT,24c30b83-50fc-4f82-90b3-006c9bc5661b,a77131af-ca36-40b6-9e6e-8f6b9c10f48d,c3,DROP,683,?,x10,
1769471136.239499,FORWARDED,24c30b83-50fc-4f82-90b3-006c9bc5661b,a77131af-ca36-40b6-9e6e-8f6b9c10f48d,c3,DROP,683,?,x10,
1769471136.2550366,RECEIVED,c42fdb83-4353-435a-9ec6-dff06ce0e317,6f6c744b-dc7d-433d-8973-fabc444e6a5f,c3,None,1594,e9,?,
1769471136.2642102,RECEIVED,21093221-e77e-4c8c-9d9f-a09c1078c560,6da17b54-8fab-4af3-b55d-1001e318edc3,c2,DROP,1016,e7,?,
1769471136.5025833,SENT,21093221-e77e-4c8c-9d9f-a09c1078c560,6da17b54-8fab-4af3-b55d-1001e318edc3,c2,DROP,688,?,x1,
1769471136.5026276,FORWARDED,21093221-e77e-4c8c-9d9f-a09c1078c560,6da17b54-8fab-4af3-b55d-1001e318edc3,c2,DROP,688,?,x1,
1769471136.585883,RECEIVED,c57b9930-6041-4880-b4fc-c52e2026d6ab,e5186688-9c0e-4f7f-a45f-24cbcb102c72,c5,DROP,1017,e10,?,
1769471136.7062232,RECEIVED,01d639d7-8d44-4c62-80a4-518221ab0dea,cbb07d09-f7ee-450c-8c57-8330730fe61c,c5,c1,1761,e1,?,
1769471136.7096019,RECEIVED,c9c1a03c-4ef2-4602-a3df-a30cf2ec391e,f0b25f32-4efb-41ca-9e84-2a1831e0666c,c3,DROP,1009,e1,?,
1769471136.7221498,SENT,01d639d7-8d44-4c62-80a4-518221ab0dea,cbb07d09-f7ee-450c-8c57-8330730fe61c,c5,c1,1247,?,x3,
1769471136.7221913,FORWARDED,01d639d7-8d44-4c62-80a4-518221ab0dea,cbb07d09-f7ee-450c-8c57-8330730fe61c,c5,c1,1247,?,x3,
1769471136.7234473,SENT,c57b9930-6041-4880-b4fc-c52e2026d6ab,e5186688-9c0e-4f7f-a45f-24cbcb102c72,c5,DROP,690,?,x11,
1769471136.7234874,FORWARDED,c57b9930-6041-4880-b4fc-c52e2026d6ab,e5186688-9c0e-4f7f-a45f-24cbcb102c72,c5,DROP,690,?,x11,
1769471136.7602756,RECEIVED,b96f0b42-304d-4841-bf4c-e2e1229f6518,0ecc6423-e031-40a0-8a63-474ee75b65a8,c3,None,1612,e10,?,
1769471136.8197765,RECEIVED,b910f061-c99a-462a-a039-d93dbf540dfe,5312f276-1193-42e6-b492-aa018940927e,c1,c3,1780,e2,?,
1769471136.823442,SENT,c9c1a03c-4ef2-4602-a3df-a30cf2ec391e,f0b25f32-4efb-41ca-9e84-2a1831e0666c,c3,DROP,683,?,x11,
1769471136.823482,FORWARDED,c9c1a03c-4ef2-4602-a3df-a30cf2ec391e,f0b25f32-4efb-41ca-9e84-2a1831e0666c,c3,DROP,683,?,x11,
1769471136.9278648,SENT,c42fdb83-4353-435a-9ec6-dff06ce0e317,6f6c744b-dc7d-433d-8973-fabc444e6a5f,c3,None,1124,?,x2,
1769471136.927908,FORWARDED,c42fdb83-4353-435a-9ec6-dff06ce0e317,6f6c744b-dc7d-433d-8973-fabc444e6a5f,c3,None,1124,?,x2,
1769471137.041365,SENT,0faa15bb-7504-438b-9e31-188b2b76cb64,7684ae9c-dd90-4509-9840-7e2f658a4a86,c1,DROP,686,?,x9,
1769471137.041409,FORWARDED,0faa15bb-7504-438b-9e31-188b2b76cb64,7684ae9c-dd90-4509-9840-7e2f658a4a86,c1,DROP,686,?,x9,
1769471137.0696495,SENT,b910f061-c99a-462a-a039-d93dbf540dfe,5312f276-1193-42e6-b492-aa018940927e,c1,c3,1263,?,x9,
1769471137.069692,FORWARDED,b910f061-c99a-462a-a039-d93dbf540dfe,5312f276-1193-42e6-b492-aa018940927e,c1,c3,1263,?,x9,
1769471137.085528,RECEIVED,79c1aa6a-8644-47f1-90b3-612f98bd6052,19834863-9bc8-4ddf-ad77-0920796c6c95,c5,DROP,1008,e5,?,
1769471137.1656194,SENT,b96f0b42-304d-4841-bf4c-e2e1229f6518,0ecc6423-e031-40a0-8a63-474ee75b65a8,c3,None,1136,?,x10,
1769471137.165663,FORWARDED,b96f0b42-304d-4841-bf4c-e2e1229f6518,0ecc6423-e031-40a0-8a63-474ee75b65a8,c3,None,1136,?,x10,
1769471137.2044964,RECEIVED,9d4fb84b-fc03-46a6-b6cf-b38af0b77b36,668f19de-14fe-4850-92bb-b93165b421f8,c4,None,1608,e5,?,
1769471137.2269797,RECEIVED,34152570-7eec-442a-92d5-adc5653b99f9,6c015d8e-c1d7-426a-9631-b748190cf3a3,c2,DROP,1008,e9,?,
1769471137.2719445,SENT,9d4fb84b-fc03-46a6-b6cf-b38af0b77b36,668f19de-14fe-4850-92bb-b93165b421f8,c4,None,1132,?,x1,
1769471137.2719886,FORWARDED,9d4fb84b-fc03-46a6-b6cf-b38af0b77b36,668f19de-14fe-4850-92bb-b93165b421f8,c4,None,1132,?,x1,
1769471137.2994676,RECEIVED,4fba5e54-7041-4aa7-b86a-26de821b3d22,02a3ae50-ba7e-442b-bb52-4db53bfb8a06,c2,DROP,1008,e8,?,
1769471137.3351173,RECEIVED,e127aef0-641d-41ad-9831-0f2530d8081a,dfba5db3-7f00-49db-9cc2-e7b0e675dae1,c4,None,1596,e4,?,
1769471137.3771496,RECEIVED,daa87d95-6cfb-4cf7-8b93-daac4716ee32,1498e74c-c9b1-4c92-8b59-c9fe47db9842,c2,c4,1781,e10,?,
1769471137.4039838,RECEIVED,0f7f9ca5-97c0-4f7d-909c-4409ad43183d,41499480-f3cb-4cfb-8dc3-e237b85cfa6a,c3,DROP,1025,e11,?,
1769471137.4775767,RECEIVED,e11f7f95-4b91-4103-a146-31f0a3e6a0f9,10c2e32b-e5c7-4b97-832a-aa6a753195d3,c4,DROP,1011,e7,?,
1769471137.4874234,SENT,daa87d95-6cfb-4cf7-8b93-daac4716ee32,1498e74c-c9b1-4c92-8b59-c9fe47db9842,c2,c4,1263,?,x10,
1769471137.4874651,FORWARDED,daa87d95-6cfb-4cf7-8b93-daac4716ee32,1498e74c-c9b1-4c92-8b59-c9fe47db9842,c2,c4,1263,?,x10,
1769471137.5075781,SENT,4fba5e54-7041-4aa7-b86a-26de821b3d22,02a3ae50-ba7e-442b-bb52-4db53bfb8a06,c2,DROP,684,?,x2,
1769471137.5076206,FORWARDED,4fba5e54-7041-4aa7-b86a-26de821b3d22,02a3ae50-ba7e-442b-bb52-4db53bfb8a06,c2,DROP,684,?,x2,
1769471137.5096748,SENT,0f7f9ca5-97c0-4f7d-909c-4409ad43183d,41499480-f3cb-4cfb-8dc3-e237b85cfa6a,c3,DROP,694,?,x12,
1769471137.509716,FORWARDED,0f7f9ca5-97c0-4f7d-909c-4409ad43183d,41499480-f3cb-4cfb-8dc3-e237b85cfa6a,c3,DROP,694,?,x12,
1769471137.5178843,SENT,e127aef0-641d-41ad-9831-0f2530d8081a,dfba5db3-7f00-49db-9cc2-e7b0e675dae1,c4,None,1123,?,x4,
1769471137.5179245,FORWARDED,e127aef0-641d-41ad-9831-0f2530d8081a,dfba5db3-7f00-49db-9cc2-e7b0e675dae1,c4,None,1123,?,x4,
1769471137.6456332,RECEIVED,77a876d2-15e9-46ea-8b2d-8dfde8f8c94c,3faf483e-361c-4d62-92f0-c99c6f87e501,c3,DROP,1008,e7,?,
1769471137.7225945,SENT,34152570-7eec-442a-92d5-adc5653b99f9,6c015d8e-c1d7-426a-9631-b748190cf3a3,c2,DROP,683,?,x1,
1769471137.7226384,FORWARDED,34152570-7eec-442a-92d5-adc5653b99f9,6c015d8e-c1d7-426a-9631-b748190cf3a3,c2,DROP,683,?,x1,
1769471137.8619666,SENT,e11f7f95-4b91-4103-a146-31f0a3e6a0f9,10c2e32b-e5c7-4b97-832a-aa6a753195d3,c4,DROP,686,?,x2,
1769471137.8620076,FORWARDED,e11f7f95-4b91-4103-a146-31f0a3e6a0f9,10c2e32b-e5c7-4b97-832a-aa6a753195d3,c4,DROP,686,?,x2,
1769471137.9035351,SENT,79c1aa6a-8644-47f1-90b3-612f98bd6052,19834863-9bc8-4ddf-ad77-0920796c6c95,c5,DROP,684,?,x10,
1769471137.903579,FORWARDED,79c1aa6a-8644-47f1-90b3-612f98bd6052,19834863-9bc8-4ddf-ad77-0920796c6c95,c5,DROP,684,?,x10,
1769471137.9255285,RECEIVED,a21907b7-f1c5-4fbd-896d-defdfbc013c7,a64a2c80-6472-4628-b368-16cede55025f,c4,DROP,1008,e4,?,
1769471138.0063798,SENT,a21907b7-f1c5-4fbd-896d-defdfbc013c7,a64a2c80-6472-4628-b368-16cede55025f,c4,DROP,683,?,x1,
1769471138.0064216,FORWARDED,a21907b7-f1c5-4fbd-896d-defdfbc013c7,a64a2c80-6472-4628-b368-16cede55025f,c4,DROP,683,?,x1,
1769471138.0150917,RECEIVED,96cbd60c-aabb-422a-99ce-190e27a22d57,ff53f84d-45fb-4856-b367-662e525b8d6c,c1,DROP,1005,e8,?,
1769471138.068164,SENT,77a876d2-15e9-46ea-8b2d-8dfde8f8c94c,3faf483e-361c-4d62-92f0-c99c6f87e501,c3,DROP,684,?,x8,
1769471138.068207,FORWARDED,77a876d2-15e9-46ea-8b2d-8dfde8f8c94c,3faf483e-361c-4d62-92f0-c99c6f87e501,c3,DROP,684,?,x8,
1769471138.2182019,RECEIVED,8166e2c6-bee5-48c0-a29f-a66a2f6e91af,b55a83eb-30f6-4ad3-a00a-77351aa539ec,c4,DROP,1020,e11,?,
1769471138.299193,RECEIVED,8fa3df6a-f2f1-4b75-98a7-fc1f91696836,616e0b42-7b97-4830-bf1e-7f9d4e7063b3,c3,None,1595,e7,?,
1769471138.3359785,SENT,96cbd60c-aabb-422a-99ce-190e27a22d57,ff53f84d-45fb-4856-b367-662e525b8d6c,c1,DROP,684,?,x3,
1769471138.3360202,FORWARDED,96cbd60c-aabb-422a-99ce-190e27a22d57,ff53f84d-45fb-4856-b367-662e525b8d6c,c1,DROP,684,?,x3,
1769471138.5403278,RECEIVED,6092d681-27d4-4767-b401-8cbed6a032eb,63d26fc9-2a77-4b32-b2a1-82c73c145d67,c5,c1,1775,e7,?,
1769471138.5649347,RECEIVED,810d5879-3287-474b-bffd-d7208457cbb6,6985ff2f-42c2-4df0-bb5d-92f4505111f0,c5,DROP,1012,e4,?,
1769471138.6694024,RECEIVED,62c851f9-567e-46d1-8437-bba1b6e81796,050ff88c-1ed1-4180-bae3-42cb0ef367d3,c4,DROP,1007,e3,?,
1769471138.6972125,RECEIVED,c9c1080d-4f9a-48b2-ba4d-3d41c424474d,f00e3bbc-913d-410b-bf02-c13bc6b4400e,c5,c1,1768,e1,?,
1769471138.7580063,RECEIVED,6e621b39-0c66-42c2-b4f0-b86fd16436fa,b48ec86a-be2b-4271-8808-2d771360ca9c,c1,DROP,437,x9,?,
1769471138.7648916,SENT,810d5879-3287-474b-bffd-d7208457cbb6,6985ff2f-42c2-4df0-bb5d-92f4505111f0,c5,DROP,685,?,x4,
1769471138.7649434,FORWARDED,810d5879-3287-474b-bffd-d7208457cbb6,6985ff2f-42c2-4df0-bb5d-92f4505111f0,c5,DROP,685,?,x4,
1769471138.7815251,RECEIVED,6ba739c6-7996-485a-934e-81e477f85a49,e5e826b7-efee-405e-bf18-fd70a7f3ad07,c4,None,1600,e8,?,
1769471138.841965,SENT,6092d681-27d4-4767-b401-8cbed6a032eb,63d26fc9-2a77-4b32-b2a1-82c73c145d67,c5,c1,1259,?,x9,
1769471138.8420064,FORWARDED,6092d681-27d4-4767-b401-8cbed6a032eb,63d26fc9-2a77-4b32-b2a1-82c73c145d67,c5,c1,1259,?,x9,
1769471138.907701,SENT,c9c1080d-4f9a-48b2-ba4d-3d41c424474d,f00e3bbc-913d-410b-bf02-c13bc6b4400e,c5,c1,1253,?,x10,
1769471138.907744,FORWARDED,c9c1080d-4f9a-48b2-ba4d-3d41c424474d,f00e3bbc-913d-410b-bf02-c13bc6b4400e,c5,c1,1253,?,x10,
1769471138.9447463,RECEIVED,1e69681f-1481-4ceb-bf05-380ae8c18748,4869b8b9-6605-42b6-b58c-4b8019d0390c,c4,DROP,1011,e3,?,
1769471138.9631326,SENT,6ba739c6-7996-485a-934e-81e477f85a49,e5e826b7-efee-405e-bf18-fd70a7f3ad07,c4,None,1127,?,x9,
1769471138.9631734,FORWARDED,6ba739c6-7996-485a-934e-81e477f85a49,e5e826b7-efee-405e-bf18-fd70a7f3ad07,c4,None,1127,?,x9,
1769471138.9971325,SENT,62c851f9-567e-46d1-8437-bba1b6e81796,050ff88c-1ed1-4180-bae3-42cb0ef367d3,c4,DROP,683,?,x3,
1769471138.9971738,FORWARDED,62c851f9-567e-46d1-8437-bba1b6e81796,050ff88c-1ed1-4180-bae3-42cb0ef367d3,c4,DROP,683,?,x3,
1769471139.0077395,SENT,8fa3df6a-f2f1-4b75-98a7-fc1f91696836,616e0b42-7b97-4830-bf1e-7f9d4e7063b3,c3,None,1123,?,x4,
1769471139.0077813,FORWARDED,8fa3df6a-f2f1-4b75-98a7-fc1f91696836,616e0b42-7b97-4830-bf1e-7f9d4e7063b3,c3,None,1123,?,x4,
1769471139.3002062,RECEIVED,34439d93-6c0e-453d-add5-9c875666d8af,88604416-e1f9-446f-923b-b2aa2e92fd5c,c4,DROP,442,x6,?,
1769471139.34471,SENT,8166e2c6-bee5-48c0-a29f-a66a2f6e91af,b55a83eb-30f6-4ad3-a00a-77351aa539ec,c4,DROP,692,?,x11,
1769471139.344752,FORWARDED,8166e2c6-bee5-48c0-a29f-a66a2f6e91af,b55a83eb-30f6-4ad3-a00a-77351aa539ec,c4,DROP,692,?,x11,
1769471139.7220175,RECEIVED,57bd7cbd-9881-43c7-b0f1-f6e9f6ff16f5,28edb5ca-16b6-42c7-bf10-9ad733bf56aa,c1,DROP,1014,e2,?,
1769471139.7357972,RECEIVED,fab4e7da-0ef2-4a68-a1fb-4901dc7f5a6f,963e3f3a-5434-4e35-8da9-722427011496,c5,DROP,1008,e11,?,
1769471139.7471502,RECEIVED,ad8549a6-7c2c-458d-bbaf-ad4b6e6befed,e809d98a-7042-4f4e-9762-656ad28ed4c1,c3,DROP,1012,e12,?,
1769471139.9619148,RECEIVED,fc0f7b4c-4465-4663-b867-d308eb1cdd74,f95176ac-3347-4146-967c-3d4b6fe0f1a4,c1,c3,1784,e10,?,
1769471140.0592506,SENT,57bd7cbd-9881-43c7-b0f1-f6e9f6ff16f5,28edb5ca-16b6-42c7-bf10-9ad733bf56aa,c1,DROP,688,?,x2,
1769471140.0592957,FORWARDED,57bd7cbd-9881-43c7-b0f1-f6e9f6ff16f5,28edb5ca-16b6-42c7-bf10-9ad733bf56aa,c1,DROP,688,?,x2,
1769471140.070106,SENT,ad8549a6-7c2c-458d-bbaf-ad4b6e6befed,e809d98a-7042-4f4e-9762-656ad28ed4c1,c3,DROP,685,?,x8,
1769471140.070154,FORWARDED,ad8549a6-7c2c-458d-bbaf-ad4b6e6befed,e809d98a-7042-4f4e-9762-656ad28ed4c1,c3,DROP,685,?,x8,
1769471140.1435623,SENT,fab4e7da-0ef2-4a68-a1fb-4901dc7f5a6f,963e3f3a-5434-4e35-8da9-722427011496,c5,DROP,683,?,x9,
1769471140.143605,FORWARDED,fab4e7da-0ef2-4a68-a1fb-4901dc7f5a6f,963e3f3a-5434-4e35-8da9-722427011496,c5,DROP,683,?,x9,
1769471140.2404408,SENT,fc0f7b4c-4465-4663-b867-d308eb1cdd74,f95176ac-3347-4146-967c-3d4b6fe0f1a4,c1,c3,1264,?,x5,
1769471140.24048,FORWARDED,fc0f7b4c-4465-4663-b867-d308eb1cdd74,f95176ac-3347-4146-967c-3d4b6fe0f1a4,c1,c3,1264,?,x5,
1769471140.2844915,RECEIVED,d30a9402-8567-4664-9733-3608bbb617c3,0aa36f32-87bd-4f34-935e-69911bb82250,c2,DROP,443,x2,?,
1769471140.4274454,RECEIVED,8ee0ba8a-0972-4939-899b-ef0f000feff4,5e90d7d7-155e-467a-947b-9d90837496f5,c4,DROP,441,x11,?,
1769471140.5111983,SENT,1e69681f-1481-4ceb-bf05-380ae8c18748,4869b8b9-6605-42b6-b58c-4b8019d0390c,c4,DROP,686,?,x1,
1769471140.511243,FORWARDED,1e69681f-1481-4ceb-bf05-380ae8c18748,4869b8b9-6605-42b6-b58c-4b8019d0390c,c4,DROP,686,?,x1,
1769471140.8905404,RECEIVED,e3e8a52f-9e6d-4c4b-a82b-9fc5c5a5c0ec,839c7b5c-4e43-4282-8de5-d34c90c90870,c4,DROP,1014,e6,?,
1769471141.092792,RECEIVED,a3d0f25e-4bfc-41a6-8d6a-b3b295657b92,d3e4a2a3-275a-4849-b8ea-89381ead508e,c4,DROP,1007,e9,?,
1769471141.4552603,RECEIVED,3d5b3356-de8a-4308-893e-78486511a0fe,026071d8-cf35-4a31-84f8-845d2ed1a224,c2,DROP,1007,e5,?,
1769471141.6137488,RECEIVED,152327e2-0389-4a18-9062-cec8f6df266a,8254c942-19d0-4b76-afdb-e4e1c449da18,c3,DROP,1011,e8,?,
1769471141.705704,SENT,e3e8a52f-9e6d-4c4b-a82b-9fc5c5a5c0ec,839c7b5c-4e43-4282-8de5-d34c90c90870,c4,DROP,689,?,x8,
1769471141.705744,FORWARDED,e3e8a52f-9e6d-4c4b-a82b-9fc5c5a5c0ec,839c7b5c-4e43-4282-8de5-d34c90c90870,c4,DROP,689,?,x8,
1769471141.753636,RECEIVED,4af94b50-7e83-4b38-a3b7-5d4ed594de4f,8cee489b-c379-4798-b01c-a9a7dc6dc033,c3,DROP,442,x10,?,
1769471141.8913188,RECEIVED,c5241509-e089-4b12-bceb-5f3bd206c1e7,405e2f6e-1bfd-48c4-a3a7-934941edc7cb,c3,DROP,1008,e9,?,
1769471141.9285157,SENT,c5241509-e089-4b12-bceb-5f3bd206c1e7,405e2f6e-1bfd-48c4-a3a7-934941edc7cb,c3,DROP,683,?,x11,
1769471141.928558,FORWARDED,c5241509-e089-4b12-bceb-5f3bd206c1e7,405e2f6e-1bfd-48c4-a3a7-934941edc7cb,c3,DROP,683,?,x11,
1769471141.9532468,RECEIVED,7192b203-131d-40a3-ae69-0e631119f317,4065a7be-d8f7-4962-9fdb-3b8d863b375a,c3,DROP,1007,e8,?,
1769471142.0524914,RECEIVED,aac503d2-22d1-40f2-8170-cbdc01d5e521,f2979b55-07ad-478d-9a63-b921ddcd171d,c5,DROP,1015,e10,?,
1769471142.1499054,SENT,3d5b3356-de8a-4308-893e-78486511a0fe,026071d8-cf35-4a31-84f8-845d2ed1a224,c2,DROP,683,?,x8,
1769471142.1499455,FORWARDED,3d5b3356-de8a-4308-893e-78486511a0fe,026071d8-cf35-4a31-84f8-845d2ed1a224,c2,DROP,683,?,x8,
1769471142.1734118,RECEIVED,7a993523-4e40-4005-8c55-33af139225c5,48819bef-2628-4409-8837-7a2d38ac3300,c4,DROP,441,x9,?,
1769471142.4461672,SENT,aac503d2-22d1-40f2-8170-cbdc01d5e521,f2979b55-07ad-478d-9a63-b921ddcd171d,c5,DROP,688,?,x7,
1769471142.4462109,FORWARDED,aac503d2-22d1-40f2-8170-cbdc01d5e521,f2979b55-07ad-478d-9a63-b921ddcd171d,c5,DROP,688,?,x7,
1769471142.5253143,SENT,152327e2-0389-4a18-9062-cec8f6df266a,8254c942-19d0-4b76-afdb-e4e1c449da18,c3,DROP,685,?,x5,
1769471142.5253572,FORWARDED,152327e2-0389-4a18-9062-cec8f6df266a,8254c942-19d0-4b76-afdb-e4e1c449da18,c3,DROP,685,?,x5,
1769471142.5442092,RECEIVED,259d6eb2-28dc-4a50-9976-64a5515723fb,812f6798-34a7-4df5-b0ba-8bf605c7dee0,c3,None,1599,e3,?,
1769471142.6655006,RECEIVED,4a8e6d8f-ba1e-4a05-8d2d-7251ef265ad8,0f248d2a-9994-49e9-adb7-e30df965e376,c4,DROP,1013,e7,?,
1769471142.7054281,SENT,4a8e6d8f-ba1e-4a05-8d2d-7251ef265ad8,0f248d2a-9994-49e9-adb7-e30df965e376,c4,DROP,687,?,x1,
1769471142.7054663,FORWARDED,4a8e6d8f-ba1e-4a05-8d2d-7251ef265ad8,0f248d2a-9994-49e9-adb7-e30df965e376,c4,DROP,687,?,x1,
1769471142.7188206,SENT,a3d0f25e-4bfc-41a6-8d6a-b3b295657b92,d3e4a2a3-275a-4849-b8ea-89381ead508e,c4,DROP,684,?,x8,
1769471142.7188652,FORWARDED,a3d0f25e-4bfc-41a6-8d6a-b3b295657b92,d3e4a2a3-275a-4849-b8ea-89381ead508e,c4,DROP,684,?,x8,
1769471142.9750865,RECEIVED,934bc2c9-c696-4e00-8d1f-fa50e11bcc1a,4638a27e-5bee-4ce1-a60d-b67f6add679e,c3,DROP,1015,e3,?,
1769471142.9986086,RECEIVED,4f03f363-eb43-45e6-8234-160a196d3932,5dae67f9-c776-4062-ab1a-6d09b8a2c518,c4,DROP,1009,e9,?,
1769471143.1756506,RECEIVED,aa6f229b-61f5-4f95-9531-696816a74fe7,0d7b747e-2f3b-407f-a970-5ef5e48c6795,c3,DROP,1019,e10,?,
1769471143.3670368,RECEIVED,5edf4c99-365d-4cc3-9b17-905524a85467,bc5657c0-26d1-4c5e-9c27-aedaa0c2366b,c1,None,1599,e10,?,
1769471143.6315606,SENT,5edf4c99-365d-4cc3-9b17-905524a85467,bc5657c0-26d1-4c5e-9c27-aedaa0c2366b,c1,None,1127,?,x9,
1769471143.6316047,FORWARDED,5edf4c99-365d-4cc3-9b17-905524a85467,bc5657c0-26d1-4c5e-9c27-aedaa0c2366b,c1,None,1127,?,x9,
1769471143.6917439,SENT,259d6eb2-28dc-4a50-9976-64a5515723fb,812f6798-34a7-4df5-b0ba-8bf605c7dee0,c3,None,1127,?,x3,
1769471143.6917994,FORWARDED,259d6eb2-28dc-4a50-9976-64a5515723fb,812f6798-34a7-4df5-b0ba-8bf605c7dee0,c3,None,1127,?,x3,
1769471143.7168179,RECEIVED,deebf862-edf6-46e8-8145-7b60026c096f,ae053f14-6e12-49d6-9db2-f22b45f4b77a,c1,None,1604,e8,?,
1769471143.8086863,SENT,deebf862-edf6-46e8-8145-7b60026c096f,ae053f14-6e12-49d6-9db2-f22b45f4b77a,c1,None,1131,?,x8,
1769471143.8087296,FORWARDED,deebf862-edf6-46e8-8145-7b60026c096f,ae053f14-6e12-49d6-9db2-f22b45f4b77a,c1,None,1131,?,x8,
1769471143.8777847,RECEIVED,b1683b81-6c5e-441b-a086-35cb31743d68,ec6edaae-6211-4746-a0a3-b57dbe4d3920,c5,DROP,441,x3,?,
1769471143.9128964,SENT,934bc2c9-c696-4e00-8d1f-fa50e11bcc1a,4638a27e-5bee-4ce1-a60d-b67f6add679e,c3,DROP,688,?,x7,
1769471143.9129384,FORWARDED,934bc2c9-c696-4e00-8d1f-fa50e11bcc1a,4638a27e-5bee-4ce1-a60d-b67f6add679e,c3,DROP,688,?,x7,
1769471144.103688,SENT,4f03f363-eb43-45e6-8234-160a196d3932,5dae67f9-c776-4062-ab1a-6d09b8a2c518,c4,DROP,687,?,x3,
1769471144.103727,FORWARDED,4f03f363-eb43-45e6-8234-160a196d3932,5dae67f9-c776-4062-ab1a-6d09b8a2c518,c4,DROP,687,?,x3,
1769471144.1414692,RECEIVED,cae70ab1-1564-4a1d-ad27-92dd9569ea60,d6cb6cd5-12db-4a58-a8d6-7b011b7ff48c,c5,c1,1776,e1,?,
1769471144.2795558,SENT,cae70ab1-1564-4a1d-ad27-92dd9569ea60,d6cb6cd5-12db-4a58-a8d6-7b011b7ff48c,c5,c1,1260,?,x7,
1769471144.279596,FORWARDED,cae70ab1-1564-4a1d-ad27-92dd9569ea60,d6cb6cd5-12db-4a58-a8d6-7b011b7ff48c,c5,c1,1260,?,x7,
1769471144.3158586,RECEIVED,be0f698d-b492-4b4a-858a-86b027d44dcd,18e0640b-e7de-402e-8aea-3853ddc4898e,c1,DROP,1020,e1,?,
1769471144.3575473,RECEIVED,4352e80b-57ab-4837-9559-7691f869bd1b,eabd8894-0730-4567-a028-27f00a13eae1,c2,DROP,1011,e9,?,
1769471144.8701594,SENT,aa6f229b-61f5-4f95-9531-696816a74fe7,0d7b747e-2f3b-407f-a970-5ef5e48c6795,c3,DROP,693,?,x2,
1769471144.870201,FORWARDED,aa6f229b-61f5-4f95-9531-696816a74fe7,0d7b747e-2f3b-407f-a970-5ef5e48c6795,c3,DROP,693,?,x2,
1769471144.8958986,SENT,be0f698d-b492-4b4a-858a-86b027d44dcd,18e0640b-e7de-402e-8aea-3853ddc4898e,c1,DROP,693,?,x10,
1769471144.8959403,FORWARDED,be0f698d-b492-4b4a-858a-86b027d44dcd,18e0640b-e7de-402e-8aea-3853ddc4898e,c1,DROP,693,?,x10,
1769471145.0105536,SENT,7192b203-131d-40a3-ae69-0e631119f317,4065a7be-d8f7-4962-9fdb-3b8d863b375a,c3,DROP,684,?,x4,
1769471145.0105965,FORWARDED,7192b203-131d-40a3-ae69-0e631119f317,4065a7be-d8f7-4962-9fdb-3b8d863b375a,c3,DROP,684,?,x4,
1769471145.0731466,RECEIVED,d7f24a4a-33ed-440b-b5b8-7665ccf521a7,de7fdbf4-7c98-4bcb-93a0-3d1e2a5f613a,c5,DROP,1008,e10,?,
1769471145.1362758,RECEIVED,ff7a1b9b-1fa8-4317-a50e-18e40c2e0592,4cc3cdc0-4d36-46a3-b4d0-3d619e56fbdb,c4,DROP,1010,e8,?,
1769471145.1607616,RECEIVED,4b8dc372-71bf-4a1f-8171-ba39313ea7ff,f3773653-e379-4cf6-928b-9c171b5f47ef,c1,DROP,1008,e11,?,
1769471145.267857,SENT,4352e80b-57ab-4837-9559-7691f869bd1b,eabd8894-0730-4567-a028-27f00a13eae1,c2,DROP,687,?,x9,
1769471145.2678976,FORWARDED,4352e80b-57ab-4837-9559-7691f869bd1b,eabd8894-0730-4567-a028-27f00a13eae1,c2,DROP,687,?,x9,
1769471145.2809002,SENT,ff7a1b9b-1fa8-4317-a50e-18e40c2e0592,4cc3cdc0-4d36-46a3-b4d0-3d619e56fbdb,c4,DROP,687,?,x4,
1769471145.2809427,FORWARDED,ff7a1b9b-1fa8-4317-a50e-18e40c2e0592,4cc3cdc0-4d36-46a3-b4d0-3d619e56fbdb,c4,DROP,687,?,x4,
1769471145.3741317,RECEIVED,ddd79494-ac42-4fd8-8608-b119e2dbcc5f,05f04bf4-d5bf-4a89-b91b-9ecc9804c721,c4,DROP,1016,e6,?,
1769471145.387727,SENT,4b8dc372-71bf-4a1f-8171-ba39313ea7ff,f3773653-e379-4cf6-928b-9c171b5f47ef,c1,DROP,683,?,x10,
1769471145.3877642,FORWARDED,4b8dc372-71bf-4a1f-8171-ba39313ea7ff,f3773653-e379-4cf6-928b-9c171b5f47ef,c1,DROP,683,?,x10,
1769471145.3985016,RECEIVED,c1dd14c4-f40e-44df-8b08-24ef4bc1b56c,f4d60dff-e870-475e-b37d-4574ddf9d6af,c5,DROP,1012,e9,?,
1769471145.399989,SENT,d7f24a4a-33ed-440b-b5b8-7665ccf521a7,de7fdbf4-7c98-4bcb-93a0-3d1e2a5f613a,c5,DROP,684,?,x9,
1769471145.4000292,FORWARDED,d7f24a4a-33ed-440b-b5b8-7665ccf521a7,de7fdbf4-7c98-4bcb-93a0-3d1e2a5f613a,c5,DROP,684,?,x9,
1769471145.4613392,RECEIVED,8480dd69-676d-4f9e-a847-89eaaf576e81,4ec3a078-fc38-4f6e-b62a-03d1cd911489,c3,DROP,1007,e4,?,
1769471145.7464678,RECEIVED,63363096-263a-40d9-8460-d84459dddfc7,7afd47f7-d61a-40c4-9497-3a9eec7485d8,c3,None,1607,e8,?,
1769471146.0032313,SENT,c1dd14c4-f40e-44df-8b08-24ef4bc1b56c,f4d60dff-e870-475e-b37d-4574ddf9d6af,c5,DROP,687,?,x11,
1769471146.0032737,FORWARDED,c1dd14c4-f40e-44df-8b08-24ef4bc1b56c,f4d60dff-e870-475e-b37d-4574ddf9d6af,c5,DROP,687,?,x11,
1769471146.1204956,RECEIVED,a5266188-9178-42f6-8a75-e47336b240b9,287245f3-028d-4bd5-99e6-5a3b62c4a84a,c3,DROP,1009,e2,?,
1769471146.2052627,SENT,a5266188-9178-42f6-8a75-e47336b240b9,287245f3-028d-4bd5-99e6-5a3b62c4a84a,c3,DROP,684,?,x2,
1769471146.2053213,FORWARDED,a5266188-9178-42f6-8a75-e47336b240b9,287245f3-028d-4bd5-99e6-5a3b62c4a84a,c3,DROP,684,?,x2,
1769471146.3197248,SENT,ddd79494-ac42-4fd8-8608-b119e2dbcc5f,05f04bf4-d5bf-4a89-b91b-9ecc9804c721,c4,DROP,688,?,x10,
1769471146.3197696,FORWARDED,ddd79494-ac42-4fd8-8608-b119e2dbcc5f,05f04bf4-d5bf-4a89-b91b-9ecc9804c721,c4,DROP,688,?,x10,
1769471146.4875233,SENT,63363096-263a-40d9-8460-d84459dddfc7,7afd47f7-d61a-40c4-9497-3a9eec7485d8,c3,None,1132,?,x3,
1769471146.4875677,FORWARDED,63363096-263a-40d9-8460-d84459dddfc7,7afd47f7-d61a-40c4-9497-3a9eec7485d8,c3,None,1132,?,x3,
1769471146.5145793,SENT,8480dd69-676d-4f9e-a847-89eaaf576e81,4ec3a078-fc38-4f6e-b62a-03d1cd911489,c3,DROP,683,?,x5,
1769471146.5146196,FORWARDED,8480dd69-676d-4f9e-a847-89eaaf576e81,4ec3a078-fc38-4f6e-b62a-03d1cd911489,c3,DROP,683,?,x5,
1769471146.6838362,RECEIVED,cf26002f-3415-4c43-935e-3993ce32d2d1,25ada4ab-6c69-495a-83a8-f94ad0356811,c3,None,1597,e10,?,
1769471146.6941807,SENT,cf26002f-3415-4c43-935e-3993ce32d2d1,25ada4ab-6c69-495a-83a8-f94ad0356811,c3,None,1124,?,x1,
1769471146.6942174,FORWARDED,cf26002f-3415-4c43-935e-3993ce32d2d1,25ada4ab-6c69-495a-83a8-f94ad0356811,c3,None,1124,?,x1,
1769471146.7340233,RECEIVED,8169c62e-3457-40f1-aaae-b5fae1730bc2,e93612d9-3c52-4b99-bdd6-f134319e8186,c2,DROP,1011,e7,?,
1769471146.8341548,RECEIVED,bbc154ae-7fce-4336-9a61-394a7935a4de,b0eff033-68f1-4f29-b691-48ad0ae23fb2,c1,DROP,1007,e4,?,
1769471146.9663646,RECEIVED,a7fd7ed1-f832-4d0e-bb7f-7d5facce23a0,312ae37b-34a0-4637-9fb1-a3f848c19e3f,c2,c4,1770,e4,?,
1769471147.0076182,RECEIVED,b9c8ae9a-c165-4241-8355-7fd0da13fa3e,31294554-5bd0-439d-867f-715eb7d8065c,c4,DROP,1015,e6,?,
1769471147.1310287,RECEIVED,6fb673a0-c0fe-4ae0-80d4-3d76cf6b3d98,b65b478c-334c-4f2a-80e2-3a246c7eaba3,c4,DROP,1016,e11,?,
1769471147.1651978,RECEIVED,a6f295da-b6b0-4aa9-9e9a-f1880e024eed,c298930b-7ac5-4cb1-a5bc-b2fc0bb02864,c1,DROP,1011,e10,?,
1769471147.2162278,SENT,bbc154ae-7fce-4336-9a61-394a7935a4de,b0eff033-68f1-4f29-b691-48ad0ae23fb2,c1,DROP,684,?,x1,
1769471147.2162695,FORWARDED,bbc154ae-7fce-4336-9a61-394a7935a4de,b0eff033-68f1-4f29-b691-48ad0ae23fb2,c1,DROP,684,?,x1,
1769471147.2996318,RECEIVED,3df7fca8-49d8-4860-a35d-b9e1b7d9b97e,c25af76c-4aeb-4082-b281-891adc4a4056,c4,c3,1775,e8,?,
1769471147.3450406,SENT,b9c8ae9a-c165-4241-8355-7fd0da13fa3e,31294554-5bd0-439d-867f-715eb7d8065c,c4,DROP,688,?,x7,
1769471147.345093,FORWARDED,b9c8ae9a-c165-4241-8355-7fd0da13fa3e,31294554-5bd0-439d-867f-715eb7d8065c,c4,DROP,688,?,x7,
1769471147.440091,RECEIVED,1f2bc635-619c-4003-be91-8c7d59619929,fbe3621d-c159-4777-bda9-48b10e30eabc,c1,DROP,1018,e10,?,
1769471147.443978,SENT,6fb673a0-c0fe-4ae0-80d4-3d76cf6b3d98,b65b478c-334c-4f2a-80e2-3a246c7eaba3,c4,DROP,688,?,x9,
1769471147.4440196,FORWARDED,6fb673a0-c0fe-4ae0-80d4-3d76cf6b3d98,b65b478c-334c-4f2a-80e2-3a246c7eaba3,c4,DROP,688,?,x9,
1769471147.5021973,RECEIVED,cbb61cc1-eedf-4c67-aba2-66fc41fbf6f8,2dfbedbd-0138-4f48-b611-97d6dcb8f1c7,c4,DROP,1011,e8,?,
1769471147.6904778,SENT,3df7fca8-49d8-4860-a35d-b9e1b7d9b97e,c25af76c-4aeb-4082-b281-891adc4a4056,c4,c3,1260,?,x3,
1769471147.6905193,FORWARDED,3df7fca8-49d8-4860-a35d-b9e1b7d9b97e,c25af76c-4aeb-4082-b281-891adc4a4056,c4,c3,1260,?,x3,
1769471147.8008802,SENT,1f2bc635-619c-4003-be91-8c7d59619929,fbe3621d-c159-4777-bda9-48b10e30eabc,c1,DROP,691,?,x3,
1769471147.8009157,FORWARDED,1f2bc635-619c-4003-be91-8c7d59619929,fbe3621d-c159-4777-bda9-48b10e30eabc,c1,DROP,691,?,x3,
1769471148.0247805,RECEIVED,0446c104-6409-483d-a068-a4b5d7290aa4,afc92de1-35f8-4d6f-bc3f-c0375440b150,c3,DROP,1020,e12,?,
1769471148.1475952,RECEIVED,8ef21dee-d9e0-4538-8828-d1d83b3fa768,78630439-75ad-44a2-a417-68b0c58606f6,c5,DROP,1021,e2,?,
1769471148.1907458,SENT,a6f295da-b6b0-4aa9-9e9a-f1880e024eed,c298930b-7ac5-4cb1-a5bc-b2fc0bb02864,c1,DROP,687,?,x1,
1769471148.190782,FORWARDED,a6f295da-b6b0-4aa9-9e9a-f1880e024eed,c298930b-7ac5-4cb1-a5bc-b2fc0bb02864,c1,DROP,687,?,x1,
1769471148.2153556,SENT,cbb61cc1-eedf-4c67-aba2-66fc41fbf6f8,2dfbedbd-0138-4f48-b611-97d6dcb8f1c7,c4,DROP,687,?,x2,
1769471148.215405,FORWARDED,cbb61cc1-eedf-4c67-aba2-66fc41fbf6f8,2dfbedbd-0138-4f48-b611-97d6dcb8f1c7,c4,DROP,687,?,x2,
1769471148.285565,SENT,8ef21dee-d9e0-4538-8828-d1d83b3fa768,78630439-75ad-44a2-a417-68b0c58606f6,c5,DROP,692,?,x11,
1769471148.2856035,FORWARDED,8ef21dee-d9e0-4538-8828-d1d83b3fa768,78630439-75ad-44a2-a417-68b0c58606f6,c5,DROP,692,?,x11,
1769471148.603092,RECEIVED,f413c1d0-00ce-4e44-a6d8-59b81744e374,0ac4cd56-b5dd-48ef-9589-2edfdcc7fbb5,c1,DROP,1011,e11,?,
1769471148.6478899,SENT,a7fd7ed1-f832-4d0e-bb7f-7d5facce23a0,312ae37b-34a0-4637-9fb1-a3f848c19e3f,c2,c4,1255,?,x8,
1769471148.6479301,FORWARDED,a7fd7ed1-f832-4d0e-bb7f-7d5facce23a0,312ae37b-34a0-4637-9fb1-a3f848c19e3f,c2,c4,1255,?,x8,
1769471148.6714637,RECEIVED,4251d4af-1769-4be9-98f1-899ee149f1af,44deece2-9ede-4307-b529-fbe3ddcbcb5e,c2,DROP,1011,e7,?,
1769471148.7916298,SENT,8169c62e-3457-40f1-aaae-b5fae1730bc2,e93612d9-3c52-4b99-bdd6-f134319e8186,c2,DROP,685,?,x8,
1769471148.7916706,FORWARDED,8169c62e-3457-40f1-aaae-b5fae1730bc2,e93612d9-3c52-4b99-bdd6-f134319e8186,c2,DROP,685,?,x8,
1769471148.8271122,RECEIVED,c67d3dbe-7d75-48a1-9619-3d3d1deb0bd9,0ba3db2c-442e-467f-9fbd-71e7206df2d8,c2,DROP,1015,e7,?,
1769471148.82943,SENT,0446c104-6409-483d-a068-a4b5d7290aa4,afc92de1-35f8-4d6f-bc3f-c0375440b150,c3,DROP,692,?,x11,
1769471148.8294697,FORWARDED,0446c104-6409-483d-a068-a4b5d7290aa4,afc92de1-35f8-4d6f-bc3f-c0375440b150,c3,DROP,692,?,x11,
1769471148.848487,RECEIVED,592c147d-acb7-492c-a3a0-5810a8ebd7d9,20406b37-724d-4deb-91a1-ad1e63fb77f8,c1,DROP,1008,e3,?,
1769471148.8646796,SENT,f413c1d0-00ce-4e44-a6d8-59b81744e374,0ac4cd56-b5dd-48ef-9589-2edfdcc7fbb5,c1,DROP,687,?,x2,
1769471148.8647194,FORWARDED,f413c1d0-00ce-4e44-a6d8-59b81744e374,0ac4cd56-b5dd-48ef-9589-2edfdcc7fbb5,c1,DROP,687,?,x2,
1769471148.982003,SENT,592c147d-acb7-492c-a3a0-5810a8ebd7d9,20406b37-724d-4deb-91a1-ad1e63fb77f8,c1,DROP,683,?,x2,
1769471148.9820561,FORWARDED,592c147d-acb7-492c-a3a0-5810a8ebd7d9,20406b37-724d-4deb-91a1-ad1e63fb77f8,c1,DROP,683,?,x2,
1769471149.2230875,RECEIVED,ba53e154-c537-4b8c-af5a-56d808790e83,6b2fe8ce-aed6-45f7-ac65-9b23824b0e99,c4,c3,1763,e12,?,
1769471149.2419107,RECEIVED,f13a7e32-1f8b-49ff-a96a-c2e821104a38,4bc5c010-8bfc-4cbc-8e18-bcb6d15c4f9f,c5,c1,1777,e5,?,
1769471149.3113415,SENT,c67d3dbe-7d75-48a1-9619-3d3d1deb0bd9,0ba3db2c-442e-467f-9fbd-71e7206df2d8,c2,DROP,688,?,x9,
1769471149.3113832,FORWARDED,c67d3dbe-7d75-48a1-9619-3d3d1deb0bd9,0ba3db2c-442e-467f-9fbd-71e7206df2d8,c2,DROP,688,?,x9,
1769471149.587902,SENT,ba53e154-c537-4b8c-af5a-56d808790e83,6b2fe8ce-aed6-45f7-ac65-9b23824b0e99,c4,c3,1251,?,x9,
1769471149.5879443,FORWARDED,ba53e154-c537-4b8c-af5a-56d808790e83,6b2fe8ce-aed6-45f7-ac65-9b23824b0e99,c4,c3,1251,?,x9,
1769471149.6024134,RECEIVED,46089799-a5e6-44f1-aa36-db5e10a0eca4,5c19491e-49d6-4980-95e9-3c315d44816a,c4,None,1607,e8,?,
1769471149.698276,SENT,f13a7e32-1f8b-49ff-a96a-c2e821104a38,4bc5c010-8bfc-4cbc-8e18-bcb6d15c4f9f,c5,c1,1259,?,x12,
1769471149.698318,FORWARDED,f13a7e32-1f8b-49ff-a96a-c2e821104a38,4bc5c010-8bfc-4cbc-8e18-bcb6d15c4f9f,c5,c1,1259,?,x12,
1769471149.8203704,RECEIVED,1e67567b-1649-4a5e-a9a0-560d2700d571,8b930200-c8ff-41f8-a28f-5107966b430f,c5,DROP,1012,e1,?,
1769471149.8471851,RECEIVED,a7792dbb-1812-4764-8f12-ffdb1e3d0beb,9c4de098-bafe-4c02-82d3-3359114b597f,c1,DROP,1017,e1,?,
1769471150.0386174,RECEIVED,09f9b0c1-5688-401d-988f-5b2ce373cb85,d03cc616-af4b-469e-ba44-cd69ecdeffef,c5,DROP,1017,e9,?,
1769471150.0475209,SENT,1e67567b-1649-4a5e-a9a0-560d2700d571,8b930200-c8ff-41f8-a28f-5107966b430f,c5,DROP,686,?,x6,
1769471150.0475633,FORWARDED,1e67567b-1649-4a5e-a9a0-560d2700d571,8b930200-c8ff-41f8-a28f-5107966b430f,c5,DROP,686,?,x6,
1769471150.1291523,RECEIVED,4cc40863-b5d7-46f1-b7d8-65de0378ce96,cf81a9ed-4d89-4806-a696-0562adbe727a,c5,DROP,1008,e9,?,
1769471150.190465,RECEIVED,7854e59e-7ad7-4376-906f-3cecaf5720e0,ece9a1e2-ee62-4fd9-ad95-d0f09e65b3ec,c4,DROP,1016,e9,?,
1769471150.2093976,SENT,4cc40863-b5d7-46f1-b7d8-65de0378ce96,cf81a9ed-4d89-4806-a696-0562adbe727a,c5,DROP,682,?,x3,
1769471150.2094402,FORWARDED,4cc40863-b5d7-46f1-b7d8-65de0378ce96,cf81a9ed-4d89-4806-a696-0562adbe727a,c5,DROP,682,?,x3,
1769471150.2206082,SENT,a7792dbb-1812-4764-8f12-ffdb1e3d0beb,9c4de098-bafe-4c02-82d3-3359114b597f,c1,DROP,688,?,x10,
1769471150.2206492,FORWARDED,a7792dbb-1812-4764-8f12-ffdb1e3d0beb,9c4de098-bafe-4c02-82d3-3359114b597f,c1,DROP,688,?,x10,
1769471150.2334137,SENT,4251d4af-1769-4be9-98f1-899ee149f1af,44deece2-9ede-4307-b529-fbe3ddcbcb5e,c2,DROP,685,?,x7,
1769471150.2334569,FORWARDED,4251d4af-1769-4be9-98f1-899ee149f1af,44deece2-9ede-4307-b529-fbe3ddcbcb5e,c2,DROP,685,?,x7,
1769471150.2753155,SENT,09f9b0c1-5688-401d-988f-5b2ce373cb85,d03cc616-af4b-469e-ba44-cd69ecdeffef,c5,DROP,688,?,x11,
1769471150.2753594,FORWARDED,09f9b0c1-5688-401d-988f-5b2ce373cb85,d03cc616-af4b-469e-ba44-cd69ecdeffef,c5,DROP,688,?,x11,
1769471150.2767432,RECEIVED,30139bef-0921-448b-b2ea-09ca5e007829,85280457-f9aa-48da-bcb7-f13fd752f7fc,c2,DROP,1022,e12,?,
1769471150.3031828,SENT,30139bef-0921-448b-b2ea-09ca5e007829,85280457-f9aa-48da-bcb7-f13fd752f7fc,c2,DROP,691,?,x12,
1769471150.3032293,FORWARDED,30139bef-0921-448b-b2ea-09ca5e007829,85280457-f9aa-48da-bcb7-f13fd752f7fc,c2,DROP,691,?,x12,
1769471150.3095129,SENT,46089799-a5e6-44f1-aa36-db5e10a0eca4,5c19491e-49d6-4980-95e9-3c315d44816a,c4,None,1132,?,x5,
1769471150.309557,FORWARDED,46089799-a5e6-44f1-aa36-db5e10a0eca4,5c19491e-49d6-4980-95e9-3c315d44816a,c4,None,1132,?,x5,
1769471150.322874,SENT,7854e59e-7ad7-4376-906f-3cecaf5720e0,ece9a1e2-ee62-4fd9-ad95-d0f09e65b3ec,c4,DROP,690,?,x2,
1769471150.3229158,FORWARDED,7854e59e-7ad7-4376-906f-3cecaf5720e0,ece9a1e2-ee62-4fd9-ad95-d0f09e65b3ec,c4,DROP,690,?,x2,
1769471150.3573298,RECEIVED,1fc7e8b4-abf1-4f46-a51f-fdb06da1556b,61f62520-15d8-46bb-aaa9-2dce3f8a8411,c4,DROP,1007,e6,?,
1769471150.484093,SENT,1fc7e8b4-abf1-4f46-a51f-fdb06da1556b,61f62520-15d8-46bb-aaa9-2dce3f8a8411,c4,DROP,684,?,x8,
1769471150.484171,FORWARDED,1fc7e8b4-abf1-4f46-a51f-fdb06da1556b,61f62520-15d8-46bb-aaa9-2dce3f8a8411,c4,DROP,684,?,x8,
1769471150.8511105,RECEIVED,75f8ffe4-92e0-4604-89cc-733d0a675e49,efdfd2d4-36c0-4e4e-9b26-a4ba44e1957e,c1,DROP,1015,e12,?,
1769471150.9266775,RECEIVED,b0f15fff-e20e-4ccf-b911-38c2246a6780,41eba6d1-37ef-4d29-a902-a1f0db5af853,c4,None,1599,e12,?,
1769471150.9606483,SENT,b0f15fff-e20e-4ccf-b911-38c2246a6780,41eba6d1-37ef-4d29-a902-a1f0db5af853,c4,None,1124,?,x11,
1769471150.960693,FORWARDED,b0f15fff-e20e-4ccf-b911-38c2246a6780,41eba6d1-37ef-4d29-a902-a1f0db5af853,c4,None,1124,?,x11,
1769471151.0058348,RECEIVED,a0a89908-3fdc-406e-ab23-7a17eb3b3696,b2ccd184-9d45-498f-a970-cbfc46a42136,c3,DROP,1008,e9,?,
1769471151.429315,SENT,a0a89908-3fdc-406e-ab23-7a17eb3b3696,b2ccd184-9d45-498f-a970-cbfc46a42136,c3,DROP,683,?,x4,
1769471151.4293554,FORWARDED,a0a89908-3fdc-406e-ab23-7a17eb3b3696,b2ccd184-9d45-498f-a970-cbfc46a42136,c3,DROP,683,?,x4,
1769471151.5598576,RECEIVED,1a2cb363-b011-4284-b98d-eb704ddbf09e,7284c179-d599-4607-a3f3-78cb70b6e10f,c5,DROP,442,x3,?,
1769471151.69255,SENT,75f8ffe4-92e0-4604-89cc-733d0a675e49,efdfd2d4-36c0-4e4e-9b26-a4ba44e1957e,c1,DROP,688,?,x8,
1769471151.6925936,FORWARDED,75f8ffe4-92e0-4604-89cc-733d0a675e49,efdfd2d4-36c0-4e4e-9b26-a4ba44e1957e,c1,DROP,688,?,x8,
1769471151.8863444,RECEIVED,db7418b1-8074-4b01-a475-a0080dfa4ab0,eea6f7a7-6135-4cc0-aefa-4648b3ad7c9b,c5,DROP,1004,e7,?,
1769471151.9068766,SENT,db7418b1-8074-4b01-a475-a0080dfa4ab0,eea6f7a7-6135-4cc0-aefa-4648b3ad7c9b,c5,DROP,679,?,x4,
1769471151.9069207,FORWARDED,db7418b1-8074-4b01-a475-a0080dfa4ab0,eea6f7a7-6135-4cc0-aefa-4648b3ad7c9b,c5,DROP,679,?,x4,
1769471152.0009458,RECEIVED,09d34115-ab8c-433d-94ee-4c5e4f3cf499,c9db1d29-f00f-4920-a5a4-6b11e0d225dc,c5,DROP,1007,e2,?,
1769471152.0357282,RECEIVED,92d6a324-89c4-4693-a6d7-9113cfa84bad,626ca068-4092-477e-a951-799acbb1c4a0,c3,DROP,447,x11,?,
1769471152.3375986,RECEIVED,79c8f66f-d0cc-4521-8670-ea7cd9da73d1,1a0b700e-37e5-4a4a-8fc8-0082ae691c2a,c1,DROP,1011,e2,?,
1769471152.4162447,RECEIVED,b7d8d7e7-c7cd-4295-b0cf-1911072b0ea2,8342722f-22e3-4467-9805-3bf95cd25ee8,c1,None,1603,e2,?,
1769471152.4689124,RECEIVED,67c5e751-3c7c-4fbb-988e-6840d8505409,79da3abd-f401-41e8-885b-f46dafb13451,c4,c3,1787,e12,?,
1769471152.5743954,RECEIVED,2604da9d-f689-42fc-82e7-a441aad8d7d3,38cee43b-ba4d-48b0-bdcc-9f4fcdebbba2,c3,c1,1763,e1,?,
1769471152.6300173,SENT,b7d8d7e7-c7cd-4295-b0cf-1911072b0ea2,8342722f-22e3-4467-9805-3bf95cd25ee8,c1,None,1129,?,x8,
1769471152.6301188,FORWARDED,b7d8d7e7-c7cd-4295-b0cf-1911072b0ea2,8342722f-22e3-4467-9805-3bf95cd25ee8,c1,None,1129,?,x8,
1769471152.690636,SENT,09d34115-ab8c-433d-94ee-4c5e4f3cf499,c9db1d29-f00f-4920-a5a4-6b11e0d225dc,c5,DROP,682,?,x1,
1769471152.690673,FORWARDED,09d34115-ab8c-433d-94ee-4c5e4f3cf499,c9db1d29-f00f-4920-a5a4-6b11e0d225dc,c5,DROP,682,?,x1,
1769471152.7700937,SENT,2604da9d-f689-42fc-82e7-a441aad8d7d3,38cee43b-ba4d-48b0-bdcc-9f4fcdebbba2,c3,c1,1251,?,x5,
1769471152.7701304,FORWARDED,2604da9d-f689-42fc-82e7-a441aad8d7d3,38cee43b-ba4d-48b0-bdcc-9f4fcdebbba2,c3,c1,1251,?,x5,
1769471152.7836244,SENT,79c8f66f-d0cc-4521-8670-ea7cd9da73d1,1a0b700e-37e5-4a4a-8fc8-0082ae691c2a,c1,DROP,685,?,x9,
1769471152.7836645,FORWARDED,79c8f66f-d0cc-4521-8670-ea7cd9da73d1,1a0b700e-37e5-4a4a-8fc8-0082ae691c2a,c1,DROP,685,?,x9,
1769471152.8400273,RECEIVED,7ff177dc-aa02-4fca-be4a-335fb46ed696,f4b1d467-8421-4c35-93e6-d76fe9776f7d,c4,DROP,1020,e7,?,
1769471152.9099345,RECEIVED,e639506c-a951-4ec6-bec4-f8d309b50409,20d1e792-27d4-451e-9dd1-765e8a41786a,c4,DROP,1008,e10,?,
1769471153.020287,SENT,7ff177dc-aa02-4fca-be4a-335fb46ed696,f4b1d467-8421-4c35-93e6-d76fe9776f7d,c4,DROP,693,?,x10,
1769471153.0203295,FORWARDED,7ff177dc-aa02-4fca-be4a-335fb46ed696,f4b1d467-8421-4c35-93e6-d76fe9776f7d,c4,DROP,693,?,x10,
1769471153.1400006,SENT,e639506c-a951-4ec6-bec4-f8d309b50409,20d1e792-27d4-451e-9dd1-765e8a41786a,c4,DROP,684,?,x8,
1769471153.140043,FORWARDED,e639506c-a951-4ec6-bec4-f8d309b50409,20d1e792-27d4-451e-9dd1-765e8a41786a,c4,DROP,684,?,x8,
1769471153.3025522,SENT,67c5e751-3c7c-4fbb-988e-6840d8505409,79da3abd-f401-41e8-885b-f46dafb13451,c4,c3,1268,?,x6,
1769471153.3025942,FORWARDED,67c5e751-3c7c-4fbb-988e-6840d8505409,79da3abd-f401-41e8-885b-f46dafb13451,c4,c3,1268,?,x6,
1769471153.4588764,RECEIVED,1473fea1-4089-457a-ace1-3f2f12b00414,0e97e7b5-fcaf-473d-b583-4bf56430d367,c5,DROP,1007,e4,?,
1769471153.5556908,SENT,1473fea1-4089-457a-ace1-3f2f12b00414,0e97e7b5-fcaf-473d-b583-4bf56430d367,c5,DROP,684,?,x8,
1769471153.5557337,FORWARDED,1473fea1-4089-457a-ace1-3f2f12b00414,0e97e7b5-fcaf-473d-b583-4bf56430d367,c5,DROP,684,?,x8,
1769471153.752221,RECEIVED,f595d9e6-c605-4c07-9ece-055752e7fa7b,c4ae9505-1db8-4a70-a29e-01b58627124b,c1,DROP,442,x12,?,
1769471153.7785678,RECEIVED,073c7462-d377-43bd-a2a8-398b9c49976c,9822a282-9f25-49b9-b663-48f230a88218,c1,DROP,1015,e8,?,
1769471153.8994203,RECEIVED,a31561df-b6ae-4695-8c49-71af2a597e98,c453482c-d0b4-48d6-a9de-7679853a7974,c1,None,1599,e12,?,
1769471153.9055142,SENT,073c7462-d377-43bd-a2a8-398b9c49976c,9822a282-9f25-49b9-b663-48f230a88218,c1,DROP,688,?,x5,
1769471153.9055572,FORWARDED,073c7462-d377-43bd-a2a8-398b9c49976c,9822a282-9f25-49b9-b663-48f230a88218,c1,DROP,688,?,x5,
1769471154.0683835,RECEIVED,b75b016a-8cb9-41f9-830b-fa99670919c1,4ef68394-34d5-42a5-b5cb-a02834984b45,c1,None,1598,e1,?,
1769471154.1266234,SENT,b75b016a-8cb9-41f9-830b-fa99670919c1,4ef68394-34d5-42a5-b5cb-a02834984b45,c1,None,1124,?,x10,
1769471154.1266615,FORWARDED,b75b016a-8cb9-41f9-830b-fa99670919c1,4ef68394-34d5-42a5-b5cb-a02834984b45,c1,None,1124,?,x10,
1769471154.2344983,RECEIVED,82e85c44-9aa8-4276-94ec-3d49b4d537b3,a7f2eb58-dbb9-4eb3-be2f-93380282a13a,c3,c1,1771,e7,?,
1769471154.4895768,RECEIVED,85f95669-fc23-4092-bd99-3085bfb38d18,3cbc2177-5322-4c24-9ed4-dcf72062a639,c4,None,1595,e9,?,
1769471154.5050895,SENT,82e85c44-9aa8-4276-94ec-3d49b4d537b3,a7f2eb58-dbb9-4eb3-be2f-93380282a13a,c3,c1,1256,?,x2,
1769471154.5051281,FORWARDED,82e85c44-9aa8-4276-94ec-3d49b4d537b3,a7f2eb58-dbb9-4eb3-be2f-93380282a13a,c3,c1,1256,?,x2,
1769471154.8830383,SENT,a31561df-b6ae-4695-8c49-71af2a597e98,c453482c-d0b4-48d6-a9de-7679853a7974,c1,None,1128,?,x6,
1769471154.8830924,FORWARDED,a31561df-b6ae-4695-8c49-71af2a597e98,c453482c-d0b4-48d6-a9de-7679853a7974,c1,None,1128,?,x6,
1769471155.084386,SENT,85f95669-fc23-4092-bd99-3085bfb38d18,3cbc2177-5322-4c24-9ed4-dcf72062a639,c4,None,1124,?,x9,
1769471155.0844352,FORWARDED,85f95669-fc23-4092-bd99-3085bfb38d18,3cbc2177-5322-4c24-9ed4-dcf72062a639,c4,None,1124,?,x9,
1769471155.154019,RECEIVED,6163088c-69cf-4c59-95c9-15a9eb23c807,878b12c4-eca2-4720-b5ce-8065c227730c,c3,DROP,1007,e2,?,
1769471155.5544307,RECEIVED,592978e4-63b2-4b86-8e73-15cde784b5b7,3f1d7023-3d7a-4f34-907b-a6aca15c6d97,c3,None,1599,e2,?,
1769471155.5691216,RECEIVED,495cba4b-eccd-47c5-8114-59c5001f8c92,d03948eb-07ec-44ea-b0fe-d653e5eedcf6,c4,DROP,1016,e1,?,
1769471155.7630098,RECEIVED,bf420103-e85c-46c9-b648-0c536c14aa1c,d8fc7e82-e538-410b-be2a-4c9bf59b6bb4,c4,DROP,1016,e7,?,
1769471155.7761788,RECEIVED,74bd82aa-7dd1-40ef-8763-fc7b36a3e397,cb313dd6-c7b0-41f6-8164-7368e4eca707,c1,DROP,1009,e3,?,
1769471155.7884672,RECEIVED,5124639f-a3cd-46c8-a00b-c24e171ed52e,899c3a9b-ea5b-4fd1-9e30-bdc490f8cf09,c5,DROP,1011,e10,?,
1769471155.8020153,SENT,6163088c-69cf-4c59-95c9-15a9eb23c807,878b12c4-eca2-4720-b5ce-8065c227730c,c3,DROP,683,?,x7,
1769471155.8020782,FORWARDED,6163088c-69cf-4c59-95c9-15a9eb23c807,878b12c4-eca2-4720-b5ce-8065c227730c,c3,DROP,683,?,x7,
1769471155.9162083,SENT,bf420103-e85c-46c9-b648-0c536c14aa1c,d8fc7e82-e538-410b-be2a-4c9bf59b6bb4,c4,DROP,689,?,x6,
1769471155.916251,FORWARDED,bf420103-e85c-46c9-b648-0c536c14aa1c,d8fc7e82-e538-410b-be2a-4c9bf59b6bb4,c4,DROP,689,?,x6,
1769471156.0615926,SENT,592978e4-63b2-4b86-8e73-15cde784b5b7,3f1d7023-3d7a-4f34-907b-a6aca15c6d97,c3,None,1127,?,x9,
1769471156.0616374,FORWARDED,592978e4-63b2-4b86-8e73-15cde784b5b7,3f1d7023-3d7a-4f34-907b-a6aca15c6d97,c3,None,1127,?,x9,
1769471156.1210682,SENT,74bd82aa-7dd1-40ef-8763-fc7b36a3e397,cb313dd6-c7b0-41f6-8164-7368e4eca707,c1,DROP,683,?,x10,
1769471156.1211114,FORWARDED,74bd82aa-7dd1-40ef-8763-fc7b36a3e397,cb313dd6-c7b0-41f6-8164-7368e4eca707,c1,DROP,683,?,x10,
1769471156.193498,RECEIVED,6db70a35-bb58-4d3c-876b-3d67a7f035cb,1af302af-94be-4d7d-90ad-b411fa40fc90,c3,None,1599,e11,?,
1769471156.2162821,RECEIVED,f914b7c0-0156-4676-9d34-6b3ef5a505a9,0fffb23f-8015-40f8-bae1-3675b9f5b451,c5,DROP,1012,e4,?,
1769471156.2182794,RECEIVED,9bea1808-f7dc-4bc3-989c-c952623ecf14,a8da999c-3e6b-4871-908b-db3f5f1c9334,c3,DROP,1008,e2,?,
1769471156.4090984,RECEIVED,d7746bb1-41e3-4a61-8a11-79f321cb777e,a39569e0-914e-4cb1-9566-f38736ee9c1f,c1,DROP,1012,e8,?,
1769471156.4241521,RECEIVED,92f5b721-eb29-4052-807b-d88edee692b6,ec0f3792-92ac-4795-8534-73d9cb5925de,c3,DROP,1012,e6,?,
1769471156.489075,RECEIVED,e9ecc163-02ac-46a1-9cd0-ae6b8bec3c71,9dec9e80-b037-4ebd-bb44-9ea72a4bb9f1,c1,DROP,1008,e3,?,
1769471156.5115197,SENT,f914b7c0-0156-4676-9d34-6b3ef5a505a9,0fffb23f-8015-40f8-bae1-3675b9f5b451,c5,DROP,687,?,x10,
1769471156.5115619,FORWARDED,f914b7c0-0156-4676-9d34-6b3ef5a505a9,0fffb23f-8015-40f8-bae1-3675b9f5b451,c5,DROP,687,?,x10,
1769471156.5747364,RECEIVED,e771339c-cc5e-448d-be39-4548741477ea,f5a27d43-7c1f-443d-8c72-206c5d753df7,c4,DROP,1008,e4,?,
1769471156.6012058,SENT,d7746bb1-41e3-4a61-8a11-79f321cb777e,a39569e0-914e-4cb1-9566-f38736ee9c1f,c1,DROP,687,?,x6,
1769471156.601246,FORWARDED,d7746bb1-41e3-4a61-8a11-79f321cb777e,a39569e0-914e-4cb1-9566-f38736ee9c1f,c1,DROP,687,?,x6,
1769471156.632999,SENT,495cba4b-eccd-47c5-8114-59c5001f8c92,d03948eb-07ec-44ea-b0fe-d653e5eedcf6,c4,DROP,688,?,x12,
1769471156.6330404,FORWARDED,495cba4b-eccd-47c5-8114-59c5001f8c92,d03948eb-07ec-44ea-b0fe-d653e5eedcf6,c4,DROP,688,?,x12,
1769471156.6471841,SENT,e771339c-cc5e-448d-be39-4548741477ea,f5a27d43-7c1f-443d-8c72-206c5d753df7,c4,DROP,684,?,x2,
1769471156.6472244,FORWARDED,e771339c-cc5e-448d-be39-4548741477ea,f5a27d43-7c1f-443d-8c72-206c5d753df7,c4,DROP,684,?,x2,
1769471156.6751816,SENT,9bea1808-f7dc-4bc3-989c-c952623ecf14,a8da999c-3e6b-4871-908b-db3f5f1c9334,c3,DROP,684,?,x3,
1769471156.6752226,FORWARDED,9bea1808-f7dc-4bc3-989c-c952623ecf14,a8da999c-3e6b-4871-908b-db3f5f1c9334,c3,DROP,684,?,x3,
1769471156.6975374,SENT,92f5b721-eb29-4052-807b-d88edee692b6,ec0f3792-92ac-4795-8534-73d9cb5925de,c3,DROP,685,?,x5,
1769471156.6975746,FORWARDED,92f5b721-eb29-4052-807b-d88edee692b6,ec0f3792-92ac-4795-8534-73d9cb5925de,c3,DROP,685,?,x5,
1769471156.7246826,SENT,e9ecc163-02ac-46a1-9cd0-ae6b8bec3c71,9dec9e80-b037-4ebd-bb44-9ea72a4bb9f1,c1,DROP,682,?,x1,
1769471156.7247252,FORWARDED,e9ecc163-02ac-46a1-9cd0-ae6b8bec3c71,9dec9e80-b037-4ebd-bb44-9ea72a4bb9f1,c1,DROP,682,?,x1,
1769471156.7450728,SENT,6db70a35-bb58-4d3c-876b-3d67a7f035cb,1af302af-94be-4d7d-90ad-b411fa40fc90,c3,None,1126,?,x3,
1769471156.7451167,FORWARDED,6db70a35-bb58-4d3c-876b-3d67a7f035cb,1af302af-94be-4d7d-90ad-b411fa40fc90,c3,None,1126,?,x3,
1769471156.886116,RECEIVED,0b48dce6-54eb-435f-a32d-e81486e93733,f6b29cb4-1908-4a7b-9371-b25dac09e9e9,c5,DROP,440,x1,?,
1769471156.999801,RECEIVED,5afca013-ad89-4b5e-8661-e5f2741ff02e,ae757d8f-dc69-4091-9096-a184b6b38bbe,c1,DROP,1018,e12,?,
1769471157.0306435,RECEIVED,a8315796-283e-4c3c-a4c6-a8f7dbc02d52,8b1936f0-2cad-489e-9a92-2b4bb485b797,c5,c1,1780,e10,?,
1769471157.0480978,SENT,5afca013-ad89-4b5e-8661-e5f2741ff02e,ae757d8f-dc69-4091-9096-a184b6b38bbe,c1,DROP,689,?,x3,
1769471157.0481403,FORWARDED,5afca013-ad89-4b5e-8661-e5f2741ff02e,ae757d8f-dc69-4091-9096-a184b6b38bbe,c1,DROP,689,?,x3,
1769471157.138581,SENT,a8315796-283e-4c3c-a4c6-a8f7dbc02d52,8b1936f0-2cad-489e-9a92-2b4bb485b797,c5,c1,1263,?,x7,
1769471157.1386225,FORWARDED,a8315796-283e-4c3c-a4c6-a8f7dbc02d52,8b1936f0-2cad-489e-9a92-2b4bb485b797,c5,c1,1263,?,x7,
1769471157.1537523,SENT,5124639f-a3cd-46c8-a00b-c24e171ed52e,899c3a9b-ea5b-4fd1-9e30-bdc490f8cf09,c5,DROP,687,?,x4,
1769471157.1537943,FORWARDED,5124639f-a3cd-46c8-a00b-c24e171ed52e,899c3a9b-ea5b-4fd1-9e30-bdc490f8cf09,c5,DROP,687,?,x4,
1769471157.1828496,RECEIVED,7d9617b6-6e34-448b-8144-efb8aeaecad1,fe557bcc-817a-4fb0-aa60-d45391d7cb8b,c4,DROP,1016,e3,?,
1769471157.2894194,RECEIVED,28f1fb76-4f33-4f68-a185-10c83d036b15,6766058d-7e43-418c-8cef-496d8e866392,c3,DROP,1007,e1,?,
1769471157.31556,RECEIVED,91559547-fe2c-483e-8f2a-e8948427ab46,68107b4d-0a68-4021-94e9-fc0a23c85349,c4,DROP,1009,e9,?,
1769471157.429856,RECEIVED,bc3a604e-13a3-4ff5-b54b-f172ea4be974,8f2b5643-1cb0-4859-af8a-7d2cf24ccd50,c4,DROP,1021,e9,?,
1769471157.4863567,SENT,bc3a604e-13a3-4ff5-b54b-f172ea4be974,8f2b5643-1cb0-4859-af8a-7d2cf24ccd50,c4,DROP,692,?,x10,
1769471157.4863935,FORWARDED,bc3a604e-13a3-4ff5-b54b-f172ea4be974,8f2b5643-1cb0-4859-af8a-7d2cf24ccd50,c4,DROP,692,?,x10,
1769471157.5557995,SENT,91559547-fe2c-483e-8f2a-e8948427ab46,68107b4d-0a68-4021-94e9-fc0a23c85349,c4,DROP,683,?,x11,
1769471157.555837,FORWARDED,91559547-fe2c-483e-8f2a-e8948427ab46,68107b4d-0a68-4021-94e9-fc0a23c85349,c4,DROP,683,?,x11,
1769471157.6218872,RECEIVED,3e02fe25-7afc-4361-87b7-039aa4fe940d,2770978c-20a7-4e6d-bcc8-1b720e099bca,c2,DROP,1018,e12,?,
1769471157.6294725,RECEIVED,5ccf5aa9-080f-4d8b-b55d-61c954b4b8cc,6c4d3218-fa60-4349-949a-1626a4c24af9,c5,c1,1771,e11,?,
1769471157.6762018,SENT,7d9617b6-6e34-448b-8144-efb8aeaecad1,fe557bcc-817a-4fb0-aa60-d45391d7cb8b,c4,DROP,688,?,x4,
1769471157.6762452,FORWARDED,7d9617b6-6e34-448b-8144-efb8aeaecad1,fe557bcc-817a-4fb0-aa60-d45391d7cb8b,c4,DROP,688,?,x4,
1769471158.1527357,RECEIVED,8262ffda-7111-469a-b999-b7f5fcb009dc,4f7a8ef7-8ffa-4333-ad63-d1a0e27e6822,c3,c1,1784,e8,?,
1769471158.1568937,SENT,3e02fe25-7afc-4361-87b7-039aa4fe940d,2770978c-20a7-4e6d-bcc8-1b720e099bca,c2,DROP,693,?,x5,
1769471158.1569378,FORWARDED,3e02fe25-7afc-4361-87b7-039aa4fe940d,2770978c-20a7-4e6d-bcc8-1b720e099bca,c2,DROP,693,?,x5,
1769471158.2191956,RECEIVED,33094c5f-caa9-4c17-a440-257162ab4832,4e9e5101-ce48-4a23-a25e-ac1a3b3c1a60,c2,DROP,1012,e8,?,
1769471158.2756975,SENT,28f1fb76-4f33-4f68-a185-10c83d036b15,6766058d-7e43-418c-8cef-496d8e866392,c3,DROP,684,?,x6,
1769471158.2757375,FORWARDED,28f1fb76-4f33-4f68-a185-10c83d036b15,6766058d-7e43-418c-8cef-496d8e866392,c3,DROP,684,?,x6,
1769471158.3616421,SENT,5ccf5aa9-080f-4d8b-b55d-61c954b4b8cc,6c4d3218-fa60-4349-949a-1626a4c24af9,c5,c1,1255,?,x2,
1769471158.3616846,FORWARDED,5ccf5aa9-080f-4d8b-b55d-61c954b4b8cc,6c4d3218-fa60-4349-949a-1626a4c24af9,c5,c1,1255,?,x2,
1769471158.4477918,SENT,8262ffda-7111-469a-b999-b7f5fcb009dc,4f7a8ef7-8ffa-4333-ad63-d1a0e27e6822,c3,c1,1264,?,x5,
1769471158.4478424,FORWARDED,8262ffda-7111-469a-b999-b7f5fcb009dc,4f7a8ef7-8ffa-4333-ad63-d1a0e27e6822,c3,c1,1264,?,x5,
1769471158.551659,RECEIVED,27faf1f9-03d9-4cd9-a7d8-ac63bb0b51ee,1e56539c-3c6c-4efb-9fd4-cfe4614a28c4,c2,DROP,1007,e12,?,
1769471158.9336777,SENT,27faf1f9-03d9-4cd9-a7d8-ac63bb0b51ee,1e56539c-3c6c-4efb-9fd4-cfe4614a28c4,c2,DROP,683,?,x4,
1769471158.9337807,FORWARDED,27faf1f9-03d9-4cd9-a7d8-ac63bb0b51ee,1e56539c-3c6c-4efb-9fd4-cfe4614a28c4,c2,DROP,683,?,x4,
1769471159.3332355,RECEIVED,3ab507d6-10e3-484a-ad23-d54d7b26b4f4,ae4152d4-be1a-479b-a6ae-dba02911faf8,c2,DROP,444,x8,?,
1769471159.5794172,SENT,33094c5f-caa9-4c17-a440-257162ab4832,4e9e5101-ce48-4a23-a25e-ac1a3b3c1a60,c2,DROP,687,?,x11,
1769471159.5794585,FORWARDED,33094c5f-caa9-4c17-a440-257162ab4832,4e9e5101-ce48-4a23-a25e-ac1a3b3c1a60,c2,DROP,687,?,x11,
1769471159.951429,RECEIVED,f40a76f9-c00d-4a79-9634-c5bf359d0789,e6f29aac-89df-4eda-844e-45f939e63f5e,c4,DROP,1007,e6,?,
1769471160.0268602,SENT,f40a76f9-c00d-4a79-9634-c5bf359d0789,e6f29aac-89df-4eda-844e-45f939e63f5e,c4,DROP,684,?,x9,
1769471160.0268946,FORWARDED,f40a76f9-c00d-4a79-9634-c5bf359d0789,e6f29aac-89df-4eda-844e-45f939e63f5e,c4,DROP,684,?,x9,
1769471160.1477022,RECEIVED,14f8281b-12a0-43dc-96f2-99ad61ac4595,7884cd17-9633-4e7c-919d-33091202ec3a,c1,DROP,1008,e2,?,
1769471160.230109,RECEIVED,1baebe32-38b8-4a51-b99a-3c1fa33e14a7,756b934c-99a0-48ce-84b5-6d1381bfa73c,c4,DROP,1016,e3,?,
1769471160.299716,RECEIVED,51928d2e-1b79-4c74-b80c-7447840a37ba,68e39908-dd9f-46c0-a20b-cee416406aff,c2,c4,1776,e7,?,
1769471160.3006582,RECEIVED,8a03b3ca-32b0-4431-8435-ec59aa2f33c8,010ff323-bc74-4e11-81a0-ad795215af1e,c4,DROP,1015,e1,?,
1769471160.3359435,RECEIVED,94ac116f-bc07-4b65-b8e1-e5f309077b02,b0a3bb1b-2940-4a29-b017-80115f31a0c6,c2,DROP,1018,e5,?,
1769471160.3861039,SENT,1baebe32-38b8-4a51-b99a-3c1fa33e14a7,756b934c-99a0-48ce-84b5-6d1381bfa73c,c4,DROP,688,?,x8,
1769471160.3861485,FORWARDED,1baebe32-38b8-4a51-b99a-3c1fa33e14a7,756b934c-99a0-48ce-84b5-6d1381bfa73c,c4,DROP,688,?,x8,
1769471160.3985095,SENT,94ac116f-bc07-4b65-b8e1-e5f309077b02,b0a3bb1b-2940-4a29-b017-80115f31a0c6,c2,DROP,688,?,x10,
1769471160.3985503,FORWARDED,94ac116f-bc07-4b65-b8e1-e5f309077b02,b0a3bb1b-2940-4a29-b017-80115f31a0c6,c2,DROP,688,?,x10,
1769471160.4050949,SENT,14f8281b-12a0-43dc-96f2-99ad61ac4595,7884cd17-9633-4e7c-919d-33091202ec3a,c1,DROP,683,?,x4,
1769471160.405137,FORWARDED,14f8281b-12a0-43dc-96f2-99ad61ac4595,7884cd17-9633-4e7c-919d-33091202ec3a,c1,DROP,683,?,x4,
1769471160.4678805,SENT,51928d2e-1b79-4c74-b80c-7447840a37ba,68e39908-dd9f-46c0-a20b-cee416406aff,c2,c4,1258,?,x8,
1769471160.4679224,FORWARDED,51928d2e-1b79-4c74-b80c-7447840a37ba,68e39908-dd9f-46c0-a20b-cee416406aff,c2,c4,1258,?,x8,
1769471160.5715048,RECEIVED,712e0b71-ce20-42fa-99bf-27529f47d3f0,caa96928-a3e3-4b45-b6e3-d1483e1da5f4,c4,DROP,1008,e2,?,
1769471160.6413646,RECEIVED,230d2697-74aa-48dc-a6ec-1b68e6d1a28d,40c3e28f-16a8-40a2-bb64-4052abe4d346,c1,DROP,1021,e11,?,
1769471160.6697032,SENT,712e0b71-ce20-42fa-99bf-27529f47d3f0,caa96928-a3e3-4b45-b6e3-d1483e1da5f4,c4,DROP,683,?,x1,
1769471160.6697419,FORWARDED,712e0b71-ce20-42fa-99bf-27529f47d3f0,caa96928-a3e3-4b45-b6e3-d1483e1da5f4,c4,DROP,683,?,x1,
1769471160.815655,SENT,230d2697-74aa-48dc-a6ec-1b68e6d1a28d,40c3e28f-16a8-40a2-bb64-4052abe4d346,c1,DROP,692,?,x11,
1769471160.8156946,FORWARDED,230d2697-74aa-48dc-a6ec-1b68e6d1a28d,40c3e28f-16a8-40a2-bb64-4052abe4d346,c1,DROP,692,?,x11,
1769471160.8632295,RECEIVED,1e624de8-71bf-4007-93ff-88c363a6c594,4c5217b1-a999-4519-a517-dabd251516e3,c5,DROP,1016,e9,?,
1769471160.8672733,RECEIVED,a14a7d7e-7bd2-491c-9090-0d7f4c032225,256630e7-6650-45cd-806b-8345e9804076,c1,None,1613,e11,?,
1769471160.8974533,RECEIVED,66c61896-afec-4844-85ae-f8f705669dff,f2d5e1fc-7e2e-4e6a-ba0d-1659ad9b27ae,c3,DROP,1012,e3,?,
1769471160.918811,SENT,a14a7d7e-7bd2-491c-9090-0d7f4c032225,256630e7-6650-45cd-806b-8345e9804076,c1,None,1135,?,x11,
1769471160.9188578,FORWARDED,a14a7d7e-7bd2-491c-9090-0d7f4c032225,256630e7-6650-45cd-806b-8345e9804076,c1,None,1135,?,x11,
1769471160.9425535,SENT,66c61896-afec-4844-85ae-f8f705669dff,f2d5e1fc-7e2e-4e6a-ba0d-1659ad9b27ae,c3,DROP,687,?,x4,
1769471160.9425933,FORWARDED,66c61896-afec-4844-85ae-f8f705669dff,f2d5e1fc-7e2e-4e6a-ba0d-1659ad9b27ae,c3,DROP,687,?,x4,
1769471161.0623846,RECEIVED,31647c92-34a9-4922-ab3e-40b95ae70e8d,ef5c59bb-d18b-4bcd-bb90-0b8b97c7c712,c5,DROP,1015,e5,?,
1769471161.0791,RECEIVED,fa7749a9-efcf-4bce-a816-5ec3bfdd54b5,f15551bf-f292-42d0-9281-a4ff355d3688,c2,DROP,1009,e6,?,
1769471161.1359804,RECEIVED,9332cb85-2d7b-408d-b983-15e5497bfd54,412d0df7-7171-4308-9a43-f7e9e9cc640d,c5,c1,1776,e5,?,
1769471161.1486762,SENT,fa7749a9-efcf-4bce-a816-5ec3bfdd54b5,f15551bf-f292-42d0-9281-a4ff355d3688,c2,DROP,684,?,x7,
1769471161.1487222,FORWARDED,fa7749a9-efcf-4bce-a816-5ec3bfdd54b5,f15551bf-f292-42d0-9281-a4ff355d3688,c2,DROP,684,?,x7,
1769471161.2105243,SENT,31647c92-34a9-4922-ab3e-40b95ae70e8d,ef5c59bb-d18b-4bcd-bb90-0b8b97c7c712,c5,DROP,689,?,x4,
1769471161.2105658,FORWARDED,31647c92-34a9-4922-ab3e-40b95ae70e8d,ef5c59bb-d18b-4bcd-bb90-0b8b97c7c712,c5,DROP,689,?,x4,
1769471161.277986,RECEIVED,a1bdb642-6115-459e-a2af-5e5d9c2debd4,ea32b082-80b5-492d-9037-1d5d2af34421,c5,DROP,1008,e8,?,
1769471161.4038663,RECEIVED,aad23221-59ea-4f42-92de-b7618155faf9,6342cf59-4b49-45b3-9811-04ef5ec5a555,c1,DROP,1014,e2,?,
1769471161.439134,SENT,9332cb85-2d7b-408d-b983-15e5497bfd54,412d0df7-7171-4308-9a43-f7e9e9cc640d,c5,c1,1259,?,x1,
1769471161.4392533,FORWARDED,9332cb85-2d7b-408d-b983-15e5497bfd54,412d0df7-7171-4308-9a43-f7e9e9cc640d,c5,c1,1259,?,x1,
1769471161.5457659,SENT,8a03b3ca-32b0-4431-8435-ec59aa2f33c8,010ff323-bc74-4e11-81a0-ad795215af1e,c4,DROP,689,?,x3,
1769471161.5458071,FORWARDED,8a03b3ca-32b0-4431-8435-ec59aa2f33c8,010ff323-bc74-4e11-81a0-ad795215af1e,c4,DROP,689,?,x3,
1769471161.6402142,RECEIVED,2ccc2ad1-dd26-4438-b6db-bd0e8ae17e8e,477e70bc-5ba0-43bd-a730-6547f4711bee,c4,DROP,1021,e6,?,
1769471161.7039864,RECEIVED,7fe33aa1-73d7-4139-9635-46477f9926f3,fe72aa67-9e21-43ed-b618-49ebceec9dde,c4,None,1607,e8,?,
1769471161.71112,SENT,aad23221-59ea-4f42-92de-b7618155faf9,6342cf59-4b49-45b3-9811-04ef5ec5a555,c1,DROP,689,?,x5,
1769471161.7111576,FORWARDED,aad23221-59ea-4f42-92de-b7618155faf9,6342cf59-4b49-45b3-9811-04ef5ec5a555,c1,DROP,689,?,x5,
1769471161.7617135,SENT,2ccc2ad1-dd26-4438-b6db-bd0e8ae17e8e,477e70bc-5ba0-43bd-a730-6547f4711bee,c4,DROP,692,?,x10,
1769471161.7617567,FORWARDED,2ccc2ad1-dd26-4438-b6db-bd0e8ae17e8e,477e70bc-5ba0-43bd-a730-6547f4711bee,c4,DROP,692,?,x10,
1769471161.8063807,SENT,a1bdb642-6115-459e-a2af-5e5d9c2debd4,ea32b082-80b5-492d-9037-1d5d2af34421,c5,DROP,684,?,x12,
1769471161.806424,FORWARDED,a1bdb642-6115-459e-a2af-5e5d9c2debd4,ea32b082-80b5-492d-9037-1d5d2af34421,c5,DROP,684,?,x12,
1769471161.955816,SENT,7fe33aa1-73d7-4139-9635-46477f9926f3,fe72aa67-9e21-43ed-b618-49ebceec9dde,c4,None,1132,?,x2,
1769471161.9558568,FORWARDED,7fe33aa1-73d7-4139-9635-46477f9926f3,fe72aa67-9e21-43ed-b618-49ebceec9dde,c4,None,1132,?,x2,
1769471162.1011763,RECEIVED,904982fb-b768-4f69-8ce7-ef159fd01cab,f6cb3218-65a0-4b50-8464-9b19a40dffb3,c1,DROP,1011,e10,?,
1769471162.1122253,SENT,1e624de8-71bf-4007-93ff-88c363a6c594,4c5217b1-a999-4519-a517-dabd251516e3,c5,DROP,688,?,x11,
1769471162.1122694,FORWARDED,1e624de8-71bf-4007-93ff-88c363a6c594,4c5217b1-a999-4519-a517-dabd251516e3,c5,DROP,688,?,x11,
1769471162.197892,RECEIVED,dd520cd5-dfc8-43ad-8fbf-e653fde68dae,f6f57b0c-a542-45fe-9227-4d9e0eab76c1,c2,DROP,442,x8,?,
1769471162.2077289,RECEIVED,7635c575-6928-4ded-903d-73bdfeb41219,f5641ce3-96de-407b-bfe0-08de295c96d6,c5,c1,1771,e2,?,
1769471162.2539287,RECEIVED,41674281-3fc9-4a7f-b395-610f2ebe4da8,17046d28-a578-478b-8565-c28c0d24e7bc,c1,DROP,1007,e11,?,
1769471162.532297,SENT,7635c575-6928-4ded-903d-73bdfeb41219,f5641ce3-96de-407b-bfe0-08de295c96d6,c5,c1,1256,?,x3,
1769471162.5323398,FORWARDED,7635c575-6928-4ded-903d-73bdfeb41219,f5641ce3-96de-407b-bfe0-08de295c96d6,c5,c1,1256,?,x3,
1769471162.6161752,SENT,904982fb-b768-4f69-8ce7-ef159fd01cab,f6cb3218-65a0-4b50-8464-9b19a40dffb3,c1,DROP,687,?,x6,
1769471162.616217,FORWARDED,904982fb-b768-4f69-8ce7-ef159fd01cab,f6cb3218-65a0-4b50-8464-9b19a40dffb3,c1,DROP,687,?,x6,
1769471162.7678418,RECEIVED,9f1ced24-a45e-4805-b460-a63dcb290b54,0851533a-0d07-4cf1-a692-5f7197d806ca,c5,DROP,1009,e10,?,
1769471162.8176322,SENT,9f1ced24-a45e-4805-b460-a63dcb290b54,0851533a-0d07-4cf1-a692-5f7197d806ca,c5,DROP,684,?,x4,
1769471162.8176727,FORWARDED,9f1ced24-a45e-4805-b460-a63dcb290b54,0851533a-0d07-4cf1-a692-5f7197d806ca,c5,DROP,684,?,x4,
1769471162.869171,SENT,41674281-3fc9-4a7f-b395-610f2ebe4da8,17046d28-a578-478b-8565-c28c0d24e7bc,c1,DROP,683,?,x5,
1769471162.8692133,FORWARDED,41674281-3fc9-4a7f-b395-610f2ebe4da8,17046d28-a578-478b-8565-c28c0d24e7bc,c1,DROP,683,?,x5,
1769471162.9276826,RECEIVED,01832415-3c2b-42b8-93dc-927e89821ba5,e2af73ed-f31d-4411-9109-2bd81b982f32,c3,DROP,440,x2,?,
1769471162.9542851,RECEIVED,ca63f2e6-f552-4550-afad-7275e52de4f3,b29d8541-eb38-4437-bf9f-f1a810fb908b,c1,None,1599,e6,?,
1769471163.0706868,RECEIVED,f2e5b38f-de7f-4d3e-b9cd-7a738300d8bd,6b92b9d0-b4d2-4abd-836a-ec61ddcd0fdc,c1,None,1597,e8,?,
1769471163.1569686,RECEIVED,a389bbd6-df98-4dc5-ad63-a40dc4b8dfdb,0006f68b-9147-4a41-948f-dace21437075,c3,c1,1764,e7,?,
1769471163.1744049,SENT,a389bbd6-df98-4dc5-ad63-a40dc4b8dfdb,0006f68b-9147-4a41-948f-dace21437075,c3,c1,1251,?,x5,
1769471163.174448,FORWARDED,a389bbd6-df98-4dc5-ad63-a40dc4b8dfdb,0006f68b-9147-4a41-948f-dace21437075,c3,c1,1251,?,x5,
1769471163.3308074,RECEIVED,f46da039-958a-4e27-bd56-af5e60a0d7fb,f831eb8d-0f99-4f6e-880f-dd271d579cfe,c4,c3,1779,e12,?,
1769471163.3904495,SENT,f2e5b38f-de7f-4d3e-b9cd-7a738300d8bd,6b92b9d0-b4d2-4abd-836a-ec61ddcd0fdc,c1,None,1123,?,x10,
1769471163.3904927,FORWARDED,f2e5b38f-de7f-4d3e-b9cd-7a738300d8bd,6b92b9d0-b4d2-4abd-836a-ec61ddcd0fdc,c1,None,1123,?,x10,
1769471163.4035378,RECEIVED,6ff62cbb-58ae-40fc-bd78-3df621389637,e9dd058b-a7d0-4f12-8f84-b3aac151f9cd,c5,DROP,1011,e4,?,
1769471163.4815464,RECEIVED,4e792e52-dad6-4784-ba23-b15177fafacd,4e7db23d-d496-4601-9e13-a50201cad49c,c5,DROP,441,x2,?,
1769471163.6308494,SENT,f46da039-958a-4e27-bd56-af5e60a0d7fb,f831eb8d-0f99-4f6e-880f-dd271d579cfe,c4,c3,1263,?,x8,
1769471163.6308882,FORWARDED,f46da039-958a-4e27-bd56-af5e60a0d7fb,f831eb8d-0f99-4f6e-880f-dd271d579cfe,c4,c3,1263,?,x8,
1769471163.7727468,RECEIVED,e03c0f9d-bd8e-4bbf-9432-15860d83b0ac,8b2c65e2-e138-4fc1-b14f-6f83a9d299ad,c1,DROP,441,x6,?,
1769471163.7943976,RECEIVED,906c12d7-08cb-4e00-9545-53b601066175,ab9a3b87-3ca3-4463-8209-071c1f00eb76,c5,DROP,1007,e12,?,
1769471163.9125628,SENT,ca63f2e6-f552-4550-afad-7275e52de4f3,b29d8541-eb38-4437-bf9f-f1a810fb908b,c1,None,1128,?,x4,
1769471163.9126048,FORWARDED,ca63f2e6-f552-4550-afad-7275e52de4f3,b29d8541-eb38-4437-bf9f-f1a810fb908b,c1,None,1128,?,x4,
1769471163.9885752,SENT,6ff62cbb-58ae-40fc-bd78-3df621389637,e9dd058b-a7d0-4f12-8f84-b3aac151f9cd,c5,DROP,687,?,x8,
1769471163.9887285,FORWARDED,6ff62cbb-58ae-40fc-bd78-3df621389637,e9dd058b-a7d0-4f12-8f84-b3aac151f9cd,c5,DROP,687,?,x8,
1769471163.9924016,RECEIVED,6345ee3d-3ac3-4c82-856e-55afbf632059,f4134958-edad-4a04-916b-f2736a48aab5,c5,DROP,441,x1,?,
1769471164.0649855,RECEIVED,82ddabaf-3bd7-4518-924f-e0e6b5697aaf,532b4978-0bab-4a7a-94ce-3097b44ce7f0,c3,c1,1767,e11,?,
1769471164.0903964,SENT,82ddabaf-3bd7-4518-924f-e0e6b5697aaf,532b4978-0bab-4a7a-94ce-3097b44ce7f0,c3,c1,1251,?,x12,
1769471164.0904322,FORWARDED,82ddabaf-3bd7-4518-924f-e0e6b5697aaf,532b4978-0bab-4a7a-94ce-3097b44ce7f0,c3,c1,1251,?,x12,
1769471164.1420786,SENT,906c12d7-08cb-4e00-9545-53b601066175,ab9a3b87-3ca3-4463-8209-071c1f00eb76,c5,DROP,683,?,x5,
1769471164.1421206,FORWARDED,906c12d7-08cb-4e00-9545-53b601066175,ab9a3b87-3ca3-4463-8209-071c1f00eb76,c5,DROP,683,?,x5,
1769471164.1915,RECEIVED,4d3813aa-b310-4019-8f70-d9fe8789c572,72ffdf7a-91ce-468e-ada4-10322064a645,c4,DROP,1004,e6,?,
1769471164.3118482,RECEIVED,a13f498b-d8be-4e0b-841f-aa90db886ae7,8560ba52-e1ad-420a-a02b-7e07d609d63e,c2,DROP,1008,e11,?,
1769471164.4057083,RECEIVED,f1f41112-f3ea-40ad-a968-560eaec0f95a,c08aa12b-bf4d-4dd0-afb4-f9d486950e7b,c1,DROP,1012,e6,?,
1769471164.4116898,RECEIVED,3348729e-03a7-4dee-a851-84e9b4aa9ee6,9abf172a-e9b3-4aa3-bd66-3eb4a4755793,c4,c3,1776,e4,?,
1769471164.4481597,RECEIVED,b748e672-d70f-42b6-8069-0ae5aa963bfc,d2748e38-66ea-4cd6-9e2d-5416f1a6ef46,c3,DROP,1011,e2,?,
1769471164.519126,SENT,3348729e-03a7-4dee-a851-84e9b4aa9ee6,9abf172a-e9b3-4aa3-bd66-3eb4a4755793,c4,c3,1260,?,x4,
1769471164.5191674,FORWARDED,3348729e-03a7-4dee-a851-84e9b4aa9ee6,9abf172a-e9b3-4aa3-bd66-3eb4a4755793,c4,c3,1260,?,x4,
1769471164.5193655,RECEIVED,2c1d70f2-544f-4cb2-8afb-6f929ae55c9e,6494f0d0-ea00-4dc3-9974-45fe56e6cda7,c5,DROP,1006,e5,?,
1769471164.630754,SENT,4d3813aa-b310-4019-8f70-d9fe8789c572,72ffdf7a-91ce-468e-ada4-10322064a645,c4,DROP,680,?,x2,
1769471164.6307936,FORWARDED,4d3813aa-b310-4019-8f70-d9fe8789c572,72ffdf7a-91ce-468e-ada4-10322064a645,c4,DROP,680,?,x2,
1769471164.6437294,SENT,a13f498b-d8be-4e0b-841f-aa90db886ae7,8560ba52-e1ad-420a-a02b-7e07d609d63e,c2,DROP,684,?,x7,
1769471164.6437707,FORWARDED,a13f498b-d8be-4e0b-841f-aa90db886ae7,8560ba52-e1ad-420a-a02b-7e07d609d63e,c2,DROP,684,?,x7,
1769471164.6799724,RECEIVED,76869a28-6cac-42cf-8ec9-c331a20e0814,8c8e7944-8ac8-4b41-b95f-ecd0f82b4855,c1,c3,1775,e3,?,
1769471164.7339423,RECEIVED,19450aa7-33c9-4f17-a02d-4eae08ab523a,7b421ad4-d6d1-427d-a10d-cdeab5963827,c5,DROP,1012,e10,?,
1769471164.735238,SENT,f1f41112-f3ea-40ad-a968-560eaec0f95a,c08aa12b-bf4d-4dd0-afb4-f9d486950e7b,c1,DROP,685,?,x2,
1769471164.7353284,FORWARDED,f1f41112-f3ea-40ad-a968-560eaec0f95a,c08aa12b-bf4d-4dd0-afb4-f9d486950e7b,c1,DROP,685,?,x2,
1769471164.786753,RECEIVED,baf7fc4a-703f-42b9-91c8-e9ecf3235ca6,d6440371-a168-4964-a3d6-be65c4a966c0,c3,None,1599,e12,?,
1769471164.8641844,RECEIVED,ff2294bb-0424-4e41-b0af-4cfbffec0474,8bb434c5-7058-4a41-9805-e361b24877c0,c2,DROP,1008,e1,?,
1769471164.9281983,RECEIVED,fabdca56-80a2-4bdf-a5fd-ee7e9defd1cb,8451fc75-2fa5-46cd-90d6-7aad926fbc37,c4,DROP,1011,e12,?,
1769471164.9998014,SENT,19450aa7-33c9-4f17-a02d-4eae08ab523a,7b421ad4-d6d1-427d-a10d-cdeab5963827,c5,DROP,686,?,x7,
1769471164.9998407,FORWARDED,19450aa7-33c9-4f17-a02d-4eae08ab523a,7b421ad4-d6d1-427d-a10d-cdeab5963827,c5,DROP,686,?,x7,
1769471165.0807118,RECEIVED,50dd72cd-74c2-476d-837f-85d8d2b56c09,8c32c47b-ef8a-4a61-b4b1-e01d4eb32651,c4,None,1600,e10,?,
1769471165.145775,SENT,76869a28-6cac-42cf-8ec9-c331a20e0814,8c8e7944-8ac8-4b41-b95f-ecd0f82b4855,c1,c3,1259,?,x3,
1769471165.145818,FORWARDED,76869a28-6cac-42cf-8ec9-c331a20e0814,8c8e7944-8ac8-4b41-b95f-ecd0f82b4855,c1,c3,1259,?,x3,
1769471165.1519256,SENT,b748e672-d70f-42b6-8069-0ae5aa963bfc,d2748e38-66ea-4cd6-9e2d-5416f1a6ef46,c3,DROP,687,?,x4,
1769471165.1519675,FORWARDED,b748e672-d70f-42b6-8069-0ae5aa963bfc,d2748e38-66ea-4cd6-9e2d-5416f1a6ef46,c3,DROP,687,?,x4,
1769471165.1643662,SENT,50dd72cd-74c2-476d-837f-85d8d2b56c09,8c32c47b-ef8a-4a61-b4b1-e01d4eb32651,c4,None,1128,?,x1,
1769471165.164408,FORWARDED,50dd72cd-74c2-476d-837f-85d8d2b56c09,8c32c47b-ef8a-4a61-b4b1-e01d4eb32651,c4,None,1128,?,x1,
1769471165.1945233,SENT,baf7fc4a-703f-42b9-91c8-e9ecf3235ca6,d6440371-a168-4964-a3d6-be65c4a966c0,c3,None,1127,?,x1,
1769471165.1945662,FORWARDED,baf7fc4a-703f-42b9-91c8-e9ecf3235ca6,d6440371-a168-4964-a3d6-be65c4a966c0,c3,None,1127,?,x1,
1769471165.2293446,RECEIVED,c5f25cf8-3286-48e0-9089-7e647af7e7ae,ea9da389-b211-4abb-afa5-29dfd762a2d7,c4,c3,1784,e2,?,
1769471165.3088663,RECEIVED,002d08d9-16cf-4349-847c-9113d4cb4998,1b206ab6-76f7-49f0-8296-a8c7e850506f,c1,None,1603,e12,?,
1769471165.3969715,SENT,002d08d9-16cf-4349-847c-9113d4cb4998,1b206ab6-76f7-49f0-8296-a8c7e850506f,c1,None,1129,?,x9,
1769471165.3970144,FORWARDED,002d08d9-16cf-4349-847c-9113d4cb4998,1b206ab6-76f7-49f0-8296-a8c7e850506f,c1,None,1129,?,x9,
1769471165.476934,SENT,ff2294bb-0424-4e41-b0af-4cfbffec0474,8bb434c5-7058-4a41-9805-e361b24877c0,c2,DROP,683,?,x10,
1769471165.4769769,FORWARDED,ff2294bb-0424-4e41-b0af-4cfbffec0474,8bb434c5-7058-4a41-9805-e361b24877c0,c2,DROP,683,?,x10,
1769471165.4781423,RECEIVED,e5e2f03d-53aa-496d-9d76-5389446ba5e6,b1e9d968-c06a-498d-a322-ff5c09657f81,c4,c3,1781,e2,?,
1769471165.489114,RECEIVED,062a5f28-8897-469e-a861-a960d997717a,185de9bc-5384-481a-bc45-f690aa44f42f,c4,c3,1776,e3,?,
1769471165.4921587,SENT,fabdca56-80a2-4bdf-a5fd-ee7e9defd1cb,8451fc75-2fa5-46cd-90d6-7aad926fbc37,c4,DROP,686,?,x2,
1769471165.4922194,FORWARDED,fabdca56-80a2-4bdf-a5fd-ee7e9defd1cb,8451fc75-2fa5-46cd-90d6-7aad926fbc37,c4,DROP,686,?,x2,
1769471165.5823734,SENT,e5e2f03d-53aa-496d-9d76-5389446ba5e6,b1e9d968-c06a-498d-a322-ff5c09657f81,c4,c3,1263,?,x10,
1769471165.5824113,FORWARDED,e5e2f03d-53aa-496d-9d76-5389446ba5e6,b1e9d968-c06a-498d-a322-ff5c09657f81,c4,c3,1263,?,x10,
1769471165.7834437,SENT,c5f25cf8-3286-48e0-9089-7e647af7e7ae,ea9da389-b211-4abb-afa5-29dfd762a2d7,c4,c3,1264,?,x10,
1769471165.7835226,FORWARDED,c5f25cf8-3286-48e0-9089-7e647af7e7ae,ea9da389-b211-4abb-afa5-29dfd762a2d7,c4,c3,1264,?,x10,
1769471165.9158504,SENT,062a5f28-8897-469e-a861-a960d997717a,185de9bc-5384-481a-bc45-f690aa44f42f,c4,c3,1259,?,x2,
1769471165.915887,FORWARDED,062a5f28-8897-469e-a861-a960d997717a,185de9bc-5384-481a-bc45-f690aa44f42f,c4,c3,1259,?,x2,
1769471166.0072372,RECEIVED,f360198f-df68-4f5a-ba97-7c6b76ca80a1,93530390-c351-47bc-a499-fc5515eebf22,c4,DROP,1003,e8,?,
1769471166.0387998,RECEIVED,6f2bf2b5-771c-43ec-a36a-817a0acfd59f,bd2fc8e5-4345-4fc4-96bf-29da25c3f636,c2,DROP,1008,e10,?,
1769471166.1657856,RECEIVED,01a73d33-0a10-4e91-b12e-872ec1659862,5ff3fc3b-620d-4eb8-94f1-2c75f6a5fb9f,c5,c1,1771,e11,?,
1769471166.2818127,SENT,6f2bf2b5-771c-43ec-a36a-817a0acfd59f,bd2fc8e5-4345-4fc4-96bf-29da25c3f636,c2,DROP,684,?,x6,
1769471166.2818549,FORWARDED,6f2bf2b5-771c-43ec-a36a-817a0acfd59f,bd2fc8e5-4345-4fc4-96bf-29da25c3f636,c2,DROP,684,?,x6,
1769471166.4156103,RECEIVED,18782376-a585-4c29-b9c7-5ee8dffba60b,9cad7156-454e-445a-9671-d72b49959673,c3,None,1607,e3,?,
1769471166.4272351,RECEIVED,99395d66-7fa0-476a-815c-779c811b533e,e106d073-3d64-4acd-aebd-a86e126cb488,c3,c1,1776,e9,?,
1769471166.44023,RECEIVED,6630a07f-58ee-492f-aecc-54a0c38bdc6d,73d0b529-0343-4059-8ccf-cfbba21e1bbc,c4,DROP,1015,e2,?,
1769471166.564794,SENT,2c1d70f2-544f-4cb2-8afb-6f929ae55c9e,6494f0d0-ea00-4dc3-9974-45fe56e6cda7,c5,DROP,683,?,x4,
1769471166.564837,FORWARDED,2c1d70f2-544f-4cb2-8afb-6f929ae55c9e,6494f0d0-ea00-4dc3-9974-45fe56e6cda7,c5,DROP,683,?,x4,
1769471166.6302783,SENT,01a73d33-0a10-4e91-b12e-872ec1659862,5ff3fc3b-620d-4eb8-94f1-2c75f6a5fb9f,c5,c1,1255,?,x1,
1769471166.6303186,FORWARDED,01a73d33-0a10-4e91-b12e-872ec1659862,5ff3fc3b-620d-4eb8-94f1-2c75f6a5fb9f,c5,c1,1255,?,x1,
1769471166.641684,SENT,99395d66-7fa0-476a-815c-779c811b533e,e106d073-3d64-4acd-aebd-a86e126cb488,c3,c1,1260,?,x9,
1769471166.6417258,FORWARDED,99395d66-7fa0-476a-815c-779c811b533e,e106d073-3d64-4acd-aebd-a86e126cb488,c3,c1,1260,?,x9,
1769471166.6547246,RECEIVED,8865200f-39a0-4e00-bc4b-3233dfba9556,c2c733f4-8848-4acb-86da-d9a67fc78dd7,c2,c4,1776,e3,?,
1769471166.754929,RECEIVED,1e59749b-d08e-4487-b64f-9ff338ecb2a9,186d9382-48cf-45ca-a32a-e058ad2e8401,c1,DROP,1009,e11,?,
1769471166.8446581,SENT,1e59749b-d08e-4487-b64f-9ff338ecb2a9,186d9382-48cf-45ca-a32a-e058ad2e8401,c1,DROP,683,?,x1,
1769471166.8446991,FORWARDED,1e59749b-d08e-4487-b64f-9ff338ecb2a9,186d9382-48cf-45ca-a32a-e058ad2e8401,c1,DROP,683,?,x1,
1769471166.9572756,SENT,8865200f-39a0-4e00-bc4b-3233dfba9556,c2c733f4-8848-4acb-86da-d9a67fc78dd7,c2,c4,1260,?,x10,
1769471166.9573178,FORWARDED,8865200f-39a0-4e00-bc4b-3233dfba9556,c2c733f4-8848-4acb-86da-d9a67fc78dd7,c2,c4,1260,?,x10,
1769471167.0053313,RECEIVED,7a768ae1-6a9d-4aaf-8555-a1876dd432d3,533eaf86-c4d8-4792-8828-57c2d074a9e6,c2,DROP,1007,e8,?,
1769471167.1629488,SENT,6630a07f-58ee-492f-aecc-54a0c38bdc6d,73d0b529-0343-4059-8ccf-cfbba21e1bbc,c4,DROP,688,?,x4,
1769471167.1629894,FORWARDED,6630a07f-58ee-492f-aecc-54a0c38bdc6d,73d0b529-0343-4059-8ccf-cfbba21e1bbc,c4,DROP,688,?,x4,
1769471167.46864,SENT,f360198f-df68-4f5a-ba97-7c6b76ca80a1,93530390-c351-47bc-a499-fc5515eebf22,c4,DROP,680,?,x4,
1769471167.4686837,FORWARDED,f360198f-df68-4f5a-ba97-7c6b76ca80a1,93530390-c351-47bc-a499-fc5515eebf22,c4,DROP,680,?,x4,
1769471167.573027,SENT,18782376-a585-4c29-b9c7-5ee8dffba60b,9cad7156-454e-445a-9671-d72b49959673,c3,None,1132,?,x9,
1769471167.5730767,FORWARDED,18782376-a585-4c29-b9c7-5ee8dffba60b,9cad7156-454e-445a-9671-d72b49959673,c3,None,1132,?,x9,
1769471167.6255941,RECEIVED,83ddb5de-8860-4f5c-ba4b-4a4c16e77f26,c02566b3-b461-4c7d-b1d0-13f13d1700ee,c5,DROP,1011,e6,?,
1769471167.9704444,RECEIVED,0cc041a2-0b54-48f4-b0a0-756bbe836c1c,54243f38-ead7-4c07-b314-68636cac6d1f,c1,None,1608,e3,?,
1769471168.003871,SENT,83ddb5de-8860-4f5c-ba4b-4a4c16e77f26,c02566b3-b461-4c7d-b1d0-13f13d1700ee,c5,DROP,686,?,x3,
1769471168.0039136,FORWARDED,83ddb5de-8860-4f5c-ba4b-4a4c16e77f26,c02566b3-b461-4c7d-b1d0-13f13d1700ee,c5,DROP,686,?,x3,
1769471168.0281103,SENT,7a768ae1-6a9d-4aaf-8555-a1876dd432d3,533eaf86-c4d8-4792-8828-57c2d074a9e6,c2,DROP,684,?,x5,
1769471168.0281518,FORWARDED,7a768ae1-6a9d-4aaf-8555-a1876dd432d3,533eaf86-c4d8-4792-8828-57c2d074a9e6,c2,DROP,684,?,x5,
1769471168.1177335,RECEIVED,f2f85085-e544-489d-baf5-7cae7b5bfb76,bf16fae0-ab0d-4204-a8b3-f08af9bef6e7,c3,DROP,1016,e5,?,
1769471168.121848,RECEIVED,1759d7dc-9ab9-4f6a-83ae-df6ff20ac712,ec39cf18-4b7c-492f-8911-320170ee7e0e,c3,DROP,1016,e10,?,
1769471168.132743,RECEIVED,1b9c192d-aa3c-4dc4-ad61-a5ed3585e7e5,da5bb772-3f78-4b8f-b422-614bd89911c5,c2,DROP,1011,e6,?,
1769471168.2345588,SENT,0cc041a2-0b54-48f4-b0a0-756bbe836c1c,54243f38-ead7-4c07-b314-68636cac6d1f,c1,None,1132,?,x10,
1769471168.2346005,FORWARDED,0cc041a2-0b54-48f4-b0a0-756bbe836c1c,54243f38-ead7-4c07-b314-68636cac6d1f,c1,None,1132,?,x10,
1769471168.2663884,SENT,1759d7dc-9ab9-4f6a-83ae-df6ff20ac712,ec39cf18-4b7c-492f-8911-320170ee7e0e,c3,DROP,688,?,x6,
1769471168.2664313,FORWARDED,1759d7dc-9ab9-4f6a-83ae-df6ff20ac712,ec39cf18-4b7c-492f-8911-320170ee7e0e,c3,DROP,688,?,x6,
1769471168.4079251,RECEIVED,e3238693-bac4-43df-9b89-af6dd05d8a36,a74b2e13-8017-435d-b71a-e3b73ebaa8e5,c1,DROP,1020,e12,?,
1769471168.4514496,RECEIVED,f7d9c6ce-1045-4cea-bfae-45081bce3633,ce7a4e9a-2e75-4b33-9cfd-3032ab32245c,c4,DROP,442,x7,?,
1769471168.4642808,RECEIVED,7ca17863-9346-4c73-be8a-e6bc3af3e28c,c9c28b85-c4ec-484c-aac0-63cc802473f8,c5,DROP,1020,e11,?,
1769471168.625537,RECEIVED,2341f7cc-355c-4e57-8653-2243f0377cb4,833bbb00-50e4-48ba-9846-dc417b1acd6c,c2,DROP,1007,e4,?,
1769471168.7148974,SENT,f2f85085-e544-489d-baf5-7cae7b5bfb76,bf16fae0-ab0d-4204-a8b3-f08af9bef6e7,c3,DROP,688,?,x10,
1769471168.7149377,FORWARDED,f2f85085-e544-489d-baf5-7cae7b5bfb76,bf16fae0-ab0d-4204-a8b3-f08af9bef6e7,c3,DROP,688,?,x10,
1769471168.8387835,SENT,1b9c192d-aa3c-4dc4-ad61-a5ed3585e7e5,da5bb772-3f78-4b8f-b422-614bd89911c5,c2,DROP,687,?,x8,
1769471168.8388252,FORWARDED,1b9c192d-aa3c-4dc4-ad61-a5ed3585e7e5,da5bb772-3f78-4b8f-b422-614bd89911c5,c2,DROP,687,?,x8,
1769471168.9629467,RECEIVED,897dd2f6-e994-43a3-b21f-73884521dc4a,3547fead-cd5b-4a4d-8cfb-262eb2e97f0f,c2,DROP,1016,e10,?,
1769471169.0237517,RECEIVED,6bda7dd8-9751-47b4-b656-04e9d5c5e238,9f6164b1-3293-493e-98b8-155056d629ad,c5,DROP,1016,e10,?,
1769471169.059821,SENT,6bda7dd8-9751-47b4-b656-04e9d5c5e238,9f6164b1-3293-493e-98b8-155056d629ad,c5,DROP,688,?,x8,
1769471169.0598605,FORWARDED,6bda7dd8-9751-47b4-b656-04e9d5c5e238,9f6164b1-3293-493e-98b8-155056d629ad,c5,DROP,688,?,x8,
1769471169.0840142,RECEIVED,24e7bab3-644a-4825-94de-3c7bfd8f9cab,1dd8709f-c07c-435e-a2e8-b1daebda0973,c5,DROP,1017,e10,?,
1769471169.1173694,SENT,24e7bab3-644a-4825-94de-3c7bfd8f9cab,1dd8709f-c07c-435e-a2e8-b1daebda0973,c5,DROP,689,?,x1,
1769471169.1174111,FORWARDED,24e7bab3-644a-4825-94de-3c7bfd8f9cab,1dd8709f-c07c-435e-a2e8-b1daebda0973,c5,DROP,689,?,x1,
1769471169.1207354,SENT,7ca17863-9346-4c73-be8a-e6bc3af3e28c,c9c28b85-c4ec-484c-aac0-63cc802473f8,c5,DROP,691,?,x11,
1769471169.1207774,FORWARDED,7ca17863-9346-4c73-be8a-e6bc3af3e28c,c9c28b85-c4ec-484c-aac0-63cc802473f8,c5,DROP,691,?,x11,
1769471169.1958923,SENT,897dd2f6-e994-43a3-b21f-73884521dc4a,3547fead-cd5b-4a4d-8cfb-262eb2e97f0f,c2,DROP,688,?,x4,
1769471169.1959336,FORWARDED,897dd2f6-e994-43a3-b21f-73884521dc4a,3547fead-cd5b-4a4d-8cfb-262eb2e97f0f,c2,DROP,688,?,x4,
1769471169.2817311,SENT,e3238693-bac4-43df-9b89-af6dd05d8a36,a74b2e13-8017-435d-b71a-e3b73ebaa8e5,c1,DROP,691,?,x10,
1769471169.281775,FORWARDED,e3238693-bac4-43df-9b89-af6dd05d8a36,a74b2e13-8017-435d-b71a-e3b73ebaa8e5,c1,DROP,691,?,x10,
1769471169.4437337,SENT,2341f7cc-355c-4e57-8653-2243f0377cb4,833bbb00-50e4-48ba-9846-dc417b1acd6c,c2,DROP,684,?,x1,
1769471169.4437716,FORWARDED,2341f7cc-355c-4e57-8653-2243f0377cb4,833bbb00-50e4-48ba-9846-dc417b1acd6c,c2,DROP,684,?,x1,
1769471169.468744,RECEIVED,b3102db1-bb89-43fc-8c79-96977ab4a58f,600c2a9b-402a-4097-a8b8-bd6e9f3cfc58,c2,DROP,438,x5,?,
1769471169.7024553,RECEIVED,9710bd83-66f1-4111-9786-11f0a3c7f5ef,99873ac0-cd3f-4735-aa37-95da35af87ac,c2,DROP,441,x6,?,
1769471169.794576,RECEIVED,1ea5ab93-c690-4e60-970f-7a140b372ca8,c7b8e9e0-8e08-4009-bdc3-ac49ce7f6ef1,c1,DROP,1011,e2,?,
1769471169.7952676,RECEIVED,0ac6c074-005a-4620-b79a-6c8b6414a1b5,e1366a50-16f0-45cc-8dfb-a7e6ac55309e,c1,DROP,1008,e5,?,
1769471169.8088217,RECEIVED,423704a7-b438-4553-98fe-4a63adb7812d,0a03d069-fabc-4e61-8d24-58130fceb9a0,c3,DROP,1013,e9,?,
1769471169.9400861,SENT,0ac6c074-005a-4620-b79a-6c8b6414a1b5,e1366a50-16f0-45cc-8dfb-a7e6ac55309e,c1,DROP,683,?,x5,
1769471169.9401278,FORWARDED,0ac6c074-005a-4620-b79a-6c8b6414a1b5,e1366a50-16f0-45cc-8dfb-a7e6ac55309e,c1,DROP,683,?,x5,
1769471170.0082345,SENT,423704a7-b438-4553-98fe-4a63adb7812d,0a03d069-fabc-4e61-8d24-58130fceb9a0,c3,DROP,687,?,x12,
1769471170.0082767,FORWARDED,423704a7-b438-4553-98fe-4a63adb7812d,0a03d069-fabc-4e61-8d24-58130fceb9a0,c3,DROP,687,?,x12,
1769471170.3408878,SENT,1ea5ab93-c690-4e60-970f-7a140b372ca8,c7b8e9e0-8e08-4009-bdc3-ac49ce7f6ef1,c1,DROP,687,?,x8,
1769471170.3409293,FORWARDED,1ea5ab93-c690-4e60-970f-7a140b372ca8,c7b8e9e0-8e08-4009-bdc3-ac49ce7f6ef1,c1,DROP,687,?,x8,
1769471170.9113088,RECEIVED,4754d733-479c-4408-a1d3-65cb9005e4d8,4eeb0acc-171a-445c-82cb-0796e4d2896f,c4,c3,1788,e10,?,
1769471171.0331898,RECEIVED,5440d2ed-dd8b-40d0-a427-a5988f19d487,1e636604-c9c5-4b2a-9099-a422724d9566,c3,c1,1772,e5,?,
1769471171.228074,SENT,4754d733-479c-4408-a1d3-65cb9005e4d8,4eeb0acc-171a-445c-82cb-0796e4d2896f,c4,c3,1269,?,x12,
1769471171.2281125,FORWARDED,4754d733-479c-4408-a1d3-65cb9005e4d8,4eeb0acc-171a-445c-82cb-0796e4d2896f,c4,c3,1269,?,x12,
1769471171.2602885,RECEIVED,1e5acfff-541b-41da-9c3e-8289cf9752f8,1b1844cf-41fe-4459-ac27-17382ed9f61b,c2,DROP,1006,e9,?,
1769471171.2813475,RECEIVED,3de741ff-83ca-45de-8b18-7443eeb6182d,f7d07843-59f3-49a6-a14d-169827d3d946,c1,DROP,1003,e9,?,
1769471171.296488,RECEIVED,3f588a88-df77-4426-8695-b45dc0e9b42f,2da95ece-2cc4-4166-b02f-a29bee63dfd3,c4,c3,1768,e12,?,
1769471171.34384,RECEIVED,f63c8054-7e2f-4276-8a4f-e0fcee80afc3,0b912dbc-bc22-481d-b396-2475e9577e71,c2,DROP,442,x8,?,
1769471171.3573227,RECEIVED,c533ef01-93fd-459e-9509-ea22baaf1513,ac1f61fb-9640-4654-9c0f-f5f13f30b2c3,c4,DROP,1019,e10,?,
1769471171.3901184,RECEIVED,0c27dbfa-9e37-4393-a06c-570e704871c8,7bf8083c-afb9-424b-b587-62ee3c82a18a,c4,DROP,1009,e6,?,
1769471171.4052818,SENT,0c27dbfa-9e37-4393-a06c-570e704871c8,7bf8083c-afb9-424b-b587-62ee3c82a18a,c4,DROP,683,?,x7,
1769471171.4053237,FORWARDED,0c27dbfa-9e37-4393-a06c-570e704871c8,7bf8083c-afb9-424b-b587-62ee3c82a18a,c4,DROP,683,?,x7,
1769471171.406649,SENT,5440d2ed-dd8b-40d0-a427-a5988f19d487,1e636604-c9c5-4b2a-9099-a422724d9566,c3,c1,1256,?,x11,
1769471171.4066865,FORWARDED,5440d2ed-dd8b-40d0-a427-a5988f19d487,1e636604-c9c5-4b2a-9099-a422724d9566,c3,c1,1256,?,x11,
1769471171.531483,RECEIVED,663d1299-d8f4-42a1-b8ce-fcccc1234296,f0af4a87-eb7d-411d-a56d-1c3007b367d4,c4,DROP,1007,e4,?,
1769471171.6227438,SENT,663d1299-d8f4-42a1-b8ce-fcccc1234296,f0af4a87-eb7d-411d-a56d-1c3007b367d4,c4,DROP,683,?,x1,
1769471171.6227865,FORWARDED,663d1299-d8f4-42a1-b8ce-fcccc1234296,f0af4a87-eb7d-411d-a56d-1c3007b367d4,c4,DROP,683,?,x1,
1769471171.7780073,SENT,3f588a88-df77-4426-8695-b45dc0e9b42f,2da95ece-2cc4-4166-b02f-a29bee63dfd3,c4,c3,1254,?,x9,
1769471171.7782488,FORWARDED,3f588a88-df77-4426-8695-b45dc0e9b42f,2da95ece-2cc4-4166-b02f-a29bee63dfd3,c4,c3,1254,?,x9,
1769471171.8541315,RECEIVED,4efc4373-f973-4f07-9d67-177f7b23619e,9a7b9f20-1bcc-42b0-b8ee-a3dc95cdcae0,c3,None,1608,e12,?,
1769471171.9497173,SENT,4efc4373-f973-4f07-9d67-177f7b23619e,9a7b9f20-1bcc-42b0-b8ee-a3dc95cdcae0,c3,None,1133,?,x8,
1769471171.9497597,FORWARDED,4efc4373-f973-4f07-9d67-177f7b23619e,9a7b9f20-1bcc-42b0-b8ee-a3dc95cdcae0,c3,None,1133,?,x8,
1769471172.0077674,RECEIVED,2bf475ca-84b5-4aae-9bf5-7f6eed677b58,6faeafc9-5293-4e32-b034-534a6c284c44,c2,DROP,441,x5,?,
1769471172.1212444,SENT,c533ef01-93fd-459e-9509-ea22baaf1513,ac1f61fb-9640-4654-9c0f-f5f13f30b2c3,c4,DROP,693,?,x8,
1769471172.1212847,FORWARDED,c533ef01-93fd-459e-9509-ea22baaf1513,ac1f61fb-9640-4654-9c0f-f5f13f30b2c3,c4,DROP,693,?,x8,
1769471172.2848473,SENT,1e5acfff-541b-41da-9c3e-8289cf9752f8,1b1844cf-41fe-4459-ac27-17382ed9f61b,c2,DROP,683,?,x4,
1769471172.2848911,FORWARDED,1e5acfff-541b-41da-9c3e-8289cf9752f8,1b1844cf-41fe-4459-ac27-17382ed9f61b,c2,DROP,683,?,x4,
1769471172.5597048,RECEIVED,b61e8236-1571-454b-95ff-52174df487d8,904f7a1f-dc30-4e9e-acef-a80dc874eb61,c3,None,1597,e4,?,
1769471172.5843785,RECEIVED,21050c25-0a10-4073-91ea-f2a963cefaac,a131cb1d-f677-4385-80ad-e2f4dcc7ff39,c1,DROP,1008,e9,?,
1769471172.6247694,SENT,3de741ff-83ca-45de-8b18-7443eeb6182d,f7d07843-59f3-49a6-a14d-169827d3d946,c1,DROP,681,?,x4,
1769471172.6248124,FORWARDED,3de741ff-83ca-45de-8b18-7443eeb6182d,f7d07843-59f3-49a6-a14d-169827d3d946,c1,DROP,681,?,x4,
1769471172.6264672,SENT,21050c25-0a10-4073-91ea-f2a963cefaac,a131cb1d-f677-4385-80ad-e2f4dcc7ff39,c1,DROP,683,?,x7,
1769471172.6265085,FORWARDED,21050c25-0a10-4073-91ea-f2a963cefaac,a131cb1d-f677-4385-80ad-e2f4dcc7ff39,c1,DROP,683,?,x7,
1769471172.7192352,RECEIVED,44f3102f-9f8d-4c31-a806-3f13a6755e38,7b981f8c-23a6-4600-bfb5-bb632cd50e05,c2,DROP,442,x9,?,
1769471172.7538843,SENT,b61e8236-1571-454b-95ff-52174df487d8,904f7a1f-dc30-4e9e-acef-a80dc874eb61,c3,None,1123,?,x12,
1769471172.7539253,FORWARDED,b61e8236-1571-454b-95ff-52174df487d8,904f7a1f-dc30-4e9e-acef-a80dc874eb61,c3,None,1123,?,x12,
1769471172.7725804,RECEIVED,3ed523be-a237-42fa-936f-cc0d180dc351,57d14bc5-9591-474b-8a2f-09742a2eab83,c4,DROP,1017,e3,?,
1769471172.8342752,RECEIVED,a756c8c9-83d5-4dc2-9728-5ac98108eed7,33bdc17a-38d9-45cc-a7bb-ffa29b1167ae,c3,DROP,1022,e9,?,
1769471172.839592,RECEIVED,4772ef94-4060-4330-9340-e7c4f0671d5e,40b88dde-7e02-4ece-b955-87ecb3c4c645,c3,None,1599,e1,?,
1769471172.8563657,SENT,a756c8c9-83d5-4dc2-9728-5ac98108eed7,33bdc17a-38d9-45cc-a7bb-ffa29b1167ae,c3,DROP,692,?,x11,
1769471172.856405,FORWARDED,a756c8c9-83d5-4dc2-9728-5ac98108eed7,33bdc17a-38d9-45cc-a7bb-ffa29b1167ae,c3,DROP,692,?,x11,
1769471172.904926,SENT,3ed523be-a237-42fa-936f-cc0d180dc351,57d14bc5-9591-474b-8a2f-09742a2eab83,c4,DROP,688,?,x12,
1769471172.904966,FORWARDED,3ed523be-a237-42fa-936f-cc0d180dc351,57d14bc5-9591-474b-8a2f-09742a2eab83,c4,DROP,688,?,x12,
1769471173.0356376,RECEIVED,4fb8a191-79c8-4f0f-a5f5-1a9c07155d06,649c4261-098a-4313-92be-c76499737b09,c2,DROP,445,x10,?,
1769471173.3463416,RECEIVED,adb56e54-f2fe-4833-a64f-f66b306c615f,c863b28e-9932-4f5c-85f3-2ceef867c73e,c2,DROP,1012,e9,?,
1769471173.5207808,SENT,4772ef94-4060-4330-9340-e7c4f0671d5e,40b88dde-7e02-4ece-b955-87ecb3c4c645,c3,None,1127,?,x11,
1769471173.5208216,FORWARDED,4772ef94-4060-4330-9340-e7c4f0671d5e,40b88dde-7e02-4ece-b955-87ecb3c4c645,c3,None,1127,?,x11,
1769471173.527735,SENT,adb56e54-f2fe-4833-a64f-f66b306c615f,c863b28e-9932-4f5c-85f3-2ceef867c73e,c2,DROP,687,?,x1,
1769471173.5277772,FORWARDED,adb56e54-f2fe-4833-a64f-f66b306c615f,c863b28e-9932-4f5c-85f3-2ceef867c73e,c2,DROP,687,?,x1,
1769471173.8220565,RECEIVED,b88e6d73-9f45-49d5-8cad-9e78bca349ec,4511ff10-9a2d-4156-8ea3-a7b88a437031,c1,None,1604,e8,?,
1769471173.8370867,RECEIVED,891e4c2d-57ed-43c6-ba8a-35e9f3431dfa,502ada6d-964c-4e2d-86ac-bceed9093c05,c3,DROP,1006,e11,?,
1769471173.8504875,SENT,b88e6d73-9f45-49d5-8cad-9e78bca349ec,4511ff10-9a2d-4156-8ea3-a7b88a437031,c1,None,1131,?,x7,
1769471173.8505318,FORWARDED,b88e6d73-9f45-49d5-8cad-9e78bca349ec,4511ff10-9a2d-4156-8ea3-a7b88a437031,c1,None,1131,?,x7,
1769471173.9353688,RECEIVED,13140fbc-9b6b-44ec-a326-c9ba42170ee2,96c3ac4d-5354-46b3-9538-bc5224cf5148,c2,DROP,1007,e12,?,
1769471173.963681,SENT,13140fbc-9b6b-44ec-a326-c9ba42170ee2,96c3ac4d-5354-46b3-9538-bc5224cf5148,c2,DROP,683,?,x4,
1769471173.9637222,FORWARDED,13140fbc-9b6b-44ec-a326-c9ba42170ee2,96c3ac4d-5354-46b3-9538-bc5224cf5148,c2,DROP,683,?,x4,
1769471174.0501266,RECEIVED,3ada927a-fc9d-4842-ac1d-f85aac47d621,5bd67783-87df-4d77-9d47-4d05257efcf1,c1,None,1603,e8,?,
1769471174.096187,RECEIVED,b66d7d52-f0de-430b-9e84-e771b4547e8f,e6d5615f-0a93-4849-9975-f1af3804efa0,c5,DROP,1011,e7,?,
1769471174.230826,RECEIVED,1ed86876-a741-4d0e-9fae-2142ce282d0e,ceb3fa34-4427-4fd4-9399-eedcbea44c5b,c5,DROP,1016,e6,?,
1769471174.323812,RECEIVED,3d00de1a-0474-4804-943e-de25a8402259,baf43301-19f7-4305-9dad-fce556eceeb8,c3,DROP,1016,e9,?,
1769471174.35256,SENT,3ada927a-fc9d-4842-ac1d-f85aac47d621,5bd67783-87df-4d77-9d47-4d05257efcf1,c1,None,1131,?,x3,
1769471174.3526008,FORWARDED,3ada927a-fc9d-4842-ac1d-f85aac47d621,5bd67783-87df-4d77-9d47-4d05257efcf1,c1,None,1131,?,x3,
1769471174.3992527,SENT,1ed86876-a741-4d0e-9fae-2142ce282d0e,ceb3fa34-4427-4fd4-9399-eedcbea44c5b,c5,DROP,689,?,x5,
1769471174.399294,FORWARDED,1ed86876-a741-4d0e-9fae-2142ce282d0e,ceb3fa34-4427-4fd4-9399-eedcbea44c5b,c5,DROP,689,?,x5,
1769471174.5063524,RECEIVED,35728700-a318-4ac7-9d6f-bd17a21d939f,393f1af2-c989-46c8-bd63-9e399ce8a60d,c1,DROP,1007,e3,?,
1769471174.512585,RECEIVED,ae369ebb-d7a2-4f9b-9700-84df2d43d3b0,1eb7fcde-0296-4d05-8f04-c3d63e47e89d,c4,DROP,442,x2,?,
1769471174.6417344,RECEIVED,0a567c1f-ae68-499b-a206-d111425dafc7,59771471-34be-453d-a0d6-0ac97fd3fa73,c3,DROP,1007,e7,?,
1769471174.822523,SENT,0a567c1f-ae68-499b-a206-d111425dafc7,59771471-34be-453d-a0d6-0ac97fd3fa73,c3,DROP,684,?,x3,
1769471174.822567,FORWARDED,0a567c1f-ae68-499b-a206-d111425dafc7,59771471-34be-453d-a0d6-0ac97fd3fa73,c3,DROP,684,?,x3,
1769471174.848093,RECEIVED,1c843aa3-cb4e-4c33-9a71-f3778ff8d08c,e1e6e38f-cd6a-45cf-bbb9-5635989fae8f,c1,DROP,1010,e8,?,
1769471174.85528,SENT,3d00de1a-0474-4804-943e-de25a8402259,baf43301-19f7-4305-9dad-fce556eceeb8,c3,DROP,688,?,x10,
1769471174.8553236,FORWARDED,3d00de1a-0474-4804-943e-de25a8402259,baf43301-19f7-4305-9dad-fce556eceeb8,c3,DROP,688,?,x10,
1769471174.9035625,SENT,b66d7d52-f0de-430b-9e84-e771b4547e8f,e6d5615f-0a93-4849-9975-f1af3804efa0,c5,DROP,685,?,x5,
1769471174.9036047,FORWARDED,b66d7d52-f0de-430b-9e84-e771b4547e8f,e6d5615f-0a93-4849-9975-f1af3804efa0,c5,DROP,685,?,x5,
1769471175.0722344,RECEIVED,f787bc36-71f5-4692-85e7-9f9e17c4439f,b09bdc7d-a861-4574-8266-dbbfd1bef1a2,c3,DROP,1016,e7,?,
1769471175.1751297,RECEIVED,0ea3522c-7cdf-458c-b413-9240bb6acd59,8a6f35be-4003-4d53-ac1c-901ebe996ede,c2,DROP,1015,e7,?,
1769471175.3558915,RECEIVED,3f4dab01-e7d5-415b-bf4f-8cd08b3a0c13,b4ee52e0-620b-46cd-a8b1-2554a97af230,c4,DROP,1008,e11,?,
1769471175.359733,SENT,f787bc36-71f5-4692-85e7-9f9e17c4439f,b09bdc7d-a861-4574-8266-dbbfd1bef1a2,c3,DROP,688,?,x9,
1769471175.3597715,FORWARDED,f787bc36-71f5-4692-85e7-9f9e17c4439f,b09bdc7d-a861-4574-8266-dbbfd1bef1a2,c3,DROP,688,?,x9,
1769471175.3826911,RECEIVED,439def93-2af0-4fe5-9cd2-b247cd085ff8,47072c67-ff74-4b79-b32c-1d3b349e1d18,c3,None,1608,e8,?,
1769471175.4411616,RECEIVED,97940921-007d-43b2-a83e-5a8adcf05bbc,ffe6dcbc-40b9-41b8-8a8a-bb4e54b7d4cc,c2,DROP,1012,e12,?,
1769471175.4645042,SENT,1c843aa3-cb4e-4c33-9a71-f3778ff8d08c,e1e6e38f-cd6a-45cf-bbb9-5635989fae8f,c1,DROP,687,?,x8,
1769471175.4645367,FORWARDED,1c843aa3-cb4e-4c33-9a71-f3778ff8d08c,e1e6e38f-cd6a-45cf-bbb9-5635989fae8f,c1,DROP,687,?,x8,
1769471175.4867797,RECEIVED,a056ee55-aa97-4d7e-9e2f-e3bf88f8e6b5,990653b5-218c-4817-9184-19c793e1be80,c3,DROP,1011,e9,?,
1769471175.5692255,SENT,3f4dab01-e7d5-415b-bf4f-8cd08b3a0c13,b4ee52e0-620b-46cd-a8b1-2554a97af230,c4,DROP,684,?,x6,
1769471175.569266,FORWARDED,3f4dab01-e7d5-415b-bf4f-8cd08b3a0c13,b4ee52e0-620b-46cd-a8b1-2554a97af230,c4,DROP,684,?,x6,
1769471175.6207333,RECEIVED,37f6bb42-3342-4aaf-918b-c6f04c946fe9,4a53c791-2a1a-416d-95bc-30ee9a7cc95d,c4,DROP,441,x2,?,
1769471175.635846,SENT,97940921-007d-43b2-a83e-5a8adcf05bbc,ffe6dcbc-40b9-41b8-8a8a-bb4e54b7d4cc,c2,DROP,687,?,x6,
1769471175.6358943,FORWARDED,97940921-007d-43b2-a83e-5a8adcf05bbc,ffe6dcbc-40b9-41b8-8a8a-bb4e54b7d4cc,c2,DROP,687,?,x6,
1769471175.6672435,SENT,a056ee55-aa97-4d7e-9e2f-e3bf88f8e6b5,990653b5-218c-4817-9184-19c793e1be80,c3,DROP,685,?,x9,
1769471175.6672976,FORWARDED,a056ee55-aa97-4d7e-9e2f-e3bf88f8e6b5,990653b5-218c-4817-9184-19c793e1be80,c3,DROP,685,?,x9,
1769471175.9850998,RECEIVED,cfed99d5-14f8-4cef-be66-14943ca9b8ab,e28e4c09-e98f-4071-b115-a11c989025de,c4,DROP,1017,e2,?,
1769471176.1857216,RECEIVED,40396b01-56de-475a-a9f4-df25ccf5da20,a2e28f30-112f-4bd3-ad6c-daa58e399f65,c2,DROP,1007,e1,?,
1769471176.2282238,SENT,891e4c2d-57ed-43c6-ba8a-35e9f3431dfa,502ada6d-964c-4e2d-86ac-bceed9093c05,c3,DROP,683,?,x9,
1769471176.2282665,FORWARDED,891e4c2d-57ed-43c6-ba8a-35e9f3431dfa,502ada6d-964c-4e2d-86ac-bceed9093c05,c3,DROP,683,?,x9,
1769471176.2622776,RECEIVED,5833f30d-5634-47ee-9f89-8d93c85e0df5,02bd3d35-c635-4b08-939d-2c49686d366d,c5,DROP,1014,e6,?,
1769471176.2950006,RECEIVED,ad9630f9-f3d9-4500-b3dc-5cf00ebcfee8,9f484d4d-6b61-4f65-8009-67de47fa4d17,c5,DROP,1008,e10,?,
1769471176.3039796,SENT,5833f30d-5634-47ee-9f89-8d93c85e0df5,02bd3d35-c635-4b08-939d-2c49686d366d,c5,DROP,687,?,x11,
1769471176.3040206,FORWARDED,5833f30d-5634-47ee-9f89-8d93c85e0df5,02bd3d35-c635-4b08-939d-2c49686d366d,c5,DROP,687,?,x11,
1769471176.3607333,RECEIVED,8221e304-e738-4d0f-a3d8-136b1e49a670,aed19136-eb48-4473-b4dd-1c2f072c0ab1,c3,None,1603,e5,?,
1769471176.3700972,RECEIVED,b7109105-5cdc-4e9e-abd1-2e4b0fc4af9a,81ae1c6c-b8d4-489b-93f9-143746bbfb71,c3,None,1604,e4,?,
1769471176.3785844,SENT,8221e304-e738-4d0f-a3d8-136b1e49a670,aed19136-eb48-4473-b4dd-1c2f072c0ab1,c3,None,1128,?,x12,
1769471176.378627,FORWARDED,8221e304-e738-4d0f-a3d8-136b1e49a670,aed19136-eb48-4473-b4dd-1c2f072c0ab1,c3,None,1128,?,x12,
1769471176.380105,SENT,35728700-a318-4ac7-9d6f-bd17a21d939f,393f1af2-c989-46c8-bd63-9e399ce8a60d,c1,DROP,684,?,x2,
1769471176.3801436,FORWARDED,35728700-a318-4ac7-9d6f-bd17a21d939f,393f1af2-c989-46c8-bd63-9e399ce8a60d,c1,DROP,684,?,x2,
1769471176.3913665,SENT,cfed99d5-14f8-4cef-be66-14943ca9b8ab,e28e4c09-e98f-4071-b115-a11c989025de,c4,DROP,688,?,x10,
1769471176.3914063,FORWARDED,cfed99d5-14f8-4cef-be66-14943ca9b8ab,e28e4c09-e98f-4071-b115-a11c989025de,c4,DROP,688,?,x10,
1769471176.4062152,RECEIVED,5095147a-7a50-42af-a669-b9d7caeee9a7,e907099d-9295-43be-b573-b87fecc83bb0,c1,DROP,442,x6,?,
1769471176.4607265,RECEIVED,aad0fe30-8fcb-4593-a83c-d8d1e2cef038,3a06dcce-d2b2-4c82-9867-0f28589af3c1,c4,DROP,1012,e6,?,
1769471176.4714408,SENT,439def93-2af0-4fe5-9cd2-b247cd085ff8,47072c67-ff74-4b79-b32c-1d3b349e1d18,c3,None,1132,?,x10,
1769471176.4714875,FORWARDED,439def93-2af0-4fe5-9cd2-b247cd085ff8,47072c67-ff74-4b79-b32c-1d3b349e1d18,c3,None,1132,?,x10,
1769471176.5059469,SENT,b7109105-5cdc-4e9e-abd1-2e4b0fc4af9a,81ae1c6c-b8d4-489b-93f9-143746bbfb71,c3,None,1131,?,x2,
1769471176.5059896,FORWARDED,b7109105-5cdc-4e9e-abd1-2e4b0fc4af9a,81ae1c6c-b8d4-489b-93f9-143746bbfb71,c3,None,1131,?,x2,
1769471176.5655675,RECEIVED,0c40a72d-c719-4643-9eb5-6a36664fa523,e03be293-3d29-46e8-9c7a-08c039aaa84a,c1,DROP,1016,e7,?,
1769471176.623294,SENT,aad0fe30-8fcb-4593-a83c-d8d1e2cef038,3a06dcce-d2b2-4c82-9867-0f28589af3c1,c4,DROP,686,?,x1,
1769471176.623335,FORWARDED,aad0fe30-8fcb-4593-a83c-d8d1e2cef038,3a06dcce-d2b2-4c82-9867-0f28589af3c1,c4,DROP,686,?,x1,
1769471176.6414309,RECEIVED,f11fb86b-a6b8-4b2b-84ec-581020f8e16e,ee1f6404-7907-4b68-b0a4-480f1b29d197,c4,DROP,1011,e7,?,
1769471176.6657982,SENT,ad9630f9-f3d9-4500-b3dc-5cf00ebcfee8,9f484d4d-6b61-4f65-8009-67de47fa4d17,c5,DROP,683,?,x1,
1769471176.665835,FORWARDED,ad9630f9-f3d9-4500-b3dc-5cf00ebcfee8,9f484d4d-6b61-4f65-8009-67de47fa4d17,c5,DROP,683,?,x1,
1769471176.677459,RECEIVED,130b347f-75d0-4dad-be69-b338200baaa8,b1637ace-c4c5-4358-aae0-fcf832cbb0b4,c3,DROP,441,x7,?,
1769471176.7148175,RECEIVED,80801068-a806-4a94-8e71-f9a284796c9d,29fe3b23-ed53-4d2c-b9e3-78bfd7bd073c,c5,DROP,1007,e6,?,
1769471176.7820895,SENT,40396b01-56de-475a-a9f4-df25ccf5da20,a2e28f30-112f-4bd3-ad6c-daa58e399f65,c2,DROP,683,?,x7,
1769471176.7821317,FORWARDED,40396b01-56de-475a-a9f4-df25ccf5da20,a2e28f30-112f-4bd3-ad6c-daa58e399f65,c2,DROP,683,?,x7,
1769471176.7923481,RECEIVED,1743329a-7695-42d0-9c7a-ab9056db53c3,51900643-3a0d-412b-8f4c-54541bf3d3b1,c1,DROP,1012,e4,?,
1769471176.8761163,SENT,1743329a-7695-42d0-9c7a-ab9056db53c3,51900643-3a0d-412b-8f4c-54541bf3d3b1,c1,DROP,686,?,x7,
1769471176.8761678,FORWARDED,1743329a-7695-42d0-9c7a-ab9056db53c3,51900643-3a0d-412b-8f4c-54541bf3d3b1,c1,DROP,686,?,x7,
1769471176.882026,SENT,0c40a72d-c719-4643-9eb5-6a36664fa523,e03be293-3d29-46e8-9c7a-08c039aaa84a,c1,DROP,689,?,x9,
1769471176.88208,FORWARDED,0c40a72d-c719-4643-9eb5-6a36664fa523,e03be293-3d29-46e8-9c7a-08c039aaa84a,c1,DROP,689,?,x9,
1769471177.0734642,SENT,80801068-a806-4a94-8e71-f9a284796c9d,29fe3b23-ed53-4d2c-b9e3-78bfd7bd073c,c5,DROP,684,?,x8,
1769471177.073507,FORWARDED,80801068-a806-4a94-8e71-f9a284796c9d,29fe3b23-ed53-4d2c-b9e3-78bfd7bd073c,c5,DROP,684,?,x8,
1769471177.105803,RECEIVED,045af39b-7444-40dd-8bc6-b6a3855739e4,e8612c6d-f0ef-4eda-bda8-aa8b3a715bf7,c5,DROP,441,x7,?,
1769471177.1065948,RECEIVED,8c7d1a9c-2d38-43a8-a74d-2d3e83457893,9315dd2f-8ca0-44d4-b02e-b4a4396063d9,c1,None,1607,e10,?,
1769471177.1674814,RECEIVED,3d218916-4f4a-46a4-af76-968d046d06e8,77ce2ffb-8160-47fe-b3d7-e4c5ec114504,c2,DROP,1016,e6,?,
1769471177.2359388,SENT,8c7d1a9c-2d38-43a8-a74d-2d3e83457893,9315dd2f-8ca0-44d4-b02e-b4a4396063d9,c1,None,1132,?,x8,
1769471177.2359772,FORWARDED,8c7d1a9c-2d38-43a8-a74d-2d3e83457893,9315dd2f-8ca0-44d4-b02e-b4a4396063d9,c1,None,1132,?,x8,
1769471177.252418,RECEIVED,61ce4d4e-756b-43e9-bcfd-ce25e15670d8,02869339-585c-4444-a020-dd9d985bcd35,c4,DROP,1011,e9,?,
1769471177.259891,SENT,3d218916-4f4a-46a4-af76-968d046d06e8,77ce2ffb-8160-47fe-b3d7-e4c5ec114504,c2,DROP,688,?,x2,
1769471177.2599304,FORWARDED,3d218916-4f4a-46a4-af76-968d046d06e8,77ce2ffb-8160-47fe-b3d7-e4c5ec114504,c2,DROP,688,?,x2,
1769471177.4308195,RECEIVED,88ff5a1c-0bfe-456e-9824-9f8badf8a7a1,c59b8225-cd31-4eca-9dbe-c5ee98562bd1,c5,DROP,1008,e8,?,
1769471177.5386698,SENT,f11fb86b-a6b8-4b2b-84ec-581020f8e16e,ee1f6404-7907-4b68-b0a4-480f1b29d197,c4,DROP,687,?,x1,
1769471177.5387125,FORWARDED,f11fb86b-a6b8-4b2b-84ec-581020f8e16e,ee1f6404-7907-4b68-b0a4-480f1b29d197,c4,DROP,687,?,x1,
1769471177.7494571,RECEIVED,95a59c44-8566-4e66-85dc-fe6d0ccd9841,c817ce6e-51e9-42f6-bf89-1a4e55fad118,c2,DROP,441,x10,?,
1769471177.8072736,SENT,0ea3522c-7cdf-458c-b413-9240bb6acd59,8a6f35be-4003-4d53-ac1c-901ebe996ede,c2,DROP,689,?,x7,
1769471177.8073127,FORWARDED,0ea3522c-7cdf-458c-b413-9240bb6acd59,8a6f35be-4003-4d53-ac1c-901ebe996ede,c2,DROP,689,?,x7,
1769471177.909408,SENT,88ff5a1c-0bfe-456e-9824-9f8badf8a7a1,c59b8225-cd31-4eca-9dbe-c5ee98562bd1,c5,DROP,684,?,x10,
1769471177.9094505,FORWARDED,88ff5a1c-0bfe-456e-9824-9f8badf8a7a1,c59b8225-cd31-4eca-9dbe-c5ee98562bd1,c5,DROP,684,?,x10,
1769471177.9360142,RECEIVED,831b9b4f-eb20-4abc-a612-e76f8c4ba197,d34801e4-452f-48fc-9fcb-b50aab0afd10,c4,DROP,1019,e11,?,
1769471178.3343878,SENT,831b9b4f-eb20-4abc-a612-e76f8c4ba197,d34801e4-452f-48fc-9fcb-b50aab0afd10,c4,DROP,693,?,x1,
1769471178.3344297,FORWARDED,831b9b4f-eb20-4abc-a612-e76f8c4ba197,d34801e4-452f-48fc-9fcb-b50aab0afd10,c4,DROP,693,?,x1,
1769471178.6951594,RECEIVED,3910df1c-ae17-41f5-9f3e-a3bdd78eda7d,ffe05024-9690-418c-9097-5c73f272519e,c5,c1,1771,e11,?,
1769471178.7839735,SENT,61ce4d4e-756b-43e9-bcfd-ce25e15670d8,02869339-585c-4444-a020-dd9d985bcd35,c4,DROP,687,?,x10,
1769471178.784017,FORWARDED,61ce4d4e-756b-43e9-bcfd-ce25e15670d8,02869339-585c-4444-a020-dd9d985bcd35,c4,DROP,687,?,x10,
1769471178.898487,RECEIVED,41601e47-bdf4-4525-a81d-13601fc97a43,637d8be2-5b3a-44fc-9548-df9f935177db,c2,c4,1775,e7,?,
1769471179.0084019,RECEIVED,fafad21c-f630-4468-912b-cf7ba3714317,e1c6f00a-c26b-48cb-94ec-11d184cc5a17,c5,DROP,1008,e12,?,
1769471179.0854583,RECEIVED,d8600199-92c9-495f-8893-d2cde55c8ab3,e99993aa-3ec1-41db-883c-f640a69a15a6,c1,c3,1775,e12,?,
1769471179.087198,RECEIVED,fbe79c6d-c7a6-411f-b398-1a53aa15a990,ad3296cf-3992-4573-8487-b13fcbb4867d,c4,DROP,1007,e6,?,
1769471179.3151505,RECEIVED,872f647b-97e1-47e1-b6c0-766948d2805c,87780dc7-db92-4ddf-9a39-755aa8523b73,c3,c1,1760,e9,?,
1769471179.373652,SENT,fafad21c-f630-4468-912b-cf7ba3714317,e1c6f00a-c26b-48cb-94ec-11d184cc5a17,c5,DROP,684,?,x9,
1769471179.3736963,FORWARDED,fafad21c-f630-4468-912b-cf7ba3714317,e1c6f00a-c26b-48cb-94ec-11d184cc5a17,c5,DROP,684,?,x9,
1769471179.383479,SENT,872f647b-97e1-47e1-b6c0-766948d2805c,87780dc7-db92-4ddf-9a39-755aa8523b73,c3,c1,1248,?,x6,
1769471179.3835194,FORWARDED,872f647b-97e1-47e1-b6c0-766948d2805c,87780dc7-db92-4ddf-9a39-755aa8523b73,c3,c1,1248,?,x6,
1769471179.6325927,SENT,41601e47-bdf4-4525-a81d-13601fc97a43,637d8be2-5b3a-44fc-9548-df9f935177db,c2,c4,1259,?,x1,
1769471179.632627,FORWARDED,41601e47-bdf4-4525-a81d-13601fc97a43,637d8be2-5b3a-44fc-9548-df9f935177db,c2,c4,1259,?,x1,
1769471179.7731764,SENT,d8600199-92c9-495f-8893-d2cde55c8ab3,e99993aa-3ec1-41db-883c-f640a69a15a6,c1,c3,1259,?,x3,
1769471179.7732158,FORWARDED,d8600199-92c9-495f-8893-d2cde55c8ab3,e99993aa-3ec1-41db-883c-f640a69a15a6,c1,c3,1259,?,x3,
1769471179.8767357,RECEIVED,7a8a5e94-6cc5-4618-ba72-62794f3fd7ff,cd4f3324-0235-45f7-bc88-f48f89b31647,c1,DROP,1012,e9,?,
1769471179.9365916,RECEIVED,8ac6b8e8-e37f-47ab-8780-df9a35b9b7fa,44f573c4-082b-4fab-904e-0ce9b40d3e8f,c4,None,1600,e8,?,
1769471179.9744647,SENT,7a8a5e94-6cc5-4618-ba72-62794f3fd7ff,cd4f3324-0235-45f7-bc88-f48f89b31647,c1,DROP,687,?,x5,
1769471179.9745038,FORWARDED,7a8a5e94-6cc5-4618-ba72-62794f3fd7ff,cd4f3324-0235-45f7-bc88-f48f89b31647,c1,DROP,687,?,x5,
1769471179.9823813,RECEIVED,f5382a07-aa42-4333-971f-03cc040d6eb0,5f32b11f-5c24-4d67-9e47-2efb3debdf9f,c2,c4,1785,e12,?,
1769471180.0133226,RECEIVED,e7e7f41d-a819-44de-916c-16375692498e,11443305-da12-4387-9c5a-d24ea77a52b9,c2,c4,1760,e9,?,
1769471180.088724,RECEIVED,e3ab3ba0-2040-40f1-8abf-c7eab4954975,3c367de1-aecb-4b00-a454-c16ec0585e58,c2,DROP,1008,e11,?,
1769471180.0992188,SENT,f5382a07-aa42-4333-971f-03cc040d6eb0,5f32b11f-5c24-4d67-9e47-2efb3debdf9f,c2,c4,1264,?,x10,
1769471180.0992606,FORWARDED,f5382a07-aa42-4333-971f-03cc040d6eb0,5f32b11f-5c24-4d67-9e47-2efb3debdf9f,c2,c4,1264,?,x10,
1769471180.1107738,SENT,e7e7f41d-a819-44de-916c-16375692498e,11443305-da12-4387-9c5a-d24ea77a52b9,c2,c4,1248,?,x3,
1769471180.110815,FORWARDED,e7e7f41d-a819-44de-916c-16375692498e,11443305-da12-4387-9c5a-d24ea77a52b9,c2,c4,1248,?,x3,
1769471180.1218696,RECEIVED,a92dfd1c-e936-4982-91b0-543b660ccbca,63a39d04-36e4-4fdb-881c-eb1d35671ac4,c2,DROP,1017,e6,?,
1769471180.216366,SENT,a92dfd1c-e936-4982-91b0-543b660ccbca,63a39d04-36e4-4fdb-881c-eb1d35671ac4,c2,DROP,688,?,x2,
1769471180.216407,FORWARDED,a92dfd1c-e936-4982-91b0-543b660ccbca,63a39d04-36e4-4fdb-881c-eb1d35671ac4,c2,DROP,688,?,x2,
1769471180.2281573,SENT,e3ab3ba0-2040-40f1-8abf-c7eab4954975,3c367de1-aecb-4b00-a454-c16ec0585e58,c2,DROP,683,?,x12,
1769471180.2281969,FORWARDED,e3ab3ba0-2040-40f1-8abf-c7eab4954975,3c367de1-aecb-4b00-a454-c16ec0585e58,c2,DROP,683,?,x12,
1769471180.4025383,SENT,3910df1c-ae17-41f5-9f3e-a3bdd78eda7d,ffe05024-9690-418c-9097-5c73f272519e,c5,c1,1256,?,x9,
1769471180.4025874,FORWARDED,3910df1c-ae17-41f5-9f3e-a3bdd78eda7d,ffe05024-9690-418c-9097-5c73f272519e,c5,c1,1256,?,x9,
1769471180.4263215,SENT,8ac6b8e8-e37f-47ab-8780-df9a35b9b7fa,44f573c4-082b-4fab-904e-0ce9b40d3e8f,c4,None,1128,?,x9,
1769471180.426374,FORWARDED,8ac6b8e8-e37f-47ab-8780-df9a35b9b7fa,44f573c4-082b-4fab-904e-0ce9b40d3e8f,c4,None,1128,?,x9,
1769471180.529488,RECEIVED,b2691721-2d76-449b-803a-9b7a0eef372d,8b5a9259-fc51-4b79-ae63-d483ad667e67,c4,DROP,1012,e1,?,
1769471180.5417078,RECEIVED,d87d46e8-5420-4fff-97b8-ddbcceb7821e,eb273e77-867e-4a0f-afc3-e5dac81a50c7,c3,DROP,1021,e12,?,
1769471180.6313257,SENT,d87d46e8-5420-4fff-97b8-ddbcceb7821e,eb273e77-867e-4a0f-afc3-e5dac81a50c7,c3,DROP,691,?,x11,
1769471180.6313713,FORWARDED,d87d46e8-5420-4fff-97b8-ddbcceb7821e,eb273e77-867e-4a0f-afc3-e5dac81a50c7,c3,DROP,691,?,x11,
1769471180.747724,SENT,b2691721-2d76-449b-803a-9b7a0eef372d,8b5a9259-fc51-4b79-ae63-d483ad667e67,c4,DROP,687,?,x6,
1769471180.7477646,FORWARDED,b2691721-2d76-449b-803a-9b7a0eef372d,8b5a9259-fc51-4b79-ae63-d483ad667e67,c4,DROP,687,?,x6,
1769471180.8518164,RECEIVED,84645c17-8180-4168-ae44-8107b6be3b8c,40f9686f-e076-4e4a-8652-f97a4c3cfb7f,c1,DROP,1008,e6,?,
1769471180.8969297,RECEIVED,7fdd168a-7032-4d13-a897-b0325d8439bf,ecd86995-5c4a-4cff-8400-e7636ccde9f0,c3,None,1599,e1,?,
1769471180.9466834,RECEIVED,64fabec4-40cd-4f64-8384-a357c2485dde,0c5feeb5-50fe-43d0-814a-f3ac2c760890,c5,DROP,1016,e7,?,
1769471181.0707068,RECEIVED,14d897cd-595e-4945-a06d-492f5f9bc641,819c018a-b494-4d85-b6e5-c8613e89dc24,c5,c1,1779,e5,?,
1769471181.0821,RECEIVED,ef2ab72a-4e1c-4e72-b10e-80b458127bc6,fa7316f1-2ca2-4e34-9ba3-b2e0b45c3d4e,c2,DROP,1015,e1,?,
1769471181.1079707,RECEIVED,636a87c1-0f0a-4b0a-a7a0-0e48f39664d7,0e565032-8e91-4404-b322-715bf425c463,c5,DROP,441,x10,?,
1769471181.1098151,SENT,64fabec4-40cd-4f64-8384-a357c2485dde,0c5feeb5-50fe-43d0-814a-f3ac2c760890,c5,DROP,688,?,x6,
1769471181.1098564,FORWARDED,64fabec4-40cd-4f64-8384-a357c2485dde,0c5feeb5-50fe-43d0-814a-f3ac2c760890,c5,DROP,688,?,x6,
1769471181.1215923,SENT,14d897cd-595e-4945-a06d-492f5f9bc641,819c018a-b494-4d85-b6e5-c8613e89dc24,c5,c1,1263,?,x8,
1769471181.1216288,FORWARDED,14d897cd-595e-4945-a06d-492f5f9bc641,819c018a-b494-4d85-b6e5-c8613e89dc24,c5,c1,1263,?,x8,
1769471181.153461,SENT,fbe79c6d-c7a6-411f-b398-1a53aa15a990,ad3296cf-3992-4573-8487-b13fcbb4867d,c4,DROP,684,?,x6,
1769471181.1535125,FORWARDED,fbe79c6d-c7a6-411f-b398-1a53aa15a990,ad3296cf-3992-4573-8487-b13fcbb4867d,c4,DROP,684,?,x6,
1769471181.2855947,SENT,ef2ab72a-4e1c-4e72-b10e-80b458127bc6,fa7316f1-2ca2-4e34-9ba3-b2e0b45c3d4e,c2,DROP,688,?,x6,
1769471181.2856364,FORWARDED,ef2ab72a-4e1c-4e72-b10e-80b458127bc6,fa7316f1-2ca2-4e34-9ba3-b2e0b45c3d4e,c2,DROP,688,?,x6,
1769471181.525118,RECEIVED,56e7f96e-ec9e-4574-bd47-37435c39ee8a,a5519dd6-2f7c-40b2-84ee-c8e7ac68431b,c3,c1,1777,e3,?,
1769471181.6482341,SENT,7fdd168a-7032-4d13-a897-b0325d8439bf,ecd86995-5c4a-4cff-8400-e7636ccde9f0,c3,None,1127,?,x6,
1769471181.6482737,FORWARDED,7fdd168a-7032-4d13-a897-b0325d8439bf,ecd86995-5c4a-4cff-8400-e7636ccde9f0,c3,None,1127,?,x6,
1769471181.8046987,RECEIVED,7c09258a-5314-4ed8-b15c-8cf80c18b802,04dd51a4-340f-44e7-bca6-bea84ee22226,c4,DROP,1021,e5,?,
1769471181.8252864,SENT,56e7f96e-ec9e-4574-bd47-37435c39ee8a,a5519dd6-2f7c-40b2-84ee-c8e7ac68431b,c3,c1,1258,?,x11,
1769471181.8253348,FORWARDED,56e7f96e-ec9e-4574-bd47-37435c39ee8a,a5519dd6-2f7c-40b2-84ee-c8e7ac68431b,c3,c1,1258,?,x11,
1769471181.8950088,SENT,7c09258a-5314-4ed8-b15c-8cf80c18b802,04dd51a4-340f-44e7-bca6-bea84ee22226,c4,DROP,693,?,x12,
1769471181.8952851,FORWARDED,7c09258a-5314-4ed8-b15c-8cf80c18b802,04dd51a4-340f-44e7-bca6-bea84ee22226,c4,DROP,693,?,x12,
1769471181.9411745,SENT,84645c17-8180-4168-ae44-8107b6be3b8c,40f9686f-e076-4e4a-8652-f97a4c3cfb7f,c1,DROP,684,?,x11,
1769471181.9412165,FORWARDED,84645c17-8180-4168-ae44-8107b6be3b8c,40f9686f-e076-4e4a-8652-f97a4c3cfb7f,c1,DROP,684,?,x11,
1769471182.1389906,RECEIVED,827009a3-f1a0-4519-8cb9-ad60946a316e,e3faa9c8-0377-42eb-9cc8-c5880bda4656,c2,DROP,1016,e3,?,
1769471182.246678,RECEIVED,fc8bc884-728f-4930-8136-299ad549aeb7,64d8431d-ece2-430e-a16f-44d5607d422a,c1,DROP,1012,e3,?,
1769471182.3230069,RECEIVED,b33a7ef3-3aac-46d5-bc2b-b0bbf018d6d8,134d1561-e3db-4559-a86b-8f9b3b31f04d,c5,DROP,442,x2,?,
1769471182.3920944,RECEIVED,0e6657d6-ae38-46e1-aa22-77846dd2f122,26339fed-8b21-4f1c-87ea-34a82932aa9d,c4,c3,1782,e10,?,
1769471182.4536915,SENT,0e6657d6-ae38-46e1-aa22-77846dd2f122,26339fed-8b21-4f1c-87ea-34a82932aa9d,c4,c3,1262,?,x10,
1769471182.4537344,FORWARDED,0e6657d6-ae38-46e1-aa22-77846dd2f122,26339fed-8b21-4f1c-87ea-34a82932aa9d,c4,c3,1262,?,x10,
1769471182.7609377,RECEIVED,960d441c-f3c8-4876-902d-0706e91a0c1a,2fb0d3db-6b3b-41cf-a37d-de3c250858f8,c4,c3,1776,e3,?,
1769471182.82263,RECEIVED,280cd3a3-4c78-4846-80c8-a7e587e159a1,259cf977-287e-43ea-ad32-51c9168de374,c2,DROP,442,x3,?,
1769471182.8417747,RECEIVED,ce6421ad-870d-4645-9e3b-afe9b817f670,d98d5dd7-3f18-4c3c-9aed-58db2cd35b06,c4,DROP,1012,e1,?,
1769471182.8626516,RECEIVED,c24db28a-7041-491b-a2c3-3c9a6833285c,4de22efc-f3c2-43dd-a26b-fb1b16fc7077,c3,c1,1767,e6,?,
1769471182.8998146,RECEIVED,9da24cd3-c5c1-4a0e-abea-2e41aa170e77,acf24001-2be9-41f1-ba85-e30a2ab9da3f,c3,c1,1771,e5,?,
1769471182.947736,SENT,c24db28a-7041-491b-a2c3-3c9a6833285c,4de22efc-f3c2-43dd-a26b-fb1b16fc7077,c3,c1,1252,?,x2,
1769471182.9477742,FORWARDED,c24db28a-7041-491b-a2c3-3c9a6833285c,4de22efc-f3c2-43dd-a26b-fb1b16fc7077,c3,c1,1252,?,x2,
1769471183.0365894,RECEIVED,9de00c4b-3390-42de-94b9-5961b3984b1c,476ea53c-d735-4673-9f13-146860eb013d,c2,DROP,1004,e7,?,
1769471183.0480447,RECEIVED,8491461b-7e4e-4d37-9dff-595455a8c970,81254b0c-c548-4836-bdae-d13418128fdf,c3,c1,1760,e5,?,
1769471183.0898237,RECEIVED,2c589a64-1376-4ec7-8fbe-6f660078b07a,0a1229ed-ca22-413a-9fb0-bb42bf2bae16,c5,DROP,1008,e2,?,
1769471183.091632,SENT,960d441c-f3c8-4876-902d-0706e91a0c1a,2fb0d3db-6b3b-41cf-a37d-de3c250858f8,c4,c3,1260,?,x6,
1769471183.091674,FORWARDED,960d441c-f3c8-4876-902d-0706e91a0c1a,2fb0d3db-6b3b-41cf-a37d-de3c250858f8,c4,c3,1260,?,x6,
1769471183.1749008,SENT,9de00c4b-3390-42de-94b9-5961b3984b1c,476ea53c-d735-4673-9f13-146860eb013d,c2,DROP,679,?,x9,
1769471183.174942,FORWARDED,9de00c4b-3390-42de-94b9-5961b3984b1c,476ea53c-d735-4673-9f13-146860eb013d,c2,DROP,679,?,x9,
1769471183.1984909,SENT,8491461b-7e4e-4d37-9dff-595455a8c970,81254b0c-c548-4836-bdae-d13418128fdf,c3,c1,1247,?,x2,
1769471183.1985343,FORWARDED,8491461b-7e4e-4d37-9dff-595455a8c970,81254b0c-c548-4836-bdae-d13418128fdf,c3,c1,1247,?,x2,
1769471183.2120948,SENT,ce6421ad-870d-4645-9e3b-afe9b817f670,d98d5dd7-3f18-4c3c-9aed-58db2cd35b06,c4,DROP,685,?,x7,
1769471183.2121303,FORWARDED,ce6421ad-870d-4645-9e3b-afe9b817f670,d98d5dd7-3f18-4c3c-9aed-58db2cd35b06,c4,DROP,685,?,x7,
1769471183.2482882,SENT,2c589a64-1376-4ec7-8fbe-6f660078b07a,0a1229ed-ca22-413a-9fb0-bb42bf2bae16,c5,DROP,683,?,x11,
1769471183.2483315,FORWARDED,2c589a64-1376-4ec7-8fbe-6f660078b07a,0a1229ed-ca22-413a-9fb0-bb42bf2bae16,c5,DROP,683,?,x11,
1769471183.2596796,RECEIVED,b3c29c8f-d980-4f9c-83e9-8645ec5dd7d6,d6ffa06d-0bb6-41e6-ba03-c117869ceb98,c4,DROP,1008,e3,?,
1769471183.3608758,SENT,b3c29c8f-d980-4f9c-83e9-8645ec5dd7d6,d6ffa06d-0bb6-41e6-ba03-c117869ceb98,c4,DROP,683,?,x3,
1769471183.3614635,FORWARDED,b3c29c8f-d980-4f9c-83e9-8645ec5dd7d6,d6ffa06d-0bb6-41e6-ba03-c117869ceb98,c4,DROP,683,?,x3,
1769471183.4739633,SENT,fc8bc884-728f-4930-8136-299ad549aeb7,64d8431d-ece2-430e-a16f-44d5607d422a,c1,DROP,687,?,x12,
1769471183.4740036,FORWARDED,fc8bc884-728f-4930-8136-299ad549aeb7,64d8431d-ece2-430e-a16f-44d5607d422a,c1,DROP,687,?,x12,
1769471183.556021,SENT,827009a3-f1a0-4519-8cb9-ad60946a316e,e3faa9c8-0377-42eb-9cc8-c5880bda4656,c2,DROP,689,?,x12,
1769471183.556074,FORWARDED,827009a3-f1a0-4519-8cb9-ad60946a316e,e3faa9c8-0377-42eb-9cc8-c5880bda4656,c2,DROP,689,?,x12,
1769471183.6235857,RECEIVED,3e5089b3-d449-421e-a9ac-3e92972b5a73,1137c5d0-fd02-4810-8d47-fc3795ce69eb,c2,DROP,441,x5,?,
1769471183.7939973,RECEIVED,192eef54-a917-438e-a28a-f779d7778713,29eb84eb-a5ef-48da-b723-48e456893bd8,c4,None,1606,e6,?,
1769471183.8907459,SENT,9da24cd3-c5c1-4a0e-abea-2e41aa170e77,acf24001-2be9-41f1-ba85-e30a2ab9da3f,c3,c1,1256,?,x8,
1769471183.8907866,FORWARDED,9da24cd3-c5c1-4a0e-abea-2e41aa170e77,acf24001-2be9-41f1-ba85-e30a2ab9da3f,c3,c1,1256,?,x8,
1769471184.2172332,RECEIVED,588cf86c-33ef-46b4-92b6-aebaf9c7ac63,d899450e-afe1-4f8a-9daa-d2b7fba4685e,c4,DROP,1007,e1,?,
1769471184.2447748,RECEIVED,17845b2e-3c3f-4397-b8b7-7b24cbde3881,fe131259-0a6a-43cb-9a5d-2cd8cdade2c7,c4,DROP,1017,e3,?,
1769471184.412947,RECEIVED,165f63af-569b-4687-a770-65b9dd37ee9f,9fe5ca9f-3984-4bb3-b47d-b2df0ae0cfa7,c1,DROP,1012,e10,?,
1769471184.466407,SENT,17845b2e-3c3f-4397-b8b7-7b24cbde3881,fe131259-0a6a-43cb-9a5d-2cd8cdade2c7,c4,DROP,690,?,x12,
1769471184.4664495,FORWARDED,17845b2e-3c3f-4397-b8b7-7b24cbde3881,fe131259-0a6a-43cb-9a5d-2cd8cdade2c7,c4,DROP,690,?,x12,
1769471184.5101407,RECEIVED,53b67a5c-cbda-4a88-90ec-148b1e74c91b,e5100ff1-f309-4dc4-aa18-63cf4e844478,c5,DROP,1008,e3,?,
1769471184.510986,SENT,165f63af-569b-4687-a770-65b9dd37ee9f,9fe5ca9f-3984-4bb3-b47d-b2df0ae0cfa7,c1,DROP,687,?,x3,
1769471184.5110202,FORWARDED,165f63af-569b-4687-a770-65b9dd37ee9f,9fe5ca9f-3984-4bb3-b47d-b2df0ae0cfa7,c1,DROP,687,?,x3,
1769471184.5333374,RECEIVED,b6587ff2-ee98-484f-8005-b3776fed090c,7c8bc4c8-9189-449b-be43-9deb8fe9728b,c3,DROP,1011,e12,?,
1769471184.7121751,SENT,588cf86c-33ef-46b4-92b6-aebaf9c7ac63,d899450e-afe1-4f8a-9daa-d2b7fba4685e,c4,DROP,683,?,x2,
1769471184.7122214,FORWARDED,588cf86c-33ef-46b4-92b6-aebaf9c7ac63,d899450e-afe1-4f8a-9daa-d2b7fba4685e,c4,DROP,683,?,x2,
1769471184.7261863,SENT,53b67a5c-cbda-4a88-90ec-148b1e74c91b,e5100ff1-f309-4dc4-aa18-63cf4e844478,c5,DROP,684,?,x4,
1769471184.726253,FORWARDED,53b67a5c-cbda-4a88-90ec-148b1e74c91b,e5100ff1-f309-4dc4-aa18-63cf4e844478,c5,DROP,684,?,x4,
1769471184.7953227,RECEIVED,d2a95a98-fc7f-481b-966e-1f76123b07f6,0c772bb4-0022-44d7-94bb-711115935021,c3,DROP,1017,e10,?,
1769471184.8110309,RECEIVED,b1256221-7d68-46ad-91c2-07af36bf2ae1,b5ed0fc7-93a6-4259-98ca-155d688224d5,c1,c3,1764,e9,?,
1769471184.8332732,SENT,d2a95a98-fc7f-481b-966e-1f76123b07f6,0c772bb4-0022-44d7-94bb-711115935021,c3,DROP,689,?,x3,
1769471184.833318,FORWARDED,d2a95a98-fc7f-481b-966e-1f76123b07f6,0c772bb4-0022-44d7-94bb-711115935021,c3,DROP,689,?,x3,
1769471185.006035,RECEIVED,fa32cd25-91cf-4fa8-87bd-0cf452cc255e,e76e5043-6250-4cda-9a59-817b6f383f27,c1,DROP,1011,e11,?,
1769471185.0679178,RECEIVED,31544133-f640-4184-a644-8b04a044b7cb,f00b1e24-bec5-4bb3-a49c-9eff744569c7,c1,DROP,1021,e10,?,
1769471185.101865,SENT,b6587ff2-ee98-484f-8005-b3776fed090c,7c8bc4c8-9189-449b-be43-9deb8fe9728b,c3,DROP,686,?,x4,
1769471185.1019032,FORWARDED,b6587ff2-ee98-484f-8005-b3776fed090c,7c8bc4c8-9189-449b-be43-9deb8fe9728b,c3,DROP,686,?,x4,
1769471185.1651878,RECEIVED,e36b6c67-b1e0-4709-b24c-f290df366455,bc5befaf-0b1e-4d6e-8b76-87655405bfeb,c5,DROP,441,x11,?,
1769471185.2072527,RECEIVED,b487905b-03b7-44b0-a7d5-110e2303a309,f137b5fb-9bc5-480f-a214-cd9b692223fb,c2,DROP,443,x6,?,
1769471185.2406514,SENT,b1256221-7d68-46ad-91c2-07af36bf2ae1,b5ed0fc7-93a6-4259-98ca-155d688224d5,c1,c3,1251,?,x12,
1769471185.2406912,FORWARDED,b1256221-7d68-46ad-91c2-07af36bf2ae1,b5ed0fc7-93a6-4259-98ca-155d688224d5,c1,c3,1251,?,x12,
1769471185.2540295,SENT,31544133-f640-4184-a644-8b04a044b7cb,f00b1e24-bec5-4bb3-a49c-9eff744569c7,c1,DROP,691,?,x12,
1769471185.2540846,FORWARDED,31544133-f640-4184-a644-8b04a044b7cb,f00b1e24-bec5-4bb3-a49c-9eff744569c7,c1,DROP,691,?,x12,
1769471185.48965,RECEIVED,b2b563c7-0618-4c3f-a030-812fe63fc77a,b2263d06-edce-452f-9107-ea75da645b36,c4,DROP,1015,e3,?,
1769471185.6437137,SENT,b2b563c7-0618-4c3f-a030-812fe63fc77a,b2263d06-edce-452f-9107-ea75da645b36,c4,DROP,688,?,x5,
1769471185.6437557,FORWARDED,b2b563c7-0618-4c3f-a030-812fe63fc77a,b2263d06-edce-452f-9107-ea75da645b36,c4,DROP,688,?,x5,
1769471185.6681435,RECEIVED,ae6f0b8e-3d10-4f0c-a07a-a5e8d2cf0264,81193cbe-ea29-495f-9d73-0a0035daa9e2,c2,DROP,1007,e10,?,
1769471185.706686,RECEIVED,79013ee6-894b-4af0-83f9-c043e25d32d1,dcb24b39-2182-4249-aa32-ffdcd477857b,c1,DROP,1008,e10,?,
1769471185.7614703,SENT,ae6f0b8e-3d10-4f0c-a07a-a5e8d2cf0264,81193cbe-ea29-495f-9d73-0a0035daa9e2,c2,DROP,683,?,x9,
1769471185.7615106,FORWARDED,ae6f0b8e-3d10-4f0c-a07a-a5e8d2cf0264,81193cbe-ea29-495f-9d73-0a0035daa9e2,c2,DROP,683,?,x9,
1769471185.883899,SENT,fa32cd25-91cf-4fa8-87bd-0cf452cc255e,e76e5043-6250-4cda-9a59-817b6f383f27,c1,DROP,687,?,x2,
1769471185.8839421,FORWARDED,fa32cd25-91cf-4fa8-87bd-0cf452cc255e,e76e5043-6250-4cda-9a59-817b6f383f27,c1,DROP,687,?,x2,
1769471186.0198317,SENT,192eef54-a917-438e-a28a-f779d7778713,29eb84eb-a5ef-48da-b723-48e456893bd8,c4,None,1132,?,x1,
1769471186.0198748,FORWARDED,192eef54-a917-438e-a28a-f779d7778713,29eb84eb-a5ef-48da-b723-48e456893bd8,c4,None,1132,?,x1,
1769471186.0360138,RECEIVED,56d26aab-56cf-446d-b72e-79148ade371a,e991166b-ab9b-4d51-a3db-08d7a88cdc51,c3,None,1604,e3,?,
1769471186.0914447,RECEIVED,a36dc521-14ee-4064-a2b0-5a04e833e7bb,4f8c20f6-f5b7-453c-af59-946d43258bb2,c2,DROP,1016,e6,?,
1769471186.1951356,SENT,79013ee6-894b-4af0-83f9-c043e25d32d1,dcb24b39-2182-4249-aa32-ffdcd477857b,c1,DROP,683,?,x12,
1769471186.1951773,FORWARDED,79013ee6-894b-4af0-83f9-c043e25d32d1,dcb24b39-2182-4249-aa32-ffdcd477857b,c1,DROP,683,?,x12,
1769471186.4437766,SENT,a36dc521-14ee-4064-a2b0-5a04e833e7bb,4f8c20f6-f5b7-453c-af59-946d43258bb2,c2,DROP,689,?,x2,
1769471186.4438193,FORWARDED,a36dc521-14ee-4064-a2b0-5a04e833e7bb,4f8c20f6-f5b7-453c-af59-946d43258bb2,c2,DROP,689,?,x2,
1769471186.5104663,SENT,56d26aab-56cf-446d-b72e-79148ade371a,e991166b-ab9b-4d51-a3db-08d7a88cdc51,c3,None,1129,?,x5,
1769471186.5105157,FORWARDED,56d26aab-56cf-446d-b72e-79148ade371a,e991166b-ab9b-4d51-a3db-08d7a88cdc51,c3,None,1129,?,x5,
1769471186.65804,RECEIVED,dd0557c2-1315-46d7-ae89-281067935914,458938a2-022d-4a37-94c9-cdfdd8097d54,c5,c1,1766,e11,?,
1769471186.8322327,RECEIVED,e492787d-e5a9-4d4e-bc63-763a516d900e,f8d0f193-dc60-40cd-9877-858ab2616c71,c3,DROP,1015,e6,?,
1769471186.9216568,RECEIVED,f13628a8-1755-48ce-97bd-8c3d71a723c4,269df32f-872e-4e9c-98b2-b7d151f598df,c1,c3,1775,e4,?,
1769471187.0004022,RECEIVED,b1096f42-a94c-4fef-8d5b-504ce4a83e9a,a3c37222-cd78-489b-a648-10afb57dd550,c1,None,1594,e5,?,
1769471187.026954,SENT,e492787d-e5a9-4d4e-bc63-763a516d900e,f8d0f193-dc60-40cd-9877-858ab2616c71,c3,DROP,688,?,x2,
1769471187.0270448,FORWARDED,e492787d-e5a9-4d4e-bc63-763a516d900e,f8d0f193-dc60-40cd-9877-858ab2616c71,c3,DROP,688,?,x2,
1769471187.1654727,RECEIVED,6f376ecc-d6e5-47c8-bd8e-4b9b5b386978,963eaf91-fbf5-487f-90b3-e9e3227c2cd1,c1,c3,1776,e8,?,
1769471187.2482586,RECEIVED,008ae070-5dd4-4fa2-af00-ab35474d7786,4a8ff442-f76d-444c-8562-b4fd7ee17006,c2,DROP,441,x4,?,
1769471187.3436546,SENT,6f376ecc-d6e5-47c8-bd8e-4b9b5b386978,963eaf91-fbf5-487f-90b3-e9e3227c2cd1,c1,c3,1259,?,x5,
1769471187.343698,FORWARDED,6f376ecc-d6e5-47c8-bd8e-4b9b5b386978,963eaf91-fbf5-487f-90b3-e9e3227c2cd1,c1,c3,1259,?,x5,
1769471187.4224558,RECEIVED,1553b409-f77d-4fda-8074-98ae3d515866,0fe69f0c-4808-4f48-9309-623250e8d509,c1,DROP,1021,e11,?,
1769471187.43622,SENT,f13628a8-1755-48ce-97bd-8c3d71a723c4,269df32f-872e-4e9c-98b2-b7d151f598df,c1,c3,1260,?,x9,
1769471187.436261,FORWARDED,f13628a8-1755-48ce-97bd-8c3d71a723c4,269df32f-872e-4e9c-98b2-b7d151f598df,c1,c3,1260,?,x9,
1769471187.611128,SENT,1553b409-f77d-4fda-8074-98ae3d515866,0fe69f0c-4808-4f48-9309-623250e8d509,c1,DROP,691,?,x11,
1769471187.6111677,FORWARDED,1553b409-f77d-4fda-8074-98ae3d515866,0fe69f0c-4808-4f48-9309-623250e8d509,c1,DROP,691,?,x11,
1769471187.6797342,RECEIVED,9fba4681-122c-4212-8bc0-8bf60f913add,05601ece-95ce-48dc-a701-b2acef8a78bb,c3,DROP,1015,e11,?,
1769471187.938586,SENT,9fba4681-122c-4212-8bc0-8bf60f913add,05601ece-95ce-48dc-a701-b2acef8a78bb,c3,DROP,688,?,x8,
1769471187.9386375,FORWARDED,9fba4681-122c-4212-8bc0-8bf60f913add,05601ece-95ce-48dc-a701-b2acef8a78bb,c3,DROP,688,?,x8,
1769471188.1811028,SENT,b1096f42-a94c-4fef-8d5b-504ce4a83e9a,a3c37222-cd78-489b-a648-10afb57dd550,c1,None,1124,?,x9,
1769471188.1811461,FORWARDED,b1096f42-a94c-4fef-8d5b-504ce4a83e9a,a3c37222-cd78-489b-a648-10afb57dd550,c1,None,1124,?,x9,
1769471188.2096646,RECEIVED,04eada1e-b8ff-4002-9c54-93ba6c5da652,fbad745d-b4a2-4f09-a81d-77c04a99413a,c4,DROP,1012,e2,?,
1769471188.4805284,RECEIVED,b284fa0a-e990-4519-ad0b-c5ebc9821c31,88a3de9b-1ae8-4d0d-86f7-91fec7f17d96,c5,DROP,1008,e6,?,
1769471188.5388608,RECEIVED,4842c3f0-f0cc-4767-b43f-6817675090a7,b7dd0ac8-35f5-4def-80c1-609ae7088b34,c1,None,1597,e6,?,
1769471188.6448207,SENT,04eada1e-b8ff-4002-9c54-93ba6c5da652,fbad745d-b4a2-4f09-a81d-77c04a99413a,c4,DROP,687,?,x12,
1769471188.6448615,FORWARDED,04eada1e-b8ff-4002-9c54-93ba6c5da652,fbad745d-b4a2-4f09-a81d-77c04a99413a,c4,DROP,687,?,x12,
1769471188.7124472,SENT,4842c3f0-f0cc-4767-b43f-6817675090a7,b7dd0ac8-35f5-4def-80c1-609ae7088b34,c1,None,1124,?,x12,
1769471188.7124898,FORWARDED,4842c3f0-f0cc-4767-b43f-6817675090a7,b7dd0ac8-35f5-4def-80c1-609ae7088b34,c1,None,1124,?,x12,
1769471188.7187724,RECEIVED,f9861d56-d702-429f-92c0-e586e5ae924a,55cef9e4-4251-4b22-a1a2-8c587e418dd6,c3,DROP,1007,e11,?,
1769471188.7390952,SENT,b284fa0a-e990-4519-ad0b-c5ebc9821c31,88a3de9b-1ae8-4d0d-86f7-91fec7f17d96,c5,DROP,684,?,x1,
1769471188.73914,FORWARDED,b284fa0a-e990-4519-ad0b-c5ebc9821c31,88a3de9b-1ae8-4d0d-86f7-91fec7f17d96,c5,DROP,684,?,x1,
1769471188.7460217,RECEIVED,72cf1095-ce19-4d12-80c4-e1e64f5bfaee,fe8c3570-6605-46d2-890c-fe7d71dce886,c3,DROP,1011,e5,?,
1769471188.9510746,SENT,dd0557c2-1315-46d7-ae89-281067935914,458938a2-022d-4a37-94c9-cdfdd8097d54,c5,c1,1254,?,x6,
1769471188.9511178,FORWARDED,dd0557c2-1315-46d7-ae89-281067935914,458938a2-022d-4a37-94c9-cdfdd8097d54,c5,c1,1254,?,x6,
1769471188.981494,RECEIVED,eab0c9c3-ac16-4142-869d-688702330fb7,5cae80fd-4dd7-499d-894f-a70ebda7cfd2,c1,None,1604,e9,?,
1769471189.0228045,RECEIVED,7404f349-0298-4afa-a41f-4db8067072cd,4f4a5a6c-5692-42b1-8093-24b6793f259c,c5,DROP,1007,e9,?,
1769471189.1686213,SENT,eab0c9c3-ac16-4142-869d-688702330fb7,5cae80fd-4dd7-499d-894f-a70ebda7cfd2,c1,None,1131,?,x3,
1769471189.1686666,FORWARDED,eab0c9c3-ac16-4142-869d-688702330fb7,5cae80fd-4dd7-499d-894f-a70ebda7cfd2,c1,None,1131,?,x3,
1769471189.2504213,RECEIVED,a97f075a-1ca2-4836-a29c-9bedbd001b05,208fc0b5-1a01-4aca-b89a-17f77372d9ee,c3,None,1605,e3,?,
1769471189.3594227,RECEIVED,3af27b98-e95c-49dc-a623-986adc9d7224,0527df0f-7b70-4bb9-a53e-0a64688cd1e4,c2,DROP,1008,e9,?,
1769471189.3597867,SENT,7404f349-0298-4afa-a41f-4db8067072cd,4f4a5a6c-5692-42b1-8093-24b6793f259c,c5,DROP,684,?,x3,
1769471189.3598297,FORWARDED,7404f349-0298-4afa-a41f-4db8067072cd,4f4a5a6c-5692-42b1-8093-24b6793f259c,c5,DROP,684,?,x3,
1769471189.3981404,RECEIVED,4a1281f3-aa11-48e2-9379-3b16b0083b9d,4703fb28-8c63-44e3-aa18-5bfe6e4c0269,c3,DROP,1007,e8,?,
1769471189.4028063,SENT,72cf1095-ce19-4d12-80c4-e1e64f5bfaee,fe8c3570-6605-46d2-890c-fe7d71dce886,c3,DROP,687,?,x1,
1769471189.4028459,FORWARDED,72cf1095-ce19-4d12-80c4-e1e64f5bfaee,fe8c3570-6605-46d2-890c-fe7d71dce886,c3,DROP,687,?,x1,
1769471189.5215487,SENT,a97f075a-1ca2-4836-a29c-9bedbd001b05,208fc0b5-1a01-4aca-b89a-17f77372d9ee,c3,None,1132,?,x10,
1769471189.5215907,FORWARDED,a97f075a-1ca2-4836-a29c-9bedbd001b05,208fc0b5-1a01-4aca-b89a-17f77372d9ee,c3,None,1132,?,x10,
1769471189.655786,RECEIVED,854ab390-8d98-450f-9434-8cca23156577,470210d0-3b25-4723-a4d8-886bd12bb703,c3,DROP,441,x10,?,
1769471189.65737,SENT,3af27b98-e95c-49dc-a623-986adc9d7224,0527df0f-7b70-4bb9-a53e-0a64688cd1e4,c2,DROP,683,?,x9,
1769471189.657407,FORWARDED,3af27b98-e95c-49dc-a623-986adc9d7224,0527df0f-7b70-4bb9-a53e-0a64688cd1e4,c2,DROP,683,?,x9,
1769471189.6675904,RECEIVED,7cf74bbd-cdca-4636-9da7-d6c6c17c6bab,fca2df05-adb0-4515-a01c-21187c8e3d9b,c1,DROP,437,x2,?,
1769471189.7912886,RECEIVED,0c4df969-bf94-45ef-8fd2-b4b0aa02b44d,5cb2b3c9-22f2-423f-8e76-1608ab6cc625,c1,DROP,1015,e5,?,
1769471189.8040292,RECEIVED,6db141e8-84ad-492b-8020-734b6d01ad56,26248244-9b5a-466b-bfbd-3ce711e87ed7,c5,DROP,1008,e8,?,
1769471189.8704348,SENT,f9861d56-d702-429f-92c0-e586e5ae924a,55cef9e4-4251-4b22-a1a2-8c587e418dd6,c3,DROP,682,?,x5,
1769471189.870476,FORWARDED,f9861d56-d702-429f-92c0-e586e5ae924a,55cef9e4-4251-4b22-a1a2-8c587e418dd6,c3,DROP,682,?,x5,
1769471189.992611,SENT,4a1281f3-aa11-48e2-9379-3b16b0083b9d,4703fb28-8c63-44e3-aa18-5bfe6e4c0269,c3,DROP,684,?,x6,
1769471189.992798,FORWARDED,4a1281f3-aa11-48e2-9379-3b16b0083b9d,4703fb28-8c63-44e3-aa18-5bfe6e4c0269,c3,DROP,684,?,x6,
1769471190.0966136,SENT,6db141e8-84ad-492b-8020-734b6d01ad56,26248244-9b5a-466b-bfbd-3ce711e87ed7,c5,DROP,684,?,x5,
1769471190.096654,FORWARDED,6db141e8-84ad-492b-8020-734b6d01ad56,26248244-9b5a-466b-bfbd-3ce711e87ed7,c5,DROP,684,?,x5,
1769471190.384538,RECEIVED,342fd559-e315-49b2-9b02-358af3c378ee,b600df9c-a006-4677-aedc-722636cf24a7,c1,DROP,441,x6,?,
1769471190.4717066,SENT,0c4df969-bf94-45ef-8fd2-b4b0aa02b44d,5cb2b3c9-22f2-423f-8e76-1608ab6cc625,c1,DROP,688,?,x8,
1769471190.4717479,FORWARDED,0c4df969-bf94-45ef-8fd2-b4b0aa02b44d,5cb2b3c9-22f2-423f-8e76-1608ab6cc625,c1,DROP,688,?,x8,
1769471190.507894,RECEIVED,aade9b45-8517-4308-b3e8-6f4f2e4a2f0b,c6b3be2d-9b64-4f36-a9bb-9c3d56ef98bf,c4,DROP,1014,e10,?,
1769471190.5250146,RECEIVED,1e658f70-1879-4e69-877c-7ca34c0a363a,fd029895-c74f-42cf-a571-70ac2a15eb7d,c2,DROP,1013,e11,?,
1769471190.5756834,SENT,1e658f70-1879-4e69-877c-7ca34c0a363a,fd029895-c74f-42cf-a571-70ac2a15eb7d,c2,DROP,687,?,x6,
1769471190.575726,FORWARDED,1e658f70-1879-4e69-877c-7ca34c0a363a,fd029895-c74f-42cf-a571-70ac2a15eb7d,c2,DROP,687,?,x6,
1769471190.7309742,RECEIVED,4a626ea2-26af-4633-b18b-ffd463bb3027,2d507b8b-bc22-480c-9199-4f46019a967b,c4,DROP,442,x1,?,
1769471190.7913303,RECEIVED,8d1c43fa-dfac-4033-acef-55fc2a1ea35f,88057138-8462-423f-9ef7-2da8d47b149f,c3,DROP,1006,e7,?,
1769471190.9118578,RECEIVED,7cff94d3-f104-4327-a40e-9c8046ecabc0,c8812a6f-fae9-4a6a-952a-501685d90f7c,c5,DROP,1019,e11,?,
1769471190.993824,RECEIVED,39b8eb9a-b024-4aa6-ba0b-261c91b6ae60,b81bf2a3-1b38-4a7e-8978-69eb29bd6eac,c1,DROP,1015,e4,?,
1769471191.0011253,RECEIVED,4b267b9d-ad14-467b-b694-6df788455dec,45599cf4-e956-453e-8cb6-112ce5873a4f,c3,DROP,1004,e2,?,
1769471191.053276,RECEIVED,88caca50-0b40-44f1-8c9b-4ad003be3f96,a87bcb46-0622-4a7d-a7cd-a0fd74f8f5ec,c4,DROP,1008,e11,?,
1769471191.304248,SENT,88caca50-0b40-44f1-8c9b-4ad003be3f96,a87bcb46-0622-4a7d-a7cd-a0fd74f8f5ec,c4,DROP,683,?,x7,
1769471191.3042855,FORWARDED,88caca50-0b40-44f1-8c9b-4ad003be3f96,a87bcb46-0622-4a7d-a7cd-a0fd74f8f5ec,c4,DROP,683,?,x7,
1769471191.3049557,RECEIVED,e9a76f4f-53d3-49a7-9ac3-46f14fc14b9d,6f94187f-d912-4ff2-b4f9-04637319848d,c1,DROP,1007,e11,?,
1769471191.376401,SENT,aade9b45-8517-4308-b3e8-6f4f2e4a2f0b,c6b3be2d-9b64-4f36-a9bb-9c3d56ef98bf,c4,DROP,688,?,x7,
1769471191.3764427,FORWARDED,aade9b45-8517-4308-b3e8-6f4f2e4a2f0b,c6b3be2d-9b64-4f36-a9bb-9c3d56ef98bf,c4,DROP,688,?,x7,
1769471191.422619,SENT,4b267b9d-ad14-467b-b694-6df788455dec,45599cf4-e956-453e-8cb6-112ce5873a4f,c3,DROP,680,?,x7,
1769471191.422663,FORWARDED,4b267b9d-ad14-467b-b694-6df788455dec,45599cf4-e956-453e-8cb6-112ce5873a4f,c3,DROP,680,?,x7,
1769471191.4551392,RECEIVED,93869834-c613-4f4e-8505-49e66960226a,fb136bf0-5664-4532-8684-b19afef474e6,c1,None,1598,e8,?,
1769471191.683554,RECEIVED,00dc981e-bee6-47cb-a685-0096124aff62,9be47324-7863-4f75-8ae7-dfb85513cf1d,c4,DROP,1017,e4,?,
1769471191.7247326,SENT,00dc981e-bee6-47cb-a685-0096124aff62,9be47324-7863-4f75-8ae7-dfb85513cf1d,c4,DROP,688,?,x6,
1769471191.724776,FORWARDED,00dc981e-bee6-47cb-a685-0096124aff62,9be47324-7863-4f75-8ae7-dfb85513cf1d,c4,DROP,688,?,x6,
1769471191.8517203,SENT,39b8eb9a-b024-4aa6-ba0b-261c91b6ae60,b81bf2a3-1b38-4a7e-8978-69eb29bd6eac,c1,DROP,688,?,x5,
1769471191.8517623,FORWARDED,39b8eb9a-b024-4aa6-ba0b-261c91b6ae60,b81bf2a3-1b38-4a7e-8978-69eb29bd6eac,c1,DROP,688,?,x5,
1769471191.8900244,RECEIVED,48c030ed-7292-4157-bee7-b2d2a9280484,6e1aaf46-4feb-4cbd-96ec-e18bdccd3444,c3,None,1601,e1,?,
1769471191.9013064,SENT,e9a76f4f-53d3-49a7-9ac3-46f14fc14b9d,6f94187f-d912-4ff2-b4f9-04637319848d,c1,DROP,683,?,x4,
1769471191.9013495,FORWARDED,e9a76f4f-53d3-49a7-9ac3-46f14fc14b9d,6f94187f-d912-4ff2-b4f9-04637319848d,c1,DROP,683,?,x4,
1769471191.9137378,SENT,48c030ed-7292-4157-bee7-b2d2a9280484,6e1aaf46-4feb-4cbd-96ec-e18bdccd3444,c3,None,1127,?,x3,
1769471191.9137845,FORWARDED,48c030ed-7292-4157-bee7-b2d2a9280484,6e1aaf46-4feb-4cbd-96ec-e18bdccd3444,c3,None,1127,?,x3,
1769471191.9188254,RECEIVED,13c31d14-15a7-403a-8707-fc1d54ab1713,4aa614f6-75ab-4b63-8b46-4dd89052134f,c1,c3,1771,e4,?,
1769471192.0764542,RECEIVED,84de56cb-ae29-4466-80a8-811aa1b90c11,37bf1a01-88ae-4087-aac1-5fd3877b1991,c1,DROP,1012,e6,?,
1769471192.1226256,SENT,93869834-c613-4f4e-8505-49e66960226a,fb136bf0-5664-4532-8684-b19afef474e6,c1,None,1128,?,x2,
1769471192.1226692,FORWARDED,93869834-c613-4f4e-8505-49e66960226a,fb136bf0-5664-4532-8684-b19afef474e6,c1,None,1128,?,x2,
1769471192.1387274,RECEIVED,3ae92186-592e-4dcc-87bd-c0e01691689a,7d1af8fe-649c-4044-9867-59b5317064c0,c4,DROP,1010,e5,?,
1769471192.1784282,SENT,8d1c43fa-dfac-4033-acef-55fc2a1ea35f,88057138-8462-423f-9ef7-2da8d47b149f,c3,DROP,684,?,x2,
1769471192.1784668,FORWARDED,8d1c43fa-dfac-4033-acef-55fc2a1ea35f,88057138-8462-423f-9ef7-2da8d47b149f,c3,DROP,684,?,x2,
1769471192.2646108,SENT,13c31d14-15a7-403a-8707-fc1d54ab1713,4aa614f6-75ab-4b63-8b46-4dd89052134f,c1,c3,1255,?,x9,
1769471192.2646542,FORWARDED,13c31d14-15a7-403a-8707-fc1d54ab1713,4aa614f6-75ab-4b63-8b46-4dd89052134f,c1,c3,1255,?,x9,
1769471192.2805946,SENT,84de56cb-ae29-4466-80a8-811aa1b90c11,37bf1a01-88ae-4087-aac1-5fd3877b1991,c1,DROP,685,?,x3,
1769471192.2806344,FORWARDED,84de56cb-ae29-4466-80a8-811aa1b90c11,37bf1a01-88ae-4087-aac1-5fd3877b1991,c1,DROP,685,?,x3,
1769471192.3425841,SENT,7cff94d3-f104-4327-a40e-9c8046ecabc0,c8812a6f-fae9-4a6a-952a-501685d90f7c,c5,DROP,691,?,x8,
1769471192.3426242,FORWARDED,7cff94d3-f104-4327-a40e-9c8046ecabc0,c8812a6f-fae9-4a6a-952a-501685d90f7c,c5,DROP,691,?,x8,
1769471192.7338846,RECEIVED,5ee71484-27d2-4b62-82da-1b3fb562c0c6,389bf37c-b1f7-48c2-a691-884f636a0f95,c3,DROP,1004,e4,?,
1769471192.9260845,SENT,3ae92186-592e-4dcc-87bd-c0e01691689a,7d1af8fe-649c-4044-9867-59b5317064c0,c4,DROP,685,?,x9,
1769471192.9261265,FORWARDED,3ae92186-592e-4dcc-87bd-c0e01691689a,7d1af8fe-649c-4044-9867-59b5317064c0,c4,DROP,685,?,x9,
1769471192.9744349,RECEIVED,31e840bf-8799-4467-bb3c-c00b449800cf,d380dce8-8326-4419-b551-3f62f7293cc0,c4,DROP,1016,e3,?,
1769471193.0298994,SENT,31e840bf-8799-4467-bb3c-c00b449800cf,d380dce8-8326-4419-b551-3f62f7293cc0,c4,DROP,688,?,x5,
1769471193.0299456,FORWARDED,31e840bf-8799-4467-bb3c-c00b449800cf,d380dce8-8326-4419-b551-3f62f7293cc0,c4,DROP,688,?,x5,
1769471193.0751472,RECEIVED,6bcc99b8-71dc-41ab-9f41-23c75ea7691e,12e809f9-e70b-4991-8451-377e4d5302a4,c1,DROP,1016,e4,?,
1769471193.1355946,SENT,6bcc99b8-71dc-41ab-9f41-23c75ea7691e,12e809f9-e70b-4991-8451-377e4d5302a4,c1,DROP,688,?,x9,
1769471193.135634,FORWARDED,6bcc99b8-71dc-41ab-9f41-23c75ea7691e,12e809f9-e70b-4991-8451-377e4d5302a4,c1,DROP,688,?,x9,
1769471193.1367152,RECEIVED,27c0cd6a-c4c5-4300-ad59-7dcf1f748e5e,d0a6473d-24a4-41b0-b630-14f8242813c6,c5,c1,1771,e6,?,
1769471193.1817753,RECEIVED,8561ff7c-1a01-4409-845c-502569013e3b,e3b1f1bd-1955-44e7-bc08-42bd083b707e,c1,c3,1775,e2,?,
1769471193.2183685,SENT,5ee71484-27d2-4b62-82da-1b3fb562c0c6,389bf37c-b1f7-48c2-a691-884f636a0f95,c3,DROP,680,?,x7,
1769471193.2184918,FORWARDED,5ee71484-27d2-4b62-82da-1b3fb562c0c6,389bf37c-b1f7-48c2-a691-884f636a0f95,c3,DROP,680,?,x7,
1769471193.2462058,RECEIVED,7f2a4de4-d962-49ce-a387-70d05d9daae3,27dc9cb5-b04b-4c71-864d-658d3c2bb9ae,c5,DROP,1007,e9,?,
1769471193.2988584,RECEIVED,b37b68cc-0bde-42b5-be1d-3263b18e22aa,ba58dfa1-e01b-47a0-8fc2-919469e8a61b,c5,DROP,441,x5,?,
1769471193.3245087,RECEIVED,0f86f4b2-d491-4df8-8b3c-9918857c99f4,ea34688a-370f-48b5-91e8-9190b70505ea,c3,c1,1783,e7,?,
1769471193.3371212,SENT,27c0cd6a-c4c5-4300-ad59-7dcf1f748e5e,d0a6473d-24a4-41b0-b630-14f8242813c6,c5,c1,1255,?,x3,
1769471193.337161,FORWARDED,27c0cd6a-c4c5-4300-ad59-7dcf1f748e5e,d0a6473d-24a4-41b0-b630-14f8242813c6,c5,c1,1255,?,x3,
1769471193.405017,RECEIVED,3614272d-40f3-44ce-9e11-967fb965c41f,2820c656-0c4b-4021-a6cf-3ac3437621a8,c4,c3,1777,e6,?,
1769471193.4436479,SENT,3614272d-40f3-44ce-9e11-967fb965c41f,2820c656-0c4b-4021-a6cf-3ac3437621a8,c4,c3,1259,?,x3,
1769471193.4436882,FORWARDED,3614272d-40f3-44ce-9e11-967fb965c41f,2820c656-0c4b-4021-a6cf-3ac3437621a8,c4,c3,1259,?,x3,
1769471193.4574401,SENT,8561ff7c-1a01-4409-845c-502569013e3b,e3b1f1bd-1955-44e7-bc08-42bd083b707e,c1,c3,1258,?,x2,
1769471193.4574826,FORWARDED,8561ff7c-1a01-4409-845c-502569013e3b,e3b1f1bd-1955-44e7-bc08-42bd083b707e,c1,c3,1258,?,x2,
1769471193.484569,RECEIVED,22df37c2-812d-4fc0-84a2-f776d7bc015c,de9a9173-8732-45d7-9b5c-48df30b62eb3,c1,DROP,1011,e10,?,
1769471193.548144,RECEIVED,b8fbcf65-005e-41c3-bb39-3ad021fbc16f,c9e97402-d756-4bba-b277-9ee875e63810,c2,c4,1768,e4,?,
1769471193.5515578,RECEIVED,65bed76e-23ca-4e9d-bcdb-5d5e4e1d4689,a713a8cb-cb5d-4208-bd4b-6a712bb0245a,c4,DROP,442,x12,?,
1769471193.6154776,RECEIVED,7e0dc7d0-7516-45d3-a5cc-fa5d51be711b,5f8863cd-4842-46ab-beab-14f1bd5a2078,c2,DROP,1009,e8,?,
1769471193.6588452,SENT,7e0dc7d0-7516-45d3-a5cc-fa5d51be711b,5f8863cd-4842-46ab-beab-14f1bd5a2078,c2,DROP,683,?,x7,
1769471193.658885,FORWARDED,7e0dc7d0-7516-45d3-a5cc-fa5d51be711b,5f8863cd-4842-46ab-beab-14f1bd5a2078,c2,DROP,683,?,x7,
1769471193.9086597,RECEIVED,4d1650bb-6597-4abe-8f26-825255c8285a,914c1dab-fd2e-4f6e-99fa-b4920b41ee11,c1,DROP,1014,e3,?,
1769471193.9310281,SENT,b8fbcf65-005e-41c3-bb39-3ad021fbc16f,c9e97402-d756-4bba-b277-9ee875e63810,c2,c4,1252,?,x8,
1769471193.931093,FORWARDED,b8fbcf65-005e-41c3-bb39-3ad021fbc16f,c9e97402-d756-4bba-b277-9ee875e63810,c2,c4,1252,?,x8,
1769471193.9361606,RECEIVED,808bb1aa-cd00-4760-a270-c4f9a23854c5,12a880d9-191e-4ce5-8aef-b05a912a3ce8,c5,DROP,1021,e3,?,
1769471193.9590125,RECEIVED,188687d6-108b-4983-872c-9621d1453fdd,fc9e33ef-5f30-448c-ac36-e76225a276a1,c2,c4,1777,e3,?,
1769471193.9720743,SENT,22df37c2-812d-4fc0-84a2-f776d7bc015c,de9a9173-8732-45d7-9b5c-48df30b62eb3,c1,DROP,685,?,x8,
1769471193.97211,FORWARDED,22df37c2-812d-4fc0-84a2-f776d7bc015c,de9a9173-8732-45d7-9b5c-48df30b62eb3,c1,DROP,685,?,x8,
1769471193.9883757,SENT,188687d6-108b-4983-872c-9621d1453fdd,fc9e33ef-5f30-448c-ac36-e76225a276a1,c2,c4,1258,?,x3,
1769471193.9884157,FORWARDED,188687d6-108b-4983-872c-9621d1453fdd,fc9e33ef-5f30-448c-ac36-e76225a276a1,c2,c4,1258,?,x3,
1769471194.389139,SENT,808bb1aa-cd00-4760-a270-c4f9a23854c5,12a880d9-191e-4ce5-8aef-b05a912a3ce8,c5,DROP,692,?,x12,
1769471194.389183,FORWARDED,808bb1aa-cd00-4760-a270-c4f9a23854c5,12a880d9-191e-4ce5-8aef-b05a912a3ce8,c5,DROP,692,?,x12,
1769471194.4557073,RECEIVED,d4c2eeff-4eaa-46c7-bd00-5295a19119a8,94925797-2a51-48a3-ba35-d38746d6647b,c4,DROP,1012,e11,?,
1769471194.4901838,RECEIVED,e7b87bee-1a51-4be3-947f-33468d3e3f7a,cf2b72d8-12c7-43c3-aa98-d8aab12f7d84,c2,DROP,1011,e11,?,
1769471194.5036023,SENT,d4c2eeff-4eaa-46c7-bd00-5295a19119a8,94925797-2a51-48a3-ba35-d38746d6647b,c4,DROP,686,?,x1,
1769471194.503639,FORWARDED,d4c2eeff-4eaa-46c7-bd00-5295a19119a8,94925797-2a51-48a3-ba35-d38746d6647b,c4,DROP,686,?,x1,
1769471194.5282543,SENT,0f86f4b2-d491-4df8-8b3c-9918857c99f4,ea34688a-370f-48b5-91e8-9190b70505ea,c3,c1,1264,?,x2,
1769471194.5283632,FORWARDED,0f86f4b2-d491-4df8-8b3c-9918857c99f4,ea34688a-370f-48b5-91e8-9190b70505ea,c3,c1,1264,?,x2,
1769471194.5685978,RECEIVED,5b713364-1118-4001-93c6-f7abab361664,00ba252f-9689-4117-99f9-66020d77b7aa,c5,DROP,1021,e11,?,
1769471194.6294866,RECEIVED,cea24fe8-ff03-4501-ac41-bbc4e9ed56f4,44d7a0fa-67d8-4ef9-a535-7158cd4cf704,c4,DROP,1007,e10,?,
1769471194.7055624,RECEIVED,f2887bc5-f879-4128-ab4c-682b959c0928,ec25bb2c-a1f9-4005-bfca-dc951a279bf8,c3,None,1607,e7,?,
1769471194.7151494,RECEIVED,5c2c1b68-4aa4-4391-8117-c6186edff406,1cf695a3-2266-4846-9d31-68152a531c60,c3,DROP,441,x7,?,
1769471194.7862852,SENT,7f2a4de4-d962-49ce-a387-70d05d9daae3,27dc9cb5-b04b-4c71-864d-658d3c2bb9ae,c5,DROP,683,?,x2,
1769471194.7863238,FORWARDED,7f2a4de4-d962-49ce-a387-70d05d9daae3,27dc9cb5-b04b-4c71-864d-658d3c2bb9ae,c5,DROP,683,?,x2,
1769471194.814581,SENT,cea24fe8-ff03-4501-ac41-bbc4e9ed56f4,44d7a0fa-67d8-4ef9-a535-7158cd4cf704,c4,DROP,684,?,x5,
1769471194.8146205,FORWARDED,cea24fe8-ff03-4501-ac41-bbc4e9ed56f4,44d7a0fa-67d8-4ef9-a535-7158cd4cf704,c4,DROP,684,?,x5,
1769471194.8365426,SENT,4d1650bb-6597-4abe-8f26-825255c8285a,914c1dab-fd2e-4f6e-99fa-b4920b41ee11,c1,DROP,690,?,x5,
1769471194.8365855,FORWARDED,4d1650bb-6597-4abe-8f26-825255c8285a,914c1dab-fd2e-4f6e-99fa-b4920b41ee11,c1,DROP,690,?,x5,
1769471194.9505994,RECEIVED,1523f4f0-c8dd-4e84-82c5-6b780685573b,7b17d460-b7f6-43e5-b9ec-d22c4def6850,c5,c1,1768,e9,?,
1769471194.9613724,RECEIVED,a890c72c-2112-444c-9439-a6d8ee06e96f,de88cf04-98e6-4a9e-82bf-9b6b20f5d6af,c2,c4,1773,e10,?,
1769471194.9835033,SENT,5b713364-1118-4001-93c6-f7abab361664,00ba252f-9689-4117-99f9-66020d77b7aa,c5,DROP,692,?,x12,
1769471194.9835455,FORWARDED,5b713364-1118-4001-93c6-f7abab361664,00ba252f-9689-4117-99f9-66020d77b7aa,c5,DROP,692,?,x12,
1769471194.9891806,SENT,e7b87bee-1a51-4be3-947f-33468d3e3f7a,cf2b72d8-12c7-43c3-aa98-d8aab12f7d84,c2,DROP,685,?,x4,
1769471194.9892662,FORWARDED,e7b87bee-1a51-4be3-947f-33468d3e3f7a,cf2b72d8-12c7-43c3-aa98-d8aab12f7d84,c2,DROP,685,?,x4,
1769471195.1713145,SENT,a890c72c-2112-444c-9439-a6d8ee06e96f,de88cf04-98e6-4a9e-82bf-9b6b20f5d6af,c2,c4,1255,?,x10,
1769471195.1713572,FORWARDED,a890c72c-2112-444c-9439-a6d8ee06e96f,de88cf04-98e6-4a9e-82bf-9b6b20f5d6af,c2,c4,1255,?,x10,
1769471195.1847787,SENT,1523f4f0-c8dd-4e84-82c5-6b780685573b,7b17d460-b7f6-43e5-b9ec-d22c4def6850,c5,c1,1254,?,x8,
1769471195.1848202,FORWARDED,1523f4f0-c8dd-4e84-82c5-6b780685573b,7b17d460-b7f6-43e5-b9ec-d22c4def6850,c5,c1,1254,?,x8,
1769471195.2633245,SENT,f2887bc5-f879-4128-ab4c-682b959c0928,ec25bb2c-a1f9-4005-bfca-dc951a279bf8,c3,None,1132,?,x4,
1769471195.2633674,FORWARDED,f2887bc5-f879-4128-ab4c-682b959c0928,ec25bb2c-a1f9-4005-bfca-dc951a279bf8,c3,None,1132,?,x4,
1769471195.3746142,RECEIVED,25b8ea72-1843-4454-a2f4-397901fc65f8,64fc11da-4ae6-4c25-857e-f4ba6c73fcee,c2,c4,1765,e1,?,
1769471195.4649198,SENT,25b8ea72-1843-4454-a2f4-397901fc65f8,64fc11da-4ae6-4c25-857e-f4ba6c73fcee,c2,c4,1250,?,x9,
1769471195.4649608,FORWARDED,25b8ea72-1843-4454-a2f4-397901fc65f8,64fc11da-4ae6-4c25-857e-f4ba6c73fcee,c2,c4,1250,?,x9,
1769471195.4851522,RECEIVED,8e88c8f2-4dd6-4e62-9cd7-35fee153d6db,64dd0b29-cdf6-4f11-b922-ffc38aa6f09c,c5,DROP,1011,e3,?,
1769471195.525577,RECEIVED,16be7b90-2451-4c41-a258-16aff2258af2,c9e548ac-e7fe-44e3-8203-336a2270e2d4,c5,DROP,1008,e12,?,
1769471195.5722475,RECEIVED,2e9d99fe-0389-4bb1-9028-ba7ae0d0f0c3,5b0938fb-4cad-45dc-98d9-ea06ab34532d,c1,DROP,445,x10,?,
1769471195.6075053,RECEIVED,0ce2f123-7bd5-4f9f-b913-1054d8b797ba,4cfe0977-69a5-4c85-bdd0-61d83539872b,c2,DROP,1010,e3,?,
1769471195.6989424,SENT,16be7b90-2451-4c41-a258-16aff2258af2,c9e548ac-e7fe-44e3-8203-336a2270e2d4,c5,DROP,683,?,x1,
1769471195.6989803,FORWARDED,16be7b90-2451-4c41-a258-16aff2258af2,c9e548ac-e7fe-44e3-8203-336a2270e2d4,c5,DROP,683,?,x1,
1769471195.7135649,RECEIVED,17e877f6-5fbd-4c08-b225-022fd8cda031,614c1912-27fc-4ed2-8166-57a56418c8a6,c5,c1,1775,e11,?,
1769471195.9757192,SENT,0ce2f123-7bd5-4f9f-b913-1054d8b797ba,4cfe0977-69a5-4c85-bdd0-61d83539872b,c2,DROP,687,?,x12,
1769471195.9757664,FORWARDED,0ce2f123-7bd5-4f9f-b913-1054d8b797ba,4cfe0977-69a5-4c85-bdd0-61d83539872b,c2,DROP,687,?,x12,
1769471195.9912522,SENT,8e88c8f2-4dd6-4e62-9cd7-35fee153d6db,64dd0b29-cdf6-4f11-b922-ffc38aa6f09c,c5,DROP,687,?,x6,
1769471195.9912946,FORWARDED,8e88c8f2-4dd6-4e62-9cd7-35fee153d6db,64dd0b29-cdf6-4f11-b922-ffc38aa6f09c,c5,DROP,687,?,x6,
1769471196.1494727,RECEIVED,b20f37bb-7bac-432f-ab34-35c34ec90ecf,19f780da-3b33-4466-9e1a-f205cc571ef8,c5,c1,1771,e12,?,
1769471196.1992054,RECEIVED,e095d3e5-86ad-446d-82b1-2a87f2c2f850,94e93de8-1b27-4be0-96e6-b05b98ca2344,c5,c1,1777,e2,?,
1769471196.2582805,RECEIVED,db8cb270-45fc-404b-8bb2-0adf964f4f5c,706b68d4-0169-4145-8a63-25a1f1ab9d6f,c1,DROP,1008,e10,?,
1769471196.2809896,SENT,e095d3e5-86ad-446d-82b1-2a87f2c2f850,94e93de8-1b27-4be0-96e6-b05b98ca2344,c5,c1,1259,?,x10,
1769471196.281031,FORWARDED,e095d3e5-86ad-446d-82b1-2a87f2c2f850,94e93de8-1b27-4be0-96e6-b05b98ca2344,c5,c1,1259,?,x10,
1769471196.295118,SENT,b20f37bb-7bac-432f-ab34-35c34ec90ecf,19f780da-3b33-4466-9e1a-f205cc571ef8,c5,c1,1255,?,x8,
1769471196.2951937,FORWARDED,b20f37bb-7bac-432f-ab34-35c34ec90ecf,19f780da-3b33-4466-9e1a-f205cc571ef8,c5,c1,1255,?,x8,
1769471196.3212557,RECEIVED,de975451-8bf3-45ca-90d2-98e59544772f,033f4657-8497-443f-aedc-14aac9752cdb,c4,DROP,1015,e9,?,
1769471196.344578,SENT,db8cb270-45fc-404b-8bb2-0adf964f4f5c,706b68d4-0169-4145-8a63-25a1f1ab9d6f,c1,DROP,684,?,x6,
1769471196.3446202,FORWARDED,db8cb270-45fc-404b-8bb2-0adf964f4f5c,706b68d4-0169-4145-8a63-25a1f1ab9d6f,c1,DROP,684,?,x6,
1769471196.3994608,SENT,17e877f6-5fbd-4c08-b225-022fd8cda031,614c1912-27fc-4ed2-8166-57a56418c8a6,c5,c1,1259,?,x5,
1769471196.3995025,FORWARDED,17e877f6-5fbd-4c08-b225-022fd8cda031,614c1912-27fc-4ed2-8166-57a56418c8a6,c5,c1,1259,?,x5,
1769471196.5233805,RECEIVED,ee7a6fbd-048a-4466-8beb-3b4e3807e7dd,42515e2e-8f38-4757-b666-54e182aff5e3,c3,DROP,1020,e6,?,
1769471196.5348434,RECEIVED,13bc702e-1920-4c21-b000-7d711668f38e,b6c00ae7-60cd-4685-a774-78f09c8cfdef,c3,DROP,1019,e6,?,
1769471196.6874347,RECEIVED,68b2d866-ea1f-4378-ae9f-7026453f3fa4,0594486f-5a5e-460f-8e1f-40a736f3862d,c5,DROP,1016,e2,?,
1769471196.7696784,SENT,68b2d866-ea1f-4378-ae9f-7026453f3fa4,0594486f-5a5e-460f-8e1f-40a736f3862d,c5,DROP,688,?,x8,
1769471196.7697177,FORWARDED,68b2d866-ea1f-4378-ae9f-7026453f3fa4,0594486f-5a5e-460f-8e1f-40a736f3862d,c5,DROP,688,?,x8,
1769471196.8673038,RECEIVED,ea92d592-ad67-4b95-941f-606d7b114e15,a72437bc-0d7c-40a8-864e-787eb503230c,c3,DROP,1011,e6,?,
1769471196.9181066,RECEIVED,4c668bdf-6221-4014-8fae-d7aacf677390,a5003d33-fdf1-46f1-9da3-c36581d27652,c2,DROP,1006,e4,?,
1769471197.052379,RECEIVED,bb57eab9-a6ab-44f6-baf0-67566ffcc92f,e14e1d9e-b6ad-41fd-bde4-449f5ef9cb77,c1,None,1605,e4,?,
1769471197.0849836,SENT,ee7a6fbd-048a-4466-8beb-3b4e3807e7dd,42515e2e-8f38-4757-b666-54e182aff5e3,c3,DROP,692,?,x10,
1769471197.0850334,FORWARDED,ee7a6fbd-048a-4466-8beb-3b4e3807e7dd,42515e2e-8f38-4757-b666-54e182aff5e3,c3,DROP,692,?,x10,
1769471197.0995083,SENT,4c668bdf-6221-4014-8fae-d7aacf677390,a5003d33-fdf1-46f1-9da3-c36581d27652,c2,DROP,683,?,x9,
1769471197.0995452,FORWARDED,4c668bdf-6221-4014-8fae-d7aacf677390,a5003d33-fdf1-46f1-9da3-c36581d27652,c2,DROP,683,?,x9,
1769471197.2029865,SENT,de975451-8bf3-45ca-90d2-98e59544772f,033f4657-8497-443f-aedc-14aac9752cdb,c4,DROP,688,?,x4,
1769471197.2030284,FORWARDED,de975451-8bf3-45ca-90d2-98e59544772f,033f4657-8497-443f-aedc-14aac9752cdb,c4,DROP,688,?,x4,
1769471197.2427824,RECEIVED,0a04a112-0e02-4eb9-ab36-9cb7c13f3c39,e772edc4-ec24-4168-9d9b-f917a7fc57bc,c2,c4,1763,e4,?,
1769471197.285832,RECEIVED,9f279863-6fc4-492d-95fb-d8a5496fc0e5,38200950-75b1-4e12-9bf2-19675a4e0307,c3,DROP,441,x9,?,
1769471197.2886162,RECEIVED,d5c4e65f-1769-49b3-8b6b-d472149148dd,5848d094-e7f1-4c6d-bceb-404d3be883bb,c3,DROP,1019,e12,?,
1769471197.292119,SENT,bb57eab9-a6ab-44f6-baf0-67566ffcc92f,e14e1d9e-b6ad-41fd-bde4-449f5ef9cb77,c1,None,1131,?,x10,
1769471197.2921593,FORWARDED,bb57eab9-a6ab-44f6-baf0-67566ffcc92f,e14e1d9e-b6ad-41fd-bde4-449f5ef9cb77,c1,None,1131,?,x10,
1769471197.4125712,RECEIVED,986a821f-cd06-4472-aff6-c21bf524b116,cfd4269f-2644-4211-8997-70d176c41920,c2,DROP,1009,e8,?,
1769471197.490823,RECEIVED,36e6952b-8c98-4dbb-ad26-c428ada06703,0ed1708a-717c-4030-8c09-f45109398a58,c4,DROP,1008,e8,?,
1769471197.6387122,SENT,986a821f-cd06-4472-aff6-c21bf524b116,cfd4269f-2644-4211-8997-70d176c41920,c2,DROP,684,?,x11,
1769471197.638753,FORWARDED,986a821f-cd06-4472-aff6-c21bf524b116,cfd4269f-2644-4211-8997-70d176c41920,c2,DROP,684,?,x11,
1769471197.7059834,RECEIVED,ec42cd65-045b-4d50-aa72-646ee0d54989,3bc92ab8-2d2d-47b0-af4c-9e47d3fe1ed3,c1,DROP,1007,e5,?,
1769471197.7258632,SENT,ea92d592-ad67-4b95-941f-606d7b114e15,a72437bc-0d7c-40a8-864e-787eb503230c,c3,DROP,685,?,x1,
1769471197.7259028,FORWARDED,ea92d592-ad67-4b95-941f-606d7b114e15,a72437bc-0d7c-40a8-864e-787eb503230c,c3,DROP,685,?,x1,
1769471197.795156,SENT,36e6952b-8c98-4dbb-ad26-c428ada06703,0ed1708a-717c-4030-8c09-f45109398a58,c4,DROP,683,?,x1,
1769471197.7951944,FORWARDED,36e6952b-8c98-4dbb-ad26-c428ada06703,0ed1708a-717c-4030-8c09-f45109398a58,c4,DROP,683,?,x1,
1769471197.8110845,RECEIVED,3f917f45-186e-4183-9449-87a5b72a0245,5f324bed-09e7-4fc3-be23-2e0c437856e8,c5,DROP,1011,e6,?,
1769471197.8878536,SENT,d5c4e65f-1769-49b3-8b6b-d472149148dd,5848d094-e7f1-4c6d-bceb-404d3be883bb,c3,DROP,692,?,x9,
1769471197.887893,FORWARDED,d5c4e65f-1769-49b3-8b6b-d472149148dd,5848d094-e7f1-4c6d-bceb-404d3be883bb,c3,DROP,692,?,x9,
1769471197.951853,RECEIVED,d8d21187-92c3-43ca-a197-d26801c6de7a,f09ffb9d-3f4a-4889-a970-a5196fa7a8f2,c4,DROP,1020,e10,?,
1769471198.0132034,RECEIVED,a0a961a1-b886-4ea9-a79f-c02fe800fcb0,f027fefb-3011-4420-a25c-3b613f418f27,c2,DROP,1011,e11,?,
1769471198.0262582,RECEIVED,4d9aa2d8-25d3-4c93-81e6-6d1735c08daa,ccdabc34-5091-43cb-be56-1676def9162a,c4,DROP,1007,e9,?,
1769471198.055711,RECEIVED,098860d6-2dae-43cb-b0d1-d9a9ecf208b5,a53294c1-304b-42d0-9afe-e87746eaa1fa,c3,DROP,1021,e12,?,
1769471198.0977979,RECEIVED,f6aa1aae-cb9a-49a2-b37a-a473bb042b25,dd9d4526-5896-4cb4-856e-0e16e5d22ee0,c4,DROP,1012,e6,?,
1769471198.115759,RECEIVED,c03d35ab-6f70-490f-9764-edc35f7c6aea,1aadc675-cc7a-4111-96a1-ec7ae5161ba3,c5,DROP,1010,e1,?,
1769471198.1927485,SENT,c03d35ab-6f70-490f-9764-edc35f7c6aea,1aadc675-cc7a-4111-96a1-ec7ae5161ba3,c5,DROP,684,?,x8,
1769471198.1930573,FORWARDED,c03d35ab-6f70-490f-9764-edc35f7c6aea,1aadc675-cc7a-4111-96a1-ec7ae5161ba3,c5,DROP,684,?,x8,
1769471198.2130141,RECEIVED,9c7d4d35-a98f-4454-ac7e-6c8d81524148,b46e5205-ecbc-42a2-8d78-72062b9124c6,c5,DROP,442,x11,?,
1769471198.2416883,SENT,f6aa1aae-cb9a-49a2-b37a-a473bb042b25,dd9d4526-5896-4cb4-856e-0e16e5d22ee0,c4,DROP,685,?,x9,
1769471198.241731,FORWARDED,f6aa1aae-cb9a-49a2-b37a-a473bb042b25,dd9d4526-5896-4cb4-856e-0e16e5d22ee0,c4,DROP,685,?,x9,
1769471198.2585044,RECEIVED,99d75621-fdf3-44bc-b550-7b501ca13fb6,7f9cf59e-2a4a-4d7a-9b41-7af28a26ae6c,c5,DROP,1007,e12,?,
1769471198.2995505,SENT,a0a961a1-b886-4ea9-a79f-c02fe800fcb0,f027fefb-3011-4420-a25c-3b613f418f27,c2,DROP,686,?,x9,
1769471198.2995894,FORWARDED,a0a961a1-b886-4ea9-a79f-c02fe800fcb0,f027fefb-3011-4420-a25c-3b613f418f27,c2,DROP,686,?,x9,
1769471198.32424,SENT,3f917f45-186e-4183-9449-87a5b72a0245,5f324bed-09e7-4fc3-be23-2e0c437856e8,c5,DROP,687,?,x7,
1769471198.32428,FORWARDED,3f917f45-186e-4183-9449-87a5b72a0245,5f324bed-09e7-4fc3-be23-2e0c437856e8,c5,DROP,687,?,x7,
1769471198.347446,SENT,0a04a112-0e02-4eb9-ab36-9cb7c13f3c39,e772edc4-ec24-4168-9d9b-f917a7fc57bc,c2,c4,1250,?,x6,
1769471198.347486,FORWARDED,0a04a112-0e02-4eb9-ab36-9cb7c13f3c39,e772edc4-ec24-4168-9d9b-f917a7fc57bc,c2,c4,1250,?,x6,
1769471198.3502703,RECEIVED,b9d8c588-968e-4b8b-8f0b-85d9ccc00503,59880d94-0ddb-48c6-91d6-e6917ba64776,c1,DROP,1009,e6,?,
1769471198.4043176,SENT,098860d6-2dae-43cb-b0d1-d9a9ecf208b5,a53294c1-304b-42d0-9afe-e87746eaa1fa,c3,DROP,692,?,x11,
1769471198.4043589,FORWARDED,098860d6-2dae-43cb-b0d1-d9a9ecf208b5,a53294c1-304b-42d0-9afe-e87746eaa1fa,c3,DROP,692,?,x11,
1769471198.447418,RECEIVED,33d0dc86-4f38-4504-adb5-78f8112683b5,4b29d573-eccd-451d-994b-f3ca5b138e67,c1,c3,1764,e5,?,
1769471198.460106,SENT,b9d8c588-968e-4b8b-8f0b-85d9ccc00503,59880d94-0ddb-48c6-91d6-e6917ba64776,c1,DROP,683,?,x12,
1769471198.460146,FORWARDED,b9d8c588-968e-4b8b-8f0b-85d9ccc00503,59880d94-0ddb-48c6-91d6-e6917ba64776,c1,DROP,683,?,x12,
1769471198.510653,RECEIVED,6e181377-5d98-475f-bbe9-c6d20cb6e6e3,3d056b4c-1017-462c-8813-197a9380aae0,c4,DROP,1008,e11,?,
1769471198.5422833,RECEIVED,e82aac95-0e2e-4d47-a5a8-6f1966268ed1,2afc1cb2-b51d-457c-8521-e67989bd6a2a,c1,DROP,1009,e8,?,
1769471198.5688577,SENT,e82aac95-0e2e-4d47-a5a8-6f1966268ed1,2afc1cb2-b51d-457c-8521-e67989bd6a2a,c1,DROP,683,?,x6,
1769471198.5688999,FORWARDED,e82aac95-0e2e-4d47-a5a8-6f1966268ed1,2afc1cb2-b51d-457c-8521-e67989bd6a2a,c1,DROP,683,?,x6,
1769471198.5817997,SENT,33d0dc86-4f38-4504-adb5-78f8112683b5,4b29d573-eccd-451d-994b-f3ca5b138e67,c1,c3,1251,?,x3,
1769471198.581839,FORWARDED,33d0dc86-4f38-4504-adb5-78f8112683b5,4b29d573-eccd-451d-994b-f3ca5b138e67,c1,c3,1251,?,x3,
1769471198.597542,SENT,d8d21187-92c3-43ca-a197-d26801c6de7a,f09ffb9d-3f4a-4889-a970-a5196fa7a8f2,c4,DROP,692,?,x10,
1769471198.5975833,FORWARDED,d8d21187-92c3-43ca-a197-d26801c6de7a,f09ffb9d-3f4a-4889-a970-a5196fa7a8f2,c4,DROP,692,?,x10,
1769471198.6224797,SENT,ec42cd65-045b-4d50-aa72-646ee0d54989,3bc92ab8-2d2d-47b0-af4c-9e47d3fe1ed3,c1,DROP,684,?,x8,
1769471198.622521,FORWARDED,ec42cd65-045b-4d50-aa72-646ee0d54989,3bc92ab8-2d2d-47b0-af4c-9e47d3fe1ed3,c1,DROP,684,?,x8,
1769471198.623186,RECEIVED,33e588c8-7adb-46c1-8262-781f6cee07e6,c57ea939-aa48-4f75-9c7a-eb5e88d03702,c5,DROP,1016,e6,?,
1769471198.7208495,SENT,99d75621-fdf3-44bc-b550-7b501ca13fb6,7f9cf59e-2a4a-4d7a-9b41-7af28a26ae6c,c5,DROP,684,?,x4,
1769471198.7208912,FORWARDED,99d75621-fdf3-44bc-b550-7b501ca13fb6,7f9cf59e-2a4a-4d7a-9b41-7af28a26ae6c,c5,DROP,684,?,x4,
1769471198.8080122,SENT,13bc702e-1920-4c21-b000-7d711668f38e,b6c00ae7-60cd-4685-a774-78f09c8cfdef,c3,DROP,693,?,x12,
1769471198.8080635,FORWARDED,13bc702e-1920-4c21-b000-7d711668f38e,b6c00ae7-60cd-4685-a774-78f09c8cfdef,c3,DROP,693,?,x12,
1769471198.8335466,SENT,6e181377-5d98-475f-bbe9-c6d20cb6e6e3,3d056b4c-1017-462c-8813-197a9380aae0,c4,DROP,683,?,x4,
1769471198.833588,FORWARDED,6e181377-5d98-475f-bbe9-c6d20cb6e6e3,3d056b4c-1017-462c-8813-197a9380aae0,c4,DROP,683,?,x4,
1769471198.8365018,RECEIVED,e3699ed3-45c4-4eb9-b02d-aa1d414f0c01,70b11e52-80db-47de-8136-c6d4cd17d87c,c1,DROP,1015,e4,?,
1769471199.0444834,SENT,4d9aa2d8-25d3-4c93-81e6-6d1735c08daa,ccdabc34-5091-43cb-be56-1676def9162a,c4,DROP,683,?,x8,
1769471199.0445218,FORWARDED,4d9aa2d8-25d3-4c93-81e6-6d1735c08daa,ccdabc34-5091-43cb-be56-1676def9162a,c4,DROP,683,?,x8,
1769471199.1356974,RECEIVED,94c34f9d-6a99-47ce-bc0c-bfda2232268c,46150b3e-8c8c-4d7d-9478-53774cc05cec,c3,DROP,1008,e3,?,
1769471199.1902397,RECEIVED,85efc969-13e2-4ba2-b69e-341c59e7e95f,319f325a-ad09-48ef-b175-db2f83f4d19e,c1,c3,1763,e9,?,
1769471199.1977525,SENT,33e588c8-7adb-46c1-8262-781f6cee07e6,c57ea939-aa48-4f75-9c7a-eb5e88d03702,c5,DROP,689,?,x11,
1769471199.1978002,FORWARDED,33e588c8-7adb-46c1-8262-781f6cee07e6,c57ea939-aa48-4f75-9c7a-eb5e88d03702,c5,DROP,689,?,x11,
1769471199.2913451,SENT,94c34f9d-6a99-47ce-bc0c-bfda2232268c,46150b3e-8c8c-4d7d-9478-53774cc05cec,c3,DROP,684,?,x6,
1769471199.2913864,FORWARDED,94c34f9d-6a99-47ce-bc0c-bfda2232268c,46150b3e-8c8c-4d7d-9478-53774cc05cec,c3,DROP,684,?,x6,
1769471199.354385,RECEIVED,04d63137-36fd-4ea5-a323-1e279e8bdc30,790fde6d-ecc4-4af9-b542-fd938f6734e5,c5,DROP,1016,e10,?,
1769471199.5379267,SENT,04d63137-36fd-4ea5-a323-1e279e8bdc30,790fde6d-ecc4-4af9-b542-fd938f6734e5,c5,DROP,688,?,x8,
1769471199.5379694,FORWARDED,04d63137-36fd-4ea5-a323-1e279e8bdc30,790fde6d-ecc4-4af9-b542-fd938f6734e5,c5,DROP,688,?,x8,
1769471199.7123818,SENT,85efc969-13e2-4ba2-b69e-341c59e7e95f,319f325a-ad09-48ef-b175-db2f83f4d19e,c1,c3,1251,?,x9,
1769471199.7124245,FORWARDED,85efc969-13e2-4ba2-b69e-341c59e7e95f,319f325a-ad09-48ef-b175-db2f83f4d19e,c1,c3,1251,?,x9,
1769471199.71866,RECEIVED,f2002d1c-8600-418a-819b-5e78d1023d2f,980e7dcf-3cff-4bf6-93c1-462d8b1e11c2,c1,DROP,441,x9,?,
1769471199.7716432,RECEIVED,5f73c9f3-f562-4873-8e2f-1043bdef53f1,b1e192d2-caa4-4afc-855a-5583a5bda31d,c1,None,1598,e6,?,
1769471200.0872242,RECEIVED,28b8d5c3-b915-4945-97d7-06750cad8dc4,98a9c81b-f5d4-437c-8d1f-4f3d50df34fa,c5,DROP,1019,e11,?,
1769471200.1417272,SENT,5f73c9f3-f562-4873-8e2f-1043bdef53f1,b1e192d2-caa4-4afc-855a-5583a5bda31d,c1,None,1127,?,x5,
1769471200.141795,FORWARDED,5f73c9f3-f562-4873-8e2f-1043bdef53f1,b1e192d2-caa4-4afc-855a-5583a5bda31d,c1,None,1127,?,x5,
1769471200.146245,SENT,e3699ed3-45c4-4eb9-b02d-aa1d414f0c01,70b11e52-80db-47de-8136-c6d4cd17d87c,c1,DROP,690,?,x8,
1769471200.146288,FORWARDED,e3699ed3-45c4-4eb9-b02d-aa1d414f0c01,70b11e52-80db-47de-8136-c6d4cd17d87c,c1,DROP,690,?,x8,
1769471200.576106,RECEIVED,ba98b58e-6870-416c-81ce-6847133d9271,459e7701-6b75-4d08-a7fc-14cc94535a3a,c5,DROP,1008,e3,?,
1769471200.6367412,RECEIVED,8e8671a6-20ae-452b-893a-a5ed509c2a4b,c3801aaa-073e-4fd0-b9ee-2d9c70256e05,c1,DROP,1007,e3,?,
1769471200.6379013,RECEIVED,4384f73d-6d03-43dc-8693-8bb815b0b068,6e4334d4-e2a0-4232-80f8-92679efbe8e3,c4,DROP,1011,e8,?,
1769471200.6403863,SENT,28b8d5c3-b915-4945-97d7-06750cad8dc4,98a9c81b-f5d4-437c-8d1f-4f3d50df34fa,c5,DROP,692,?,x8,
1769471200.640428,FORWARDED,28b8d5c3-b915-4945-97d7-06750cad8dc4,98a9c81b-f5d4-437c-8d1f-4f3d50df34fa,c5,DROP,692,?,x8,
1769471200.6607468,SENT,ba98b58e-6870-416c-81ce-6847133d9271,459e7701-6b75-4d08-a7fc-14cc94535a3a,c5,DROP,684,?,x9,
1769471200.6607797,FORWARDED,ba98b58e-6870-416c-81ce-6847133d9271,459e7701-6b75-4d08-a7fc-14cc94535a3a,c5,DROP,684,?,x9,
1769471200.7343354,RECEIVED,5cb49875-4b62-46a4-ae8d-8ba553c183c4,304d83a1-b3d5-4e84-b216-647bc9ef3191,c3,DROP,1008,e5,?,
1769471200.7462423,RECEIVED,6c90a001-27c3-4a4f-9958-494ca5b92ca8,9b1a653b-6e1a-4c89-be17-d74237b7d608,c5,DROP,1008,e5,?,
1769471200.7620704,RECEIVED,12d4df4b-688b-4e0a-bd80-3a141176f5db,8f3ed479-3507-4c90-93a7-654fd1c9980e,c4,c3,1766,e6,?,
1769471200.7716181,SENT,6c90a001-27c3-4a4f-9958-494ca5b92ca8,9b1a653b-6e1a-4c89-be17-d74237b7d608,c5,DROP,683,?,x2,
1769471200.771658,FORWARDED,6c90a001-27c3-4a4f-9958-494ca5b92ca8,9b1a653b-6e1a-4c89-be17-d74237b7d608,c5,DROP,683,?,x2,
1769471200.7973108,RECEIVED,f1da4990-8009-4790-8da8-39acbb3b9d84,7353d503-98a5-42eb-becc-e0b3f3c35278,c1,DROP,1009,e4,?,
1769471200.8525891,SENT,5cb49875-4b62-46a4-ae8d-8ba553c183c4,304d83a1-b3d5-4e84-b216-647bc9ef3191,c3,DROP,683,?,x3,
1769471200.8526292,FORWARDED,5cb49875-4b62-46a4-ae8d-8ba553c183c4,304d83a1-b3d5-4e84-b216-647bc9ef3191,c3,DROP,683,?,x3,
1769471200.9328604,SENT,4384f73d-6d03-43dc-8693-8bb815b0b068,6e4334d4-e2a0-4232-80f8-92679efbe8e3,c4,DROP,685,?,x11,
1769471200.9328978,FORWARDED,4384f73d-6d03-43dc-8693-8bb815b0b068,6e4334d4-e2a0-4232-80f8-92679efbe8e3,c4,DROP,685,?,x11,
1769471201.023806,RECEIVED,f7f72a36-2f6e-4876-894a-4884303a8dbf,01a3dda8-c9ec-42c6-a8ac-2e03f546b7c1,c4,DROP,1011,e7,?,
1769471201.254614,SENT,f1da4990-8009-4790-8da8-39acbb3b9d84,7353d503-98a5-42eb-becc-e0b3f3c35278,c1,DROP,683,?,x12,
1769471201.254876,FORWARDED,f1da4990-8009-4790-8da8-39acbb3b9d84,7353d503-98a5-42eb-becc-e0b3f3c35278,c1,DROP,683,?,x12,
1769471201.2725337,SENT,12d4df4b-688b-4e0a-bd80-3a141176f5db,8f3ed479-3507-4c90-93a7-654fd1c9980e,c4,c3,1252,?,x8,
1769471201.2725766,FORWARDED,12d4df4b-688b-4e0a-bd80-3a141176f5db,8f3ed479-3507-4c90-93a7-654fd1c9980e,c4,c3,1252,?,x8,
1769471201.3274279,SENT,8e8671a6-20ae-452b-893a-a5ed509c2a4b,c3801aaa-073e-4fd0-b9ee-2d9c70256e05,c1,DROP,683,?,x2,
1769471201.3274698,FORWARDED,8e8671a6-20ae-452b-893a-a5ed509c2a4b,c3801aaa-073e-4fd0-b9ee-2d9c70256e05,c1,DROP,683,?,x2,
1769471201.4657347,RECEIVED,37fd8591-c52b-4da7-ac70-b1315fef23c7,60ebb56b-4ffc-4782-b1cc-793eab138ada,c3,DROP,1016,e8,?,
1769471201.5358396,SENT,37fd8591-c52b-4da7-ac70-b1315fef23c7,60ebb56b-4ffc-4782-b1cc-793eab138ada,c3,DROP,689,?,x8,
1769471201.5358787,FORWARDED,37fd8591-c52b-4da7-ac70-b1315fef23c7,60ebb56b-4ffc-4782-b1cc-793eab138ada,c3,DROP,689,?,x8,
1769471201.5624063,RECEIVED,621b76eb-d8a0-4648-a3ae-61c701c6db59,c26555ec-290c-47f8-9678-722d768b8b36,c1,DROP,1016,e8,?,
1769471201.7013884,SENT,f7f72a36-2f6e-4876-894a-4884303a8dbf,01a3dda8-c9ec-42c6-a8ac-2e03f546b7c1,c4,DROP,687,?,x5,
1769471201.7014306,FORWARDED,f7f72a36-2f6e-4876-894a-4884303a8dbf,01a3dda8-c9ec-42c6-a8ac-2e03f546b7c1,c4,DROP,687,?,x5,
1769471201.7062614,SENT,621b76eb-d8a0-4648-a3ae-61c701c6db59,c26555ec-290c-47f8-9678-722d768b8b36,c1,DROP,689,?,x5,
1769471201.7063012,FORWARDED,621b76eb-d8a0-4648-a3ae-61c701c6db59,c26555ec-290c-47f8-9678-722d768b8b36,c1,DROP,689,?,x5,
1769471201.9151204,RECEIVED,8ef19c86-9e0c-4ffe-817e-f6b514591751,215dc2fd-82e2-437d-98f7-8b67eee1146c,c3,DROP,1013,e6,?,
1769471201.951522,SENT,8ef19c86-9e0c-4ffe-817e-f6b514591751,215dc2fd-82e2-437d-98f7-8b67eee1146c,c3,DROP,685,?,x7,
1769471201.9515643,FORWARDED,8ef19c86-9e0c-4ffe-817e-f6b514591751,215dc2fd-82e2-437d-98f7-8b67eee1146c,c3,DROP,685,?,x7,
1769471202.0864244,RECEIVED,dfa66c7f-3837-45b8-9554-2713a7c45a22,1ecaed76-6f89-43d8-8fba-4c43cb0b2a47,c4,DROP,1016,e4,?,
1769471202.2496245,RECEIVED,7475afba-0e3d-4cb9-98a4-e9e30bf34747,0db1abe2-2947-442b-a424-8c566ecd6506,c1,c3,1777,e6,?,
1769471202.2638671,RECEIVED,7c4f15a1-06d0-4473-93cf-ba7526ebea27,d9c9c21b-9e39-4498-9b22-e628f9e912dd,c1,None,1596,e7,?,
1769471202.2965808,SENT,7475afba-0e3d-4cb9-98a4-e9e30bf34747,0db1abe2-2947-442b-a424-8c566ecd6506,c1,c3,1260,?,x12,
1769471202.2966187,FORWARDED,7475afba-0e3d-4cb9-98a4-e9e30bf34747,0db1abe2-2947-442b-a424-8c566ecd6506,c1,c3,1260,?,x12,
1769471202.3442578,RECEIVED,4385f22e-86d3-464a-a817-f11eae5facb3,8e730e5e-8c6b-46d7-9451-745c4ffa1770,c1,c3,1776,e9,?,
1769471202.407032,SENT,dfa66c7f-3837-45b8-9554-2713a7c45a22,1ecaed76-6f89-43d8-8fba-4c43cb0b2a47,c4,DROP,688,?,x2,
1769471202.4070897,FORWARDED,dfa66c7f-3837-45b8-9554-2713a7c45a22,1ecaed76-6f89-43d8-8fba-4c43cb0b2a47,c4,DROP,688,?,x2,
1769471202.4857447,SENT,4385f22e-86d3-464a-a817-f11eae5facb3,8e730e5e-8c6b-46d7-9451-745c4ffa1770,c1,c3,1259,?,x8,
1769471202.4857845,FORWARDED,4385f22e-86d3-464a-a817-f11eae5facb3,8e730e5e-8c6b-46d7-9451-745c4ffa1770,c1,c3,1259,?,x8,
1769471202.515556,RECEIVED,5f7bdbc7-2544-4d97-887e-277555c81fff,d8be588c-d6ce-4181-a05b-f09294413088,c3,DROP,1016,e8,?,
1769471202.5487037,RECEIVED,d1b0ecc7-4942-4098-b930-4b072a0f750f,4fb7000e-8d21-48b5-b06a-7ed47f81b170,c5,c1,1776,e4,?,
1769471202.5819738,SENT,7c4f15a1-06d0-4473-93cf-ba7526ebea27,d9c9c21b-9e39-4498-9b22-e628f9e912dd,c1,None,1123,?,x12,
1769471202.5820096,FORWARDED,7c4f15a1-06d0-4473-93cf-ba7526ebea27,d9c9c21b-9e39-4498-9b22-e628f9e912dd,c1,None,1123,?,x12,
1769471202.607135,RECEIVED,c38338e2-c8e0-4ca8-9c4b-4468d900fb19,6f2dbc38-54ee-4c4c-a642-54d55f2a3b18,c3,DROP,1008,e7,?,
1769471202.937124,SENT,5f7bdbc7-2544-4d97-887e-277555c81fff,d8be588c-d6ce-4181-a05b-f09294413088,c3,DROP,688,?,x11,
1769471202.9371624,FORWARDED,5f7bdbc7-2544-4d97-887e-277555c81fff,d8be588c-d6ce-4181-a05b-f09294413088,c3,DROP,688,?,x11,
1769471202.9508758,RECEIVED,4a6697d0-0362-4826-b5dc-a74eaae288fc,8220c95c-3614-4158-9b55-06b2c7a16bf9,c3,c1,1779,e11,?,
1769471203.0681067,RECEIVED,00ff7e94-1946-4693-b3e9-a6a06bbc984d,714e6471-7f2d-490a-87e7-351451b1da9a,c3,DROP,1020,e12,?,
1769471203.2023313,RECEIVED,f485e973-8159-4750-ad08-6dce3714295e,3ac1f4b6-0cf4-4485-b1a8-9ec126a8fe5b,c3,DROP,1007,e11,?,
1769471203.2074137,SENT,d1b0ecc7-4942-4098-b930-4b072a0f750f,4fb7000e-8d21-48b5-b06a-7ed47f81b170,c5,c1,1260,?,x12,
1769471203.2074602,FORWARDED,d1b0ecc7-4942-4098-b930-4b072a0f750f,4fb7000e-8d21-48b5-b06a-7ed47f81b170,c5,c1,1260,?,x12,
1769471203.403562,SENT,4a6697d0-0362-4826-b5dc-a74eaae288fc,8220c95c-3614-4158-9b55-06b2c7a16bf9,c3,c1,1263,?,x9,
1769471203.403608,FORWARDED,4a6697d0-0362-4826-b5dc-a74eaae288fc,8220c95c-3614-4158-9b55-06b2c7a16bf9,c3,c1,1263,?,x9,
1769471203.5857165,SENT,c38338e2-c8e0-4ca8-9c4b-4468d900fb19,6f2dbc38-54ee-4c4c-a642-54d55f2a3b18,c3,DROP,683,?,x10,
1769471203.5857604,FORWARDED,c38338e2-c8e0-4ca8-9c4b-4468d900fb19,6f2dbc38-54ee-4c4c-a642-54d55f2a3b18,c3,DROP,683,?,x10,
1769471203.6440058,SENT,00ff7e94-1946-4693-b3e9-a6a06bbc984d,714e6471-7f2d-490a-87e7-351451b1da9a,c3,DROP,692,?,x10,
1769471203.6440432,FORWARDED,00ff7e94-1946-4693-b3e9-a6a06bbc984d,714e6471-7f2d-490a-87e7-351451b1da9a,c3,DROP,692,?,x10,
1769471203.6664684,RECEIVED,4a0caa47-545a-4411-85dd-c6b4b55c68a0,7b49b484-fca6-4472-8b52-74fe8d9df833,c5,DROP,440,x12,?,
1769471203.7299254,SENT,f485e973-8159-4750-ad08-6dce3714295e,3ac1f4b6-0cf4-4485-b1a8-9ec126a8fe5b,c3,DROP,684,?,x9,
1769471203.7299666,FORWARDED,f485e973-8159-4750-ad08-6dce3714295e,3ac1f4b6-0cf4-4485-b1a8-9ec126a8fe5b,c3,DROP,684,?,x9,
1769471203.783372,RECEIVED,cd3c30cb-3adc-44cc-80a8-0a8498d829a2,6c6b984f-3205-4d06-a74e-a1812e6c388c,c4,None,1587,e3,?,
1769471204.4345033,RECEIVED,2c156489-6c9e-4ee1-ac5c-8ae8debffc42,b8e80b81-8931-476d-8ae5-841a587ed0d6,c4,DROP,442,x1,?,
1769471204.5710447,RECEIVED,1d43428a-8304-4106-8da7-9b661045de34,39c6da57-a0c9-4f53-be8c-6b121c84292f,c3,DROP,1016,e6,?,
1769471204.7389412,SENT,1d43428a-8304-4106-8da7-9b661045de34,39c6da57-a0c9-4f53-be8c-6b121c84292f,c3,DROP,688,?,x8,
1769471204.7389817,FORWARDED,1d43428a-8304-4106-8da7-9b661045de34,39c6da57-a0c9-4f53-be8c-6b121c84292f,c3,DROP,688,?,x8,
1769471205.0583222,RECEIVED,3a2e003e-32c1-4c8b-bea4-1d566affcda1,1c280455-b3a0-49a6-9475-fc68236e3fd3,c5,DROP,1019,e12,?,
1769471205.157611,RECEIVED,649a5f14-baf0-4991-8ef6-8775f72f96de,8f409de5-9e5e-477b-82ad-60bd3d5cfd15,c1,DROP,1006,e11,?,
1769471205.23768,SENT,cd3c30cb-3adc-44cc-80a8-0a8498d829a2,6c6b984f-3205-4d06-a74e-a1812e6c388c,c4,None,1119,?,x2,
1769471205.2377174,FORWARDED,cd3c30cb-3adc-44cc-80a8-0a8498d829a2,6c6b984f-3205-4d06-a74e-a1812e6c388c,c4,None,1119,?,x2,
1769471205.2417884,RECEIVED,6d67b8e8-a6d3-4272-ae0f-a0f27c6bb07f,2ed2e897-a07c-4608-9b56-813290560b5e,c4,DROP,1013,e12,?,
1769471205.2724104,RECEIVED,33f7465d-f103-4799-bafb-bb8b605847a6,2d12da13-3099-4d41-a31d-51b9746d3de1,c2,DROP,1008,e4,?,
1769471205.3074043,RECEIVED,8b8d0157-2c50-43c2-bfe8-af699bce8c1b,f859082a-f3ca-48c0-8e4b-b60f4294e8c1,c1,DROP,1009,e9,?,
1769471205.313454,RECEIVED,ae83edcb-97f9-4122-b276-b75aa9b4537d,f0a006ff-c2fc-43be-9a46-4ffdf04434da,c2,DROP,1015,e8,?,
1769471205.342688,SENT,6d67b8e8-a6d3-4272-ae0f-a0f27c6bb07f,2ed2e897-a07c-4608-9b56-813290560b5e,c4,DROP,685,?,x9,
1769471205.3427281,FORWARDED,6d67b8e8-a6d3-4272-ae0f-a0f27c6bb07f,2ed2e897-a07c-4608-9b56-813290560b5e,c4,DROP,685,?,x9,
1769471205.3472328,SENT,8b8d0157-2c50-43c2-bfe8-af699bce8c1b,f859082a-f3ca-48c0-8e4b-b60f4294e8c1,c1,DROP,683,?,x2,
1769471205.3472724,FORWARDED,8b8d0157-2c50-43c2-bfe8-af699bce8c1b,f859082a-f3ca-48c0-8e4b-b60f4294e8c1,c1,DROP,683,?,x2,
1769471205.426538,RECEIVED,c2b31fe3-83c0-4085-911d-d3d38a839f7e,f9b9856b-56a5-4d0e-aa18-0e9ad77c1f79,c5,DROP,1015,e5,?,
1769471205.4350727,RECEIVED,b8a249f8-49ae-4217-8c86-3ed8be116778,5bd3c947-91c8-4639-a73c-4fd729d425cc,c2,DROP,1020,e8,?,
1769471205.5166218,SENT,3a2e003e-32c1-4c8b-bea4-1d566affcda1,1c280455-b3a0-49a6-9475-fc68236e3fd3,c5,DROP,691,?,x3,
1769471205.5166645,FORWARDED,3a2e003e-32c1-4c8b-bea4-1d566affcda1,1c280455-b3a0-49a6-9475-fc68236e3fd3,c5,DROP,691,?,x3,
1769471205.7262955,SENT,ae83edcb-97f9-4122-b276-b75aa9b4537d,f0a006ff-c2fc-43be-9a46-4ffdf04434da,c2,DROP,688,?,x6,
1769471205.7263477,FORWARDED,ae83edcb-97f9-4122-b276-b75aa9b4537d,f0a006ff-c2fc-43be-9a46-4ffdf04434da,c2,DROP,688,?,x6,
1769471205.7613077,SENT,649a5f14-baf0-4991-8ef6-8775f72f96de,8f409de5-9e5e-477b-82ad-60bd3d5cfd15,c1,DROP,683,?,x4,
1769471205.7613456,FORWARDED,649a5f14-baf0-4991-8ef6-8775f72f96de,8f409de5-9e5e-477b-82ad-60bd3d5cfd15,c1,DROP,683,?,x4,
1769471205.911109,SENT,c2b31fe3-83c0-4085-911d-d3d38a839f7e,f9b9856b-56a5-4d0e-aa18-0e9ad77c1f79,c5,DROP,688,?,x9,
1769471205.9111564,FORWARDED,c2b31fe3-83c0-4085-911d-d3d38a839f7e,f9b9856b-56a5-4d0e-aa18-0e9ad77c1f79,c5,DROP,688,?,x9,
1769471206.0626645,RECEIVED,e82f387f-2069-41ab-93e6-19557c13a2c4,c3e9102d-f7cf-466a-89cb-b6b9af33e010,c4,DROP,1017,e10,?,
1769471206.1625698,SENT,b8a249f8-49ae-4217-8c86-3ed8be116778,5bd3c947-91c8-4639-a73c-4fd729d425cc,c2,DROP,692,?,x11,
1769471206.1626124,FORWARDED,b8a249f8-49ae-4217-8c86-3ed8be116778,5bd3c947-91c8-4639-a73c-4fd729d425cc,c2,DROP,692,?,x11,
1769471206.2298365,SENT,e82f387f-2069-41ab-93e6-19557c13a2c4,c3e9102d-f7cf-466a-89cb-b6b9af33e010,c4,DROP,688,?,x10,
1769471206.2298796,FORWARDED,e82f387f-2069-41ab-93e6-19557c13a2c4,c3e9102d-f7cf-466a-89cb-b6b9af33e010,c4,DROP,688,?,x10,
1769471206.2729654,RECEIVED,b25c623e-d6e3-4a75-a212-edaaf05cb8c5,76006191-0cec-45e0-8ff5-0223a6858330,c1,DROP,441,x5,?,
1769471206.328471,RECEIVED,0c3a9c7e-7991-474c-8b48-e595c4b1a450,a514278a-b09c-42ba-8ac5-57cf17bd5d16,c4,c3,1772,e3,?,
1769471206.3837373,SENT,33f7465d-f103-4799-bafb-bb8b605847a6,2d12da13-3099-4d41-a31d-51b9746d3de1,c2,DROP,683,?,x11,
1769471206.383778,FORWARDED,33f7465d-f103-4799-bafb-bb8b605847a6,2d12da13-3099-4d41-a31d-51b9746d3de1,c2,DROP,683,?,x11,
1769471206.5335305,RECEIVED,4433143b-8a33-4483-a95d-a519ef48d8ad,1b7f6d26-81b2-44d9-9bc8-baabd19d02b8,c2,DROP,1012,e3,?,
1769471206.5768003,RECEIVED,63895495-dea4-49fc-975a-4f02b36bb591,db006564-1048-4a63-870c-b69ec26a5fb8,c3,None,1600,e11,?,
1769471206.6076858,RECEIVED,14139ee9-921d-4c58-bf1e-d3ddd194bbd6,130da0cd-70b0-4a4c-b9f3-f015f120183f,c4,DROP,1013,e1,?,
1769471206.6881807,SENT,14139ee9-921d-4c58-bf1e-d3ddd194bbd6,130da0cd-70b0-4a4c-b9f3-f015f120183f,c4,DROP,687,?,x4,
1769471206.6882236,FORWARDED,14139ee9-921d-4c58-bf1e-d3ddd194bbd6,130da0cd-70b0-4a4c-b9f3-f015f120183f,c4,DROP,687,?,x4,
1769471206.7199116,SENT,63895495-dea4-49fc-975a-4f02b36bb591,db006564-1048-4a63-870c-b69ec26a5fb8,c3,None,1127,?,x7,
1769471206.7199545,FORWARDED,63895495-dea4-49fc-975a-4f02b36bb591,db006564-1048-4a63-870c-b69ec26a5fb8,c3,None,1127,?,x7,
1769471206.7455204,RECEIVED,f8f7eca2-b3dd-4ebc-8b1d-c89b42a4d745,8f5d1dbd-c6d2-4a15-9738-05de18c339d5,c2,c4,1771,e1,?,
1769471206.8159223,SENT,0c3a9c7e-7991-474c-8b48-e595c4b1a450,a514278a-b09c-42ba-8ac5-57cf17bd5d16,c4,c3,1256,?,x11,
1769471206.8159654,FORWARDED,0c3a9c7e-7991-474c-8b48-e595c4b1a450,a514278a-b09c-42ba-8ac5-57cf17bd5d16,c4,c3,1256,?,x11,
1769471206.8599224,RECEIVED,fe80937c-a460-4a82-bc7f-3446fa936ecd,b067b98c-5d87-4fc4-9759-5c595e6cbdef,c3,None,1607,e7,?,
1769471206.8607633,RECEIVED,755e49d6-1101-424d-9ab8-e0ba1b1ef0e5,c6f81d73-8522-485c-bd29-873f6acdabe6,c4,DROP,444,x6,?,
1769471207.0823205,RECEIVED,f897ff82-fdb8-4ad7-9c7e-bc7d9898abfd,94b82280-d142-4b12-851e-41795afbf646,c3,DROP,1013,e8,?,
1769471207.1851888,SENT,f897ff82-fdb8-4ad7-9c7e-bc7d9898abfd,94b82280-d142-4b12-851e-41795afbf646,c3,DROP,687,?,x12,
1769471207.185229,FORWARDED,f897ff82-fdb8-4ad7-9c7e-bc7d9898abfd,94b82280-d142-4b12-851e-41795afbf646,c3,DROP,687,?,x12,
1769471207.4165385,RECEIVED,f7e689f4-b411-492b-a377-993fc9701d2c,ff5e066f-e82b-46e1-8fa0-6e419b9678f1,c1,DROP,441,x7,?,
1769471207.5115786,RECEIVED,3e801477-c2e7-4020-9d8a-ac538f0a2b4d,f2001c4b-4d04-4196-8c8d-310257efa846,c5,DROP,1007,e1,?,
1769471207.596875,SENT,f8f7eca2-b3dd-4ebc-8b1d-c89b42a4d745,8f5d1dbd-c6d2-4a15-9738-05de18c339d5,c2,c4,1255,?,x8,
1769471207.5969174,FORWARDED,f8f7eca2-b3dd-4ebc-8b1d-c89b42a4d745,8f5d1dbd-c6d2-4a15-9738-05de18c339d5,c2,c4,1255,?,x8,
1769471207.7163577,SENT,fe80937c-a460-4a82-bc7f-3446fa936ecd,b067b98c-5d87-4fc4-9759-5c595e6cbdef,c3,None,1133,?,x2,
1769471207.7164109,FORWARDED,fe80937c-a460-4a82-bc7f-3446fa936ecd,b067b98c-5d87-4fc4-9759-5c595e6cbdef,c3,None,1133,?,x2,
1769471207.8154185,RECEIVED,e5d7bb75-d7f7-4832-b6e9-f10198a72469,f68d7081-e7bf-4a28-8fcb-05a2e419d4c2,c4,DROP,1011,e7,?,
1769471207.8277204,SENT,3e801477-c2e7-4020-9d8a-ac538f0a2b4d,f2001c4b-4d04-4196-8c8d-310257efa846,c5,DROP,683,?,x9,
1769471207.8277621,FORWARDED,3e801477-c2e7-4020-9d8a-ac538f0a2b4d,f2001c4b-4d04-4196-8c8d-310257efa846,c5,DROP,683,?,x9,
1769471207.8975008,SENT,4433143b-8a33-4483-a95d-a519ef48d8ad,1b7f6d26-81b2-44d9-9bc8-baabd19d02b8,c2,DROP,686,?,x10,
1769471207.8975346,FORWARDED,4433143b-8a33-4483-a95d-a519ef48d8ad,1b7f6d26-81b2-44d9-9bc8-baabd19d02b8,c2,DROP,686,?,x10,
1769471207.9964082,RECEIVED,dbc76267-f69d-4b5a-ac73-e7464087647f,057bcccf-4190-42d7-9f65-77626e00efc1,c1,c3,1768,e4,?,
1769471208.0095491,RECEIVED,e7053626-49b3-4e74-82b8-38d78c13f1cc,2f0bc6a1-09e7-4ef4-8b74-abd5a624b337,c3,DROP,441,x9,?,
1769471208.095663,RECEIVED,4f473f24-aca7-4800-9bf4-add39fc3a2f8,c6c4fe2d-1425-40aa-96c7-a6f96083ee27,c4,c3,1777,e7,?,
1769471208.1214187,RECEIVED,54f4585d-5a1a-45c8-bacf-ac443d482c2d,3633871f-17e9-4522-ba37-16f043b185dc,c1,DROP,1007,e6,?,
1769471208.154495,SENT,4f473f24-aca7-4800-9bf4-add39fc3a2f8,c6c4fe2d-1425-40aa-96c7-a6f96083ee27,c4,c3,1260,?,x3,
1769471208.1545374,FORWARDED,4f473f24-aca7-4800-9bf4-add39fc3a2f8,c6c4fe2d-1425-40aa-96c7-a6f96083ee27,c4,c3,1260,?,x3,
1769471208.167238,RECEIVED,668bed3c-27b2-4675-b784-fe25ea70f439,c579512d-e253-4ed1-a3f2-c4817b445504,c4,DROP,1016,e2,?,
1769471208.2814155,RECEIVED,b6b7c3ef-b305-41f1-83b3-6c35e6debc21,3cd7e936-88b8-420c-ab3f-ad61f0726563,c5,DROP,1012,e6,?,
1769471208.337722,SENT,dbc76267-f69d-4b5a-ac73-e7464087647f,057bcccf-4190-42d7-9f65-77626e00efc1,c1,c3,1253,?,x8,
1769471208.3377619,FORWARDED,dbc76267-f69d-4b5a-ac73-e7464087647f,057bcccf-4190-42d7-9f65-77626e00efc1,c1,c3,1253,?,x8,
1769471208.360159,RECEIVED,8bad3fcb-a70e-4c35-8ee0-64ab0a8640c7,e81d6d8d-d5a0-4e50-b228-44e843b1646c,c5,DROP,1014,e2,?,
1769471208.3838913,SENT,e5d7bb75-d7f7-4832-b6e9-f10198a72469,f68d7081-e7bf-4a28-8fcb-05a2e419d4c2,c4,DROP,685,?,x4,
1769471208.3839304,FORWARDED,e5d7bb75-d7f7-4832-b6e9-f10198a72469,f68d7081-e7bf-4a28-8fcb-05a2e419d4c2,c4,DROP,685,?,x4,
1769471208.4268425,RECEIVED,b562c487-9820-45fb-99a9-a295185104ef,083439f3-f309-440d-9df4-ac857f9a42da,c5,DROP,1011,e9,?,
1769471208.4623327,RECEIVED,c80771c5-5be9-4d34-a02b-99ec315a09ee,42739bd6-1998-45ce-af70-6b245b6267fc,c1,c3,1775,e11,?,
1769471208.5901704,SENT,668bed3c-27b2-4675-b784-fe25ea70f439,c579512d-e253-4ed1-a3f2-c4817b445504,c4,DROP,688,?,x7,
1769471208.59021,FORWARDED,668bed3c-27b2-4675-b784-fe25ea70f439,c579512d-e253-4ed1-a3f2-c4817b445504,c4,DROP,688,?,x7,
1769471208.7744107,SENT,54f4585d-5a1a-45c8-bacf-ac443d482c2d,3633871f-17e9-4522-ba37-16f043b185dc,c1,DROP,683,?,x2,
1769471208.7744515,FORWARDED,54f4585d-5a1a-45c8-bacf-ac443d482c2d,3633871f-17e9-4522-ba37-16f043b185dc,c1,DROP,683,?,x2,
1769471208.8258893,SENT,b6b7c3ef-b305-41f1-83b3-6c35e6debc21,3cd7e936-88b8-420c-ab3f-ad61f0726563,c5,DROP,685,?,x11,
1769471208.8259327,FORWARDED,b6b7c3ef-b305-41f1-83b3-6c35e6debc21,3cd7e936-88b8-420c-ab3f-ad61f0726563,c5,DROP,685,?,x11,
1769471208.8621752,SENT,c80771c5-5be9-4d34-a02b-99ec315a09ee,42739bd6-1998-45ce-af70-6b245b6267fc,c1,c3,1259,?,x3,
1769471208.862211,FORWARDED,c80771c5-5be9-4d34-a02b-99ec315a09ee,42739bd6-1998-45ce-af70-6b245b6267fc,c1,c3,1259,?,x3,
1769471208.8903959,SENT,8bad3fcb-a70e-4c35-8ee0-64ab0a8640c7,e81d6d8d-d5a0-4e50-b228-44e843b1646c,c5,DROP,688,?,x10,
1769471208.8904376,FORWARDED,8bad3fcb-a70e-4c35-8ee0-64ab0a8640c7,e81d6d8d-d5a0-4e50-b228-44e843b1646c,c5,DROP,688,?,x10,
1769471209.1442046,SENT,b562c487-9820-45fb-99a9-a295185104ef,083439f3-f309-440d-9df4-ac857f9a42da,c5,DROP,687,?,x4,
1769471209.1442444,FORWARDED,b562c487-9820-45fb-99a9-a295185104ef,083439f3-f309-440d-9df4-ac857f9a42da,c5,DROP,687,?,x4,
1769471209.386784,RECEIVED,e5c8129f-0398-476a-86c4-e8e143018ebb,ae165ee8-8cd9-49f9-86d4-d7e40d8c0895,c5,DROP,1007,e8,?,
1769471209.390131,RECEIVED,67b10c62-13d3-4bd1-8a74-f5d7f65fb287,61050990-9d12-4924-85d5-3c1502ea745e,c3,DROP,1007,e4,?,
1769471209.3991895,RECEIVED,29d227ef-37ec-4682-8732-9a7ae466cc0f,4258bda7-f6c5-4b65-a5ba-2f013bf838a9,c5,DROP,1015,e9,?,
1769471209.5354302,RECEIVED,c0482049-ba46-4a2f-b17b-757bab521c99,43f61e61-9a39-4143-a14c-f54878a528c9,c5,DROP,440,x12,?,
1769471209.6474712,RECEIVED,8341ce2c-d50b-47a1-adb1-431cf646f4a0,237060b6-0c8a-4900-8e49-b1989315067c,c3,DROP,1008,e6,?,
1769471209.8318686,SENT,29d227ef-37ec-4682-8732-9a7ae466cc0f,4258bda7-f6c5-4b65-a5ba-2f013bf838a9,c5,DROP,688,?,x8,
1769471209.831908,FORWARDED,29d227ef-37ec-4682-8732-9a7ae466cc0f,4258bda7-f6c5-4b65-a5ba-2f013bf838a9,c5,DROP,688,?,x8,
1769471209.917756,RECEIVED,97c3079e-cd9e-42a1-bf6c-54f7a78a8f0f,c3d8cdd6-bf4f-4256-8191-cb280296e976,c3,DROP,441,x12,?,
1769471209.959638,RECEIVED,49b33cc4-872d-4f66-b3d4-0c1d595a4d6e,fc6c1bda-2882-4e2b-b748-bcec37216050,c1,c3,1775,e10,?,
1769471210.0128088,RECEIVED,64f596bb-a811-4844-ad56-2d6ed4440208,65704047-fd58-4240-beb7-b63d4da12756,c4,c3,1775,e6,?,
1769471210.0149407,RECEIVED,8d5f86c7-3407-428f-ae83-897f904f7c83,f826fc17-4e48-4683-a481-8c8310174446,c3,DROP,1010,e11,?,
1769471210.088804,SENT,8d5f86c7-3407-428f-ae83-897f904f7c83,f826fc17-4e48-4683-a481-8c8310174446,c3,DROP,683,?,x10,
1769471210.0888455,FORWARDED,8d5f86c7-3407-428f-ae83-897f904f7c83,f826fc17-4e48-4683-a481-8c8310174446,c3,DROP,683,?,x10,
1769471210.1042566,RECEIVED,095b3a0a-6917-435c-a3df-2bd46bc09298,3134e17a-4d5c-4f81-b882-182e62dc7f30,c5,DROP,442,x7,?,
1769471210.165307,RECEIVED,055c8ebb-f941-43b9-ac74-2d4e54c64501,e95700ec-7122-4759-a83b-83bbded95107,c2,DROP,1011,e11,?,
1769471210.178842,SENT,8341ce2c-d50b-47a1-adb1-431cf646f4a0,237060b6-0c8a-4900-8e49-b1989315067c,c3,DROP,684,?,x11,
1769471210.178883,FORWARDED,8341ce2c-d50b-47a1-adb1-431cf646f4a0,237060b6-0c8a-4900-8e49-b1989315067c,c3,DROP,684,?,x11,
1769471210.2228332,SENT,e5c8129f-0398-476a-86c4-e8e143018ebb,ae165ee8-8cd9-49f9-86d4-d7e40d8c0895,c5,DROP,684,?,x5,
1769471210.222872,FORWARDED,e5c8129f-0398-476a-86c4-e8e143018ebb,ae165ee8-8cd9-49f9-86d4-d7e40d8c0895,c5,DROP,684,?,x5,
1769471210.262487,RECEIVED,2e04afa3-8172-463a-9f3e-4552d0c40fc4,9ae42645-768e-4034-a0b5-496f4b31ccc1,c3,c1,1777,e4,?,
1769471210.2792163,SENT,67b10c62-13d3-4bd1-8a74-f5d7f65fb287,61050990-9d12-4924-85d5-3c1502ea745e,c3,DROP,684,?,x5,
1769471210.2792594,FORWARDED,67b10c62-13d3-4bd1-8a74-f5d7f65fb287,61050990-9d12-4924-85d5-3c1502ea745e,c3,DROP,684,?,x5,
1769471210.2922752,SENT,64f596bb-a811-4844-ad56-2d6ed4440208,65704047-fd58-4240-beb7-b63d4da12756,c4,c3,1259,?,x1,
1769471210.2923164,FORWARDED,64f596bb-a811-4844-ad56-2d6ed4440208,65704047-fd58-4240-beb7-b63d4da12756,c4,c3,1259,?,x1,
1769471210.463001,RECEIVED,e5ffb7ca-1299-4845-911e-400255c8b424,00eb63d8-f88f-45d9-98d4-ebc58e7e341a,c3,None,1605,e5,?,
1769471210.4725175,RECEIVED,f76ffac1-191e-41d7-b936-6a53848de3b5,9c0ae9bf-d45b-4a89-a58f-348f568b273f,c4,None,1597,e2,?,
1769471210.4935262,SENT,2e04afa3-8172-463a-9f3e-4552d0c40fc4,9ae42645-768e-4034-a0b5-496f4b31ccc1,c3,c1,1260,?,x12,
1769471210.4935677,FORWARDED,2e04afa3-8172-463a-9f3e-4552d0c40fc4,9ae42645-768e-4034-a0b5-496f4b31ccc1,c3,c1,1260,?,x12,
1769471210.5031888,SENT,e5ffb7ca-1299-4845-911e-400255c8b424,00eb63d8-f88f-45d9-98d4-ebc58e7e341a,c3,None,1131,?,x1,
1769471210.5032318,FORWARDED,e5ffb7ca-1299-4845-911e-400255c8b424,00eb63d8-f88f-45d9-98d4-ebc58e7e341a,c3,None,1131,?,x1,
1769471210.5346663,RECEIVED,8edce964-b634-4137-b548-2b5d33cbbc53,676483c4-d8b4-4f5a-9028-55fb41d8bf10,c2,DROP,1015,e12,?,
1769471210.5365527,RECEIVED,84c31c91-a928-4ac4-ae36-31a6dc9ca56a,918479c3-45a0-4d14-85d1-3d104713e6d8,c2,c4,1771,e1,?,
1769471210.545536,SENT,f76ffac1-191e-41d7-b936-6a53848de3b5,9c0ae9bf-d45b-4a89-a58f-348f568b273f,c4,None,1125,?,x11,
1769471210.5455797,FORWARDED,f76ffac1-191e-41d7-b936-6a53848de3b5,9c0ae9bf-d45b-4a89-a58f-348f568b273f,c4,None,1125,?,x11,
1769471210.6101434,RECEIVED,542ebe9c-f4d4-4b86-94dd-2e18d1a15a7e,5b0d7336-470b-43c2-9e73-223d1b4e6ea2,c1,DROP,1010,e6,?,
1769471210.6499379,RECEIVED,15e4c124-9578-40ca-93ed-e7db4794e604,16852d4f-17a6-4589-96a8-d8bc53ffb00d,c3,DROP,1009,e7,?,
1769471210.714429,SENT,055c8ebb-f941-43b9-ac74-2d4e54c64501,e95700ec-7122-4759-a83b-83bbded95107,c2,DROP,687,?,x2,
1769471210.7144737,FORWARDED,055c8ebb-f941-43b9-ac74-2d4e54c64501,e95700ec-7122-4759-a83b-83bbded95107,c2,DROP,687,?,x2,
1769471210.7952826,RECEIVED,0561d332-2210-4400-8ac4-b804e05456b4,b02c7c40-92c7-40dc-9927-3fad08c1d371,c5,DROP,1008,e3,?,
1769471210.8106885,RECEIVED,6af8e440-3d01-450b-939a-d7a6b17d07d4,e788a46a-d3b7-4806-ab94-0d1292f4c242,c3,DROP,1007,e11,?,
1769471210.8771062,RECEIVED,32e4d253-7376-41e8-9af3-5f1740fa0321,3442f01f-eb84-4914-81e4-063623f642f2,c3,DROP,441,x4,?,
1769471210.971912,SENT,15e4c124-9578-40ca-93ed-e7db4794e604,16852d4f-17a6-4589-96a8-d8bc53ffb00d,c3,DROP,684,?,x11,
1769471210.9721344,FORWARDED,15e4c124-9578-40ca-93ed-e7db4794e604,16852d4f-17a6-4589-96a8-d8bc53ffb00d,c3,DROP,684,?,x11,
1769471211.0176854,SENT,0561d332-2210-4400-8ac4-b804e05456b4,b02c7c40-92c7-40dc-9927-3fad08c1d371,c5,DROP,684,?,x2,
1769471211.0177274,FORWARDED,0561d332-2210-4400-8ac4-b804e05456b4,b02c7c40-92c7-40dc-9927-3fad08c1d371,c5,DROP,684,?,x2,
1769471211.2166514,SENT,542ebe9c-f4d4-4b86-94dd-2e18d1a15a7e,5b0d7336-470b-43c2-9e73-223d1b4e6ea2,c1,DROP,685,?,x4,
1769471211.2166924,FORWARDED,542ebe9c-f4d4-4b86-94dd-2e18d1a15a7e,5b0d7336-470b-43c2-9e73-223d1b4e6ea2,c1,DROP,685,?,x4,
1769471211.2877905,SENT,6af8e440-3d01-450b-939a-d7a6b17d07d4,e788a46a-d3b7-4806-ab94-0d1292f4c242,c3,DROP,683,?,x4,
1769471211.2878344,FORWARDED,6af8e440-3d01-450b-939a-d7a6b17d07d4,e788a46a-d3b7-4806-ab94-0d1292f4c242,c3,DROP,683,?,x4,
1769471211.3345082,RECEIVED,e3b922c3-4a03-4285-90bf-9b2ae4f10938,c8fd1d3c-0dee-4d73-8dd1-2654dc6b0928,c5,DROP,1009,e12,?,
1769471211.422247,RECEIVED,66b37a4c-e5ee-4cde-b88c-38524ac45e66,ee2f661f-7776-49e6-ae79-b424d739c2b6,c3,DROP,441,x9,?,
1769471211.5537794,SENT,49b33cc4-872d-4f66-b3d4-0c1d595a4d6e,fc6c1bda-2882-4e2b-b748-bcec37216050,c1,c3,1260,?,x2,
1769471211.5538194,FORWARDED,49b33cc4-872d-4f66-b3d4-0c1d595a4d6e,fc6c1bda-2882-4e2b-b748-bcec37216050,c1,c3,1260,?,x2,
1769471211.6389556,RECEIVED,9d410f98-7c57-45b7-be2a-3e498d6e240e,31878470-ef8b-493c-892b-720bb9b6ef72,c1,DROP,1011,e12,?,
1769471211.7384322,SENT,8edce964-b634-4137-b548-2b5d33cbbc53,676483c4-d8b4-4f5a-9028-55fb41d8bf10,c2,DROP,688,?,x3,
1769471211.738475,FORWARDED,8edce964-b634-4137-b548-2b5d33cbbc53,676483c4-d8b4-4f5a-9028-55fb41d8bf10,c2,DROP,688,?,x3,
1769471211.8098478,SENT,e3b922c3-4a03-4285-90bf-9b2ae4f10938,c8fd1d3c-0dee-4d73-8dd1-2654dc6b0928,c5,DROP,684,?,x10,
1769471211.8098905,FORWARDED,e3b922c3-4a03-4285-90bf-9b2ae4f10938,c8fd1d3c-0dee-4d73-8dd1-2654dc6b0928,c5,DROP,684,?,x10,
1769471212.0987382,RECEIVED,02f8b15e-0cf3-4e4c-869e-3f42b7c87faa,15e059c7-072a-42a2-8b90-929d8a4e0464,c1,DROP,1011,e3,?,
1769471212.1403563,RECEIVED,fc3866ac-458a-4d37-9f1f-65c801eb3b7b,13779835-da92-411f-a974-01b3923195ed,c5,DROP,1017,e8,?,
1769471212.2911017,SENT,9d410f98-7c57-45b7-be2a-3e498d6e240e,31878470-ef8b-493c-892b-720bb9b6ef72,c1,DROP,686,?,x7,
1769471212.2911425,FORWARDED,9d410f98-7c57-45b7-be2a-3e498d6e240e,31878470-ef8b-493c-892b-720bb9b6ef72,c1,DROP,686,?,x7,
1769471212.4424984,SENT,84c31c91-a928-4ac4-ae36-31a6dc9ca56a,918479c3-45a0-4d14-85d1-3d104713e6d8,c2,c4,1255,?,x9,
1769471212.4425418,FORWARDED,84c31c91-a928-4ac4-ae36-31a6dc9ca56a,918479c3-45a0-4d14-85d1-3d104713e6d8,c2,c4,1255,?,x9,
1769471212.4538212,SENT,02f8b15e-0cf3-4e4c-869e-3f42b7c87faa,15e059c7-072a-42a2-8b90-929d8a4e0464,c1,DROP,685,?,x6,
1769471212.4538631,FORWARDED,02f8b15e-0cf3-4e4c-869e-3f42b7c87faa,15e059c7-072a-42a2-8b90-929d8a4e0464,c1,DROP,685,?,x6,
1769471212.49923,SENT,fc3866ac-458a-4d37-9f1f-65c801eb3b7b,13779835-da92-411f-a974-01b3923195ed,c5,DROP,688,?,x11,
1769471212.499426,FORWARDED,fc3866ac-458a-4d37-9f1f-65c801eb3b7b,13779835-da92-411f-a974-01b3923195ed,c5,DROP,688,?,x11,
1769471212.5804424,RECEIVED,a54b388a-1ab4-4975-8bcf-35b4d53a480f,ab56cd1d-4dfa-422b-893f-2a375acfad54,c1,None,1601,e5,?,
1769471212.6209812,SENT,a54b388a-1ab4-4975-8bcf-35b4d53a480f,ab56cd1d-4dfa-422b-893f-2a375acfad54,c1,None,1128,?,x8,
1769471212.6210353,FORWARDED,a54b388a-1ab4-4975-8bcf-35b4d53a480f,ab56cd1d-4dfa-422b-893f-2a375acfad54,c1,None,1128,?,x8,
1769471212.6672244,RECEIVED,5b582f62-9d4f-4b0f-9a13-89317fda9e2e,72a534ce-06da-493b-87f5-26ec1b761cac,c4,DROP,1007,e6,?,
1769471212.9425557,RECEIVED,cd88945a-ab21-41de-8115-bc70782c5566,f175029a-c4d5-4b16-af7c-e4dbb2b9fa5c,c2,c4,1776,e1,?,
1769471213.0211732,RECEIVED,c05a8224-aa34-4d7a-92af-50eac66d5b0d,e224278e-00ca-43bb-8176-2ac56e065e16,c2,DROP,1020,e11,?,
1769471213.143891,SENT,cd88945a-ab21-41de-8115-bc70782c5566,f175029a-c4d5-4b16-af7c-e4dbb2b9fa5c,c2,c4,1259,?,x4,
1769471213.143955,FORWARDED,cd88945a-ab21-41de-8115-bc70782c5566,f175029a-c4d5-4b16-af7c-e4dbb2b9fa5c,c2,c4,1259,?,x4,
1769471213.1653702,SENT,c05a8224-aa34-4d7a-92af-50eac66d5b0d,e224278e-00ca-43bb-8176-2ac56e065e16,c2,DROP,693,?,x9,
1769471213.165411,FORWARDED,c05a8224-aa34-4d7a-92af-50eac66d5b0d,e224278e-00ca-43bb-8176-2ac56e065e16,c2,DROP,693,?,x9,
1769471213.3454263,SENT,5b582f62-9d4f-4b0f-9a13-89317fda9e2e,72a534ce-06da-493b-87f5-26ec1b761cac,c4,DROP,683,?,x3,
1769471213.345462,FORWARDED,5b582f62-9d4f-4b0f-9a13-89317fda9e2e,72a534ce-06da-493b-87f5-26ec1b761cac,c4,DROP,683,?,x3,
1769471213.391083,RECEIVED,3c60d2b5-194b-49ea-9f13-106731111529,b97b9847-8c3c-4bdd-92dd-3d1410237fbe,c5,DROP,1020,e5,?,
1769471213.4093134,RECEIVED,81ddb9aa-77b4-4ad7-9893-d8e314849a41,4bd88de0-9432-4067-bf88-09f91e27b2c4,c1,DROP,1007,e1,?,
1769471213.622537,RECEIVED,cb7e5ecc-0d41-411b-a224-edd5a4e07bff,f8db6067-3c67-4b11-86f5-8e9af094ed13,c3,DROP,1008,e6,?,
1769471213.8263423,SENT,81ddb9aa-77b4-4ad7-9893-d8e314849a41,4bd88de0-9432-4067-bf88-09f91e27b2c4,c1,DROP,684,?,x7,
1769471213.8263848,FORWARDED,81ddb9aa-77b4-4ad7-9893-d8e314849a41,4bd88de0-9432-4067-bf88-09f91e27b2c4,c1,DROP,684,?,x7,
1769471213.839903,RECEIVED,bf3b39c0-adb6-486e-8317-8906204a7668,ecd2717e-5c80-4cf7-b282-65c18de2eaed,c2,DROP,1016,e2,?,
1769471213.9855475,RECEIVED,d1315f1b-b25b-4a7e-abfc-ec82d50e3d22,77964668-f5ed-4be2-bc45-b24dcb0693b3,c4,None,1604,e10,?,
1769471214.0235326,RECEIVED,1a828f4f-591f-4172-839c-1ce02ccace91,48dcd80c-9bc8-46bc-bac1-3978a001392f,c4,DROP,1007,e5,?,
1769471214.0244913,RECEIVED,7dedbfe1-aed8-4d80-b9c3-ca2469af14a0,35a82738-f60d-4e64-b12d-eb30d7db4741,c2,DROP,1010,e3,?,
1769471214.0418177,SENT,7dedbfe1-aed8-4d80-b9c3-ca2469af14a0,35a82738-f60d-4e64-b12d-eb30d7db4741,c2,DROP,683,?,x11,
1769471214.0418606,FORWARDED,7dedbfe1-aed8-4d80-b9c3-ca2469af14a0,35a82738-f60d-4e64-b12d-eb30d7db4741,c2,DROP,683,?,x11,
1769471214.0541818,SENT,d1315f1b-b25b-4a7e-abfc-ec82d50e3d22,77964668-f5ed-4be2-bc45-b24dcb0693b3,c4,None,1129,?,x7,
1769471214.0542235,FORWARDED,d1315f1b-b25b-4a7e-abfc-ec82d50e3d22,77964668-f5ed-4be2-bc45-b24dcb0693b3,c4,None,1129,?,x7,
1769471214.0714333,RECEIVED,e707b396-5819-4fd5-a809-9878d6d43276,09bb7b6d-bb85-4b13-9918-da863ebcc6c8,c5,DROP,1017,e2,?,
1769471214.0993495,RECEIVED,805c36bb-03c4-4a1f-ab93-c092222b6f60,d42f2baf-fe23-4439-b2e9-0beefc1814d4,c4,DROP,441,x5,?,
1769471214.1329181,SENT,e707b396-5819-4fd5-a809-9878d6d43276,09bb7b6d-bb85-4b13-9918-da863ebcc6c8,c5,DROP,690,?,x8,
1769471214.1329608,FORWARDED,e707b396-5819-4fd5-a809-9878d6d43276,09bb7b6d-bb85-4b13-9918-da863ebcc6c8,c5,DROP,690,?,x8,
1769471214.1346872,SENT,bf3b39c0-adb6-486e-8317-8906204a7668,ecd2717e-5c80-4cf7-b282-65c18de2eaed,c2,DROP,689,?,x2,
1769471214.134725,FORWARDED,bf3b39c0-adb6-486e-8317-8906204a7668,ecd2717e-5c80-4cf7-b282-65c18de2eaed,c2,DROP,689,?,x2,
1769471214.1819475,SENT,3c60d2b5-194b-49ea-9f13-106731111529,b97b9847-8c3c-4bdd-92dd-3d1410237fbe,c5,DROP,693,?,x11,
1769471214.1819897,FORWARDED,3c60d2b5-194b-49ea-9f13-106731111529,b97b9847-8c3c-4bdd-92dd-3d1410237fbe,c5,DROP,693,?,x11,
1769471214.2788606,SENT,cb7e5ecc-0d41-411b-a224-edd5a4e07bff,f8db6067-3c67-4b11-86f5-8e9af094ed13,c3,DROP,683,?,x12,
1769471214.2788997,FORWARDED,cb7e5ecc-0d41-411b-a224-edd5a4e07bff,f8db6067-3c67-4b11-86f5-8e9af094ed13,c3,DROP,683,?,x12,
1769471214.4578555,RECEIVED,4eeaa59c-530e-4ab4-a5ef-350c81e672a4,4cd560d5-da7c-41b7-9439-c4cd802a04f3,c2,DROP,1016,e2,?,
1769471214.492431,SENT,4eeaa59c-530e-4ab4-a5ef-350c81e672a4,4cd560d5-da7c-41b7-9439-c4cd802a04f3,c2,DROP,689,?,x4,
1769471214.4924722,FORWARDED,4eeaa59c-530e-4ab4-a5ef-350c81e672a4,4cd560d5-da7c-41b7-9439-c4cd802a04f3,c2,DROP,689,?,x4,
1769471214.579277,RECEIVED,a2eb54a2-9ad5-4093-a439-419054252339,c7ccef0e-4cbe-47da-aa57-a1d3915338c0,c3,None,1600,e2,?,
1769471214.6379561,RECEIVED,7863fd0c-7e25-441a-aa75-de1352ea7b3d,9c645486-64ee-4c17-9c46-54c36abfef8a,c3,c1,1764,e4,?,
1769471214.6494648,SENT,a2eb54a2-9ad5-4093-a439-419054252339,c7ccef0e-4cbe-47da-aa57-a1d3915338c0,c3,None,1127,?,x1,
1769471214.6495063,FORWARDED,a2eb54a2-9ad5-4093-a439-419054252339,c7ccef0e-4cbe-47da-aa57-a1d3915338c0,c3,None,1127,?,x1,
1769471214.66283,RECEIVED,84e0998c-be7c-4727-9467-84c253a7e34b,639600d5-410a-4286-ae02-2e46bd8802ff,c4,None,1595,e3,?,
1769471214.6735752,SENT,7863fd0c-7e25-441a-aa75-de1352ea7b3d,9c645486-64ee-4c17-9c46-54c36abfef8a,c3,c1,1251,?,x4,
1769471214.6736155,FORWARDED,7863fd0c-7e25-441a-aa75-de1352ea7b3d,9c645486-64ee-4c17-9c46-54c36abfef8a,c3,c1,1251,?,x4,
1769471214.7084727,RECEIVED,ce5b3eff-5bb2-4782-a2d8-bf7bf9762921,da63301e-cdee-4c95-a954-9ebd679715da,c2,DROP,1008,e7,?,
1769471214.7905111,RECEIVED,53d97492-7dfb-4bb4-8915-c3913ba85024,ccf5f712-5997-430b-a5c3-eb4622792204,c2,DROP,1009,e8,?,
1769471214.875946,SENT,53d97492-7dfb-4bb4-8915-c3913ba85024,ccf5f712-5997-430b-a5c3-eb4622792204,c2,DROP,683,?,x12,
1769471214.8759885,FORWARDED,53d97492-7dfb-4bb4-8915-c3913ba85024,ccf5f712-5997-430b-a5c3-eb4622792204,c2,DROP,683,?,x12,
1769471214.9281416,RECEIVED,fcc2fee7-b507-4f5e-b012-d5120f32b3f6,47dfeb4d-b645-44f3-8938-e6db25f901ce,c2,DROP,445,x12,?,
1769471214.9362817,RECEIVED,cbb18ed2-8eff-414b-9bfd-eff4e3ebeca0,d0eb65d1-25e0-47a4-a4f9-8a0bed42701f,c3,DROP,1009,e11,?,
1769471215.0467532,SENT,cbb18ed2-8eff-414b-9bfd-eff4e3ebeca0,d0eb65d1-25e0-47a4-a4f9-8a0bed42701f,c3,DROP,683,?,x11,
1769471215.0467932,FORWARDED,cbb18ed2-8eff-414b-9bfd-eff4e3ebeca0,d0eb65d1-25e0-47a4-a4f9-8a0bed42701f,c3,DROP,683,?,x11,
1769471215.1029458,SENT,84e0998c-be7c-4727-9467-84c253a7e34b,639600d5-410a-4286-ae02-2e46bd8802ff,c4,None,1124,?,x2,
1769471215.102987,FORWARDED,84e0998c-be7c-4727-9467-84c253a7e34b,639600d5-410a-4286-ae02-2e46bd8802ff,c4,None,1124,?,x2,
1769471215.2450056,SENT,ce5b3eff-5bb2-4782-a2d8-bf7bf9762921,da63301e-cdee-4c95-a954-9ebd679715da,c2,DROP,684,?,x12,
1769471215.245044,FORWARDED,ce5b3eff-5bb2-4782-a2d8-bf7bf9762921,da63301e-cdee-4c95-a954-9ebd679715da,c2,DROP,684,?,x12,
1769471215.585232,RECEIVED,43d94743-5415-48b3-9ff1-c913d5ed0c97,106dc381-b5bc-4c5f-8df3-09e544c273ca,c1,DROP,1016,e7,?,
1769471215.6868162,SENT,43d94743-5415-48b3-9ff1-c913d5ed0c97,106dc381-b5bc-4c5f-8df3-09e544c273ca,c1,DROP,689,?,x3,
1769471215.6868644,FORWARDED,43d94743-5415-48b3-9ff1-c913d5ed0c97,106dc381-b5bc-4c5f-8df3-09e544c273ca,c1,DROP,689,?,x3,
1769471215.7146819,SENT,1a828f4f-591f-4172-839c-1ce02ccace91,48dcd80c-9bc8-46bc-bac1-3978a001392f,c4,DROP,684,?,x3,
1769471215.714725,FORWARDED,1a828f4f-591f-4172-839c-1ce02ccace91,48dcd80c-9bc8-46bc-bac1-3978a001392f,c4,DROP,684,?,x3,
1769471216.030657,RECEIVED,20da93cd-874e-44d7-8ea8-7df772753813,78a5ac2f-7596-4183-aede-dfd1d64bf08e,c2,DROP,1009,e2,?,
1769471216.0311828,RECEIVED,c0159994-c6c9-42dd-8083-6b22e93ec425,437908e3-255f-4827-8ad7-fac1f1398620,c2,DROP,1016,e10,?,
1769471216.0727606,SENT,c0159994-c6c9-42dd-8083-6b22e93ec425,437908e3-255f-4827-8ad7-fac1f1398620,c2,DROP,690,?,x3,
1769471216.0728028,FORWARDED,c0159994-c6c9-42dd-8083-6b22e93ec425,437908e3-255f-4827-8ad7-fac1f1398620,c2,DROP,690,?,x3,
1769471216.2234418,RECEIVED,116fabc6-8402-4d6f-96ef-c50521e88cea,2151e8b2-1185-498c-b4fd-1a647244a0bc,c5,DROP,441,x7,?,
1769471216.510561,RECEIVED,1a85e926-fd83-475f-83f3-0a2e4aed9e6a,62272ba8-ac8a-40f0-a3d6-c368b60da1b3,c4,c3,1785,e2,?,
1769471216.5227334,RECEIVED,c7c161cc-70fd-41c2-8a7e-9d557d9eeccb,b70114c5-09fc-4b8a-a3c6-dc106fdadcf2,c5,DROP,1007,e1,?,
1769471216.5282342,SENT,20da93cd-874e-44d7-8ea8-7df772753813,78a5ac2f-7596-4183-aede-dfd1d64bf08e,c2,DROP,683,?,x11,
1769471216.5282767,FORWARDED,20da93cd-874e-44d7-8ea8-7df772753813,78a5ac2f-7596-4183-aede-dfd1d64bf08e,c2,DROP,683,?,x11,
1769471216.56735,SENT,1a85e926-fd83-475f-83f3-0a2e4aed9e6a,62272ba8-ac8a-40f0-a3d6-c368b60da1b3,c4,c3,1264,?,x10,
1769471216.5673912,FORWARDED,1a85e926-fd83-475f-83f3-0a2e4aed9e6a,62272ba8-ac8a-40f0-a3d6-c368b60da1b3,c4,c3,1264,?,x10,
1769471216.6038938,RECEIVED,9d663a47-4547-4e50-9f01-3e32aae56528,ac5aa767-8db8-43dd-9695-fefc153f5784,c4,c3,1776,e3,?,
1769471216.6715107,SENT,9d663a47-4547-4e50-9f01-3e32aae56528,ac5aa767-8db8-43dd-9695-fefc153f5784,c4,c3,1260,?,x8,
1769471216.671547,FORWARDED,9d663a47-4547-4e50-9f01-3e32aae56528,ac5aa767-8db8-43dd-9695-fefc153f5784,c4,c3,1260,?,x8,
1769471216.6775627,RECEIVED,4d3da7a1-2df0-44e8-b76d-5e378f82ae9d,096766e7-836b-48c1-a7c3-f433f03d5b89,c2,c4,1768,e7,?,
1769471216.920512,RECEIVED,8ee724b7-b4d5-4dcb-9337-8a34fce6f661,000b0048-ff6d-4c9b-8f5e-b901aed7554a,c4,DROP,1011,e8,?,
1769471216.9639034,SENT,4d3da7a1-2df0-44e8-b76d-5e378f82ae9d,096766e7-836b-48c1-a7c3-f433f03d5b89,c2,c4,1252,?,x3,
1769471216.9639442,FORWARDED,4d3da7a1-2df0-44e8-b76d-5e378f82ae9d,096766e7-836b-48c1-a7c3-f433f03d5b89,c2,c4,1252,?,x3,
1769471217.0750804,RECEIVED,d7cb5c1e-1419-4453-8b09-e490897f5f19,4f7a22e6-fee4-4bb1-a1c0-7fb35da87370,c2,c4,1767,e8,?,
1769471217.2059693,RECEIVED,63aa339c-add3-41d0-bde6-be438248f967,cd8c7dbe-dcd4-460a-8f11-c159d9a19ba4,c3,None,1604,e9,?,
1769471217.3526378,RECEIVED,56880dbc-f998-4519-802c-f14f481730a3,6b1e2ecb-d7d4-4746-bced-aeb027c89c2a,c4,DROP,1009,e9,?,
1769471217.4728475,SENT,63aa339c-add3-41d0-bde6-be438248f967,cd8c7dbe-dcd4-460a-8f11-c159d9a19ba4,c3,None,1131,?,x9,
1769471217.4728894,FORWARDED,63aa339c-add3-41d0-bde6-be438248f967,cd8c7dbe-dcd4-460a-8f11-c159d9a19ba4,c3,None,1131,?,x9,
1769471217.5338724,RECEIVED,04c152f9-034e-4e0d-81fa-e0ab9b1460ab,0649b818-6b19-4f25-9064-58d385c2dca2,c4,DROP,1007,e5,?,
1769471217.6288345,SENT,c7c161cc-70fd-41c2-8a7e-9d557d9eeccb,b70114c5-09fc-4b8a-a3c6-dc106fdadcf2,c5,DROP,684,?,x2,
1769471217.6288755,FORWARDED,c7c161cc-70fd-41c2-8a7e-9d557d9eeccb,b70114c5-09fc-4b8a-a3c6-dc106fdadcf2,c5,DROP,684,?,x2,
1769471217.6390133,SENT,d7cb5c1e-1419-4453-8b09-e490897f5f19,4f7a22e6-fee4-4bb1-a1c0-7fb35da87370,c2,c4,1252,?,x1,
1769471217.6390724,FORWARDED,d7cb5c1e-1419-4453-8b09-e490897f5f19,4f7a22e6-fee4-4bb1-a1c0-7fb35da87370,c2,c4,1252,?,x1,
1769471217.8084557,RECEIVED,c0a2b3cc-5a37-407b-8151-575b2e50e383,d37ab0b5-30bb-4e49-b903-b61701af8ef7,c3,DROP,1013,e6,?,
1769471217.8424585,SENT,56880dbc-f998-4519-802c-f14f481730a3,6b1e2ecb-d7d4-4746-bced-aeb027c89c2a,c4,DROP,684,?,x11,
1769471217.8424978,FORWARDED,56880dbc-f998-4519-802c-f14f481730a3,6b1e2ecb-d7d4-4746-bced-aeb027c89c2a,c4,DROP,684,?,x11,
1769471217.8681638,SENT,c0a2b3cc-5a37-407b-8151-575b2e50e383,d37ab0b5-30bb-4e49-b903-b61701af8ef7,c3,DROP,687,?,x5,
1769471217.8682055,FORWARDED,c0a2b3cc-5a37-407b-8151-575b2e50e383,d37ab0b5-30bb-4e49-b903-b61701af8ef7,c3,DROP,687,?,x5,
1769471217.958721,RECEIVED,bb89ea17-11c7-42c9-90ea-cd0fbc5f5d6d,618e961b-4d2b-448b-8c22-d01f32707e1e,c3,DROP,1008,e9,?,
1769471218.0501015,SENT,8ee724b7-b4d5-4dcb-9337-8a34fce6f661,000b0048-ff6d-4c9b-8f5e-b901aed7554a,c4,DROP,687,?,x2,
1769471218.0501425,FORWARDED,8ee724b7-b4d5-4dcb-9337-8a34fce6f661,000b0048-ff6d-4c9b-8f5e-b901aed7554a,c4,DROP,687,?,x2,
1769471218.1243732,SENT,04c152f9-034e-4e0d-81fa-e0ab9b1460ab,0649b818-6b19-4f25-9064-58d385c2dca2,c4,DROP,684,?,x2,
1769471218.1244152,FORWARDED,04c152f9-034e-4e0d-81fa-e0ab9b1460ab,0649b818-6b19-4f25-9064-58d385c2dca2,c4,DROP,684,?,x2,
1769471218.1290648,RECEIVED,482cd963-58ad-4055-98a0-90b948c9162e,81e451a0-4eb2-445e-9c69-8e717a077288,c1,None,1606,e8,?,
1769471218.1808975,RECEIVED,2426d138-7832-4b84-b56b-01b2ad688d96,09cd6b67-d549-431b-80b8-0957a6abcfe4,c5,DROP,1016,e2,?,
1769471218.2111824,RECEIVED,1cf620e4-a65f-4c82-b4ff-3be80dee38d6,2d95e7f0-d49e-4120-a57f-291b2df8c530,c3,None,1596,e6,?,
1769471218.2267945,SENT,482cd963-58ad-4055-98a0-90b948c9162e,81e451a0-4eb2-445e-9c69-8e717a077288,c1,None,1131,?,x12,
1769471218.226839,FORWARDED,482cd963-58ad-4055-98a0-90b948c9162e,81e451a0-4eb2-445e-9c69-8e717a077288,c1,None,1131,?,x12,
1769471218.2377486,RECEIVED,d4ac656c-c853-48b8-8045-60fbbbba1460,54a98a34-a702-427f-a799-bf44e3214bbe,c3,DROP,1003,e4,?,
1769471218.3429804,SENT,bb89ea17-11c7-42c9-90ea-cd0fbc5f5d6d,618e961b-4d2b-448b-8c22-d01f32707e1e,c3,DROP,684,?,x11,
1769471218.343021,FORWARDED,bb89ea17-11c7-42c9-90ea-cd0fbc5f5d6d,618e961b-4d2b-448b-8c22-d01f32707e1e,c3,DROP,684,?,x11,
1769471218.409883,RECEIVED,0a6a426c-71ed-48e6-ac20-bf5a93004966,ee923e9f-1728-463c-9f46-b6f0f8ae93d7,c3,None,1601,e12,?,
1769471218.440172,SENT,d4ac656c-c853-48b8-8045-60fbbbba1460,54a98a34-a702-427f-a799-bf44e3214bbe,c3,DROP,679,?,x3,
1769471218.4402146,FORWARDED,d4ac656c-c853-48b8-8045-60fbbbba1460,54a98a34-a702-427f-a799-bf44e3214bbe,c3,DROP,679,?,x3,
1769471218.452473,RECEIVED,57061cff-5112-4f05-89db-1942eda1b973,5d9c331e-5b02-403d-8c78-e6a8d0931866,c1,DROP,1007,e12,?,
1769471218.4810047,RECEIVED,f620ac69-b187-4cbc-ad36-ad299bcee285,2a1539eb-a6db-4eca-8fdf-54aac91286a5,c3,DROP,1020,e3,?,
1769471218.5265298,SENT,0a6a426c-71ed-48e6-ac20-bf5a93004966,ee923e9f-1728-463c-9f46-b6f0f8ae93d7,c3,None,1128,?,x11,
1769471218.526635,FORWARDED,0a6a426c-71ed-48e6-ac20-bf5a93004966,ee923e9f-1728-463c-9f46-b6f0f8ae93d7,c3,None,1128,?,x11,
1769471218.5382333,SENT,1cf620e4-a65f-4c82-b4ff-3be80dee38d6,2d95e7f0-d49e-4120-a57f-291b2df8c530,c3,None,1124,?,x8,
1769471218.5382707,FORWARDED,1cf620e4-a65f-4c82-b4ff-3be80dee38d6,2d95e7f0-d49e-4120-a57f-291b2df8c530,c3,None,1124,?,x8,
1769471218.556733,RECEIVED,8b0d6b64-f3c9-4030-825c-548b7d9b109b,87837d0f-30e7-4e73-a029-8b5bd4b71512,c5,DROP,1008,e12,?,
1769471218.5947666,RECEIVED,96d4cede-5f80-4ec3-9b9c-963bd6bedd61,1a3462ca-5606-4888-9574-4e9b68ea58c1,c3,DROP,1016,e10,?,
1769471218.604965,RECEIVED,3fb7ea48-3d6f-4517-85a1-37139498a017,9c068009-edad-40c6-b1b8-15b9a5de38e7,c5,c1,1784,e8,?,
1769471218.6660395,SENT,96d4cede-5f80-4ec3-9b9c-963bd6bedd61,1a3462ca-5606-4888-9574-4e9b68ea58c1,c3,DROP,688,?,x7,
1769471218.6660936,FORWARDED,96d4cede-5f80-4ec3-9b9c-963bd6bedd61,1a3462ca-5606-4888-9574-4e9b68ea58c1,c3,DROP,688,?,x7,
1769471218.7022154,SENT,3fb7ea48-3d6f-4517-85a1-37139498a017,9c068009-edad-40c6-b1b8-15b9a5de38e7,c5,c1,1264,?,x1,
1769471218.702257,FORWARDED,3fb7ea48-3d6f-4517-85a1-37139498a017,9c068009-edad-40c6-b1b8-15b9a5de38e7,c5,c1,1264,?,x1,
1769471218.7338665,RECEIVED,26691af6-fdd8-4c25-8970-bf066f74e989,bacb298c-ec43-4e1a-9d57-40e097206d62,c4,DROP,1015,e2,?,
1769471218.7758453,RECEIVED,6bf4d600-b5de-475f-b72c-365ed85ec080,89717169-4152-447e-9f24-feb7bf9f6434,c2,DROP,1007,e7,?,
1769471218.787837,RECEIVED,0cff669b-d719-4f52-9e2c-54eaea225f41,6627065a-3322-46f4-971a-e0a5c9171b18,c3,c1,1760,e11,?,
1769471218.8254826,SENT,57061cff-5112-4f05-89db-1942eda1b973,5d9c331e-5b02-403d-8c78-e6a8d0931866,c1,DROP,683,?,x12,
1769471218.8255248,FORWARDED,57061cff-5112-4f05-89db-1942eda1b973,5d9c331e-5b02-403d-8c78-e6a8d0931866,c1,DROP,683,?,x12,
1769471218.8621168,SENT,26691af6-fdd8-4c25-8970-bf066f74e989,bacb298c-ec43-4e1a-9d57-40e097206d62,c4,DROP,688,?,x2,
1769471218.8621578,FORWARDED,26691af6-fdd8-4c25-8970-bf066f74e989,bacb298c-ec43-4e1a-9d57-40e097206d62,c4,DROP,688,?,x2,
1769471218.8748386,SENT,2426d138-7832-4b84-b56b-01b2ad688d96,09cd6b67-d549-431b-80b8-0957a6abcfe4,c5,DROP,688,?,x11,
1769471218.874881,FORWARDED,2426d138-7832-4b84-b56b-01b2ad688d96,09cd6b67-d549-431b-80b8-0957a6abcfe4,c5,DROP,688,?,x11,
1769471218.964475,RECEIVED,573cc384-b39c-43a2-acc9-9368e38433c2,60f2a4ff-5895-475a-8f1d-30100209deb4,c4,None,1595,e5,?,
1769471219.093938,RECEIVED,06d20a1c-8099-4153-bf51-b1e582223e03,2522e686-c8a9-46a0-a5d4-b00759c5bc73,c5,c1,1784,e9,?,
1769471219.1069396,SENT,f620ac69-b187-4cbc-ad36-ad299bcee285,2a1539eb-a6db-4eca-8fdf-54aac91286a5,c3,DROP,692,?,x11,
1769471219.1069813,FORWARDED,f620ac69-b187-4cbc-ad36-ad299bcee285,2a1539eb-a6db-4eca-8fdf-54aac91286a5,c3,DROP,692,?,x11,
1769471219.1803243,SENT,0cff669b-d719-4f52-9e2c-54eaea225f41,6627065a-3322-46f4-971a-e0a5c9171b18,c3,c1,1247,?,x3,
1769471219.1803653,FORWARDED,0cff669b-d719-4f52-9e2c-54eaea225f41,6627065a-3322-46f4-971a-e0a5c9171b18,c3,c1,1247,?,x3,
1769471219.2907372,RECEIVED,a0fd20a0-0824-43e9-975d-91fa1d979981,6a9fc47f-b8fb-499b-a68b-c3de1fb3f5d1,c3,None,1608,e4,?,
1769471219.304267,SENT,06d20a1c-8099-4153-bf51-b1e582223e03,2522e686-c8a9-46a0-a5d4-b00759c5bc73,c5,c1,1265,?,x12,
1769471219.3043098,FORWARDED,06d20a1c-8099-4153-bf51-b1e582223e03,2522e686-c8a9-46a0-a5d4-b00759c5bc73,c5,c1,1265,?,x12,
1769471219.330918,SENT,573cc384-b39c-43a2-acc9-9368e38433c2,60f2a4ff-5895-475a-8f1d-30100209deb4,c4,None,1123,?,x6,
1769471219.3309586,FORWARDED,573cc384-b39c-43a2-acc9-9368e38433c2,60f2a4ff-5895-475a-8f1d-30100209deb4,c4,None,1123,?,x6,
1769471219.3350928,RECEIVED,ed89fcfb-abe1-4272-93b3-7169f83d8eef,2f7b673a-bd10-4a01-82c4-54d3116e6cb2,c3,DROP,1008,e8,?,
1769471219.4533587,RECEIVED,8461c709-c469-4f93-9c6c-68b3b4f60491,c90c3495-fd25-495d-b5d9-a7b60ede9867,c1,None,1595,e6,?,
1769471219.5053334,SENT,8b0d6b64-f3c9-4030-825c-548b7d9b109b,87837d0f-30e7-4e73-a029-8b5bd4b71512,c5,DROP,683,?,x12,
1769471219.5053673,FORWARDED,8b0d6b64-f3c9-4030-825c-548b7d9b109b,87837d0f-30e7-4e73-a029-8b5bd4b71512,c5,DROP,683,?,x12,
1769471219.6294434,RECEIVED,25bfdfcf-6207-499d-aa5e-20e5beddcc67,66082a41-23f1-4d5c-ae07-b32ffadea042,c5,DROP,1008,e2,?,
1769471219.78155,RECEIVED,bcdede1b-1644-4fe1-ab79-b3bd7755939e,01a025ed-5b54-4401-809e-1bd015720bc6,c1,DROP,1015,e5,?,
1769471219.867445,RECEIVED,fd2a180f-4069-41da-8c38-c29716b211fc,46b43768-45fa-4437-a32e-560c254e8fec,c1,DROP,1015,e9,?,
1769471219.9118466,RECEIVED,ba09c4c7-0f15-4591-bce3-7cd7e0bf8af7,2196639d-0c7f-43c5-81ce-87ad70f63f70,c3,DROP,1007,e6,?,
1769471219.9341655,RECEIVED,0bb72f78-5b67-48b2-ae7f-9213ff4413ef,c2df3861-0dc6-43d2-aaf8-bdc896cbcbcc,c5,c1,1776,e5,?,
1769471219.9385824,RECEIVED,d87a32ca-888e-46fb-966d-6ff0dfe27a74,366a57cd-d57f-43d3-b9ee-541bd2bfd8a9,c4,None,1612,e8,?,
1769471220.008899,SENT,0bb72f78-5b67-48b2-ae7f-9213ff4413ef,c2df3861-0dc6-43d2-aaf8-bdc896cbcbcc,c5,c1,1259,?,x5,
1769471220.0089378,FORWARDED,0bb72f78-5b67-48b2-ae7f-9213ff4413ef,c2df3861-0dc6-43d2-aaf8-bdc896cbcbcc,c5,c1,1259,?,x5,
1769471220.0349512,RECEIVED,04746daf-94a1-48a0-b6a8-b1d14783948b,7bb17ad8-cf0e-447b-984e-b0b6b3cc0469,c5,DROP,1009,e1,?,
1769471220.096579,SENT,ed89fcfb-abe1-4272-93b3-7169f83d8eef,2f7b673a-bd10-4a01-82c4-54d3116e6cb2,c3,DROP,684,?,x12,
1769471220.0966249,FORWARDED,ed89fcfb-abe1-4272-93b3-7169f83d8eef,2f7b673a-bd10-4a01-82c4-54d3116e6cb2,c3,DROP,684,?,x12,
1769471220.1053996,SENT,d87a32ca-888e-46fb-966d-6ff0dfe27a74,366a57cd-d57f-43d3-b9ee-541bd2bfd8a9,c4,None,1135,?,x2,
1769471220.1054382,FORWARDED,d87a32ca-888e-46fb-966d-6ff0dfe27a74,366a57cd-d57f-43d3-b9ee-541bd2bfd8a9,c4,None,1135,?,x2,
1769471220.1280828,SENT,04746daf-94a1-48a0-b6a8-b1d14783948b,7bb17ad8-cf0e-447b-984e-b0b6b3cc0469,c5,DROP,683,?,x11,
1769471220.1281254,FORWARDED,04746daf-94a1-48a0-b6a8-b1d14783948b,7bb17ad8-cf0e-447b-984e-b0b6b3cc0469,c5,DROP,683,?,x11,
1769471220.1341507,RECEIVED,5bb9811e-a66c-474c-a21f-e340cda4ba73,b1c236ea-01db-4df9-82de-7d379ff182fd,c5,DROP,442,x9,?,
1769471220.2090352,SENT,8461c709-c469-4f93-9c6c-68b3b4f60491,c90c3495-fd25-495d-b5d9-a7b60ede9867,c1,None,1123,?,x3,
1769471220.2090962,FORWARDED,8461c709-c469-4f93-9c6c-68b3b4f60491,c90c3495-fd25-495d-b5d9-a7b60ede9867,c1,None,1123,?,x3,
1769471220.3026834,RECEIVED,36235881-744d-4597-9945-bd56da8f1f8b,46f06b05-858e-4825-8f63-f9918ca0c70c,c3,DROP,1016,e6,?,
1769471220.3054285,SENT,fd2a180f-4069-41da-8c38-c29716b211fc,46b43768-45fa-4437-a32e-560c254e8fec,c1,DROP,688,?,x9,
1769471220.305471,FORWARDED,fd2a180f-4069-41da-8c38-c29716b211fc,46b43768-45fa-4437-a32e-560c254e8fec,c1,DROP,688,?,x9,
1769471220.642792,SENT,6bf4d600-b5de-475f-b72c-365ed85ec080,89717169-4152-447e-9f24-feb7bf9f6434,c2,DROP,684,?,x1,
1769471220.642832,FORWARDED,6bf4d600-b5de-475f-b72c-365ed85ec080,89717169-4152-447e-9f24-feb7bf9f6434,c2,DROP,684,?,x1,
1769471220.6820211,RECEIVED,4fa6dfec-cbe8-44d5-934d-ad6326a9f166,d2634f94-3f29-47ac-b4ab-e3fcc24794ae,c5,DROP,1008,e11,?,
1769471220.7194757,SENT,ba09c4c7-0f15-4591-bce3-7cd7e0bf8af7,2196639d-0c7f-43c5-81ce-87ad70f63f70,c3,DROP,684,?,x2,
1769471220.719519,FORWARDED,ba09c4c7-0f15-4591-bce3-7cd7e0bf8af7,2196639d-0c7f-43c5-81ce-87ad70f63f70,c3,DROP,684,?,x2,
1769471220.742881,SENT,36235881-744d-4597-9945-bd56da8f1f8b,46f06b05-858e-4825-8f63-f9918ca0c70c,c3,DROP,688,?,x9,
1769471220.7429233,FORWARDED,36235881-744d-4597-9945-bd56da8f1f8b,46f06b05-858e-4825-8f63-f9918ca0c70c,c3,DROP,688,?,x9,
1769471220.7617836,RECEIVED,0914db62-0724-4cf4-8419-e2a9cf7f6f57,98b26656-5a46-47db-a372-1b943ad8beb3,c2,c4,1764,e1,?,
1769471220.7867587,SENT,25bfdfcf-6207-499d-aa5e-20e5beddcc67,66082a41-23f1-4d5c-ae07-b32ffadea042,c5,DROP,684,?,x12,
1769471220.7868013,FORWARDED,25bfdfcf-6207-499d-aa5e-20e5beddcc67,66082a41-23f1-4d5c-ae07-b32ffadea042,c5,DROP,684,?,x12,
1769471220.8065667,SENT,bcdede1b-1644-4fe1-ab79-b3bd7755939e,01a025ed-5b54-4401-809e-1bd015720bc6,c1,DROP,688,?,x4,
1769471220.8066084,FORWARDED,bcdede1b-1644-4fe1-ab79-b3bd7755939e,01a025ed-5b54-4401-809e-1bd015720bc6,c1,DROP,688,?,x4,
1769471220.8093264,RECEIVED,27bfa9fa-8b78-46e9-b9ee-06b23190d176,06bbf9bb-233f-48e2-a37d-6fcc80b7c242,c3,None,1606,e2,?,
1769471220.937025,SENT,0914db62-0724-4cf4-8419-e2a9cf7f6f57,98b26656-5a46-47db-a372-1b943ad8beb3,c2,c4,1250,?,x2,
1769471220.9371114,FORWARDED,0914db62-0724-4cf4-8419-e2a9cf7f6f57,98b26656-5a46-47db-a372-1b943ad8beb3,c2,c4,1250,?,x2,
1769471221.054331,RECEIVED,5dc091a4-6d11-4437-bb79-ff6d965e38e3,84b12984-29a1-44ec-905b-221e1d3eda91,c5,DROP,1011,e8,?,
1769471221.1386852,SENT,27bfa9fa-8b78-46e9-b9ee-06b23190d176,06bbf9bb-233f-48e2-a37d-6fcc80b7c242,c3,None,1132,?,x4,
1769471221.1387281,FORWARDED,27bfa9fa-8b78-46e9-b9ee-06b23190d176,06bbf9bb-233f-48e2-a37d-6fcc80b7c242,c3,None,1132,?,x4,
1769471221.186649,SENT,a0fd20a0-0824-43e9-975d-91fa1d979981,6a9fc47f-b8fb-499b-a68b-c3de1fb3f5d1,c3,None,1132,?,x10,
1769471221.186685,FORWARDED,a0fd20a0-0824-43e9-975d-91fa1d979981,6a9fc47f-b8fb-499b-a68b-c3de1fb3f5d1,c3,None,1132,?,x10,
1769471221.2694087,RECEIVED,4665ed8d-107a-4b36-8fa6-0724cc71e446,ae1c71b6-8bd0-48ea-ae72-fda9ca987e70,c2,c4,1792,e1,?,
1769471221.4653106,SENT,4fa6dfec-cbe8-44d5-934d-ad6326a9f166,d2634f94-3f29-47ac-b4ab-e3fcc24794ae,c5,DROP,684,?,x11,
1769471221.4653459,FORWARDED,4fa6dfec-cbe8-44d5-934d-ad6326a9f166,d2634f94-3f29-47ac-b4ab-e3fcc24794ae,c5,DROP,684,?,x11,
1769471221.4882424,RECEIVED,7f9b93ae-f9b1-43d3-afb0-f9c616adfc92,b1c34469-a7f0-49d7-abef-665b44a725cc,c4,DROP,1021,e12,?,
1769471221.6344247,SENT,5dc091a4-6d11-4437-bb79-ff6d965e38e3,84b12984-29a1-44ec-905b-221e1d3eda91,c5,DROP,685,?,x2,
1769471221.6344686,FORWARDED,5dc091a4-6d11-4437-bb79-ff6d965e38e3,84b12984-29a1-44ec-905b-221e1d3eda91,c5,DROP,685,?,x2,
1769471221.7610252,SENT,4665ed8d-107a-4b36-8fa6-0724cc71e446,ae1c71b6-8bd0-48ea-ae72-fda9ca987e70,c2,c4,1272,?,x12,
1769471221.761074,FORWARDED,4665ed8d-107a-4b36-8fa6-0724cc71e446,ae1c71b6-8bd0-48ea-ae72-fda9ca987e70,c2,c4,1272,?,x12,
1769471221.7861812,RECEIVED,94110245-3ca6-45d1-96e8-312376251fad,e49288b0-baa1-47ae-ac42-d69b7bd6c3e7,c4,None,1600,e4,?,
1769471221.7978342,RECEIVED,59ac25d5-ba03-4220-a535-f7f82d21d62f,17104cca-8645-4442-af72-f4ddd79b7d72,c1,DROP,440,x9,?,
1769471221.9216468,RECEIVED,0aec7077-540b-4481-add1-88a10af55202,7dc37a8f-0cfc-4915-b38a-5362a44a3617,c3,None,1597,e5,?,
1769471221.9291139,SENT,7f9b93ae-f9b1-43d3-afb0-f9c616adfc92,b1c34469-a7f0-49d7-abef-665b44a725cc,c4,DROP,692,?,x10,
1769471221.929155,FORWARDED,7f9b93ae-f9b1-43d3-afb0-f9c616adfc92,b1c34469-a7f0-49d7-abef-665b44a725cc,c4,DROP,692,?,x10,
1769471221.960709,SENT,94110245-3ca6-45d1-96e8-312376251fad,e49288b0-baa1-47ae-ac42-d69b7bd6c3e7,c4,None,1127,?,x7,
1769471221.9607463,FORWARDED,94110245-3ca6-45d1-96e8-312376251fad,e49288b0-baa1-47ae-ac42-d69b7bd6c3e7,c4,None,1127,?,x7,
1769471222.0332067,RECEIVED,c29003f5-e0d0-4130-9459-bc3fc51d66a6,6f05050d-0954-42a6-8de8-b82ee93884d2,c5,DROP,1008,e5,?,
1769471222.0924423,SENT,c29003f5-e0d0-4130-9459-bc3fc51d66a6,6f05050d-0954-42a6-8de8-b82ee93884d2,c5,DROP,683,?,x3,
1769471222.0924847,FORWARDED,c29003f5-e0d0-4130-9459-bc3fc51d66a6,6f05050d-0954-42a6-8de8-b82ee93884d2,c5,DROP,683,?,x3,
1769471222.1518693,RECEIVED,c5967f1a-831d-48e4-b0fc-6805edfbabc9,57ce02c9-e9f8-47b8-b7a3-3a3da6819ff6,c3,DROP,1007,e6,?,
1769471222.2586725,SENT,0aec7077-540b-4481-add1-88a10af55202,7dc37a8f-0cfc-4915-b38a-5362a44a3617,c3,None,1124,?,x11,
1769471222.2587883,FORWARDED,0aec7077-540b-4481-add1-88a10af55202,7dc37a8f-0cfc-4915-b38a-5362a44a3617,c3,None,1124,?,x11,
1769471222.306447,RECEIVED,f3b51773-b3ad-4356-87a2-865cb1f6702d,e1a900ce-7973-47c5-8d0d-69c2570f4f0d,c1,None,1607,e10,?,
1769471222.3295987,SENT,c5967f1a-831d-48e4-b0fc-6805edfbabc9,57ce02c9-e9f8-47b8-b7a3-3a3da6819ff6,c3,DROP,682,?,x4,
1769471222.3296409,FORWARDED,c5967f1a-831d-48e4-b0fc-6805edfbabc9,57ce02c9-e9f8-47b8-b7a3-3a3da6819ff6,c3,DROP,682,?,x4,
1769471222.3598945,RECEIVED,c4c58322-fcf4-4be2-b71d-52b9c4176daf,d71548e9-e2b5-4be7-9360-3a5e6d1577b0,c5,DROP,1007,e2,?,
1769471222.4076443,RECEIVED,f1e2cf73-a487-461e-bab1-1f39c6c63f85,265243e4-f420-47fc-8224-a14301a3ddcf,c4,DROP,1012,e12,?,
1769471222.4881146,RECEIVED,ee234c50-7216-44e9-8fed-99b75a588f49,bd4d2de9-1a70-4ed8-b1d5-fcdde72017d0,c4,c3,1780,e12,?,
1769471222.549208,RECEIVED,1f2d5a26-89c5-45e4-8333-72ea6dfcf19a,87dd9322-52e6-46de-87e3-c33075c07311,c1,None,1595,e11,?,
1769471222.5611126,SENT,f1e2cf73-a487-461e-bab1-1f39c6c63f85,265243e4-f420-47fc-8224-a14301a3ddcf,c4,DROP,686,?,x12,
1769471222.5611615,FORWARDED,f1e2cf73-a487-461e-bab1-1f39c6c63f85,265243e4-f420-47fc-8224-a14301a3ddcf,c4,DROP,686,?,x12,
1769471222.565323,SENT,ee234c50-7216-44e9-8fed-99b75a588f49,bd4d2de9-1a70-4ed8-b1d5-fcdde72017d0,c4,c3,1263,?,x9,
1769471222.5653665,FORWARDED,ee234c50-7216-44e9-8fed-99b75a588f49,bd4d2de9-1a70-4ed8-b1d5-fcdde72017d0,c4,c3,1263,?,x9,
1769471222.9001572,SENT,f3b51773-b3ad-4356-87a2-865cb1f6702d,e1a900ce-7973-47c5-8d0d-69c2570f4f0d,c1,None,1132,?,x11,
1769471222.9002025,FORWARDED,f3b51773-b3ad-4356-87a2-865cb1f6702d,e1a900ce-7973-47c5-8d0d-69c2570f4f0d,c1,None,1132,?,x11,
1769471222.995312,SENT,1f2d5a26-89c5-45e4-8333-72ea6dfcf19a,87dd9322-52e6-46de-87e3-c33075c07311,c1,None,1124,?,x8,
1769471222.9953551,FORWARDED,1f2d5a26-89c5-45e4-8333-72ea6dfcf19a,87dd9322-52e6-46de-87e3-c33075c07311,c1,None,1124,?,x8,
1769471223.0680113,SENT,c4c58322-fcf4-4be2-b71d-52b9c4176daf,d71548e9-e2b5-4be7-9360-3a5e6d1577b0,c5,DROP,684,?,x6,
1769471223.0680625,FORWARDED,c4c58322-fcf4-4be2-b71d-52b9c4176daf,d71548e9-e2b5-4be7-9360-3a5e6d1577b0,c5,DROP,684,?,x6,
1769471223.078851,RECEIVED,93d3d742-24f3-4a0a-a693-b86f8a8a44e8,321776a4-5e48-4601-9aed-38c52bbffa6d,c4,DROP,1008,e10,?,
1769471223.1374457,RECEIVED,1f0d931c-4ac9-4a9f-8fac-3b1f494431b5,52af8c90-c6b0-4ee2-a5ce-60631572b8f2,c3,DROP,1007,e3,?,
1769471223.2764225,RECEIVED,0a972623-f3f7-4620-bcbe-0d2c9f1a909a,402563df-eecb-4183-b2c0-a1627116c0dd,c2,DROP,1008,e12,?,
1769471223.3226197,SENT,93d3d742-24f3-4a0a-a693-b86f8a8a44e8,321776a4-5e48-4601-9aed-38c52bbffa6d,c4,DROP,682,?,x2,
1769471223.3226588,FORWARDED,93d3d742-24f3-4a0a-a693-b86f8a8a44e8,321776a4-5e48-4601-9aed-38c52bbffa6d,c4,DROP,682,?,x2,
1769471223.3659441,SENT,0a972623-f3f7-4620-bcbe-0d2c9f1a909a,402563df-eecb-4183-b2c0-a1627116c0dd,c2,DROP,683,?,x4,
1769471223.3659778,FORWARDED,0a972623-f3f7-4620-bcbe-0d2c9f1a909a,402563df-eecb-4183-b2c0-a1627116c0dd,c2,DROP,683,?,x4,
1769471223.3663886,RECEIVED,af5ccdb1-bbcf-4e65-a1e8-fb80a2f99baa,b82603fa-18a9-460b-ac4f-6f9859538441,c5,c1,1788,e12,?,
1769471223.4206405,RECEIVED,040b764f-15a3-47f7-92a1-79cc316b2a20,0bf88207-fa6a-4342-b053-72393d4c4b44,c1,None,1596,e5,?,
1769471223.49543,RECEIVED,08904a50-ab1c-489a-a55a-51f2db497235,92e02201-7fb4-43f4-a1b9-ae086be00a51,c4,DROP,1008,e2,?,
1769471223.5568511,SENT,08904a50-ab1c-489a-a55a-51f2db497235,92e02201-7fb4-43f4-a1b9-ae086be00a51,c4,DROP,683,?,x5,
1769471223.5573933,FORWARDED,08904a50-ab1c-489a-a55a-51f2db497235,92e02201-7fb4-43f4-a1b9-ae086be00a51,c4,DROP,683,?,x5,
1769471223.561911,SENT,af5ccdb1-bbcf-4e65-a1e8-fb80a2f99baa,b82603fa-18a9-460b-ac4f-6f9859538441,c5,c1,1267,?,x1,
1769471223.5619516,FORWARDED,af5ccdb1-bbcf-4e65-a1e8-fb80a2f99baa,b82603fa-18a9-460b-ac4f-6f9859538441,c5,c1,1267,?,x1,
1769471223.5961363,RECEIVED,fdabaefc-ba19-467e-8309-4454ff9acf48,010ff71c-9a95-47d5-8a3a-75aa3508eb0c,c2,DROP,1011,e6,?,
1769471223.7331214,RECEIVED,c52bc878-a1c9-436e-8e61-2034a7f2eed5,5094bd12-3a78-4c2b-8ab9-bcdf32646963,c1,c3,1776,e2,?,
1769471223.7450304,SENT,040b764f-15a3-47f7-92a1-79cc316b2a20,0bf88207-fa6a-4342-b053-72393d4c4b44,c1,None,1123,?,x7,
1769471223.745084,FORWARDED,040b764f-15a3-47f7-92a1-79cc316b2a20,0bf88207-fa6a-4342-b053-72393d4c4b44,c1,None,1123,?,x7,
1769471224.083512,RECEIVED,bcd6871b-e652-4784-b578-01e9d8f53790,56cbc82f-ac71-4c7c-8f67-12c987051a1f,c4,DROP,1008,e7,?,
1769471224.1491883,SENT,bcd6871b-e652-4784-b578-01e9d8f53790,56cbc82f-ac71-4c7c-8f67-12c987051a1f,c4,DROP,683,?,x3,
1769471224.14923,FORWARDED,bcd6871b-e652-4784-b578-01e9d8f53790,56cbc82f-ac71-4c7c-8f67-12c987051a1f,c4,DROP,683,?,x3,
1769471224.382341,RECEIVED,4828058a-7d3d-4297-baf1-cf79584c2d7c,0516fefd-513b-439e-b09e-03e2d253b290,c2,c4,1772,e2,?,
1769471224.745884,SENT,1f0d931c-4ac9-4a9f-8fac-3b1f494431b5,52af8c90-c6b0-4ee2-a5ce-60631572b8f2,c3,DROP,683,?,x1,
1769471224.7459247,FORWARDED,1f0d931c-4ac9-4a9f-8fac-3b1f494431b5,52af8c90-c6b0-4ee2-a5ce-60631572b8f2,c3,DROP,683,?,x1,
1769471224.7694626,RECEIVED,b3751a38-9462-4c32-9d76-19ed75b045c3,096daee7-f079-4abb-ba37-2af197f7b380,c2,c4,1779,e10,?,
1769471224.7804801,RECEIVED,b4144918-c2d8-4772-b447-fba7f80c1d3a,339034b7-b7a4-4ef3-989c-793dd2c8e9cf,c5,c1,1770,e11,?,
1769471224.8663216,RECEIVED,c1e04a5b-6194-4255-9575-72d7a98de361,d0844af2-917c-4ec8-b5c2-845730871190,c2,c4,1780,e2,?,
1769471224.8895862,SENT,c52bc878-a1c9-436e-8e61-2034a7f2eed5,5094bd12-3a78-4c2b-8ab9-bcdf32646963,c1,c3,1260,?,x11,
1769471224.8896272,FORWARDED,c52bc878-a1c9-436e-8e61-2034a7f2eed5,5094bd12-3a78-4c2b-8ab9-bcdf32646963,c1,c3,1260,?,x11,
1769471224.9841242,SENT,b3751a38-9462-4c32-9d76-19ed75b045c3,096daee7-f079-4abb-ba37-2af197f7b380,c2,c4,1263,?,x9,
1769471224.9841638,FORWARDED,b3751a38-9462-4c32-9d76-19ed75b045c3,096daee7-f079-4abb-ba37-2af197f7b380,c2,c4,1263,?,x9,
1769471225.0626514,SENT,b4144918-c2d8-4772-b447-fba7f80c1d3a,339034b7-b7a4-4ef3-989c-793dd2c8e9cf,c5,c1,1255,?,x2,
1769471225.0626895,FORWARDED,b4144918-c2d8-4772-b447-fba7f80c1d3a,339034b7-b7a4-4ef3-989c-793dd2c8e9cf,c5,c1,1255,?,x2,
1769471225.1625817,RECEIVED,af2210fb-751b-43b9-abd3-8fe1d5e06611,c6cbdc91-e014-491d-a73f-6ec966f8ed98,c3,c1,1776,e6,?,
1769471225.2339814,SENT,af2210fb-751b-43b9-abd3-8fe1d5e06611,c6cbdc91-e014-491d-a73f-6ec966f8ed98,c3,c1,1260,?,x2,
1769471225.2340257,FORWARDED,af2210fb-751b-43b9-abd3-8fe1d5e06611,c6cbdc91-e014-491d-a73f-6ec966f8ed98,c3,c1,1260,?,x2,
1769471225.3085485,SENT,4828058a-7d3d-4297-baf1-cf79584c2d7c,0516fefd-513b-439e-b09e-03e2d253b290,c2,c4,1256,?,x10,
1769471225.3085907,FORWARDED,4828058a-7d3d-4297-baf1-cf79584c2d7c,0516fefd-513b-439e-b09e-03e2d253b290,c2,c4,1256,?,x10,
1769471225.326347,RECEIVED,9e32382f-cee9-4057-a406-d52db5f9f865,026ffe1b-0894-44b4-b519-7a9c80a1767e,c5,DROP,1003,e3,?,
1769471225.3459554,SENT,c1e04a5b-6194-4255-9575-72d7a98de361,d0844af2-917c-4ec8-b5c2-845730871190,c2,c4,1263,?,x3,
1769471225.3459964,FORWARDED,c1e04a5b-6194-4255-9575-72d7a98de361,d0844af2-917c-4ec8-b5c2-845730871190,c2,c4,1263,?,x3,
1769471225.4218554,RECEIVED,096ae9d2-2112-4544-ba7f-c286461a768b,92951477-d87d-40a9-8a86-444a9dc9f995,c2,DROP,1008,e11,?,
1769471225.5109081,SENT,fdabaefc-ba19-467e-8309-4454ff9acf48,010ff71c-9a95-47d5-8a3a-75aa3508eb0c,c2,DROP,686,?,x8,
1769471225.5109503,FORWARDED,fdabaefc-ba19-467e-8309-4454ff9acf48,010ff71c-9a95-47d5-8a3a-75aa3508eb0c,c2,DROP,686,?,x8,
1769471225.5140212,SENT,096ae9d2-2112-4544-ba7f-c286461a768b,92951477-d87d-40a9-8a86-444a9dc9f995,c2,DROP,683,?,x8,
1769471225.5146253,FORWARDED,096ae9d2-2112-4544-ba7f-c286461a768b,92951477-d87d-40a9-8a86-444a9dc9f995,c2,DROP,683,?,x8,
1769471225.515561,RECEIVED,7a01a6c5-4529-4c55-a064-54fe09945a68,a6231ddd-3577-4b65-b1a3-151a12f218a1,c3,None,1599,e2,?,
1769471225.552207,RECEIVED,5f547a15-ee0d-4cfc-aaf7-d34bb1df0d98,8f6ec0d0-e44f-4c4c-9125-97dab532e750,c4,DROP,441,x1,?,
1769471225.5603678,RECEIVED,54945546-dd8b-4bdc-87df-649d56623a97,9ebf8720-566b-4944-8950-442f6bb1d98f,c3,DROP,1015,e6,?,
1769471225.813438,RECEIVED,7346ddae-069e-4700-be9f-fc92b1b6574d,152908bd-318a-4a2b-8310-20b495516a57,c3,DROP,1021,e10,?,
1769471225.8205242,SENT,7346ddae-069e-4700-be9f-fc92b1b6574d,152908bd-318a-4a2b-8310-20b495516a57,c3,DROP,693,?,x9,
1769471225.8205655,FORWARDED,7346ddae-069e-4700-be9f-fc92b1b6574d,152908bd-318a-4a2b-8310-20b495516a57,c3,DROP,693,?,x9,
1769471225.8981369,RECEIVED,bca3889f-ff10-49ed-8b6e-131bb346566a,74345500-cc76-4e4d-90d6-18ad3e9558ee,c4,c3,1775,e9,?,
1769471226.0363822,SENT,7a01a6c5-4529-4c55-a064-54fe09945a68,a6231ddd-3577-4b65-b1a3-151a12f218a1,c3,None,1128,?,x4,
1769471226.0364242,FORWARDED,7a01a6c5-4529-4c55-a064-54fe09945a68,a6231ddd-3577-4b65-b1a3-151a12f218a1,c3,None,1128,?,x4,
1769471226.1312597,RECEIVED,8bfc3718-bd71-4151-8e8e-e2a74c0c7579,2b829eb5-a8e1-4ea6-9e75-d764a28f4b13,c1,DROP,1007,e7,?,
1769471226.156668,RECEIVED,e461fcee-6675-41ab-a6f7-dba15f4a1b83,909f119b-4623-4ca0-a0b8-7a927a9a9df6,c4,DROP,1008,e8,?,
1769471226.2384572,SENT,e461fcee-6675-41ab-a6f7-dba15f4a1b83,909f119b-4623-4ca0-a0b8-7a927a9a9df6,c4,DROP,683,?,x5,
1769471226.2384973,FORWARDED,e461fcee-6675-41ab-a6f7-dba15f4a1b83,909f119b-4623-4ca0-a0b8-7a927a9a9df6,c4,DROP,683,?,x5,
1769471226.3743668,SENT,bca3889f-ff10-49ed-8b6e-131bb346566a,74345500-cc76-4e4d-90d6-18ad3e9558ee,c4,c3,1260,?,x9,
1769471226.3744042,FORWARDED,bca3889f-ff10-49ed-8b6e-131bb346566a,74345500-cc76-4e4d-90d6-18ad3e9558ee,c4,c3,1260,?,x9,
1769471226.4066887,RECEIVED,3648cd90-5cd2-4e27-84df-3f6497d35fad,58d192a8-4903-4240-9456-77e44e307392,c5,DROP,1016,e9,?,
1769471226.5782974,RECEIVED,ceb5ff21-5811-4ead-b48f-c15218dec81c,0ee64500-213e-4754-903b-dc6ca88a6409,c3,DROP,1006,e12,?,
1769471226.621623,RECEIVED,8dd2cd88-5ca3-4a00-b9ac-e279a1ce23d8,51489fdf-2b00-4808-8650-02f8a5d74897,c1,DROP,1021,e10,?,
1769471226.84528,SENT,3648cd90-5cd2-4e27-84df-3f6497d35fad,58d192a8-4903-4240-9456-77e44e307392,c5,DROP,688,?,x9,
1769471226.8453147,FORWARDED,3648cd90-5cd2-4e27-84df-3f6497d35fad,58d192a8-4903-4240-9456-77e44e307392,c5,DROP,688,?,x9,
1769471226.8739355,RECEIVED,c004c626-c357-4e38-ab78-f09a4ced0885,93958cae-8fad-4a3d-b336-f2155523f391,c5,DROP,1007,e4,?,
1769471226.986269,RECEIVED,4703d569-33c5-4dad-b227-c5a34143dc47,6bc8b2a1-5dc6-4988-a9f1-b721a573865d,c4,None,1603,e6,?,
1769471227.0334044,SENT,ceb5ff21-5811-4ead-b48f-c15218dec81c,0ee64500-213e-4754-903b-dc6ca88a6409,c3,DROP,683,?,x3,
1769471227.033442,FORWARDED,ceb5ff21-5811-4ead-b48f-c15218dec81c,0ee64500-213e-4754-903b-dc6ca88a6409,c3,DROP,683,?,x3,
1769471227.0892603,SENT,8dd2cd88-5ca3-4a00-b9ac-e279a1ce23d8,51489fdf-2b00-4808-8650-02f8a5d74897,c1,DROP,691,?,x11,
1769471227.0892992,FORWARDED,8dd2cd88-5ca3-4a00-b9ac-e279a1ce23d8,51489fdf-2b00-4808-8650-02f8a5d74897,c1,DROP,691,?,x11,
1769471227.1050665,SENT,54945546-dd8b-4bdc-87df-649d56623a97,9ebf8720-566b-4944-8950-442f6bb1d98f,c3,DROP,688,?,x5,
1769471227.1051068,FORWARDED,54945546-dd8b-4bdc-87df-649d56623a97,9ebf8720-566b-4944-8950-442f6bb1d98f,c3,DROP,688,?,x5,
1769471227.118403,SENT,c004c626-c357-4e38-ab78-f09a4ced0885,93958cae-8fad-4a3d-b336-f2155523f391,c5,DROP,683,?,x8,
1769471227.1184444,FORWARDED,c004c626-c357-4e38-ab78-f09a4ced0885,93958cae-8fad-4a3d-b336-f2155523f391,c5,DROP,683,?,x8,
1769471227.1436734,RECEIVED,1e619fd9-17d3-4555-8e06-bf733b9cd32f,e2f6f5c3-9872-407e-9bfe-055553514846,c2,DROP,1015,e12,?,
1769471227.288657,SENT,9e32382f-cee9-4057-a406-d52db5f9f865,026ffe1b-0894-44b4-b519-7a9c80a1767e,c5,DROP,680,?,x4,
1769471227.2886956,FORWARDED,9e32382f-cee9-4057-a406-d52db5f9f865,026ffe1b-0894-44b4-b519-7a9c80a1767e,c5,DROP,680,?,x4,
1769471227.4566147,RECEIVED,b5734a5a-e039-4ff7-916c-16c90e3f8eb0,165fea22-c99d-45d7-bdca-aa62fcbe1f75,c1,c3,1764,e4,?,
1769471227.4703517,RECEIVED,1aee360d-4e01-458a-b298-af577133b3df,9ccca168-fb09-4da4-b8b8-3c92ca2defc5,c1,DROP,1009,e8,?,
1769471227.5083528,SENT,1aee360d-4e01-458a-b298-af577133b3df,9ccca168-fb09-4da4-b8b8-3c92ca2defc5,c1,DROP,684,?,x9,
1769471227.5083942,FORWARDED,1aee360d-4e01-458a-b298-af577133b3df,9ccca168-fb09-4da4-b8b8-3c92ca2defc5,c1,DROP,684,?,x9,
1769471227.5599606,RECEIVED,7586b9dd-f802-48f8-a9cc-0d95409eca4e,0215478c-28c0-4096-b82a-c7ae641a69fa,c3,DROP,1008,e3,?,
1769471227.7757883,SENT,1e619fd9-17d3-4555-8e06-bf733b9cd32f,e2f6f5c3-9872-407e-9bfe-055553514846,c2,DROP,688,?,x4,
1769471227.7758284,FORWARDED,1e619fd9-17d3-4555-8e06-bf733b9cd32f,e2f6f5c3-9872-407e-9bfe-055553514846,c2,DROP,688,?,x4,
1769471227.9081855,RECEIVED,3c0c7fd2-f90c-4e74-889f-a47b4b603309,e682c2f8-264f-471d-a78c-07d41d25859a,c4,DROP,1007,e8,?,
1769471227.9356117,SENT,7586b9dd-f802-48f8-a9cc-0d95409eca4e,0215478c-28c0-4096-b82a-c7ae641a69fa,c3,DROP,684,?,x7,
1769471227.9356506,FORWARDED,7586b9dd-f802-48f8-a9cc-0d95409eca4e,0215478c-28c0-4096-b82a-c7ae641a69fa,c3,DROP,684,?,x7,
1769471227.950094,SENT,b5734a5a-e039-4ff7-916c-16c90e3f8eb0,165fea22-c99d-45d7-bdca-aa62fcbe1f75,c1,c3,1251,?,x11,
1769471227.9501336,FORWARDED,b5734a5a-e039-4ff7-916c-16c90e3f8eb0,165fea22-c99d-45d7-bdca-aa62fcbe1f75,c1,c3,1251,?,x11,
1769471227.9591749,SENT,8bfc3718-bd71-4151-8e8e-e2a74c0c7579,2b829eb5-a8e1-4ea6-9e75-d764a28f4b13,c1,DROP,684,?,x7,
1769471227.959216,FORWARDED,8bfc3718-bd71-4151-8e8e-e2a74c0c7579,2b829eb5-a8e1-4ea6-9e75-d764a28f4b13,c1,DROP,684,?,x7,
1769471228.1503701,RECEIVED,5ce7cb87-56a2-4dd2-a5e0-b0a5a6df1fac,008798f7-4aab-4154-bc96-d5cfba98a7a1,c3,DROP,1003,e3,?,
1769471228.2763102,RECEIVED,f3b772cb-32c8-4b05-973f-66880e081598,356c6a69-78d4-4e1a-afa5-f0a16d7dd061,c4,DROP,1015,e8,?,
1769471228.4285715,SENT,f3b772cb-32c8-4b05-973f-66880e081598,356c6a69-78d4-4e1a-afa5-f0a16d7dd061,c4,DROP,688,?,x8,
1769471228.4286115,FORWARDED,f3b772cb-32c8-4b05-973f-66880e081598,356c6a69-78d4-4e1a-afa5-f0a16d7dd061,c4,DROP,688,?,x8,
1769471228.4543757,RECEIVED,0c91a9da-cf22-4a34-a89e-6ddf26721224,af018a8a-d83a-4a7c-9578-1615d573edc1,c3,DROP,1007,e6,?,
1769471228.4657075,SENT,4703d569-33c5-4dad-b227-c5a34143dc47,6bc8b2a1-5dc6-4988-a9f1-b721a573865d,c4,None,1131,?,x1,
1769471228.465751,FORWARDED,4703d569-33c5-4dad-b227-c5a34143dc47,6bc8b2a1-5dc6-4988-a9f1-b721a573865d,c4,None,1131,?,x1,
1769471228.5758011,RECEIVED,f0f31c3e-6552-48c6-be8b-c7e59e8c4711,7cae15e4-ab09-4f08-9408-e6542b9eb23b,c2,c4,1772,e1,?,
1769471228.7984235,RECEIVED,8e6807f6-7647-4509-848a-29a72826254e,5482d5bb-10fa-420c-bd23-ee6dc16d504f,c3,DROP,446,x10,?,
1769471228.8564978,RECEIVED,0d8160d7-39c8-470f-97f6-5417f4a6c1e0,af12be20-5f98-4ce0-9695-5132f10720bd,c3,DROP,1007,e4,?,
1769471228.9787993,SENT,0c91a9da-cf22-4a34-a89e-6ddf26721224,af018a8a-d83a-4a7c-9578-1615d573edc1,c3,DROP,683,?,x5,
1769471228.978848,FORWARDED,0c91a9da-cf22-4a34-a89e-6ddf26721224,af018a8a-d83a-4a7c-9578-1615d573edc1,c3,DROP,683,?,x5,
1769471229.0070047,RECEIVED,c10bdfa8-14e6-4c88-85c4-da68f5361042,781548a2-c151-4573-bf76-15b975b71a76,c3,c1,1772,e7,?,
1769471229.0957916,SENT,c10bdfa8-14e6-4c88-85c4-da68f5361042,781548a2-c151-4573-bf76-15b975b71a76,c3,c1,1256,?,x1,
1769471229.0958507,FORWARDED,c10bdfa8-14e6-4c88-85c4-da68f5361042,781548a2-c151-4573-bf76-15b975b71a76,c3,c1,1256,?,x1,
1769471229.2179267,SENT,3c0c7fd2-f90c-4e74-889f-a47b4b603309,e682c2f8-264f-471d-a78c-07d41d25859a,c4,DROP,683,?,x10,
1769471229.2179701,FORWARDED,3c0c7fd2-f90c-4e74-889f-a47b4b603309,e682c2f8-264f-471d-a78c-07d41d25859a,c4,DROP,683,?,x10,
1769471229.3289986,RECEIVED,5ec5d8c3-7aad-4347-9ed1-d7c3971ed112,e987837b-b059-4f42-bb96-90f8609e218c,c5,DROP,1016,e2,?,
1769471229.3874931,SENT,0d8160d7-39c8-470f-97f6-5417f4a6c1e0,af12be20-5f98-4ce0-9695-5132f10720bd,c3,DROP,684,?,x4,
1769471229.3875356,FORWARDED,0d8160d7-39c8-470f-97f6-5417f4a6c1e0,af12be20-5f98-4ce0-9695-5132f10720bd,c3,DROP,684,?,x4,
1769471229.6354287,RECEIVED,b883c04c-92fb-487a-a73a-eca0c5124086,2119520b-cdd6-4619-bcc1-e1b8cd042dec,c1,DROP,1016,e7,?,
1769471229.6397307,RECEIVED,754550aa-af6e-44bb-b176-2317e333edff,bd991dd5-fbc2-46aa-a0be-0db2e49c4dd6,c1,None,1608,e6,?,
1769471229.6485393,SENT,5ce7cb87-56a2-4dd2-a5e0-b0a5a6df1fac,008798f7-4aab-4154-bc96-d5cfba98a7a1,c3,DROP,679,?,x2,
1769471229.6485832,FORWARDED,5ce7cb87-56a2-4dd2-a5e0-b0a5a6df1fac,008798f7-4aab-4154-bc96-d5cfba98a7a1,c3,DROP,679,?,x2,
1769471229.754121,SENT,754550aa-af6e-44bb-b176-2317e333edff,bd991dd5-fbc2-46aa-a0be-0db2e49c4dd6,c1,None,1132,?,x2,
1769471229.7541606,FORWARDED,754550aa-af6e-44bb-b176-2317e333edff,bd991dd5-fbc2-46aa-a0be-0db2e49c4dd6,c1,None,1132,?,x2,
1769471229.7664154,SENT,f0f31c3e-6552-48c6-be8b-c7e59e8c4711,7cae15e4-ab09-4f08-9408-e6542b9eb23b,c2,c4,1255,?,x10,
1769471229.766452,FORWARDED,f0f31c3e-6552-48c6-be8b-c7e59e8c4711,7cae15e4-ab09-4f08-9408-e6542b9eb23b,c2,c4,1255,?,x10,
1769471229.8431551,RECEIVED,9de9ff1d-7f73-4987-b74f-94f1a75e45bf,3c08ea6d-eb81-4530-90e4-3a197bd74935,c5,DROP,1008,e6,?,
1769471229.9113197,SENT,b883c04c-92fb-487a-a73a-eca0c5124086,2119520b-cdd6-4619-bcc1-e1b8cd042dec,c1,DROP,688,?,x4,
1769471229.9113636,FORWARDED,b883c04c-92fb-487a-a73a-eca0c5124086,2119520b-cdd6-4619-bcc1-e1b8cd042dec,c1,DROP,688,?,x4,
1769471229.9298744,SENT,9de9ff1d-7f73-4987-b74f-94f1a75e45bf,3c08ea6d-eb81-4530-90e4-3a197bd74935,c5,DROP,684,?,x6,
1769471229.9299276,FORWARDED,9de9ff1d-7f73-4987-b74f-94f1a75e45bf,3c08ea6d-eb81-4530-90e4-3a197bd74935,c5,DROP,684,?,x6,
1769471229.979215,RECEIVED,43622b32-4b34-4394-ac63-e37516d55dd5,bbb50d60-8814-495d-9337-1974225071dd,c2,DROP,1008,e2,?,
1769471230.019302,RECEIVED,6e05e8c8-bba1-4665-ad30-5c0da90c8ee3,055a7623-17e1-4d40-a36d-797370bb5dce,c5,DROP,441,x12,?,
1769471230.138976,SENT,5ec5d8c3-7aad-4347-9ed1-d7c3971ed112,e987837b-b059-4f42-bb96-90f8609e218c,c5,DROP,688,?,x11,
1769471230.1390176,FORWARDED,5ec5d8c3-7aad-4347-9ed1-d7c3971ed112,e987837b-b059-4f42-bb96-90f8609e218c,c5,DROP,688,?,x11,
1769471230.4136953,RECEIVED,fa8fd8e2-bc98-4cc0-981b-f45064f77a8b,031268c7-bdde-4c48-900b-e58fddba5847,c1,None,1604,e6,?,
1769471230.5547411,RECEIVED,47e894db-5bd5-4c9f-b7b2-4166f21600f8,ecbe7b8c-14dd-42b6-b221-af612b59d6c5,c3,DROP,1007,e6,?,
1769471230.6285279,SENT,fa8fd8e2-bc98-4cc0-981b-f45064f77a8b,031268c7-bdde-4c48-900b-e58fddba5847,c1,None,1130,?,x1,
1769471230.6285694,FORWARDED,fa8fd8e2-bc98-4cc0-981b-f45064f77a8b,031268c7-bdde-4c48-900b-e58fddba5847,c1,None,1130,?,x1,
1769471230.6538024,RECEIVED,be44d5b1-a405-443d-bd7b-3db33b9cc654,fd40e04f-37f4-4e42-8bf8-ec5f8a801ed3,c3,DROP,442,x11,?,
1769471230.8171678,RECEIVED,df39bde5-3f12-4235-a7ec-9f63bdb695f2,a6858550-e924-4ee6-98f5-8c0899a59887,c3,DROP,1015,e7,?,
1769471230.8418489,SENT,43622b32-4b34-4394-ac63-e37516d55dd5,bbb50d60-8814-495d-9337-1974225071dd,c2,DROP,684,?,x12,
1769471230.8418863,FORWARDED,43622b32-4b34-4394-ac63-e37516d55dd5,bbb50d60-8814-495d-9337-1974225071dd,c2,DROP,684,?,x12,
1769471230.98977,SENT,47e894db-5bd5-4c9f-b7b2-4166f21600f8,ecbe7b8c-14dd-42b6-b221-af612b59d6c5,c3,DROP,684,?,x5,
1769471230.989809,FORWARDED,47e894db-5bd5-4c9f-b7b2-4166f21600f8,ecbe7b8c-14dd-42b6-b221-af612b59d6c5,c3,DROP,684,?,x5,
1769471231.005576,RECEIVED,8aa13039-5014-46c8-9b43-431caa0aaa5c,cf1bb494-66f0-47e9-b61f-ad92cfc57fba,c5,DROP,1012,e7,?,
1769471231.0749016,RECEIVED,b34477b1-f7fc-481f-96d1-36f32df0aa21,cbc3aa3b-0eb0-46c2-a8cb-0d48e3eef28b,c5,DROP,1022,e12,?,
1769471231.0752256,RECEIVED,21202b5b-0d6a-4c05-8cdf-6324d8c80550,06f1515e-a56e-4989-b174-27b175dc4422,c2,DROP,1021,e5,?,
1769471231.130483,SENT,21202b5b-0d6a-4c05-8cdf-6324d8c80550,06f1515e-a56e-4989-b174-27b175dc4422,c2,DROP,692,?,x11,
1769471231.1305234,FORWARDED,21202b5b-0d6a-4c05-8cdf-6324d8c80550,06f1515e-a56e-4989-b174-27b175dc4422,c2,DROP,692,?,x11,
1769471231.1315475,SENT,b34477b1-f7fc-481f-96d1-36f32df0aa21,cbc3aa3b-0eb0-46c2-a8cb-0d48e3eef28b,c5,DROP,692,?,x11,
1769471231.1315842,FORWARDED,b34477b1-f7fc-481f-96d1-36f32df0aa21,cbc3aa3b-0eb0-46c2-a8cb-0d48e3eef28b,c5,DROP,692,?,x11,
1769471231.1380875,SENT,df39bde5-3f12-4235-a7ec-9f63bdb695f2,a6858550-e924-4ee6-98f5-8c0899a59887,c3,DROP,689,?,x8,
1769471231.1381717,FORWARDED,df39bde5-3f12-4235-a7ec-9f63bdb695f2,a6858550-e924-4ee6-98f5-8c0899a59887,c3,DROP,689,?,x8,
1769471231.1776311,SENT,8aa13039-5014-46c8-9b43-431caa0aaa5c,cf1bb494-66f0-47e9-b61f-ad92cfc57fba,c5,DROP,687,?,x3,
1769471231.177672,FORWARDED,8aa13039-5014-46c8-9b43-431caa0aaa5c,cf1bb494-66f0-47e9-b61f-ad92cfc57fba,c5,DROP,687,?,x3,
1769471231.2014637,RECEIVED,2e0fede1-9486-40ab-b2f0-7c64d5083daf,96202b5d-fe3d-47a8-80df-a917b7064018,c4,DROP,1007,e8,?,
1769471231.3531659,RECEIVED,74795e94-1761-4345-b011-9b22ae7889d2,d4cfda23-4629-4750-89b5-3c621786fcd1,c3,None,1604,e1,?,
1769471231.4287856,RECEIVED,1ffe3cdc-4c45-4fd7-b6ae-fde1b1e2860f,69a4cf7b-e46b-4147-839c-ef246b2a3c1c,c4,DROP,1021,e9,?,
1769471231.5428307,SENT,1ffe3cdc-4c45-4fd7-b6ae-fde1b1e2860f,69a4cf7b-e46b-4147-839c-ef246b2a3c1c,c4,DROP,693,?,x10,
1769471231.5428736,FORWARDED,1ffe3cdc-4c45-4fd7-b6ae-fde1b1e2860f,69a4cf7b-e46b-4147-839c-ef246b2a3c1c,c4,DROP,693,?,x10,
1769471231.5551016,SENT,74795e94-1761-4345-b011-9b22ae7889d2,d4cfda23-4629-4750-89b5-3c621786fcd1,c3,None,1131,?,x7,
1769471231.5551455,FORWARDED,74795e94-1761-4345-b011-9b22ae7889d2,d4cfda23-4629-4750-89b5-3c621786fcd1,c3,None,1131,?,x7,
1769471231.5588722,RECEIVED,8bc46293-1fa6-45f8-92e2-9b3544d8bb08,30300299-0ced-45c8-9189-4a1b9aae7a19,c1,DROP,441,x9,?,
1769471231.5605733,RECEIVED,f1bb1524-b486-4c3e-8b3e-68c23a95877a,53ad5517-8ac4-447b-81fb-9816a5490286,c1,DROP,1008,e2,?,
1769471231.7117245,RECEIVED,7a645037-868f-4903-b537-7bfe20f09aee,551ddda0-ed9a-401f-b34d-d90576a8e218,c4,DROP,1017,e7,?,
1769471231.7597046,SENT,7a645037-868f-4903-b537-7bfe20f09aee,551ddda0-ed9a-401f-b34d-d90576a8e218,c4,DROP,688,?,x9,
1769471231.7597463,FORWARDED,7a645037-868f-4903-b537-7bfe20f09aee,551ddda0-ed9a-401f-b34d-d90576a8e218,c4,DROP,688,?,x9,
1769471231.7974577,RECEIVED,090220d0-b51f-41b4-af10-82e1e1ee896f,f48ba389-717c-43ab-b4fd-d4cdc2f3b672,c1,DROP,1008,e2,?,
1769471231.8632116,RECEIVED,6b92f528-d8b9-41ad-a325-7225bcf0c6fb,40013dec-99c4-46f8-9763-d099e306d7f3,c5,c1,1780,e11,?,
1769471231.8767443,SENT,f1bb1524-b486-4c3e-8b3e-68c23a95877a,53ad5517-8ac4-447b-81fb-9816a5490286,c1,DROP,684,?,x4,
1769471231.8767858,FORWARDED,f1bb1524-b486-4c3e-8b3e-68c23a95877a,53ad5517-8ac4-447b-81fb-9816a5490286,c1,DROP,684,?,x4,
1769471232.0396364,RECEIVED,43b04219-01e7-4d64-bec2-40e0df0ccbe9,29eb3d1e-8613-4e91-8d0a-faed0c0c6a17,c3,DROP,1011,e6,?,
1769471232.12048,SENT,2e0fede1-9486-40ab-b2f0-7c64d5083daf,96202b5d-fe3d-47a8-80df-a917b7064018,c4,DROP,684,?,x6,
1769471232.1205206,FORWARDED,2e0fede1-9486-40ab-b2f0-7c64d5083daf,96202b5d-fe3d-47a8-80df-a917b7064018,c4,DROP,684,?,x6,
1769471232.2062504,SENT,090220d0-b51f-41b4-af10-82e1e1ee896f,f48ba389-717c-43ab-b4fd-d4cdc2f3b672,c1,DROP,684,?,x10,
1769471232.2062922,FORWARDED,090220d0-b51f-41b4-af10-82e1e1ee896f,f48ba389-717c-43ab-b4fd-d4cdc2f3b672,c1,DROP,684,?,x10,
1769471232.2424343,SENT,6b92f528-d8b9-41ad-a325-7225bcf0c6fb,40013dec-99c4-46f8-9763-d099e306d7f3,c5,c1,1263,?,x10,
1769471232.2424757,FORWARDED,6b92f528-d8b9-41ad-a325-7225bcf0c6fb,40013dec-99c4-46f8-9763-d099e306d7f3,c5,c1,1263,?,x10,
1769471232.4029837,SENT,43b04219-01e7-4d64-bec2-40e0df0ccbe9,29eb3d1e-8613-4e91-8d0a-faed0c0c6a17,c3,DROP,687,?,x6,
1769471232.4030259,FORWARDED,43b04219-01e7-4d64-bec2-40e0df0ccbe9,29eb3d1e-8613-4e91-8d0a-faed0c0c6a17,c3,DROP,687,?,x6,
1769471232.4080405,RECEIVED,9ce4f758-72c6-405e-bb38-ab0e43f5577d,b9cd5835-38a5-40df-ab6d-9c3b66fee820,c1,DROP,440,x3,?,
1769471232.7129316,RECEIVED,ec831bda-c200-4538-8269-1b459e19d225,c500724c-522d-4048-b995-7a4a0e27b21a,c5,DROP,1013,e1,?,
1769471232.7554405,SENT,ec831bda-c200-4538-8269-1b459e19d225,c500724c-522d-4048-b995-7a4a0e27b21a,c5,DROP,687,?,x7,
1769471232.7554824,FORWARDED,ec831bda-c200-4538-8269-1b459e19d225,c500724c-522d-4048-b995-7a4a0e27b21a,c5,DROP,687,?,x7,
1769471232.955897,RECEIVED,95699c6d-bcfa-4c63-ad50-cb35f042c9c3,12050184-335c-4e4a-8a2f-18488110eee4,c4,DROP,1016,e4,?,
1769471233.0144584,RECEIVED,f3b41caa-f30d-430b-8ae8-dce8759bb311,640d3e82-312f-4de1-b35f-39d89494e5bc,c1,DROP,441,x10,?,
1769471233.2463555,SENT,95699c6d-bcfa-4c63-ad50-cb35f042c9c3,12050184-335c-4e4a-8a2f-18488110eee4,c4,DROP,688,?,x9,
1769471233.2463968,FORWARDED,95699c6d-bcfa-4c63-ad50-cb35f042c9c3,12050184-335c-4e4a-8a2f-18488110eee4,c4,DROP,688,?,x9,
1769471233.3618577,RECEIVED,3914116a-c690-47a5-8d33-36194209fc44,8eeb7cb1-ec53-483d-87dd-c481d4a409ee,c1,DROP,1010,e1,?,
1769471233.4484851,SENT,3914116a-c690-47a5-8d33-36194209fc44,8eeb7cb1-ec53-483d-87dd-c481d4a409ee,c1,DROP,684,?,x10,
1769471233.4485326,FORWARDED,3914116a-c690-47a5-8d33-36194209fc44,8eeb7cb1-ec53-483d-87dd-c481d4a409ee,c1,DROP,684,?,x10,
1769471233.6051352,RECEIVED,01240fe2-5154-40d7-b990-baa3f972a510,004f8d15-aeb2-4d77-add6-59eb2a6b0a7b,c1,DROP,1007,e8,?,
1769471233.652272,RECEIVED,08ce091b-88c8-4908-8c83-c71b1515d542,a962e55a-0422-44dc-9619-143c01dabaf7,c3,c1,1775,e2,?,
1769471233.8017824,RECEIVED,2d21eae3-689c-4fa4-80b2-acf0a68eae27,ed7f027e-0899-45d2-a6c7-5484cbba290e,c3,DROP,1015,e7,?,
1769471233.829293,RECEIVED,d16c6fbb-2904-443f-b01d-6034c5428181,639f313e-efba-40ba-82e7-53ec3e045d35,c3,DROP,1018,e1,?,
1769471233.8455837,RECEIVED,7e1c9a8b-a9df-4dae-98ff-ba6fa40eb78f,6f1ae2f4-6ca2-43ca-ba72-9389f74dfd42,c4,DROP,1020,e12,?,
1769471233.892623,RECEIVED,053188b0-76f9-46c2-bdd5-a9005cb33111,5a902b43-4969-4d2d-a0ea-11b84f9aa242,c1,DROP,1011,e7,?,
1769471233.9887166,RECEIVED,cdab7f93-6d49-474f-b2a3-173437f4860d,cf606714-a524-48fe-846a-7d3a963550e8,c3,DROP,1008,e12,?,
1769471233.9961803,SENT,01240fe2-5154-40d7-b990-baa3f972a510,004f8d15-aeb2-4d77-add6-59eb2a6b0a7b,c1,DROP,684,?,x7,
1769471233.9962194,FORWARDED,01240fe2-5154-40d7-b990-baa3f972a510,004f8d15-aeb2-4d77-add6-59eb2a6b0a7b,c1,DROP,684,?,x7,
1769471233.9971125,RECEIVED,65e97be9-2d62-4d91-8930-a328b9b9cbb4,fe99a9cf-bbb4-4fe5-ab93-bfd572093539,c1,DROP,1007,e1,?,
1769471234.0237498,SENT,08ce091b-88c8-4908-8c83-c71b1515d542,a962e55a-0422-44dc-9619-143c01dabaf7,c3,c1,1260,?,x4,
1769471234.023793,FORWARDED,08ce091b-88c8-4908-8c83-c71b1515d542,a962e55a-0422-44dc-9619-143c01dabaf7,c3,c1,1260,?,x4,
1769471234.044562,SENT,cdab7f93-6d49-474f-b2a3-173437f4860d,cf606714-a524-48fe-846a-7d3a963550e8,c3,DROP,683,?,x3,
1769471234.0446022,FORWARDED,cdab7f93-6d49-474f-b2a3-173437f4860d,cf606714-a524-48fe-846a-7d3a963550e8,c3,DROP,683,?,x3,
1769471234.0728433,RECEIVED,d51eb993-7b1a-4a48-bfa1-a7055c3de608,906ca9a3-c14d-4286-b8f8-277eb89f1d5c,c1,None,1603,e10,?,
1769471234.1289651,RECEIVED,fc2b5411-4e10-4122-a793-cd59a3faa6f6,eedc82c1-cc1a-4a9d-8b0f-0c2df201eecf,c1,DROP,445,x10,?,
1769471234.206575,RECEIVED,1818c6c4-0a03-4ab3-a495-45ab765545f2,9d103fe4-79cd-4320-a2db-feebba11be29,c4,DROP,440,x8,?,
1769471234.5886526,SENT,65e97be9-2d62-4d91-8930-a328b9b9cbb4,fe99a9cf-bbb4-4fe5-ab93-bfd572093539,c1,DROP,683,?,x4,
1769471234.588784,FORWARDED,65e97be9-2d62-4d91-8930-a328b9b9cbb4,fe99a9cf-bbb4-4fe5-ab93-bfd572093539,c1,DROP,683,?,x4,
1769471234.6571221,RECEIVED,c3489754-ab78-46e7-a5b8-acf630320fe1,33135f9d-c260-4a2d-a1e7-1a37eaa06540,c1,DROP,442,x12,?,
1769471234.734288,SENT,2d21eae3-689c-4fa4-80b2-acf0a68eae27,ed7f027e-0899-45d2-a6c7-5484cbba290e,c3,DROP,688,?,x1,
1769471234.734331,FORWARDED,2d21eae3-689c-4fa4-80b2-acf0a68eae27,ed7f027e-0899-45d2-a6c7-5484cbba290e,c3,DROP,688,?,x1,
1769471234.8416474,RECEIVED,036ec68d-14d6-46b8-b1a4-ab510e3b8889,94a331d3-7cf1-4b87-9641-41f1de6e45f4,c4,c3,1775,e5,?,
1769471234.8444102,SENT,d16c6fbb-2904-443f-b01d-6034c5428181,639f313e-efba-40ba-82e7-53ec3e045d35,c3,DROP,692,?,x11,
1769471234.8444502,FORWARDED,d16c6fbb-2904-443f-b01d-6034c5428181,639f313e-efba-40ba-82e7-53ec3e045d35,c3,DROP,692,?,x11,
1769471234.8706949,RECEIVED,b15896b2-326b-47b6-b06a-b5adafd9f6bf,a1658ddf-e96e-448f-9a5c-e4807ae346fc,c2,DROP,1010,e9,?,
1769471234.9938564,RECEIVED,9c697283-cbb4-4386-a12e-d7217fe6dfb6,b8d88ed6-a29c-4c08-8be8-d0852f37c558,c3,DROP,1007,e2,?,
1769471235.0477908,SENT,d51eb993-7b1a-4a48-bfa1-a7055c3de608,906ca9a3-c14d-4286-b8f8-277eb89f1d5c,c1,None,1129,?,x9,
1769471235.0478323,FORWARDED,d51eb993-7b1a-4a48-bfa1-a7055c3de608,906ca9a3-c14d-4286-b8f8-277eb89f1d5c,c1,None,1129,?,x9,
1769471235.0602703,SENT,b15896b2-326b-47b6-b06a-b5adafd9f6bf,a1658ddf-e96e-448f-9a5c-e4807ae346fc,c2,DROP,687,?,x2,
1769471235.0603106,FORWARDED,b15896b2-326b-47b6-b06a-b5adafd9f6bf,a1658ddf-e96e-448f-9a5c-e4807ae346fc,c2,DROP,687,?,x2,
1769471235.0916927,SENT,053188b0-76f9-46c2-bdd5-a9005cb33111,5a902b43-4969-4d2d-a0ea-11b84f9aa242,c1,DROP,686,?,x6,
1769471235.0917392,FORWARDED,053188b0-76f9-46c2-bdd5-a9005cb33111,5a902b43-4969-4d2d-a0ea-11b84f9aa242,c1,DROP,686,?,x6,
1769471235.1355917,RECEIVED,8a9db1cf-4e5d-4bac-9d07-317b4946131e,3c298157-a876-450a-9148-b6d38a812602,c5,DROP,1016,e5,?,
1769471235.307659,RECEIVED,86129583-e25d-4a64-9c05-3e660fefaa9c,e30ff8f9-635c-4ebb-a6f4-f30b12e28896,c1,None,1599,e4,?,
1769471235.3818998,RECEIVED,1175aa9b-f61c-4d1f-969f-e8bf304a2d71,47f117ec-598a-4e8a-9da8-02cb3e47f0c2,c4,DROP,1011,e10,?,
1769471235.402776,SENT,7e1c9a8b-a9df-4dae-98ff-ba6fa40eb78f,6f1ae2f4-6ca2-43ca-ba72-9389f74dfd42,c4,DROP,691,?,x10,
1769471235.4028199,FORWARDED,7e1c9a8b-a9df-4dae-98ff-ba6fa40eb78f,6f1ae2f4-6ca2-43ca-ba72-9389f74dfd42,c4,DROP,691,?,x10,
1769471235.4713347,RECEIVED,cf659025-0b33-4adf-ad20-78778aa3340f,7d0de27b-9cbb-45af-89e7-3a266d59ade4,c4,DROP,1010,e4,?,
1769471235.4939563,SENT,8a9db1cf-4e5d-4bac-9d07-317b4946131e,3c298157-a876-450a-9148-b6d38a812602,c5,DROP,688,?,x11,
1769471235.494001,FORWARDED,8a9db1cf-4e5d-4bac-9d07-317b4946131e,3c298157-a876-450a-9148-b6d38a812602,c5,DROP,688,?,x11,
1769471235.5110064,RECEIVED,e5959aa6-a231-4a16-98f2-646129b009a0,26e85998-91e4-4bd2-a462-7624cfc0281d,c3,None,1592,e7,?,
1769471235.5900445,RECEIVED,5fa0327a-0a85-4f39-a4a8-9d0ff1c9abf0,42fb7b60-6ee4-434c-845d-b531e6507a8f,c3,DROP,1016,e3,?,
1769471235.6177232,RECEIVED,5121bdb3-09ff-4e33-a1e7-c073ad8c125a,ee17b2c0-79c4-41e7-b25d-b62bd49ccf53,c4,DROP,1017,e8,?,
1769471235.6278436,SENT,e5959aa6-a231-4a16-98f2-646129b009a0,26e85998-91e4-4bd2-a462-7624cfc0281d,c3,None,1120,?,x12,
1769471235.6278849,FORWARDED,e5959aa6-a231-4a16-98f2-646129b009a0,26e85998-91e4-4bd2-a462-7624cfc0281d,c3,None,1120,?,x12,
1769471235.6882892,SENT,9c697283-cbb4-4386-a12e-d7217fe6dfb6,b8d88ed6-a29c-4c08-8be8-d0852f37c558,c3,DROP,683,?,x8,
1769471235.688329,FORWARDED,9c697283-cbb4-4386-a12e-d7217fe6dfb6,b8d88ed6-a29c-4c08-8be8-d0852f37c558,c3,DROP,683,?,x8,
1769471235.6976047,SENT,5121bdb3-09ff-4e33-a1e7-c073ad8c125a,ee17b2c0-79c4-41e7-b25d-b62bd49ccf53,c4,DROP,689,?,x10,
1769471235.6976483,FORWARDED,5121bdb3-09ff-4e33-a1e7-c073ad8c125a,ee17b2c0-79c4-41e7-b25d-b62bd49ccf53,c4,DROP,689,?,x10,
1769471235.7104187,RECEIVED,af37171d-5893-45ec-b41e-1625c5ba842d,97a59c17-aedb-499e-86cd-b7c7ac303b93,c2,DROP,1016,e10,?,
1769471235.785453,SENT,5fa0327a-0a85-4f39-a4a8-9d0ff1c9abf0,42fb7b60-6ee4-434c-845d-b531e6507a8f,c3,DROP,689,?,x7,
1769471235.7854948,FORWARDED,5fa0327a-0a85-4f39-a4a8-9d0ff1c9abf0,42fb7b60-6ee4-434c-845d-b531e6507a8f,c3,DROP,689,?,x7,
1769471235.9020123,SENT,af37171d-5893-45ec-b41e-1625c5ba842d,97a59c17-aedb-499e-86cd-b7c7ac303b93,c2,DROP,688,?,x7,
1769471235.9020684,FORWARDED,af37171d-5893-45ec-b41e-1625c5ba842d,97a59c17-aedb-499e-86cd-b7c7ac303b93,c2,DROP,688,?,x7,
1769471236.0399592,RECEIVED,f3c4ba2c-788c-4f08-adba-eec5372dcc04,44c0412b-e026-4c15-b6c4-e59e2e5a75c5,c3,DROP,1020,e1,?,
1769471236.0866022,RECEIVED,b464ed6c-6ed7-4ad6-9db0-791bc82afbce,1d8edd89-6f20-42bd-bb1b-66192fa8785a,c2,c4,1781,e12,?,
1769471236.126269,SENT,1175aa9b-f61c-4d1f-969f-e8bf304a2d71,47f117ec-598a-4e8a-9da8-02cb3e47f0c2,c4,DROP,686,?,x2,
1769471236.1263092,FORWARDED,1175aa9b-f61c-4d1f-969f-e8bf304a2d71,47f117ec-598a-4e8a-9da8-02cb3e47f0c2,c4,DROP,686,?,x2,
1769471236.2558858,SENT,cf659025-0b33-4adf-ad20-78778aa3340f,7d0de27b-9cbb-45af-89e7-3a266d59ade4,c4,DROP,685,?,x9,
1769471236.255928,FORWARDED,cf659025-0b33-4adf-ad20-78778aa3340f,7d0de27b-9cbb-45af-89e7-3a266d59ade4,c4,DROP,685,?,x9,
1769471236.270165,SENT,b464ed6c-6ed7-4ad6-9db0-791bc82afbce,1d8edd89-6f20-42bd-bb1b-66192fa8785a,c2,c4,1263,?,x12,
1769471236.2702014,FORWARDED,b464ed6c-6ed7-4ad6-9db0-791bc82afbce,1d8edd89-6f20-42bd-bb1b-66192fa8785a,c2,c4,1263,?,x12,
1769471236.3077455,SENT,f3c4ba2c-788c-4f08-adba-eec5372dcc04,44c0412b-e026-4c15-b6c4-e59e2e5a75c5,c3,DROP,692,?,x10,
1769471236.307788,FORWARDED,f3c4ba2c-788c-4f08-adba-eec5372dcc04,44c0412b-e026-4c15-b6c4-e59e2e5a75c5,c3,DROP,692,?,x10,
1769471236.3195062,RECEIVED,ad6081e6-44c4-47b1-8b59-5c53e719d0b2,643333db-17d7-4933-af39-a8f807be9811,c4,DROP,441,x11,?,
1769471236.5157933,RECEIVED,7138a2e4-48bc-4fc6-bce8-f5ed2ec23fe5,4a0e7b0a-7ab3-41bd-8c1c-375cb4eb716a,c5,c1,1770,e10,?,
1769471236.5659816,RECEIVED,7ac00698-7a96-41ef-b221-57fa4022446d,5f130bcd-ae72-4dbc-9463-5ab9f51317da,c1,DROP,1019,e12,?,
1769471236.5924888,SENT,7138a2e4-48bc-4fc6-bce8-f5ed2ec23fe5,4a0e7b0a-7ab3-41bd-8c1c-375cb4eb716a,c5,c1,1252,?,x10,
1769471236.5925336,FORWARDED,7138a2e4-48bc-4fc6-bce8-f5ed2ec23fe5,4a0e7b0a-7ab3-41bd-8c1c-375cb4eb716a,c5,c1,1252,?,x10,
1769471236.5942836,SENT,036ec68d-14d6-46b8-b1a4-ab510e3b8889,94a331d3-7cf1-4b87-9641-41f1de6e45f4,c4,c3,1260,?,x4,
1769471236.5943222,FORWARDED,036ec68d-14d6-46b8-b1a4-ab510e3b8889,94a331d3-7cf1-4b87-9641-41f1de6e45f4,c4,c3,1260,?,x4,
1769471236.6024806,RECEIVED,d87d008f-8603-4b81-b618-4f9d28c92283,39c0c28e-53c6-4cfa-9f3b-a2649830a56a,c1,None,1595,e3,?,
1769471236.759174,RECEIVED,167be27d-73bc-48a4-8353-947822522404,d2e2e3e0-7457-4467-94a6-2fcba1de6134,c2,DROP,441,x12,?,
1769471236.9559689,RECEIVED,19ae1737-068e-456d-8c70-6bdd58d42045,c6f901d3-cdb9-478d-a69c-0866c507d528,c3,DROP,1009,e2,?,
1769471236.982346,RECEIVED,1f3d6068-a725-425a-b819-71c2528172e2,b53c1374-6730-4caf-836c-9a015b2bb3c3,c4,c3,1793,e10,?,
1769471237.0932276,SENT,7ac00698-7a96-41ef-b221-57fa4022446d,5f130bcd-ae72-4dbc-9463-5ab9f51317da,c1,DROP,692,?,x9,
1769471237.0932648,FORWARDED,7ac00698-7a96-41ef-b221-57fa4022446d,5f130bcd-ae72-4dbc-9463-5ab9f51317da,c1,DROP,692,?,x9,
1769471237.193654,SENT,19ae1737-068e-456d-8c70-6bdd58d42045,c6f901d3-cdb9-478d-a69c-0866c507d528,c3,DROP,683,?,x11,
1769471237.1936936,FORWARDED,19ae1737-068e-456d-8c70-6bdd58d42045,c6f901d3-cdb9-478d-a69c-0866c507d528,c3,DROP,683,?,x11,
1769471237.4160185,SENT,86129583-e25d-4a64-9c05-3e660fefaa9c,e30ff8f9-635c-4ebb-a6f4-f30b12e28896,c1,None,1128,?,x4,
1769471237.4160788,FORWARDED,86129583-e25d-4a64-9c05-3e660fefaa9c,e30ff8f9-635c-4ebb-a6f4-f30b12e28896,c1,None,1128,?,x4,
1769471237.423499,SENT,d87d008f-8603-4b81-b618-4f9d28c92283,39c0c28e-53c6-4cfa-9f3b-a2649830a56a,c1,None,1124,?,x3,
1769471237.4235423,FORWARDED,d87d008f-8603-4b81-b618-4f9d28c92283,39c0c28e-53c6-4cfa-9f3b-a2649830a56a,c1,None,1124,?,x3,
1769471237.4379864,SENT,1f3d6068-a725-425a-b819-71c2528172e2,b53c1374-6730-4caf-836c-9a015b2bb3c3,c4,c3,1270,?,x12,
1769471237.4380286,FORWARDED,1f3d6068-a725-425a-b819-71c2528172e2,b53c1374-6730-4caf-836c-9a015b2bb3c3,c4,c3,1270,?,x12,
1769471237.4835997,RECEIVED,9ab376b4-17f6-4cb5-852c-84fa22cd2735,5b59c34b-9aad-4395-b179-10320460a1ec,c4,DROP,1014,e7,?,
1769471237.5194547,RECEIVED,e859cca8-4c4e-4d7b-a486-35bdb140139a,2b79a8fd-d2cc-49df-8814-676d8291b820,c1,DROP,1011,e7,?,
1769471237.5434222,RECEIVED,031f58a2-4a9a-4fbf-8cf9-6f9b10d81367,c0789f62-049b-4eb1-8b44-aa2e7ac17a44,c2,DROP,1009,e11,?,
1769471237.601187,SENT,031f58a2-4a9a-4fbf-8cf9-6f9b10d81367,c0789f62-049b-4eb1-8b44-aa2e7ac17a44,c2,DROP,684,?,x3,
1769471237.6012278,FORWARDED,031f58a2-4a9a-4fbf-8cf9-6f9b10d81367,c0789f62-049b-4eb1-8b44-aa2e7ac17a44,c2,DROP,684,?,x3,
1769471237.6112688,RECEIVED,d1951965-6982-4bc0-9c6d-8e634f6ed43f,7c8329ef-f6e9-4dfc-9e05-a5f2865cdd1f,c4,c3,1779,e10,?,
1769471237.635118,RECEIVED,f4c0c4bb-17cf-4a75-a60c-d2661f573efc,5ad9825b-3b02-4924-be56-2a46ba55cb57,c2,DROP,1017,e10,?,
1769471237.7165809,SENT,e859cca8-4c4e-4d7b-a486-35bdb140139a,2b79a8fd-d2cc-49df-8814-676d8291b820,c1,DROP,685,?,x6,
1769471237.7166233,FORWARDED,e859cca8-4c4e-4d7b-a486-35bdb140139a,2b79a8fd-d2cc-49df-8814-676d8291b820,c1,DROP,685,?,x6,
1769471237.7257361,RECEIVED,ae3a1ac0-c454-4be2-a9fe-8b122fec15d8,38bde48a-f27f-4d48-8592-561c9415e604,c4,c3,1780,e1,?,
1769471237.77147,SENT,f4c0c4bb-17cf-4a75-a60c-d2661f573efc,5ad9825b-3b02-4924-be56-2a46ba55cb57,c2,DROP,690,?,x12,
1769471237.7715101,FORWARDED,f4c0c4bb-17cf-4a75-a60c-d2661f573efc,5ad9825b-3b02-4924-be56-2a46ba55cb57,c2,DROP,690,?,x12,
1769471237.9384968,RECEIVED,2d94ce6f-a48d-48d3-b24a-5c04ec5e456c,daff07ae-79c9-4c1a-b726-c3bb55109603,c5,c1,1776,e3,?,
1769471237.9820874,SENT,2d94ce6f-a48d-48d3-b24a-5c04ec5e456c,daff07ae-79c9-4c1a-b726-c3bb55109603,c5,c1,1260,?,x1,
1769471237.9821315,FORWARDED,2d94ce6f-a48d-48d3-b24a-5c04ec5e456c,daff07ae-79c9-4c1a-b726-c3bb55109603,c5,c1,1260,?,x1,
1769471238.3063364,RECEIVED,45c3c8e1-04b0-4cda-8ff2-63be9e58d92c,beabe238-9a49-45c9-ac85-1895ae2024f6,c5,DROP,1016,e9,?,
1769471238.3296957,RECEIVED,a54c6074-4de6-407b-b14b-2e0a65abd4af,e3150a9b-f0d5-46f8-b2b0-bed537c43d68,c2,DROP,1008,e1,?,
1769471238.5105286,RECEIVED,ceeb8ee8-dec4-41ba-802b-79a59b3a7dda,5c0096f2-a3cf-4028-a7a9-4ea64e5ebbc2,c5,DROP,1008,e6,?,
1769471238.5637217,RECEIVED,7aef6103-ed49-4318-ae15-6a02be4cc526,3d32733a-bfb1-46c8-a07a-137d6877ee11,c4,c3,1784,e2,?,
1769471238.5879276,SENT,ceeb8ee8-dec4-41ba-802b-79a59b3a7dda,5c0096f2-a3cf-4028-a7a9-4ea64e5ebbc2,c5,DROP,684,?,x5,
1769471238.5879712,FORWARDED,ceeb8ee8-dec4-41ba-802b-79a59b3a7dda,5c0096f2-a3cf-4028-a7a9-4ea64e5ebbc2,c5,DROP,684,?,x5,
1769471238.6003165,SENT,d1951965-6982-4bc0-9c6d-8e634f6ed43f,7c8329ef-f6e9-4dfc-9e05-a5f2865cdd1f,c4,c3,1262,?,x1,
1769471238.6003559,FORWARDED,d1951965-6982-4bc0-9c6d-8e634f6ed43f,7c8329ef-f6e9-4dfc-9e05-a5f2865cdd1f,c4,c3,1262,?,x1,
1769471238.6036026,SENT,ae3a1ac0-c454-4be2-a9fe-8b122fec15d8,38bde48a-f27f-4d48-8592-561c9415e604,c4,c3,1263,?,x10,
1769471238.603645,FORWARDED,ae3a1ac0-c454-4be2-a9fe-8b122fec15d8,38bde48a-f27f-4d48-8592-561c9415e604,c4,c3,1263,?,x10,
1769471238.6149058,SENT,9ab376b4-17f6-4cb5-852c-84fa22cd2735,5b59c34b-9aad-4395-b179-10320460a1ec,c4,DROP,688,?,x2,
1769471238.6149473,FORWARDED,9ab376b4-17f6-4cb5-852c-84fa22cd2735,5b59c34b-9aad-4395-b179-10320460a1ec,c4,DROP,688,?,x2,
1769471238.627239,SENT,a54c6074-4de6-407b-b14b-2e0a65abd4af,e3150a9b-f0d5-46f8-b2b0-bed537c43d68,c2,DROP,684,?,x11,
1769471238.6272783,FORWARDED,a54c6074-4de6-407b-b14b-2e0a65abd4af,e3150a9b-f0d5-46f8-b2b0-bed537c43d68,c2,DROP,684,?,x11,
1769471238.904381,SENT,45c3c8e1-04b0-4cda-8ff2-63be9e58d92c,beabe238-9a49-45c9-ac85-1895ae2024f6,c5,DROP,688,?,x11,
1769471238.9044235,FORWARDED,45c3c8e1-04b0-4cda-8ff2-63be9e58d92c,beabe238-9a49-45c9-ac85-1895ae2024f6,c5,DROP,688,?,x11,
1769471238.9408157,RECEIVED,5164b8b0-0b1a-4d2b-ab87-e49e60ccbddb,9af4aadd-63dd-487e-a021-6b820095c9a0,c1,None,1607,e7,?,
1769471239.1839495,RECEIVED,ca661bc4-61ae-4e11-b983-b2c733fd51bc,adc7d984-b962-44d9-b635-af16ab91f4c5,c2,DROP,1007,e3,?,
1769471239.2694054,SENT,5164b8b0-0b1a-4d2b-ab87-e49e60ccbddb,9af4aadd-63dd-487e-a021-6b820095c9a0,c1,None,1132,?,x10,
1769471239.2694507,FORWARDED,5164b8b0-0b1a-4d2b-ab87-e49e60ccbddb,9af4aadd-63dd-487e-a021-6b820095c9a0,c1,None,1132,?,x10,
1769471239.6622264,SENT,7aef6103-ed49-4318-ae15-6a02be4cc526,3d32733a-bfb1-46c8-a07a-137d6877ee11,c4,c3,1264,?,x11,
1769471239.662269,FORWARDED,7aef6103-ed49-4318-ae15-6a02be4cc526,3d32733a-bfb1-46c8-a07a-137d6877ee11,c4,c3,1264,?,x11,
1769471239.6660974,RECEIVED,65b06faa-9b85-4d54-82ff-4201c242fcff,e65ad87f-5632-4737-a0fc-661993a7c06e,c5,DROP,442,x7,?,
1769471239.8704057,RECEIVED,fab9dd20-5b92-4962-9526-cdfdb375af7e,386678d8-6ee5-4e5e-b5b4-c2c688207d9a,c5,DROP,1017,e2,?,
1769471239.9662395,SENT,fab9dd20-5b92-4962-9526-cdfdb375af7e,386678d8-6ee5-4e5e-b5b4-c2c688207d9a,c5,DROP,689,?,x7,
1769471239.9662778,FORWARDED,fab9dd20-5b92-4962-9526-cdfdb375af7e,386678d8-6ee5-4e5e-b5b4-c2c688207d9a,c5,DROP,689,?,x7,
1769471240.3935473,RECEIVED,5456dd28-617b-4409-b466-232b06aa3fdc,af772c91-a174-4bd2-b9a2-f8d2f7250de5,c5,DROP,1010,e10,?,
1769471240.4454966,RECEIVED,ff536dff-4b43-4ef6-9e95-747cab09403d,7e71b47d-01eb-48af-b11b-1f61cc2810f4,c1,DROP,441,x6,?,
1769471240.4581983,SENT,ca661bc4-61ae-4e11-b983-b2c733fd51bc,adc7d984-b962-44d9-b635-af16ab91f4c5,c2,DROP,683,?,x4,
1769471240.4582398,FORWARDED,ca661bc4-61ae-4e11-b983-b2c733fd51bc,adc7d984-b962-44d9-b635-af16ab91f4c5,c2,DROP,683,?,x4,
1769471240.6019752,RECEIVED,ccb93ec0-cae5-4505-a178-eb96e4c42f62,588a459e-a161-46c1-a28b-d9729c7554cf,c4,c3,1776,e2,?,
1769471240.6129172,RECEIVED,1c3fb47e-ba08-430c-bede-82095f9404a5,76bba1aa-f120-476f-930f-fcd4302e5ac3,c1,c3,1785,e6,?,
1769471240.6777513,SENT,1c3fb47e-ba08-430c-bede-82095f9404a5,76bba1aa-f120-476f-930f-fcd4302e5ac3,c1,c3,1264,?,x3,
1769471240.6777952,FORWARDED,1c3fb47e-ba08-430c-bede-82095f9404a5,76bba1aa-f120-476f-930f-fcd4302e5ac3,c1,c3,1264,?,x3,
1769471240.9588647,RECEIVED,dbab1bc7-69f6-4382-8215-979bff3d11dd,01bd268b-d7a4-4b5c-94c0-2cfd0ff70977,c1,None,1595,e8,?,
1769471240.9703295,SENT,5456dd28-617b-4409-b466-232b06aa3fdc,af772c91-a174-4bd2-b9a2-f8d2f7250de5,c5,DROP,687,?,x9,
1769471240.970374,FORWARDED,5456dd28-617b-4409-b466-232b06aa3fdc,af772c91-a174-4bd2-b9a2-f8d2f7250de5,c5,DROP,687,?,x9,
1769471240.9948428,SENT,ccb93ec0-cae5-4505-a178-eb96e4c42f62,588a459e-a161-46c1-a28b-d9729c7554cf,c4,c3,1259,?,x7,
1769471240.9948864,FORWARDED,ccb93ec0-cae5-4505-a178-eb96e4c42f62,588a459e-a161-46c1-a28b-d9729c7554cf,c4,c3,1259,?,x7,
1769471241.000065,RECEIVED,953b8ece-3552-42e5-8e08-a7b0b9230c3e,65f61bf5-2bb0-42a2-b815-71d661690b3b,c3,DROP,441,x9,?,
1769471241.1273682,RECEIVED,374eb169-9240-4a55-a21c-6889a936550a,94cd3c91-615d-4d8d-b471-40f153a69dcb,c3,None,1594,e7,?,
1769471241.252676,RECEIVED,3f513049-d58f-43d7-8ab3-be48d33d00aa,18e9bbcf-028b-4674-8eba-d498ec07951a,c3,None,1600,e4,?,
1769471241.2619026,SENT,374eb169-9240-4a55-a21c-6889a936550a,94cd3c91-615d-4d8d-b471-40f153a69dcb,c3,None,1124,?,x11,
1769471241.2619472,FORWARDED,374eb169-9240-4a55-a21c-6889a936550a,94cd3c91-615d-4d8d-b471-40f153a69dcb,c3,None,1124,?,x11,
1769471241.479168,SENT,dbab1bc7-69f6-4382-8215-979bff3d11dd,01bd268b-d7a4-4b5c-94c0-2cfd0ff70977,c1,None,1123,?,x7,
1769471241.4792132,FORWARDED,dbab1bc7-69f6-4382-8215-979bff3d11dd,01bd268b-d7a4-4b5c-94c0-2cfd0ff70977,c1,None,1123,?,x7,
1769471241.7871006,SENT,3f513049-d58f-43d7-8ab3-be48d33d00aa,18e9bbcf-028b-4674-8eba-d498ec07951a,c3,None,1127,?,x10,
1769471241.787146,FORWARDED,3f513049-d58f-43d7-8ab3-be48d33d00aa,18e9bbcf-028b-4674-8eba-d498ec07951a,c3,None,1127,?,x10,
1769471241.8625197,RECEIVED,a0aae350-5fa8-4a39-911a-3b50a5ac009a,d4359a89-886a-4c26-8107-4599c7ce869d,c1,DROP,1007,e1,?,
1769471241.8713706,RECEIVED,f58eb6ba-a100-4d11-8a4e-f4a87dc7adfb,47fd9e68-9660-456c-ac5a-527665be36d2,c1,DROP,1012,e2,?,
1769471241.9402747,RECEIVED,71b0b567-a698-4a31-bc80-41ab39d4a045,cadff7b2-2958-4911-be6c-8554545dbd17,c2,DROP,1008,e10,?,
1769471242.1494527,SENT,71b0b567-a698-4a31-bc80-41ab39d4a045,cadff7b2-2958-4911-be6c-8554545dbd17,c2,DROP,683,?,x9,
1769471242.149493,FORWARDED,71b0b567-a698-4a31-bc80-41ab39d4a045,cadff7b2-2958-4911-be6c-8554545dbd17,c2,DROP,683,?,x9,
1769471242.3078682,RECEIVED,66af57d5-6bfe-4919-a36e-50ac5236a574,d25bacc6-f5fa-4b83-bed9-827906bf4d8d,c5,c1,1776,e9,?,
1769471242.4607308,RECEIVED,377d5f74-5245-45c3-b334-c9b24ad4150b,8d30ec2a-4974-4023-af15-1529bfce3a20,c5,c1,1776,e2,?,
1769471242.4929864,SENT,66af57d5-6bfe-4919-a36e-50ac5236a574,d25bacc6-f5fa-4b83-bed9-827906bf4d8d,c5,c1,1259,?,x11,
1769471242.4930294,FORWARDED,66af57d5-6bfe-4919-a36e-50ac5236a574,d25bacc6-f5fa-4b83-bed9-827906bf4d8d,c5,c1,1259,?,x11,
1769471242.6703284,RECEIVED,044f574f-eb5a-41cf-8d73-595edc92e68d,e9d4b463-c805-4928-bc3e-1ff19e23c631,c5,DROP,1008,e1,?,
1769471242.7024493,RECEIVED,def39198-c3cd-47ab-908a-33964de600ab,35d9d829-a22a-401f-9550-3c08cbe11cad,c4,DROP,1007,e11,?,
1769471242.733961,SENT,a0aae350-5fa8-4a39-911a-3b50a5ac009a,d4359a89-886a-4c26-8107-4599c7ce869d,c1,DROP,682,?,x10,
1769471242.7339985,FORWARDED,a0aae350-5fa8-4a39-911a-3b50a5ac009a,d4359a89-886a-4c26-8107-4599c7ce869d,c1,DROP,682,?,x10,
1769471242.8402371,SENT,f58eb6ba-a100-4d11-8a4e-f4a87dc7adfb,47fd9e68-9660-456c-ac5a-527665be36d2,c1,DROP,686,?,x10,
1769471242.8402793,FORWARDED,f58eb6ba-a100-4d11-8a4e-f4a87dc7adfb,47fd9e68-9660-456c-ac5a-527665be36d2,c1,DROP,686,?,x10,
1769471243.1564417,RECEIVED,8e1f5338-24ef-4ef1-ad64-4ac9ac8bbc42,5ef1cf4c-c0e1-4d61-acb2-d3f530bf7ba3,c3,DROP,1008,e4,?,
1769471243.2717307,RECEIVED,580d66bd-5afb-4d6d-8aaf-45c00b95285f,7f4a52c8-d6e2-445d-82d7-757fcfafd300,c1,DROP,1019,e11,?,
1769471243.398353,SENT,044f574f-eb5a-41cf-8d73-595edc92e68d,e9d4b463-c805-4928-bc3e-1ff19e23c631,c5,DROP,684,?,x11,
1769471243.3983972,FORWARDED,044f574f-eb5a-41cf-8d73-595edc92e68d,e9d4b463-c805-4928-bc3e-1ff19e23c631,c5,DROP,684,?,x11,
1769471243.4321465,RECEIVED,0d18b430-7e8c-43b8-838c-b0255a0cf8d5,8521e4b3-3e75-4963-b90e-e115d7cf72cd,c2,DROP,442,x2,?,
1769471243.445037,SENT,377d5f74-5245-45c3-b334-c9b24ad4150b,8d30ec2a-4974-4023-af15-1529bfce3a20,c5,c1,1259,?,x10,
1769471243.445124,FORWARDED,377d5f74-5245-45c3-b334-c9b24ad4150b,8d30ec2a-4974-4023-af15-1529bfce3a20,c5,c1,1259,?,x10,
1769471243.5150602,SENT,def39198-c3cd-47ab-908a-33964de600ab,35d9d829-a22a-401f-9550-3c08cbe11cad,c4,DROP,684,?,x4,
1769471243.5151124,FORWARDED,def39198-c3cd-47ab-908a-33964de600ab,35d9d829-a22a-401f-9550-3c08cbe11cad,c4,DROP,684,?,x4,
1769471243.9122386,SENT,580d66bd-5afb-4d6d-8aaf-45c00b95285f,7f4a52c8-d6e2-445d-82d7-757fcfafd300,c1,DROP,692,?,x8,
1769471243.9122772,FORWARDED,580d66bd-5afb-4d6d-8aaf-45c00b95285f,7f4a52c8-d6e2-445d-82d7-757fcfafd300,c1,DROP,692,?,x8,
1769471243.992366,RECEIVED,783fca78-e7f2-426a-a3a2-c653d37db2fc,0bed02e8-8472-407a-a6e6-737ecaa7b71a,c5,DROP,1008,e8,?,
1769471244.2694042,RECEIVED,4b0eb9ca-57fc-423f-ab7d-d422837f4518,4fac869f-cbbc-4e6b-b3ae-25de5c5e8b2a,c3,DROP,1011,e7,?,
1769471244.2704246,RECEIVED,7c8863e6-14ec-42d2-bd2d-fa88f3536983,b7162071-2807-48fc-892b-70fb12023750,c3,c1,1783,e12,?,
1769471244.4048612,SENT,7c8863e6-14ec-42d2-bd2d-fa88f3536983,b7162071-2807-48fc-892b-70fb12023750,c3,c1,1264,?,x6,
1769471244.4049044,FORWARDED,7c8863e6-14ec-42d2-bd2d-fa88f3536983,b7162071-2807-48fc-892b-70fb12023750,c3,c1,1264,?,x6,
1769471244.4845848,RECEIVED,f8c0d0ae-6f9a-4470-b25e-c9e326cc1810,1c03a96d-3c1f-4b62-9a0e-67ca8615f90f,c4,c3,1774,e10,?,
1769471244.4992235,RECEIVED,b058fefb-6e94-43b2-bd12-46d3fb090371,ad5fe368-ae40-4209-b35b-16e2525ea632,c2,DROP,1008,e11,?,
1769471244.5543485,RECEIVED,aef7ffe7-8a4d-4049-875b-16f8541f2e62,e4b8e7ef-b86f-4989-b7eb-d665629b2d4c,c5,c1,1772,e1,?,
1769471244.5785956,SENT,4b0eb9ca-57fc-423f-ab7d-d422837f4518,4fac869f-cbbc-4e6b-b3ae-25de5c5e8b2a,c3,DROP,687,?,x4,
1769471244.5786374,FORWARDED,4b0eb9ca-57fc-423f-ab7d-d422837f4518,4fac869f-cbbc-4e6b-b3ae-25de5c5e8b2a,c3,DROP,687,?,x4,
1769471244.702525,SENT,8e1f5338-24ef-4ef1-ad64-4ac9ac8bbc42,5ef1cf4c-c0e1-4d61-acb2-d3f530bf7ba3,c3,DROP,683,?,x11,
1769471244.7025688,FORWARDED,8e1f5338-24ef-4ef1-ad64-4ac9ac8bbc42,5ef1cf4c-c0e1-4d61-acb2-d3f530bf7ba3,c3,DROP,683,?,x11,
1769471244.7473445,SENT,b058fefb-6e94-43b2-bd12-46d3fb090371,ad5fe368-ae40-4209-b35b-16e2525ea632,c2,DROP,684,?,x7,
1769471244.7473867,FORWARDED,b058fefb-6e94-43b2-bd12-46d3fb090371,ad5fe368-ae40-4209-b35b-16e2525ea632,c2,DROP,684,?,x7,
1769471244.7693284,RECEIVED,805e4d42-6bfc-4cb5-acde-b48981c6ca31,64eb6f81-8291-4fba-948a-4d7734792b68,c1,DROP,1007,e4,?,
1769471244.772939,RECEIVED,51817400-da1d-4557-9756-52d36d27ae4d,dbee369a-73f1-4ab5-9d17-bd7136b011d0,c4,DROP,1020,e12,?,
1769471244.8475046,SENT,783fca78-e7f2-426a-a3a2-c653d37db2fc,0bed02e8-8472-407a-a6e6-737ecaa7b71a,c5,DROP,684,?,x10,
1769471244.847548,FORWARDED,783fca78-e7f2-426a-a3a2-c653d37db2fc,0bed02e8-8472-407a-a6e6-737ecaa7b71a,c5,DROP,684,?,x10,
1769471245.028698,SENT,aef7ffe7-8a4d-4049-875b-16f8541f2e62,e4b8e7ef-b86f-4989-b7eb-d665629b2d4c,c5,c1,1255,?,x1,
1769471245.0287385,FORWARDED,aef7ffe7-8a4d-4049-875b-16f8541f2e62,e4b8e7ef-b86f-4989-b7eb-d665629b2d4c,c5,c1,1255,?,x1,
1769471245.0344133,RECEIVED,f1b2757f-b903-49c0-9578-cdf6c11068c8,6f687f58-30e0-40fd-8ada-493ec1ddf37e,c3,DROP,1015,e8,?,
1769471245.1385117,SENT,f8c0d0ae-6f9a-4470-b25e-c9e326cc1810,1c03a96d-3c1f-4b62-9a0e-67ca8615f90f,c4,c3,1259,?,x9,
1769471245.1385548,FORWARDED,f8c0d0ae-6f9a-4470-b25e-c9e326cc1810,1c03a96d-3c1f-4b62-9a0e-67ca8615f90f,c4,c3,1259,?,x9,
1769471245.1635282,RECEIVED,3d315666-056c-4621-941a-b3d76e3555d1,e91ec494-dfbc-4964-9b12-ce2796c7f1b7,c1,DROP,1018,e9,?,
1769471245.2400033,SENT,3d315666-056c-4621-941a-b3d76e3555d1,e91ec494-dfbc-4964-9b12-ce2796c7f1b7,c1,DROP,688,?,x12,
1769471245.2400563,FORWARDED,3d315666-056c-4621-941a-b3d76e3555d1,e91ec494-dfbc-4964-9b12-ce2796c7f1b7,c1,DROP,688,?,x12,
1769471245.332493,RECEIVED,b0fec321-0933-490c-899d-b7cbf1abedd3,e0bf5321-b153-468a-a458-6a740b99bb66,c3,DROP,1006,e7,?,
1769471245.4204798,RECEIVED,8e198a83-e7b9-4e3c-86fc-329325ffba58,17e78772-7ed4-4be3-a939-54567dfe68a5,c4,DROP,1011,e3,?,
1769471245.5126235,SENT,805e4d42-6bfc-4cb5-acde-b48981c6ca31,64eb6f81-8291-4fba-948a-4d7734792b68,c1,DROP,683,?,x7,
1769471245.5126653,FORWARDED,805e4d42-6bfc-4cb5-acde-b48981c6ca31,64eb6f81-8291-4fba-948a-4d7734792b68,c1,DROP,683,?,x7,
1769471245.535977,RECEIVED,e08c1344-6bcb-43f7-8570-2e5277a877d1,9eefa05c-dd56-4d61-a4dd-545f405b7ee1,c2,DROP,1017,e1,?,
1769471245.5649292,SENT,f1b2757f-b903-49c0-9578-cdf6c11068c8,6f687f58-30e0-40fd-8ada-493ec1ddf37e,c3,DROP,688,?,x1,
1769471245.5649824,FORWARDED,f1b2757f-b903-49c0-9578-cdf6c11068c8,6f687f58-30e0-40fd-8ada-493ec1ddf37e,c3,DROP,688,?,x1,
1769471245.5668466,RECEIVED,bd3c16b5-999a-4a0d-85d4-e8efbfd27123,1059342c-ab6b-4723-b6dd-d65b60cf6745,c1,DROP,1008,e12,?,
1769471245.58771,RECEIVED,4852106b-54ae-4e80-b3a9-58d32722b6ab,22a03bcd-496b-4559-b658-ce4533fb2e66,c2,c4,1771,e9,?,
1769471245.6793766,SENT,e08c1344-6bcb-43f7-8570-2e5277a877d1,9eefa05c-dd56-4d61-a4dd-545f405b7ee1,c2,DROP,689,?,x10,
1769471245.6794193,FORWARDED,e08c1344-6bcb-43f7-8570-2e5277a877d1,9eefa05c-dd56-4d61-a4dd-545f405b7ee1,c2,DROP,689,?,x10,
1769471245.7069776,RECEIVED,df87b722-dc0b-4814-9916-2865455f891b,3921eba3-cbf3-492b-b8bc-f5737ad227ec,c2,DROP,1007,e1,?,
1769471245.7812142,SENT,df87b722-dc0b-4814-9916-2865455f891b,3921eba3-cbf3-492b-b8bc-f5737ad227ec,c2,DROP,684,?,x5,
1769471245.7812538,FORWARDED,df87b722-dc0b-4814-9916-2865455f891b,3921eba3-cbf3-492b-b8bc-f5737ad227ec,c2,DROP,684,?,x5,
1769471245.9240038,RECEIVED,f59eb609-58cb-486e-8333-b5dfa5106a39,207bd116-baaf-445b-a97c-4a037439b9fa,c2,DROP,440,x4,?,
1769471245.9811363,SENT,8e198a83-e7b9-4e3c-86fc-329325ffba58,17e78772-7ed4-4be3-a939-54567dfe68a5,c4,DROP,687,?,x7,
1769471245.9811778,FORWARDED,8e198a83-e7b9-4e3c-86fc-329325ffba58,17e78772-7ed4-4be3-a939-54567dfe68a5,c4,DROP,687,?,x7,
1769471246.0232575,SENT,bd3c16b5-999a-4a0d-85d4-e8efbfd27123,1059342c-ab6b-4723-b6dd-d65b60cf6745,c1,DROP,682,?,x8,
1769471246.0232987,FORWARDED,bd3c16b5-999a-4a0d-85d4-e8efbfd27123,1059342c-ab6b-4723-b6dd-d65b60cf6745,c1,DROP,682,?,x8,
1769471246.123659,RECEIVED,e08d1087-fddb-4427-8e16-166f15a8ec1c,e8433a33-ab9b-4734-a623-d063e1184ba1,c4,c3,1772,e6,?,
1769471246.1446874,SENT,4852106b-54ae-4e80-b3a9-58d32722b6ab,22a03bcd-496b-4559-b658-ce4533fb2e66,c2,c4,1256,?,x3,
1769471246.144728,FORWARDED,4852106b-54ae-4e80-b3a9-58d32722b6ab,22a03bcd-496b-4559-b658-ce4533fb2e66,c2,c4,1256,?,x3,
1769471246.3258865,RECEIVED,6ceca507-f5f9-4d6d-95f1-d2a26a3e8e5b,cb842129-b760-41b4-9499-75556f443664,c4,DROP,1020,e10,?,
1769471246.4329722,SENT,e08d1087-fddb-4427-8e16-166f15a8ec1c,e8433a33-ab9b-4734-a623-d063e1184ba1,c4,c3,1255,?,x11,
1769471246.4330103,FORWARDED,e08d1087-fddb-4427-8e16-166f15a8ec1c,e8433a33-ab9b-4734-a623-d063e1184ba1,c4,c3,1255,?,x11,
1769471246.5886667,SENT,6ceca507-f5f9-4d6d-95f1-d2a26a3e8e5b,cb842129-b760-41b4-9499-75556f443664,c4,DROP,691,?,x12,
1769471246.5887086,FORWARDED,6ceca507-f5f9-4d6d-95f1-d2a26a3e8e5b,cb842129-b760-41b4-9499-75556f443664,c4,DROP,691,?,x12,
1769471246.6072295,RECEIVED,a14d360e-8853-4abf-b20e-40994ca55bc7,e828c221-f6e8-47a4-8b43-ccea15406ddf,c3,c1,1776,e9,?,
1769471246.683153,RECEIVED,24bdd4c7-1432-4612-b5c7-ef1fbeb89354,927b5274-aee8-4e71-b253-3dcf78288f9f,c4,DROP,1011,e5,?,
1769471246.6893535,RECEIVED,86df7f88-84f4-4c03-a116-87eb14c553b4,4bddf653-696b-440d-98a3-9935bad1f766,c4,DROP,1007,e11,?,
1769471246.7951782,SENT,86df7f88-84f4-4c03-a116-87eb14c553b4,4bddf653-696b-440d-98a3-9935bad1f766,c4,DROP,684,?,x4,
1769471246.7952182,FORWARDED,86df7f88-84f4-4c03-a116-87eb14c553b4,4bddf653-696b-440d-98a3-9935bad1f766,c4,DROP,684,?,x4,
1769471246.8383837,SENT,a14d360e-8853-4abf-b20e-40994ca55bc7,e828c221-f6e8-47a4-8b43-ccea15406ddf,c3,c1,1259,?,x8,
1769471246.8384254,FORWARDED,a14d360e-8853-4abf-b20e-40994ca55bc7,e828c221-f6e8-47a4-8b43-ccea15406ddf,c3,c1,1259,?,x8,
1769471246.9678752,SENT,b0fec321-0933-490c-899d-b7cbf1abedd3,e0bf5321-b153-468a-a458-6a740b99bb66,c3,DROP,683,?,x3,
1769471246.9681273,FORWARDED,b0fec321-0933-490c-899d-b7cbf1abedd3,e0bf5321-b153-468a-a458-6a740b99bb66,c3,DROP,683,?,x3,
1769471247.3478398,SENT,24bdd4c7-1432-4612-b5c7-ef1fbeb89354,927b5274-aee8-4e71-b253-3dcf78288f9f,c4,DROP,687,?,x3,
1769471247.3480568,FORWARDED,24bdd4c7-1432-4612-b5c7-ef1fbeb89354,927b5274-aee8-4e71-b253-3dcf78288f9f,c4,DROP,687,?,x3,
1769471247.3482084,RECEIVED,68e0fd54-9d3c-4b9a-9d60-228f4d9d7414,8db2b6f4-78fa-4554-8fd8-0e537aae4663,c3,None,1603,e4,?,
1769471247.4331756,SENT,51817400-da1d-4557-9756-52d36d27ae4d,dbee369a-73f1-4ab5-9d17-bd7136b011d0,c4,DROP,691,?,x11,
1769471247.433225,FORWARDED,51817400-da1d-4557-9756-52d36d27ae4d,dbee369a-73f1-4ab5-9d17-bd7136b011d0,c4,DROP,691,?,x11,
1769471247.5773964,RECEIVED,730ce03f-5605-4ac6-b1f0-78a56157976c,5a4019a0-d130-48b7-8a47-ea804bf5e977,c3,DROP,1011,e12,?,
1769471247.6199386,SENT,68e0fd54-9d3c-4b9a-9d60-228f4d9d7414,8db2b6f4-78fa-4554-8fd8-0e537aae4663,c3,None,1131,?,x7,
1769471247.6199813,FORWARDED,68e0fd54-9d3c-4b9a-9d60-228f4d9d7414,8db2b6f4-78fa-4554-8fd8-0e537aae4663,c3,None,1131,?,x7,
1769471247.7032614,RECEIVED,07e0da12-46a3-49b0-b0f6-6504b80ce347,142e492b-284b-4884-b487-87e1dae0943f,c5,DROP,1006,e12,?,
1769471248.0301387,RECEIVED,04591036-b01c-452e-9bd2-bd9a9021bb91,a7c6359f-e06f-4f48-8189-be332f6748a5,c1,DROP,1017,e6,?,
1769471248.0470428,RECEIVED,3cde7995-dfab-4d76-8ebb-3c7ff08e3d52,6bd44bbd-529d-4e5d-b06c-64de09dc03e8,c4,DROP,1007,e5,?,
1769471248.1238925,SENT,04591036-b01c-452e-9bd2-bd9a9021bb91,a7c6359f-e06f-4f48-8189-be332f6748a5,c1,DROP,688,?,x9,
1769471248.1239326,FORWARDED,04591036-b01c-452e-9bd2-bd9a9021bb91,a7c6359f-e06f-4f48-8189-be332f6748a5,c1,DROP,688,?,x9,
1769471248.2243292,RECEIVED,84a3d040-fbad-4c28-be0a-e52e9a9316de,4a32c523-58f6-4f40-bbd5-74baa249af39,c4,DROP,1017,e8,?,
1769471248.2919743,RECEIVED,24b0ea77-42c6-47dd-8972-50d2fdd144a8,345178ba-e383-4bd9-a259-1d115c42bbb6,c3,DROP,437,x6,?,
1769471248.3112028,SENT,84a3d040-fbad-4c28-be0a-e52e9a9316de,4a32c523-58f6-4f40-bbd5-74baa249af39,c4,DROP,688,?,x9,
1769471248.311245,FORWARDED,84a3d040-fbad-4c28-be0a-e52e9a9316de,4a32c523-58f6-4f40-bbd5-74baa249af39,c4,DROP,688,?,x9,
1769471248.314721,SENT,730ce03f-5605-4ac6-b1f0-78a56157976c,5a4019a0-d130-48b7-8a47-ea804bf5e977,c3,DROP,687,?,x1,
1769471248.3147635,FORWARDED,730ce03f-5605-4ac6-b1f0-78a56157976c,5a4019a0-d130-48b7-8a47-ea804bf5e977,c3,DROP,687,?,x1,
1769471248.379135,RECEIVED,d12944f3-c0cd-4f67-b2ae-fc831b2133b8,68a613ca-270b-4fd8-81c6-a6ed334975e4,c1,c3,1776,e3,?,
1769471248.4009044,RECEIVED,0540287d-2f1d-4080-ab7d-584251e1cd4b,3f232b70-7397-4dd0-9133-d49595749f36,c1,None,1606,e2,?,
1769471248.5231774,SENT,07e0da12-46a3-49b0-b0f6-6504b80ce347,142e492b-284b-4884-b487-87e1dae0943f,c5,DROP,683,?,x9,
1769471248.52322,FORWARDED,07e0da12-46a3-49b0-b0f6-6504b80ce347,142e492b-284b-4884-b487-87e1dae0943f,c5,DROP,683,?,x9,
1769471248.5470836,SENT,d12944f3-c0cd-4f67-b2ae-fc831b2133b8,68a613ca-270b-4fd8-81c6-a6ed334975e4,c1,c3,1259,?,x9,
1769471248.547126,FORWARDED,d12944f3-c0cd-4f67-b2ae-fc831b2133b8,68a613ca-270b-4fd8-81c6-a6ed334975e4,c1,c3,1259,?,x9,
1769471248.624161,RECEIVED,c4da5353-1c0a-4af6-b2b4-5e8dc7eebdef,3a677ae5-7ca1-4c62-9896-e99a41f2b49e,c2,DROP,1012,e6,?,
1769471248.7124705,RECEIVED,3e8d5fca-8348-47f2-bf95-0a4c9bdb6a7a,b1a95877-a233-4de2-bc39-3fca0d5b4bde,c4,None,1595,e3,?,
1769471248.7427301,RECEIVED,edcadc93-1c4c-45d1-84e3-7be06f481568,f9deee3f-0f16-4c37-aefc-6306dd8c9afb,c4,c3,1776,e8,?,
1769471248.8512907,SENT,c4da5353-1c0a-4af6-b2b4-5e8dc7eebdef,3a677ae5-7ca1-4c62-9896-e99a41f2b49e,c2,DROP,685,?,x10,
1769471248.8513434,FORWARDED,c4da5353-1c0a-4af6-b2b4-5e8dc7eebdef,3a677ae5-7ca1-4c62-9896-e99a41f2b49e,c2,DROP,685,?,x10,
1769471248.859419,RECEIVED,7c1ac576-e5f9-4f47-afc4-674014da5b29,5bb1ab36-194e-4152-9a9c-d0df8d72bf64,c5,DROP,1009,e9,?,
1769471248.899653,RECEIVED,9c1eabdf-20fe-409f-adcc-43f8cafacab7,c93c6e60-b608-4a0b-9ec2-3683803bc6d6,c4,DROP,1008,e6,?,
1769471248.9021003,RECEIVED,6185231d-8335-4f6e-977f-caa8288fea3f,9fa2642f-3971-4a3f-89e0-f998ec7b9790,c1,DROP,1008,e3,?,
1769471248.914003,SENT,7c1ac576-e5f9-4f47-afc4-674014da5b29,5bb1ab36-194e-4152-9a9c-d0df8d72bf64,c5,DROP,683,?,x8,
1769471248.914054,FORWARDED,7c1ac576-e5f9-4f47-afc4-674014da5b29,5bb1ab36-194e-4152-9a9c-d0df8d72bf64,c5,DROP,683,?,x8,
1769471248.9697785,SENT,3e8d5fca-8348-47f2-bf95-0a4c9bdb6a7a,b1a95877-a233-4de2-bc39-3fca0d5b4bde,c4,None,1123,?,x5,
1769471248.9698195,FORWARDED,3e8d5fca-8348-47f2-bf95-0a4c9bdb6a7a,b1a95877-a233-4de2-bc39-3fca0d5b4bde,c4,None,1123,?,x5,
1769471248.9928682,SENT,3cde7995-dfab-4d76-8ebb-3c7ff08e3d52,6bd44bbd-529d-4e5d-b06c-64de09dc03e8,c4,DROP,684,?,x9,
1769471248.9929087,FORWARDED,3cde7995-dfab-4d76-8ebb-3c7ff08e3d52,6bd44bbd-529d-4e5d-b06c-64de09dc03e8,c4,DROP,684,?,x9,
1769471249.0213408,SENT,9c1eabdf-20fe-409f-adcc-43f8cafacab7,c93c6e60-b608-4a0b-9ec2-3683803bc6d6,c4,DROP,684,?,x5,
1769471249.021575,FORWARDED,9c1eabdf-20fe-409f-adcc-43f8cafacab7,c93c6e60-b608-4a0b-9ec2-3683803bc6d6,c4,DROP,684,?,x5,
1769471249.105382,SENT,0540287d-2f1d-4080-ab7d-584251e1cd4b,3f232b70-7397-4dd0-9133-d49595749f36,c1,None,1133,?,x6,
1769471249.105426,FORWARDED,0540287d-2f1d-4080-ab7d-584251e1cd4b,3f232b70-7397-4dd0-9133-d49595749f36,c1,None,1133,?,x6,
1769471249.120561,RECEIVED,1f5bef49-3b9f-4113-b2aa-f9aa5ce1fafa,728406c1-1038-48e2-8758-cda269a39d25,c4,DROP,1000,e9,?,
1769471249.164678,RECEIVED,eafaac1c-abc2-49ed-a23b-a7fe854f6923,84c941c7-a613-4fe5-8ab0-d1b5f2c4da7e,c1,None,1601,e4,?,
1769471249.2715945,RECEIVED,52e7c35e-718e-4a25-989f-6d97a8a7c912,73648edf-9f5f-4c57-93eb-41799c00db97,c2,DROP,1015,e1,?,
1769471249.364605,SENT,6185231d-8335-4f6e-977f-caa8288fea3f,9fa2642f-3971-4a3f-89e0-f998ec7b9790,c1,DROP,684,?,x6,
1769471249.3646433,FORWARDED,6185231d-8335-4f6e-977f-caa8288fea3f,9fa2642f-3971-4a3f-89e0-f998ec7b9790,c1,DROP,684,?,x6,
1769471249.416281,SENT,eafaac1c-abc2-49ed-a23b-a7fe854f6923,84c941c7-a613-4fe5-8ab0-d1b5f2c4da7e,c1,None,1127,?,x12,
1769471249.4163244,FORWARDED,eafaac1c-abc2-49ed-a23b-a7fe854f6923,84c941c7-a613-4fe5-8ab0-d1b5f2c4da7e,c1,None,1127,?,x12,
1769471249.4322264,SENT,edcadc93-1c4c-45d1-84e3-7be06f481568,f9deee3f-0f16-4c37-aefc-6306dd8c9afb,c4,c3,1260,?,x10,
1769471249.432266,FORWARDED,edcadc93-1c4c-45d1-84e3-7be06f481568,f9deee3f-0f16-4c37-aefc-6306dd8c9afb,c4,c3,1260,?,x10,
1769471249.4653704,RECEIVED,ffafb5de-6f50-45f2-9594-85ea11bd2380,c72e0b0a-7aa3-4769-b770-a92dc894e763,c3,DROP,441,x8,?,
1769471249.4823143,RECEIVED,5df1fecb-d708-4ddd-a1d2-0ddf73d696af,ca650b94-5474-42f9-b620-19866c0a5378,c4,DROP,1016,e8,?,
1769471249.539156,SENT,1f5bef49-3b9f-4113-b2aa-f9aa5ce1fafa,728406c1-1038-48e2-8758-cda269a39d25,c4,DROP,678,?,x5,
1769471249.539235,FORWARDED,1f5bef49-3b9f-4113-b2aa-f9aa5ce1fafa,728406c1-1038-48e2-8758-cda269a39d25,c4,DROP,678,?,x5,
1769471249.5504959,SENT,52e7c35e-718e-4a25-989f-6d97a8a7c912,73648edf-9f5f-4c57-93eb-41799c00db97,c2,DROP,688,?,x6,
1769471249.550536,FORWARDED,52e7c35e-718e-4a25-989f-6d97a8a7c912,73648edf-9f5f-4c57-93eb-41799c00db97,c2,DROP,688,?,x6,
1769471249.6592498,RECEIVED,16032d15-1230-46cb-81a3-94f31c8a5c94,7c587952-3efb-42a9-b4fe-35da2fc15931,c2,DROP,999,e8,?,
1769471249.7445388,RECEIVED,95501435-5672-4387-b160-383e1481a84a,15638302-7558-46cf-b7e0-18c0f5cb1c77,c5,DROP,1015,e11,?,
1769471249.7564735,RECEIVED,557f6510-2242-41d0-9d8f-856d338980fc,1de55c10-4c36-4604-a259-de2d23ca851e,c1,None,1603,e3,?,
1769471249.767109,RECEIVED,dac63124-6133-4dd5-83e4-403a51c6f137,0867bad9-9051-49ec-909b-20d3017e2662,c4,DROP,1021,e11,?,
1769471249.811622,RECEIVED,50159137-768e-43ef-86ff-5153abdeb7d5,ddc45abe-8575-4925-9380-5df68680b871,c1,DROP,1016,e8,?,
1769471249.832873,SENT,5df1fecb-d708-4ddd-a1d2-0ddf73d696af,ca650b94-5474-42f9-b620-19866c0a5378,c4,DROP,689,?,x9,
1769471249.8329165,FORWARDED,5df1fecb-d708-4ddd-a1d2-0ddf73d696af,ca650b94-5474-42f9-b620-19866c0a5378,c4,DROP,689,?,x9,
1769471249.8690164,RECEIVED,5f699881-a8dc-4942-a453-52c8cbe1f862,870c1de1-44da-4ea6-b4a0-15497a3f6cf0,c3,DROP,1017,e8,?,
1769471249.8842385,SENT,5f699881-a8dc-4942-a453-52c8cbe1f862,870c1de1-44da-4ea6-b4a0-15497a3f6cf0,c3,DROP,688,?,x6,
1769471249.8842773,FORWARDED,5f699881-a8dc-4942-a453-52c8cbe1f862,870c1de1-44da-4ea6-b4a0-15497a3f6cf0,c3,DROP,688,?,x6,
1769471249.8858047,SENT,557f6510-2242-41d0-9d8f-856d338980fc,1de55c10-4c36-4604-a259-de2d23ca851e,c1,None,1130,?,x9,
1769471249.8858435,FORWARDED,557f6510-2242-41d0-9d8f-856d338980fc,1de55c10-4c36-4604-a259-de2d23ca851e,c1,None,1130,?,x9,
1769471249.9042482,RECEIVED,4bd17870-8c62-44a6-b6fe-d7b18b629321,4265f877-9d21-469f-846f-9a34f17e7827,c3,DROP,1006,e2,?,
1769471249.9351451,SENT,50159137-768e-43ef-86ff-5153abdeb7d5,ddc45abe-8575-4925-9380-5df68680b871,c1,DROP,689,?,x1,
1769471249.9351976,FORWARDED,50159137-768e-43ef-86ff-5153abdeb7d5,ddc45abe-8575-4925-9380-5df68680b871,c1,DROP,689,?,x1,
1769471250.004194,SENT,dac63124-6133-4dd5-83e4-403a51c6f137,0867bad9-9051-49ec-909b-20d3017e2662,c4,DROP,691,?,x12,
1769471250.0042286,FORWARDED,dac63124-6133-4dd5-83e4-403a51c6f137,0867bad9-9051-49ec-909b-20d3017e2662,c4,DROP,691,?,x12,
1769471250.0543149,SENT,95501435-5672-4387-b160-383e1481a84a,15638302-7558-46cf-b7e0-18c0f5cb1c77,c5,DROP,689,?,x9,
1769471250.0543532,FORWARDED,95501435-5672-4387-b160-383e1481a84a,15638302-7558-46cf-b7e0-18c0f5cb1c77,c5,DROP,689,?,x9,
1769471250.0841155,RECEIVED,435dfd94-c3a1-4e7f-85b8-39af8b44c1be,611133fa-8a3a-4dad-b1f6-bf292bb78668,c1,DROP,1008,e8,?,
1769471250.0889337,RECEIVED,23bca097-1aa6-437d-9798-bdc5ad57f277,c43071df-d1cc-4c40-9622-0bdccea2b78c,c3,c1,1763,e8,?,
1769471250.1844838,SENT,435dfd94-c3a1-4e7f-85b8-39af8b44c1be,611133fa-8a3a-4dad-b1f6-bf292bb78668,c1,DROP,684,?,x1,
1769471250.184524,FORWARDED,435dfd94-c3a1-4e7f-85b8-39af8b44c1be,611133fa-8a3a-4dad-b1f6-bf292bb78668,c1,DROP,684,?,x1,
1769471250.2796817,RECEIVED,bd2c8e1a-e199-4867-bdd8-7ad999d8cf6b,4cb34dc0-8a41-4fe4-8e58-141367f3f678,c3,DROP,1012,e12,?,
1769471250.3657212,RECEIVED,1b219dcd-7997-4250-80b8-a0e843a87282,f08764ab-b3d2-4846-ae38-167b95fe1687,c1,None,1608,e11,?,
1769471250.3893635,RECEIVED,6263311b-8372-40a9-80e6-07a569a92bd4,60f3f4a0-8624-45c5-819e-b01e24d76c8a,c5,DROP,1006,e11,?,
1769471250.4442027,RECEIVED,9280e1e8-10a4-4e8a-b6e5-8569e81ee38f,6f863d8a-dc82-4cc5-9e50-aaa7f897a7b5,c2,DROP,1003,e4,?,
1769471250.5130246,SENT,9280e1e8-10a4-4e8a-b6e5-8569e81ee38f,6f863d8a-dc82-4cc5-9e50-aaa7f897a7b5,c2,DROP,679,?,x7,
1769471250.5130785,FORWARDED,9280e1e8-10a4-4e8a-b6e5-8569e81ee38f,6f863d8a-dc82-4cc5-9e50-aaa7f897a7b5,c2,DROP,679,?,x7,
1769471250.626364,RECEIVED,645399bb-1c42-474b-b311-9c03df9e98a9,dd7e3b25-7eb7-496a-9b67-7828eb7aff38,c5,DROP,1008,e11,?,
1769471250.715619,SENT,645399bb-1c42-474b-b311-9c03df9e98a9,dd7e3b25-7eb7-496a-9b67-7828eb7aff38,c5,DROP,684,?,x3,
1769471250.7156618,FORWARDED,645399bb-1c42-474b-b311-9c03df9e98a9,dd7e3b25-7eb7-496a-9b67-7828eb7aff38,c5,DROP,684,?,x3,
1769471250.7264986,SENT,23bca097-1aa6-437d-9798-bdc5ad57f277,c43071df-d1cc-4c40-9622-0bdccea2b78c,c3,c1,1251,?,x3,
1769471250.7265406,FORWARDED,23bca097-1aa6-437d-9798-bdc5ad57f277,c43071df-d1cc-4c40-9622-0bdccea2b78c,c3,c1,1251,?,x3,
1769471250.808372,SENT,1b219dcd-7997-4250-80b8-a0e843a87282,f08764ab-b3d2-4846-ae38-167b95fe1687,c1,None,1132,?,x7,
1769471250.8084166,FORWARDED,1b219dcd-7997-4250-80b8-a0e843a87282,f08764ab-b3d2-4846-ae38-167b95fe1687,c1,None,1132,?,x7,
1769471250.861904,SENT,bd2c8e1a-e199-4867-bdd8-7ad999d8cf6b,4cb34dc0-8a41-4fe4-8e58-141367f3f678,c3,DROP,686,?,x12,
1769471250.861948,FORWARDED,bd2c8e1a-e199-4867-bdd8-7ad999d8cf6b,4cb34dc0-8a41-4fe4-8e58-141367f3f678,c3,DROP,686,?,x12,
1769471250.9396071,SENT,6263311b-8372-40a9-80e6-07a569a92bd4,60f3f4a0-8624-45c5-819e-b01e24d76c8a,c5,DROP,682,?,x7,
1769471250.93965,FORWARDED,6263311b-8372-40a9-80e6-07a569a92bd4,60f3f4a0-8624-45c5-819e-b01e24d76c8a,c5,DROP,682,?,x7,
1769471251.0107026,RECEIVED,47439535-a4e2-4cb5-8cf4-8af4beae7f72,77688a26-9485-4127-8b5c-34e1ec8cee5f,c4,DROP,1020,e12,?,
1769471251.1182702,RECEIVED,c6081e61-9785-4255-ba3a-938c12cfe7c2,1849f8cd-281f-44c7-9c32-74dc483fd311,c2,DROP,1015,e11,?,
1769471251.1223705,SENT,4bd17870-8c62-44a6-b6fe-d7b18b629321,4265f877-9d21-469f-846f-9a34f17e7827,c3,DROP,684,?,x9,
1769471251.1224105,FORWARDED,4bd17870-8c62-44a6-b6fe-d7b18b629321,4265f877-9d21-469f-846f-9a34f17e7827,c3,DROP,684,?,x9,
1769471251.2104933,SENT,16032d15-1230-46cb-81a3-94f31c8a5c94,7c587952-3efb-42a9-b4fe-35da2fc15931,c2,DROP,678,?,x8,
1769471251.2105346,FORWARDED,16032d15-1230-46cb-81a3-94f31c8a5c94,7c587952-3efb-42a9-b4fe-35da2fc15931,c2,DROP,678,?,x8,
1769471251.2251542,RECEIVED,fdacde7f-a98d-4865-8ff3-e89aecb70ca7,912610ef-d83f-4af5-a689-75ec17ff319c,c3,c1,1772,e7,?,
1769471251.6548042,RECEIVED,9625ce07-5409-4300-9572-e64ee516a97e,019fc61e-be60-47d7-8612-e2aa671c50d4,c3,None,1608,e9,?,
1769471251.662968,SENT,fdacde7f-a98d-4865-8ff3-e89aecb70ca7,912610ef-d83f-4af5-a689-75ec17ff319c,c3,c1,1255,?,x7,
1769471251.6630197,FORWARDED,fdacde7f-a98d-4865-8ff3-e89aecb70ca7,912610ef-d83f-4af5-a689-75ec17ff319c,c3,c1,1255,?,x7,
1769471251.7322965,RECEIVED,e082623c-dcf6-4f2d-a736-70eb6b356416,0e640e9e-e757-4e54-8403-84ac5259599f,c1,DROP,1019,e12,?,
1769471251.8299866,RECEIVED,12acb980-0966-4d66-888c-eb944256aaf5,180fd722-7302-4276-863b-315d5bd4333d,c1,DROP,1016,e3,?,
1769471251.8380954,SENT,c6081e61-9785-4255-ba3a-938c12cfe7c2,1849f8cd-281f-44c7-9c32-74dc483fd311,c2,DROP,689,?,x6,
1769471251.838132,FORWARDED,c6081e61-9785-4255-ba3a-938c12cfe7c2,1849f8cd-281f-44c7-9c32-74dc483fd311,c2,DROP,689,?,x6,
1769471251.9258795,SENT,e082623c-dcf6-4f2d-a736-70eb6b356416,0e640e9e-e757-4e54-8403-84ac5259599f,c1,DROP,693,?,x4,
1769471251.9259193,FORWARDED,e082623c-dcf6-4f2d-a736-70eb6b356416,0e640e9e-e757-4e54-8403-84ac5259599f,c1,DROP,693,?,x4,
1769471251.954078,SENT,9625ce07-5409-4300-9572-e64ee516a97e,019fc61e-be60-47d7-8612-e2aa671c50d4,c3,None,1132,?,x8,
1769471251.954121,FORWARDED,9625ce07-5409-4300-9572-e64ee516a97e,019fc61e-be60-47d7-8612-e2aa671c50d4,c3,None,1132,?,x8,
1769471252.011607,RECEIVED,4202d825-21c8-46d6-9182-e00a9e688b16,eef3fe6e-9b9d-4488-808c-29c75df8d96a,c2,DROP,1008,e12,?,
1769471252.176313,RECEIVED,bed61412-8c03-4e60-957c-62b9674c12de,f2e1a63c-f29e-43c3-9873-6c0664939af7,c5,DROP,1002,e9,?,
1769471252.1991394,SENT,4202d825-21c8-46d6-9182-e00a9e688b16,eef3fe6e-9b9d-4488-808c-29c75df8d96a,c2,DROP,684,?,x4,
1769471252.1991804,FORWARDED,4202d825-21c8-46d6-9182-e00a9e688b16,eef3fe6e-9b9d-4488-808c-29c75df8d96a,c2,DROP,684,?,x4,
1769471252.2343159,RECEIVED,f73d3ed6-10bb-4de6-b7f3-ab51e59dff99,4691b8ee-0af3-47c6-8a21-462c032dd333,c3,DROP,1008,e11,?,
1769471252.2651343,RECEIVED,459da93f-5382-4d89-91ee-1c21a90138d7,67087456-6df8-43f1-a449-c70960fbe8bc,c3,DROP,1008,e10,?,
1769471252.3770847,SENT,12acb980-0966-4d66-888c-eb944256aaf5,180fd722-7302-4276-863b-315d5bd4333d,c1,DROP,688,?,x11,
1769471252.377129,FORWARDED,12acb980-0966-4d66-888c-eb944256aaf5,180fd722-7302-4276-863b-315d5bd4333d,c1,DROP,688,?,x11,
1769471252.390383,SENT,459da93f-5382-4d89-91ee-1c21a90138d7,67087456-6df8-43f1-a449-c70960fbe8bc,c3,DROP,684,?,x7,
1769471252.3904204,FORWARDED,459da93f-5382-4d89-91ee-1c21a90138d7,67087456-6df8-43f1-a449-c70960fbe8bc,c3,DROP,684,?,x7,
1769471252.4448614,RECEIVED,5d0f4872-b14d-43b7-8410-0c108527180a,0e1c3a6c-380d-4d16-bf11-e00a62d4fc0f,c4,DROP,441,x9,?,
1769471252.4793508,SENT,bed61412-8c03-4e60-957c-62b9674c12de,f2e1a63c-f29e-43c3-9873-6c0664939af7,c5,DROP,681,?,x1,
1769471252.4793925,FORWARDED,bed61412-8c03-4e60-957c-62b9674c12de,f2e1a63c-f29e-43c3-9873-6c0664939af7,c5,DROP,681,?,x1,
1769471252.4865863,RECEIVED,ba6a3b65-a58c-42f9-8838-3e4c33540db6,08a85fbf-235b-41c1-9e40-f1347f7748e9,c2,DROP,1021,e10,?,
1769471252.522809,RECEIVED,27f904ac-0b5f-42e7-b8a5-5c19af5ed9d7,959272ab-ca5a-41b7-a7db-cb18a4ad81f8,c4,DROP,1016,e5,?,
1769471252.583935,SENT,f73d3ed6-10bb-4de6-b7f3-ab51e59dff99,4691b8ee-0af3-47c6-8a21-462c032dd333,c3,DROP,684,?,x3,
1769471252.5839777,FORWARDED,f73d3ed6-10bb-4de6-b7f3-ab51e59dff99,4691b8ee-0af3-47c6-8a21-462c032dd333,c3,DROP,684,?,x3,
1769471252.652004,RECEIVED,0c5489a3-ebf4-410f-9de9-a19ad17fb97e,1f97becc-619e-421d-a2fc-2993c5275ee5,c5,DROP,1016,e6,?,
1769471252.662291,RECEIVED,22e79cf8-a5be-41fa-b0a2-c3d5f5957bbd,cfdc9cc3-b5c3-4e93-bfad-757972cfabc7,c2,DROP,1011,e1,?,
1769471252.6825888,SENT,ba6a3b65-a58c-42f9-8838-3e4c33540db6,08a85fbf-235b-41c1-9e40-f1347f7748e9,c2,DROP,692,?,x11,
1769471252.6826227,FORWARDED,ba6a3b65-a58c-42f9-8838-3e4c33540db6,08a85fbf-235b-41c1-9e40-f1347f7748e9,c2,DROP,692,?,x11,
1769471252.8212614,RECEIVED,3d86b411-cb4d-4d05-8750-9bde44bc3f16,e273a39f-c1c7-4116-850f-7febcd71260b,c3,c1,1771,e2,?,
1769471252.8324945,RECEIVED,1a137c9e-f167-477c-baaa-ee86fe72fed0,59ccf9ab-2b42-4eb0-84d9-42185883a6fd,c4,None,1609,e5,?,
1769471252.8874052,SENT,0c5489a3-ebf4-410f-9de9-a19ad17fb97e,1f97becc-619e-421d-a2fc-2993c5275ee5,c5,DROP,690,?,x4,
1769471252.8874478,FORWARDED,0c5489a3-ebf4-410f-9de9-a19ad17fb97e,1f97becc-619e-421d-a2fc-2993c5275ee5,c5,DROP,690,?,x4,
1769471252.9341555,SENT,27f904ac-0b5f-42e7-b8a5-5c19af5ed9d7,959272ab-ca5a-41b7-a7db-cb18a4ad81f8,c4,DROP,688,?,x7,
1769471252.9341962,FORWARDED,27f904ac-0b5f-42e7-b8a5-5c19af5ed9d7,959272ab-ca5a-41b7-a7db-cb18a4ad81f8,c4,DROP,688,?,x7,
1769471252.9372406,RECEIVED,3d9aa757-c7d4-45d9-83ac-37ebf10f6655,032d8395-27d9-4f1c-a1ac-fa21fc241240,c3,DROP,1020,e6,?,
1769471252.9947371,SENT,1a137c9e-f167-477c-baaa-ee86fe72fed0,59ccf9ab-2b42-4eb0-84d9-42185883a6fd,c4,None,1133,?,x10,
1769471252.9947824,FORWARDED,1a137c9e-f167-477c-baaa-ee86fe72fed0,59ccf9ab-2b42-4eb0-84d9-42185883a6fd,c4,None,1133,?,x10,
1769471253.0331948,SENT,47439535-a4e2-4cb5-8cf4-8af4beae7f72,77688a26-9485-4127-8b5c-34e1ec8cee5f,c4,DROP,692,?,x11,
1769471253.0332363,FORWARDED,47439535-a4e2-4cb5-8cf4-8af4beae7f72,77688a26-9485-4127-8b5c-34e1ec8cee5f,c4,DROP,692,?,x11,
1769471253.1211572,RECEIVED,ef10a321-5a5d-4a6e-b930-c3f375bc99b8,e24c052f-3639-433b-8311-2c64c100f475,c2,c4,1777,e4,?,
1769471253.2012038,RECEIVED,8b793698-7065-439f-b2cc-dc70924813b9,17b4896a-3970-463a-9a77-e7a9b9c139ae,c1,DROP,1015,e11,?,
1769471253.2128017,RECEIVED,b4a498aa-262d-4d1b-bb91-b9a80916b6bf,01eb357b-bdf9-4b6d-9070-04a005b91943,c1,c3,1779,e8,?,
1769471253.2270315,RECEIVED,1c4a503c-5fb0-4aa0-a0e3-c4d979626b18,1b37dfa7-ec1c-4356-86f8-1d5d4ab0233f,c3,DROP,1003,e3,?,
1769471253.4097404,SENT,ef10a321-5a5d-4a6e-b930-c3f375bc99b8,e24c052f-3639-433b-8311-2c64c100f475,c2,c4,1260,?,x12,
1769471253.4097795,FORWARDED,ef10a321-5a5d-4a6e-b930-c3f375bc99b8,e24c052f-3639-433b-8311-2c64c100f475,c2,c4,1260,?,x12,
1769471253.519564,SENT,3d9aa757-c7d4-45d9-83ac-37ebf10f6655,032d8395-27d9-4f1c-a1ac-fa21fc241240,c3,DROP,692,?,x10,
1769471253.519606,FORWARDED,3d9aa757-c7d4-45d9-83ac-37ebf10f6655,032d8395-27d9-4f1c-a1ac-fa21fc241240,c3,DROP,692,?,x10,
1769471253.6869407,SENT,1c4a503c-5fb0-4aa0-a0e3-c4d979626b18,1b37dfa7-ec1c-4356-86f8-1d5d4ab0233f,c3,DROP,680,?,x5,
1769471253.6870356,FORWARDED,1c4a503c-5fb0-4aa0-a0e3-c4d979626b18,1b37dfa7-ec1c-4356-86f8-1d5d4ab0233f,c3,DROP,680,?,x5,
1769471253.693817,RECEIVED,16958ff6-a1ff-4a57-affa-777f4f829043,7a725668-4ca3-4cc4-a2e8-3c84c0c05527,c4,DROP,1013,e8,?,
1769471253.7544692,RECEIVED,dc7950a6-375a-40f5-a3e2-e3f5e3a366fc,793d3f22-cc89-45d4-a914-ab2fad7a5895,c1,None,1613,e10,?,
1769471253.7783897,SENT,22e79cf8-a5be-41fa-b0a2-c3d5f5957bbd,cfdc9cc3-b5c3-4e93-bfad-757972cfabc7,c2,DROP,687,?,x3,
1769471253.7784336,FORWARDED,22e79cf8-a5be-41fa-b0a2-c3d5f5957bbd,cfdc9cc3-b5c3-4e93-bfad-757972cfabc7,c2,DROP,687,?,x3,
1769471253.7842653,SENT,b4a498aa-262d-4d1b-bb91-b9a80916b6bf,01eb357b-bdf9-4b6d-9070-04a005b91943,c1,c3,1261,?,x3,
1769471253.7843068,FORWARDED,b4a498aa-262d-4d1b-bb91-b9a80916b6bf,01eb357b-bdf9-4b6d-9070-04a005b91943,c1,c3,1261,?,x3,
1769471253.796676,SENT,16958ff6-a1ff-4a57-affa-777f4f829043,7a725668-4ca3-4cc4-a2e8-3c84c0c05527,c4,DROP,686,?,x10,
1769471253.7967153,FORWARDED,16958ff6-a1ff-4a57-affa-777f4f829043,7a725668-4ca3-4cc4-a2e8-3c84c0c05527,c4,DROP,686,?,x10,
1769471253.8457146,SENT,dc7950a6-375a-40f5-a3e2-e3f5e3a366fc,793d3f22-cc89-45d4-a914-ab2fad7a5895,c1,None,1135,?,x11,
1769471253.8457544,FORWARDED,dc7950a6-375a-40f5-a3e2-e3f5e3a366fc,793d3f22-cc89-45d4-a914-ab2fad7a5895,c1,None,1135,?,x11,
1769471253.85561,RECEIVED,0c97dc6d-de5f-4082-8f81-62b9c79d6656,abef8877-59b4-4171-bae9-97f49810040b,c4,DROP,1021,e8,?,
1769471253.8926222,SENT,3d86b411-cb4d-4d05-8750-9bde44bc3f16,e273a39f-c1c7-4116-850f-7febcd71260b,c3,c1,1255,?,x10,
1769471253.8928099,FORWARDED,3d86b411-cb4d-4d05-8750-9bde44bc3f16,e273a39f-c1c7-4116-850f-7febcd71260b,c3,c1,1255,?,x10,
1769471253.930301,RECEIVED,72964e5b-cf9e-4860-a7ab-b79726d5c047,81d7a373-1c07-4dbf-8a97-7c11eb15b5e2,c3,c1,1763,e1,?,
1769471253.940917,SENT,0c97dc6d-de5f-4082-8f81-62b9c79d6656,abef8877-59b4-4171-bae9-97f49810040b,c4,DROP,691,?,x12,
1769471253.940961,FORWARDED,0c97dc6d-de5f-4082-8f81-62b9c79d6656,abef8877-59b4-4171-bae9-97f49810040b,c4,DROP,691,?,x12,
1769471254.055591,RECEIVED,fd316206-7fa8-450d-a93c-a4aad600f0bb,9e6225d9-9004-40c7-a4f4-52540dae74e4,c1,DROP,1020,e11,?,
1769471254.1261277,RECEIVED,299875a3-436b-47be-a2aa-ef20126bc9ba,7560f672-0e9e-4c50-a5f0-d519f8d0f449,c4,DROP,1015,e2,?,
1769471254.136205,RECEIVED,1122d7c7-50e6-4796-aa52-640d30d5f5f6,b9b0070e-9933-4702-b8f8-6a604b97f00e,c1,DROP,1016,e12,?,
1769471254.1581376,SENT,8b793698-7065-439f-b2cc-dc70924813b9,17b4896a-3970-463a-9a77-e7a9b9c139ae,c1,DROP,688,?,x4,
1769471254.1581917,FORWARDED,8b793698-7065-439f-b2cc-dc70924813b9,17b4896a-3970-463a-9a77-e7a9b9c139ae,c1,DROP,688,?,x4,
1769471254.199795,SENT,1122d7c7-50e6-4796-aa52-640d30d5f5f6,b9b0070e-9933-4702-b8f8-6a604b97f00e,c1,DROP,688,?,x7,
1769471254.1998367,FORWARDED,1122d7c7-50e6-4796-aa52-640d30d5f5f6,b9b0070e-9933-4702-b8f8-6a604b97f00e,c1,DROP,688,?,x7,
1769471254.3163536,RECEIVED,5e36171d-9632-494e-bf6c-683d0bd8feca,87fbd389-2c78-4446-b8df-da7a5a5d4624,c3,DROP,1012,e6,?,
1769471254.3164167,SENT,fd316206-7fa8-450d-a93c-a4aad600f0bb,9e6225d9-9004-40c7-a4f4-52540dae74e4,c1,DROP,692,?,x12,
1769471254.316662,FORWARDED,fd316206-7fa8-450d-a93c-a4aad600f0bb,9e6225d9-9004-40c7-a4f4-52540dae74e4,c1,DROP,692,?,x12,
1769471254.3266115,SENT,72964e5b-cf9e-4860-a7ab-b79726d5c047,81d7a373-1c07-4dbf-8a97-7c11eb15b5e2,c3,c1,1251,?,x4,
1769471254.326653,FORWARDED,72964e5b-cf9e-4860-a7ab-b79726d5c047,81d7a373-1c07-4dbf-8a97-7c11eb15b5e2,c3,c1,1251,?,x4,
1769471254.4923813,SENT,299875a3-436b-47be-a2aa-ef20126bc9ba,7560f672-0e9e-4c50-a5f0-d519f8d0f449,c4,DROP,688,?,x9,
1769471254.492422,FORWARDED,299875a3-436b-47be-a2aa-ef20126bc9ba,7560f672-0e9e-4c50-a5f0-d519f8d0f449,c4,DROP,688,?,x9,
1769471254.561594,RECEIVED,47c1f622-b8d8-40d6-a062-23b7c875a96c,6b28424b-f023-4385-a025-5fd48297201f,c1,c3,1780,e4,?,
1769471254.605458,RECEIVED,4b2e0351-0589-4597-bdc2-62f43d527d4c,83fdb7f5-4c32-4e5b-8872-4e1d095e50ed,c3,DROP,1012,e6,?,
1769471254.6123874,RECEIVED,f14301d3-2659-4be5-bacd-e4cddc6767ad,66ce4f8d-1519-4ffd-b40d-f4b96bd4af68,c1,DROP,442,x1,?,
1769471254.6257236,RECEIVED,502204b1-2546-4a65-85ec-f166cc8c881e,026eab68-7cb6-47b5-8a4f-ca2203634688,c2,DROP,1007,e4,?,
1769471254.6855824,RECEIVED,91a047d1-a7d0-43a4-9df6-6b10e31df782,17ed63d2-e56f-4b42-9ca8-eb695f4cce50,c2,DROP,1012,e2,?,
1769471254.8062367,RECEIVED,70d05664-ff81-45b3-872d-d2925006f3b9,40a9c0e9-a7c5-462e-aa08-9491adc26361,c5,c1,1768,e5,?,
1769471254.8133245,SENT,5e36171d-9632-494e-bf6c-683d0bd8feca,87fbd389-2c78-4446-b8df-da7a5a5d4624,c3,DROP,687,?,x11,
1769471254.8133695,FORWARDED,5e36171d-9632-494e-bf6c-683d0bd8feca,87fbd389-2c78-4446-b8df-da7a5a5d4624,c3,DROP,687,?,x11,
1769471254.8854907,SENT,91a047d1-a7d0-43a4-9df6-6b10e31df782,17ed63d2-e56f-4b42-9ca8-eb695f4cce50,c2,DROP,687,?,x5,
1769471254.8855264,FORWARDED,91a047d1-a7d0-43a4-9df6-6b10e31df782,17ed63d2-e56f-4b42-9ca8-eb695f4cce50,c2,DROP,687,?,x5,
1769471254.8878188,RECEIVED,e6512e4a-69ed-45ae-975b-5f95d03a72fc,396b7590-9532-4be8-a362-ed0ce999ccd9,c3,DROP,1012,e10,?,
1769471254.9039478,SENT,70d05664-ff81-45b3-872d-d2925006f3b9,40a9c0e9-a7c5-462e-aa08-9491adc26361,c5,c1,1252,?,x5,
1769471254.903987,FORWARDED,70d05664-ff81-45b3-872d-d2925006f3b9,40a9c0e9-a7c5-462e-aa08-9491adc26361,c5,c1,1252,?,x5,
1769471254.9852922,SENT,e6512e4a-69ed-45ae-975b-5f95d03a72fc,396b7590-9532-4be8-a362-ed0ce999ccd9,c3,DROP,686,?,x7,
1769471254.985334,FORWARDED,e6512e4a-69ed-45ae-975b-5f95d03a72fc,396b7590-9532-4be8-a362-ed0ce999ccd9,c3,DROP,686,?,x7,
1769471255.058794,RECEIVED,e0006d8d-887d-4b46-a865-69397099d3f3,ee457a37-48a5-4a5b-b630-45a5a34cd6e6,c4,DROP,441,x4,?,
1769471255.1215703,SENT,4b2e0351-0589-4597-bdc2-62f43d527d4c,83fdb7f5-4c32-4e5b-8872-4e1d095e50ed,c3,DROP,686,?,x10,
1769471255.121612,FORWARDED,4b2e0351-0589-4597-bdc2-62f43d527d4c,83fdb7f5-4c32-4e5b-8872-4e1d095e50ed,c3,DROP,686,?,x10,
1769471255.1553543,RECEIVED,ec2581a8-f212-498f-bbdc-38c4097f3fe4,eaf4f0b8-fb93-408d-b1df-670116b774d5,c4,DROP,1016,e10,?,
1769471255.1808152,RECEIVED,06d2087c-61db-4cdf-89d0-d90830472f16,f9c05e4a-1f9a-49d7-92b8-26bcdbace258,c1,DROP,1015,e12,?,
1769471255.280274,SENT,ec2581a8-f212-498f-bbdc-38c4097f3fe4,eaf4f0b8-fb93-408d-b1df-670116b774d5,c4,DROP,688,?,x6,
1769471255.2803135,FORWARDED,ec2581a8-f212-498f-bbdc-38c4097f3fe4,eaf4f0b8-fb93-408d-b1df-670116b774d5,c4,DROP,688,?,x6,
1769471255.3052664,RECEIVED,6a213a65-0af6-45d5-acbe-859d54de3270,742a93fe-d0f3-4321-8875-4b1ea482d74e,c4,DROP,441,x1,?,
1769471255.3528075,SENT,47c1f622-b8d8-40d6-a062-23b7c875a96c,6b28424b-f023-4385-a025-5fd48297201f,c1,c3,1262,?,x12,
1769471255.3528516,FORWARDED,47c1f622-b8d8-40d6-a062-23b7c875a96c,6b28424b-f023-4385-a025-5fd48297201f,c1,c3,1262,?,x12,
1769471255.4061372,RECEIVED,d3064fc5-e0d8-482c-a653-5df764069304,98b7b292-1058-4cbd-befb-63548c727d35,c3,DROP,1012,e12,?,
1769471255.4774482,SENT,d3064fc5-e0d8-482c-a653-5df764069304,98b7b292-1058-4cbd-befb-63548c727d35,c3,DROP,687,?,x2,
1769471255.477487,FORWARDED,d3064fc5-e0d8-482c-a653-5df764069304,98b7b292-1058-4cbd-befb-63548c727d35,c3,DROP,687,?,x2,
1769471255.4779184,RECEIVED,43b64004-834d-4551-84ba-de670f70b110,6a3146fc-b670-4b55-9831-f3bf99ce0289,c1,DROP,441,x3,?,
1769471255.4784055,RECEIVED,93574a55-f14a-4f7e-8632-7ffb1ee51071,45f70144-1942-49ca-be5f-0d2867ecebc9,c3,DROP,1015,e11,?,
1769471255.6642034,RECEIVED,5e511130-f467-42dc-8085-64e38ffc45a1,8a59650a-ae4b-4773-8d5e-527632136c9b,c5,DROP,442,x5,?,
1769471255.7745852,SENT,502204b1-2546-4a65-85ec-f166cc8c881e,026eab68-7cb6-47b5-8a4f-ca2203634688,c2,DROP,683,?,x12,
1769471255.7746277,FORWARDED,502204b1-2546-4a65-85ec-f166cc8c881e,026eab68-7cb6-47b5-8a4f-ca2203634688,c2,DROP,683,?,x12,
1769471255.7925866,RECEIVED,90e10cb2-4ad5-4574-99b2-9e1b07ca05f5,bb82c7aa-0923-49e3-be92-e129d2933a54,c1,DROP,1012,e3,?,
1769471255.8238847,RECEIVED,ba3e1b1f-ceb0-4f70-afbf-364332c68692,81adc4a4-08e3-4eb4-ac89-de184e0c243e,c3,None,1596,e2,?,
1769471255.836037,SENT,93574a55-f14a-4f7e-8632-7ffb1ee51071,45f70144-1942-49ca-be5f-0d2867ecebc9,c3,DROP,688,?,x5,
1769471255.8360965,FORWARDED,93574a55-f14a-4f7e-8632-7ffb1ee51071,45f70144-1942-49ca-be5f-0d2867ecebc9,c3,DROP,688,?,x5,
1769471255.9256816,RECEIVED,f47f2748-e1af-4fe8-9eb1-0fd62e9a84e0,f6150fb7-880a-43db-a66c-8231718229cc,c4,None,1596,e10,?,
1769471255.9722736,SENT,f47f2748-e1af-4fe8-9eb1-0fd62e9a84e0,f6150fb7-880a-43db-a66c-8231718229cc,c4,None,1123,?,x3,
1769471255.9723098,FORWARDED,f47f2748-e1af-4fe8-9eb1-0fd62e9a84e0,f6150fb7-880a-43db-a66c-8231718229cc,c4,None,1123,?,x3,
1769471256.2298224,SENT,90e10cb2-4ad5-4574-99b2-9e1b07ca05f5,bb82c7aa-0923-49e3-be92-e129d2933a54,c1,DROP,685,?,x10,
1769471256.229883,FORWARDED,90e10cb2-4ad5-4574-99b2-9e1b07ca05f5,bb82c7aa-0923-49e3-be92-e129d2933a54,c1,DROP,685,?,x10,
1769471256.308329,RECEIVED,ae04943f-1bbc-4956-91a9-d77efccf24bd,5261934f-4759-4b13-8e42-576fb726ff2f,c4,c3,1783,e2,?,
1769471256.3390074,RECEIVED,730de170-3aac-4488-9f49-3139cfd1f8e6,fff8251f-ac4a-45df-a05a-74d5fcbff490,c4,DROP,441,x12,?,
1769471256.4127083,SENT,ae04943f-1bbc-4956-91a9-d77efccf24bd,5261934f-4759-4b13-8e42-576fb726ff2f,c4,c3,1264,?,x5,
1769471256.4127486,FORWARDED,ae04943f-1bbc-4956-91a9-d77efccf24bd,5261934f-4759-4b13-8e42-576fb726ff2f,c4,c3,1264,?,x5,
1769471256.5949702,SENT,06d2087c-61db-4cdf-89d0-d90830472f16,f9c05e4a-1f9a-49d7-92b8-26bcdbace258,c1,DROP,688,?,x5,
1769471256.5950096,FORWARDED,06d2087c-61db-4cdf-89d0-d90830472f16,f9c05e4a-1f9a-49d7-92b8-26bcdbace258,c1,DROP,688,?,x5,
1769471256.6662824,SENT,ba3e1b1f-ceb0-4f70-afbf-364332c68692,81adc4a4-08e3-4eb4-ac89-de184e0c243e,c3,None,1123,?,x11,
1769471256.6663184,FORWARDED,ba3e1b1f-ceb0-4f70-afbf-364332c68692,81adc4a4-08e3-4eb4-ac89-de184e0c243e,c3,None,1123,?,x11,
1769471256.7505028,RECEIVED,a9a25fb8-ffdb-41a3-94a8-d1fd411c843e,dcfe31ba-bc57-4122-bd0b-9d0085dbe155,c1,None,1600,e3,?,
1769471256.7627428,RECEIVED,1710d87b-a632-487c-b479-055bdb3746e4,6a95727e-30ab-431e-b5e7-725f48206f8d,c3,c1,1764,e9,?,
1769471256.8109968,RECEIVED,3a5b03a4-395a-40e6-8a7b-2e74d91c8099,65f91cf5-d7ff-4e40-a116-0049404b0219,c4,DROP,1019,e10,?,
1769471256.9156816,SENT,a9a25fb8-ffdb-41a3-94a8-d1fd411c843e,dcfe31ba-bc57-4122-bd0b-9d0085dbe155,c1,None,1126,?,x4,
1769471256.9157248,FORWARDED,a9a25fb8-ffdb-41a3-94a8-d1fd411c843e,dcfe31ba-bc57-4122-bd0b-9d0085dbe155,c1,None,1126,?,x4,
1769471257.0516095,SENT,1710d87b-a632-487c-b479-055bdb3746e4,6a95727e-30ab-431e-b5e7-725f48206f8d,c3,c1,1251,?,x5,
1769471257.051674,FORWARDED,1710d87b-a632-487c-b479-055bdb3746e4,6a95727e-30ab-431e-b5e7-725f48206f8d,c3,c1,1251,?,x5,
1769471257.244122,RECEIVED,0d43543e-88b0-4a8c-a1bc-3f397b093f79,aade2a18-1801-46ca-aa3c-cec1548a8d84,c3,DROP,1016,e12,?,
1769471257.255094,RECEIVED,88998caf-f6ea-43a4-83ad-11bff8824eca,f9b746fd-d4a6-4c23-93f9-8b5897551dfa,c3,DROP,1007,e9,?,
1769471257.3543851,SENT,88998caf-f6ea-43a4-83ad-11bff8824eca,f9b746fd-d4a6-4c23-93f9-8b5897551dfa,c3,DROP,684,?,x2,
1769471257.354427,FORWARDED,88998caf-f6ea-43a4-83ad-11bff8824eca,f9b746fd-d4a6-4c23-93f9-8b5897551dfa,c3,DROP,684,?,x2,
1769471257.4157107,RECEIVED,1930e714-d840-4a96-8a9a-dac1784f1c8e,c95dedf9-112d-4d8a-b6ae-e0f387593824,c5,DROP,1003,e1,?,
1769471257.440989,RECEIVED,28f4512d-dd7a-4866-a7fa-d6138a8ffb21,e2608a06-b40d-4c5b-9ffb-7efc06c53dab,c3,DROP,1011,e10,?,
1769471257.4540637,SENT,3a5b03a4-395a-40e6-8a7b-2e74d91c8099,65f91cf5-d7ff-4e40-a116-0049404b0219,c4,DROP,692,?,x1,
1769471257.4540997,FORWARDED,3a5b03a4-395a-40e6-8a7b-2e74d91c8099,65f91cf5-d7ff-4e40-a116-0049404b0219,c4,DROP,692,?,x1,
1769471257.478538,RECEIVED,63160d19-7336-42c9-8d86-9d1939704a67,37572bbc-bed7-4d9d-871a-67ba0caabebe,c1,DROP,1017,e2,?,
1769471257.4922822,SENT,0d43543e-88b0-4a8c-a1bc-3f397b093f79,aade2a18-1801-46ca-aa3c-cec1548a8d84,c3,DROP,689,?,x11,
1769471257.492325,FORWARDED,0d43543e-88b0-4a8c-a1bc-3f397b093f79,aade2a18-1801-46ca-aa3c-cec1548a8d84,c3,DROP,689,?,x11,
1769471257.5084586,SENT,63160d19-7336-42c9-8d86-9d1939704a67,37572bbc-bed7-4d9d-871a-67ba0caabebe,c1,DROP,688,?,x8,
1769471257.5085113,FORWARDED,63160d19-7336-42c9-8d86-9d1939704a67,37572bbc-bed7-4d9d-871a-67ba0caabebe,c1,DROP,688,?,x8,
1769471257.5461051,RECEIVED,551a0d3b-422c-484d-ab98-332e6173be85,f4c46fb5-a35d-40b7-91d4-f4fede7fe05b,c4,c3,1763,e4,?,
1769471257.635082,RECEIVED,9e6d782a-284f-4b75-8d7c-e184b49579ca,9352708a-6fda-4a1c-a95d-296435e690ef,c1,DROP,1011,e2,?,
1769471257.8976734,SENT,9e6d782a-284f-4b75-8d7c-e184b49579ca,9352708a-6fda-4a1c-a95d-296435e690ef,c1,DROP,687,?,x2,
1769471257.8977103,FORWARDED,9e6d782a-284f-4b75-8d7c-e184b49579ca,9352708a-6fda-4a1c-a95d-296435e690ef,c1,DROP,687,?,x2,
1769471257.978613,RECEIVED,97aa3c08-6c98-4565-8597-35c9675b5af8,b2e137e1-2372-41eb-a5e0-7622eb167bd1,c2,DROP,1015,e9,?,
1769471258.0037587,RECEIVED,a8d25e5c-edaf-4a5e-ab83-703c4f5868c5,a993b723-ec1e-492f-83eb-eee29c39b27d,c4,DROP,1008,e1,?,
1769471258.0295687,SENT,1930e714-d840-4a96-8a9a-dac1784f1c8e,c95dedf9-112d-4d8a-b6ae-e0f387593824,c5,DROP,679,?,x4,
1769471258.0296102,FORWARDED,1930e714-d840-4a96-8a9a-dac1784f1c8e,c95dedf9-112d-4d8a-b6ae-e0f387593824,c5,DROP,679,?,x4,
1769471258.053559,SENT,28f4512d-dd7a-4866-a7fa-d6138a8ffb21,e2608a06-b40d-4c5b-9ffb-7efc06c53dab,c3,DROP,685,?,x4,
1769471258.0535989,FORWARDED,28f4512d-dd7a-4866-a7fa-d6138a8ffb21,e2608a06-b40d-4c5b-9ffb-7efc06c53dab,c3,DROP,685,?,x4,
1769471258.0615475,RECEIVED,c2283d22-591f-46d8-92a6-57717deeeb20,fb86e3b7-2dc7-4a21-84f1-3e484c1a69bf,c2,DROP,1012,e2,?,
1769471258.248001,SENT,a8d25e5c-edaf-4a5e-ab83-703c4f5868c5,a993b723-ec1e-492f-83eb-eee29c39b27d,c4,DROP,682,?,x3,
1769471258.2480412,FORWARDED,a8d25e5c-edaf-4a5e-ab83-703c4f5868c5,a993b723-ec1e-492f-83eb-eee29c39b27d,c4,DROP,682,?,x3,
1769471258.2609842,SENT,551a0d3b-422c-484d-ab98-332e6173be85,f4c46fb5-a35d-40b7-91d4-f4fede7fe05b,c4,c3,1251,?,x2,
1769471258.2610219,FORWARDED,551a0d3b-422c-484d-ab98-332e6173be85,f4c46fb5-a35d-40b7-91d4-f4fede7fe05b,c4,c3,1251,?,x2,
1769471258.2827067,RECEIVED,470e1437-4d7d-4615-9f1d-4c540dd293b2,42027f44-25dc-4fa1-b097-dca2143f4c7b,c4,c3,1777,e4,?,
1769471258.3100588,RECEIVED,3a0b9d05-158a-43a5-8ba0-985d90373c98,fab65748-fc3e-4645-b358-2032dc32af2e,c4,c3,1775,e7,?,
1769471258.3633578,SENT,470e1437-4d7d-4615-9f1d-4c540dd293b2,42027f44-25dc-4fa1-b097-dca2143f4c7b,c4,c3,1260,?,x9,
1769471258.3633993,FORWARDED,470e1437-4d7d-4615-9f1d-4c540dd293b2,42027f44-25dc-4fa1-b097-dca2143f4c7b,c4,c3,1260,?,x9,
1769471258.399657,RECEIVED,8fbdb717-8fec-4f70-831e-95b6e007f6a1,41feb0e9-d3ff-4e55-80b9-e15107e83be1,c5,DROP,1012,e2,?,
1769471258.410995,SENT,c2283d22-591f-46d8-92a6-57717deeeb20,fb86e3b7-2dc7-4a21-84f1-3e484c1a69bf,c2,DROP,687,?,x1,
1769471258.4110577,FORWARDED,c2283d22-591f-46d8-92a6-57717deeeb20,fb86e3b7-2dc7-4a21-84f1-3e484c1a69bf,c2,DROP,687,?,x1,
1769471258.5008082,RECEIVED,de42c87b-b46c-4cc7-bcce-e685e46255fd,db192ac4-bd81-4e3c-9575-ffb0b9f0fe2d,c4,c3,1775,e4,?,
1769471258.5186288,SENT,8fbdb717-8fec-4f70-831e-95b6e007f6a1,41feb0e9-d3ff-4e55-80b9-e15107e83be1,c5,DROP,687,?,x4,
1769471258.5186667,FORWARDED,8fbdb717-8fec-4f70-831e-95b6e007f6a1,41feb0e9-d3ff-4e55-80b9-e15107e83be1,c5,DROP,687,?,x4,
1769471258.52653,RECEIVED,b3879710-f6b0-4737-a315-6d775f20b69b,11f92359-d21d-4ea2-b9ac-38bb68792e29,c1,DROP,1007,e10,?,
1769471258.745727,RECEIVED,8ed88733-6dc9-42dd-afb7-45fa3fd7e5fa,692650e6-da87-4f0a-a2dc-8da5d7f2f77a,c3,DROP,1008,e2,?,
1769471258.7595203,RECEIVED,521f9928-92b3-430c-a981-92a28ad4284e,568b0809-9851-4b37-a45c-84055572fa2a,c1,c3,1779,e12,?,
1769471258.9310353,SENT,b3879710-f6b0-4737-a315-6d775f20b69b,11f92359-d21d-4ea2-b9ac-38bb68792e29,c1,DROP,684,?,x8,
1769471258.9313972,FORWARDED,b3879710-f6b0-4737-a315-6d775f20b69b,11f92359-d21d-4ea2-b9ac-38bb68792e29,c1,DROP,684,?,x8,
1769471259.1585526,SENT,8ed88733-6dc9-42dd-afb7-45fa3fd7e5fa,692650e6-da87-4f0a-a2dc-8da5d7f2f77a,c3,DROP,683,?,x11,
1769471259.1585948,FORWARDED,8ed88733-6dc9-42dd-afb7-45fa3fd7e5fa,692650e6-da87-4f0a-a2dc-8da5d7f2f77a,c3,DROP,683,?,x11,
1769471259.1600068,RECEIVED,147e8224-19b7-4f28-8b8e-9614e07633db,175e0765-f539-47a1-82a6-b1f755a20c1e,c1,DROP,1006,e2,?,
1769471259.1877606,RECEIVED,700027df-9c70-450c-b058-0b19c571cfbd,c8f0135d-6151-4cdc-8f8d-0587912bf7f5,c4,DROP,1007,e9,?,
1769471259.1975749,SENT,97aa3c08-6c98-4565-8597-35c9675b5af8,b2e137e1-2372-41eb-a5e0-7622eb167bd1,c2,DROP,688,?,x1,
1769471259.197617,FORWARDED,97aa3c08-6c98-4565-8597-35c9675b5af8,b2e137e1-2372-41eb-a5e0-7622eb167bd1,c2,DROP,688,?,x1,
1769471259.2867062,SENT,521f9928-92b3-430c-a981-92a28ad4284e,568b0809-9851-4b37-a45c-84055572fa2a,c1,c3,1262,?,x5,
1769471259.2867405,FORWARDED,521f9928-92b3-430c-a981-92a28ad4284e,568b0809-9851-4b37-a45c-84055572fa2a,c1,c3,1262,?,x5,
1769471259.3285139,SENT,de42c87b-b46c-4cc7-bcce-e685e46255fd,db192ac4-bd81-4e3c-9575-ffb0b9f0fe2d,c4,c3,1259,?,x3,
1769471259.3285573,FORWARDED,de42c87b-b46c-4cc7-bcce-e685e46255fd,db192ac4-bd81-4e3c-9575-ffb0b9f0fe2d,c4,c3,1259,?,x3,
1769471259.3426924,RECEIVED,0f5f4751-4218-49a6-9f7e-6071457f16af,6f09b024-f0e6-4bce-b1b0-004bf3fa0c54,c2,DROP,1014,e8,?,
1769471259.6059158,RECEIVED,7f054331-084d-4382-94c2-35075c3798d4,3c7eb69a-79f5-423b-8c16-6bfeec715198,c4,DROP,1009,e3,?,
1769471259.631941,SENT,7f054331-084d-4382-94c2-35075c3798d4,3c7eb69a-79f5-423b-8c16-6bfeec715198,c4,DROP,684,?,x1,
1769471259.6319792,FORWARDED,7f054331-084d-4382-94c2-35075c3798d4,3c7eb69a-79f5-423b-8c16-6bfeec715198,c4,DROP,684,?,x1,
1769471259.7428977,RECEIVED,b676ea11-8bd1-4b83-94f1-2c174a99fe6f,733e7a05-786a-4c56-aae8-965df952c2a8,c4,DROP,1012,e9,?,
1769471259.7686048,SENT,700027df-9c70-450c-b058-0b19c571cfbd,c8f0135d-6151-4cdc-8f8d-0587912bf7f5,c4,DROP,684,?,x3,
1769471259.7686462,FORWARDED,700027df-9c70-450c-b058-0b19c571cfbd,c8f0135d-6151-4cdc-8f8d-0587912bf7f5,c4,DROP,684,?,x3,
1769471259.7809024,SENT,147e8224-19b7-4f28-8b8e-9614e07633db,175e0765-f539-47a1-82a6-b1f755a20c1e,c1,DROP,683,?,x2,
1769471259.780936,FORWARDED,147e8224-19b7-4f28-8b8e-9614e07633db,175e0765-f539-47a1-82a6-b1f755a20c1e,c1,DROP,683,?,x2,
1769471259.9004366,RECEIVED,8470f589-91ea-4b9b-b6e0-9da98be0cd03,86c4ac41-7566-4e13-8953-40c914d6278c,c2,DROP,1012,e11,?,
1769471259.983084,SENT,8470f589-91ea-4b9b-b6e0-9da98be0cd03,86c4ac41-7566-4e13-8953-40c914d6278c,c2,DROP,685,?,x4,
1769471259.9831266,FORWARDED,8470f589-91ea-4b9b-b6e0-9da98be0cd03,86c4ac41-7566-4e13-8953-40c914d6278c,c2,DROP,685,?,x4,
1769471260.037027,RECEIVED,a9d40724-1318-4c4a-a297-2ac8d22550d9,e57fae00-1476-4767-8094-7675825f65bd,c2,DROP,441,x11,?,
1769471260.0811563,RECEIVED,13915033-40bf-4c42-be5d-81a60c7395bf,d3df1f16-90e1-45e2-bf25-fe5dc3ebeb71,c4,DROP,1007,e12,?,
1769471260.0902996,SENT,3a0b9d05-158a-43a5-8ba0-985d90373c98,fab65748-fc3e-4645-b358-2032dc32af2e,c4,c3,1260,?,x3,
1769471260.0903516,FORWARDED,3a0b9d05-158a-43a5-8ba0-985d90373c98,fab65748-fc3e-4645-b358-2032dc32af2e,c4,c3,1260,?,x3,
1769471260.1114557,RECEIVED,404ae8a2-52f6-45d5-92a7-0dd08a96c2a0,2b0355a4-f176-4c6d-affb-5ded1cc1f677,c1,DROP,1007,e1,?,
1769471260.3654501,RECEIVED,d123b022-ad55-4ab3-9f91-001a5d0468dc,86a3a191-bdde-453f-9557-486699704e31,c2,DROP,1009,e5,?,
1769471260.4377406,RECEIVED,a24ae933-22b8-4d0d-80f5-7e2069345554,3c398dfc-2118-49ae-b11e-1ce7076a060d,c4,DROP,1008,e6,?,
1769471260.5835707,RECEIVED,30aecf38-a06e-4b6a-b5ab-ddb407c459a4,a22f45d7-dcb1-443a-8208-f6d594610847,c1,c3,1784,e12,?,
1769471260.6087954,SENT,d123b022-ad55-4ab3-9f91-001a5d0468dc,86a3a191-bdde-453f-9557-486699704e31,c2,DROP,683,?,x11,
1769471260.6088338,FORWARDED,d123b022-ad55-4ab3-9f91-001a5d0468dc,86a3a191-bdde-453f-9557-486699704e31,c2,DROP,683,?,x11,
1769471260.6160157,SENT,0f5f4751-4218-49a6-9f7e-6071457f16af,6f09b024-f0e6-4bce-b1b0-004bf3fa0c54,c2,DROP,688,?,x3,
1769471260.6161506,FORWARDED,0f5f4751-4218-49a6-9f7e-6071457f16af,6f09b024-f0e6-4bce-b1b0-004bf3fa0c54,c2,DROP,688,?,x3,
1769471260.642983,SENT,30aecf38-a06e-4b6a-b5ab-ddb407c459a4,a22f45d7-dcb1-443a-8208-f6d594610847,c1,c3,1264,?,x6,
1769471260.6430259,FORWARDED,30aecf38-a06e-4b6a-b5ab-ddb407c459a4,a22f45d7-dcb1-443a-8208-f6d594610847,c1,c3,1264,?,x6,
1769471260.6592898,SENT,404ae8a2-52f6-45d5-92a7-0dd08a96c2a0,2b0355a4-f176-4c6d-affb-5ded1cc1f677,c1,DROP,684,?,x8,
1769471260.6593325,FORWARDED,404ae8a2-52f6-45d5-92a7-0dd08a96c2a0,2b0355a4-f176-4c6d-affb-5ded1cc1f677,c1,DROP,684,?,x8,
1769471260.8250363,SENT,13915033-40bf-4c42-be5d-81a60c7395bf,d3df1f16-90e1-45e2-bf25-fe5dc3ebeb71,c4,DROP,684,?,x9,
1769471260.825095,FORWARDED,13915033-40bf-4c42-be5d-81a60c7395bf,d3df1f16-90e1-45e2-bf25-fe5dc3ebeb71,c4,DROP,684,?,x9,
1769471261.018309,RECEIVED,2b6d6da9-427f-49fe-90b2-2032f130c7b5,4eef8493-1a43-484c-9321-9d1da91c27c6,c1,c3,1772,e2,?,
1769471261.0344775,RECEIVED,15a0d4a6-baa5-435a-8135-ddcc4287618d,398df77c-d993-4b6f-8efe-55f23c885b49,c2,DROP,1007,e2,?,
1769471261.047162,SENT,a24ae933-22b8-4d0d-80f5-7e2069345554,3c398dfc-2118-49ae-b11e-1ce7076a060d,c4,DROP,684,?,x10,
1769471261.0472038,FORWARDED,a24ae933-22b8-4d0d-80f5-7e2069345554,3c398dfc-2118-49ae-b11e-1ce7076a060d,c4,DROP,684,?,x10,
1769471261.0822132,RECEIVED,bc3bf429-dcae-4dae-b6c7-6e9a4e747895,f699ead5-1c46-4085-abd9-219c3fb512c9,c1,DROP,1009,e11,?,
1769471261.1001463,RECEIVED,40a351f6-6ec6-40f7-92a2-b4ee6996fdfa,3a24317b-b0ea-4f71-90ad-df16aa804f5c,c4,DROP,1008,e7,?,
1769471261.1557207,SENT,15a0d4a6-baa5-435a-8135-ddcc4287618d,398df77c-d993-4b6f-8efe-55f23c885b49,c2,DROP,683,?,x7,
1769471261.1557615,FORWARDED,15a0d4a6-baa5-435a-8135-ddcc4287618d,398df77c-d993-4b6f-8efe-55f23c885b49,c2,DROP,683,?,x7,
1769471261.2018797,RECEIVED,3dd3b7f2-80f7-4c5a-a4dd-369c5ce9c0e7,5d04d575-0b95-4d26-98af-2b5121354fc4,c2,c4,1775,e7,?,
1769471261.2621827,RECEIVED,ac15ee9d-5c2a-41b9-9c77-540854e9e529,67b3c7e1-c73f-491c-a1d9-e5b3b51372d3,c1,c3,1776,e5,?,
1769471261.2800732,RECEIVED,f972f849-a447-44aa-9974-b0c497f9d105,fd5d01bd-08bf-46f6-a995-fb16e647e937,c3,DROP,1016,e7,?,
1769471261.2903376,SENT,40a351f6-6ec6-40f7-92a2-b4ee6996fdfa,3a24317b-b0ea-4f71-90ad-df16aa804f5c,c4,DROP,684,?,x3,
1769471261.290377,FORWARDED,40a351f6-6ec6-40f7-92a2-b4ee6996fdfa,3a24317b-b0ea-4f71-90ad-df16aa804f5c,c4,DROP,684,?,x3,
1769471261.3533716,SENT,f972f849-a447-44aa-9974-b0c497f9d105,fd5d01bd-08bf-46f6-a995-fb16e647e937,c3,DROP,689,?,x7,
1769471261.3534129,FORWARDED,f972f849-a447-44aa-9974-b0c497f9d105,fd5d01bd-08bf-46f6-a995-fb16e647e937,c3,DROP,689,?,x7,
1769471261.4051213,SENT,bc3bf429-dcae-4dae-b6c7-6e9a4e747895,f699ead5-1c46-4085-abd9-219c3fb512c9,c1,DROP,684,?,x11,
1769471261.4051669,FORWARDED,bc3bf429-dcae-4dae-b6c7-6e9a4e747895,f699ead5-1c46-4085-abd9-219c3fb512c9,c1,DROP,684,?,x11,
1769471261.6609287,RECEIVED,8ed2c95f-ce5d-4429-ac39-0faf13c83b2c,68f59945-e687-40eb-a713-1e163db5e34b,c2,DROP,1012,e1,?,
1769471261.7906601,SENT,ac15ee9d-5c2a-41b9-9c77-540854e9e529,67b3c7e1-c73f-491c-a1d9-e5b3b51372d3,c1,c3,1260,?,x10,
1769471261.790711,FORWARDED,ac15ee9d-5c2a-41b9-9c77-540854e9e529,67b3c7e1-c73f-491c-a1d9-e5b3b51372d3,c1,c3,1260,?,x10,
1769471261.8243947,SENT,8ed2c95f-ce5d-4429-ac39-0faf13c83b2c,68f59945-e687-40eb-a713-1e163db5e34b,c2,DROP,687,?,x6,
1769471261.8245018,FORWARDED,8ed2c95f-ce5d-4429-ac39-0faf13c83b2c,68f59945-e687-40eb-a713-1e163db5e34b,c2,DROP,687,?,x6,
1769471261.8556218,SENT,2b6d6da9-427f-49fe-90b2-2032f130c7b5,4eef8493-1a43-484c-9321-9d1da91c27c6,c1,c3,1255,?,x10,
1769471261.8556638,FORWARDED,2b6d6da9-427f-49fe-90b2-2032f130c7b5,4eef8493-1a43-484c-9321-9d1da91c27c6,c1,c3,1255,?,x10,
1769471261.9458864,RECEIVED,366c50f8-8de9-44f6-8fce-fafe9e571ebe,187a634b-1dc3-412c-aeb6-30ba4ade05b0,c4,DROP,1021,e5,?,
1769471261.955552,RECEIVED,55155231-6f87-43e8-9e47-bae9d8ced4ca,d8e4a7b2-1ab1-4d21-8ba0-d51c994822d2,c4,DROP,1007,e6,?,
1769471262.0901694,SENT,b676ea11-8bd1-4b83-94f1-2c174a99fe6f,733e7a05-786a-4c56-aae8-965df952c2a8,c4,DROP,687,?,x12,
1769471262.090212,FORWARDED,b676ea11-8bd1-4b83-94f1-2c174a99fe6f,733e7a05-786a-4c56-aae8-965df952c2a8,c4,DROP,687,?,x12,
1769471262.1414747,RECEIVED,11e50b3d-29c2-4aba-91a8-1328bc120dfd,1670a2c2-8a24-4cf1-8c0a-1b7ff56d75cc,c1,DROP,1012,e4,?,
1769471262.1548336,SENT,366c50f8-8de9-44f6-8fce-fafe9e571ebe,187a634b-1dc3-412c-aeb6-30ba4ade05b0,c4,DROP,693,?,x10,
1769471262.1548736,FORWARDED,366c50f8-8de9-44f6-8fce-fafe9e571ebe,187a634b-1dc3-412c-aeb6-30ba4ade05b0,c4,DROP,693,?,x10,
1769471262.210304,RECEIVED,9c034411-27fb-428a-bf4d-a95258199a03,964a05ae-d412-44e6-b941-63c7551192ca,c1,DROP,1009,e9,?,
1769471262.3953726,RECEIVED,687c023d-93d8-4d41-bbc4-fe7ecc8bc3ce,fdd2c9eb-6be8-4c23-b663-94b912fccaa9,c3,c1,1768,e2,?,
1769471262.4225285,RECEIVED,36a551eb-5c24-43d3-bb83-8e8670374ac6,73fd0545-7ea2-4fb7-9b07-dbc17712c694,c4,DROP,1007,e8,?,
1769471262.4476137,RECEIVED,e272bc74-4fe7-4411-9f82-1c16c594490a,69b49103-446d-412d-8053-c1d8e2052cd8,c3,DROP,1009,e6,?,
1769471262.5392082,RECEIVED,cb6a81fe-4512-4d1d-80f0-c2224647b922,27cc9028-c9f5-41ca-9435-9b7ff528cc80,c3,DROP,1008,e8,?,
1769471262.5696983,SENT,9c034411-27fb-428a-bf4d-a95258199a03,964a05ae-d412-44e6-b941-63c7551192ca,c1,DROP,683,?,x11,
1769471262.5697408,FORWARDED,9c034411-27fb-428a-bf4d-a95258199a03,964a05ae-d412-44e6-b941-63c7551192ca,c1,DROP,683,?,x11,
1769471262.573313,SENT,687c023d-93d8-4d41-bbc4-fe7ecc8bc3ce,fdd2c9eb-6be8-4c23-b663-94b912fccaa9,c3,c1,1252,?,x7,
1769471262.5733523,FORWARDED,687c023d-93d8-4d41-bbc4-fe7ecc8bc3ce,fdd2c9eb-6be8-4c23-b663-94b912fccaa9,c3,c1,1252,?,x7,
1769471262.5877542,SENT,55155231-6f87-43e8-9e47-bae9d8ced4ca,d8e4a7b2-1ab1-4d21-8ba0-d51c994822d2,c4,DROP,684,?,x3,
1769471262.5877929,FORWARDED,55155231-6f87-43e8-9e47-bae9d8ced4ca,d8e4a7b2-1ab1-4d21-8ba0-d51c994822d2,c4,DROP,684,?,x3,
1769471262.5979316,RECEIVED,e2b51376-bba8-46d9-8738-33aae021b51a,a3dde730-9ba3-40e8-bbf6-92c727d047ea,c5,DROP,1012,e4,?,
1769471262.6169066,SENT,e272bc74-4fe7-4411-9f82-1c16c594490a,69b49103-446d-412d-8053-c1d8e2052cd8,c3,DROP,683,?,x10,
1769471262.616948,FORWARDED,e272bc74-4fe7-4411-9f82-1c16c594490a,69b49103-446d-412d-8053-c1d8e2052cd8,c3,DROP,683,?,x10,
1769471262.630538,SENT,11e50b3d-29c2-4aba-91a8-1328bc120dfd,1670a2c2-8a24-4cf1-8c0a-1b7ff56d75cc,c1,DROP,685,?,x11,
1769471262.6305816,FORWARDED,11e50b3d-29c2-4aba-91a8-1328bc120dfd,1670a2c2-8a24-4cf1-8c0a-1b7ff56d75cc,c1,DROP,685,?,x11,
1769471262.7452288,SENT,cb6a81fe-4512-4d1d-80f0-c2224647b922,27cc9028-c9f5-41ca-9435-9b7ff528cc80,c3,DROP,684,?,x10,
1769471262.7452729,FORWARDED,cb6a81fe-4512-4d1d-80f0-c2224647b922,27cc9028-c9f5-41ca-9435-9b7ff528cc80,c3,DROP,684,?,x10,
1769471262.7691507,SENT,e2b51376-bba8-46d9-8738-33aae021b51a,a3dde730-9ba3-40e8-bbf6-92c727d047ea,c5,DROP,687,?,x4,
1769471262.7691905,FORWARDED,e2b51376-bba8-46d9-8738-33aae021b51a,a3dde730-9ba3-40e8-bbf6-92c727d047ea,c5,DROP,687,?,x4,
1769471262.7807324,SENT,36a551eb-5c24-43d3-bb83-8e8670374ac6,73fd0545-7ea2-4fb7-9b07-dbc17712c694,c4,DROP,684,?,x3,
1769471262.7807713,FORWARDED,36a551eb-5c24-43d3-bb83-8e8670374ac6,73fd0545-7ea2-4fb7-9b07-dbc17712c694,c4,DROP,684,?,x3,
1769471262.8640373,RECEIVED,edc35f01-2613-49c5-819a-36a23ab9088d,8d481392-4077-4a5f-9119-54dfecce81f4,c4,DROP,442,x7,?,
1769471262.8779988,RECEIVED,b12b3fbc-23f7-433c-ad60-4773691be9b5,fd0bcc6f-0d8d-462a-9f0f-20a457f788a8,c3,None,1598,e7,?,
1769471262.9973986,RECEIVED,5c352295-37e2-4b80-93a3-1718e4887ed7,b1a62b26-1cae-4fef-950f-5de1c87f77d6,c4,DROP,1011,e10,?,
1769471263.3582668,SENT,3dd3b7f2-80f7-4c5a-a4dd-369c5ce9c0e7,5d04d575-0b95-4d26-98af-2b5121354fc4,c2,c4,1260,?,x4,
1769471263.3583162,FORWARDED,3dd3b7f2-80f7-4c5a-a4dd-369c5ce9c0e7,5d04d575-0b95-4d26-98af-2b5121354fc4,c2,c4,1260,?,x4,
1769471263.3997955,RECEIVED,e809f0df-7aa6-4216-b634-2ec998f90df1,4908f61f-0295-4f1a-8043-c3291cb515b6,c1,DROP,1015,e3,?,
1769471263.4164996,SENT,b12b3fbc-23f7-433c-ad60-4773691be9b5,fd0bcc6f-0d8d-462a-9f0f-20a457f788a8,c3,None,1127,?,x9,
1769471263.4165444,FORWARDED,b12b3fbc-23f7-433c-ad60-4773691be9b5,fd0bcc6f-0d8d-462a-9f0f-20a457f788a8,c3,None,1127,?,x9,
1769471263.66661,RECEIVED,4c947576-f068-463e-ac1b-54e6458be19f,7ff2e6f7-978e-407d-bfda-c6431ef67c68,c3,None,1608,e11,?,
1769471263.7367294,RECEIVED,446819d0-d11e-4cd6-927b-6415eb59b27c,2b8eed14-c47c-481c-9cc9-ef44fab3a798,c3,DROP,1010,e12,?,
1769471263.7473829,RECEIVED,1f18d9a5-18c2-442b-a947-ca3f0a17d3d7,ed98c1f8-ed1c-42a3-ab01-5521e91cb6b0,c4,DROP,1019,e10,?,
1769471263.760091,SENT,4c947576-f068-463e-ac1b-54e6458be19f,7ff2e6f7-978e-407d-bfda-c6431ef67c68,c3,None,1133,?,x8,
1769471263.7601302,FORWARDED,4c947576-f068-463e-ac1b-54e6458be19f,7ff2e6f7-978e-407d-bfda-c6431ef67c68,c3,None,1133,?,x8,
1769471263.7901988,SENT,446819d0-d11e-4cd6-927b-6415eb59b27c,2b8eed14-c47c-481c-9cc9-ef44fab3a798,c3,DROP,683,?,x11,
1769471263.7902439,FORWARDED,446819d0-d11e-4cd6-927b-6415eb59b27c,2b8eed14-c47c-481c-9cc9-ef44fab3a798,c3,DROP,683,?,x11,
1769471263.8079903,RECEIVED,64d90b9d-15a4-4677-a007-62e40d0bd142,de6c4b66-1dd3-4acf-95cf-cc06e2f58a88,c4,DROP,1008,e10,?,
1769471263.9056065,SENT,1f18d9a5-18c2-442b-a947-ca3f0a17d3d7,ed98c1f8-ed1c-42a3-ab01-5521e91cb6b0,c4,DROP,691,?,x12,
1769471263.9056485,FORWARDED,1f18d9a5-18c2-442b-a947-ca3f0a17d3d7,ed98c1f8-ed1c-42a3-ab01-5521e91cb6b0,c4,DROP,691,?,x12,
1769471263.9096665,SENT,5c352295-37e2-4b80-93a3-1718e4887ed7,b1a62b26-1cae-4fef-950f-5de1c87f77d6,c4,DROP,687,?,x8,
1769471263.9097056,FORWARDED,5c352295-37e2-4b80-93a3-1718e4887ed7,b1a62b26-1cae-4fef-950f-5de1c87f77d6,c4,DROP,687,?,x8,
1769471263.9210846,RECEIVED,5ee084f9-318c-45d7-93f5-62b98391f014,dd25b2af-da53-4e53-89c6-af78f427362d,c3,DROP,442,x4,?,
1769471264.0540123,SENT,e809f0df-7aa6-4216-b634-2ec998f90df1,4908f61f-0295-4f1a-8043-c3291cb515b6,c1,DROP,689,?,x5,
1769471264.0540705,FORWARDED,e809f0df-7aa6-4216-b634-2ec998f90df1,4908f61f-0295-4f1a-8043-c3291cb515b6,c1,DROP,689,?,x5,
1769471264.101652,RECEIVED,4d5ac6cb-98b9-4fb2-a696-b5060cebdb67,498f4be7-1210-4302-ba72-9f8181effd9e,c5,DROP,443,x12,?,
1769471264.2393036,RECEIVED,83b05a36-0077-47f5-91bd-aa9b10afd6c6,e68f28ea-3bfa-432e-a532-c0f348ae8a20,c2,DROP,996,e10,?,
1769471264.407501,RECEIVED,583979fa-51a5-4b86-9d34-2bb9adcbb462,fd6577f2-482b-4a00-bceb-d4d04c1ab672,c5,DROP,1005,e8,?,
1769471264.4391353,RECEIVED,f77fee18-7c22-4ee3-99f6-bd3c23ba5d7b,98c6b12b-5cb1-4524-b46c-406749f18dcc,c4,DROP,1021,e10,?,
1769471264.447928,SENT,83b05a36-0077-47f5-91bd-aa9b10afd6c6,e68f28ea-3bfa-432e-a532-c0f348ae8a20,c2,DROP,675,?,x4,
1769471264.4479692,FORWARDED,83b05a36-0077-47f5-91bd-aa9b10afd6c6,e68f28ea-3bfa-432e-a532-c0f348ae8a20,c2,DROP,675,?,x4,
1769471264.4491737,RECEIVED,99083002-df99-441f-9815-bf932dce0844,50462e43-dbaf-45df-96b3-e7e2461f699d,c5,c1,1768,e8,?,
1769471264.4561992,RECEIVED,07151c6a-8e98-443e-8be1-174adef11765,e4e76632-5e87-42c5-b76d-4db40d1216a1,c4,DROP,1019,e10,?,
1769471264.5255854,RECEIVED,84b3ce6f-7dc4-4a51-b831-510850136bbd,6d375d13-a780-4bbe-9ecb-788c38add65f,c1,DROP,1007,e4,?,
1769471264.550351,SENT,99083002-df99-441f-9815-bf932dce0844,50462e43-dbaf-45df-96b3-e7e2461f699d,c5,c1,1252,?,x4,
1769471264.5503936,FORWARDED,99083002-df99-441f-9815-bf932dce0844,50462e43-dbaf-45df-96b3-e7e2461f699d,c5,c1,1252,?,x4,
1769471264.6574557,RECEIVED,38418f2c-1775-4495-a6d5-bcaa2b7df4cd,a3b3994e-1b7a-4fec-966e-fc9b8cfffcd8,c5,DROP,1004,e3,?,
1769471264.7569573,SENT,07151c6a-8e98-443e-8be1-174adef11765,e4e76632-5e87-42c5-b76d-4db40d1216a1,c4,DROP,692,?,x4,
1769471264.756999,FORWARDED,07151c6a-8e98-443e-8be1-174adef11765,e4e76632-5e87-42c5-b76d-4db40d1216a1,c4,DROP,692,?,x4,
1769471264.761208,SENT,38418f2c-1775-4495-a6d5-bcaa2b7df4cd,a3b3994e-1b7a-4fec-966e-fc9b8cfffcd8,c5,DROP,679,?,x3,
1769471264.761262,FORWARDED,38418f2c-1775-4495-a6d5-bcaa2b7df4cd,a3b3994e-1b7a-4fec-966e-fc9b8cfffcd8,c5,DROP,679,?,x3,
1769471264.761494,RECEIVED,cc2262d1-817b-4970-857f-6cdfb02e9a15,b4a3bc95-69f6-40c2-94f4-23d4147fa219,c5,DROP,1004,e3,?,
1769471264.7629058,RECEIVED,0266dc85-4371-432c-8023-0497e083b2db,1a2a602d-d5d0-45b8-b7a9-aa75b753b02b,c4,DROP,1008,e5,?,
1769471264.771354,SENT,64d90b9d-15a4-4677-a007-62e40d0bd142,de6c4b66-1dd3-4acf-95cf-cc06e2f58a88,c4,DROP,683,?,x12,
1769471264.7713954,FORWARDED,64d90b9d-15a4-4677-a007-62e40d0bd142,de6c4b66-1dd3-4acf-95cf-cc06e2f58a88,c4,DROP,683,?,x12,
1769471264.8460615,SENT,f77fee18-7c22-4ee3-99f6-bd3c23ba5d7b,98c6b12b-5cb1-4524-b46c-406749f18dcc,c4,DROP,692,?,x10,
1769471264.8460999,FORWARDED,f77fee18-7c22-4ee3-99f6-bd3c23ba5d7b,98c6b12b-5cb1-4524-b46c-406749f18dcc,c4,DROP,692,?,x10,
1769471264.9234705,RECEIVED,3a6c23e6-c87c-4e25-8bc3-608e88b74636,79aeed4c-ac53-457e-91db-1a62aa33523b,c4,DROP,1011,e1,?,
1769471264.9873207,RECEIVED,b4887163-9713-447e-8733-f665bc8f1708,f0a4d819-3129-4bb2-8968-aff14d7d7dfc,c3,DROP,1016,e2,?,
1769471264.9963396,RECEIVED,85762a79-80da-4450-9499-911df7144ad0,9d24e2a5-8d0b-4ace-8ae4-1d903112f4ca,c2,DROP,1007,e10,?,
1769471265.0373363,SENT,84b3ce6f-7dc4-4a51-b831-510850136bbd,6d375d13-a780-4bbe-9ecb-788c38add65f,c1,DROP,682,?,x8,
1769471265.037377,FORWARDED,84b3ce6f-7dc4-4a51-b831-510850136bbd,6d375d13-a780-4bbe-9ecb-788c38add65f,c1,DROP,682,?,x8,
1769471265.0804667,SENT,3a6c23e6-c87c-4e25-8bc3-608e88b74636,79aeed4c-ac53-457e-91db-1a62aa33523b,c4,DROP,685,?,x5,
1769471265.080508,FORWARDED,3a6c23e6-c87c-4e25-8bc3-608e88b74636,79aeed4c-ac53-457e-91db-1a62aa33523b,c4,DROP,685,?,x5,
1769471265.1052577,SENT,cc2262d1-817b-4970-857f-6cdfb02e9a15,b4a3bc95-69f6-40c2-94f4-23d4147fa219,c5,DROP,679,?,x2,
1769471265.1053019,FORWARDED,cc2262d1-817b-4970-857f-6cdfb02e9a15,b4a3bc95-69f6-40c2-94f4-23d4147fa219,c5,DROP,679,?,x2,
1769471265.121579,SENT,0266dc85-4371-432c-8023-0497e083b2db,1a2a602d-d5d0-45b8-b7a9-aa75b753b02b,c4,DROP,684,?,x7,
1769471265.12162,FORWARDED,0266dc85-4371-432c-8023-0497e083b2db,1a2a602d-d5d0-45b8-b7a9-aa75b753b02b,c4,DROP,684,?,x7,
1769471265.144882,SENT,b4887163-9713-447e-8733-f665bc8f1708,f0a4d819-3129-4bb2-8968-aff14d7d7dfc,c3,DROP,689,?,x9,
1769471265.1449182,FORWARDED,b4887163-9713-447e-8733-f665bc8f1708,f0a4d819-3129-4bb2-8968-aff14d7d7dfc,c3,DROP,689,?,x9,
1769471265.1600227,SENT,583979fa-51a5-4b86-9d34-2bb9adcbb462,fd6577f2-482b-4a00-bceb-d4d04c1ab672,c5,DROP,683,?,x9,
1769471265.1600764,FORWARDED,583979fa-51a5-4b86-9d34-2bb9adcbb462,fd6577f2-482b-4a00-bceb-d4d04c1ab672,c5,DROP,683,?,x9,
1769471265.2098386,RECEIVED,c40f24f1-b98f-4d7e-9f51-b56c053d6b19,3dd5d38b-829c-419a-8225-cb3ec782fed2,c3,DROP,1011,e6,?,
1769471265.3179467,RECEIVED,2fd5db75-53fb-4f86-a2b7-53a302872de0,d6f4d907-9e0c-4fe8-b3d8-c55af638c6de,c5,c1,1763,e4,?,
1769471265.3537111,RECEIVED,6ade3348-ea01-426c-a959-36433985f1b6,a254cb50-eb64-4c6f-91e6-58a146368d7e,c1,DROP,1016,e4,?,
1769471265.3633797,SENT,85762a79-80da-4450-9499-911df7144ad0,9d24e2a5-8d0b-4ace-8ae4-1d903112f4ca,c2,DROP,682,?,x3,
1769471265.363421,FORWARDED,85762a79-80da-4450-9499-911df7144ad0,9d24e2a5-8d0b-4ace-8ae4-1d903112f4ca,c2,DROP,682,?,x3,
1769471265.4893644,RECEIVED,fc118b91-e85f-403b-a670-251699e93f74,e7482e27-3449-4c8c-92c5-02252659c858,c4,DROP,1012,e3,?,
1769471265.5940366,RECEIVED,120deec6-52fc-40a3-aa19-fe90b95cd46a,92bf8423-2d7e-49e6-a8d9-bafead21b1a6,c1,DROP,1008,e10,?,
1769471265.602436,SENT,fc118b91-e85f-403b-a670-251699e93f74,e7482e27-3449-4c8c-92c5-02252659c858,c4,DROP,687,?,x3,
1769471265.6024792,FORWARDED,fc118b91-e85f-403b-a670-251699e93f74,e7482e27-3449-4c8c-92c5-02252659c858,c4,DROP,687,?,x3,
1769471265.621769,RECEIVED,2ad5e068-8336-4403-994e-5a0f5112e4b0,fbc256d0-97a9-4ee1-9bab-361df8f644cb,c3,DROP,442,x3,?,
1769471265.6926274,SENT,120deec6-52fc-40a3-aa19-fe90b95cd46a,92bf8423-2d7e-49e6-a8d9-bafead21b1a6,c1,DROP,683,?,x7,
1769471265.6926703,FORWARDED,120deec6-52fc-40a3-aa19-fe90b95cd46a,92bf8423-2d7e-49e6-a8d9-bafead21b1a6,c1,DROP,683,?,x7,
1769471265.800817,RECEIVED,2718c4c9-7ec6-41e2-87f4-1c777f1a51ac,38a33a36-5489-4de2-8c04-75bae2f1adf2,c1,DROP,442,x7,?,
1769471265.9349587,SENT,2fd5db75-53fb-4f86-a2b7-53a302872de0,d6f4d907-9e0c-4fe8-b3d8-c55af638c6de,c5,c1,1251,?,x8,
1769471265.934998,FORWARDED,2fd5db75-53fb-4f86-a2b7-53a302872de0,d6f4d907-9e0c-4fe8-b3d8-c55af638c6de,c5,c1,1251,?,x8,
1769471266.0219646,RECEIVED,437b6810-b5fe-4603-ac53-1555f15ede46,3611a230-4a2c-4f07-8143-0eb0f6c7666b,c4,DROP,1008,e10,?,
1769471266.2451694,RECEIVED,9fe29029-a871-448b-8bb9-d0887632e574,67a3b289-c6f0-4c56-86fa-0fefa5405eb0,c4,DROP,1008,e1,?,
1769471266.4072852,SENT,6ade3348-ea01-426c-a959-36433985f1b6,a254cb50-eb64-4c6f-91e6-58a146368d7e,c1,DROP,689,?,x12,
1769471266.4073224,FORWARDED,6ade3348-ea01-426c-a959-36433985f1b6,a254cb50-eb64-4c6f-91e6-58a146368d7e,c1,DROP,689,?,x12,
1769471266.4482377,RECEIVED,d5979b75-a891-45bf-a858-e2c6b60b739d,1529bf09-40b1-4fdb-8f16-f2c917c55713,c4,DROP,1008,e9,?,
1769471266.5653,SENT,c40f24f1-b98f-4d7e-9f51-b56c053d6b19,3dd5d38b-829c-419a-8225-cb3ec782fed2,c3,DROP,687,?,x6,
1769471266.5653381,FORWARDED,c40f24f1-b98f-4d7e-9f51-b56c053d6b19,3dd5d38b-829c-419a-8225-cb3ec782fed2,c3,DROP,687,?,x6,
1769471266.5887613,SENT,d5979b75-a891-45bf-a858-e2c6b60b739d,1529bf09-40b1-4fdb-8f16-f2c917c55713,c4,DROP,683,?,x5,
1769471266.5888028,FORWARDED,d5979b75-a891-45bf-a858-e2c6b60b739d,1529bf09-40b1-4fdb-8f16-f2c917c55713,c4,DROP,683,?,x5,
1769471266.8729544,RECEIVED,86874fdc-12df-400e-9b61-8fe2dadcad97,4fc69944-0894-44b7-83cb-68fcfea0a0bb,c3,DROP,1015,e6,?,
1769471266.8932152,SENT,9fe29029-a871-448b-8bb9-d0887632e574,67a3b289-c6f0-4c56-86fa-0fefa5405eb0,c4,DROP,684,?,x12,
1769471266.8932536,FORWARDED,9fe29029-a871-448b-8bb9-d0887632e574,67a3b289-c6f0-4c56-86fa-0fefa5405eb0,c4,DROP,684,?,x12,
1769471267.0280547,SENT,86874fdc-12df-400e-9b61-8fe2dadcad97,4fc69944-0894-44b7-83cb-68fcfea0a0bb,c3,DROP,689,?,x1,
1769471267.0280964,FORWARDED,86874fdc-12df-400e-9b61-8fe2dadcad97,4fc69944-0894-44b7-83cb-68fcfea0a0bb,c3,DROP,689,?,x1,
1769471267.05495,RECEIVED,cb42b37e-1b34-4aa0-9d9f-5a26155fd067,d12e6638-19d8-4466-b3dd-09281ad0dbb2,c1,DROP,1005,e7,?,
1769471267.129211,RECEIVED,521b1083-d349-4ec5-9ed9-a20bebb6af96,0627870a-7de7-4900-8a7c-078a1f5d67f1,c1,DROP,1020,e10,?,
1769471267.2225337,RECEIVED,90c168da-05ec-4f7d-b45d-8966f376ddf3,2cc3daba-423e-4e22-a1b0-b77ab0fdbfe3,c5,DROP,1012,e12,?,
1769471267.2952096,SENT,90c168da-05ec-4f7d-b45d-8966f376ddf3,2cc3daba-423e-4e22-a1b0-b77ab0fdbfe3,c5,DROP,687,?,x4,
1769471267.2952476,FORWARDED,90c168da-05ec-4f7d-b45d-8966f376ddf3,2cc3daba-423e-4e22-a1b0-b77ab0fdbfe3,c5,DROP,687,?,x4,
1769471267.338899,SENT,cb42b37e-1b34-4aa0-9d9f-5a26155fd067,d12e6638-19d8-4466-b3dd-09281ad0dbb2,c1,DROP,679,?,x12,
1769471267.338939,FORWARDED,cb42b37e-1b34-4aa0-9d9f-5a26155fd067,d12e6638-19d8-4466-b3dd-09281ad0dbb2,c1,DROP,679,?,x12,
1769471267.4980903,RECEIVED,f3992f4c-8b3a-431e-a6a8-26bed0248deb,c0faccae-4934-4506-8729-2d7b7fb4660c,c5,c1,1772,e8,?,
1769471267.6569633,SENT,437b6810-b5fe-4603-ac53-1555f15ede46,3611a230-4a2c-4f07-8143-0eb0f6c7666b,c4,DROP,682,?,x10,
1769471267.6570046,FORWARDED,437b6810-b5fe-4603-ac53-1555f15ede46,3611a230-4a2c-4f07-8143-0eb0f6c7666b,c4,DROP,682,?,x10,
1769471267.7849426,SENT,f3992f4c-8b3a-431e-a6a8-26bed0248deb,c0faccae-4934-4506-8729-2d7b7fb4660c,c5,c1,1257,?,x3,
1769471267.7849834,FORWARDED,f3992f4c-8b3a-431e-a6a8-26bed0248deb,c0faccae-4934-4506-8729-2d7b7fb4660c,c5,c1,1257,?,x3,
1769471267.9028852,RECEIVED,791ed2a1-bd98-4d8a-b869-70c27001d8d0,590c6cd4-c6e9-4b11-b383-1d361217afc0,c3,DROP,442,x5,?,
1769471268.1532488,SENT,521b1083-d349-4ec5-9ed9-a20bebb6af96,0627870a-7de7-4900-8a7c-078a1f5d67f1,c1,DROP,692,?,x11,
1769471268.1532886,FORWARDED,521b1083-d349-4ec5-9ed9-a20bebb6af96,0627870a-7de7-4900-8a7c-078a1f5d67f1,c1,DROP,692,?,x11,
1769471268.1617749,RECEIVED,f58c58b9-3797-4014-b207-94358c0fa844,43c0e8f5-ffc2-4171-9af1-d1301dbdc154,c2,DROP,1010,e8,?,
1769471268.2164638,SENT,f58c58b9-3797-4014-b207-94358c0fa844,43c0e8f5-ffc2-4171-9af1-d1301dbdc154,c2,DROP,683,?,x12,
1769471268.2165072,FORWARDED,f58c58b9-3797-4014-b207-94358c0fa844,43c0e8f5-ffc2-4171-9af1-d1301dbdc154,c2,DROP,683,?,x12,
1769471268.2803342,RECEIVED,e081987f-33f9-400c-8da2-4ca457b05a64,4daced66-2499-406b-8d56-05d2caead094,c5,DROP,442,x6,?,
1769471268.2942128,RECEIVED,5b7f9a9c-59c6-4902-a2be-a7948c6367a6,902dc920-cb45-4e41-8ce6-c9417e6c7cd4,c3,DROP,1007,e3,?,
1769471268.420927,RECEIVED,4c87a738-8fe6-4156-bc71-329eacf3f207,35766fd1-b9bb-4a9b-9f97-caf9c6887b60,c3,DROP,1003,e7,?,
1769471268.5121217,RECEIVED,1d140a69-3cd0-4f7e-94d9-cd78d86ac151,a61d876a-b153-4882-b940-37563600f917,c3,None,1601,e9,?,
1769471268.5784705,RECEIVED,31ab0fe2-d547-42b1-bda7-fc88181a8910,a14a65ed-4c34-40da-a465-638cefd7f096,c5,c1,1772,e6,?,
1769471268.6090338,SENT,1d140a69-3cd0-4f7e-94d9-cd78d86ac151,a61d876a-b153-4882-b940-37563600f917,c3,None,1127,?,x8,
1769471268.6090984,FORWARDED,1d140a69-3cd0-4f7e-94d9-cd78d86ac151,a61d876a-b153-4882-b940-37563600f917,c3,None,1127,?,x8,
1769471268.6141374,SENT,31ab0fe2-d547-42b1-bda7-fc88181a8910,a14a65ed-4c34-40da-a465-638cefd7f096,c5,c1,1255,?,x1,
1769471268.6141798,FORWARDED,31ab0fe2-d547-42b1-bda7-fc88181a8910,a14a65ed-4c34-40da-a465-638cefd7f096,c5,c1,1255,?,x1,
1769471268.6317503,RECEIVED,9c738ce8-98f7-4aa0-b771-f9ddb2e16b58,cec168e0-c052-405b-a77b-b7ae4b022398,c4,None,1609,e1,?,
1769471268.643983,RECEIVED,0f099d47-97ea-453e-92f3-aa0c137722b4,c413b75e-77d8-411e-a1a4-ed552704fd70,c1,c3,1765,e12,?,
1769471268.6862807,RECEIVED,30a77968-5878-4944-8746-e622456eac60,4f00bf6e-23cd-4ab4-a316-413a51e8e9ca,c5,DROP,1007,e2,?,
1769471268.7154021,SENT,0f099d47-97ea-453e-92f3-aa0c137722b4,c413b75e-77d8-411e-a1a4-ed552704fd70,c1,c3,1251,?,x7,
1769471268.7154424,FORWARDED,0f099d47-97ea-453e-92f3-aa0c137722b4,c413b75e-77d8-411e-a1a4-ed552704fd70,c1,c3,1251,?,x7,
1769471268.7984576,SENT,9c738ce8-98f7-4aa0-b771-f9ddb2e16b58,cec168e0-c052-405b-a77b-b7ae4b022398,c4,None,1132,?,x11,
1769471268.7984984,FORWARDED,9c738ce8-98f7-4aa0-b771-f9ddb2e16b58,cec168e0-c052-405b-a77b-b7ae4b022398,c4,None,1132,?,x11,
1769471268.8097477,RECEIVED,bccb9490-66d6-452b-a77b-d8117e4142eb,ccb51940-fa5e-4287-8c69-ecdd67db805e,c4,DROP,1016,e11,?,
1769471268.8958108,RECEIVED,c8c811f5-1545-420a-98d0-79c2f064aab9,6f69228d-0b56-4b89-b915-7d040c3abe99,c1,DROP,1011,e6,?,
1769471268.9793377,RECEIVED,308a3323-4f42-4d69-950d-f64b5cf096e0,3e7915a8-0328-47d1-96d8-0339c374b458,c3,c1,1780,e12,?,
1769471268.9840038,RECEIVED,a583d428-7d53-4ee9-ba1d-b8c5997a2909,780f7aa3-c2ce-4f0f-9851-0d8085f00811,c5,DROP,1012,e5,?,
1769471269.0276978,SENT,bccb9490-66d6-452b-a77b-d8117e4142eb,ccb51940-fa5e-4287-8c69-ecdd67db805e,c4,DROP,689,?,x4,
1769471269.0277405,FORWARDED,bccb9490-66d6-452b-a77b-d8117e4142eb,ccb51940-fa5e-4287-8c69-ecdd67db805e,c4,DROP,689,?,x4,
1769471269.0585036,SENT,a583d428-7d53-4ee9-ba1d-b8c5997a2909,780f7aa3-c2ce-4f0f-9851-0d8085f00811,c5,DROP,687,?,x3,
1769471269.0585418,FORWARDED,a583d428-7d53-4ee9-ba1d-b8c5997a2909,780f7aa3-c2ce-4f0f-9851-0d8085f00811,c5,DROP,687,?,x3,
1769471269.1492147,RECEIVED,223b42e5-a9aa-4e7e-9ed4-35ebd92e3d1d,6ad5e773-b7e1-4e46-a55e-b7edaa08405c,c2,DROP,445,x11,?,
1769471269.2135339,RECEIVED,bdb90c79-e5f1-4f86-9586-e1c6f8d8364a,c4983ad9-0ced-493b-a4e5-19c4cfc61fca,c3,None,1605,e7,?,
1769471269.2897582,SENT,bdb90c79-e5f1-4f86-9586-e1c6f8d8364a,c4983ad9-0ced-493b-a4e5-19c4cfc61fca,c3,None,1131,?,x10,
1769471269.2898011,FORWARDED,bdb90c79-e5f1-4f86-9586-e1c6f8d8364a,c4983ad9-0ced-493b-a4e5-19c4cfc61fca,c3,None,1131,?,x10,
1769471269.4309669,SENT,4c87a738-8fe6-4156-bc71-329eacf3f207,35766fd1-b9bb-4a9b-9f97-caf9c6887b60,c3,DROP,679,?,x9,
1769471269.4310071,FORWARDED,4c87a738-8fe6-4156-bc71-329eacf3f207,35766fd1-b9bb-4a9b-9f97-caf9c6887b60,c3,DROP,679,?,x9,
1769471269.4360294,SENT,c8c811f5-1545-420a-98d0-79c2f064aab9,6f69228d-0b56-4b89-b915-7d040c3abe99,c1,DROP,686,?,x3,
1769471269.4360967,FORWARDED,c8c811f5-1545-420a-98d0-79c2f064aab9,6f69228d-0b56-4b89-b915-7d040c3abe99,c1,DROP,686,?,x3,
1769471269.4840991,RECEIVED,0e935c02-fd68-4310-8d9d-ec5872ced0f8,aa7872d1-30fa-49ff-95f5-a304586aa3ef,c2,DROP,1011,e5,?,
1769471269.497329,RECEIVED,56c34764-cee6-4cf1-8e15-355a3e56278f,7bbd2155-44a5-4207-a290-d2f0b1e4b833,c5,c1,1767,e2,?,
1769471269.6158037,SENT,5b7f9a9c-59c6-4902-a2be-a7948c6367a6,902dc920-cb45-4e41-8ce6-c9417e6c7cd4,c3,DROP,683,?,x4,
1769471269.6158462,FORWARDED,5b7f9a9c-59c6-4902-a2be-a7948c6367a6,902dc920-cb45-4e41-8ce6-c9417e6c7cd4,c3,DROP,683,?,x4,
1769471269.8036146,RECEIVED,42e0eedc-f251-4eba-8060-040de0747be7,c7093ac4-e2ab-4807-b15c-b9fb83260420,c3,None,1598,e10,?,
1769471269.8381827,SENT,42e0eedc-f251-4eba-8060-040de0747be7,c7093ac4-e2ab-4807-b15c-b9fb83260420,c3,None,1124,?,x12,
1769471269.838226,FORWARDED,42e0eedc-f251-4eba-8060-040de0747be7,c7093ac4-e2ab-4807-b15c-b9fb83260420,c3,None,1124,?,x12,
1769471269.9988182,SENT,308a3323-4f42-4d69-950d-f64b5cf096e0,3e7915a8-0328-47d1-96d8-0339c374b458,c3,c1,1263,?,x10,
1769471269.99886,FORWARDED,308a3323-4f42-4d69-950d-f64b5cf096e0,3e7915a8-0328-47d1-96d8-0339c374b458,c3,c1,1263,?,x10,
1769471270.1322792,RECEIVED,d06ed280-c04d-4312-9d7f-b44a649a5fa8,e2b98fb7-1dea-4f32-a134-1347edd2f566,c1,DROP,1008,e7,?,
1769471270.1488078,RECEIVED,6a464ef8-df57-49a5-b00c-6aa174fa451f,ffaa2ed7-c7ed-455f-a5ee-040299434c67,c1,c3,1775,e3,?,
1769471270.3535907,SENT,d06ed280-c04d-4312-9d7f-b44a649a5fa8,e2b98fb7-1dea-4f32-a134-1347edd2f566,c1,DROP,684,?,x1,
1769471270.3536339,FORWARDED,d06ed280-c04d-4312-9d7f-b44a649a5fa8,e2b98fb7-1dea-4f32-a134-1347edd2f566,c1,DROP,684,?,x1,
1769471270.456592,SENT,0e935c02-fd68-4310-8d9d-ec5872ced0f8,aa7872d1-30fa-49ff-95f5-a304586aa3ef,c2,DROP,687,?,x5,
1769471270.456635,FORWARDED,0e935c02-fd68-4310-8d9d-ec5872ced0f8,aa7872d1-30fa-49ff-95f5-a304586aa3ef,c2,DROP,687,?,x5,
1769471270.5012002,SENT,6a464ef8-df57-49a5-b00c-6aa174fa451f,ffaa2ed7-c7ed-455f-a5ee-040299434c67,c1,c3,1259,?,x4,
1769471270.501239,FORWARDED,6a464ef8-df57-49a5-b00c-6aa174fa451f,ffaa2ed7-c7ed-455f-a5ee-040299434c67,c1,c3,1259,?,x4,
1769471270.6530242,RECEIVED,5904b4a8-258b-4789-a57e-c5fd04ae79e3,cc72f657-e3e9-41bc-a88d-48c65dbb3a37,c1,DROP,1015,e5,?,
1769471270.6596065,RECEIVED,a71e5277-08de-4935-a5bb-bdb1ad2fd225,828d8d7b-9c46-426f-82eb-90e00c089c6b,c4,None,1595,e6,?,
1769471270.7688763,SENT,56c34764-cee6-4cf1-8e15-355a3e56278f,7bbd2155-44a5-4207-a290-d2f0b1e4b833,c5,c1,1253,?,x1,
1769471270.7689176,FORWARDED,56c34764-cee6-4cf1-8e15-355a3e56278f,7bbd2155-44a5-4207-a290-d2f0b1e4b833,c5,c1,1253,?,x1,
1769471270.8967307,SENT,5904b4a8-258b-4789-a57e-c5fd04ae79e3,cc72f657-e3e9-41bc-a88d-48c65dbb3a37,c1,DROP,688,?,x2,
1769471270.896771,FORWARDED,5904b4a8-258b-4789-a57e-c5fd04ae79e3,cc72f657-e3e9-41bc-a88d-48c65dbb3a37,c1,DROP,688,?,x2,
1769471271.0197988,SENT,a71e5277-08de-4935-a5bb-bdb1ad2fd225,828d8d7b-9c46-426f-82eb-90e00c089c6b,c4,None,1123,?,x11,
1769471271.0198421,FORWARDED,a71e5277-08de-4935-a5bb-bdb1ad2fd225,828d8d7b-9c46-426f-82eb-90e00c089c6b,c4,None,1123,?,x11,
1769471271.0620973,RECEIVED,4a179905-d4bf-4cb4-ad92-c722d644ee82,217d14cf-87f6-4e89-a6fd-4e9fbc84d63e,c5,DROP,441,x10,?,
1769471271.0982554,RECEIVED,dfa1d80f-376f-4b46-a639-a81d3a36b9b4,3ed3bf6b-a3d0-4383-a1ae-c2e3e1684226,c2,DROP,1008,e12,?,
1769471271.1609154,RECEIVED,0c8cdde3-6a49-4063-a6a8-9ae07798c7cd,d12a7f0d-b598-4345-bccf-34f06c62e5ee,c4,DROP,441,x4,?,
1769471271.211564,SENT,30a77968-5878-4944-8746-e622456eac60,4f00bf6e-23cd-4ab4-a316-413a51e8e9ca,c5,DROP,683,?,x1,
1769471271.211605,FORWARDED,30a77968-5878-4944-8746-e622456eac60,4f00bf6e-23cd-4ab4-a316-413a51e8e9ca,c5,DROP,683,?,x1,
1769471271.2242484,SENT,dfa1d80f-376f-4b46-a639-a81d3a36b9b4,3ed3bf6b-a3d0-4383-a1ae-c2e3e1684226,c2,DROP,682,?,x7,
1769471271.2242885,FORWARDED,dfa1d80f-376f-4b46-a639-a81d3a36b9b4,3ed3bf6b-a3d0-4383-a1ae-c2e3e1684226,c2,DROP,682,?,x7,
1769471271.6680443,RECEIVED,1b0dabdf-18fc-4c20-8f32-c7493680a4b6,f22c84db-f53f-482c-ac5f-5333edc0692d,c5,DROP,1016,e9,?,
1769471271.8110976,SENT,1b0dabdf-18fc-4c20-8f32-c7493680a4b6,f22c84db-f53f-482c-ac5f-5333edc0692d,c5,DROP,688,?,x3,
1769471271.81114,FORWARDED,1b0dabdf-18fc-4c20-8f32-c7493680a4b6,f22c84db-f53f-482c-ac5f-5333edc0692d,c5,DROP,688,?,x3,
1769471271.9356008,RECEIVED,77822f2a-2be4-4e89-af28-efaedeaacfc0,7342b036-6782-47b3-b8e6-5b5d206c2d3e,c1,None,1600,e2,?,
1769471271.999028,SENT,77822f2a-2be4-4e89-af28-efaedeaacfc0,7342b036-6782-47b3-b8e6-5b5d206c2d3e,c1,None,1127,?,x8,
1769471271.999083,FORWARDED,77822f2a-2be4-4e89-af28-efaedeaacfc0,7342b036-6782-47b3-b8e6-5b5d206c2d3e,c1,None,1127,?,x8,
1769471272.0533574,RECEIVED,c3abbe23-c994-4766-971c-afed11f5b45a,101ee86b-40cb-430c-b0bd-1a5382aa23e9,c5,c1,1779,e10,?,
1769471272.2012005,RECEIVED,0b6bdb28-fb17-4e97-880a-e5bb6a9321ae,acb4d7b0-6d89-464c-b282-fb4356cfde50,c1,DROP,1015,e2,?,
1769471272.6194344,RECEIVED,4cd66ebb-db95-4804-b421-3c11359d3367,9076dc0b-987f-4fba-a2f3-32dfc4295310,c2,DROP,1007,e6,?,
1769471272.6591566,RECEIVED,96197f8c-69f1-4050-9a48-c15f8b363338,95e933ae-3316-498d-acd2-9ba678d32079,c4,c3,1768,e3,?,
1769471272.7280095,SENT,c3abbe23-c994-4766-971c-afed11f5b45a,101ee86b-40cb-430c-b0bd-1a5382aa23e9,c5,c1,1261,?,x9,
1769471272.728062,FORWARDED,c3abbe23-c994-4766-971c-afed11f5b45a,101ee86b-40cb-430c-b0bd-1a5382aa23e9,c5,c1,1261,?,x9,
1769471272.8382986,SENT,96197f8c-69f1-4050-9a48-c15f8b363338,95e933ae-3316-498d-acd2-9ba678d32079,c4,c3,1252,?,x8,
1769471272.8383405,FORWARDED,96197f8c-69f1-4050-9a48-c15f8b363338,95e933ae-3316-498d-acd2-9ba678d32079,c4,c3,1252,?,x8,
1769471273.0924222,SENT,0b6bdb28-fb17-4e97-880a-e5bb6a9321ae,acb4d7b0-6d89-464c-b282-fb4356cfde50,c1,DROP,689,?,x2,
1769471273.0924568,FORWARDED,0b6bdb28-fb17-4e97-880a-e5bb6a9321ae,acb4d7b0-6d89-464c-b282-fb4356cfde50,c1,DROP,689,?,x2,
1769471273.1388338,RECEIVED,0ac87a4a-1f9c-42ed-908e-e32b291780a6,e5cff77d-6f44-4ac4-b1e9-396b11fadd3f,c1,DROP,1007,e9,?,
1769471273.1677706,RECEIVED,b8c4c0ac-52ba-4eeb-8443-65d0a7448780,0acf7379-4856-44df-8a3a-62a71e81a877,c5,DROP,1015,e7,?,
1769471273.170799,RECEIVED,4c158a9d-be51-45ca-a3fc-3560d24a816f,1db4437b-d784-4c11-97f8-4d6b9326e792,c5,DROP,1015,e12,?,
1769471273.2991705,SENT,4c158a9d-be51-45ca-a3fc-3560d24a816f,1db4437b-d784-4c11-97f8-4d6b9326e792,c5,DROP,688,?,x7,
1769471273.2992098,FORWARDED,4c158a9d-be51-45ca-a3fc-3560d24a816f,1db4437b-d784-4c11-97f8-4d6b9326e792,c5,DROP,688,?,x7,
1769471273.3142211,SENT,4cd66ebb-db95-4804-b421-3c11359d3367,9076dc0b-987f-4fba-a2f3-32dfc4295310,c2,DROP,683,?,x7,
1769471273.3142655,FORWARDED,4cd66ebb-db95-4804-b421-3c11359d3367,9076dc0b-987f-4fba-a2f3-32dfc4295310,c2,DROP,683,?,x7,
1769471273.4572964,RECEIVED,d9db897b-54a0-4b43-9f8c-d2d0ddd36efe,337b7a3f-38c8-42df-8cfe-0e97ca4190ad,c2,DROP,1012,e3,?,
1769471273.4704862,RECEIVED,f096a15f-1ba0-447a-b0fb-ef7936f81dc4,1404ff80-7014-497a-90b9-610f6b4aba84,c5,DROP,1011,e4,?,
1769471273.6616838,SENT,d9db897b-54a0-4b43-9f8c-d2d0ddd36efe,337b7a3f-38c8-42df-8cfe-0e97ca4190ad,c2,DROP,687,?,x2,
1769471273.6617346,FORWARDED,d9db897b-54a0-4b43-9f8c-d2d0ddd36efe,337b7a3f-38c8-42df-8cfe-0e97ca4190ad,c2,DROP,687,?,x2,
1769471273.6735866,SENT,0ac87a4a-1f9c-42ed-908e-e32b291780a6,e5cff77d-6f44-4ac4-b1e9-396b11fadd3f,c1,DROP,684,?,x2,
1769471273.6736264,FORWARDED,0ac87a4a-1f9c-42ed-908e-e32b291780a6,e5cff77d-6f44-4ac4-b1e9-396b11fadd3f,c1,DROP,684,?,x2,
1769471273.6831455,RECEIVED,b6bd23e0-435b-40ed-8887-27b548bb2a89,f56248c1-8811-4605-8f06-0b8e1ed6a105,c2,DROP,1008,e9,?,
1769471273.8104668,RECEIVED,ae21f8e4-7a8e-4fc2-9312-d43c7522f8d7,c0f6c288-f086-4fd9-824a-024e7cb288f9,c1,DROP,1007,e1,?,
1769471273.9000096,SENT,b6bd23e0-435b-40ed-8887-27b548bb2a89,f56248c1-8811-4605-8f06-0b8e1ed6a105,c2,DROP,684,?,x3,
1769471273.9000623,FORWARDED,b6bd23e0-435b-40ed-8887-27b548bb2a89,f56248c1-8811-4605-8f06-0b8e1ed6a105,c2,DROP,684,?,x3,
1769471274.0126565,RECEIVED,6cb71e0d-2f50-4b50-b256-6b90ab5793da,e8761eed-7360-42a0-b7bb-45df9100d305,c5,DROP,1019,e12,?,
1769471274.0514636,RECEIVED,5b8eea1a-7826-439a-8b10-079eca059c1c,0bb4a143-2f1b-4da1-97b7-67d8905f9b38,c3,DROP,1007,e3,?,
1769471274.0861735,SENT,f096a15f-1ba0-447a-b0fb-ef7936f81dc4,1404ff80-7014-497a-90b9-610f6b4aba84,c5,DROP,687,?,x8,
1769471274.0862398,FORWARDED,f096a15f-1ba0-447a-b0fb-ef7936f81dc4,1404ff80-7014-497a-90b9-610f6b4aba84,c5,DROP,687,?,x8,
1769471274.2709079,SENT,b8c4c0ac-52ba-4eeb-8443-65d0a7448780,0acf7379-4856-44df-8a3a-62a71e81a877,c5,DROP,689,?,x11,
1769471274.2709506,FORWARDED,b8c4c0ac-52ba-4eeb-8443-65d0a7448780,0acf7379-4856-44df-8a3a-62a71e81a877,c5,DROP,689,?,x11,
1769471274.4144003,SENT,6cb71e0d-2f50-4b50-b256-6b90ab5793da,e8761eed-7360-42a0-b7bb-45df9100d305,c5,DROP,693,?,x12,
1769471274.4144335,FORWARDED,6cb71e0d-2f50-4b50-b256-6b90ab5793da,e8761eed-7360-42a0-b7bb-45df9100d305,c5,DROP,693,?,x12,
1769471274.5864372,SENT,ae21f8e4-7a8e-4fc2-9312-d43c7522f8d7,c0f6c288-f086-4fd9-824a-024e7cb288f9,c1,DROP,684,?,x2,
1769471274.5864766,FORWARDED,ae21f8e4-7a8e-4fc2-9312-d43c7522f8d7,c0f6c288-f086-4fd9-824a-024e7cb288f9,c1,DROP,684,?,x2,
1769471274.635224,RECEIVED,221da832-23df-4032-b14b-56a366eb7591,d2d9a744-c29d-4a1f-b567-19fcfb0938d4,c2,DROP,1011,e6,?,
1769471274.8504431,RECEIVED,68054c1e-f88a-4f50-b504-8b0f401b86b5,5e86ada6-fd99-4eeb-8ab2-112c6f4dc938,c2,DROP,1008,e7,?,
1769471274.853511,RECEIVED,5b00ae10-12a9-4fe0-8ac1-a998a0aecb08,535a0cee-1ff7-4b51-9641-1b3e211fd34f,c3,DROP,1012,e12,?,
1769471274.8977206,SENT,68054c1e-f88a-4f50-b504-8b0f401b86b5,5e86ada6-fd99-4eeb-8ab2-112c6f4dc938,c2,DROP,682,?,x5,
1769471274.8977616,FORWARDED,68054c1e-f88a-4f50-b504-8b0f401b86b5,5e86ada6-fd99-4eeb-8ab2-112c6f4dc938,c2,DROP,682,?,x5,
1769471274.936367,SENT,5b00ae10-12a9-4fe0-8ac1-a998a0aecb08,535a0cee-1ff7-4b51-9641-1b3e211fd34f,c3,DROP,686,?,x3,
1769471274.9364088,FORWARDED,5b00ae10-12a9-4fe0-8ac1-a998a0aecb08,535a0cee-1ff7-4b51-9641-1b3e211fd34f,c3,DROP,686,?,x3,
1769471275.0212135,SENT,221da832-23df-4032-b14b-56a366eb7591,d2d9a744-c29d-4a1f-b567-19fcfb0938d4,c2,DROP,685,?,x1,
1769471275.0212557,FORWARDED,221da832-23df-4032-b14b-56a366eb7591,d2d9a744-c29d-4a1f-b567-19fcfb0938d4,c2,DROP,685,?,x1,
1769471275.1821587,SENT,5b8eea1a-7826-439a-8b10-079eca059c1c,0bb4a143-2f1b-4da1-97b7-67d8905f9b38,c3,DROP,684,?,x8,
1769471275.1821966,FORWARDED,5b8eea1a-7826-439a-8b10-079eca059c1c,0bb4a143-2f1b-4da1-97b7-67d8905f9b38,c3,DROP,684,?,x8,
1769471275.2538385,RECEIVED,43cd5151-2cab-46d8-9da6-5f6e101b1cf7,17a73e09-f66d-4c72-870f-c00f37f8db50,c3,None,1616,e11,?,
1769471275.5071492,RECEIVED,0a2546ec-57f7-48e3-b943-2c850bf72b5d,19225e0e-4047-4c33-9625-1a8696a4f737,c5,DROP,1009,e1,?,
1769471275.6961799,RECEIVED,cd6d4c11-67a4-454b-8e1c-7cf039c7600e,14f8f256-402b-4453-9ff4-451083736993,c1,c3,1772,e7,?,
1769471275.765258,RECEIVED,8bbbf35b-abb2-478c-8ee5-a9b4476dd1db,068a3563-beb5-4337-abdc-6c4b6133160e,c1,DROP,1019,e12,?,
1769471275.7966144,RECEIVED,f082b3c8-1c48-4146-97eb-00804703a347,5498269e-6109-464c-8733-8f123bd75bd0,c4,DROP,1008,e12,?,
1769471275.8053246,SENT,0a2546ec-57f7-48e3-b943-2c850bf72b5d,19225e0e-4047-4c33-9625-1a8696a4f737,c5,DROP,682,?,x10,
1769471275.805365,FORWARDED,0a2546ec-57f7-48e3-b943-2c850bf72b5d,19225e0e-4047-4c33-9625-1a8696a4f737,c5,DROP,682,?,x10,
1769471275.8491075,SENT,f082b3c8-1c48-4146-97eb-00804703a347,5498269e-6109-464c-8733-8f123bd75bd0,c4,DROP,682,?,x4,
1769471275.849145,FORWARDED,f082b3c8-1c48-4146-97eb-00804703a347,5498269e-6109-464c-8733-8f123bd75bd0,c4,DROP,682,?,x4,
1769471275.8855596,SENT,cd6d4c11-67a4-454b-8e1c-7cf039c7600e,14f8f256-402b-4453-9ff4-451083736993,c1,c3,1257,?,x12,
1769471275.8856018,FORWARDED,cd6d4c11-67a4-454b-8e1c-7cf039c7600e,14f8f256-402b-4453-9ff4-451083736993,c1,c3,1257,?,x12,
1769471275.939032,SENT,43cd5151-2cab-46d8-9da6-5f6e101b1cf7,17a73e09-f66d-4c72-870f-c00f37f8db50,c3,None,1140,?,x11,
1769471275.9391012,FORWARDED,43cd5151-2cab-46d8-9da6-5f6e101b1cf7,17a73e09-f66d-4c72-870f-c00f37f8db50,c3,None,1140,?,x11,
1769471276.1092014,SENT,8bbbf35b-abb2-478c-8ee5-a9b4476dd1db,068a3563-beb5-4337-abdc-6c4b6133160e,c1,DROP,692,?,x6,
1769471276.1092412,FORWARDED,8bbbf35b-abb2-478c-8ee5-a9b4476dd1db,068a3563-beb5-4337-abdc-6c4b6133160e,c1,DROP,692,?,x6,
1769471276.281634,RECEIVED,ea760b8b-df7c-41ac-ab99-299be6738231,0b753959-47c5-44e0-a9ab-f36fe13157ab,c1,None,1603,e10,?,
1769471276.408291,RECEIVED,e1996305-21e4-4b1a-a90a-440d053aed6b,72a8a70c-3615-4616-a7ab-e847c298f7bc,c3,DROP,1011,e2,?,
1769471276.9090867,RECEIVED,c4f9b8f6-2282-41bf-8d78-1e04dcedceff,d2dc1dd4-7a57-41ce-be17-501107302086,c5,DROP,1016,e4,?,
1769471277.0073352,SENT,ea760b8b-df7c-41ac-ab99-299be6738231,0b753959-47c5-44e0-a9ab-f36fe13157ab,c1,None,1131,?,x2,
1769471277.0073695,FORWARDED,ea760b8b-df7c-41ac-ab99-299be6738231,0b753959-47c5-44e0-a9ab-f36fe13157ab,c1,None,1131,?,x2,
1769471277.0958996,RECEIVED,432f6981-145f-46f6-ae17-b798880c616b,3c2e8e46-2d73-4ab0-a566-c2159f580e71,c3,DROP,1004,e6,?,
1769471277.1050012,SENT,c4f9b8f6-2282-41bf-8d78-1e04dcedceff,d2dc1dd4-7a57-41ce-be17-501107302086,c5,DROP,688,?,x9,
1769471277.1050408,FORWARDED,c4f9b8f6-2282-41bf-8d78-1e04dcedceff,d2dc1dd4-7a57-41ce-be17-501107302086,c5,DROP,688,?,x9,
1769471277.112497,RECEIVED,62bf89d6-bd5b-488a-bbf4-fa12556bd9c5,47db233f-991f-40ea-aa0a-8aa6c8d6efc8,c5,DROP,1007,e8,?,
1769471277.1803832,RECEIVED,5aed332b-522c-4e4b-b1c2-bbc7a42b011d,c7fdbf6e-a11a-4148-ab63-05b3762cef91,c2,c4,1775,e5,?,
1769471277.182622,RECEIVED,c048d3b8-8229-4ee1-978d-00aa68b58bf1,b4f4b512-193f-469d-80fb-2e8e9fe660ab,c4,c3,1780,e3,?,
1769471277.2670162,RECEIVED,9743b80d-594f-49a1-9b5e-5690a64d9ea7,75db7adb-20f3-4f58-ae30-ec362696ea83,c3,None,1608,e10,?,
1769471277.2704177,SENT,e1996305-21e4-4b1a-a90a-440d053aed6b,72a8a70c-3615-4616-a7ab-e847c298f7bc,c3,DROP,687,?,x11,
1769471277.2704585,FORWARDED,e1996305-21e4-4b1a-a90a-440d053aed6b,72a8a70c-3615-4616-a7ab-e847c298f7bc,c3,DROP,687,?,x11,
1769471277.3589582,RECEIVED,b655c02d-cf89-458c-9c0f-e17e081cc8e6,0f7e5d90-5935-4984-8c84-53760d7f3fe7,c2,DROP,1011,e9,?,
1769471277.3936708,SENT,62bf89d6-bd5b-488a-bbf4-fa12556bd9c5,47db233f-991f-40ea-aa0a-8aa6c8d6efc8,c5,DROP,683,?,x5,
1769471277.3937054,FORWARDED,62bf89d6-bd5b-488a-bbf4-fa12556bd9c5,47db233f-991f-40ea-aa0a-8aa6c8d6efc8,c5,DROP,683,?,x5,
1769471277.4650068,SENT,432f6981-145f-46f6-ae17-b798880c616b,3c2e8e46-2d73-4ab0-a566-c2159f580e71,c3,DROP,679,?,x3,
1769471277.465059,FORWARDED,432f6981-145f-46f6-ae17-b798880c616b,3c2e8e46-2d73-4ab0-a566-c2159f580e71,c3,DROP,679,?,x3,
1769471277.6151826,SENT,c048d3b8-8229-4ee1-978d-00aa68b58bf1,b4f4b512-193f-469d-80fb-2e8e9fe660ab,c4,c3,1261,?,x12,
1769471277.6152246,FORWARDED,c048d3b8-8229-4ee1-978d-00aa68b58bf1,b4f4b512-193f-469d-80fb-2e8e9fe660ab,c4,c3,1261,?,x12,
1769471277.7082667,RECEIVED,283279c2-ac6e-45e3-8c0d-4c4a2807f8ca,a087d6b1-fb06-4340-a01c-e5932ee99c8d,c3,None,1595,e11,?,
1769471277.7445257,RECEIVED,f5416996-a47e-486a-9dff-f2dc5fe15426,80e78a00-959b-454f-8bd1-19b0695d201d,c2,DROP,1007,e1,?,
1769471278.145804,RECEIVED,3e31db1e-3b01-479a-ab8c-7e248a89540a,e063e3af-1652-45b1-b69d-3db616a3a98d,c2,DROP,1007,e9,?,
1769471278.195705,SENT,5aed332b-522c-4e4b-b1c2-bbc7a42b011d,c7fdbf6e-a11a-4148-ab63-05b3762cef91,c2,c4,1260,?,x3,
1769471278.1957476,FORWARDED,5aed332b-522c-4e4b-b1c2-bbc7a42b011d,c7fdbf6e-a11a-4148-ab63-05b3762cef91,c2,c4,1260,?,x3,
1769471278.2968132,SENT,283279c2-ac6e-45e3-8c0d-4c4a2807f8ca,a087d6b1-fb06-4340-a01c-e5932ee99c8d,c3,None,1124,?,x9,
1769471278.2968564,FORWARDED,283279c2-ac6e-45e3-8c0d-4c4a2807f8ca,a087d6b1-fb06-4340-a01c-e5932ee99c8d,c3,None,1124,?,x9,
1769471278.3367922,SENT,b655c02d-cf89-458c-9c0f-e17e081cc8e6,0f7e5d90-5935-4984-8c84-53760d7f3fe7,c2,DROP,685,?,x2,
1769471278.3368328,FORWARDED,b655c02d-cf89-458c-9c0f-e17e081cc8e6,0f7e5d90-5935-4984-8c84-53760d7f3fe7,c2,DROP,685,?,x2,
1769471278.3700893,SENT,9743b80d-594f-49a1-9b5e-5690a64d9ea7,75db7adb-20f3-4f58-ae30-ec362696ea83,c3,None,1134,?,x10,
1769471278.370133,FORWARDED,9743b80d-594f-49a1-9b5e-5690a64d9ea7,75db7adb-20f3-4f58-ae30-ec362696ea83,c3,None,1134,?,x10,
1769471278.5327244,SENT,3e31db1e-3b01-479a-ab8c-7e248a89540a,e063e3af-1652-45b1-b69d-3db616a3a98d,c2,DROP,684,?,x7,
1769471278.5327666,FORWARDED,3e31db1e-3b01-479a-ab8c-7e248a89540a,e063e3af-1652-45b1-b69d-3db616a3a98d,c2,DROP,684,?,x7,
1769471278.675958,RECEIVED,091eb65f-b875-4c0e-b471-1196aab20e8a,0630ccd6-d601-4d44-a820-da528f40e1f3,c2,DROP,1011,e6,?,
1769471278.6991189,RECEIVED,8b0adcd5-83c5-49de-8c35-bf99490ef0c6,3303a882-44a8-427e-b818-0923c955eddb,c5,c1,1776,e1,?,
1769471278.7216744,RECEIVED,7db81d4f-822c-4adc-afb1-1c8e0d7e1af4,4eba3b3f-1403-4316-b979-9db73bea585e,c1,None,1595,e2,?,
1769471278.8292613,SENT,f5416996-a47e-486a-9dff-f2dc5fe15426,80e78a00-959b-454f-8bd1-19b0695d201d,c2,DROP,684,?,x1,
1769471278.8293047,FORWARDED,f5416996-a47e-486a-9dff-f2dc5fe15426,80e78a00-959b-454f-8bd1-19b0695d201d,c2,DROP,684,?,x1,
1769471278.9076998,SENT,7db81d4f-822c-4adc-afb1-1c8e0d7e1af4,4eba3b3f-1403-4316-b979-9db73bea585e,c1,None,1123,?,x4,
1769471278.9077425,FORWARDED,7db81d4f-822c-4adc-afb1-1c8e0d7e1af4,4eba3b3f-1403-4316-b979-9db73bea585e,c1,None,1123,?,x4,
1769471278.992009,RECEIVED,0ad1e505-d3dc-4c2a-9e85-86ca88f06007,2b4d6a5b-f14a-479d-856e-8e4af87fc958,c2,DROP,1008,e3,?,
1769471279.1006389,RECEIVED,e078869e-ae5c-47ea-b75a-a874651d49f2,e330be4a-6224-4278-b7c0-7c1d418d57ae,c1,None,1615,e12,?,
1769471279.1184247,SENT,0ad1e505-d3dc-4c2a-9e85-86ca88f06007,2b4d6a5b-f14a-479d-856e-8e4af87fc958,c2,DROP,683,?,x9,
1769471279.118466,FORWARDED,0ad1e505-d3dc-4c2a-9e85-86ca88f06007,2b4d6a5b-f14a-479d-856e-8e4af87fc958,c2,DROP,683,?,x9,
1769471279.2491696,SENT,8b0adcd5-83c5-49de-8c35-bf99490ef0c6,3303a882-44a8-427e-b818-0923c955eddb,c5,c1,1259,?,x10,
1769471279.2492127,FORWARDED,8b0adcd5-83c5-49de-8c35-bf99490ef0c6,3303a882-44a8-427e-b818-0923c955eddb,c5,c1,1259,?,x10,
1769471279.3839378,SENT,091eb65f-b875-4c0e-b471-1196aab20e8a,0630ccd6-d601-4d44-a820-da528f40e1f3,c2,DROP,685,?,x2,
1769471279.3839796,FORWARDED,091eb65f-b875-4c0e-b471-1196aab20e8a,0630ccd6-d601-4d44-a820-da528f40e1f3,c2,DROP,685,?,x2,
1769471279.9391274,RECEIVED,4b8b30e5-0939-42bb-a7b5-481a6dc37bb8,1ec10ced-bfd5-422c-95d6-cfeb4f5f314c,c2,DROP,1017,e7,?,
1769471280.0615149,RECEIVED,b5a98e16-206c-45fc-a748-49ac69058c51,27344f6e-a856-41cc-bb35-39575c36080a,c2,DROP,1016,e5,?,
1769471280.2655957,SENT,4b8b30e5-0939-42bb-a7b5-481a6dc37bb8,1ec10ced-bfd5-422c-95d6-cfeb4f5f314c,c2,DROP,688,?,x10,
1769471280.2656314,FORWARDED,4b8b30e5-0939-42bb-a7b5-481a6dc37bb8,1ec10ced-bfd5-422c-95d6-cfeb4f5f314c,c2,DROP,688,?,x10,
1769471280.3063965,SENT,b5a98e16-206c-45fc-a748-49ac69058c51,27344f6e-a856-41cc-bb35-39575c36080a,c2,DROP,688,?,x5,
1769471280.3064399,FORWARDED,b5a98e16-206c-45fc-a748-49ac69058c51,27344f6e-a856-41cc-bb35-39575c36080a,c2,DROP,688,?,x5,
1769471280.4918725,RECEIVED,c9e9d58d-32a7-4169-b878-981fe1c71b02,82c08230-7a5f-4ea7-b975-1b1ee56c309c,c3,DROP,1016,e3,?,
1769471280.5059829,RECEIVED,95613c04-a8e5-4ed5-80b9-32f0cc228fcb,139ebdd5-c776-4705-b678-6296904954a0,c1,DROP,1020,e11,?,
1769471280.5697415,SENT,c9e9d58d-32a7-4169-b878-981fe1c71b02,82c08230-7a5f-4ea7-b975-1b1ee56c309c,c3,DROP,688,?,x5,
1769471280.5697818,FORWARDED,c9e9d58d-32a7-4169-b878-981fe1c71b02,82c08230-7a5f-4ea7-b975-1b1ee56c309c,c3,DROP,688,?,x5,
1769471280.685607,RECEIVED,cb207530-a383-443d-93c9-81028343deb7,28087b34-6308-4ebe-9cb5-ceefdf6bef15,c2,c4,1779,e2,?,
1769471280.8069217,RECEIVED,d4a6d5f9-c673-4b3c-9cbc-5416d7ab7565,614fe738-11b7-4920-9a45-48578e6b56f6,c4,DROP,1007,e8,?,
1769471280.8910577,RECEIVED,87fd2088-ef04-4797-826a-629c88173241,67044995-0016-4425-90da-158c41ed6b63,c4,DROP,1008,e9,?,
1769471280.92181,RECEIVED,3ec9f320-aefb-45fa-8df8-b56220f85e5b,931fec15-d11a-43f8-ab2a-b79509151fd5,c3,DROP,441,x2,?,
1769471280.9715257,SENT,87fd2088-ef04-4797-826a-629c88173241,67044995-0016-4425-90da-158c41ed6b63,c4,DROP,684,?,x7,
1769471280.9715676,FORWARDED,87fd2088-ef04-4797-826a-629c88173241,67044995-0016-4425-90da-158c41ed6b63,c4,DROP,684,?,x7,
1769471281.1713877,SENT,d4a6d5f9-c673-4b3c-9cbc-5416d7ab7565,614fe738-11b7-4920-9a45-48578e6b56f6,c4,DROP,684,?,x7,
1769471281.1716318,FORWARDED,d4a6d5f9-c673-4b3c-9cbc-5416d7ab7565,614fe738-11b7-4920-9a45-48578e6b56f6,c4,DROP,684,?,x7,
1769471281.3196695,SENT,95613c04-a8e5-4ed5-80b9-32f0cc228fcb,139ebdd5-c776-4705-b678-6296904954a0,c1,DROP,691,?,x11,
1769471281.3197067,FORWARDED,95613c04-a8e5-4ed5-80b9-32f0cc228fcb,139ebdd5-c776-4705-b678-6296904954a0,c1,DROP,691,?,x11,
1769471281.3527036,RECEIVED,dde2f6a2-6163-487c-860c-c2aba2b857f6,f9caac31-3cf9-4406-9b5c-397a0a5c7312,c2,c4,1775,e4,?,
1769471281.4062324,SENT,cb207530-a383-443d-93c9-81028343deb7,28087b34-6308-4ebe-9cb5-ceefdf6bef15,c2,c4,1263,?,x2,
1769471281.4062736,FORWARDED,cb207530-a383-443d-93c9-81028343deb7,28087b34-6308-4ebe-9cb5-ceefdf6bef15,c2,c4,1263,?,x2,
1769471281.6291335,RECEIVED,9030d7a5-eaab-4200-8bd1-a306c8c56489,a8dc2b6f-bfd1-4298-8b41-be64d9956f6a,c2,DROP,1016,e6,?,
1769471281.6795952,SENT,dde2f6a2-6163-487c-860c-c2aba2b857f6,f9caac31-3cf9-4406-9b5c-397a0a5c7312,c2,c4,1260,?,x7,
1769471281.6796377,FORWARDED,dde2f6a2-6163-487c-860c-c2aba2b857f6,f9caac31-3cf9-4406-9b5c-397a0a5c7312,c2,c4,1260,?,x7,
1769471281.7715364,RECEIVED,aa7ba2e2-4014-4896-82cd-21ec61c27ba5,945ded13-c7ab-4818-acd0-ced5630f81a8,c2,c4,1795,e1,?,
1769471281.7810662,SENT,aa7ba2e2-4014-4896-82cd-21ec61c27ba5,945ded13-c7ab-4818-acd0-ced5630f81a8,c2,c4,1272,?,x11,
1769471281.7811072,FORWARDED,aa7ba2e2-4014-4896-82cd-21ec61c27ba5,945ded13-c7ab-4818-acd0-ced5630f81a8,c2,c4,1272,?,x11,
1769471281.8071442,RECEIVED,9ed42a75-0abf-4cc9-8a0a-fff224091ac2,91a776f9-4f9d-49d1-a47c-eb2a8b00d8f0,c4,DROP,1016,e1,?,
1769471281.9509254,RECEIVED,89e3b57b-d01a-474c-b516-829d3a0cedce,ccae8ca9-8b0f-4dc5-9f4f-d0fe99b089f7,c1,DROP,1015,e2,?,
1769471282.0616174,SENT,9030d7a5-eaab-4200-8bd1-a306c8c56489,a8dc2b6f-bfd1-4298-8b41-be64d9956f6a,c2,DROP,688,?,x2,
1769471282.061659,FORWARDED,9030d7a5-eaab-4200-8bd1-a306c8c56489,a8dc2b6f-bfd1-4298-8b41-be64d9956f6a,c2,DROP,688,?,x2,
1769471282.1070797,RECEIVED,90967e0d-af51-485c-92ab-ac8c20737b50,d30d327c-f633-4411-b447-5b610809c12b,c5,DROP,1011,e3,?,
1769471282.1132257,SENT,e078869e-ae5c-47ea-b75a-a874651d49f2,e330be4a-6224-4278-b7c0-7c1d418d57ae,c1,None,1139,?,x10,
1769471282.1132677,FORWARDED,e078869e-ae5c-47ea-b75a-a874651d49f2,e330be4a-6224-4278-b7c0-7c1d418d57ae,c1,None,1139,?,x10,
1769471282.379703,RECEIVED,fc69c2df-57ff-4e6a-9c2d-47eddc5ae7d1,0845ac80-81c0-4a19-8f62-d6362cc36132,c4,None,1601,e7,?,
1769471282.3855693,RECEIVED,3735b00e-eb87-4326-91a3-933561082ed8,eeed9715-1993-4bc5-a465-d7db00a57c42,c2,DROP,1007,e4,?,
1769471282.446844,SENT,90967e0d-af51-485c-92ab-ac8c20737b50,d30d327c-f633-4411-b447-5b610809c12b,c5,DROP,686,?,x7,
1769471282.446893,FORWARDED,90967e0d-af51-485c-92ab-ac8c20737b50,d30d327c-f633-4411-b447-5b610809c12b,c5,DROP,686,?,x7,
1769471282.4932938,RECEIVED,c56422d9-4d4c-418c-aa73-b9a9110ebf4d,b9781708-3398-4956-b1b0-e981f6db6449,c1,DROP,441,x3,?,
1769471282.557488,RECEIVED,e23a5c00-e8e8-46db-aa94-c09294310d65,fb0e04c1-1a37-491f-9398-0d62ae5d4a63,c1,DROP,1015,e8,?,
1769471282.5583963,SENT,89e3b57b-d01a-474c-b516-829d3a0cedce,ccae8ca9-8b0f-4dc5-9f4f-d0fe99b089f7,c1,DROP,688,?,x7,
1769471282.558438,FORWARDED,89e3b57b-d01a-474c-b516-829d3a0cedce,ccae8ca9-8b0f-4dc5-9f4f-d0fe99b089f7,c1,DROP,688,?,x7,
1769471282.6005921,SENT,fc69c2df-57ff-4e6a-9c2d-47eddc5ae7d1,0845ac80-81c0-4a19-8f62-d6362cc36132,c4,None,1128,?,x12,
1769471282.600637,FORWARDED,fc69c2df-57ff-4e6a-9c2d-47eddc5ae7d1,0845ac80-81c0-4a19-8f62-d6362cc36132,c4,None,1128,?,x12,
1769471282.610622,SENT,3735b00e-eb87-4326-91a3-933561082ed8,eeed9715-1993-4bc5-a465-d7db00a57c42,c2,DROP,684,?,x6,
1769471282.6106565,FORWARDED,3735b00e-eb87-4326-91a3-933561082ed8,eeed9715-1993-4bc5-a465-d7db00a57c42,c2,DROP,684,?,x6,
1769471282.7464411,RECEIVED,85384608-a225-4efd-b0c1-6d782a5c7515,58081699-db77-4cbf-a669-5abbe03e6a2d,c1,DROP,1020,e10,?,
1769471282.8389356,SENT,e23a5c00-e8e8-46db-aa94-c09294310d65,fb0e04c1-1a37-491f-9398-0d62ae5d4a63,c1,DROP,689,?,x5,
1769471282.8389773,FORWARDED,e23a5c00-e8e8-46db-aa94-c09294310d65,fb0e04c1-1a37-491f-9398-0d62ae5d4a63,c1,DROP,689,?,x5,
1769471282.898087,RECEIVED,f37da413-9fe4-40a4-a15f-3355c7af33ab,118e434b-b11e-4e67-a3fc-3e416926070f,c4,DROP,1016,e6,?,
1769471282.9089553,RECEIVED,73d1e234-dc91-45a1-9dd9-e51cdef28ce6,3c2533df-219f-4849-adeb-8b7f0df87fdf,c4,c3,1770,e2,?,
1769471282.919528,RECEIVED,c2c95134-4289-4211-8ca0-64109f5f6810,f0dac546-75a4-4505-869f-926c03a77428,c3,DROP,1014,e5,?,
1769471283.1538515,SENT,85384608-a225-4efd-b0c1-6d782a5c7515,58081699-db77-4cbf-a669-5abbe03e6a2d,c1,DROP,692,?,x1,
1769471283.1539588,FORWARDED,85384608-a225-4efd-b0c1-6d782a5c7515,58081699-db77-4cbf-a669-5abbe03e6a2d,c1,DROP,692,?,x1,
1769471283.176797,RECEIVED,bc7aa1ff-36cb-4ca8-ad09-d819f4341412,3ec55653-7652-4fea-ad76-49e17646e670,c3,DROP,1007,e3,?,
1769471283.39994,SENT,bc7aa1ff-36cb-4ca8-ad09-d819f4341412,3ec55653-7652-4fea-ad76-49e17646e670,c3,DROP,683,?,x7,
1769471283.3999808,FORWARDED,bc7aa1ff-36cb-4ca8-ad09-d819f4341412,3ec55653-7652-4fea-ad76-49e17646e670,c3,DROP,683,?,x7,
1769471283.560145,RECEIVED,108ba7a9-5525-43e9-9663-c1ebd56e1118,ef0d55c5-a969-4b17-b9fa-91bc2b2f8636,c4,DROP,1008,e6,?,
1769471283.5825253,SENT,9ed42a75-0abf-4cc9-8a0a-fff224091ac2,91a776f9-4f9d-49d1-a47c-eb2a8b00d8f0,c4,DROP,688,?,x11,
1769471283.582561,FORWARDED,9ed42a75-0abf-4cc9-8a0a-fff224091ac2,91a776f9-4f9d-49d1-a47c-eb2a8b00d8f0,c4,DROP,688,?,x11,
1769471283.6597793,RECEIVED,6e47adf4-e855-4e01-8831-dab15d8824dd,ad383a0e-b2b9-4c61-b9c2-150b99232e60,c2,DROP,1008,e6,?,
1769471283.6868162,RECEIVED,2856541d-e428-4fd1-98af-bba34da2fcc7,568071c8-2b30-4585-852f-27342badd336,c2,DROP,1008,e4,?,
1769471283.7286267,SENT,6e47adf4-e855-4e01-8831-dab15d8824dd,ad383a0e-b2b9-4c61-b9c2-150b99232e60,c2,DROP,684,?,x8,
1769471283.728671,FORWARDED,6e47adf4-e855-4e01-8831-dab15d8824dd,ad383a0e-b2b9-4c61-b9c2-150b99232e60,c2,DROP,684,?,x8,
1769471283.7555552,SENT,f37da413-9fe4-40a4-a15f-3355c7af33ab,118e434b-b11e-4e67-a3fc-3e416926070f,c4,DROP,689,?,x12,
1769471283.7555985,FORWARDED,f37da413-9fe4-40a4-a15f-3355c7af33ab,118e434b-b11e-4e67-a3fc-3e416926070f,c4,DROP,689,?,x12,
1769471283.7869074,RECEIVED,ce6191ac-dd3b-417d-bc45-e7fdf42f2313,147c306d-f046-44f7-b8b7-6bd5483d14ff,c1,None,1603,e10,?,
1769471283.86969,SENT,108ba7a9-5525-43e9-9663-c1ebd56e1118,ef0d55c5-a969-4b17-b9fa-91bc2b2f8636,c4,DROP,683,?,x5,
1769471283.8697314,FORWARDED,108ba7a9-5525-43e9-9663-c1ebd56e1118,ef0d55c5-a969-4b17-b9fa-91bc2b2f8636,c4,DROP,683,?,x5,
1769471283.8828197,RECEIVED,acaba2b1-47e8-4f39-8221-1804f3dbef06,eee5695b-2b1a-4f4e-b3d0-2ac327003f15,c5,DROP,442,x8,?,
1769471283.9277918,SENT,73d1e234-dc91-45a1-9dd9-e51cdef28ce6,3c2533df-219f-4849-adeb-8b7f0df87fdf,c4,c3,1256,?,x2,
1769471283.9278333,FORWARDED,73d1e234-dc91-45a1-9dd9-e51cdef28ce6,3c2533df-219f-4849-adeb-8b7f0df87fdf,c4,c3,1256,?,x2,
1769471284.0500593,RECEIVED,69d7da81-9286-4faf-8e44-37fd2b06a029,e7e6567c-2f5e-447e-8c59-6139ab004cfb,c5,DROP,441,x4,?,
1769471284.0983672,SENT,c2c95134-4289-4211-8ca0-64109f5f6810,f0dac546-75a4-4505-869f-926c03a77428,c3,DROP,688,?,x3,
1769471284.0984106,FORWARDED,c2c95134-4289-4211-8ca0-64109f5f6810,f0dac546-75a4-4505-869f-926c03a77428,c3,DROP,688,?,x3,
1769471284.1574323,SENT,2856541d-e428-4fd1-98af-bba34da2fcc7,568071c8-2b30-4585-852f-27342badd336,c2,DROP,683,?,x6,
1769471284.1574738,FORWARDED,2856541d-e428-4fd1-98af-bba34da2fcc7,568071c8-2b30-4585-852f-27342badd336,c2,DROP,683,?,x6,
1769471284.4159496,RECEIVED,75604113-09f4-4d31-a10f-e16469fa62d1,3274019f-c3e9-48d6-b924-1279ae242059,c4,DROP,1011,e8,?,
1769471284.4346492,RECEIVED,b70e118c-641c-4d5d-a9d7-1ed5c5afcc34,2004d4ee-35f1-418e-b269-b32080824e77,c2,DROP,1007,e3,?,
1769471284.533916,RECEIVED,77daa7d2-f36a-4548-b2e4-deade909ac4d,3c9b7692-9427-42bd-86e2-476feec50d6f,c1,c3,1775,e3,?,
1769471284.5478728,SENT,b70e118c-641c-4d5d-a9d7-1ed5c5afcc34,2004d4ee-35f1-418e-b269-b32080824e77,c2,DROP,683,?,x1,
1769471284.5479574,FORWARDED,b70e118c-641c-4d5d-a9d7-1ed5c5afcc34,2004d4ee-35f1-418e-b269-b32080824e77,c2,DROP,683,?,x1,
1769471284.5559788,RECEIVED,019d0913-1b96-428c-aabf-4997c1b2dce4,8a428961-4615-495f-b902-8ef20afcfe2d,c2,DROP,1008,e3,?,
1769471284.5808206,SENT,ce6191ac-dd3b-417d-bc45-e7fdf42f2313,147c306d-f046-44f7-b8b7-6bd5483d14ff,c1,None,1129,?,x7,
1769471284.5808635,FORWARDED,ce6191ac-dd3b-417d-bc45-e7fdf42f2313,147c306d-f046-44f7-b8b7-6bd5483d14ff,c1,None,1129,?,x7,
1769471284.6003473,RECEIVED,3e5f431d-8faf-4058-805e-70f3e2d6d0a0,58591e58-4024-4ca2-a125-7a445f082ef2,c1,None,1605,e8,?,
1769471284.6112614,RECEIVED,5625cd3d-dafd-45b3-b816-32870433b693,d98d7817-6cba-4139-9954-1805dfe4d7fc,c2,c4,1767,e5,?,
1769471284.6846178,SENT,3e5f431d-8faf-4058-805e-70f3e2d6d0a0,58591e58-4024-4ca2-a125-7a445f082ef2,c1,None,1131,?,x11,
1769471284.6846588,FORWARDED,3e5f431d-8faf-4058-805e-70f3e2d6d0a0,58591e58-4024-4ca2-a125-7a445f082ef2,c1,None,1131,?,x11,
1769471284.8701625,SENT,019d0913-1b96-428c-aabf-4997c1b2dce4,8a428961-4615-495f-b902-8ef20afcfe2d,c2,DROP,683,?,x5,
1769471284.8702023,FORWARDED,019d0913-1b96-428c-aabf-4997c1b2dce4,8a428961-4615-495f-b902-8ef20afcfe2d,c2,DROP,683,?,x5,
1769471284.9345949,SENT,5625cd3d-dafd-45b3-b816-32870433b693,d98d7817-6cba-4139-9954-1805dfe4d7fc,c2,c4,1252,?,x5,
1769471284.9346368,FORWARDED,5625cd3d-dafd-45b3-b816-32870433b693,d98d7817-6cba-4139-9954-1805dfe4d7fc,c2,c4,1252,?,x5,
1769471284.9463925,SENT,77daa7d2-f36a-4548-b2e4-deade909ac4d,3c9b7692-9427-42bd-86e2-476feec50d6f,c1,c3,1259,?,x5,
1769471284.9464343,FORWARDED,77daa7d2-f36a-4548-b2e4-deade909ac4d,3c9b7692-9427-42bd-86e2-476feec50d6f,c1,c3,1259,?,x5,
1769471285.0072896,SENT,75604113-09f4-4d31-a10f-e16469fa62d1,3274019f-c3e9-48d6-b924-1279ae242059,c4,DROP,687,?,x4,
1769471285.0073311,FORWARDED,75604113-09f4-4d31-a10f-e16469fa62d1,3274019f-c3e9-48d6-b924-1279ae242059,c4,DROP,687,?,x4,
1769471285.1155508,RECEIVED,a7f01498-a671-4a16-bc51-77a5eb49ace7,cdbb7a72-ba78-4b97-ab07-99a4ad3839b8,c4,DROP,438,x6,?,
1769471285.3166902,RECEIVED,27455904-cff7-4a56-a350-74bfcabc1c9a,e6fa2d12-40f3-4e68-adf9-d579ba10cd7e,c3,DROP,1016,e7,?,
1769471285.3950188,RECEIVED,203692fe-170d-4e71-9862-4bded0f4bad7,8e521748-d38c-4fe5-adf4-a87df7a87ef9,c4,DROP,1015,e4,?,
1769471285.404269,SENT,27455904-cff7-4a56-a350-74bfcabc1c9a,e6fa2d12-40f3-4e68-adf9-d579ba10cd7e,c3,DROP,689,?,x1,
1769471285.4043095,FORWARDED,27455904-cff7-4a56-a350-74bfcabc1c9a,e6fa2d12-40f3-4e68-adf9-d579ba10cd7e,c3,DROP,689,?,x1,
1769471285.4896069,RECEIVED,373c2526-0022-4013-963d-3d76b1bee11a,7ad59c8a-5b78-488d-a78f-1e5578fb3ba5,c1,c3,1772,e1,?,
1769471285.6486046,RECEIVED,a53db914-32b9-4917-93ed-5d900f4f664c,d4d1863c-5c82-488d-969a-3c3fc9452a77,c5,DROP,1007,e8,?,
1769471285.718679,RECEIVED,97aa3177-d642-45d4-bd1b-c479369fb0a7,222d2d73-0b2d-48cd-9778-df85ef2fbdaf,c3,DROP,1011,e9,?,
1769471285.8592668,SENT,97aa3177-d642-45d4-bd1b-c479369fb0a7,222d2d73-0b2d-48cd-9778-df85ef2fbdaf,c3,DROP,685,?,x7,
1769471285.859307,FORWARDED,97aa3177-d642-45d4-bd1b-c479369fb0a7,222d2d73-0b2d-48cd-9778-df85ef2fbdaf,c3,DROP,685,?,x7,
1769471285.934443,SENT,373c2526-0022-4013-963d-3d76b1bee11a,7ad59c8a-5b78-488d-a78f-1e5578fb3ba5,c1,c3,1256,?,x7,
1769471285.9344802,FORWARDED,373c2526-0022-4013-963d-3d76b1bee11a,7ad59c8a-5b78-488d-a78f-1e5578fb3ba5,c1,c3,1256,?,x7,
1769471285.9590795,RECEIVED,2f2b09df-b11b-4087-95a7-b64d9a6a6b1d,84169c07-94e8-47e1-baeb-10d915f4fc9e,c1,c3,1773,e3,?,
1769471286.1420612,SENT,2f2b09df-b11b-4087-95a7-b64d9a6a6b1d,84169c07-94e8-47e1-baeb-10d915f4fc9e,c1,c3,1255,?,x11,
1769471286.1421034,FORWARDED,2f2b09df-b11b-4087-95a7-b64d9a6a6b1d,84169c07-94e8-47e1-baeb-10d915f4fc9e,c1,c3,1255,?,x11,
1769471286.1927264,RECEIVED,a66b4eed-7696-4038-a6ee-fe6367ce1540,69430729-5c14-4186-968d-717b16fd759f,c2,DROP,1006,e10,?,
1769471286.2434793,RECEIVED,9aa05ff3-69b7-4b29-b4e7-33b8259ce158,24719c48-675a-4ce2-9d37-0885b6e61ecd,c2,c4,1775,e3,?,
1769471286.2514951,SENT,a53db914-32b9-4917-93ed-5d900f4f664c,d4d1863c-5c82-488d-969a-3c3fc9452a77,c5,DROP,683,?,x5,
1769471286.2515366,FORWARDED,a53db914-32b9-4917-93ed-5d900f4f664c,d4d1863c-5c82-488d-969a-3c3fc9452a77,c5,DROP,683,?,x5,
1769471286.300124,RECEIVED,3d5020f9-b4c5-4b60-916c-733392cd1a01,d1192a93-362d-4055-8c13-4bf35f45f848,c1,None,1600,e11,?,
1769471286.3250084,RECEIVED,4ba12836-1ea8-4688-a2c4-07c309a33c1e,06381139-6e12-4603-8389-ab916de71c9b,c5,DROP,1015,e8,?,
1769471286.4234552,SENT,9aa05ff3-69b7-4b29-b4e7-33b8259ce158,24719c48-675a-4ce2-9d37-0885b6e61ecd,c2,c4,1259,?,x4,
1769471286.4235213,FORWARDED,9aa05ff3-69b7-4b29-b4e7-33b8259ce158,24719c48-675a-4ce2-9d37-0885b6e61ecd,c2,c4,1259,?,x4,
1769471286.4352283,SENT,3d5020f9-b4c5-4b60-916c-733392cd1a01,d1192a93-362d-4055-8c13-4bf35f45f848,c1,None,1127,?,x6,
1769471286.4352705,FORWARDED,3d5020f9-b4c5-4b60-916c-733392cd1a01,d1192a93-362d-4055-8c13-4bf35f45f848,c1,None,1127,?,x6,
1769471286.6292512,RECEIVED,f826ff71-2724-4162-8cf5-2c9b250ccd52,74db954b-f75f-4f87-9c4d-9f29b580bb9c,c3,None,1600,e4,?,
1769471286.7024617,SENT,a66b4eed-7696-4038-a6ee-fe6367ce1540,69430729-5c14-4186-968d-717b16fd759f,c2,DROP,682,?,x5,
1769471286.7025013,FORWARDED,a66b4eed-7696-4038-a6ee-fe6367ce1540,69430729-5c14-4186-968d-717b16fd759f,c2,DROP,682,?,x5,
1769471286.7375975,RECEIVED,c1dbef36-24e1-49a5-9d66-dac991c8b0ef,16588915-8848-40ad-a989-0e1325a80728,c3,None,1604,e4,?,
1769471286.8275795,SENT,f826ff71-2724-4162-8cf5-2c9b250ccd52,74db954b-f75f-4f87-9c4d-9f29b580bb9c,c3,None,1126,?,x6,
1769471286.8276234,FORWARDED,f826ff71-2724-4162-8cf5-2c9b250ccd52,74db954b-f75f-4f87-9c4d-9f29b580bb9c,c3,None,1126,?,x6,
1769471286.8864632,RECEIVED,c93530d2-5306-4b9a-bc74-7e672ce477ee,3093b819-f116-4539-82f8-ae07f4e951d2,c3,DROP,441,x6,?,
1769471286.916404,SENT,4ba12836-1ea8-4688-a2c4-07c309a33c1e,06381139-6e12-4603-8389-ab916de71c9b,c5,DROP,689,?,x9,
1769471286.9164462,FORWARDED,4ba12836-1ea8-4688-a2c4-07c309a33c1e,06381139-6e12-4603-8389-ab916de71c9b,c5,DROP,689,?,x9,
1769471286.950639,RECEIVED,05b45483-6ac6-4eb1-a940-962b50b6bd3f,d3c1e786-89d4-46c1-9c20-965dae66ef15,c1,None,1603,e7,?,
1769471287.1098187,SENT,05b45483-6ac6-4eb1-a940-962b50b6bd3f,d3c1e786-89d4-46c1-9c20-965dae66ef15,c1,None,1131,?,x1,
1769471287.1098626,FORWARDED,05b45483-6ac6-4eb1-a940-962b50b6bd3f,d3c1e786-89d4-46c1-9c20-965dae66ef15,c1,None,1131,?,x1,
1769471287.1218278,SENT,c1dbef36-24e1-49a5-9d66-dac991c8b0ef,16588915-8848-40ad-a989-0e1325a80728,c3,None,1130,?,x2,
1769471287.1218705,FORWARDED,c1dbef36-24e1-49a5-9d66-dac991c8b0ef,16588915-8848-40ad-a989-0e1325a80728,c3,None,1130,?,x2,
1769471287.1465464,RECEIVED,d586cc8f-a499-481d-9237-884a335cfeec,513e5159-5637-4997-87f4-11ce6ca963f3,c1,None,1604,e2,?,
1769471287.1733232,RECEIVED,f04201cf-a6c4-4bcc-8e16-eb5f58144b77,ac6b375c-8140-484e-9077-1acf9e0f03db,c3,DROP,1012,e12,?,
1769471287.2611363,RECEIVED,3eb1382d-ac0f-4349-973a-d8248192bcff,c0282216-4df7-471b-930e-7c2a0be01b34,c1,DROP,1015,e2,?,
1769471287.3430352,RECEIVED,6b5be26a-4327-42eb-8852-688620bc71a5,a95f5599-a390-4d9e-ad2a-5b3a96a1ad79,c2,DROP,441,x9,?,
1769471287.476111,RECEIVED,56406f71-ead9-408d-bf45-aec5571e973c,6339e40e-4f5b-427b-8cc6-5e306b90b085,c2,DROP,1007,e12,?,
1769471287.5733395,SENT,f04201cf-a6c4-4bcc-8e16-eb5f58144b77,ac6b375c-8140-484e-9077-1acf9e0f03db,c3,DROP,687,?,x9,
1769471287.5733817,FORWARDED,f04201cf-a6c4-4bcc-8e16-eb5f58144b77,ac6b375c-8140-484e-9077-1acf9e0f03db,c3,DROP,687,?,x9,
1769471287.5875993,SENT,d586cc8f-a499-481d-9237-884a335cfeec,513e5159-5637-4997-87f4-11ce6ca963f3,c1,None,1131,?,x3,
1769471287.5876465,FORWARDED,d586cc8f-a499-481d-9237-884a335cfeec,513e5159-5637-4997-87f4-11ce6ca963f3,c1,None,1131,?,x3,
1769471287.784145,SENT,203692fe-170d-4e71-9862-4bded0f4bad7,8e521748-d38c-4fe5-adf4-a87df7a87ef9,c4,DROP,688,?,x5,
1769471287.7841835,FORWARDED,203692fe-170d-4e71-9862-4bded0f4bad7,8e521748-d38c-4fe5-adf4-a87df7a87ef9,c4,DROP,688,?,x5,
1769471287.7950025,RECEIVED,81008a63-ef2e-457c-abc7-16072fa9b015,e8e74d45-34b2-40a2-abe9-ec96dc52370c,c4,DROP,1004,e5,?,
1769471287.8921127,RECEIVED,36b3686e-b58e-4834-9316-2fa8c2b1efc1,23eb9488-aa29-4f5d-b69c-87527816cee8,c2,DROP,1008,e3,?,
1769471288.0048587,SENT,36b3686e-b58e-4834-9316-2fa8c2b1efc1,23eb9488-aa29-4f5d-b69c-87527816cee8,c2,DROP,684,?,x1,
1769471288.0048985,FORWARDED,36b3686e-b58e-4834-9316-2fa8c2b1efc1,23eb9488-aa29-4f5d-b69c-87527816cee8,c2,DROP,684,?,x1,
1769471288.0327404,RECEIVED,4e887409-b42d-40da-aa47-30bd44d078d8,ce923e94-d254-468b-9304-364187955d88,c3,c1,1779,e11,?,
1769471288.0913594,RECEIVED,1438f048-ad45-4f6a-ab03-2679619d4759,5a35fd47-8333-4a92-918d-4ff6b5f69354,c3,DROP,1016,e5,?,
1769471288.1238801,RECEIVED,61ad086b-4783-44eb-9710-d4c2178557b0,33ebeac5-0804-4a9e-8c4e-4d59ad73716b,c3,c1,1776,e2,?,
1769471288.2393277,RECEIVED,4d4fa68a-356d-4714-a3ea-367329d5877a,433b70b9-9fc0-4d76-aa0f-242142cac760,c1,DROP,1011,e3,?,
1769471288.3235269,SENT,4e887409-b42d-40da-aa47-30bd44d078d8,ce923e94-d254-468b-9304-364187955d88,c3,c1,1263,?,x2,
1769471288.323579,FORWARDED,4e887409-b42d-40da-aa47-30bd44d078d8,ce923e94-d254-468b-9304-364187955d88,c3,c1,1263,?,x2,
1769471288.3352113,RECEIVED,2c24b373-fe50-440f-b0b0-f3e33764e0e1,0ce31a3c-4b58-4e35-8c8c-db7fc424c0ad,c2,DROP,441,x3,?,
1769471288.4040904,RECEIVED,48030fa5-e3de-48db-9e90-fb3f83b14f6a,e59b9376-6054-429d-b344-0d269141ae21,c3,DROP,1008,e7,?,
1769471288.4066887,RECEIVED,aa7de7c1-5943-44ee-b58a-61276a95cadc,27ba6179-86f4-499a-9541-6e33117647da,c1,DROP,1007,e1,?,
1769471288.415066,RECEIVED,95b3128c-91be-4bdf-809c-cf797506f7f7,2337a930-ff0a-4b7e-a4e9-3f7a42d8bd90,c2,DROP,1009,e6,?,
1769471288.4673874,SENT,3eb1382d-ac0f-4349-973a-d8248192bcff,c0282216-4df7-471b-930e-7c2a0be01b34,c1,DROP,688,?,x5,
1769471288.4674287,FORWARDED,3eb1382d-ac0f-4349-973a-d8248192bcff,c0282216-4df7-471b-930e-7c2a0be01b34,c1,DROP,688,?,x5,
1769471288.5054693,SENT,95b3128c-91be-4bdf-809c-cf797506f7f7,2337a930-ff0a-4b7e-a4e9-3f7a42d8bd90,c2,DROP,682,?,x10,
1769471288.505528,FORWARDED,95b3128c-91be-4bdf-809c-cf797506f7f7,2337a930-ff0a-4b7e-a4e9-3f7a42d8bd90,c2,DROP,682,?,x10,
1769471288.5144396,SENT,61ad086b-4783-44eb-9710-d4c2178557b0,33ebeac5-0804-4a9e-8c4e-4d59ad73716b,c3,c1,1260,?,x4,
1769471288.5144804,FORWARDED,61ad086b-4783-44eb-9710-d4c2178557b0,33ebeac5-0804-4a9e-8c4e-4d59ad73716b,c3,c1,1260,?,x4,
1769471288.5386362,SENT,56406f71-ead9-408d-bf45-aec5571e973c,6339e40e-4f5b-427b-8cc6-5e306b90b085,c2,DROP,684,?,x9,
1769471288.5386755,FORWARDED,56406f71-ead9-408d-bf45-aec5571e973c,6339e40e-4f5b-427b-8cc6-5e306b90b085,c2,DROP,684,?,x9,
1769471288.544963,SENT,4d4fa68a-356d-4714-a3ea-367329d5877a,433b70b9-9fc0-4d76-aa0f-242142cac760,c1,DROP,685,?,x9,
1769471288.5450058,FORWARDED,4d4fa68a-356d-4714-a3ea-367329d5877a,433b70b9-9fc0-4d76-aa0f-242142cac760,c1,DROP,685,?,x9,
1769471288.5581355,RECEIVED,28a345a5-c9c5-4f16-972a-6806297825b8,182f11ba-dbf1-4e1a-873a-59607b0727a4,c3,DROP,441,x8,?,
1769471288.602089,RECEIVED,6375db1b-9fc1-44fd-9f65-fc7225f191b1,86854766-e64e-478d-ab2d-9be1d1522002,c4,None,1596,e4,?,
1769471288.6726897,SENT,48030fa5-e3de-48db-9e90-fb3f83b14f6a,e59b9376-6054-429d-b344-0d269141ae21,c3,DROP,683,?,x10,
1769471288.6727266,FORWARDED,48030fa5-e3de-48db-9e90-fb3f83b14f6a,e59b9376-6054-429d-b344-0d269141ae21,c3,DROP,683,?,x10,
1769471288.7338421,RECEIVED,0cd995d3-6d89-4b58-a139-26044086e930,c279d0a0-ad51-47f6-af9f-8c0f6825e4a2,c4,DROP,1011,e11,?,
1769471288.7799535,RECEIVED,f5ac96dc-1f10-4b90-bee0-7bb889aa777e,c609515d-3e95-4a25-bd43-1862a18dac8b,c1,DROP,1016,e5,?,
1769471288.8802745,SENT,aa7de7c1-5943-44ee-b58a-61276a95cadc,27ba6179-86f4-499a-9541-6e33117647da,c1,DROP,683,?,x9,
1769471288.8803144,FORWARDED,aa7de7c1-5943-44ee-b58a-61276a95cadc,27ba6179-86f4-499a-9541-6e33117647da,c1,DROP,683,?,x9,
1769471288.8859193,RECEIVED,29cb4675-d161-4dcf-9796-15f5437960ba,f9bd5820-ba86-45d2-a9ee-bccbe595459b,c2,DROP,442,x5,?,
1769471288.9208736,RECEIVED,cfd11f0f-a7bd-455e-9f34-2b614d307033,79e34a63-7f77-4d32-ae73-f3d449b9d4b8,c2,DROP,442,x12,?,
1769471288.9439805,SENT,6375db1b-9fc1-44fd-9f65-fc7225f191b1,86854766-e64e-478d-ab2d-9be1d1522002,c4,None,1124,?,x11,
1769471288.9440253,FORWARDED,6375db1b-9fc1-44fd-9f65-fc7225f191b1,86854766-e64e-478d-ab2d-9be1d1522002,c4,None,1124,?,x11,
1769471289.1268492,SENT,0cd995d3-6d89-4b58-a139-26044086e930,c279d0a0-ad51-47f6-af9f-8c0f6825e4a2,c4,DROP,686,?,x1,
1769471289.1268916,FORWARDED,0cd995d3-6d89-4b58-a139-26044086e930,c279d0a0-ad51-47f6-af9f-8c0f6825e4a2,c4,DROP,686,?,x1,
1769471289.214773,RECEIVED,8525afcf-ac7a-4ce6-899e-9689ea39be4d,e34c1394-2b02-49e9-9e43-b35b9e0f443b,c3,c1,1763,e4,?,
1769471289.2392483,RECEIVED,33828c70-65ce-4de4-a2a8-48ad0ba91096,9aaf4a4b-14b8-4514-979a-f613baa34e34,c3,None,1597,e2,?,
1769471289.3045962,SENT,1438f048-ad45-4f6a-ab03-2679619d4759,5a35fd47-8333-4a92-918d-4ff6b5f69354,c3,DROP,688,?,x10,
1769471289.304638,FORWARDED,1438f048-ad45-4f6a-ab03-2679619d4759,5a35fd47-8333-4a92-918d-4ff6b5f69354,c3,DROP,688,?,x10,
1769471289.3148267,SENT,33828c70-65ce-4de4-a2a8-48ad0ba91096,9aaf4a4b-14b8-4514-979a-f613baa34e34,c3,None,1124,?,x11,
1769471289.3148696,FORWARDED,33828c70-65ce-4de4-a2a8-48ad0ba91096,9aaf4a4b-14b8-4514-979a-f613baa34e34,c3,None,1124,?,x11,
1769471289.6062706,RECEIVED,9b6b3edc-be8a-424f-94bd-651c69ee057d,9dbc3dac-e70f-4e05-a7f9-132980920973,c2,DROP,442,x9,?,
1769471289.6865304,SENT,81008a63-ef2e-457c-abc7-16072fa9b015,e8e74d45-34b2-40a2-abe9-ec96dc52370c,c4,DROP,680,?,x11,
1769471289.6865711,FORWARDED,81008a63-ef2e-457c-abc7-16072fa9b015,e8e74d45-34b2-40a2-abe9-ec96dc52370c,c4,DROP,680,?,x11,
1769471289.828552,RECEIVED,36379916-7c2a-41f2-9fa4-502338d0a17f,7ac0e390-a037-4e44-8f00-f60f2205173d,c2,DROP,1016,e12,?,
1769471289.9133902,SENT,8525afcf-ac7a-4ce6-899e-9689ea39be4d,e34c1394-2b02-49e9-9e43-b35b9e0f443b,c3,c1,1251,?,x7,
1769471289.9134305,FORWARDED,8525afcf-ac7a-4ce6-899e-9689ea39be4d,e34c1394-2b02-49e9-9e43-b35b9e0f443b,c3,c1,1251,?,x7,
1769471290.003847,RECEIVED,e39e9963-27b2-4fd6-bfdc-a19834d8646e,87c68ee6-a206-4eca-89c7-056c27603c9f,c5,DROP,1008,e9,?,
1769471290.0497615,SENT,f5ac96dc-1f10-4b90-bee0-7bb889aa777e,c609515d-3e95-4a25-bd43-1862a18dac8b,c1,DROP,688,?,x10,
1769471290.0497975,FORWARDED,f5ac96dc-1f10-4b90-bee0-7bb889aa777e,c609515d-3e95-4a25-bd43-1862a18dac8b,c1,DROP,688,?,x10,
1769471290.062616,RECEIVED,f3ee7bec-4235-4f28-a186-9285141e04b2,8f519c8d-186b-4160-a476-23a7d16436df,c3,None,1599,e5,?,
1769471290.0977838,SENT,e39e9963-27b2-4fd6-bfdc-a19834d8646e,87c68ee6-a206-4eca-89c7-056c27603c9f,c5,DROP,684,?,x1,
1769471290.0978248,FORWARDED,e39e9963-27b2-4fd6-bfdc-a19834d8646e,87c68ee6-a206-4eca-89c7-056c27603c9f,c5,DROP,684,?,x1,
1769471290.2822936,SENT,36379916-7c2a-41f2-9fa4-502338d0a17f,7ac0e390-a037-4e44-8f00-f60f2205173d,c2,DROP,688,?,x8,
1769471290.2823315,FORWARDED,36379916-7c2a-41f2-9fa4-502338d0a17f,7ac0e390-a037-4e44-8f00-f60f2205173d,c2,DROP,688,?,x8,
1769471290.3396018,SENT,f3ee7bec-4235-4f28-a186-9285141e04b2,8f519c8d-186b-4160-a476-23a7d16436df,c3,None,1127,?,x6,
1769471290.339646,FORWARDED,f3ee7bec-4235-4f28-a186-9285141e04b2,8f519c8d-186b-4160-a476-23a7d16436df,c3,None,1127,?,x6,
1769471290.3564095,RECEIVED,82ce358e-3d38-41af-b7aa-5e7172d3120c,0b1a12ac-00ba-46b4-9462-076f92557da6,c4,DROP,441,x7,?,
1769471290.4221537,RECEIVED,df65e730-6320-45e3-806a-c73dfde41b95,26fddc62-17b7-49de-91bb-204fc14b120d,c3,DROP,442,x1,?,
1769471291.1646872,RECEIVED,74547036-37de-46ae-b1c9-b73f51ac6f98,70bae507-c5ff-43c1-b215-1d6b1779c7af,c3,DROP,1007,e12,?,
1769471291.2274323,RECEIVED,112fa2e1-0049-40fa-88e3-c3133b903d9b,2dae0f82-e284-44a7-8a87-8fc19414ca27,c1,c3,1769,e1,?,
1769471291.3317757,SENT,74547036-37de-46ae-b1c9-b73f51ac6f98,70bae507-c5ff-43c1-b215-1d6b1779c7af,c3,DROP,683,?,x8,
1769471291.331815,FORWARDED,74547036-37de-46ae-b1c9-b73f51ac6f98,70bae507-c5ff-43c1-b215-1d6b1779c7af,c3,DROP,683,?,x8,
1769471291.3696036,SENT,112fa2e1-0049-40fa-88e3-c3133b903d9b,2dae0f82-e284-44a7-8a87-8fc19414ca27,c1,c3,1252,?,x11,
1769471291.3696434,FORWARDED,112fa2e1-0049-40fa-88e3-c3133b903d9b,2dae0f82-e284-44a7-8a87-8fc19414ca27,c1,c3,1252,?,x11,
1769471291.5893955,RECEIVED,db920c92-9b9d-45a2-a9f7-61e8d6043a93,0f1c2bd9-2b68-463d-b343-691bfef52159,c2,DROP,1007,e12,?,
1769471291.5995069,RECEIVED,2013f56e-a78d-4ef3-9d7d-91e41da008a6,5cf421e4-3091-4f47-88f6-c4583840ad1c,c1,DROP,1016,e8,?,
1769471291.6932833,SENT,2013f56e-a78d-4ef3-9d7d-91e41da008a6,5cf421e4-3091-4f47-88f6-c4583840ad1c,c1,DROP,688,?,x1,
1769471291.6933265,FORWARDED,2013f56e-a78d-4ef3-9d7d-91e41da008a6,5cf421e4-3091-4f47-88f6-c4583840ad1c,c1,DROP,688,?,x1,
1769471291.71798,RECEIVED,b9589629-2a18-40dc-bef4-029546b66f03,43a25e1e-014d-4fce-b12c-1c9ce5a2c9a7,c3,DROP,1007,e9,?,
1769471291.8101227,RECEIVED,fef7e271-50d8-41d4-bc4a-c5aa3d2cd98c,703bd7de-9c5a-41c7-92c5-f5c9ed9c70c4,c4,c3,1771,e2,?,
1769471291.8211274,RECEIVED,147408a2-0d3c-4a3e-b68a-080c7f019f34,689c3317-a2c0-41fb-97f8-6585fe3767ff,c1,DROP,1008,e3,?,
1769471291.8457685,RECEIVED,0fe5bbb8-a1d8-412b-a9eb-fffdee5609da,6766d1bb-8b80-4130-8ad9-f80ecda9ad69,c1,c3,1775,e6,?,
1769471291.8851993,SENT,db920c92-9b9d-45a2-a9f7-61e8d6043a93,0f1c2bd9-2b68-463d-b343-691bfef52159,c2,DROP,684,?,x6,
1769471291.8852355,FORWARDED,db920c92-9b9d-45a2-a9f7-61e8d6043a93,0f1c2bd9-2b68-463d-b343-691bfef52159,c2,DROP,684,?,x6,
1769471292.0285652,SENT,147408a2-0d3c-4a3e-b68a-080c7f019f34,689c3317-a2c0-41fb-97f8-6585fe3767ff,c1,DROP,682,?,x12,
1769471292.028605,FORWARDED,147408a2-0d3c-4a3e-b68a-080c7f019f34,689c3317-a2c0-41fb-97f8-6585fe3767ff,c1,DROP,682,?,x12,
1769471292.083872,RECEIVED,cbd9851b-31ff-48fa-a8d7-1dae2e9cfb05,d01ff394-4e10-4cb5-8793-6dc087bff169,c2,DROP,1007,e8,?,
1769471292.153125,RECEIVED,c1ff9989-a877-4917-bd1d-e0b35785e494,23445920-74ca-499b-8db2-3b0fd359b79f,c1,DROP,1007,e7,?,
1769471292.2149363,RECEIVED,a18174cd-420e-4c5d-8a26-e3149970316c,d9fd2981-6798-4bbd-a555-3346ff479428,c5,c1,1772,e7,?,
1769471292.2377567,RECEIVED,b27eb100-061e-4254-a524-6f90b425f5f8,876596ee-d471-4fd5-81a7-b4c4020c2a74,c1,c3,1774,e3,?,
1769471292.2495925,SENT,fef7e271-50d8-41d4-bc4a-c5aa3d2cd98c,703bd7de-9c5a-41c7-92c5-f5c9ed9c70c4,c4,c3,1256,?,x5,
1769471292.249635,FORWARDED,fef7e271-50d8-41d4-bc4a-c5aa3d2cd98c,703bd7de-9c5a-41c7-92c5-f5c9ed9c70c4,c4,c3,1256,?,x5,
1769471292.2549763,RECEIVED,b6e83a6b-39c4-43bc-81ed-845895a213fa,8b3f4bc1-76b8-4892-9f04-a05f47660791,c5,DROP,1020,e10,?,
1769471292.2749262,SENT,a18174cd-420e-4c5d-8a26-e3149970316c,d9fd2981-6798-4bbd-a555-3346ff479428,c5,c1,1256,?,x7,
1769471292.2749662,FORWARDED,a18174cd-420e-4c5d-8a26-e3149970316c,d9fd2981-6798-4bbd-a555-3346ff479428,c5,c1,1256,?,x7,
1769471292.3419557,RECEIVED,ee2074c2-dc4e-45d4-a4b2-49a5d534285b,df484ff5-d389-4925-8403-926ee516873f,c5,DROP,1015,e5,?,
1769471292.406259,SENT,0fe5bbb8-a1d8-412b-a9eb-fffdee5609da,6766d1bb-8b80-4130-8ad9-f80ecda9ad69,c1,c3,1259,?,x8,
1769471292.4063003,FORWARDED,0fe5bbb8-a1d8-412b-a9eb-fffdee5609da,6766d1bb-8b80-4130-8ad9-f80ecda9ad69,c1,c3,1259,?,x8,
1769471292.453841,SENT,b9589629-2a18-40dc-bef4-029546b66f03,43a25e1e-014d-4fce-b12c-1c9ce5a2c9a7,c3,DROP,683,?,x6,
1769471292.4538832,FORWARDED,b9589629-2a18-40dc-bef4-029546b66f03,43a25e1e-014d-4fce-b12c-1c9ce5a2c9a7,c3,DROP,683,?,x6,
1769471292.591307,RECEIVED,92843cbe-99c0-490e-b9e2-24d2d72bc422,6a3537e4-9a46-462e-91e2-5ce11164ad06,c4,None,1604,e4,?,
1769471292.6994398,RECEIVED,d17609d1-c60c-42d7-afd9-46f0886eadc8,9deb4b0f-deb3-43b4-a745-ababc533514e,c2,c4,1760,e5,?,
1769471292.7960818,SENT,cbd9851b-31ff-48fa-a8d7-1dae2e9cfb05,d01ff394-4e10-4cb5-8793-6dc087bff169,c2,DROP,683,?,x11,
1769471292.796122,FORWARDED,cbd9851b-31ff-48fa-a8d7-1dae2e9cfb05,d01ff394-4e10-4cb5-8793-6dc087bff169,c2,DROP,683,?,x11,
1769471292.8296974,RECEIVED,8e985bc7-22a4-4650-9fc7-d3c0a00afe00,ea6e57c1-c270-441d-a4a8-e9f18bb08194,c5,DROP,1008,e1,?,
1769471292.8320105,SENT,92843cbe-99c0-490e-b9e2-24d2d72bc422,6a3537e4-9a46-462e-91e2-5ce11164ad06,c4,None,1131,?,x8,
1769471292.8320615,FORWARDED,92843cbe-99c0-490e-b9e2-24d2d72bc422,6a3537e4-9a46-462e-91e2-5ce11164ad06,c4,None,1131,?,x8,
1769471292.8415396,SENT,d17609d1-c60c-42d7-afd9-46f0886eadc8,9deb4b0f-deb3-43b4-a745-ababc533514e,c2,c4,1247,?,x4,
1769471292.841582,FORWARDED,d17609d1-c60c-42d7-afd9-46f0886eadc8,9deb4b0f-deb3-43b4-a745-ababc533514e,c2,c4,1247,?,x4,
1769471292.8471835,RECEIVED,9cbf7fc0-1511-4555-8866-12ca9a162e84,11d466fa-d70e-4a8d-8900-9d522b3ded37,c4,DROP,1016,e2,?,
1769471292.888237,SENT,ee2074c2-dc4e-45d4-a4b2-49a5d534285b,df484ff5-d389-4925-8403-926ee516873f,c5,DROP,688,?,x2,
1769471292.8882809,FORWARDED,ee2074c2-dc4e-45d4-a4b2-49a5d534285b,df484ff5-d389-4925-8403-926ee516873f,c5,DROP,688,?,x2,
1769471292.9018898,SENT,9cbf7fc0-1511-4555-8866-12ca9a162e84,11d466fa-d70e-4a8d-8900-9d522b3ded37,c4,DROP,689,?,x4,
1769471292.901933,FORWARDED,9cbf7fc0-1511-4555-8866-12ca9a162e84,11d466fa-d70e-4a8d-8900-9d522b3ded37,c4,DROP,689,?,x4,
1769471292.9335396,RECEIVED,ff63295e-904f-4c00-93b1-5d785c06daf7,a5615419-ec51-4fa4-98b8-6331452c8c52,c2,c4,1764,e5,?,
1769471292.9967093,RECEIVED,edffca51-5588-4359-a010-f9bf41d91610,2457f327-e08b-4459-b5ee-24fbd7e0aba1,c2,DROP,1011,e4,?,
1769471293.0867333,SENT,ff63295e-904f-4c00-93b1-5d785c06daf7,a5615419-ec51-4fa4-98b8-6331452c8c52,c2,c4,1251,?,x6,
1769471293.0867758,FORWARDED,ff63295e-904f-4c00-93b1-5d785c06daf7,a5615419-ec51-4fa4-98b8-6331452c8c52,c2,c4,1251,?,x6,
1769471293.1032267,SENT,8e985bc7-22a4-4650-9fc7-d3c0a00afe00,ea6e57c1-c270-441d-a4a8-e9f18bb08194,c5,DROP,683,?,x10,
1769471293.1032677,FORWARDED,8e985bc7-22a4-4650-9fc7-d3c0a00afe00,ea6e57c1-c270-441d-a4a8-e9f18bb08194,c5,DROP,683,?,x10,
1769471293.1061342,RECEIVED,1d6a4f6f-e410-45e7-90e4-b266366b0982,6dae540d-3759-4484-8c96-96f0fb7979ab,c1,DROP,1007,e9,?,
1769471293.1739335,SENT,edffca51-5588-4359-a010-f9bf41d91610,2457f327-e08b-4459-b5ee-24fbd7e0aba1,c2,DROP,687,?,x8,
1769471293.1739714,FORWARDED,edffca51-5588-4359-a010-f9bf41d91610,2457f327-e08b-4459-b5ee-24fbd7e0aba1,c2,DROP,687,?,x8,
1769471293.2977679,SENT,b6e83a6b-39c4-43bc-81ed-845895a213fa,8b3f4bc1-76b8-4892-9f04-a05f47660791,c5,DROP,692,?,x12,
1769471293.2978072,FORWARDED,b6e83a6b-39c4-43bc-81ed-845895a213fa,8b3f4bc1-76b8-4892-9f04-a05f47660791,c5,DROP,692,?,x12,
1769471293.391274,SENT,c1ff9989-a877-4917-bd1d-e0b35785e494,23445920-74ca-499b-8db2-3b0fd359b79f,c1,DROP,684,?,x4,
1769471293.3913178,FORWARDED,c1ff9989-a877-4917-bd1d-e0b35785e494,23445920-74ca-499b-8db2-3b0fd359b79f,c1,DROP,684,?,x4,
1769471293.4256415,RECEIVED,41835b0c-aab8-485a-b4c5-d07fa0d440f2,a8c5d618-479b-4ae0-9e67-440f426c1493,c4,DROP,1008,e9,?,
1769471293.4541504,SENT,1d6a4f6f-e410-45e7-90e4-b266366b0982,6dae540d-3759-4484-8c96-96f0fb7979ab,c1,DROP,683,?,x3,
1769471293.4541914,FORWARDED,1d6a4f6f-e410-45e7-90e4-b266366b0982,6dae540d-3759-4484-8c96-96f0fb7979ab,c1,DROP,683,?,x3,
1769471293.5622466,RECEIVED,71ff1e93-fb3b-4d5b-8ce0-9e42b13d38f2,facd6a3c-2274-4440-831a-569322770002,c2,c4,1781,e9,?,
1769471293.5750396,SENT,41835b0c-aab8-485a-b4c5-d07fa0d440f2,a8c5d618-479b-4ae0-9e67-440f426c1493,c4,DROP,683,?,x6,
1769471293.5750954,FORWARDED,41835b0c-aab8-485a-b4c5-d07fa0d440f2,a8c5d618-479b-4ae0-9e67-440f426c1493,c4,DROP,683,?,x6,
1769471293.6573827,SENT,71ff1e93-fb3b-4d5b-8ce0-9e42b13d38f2,facd6a3c-2274-4440-831a-569322770002,c2,c4,1263,?,x12,
1769471293.6574163,FORWARDED,71ff1e93-fb3b-4d5b-8ce0-9e42b13d38f2,facd6a3c-2274-4440-831a-569322770002,c2,c4,1263,?,x12,
1769471293.7081594,RECEIVED,e9366ac1-cb3b-43ff-848b-556c193c1756,2ca9ec63-1b74-41d9-b511-1b8378530e5d,c2,DROP,1004,e4,?,
1769471293.970978,SENT,e9366ac1-cb3b-43ff-848b-556c193c1756,2ca9ec63-1b74-41d9-b511-1b8378530e5d,c2,DROP,680,?,x3,
1769471293.971019,FORWARDED,e9366ac1-cb3b-43ff-848b-556c193c1756,2ca9ec63-1b74-41d9-b511-1b8378530e5d,c2,DROP,680,?,x3,
1769471294.2664452,RECEIVED,4e350485-3c5c-4bb4-a336-4bc45594bd20,86d0c54c-6a84-4fdb-92dc-52a937ace109,c4,DROP,1017,e6,?,
1769471294.285634,SENT,4e350485-3c5c-4bb4-a336-4bc45594bd20,86d0c54c-6a84-4fdb-92dc-52a937ace109,c4,DROP,688,?,x3,
1769471294.285703,FORWARDED,4e350485-3c5c-4bb4-a336-4bc45594bd20,86d0c54c-6a84-4fdb-92dc-52a937ace109,c4,DROP,688,?,x3,
1769471294.3552263,RECEIVED,352e655c-8f36-445a-b14a-0a93b0cc76d0,11de001f-26ee-490b-8637-0411c9ce41e3,c3,None,1599,e2,?,
1769471294.4973,SENT,b27eb100-061e-4254-a524-6f90b425f5f8,876596ee-d471-4fd5-81a7-b4c4020c2a74,c1,c3,1259,?,x3,
1769471294.4973407,FORWARDED,b27eb100-061e-4254-a524-6f90b425f5f8,876596ee-d471-4fd5-81a7-b4c4020c2a74,c1,c3,1259,?,x3,
1769471294.6035104,RECEIVED,5714c627-e27c-48c6-81af-83a2359a247f,b225fa8d-0d4c-4b31-9acd-65ec714ce510,c1,DROP,1014,e4,?,
1769471294.616495,RECEIVED,885a64d3-7013-4ebe-8ccb-ca328c452786,ca997f68-75fb-411d-93b3-a1047084b938,c4,DROP,1012,e3,?,
1769471294.781927,SENT,885a64d3-7013-4ebe-8ccb-ca328c452786,ca997f68-75fb-411d-93b3-a1047084b938,c4,DROP,687,?,x6,
1769471294.7819672,FORWARDED,885a64d3-7013-4ebe-8ccb-ca328c452786,ca997f68-75fb-411d-93b3-a1047084b938,c4,DROP,687,?,x6,
1769471294.8502252,RECEIVED,25156067-8637-46c5-8db9-a2a347980879,60e64511-5562-4536-8399-80f0e6036ec3,c5,DROP,1016,e4,?,
1769471295.2056322,SENT,25156067-8637-46c5-8db9-a2a347980879,60e64511-5562-4536-8399-80f0e6036ec3,c5,DROP,688,?,x1,
1769471295.2056737,FORWARDED,25156067-8637-46c5-8db9-a2a347980879,60e64511-5562-4536-8399-80f0e6036ec3,c5,DROP,688,?,x1,
1769471295.2941554,RECEIVED,a7ac874f-4b79-4afe-96ad-9e8107eef6c2,490665c8-496f-43c1-9fdd-6f6f4d4de153,c4,DROP,1013,e2,?,
1769471295.3092828,SENT,a7ac874f-4b79-4afe-96ad-9e8107eef6c2,490665c8-496f-43c1-9fdd-6f6f4d4de153,c4,DROP,687,?,x4,
1769471295.309334,FORWARDED,a7ac874f-4b79-4afe-96ad-9e8107eef6c2,490665c8-496f-43c1-9fdd-6f6f4d4de153,c4,DROP,687,?,x4,
1769471295.3331501,RECEIVED,6d074ff9-a62f-4e89-a677-d44b845fb030,87681996-876c-4167-bae7-15e0823e4d76,c2,DROP,1008,e8,?,
1769471295.3410797,RECEIVED,302910e9-20ff-4a7e-8e95-61470578a975,5fd10420-0620-4799-bd0b-b7f264af6890,c1,DROP,1007,e3,?,
1769471295.3642573,RECEIVED,e578b477-42a8-47a3-9cdb-5e171b1b02a1,6a1ad8ed-4c6e-470a-af48-a69a6d18bb96,c2,DROP,1007,e2,?,
1769471295.4162133,SENT,6d074ff9-a62f-4e89-a677-d44b845fb030,87681996-876c-4167-bae7-15e0823e4d76,c2,DROP,684,?,x3,
1769471295.416248,FORWARDED,6d074ff9-a62f-4e89-a677-d44b845fb030,87681996-876c-4167-bae7-15e0823e4d76,c2,DROP,684,?,x3,
1769471295.4288473,RECEIVED,f5bb0621-154c-4b81-925a-73a4cf4dd4ac,e11d7cfd-a1ca-4d02-b857-f347fe1e2d81,c5,DROP,441,x11,?,
1769471295.558623,SENT,e578b477-42a8-47a3-9cdb-5e171b1b02a1,6a1ad8ed-4c6e-470a-af48-a69a6d18bb96,c2,DROP,684,?,x8,
1769471295.558665,FORWARDED,e578b477-42a8-47a3-9cdb-5e171b1b02a1,6a1ad8ed-4c6e-470a-af48-a69a6d18bb96,c2,DROP,684,?,x8,
1769471295.6659973,RECEIVED,6e075c03-0fb5-460f-8970-8c97839ac433,6096b970-544e-4c5a-9f09-264eecb68154,c3,DROP,1007,e12,?,
1769471295.6862302,RECEIVED,9d8f61b6-6373-4630-af85-8f1ecdf8a61f,bee96fed-a75f-421b-a702-c58e194aafac,c1,DROP,1009,e11,?,
1769471295.6960661,RECEIVED,833d3bde-6260-4dd5-8930-b5d1e35d0bed,7ab64b26-8fa0-44c7-b34d-28913bd89adb,c3,None,1608,e3,?,
1769471295.698462,RECEIVED,dde68df5-6870-4593-940b-1a7ce89a172b,faf09164-bf5f-4725-9f12-cd8106708b0e,c4,DROP,1004,e10,?,
1769471295.716137,SENT,9d8f61b6-6373-4630-af85-8f1ecdf8a61f,bee96fed-a75f-421b-a702-c58e194aafac,c1,DROP,683,?,x5,
1769471295.716179,FORWARDED,9d8f61b6-6373-4630-af85-8f1ecdf8a61f,bee96fed-a75f-421b-a702-c58e194aafac,c1,DROP,683,?,x5,
1769471295.738874,RECEIVED,c8f7e365-c141-4f47-bd81-25c568859e57,deed6aff-d178-45ca-ab82-7265e6f0cd43,c3,DROP,1006,e5,?,
1769471295.7527006,SENT,302910e9-20ff-4a7e-8e95-61470578a975,5fd10420-0620-4799-bd0b-b7f264af6890,c1,DROP,684,?,x7,
1769471295.7527344,FORWARDED,302910e9-20ff-4a7e-8e95-61470578a975,5fd10420-0620-4799-bd0b-b7f264af6890,c1,DROP,684,?,x7,
1769471295.7656171,SENT,dde68df5-6870-4593-940b-1a7ce89a172b,faf09164-bf5f-4725-9f12-cd8106708b0e,c4,DROP,680,?,x12,
1769471295.7656596,FORWARDED,dde68df5-6870-4593-940b-1a7ce89a172b,faf09164-bf5f-4725-9f12-cd8106708b0e,c4,DROP,680,?,x12,
1769471295.7878356,SENT,833d3bde-6260-4dd5-8930-b5d1e35d0bed,7ab64b26-8fa0-44c7-b34d-28913bd89adb,c3,None,1132,?,x5,
1769471295.7878802,FORWARDED,833d3bde-6260-4dd5-8930-b5d1e35d0bed,7ab64b26-8fa0-44c7-b34d-28913bd89adb,c3,None,1132,?,x5,
1769471295.8878505,RECEIVED,64091d38-09ec-4484-b35a-c4f7d4b2168a,b89074fd-db68-49c6-b009-c621fc7f8592,c4,DROP,1013,e7,?,
1769471295.9215515,RECEIVED,12788c21-1b2a-4fda-a26e-b3772e02d2b5,8752cbe1-f36c-4292-b956-85d1c7379aa9,c3,DROP,1008,e4,?,
1769471295.9502175,RECEIVED,00a24e1a-1752-4e36-95aa-fa3af9867906,6d07a9e6-7317-4841-8aca-64b046c4a9f8,c4,DROP,1008,e1,?,
1769471295.9570973,SENT,64091d38-09ec-4484-b35a-c4f7d4b2168a,b89074fd-db68-49c6-b009-c621fc7f8592,c4,DROP,687,?,x12,
1769471295.957141,FORWARDED,64091d38-09ec-4484-b35a-c4f7d4b2168a,b89074fd-db68-49c6-b009-c621fc7f8592,c4,DROP,687,?,x12,
1769471295.9864178,SENT,12788c21-1b2a-4fda-a26e-b3772e02d2b5,8752cbe1-f36c-4292-b956-85d1c7379aa9,c3,DROP,684,?,x5,
1769471295.9864583,FORWARDED,12788c21-1b2a-4fda-a26e-b3772e02d2b5,8752cbe1-f36c-4292-b956-85d1c7379aa9,c3,DROP,684,?,x5,
1769471296.021867,RECEIVED,1af56160-0dbf-4ab1-af1e-bca46159b308,2f67700e-7270-4674-ac2a-0422e020fb2a,c3,c1,1765,e2,?,
1769471296.0687892,SENT,c8f7e365-c141-4f47-bd81-25c568859e57,deed6aff-d178-45ca-ab82-7265e6f0cd43,c3,DROP,683,?,x4,
1769471296.0688295,FORWARDED,c8f7e365-c141-4f47-bd81-25c568859e57,deed6aff-d178-45ca-ab82-7265e6f0cd43,c3,DROP,683,?,x4,
1769471296.1068575,RECEIVED,f8c9c074-008b-419d-8239-4d96b17cd360,fe7de077-da04-4011-ab3c-781eb1b2902a,c4,DROP,1016,e3,?,
1769471296.2454338,SENT,f8c9c074-008b-419d-8239-4d96b17cd360,fe7de077-da04-4011-ab3c-781eb1b2902a,c4,DROP,688,?,x8,
1769471296.2454839,FORWARDED,f8c9c074-008b-419d-8239-4d96b17cd360,fe7de077-da04-4011-ab3c-781eb1b2902a,c4,DROP,688,?,x8,
1769471296.2492335,SENT,352e655c-8f36-445a-b14a-0a93b0cc76d0,11de001f-26ee-490b-8637-0411c9ce41e3,c3,None,1128,?,x2,
1769471296.2492716,FORWARDED,352e655c-8f36-445a-b14a-0a93b0cc76d0,11de001f-26ee-490b-8637-0411c9ce41e3,c3,None,1128,?,x2,
1769471296.3216488,RECEIVED,c31bf645-9b2c-4f6f-bb25-14992c85f4ef,2dbaf947-c5b0-4ae2-915f-cd7977b0908d,c1,DROP,1013,e5,?,
1769471296.323338,SENT,6e075c03-0fb5-460f-8970-8c97839ac433,6096b970-544e-4c5a-9f09-264eecb68154,c3,DROP,684,?,x1,
1769471296.3233955,FORWARDED,6e075c03-0fb5-460f-8970-8c97839ac433,6096b970-544e-4c5a-9f09-264eecb68154,c3,DROP,684,?,x1,
1769471296.3667793,SENT,1af56160-0dbf-4ab1-af1e-bca46159b308,2f67700e-7270-4674-ac2a-0422e020fb2a,c3,c1,1251,?,x12,
1769471296.3668203,FORWARDED,1af56160-0dbf-4ab1-af1e-bca46159b308,2f67700e-7270-4674-ac2a-0422e020fb2a,c3,c1,1251,?,x12,
1769471296.5302732,RECEIVED,7167fae3-1586-49f7-bbe6-2d3e16a32962,c2350ec0-cfb4-45de-9a00-a0a37b51b5b8,c2,c4,1783,e6,?,
1769471296.5531833,SENT,c31bf645-9b2c-4f6f-bb25-14992c85f4ef,2dbaf947-c5b0-4ae2-915f-cd7977b0908d,c1,DROP,685,?,x11,
1769471296.5532205,FORWARDED,c31bf645-9b2c-4f6f-bb25-14992c85f4ef,2dbaf947-c5b0-4ae2-915f-cd7977b0908d,c1,DROP,685,?,x11,
1769471296.594181,SENT,00a24e1a-1752-4e36-95aa-fa3af9867906,6d07a9e6-7317-4841-8aca-64b046c4a9f8,c4,DROP,683,?,x12,
1769471296.5942197,FORWARDED,00a24e1a-1752-4e36-95aa-fa3af9867906,6d07a9e6-7317-4841-8aca-64b046c4a9f8,c4,DROP,683,?,x12,
1769471296.616467,SENT,5714c627-e27c-48c6-81af-83a2359a247f,b225fa8d-0d4c-4b31-9acd-65ec714ce510,c1,DROP,688,?,x6,
1769471296.6165135,FORWARDED,5714c627-e27c-48c6-81af-83a2359a247f,b225fa8d-0d4c-4b31-9acd-65ec714ce510,c1,DROP,688,?,x6,
1769471296.8192647,RECEIVED,f9644573-fd8c-4308-a7bf-7fa1eebcecc2,07a403f8-daf3-49bf-84e5-b4e7fce3264c,c5,DROP,1004,e4,?,
1769471296.8337057,RECEIVED,d756f1fe-f4dd-4cdb-baed-eac362be92b3,fb158e91-fa54-40d7-9083-f09afe93da28,c5,DROP,442,x11,?,
1769471297.0897264,RECEIVED,842c3bd3-189a-4cb7-bf27-663637ee542b,7acd155d-5512-4d9f-b2ea-d92224073692,c5,DROP,1008,e4,?,
1769471297.1825006,SENT,f9644573-fd8c-4308-a7bf-7fa1eebcecc2,07a403f8-daf3-49bf-84e5-b4e7fce3264c,c5,DROP,681,?,x3,
1769471297.182542,FORWARDED,f9644573-fd8c-4308-a7bf-7fa1eebcecc2,07a403f8-daf3-49bf-84e5-b4e7fce3264c,c5,DROP,681,?,x3,
1769471297.2097554,SENT,842c3bd3-189a-4cb7-bf27-663637ee542b,7acd155d-5512-4d9f-b2ea-d92224073692,c5,DROP,683,?,x3,
1769471297.2097974,FORWARDED,842c3bd3-189a-4cb7-bf27-663637ee542b,7acd155d-5512-4d9f-b2ea-d92224073692,c5,DROP,683,?,x3,
1769471297.2456784,SENT,7167fae3-1586-49f7-bbe6-2d3e16a32962,c2350ec0-cfb4-45de-9a00-a0a37b51b5b8,c2,c4,1264,?,x8,
1769471297.2457216,FORWARDED,7167fae3-1586-49f7-bbe6-2d3e16a32962,c2350ec0-cfb4-45de-9a00-a0a37b51b5b8,c2,c4,1264,?,x8,
1769471297.2998922,RECEIVED,4b4e137d-64e2-4cbc-a9ff-c20f0551509a,aa3ca2a9-15d9-4877-9e11-2419fffc8671,c5,DROP,1016,e7,?,
1769471297.427641,RECEIVED,c68ab936-953b-4589-9d7f-a9e0870389c5,3dccd1d5-b373-4c73-9609-4f047db20894,c4,DROP,441,x12,?,
1769471297.4898052,RECEIVED,54bfa268-502a-4b21-8db9-29cea42edb81,a7a2f20f-2e1a-4fc5-8cb5-ec6240b6d054,c4,DROP,1008,e4,?,
1769471297.6083038,SENT,54bfa268-502a-4b21-8db9-29cea42edb81,a7a2f20f-2e1a-4fc5-8cb5-ec6240b6d054,c4,DROP,684,?,x1,
1769471297.6083457,FORWARDED,54bfa268-502a-4b21-8db9-29cea42edb81,a7a2f20f-2e1a-4fc5-8cb5-ec6240b6d054,c4,DROP,684,?,x1,
1769471297.7357442,RECEIVED,7341113e-eb55-442c-8193-94b9f7d42e95,6476bb9a-0c48-4f09-892b-bee764b5b435,c4,DROP,442,x11,?,
1769471297.759276,RECEIVED,33af7430-2520-48d1-a7eb-08a55e73fb7a,862b4e8d-69f9-4906-bc3e-9c054594cb37,c3,DROP,1016,e4,?,
1769471297.759564,RECEIVED,635560ab-51b6-43ef-bc09-b023bafa88a0,812730bb-d22d-402a-a818-f29b694f00f4,c3,DROP,1008,e2,?,
1769471297.8253329,RECEIVED,fbee7eaa-4678-4230-8c69-276365875199,c52ad17d-1d2e-419a-8eff-52276e3f354a,c5,c1,1762,e6,?,
1769471297.8365307,RECEIVED,a1942c17-9014-4710-badd-045ad33e80b9,0197cb05-2d37-4ba2-aeac-00c6d8423748,c1,DROP,1019,e9,?,
1769471297.9808717,RECEIVED,b854cddd-d6aa-4934-932a-3e205d860aaa,9623d1e4-d423-4087-b1f8-d1f84bc6970c,c3,DROP,1016,e7,?,
1769471298.0099037,SENT,b854cddd-d6aa-4934-932a-3e205d860aaa,9623d1e4-d423-4087-b1f8-d1f84bc6970c,c3,DROP,688,?,x8,
1769471298.0099452,FORWARDED,b854cddd-d6aa-4934-932a-3e205d860aaa,9623d1e4-d423-4087-b1f8-d1f84bc6970c,c3,DROP,688,?,x8,
1769471298.0411139,RECEIVED,b5e59fac-37b2-461b-b5e3-2a8c67f67c6d,d7e7a1d8-671c-4716-9ce7-78dbb2bfb1bd,c5,DROP,1007,e6,?,
1769471298.0673823,SENT,fbee7eaa-4678-4230-8c69-276365875199,c52ad17d-1d2e-419a-8eff-52276e3f354a,c5,c1,1251,?,x8,
1769471298.067422,FORWARDED,fbee7eaa-4678-4230-8c69-276365875199,c52ad17d-1d2e-419a-8eff-52276e3f354a,c5,c1,1251,?,x8,
1769471298.0999107,RECEIVED,1a1fd0f4-901e-44d5-b547-dd5ac6b9015b,14349e1f-947f-485f-b940-9469421576ae,c5,DROP,1007,e9,?,
1769471298.1580408,SENT,33af7430-2520-48d1-a7eb-08a55e73fb7a,862b4e8d-69f9-4906-bc3e-9c054594cb37,c3,DROP,688,?,x12,
1769471298.1580915,FORWARDED,33af7430-2520-48d1-a7eb-08a55e73fb7a,862b4e8d-69f9-4906-bc3e-9c054594cb37,c3,DROP,688,?,x12,
1769471298.1678414,SENT,4b4e137d-64e2-4cbc-a9ff-c20f0551509a,aa3ca2a9-15d9-4877-9e11-2419fffc8671,c5,DROP,688,?,x11,
1769471298.1678813,FORWARDED,4b4e137d-64e2-4cbc-a9ff-c20f0551509a,aa3ca2a9-15d9-4877-9e11-2419fffc8671,c5,DROP,688,?,x11,
1769471298.2325215,RECEIVED,a5373bcd-4c9f-4dbe-897a-6e58433ade52,fa43d71e-d66c-4e41-912d-49db6c4fab4a,c3,DROP,1009,e4,?,
1769471298.2395337,SENT,a1942c17-9014-4710-badd-045ad33e80b9,0197cb05-2d37-4ba2-aeac-00c6d8423748,c1,DROP,693,?,x10,
1769471298.239574,FORWARDED,a1942c17-9014-4710-badd-045ad33e80b9,0197cb05-2d37-4ba2-aeac-00c6d8423748,c1,DROP,693,?,x10,
1769471298.2973783,SENT,a5373bcd-4c9f-4dbe-897a-6e58433ade52,fa43d71e-d66c-4e41-912d-49db6c4fab4a,c3,DROP,684,?,x2,
1769471298.2974212,FORWARDED,a5373bcd-4c9f-4dbe-897a-6e58433ade52,fa43d71e-d66c-4e41-912d-49db6c4fab4a,c3,DROP,684,?,x2,
1769471298.6367857,RECEIVED,da73951f-dc7e-46b4-963f-de1308b1a5a7,f05b05fe-4175-4ff0-a5a8-6edc81ac5aa0,c4,None,1605,e10,?,
1769471298.6774707,RECEIVED,701e4788-561e-40d7-81c2-ae8543325044,a6b6793d-af2f-4724-ac92-45b6181558b6,c5,DROP,441,x1,?,
1769471298.6997986,SENT,da73951f-dc7e-46b4-963f-de1308b1a5a7,f05b05fe-4175-4ff0-a5a8-6edc81ac5aa0,c4,None,1131,?,x4,
1769471298.6998417,FORWARDED,da73951f-dc7e-46b4-963f-de1308b1a5a7,f05b05fe-4175-4ff0-a5a8-6edc81ac5aa0,c4,None,1131,?,x4,
1769471298.761036,RECEIVED,9ae62012-0a69-470b-8476-93b941ba0711,16fb396f-703f-4afa-b07c-691edbd8694a,c5,DROP,1015,e11,?,
1769471298.7958794,SENT,635560ab-51b6-43ef-bc09-b023bafa88a0,812730bb-d22d-402a-a818-f29b694f00f4,c3,DROP,683,?,x11,
1769471298.795923,FORWARDED,635560ab-51b6-43ef-bc09-b023bafa88a0,812730bb-d22d-402a-a818-f29b694f00f4,c3,DROP,683,?,x11,
1769471298.9076803,RECEIVED,1a68f618-cf49-4962-b184-306feeadda0a,7c94b271-92d0-4059-b217-09a5842f98bf,c2,c4,1780,e7,?,
1769471299.0871847,SENT,1a1fd0f4-901e-44d5-b547-dd5ac6b9015b,14349e1f-947f-485f-b940-9469421576ae,c5,DROP,683,?,x4,
1769471299.0872252,FORWARDED,1a1fd0f4-901e-44d5-b547-dd5ac6b9015b,14349e1f-947f-485f-b940-9469421576ae,c5,DROP,683,?,x4,
1769471299.1479259,SENT,9ae62012-0a69-470b-8476-93b941ba0711,16fb396f-703f-4afa-b07c-691edbd8694a,c5,DROP,688,?,x3,
1769471299.1483274,FORWARDED,9ae62012-0a69-470b-8476-93b941ba0711,16fb396f-703f-4afa-b07c-691edbd8694a,c5,DROP,688,?,x3,
1769471299.1631317,RECEIVED,2ec73e3d-1194-4c5e-ad4c-a3d7f0c7fe29,48ea6ce9-4933-4025-9f2e-c45101a8104b,c4,None,1596,e9,?,
1769471299.1784647,RECEIVED,ac59f35e-1ad7-49cd-9bb0-bc6e5665f2bd,b7c28be8-8651-44dc-b53c-7bd91afa7f94,c5,c1,1776,e9,?,
1769471299.248745,RECEIVED,6e390c57-ecfc-45ff-a12a-0860a1073095,bdb9beff-74ad-451a-bc25-78dcdbb73685,c1,DROP,1012,e8,?,
1769471299.273802,RECEIVED,1a6b447c-c889-4104-a584-014c7390f3cd,95600ce7-116d-449d-b50e-fd9354675473,c2,DROP,1015,e3,?,
1769471299.2783542,RECEIVED,2f59bb90-ea93-4002-ab39-cfed3aac950a,630f295c-1b70-4e51-85af-86ecf92c0bdd,c5,DROP,1007,e8,?,
1769471299.354327,SENT,2f59bb90-ea93-4002-ab39-cfed3aac950a,630f295c-1b70-4e51-85af-86ecf92c0bdd,c5,DROP,684,?,x3,
1769471299.3543704,FORWARDED,2f59bb90-ea93-4002-ab39-cfed3aac950a,630f295c-1b70-4e51-85af-86ecf92c0bdd,c5,DROP,684,?,x3,
1769471299.3583138,SENT,6e390c57-ecfc-45ff-a12a-0860a1073095,bdb9beff-74ad-451a-bc25-78dcdbb73685,c1,DROP,685,?,x4,
1769471299.3583553,FORWARDED,6e390c57-ecfc-45ff-a12a-0860a1073095,bdb9beff-74ad-451a-bc25-78dcdbb73685,c1,DROP,685,?,x4,
1769471299.369483,SENT,1a6b447c-c889-4104-a584-014c7390f3cd,95600ce7-116d-449d-b50e-fd9354675473,c2,DROP,688,?,x7,
1769471299.3695242,FORWARDED,1a6b447c-c889-4104-a584-014c7390f3cd,95600ce7-116d-449d-b50e-fd9354675473,c2,DROP,688,?,x7,
1769471299.4459183,SENT,2ec73e3d-1194-4c5e-ad4c-a3d7f0c7fe29,48ea6ce9-4933-4025-9f2e-c45101a8104b,c4,None,1124,?,x6,
1769471299.4459608,FORWARDED,2ec73e3d-1194-4c5e-ad4c-a3d7f0c7fe29,48ea6ce9-4933-4025-9f2e-c45101a8104b,c4,None,1124,?,x6,
1769471299.4981263,SENT,b5e59fac-37b2-461b-b5e3-2a8c67f67c6d,d7e7a1d8-671c-4716-9ce7-78dbb2bfb1bd,c5,DROP,683,?,x8,
1769471299.4981692,FORWARDED,b5e59fac-37b2-461b-b5e3-2a8c67f67c6d,d7e7a1d8-671c-4716-9ce7-78dbb2bfb1bd,c5,DROP,683,?,x8,
1769471299.5563104,SENT,1a68f618-cf49-4962-b184-306feeadda0a,7c94b271-92d0-4059-b217-09a5842f98bf,c2,c4,1263,?,x12,
1769471299.5563536,FORWARDED,1a68f618-cf49-4962-b184-306feeadda0a,7c94b271-92d0-4059-b217-09a5842f98bf,c2,c4,1263,?,x12,
1769471299.6082017,RECEIVED,7fc71a5c-9470-49fc-a915-ff0c45d10606,822a8fbf-ee8b-4d62-8886-6ee2d30b46c6,c2,DROP,1007,e8,?,
1769471299.61833,RECEIVED,d90dbd4f-2432-4996-931c-5f2b33a0abb2,14d30bc9-f57e-432f-bb7b-0459fcdca25e,c3,c1,1779,e2,?,
1769471299.6786666,RECEIVED,fd810792-3bc4-44a0-a9c2-d847552bdfaa,4d935076-be98-4b8a-bc97-3ac8845a4797,c3,DROP,1007,e5,?,
1769471299.790217,SENT,ac59f35e-1ad7-49cd-9bb0-bc6e5665f2bd,b7c28be8-8651-44dc-b53c-7bd91afa7f94,c5,c1,1260,?,x11,
1769471299.7902572,FORWARDED,ac59f35e-1ad7-49cd-9bb0-bc6e5665f2bd,b7c28be8-8651-44dc-b53c-7bd91afa7f94,c5,c1,1260,?,x11,
1769471299.9402366,SENT,d90dbd4f-2432-4996-931c-5f2b33a0abb2,14d30bc9-f57e-432f-bb7b-0459fcdca25e,c3,c1,1261,?,x4,
1769471299.9402814,FORWARDED,d90dbd4f-2432-4996-931c-5f2b33a0abb2,14d30bc9-f57e-432f-bb7b-0459fcdca25e,c3,c1,1261,?,x4,
1769471299.9880357,SENT,fd810792-3bc4-44a0-a9c2-d847552bdfaa,4d935076-be98-4b8a-bc97-3ac8845a4797,c3,DROP,684,?,x5,
1769471299.9880896,FORWARDED,fd810792-3bc4-44a0-a9c2-d847552bdfaa,4d935076-be98-4b8a-bc97-3ac8845a4797,c3,DROP,684,?,x5,
1769471300.0506625,RECEIVED,1f964ad2-d721-45b7-9dfe-a96807b7ec44,da7cdaa5-2e9b-4d99-99d7-65460037cb24,c3,DROP,1012,e7,?,
1769471300.0841846,RECEIVED,9ff1b523-e971-4b16-869d-57b42268b35b,7c9cd5cc-e5a6-4808-9cce-60feeeb79ae4,c4,DROP,1011,e10,?,
1769471300.104107,RECEIVED,dc55dbf2-4479-4d66-a1d8-d6a2d4bd0406,0030d4f4-2bd0-470c-b0dd-90f674e028f1,c5,DROP,1011,e6,?,
1769471300.123913,SENT,7fc71a5c-9470-49fc-a915-ff0c45d10606,822a8fbf-ee8b-4d62-8886-6ee2d30b46c6,c2,DROP,683,?,x6,
1769471300.123957,FORWARDED,7fc71a5c-9470-49fc-a915-ff0c45d10606,822a8fbf-ee8b-4d62-8886-6ee2d30b46c6,c2,DROP,683,?,x6,
1769471300.1424086,RECEIVED,60f5c5d8-36c6-40b8-9ce3-e666d0b354b0,d24f9d80-a07e-45b7-b0c0-68b6a7652e7b,c1,None,1604,e2,?,
1769471300.1976414,RECEIVED,578446db-0e7e-4753-aea9-50f6001b2f77,d694f4bd-276d-4871-a17f-f41949b0b08a,c5,c1,1780,e10,?,
1769471300.2867374,SENT,1f964ad2-d721-45b7-9dfe-a96807b7ec44,da7cdaa5-2e9b-4d99-99d7-65460037cb24,c3,DROP,687,?,x5,
1769471300.2867808,FORWARDED,1f964ad2-d721-45b7-9dfe-a96807b7ec44,da7cdaa5-2e9b-4d99-99d7-65460037cb24,c3,DROP,687,?,x5,
1769471300.4836028,RECEIVED,1f393690-ba8e-48e0-a7ca-e4c64f212303,0041aa17-5528-4701-bc3f-96e86b25db5b,c1,DROP,1007,e12,?,
1769471300.4935467,RECEIVED,36ac24c0-3aa6-4c99-960a-4c8a42ed269a,2c700785-103f-4e92-aeac-379ba923e508,c4,DROP,441,x10,?,
1769471300.5285842,SENT,60f5c5d8-36c6-40b8-9ce3-e666d0b354b0,d24f9d80-a07e-45b7-b0c0-68b6a7652e7b,c1,None,1129,?,x4,
1769471300.528637,FORWARDED,60f5c5d8-36c6-40b8-9ce3-e666d0b354b0,d24f9d80-a07e-45b7-b0c0-68b6a7652e7b,c1,None,1129,?,x4,
1769471300.5998836,SENT,578446db-0e7e-4753-aea9-50f6001b2f77,d694f4bd-276d-4871-a17f-f41949b0b08a,c5,c1,1263,?,x5,
1769471300.599923,FORWARDED,578446db-0e7e-4753-aea9-50f6001b2f77,d694f4bd-276d-4871-a17f-f41949b0b08a,c5,c1,1263,?,x5,
1769471300.685794,RECEIVED,7b492d6d-71eb-4d45-b9d1-65939a76f0d4,fdad6246-c55e-4c90-8f89-1be18dedd03d,c3,None,1596,e5,?,
1769471300.9722803,SENT,7b492d6d-71eb-4d45-b9d1-65939a76f0d4,fdad6246-c55e-4c90-8f89-1be18dedd03d,c3,None,1123,?,x7,
1769471300.9723177,FORWARDED,7b492d6d-71eb-4d45-b9d1-65939a76f0d4,fdad6246-c55e-4c90-8f89-1be18dedd03d,c3,None,1123,?,x7,
1769471300.976087,SENT,1f393690-ba8e-48e0-a7ca-e4c64f212303,0041aa17-5528-4701-bc3f-96e86b25db5b,c1,DROP,683,?,x2,
1769471300.9761298,FORWARDED,1f393690-ba8e-48e0-a7ca-e4c64f212303,0041aa17-5528-4701-bc3f-96e86b25db5b,c1,DROP,683,?,x2,
1769471301.079936,SENT,9ff1b523-e971-4b16-869d-57b42268b35b,7c9cd5cc-e5a6-4808-9cce-60feeeb79ae4,c4,DROP,687,?,x5,
1769471301.079975,FORWARDED,9ff1b523-e971-4b16-869d-57b42268b35b,7c9cd5cc-e5a6-4808-9cce-60feeeb79ae4,c4,DROP,687,?,x5,
1769471301.2350678,RECEIVED,50d37e0b-5f7d-4904-a56c-dfd82b660da7,ab21b08c-c159-4ae7-bb74-aa5f2814da0f,c3,None,1609,e1,?,
1769471301.2952466,SENT,50d37e0b-5f7d-4904-a56c-dfd82b660da7,ab21b08c-c159-4ae7-bb74-aa5f2814da0f,c3,None,1132,?,x11,
1769471301.295287,FORWARDED,50d37e0b-5f7d-4904-a56c-dfd82b660da7,ab21b08c-c159-4ae7-bb74-aa5f2814da0f,c3,None,1132,?,x11,
1769471301.32459,RECEIVED,e6a3de34-16f1-477e-bd36-9d2d347e5b0f,28c6995f-e669-4e5d-93ff-92fbf4f8cf16,c3,DROP,1012,e10,?,
1769471301.437233,SENT,e6a3de34-16f1-477e-bd36-9d2d347e5b0f,28c6995f-e669-4e5d-93ff-92fbf4f8cf16,c3,DROP,687,?,x3,
1769471301.4372723,FORWARDED,e6a3de34-16f1-477e-bd36-9d2d347e5b0f,28c6995f-e669-4e5d-93ff-92fbf4f8cf16,c3,DROP,687,?,x3,
1769471301.5308812,RECEIVED,c5243d88-b53b-4ac8-9eda-fdff6bc109f2,68356309-255d-4575-8fa0-145772f0c977,c3,DROP,1012,e12,?,
1769471301.5445147,SENT,dc55dbf2-4479-4d66-a1d8-d6a2d4bd0406,0030d4f4-2bd0-470c-b0dd-90f674e028f1,c5,DROP,686,?,x7,
1769471301.5445492,FORWARDED,dc55dbf2-4479-4d66-a1d8-d6a2d4bd0406,0030d4f4-2bd0-470c-b0dd-90f674e028f1,c5,DROP,686,?,x7,
1769471301.648912,SENT,c5243d88-b53b-4ac8-9eda-fdff6bc109f2,68356309-255d-4575-8fa0-145772f0c977,c3,DROP,687,?,x9,
1769471301.6489577,FORWARDED,c5243d88-b53b-4ac8-9eda-fdff6bc109f2,68356309-255d-4575-8fa0-145772f0c977,c3,DROP,687,?,x9,
1769471301.90025,RECEIVED,7baad061-c6d5-4a03-accb-1be963652485,5e34402f-8392-4239-aff0-c88916360993,c2,DROP,1015,e6,?,
1769471301.963531,RECEIVED,f4fe17ee-9ff4-4ff5-a0fc-4e93af60699b,df22335a-129a-4983-a567-41048837e581,c3,DROP,441,x1,?,
1769471302.049164,RECEIVED,23f2c086-e52a-4e05-ae75-c5fa1fe36007,e48ccc3b-f558-46b4-b715-646c50e92a48,c1,DROP,1008,e9,?,
1769471302.0713732,RECEIVED,5a543276-1e6c-47e5-b9dc-bd98cf885c23,5cc37d64-522d-4ab4-8b71-269e1b3458fd,c3,None,1599,e2,?,
1769471302.1536932,SENT,7baad061-c6d5-4a03-accb-1be963652485,5e34402f-8392-4239-aff0-c88916360993,c2,DROP,688,?,x9,
1769471302.1537352,FORWARDED,7baad061-c6d5-4a03-accb-1be963652485,5e34402f-8392-4239-aff0-c88916360993,c2,DROP,688,?,x9,
1769471302.188314,RECEIVED,9d8bd215-b294-4a7b-8460-6397eceedc8a,6698118a-ed18-4ec2-84c7-e1236170f16c,c4,None,1595,e11,?,
1769471302.1909978,SENT,23f2c086-e52a-4e05-ae75-c5fa1fe36007,e48ccc3b-f558-46b4-b715-646c50e92a48,c1,DROP,684,?,x8,
1769471302.1910405,FORWARDED,23f2c086-e52a-4e05-ae75-c5fa1fe36007,e48ccc3b-f558-46b4-b715-646c50e92a48,c1,DROP,684,?,x8,
1769471302.3244817,RECEIVED,735c1fb8-e7e2-4459-9397-4137f0c851a2,daedd66d-d055-4b44-8132-b8d139082101,c5,DROP,1005,e10,?,
1769471302.3612962,RECEIVED,6126aa02-cc9e-41c0-b989-2b0611c4b71a,d526b08e-d7bc-458e-8b70-ff77f3bb7867,c2,DROP,1012,e7,?,
1769471302.4520268,SENT,6126aa02-cc9e-41c0-b989-2b0611c4b71a,d526b08e-d7bc-458e-8b70-ff77f3bb7867,c2,DROP,687,?,x10,
1769471302.4525566,FORWARDED,6126aa02-cc9e-41c0-b989-2b0611c4b71a,d526b08e-d7bc-458e-8b70-ff77f3bb7867,c2,DROP,687,?,x10,
1769471302.5684414,RECEIVED,47737dec-fc78-40f1-a94a-8d50e6d1908c,c8fe419f-2f63-4f92-ac82-605211e87270,c3,DROP,1015,e4,?,
1769471302.8542745,RECEIVED,477ec485-e413-404d-8b7d-44edc6e174d8,d7a9f7fa-1e02-4cdf-928c-8e5b50e93172,c2,DROP,1011,e5,?,
1769471302.901851,RECEIVED,f736d653-567b-47d3-b7f0-597cd423420b,a6236aaf-ad9d-43e8-b6ad-ac23ce0322a9,c3,DROP,1014,e8,?,
1769471302.961131,SENT,f736d653-567b-47d3-b7f0-597cd423420b,a6236aaf-ad9d-43e8-b6ad-ac23ce0322a9,c3,DROP,687,?,x11,
1769471302.9611766,FORWARDED,f736d653-567b-47d3-b7f0-597cd423420b,a6236aaf-ad9d-43e8-b6ad-ac23ce0322a9,c3,DROP,687,?,x11,
1769471302.9634888,SENT,47737dec-fc78-40f1-a94a-8d50e6d1908c,c8fe419f-2f63-4f92-ac82-605211e87270,c3,DROP,688,?,x1,
1769471302.9635296,FORWARDED,47737dec-fc78-40f1-a94a-8d50e6d1908c,c8fe419f-2f63-4f92-ac82-605211e87270,c3,DROP,688,?,x1,
1769471303.1667578,SENT,735c1fb8-e7e2-4459-9397-4137f0c851a2,daedd66d-d055-4b44-8132-b8d139082101,c5,DROP,683,?,x2,
1769471303.1667976,FORWARDED,735c1fb8-e7e2-4459-9397-4137f0c851a2,daedd66d-d055-4b44-8132-b8d139082101,c5,DROP,683,?,x2,
1769471303.1791945,SENT,9d8bd215-b294-4a7b-8460-6397eceedc8a,6698118a-ed18-4ec2-84c7-e1236170f16c,c4,None,1123,?,x1,
1769471303.1792347,FORWARDED,9d8bd215-b294-4a7b-8460-6397eceedc8a,6698118a-ed18-4ec2-84c7-e1236170f16c,c4,None,1123,?,x1,
1769471303.3161545,SENT,5a543276-1e6c-47e5-b9dc-bd98cf885c23,5cc37d64-522d-4ab4-8b71-269e1b3458fd,c3,None,1127,?,x2,
1769471303.3161979,FORWARDED,5a543276-1e6c-47e5-b9dc-bd98cf885c23,5cc37d64-522d-4ab4-8b71-269e1b3458fd,c3,None,1127,?,x2,
1769471303.3751967,RECEIVED,587aaa30-c842-4bb8-97aa-a46d79ebe99e,1c9b678d-6a95-45b5-a34d-a201a1a092e8,c1,c3,1775,e9,?,
1769471303.3837962,RECEIVED,98738d34-e336-424a-a13e-0710eba869ec,978555f4-8437-4747-af19-489eff6b1857,c3,DROP,1011,e8,?,
1769471303.3865569,RECEIVED,17f90f3c-13f0-45ae-af22-4b4bfe52a44f,0e327e5c-bc0f-458e-94a8-59548327be6b,c1,c3,1763,e12,?,
1769471303.4503493,RECEIVED,fefa2fd0-f0e1-4166-b65c-7a42800da3db,fad57da3-14ff-4893-acb7-b9fee5b38c08,c2,DROP,1008,e3,?,
1769471303.4890094,RECEIVED,ae7ed9e3-a462-4185-93ba-73755b5b78f1,25cbf386-4e70-4c46-a239-5c82fb81dcb9,c5,DROP,1009,e1,?,
1769471303.5273907,SENT,fefa2fd0-f0e1-4166-b65c-7a42800da3db,fad57da3-14ff-4893-acb7-b9fee5b38c08,c2,DROP,683,?,x6,
1769471303.5274324,FORWARDED,fefa2fd0-f0e1-4166-b65c-7a42800da3db,fad57da3-14ff-4893-acb7-b9fee5b38c08,c2,DROP,683,?,x6,
1769471303.5831206,RECEIVED,54920502-dba2-4da7-a64d-664387e32de4,29044c9e-f5ed-4d54-885e-c5ed0ab26f29,c3,DROP,1004,e9,?,
1769471303.5945225,RECEIVED,7e38ae46-1f7d-44a4-bf54-0f2d32004e6f,55b57231-1268-4bdc-95b5-3b88f7dfb685,c3,DROP,1007,e5,?,
1769471303.6517785,RECEIVED,e9ea7ccb-611e-4ed3-b916-c648e9a5adbb,c3b669be-5711-4eed-bcc0-88f2dc2780ac,c4,c3,1780,e12,?,
1769471303.6753283,RECEIVED,9bc02aa8-0c4f-4e5b-8c25-585a741dcc12,6765e75e-de9e-4e23-bdc0-57137e832478,c1,None,1604,e10,?,
1769471303.7012386,SENT,54920502-dba2-4da7-a64d-664387e32de4,29044c9e-f5ed-4d54-885e-c5ed0ab26f29,c3,DROP,679,?,x3,
1769471303.7012796,FORWARDED,54920502-dba2-4da7-a64d-664387e32de4,29044c9e-f5ed-4d54-885e-c5ed0ab26f29,c3,DROP,679,?,x3,
1769471303.8808026,RECEIVED,e094602c-060a-46a5-a9f3-42f867f0222a,b53da337-f369-4c05-9e72-e4fbe6ddfd5e,c3,DROP,1008,e1,?,
1769471303.9187202,SENT,e094602c-060a-46a5-a9f3-42f867f0222a,b53da337-f369-4c05-9e72-e4fbe6ddfd5e,c3,DROP,684,?,x8,
1769471303.9187553,FORWARDED,e094602c-060a-46a5-a9f3-42f867f0222a,b53da337-f369-4c05-9e72-e4fbe6ddfd5e,c3,DROP,684,?,x8,
1769471303.9694777,SENT,ae7ed9e3-a462-4185-93ba-73755b5b78f1,25cbf386-4e70-4c46-a239-5c82fb81dcb9,c5,DROP,684,?,x12,
1769471303.9695199,FORWARDED,ae7ed9e3-a462-4185-93ba-73755b5b78f1,25cbf386-4e70-4c46-a239-5c82fb81dcb9,c5,DROP,684,?,x12,
1769471303.9977427,SENT,477ec485-e413-404d-8b7d-44edc6e174d8,d7a9f7fa-1e02-4cdf-928c-8e5b50e93172,c2,DROP,687,?,x6,
1769471303.9977787,FORWARDED,477ec485-e413-404d-8b7d-44edc6e174d8,d7a9f7fa-1e02-4cdf-928c-8e5b50e93172,c2,DROP,687,?,x6,
1769471304.0469232,RECEIVED,41ad0d02-63c0-4bff-ac2a-ffd775fd1202,4f263dfe-07f6-44d0-92a9-26c2388113c9,c3,DROP,1015,e5,?,
1769471304.141376,SENT,587aaa30-c842-4bb8-97aa-a46d79ebe99e,1c9b678d-6a95-45b5-a34d-a201a1a092e8,c1,c3,1260,?,x1,
1769471304.1414154,FORWARDED,587aaa30-c842-4bb8-97aa-a46d79ebe99e,1c9b678d-6a95-45b5-a34d-a201a1a092e8,c1,c3,1260,?,x1,
1769471304.1518738,SENT,e9ea7ccb-611e-4ed3-b916-c648e9a5adbb,c3b669be-5711-4eed-bcc0-88f2dc2780ac,c4,c3,1263,?,x10,
1769471304.151912,FORWARDED,e9ea7ccb-611e-4ed3-b916-c648e9a5adbb,c3b669be-5711-4eed-bcc0-88f2dc2780ac,c4,c3,1263,?,x10,
1769471304.1641624,SENT,9bc02aa8-0c4f-4e5b-8c25-585a741dcc12,6765e75e-de9e-4e23-bdc0-57137e832478,c1,None,1131,?,x7,
1769471304.1642008,FORWARDED,9bc02aa8-0c4f-4e5b-8c25-585a741dcc12,6765e75e-de9e-4e23-bdc0-57137e832478,c1,None,1131,?,x7,
1769471304.214117,SENT,17f90f3c-13f0-45ae-af22-4b4bfe52a44f,0e327e5c-bc0f-458e-94a8-59548327be6b,c1,c3,1251,?,x6,
1769471304.2141583,FORWARDED,17f90f3c-13f0-45ae-af22-4b4bfe52a44f,0e327e5c-bc0f-458e-94a8-59548327be6b,c1,c3,1251,?,x6,
1769471304.4832907,SENT,98738d34-e336-424a-a13e-0710eba869ec,978555f4-8437-4747-af19-489eff6b1857,c3,DROP,687,?,x9,
1769471304.483334,FORWARDED,98738d34-e336-424a-a13e-0710eba869ec,978555f4-8437-4747-af19-489eff6b1857,c3,DROP,687,?,x9,
1769471304.9038594,SENT,41ad0d02-63c0-4bff-ac2a-ffd775fd1202,4f263dfe-07f6-44d0-92a9-26c2388113c9,c3,DROP,688,?,x5,
1769471304.9039004,FORWARDED,41ad0d02-63c0-4bff-ac2a-ffd775fd1202,4f263dfe-07f6-44d0-92a9-26c2388113c9,c3,DROP,688,?,x5,
1769471304.9660888,RECEIVED,a3cc1e6f-aae9-4c7e-b167-85d8c505fd4e,1ce0ed9a-5812-408f-a683-19e1cbbf841e,c2,DROP,1008,e7,?,
1769471305.0608048,RECEIVED,6f0e8f6c-5250-4a98-a97a-c50836672e1b,79aede0d-0ae2-45a2-90e1-35dfc4e46c95,c2,DROP,1008,e4,?,
1769471305.0844257,SENT,a3cc1e6f-aae9-4c7e-b167-85d8c505fd4e,1ce0ed9a-5812-408f-a683-19e1cbbf841e,c2,DROP,684,?,x1,
1769471305.0844688,FORWARDED,a3cc1e6f-aae9-4c7e-b167-85d8c505fd4e,1ce0ed9a-5812-408f-a683-19e1cbbf841e,c2,DROP,684,?,x1,
1769471305.1580303,SENT,6f0e8f6c-5250-4a98-a97a-c50836672e1b,79aede0d-0ae2-45a2-90e1-35dfc4e46c95,c2,DROP,683,?,x4,
1769471305.158076,FORWARDED,6f0e8f6c-5250-4a98-a97a-c50836672e1b,79aede0d-0ae2-45a2-90e1-35dfc4e46c95,c2,DROP,683,?,x4,
1769471305.3359761,RECEIVED,337486b8-bce5-4edf-93cf-fb45405acab9,58003c6d-6989-4ae3-9d81-bcf5f47f386c,c5,DROP,1007,e5,?,
1769471305.4585364,RECEIVED,0f675f78-177e-4860-8239-b20da1d8e20e,ae944f45-e40f-44b7-8c4d-9d011add7869,c2,c4,1767,e12,?,
1769471305.4799542,RECEIVED,832de83a-6c8b-4a42-8747-27022a279927,1862669c-69b6-40d6-a398-5f60a09eccb8,c1,c3,1764,e4,?,
1769471305.5437827,SENT,337486b8-bce5-4edf-93cf-fb45405acab9,58003c6d-6989-4ae3-9d81-bcf5f47f386c,c5,DROP,683,?,x2,
1769471305.5438273,FORWARDED,337486b8-bce5-4edf-93cf-fb45405acab9,58003c6d-6989-4ae3-9d81-bcf5f47f386c,c5,DROP,683,?,x2,
1769471305.5753512,SENT,832de83a-6c8b-4a42-8747-27022a279927,1862669c-69b6-40d6-a398-5f60a09eccb8,c1,c3,1251,?,x9,
1769471305.5753937,FORWARDED,832de83a-6c8b-4a42-8747-27022a279927,1862669c-69b6-40d6-a398-5f60a09eccb8,c1,c3,1251,?,x9,
1769471305.6571808,RECEIVED,715e1f31-ca4d-4cc5-b2e7-d6e3df7e8fa0,58b3f83a-269a-4e53-9638-21da0b338ed5,c3,DROP,1013,e4,?,
1769471305.7352526,SENT,715e1f31-ca4d-4cc5-b2e7-d6e3df7e8fa0,58b3f83a-269a-4e53-9638-21da0b338ed5,c3,DROP,687,?,x12,
1769471305.735292,FORWARDED,715e1f31-ca4d-4cc5-b2e7-d6e3df7e8fa0,58b3f83a-269a-4e53-9638-21da0b338ed5,c3,DROP,687,?,x12,
1769471305.8687117,SENT,7e38ae46-1f7d-44a4-bf54-0f2d32004e6f,55b57231-1268-4bdc-95b5-3b88f7dfb685,c3,DROP,683,?,x10,
1769471305.8687513,FORWARDED,7e38ae46-1f7d-44a4-bf54-0f2d32004e6f,55b57231-1268-4bdc-95b5-3b88f7dfb685,c3,DROP,683,?,x10,
1769471306.2871199,RECEIVED,5b26cd85-d3ca-4369-95cf-8329b1b89dff,43f1eed5-d048-464f-9e06-66ab124af035,c4,None,1604,e9,?,
1769471306.4943469,RECEIVED,efeaac7c-b34b-4ce8-abd8-a71fc6de8862,6900975c-887d-4f01-94a3-798dd043a7ff,c5,DROP,1014,e9,?,
1769471306.5072825,SENT,5b26cd85-d3ca-4369-95cf-8329b1b89dff,43f1eed5-d048-464f-9e06-66ab124af035,c4,None,1130,?,x4,
1769471306.5073278,FORWARDED,5b26cd85-d3ca-4369-95cf-8329b1b89dff,43f1eed5-d048-464f-9e06-66ab124af035,c4,None,1130,?,x4,
1769471306.6631756,SENT,0f675f78-177e-4860-8239-b20da1d8e20e,ae944f45-e40f-44b7-8c4d-9d011add7869,c2,c4,1252,?,x3,
1769471306.6632187,FORWARDED,0f675f78-177e-4860-8239-b20da1d8e20e,ae944f45-e40f-44b7-8c4d-9d011add7869,c2,c4,1252,?,x3,
1769471306.6803749,RECEIVED,391a67a6-79ef-4acc-9113-08a379fcd8ff,8a5b6cff-98fd-4d1b-bcbb-3b959c6c3b40,c1,DROP,1016,e1,?,
1769471306.6919096,RECEIVED,135f47dd-da40-4ab1-8f86-4fd7b4c98db6,00db7063-9851-4d13-9b66-4b9ce91d2052,c3,None,1604,e8,?,
1769471306.7062314,RECEIVED,1b5d35da-e75d-4096-9c15-50a5ac82d56d,b706e98a-96bc-4301-8bed-eeb09b4316c7,c3,DROP,1020,e10,?,
1769471306.792936,RECEIVED,1fce0544-9ced-405d-b29d-25e9de012ff9,27d1adf2-d905-4c13-bfc6-df574347d1e5,c2,DROP,1008,e1,?,
1769471306.8198972,RECEIVED,5f57e76a-909f-4e8f-bb6b-beb83010b44b,2127cac9-763d-4a07-9456-59d3544ac2e3,c3,DROP,1015,e1,?,
1769471307.0136857,RECEIVED,7429c29e-6529-4783-bb76-1d767f65b9e2,2afde7a6-ae79-4b36-8c38-6ab6714fb11c,c5,DROP,1018,e3,?,
1769471307.04293,SENT,1fce0544-9ced-405d-b29d-25e9de012ff9,27d1adf2-d905-4c13-bfc6-df574347d1e5,c2,DROP,684,?,x12,
1769471307.0429704,FORWARDED,1fce0544-9ced-405d-b29d-25e9de012ff9,27d1adf2-d905-4c13-bfc6-df574347d1e5,c2,DROP,684,?,x12,
1769471307.0501688,SENT,391a67a6-79ef-4acc-9113-08a379fcd8ff,8a5b6cff-98fd-4d1b-bcbb-3b959c6c3b40,c1,DROP,689,?,x1,
1769471307.0502105,FORWARDED,391a67a6-79ef-4acc-9113-08a379fcd8ff,8a5b6cff-98fd-4d1b-bcbb-3b959c6c3b40,c1,DROP,689,?,x1,
1769471307.1090212,SENT,135f47dd-da40-4ab1-8f86-4fd7b4c98db6,00db7063-9851-4d13-9b66-4b9ce91d2052,c3,None,1131,?,x11,
1769471307.109077,FORWARDED,135f47dd-da40-4ab1-8f86-4fd7b4c98db6,00db7063-9851-4d13-9b66-4b9ce91d2052,c3,None,1131,?,x11,
1769471307.5010376,RECEIVED,cea4998f-af88-489a-8f80-77e8d852cdb6,068d2101-23a9-48d8-9049-c6cc55fc242a,c4,DROP,1008,e1,?,
1769471307.6233156,SENT,1b5d35da-e75d-4096-9c15-50a5ac82d56d,b706e98a-96bc-4301-8bed-eeb09b4316c7,c3,DROP,693,?,x10,
1769471307.6233573,FORWARDED,1b5d35da-e75d-4096-9c15-50a5ac82d56d,b706e98a-96bc-4301-8bed-eeb09b4316c7,c3,DROP,693,?,x10,
1769471307.6596408,SENT,cea4998f-af88-489a-8f80-77e8d852cdb6,068d2101-23a9-48d8-9049-c6cc55fc242a,c4,DROP,683,?,x7,
1769471307.659681,FORWARDED,cea4998f-af88-489a-8f80-77e8d852cdb6,068d2101-23a9-48d8-9049-c6cc55fc242a,c4,DROP,683,?,x7,
1769471307.8246355,RECEIVED,452a92f7-92ef-4fd9-ae82-0ba60645b048,a7da17ce-9987-4658-9276-d6b56ed3b2c1,c4,DROP,1024,e10,?,
1769471307.8582737,SENT,5f57e76a-909f-4e8f-bb6b-beb83010b44b,2127cac9-763d-4a07-9456-59d3544ac2e3,c3,DROP,688,?,x8,
1769471307.8583155,FORWARDED,5f57e76a-909f-4e8f-bb6b-beb83010b44b,2127cac9-763d-4a07-9456-59d3544ac2e3,c3,DROP,688,?,x8,
1769471307.9368594,RECEIVED,e96f02c8-6168-480c-9074-ebfc088c8eda,b93c561c-5c30-472f-9ead-025dd893a6ea,c1,DROP,1008,e10,?,
1769471308.0155547,SENT,452a92f7-92ef-4fd9-ae82-0ba60645b048,a7da17ce-9987-4658-9276-d6b56ed3b2c1,c4,DROP,694,?,x5,
1769471308.0156043,FORWARDED,452a92f7-92ef-4fd9-ae82-0ba60645b048,a7da17ce-9987-4658-9276-d6b56ed3b2c1,c4,DROP,694,?,x5,
1769471308.0318425,SENT,e96f02c8-6168-480c-9074-ebfc088c8eda,b93c561c-5c30-472f-9ead-025dd893a6ea,c1,DROP,684,?,x9,
1769471308.0318851,FORWARDED,e96f02c8-6168-480c-9074-ebfc088c8eda,b93c561c-5c30-472f-9ead-025dd893a6ea,c1,DROP,684,?,x9,
1769471308.226679,SENT,7429c29e-6529-4783-bb76-1d767f65b9e2,2afde7a6-ae79-4b36-8c38-6ab6714fb11c,c5,DROP,691,?,x5,
1769471308.2267222,FORWARDED,7429c29e-6529-4783-bb76-1d767f65b9e2,2afde7a6-ae79-4b36-8c38-6ab6714fb11c,c5,DROP,691,?,x5,
1769471308.5865805,RECEIVED,08486c12-dde5-40e1-83d7-e664dd4ddadf,a3846ec1-77bc-49eb-8423-6404dc0b725d,c1,DROP,1009,e3,?,
1769471308.5995615,RECEIVED,c5a45e7b-135a-4102-8856-9a19d729cdf1,c35c95db-4c86-48b1-9a30-01e278cbdd46,c3,c1,1776,e3,?,
1769471308.655191,SENT,c5a45e7b-135a-4102-8856-9a19d729cdf1,c35c95db-4c86-48b1-9a30-01e278cbdd46,c3,c1,1259,?,x2,
1769471308.6552339,FORWARDED,c5a45e7b-135a-4102-8856-9a19d729cdf1,c35c95db-4c86-48b1-9a30-01e278cbdd46,c3,c1,1259,?,x2,
1769471308.7899237,SENT,08486c12-dde5-40e1-83d7-e664dd4ddadf,a3846ec1-77bc-49eb-8423-6404dc0b725d,c1,DROP,683,?,x12,
1769471308.7899652,FORWARDED,08486c12-dde5-40e1-83d7-e664dd4ddadf,a3846ec1-77bc-49eb-8423-6404dc0b725d,c1,DROP,683,?,x12,
1769471308.8580196,RECEIVED,2439a999-e0d5-46b4-b6df-9b3c9a1c6638,9c657c8b-df6d-460c-be13-e10c4683e782,c1,DROP,1007,e2,?,
1769471308.9448636,SENT,efeaac7c-b34b-4ce8-abd8-a71fc6de8862,6900975c-887d-4f01-94a3-798dd043a7ff,c5,DROP,689,?,x5,
1769471308.944906,FORWARDED,efeaac7c-b34b-4ce8-abd8-a71fc6de8862,6900975c-887d-4f01-94a3-798dd043a7ff,c5,DROP,689,?,x5,
1769471309.0683231,RECEIVED,0551f33b-2e15-4958-9e24-6a311debf510,2018aef8-3fcc-46fb-89b4-36c71df1ff41,c3,DROP,1009,e3,?,
1769471309.123404,RECEIVED,2ed6e921-0115-4dac-bb16-a05c5b3600a3,dbeb97fa-2961-4d59-8ea3-ead3a454a596,c2,DROP,1010,e4,?,
1769471309.1474612,SENT,2ed6e921-0115-4dac-bb16-a05c5b3600a3,dbeb97fa-2961-4d59-8ea3-ead3a454a596,c2,DROP,684,?,x10,
1769471309.1475036,FORWARDED,2ed6e921-0115-4dac-bb16-a05c5b3600a3,dbeb97fa-2961-4d59-8ea3-ead3a454a596,c2,DROP,684,?,x10,
1769471309.2366605,SENT,0551f33b-2e15-4958-9e24-6a311debf510,2018aef8-3fcc-46fb-89b4-36c71df1ff41,c3,DROP,683,?,x12,
1769471309.2366993,FORWARDED,0551f33b-2e15-4958-9e24-6a311debf510,2018aef8-3fcc-46fb-89b4-36c71df1ff41,c3,DROP,683,?,x12,
1769471309.3574843,RECEIVED,7bcad451-9c22-4ad5-b864-34ca9e7485ac,4ea99c62-f664-4aec-bc8b-f37a5a9e1c09,c2,DROP,1013,e6,?,
1769471309.4039176,SENT,2439a999-e0d5-46b4-b6df-9b3c9a1c6638,9c657c8b-df6d-460c-be13-e10c4683e782,c1,DROP,683,?,x7,
1769471309.403958,FORWARDED,2439a999-e0d5-46b4-b6df-9b3c9a1c6638,9c657c8b-df6d-460c-be13-e10c4683e782,c1,DROP,683,?,x7,
1769471309.5300393,RECEIVED,d23de2f6-6676-4b16-852c-b0e33a9bb10c,d57bd72e-1b3e-4989-9a85-f30ef293dbbb,c4,DROP,1007,e5,?,
1769471309.7283926,RECEIVED,ced7a431-04fd-4194-92e6-d1911c9f79f6,7ed94a5e-8e7f-4863-8e9d-2340734cd39f,c2,DROP,1016,e3,?,
1769471309.8155122,SENT,7bcad451-9c22-4ad5-b864-34ca9e7485ac,4ea99c62-f664-4aec-bc8b-f37a5a9e1c09,c2,DROP,687,?,x10,
1769471309.8155546,FORWARDED,7bcad451-9c22-4ad5-b864-34ca9e7485ac,4ea99c62-f664-4aec-bc8b-f37a5a9e1c09,c2,DROP,687,?,x10,
1769471309.8189373,RECEIVED,52285c8d-2294-4c9f-bdb1-06b935fe2477,8b8b4eac-0717-42f1-8458-4a3b8627c58a,c2,DROP,1007,e9,?,
1769471309.8723643,RECEIVED,d5d07b64-9d0f-4e0a-9669-e0fdb42214e3,86b5f383-a404-4891-9206-828e16743700,c1,DROP,1021,e8,?,
1769471310.0516016,SENT,d23de2f6-6676-4b16-852c-b0e33a9bb10c,d57bd72e-1b3e-4989-9a85-f30ef293dbbb,c4,DROP,683,?,x7,
1769471310.0516422,FORWARDED,d23de2f6-6676-4b16-852c-b0e33a9bb10c,d57bd72e-1b3e-4989-9a85-f30ef293dbbb,c4,DROP,683,?,x7,
1769471310.0853803,RECEIVED,026c5fa3-f51b-435f-b59f-8b210b58cd0f,280c39ee-f063-4363-921d-7df37b6313d5,c3,DROP,1008,e8,?,
1769471310.099738,SENT,d5d07b64-9d0f-4e0a-9669-e0fdb42214e3,86b5f383-a404-4891-9206-828e16743700,c1,DROP,692,?,x12,
1769471310.0997767,FORWARDED,d5d07b64-9d0f-4e0a-9669-e0fdb42214e3,86b5f383-a404-4891-9206-828e16743700,c1,DROP,692,?,x12,
1769471310.15129,SENT,ced7a431-04fd-4194-92e6-d1911c9f79f6,7ed94a5e-8e7f-4863-8e9d-2340734cd39f,c2,DROP,688,?,x2,
1769471310.1513317,FORWARDED,ced7a431-04fd-4194-92e6-d1911c9f79f6,7ed94a5e-8e7f-4863-8e9d-2340734cd39f,c2,DROP,688,?,x2,
1769471310.3372717,SENT,026c5fa3-f51b-435f-b59f-8b210b58cd0f,280c39ee-f063-4363-921d-7df37b6313d5,c3,DROP,683,?,x2,
1769471310.3373132,FORWARDED,026c5fa3-f51b-435f-b59f-8b210b58cd0f,280c39ee-f063-4363-921d-7df37b6313d5,c3,DROP,683,?,x2,
1769471310.6415436,RECEIVED,c088f4b7-6bce-4926-be6c-2e95bb260774,d6ec3367-affd-47f2-9ebb-51f57f646a30,c4,c3,1775,e7,?,
1769471310.7691257,RECEIVED,901b4c0e-b75e-4b56-bdfb-6326a1c5deb3,0d6d3c7b-a94f-412f-9509-f1073e5f58b4,c4,DROP,441,x7,?,
1769471310.8265638,SENT,52285c8d-2294-4c9f-bdb1-06b935fe2477,8b8b4eac-0717-42f1-8458-4a3b8627c58a,c2,DROP,684,?,x3,
1769471310.8266068,FORWARDED,52285c8d-2294-4c9f-bdb1-06b935fe2477,8b8b4eac-0717-42f1-8458-4a3b8627c58a,c2,DROP,684,?,x3,
1769471311.0221078,RECEIVED,a4c9f8be-a1ef-4caf-966a-1874d8a431d4,9815fd74-265b-44ac-93f8-37a8b882fbb1,c1,None,1595,e3,?,
1769471311.0459404,RECEIVED,d764c7fa-dc3d-4339-bcb9-3d8164e09f20,2ab4c78b-fbc8-4691-858a-3fb2e2022954,c2,DROP,1011,e6,?,
1769471311.2558665,RECEIVED,ae8f79d9-9ef3-4805-a81e-2e040a48468c,acb5bc68-50ca-4bbb-a7d6-1240138da845,c5,DROP,1009,e7,?,
1769471311.3897512,RECEIVED,6d4d77d2-d3ea-4545-a57c-29f8dc6e35f9,121651e8-f33b-42cf-a0b9-fa45b91e7ce6,c2,DROP,1021,e10,?,
1769471311.3982446,RECEIVED,96a5721b-2699-4f45-bd24-f7bc5b6ac405,34461706-1b58-4f82-9341-5cb558d966c9,c2,DROP,1008,e1,?,
1769471311.4653192,RECEIVED,479d8ed5-0d68-474f-8bd1-271d1c23dceb,77192934-271d-47b2-be8e-646afe34a2f7,c2,DROP,442,x11,?,
1769471311.4774373,SENT,6d4d77d2-d3ea-4545-a57c-29f8dc6e35f9,121651e8-f33b-42cf-a0b9-fa45b91e7ce6,c2,DROP,692,?,x12,
1769471311.4774888,FORWARDED,6d4d77d2-d3ea-4545-a57c-29f8dc6e35f9,121651e8-f33b-42cf-a0b9-fa45b91e7ce6,c2,DROP,692,?,x12,
1769471311.4895813,SENT,d764c7fa-dc3d-4339-bcb9-3d8164e09f20,2ab4c78b-fbc8-4691-858a-3fb2e2022954,c2,DROP,687,?,x7,
1769471311.4896197,FORWARDED,d764c7fa-dc3d-4339-bcb9-3d8164e09f20,2ab4c78b-fbc8-4691-858a-3fb2e2022954,c2,DROP,687,?,x7,
1769471311.5323765,SENT,ae8f79d9-9ef3-4805-a81e-2e040a48468c,acb5bc68-50ca-4bbb-a7d6-1240138da845,c5,DROP,683,?,x12,
1769471311.5324173,FORWARDED,ae8f79d9-9ef3-4805-a81e-2e040a48468c,acb5bc68-50ca-4bbb-a7d6-1240138da845,c5,DROP,683,?,x12,
1769471311.5745244,RECEIVED,c5694468-7360-4157-af12-0e51a60bf111,6aba68f0-9a91-4121-9650-031bea16faf2,c3,None,1609,e11,?,
1769471311.6346195,SENT,c5694468-7360-4157-af12-0e51a60bf111,6aba68f0-9a91-4121-9650-031bea16faf2,c3,None,1132,?,x3,
1769471311.634662,FORWARDED,c5694468-7360-4157-af12-0e51a60bf111,6aba68f0-9a91-4121-9650-031bea16faf2,c3,None,1132,?,x3,
1769471311.7099383,RECEIVED,c7f5d861-0535-48f6-9156-1ea913a265a1,06500730-5080-4bbd-b14e-219219ef1df8,c3,c1,1784,e8,?,
1769471311.7846766,SENT,c088f4b7-6bce-4926-be6c-2e95bb260774,d6ec3367-affd-47f2-9ebb-51f57f646a30,c4,c3,1258,?,x4,
1769471311.7847183,FORWARDED,c088f4b7-6bce-4926-be6c-2e95bb260774,d6ec3367-affd-47f2-9ebb-51f57f646a30,c4,c3,1258,?,x4,
1769471311.8393338,RECEIVED,4851c2e7-d3eb-4a2e-a19c-99f223d7134f,09fd0ae4-c6b9-449d-b50a-7d054bc30717,c4,DROP,1009,e6,?,
1769471312.0043786,SENT,a4c9f8be-a1ef-4caf-966a-1874d8a431d4,9815fd74-265b-44ac-93f8-37a8b882fbb1,c1,None,1124,?,x7,
1769471312.0044215,FORWARDED,a4c9f8be-a1ef-4caf-966a-1874d8a431d4,9815fd74-265b-44ac-93f8-37a8b882fbb1,c1,None,1124,?,x7,
1769471312.200488,RECEIVED,0bb08e0e-1008-40bd-94ce-44439ccc7306,9203ce3b-a352-494e-b7b1-b0b45381e985,c5,DROP,441,x9,?,
1769471312.2018664,RECEIVED,735873ca-210b-4360-a3fb-771ab511fc1f,70b3b790-0d0e-4886-b612-0e9315bc5c08,c2,DROP,1020,e7,?,
1769471312.2088983,RECEIVED,b06ecade-a07b-4199-b72e-e698f798c3ac,69f7e353-7b72-426e-aeba-2e2991250a35,c5,DROP,1013,e3,?,
1769471312.2629478,RECEIVED,f2730067-3546-4e3d-b1c0-5229a148095e,1c5f8ee6-b2f0-4bb8-ba2e-ba9108606506,c5,DROP,1009,e7,?,
1769471312.2732594,SENT,b06ecade-a07b-4199-b72e-e698f798c3ac,69f7e353-7b72-426e-aeba-2e2991250a35,c5,DROP,687,?,x9,
1769471312.2733035,FORWARDED,b06ecade-a07b-4199-b72e-e698f798c3ac,69f7e353-7b72-426e-aeba-2e2991250a35,c5,DROP,687,?,x9,
1769471312.2757761,SENT,4851c2e7-d3eb-4a2e-a19c-99f223d7134f,09fd0ae4-c6b9-449d-b50a-7d054bc30717,c4,DROP,683,?,x11,
1769471312.2758155,FORWARDED,4851c2e7-d3eb-4a2e-a19c-99f223d7134f,09fd0ae4-c6b9-449d-b50a-7d054bc30717,c4,DROP,683,?,x11,
1769471312.3060105,SENT,96a5721b-2699-4f45-bd24-f7bc5b6ac405,34461706-1b58-4f82-9341-5cb558d966c9,c2,DROP,683,?,x12,
1769471312.306062,FORWARDED,96a5721b-2699-4f45-bd24-f7bc5b6ac405,34461706-1b58-4f82-9341-5cb558d966c9,c2,DROP,683,?,x12,
1769471312.4073644,SENT,f2730067-3546-4e3d-b1c0-5229a148095e,1c5f8ee6-b2f0-4bb8-ba2e-ba9108606506,c5,DROP,684,?,x11,
1769471312.4074056,FORWARDED,f2730067-3546-4e3d-b1c0-5229a148095e,1c5f8ee6-b2f0-4bb8-ba2e-ba9108606506,c5,DROP,684,?,x11,
1769471312.5006611,RECEIVED,12089aad-eadb-41a2-9dab-d77b3e2f10a6,ac534b1b-f7f2-48ab-86b2-021466775596,c1,DROP,1016,e12,?,
1769471312.590364,RECEIVED,93e73ab6-5b78-454e-9450-a510307c75f3,63992c6f-026e-4881-bf9a-224bd7dc5035,c4,DROP,1017,e7,?,
1769471312.713727,SENT,93e73ab6-5b78-454e-9450-a510307c75f3,63992c6f-026e-4881-bf9a-224bd7dc5035,c4,DROP,689,?,x10,
1769471312.7137687,FORWARDED,93e73ab6-5b78-454e-9450-a510307c75f3,63992c6f-026e-4881-bf9a-224bd7dc5035,c4,DROP,689,?,x10,
1769471312.807707,RECEIVED,2b397885-cc77-4dcc-9b0c-94917c6ba84b,4cb480d7-ab40-49b2-86d5-61d407aaea70,c4,DROP,1009,e6,?,
1769471312.8206584,SENT,2b397885-cc77-4dcc-9b0c-94917c6ba84b,4cb480d7-ab40-49b2-86d5-61d407aaea70,c4,DROP,684,?,x8,
1769471312.820701,FORWARDED,2b397885-cc77-4dcc-9b0c-94917c6ba84b,4cb480d7-ab40-49b2-86d5-61d407aaea70,c4,DROP,684,?,x8,
1769471312.8302794,SENT,c7f5d861-0535-48f6-9156-1ea913a265a1,06500730-5080-4bbd-b14e-219219ef1df8,c3,c1,1264,?,x12,
1769471312.830329,FORWARDED,c7f5d861-0535-48f6-9156-1ea913a265a1,06500730-5080-4bbd-b14e-219219ef1df8,c3,c1,1264,?,x12,
1769471312.8707092,SENT,735873ca-210b-4360-a3fb-771ab511fc1f,70b3b790-0d0e-4886-b612-0e9315bc5c08,c2,DROP,693,?,x10,
1769471312.8707526,FORWARDED,735873ca-210b-4360-a3fb-771ab511fc1f,70b3b790-0d0e-4886-b612-0e9315bc5c08,c2,DROP,693,?,x10,
1769471312.9687405,RECEIVED,95b707bd-8e71-4dcd-9c4b-49e85ae604af,051c5245-a66f-4b55-834c-aa95c6dee34b,c1,DROP,442,x2,?,
1769471313.0382216,RECEIVED,85e09035-0ad4-4db7-9aed-91e034ad0698,534f2ee2-c3ab-4199-a6aa-72566298f774,c3,DROP,1011,e6,?,
1769471313.0727522,RECEIVED,f24f0c81-28e9-4a95-8e18-530ada81e7ba,3c4d5d0f-88d2-40d2-a71c-4ea1466fc4f0,c2,DROP,1008,e4,?,
1769471313.2738273,SENT,12089aad-eadb-41a2-9dab-d77b3e2f10a6,ac534b1b-f7f2-48ab-86b2-021466775596,c1,DROP,688,?,x10,
1769471313.273868,FORWARDED,12089aad-eadb-41a2-9dab-d77b3e2f10a6,ac534b1b-f7f2-48ab-86b2-021466775596,c1,DROP,688,?,x10,
1769471313.347713,RECEIVED,b8d34285-a5c0-4e50-9b82-b151c36c653a,63979fd7-e3dc-4266-9c3b-1f367a05c8e0,c5,DROP,441,x1,?,
1769471313.4478579,RECEIVED,5f961378-405b-4892-9b07-8b28d8ba81c5,d32990d9-5525-4db2-9898-787e7710900c,c3,None,1608,e6,?,
1769471313.570118,SENT,85e09035-0ad4-4db7-9aed-91e034ad0698,534f2ee2-c3ab-4199-a6aa-72566298f774,c3,DROP,687,?,x7,
1769471313.5701566,FORWARDED,85e09035-0ad4-4db7-9aed-91e034ad0698,534f2ee2-c3ab-4199-a6aa-72566298f774,c3,DROP,687,?,x7,
1769471313.6281414,SENT,5f961378-405b-4892-9b07-8b28d8ba81c5,d32990d9-5525-4db2-9898-787e7710900c,c3,None,1133,?,x5,
1769471313.628185,FORWARDED,5f961378-405b-4892-9b07-8b28d8ba81c5,d32990d9-5525-4db2-9898-787e7710900c,c3,None,1133,?,x5,
1769471314.0344124,RECEIVED,0c4feb47-fc4b-4bb0-b8f9-af8e0909a3a3,c27e35a5-8092-4bf7-afef-becee8394724,c3,None,1595,e11,?,
1769471314.0592015,RECEIVED,d41c7e7e-e920-47b9-b709-04f52dc14e7d,80be357d-3cbf-4428-8faf-27edefae75e2,c1,DROP,441,x2,?,
1769471314.0761602,RECEIVED,34d70a47-781f-436b-ad68-25cb41d10051,f63f6450-6398-4950-8072-7de6f250b39a,c4,DROP,1008,e6,?,
1769471314.081926,RECEIVED,e8be3436-f9d8-49b8-ae06-f1eb69b09834,f1ba7a0f-4271-4ef4-a6ce-701c5e6c5350,c5,DROP,1009,e1,?,
1769471314.1045008,RECEIVED,1999ae86-8cd8-4d5f-8501-b853a74fc1ef,89f7d7d4-c563-4888-915f-a532832192c5,c4,DROP,1011,e1,?,
1769471314.1324337,SENT,34d70a47-781f-436b-ad68-25cb41d10051,f63f6450-6398-4950-8072-7de6f250b39a,c4,DROP,683,?,x5,
1769471314.132478,FORWARDED,34d70a47-781f-436b-ad68-25cb41d10051,f63f6450-6398-4950-8072-7de6f250b39a,c4,DROP,683,?,x5,
1769471314.1455584,SENT,e8be3436-f9d8-49b8-ae06-f1eb69b09834,f1ba7a0f-4271-4ef4-a6ce-701c5e6c5350,c5,DROP,684,?,x10,
1769471314.1455948,FORWARDED,e8be3436-f9d8-49b8-ae06-f1eb69b09834,f1ba7a0f-4271-4ef4-a6ce-701c5e6c5350,c5,DROP,684,?,x10,
1769471314.1668673,SENT,f24f0c81-28e9-4a95-8e18-530ada81e7ba,3c4d5d0f-88d2-40d2-a71c-4ea1466fc4f0,c2,DROP,684,?,x11,
1769471314.1669014,FORWARDED,f24f0c81-28e9-4a95-8e18-530ada81e7ba,3c4d5d0f-88d2-40d2-a71c-4ea1466fc4f0,c2,DROP,684,?,x11,
1769471314.2341826,RECEIVED,7e272e27-c36d-4a75-b310-adc45c4d5110,9ed0f075-0e58-4612-9c0b-3d3b1b8dc78b,c3,DROP,441,x7,?,
1769471314.266968,RECEIVED,bb9fc30d-45b8-4155-8a00-e3b25a6ce0b1,da6ae5db-6d3f-438a-ab2b-77f88465cce3,c2,DROP,1011,e4,?,
1769471314.600784,RECEIVED,9070a171-1500-4b26-ab4b-346b7247aa82,841f920b-7e83-4188-ab7a-11747c6c4537,c2,DROP,1008,e10,?,
1769471314.6875815,RECEIVED,e9aa8eab-f013-43d3-928b-5b8f3cbfebdb,cf961879-d040-49d1-b44f-0a0f3d3d2e19,c2,DROP,1021,e10,?,
1769471314.7072625,RECEIVED,be613169-7c47-41d4-a14e-6f298c092913,4a08ba4f-9938-4683-987f-10647e2cfc0a,c2,DROP,441,x9,?,
1769471314.731224,SENT,9070a171-1500-4b26-ab4b-346b7247aa82,841f920b-7e83-4188-ab7a-11747c6c4537,c2,DROP,684,?,x9,
1769471314.7312694,FORWARDED,9070a171-1500-4b26-ab4b-346b7247aa82,841f920b-7e83-4188-ab7a-11747c6c4537,c2,DROP,684,?,x9,
1769471314.8761616,SENT,e9aa8eab-f013-43d3-928b-5b8f3cbfebdb,cf961879-d040-49d1-b44f-0a0f3d3d2e19,c2,DROP,692,?,x10,
1769471314.8762033,FORWARDED,e9aa8eab-f013-43d3-928b-5b8f3cbfebdb,cf961879-d040-49d1-b44f-0a0f3d3d2e19,c2,DROP,692,?,x10,
1769471314.9949102,RECEIVED,d1d69ad6-0898-4257-ac99-c47a55693906,c1ec4637-a1c7-42f3-a7b5-c9d09140c05f,c1,DROP,1011,e9,?,
1769471315.077417,RECEIVED,cdef0b6a-3e95-4912-ba29-7ae4b86a203d,4d8408f3-d40f-4a73-af5a-74fcf4016677,c3,None,1604,e5,?,
1769471315.1100914,RECEIVED,bac7073a-b995-4f4e-be4b-070423400014,df902b1e-7b7f-4233-8c85-529852ede557,c3,DROP,1007,e3,?,
1769471315.118354,SENT,1999ae86-8cd8-4d5f-8501-b853a74fc1ef,89f7d7d4-c563-4888-915f-a532832192c5,c4,DROP,685,?,x9,
1769471315.1183932,FORWARDED,1999ae86-8cd8-4d5f-8501-b853a74fc1ef,89f7d7d4-c563-4888-915f-a532832192c5,c4,DROP,685,?,x9,
1769471315.1424568,SENT,0c4feb47-fc4b-4bb0-b8f9-af8e0909a3a3,c27e35a5-8092-4bf7-afef-becee8394724,c3,None,1123,?,x9,
1769471315.1424983,FORWARDED,0c4feb47-fc4b-4bb0-b8f9-af8e0909a3a3,c27e35a5-8092-4bf7-afef-becee8394724,c3,None,1123,?,x9,
1769471315.173745,RECEIVED,72e0bc87-68c8-416e-813e-84f437e7c11e,2a6fb0ab-32db-4d25-81b4-87b4de45933e,c1,None,1607,e1,?,
1769471315.2424126,SENT,bb9fc30d-45b8-4155-8a00-e3b25a6ce0b1,da6ae5db-6d3f-438a-ab2b-77f88465cce3,c2,DROP,687,?,x8,
1769471315.2424555,FORWARDED,bb9fc30d-45b8-4155-8a00-e3b25a6ce0b1,da6ae5db-6d3f-438a-ab2b-77f88465cce3,c2,DROP,687,?,x8,
1769471315.3146274,SENT,cdef0b6a-3e95-4912-ba29-7ae4b86a203d,4d8408f3-d40f-4a73-af5a-74fcf4016677,c3,None,1131,?,x4,
1769471315.3146696,FORWARDED,cdef0b6a-3e95-4912-ba29-7ae4b86a203d,4d8408f3-d40f-4a73-af5a-74fcf4016677,c3,None,1131,?,x4,
1769471315.3498282,SENT,bac7073a-b995-4f4e-be4b-070423400014,df902b1e-7b7f-4233-8c85-529852ede557,c3,DROP,683,?,x7,
1769471315.3498693,FORWARDED,bac7073a-b995-4f4e-be4b-070423400014,df902b1e-7b7f-4233-8c85-529852ede557,c3,DROP,683,?,x7,
1769471315.3527117,RECEIVED,cde75227-e380-407e-b3f2-e4c1c3a37b69,ba63fda6-b5f9-47a3-8d87-df76c8ba63c2,c2,DROP,1004,e8,?,
1769471315.3860946,RECEIVED,312b2fdb-4095-4025-bf4f-ecdbd001a353,846e3cd7-92fe-487d-9c77-ae265c4d8920,c3,c1,1783,e5,?,
1769471315.5282972,SENT,d1d69ad6-0898-4257-ac99-c47a55693906,c1ec4637-a1c7-42f3-a7b5-c9d09140c05f,c1,DROP,687,?,x7,
1769471315.5283394,FORWARDED,d1d69ad6-0898-4257-ac99-c47a55693906,c1ec4637-a1c7-42f3-a7b5-c9d09140c05f,c1,DROP,687,?,x7,
1769471315.5753012,RECEIVED,bc5ad4cf-b055-45a1-b7dc-2f9097fd15d7,e38e483f-fee2-4316-a662-a6e0cc394713,c4,DROP,442,x8,?,
1769471315.6817427,SENT,cde75227-e380-407e-b3f2-e4c1c3a37b69,ba63fda6-b5f9-47a3-8d87-df76c8ba63c2,c2,DROP,680,?,x10,
1769471315.6817856,FORWARDED,cde75227-e380-407e-b3f2-e4c1c3a37b69,ba63fda6-b5f9-47a3-8d87-df76c8ba63c2,c2,DROP,680,?,x10,
1769471315.7696366,SENT,72e0bc87-68c8-416e-813e-84f437e7c11e,2a6fb0ab-32db-4d25-81b4-87b4de45933e,c1,None,1132,?,x7,
1769471315.7696743,FORWARDED,72e0bc87-68c8-416e-813e-84f437e7c11e,2a6fb0ab-32db-4d25-81b4-87b4de45933e,c1,None,1132,?,x7,
1769471315.78391,RECEIVED,fb99e803-0092-4c68-977d-8411d69b018a,ea2d5dda-7eff-4bca-bb32-dcfd9fd9d991,c4,DROP,1007,e8,?,
1769471315.9251108,RECEIVED,97dde0ad-24fc-4609-a725-b0189311061c,014399a9-ee1a-4aba-89e4-d5b405076304,c5,DROP,1020,e10,?,
1769471315.9874916,SENT,97dde0ad-24fc-4609-a725-b0189311061c,014399a9-ee1a-4aba-89e4-d5b405076304,c5,DROP,691,?,x11,
1769471315.9875326,FORWARDED,97dde0ad-24fc-4609-a725-b0189311061c,014399a9-ee1a-4aba-89e4-d5b405076304,c5,DROP,691,?,x11,
1769471316.0884695,RECEIVED,f5181a92-61e8-4937-bdfc-a5f6f3c9869d,802abbd1-db54-4b85-8776-cb54eaa5e242,c2,DROP,1008,e4,?,
1769471316.1022859,SENT,fb99e803-0092-4c68-977d-8411d69b018a,ea2d5dda-7eff-4bca-bb32-dcfd9fd9d991,c4,DROP,683,?,x7,
1769471316.1023288,FORWARDED,fb99e803-0092-4c68-977d-8411d69b018a,ea2d5dda-7eff-4bca-bb32-dcfd9fd9d991,c4,DROP,683,?,x7,
1769471316.1468685,SENT,f5181a92-61e8-4937-bdfc-a5f6f3c9869d,802abbd1-db54-4b85-8776-cb54eaa5e242,c2,DROP,683,?,x9,
1769471316.1469495,FORWARDED,f5181a92-61e8-4937-bdfc-a5f6f3c9869d,802abbd1-db54-4b85-8776-cb54eaa5e242,c2,DROP,683,?,x9,
1769471316.1552527,SENT,312b2fdb-4095-4025-bf4f-ecdbd001a353,846e3cd7-92fe-487d-9c77-ae265c4d8920,c3,c1,1264,?,x8,
1769471316.1552958,FORWARDED,312b2fdb-4095-4025-bf4f-ecdbd001a353,846e3cd7-92fe-487d-9c77-ae265c4d8920,c3,c1,1264,?,x8,
1769471316.1908169,RECEIVED,51e53895-2600-46a7-92f1-9f9d7c1768dc,bda46e52-3b5c-4171-97c6-4326f6c50911,c4,DROP,1012,e7,?,
1769471316.2901173,RECEIVED,f71ea802-c25f-4ba1-9780-42450c2b4cc4,57e4d85d-0c10-4c5d-9c41-dac31a9ab699,c3,DROP,1015,e4,?,
1769471316.292393,RECEIVED,c11faed3-20e2-4b5c-ae83-ecb9f3d66f09,08991c7c-22f6-4f00-b25e-ea66215592b0,c4,DROP,1008,e3,?,
1769471316.2944689,RECEIVED,7ff00b8f-3bc2-4ad7-afb2-0dd89bca23f8,9c752e97-0846-4ba4-8cb6-72fcf6269d0d,c3,DROP,1011,e6,?,
1769471316.335121,SENT,51e53895-2600-46a7-92f1-9f9d7c1768dc,bda46e52-3b5c-4171-97c6-4326f6c50911,c4,DROP,687,?,x9,
1769471316.3351624,FORWARDED,51e53895-2600-46a7-92f1-9f9d7c1768dc,bda46e52-3b5c-4171-97c6-4326f6c50911,c4,DROP,687,?,x9,
1769471316.5109487,RECEIVED,f6d69047-bc39-4169-8f3d-2153328bfc92,33d65685-ca53-4eed-87e8-1ce96bcf2586,c2,DROP,1007,e1,?,
1769471316.5706801,SENT,f71ea802-c25f-4ba1-9780-42450c2b4cc4,57e4d85d-0c10-4c5d-9c41-dac31a9ab699,c3,DROP,689,?,x4,
1769471316.5707207,FORWARDED,f71ea802-c25f-4ba1-9780-42450c2b4cc4,57e4d85d-0c10-4c5d-9c41-dac31a9ab699,c3,DROP,689,?,x4,
1769471316.67596,SENT,f6d69047-bc39-4169-8f3d-2153328bfc92,33d65685-ca53-4eed-87e8-1ce96bcf2586,c2,DROP,684,?,x6,
1769471316.6759977,FORWARDED,f6d69047-bc39-4169-8f3d-2153328bfc92,33d65685-ca53-4eed-87e8-1ce96bcf2586,c2,DROP,684,?,x6,
1769471316.8286679,SENT,c11faed3-20e2-4b5c-ae83-ecb9f3d66f09,08991c7c-22f6-4f00-b25e-ea66215592b0,c4,DROP,684,?,x11,
1769471316.8287108,FORWARDED,c11faed3-20e2-4b5c-ae83-ecb9f3d66f09,08991c7c-22f6-4f00-b25e-ea66215592b0,c4,DROP,684,?,x11,
1769471316.8489788,SENT,7ff00b8f-3bc2-4ad7-afb2-0dd89bca23f8,9c752e97-0846-4ba4-8cb6-72fcf6269d0d,c3,DROP,687,?,x5,
1769471316.8490176,FORWARDED,7ff00b8f-3bc2-4ad7-afb2-0dd89bca23f8,9c752e97-0846-4ba4-8cb6-72fcf6269d0d,c3,DROP,687,?,x5,
1769471316.9482079,RECEIVED,26a8ba3e-d938-47cf-8018-a52e1195b6e6,b5c96c5d-882c-453a-9a03-7b46b890fca5,c3,DROP,1004,e12,?,
1769471316.9842427,RECEIVED,ddf16041-9a4e-4b1e-91d9-aef5f3ac06b3,c6c2776c-e84d-4391-b89f-2f4255cc5722,c1,DROP,1014,e5,?,
1769471317.0032775,SENT,26a8ba3e-d938-47cf-8018-a52e1195b6e6,b5c96c5d-882c-453a-9a03-7b46b890fca5,c3,DROP,680,?,x6,
1769471317.003321,FORWARDED,26a8ba3e-d938-47cf-8018-a52e1195b6e6,b5c96c5d-882c-453a-9a03-7b46b890fca5,c3,DROP,680,?,x6,
1769471317.0337758,RECEIVED,5457e8cc-c0e0-4cc4-ab54-f7a1ba686445,ac1637da-6e06-4a13-b4c1-e7e553abf810,c2,DROP,1007,e6,?,
1769471317.1268203,RECEIVED,d5f2ce52-bb77-4215-87b6-50c9a7591730,94f9ceb6-0615-4123-b438-066c49af2ccc,c1,DROP,1007,e5,?,
1769471317.1875174,RECEIVED,e1a9dded-792c-484e-a0f9-c430237e4696,d4b4c0c5-7b29-4c80-a9fe-12b63e321a02,c5,c1,1775,e10,?,
1769471317.304453,SENT,5457e8cc-c0e0-4cc4-ab54-f7a1ba686445,ac1637da-6e06-4a13-b4c1-e7e553abf810,c2,DROP,684,?,x2,
1769471317.304494,FORWARDED,5457e8cc-c0e0-4cc4-ab54-f7a1ba686445,ac1637da-6e06-4a13-b4c1-e7e553abf810,c2,DROP,684,?,x2,
1769471317.354235,RECEIVED,41807af2-cb11-49b7-b7a9-12f95ce2f93e,751dae78-e805-444e-966b-75ad5bf203b2,c5,c1,1776,e7,?,
1769471317.5926898,SENT,ddf16041-9a4e-4b1e-91d9-aef5f3ac06b3,c6c2776c-e84d-4391-b89f-2f4255cc5722,c1,DROP,689,?,x8,
1769471317.5927315,FORWARDED,ddf16041-9a4e-4b1e-91d9-aef5f3ac06b3,c6c2776c-e84d-4391-b89f-2f4255cc5722,c1,DROP,689,?,x8,
1769471317.6209793,RECEIVED,36a9c0e8-71e2-49ec-b597-2d5b25adc7c7,7685108a-ae6b-4398-883c-10e69769a77e,c2,DROP,441,x2,?,
1769471317.6303046,SENT,e1a9dded-792c-484e-a0f9-c430237e4696,d4b4c0c5-7b29-4c80-a9fe-12b63e321a02,c5,c1,1260,?,x2,
1769471317.6306765,FORWARDED,e1a9dded-792c-484e-a0f9-c430237e4696,d4b4c0c5-7b29-4c80-a9fe-12b63e321a02,c5,c1,1260,?,x2,
1769471317.643205,RECEIVED,72f35461-d7db-43ef-b269-0b41494c06b7,c9ae1b40-8600-4a2e-832a-bc7570270ac1,c4,DROP,440,x12,?,
1769471317.739223,SENT,41807af2-cb11-49b7-b7a9-12f95ce2f93e,751dae78-e805-444e-966b-75ad5bf203b2,c5,c1,1260,?,x10,
1769471317.7392666,FORWARDED,41807af2-cb11-49b7-b7a9-12f95ce2f93e,751dae78-e805-444e-966b-75ad5bf203b2,c5,c1,1260,?,x10,
1769471317.8181877,RECEIVED,6a2aba38-23d5-4983-ac4b-425ff22905b4,afe253f9-744c-4aad-a974-e6901b40753c,c3,DROP,1015,e11,?,
1769471317.8800108,RECEIVED,d1dc16e8-39de-41b1-a71d-d8036704a164,ba73de45-ebba-47a0-b5a0-8b0d62c19318,c5,DROP,1011,e8,?,
1769471317.9254146,RECEIVED,1f3fdf6c-32ef-4af3-8b23-825e4f0261ae,7ff8b418-e4c5-4ede-ac40-73925075ff4b,c1,None,1599,e2,?,
1769471318.0720165,SENT,d5f2ce52-bb77-4215-87b6-50c9a7591730,94f9ceb6-0615-4123-b438-066c49af2ccc,c1,DROP,684,?,x9,
1769471318.0720713,FORWARDED,d5f2ce52-bb77-4215-87b6-50c9a7591730,94f9ceb6-0615-4123-b438-066c49af2ccc,c1,DROP,684,?,x9,
1769471318.0909517,SENT,1f3fdf6c-32ef-4af3-8b23-825e4f0261ae,7ff8b418-e4c5-4ede-ac40-73925075ff4b,c1,None,1126,?,x7,
1769471318.0909958,FORWARDED,1f3fdf6c-32ef-4af3-8b23-825e4f0261ae,7ff8b418-e4c5-4ede-ac40-73925075ff4b,c1,None,1126,?,x7,
1769471318.1539514,RECEIVED,9562d749-495e-449e-8513-3208f7517281,a150c243-a0d0-42ae-b555-0909117e0bd6,c2,c4,1771,e2,?,
1769471318.1881433,RECEIVED,722cf016-c64f-4434-8d62-a395cd7ce412,f6c4b461-0349-4e68-a8d5-7d202664a2d2,c3,DROP,1017,e1,?,
1769471318.3314567,SENT,722cf016-c64f-4434-8d62-a395cd7ce412,f6c4b461-0349-4e68-a8d5-7d202664a2d2,c3,DROP,688,?,x11,
1769471318.3314989,FORWARDED,722cf016-c64f-4434-8d62-a395cd7ce412,f6c4b461-0349-4e68-a8d5-7d202664a2d2,c3,DROP,688,?,x11,
1769471318.4784455,SENT,6a2aba38-23d5-4983-ac4b-425ff22905b4,afe253f9-744c-4aad-a974-e6901b40753c,c3,DROP,688,?,x9,
1769471318.478488,FORWARDED,6a2aba38-23d5-4983-ac4b-425ff22905b4,afe253f9-744c-4aad-a974-e6901b40753c,c3,DROP,688,?,x9,
1769471318.7567115,RECEIVED,1e8aa7c4-3006-4495-867d-ab8b768ebfb9,54153f6b-6e86-44b6-ac8b-09bc25daadf1,c3,DROP,1011,e4,?,
1769471318.9212124,SENT,9562d749-495e-449e-8513-3208f7517281,a150c243-a0d0-42ae-b555-0909117e0bd6,c2,c4,1256,?,x2,
1769471318.9212635,FORWARDED,9562d749-495e-449e-8513-3208f7517281,a150c243-a0d0-42ae-b555-0909117e0bd6,c2,c4,1256,?,x2,
1769471318.9725595,RECEIVED,a86ae944-6ca4-4e14-83c4-4f3663d20cec,eec0b43e-bf1c-402c-a314-b5ed2c2451c7,c4,DROP,1016,e1,?,
1769471318.9872408,RECEIVED,de091b1e-5342-46d3-bc67-906de71e9840,7f4b00f3-bb69-4fd6-a2ac-ac56ff2a425d,c3,c1,1785,e11,?,
1769471319.0453079,RECEIVED,8f67b23f-b816-40b9-99d0-996d0049f81c,36e16c9c-8e47-4e3d-af2b-00834cb7eda5,c3,DROP,441,x4,?,
1769471319.2429798,SENT,de091b1e-5342-46d3-bc67-906de71e9840,7f4b00f3-bb69-4fd6-a2ac-ac56ff2a425d,c3,c1,1264,?,x10,
1769471319.2430205,FORWARDED,de091b1e-5342-46d3-bc67-906de71e9840,7f4b00f3-bb69-4fd6-a2ac-ac56ff2a425d,c3,c1,1264,?,x10,
1769471319.264949,RECEIVED,ec90ec6e-4a61-428c-be30-41d72b907282,0a9be94c-4600-43aa-8d1c-a2d2767b007f,c2,DROP,1008,e7,?,
1769471319.3467996,SENT,ec90ec6e-4a61-428c-be30-41d72b907282,0a9be94c-4600-43aa-8d1c-a2d2767b007f,c2,DROP,684,?,x4,
1769471319.346842,FORWARDED,ec90ec6e-4a61-428c-be30-41d72b907282,0a9be94c-4600-43aa-8d1c-a2d2767b007f,c2,DROP,684,?,x4,
1769471319.4275117,SENT,a86ae944-6ca4-4e14-83c4-4f3663d20cec,eec0b43e-bf1c-402c-a314-b5ed2c2451c7,c4,DROP,688,?,x9,
1769471319.4275558,FORWARDED,a86ae944-6ca4-4e14-83c4-4f3663d20cec,eec0b43e-bf1c-402c-a314-b5ed2c2451c7,c4,DROP,688,?,x9,
1769471319.5270271,SENT,d1dc16e8-39de-41b1-a71d-d8036704a164,ba73de45-ebba-47a0-b5a0-8b0d62c19318,c5,DROP,686,?,x5,
1769471319.527083,FORWARDED,d1dc16e8-39de-41b1-a71d-d8036704a164,ba73de45-ebba-47a0-b5a0-8b0d62c19318,c5,DROP,686,?,x5,
1769471319.7307732,SENT,1e8aa7c4-3006-4495-867d-ab8b768ebfb9,54153f6b-6e86-44b6-ac8b-09bc25daadf1,c3,DROP,685,?,x8,
1769471319.7308145,FORWARDED,1e8aa7c4-3006-4495-867d-ab8b768ebfb9,54153f6b-6e86-44b6-ac8b-09bc25daadf1,c3,DROP,685,?,x8,
1769471320.015672,RECEIVED,95091c67-3704-4d8f-aed0-a437d9e9f599,a15441c1-3ea5-4abf-9c52-6449551dfc11,c4,DROP,1008,e2,?,
1769471320.0192275,RECEIVED,ba23d6b8-13d6-4512-ab76-037e1d52eff4,39c999cc-6b0e-459c-b23e-d4bcadd09f40,c1,None,1605,e7,?,
1769471320.026878,RECEIVED,3ba43983-a929-45dd-a34a-838791634680,b7f97d4a-6786-4821-b57b-a29eed9f8843,c1,DROP,1015,e8,?,
1769471320.0520744,RECEIVED,f6f2b42d-9a94-4be4-9e0a-b16bebae60e5,955e7243-5ac4-4f48-bf7c-81dcc708aa46,c3,DROP,1020,e12,?,
1769471320.0962746,RECEIVED,a2a6f5a9-7be8-493e-9aa2-9fff54196468,7bfae2eb-8f79-4628-9a70-370d60282a10,c3,c1,1771,e10,?,
1769471320.3124888,SENT,f6f2b42d-9a94-4be4-9e0a-b16bebae60e5,955e7243-5ac4-4f48-bf7c-81dcc708aa46,c3,DROP,691,?,x10,
1769471320.3125389,FORWARDED,f6f2b42d-9a94-4be4-9e0a-b16bebae60e5,955e7243-5ac4-4f48-bf7c-81dcc708aa46,c3,DROP,691,?,x10,
1769471320.4165685,SENT,ba23d6b8-13d6-4512-ab76-037e1d52eff4,39c999cc-6b0e-459c-b23e-d4bcadd09f40,c1,None,1131,?,x10,
1769471320.4166107,FORWARDED,ba23d6b8-13d6-4512-ab76-037e1d52eff4,39c999cc-6b0e-459c-b23e-d4bcadd09f40,c1,None,1131,?,x10,
1769471320.6281323,RECEIVED,23f1dceb-96f4-4533-8a2f-1a913842ab74,5a73eecf-bbd0-4838-b842-65ddfd35df1c,c3,DROP,1011,e5,?,
1769471320.7231965,SENT,95091c67-3704-4d8f-aed0-a437d9e9f599,a15441c1-3ea5-4abf-9c52-6449551dfc11,c4,DROP,682,?,x10,
1769471320.7232382,FORWARDED,95091c67-3704-4d8f-aed0-a437d9e9f599,a15441c1-3ea5-4abf-9c52-6449551dfc11,c4,DROP,682,?,x10,
1769471320.7498293,RECEIVED,870c83e3-a983-46fb-bc04-f16de4c2c813,c8782a41-1c82-4531-b298-1e4c64818acf,c1,DROP,1016,e11,?,
1769471321.0306718,SENT,a2a6f5a9-7be8-493e-9aa2-9fff54196468,7bfae2eb-8f79-4628-9a70-370d60282a10,c3,c1,1255,?,x4,
1769471321.0307145,FORWARDED,a2a6f5a9-7be8-493e-9aa2-9fff54196468,7bfae2eb-8f79-4628-9a70-370d60282a10,c3,c1,1255,?,x4,
1769471321.0681055,SENT,870c83e3-a983-46fb-bc04-f16de4c2c813,c8782a41-1c82-4531-b298-1e4c64818acf,c1,DROP,688,?,x2,
1769471321.0681467,FORWARDED,870c83e3-a983-46fb-bc04-f16de4c2c813,c8782a41-1c82-4531-b298-1e4c64818acf,c1,DROP,688,?,x2,
1769471321.2764077,RECEIVED,70dc662f-aac0-4580-832f-fcb7c33669d1,f675e99b-01a9-4a98-a923-eb5e17e0a5d1,c3,DROP,1007,e4,?,
1769471321.3691156,SENT,23f1dceb-96f4-4533-8a2f-1a913842ab74,5a73eecf-bbd0-4838-b842-65ddfd35df1c,c3,DROP,686,?,x8,
1769471321.369162,FORWARDED,23f1dceb-96f4-4533-8a2f-1a913842ab74,5a73eecf-bbd0-4838-b842-65ddfd35df1c,c3,DROP,686,?,x8,
1769471321.5314255,SENT,3ba43983-a929-45dd-a34a-838791634680,b7f97d4a-6786-4821-b57b-a29eed9f8843,c1,DROP,689,?,x7,
1769471321.5314653,FORWARDED,3ba43983-a929-45dd-a34a-838791634680,b7f97d4a-6786-4821-b57b-a29eed9f8843,c1,DROP,689,?,x7,
1769471321.5644233,RECEIVED,31963a8f-f116-49bb-84d8-6e2468e6f3f6,232f8765-4aba-4782-980f-e079b466235c,c3,DROP,441,x2,?,
1769471321.9393837,RECEIVED,7b1273aa-02cc-4786-947d-1d20cd60248c,043beab7-6def-4614-836d-c11a696a6e95,c5,DROP,1004,e3,?,
1769471321.9550133,RECEIVED,bf40f4ee-e071-45be-86b0-c4cd9042c660,2f5ca3a3-c73a-491b-ae87-e1950128199d,c4,c3,1767,e6,?,
1769471321.9617803,RECEIVED,20bba2e2-e7d5-4681-a0b4-b2559c08d7d5,cec14772-ea7b-4aa5-9782-5d6cfb096a74,c4,DROP,441,x9,?,
1769471321.9961243,RECEIVED,c20e156b-285e-4dda-bae3-195885502179,14b449e8-b17c-462b-9a05-d8e7184ffffd,c5,c1,1771,e7,?,
1769471322.042326,RECEIVED,4433a986-a7ca-4571-a560-b5fc50811e66,1f85a77c-65ac-4dc1-9b3d-947405ca5a14,c5,c1,1789,e10,?,
1769471322.1225252,SENT,4433a986-a7ca-4571-a560-b5fc50811e66,1f85a77c-65ac-4dc1-9b3d-947405ca5a14,c5,c1,1268,?,x2,
1769471322.1225684,FORWARDED,4433a986-a7ca-4571-a560-b5fc50811e66,1f85a77c-65ac-4dc1-9b3d-947405ca5a14,c5,c1,1268,?,x2,
1769471322.151529,SENT,70dc662f-aac0-4580-832f-fcb7c33669d1,f675e99b-01a9-4a98-a923-eb5e17e0a5d1,c3,DROP,682,?,x4,
1769471322.1515672,FORWARDED,70dc662f-aac0-4580-832f-fcb7c33669d1,f675e99b-01a9-4a98-a923-eb5e17e0a5d1,c3,DROP,682,?,x4,
1769471322.1991398,RECEIVED,25297940-ce08-4f0d-99e6-c213b32c7ecf,4dde792d-058a-4f16-8c27-9e571df2a151,c3,None,1609,e10,?,
1769471322.2277942,SENT,7b1273aa-02cc-4786-947d-1d20cd60248c,043beab7-6def-4614-836d-c11a696a6e95,c5,DROP,679,?,x9,
1769471322.2278368,FORWARDED,7b1273aa-02cc-4786-947d-1d20cd60248c,043beab7-6def-4614-836d-c11a696a6e95,c5,DROP,679,?,x9,
1769471322.3463993,SENT,bf40f4ee-e071-45be-86b0-c4cd9042c660,2f5ca3a3-c73a-491b-ae87-e1950128199d,c4,c3,1252,?,x4,
1769471322.346439,FORWARDED,bf40f4ee-e071-45be-86b0-c4cd9042c660,2f5ca3a3-c73a-491b-ae87-e1950128199d,c4,c3,1252,?,x4,
1769471322.365243,SENT,25297940-ce08-4f0d-99e6-c213b32c7ecf,4dde792d-058a-4f16-8c27-9e571df2a151,c3,None,1132,?,x12,
1769471322.3652864,FORWARDED,25297940-ce08-4f0d-99e6-c213b32c7ecf,4dde792d-058a-4f16-8c27-9e571df2a151,c3,None,1132,?,x12,
1769471322.37192,RECEIVED,f771fce7-9a85-4cd2-ab59-dc1c27c1e95d,4a5e1a10-adb8-4ff1-ac7a-0b6f5607e4de,c5,DROP,1007,e10,?,
1769471322.4388237,RECEIVED,a9e48cdd-2e75-467d-b54a-5b0776220808,11ecdd24-4a13-4755-b9f9-85d7fb961dc8,c4,DROP,442,x9,?,
1769471322.4988296,RECEIVED,34915e67-6895-4911-b0ca-43215aba1c32,699ebc3c-1cfd-4635-91ab-8711d3ff5477,c1,DROP,441,x1,?,
1769471322.6896627,RECEIVED,7518076b-3f14-4abe-9fb1-1b18c5e5a073,6492581c-0c48-4555-8cc4-75995b4c8841,c3,DROP,1017,e1,?,
1769471322.7422159,SENT,c20e156b-285e-4dda-bae3-195885502179,14b449e8-b17c-462b-9a05-d8e7184ffffd,c5,c1,1255,?,x2,
1769471322.742253,FORWARDED,c20e156b-285e-4dda-bae3-195885502179,14b449e8-b17c-462b-9a05-d8e7184ffffd,c5,c1,1255,?,x2,
1769471322.7480774,RECEIVED,14e2ec2f-d4f1-4197-9b15-af2ac5f324b4,c0d03391-6335-4a70-b38c-af7c95570091,c3,None,1606,e4,?,
1769471322.829903,SENT,14e2ec2f-d4f1-4197-9b15-af2ac5f324b4,c0d03391-6335-4a70-b38c-af7c95570091,c3,None,1131,?,x12,
1769471322.8299441,FORWARDED,14e2ec2f-d4f1-4197-9b15-af2ac5f324b4,c0d03391-6335-4a70-b38c-af7c95570091,c3,None,1131,?,x12,
1769471322.8983781,SENT,7518076b-3f14-4abe-9fb1-1b18c5e5a073,6492581c-0c48-4555-8cc4-75995b4c8841,c3,DROP,688,?,x11,
1769471322.8984218,FORWARDED,7518076b-3f14-4abe-9fb1-1b18c5e5a073,6492581c-0c48-4555-8cc4-75995b4c8841,c3,DROP,688,?,x11,
1769471322.9116056,SENT,f771fce7-9a85-4cd2-ab59-dc1c27c1e95d,4a5e1a10-adb8-4ff1-ac7a-0b6f5607e4de,c5,DROP,682,?,x8,
1769471322.9116454,FORWARDED,f771fce7-9a85-4cd2-ab59-dc1c27c1e95d,4a5e1a10-adb8-4ff1-ac7a-0b6f5607e4de,c5,DROP,682,?,x8,
1769471323.0778213,RECEIVED,c1bc8bb4-d116-4bc6-be9d-4cbfda45aed3,86b502b4-6dc6-483f-9e5f-ad7132bcf063,c4,DROP,1015,e2,?,
1769471323.364911,RECEIVED,47f4fb24-f248-49bf-8da0-671f94a4ed8c,02a92b70-30ac-4baa-a0b6-7e7f566c440c,c3,DROP,1008,e1,?,
1769471323.4569895,SENT,47f4fb24-f248-49bf-8da0-671f94a4ed8c,02a92b70-30ac-4baa-a0b6-7e7f566c440c,c3,DROP,684,?,x5,
1769471323.4570322,FORWARDED,47f4fb24-f248-49bf-8da0-671f94a4ed8c,02a92b70-30ac-4baa-a0b6-7e7f566c440c,c3,DROP,684,?,x5,
1769471323.4927683,RECEIVED,ed6d811c-185d-40e6-913d-cabc49818864,834903c7-35c2-408a-91d1-fea6c4a94dc2,c2,c4,1759,e8,?,
1769471323.493418,RECEIVED,addc0bc2-734c-4c85-9b9d-f49ad5586cab,963efd6e-825d-4fba-9ee8-84e030a5dfd1,c1,DROP,1016,e10,?,
1769471323.618558,RECEIVED,6aa0144d-021b-4111-832a-bb1c901ab69a,e48028c6-c498-4b2b-9b9e-14659ae15814,c1,DROP,441,x7,?,
1769471323.764448,RECEIVED,94725170-9b58-4b2b-ab96-9aad8956e9e9,a3438973-da58-46d3-8ed2-f04b46e32a4d,c2,DROP,1017,e2,?,
1769471323.9041774,SENT,94725170-9b58-4b2b-ab96-9aad8956e9e9,a3438973-da58-46d3-8ed2-f04b46e32a4d,c2,DROP,688,?,x11,
1769471323.9042175,FORWARDED,94725170-9b58-4b2b-ab96-9aad8956e9e9,a3438973-da58-46d3-8ed2-f04b46e32a4d,c2,DROP,688,?,x11,
1769471323.978178,SENT,addc0bc2-734c-4c85-9b9d-f49ad5586cab,963efd6e-825d-4fba-9ee8-84e030a5dfd1,c1,DROP,688,?,x3,
1769471323.9782238,FORWARDED,addc0bc2-734c-4c85-9b9d-f49ad5586cab,963efd6e-825d-4fba-9ee8-84e030a5dfd1,c1,DROP,688,?,x3,
1769471324.0521042,SENT,ed6d811c-185d-40e6-913d-cabc49818864,834903c7-35c2-408a-91d1-fea6c4a94dc2,c2,c4,1247,?,x7,
1769471324.0521398,FORWARDED,ed6d811c-185d-40e6-913d-cabc49818864,834903c7-35c2-408a-91d1-fea6c4a94dc2,c2,c4,1247,?,x7,
1769471324.1115727,RECEIVED,1c63d0ba-9578-4aee-b7a7-c227d9c8597a,05ba4f93-b602-4e4c-ae17-9a0cebb8d629,c2,DROP,441,x5,?,
1769471324.144928,SENT,c1bc8bb4-d116-4bc6-be9d-4cbfda45aed3,86b502b4-6dc6-483f-9e5f-ad7132bcf063,c4,DROP,688,?,x1,
1769471324.1449687,FORWARDED,c1bc8bb4-d116-4bc6-be9d-4cbfda45aed3,86b502b4-6dc6-483f-9e5f-ad7132bcf063,c4,DROP,688,?,x1,
1769471324.1601,RECEIVED,37152653-b3e2-42f3-8a15-5ddb0cf44021,2c8aef0f-060f-4d74-9f32-7ee15877c153,c4,DROP,1009,e5,?,
1769471324.171189,RECEIVED,b43c49fc-f6b6-4c42-b0b0-27c811f644a8,6a1c1022-f188-4c79-8886-cce7908bc925,c1,DROP,1007,e12,?,
1769471324.524476,RECEIVED,319b1f32-9e79-4e0f-a748-a9f0b0cac2ab,7e2c8310-c16c-4a44-8a4f-22812bfea7cc,c1,c3,1777,e1,?,
1769471324.6328015,SENT,37152653-b3e2-42f3-8a15-5ddb0cf44021,2c8aef0f-060f-4d74-9f32-7ee15877c153,c4,DROP,684,?,x10,
1769471324.63284,FORWARDED,37152653-b3e2-42f3-8a15-5ddb0cf44021,2c8aef0f-060f-4d74-9f32-7ee15877c153,c4,DROP,684,?,x10,
1769471324.6402624,SENT,b43c49fc-f6b6-4c42-b0b0-27c811f644a8,6a1c1022-f188-4c79-8886-cce7908bc925,c1,DROP,684,?,x1,
1769471324.6403153,FORWARDED,b43c49fc-f6b6-4c42-b0b0-27c811f644a8,6a1c1022-f188-4c79-8886-cce7908bc925,c1,DROP,684,?,x1,
1769471324.751291,RECEIVED,48d89ca5-e698-4b76-80c2-63a8c8b124e2,352eb18e-e400-47bd-a8c3-ff73c2e02290,c1,c3,1775,e1,?,
1769471324.7833123,SENT,319b1f32-9e79-4e0f-a748-a9f0b0cac2ab,7e2c8310-c16c-4a44-8a4f-22812bfea7cc,c1,c3,1259,?,x12,
1769471324.7833545,FORWARDED,319b1f32-9e79-4e0f-a748-a9f0b0cac2ab,7e2c8310-c16c-4a44-8a4f-22812bfea7cc,c1,c3,1259,?,x12,
1769471324.8681734,RECEIVED,23a1992e-8ce5-42f3-945f-f56d34a602ae,70f62066-3663-400a-9dfb-2a523134bf3b,c2,DROP,1010,e4,?,
1769471324.9737535,RECEIVED,79216b8b-d648-4eca-9ed4-d9392461f77d,c6b2876a-cf72-47d5-8b65-41a7072c7c9a,c5,DROP,443,x3,?,
1769471324.9765449,RECEIVED,b14bd39b-8dde-4124-93fd-c68128949c26,9274aab9-b625-4918-bc2d-a956428df4e2,c3,DROP,1008,e8,?,
1769471325.012252,RECEIVED,cdcc59f7-f750-4fcb-9cc2-327d4b252c4e,867cca0d-bedd-479d-a44e-86fd42850ef2,c1,c3,1775,e2,?,
1769471325.1415348,RECEIVED,41598d6f-6433-41a6-955c-da203263c573,2f87ca1f-1e58-47f0-8aba-09925abbd900,c1,DROP,1011,e1,?,
1769471325.2105784,SENT,b14bd39b-8dde-4124-93fd-c68128949c26,9274aab9-b625-4918-bc2d-a956428df4e2,c3,DROP,684,?,x4,
1769471325.2106194,FORWARDED,b14bd39b-8dde-4124-93fd-c68128949c26,9274aab9-b625-4918-bc2d-a956428df4e2,c3,DROP,684,?,x4,
1769471325.2355647,RECEIVED,0dfe84be-e8e1-4390-9c14-d8e9cae983dc,c6664329-03e9-4e04-ab13-7cc6b4fa25bd,c1,DROP,1007,e12,?,
1769471325.271014,RECEIVED,513807e8-747f-4c3f-b071-682c93fcaf8a,142b6cfd-8554-4e88-ad66-9af67ae68c86,c3,DROP,1010,e11,?,
1769471325.4328501,SENT,513807e8-747f-4c3f-b071-682c93fcaf8a,142b6cfd-8554-4e88-ad66-9af67ae68c86,c3,DROP,686,?,x1,
1769471325.4328938,FORWARDED,513807e8-747f-4c3f-b071-682c93fcaf8a,142b6cfd-8554-4e88-ad66-9af67ae68c86,c3,DROP,686,?,x1,
1769471325.4997444,RECEIVED,c00994a8-bc8b-498c-b8cb-2e6b68fdc7c4,47c2275f-19a1-417d-84d2-1ff570857863,c4,DROP,1008,e5,?,
1769471325.5597744,SENT,cdcc59f7-f750-4fcb-9cc2-327d4b252c4e,867cca0d-bedd-479d-a44e-86fd42850ef2,c1,c3,1258,?,x8,
1769471325.5600245,FORWARDED,cdcc59f7-f750-4fcb-9cc2-327d4b252c4e,867cca0d-bedd-479d-a44e-86fd42850ef2,c1,c3,1258,?,x8,
1769471325.5962925,RECEIVED,0383f749-7087-4b8f-9ea3-dd789e6b3b4e,90b4aadd-e3d0-4797-acd6-db6ae1000b13,c1,DROP,1019,e10,?,
1769471325.6289887,SENT,48d89ca5-e698-4b76-80c2-63a8c8b124e2,352eb18e-e400-47bd-a8c3-ff73c2e02290,c1,c3,1259,?,x5,
1769471325.6290293,FORWARDED,48d89ca5-e698-4b76-80c2-63a8c8b124e2,352eb18e-e400-47bd-a8c3-ff73c2e02290,c1,c3,1259,?,x5,
1769471325.6546967,RECEIVED,6c8ca06b-0b5f-4bf3-8f8e-4fc653a2aee7,343d7db6-9568-4c4c-950f-d9e96bb82204,c2,DROP,1018,e8,?,
1769471325.702888,SENT,6c8ca06b-0b5f-4bf3-8f8e-4fc653a2aee7,343d7db6-9568-4c4c-950f-d9e96bb82204,c2,DROP,689,?,x8,
1769471325.7029278,FORWARDED,6c8ca06b-0b5f-4bf3-8f8e-4fc653a2aee7,343d7db6-9568-4c4c-950f-d9e96bb82204,c2,DROP,689,?,x8,
1769471325.7055259,SENT,0dfe84be-e8e1-4390-9c14-d8e9cae983dc,c6664329-03e9-4e04-ab13-7cc6b4fa25bd,c1,DROP,683,?,x3,
1769471325.7055652,FORWARDED,0dfe84be-e8e1-4390-9c14-d8e9cae983dc,c6664329-03e9-4e04-ab13-7cc6b4fa25bd,c1,DROP,683,?,x3,
1769471325.7178216,SENT,41598d6f-6433-41a6-955c-da203263c573,2f87ca1f-1e58-47f0-8aba-09925abbd900,c1,DROP,685,?,x7,
1769471325.717863,FORWARDED,41598d6f-6433-41a6-955c-da203263c573,2f87ca1f-1e58-47f0-8aba-09925abbd900,c1,DROP,685,?,x7,
1769471325.7687514,RECEIVED,0ae99a20-2471-4e38-801b-a37911d05b49,2a9bee39-125d-45af-ad9d-587890f81eef,c4,None,1598,e8,?,
1769471325.9163475,RECEIVED,a4dc5b09-54d4-4497-ab3a-77f15b28373a,e6b2da0e-bcc5-4e7d-9952-1044177d8f09,c1,DROP,441,x10,?,
1769471326.002254,RECEIVED,eea96f4f-7e92-404a-942b-4c3f189de489,9c15a740-8fec-4c19-95eb-2a4e6533dce5,c2,DROP,1011,e10,?,
1769471326.2737486,RECEIVED,202f315f-93bf-499e-8ddd-33b25d7977b0,6419f5ec-444c-49d7-8d7d-c3e778c367a7,c3,DROP,1008,e4,?,
1769471326.2926474,RECEIVED,b22d8f39-3293-4a61-bb18-adaadfbffb27,4303cedc-e183-455a-8f97-3ebc4b00327c,c1,None,1595,e7,?,
1769471326.3093581,SENT,0383f749-7087-4b8f-9ea3-dd789e6b3b4e,90b4aadd-e3d0-4797-acd6-db6ae1000b13,c1,DROP,692,?,x9,
1769471326.3094113,FORWARDED,0383f749-7087-4b8f-9ea3-dd789e6b3b4e,90b4aadd-e3d0-4797-acd6-db6ae1000b13,c1,DROP,692,?,x9,
1769471326.3623486,SENT,eea96f4f-7e92-404a-942b-4c3f189de489,9c15a740-8fec-4c19-95eb-2a4e6533dce5,c2,DROP,687,?,x7,
1769471326.3623917,FORWARDED,eea96f4f-7e92-404a-942b-4c3f189de489,9c15a740-8fec-4c19-95eb-2a4e6533dce5,c2,DROP,687,?,x7,
1769471326.3660154,SENT,b22d8f39-3293-4a61-bb18-adaadfbffb27,4303cedc-e183-455a-8f97-3ebc4b00327c,c1,None,1123,?,x1,
1769471326.3660793,FORWARDED,b22d8f39-3293-4a61-bb18-adaadfbffb27,4303cedc-e183-455a-8f97-3ebc4b00327c,c1,None,1123,?,x1,
1769471326.4179046,SENT,c00994a8-bc8b-498c-b8cb-2e6b68fdc7c4,47c2275f-19a1-417d-84d2-1ff570857863,c4,DROP,684,?,x11,
1769471326.417947,FORWARDED,c00994a8-bc8b-498c-b8cb-2e6b68fdc7c4,47c2275f-19a1-417d-84d2-1ff570857863,c4,DROP,684,?,x11,
1769471326.5180347,RECEIVED,bcab7a33-a6eb-4164-bb0f-2c97693ef5e5,d587bb80-248a-4f40-89b4-afea63ec8f85,c2,c4,1767,e7,?,
1769471326.574107,RECEIVED,a3efb114-0d11-4f05-a22d-435377582405,6c1b008f-982a-4351-846f-94c9fc1166ff,c5,DROP,1015,e7,?,
1769471326.6119626,SENT,a3efb114-0d11-4f05-a22d-435377582405,6c1b008f-982a-4351-846f-94c9fc1166ff,c5,DROP,689,?,x1,
1769471326.6120026,FORWARDED,a3efb114-0d11-4f05-a22d-435377582405,6c1b008f-982a-4351-846f-94c9fc1166ff,c5,DROP,689,?,x1,
1769471326.6553383,RECEIVED,4361d364-0a0a-4cfd-971b-f664dff426e0,4801ee47-cb85-496e-be5a-eb19a5737e42,c3,None,1595,e6,?,
1769471326.7440972,RECEIVED,dc144be9-891a-4a54-8560-2eae835976e8,98f09141-9ee6-428c-a600-81efafef203c,c1,DROP,1011,e3,?,
1769471326.8136134,SENT,dc144be9-891a-4a54-8560-2eae835976e8,98f09141-9ee6-428c-a600-81efafef203c,c1,DROP,684,?,x10,
1769471326.813654,FORWARDED,dc144be9-891a-4a54-8560-2eae835976e8,98f09141-9ee6-428c-a600-81efafef203c,c1,DROP,684,?,x10,
1769471326.9824727,SENT,202f315f-93bf-499e-8ddd-33b25d7977b0,6419f5ec-444c-49d7-8d7d-c3e778c367a7,c3,DROP,684,?,x11,
1769471326.9825146,FORWARDED,202f315f-93bf-499e-8ddd-33b25d7977b0,6419f5ec-444c-49d7-8d7d-c3e778c367a7,c3,DROP,684,?,x11,
1769471327.0065188,RECEIVED,3d824a39-6dc9-426b-8e03-8fbf7f1e2fb6,b4a35ea7-f0d4-4e8d-89b6-9e7dafbc6d97,c3,None,1605,e12,?,
1769471327.0861678,SENT,3d824a39-6dc9-426b-8e03-8fbf7f1e2fb6,b4a35ea7-f0d4-4e8d-89b6-9e7dafbc6d97,c3,None,1131,?,x1,
1769471327.08621,FORWARDED,3d824a39-6dc9-426b-8e03-8fbf7f1e2fb6,b4a35ea7-f0d4-4e8d-89b6-9e7dafbc6d97,c3,None,1131,?,x1,
1769471327.1702888,SENT,0ae99a20-2471-4e38-801b-a37911d05b49,2a9bee39-125d-45af-ad9d-587890f81eef,c4,None,1128,?,x4,
1769471327.170332,FORWARDED,0ae99a20-2471-4e38-801b-a37911d05b49,2a9bee39-125d-45af-ad9d-587890f81eef,c4,None,1128,?,x4,
1769471327.1821449,SENT,bcab7a33-a6eb-4164-bb0f-2c97693ef5e5,d587bb80-248a-4f40-89b4-afea63ec8f85,c2,c4,1253,?,x6,
1769471327.1821816,FORWARDED,bcab7a33-a6eb-4164-bb0f-2c97693ef5e5,d587bb80-248a-4f40-89b4-afea63ec8f85,c2,c4,1253,?,x6,
1769471327.1884146,RECEIVED,95fb0d13-733b-4b0b-baa8-2c62d7a94ac9,bd1d34ab-7bd5-4993-97b9-354ee96d96ba,c3,DROP,1019,e11,?,
1769471327.1999633,RECEIVED,2b54a2a5-a8ce-4bab-b3de-9714734e15af,3586394f-7160-4dff-a07a-4936ded9fbc4,c3,DROP,1007,e10,?,
1769471327.218272,SENT,4361d364-0a0a-4cfd-971b-f664dff426e0,4801ee47-cb85-496e-be5a-eb19a5737e42,c3,None,1124,?,x4,
1769471327.218316,FORWARDED,4361d364-0a0a-4cfd-971b-f664dff426e0,4801ee47-cb85-496e-be5a-eb19a5737e42,c3,None,1124,?,x4,
1769471327.3571916,RECEIVED,67b8405f-455b-4b04-ba2c-33d320ea9a69,adaf0fbd-1eb7-482c-8ccd-95aebeebc7ac,c4,c3,1779,e3,?,
1769471327.4208596,RECEIVED,9d47d0f1-f711-4eb4-8d85-2a885da5cf78,c055b899-b2bd-42ef-a21e-541b8ef75b53,c5,DROP,1020,e12,?,
1769471327.4800794,SENT,23a1992e-8ce5-42f3-945f-f56d34a602ae,70f62066-3663-400a-9dfb-2a523134bf3b,c2,DROP,685,?,x9,
1769471327.480124,FORWARDED,23a1992e-8ce5-42f3-945f-f56d34a602ae,70f62066-3663-400a-9dfb-2a523134bf3b,c2,DROP,685,?,x9,
1769471327.489249,RECEIVED,4b502ee8-7d72-4cbf-aa37-7ff789b7c65c,d310c604-cf9f-4abc-b44d-ce59e6f8f833,c4,DROP,1012,e3,?,
1769471327.504454,RECEIVED,81bfdebf-c3f6-4e50-bd11-bac909ff9113,c17522cc-6514-4a11-a423-d035c611f1ed,c5,c1,1780,e11,?,
1769471327.6453993,RECEIVED,b67643f2-ddc5-468f-8266-ba2065097bd9,fba53f3b-6d77-4cb7-9aab-41bcf5e14286,c5,c1,1765,e9,?,
1769471327.68188,SENT,b67643f2-ddc5-468f-8266-ba2065097bd9,fba53f3b-6d77-4cb7-9aab-41bcf5e14286,c5,c1,1251,?,x4,
1769471327.6819193,FORWARDED,b67643f2-ddc5-468f-8266-ba2065097bd9,fba53f3b-6d77-4cb7-9aab-41bcf5e14286,c5,c1,1251,?,x4,
1769471327.727986,RECEIVED,58ba2298-41f0-4b16-abd0-7b561eef6e07,ffe4dcbc-0e76-4624-a3e0-6bd46e2936c0,c1,DROP,1007,e10,?,
1769471327.7858732,SENT,9d47d0f1-f711-4eb4-8d85-2a885da5cf78,c055b899-b2bd-42ef-a21e-541b8ef75b53,c5,DROP,692,?,x12,
1769471327.7859116,FORWARDED,9d47d0f1-f711-4eb4-8d85-2a885da5cf78,c055b899-b2bd-42ef-a21e-541b8ef75b53,c5,DROP,692,?,x12,
1769471327.820476,RECEIVED,89724965-0c83-4615-82ac-bbe0bc18fbcd,b0a174d3-d092-4b95-8b7b-38a87a9f4e7f,c5,DROP,1008,e5,?,
1769471327.958672,SENT,89724965-0c83-4615-82ac-bbe0bc18fbcd,b0a174d3-d092-4b95-8b7b-38a87a9f4e7f,c5,DROP,683,?,x9,
1769471327.9587164,FORWARDED,89724965-0c83-4615-82ac-bbe0bc18fbcd,b0a174d3-d092-4b95-8b7b-38a87a9f4e7f,c5,DROP,683,?,x9,
1769471328.011773,SENT,67b8405f-455b-4b04-ba2c-33d320ea9a69,adaf0fbd-1eb7-482c-8ccd-95aebeebc7ac,c4,c3,1263,?,x5,
1769471328.0118158,FORWARDED,67b8405f-455b-4b04-ba2c-33d320ea9a69,adaf0fbd-1eb7-482c-8ccd-95aebeebc7ac,c4,c3,1263,?,x5,
1769471328.024931,SENT,81bfdebf-c3f6-4e50-bd11-bac909ff9113,c17522cc-6514-4a11-a423-d035c611f1ed,c5,c1,1262,?,x12,
1769471328.0249736,FORWARDED,81bfdebf-c3f6-4e50-bd11-bac909ff9113,c17522cc-6514-4a11-a423-d035c611f1ed,c5,c1,1262,?,x12,
1769471328.0607905,RECEIVED,82ea22c9-392b-412e-a024-cb3cc91f7705,f7bb68af-067f-449a-bd14-da0eccc6119c,c4,c3,1767,e7,?,
1769471328.11292,RECEIVED,0fc27c95-36c1-453c-a61a-fc12296addc2,0ada5faf-28d3-4b87-b3fd-f2afcc5fb67f,c4,DROP,1007,e9,?,
1769471328.163193,SENT,95fb0d13-733b-4b0b-baa8-2c62d7a94ac9,bd1d34ab-7bd5-4993-97b9-354ee96d96ba,c3,DROP,691,?,x3,
1769471328.163233,FORWARDED,95fb0d13-733b-4b0b-baa8-2c62d7a94ac9,bd1d34ab-7bd5-4993-97b9-354ee96d96ba,c3,DROP,691,?,x3,
1769471328.1995816,RECEIVED,499c8603-e0e2-4c9c-8fcb-60455b57dd65,d5595ced-d722-451d-ae66-aa5d1c6c14ce,c5,c1,1786,e1,?,
1769471328.2126074,SENT,499c8603-e0e2-4c9c-8fcb-60455b57dd65,d5595ced-d722-451d-ae66-aa5d1c6c14ce,c5,c1,1265,?,x10,
1769471328.2130172,FORWARDED,499c8603-e0e2-4c9c-8fcb-60455b57dd65,d5595ced-d722-451d-ae66-aa5d1c6c14ce,c5,c1,1265,?,x10,
1769471328.2167203,SENT,0fc27c95-36c1-453c-a61a-fc12296addc2,0ada5faf-28d3-4b87-b3fd-f2afcc5fb67f,c4,DROP,683,?,x7,
1769471328.2167618,FORWARDED,0fc27c95-36c1-453c-a61a-fc12296addc2,0ada5faf-28d3-4b87-b3fd-f2afcc5fb67f,c4,DROP,683,?,x7,
1769471328.241746,RECEIVED,4d8ec0a5-8bb3-43df-a039-468969081463,0987391c-83a1-45ae-b28d-63c030dc6879,c3,None,1596,e4,?,
1769471328.3207657,SENT,4d8ec0a5-8bb3-43df-a039-468969081463,0987391c-83a1-45ae-b28d-63c030dc6879,c3,None,1124,?,x2,
1769471328.3208103,FORWARDED,4d8ec0a5-8bb3-43df-a039-468969081463,0987391c-83a1-45ae-b28d-63c030dc6879,c3,None,1124,?,x2,
1769471328.4743266,SENT,4b502ee8-7d72-4cbf-aa37-7ff789b7c65c,d310c604-cf9f-4abc-b44d-ce59e6f8f833,c4,DROP,685,?,x11,
1769471328.4743667,FORWARDED,4b502ee8-7d72-4cbf-aa37-7ff789b7c65c,d310c604-cf9f-4abc-b44d-ce59e6f8f833,c4,DROP,685,?,x11,
1769471328.4991016,RECEIVED,2d414146-2ec4-459b-aff9-d35108a4c210,151c9d46-1bec-4fb7-b3e4-507c57059114,c3,DROP,1006,e4,?,
1769471328.624738,SENT,82ea22c9-392b-412e-a024-cb3cc91f7705,f7bb68af-067f-449a-bd14-da0eccc6119c,c4,c3,1252,?,x9,
1769471328.62478,FORWARDED,82ea22c9-392b-412e-a024-cb3cc91f7705,f7bb68af-067f-449a-bd14-da0eccc6119c,c4,c3,1252,?,x9,
1769471328.6377652,RECEIVED,24d8027b-ff70-458e-b3dd-2505ad4edce6,936dfe9f-4c84-40c6-b1c8-6e1c15708308,c4,DROP,1012,e4,?,
1769471328.6851444,SENT,58ba2298-41f0-4b16-abd0-7b561eef6e07,ffe4dcbc-0e76-4624-a3e0-6bd46e2936c0,c1,DROP,684,?,x8,
1769471328.6851792,FORWARDED,58ba2298-41f0-4b16-abd0-7b561eef6e07,ffe4dcbc-0e76-4624-a3e0-6bd46e2936c0,c1,DROP,684,?,x8,
1769471328.6891744,SENT,24d8027b-ff70-458e-b3dd-2505ad4edce6,936dfe9f-4c84-40c6-b1c8-6e1c15708308,c4,DROP,685,?,x9,
1769471328.6892176,FORWARDED,24d8027b-ff70-458e-b3dd-2505ad4edce6,936dfe9f-4c84-40c6-b1c8-6e1c15708308,c4,DROP,685,?,x9,
1769471328.855493,RECEIVED,fa031ad7-8473-43a4-9ac1-b8c92ee57015,18d6c23d-f56d-4134-a2b8-b3d6bcd79e7a,c5,DROP,441,x7,?,
1769471328.8827934,SENT,2d414146-2ec4-459b-aff9-d35108a4c210,151c9d46-1bec-4fb7-b3e4-507c57059114,c3,DROP,684,?,x6,
1769471328.8828404,FORWARDED,2d414146-2ec4-459b-aff9-d35108a4c210,151c9d46-1bec-4fb7-b3e4-507c57059114,c3,DROP,684,?,x6,
1769471328.9290755,SENT,2b54a2a5-a8ce-4bab-b3de-9714734e15af,3586394f-7160-4dff-a07a-4936ded9fbc4,c3,DROP,684,?,x5,
1769471328.9291193,FORWARDED,2b54a2a5-a8ce-4bab-b3de-9714734e15af,3586394f-7160-4dff-a07a-4936ded9fbc4,c3,DROP,684,?,x5,
1769471329.2055962,RECEIVED,97c0c476-3827-480a-b25d-8bd7a4dc37d0,aa988d92-7e62-4f49-9c1b-767f1301c76b,c4,c3,1776,e3,?,
1769471329.4327407,RECEIVED,8639d01f-ad58-4f36-8e6c-fca3bbdaf907,15cd05ea-3df6-4e27-879f-721b4771dbc0,c4,DROP,1015,e2,?,
1769471329.4471467,RECEIVED,2e7b3a48-8831-4367-b56a-a3f8971ee35b,08e8d0f3-a2b0-4c59-b05f-6c35bd52e5fc,c3,DROP,1002,e5,?,
1769471329.635314,RECEIVED,1f1a40f7-14a4-4492-90fe-2521b98004b9,14d05010-866a-4c5f-89f6-01482f4a3cad,c4,DROP,1003,e8,?,
1769471329.646993,SENT,97c0c476-3827-480a-b25d-8bd7a4dc37d0,aa988d92-7e62-4f49-9c1b-767f1301c76b,c4,c3,1260,?,x11,
1769471329.6470246,FORWARDED,97c0c476-3827-480a-b25d-8bd7a4dc37d0,aa988d92-7e62-4f49-9c1b-767f1301c76b,c4,c3,1260,?,x11,
1769471329.782485,RECEIVED,65888e18-747a-44af-b3cf-e48ba5c3d74d,ff59a10a-d61b-4a61-b00f-db0b0f21c623,c5,DROP,441,x1,?,
1769471329.9586716,SENT,1f1a40f7-14a4-4492-90fe-2521b98004b9,14d05010-866a-4c5f-89f6-01482f4a3cad,c4,DROP,679,?,x8,
1769471329.9587157,FORWARDED,1f1a40f7-14a4-4492-90fe-2521b98004b9,14d05010-866a-4c5f-89f6-01482f4a3cad,c4,DROP,679,?,x8,
1769471329.9970224,RECEIVED,c7699428-aa25-4b49-bdfe-39f4d0db85ab,7c02f461-a726-42e7-b888-7a8406745574,c4,DROP,1009,e4,?,
1769471330.0603147,SENT,c7699428-aa25-4b49-bdfe-39f4d0db85ab,7c02f461-a726-42e7-b888-7a8406745574,c4,DROP,683,?,x6,
1769471330.0603538,FORWARDED,c7699428-aa25-4b49-bdfe-39f4d0db85ab,7c02f461-a726-42e7-b888-7a8406745574,c4,DROP,683,?,x6,
1769471330.0858624,SENT,8639d01f-ad58-4f36-8e6c-fca3bbdaf907,15cd05ea-3df6-4e27-879f-721b4771dbc0,c4,DROP,688,?,x1,
1769471330.0859036,FORWARDED,8639d01f-ad58-4f36-8e6c-fca3bbdaf907,15cd05ea-3df6-4e27-879f-721b4771dbc0,c4,DROP,688,?,x1,
1769471330.0984979,RECEIVED,8c7ae80a-fa31-4a98-8983-f6d5cbb47350,f861f656-46ed-4b92-bde3-15a0ae248a44,c3,DROP,445,x12,?,
1769471330.1248624,RECEIVED,71580fc9-fe3c-46ec-866a-b7c782a14aae,ac6eca75-5195-4605-b2f8-fb9f39f8db21,c3,None,1609,e1,?,
1769471330.1928666,RECEIVED,f9cca00b-365a-4dc5-b273-4fc8f40b0604,b043d693-0564-42f3-b01e-e44d87acf789,c2,DROP,1008,e12,?,
1769471330.2260644,SENT,71580fc9-fe3c-46ec-866a-b7c782a14aae,ac6eca75-5195-4605-b2f8-fb9f39f8db21,c3,None,1132,?,x11,
1769471330.2261105,FORWARDED,71580fc9-fe3c-46ec-866a-b7c782a14aae,ac6eca75-5195-4605-b2f8-fb9f39f8db21,c3,None,1132,?,x11,
1769471330.2329452,RECEIVED,96fb02bb-7e1c-412e-a560-dd574287c055,5ee75be7-e2fc-4874-aecb-39e2093c001b,c1,None,1607,e8,?,
1769471330.2402105,SENT,2e7b3a48-8831-4367-b56a-a3f8971ee35b,08e8d0f3-a2b0-4c59-b05f-6c35bd52e5fc,c3,DROP,679,?,x7,
1769471330.2402515,FORWARDED,2e7b3a48-8831-4367-b56a-a3f8971ee35b,08e8d0f3-a2b0-4c59-b05f-6c35bd52e5fc,c3,DROP,679,?,x7,
1769471330.337551,SENT,f9cca00b-365a-4dc5-b273-4fc8f40b0604,b043d693-0564-42f3-b01e-e44d87acf789,c2,DROP,683,?,x8,
1769471330.3375902,FORWARDED,f9cca00b-365a-4dc5-b273-4fc8f40b0604,b043d693-0564-42f3-b01e-e44d87acf789,c2,DROP,683,?,x8,
1769471330.3701422,RECEIVED,84942e69-0f2a-4ad7-9c88-1c83eb85e0a1,fea75389-7afc-41e3-95f8-93d9b34dc411,c1,None,1592,e9,?,
1769471330.4642963,SENT,84942e69-0f2a-4ad7-9c88-1c83eb85e0a1,fea75389-7afc-41e3-95f8-93d9b34dc411,c1,None,1120,?,x3,
1769471330.464446,FORWARDED,84942e69-0f2a-4ad7-9c88-1c83eb85e0a1,fea75389-7afc-41e3-95f8-93d9b34dc411,c1,None,1120,?,x3,
1769471330.5427015,RECEIVED,c39fef58-85d8-4121-bca7-ce5de73bca81,d9db6fea-d1e1-4e98-8a4e-cfda8f0f58d0,c1,DROP,442,x12,?,
1769471330.9046836,RECEIVED,465d81ba-51e4-4caa-b1ef-86015031c3da,1fdaf742-efdf-4f77-8873-9035336bd60c,c2,DROP,438,x5,?,
1769471330.9148607,RECEIVED,8f704de1-7e60-4d61-b2ca-935517ab7d4f,665b8ddf-fdee-4241-ab7c-69ec542d8326,c2,c4,1768,e7,?,
1769471331.0037334,SENT,8f704de1-7e60-4d61-b2ca-935517ab7d4f,665b8ddf-fdee-4241-ab7c-69ec542d8326,c2,c4,1252,?,x2,
1769471331.003774,FORWARDED,8f704de1-7e60-4d61-b2ca-935517ab7d4f,665b8ddf-fdee-4241-ab7c-69ec542d8326,c2,c4,1252,?,x2,
1769471331.308906,RECEIVED,c0169b4a-830e-4de6-8c74-5d4a4993f270,2aa32b44-8090-4e73-a3ee-7c32170f1524,c3,DROP,1011,e4,?,
1769471331.336763,RECEIVED,85b7f21b-29dd-4ca6-a2c4-c84500f37f82,3124f9fc-d5fa-46e7-870c-8ed207e87c7c,c4,None,1597,e10,?,
1769471331.3675053,RECEIVED,fa837723-2e06-4d5e-b28e-08449e7125d9,1f20f99f-25f4-4b4c-a4f2-768b11a7df24,c5,DROP,1011,e9,?,
1769471331.4637465,SENT,85b7f21b-29dd-4ca6-a2c4-c84500f37f82,3124f9fc-d5fa-46e7-870c-8ed207e87c7c,c4,None,1123,?,x12,
1769471331.4637907,FORWARDED,85b7f21b-29dd-4ca6-a2c4-c84500f37f82,3124f9fc-d5fa-46e7-870c-8ed207e87c7c,c4,None,1123,?,x12,
1769471331.4752054,SENT,96fb02bb-7e1c-412e-a560-dd574287c055,5ee75be7-e2fc-4874-aecb-39e2093c001b,c1,None,1132,?,x3,
1769471331.4752488,FORWARDED,96fb02bb-7e1c-412e-a560-dd574287c055,5ee75be7-e2fc-4874-aecb-39e2093c001b,c1,None,1132,?,x3,
1769471331.4894207,RECEIVED,7e1220f0-0e8d-425f-9139-5fe2c8901f6b,2b4d2b49-c392-4004-987f-f38de8dd0bde,c5,DROP,1011,e5,?,
1769471331.6040032,SENT,c0169b4a-830e-4de6-8c74-5d4a4993f270,2aa32b44-8090-4e73-a3ee-7c32170f1524,c3,DROP,686,?,x9,
1769471331.604044,FORWARDED,c0169b4a-830e-4de6-8c74-5d4a4993f270,2aa32b44-8090-4e73-a3ee-7c32170f1524,c3,DROP,686,?,x9,
1769471331.7814639,SENT,7e1220f0-0e8d-425f-9139-5fe2c8901f6b,2b4d2b49-c392-4004-987f-f38de8dd0bde,c5,DROP,685,?,x6,
1769471331.7815094,FORWARDED,7e1220f0-0e8d-425f-9139-5fe2c8901f6b,2b4d2b49-c392-4004-987f-f38de8dd0bde,c5,DROP,685,?,x6,
1769471331.8897185,RECEIVED,0c913040-a971-49db-b48e-de7fe11b8211,da2dc1e4-fe42-4e51-a351-059eb379f2b1,c5,DROP,1020,e11,?,
1769471332.2138927,SENT,fa837723-2e06-4d5e-b28e-08449e7125d9,1f20f99f-25f4-4b4c-a4f2-768b11a7df24,c5,DROP,687,?,x7,
1769471332.2139325,FORWARDED,fa837723-2e06-4d5e-b28e-08449e7125d9,1f20f99f-25f4-4b4c-a4f2-768b11a7df24,c5,DROP,687,?,x7,
1769471332.24459,RECEIVED,fc28d6b3-8ba5-4a7d-ab0d-64e2109ea3ac,6f5aaa1c-db89-4b01-86ab-4bfc930137ad,c3,DROP,1015,e6,?,
1769471332.3036249,RECEIVED,7da7ef92-1f38-404d-9681-1de48671908f,5df81f8c-8c1a-4361-a892-061f785836cb,c3,DROP,1007,e10,?,
1769471332.339034,SENT,0c913040-a971-49db-b48e-de7fe11b8211,da2dc1e4-fe42-4e51-a351-059eb379f2b1,c5,DROP,691,?,x12,
1769471332.3390877,FORWARDED,0c913040-a971-49db-b48e-de7fe11b8211,da2dc1e4-fe42-4e51-a351-059eb379f2b1,c5,DROP,691,?,x12,
1769471332.343213,RECEIVED,c64bd5dd-e8a7-4a56-abd1-70139683500b,128ead1f-e022-4146-8b37-7121cae31590,c4,DROP,1007,e9,?,
1769471332.4809265,RECEIVED,3e316098-e6df-4289-81f5-94c1338c864e,0d7ae71f-b806-4720-b53b-2169f2c24f77,c3,DROP,1005,e4,?,
1769471332.6501746,SENT,fc28d6b3-8ba5-4a7d-ab0d-64e2109ea3ac,6f5aaa1c-db89-4b01-86ab-4bfc930137ad,c3,DROP,688,?,x7,
1769471332.6502144,FORWARDED,fc28d6b3-8ba5-4a7d-ab0d-64e2109ea3ac,6f5aaa1c-db89-4b01-86ab-4bfc930137ad,c3,DROP,688,?,x7,
1769471332.658113,RECEIVED,47781a4e-9dc4-4b68-b1e4-19cff27dc3ff,43c796eb-09b3-4022-ae15-d803a13d4d4c,c4,None,1600,e2,?,
1769471332.6706512,RECEIVED,a86ba8e3-e34f-4f97-baca-94f8e5b1d245,c9073213-10ad-4715-8ceb-44c5b1e61dd2,c3,DROP,1007,e1,?,
1769471332.7042427,SENT,3e316098-e6df-4289-81f5-94c1338c864e,0d7ae71f-b806-4720-b53b-2169f2c24f77,c3,DROP,683,?,x1,
1769471332.7042823,FORWARDED,3e316098-e6df-4289-81f5-94c1338c864e,0d7ae71f-b806-4720-b53b-2169f2c24f77,c3,DROP,683,?,x1,
1769471332.9160163,SENT,7da7ef92-1f38-404d-9681-1de48671908f,5df81f8c-8c1a-4361-a892-061f785836cb,c3,DROP,683,?,x8,
1769471332.9160728,FORWARDED,7da7ef92-1f38-404d-9681-1de48671908f,5df81f8c-8c1a-4361-a892-061f785836cb,c3,DROP,683,?,x8,
1769471332.9856899,SENT,a86ba8e3-e34f-4f97-baca-94f8e5b1d245,c9073213-10ad-4715-8ceb-44c5b1e61dd2,c3,DROP,683,?,x1,
1769471332.985732,FORWARDED,a86ba8e3-e34f-4f97-baca-94f8e5b1d245,c9073213-10ad-4715-8ceb-44c5b1e61dd2,c3,DROP,683,?,x1,
1769471332.989958,RECEIVED,df0462f5-7bb8-43e5-b4e5-8792b0bb6162,2626f697-83ec-45cf-ac90-03f4396989b3,c2,c4,1776,e2,?,
1769471333.0830717,RECEIVED,867ce0ca-20f9-4cfa-ad40-eeb7c76d58db,f945baf2-265d-47c5-aabd-483724c31fe3,c4,DROP,441,x10,?,
1769471333.088852,SENT,df0462f5-7bb8-43e5-b4e5-8792b0bb6162,2626f697-83ec-45cf-ac90-03f4396989b3,c2,c4,1259,?,x4,
1769471333.0888917,FORWARDED,df0462f5-7bb8-43e5-b4e5-8792b0bb6162,2626f697-83ec-45cf-ac90-03f4396989b3,c2,c4,1259,?,x4,
1769471333.114605,RECEIVED,5ace5c02-7104-4905-a9ba-e355147bbaf1,4244e2e3-99ee-4fa6-b50b-18cbfbb95047,c4,DROP,1004,e3,?,
1769471333.1820893,SENT,47781a4e-9dc4-4b68-b1e4-19cff27dc3ff,43c796eb-09b3-4022-ae15-d803a13d4d4c,c4,None,1128,?,x10,
1769471333.1821356,FORWARDED,47781a4e-9dc4-4b68-b1e4-19cff27dc3ff,43c796eb-09b3-4022-ae15-d803a13d4d4c,c4,None,1128,?,x10,
1769471333.2005603,SENT,5ace5c02-7104-4905-a9ba-e355147bbaf1,4244e2e3-99ee-4fa6-b50b-18cbfbb95047,c4,DROP,679,?,x7,
1769471333.2007492,FORWARDED,5ace5c02-7104-4905-a9ba-e355147bbaf1,4244e2e3-99ee-4fa6-b50b-18cbfbb95047,c4,DROP,679,?,x7,
1769471333.2233608,SENT,c64bd5dd-e8a7-4a56-abd1-70139683500b,128ead1f-e022-4146-8b37-7121cae31590,c4,DROP,684,?,x6,
1769471333.2234015,FORWARDED,c64bd5dd-e8a7-4a56-abd1-70139683500b,128ead1f-e022-4146-8b37-7121cae31590,c4,DROP,684,?,x6,
1769471333.2571976,RECEIVED,4fb7c69d-6be1-4f7f-b4ff-e7aa6ded6fdf,48eed66c-0ee4-438b-8af0-e2f8ac1d8c7e,c1,c3,1778,e12,?,
1769471333.2586505,RECEIVED,222bdf73-42d7-4d1b-a0f3-723f4c9723ee,7420a9dd-ce39-4f8a-9ef0-5dd397a2dc9c,c1,c3,1768,e9,?,
1769471333.3508544,SENT,222bdf73-42d7-4d1b-a0f3-723f4c9723ee,7420a9dd-ce39-4f8a-9ef0-5dd397a2dc9c,c1,c3,1252,?,x8,
1769471333.3508973,FORWARDED,222bdf73-42d7-4d1b-a0f3-723f4c9723ee,7420a9dd-ce39-4f8a-9ef0-5dd397a2dc9c,c1,c3,1252,?,x8,
1769471333.4624088,RECEIVED,58ecf190-3c69-40b0-b4b3-d5365bd5e2a3,8c2b74e4-d94e-4649-80e0-9a6a0b0378c9,c1,DROP,1016,e4,?,
1769471333.5521111,SENT,58ecf190-3c69-40b0-b4b3-d5365bd5e2a3,8c2b74e4-d94e-4649-80e0-9a6a0b0378c9,c1,DROP,688,?,x7,
1769471333.5521443,FORWARDED,58ecf190-3c69-40b0-b4b3-d5365bd5e2a3,8c2b74e4-d94e-4649-80e0-9a6a0b0378c9,c1,DROP,688,?,x7,
1769471333.7432506,RECEIVED,00ef906c-3c61-4fc4-a861-2dd2b062f4b3,3659b889-4fca-4e82-90b8-d5ff31031aee,c1,DROP,1017,e3,?,
1769471333.7956107,SENT,00ef906c-3c61-4fc4-a861-2dd2b062f4b3,3659b889-4fca-4e82-90b8-d5ff31031aee,c1,DROP,688,?,x8,
1769471333.7956529,FORWARDED,00ef906c-3c61-4fc4-a861-2dd2b062f4b3,3659b889-4fca-4e82-90b8-d5ff31031aee,c1,DROP,688,?,x8,
1769471333.8942726,RECEIVED,a6ff32a0-51ee-4edd-a9e1-64b47dcafc5d,3c15c927-1e68-494e-876f-1f463c0e0a3c,c4,DROP,1009,e5,?,
1769471333.9345086,SENT,a6ff32a0-51ee-4edd-a9e1-64b47dcafc5d,3c15c927-1e68-494e-876f-1f463c0e0a3c,c4,DROP,684,?,x11,
1769471333.9345498,FORWARDED,a6ff32a0-51ee-4edd-a9e1-64b47dcafc5d,3c15c927-1e68-494e-876f-1f463c0e0a3c,c4,DROP,684,?,x11,
1769471333.9448485,RECEIVED,748f9776-2ad8-4871-845e-7d4b5c78b993,175c12d9-cb31-4952-863d-cd6f295cccfc,c3,DROP,1012,e9,?,
1769471333.958002,RECEIVED,4693b070-0639-4840-97c8-a8db0dbca743,ef5cf4bb-061d-4242-aaf3-9acb75f60e4c,c1,DROP,441,x9,?,
1769471334.1207826,RECEIVED,b147badd-1e57-4df9-9174-25cb2de54c59,24e65737-ec1d-48fc-aaeb-399e778a7b48,c1,DROP,1011,e10,?,
1769471334.1489232,RECEIVED,9e806dfd-66d8-46e2-ab5f-05f364144230,35beeaa5-f0ad-4ad0-8aba-21547fc0fd0e,c3,DROP,1017,e8,?,
1769471334.2053769,RECEIVED,2c3d7059-810b-4a8f-aee6-2aed50114dbc,2f866a1d-f502-4af1-8088-7552e47a990b,c1,None,1595,e7,?,
1769471334.2292514,RECEIVED,e01bf602-781a-44b2-ad4c-2d8b4fc09d41,05958eef-566f-488b-a018-9a8d9c57bf4c,c5,DROP,1007,e2,?,
1769471334.2920384,SENT,9e806dfd-66d8-46e2-ab5f-05f364144230,35beeaa5-f0ad-4ad0-8aba-21547fc0fd0e,c3,DROP,688,?,x12,
1769471334.292092,FORWARDED,9e806dfd-66d8-46e2-ab5f-05f364144230,35beeaa5-f0ad-4ad0-8aba-21547fc0fd0e,c3,DROP,688,?,x12,
1769471334.409508,RECEIVED,b791845a-b498-4a41-a7ac-94fc92c10203,7d111a33-2159-4620-8075-30d59af7faf8,c5,DROP,1016,e11,?,
1769471334.4424186,SENT,748f9776-2ad8-4871-845e-7d4b5c78b993,175c12d9-cb31-4952-863d-cd6f295cccfc,c3,DROP,687,?,x10,
1769471334.442459,FORWARDED,748f9776-2ad8-4871-845e-7d4b5c78b993,175c12d9-cb31-4952-863d-cd6f295cccfc,c3,DROP,687,?,x10,
1769471334.6894295,SENT,b791845a-b498-4a41-a7ac-94fc92c10203,7d111a33-2159-4620-8075-30d59af7faf8,c5,DROP,688,?,x9,
1769471334.689473,FORWARDED,b791845a-b498-4a41-a7ac-94fc92c10203,7d111a33-2159-4620-8075-30d59af7faf8,c5,DROP,688,?,x9,
1769471334.908023,RECEIVED,1a312279-7a88-4496-ab0e-16becf3cc114,141593fc-0d3f-4421-bfb4-ab4b1c6e73a4,c4,c3,1780,e9,?,
1769471334.9334493,RECEIVED,e9917371-39d5-49c2-b48f-e4d923f90e3a,490bc224-54d5-4f43-9842-d79fd6842369,c4,DROP,1007,e2,?,
1769471334.9823763,RECEIVED,e2432aaf-d330-41d9-8a89-048109867d24,8db7c7a4-88b2-40bb-93ba-8b9e04061b20,c3,None,1620,e11,?,
1769471334.9898767,SENT,2c3d7059-810b-4a8f-aee6-2aed50114dbc,2f866a1d-f502-4af1-8088-7552e47a990b,c1,None,1124,?,x9,
1769471334.9899194,FORWARDED,2c3d7059-810b-4a8f-aee6-2aed50114dbc,2f866a1d-f502-4af1-8088-7552e47a990b,c1,None,1124,?,x9,
1769471335.2082722,SENT,e2432aaf-d330-41d9-8a89-048109867d24,8db7c7a4-88b2-40bb-93ba-8b9e04061b20,c3,None,1143,?,x11,
1769471335.2083108,FORWARDED,e2432aaf-d330-41d9-8a89-048109867d24,8db7c7a4-88b2-40bb-93ba-8b9e04061b20,c3,None,1143,?,x11,
1769471335.2171621,SENT,b147badd-1e57-4df9-9174-25cb2de54c59,24e65737-ec1d-48fc-aaeb-399e778a7b48,c1,DROP,687,?,x2,
1769471335.2172027,FORWARDED,b147badd-1e57-4df9-9174-25cb2de54c59,24e65737-ec1d-48fc-aaeb-399e778a7b48,c1,DROP,687,?,x2,
1769471335.2352097,SENT,e01bf602-781a-44b2-ad4c-2d8b4fc09d41,05958eef-566f-488b-a018-9a8d9c57bf4c,c5,DROP,683,?,x4,
1769471335.2352512,FORWARDED,e01bf602-781a-44b2-ad4c-2d8b4fc09d41,05958eef-566f-488b-a018-9a8d9c57bf4c,c5,DROP,683,?,x4,
1769471335.364116,RECEIVED,b3431f0e-9dad-46fe-bb96-f7819199ef58,df43cf15-dbae-4fdc-b2ac-ba3884478a17,c4,c3,1780,e8,?,
1769471335.5550444,SENT,1a312279-7a88-4496-ab0e-16becf3cc114,141593fc-0d3f-4421-bfb4-ab4b1c6e73a4,c4,c3,1263,?,x11,
1769471335.5550964,FORWARDED,1a312279-7a88-4496-ab0e-16becf3cc114,141593fc-0d3f-4421-bfb4-ab4b1c6e73a4,c4,c3,1263,?,x11,
1769471335.6526682,RECEIVED,eddecb69-d30b-4750-8e02-23a687e48631,00a8416a-5d35-4d06-a0d0-58acb2d044c7,c4,DROP,1015,e2,?,
1769471335.6569629,RECEIVED,03005de1-61d2-4438-ad3f-bf05e3353c6d,95b162fb-3648-476a-8e3d-055214071b09,c1,DROP,1020,e12,?,
1769471335.6818633,RECEIVED,27ae9516-b76c-4d5e-8b97-e4a57a65ad23,7d8ec432-fb11-41b2-a31f-6b9c2d3bbd85,c5,c1,1776,e4,?,
1769471335.7842884,SENT,e9917371-39d5-49c2-b48f-e4d923f90e3a,490bc224-54d5-4f43-9842-d79fd6842369,c4,DROP,684,?,x6,
1769471335.7844238,FORWARDED,e9917371-39d5-49c2-b48f-e4d923f90e3a,490bc224-54d5-4f43-9842-d79fd6842369,c4,DROP,684,?,x6,
1769471335.8214817,SENT,27ae9516-b76c-4d5e-8b97-e4a57a65ad23,7d8ec432-fb11-41b2-a31f-6b9c2d3bbd85,c5,c1,1259,?,x6,
1769471335.8215315,FORWARDED,27ae9516-b76c-4d5e-8b97-e4a57a65ad23,7d8ec432-fb11-41b2-a31f-6b9c2d3bbd85,c5,c1,1259,?,x6,
1769471335.8336866,SENT,03005de1-61d2-4438-ad3f-bf05e3353c6d,95b162fb-3648-476a-8e3d-055214071b09,c1,DROP,693,?,x6,
1769471335.8337297,FORWARDED,03005de1-61d2-4438-ad3f-bf05e3353c6d,95b162fb-3648-476a-8e3d-055214071b09,c1,DROP,693,?,x6,
1769471335.8466234,RECEIVED,d62e2696-c132-4ceb-80b3-b1d5ae616522,a95493f9-9da4-4b58-a6ec-11be6dbe96dc,c3,c1,1771,e11,?,
1769471335.8651633,RECEIVED,350a77a8-657d-4b5e-b26b-d3eb0a7a3293,b7109d61-daa2-470a-8a37-a2e813243b31,c4,DROP,1002,e2,?,
1769471335.87484,RECEIVED,38f18b6d-2e19-4239-8efb-90e7a79fabb1,dc75dd5a-bbcf-4ada-8808-d394f08b09f0,c1,DROP,1009,e10,?,
1769471335.8852363,SENT,4fb7c69d-6be1-4f7f-b4ff-e7aa6ded6fdf,48eed66c-0ee4-438b-8af0-e2f8ac1d8c7e,c1,c3,1263,?,x8,
1769471335.885278,FORWARDED,4fb7c69d-6be1-4f7f-b4ff-e7aa6ded6fdf,48eed66c-0ee4-438b-8af0-e2f8ac1d8c7e,c1,c3,1263,?,x8,
1769471335.8974354,RECEIVED,8987882e-f7b3-49df-a474-09578a1f5209,1bbeb574-16d5-404d-97d4-4c4779572396,c3,DROP,1021,e10,?,
1769471335.9220028,RECEIVED,6d018f7f-d297-4a9c-8d89-97e388fb0eaa,6321754a-1858-4455-a799-f50aaa7a3ccb,c4,None,1599,e5,?,
1769471335.9286342,SENT,38f18b6d-2e19-4239-8efb-90e7a79fabb1,dc75dd5a-bbcf-4ada-8808-d394f08b09f0,c1,DROP,683,?,x12,
1769471335.9287093,FORWARDED,38f18b6d-2e19-4239-8efb-90e7a79fabb1,dc75dd5a-bbcf-4ada-8808-d394f08b09f0,c1,DROP,683,?,x12,
1769471335.9503016,SENT,d62e2696-c132-4ceb-80b3-b1d5ae616522,a95493f9-9da4-4b58-a6ec-11be6dbe96dc,c3,c1,1255,?,x3,
1769471335.950351,FORWARDED,d62e2696-c132-4ceb-80b3-b1d5ae616522,a95493f9-9da4-4b58-a6ec-11be6dbe96dc,c3,c1,1255,?,x3,
1769471335.9708138,SENT,b3431f0e-9dad-46fe-bb96-f7819199ef58,df43cf15-dbae-4fdc-b2ac-ba3884478a17,c4,c3,1263,?,x12,
1769471335.9708562,FORWARDED,b3431f0e-9dad-46fe-bb96-f7819199ef58,df43cf15-dbae-4fdc-b2ac-ba3884478a17,c4,c3,1263,?,x12,
1769471336.018541,SENT,8987882e-f7b3-49df-a474-09578a1f5209,1bbeb574-16d5-404d-97d4-4c4779572396,c3,DROP,692,?,x11,
1769471336.0185847,FORWARDED,8987882e-f7b3-49df-a474-09578a1f5209,1bbeb574-16d5-404d-97d4-4c4779572396,c3,DROP,692,?,x11,
1769471336.031354,RECEIVED,20fa904e-6bcb-43c0-adfe-05b315623caa,bdfb9c3e-5cc0-4af7-868f-edb8a1ef4ca7,c4,DROP,1014,e3,?,
1769471336.1274168,RECEIVED,5c2dc8bc-2108-4df2-997d-5b2b02f92c0e,ea13e0a1-fcb7-44d3-9081-3d4bf42940ac,c5,DROP,442,x8,?,
1769471336.1550622,RECEIVED,e56f6e48-8901-4ddc-a96a-a2651dbc101c,bc4babd6-c2ac-496a-a329-8c5df125c41a,c3,DROP,1016,e9,?,
1769471336.226083,SENT,6d018f7f-d297-4a9c-8d89-97e388fb0eaa,6321754a-1858-4455-a799-f50aaa7a3ccb,c4,None,1128,?,x1,
1769471336.226121,FORWARDED,6d018f7f-d297-4a9c-8d89-97e388fb0eaa,6321754a-1858-4455-a799-f50aaa7a3ccb,c4,None,1128,?,x1,
1769471336.239088,RECEIVED,4b1be327-7c2c-49a0-a935-1c13fad60496,7315a7fb-0ea6-441c-9c38-1eb50789ad5c,c2,c4,1762,e12,?,
1769471336.2436988,RECEIVED,1c1003fb-3e36-4fc2-b0fc-a253b92c6c9c,e2f43756-af45-400f-be72-894780cd15ab,c4,DROP,1003,e1,?,
1769471336.3493326,RECEIVED,355868df-ea1e-4602-afe8-02924acfc660,476d8a80-c531-4ecd-a36b-7003384ee771,c3,DROP,1010,e7,?,
1769471336.4324975,SENT,355868df-ea1e-4602-afe8-02924acfc660,476d8a80-c531-4ecd-a36b-7003384ee771,c3,DROP,685,?,x2,
1769471336.4325376,FORWARDED,355868df-ea1e-4602-afe8-02924acfc660,476d8a80-c531-4ecd-a36b-7003384ee771,c3,DROP,685,?,x2,
1769471336.5091984,RECEIVED,de1c8f53-afa6-4680-9c88-fa3464a45553,76fc2c97-e200-429a-b3af-21a6cb74fae1,c3,DROP,1007,e4,?,
1769471336.5248125,RECEIVED,24285c94-dac2-437c-b906-c7ccb2f1fa8e,20c22d9d-60dc-4569-8691-e4d8298e7f3d,c2,DROP,1008,e3,?,
1769471336.5729754,RECEIVED,dfe33544-ff92-4d9a-841c-f45690fdf3cc,64226d80-dd29-4f03-ba7e-05cc4042fbc1,c3,DROP,441,x10,?,
1769471336.6490705,RECEIVED,d6330f72-631d-4b7a-b7be-d2fe5f626e31,7416a954-2f93-4755-8aa9-e8445f689b1a,c3,DROP,442,x9,?,
1769471336.67434,SENT,e56f6e48-8901-4ddc-a96a-a2651dbc101c,bc4babd6-c2ac-496a-a329-8c5df125c41a,c3,DROP,689,?,x10,
1769471336.6743815,FORWARDED,e56f6e48-8901-4ddc-a96a-a2651dbc101c,bc4babd6-c2ac-496a-a329-8c5df125c41a,c3,DROP,689,?,x10,
1769471336.7498834,SENT,350a77a8-657d-4b5e-b26b-d3eb0a7a3293,b7109d61-daa2-470a-8a37-a2e813243b31,c4,DROP,680,?,x4,
1769471336.7499228,FORWARDED,350a77a8-657d-4b5e-b26b-d3eb0a7a3293,b7109d61-daa2-470a-8a37-a2e813243b31,c4,DROP,680,?,x4,
1769471336.83613,SENT,4b1be327-7c2c-49a0-a935-1c13fad60496,7315a7fb-0ea6-441c-9c38-1eb50789ad5c,c2,c4,1251,?,x4,
1769471336.8361707,FORWARDED,4b1be327-7c2c-49a0-a935-1c13fad60496,7315a7fb-0ea6-441c-9c38-1eb50789ad5c,c2,c4,1251,?,x4,
1769471336.8458407,RECEIVED,54e4755c-9c58-4a2f-ad97-7e5c4fa1f3cd,5f8e50e6-a8da-4683-8e8f-0541862eb4d7,c3,DROP,1011,e5,?,
1769471336.85451,SENT,de1c8f53-afa6-4680-9c88-fa3464a45553,76fc2c97-e200-429a-b3af-21a6cb74fae1,c3,DROP,683,?,x8,
1769471336.8545544,FORWARDED,de1c8f53-afa6-4680-9c88-fa3464a45553,76fc2c97-e200-429a-b3af-21a6cb74fae1,c3,DROP,683,?,x8,
1769471336.9642851,RECEIVED,daf671b6-1eff-4180-8f8a-7ff0a2f778e2,5cd89bc4-f360-4269-9e7d-6466429135cf,c5,DROP,1008,e3,?,
1769471337.076449,RECEIVED,716dc20d-c960-4baa-b37d-85c1df19233f,e0cc3031-cc93-4f3e-b1aa-6ed2d99482fc,c5,DROP,1010,e10,?,
1769471337.1565351,SENT,716dc20d-c960-4baa-b37d-85c1df19233f,e0cc3031-cc93-4f3e-b1aa-6ed2d99482fc,c5,DROP,684,?,x10,
1769471337.1565764,FORWARDED,716dc20d-c960-4baa-b37d-85c1df19233f,e0cc3031-cc93-4f3e-b1aa-6ed2d99482fc,c5,DROP,684,?,x10,
1769471337.1695702,SENT,24285c94-dac2-437c-b906-c7ccb2f1fa8e,20c22d9d-60dc-4569-8691-e4d8298e7f3d,c2,DROP,683,?,x11,
1769471337.1696122,FORWARDED,24285c94-dac2-437c-b906-c7ccb2f1fa8e,20c22d9d-60dc-4569-8691-e4d8298e7f3d,c2,DROP,683,?,x11,
1769471337.39194,SENT,eddecb69-d30b-4750-8e02-23a687e48631,00a8416a-5d35-4d06-a0d0-58acb2d044c7,c4,DROP,688,?,x8,
1769471337.391981,FORWARDED,eddecb69-d30b-4750-8e02-23a687e48631,00a8416a-5d35-4d06-a0d0-58acb2d044c7,c4,DROP,688,?,x8,
1769471337.4202268,SENT,daf671b6-1eff-4180-8f8a-7ff0a2f778e2,5cd89bc4-f360-4269-9e7d-6466429135cf,c5,DROP,683,?,x8,
1769471337.4202707,FORWARDED,daf671b6-1eff-4180-8f8a-7ff0a2f778e2,5cd89bc4-f360-4269-9e7d-6466429135cf,c5,DROP,683,?,x8,
1769471337.4453464,SENT,54e4755c-9c58-4a2f-ad97-7e5c4fa1f3cd,5f8e50e6-a8da-4683-8e8f-0541862eb4d7,c3,DROP,685,?,x9,
1769471337.4453855,FORWARDED,54e4755c-9c58-4a2f-ad97-7e5c4fa1f3cd,5f8e50e6-a8da-4683-8e8f-0541862eb4d7,c3,DROP,685,?,x9,
1769471337.5524793,RECEIVED,674ecf73-fb1b-4f0b-8f62-481b6ec659af,d3770a99-3347-44e1-869c-e5dd19c16ba5,c5,DROP,446,x10,?,
1769471337.6067297,RECEIVED,2ca2ac70-7a0d-410c-89ed-eb6a409c976a,de4a381f-0a4c-45ad-b4ac-65800744bd21,c5,DROP,1008,e4,?,
1769471337.6121535,SENT,1c1003fb-3e36-4fc2-b0fc-a253b92c6c9c,e2f43756-af45-400f-be72-894780cd15ab,c4,DROP,680,?,x3,
1769471337.612194,FORWARDED,1c1003fb-3e36-4fc2-b0fc-a253b92c6c9c,e2f43756-af45-400f-be72-894780cd15ab,c4,DROP,680,?,x3,
1769471337.689253,SENT,2ca2ac70-7a0d-410c-89ed-eb6a409c976a,de4a381f-0a4c-45ad-b4ac-65800744bd21,c5,DROP,684,?,x7,
1769471337.6892946,FORWARDED,2ca2ac70-7a0d-410c-89ed-eb6a409c976a,de4a381f-0a4c-45ad-b4ac-65800744bd21,c5,DROP,684,?,x7,
1769471337.8625531,RECEIVED,61c38a8c-75d8-4f59-8ac9-585884d6bc6e,b37a36c2-7fea-43b7-ac80-f27146a323e9,c1,c3,1763,e1,?,
1769471338.0691192,RECEIVED,4b9b2452-3a5a-4a43-8897-23fe6795ad18,e07775cd-1135-491c-8aac-c780a6a41603,c3,c1,1771,e4,?,
1769471338.1761644,RECEIVED,0514eb4d-6b9b-48f5-9c98-2748cec18b2b,690bb1f1-1c92-48e6-985a-ae1178e34992,c4,c3,1775,e6,?,
1769471338.2808769,SENT,20fa904e-6bcb-43c0-adfe-05b315623caa,bdfb9c3e-5cc0-4af7-868f-edb8a1ef4ca7,c4,DROP,688,?,x8,
1769471338.2809186,FORWARDED,20fa904e-6bcb-43c0-adfe-05b315623caa,bdfb9c3e-5cc0-4af7-868f-edb8a1ef4ca7,c4,DROP,688,?,x8,
1769471338.3243608,RECEIVED,b0f3d6ef-57b2-4752-b117-c38fded99f33,06fe29ba-d21c-46b2-9ba7-500d5aa1ac39,c4,DROP,1015,e11,?,
1769471338.4851959,RECEIVED,e53814af-6298-49e4-8c76-853fed3d883c,f4227139-9980-4182-bc6b-4a145e7cbb2d,c2,c4,1784,e6,?,
1769471338.5188189,RECEIVED,2b7c3bf0-64e1-4a2e-af39-95f57c8c60c4,e65edc1d-7212-4dac-9fa4-0d856b7e3ca4,c5,DROP,1009,e4,?,
1769471338.5862608,SENT,e53814af-6298-49e4-8c76-853fed3d883c,f4227139-9980-4182-bc6b-4a145e7cbb2d,c2,c4,1264,?,x2,
1769471338.5862997,FORWARDED,e53814af-6298-49e4-8c76-853fed3d883c,f4227139-9980-4182-bc6b-4a145e7cbb2d,c2,c4,1264,?,x2,
1769471338.601877,RECEIVED,29e28220-31b3-4c08-9aba-9898543f72c9,8158600c-c49f-4d8b-9181-a149c5277b3c,c1,DROP,1009,e4,?,
1769471338.6098495,RECEIVED,10ffed10-92c1-4785-afee-cfaba89c1626,30e7ec06-f1f0-4732-9fe4-3369ac3f8e16,c3,DROP,1011,e11,?,
1769471338.6840448,RECEIVED,d3104e2b-2881-4aa4-912c-7cc7dd59851c,e2a1583d-b9e3-44be-8c6f-00ea7c5a2905,c2,c4,1776,e3,?,
1769471338.726652,RECEIVED,f285e7cc-0292-4d1e-bd94-6f0ea3ee781c,4518dd61-d2e0-40b8-bbd1-0e96179d9579,c5,c1,1784,e6,?,
1769471338.768589,SENT,4b9b2452-3a5a-4a43-8897-23fe6795ad18,e07775cd-1135-491c-8aac-c780a6a41603,c3,c1,1255,?,x5,
1769471338.768629,FORWARDED,4b9b2452-3a5a-4a43-8897-23fe6795ad18,e07775cd-1135-491c-8aac-c780a6a41603,c3,c1,1255,?,x5,
1769471338.8320937,RECEIVED,85aacd0d-f30b-4eb9-a41c-d8857d1316b6,ccb079c8-d499-4603-a79d-0683588f5e45,c3,DROP,1011,e2,?,
1769471338.880421,SENT,61c38a8c-75d8-4f59-8ac9-585884d6bc6e,b37a36c2-7fea-43b7-ac80-f27146a323e9,c1,c3,1251,?,x7,
1769471338.8804612,FORWARDED,61c38a8c-75d8-4f59-8ac9-585884d6bc6e,b37a36c2-7fea-43b7-ac80-f27146a323e9,c1,c3,1251,?,x7,
1769471338.9336767,SENT,2b7c3bf0-64e1-4a2e-af39-95f57c8c60c4,e65edc1d-7212-4dac-9fa4-0d856b7e3ca4,c5,DROP,684,?,x11,
1769471338.9337125,FORWARDED,2b7c3bf0-64e1-4a2e-af39-95f57c8c60c4,e65edc1d-7212-4dac-9fa4-0d856b7e3ca4,c5,DROP,684,?,x11,
1769471338.9451587,SENT,b0f3d6ef-57b2-4752-b117-c38fded99f33,06fe29ba-d21c-46b2-9ba7-500d5aa1ac39,c4,DROP,688,?,x3,
1769471338.9452012,FORWARDED,b0f3d6ef-57b2-4752-b117-c38fded99f33,06fe29ba-d21c-46b2-9ba7-500d5aa1ac39,c4,DROP,688,?,x3,
1769471338.960538,SENT,f285e7cc-0292-4d1e-bd94-6f0ea3ee781c,4518dd61-d2e0-40b8-bbd1-0e96179d9579,c5,c1,1264,?,x11,
1769471338.960572,FORWARDED,f285e7cc-0292-4d1e-bd94-6f0ea3ee781c,4518dd61-d2e0-40b8-bbd1-0e96179d9579,c5,c1,1264,?,x11,
1769471338.9839704,RECEIVED,f7b07cc5-1606-43d9-8aab-2dd079663142,8e9c24fd-9a45-4ce2-9a48-3719140396ca,c3,None,1599,e4,?,
1769471338.9879289,RECEIVED,8225ebbb-9229-4ffd-b8d0-cbbd3eecc5b3,2436fd89-3417-48eb-8f83-83fe71b77f3f,c4,DROP,1008,e9,?,
1769471339.0276873,SENT,10ffed10-92c1-4785-afee-cfaba89c1626,30e7ec06-f1f0-4732-9fe4-3369ac3f8e16,c3,DROP,686,?,x3,
1769471339.027729,FORWARDED,10ffed10-92c1-4785-afee-cfaba89c1626,30e7ec06-f1f0-4732-9fe4-3369ac3f8e16,c3,DROP,686,?,x3,
1769471339.0509548,SENT,29e28220-31b3-4c08-9aba-9898543f72c9,8158600c-c49f-4d8b-9181-a149c5277b3c,c1,DROP,683,?,x12,
1769471339.0511155,FORWARDED,29e28220-31b3-4c08-9aba-9898543f72c9,8158600c-c49f-4d8b-9181-a149c5277b3c,c1,DROP,683,?,x12,
1769471339.1256096,RECEIVED,29dd4cf5-7894-45c6-90f3-18201225b0f2,4e8ceac5-90a0-4401-a6b0-ed05d104b915,c1,DROP,1015,e3,?,
1769471339.220192,RECEIVED,bf921bbc-cd3f-4eb6-a93f-2b428b0c4621,97b8d13a-2227-485f-bc01-3055e3f7b8b5,c4,DROP,1012,e9,?,
1769471339.2227426,SENT,8225ebbb-9229-4ffd-b8d0-cbbd3eecc5b3,2436fd89-3417-48eb-8f83-83fe71b77f3f,c4,DROP,683,?,x1,
1769471339.222778,FORWARDED,8225ebbb-9229-4ffd-b8d0-cbbd3eecc5b3,2436fd89-3417-48eb-8f83-83fe71b77f3f,c4,DROP,683,?,x1,
1769471339.226392,SENT,0514eb4d-6b9b-48f5-9c98-2748cec18b2b,690bb1f1-1c92-48e6-985a-ae1178e34992,c4,c3,1260,?,x3,
1769471339.2264318,FORWARDED,0514eb4d-6b9b-48f5-9c98-2748cec18b2b,690bb1f1-1c92-48e6-985a-ae1178e34992,c4,c3,1260,?,x3,
1769471339.318596,SENT,bf921bbc-cd3f-4eb6-a93f-2b428b0c4621,97b8d13a-2227-485f-bc01-3055e3f7b8b5,c4,DROP,685,?,x2,
1769471339.3186355,FORWARDED,bf921bbc-cd3f-4eb6-a93f-2b428b0c4621,97b8d13a-2227-485f-bc01-3055e3f7b8b5,c4,DROP,685,?,x2,
1769471339.415825,RECEIVED,37b2f2d6-8288-44c4-a9b1-52ede4deaedc,f1854573-5095-4d47-a7a0-b319848ea7d1,c3,None,1609,e6,?,
1769471339.4196303,SENT,d3104e2b-2881-4aa4-912c-7cc7dd59851c,e2a1583d-b9e3-44be-8c6f-00ea7c5a2905,c2,c4,1260,?,x10,
1769471339.4196713,FORWARDED,d3104e2b-2881-4aa4-912c-7cc7dd59851c,e2a1583d-b9e3-44be-8c6f-00ea7c5a2905,c2,c4,1260,?,x10,
1769471339.4684954,RECEIVED,e1333506-893d-4e73-8221-ed8e2db9883f,79ec3ccf-6991-4e7f-98cd-a5b7454dd869,c2,DROP,1009,e11,?,
1769471339.4773514,SENT,37b2f2d6-8288-44c4-a9b1-52ede4deaedc,f1854573-5095-4d47-a7a0-b319848ea7d1,c3,None,1132,?,x11,
1769471339.4773943,FORWARDED,37b2f2d6-8288-44c4-a9b1-52ede4deaedc,f1854573-5095-4d47-a7a0-b319848ea7d1,c3,None,1132,?,x11,
1769471339.4912312,SENT,29dd4cf5-7894-45c6-90f3-18201225b0f2,4e8ceac5-90a0-4401-a6b0-ed05d104b915,c1,DROP,688,?,x2,
1769471339.4912715,FORWARDED,29dd4cf5-7894-45c6-90f3-18201225b0f2,4e8ceac5-90a0-4401-a6b0-ed05d104b915,c1,DROP,688,?,x2,
1769471339.4947197,SENT,85aacd0d-f30b-4eb9-a41c-d8857d1316b6,ccb079c8-d499-4603-a79d-0683588f5e45,c3,DROP,687,?,x3,
1769471339.4947636,FORWARDED,85aacd0d-f30b-4eb9-a41c-d8857d1316b6,ccb079c8-d499-4603-a79d-0683588f5e45,c3,DROP,687,?,x3,
1769471339.5111303,SENT,f7b07cc5-1606-43d9-8aab-2dd079663142,8e9c24fd-9a45-4ce2-9a48-3719140396ca,c3,None,1127,?,x4,
1769471339.5111718,FORWARDED,f7b07cc5-1606-43d9-8aab-2dd079663142,8e9c24fd-9a45-4ce2-9a48-3719140396ca,c3,None,1127,?,x4,
1769471339.7487476,RECEIVED,3533cb80-a75f-4526-8172-fbd9c5391f74,26db2f37-637e-46eb-b193-a08ae4a9c2ce,c1,DROP,1011,e7,?,
1769471339.7638094,RECEIVED,ba375035-30ce-4474-9cc3-a01713fa3540,d2798f49-2cbf-4504-82e9-0ef0588d6386,c3,DROP,1014,e2,?,
1769471339.8132236,SENT,e1333506-893d-4e73-8221-ed8e2db9883f,79ec3ccf-6991-4e7f-98cd-a5b7454dd869,c2,DROP,683,?,x10,
1769471339.8132648,FORWARDED,e1333506-893d-4e73-8221-ed8e2db9883f,79ec3ccf-6991-4e7f-98cd-a5b7454dd869,c2,DROP,683,?,x10,
1769471339.827499,SENT,3533cb80-a75f-4526-8172-fbd9c5391f74,26db2f37-637e-46eb-b193-a08ae4a9c2ce,c1,DROP,687,?,x2,
1769471339.8275428,FORWARDED,3533cb80-a75f-4526-8172-fbd9c5391f74,26db2f37-637e-46eb-b193-a08ae4a9c2ce,c1,DROP,687,?,x2,
1769471339.8656673,RECEIVED,90fcaf11-5b0c-4172-9405-a37759dbf6e7,43b6b1af-8491-4d88-935f-8bc743a7345b,c1,None,1595,e6,?,
1769471339.980591,RECEIVED,7066206b-fd0a-467e-8e72-879c2d753b38,6525a0ee-3566-4b5a-bbd8-e8971b87f66c,c3,None,1600,e10,?,
1769471340.0174155,RECEIVED,12659433-065d-421d-b68c-7e5bec1813ce,d3b7ec7b-088d-4e33-b945-c45d6421924a,c3,None,1600,e2,?,
1769471340.1977081,SENT,7066206b-fd0a-467e-8e72-879c2d753b38,6525a0ee-3566-4b5a-bbd8-e8971b87f66c,c3,None,1128,?,x2,
1769471340.1977487,FORWARDED,7066206b-fd0a-467e-8e72-879c2d753b38,6525a0ee-3566-4b5a-bbd8-e8971b87f66c,c3,None,1128,?,x2,
1769471340.3709748,RECEIVED,010fa2e4-da9a-4fd5-ba9b-31cb45eca7d2,e84447c4-9e24-4ae4-aef1-b4e00f5b7643,c5,c1,1775,e7,?,
1769471340.3747823,SENT,12659433-065d-421d-b68c-7e5bec1813ce,d3b7ec7b-088d-4e33-b945-c45d6421924a,c3,None,1128,?,x12,
1769471340.3748243,FORWARDED,12659433-065d-421d-b68c-7e5bec1813ce,d3b7ec7b-088d-4e33-b945-c45d6421924a,c3,None,1128,?,x12,
1769471340.3759472,RECEIVED,67f8922f-461c-4829-bab3-25a4c99a39f9,d6012883-f651-4a86-9f26-58065f622be4,c4,DROP,1016,e8,?,
1769471340.4367564,RECEIVED,4afaddcf-582a-4a6f-a09e-ace8a9b52112,4203d1dd-efc0-4373-9d48-52c35ddae7bc,c1,c3,1775,e7,?,
1769471340.452693,RECEIVED,d6e8e7f8-3071-40b7-8a28-527ca8fe7b35,824098ee-2b27-4c98-b798-76c82941e517,c3,None,1620,e12,?,
1769471340.479446,SENT,90fcaf11-5b0c-4172-9405-a37759dbf6e7,43b6b1af-8491-4d88-935f-8bc743a7345b,c1,None,1124,?,x3,
1769471340.4794872,FORWARDED,90fcaf11-5b0c-4172-9405-a37759dbf6e7,43b6b1af-8491-4d88-935f-8bc743a7345b,c1,None,1124,?,x3,
1769471340.502953,SENT,4afaddcf-582a-4a6f-a09e-ace8a9b52112,4203d1dd-efc0-4373-9d48-52c35ddae7bc,c1,c3,1259,?,x3,
1769471340.502996,FORWARDED,4afaddcf-582a-4a6f-a09e-ace8a9b52112,4203d1dd-efc0-4373-9d48-52c35ddae7bc,c1,c3,1259,?,x3,
1769471340.6786726,RECEIVED,d3de0604-568c-4d7e-96e7-08f5075813a1,858a8694-79d1-4cd5-ad68-ca5d7687ea0a,c2,DROP,1012,e8,?,
1769471340.7192993,RECEIVED,1e0e8fa3-1870-4bbf-a9be-0a8aa0e39461,9da43ede-a3d3-44b7-8646-a52a99b48dd8,c2,DROP,1020,e12,?,
1769471340.7704167,SENT,d6e8e7f8-3071-40b7-8a28-527ca8fe7b35,824098ee-2b27-4c98-b798-76c82941e517,c3,None,1141,?,x10,
1769471340.7704597,FORWARDED,d6e8e7f8-3071-40b7-8a28-527ca8fe7b35,824098ee-2b27-4c98-b798-76c82941e517,c3,None,1141,?,x10,
1769471340.7835262,RECEIVED,f3a8da2b-2991-4452-8325-596239e9fee8,62a6756d-937a-4fe9-a1e0-6f29d5c4ea48,c3,DROP,1011,e11,?,
1769471340.9048512,RECEIVED,5e470315-30a5-4347-bc90-8a76d8326ab5,e1dba918-fab1-4476-a78d-ba99959a12e9,c3,DROP,1015,e1,?,
1769471340.9054375,RECEIVED,e5505329-8837-4660-b4ba-dde92e2b15ca,4c58590e-a18c-4fb3-8a65-4430d21da975,c5,c1,1764,e11,?,
1769471340.919898,RECEIVED,87b830db-2239-4588-a741-b47db9ba98e8,a690e68c-2215-4a49-80b6-ad37868a41ce,c5,DROP,1007,e11,?,
1769471340.9433687,SENT,d3de0604-568c-4d7e-96e7-08f5075813a1,858a8694-79d1-4cd5-ad68-ca5d7687ea0a,c2,DROP,685,?,x7,
1769471340.9434078,FORWARDED,d3de0604-568c-4d7e-96e7-08f5075813a1,858a8694-79d1-4cd5-ad68-ca5d7687ea0a,c2,DROP,685,?,x7,
1769471341.0043285,RECEIVED,b5cf32ed-86e2-48c5-94f6-6220fd4c2ba9,f7b1f51c-eda9-4004-a3dd-b20d3e288935,c3,DROP,1015,e10,?,
1769471341.0691805,SENT,87b830db-2239-4588-a741-b47db9ba98e8,a690e68c-2215-4a49-80b6-ad37868a41ce,c5,DROP,684,?,x2,
1769471341.069223,FORWARDED,87b830db-2239-4588-a741-b47db9ba98e8,a690e68c-2215-4a49-80b6-ad37868a41ce,c5,DROP,684,?,x2,
1769471341.086487,RECEIVED,df673244-2110-4cb7-9a2c-8468340f991a,99f89548-5002-43cd-84ff-0327eee156de,c1,c3,1774,e10,?,
1769471341.12187,SENT,1e0e8fa3-1870-4bbf-a9be-0a8aa0e39461,9da43ede-a3d3-44b7-8646-a52a99b48dd8,c2,DROP,692,?,x4,
1769471341.121912,FORWARDED,1e0e8fa3-1870-4bbf-a9be-0a8aa0e39461,9da43ede-a3d3-44b7-8646-a52a99b48dd8,c2,DROP,692,?,x4,
1769471341.1326044,SENT,f3a8da2b-2991-4452-8325-596239e9fee8,62a6756d-937a-4fe9-a1e0-6f29d5c4ea48,c3,DROP,685,?,x7,
1769471341.1326466,FORWARDED,f3a8da2b-2991-4452-8325-596239e9fee8,62a6756d-937a-4fe9-a1e0-6f29d5c4ea48,c3,DROP,685,?,x7,
1769471341.1381881,SENT,010fa2e4-da9a-4fd5-ba9b-31cb45eca7d2,e84447c4-9e24-4ae4-aef1-b4e00f5b7643,c5,c1,1258,?,x4,
1769471341.1382513,FORWARDED,010fa2e4-da9a-4fd5-ba9b-31cb45eca7d2,e84447c4-9e24-4ae4-aef1-b4e00f5b7643,c5,c1,1258,?,x4,
1769471341.1445377,RECEIVED,a4b99bec-6744-4af7-b64f-90b2f0532e72,05e26727-18b2-4df7-b0eb-d33b6d817e55,c1,DROP,1021,e10,?,
1769471341.1817133,SENT,e5505329-8837-4660-b4ba-dde92e2b15ca,4c58590e-a18c-4fb3-8a65-4430d21da975,c5,c1,1251,?,x2,
1769471341.181752,FORWARDED,e5505329-8837-4660-b4ba-dde92e2b15ca,4c58590e-a18c-4fb3-8a65-4430d21da975,c5,c1,1251,?,x2,
1769471341.2163045,RECEIVED,9de58d5c-b5f1-4927-b5bf-899cb459487e,2baba8e2-8778-4540-82ce-e049d88dba04,c3,DROP,1009,e2,?,
1769471341.2917607,SENT,9de58d5c-b5f1-4927-b5bf-899cb459487e,2baba8e2-8778-4540-82ce-e049d88dba04,c3,DROP,684,?,x11,
1769471341.2918007,FORWARDED,9de58d5c-b5f1-4927-b5bf-899cb459487e,2baba8e2-8778-4540-82ce-e049d88dba04,c3,DROP,684,?,x11,
1769471341.299847,SENT,67f8922f-461c-4829-bab3-25a4c99a39f9,d6012883-f651-4a86-9f26-58065f622be4,c4,DROP,688,?,x12,
1769471341.2998896,FORWARDED,67f8922f-461c-4829-bab3-25a4c99a39f9,d6012883-f651-4a86-9f26-58065f622be4,c4,DROP,688,?,x12,
1769471341.3265698,RECEIVED,c0a35476-4a7b-4b5c-a88c-4f5db9734c2b,71ff8d29-e966-47b1-be65-7e90e7a38202,c1,DROP,1016,e1,?,
1769471341.366534,SENT,a4b99bec-6744-4af7-b64f-90b2f0532e72,05e26727-18b2-4df7-b0eb-d33b6d817e55,c1,DROP,693,?,x10,
1769471341.366575,FORWARDED,a4b99bec-6744-4af7-b64f-90b2f0532e72,05e26727-18b2-4df7-b0eb-d33b6d817e55,c1,DROP,693,?,x10,
1769471341.4200659,RECEIVED,abbbe893-5c1a-415d-a98f-edd010797efe,728ac4c5-bbb0-4cfd-a860-cdc4ad2f76de,c2,c4,1765,e3,?,
1769471341.4747868,RECEIVED,43d8c5ca-a43a-468b-be24-10555a8cd29f,4b5e783c-55f3-4770-b486-08b2488d879c,c2,DROP,1011,e6,?,
1769471341.5169384,SENT,abbbe893-5c1a-415d-a98f-edd010797efe,728ac4c5-bbb0-4cfd-a860-cdc4ad2f76de,c2,c4,1251,?,x12,
1769471341.5169816,FORWARDED,abbbe893-5c1a-415d-a98f-edd010797efe,728ac4c5-bbb0-4cfd-a860-cdc4ad2f76de,c2,c4,1251,?,x12,
1769471341.568622,SENT,c0a35476-4a7b-4b5c-a88c-4f5db9734c2b,71ff8d29-e966-47b1-be65-7e90e7a38202,c1,DROP,688,?,x8,
1769471341.5686646,FORWARDED,c0a35476-4a7b-4b5c-a88c-4f5db9734c2b,71ff8d29-e966-47b1-be65-7e90e7a38202,c1,DROP,688,?,x8,
1769471341.6688578,SENT,43d8c5ca-a43a-468b-be24-10555a8cd29f,4b5e783c-55f3-4770-b486-08b2488d879c,c2,DROP,687,?,x6,
1769471341.6688993,FORWARDED,43d8c5ca-a43a-468b-be24-10555a8cd29f,4b5e783c-55f3-4770-b486-08b2488d879c,c2,DROP,687,?,x6,
1769471341.7007854,SENT,b5cf32ed-86e2-48c5-94f6-6220fd4c2ba9,f7b1f51c-eda9-4004-a3dd-b20d3e288935,c3,DROP,688,?,x5,
1769471341.7008233,FORWARDED,b5cf32ed-86e2-48c5-94f6-6220fd4c2ba9,f7b1f51c-eda9-4004-a3dd-b20d3e288935,c3,DROP,688,?,x5,
1769471341.799613,RECEIVED,1c021dfd-c2a4-4248-a526-02e90c8a6142,3aa0a1da-b426-4de6-83e8-e55536ea39f6,c5,c1,1775,e5,?,
1769471341.8127356,SENT,5e470315-30a5-4347-bc90-8a76d8326ab5,e1dba918-fab1-4476-a78d-ba99959a12e9,c3,DROP,688,?,x3,
1769471341.8127728,FORWARDED,5e470315-30a5-4347-bc90-8a76d8326ab5,e1dba918-fab1-4476-a78d-ba99959a12e9,c3,DROP,688,?,x3,
1769471341.8894036,RECEIVED,ceffca34-4802-4f34-8714-3eae5046ec31,02f8a447-ea53-4346-8df3-2ca090af34a1,c2,DROP,1007,e4,?,
1769471341.9805236,RECEIVED,30c4080d-e49e-4708-8c2c-3285fb9b58e9,6cd92a98-0e22-42a2-8b01-95659cfa4c6f,c3,DROP,1011,e7,?,
1769471341.9877543,RECEIVED,7f8b9cd1-fa33-45bc-984c-324f35b1d1a6,a545d1dc-edf9-4560-8d70-a09e3805860f,c2,DROP,1011,e3,?,
1769471342.0263274,SENT,ba375035-30ce-4474-9cc3-a01713fa3540,d2798f49-2cbf-4504-82e9-0ef0588d6386,c3,DROP,688,?,x7,
1769471342.02637,FORWARDED,ba375035-30ce-4474-9cc3-a01713fa3540,d2798f49-2cbf-4504-82e9-0ef0588d6386,c3,DROP,688,?,x7,
1769471342.091376,RECEIVED,92466a4f-c49a-449f-a237-41d3d1811042,b81eab91-74fa-488f-a986-dc377c35041d,c5,DROP,1009,e10,?,
1769471342.1259089,SENT,7f8b9cd1-fa33-45bc-984c-324f35b1d1a6,a545d1dc-edf9-4560-8d70-a09e3805860f,c2,DROP,685,?,x2,
1769471342.1259487,FORWARDED,7f8b9cd1-fa33-45bc-984c-324f35b1d1a6,a545d1dc-edf9-4560-8d70-a09e3805860f,c2,DROP,685,?,x2,
1769471342.1384113,SENT,92466a4f-c49a-449f-a237-41d3d1811042,b81eab91-74fa-488f-a986-dc377c35041d,c5,DROP,684,?,x10,
1769471342.1384509,FORWARDED,92466a4f-c49a-449f-a237-41d3d1811042,b81eab91-74fa-488f-a986-dc377c35041d,c5,DROP,684,?,x10,
1769471342.1562762,RECEIVED,163a72c5-7584-4d9f-a3af-66ec4852e4b8,3172c987-ae89-4f8b-b958-70ff1122af94,c1,None,1603,e7,?,
1769471342.2849147,RECEIVED,7e6ede47-5ebe-4856-a841-0822688a81c4,a3f03861-2e38-47dd-9b66-dc036475443d,c2,DROP,1012,e7,?,
1769471342.4117966,RECEIVED,75288783-326c-4ddb-b492-8f8b70284a57,c060d1c2-f2d8-471d-8723-b088d8d55f97,c1,DROP,1009,e1,?,
1769471342.4986217,SENT,1c021dfd-c2a4-4248-a526-02e90c8a6142,3aa0a1da-b426-4de6-83e8-e55536ea39f6,c5,c1,1258,?,x4,
1769471342.4986622,FORWARDED,1c021dfd-c2a4-4248-a526-02e90c8a6142,3aa0a1da-b426-4de6-83e8-e55536ea39f6,c5,c1,1258,?,x4,
1769471342.5619025,RECEIVED,01599618-5fc8-4bdf-92a1-832ba9388149,e5c4567f-360b-4761-83dc-70935cf03105,c2,DROP,1008,e3,?,
1769471342.5953677,SENT,ceffca34-4802-4f34-8714-3eae5046ec31,02f8a447-ea53-4346-8df3-2ca090af34a1,c2,DROP,684,?,x8,
1769471342.5954056,FORWARDED,ceffca34-4802-4f34-8714-3eae5046ec31,02f8a447-ea53-4346-8df3-2ca090af34a1,c2,DROP,684,?,x8,
1769471342.6077313,SENT,7e6ede47-5ebe-4856-a841-0822688a81c4,a3f03861-2e38-47dd-9b66-dc036475443d,c2,DROP,687,?,x5,
1769471342.6077735,FORWARDED,7e6ede47-5ebe-4856-a841-0822688a81c4,a3f03861-2e38-47dd-9b66-dc036475443d,c2,DROP,687,?,x5,
1769471342.6316948,SENT,75288783-326c-4ddb-b492-8f8b70284a57,c060d1c2-f2d8-471d-8723-b088d8d55f97,c1,DROP,683,?,x12,
1769471342.6317291,FORWARDED,75288783-326c-4ddb-b492-8f8b70284a57,c060d1c2-f2d8-471d-8723-b088d8d55f97,c1,DROP,683,?,x12,
1769471342.6441984,RECEIVED,0cbba4f8-cbc9-4897-913a-fe1df204c164,39b55056-9cd1-4ab0-a8a2-8845275d75a1,c5,DROP,441,x3,?,
1769471342.6585038,SENT,01599618-5fc8-4bdf-92a1-832ba9388149,e5c4567f-360b-4761-83dc-70935cf03105,c2,DROP,684,?,x6,
1769471342.658539,FORWARDED,01599618-5fc8-4bdf-92a1-832ba9388149,e5c4567f-360b-4761-83dc-70935cf03105,c2,DROP,684,?,x6,
1769471342.797964,RECEIVED,fad550ee-7c7b-482c-a63f-ede74801b4fa,bbc5d1ab-5419-4b91-911c-2da7f97b3785,c1,DROP,437,x9,?,
1769471342.911386,SENT,30c4080d-e49e-4708-8c2c-3285fb9b58e9,6cd92a98-0e22-42a2-8b01-95659cfa4c6f,c3,DROP,687,?,x9,
1769471342.9115105,FORWARDED,30c4080d-e49e-4708-8c2c-3285fb9b58e9,6cd92a98-0e22-42a2-8b01-95659cfa4c6f,c3,DROP,687,?,x9,
1769471343.001195,SENT,df673244-2110-4cb7-9a2c-8468340f991a,99f89548-5002-43cd-84ff-0327eee156de,c1,c3,1260,?,x9,
1769471343.0012352,FORWARDED,df673244-2110-4cb7-9a2c-8468340f991a,99f89548-5002-43cd-84ff-0327eee156de,c1,c3,1260,?,x9,
1769471343.0396428,SENT,163a72c5-7584-4d9f-a3af-66ec4852e4b8,3172c987-ae89-4f8b-b958-70ff1122af94,c1,None,1131,?,x7,
1769471343.0396814,FORWARDED,163a72c5-7584-4d9f-a3af-66ec4852e4b8,3172c987-ae89-4f8b-b958-70ff1122af94,c1,None,1131,?,x7,
1769471343.1271718,RECEIVED,afc347a0-0f24-4107-8db9-9a573b99fc83,3adda058-c3b6-48bd-8d77-e72bf0d85d96,c2,DROP,1013,e9,?,
1769471343.1846921,SENT,afc347a0-0f24-4107-8db9-9a573b99fc83,3adda058-c3b6-48bd-8d77-e72bf0d85d96,c2,DROP,685,?,x6,
1769471343.184735,FORWARDED,afc347a0-0f24-4107-8db9-9a573b99fc83,3adda058-c3b6-48bd-8d77-e72bf0d85d96,c2,DROP,685,?,x6,
1769471343.2304566,RECEIVED,f0eaa784-6aaf-4e9f-a1de-accc84a928ee,2b32a673-d3d0-4ff2-b36d-dfbcf99f6201,c1,DROP,442,x7,?,
1769471343.2914596,RECEIVED,2a285d65-85a4-49a2-bd58-cef3a00f1fab,08447ef4-ef0b-4f6b-811d-00725edf769c,c4,None,1600,e1,?,
1769471343.3225183,RECEIVED,8d1f2224-01ce-4664-8ebf-b45feb68a15a,73ec1a44-f04b-4af7-9fed-d1af54e345fb,c4,DROP,1007,e6,?,
1769471343.3606637,SENT,2a285d65-85a4-49a2-bd58-cef3a00f1fab,08447ef4-ef0b-4f6b-811d-00725edf769c,c4,None,1127,?,x4,
1769471343.360707,FORWARDED,2a285d65-85a4-49a2-bd58-cef3a00f1fab,08447ef4-ef0b-4f6b-811d-00725edf769c,c4,None,1127,?,x4,
1769471343.6545043,RECEIVED,a573e145-8f23-466a-8f5e-96adb452ce0b,d10d96f1-4c36-424e-8618-19b1982de17d,c2,DROP,1007,e2,?,
1769471343.7630389,RECEIVED,81f4b358-30b8-4892-931b-2b006efe70da,fcb30a3f-9ae9-46c5-85e7-dffff7ad7e51,c3,DROP,1016,e4,?,
1769471343.865941,RECEIVED,44a6a815-49de-4de1-ac22-2438690c1199,47495d86-8e15-43a0-8d1a-1882dbb85c32,c2,c4,1767,e8,?,
1769471343.9035795,RECEIVED,2a58726a-add4-4e88-9a85-b3457ce5c902,a6189935-c609-440c-bc78-1be9a919551c,c5,c1,1759,e1,?,
1769471343.9635365,SENT,a573e145-8f23-466a-8f5e-96adb452ce0b,d10d96f1-4c36-424e-8618-19b1982de17d,c2,DROP,684,?,x9,
1769471343.9635806,FORWARDED,a573e145-8f23-466a-8f5e-96adb452ce0b,d10d96f1-4c36-424e-8618-19b1982de17d,c2,DROP,684,?,x9,
1769471344.3508403,RECEIVED,32a8d26a-6dc9-46ab-867d-4e05951ad31d,142229ee-bb7c-40cc-ae89-6871251a78a5,c2,DROP,441,x1,?,
1769471344.4135308,RECEIVED,30d7fef9-9322-420b-a560-a7e76dcb6986,2e31c531-d9eb-46c5-be9f-f43ce4a38ea6,c3,DROP,1011,e2,?,
1769471344.4294586,SENT,44a6a815-49de-4de1-ac22-2438690c1199,47495d86-8e15-43a0-8d1a-1882dbb85c32,c2,c4,1252,?,x6,
1769471344.4294987,FORWARDED,44a6a815-49de-4de1-ac22-2438690c1199,47495d86-8e15-43a0-8d1a-1882dbb85c32,c2,c4,1252,?,x6,
1769471344.6252427,RECEIVED,715e6dce-3cb0-4859-9aeb-5f6eab2520c3,f1ef0773-ba5d-482f-a6f8-f1d67866e0d1,c2,DROP,1007,e12,?,
1769471344.684764,SENT,2a58726a-add4-4e88-9a85-b3457ce5c902,a6189935-c609-440c-bc78-1be9a919551c,c5,c1,1248,?,x7,
1769471344.6848035,FORWARDED,2a58726a-add4-4e88-9a85-b3457ce5c902,a6189935-c609-440c-bc78-1be9a919551c,c5,c1,1248,?,x7,
1769471344.837136,SENT,8d1f2224-01ce-4664-8ebf-b45feb68a15a,73ec1a44-f04b-4af7-9fed-d1af54e345fb,c4,DROP,684,?,x9,
1769471344.83718,FORWARDED,8d1f2224-01ce-4664-8ebf-b45feb68a15a,73ec1a44-f04b-4af7-9fed-d1af54e345fb,c4,DROP,684,?,x9,
1769471344.9062836,RECEIVED,1bd38766-61c3-4664-85b6-d20643a13a20,4d09b15b-a520-4fd2-abf9-5b42fc18fe00,c5,DROP,1015,e2,?,
1769471345.0134704,SENT,1bd38766-61c3-4664-85b6-d20643a13a20,4d09b15b-a520-4fd2-abf9-5b42fc18fe00,c5,DROP,688,?,x6,
1769471345.0135083,FORWARDED,1bd38766-61c3-4664-85b6-d20643a13a20,4d09b15b-a520-4fd2-abf9-5b42fc18fe00,c5,DROP,688,?,x6,
1769471345.1498036,RECEIVED,0383d5ab-26de-4e24-a032-71cd4cbcb6a2,51ba3de6-fa89-4f77-8091-51194c86ba2c,c2,DROP,1015,e5,?,
1769471345.365837,RECEIVED,08d5a189-fea6-474f-9e3e-2c6061644f64,ef161bab-95de-40ed-b458-819f032b7da7,c5,DROP,1015,e5,?,
1769471345.3789299,RECEIVED,a968ae8a-09e0-4773-8bca-3885190c004e,c63bb093-ba7d-488a-b11c-104c08aaf8d6,c1,DROP,1009,e7,?,
1769471345.4394908,SENT,a968ae8a-09e0-4773-8bca-3885190c004e,c63bb093-ba7d-488a-b11c-104c08aaf8d6,c1,DROP,683,?,x1,
1769471345.4395323,FORWARDED,a968ae8a-09e0-4773-8bca-3885190c004e,c63bb093-ba7d-488a-b11c-104c08aaf8d6,c1,DROP,683,?,x1,
1769471345.4413471,SENT,0383d5ab-26de-4e24-a032-71cd4cbcb6a2,51ba3de6-fa89-4f77-8091-51194c86ba2c,c2,DROP,688,?,x9,
1769471345.4413857,FORWARDED,0383d5ab-26de-4e24-a032-71cd4cbcb6a2,51ba3de6-fa89-4f77-8091-51194c86ba2c,c2,DROP,688,?,x9,
1769471345.531072,SENT,81f4b358-30b8-4892-931b-2b006efe70da,fcb30a3f-9ae9-46c5-85e7-dffff7ad7e51,c3,DROP,688,?,x12,
1769471345.5311148,FORWARDED,81f4b358-30b8-4892-931b-2b006efe70da,fcb30a3f-9ae9-46c5-85e7-dffff7ad7e51,c3,DROP,688,?,x12,
1769471345.6612396,RECEIVED,1513339c-c5c3-4e10-953c-83dead3d2aac,90ad53d3-2512-4e75-8b94-617a3c5e09f1,c2,DROP,1015,e1,?,
1769471345.8427298,RECEIVED,9f7de2e0-fc07-4a95-846b-f311cd055296,0a2e43ff-038c-4dee-bdaa-99dac849b7ff,c2,DROP,1012,e1,?,
1769471345.9014046,SENT,715e6dce-3cb0-4859-9aeb-5f6eab2520c3,f1ef0773-ba5d-482f-a6f8-f1d67866e0d1,c2,DROP,683,?,x7,
1769471345.901444,FORWARDED,715e6dce-3cb0-4859-9aeb-5f6eab2520c3,f1ef0773-ba5d-482f-a6f8-f1d67866e0d1,c2,DROP,683,?,x7,
1769471346.051622,SENT,08d5a189-fea6-474f-9e3e-2c6061644f64,ef161bab-95de-40ed-b458-819f032b7da7,c5,DROP,688,?,x1,
1769471346.0516634,FORWARDED,08d5a189-fea6-474f-9e3e-2c6061644f64,ef161bab-95de-40ed-b458-819f032b7da7,c5,DROP,688,?,x1,
1769471346.1250224,SENT,9f7de2e0-fc07-4a95-846b-f311cd055296,0a2e43ff-038c-4dee-bdaa-99dac849b7ff,c2,DROP,687,?,x10,
1769471346.1254551,FORWARDED,9f7de2e0-fc07-4a95-846b-f311cd055296,0a2e43ff-038c-4dee-bdaa-99dac849b7ff,c2,DROP,687,?,x10,
1769471346.1266778,RECEIVED,ec09bc51-bbcc-4578-96a5-4579266b6238,75dcf9af-7197-4a4c-8329-5f5ee47465e4,c3,c1,1778,e9,?,
1769471346.2821898,SENT,30d7fef9-9322-420b-a560-a7e76dcb6986,2e31c531-d9eb-46c5-be9f-f43ce4a38ea6,c3,DROP,687,?,x5,
1769471346.2822318,FORWARDED,30d7fef9-9322-420b-a560-a7e76dcb6986,2e31c531-d9eb-46c5-be9f-f43ce4a38ea6,c3,DROP,687,?,x5,
1769471346.3490334,RECEIVED,f998a348-5b98-4440-989a-297044ec35ae,4222c57f-d475-4084-be51-b4a329caf4a9,c4,DROP,1012,e7,?,
1769471346.382152,RECEIVED,c7e3dc54-e1ca-4550-ada7-6d6563fc62e1,da4338bc-97d8-46bc-9cd3-dbca113d14e6,c4,DROP,1012,e10,?,
1769471346.3939717,RECEIVED,274ce291-fe8b-48e7-b786-76b9b0b326a5,3581d022-d01f-4f55-9877-a9b4c2ccf05f,c1,None,1603,e2,?,
1769471346.429429,SENT,f998a348-5b98-4440-989a-297044ec35ae,4222c57f-d475-4084-be51-b4a329caf4a9,c4,DROP,687,?,x3,
1769471346.4294708,FORWARDED,f998a348-5b98-4440-989a-297044ec35ae,4222c57f-d475-4084-be51-b4a329caf4a9,c4,DROP,687,?,x3,
1769471346.456869,SENT,c7e3dc54-e1ca-4550-ada7-6d6563fc62e1,da4338bc-97d8-46bc-9cd3-dbca113d14e6,c4,DROP,685,?,x3,
1769471346.4569163,FORWARDED,c7e3dc54-e1ca-4550-ada7-6d6563fc62e1,da4338bc-97d8-46bc-9cd3-dbca113d14e6,c4,DROP,685,?,x3,
1769471346.6387835,RECEIVED,c20d959d-0372-4181-ba19-fcd624578b92,89e3310d-c0d8-4ba7-81cc-75b41c8c2f82,c5,DROP,1008,e7,?,
1769471346.7899954,RECEIVED,6eb96558-406e-4179-a76f-e78c182d9559,702b07c3-a9b6-4efc-aabb-71925ea3f754,c5,DROP,1012,e8,?,
1769471346.8442023,RECEIVED,15d304ab-cac3-435f-803a-c6b8b5357941,ddeaa570-563a-4e4f-b1d3-c90ca1252dae,c1,None,1596,e4,?,
1769471346.9519963,SENT,274ce291-fe8b-48e7-b786-76b9b0b326a5,3581d022-d01f-4f55-9877-a9b4c2ccf05f,c1,None,1131,?,x1,
1769471346.952038,FORWARDED,274ce291-fe8b-48e7-b786-76b9b0b326a5,3581d022-d01f-4f55-9877-a9b4c2ccf05f,c1,None,1131,?,x1,
1769471346.9829006,SENT,1513339c-c5c3-4e10-953c-83dead3d2aac,90ad53d3-2512-4e75-8b94-617a3c5e09f1,c2,DROP,688,?,x1,
1769471346.9829392,FORWARDED,1513339c-c5c3-4e10-953c-83dead3d2aac,90ad53d3-2512-4e75-8b94-617a3c5e09f1,c2,DROP,688,?,x1,
1769471347.1982114,RECEIVED,bedbc1f9-a2c3-492c-a16d-016e36becac8,7deaf163-a057-45e1-bb46-c23ae9f6f47b,c4,c3,1784,e8,?,
1769471347.2210224,SENT,c20d959d-0372-4181-ba19-fcd624578b92,89e3310d-c0d8-4ba7-81cc-75b41c8c2f82,c5,DROP,683,?,x11,
1769471347.221081,FORWARDED,c20d959d-0372-4181-ba19-fcd624578b92,89e3310d-c0d8-4ba7-81cc-75b41c8c2f82,c5,DROP,683,?,x11,
1769471347.2842872,SENT,bedbc1f9-a2c3-492c-a16d-016e36becac8,7deaf163-a057-45e1-bb46-c23ae9f6f47b,c4,c3,1264,?,x10,
1769471347.2843273,FORWARDED,bedbc1f9-a2c3-492c-a16d-016e36becac8,7deaf163-a057-45e1-bb46-c23ae9f6f47b,c4,c3,1264,?,x10,
1769471347.297834,SENT,15d304ab-cac3-435f-803a-c6b8b5357941,ddeaa570-563a-4e4f-b1d3-c90ca1252dae,c1,None,1125,?,x12,
1769471347.297878,FORWARDED,15d304ab-cac3-435f-803a-c6b8b5357941,ddeaa570-563a-4e4f-b1d3-c90ca1252dae,c1,None,1125,?,x12,
1769471347.4937904,RECEIVED,c46c3f9a-29a1-4d90-820e-a44e4d296db1,d8d2c5b8-386c-4c79-984f-3f881ffd6cd3,c3,DROP,1007,e3,?,
1769471347.4989426,RECEIVED,5cdfedd9-99ae-4c53-b783-e8183b53684c,f83bcaec-e08f-4801-84d4-cfeb95de16ca,c1,DROP,1007,e1,?,
1769471347.5242448,SENT,ec09bc51-bbcc-4578-96a5-4579266b6238,75dcf9af-7197-4a4c-8329-5f5ee47465e4,c3,c1,1263,?,x6,
1769471347.5242891,FORWARDED,ec09bc51-bbcc-4578-96a5-4579266b6238,75dcf9af-7197-4a4c-8329-5f5ee47465e4,c3,c1,1263,?,x6,
1769471347.6430151,RECEIVED,3e59b951-a6c7-41fc-a553-4761ddc6a134,0d80958a-69b8-412d-8d16-f4cf1551e3f5,c2,DROP,1003,e9,?,
1769471347.7407634,SENT,c46c3f9a-29a1-4d90-820e-a44e4d296db1,d8d2c5b8-386c-4c79-984f-3f881ffd6cd3,c3,DROP,683,?,x7,
1769471347.7408526,FORWARDED,c46c3f9a-29a1-4d90-820e-a44e4d296db1,d8d2c5b8-386c-4c79-984f-3f881ffd6cd3,c3,DROP,683,?,x7,
1769471347.791962,RECEIVED,54d5896e-4e24-4ed5-96e0-b477d80d5b72,a91e9847-79ef-4ed7-b02d-1a289c635bfb,c2,c4,1772,e4,?,
1769471347.8434658,SENT,54d5896e-4e24-4ed5-96e0-b477d80d5b72,a91e9847-79ef-4ed7-b02d-1a289c635bfb,c2,c4,1257,?,x5,
1769471347.8435059,FORWARDED,54d5896e-4e24-4ed5-96e0-b477d80d5b72,a91e9847-79ef-4ed7-b02d-1a289c635bfb,c2,c4,1257,?,x5,
1769471347.9821076,SENT,6eb96558-406e-4179-a76f-e78c182d9559,702b07c3-a9b6-4efc-aabb-71925ea3f754,c5,DROP,687,?,x10,
1769471347.9821525,FORWARDED,6eb96558-406e-4179-a76f-e78c182d9559,702b07c3-a9b6-4efc-aabb-71925ea3f754,c5,DROP,687,?,x10,
1769471347.9867573,RECEIVED,4791f4f6-9537-4a53-bd76-0fbd53b44803,cea5dc0d-33e3-4976-8459-3de8edab2314,c3,c1,1775,e3,?,
1769471348.1640344,SENT,3e59b951-a6c7-41fc-a553-4761ddc6a134,0d80958a-69b8-412d-8d16-f4cf1551e3f5,c2,DROP,680,?,x8,
1769471348.164642,FORWARDED,3e59b951-a6c7-41fc-a553-4761ddc6a134,0d80958a-69b8-412d-8d16-f4cf1551e3f5,c2,DROP,680,?,x8,
1769471348.2177558,RECEIVED,e864e133-6207-479f-9c9b-9443f35ca8bf,e326183a-2a70-4a66-9554-d49e79a65665,c1,DROP,1008,e11,?,
1769471348.3147922,SENT,5cdfedd9-99ae-4c53-b783-e8183b53684c,f83bcaec-e08f-4801-84d4-cfeb95de16ca,c1,DROP,682,?,x2,
1769471348.3148289,FORWARDED,5cdfedd9-99ae-4c53-b783-e8183b53684c,f83bcaec-e08f-4801-84d4-cfeb95de16ca,c1,DROP,682,?,x2,
1769471348.3167086,RECEIVED,7ccd3625-d725-4ead-bfeb-5d139c125cee,4342cbcc-90c5-4797-9772-ba4dee404479,c2,DROP,1008,e1,?,
1769471348.3308735,SENT,e864e133-6207-479f-9c9b-9443f35ca8bf,e326183a-2a70-4a66-9554-d49e79a65665,c1,DROP,684,?,x4,
1769471348.3309126,FORWARDED,e864e133-6207-479f-9c9b-9443f35ca8bf,e326183a-2a70-4a66-9554-d49e79a65665,c1,DROP,684,?,x4,
1769471348.4982176,SENT,7ccd3625-d725-4ead-bfeb-5d139c125cee,4342cbcc-90c5-4797-9772-ba4dee404479,c2,DROP,683,?,x7,
1769471348.4982586,FORWARDED,7ccd3625-d725-4ead-bfeb-5d139c125cee,4342cbcc-90c5-4797-9772-ba4dee404479,c2,DROP,683,?,x7,
1769471348.561143,SENT,4791f4f6-9537-4a53-bd76-0fbd53b44803,cea5dc0d-33e3-4976-8459-3de8edab2314,c3,c1,1258,?,x7,
1769471348.561185,FORWARDED,4791f4f6-9537-4a53-bd76-0fbd53b44803,cea5dc0d-33e3-4976-8459-3de8edab2314,c3,c1,1258,?,x7,
1769471348.7066572,RECEIVED,a41308ce-ea69-443d-9614-974f8f1508c7,c857a64f-28ce-4cec-9e39-f3c3a28be054,c4,DROP,1020,e2,?,
1769471348.7231598,RECEIVED,b2a4d8de-ed73-4342-b1ff-131b501f5f93,5023068e-d55b-49c3-a018-a2c1f62c704a,c5,DROP,1014,e5,?,
1769471349.1318574,SENT,a41308ce-ea69-443d-9614-974f8f1508c7,c857a64f-28ce-4cec-9e39-f3c3a28be054,c4,DROP,693,?,x10,
1769471349.1318948,FORWARDED,a41308ce-ea69-443d-9614-974f8f1508c7,c857a64f-28ce-4cec-9e39-f3c3a28be054,c4,DROP,693,?,x10,
1769471349.3037653,RECEIVED,ceca479b-dcc1-42cb-b1ea-1efd321d0bcf,cfaf456c-49e7-4ae8-83eb-27130ffc7086,c1,DROP,1011,e9,?,
1769471349.3403456,RECEIVED,74b75f5d-1239-4413-910c-95d451a7efe7,540d1086-d162-456a-a835-0cc2fecc4884,c5,DROP,1007,e12,?,
1769471349.3707876,RECEIVED,889ac122-a27b-4f5c-95e1-c30ae3140ba5,e9591a2d-b0c1-45bd-838f-db8edcd52829,c1,DROP,1012,e12,?,
1769471349.3787434,RECEIVED,b742a74f-9ac1-4064-b14b-c60c71604d4d,e0c1348d-c4ec-432e-898b-6578d74cae24,c1,c3,1776,e8,?,
1769471349.4439392,SENT,889ac122-a27b-4f5c-95e1-c30ae3140ba5,e9591a2d-b0c1-45bd-838f-db8edcd52829,c1,DROP,685,?,x8,
1769471349.4439805,FORWARDED,889ac122-a27b-4f5c-95e1-c30ae3140ba5,e9591a2d-b0c1-45bd-838f-db8edcd52829,c1,DROP,685,?,x8,
1769471349.4535103,RECEIVED,d51dca3f-bf54-4b49-be83-7d2750d929c4,a5c939f2-6a18-41ec-90ea-2db28d0d0486,c2,DROP,1011,e9,?,
1769471349.6107779,SENT,b742a74f-9ac1-4064-b14b-c60c71604d4d,e0c1348d-c4ec-432e-898b-6578d74cae24,c1,c3,1259,?,x8,
1769471349.6108131,FORWARDED,b742a74f-9ac1-4064-b14b-c60c71604d4d,e0c1348d-c4ec-432e-898b-6578d74cae24,c1,c3,1259,?,x8,
1769471349.618571,RECEIVED,a9a1cc8b-d9a2-4b25-be5a-ae20026adc5e,f7ba0d04-d5c4-446d-ba42-b1525726c23b,c2,DROP,1018,e11,?,
1769471349.6989837,SENT,b2a4d8de-ed73-4342-b1ff-131b501f5f93,5023068e-d55b-49c3-a018-a2c1f62c704a,c5,DROP,688,?,x4,
1769471349.699026,FORWARDED,b2a4d8de-ed73-4342-b1ff-131b501f5f93,5023068e-d55b-49c3-a018-a2c1f62c704a,c5,DROP,688,?,x4,
1769471349.8754878,RECEIVED,6a3b9adb-3be3-4c7f-8e3a-baff6024aef3,4cbe1580-d2aa-49ce-8f73-d9ad14942e45,c3,c1,1767,e6,?,
1769471349.89866,SENT,74b75f5d-1239-4413-910c-95d451a7efe7,540d1086-d162-456a-a835-0cc2fecc4884,c5,DROP,683,?,x1,
1769471349.898701,FORWARDED,74b75f5d-1239-4413-910c-95d451a7efe7,540d1086-d162-456a-a835-0cc2fecc4884,c5,DROP,683,?,x1,
1769471349.9537718,SENT,d51dca3f-bf54-4b49-be83-7d2750d929c4,a5c939f2-6a18-41ec-90ea-2db28d0d0486,c2,DROP,687,?,x3,
1769471349.953811,FORWARDED,d51dca3f-bf54-4b49-be83-7d2750d929c4,a5c939f2-6a18-41ec-90ea-2db28d0d0486,c2,DROP,687,?,x3,
1769471350.2481122,RECEIVED,ac0d3f2f-15e7-44ec-9e02-746c9e3b2a5c,45d1c0e0-fc3a-4174-9966-7f068ca1a90a,c1,None,1605,e12,?,
1769471350.4230213,RECEIVED,3e3f71f7-ab93-4c89-b8a3-15debaec1c34,d6436d76-3c3e-4180-a4ea-2c88b042deb3,c5,DROP,442,x3,?,
1769471350.4385464,RECEIVED,86331ea2-4756-439f-95cc-63742533105a,09e819b8-e56d-42bd-9997-f51d236e0ffd,c4,DROP,1011,e6,?,
1769471350.4392972,RECEIVED,1e343ae2-8c4a-432e-a786-7c90b09f95c7,ce22dbb5-1ad6-4363-ae55-a434f955c4d3,c4,DROP,442,x6,?,
1769471350.4875257,SENT,a9a1cc8b-d9a2-4b25-be5a-ae20026adc5e,f7ba0d04-d5c4-446d-ba42-b1525726c23b,c2,DROP,692,?,x4,
1769471350.487568,FORWARDED,a9a1cc8b-d9a2-4b25-be5a-ae20026adc5e,f7ba0d04-d5c4-446d-ba42-b1525726c23b,c2,DROP,692,?,x4,
1769471350.5571346,SENT,ac0d3f2f-15e7-44ec-9e02-746c9e3b2a5c,45d1c0e0-fc3a-4174-9966-7f068ca1a90a,c1,None,1132,?,x3,
1769471350.5571778,FORWARDED,ac0d3f2f-15e7-44ec-9e02-746c9e3b2a5c,45d1c0e0-fc3a-4174-9966-7f068ca1a90a,c1,None,1132,?,x3,
1769471350.6153684,SENT,6a3b9adb-3be3-4c7f-8e3a-baff6024aef3,4cbe1580-d2aa-49ce-8f73-d9ad14942e45,c3,c1,1252,?,x7,
1769471350.615411,FORWARDED,6a3b9adb-3be3-4c7f-8e3a-baff6024aef3,4cbe1580-d2aa-49ce-8f73-d9ad14942e45,c3,c1,1252,?,x7,
1769471350.734279,SENT,ceca479b-dcc1-42cb-b1ea-1efd321d0bcf,cfaf456c-49e7-4ae8-83eb-27130ffc7086,c1,DROP,687,?,x3,
1769471350.7343204,FORWARDED,ceca479b-dcc1-42cb-b1ea-1efd321d0bcf,cfaf456c-49e7-4ae8-83eb-27130ffc7086,c1,DROP,687,?,x3,
1769471350.8595276,SENT,86331ea2-4756-439f-95cc-63742533105a,09e819b8-e56d-42bd-9997-f51d236e0ffd,c4,DROP,687,?,x6,
1769471350.8595786,FORWARDED,86331ea2-4756-439f-95cc-63742533105a,09e819b8-e56d-42bd-9997-f51d236e0ffd,c4,DROP,687,?,x6,
1769471351.001242,RECEIVED,d48feabf-8d0d-4ea4-998d-d8e0118aa0f6,a9794a38-359b-4772-bc02-da51777b13ca,c4,DROP,1015,e12,?,
1769471351.1268227,RECEIVED,b761f6f4-d618-4e25-a4ea-234514e0b8f1,ff8ca36e-9529-4726-8387-76a2d793cfc8,c2,DROP,439,x5,?,
1769471351.150119,RECEIVED,69ae4114-c8fa-42db-ad97-54c69f7acd80,14ee60f3-8ea3-4811-97d7-53d9f2f02b00,c4,DROP,441,x4,?,
1769471351.207666,RECEIVED,81d12343-7e48-4c76-bab9-e194505d21e5,81c46191-4dff-4d16-bc35-b4a25924257d,c4,DROP,442,x8,?,
1769471351.2131617,RECEIVED,1dc25e91-472c-4e60-a617-5dc3d72c6998,3f54ddcc-8e48-46d2-9300-45ebadb13835,c2,DROP,1007,e4,?,
1769471351.3163302,RECEIVED,6c43d392-c2a8-4bf9-ad6c-65fc40d662d2,7c727472-7934-4218-93ed-117498b09424,c5,DROP,1011,e11,?,
1769471351.376515,SENT,d48feabf-8d0d-4ea4-998d-d8e0118aa0f6,a9794a38-359b-4772-bc02-da51777b13ca,c4,DROP,688,?,x3,
1769471351.3765576,FORWARDED,d48feabf-8d0d-4ea4-998d-d8e0118aa0f6,a9794a38-359b-4772-bc02-da51777b13ca,c4,DROP,688,?,x3,
1769471351.4107356,RECEIVED,e7d54a88-f3cb-449c-b935-06182263770b,c6c6bd18-8a13-4397-b8db-3917a896a04a,c5,DROP,1007,e11,?,
1769471351.479646,SENT,e7d54a88-f3cb-449c-b935-06182263770b,c6c6bd18-8a13-4397-b8db-3917a896a04a,c5,DROP,684,?,x3,
1769471351.479687,FORWARDED,e7d54a88-f3cb-449c-b935-06182263770b,c6c6bd18-8a13-4397-b8db-3917a896a04a,c5,DROP,684,?,x3,
1769471351.7946622,RECEIVED,a61a7765-3652-4e58-b3f0-55c7f7d5ee67,38774c9b-506d-4bf1-995e-44e319e71e8e,c1,None,1596,e9,?,
1769471351.9008477,SENT,6c43d392-c2a8-4bf9-ad6c-65fc40d662d2,7c727472-7934-4218-93ed-117498b09424,c5,DROP,687,?,x1,
1769471351.9008875,FORWARDED,6c43d392-c2a8-4bf9-ad6c-65fc40d662d2,7c727472-7934-4218-93ed-117498b09424,c5,DROP,687,?,x1,
1769471351.916025,SENT,a61a7765-3652-4e58-b3f0-55c7f7d5ee67,38774c9b-506d-4bf1-995e-44e319e71e8e,c1,None,1124,?,x2,
1769471351.9160812,FORWARDED,a61a7765-3652-4e58-b3f0-55c7f7d5ee67,38774c9b-506d-4bf1-995e-44e319e71e8e,c1,None,1124,?,x2,
1769471351.9335725,RECEIVED,8dcf957e-6042-46ce-98d6-e12a5d8226fd,e5b9f6a8-36e2-41fc-8dca-8df41fe47b80,c5,DROP,1013,e3,?,
1769471351.9975045,SENT,8dcf957e-6042-46ce-98d6-e12a5d8226fd,e5b9f6a8-36e2-41fc-8dca-8df41fe47b80,c5,DROP,687,?,x5,
1769471351.997546,FORWARDED,8dcf957e-6042-46ce-98d6-e12a5d8226fd,e5b9f6a8-36e2-41fc-8dca-8df41fe47b80,c5,DROP,687,?,x5,
1769471351.9994266,SENT,1dc25e91-472c-4e60-a617-5dc3d72c6998,3f54ddcc-8e48-46d2-9300-45ebadb13835,c2,DROP,684,?,x5,
1769471351.9994686,FORWARDED,1dc25e91-472c-4e60-a617-5dc3d72c6998,3f54ddcc-8e48-46d2-9300-45ebadb13835,c2,DROP,684,?,x5,
1769471352.0117674,RECEIVED,59252757-b3d6-4939-a426-c9ecb5359eb8,bc6657e8-3dcf-4b1e-9afb-3514dcc42516,c3,None,1603,e5,?,
1769471352.113991,RECEIVED,129a5ca6-ad00-4a6e-be96-749c7b8c5efe,1592ac6c-ff48-48fb-876e-0871d203a0e3,c2,DROP,441,x10,?,
1769471352.2458363,RECEIVED,73c954f2-9146-4ca3-9dc8-2eed73ecb581,9660185e-5283-4249-a31b-18c3f7980c23,c4,DROP,441,x10,?,
1769471352.2894948,RECEIVED,b73813c7-6b5e-4672-98ce-7347ac7e3006,09ef6a6e-99ed-4d20-be9a-6862c3003b25,c3,DROP,1011,e8,?,
1769471352.5478973,RECEIVED,abe1d2b1-593b-4ad4-b1c9-7a084dcc69ef,9da280fd-4488-4242-8e8c-5d305fa96c7e,c5,DROP,1007,e7,?,
1769471352.58968,RECEIVED,61ab43e5-63b3-43ee-86f1-23c54be28b9e,4ceb1775-06de-440c-ac87-afd79e790c79,c1,None,1602,e7,?,
1769471352.752214,RECEIVED,b1361ad7-0fb1-40e0-8392-d38a2ee62449,bc650c17-f226-4a0b-870f-d6a4dc69be4e,c5,DROP,1011,e10,?,
1769471352.8347135,SENT,59252757-b3d6-4939-a426-c9ecb5359eb8,bc6657e8-3dcf-4b1e-9afb-3514dcc42516,c3,None,1130,?,x8,
1769471352.8347557,FORWARDED,59252757-b3d6-4939-a426-c9ecb5359eb8,bc6657e8-3dcf-4b1e-9afb-3514dcc42516,c3,None,1130,?,x8,
1769471352.8564467,RECEIVED,eb575b9e-4439-4493-853f-6e2f7eb009bc,abe71d40-4b97-45e3-b138-ebb6e140d0bb,c2,c4,1772,e1,?,
1769471353.013775,SENT,abe1d2b1-593b-4ad4-b1c9-7a084dcc69ef,9da280fd-4488-4242-8e8c-5d305fa96c7e,c5,DROP,684,?,x1,
1769471353.0138178,FORWARDED,abe1d2b1-593b-4ad4-b1c9-7a084dcc69ef,9da280fd-4488-4242-8e8c-5d305fa96c7e,c5,DROP,684,?,x1,
1769471353.1388707,SENT,eb575b9e-4439-4493-853f-6e2f7eb009bc,abe71d40-4b97-45e3-b138-ebb6e140d0bb,c2,c4,1256,?,x1,
1769471353.1389115,FORWARDED,eb575b9e-4439-4493-853f-6e2f7eb009bc,abe71d40-4b97-45e3-b138-ebb6e140d0bb,c2,c4,1256,?,x1,
1769471353.2528837,SENT,61ab43e5-63b3-43ee-86f1-23c54be28b9e,4ceb1775-06de-440c-ac87-afd79e790c79,c1,None,1131,?,x5,
1769471353.252933,FORWARDED,61ab43e5-63b3-43ee-86f1-23c54be28b9e,4ceb1775-06de-440c-ac87-afd79e790c79,c1,None,1131,?,x5,
1769471353.2785957,RECEIVED,b49a9ef9-d87f-4306-8aba-ac88ea12ad1c,4a9fae8e-035c-4be1-bdb7-93004164c1a0,c5,DROP,1012,e12,?,
1769471353.341475,SENT,b49a9ef9-d87f-4306-8aba-ac88ea12ad1c,4a9fae8e-035c-4be1-bdb7-93004164c1a0,c5,DROP,687,?,x2,
1769471353.34151,FORWARDED,b49a9ef9-d87f-4306-8aba-ac88ea12ad1c,4a9fae8e-035c-4be1-bdb7-93004164c1a0,c5,DROP,687,?,x2,
1769471353.3597317,SENT,b73813c7-6b5e-4672-98ce-7347ac7e3006,09ef6a6e-99ed-4d20-be9a-6862c3003b25,c3,DROP,687,?,x2,
1769471353.3597708,FORWARDED,b73813c7-6b5e-4672-98ce-7347ac7e3006,09ef6a6e-99ed-4d20-be9a-6862c3003b25,c3,DROP,687,?,x2,
1769471353.6860871,RECEIVED,9a14d0fa-47f5-4f77-a7b1-4a6c96a2d608,1194ad8e-df90-4a03-9d72-866b548c4963,c1,c3,1771,e4,?,
1769471353.704529,RECEIVED,215512c5-39cb-4fb4-b439-d5abb78a606a,1f0a73bc-3f5d-4c05-9c7c-a2eff37f451e,c5,DROP,441,x7,?,
1769471353.8596222,RECEIVED,025c416c-d1d5-4493-8a4f-29a87174352c,937eaa33-dd20-4393-8839-07abda325b8e,c3,c1,1784,e1,?,
1769471353.8673918,SENT,b1361ad7-0fb1-40e0-8392-d38a2ee62449,bc650c17-f226-4a0b-870f-d6a4dc69be4e,c5,DROP,687,?,x6,
1769471353.8674338,FORWARDED,b1361ad7-0fb1-40e0-8392-d38a2ee62449,bc650c17-f226-4a0b-870f-d6a4dc69be4e,c5,DROP,687,?,x6,
1769471354.001532,RECEIVED,9c354f5a-2a86-4fe0-88b4-836caacd6bbb,8521d531-db47-42fb-b1c1-31c019648464,c1,c3,1772,e3,?,
1769471354.0148053,SENT,9a14d0fa-47f5-4f77-a7b1-4a6c96a2d608,1194ad8e-df90-4a03-9d72-866b548c4963,c1,c3,1256,?,x5,
1769471354.014849,FORWARDED,9a14d0fa-47f5-4f77-a7b1-4a6c96a2d608,1194ad8e-df90-4a03-9d72-866b548c4963,c1,c3,1256,?,x5,
1769471354.017026,RECEIVED,6f4bc8bf-09bd-434d-9e2e-9b21c162af30,5687b37e-776b-4631-b216-fa0a6afb64f5,c2,DROP,1011,e10,?,
1769471354.0413537,RECEIVED,f295efdb-eccf-4641-a6f9-4df4599c76a1,d49eadaa-16c8-44e8-b32d-e57341f92af5,c2,DROP,1008,e6,?,
1769471354.0982945,SENT,9c354f5a-2a86-4fe0-88b4-836caacd6bbb,8521d531-db47-42fb-b1c1-31c019648464,c1,c3,1255,?,x9,
1769471354.0983372,FORWARDED,9c354f5a-2a86-4fe0-88b4-836caacd6bbb,8521d531-db47-42fb-b1c1-31c019648464,c1,c3,1255,?,x9,
1769471354.2158492,RECEIVED,51325b2a-d03f-445d-bd58-6d888472cac2,bc8e876c-4745-4f3b-a573-068d86d1beb8,c2,DROP,1012,e12,?,
1769471354.296505,SENT,f295efdb-eccf-4641-a6f9-4df4599c76a1,d49eadaa-16c8-44e8-b32d-e57341f92af5,c2,DROP,683,?,x8,
1769471354.2965436,FORWARDED,f295efdb-eccf-4641-a6f9-4df4599c76a1,d49eadaa-16c8-44e8-b32d-e57341f92af5,c2,DROP,683,?,x8,
1769471354.3505325,SENT,51325b2a-d03f-445d-bd58-6d888472cac2,bc8e876c-4745-4f3b-a573-068d86d1beb8,c2,DROP,685,?,x7,
1769471354.350573,FORWARDED,51325b2a-d03f-445d-bd58-6d888472cac2,bc8e876c-4745-4f3b-a573-068d86d1beb8,c2,DROP,685,?,x7,
1769471354.4452186,RECEIVED,85dbdb04-28ca-4b85-aaac-389eb3cbfe51,52c8914d-2c6a-48f3-9478-c510613809c4,c4,c3,1785,e10,?,
1769471354.4847631,SENT,6f4bc8bf-09bd-434d-9e2e-9b21c162af30,5687b37e-776b-4631-b216-fa0a6afb64f5,c2,DROP,687,?,x2,
1769471354.4848053,FORWARDED,6f4bc8bf-09bd-434d-9e2e-9b21c162af30,5687b37e-776b-4631-b216-fa0a6afb64f5,c2,DROP,687,?,x2,
1769471354.6208663,RECEIVED,94d51716-0afd-42c1-95bc-07a34ed6d4a9,268547b6-60b4-4eb5-8bc0-19bca90089de,c1,DROP,1016,e1,?,
1769471354.661797,SENT,85dbdb04-28ca-4b85-aaac-389eb3cbfe51,52c8914d-2c6a-48f3-9478-c510613809c4,c4,c3,1264,?,x11,
1769471354.66184,FORWARDED,85dbdb04-28ca-4b85-aaac-389eb3cbfe51,52c8914d-2c6a-48f3-9478-c510613809c4,c4,c3,1264,?,x11,
1769471354.874888,RECEIVED,b6d5281a-fce3-4cfc-b561-4aefd138c117,7bb701e5-8d19-4ded-b4ce-3cd052e13b41,c3,DROP,1011,e1,?,
1769471354.8852205,RECEIVED,09788f26-7f51-461a-a0b8-3e8c7cb5fcd0,86ecb4b1-3105-44ca-bced-0b1423fa36ae,c1,DROP,1009,e4,?,
1769471354.9317777,RECEIVED,e4c51744-ea02-466a-8ce8-e731a6f5265e,4c0757c0-a7b2-43e4-aa94-9b405bab9125,c4,DROP,1008,e9,?,
1769471354.9643743,SENT,09788f26-7f51-461a-a0b8-3e8c7cb5fcd0,86ecb4b1-3105-44ca-bced-0b1423fa36ae,c1,DROP,682,?,x2,
1769471354.9644165,FORWARDED,09788f26-7f51-461a-a0b8-3e8c7cb5fcd0,86ecb4b1-3105-44ca-bced-0b1423fa36ae,c1,DROP,682,?,x2,
1769471354.968444,SENT,b6d5281a-fce3-4cfc-b561-4aefd138c117,7bb701e5-8d19-4ded-b4ce-3cd052e13b41,c3,DROP,685,?,x1,
1769471354.9684844,FORWARDED,b6d5281a-fce3-4cfc-b561-4aefd138c117,7bb701e5-8d19-4ded-b4ce-3cd052e13b41,c3,DROP,685,?,x1,
1769471354.9710994,RECEIVED,544e87b6-9d4f-49f6-b388-bf532f2fded8,b2a3b23b-f1bc-4fc6-933b-991ebd477f3b,c4,DROP,1011,e9,?,
1769471354.9793303,SENT,025c416c-d1d5-4493-8a4f-29a87174352c,937eaa33-dd20-4393-8839-07abda325b8e,c3,c1,1264,?,x12,
1769471354.9793718,FORWARDED,025c416c-d1d5-4493-8a4f-29a87174352c,937eaa33-dd20-4393-8839-07abda325b8e,c3,c1,1264,?,x12,
1769471355.1189246,SENT,94d51716-0afd-42c1-95bc-07a34ed6d4a9,268547b6-60b4-4eb5-8bc0-19bca90089de,c1,DROP,688,?,x12,
1769471355.1189647,FORWARDED,94d51716-0afd-42c1-95bc-07a34ed6d4a9,268547b6-60b4-4eb5-8bc0-19bca90089de,c1,DROP,688,?,x12,
1769471355.317549,RECEIVED,32b706ad-e5c8-4bdf-b8be-c19150a04e5f,a7a93a47-2cbc-4c29-a385-610e6d861d0f,c1,c3,1771,e4,?,
1769471355.3684611,SENT,e4c51744-ea02-466a-8ce8-e731a6f5265e,4c0757c0-a7b2-43e4-aa94-9b405bab9125,c4,DROP,684,?,x12,
1769471355.3685038,FORWARDED,e4c51744-ea02-466a-8ce8-e731a6f5265e,4c0757c0-a7b2-43e4-aa94-9b405bab9125,c4,DROP,684,?,x12,
1769471355.4745214,SENT,544e87b6-9d4f-49f6-b388-bf532f2fded8,b2a3b23b-f1bc-4fc6-933b-991ebd477f3b,c4,DROP,685,?,x1,
1769471355.4745598,FORWARDED,544e87b6-9d4f-49f6-b388-bf532f2fded8,b2a3b23b-f1bc-4fc6-933b-991ebd477f3b,c4,DROP,685,?,x1,
1769471355.498472,RECEIVED,0e4ce3a0-4f71-4ba7-a0e3-1bbe5218fbec,c6066f49-d251-41a2-8b02-d81590ba680a,c1,DROP,1007,e3,?,
1769471355.5214505,RECEIVED,d6ab7d41-ff91-4468-980c-8ffa0ae8a2dc,d3349d11-5774-4b31-98e4-11d2ca837125,c3,DROP,1009,e7,?,
1769471355.5716002,RECEIVED,4d44308c-d78b-45ff-a24d-c8c77cbc3303,5699dac9-0f70-4603-8d82-7e1f421e65c9,c1,None,1603,e8,?,
1769471355.5794504,SENT,d6ab7d41-ff91-4468-980c-8ffa0ae8a2dc,d3349d11-5774-4b31-98e4-11d2ca837125,c3,DROP,684,?,x5,
1769471355.57951,FORWARDED,d6ab7d41-ff91-4468-980c-8ffa0ae8a2dc,d3349d11-5774-4b31-98e4-11d2ca837125,c3,DROP,684,?,x5,
1769471355.608347,RECEIVED,04589e70-8241-4d9a-9594-087766adc72f,44a882cc-ea0a-4dc4-94fc-530932fb60e4,c4,DROP,442,x9,?,
1769471355.609441,RECEIVED,ae448b5a-1990-4d8a-982c-edc559dde3c5,5c868052-0c62-4eaa-a5a2-b7489f9e71be,c2,c4,1763,e10,?,
1769471355.8188007,SENT,0e4ce3a0-4f71-4ba7-a0e3-1bbe5218fbec,c6066f49-d251-41a2-8b02-d81590ba680a,c1,DROP,684,?,x8,
1769471355.8188424,FORWARDED,0e4ce3a0-4f71-4ba7-a0e3-1bbe5218fbec,c6066f49-d251-41a2-8b02-d81590ba680a,c1,DROP,684,?,x8,
1769471356.0289128,SENT,ae448b5a-1990-4d8a-982c-edc559dde3c5,5c868052-0c62-4eaa-a5a2-b7489f9e71be,c2,c4,1251,?,x7,
1769471356.02895,FORWARDED,ae448b5a-1990-4d8a-982c-edc559dde3c5,5c868052-0c62-4eaa-a5a2-b7489f9e71be,c2,c4,1251,?,x7,
1769471356.0512273,RECEIVED,5b63cf74-3bf3-47b9-adb0-4898caceebf8,26f0a537-ad62-44d6-bb4a-1047a1f06b87,c5,c1,1786,e8,?,
1769471356.081166,SENT,5b63cf74-3bf3-47b9-adb0-4898caceebf8,26f0a537-ad62-44d6-bb4a-1047a1f06b87,c5,c1,1264,?,x11,
1769471356.0812073,FORWARDED,5b63cf74-3bf3-47b9-adb0-4898caceebf8,26f0a537-ad62-44d6-bb4a-1047a1f06b87,c5,c1,1264,?,x11,
1769471356.08521,SENT,4d44308c-d78b-45ff-a24d-c8c77cbc3303,5699dac9-0f70-4603-8d82-7e1f421e65c9,c1,None,1131,?,x4,
1769471356.085252,FORWARDED,4d44308c-d78b-45ff-a24d-c8c77cbc3303,5699dac9-0f70-4603-8d82-7e1f421e65c9,c1,None,1131,?,x4,
1769471356.2578218,RECEIVED,003ebb4f-aa9c-42f4-9d70-6d1f4a05d540,48771415-206a-47eb-9421-de70ffb4433f,c4,c3,1776,e10,?,
1769471356.3404844,RECEIVED,cee1cecb-30f8-4533-8f01-e253ede0673b,48b3d73f-ed8b-4472-8536-093da1bc37a2,c4,DROP,1020,e5,?,
1769471356.3805683,SENT,32b706ad-e5c8-4bdf-b8be-c19150a04e5f,a7a93a47-2cbc-4c29-a385-610e6d861d0f,c1,c3,1255,?,x8,
1769471356.3806078,FORWARDED,32b706ad-e5c8-4bdf-b8be-c19150a04e5f,a7a93a47-2cbc-4c29-a385-610e6d861d0f,c1,c3,1255,?,x8,
1769471356.6969984,SENT,cee1cecb-30f8-4533-8f01-e253ede0673b,48b3d73f-ed8b-4472-8536-093da1bc37a2,c4,DROP,692,?,x11,
1769471356.6970403,FORWARDED,cee1cecb-30f8-4533-8f01-e253ede0673b,48b3d73f-ed8b-4472-8536-093da1bc37a2,c4,DROP,692,?,x11,
1769471356.72702,RECEIVED,e9f09e5e-7135-4a0d-8f83-8a886ddd331c,59e3c644-83e2-45ce-a6f6-b685a48b1fb2,c4,DROP,1016,e9,?,
1769471356.7510352,SENT,003ebb4f-aa9c-42f4-9d70-6d1f4a05d540,48771415-206a-47eb-9421-de70ffb4433f,c4,c3,1259,?,x7,
1769471356.7510862,FORWARDED,003ebb4f-aa9c-42f4-9d70-6d1f4a05d540,48771415-206a-47eb-9421-de70ffb4433f,c4,c3,1259,?,x7,
1769471356.7862186,SENT,e9f09e5e-7135-4a0d-8f83-8a886ddd331c,59e3c644-83e2-45ce-a6f6-b685a48b1fb2,c4,DROP,688,?,x5,
1769471356.786259,FORWARDED,e9f09e5e-7135-4a0d-8f83-8a886ddd331c,59e3c644-83e2-45ce-a6f6-b685a48b1fb2,c4,DROP,688,?,x5,
1769471356.870995,RECEIVED,f1b3a9d1-f5b9-4df1-a349-48e8fa08fa2b,33341fdc-9c60-4aad-a68e-36d13ffae6d1,c3,None,1613,e10,?,
1769471356.936361,RECEIVED,479d7f3e-9159-4119-9134-81719d268006,94ec0406-c7e3-47d9-85f4-76b59bae6067,c5,DROP,1010,e6,?,
1769471356.9865808,SENT,f1b3a9d1-f5b9-4df1-a349-48e8fa08fa2b,33341fdc-9c60-4aad-a68e-36d13ffae6d1,c3,None,1135,?,x11,
1769471356.986621,FORWARDED,f1b3a9d1-f5b9-4df1-a349-48e8fa08fa2b,33341fdc-9c60-4aad-a68e-36d13ffae6d1,c3,None,1135,?,x11,
1769471357.1122916,SENT,479d7f3e-9159-4119-9134-81719d268006,94ec0406-c7e3-47d9-85f4-76b59bae6067,c5,DROP,685,?,x9,
1769471357.112335,FORWARDED,479d7f3e-9159-4119-9134-81719d268006,94ec0406-c7e3-47d9-85f4-76b59bae6067,c5,DROP,685,?,x9,
1769471357.139825,RECEIVED,86e33145-2e40-4d1b-914e-f5a5350e3a29,2155882e-8f33-4327-a9e0-ee620cb51258,c3,DROP,1015,e6,?,
1769471357.2229037,RECEIVED,2449dc4f-af3c-40a6-8c05-7b7809bf9ec5,ca44e70f-05f5-4b06-bcee-3dd9ed850ec2,c4,None,1607,e7,?,
1769471357.3200953,RECEIVED,c45e73b2-303b-4781-b215-7ea08870c97c,24960bbb-66b0-469b-9607-7a7095c4dfed,c4,DROP,1011,e12,?,
1769471357.4373605,RECEIVED,ce0959b1-f884-42a9-84a8-28245b4ca8fd,2dc0713c-64b8-4107-87dd-b680ce058d3a,c2,DROP,1009,e7,?,
1769471357.4871264,RECEIVED,8e7d0140-c089-42d1-9fc3-a089032a7774,12c4b0a0-810a-4cc9-a85f-1f64cbce3262,c3,DROP,1020,e12,?,
1769471357.5221431,RECEIVED,b14bd060-ce61-4a1a-9c37-f4778a2f07b2,c5cdeafa-5df9-4de1-84aa-322f6cb1d89c,c5,DROP,1007,e8,?,
1769471357.6321313,RECEIVED,ca3c56f6-d3ab-453c-b6ff-0b42299d0bf8,6964bf93-5ccb-454a-8fe9-df5bfda8253c,c4,DROP,1003,e4,?,
1769471357.6394737,RECEIVED,3b258409-7ed9-4719-970e-83bd29433dad,aacb172e-765f-46dd-95e8-01d572c81e8f,c2,DROP,1006,e12,?,
1769471357.6395402,SENT,ce0959b1-f884-42a9-84a8-28245b4ca8fd,2dc0713c-64b8-4107-87dd-b680ce058d3a,c2,DROP,684,?,x12,
1769471357.6397135,FORWARDED,ce0959b1-f884-42a9-84a8-28245b4ca8fd,2dc0713c-64b8-4107-87dd-b680ce058d3a,c2,DROP,684,?,x12,
1769471357.7815726,SENT,c45e73b2-303b-4781-b215-7ea08870c97c,24960bbb-66b0-469b-9607-7a7095c4dfed,c4,DROP,686,?,x7,
1769471357.7816224,FORWARDED,c45e73b2-303b-4781-b215-7ea08870c97c,24960bbb-66b0-469b-9607-7a7095c4dfed,c4,DROP,686,?,x7,
1769471357.7983828,SENT,2449dc4f-af3c-40a6-8c05-7b7809bf9ec5,ca44e70f-05f5-4b06-bcee-3dd9ed850ec2,c4,None,1132,?,x8,
1769471357.7984207,FORWARDED,2449dc4f-af3c-40a6-8c05-7b7809bf9ec5,ca44e70f-05f5-4b06-bcee-3dd9ed850ec2,c4,None,1132,?,x8,
1769471357.8589478,SENT,8e7d0140-c089-42d1-9fc3-a089032a7774,12c4b0a0-810a-4cc9-a85f-1f64cbce3262,c3,DROP,692,?,x2,
1769471357.8589833,FORWARDED,8e7d0140-c089-42d1-9fc3-a089032a7774,12c4b0a0-810a-4cc9-a85f-1f64cbce3262,c3,DROP,692,?,x2,
1769471357.9523225,RECEIVED,eec14467-9363-476f-8d44-78b9925b7d5c,85e95858-7087-4261-8356-61ac84ec8567,c1,DROP,1007,e4,?,
1769471357.9674227,RECEIVED,a20bfecb-f499-456f-8e83-9861db4f94cb,d28e6805-4a3a-490f-b5b2-ff4d7f636427,c3,DROP,1003,e1,?,
1769471358.1393182,RECEIVED,a8673242-cad9-4bc6-b49a-fc617961530c,0450b75a-488c-4b56-a707-1df58f58935d,c1,DROP,1008,e6,?,
1769471358.2147849,SENT,a8673242-cad9-4bc6-b49a-fc617961530c,0450b75a-488c-4b56-a707-1df58f58935d,c1,DROP,683,?,x6,
1769471358.2148259,FORWARDED,a8673242-cad9-4bc6-b49a-fc617961530c,0450b75a-488c-4b56-a707-1df58f58935d,c1,DROP,683,?,x6,
1769471358.2316737,RECEIVED,c1143955-2210-41c4-90a0-44bab47c11dc,56e8cb41-1f0d-460b-919a-7763ef8a5929,c5,DROP,1010,e5,?,
1769471358.2618115,RECEIVED,20d7f0ad-9ea1-4ea9-9ff4-b597f8726878,8c81b719-be2c-4372-bcbb-7bf825ce50a5,c3,None,1599,e12,?,
1769471358.443688,RECEIVED,48280815-8358-4cfc-bda4-f06c0915560a,e90d62c4-75c7-4b50-98a1-5c6d08c35c14,c4,DROP,1013,e4,?,
1769471358.4574773,RECEIVED,cf859e18-1a58-4125-94ec-cd12ff9b57f9,932f4695-4d8c-4d60-a37b-073d87a7bd3f,c1,DROP,441,x1,?,
1769471358.4999924,SENT,b14bd060-ce61-4a1a-9c37-f4778a2f07b2,c5cdeafa-5df9-4de1-84aa-322f6cb1d89c,c5,DROP,683,?,x2,
1769471358.5000346,FORWARDED,b14bd060-ce61-4a1a-9c37-f4778a2f07b2,c5cdeafa-5df9-4de1-84aa-322f6cb1d89c,c5,DROP,683,?,x2,
1769471358.5131996,SENT,a20bfecb-f499-456f-8e83-9861db4f94cb,d28e6805-4a3a-490f-b5b2-ff4d7f636427,c3,DROP,679,?,x4,
1769471358.513243,FORWARDED,a20bfecb-f499-456f-8e83-9861db4f94cb,d28e6805-4a3a-490f-b5b2-ff4d7f636427,c3,DROP,679,?,x4,
1769471358.5255504,SENT,eec14467-9363-476f-8d44-78b9925b7d5c,85e95858-7087-4261-8356-61ac84ec8567,c1,DROP,683,?,x6,
1769471358.5255878,FORWARDED,eec14467-9363-476f-8d44-78b9925b7d5c,85e95858-7087-4261-8356-61ac84ec8567,c1,DROP,683,?,x6,
1769471358.528371,SENT,ca3c56f6-d3ab-453c-b6ff-0b42299d0bf8,6964bf93-5ccb-454a-8fe9-df5bfda8253c,c4,DROP,679,?,x4,
1769471358.5285883,FORWARDED,ca3c56f6-d3ab-453c-b6ff-0b42299d0bf8,6964bf93-5ccb-454a-8fe9-df5bfda8253c,c4,DROP,679,?,x4,
1769471358.640518,SENT,86e33145-2e40-4d1b-914e-f5a5350e3a29,2155882e-8f33-4327-a9e0-ee620cb51258,c3,DROP,688,?,x3,
1769471358.640554,FORWARDED,86e33145-2e40-4d1b-914e-f5a5350e3a29,2155882e-8f33-4327-a9e0-ee620cb51258,c3,DROP,688,?,x3,
1769471358.6513672,SENT,3b258409-7ed9-4719-970e-83bd29433dad,aacb172e-765f-46dd-95e8-01d572c81e8f,c2,DROP,684,?,x7,
1769471358.651411,FORWARDED,3b258409-7ed9-4719-970e-83bd29433dad,aacb172e-765f-46dd-95e8-01d572c81e8f,c2,DROP,684,?,x7,
1769471358.662716,SENT,48280815-8358-4cfc-bda4-f06c0915560a,e90d62c4-75c7-4b50-98a1-5c6d08c35c14,c4,DROP,685,?,x12,
1769471358.6627576,FORWARDED,48280815-8358-4cfc-bda4-f06c0915560a,e90d62c4-75c7-4b50-98a1-5c6d08c35c14,c4,DROP,685,?,x12,
1769471358.7130249,SENT,20d7f0ad-9ea1-4ea9-9ff4-b597f8726878,8c81b719-be2c-4372-bcbb-7bf825ce50a5,c3,None,1127,?,x2,
1769471358.7130759,FORWARDED,20d7f0ad-9ea1-4ea9-9ff4-b597f8726878,8c81b719-be2c-4372-bcbb-7bf825ce50a5,c3,None,1127,?,x2,
1769471358.7242465,RECEIVED,a63a93ae-b9cf-4e20-b96f-6d76065cd702,f015b815-e45c-4729-8f22-712b42446726,c5,DROP,1017,e5,?,
1769471358.8282073,RECEIVED,d3ec95e6-b65d-46c3-a977-15c4c00a1eb8,4727d664-a5ef-42a1-99db-929a598f25a4,c1,c3,1780,e4,?,
1769471358.8500078,RECEIVED,40633881-1a72-440d-9918-6ec5a2846473,db32631f-209a-4ec3-911b-0170be6b7b04,c1,c3,1767,e12,?,
1769471358.8953068,RECEIVED,9d49e45b-d4a2-46e4-8e40-149cdd3b2e08,65152983-1001-44d3-8d65-54b4ba6ef10d,c5,c1,1772,e5,?,
1769471358.8957584,SENT,a63a93ae-b9cf-4e20-b96f-6d76065cd702,f015b815-e45c-4729-8f22-712b42446726,c5,DROP,688,?,x11,
1769471358.8957913,FORWARDED,a63a93ae-b9cf-4e20-b96f-6d76065cd702,f015b815-e45c-4729-8f22-712b42446726,c5,DROP,688,?,x11,
1769471358.9757607,SENT,d3ec95e6-b65d-46c3-a977-15c4c00a1eb8,4727d664-a5ef-42a1-99db-929a598f25a4,c1,c3,1262,?,x12,
1769471358.9758065,FORWARDED,d3ec95e6-b65d-46c3-a977-15c4c00a1eb8,4727d664-a5ef-42a1-99db-929a598f25a4,c1,c3,1262,?,x12,
1769471359.0110269,SENT,9d49e45b-d4a2-46e4-8e40-149cdd3b2e08,65152983-1001-44d3-8d65-54b4ba6ef10d,c5,c1,1256,?,x2,
1769471359.011081,FORWARDED,9d49e45b-d4a2-46e4-8e40-149cdd3b2e08,65152983-1001-44d3-8d65-54b4ba6ef10d,c5,c1,1256,?,x2,
1769471359.1124926,RECEIVED,7bdd2253-d9d5-43f5-a4fc-74bea8e78aa9,c277e3e7-4803-41b6-a843-65f62f3312de,c3,DROP,1010,e12,?,
1769471359.162669,SENT,7bdd2253-d9d5-43f5-a4fc-74bea8e78aa9,c277e3e7-4803-41b6-a843-65f62f3312de,c3,DROP,683,?,x12,
1769471359.162712,FORWARDED,7bdd2253-d9d5-43f5-a4fc-74bea8e78aa9,c277e3e7-4803-41b6-a843-65f62f3312de,c3,DROP,683,?,x12,
1769471359.166243,SENT,c1143955-2210-41c4-90a0-44bab47c11dc,56e8cb41-1f0d-460b-919a-7763ef8a5929,c5,DROP,685,?,x4,
1769471359.1662903,FORWARDED,c1143955-2210-41c4-90a0-44bab47c11dc,56e8cb41-1f0d-460b-919a-7763ef8a5929,c5,DROP,685,?,x4,
1769471359.3212638,RECEIVED,09c106dc-4e84-422e-8943-8ef3eb9e149c,d96e06be-71ce-4551-9ff1-b2dd42bb244e,c4,c3,1776,e4,?,
1769471359.3548863,SENT,40633881-1a72-440d-9918-6ec5a2846473,db32631f-209a-4ec3-911b-0170be6b7b04,c1,c3,1253,?,x8,
1769471359.3549287,FORWARDED,40633881-1a72-440d-9918-6ec5a2846473,db32631f-209a-4ec3-911b-0170be6b7b04,c1,c3,1253,?,x8,
1769471359.459966,RECEIVED,979d14da-eb08-4646-a685-3951acbf496f,3f9bfa5a-24bb-4d30-a0f7-c0c0183e461e,c5,DROP,1007,e12,?,
1769471359.6288362,SENT,09c106dc-4e84-422e-8943-8ef3eb9e149c,d96e06be-71ce-4551-9ff1-b2dd42bb244e,c4,c3,1260,?,x1,
1769471359.6288755,FORWARDED,09c106dc-4e84-422e-8943-8ef3eb9e149c,d96e06be-71ce-4551-9ff1-b2dd42bb244e,c4,c3,1260,?,x1,
1769471359.7724185,RECEIVED,1f45d7d4-0eb8-4d89-90f9-67b4b56ea1b9,4ada5c95-6820-45ac-bf87-a5062202b7a7,c4,c3,1764,e12,?,
1769471359.929348,SENT,1f45d7d4-0eb8-4d89-90f9-67b4b56ea1b9,4ada5c95-6820-45ac-bf87-a5062202b7a7,c4,c3,1251,?,x3,
1769471359.9293902,FORWARDED,1f45d7d4-0eb8-4d89-90f9-67b4b56ea1b9,4ada5c95-6820-45ac-bf87-a5062202b7a7,c4,c3,1251,?,x3,
1769471360.1165366,RECEIVED,3844ac32-1035-4a11-814b-3740282315f6,36425a34-e877-4f2c-b1f5-706b0632fc42,c1,DROP,1007,e2,?,
1769471360.1974592,SENT,979d14da-eb08-4646-a685-3951acbf496f,3f9bfa5a-24bb-4d30-a0f7-c0c0183e461e,c5,DROP,683,?,x9,
1769471360.1975024,FORWARDED,979d14da-eb08-4646-a685-3951acbf496f,3f9bfa5a-24bb-4d30-a0f7-c0c0183e461e,c5,DROP,683,?,x9,
1769471360.6257467,RECEIVED,0733c29f-7c6e-43a7-a077-0be9502d85c5,fd15174d-58b3-442e-abcd-6cb40a123960,c5,DROP,437,x5,?,
1769471360.791656,RECEIVED,00a7e271-77b1-4c11-8705-47e087a65a9c,bc446114-0607-4b49-8151-fbdd22e055b5,c1,DROP,1015,e1,?,
1769471360.914591,SENT,00a7e271-77b1-4c11-8705-47e087a65a9c,bc446114-0607-4b49-8151-fbdd22e055b5,c1,DROP,688,?,x1,
1769471360.9146297,FORWARDED,00a7e271-77b1-4c11-8705-47e087a65a9c,bc446114-0607-4b49-8151-fbdd22e055b5,c1,DROP,688,?,x1,
1769471361.035819,RECEIVED,c02994a6-58e1-4cea-873b-f69e73183161,b497eaf1-f520-4c84-8312-62f610da1456,c1,c3,1788,e9,?,
1769471361.0695305,RECEIVED,1d1a7666-6140-4412-82ad-4e91533ce154,dee7e97c-6609-48dd-9fd5-030d00471be6,c4,None,1599,e2,?,
1769471361.1760302,SENT,3844ac32-1035-4a11-814b-3740282315f6,36425a34-e877-4f2c-b1f5-706b0632fc42,c1,DROP,684,?,x3,
1769471361.1760998,FORWARDED,3844ac32-1035-4a11-814b-3740282315f6,36425a34-e877-4f2c-b1f5-706b0632fc42,c1,DROP,684,?,x3,
1769471361.2187703,RECEIVED,a8261ea0-f8ad-4f29-995f-41f41a5e7714,27cbad5e-a8e1-4688-861b-1e6219da0bef,c4,c3,1783,e11,?,
1769471361.2651725,RECEIVED,c85eae08-1bfa-474b-b26c-ad5e60a8bc9a,56253413-b833-4918-a47e-1b51b61a87a3,c1,None,1599,e10,?,
1769471361.3883708,SENT,1d1a7666-6140-4412-82ad-4e91533ce154,dee7e97c-6609-48dd-9fd5-030d00471be6,c4,None,1128,?,x6,
1769471361.388424,FORWARDED,1d1a7666-6140-4412-82ad-4e91533ce154,dee7e97c-6609-48dd-9fd5-030d00471be6,c4,None,1128,?,x6,
1769471361.4109118,RECEIVED,cfabd72b-c4ab-41b0-812a-a02b3048a468,d1c29337-5a75-4e59-86ef-4c4f0d0fcc65,c1,DROP,1015,e5,?,
1769471361.8991094,RECEIVED,9b5b04e4-da8e-4eac-85c1-182062efe68c,5993b09d-a1c2-43cc-9992-d18e00ceb411,c5,DROP,1008,e10,?,
1769471361.9237707,RECEIVED,9c1ec322-ff42-446b-bbe8-5fe1440ea39b,d712abd3-1762-4490-b6e9-565df69c4432,c4,DROP,1008,e1,?,
1769471362.0238674,SENT,c85eae08-1bfa-474b-b26c-ad5e60a8bc9a,56253413-b833-4918-a47e-1b51b61a87a3,c1,None,1127,?,x9,
1769471362.0239077,FORWARDED,c85eae08-1bfa-474b-b26c-ad5e60a8bc9a,56253413-b833-4918-a47e-1b51b61a87a3,c1,None,1127,?,x9,
1769471362.0877464,SENT,9b5b04e4-da8e-4eac-85c1-182062efe68c,5993b09d-a1c2-43cc-9992-d18e00ceb411,c5,DROP,684,?,x8,
1769471362.08779,FORWARDED,9b5b04e4-da8e-4eac-85c1-182062efe68c,5993b09d-a1c2-43cc-9992-d18e00ceb411,c5,DROP,684,?,x8,
1769471362.3754234,SENT,cfabd72b-c4ab-41b0-812a-a02b3048a468,d1c29337-5a75-4e59-86ef-4c4f0d0fcc65,c1,DROP,689,?,x9,
1769471362.3754668,FORWARDED,cfabd72b-c4ab-41b0-812a-a02b3048a468,d1c29337-5a75-4e59-86ef-4c4f0d0fcc65,c1,DROP,689,?,x9,
1769471362.4003656,SENT,a8261ea0-f8ad-4f29-995f-41f41a5e7714,27cbad5e-a8e1-4688-861b-1e6219da0bef,c4,c3,1264,?,x6,
1769471362.4004076,FORWARDED,a8261ea0-f8ad-4f29-995f-41f41a5e7714,27cbad5e-a8e1-4688-861b-1e6219da0bef,c4,c3,1264,?,x6,
1769471362.4946005,RECEIVED,4d90820d-4822-4ab9-a133-37f983a50063,9be7d16b-f0bd-43a9-a5d9-13fa3c266aa3,c5,DROP,1011,e1,?,
1769471362.5121047,SENT,9c1ec322-ff42-446b-bbe8-5fe1440ea39b,d712abd3-1762-4490-b6e9-565df69c4432,c4,DROP,684,?,x11,
1769471362.512146,FORWARDED,9c1ec322-ff42-446b-bbe8-5fe1440ea39b,d712abd3-1762-4490-b6e9-565df69c4432,c4,DROP,684,?,x11,
1769471362.7483997,RECEIVED,c99c054b-e884-47dc-873b-3bd4657a0b53,73d94e1c-8e78-4435-8547-5e8577929b79,c2,c4,1781,e5,?,
1769471362.9074576,SENT,c99c054b-e884-47dc-873b-3bd4657a0b53,73d94e1c-8e78-4435-8547-5e8577929b79,c2,c4,1262,?,x10,
1769471362.9074993,FORWARDED,c99c054b-e884-47dc-873b-3bd4657a0b53,73d94e1c-8e78-4435-8547-5e8577929b79,c2,c4,1262,?,x10,
1769471362.9083846,RECEIVED,19d09b1c-e68d-41f1-9f82-94dd3ae167eb,1ffd9ed8-a4ad-4e5e-bc08-882dc5285acc,c5,DROP,1022,e11,?,
1769471362.9366145,SENT,4d90820d-4822-4ab9-a133-37f983a50063,9be7d16b-f0bd-43a9-a5d9-13fa3c266aa3,c5,DROP,687,?,x7,
1769471362.9366531,FORWARDED,4d90820d-4822-4ab9-a133-37f983a50063,9be7d16b-f0bd-43a9-a5d9-13fa3c266aa3,c5,DROP,687,?,x7,
1769471362.9484031,SENT,19d09b1c-e68d-41f1-9f82-94dd3ae167eb,1ffd9ed8-a4ad-4e5e-bc08-882dc5285acc,c5,DROP,692,?,x10,
1769471362.948445,FORWARDED,19d09b1c-e68d-41f1-9f82-94dd3ae167eb,1ffd9ed8-a4ad-4e5e-bc08-882dc5285acc,c5,DROP,692,?,x10,
1769471362.973934,RECEIVED,fb560fee-4ce1-492d-86b9-096ede1a87b2,2a9b1982-0ef2-4007-9ad9-a76d29088e80,c3,DROP,438,x1,?,
1769471362.984941,RECEIVED,2e563e4b-1aa5-43d3-92c7-62ddb84b0c53,f57e9085-029f-4791-b7a0-41a908667e49,c4,None,1607,e8,?,
1769471363.1094744,RECEIVED,274bd471-f225-40d0-b842-f0ed180f62ad,e89298ee-1ebc-4b13-85ed-22f59d950dab,c1,DROP,1012,e7,?,
1769471363.2134075,RECEIVED,81344949-1840-4b56-b559-c05eeb54a9a6,6a80eedc-1998-4c80-bc72-38ce8fb3f4ce,c3,c1,1775,e8,?,
1769471363.2203453,RECEIVED,8f720ed7-c50c-4dd8-840b-82cc97fb9898,be4d785c-7e9d-4a40-91cb-e899392216f9,c5,DROP,1015,e8,?,
1769471363.269708,SENT,8f720ed7-c50c-4dd8-840b-82cc97fb9898,be4d785c-7e9d-4a40-91cb-e899392216f9,c5,DROP,688,?,x12,
1769471363.2697487,FORWARDED,8f720ed7-c50c-4dd8-840b-82cc97fb9898,be4d785c-7e9d-4a40-91cb-e899392216f9,c5,DROP,688,?,x12,
1769471363.411897,RECEIVED,f33bd717-95be-4e1e-bb3c-af3d5fd168b1,a0791007-f265-4371-9f0c-059110a9f7cc,c5,c1,1775,e2,?,
1769471363.4372025,RECEIVED,4caba626-5bb6-4f0d-9e8f-e836db375904,d22756a1-11c9-4060-998c-84f849b34457,c1,None,1609,e12,?,
1769471363.4800322,SENT,4caba626-5bb6-4f0d-9e8f-e836db375904,d22756a1-11c9-4060-998c-84f849b34457,c1,None,1132,?,x1,
1769471363.480326,FORWARDED,4caba626-5bb6-4f0d-9e8f-e836db375904,d22756a1-11c9-4060-998c-84f849b34457,c1,None,1132,?,x1,
1769471363.5787513,RECEIVED,e433df5b-25b4-43c3-81e3-09c5a448ec8b,101bef9a-6e0b-4ec1-b6f3-ca45c4a2c537,c4,DROP,442,x8,?,
1769471363.6937902,SENT,274bd471-f225-40d0-b842-f0ed180f62ad,e89298ee-1ebc-4b13-85ed-22f59d950dab,c1,DROP,687,?,x12,
1769471363.693829,FORWARDED,274bd471-f225-40d0-b842-f0ed180f62ad,e89298ee-1ebc-4b13-85ed-22f59d950dab,c1,DROP,687,?,x12,
1769471363.7555308,SENT,c02994a6-58e1-4cea-873b-f69e73183161,b497eaf1-f520-4c84-8312-62f610da1456,c1,c3,1269,?,x10,
1769471363.7555735,FORWARDED,c02994a6-58e1-4cea-873b-f69e73183161,b497eaf1-f520-4c84-8312-62f610da1456,c1,c3,1269,?,x10,
1769471363.775416,SENT,2e563e4b-1aa5-43d3-92c7-62ddb84b0c53,f57e9085-029f-4791-b7a0-41a908667e49,c4,None,1132,?,x3,
1769471363.7754588,FORWARDED,2e563e4b-1aa5-43d3-92c7-62ddb84b0c53,f57e9085-029f-4791-b7a0-41a908667e49,c4,None,1132,?,x3,
1769471363.9658232,SENT,f33bd717-95be-4e1e-bb3c-af3d5fd168b1,a0791007-f265-4371-9f0c-059110a9f7cc,c5,c1,1259,?,x2,
1769471363.965866,FORWARDED,f33bd717-95be-4e1e-bb3c-af3d5fd168b1,a0791007-f265-4371-9f0c-059110a9f7cc,c5,c1,1259,?,x2,
1769471364.0389502,RECEIVED,e5bd0465-a219-4588-b1c0-fbad960c1bcf,821d9d77-dd41-415a-a016-563d1004c62d,c2,DROP,1007,e7,?,
1769471364.0847492,RECEIVED,40d000d6-234e-433a-b217-657cc4bb27db,dd1a6da2-1f84-4da0-adec-bbbedcc88c46,c2,DROP,1011,e7,?,
1769471364.2163928,RECEIVED,6f290dc6-189d-45c6-9c2b-dfa466066b1a,c2c14ffb-89ab-4784-a7e0-af4f3e14cede,c2,DROP,1015,e10,?,
1769471364.2223911,SENT,81344949-1840-4b56-b559-c05eeb54a9a6,6a80eedc-1998-4c80-bc72-38ce8fb3f4ce,c3,c1,1259,?,x8,
1769471364.222429,FORWARDED,81344949-1840-4b56-b559-c05eeb54a9a6,6a80eedc-1998-4c80-bc72-38ce8fb3f4ce,c3,c1,1259,?,x8,
1769471364.2371733,SENT,e5bd0465-a219-4588-b1c0-fbad960c1bcf,821d9d77-dd41-415a-a016-563d1004c62d,c2,DROP,684,?,x3,
1769471364.237212,FORWARDED,e5bd0465-a219-4588-b1c0-fbad960c1bcf,821d9d77-dd41-415a-a016-563d1004c62d,c2,DROP,684,?,x3,
1769471364.2499483,RECEIVED,2026212a-a543-4af0-aaa4-2f8eb2b79bdf,83c22bc4-63dc-4ff1-87d4-eb8c8500f671,c1,None,1599,e5,?,
1769471364.398913,SENT,6f290dc6-189d-45c6-9c2b-dfa466066b1a,c2c14ffb-89ab-4784-a7e0-af4f3e14cede,c2,DROP,688,?,x9,
1769471364.3989532,FORWARDED,6f290dc6-189d-45c6-9c2b-dfa466066b1a,c2c14ffb-89ab-4784-a7e0-af4f3e14cede,c2,DROP,688,?,x9,
1769471364.5606308,RECEIVED,6d5cee96-433e-4876-b0e0-3414a0e34b10,f0f22497-0f4c-4b6d-88a1-4ae91790445c,c2,DROP,1008,e1,?,
1769471364.6618295,SENT,40d000d6-234e-433a-b217-657cc4bb27db,dd1a6da2-1f84-4da0-adec-bbbedcc88c46,c2,DROP,687,?,x3,
1769471364.6618717,FORWARDED,40d000d6-234e-433a-b217-657cc4bb27db,dd1a6da2-1f84-4da0-adec-bbbedcc88c46,c2,DROP,687,?,x3,
1769471364.6701748,RECEIVED,d3e05f6b-21da-49ff-b551-9fd04ed5c27f,06ba525b-54b7-4bb6-892d-3a85a32ab445,c1,DROP,1008,e11,?,
1769471364.7050004,RECEIVED,362e8e68-9f89-45f9-aa96-ea9329157abc,ef5d2b89-6306-44c7-9739-9af913fc8960,c1,DROP,1008,e7,?,
1769471364.724341,SENT,2026212a-a543-4af0-aaa4-2f8eb2b79bdf,83c22bc4-63dc-4ff1-87d4-eb8c8500f671,c1,None,1127,?,x4,
1769471364.7243845,FORWARDED,2026212a-a543-4af0-aaa4-2f8eb2b79bdf,83c22bc4-63dc-4ff1-87d4-eb8c8500f671,c1,None,1127,?,x4,
1769471364.7971606,RECEIVED,d71e8d70-8a19-4ada-94a6-5667572a430b,10e0765a-353f-4d95-915c-1a389a5b22c8,c4,c3,1767,e3,?,
1769471364.8373427,RECEIVED,e6992a2b-1432-4824-9860-e9fca4fd84d8,3090550e-6bce-4ac6-8e49-11e5abae270d,c4,DROP,440,x6,?,
1769471364.8740366,SENT,d3e05f6b-21da-49ff-b551-9fd04ed5c27f,06ba525b-54b7-4bb6-892d-3a85a32ab445,c1,DROP,683,?,x6,
1769471364.8740911,FORWARDED,d3e05f6b-21da-49ff-b551-9fd04ed5c27f,06ba525b-54b7-4bb6-892d-3a85a32ab445,c1,DROP,683,?,x6,
1769471364.916496,SENT,6d5cee96-433e-4876-b0e0-3414a0e34b10,f0f22497-0f4c-4b6d-88a1-4ae91790445c,c2,DROP,683,?,x9,
1769471364.9165373,FORWARDED,6d5cee96-433e-4876-b0e0-3414a0e34b10,f0f22497-0f4c-4b6d-88a1-4ae91790445c,c2,DROP,683,?,x9,
1769471364.919445,SENT,362e8e68-9f89-45f9-aa96-ea9329157abc,ef5d2b89-6306-44c7-9739-9af913fc8960,c1,DROP,682,?,x7,
1769471364.9194837,FORWARDED,362e8e68-9f89-45f9-aa96-ea9329157abc,ef5d2b89-6306-44c7-9739-9af913fc8960,c1,DROP,682,?,x7,
1769471365.1061325,RECEIVED,e1ea1e37-79cd-4712-83b9-b55e77207543,dc15938e-9a23-403b-ae24-23708a11d2bc,c1,DROP,1016,e3,?,
1769471365.361713,SENT,d71e8d70-8a19-4ada-94a6-5667572a430b,10e0765a-353f-4d95-915c-1a389a5b22c8,c4,c3,1252,?,x4,
1769471365.3617523,FORWARDED,d71e8d70-8a19-4ada-94a6-5667572a430b,10e0765a-353f-4d95-915c-1a389a5b22c8,c4,c3,1252,?,x4,
1769471365.5136976,RECEIVED,5d209746-5d6f-433d-9be3-aae9371beffa,48da2701-54d1-464b-ba9c-5342150f7321,c1,c3,1767,e10,?,
1769471365.5242739,SENT,e1ea1e37-79cd-4712-83b9-b55e77207543,dc15938e-9a23-403b-ae24-23708a11d2bc,c1,DROP,688,?,x5,
1769471365.5243149,FORWARDED,e1ea1e37-79cd-4712-83b9-b55e77207543,dc15938e-9a23-403b-ae24-23708a11d2bc,c1,DROP,688,?,x5,
1769471365.6085992,RECEIVED,cccacd9d-ec15-48a3-9de5-ac0915aede16,b3a4b5b3-ad1c-44ea-9fce-cf40bcd4a5c1,c3,None,1595,e4,?,
1769471365.6248627,SENT,5d209746-5d6f-433d-9be3-aae9371beffa,48da2701-54d1-464b-ba9c-5342150f7321,c1,c3,1252,?,x4,
1769471365.6249037,FORWARDED,5d209746-5d6f-433d-9be3-aae9371beffa,48da2701-54d1-464b-ba9c-5342150f7321,c1,c3,1252,?,x4,
1769471365.6353796,RECEIVED,9ce982cf-d0e9-4cfe-9071-c8fb893b06ad,426ddefb-dca1-4729-bcf2-df13211001a0,c1,c3,1765,e9,?,
1769471365.6839323,RECEIVED,61507990-9426-4cb9-a919-26fcbb52206c,f7c3df0d-4ddb-4892-b147-82bede5a4b45,c4,DROP,1016,e8,?,
1769471365.7764976,SENT,61507990-9426-4cb9-a919-26fcbb52206c,f7c3df0d-4ddb-4892-b147-82bede5a4b45,c4,DROP,689,?,x9,
1769471365.7765458,FORWARDED,61507990-9426-4cb9-a919-26fcbb52206c,f7c3df0d-4ddb-4892-b147-82bede5a4b45,c4,DROP,689,?,x9,
1769471365.8083844,SENT,cccacd9d-ec15-48a3-9de5-ac0915aede16,b3a4b5b3-ad1c-44ea-9fce-cf40bcd4a5c1,c3,None,1123,?,x1,
1769471365.8084273,FORWARDED,cccacd9d-ec15-48a3-9de5-ac0915aede16,b3a4b5b3-ad1c-44ea-9fce-cf40bcd4a5c1,c3,None,1123,?,x1,
1769471365.8114762,RECEIVED,fa75e635-1c96-4882-b35d-060f4583df7f,6fb71536-40a7-4792-a6ea-854010c18ef0,c3,DROP,1003,e4,?,
1769471365.821298,RECEIVED,6e9ccabe-0e02-484e-aebe-667e238cd71e,453d2c43-4d59-469b-b7c5-501576fc64fd,c3,None,1605,e12,?,
1769471365.839055,RECEIVED,301ebfbb-0ba0-447f-b7d6-a16b172bf82a,d3dcc635-5df7-4999-9d23-499b0fd5ea3e,c2,DROP,1012,e2,?,
1769471365.8412135,RECEIVED,ce341a16-59ec-4105-84c8-539530b1ce57,fb9f18bc-a065-4792-b710-f8aa69420e82,c5,c1,1769,e2,?,
1769471365.8554327,SENT,ce341a16-59ec-4105-84c8-539530b1ce57,fb9f18bc-a065-4792-b710-f8aa69420e82,c5,c1,1254,?,x9,
1769471365.8554673,FORWARDED,ce341a16-59ec-4105-84c8-539530b1ce57,fb9f18bc-a065-4792-b710-f8aa69420e82,c5,c1,1254,?,x9,
1769471365.8570845,SENT,9ce982cf-d0e9-4cfe-9071-c8fb893b06ad,426ddefb-dca1-4729-bcf2-df13211001a0,c1,c3,1251,?,x12,
1769471365.857121,FORWARDED,9ce982cf-d0e9-4cfe-9071-c8fb893b06ad,426ddefb-dca1-4729-bcf2-df13211001a0,c1,c3,1251,?,x12,
1769471365.8775928,SENT,301ebfbb-0ba0-447f-b7d6-a16b172bf82a,d3dcc635-5df7-4999-9d23-499b0fd5ea3e,c2,DROP,685,?,x1,
1769471365.8776314,FORWARDED,301ebfbb-0ba0-447f-b7d6-a16b172bf82a,d3dcc635-5df7-4999-9d23-499b0fd5ea3e,c2,DROP,685,?,x1,
1769471365.9528315,SENT,6e9ccabe-0e02-484e-aebe-667e238cd71e,453d2c43-4d59-469b-b7c5-501576fc64fd,c3,None,1131,?,x12,
1769471365.9528744,FORWARDED,6e9ccabe-0e02-484e-aebe-667e238cd71e,453d2c43-4d59-469b-b7c5-501576fc64fd,c3,None,1131,?,x12,
1769471366.0587404,RECEIVED,8bcf5af2-0a1e-44a6-9935-1a5dd0bf357e,dd1a08d9-f99a-4558-9c85-349a007ce299,c1,None,1607,e3,?,
1769471366.1818483,RECEIVED,777a88d4-3a74-4657-991d-8397137b2f2a,a10bacff-ac82-4aad-980d-5da6098da3c1,c4,DROP,1017,e1,?,
1769471366.1826797,RECEIVED,eaa67137-a538-4c9f-888b-24621442258a,5273c074-38ed-4834-a3f8-dc1da8519af2,c3,None,1595,e8,?,
1769471366.2592478,SENT,777a88d4-3a74-4657-991d-8397137b2f2a,a10bacff-ac82-4aad-980d-5da6098da3c1,c4,DROP,688,?,x10,
1769471366.2592828,FORWARDED,777a88d4-3a74-4657-991d-8397137b2f2a,a10bacff-ac82-4aad-980d-5da6098da3c1,c4,DROP,688,?,x10,
1769471366.3115923,SENT,fa75e635-1c96-4882-b35d-060f4583df7f,6fb71536-40a7-4792-a6ea-854010c18ef0,c3,DROP,679,?,x9,
1769471366.311634,FORWARDED,fa75e635-1c96-4882-b35d-060f4583df7f,6fb71536-40a7-4792-a6ea-854010c18ef0,c3,DROP,679,?,x9,
1769471366.3366978,RECEIVED,5592f899-0e1e-4590-9583-fcb4afec2dd2,d3dfc38e-37b6-4d40-b043-c53b84213667,c5,DROP,1012,e2,?,
1769471366.3779354,RECEIVED,6e80f15c-de2e-4b96-88df-93f751d35531,271992e7-441e-4423-a41b-7172a5781558,c2,DROP,1015,e8,?,
1769471366.3856025,RECEIVED,1697a61b-1f1a-4bfd-a459-6fb948ad3b8c,c1d612c5-0a1b-4430-a439-0fe342b94f32,c4,DROP,1008,e2,?,
1769471366.49175,RECEIVED,4c2230e5-8332-4760-9865-7a2291aaf2c5,5e92d7b8-cb1c-422f-8c5b-2e4e9c0d6cd3,c4,DROP,1008,e11,?,
1769471366.5974355,SENT,5592f899-0e1e-4590-9583-fcb4afec2dd2,d3dfc38e-37b6-4d40-b043-c53b84213667,c5,DROP,687,?,x7,
1769471366.5974786,FORWARDED,5592f899-0e1e-4590-9583-fcb4afec2dd2,d3dfc38e-37b6-4d40-b043-c53b84213667,c5,DROP,687,?,x7,
1769471366.708226,SENT,1697a61b-1f1a-4bfd-a459-6fb948ad3b8c,c1d612c5-0a1b-4430-a439-0fe342b94f32,c4,DROP,683,?,x2,
1769471366.7082684,FORWARDED,1697a61b-1f1a-4bfd-a459-6fb948ad3b8c,c1d612c5-0a1b-4430-a439-0fe342b94f32,c4,DROP,683,?,x2,
1769471366.736548,RECEIVED,0323e80e-525c-4857-b9a6-328c3fefb1e4,7037705f-493e-4290-8c17-12d04f4eb8b7,c3,DROP,1016,e11,?,
1769471366.7673874,RECEIVED,2ea1bf4a-9e04-40e4-b6aa-9cafe9ef3325,d9b8a66d-ee17-464e-b71f-88c352d15a5a,c4,DROP,1007,e3,?,
1769471366.8537123,SENT,eaa67137-a538-4c9f-888b-24621442258a,5273c074-38ed-4834-a3f8-dc1da8519af2,c3,None,1123,?,x5,
1769471366.853751,FORWARDED,eaa67137-a538-4c9f-888b-24621442258a,5273c074-38ed-4834-a3f8-dc1da8519af2,c3,None,1123,?,x5,
1769471366.8680742,RECEIVED,fe0918bc-2062-412c-86e5-b437c447825f,2faf4b14-6f10-4341-9c95-7b182335d53b,c1,DROP,1012,e1,?,
1769471366.9413345,SENT,0323e80e-525c-4857-b9a6-328c3fefb1e4,7037705f-493e-4290-8c17-12d04f4eb8b7,c3,DROP,688,?,x3,
1769471366.94162,FORWARDED,0323e80e-525c-4857-b9a6-328c3fefb1e4,7037705f-493e-4290-8c17-12d04f4eb8b7,c3,DROP,688,?,x3,
1769471366.9469903,SENT,4c2230e5-8332-4760-9865-7a2291aaf2c5,5e92d7b8-cb1c-422f-8c5b-2e4e9c0d6cd3,c4,DROP,683,?,x4,
1769471366.9470265,FORWARDED,4c2230e5-8332-4760-9865-7a2291aaf2c5,5e92d7b8-cb1c-422f-8c5b-2e4e9c0d6cd3,c4,DROP,683,?,x4,
1769471366.9575405,SENT,2ea1bf4a-9e04-40e4-b6aa-9cafe9ef3325,d9b8a66d-ee17-464e-b71f-88c352d15a5a,c4,DROP,683,?,x3,
1769471366.9575808,FORWARDED,2ea1bf4a-9e04-40e4-b6aa-9cafe9ef3325,d9b8a66d-ee17-464e-b71f-88c352d15a5a,c4,DROP,683,?,x3,
1769471367.1863594,SENT,fe0918bc-2062-412c-86e5-b437c447825f,2faf4b14-6f10-4341-9c95-7b182335d53b,c1,DROP,687,?,x1,
1769471367.1863997,FORWARDED,fe0918bc-2062-412c-86e5-b437c447825f,2faf4b14-6f10-4341-9c95-7b182335d53b,c1,DROP,687,?,x1,
1769471367.496354,SENT,8bcf5af2-0a1e-44a6-9935-1a5dd0bf357e,dd1a08d9-f99a-4558-9c85-349a007ce299,c1,None,1132,?,x6,
1769471367.4963968,FORWARDED,8bcf5af2-0a1e-44a6-9935-1a5dd0bf357e,dd1a08d9-f99a-4558-9c85-349a007ce299,c1,None,1132,?,x6,
1769471367.6896665,RECEIVED,1b438f20-aeb0-4547-95fc-044be0a4a1e8,c0b40b32-97fe-4086-b0cc-293a9dfb555a,c1,DROP,1019,e10,?,
1769471367.7024074,RECEIVED,326a1629-83f6-4743-bd7e-ac33b0aaa3fc,d78567d6-feca-463a-9844-01625c3969b0,c4,DROP,1012,e7,?,
1769471367.756761,RECEIVED,8092aad3-250e-4fda-8799-b016b16ec993,8aeb8d4a-bfc9-443c-8b4b-92a1d63df2dd,c1,c3,1772,e5,?,
1769471367.772433,RECEIVED,44bc3175-dd2a-4046-8dfb-a2b437b9cd0b,ed894756-5d8c-4aa3-8813-4b5d745153de,c5,DROP,1011,e11,?,
1769471367.8356037,RECEIVED,44482fcc-bbfa-4a59-962a-506def032b8d,d5f34a8d-cd8f-46fc-8c3b-749eb2d984bf,c5,DROP,1021,e12,?,
1769471367.8949246,RECEIVED,3ebc8ee0-b709-4299-a9c3-d362034a7371,c4d0c4e4-4ab1-4997-9498-ee52684bfac5,c4,DROP,1023,e12,?,
1769471367.932623,RECEIVED,10f11aa5-88c4-47ab-83b5-244460856520,ee319d99-60ed-458d-a783-95eb922b9bcb,c1,DROP,1007,e4,?,
1769471367.969753,SENT,6e80f15c-de2e-4b96-88df-93f751d35531,271992e7-441e-4423-a41b-7172a5781558,c2,DROP,689,?,x7,
1769471367.9697955,FORWARDED,6e80f15c-de2e-4b96-88df-93f751d35531,271992e7-441e-4423-a41b-7172a5781558,c2,DROP,689,?,x7,
1769471367.9734106,RECEIVED,03353030-64ac-472d-a336-85fb36bc653d,5efc61b4-c9c0-437d-97a9-30dfc64980ed,c3,DROP,1011,e12,?,
1769471367.9812682,RECEIVED,735de50e-d9d9-4591-8e29-e61ec797c484,b01d646a-bfa0-4fe6-8f5a-db2e26f46e37,c2,DROP,442,x9,?,
1769471367.9934947,SENT,8092aad3-250e-4fda-8799-b016b16ec993,8aeb8d4a-bfc9-443c-8b4b-92a1d63df2dd,c1,c3,1256,?,x5,
1769471367.9935343,FORWARDED,8092aad3-250e-4fda-8799-b016b16ec993,8aeb8d4a-bfc9-443c-8b4b-92a1d63df2dd,c1,c3,1256,?,x5,
1769471368.001755,SENT,326a1629-83f6-4743-bd7e-ac33b0aaa3fc,d78567d6-feca-463a-9844-01625c3969b0,c4,DROP,686,?,x11,
1769471368.0017948,FORWARDED,326a1629-83f6-4743-bd7e-ac33b0aaa3fc,d78567d6-feca-463a-9844-01625c3969b0,c4,DROP,686,?,x11,
1769471368.059732,SENT,44482fcc-bbfa-4a59-962a-506def032b8d,d5f34a8d-cd8f-46fc-8c3b-749eb2d984bf,c5,DROP,691,?,x10,
1769471368.0597696,FORWARDED,44482fcc-bbfa-4a59-962a-506def032b8d,d5f34a8d-cd8f-46fc-8c3b-749eb2d984bf,c5,DROP,691,?,x10,
1769471368.1471047,SENT,10f11aa5-88c4-47ab-83b5-244460856520,ee319d99-60ed-458d-a783-95eb922b9bcb,c1,DROP,684,?,x2,
1769471368.1471465,FORWARDED,10f11aa5-88c4-47ab-83b5-244460856520,ee319d99-60ed-458d-a783-95eb922b9bcb,c1,DROP,684,?,x2,
1769471368.1568465,SENT,44bc3175-dd2a-4046-8dfb-a2b437b9cd0b,ed894756-5d8c-4aa3-8813-4b5d745153de,c5,DROP,685,?,x3,
1769471368.1568868,FORWARDED,44bc3175-dd2a-4046-8dfb-a2b437b9cd0b,ed894756-5d8c-4aa3-8813-4b5d745153de,c5,DROP,685,?,x3,
1769471368.173984,SENT,3ebc8ee0-b709-4299-a9c3-d362034a7371,c4d0c4e4-4ab1-4997-9498-ee52684bfac5,c4,DROP,694,?,x6,
1769471368.1740236,FORWARDED,3ebc8ee0-b709-4299-a9c3-d362034a7371,c4d0c4e4-4ab1-4997-9498-ee52684bfac5,c4,DROP,694,?,x6,
1769471368.2369668,RECEIVED,bcfd96e6-90e3-4ed8-a7ea-10aa6fd1591e,f4a63767-e2c4-4c01-af64-e863fec61067,c2,DROP,442,x2,?,
1769471368.2921093,RECEIVED,298a1697-b0f9-483f-8cbb-2ee210557a48,4de5ab15-eb7c-474e-9a77-d07e448174c2,c3,c1,1777,e9,?,
1769471368.31542,SENT,298a1697-b0f9-483f-8cbb-2ee210557a48,4de5ab15-eb7c-474e-9a77-d07e448174c2,c3,c1,1259,?,x6,
1769471368.315461,FORWARDED,298a1697-b0f9-483f-8cbb-2ee210557a48,4de5ab15-eb7c-474e-9a77-d07e448174c2,c3,c1,1259,?,x6,
1769471368.467727,RECEIVED,e85e9820-6d2d-43fa-83ec-2f5e5c49f2fa,25c1f9a8-4092-48c2-a1ba-a5e1c11f6c65,c3,DROP,1016,e5,?,
1769471368.5971644,RECEIVED,e72afa65-a4d2-456c-bfb2-f06167926864,9f7e0a3d-0a23-430a-96f3-0988b5ce3687,c2,c4,1788,e10,?,
1769471368.7244341,RECEIVED,7aa581b0-605b-4159-9c68-8e440cc3622d,30306cb2-3ca9-4a0c-95cb-946126f8d173,c3,DROP,1012,e5,?,
1769471368.7860959,RECEIVED,3fc5888b-be11-4115-bdec-229af67ed00c,77852f69-ed07-4c71-8625-c09b01e64d03,c5,DROP,1012,e1,?,
1769471368.8455875,SENT,3fc5888b-be11-4115-bdec-229af67ed00c,77852f69-ed07-4c71-8625-c09b01e64d03,c5,DROP,687,?,x4,
1769471368.8456323,FORWARDED,3fc5888b-be11-4115-bdec-229af67ed00c,77852f69-ed07-4c71-8625-c09b01e64d03,c5,DROP,687,?,x4,
1769471368.9469764,SENT,e85e9820-6d2d-43fa-83ec-2f5e5c49f2fa,25c1f9a8-4092-48c2-a1ba-a5e1c11f6c65,c3,DROP,688,?,x3,
1769471368.9470146,FORWARDED,e85e9820-6d2d-43fa-83ec-2f5e5c49f2fa,25c1f9a8-4092-48c2-a1ba-a5e1c11f6c65,c3,DROP,688,?,x3,
1769471368.9849641,SENT,e72afa65-a4d2-456c-bfb2-f06167926864,9f7e0a3d-0a23-430a-96f3-0988b5ce3687,c2,c4,1267,?,x8,
1769471368.9850059,FORWARDED,e72afa65-a4d2-456c-bfb2-f06167926864,9f7e0a3d-0a23-430a-96f3-0988b5ce3687,c2,c4,1267,?,x8,
1769471369.0976548,RECEIVED,628b2714-0435-4339-9e94-5a70e4549314,5ed51df6-5bd0-4f1a-b39c-0a5188f31c29,c1,DROP,1010,e12,?,
1769471369.1198099,RECEIVED,8a77365d-bdf4-4c8f-b081-201769459787,cc01a232-9e75-40b2-a890-ff5749f07cc0,c1,DROP,442,x4,?,
1769471369.147322,RECEIVED,6b7729e6-1728-4461-80c4-15a84eae6d67,c851a6bc-2a1a-4e19-95fe-b44246bc1387,c1,DROP,441,x4,?,
1769471369.1961172,RECEIVED,08ece3ea-77b7-4e11-83e0-7b36bacbb2e4,ee7197e8-af26-425b-9a97-8b61fdc7a467,c5,DROP,1011,e4,?,
1769471369.4474156,RECEIVED,c2a6fa16-b972-49ea-b778-758024ce7172,f0a41aac-5220-4a7e-a95d-4cfbac5cda10,c5,DROP,1008,e7,?,
1769471369.5912151,SENT,08ece3ea-77b7-4e11-83e0-7b36bacbb2e4,ee7197e8-af26-425b-9a97-8b61fdc7a467,c5,DROP,685,?,x9,
1769471369.591253,FORWARDED,08ece3ea-77b7-4e11-83e0-7b36bacbb2e4,ee7197e8-af26-425b-9a97-8b61fdc7a467,c5,DROP,685,?,x9,
1769471369.6669552,SENT,1b438f20-aeb0-4547-95fc-044be0a4a1e8,c0b40b32-97fe-4086-b0cc-293a9dfb555a,c1,DROP,692,?,x4,
1769471369.6669946,FORWARDED,1b438f20-aeb0-4547-95fc-044be0a4a1e8,c0b40b32-97fe-4086-b0cc-293a9dfb555a,c1,DROP,692,?,x4,
1769471369.6835563,SENT,7aa581b0-605b-4159-9c68-8e440cc3622d,30306cb2-3ca9-4a0c-95cb-946126f8d173,c3,DROP,687,?,x12,
1769471369.683602,FORWARDED,7aa581b0-605b-4159-9c68-8e440cc3622d,30306cb2-3ca9-4a0c-95cb-946126f8d173,c3,DROP,687,?,x12,
1769471369.826282,SENT,c2a6fa16-b972-49ea-b778-758024ce7172,f0a41aac-5220-4a7e-a95d-4cfbac5cda10,c5,DROP,683,?,x5,
1769471369.826322,FORWARDED,c2a6fa16-b972-49ea-b778-758024ce7172,f0a41aac-5220-4a7e-a95d-4cfbac5cda10,c5,DROP,683,?,x5,
1769471369.841045,SENT,628b2714-0435-4339-9e94-5a70e4549314,5ed51df6-5bd0-4f1a-b39c-0a5188f31c29,c1,DROP,687,?,x8,
1769471369.8410952,FORWARDED,628b2714-0435-4339-9e94-5a70e4549314,5ed51df6-5bd0-4f1a-b39c-0a5188f31c29,c1,DROP,687,?,x8,
1769471369.846213,RECEIVED,815f420a-de1f-4b0e-8089-e858e866f9b6,2184282a-6873-4b82-b638-e977fb763b21,c1,DROP,1008,e4,?,
1769471369.8534555,SENT,03353030-64ac-472d-a336-85fb36bc653d,5efc61b4-c9c0-437d-97a9-30dfc64980ed,c3,DROP,685,?,x4,
1769471369.853495,FORWARDED,03353030-64ac-472d-a336-85fb36bc653d,5efc61b4-c9c0-437d-97a9-30dfc64980ed,c3,DROP,685,?,x4,
1769471370.253332,RECEIVED,2d8ddf5c-a0f2-421a-87df-306e91795b29,07d295d8-f79e-4f50-b637-bdfba6b1dd18,c4,DROP,442,x5,?,
1769471370.2577488,RECEIVED,39343fd2-6c9f-475a-9b73-a1be7bbc71ec,32cfa640-8560-470b-be73-5d9fbdcfc93f,c3,DROP,1015,e9,?,
1769471370.2647135,RECEIVED,1a9d6545-ef58-473e-9d30-1531f0d89db4,660babb5-2437-4c29-bc8b-de34c4521f08,c5,DROP,1011,e6,?,
1769471370.286698,SENT,815f420a-de1f-4b0e-8089-e858e866f9b6,2184282a-6873-4b82-b638-e977fb763b21,c1,DROP,683,?,x3,
1769471370.2867408,FORWARDED,815f420a-de1f-4b0e-8089-e858e866f9b6,2184282a-6873-4b82-b638-e977fb763b21,c1,DROP,683,?,x3,
1769471370.4040287,RECEIVED,b871bb30-6654-4fce-a813-42ab3c7d1a82,095b5715-a464-46cf-8e12-079f4bffcb66,c4,DROP,1014,e8,?,
1769471370.834825,RECEIVED,b48467ad-0f4e-424d-9e1a-621424e89ca4,87e117ff-1730-435a-a0c8-894b64707a7e,c3,DROP,1014,e7,?,
1769471370.8951237,RECEIVED,6b286a99-a613-466f-b330-642b93e41d75,ea711cf0-25cc-4e3f-b432-4a88c0a8fdb9,c5,c1,1776,e8,?,
1769471370.9190116,SENT,b48467ad-0f4e-424d-9e1a-621424e89ca4,87e117ff-1730-435a-a0c8-894b64707a7e,c3,DROP,685,?,x12,
1769471370.9190598,FORWARDED,b48467ad-0f4e-424d-9e1a-621424e89ca4,87e117ff-1730-435a-a0c8-894b64707a7e,c3,DROP,685,?,x12,
1769471370.9838345,SENT,6b286a99-a613-466f-b330-642b93e41d75,ea711cf0-25cc-4e3f-b432-4a88c0a8fdb9,c5,c1,1259,?,x8,
1769471370.9838753,FORWARDED,6b286a99-a613-466f-b330-642b93e41d75,ea711cf0-25cc-4e3f-b432-4a88c0a8fdb9,c5,c1,1259,?,x8,
1769471371.0374315,RECEIVED,463322f0-9d07-4018-b7dc-2c0c159229ad,ace51782-5b24-481c-937f-3dc6b43bf073,c3,None,1595,e2,?,
1769471371.098306,RECEIVED,f0e5af65-92ac-43ab-9aef-503f4c7e191b,937de601-4b10-4361-8de3-f7fa6c74a45a,c5,DROP,1008,e9,?,
1769471371.1143014,RECEIVED,3cd40426-f133-4034-86dd-a4eee4406ad1,94388c5a-7a85-4f45-823d-4ad5dc764a8f,c4,DROP,440,x4,?,
1769471371.1256642,SENT,39343fd2-6c9f-475a-9b73-a1be7bbc71ec,32cfa640-8560-470b-be73-5d9fbdcfc93f,c3,DROP,688,?,x5,
1769471371.125705,FORWARDED,39343fd2-6c9f-475a-9b73-a1be7bbc71ec,32cfa640-8560-470b-be73-5d9fbdcfc93f,c3,DROP,688,?,x5,
1769471371.2045527,RECEIVED,7bd21f0f-544e-4ae5-a513-566a895e745f,0f071fc0-f8dd-433a-969d-a4b156ca2791,c2,c4,1771,e3,?,
1769471371.2902143,SENT,f0e5af65-92ac-43ab-9aef-503f4c7e191b,937de601-4b10-4361-8de3-f7fa6c74a45a,c5,DROP,683,?,x11,
1769471371.2909517,FORWARDED,f0e5af65-92ac-43ab-9aef-503f4c7e191b,937de601-4b10-4361-8de3-f7fa6c74a45a,c5,DROP,683,?,x11,
1769471371.3237867,SENT,1a9d6545-ef58-473e-9d30-1531f0d89db4,660babb5-2437-4c29-bc8b-de34c4521f08,c5,DROP,687,?,x4,
1769471371.3238301,FORWARDED,1a9d6545-ef58-473e-9d30-1531f0d89db4,660babb5-2437-4c29-bc8b-de34c4521f08,c5,DROP,687,?,x4,
1769471371.4106715,RECEIVED,f8590cc7-9d22-44f4-a5ee-6eb72f424efe,e48a1ff4-64c7-4938-9fc0-84b3956be71c,c5,DROP,1012,e5,?,
1769471371.44581,SENT,f8590cc7-9d22-44f4-a5ee-6eb72f424efe,e48a1ff4-64c7-4938-9fc0-84b3956be71c,c5,DROP,687,?,x6,
1769471371.445853,FORWARDED,f8590cc7-9d22-44f4-a5ee-6eb72f424efe,e48a1ff4-64c7-4938-9fc0-84b3956be71c,c5,DROP,687,?,x6,
1769471371.4613411,RECEIVED,e1641038-b8f4-4a1d-9875-3012d48c31f3,07f035b6-61b1-4ebf-865c-c2258528bec0,c2,c4,1767,e10,?,
1769471371.5010192,RECEIVED,36e6e784-3cc1-4151-a7c3-03b992f168ad,55d13229-ba4e-424f-8aa3-f2a850f8e595,c1,DROP,1014,e7,?,
1769471371.5483415,SENT,e1641038-b8f4-4a1d-9875-3012d48c31f3,07f035b6-61b1-4ebf-865c-c2258528bec0,c2,c4,1252,?,x8,
1769471371.548383,FORWARDED,e1641038-b8f4-4a1d-9875-3012d48c31f3,07f035b6-61b1-4ebf-865c-c2258528bec0,c2,c4,1252,?,x8,
1769471371.6400266,RECEIVED,4f38ecaa-ddb3-4996-86c9-f650e73b3144,fc291749-7c3f-4d77-aa9b-6d1ab0a3a03e,c3,DROP,1012,e7,?,
1769471371.7347317,SENT,4f38ecaa-ddb3-4996-86c9-f650e73b3144,fc291749-7c3f-4d77-aa9b-6d1ab0a3a03e,c3,DROP,687,?,x1,
1769471371.734773,FORWARDED,4f38ecaa-ddb3-4996-86c9-f650e73b3144,fc291749-7c3f-4d77-aa9b-6d1ab0a3a03e,c3,DROP,687,?,x1,
1769471371.8116572,SENT,463322f0-9d07-4018-b7dc-2c0c159229ad,ace51782-5b24-481c-937f-3dc6b43bf073,c3,None,1123,?,x7,
1769471371.8116994,FORWARDED,463322f0-9d07-4018-b7dc-2c0c159229ad,ace51782-5b24-481c-937f-3dc6b43bf073,c3,None,1123,?,x7,
1769471371.82321,SENT,7bd21f0f-544e-4ae5-a513-566a895e745f,0f071fc0-f8dd-433a-969d-a4b156ca2791,c2,c4,1255,?,x6,
1769471371.8232477,FORWARDED,7bd21f0f-544e-4ae5-a513-566a895e745f,0f071fc0-f8dd-433a-969d-a4b156ca2791,c2,c4,1255,?,x6,
1769471371.9510036,RECEIVED,7c6e1bc9-152f-44e9-b534-6dd80da83723,cb74b6b7-15a0-441b-8225-3e697fb4cc2c,c2,c4,1763,e6,?,
1769471372.0777552,RECEIVED,7424760b-7d59-4654-b5d1-b28d6d1cdb6c,1f70589f-2c2c-4185-b279-29affde3fd3d,c4,DROP,1015,e5,?,
1769471372.1004553,RECEIVED,e98bf62e-3658-4e01-8851-540196613cb2,a49a4988-25bd-41b2-a820-7b722caf11cc,c4,c3,1777,e5,?,
1769471372.3302743,SENT,7c6e1bc9-152f-44e9-b534-6dd80da83723,cb74b6b7-15a0-441b-8225-3e697fb4cc2c,c2,c4,1251,?,x11,
1769471372.3303154,FORWARDED,7c6e1bc9-152f-44e9-b534-6dd80da83723,cb74b6b7-15a0-441b-8225-3e697fb4cc2c,c2,c4,1251,?,x11,
1769471372.406416,RECEIVED,e198ad0d-abc9-45a3-8094-e81dc6ef10ef,e2f74105-8d73-4ede-afcc-e90cfd7d02e3,c2,c4,1764,e5,?,
1769471372.4460592,RECEIVED,f397effb-5b67-480d-bc37-4d123ebee604,d36cba40-218a-4b01-9281-d1b056e1264e,c4,DROP,1012,e2,?,
1769471372.505451,SENT,e98bf62e-3658-4e01-8851-540196613cb2,a49a4988-25bd-41b2-a820-7b722caf11cc,c4,c3,1260,?,x10,
1769471372.5054915,FORWARDED,e98bf62e-3658-4e01-8851-540196613cb2,a49a4988-25bd-41b2-a820-7b722caf11cc,c4,c3,1260,?,x10,
1769471372.5211208,SENT,f397effb-5b67-480d-bc37-4d123ebee604,d36cba40-218a-4b01-9281-d1b056e1264e,c4,DROP,687,?,x5,
1769471372.5211592,FORWARDED,f397effb-5b67-480d-bc37-4d123ebee604,d36cba40-218a-4b01-9281-d1b056e1264e,c4,DROP,687,?,x5,
1769471372.522214,RECEIVED,242a98aa-8a76-4b32-97d5-a9afa3fc5021,91ba7feb-e4fa-456c-9aca-81ae77ce10bd,c4,DROP,1011,e5,?,
1769471372.6213813,RECEIVED,0cd48668-9ec8-4ddd-83a8-7495ddbe6aee,9a15e252-d09b-4d93-837f-fea82fe6e92f,c5,c1,1768,e4,?,
1769471372.6682658,SENT,b871bb30-6654-4fce-a813-42ab3c7d1a82,095b5715-a464-46cf-8e12-079f4bffcb66,c4,DROP,688,?,x7,
1769471372.6683154,FORWARDED,b871bb30-6654-4fce-a813-42ab3c7d1a82,095b5715-a464-46cf-8e12-079f4bffcb66,c4,DROP,688,?,x7,
1769471372.749059,SENT,0cd48668-9ec8-4ddd-83a8-7495ddbe6aee,9a15e252-d09b-4d93-837f-fea82fe6e92f,c5,c1,1254,?,x4,
1769471372.7491019,FORWARDED,0cd48668-9ec8-4ddd-83a8-7495ddbe6aee,9a15e252-d09b-4d93-837f-fea82fe6e92f,c5,c1,1254,?,x4,
1769471372.8313718,RECEIVED,95d3c754-0031-4f53-8784-f3747e804776,44ce8e95-ddd4-4bfd-8913-d301fb29c80d,c4,c3,1772,e8,?,
1769471372.9381943,RECEIVED,fdd77d32-4874-4c7d-9d63-46143ce0fa9b,65f15f87-8c4b-4787-a6a8-06ad5abf877e,c1,c3,1772,e1,?,
1769471372.9415312,RECEIVED,19c2f2bf-cffa-43c2-adba-32a94f0bc054,a6dbddc4-5027-4c89-a020-52b8b26c0170,c1,c3,1779,e12,?,
1769471372.9955602,SENT,95d3c754-0031-4f53-8784-f3747e804776,44ce8e95-ddd4-4bfd-8913-d301fb29c80d,c4,c3,1256,?,x3,
1769471372.9956028,FORWARDED,95d3c754-0031-4f53-8784-f3747e804776,44ce8e95-ddd4-4bfd-8913-d301fb29c80d,c4,c3,1256,?,x3,
1769471373.0687406,SENT,fdd77d32-4874-4c7d-9d63-46143ce0fa9b,65f15f87-8c4b-4787-a6a8-06ad5abf877e,c1,c3,1255,?,x6,
1769471373.0687788,FORWARDED,fdd77d32-4874-4c7d-9d63-46143ce0fa9b,65f15f87-8c4b-4787-a6a8-06ad5abf877e,c1,c3,1255,?,x6,
1769471373.1622705,SENT,36e6e784-3cc1-4151-a7c3-03b992f168ad,55d13229-ba4e-424f-8aa3-f2a850f8e595,c1,DROP,688,?,x7,
1769471373.162317,FORWARDED,36e6e784-3cc1-4151-a7c3-03b992f168ad,55d13229-ba4e-424f-8aa3-f2a850f8e595,c1,DROP,688,?,x7,
1769471373.164101,RECEIVED,6e6c7c73-500a-4f5b-bf5f-f80b864824a1,8a7bff60-ae95-4feb-937c-cdad916aa4ff,c1,None,1607,e8,?,
1769471373.2089574,SENT,242a98aa-8a76-4b32-97d5-a9afa3fc5021,91ba7feb-e4fa-456c-9aca-81ae77ce10bd,c4,DROP,687,?,x9,
1769471373.2089996,FORWARDED,242a98aa-8a76-4b32-97d5-a9afa3fc5021,91ba7feb-e4fa-456c-9aca-81ae77ce10bd,c4,DROP,687,?,x9,
1769471373.2870758,RECEIVED,8bc1570c-5761-4dc6-a8e4-d624b8d0c588,fc3144e4-23eb-4a28-8872-39ba84103189,c4,None,1604,e4,?,
1769471373.321019,RECEIVED,d3a7886c-655b-4acb-990c-551f86a81ac6,d3acda3b-9105-4c5f-ac66-e5eafc276056,c4,DROP,441,x8,?,
1769471373.3331552,RECEIVED,7de20bcd-c194-490a-a47d-13d77ed9a101,0ad71710-b21b-47f3-b38e-94538f7857a7,c5,DROP,1016,e6,?,
1769471373.3581572,RECEIVED,76b1589c-80c9-443b-b914-92ec1b8cb796,765ba37e-945e-4357-ae90-123f458301d8,c3,DROP,1011,e5,?,
1769471373.415904,SENT,19c2f2bf-cffa-43c2-adba-32a94f0bc054,a6dbddc4-5027-4c89-a020-52b8b26c0170,c1,c3,1263,?,x1,
1769471373.4159458,FORWARDED,19c2f2bf-cffa-43c2-adba-32a94f0bc054,a6dbddc4-5027-4c89-a020-52b8b26c0170,c1,c3,1263,?,x1,
1769471373.5280154,RECEIVED,9711b956-e608-4e3e-9ace-2dd44f6e25bc,ea2f5e5e-ebd0-479a-8abf-9e51a319f872,c2,DROP,443,x7,?,
1769471373.5525827,SENT,76b1589c-80c9-443b-b914-92ec1b8cb796,765ba37e-945e-4357-ae90-123f458301d8,c3,DROP,687,?,x6,
1769471373.5526874,FORWARDED,76b1589c-80c9-443b-b914-92ec1b8cb796,765ba37e-945e-4357-ae90-123f458301d8,c3,DROP,687,?,x6,
1769471373.586733,RECEIVED,5e0cd8ef-36dc-41aa-9123-9ea639e37820,d21df57f-1a42-4ddc-8f5d-ebe45fbdce9c,c4,DROP,1003,e4,?,
1769471373.588267,SENT,6e6c7c73-500a-4f5b-bf5f-f80b864824a1,8a7bff60-ae95-4feb-937c-cdad916aa4ff,c1,None,1132,?,x9,
1769471373.5883214,FORWARDED,6e6c7c73-500a-4f5b-bf5f-f80b864824a1,8a7bff60-ae95-4feb-937c-cdad916aa4ff,c1,None,1132,?,x9,
1769471373.6156018,SENT,7de20bcd-c194-490a-a47d-13d77ed9a101,0ad71710-b21b-47f3-b38e-94538f7857a7,c5,DROP,690,?,x2,
1769471373.6158178,FORWARDED,7de20bcd-c194-490a-a47d-13d77ed9a101,0ad71710-b21b-47f3-b38e-94538f7857a7,c5,DROP,690,?,x2,
1769471373.7006588,RECEIVED,558951d7-c70b-4ba9-933a-1201f85af2e5,5689703a-fdfc-4b65-bb50-9bb4f9bfffa3,c2,DROP,1013,e1,?,
1769471373.742138,RECEIVED,5ec02358-1820-41f8-9ea6-3d7d938f77ae,4ca44b25-a5b3-4996-b689-b029caa10647,c1,c3,1783,e10,?,
1769471373.7475493,SENT,7424760b-7d59-4654-b5d1-b28d6d1cdb6c,1f70589f-2c2c-4185-b279-29affde3fd3d,c4,DROP,689,?,x7,
1769471373.7476065,FORWARDED,7424760b-7d59-4654-b5d1-b28d6d1cdb6c,1f70589f-2c2c-4185-b279-29affde3fd3d,c4,DROP,689,?,x7,
1769471373.7903025,SENT,558951d7-c70b-4ba9-933a-1201f85af2e5,5689703a-fdfc-4b65-bb50-9bb4f9bfffa3,c2,DROP,686,?,x11,
1769471373.7903454,FORWARDED,558951d7-c70b-4ba9-933a-1201f85af2e5,5689703a-fdfc-4b65-bb50-9bb4f9bfffa3,c2,DROP,686,?,x11,
1769471373.8781848,SENT,5e0cd8ef-36dc-41aa-9123-9ea639e37820,d21df57f-1a42-4ddc-8f5d-ebe45fbdce9c,c4,DROP,681,?,x3,
1769471373.8782248,FORWARDED,5e0cd8ef-36dc-41aa-9123-9ea639e37820,d21df57f-1a42-4ddc-8f5d-ebe45fbdce9c,c4,DROP,681,?,x3,
1769471373.8924727,RECEIVED,7219956b-6f97-4876-a173-169201c2f8aa,e4f382a9-dc82-457a-b10c-a2e8092b2607,c2,c4,1776,e9,?,
1769471373.9795446,SENT,7219956b-6f97-4876-a173-169201c2f8aa,e4f382a9-dc82-457a-b10c-a2e8092b2607,c2,c4,1259,?,x8,
1769471373.9795845,FORWARDED,7219956b-6f97-4876-a173-169201c2f8aa,e4f382a9-dc82-457a-b10c-a2e8092b2607,c2,c4,1259,?,x8,
1769471373.9992957,SENT,8bc1570c-5761-4dc6-a8e4-d624b8d0c588,fc3144e4-23eb-4a28-8872-39ba84103189,c4,None,1131,?,x10,
1769471373.9993382,FORWARDED,8bc1570c-5761-4dc6-a8e4-d624b8d0c588,fc3144e4-23eb-4a28-8872-39ba84103189,c4,None,1131,?,x10,
1769471374.048182,RECEIVED,7614d5cd-aad2-4aa1-bafc-ac0683149eea,048d8677-9b35-4c6e-97f0-f5d078e93f31,c4,DROP,1010,e12,?,
1769471374.066064,RECEIVED,2dbb6275-6832-4abb-86aa-94be9a469175,def52afb-a959-4bc5-9c4b-5804a759c010,c4,DROP,1015,e11,?,
1769471374.0673552,RECEIVED,3f8138a0-93b6-4d1b-9d4d-b2bf10128700,86e8b69f-c012-42fe-93e3-7fb34aaed4b5,c4,DROP,1007,e7,?,
1769471374.1750004,RECEIVED,f0e1e010-fb03-4a4c-9872-0990f04b6de7,a7543f79-99a3-4f96-90b9-e36ad73733a1,c3,DROP,1007,e11,?,
1769471374.2843726,RECEIVED,e85228c0-5661-4e8f-9e42-e12432d8bd60,fea35183-03e1-475e-8bfa-b2cec360159a,c4,DROP,436,x7,?,
1769471374.2915196,SENT,5ec02358-1820-41f8-9ea6-3d7d938f77ae,4ca44b25-a5b3-4996-b689-b029caa10647,c1,c3,1264,?,x2,
1769471374.29156,FORWARDED,5ec02358-1820-41f8-9ea6-3d7d938f77ae,4ca44b25-a5b3-4996-b689-b029caa10647,c1,c3,1264,?,x2,
1769471374.3068101,SENT,e198ad0d-abc9-45a3-8094-e81dc6ef10ef,e2f74105-8d73-4ede-afcc-e90cfd7d02e3,c2,c4,1251,?,x11,
1769471374.3068511,FORWARDED,e198ad0d-abc9-45a3-8094-e81dc6ef10ef,e2f74105-8d73-4ede-afcc-e90cfd7d02e3,c2,c4,1251,?,x11,
1769471374.3243382,RECEIVED,9bfbbed2-1a3d-4b79-b6fc-db49c2715172,735f534a-cd5a-4e46-a3b4-2edf3015034f,c3,DROP,1005,e7,?,
1769471374.3271887,RECEIVED,95d37831-66dc-49a7-9f86-f2069d1eb20e,f7e6ea9f-af07-4ded-8c3d-d80b097ee019,c2,DROP,1021,e3,?,
1769471374.3600237,SENT,7614d5cd-aad2-4aa1-bafc-ac0683149eea,048d8677-9b35-4c6e-97f0-f5d078e93f31,c4,DROP,687,?,x2,
1769471374.3600774,FORWARDED,7614d5cd-aad2-4aa1-bafc-ac0683149eea,048d8677-9b35-4c6e-97f0-f5d078e93f31,c4,DROP,687,?,x2,
1769471374.4503758,SENT,95d37831-66dc-49a7-9f86-f2069d1eb20e,f7e6ea9f-af07-4ded-8c3d-d80b097ee019,c2,DROP,693,?,x11,
1769471374.4504178,FORWARDED,95d37831-66dc-49a7-9f86-f2069d1eb20e,f7e6ea9f-af07-4ded-8c3d-d80b097ee019,c2,DROP,693,?,x11,
1769471374.4692953,SENT,9bfbbed2-1a3d-4b79-b6fc-db49c2715172,735f534a-cd5a-4e46-a3b4-2edf3015034f,c3,DROP,680,?,x11,
1769471374.469338,FORWARDED,9bfbbed2-1a3d-4b79-b6fc-db49c2715172,735f534a-cd5a-4e46-a3b4-2edf3015034f,c3,DROP,680,?,x11,
1769471374.7255445,RECEIVED,8efc4cc1-6c8e-4538-9a19-94996ec3054d,484a9bc9-1b12-4701-b67a-f0f418191769,c3,DROP,1012,e7,?,
1769471374.751498,RECEIVED,27445476-093f-4eea-913a-bb0dc7a28381,9c7110e5-dc07-4e5e-b1e6-7b5353929eef,c1,DROP,1012,e2,?,
1769471374.9331818,RECEIVED,88b57bdf-009b-4b4b-8e72-c4c3025ae6cf,60719e61-33cd-4f61-923a-013b06eb586e,c3,DROP,1012,e2,?,
1769471374.9510708,SENT,3f8138a0-93b6-4d1b-9d4d-b2bf10128700,86e8b69f-c012-42fe-93e3-7fb34aaed4b5,c4,DROP,684,?,x2,
1769471374.9511132,FORWARDED,3f8138a0-93b6-4d1b-9d4d-b2bf10128700,86e8b69f-c012-42fe-93e3-7fb34aaed4b5,c4,DROP,684,?,x2,
1769471374.9673636,RECEIVED,a847985b-d574-4b9f-832d-2e10eecea7c0,6a0d585c-10a1-42c3-9a05-7b6951477c72,c3,DROP,1016,e1,?,
1769471375.0250204,SENT,2dbb6275-6832-4abb-86aa-94be9a469175,def52afb-a959-4bc5-9c4b-5804a759c010,c4,DROP,689,?,x8,
1769471375.0250742,FORWARDED,2dbb6275-6832-4abb-86aa-94be9a469175,def52afb-a959-4bc5-9c4b-5804a759c010,c4,DROP,689,?,x8,
1769471375.0342183,RECEIVED,e43452f6-56d7-4a75-9ed0-c5efe8422188,82f4e464-12da-45b6-b8f7-8ebce28749ee,c1,DROP,446,x11,?,
1769471375.056363,SENT,8efc4cc1-6c8e-4538-9a19-94996ec3054d,484a9bc9-1b12-4701-b67a-f0f418191769,c3,DROP,687,?,x5,
1769471375.0564027,FORWARDED,8efc4cc1-6c8e-4538-9a19-94996ec3054d,484a9bc9-1b12-4701-b67a-f0f418191769,c3,DROP,687,?,x5,
1769471375.155139,RECEIVED,1f933e0e-8882-4d54-bf45-f47a95516ba1,9cbf3ea0-e3f0-424c-baa7-f5a92f693e64,c3,None,1597,e1,?,
1769471375.2543235,SENT,a847985b-d574-4b9f-832d-2e10eecea7c0,6a0d585c-10a1-42c3-9a05-7b6951477c72,c3,DROP,688,?,x3,
1769471375.2543643,FORWARDED,a847985b-d574-4b9f-832d-2e10eecea7c0,6a0d585c-10a1-42c3-9a05-7b6951477c72,c3,DROP,688,?,x3,
1769471375.2782114,SENT,1f933e0e-8882-4d54-bf45-f47a95516ba1,9cbf3ea0-e3f0-424c-baa7-f5a92f693e64,c3,None,1125,?,x10,
1769471375.2782538,FORWARDED,1f933e0e-8882-4d54-bf45-f47a95516ba1,9cbf3ea0-e3f0-424c-baa7-f5a92f693e64,c3,None,1125,?,x10,
1769471375.318816,SENT,88b57bdf-009b-4b4b-8e72-c4c3025ae6cf,60719e61-33cd-4f61-923a-013b06eb586e,c3,DROP,687,?,x7,
1769471375.3188584,FORWARDED,88b57bdf-009b-4b4b-8e72-c4c3025ae6cf,60719e61-33cd-4f61-923a-013b06eb586e,c3,DROP,687,?,x7,
1769471375.3482273,RECEIVED,0a83ef73-3600-484a-a430-613692acc530,79958714-c5cf-4da8-be8a-cb6aedd85953,c3,None,1599,e10,?,
1769471375.4343588,RECEIVED,bc8e657a-d1fd-4139-9bda-1e469c84fe37,9e689c01-9bce-41ee-a862-20266995d353,c1,DROP,1007,e12,?,
1769471375.5287728,SENT,27445476-093f-4eea-913a-bb0dc7a28381,9c7110e5-dc07-4e5e-b1e6-7b5353929eef,c1,DROP,687,?,x12,
1769471375.528829,FORWARDED,27445476-093f-4eea-913a-bb0dc7a28381,9c7110e5-dc07-4e5e-b1e6-7b5353929eef,c1,DROP,687,?,x12,
1769471375.5659976,RECEIVED,38ab0d43-5ae1-4704-b2f8-b75235173174,32497bd7-a2e1-4b72-9a80-1b85ab90bf45,c1,DROP,1010,e10,?,
1769471375.6388867,SENT,f0e1e010-fb03-4a4c-9872-0990f04b6de7,a7543f79-99a3-4f96-90b9-e36ad73733a1,c3,DROP,683,?,x3,
1769471375.6389284,FORWARDED,f0e1e010-fb03-4a4c-9872-0990f04b6de7,a7543f79-99a3-4f96-90b9-e36ad73733a1,c3,DROP,683,?,x3,
1769471375.6519382,RECEIVED,913ace17-844b-4f54-809b-6ad95bb48831,b4030dba-5d65-49e0-b9ec-891ba9c2aaa5,c1,DROP,1007,e8,?,
1769471375.7515144,RECEIVED,29f2f81f-3f65-48a6-920e-432ea9f06c93,a3a3395a-3ddc-4bd0-8c66-a46c5e72700b,c2,c4,1776,e10,?,
1769471375.8772125,RECEIVED,bf1aeab2-003b-453b-ac87-42c407b6f435,b500ac23-71dc-4152-a8f2-1542621fc608,c2,DROP,1011,e4,?,
1769471375.9503903,RECEIVED,768cd81b-f87e-448b-824c-9ff13a212a80,bf68f821-9f00-49fe-9da8-a4d3c281ee88,c5,c1,1772,e12,?,
1769471376.046984,SENT,bc8e657a-d1fd-4139-9bda-1e469c84fe37,9e689c01-9bce-41ee-a862-20266995d353,c1,DROP,683,?,x1,
1769471376.047068,FORWARDED,bc8e657a-d1fd-4139-9bda-1e469c84fe37,9e689c01-9bce-41ee-a862-20266995d353,c1,DROP,683,?,x1,
1769471376.048907,SENT,768cd81b-f87e-448b-824c-9ff13a212a80,bf68f821-9f00-49fe-9da8-a4d3c281ee88,c5,c1,1256,?,x4,
1769471376.048946,FORWARDED,768cd81b-f87e-448b-824c-9ff13a212a80,bf68f821-9f00-49fe-9da8-a4d3c281ee88,c5,c1,1256,?,x4,
1769471376.1068652,SENT,913ace17-844b-4f54-809b-6ad95bb48831,b4030dba-5d65-49e0-b9ec-891ba9c2aaa5,c1,DROP,683,?,x8,
1769471376.106907,FORWARDED,913ace17-844b-4f54-809b-6ad95bb48831,b4030dba-5d65-49e0-b9ec-891ba9c2aaa5,c1,DROP,683,?,x8,
1769471376.1789553,RECEIVED,4d685263-991f-4c3b-aa8d-f0701df405e4,4e907e5c-9c8d-4f69-80cd-4316063bd569,c4,DROP,1010,e1,?,
1769471376.2203872,RECEIVED,e86344be-c04b-4ca4-a1ff-b848a75692df,1a46f9cc-cf6d-4fb0-accb-ad05f3ea95bf,c3,DROP,441,x6,?,
1769471376.308834,SENT,38ab0d43-5ae1-4704-b2f8-b75235173174,32497bd7-a2e1-4b72-9a80-1b85ab90bf45,c1,DROP,687,?,x9,
1769471376.3088756,FORWARDED,38ab0d43-5ae1-4704-b2f8-b75235173174,32497bd7-a2e1-4b72-9a80-1b85ab90bf45,c1,DROP,687,?,x9,
1769471376.334561,RECEIVED,2b8fdc49-c1ab-4892-bcc4-c082f3147012,dbfe4cf2-2a9f-4fdb-8f42-16234da8dea1,c3,DROP,1012,e10,?,
1769471376.3724716,RECEIVED,37f7db2b-d16e-4793-b447-8351a055ae81,6c735f2c-e401-4163-81b5-6b2ad104de85,c5,DROP,1005,e10,?,
1769471376.3933034,RECEIVED,0c1e9485-463d-4c0f-a296-1856de0ca51a,36b2e021-4631-40e5-b16f-0778ce199f9a,c4,DROP,1013,e9,?,
1769471376.4070973,SENT,29f2f81f-3f65-48a6-920e-432ea9f06c93,a3a3395a-3ddc-4bd0-8c66-a46c5e72700b,c2,c4,1259,?,x12,
1769471376.4071352,FORWARDED,29f2f81f-3f65-48a6-920e-432ea9f06c93,a3a3395a-3ddc-4bd0-8c66-a46c5e72700b,c2,c4,1259,?,x12,
1769471376.4161665,SENT,0c1e9485-463d-4c0f-a296-1856de0ca51a,36b2e021-4631-40e5-b16f-0778ce199f9a,c4,DROP,687,?,x2,
1769471376.416207,FORWARDED,0c1e9485-463d-4c0f-a296-1856de0ca51a,36b2e021-4631-40e5-b16f-0778ce199f9a,c4,DROP,687,?,x2,
1769471376.4201865,RECEIVED,a94a68b6-03fb-4579-a929-c8c7b93baee0,f8b72185-689b-45cc-9963-961d445266b3,c5,DROP,1013,e7,?,
1769471376.4666097,RECEIVED,dfb37fbb-f2cd-4791-9fe5-a272fdcaa6d6,750c09db-6f61-4c47-aebd-f67ad8a689db,c3,None,1602,e7,?,
1769471376.467005,RECEIVED,647929a9-91dd-4cb8-ac24-979fac94d8c4,67767b48-dd08-4a27-89c0-a3d971af3f3d,c3,DROP,1016,e6,?,
1769471376.5046923,SENT,a94a68b6-03fb-4579-a929-c8c7b93baee0,f8b72185-689b-45cc-9963-961d445266b3,c5,DROP,687,?,x3,
1769471376.5047357,FORWARDED,a94a68b6-03fb-4579-a929-c8c7b93baee0,f8b72185-689b-45cc-9963-961d445266b3,c5,DROP,687,?,x3,
1769471376.5066411,SENT,dfb37fbb-f2cd-4791-9fe5-a272fdcaa6d6,750c09db-6f61-4c47-aebd-f67ad8a689db,c3,None,1126,?,x11,
1769471376.5066824,FORWARDED,dfb37fbb-f2cd-4791-9fe5-a272fdcaa6d6,750c09db-6f61-4c47-aebd-f67ad8a689db,c3,None,1126,?,x11,
1769471376.5124626,SENT,2b8fdc49-c1ab-4892-bcc4-c082f3147012,dbfe4cf2-2a9f-4fdb-8f42-16234da8dea1,c3,DROP,687,?,x1,
1769471376.5125048,FORWARDED,2b8fdc49-c1ab-4892-bcc4-c082f3147012,dbfe4cf2-2a9f-4fdb-8f42-16234da8dea1,c3,DROP,687,?,x1,
1769471376.641101,SENT,bf1aeab2-003b-453b-ac87-42c407b6f435,b500ac23-71dc-4152-a8f2-1542621fc608,c2,DROP,686,?,x8,
1769471376.6411428,FORWARDED,bf1aeab2-003b-453b-ac87-42c407b6f435,b500ac23-71dc-4152-a8f2-1542621fc608,c2,DROP,686,?,x8,
1769471376.658828,SENT,647929a9-91dd-4cb8-ac24-979fac94d8c4,67767b48-dd08-4a27-89c0-a3d971af3f3d,c3,DROP,688,?,x1,
1769471376.6588633,FORWARDED,647929a9-91dd-4cb8-ac24-979fac94d8c4,67767b48-dd08-4a27-89c0-a3d971af3f3d,c3,DROP,688,?,x1,
1769471376.8483715,RECEIVED,e1ddbec8-41fb-4665-923f-04a60a598249,a5b2d595-6e56-46f6-9729-b4fc3fb35f2a,c4,DROP,441,x3,?,
1769471376.8687954,SENT,4d685263-991f-4c3b-aa8d-f0701df405e4,4e907e5c-9c8d-4f69-80cd-4316063bd569,c4,DROP,685,?,x9,
1769471376.870861,FORWARDED,4d685263-991f-4c3b-aa8d-f0701df405e4,4e907e5c-9c8d-4f69-80cd-4316063bd569,c4,DROP,685,?,x9,
1769471376.9534495,SENT,0a83ef73-3600-484a-a430-613692acc530,79958714-c5cf-4da8-be8a-cb6aedd85953,c3,None,1127,?,x3,
1769471376.9534924,FORWARDED,0a83ef73-3600-484a-a430-613692acc530,79958714-c5cf-4da8-be8a-cb6aedd85953,c3,None,1127,?,x3,
1769471376.967583,SENT,37f7db2b-d16e-4793-b447-8351a055ae81,6c735f2c-e401-4163-81b5-6b2ad104de85,c5,DROP,683,?,x4,
1769471376.9676228,FORWARDED,37f7db2b-d16e-4793-b447-8351a055ae81,6c735f2c-e401-4163-81b5-6b2ad104de85,c5,DROP,683,?,x4,
1769471377.0257063,RECEIVED,3838ac08-f1f2-4114-a6f8-c184961af9e2,45333c70-a6da-4282-8af2-0ce02b36e3fa,c4,DROP,1016,e7,?,
1769471377.1121113,RECEIVED,146e8e65-b61e-47f4-a848-35d7048bedc2,bc711978-5c5e-42d3-8dd3-bf5ba8682cae,c3,DROP,1019,e12,?,
1769471377.1826813,RECEIVED,601c8e3b-67a6-4e94-8c1c-25bb6d0e30eb,09be8808-eb84-46f4-9c31-323784ca24d8,c5,DROP,1015,e7,?,
1769471377.2440438,SENT,146e8e65-b61e-47f4-a848-35d7048bedc2,bc711978-5c5e-42d3-8dd3-bf5ba8682cae,c3,DROP,691,?,x2,
1769471377.2440894,FORWARDED,146e8e65-b61e-47f4-a848-35d7048bedc2,bc711978-5c5e-42d3-8dd3-bf5ba8682cae,c3,DROP,691,?,x2,
1769471377.2575421,SENT,3838ac08-f1f2-4114-a6f8-c184961af9e2,45333c70-a6da-4282-8af2-0ce02b36e3fa,c4,DROP,688,?,x9,
1769471377.257584,FORWARDED,3838ac08-f1f2-4114-a6f8-c184961af9e2,45333c70-a6da-4282-8af2-0ce02b36e3fa,c4,DROP,688,?,x9,
1769471377.280241,RECEIVED,22307ba9-2736-4f56-98f8-c76e6b9c211c,3248c253-5b26-4484-8fde-981cc73f86bf,c3,None,1608,e10,?,
1769471377.3915064,RECEIVED,0cd0175d-350e-4caa-b2a3-24e5df4e113a,2d0d7992-879b-4cb0-840b-82b060d3497b,c4,None,1603,e11,?,
1769471377.5327158,SENT,22307ba9-2736-4f56-98f8-c76e6b9c211c,3248c253-5b26-4484-8fde-981cc73f86bf,c3,None,1132,?,x6,
1769471377.5328007,FORWARDED,22307ba9-2736-4f56-98f8-c76e6b9c211c,3248c253-5b26-4484-8fde-981cc73f86bf,c3,None,1132,?,x6,
1769471377.5946288,SENT,0cd0175d-350e-4caa-b2a3-24e5df4e113a,2d0d7992-879b-4cb0-840b-82b060d3497b,c4,None,1131,?,x7,
1769471377.5946672,FORWARDED,0cd0175d-350e-4caa-b2a3-24e5df4e113a,2d0d7992-879b-4cb0-840b-82b060d3497b,c4,None,1131,?,x7,
1769471377.6007159,RECEIVED,48aa4d4f-0fad-4e89-a93f-71ad1a691c03,82b5747f-ff87-4921-b2ff-ba38584c29f8,c4,DROP,1008,e8,?,
1769471377.6934717,RECEIVED,b6e3c99f-c794-4f23-9dd7-5258d72cd9df,d05a8544-0298-4f78-8b52-90217756a73c,c3,None,1596,e5,?,
1769471377.8826528,RECEIVED,f436fd60-e49a-4ab9-90c7-1d458344102f,af1a3d3c-1e99-4d30-b377-5d2ac79fa9d4,c2,DROP,1015,e5,?,
1769471377.9949944,SENT,601c8e3b-67a6-4e94-8c1c-25bb6d0e30eb,09be8808-eb84-46f4-9c31-323784ca24d8,c5,DROP,688,?,x5,
1769471377.9950328,FORWARDED,601c8e3b-67a6-4e94-8c1c-25bb6d0e30eb,09be8808-eb84-46f4-9c31-323784ca24d8,c5,DROP,688,?,x5,
1769471378.0094426,RECEIVED,026b2438-2157-409c-b85c-344ec680ec38,1bd4b847-fca7-4564-a11b-b757400c0519,c3,c1,1765,e1,?,
1769471378.0437522,RECEIVED,551546c5-9921-48da-9488-4d12cbc3ae79,de200813-b1e4-4080-b908-ef82f735e0ab,c5,DROP,1007,e6,?,
1769471378.1206477,SENT,b6e3c99f-c794-4f23-9dd7-5258d72cd9df,d05a8544-0298-4f78-8b52-90217756a73c,c3,None,1125,?,x5,
1769471378.1206913,FORWARDED,b6e3c99f-c794-4f23-9dd7-5258d72cd9df,d05a8544-0298-4f78-8b52-90217756a73c,c3,None,1125,?,x5,
1769471378.200921,SENT,026b2438-2157-409c-b85c-344ec680ec38,1bd4b847-fca7-4564-a11b-b757400c0519,c3,c1,1251,?,x10,
1769471378.200959,FORWARDED,026b2438-2157-409c-b85c-344ec680ec38,1bd4b847-fca7-4564-a11b-b757400c0519,c3,c1,1251,?,x10,
1769471378.5565012,RECEIVED,8267e62b-900f-4132-92b5-7e42a355dc82,2aea1e6f-31bc-49a6-b0d6-85014c765eb8,c2,DROP,442,x1,?,
1769471378.659415,SENT,f436fd60-e49a-4ab9-90c7-1d458344102f,af1a3d3c-1e99-4d30-b377-5d2ac79fa9d4,c2,DROP,689,?,x6,
1769471378.6594565,FORWARDED,f436fd60-e49a-4ab9-90c7-1d458344102f,af1a3d3c-1e99-4d30-b377-5d2ac79fa9d4,c2,DROP,689,?,x6,
1769471378.7632802,SENT,551546c5-9921-48da-9488-4d12cbc3ae79,de200813-b1e4-4080-b908-ef82f735e0ab,c5,DROP,684,?,x2,
1769471378.7633228,FORWARDED,551546c5-9921-48da-9488-4d12cbc3ae79,de200813-b1e4-4080-b908-ef82f735e0ab,c5,DROP,684,?,x2,
1769471378.9251711,RECEIVED,460337d3-46d8-4cfc-8d93-560571d176d9,a286f304-e9cf-4cbe-967b-b2617e80c029,c1,DROP,441,x12,?,
1769471379.0644033,RECEIVED,26867e8e-2667-4efa-8fe0-43007b220c3a,b743886e-df48-4e05-a6ec-06f7db6b1ee0,c3,None,1599,e7,?,
1769471379.0646627,RECEIVED,e797b188-6cdd-4596-98e1-74113c02a3ee,4e7086b1-f42f-4be1-bd14-6e421dac1054,c1,None,1603,e9,?,
1769471379.074935,SENT,48aa4d4f-0fad-4e89-a93f-71ad1a691c03,82b5747f-ff87-4921-b2ff-ba38584c29f8,c4,DROP,684,?,x12,
1769471379.0749693,FORWARDED,48aa4d4f-0fad-4e89-a93f-71ad1a691c03,82b5747f-ff87-4921-b2ff-ba38584c29f8,c4,DROP,684,?,x12,
1769471379.155873,RECEIVED,3275daa2-6c02-4e4c-be30-ce7e7de2bdf6,e6e54cd9-10ab-4ebf-9507-596e569d452e,c1,DROP,1011,e9,?,
1769471379.269429,RECEIVED,020d4ca0-8192-4f1c-baea-e45fee69d66d,9935be52-413c-4ee0-a54c-3303114be0a7,c1,None,1603,e3,?,
1769471379.3654294,RECEIVED,6d958fb6-e158-442d-88a4-58cb64ffabb6,6da2f467-16aa-4a1c-b35f-c623cbfb6a82,c5,DROP,1011,e2,?,
1769471379.5552397,RECEIVED,bc04be6c-6a97-41b4-a70d-318bd7ee164d,8551cef8-3943-4891-a924-256d7b7f1741,c4,DROP,441,x5,?,
1769471379.5817301,SENT,e797b188-6cdd-4596-98e1-74113c02a3ee,4e7086b1-f42f-4be1-bd14-6e421dac1054,c1,None,1130,?,x2,
1769471379.5817754,FORWARDED,e797b188-6cdd-4596-98e1-74113c02a3ee,4e7086b1-f42f-4be1-bd14-6e421dac1054,c1,None,1130,?,x2,
1769471379.625208,SENT,020d4ca0-8192-4f1c-baea-e45fee69d66d,9935be52-413c-4ee0-a54c-3303114be0a7,c1,None,1129,?,x4,
1769471379.6252446,FORWARDED,020d4ca0-8192-4f1c-baea-e45fee69d66d,9935be52-413c-4ee0-a54c-3303114be0a7,c1,None,1129,?,x4,
1769471379.6398993,RECEIVED,71a3f533-868b-414c-a9c9-8ca74dfed6f9,15fdd48a-f439-43af-a4c8-b3e83c5fad7d,c1,DROP,1010,e9,?,
1769471379.7564404,SENT,3275daa2-6c02-4e4c-be30-ce7e7de2bdf6,e6e54cd9-10ab-4ebf-9507-596e569d452e,c1,DROP,685,?,x6,
1769471379.7564788,FORWARDED,3275daa2-6c02-4e4c-be30-ce7e7de2bdf6,e6e54cd9-10ab-4ebf-9507-596e569d452e,c1,DROP,685,?,x6,
1769471379.8723922,RECEIVED,2d08360e-42b8-4fed-9c44-691116e2956f,6d902a6c-ead4-413a-90a3-525e1eeb4822,c4,c3,1770,e9,?,
1769471380.0456731,RECEIVED,494e18cf-42d6-4a94-8cc4-7252ccece8ff,151fd917-5e9d-486b-ad6e-e1e007864225,c3,DROP,1015,e12,?,
1769471380.098011,RECEIVED,fb0b4758-774d-4e9f-99f0-26874695e891,f6c4f09e-2814-44bf-b4a2-068e0cda4006,c5,DROP,441,x10,?,
1769471380.1103082,RECEIVED,da86f099-af45-4cda-8aa9-e8d5207d1814,8203260d-5dd2-47f6-9850-73e0cd8fb675,c5,DROP,1020,e12,?,
1769471380.145727,SENT,26867e8e-2667-4efa-8fe0-43007b220c3a,b743886e-df48-4e05-a6ec-06f7db6b1ee0,c3,None,1127,?,x8,
1769471380.1457684,FORWARDED,26867e8e-2667-4efa-8fe0-43007b220c3a,b743886e-df48-4e05-a6ec-06f7db6b1ee0,c3,None,1127,?,x8,
1769471380.14837,SENT,494e18cf-42d6-4a94-8cc4-7252ccece8ff,151fd917-5e9d-486b-ad6e-e1e007864225,c3,DROP,688,?,x5,
1769471380.148411,FORWARDED,494e18cf-42d6-4a94-8cc4-7252ccece8ff,151fd917-5e9d-486b-ad6e-e1e007864225,c3,DROP,688,?,x5,
1769471380.1822393,RECEIVED,b51790e3-3c29-4e05-bd14-874e7ebc29f4,a737e7f1-e1e5-4bda-986d-c5df89feecdc,c5,DROP,1015,e7,?,
1769471380.2226512,SENT,2d08360e-42b8-4fed-9c44-691116e2956f,6d902a6c-ead4-413a-90a3-525e1eeb4822,c4,c3,1255,?,x5,
1769471380.2226932,FORWARDED,2d08360e-42b8-4fed-9c44-691116e2956f,6d902a6c-ead4-413a-90a3-525e1eeb4822,c4,c3,1255,?,x5,
1769471380.2828524,SENT,6d958fb6-e158-442d-88a4-58cb64ffabb6,6da2f467-16aa-4a1c-b35f-c623cbfb6a82,c5,DROP,687,?,x3,
1769471380.2828934,FORWARDED,6d958fb6-e158-442d-88a4-58cb64ffabb6,6da2f467-16aa-4a1c-b35f-c623cbfb6a82,c5,DROP,687,?,x3,
1769471380.290379,SENT,da86f099-af45-4cda-8aa9-e8d5207d1814,8203260d-5dd2-47f6-9850-73e0cd8fb675,c5,DROP,693,?,x3,
1769471380.2904177,FORWARDED,da86f099-af45-4cda-8aa9-e8d5207d1814,8203260d-5dd2-47f6-9850-73e0cd8fb675,c5,DROP,693,?,x3,
1769471380.6242015,RECEIVED,9b0e75f2-aa44-4775-bb45-9bb2f8ff60d4,f48b23b2-5fc5-41ce-92e3-a9e7ce69a6c7,c1,c3,1786,e10,?,
1769471380.6584864,SENT,9b0e75f2-aa44-4775-bb45-9bb2f8ff60d4,f48b23b2-5fc5-41ce-92e3-a9e7ce69a6c7,c1,c3,1264,?,x10,
1769471380.6585283,FORWARDED,9b0e75f2-aa44-4775-bb45-9bb2f8ff60d4,f48b23b2-5fc5-41ce-92e3-a9e7ce69a6c7,c1,c3,1264,?,x10,
1769471380.750713,SENT,71a3f533-868b-414c-a9c9-8ca74dfed6f9,15fdd48a-f439-43af-a4c8-b3e83c5fad7d,c1,DROP,685,?,x6,
1769471380.7507539,FORWARDED,71a3f533-868b-414c-a9c9-8ca74dfed6f9,15fdd48a-f439-43af-a4c8-b3e83c5fad7d,c1,DROP,685,?,x6,
1769471380.8926277,SENT,b51790e3-3c29-4e05-bd14-874e7ebc29f4,a737e7f1-e1e5-4bda-986d-c5df89feecdc,c5,DROP,688,?,x3,
1769471380.8926666,FORWARDED,b51790e3-3c29-4e05-bd14-874e7ebc29f4,a737e7f1-e1e5-4bda-986d-c5df89feecdc,c5,DROP,688,?,x3,
1769471380.9389732,RECEIVED,70c1f407-329c-466a-9a02-403ddce0f9c6,8344e5c8-8b77-48a5-be0a-65fb3bfe2c56,c5,DROP,446,x11,?,
1769471381.0655618,RECEIVED,6937f5e5-eecb-4b31-aa2c-ac2b89cc7b75,99e284c6-2c19-4801-b9c2-e20c64ba1147,c1,DROP,1012,e6,?,
1769471381.153565,RECEIVED,16952e61-d9c7-4b0a-a056-fde08eff770f,5658d3b4-b2c1-4fe5-a012-3fc6627590bb,c4,DROP,1007,e4,?,
1769471381.3099093,SENT,6937f5e5-eecb-4b31-aa2c-ac2b89cc7b75,99e284c6-2c19-4801-b9c2-e20c64ba1147,c1,DROP,685,?,x2,
1769471381.309945,FORWARDED,6937f5e5-eecb-4b31-aa2c-ac2b89cc7b75,99e284c6-2c19-4801-b9c2-e20c64ba1147,c1,DROP,685,?,x2,
1769471381.323009,RECEIVED,de3974ec-b8ed-493a-a3b0-d0af202fe886,847df7e3-2b4a-4ce7-9e72-f5df565bb3bf,c4,c3,1782,e12,?,
1769471381.406223,RECEIVED,ad18180f-e8c7-4840-99f7-39b7ff42c9c2,cb15e459-d335-4497-bf59-625c2fdcf848,c2,DROP,1012,e3,?,
1769471381.4305394,RECEIVED,6b8053a2-6385-4a62-88e0-b1172bb6560d,37bb65e1-302b-41f4-b4fe-dadcdb2ed570,c4,DROP,1012,e5,?,
1769471381.5213363,RECEIVED,2acbf459-3ffd-43a3-aeea-31cfe2b4b96c,8002666d-e91a-4558-a23b-514ebcc280a0,c3,DROP,441,x11,?,
1769471381.55858,RECEIVED,cbe5a7ab-da69-4f91-8a66-b4633447a275,16beb75d-5c62-4c2b-ac73-cf80941ec8a8,c3,None,1605,e1,?,
1769471381.579857,RECEIVED,1c77b0c9-e544-490a-819f-54bedf446a25,c99ab41e-ac0a-4c73-a14e-7056b5af1904,c3,DROP,1009,e2,?,
1769471381.5895445,RECEIVED,dba0bef1-c4bd-48f7-a80a-6a7c8cf55a58,f1d5e4d7-14b5-4867-8f26-b6470e7e04f9,c4,DROP,1016,e10,?,
1769471381.6034143,SENT,cbe5a7ab-da69-4f91-8a66-b4633447a275,16beb75d-5c62-4c2b-ac73-cf80941ec8a8,c3,None,1131,?,x2,
1769471381.6034591,FORWARDED,cbe5a7ab-da69-4f91-8a66-b4633447a275,16beb75d-5c62-4c2b-ac73-cf80941ec8a8,c3,None,1131,?,x2,
1769471381.6073537,SENT,6b8053a2-6385-4a62-88e0-b1172bb6560d,37bb65e1-302b-41f4-b4fe-dadcdb2ed570,c4,DROP,687,?,x8,
1769471381.6073923,FORWARDED,6b8053a2-6385-4a62-88e0-b1172bb6560d,37bb65e1-302b-41f4-b4fe-dadcdb2ed570,c4,DROP,687,?,x8,
1769471381.6431384,SENT,1c77b0c9-e544-490a-819f-54bedf446a25,c99ab41e-ac0a-4c73-a14e-7056b5af1904,c3,DROP,683,?,x8,
1769471381.64318,FORWARDED,1c77b0c9-e544-490a-819f-54bedf446a25,c99ab41e-ac0a-4c73-a14e-7056b5af1904,c3,DROP,683,?,x8,
1769471381.6989224,SENT,16952e61-d9c7-4b0a-a056-fde08eff770f,5658d3b4-b2c1-4fe5-a012-3fc6627590bb,c4,DROP,684,?,x2,
1769471381.6989617,FORWARDED,16952e61-d9c7-4b0a-a056-fde08eff770f,5658d3b4-b2c1-4fe5-a012-3fc6627590bb,c4,DROP,684,?,x2,
1769471381.828678,SENT,ad18180f-e8c7-4840-99f7-39b7ff42c9c2,cb15e459-d335-4497-bf59-625c2fdcf848,c2,DROP,686,?,x3,
1769471381.8287206,FORWARDED,ad18180f-e8c7-4840-99f7-39b7ff42c9c2,cb15e459-d335-4497-bf59-625c2fdcf848,c2,DROP,686,?,x3,
1769471381.839883,SENT,dba0bef1-c4bd-48f7-a80a-6a7c8cf55a58,f1d5e4d7-14b5-4867-8f26-b6470e7e04f9,c4,DROP,688,?,x4,
1769471381.8399262,FORWARDED,dba0bef1-c4bd-48f7-a80a-6a7c8cf55a58,f1d5e4d7-14b5-4867-8f26-b6470e7e04f9,c4,DROP,688,?,x4,
1769471381.8438544,RECEIVED,49e2036c-499a-47bb-bb55-7ad10c0049e5,28434650-9da3-4c22-adc0-8236787fc705,c3,DROP,1015,e5,?,
1769471381.8770099,RECEIVED,d9d3f147-96bc-48c0-b7d9-d11473eff217,08eca46a-3302-4f6d-a1c2-f759f4e289c5,c5,DROP,1018,e12,?,
1769471381.9466445,SENT,d9d3f147-96bc-48c0-b7d9-d11473eff217,08eca46a-3302-4f6d-a1c2-f759f4e289c5,c5,DROP,690,?,x11,
1769471381.9466822,FORWARDED,d9d3f147-96bc-48c0-b7d9-d11473eff217,08eca46a-3302-4f6d-a1c2-f759f4e289c5,c5,DROP,690,?,x11,
1769471381.9734187,RECEIVED,d89a8b99-b50c-475f-a347-7cbe9a6da2f1,d0b73913-a1d1-4d09-a060-572b7fa248ec,c3,DROP,1008,e11,?,
1769471382.0633376,SENT,d89a8b99-b50c-475f-a347-7cbe9a6da2f1,d0b73913-a1d1-4d09-a060-572b7fa248ec,c3,DROP,684,?,x4,
1769471382.0633798,FORWARDED,d89a8b99-b50c-475f-a347-7cbe9a6da2f1,d0b73913-a1d1-4d09-a060-572b7fa248ec,c3,DROP,684,?,x4,
1769471382.1118388,SENT,49e2036c-499a-47bb-bb55-7ad10c0049e5,28434650-9da3-4c22-adc0-8236787fc705,c3,DROP,688,?,x7,
1769471382.1118822,FORWARDED,49e2036c-499a-47bb-bb55-7ad10c0049e5,28434650-9da3-4c22-adc0-8236787fc705,c3,DROP,688,?,x7,
1769471382.1372223,RECEIVED,4615e0d7-5567-4ce4-b548-8738d77a2dc9,61a657a0-b76c-4321-b224-083af234932a,c1,DROP,1008,e3,?,
1769471382.1399088,RECEIVED,3b22b2b9-f887-458a-99fd-f407f145b97b,7c535318-1c6d-4db7-8dd5-4d85a5954f0d,c4,None,1595,e12,?,
1769471382.4201338,RECEIVED,e07e8401-e3a2-4f99-a2ba-286c59a48637,7e017e5e-ba0a-4431-a20e-c3fa29f50334,c3,DROP,1011,e8,?,
1769471382.5883713,SENT,3b22b2b9-f887-458a-99fd-f407f145b97b,7c535318-1c6d-4db7-8dd5-4d85a5954f0d,c4,None,1124,?,x9,
1769471382.5884147,FORWARDED,3b22b2b9-f887-458a-99fd-f407f145b97b,7c535318-1c6d-4db7-8dd5-4d85a5954f0d,c4,None,1124,?,x9,
1769471382.5901215,RECEIVED,5fc6809d-27bb-4be3-9465-c1c98db3690b,c90413d8-4f9e-4642-aee9-33cc7b4a0603,c4,None,1608,e9,?,
1769471382.6924672,SENT,5fc6809d-27bb-4be3-9465-c1c98db3690b,c90413d8-4f9e-4642-aee9-33cc7b4a0603,c4,None,1132,?,x9,
1769471382.6925087,FORWARDED,5fc6809d-27bb-4be3-9465-c1c98db3690b,c90413d8-4f9e-4642-aee9-33cc7b4a0603,c4,None,1132,?,x9,
1769471382.7276044,SENT,4615e0d7-5567-4ce4-b548-8738d77a2dc9,61a657a0-b76c-4321-b224-083af234932a,c1,DROP,684,?,x10,
1769471382.7276452,FORWARDED,4615e0d7-5567-4ce4-b548-8738d77a2dc9,61a657a0-b76c-4321-b224-083af234932a,c1,DROP,684,?,x10,
1769471382.854639,RECEIVED,b11ace1f-2898-4747-a062-1adaf04e13e6,142a37bc-2507-4b0a-9303-2016ba619aaf,c2,c4,1774,e4,?,
1769471382.854842,SENT,de3974ec-b8ed-493a-a3b0-d0af202fe886,847df7e3-2b4a-4ce7-9e72-f5df565bb3bf,c4,c3,1264,?,x3,
1769471382.8554342,FORWARDED,de3974ec-b8ed-493a-a3b0-d0af202fe886,847df7e3-2b4a-4ce7-9e72-f5df565bb3bf,c4,c3,1264,?,x3,
1769471383.1218,SENT,b11ace1f-2898-4747-a062-1adaf04e13e6,142a37bc-2507-4b0a-9303-2016ba619aaf,c2,c4,1258,?,x5,
1769471383.1218407,FORWARDED,b11ace1f-2898-4747-a062-1adaf04e13e6,142a37bc-2507-4b0a-9303-2016ba619aaf,c2,c4,1258,?,x5,
1769471383.322134,RECEIVED,edf40f08-b68b-43fa-9043-ace9695cb354,a7013c4c-71ef-4668-b0f3-31f3b9b21153,c3,DROP,1011,e3,?,
1769471383.58137,SENT,e07e8401-e3a2-4f99-a2ba-286c59a48637,7e017e5e-ba0a-4431-a20e-c3fa29f50334,c3,DROP,687,?,x5,
1769471383.5814126,FORWARDED,e07e8401-e3a2-4f99-a2ba-286c59a48637,7e017e5e-ba0a-4431-a20e-c3fa29f50334,c3,DROP,687,?,x5,
1769471383.606525,RECEIVED,f9100419-f8bb-4cde-8f44-9560c882e248,a1547b58-2d90-4b9b-83ce-6d8a9d867060,c5,DROP,1008,e3,?,
1769471383.629045,RECEIVED,07b720a6-7415-4dd6-9900-8649acad6fdc,23e0d3ec-aa6c-4bb0-8796-3c41f258574e,c2,DROP,1014,e8,?,
1769471383.6481767,SENT,edf40f08-b68b-43fa-9043-ace9695cb354,a7013c4c-71ef-4668-b0f3-31f3b9b21153,c3,DROP,687,?,x7,
1769471383.6482146,FORWARDED,edf40f08-b68b-43fa-9043-ace9695cb354,a7013c4c-71ef-4668-b0f3-31f3b9b21153,c3,DROP,687,?,x7,
1769471383.720452,RECEIVED,733f7337-5963-44c8-9a58-614829ae5310,e3822a8a-eba9-4386-a64e-1832a31a4a58,c5,DROP,1003,e2,?,
1769471383.7316732,RECEIVED,9b65bee8-3e5d-470e-92b8-f468b876b7da,811d3803-2fb2-430f-830b-bd97d3ffe0b5,c1,DROP,1006,e9,?,
1769471383.753561,SENT,9b65bee8-3e5d-470e-92b8-f468b876b7da,811d3803-2fb2-430f-830b-bd97d3ffe0b5,c1,DROP,679,?,x1,
1769471383.753851,FORWARDED,9b65bee8-3e5d-470e-92b8-f468b876b7da,811d3803-2fb2-430f-830b-bd97d3ffe0b5,c1,DROP,679,?,x1,
1769471383.7556546,RECEIVED,9504000a-692b-4cae-b518-32e6a54f0507,8c55847a-318d-41e5-942d-5a939495fa22,c1,DROP,1015,e12,?,
1769471383.8034856,RECEIVED,43b7995a-348e-4b11-8bd3-8e656a263170,4d9466c4-fa43-4603-8725-d18e0c3809d6,c2,DROP,1009,e3,?,
1769471383.825699,SENT,f9100419-f8bb-4cde-8f44-9560c882e248,a1547b58-2d90-4b9b-83ce-6d8a9d867060,c5,DROP,684,?,x7,
1769471383.8257313,FORWARDED,f9100419-f8bb-4cde-8f44-9560c882e248,a1547b58-2d90-4b9b-83ce-6d8a9d867060,c5,DROP,684,?,x7,
1769471383.8501253,SENT,43b7995a-348e-4b11-8bd3-8e656a263170,4d9466c4-fa43-4603-8725-d18e0c3809d6,c2,DROP,683,?,x4,
1769471383.8501668,FORWARDED,43b7995a-348e-4b11-8bd3-8e656a263170,4d9466c4-fa43-4603-8725-d18e0c3809d6,c2,DROP,683,?,x4,
1769471383.8794994,RECEIVED,fe966ee7-c0f0-4b97-9813-37e6e33bb1df,4bf1a042-1a3a-450d-9108-b11353bf3661,c1,c3,1763,e1,?,
1769471384.1708894,SENT,9504000a-692b-4cae-b518-32e6a54f0507,8c55847a-318d-41e5-942d-5a939495fa22,c1,DROP,689,?,x8,
1769471384.1709309,FORWARDED,9504000a-692b-4cae-b518-32e6a54f0507,8c55847a-318d-41e5-942d-5a939495fa22,c1,DROP,689,?,x8,
1769471384.2129035,RECEIVED,9cac6791-8dc2-4aba-b88c-aa7b60a8238d,eb9ade26-777c-41fa-96d9-75c02ca9944c,c4,c3,1784,e11,?,
1769471384.261211,SENT,07b720a6-7415-4dd6-9900-8649acad6fdc,23e0d3ec-aa6c-4bb0-8796-3c41f258574e,c2,DROP,688,?,x1,
1769471384.2612543,FORWARDED,07b720a6-7415-4dd6-9900-8649acad6fdc,23e0d3ec-aa6c-4bb0-8796-3c41f258574e,c2,DROP,688,?,x1,
1769471384.3502758,RECEIVED,1b6db0ff-9a7f-4c89-bb61-9e295878da6b,7ee54211-44e2-4231-bebe-3b569a9dd7e1,c5,c1,1772,e6,?,
1769471384.4384782,SENT,9cac6791-8dc2-4aba-b88c-aa7b60a8238d,eb9ade26-777c-41fa-96d9-75c02ca9944c,c4,c3,1264,?,x10,
1769471384.4385195,FORWARDED,9cac6791-8dc2-4aba-b88c-aa7b60a8238d,eb9ade26-777c-41fa-96d9-75c02ca9944c,c4,c3,1264,?,x10,
1769471384.469201,RECEIVED,8e0b8826-6575-4257-a3dc-ba3d9397dff2,0f534214-11e1-40dc-a898-81a5b7dc19a5,c2,DROP,1007,e11,?,
1769471384.4978476,RECEIVED,da5c8820-693a-4d64-8c78-c09bf5e78d57,f9146fe4-60ab-42aa-9445-95faa478ff78,c5,DROP,1016,e1,?,
1769471384.5016215,RECEIVED,2169339a-6592-4ea9-b67d-3bf3f3950c83,588c0879-44de-448e-85b8-8194e2a48080,c2,DROP,1019,e11,?,
1769471384.7777994,RECEIVED,5bf13dfc-2b1b-4116-8a0e-1d9a55448d9c,d2ec6a29-cbd2-4fff-a062-b9f138772840,c4,DROP,1008,e1,?,
1769471384.8733184,SENT,8e0b8826-6575-4257-a3dc-ba3d9397dff2,0f534214-11e1-40dc-a898-81a5b7dc19a5,c2,DROP,684,?,x3,
1769471384.87336,FORWARDED,8e0b8826-6575-4257-a3dc-ba3d9397dff2,0f534214-11e1-40dc-a898-81a5b7dc19a5,c2,DROP,684,?,x3,
1769471384.8768308,SENT,da5c8820-693a-4d64-8c78-c09bf5e78d57,f9146fe4-60ab-42aa-9445-95faa478ff78,c5,DROP,688,?,x6,
1769471384.8768718,FORWARDED,da5c8820-693a-4d64-8c78-c09bf5e78d57,f9146fe4-60ab-42aa-9445-95faa478ff78,c5,DROP,688,?,x6,
1769471384.8865047,SENT,5bf13dfc-2b1b-4116-8a0e-1d9a55448d9c,d2ec6a29-cbd2-4fff-a062-b9f138772840,c4,DROP,684,?,x7,
1769471384.8865476,FORWARDED,5bf13dfc-2b1b-4116-8a0e-1d9a55448d9c,d2ec6a29-cbd2-4fff-a062-b9f138772840,c4,DROP,684,?,x7,
1769471384.8886452,RECEIVED,cd5b032b-f699-42ed-b63d-cb181c0c03cb,dc6e39e9-b077-43bc-9198-22a12c34955c,c1,DROP,1019,e12,?,
1769471384.9039352,SENT,2169339a-6592-4ea9-b67d-3bf3f3950c83,588c0879-44de-448e-85b8-8194e2a48080,c2,DROP,692,?,x3,
1769471384.9039762,FORWARDED,2169339a-6592-4ea9-b67d-3bf3f3950c83,588c0879-44de-448e-85b8-8194e2a48080,c2,DROP,692,?,x3,
1769471385.0475054,SENT,fe966ee7-c0f0-4b97-9813-37e6e33bb1df,4bf1a042-1a3a-450d-9108-b11353bf3661,c1,c3,1251,?,x7,
1769471385.047548,FORWARDED,fe966ee7-c0f0-4b97-9813-37e6e33bb1df,4bf1a042-1a3a-450d-9108-b11353bf3661,c1,c3,1251,?,x7,
1769471385.142846,SENT,cd5b032b-f699-42ed-b63d-cb181c0c03cb,dc6e39e9-b077-43bc-9198-22a12c34955c,c1,DROP,693,?,x8,
1769471385.1428888,FORWARDED,cd5b032b-f699-42ed-b63d-cb181c0c03cb,dc6e39e9-b077-43bc-9198-22a12c34955c,c1,DROP,693,?,x8,
1769471385.1666958,SENT,733f7337-5963-44c8-9a58-614829ae5310,e3822a8a-eba9-4386-a64e-1832a31a4a58,c5,DROP,679,?,x8,
1769471385.1667376,FORWARDED,733f7337-5963-44c8-9a58-614829ae5310,e3822a8a-eba9-4386-a64e-1832a31a4a58,c5,DROP,679,?,x8,
1769471385.3617098,RECEIVED,de4c54da-ef77-4374-b229-9a1e0ba07e92,5269974d-b069-42b6-a1a8-2b93a35813b8,c3,c1,1783,e6,?,
1769471385.398289,RECEIVED,6c52408e-e68c-46b9-8db3-f05165bcd4aa,80ca534c-3a74-432e-abc2-a51a4890a1af,c5,DROP,437,x8,?,
1769471385.4827156,RECEIVED,d3071e45-24de-4083-924c-c900f3f434d6,f669b7e0-29c3-4279-a383-8536e00e240c,c5,DROP,1007,e2,?,
1769471385.502768,RECEIVED,09563811-c117-41f5-9732-f7413d67a7c4,3dd51bfa-ce7f-49e3-86ad-78f111141596,c4,None,1598,e6,?,
1769471385.5341735,RECEIVED,a9224156-90ac-4d7f-b2c6-2044ea09896f,eb0c00af-f297-4abc-90f8-ff623828c1de,c1,DROP,1008,e5,?,
1769471385.5775282,SENT,1b6db0ff-9a7f-4c89-bb61-9e295878da6b,7ee54211-44e2-4231-bebe-3b569a9dd7e1,c5,c1,1255,?,x10,
1769471385.5775712,FORWARDED,1b6db0ff-9a7f-4c89-bb61-9e295878da6b,7ee54211-44e2-4231-bebe-3b569a9dd7e1,c5,c1,1255,?,x10,
1769471385.8378456,RECEIVED,b9aea851-117f-4157-81fb-5490d6b023ff,8bbd1a10-7fc4-43e6-9268-0b9c8305eeba,c1,c3,1777,e7,?,
1769471385.8539581,RECEIVED,4629249a-a405-43a1-be6a-0840cfa923ca,4fed522c-68da-4fd7-b4be-a8c5ec621307,c2,c4,1764,e7,?,
1769471385.8727677,RECEIVED,60e9df77-1f8c-4cd0-9354-6bd07fd0bb12,639b9b60-1aa5-4fcd-b1c6-0b5796840569,c5,DROP,1016,e4,?,
1769471385.9740293,SENT,de4c54da-ef77-4374-b229-9a1e0ba07e92,5269974d-b069-42b6-a1a8-2b93a35813b8,c3,c1,1264,?,x9,
1769471385.9740949,FORWARDED,de4c54da-ef77-4374-b229-9a1e0ba07e92,5269974d-b069-42b6-a1a8-2b93a35813b8,c3,c1,1264,?,x9,
1769471386.0644712,SENT,d3071e45-24de-4083-924c-c900f3f434d6,f669b7e0-29c3-4279-a383-8536e00e240c,c5,DROP,683,?,x9,
1769471386.0645132,FORWARDED,d3071e45-24de-4083-924c-c900f3f434d6,f669b7e0-29c3-4279-a383-8536e00e240c,c5,DROP,683,?,x9,
1769471386.1469524,SENT,b9aea851-117f-4157-81fb-5490d6b023ff,8bbd1a10-7fc4-43e6-9268-0b9c8305eeba,c1,c3,1259,?,x10,
1769471386.1469958,FORWARDED,b9aea851-117f-4157-81fb-5490d6b023ff,8bbd1a10-7fc4-43e6-9268-0b9c8305eeba,c1,c3,1259,?,x10,
1769471386.152531,RECEIVED,ee61030f-08d6-47ee-a63e-a7e3cc47bafc,5047e2de-4ff8-40bc-a5bc-55c99605c59d,c3,None,1608,e10,?,
1769471386.185539,RECEIVED,95387e3f-ae12-4c02-b978-43e91e4e1db8,1e3c08a3-6e38-4367-bc13-fef4e4fba1c9,c5,DROP,1020,e11,?,
1769471386.2481346,SENT,ee61030f-08d6-47ee-a63e-a7e3cc47bafc,5047e2de-4ff8-40bc-a5bc-55c99605c59d,c3,None,1132,?,x6,
1769471386.2482688,FORWARDED,ee61030f-08d6-47ee-a63e-a7e3cc47bafc,5047e2de-4ff8-40bc-a5bc-55c99605c59d,c3,None,1132,?,x6,
1769471386.2568023,SENT,60e9df77-1f8c-4cd0-9354-6bd07fd0bb12,639b9b60-1aa5-4fcd-b1c6-0b5796840569,c5,DROP,688,?,x3,
1769471386.2568452,FORWARDED,60e9df77-1f8c-4cd0-9354-6bd07fd0bb12,639b9b60-1aa5-4fcd-b1c6-0b5796840569,c5,DROP,688,?,x3,
1769471386.3689444,SENT,a9224156-90ac-4d7f-b2c6-2044ea09896f,eb0c00af-f297-4abc-90f8-ff623828c1de,c1,DROP,684,?,x11,
1769471386.3689864,FORWARDED,a9224156-90ac-4d7f-b2c6-2044ea09896f,eb0c00af-f297-4abc-90f8-ff623828c1de,c1,DROP,684,?,x11,
1769471386.3735943,SENT,95387e3f-ae12-4c02-b978-43e91e4e1db8,1e3c08a3-6e38-4367-bc13-fef4e4fba1c9,c5,DROP,691,?,x12,
1769471386.3736348,FORWARDED,95387e3f-ae12-4c02-b978-43e91e4e1db8,1e3c08a3-6e38-4367-bc13-fef4e4fba1c9,c5,DROP,691,?,x12,
1769471386.5195096,RECEIVED,0cc24c14-33c6-4065-8561-08eb72117544,d68d33da-81d4-4fb2-870a-7cdfd986c661,c1,c3,1767,e8,?,
1769471386.566691,RECEIVED,7ff77310-5efb-4640-9a34-0cc7886edd87,41835333-7680-4116-9cc3-08ea4d8967b4,c4,DROP,1012,e4,?,
1769471386.5673423,SENT,09563811-c117-41f5-9732-f7413d67a7c4,3dd51bfa-ce7f-49e3-86ad-78f111141596,c4,None,1128,?,x6,
1769471386.567379,FORWARDED,09563811-c117-41f5-9732-f7413d67a7c4,3dd51bfa-ce7f-49e3-86ad-78f111141596,c4,None,1128,?,x6,
1769471386.641137,RECEIVED,1d5d9b25-17ba-41c8-86a9-0b454fd79212,fcb64a0e-b6cb-470a-abf6-fb59d6f3c201,c3,None,1595,e8,?,
1769471386.7026243,SENT,7ff77310-5efb-4640-9a34-0cc7886edd87,41835333-7680-4116-9cc3-08ea4d8967b4,c4,DROP,685,?,x2,
1769471386.7026658,FORWARDED,7ff77310-5efb-4640-9a34-0cc7886edd87,41835333-7680-4116-9cc3-08ea4d8967b4,c4,DROP,685,?,x2,
1769471386.7932856,RECEIVED,b949b4eb-c853-43d8-bb72-ff63487dddcd,0abaa092-2e2f-4bbf-9895-c9c58fd84b08,c3,DROP,1005,e3,?,
1769471386.8271742,RECEIVED,802ba974-fc4e-42eb-b757-48fe73867918,853e4146-cc49-4820-9384-0ebddf9c52e3,c3,DROP,1019,e12,?,
1769471386.8455312,SENT,0cc24c14-33c6-4065-8561-08eb72117544,d68d33da-81d4-4fb2-870a-7cdfd986c661,c1,c3,1252,?,x9,
1769471386.8455918,FORWARDED,0cc24c14-33c6-4065-8561-08eb72117544,d68d33da-81d4-4fb2-870a-7cdfd986c661,c1,c3,1252,?,x9,
1769471386.8719099,RECEIVED,429a9dc4-fd1b-4fe2-adac-140064e81c36,029d0154-3aca-492b-b732-c9a64d27429e,c3,DROP,1007,e11,?,
1769471386.9076395,RECEIVED,f0d508db-686e-4b77-8946-b932d0bd34d1,110a941d-068e-48cd-afa5-83b0725a8579,c5,c1,1781,e12,?,
1769471386.9303682,SENT,4629249a-a405-43a1-be6a-0840cfa923ca,4fed522c-68da-4fd7-b4be-a8c5ec621307,c2,c4,1251,?,x10,
1769471386.9304092,FORWARDED,4629249a-a405-43a1-be6a-0840cfa923ca,4fed522c-68da-4fd7-b4be-a8c5ec621307,c2,c4,1251,?,x10,
1769471386.946028,SENT,802ba974-fc4e-42eb-b757-48fe73867918,853e4146-cc49-4820-9384-0ebddf9c52e3,c3,DROP,692,?,x8,
1769471386.9460819,FORWARDED,802ba974-fc4e-42eb-b757-48fe73867918,853e4146-cc49-4820-9384-0ebddf9c52e3,c3,DROP,692,?,x8,
1769471386.9961362,SENT,f0d508db-686e-4b77-8946-b932d0bd34d1,110a941d-068e-48cd-afa5-83b0725a8579,c5,c1,1263,?,x10,
1769471386.9961753,FORWARDED,f0d508db-686e-4b77-8946-b932d0bd34d1,110a941d-068e-48cd-afa5-83b0725a8579,c5,c1,1263,?,x10,
1769471387.0723205,SENT,1d5d9b25-17ba-41c8-86a9-0b454fd79212,fcb64a0e-b6cb-470a-abf6-fb59d6f3c201,c3,None,1125,?,x4,
1769471387.0723717,FORWARDED,1d5d9b25-17ba-41c8-86a9-0b454fd79212,fcb64a0e-b6cb-470a-abf6-fb59d6f3c201,c3,None,1125,?,x4,
1769471387.3636303,RECEIVED,b2a848c5-1359-471f-a69c-3fc678e6d31a,9e95fdb8-7480-49bb-bdfc-d9db3d78996a,c3,DROP,1004,e6,?,
1769471387.3883498,RECEIVED,dc6049ee-e01b-49c7-9e43-fff59c9921c6,0391bfa3-e645-4912-9ede-a0102ccecbcf,c4,DROP,1012,e12,?,
1769471387.425348,RECEIVED,ac45d3c7-d120-4e07-8e46-ab53f01d8ff0,051864bd-ecd0-497d-a950-81cd430b8d5d,c4,DROP,1015,e3,?,
1769471387.5810869,SENT,b2a848c5-1359-471f-a69c-3fc678e6d31a,9e95fdb8-7480-49bb-bdfc-d9db3d78996a,c3,DROP,679,?,x6,
1769471387.581134,FORWARDED,b2a848c5-1359-471f-a69c-3fc678e6d31a,9e95fdb8-7480-49bb-bdfc-d9db3d78996a,c3,DROP,679,?,x6,
1769471387.900928,SENT,429a9dc4-fd1b-4fe2-adac-140064e81c36,029d0154-3aca-492b-b732-c9a64d27429e,c3,DROP,684,?,x5,
1769471387.900964,FORWARDED,429a9dc4-fd1b-4fe2-adac-140064e81c36,029d0154-3aca-492b-b732-c9a64d27429e,c3,DROP,684,?,x5,
1769471388.1069765,SENT,ac45d3c7-d120-4e07-8e46-ab53f01d8ff0,051864bd-ecd0-497d-a950-81cd430b8d5d,c4,DROP,688,?,x7,
1769471388.1070182,FORWARDED,ac45d3c7-d120-4e07-8e46-ab53f01d8ff0,051864bd-ecd0-497d-a950-81cd430b8d5d,c4,DROP,688,?,x7,
1769471388.1724231,SENT,dc6049ee-e01b-49c7-9e43-fff59c9921c6,0391bfa3-e645-4912-9ede-a0102ccecbcf,c4,DROP,685,?,x11,
1769471388.1724641,FORWARDED,dc6049ee-e01b-49c7-9e43-fff59c9921c6,0391bfa3-e645-4912-9ede-a0102ccecbcf,c4,DROP,685,?,x11,
1769471388.4775891,RECEIVED,c1660e25-28a8-4fb1-82c1-325cafadc3a9,725e6464-c662-4f69-a389-69431de36bb8,c3,c1,1780,e1,?,
1769471388.6170762,RECEIVED,2f91c90f-565e-4656-9e31-9081627f461d,dcae097f-3d8a-4b0f-ba55-d1cd0f962562,c3,DROP,1008,e8,?,
1769471388.6198153,RECEIVED,92b69849-b6f8-4bfa-a9a0-f70e7a713936,2abac183-bbc1-4751-a812-8244c7092403,c5,DROP,1015,e3,?,
1769471388.6437936,RECEIVED,922b09b3-dfb7-4efc-99f7-3964eefeb229,d2fd466f-6c7e-4bc9-95ab-262ba677388c,c4,DROP,1012,e11,?,
1769471388.7501252,RECEIVED,c26acb35-3234-4714-a9ba-c8be8dc728d9,856d5bb8-d861-4db1-bd5c-7a32450a7def,c2,DROP,1016,e6,?,
1769471388.7733028,SENT,922b09b3-dfb7-4efc-99f7-3964eefeb229,d2fd466f-6c7e-4bc9-95ab-262ba677388c,c4,DROP,686,?,x4,
1769471388.7733417,FORWARDED,922b09b3-dfb7-4efc-99f7-3964eefeb229,d2fd466f-6c7e-4bc9-95ab-262ba677388c,c4,DROP,686,?,x4,
1769471389.0037205,RECEIVED,16866875-dc89-46d6-b1b4-bb1541976e83,c74808f0-196c-453d-8f0a-1543dc7940ae,c3,DROP,441,x11,?,
1769471389.1541295,SENT,92b69849-b6f8-4bfa-a9a0-f70e7a713936,2abac183-bbc1-4751-a812-8244c7092403,c5,DROP,688,?,x9,
1769471389.1541765,FORWARDED,92b69849-b6f8-4bfa-a9a0-f70e7a713936,2abac183-bbc1-4751-a812-8244c7092403,c5,DROP,688,?,x9,
1769471389.188796,RECEIVED,0f92c1c0-1076-47c5-9157-50ae28c6a89a,77500f2a-9309-495b-948d-19b0312ca6c0,c5,DROP,1007,e4,?,
1769471389.3848412,SENT,c26acb35-3234-4714-a9ba-c8be8dc728d9,856d5bb8-d861-4db1-bd5c-7a32450a7def,c2,DROP,688,?,x10,
1769471389.384895,FORWARDED,c26acb35-3234-4714-a9ba-c8be8dc728d9,856d5bb8-d861-4db1-bd5c-7a32450a7def,c2,DROP,688,?,x10,
1769471389.446221,RECEIVED,d70dd13b-12f1-458c-a254-4fc06934b8ca,0a7fddce-b2ab-4368-9323-75f0eebcc24e,c3,DROP,1008,e4,?,
1769471389.4788702,SENT,2f91c90f-565e-4656-9e31-9081627f461d,dcae097f-3d8a-4b0f-ba55-d1cd0f962562,c3,DROP,684,?,x12,
1769471389.478913,FORWARDED,2f91c90f-565e-4656-9e31-9081627f461d,dcae097f-3d8a-4b0f-ba55-d1cd0f962562,c3,DROP,684,?,x12,
1769471389.4895086,RECEIVED,3388a110-e6b9-469d-8478-202f18c7cbb4,9ce9c13c-4487-415b-90a5-75e25c457010,c3,DROP,1018,e10,?,
1769471389.612506,RECEIVED,cc229903-2b9d-495a-a2c3-572c822fb05a,35b859c5-70b7-4983-9ff2-15a01fb4f9a5,c3,None,1608,e10,?,
1769471389.6179543,SENT,c1660e25-28a8-4fb1-82c1-325cafadc3a9,725e6464-c662-4f69-a389-69431de36bb8,c3,c1,1262,?,x12,
1769471389.6179965,FORWARDED,c1660e25-28a8-4fb1-82c1-325cafadc3a9,725e6464-c662-4f69-a389-69431de36bb8,c3,c1,1262,?,x12,
1769471389.6302555,SENT,d70dd13b-12f1-458c-a254-4fc06934b8ca,0a7fddce-b2ab-4368-9323-75f0eebcc24e,c3,DROP,683,?,x6,
1769471389.6302946,FORWARDED,d70dd13b-12f1-458c-a254-4fc06934b8ca,0a7fddce-b2ab-4368-9323-75f0eebcc24e,c3,DROP,683,?,x6,
1769471389.704798,SENT,0f92c1c0-1076-47c5-9157-50ae28c6a89a,77500f2a-9309-495b-948d-19b0312ca6c0,c5,DROP,683,?,x6,
1769471389.7048373,FORWARDED,0f92c1c0-1076-47c5-9157-50ae28c6a89a,77500f2a-9309-495b-948d-19b0312ca6c0,c5,DROP,683,?,x6,
1769471389.7572536,RECEIVED,fdf8829e-220e-44ea-b998-48bf81876e19,d15cae88-9c33-4334-adca-ad384449a7e8,c1,c3,1776,e3,?,
1769471389.82279,SENT,cc229903-2b9d-495a-a2c3-572c822fb05a,35b859c5-70b7-4983-9ff2-15a01fb4f9a5,c3,None,1132,?,x8,
1769471389.8228343,FORWARDED,cc229903-2b9d-495a-a2c3-572c822fb05a,35b859c5-70b7-4983-9ff2-15a01fb4f9a5,c3,None,1132,?,x8,
1769471389.8563848,SENT,b949b4eb-c853-43d8-bb72-ff63487dddcd,0abaa092-2e2f-4bbf-9895-c9c58fd84b08,c3,DROP,683,?,x9,
1769471389.8564286,FORWARDED,b949b4eb-c853-43d8-bb72-ff63487dddcd,0abaa092-2e2f-4bbf-9895-c9c58fd84b08,c3,DROP,683,?,x9,
1769471389.9317155,RECEIVED,ac885c8a-f072-49eb-a9c6-ed011f64d7d5,e4eed17e-100c-4958-9400-854033c845b8,c5,DROP,1007,e6,?,
1769471390.0393982,RECEIVED,80355eb7-00ff-4588-964c-f6a24f1606fd,5059a449-60dd-4ce4-b137-d707c43f7c41,c3,c1,1784,e12,?,
1769471390.1319847,SENT,ac885c8a-f072-49eb-a9c6-ed011f64d7d5,e4eed17e-100c-4958-9400-854033c845b8,c5,DROP,684,?,x1,
1769471390.1320252,FORWARDED,ac885c8a-f072-49eb-a9c6-ed011f64d7d5,e4eed17e-100c-4958-9400-854033c845b8,c5,DROP,684,?,x1,
1769471390.2461565,SENT,80355eb7-00ff-4588-964c-f6a24f1606fd,5059a449-60dd-4ce4-b137-d707c43f7c41,c3,c1,1264,?,x7,
1769471390.2461941,FORWARDED,80355eb7-00ff-4588-964c-f6a24f1606fd,5059a449-60dd-4ce4-b137-d707c43f7c41,c3,c1,1264,?,x7,
1769471390.2760131,SENT,fdf8829e-220e-44ea-b998-48bf81876e19,d15cae88-9c33-4334-adca-ad384449a7e8,c1,c3,1260,?,x10,
1769471390.2762947,FORWARDED,fdf8829e-220e-44ea-b998-48bf81876e19,d15cae88-9c33-4334-adca-ad384449a7e8,c1,c3,1260,?,x10,
1769471390.307739,RECEIVED,56b1f9a9-06e6-4f57-ba6f-a58b10d94d31,a4d5635b-77ae-48a7-9355-a97b870619e4,c4,None,1608,e9,?,
1769471390.405419,SENT,56b1f9a9-06e6-4f57-ba6f-a58b10d94d31,a4d5635b-77ae-48a7-9355-a97b870619e4,c4,None,1133,?,x7,
1769471390.4054623,FORWARDED,56b1f9a9-06e6-4f57-ba6f-a58b10d94d31,a4d5635b-77ae-48a7-9355-a97b870619e4,c4,None,1133,?,x7,
1769471390.4624362,RECEIVED,11645c85-f80e-4ea5-aef8-e061f2ee5445,d9dd4489-0423-44aa-9633-8fb101dde63f,c2,DROP,1011,e11,?,
1769471390.4989493,RECEIVED,ac9a913c-9748-4b1f-9536-be0ada8708de,60d7171b-f85a-4e06-ae8b-c9e1f9ed799f,c1,None,1599,e8,?,
1769471390.499089,RECEIVED,7f40f371-2cb8-4ace-9b78-2d5d14d718d2,0d18cc2d-4f99-4ebe-a617-6a9feac6852d,c2,DROP,1007,e9,?,
1769471390.7384932,RECEIVED,e5bcbbb3-c90d-4c9d-8750-9c3440a7611e,29e30ff4-ecd9-478b-8287-6f64fdfcd21c,c2,DROP,1012,e1,?,
1769471390.7743845,SENT,3388a110-e6b9-469d-8478-202f18c7cbb4,9ce9c13c-4487-415b-90a5-75e25c457010,c3,DROP,693,?,x9,
1769471390.774427,FORWARDED,3388a110-e6b9-469d-8478-202f18c7cbb4,9ce9c13c-4487-415b-90a5-75e25c457010,c3,DROP,693,?,x9,
1769471390.8628323,SENT,e5bcbbb3-c90d-4c9d-8750-9c3440a7611e,29e30ff4-ecd9-478b-8287-6f64fdfcd21c,c2,DROP,686,?,x1,
1769471390.8628767,FORWARDED,e5bcbbb3-c90d-4c9d-8750-9c3440a7611e,29e30ff4-ecd9-478b-8287-6f64fdfcd21c,c2,DROP,686,?,x1,
1769471391.2186978,RECEIVED,459d0a94-ec40-4c81-97e2-ddf7384aa5e8,76cc5447-d3b0-41ea-b671-4217049b3267,c1,DROP,1020,e11,?,
1769471391.3042405,SENT,459d0a94-ec40-4c81-97e2-ddf7384aa5e8,76cc5447-d3b0-41ea-b671-4217049b3267,c1,DROP,693,?,x9,
1769471391.3042824,FORWARDED,459d0a94-ec40-4c81-97e2-ddf7384aa5e8,76cc5447-d3b0-41ea-b671-4217049b3267,c1,DROP,693,?,x9,
1769471391.3478088,SENT,11645c85-f80e-4ea5-aef8-e061f2ee5445,d9dd4489-0423-44aa-9633-8fb101dde63f,c2,DROP,687,?,x8,
1769471391.3478565,FORWARDED,11645c85-f80e-4ea5-aef8-e061f2ee5445,d9dd4489-0423-44aa-9633-8fb101dde63f,c2,DROP,687,?,x8,
1769471391.4246285,RECEIVED,f41c8034-8778-4c3e-9ff1-fe7ec10c1c01,68a5b90f-80e8-4849-bb93-0a8aca9cb993,c2,c4,1779,e12,?,
1769471391.4277995,SENT,7f40f371-2cb8-4ace-9b78-2d5d14d718d2,0d18cc2d-4f99-4ebe-a617-6a9feac6852d,c2,DROP,684,?,x2,
1769471391.4278383,FORWARDED,7f40f371-2cb8-4ace-9b78-2d5d14d718d2,0d18cc2d-4f99-4ebe-a617-6a9feac6852d,c2,DROP,684,?,x2,
1769471391.4793513,RECEIVED,68851e29-efb7-49c3-af72-841c38be43ce,f8afc5dc-c0c2-4db8-9b56-b3b75d5c9c84,c1,DROP,442,x8,?,
1769471391.6961474,RECEIVED,fe202e8c-c14e-4de4-ba19-7bc3ccb26b62,87aa216c-e238-46f4-b641-5c11cec1b977,c2,DROP,1013,e7,?,
1769471391.7199683,SENT,fe202e8c-c14e-4de4-ba19-7bc3ccb26b62,87aa216c-e238-46f4-b641-5c11cec1b977,c2,DROP,687,?,x1,
1769471391.7200096,FORWARDED,fe202e8c-c14e-4de4-ba19-7bc3ccb26b62,87aa216c-e238-46f4-b641-5c11cec1b977,c2,DROP,687,?,x1,
1769471391.8407238,RECEIVED,0b369077-049f-44bc-a55d-03d30507d925,64fc3e14-ce80-42c6-9c4e-3aa1f3141645,c2,DROP,438,x6,?,
1769471391.9640374,SENT,ac9a913c-9748-4b1f-9536-be0ada8708de,60d7171b-f85a-4e06-ae8b-c9e1f9ed799f,c1,None,1128,?,x3,
1769471391.9641027,FORWARDED,ac9a913c-9748-4b1f-9536-be0ada8708de,60d7171b-f85a-4e06-ae8b-c9e1f9ed799f,c1,None,1128,?,x3,
1769471391.9773316,SENT,f41c8034-8778-4c3e-9ff1-fe7ec10c1c01,68a5b90f-80e8-4849-bb93-0a8aca9cb993,c2,c4,1263,?,x8,
1769471391.9773855,FORWARDED,f41c8034-8778-4c3e-9ff1-fe7ec10c1c01,68a5b90f-80e8-4849-bb93-0a8aca9cb993,c2,c4,1263,?,x8,
1769471392.2340817,RECEIVED,de714408-8eb9-4a32-9a0a-eb109f0f368a,6868ab9e-b88a-4f7a-88f8-bacc50314099,c1,None,1600,e12,?,
1769471392.357681,SENT,de714408-8eb9-4a32-9a0a-eb109f0f368a,6868ab9e-b88a-4f7a-88f8-bacc50314099,c1,None,1127,?,x3,
1769471392.357725,FORWARDED,de714408-8eb9-4a32-9a0a-eb109f0f368a,6868ab9e-b88a-4f7a-88f8-bacc50314099,c1,None,1127,?,x3,
1769471392.529725,RECEIVED,c6e05cf9-cf1a-47a6-866f-6caa8aafadbf,d8db7f55-63cc-45c9-becf-cc07d799515f,c4,DROP,1020,e12,?,
1769471392.6011758,RECEIVED,95510c74-a543-44db-a7d6-4a8d12ba8f2d,1c9ed960-ff65-42cd-a2af-5375af2ee735,c3,DROP,446,x11,?,
1769471392.6183856,RECEIVED,c7a21141-8cd9-4865-87e2-3d2cbe82286b,c5f53d8c-f9b8-4ae1-a524-833e4cf72166,c5,DROP,1012,e1,?,
1769471392.7365534,RECEIVED,b8314d89-3d4f-4aa1-89c0-5be870e3d668,84492fec-9f82-4e01-a554-efdc3dfd89a6,c2,c4,1781,e3,?,
1769471392.8346944,SENT,b8314d89-3d4f-4aa1-89c0-5be870e3d668,84492fec-9f82-4e01-a554-efdc3dfd89a6,c2,c4,1263,?,x10,
1769471392.8347383,FORWARDED,b8314d89-3d4f-4aa1-89c0-5be870e3d668,84492fec-9f82-4e01-a554-efdc3dfd89a6,c2,c4,1263,?,x10,
1769471392.9565253,SENT,c7a21141-8cd9-4865-87e2-3d2cbe82286b,c5f53d8c-f9b8-4ae1-a524-833e4cf72166,c5,DROP,685,?,x6,
1769471392.9565687,FORWARDED,c7a21141-8cd9-4865-87e2-3d2cbe82286b,c5f53d8c-f9b8-4ae1-a524-833e4cf72166,c5,DROP,685,?,x6,
1769471393.0082579,SENT,c6e05cf9-cf1a-47a6-866f-6caa8aafadbf,d8db7f55-63cc-45c9-becf-cc07d799515f,c4,DROP,691,?,x10,
1769471393.0083032,FORWARDED,c6e05cf9-cf1a-47a6-866f-6caa8aafadbf,d8db7f55-63cc-45c9-becf-cc07d799515f,c4,DROP,691,?,x10,
1769471393.016053,RECEIVED,3397e722-1970-474c-9723-ffbfc42c3a93,40927a8e-1b17-48ab-80b4-09ad9a5c3279,c3,DROP,1010,e8,?,
1769471393.0311666,RECEIVED,07a11b62-42dc-4123-96da-76cf35d0b382,c3f46a9f-53c3-4cf3-b03b-28394d164e8d,c1,c3,1783,e3,?,
1769471393.23118,SENT,07a11b62-42dc-4123-96da-76cf35d0b382,c3f46a9f-53c3-4cf3-b03b-28394d164e8d,c1,c3,1264,?,x10,
1769471393.2312346,FORWARDED,07a11b62-42dc-4123-96da-76cf35d0b382,c3f46a9f-53c3-4cf3-b03b-28394d164e8d,c1,c3,1264,?,x10,
1769471393.3520732,RECEIVED,f52a8d39-c14b-46f4-b493-f81fcbe03674,964cfa2d-d806-42dc-a381-26e3a562082a,c4,DROP,1016,e2,?,
1769471393.374243,RECEIVED,c4fb0e8a-47c1-46a6-aa40-fe0daeff4abb,fb4cdf73-e842-41e5-b167-6b4c01fcea85,c5,c1,1772,e8,?,
1769471393.5300806,RECEIVED,ed56ec1c-50e6-4d3d-afc7-f6072efd3e0e,63d580e0-def3-4ba1-9507-05285004f437,c4,c3,1776,e12,?,
1769471393.6029987,RECEIVED,d3c1ff62-61e7-42f0-9267-51a9e170ecd3,1d398630-2a06-40e1-b411-20fe98d73421,c2,DROP,1011,e6,?,
1769471393.6576576,RECEIVED,a7776375-d452-48d7-9cb9-08646ee223d1,6f55a365-0f6f-4999-8333-fa94678ff7eb,c2,DROP,1020,e9,?,
1769471393.689541,SENT,ed56ec1c-50e6-4d3d-afc7-f6072efd3e0e,63d580e0-def3-4ba1-9507-05285004f437,c4,c3,1260,?,x6,
1769471393.689581,FORWARDED,ed56ec1c-50e6-4d3d-afc7-f6072efd3e0e,63d580e0-def3-4ba1-9507-05285004f437,c4,c3,1260,?,x6,
1769471393.6933997,SENT,c4fb0e8a-47c1-46a6-aa40-fe0daeff4abb,fb4cdf73-e842-41e5-b167-6b4c01fcea85,c5,c1,1256,?,x12,
1769471393.6934419,FORWARDED,c4fb0e8a-47c1-46a6-aa40-fe0daeff4abb,fb4cdf73-e842-41e5-b167-6b4c01fcea85,c5,c1,1256,?,x12,
1769471393.7322764,RECEIVED,9eb613a3-4dbd-4b0d-8926-898c6c1f5458,cd0c087d-686f-49c3-bef3-c541ab1d6083,c3,None,1608,e5,?,
1769471393.738915,RECEIVED,38c28ab8-afd6-4ce4-80de-412015f4ee8e,51d3f812-a5d3-4014-9e61-b2c6e4381aff,c1,None,1608,e10,?,
1769471393.8302522,SENT,f52a8d39-c14b-46f4-b493-f81fcbe03674,964cfa2d-d806-42dc-a381-26e3a562082a,c4,DROP,688,?,x7,
1769471393.8302937,FORWARDED,f52a8d39-c14b-46f4-b493-f81fcbe03674,964cfa2d-d806-42dc-a381-26e3a562082a,c4,DROP,688,?,x7,
1769471393.926018,SENT,3397e722-1970-474c-9723-ffbfc42c3a93,40927a8e-1b17-48ab-80b4-09ad9a5c3279,c3,DROP,687,?,x6,
1769471393.9260721,FORWARDED,3397e722-1970-474c-9723-ffbfc42c3a93,40927a8e-1b17-48ab-80b4-09ad9a5c3279,c3,DROP,687,?,x6,
1769471393.9492679,SENT,38c28ab8-afd6-4ce4-80de-412015f4ee8e,51d3f812-a5d3-4014-9e61-b2c6e4381aff,c1,None,1133,?,x6,
1769471393.949309,FORWARDED,38c28ab8-afd6-4ce4-80de-412015f4ee8e,51d3f812-a5d3-4014-9e61-b2c6e4381aff,c1,None,1133,?,x6,
1769471393.998519,RECEIVED,45e68e3d-a75d-44d7-bcaf-4ce24a57800d,17c6f431-a86a-4824-9b49-9c982d185a44,c3,DROP,1015,e10,?,
1769471394.321565,SENT,d3c1ff62-61e7-42f0-9267-51a9e170ecd3,1d398630-2a06-40e1-b411-20fe98d73421,c2,DROP,685,?,x7,
1769471394.3216066,FORWARDED,d3c1ff62-61e7-42f0-9267-51a9e170ecd3,1d398630-2a06-40e1-b411-20fe98d73421,c2,DROP,685,?,x7,
1769471394.3273697,SENT,9eb613a3-4dbd-4b0d-8926-898c6c1f5458,cd0c087d-686f-49c3-bef3-c541ab1d6083,c3,None,1132,?,x12,
1769471394.327411,FORWARDED,9eb613a3-4dbd-4b0d-8926-898c6c1f5458,cd0c087d-686f-49c3-bef3-c541ab1d6083,c3,None,1132,?,x12,
1769471394.3786001,RECEIVED,24588f43-23b6-4252-a822-5ce6acfc4696,6502cb51-9e54-4cf1-9f2a-c51a5bd292d3,c5,DROP,1012,e11,?,
1769471394.4794922,RECEIVED,c11a7c6a-afaf-452e-af77-97d3d2ac0d40,30e7b498-b1f4-4ca9-8841-2cd2d36490d6,c4,None,1599,e9,?,
1769471394.4903023,RECEIVED,dfa949d3-5eb1-45f7-aa39-68397e118fe1,83607930-0742-4756-9224-ea6f2142cbf6,c1,None,1599,e5,?,
1769471394.5045347,RECEIVED,2f45e5ab-f613-4b09-8e7f-cb151bee981d,0755b3fd-afdb-4c94-b1b3-06414e57405e,c5,DROP,441,x1,?,
1769471394.5943255,RECEIVED,dfc79842-ceca-4d84-ae32-e194ac705e21,de9c4a8b-2296-4d3d-8b16-d7d430652f1c,c3,DROP,1007,e5,?,
1769471394.6106527,RECEIVED,ed22fca3-4121-4636-a184-3ed4141fb1c7,6a8179de-6254-4d4b-b633-4b0034717011,c5,DROP,442,x3,?,
1769471394.6524467,SENT,24588f43-23b6-4252-a822-5ce6acfc4696,6502cb51-9e54-4cf1-9f2a-c51a5bd292d3,c5,DROP,685,?,x1,
1769471394.652489,FORWARDED,24588f43-23b6-4252-a822-5ce6acfc4696,6502cb51-9e54-4cf1-9f2a-c51a5bd292d3,c5,DROP,685,?,x1,
1769471394.7328658,SENT,dfa949d3-5eb1-45f7-aa39-68397e118fe1,83607930-0742-4756-9224-ea6f2142cbf6,c1,None,1127,?,x2,
1769471394.7329106,FORWARDED,dfa949d3-5eb1-45f7-aa39-68397e118fe1,83607930-0742-4756-9224-ea6f2142cbf6,c1,None,1127,?,x2,
1769471394.7567434,RECEIVED,41021955-e509-49ce-baf4-88b2899e89eb,0908e923-37cf-4407-8ed9-99c1c8e65942,c3,DROP,1012,e10,?,
1769471394.7704756,RECEIVED,73569b5d-53cf-42fa-9623-cbedd5845d63,7bab86fc-c729-4c1c-9baf-d2586a790dd7,c4,DROP,1012,e6,?,
1769471394.8436275,SENT,73569b5d-53cf-42fa-9623-cbedd5845d63,7bab86fc-c729-4c1c-9baf-d2586a790dd7,c4,DROP,685,?,x5,
1769471394.8436708,FORWARDED,73569b5d-53cf-42fa-9623-cbedd5845d63,7bab86fc-c729-4c1c-9baf-d2586a790dd7,c4,DROP,685,?,x5,
1769471394.8551786,RECEIVED,deb584f6-b35c-47ee-83a0-81866e0bbe48,6108a1f4-db76-4b05-9f52-def963154731,c5,DROP,1008,e8,?,
1769471394.964971,SENT,a7776375-d452-48d7-9cb9-08646ee223d1,6f55a365-0f6f-4999-8333-fa94678ff7eb,c2,DROP,692,?,x11,
1769471394.9650087,FORWARDED,a7776375-d452-48d7-9cb9-08646ee223d1,6f55a365-0f6f-4999-8333-fa94678ff7eb,c2,DROP,692,?,x11,
1769471395.0507565,SENT,45e68e3d-a75d-44d7-bcaf-4ce24a57800d,17c6f431-a86a-4824-9b49-9c982d185a44,c3,DROP,688,?,x4,
1769471395.0507884,FORWARDED,45e68e3d-a75d-44d7-bcaf-4ce24a57800d,17c6f431-a86a-4824-9b49-9c982d185a44,c3,DROP,688,?,x4,
1769471395.0742505,SENT,deb584f6-b35c-47ee-83a0-81866e0bbe48,6108a1f4-db76-4b05-9f52-def963154731,c5,DROP,684,?,x2,
1769471395.074291,FORWARDED,deb584f6-b35c-47ee-83a0-81866e0bbe48,6108a1f4-db76-4b05-9f52-def963154731,c5,DROP,684,?,x2,
1769471395.088891,SENT,41021955-e509-49ce-baf4-88b2899e89eb,0908e923-37cf-4407-8ed9-99c1c8e65942,c3,DROP,687,?,x3,
1769471395.0889313,FORWARDED,41021955-e509-49ce-baf4-88b2899e89eb,0908e923-37cf-4407-8ed9-99c1c8e65942,c3,DROP,687,?,x3,
1769471395.1494188,SENT,c11a7c6a-afaf-452e-af77-97d3d2ac0d40,30e7b498-b1f4-4ca9-8841-2cd2d36490d6,c4,None,1128,?,x2,
1769471395.1494615,FORWARDED,c11a7c6a-afaf-452e-af77-97d3d2ac0d40,30e7b498-b1f4-4ca9-8841-2cd2d36490d6,c4,None,1128,?,x2,
1769471395.2307594,SENT,dfc79842-ceca-4d84-ae32-e194ac705e21,de9c4a8b-2296-4d3d-8b16-d7d430652f1c,c3,DROP,684,?,x8,
1769471395.230806,FORWARDED,dfc79842-ceca-4d84-ae32-e194ac705e21,de9c4a8b-2296-4d3d-8b16-d7d430652f1c,c3,DROP,684,?,x8,
1769471395.2319171,RECEIVED,aec61e3e-7d53-47a7-b9c7-c257638a75a0,5ec0f860-9a9e-4b14-8f2a-f832f2d38184,c5,DROP,1006,e6,?,
1769471395.243416,RECEIVED,4659a8d5-3851-4c1b-a12c-72c7c983e10b,575db6ed-7daf-4193-92df-6595a6b8e2fa,c5,DROP,1011,e7,?,
1769471395.6162205,RECEIVED,80177ebf-4c0a-48aa-ab63-bec94aed16e6,1d252ca3-580e-4577-afbe-70aae0b08b58,c2,DROP,1012,e12,?,
1769471395.6702414,SENT,aec61e3e-7d53-47a7-b9c7-c257638a75a0,5ec0f860-9a9e-4b14-8f2a-f832f2d38184,c5,DROP,683,?,x4,
1769471395.6702836,FORWARDED,aec61e3e-7d53-47a7-b9c7-c257638a75a0,5ec0f860-9a9e-4b14-8f2a-f832f2d38184,c5,DROP,683,?,x4,
1769471395.7200053,RECEIVED,20496136-0a53-4b75-aae6-b657383274ab,5ee3bed1-e58c-434d-83ec-69a602b21ff6,c4,DROP,1012,e2,?,
1769471395.7442877,SENT,80177ebf-4c0a-48aa-ab63-bec94aed16e6,1d252ca3-580e-4577-afbe-70aae0b08b58,c2,DROP,687,?,x1,
1769471395.7443266,FORWARDED,80177ebf-4c0a-48aa-ab63-bec94aed16e6,1d252ca3-580e-4577-afbe-70aae0b08b58,c2,DROP,687,?,x1,
1769471395.7685778,RECEIVED,828787c7-54f5-46d7-9946-2d5c49b37b23,d431d16b-a013-41cd-a279-74efbe65cfbc,c1,c3,1784,e11,?,
1769471395.83311,RECEIVED,5432638d-12b4-439e-ba6d-b96d04418b34,31da5969-3294-4139-a635-025d3903bf38,c2,DROP,1015,e8,?,
1769471395.917895,RECEIVED,95dd394e-f070-4309-b37b-df2d93f2cc6d,89c53d9d-8ab5-4966-937e-770cf96fe5ef,c1,DROP,1012,e6,?,
1769471395.998475,SENT,95dd394e-f070-4309-b37b-df2d93f2cc6d,89c53d9d-8ab5-4966-937e-770cf96fe5ef,c1,DROP,687,?,x4,
1769471395.9985104,FORWARDED,95dd394e-f070-4309-b37b-df2d93f2cc6d,89c53d9d-8ab5-4966-937e-770cf96fe5ef,c1,DROP,687,?,x4,
1769471396.1191003,RECEIVED,c686d5ed-a008-429e-8f44-f7c2a3072987,19d2b8a7-72fd-4a72-a29c-d51839a01e5a,c4,DROP,1017,e6,?,
1769471396.2015035,SENT,c686d5ed-a008-429e-8f44-f7c2a3072987,19d2b8a7-72fd-4a72-a29c-d51839a01e5a,c4,DROP,689,?,x4,
1769471396.2015417,FORWARDED,c686d5ed-a008-429e-8f44-f7c2a3072987,19d2b8a7-72fd-4a72-a29c-d51839a01e5a,c4,DROP,689,?,x4,
1769471396.237421,SENT,828787c7-54f5-46d7-9946-2d5c49b37b23,d431d16b-a013-41cd-a279-74efbe65cfbc,c1,c3,1265,?,x4,
1769471396.2374625,FORWARDED,828787c7-54f5-46d7-9946-2d5c49b37b23,d431d16b-a013-41cd-a279-74efbe65cfbc,c1,c3,1265,?,x4,
1769471396.3804073,RECEIVED,d3ec5f28-ccf2-48a2-bd6d-7286442b25ed,a9da0cf7-4a68-43de-b8c0-5e8da3ec0a4c,c1,DROP,1011,e6,?,
1769471396.4146051,SENT,5432638d-12b4-439e-ba6d-b96d04418b34,31da5969-3294-4139-a635-025d3903bf38,c2,DROP,689,?,x3,
1769471396.4146457,FORWARDED,5432638d-12b4-439e-ba6d-b96d04418b34,31da5969-3294-4139-a635-025d3903bf38,c2,DROP,689,?,x3,
1769471396.485382,RECEIVED,0cb9fbfe-a447-44f2-9ae9-cc955ae96a82,b28d8285-642d-4688-93e5-65b7b7359a52,c3,DROP,441,x12,?,
1769471396.64711,SENT,4659a8d5-3851-4c1b-a12c-72c7c983e10b,575db6ed-7daf-4193-92df-6595a6b8e2fa,c5,DROP,686,?,x8,
1769471396.6471508,FORWARDED,4659a8d5-3851-4c1b-a12c-72c7c983e10b,575db6ed-7daf-4193-92df-6595a6b8e2fa,c5,DROP,686,?,x8,
1769471396.7565377,RECEIVED,1069e2a7-7aa8-441b-a7f1-fee75c214ef6,fc46abb5-5217-4a2a-8844-516a6d534104,c5,c1,1776,e12,?,
1769471396.8462532,SENT,20496136-0a53-4b75-aae6-b657383274ab,5ee3bed1-e58c-434d-83ec-69a602b21ff6,c4,DROP,687,?,x10,
1769471396.8462954,FORWARDED,20496136-0a53-4b75-aae6-b657383274ab,5ee3bed1-e58c-434d-83ec-69a602b21ff6,c4,DROP,687,?,x10,
1769471396.915868,SENT,1069e2a7-7aa8-441b-a7f1-fee75c214ef6,fc46abb5-5217-4a2a-8844-516a6d534104,c5,c1,1259,?,x10,
1769471396.9159038,FORWARDED,1069e2a7-7aa8-441b-a7f1-fee75c214ef6,fc46abb5-5217-4a2a-8844-516a6d534104,c5,c1,1259,?,x10,
1769471396.9838743,SENT,d3ec5f28-ccf2-48a2-bd6d-7286442b25ed,a9da0cf7-4a68-43de-b8c0-5e8da3ec0a4c,c1,DROP,687,?,x8,
1769471396.9839149,FORWARDED,d3ec5f28-ccf2-48a2-bd6d-7286442b25ed,a9da0cf7-4a68-43de-b8c0-5e8da3ec0a4c,c1,DROP,687,?,x8,
1769471397.1087227,RECEIVED,24dc4d1f-5ff7-4d8a-a65e-473899836ff2,c7aac3a2-1dd9-4868-8202-b990e3be38af,c4,c3,1759,e2,?,
1769471397.1228669,RECEIVED,5ec7eaaa-5cb5-4a9b-a161-a8f38dbe266b,a7da9e10-6702-4cfd-8ea1-60447799a849,c2,DROP,1007,e3,?,
1769471397.1442847,RECEIVED,a363cebd-08fa-449e-a0fb-93e7ef8c787a,05fd3d70-35ad-4d80-ac90-c31ef87bbd13,c5,DROP,1011,e4,?,
1769471397.5455341,SENT,5ec7eaaa-5cb5-4a9b-a161-a8f38dbe266b,a7da9e10-6702-4cfd-8ea1-60447799a849,c2,DROP,684,?,x7,
1769471397.5455756,FORWARDED,5ec7eaaa-5cb5-4a9b-a161-a8f38dbe266b,a7da9e10-6702-4cfd-8ea1-60447799a849,c2,DROP,684,?,x7,
1769471397.76467,RECEIVED,f401b843-7285-498b-af4f-f24a27964164,993acdcb-4a61-40d6-861a-85be694a525d,c1,c3,1775,e2,?,
1769471398.1614647,RECEIVED,d3e0e9c4-559b-4393-820b-37ef78803ea6,0dae6922-b5b2-4edf-862b-a2d1b4223603,c3,None,1604,e1,?,
1769471398.1645348,SENT,a363cebd-08fa-449e-a0fb-93e7ef8c787a,05fd3d70-35ad-4d80-ac90-c31ef87bbd13,c5,DROP,685,?,x6,
1769471398.1648672,FORWARDED,a363cebd-08fa-449e-a0fb-93e7ef8c787a,05fd3d70-35ad-4d80-ac90-c31ef87bbd13,c5,DROP,685,?,x6,
1769471398.2189891,SENT,24dc4d1f-5ff7-4d8a-a65e-473899836ff2,c7aac3a2-1dd9-4868-8202-b990e3be38af,c4,c3,1248,?,x7,
1769471398.2190306,FORWARDED,24dc4d1f-5ff7-4d8a-a65e-473899836ff2,c7aac3a2-1dd9-4868-8202-b990e3be38af,c4,c3,1248,?,x7,
1769471398.2990327,RECEIVED,17d7364f-182b-4f02-bfe4-a647df0da6ea,12061c2f-593c-44a8-a843-a9c640006a2e,c4,DROP,1012,e2,?,
1769471398.3082983,SENT,d3e0e9c4-559b-4393-820b-37ef78803ea6,0dae6922-b5b2-4edf-862b-a2d1b4223603,c3,None,1131,?,x3,
1769471398.3083425,FORWARDED,d3e0e9c4-559b-4393-820b-37ef78803ea6,0dae6922-b5b2-4edf-862b-a2d1b4223603,c3,None,1131,?,x3,
1769471398.3332272,RECEIVED,eb0941df-d58d-4569-aef4-e75d854756ec,34e6ae6d-5bdc-4ace-84c3-987b7db021b8,c5,DROP,1007,e4,?,
1769471398.430298,RECEIVED,317dc371-6928-45cc-840a-7107e365c973,12ae5e36-c405-4043-8ad8-4d65e35dd12c,c4,DROP,1012,e2,?,
1769471398.5475817,RECEIVED,e2385d6b-efcd-4c1e-813c-73623dedc952,ad15267f-8086-4044-bba1-79d4201354a6,c4,DROP,1008,e12,?,
1769471398.5907004,RECEIVED,69f17c56-13e2-460d-bcaa-f6f36f280522,af60fdaf-12d1-472d-8b9d-e522dc9c4e32,c5,DROP,1007,e9,?,
1769471398.6466067,SENT,e2385d6b-efcd-4c1e-813c-73623dedc952,ad15267f-8086-4044-bba1-79d4201354a6,c4,DROP,684,?,x5,
1769471398.6466458,FORWARDED,e2385d6b-efcd-4c1e-813c-73623dedc952,ad15267f-8086-4044-bba1-79d4201354a6,c4,DROP,684,?,x5,
1769471398.7316964,SENT,317dc371-6928-45cc-840a-7107e365c973,12ae5e36-c405-4043-8ad8-4d65e35dd12c,c4,DROP,687,?,x1,
1769471398.731742,FORWARDED,317dc371-6928-45cc-840a-7107e365c973,12ae5e36-c405-4043-8ad8-4d65e35dd12c,c4,DROP,687,?,x1,
1769471398.849651,RECEIVED,c0ca8709-38c7-469f-8167-18ae4281e70f,b9f9ab67-9540-4ef5-829b-600cf24af300,c1,DROP,1020,e10,?,
1769471398.858345,SENT,17d7364f-182b-4f02-bfe4-a647df0da6ea,12061c2f-593c-44a8-a843-a9c640006a2e,c4,DROP,687,?,x10,
1769471398.858388,FORWARDED,17d7364f-182b-4f02-bfe4-a647df0da6ea,12061c2f-593c-44a8-a843-a9c640006a2e,c4,DROP,687,?,x10,
1769471398.8826964,RECEIVED,16e335f5-0d52-4a3d-b89c-fb384047f01d,4cce3f6f-dde9-4d1f-ad5d-a292ed27ffda,c2,DROP,1003,e9,?,
1769471398.9497466,SENT,c0ca8709-38c7-469f-8167-18ae4281e70f,b9f9ab67-9540-4ef5-829b-600cf24af300,c1,DROP,692,?,x2,
1769471398.9497888,FORWARDED,c0ca8709-38c7-469f-8167-18ae4281e70f,b9f9ab67-9540-4ef5-829b-600cf24af300,c1,DROP,692,?,x2,
1769471398.9653947,RECEIVED,9910c096-19dd-4b87-b672-4d4a0ad7dfd7,66facdc6-aed3-4089-a332-694debb4c3eb,c2,c4,1780,e11,?,
1769471398.9985492,RECEIVED,d626fd05-38d6-4d0b-915a-c87adc07c0b7,fad76ddd-800f-4c8b-9448-14b80b9cc0ea,c4,DROP,1011,e11,?,
1769471399.002619,SENT,f401b843-7285-498b-af4f-f24a27964164,993acdcb-4a61-40d6-861a-85be694a525d,c1,c3,1259,?,x5,
1769471399.0026608,FORWARDED,f401b843-7285-498b-af4f-f24a27964164,993acdcb-4a61-40d6-861a-85be694a525d,c1,c3,1259,?,x5,
1769471399.0686605,RECEIVED,78d5ab8f-489e-46f1-96f5-6bf8432f83a8,4523b17e-4257-4ce7-90d2-bb73eab74db8,c5,DROP,1006,e8,?,
1769471399.0767765,RECEIVED,fc30acd7-7d73-4f1c-bcd6-49ec07f7131d,bd6c929d-b9f2-4c42-8ef5-df7bb365632f,c3,DROP,1008,e10,?,
1769471399.1643534,RECEIVED,d6685f9f-df0d-4cd0-90cc-fa98bdd36705,028b0854-d49d-4bb7-92b9-ceef16431d70,c5,DROP,441,x5,?,
1769471399.200422,RECEIVED,2b2f773d-6c24-4a8e-885b-d37854674669,9a251ab0-47b6-427a-8bd2-4b1f6fb5aded,c2,DROP,1015,e3,?,
1769471399.209952,SENT,eb0941df-d58d-4569-aef4-e75d854756ec,34e6ae6d-5bdc-4ace-84c3-987b7db021b8,c5,DROP,683,?,x9,
1769471399.2099948,FORWARDED,eb0941df-d58d-4569-aef4-e75d854756ec,34e6ae6d-5bdc-4ace-84c3-987b7db021b8,c5,DROP,683,?,x9,
1769471399.2443638,SENT,9910c096-19dd-4b87-b672-4d4a0ad7dfd7,66facdc6-aed3-4089-a332-694debb4c3eb,c2,c4,1261,?,x6,
1769471399.244406,FORWARDED,9910c096-19dd-4b87-b672-4d4a0ad7dfd7,66facdc6-aed3-4089-a332-694debb4c3eb,c2,c4,1261,?,x6,
1769471399.2922792,SENT,69f17c56-13e2-460d-bcaa-f6f36f280522,af60fdaf-12d1-472d-8b9d-e522dc9c4e32,c5,DROP,683,?,x2,
1769471399.2923207,FORWARDED,69f17c56-13e2-460d-bcaa-f6f36f280522,af60fdaf-12d1-472d-8b9d-e522dc9c4e32,c5,DROP,683,?,x2,
1769471399.3864703,SENT,2b2f773d-6c24-4a8e-885b-d37854674669,9a251ab0-47b6-427a-8bd2-4b1f6fb5aded,c2,DROP,688,?,x8,
1769471399.3865128,FORWARDED,2b2f773d-6c24-4a8e-885b-d37854674669,9a251ab0-47b6-427a-8bd2-4b1f6fb5aded,c2,DROP,688,?,x8,
1769471399.4584203,RECEIVED,639dc130-ec5c-4a66-a5da-3d5e56bc5137,3b14ae35-3a01-4297-a2ee-ccec1b043932,c3,DROP,1008,e10,?,
1769471399.4648094,SENT,fc30acd7-7d73-4f1c-bcd6-49ec07f7131d,bd6c929d-b9f2-4c42-8ef5-df7bb365632f,c3,DROP,684,?,x2,
1769471399.4648476,FORWARDED,fc30acd7-7d73-4f1c-bcd6-49ec07f7131d,bd6c929d-b9f2-4c42-8ef5-df7bb365632f,c3,DROP,684,?,x2,
1769471399.5119083,SENT,639dc130-ec5c-4a66-a5da-3d5e56bc5137,3b14ae35-3a01-4297-a2ee-ccec1b043932,c3,DROP,684,?,x1,
1769471399.5119503,FORWARDED,639dc130-ec5c-4a66-a5da-3d5e56bc5137,3b14ae35-3a01-4297-a2ee-ccec1b043932,c3,DROP,684,?,x1,
1769471399.5477958,RECEIVED,104d6574-f3c3-4893-9ecc-ad6b229e796e,6656a6fa-2bd8-4fd4-b5f0-f6608cc162d7,c4,c3,1775,e1,?,
1769471399.5582514,SENT,d626fd05-38d6-4d0b-915a-c87adc07c0b7,fad76ddd-800f-4c8b-9448-14b80b9cc0ea,c4,DROP,687,?,x8,
1769471399.5582893,FORWARDED,d626fd05-38d6-4d0b-915a-c87adc07c0b7,fad76ddd-800f-4c8b-9448-14b80b9cc0ea,c4,DROP,687,?,x8,
1769471399.6159403,RECEIVED,36be6556-5071-4407-9c98-f65f897462de,31fdb6b9-d435-4bb7-91c5-33ff850c91c5,c4,DROP,1008,e10,?,
1769471399.6737337,SENT,36be6556-5071-4407-9c98-f65f897462de,31fdb6b9-d435-4bb7-91c5-33ff850c91c5,c4,DROP,683,?,x2,
1769471399.6737757,FORWARDED,36be6556-5071-4407-9c98-f65f897462de,31fdb6b9-d435-4bb7-91c5-33ff850c91c5,c4,DROP,683,?,x2,
1769471399.6846085,RECEIVED,d0b8408f-b3c7-43f3-a7d6-61a007ea459d,ae8344ec-bee2-4ead-8ca8-4a1e4529b657,c2,DROP,1008,e1,?,
1769471399.7756255,SENT,d0b8408f-b3c7-43f3-a7d6-61a007ea459d,ae8344ec-bee2-4ead-8ca8-4a1e4529b657,c2,DROP,683,?,x5,
1769471399.775664,FORWARDED,d0b8408f-b3c7-43f3-a7d6-61a007ea459d,ae8344ec-bee2-4ead-8ca8-4a1e4529b657,c2,DROP,683,?,x5,
1769471399.852572,SENT,104d6574-f3c3-4893-9ecc-ad6b229e796e,6656a6fa-2bd8-4fd4-b5f0-f6608cc162d7,c4,c3,1259,?,x3,
1769471399.852611,FORWARDED,104d6574-f3c3-4893-9ecc-ad6b229e796e,6656a6fa-2bd8-4fd4-b5f0-f6608cc162d7,c4,c3,1259,?,x3,
1769471399.8983214,RECEIVED,46bed688-da92-4582-9643-e69ca269a350,5849a86d-c774-40e1-b1ba-b1fc4198aaed,c2,DROP,1011,e11,?,
1769471399.9377308,RECEIVED,6b783feb-b043-4102-92fc-fec17661fe72,dbeb9e9a-3b5b-42c6-8d33-8022941f39ea,c4,None,1600,e10,?,
1769471399.9732354,SENT,6b783feb-b043-4102-92fc-fec17661fe72,dbeb9e9a-3b5b-42c6-8d33-8022941f39ea,c4,None,1127,?,x3,
1769471399.973279,FORWARDED,6b783feb-b043-4102-92fc-fec17661fe72,dbeb9e9a-3b5b-42c6-8d33-8022941f39ea,c4,None,1127,?,x3,
1769471400.0762956,RECEIVED,bc064d7a-306f-4a9c-89f6-84606f48961e,603f801a-7598-4a6e-ba00-d6a8d4b4e86b,c5,DROP,1011,e7,?,
1769471400.1109896,RECEIVED,e3795978-f992-4c52-a460-64a316ed355f,d7fc0c1a-5578-4e50-bffb-ddd54c06943d,c2,DROP,1017,e11,?,
1769471400.127322,RECEIVED,704e95d7-96cc-4eb6-84ea-d03ce5697300,ec3f8a87-4dde-4305-a105-2f63c3b276bd,c3,DROP,1009,e11,?,
1769471400.1747873,SENT,704e95d7-96cc-4eb6-84ea-d03ce5697300,ec3f8a87-4dde-4305-a105-2f63c3b276bd,c3,DROP,683,?,x9,
1769471400.1748264,FORWARDED,704e95d7-96cc-4eb6-84ea-d03ce5697300,ec3f8a87-4dde-4305-a105-2f63c3b276bd,c3,DROP,683,?,x9,
1769471400.17797,SENT,e3795978-f992-4c52-a460-64a316ed355f,d7fc0c1a-5578-4e50-bffb-ddd54c06943d,c2,DROP,690,?,x10,
1769471400.1780086,FORWARDED,e3795978-f992-4c52-a460-64a316ed355f,d7fc0c1a-5578-4e50-bffb-ddd54c06943d,c2,DROP,690,?,x10,
1769471400.2060883,RECEIVED,729a2f62-fc24-4f3a-b73f-cb278750bf45,0e7b3940-1c58-4c6f-a457-7a1864d60334,c5,DROP,1008,e7,?,
1769471400.2614498,RECEIVED,53918948-9d89-49db-a3bb-1359cc7eecd0,b1170a20-791f-4692-bdb5-8bfc5a1aad7d,c3,None,1604,e5,?,
1769471400.2830682,RECEIVED,d3bb1e11-79e0-4b19-af03-6a5f1d8cd410,26ec3e0e-4487-44af-aa89-0a8c884c13bd,c4,DROP,1014,e3,?,
1769471400.2957785,SENT,729a2f62-fc24-4f3a-b73f-cb278750bf45,0e7b3940-1c58-4c6f-a457-7a1864d60334,c5,DROP,684,?,x1,
1769471400.2958183,FORWARDED,729a2f62-fc24-4f3a-b73f-cb278750bf45,0e7b3940-1c58-4c6f-a457-7a1864d60334,c5,DROP,684,?,x1,
1769471400.3300426,SENT,78d5ab8f-489e-46f1-96f5-6bf8432f83a8,4523b17e-4257-4ce7-90d2-bb73eab74db8,c5,DROP,683,?,x7,
1769471400.3300958,FORWARDED,78d5ab8f-489e-46f1-96f5-6bf8432f83a8,4523b17e-4257-4ce7-90d2-bb73eab74db8,c5,DROP,683,?,x7,
1769471400.378131,RECEIVED,4fbd16e7-b8c2-42ae-9270-1a45821ccad9,6dd9cdbd-9d4a-466a-90d5-4b6b51877ead,c4,None,1599,e12,?,
1769471400.5671887,SENT,16e335f5-0d52-4a3d-b89c-fb384047f01d,4cce3f6f-dde9-4d1f-ad5d-a292ed27ffda,c2,DROP,679,?,x6,
1769471400.5672276,FORWARDED,16e335f5-0d52-4a3d-b89c-fb384047f01d,4cce3f6f-dde9-4d1f-ad5d-a292ed27ffda,c2,DROP,679,?,x6,
1769471400.8875892,SENT,4fbd16e7-b8c2-42ae-9270-1a45821ccad9,6dd9cdbd-9d4a-466a-90d5-4b6b51877ead,c4,None,1128,?,x3,
1769471400.88763,FORWARDED,4fbd16e7-b8c2-42ae-9270-1a45821ccad9,6dd9cdbd-9d4a-466a-90d5-4b6b51877ead,c4,None,1128,?,x3,
1769471400.9244761,RECEIVED,9e71e14d-355c-4281-8913-6e61adb536a7,ea3e75bf-3671-49ee-afa3-ba8ff07862ef,c1,DROP,1025,e10,?,
1769471400.9552484,SENT,bc064d7a-306f-4a9c-89f6-84606f48961e,603f801a-7598-4a6e-ba00-d6a8d4b4e86b,c5,DROP,687,?,x6,
1769471400.9552875,FORWARDED,bc064d7a-306f-4a9c-89f6-84606f48961e,603f801a-7598-4a6e-ba00-d6a8d4b4e86b,c5,DROP,687,?,x6,
1769471400.998741,RECEIVED,832ba489-2f5e-432d-a734-c6c30c5db064,5ebb06ae-0f84-4c8e-888c-42966fc8deff,c1,None,1611,e11,?,
1769471401.0379992,SENT,46bed688-da92-4582-9643-e69ca269a350,5849a86d-c774-40e1-b1ba-b1fc4198aaed,c2,DROP,687,?,x4,
1769471401.0380414,FORWARDED,46bed688-da92-4582-9643-e69ca269a350,5849a86d-c774-40e1-b1ba-b1fc4198aaed,c2,DROP,687,?,x4,
1769471401.1044104,RECEIVED,f2de8aec-44e1-4885-b177-1be4bbe1041f,b1f2504f-60c4-41ca-a6c0-c7746384e60b,c4,DROP,1015,e7,?,
1769471401.2172291,RECEIVED,ba112fd0-595f-460c-af3f-951018311a3b,87b0508e-342e-41a5-9eaa-f7d4f2cfe4ef,c2,DROP,442,x4,?,
1769471401.2524574,SENT,9e71e14d-355c-4281-8913-6e61adb536a7,ea3e75bf-3671-49ee-afa3-ba8ff07862ef,c1,DROP,694,?,x12,
1769471401.2524931,FORWARDED,9e71e14d-355c-4281-8913-6e61adb536a7,ea3e75bf-3671-49ee-afa3-ba8ff07862ef,c1,DROP,694,?,x12,
1769471401.264522,RECEIVED,e784cb27-24cf-43af-a8c7-01a1a96731c7,58355317-1d9b-4a3c-b3c4-f2ec662176ad,c5,DROP,1008,e4,?,
1769471401.3466022,SENT,53918948-9d89-49db-a3bb-1359cc7eecd0,b1170a20-791f-4692-bdb5-8bfc5a1aad7d,c3,None,1131,?,x10,
1769471401.3466456,FORWARDED,53918948-9d89-49db-a3bb-1359cc7eecd0,b1170a20-791f-4692-bdb5-8bfc5a1aad7d,c3,None,1131,?,x10,
1769471401.3866823,SENT,f2de8aec-44e1-4885-b177-1be4bbe1041f,b1f2504f-60c4-41ca-a6c0-c7746384e60b,c4,DROP,688,?,x5,
1769471401.3867283,FORWARDED,f2de8aec-44e1-4885-b177-1be4bbe1041f,b1f2504f-60c4-41ca-a6c0-c7746384e60b,c4,DROP,688,?,x5,
1769471401.4671397,RECEIVED,6e4c0fc0-f887-4185-86ff-828852056ed1,8f60b47b-5c07-4bff-8c81-adf58e41d2f5,c3,DROP,1011,e4,?,
1769471401.5021825,RECEIVED,2ca3df99-d938-49be-a731-13eaef8afd70,3656f1b1-7160-46a5-bffe-3313a77fc4bb,c1,None,1603,e1,?,
1769471401.6028104,SENT,d3bb1e11-79e0-4b19-af03-6a5f1d8cd410,26ec3e0e-4487-44af-aa89-0a8c884c13bd,c4,DROP,688,?,x4,
1769471401.6028495,FORWARDED,d3bb1e11-79e0-4b19-af03-6a5f1d8cd410,26ec3e0e-4487-44af-aa89-0a8c884c13bd,c4,DROP,688,?,x4,
1769471401.6226792,RECEIVED,09557f44-ea52-4eee-b261-43f3d57b6e2c,f6514465-473c-4c06-90db-da6144346e42,c4,c3,1772,e7,?,
1769471401.7442238,RECEIVED,8252d6d6-43e9-4e80-809a-36f69d80ef5d,f8fa5479-fcbf-4bda-bff0-3095f17b73b7,c2,DROP,441,x2,?,
1769471401.7551892,SENT,09557f44-ea52-4eee-b261-43f3d57b6e2c,f6514465-473c-4c06-90db-da6144346e42,c4,c3,1256,?,x10,
1769471401.7552314,FORWARDED,09557f44-ea52-4eee-b261-43f3d57b6e2c,f6514465-473c-4c06-90db-da6144346e42,c4,c3,1256,?,x10,
1769471401.865007,SENT,e784cb27-24cf-43af-a8c7-01a1a96731c7,58355317-1d9b-4a3c-b3c4-f2ec662176ad,c5,DROP,684,?,x11,
1769471401.8651788,FORWARDED,e784cb27-24cf-43af-a8c7-01a1a96731c7,58355317-1d9b-4a3c-b3c4-f2ec662176ad,c5,DROP,684,?,x11,
1769471401.8773656,SENT,832ba489-2f5e-432d-a734-c6c30c5db064,5ebb06ae-0f84-4c8e-888c-42966fc8deff,c1,None,1136,?,x10,
1769471401.8774087,FORWARDED,832ba489-2f5e-432d-a734-c6c30c5db064,5ebb06ae-0f84-4c8e-888c-42966fc8deff,c1,None,1136,?,x10,
1769471401.9054399,SENT,6e4c0fc0-f887-4185-86ff-828852056ed1,8f60b47b-5c07-4bff-8c81-adf58e41d2f5,c3,DROP,685,?,x8,
1769471401.9054797,FORWARDED,6e4c0fc0-f887-4185-86ff-828852056ed1,8f60b47b-5c07-4bff-8c81-adf58e41d2f5,c3,DROP,685,?,x8,
1769471401.9658396,SENT,2ca3df99-d938-49be-a731-13eaef8afd70,3656f1b1-7160-46a5-bffe-3313a77fc4bb,c1,None,1131,?,x3,
1769471401.9658773,FORWARDED,2ca3df99-d938-49be-a731-13eaef8afd70,3656f1b1-7160-46a5-bffe-3313a77fc4bb,c1,None,1131,?,x3,
1769471401.9953766,RECEIVED,0ad3fe4f-3d37-4e77-b33c-6d191a616f1e,e5d58c62-2676-424a-8b9b-98dd22a5b1ff,c1,DROP,440,x3,?,
1769471402.1679304,RECEIVED,72dc5bde-2d94-4e7f-959d-d195709839d4,f5a2fc41-7ad2-4d6b-9608-aaa3bbfe85db,c4,DROP,1009,e4,?,
1769471402.229036,SENT,72dc5bde-2d94-4e7f-959d-d195709839d4,f5a2fc41-7ad2-4d6b-9608-aaa3bbfe85db,c4,DROP,683,?,x10,
1769471402.2290862,FORWARDED,72dc5bde-2d94-4e7f-959d-d195709839d4,f5a2fc41-7ad2-4d6b-9608-aaa3bbfe85db,c4,DROP,683,?,x10,
1769471402.2408323,RECEIVED,02987ee0-c30a-4b14-b696-2fc525c19b0e,7be3c151-1c64-4a52-aba4-185d21449053,c4,DROP,1011,e11,?,
1769471402.4362316,SENT,02987ee0-c30a-4b14-b696-2fc525c19b0e,7be3c151-1c64-4a52-aba4-185d21449053,c4,DROP,685,?,x4,
1769471402.4362733,FORWARDED,02987ee0-c30a-4b14-b696-2fc525c19b0e,7be3c151-1c64-4a52-aba4-185d21449053,c4,DROP,685,?,x4,
1769471402.4745612,RECEIVED,f5ee6790-507c-499f-a282-4b4dbbeb1f97,b37b878e-0550-46ee-b8e2-6fba1c6d72ea,c4,DROP,1009,e4,?,
1769471402.5227864,RECEIVED,44791ab2-c551-4d14-bbe5-23d5f9fa532e,eafbfc19-00bc-4524-b920-b1bd499ae706,c4,DROP,1012,e3,?,
1769471402.762555,RECEIVED,ea0ee46c-e1f9-4cab-9b6e-471771c07282,af95b437-80dc-4a9c-9bbd-ee93b78a05c3,c2,DROP,1004,e5,?,
1769471402.835827,RECEIVED,a726d6d9-037b-4db9-aa78-6ea22e7d6631,2f52cfb5-b31a-4320-81fb-220a1a09645f,c3,DROP,1016,e1,?,
1769471402.8468273,SENT,f5ee6790-507c-499f-a282-4b4dbbeb1f97,b37b878e-0550-46ee-b8e2-6fba1c6d72ea,c4,DROP,683,?,x10,
1769471402.8468683,FORWARDED,f5ee6790-507c-499f-a282-4b4dbbeb1f97,b37b878e-0550-46ee-b8e2-6fba1c6d72ea,c4,DROP,683,?,x10,
1769471402.859465,SENT,a726d6d9-037b-4db9-aa78-6ea22e7d6631,2f52cfb5-b31a-4320-81fb-220a1a09645f,c3,DROP,688,?,x9,
1769471402.8595018,FORWARDED,a726d6d9-037b-4db9-aa78-6ea22e7d6631,2f52cfb5-b31a-4320-81fb-220a1a09645f,c3,DROP,688,?,x9,
1769471402.9680839,SENT,44791ab2-c551-4d14-bbe5-23d5f9fa532e,eafbfc19-00bc-4524-b920-b1bd499ae706,c4,DROP,687,?,x10,
1769471402.968126,FORWARDED,44791ab2-c551-4d14-bbe5-23d5f9fa532e,eafbfc19-00bc-4524-b920-b1bd499ae706,c4,DROP,687,?,x10,
1769471403.2008169,RECEIVED,06d59724-812f-4669-ad85-1ba4f344313d,c0056e90-1420-4520-9e6d-bce21d399940,c3,DROP,440,x3,?,
1769471403.2059696,RECEIVED,489160b9-a658-4ce3-909f-e7c86c836fe8,d7aeabb6-55b2-42a4-ab6d-aa0baf194d12,c5,DROP,442,x7,?,
1769471403.2238991,SENT,ea0ee46c-e1f9-4cab-9b6e-471771c07282,af95b437-80dc-4a9c-9bbd-ee93b78a05c3,c2,DROP,680,?,x3,
1769471403.2239418,FORWARDED,ea0ee46c-e1f9-4cab-9b6e-471771c07282,af95b437-80dc-4a9c-9bbd-ee93b78a05c3,c2,DROP,680,?,x3,
1769471403.6655989,RECEIVED,04382326-143c-466e-ace0-e67f72b280f6,c6cd5b26-53fd-470c-b96c-94f84d23111d,c2,DROP,1011,e3,?,
1769471403.692428,RECEIVED,fa33a22f-e835-4901-8d00-554b2c615a3f,f106e76a-2949-47fa-82b3-032defa068ba,c5,DROP,1015,e1,?,
1769471403.745398,RECEIVED,7cee4138-1416-420b-93d6-c1bef70a6a7e,73589be9-a983-44fc-a7c7-a43592a66a1b,c3,DROP,439,x9,?,
1769471403.8744023,RECEIVED,40452aab-4fa0-4ecd-994e-b2f3d2fee277,fe9c8741-7380-46ab-b5a6-ba31d4f863c4,c4,DROP,442,x4,?,
1769471403.896031,SENT,04382326-143c-466e-ace0-e67f72b280f6,c6cd5b26-53fd-470c-b96c-94f84d23111d,c2,DROP,685,?,x7,
1769471403.8962846,FORWARDED,04382326-143c-466e-ace0-e67f72b280f6,c6cd5b26-53fd-470c-b96c-94f84d23111d,c2,DROP,685,?,x7,
1769471403.9850297,RECEIVED,7ec875f7-6dbd-40da-968e-698a4685fc03,9caa97e7-ee86-4124-a5df-838d758b5411,c1,DROP,1011,e9,?,
1769471404.115718,RECEIVED,a6b9bad0-c8b5-41b2-a3d6-3b2999891d5d,29275cab-3eb6-4244-96c4-da1b7ff3ba50,c2,DROP,1004,e6,?,
1769471404.1927829,RECEIVED,5cf03bb3-887d-48fc-bfb9-6bb90c7c1613,89722fa1-6198-41fb-a75b-5e8d560a8602,c1,DROP,1008,e10,?,
1769471404.259422,SENT,5cf03bb3-887d-48fc-bfb9-6bb90c7c1613,89722fa1-6198-41fb-a75b-5e8d560a8602,c1,DROP,683,?,x5,
1769471404.2594645,FORWARDED,5cf03bb3-887d-48fc-bfb9-6bb90c7c1613,89722fa1-6198-41fb-a75b-5e8d560a8602,c1,DROP,683,?,x5,
1769471404.2749338,SENT,fa33a22f-e835-4901-8d00-554b2c615a3f,f106e76a-2949-47fa-82b3-032defa068ba,c5,DROP,688,?,x6,
1769471404.274974,FORWARDED,fa33a22f-e835-4901-8d00-554b2c615a3f,f106e76a-2949-47fa-82b3-032defa068ba,c5,DROP,688,?,x6,
1769471404.2819014,SENT,a6b9bad0-c8b5-41b2-a3d6-3b2999891d5d,29275cab-3eb6-4244-96c4-da1b7ff3ba50,c2,DROP,679,?,x7,
1769471404.2819414,FORWARDED,a6b9bad0-c8b5-41b2-a3d6-3b2999891d5d,29275cab-3eb6-4244-96c4-da1b7ff3ba50,c2,DROP,679,?,x7,
1769471404.3534498,RECEIVED,f6490691-92aa-403f-b551-9b2ba205e607,1f4ceabf-f98e-43e4-b8be-55669952d80d,c3,DROP,1017,e8,?,
1769471404.371912,RECEIVED,28176914-7d9d-48e2-9790-1d962d362c66,006b78f4-edee-4aa1-b6d2-1caa01843c5c,c4,DROP,1018,e2,?,
1769471404.3832796,RECEIVED,b5747864-ab66-4426-8dff-6ee2930e0bd4,716f15b4-b9b0-463c-ae99-d8739abd76d4,c2,DROP,440,x6,?,
1769471404.3939316,RECEIVED,4d823c14-0d0f-41ef-9871-8cf7b2438f81,8b6c8983-d2ce-45c0-9037-6869f59219ff,c3,DROP,1013,e8,?,
1769471404.4163034,SENT,28176914-7d9d-48e2-9790-1d962d362c66,006b78f4-edee-4aa1-b6d2-1caa01843c5c,c4,DROP,688,?,x10,
1769471404.416346,FORWARDED,28176914-7d9d-48e2-9790-1d962d362c66,006b78f4-edee-4aa1-b6d2-1caa01843c5c,c4,DROP,688,?,x10,
1769471404.581106,SENT,4d823c14-0d0f-41ef-9871-8cf7b2438f81,8b6c8983-d2ce-45c0-9037-6869f59219ff,c3,DROP,685,?,x12,
1769471404.5811465,FORWARDED,4d823c14-0d0f-41ef-9871-8cf7b2438f81,8b6c8983-d2ce-45c0-9037-6869f59219ff,c3,DROP,685,?,x12,
1769471404.6217227,SENT,f6490691-92aa-403f-b551-9b2ba205e607,1f4ceabf-f98e-43e4-b8be-55669952d80d,c3,DROP,688,?,x12,
1769471404.6217718,FORWARDED,f6490691-92aa-403f-b551-9b2ba205e607,1f4ceabf-f98e-43e4-b8be-55669952d80d,c3,DROP,688,?,x12,
1769471404.8483899,RECEIVED,80b304e2-8d0f-48f8-9389-0af0bc105b7d,5b4929af-ac65-4ced-92c7-4498c4359e99,c5,c1,1775,e9,?,
1769471404.9268174,RECEIVED,744936dc-e4e2-48fa-864b-b80fd9fa0d58,8f4136f1-23b2-4081-a107-5acf371b31aa,c2,DROP,1015,e4,?,
1769471404.9588556,RECEIVED,adefa7d2-123d-497f-887d-c4138bf35fd9,3bd910b8-a825-467d-afdb-6d13f6f995d9,c1,c3,1777,e1,?,
1769471404.9607215,RECEIVED,66fc6d42-d7b0-4ef8-bdca-fe3c43c40902,2e81c02b-63ca-447a-bdfb-a27a270fb416,c1,DROP,1018,e7,?,
1769471404.98291,RECEIVED,edb7a9ae-ab7a-4d3d-8081-c68addf41416,590ec37e-35df-4c1c-a014-69e903b82dc0,c3,None,1604,e4,?,
1769471405.045679,SENT,adefa7d2-123d-497f-887d-c4138bf35fd9,3bd910b8-a825-467d-afdb-6d13f6f995d9,c1,c3,1260,?,x12,
1769471405.0457168,FORWARDED,adefa7d2-123d-497f-887d-c4138bf35fd9,3bd910b8-a825-467d-afdb-6d13f6f995d9,c1,c3,1260,?,x12,
1769471405.0476775,SENT,66fc6d42-d7b0-4ef8-bdca-fe3c43c40902,2e81c02b-63ca-447a-bdfb-a27a270fb416,c1,DROP,690,?,x10,
1769471405.0477173,FORWARDED,66fc6d42-d7b0-4ef8-bdca-fe3c43c40902,2e81c02b-63ca-447a-bdfb-a27a270fb416,c1,DROP,690,?,x10,
1769471405.0790155,SENT,7ec875f7-6dbd-40da-968e-698a4685fc03,9caa97e7-ee86-4124-a5df-838d758b5411,c1,DROP,687,?,x1,
1769471405.0790656,FORWARDED,7ec875f7-6dbd-40da-968e-698a4685fc03,9caa97e7-ee86-4124-a5df-838d758b5411,c1,DROP,687,?,x1,
1769471405.184253,RECEIVED,0de9a137-78f6-4722-bdf9-abb820830088,89c1533a-926b-4c1b-8c34-b942197511aa,c2,DROP,1008,e5,?,
1769471405.3628333,RECEIVED,6168cb36-4236-416e-8487-b07c42d3dd6d,c024b17b-db79-445f-bcbe-82fa4d81d0fb,c1,c3,1784,e12,?,
1769471405.38276,SENT,80b304e2-8d0f-48f8-9389-0af0bc105b7d,5b4929af-ac65-4ced-92c7-4498c4359e99,c5,c1,1260,?,x9,
1769471405.3828027,FORWARDED,80b304e2-8d0f-48f8-9389-0af0bc105b7d,5b4929af-ac65-4ced-92c7-4498c4359e99,c5,c1,1260,?,x9,
1769471405.3946795,RECEIVED,e1e38634-6c65-44b0-a2a9-ad4607624eca,bb03f6d1-94db-4c90-952d-a4e35c881fa1,c5,c1,1776,e11,?,
1769471405.3971255,SENT,0de9a137-78f6-4722-bdf9-abb820830088,89c1533a-926b-4c1b-8c34-b942197511aa,c2,DROP,683,?,x4,
1769471405.3971636,FORWARDED,0de9a137-78f6-4722-bdf9-abb820830088,89c1533a-926b-4c1b-8c34-b942197511aa,c2,DROP,683,?,x4,
1769471405.4002047,RECEIVED,a88959af-e392-4b94-9cf5-b03fe2a3b952,fbb20861-cd8f-4422-ad9b-6e411b989eb0,c3,DROP,1015,e8,?,
1769471405.4233282,SENT,edb7a9ae-ab7a-4d3d-8081-c68addf41416,590ec37e-35df-4c1c-a014-69e903b82dc0,c3,None,1129,?,x7,
1769471405.4233692,FORWARDED,edb7a9ae-ab7a-4d3d-8081-c68addf41416,590ec37e-35df-4c1c-a014-69e903b82dc0,c3,None,1129,?,x7,
1769471405.593421,RECEIVED,edee3274-fb57-42db-8352-a8fb5573c263,df421659-fdf1-408a-8379-a560fb996713,c5,DROP,1013,e6,?,
1769471405.6268458,SENT,edee3274-fb57-42db-8352-a8fb5573c263,df421659-fdf1-408a-8379-a560fb996713,c5,DROP,687,?,x5,
1769471405.6268892,FORWARDED,edee3274-fb57-42db-8352-a8fb5573c263,df421659-fdf1-408a-8379-a560fb996713,c5,DROP,687,?,x5,
1769471405.713815,SENT,6168cb36-4236-416e-8487-b07c42d3dd6d,c024b17b-db79-445f-bcbe-82fa4d81d0fb,c1,c3,1264,?,x4,
1769471405.7138577,FORWARDED,6168cb36-4236-416e-8487-b07c42d3dd6d,c024b17b-db79-445f-bcbe-82fa4d81d0fb,c1,c3,1264,?,x4,
1769471405.779262,SENT,e1e38634-6c65-44b0-a2a9-ad4607624eca,bb03f6d1-94db-4c90-952d-a4e35c881fa1,c5,c1,1259,?,x10,
1769471405.7793033,FORWARDED,e1e38634-6c65-44b0-a2a9-ad4607624eca,bb03f6d1-94db-4c90-952d-a4e35c881fa1,c5,c1,1259,?,x10,
1769471405.8712718,RECEIVED,fc611b0e-cf8e-4247-8c15-3a9395d77f82,021a0d4a-6384-41f9-b1c0-a9c38609f1c7,c3,None,1596,e9,?,
1769471405.9647717,SENT,744936dc-e4e2-48fa-864b-b80fd9fa0d58,8f4136f1-23b2-4081-a107-5acf371b31aa,c2,DROP,689,?,x2,
1769471405.9648135,FORWARDED,744936dc-e4e2-48fa-864b-b80fd9fa0d58,8f4136f1-23b2-4081-a107-5acf371b31aa,c2,DROP,689,?,x2,
1769471405.9743788,SENT,a88959af-e392-4b94-9cf5-b03fe2a3b952,fbb20861-cd8f-4422-ad9b-6e411b989eb0,c3,DROP,688,?,x4,
1769471405.9744213,FORWARDED,a88959af-e392-4b94-9cf5-b03fe2a3b952,fbb20861-cd8f-4422-ad9b-6e411b989eb0,c3,DROP,688,?,x4,
1769471406.012433,SENT,fc611b0e-cf8e-4247-8c15-3a9395d77f82,021a0d4a-6384-41f9-b1c0-a9c38609f1c7,c3,None,1124,?,x12,
1769471406.0124865,FORWARDED,fc611b0e-cf8e-4247-8c15-3a9395d77f82,021a0d4a-6384-41f9-b1c0-a9c38609f1c7,c3,None,1124,?,x12,
1769471406.4669151,RECEIVED,64e23e01-cfc1-4abe-b838-0a215e6e65c4,2eb4a15a-306c-4f1d-9a7e-cbb649830123,c2,c4,1762,e5,?,
1769471406.5906944,RECEIVED,eefbb651-ef54-4e31-867b-7f3034908eb1,1f794eb3-9463-41be-ab4e-ede3329ce9f3,c4,None,1601,e2,?,
1769471406.6008878,RECEIVED,b513ea2f-7440-4058-b8ac-a4c7879f2036,bcc5fc6f-99a4-479c-a01d-107b80671593,c5,DROP,440,x9,?,
1769471406.6710644,RECEIVED,a4940df6-e142-43c3-97f2-6765d9e748a6,1a13ce92-7a6f-43fd-9e7f-6794c307f828,c3,c1,1783,e12,?,
1769471406.8078911,SENT,64e23e01-cfc1-4abe-b838-0a215e6e65c4,2eb4a15a-306c-4f1d-9a7e-cbb649830123,c2,c4,1251,?,x1,
1769471406.8079326,FORWARDED,64e23e01-cfc1-4abe-b838-0a215e6e65c4,2eb4a15a-306c-4f1d-9a7e-cbb649830123,c2,c4,1251,?,x1,
1769471406.829939,RECEIVED,e353a093-c1e8-43c6-88bd-60f89bdc1046,c0c6d425-c1a7-4cc0-9515-662885fdd927,c3,c1,1781,e11,?,
1769471406.9962585,SENT,eefbb651-ef54-4e31-867b-7f3034908eb1,1f794eb3-9463-41be-ab4e-ede3329ce9f3,c4,None,1127,?,x11,
1769471406.9963002,FORWARDED,eefbb651-ef54-4e31-867b-7f3034908eb1,1f794eb3-9463-41be-ab4e-ede3329ce9f3,c4,None,1127,?,x11,
1769471407.0326262,RECEIVED,d4ddd864-8a13-4aa4-a3d9-ce62807ff4ee,55aae07d-e0b9-427f-9f51-9d15fd0fe74f,c5,DROP,1007,e9,?,
1769471407.046511,SENT,e353a093-c1e8-43c6-88bd-60f89bdc1046,c0c6d425-c1a7-4cc0-9515-662885fdd927,c3,c1,1263,?,x12,
1769471407.046553,FORWARDED,e353a093-c1e8-43c6-88bd-60f89bdc1046,c0c6d425-c1a7-4cc0-9515-662885fdd927,c3,c1,1263,?,x12,
1769471407.0782018,RECEIVED,df1591c9-9bb5-4011-81f5-28ef23a63347,0b885b15-d171-4e67-a19c-91a9af7d2e40,c4,c3,1763,e8,?,
1769471407.168304,RECEIVED,a5855a92-30d9-4195-b79c-ce139e8f6ccd,1c3e9375-d91d-4ee3-b5bb-312b7a7e8343,c2,DROP,1012,e1,?,
1769471407.324102,RECEIVED,398a23ba-e5e6-4532-931d-564f875933cf,c5c52e8f-027f-434d-befa-0b4a045f3ed3,c4,DROP,1015,e2,?,
1769471407.4399042,RECEIVED,935c5e3d-2792-4cc9-9394-958fec641eb9,9817f400-7222-425b-a663-c65cfd7a208e,c2,c4,1772,e3,?,
1769471407.4511123,SENT,935c5e3d-2792-4cc9-9394-958fec641eb9,9817f400-7222-425b-a663-c65cfd7a208e,c2,c4,1256,?,x8,
1769471407.4511552,FORWARDED,935c5e3d-2792-4cc9-9394-958fec641eb9,9817f400-7222-425b-a663-c65cfd7a208e,c2,c4,1256,?,x8,
1769471407.5277388,SENT,a5855a92-30d9-4195-b79c-ce139e8f6ccd,1c3e9375-d91d-4ee3-b5bb-312b7a7e8343,c2,DROP,685,?,x4,
1769471407.5277796,FORWARDED,a5855a92-30d9-4195-b79c-ce139e8f6ccd,1c3e9375-d91d-4ee3-b5bb-312b7a7e8343,c2,DROP,685,?,x4,
1769471407.5286357,RECEIVED,b94d0e81-389f-4e03-a32b-708c93519524,b901481e-1fef-46a9-a455-265cda4630e4,c1,None,1599,e1,?,
1769471407.8925729,SENT,b94d0e81-389f-4e03-a32b-708c93519524,b901481e-1fef-46a9-a455-265cda4630e4,c1,None,1127,?,x4,
1769471407.8926175,FORWARDED,b94d0e81-389f-4e03-a32b-708c93519524,b901481e-1fef-46a9-a455-265cda4630e4,c1,None,1127,?,x4,
1769471407.9474251,SENT,df1591c9-9bb5-4011-81f5-28ef23a63347,0b885b15-d171-4e67-a19c-91a9af7d2e40,c4,c3,1251,?,x5,
1769471407.947466,FORWARDED,df1591c9-9bb5-4011-81f5-28ef23a63347,0b885b15-d171-4e67-a19c-91a9af7d2e40,c4,c3,1251,?,x5,
1769471408.051516,SENT,d4ddd864-8a13-4aa4-a3d9-ce62807ff4ee,55aae07d-e0b9-427f-9f51-9d15fd0fe74f,c5,DROP,683,?,x3,
1769471408.051556,FORWARDED,d4ddd864-8a13-4aa4-a3d9-ce62807ff4ee,55aae07d-e0b9-427f-9f51-9d15fd0fe74f,c5,DROP,683,?,x3,
1769471408.072335,RECEIVED,fde5364f-4187-473d-b633-24fdf68eeef3,957240da-f3ac-4fe1-8157-2bb2537fff7b,c4,DROP,1015,e7,?,
1769471408.132012,SENT,a4940df6-e142-43c3-97f2-6765d9e748a6,1a13ce92-7a6f-43fd-9e7f-6794c307f828,c3,c1,1264,?,x6,
1769471408.1320615,FORWARDED,a4940df6-e142-43c3-97f2-6765d9e748a6,1a13ce92-7a6f-43fd-9e7f-6794c307f828,c3,c1,1264,?,x6,
1769471408.168951,RECEIVED,9399f392-5d0c-452b-bf97-dd783f7398de,769299f0-9c47-41a7-b99e-f53b00b9686b,c3,DROP,1011,e11,?,
1769471408.2201858,SENT,398a23ba-e5e6-4532-931d-564f875933cf,c5c52e8f-027f-434d-befa-0b4a045f3ed3,c4,DROP,688,?,x1,
1769471408.220228,FORWARDED,398a23ba-e5e6-4532-931d-564f875933cf,c5c52e8f-027f-434d-befa-0b4a045f3ed3,c4,DROP,688,?,x1,
1769471408.2438004,RECEIVED,91f57858-8feb-4629-9b9a-ad4bea5ec55c,a149ab04-3e32-476b-97f6-0f2622495197,c3,DROP,1012,e9,?,
1769471408.2698598,RECEIVED,51a48a47-03e7-40f5-b752-a35f9d95936d,d6aea13e-c0a6-407b-8a37-0d655b2c2d0e,c3,DROP,1012,e1,?,
1769471408.3466384,RECEIVED,159b9028-d122-4f16-ad51-107843de037d,201f71f3-37cc-40e1-ad0b-4340cf2216cb,c4,DROP,1008,e2,?,
1769471408.428582,SENT,fde5364f-4187-473d-b633-24fdf68eeef3,957240da-f3ac-4fe1-8157-2bb2537fff7b,c4,DROP,689,?,x3,
1769471408.428624,FORWARDED,fde5364f-4187-473d-b633-24fdf68eeef3,957240da-f3ac-4fe1-8157-2bb2537fff7b,c4,DROP,689,?,x3,
1769471408.507336,SENT,159b9028-d122-4f16-ad51-107843de037d,201f71f3-37cc-40e1-ad0b-4340cf2216cb,c4,DROP,683,?,x7,
1769471408.507374,FORWARDED,159b9028-d122-4f16-ad51-107843de037d,201f71f3-37cc-40e1-ad0b-4340cf2216cb,c4,DROP,683,?,x7,
1769471408.6025581,RECEIVED,8b48bf06-8e21-4360-b035-6a50c5b37ecf,acde3fc8-b5ab-4cab-90b4-7b14186991b0,c3,DROP,1004,e5,?,
1769471408.814502,SENT,8b48bf06-8e21-4360-b035-6a50c5b37ecf,acde3fc8-b5ab-4cab-90b4-7b14186991b0,c3,DROP,680,?,x2,
1769471408.814637,FORWARDED,8b48bf06-8e21-4360-b035-6a50c5b37ecf,acde3fc8-b5ab-4cab-90b4-7b14186991b0,c3,DROP,680,?,x2,
1769471408.8404777,RECEIVED,2f84c407-c8be-4b14-8cab-4887c2315304,ac88dede-0326-4d57-8445-35ee7406e96d,c1,DROP,1008,e10,?,
1769471408.904948,RECEIVED,993fee7b-3282-4ed0-b21b-d66e89b09d52,9b6b0744-a2dc-4dcd-ab0c-960a73812561,c4,c3,1768,e3,?,
1769471409.024397,SENT,51a48a47-03e7-40f5-b752-a35f9d95936d,d6aea13e-c0a6-407b-8a37-0d655b2c2d0e,c3,DROP,687,?,x12,
1769471409.0244398,FORWARDED,51a48a47-03e7-40f5-b752-a35f9d95936d,d6aea13e-c0a6-407b-8a37-0d655b2c2d0e,c3,DROP,687,?,x12,
1769471409.0289445,RECEIVED,0c0dc740-160f-4516-b490-c8d4791f101e,93999f71-c035-4e3b-87a2-4e43ab894681,c1,DROP,442,x5,?,
1769471409.072306,SENT,9399f392-5d0c-452b-bf97-dd783f7398de,769299f0-9c47-41a7-b99e-f53b00b9686b,c3,DROP,686,?,x1,
1769471409.072343,FORWARDED,9399f392-5d0c-452b-bf97-dd783f7398de,769299f0-9c47-41a7-b99e-f53b00b9686b,c3,DROP,686,?,x1,
1769471409.1241508,SENT,2f84c407-c8be-4b14-8cab-4887c2315304,ac88dede-0326-4d57-8445-35ee7406e96d,c1,DROP,683,?,x5,
1769471409.1241915,FORWARDED,2f84c407-c8be-4b14-8cab-4887c2315304,ac88dede-0326-4d57-8445-35ee7406e96d,c1,DROP,683,?,x5,
1769471409.1318502,RECEIVED,bcbd56ec-d2fc-406a-aee3-cbac5714daee,add1a844-aee7-45d6-9f18-7e271ce4fdde,c4,DROP,1012,e9,?,
1769471409.1357255,RECEIVED,a01f2e4c-626f-4172-a81c-c8a823d028a0,e4251c89-5867-4112-83d8-12cdff296be0,c2,c4,1774,e7,?,
1769471409.155098,RECEIVED,0fd5e947-c7a4-4e1b-b7a3-032d7f3bdf8e,765298b4-537f-46ea-b1c0-a0ab56a945d1,c5,DROP,1016,e8,?,
1769471409.2281003,SENT,a01f2e4c-626f-4172-a81c-c8a823d028a0,e4251c89-5867-4112-83d8-12cdff296be0,c2,c4,1256,?,x5,
1769471409.2281427,FORWARDED,a01f2e4c-626f-4172-a81c-c8a823d028a0,e4251c89-5867-4112-83d8-12cdff296be0,c2,c4,1256,?,x5,
1769471409.5676186,RECEIVED,d4b73786-f6e9-4bee-9b68-bd8b7aa39b99,8dd9acae-f598-444e-84f8-0af80d848d7f,c1,DROP,1021,e12,?,
1769471409.6817467,SENT,d4b73786-f6e9-4bee-9b68-bd8b7aa39b99,8dd9acae-f598-444e-84f8-0af80d848d7f,c1,DROP,692,?,x10,
1769471409.6817875,FORWARDED,d4b73786-f6e9-4bee-9b68-bd8b7aa39b99,8dd9acae-f598-444e-84f8-0af80d848d7f,c1,DROP,692,?,x10,
1769471409.7942557,RECEIVED,0463798b-040c-46f3-a6ec-a073fe0b082e,12a56d5b-6e17-4d38-a878-8d3b40d5b5d0,c5,c1,1775,e9,?,
1769471409.8310673,RECEIVED,724a8fd9-06a9-4c52-bb82-8adcfb2bd490,29f33591-169b-49db-aca3-5c01d9c4182d,c3,DROP,442,x1,?,
1769471409.8313544,RECEIVED,86f961a5-ff15-405a-955b-3daa3bad60db,0cdef088-d6b3-4937-bc23-7348a0b0b07d,c2,DROP,1011,e4,?,
1769471409.88744,RECEIVED,b50f8071-eef4-4af7-8727-01a4aaaaf47e,8f6f27be-3db5-415c-a149-7c31b310f980,c2,c4,1764,e11,?,
1769471409.8882914,RECEIVED,f046d7aa-1691-4298-9138-b0dd18d05590,770d9082-6379-43b9-8e49-a19a83144197,c5,DROP,1007,e11,?,
1769471409.98571,RECEIVED,fdcebddb-437e-4ddb-8fcf-489d3fdf08e7,057bc3bc-7108-4d45-bcac-59b4b0ad1d57,c4,DROP,1008,e8,?,
1769471410.0077493,RECEIVED,f417c400-ae55-42c8-bfe9-9e72a4713c4d,f5812a13-ff57-49d6-9e9c-e5f90958a207,c1,None,1611,e10,?,
1769471410.0327988,SENT,91f57858-8feb-4629-9b9a-ad4bea5ec55c,a149ab04-3e32-476b-97f6-0f2622495197,c3,DROP,687,?,x10,
1769471410.0328383,FORWARDED,91f57858-8feb-4629-9b9a-ad4bea5ec55c,a149ab04-3e32-476b-97f6-0f2622495197,c3,DROP,687,?,x10,
1769471410.1051147,SENT,f046d7aa-1691-4298-9138-b0dd18d05590,770d9082-6379-43b9-8e49-a19a83144197,c5,DROP,683,?,x9,
1769471410.1051567,FORWARDED,f046d7aa-1691-4298-9138-b0dd18d05590,770d9082-6379-43b9-8e49-a19a83144197,c5,DROP,683,?,x9,
1769471410.1179655,SENT,fdcebddb-437e-4ddb-8fcf-489d3fdf08e7,057bc3bc-7108-4d45-bcac-59b4b0ad1d57,c4,DROP,683,?,x7,
1769471410.1180003,FORWARDED,fdcebddb-437e-4ddb-8fcf-489d3fdf08e7,057bc3bc-7108-4d45-bcac-59b4b0ad1d57,c4,DROP,683,?,x7,
1769471410.1550245,RECEIVED,88895701-9a05-4cb6-a4f6-9192f7c66fa9,65f03e9b-a6cf-40a8-921f-4a2f1dce417e,c3,None,1595,e1,?,
1769471410.1625152,SENT,bcbd56ec-d2fc-406a-aee3-cbac5714daee,add1a844-aee7-45d6-9f18-7e271ce4fdde,c4,DROP,687,?,x11,
1769471410.1625576,FORWARDED,bcbd56ec-d2fc-406a-aee3-cbac5714daee,add1a844-aee7-45d6-9f18-7e271ce4fdde,c4,DROP,687,?,x11,
1769471410.2348406,SENT,b50f8071-eef4-4af7-8727-01a4aaaaf47e,8f6f27be-3db5-415c-a149-7c31b310f980,c2,c4,1251,?,x2,
1769471410.234879,FORWARDED,b50f8071-eef4-4af7-8727-01a4aaaaf47e,8f6f27be-3db5-415c-a149-7c31b310f980,c2,c4,1251,?,x2,
1769471410.245794,SENT,993fee7b-3282-4ed0-b21b-d66e89b09d52,9b6b0744-a2dc-4dcd-ab0c-960a73812561,c4,c3,1252,?,x12,
1769471410.2458339,FORWARDED,993fee7b-3282-4ed0-b21b-d66e89b09d52,9b6b0744-a2dc-4dcd-ab0c-960a73812561,c4,c3,1252,?,x12,
1769471410.265534,RECEIVED,ccf463aa-0a7e-4f4a-b6dd-410da0c60507,b797fa96-3546-4712-af46-f81fc1a43bfa,c3,DROP,1011,e3,?,
1769471410.2956393,RECEIVED,4927535e-4093-4567-8e63-e5675eca4438,814be294-b5b3-4b57-a998-29849f391935,c4,DROP,1012,e6,?,
1769471410.362527,RECEIVED,3dec492b-ba47-44fc-bcb3-e603f6b98465,1791cbb6-b71a-4a0a-aefa-2e5d41b42612,c1,DROP,1016,e3,?,
1769471410.4001575,RECEIVED,d4e357c4-5d5a-4d0a-846a-bda82ab1f4bf,acb9749e-5de7-47f0-8b32-2af32be4e2b6,c4,None,1603,e5,?,
1769471410.4357004,SENT,88895701-9a05-4cb6-a4f6-9192f7c66fa9,65f03e9b-a6cf-40a8-921f-4a2f1dce417e,c3,None,1123,?,x4,
1769471410.4357443,FORWARDED,88895701-9a05-4cb6-a4f6-9192f7c66fa9,65f03e9b-a6cf-40a8-921f-4a2f1dce417e,c3,None,1123,?,x4,
1769471410.4540896,SENT,4927535e-4093-4567-8e63-e5675eca4438,814be294-b5b3-4b57-a998-29849f391935,c4,DROP,687,?,x7,
1769471410.4541266,FORWARDED,4927535e-4093-4567-8e63-e5675eca4438,814be294-b5b3-4b57-a998-29849f391935,c4,DROP,687,?,x7,
1769471410.7636158,SENT,3dec492b-ba47-44fc-bcb3-e603f6b98465,1791cbb6-b71a-4a0a-aefa-2e5d41b42612,c1,DROP,688,?,x7,
1769471410.7636573,FORWARDED,3dec492b-ba47-44fc-bcb3-e603f6b98465,1791cbb6-b71a-4a0a-aefa-2e5d41b42612,c1,DROP,688,?,x7,
1769471410.9109597,SENT,86f961a5-ff15-405a-955b-3daa3bad60db,0cdef088-d6b3-4937-bc23-7348a0b0b07d,c2,DROP,685,?,x9,
1769471410.911002,FORWARDED,86f961a5-ff15-405a-955b-3daa3bad60db,0cdef088-d6b3-4937-bc23-7348a0b0b07d,c2,DROP,685,?,x9,
1769471411.0484605,RECEIVED,034fe517-0477-4ee8-8417-79c5ce0ee43d,ca93deaf-fb09-47fb-b346-4b54d015c08d,c1,DROP,1011,e4,?,
1769471411.185603,RECEIVED,dac3abfe-1387-4058-969d-bcaf5cb1e8d2,83f6cebe-3951-468c-8c57-ad8011d0629a,c4,c3,1784,e10,?,
1769471411.2190235,SENT,0463798b-040c-46f3-a6ec-a073fe0b082e,12a56d5b-6e17-4d38-a878-8d3b40d5b5d0,c5,c1,1259,?,x8,
1769471411.2191224,FORWARDED,0463798b-040c-46f3-a6ec-a073fe0b082e,12a56d5b-6e17-4d38-a878-8d3b40d5b5d0,c5,c1,1259,?,x8,
1769471411.2465532,RECEIVED,19145bdd-ff29-4d03-862a-dc0efefbf16a,57c34711-cc73-4cd8-bb32-1e2b23e2b421,c5,DROP,1012,e6,?,
1769471411.2471619,SENT,0fd5e947-c7a4-4e1b-b7a3-032d7f3bdf8e,765298b4-537f-46ea-b1c0-a0ab56a945d1,c5,DROP,688,?,x11,
1769471411.247201,FORWARDED,0fd5e947-c7a4-4e1b-b7a3-032d7f3bdf8e,765298b4-537f-46ea-b1c0-a0ab56a945d1,c5,DROP,688,?,x11,
1769471411.291741,RECEIVED,9f688541-dbba-45f7-bc0f-1e8fd471284e,de2e10e0-d307-46db-bdc1-fd11c15025a8,c5,DROP,1011,e3,?,
1769471411.31543,SENT,19145bdd-ff29-4d03-862a-dc0efefbf16a,57c34711-cc73-4cd8-bb32-1e2b23e2b421,c5,DROP,687,?,x6,
1769471411.3154728,FORWARDED,19145bdd-ff29-4d03-862a-dc0efefbf16a,57c34711-cc73-4cd8-bb32-1e2b23e2b421,c5,DROP,687,?,x6,
1769471411.4888895,RECEIVED,6bf5d9b0-f347-427f-833c-a8e021fdcc9b,c297d409-7358-4e0e-938c-0171d04f98e9,c5,c1,1776,e3,?,
1769471411.50081,SENT,dac3abfe-1387-4058-969d-bcaf5cb1e8d2,83f6cebe-3951-468c-8c57-ad8011d0629a,c4,c3,1264,?,x12,
1769471411.5008504,FORWARDED,dac3abfe-1387-4058-969d-bcaf5cb1e8d2,83f6cebe-3951-468c-8c57-ad8011d0629a,c4,c3,1264,?,x12,
1769471411.515028,SENT,f417c400-ae55-42c8-bfe9-9e72a4713c4d,f5812a13-ff57-49d6-9e9c-e5f90958a207,c1,None,1136,?,x10,
1769471411.5150814,FORWARDED,f417c400-ae55-42c8-bfe9-9e72a4713c4d,f5812a13-ff57-49d6-9e9c-e5f90958a207,c1,None,1136,?,x10,
1769471411.6926043,SENT,6bf5d9b0-f347-427f-833c-a8e021fdcc9b,c297d409-7358-4e0e-938c-0171d04f98e9,c5,c1,1259,?,x3,
1769471411.6926425,FORWARDED,6bf5d9b0-f347-427f-833c-a8e021fdcc9b,c297d409-7358-4e0e-938c-0171d04f98e9,c5,c1,1259,?,x3,
1769471411.8899121,RECEIVED,dbea51ae-e9db-49e8-bb5b-bd51eebb3bfa,b8f2ba00-cd90-4da1-9183-5ecd53a9ea05,c2,c4,1772,e7,?,
1769471411.8905897,SENT,9f688541-dbba-45f7-bc0f-1e8fd471284e,de2e10e0-d307-46db-bdc1-fd11c15025a8,c5,DROP,685,?,x9,
1769471411.8906326,FORWARDED,9f688541-dbba-45f7-bc0f-1e8fd471284e,de2e10e0-d307-46db-bdc1-fd11c15025a8,c5,DROP,685,?,x9,
1769471412.023086,SENT,d4e357c4-5d5a-4d0a-846a-bda82ab1f4bf,acb9749e-5de7-47f0-8b32-2af32be4e2b6,c4,None,1131,?,x5,
1769471412.0231276,FORWARDED,d4e357c4-5d5a-4d0a-846a-bda82ab1f4bf,acb9749e-5de7-47f0-8b32-2af32be4e2b6,c4,None,1131,?,x5,
1769471412.0357234,SENT,ccf463aa-0a7e-4f4a-b6dd-410da0c60507,b797fa96-3546-4712-af46-f81fc1a43bfa,c3,DROP,687,?,x6,
1769471412.0357664,FORWARDED,ccf463aa-0a7e-4f4a-b6dd-410da0c60507,b797fa96-3546-4712-af46-f81fc1a43bfa,c3,DROP,687,?,x6,
1769471412.159366,SENT,034fe517-0477-4ee8-8417-79c5ce0ee43d,ca93deaf-fb09-47fb-b346-4b54d015c08d,c1,DROP,687,?,x7,
1769471412.1594074,FORWARDED,034fe517-0477-4ee8-8417-79c5ce0ee43d,ca93deaf-fb09-47fb-b346-4b54d015c08d,c1,DROP,687,?,x7,
1769471412.1755965,RECEIVED,2c9eb532-51d9-4428-a245-2656b0ddcafe,b4079e00-08b8-4de1-9bc1-df79198d9d24,c4,DROP,1016,e1,?,
1769471412.2084188,RECEIVED,f5ca23de-bd63-47dc-a864-c777469fa616,3f5937fb-b555-471b-a20e-6d311515ef67,c2,DROP,1009,e8,?,
1769471412.2109406,RECEIVED,52470c73-237c-45fb-a316-860e5f749b4a,299376ce-50e3-4a29-8e4a-5c10decadafd,c4,DROP,1015,e8,?,
1769471412.2616394,SENT,f5ca23de-bd63-47dc-a864-c777469fa616,3f5937fb-b555-471b-a20e-6d311515ef67,c2,DROP,684,?,x8,
1769471412.261691,FORWARDED,f5ca23de-bd63-47dc-a864-c777469fa616,3f5937fb-b555-471b-a20e-6d311515ef67,c2,DROP,684,?,x8,
1769471412.3406203,SENT,dbea51ae-e9db-49e8-bb5b-bd51eebb3bfa,b8f2ba00-cd90-4da1-9183-5ecd53a9ea05,c2,c4,1255,?,x4,
1769471412.340662,FORWARDED,dbea51ae-e9db-49e8-bb5b-bd51eebb3bfa,b8f2ba00-cd90-4da1-9183-5ecd53a9ea05,c2,c4,1255,?,x4,
1769471412.5880666,RECEIVED,a03ca2bf-0a83-4580-8009-d164e6b9210c,91fa8ce3-a611-4f86-82e6-d3537b3d29a6,c1,DROP,1004,e9,?,
1769471412.6445901,SENT,a03ca2bf-0a83-4580-8009-d164e6b9210c,91fa8ce3-a611-4f86-82e6-d3537b3d29a6,c1,DROP,679,?,x9,
1769471412.644679,FORWARDED,a03ca2bf-0a83-4580-8009-d164e6b9210c,91fa8ce3-a611-4f86-82e6-d3537b3d29a6,c1,DROP,679,?,x9,
1769471412.9033432,RECEIVED,5a01f29d-e06e-4d11-9cd0-a649914778a5,4ce3d035-1f8a-49ce-b4a3-3689af7e2c21,c1,DROP,442,x12,?,
1769471412.9688241,RECEIVED,1f269e1c-7233-493e-a7bb-223bdebc2617,7d4e659f-8102-440c-a958-73cf7fa1c472,c4,DROP,1014,e1,?,
1769471413.0865705,SENT,2c9eb532-51d9-4428-a245-2656b0ddcafe,b4079e00-08b8-4de1-9bc1-df79198d9d24,c4,DROP,688,?,x10,
1769471413.08661,FORWARDED,2c9eb532-51d9-4428-a245-2656b0ddcafe,b4079e00-08b8-4de1-9bc1-df79198d9d24,c4,DROP,688,?,x10,
1769471413.2052345,RECEIVED,d20568ec-3bb9-4ab6-904c-41509da97396,715b06ee-3a84-4613-97a2-fda86a8d0862,c5,DROP,1007,e7,?,
1769471413.33961,RECEIVED,39e6033c-220c-4ae2-879b-cc1f0780f20c,efcdcd19-d839-44dc-b310-87b8c95367b7,c4,None,1604,e8,?,
1769471413.3505814,RECEIVED,9e929a2d-071e-4ae9-ad8f-6433b399796e,47f1901c-b69d-4077-9fd8-14ed6392372a,c3,DROP,1012,e5,?,
1769471413.3707438,RECEIVED,14c7d94a-7d64-4030-b608-f4dc10b66b6e,5cfe1cc4-7bc9-4d2d-800c-f4cd31e5e9dc,c2,DROP,1011,e6,?,
1769471413.4698203,SENT,1f269e1c-7233-493e-a7bb-223bdebc2617,7d4e659f-8102-440c-a958-73cf7fa1c472,c4,DROP,688,?,x7,
1769471413.4698625,FORWARDED,1f269e1c-7233-493e-a7bb-223bdebc2617,7d4e659f-8102-440c-a958-73cf7fa1c472,c4,DROP,688,?,x7,
1769471413.4824626,RECEIVED,614f0490-569f-4a10-a5e1-e11a3abcd139,72a98246-cd74-4278-930e-c438f1b1ee6e,c4,c3,1768,e3,?,
1769471413.495245,SENT,d20568ec-3bb9-4ab6-904c-41509da97396,715b06ee-3a84-4613-97a2-fda86a8d0862,c5,DROP,684,?,x7,
1769471413.495286,FORWARDED,d20568ec-3bb9-4ab6-904c-41509da97396,715b06ee-3a84-4613-97a2-fda86a8d0862,c5,DROP,684,?,x7,
1769471413.5138228,RECEIVED,95e41b52-8138-48b7-892b-2da4b82e2824,208d5242-3064-47be-ad81-01025a2e65aa,c4,DROP,1013,e8,?,
1769471413.5672584,RECEIVED,9b99e8be-eaba-4b01-b8fc-a7e25b715379,531ffa77-5854-4381-9f3d-46849dd662e7,c2,DROP,1011,e6,?,
1769471413.7145472,SENT,95e41b52-8138-48b7-892b-2da4b82e2824,208d5242-3064-47be-ad81-01025a2e65aa,c4,DROP,687,?,x10,
1769471413.714584,FORWARDED,95e41b52-8138-48b7-892b-2da4b82e2824,208d5242-3064-47be-ad81-01025a2e65aa,c4,DROP,687,?,x10,
1769471413.7363198,SENT,614f0490-569f-4a10-a5e1-e11a3abcd139,72a98246-cd74-4278-930e-c438f1b1ee6e,c4,c3,1253,?,x4,
1769471413.7363608,FORWARDED,614f0490-569f-4a10-a5e1-e11a3abcd139,72a98246-cd74-4278-930e-c438f1b1ee6e,c4,c3,1253,?,x4,
1769471413.7392168,RECEIVED,1d5b8186-1649-4292-b314-8fc92fe8442a,10e2fc36-641e-4f57-8444-d68863a15077,c1,DROP,1016,e7,?,
1769471413.7506864,SENT,9b99e8be-eaba-4b01-b8fc-a7e25b715379,531ffa77-5854-4381-9f3d-46849dd662e7,c2,DROP,686,?,x4,
1769471413.7507322,FORWARDED,9b99e8be-eaba-4b01-b8fc-a7e25b715379,531ffa77-5854-4381-9f3d-46849dd662e7,c2,DROP,686,?,x4,
1769471413.797225,RECEIVED,1ab8bd15-0aeb-4902-b116-541380032ba6,0b708eed-5003-446b-b2eb-c6c124373edc,c1,DROP,1015,e3,?,
1769471413.8082137,SENT,9e929a2d-071e-4ae9-ad8f-6433b399796e,47f1901c-b69d-4077-9fd8-14ed6392372a,c3,DROP,685,?,x11,
1769471413.8082557,FORWARDED,9e929a2d-071e-4ae9-ad8f-6433b399796e,47f1901c-b69d-4077-9fd8-14ed6392372a,c3,DROP,685,?,x11,
1769471413.8272693,SENT,1d5b8186-1649-4292-b314-8fc92fe8442a,10e2fc36-641e-4f57-8444-d68863a15077,c1,DROP,688,?,x5,
1769471413.8273118,FORWARDED,1d5b8186-1649-4292-b314-8fc92fe8442a,10e2fc36-641e-4f57-8444-d68863a15077,c1,DROP,688,?,x5,
1769471413.8575454,SENT,52470c73-237c-45fb-a316-860e5f749b4a,299376ce-50e3-4a29-8e4a-5c10decadafd,c4,DROP,689,?,x8,
1769471413.8575857,FORWARDED,52470c73-237c-45fb-a316-860e5f749b4a,299376ce-50e3-4a29-8e4a-5c10decadafd,c4,DROP,689,?,x8,
1769471414.2096589,RECEIVED,0206767b-8f52-48ff-b031-b1fb14fd43e1,a8740fcc-33fe-4856-b5f0-910d189dd472,c3,DROP,1020,e10,?,
1769471414.2204719,RECEIVED,06b2efd9-3031-4186-b81e-f4c2b6d954b6,60af03b6-6e35-4a97-bf61-055a34c92b1a,c1,None,1603,e4,?,
1769471414.4175775,SENT,0206767b-8f52-48ff-b031-b1fb14fd43e1,a8740fcc-33fe-4856-b5f0-910d189dd472,c3,DROP,692,?,x10,
1769471414.4176161,FORWARDED,0206767b-8f52-48ff-b031-b1fb14fd43e1,a8740fcc-33fe-4856-b5f0-910d189dd472,c3,DROP,692,?,x10,
1769471414.8438017,RECEIVED,4a9742ea-639e-48d3-ba84-d00827c83f38,699a6907-0878-4a3c-b71d-59715e68dbaf,c5,DROP,1008,e7,?,
1769471414.9353082,SENT,39e6033c-220c-4ae2-879b-cc1f0780f20c,efcdcd19-d839-44dc-b310-87b8c95367b7,c4,None,1131,?,x11,
1769471414.93535,FORWARDED,39e6033c-220c-4ae2-879b-cc1f0780f20c,efcdcd19-d839-44dc-b310-87b8c95367b7,c4,None,1131,?,x11,
1769471415.036673,SENT,1ab8bd15-0aeb-4902-b116-541380032ba6,0b708eed-5003-446b-b2eb-c6c124373edc,c1,DROP,689,?,x6,
1769471415.0367134,FORWARDED,1ab8bd15-0aeb-4902-b116-541380032ba6,0b708eed-5003-446b-b2eb-c6c124373edc,c1,DROP,689,?,x6,
1769471415.1744533,SENT,4a9742ea-639e-48d3-ba84-d00827c83f38,699a6907-0878-4a3c-b71d-59715e68dbaf,c5,DROP,684,?,x8,
1769471415.174495,FORWARDED,4a9742ea-639e-48d3-ba84-d00827c83f38,699a6907-0878-4a3c-b71d-59715e68dbaf,c5,DROP,684,?,x8,
1769471415.1910434,RECEIVED,d4bb97f1-8ac2-4991-9b53-be48d9046a0a,083c60c6-19c3-48d8-9ce0-1655c4fdd31e,c3,DROP,1008,e9,?,
1769471415.1933348,SENT,06b2efd9-3031-4186-b81e-f4c2b6d954b6,60af03b6-6e35-4a97-bf61-055a34c92b1a,c1,None,1131,?,x8,
1769471415.1933746,FORWARDED,06b2efd9-3031-4186-b81e-f4c2b6d954b6,60af03b6-6e35-4a97-bf61-055a34c92b1a,c1,None,1131,?,x8,
1769471415.205605,RECEIVED,c87213e0-58ba-4fbd-9821-05356ddbfa6c,a257953e-f8ee-41ec-be7b-ca49829fb913,c3,c1,1764,e5,?,
1769471415.2551386,SENT,14c7d94a-7d64-4030-b608-f4dc10b66b6e,5cfe1cc4-7bc9-4d2d-800c-f4cd31e5e9dc,c2,DROP,687,?,x7,
1769471415.255331,FORWARDED,14c7d94a-7d64-4030-b608-f4dc10b66b6e,5cfe1cc4-7bc9-4d2d-800c-f4cd31e5e9dc,c2,DROP,687,?,x7,
1769471415.3001957,SENT,c87213e0-58ba-4fbd-9821-05356ddbfa6c,a257953e-f8ee-41ec-be7b-ca49829fb913,c3,c1,1251,?,x2,
1769471415.3002365,FORWARDED,c87213e0-58ba-4fbd-9821-05356ddbfa6c,a257953e-f8ee-41ec-be7b-ca49829fb913,c3,c1,1251,?,x2,
1769471415.3097513,SENT,d4bb97f1-8ac2-4991-9b53-be48d9046a0a,083c60c6-19c3-48d8-9ce0-1655c4fdd31e,c3,DROP,684,?,x11,
1769471415.3097937,FORWARDED,d4bb97f1-8ac2-4991-9b53-be48d9046a0a,083c60c6-19c3-48d8-9ce0-1655c4fdd31e,c3,DROP,684,?,x11,
1769471415.5771303,RECEIVED,cdd974a8-c40d-4b42-9e23-348b16ecbad7,c776a0ef-3f82-447d-b21d-837f6d210b16,c4,DROP,441,x8,?,
1769471415.5815737,RECEIVED,f0273397-f421-4683-8003-842b0a1ed836,8dc5f262-24b5-41c8-88cd-1f913b50e6e9,c3,DROP,441,x11,?,
1769471415.6143272,RECEIVED,1af9ca63-2f7f-4b72-ae5c-aec64353e8ea,d36b2dde-3d33-4bb0-a6bd-1061d0264db6,c1,DROP,1008,e8,?,
1769471415.6844077,RECEIVED,1ea0d912-6eb4-4aee-a979-74bb55054746,857f471a-5339-4db7-a298-d6ce2c82a792,c1,DROP,1007,e9,?,
1769471415.7059402,SENT,1af9ca63-2f7f-4b72-ae5c-aec64353e8ea,d36b2dde-3d33-4bb0-a6bd-1061d0264db6,c1,DROP,684,?,x5,
1769471415.705995,FORWARDED,1af9ca63-2f7f-4b72-ae5c-aec64353e8ea,d36b2dde-3d33-4bb0-a6bd-1061d0264db6,c1,DROP,684,?,x5,
1769471416.1376963,RECEIVED,9d78c72b-dcd9-45da-9455-28810822079f,c6ef2224-ade4-4b0c-9c8d-34f1206ed35f,c4,c3,1776,e9,?,
1769471416.2541625,SENT,9d78c72b-dcd9-45da-9455-28810822079f,c6ef2224-ade4-4b0c-9c8d-34f1206ed35f,c4,c3,1259,?,x1,
1769471416.2542124,FORWARDED,9d78c72b-dcd9-45da-9455-28810822079f,c6ef2224-ade4-4b0c-9c8d-34f1206ed35f,c4,c3,1259,?,x1,
1769471416.2583892,RECEIVED,a9e29131-c50b-468d-95b9-8b6396c9c007,ec5910c8-33ff-4c86-aee5-ee487c328f0b,c5,DROP,1014,e7,?,
1769471416.357913,SENT,a9e29131-c50b-468d-95b9-8b6396c9c007,ec5910c8-33ff-4c86-aee5-ee487c328f0b,c5,DROP,685,?,x10,
1769471416.3579562,FORWARDED,a9e29131-c50b-468d-95b9-8b6396c9c007,ec5910c8-33ff-4c86-aee5-ee487c328f0b,c5,DROP,685,?,x10,
1769471416.422383,RECEIVED,b16a81c8-7d31-488f-965c-af3dd77f1238,04c73add-9c15-467b-b529-0e1e967670fa,c4,c3,1767,e7,?,
1769471416.688693,RECEIVED,6cc9a2cf-1a9e-4a5f-ab3c-2fb5c871eed1,ac93e8da-f1af-4e52-ba30-419b342daf39,c2,DROP,1007,e12,?,
1769471416.692498,SENT,1ea0d912-6eb4-4aee-a979-74bb55054746,857f471a-5339-4db7-a298-d6ce2c82a792,c1,DROP,683,?,x10,
1769471416.6925306,FORWARDED,1ea0d912-6eb4-4aee-a979-74bb55054746,857f471a-5339-4db7-a298-d6ce2c82a792,c1,DROP,683,?,x10,
1769471416.725579,RECEIVED,8882a20a-fa6a-4f8b-a8aa-9dbd5898d68a,b37ba7e5-ab21-413e-b70f-27a3be832591,c4,DROP,1008,e2,?,
1769471416.818295,RECEIVED,1bdb6c12-4139-4892-97a0-451900f89984,0dc42473-dbc6-4ba4-8697-f84c7fab34e9,c5,c1,1763,e5,?,
1769471417.0325565,SENT,b16a81c8-7d31-488f-965c-af3dd77f1238,04c73add-9c15-467b-b529-0e1e967670fa,c4,c3,1252,?,x2,
1769471417.032598,FORWARDED,b16a81c8-7d31-488f-965c-af3dd77f1238,04c73add-9c15-467b-b529-0e1e967670fa,c4,c3,1252,?,x2,
1769471417.1619174,SENT,8882a20a-fa6a-4f8b-a8aa-9dbd5898d68a,b37ba7e5-ab21-413e-b70f-27a3be832591,c4,DROP,682,?,x8,
1769471417.1619594,FORWARDED,8882a20a-fa6a-4f8b-a8aa-9dbd5898d68a,b37ba7e5-ab21-413e-b70f-27a3be832591,c4,DROP,682,?,x8,
1769471417.1663797,RECEIVED,e62a826c-2c42-4654-8207-86465ab2ee0b,2cf42129-25d9-4dd0-b0ad-a745fdbb4cbc,c3,DROP,1012,e10,?,
1769471417.253933,RECEIVED,9966febe-41e1-4579-b462-bca03dfe587a,4787623b-e85b-4d70-ba4d-9c990b819f95,c4,DROP,1008,e2,?,
1769471417.26521,RECEIVED,09bc43b6-3806-479b-b166-cbae5f81cade,a01732f1-30c8-4595-8860-4a41601855af,c1,None,1607,e2,?,
1769471417.3227968,SENT,9966febe-41e1-4579-b462-bca03dfe587a,4787623b-e85b-4d70-ba4d-9c990b819f95,c4,DROP,683,?,x7,
1769471417.322839,FORWARDED,9966febe-41e1-4579-b462-bca03dfe587a,4787623b-e85b-4d70-ba4d-9c990b819f95,c4,DROP,683,?,x7,
1769471417.4984136,SENT,6cc9a2cf-1a9e-4a5f-ab3c-2fb5c871eed1,ac93e8da-f1af-4e52-ba30-419b342daf39,c2,DROP,684,?,x6,
1769471417.4984548,FORWARDED,6cc9a2cf-1a9e-4a5f-ab3c-2fb5c871eed1,ac93e8da-f1af-4e52-ba30-419b342daf39,c2,DROP,684,?,x6,
1769471417.523954,RECEIVED,01035e5f-dd70-40b9-aaeb-b0e22ba91700,97155f84-e34c-48bf-ba5a-a88b9fc7a33c,c1,c3,1777,e1,?,
1769471417.5998075,SENT,01035e5f-dd70-40b9-aaeb-b0e22ba91700,97155f84-e34c-48bf-ba5a-a88b9fc7a33c,c1,c3,1260,?,x4,
1769471417.599848,FORWARDED,01035e5f-dd70-40b9-aaeb-b0e22ba91700,97155f84-e34c-48bf-ba5a-a88b9fc7a33c,c1,c3,1260,?,x4,
1769471417.6081102,RECEIVED,7ddcc946-ae38-4ed4-a351-3c37dbf40729,094aac32-a6fc-4947-bf6e-964036ae224b,c3,None,1607,e8,?,
1769471417.698759,RECEIVED,7989fb69-e2d6-49d9-bb67-47baa2a0af1d,f1a4d7ef-5fbf-44a5-bcef-05e1905e79a7,c5,DROP,1007,e8,?,
1769471417.8526402,RECEIVED,01e7992c-01f3-406c-9e1f-21a8af7c0973,6616b67b-62e2-4e0b-8281-257b7d773581,c2,DROP,440,x11,?,
1769471418.0036535,SENT,1bdb6c12-4139-4892-97a0-451900f89984,0dc42473-dbc6-4ba4-8697-f84c7fab34e9,c5,c1,1251,?,x1,
1769471418.0036957,FORWARDED,1bdb6c12-4139-4892-97a0-451900f89984,0dc42473-dbc6-4ba4-8697-f84c7fab34e9,c5,c1,1251,?,x1,
1769471418.0669355,SENT,09bc43b6-3806-479b-b166-cbae5f81cade,a01732f1-30c8-4595-8860-4a41601855af,c1,None,1133,?,x3,
1769471418.066986,FORWARDED,09bc43b6-3806-479b-b166-cbae5f81cade,a01732f1-30c8-4595-8860-4a41601855af,c1,None,1133,?,x3,
1769471418.1504924,RECEIVED,d2cbda7a-b0de-46a7-af98-40445fe3a2d4,c5e22311-95ed-4a86-ac78-8bd06f82496c,c4,DROP,1008,e10,?,
1769471418.240927,SENT,7ddcc946-ae38-4ed4-a351-3c37dbf40729,094aac32-a6fc-4947-bf6e-964036ae224b,c3,None,1132,?,x1,
1769471418.240962,FORWARDED,7ddcc946-ae38-4ed4-a351-3c37dbf40729,094aac32-a6fc-4947-bf6e-964036ae224b,c3,None,1132,?,x1,
1769471418.4695418,RECEIVED,d3264ae1-5374-469c-b381-c907dd3c5c41,df75f0ca-670e-4d2c-a261-3215560e394d,c2,c4,1764,e7,?,
1769471418.5438097,SENT,d3264ae1-5374-469c-b381-c907dd3c5c41,df75f0ca-670e-4d2c-a261-3215560e394d,c2,c4,1251,?,x3,
1769471418.5438516,FORWARDED,d3264ae1-5374-469c-b381-c907dd3c5c41,df75f0ca-670e-4d2c-a261-3215560e394d,c2,c4,1251,?,x3,
1769471418.5840003,RECEIVED,2710703b-75c9-445f-a7a1-b6783eb07371,3e2cf614-4808-4905-8e0b-94de621aae1c,c3,DROP,438,x9,?,
1769471418.6053305,RECEIVED,e609fb2f-454a-441c-b7f0-3793609b0549,fbbb17c0-2e27-4e1d-894c-fc0572fe49ed,c1,c3,1772,e10,?,
1769471418.6173058,SENT,d2cbda7a-b0de-46a7-af98-40445fe3a2d4,c5e22311-95ed-4a86-ac78-8bd06f82496c,c4,DROP,684,?,x7,
1769471418.617449,FORWARDED,d2cbda7a-b0de-46a7-af98-40445fe3a2d4,c5e22311-95ed-4a86-ac78-8bd06f82496c,c4,DROP,684,?,x7,
1769471418.6714282,RECEIVED,4633e389-c7f0-4c5f-be0f-318c707cbf86,32e18179-38ca-4733-8930-3eaafbc742ef,c3,DROP,1012,e9,?,
1769471418.838023,SENT,e609fb2f-454a-441c-b7f0-3793609b0549,fbbb17c0-2e27-4e1d-894c-fc0572fe49ed,c1,c3,1256,?,x2,
1769471418.8380747,FORWARDED,e609fb2f-454a-441c-b7f0-3793609b0549,fbbb17c0-2e27-4e1d-894c-fc0572fe49ed,c1,c3,1256,?,x2,
1769471418.9325747,SENT,e62a826c-2c42-4654-8207-86465ab2ee0b,2cf42129-25d9-4dd0-b0ad-a745fdbb4cbc,c3,DROP,687,?,x11,
1769471418.932618,FORWARDED,e62a826c-2c42-4654-8207-86465ab2ee0b,2cf42129-25d9-4dd0-b0ad-a745fdbb4cbc,c3,DROP,687,?,x11,
1769471419.4182262,RECEIVED,2be0a970-aa3c-49f6-9e97-7b9eca7eddee,4f45fbf0-47b1-465d-9305-17c3e2b2b1d3,c2,DROP,441,x3,?,
1769471419.479985,RECEIVED,6fef7e9f-2e14-4faf-aab8-cefcef84b10f,f5b98291-180b-4eb9-80e5-9018ea4501af,c2,DROP,441,x7,?,
1769471419.4801445,RECEIVED,4a4b8f62-c00a-44c6-82f4-21cba61e13da,754bfaab-b694-4b48-8805-e96dc78c6d4e,c3,DROP,1008,e10,?,
1769471419.5551393,RECEIVED,a192b4e5-9082-4ca0-9069-85d6a1f51756,97b81d89-c488-40fc-aab3-dab3e65dcf09,c5,DROP,1007,e4,?,
1769471419.556,SENT,7989fb69-e2d6-49d9-bb67-47baa2a0af1d,f1a4d7ef-5fbf-44a5-bcef-05e1905e79a7,c5,DROP,683,?,x10,
1769471419.5560603,FORWARDED,7989fb69-e2d6-49d9-bb67-47baa2a0af1d,f1a4d7ef-5fbf-44a5-bcef-05e1905e79a7,c5,DROP,683,?,x10,
1769471419.5929072,RECEIVED,92b9f147-ac75-4882-be04-1fcac17ed4d1,dd742469-38c3-4294-9ee9-0e6080477772,c2,DROP,441,x4,?,
1769471419.6856835,RECEIVED,4e4a5652-b1ae-4416-950c-38f801c7db12,fb16f616-5118-4950-93b8-5c39e7ec8eaf,c2,DROP,443,x7,?,
1769471419.9383018,RECEIVED,d540b412-c046-480a-9dc0-1539d2eda9c4,1c90f4d3-a4c5-4ab5-86dd-eb84ae015d9c,c5,DROP,1004,e8,?,
1769471420.021906,RECEIVED,8a5ef282-5641-408d-a30b-46823452af9f,e2f18730-1dd2-478c-abd9-a2c99b156218,c5,DROP,1007,e7,?,
1769471420.0256238,SENT,4a4b8f62-c00a-44c6-82f4-21cba61e13da,754bfaab-b694-4b48-8805-e96dc78c6d4e,c3,DROP,684,?,x10,
1769471420.0256615,FORWARDED,4a4b8f62-c00a-44c6-82f4-21cba61e13da,754bfaab-b694-4b48-8805-e96dc78c6d4e,c3,DROP,684,?,x10,
1769471420.0897222,SENT,4633e389-c7f0-4c5f-be0f-318c707cbf86,32e18179-38ca-4733-8930-3eaafbc742ef,c3,DROP,686,?,x10,
1769471420.0897653,FORWARDED,4633e389-c7f0-4c5f-be0f-318c707cbf86,32e18179-38ca-4733-8930-3eaafbc742ef,c3,DROP,686,?,x10,
1769471420.130282,RECEIVED,b165cad2-316d-4fe3-b1fe-eb096db84a01,7ce94ef5-4b17-4d73-be4f-bf99981d9bdf,c3,DROP,442,x3,?,
1769471420.205502,RECEIVED,0b697558-31af-422d-9ea9-6da25cf1fac2,919c7ba7-e557-4308-90a3-289c47323134,c4,DROP,1008,e9,?,
1769471420.2625484,SENT,d540b412-c046-480a-9dc0-1539d2eda9c4,1c90f4d3-a4c5-4ab5-86dd-eb84ae015d9c,c5,DROP,680,?,x12,
1769471420.2625897,FORWARDED,d540b412-c046-480a-9dc0-1539d2eda9c4,1c90f4d3-a4c5-4ab5-86dd-eb84ae015d9c,c5,DROP,680,?,x12,
1769471420.3648078,SENT,a192b4e5-9082-4ca0-9069-85d6a1f51756,97b81d89-c488-40fc-aab3-dab3e65dcf09,c5,DROP,683,?,x1,
1769471420.3648489,FORWARDED,a192b4e5-9082-4ca0-9069-85d6a1f51756,97b81d89-c488-40fc-aab3-dab3e65dcf09,c5,DROP,683,?,x1,
1769471420.4171,RECEIVED,d11742e0-94dc-44a8-bfc0-a27c20c8d52a,60cd9401-bd7d-47ed-8d10-fa2ec0d62043,c4,c3,1775,e11,?,
1769471420.4242206,RECEIVED,9934a5d1-aa41-4c3f-a990-daf5783f6a9a,ff8b338b-6374-47f5-96ad-54168ab5f7f5,c2,DROP,1007,e7,?,
1769471420.4487329,SENT,0b697558-31af-422d-9ea9-6da25cf1fac2,919c7ba7-e557-4308-90a3-289c47323134,c4,DROP,683,?,x2,
1769471420.448775,FORWARDED,0b697558-31af-422d-9ea9-6da25cf1fac2,919c7ba7-e557-4308-90a3-289c47323134,c4,DROP,683,?,x2,
1769471420.7766728,RECEIVED,abf0cf53-2d31-423a-9be2-1c783f7d4fec,f409d248-9049-4353-988b-591fe1ae0c9b,c4,c3,1776,e7,?,
1769471420.7816777,SENT,9934a5d1-aa41-4c3f-a990-daf5783f6a9a,ff8b338b-6374-47f5-96ad-54168ab5f7f5,c2,DROP,684,?,x9,
1769471420.7817183,FORWARDED,9934a5d1-aa41-4c3f-a990-daf5783f6a9a,ff8b338b-6374-47f5-96ad-54168ab5f7f5,c2,DROP,684,?,x9,
1769471420.791806,SENT,d11742e0-94dc-44a8-bfc0-a27c20c8d52a,60cd9401-bd7d-47ed-8d10-fa2ec0d62043,c4,c3,1259,?,x4,
1769471420.7918494,FORWARDED,d11742e0-94dc-44a8-bfc0-a27c20c8d52a,60cd9401-bd7d-47ed-8d10-fa2ec0d62043,c4,c3,1259,?,x4,
1769471420.9054773,SENT,abf0cf53-2d31-423a-9be2-1c783f7d4fec,f409d248-9049-4353-988b-591fe1ae0c9b,c4,c3,1259,?,x7,
1769471420.9055164,FORWARDED,abf0cf53-2d31-423a-9be2-1c783f7d4fec,f409d248-9049-4353-988b-591fe1ae0c9b,c4,c3,1259,?,x7,
1769471421.0400589,RECEIVED,b6ab9fee-d931-48b3-862b-6feacf5b8c91,3be293ea-2ed9-4ea9-95b5-5b14a1ced366,c4,DROP,445,x10,?,
1769471421.064142,RECEIVED,2b4e28b6-5244-4d04-8805-f9364c0a6182,adcb001b-5074-4c2d-9cd0-bd17bb1fd08b,c1,DROP,1020,e11,?,
1769471421.0692306,SENT,8a5ef282-5641-408d-a30b-46823452af9f,e2f18730-1dd2-478c-abd9-a2c99b156218,c5,DROP,683,?,x4,
1769471421.0692718,FORWARDED,8a5ef282-5641-408d-a30b-46823452af9f,e2f18730-1dd2-478c-abd9-a2c99b156218,c5,DROP,683,?,x4,
1769471421.1671298,RECEIVED,1a435c75-5a43-4c22-8f0c-fec37aa91017,11d387b4-a6c5-42e5-a569-a37c612c0b3a,c2,DROP,1007,e11,?,
1769471421.3812523,RECEIVED,1a632f3b-94b1-4dce-b6da-73fa80f090ef,67e4a943-1f8c-4dea-b778-1056f092953b,c1,DROP,1008,e12,?,
1769471421.489071,SENT,1a632f3b-94b1-4dce-b6da-73fa80f090ef,67e4a943-1f8c-4dea-b778-1056f092953b,c1,DROP,684,?,x9,
1769471421.4891129,FORWARDED,1a632f3b-94b1-4dce-b6da-73fa80f090ef,67e4a943-1f8c-4dea-b778-1056f092953b,c1,DROP,684,?,x9,
1769471421.525845,RECEIVED,85aeaa37-791d-44bc-941c-e0ca00db83ca,4b5c4323-12b6-48d8-a698-b7c97dc83914,c3,DROP,1020,e12,?,
1769471421.5405488,RECEIVED,911c8984-08d1-474c-9147-02256d4ce111,59f48e57-ae91-4ada-9684-330d62806f7c,c3,None,1595,e11,?,
1769471421.8143938,RECEIVED,7b5b3932-dba7-456a-b84f-14d610916f1f,f8306828-b503-4d6e-892a-06c132e32739,c2,DROP,1015,e3,?,
1769471421.8618793,RECEIVED,3a4a09a2-9f51-4852-8562-5961bde05210,d9850855-6610-4da8-8b30-be9490882b80,c3,DROP,1008,e6,?,
1769471421.8739436,SENT,1a435c75-5a43-4c22-8f0c-fec37aa91017,11d387b4-a6c5-42e5-a569-a37c612c0b3a,c2,DROP,683,?,x7,
1769471421.873985,FORWARDED,1a435c75-5a43-4c22-8f0c-fec37aa91017,11d387b4-a6c5-42e5-a569-a37c612c0b3a,c2,DROP,683,?,x7,
1769471421.9508011,SENT,3a4a09a2-9f51-4852-8562-5961bde05210,d9850855-6610-4da8-8b30-be9490882b80,c3,DROP,682,?,x5,
1769471421.9508502,FORWARDED,3a4a09a2-9f51-4852-8562-5961bde05210,d9850855-6610-4da8-8b30-be9490882b80,c3,DROP,682,?,x5,
1769471422.0454574,RECEIVED,955605ea-1529-48cd-9bb8-0ec39189c58f,68cb0e23-d4c0-44fa-8b7e-972875c73598,c3,DROP,1003,e5,?,
1769471422.0586812,SENT,911c8984-08d1-474c-9147-02256d4ce111,59f48e57-ae91-4ada-9684-330d62806f7c,c3,None,1123,?,x1,
1769471422.058724,FORWARDED,911c8984-08d1-474c-9147-02256d4ce111,59f48e57-ae91-4ada-9684-330d62806f7c,c3,None,1123,?,x1,
1769471422.084201,SENT,955605ea-1529-48cd-9bb8-0ec39189c58f,68cb0e23-d4c0-44fa-8b7e-972875c73598,c3,DROP,679,?,x8,
1769471422.0842447,FORWARDED,955605ea-1529-48cd-9bb8-0ec39189c58f,68cb0e23-d4c0-44fa-8b7e-972875c73598,c3,DROP,679,?,x8,
1769471422.1097465,SENT,7b5b3932-dba7-456a-b84f-14d610916f1f,f8306828-b503-4d6e-892a-06c132e32739,c2,DROP,689,?,x6,
1769471422.1097865,FORWARDED,7b5b3932-dba7-456a-b84f-14d610916f1f,f8306828-b503-4d6e-892a-06c132e32739,c2,DROP,689,?,x6,
1769471422.1461804,SENT,85aeaa37-791d-44bc-941c-e0ca00db83ca,4b5c4323-12b6-48d8-a698-b7c97dc83914,c3,DROP,691,?,x10,
1769471422.1462224,FORWARDED,85aeaa37-791d-44bc-941c-e0ca00db83ca,4b5c4323-12b6-48d8-a698-b7c97dc83914,c3,DROP,691,?,x10,
1769471422.2593946,RECEIVED,2adcb8e6-61fa-47ef-9345-9621bedff9be,c3956b8f-6ca5-4171-96e7-bdce365a8145,c2,c4,1774,e7,?,
1769471422.3820024,RECEIVED,416d8108-5fb9-41fd-9e3b-544f9c9d4837,8df11fbb-eecf-4fbb-9ea3-246fc71e23eb,c5,DROP,1013,e8,?,
1769471422.3838837,RECEIVED,75e9adfe-fc9c-4a9f-a177-1a704ddc3b10,b5cd7b22-d1eb-43c5-8ba2-95dcfec295a4,c4,DROP,1007,e4,?,
1769471422.4481618,SENT,416d8108-5fb9-41fd-9e3b-544f9c9d4837,8df11fbb-eecf-4fbb-9ea3-246fc71e23eb,c5,DROP,687,?,x10,
1769471422.4482012,FORWARDED,416d8108-5fb9-41fd-9e3b-544f9c9d4837,8df11fbb-eecf-4fbb-9ea3-246fc71e23eb,c5,DROP,687,?,x10,
1769471422.47188,SENT,75e9adfe-fc9c-4a9f-a177-1a704ddc3b10,b5cd7b22-d1eb-43c5-8ba2-95dcfec295a4,c4,DROP,684,?,x9,
1769471422.4719217,FORWARDED,75e9adfe-fc9c-4a9f-a177-1a704ddc3b10,b5cd7b22-d1eb-43c5-8ba2-95dcfec295a4,c4,DROP,684,?,x9,
1769471422.5059757,SENT,2b4e28b6-5244-4d04-8805-f9364c0a6182,adcb001b-5074-4c2d-9cd0-bd17bb1fd08b,c1,DROP,692,?,x12,
1769471422.5060196,FORWARDED,2b4e28b6-5244-4d04-8805-f9364c0a6182,adcb001b-5074-4c2d-9cd0-bd17bb1fd08b,c1,DROP,692,?,x12,
1769471422.5804875,RECEIVED,3b48d444-feec-4634-a68c-0e51c9368bfa,aa651653-2e14-4a66-b1db-005863dbf8d3,c1,c3,1775,e10,?,
1769471422.6700792,RECEIVED,6c004c0e-6317-4775-b21d-1b11d07a1ed9,1c629b9a-525a-4792-947d-0039e37186f3,c2,DROP,1020,e10,?,
1769471422.7928588,RECEIVED,7d601da3-180b-4239-9ea0-924cc1e53cfe,75d98c05-0b95-4eac-8189-dac8d07fc1c7,c2,DROP,1008,e7,?,
1769471422.8196075,SENT,7d601da3-180b-4239-9ea0-924cc1e53cfe,75d98c05-0b95-4eac-8189-dac8d07fc1c7,c2,DROP,684,?,x3,
1769471422.8196495,FORWARDED,7d601da3-180b-4239-9ea0-924cc1e53cfe,75d98c05-0b95-4eac-8189-dac8d07fc1c7,c2,DROP,684,?,x3,
1769471422.832122,RECEIVED,0d5fae0e-4dbd-4f27-96be-17e650ca44f6,a351acbf-6064-44b1-9455-17bb9609fca0,c1,DROP,1015,e6,?,
1769471422.8361616,RECEIVED,5ab5e61d-5db1-4cfb-9584-06d87e96385b,838f0b2f-082d-441f-aba1-9892aa5ab43f,c3,DROP,1009,e12,?,
1769471422.89731,RECEIVED,ef197b69-4442-4cc0-af8d-9da21d238124,7e4d46b8-cd3c-4a64-8f95-bb3c6532cdb0,c5,DROP,1008,e11,?,
1769471422.9224436,RECEIVED,7fb7ff99-fe61-4bfa-9203-a7477206f0a1,ff5b5f74-1fc8-4a42-9112-4b77756e3c6c,c3,DROP,441,x9,?,
1769471423.0224173,SENT,2adcb8e6-61fa-47ef-9345-9621bedff9be,c3956b8f-6ca5-4171-96e7-bdce365a8145,c2,c4,1260,?,x6,
1769471423.0224588,FORWARDED,2adcb8e6-61fa-47ef-9345-9621bedff9be,c3956b8f-6ca5-4171-96e7-bdce365a8145,c2,c4,1260,?,x6,
1769471423.1290047,SENT,0d5fae0e-4dbd-4f27-96be-17e650ca44f6,a351acbf-6064-44b1-9455-17bb9609fca0,c1,DROP,689,?,x2,
1769471423.1290572,FORWARDED,0d5fae0e-4dbd-4f27-96be-17e650ca44f6,a351acbf-6064-44b1-9455-17bb9609fca0,c1,DROP,689,?,x2,
1769471423.1665301,SENT,5ab5e61d-5db1-4cfb-9584-06d87e96385b,838f0b2f-082d-441f-aba1-9892aa5ab43f,c3,DROP,684,?,x10,
1769471423.166572,FORWARDED,5ab5e61d-5db1-4cfb-9584-06d87e96385b,838f0b2f-082d-441f-aba1-9892aa5ab43f,c3,DROP,684,?,x10,
1769471423.1780708,RECEIVED,07baaf1b-a0ee-4eaf-8410-9cb41d1ad6ee,7a3c11fa-4b8d-4e91-a372-6d8b9e812e4b,c1,DROP,1009,e2,?,
1769471423.3446195,RECEIVED,c8d6d91d-8049-46b7-9d23-7897d83f4220,e983a95e-8f4c-4f42-aa6b-84fd21858429,c5,DROP,1016,e2,?,
1769471423.4304104,SENT,ef197b69-4442-4cc0-af8d-9da21d238124,7e4d46b8-cd3c-4a64-8f95-bb3c6532cdb0,c5,DROP,684,?,x11,
1769471423.430452,FORWARDED,ef197b69-4442-4cc0-af8d-9da21d238124,7e4d46b8-cd3c-4a64-8f95-bb3c6532cdb0,c5,DROP,684,?,x11,
1769471423.4539683,RECEIVED,9aa3a661-964d-4d4b-862c-95d90e3159f6,5e725d08-6c2f-4d7a-8911-54d4146a7900,c1,DROP,1010,e10,?,
1769471423.6421082,SENT,6c004c0e-6317-4775-b21d-1b11d07a1ed9,1c629b9a-525a-4792-947d-0039e37186f3,c2,DROP,692,?,x12,
1769471423.642151,FORWARDED,6c004c0e-6317-4775-b21d-1b11d07a1ed9,1c629b9a-525a-4792-947d-0039e37186f3,c2,DROP,692,?,x12,
1769471423.6543136,SENT,07baaf1b-a0ee-4eaf-8410-9cb41d1ad6ee,7a3c11fa-4b8d-4e91-a372-6d8b9e812e4b,c1,DROP,683,?,x10,
1769471423.6543565,FORWARDED,07baaf1b-a0ee-4eaf-8410-9cb41d1ad6ee,7a3c11fa-4b8d-4e91-a372-6d8b9e812e4b,c1,DROP,683,?,x10,
1769471423.6841161,RECEIVED,ef06f189-b8e4-4ebc-bc5c-cefbb850da0c,8192e0e3-dc36-4784-b59d-3e20b8b81c5b,c1,None,1612,e10,?,
1769471423.7211022,RECEIVED,338df19c-4ec2-429a-8b13-7d0fc074da3f,1f0336ac-1ffc-4312-ba75-ecd87f9ab9c4,c3,DROP,1011,e9,?,
1769471423.829483,SENT,3b48d444-feec-4634-a68c-0e51c9368bfa,aa651653-2e14-4a66-b1db-005863dbf8d3,c1,c3,1259,?,x1,
1769471423.8295243,FORWARDED,3b48d444-feec-4634-a68c-0e51c9368bfa,aa651653-2e14-4a66-b1db-005863dbf8d3,c1,c3,1259,?,x1,
1769471423.839741,RECEIVED,ca97a8f8-390a-4bdc-96ce-cc65a03c7e39,355034d7-99fb-4574-afd0-d7381f36baca,c3,DROP,1008,e12,?,
1769471423.9289556,RECEIVED,a9689aab-4434-4a38-a3b9-4f75e217f5fc,7b2c034f-5f6a-462d-8d87-a2948979b4be,c5,c1,1772,e11,?,
1769471423.9724145,RECEIVED,6789e651-92f1-4cdb-a2d9-4ca2f9419a0d,6f50fa00-c0b8-40e1-9786-42bd3a88060e,c2,DROP,1008,e12,?,
1769471423.9826267,SENT,c8d6d91d-8049-46b7-9d23-7897d83f4220,e983a95e-8f4c-4f42-aa6b-84fd21858429,c5,DROP,688,?,x11,
1769471423.9826689,FORWARDED,c8d6d91d-8049-46b7-9d23-7897d83f4220,e983a95e-8f4c-4f42-aa6b-84fd21858429,c5,DROP,688,?,x11,
1769471424.0258515,RECEIVED,b4429989-04ae-4a3e-bd43-0a418846da4a,fe758c3a-19c9-4e16-b283-09b702e88c45,c4,DROP,1005,e7,?,
1769471424.032335,SENT,ef06f189-b8e4-4ebc-bc5c-cefbb850da0c,8192e0e3-dc36-4784-b59d-3e20b8b81c5b,c1,None,1136,?,x11,
1769471424.032379,FORWARDED,ef06f189-b8e4-4ebc-bc5c-cefbb850da0c,8192e0e3-dc36-4784-b59d-3e20b8b81c5b,c1,None,1136,?,x11,
1769471424.0521045,RECEIVED,d01460c8-f331-4c5a-b84d-35e1af838727,ffdf42e5-f18c-4d24-9ddd-4c25cdaddd6a,c3,DROP,1016,e5,?,
1769471424.0623856,RECEIVED,cfac617d-7a27-452a-9955-ae05ee8a4a5b,465d6e70-7860-4a92-b166-3b942881825b,c5,DROP,1017,e9,?,
1769471424.071558,SENT,338df19c-4ec2-429a-8b13-7d0fc074da3f,1f0336ac-1ffc-4312-ba75-ecd87f9ab9c4,c3,DROP,685,?,x1,
1769471424.0715904,FORWARDED,338df19c-4ec2-429a-8b13-7d0fc074da3f,1f0336ac-1ffc-4312-ba75-ecd87f9ab9c4,c3,DROP,685,?,x1,
1769471424.099162,SENT,cfac617d-7a27-452a-9955-ae05ee8a4a5b,465d6e70-7860-4a92-b166-3b942881825b,c5,DROP,688,?,x7,
1769471424.0992045,FORWARDED,cfac617d-7a27-452a-9955-ae05ee8a4a5b,465d6e70-7860-4a92-b166-3b942881825b,c5,DROP,688,?,x7,
1769471424.1986887,SENT,6789e651-92f1-4cdb-a2d9-4ca2f9419a0d,6f50fa00-c0b8-40e1-9786-42bd3a88060e,c2,DROP,684,?,x9,
1769471424.1987298,FORWARDED,6789e651-92f1-4cdb-a2d9-4ca2f9419a0d,6f50fa00-c0b8-40e1-9786-42bd3a88060e,c2,DROP,684,?,x9,
1769471424.261083,RECEIVED,f08700be-0bbb-46e3-b11b-636815f4cb06,61c03ce7-5ee6-4e09-8354-2c746e845864,c1,DROP,1006,e5,?,
1769471424.2712543,SENT,d01460c8-f331-4c5a-b84d-35e1af838727,ffdf42e5-f18c-4d24-9ddd-4c25cdaddd6a,c3,DROP,688,?,x4,
1769471424.2712953,FORWARDED,d01460c8-f331-4c5a-b84d-35e1af838727,ffdf42e5-f18c-4d24-9ddd-4c25cdaddd6a,c3,DROP,688,?,x4,
1769471424.338103,SENT,ca97a8f8-390a-4bdc-96ce-cc65a03c7e39,355034d7-99fb-4574-afd0-d7381f36baca,c3,DROP,684,?,x10,
1769471424.3381405,FORWARDED,ca97a8f8-390a-4bdc-96ce-cc65a03c7e39,355034d7-99fb-4574-afd0-d7381f36baca,c3,DROP,684,?,x10,
1769471424.4677727,SENT,b4429989-04ae-4a3e-bd43-0a418846da4a,fe758c3a-19c9-4e16-b283-09b702e88c45,c4,DROP,684,?,x7,
1769471424.467814,FORWARDED,b4429989-04ae-4a3e-bd43-0a418846da4a,fe758c3a-19c9-4e16-b283-09b702e88c45,c4,DROP,684,?,x7,
1769471424.4795206,SENT,f08700be-0bbb-46e3-b11b-636815f4cb06,61c03ce7-5ee6-4e09-8354-2c746e845864,c1,DROP,683,?,x5,
1769471424.4795609,FORWARDED,f08700be-0bbb-46e3-b11b-636815f4cb06,61c03ce7-5ee6-4e09-8354-2c746e845864,c1,DROP,683,?,x5,
1769471424.5686023,RECEIVED,30a153dd-9641-4ca0-a2fc-1efbf1acacce,b53d6826-6343-49fd-8172-3dbf426d4e64,c3,c1,1772,e3,?,
1769471424.5886679,SENT,9aa3a661-964d-4d4b-862c-95d90e3159f6,5e725d08-6c2f-4d7a-8911-54d4146a7900,c1,DROP,687,?,x7,
1769471424.5887103,FORWARDED,9aa3a661-964d-4d4b-862c-95d90e3159f6,5e725d08-6c2f-4d7a-8911-54d4146a7900,c1,DROP,687,?,x7,
1769471424.5918427,RECEIVED,792f2e07-9343-4798-b8f3-2249d767ffe3,a201413b-412b-439e-a8c8-73003c7cd349,c5,DROP,442,x10,?,
1769471424.6212153,SENT,a9689aab-4434-4a38-a3b9-4f75e217f5fc,7b2c034f-5f6a-462d-8d87-a2948979b4be,c5,c1,1255,?,x12,
1769471424.6212518,FORWARDED,a9689aab-4434-4a38-a3b9-4f75e217f5fc,7b2c034f-5f6a-462d-8d87-a2948979b4be,c5,c1,1255,?,x12,
1769471424.825493,RECEIVED,8e8acb2a-83a2-4b89-9393-58104e084ec7,c2da35cf-3d68-4720-9b29-f03199961a00,c2,DROP,1009,e4,?,
1769471424.9047701,RECEIVED,aae376bd-302d-43b5-9089-5b21b6ae16b7,f7f3749f-2b94-4f3a-9f2d-b62a3c880a78,c1,None,1600,e7,?,
1769471424.9052196,RECEIVED,3f82cc72-6a32-4d9e-8e09-c64bd0052020,29b920a6-0da4-4bc0-a5da-e49e70b0a07f,c1,DROP,1011,e11,?,
1769471424.9434378,RECEIVED,32102397-3177-420c-bab0-832a8ee26a43,b342d39f-75e8-497e-994d-4473587e43ed,c2,DROP,1012,e2,?,
1769471424.980601,SENT,3f82cc72-6a32-4d9e-8e09-c64bd0052020,29b920a6-0da4-4bc0-a5da-e49e70b0a07f,c1,DROP,687,?,x6,
1769471424.9806433,FORWARDED,3f82cc72-6a32-4d9e-8e09-c64bd0052020,29b920a6-0da4-4bc0-a5da-e49e70b0a07f,c1,DROP,687,?,x6,
1769471425.0674489,RECEIVED,2aee906d-28fd-42b8-b5e6-57b7413e8af5,5cb2dee6-b710-496c-b49d-31493708cbe7,c1,DROP,1015,e9,?,
1769471425.086977,SENT,30a153dd-9641-4ca0-a2fc-1efbf1acacce,b53d6826-6343-49fd-8172-3dbf426d4e64,c3,c1,1255,?,x12,
1769471425.0870194,FORWARDED,30a153dd-9641-4ca0-a2fc-1efbf1acacce,b53d6826-6343-49fd-8172-3dbf426d4e64,c3,c1,1255,?,x12,
1769471425.1012447,SENT,2aee906d-28fd-42b8-b5e6-57b7413e8af5,5cb2dee6-b710-496c-b49d-31493708cbe7,c1,DROP,688,?,x7,
1769471425.101288,FORWARDED,2aee906d-28fd-42b8-b5e6-57b7413e8af5,5cb2dee6-b710-496c-b49d-31493708cbe7,c1,DROP,688,?,x7,
1769471425.1295624,SENT,8e8acb2a-83a2-4b89-9393-58104e084ec7,c2da35cf-3d68-4720-9b29-f03199961a00,c2,DROP,683,?,x10,
1769471425.1296043,FORWARDED,8e8acb2a-83a2-4b89-9393-58104e084ec7,c2da35cf-3d68-4720-9b29-f03199961a00,c2,DROP,683,?,x10,
1769471425.144023,RECEIVED,60c99025-e07e-4305-9ae4-4ddf35849954,1fb91dc5-f7c9-4c4d-8b89-0c1085390b4d,c4,DROP,1017,e2,?,
1769471425.2639577,SENT,aae376bd-302d-43b5-9089-5b21b6ae16b7,f7f3749f-2b94-4f3a-9f2d-b62a3c880a78,c1,None,1127,?,x11,
1769471425.2639983,FORWARDED,aae376bd-302d-43b5-9089-5b21b6ae16b7,f7f3749f-2b94-4f3a-9f2d-b62a3c880a78,c1,None,1127,?,x11,
1769471425.2942529,RECEIVED,44b28100-a963-4d6b-b9e1-255d101f7006,a43b5ee8-23dc-4870-b025-19e5fc5bab16,c1,DROP,1007,e11,?,
1769471425.3651803,SENT,60c99025-e07e-4305-9ae4-4ddf35849954,1fb91dc5-f7c9-4c4d-8b89-0c1085390b4d,c4,DROP,689,?,x11,
1769471425.3652232,FORWARDED,60c99025-e07e-4305-9ae4-4ddf35849954,1fb91dc5-f7c9-4c4d-8b89-0c1085390b4d,c4,DROP,689,?,x11,
1769471425.590483,RECEIVED,986a8d86-0e66-4d66-acb6-82f3a6cb12fd,c0ccab98-f4aa-4d0d-b5d4-2527c2435ccf,c2,DROP,1020,e5,?,
1769471425.6068237,RECEIVED,3a386673-c8c9-428c-bbe8-59dd6f821b0f,54e86aab-1ca1-4a42-ab1c-f778b0f7aecd,c5,DROP,442,x7,?,
1769471425.6591632,SENT,32102397-3177-420c-bab0-832a8ee26a43,b342d39f-75e8-497e-994d-4473587e43ed,c2,DROP,687,?,x10,
1769471425.6592042,FORWARDED,32102397-3177-420c-bab0-832a8ee26a43,b342d39f-75e8-497e-994d-4473587e43ed,c2,DROP,687,?,x10,
1769471425.7798297,SENT,986a8d86-0e66-4d66-acb6-82f3a6cb12fd,c0ccab98-f4aa-4d0d-b5d4-2527c2435ccf,c2,DROP,693,?,x10,
1769471425.7798643,FORWARDED,986a8d86-0e66-4d66-acb6-82f3a6cb12fd,c0ccab98-f4aa-4d0d-b5d4-2527c2435ccf,c2,DROP,693,?,x10,
1769471425.870244,RECEIVED,c5f4947d-a964-408e-b0f9-496d9ab9004f,f2a65ce7-66e8-4398-8ae7-1fa5bd82d92f,c4,DROP,1007,e3,?,
1769471425.999321,RECEIVED,99d2a3eb-4916-492c-9222-dff85fd55427,446f8044-7cd1-47ae-80ad-66489a201181,c1,DROP,1003,e5,?,
1769471426.0624864,SENT,44b28100-a963-4d6b-b9e1-255d101f7006,a43b5ee8-23dc-4870-b025-19e5fc5bab16,c1,DROP,684,?,x9,
1769471426.0625298,FORWARDED,44b28100-a963-4d6b-b9e1-255d101f7006,a43b5ee8-23dc-4870-b025-19e5fc5bab16,c1,DROP,684,?,x9,
1769471426.1466346,RECEIVED,b9b5f49d-200a-4b3f-96fa-ae5c86bd6aaa,87a29169-1cac-4642-a69e-5004fd43852f,c1,None,1607,e5,?,
1769471426.4350586,RECEIVED,c6ea0cf8-e4f9-4a1d-a5b8-671d3981595a,769fa997-1eb1-45f1-aacc-e2c5948e2346,c4,DROP,1018,e4,?,
1769471426.4594073,RECEIVED,71030078-e246-46a0-a86d-4d910e0f289b,950b93c8-7e2c-4bd7-87ed-178766a13241,c4,DROP,1012,e7,?,
1769471426.4641237,SENT,c6ea0cf8-e4f9-4a1d-a5b8-671d3981595a,769fa997-1eb1-45f1-aacc-e2c5948e2346,c4,DROP,689,?,x12,
1769471426.464164,FORWARDED,c6ea0cf8-e4f9-4a1d-a5b8-671d3981595a,769fa997-1eb1-45f1-aacc-e2c5948e2346,c4,DROP,689,?,x12,
1769471426.5248475,SENT,71030078-e246-46a0-a86d-4d910e0f289b,950b93c8-7e2c-4bd7-87ed-178766a13241,c4,DROP,687,?,x9,
1769471426.5248837,FORWARDED,71030078-e246-46a0-a86d-4d910e0f289b,950b93c8-7e2c-4bd7-87ed-178766a13241,c4,DROP,687,?,x9,
1769471426.584833,RECEIVED,eb033195-befb-48be-94a7-c710d67d80ec,ebcac88a-b205-4235-a1b8-4787acd6faa4,c4,c3,1768,e4,?,
1769471426.6136487,RECEIVED,1b8be762-2a23-40ac-adaa-cab724307710,54e633c2-9145-4a3a-ac81-a0f59e6ab708,c5,c1,1763,e5,?,
1769471426.6167428,RECEIVED,dfe2c417-c1de-41e7-8113-afc72c46d236,a3b38bdd-90c2-4a9c-9def-e76428f8b20b,c1,c3,1768,e5,?,
1769471426.672118,SENT,dfe2c417-c1de-41e7-8113-afc72c46d236,a3b38bdd-90c2-4a9c-9def-e76428f8b20b,c1,c3,1253,?,x5,
1769471426.672166,FORWARDED,dfe2c417-c1de-41e7-8113-afc72c46d236,a3b38bdd-90c2-4a9c-9def-e76428f8b20b,c1,c3,1253,?,x5,
1769471426.7695396,SENT,99d2a3eb-4916-492c-9222-dff85fd55427,446f8044-7cd1-47ae-80ad-66489a201181,c1,DROP,680,?,x5,
1769471426.7695794,FORWARDED,99d2a3eb-4916-492c-9222-dff85fd55427,446f8044-7cd1-47ae-80ad-66489a201181,c1,DROP,680,?,x5,
1769471426.8835723,RECEIVED,1fd73dc7-7d39-416d-9e58-1bc951bb7d39,1b87b692-f302-4fec-9ef2-59083c2b4757,c1,DROP,442,x8,?,
1769471426.9208121,RECEIVED,6569a6f4-c0c2-499a-beae-8434a46803ed,2225511a-224b-43b7-85f3-23de47b01700,c3,c1,1776,e3,?,
1769471427.048254,RECEIVED,62ca3e85-e0e3-4508-84e1-65bbc57f4583,fd54e429-f626-4228-9997-a7ebd3957ea9,c4,None,1595,e4,?,
1769471427.078137,SENT,eb033195-befb-48be-94a7-c710d67d80ec,ebcac88a-b205-4235-a1b8-4787acd6faa4,c4,c3,1252,?,x8,
1769471427.0781798,FORWARDED,eb033195-befb-48be-94a7-c710d67d80ec,ebcac88a-b205-4235-a1b8-4787acd6faa4,c4,c3,1252,?,x8,
1769471427.1273656,RECEIVED,0e6a669b-8941-4313-8ddf-6ea2676051dc,316195aa-ed66-4fde-b185-66cc7dd4be72,c2,DROP,1009,e7,?,
1769471427.1369236,RECEIVED,12b53d2d-b4e5-4aaa-8e6b-19826cc57c33,8e1cc70f-44aa-4bad-84b0-738937f3943e,c1,None,1599,e4,?,
1769471427.1911573,RECEIVED,d5093e9a-8a7f-489c-84b7-707146f1f7e1,65cb2e0f-91a5-44c0-bdf5-b00bfd097b2b,c2,c4,1775,e12,?,
1769471427.350671,SENT,b9b5f49d-200a-4b3f-96fa-ae5c86bd6aaa,87a29169-1cac-4642-a69e-5004fd43852f,c1,None,1132,?,x8,
1769471427.3507135,FORWARDED,b9b5f49d-200a-4b3f-96fa-ae5c86bd6aaa,87a29169-1cac-4642-a69e-5004fd43852f,c1,None,1132,?,x8,
1769471427.3857584,SENT,c5f4947d-a964-408e-b0f9-496d9ab9004f,f2a65ce7-66e8-4398-8ae7-1fa5bd82d92f,c4,DROP,684,?,x1,
1769471427.3858001,FORWARDED,c5f4947d-a964-408e-b0f9-496d9ab9004f,f2a65ce7-66e8-4398-8ae7-1fa5bd82d92f,c4,DROP,684,?,x1,
1769471427.4284768,SENT,1b8be762-2a23-40ac-adaa-cab724307710,54e633c2-9145-4a3a-ac81-a0f59e6ab708,c5,c1,1251,?,x9,
1769471427.4285147,FORWARDED,1b8be762-2a23-40ac-adaa-cab724307710,54e633c2-9145-4a3a-ac81-a0f59e6ab708,c5,c1,1251,?,x9,
1769471427.434696,SENT,62ca3e85-e0e3-4508-84e1-65bbc57f4583,fd54e429-f626-4228-9997-a7ebd3957ea9,c4,None,1123,?,x3,
1769471427.434739,FORWARDED,62ca3e85-e0e3-4508-84e1-65bbc57f4583,fd54e429-f626-4228-9997-a7ebd3957ea9,c4,None,1123,?,x3,
1769471427.613067,SENT,6569a6f4-c0c2-499a-beae-8434a46803ed,2225511a-224b-43b7-85f3-23de47b01700,c3,c1,1259,?,x12,
1769471427.6131034,FORWARDED,6569a6f4-c0c2-499a-beae-8434a46803ed,2225511a-224b-43b7-85f3-23de47b01700,c3,c1,1259,?,x12,
1769471427.9156492,SENT,d5093e9a-8a7f-489c-84b7-707146f1f7e1,65cb2e0f-91a5-44c0-bdf5-b00bfd097b2b,c2,c4,1259,?,x4,
1769471427.9156852,FORWARDED,d5093e9a-8a7f-489c-84b7-707146f1f7e1,65cb2e0f-91a5-44c0-bdf5-b00bfd097b2b,c2,c4,1259,?,x4,
1769471427.9546924,RECEIVED,5e0fd6e3-9ed1-459e-b052-fe7ca548f54d,51277782-11eb-439c-a47e-3ff97fe31b98,c3,DROP,1007,e10,?,
1769471427.9568448,SENT,0e6a669b-8941-4313-8ddf-6ea2676051dc,316195aa-ed66-4fde-b185-66cc7dd4be72,c2,DROP,687,?,x5,
1769471427.956886,FORWARDED,0e6a669b-8941-4313-8ddf-6ea2676051dc,316195aa-ed66-4fde-b185-66cc7dd4be72,c2,DROP,687,?,x5,
1769471428.0937235,SENT,12b53d2d-b4e5-4aaa-8e6b-19826cc57c33,8e1cc70f-44aa-4bad-84b0-738937f3943e,c1,None,1128,?,x1,
1769471428.0937667,FORWARDED,12b53d2d-b4e5-4aaa-8e6b-19826cc57c33,8e1cc70f-44aa-4bad-84b0-738937f3943e,c1,None,1128,?,x1,
1769471428.1712031,RECEIVED,0f265921-5d2f-4a2b-9b47-c0d329d1db3e,f9468621-bee6-4603-bf3d-8cb306a621e0,c5,DROP,1008,e4,?,
1769471428.2327325,RECEIVED,3ac003de-3810-42a6-a630-27bbc4e528a4,9ab26c15-4924-44e2-9dbe-eda1301d1abe,c1,DROP,1008,e10,?,
1769471428.334263,SENT,0f265921-5d2f-4a2b-9b47-c0d329d1db3e,f9468621-bee6-4603-bf3d-8cb306a621e0,c5,DROP,683,?,x9,
1769471428.3343842,FORWARDED,0f265921-5d2f-4a2b-9b47-c0d329d1db3e,f9468621-bee6-4603-bf3d-8cb306a621e0,c5,DROP,683,?,x9,
1769471428.478503,SENT,3ac003de-3810-42a6-a630-27bbc4e528a4,9ab26c15-4924-44e2-9dbe-eda1301d1abe,c1,DROP,683,?,x5,
1769471428.4785435,FORWARDED,3ac003de-3810-42a6-a630-27bbc4e528a4,9ab26c15-4924-44e2-9dbe-eda1301d1abe,c1,DROP,683,?,x5,
1769471428.8695693,SENT,5e0fd6e3-9ed1-459e-b052-fe7ca548f54d,51277782-11eb-439c-a47e-3ff97fe31b98,c3,DROP,684,?,x7,
1769471428.8696125,FORWARDED,5e0fd6e3-9ed1-459e-b052-fe7ca548f54d,51277782-11eb-439c-a47e-3ff97fe31b98,c3,DROP,684,?,x7,
1769471429.156492,RECEIVED,d735abe9-2a9f-4259-ad4c-b73eefb43fb1,c657242c-9703-4b39-ae1b-7b4f125386cc,c2,DROP,1008,e2,?,
1769471429.3847861,RECEIVED,4153087e-279b-40c8-bf4b-6f68844b67c3,7241d34e-507b-4c53-a3bd-b64e036ce491,c5,DROP,1010,e6,?,
1769471429.4042118,SENT,d735abe9-2a9f-4259-ad4c-b73eefb43fb1,c657242c-9703-4b39-ae1b-7b4f125386cc,c2,DROP,684,?,x8,
1769471429.4042513,FORWARDED,d735abe9-2a9f-4259-ad4c-b73eefb43fb1,c657242c-9703-4b39-ae1b-7b4f125386cc,c2,DROP,684,?,x8,
1769471429.5158534,RECEIVED,31a88289-7b3a-420d-af97-5c04bd75f7ce,c60fb3b6-07fe-482e-a1a5-f9c7774b675d,c4,DROP,1008,e9,?,
1769471429.6247618,SENT,31a88289-7b3a-420d-af97-5c04bd75f7ce,c60fb3b6-07fe-482e-a1a5-f9c7774b675d,c4,DROP,683,?,x3,
1769471429.624802,FORWARDED,31a88289-7b3a-420d-af97-5c04bd75f7ce,c60fb3b6-07fe-482e-a1a5-f9c7774b675d,c4,DROP,683,?,x3,
1769471429.6272523,RECEIVED,a8d11a48-ebad-4544-b9e4-ce5a096272aa,81ba5f07-1dbc-446d-b25a-451222f13a2f,c5,DROP,441,x4,?,
1769471429.6782966,RECEIVED,100e5606-97d6-4c1e-9bc5-7fe727e12975,a58ceb27-23e5-40e0-a7c3-8a01a8b869ac,c1,DROP,1019,e10,?,
1769471429.7910275,RECEIVED,a4c44af2-a3d0-4286-9ac0-7ba934ecbdb7,9f42f389-bec7-4c1e-a0ef-a393dd7f48a5,c1,DROP,1008,e1,?,
1769471429.8810952,RECEIVED,23517009-0969-4c90-8e8c-d884a5822bb7,91f85fc1-5281-40a9-b6c5-26c63042ab5f,c1,DROP,1012,e9,?,
1769471429.9262364,SENT,23517009-0969-4c90-8e8c-d884a5822bb7,91f85fc1-5281-40a9-b6c5-26c63042ab5f,c1,DROP,686,?,x1,
1769471429.926277,FORWARDED,23517009-0969-4c90-8e8c-d884a5822bb7,91f85fc1-5281-40a9-b6c5-26c63042ab5f,c1,DROP,686,?,x1,
1769471429.9418397,RECEIVED,d8c5ae5f-fab5-49b7-9f3b-4ad57cb64420,d381eab4-02e2-4092-9dd8-65efe449723e,c4,None,1594,e12,?,
1769471429.9451377,SENT,a4c44af2-a3d0-4286-9ac0-7ba934ecbdb7,9f42f389-bec7-4c1e-a0ef-a393dd7f48a5,c1,DROP,684,?,x6,
1769471429.9451816,FORWARDED,a4c44af2-a3d0-4286-9ac0-7ba934ecbdb7,9f42f389-bec7-4c1e-a0ef-a393dd7f48a5,c1,DROP,684,?,x6,
1769471430.413998,SENT,d8c5ae5f-fab5-49b7-9f3b-4ad57cb64420,d381eab4-02e2-4092-9dd8-65efe449723e,c4,None,1124,?,x5,
1769471430.4140406,FORWARDED,d8c5ae5f-fab5-49b7-9f3b-4ad57cb64420,d381eab4-02e2-4092-9dd8-65efe449723e,c4,None,1124,?,x5,
1769471430.5331872,RECEIVED,c1a24d5a-08cb-421b-8b6b-0e3d87ef7b7c,4aa61975-4e12-4660-81ae-55f84b941731,c3,DROP,1007,e7,?,
1769471430.5843356,RECEIVED,3da10c80-3ba2-4726-9ed0-5d139910a14a,da3a5d35-bf6c-4e9a-b2cf-14aa4025ad34,c1,DROP,1017,e8,?,
1769471430.5975878,SENT,3da10c80-3ba2-4726-9ed0-5d139910a14a,da3a5d35-bf6c-4e9a-b2cf-14aa4025ad34,c1,DROP,688,?,x9,
1769471430.5976632,FORWARDED,3da10c80-3ba2-4726-9ed0-5d139910a14a,da3a5d35-bf6c-4e9a-b2cf-14aa4025ad34,c1,DROP,688,?,x9,
1769471430.599729,SENT,4153087e-279b-40c8-bf4b-6f68844b67c3,7241d34e-507b-4c53-a3bd-b64e036ce491,c5,DROP,687,?,x6,
1769471430.599769,FORWARDED,4153087e-279b-40c8-bf4b-6f68844b67c3,7241d34e-507b-4c53-a3bd-b64e036ce491,c5,DROP,687,?,x6,
1769471430.6823647,RECEIVED,0656ecc5-8722-403e-99f1-f86ba15b5aa1,6611c8eb-4a71-4970-9e38-491602efb065,c1,DROP,1004,e10,?,
1769471430.8080823,RECEIVED,0a91431a-ab01-4d6c-90ac-08287d68568c,15463db8-e19c-47a8-870a-8d9e16a21fa6,c4,DROP,1015,e2,?,
1769471430.8187377,RECEIVED,51427f20-f8d7-464f-8ab5-333e0b9eedc1,f2e1bd2d-1afe-43b6-8c0d-6a180f3989fe,c2,c4,1767,e3,?,
1769471430.8931518,SENT,100e5606-97d6-4c1e-9bc5-7fe727e12975,a58ceb27-23e5-40e0-a7c3-8a01a8b869ac,c1,DROP,692,?,x11,
1769471430.893195,FORWARDED,100e5606-97d6-4c1e-9bc5-7fe727e12975,a58ceb27-23e5-40e0-a7c3-8a01a8b869ac,c1,DROP,692,?,x11,
1769471431.0482626,SENT,0656ecc5-8722-403e-99f1-f86ba15b5aa1,6611c8eb-4a71-4970-9e38-491602efb065,c1,DROP,679,?,x7,
1769471431.0483057,FORWARDED,0656ecc5-8722-403e-99f1-f86ba15b5aa1,6611c8eb-4a71-4970-9e38-491602efb065,c1,DROP,679,?,x7,
1769471431.0816753,SENT,51427f20-f8d7-464f-8ab5-333e0b9eedc1,f2e1bd2d-1afe-43b6-8c0d-6a180f3989fe,c2,c4,1253,?,x5,
1769471431.0817184,FORWARDED,51427f20-f8d7-464f-8ab5-333e0b9eedc1,f2e1bd2d-1afe-43b6-8c0d-6a180f3989fe,c2,c4,1253,?,x5,
1769471431.3236644,RECEIVED,b8320cc2-7bbb-4387-bd63-125e1294de06,9e3a33e4-a07d-4e2f-b0e6-a012defb53c0,c4,DROP,1007,e2,?,
1769471431.3337717,SENT,0a91431a-ab01-4d6c-90ac-08287d68568c,15463db8-e19c-47a8-870a-8d9e16a21fa6,c4,DROP,689,?,x9,
1769471431.3338087,FORWARDED,0a91431a-ab01-4d6c-90ac-08287d68568c,15463db8-e19c-47a8-870a-8d9e16a21fa6,c4,DROP,689,?,x9,
1769471431.5833387,SENT,b8320cc2-7bbb-4387-bd63-125e1294de06,9e3a33e4-a07d-4e2f-b0e6-a012defb53c0,c4,DROP,683,?,x6,
1769471431.5833802,FORWARDED,b8320cc2-7bbb-4387-bd63-125e1294de06,9e3a33e4-a07d-4e2f-b0e6-a012defb53c0,c4,DROP,683,?,x6,
1769471431.783288,RECEIVED,d671eb4a-11d4-42ee-9f78-e9720f24b32b,60f50160-02b6-418a-8281-95b4de5f9da1,c4,DROP,1011,e11,?,
1769471431.9816923,RECEIVED,4e1c29d6-cca9-456d-9ac7-fa89db861100,7e6fe591-3267-4a5b-9856-b44c8f8914bf,c1,DROP,1010,e3,?,
1769471432.1936693,RECEIVED,9fdc02eb-94a6-49a6-b2d1-8c6144a9273a,b88920e7-f767-450c-b771-de3382ea3111,c2,DROP,1008,e7,?,
1769471432.2364833,RECEIVED,428dd798-2923-439e-8af3-8a881a038fb7,1bfb2257-c974-492e-bfe4-62fe9e8fece9,c5,DROP,1019,e11,?,
1769471432.3255408,SENT,9fdc02eb-94a6-49a6-b2d1-8c6144a9273a,b88920e7-f767-450c-b771-de3382ea3111,c2,DROP,683,?,x4,
1769471432.3255825,FORWARDED,9fdc02eb-94a6-49a6-b2d1-8c6144a9273a,b88920e7-f767-450c-b771-de3382ea3111,c2,DROP,683,?,x4,
1769471432.514394,RECEIVED,1a5a4c7b-350e-4830-b88d-c1599fc01f74,8f697702-69d4-45b4-9fe5-767e10818d27,c4,None,1598,e9,?,
1769471432.6113255,RECEIVED,55446ab6-9c39-4319-948d-018a4ed0a5d7,0fb07c6b-6ca4-456f-a22b-1b0010e12b0b,c5,DROP,1012,e12,?,
1769471432.8247604,SENT,55446ab6-9c39-4319-948d-018a4ed0a5d7,0fb07c6b-6ca4-456f-a22b-1b0010e12b0b,c5,DROP,687,?,x5,
1769471432.8248038,FORWARDED,55446ab6-9c39-4319-948d-018a4ed0a5d7,0fb07c6b-6ca4-456f-a22b-1b0010e12b0b,c5,DROP,687,?,x5,
1769471432.911346,SENT,d671eb4a-11d4-42ee-9f78-e9720f24b32b,60f50160-02b6-418a-8281-95b4de5f9da1,c4,DROP,687,?,x3,
1769471432.9113877,FORWARDED,d671eb4a-11d4-42ee-9f78-e9720f24b32b,60f50160-02b6-418a-8281-95b4de5f9da1,c4,DROP,687,?,x3,
1769471432.9214997,RECEIVED,84523940-0749-42d5-9ba4-17779eff5aa3,13ce9972-a9a5-42cc-bb5c-1fc47cb8ffbb,c3,DROP,1009,e2,?,
1769471433.0956082,SENT,4e1c29d6-cca9-456d-9ac7-fa89db861100,7e6fe591-3267-4a5b-9856-b44c8f8914bf,c1,DROP,687,?,x3,
1769471433.0956485,FORWARDED,4e1c29d6-cca9-456d-9ac7-fa89db861100,7e6fe591-3267-4a5b-9856-b44c8f8914bf,c1,DROP,687,?,x3,
1769471433.1343944,SENT,84523940-0749-42d5-9ba4-17779eff5aa3,13ce9972-a9a5-42cc-bb5c-1fc47cb8ffbb,c3,DROP,683,?,x12,
1769471433.1344337,FORWARDED,84523940-0749-42d5-9ba4-17779eff5aa3,13ce9972-a9a5-42cc-bb5c-1fc47cb8ffbb,c3,DROP,683,?,x12,
1769471433.2429578,RECEIVED,1f33e0da-d15a-4de5-b427-28a006ae69bc,16c35fe9-0a90-49f0-8c26-0f4a1b7dabfc,c4,None,1602,e5,?,
1769471433.3293138,RECEIVED,83c259b2-8662-4905-8155-b6d5f68a5e2a,9b85e02f-1367-4520-8d12-a14f24ee4325,c5,DROP,1021,e3,?,
1769471433.3358145,SENT,1f33e0da-d15a-4de5-b427-28a006ae69bc,16c35fe9-0a90-49f0-8c26-0f4a1b7dabfc,c4,None,1127,?,x3,
1769471433.3358548,FORWARDED,1f33e0da-d15a-4de5-b427-28a006ae69bc,16c35fe9-0a90-49f0-8c26-0f4a1b7dabfc,c4,None,1127,?,x3,
1769471433.3624504,SENT,c1a24d5a-08cb-421b-8b6b-0e3d87ef7b7c,4aa61975-4e12-4660-81ae-55f84b941731,c3,DROP,683,?,x1,
1769471433.3624926,FORWARDED,c1a24d5a-08cb-421b-8b6b-0e3d87ef7b7c,4aa61975-4e12-4660-81ae-55f84b941731,c3,DROP,683,?,x1,
1769471433.548709,RECEIVED,ec9a4232-4f55-47b4-a0f2-407264f9a8c1,ae28487f-a43d-4f8b-ae25-eeba960c59ea,c2,DROP,1008,e12,?,
1769471433.640842,RECEIVED,81d12abb-756a-4ca9-ab45-65ad1b9c49f4,27eee264-ed7b-4443-b4fa-e025b82a761b,c5,DROP,1011,e2,?,
1769471433.7529886,RECEIVED,80a984a6-1cc4-4e7e-9ad7-fd657a14dc74,50535287-4914-4790-8645-3d28e478fb6c,c4,DROP,1012,e6,?,
1769471433.7598345,SENT,81d12abb-756a-4ca9-ab45-65ad1b9c49f4,27eee264-ed7b-4443-b4fa-e025b82a761b,c5,DROP,687,?,x3,
1769471433.7598763,FORWARDED,81d12abb-756a-4ca9-ab45-65ad1b9c49f4,27eee264-ed7b-4443-b4fa-e025b82a761b,c5,DROP,687,?,x3,
1769471433.8049393,SENT,83c259b2-8662-4905-8155-b6d5f68a5e2a,9b85e02f-1367-4520-8d12-a14f24ee4325,c5,DROP,693,?,x11,
1769471433.804978,FORWARDED,83c259b2-8662-4905-8155-b6d5f68a5e2a,9b85e02f-1367-4520-8d12-a14f24ee4325,c5,DROP,693,?,x11,
1769471433.8769774,SENT,428dd798-2923-439e-8af3-8a881a038fb7,1bfb2257-c974-492e-bfe4-62fe9e8fece9,c5,DROP,693,?,x8,
1769471433.877018,FORWARDED,428dd798-2923-439e-8af3-8a881a038fb7,1bfb2257-c974-492e-bfe4-62fe9e8fece9,c5,DROP,693,?,x8,
1769471433.9506462,SENT,1a5a4c7b-350e-4830-b88d-c1599fc01f74,8f697702-69d4-45b4-9fe5-767e10818d27,c4,None,1127,?,x3,
1769471433.9506898,FORWARDED,1a5a4c7b-350e-4830-b88d-c1599fc01f74,8f697702-69d4-45b4-9fe5-767e10818d27,c4,None,1127,?,x3,
1769471433.9841647,SENT,ec9a4232-4f55-47b4-a0f2-407264f9a8c1,ae28487f-a43d-4f8b-ae25-eeba960c59ea,c2,DROP,684,?,x5,
1769471433.9842079,FORWARDED,ec9a4232-4f55-47b4-a0f2-407264f9a8c1,ae28487f-a43d-4f8b-ae25-eeba960c59ea,c2,DROP,684,?,x5,
1769471434.0802898,SENT,80a984a6-1cc4-4e7e-9ad7-fd657a14dc74,50535287-4914-4790-8645-3d28e478fb6c,c4,DROP,687,?,x9,
1769471434.0803335,FORWARDED,80a984a6-1cc4-4e7e-9ad7-fd657a14dc74,50535287-4914-4790-8645-3d28e478fb6c,c4,DROP,687,?,x9,
1769471434.4220018,RECEIVED,458d95ab-1c10-406c-990f-5d76bb2ef073,9dfae50e-03eb-4780-b7c6-c952386ef705,c2,DROP,1014,e6,?,
1769471434.4261715,SENT,458d95ab-1c10-406c-990f-5d76bb2ef073,9dfae50e-03eb-4780-b7c6-c952386ef705,c2,DROP,686,?,x4,
1769471434.426213,FORWARDED,458d95ab-1c10-406c-990f-5d76bb2ef073,9dfae50e-03eb-4780-b7c6-c952386ef705,c2,DROP,686,?,x4,
1769471434.4941423,RECEIVED,c9119419-afac-405d-aba5-cbb94c8032f0,cde3c916-4642-4181-9f47-e7b7782ae79e,c3,None,1604,e1,?,
1769471434.562631,SENT,c9119419-afac-405d-aba5-cbb94c8032f0,cde3c916-4642-4181-9f47-e7b7782ae79e,c3,None,1131,?,x9,
1769471434.562671,FORWARDED,c9119419-afac-405d-aba5-cbb94c8032f0,cde3c916-4642-4181-9f47-e7b7782ae79e,c3,None,1131,?,x9,
1769471434.6472323,RECEIVED,cc6eadeb-325f-4adc-885a-27fb2e0bc69c,d6f1f384-e2ce-40b1-8730-e2e33157c440,c4,DROP,995,e5,?,
1769471434.6914096,RECEIVED,5ea76a2a-c737-43f5-a2d1-b131a5cbc329,6c0e6841-0fc3-4fba-bfb9-4383cd1a2997,c3,DROP,1009,e2,?,
1769471434.7528183,RECEIVED,498f4158-8e55-43d1-a001-7e10c15d4c5a,7a203aee-ffd3-4e93-ac91-10ad470c2adf,c3,DROP,1015,e5,?,
1769471434.82906,RECEIVED,78a9c55e-ee3c-4433-927e-9bc5535385c3,a4b1de73-5ec6-4368-8640-c55533be8935,c3,None,1599,e4,?,
1769471434.8435051,RECEIVED,57de3e10-0020-4ba8-ab18-8d87664970be,863b2c73-cfcb-4c95-85f2-c7bfaff0f699,c3,DROP,1009,e1,?,
1769471434.9282303,RECEIVED,9ba71970-7c6a-4239-b988-ccdfa215e85b,702d6dd8-e130-403e-9f51-b93f419f1683,c4,DROP,1007,e4,?,
1769471434.9291387,SENT,5ea76a2a-c737-43f5-a2d1-b131a5cbc329,6c0e6841-0fc3-4fba-bfb9-4383cd1a2997,c3,DROP,683,?,x12,
1769471434.9291818,FORWARDED,5ea76a2a-c737-43f5-a2d1-b131a5cbc329,6c0e6841-0fc3-4fba-bfb9-4383cd1a2997,c3,DROP,683,?,x12,
1769471434.9589171,RECEIVED,0a4912ab-204a-4f21-8003-c2a824f461d0,01202915-95bb-4db4-8088-2fd0b731bd06,c1,DROP,1007,e2,?,
1769471435.055153,RECEIVED,fa2dc1af-8073-46cd-bafe-48f2129ef0b1,893d129d-1232-421f-95bf-3357e57e80a9,c1,DROP,1011,e9,?,
1769471435.120669,RECEIVED,3f98efcc-1c1c-4cbf-8df0-2f463ffa9541,bc99b3ad-77bb-448a-8e91-d3c5fdaea3a3,c4,DROP,1022,e11,?,
1769471435.1416376,SENT,3f98efcc-1c1c-4cbf-8df0-2f463ffa9541,bc99b3ad-77bb-448a-8e91-d3c5fdaea3a3,c4,DROP,692,?,x12,
1769471435.141678,FORWARDED,3f98efcc-1c1c-4cbf-8df0-2f463ffa9541,bc99b3ad-77bb-448a-8e91-d3c5fdaea3a3,c4,DROP,692,?,x12,
1769471435.1542296,SENT,57de3e10-0020-4ba8-ab18-8d87664970be,863b2c73-cfcb-4c95-85f2-c7bfaff0f699,c3,DROP,684,?,x12,
1769471435.1542711,FORWARDED,57de3e10-0020-4ba8-ab18-8d87664970be,863b2c73-cfcb-4c95-85f2-c7bfaff0f699,c3,DROP,684,?,x12,
1769471435.249522,RECEIVED,455e5d11-b070-4a8a-ad00-d2a180fb5362,7ef81012-c296-4cc1-9f3a-e6a4024832a1,c2,c4,1772,e6,?,
1769471435.3861363,RECEIVED,9cc87d79-cd27-475c-b972-06bbf8cc7b6c,32930ec7-16f1-49af-be87-ec5d2bdbb23e,c1,DROP,442,x7,?,
1769471435.4070377,SENT,cc6eadeb-325f-4adc-885a-27fb2e0bc69c,d6f1f384-e2ce-40b1-8730-e2e33157c440,c4,DROP,675,?,x9,
1769471435.407091,FORWARDED,cc6eadeb-325f-4adc-885a-27fb2e0bc69c,d6f1f384-e2ce-40b1-8730-e2e33157c440,c4,DROP,675,?,x9,
1769471435.441435,SENT,78a9c55e-ee3c-4433-927e-9bc5535385c3,a4b1de73-5ec6-4368-8640-c55533be8935,c3,None,1128,?,x5,
1769471435.4414792,FORWARDED,78a9c55e-ee3c-4433-927e-9bc5535385c3,a4b1de73-5ec6-4368-8640-c55533be8935,c3,None,1128,?,x5,
1769471435.528017,SENT,498f4158-8e55-43d1-a001-7e10c15d4c5a,7a203aee-ffd3-4e93-ac91-10ad470c2adf,c3,DROP,688,?,x9,
1769471435.528072,FORWARDED,498f4158-8e55-43d1-a001-7e10c15d4c5a,7a203aee-ffd3-4e93-ac91-10ad470c2adf,c3,DROP,688,?,x9,
1769471435.690301,SENT,fa2dc1af-8073-46cd-bafe-48f2129ef0b1,893d129d-1232-421f-95bf-3357e57e80a9,c1,DROP,687,?,x6,
1769471435.6903436,FORWARDED,fa2dc1af-8073-46cd-bafe-48f2129ef0b1,893d129d-1232-421f-95bf-3357e57e80a9,c1,DROP,687,?,x6,
1769471435.726456,SENT,9ba71970-7c6a-4239-b988-ccdfa215e85b,702d6dd8-e130-403e-9f51-b93f419f1683,c4,DROP,682,?,x2,
1769471435.7264981,FORWARDED,9ba71970-7c6a-4239-b988-ccdfa215e85b,702d6dd8-e130-403e-9f51-b93f419f1683,c4,DROP,682,?,x2,
1769471435.7855642,RECEIVED,06f73c49-9115-4f4a-90aa-0aa4b11d6f8d,1ddf05c9-78dd-4fbf-afd7-3b509ce1fc76,c4,DROP,443,x3,?,
1769471435.8082082,RECEIVED,ca96f889-6ddf-42ed-bf0d-d803d383ce53,0eaff058-80fa-4b4e-8984-c09b4a321384,c4,DROP,1010,e3,?,
1769471435.829214,SENT,ca96f889-6ddf-42ed-bf0d-d803d383ce53,0eaff058-80fa-4b4e-8984-c09b4a321384,c4,DROP,683,?,x10,
1769471435.8292558,FORWARDED,ca96f889-6ddf-42ed-bf0d-d803d383ce53,0eaff058-80fa-4b4e-8984-c09b4a321384,c4,DROP,683,?,x10,
1769471435.877956,RECEIVED,9c70cf24-03ca-49be-b118-e157a0b9fac1,68cda723-b3d0-461b-8a9f-a2bb81a07904,c4,DROP,1007,e9,?,
1769471436.3545158,SENT,9c70cf24-03ca-49be-b118-e157a0b9fac1,68cda723-b3d0-461b-8a9f-a2bb81a07904,c4,DROP,684,?,x4,
1769471436.354557,FORWARDED,9c70cf24-03ca-49be-b118-e157a0b9fac1,68cda723-b3d0-461b-8a9f-a2bb81a07904,c4,DROP,684,?,x4,
1769471436.4507778,RECEIVED,37f71160-ecac-497d-affc-cb051587fae2,933b86c2-fffd-4b84-bc06-e476b3ac1e4f,c1,DROP,1016,e3,?,
1769471436.4828289,SENT,455e5d11-b070-4a8a-ad00-d2a180fb5362,7ef81012-c296-4cc1-9f3a-e6a4024832a1,c2,c4,1256,?,x10,
1769471436.4828641,FORWARDED,455e5d11-b070-4a8a-ad00-d2a180fb5362,7ef81012-c296-4cc1-9f3a-e6a4024832a1,c2,c4,1256,?,x10,
1769471436.595524,RECEIVED,6484f735-8b24-409b-aead-dca96ca76eb4,dcdae4d5-34ff-4b7f-8f3a-f80811b1b02d,c2,DROP,442,x3,?,
1769471436.6134257,RECEIVED,28cdbfde-3274-49f4-bd01-f8b906faf034,2513221b-c978-4168-ba3b-4fdc820d9ba9,c5,DROP,1004,e3,?,
1769471436.667016,RECEIVED,d75ea2ba-9fe0-4e9d-b46f-5746612b25d9,7cd538c6-9551-419f-8898-b135005c77b6,c3,None,1601,e7,?,
1769471436.7038403,SENT,0a4912ab-204a-4f21-8003-c2a824f461d0,01202915-95bb-4db4-8088-2fd0b731bd06,c1,DROP,684,?,x3,
1769471436.703882,FORWARDED,0a4912ab-204a-4f21-8003-c2a824f461d0,01202915-95bb-4db4-8088-2fd0b731bd06,c1,DROP,684,?,x3,
1769471436.8033938,RECEIVED,9016aa0e-bf9b-4a54-ac07-0b1226fc950a,dcb328a3-23a5-4866-91e1-61dc6348dd35,c4,DROP,999,e3,?,
1769471436.8137155,RECEIVED,2d7cd01d-f88b-4dd7-b5f2-d0ee0fd74d63,c22af616-e37d-4210-ab52-5a192f3ca829,c2,c4,1768,e12,?,
1769471436.8826413,SENT,2d7cd01d-f88b-4dd7-b5f2-d0ee0fd74d63,c22af616-e37d-4210-ab52-5a192f3ca829,c2,c4,1252,?,x6,
1769471436.8826811,FORWARDED,2d7cd01d-f88b-4dd7-b5f2-d0ee0fd74d63,c22af616-e37d-4210-ab52-5a192f3ca829,c2,c4,1252,?,x6,
1769471436.8841162,SENT,d75ea2ba-9fe0-4e9d-b46f-5746612b25d9,7cd538c6-9551-419f-8898-b135005c77b6,c3,None,1128,?,x12,
1769471436.8841567,FORWARDED,d75ea2ba-9fe0-4e9d-b46f-5746612b25d9,7cd538c6-9551-419f-8898-b135005c77b6,c3,None,1128,?,x12,
1769471437.1045623,RECEIVED,f2894a27-787e-4697-9ab8-d040467dd0b1,614f54ef-020e-4b34-8d6a-26a3a14b372b,c1,DROP,1007,e1,?,
1769471437.1369712,SENT,9016aa0e-bf9b-4a54-ac07-0b1226fc950a,dcb328a3-23a5-4866-91e1-61dc6348dd35,c4,DROP,678,?,x8,
1769471437.1370127,FORWARDED,9016aa0e-bf9b-4a54-ac07-0b1226fc950a,dcb328a3-23a5-4866-91e1-61dc6348dd35,c4,DROP,678,?,x8,
1769471437.3078167,SENT,28cdbfde-3274-49f4-bd01-f8b906faf034,2513221b-c978-4168-ba3b-4fdc820d9ba9,c5,DROP,680,?,x11,
1769471437.3078594,FORWARDED,28cdbfde-3274-49f4-bd01-f8b906faf034,2513221b-c978-4168-ba3b-4fdc820d9ba9,c5,DROP,680,?,x11,
1769471437.4587393,RECEIVED,a8ea5458-f404-429c-a777-6f28c5bfbad0,3ad4bf0c-6014-4746-bf9c-e23bd489e529,c2,c4,1775,e5,?,
1769471437.723266,SENT,f2894a27-787e-4697-9ab8-d040467dd0b1,614f54ef-020e-4b34-8d6a-26a3a14b372b,c1,DROP,682,?,x3,
1769471437.723305,FORWARDED,f2894a27-787e-4697-9ab8-d040467dd0b1,614f54ef-020e-4b34-8d6a-26a3a14b372b,c1,DROP,682,?,x3,
1769471437.9273472,SENT,37f71160-ecac-497d-affc-cb051587fae2,933b86c2-fffd-4b84-bc06-e476b3ac1e4f,c1,DROP,690,?,x10,
1769471437.9273865,FORWARDED,37f71160-ecac-497d-affc-cb051587fae2,933b86c2-fffd-4b84-bc06-e476b3ac1e4f,c1,DROP,690,?,x10,
1769471437.9594977,RECEIVED,271c0832-4364-491a-85d9-b2dae893104e,63f64057-81ee-4b49-94af-4f307c59727c,c4,DROP,1013,e6,?,
1769471438.0546775,RECEIVED,1051563d-f535-438a-a2ec-c76361613083,bcdfa889-281a-40e8-aa21-ced947771110,c2,c4,1775,e9,?,
1769471438.0658045,RECEIVED,70f68a79-f4a3-4783-8d22-80c88cf2f3c1,5cc4e7ac-b315-4db0-98f1-92b3f4b77751,c3,DROP,442,x2,?,
1769471438.067487,RECEIVED,e1ffb731-e4d1-4da7-9885-167a62eee9d8,6b382a13-6138-4f5c-8bfb-c3ee6df734f8,c5,DROP,1008,e7,?,
1769471438.1469612,RECEIVED,234aeec3-ea41-4540-801c-4f8aadfc887a,4828f7f9-4645-42d5-9f82-bee966778302,c4,c3,1767,e1,?,
1769471438.1773078,RECEIVED,4719772f-4e05-4968-9848-3921ff5e9992,9f673397-4808-4149-8a88-ead5ef8c8241,c4,DROP,1015,e12,?,
1769471438.1968856,SENT,e1ffb731-e4d1-4da7-9885-167a62eee9d8,6b382a13-6138-4f5c-8bfb-c3ee6df734f8,c5,DROP,683,?,x4,
1769471438.1969268,FORWARDED,e1ffb731-e4d1-4da7-9885-167a62eee9d8,6b382a13-6138-4f5c-8bfb-c3ee6df734f8,c5,DROP,683,?,x4,
1769471438.2074134,RECEIVED,0ef77385-e402-4cee-b384-bb1c0e7f4660,ee71e191-4e81-414e-ae97-fec91fe0796d,c1,DROP,1016,e2,?,
1769471438.2694995,SENT,271c0832-4364-491a-85d9-b2dae893104e,63f64057-81ee-4b49-94af-4f307c59727c,c4,DROP,687,?,x10,
1769471438.2695377,FORWARDED,271c0832-4364-491a-85d9-b2dae893104e,63f64057-81ee-4b49-94af-4f307c59727c,c4,DROP,687,?,x10,
1769471438.2773001,SENT,0ef77385-e402-4cee-b384-bb1c0e7f4660,ee71e191-4e81-414e-ae97-fec91fe0796d,c1,DROP,688,?,x5,
1769471438.277343,FORWARDED,0ef77385-e402-4cee-b384-bb1c0e7f4660,ee71e191-4e81-414e-ae97-fec91fe0796d,c1,DROP,688,?,x5,
1769471438.2899218,RECEIVED,8034e2ea-1ccc-41aa-8543-75e94ddeeed5,c48b7331-c486-4b58-b0b0-ecd743f8d938,c5,DROP,1015,e3,?,
1769471438.4729092,SENT,a8ea5458-f404-429c-a777-6f28c5bfbad0,3ad4bf0c-6014-4746-bf9c-e23bd489e529,c2,c4,1259,?,x2,
1769471438.4729517,FORWARDED,a8ea5458-f404-429c-a777-6f28c5bfbad0,3ad4bf0c-6014-4746-bf9c-e23bd489e529,c2,c4,1259,?,x2,
1769471438.490971,RECEIVED,f71fe0d7-7552-4cbf-bcb1-22ca46e49f45,1ef59949-3de5-4fb3-a038-3850d52a61e8,c3,c1,1767,e12,?,
1769471438.573492,RECEIVED,0d9afc3d-3a28-4c05-818e-73c697fcacc9,8ea3413f-d645-49ec-a42a-f711fc256310,c1,DROP,1007,e10,?,
1769471438.6573982,RECEIVED,57466ea4-feb7-4b01-b817-56fd4aa8f192,3da72932-337c-4bbf-a6a8-4430c9122319,c2,DROP,1016,e4,?,
1769471438.7421358,SENT,57466ea4-feb7-4b01-b817-56fd4aa8f192,3da72932-337c-4bbf-a6a8-4430c9122319,c2,DROP,689,?,x3,
1769471438.742174,FORWARDED,57466ea4-feb7-4b01-b817-56fd4aa8f192,3da72932-337c-4bbf-a6a8-4430c9122319,c2,DROP,689,?,x3,
1769471438.7645938,RECEIVED,c19e4f9f-4571-40c5-a50b-396b5a162a0d,8abdc2c9-d16d-4a83-b389-1805a2eb05c5,c2,DROP,1016,e6,?,
1769471438.9233868,SENT,c19e4f9f-4571-40c5-a50b-396b5a162a0d,8abdc2c9-d16d-4a83-b389-1805a2eb05c5,c2,DROP,688,?,x1,
1769471438.9234283,FORWARDED,c19e4f9f-4571-40c5-a50b-396b5a162a0d,8abdc2c9-d16d-4a83-b389-1805a2eb05c5,c2,DROP,688,?,x1,
1769471438.9436743,SENT,8034e2ea-1ccc-41aa-8543-75e94ddeeed5,c48b7331-c486-4b58-b0b0-ecd743f8d938,c5,DROP,688,?,x6,
1769471438.943716,FORWARDED,8034e2ea-1ccc-41aa-8543-75e94ddeeed5,c48b7331-c486-4b58-b0b0-ecd743f8d938,c5,DROP,688,?,x6,
1769471438.9926977,SENT,1051563d-f535-438a-a2ec-c76361613083,bcdfa889-281a-40e8-aa21-ced947771110,c2,c4,1259,?,x10,
1769471438.9927397,FORWARDED,1051563d-f535-438a-a2ec-c76361613083,bcdfa889-281a-40e8-aa21-ced947771110,c2,c4,1259,?,x10,
1769471439.074806,SENT,f71fe0d7-7552-4cbf-bcb1-22ca46e49f45,1ef59949-3de5-4fb3-a038-3850d52a61e8,c3,c1,1252,?,x8,
1769471439.0748477,FORWARDED,f71fe0d7-7552-4cbf-bcb1-22ca46e49f45,1ef59949-3de5-4fb3-a038-3850d52a61e8,c3,c1,1252,?,x8,
1769471439.1245787,SENT,4719772f-4e05-4968-9848-3921ff5e9992,9f673397-4808-4149-8a88-ead5ef8c8241,c4,DROP,688,?,x2,
1769471439.1246214,FORWARDED,4719772f-4e05-4968-9848-3921ff5e9992,9f673397-4808-4149-8a88-ead5ef8c8241,c4,DROP,688,?,x2,
1769471439.1928587,RECEIVED,79f9600a-4204-40b9-b336-ae429f47bab9,e25ea0f8-86f9-4ae1-bd62-e5efc56b1008,c4,None,1595,e3,?,
1769471439.2368474,SENT,234aeec3-ea41-4540-801c-4f8aadfc887a,4828f7f9-4645-42d5-9f82-bee966778302,c4,c3,1252,?,x6,
1769471439.2368903,FORWARDED,234aeec3-ea41-4540-801c-4f8aadfc887a,4828f7f9-4645-42d5-9f82-bee966778302,c4,c3,1252,?,x6,
1769471439.2983584,RECEIVED,362edb29-2053-4ede-b203-75e62d4edb0b,7c654b8c-b7e5-4604-b9d8-951c04aa49cf,c1,DROP,443,x3,?,
1769471439.2997522,RECEIVED,6420dce1-52f3-4ccc-b45a-2cf7c15fd2bf,d9aa0c44-a700-4d8c-bd21-88397d8f29cb,c5,DROP,1008,e1,?,
1769471439.3128214,RECEIVED,ccd87a7f-ad58-4fc3-88c1-a081fa9ce199,d3830dc0-08f1-404a-ad73-96c75c5c839a,c4,DROP,1016,e12,?,
1769471439.3299496,SENT,0d9afc3d-3a28-4c05-818e-73c697fcacc9,8ea3413f-d645-49ec-a42a-f711fc256310,c1,DROP,683,?,x4,
1769471439.329991,FORWARDED,0d9afc3d-3a28-4c05-818e-73c697fcacc9,8ea3413f-d645-49ec-a42a-f711fc256310,c1,DROP,683,?,x4,
1769471439.356065,RECEIVED,50245099-7d47-4eb3-bd1b-e04378e5102b,d9caa53a-e910-4c59-a361-53cd497a430f,c4,DROP,1018,e6,?,
1769471439.4463637,SENT,50245099-7d47-4eb3-bd1b-e04378e5102b,d9caa53a-e910-4c59-a361-53cd497a430f,c4,DROP,689,?,x11,
1769471439.44641,FORWARDED,50245099-7d47-4eb3-bd1b-e04378e5102b,d9caa53a-e910-4c59-a361-53cd497a430f,c4,DROP,689,?,x11,
1769471439.4521394,SENT,ccd87a7f-ad58-4fc3-88c1-a081fa9ce199,d3830dc0-08f1-404a-ad73-96c75c5c839a,c4,DROP,689,?,x8,
1769471439.4521806,FORWARDED,ccd87a7f-ad58-4fc3-88c1-a081fa9ce199,d3830dc0-08f1-404a-ad73-96c75c5c839a,c4,DROP,689,?,x8,
1769471439.5403538,RECEIVED,45be6420-7b15-4d93-b083-3b28bfd7a370,37a6dd63-5edf-4163-9af3-6aa37b632871,c3,None,1593,e8,?,
1769471439.5976846,SENT,45be6420-7b15-4d93-b083-3b28bfd7a370,37a6dd63-5edf-4163-9af3-6aa37b632871,c3,None,1122,?,x8,
1769471439.5977254,FORWARDED,45be6420-7b15-4d93-b083-3b28bfd7a370,37a6dd63-5edf-4163-9af3-6aa37b632871,c3,None,1122,?,x8,
1769471439.6044803,RECEIVED,1b4ca36f-dfeb-45b9-8d3f-22e5ccf3d025,e5e16f8e-cfb9-446f-a59c-41c5b127d3e4,c1,c3,1767,e9,?,
1769471439.6239433,SENT,6420dce1-52f3-4ccc-b45a-2cf7c15fd2bf,d9aa0c44-a700-4d8c-bd21-88397d8f29cb,c5,DROP,684,?,x7,
1769471439.6239848,FORWARDED,6420dce1-52f3-4ccc-b45a-2cf7c15fd2bf,d9aa0c44-a700-4d8c-bd21-88397d8f29cb,c5,DROP,684,?,x7,
1769471439.7641737,SENT,1b4ca36f-dfeb-45b9-8d3f-22e5ccf3d025,e5e16f8e-cfb9-446f-a59c-41c5b127d3e4,c1,c3,1252,?,x11,
1769471439.7642083,FORWARDED,1b4ca36f-dfeb-45b9-8d3f-22e5ccf3d025,e5e16f8e-cfb9-446f-a59c-41c5b127d3e4,c1,c3,1252,?,x11,
1769471439.7761524,RECEIVED,9f674de0-362d-4369-93c7-185785b09632,7383a932-e233-4b46-ad54-bdd7d0b0c792,c5,DROP,1013,e1,?,
1769471439.7890086,RECEIVED,d3df47a9-82e8-45cf-8fba-a4cbcc5b7935,efbce2f8-042a-482a-965b-0f42414238e6,c2,DROP,1012,e4,?,
1769471439.8105915,RECEIVED,7da57645-8440-4740-b56c-d415cd48c9d5,4031e108-3805-428c-aa72-7a6ab059c86d,c4,None,1594,e3,?,
1769471439.871677,SENT,9f674de0-362d-4369-93c7-185785b09632,7383a932-e233-4b46-ad54-bdd7d0b0c792,c5,DROP,686,?,x2,
1769471439.8721225,FORWARDED,9f674de0-362d-4369-93c7-185785b09632,7383a932-e233-4b46-ad54-bdd7d0b0c792,c5,DROP,686,?,x2,
1769471439.9881058,RECEIVED,5e7bd21f-633d-4c4c-b60f-a8734022644c,cb48462e-ad3b-4284-b262-99c6f63765de,c3,c1,1779,e12,?,
1769471439.9896293,RECEIVED,7328d80c-61dc-4d60-b344-2b700ad03117,6625cf13-d670-4a60-a1cd-327f20faf8c7,c1,DROP,1008,e10,?,
1769471440.037643,SENT,d3df47a9-82e8-45cf-8fba-a4cbcc5b7935,efbce2f8-042a-482a-965b-0f42414238e6,c2,DROP,687,?,x9,
1769471440.0376832,FORWARDED,d3df47a9-82e8-45cf-8fba-a4cbcc5b7935,efbce2f8-042a-482a-965b-0f42414238e6,c2,DROP,687,?,x9,
1769471440.129595,RECEIVED,57e50436-2f35-4626-b24b-668c7d471d27,2579f282-e1cd-4ea5-8f3f-cf4272c48919,c1,DROP,1011,e5,?,
1769471440.2893922,SENT,79f9600a-4204-40b9-b336-ae429f47bab9,e25ea0f8-86f9-4ae1-bd62-e5efc56b1008,c4,None,1123,?,x9,
1769471440.2894359,FORWARDED,79f9600a-4204-40b9-b336-ae429f47bab9,e25ea0f8-86f9-4ae1-bd62-e5efc56b1008,c4,None,1123,?,x9,
1769471440.2972765,RECEIVED,008d6053-737a-4a77-a735-4547139a9715,f67a0f5f-c64f-46a3-bff1-73d9c5311d1d,c5,DROP,1013,e11,?,
1769471440.3076763,RECEIVED,63b0d121-66c2-48b7-b87a-5cd451d6f92b,02d4e414-4d66-45e1-a0c4-250577a34c2f,c1,c3,1760,e1,?,
1769471440.390728,SENT,7328d80c-61dc-4d60-b344-2b700ad03117,6625cf13-d670-4a60-a1cd-327f20faf8c7,c1,DROP,684,?,x6,
1769471440.3907692,FORWARDED,7328d80c-61dc-4d60-b344-2b700ad03117,6625cf13-d670-4a60-a1cd-327f20faf8c7,c1,DROP,684,?,x6,
1769471440.4300416,SENT,5e7bd21f-633d-4c4c-b60f-a8734022644c,cb48462e-ad3b-4284-b262-99c6f63765de,c3,c1,1263,?,x9,
1769471440.4303138,FORWARDED,5e7bd21f-633d-4c4c-b60f-a8734022644c,cb48462e-ad3b-4284-b262-99c6f63765de,c3,c1,1263,?,x9,
1769471440.5152206,SENT,63b0d121-66c2-48b7-b87a-5cd451d6f92b,02d4e414-4d66-45e1-a0c4-250577a34c2f,c1,c3,1247,?,x2,
1769471440.5152564,FORWARDED,63b0d121-66c2-48b7-b87a-5cd451d6f92b,02d4e414-4d66-45e1-a0c4-250577a34c2f,c1,c3,1247,?,x2,
1769471440.5318,SENT,008d6053-737a-4a77-a735-4547139a9715,f67a0f5f-c64f-46a3-bff1-73d9c5311d1d,c5,DROP,687,?,x11,
1769471440.5318391,FORWARDED,008d6053-737a-4a77-a735-4547139a9715,f67a0f5f-c64f-46a3-bff1-73d9c5311d1d,c5,DROP,687,?,x11,
1769471440.6466484,SENT,57e50436-2f35-4626-b24b-668c7d471d27,2579f282-e1cd-4ea5-8f3f-cf4272c48919,c1,DROP,686,?,x9,
1769471440.6466877,FORWARDED,57e50436-2f35-4626-b24b-668c7d471d27,2579f282-e1cd-4ea5-8f3f-cf4272c48919,c1,DROP,686,?,x9,
1769471440.6500578,RECEIVED,b56cb71f-5f26-44db-947a-6a593f957697,8c9f7ad4-560e-4b68-a627-7966c30e30bd,c4,DROP,1019,e8,?,
1769471440.8277116,RECEIVED,081d066c-90d5-4426-8428-bacc4ea0d8b6,dca065c6-9344-4f75-84a0-4529bc878678,c1,None,1608,e5,?,
1769471440.8622365,RECEIVED,c0d78406-c4c8-40f8-ab9c-8397f8629d42,d0d19148-56a0-44eb-b4aa-c2a68f961061,c3,DROP,1008,e1,?,
1769471440.8771708,SENT,081d066c-90d5-4426-8428-bacc4ea0d8b6,dca065c6-9344-4f75-84a0-4529bc878678,c1,None,1132,?,x5,
1769471440.877212,FORWARDED,081d066c-90d5-4426-8428-bacc4ea0d8b6,dca065c6-9344-4f75-84a0-4529bc878678,c1,None,1132,?,x5,
1769471440.9769511,RECEIVED,df49f845-fdc3-497f-a3a6-b4018f60d72a,f686eb12-527d-4d56-8535-b0b21d4559e8,c4,DROP,1012,e1,?,
1769471441.0712185,SENT,c0d78406-c4c8-40f8-ab9c-8397f8629d42,d0d19148-56a0-44eb-b4aa-c2a68f961061,c3,DROP,683,?,x8,
1769471441.0712595,FORWARDED,c0d78406-c4c8-40f8-ab9c-8397f8629d42,d0d19148-56a0-44eb-b4aa-c2a68f961061,c3,DROP,683,?,x8,
1769471441.0874274,SENT,df49f845-fdc3-497f-a3a6-b4018f60d72a,f686eb12-527d-4d56-8535-b0b21d4559e8,c4,DROP,687,?,x4,
1769471441.0874677,FORWARDED,df49f845-fdc3-497f-a3a6-b4018f60d72a,f686eb12-527d-4d56-8535-b0b21d4559e8,c4,DROP,687,?,x4,
1769471441.1202002,RECEIVED,35338a74-a27e-4804-b493-08f257ca5b51,0a36cbb2-722f-4380-bfe9-d873197292e5,c3,c1,1763,e2,?,
1769471441.1816044,RECEIVED,f1777620-c6d3-4e00-9637-d6d00b723cda,4b699107-6a20-471a-ba80-016ac3625536,c1,None,1600,e8,?,
1769471441.295091,RECEIVED,cb318a83-962a-48ec-8c17-579c6730713d,4a8d21c9-e115-4c31-84e7-29aade6a8301,c4,DROP,1008,e2,?,
1769471441.383159,SENT,35338a74-a27e-4804-b493-08f257ca5b51,0a36cbb2-722f-4380-bfe9-d873197292e5,c3,c1,1251,?,x4,
1769471441.3831978,FORWARDED,35338a74-a27e-4804-b493-08f257ca5b51,0a36cbb2-722f-4380-bfe9-d873197292e5,c3,c1,1251,?,x4,
1769471441.455001,RECEIVED,6623fa69-5ae0-4fe7-bfe2-633b5f73cc45,4f0bee70-cf48-4473-95db-1999d209d4c2,c5,DROP,1012,e12,?,
1769471441.490414,RECEIVED,085fc644-ca18-4d26-85b1-b471c9a050c0,801cb986-bb5b-4232-9b50-ab184022de92,c1,DROP,1008,e2,?,
1769471441.5527039,RECEIVED,092f1d39-1305-452a-8570-76ad6ced14a9,eb546f07-88b9-4697-aacd-e65f00725b48,c3,DROP,1007,e7,?,
1769471441.5845077,SENT,085fc644-ca18-4d26-85b1-b471c9a050c0,801cb986-bb5b-4232-9b50-ab184022de92,c1,DROP,684,?,x2,
1769471441.5845504,FORWARDED,085fc644-ca18-4d26-85b1-b471c9a050c0,801cb986-bb5b-4232-9b50-ab184022de92,c1,DROP,684,?,x2,
1769471441.6550355,SENT,f1777620-c6d3-4e00-9637-d6d00b723cda,4b699107-6a20-471a-ba80-016ac3625536,c1,None,1127,?,x1,
1769471441.6551363,FORWARDED,f1777620-c6d3-4e00-9637-d6d00b723cda,4b699107-6a20-471a-ba80-016ac3625536,c1,None,1127,?,x1,
1769471441.6652615,SENT,6623fa69-5ae0-4fe7-bfe2-633b5f73cc45,4f0bee70-cf48-4473-95db-1999d209d4c2,c5,DROP,685,?,x3,
1769471441.6653032,FORWARDED,6623fa69-5ae0-4fe7-bfe2-633b5f73cc45,4f0bee70-cf48-4473-95db-1999d209d4c2,c5,DROP,685,?,x3,
1769471441.7140288,RECEIVED,5a570a8e-bd08-4e25-b81c-6dea2b7b774b,3de76083-3041-413b-a641-8f41c17a9406,c4,DROP,1008,e6,?,
1769471441.9614737,RECEIVED,088e759f-b59a-49af-8935-163705c92402,3b05602d-bbc8-49b0-9885-429923e049f3,c2,DROP,1009,e9,?,
1769471442.0277076,RECEIVED,57a4295a-7109-46b9-a3f1-22049ede3e55,b34f20a5-5e55-4973-b35f-cef0b9944ce9,c4,DROP,1008,e8,?,
1769471442.067508,SENT,092f1d39-1305-452a-8570-76ad6ced14a9,eb546f07-88b9-4697-aacd-e65f00725b48,c3,DROP,684,?,x9,
1769471442.0675468,FORWARDED,092f1d39-1305-452a-8570-76ad6ced14a9,eb546f07-88b9-4697-aacd-e65f00725b48,c3,DROP,684,?,x9,
1769471442.0725582,SENT,cb318a83-962a-48ec-8c17-579c6730713d,4a8d21c9-e115-4c31-84e7-29aade6a8301,c4,DROP,684,?,x12,
1769471442.0726006,FORWARDED,cb318a83-962a-48ec-8c17-579c6730713d,4a8d21c9-e115-4c31-84e7-29aade6a8301,c4,DROP,684,?,x12,
1769471442.0964272,SENT,57a4295a-7109-46b9-a3f1-22049ede3e55,b34f20a5-5e55-4973-b35f-cef0b9944ce9,c4,DROP,683,?,x6,
1769471442.096468,FORWARDED,57a4295a-7109-46b9-a3f1-22049ede3e55,b34f20a5-5e55-4973-b35f-cef0b9944ce9,c4,DROP,683,?,x6,
1769471442.156688,SENT,b56cb71f-5f26-44db-947a-6a593f957697,8c9f7ad4-560e-4b68-a627-7966c30e30bd,c4,DROP,692,?,x12,
1769471442.1567316,FORWARDED,b56cb71f-5f26-44db-947a-6a593f957697,8c9f7ad4-560e-4b68-a627-7966c30e30bd,c4,DROP,692,?,x12,
1769471442.203299,SENT,088e759f-b59a-49af-8935-163705c92402,3b05602d-bbc8-49b0-9885-429923e049f3,c2,DROP,683,?,x11,
1769471442.203341,FORWARDED,088e759f-b59a-49af-8935-163705c92402,3b05602d-bbc8-49b0-9885-429923e049f3,c2,DROP,683,?,x11,
1769471442.2673879,RECEIVED,e6dc501d-78f6-43bc-afe5-a3eefebfaa2f,39a88d9c-27b8-46f7-811f-8a44b51f4e32,c3,DROP,1007,e12,?,
1769471442.2796829,RECEIVED,6d9ec818-f4ea-424d-b72c-b40d6e2a5c34,7e42fce3-b287-4f88-8f9e-0d0d905549ae,c4,DROP,1012,e12,?,
1769471442.3690364,SENT,6d9ec818-f4ea-424d-b72c-b40d6e2a5c34,7e42fce3-b287-4f88-8f9e-0d0d905549ae,c4,DROP,685,?,x9,
1769471442.3690946,FORWARDED,6d9ec818-f4ea-424d-b72c-b40d6e2a5c34,7e42fce3-b287-4f88-8f9e-0d0d905549ae,c4,DROP,685,?,x9,
1769471442.3795817,RECEIVED,5ce4e046-e2e4-449c-aa0f-13105ed401a8,8465b73b-86d7-40da-a685-844ddeab0f96,c5,DROP,441,x1,?,
1769471442.5393245,RECEIVED,6bb96a4c-54fc-4b79-b6b9-77d0cce58c4d,2e879f12-70bb-4e71-a857-f4d4012b1ee7,c3,DROP,1016,e1,?,
1769471442.5612092,SENT,e6dc501d-78f6-43bc-afe5-a3eefebfaa2f,39a88d9c-27b8-46f7-811f-8a44b51f4e32,c3,DROP,684,?,x1,
1769471442.5612493,FORWARDED,e6dc501d-78f6-43bc-afe5-a3eefebfaa2f,39a88d9c-27b8-46f7-811f-8a44b51f4e32,c3,DROP,684,?,x1,
1769471442.621924,SENT,6bb96a4c-54fc-4b79-b6b9-77d0cce58c4d,2e879f12-70bb-4e71-a857-f4d4012b1ee7,c3,DROP,688,?,x1,
1769471442.621967,FORWARDED,6bb96a4c-54fc-4b79-b6b9-77d0cce58c4d,2e879f12-70bb-4e71-a857-f4d4012b1ee7,c3,DROP,688,?,x1,
1769471442.635439,RECEIVED,5fd456fd-b37d-43b1-a334-f4dd72e218ac,405bd691-ea4f-41ca-a6e8-45aa9c0820e4,c4,DROP,1007,e9,?,
1769471442.9026585,RECEIVED,90f6f719-6eb2-41cd-a204-9e0af4b51b94,b9332576-072d-4d13-8a11-3a50fafbd9d4,c3,DROP,1015,e2,?,
1769471442.9739592,RECEIVED,6aa92cc2-68cb-4feb-a91f-19df854a30cc,4edbc5de-684a-4376-b08d-7339c178ca8c,c3,DROP,1011,e3,?,
1769471443.0273042,RECEIVED,422966d0-b0f0-4ada-97f0-1f3ca1bebf00,670579bf-6dd3-4ac7-9f38-61512ffa05e0,c1,None,1613,e10,?,
1769471443.0512848,RECEIVED,e24d7970-888f-4b3f-9195-7fc8714fd0bc,43c05811-aa09-4c4b-952d-5d2bba6e75ca,c3,c1,1774,e4,?,
1769471443.153418,SENT,5fd456fd-b37d-43b1-a334-f4dd72e218ac,405bd691-ea4f-41ca-a6e8-45aa9c0820e4,c4,DROP,683,?,x2,
1769471443.1534612,FORWARDED,5fd456fd-b37d-43b1-a334-f4dd72e218ac,405bd691-ea4f-41ca-a6e8-45aa9c0820e4,c4,DROP,683,?,x2,
1769471443.2548978,SENT,6aa92cc2-68cb-4feb-a91f-19df854a30cc,4edbc5de-684a-4376-b08d-7339c178ca8c,c3,DROP,686,?,x1,
1769471443.2549381,FORWARDED,6aa92cc2-68cb-4feb-a91f-19df854a30cc,4edbc5de-684a-4376-b08d-7339c178ca8c,c3,DROP,686,?,x1,
1769471443.2672489,SENT,e24d7970-888f-4b3f-9195-7fc8714fd0bc,43c05811-aa09-4c4b-952d-5d2bba6e75ca,c3,c1,1258,?,x8,
1769471443.267288,FORWARDED,e24d7970-888f-4b3f-9195-7fc8714fd0bc,43c05811-aa09-4c4b-952d-5d2bba6e75ca,c3,c1,1258,?,x8,
1769471443.3656828,SENT,422966d0-b0f0-4ada-97f0-1f3ca1bebf00,670579bf-6dd3-4ac7-9f38-61512ffa05e0,c1,None,1135,?,x12,
1769471443.3657267,FORWARDED,422966d0-b0f0-4ada-97f0-1f3ca1bebf00,670579bf-6dd3-4ac7-9f38-61512ffa05e0,c1,None,1135,?,x12,
1769471443.4087338,SENT,5a570a8e-bd08-4e25-b81c-6dea2b7b774b,3de76083-3041-413b-a641-8f41c17a9406,c4,DROP,683,?,x11,
1769471443.4087756,FORWARDED,5a570a8e-bd08-4e25-b81c-6dea2b7b774b,3de76083-3041-413b-a641-8f41c17a9406,c4,DROP,683,?,x11,
1769471443.4754694,SENT,90f6f719-6eb2-41cd-a204-9e0af4b51b94,b9332576-072d-4d13-8a11-3a50fafbd9d4,c3,DROP,688,?,x8,
1769471443.4755566,FORWARDED,90f6f719-6eb2-41cd-a204-9e0af4b51b94,b9332576-072d-4d13-8a11-3a50fafbd9d4,c3,DROP,688,?,x8,
1769471443.5125,SENT,7da57645-8440-4740-b56c-d415cd48c9d5,4031e108-3805-428c-aa72-7a6ab059c86d,c4,None,1123,?,x3,
1769471443.512542,FORWARDED,7da57645-8440-4740-b56c-d415cd48c9d5,4031e108-3805-428c-aa72-7a6ab059c86d,c4,None,1123,?,x3,
1769471443.6690323,RECEIVED,10f62a40-41e3-4505-b2a4-6ff74c513de2,2503cee3-1a7b-472c-918b-e0000f9c7cc2,c3,DROP,1009,e9,?,
1769471443.6781902,SENT,10f62a40-41e3-4505-b2a4-6ff74c513de2,2503cee3-1a7b-472c-918b-e0000f9c7cc2,c3,DROP,683,?,x8,
1769471443.6782343,FORWARDED,10f62a40-41e3-4505-b2a4-6ff74c513de2,2503cee3-1a7b-472c-918b-e0000f9c7cc2,c3,DROP,683,?,x8,
1769471444.1007087,RECEIVED,aea9da8f-6ace-4689-9126-6244a696cf52,4333c923-2481-487e-8fd5-6dac4e7bebaf,c4,DROP,1015,e9,?,
1769471444.433804,RECEIVED,88f2d07d-f4cc-4eab-9cc6-ca2e0d5eb82e,b1d186ec-2701-41f4-9c83-1423d7faf7d5,c1,DROP,441,x10,?,
1769471444.8482661,RECEIVED,d8773ee1-8bd5-479a-b9cb-c45ede6ac156,20c67bd1-569f-418e-9856-670fe5c00f36,c4,None,1600,e6,?,
1769471444.9320238,SENT,d8773ee1-8bd5-479a-b9cb-c45ede6ac156,20c67bd1-569f-418e-9856-670fe5c00f36,c4,None,1127,?,x5,
1769471444.9320745,FORWARDED,d8773ee1-8bd5-479a-b9cb-c45ede6ac156,20c67bd1-569f-418e-9856-670fe5c00f36,c4,None,1127,?,x5,
1769471445.4292283,SENT,aea9da8f-6ace-4689-9126-6244a696cf52,4333c923-2481-487e-8fd5-6dac4e7bebaf,c4,DROP,688,?,x6,
1769471445.4292667,FORWARDED,aea9da8f-6ace-4689-9126-6244a696cf52,4333c923-2481-487e-8fd5-6dac4e7bebaf,c4,DROP,688,?,x6,
1769471445.5190854,RECEIVED,cbd206ae-4758-4073-9b99-139eebc6c882,d065d0da-1222-494d-8626-6b875cdceff9,c3,DROP,1009,e7,?,
1769471445.5774257,SENT,cbd206ae-4758-4073-9b99-139eebc6c882,d065d0da-1222-494d-8626-6b875cdceff9,c3,DROP,683,?,x9,
1769471445.5774682,FORWARDED,cbd206ae-4758-4073-9b99-139eebc6c882,d065d0da-1222-494d-8626-6b875cdceff9,c3,DROP,683,?,x9,
1769471445.6803923,RECEIVED,0ce3b85a-1d0a-426e-9ac8-f17a27783674,f9b17189-0fb9-47be-9f4d-e9b4dbc5d2e6,c4,None,1608,e7,?,
1769471445.7285764,RECEIVED,e9c6d56e-0b9d-46bd-bcf6-957e12f0c113,3475ffc9-76ca-40d3-a22b-24baaf577c17,c1,DROP,1008,e1,?,
1769471445.8679476,SENT,e9c6d56e-0b9d-46bd-bcf6-957e12f0c113,3475ffc9-76ca-40d3-a22b-24baaf577c17,c1,DROP,684,?,x4,
1769471445.8679879,FORWARDED,e9c6d56e-0b9d-46bd-bcf6-957e12f0c113,3475ffc9-76ca-40d3-a22b-24baaf577c17,c1,DROP,684,?,x4,
1769471445.979448,RECEIVED,210ac761-e2ed-4e7a-a7b8-7ff549c8c91d,d5153e9c-5040-4af6-b27d-7d79f6826771,c3,c1,1781,e10,?,
1769471446.1188283,RECEIVED,9ded01ed-a61c-4902-8df6-fcac720c60d6,c173c8e6-7567-40f9-a31d-3b63cbec8cec,c4,DROP,442,x4,?,
1769471446.1742308,SENT,0ce3b85a-1d0a-426e-9ac8-f17a27783674,f9b17189-0fb9-47be-9f4d-e9b4dbc5d2e6,c4,None,1132,?,x1,
1769471446.174273,FORWARDED,0ce3b85a-1d0a-426e-9ac8-f17a27783674,f9b17189-0fb9-47be-9f4d-e9b4dbc5d2e6,c4,None,1132,?,x1,
1769471446.1815257,RECEIVED,cba1ad24-6196-4151-ae2c-bb33603613dd,97afb5b5-3c95-4d28-a972-9c56fb6710f8,c1,DROP,1015,e3,?,
1769471446.2734787,RECEIVED,42be0ad2-210f-4c7d-be85-fc4717ac9c93,df3c0037-6126-49b3-9928-26b8d41f9266,c3,DROP,1003,e7,?,
1769471446.3745298,RECEIVED,58b8f3db-aadb-4f25-b5cc-75878baf2bda,afcae2f2-1319-43f5-9c7c-fc8eac5bcbfe,c5,DROP,1004,e9,?,
1769471446.4662292,SENT,210ac761-e2ed-4e7a-a7b8-7ff549c8c91d,d5153e9c-5040-4af6-b27d-7d79f6826771,c3,c1,1263,?,x11,
1769471446.4662702,FORWARDED,210ac761-e2ed-4e7a-a7b8-7ff549c8c91d,d5153e9c-5040-4af6-b27d-7d79f6826771,c3,c1,1263,?,x11,
1769471446.517168,RECEIVED,0585a290-860c-4f6f-a257-593e9c3b5254,9cd12b67-2c57-4e00-a57d-99cca80979f8,c2,DROP,1013,e1,?,
1769471446.5672262,SENT,0585a290-860c-4f6f-a257-593e9c3b5254,9cd12b67-2c57-4e00-a57d-99cca80979f8,c2,DROP,685,?,x3,
1769471446.5672672,FORWARDED,0585a290-860c-4f6f-a257-593e9c3b5254,9cd12b67-2c57-4e00-a57d-99cca80979f8,c2,DROP,685,?,x3,
1769471446.570953,SENT,58b8f3db-aadb-4f25-b5cc-75878baf2bda,afcae2f2-1319-43f5-9c7c-fc8eac5bcbfe,c5,DROP,680,?,x1,
1769471446.5709941,FORWARDED,58b8f3db-aadb-4f25-b5cc-75878baf2bda,afcae2f2-1319-43f5-9c7c-fc8eac5bcbfe,c5,DROP,680,?,x1,
1769471446.652604,SENT,42be0ad2-210f-4c7d-be85-fc4717ac9c93,df3c0037-6126-49b3-9928-26b8d41f9266,c3,DROP,679,?,x1,
1769471446.6526456,FORWARDED,42be0ad2-210f-4c7d-be85-fc4717ac9c93,df3c0037-6126-49b3-9928-26b8d41f9266,c3,DROP,679,?,x1,
1769471446.7682207,RECEIVED,fa669406-4ff2-4535-a0fc-bcf2e7c1113f,ed7a642f-5c3f-4e6d-a788-4ed2f614751f,c5,DROP,1015,e10,?,
1769471447.032153,RECEIVED,cd1f7f33-840c-4b85-ad78-9b631dc95e4e,dd727e4d-0e5d-4122-971d-064d40eec541,c2,c4,1773,e1,?,
1769471447.1062288,RECEIVED,65b53ad4-597a-441a-b0ca-a209f8b1cbd7,6f3425b6-373b-4d44-96ac-f8f3e3cdf3ad,c2,DROP,1007,e1,?,
1769471447.1473093,RECEIVED,d07c29ef-2198-4371-b1d5-b40295eb1478,ab704e39-7e2b-49eb-8e91-203695190c21,c2,DROP,1006,e11,?,
1769471447.181644,RECEIVED,d267339d-dcb0-416c-8203-54113d271e0e,16dc4b89-0192-422a-9921-7a7f38047794,c3,None,1592,e1,?,
1769471447.2742736,SENT,fa669406-4ff2-4535-a0fc-bcf2e7c1113f,ed7a642f-5c3f-4e6d-a788-4ed2f614751f,c5,DROP,688,?,x3,
1769471447.2743118,FORWARDED,fa669406-4ff2-4535-a0fc-bcf2e7c1113f,ed7a642f-5c3f-4e6d-a788-4ed2f614751f,c5,DROP,688,?,x3,
1769471447.2915843,SENT,cd1f7f33-840c-4b85-ad78-9b631dc95e4e,dd727e4d-0e5d-4122-971d-064d40eec541,c2,c4,1256,?,x12,
1769471447.2916253,FORWARDED,cd1f7f33-840c-4b85-ad78-9b631dc95e4e,dd727e4d-0e5d-4122-971d-064d40eec541,c2,c4,1256,?,x12,
1769471447.317191,SENT,cba1ad24-6196-4151-ae2c-bb33603613dd,97afb5b5-3c95-4d28-a972-9c56fb6710f8,c1,DROP,689,?,x1,
1769471447.3172317,FORWARDED,cba1ad24-6196-4151-ae2c-bb33603613dd,97afb5b5-3c95-4d28-a972-9c56fb6710f8,c1,DROP,689,?,x1,
1769471447.4065993,SENT,d267339d-dcb0-416c-8203-54113d271e0e,16dc4b89-0192-422a-9921-7a7f38047794,c3,None,1122,?,x3,
1769471447.406642,FORWARDED,d267339d-dcb0-416c-8203-54113d271e0e,16dc4b89-0192-422a-9921-7a7f38047794,c3,None,1122,?,x3,
1769471447.421441,RECEIVED,46672094-a95e-46da-911e-0ee69e50e9ef,18687593-e8c2-4508-bfde-cb9625f4fcfb,c1,DROP,1008,e3,?,
1769471447.4579654,SENT,d07c29ef-2198-4371-b1d5-b40295eb1478,ab704e39-7e2b-49eb-8e91-203695190c21,c2,DROP,684,?,x2,
1769471447.458007,FORWARDED,d07c29ef-2198-4371-b1d5-b40295eb1478,ab704e39-7e2b-49eb-8e91-203695190c21,c2,DROP,684,?,x2,
1769471447.469439,SENT,65b53ad4-597a-441a-b0ca-a209f8b1cbd7,6f3425b6-373b-4d44-96ac-f8f3e3cdf3ad,c2,DROP,684,?,x9,
1769471447.4694803,FORWARDED,65b53ad4-597a-441a-b0ca-a209f8b1cbd7,6f3425b6-373b-4d44-96ac-f8f3e3cdf3ad,c2,DROP,684,?,x9,
1769471447.6315296,RECEIVED,4e6cb517-1096-462e-955f-1c6251a38d38,e81d6ccb-9083-4144-b7f9-25476fbc734a,c1,DROP,1005,e3,?,
1769471447.6757615,SENT,4e6cb517-1096-462e-955f-1c6251a38d38,e81d6ccb-9083-4144-b7f9-25476fbc734a,c1,DROP,681,?,x12,
1769471447.6758032,FORWARDED,4e6cb517-1096-462e-955f-1c6251a38d38,e81d6ccb-9083-4144-b7f9-25476fbc734a,c1,DROP,681,?,x12,
1769471447.7735953,SENT,46672094-a95e-46da-911e-0ee69e50e9ef,18687593-e8c2-4508-bfde-cb9625f4fcfb,c1,DROP,682,?,x11,
1769471447.7736366,FORWARDED,46672094-a95e-46da-911e-0ee69e50e9ef,18687593-e8c2-4508-bfde-cb9625f4fcfb,c1,DROP,682,?,x11,
1769471447.7884214,RECEIVED,0671fdd0-4d77-47e6-911a-529754ac7b26,fb111e6f-b2fb-4394-983c-c5cb535aea38,c5,DROP,441,x7,?,
1769471447.8323612,RECEIVED,8b27db2f-ea08-4e11-9c4a-a715a936a120,45086b2f-982c-4470-890f-41b1f5851312,c2,DROP,1014,e4,?,
1769471447.9124305,RECEIVED,a4322691-5905-49bc-a744-92bd3c2d8082,90bcdf22-be98-4d5a-9041-a65d22868fae,c1,c3,1771,e9,?,
1769471448.171002,SENT,a4322691-5905-49bc-a744-92bd3c2d8082,90bcdf22-be98-4d5a-9041-a65d22868fae,c1,c3,1255,?,x1,
1769471448.1710663,FORWARDED,a4322691-5905-49bc-a744-92bd3c2d8082,90bcdf22-be98-4d5a-9041-a65d22868fae,c1,c3,1255,?,x1,
1769471448.1942232,RECEIVED,2bda2d9c-b3c5-4094-bd4c-effd296dff66,48c1f7b6-769a-4a24-ba42-6ee4ed0cd690,c3,DROP,1006,e1,?,
1769471448.1988692,RECEIVED,11ee7bbc-7692-4914-8c5b-a7ad9133ef90,b5c7e27b-fd05-4d28-ba5d-0b13da3c3931,c5,DROP,1007,e3,?,
1769471448.2120328,RECEIVED,376597ac-60e7-4e9f-bdee-55d2f1ae0246,0b197e99-37e2-42f3-b356-fd4d8fbc6b8a,c2,DROP,1021,e12,?,
1769471448.2842593,SENT,376597ac-60e7-4e9f-bdee-55d2f1ae0246,0b197e99-37e2-42f3-b356-fd4d8fbc6b8a,c2,DROP,693,?,x10,
1769471448.284299,FORWARDED,376597ac-60e7-4e9f-bdee-55d2f1ae0246,0b197e99-37e2-42f3-b356-fd4d8fbc6b8a,c2,DROP,693,?,x10,
1769471448.2906477,RECEIVED,73d20d8f-b687-48c9-8e9b-0d577848cb11,04e76601-4ebe-495e-b66b-26deb04a5815,c4,DROP,1007,e9,?,
1769471448.4056957,RECEIVED,de3365e1-be7b-4a5b-bf4f-354d92eeb21f,3b9288f3-a1a5-4576-9de0-3d355f96f1c6,c2,DROP,1012,e11,?,
1769471448.5709088,RECEIVED,dd45a858-7146-44d1-a867-aafb20613bdb,4cf120fb-a290-4ee7-801b-68e25df2a6cb,c1,c3,1787,e10,?,
1769471448.5793135,RECEIVED,a35fd573-2e52-4bfb-8e69-9c57c9d79cbe,c9614d74-844b-4298-a3e0-e0d3e92c893e,c3,DROP,1008,e12,?,
1769471448.6362624,SENT,dd45a858-7146-44d1-a867-aafb20613bdb,4cf120fb-a290-4ee7-801b-68e25df2a6cb,c1,c3,1265,?,x10,
1769471448.6363046,FORWARDED,dd45a858-7146-44d1-a867-aafb20613bdb,4cf120fb-a290-4ee7-801b-68e25df2a6cb,c1,c3,1265,?,x10,
1769471448.6837711,SENT,11ee7bbc-7692-4914-8c5b-a7ad9133ef90,b5c7e27b-fd05-4d28-ba5d-0b13da3c3931,c5,DROP,683,?,x2,
1769471448.6838121,FORWARDED,11ee7bbc-7692-4914-8c5b-a7ad9133ef90,b5c7e27b-fd05-4d28-ba5d-0b13da3c3931,c5,DROP,683,?,x2,
1769471448.7399952,SENT,2bda2d9c-b3c5-4094-bd4c-effd296dff66,48c1f7b6-769a-4a24-ba42-6ee4ed0cd690,c3,DROP,683,?,x2,
1769471448.7400327,FORWARDED,2bda2d9c-b3c5-4094-bd4c-effd296dff66,48c1f7b6-769a-4a24-ba42-6ee4ed0cd690,c3,DROP,683,?,x2,
1769471448.7748382,SENT,a35fd573-2e52-4bfb-8e69-9c57c9d79cbe,c9614d74-844b-4298-a3e0-e0d3e92c893e,c3,DROP,684,?,x1,
1769471448.7748826,FORWARDED,a35fd573-2e52-4bfb-8e69-9c57c9d79cbe,c9614d74-844b-4298-a3e0-e0d3e92c893e,c3,DROP,684,?,x1,
1769471448.8230996,RECEIVED,9a951376-90b8-4c02-bcf6-3006e28c2aa0,f5c8502d-34cb-49a6-9c28-b36e96bb0f8b,c1,DROP,1008,e5,?,
1769471448.8250003,RECEIVED,bbc45867-24d0-44f5-a3b7-e088fb5a0efa,8bb0c562-567d-4663-868d-f0f8faac4fd7,c4,DROP,1011,e12,?,
1769471448.825775,SENT,73d20d8f-b687-48c9-8e9b-0d577848cb11,04e76601-4ebe-495e-b66b-26deb04a5815,c4,DROP,682,?,x11,
1769471448.8258123,FORWARDED,73d20d8f-b687-48c9-8e9b-0d577848cb11,04e76601-4ebe-495e-b66b-26deb04a5815,c4,DROP,682,?,x11,
1769471448.898385,RECEIVED,941af0ce-fbe1-407f-a0f3-e0a37caccddd,3a3cb72c-81ae-438e-a9c7-bde13e9da845,c2,DROP,441,x11,?,
1769471448.9361184,RECEIVED,21d58ef4-9578-403b-a9e0-a4c63c333212,df1e1f37-4fa3-4626-be4f-d1337004406a,c5,DROP,1011,e6,?,
1769471448.939198,RECEIVED,6b06a45f-91c9-4620-8110-d86b39ed7cfc,d6afbf41-d758-4ed9-9a0f-05dd03ec27f8,c2,DROP,443,x7,?,
1769471448.9858766,SENT,de3365e1-be7b-4a5b-bf4f-354d92eeb21f,3b9288f3-a1a5-4576-9de0-3d355f96f1c6,c2,DROP,687,?,x12,
1769471448.985918,FORWARDED,de3365e1-be7b-4a5b-bf4f-354d92eeb21f,3b9288f3-a1a5-4576-9de0-3d355f96f1c6,c2,DROP,687,?,x12,
1769471449.0292978,SENT,9a951376-90b8-4c02-bcf6-3006e28c2aa0,f5c8502d-34cb-49a6-9c28-b36e96bb0f8b,c1,DROP,683,?,x11,
1769471449.0293412,FORWARDED,9a951376-90b8-4c02-bcf6-3006e28c2aa0,f5c8502d-34cb-49a6-9c28-b36e96bb0f8b,c1,DROP,683,?,x11,
1769471449.1651819,RECEIVED,83d53cc1-4d4b-4e77-8a1b-627dcfb0b804,fe37070b-b50a-4d77-b077-e1305edbb63b,c5,c1,1784,e12,?,
1769471449.1722474,RECEIVED,620b1cda-2da0-4dd5-91d6-4623b21040ba,40a78725-1c60-4226-88a3-0ac05719c004,c1,DROP,1020,e11,?,
1769471449.261124,RECEIVED,00025173-11e2-48bf-8e33-719f824f1967,28eb0ca0-33e4-43bd-b5a7-2d9a1360f7ba,c5,DROP,1010,e2,?,
1769471449.3466077,RECEIVED,ed788e48-5a26-4c44-8871-105c3edf1211,640f8160-df92-4fe8-b650-b82fe822805a,c3,c1,1777,e4,?,
1769471449.3775856,SENT,21d58ef4-9578-403b-a9e0-a4c63c333212,df1e1f37-4fa3-4626-be4f-d1337004406a,c5,DROP,685,?,x4,
1769471449.3776224,FORWARDED,21d58ef4-9578-403b-a9e0-a4c63c333212,df1e1f37-4fa3-4626-be4f-d1337004406a,c5,DROP,685,?,x4,
1769471449.5176823,SENT,ed788e48-5a26-4c44-8871-105c3edf1211,640f8160-df92-4fe8-b650-b82fe822805a,c3,c1,1260,?,x11,
1769471449.519074,FORWARDED,ed788e48-5a26-4c44-8871-105c3edf1211,640f8160-df92-4fe8-b650-b82fe822805a,c3,c1,1260,?,x11,
1769471449.5312734,RECEIVED,03e02131-a13f-4231-83fd-0907bb7478de,da97ea4c-4a1b-420e-9e34-cdc97398a5a7,c5,DROP,1007,e12,?,
1769471449.6313958,RECEIVED,e953329f-342f-44e8-9bae-f4d960f4f2e1,5ac434ec-b2e0-449d-a15d-7bf551c4d20b,c3,c1,1779,e5,?,
1769471449.642166,RECEIVED,7e30f554-d5c8-4271-be46-7d0fc291c694,15e2e61a-f39a-45ae-8866-115d4e01e1c2,c3,None,1607,e4,?,
1769471449.6833808,RECEIVED,ba1b19ce-37f3-467f-bea8-97c58e5ecbe4,2f5f197e-a25c-42cb-8588-ef1fccd20fe5,c1,DROP,1016,e3,?,
1769471449.7340603,SENT,03e02131-a13f-4231-83fd-0907bb7478de,da97ea4c-4a1b-420e-9e34-cdc97398a5a7,c5,DROP,683,?,x4,
1769471449.734106,FORWARDED,03e02131-a13f-4231-83fd-0907bb7478de,da97ea4c-4a1b-420e-9e34-cdc97398a5a7,c5,DROP,683,?,x4,
1769471449.7429867,SENT,bbc45867-24d0-44f5-a3b7-e088fb5a0efa,8bb0c562-567d-4663-868d-f0f8faac4fd7,c4,DROP,687,?,x1,
1769471449.7430243,FORWARDED,bbc45867-24d0-44f5-a3b7-e088fb5a0efa,8bb0c562-567d-4663-868d-f0f8faac4fd7,c4,DROP,687,?,x1,
1769471449.764892,RECEIVED,30c6efdc-2e0a-4836-8377-712d6c2bb70c,6da585e3-aa11-4ef5-91d5-788fad2c5471,c5,DROP,1011,e2,?,
1769471449.8567214,SENT,ba1b19ce-37f3-467f-bea8-97c58e5ecbe4,2f5f197e-a25c-42cb-8588-ef1fccd20fe5,c1,DROP,688,?,x7,
1769471449.8567638,FORWARDED,ba1b19ce-37f3-467f-bea8-97c58e5ecbe4,2f5f197e-a25c-42cb-8588-ef1fccd20fe5,c1,DROP,688,?,x7,
1769471449.9482572,SENT,83d53cc1-4d4b-4e77-8a1b-627dcfb0b804,fe37070b-b50a-4d77-b077-e1305edbb63b,c5,c1,1264,?,x10,
1769471449.9482934,FORWARDED,83d53cc1-4d4b-4e77-8a1b-627dcfb0b804,fe37070b-b50a-4d77-b077-e1305edbb63b,c5,c1,1264,?,x10,
1769471449.9591804,SENT,7e30f554-d5c8-4271-be46-7d0fc291c694,15e2e61a-f39a-45ae-8866-115d4e01e1c2,c3,None,1133,?,x2,
1769471449.959221,FORWARDED,7e30f554-d5c8-4271-be46-7d0fc291c694,15e2e61a-f39a-45ae-8866-115d4e01e1c2,c3,None,1133,?,x2,
1769471450.0464783,SENT,30c6efdc-2e0a-4836-8377-712d6c2bb70c,6da585e3-aa11-4ef5-91d5-788fad2c5471,c5,DROP,687,?,x9,
1769471450.04652,FORWARDED,30c6efdc-2e0a-4836-8377-712d6c2bb70c,6da585e3-aa11-4ef5-91d5-788fad2c5471,c5,DROP,687,?,x9,
1769471450.1056788,SENT,620b1cda-2da0-4dd5-91d6-4623b21040ba,40a78725-1c60-4226-88a3-0ac05719c004,c1,DROP,693,?,x10,
1769471450.1057205,FORWARDED,620b1cda-2da0-4dd5-91d6-4623b21040ba,40a78725-1c60-4226-88a3-0ac05719c004,c1,DROP,693,?,x10,
1769471450.1602411,SENT,8b27db2f-ea08-4e11-9c4a-a715a936a120,45086b2f-982c-4470-890f-41b1f5851312,c2,DROP,689,?,x11,
1769471450.160281,FORWARDED,8b27db2f-ea08-4e11-9c4a-a715a936a120,45086b2f-982c-4470-890f-41b1f5851312,c2,DROP,689,?,x11,
1769471450.2177706,SENT,00025173-11e2-48bf-8e33-719f824f1967,28eb0ca0-33e4-43bd-b5a7-2d9a1360f7ba,c5,DROP,687,?,x3,
1769471450.2178068,FORWARDED,00025173-11e2-48bf-8e33-719f824f1967,28eb0ca0-33e4-43bd-b5a7-2d9a1360f7ba,c5,DROP,687,?,x3,
1769471450.2405055,RECEIVED,7f827fa9-5caa-4594-9135-dd5651ca81e9,5038b3d0-6900-4b6a-9c11-5f5694be9224,c1,DROP,441,x8,?,
1769471450.3841603,RECEIVED,9e90cac4-af74-4bf6-b02d-a530edfbb832,4124125f-2c31-4b2f-866e-f63eb2550be3,c3,c1,1766,e3,?,
1769471450.6197011,RECEIVED,e721fba8-4726-49a3-9820-8aca0483a2fc,2c517b2c-1db1-479b-804e-09a8cd119e85,c1,DROP,1011,e6,?,
1769471450.6278293,RECEIVED,b99feef2-8d33-4fe7-a87d-578d8fd93012,3ac07f69-b54c-4463-9c71-165338f10191,c3,DROP,1007,e3,?,
1769471450.6391203,SENT,9e90cac4-af74-4bf6-b02d-a530edfbb832,4124125f-2c31-4b2f-866e-f63eb2550be3,c3,c1,1253,?,x6,
1769471450.639163,FORWARDED,9e90cac4-af74-4bf6-b02d-a530edfbb832,4124125f-2c31-4b2f-866e-f63eb2550be3,c3,c1,1253,?,x6,
1769471450.674393,RECEIVED,a03fc15f-35df-4449-b812-f112c15017ee,fb33c2ed-ded6-49a8-b5be-5c1b8d59e590,c2,DROP,1012,e4,?,
1769471450.80235,RECEIVED,b0139806-6c66-4be8-b7ff-7be2a01ce9a9,0aa076bf-e3f9-4e1e-baa7-869185a13dc0,c3,DROP,1016,e8,?,
1769471450.8232734,SENT,e721fba8-4726-49a3-9820-8aca0483a2fc,2c517b2c-1db1-479b-804e-09a8cd119e85,c1,DROP,687,?,x2,
1769471450.8233132,FORWARDED,e721fba8-4726-49a3-9820-8aca0483a2fc,2c517b2c-1db1-479b-804e-09a8cd119e85,c1,DROP,687,?,x2,
1769471450.869758,SENT,a03fc15f-35df-4449-b812-f112c15017ee,fb33c2ed-ded6-49a8-b5be-5c1b8d59e590,c2,DROP,687,?,x3,
1769471450.8697991,FORWARDED,a03fc15f-35df-4449-b812-f112c15017ee,fb33c2ed-ded6-49a8-b5be-5c1b8d59e590,c2,DROP,687,?,x3,
1769471450.9791207,SENT,b0139806-6c66-4be8-b7ff-7be2a01ce9a9,0aa076bf-e3f9-4e1e-baa7-869185a13dc0,c3,DROP,688,?,x9,
1769471450.979157,FORWARDED,b0139806-6c66-4be8-b7ff-7be2a01ce9a9,0aa076bf-e3f9-4e1e-baa7-869185a13dc0,c3,DROP,688,?,x9,
1769471451.104826,RECEIVED,080da728-07c2-470a-be0d-e0c7ce0cb285,e97e82fe-d807-4cb5-84b1-93e6fecb6966,c5,DROP,1007,e8,?,
1769471451.2003613,RECEIVED,1652f7a6-9e06-4c5b-92ff-671a7ac6285f,da7bad57-48d5-4714-8479-57cce65bae93,c5,c1,1772,e7,?,
1769471451.2731433,SENT,e953329f-342f-44e8-9bae-f4d960f4f2e1,5ac434ec-b2e0-449d-a15d-7bf551c4d20b,c3,c1,1263,?,x6,
1769471451.2731917,FORWARDED,e953329f-342f-44e8-9bae-f4d960f4f2e1,5ac434ec-b2e0-449d-a15d-7bf551c4d20b,c3,c1,1263,?,x6,
1769471451.3009963,SENT,b99feef2-8d33-4fe7-a87d-578d8fd93012,3ac07f69-b54c-4463-9c71-165338f10191,c3,DROP,682,?,x2,
1769471451.301284,FORWARDED,b99feef2-8d33-4fe7-a87d-578d8fd93012,3ac07f69-b54c-4463-9c71-165338f10191,c3,DROP,682,?,x2,
1769471451.427696,SENT,080da728-07c2-470a-be0d-e0c7ce0cb285,e97e82fe-d807-4cb5-84b1-93e6fecb6966,c5,DROP,684,?,x3,
1769471451.4277399,FORWARDED,080da728-07c2-470a-be0d-e0c7ce0cb285,e97e82fe-d807-4cb5-84b1-93e6fecb6966,c5,DROP,684,?,x3,
1769471451.4740798,RECEIVED,92ee5616-87f0-43a6-a1d1-2a89c70642b9,064d4888-8e02-440e-b6df-76c703ae9875,c1,c3,1772,e3,?,
1769471451.5282733,RECEIVED,2c766731-63d5-4101-8f58-7c89d5d64b18,125de344-4a6d-41d7-a036-3ff4021bb1b1,c1,None,1609,e10,?,
1769471451.5657148,SENT,1652f7a6-9e06-4c5b-92ff-671a7ac6285f,da7bad57-48d5-4714-8479-57cce65bae93,c5,c1,1255,?,x6,
1769471451.5657554,FORWARDED,1652f7a6-9e06-4c5b-92ff-671a7ac6285f,da7bad57-48d5-4714-8479-57cce65bae93,c5,c1,1255,?,x6,
1769471451.6076279,SENT,2c766731-63d5-4101-8f58-7c89d5d64b18,125de344-4a6d-41d7-a036-3ff4021bb1b1,c1,None,1134,?,x12,
1769471451.6076686,FORWARDED,2c766731-63d5-4101-8f58-7c89d5d64b18,125de344-4a6d-41d7-a036-3ff4021bb1b1,c1,None,1134,?,x12,
1769471451.616134,SENT,92ee5616-87f0-43a6-a1d1-2a89c70642b9,064d4888-8e02-440e-b6df-76c703ae9875,c1,c3,1255,?,x4,
1769471451.6161788,FORWARDED,92ee5616-87f0-43a6-a1d1-2a89c70642b9,064d4888-8e02-440e-b6df-76c703ae9875,c1,c3,1255,?,x4,
1769471451.833666,RECEIVED,5a116428-3dc0-46bc-8c53-ba85ae2fdbf6,f2f5a179-3bcf-47fa-81e8-e6f82834154c,c5,DROP,1013,e5,?,
1769471451.950889,RECEIVED,ddb784c3-0836-4fc4-96c6-4d5a308de342,c169abe9-1462-43cc-a4c6-416d966a369c,c1,DROP,1012,e7,?,
1769471452.268807,SENT,5a116428-3dc0-46bc-8c53-ba85ae2fdbf6,f2f5a179-3bcf-47fa-81e8-e6f82834154c,c5,DROP,687,?,x10,
1769471452.2688484,FORWARDED,5a116428-3dc0-46bc-8c53-ba85ae2fdbf6,f2f5a179-3bcf-47fa-81e8-e6f82834154c,c5,DROP,687,?,x10,
1769471452.284737,RECEIVED,eca11f92-4aaf-4f81-9052-a174b2a087c4,e1f27279-25c0-4fd4-a8e9-7f48a319aa5d,c3,DROP,1017,e3,?,
1769471452.297202,RECEIVED,74753b5f-46ed-433e-92cd-83f8659e75f4,b3d10dc0-5384-47c8-a8eb-0aad25226f41,c4,DROP,1016,e11,?,
1769471452.3211722,RECEIVED,dc0cafbf-9e5a-491f-8951-2e8ffca18066,e5da79f6-a667-4a81-a13b-3aeb727b88bf,c3,DROP,1007,e8,?,
1769471452.366634,RECEIVED,bc0542f8-7982-4ae5-a31f-d806da030402,f8d4cd3d-a5da-4e15-ad86-64f881a89a3d,c3,DROP,1008,e11,?,
1769471452.4131987,SENT,ddb784c3-0836-4fc4-96c6-4d5a308de342,c169abe9-1462-43cc-a4c6-416d966a369c,c1,DROP,687,?,x8,
1769471452.4132404,FORWARDED,ddb784c3-0836-4fc4-96c6-4d5a308de342,c169abe9-1462-43cc-a4c6-416d966a369c,c1,DROP,687,?,x8,
1769471452.4317033,RECEIVED,20f6614f-0a41-4d48-8503-0312caf5a49d,4d28ac9e-5e5b-43e0-9ee1-3ea2a773281c,c1,c3,1776,e9,?,
1769471452.4327023,SENT,eca11f92-4aaf-4f81-9052-a174b2a087c4,e1f27279-25c0-4fd4-a8e9-7f48a319aa5d,c3,DROP,689,?,x11,
1769471452.4327402,FORWARDED,eca11f92-4aaf-4f81-9052-a174b2a087c4,e1f27279-25c0-4fd4-a8e9-7f48a319aa5d,c3,DROP,689,?,x11,
1769471452.508716,SENT,74753b5f-46ed-433e-92cd-83f8659e75f4,b3d10dc0-5384-47c8-a8eb-0aad25226f41,c4,DROP,688,?,x1,
1769471452.5087607,FORWARDED,74753b5f-46ed-433e-92cd-83f8659e75f4,b3d10dc0-5384-47c8-a8eb-0aad25226f41,c4,DROP,688,?,x1,
1769471452.6011517,SENT,bc0542f8-7982-4ae5-a31f-d806da030402,f8d4cd3d-a5da-4e15-ad86-64f881a89a3d,c3,DROP,683,?,x12,
1769471452.6014085,FORWARDED,bc0542f8-7982-4ae5-a31f-d806da030402,f8d4cd3d-a5da-4e15-ad86-64f881a89a3d,c3,DROP,683,?,x12,
1769471452.6018224,RECEIVED,1269be58-abbd-4d5c-b17f-a1b31023b576,edea677e-32ed-4bfa-b0a2-7cfd27be9e3c,c5,DROP,1015,e9,?,
1769471452.673165,RECEIVED,2e792c82-2c47-41f0-b5bd-e69512f12908,66989661-b6a0-493a-9ed9-0bf6d386c8e7,c1,None,1600,e11,?,
1769471452.7724771,RECEIVED,a199dd11-5439-4f26-bf51-247eeb5d0d95,b8d5f971-ed65-45d4-8ebe-3e594d903c0f,c5,DROP,1011,e5,?,
1769471452.7966166,SENT,dc0cafbf-9e5a-491f-8951-2e8ffca18066,e5da79f6-a667-4a81-a13b-3aeb727b88bf,c3,DROP,683,?,x10,
1769471452.796653,FORWARDED,dc0cafbf-9e5a-491f-8951-2e8ffca18066,e5da79f6-a667-4a81-a13b-3aeb727b88bf,c3,DROP,683,?,x10,
1769471452.8087845,SENT,2e792c82-2c47-41f0-b5bd-e69512f12908,66989661-b6a0-493a-9ed9-0bf6d386c8e7,c1,None,1128,?,x6,
1769471452.808823,FORWARDED,2e792c82-2c47-41f0-b5bd-e69512f12908,66989661-b6a0-493a-9ed9-0bf6d386c8e7,c1,None,1128,?,x6,
1769471452.9159267,SENT,20f6614f-0a41-4d48-8503-0312caf5a49d,4d28ac9e-5e5b-43e0-9ee1-3ea2a773281c,c1,c3,1259,?,x12,
1769471452.9159675,FORWARDED,20f6614f-0a41-4d48-8503-0312caf5a49d,4d28ac9e-5e5b-43e0-9ee1-3ea2a773281c,c1,c3,1259,?,x12,
1769471453.2987642,RECEIVED,5499ef4d-53fb-4fbe-b09a-73d8e8af6da3,e03247fd-9cf3-40b9-8a19-080ef6b3a1eb,c1,DROP,1019,e12,?,
1769471453.334664,RECEIVED,cadaab98-bcec-47d3-806d-1d25b3cb0dd0,5540b09a-a105-4eef-9a6d-0b61f12d7720,c2,DROP,1007,e2,?,
1769471453.7272232,SENT,a199dd11-5439-4f26-bf51-247eeb5d0d95,b8d5f971-ed65-45d4-8ebe-3e594d903c0f,c5,DROP,685,?,x3,
1769471453.7272656,FORWARDED,a199dd11-5439-4f26-bf51-247eeb5d0d95,b8d5f971-ed65-45d4-8ebe-3e594d903c0f,c5,DROP,685,?,x3,
1769471453.7827678,RECEIVED,82df9ba9-803e-4d8d-8251-27726ff15e69,9afdb015-4b57-48d5-a5b3-aafe357a6c8a,c2,DROP,1009,e11,?,
1769471453.7945597,RECEIVED,cbe12c26-536c-4141-8977-fbdfdf0ae2f6,15dac76e-baef-4b01-9831-dcfcda818c93,c5,c1,1777,e10,?,
1769471453.8438742,SENT,cbe12c26-536c-4141-8977-fbdfdf0ae2f6,15dac76e-baef-4b01-9831-dcfcda818c93,c5,c1,1260,?,x7,
1769471453.8439162,FORWARDED,cbe12c26-536c-4141-8977-fbdfdf0ae2f6,15dac76e-baef-4b01-9831-dcfcda818c93,c5,c1,1260,?,x7,
1769471453.9195013,RECEIVED,7fa94f7f-3466-4eaa-b807-78023d3b5f47,31458a8c-d077-4989-bab5-3d0306d903d9,c5,DROP,1016,e4,?,
1769471453.940002,RECEIVED,4b48d878-4d35-4080-af7a-6537e2f57ca3,c5df1c8a-bdfe-4241-b884-6debe2231dc4,c1,DROP,1009,e6,?,
1769471453.9634848,SENT,4b48d878-4d35-4080-af7a-6537e2f57ca3,c5df1c8a-bdfe-4241-b884-6debe2231dc4,c1,DROP,683,?,x6,
1769471453.963525,FORWARDED,4b48d878-4d35-4080-af7a-6537e2f57ca3,c5df1c8a-bdfe-4241-b884-6debe2231dc4,c1,DROP,683,?,x6,
1769471453.966547,SENT,82df9ba9-803e-4d8d-8251-27726ff15e69,9afdb015-4b57-48d5-a5b3-aafe357a6c8a,c2,DROP,683,?,x11,
1769471453.966586,FORWARDED,82df9ba9-803e-4d8d-8251-27726ff15e69,9afdb015-4b57-48d5-a5b3-aafe357a6c8a,c2,DROP,683,?,x11,
1769471453.9802747,RECEIVED,11def72f-3214-4cd9-94b8-b18aac165ebf,70794999-1f64-40bf-a3b5-22d16b107e80,c3,DROP,1019,e10,?,
1769471453.9831204,RECEIVED,795c1030-9981-4eaa-a65c-c9685aff8e5d,e14910dc-b680-46f1-b69e-4a0ad268046d,c5,DROP,1008,e12,?,
1769471454.0050962,SENT,cadaab98-bcec-47d3-806d-1d25b3cb0dd0,5540b09a-a105-4eef-9a6d-0b61f12d7720,c2,DROP,683,?,x10,
1769471454.0051353,FORWARDED,cadaab98-bcec-47d3-806d-1d25b3cb0dd0,5540b09a-a105-4eef-9a6d-0b61f12d7720,c2,DROP,683,?,x10,
1769471454.0816863,SENT,1269be58-abbd-4d5c-b17f-a1b31023b576,edea677e-32ed-4bfa-b0a2-7cfd27be9e3c,c5,DROP,688,?,x1,
1769471454.0817304,FORWARDED,1269be58-abbd-4d5c-b17f-a1b31023b576,edea677e-32ed-4bfa-b0a2-7cfd27be9e3c,c5,DROP,688,?,x1,
1769471454.1181881,SENT,7fa94f7f-3466-4eaa-b807-78023d3b5f47,31458a8c-d077-4989-bab5-3d0306d903d9,c5,DROP,689,?,x9,
1769471454.1182294,FORWARDED,7fa94f7f-3466-4eaa-b807-78023d3b5f47,31458a8c-d077-4989-bab5-3d0306d903d9,c5,DROP,689,?,x9,
1769471454.12009,RECEIVED,51484e9c-b60e-44f5-b059-bdb1b155a4c0,ab3247b2-a742-4018-b3d7-40ca87290d71,c2,DROP,1006,e6,?,
1769471454.1538224,RECEIVED,650bc69e-1ce2-4f90-afe5-9b9aace2f80c,192c34f8-f8f1-471e-804c-a1a7f3392e8c,c2,DROP,1007,e4,?,
1769471454.1882625,SENT,795c1030-9981-4eaa-a65c-c9685aff8e5d,e14910dc-b680-46f1-b69e-4a0ad268046d,c5,DROP,684,?,x3,
1769471454.1883059,FORWARDED,795c1030-9981-4eaa-a65c-c9685aff8e5d,e14910dc-b680-46f1-b69e-4a0ad268046d,c5,DROP,684,?,x3,
1769471454.3492415,RECEIVED,5f575c86-1c9a-41fd-8519-e451a0224057,8d261db3-90ce-49ea-ad98-348dbe7f8b58,c1,None,1612,e11,?,
1769471454.397075,SENT,5499ef4d-53fb-4fbe-b09a-73d8e8af6da3,e03247fd-9cf3-40b9-8a19-080ef6b3a1eb,c1,DROP,691,?,x11,
1769471454.397118,FORWARDED,5499ef4d-53fb-4fbe-b09a-73d8e8af6da3,e03247fd-9cf3-40b9-8a19-080ef6b3a1eb,c1,DROP,691,?,x11,
1769471454.4723659,RECEIVED,f410afc6-cbe9-4026-8041-55e48d7fef88,e80f6942-3e4b-47e7-9847-f1619ec37b2b,c1,None,1603,e4,?,
1769471454.5056808,SENT,11def72f-3214-4cd9-94b8-b18aac165ebf,70794999-1f64-40bf-a3b5-22d16b107e80,c3,DROP,693,?,x9,
1769471454.5057223,FORWARDED,11def72f-3214-4cd9-94b8-b18aac165ebf,70794999-1f64-40bf-a3b5-22d16b107e80,c3,DROP,693,?,x9,
1769471454.6457093,RECEIVED,794d7474-227e-4998-b7eb-4ac6f07fa1c3,38ce6127-0e30-42af-b599-9596830b2387,c1,DROP,1004,e8,?,
1769471454.6923313,SENT,794d7474-227e-4998-b7eb-4ac6f07fa1c3,38ce6127-0e30-42af-b599-9596830b2387,c1,DROP,681,?,x8,
1769471454.6923673,FORWARDED,794d7474-227e-4998-b7eb-4ac6f07fa1c3,38ce6127-0e30-42af-b599-9596830b2387,c1,DROP,681,?,x8,
1769471454.6947207,SENT,f410afc6-cbe9-4026-8041-55e48d7fef88,e80f6942-3e4b-47e7-9847-f1619ec37b2b,c1,None,1131,?,x5,
1769471454.6947618,FORWARDED,f410afc6-cbe9-4026-8041-55e48d7fef88,e80f6942-3e4b-47e7-9847-f1619ec37b2b,c1,None,1131,?,x5,
1769471454.925014,RECEIVED,03cd54bb-cadd-4a47-917e-3560b8d5720a,948c849d-94fe-4cd0-854a-f615e5068867,c5,c1,1764,e10,?,
1769471454.9704125,RECEIVED,9baa509b-06d3-433a-8c7e-5a38df50a8a5,83adabf6-109a-4aa1-a0ff-b7ba4cff76cb,c4,DROP,1021,e12,?,
1769471455.0605087,RECEIVED,37a5163a-2235-4ef4-97c3-05155087a262,d0950cbc-5653-4234-a62e-244e01b4b705,c4,DROP,441,x12,?,
1769471455.0944757,RECEIVED,d7f7fa2f-1a7f-43fa-af24-d3f79d29c2f4,9cf79b78-d3b2-49d9-81e3-766981e66bd0,c3,DROP,1011,e10,?,
1769471455.2006118,SENT,9baa509b-06d3-433a-8c7e-5a38df50a8a5,83adabf6-109a-4aa1-a0ff-b7ba4cff76cb,c4,DROP,691,?,x12,
1769471455.2006526,FORWARDED,9baa509b-06d3-433a-8c7e-5a38df50a8a5,83adabf6-109a-4aa1-a0ff-b7ba4cff76cb,c4,DROP,691,?,x12,
1769471455.2633772,SENT,5f575c86-1c9a-41fd-8519-e451a0224057,8d261db3-90ce-49ea-ad98-348dbe7f8b58,c1,None,1135,?,x10,
1769471455.2634187,FORWARDED,5f575c86-1c9a-41fd-8519-e451a0224057,8d261db3-90ce-49ea-ad98-348dbe7f8b58,c1,None,1135,?,x10,
1769471455.269186,RECEIVED,55a7b12c-4660-4cf1-a20f-bd17f0b67c56,00087f1b-f7f0-4be2-b86e-be63ba8024f5,c2,DROP,1011,e3,?,
1769471455.3120089,SENT,650bc69e-1ce2-4f90-afe5-9b9aace2f80c,192c34f8-f8f1-471e-804c-a1a7f3392e8c,c2,DROP,683,?,x4,
1769471455.3120666,FORWARDED,650bc69e-1ce2-4f90-afe5-9b9aace2f80c,192c34f8-f8f1-471e-804c-a1a7f3392e8c,c2,DROP,683,?,x4,
1769471455.4123876,SENT,03cd54bb-cadd-4a47-917e-3560b8d5720a,948c849d-94fe-4cd0-854a-f615e5068867,c5,c1,1251,?,x1,
1769471455.4124281,FORWARDED,03cd54bb-cadd-4a47-917e-3560b8d5720a,948c849d-94fe-4cd0-854a-f615e5068867,c5,c1,1251,?,x1,
1769471455.4274683,RECEIVED,a989ea94-02e6-437b-be44-858bda4d10f1,571e9ace-efdf-46d9-802d-738ee2603c86,c5,DROP,1012,e4,?,
1769471455.4623046,RECEIVED,4713d8de-03da-484e-8db4-0efdce16a750,0a06780c-fc00-4124-887e-dc9e73a9fd2f,c2,DROP,1015,e8,?,
1769471455.5007288,RECEIVED,0009dcc2-1402-4630-ba3f-8235a7dd45a4,0ebc1592-0a8c-4168-a129-9a2803b29e60,c5,DROP,1016,e9,?,
1769471455.5016396,RECEIVED,70b0003a-d333-4a03-ae1a-9eaf51aaee46,c64f0078-0271-4418-a1c5-9dfe7c4ff231,c2,DROP,1007,e5,?,
1769471455.513862,SENT,a989ea94-02e6-437b-be44-858bda4d10f1,571e9ace-efdf-46d9-802d-738ee2603c86,c5,DROP,685,?,x7,
1769471455.5139046,FORWARDED,a989ea94-02e6-437b-be44-858bda4d10f1,571e9ace-efdf-46d9-802d-738ee2603c86,c5,DROP,685,?,x7,
1769471455.5911014,SENT,55a7b12c-4660-4cf1-a20f-bd17f0b67c56,00087f1b-f7f0-4be2-b86e-be63ba8024f5,c2,DROP,685,?,x7,
1769471455.5911446,FORWARDED,55a7b12c-4660-4cf1-a20f-bd17f0b67c56,00087f1b-f7f0-4be2-b86e-be63ba8024f5,c2,DROP,685,?,x7,
1769471455.6731772,RECEIVED,72d0e9c7-4c43-4ac8-aa0a-80a52800ef96,d1a930a6-677d-4d74-a0b1-4cb01753ddaa,c2,DROP,1008,e11,?,
1769471455.7082489,RECEIVED,f2c183ea-0177-4012-a45d-d6ac532b7584,38169311-a4e1-4e5f-b639-8272d3ff1ee4,c4,DROP,443,x12,?,
1769471455.7344055,RECEIVED,220bc216-541e-4d9b-bfdc-c23fd2f2b22f,5b1d427b-de68-4a85-953c-a06fa77a5925,c5,DROP,1013,e12,?,
1769471455.7712758,SENT,d7f7fa2f-1a7f-43fa-af24-d3f79d29c2f4,9cf79b78-d3b2-49d9-81e3-766981e66bd0,c3,DROP,687,?,x3,
1769471455.7713168,FORWARDED,d7f7fa2f-1a7f-43fa-af24-d3f79d29c2f4,9cf79b78-d3b2-49d9-81e3-766981e66bd0,c3,DROP,687,?,x3,
1769471455.783443,SENT,4713d8de-03da-484e-8db4-0efdce16a750,0a06780c-fc00-4124-887e-dc9e73a9fd2f,c2,DROP,688,?,x3,
1769471455.7834826,FORWARDED,4713d8de-03da-484e-8db4-0efdce16a750,0a06780c-fc00-4124-887e-dc9e73a9fd2f,c2,DROP,688,?,x3,
1769471455.86712,SENT,220bc216-541e-4d9b-bfdc-c23fd2f2b22f,5b1d427b-de68-4a85-953c-a06fa77a5925,c5,DROP,687,?,x11,
1769471455.8671627,FORWARDED,220bc216-541e-4d9b-bfdc-c23fd2f2b22f,5b1d427b-de68-4a85-953c-a06fa77a5925,c5,DROP,687,?,x11,
1769471455.9145684,RECEIVED,befc71ed-34a5-43ad-99af-569315d919e2,9bf1fcd9-2a9a-496e-b857-b97da1318fdc,c5,DROP,441,x11,?,
1769471455.9274993,RECEIVED,ad58b25c-c2b4-48c1-95e9-d8e0d05b69e7,72b175f0-c477-4aa7-a41c-8fe6c36e7171,c5,DROP,1011,e2,?,
1769471455.9926481,SENT,0009dcc2-1402-4630-ba3f-8235a7dd45a4,0ebc1592-0a8c-4168-a129-9a2803b29e60,c5,DROP,689,?,x3,
1769471455.9927003,FORWARDED,0009dcc2-1402-4630-ba3f-8235a7dd45a4,0ebc1592-0a8c-4168-a129-9a2803b29e60,c5,DROP,689,?,x3,
1769471456.1454349,SENT,72d0e9c7-4c43-4ac8-aa0a-80a52800ef96,d1a930a6-677d-4d74-a0b1-4cb01753ddaa,c2,DROP,683,?,x1,
1769471456.1454751,FORWARDED,72d0e9c7-4c43-4ac8-aa0a-80a52800ef96,d1a930a6-677d-4d74-a0b1-4cb01753ddaa,c2,DROP,683,?,x1,
1769471456.2473416,RECEIVED,1dae51e3-ffe8-4dfb-ace0-7d650c7aead9,c4dc45e4-eecd-44ed-a8e7-698bdb1bb5bd,c4,c3,1780,e12,?,
1769471456.4229763,SENT,70b0003a-d333-4a03-ae1a-9eaf51aaee46,c64f0078-0271-4418-a1c5-9dfe7c4ff231,c2,DROP,684,?,x4,
1769471456.423298,FORWARDED,70b0003a-d333-4a03-ae1a-9eaf51aaee46,c64f0078-0271-4418-a1c5-9dfe7c4ff231,c2,DROP,684,?,x4,
1769471456.5324214,SENT,51484e9c-b60e-44f5-b059-bdb1b155a4c0,ab3247b2-a742-4018-b3d7-40ca87290d71,c2,DROP,684,?,x2,
1769471456.5324664,FORWARDED,51484e9c-b60e-44f5-b059-bdb1b155a4c0,ab3247b2-a742-4018-b3d7-40ca87290d71,c2,DROP,684,?,x2,
1769471456.5623157,RECEIVED,aa48c924-bd6e-4045-9115-5e76e416d2a9,a8be9854-fef3-4ec4-8803-8e885e08cd80,c4,DROP,1015,e8,?,
1769471456.5694985,RECEIVED,ad2704e3-f193-49a6-ba2e-224b5b6d44a1,506b9161-081c-4140-873e-5b4fcd6b41c8,c3,DROP,1021,e2,?,
1769471456.593236,SENT,ad58b25c-c2b4-48c1-95e9-d8e0d05b69e7,72b175f0-c477-4aa7-a41c-8fe6c36e7171,c5,DROP,685,?,x4,
1769471456.5932784,FORWARDED,ad58b25c-c2b4-48c1-95e9-d8e0d05b69e7,72b175f0-c477-4aa7-a41c-8fe6c36e7171,c5,DROP,685,?,x4,
1769471456.7105596,RECEIVED,5e70330b-40fd-4f16-8394-8f9bd76cea2c,025e6d78-9391-4628-a11d-0e967df27f4d,c5,DROP,1015,e9,?,
1769471456.8161044,RECEIVED,a315de72-0a31-4ece-a068-e5a4dc2b8f2f,70a62c1d-20fd-43ab-be4c-86a4d7ffd452,c4,DROP,442,x12,?,
1769471456.8410637,SENT,aa48c924-bd6e-4045-9115-5e76e416d2a9,a8be9854-fef3-4ec4-8803-8e885e08cd80,c4,DROP,688,?,x2,
1769471456.8411033,FORWARDED,aa48c924-bd6e-4045-9115-5e76e416d2a9,a8be9854-fef3-4ec4-8803-8e885e08cd80,c4,DROP,688,?,x2,
1769471456.9400902,RECEIVED,1d45931f-bfeb-433a-b9c5-1e40027ae720,09780694-6d5e-47c0-8172-cc7c49f9e202,c2,DROP,1008,e5,?,
1769471456.9512177,SENT,ad2704e3-f193-49a6-ba2e-224b5b6d44a1,506b9161-081c-4140-873e-5b4fcd6b41c8,c3,DROP,693,?,x11,
1769471456.951257,FORWARDED,ad2704e3-f193-49a6-ba2e-224b5b6d44a1,506b9161-081c-4140-873e-5b4fcd6b41c8,c3,DROP,693,?,x11,
1769471456.9796343,RECEIVED,84e76236-41a0-468a-9cec-ed1dc35730ae,a41e341f-5917-4da3-942d-c784433b3722,c4,DROP,443,x12,?,
1769471457.1399791,RECEIVED,75f5073d-8d7e-4291-9e04-7a8e319b19d0,3c5f26d8-4ac1-4492-9c59-ca8236789baf,c5,DROP,1007,e2,?,
1769471457.2709298,SENT,1dae51e3-ffe8-4dfb-ace0-7d650c7aead9,c4dc45e4-eecd-44ed-a8e7-698bdb1bb5bd,c4,c3,1263,?,x11,
1769471457.270972,FORWARDED,1dae51e3-ffe8-4dfb-ace0-7d650c7aead9,c4dc45e4-eecd-44ed-a8e7-698bdb1bb5bd,c4,c3,1263,?,x11,
1769471457.347739,SENT,1d45931f-bfeb-433a-b9c5-1e40027ae720,09780694-6d5e-47c0-8172-cc7c49f9e202,c2,DROP,683,?,x12,
1769471457.3477786,FORWARDED,1d45931f-bfeb-433a-b9c5-1e40027ae720,09780694-6d5e-47c0-8172-cc7c49f9e202,c2,DROP,683,?,x12,
1769471457.521569,RECEIVED,6f94d4d0-8b6b-41f2-9807-d77d192acc77,0388ede1-719a-40a8-9bb0-133b5caa13ee,c5,DROP,1008,e2,?,
1769471457.6727571,SENT,75f5073d-8d7e-4291-9e04-7a8e319b19d0,3c5f26d8-4ac1-4492-9c59-ca8236789baf,c5,DROP,683,?,x6,
1769471457.6727972,FORWARDED,75f5073d-8d7e-4291-9e04-7a8e319b19d0,3c5f26d8-4ac1-4492-9c59-ca8236789baf,c5,DROP,683,?,x6,
1769471457.684512,SENT,6f94d4d0-8b6b-41f2-9807-d77d192acc77,0388ede1-719a-40a8-9bb0-133b5caa13ee,c5,DROP,684,?,x9,
1769471457.684557,FORWARDED,6f94d4d0-8b6b-41f2-9807-d77d192acc77,0388ede1-719a-40a8-9bb0-133b5caa13ee,c5,DROP,684,?,x9,
1769471457.8675075,RECEIVED,bd04d1ef-8afa-458e-921b-a32aa246f78d,16b1d9f3-c7c5-4daa-aebc-fc2e4b4a5584,c3,DROP,1011,e10,?,
1769471458.1465917,RECEIVED,b56df48b-cb5f-46da-bdf5-4890462fef64,4094c69c-fe46-4439-9f9e-49e24a79dc40,c4,DROP,1012,e7,?,
1769471458.3237417,SENT,5e70330b-40fd-4f16-8394-8f9bd76cea2c,025e6d78-9391-4628-a11d-0e967df27f4d,c5,DROP,688,?,x8,
1769471458.323784,FORWARDED,5e70330b-40fd-4f16-8394-8f9bd76cea2c,025e6d78-9391-4628-a11d-0e967df27f4d,c5,DROP,688,?,x8,
1769471458.3300042,RECEIVED,0c19e348-ffe5-4084-82b0-507af8da38ad,9093e4fb-6b0f-40d1-a900-d6030494d203,c3,DROP,1008,e2,?,
1769471458.5168252,RECEIVED,9c81172f-c787-4666-b6b0-3cb1fd35806f,47856bb1-a977-4b5e-a8d0-9b4a22f8f040,c2,DROP,1012,e11,?,
1769471458.5464554,RECEIVED,1a0f6dd1-81c7-498b-a31c-14daa6ef3fb0,8ec175ab-ad0e-4cb0-9109-67a006ab35a7,c2,DROP,1021,e5,?,
1769471458.565679,SENT,0c19e348-ffe5-4084-82b0-507af8da38ad,9093e4fb-6b0f-40d1-a900-d6030494d203,c3,DROP,684,?,x1,
1769471458.5657206,FORWARDED,0c19e348-ffe5-4084-82b0-507af8da38ad,9093e4fb-6b0f-40d1-a900-d6030494d203,c3,DROP,684,?,x1,
1769471458.615955,SENT,1a0f6dd1-81c7-498b-a31c-14daa6ef3fb0,8ec175ab-ad0e-4cb0-9109-67a006ab35a7,c2,DROP,692,?,x11,
1769471458.616019,FORWARDED,1a0f6dd1-81c7-498b-a31c-14daa6ef3fb0,8ec175ab-ad0e-4cb0-9109-67a006ab35a7,c2,DROP,692,?,x11,
1769471458.630575,RECEIVED,227b4348-7a62-4b9b-9ddf-2b84c7598599,e512a440-44da-42be-b002-306f8c3879b0,c3,DROP,1012,e10,?,
1769471458.654701,SENT,9c81172f-c787-4666-b6b0-3cb1fd35806f,47856bb1-a977-4b5e-a8d0-9b4a22f8f040,c2,DROP,687,?,x10,
1769471458.6547434,FORWARDED,9c81172f-c787-4666-b6b0-3cb1fd35806f,47856bb1-a977-4b5e-a8d0-9b4a22f8f040,c2,DROP,687,?,x10,
1769471458.6823428,SENT,bd04d1ef-8afa-458e-921b-a32aa246f78d,16b1d9f3-c7c5-4daa-aebc-fc2e4b4a5584,c3,DROP,687,?,x8,
1769471458.6823835,FORWARDED,bd04d1ef-8afa-458e-921b-a32aa246f78d,16b1d9f3-c7c5-4daa-aebc-fc2e4b4a5584,c3,DROP,687,?,x8,
1769471458.6976972,RECEIVED,839c7b83-4a5f-461e-ad1d-a54645a367b2,4edc468e-f7f3-4b72-a4e5-09f94c496f58,c5,DROP,1020,e12,?,
1769471458.7199714,SENT,227b4348-7a62-4b9b-9ddf-2b84c7598599,e512a440-44da-42be-b002-306f8c3879b0,c3,DROP,686,?,x1,
1769471458.7200134,FORWARDED,227b4348-7a62-4b9b-9ddf-2b84c7598599,e512a440-44da-42be-b002-306f8c3879b0,c3,DROP,686,?,x1,
1769471458.830168,RECEIVED,4e1c4c1c-22d0-4e85-b9e0-6f5c925d0543,a67cc4e0-7e68-4c7d-9725-ae0d2f76fb64,c4,DROP,1008,e7,?,
1769471458.9252858,SENT,4e1c4c1c-22d0-4e85-b9e0-6f5c925d0543,a67cc4e0-7e68-4c7d-9725-ae0d2f76fb64,c4,DROP,684,?,x8,
1769471458.925328,FORWARDED,4e1c4c1c-22d0-4e85-b9e0-6f5c925d0543,a67cc4e0-7e68-4c7d-9725-ae0d2f76fb64,c4,DROP,684,?,x8,
1769471459.1293209,SENT,b56df48b-cb5f-46da-bdf5-4890462fef64,4094c69c-fe46-4439-9f9e-49e24a79dc40,c4,DROP,687,?,x10,
1769471459.1293638,FORWARDED,b56df48b-cb5f-46da-bdf5-4890462fef64,4094c69c-fe46-4439-9f9e-49e24a79dc40,c4,DROP,687,?,x10,
1769471459.1307087,RECEIVED,b980c73c-dfe1-43ea-8f95-b63764032345,fbf1744e-8708-42ad-906e-269549f538d2,c4,c3,1780,e8,?,
1769471459.1404643,RECEIVED,a4f3e335-d471-4b0e-9d7d-cc9e2cf13f5b,5f7b4c5c-5b05-4002-876a-bb0f7553d58b,c2,DROP,1007,e7,?,
1769471459.1678996,RECEIVED,e51b9bb8-2bbf-46ad-a655-c505de12da69,013bbe29-43c3-40cc-9e7c-4e0f3d091688,c3,DROP,1006,e1,?,
1769471459.215876,RECEIVED,6317eb39-dc73-47b6-ba3d-6926ec829f8e,b503fd91-6454-4902-a650-64a275cf0ded,c1,DROP,1015,e1,?,
1769471459.3228402,SENT,839c7b83-4a5f-461e-ad1d-a54645a367b2,4edc468e-f7f3-4b72-a4e5-09f94c496f58,c5,DROP,693,?,x11,
1769471459.3228838,FORWARDED,839c7b83-4a5f-461e-ad1d-a54645a367b2,4edc468e-f7f3-4b72-a4e5-09f94c496f58,c5,DROP,693,?,x11,
1769471459.3454325,SENT,b980c73c-dfe1-43ea-8f95-b63764032345,fbf1744e-8708-42ad-906e-269549f538d2,c4,c3,1263,?,x10,
1769471459.345475,FORWARDED,b980c73c-dfe1-43ea-8f95-b63764032345,fbf1744e-8708-42ad-906e-269549f538d2,c4,c3,1263,?,x10,
1769471459.3486245,RECEIVED,466e8a44-60a6-4744-8dac-ad1d0a1f884e,6b5ed9fc-42ac-47b1-9e28-3af384ad908d,c1,None,1596,e12,?,
1769471459.4203577,SENT,a4f3e335-d471-4b0e-9d7d-cc9e2cf13f5b,5f7b4c5c-5b05-4002-876a-bb0f7553d58b,c2,DROP,684,?,x6,
1769471459.4204016,FORWARDED,a4f3e335-d471-4b0e-9d7d-cc9e2cf13f5b,5f7b4c5c-5b05-4002-876a-bb0f7553d58b,c2,DROP,684,?,x6,
1769471459.4676592,SENT,466e8a44-60a6-4744-8dac-ad1d0a1f884e,6b5ed9fc-42ac-47b1-9e28-3af384ad908d,c1,None,1123,?,x9,
1769471459.467696,FORWARDED,466e8a44-60a6-4744-8dac-ad1d0a1f884e,6b5ed9fc-42ac-47b1-9e28-3af384ad908d,c1,None,1123,?,x9,
1769471459.8989427,RECEIVED,133fd020-83e1-4075-9537-40cbebfd34d2,422b6e9c-99ed-46e8-835f-835e80beb475,c5,DROP,1009,e2,?,
1769471459.9006672,RECEIVED,e6ba1b93-3aac-4ba0-b8f2-f74c6ac21e7f,08b8316f-ee4a-4467-bc15-7ad98cd5bbaf,c1,DROP,441,x5,?,
1769471459.9694598,SENT,133fd020-83e1-4075-9537-40cbebfd34d2,422b6e9c-99ed-46e8-835f-835e80beb475,c5,DROP,684,?,x5,
1769471459.9695015,FORWARDED,133fd020-83e1-4075-9537-40cbebfd34d2,422b6e9c-99ed-46e8-835f-835e80beb475,c5,DROP,684,?,x5,
1769471459.9926102,RECEIVED,57dbb7b1-754b-495f-b9d3-b6bf8609314f,dc990634-f3ca-4798-b3f6-7c82f86dcda8,c5,DROP,1011,e3,?,
1769471460.1827369,RECEIVED,05e214ce-be83-428e-8af4-b8f7579b01c1,83fdac24-72c1-4d2c-9df8-11406303e7ff,c1,DROP,1014,e6,?,
1769471460.1915467,SENT,57dbb7b1-754b-495f-b9d3-b6bf8609314f,dc990634-f3ca-4798-b3f6-7c82f86dcda8,c5,DROP,687,?,x1,
1769471460.1915832,FORWARDED,57dbb7b1-754b-495f-b9d3-b6bf8609314f,dc990634-f3ca-4798-b3f6-7c82f86dcda8,c5,DROP,687,?,x1,
1769471460.3459258,SENT,e51b9bb8-2bbf-46ad-a655-c505de12da69,013bbe29-43c3-40cc-9e7c-4e0f3d091688,c3,DROP,684,?,x9,
1769471460.3459659,FORWARDED,e51b9bb8-2bbf-46ad-a655-c505de12da69,013bbe29-43c3-40cc-9e7c-4e0f3d091688,c3,DROP,684,?,x9,
1769471460.3780725,RECEIVED,1167c061-c96e-4295-a7ab-8b66e23b42e0,8704e109-fbe2-4425-8a55-a3118d3c8ddd,c1,DROP,1007,e8,?,
1769471460.4561727,RECEIVED,ad8cb56c-b9a2-4727-9922-0e9882b0d6b0,2a346a4a-64af-4403-ba32-331140384000,c4,DROP,1008,e3,?,
1769471460.489918,SENT,6317eb39-dc73-47b6-ba3d-6926ec829f8e,b503fd91-6454-4902-a650-64a275cf0ded,c1,DROP,688,?,x11,
1769471460.489967,FORWARDED,6317eb39-dc73-47b6-ba3d-6926ec829f8e,b503fd91-6454-4902-a650-64a275cf0ded,c1,DROP,688,?,x11,
1769471460.5060763,RECEIVED,ce8e8c73-fc78-4419-a8cb-7b4c9a57f186,a0b296e8-f242-4456-838c-f46cf2232784,c2,DROP,1008,e1,?,
1769471460.5263076,SENT,1167c061-c96e-4295-a7ab-8b66e23b42e0,8704e109-fbe2-4425-8a55-a3118d3c8ddd,c1,DROP,684,?,x6,
1769471460.526347,FORWARDED,1167c061-c96e-4295-a7ab-8b66e23b42e0,8704e109-fbe2-4425-8a55-a3118d3c8ddd,c1,DROP,684,?,x6,
1769471460.5272937,RECEIVED,e82ec950-bf94-4791-ade8-820072692881,00d7623e-e52c-4321-934e-9a2dfd049d2c,c2,DROP,1012,e12,?,
1769471460.582915,SENT,ce8e8c73-fc78-4419-a8cb-7b4c9a57f186,a0b296e8-f242-4456-838c-f46cf2232784,c2,DROP,683,?,x1,
1769471460.5829856,FORWARDED,ce8e8c73-fc78-4419-a8cb-7b4c9a57f186,a0b296e8-f242-4456-838c-f46cf2232784,c2,DROP,683,?,x1,
1769471460.602877,RECEIVED,3c31e45e-ea36-460b-863b-12de664b4b64,bbc5a73a-5214-4ff3-9f87-a13613abbb0b,c1,DROP,1012,e4,?,
1769471460.6529438,RECEIVED,4c80b3a1-528d-4938-8260-9e3797509b10,c8d99c9d-5e7b-432b-90d9-8d3e2188fce0,c4,DROP,441,x9,?,
1769471460.680155,RECEIVED,96bed041-7540-4988-a903-06a53d7c5ccf,83fd816d-f2ff-4a00-9a81-c6c1675091d9,c5,DROP,442,x8,?,
1769471460.6847467,SENT,3c31e45e-ea36-460b-863b-12de664b4b64,bbc5a73a-5214-4ff3-9f87-a13613abbb0b,c1,DROP,687,?,x8,
1769471460.684788,FORWARDED,3c31e45e-ea36-460b-863b-12de664b4b64,bbc5a73a-5214-4ff3-9f87-a13613abbb0b,c1,DROP,687,?,x8,
1769471460.843639,SENT,e82ec950-bf94-4791-ade8-820072692881,00d7623e-e52c-4321-934e-9a2dfd049d2c,c2,DROP,687,?,x5,
1769471460.843679,FORWARDED,e82ec950-bf94-4791-ade8-820072692881,00d7623e-e52c-4321-934e-9a2dfd049d2c,c2,DROP,687,?,x5,
1769471460.96423,RECEIVED,fd505b14-7450-42a9-bae5-fdbf02f1e8e9,5e8d9e0b-eee2-4b4f-ab92-354b17eb9d9f,c2,DROP,442,x4,?,
1769471460.9819603,SENT,ad8cb56c-b9a2-4727-9922-0e9882b0d6b0,2a346a4a-64af-4403-ba32-331140384000,c4,DROP,684,?,x12,
1769471460.9820027,FORWARDED,ad8cb56c-b9a2-4727-9922-0e9882b0d6b0,2a346a4a-64af-4403-ba32-331140384000,c4,DROP,684,?,x12,
1769471461.0435622,RECEIVED,c3a3c896-8abe-4467-83fe-5d0255038e20,1eb271fe-133e-4f85-a76e-9d3c4ae032cc,c3,DROP,1006,e8,?,
1769471461.255398,RECEIVED,3054e146-5f15-4d34-a1ae-383fa7e3cba5,8944b648-d4a4-4c80-a928-bc449a56b07d,c5,DROP,1016,e7,?,
1769471461.299855,RECEIVED,7adb29bb-d754-496e-ad05-14a9f6d9dbc0,de8f91df-54d7-426c-a98c-86d356b15b16,c2,DROP,1003,e5,?,
1769471461.327608,RECEIVED,6d042bd4-a961-421b-b027-dcd1c32705f4,49df87dc-775c-4502-89f9-2362e1d29004,c4,DROP,1017,e1,?,
1769471461.4051743,RECEIVED,3027e8ac-8171-4fdc-a7bd-30a0eafbb5cb,0ef48878-be3b-443c-bc22-e721baf2aa2e,c2,DROP,1012,e6,?,
1769471461.4131124,SENT,6d042bd4-a961-421b-b027-dcd1c32705f4,49df87dc-775c-4502-89f9-2362e1d29004,c4,DROP,688,?,x9,
1769471461.413166,FORWARDED,6d042bd4-a961-421b-b027-dcd1c32705f4,49df87dc-775c-4502-89f9-2362e1d29004,c4,DROP,688,?,x9,
1769471461.4504645,SENT,3027e8ac-8171-4fdc-a7bd-30a0eafbb5cb,0ef48878-be3b-443c-bc22-e721baf2aa2e,c2,DROP,687,?,x9,
1769471461.450499,FORWARDED,3027e8ac-8171-4fdc-a7bd-30a0eafbb5cb,0ef48878-be3b-443c-bc22-e721baf2aa2e,c2,DROP,687,?,x9,
1769471461.4567778,SENT,3054e146-5f15-4d34-a1ae-383fa7e3cba5,8944b648-d4a4-4c80-a928-bc449a56b07d,c5,DROP,689,?,x8,
1769471461.4568136,FORWARDED,3054e146-5f15-4d34-a1ae-383fa7e3cba5,8944b648-d4a4-4c80-a928-bc449a56b07d,c5,DROP,689,?,x8,
1769471461.6667185,RECEIVED,e24baa0a-85bc-40b5-9f54-1694f4b9d8be,4ee08a59-89dd-4a8d-bb95-aadc8b2486dc,c1,DROP,1004,e2,?,
1769471461.738938,RECEIVED,dc58e18c-ca1f-4b4c-af68-d0a361763684,a6f9dc57-52bc-475f-8ed1-c49e634c6435,c2,DROP,442,x5,?,
1769471461.8090868,RECEIVED,5c61e0a6-83f5-478f-8d6a-cf0a8f3d3be9,741f6441-c1b5-4ea8-ae0e-764dae41085f,c2,DROP,1007,e4,?,
1769471461.824114,SENT,7adb29bb-d754-496e-ad05-14a9f6d9dbc0,de8f91df-54d7-426c-a98c-86d356b15b16,c2,DROP,680,?,x3,
1769471461.824208,FORWARDED,7adb29bb-d754-496e-ad05-14a9f6d9dbc0,de8f91df-54d7-426c-a98c-86d356b15b16,c2,DROP,680,?,x3,
1769471461.8634548,RECEIVED,3387b860-d18e-41f1-b8ce-fdc8f4c83dcc,83a5374c-5a73-411b-bcd5-eea57571cecf,c5,DROP,441,x3,?,
1769471461.8743396,SENT,e24baa0a-85bc-40b5-9f54-1694f4b9d8be,4ee08a59-89dd-4a8d-bb95-aadc8b2486dc,c1,DROP,681,?,x3,
1769471461.8743825,FORWARDED,e24baa0a-85bc-40b5-9f54-1694f4b9d8be,4ee08a59-89dd-4a8d-bb95-aadc8b2486dc,c1,DROP,681,?,x3,
1769471461.987392,SENT,05e214ce-be83-428e-8af4-b8f7579b01c1,83fdac24-72c1-4d2c-9df8-11406303e7ff,c1,DROP,688,?,x1,
1769471461.9874322,FORWARDED,05e214ce-be83-428e-8af4-b8f7579b01c1,83fdac24-72c1-4d2c-9df8-11406303e7ff,c1,DROP,688,?,x1,
1769471461.9992366,RECEIVED,3d36f880-2cd1-4fd5-9391-ff4ed9b0a52c,8672d471-405c-4eaf-a498-6c1b3f5df044,c5,DROP,441,x7,?,
1769471462.1416748,RECEIVED,b7753a46-eb07-4b1d-819d-bfdc3db2a165,54faf2d0-bd5a-47ae-b2b2-e663c937053c,c3,DROP,1011,e10,?,
1769471462.1560943,RECEIVED,ffa7f155-7e8f-43c4-a82c-3e36b4b600c8,49a9142a-0b6c-48c0-ae6e-07d899fdc89e,c2,DROP,1012,e7,?,
1769471462.265828,SENT,c3a3c896-8abe-4467-83fe-5d0255038e20,1eb271fe-133e-4f85-a76e-9d3c4ae032cc,c3,DROP,683,?,x3,
1769471462.2658658,FORWARDED,c3a3c896-8abe-4467-83fe-5d0255038e20,1eb271fe-133e-4f85-a76e-9d3c4ae032cc,c3,DROP,683,?,x3,
1769471462.5831108,SENT,b7753a46-eb07-4b1d-819d-bfdc3db2a165,54faf2d0-bd5a-47ae-b2b2-e663c937053c,c3,DROP,687,?,x9,
1769471462.5831661,FORWARDED,b7753a46-eb07-4b1d-819d-bfdc3db2a165,54faf2d0-bd5a-47ae-b2b2-e663c937053c,c3,DROP,687,?,x9,
1769471462.69225,SENT,5c61e0a6-83f5-478f-8d6a-cf0a8f3d3be9,741f6441-c1b5-4ea8-ae0e-764dae41085f,c2,DROP,683,?,x9,
1769471462.6922934,FORWARDED,5c61e0a6-83f5-478f-8d6a-cf0a8f3d3be9,741f6441-c1b5-4ea8-ae0e-764dae41085f,c2,DROP,683,?,x9,
1769471462.8360837,RECEIVED,3793ed21-bf88-4c02-90c0-5c354fc95cb1,3e3ac4bd-85f2-4d87-baa1-e6ef44fe76f9,c5,DROP,1007,e5,?,
1769471462.9671373,RECEIVED,6b67857e-443b-4865-90bd-581345daff89,91a3c483-9896-4a1b-a440-68ccd1f81f66,c1,DROP,1011,e4,?,
1769471463.2399123,RECEIVED,6cb5c0e3-82ac-4c83-ab89-d9969bd6271c,dcea7397-7f54-4d4d-bd94-a1825705ba9e,c5,DROP,1014,e8,?,
1769471463.297249,SENT,6cb5c0e3-82ac-4c83-ab89-d9969bd6271c,dcea7397-7f54-4d4d-bd94-a1825705ba9e,c5,DROP,687,?,x11,
1769471463.2973611,FORWARDED,6cb5c0e3-82ac-4c83-ab89-d9969bd6271c,dcea7397-7f54-4d4d-bd94-a1825705ba9e,c5,DROP,687,?,x11,
1769471463.2974873,RECEIVED,d683ec59-32fa-446b-b5da-1ad843827404,335f1974-d718-43e3-ad7c-ed8b72977f62,c2,c4,1776,e7,?,
1769471463.3538325,RECEIVED,2f121777-7e54-4819-9611-543593541dcf,abee9d37-10ed-423e-b283-52ea4b17e0b7,c5,DROP,441,x6,?,
1769471463.3726308,SENT,6b67857e-443b-4865-90bd-581345daff89,91a3c483-9896-4a1b-a440-68ccd1f81f66,c1,DROP,685,?,x2,
1769471463.3726745,FORWARDED,6b67857e-443b-4865-90bd-581345daff89,91a3c483-9896-4a1b-a440-68ccd1f81f66,c1,DROP,685,?,x2,
1769471463.385317,RECEIVED,96c03563-63fb-4a3d-bf38-5a48ea491515,0a01a6ab-4e50-4560-8385-eeea7e64cdd1,c3,DROP,437,x9,?,
1769471463.3972044,SENT,d683ec59-32fa-446b-b5da-1ad843827404,335f1974-d718-43e3-ad7c-ed8b72977f62,c2,c4,1260,?,x3,
1769471463.3972387,FORWARDED,d683ec59-32fa-446b-b5da-1ad843827404,335f1974-d718-43e3-ad7c-ed8b72977f62,c2,c4,1260,?,x3,
1769471463.4325964,RECEIVED,1a1485e8-c0ba-4bbe-bbb5-a12c6be6080c,0443a1e1-a601-410b-95d1-36546b361b1e,c4,None,1603,e3,?,
1769471463.4627938,RECEIVED,247ff8ad-268d-4d12-a491-2ab54bc6bf55,d06b16d6-1a50-4eba-b1d9-11b5073af7a6,c5,c1,1771,e6,?,
1769471463.4751582,SENT,3793ed21-bf88-4c02-90c0-5c354fc95cb1,3e3ac4bd-85f2-4d87-baa1-e6ef44fe76f9,c5,DROP,684,?,x4,
1769471463.475196,FORWARDED,3793ed21-bf88-4c02-90c0-5c354fc95cb1,3e3ac4bd-85f2-4d87-baa1-e6ef44fe76f9,c5,DROP,684,?,x4,
1769471463.8322234,SENT,ffa7f155-7e8f-43c4-a82c-3e36b4b600c8,49a9142a-0b6c-48c0-ae6e-07d899fdc89e,c2,DROP,686,?,x10,
1769471463.8322594,FORWARDED,ffa7f155-7e8f-43c4-a82c-3e36b4b600c8,49a9142a-0b6c-48c0-ae6e-07d899fdc89e,c2,DROP,686,?,x10,
1769471463.8557792,RECEIVED,0de80dfd-763f-4e4d-b51b-56c3fa213591,a72482b3-bd98-470a-a04b-58cace014dae,c1,DROP,1016,e6,?,
1769471464.205701,SENT,247ff8ad-268d-4d12-a491-2ab54bc6bf55,d06b16d6-1a50-4eba-b1d9-11b5073af7a6,c5,c1,1255,?,x6,
1769471464.2057414,FORWARDED,247ff8ad-268d-4d12-a491-2ab54bc6bf55,d06b16d6-1a50-4eba-b1d9-11b5073af7a6,c5,c1,1255,?,x6,
1769471464.226958,RECEIVED,3933103d-3cfd-4219-ba2e-d85d54bebc1b,035853d5-1ae9-4000-b829-6a46f07d00fa,c1,DROP,1016,e11,?,
1769471464.242692,SENT,1a1485e8-c0ba-4bbe-bbb5-a12c6be6080c,0443a1e1-a601-410b-95d1-36546b361b1e,c4,None,1131,?,x2,
1769471464.2427344,FORWARDED,1a1485e8-c0ba-4bbe-bbb5-a12c6be6080c,0443a1e1-a601-410b-95d1-36546b361b1e,c4,None,1131,?,x2,
1769471464.243649,RECEIVED,ce777cc0-7fe8-4dcc-9419-86f75d9530e5,8369af47-2b08-41c7-a315-350b5dfa2a2e,c1,DROP,1005,e5,?,
1769471464.3280277,RECEIVED,42972042-75d2-4ae6-841c-14d4c1071b1c,19d2d4f6-d962-4b6f-aaf3-cf3c40ac708f,c4,DROP,1007,e6,?,
1769471464.369955,SENT,3933103d-3cfd-4219-ba2e-d85d54bebc1b,035853d5-1ae9-4000-b829-6a46f07d00fa,c1,DROP,688,?,x3,
1769471464.3699954,FORWARDED,3933103d-3cfd-4219-ba2e-d85d54bebc1b,035853d5-1ae9-4000-b829-6a46f07d00fa,c1,DROP,688,?,x3,
1769471464.8682396,SENT,42972042-75d2-4ae6-841c-14d4c1071b1c,19d2d4f6-d962-4b6f-aaf3-cf3c40ac708f,c4,DROP,683,?,x7,
1769471464.8682802,FORWARDED,42972042-75d2-4ae6-841c-14d4c1071b1c,19d2d4f6-d962-4b6f-aaf3-cf3c40ac708f,c4,DROP,683,?,x7,
1769471464.887946,RECEIVED,ff9cbf38-04e0-4d4f-8796-7063caf4dd04,1f4e8110-23b6-4fc2-b9cf-c98e723f7705,c5,DROP,1010,e2,?,
1769471464.9700608,SENT,ff9cbf38-04e0-4d4f-8796-7063caf4dd04,1f4e8110-23b6-4fc2-b9cf-c98e723f7705,c5,DROP,683,?,x3,
1769471464.9700992,FORWARDED,ff9cbf38-04e0-4d4f-8796-7063caf4dd04,1f4e8110-23b6-4fc2-b9cf-c98e723f7705,c5,DROP,683,?,x3,
1769471465.098635,RECEIVED,100123e6-f153-4581-b68e-70ebaf0964f6,3f8a1f4e-9db7-4387-9cc5-e0f729c2ba1b,c3,DROP,437,x4,?,
1769471465.2731357,SENT,0de80dfd-763f-4e4d-b51b-56c3fa213591,a72482b3-bd98-470a-a04b-58cace014dae,c1,DROP,689,?,x10,
1769471465.2731757,FORWARDED,0de80dfd-763f-4e4d-b51b-56c3fa213591,a72482b3-bd98-470a-a04b-58cace014dae,c1,DROP,689,?,x10,
1769471465.3939602,RECEIVED,87ae519a-ec48-4abf-8dd0-e644974d304d,29a76c46-cb6c-4bd1-af57-b467a25f9e8a,c3,DROP,999,e1,?,
1769471465.4332843,RECEIVED,78b8c741-09a0-4a7f-939c-0a17872fa1f7,aa024f2a-4c31-4081-aff6-5f2c952c3964,c2,DROP,1008,e12,?,
1769471465.470236,SENT,ce777cc0-7fe8-4dcc-9419-86f75d9530e5,8369af47-2b08-41c7-a315-350b5dfa2a2e,c1,DROP,682,?,x9,
1769471465.4702928,FORWARDED,ce777cc0-7fe8-4dcc-9419-86f75d9530e5,8369af47-2b08-41c7-a315-350b5dfa2a2e,c1,DROP,682,?,x9,
1769471465.4856145,RECEIVED,77b6e469-38ec-43a0-b031-0e61cfa584cc,1c32f3e1-c50a-4c43-8483-0244d7dd3d21,c4,c3,1776,e8,?,
1769471465.684963,SENT,78b8c741-09a0-4a7f-939c-0a17872fa1f7,aa024f2a-4c31-4081-aff6-5f2c952c3964,c2,DROP,684,?,x7,
1769471465.6850045,FORWARDED,78b8c741-09a0-4a7f-939c-0a17872fa1f7,aa024f2a-4c31-4081-aff6-5f2c952c3964,c2,DROP,684,?,x7,
1769471465.7732449,RECEIVED,a6fde98b-c4ad-4d1a-8976-6cf4b1594266,9e767416-efcf-46e4-b5a5-719e96edb911,c3,c1,1772,e4,?,
1769471465.9554663,SENT,a6fde98b-c4ad-4d1a-8976-6cf4b1594266,9e767416-efcf-46e4-b5a5-719e96edb911,c3,c1,1255,?,x5,
1769471465.9555192,FORWARDED,a6fde98b-c4ad-4d1a-8976-6cf4b1594266,9e767416-efcf-46e4-b5a5-719e96edb911,c3,c1,1255,?,x5,
1769471466.2129724,SENT,87ae519a-ec48-4abf-8dd0-e644974d304d,29a76c46-cb6c-4bd1-af57-b467a25f9e8a,c3,DROP,678,?,x8,
1769471466.2130127,FORWARDED,87ae519a-ec48-4abf-8dd0-e644974d304d,29a76c46-cb6c-4bd1-af57-b467a25f9e8a,c3,DROP,678,?,x8,
1769471466.6175048,SENT,77b6e469-38ec-43a0-b031-0e61cfa584cc,1c32f3e1-c50a-4c43-8483-0244d7dd3d21,c4,c3,1259,?,x12,
1769471466.6175468,FORWARDED,77b6e469-38ec-43a0-b031-0e61cfa584cc,1c32f3e1-c50a-4c43-8483-0244d7dd3d21,c4,c3,1259,?,x12,
1769471466.6680193,RECEIVED,bc40b152-bb3f-46ac-bb78-a092b8199d8c,144e4817-5719-498c-8fa3-bc710eb686cb,c5,DROP,1011,e3,?,
1769471466.6888852,RECEIVED,34d27a1e-304a-4c61-a2c8-fa39d3afb8ee,dd1bb755-275d-4141-8fb5-739082282ab5,c2,DROP,1004,e1,?,
1769471466.7728937,RECEIVED,d27ecfa1-2482-4d1e-be1a-78247c7a80b3,d4d1ff7b-7ee0-4113-aa16-a3e168455ab8,c1,DROP,443,x8,?,
1769471467.0528843,SENT,bc40b152-bb3f-46ac-bb78-a092b8199d8c,144e4817-5719-498c-8fa3-bc710eb686cb,c5,DROP,686,?,x11,
1769471467.0529199,FORWARDED,bc40b152-bb3f-46ac-bb78-a092b8199d8c,144e4817-5719-498c-8fa3-bc710eb686cb,c5,DROP,686,?,x11,
1769471467.0898905,SENT,34d27a1e-304a-4c61-a2c8-fa39d3afb8ee,dd1bb755-275d-4141-8fb5-739082282ab5,c2,DROP,681,?,x3,
1769471467.0899343,FORWARDED,34d27a1e-304a-4c61-a2c8-fa39d3afb8ee,dd1bb755-275d-4141-8fb5-739082282ab5,c2,DROP,681,?,x3,
1769471467.2017815,RECEIVED,2177bac2-d7e0-4bb7-b084-4e78b3f6736a,a48d8e40-7cba-4d8b-90aa-677c28bf0a7f,c2,DROP,1011,e4,?,
1769471467.3002567,RECEIVED,7afbd083-b6c0-44bb-958a-535cfd8ca19a,ba399f56-2586-4b1c-9642-aff9ecf43296,c2,c4,1767,e7,?,
1769471467.3745413,RECEIVED,38beb095-b396-46de-9deb-95f04b8e7b07,e1e7a7e8-a48b-408b-933b-648738eea340,c4,DROP,441,x6,?,
1769471467.4171672,SENT,7afbd083-b6c0-44bb-958a-535cfd8ca19a,ba399f56-2586-4b1c-9642-aff9ecf43296,c2,c4,1252,?,x5,
1769471467.417207,FORWARDED,7afbd083-b6c0-44bb-958a-535cfd8ca19a,ba399f56-2586-4b1c-9642-aff9ecf43296,c2,c4,1252,?,x5,
1769471467.5084016,RECEIVED,7bf836f3-e0d0-4eec-abac-407a52f1bb8d,2696e2d2-1f84-4b4d-9972-0562a3fa48fc,c3,DROP,1008,e12,?,
1769471467.5419085,RECEIVED,01fdc6bd-16f5-46e9-8b35-b2bfe5cb0967,bbf0778e-6d26-4cca-8557-60dd44293cd0,c4,DROP,1007,e11,?,
1769471467.6073313,RECEIVED,0327985b-7247-46ff-8751-a4b9e529a923,b664cf03-1774-4f8b-bed4-01e4c6819d23,c5,DROP,1011,e5,?,
1769471467.6703317,RECEIVED,7a9965d9-0dd7-43c1-82d8-3d1a2111e9c3,6899799f-0d9e-4292-a824-256cf6b256a3,c4,DROP,1014,e7,?,
1769471467.7229896,SENT,7a9965d9-0dd7-43c1-82d8-3d1a2111e9c3,6899799f-0d9e-4292-a824-256cf6b256a3,c4,DROP,685,?,x8,
1769471467.723032,FORWARDED,7a9965d9-0dd7-43c1-82d8-3d1a2111e9c3,6899799f-0d9e-4292-a824-256cf6b256a3,c4,DROP,685,?,x8,
1769471467.8425825,SENT,7bf836f3-e0d0-4eec-abac-407a52f1bb8d,2696e2d2-1f84-4b4d-9972-0562a3fa48fc,c3,DROP,684,?,x3,
1769471467.842623,FORWARDED,7bf836f3-e0d0-4eec-abac-407a52f1bb8d,2696e2d2-1f84-4b4d-9972-0562a3fa48fc,c3,DROP,684,?,x3,
1769471467.8828168,RECEIVED,d5b46468-a97c-4419-93b0-fe93d78fc5a8,d6bdfe3a-7a81-44ab-b044-f9b26cee41f1,c3,DROP,1016,e4,?,
1769471467.9856741,SENT,d5b46468-a97c-4419-93b0-fe93d78fc5a8,d6bdfe3a-7a81-44ab-b044-f9b26cee41f1,c3,DROP,689,?,x7,
1769471467.9857168,FORWARDED,d5b46468-a97c-4419-93b0-fe93d78fc5a8,d6bdfe3a-7a81-44ab-b044-f9b26cee41f1,c3,DROP,689,?,x7,
1769471468.0045342,SENT,2177bac2-d7e0-4bb7-b084-4e78b3f6736a,a48d8e40-7cba-4d8b-90aa-677c28bf0a7f,c2,DROP,687,?,x2,
1769471468.0045745,FORWARDED,2177bac2-d7e0-4bb7-b084-4e78b3f6736a,a48d8e40-7cba-4d8b-90aa-677c28bf0a7f,c2,DROP,687,?,x2,
1769471468.047567,RECEIVED,a116bd67-fe6a-411f-92bf-cd8edc627904,81215528-42c5-41e7-a2ca-00c939809650,c2,DROP,1007,e9,?,
1769471468.1612425,SENT,0327985b-7247-46ff-8751-a4b9e529a923,b664cf03-1774-4f8b-bed4-01e4c6819d23,c5,DROP,685,?,x9,
1769471468.1612957,FORWARDED,0327985b-7247-46ff-8751-a4b9e529a923,b664cf03-1774-4f8b-bed4-01e4c6819d23,c5,DROP,685,?,x9,
1769471468.196795,RECEIVED,ec16e6da-28c7-4402-99f0-097734779942,5c2c45bf-3777-48dc-bc0a-20000e4517b4,c4,c3,1781,e12,?,
1769471468.2643175,SENT,ec16e6da-28c7-4402-99f0-097734779942,5c2c45bf-3777-48dc-bc0a-20000e4517b4,c4,c3,1262,?,x3,
1769471468.2643547,FORWARDED,ec16e6da-28c7-4402-99f0-097734779942,5c2c45bf-3777-48dc-bc0a-20000e4517b4,c4,c3,1262,?,x3,
1769471468.325223,SENT,01fdc6bd-16f5-46e9-8b35-b2bfe5cb0967,bbf0778e-6d26-4cca-8557-60dd44293cd0,c4,DROP,684,?,x9,
1769471468.325259,FORWARDED,01fdc6bd-16f5-46e9-8b35-b2bfe5cb0967,bbf0778e-6d26-4cca-8557-60dd44293cd0,c4,DROP,684,?,x9,
1769471468.5609405,RECEIVED,40823995-0c3a-4db4-9029-882a9160e4db,30b30adf-ab29-4982-8707-5310e3c1eecb,c1,DROP,442,x4,?,
1769471468.61819,RECEIVED,73fb2b72-3f27-4144-a306-8eaf62574716,9ee56481-8d11-4928-af66-9eab523fdf06,c1,DROP,1009,e9,?,
1769471468.7674496,RECEIVED,cd7411af-2ee7-4eb7-a411-cf909446430a,1d45bc57-5669-490b-bb60-30875fe7ecab,c5,c1,1772,e9,?,
1769471468.7764444,SENT,a116bd67-fe6a-411f-92bf-cd8edc627904,81215528-42c5-41e7-a2ca-00c939809650,c2,DROP,684,?,x6,
1769471468.7764874,FORWARDED,a116bd67-fe6a-411f-92bf-cd8edc627904,81215528-42c5-41e7-a2ca-00c939809650,c2,DROP,684,?,x6,
1769471468.9306958,RECEIVED,1d201e9d-ece8-48e3-8c10-7859758eed04,c99c6a6c-2310-4aa9-b800-512e69d805fd,c2,c4,1769,e11,?,
1769471468.9406123,SENT,73fb2b72-3f27-4144-a306-8eaf62574716,9ee56481-8d11-4928-af66-9eab523fdf06,c1,DROP,683,?,x12,
1769471468.9406557,FORWARDED,73fb2b72-3f27-4144-a306-8eaf62574716,9ee56481-8d11-4928-af66-9eab523fdf06,c1,DROP,683,?,x12,
1769471468.9590836,SENT,1d201e9d-ece8-48e3-8c10-7859758eed04,c99c6a6c-2310-4aa9-b800-512e69d805fd,c2,c4,1254,?,x3,
1769471468.9591296,FORWARDED,1d201e9d-ece8-48e3-8c10-7859758eed04,c99c6a6c-2310-4aa9-b800-512e69d805fd,c2,c4,1254,?,x3,
1769471469.1400735,SENT,cd7411af-2ee7-4eb7-a411-cf909446430a,1d45bc57-5669-490b-bb60-30875fe7ecab,c5,c1,1255,?,x11,
1769471469.1401236,FORWARDED,cd7411af-2ee7-4eb7-a411-cf909446430a,1d45bc57-5669-490b-bb60-30875fe7ecab,c5,c1,1255,?,x11,
1769471469.179575,RECEIVED,c332f0ef-d770-401e-9b80-cca27ae3b852,deb12199-cadb-486e-b05e-7f008f0aafb7,c4,DROP,441,x11,?,
1769471469.2607534,RECEIVED,32d2cb17-2f07-4225-b2c0-4d2acec0b98a,1d437071-7aa8-4299-9a5b-0d1c1febb378,c4,DROP,1008,e3,?,
1769471469.4765072,RECEIVED,f345678c-db1b-4768-ba71-46922454e2a4,a07d2c39-0902-4a0e-9ca7-f72b37e111e5,c3,DROP,442,x6,?,
1769471469.4852998,RECEIVED,ef300a5b-3d0a-4140-aef0-70ddf611d2ac,c940d05c-26f2-4770-8b31-0bd255e2e6e9,c3,DROP,1012,e6,?,
1769471469.4953387,SENT,32d2cb17-2f07-4225-b2c0-4d2acec0b98a,1d437071-7aa8-4299-9a5b-0d1c1febb378,c4,DROP,684,?,x2,
1769471469.4953818,FORWARDED,32d2cb17-2f07-4225-b2c0-4d2acec0b98a,1d437071-7aa8-4299-9a5b-0d1c1febb378,c4,DROP,684,?,x2,
1769471469.5467966,SENT,ef300a5b-3d0a-4140-aef0-70ddf611d2ac,c940d05c-26f2-4770-8b31-0bd255e2e6e9,c3,DROP,687,?,x9,
1769471469.5468378,FORWARDED,ef300a5b-3d0a-4140-aef0-70ddf611d2ac,c940d05c-26f2-4770-8b31-0bd255e2e6e9,c3,DROP,687,?,x9,
1769471469.5638077,RECEIVED,15fc1765-df2b-46ce-82dd-82fd9eb8d611,a8847b1d-b2c2-40ba-9072-69c3f373d719,c5,DROP,442,x7,?,
1769471469.5864427,RECEIVED,20804c86-388b-46f7-86b6-fb3bb9d99889,121bd435-4fb9-4fac-8b0d-b2a1034028df,c5,DROP,1004,e2,?,
1769471469.7079706,RECEIVED,cd6a8bad-9b03-4f14-bc78-6378bc920916,dcf15280-1ca1-4a82-adab-56d1eea2fb3f,c1,DROP,1007,e9,?,
1769471469.7189362,SENT,20804c86-388b-46f7-86b6-fb3bb9d99889,121bd435-4fb9-4fac-8b0d-b2a1034028df,c5,DROP,680,?,x8,
1769471469.718979,FORWARDED,20804c86-388b-46f7-86b6-fb3bb9d99889,121bd435-4fb9-4fac-8b0d-b2a1034028df,c5,DROP,680,?,x8,
1769471469.7743897,RECEIVED,aeccb5d7-cde5-49bf-8e19-aa008aa27583,0c20dce4-d28d-4c89-b5cc-785bf9b34a9c,c4,DROP,1011,e9,?,
1769471469.7865233,RECEIVED,4fa53c03-ad2a-475b-ae78-eebf5d96569a,8cc74cef-3b7f-4123-a9d6-09950df750ca,c2,DROP,1009,e5,?,
1769471469.9250135,SENT,aeccb5d7-cde5-49bf-8e19-aa008aa27583,0c20dce4-d28d-4c89-b5cc-785bf9b34a9c,c4,DROP,687,?,x6,
1769471469.9250612,FORWARDED,aeccb5d7-cde5-49bf-8e19-aa008aa27583,0c20dce4-d28d-4c89-b5cc-785bf9b34a9c,c4,DROP,687,?,x6,
1769471469.995754,RECEIVED,997fdc92-a7db-4070-8438-9eb6855301fe,6d4cc4e1-f877-442e-a335-8f29065f3424,c2,DROP,1007,e3,?,
1769471470.1101224,RECEIVED,6053950e-58ba-4eac-a29a-80304bf0acb3,62cb527c-d7d9-4a35-b2d4-f7fef6776174,c4,DROP,1015,e2,?,
1769471470.2691984,SENT,4fa53c03-ad2a-475b-ae78-eebf5d96569a,8cc74cef-3b7f-4123-a9d6-09950df750ca,c2,DROP,684,?,x11,
1769471470.269242,FORWARDED,4fa53c03-ad2a-475b-ae78-eebf5d96569a,8cc74cef-3b7f-4123-a9d6-09950df750ca,c2,DROP,684,?,x11,
1769471470.2918296,RECEIVED,83c2f8fc-de25-4cd5-bab0-e9562b270a88,7142643f-4cf4-4261-b53d-eb0d822acfe3,c4,DROP,1012,e1,?,
1769471470.373179,SENT,6053950e-58ba-4eac-a29a-80304bf0acb3,62cb527c-d7d9-4a35-b2d4-f7fef6776174,c4,DROP,688,?,x5,
1769471470.3732214,FORWARDED,6053950e-58ba-4eac-a29a-80304bf0acb3,62cb527c-d7d9-4a35-b2d4-f7fef6776174,c4,DROP,688,?,x5,
1769471470.5033672,SENT,83c2f8fc-de25-4cd5-bab0-e9562b270a88,7142643f-4cf4-4261-b53d-eb0d822acfe3,c4,DROP,685,?,x2,
1769471470.503407,FORWARDED,83c2f8fc-de25-4cd5-bab0-e9562b270a88,7142643f-4cf4-4261-b53d-eb0d822acfe3,c4,DROP,685,?,x2,
1769471470.9090114,RECEIVED,dca86c91-9435-4a0e-86a6-b418661e880c,8825803e-28af-4604-8a0c-aa86b127c1a5,c1,DROP,1015,e2,?,
1769471470.9308755,RECEIVED,d6b4a4fc-97d8-4c40-8900-241c38f42c9c,113595ee-3753-4980-b628-473fda6b93d0,c3,DROP,1019,e12,?,
1769471470.9360604,RECEIVED,d65be548-c7ae-4b54-b9a4-3e522edf18c2,a6049c45-1d6a-4ab7-8b9d-2b95439c4165,c5,DROP,1016,e8,?,
1769471471.0331979,SENT,d6b4a4fc-97d8-4c40-8900-241c38f42c9c,113595ee-3753-4980-b628-473fda6b93d0,c3,DROP,692,?,x4,
1769471471.03324,FORWARDED,d6b4a4fc-97d8-4c40-8900-241c38f42c9c,113595ee-3753-4980-b628-473fda6b93d0,c3,DROP,692,?,x4,
1769471471.0817127,RECEIVED,341dc56a-b798-4ddc-bbc5-64a5b9d4b07c,4bf5cef6-4e92-47cc-8ecf-14c885b181bd,c2,DROP,1006,e9,?,
1769471471.1581023,SENT,d65be548-c7ae-4b54-b9a4-3e522edf18c2,a6049c45-1d6a-4ab7-8b9d-2b95439c4165,c5,DROP,688,?,x8,
1769471471.158142,FORWARDED,d65be548-c7ae-4b54-b9a4-3e522edf18c2,a6049c45-1d6a-4ab7-8b9d-2b95439c4165,c5,DROP,688,?,x8,
1769471471.2790623,SENT,dca86c91-9435-4a0e-86a6-b418661e880c,8825803e-28af-4604-8a0c-aa86b127c1a5,c1,DROP,689,?,x8,
1769471471.279107,FORWARDED,dca86c91-9435-4a0e-86a6-b418661e880c,8825803e-28af-4604-8a0c-aa86b127c1a5,c1,DROP,689,?,x8,
1769471471.3156767,SENT,997fdc92-a7db-4070-8438-9eb6855301fe,6d4cc4e1-f877-442e-a335-8f29065f3424,c2,DROP,684,?,x2,
1769471471.315719,FORWARDED,997fdc92-a7db-4070-8438-9eb6855301fe,6d4cc4e1-f877-442e-a335-8f29065f3424,c2,DROP,684,?,x2,
1769471471.5633097,RECEIVED,ebd93384-00b4-4746-9068-1ea2bf338f71,93d092c0-e261-42e8-a2c3-b55ff2780b04,c5,DROP,1013,e5,?,
1769471471.6065948,RECEIVED,d8f94e29-1a91-4fc5-a486-b7cbdbb98cf6,34bcc87b-0f49-4b9d-a95a-0a79b5862364,c5,c1,1775,e11,?,
1769471471.870602,RECEIVED,75927e65-1877-4a01-827f-64c8c1d160d7,89bcac26-94c5-4343-866a-ce623beda5ee,c4,DROP,1006,e11,?,
1769471471.933372,SENT,d8f94e29-1a91-4fc5-a486-b7cbdbb98cf6,34bcc87b-0f49-4b9d-a95a-0a79b5862364,c5,c1,1260,?,x6,
1769471471.933415,FORWARDED,d8f94e29-1a91-4fc5-a486-b7cbdbb98cf6,34bcc87b-0f49-4b9d-a95a-0a79b5862364,c5,c1,1260,?,x6,
1769471472.0344946,SENT,ebd93384-00b4-4746-9068-1ea2bf338f71,93d092c0-e261-42e8-a2c3-b55ff2780b04,c5,DROP,687,?,x11,
1769471472.034535,FORWARDED,ebd93384-00b4-4746-9068-1ea2bf338f71,93d092c0-e261-42e8-a2c3-b55ff2780b04,c5,DROP,687,?,x11,
1769471472.0356493,RECEIVED,11c71948-c8a4-45db-8db2-99383a224ae0,ecdf76ff-047b-4980-8882-46a84d535ebf,c4,c3,1767,e2,?,
1769471472.0926645,SENT,341dc56a-b798-4ddc-bbc5-64a5b9d4b07c,4bf5cef6-4e92-47cc-8ecf-14c885b181bd,c2,DROP,684,?,x9,
1769471472.0927062,FORWARDED,341dc56a-b798-4ddc-bbc5-64a5b9d4b07c,4bf5cef6-4e92-47cc-8ecf-14c885b181bd,c2,DROP,684,?,x9,
1769471472.2178195,RECEIVED,a64ec307-9f35-4534-82a8-19cbcb1b04a0,c501a662-6000-482b-9a39-b6cdeeec1116,c1,DROP,1020,e1,?,
1769471472.222758,SENT,cd6a8bad-9b03-4f14-bc78-6378bc920916,dcf15280-1ca1-4a82-adab-56d1eea2fb3f,c1,DROP,682,?,x8,
1769471472.2227972,FORWARDED,cd6a8bad-9b03-4f14-bc78-6378bc920916,dcf15280-1ca1-4a82-adab-56d1eea2fb3f,c1,DROP,682,?,x8,
1769471472.4663455,RECEIVED,a562a961-d229-4ed6-8f65-0023b784df39,5d731a25-f223-4c1f-8535-3b3b262c102d,c4,DROP,1007,e9,?,
1769471472.6223164,SENT,a562a961-d229-4ed6-8f65-0023b784df39,5d731a25-f223-4c1f-8535-3b3b262c102d,c4,DROP,683,?,x10,
1769471472.622368,FORWARDED,a562a961-d229-4ed6-8f65-0023b784df39,5d731a25-f223-4c1f-8535-3b3b262c102d,c4,DROP,683,?,x10,
1769471472.7411108,RECEIVED,c4ecc669-0a06-4079-8eef-008b4ad511cf,8021c024-5e16-4f22-9e72-6e8ba56b10a5,c3,c1,1772,e9,?,
1769471472.828095,SENT,c4ecc669-0a06-4079-8eef-008b4ad511cf,8021c024-5e16-4f22-9e72-6e8ba56b10a5,c3,c1,1255,?,x9,
1769471472.828139,FORWARDED,c4ecc669-0a06-4079-8eef-008b4ad511cf,8021c024-5e16-4f22-9e72-6e8ba56b10a5,c3,c1,1255,?,x9,
1769471473.0559032,RECEIVED,617c3dd0-4c7c-46cd-8aee-b944f94edb46,625f91bb-e32c-447a-93a9-d4864f54c2a0,c1,DROP,1016,e9,?,
1769471473.1012437,RECEIVED,b8e121b9-e1fc-4a1d-b3ac-983db5d7daa6,7dbcfeab-f537-403f-a78f-680f8c28c7c4,c5,c1,1773,e6,?,
1769471473.2776713,RECEIVED,c7e6ea6d-7844-43bd-bea8-905d295fb720,388ba1b0-18c3-4664-9936-15f132b914b1,c2,c4,1764,e12,?,
1769471473.293571,SENT,b8e121b9-e1fc-4a1d-b3ac-983db5d7daa6,7dbcfeab-f537-403f-a78f-680f8c28c7c4,c5,c1,1255,?,x11,
1769471473.293614,FORWARDED,b8e121b9-e1fc-4a1d-b3ac-983db5d7daa6,7dbcfeab-f537-403f-a78f-680f8c28c7c4,c5,c1,1255,?,x11,
1769471473.3378887,RECEIVED,527d4ec8-f38a-437b-8cae-68160a0beea1,eb68e51d-b8d3-4421-adef-ca5ecea80f1d,c3,DROP,1016,e12,?,
1769471473.4194834,SENT,c7e6ea6d-7844-43bd-bea8-905d295fb720,388ba1b0-18c3-4664-9936-15f132b914b1,c2,c4,1250,?,x6,
1769471473.4195242,FORWARDED,c7e6ea6d-7844-43bd-bea8-905d295fb720,388ba1b0-18c3-4664-9936-15f132b914b1,c2,c4,1250,?,x6,
1769471473.5546577,SENT,527d4ec8-f38a-437b-8cae-68160a0beea1,eb68e51d-b8d3-4421-adef-ca5ecea80f1d,c3,DROP,688,?,x3,
1769471473.5546985,FORWARDED,527d4ec8-f38a-437b-8cae-68160a0beea1,eb68e51d-b8d3-4421-adef-ca5ecea80f1d,c3,DROP,688,?,x3,
1769471473.579742,SENT,617c3dd0-4c7c-46cd-8aee-b944f94edb46,625f91bb-e32c-447a-93a9-d4864f54c2a0,c1,DROP,688,?,x10,
1769471473.579779,FORWARDED,617c3dd0-4c7c-46cd-8aee-b944f94edb46,625f91bb-e32c-447a-93a9-d4864f54c2a0,c1,DROP,688,?,x10,
1769471473.6336699,SENT,a64ec307-9f35-4534-82a8-19cbcb1b04a0,c501a662-6000-482b-9a39-b6cdeeec1116,c1,DROP,693,?,x10,
1769471473.633708,FORWARDED,a64ec307-9f35-4534-82a8-19cbcb1b04a0,c501a662-6000-482b-9a39-b6cdeeec1116,c1,DROP,693,?,x10,
1769471473.6436024,SENT,11c71948-c8a4-45db-8db2-99383a224ae0,ecdf76ff-047b-4980-8882-46a84d535ebf,c4,c3,1252,?,x6,
1769471473.6436424,FORWARDED,11c71948-c8a4-45db-8db2-99383a224ae0,ecdf76ff-047b-4980-8882-46a84d535ebf,c4,c3,1252,?,x6,
1769471473.9133286,SENT,75927e65-1877-4a01-827f-64c8c1d160d7,89bcac26-94c5-4343-866a-ce623beda5ee,c4,DROP,684,?,x2,
1769471473.91337,FORWARDED,75927e65-1877-4a01-827f-64c8c1d160d7,89bcac26-94c5-4343-866a-ce623beda5ee,c4,DROP,684,?,x2,
1769471474.2521403,RECEIVED,0c13cb56-2e51-4d73-8fb7-a4e075e1f7be,5d927b1d-c47c-4a1d-b122-035eb31ee781,c3,DROP,1007,e8,?,
1769471474.8139813,RECEIVED,5fa7d0ea-a8a7-4117-8b9c-2a401aad6026,b9c62fcc-552d-48a2-b999-98058179d417,c4,DROP,1014,e6,?,
1769471474.8591108,SENT,0c13cb56-2e51-4d73-8fb7-a4e075e1f7be,5d927b1d-c47c-4a1d-b122-035eb31ee781,c3,DROP,684,?,x12,
1769471474.8591485,FORWARDED,0c13cb56-2e51-4d73-8fb7-a4e075e1f7be,5d927b1d-c47c-4a1d-b122-035eb31ee781,c3,DROP,684,?,x12,
1769471474.8686047,RECEIVED,e7c4cf24-00a8-47a5-b9c0-f824ecbd12f1,89febeaa-7779-40c3-856f-cc0a1ea615e1,c4,DROP,1008,e12,?,
1769471474.8795712,RECEIVED,43682238-f599-4931-bcf3-4437dfc1ea06,b518e5b7-3f38-475a-bdb7-fabf96eaf22f,c4,DROP,1011,e11,?,
1769471474.905289,RECEIVED,ad11e0a3-36e4-4eb2-9d03-67b4caa2d221,b3c7ff49-8790-4cf0-aabc-7ab55c2a635a,c4,DROP,1007,e12,?,
1769471475.0534112,SENT,43682238-f599-4931-bcf3-4437dfc1ea06,b518e5b7-3f38-475a-bdb7-fabf96eaf22f,c4,DROP,685,?,x2,
1769471475.0534525,FORWARDED,43682238-f599-4931-bcf3-4437dfc1ea06,b518e5b7-3f38-475a-bdb7-fabf96eaf22f,c4,DROP,685,?,x2,
1769471475.2076137,RECEIVED,e33617be-5e3e-400d-914a-35e3a36a7cf7,054fd688-ec06-4ccf-9f51-b21094d761ab,c2,DROP,442,x8,?,
1769471475.294185,RECEIVED,d2071d54-7de7-44d7-a638-dc25728850dc,0f55338c-d142-4e5e-a281-154e46455596,c5,DROP,1004,e4,?,
1769471475.3333588,RECEIVED,e27a1cda-3fd5-4400-89b7-2f18c6404de4,959e7a3b-6523-42d5-b35e-5879c3318358,c4,DROP,1011,e7,?,
1769471475.3569086,SENT,e7c4cf24-00a8-47a5-b9c0-f824ecbd12f1,89febeaa-7779-40c3-856f-cc0a1ea615e1,c4,DROP,683,?,x5,
1769471475.356948,FORWARDED,e7c4cf24-00a8-47a5-b9c0-f824ecbd12f1,89febeaa-7779-40c3-856f-cc0a1ea615e1,c4,DROP,683,?,x5,
1769471475.3722105,RECEIVED,43f18f7e-2031-4d33-ab61-c1e2900f68f3,fa52fd5d-b3d5-4192-86b4-b7af71d322f2,c1,DROP,1012,e11,?,
1769471475.3929944,SENT,5fa7d0ea-a8a7-4117-8b9c-2a401aad6026,b9c62fcc-552d-48a2-b999-98058179d417,c4,DROP,688,?,x8,
1769471475.393035,FORWARDED,5fa7d0ea-a8a7-4117-8b9c-2a401aad6026,b9c62fcc-552d-48a2-b999-98058179d417,c4,DROP,688,?,x8,
1769471475.4008944,SENT,d2071d54-7de7-44d7-a638-dc25728850dc,0f55338c-d142-4e5e-a281-154e46455596,c5,DROP,680,?,x4,
1769471475.4009323,FORWARDED,d2071d54-7de7-44d7-a638-dc25728850dc,0f55338c-d142-4e5e-a281-154e46455596,c5,DROP,680,?,x4,
1769471475.4423108,RECEIVED,d7bf66e0-900a-47fb-84d2-3601cd506c3e,6819dc5a-7b9a-46c6-a1ee-5efa40e0eff1,c5,DROP,1012,e1,?,
1769471475.4635568,RECEIVED,c00c1fef-16e5-4eda-b491-37e5edf8fa41,e7175576-e211-4543-85cf-8c8c102548ef,c4,None,1607,e10,?,
1769471475.4744987,SENT,ad11e0a3-36e4-4eb2-9d03-67b4caa2d221,b3c7ff49-8790-4cf0-aabc-7ab55c2a635a,c4,DROP,684,?,x1,
1769471475.4745347,FORWARDED,ad11e0a3-36e4-4eb2-9d03-67b4caa2d221,b3c7ff49-8790-4cf0-aabc-7ab55c2a635a,c4,DROP,684,?,x1,
1769471475.5364616,SENT,d7bf66e0-900a-47fb-84d2-3601cd506c3e,6819dc5a-7b9a-46c6-a1ee-5efa40e0eff1,c5,DROP,685,?,x7,
1769471475.5364993,FORWARDED,d7bf66e0-900a-47fb-84d2-3601cd506c3e,6819dc5a-7b9a-46c6-a1ee-5efa40e0eff1,c5,DROP,685,?,x7,
1769471475.6042514,SENT,e27a1cda-3fd5-4400-89b7-2f18c6404de4,959e7a3b-6523-42d5-b35e-5879c3318358,c4,DROP,687,?,x1,
1769471475.604295,FORWARDED,e27a1cda-3fd5-4400-89b7-2f18c6404de4,959e7a3b-6523-42d5-b35e-5879c3318358,c4,DROP,687,?,x1,
1769471475.6134307,RECEIVED,c9c2e08f-ceaf-47f4-83d4-ca96e337ccb2,0f566279-0925-42f5-ba30-0a5d7547b86e,c3,DROP,1007,e11,?,
1769471475.6427498,RECEIVED,2e75794e-65d4-4756-a59a-07d901292d96,c67db421-9c29-4faf-bb87-51bcda4da109,c5,DROP,1019,e10,?,
1769471475.7298036,SENT,43f18f7e-2031-4d33-ab61-c1e2900f68f3,fa52fd5d-b3d5-4192-86b4-b7af71d322f2,c1,DROP,687,?,x1,
1769471475.7298446,FORWARDED,43f18f7e-2031-4d33-ab61-c1e2900f68f3,fa52fd5d-b3d5-4192-86b4-b7af71d322f2,c1,DROP,687,?,x1,
1769471475.8674712,SENT,c00c1fef-16e5-4eda-b491-37e5edf8fa41,e7175576-e211-4543-85cf-8c8c102548ef,c4,None,1133,?,x6,
1769471475.8675137,FORWARDED,c00c1fef-16e5-4eda-b491-37e5edf8fa41,e7175576-e211-4543-85cf-8c8c102548ef,c4,None,1133,?,x6,
1769471476.0356634,RECEIVED,eccf673d-3254-4024-ab75-a077d5686e64,dad04c94-621d-472f-ba13-0210713c8cd3,c4,DROP,1013,e3,?,
1769471476.0651257,SENT,eccf673d-3254-4024-ab75-a077d5686e64,dad04c94-621d-472f-ba13-0210713c8cd3,c4,DROP,685,?,x2,
1769471476.0651622,FORWARDED,eccf673d-3254-4024-ab75-a077d5686e64,dad04c94-621d-472f-ba13-0210713c8cd3,c4,DROP,685,?,x2,
1769471476.068039,SENT,c9c2e08f-ceaf-47f4-83d4-ca96e337ccb2,0f566279-0925-42f5-ba30-0a5d7547b86e,c3,DROP,682,?,x8,
1769471476.0680892,FORWARDED,c9c2e08f-ceaf-47f4-83d4-ca96e337ccb2,0f566279-0925-42f5-ba30-0a5d7547b86e,c3,DROP,682,?,x8,
1769471476.1504402,RECEIVED,15f32ee4-4fb5-4fea-9642-f0d669aa7688,89f0b8fc-539a-4f9d-8389-3fde663dc627,c3,None,1599,e6,?,
1769471476.3021586,RECEIVED,0a7e39b7-e21f-4255-917e-990b40d6f5fa,b86393c0-9b5d-42c8-afa2-7940638c6903,c2,DROP,441,x10,?,
1769471476.4987211,RECEIVED,6cd7beb8-8c37-4db3-ba95-737e9d30ae6c,96633c3c-abd9-4e4b-97d5-00eaca6dbf15,c1,DROP,1008,e4,?,
1769471476.5968578,SENT,2e75794e-65d4-4756-a59a-07d901292d96,c67db421-9c29-4faf-bb87-51bcda4da109,c5,DROP,692,?,x1,
1769471476.5968993,FORWARDED,2e75794e-65d4-4756-a59a-07d901292d96,c67db421-9c29-4faf-bb87-51bcda4da109,c5,DROP,692,?,x1,
1769471476.73859,RECEIVED,0594365e-0732-454f-9fa5-c41ff575503c,51e827d6-9829-46b1-b6c1-16c26934ff73,c2,DROP,1007,e8,?,
1769471476.7716563,SENT,0594365e-0732-454f-9fa5-c41ff575503c,51e827d6-9829-46b1-b6c1-16c26934ff73,c2,DROP,683,?,x9,
1769471476.7716994,FORWARDED,0594365e-0732-454f-9fa5-c41ff575503c,51e827d6-9829-46b1-b6c1-16c26934ff73,c2,DROP,683,?,x9,
1769471476.8188653,RECEIVED,4cb18dbc-fbd2-4348-94d0-38709494b9eb,3b001164-4085-408a-baf8-f1434e0b8918,c3,DROP,1019,e10,?,
1769471476.8963168,RECEIVED,38c80bff-86ff-4c99-ac69-0c1c5ec30e0b,8970c6f0-bbfa-4596-9d50-cdf955849e01,c3,c1,1783,e3,?,
1769471476.9529362,SENT,6cd7beb8-8c37-4db3-ba95-737e9d30ae6c,96633c3c-abd9-4e4b-97d5-00eaca6dbf15,c1,DROP,684,?,x6,
1769471476.952978,FORWARDED,6cd7beb8-8c37-4db3-ba95-737e9d30ae6c,96633c3c-abd9-4e4b-97d5-00eaca6dbf15,c1,DROP,684,?,x6,
1769471477.025631,RECEIVED,a3a63947-3485-41b3-a0e4-da8559627144,e41e2200-0258-4450-bbf1-ba95f6fa1b94,c5,DROP,1015,e12,?,
1769471477.0812418,SENT,4cb18dbc-fbd2-4348-94d0-38709494b9eb,3b001164-4085-408a-baf8-f1434e0b8918,c3,DROP,692,?,x2,
1769471477.0812838,FORWARDED,4cb18dbc-fbd2-4348-94d0-38709494b9eb,3b001164-4085-408a-baf8-f1434e0b8918,c3,DROP,692,?,x2,
1769471477.08443,SENT,15f32ee4-4fb5-4fea-9642-f0d669aa7688,89f0b8fc-539a-4f9d-8389-3fde663dc627,c3,None,1127,?,x3,
1769471477.0844736,FORWARDED,15f32ee4-4fb5-4fea-9642-f0d669aa7688,89f0b8fc-539a-4f9d-8389-3fde663dc627,c3,None,1127,?,x3,
1769471477.115572,RECEIVED,d35d73e2-c279-4190-99b0-604beb129c02,7861c7b9-3e98-4d72-b858-2a3aac6699f1,c2,DROP,1015,e5,?,
1769471477.1386487,RECEIVED,613f29fb-538f-4f6a-aeaf-ac899bda4709,19a9c3ed-27ea-46fc-9111-ae0629e8fbb9,c2,DROP,1015,e10,?,
1769471477.1957161,RECEIVED,f7bfa71b-3abb-4a8e-afc1-9c7e00d16dcd,fdd1409b-129f-4e37-ba5c-a5e8f2556fd5,c4,DROP,1012,e5,?,
1769471477.2522197,RECEIVED,268a1dc2-1dfe-4b08-90f0-498e9c1f7d60,1dd1efa6-ca6b-41d4-a8fd-a20169349a24,c2,DROP,1011,e7,?,
1769471477.2860906,SENT,f7bfa71b-3abb-4a8e-afc1-9c7e00d16dcd,fdd1409b-129f-4e37-ba5c-a5e8f2556fd5,c4,DROP,687,?,x2,
1769471477.2861328,FORWARDED,f7bfa71b-3abb-4a8e-afc1-9c7e00d16dcd,fdd1409b-129f-4e37-ba5c-a5e8f2556fd5,c4,DROP,687,?,x2,
1769471477.5401933,SENT,268a1dc2-1dfe-4b08-90f0-498e9c1f7d60,1dd1efa6-ca6b-41d4-a8fd-a20169349a24,c2,DROP,687,?,x3,
1769471477.5402355,FORWARDED,268a1dc2-1dfe-4b08-90f0-498e9c1f7d60,1dd1efa6-ca6b-41d4-a8fd-a20169349a24,c2,DROP,687,?,x3,
1769471477.5988753,RECEIVED,924aa34e-4d0f-4154-a4eb-cc1ff5a5cd54,41555558-998a-4881-b6a4-2a673bbde561,c3,DROP,1012,e6,?,
1769471477.799551,SENT,a3a63947-3485-41b3-a0e4-da8559627144,e41e2200-0258-4450-bbf1-ba95f6fa1b94,c5,DROP,689,?,x2,
1769471477.799592,FORWARDED,a3a63947-3485-41b3-a0e4-da8559627144,e41e2200-0258-4450-bbf1-ba95f6fa1b94,c5,DROP,689,?,x2,
1769471477.9710953,SENT,38c80bff-86ff-4c99-ac69-0c1c5ec30e0b,8970c6f0-bbfa-4596-9d50-cdf955849e01,c3,c1,1264,?,x5,
1769471477.9711397,FORWARDED,38c80bff-86ff-4c99-ac69-0c1c5ec30e0b,8970c6f0-bbfa-4596-9d50-cdf955849e01,c3,c1,1264,?,x5,
1769471478.0140853,RECEIVED,d1baba81-15fd-4995-aae7-a74768590429,adfe4ae3-6a5d-4de2-b8be-b58d5f915be2,c3,DROP,1020,e10,?,
1769471478.1183274,RECEIVED,72ad38dd-34fb-4f9f-b709-c3e9f679058e,33d7e624-c80b-4087-a8ed-dd365d9f4914,c2,DROP,1006,e2,?,
1769471478.1497645,RECEIVED,e256020d-7cae-446a-b612-b6e39f00b59f,74fee76e-df03-48a6-b3fc-fba6ef184fdb,c5,DROP,1019,e10,?,
1769471478.2322228,SENT,924aa34e-4d0f-4154-a4eb-cc1ff5a5cd54,41555558-998a-4881-b6a4-2a673bbde561,c3,DROP,685,?,x11,
1769471478.2323635,FORWARDED,924aa34e-4d0f-4154-a4eb-cc1ff5a5cd54,41555558-998a-4881-b6a4-2a673bbde561,c3,DROP,685,?,x11,
1769471478.2534432,SENT,72ad38dd-34fb-4f9f-b709-c3e9f679058e,33d7e624-c80b-4087-a8ed-dd365d9f4914,c2,DROP,683,?,x2,
1769471478.2534811,FORWARDED,72ad38dd-34fb-4f9f-b709-c3e9f679058e,33d7e624-c80b-4087-a8ed-dd365d9f4914,c2,DROP,683,?,x2,
1769471478.2676213,RECEIVED,6cd1f79e-37d4-4d11-b084-e1319c4d0cb7,1d34bcd3-cc73-4c0e-b091-c46bb747210b,c1,DROP,1009,e2,?,
1769471478.3547776,SENT,6cd1f79e-37d4-4d11-b084-e1319c4d0cb7,1d34bcd3-cc73-4c0e-b091-c46bb747210b,c1,DROP,683,?,x7,
1769471478.35482,FORWARDED,6cd1f79e-37d4-4d11-b084-e1319c4d0cb7,1d34bcd3-cc73-4c0e-b091-c46bb747210b,c1,DROP,683,?,x7,
1769471478.366449,SENT,613f29fb-538f-4f6a-aeaf-ac899bda4709,19a9c3ed-27ea-46fc-9111-ae0629e8fbb9,c2,DROP,688,?,x6,
1769471478.366491,FORWARDED,613f29fb-538f-4f6a-aeaf-ac899bda4709,19a9c3ed-27ea-46fc-9111-ae0629e8fbb9,c2,DROP,688,?,x6,
1769471478.396168,SENT,d1baba81-15fd-4995-aae7-a74768590429,adfe4ae3-6a5d-4de2-b8be-b58d5f915be2,c3,DROP,691,?,x11,
1769471478.39622,FORWARDED,d1baba81-15fd-4995-aae7-a74768590429,adfe4ae3-6a5d-4de2-b8be-b58d5f915be2,c3,DROP,691,?,x11,
1769471478.7349353,RECEIVED,d1b92446-ea0f-4601-b6ee-c0c16efcc065,4418b4fe-7813-4ca8-9df5-806ca82a8c4a,c4,c3,1783,e11,?,
1769471478.7857656,RECEIVED,5e0a190b-39ab-4150-a45f-83defd1bbdfa,7acf619d-9da7-4c56-99e6-057e0cc28efc,c2,DROP,441,x5,?,
1769471478.8614588,SENT,e256020d-7cae-446a-b612-b6e39f00b59f,74fee76e-df03-48a6-b3fc-fba6ef184fdb,c5,DROP,692,?,x9,
1769471478.861501,FORWARDED,e256020d-7cae-446a-b612-b6e39f00b59f,74fee76e-df03-48a6-b3fc-fba6ef184fdb,c5,DROP,692,?,x9,
1769471478.916406,SENT,d35d73e2-c279-4190-99b0-604beb129c02,7861c7b9-3e98-4d72-b858-2a3aac6699f1,c2,DROP,688,?,x1,
1769471478.9164484,FORWARDED,d35d73e2-c279-4190-99b0-604beb129c02,7861c7b9-3e98-4d72-b858-2a3aac6699f1,c2,DROP,688,?,x1,
1769471478.9971766,SENT,d1b92446-ea0f-4601-b6ee-c0c16efcc065,4418b4fe-7813-4ca8-9df5-806ca82a8c4a,c4,c3,1264,?,x2,
1769471478.997219,FORWARDED,d1b92446-ea0f-4601-b6ee-c0c16efcc065,4418b4fe-7813-4ca8-9df5-806ca82a8c4a,c4,c3,1264,?,x2,
1769471479.092931,RECEIVED,a4fe3fff-ac44-43cf-b17c-26201f088374,2651a518-c3ee-4054-82a7-eacf87031b7d,c2,c4,1778,e11,?,
1769471479.3959978,RECEIVED,03e5f3d9-b9aa-4d01-9295-61c87fe7b701,6b7a5af9-6d41-4211-b3f2-ad11662659ba,c2,DROP,442,x3,?,
1769471479.9517496,RECEIVED,36cade9f-cc72-48c6-a76c-7e8f01177e60,e1886072-e15d-49b7-91cb-77e0f227e494,c3,DROP,1017,e8,?,
1769471479.9848187,RECEIVED,0eb070a5-008b-46d8-a0d1-e2ea6946051f,fc1bdd5d-46dd-40da-ae26-7459c226d511,c2,c4,1775,e7,?,
1769471479.9933193,RECEIVED,65ccc878-6419-435d-ab92-2e30ad87815e,d8ff218d-412a-4a77-aece-80b1139c1091,c5,c1,1788,e10,?,
1769471480.043908,RECEIVED,01290105-e366-47cc-981e-e5d5012c91ce,52078444-bfe4-429a-802d-5be9acc94960,c2,DROP,1015,e6,?,
1769471480.0628247,RECEIVED,3405c3af-6709-4e48-a2da-1f841c75a73c,d9d279a5-7c1e-4795-b54f-2b15d7e1dae8,c4,c3,1785,e1,?,
1769471480.109295,SENT,3405c3af-6709-4e48-a2da-1f841c75a73c,d9d279a5-7c1e-4795-b54f-2b15d7e1dae8,c4,c3,1264,?,x10,
1769471480.1093302,FORWARDED,3405c3af-6709-4e48-a2da-1f841c75a73c,d9d279a5-7c1e-4795-b54f-2b15d7e1dae8,c4,c3,1264,?,x10,
1769471480.112222,SENT,36cade9f-cc72-48c6-a76c-7e8f01177e60,e1886072-e15d-49b7-91cb-77e0f227e494,c3,DROP,688,?,x12,
1769471480.1122596,FORWARDED,36cade9f-cc72-48c6-a76c-7e8f01177e60,e1886072-e15d-49b7-91cb-77e0f227e494,c3,DROP,688,?,x12,
1769471480.2337077,SENT,a4fe3fff-ac44-43cf-b17c-26201f088374,2651a518-c3ee-4054-82a7-eacf87031b7d,c2,c4,1263,?,x6,
1769471480.2337487,FORWARDED,a4fe3fff-ac44-43cf-b17c-26201f088374,2651a518-c3ee-4054-82a7-eacf87031b7d,c2,c4,1263,?,x6,
1769471480.2397065,RECEIVED,c014d53a-5e43-479d-aba9-5be1679e8ec2,c975bf40-db7f-4d84-a0c8-79b3d33468ce,c1,None,1604,e9,?,
1769471480.2941139,RECEIVED,f9aea6c1-218e-4fde-be5f-8922faeb4c2a,3f5a7fcf-3dc7-4527-b137-9e7c1feeb8e5,c4,DROP,997,e11,?,
1769471480.3330033,RECEIVED,ee2bd44b-31b1-4c02-8bdd-388a3d888603,0089901d-eb87-4dd7-a834-9e44ff71e8f5,c1,DROP,1012,e8,?,
1769471480.340951,SENT,01290105-e366-47cc-981e-e5d5012c91ce,52078444-bfe4-429a-802d-5be9acc94960,c2,DROP,689,?,x7,
1769471480.340989,FORWARDED,01290105-e366-47cc-981e-e5d5012c91ce,52078444-bfe4-429a-802d-5be9acc94960,c2,DROP,689,?,x7,
1769471480.3445747,SENT,65ccc878-6419-435d-ab92-2e30ad87815e,d8ff218d-412a-4a77-aece-80b1139c1091,c5,c1,1267,?,x3,
1769471480.3446145,FORWARDED,65ccc878-6419-435d-ab92-2e30ad87815e,d8ff218d-412a-4a77-aece-80b1139c1091,c5,c1,1267,?,x3,
1769471480.3571749,SENT,f9aea6c1-218e-4fde-be5f-8922faeb4c2a,3f5a7fcf-3dc7-4527-b137-9e7c1feeb8e5,c4,DROP,675,?,x1,
1769471480.357213,FORWARDED,f9aea6c1-218e-4fde-be5f-8922faeb4c2a,3f5a7fcf-3dc7-4527-b137-9e7c1feeb8e5,c4,DROP,675,?,x1,
1769471480.3696122,SENT,c014d53a-5e43-479d-aba9-5be1679e8ec2,c975bf40-db7f-4d84-a0c8-79b3d33468ce,c1,None,1130,?,x4,
1769471480.3696473,FORWARDED,c014d53a-5e43-479d-aba9-5be1679e8ec2,c975bf40-db7f-4d84-a0c8-79b3d33468ce,c1,None,1130,?,x4,
1769471480.3909914,SENT,ee2bd44b-31b1-4c02-8bdd-388a3d888603,0089901d-eb87-4dd7-a834-9e44ff71e8f5,c1,DROP,687,?,x9,
1769471480.3910413,FORWARDED,ee2bd44b-31b1-4c02-8bdd-388a3d888603,0089901d-eb87-4dd7-a834-9e44ff71e8f5,c1,DROP,687,?,x9,
1769471480.4471502,RECEIVED,a8bd47ff-b016-45cf-a78f-aeb8c54e2f90,414fbf90-dfd0-439a-9a18-125fc1cdeb1a,c1,None,1595,e12,?,
1769471480.49237,RECEIVED,35d71bde-f330-4120-a6ce-17cb53c65fe4,9cce35e9-1341-4cef-9597-365ef1c93737,c4,None,1608,e7,?,
1769471480.590999,RECEIVED,c8548dbc-927a-426b-995f-011edf5188c2,ec7196c2-2bf3-45cc-87dc-ea1443e89405,c3,DROP,1011,e10,?,
1769471480.5972366,RECEIVED,4e293055-31b7-4c89-8a9c-6bebe2e61c01,4b038e10-b54e-4232-ac2e-42484624dc9b,c5,DROP,1020,e11,?,
1769471480.78522,SENT,0eb070a5-008b-46d8-a0d1-e2ea6946051f,fc1bdd5d-46dd-40da-ae26-7459c226d511,c2,c4,1259,?,x5,
1769471480.7852623,FORWARDED,0eb070a5-008b-46d8-a0d1-e2ea6946051f,fc1bdd5d-46dd-40da-ae26-7459c226d511,c2,c4,1259,?,x5,
1769471480.9291162,RECEIVED,6388d0a0-52e8-4005-81d1-3a71e8c25cb4,a517dd32-6856-42ff-9f46-3fee611bd98e,c5,DROP,1018,e4,?,
1769471480.9876173,SENT,6388d0a0-52e8-4005-81d1-3a71e8c25cb4,a517dd32-6856-42ff-9f46-3fee611bd98e,c5,DROP,688,?,x4,
1769471480.9876573,FORWARDED,6388d0a0-52e8-4005-81d1-3a71e8c25cb4,a517dd32-6856-42ff-9f46-3fee611bd98e,c5,DROP,688,?,x4,
1769471481.0084662,SENT,c8548dbc-927a-426b-995f-011edf5188c2,ec7196c2-2bf3-45cc-87dc-ea1443e89405,c3,DROP,686,?,x2,
1769471481.0085082,FORWARDED,c8548dbc-927a-426b-995f-011edf5188c2,ec7196c2-2bf3-45cc-87dc-ea1443e89405,c3,DROP,686,?,x2,
1769471481.1024718,SENT,a8bd47ff-b016-45cf-a78f-aeb8c54e2f90,414fbf90-dfd0-439a-9a18-125fc1cdeb1a,c1,None,1124,?,x7,
1769471481.102514,FORWARDED,a8bd47ff-b016-45cf-a78f-aeb8c54e2f90,414fbf90-dfd0-439a-9a18-125fc1cdeb1a,c1,None,1124,?,x7,
1769471481.2076738,SENT,4e293055-31b7-4c89-8a9c-6bebe2e61c01,4b038e10-b54e-4232-ac2e-42484624dc9b,c5,DROP,691,?,x12,
1769471481.2077165,FORWARDED,4e293055-31b7-4c89-8a9c-6bebe2e61c01,4b038e10-b54e-4232-ac2e-42484624dc9b,c5,DROP,691,?,x12,
1769471481.2679393,SENT,35d71bde-f330-4120-a6ce-17cb53c65fe4,9cce35e9-1341-4cef-9597-365ef1c93737,c4,None,1132,?,x12,
1769471481.2679834,FORWARDED,35d71bde-f330-4120-a6ce-17cb53c65fe4,9cce35e9-1341-4cef-9597-365ef1c93737,c4,None,1132,?,x12,
1769471481.291659,RECEIVED,f60025f5-6994-44b4-aa48-49d7b20b940c,65ce956b-6ccc-4bd3-a293-e592d6f258de,c5,DROP,1015,e3,?,
1769471481.2954197,RECEIVED,00f0b5ca-9549-4fd6-8e5e-0f473912507a,4697637e-b4cc-4c80-9e66-d5cc23489d56,c1,c3,1763,e5,?,
1769471481.3995302,RECEIVED,8311e929-ce92-4365-8414-593950f638f1,952eb43b-e639-4364-8c9e-1599ba650eb6,c5,c1,1771,e5,?,
1769471481.4884062,RECEIVED,6aa2343f-2453-412f-9401-6e205c409c37,43e49f64-dc59-4220-ac3f-f10db63de817,c1,None,1599,e11,?,
1769471481.5092793,SENT,f60025f5-6994-44b4-aa48-49d7b20b940c,65ce956b-6ccc-4bd3-a293-e592d6f258de,c5,DROP,688,?,x4,
1769471481.5093231,FORWARDED,f60025f5-6994-44b4-aa48-49d7b20b940c,65ce956b-6ccc-4bd3-a293-e592d6f258de,c5,DROP,688,?,x4,
1769471481.6443157,RECEIVED,9671a51b-7a33-4ac2-ac45-477d05ecb19d,499d6cde-0945-4195-bd49-adba40144305,c4,DROP,1007,e2,?,
1769471481.725693,SENT,6aa2343f-2453-412f-9401-6e205c409c37,43e49f64-dc59-4220-ac3f-f10db63de817,c1,None,1128,?,x8,
1769471481.7257385,FORWARDED,6aa2343f-2453-412f-9401-6e205c409c37,43e49f64-dc59-4220-ac3f-f10db63de817,c1,None,1128,?,x8,
1769471481.8563604,SENT,8311e929-ce92-4365-8414-593950f638f1,952eb43b-e639-4364-8c9e-1599ba650eb6,c5,c1,1257,?,x7,
1769471481.8564131,FORWARDED,8311e929-ce92-4365-8414-593950f638f1,952eb43b-e639-4364-8c9e-1599ba650eb6,c5,c1,1257,?,x7,
1769471481.9375381,SENT,00f0b5ca-9549-4fd6-8e5e-0f473912507a,4697637e-b4cc-4c80-9e66-d5cc23489d56,c1,c3,1250,?,x7,
1769471481.9375784,FORWARDED,00f0b5ca-9549-4fd6-8e5e-0f473912507a,4697637e-b4cc-4c80-9e66-d5cc23489d56,c1,c3,1250,?,x7,
1769471482.3512297,SENT,9671a51b-7a33-4ac2-ac45-477d05ecb19d,499d6cde-0945-4195-bd49-adba40144305,c4,DROP,683,?,x6,
1769471482.351269,FORWARDED,9671a51b-7a33-4ac2-ac45-477d05ecb19d,499d6cde-0945-4195-bd49-adba40144305,c4,DROP,683,?,x6,
1769471482.4030342,RECEIVED,5d3b8055-494a-49a2-80e7-ee437713eed8,8f270b96-f095-473d-8a1d-84c903e9992b,c4,DROP,1010,e4,?,
1769471482.4136477,SENT,5d3b8055-494a-49a2-80e7-ee437713eed8,8f270b96-f095-473d-8a1d-84c903e9992b,c4,DROP,683,?,x1,
1769471482.4136977,FORWARDED,5d3b8055-494a-49a2-80e7-ee437713eed8,8f270b96-f095-473d-8a1d-84c903e9992b,c4,DROP,683,?,x1,
1769471482.655708,RECEIVED,6f896ab3-f0d8-4a46-9c7a-6b520be282cf,a352fa9e-2895-4b46-8a92-2b657f305e11,c4,None,1607,e6,?,
1769471482.8793266,RECEIVED,b8f39ea6-27e3-4451-9250-29d8e43152a4,6b2eff0e-be6d-4e2d-be72-9b7f910dd96b,c4,DROP,1003,e2,?,
1769471482.9019387,RECEIVED,0e1fab4e-3d85-4fd2-a7c0-e92ae1dcc0f8,6fc632d1-2199-4674-a9f4-e566a3188a49,c1,None,1600,e1,?,
1769471482.954382,RECEIVED,cd070e92-bf60-4670-a6da-09533f5183f1,ac7fded8-3921-4a53-b59d-51a82538ea35,c4,DROP,442,x6,?,
1769471483.1373582,RECEIVED,8abb7719-cb91-4090-b4b9-83e1007cc998,41ec5ecb-e245-4b8c-bf82-55e519db1c45,c3,c1,1785,e7,?,
1769471483.1483617,RECEIVED,0033400e-bde0-41e5-9344-085ef26bb5ef,bbc7ea77-6725-4ba4-8c6d-feb651718d5b,c5,c1,1783,e11,?,
1769471483.2325969,SENT,8abb7719-cb91-4090-b4b9-83e1007cc998,41ec5ecb-e245-4b8c-bf82-55e519db1c45,c3,c1,1264,?,x10,
1769471483.2326393,FORWARDED,8abb7719-cb91-4090-b4b9-83e1007cc998,41ec5ecb-e245-4b8c-bf82-55e519db1c45,c3,c1,1264,?,x10,
1769471483.4068766,SENT,0e1fab4e-3d85-4fd2-a7c0-e92ae1dcc0f8,6fc632d1-2199-4674-a9f4-e566a3188a49,c1,None,1127,?,x2,
1769471483.4069188,FORWARDED,0e1fab4e-3d85-4fd2-a7c0-e92ae1dcc0f8,6fc632d1-2199-4674-a9f4-e566a3188a49,c1,None,1127,?,x2,
1769471483.5571687,RECEIVED,e1139059-5374-4f0d-8ff7-eebd0e63eed9,f4ca14b6-4a4e-42af-bdcf-477376a9880c,c4,c3,1781,e6,?,
1769471483.7378814,SENT,6f896ab3-f0d8-4a46-9c7a-6b520be282cf,a352fa9e-2895-4b46-8a92-2b657f305e11,c4,None,1132,?,x3,
1769471483.7379231,FORWARDED,6f896ab3-f0d8-4a46-9c7a-6b520be282cf,a352fa9e-2895-4b46-8a92-2b657f305e11,c4,None,1132,?,x3,
1769471483.8895483,SENT,e1139059-5374-4f0d-8ff7-eebd0e63eed9,f4ca14b6-4a4e-42af-bdcf-477376a9880c,c4,c3,1261,?,x11,
1769471483.889589,FORWARDED,e1139059-5374-4f0d-8ff7-eebd0e63eed9,f4ca14b6-4a4e-42af-bdcf-477376a9880c,c4,c3,1261,?,x11,
1769471483.9351149,RECEIVED,a14cad32-571f-439a-a46e-6f7041b62116,db63e2c5-fc06-4b55-95e2-64576028c3d6,c5,c1,1767,e11,?,
1769471483.9389093,RECEIVED,f432c0da-d4d9-4ec3-9d92-c901d0e72a8f,34c761ca-d396-44bb-8077-b9ed69f24ef5,c1,DROP,1012,e6,?,
1769471483.99408,RECEIVED,e2b91a98-7a59-42fc-a6cd-5b546d17692c,3f03e87a-7124-44f9-9244-2e666091eef0,c1,DROP,441,x10,?,
1769471484.0217474,RECEIVED,635fca39-1aa4-4f1c-b199-a46402985a1b,c2655835-4952-4ec4-9770-be7fea06149c,c4,c3,1780,e11,?,
1769471484.157756,SENT,a14cad32-571f-439a-a46e-6f7041b62116,db63e2c5-fc06-4b55-95e2-64576028c3d6,c5,c1,1252,?,x8,
1769471484.1577988,FORWARDED,a14cad32-571f-439a-a46e-6f7041b62116,db63e2c5-fc06-4b55-95e2-64576028c3d6,c5,c1,1252,?,x8,
1769471484.279162,SENT,b8f39ea6-27e3-4451-9250-29d8e43152a4,6b2eff0e-be6d-4e2d-be72-9b7f910dd96b,c4,DROP,679,?,x7,
1769471484.2792022,FORWARDED,b8f39ea6-27e3-4451-9250-29d8e43152a4,6b2eff0e-be6d-4e2d-be72-9b7f910dd96b,c4,DROP,679,?,x7,
1769471484.4297543,SENT,0033400e-bde0-41e5-9344-085ef26bb5ef,bbc7ea77-6725-4ba4-8c6d-feb651718d5b,c5,c1,1264,?,x9,
1769471484.429794,FORWARDED,0033400e-bde0-41e5-9344-085ef26bb5ef,bbc7ea77-6725-4ba4-8c6d-feb651718d5b,c5,c1,1264,?,x9,
1769471484.4370718,SENT,f432c0da-d4d9-4ec3-9d92-c901d0e72a8f,34c761ca-d396-44bb-8077-b9ed69f24ef5,c1,DROP,687,?,x12,
1769471484.4371157,FORWARDED,f432c0da-d4d9-4ec3-9d92-c901d0e72a8f,34c761ca-d396-44bb-8077-b9ed69f24ef5,c1,DROP,687,?,x12,
1769471484.5656564,SENT,635fca39-1aa4-4f1c-b199-a46402985a1b,c2655835-4952-4ec4-9770-be7fea06149c,c4,c3,1263,?,x10,
1769471484.5656924,FORWARDED,635fca39-1aa4-4f1c-b199-a46402985a1b,c2655835-4952-4ec4-9770-be7fea06149c,c4,c3,1263,?,x10,
1769471484.691899,RECEIVED,c7182678-5688-4355-9cca-b67bde074a6f,36d9f762-09b0-4c17-b2d6-5cabefad8de7,c4,None,1595,e5,?,
1769471484.8307273,RECEIVED,f51d1c46-2a5b-4ccf-8a72-db120dcc0695,45a4e5f0-711b-4cb4-b837-84b021c06df5,c3,DROP,1012,e1,?,
1769471484.9403694,SENT,f51d1c46-2a5b-4ccf-8a72-db120dcc0695,45a4e5f0-711b-4cb4-b837-84b021c06df5,c3,DROP,686,?,x1,
1769471484.9404109,FORWARDED,f51d1c46-2a5b-4ccf-8a72-db120dcc0695,45a4e5f0-711b-4cb4-b837-84b021c06df5,c3,DROP,686,?,x1,
1769471485.089074,RECEIVED,14f7f290-48a6-485a-9521-6e27ce14e3f0,c3719102-98be-4b46-8186-122f39821f9a,c2,DROP,1021,e10,?,
1769471485.1727972,SENT,14f7f290-48a6-485a-9521-6e27ce14e3f0,c3719102-98be-4b46-8186-122f39821f9a,c2,DROP,693,?,x10,
1769471485.1728365,FORWARDED,14f7f290-48a6-485a-9521-6e27ce14e3f0,c3719102-98be-4b46-8186-122f39821f9a,c2,DROP,693,?,x10,
1769471485.238131,SENT,c7182678-5688-4355-9cca-b67bde074a6f,36d9f762-09b0-4c17-b2d6-5cabefad8de7,c4,None,1124,?,x4,
1769471485.2381716,FORWARDED,c7182678-5688-4355-9cca-b67bde074a6f,36d9f762-09b0-4c17-b2d6-5cabefad8de7,c4,None,1124,?,x4,
1769471485.2643216,RECEIVED,2797c184-c8b8-46c3-8d89-7949fedb9e09,635d7bd3-4be7-4fb7-97f0-bc83d5011637,c2,c4,1775,e4,?,
1769471485.296916,RECEIVED,ff402453-29b6-480c-81d4-b4dc795dcaa7,770e9b55-6922-4fd0-92c7-e5b6cdc4d777,c3,None,1597,e10,?,
1769471485.3720102,SENT,ff402453-29b6-480c-81d4-b4dc795dcaa7,770e9b55-6922-4fd0-92c7-e5b6cdc4d777,c3,None,1124,?,x7,
1769471485.3720577,FORWARDED,ff402453-29b6-480c-81d4-b4dc795dcaa7,770e9b55-6922-4fd0-92c7-e5b6cdc4d777,c3,None,1124,?,x7,
1769471485.3936174,RECEIVED,43eb2ffb-373f-43da-b134-05ef8b7fb5cd,10d9bce6-82f1-4742-8d1d-63bfb5e26ed1,c3,c1,1781,e1,?,
1769471485.5426154,SENT,43eb2ffb-373f-43da-b134-05ef8b7fb5cd,10d9bce6-82f1-4742-8d1d-63bfb5e26ed1,c3,c1,1263,?,x11,
1769471485.5426533,FORWARDED,43eb2ffb-373f-43da-b134-05ef8b7fb5cd,10d9bce6-82f1-4742-8d1d-63bfb5e26ed1,c3,c1,1263,?,x11,
1769471485.7226686,RECEIVED,29549526-2226-451b-a3d6-2c07fb467667,32b2cc52-0c13-4a0f-8efa-04120510c9ab,c3,None,1606,e3,?,
1769471485.7479544,SENT,29549526-2226-451b-a3d6-2c07fb467667,32b2cc52-0c13-4a0f-8efa-04120510c9ab,c3,None,1131,?,x7,
1769471485.7479918,FORWARDED,29549526-2226-451b-a3d6-2c07fb467667,32b2cc52-0c13-4a0f-8efa-04120510c9ab,c3,None,1131,?,x7,
1769471485.7950277,SENT,2797c184-c8b8-46c3-8d89-7949fedb9e09,635d7bd3-4be7-4fb7-97f0-bc83d5011637,c2,c4,1259,?,x5,
1769471485.795077,FORWARDED,2797c184-c8b8-46c3-8d89-7949fedb9e09,635d7bd3-4be7-4fb7-97f0-bc83d5011637,c2,c4,1259,?,x5,
1769471486.1256182,RECEIVED,6e08e181-5386-405b-aba4-682655b57985,fbfa08b0-7881-450c-a166-2457f7703e11,c1,DROP,1015,e2,?,
1769471486.2415001,RECEIVED,9c91b44b-c91b-48f5-a07b-9eaeb32b516e,6e75a071-db2d-45cb-afc6-9be3df34b9ac,c4,c3,1767,e5,?,
1769471486.3308327,RECEIVED,12e4309b-61a8-4af4-9ca6-fc0ab875d6c1,0e8cdb87-dfe8-4f11-9298-d1b4979dd603,c4,DROP,1016,e8,?,
1769471486.3445103,SENT,9c91b44b-c91b-48f5-a07b-9eaeb32b516e,6e75a071-db2d-45cb-afc6-9be3df34b9ac,c4,c3,1252,?,x5,
1769471486.344893,FORWARDED,9c91b44b-c91b-48f5-a07b-9eaeb32b516e,6e75a071-db2d-45cb-afc6-9be3df34b9ac,c4,c3,1252,?,x5,
1769471486.4252892,SENT,6e08e181-5386-405b-aba4-682655b57985,fbfa08b0-7881-450c-a166-2457f7703e11,c1,DROP,688,?,x4,
1769471486.425332,FORWARDED,6e08e181-5386-405b-aba4-682655b57985,fbfa08b0-7881-450c-a166-2457f7703e11,c1,DROP,688,?,x4,
1769471486.5233173,SENT,12e4309b-61a8-4af4-9ca6-fc0ab875d6c1,0e8cdb87-dfe8-4f11-9298-d1b4979dd603,c4,DROP,688,?,x7,
1769471486.5233595,FORWARDED,12e4309b-61a8-4af4-9ca6-fc0ab875d6c1,0e8cdb87-dfe8-4f11-9298-d1b4979dd603,c4,DROP,688,?,x7,
1769471486.6676874,RECEIVED,b428673d-7fa7-464c-9ec1-0c3a7ac77189,7a0308c9-4638-4515-ad8a-d1a1f1b26332,c3,DROP,1007,e11,?,
1769471486.954936,RECEIVED,8c6e090d-84df-480e-9a10-ea4bfb10f182,99aa27c8-9811-4210-8ea5-8729f74e6376,c2,DROP,1009,e10,?,
1769471486.959556,RECEIVED,afe51dba-78a9-4bf0-9ad3-e2cd80ea5e0e,ada62ff4-df8f-4ac7-ad0d-15852f3f2c0e,c4,c3,1770,e5,?,
1769471486.981509,SENT,8c6e090d-84df-480e-9a10-ea4bfb10f182,99aa27c8-9811-4210-8ea5-8729f74e6376,c2,DROP,683,?,x3,
1769471486.9815528,FORWARDED,8c6e090d-84df-480e-9a10-ea4bfb10f182,99aa27c8-9811-4210-8ea5-8729f74e6376,c2,DROP,683,?,x3,
1769471487.2934246,RECEIVED,ae433b16-482e-4bc8-b3df-c178e4aed539,4453e98f-c1b0-4ed4-9e24-9d3208530617,c1,DROP,442,x5,?,
1769471487.4182363,RECEIVED,90ad03bd-1c74-43c9-b1b8-658f626f3dee,e1bd10ad-55e8-4a87-bb6a-0b089805b3b1,c4,DROP,1003,e5,?,
1769471487.592109,SENT,b428673d-7fa7-464c-9ec1-0c3a7ac77189,7a0308c9-4638-4515-ad8a-d1a1f1b26332,c3,DROP,683,?,x8,
1769471487.5921519,FORWARDED,b428673d-7fa7-464c-9ec1-0c3a7ac77189,7a0308c9-4638-4515-ad8a-d1a1f1b26332,c3,DROP,683,?,x8,
1769471487.745788,RECEIVED,7d32ed92-05d6-4cdb-aba1-198bb69a2ae4,5153241e-485d-469e-b5fc-1cafee800532,c2,DROP,1020,e12,?,
1769471487.7687294,RECEIVED,ad5a8a0d-42ba-4c38-8681-95e1fbb6618c,79d695f7-4a8f-4c36-a862-ba7727bf9949,c5,DROP,1016,e10,?,
1769471487.8100905,RECEIVED,2aebccdc-3e38-4401-a2f9-632034a961c3,915f7d6c-5f4d-490e-8015-4c9d1c67c59c,c4,c3,1771,e9,?,
1769471487.8329582,RECEIVED,31deae4d-6604-4369-affd-1e0408b004ae,dc349faa-87d7-420f-8aa1-a3df0487acd2,c1,None,1600,e2,?,
1769471487.9095657,SENT,31deae4d-6604-4369-affd-1e0408b004ae,dc349faa-87d7-420f-8aa1-a3df0487acd2,c1,None,1127,?,x6,
1769471487.90961,FORWARDED,31deae4d-6604-4369-affd-1e0408b004ae,dc349faa-87d7-420f-8aa1-a3df0487acd2,c1,None,1127,?,x6,
1769471487.9218194,SENT,afe51dba-78a9-4bf0-9ad3-e2cd80ea5e0e,ada62ff4-df8f-4ac7-ad0d-15852f3f2c0e,c4,c3,1255,?,x4,
1769471487.9218621,FORWARDED,afe51dba-78a9-4bf0-9ad3-e2cd80ea5e0e,ada62ff4-df8f-4ac7-ad0d-15852f3f2c0e,c4,c3,1255,?,x4,
1769471488.0182147,SENT,90ad03bd-1c74-43c9-b1b8-658f626f3dee,e1bd10ad-55e8-4a87-bb6a-0b089805b3b1,c4,DROP,680,?,x2,
1769471488.0182579,FORWARDED,90ad03bd-1c74-43c9-b1b8-658f626f3dee,e1bd10ad-55e8-4a87-bb6a-0b089805b3b1,c4,DROP,680,?,x2,
1769471488.0427387,SENT,ad5a8a0d-42ba-4c38-8681-95e1fbb6618c,79d695f7-4a8f-4c36-a862-ba7727bf9949,c5,DROP,689,?,x10,
1769471488.0427809,FORWARDED,ad5a8a0d-42ba-4c38-8681-95e1fbb6618c,79d695f7-4a8f-4c36-a862-ba7727bf9949,c5,DROP,689,?,x10,
1769471488.243181,RECEIVED,6b3418fb-1e38-432b-b238-bb327330a248,b985d518-1541-4c96-86f4-f7567d953f66,c5,DROP,1011,e8,?,
1769471488.2778955,RECEIVED,20ab264f-1d7d-49d3-8b83-0adf91740d2b,85353814-c373-4e4c-a54f-efd248ab5f03,c4,DROP,1008,e2,?,
1769471488.2867448,RECEIVED,b4310114-10e8-4b1c-9761-a473760dab13,ee399eae-7024-4fbf-b629-ce9633b76573,c3,DROP,1011,e11,?,
1769471488.3351426,RECEIVED,0ae6221b-c43a-43fc-8e61-45c133177c53,dd9283f7-fd70-45d0-9992-e17203a29446,c1,DROP,1016,e5,?,
1769471488.3478525,RECEIVED,e7681430-e57d-4cd7-8c9d-3da27b63ebdf,b94f1089-2fc7-45dd-bf11-c9098e86acb8,c1,DROP,1003,e11,?,
1769471488.3934913,SENT,20ab264f-1d7d-49d3-8b83-0adf91740d2b,85353814-c373-4e4c-a54f-efd248ab5f03,c4,DROP,684,?,x8,
1769471488.3935323,FORWARDED,20ab264f-1d7d-49d3-8b83-0adf91740d2b,85353814-c373-4e4c-a54f-efd248ab5f03,c4,DROP,684,?,x8,
1769471488.4683454,RECEIVED,08b67750-5621-47b8-bb38-7a68d3757fef,d96803b8-d56d-4e11-9ea2-94712a86798e,c4,DROP,1008,e5,?,
1769471488.518562,SENT,2aebccdc-3e38-4401-a2f9-632034a961c3,915f7d6c-5f4d-490e-8015-4c9d1c67c59c,c4,c3,1255,?,x5,
1769471488.5186021,FORWARDED,2aebccdc-3e38-4401-a2f9-632034a961c3,915f7d6c-5f4d-490e-8015-4c9d1c67c59c,c4,c3,1255,?,x5,
1769471488.5762994,SENT,08b67750-5621-47b8-bb38-7a68d3757fef,d96803b8-d56d-4e11-9ea2-94712a86798e,c4,DROP,683,?,x1,
1769471488.5763361,FORWARDED,08b67750-5621-47b8-bb38-7a68d3757fef,d96803b8-d56d-4e11-9ea2-94712a86798e,c4,DROP,683,?,x1,
1769471488.5777314,RECEIVED,789ac866-cf08-4bdd-bf60-3fbf0e584149,0bbd03fb-e2ad-4b74-bbaa-226f544c047c,c4,c3,1783,e10,?,
1769471488.5844781,SENT,7d32ed92-05d6-4cdb-aba1-198bb69a2ae4,5153241e-485d-469e-b5fc-1cafee800532,c2,DROP,691,?,x10,
1769471488.584519,FORWARDED,7d32ed92-05d6-4cdb-aba1-198bb69a2ae4,5153241e-485d-469e-b5fc-1cafee800532,c2,DROP,691,?,x10,
1769471488.6504722,RECEIVED,35333eb0-95a0-482a-974c-354fb00e4162,039248d1-9a15-418f-94d1-c86a3eff9de6,c1,DROP,1007,e3,?,
1769471488.7289867,RECEIVED,429815ae-673e-48f6-a900-7bfe29544f61,83bb48de-1a17-4f5e-87d1-d054146a0cdb,c3,DROP,442,x7,?,
1769471488.7515087,SENT,6b3418fb-1e38-432b-b238-bb327330a248,b985d518-1541-4c96-86f4-f7567d953f66,c5,DROP,687,?,x9,
1769471488.7515502,FORWARDED,6b3418fb-1e38-432b-b238-bb327330a248,b985d518-1541-4c96-86f4-f7567d953f66,c5,DROP,687,?,x9,
1769471488.9733179,SENT,789ac866-cf08-4bdd-bf60-3fbf0e584149,0bbd03fb-e2ad-4b74-bbaa-226f544c047c,c4,c3,1264,?,x7,
1769471488.973818,FORWARDED,789ac866-cf08-4bdd-bf60-3fbf0e584149,0bbd03fb-e2ad-4b74-bbaa-226f544c047c,c4,c3,1264,?,x7,
1769471488.9807642,SENT,e7681430-e57d-4cd7-8c9d-3da27b63ebdf,b94f1089-2fc7-45dd-bf11-c9098e86acb8,c1,DROP,679,?,x6,
1769471488.980812,FORWARDED,e7681430-e57d-4cd7-8c9d-3da27b63ebdf,b94f1089-2fc7-45dd-bf11-c9098e86acb8,c1,DROP,679,?,x6,
1769471489.2567358,RECEIVED,e262ee3d-16e1-49f4-ac54-89d7e9bace5b,e096b316-2254-4ec9-9d54-afbc9da9ac4b,c2,DROP,1009,e4,?,
1769471489.283721,SENT,e262ee3d-16e1-49f4-ac54-89d7e9bace5b,e096b316-2254-4ec9-9d54-afbc9da9ac4b,c2,DROP,684,?,x7,
1769471489.2837608,FORWARDED,e262ee3d-16e1-49f4-ac54-89d7e9bace5b,e096b316-2254-4ec9-9d54-afbc9da9ac4b,c2,DROP,684,?,x7,
1769471489.3054562,RECEIVED,da52bc9f-3046-4b85-b089-f8ddc04a40cc,35a8395f-d518-4b66-9e76-83ffefb17d17,c2,DROP,445,x12,?,
1769471489.343199,SENT,35333eb0-95a0-482a-974c-354fb00e4162,039248d1-9a15-418f-94d1-c86a3eff9de6,c1,DROP,684,?,x2,
1769471489.3432417,FORWARDED,35333eb0-95a0-482a-974c-354fb00e4162,039248d1-9a15-418f-94d1-c86a3eff9de6,c1,DROP,684,?,x2,
1769471489.3486876,RECEIVED,1a2aaf80-60e1-4838-8b99-83fad7178a73,5fec3646-2aab-4cba-8e80-965f3b99920e,c1,None,1604,e1,?,
1769471489.359133,SENT,0ae6221b-c43a-43fc-8e61-45c133177c53,dd9283f7-fd70-45d0-9992-e17203a29446,c1,DROP,688,?,x11,
1769471489.3591702,FORWARDED,0ae6221b-c43a-43fc-8e61-45c133177c53,dd9283f7-fd70-45d0-9992-e17203a29446,c1,DROP,688,?,x11,
1769471489.7565882,SENT,b4310114-10e8-4b1c-9761-a473760dab13,ee399eae-7024-4fbf-b629-ce9633b76573,c3,DROP,685,?,x3,
1769471489.7566261,FORWARDED,b4310114-10e8-4b1c-9761-a473760dab13,ee399eae-7024-4fbf-b629-ce9633b76573,c3,DROP,685,?,x3,
1769471489.9361453,RECEIVED,39999fcd-384d-49d4-af5b-b11dabe14326,56097917-0e01-4da8-afef-0df04e16de1d,c4,DROP,1011,e2,?,
1769471490.0784469,RECEIVED,bf5837f1-25a7-490d-8526-792d1053f2c4,bbc9520f-e12a-40cb-83eb-4b63d3c5f75a,c2,c4,1780,e3,?,
1769471490.0994678,RECEIVED,fcd41026-590e-40db-9432-b59dc00b8b8b,07cbbb33-fb7c-4cfe-813b-9dbb8a56fc1d,c5,DROP,1009,e5,?,
1769471490.1952622,SENT,fcd41026-590e-40db-9432-b59dc00b8b8b,07cbbb33-fb7c-4cfe-813b-9dbb8a56fc1d,c5,DROP,683,?,x7,
1769471490.195301,FORWARDED,fcd41026-590e-40db-9432-b59dc00b8b8b,07cbbb33-fb7c-4cfe-813b-9dbb8a56fc1d,c5,DROP,683,?,x7,
1769471490.3677433,SENT,39999fcd-384d-49d4-af5b-b11dabe14326,56097917-0e01-4da8-afef-0df04e16de1d,c4,DROP,686,?,x9,
1769471490.3677833,FORWARDED,39999fcd-384d-49d4-af5b-b11dabe14326,56097917-0e01-4da8-afef-0df04e16de1d,c4,DROP,686,?,x9,
1769471490.3974867,RECEIVED,26b84001-352e-4df7-bcb2-9da0bd154516,e730d8e1-bd13-4a87-951f-d649243321b1,c3,None,1611,e10,?,
1769471490.4432533,RECEIVED,37baa442-6383-4350-be1a-545753f79949,cabb9c0e-6b8e-4816-9b17-1560d4edb835,c2,DROP,1007,e7,?,
1769471490.5162854,RECEIVED,eb087869-0ade-4a3e-bacc-81f2e50c0cb9,9d379047-7700-43d9-b278-7a9a5db02e2f,c1,None,1601,e5,?,
1769471490.526389,SENT,bf5837f1-25a7-490d-8526-792d1053f2c4,bbc9520f-e12a-40cb-83eb-4b63d3c5f75a,c2,c4,1263,?,x12,
1769471490.526432,FORWARDED,bf5837f1-25a7-490d-8526-792d1053f2c4,bbc9520f-e12a-40cb-83eb-4b63d3c5f75a,c2,c4,1263,?,x12,
1769471490.6222196,SENT,eb087869-0ade-4a3e-bacc-81f2e50c0cb9,9d379047-7700-43d9-b278-7a9a5db02e2f,c1,None,1127,?,x11,
1769471490.6222715,FORWARDED,eb087869-0ade-4a3e-bacc-81f2e50c0cb9,9d379047-7700-43d9-b278-7a9a5db02e2f,c1,None,1127,?,x11,
1769471490.6507802,RECEIVED,1f93032f-dd77-44bd-85c4-64bab9e43025,ee123a9c-21c3-4adc-aeed-c1b28c42dea9,c1,DROP,1015,e9,?,
1769471490.8479476,SENT,1f93032f-dd77-44bd-85c4-64bab9e43025,ee123a9c-21c3-4adc-aeed-c1b28c42dea9,c1,DROP,689,?,x5,
1769471490.8479884,FORWARDED,1f93032f-dd77-44bd-85c4-64bab9e43025,ee123a9c-21c3-4adc-aeed-c1b28c42dea9,c1,DROP,689,?,x5,
1769471490.9727554,SENT,37baa442-6383-4350-be1a-545753f79949,cabb9c0e-6b8e-4816-9b17-1560d4edb835,c2,DROP,683,?,x7,
1769471490.972797,FORWARDED,37baa442-6383-4350-be1a-545753f79949,cabb9c0e-6b8e-4816-9b17-1560d4edb835,c2,DROP,683,?,x7,
1769471490.9871988,SENT,26b84001-352e-4df7-bcb2-9da0bd154516,e730d8e1-bd13-4a87-951f-d649243321b1,c3,None,1135,?,x12,
1769471490.9872425,FORWARDED,26b84001-352e-4df7-bcb2-9da0bd154516,e730d8e1-bd13-4a87-951f-d649243321b1,c3,None,1135,?,x12,
1769471491.0580359,RECEIVED,0e982960-92d0-4e64-8b60-ee2f22431d65,06564982-949a-4de9-b1da-af422e38ff45,c4,DROP,1008,e1,?,
1769471491.278115,RECEIVED,7f406d28-8f03-4ab8-b471-2f46ba0e3dbc,5adc5865-2993-41f8-bf66-19a4da5c7af8,c2,DROP,1008,e1,?,
1769471491.3645027,RECEIVED,ace7e1d9-e088-4035-9aa5-6dc618450359,cb0acf38-e696-4161-b703-937f704cc466,c3,c1,1763,e8,?,
1769471491.5750983,SENT,0e982960-92d0-4e64-8b60-ee2f22431d65,06564982-949a-4de9-b1da-af422e38ff45,c4,DROP,684,?,x10,
1769471491.5751398,FORWARDED,0e982960-92d0-4e64-8b60-ee2f22431d65,06564982-949a-4de9-b1da-af422e38ff45,c4,DROP,684,?,x10,
1769471491.6431968,RECEIVED,7589e864-d8c7-4a8b-a29a-0f2f6de8aa15,cfb4b13a-a386-4a00-9543-69bb4c816188,c2,c4,1775,e6,?,
1769471491.7152536,RECEIVED,0e48a887-e015-4447-a3e5-24afa2f85ed0,189fb9cd-95df-4906-a600-46543d5a716e,c4,DROP,1007,e3,?,
1769471491.7564611,SENT,1a2aaf80-60e1-4838-8b99-83fad7178a73,5fec3646-2aab-4cba-8e80-965f3b99920e,c1,None,1131,?,x11,
1769471491.7565038,FORWARDED,1a2aaf80-60e1-4838-8b99-83fad7178a73,5fec3646-2aab-4cba-8e80-965f3b99920e,c1,None,1131,?,x11,
1769471491.8343725,RECEIVED,1b955d44-b0e1-453e-b3f8-d7e9c9756ea0,018c6719-66a5-45fa-a88f-84e616007946,c5,c1,1765,e11,?,
1769471491.9261367,SENT,1b955d44-b0e1-453e-b3f8-d7e9c9756ea0,018c6719-66a5-45fa-a88f-84e616007946,c5,c1,1251,?,x10,
1769471491.92618,FORWARDED,1b955d44-b0e1-453e-b3f8-d7e9c9756ea0,018c6719-66a5-45fa-a88f-84e616007946,c5,c1,1251,?,x10,
1769471491.926619,RECEIVED,4e67e2ff-ecf5-4ec2-ad8e-a0b62959f4a1,1dd57a18-80b6-4f01-903e-ddc9e5fa45ff,c3,DROP,441,x9,?,
1769471492.0201976,SENT,ace7e1d9-e088-4035-9aa5-6dc618450359,cb0acf38-e696-4161-b703-937f704cc466,c3,c1,1251,?,x5,
1769471492.0202396,FORWARDED,ace7e1d9-e088-4035-9aa5-6dc618450359,cb0acf38-e696-4161-b703-937f704cc466,c3,c1,1251,?,x5,
1769471492.062474,SENT,7f406d28-8f03-4ab8-b471-2f46ba0e3dbc,5adc5865-2993-41f8-bf66-19a4da5c7af8,c2,DROP,683,?,x12,
1769471492.062513,FORWARDED,7f406d28-8f03-4ab8-b471-2f46ba0e3dbc,5adc5865-2993-41f8-bf66-19a4da5c7af8,c2,DROP,683,?,x12,
1769471492.385594,SENT,0e48a887-e015-4447-a3e5-24afa2f85ed0,189fb9cd-95df-4906-a600-46543d5a716e,c4,DROP,683,?,x9,
1769471492.3856368,FORWARDED,0e48a887-e015-4447-a3e5-24afa2f85ed0,189fb9cd-95df-4906-a600-46543d5a716e,c4,DROP,683,?,x9,
1769471492.4836915,RECEIVED,c43b681d-20bd-40cc-aaf0-ff8fb08d3b45,89211d50-ece4-4e89-a388-6906f388e51e,c5,DROP,1007,e7,?,
1769471492.5155365,RECEIVED,2b05d894-e1c9-448f-b4d5-f6dd3bee6631,de26def6-26fc-4a22-ab77-502acc227a1c,c3,DROP,1007,e3,?,
1769471492.539607,RECEIVED,b530c906-8486-403f-ac1c-0e4ec6e6cfa1,a5fafcaf-653e-4686-b0ce-ff9e7089b4fb,c3,DROP,1008,e1,?,
1769471492.6479735,RECEIVED,826c618b-859e-4c9e-a542-2b2dce1aef1b,578f5fb7-cda6-40ad-b469-29708102c6d4,c4,DROP,1017,e4,?,
1769471492.7036319,SENT,826c618b-859e-4c9e-a542-2b2dce1aef1b,578f5fb7-cda6-40ad-b469-29708102c6d4,c4,DROP,689,?,x5,
1769471492.703673,FORWARDED,826c618b-859e-4c9e-a542-2b2dce1aef1b,578f5fb7-cda6-40ad-b469-29708102c6d4,c4,DROP,689,?,x5,
1769471492.783174,RECEIVED,105bba21-d7df-49a4-858c-9c48f47e591e,484cfad6-e2ba-445e-841d-e9b7078ac20e,c1,c3,1770,e1,?,
1769471492.785612,RECEIVED,1d89d41c-df73-40dd-ac1c-189c5c7fa77e,55582cf5-c64c-4649-b337-ff5782b57da7,c5,DROP,1006,e10,?,
1769471492.8497732,SENT,7589e864-d8c7-4a8b-a29a-0f2f6de8aa15,cfb4b13a-a386-4a00-9543-69bb4c816188,c2,c4,1258,?,x9,
1769471492.8498173,FORWARDED,7589e864-d8c7-4a8b-a29a-0f2f6de8aa15,cfb4b13a-a386-4a00-9543-69bb4c816188,c2,c4,1258,?,x9,
1769471492.8621607,SENT,2b05d894-e1c9-448f-b4d5-f6dd3bee6631,de26def6-26fc-4a22-ab77-502acc227a1c,c3,DROP,683,?,x6,
1769471492.8622003,FORWARDED,2b05d894-e1c9-448f-b4d5-f6dd3bee6631,de26def6-26fc-4a22-ab77-502acc227a1c,c3,DROP,683,?,x6,
1769471492.8769913,SENT,b530c906-8486-403f-ac1c-0e4ec6e6cfa1,a5fafcaf-653e-4686-b0ce-ff9e7089b4fb,c3,DROP,684,?,x6,
1769471492.8770323,FORWARDED,b530c906-8486-403f-ac1c-0e4ec6e6cfa1,a5fafcaf-653e-4686-b0ce-ff9e7089b4fb,c3,DROP,684,?,x6,
1769471492.9187863,SENT,c43b681d-20bd-40cc-aaf0-ff8fb08d3b45,89211d50-ece4-4e89-a388-6906f388e51e,c5,DROP,683,?,x1,
1769471492.9196389,FORWARDED,c43b681d-20bd-40cc-aaf0-ff8fb08d3b45,89211d50-ece4-4e89-a388-6906f388e51e,c5,DROP,683,?,x1,
1769471492.924682,RECEIVED,2c477156-6bf9-419e-8a89-14cf5f978ead,b388624a-4c80-4e5e-a74d-9e3fde2a41d0,c2,c4,1763,e5,?,
1769471493.2514505,SENT,2c477156-6bf9-419e-8a89-14cf5f978ead,b388624a-4c80-4e5e-a74d-9e3fde2a41d0,c2,c4,1251,?,x7,
1769471493.2514882,FORWARDED,2c477156-6bf9-419e-8a89-14cf5f978ead,b388624a-4c80-4e5e-a74d-9e3fde2a41d0,c2,c4,1251,?,x7,
1769471493.4656427,RECEIVED,29b96f37-6548-4387-960b-fe6dd4c32630,0cc63472-57fe-4cb8-83de-fa7a0cbef7b1,c4,DROP,442,x6,?,
1769471493.4887755,RECEIVED,7b046127-3498-4d87-a238-98f51d766384,e9c999d0-b418-42d9-8b3b-29bd1125677b,c2,DROP,441,x8,?,
1769471493.543875,SENT,105bba21-d7df-49a4-858c-9c48f47e591e,484cfad6-e2ba-445e-841d-e9b7078ac20e,c1,c3,1256,?,x9,
1769471493.5439186,FORWARDED,105bba21-d7df-49a4-858c-9c48f47e591e,484cfad6-e2ba-445e-841d-e9b7078ac20e,c1,c3,1256,?,x9,
1769471493.6033223,RECEIVED,01883038-dce9-43f4-8722-f0b18f399563,82e5a8c9-4ac1-4ed6-837d-cafb1bafcb8c,c5,c1,1763,e8,?,
1769471493.7802815,RECEIVED,70d62c2d-cd01-4960-90b4-4f0f1e69e236,66396a1a-7937-47d2-9d99-860225ac9e96,c4,DROP,437,x3,?,
1769471494.0013728,RECEIVED,427f39fe-e67a-4c97-bc4c-ede428fd911d,e7f6c00a-d12a-4b68-a86d-20c35402cdc2,c3,None,1592,e5,?,
1769471494.1651666,RECEIVED,e8aafb7e-13be-4c5d-a0f0-f6a5003b37da,0edb14e6-5c85-4c93-9ae8-a889ab4c980d,c3,DROP,440,x7,?,
1769471494.1676302,RECEIVED,77e26936-f353-4049-ae2b-d67ad394a257,6b36eff5-dfc6-4999-952c-9d73ea0ca5ea,c2,DROP,438,x6,?,
1769471494.2340093,SENT,427f39fe-e67a-4c97-bc4c-ede428fd911d,e7f6c00a-d12a-4b68-a86d-20c35402cdc2,c3,None,1121,?,x7,
1769471494.23406,FORWARDED,427f39fe-e67a-4c97-bc4c-ede428fd911d,e7f6c00a-d12a-4b68-a86d-20c35402cdc2,c3,None,1121,?,x7,
1769471494.5564647,SENT,1d89d41c-df73-40dd-ac1c-189c5c7fa77e,55582cf5-c64c-4649-b337-ff5782b57da7,c5,DROP,684,?,x8,
1769471494.5565066,FORWARDED,1d89d41c-df73-40dd-ac1c-189c5c7fa77e,55582cf5-c64c-4649-b337-ff5782b57da7,c5,DROP,684,?,x8,
1769471494.575106,RECEIVED,e8a7790b-5ea6-4fa3-bb9f-7a47c9945995,dcd7a279-333b-4ca7-acea-ff2e1ea2fc72,c4,DROP,1012,e2,?,
1769471494.682733,RECEIVED,e906c86e-48e7-4f8e-ae45-3a877a36926b,b48941ea-ff8b-4272-a54d-88f10907faa0,c2,DROP,441,x4,?,
1769471494.6856906,RECEIVED,c3401fec-91e8-4809-af83-17af2c97ce71,f1627c1c-c2dd-49ba-9a13-2b9b3c455f4c,c3,DROP,438,x2,?,
1769471494.6951902,SENT,e8a7790b-5ea6-4fa3-bb9f-7a47c9945995,dcd7a279-333b-4ca7-acea-ff2e1ea2fc72,c4,DROP,685,?,x7,
1769471494.6952267,FORWARDED,e8a7790b-5ea6-4fa3-bb9f-7a47c9945995,dcd7a279-333b-4ca7-acea-ff2e1ea2fc72,c4,DROP,685,?,x7,
1769471494.7092278,RECEIVED,2245b404-a816-4750-9038-3115e5eab5ea,804e00c9-f92a-4414-9719-c68b80d2a1f9,c3,DROP,1012,e2,?,
1769471494.709726,RECEIVED,7b939231-e20d-46b9-a073-9d0b06528091,0345e4ea-b4da-41ca-a680-9d30b2c642ac,c5,DROP,1004,e7,?,
1769471494.7948997,SENT,01883038-dce9-43f4-8722-f0b18f399563,82e5a8c9-4ac1-4ed6-837d-cafb1bafcb8c,c5,c1,1251,?,x4,
1769471494.7949772,FORWARDED,01883038-dce9-43f4-8722-f0b18f399563,82e5a8c9-4ac1-4ed6-837d-cafb1bafcb8c,c5,c1,1251,?,x4,
1769471494.8613424,SENT,7b939231-e20d-46b9-a073-9d0b06528091,0345e4ea-b4da-41ca-a680-9d30b2c642ac,c5,DROP,679,?,x1,
1769471494.8613842,FORWARDED,7b939231-e20d-46b9-a073-9d0b06528091,0345e4ea-b4da-41ca-a680-9d30b2c642ac,c5,DROP,679,?,x1,
1769471494.8661318,RECEIVED,0eb23ec9-2218-4109-bb7c-fef0eb87e003,6e8c8835-28a0-4013-968e-caeea8cba0f7,c1,c3,1780,e11,?,
1769471494.8792322,RECEIVED,5142f5c6-03ee-4e39-999d-7f4d5bf01325,ae2e7b35-9040-40cb-b697-dfe26f835e8f,c5,DROP,1015,e7,?,
1769471495.049271,RECEIVED,d595e4f2-d9a7-4990-a4d9-5c4d24338f95,2de63f1b-4d21-49ef-bf69-d875c9d2e8eb,c3,DROP,441,x4,?,
1769471495.057698,SENT,5142f5c6-03ee-4e39-999d-7f4d5bf01325,ae2e7b35-9040-40cb-b697-dfe26f835e8f,c5,DROP,689,?,x5,
1769471495.0577414,FORWARDED,5142f5c6-03ee-4e39-999d-7f4d5bf01325,ae2e7b35-9040-40cb-b697-dfe26f835e8f,c5,DROP,689,?,x5,
1769471495.1959069,SENT,0eb23ec9-2218-4109-bb7c-fef0eb87e003,6e8c8835-28a0-4013-968e-caeea8cba0f7,c1,c3,1262,?,x4,
1769471495.1959467,FORWARDED,0eb23ec9-2218-4109-bb7c-fef0eb87e003,6e8c8835-28a0-4013-968e-caeea8cba0f7,c1,c3,1262,?,x4,
1769471495.262241,SENT,2245b404-a816-4750-9038-3115e5eab5ea,804e00c9-f92a-4414-9719-c68b80d2a1f9,c3,DROP,687,?,x11,
1769471495.2622917,FORWARDED,2245b404-a816-4750-9038-3115e5eab5ea,804e00c9-f92a-4414-9719-c68b80d2a1f9,c3,DROP,687,?,x11,
1769471495.2788923,RECEIVED,03876c1a-428f-47a0-a903-30e3ce445089,4a39f05b-d5c1-418b-8c91-4aef56fc0af6,c1,DROP,1008,e12,?,
1769471495.5866117,SENT,03876c1a-428f-47a0-a903-30e3ce445089,4a39f05b-d5c1-418b-8c91-4aef56fc0af6,c1,DROP,684,?,x2,
1769471495.5866518,FORWARDED,03876c1a-428f-47a0-a903-30e3ce445089,4a39f05b-d5c1-418b-8c91-4aef56fc0af6,c1,DROP,684,?,x2,
1769471495.7553594,RECEIVED,55dfbe0e-8fb4-483a-9de3-fe09f3399190,28c85016-d0ed-49a1-ae24-aba1fce102fd,c2,DROP,1021,e11,?,
1769471495.9523396,SENT,55dfbe0e-8fb4-483a-9de3-fe09f3399190,28c85016-d0ed-49a1-ae24-aba1fce102fd,c2,DROP,693,?,x10,
1769471495.9523783,FORWARDED,55dfbe0e-8fb4-483a-9de3-fe09f3399190,28c85016-d0ed-49a1-ae24-aba1fce102fd,c2,DROP,693,?,x10,
1769471496.2373106,RECEIVED,2c16ff7a-52da-41f9-bfd6-8136c126f6af,06c90a52-61aa-43ee-97bb-3f67a1093564,c2,DROP,1012,e5,?,
1769471496.2432692,RECEIVED,ede7a0d2-69e1-4993-9310-3509833d2af5,5bf1d82b-42d6-4dcd-aeba-07c12903dc9d,c2,c4,1783,e12,?,
1769471496.3941958,RECEIVED,9838c745-e768-4933-8387-c16cb4e17a12,1d468fb1-3aed-4464-8e27-5f32dd428473,c5,DROP,441,x5,?,
1769471496.6226587,SENT,ede7a0d2-69e1-4993-9310-3509833d2af5,5bf1d82b-42d6-4dcd-aeba-07c12903dc9d,c2,c4,1264,?,x10,
1769471496.6226993,FORWARDED,ede7a0d2-69e1-4993-9310-3509833d2af5,5bf1d82b-42d6-4dcd-aeba-07c12903dc9d,c2,c4,1264,?,x10,
1769471496.7196681,RECEIVED,2e5d488a-15a2-4c82-b809-9bf637ab1872,e864f412-1cc7-4f38-a38e-22f7d96da6b6,c3,DROP,1013,e7,?,
1769471496.8807037,SENT,2e5d488a-15a2-4c82-b809-9bf637ab1872,e864f412-1cc7-4f38-a38e-22f7d96da6b6,c3,DROP,687,?,x10,
1769471496.8807437,FORWARDED,2e5d488a-15a2-4c82-b809-9bf637ab1872,e864f412-1cc7-4f38-a38e-22f7d96da6b6,c3,DROP,687,?,x10,
1769471496.9788628,RECEIVED,5ef347ef-9d4e-4b09-8e43-e89b2d51a3f7,4a50e66c-dc8d-4fd3-861b-c890416f4ffb,c4,DROP,1007,e4,?,
1769471497.0821605,SENT,2c16ff7a-52da-41f9-bfd6-8136c126f6af,06c90a52-61aa-43ee-97bb-3f67a1093564,c2,DROP,687,?,x11,
1769471497.0822012,FORWARDED,2c16ff7a-52da-41f9-bfd6-8136c126f6af,06c90a52-61aa-43ee-97bb-3f67a1093564,c2,DROP,687,?,x11,
1769471497.1216705,RECEIVED,831fcf1d-809c-4ab4-8ae6-e17f32200112,96a8e0d8-b0ae-469c-a7fe-f0a95007c2fd,c3,DROP,1013,e2,?,
1769471497.1877198,SENT,5ef347ef-9d4e-4b09-8e43-e89b2d51a3f7,4a50e66c-dc8d-4fd3-861b-c890416f4ffb,c4,DROP,683,?,x11,
1769471497.1877644,FORWARDED,5ef347ef-9d4e-4b09-8e43-e89b2d51a3f7,4a50e66c-dc8d-4fd3-861b-c890416f4ffb,c4,DROP,683,?,x11,
1769471497.4169943,SENT,831fcf1d-809c-4ab4-8ae6-e17f32200112,96a8e0d8-b0ae-469c-a7fe-f0a95007c2fd,c3,DROP,685,?,x10,
1769471497.4170368,FORWARDED,831fcf1d-809c-4ab4-8ae6-e17f32200112,96a8e0d8-b0ae-469c-a7fe-f0a95007c2fd,c3,DROP,685,?,x10,
1769471497.5114386,RECEIVED,58d029da-aae4-4da2-8b79-b71e0bbf0f59,c540589a-614f-4ffc-afdf-a20c92ecca14,c5,DROP,1009,e7,?,
1769471497.707182,RECEIVED,726d0c37-e428-4ebf-b456-d82e552ae5b8,4c2410de-142e-4173-a638-c84e0fea74ef,c3,None,1599,e7,?,
1769471497.8583298,RECEIVED,74e36b88-476b-407b-9ac3-4c7bb9d647d5,369a5a18-cfea-4de7-bd72-ad64928191a1,c1,DROP,1008,e1,?,
1769471497.8958867,SENT,58d029da-aae4-4da2-8b79-b71e0bbf0f59,c540589a-614f-4ffc-afdf-a20c92ecca14,c5,DROP,683,?,x12,
1769471497.895927,FORWARDED,58d029da-aae4-4da2-8b79-b71e0bbf0f59,c540589a-614f-4ffc-afdf-a20c92ecca14,c5,DROP,683,?,x12,
1769471498.1436229,SENT,74e36b88-476b-407b-9ac3-4c7bb9d647d5,369a5a18-cfea-4de7-bd72-ad64928191a1,c1,DROP,683,?,x8,
1769471498.1436636,FORWARDED,74e36b88-476b-407b-9ac3-4c7bb9d647d5,369a5a18-cfea-4de7-bd72-ad64928191a1,c1,DROP,683,?,x8,
1769471498.2258532,RECEIVED,471cea1f-435b-424a-8e32-6d882aa75505,a12fc236-a4e5-472c-b1d2-36e8c55fa2b6,c2,DROP,1007,e10,?,
1769471498.2604723,RECEIVED,2f2a278c-f241-4ebd-9746-42443af2ef4c,1ff2ddde-b2fb-49bf-8248-ff63d18418e3,c4,DROP,442,x4,?,
1769471498.2751107,SENT,726d0c37-e428-4ebf-b456-d82e552ae5b8,4c2410de-142e-4173-a638-c84e0fea74ef,c3,None,1128,?,x5,
1769471498.2751536,FORWARDED,726d0c37-e428-4ebf-b456-d82e552ae5b8,4c2410de-142e-4173-a638-c84e0fea74ef,c3,None,1128,?,x5,
1769471498.3169277,SENT,471cea1f-435b-424a-8e32-6d882aa75505,a12fc236-a4e5-472c-b1d2-36e8c55fa2b6,c2,DROP,684,?,x2,
1769471498.3169692,FORWARDED,471cea1f-435b-424a-8e32-6d882aa75505,a12fc236-a4e5-472c-b1d2-36e8c55fa2b6,c2,DROP,684,?,x2,
1769471498.5872173,RECEIVED,ea986501-c59d-4a42-9f60-52d91c9cf891,ae330cbe-c0ea-4273-8dbb-d66d02ec2bc1,c4,c3,1765,e12,?,
1769471498.6272311,RECEIVED,0c5da165-da21-42df-8b87-0653006b7335,d3dbb420-1916-46e9-a657-261c88e52b6e,c5,DROP,1004,e1,?,
1769471498.722923,RECEIVED,11ef3864-4189-4ba9-83bc-655331161f76,b187dd8b-578b-439d-9b5c-1ce0996764cd,c2,DROP,1012,e9,?,
1769471498.7968183,SENT,11ef3864-4189-4ba9-83bc-655331161f76,b187dd8b-578b-439d-9b5c-1ce0996764cd,c2,DROP,685,?,x6,
1769471498.7968507,FORWARDED,11ef3864-4189-4ba9-83bc-655331161f76,b187dd8b-578b-439d-9b5c-1ce0996764cd,c2,DROP,685,?,x6,
1769471498.8207793,SENT,ea986501-c59d-4a42-9f60-52d91c9cf891,ae330cbe-c0ea-4273-8dbb-d66d02ec2bc1,c4,c3,1251,?,x10,
1769471498.8208175,FORWARDED,ea986501-c59d-4a42-9f60-52d91c9cf891,ae330cbe-c0ea-4273-8dbb-d66d02ec2bc1,c4,c3,1251,?,x10,
1769471499.1188333,SENT,0c5da165-da21-42df-8b87-0653006b7335,d3dbb420-1916-46e9-a657-261c88e52b6e,c5,DROP,679,?,x6,
1769471499.1188745,FORWARDED,0c5da165-da21-42df-8b87-0653006b7335,d3dbb420-1916-46e9-a657-261c88e52b6e,c5,DROP,679,?,x6,
1769471499.1617575,RECEIVED,ab6a90e2-5df8-437d-8ad0-e795865e58f6,c3b1ae5f-07e8-499f-9a73-1f0700a1cfc9,c3,DROP,1008,e12,?,
1769471499.743619,RECEIVED,aac26ff3-c3fb-4af8-b40f-507cf5982e4f,5039ffce-e923-4411-a378-9cf15affd8b7,c4,c3,1788,e3,?,
1769471499.8131995,SENT,ab6a90e2-5df8-437d-8ad0-e795865e58f6,c3b1ae5f-07e8-499f-9a73-1f0700a1cfc9,c3,DROP,682,?,x10,
1769471499.8132422,FORWARDED,ab6a90e2-5df8-437d-8ad0-e795865e58f6,c3b1ae5f-07e8-499f-9a73-1f0700a1cfc9,c3,DROP,682,?,x10,
1769471499.8237555,RECEIVED,4897d62a-890c-48ac-9aff-842d679da793,1a63954b-9adb-415e-90d0-4616a5ed1b8b,c2,DROP,442,x2,?,
1769471499.9755635,SENT,aac26ff3-c3fb-4af8-b40f-507cf5982e4f,5039ffce-e923-4411-a378-9cf15affd8b7,c4,c3,1267,?,x7,
1769471499.975598,FORWARDED,aac26ff3-c3fb-4af8-b40f-507cf5982e4f,5039ffce-e923-4411-a378-9cf15affd8b7,c4,c3,1267,?,x7,
1769471500.2103534,RECEIVED,c9461cb9-d014-4e56-9961-e46106892fed,307cf52c-fa3e-4ee7-885d-e29e09e80233,c1,None,1600,e3,?,
1769471500.2307718,RECEIVED,f831f5cc-2dde-4ebd-85a0-52790561b706,0b9d2965-c5c8-43e0-899f-d7e830597631,c5,DROP,1015,e2,?,
1769471500.3371081,SENT,c9461cb9-d014-4e56-9961-e46106892fed,307cf52c-fa3e-4ee7-885d-e29e09e80233,c1,None,1128,?,x7,
1769471500.3371513,FORWARDED,c9461cb9-d014-4e56-9961-e46106892fed,307cf52c-fa3e-4ee7-885d-e29e09e80233,c1,None,1128,?,x7,
1769471500.347307,SENT,f831f5cc-2dde-4ebd-85a0-52790561b706,0b9d2965-c5c8-43e0-899f-d7e830597631,c5,DROP,688,?,x8,
1769471500.3473434,FORWARDED,f831f5cc-2dde-4ebd-85a0-52790561b706,0b9d2965-c5c8-43e0-899f-d7e830597631,c5,DROP,688,?,x8,
1769471500.6346905,RECEIVED,0c04bcf8-f890-403a-b69e-afe2da8258f4,859f0cde-b94b-4fbf-8add-057c11f5042f,c5,c1,1767,e9,?,
1769471500.9165988,RECEIVED,7cd6f2ba-379b-4d8a-af11-f9d14d299d3b,8b95b4c2-bd40-43d4-83e7-99b174de1a48,c5,DROP,1011,e6,?,
1769471501.155623,RECEIVED,9fd83e51-4faa-4b67-8bb0-3b00db684e6c,b13e78dc-9029-4531-9e6d-b3546b82012d,c5,DROP,1007,e6,?,
1769471501.2750778,SENT,0c04bcf8-f890-403a-b69e-afe2da8258f4,859f0cde-b94b-4fbf-8add-057c11f5042f,c5,c1,1252,?,x5,
1769471501.2751205,FORWARDED,0c04bcf8-f890-403a-b69e-afe2da8258f4,859f0cde-b94b-4fbf-8add-057c11f5042f,c5,c1,1252,?,x5,
1769471501.343634,RECEIVED,57a2db0a-c7d7-48e1-83e7-0cb7fa4fb3a0,4eb80b43-3d61-41c4-83a5-a5d1d84bdc8f,c2,DROP,1008,e12,?,
1769471501.3902879,SENT,9fd83e51-4faa-4b67-8bb0-3b00db684e6c,b13e78dc-9029-4531-9e6d-b3546b82012d,c5,DROP,684,?,x4,
1769471501.3903303,FORWARDED,9fd83e51-4faa-4b67-8bb0-3b00db684e6c,b13e78dc-9029-4531-9e6d-b3546b82012d,c5,DROP,684,?,x4,
1769471501.525213,SENT,57a2db0a-c7d7-48e1-83e7-0cb7fa4fb3a0,4eb80b43-3d61-41c4-83a5-a5d1d84bdc8f,c2,DROP,683,?,x8,
1769471501.5252562,FORWARDED,57a2db0a-c7d7-48e1-83e7-0cb7fa4fb3a0,4eb80b43-3d61-41c4-83a5-a5d1d84bdc8f,c2,DROP,683,?,x8,
1769471501.63436,SENT,7cd6f2ba-379b-4d8a-af11-f9d14d299d3b,8b95b4c2-bd40-43d4-83e7-99b174de1a48,c5,DROP,686,?,x1,
1769471501.6344116,FORWARDED,7cd6f2ba-379b-4d8a-af11-f9d14d299d3b,8b95b4c2-bd40-43d4-83e7-99b174de1a48,c5,DROP,686,?,x1,
1769471501.750539,RECEIVED,bb2c84c7-edf7-4157-b681-0e684e7856ed,253122de-ca6e-4327-a13c-318406285d52,c3,DROP,1012,e5,?,
1769471502.24446,SENT,bb2c84c7-edf7-4157-b681-0e684e7856ed,253122de-ca6e-4327-a13c-318406285d52,c3,DROP,687,?,x1,
1769471502.2445035,FORWARDED,bb2c84c7-edf7-4157-b681-0e684e7856ed,253122de-ca6e-4327-a13c-318406285d52,c3,DROP,687,?,x1,
1769471502.7323303,RECEIVED,8ff37992-37f8-4ef5-93ec-26a0c049039a,c7d259d2-ee21-4b18-ba28-b7b626a99e41,c4,None,1594,e7,?,
1769471502.8432724,RECEIVED,2892d496-d674-490c-a2c8-aa779e816c67,0eb5d39d-7921-4432-8adc-9b0a3e18a443,c5,DROP,1009,e11,?,
1769471502.9464889,SENT,2892d496-d674-490c-a2c8-aa779e816c67,0eb5d39d-7921-4432-8adc-9b0a3e18a443,c5,DROP,684,?,x2,
1769471502.9465313,FORWARDED,2892d496-d674-490c-a2c8-aa779e816c67,0eb5d39d-7921-4432-8adc-9b0a3e18a443,c5,DROP,684,?,x2,
1769471502.9823008,RECEIVED,3e5074b0-b49f-43ca-b2c3-77ed9af02200,fc3f8433-3911-47f6-bbee-0f23e99c7667,c3,DROP,1009,e7,?,
1769471502.9864366,RECEIVED,1bdb3bdd-f436-45e6-a859-2eec31713241,03cf1bf1-5bf6-4837-81e5-24468775248b,c2,c4,1778,e12,?,
1769471503.0724483,SENT,3e5074b0-b49f-43ca-b2c3-77ed9af02200,fc3f8433-3911-47f6-bbee-0f23e99c7667,c3,DROP,684,?,x12,
1769471503.0724854,FORWARDED,3e5074b0-b49f-43ca-b2c3-77ed9af02200,fc3f8433-3911-47f6-bbee-0f23e99c7667,c3,DROP,684,?,x12,
1769471503.25168,RECEIVED,e2320e5d-2ffe-4bca-8d2c-42fa3c2b4a5c,4bf23d20-c299-42bc-afa2-04a52a70b7eb,c3,DROP,1007,e10,?,
1769471503.3829381,SENT,8ff37992-37f8-4ef5-93ec-26a0c049039a,c7d259d2-ee21-4b18-ba28-b7b626a99e41,c4,None,1124,?,x3,
1769471503.3829768,FORWARDED,8ff37992-37f8-4ef5-93ec-26a0c049039a,c7d259d2-ee21-4b18-ba28-b7b626a99e41,c4,None,1124,?,x3,
1769471503.822082,SENT,e2320e5d-2ffe-4bca-8d2c-42fa3c2b4a5c,4bf23d20-c299-42bc-afa2-04a52a70b7eb,c3,DROP,683,?,x1,
1769471503.822124,FORWARDED,e2320e5d-2ffe-4bca-8d2c-42fa3c2b4a5c,4bf23d20-c299-42bc-afa2-04a52a70b7eb,c3,DROP,683,?,x1,
1769471503.874215,SENT,1bdb3bdd-f436-45e6-a859-2eec31713241,03cf1bf1-5bf6-4837-81e5-24468775248b,c2,c4,1262,?,x4,
1769471503.8742542,FORWARDED,1bdb3bdd-f436-45e6-a859-2eec31713241,03cf1bf1-5bf6-4837-81e5-24468775248b,c2,c4,1262,?,x4,
1769471504.1069453,RECEIVED,8f4aa8d6-0987-46ae-b986-b142ea29e78b,2ea83cf0-36a2-49f9-bba1-5886ca84d9a2,c3,DROP,1003,e2,?,
1769471504.1377628,RECEIVED,59ece5f2-b27d-4ef9-a37f-23240653ea65,c48c3955-8e24-45b2-a9d6-2ee7789036ac,c1,DROP,1007,e9,?,
1769471504.2197049,RECEIVED,be99fdc2-5292-4c47-8395-52dec906a54e,5d996af4-9ee4-4de2-87d2-ae797260944a,c1,DROP,1007,e12,?,
1769471504.3825204,RECEIVED,2726006f-b9f3-494e-92e6-24869cded968,8885c749-33cd-456c-8231-807bbbe6a87b,c2,DROP,1013,e6,?,
1769471504.4201732,SENT,2726006f-b9f3-494e-92e6-24869cded968,8885c749-33cd-456c-8231-807bbbe6a87b,c2,DROP,687,?,x8,
1769471504.420209,FORWARDED,2726006f-b9f3-494e-92e6-24869cded968,8885c749-33cd-456c-8231-807bbbe6a87b,c2,DROP,687,?,x8,
1769471504.4517543,SENT,8f4aa8d6-0987-46ae-b986-b142ea29e78b,2ea83cf0-36a2-49f9-bba1-5886ca84d9a2,c3,DROP,681,?,x8,
1769471504.4517977,FORWARDED,8f4aa8d6-0987-46ae-b986-b142ea29e78b,2ea83cf0-36a2-49f9-bba1-5886ca84d9a2,c3,DROP,681,?,x8,
1769471504.5580413,RECEIVED,889e75e5-19f4-4e7c-90d0-75d3b326c2d3,363b2ede-8c57-413c-b3e8-42dc02840945,c2,DROP,441,x9,?,
1769471504.5910017,RECEIVED,7b5093f0-0588-470b-8287-6840b4cfa9a5,ea1dd06a-8c73-4580-95c5-9dc86e3b4f92,c3,DROP,1009,e12,?,
1769471504.6197853,SENT,59ece5f2-b27d-4ef9-a37f-23240653ea65,c48c3955-8e24-45b2-a9d6-2ee7789036ac,c1,DROP,684,?,x1,
1769471504.619827,FORWARDED,59ece5f2-b27d-4ef9-a37f-23240653ea65,c48c3955-8e24-45b2-a9d6-2ee7789036ac,c1,DROP,684,?,x1,
1769471504.6351962,SENT,7b5093f0-0588-470b-8287-6840b4cfa9a5,ea1dd06a-8c73-4580-95c5-9dc86e3b4f92,c3,DROP,684,?,x4,
1769471504.6352377,FORWARDED,7b5093f0-0588-470b-8287-6840b4cfa9a5,ea1dd06a-8c73-4580-95c5-9dc86e3b4f92,c3,DROP,684,?,x4,
1769471504.7145455,SENT,be99fdc2-5292-4c47-8395-52dec906a54e,5d996af4-9ee4-4de2-87d2-ae797260944a,c1,DROP,683,?,x2,
1769471504.7145941,FORWARDED,be99fdc2-5292-4c47-8395-52dec906a54e,5d996af4-9ee4-4de2-87d2-ae797260944a,c1,DROP,683,?,x2,
1769471504.7788353,RECEIVED,149b730f-60b2-4f49-90f9-4e9778ca90b5,6274e455-1640-46dc-94c1-cf9112bc13ef,c1,DROP,1008,e11,?,
1769471504.8005772,RECEIVED,cc34e007-a602-4ce9-b3cd-8eabe6ee38f9,6a3f780d-f019-4670-acd8-bb971731261a,c2,DROP,1016,e9,?,
1769471504.8647783,RECEIVED,b2583dad-112d-4542-8613-f4c7b9bf2a62,b428ae96-df8f-4f79-b327-54d4977478dd,c4,DROP,1007,e5,?,
1769471505.181359,SENT,b2583dad-112d-4542-8613-f4c7b9bf2a62,b428ae96-df8f-4f79-b327-54d4977478dd,c4,DROP,683,?,x5,
1769471505.1814003,FORWARDED,b2583dad-112d-4542-8613-f4c7b9bf2a62,b428ae96-df8f-4f79-b327-54d4977478dd,c4,DROP,683,?,x5,
1769471505.1825912,RECEIVED,7798c87c-35d0-4d4c-a13d-e20b501e9dd0,05979bba-ea26-4539-a627-6577bf20bf6a,c2,DROP,1008,e8,?,
1769471505.2065756,SENT,cc34e007-a602-4ce9-b3cd-8eabe6ee38f9,6a3f780d-f019-4670-acd8-bb971731261a,c2,DROP,688,?,x11,
1769471505.2066128,FORWARDED,cc34e007-a602-4ce9-b3cd-8eabe6ee38f9,6a3f780d-f019-4670-acd8-bb971731261a,c2,DROP,688,?,x11,
1769471505.2435877,SENT,149b730f-60b2-4f49-90f9-4e9778ca90b5,6274e455-1640-46dc-94c1-cf9112bc13ef,c1,DROP,684,?,x2,
1769471505.2436283,FORWARDED,149b730f-60b2-4f49-90f9-4e9778ca90b5,6274e455-1640-46dc-94c1-cf9112bc13ef,c1,DROP,684,?,x2,
1769471505.3492372,RECEIVED,ba5b9668-d057-4fe0-b519-880aa69654d0,bd66ef20-5af9-481e-a5e1-a5adebab44d3,c3,DROP,440,x8,?,
1769471505.3552673,SENT,7798c87c-35d0-4d4c-a13d-e20b501e9dd0,05979bba-ea26-4539-a627-6577bf20bf6a,c2,DROP,683,?,x8,
1769471505.3553083,FORWARDED,7798c87c-35d0-4d4c-a13d-e20b501e9dd0,05979bba-ea26-4539-a627-6577bf20bf6a,c2,DROP,683,?,x8,
1769471505.365243,RECEIVED,a7cec47b-9f55-487d-bbee-2c357926b0ed,89dea6c7-ce61-486f-b098-5022664770aa,c3,DROP,1017,e8,?,
1769471505.680923,RECEIVED,952c2457-b396-4930-b6a0-ed90775ec2b5,25e209a6-5435-4247-ab42-606961d667b7,c1,None,1603,e5,?,
1769471505.8419058,SENT,a7cec47b-9f55-487d-bbee-2c357926b0ed,89dea6c7-ce61-486f-b098-5022664770aa,c3,DROP,688,?,x12,
1769471505.8419576,FORWARDED,a7cec47b-9f55-487d-bbee-2c357926b0ed,89dea6c7-ce61-486f-b098-5022664770aa,c3,DROP,688,?,x12,
1769471505.9084532,RECEIVED,44d6f8aa-9873-4fb6-aa0b-cf3182fd7a71,80818f3e-6708-4785-aab9-8a8e5ed09d10,c5,DROP,1011,e9,?,
1769471505.921821,RECEIVED,4ae03788-4bbe-4bc0-92d9-f32a33b72223,758f6dd7-5265-4dbd-864b-e33a56c892dc,c3,DROP,1008,e2,?,
1769471505.931364,RECEIVED,365b9582-91fd-4be0-9f1d-34fa39e04088,62729c4b-c3f0-4a77-841e-481b44a3d665,c5,DROP,1016,e6,?,
1769471506.0699925,SENT,4ae03788-4bbe-4bc0-92d9-f32a33b72223,758f6dd7-5265-4dbd-864b-e33a56c892dc,c3,DROP,684,?,x3,
1769471506.0700324,FORWARDED,4ae03788-4bbe-4bc0-92d9-f32a33b72223,758f6dd7-5265-4dbd-864b-e33a56c892dc,c3,DROP,684,?,x3,
1769471506.2131703,SENT,365b9582-91fd-4be0-9f1d-34fa39e04088,62729c4b-c3f0-4a77-841e-481b44a3d665,c5,DROP,688,?,x2,
1769471506.2132123,FORWARDED,365b9582-91fd-4be0-9f1d-34fa39e04088,62729c4b-c3f0-4a77-841e-481b44a3d665,c5,DROP,688,?,x2,
1769471506.228148,SENT,952c2457-b396-4930-b6a0-ed90775ec2b5,25e209a6-5435-4247-ab42-606961d667b7,c1,None,1131,?,x6,
1769471506.228191,FORWARDED,952c2457-b396-4930-b6a0-ed90775ec2b5,25e209a6-5435-4247-ab42-606961d667b7,c1,None,1131,?,x6,
1769471506.3579113,RECEIVED,920a0219-a2fa-4ae2-a43b-e20471803542,8fd89530-7bd4-4471-8b33-870a30ded27b,c2,c4,1777,e1,?,
1769471506.3907874,RECEIVED,ab0e5b2b-c1b8-470d-a52b-513a7b49ce15,e5aa299b-c36d-4976-baaf-ac2799e38a2b,c1,DROP,1016,e2,?,
1769471506.4006054,RECEIVED,7d353faf-2500-4bde-99b4-a42ac3100e51,1fc60776-f8b0-404c-9c04-ed4160829dc2,c3,DROP,1008,e7,?,
1769471506.4022741,RECEIVED,ef439ed7-ade7-41d9-9b94-669e219d22b8,66182ed4-4e78-47cf-902a-23acf1ddd2b6,c3,DROP,1011,e7,?,
1769471506.5736735,SENT,920a0219-a2fa-4ae2-a43b-e20471803542,8fd89530-7bd4-4471-8b33-870a30ded27b,c2,c4,1259,?,x10,
1769471506.5737097,FORWARDED,920a0219-a2fa-4ae2-a43b-e20471803542,8fd89530-7bd4-4471-8b33-870a30ded27b,c2,c4,1259,?,x10,
1769471506.6222553,SENT,7d353faf-2500-4bde-99b4-a42ac3100e51,1fc60776-f8b0-404c-9c04-ed4160829dc2,c3,DROP,683,?,x9,
1769471506.6223075,FORWARDED,7d353faf-2500-4bde-99b4-a42ac3100e51,1fc60776-f8b0-404c-9c04-ed4160829dc2,c3,DROP,683,?,x9,
1769471506.6330872,SENT,ef439ed7-ade7-41d9-9b94-669e219d22b8,66182ed4-4e78-47cf-902a-23acf1ddd2b6,c3,DROP,687,?,x9,
1769471506.633132,FORWARDED,ef439ed7-ade7-41d9-9b94-669e219d22b8,66182ed4-4e78-47cf-902a-23acf1ddd2b6,c3,DROP,687,?,x9,
1769471506.6550393,SENT,ab0e5b2b-c1b8-470d-a52b-513a7b49ce15,e5aa299b-c36d-4976-baaf-ac2799e38a2b,c1,DROP,688,?,x1,
1769471506.6550944,FORWARDED,ab0e5b2b-c1b8-470d-a52b-513a7b49ce15,e5aa299b-c36d-4976-baaf-ac2799e38a2b,c1,DROP,688,?,x1,
1769471506.667655,RECEIVED,fcab1ab6-2e66-46aa-ace1-2c59243cb903,8123c3b9-5739-4765-b94b-c82bff22db24,c5,DROP,1011,e9,?,
1769471506.914616,RECEIVED,82583bed-7170-45f2-9ddf-be066d8f369c,ee9a1e77-f106-4a8a-9029-668c78535340,c3,DROP,1008,e6,?,
1769471507.010997,RECEIVED,f18c1831-1829-4b2b-9736-66ba8f2fed76,2ce711cf-0627-4e30-9cb3-3a5cdb3e3f81,c1,DROP,1012,e4,?,
1769471507.190271,SENT,f18c1831-1829-4b2b-9736-66ba8f2fed76,2ce711cf-0627-4e30-9cb3-3a5cdb3e3f81,c1,DROP,686,?,x1,
1769471507.1903129,FORWARDED,f18c1831-1829-4b2b-9736-66ba8f2fed76,2ce711cf-0627-4e30-9cb3-3a5cdb3e3f81,c1,DROP,686,?,x1,
1769471507.3031828,SENT,fcab1ab6-2e66-46aa-ace1-2c59243cb903,8123c3b9-5739-4765-b94b-c82bff22db24,c5,DROP,687,?,x2,
1769471507.303225,FORWARDED,fcab1ab6-2e66-46aa-ace1-2c59243cb903,8123c3b9-5739-4765-b94b-c82bff22db24,c5,DROP,687,?,x2,
1769471507.3528578,RECEIVED,d4726a1e-fe73-404a-8fc7-d03b86f346b3,166a34d4-e0d0-4f22-96e2-2ce2acadec14,c1,c3,1775,e10,?,
1769471507.4729793,RECEIVED,dda5a6e5-4d65-4358-9b90-e61d645aa67c,37d675d7-4578-49b8-bf5a-b9e6ebf4ea9c,c5,c1,1776,e9,?,
1769471507.4898417,SENT,44d6f8aa-9873-4fb6-aa0b-cf3182fd7a71,80818f3e-6708-4785-aab9-8a8e5ed09d10,c5,DROP,687,?,x3,
1769471507.4898827,FORWARDED,44d6f8aa-9873-4fb6-aa0b-cf3182fd7a71,80818f3e-6708-4785-aab9-8a8e5ed09d10,c5,DROP,687,?,x3,
1769471507.668782,RECEIVED,85c54868-55d3-45c3-9713-1f25893ef6bc,70a01d14-36f3-40fc-892b-016dfc69c5c7,c2,DROP,1012,e1,?,
1769471507.7562573,SENT,dda5a6e5-4d65-4358-9b90-e61d645aa67c,37d675d7-4578-49b8-bf5a-b9e6ebf4ea9c,c5,c1,1260,?,x8,
1769471507.7562978,FORWARDED,dda5a6e5-4d65-4358-9b90-e61d645aa67c,37d675d7-4578-49b8-bf5a-b9e6ebf4ea9c,c5,c1,1260,?,x8,
1769471507.8714705,SENT,85c54868-55d3-45c3-9713-1f25893ef6bc,70a01d14-36f3-40fc-892b-016dfc69c5c7,c2,DROP,687,?,x3,
1769471507.8715117,FORWARDED,85c54868-55d3-45c3-9713-1f25893ef6bc,70a01d14-36f3-40fc-892b-016dfc69c5c7,c2,DROP,687,?,x3,
1769471507.9715745,RECEIVED,5335f8a2-79c4-4320-adf0-08bc4fb127bb,a650019a-db8c-455a-9a80-5ef48155bc31,c2,DROP,1012,e12,?,
1769471508.0703084,RECEIVED,a06c8e66-3d5d-4e7d-94d5-5eb66eff96db,b6ff6a34-3ca7-4c2e-ba91-fb5cac92a8dd,c1,None,1596,e3,?,
1769471508.0893996,SENT,d4726a1e-fe73-404a-8fc7-d03b86f346b3,166a34d4-e0d0-4f22-96e2-2ce2acadec14,c1,c3,1260,?,x5,
1769471508.0894415,FORWARDED,d4726a1e-fe73-404a-8fc7-d03b86f346b3,166a34d4-e0d0-4f22-96e2-2ce2acadec14,c1,c3,1260,?,x5,
1769471508.09089,RECEIVED,92fab521-0575-47dd-b5be-5d8432c8e4a6,bd0cf193-444e-44be-8d61-d6bf418b9fb7,c4,None,1596,e7,?,
1769471508.1951509,SENT,92fab521-0575-47dd-b5be-5d8432c8e4a6,bd0cf193-444e-44be-8d61-d6bf418b9fb7,c4,None,1123,?,x4,
1769471508.1951945,FORWARDED,92fab521-0575-47dd-b5be-5d8432c8e4a6,bd0cf193-444e-44be-8d61-d6bf418b9fb7,c4,None,1123,?,x4,
1769471508.2704258,RECEIVED,f5f5d34d-eebd-4fae-bd43-e368b97a4cff,708ccddb-a983-472f-828f-b839547ec3cc,c4,None,1608,e1,?,
1769471508.4329572,SENT,5335f8a2-79c4-4320-adf0-08bc4fb127bb,a650019a-db8c-455a-9a80-5ef48155bc31,c2,DROP,687,?,x8,
1769471508.4329932,FORWARDED,5335f8a2-79c4-4320-adf0-08bc4fb127bb,a650019a-db8c-455a-9a80-5ef48155bc31,c2,DROP,687,?,x8,
1769471508.5048902,RECEIVED,036269d3-1dc9-4f06-a3a5-d9b5406f9dc4,ad2e912f-73ed-4039-acbd-90b1c680d101,c4,c3,1771,e2,?,
1769471508.5385783,RECEIVED,de4abbd7-875e-4c9d-bf54-1cf31b463a96,887d0c8d-7fcb-411c-a56e-7103e64c8997,c3,DROP,1012,e8,?,
1769471508.6109645,RECEIVED,48b70642-3bdc-4473-971d-e16b27dcd6cf,6cad5f88-5976-4825-b435-fdf49fbbe3d4,c2,DROP,441,x4,?,
1769471508.6141028,RECEIVED,4286b7bc-97cc-4ce2-860c-a3d0da2746b2,2a28bcaa-5eb4-4667-855e-7bdd9cda201e,c5,DROP,1008,e3,?,
1769471508.6352916,SENT,de4abbd7-875e-4c9d-bf54-1cf31b463a96,887d0c8d-7fcb-411c-a56e-7103e64c8997,c3,DROP,686,?,x1,
1769471508.6353347,FORWARDED,de4abbd7-875e-4c9d-bf54-1cf31b463a96,887d0c8d-7fcb-411c-a56e-7103e64c8997,c3,DROP,686,?,x1,
1769471508.72988,RECEIVED,cecf195b-43ea-4dce-a1f3-a37add5d0380,2a6bd30e-c874-4d71-863d-af38bdab6df5,c4,DROP,1011,e4,?,
1769471508.7352757,SENT,82583bed-7170-45f2-9ddf-be066d8f369c,ee9a1e77-f106-4a8a-9029-668c78535340,c3,DROP,683,?,x10,
1769471508.7353168,FORWARDED,82583bed-7170-45f2-9ddf-be066d8f369c,ee9a1e77-f106-4a8a-9029-668c78535340,c3,DROP,683,?,x10,
1769471508.737123,RECEIVED,a033e3a0-dcd7-4352-91ca-a968ddad6fe5,1f6ea1ad-9ed7-490a-b320-fde676a54827,c5,DROP,441,x5,?,
1769471508.7412117,RECEIVED,5f85e546-a84c-4baa-b388-cdaed28db7f7,0ea1d357-2796-4a7a-9b3b-644454539aa8,c3,None,1595,e2,?,
1769471508.762944,SENT,4286b7bc-97cc-4ce2-860c-a3d0da2746b2,2a28bcaa-5eb4-4667-855e-7bdd9cda201e,c5,DROP,683,?,x5,
1769471508.7629957,FORWARDED,4286b7bc-97cc-4ce2-860c-a3d0da2746b2,2a28bcaa-5eb4-4667-855e-7bdd9cda201e,c5,DROP,683,?,x5,
1769471508.7711585,RECEIVED,6db21616-955c-43d7-a844-95fc1a88f632,2bbf2240-57b4-453e-abba-4c5f079df7f1,c2,DROP,1007,e9,?,
1769471508.7716606,RECEIVED,816e3487-9267-4404-a9b9-59a365d1cb94,1d5c23ed-5e9f-4c05-8ad4-ddc4378a065c,c5,DROP,1016,e1,?,
1769471508.773139,SENT,f5f5d34d-eebd-4fae-bd43-e368b97a4cff,708ccddb-a983-472f-828f-b839547ec3cc,c4,None,1132,?,x3,
1769471508.773181,FORWARDED,f5f5d34d-eebd-4fae-bd43-e368b97a4cff,708ccddb-a983-472f-828f-b839547ec3cc,c4,None,1132,?,x3,
1769471508.9372468,SENT,a06c8e66-3d5d-4e7d-94d5-5eb66eff96db,b6ff6a34-3ca7-4c2e-ba91-fb5cac92a8dd,c1,None,1124,?,x10,
1769471508.9372897,FORWARDED,a06c8e66-3d5d-4e7d-94d5-5eb66eff96db,b6ff6a34-3ca7-4c2e-ba91-fb5cac92a8dd,c1,None,1124,?,x10,
1769471508.9808347,SENT,816e3487-9267-4404-a9b9-59a365d1cb94,1d5c23ed-5e9f-4c05-8ad4-ddc4378a065c,c5,DROP,689,?,x10,
1769471508.9808755,FORWARDED,816e3487-9267-4404-a9b9-59a365d1cb94,1d5c23ed-5e9f-4c05-8ad4-ddc4378a065c,c5,DROP,689,?,x10,
1769471509.0014873,RECEIVED,599e7d3f-4ee4-4974-b458-bf8d0751d998,c6e03bc5-fd54-451c-859e-485c40f72b31,c1,DROP,1012,e11,?,
1769471509.0126784,SENT,6db21616-955c-43d7-a844-95fc1a88f632,2bbf2240-57b4-453e-abba-4c5f079df7f1,c2,DROP,683,?,x1,
1769471509.012796,FORWARDED,6db21616-955c-43d7-a844-95fc1a88f632,2bbf2240-57b4-453e-abba-4c5f079df7f1,c2,DROP,683,?,x1,
1769471509.0331736,SENT,5f85e546-a84c-4baa-b388-cdaed28db7f7,0ea1d357-2796-4a7a-9b3b-644454539aa8,c3,None,1123,?,x1,
1769471509.0332158,FORWARDED,5f85e546-a84c-4baa-b388-cdaed28db7f7,0ea1d357-2796-4a7a-9b3b-644454539aa8,c3,None,1123,?,x1,
1769471509.1409576,RECEIVED,e87fe02d-7e81-4958-91e7-d81c5a971870,959dc281-ffde-4b93-afb4-431f9a5a362b,c1,DROP,1012,e5,?,
1769471509.294586,SENT,036269d3-1dc9-4f06-a3a5-d9b5406f9dc4,ad2e912f-73ed-4039-acbd-90b1c680d101,c4,c3,1255,?,x2,
1769471509.2946208,FORWARDED,036269d3-1dc9-4f06-a3a5-d9b5406f9dc4,ad2e912f-73ed-4039-acbd-90b1c680d101,c4,c3,1255,?,x2,
1769471509.3320968,RECEIVED,86728fbd-5d08-449f-b7b0-c1a13489ba7f,c44313f6-8282-49f4-9e3a-e06264c20a02,c1,DROP,1009,e3,?,
1769471509.343433,RECEIVED,f69075e9-cd77-4a9c-9658-365355863e75,e414497f-2af5-491b-8743-d7da033e024b,c4,c3,1783,e5,?,
1769471509.4039228,SENT,e87fe02d-7e81-4958-91e7-d81c5a971870,959dc281-ffde-4b93-afb4-431f9a5a362b,c1,DROP,685,?,x5,
1769471509.4039662,FORWARDED,e87fe02d-7e81-4958-91e7-d81c5a971870,959dc281-ffde-4b93-afb4-431f9a5a362b,c1,DROP,685,?,x5,
1769471509.4321702,RECEIVED,ce85a438-3ef1-455d-97f4-ef78f85ad3ac,4a59f644-0fcf-4bdf-b510-773eac911797,c2,c4,1780,e7,?,
1769471509.565425,SENT,cecf195b-43ea-4dce-a1f3-a37add5d0380,2a6bd30e-c874-4d71-863d-af38bdab6df5,c4,DROP,687,?,x4,
1769471509.565465,FORWARDED,cecf195b-43ea-4dce-a1f3-a37add5d0380,2a6bd30e-c874-4d71-863d-af38bdab6df5,c4,DROP,687,?,x4,
1769471509.6320338,SENT,86728fbd-5d08-449f-b7b0-c1a13489ba7f,c44313f6-8282-49f4-9e3a-e06264c20a02,c1,DROP,682,?,x10,
1769471509.6320837,FORWARDED,86728fbd-5d08-449f-b7b0-c1a13489ba7f,c44313f6-8282-49f4-9e3a-e06264c20a02,c1,DROP,682,?,x10,
1769471509.6642323,SENT,ce85a438-3ef1-455d-97f4-ef78f85ad3ac,4a59f644-0fcf-4bdf-b510-773eac911797,c2,c4,1263,?,x8,
1769471509.664274,FORWARDED,ce85a438-3ef1-455d-97f4-ef78f85ad3ac,4a59f644-0fcf-4bdf-b510-773eac911797,c2,c4,1263,?,x8,
1769471509.7718422,RECEIVED,77dea5a1-2098-4721-bb7b-acd6b9bc3399,a10a4144-99a9-423c-9f17-85661dddd55c,c2,DROP,1008,e11,?,
1769471509.785878,RECEIVED,d705bb26-40be-447a-bf00-26fbc5753b99,536aab88-fd37-4ff3-bcd0-daf15534170a,c5,DROP,1007,e5,?,
1769471509.8890064,RECEIVED,c31b8057-6a9a-4a99-b41b-5df746ea6731,108e3ade-c9ea-4069-bcb7-ea7114f4f37d,c3,DROP,1008,e2,?,
1769471509.8912058,SENT,599e7d3f-4ee4-4974-b458-bf8d0751d998,c6e03bc5-fd54-451c-859e-485c40f72b31,c1,DROP,687,?,x11,
1769471509.891258,FORWARDED,599e7d3f-4ee4-4974-b458-bf8d0751d998,c6e03bc5-fd54-451c-859e-485c40f72b31,c1,DROP,687,?,x11,
1769471509.9191275,SENT,77dea5a1-2098-4721-bb7b-acd6b9bc3399,a10a4144-99a9-423c-9f17-85661dddd55c,c2,DROP,682,?,x2,
1769471509.9191694,FORWARDED,77dea5a1-2098-4721-bb7b-acd6b9bc3399,a10a4144-99a9-423c-9f17-85661dddd55c,c2,DROP,682,?,x2,
1769471509.966623,SENT,f69075e9-cd77-4a9c-9658-365355863e75,e414497f-2af5-491b-8743-d7da033e024b,c4,c3,1264,?,x4,
1769471509.9666653,FORWARDED,f69075e9-cd77-4a9c-9658-365355863e75,e414497f-2af5-491b-8743-d7da033e024b,c4,c3,1264,?,x4,
1769471510.0990212,SENT,c31b8057-6a9a-4a99-b41b-5df746ea6731,108e3ade-c9ea-4069-bcb7-ea7114f4f37d,c3,DROP,683,?,x7,
1769471510.099281,FORWARDED,c31b8057-6a9a-4a99-b41b-5df746ea6731,108e3ade-c9ea-4069-bcb7-ea7114f4f37d,c3,DROP,683,?,x7,
1769471510.2755642,RECEIVED,c631cb50-bca6-4e66-a4ad-27d4516e15ce,d2ab97d8-cfaa-4e6d-9e6b-0cd303096c84,c1,DROP,1007,e2,?,
1769471510.2888587,RECEIVED,b7fe517d-5544-4b21-bc01-32dcab9a208e,ae2ed772-da90-4448-beee-e62eae94743f,c3,DROP,442,x7,?,
1769471510.3365054,SENT,d705bb26-40be-447a-bf00-26fbc5753b99,536aab88-fd37-4ff3-bcd0-daf15534170a,c5,DROP,684,?,x6,
1769471510.3365514,FORWARDED,d705bb26-40be-447a-bf00-26fbc5753b99,536aab88-fd37-4ff3-bcd0-daf15534170a,c5,DROP,684,?,x6,
1769471510.4815946,RECEIVED,627abeae-6579-40ad-80cc-88d231bd01e7,df07e2f5-b7a6-4dc1-8f64-ead35b5e1d6b,c3,DROP,441,x11,?,
1769471510.5694823,RECEIVED,a28d158e-2c53-4845-9082-d086f326803c,15d5f5c8-01b9-41c3-aa5f-701615fc4cd8,c1,DROP,441,x1,?,
1769471510.5723777,RECEIVED,4d0648cd-b8e0-41c1-adfc-b5961ea851cc,1cc67bf9-ab4c-4606-a8ec-68b2445edbd0,c4,DROP,1022,e12,?,
1769471510.5845127,RECEIVED,f88d684f-33ea-4a6a-ad31-32cf5135a20f,4c3be676-98d9-489c-9899-7ede1618a5ef,c2,DROP,1008,e12,?,
1769471510.5856354,RECEIVED,d9cdaa0c-9a8c-4591-8dc3-c881c6d2b38b,b922e6a8-ce88-48e2-acf8-f401d7f751eb,c4,DROP,1007,e7,?,
1769471510.6424625,RECEIVED,c159a628-9457-4d0c-9412-be0f77f397d8,3ab7b303-1a00-48df-b8d9-a1b9abb95480,c3,DROP,1004,e9,?,
1769471510.6568313,SENT,4d0648cd-b8e0-41c1-adfc-b5961ea851cc,1cc67bf9-ab4c-4606-a8ec-68b2445edbd0,c4,DROP,692,?,x11,
1769471510.6568701,FORWARDED,4d0648cd-b8e0-41c1-adfc-b5961ea851cc,1cc67bf9-ab4c-4606-a8ec-68b2445edbd0,c4,DROP,692,?,x11,
1769471510.6996145,RECEIVED,007fc0cb-9210-4eaf-859b-7acdbcdebce3,96568288-e0dd-48c0-b54c-fe443d5487dc,c2,DROP,1016,e1,?,
1769471510.782152,RECEIVED,d9dc04d2-94b0-4323-8884-61b875cb8046,196b4b35-843c-4c87-9c65-ca93c008e498,c1,DROP,442,x11,?,
1769471510.7853627,RECEIVED,2f684891-f115-4d13-bd17-43ac4ce876f5,68092368-4601-4150-b9b1-0ff4616d3f55,c1,None,1600,e12,?,
1769471510.8174672,SENT,f88d684f-33ea-4a6a-ad31-32cf5135a20f,4c3be676-98d9-489c-9899-7ede1618a5ef,c2,DROP,683,?,x3,
1769471510.8175037,FORWARDED,f88d684f-33ea-4a6a-ad31-32cf5135a20f,4c3be676-98d9-489c-9899-7ede1618a5ef,c2,DROP,683,?,x3,
1769471510.8332074,SENT,c159a628-9457-4d0c-9412-be0f77f397d8,3ab7b303-1a00-48df-b8d9-a1b9abb95480,c3,DROP,680,?,x6,
1769471510.8332515,FORWARDED,c159a628-9457-4d0c-9412-be0f77f397d8,3ab7b303-1a00-48df-b8d9-a1b9abb95480,c3,DROP,680,?,x6,
1769471510.8654933,RECEIVED,0b0d93a4-d01a-42e4-a331-b19d154ad8bf,81188b3c-3c40-49c4-8b5c-1ffefc7d5321,c3,c1,1772,e5,?,
1769471510.8918307,SENT,007fc0cb-9210-4eaf-859b-7acdbcdebce3,96568288-e0dd-48c0-b54c-fe443d5487dc,c2,DROP,689,?,x4,
1769471510.8918777,FORWARDED,007fc0cb-9210-4eaf-859b-7acdbcdebce3,96568288-e0dd-48c0-b54c-fe443d5487dc,c2,DROP,689,?,x4,
1769471510.946493,SENT,0b0d93a4-d01a-42e4-a331-b19d154ad8bf,81188b3c-3c40-49c4-8b5c-1ffefc7d5321,c3,c1,1256,?,x2,
1769471510.946534,FORWARDED,0b0d93a4-d01a-42e4-a331-b19d154ad8bf,81188b3c-3c40-49c4-8b5c-1ffefc7d5321,c3,c1,1256,?,x2,
1769471511.028783,SENT,2f684891-f115-4d13-bd17-43ac4ce876f5,68092368-4601-4150-b9b1-0ff4616d3f55,c1,None,1127,?,x7,
1769471511.0288253,FORWARDED,2f684891-f115-4d13-bd17-43ac4ce876f5,68092368-4601-4150-b9b1-0ff4616d3f55,c1,None,1127,?,x7,
1769471511.0528986,SENT,d9cdaa0c-9a8c-4591-8dc3-c881c6d2b38b,b922e6a8-ce88-48e2-acf8-f401d7f751eb,c4,DROP,684,?,x9,
1769471511.052936,FORWARDED,d9cdaa0c-9a8c-4591-8dc3-c881c6d2b38b,b922e6a8-ce88-48e2-acf8-f401d7f751eb,c4,DROP,684,?,x9,
1769471511.5793672,RECEIVED,26b7d2dd-14c0-4a6b-a63e-0460553e15e1,9471a226-0458-405d-8ac0-696eaf0dfe45,c1,DROP,1012,e8,?,
1769471511.6210275,RECEIVED,bd777747-2d7e-48c3-a1e0-149d18fc8869,5e352280-ef94-4caf-b57a-8e808a2f5c12,c2,DROP,1011,e10,?,
1769471511.6918874,RECEIVED,73a2ecf4-cb4f-406c-a2a1-295e568d9511,4cbf2351-0ee1-4996-a483-2235e353854c,c5,DROP,1007,e9,?,
1769471511.7417116,SENT,26b7d2dd-14c0-4a6b-a63e-0460553e15e1,9471a226-0458-405d-8ac0-696eaf0dfe45,c1,DROP,687,?,x8,
1769471511.7417543,FORWARDED,26b7d2dd-14c0-4a6b-a63e-0460553e15e1,9471a226-0458-405d-8ac0-696eaf0dfe45,c1,DROP,687,?,x8,
1769471512.0761745,SENT,c631cb50-bca6-4e66-a4ad-27d4516e15ce,d2ab97d8-cfaa-4e6d-9e6b-0cd303096c84,c1,DROP,683,?,x2,
1769471512.0762165,FORWARDED,c631cb50-bca6-4e66-a4ad-27d4516e15ce,d2ab97d8-cfaa-4e6d-9e6b-0cd303096c84,c1,DROP,683,?,x2,
1769471512.1520631,SENT,bd777747-2d7e-48c3-a1e0-149d18fc8869,5e352280-ef94-4caf-b57a-8e808a2f5c12,c2,DROP,685,?,x7,
1769471512.1521032,FORWARDED,bd777747-2d7e-48c3-a1e0-149d18fc8869,5e352280-ef94-4caf-b57a-8e808a2f5c12,c2,DROP,685,?,x7,
1769471512.166545,SENT,73a2ecf4-cb4f-406c-a2a1-295e568d9511,4cbf2351-0ee1-4996-a483-2235e353854c,c5,DROP,684,?,x9,
1769471512.1665874,FORWARDED,73a2ecf4-cb4f-406c-a2a1-295e568d9511,4cbf2351-0ee1-4996-a483-2235e353854c,c5,DROP,684,?,x9,
1769471512.2003155,RECEIVED,e015d76d-1e00-46a5-a361-7e23221e7272,534bab23-761b-4dbb-ba62-396aab0b0df2,c1,None,1609,e8,?,
1769471512.2718492,RECEIVED,dc9ccaf7-1be5-48e8-9a02-a3d8abb126fe,2d8d44a3-4900-4d96-90fd-d23cfd5e06e8,c3,c1,1776,e1,?,
1769471512.3223438,SENT,dc9ccaf7-1be5-48e8-9a02-a3d8abb126fe,2d8d44a3-4900-4d96-90fd-d23cfd5e06e8,c3,c1,1260,?,x7,
1769471512.322385,FORWARDED,dc9ccaf7-1be5-48e8-9a02-a3d8abb126fe,2d8d44a3-4900-4d96-90fd-d23cfd5e06e8,c3,c1,1260,?,x7,
1769471512.3732,RECEIVED,645fae88-6fc0-4673-9bea-90ffcfa970e5,b8571034-6547-4b6d-804b-e300b8adafef,c1,DROP,1007,e10,?,
1769471512.5082963,RECEIVED,149433a2-18c0-47ea-8003-00ab24d6103a,e9ef616d-df32-4290-ba34-6218c0ed94bc,c1,DROP,1011,e10,?,
1769471512.601124,RECEIVED,10556f66-912e-4f9a-840e-7e2b737e1bb5,12f39ec4-8d34-4f15-9b07-d96737690fd9,c1,DROP,1016,e11,?,
1769471512.6976392,SENT,e015d76d-1e00-46a5-a361-7e23221e7272,534bab23-761b-4dbb-ba62-396aab0b0df2,c1,None,1132,?,x10,
1769471512.6976798,FORWARDED,e015d76d-1e00-46a5-a361-7e23221e7272,534bab23-761b-4dbb-ba62-396aab0b0df2,c1,None,1132,?,x10,
1769471512.9010608,RECEIVED,b5ea726f-49fc-4f8f-ab3b-bbe84ce75b27,9ae2b8a7-fcf4-434d-bbb7-b522fc015e4f,c3,c1,1775,e3,?,
1769471513.0267096,SENT,10556f66-912e-4f9a-840e-7e2b737e1bb5,12f39ec4-8d34-4f15-9b07-d96737690fd9,c1,DROP,689,?,x9,
1769471513.0267541,FORWARDED,10556f66-912e-4f9a-840e-7e2b737e1bb5,12f39ec4-8d34-4f15-9b07-d96737690fd9,c1,DROP,689,?,x9,
1769471513.0500903,SENT,149433a2-18c0-47ea-8003-00ab24d6103a,e9ef616d-df32-4290-ba34-6218c0ed94bc,c1,DROP,685,?,x4,
1769471513.0501354,FORWARDED,149433a2-18c0-47ea-8003-00ab24d6103a,e9ef616d-df32-4290-ba34-6218c0ed94bc,c1,DROP,685,?,x4,
1769471513.1779416,RECEIVED,53887a23-39c3-45fc-8e36-1f153e196dc6,8685d00b-3867-476d-ac68-ea5ecd965b1c,c2,c4,1775,e2,?,
1769471513.2195494,RECEIVED,e4148c82-6442-4f1e-982b-3aedd8c1b5e2,51853f28-3146-4b10-9e35-ad6507980696,c1,DROP,1008,e12,?,
1769471513.3325548,RECEIVED,5fa7e544-6f90-4f45-a0c8-3bcfe12ed8ef,a4c50127-25e8-4a12-a222-41620bd495b6,c2,DROP,1017,e12,?,
1769471513.3514519,SENT,5fa7e544-6f90-4f45-a0c8-3bcfe12ed8ef,a4c50127-25e8-4a12-a222-41620bd495b6,c2,DROP,688,?,x6,
1769471513.3514936,FORWARDED,5fa7e544-6f90-4f45-a0c8-3bcfe12ed8ef,a4c50127-25e8-4a12-a222-41620bd495b6,c2,DROP,688,?,x6,
1769471513.3661213,RECEIVED,eb88da0b-07fd-4a58-9ff1-11488c9ef6f8,6fb28057-6a70-423c-90ee-b22005e83362,c4,c3,1780,e11,?,
1769471513.4538226,SENT,eb88da0b-07fd-4a58-9ff1-11488c9ef6f8,6fb28057-6a70-423c-90ee-b22005e83362,c4,c3,1263,?,x9,
1769471513.453865,FORWARDED,eb88da0b-07fd-4a58-9ff1-11488c9ef6f8,6fb28057-6a70-423c-90ee-b22005e83362,c4,c3,1263,?,x9,
1769471513.509684,SENT,53887a23-39c3-45fc-8e36-1f153e196dc6,8685d00b-3867-476d-ac68-ea5ecd965b1c,c2,c4,1259,?,x5,
1769471513.5097167,FORWARDED,53887a23-39c3-45fc-8e36-1f153e196dc6,8685d00b-3867-476d-ac68-ea5ecd965b1c,c2,c4,1259,?,x5,
1769471513.5147917,RECEIVED,acfc6012-8897-4909-bc07-8c240209d063,3e35f968-6f9d-44c6-b102-a5fb49f69037,c2,DROP,1008,e4,?,
1769471513.5823326,SENT,acfc6012-8897-4909-bc07-8c240209d063,3e35f968-6f9d-44c6-b102-a5fb49f69037,c2,DROP,684,?,x8,
1769471513.5823739,FORWARDED,acfc6012-8897-4909-bc07-8c240209d063,3e35f968-6f9d-44c6-b102-a5fb49f69037,c2,DROP,684,?,x8,
1769471513.5838542,SENT,e4148c82-6442-4f1e-982b-3aedd8c1b5e2,51853f28-3146-4b10-9e35-ad6507980696,c1,DROP,683,?,x8,
1769471513.5838926,FORWARDED,e4148c82-6442-4f1e-982b-3aedd8c1b5e2,51853f28-3146-4b10-9e35-ad6507980696,c1,DROP,683,?,x8,
1769471513.642847,SENT,645fae88-6fc0-4673-9bea-90ffcfa970e5,b8571034-6547-4b6d-804b-e300b8adafef,c1,DROP,683,?,x9,
1769471513.6428897,FORWARDED,645fae88-6fc0-4673-9bea-90ffcfa970e5,b8571034-6547-4b6d-804b-e300b8adafef,c1,DROP,683,?,x9,
1769471513.703384,RECEIVED,3cad473c-be19-4783-8296-1a795757a3ba,d9a121ce-5f49-416b-8122-5d6414a6f615,c3,DROP,1012,e10,?,
1769471513.9278746,SENT,b5ea726f-49fc-4f8f-ab3b-bbe84ce75b27,9ae2b8a7-fcf4-434d-bbb7-b522fc015e4f,c3,c1,1260,?,x7,
1769471513.9279182,FORWARDED,b5ea726f-49fc-4f8f-ab3b-bbe84ce75b27,9ae2b8a7-fcf4-434d-bbb7-b522fc015e4f,c3,c1,1260,?,x7,
1769471513.9929223,SENT,3cad473c-be19-4783-8296-1a795757a3ba,d9a121ce-5f49-416b-8122-5d6414a6f615,c3,DROP,687,?,x8,
1769471513.9929628,FORWARDED,3cad473c-be19-4783-8296-1a795757a3ba,d9a121ce-5f49-416b-8122-5d6414a6f615,c3,DROP,687,?,x8,
1769471514.0013812,RECEIVED,f211c0e5-32de-4bff-ace2-8e9b7df6d2a0,18a449b0-3ddf-407d-907a-9911b051a259,c1,None,1605,e2,?,
1769471514.036226,SENT,f211c0e5-32de-4bff-ace2-8e9b7df6d2a0,18a449b0-3ddf-407d-907a-9911b051a259,c1,None,1131,?,x4,
1769471514.0362642,FORWARDED,f211c0e5-32de-4bff-ace2-8e9b7df6d2a0,18a449b0-3ddf-407d-907a-9911b051a259,c1,None,1131,?,x4,
1769471514.095844,RECEIVED,370818ce-1d69-4afc-b691-160b694fb1af,d1cf6f50-f7be-481b-a976-88cf730e677d,c5,c1,1773,e7,?,
1769471514.1616445,RECEIVED,998519ce-6e22-443f-b908-04ff01b99272,6b56a996-b3e1-48af-b438-c8f8612af7be,c1,DROP,1019,e11,?,
1769471514.172394,RECEIVED,106865a9-ce9e-4363-b4fd-d9271595509e,f58cd651-39df-4b3d-8e4d-02936ba05768,c3,DROP,1007,e9,?,
1769471514.1752055,RECEIVED,3b909c15-78ee-4021-b8b5-eea170130eca,73ba72ab-8aff-4b37-b583-0043b5d8e7da,c2,DROP,1012,e8,?,
1769471514.245135,SENT,370818ce-1d69-4afc-b691-160b694fb1af,d1cf6f50-f7be-481b-a976-88cf730e677d,c5,c1,1256,?,x12,
1769471514.2451775,FORWARDED,370818ce-1d69-4afc-b691-160b694fb1af,d1cf6f50-f7be-481b-a976-88cf730e677d,c5,c1,1256,?,x12,
1769471514.483191,RECEIVED,dc0b3a06-deec-4fe1-b52a-8cfbdb7a8ff3,d8eeb8f3-8a64-4fc1-85e5-022e7cc30f5c,c2,DROP,1009,e9,?,
1769471514.4851584,SENT,106865a9-ce9e-4363-b4fd-d9271595509e,f58cd651-39df-4b3d-8e4d-02936ba05768,c3,DROP,684,?,x3,
1769471514.485197,FORWARDED,106865a9-ce9e-4363-b4fd-d9271595509e,f58cd651-39df-4b3d-8e4d-02936ba05768,c3,DROP,684,?,x3,
1769471514.5079522,SENT,dc0b3a06-deec-4fe1-b52a-8cfbdb7a8ff3,d8eeb8f3-8a64-4fc1-85e5-022e7cc30f5c,c2,DROP,683,?,x5,
1769471514.5079956,FORWARDED,dc0b3a06-deec-4fe1-b52a-8cfbdb7a8ff3,d8eeb8f3-8a64-4fc1-85e5-022e7cc30f5c,c2,DROP,683,?,x5,
1769471514.5362754,RECEIVED,81f33857-9d1d-4617-b571-620dee428a7b,c1bc75be-f914-44b8-9c78-9af6abc14541,c3,DROP,1006,e8,?,
1769471514.5997825,RECEIVED,e528fbd1-c0dd-41fc-98fd-b53ed02fea66,de8f6cd0-2d5b-4d69-8d25-b4d14495afc4,c5,DROP,1016,e7,?,
1769471514.6646776,RECEIVED,6881afa0-5df7-4caa-8bd5-b6afa43874cd,80ca3479-d3c3-421b-96e8-370a689062e6,c4,DROP,1008,e5,?,
1769471514.777031,SENT,e528fbd1-c0dd-41fc-98fd-b53ed02fea66,de8f6cd0-2d5b-4d69-8d25-b4d14495afc4,c5,DROP,689,?,x9,
1769471514.777332,FORWARDED,e528fbd1-c0dd-41fc-98fd-b53ed02fea66,de8f6cd0-2d5b-4d69-8d25-b4d14495afc4,c5,DROP,689,?,x9,
1769471514.7955725,SENT,3b909c15-78ee-4021-b8b5-eea170130eca,73ba72ab-8aff-4b37-b583-0043b5d8e7da,c2,DROP,687,?,x11,
1769471514.7956126,FORWARDED,3b909c15-78ee-4021-b8b5-eea170130eca,73ba72ab-8aff-4b37-b583-0043b5d8e7da,c2,DROP,687,?,x11,
1769471514.908524,SENT,6881afa0-5df7-4caa-8bd5-b6afa43874cd,80ca3479-d3c3-421b-96e8-370a689062e6,c4,DROP,684,?,x1,
1769471514.9085636,FORWARDED,6881afa0-5df7-4caa-8bd5-b6afa43874cd,80ca3479-d3c3-421b-96e8-370a689062e6,c4,DROP,684,?,x1,
1769471514.961493,RECEIVED,956c3a08-60a3-493b-8eba-59fc430c38f5,60bdb605-a6ca-4f10-9912-bfb254dca0b3,c2,DROP,1020,e5,?,
1769471514.974579,RECEIVED,da7c8157-d206-4755-a31a-284d8173082f,104ba31a-520f-476b-bc9d-4891f8e9bfa1,c1,None,1603,e1,?,
1769471515.1434424,SENT,998519ce-6e22-443f-b908-04ff01b99272,6b56a996-b3e1-48af-b438-c8f8612af7be,c1,DROP,692,?,x8,
1769471515.143485,FORWARDED,998519ce-6e22-443f-b908-04ff01b99272,6b56a996-b3e1-48af-b438-c8f8612af7be,c1,DROP,692,?,x8,
1769471515.160992,RECEIVED,f27e7b72-b94f-4b1b-bd7c-c1713cc3ca1e,89e98011-6516-4c5b-b432-0ba719b0dc5f,c2,DROP,1015,e2,?,
1769471515.2192729,RECEIVED,b791ce25-1183-46c9-bbf1-1f94e93b1edd,7874d599-c59d-41a9-be76-12dd7a48c1af,c1,DROP,1012,e5,?,
1769471515.3618326,RECEIVED,5764297d-4de0-4d80-a4ca-d95b88026dac,4c8bf987-bedb-4713-9752-d71ea9b48170,c1,DROP,1011,e7,?,
1769471515.501827,RECEIVED,a4b299f5-f51e-4f2e-82b7-c2ccaddb97c8,c9d3f7af-70fd-4961-b730-5f67f78b3004,c4,None,1592,e7,?,
1769471515.5114636,SENT,b791ce25-1183-46c9-bbf1-1f94e93b1edd,7874d599-c59d-41a9-be76-12dd7a48c1af,c1,DROP,687,?,x6,
1769471515.5115047,FORWARDED,b791ce25-1183-46c9-bbf1-1f94e93b1edd,7874d599-c59d-41a9-be76-12dd7a48c1af,c1,DROP,687,?,x6,
1769471515.5607927,SENT,956c3a08-60a3-493b-8eba-59fc430c38f5,60bdb605-a6ca-4f10-9912-bfb254dca0b3,c2,DROP,693,?,x12,
1769471515.560835,FORWARDED,956c3a08-60a3-493b-8eba-59fc430c38f5,60bdb605-a6ca-4f10-9912-bfb254dca0b3,c2,DROP,693,?,x12,
1769471515.6180315,SENT,a4b299f5-f51e-4f2e-82b7-c2ccaddb97c8,c9d3f7af-70fd-4961-b730-5f67f78b3004,c4,None,1122,?,x1,
1769471515.6180823,FORWARDED,a4b299f5-f51e-4f2e-82b7-c2ccaddb97c8,c9d3f7af-70fd-4961-b730-5f67f78b3004,c4,None,1122,?,x1,
1769471515.6906002,SENT,da7c8157-d206-4755-a31a-284d8173082f,104ba31a-520f-476b-bc9d-4891f8e9bfa1,c1,None,1131,?,x6,
1769471515.6906426,FORWARDED,da7c8157-d206-4755-a31a-284d8173082f,104ba31a-520f-476b-bc9d-4891f8e9bfa1,c1,None,1131,?,x6,
1769471515.7169847,RECEIVED,def842c4-0e28-4aae-bcbe-385f928a5014,e4c7896d-08ab-4c38-bc3b-243e7dbf3622,c3,DROP,1012,e5,?,
1769471515.795897,SENT,def842c4-0e28-4aae-bcbe-385f928a5014,e4c7896d-08ab-4c38-bc3b-243e7dbf3622,c3,DROP,686,?,x4,
1769471515.7959332,FORWARDED,def842c4-0e28-4aae-bcbe-385f928a5014,e4c7896d-08ab-4c38-bc3b-243e7dbf3622,c3,DROP,686,?,x4,
1769471515.8789582,SENT,f27e7b72-b94f-4b1b-bd7c-c1713cc3ca1e,89e98011-6516-4c5b-b432-0ba719b0dc5f,c2,DROP,689,?,x2,
1769471515.878993,FORWARDED,f27e7b72-b94f-4b1b-bd7c-c1713cc3ca1e,89e98011-6516-4c5b-b432-0ba719b0dc5f,c2,DROP,689,?,x2,
1769471515.8930101,RECEIVED,3c292c0f-137d-46b7-a361-c7f07125875a,61d05dd1-d09b-4a03-9c9c-cfa85b1fed02,c2,DROP,1008,e11,?,
1769471515.9206405,SENT,5764297d-4de0-4d80-a4ca-d95b88026dac,4c8bf987-bedb-4713-9752-d71ea9b48170,c1,DROP,687,?,x2,
1769471515.920679,FORWARDED,5764297d-4de0-4d80-a4ca-d95b88026dac,4c8bf987-bedb-4713-9752-d71ea9b48170,c1,DROP,687,?,x2,
1769471515.9801738,RECEIVED,8cb95276-e54e-4955-9fff-8e97039f4dfc,fc092dac-d2d1-4480-becf-caeeb7720ea8,c3,DROP,1008,e2,?,
1769471516.0148475,SENT,81f33857-9d1d-4617-b571-620dee428a7b,c1bc75be-f914-44b8-9c78-9af6abc14541,c3,DROP,683,?,x3,
1769471516.0148942,FORWARDED,81f33857-9d1d-4617-b571-620dee428a7b,c1bc75be-f914-44b8-9c78-9af6abc14541,c3,DROP,683,?,x3,
1769471516.0270116,RECEIVED,ba31ec2a-844f-40f0-be1b-e72568bae984,b8a31ec6-f44d-466b-a40c-c02422823a83,c1,c3,1775,e2,?,
1769471516.039495,SENT,3c292c0f-137d-46b7-a361-c7f07125875a,61d05dd1-d09b-4a03-9c9c-cfa85b1fed02,c2,DROP,684,?,x3,
1769471516.0395355,FORWARDED,3c292c0f-137d-46b7-a361-c7f07125875a,61d05dd1-d09b-4a03-9c9c-cfa85b1fed02,c2,DROP,684,?,x3,
1769471516.1746922,SENT,8cb95276-e54e-4955-9fff-8e97039f4dfc,fc092dac-d2d1-4480-becf-caeeb7720ea8,c3,DROP,683,?,x5,
1769471516.17473,FORWARDED,8cb95276-e54e-4955-9fff-8e97039f4dfc,fc092dac-d2d1-4480-becf-caeeb7720ea8,c3,DROP,683,?,x5,
1769471516.269998,RECEIVED,a57c32e7-c323-4983-bfbf-ae49c89c1817,9677b141-5702-4fb3-acb4-5178c86d1e7a,c3,DROP,1003,e9,?,
1769471516.4465733,RECEIVED,551165bc-9a24-433f-8a61-8e1bf929e746,e2539147-36c8-407b-970a-4ec309db49d7,c3,c1,1776,e8,?,
1769471516.4620733,RECEIVED,38771533-5fed-4269-9cc7-2a26b57c7ce2,b4f8fd10-3d23-4152-af1d-546e9f8da283,c1,DROP,436,x4,?,
1769471516.4994192,RECEIVED,24cebd6b-7bec-424b-92c0-a12a762f3e6d,f4fc1a23-80dd-4a3a-85c8-78245f106171,c1,DROP,1008,e11,?,
1769471516.6263592,SENT,ba31ec2a-844f-40f0-be1b-e72568bae984,b8a31ec6-f44d-466b-a40c-c02422823a83,c1,c3,1260,?,x4,
1769471516.6264012,FORWARDED,ba31ec2a-844f-40f0-be1b-e72568bae984,b8a31ec6-f44d-466b-a40c-c02422823a83,c1,c3,1260,?,x4,
1769471516.6464765,SENT,24cebd6b-7bec-424b-92c0-a12a762f3e6d,f4fc1a23-80dd-4a3a-85c8-78245f106171,c1,DROP,683,?,x1,
1769471516.6465132,FORWARDED,24cebd6b-7bec-424b-92c0-a12a762f3e6d,f4fc1a23-80dd-4a3a-85c8-78245f106171,c1,DROP,683,?,x1,
1769471516.7575886,RECEIVED,a26ee894-6de4-44de-af2a-f0e8a72893e9,f93a9b14-4eba-4b3d-9a40-61c6f509e765,c3,DROP,1007,e4,?,
1769471516.8079488,RECEIVED,82a6a81c-b25b-429c-b925-b050831afce4,554a6583-9e04-4a29-ba7b-5008d8d96972,c3,DROP,1008,e1,?,
1769471516.9220715,SENT,551165bc-9a24-433f-8a61-8e1bf929e746,e2539147-36c8-407b-970a-4ec309db49d7,c3,c1,1258,?,x4,
1769471516.9221091,FORWARDED,551165bc-9a24-433f-8a61-8e1bf929e746,e2539147-36c8-407b-970a-4ec309db49d7,c3,c1,1258,?,x4,
1769471517.0642347,SENT,a26ee894-6de4-44de-af2a-f0e8a72893e9,f93a9b14-4eba-4b3d-9a40-61c6f509e765,c3,DROP,684,?,x5,
1769471517.064288,FORWARDED,a26ee894-6de4-44de-af2a-f0e8a72893e9,f93a9b14-4eba-4b3d-9a40-61c6f509e765,c3,DROP,684,?,x5,
1769471517.1166477,RECEIVED,9aadbba7-718a-4f5c-8079-a6d6b63495ad,4849fde5-ae0e-4062-8f57-5853452d5867,c4,DROP,442,x8,?,
1769471517.2042525,SENT,82a6a81c-b25b-429c-b925-b050831afce4,554a6583-9e04-4a29-ba7b-5008d8d96972,c3,DROP,683,?,x12,
1769471517.204293,FORWARDED,82a6a81c-b25b-429c-b925-b050831afce4,554a6583-9e04-4a29-ba7b-5008d8d96972,c3,DROP,683,?,x12,
1769471517.2085729,RECEIVED,be79bec0-75f6-4636-b603-ca807f7aa2ab,39ab6952-16cd-44ca-ac78-c997a27d0725,c5,c1,1780,e11,?,
1769471517.2410073,SENT,a57c32e7-c323-4983-bfbf-ae49c89c1817,9677b141-5702-4fb3-acb4-5178c86d1e7a,c3,DROP,679,?,x3,
1769471517.241093,FORWARDED,a57c32e7-c323-4983-bfbf-ae49c89c1817,9677b141-5702-4fb3-acb4-5178c86d1e7a,c3,DROP,679,?,x3,
1769471517.3479476,SENT,be79bec0-75f6-4636-b603-ca807f7aa2ab,39ab6952-16cd-44ca-ac78-c997a27d0725,c5,c1,1263,?,x3,
1769471517.3479888,FORWARDED,be79bec0-75f6-4636-b603-ca807f7aa2ab,39ab6952-16cd-44ca-ac78-c997a27d0725,c5,c1,1263,?,x3,
1769471517.3615856,RECEIVED,9801bec2-0f06-45fb-a655-b6a67dacc88c,38293cbe-1082-47d5-9a5f-d24ca6769849,c5,DROP,1012,e10,?,
1769471517.373843,RECEIVED,9b0575d1-3257-417d-860b-389e1b5f1c2c,2761b0a3-5628-41c5-8fbc-45d44cba2c97,c1,DROP,1009,e1,?,
1769471517.471574,SENT,9b0575d1-3257-417d-860b-389e1b5f1c2c,2761b0a3-5628-41c5-8fbc-45d44cba2c97,c1,DROP,683,?,x11,
1769471517.4716096,FORWARDED,9b0575d1-3257-417d-860b-389e1b5f1c2c,2761b0a3-5628-41c5-8fbc-45d44cba2c97,c1,DROP,683,?,x11,
1769471517.534159,SENT,9801bec2-0f06-45fb-a655-b6a67dacc88c,38293cbe-1082-47d5-9a5f-d24ca6769849,c5,DROP,685,?,x6,
1769471517.534201,FORWARDED,9801bec2-0f06-45fb-a655-b6a67dacc88c,38293cbe-1082-47d5-9a5f-d24ca6769849,c5,DROP,685,?,x6,
1769471517.7545724,RECEIVED,feed0af7-664e-45cf-b0d5-ef90ea4bfdcf,b117dd05-8df0-4044-b39d-be3d51f69f18,c3,DROP,437,x4,?,
1769471517.7763543,RECEIVED,53e9c9ba-c777-40be-8e34-52bc2fa80059,ce3a2150-d947-4d8f-843d-7f1c3b1c295f,c2,DROP,1009,e10,?,
1769471517.8885682,RECEIVED,7e6b7aef-b898-4493-afd0-336108d71aa2,0cb08708-07af-4bc6-a246-979daa67fd8e,c1,None,1596,e7,?,
1769471518.0047894,RECEIVED,1bcf734a-0840-41b5-9875-aa14fb69f70c,ba8fda72-47cd-4da5-aed4-085932e14bfd,c5,DROP,1019,e10,?,
1769471518.032508,RECEIVED,e402d056-56e3-4ae4-b6e8-d0c9f22a39b9,683cd177-8cb0-4eef-80cb-e8c014801a95,c4,DROP,1016,e3,?,
1769471518.0946069,RECEIVED,5868c1db-92c7-482a-a45a-0a7d278a65b1,7186cd14-079e-4b06-a008-5ce52b87b3c1,c5,DROP,1009,e3,?,
1769471518.179141,SENT,5868c1db-92c7-482a-a45a-0a7d278a65b1,7186cd14-079e-4b06-a008-5ce52b87b3c1,c5,DROP,683,?,x11,
1769471518.1791837,FORWARDED,5868c1db-92c7-482a-a45a-0a7d278a65b1,7186cd14-079e-4b06-a008-5ce52b87b3c1,c5,DROP,683,?,x11,
1769471518.1816943,SENT,e402d056-56e3-4ae4-b6e8-d0c9f22a39b9,683cd177-8cb0-4eef-80cb-e8c014801a95,c4,DROP,688,?,x1,
1769471518.1817367,FORWARDED,e402d056-56e3-4ae4-b6e8-d0c9f22a39b9,683cd177-8cb0-4eef-80cb-e8c014801a95,c4,DROP,688,?,x1,
1769471518.2305403,RECEIVED,cd1219ec-34af-4d7b-8e32-585788d36c13,c75c8dde-2dd9-4b10-a65e-924beafecc9c,c2,DROP,1011,e2,?,
1769471518.2648494,RECEIVED,2f23aed5-6378-4587-9e63-0d3145d420ee,1fc22edb-2307-4260-818a-79acec082f2b,c2,DROP,441,x2,?,
1769471518.2971385,SENT,53e9c9ba-c777-40be-8e34-52bc2fa80059,ce3a2150-d947-4d8f-843d-7f1c3b1c295f,c2,DROP,687,?,x5,
1769471518.2971807,FORWARDED,53e9c9ba-c777-40be-8e34-52bc2fa80059,ce3a2150-d947-4d8f-843d-7f1c3b1c295f,c2,DROP,687,?,x5,
1769471518.3254197,RECEIVED,553a3dce-aa87-41af-a5fe-8cadeff8d38b,077ddc3c-f1ed-40a5-8f4d-f82ef59d110d,c5,DROP,1007,e4,?,
1769471518.3833416,RECEIVED,737e9d38-8cff-4369-81d7-84105e197ca9,38f39c30-685e-49ec-8270-7191d3d05dd2,c2,DROP,1014,e1,?,
1769471518.463359,SENT,1bcf734a-0840-41b5-9875-aa14fb69f70c,ba8fda72-47cd-4da5-aed4-085932e14bfd,c5,DROP,692,?,x6,
1769471518.4634013,FORWARDED,1bcf734a-0840-41b5-9875-aa14fb69f70c,ba8fda72-47cd-4da5-aed4-085932e14bfd,c5,DROP,692,?,x6,
1769471518.4660757,RECEIVED,9482ce65-59f6-4239-9ff0-b510993f29dc,6a148efb-452d-4d61-b2b7-f6a96b252362,c4,DROP,1015,e1,?,
1769471518.5044446,SENT,cd1219ec-34af-4d7b-8e32-585788d36c13,c75c8dde-2dd9-4b10-a65e-924beafecc9c,c2,DROP,685,?,x4,
1769471518.504485,FORWARDED,cd1219ec-34af-4d7b-8e32-585788d36c13,c75c8dde-2dd9-4b10-a65e-924beafecc9c,c2,DROP,685,?,x4,
1769471518.564606,SENT,553a3dce-aa87-41af-a5fe-8cadeff8d38b,077ddc3c-f1ed-40a5-8f4d-f82ef59d110d,c5,DROP,684,?,x5,
1769471518.5646465,FORWARDED,553a3dce-aa87-41af-a5fe-8cadeff8d38b,077ddc3c-f1ed-40a5-8f4d-f82ef59d110d,c5,DROP,684,?,x5,
1769471518.77265,RECEIVED,905e4555-4f5a-4190-9483-e8727a125e48,e6554e95-b0b4-4dde-820b-da5542ec0eae,c1,DROP,1007,e12,?,
1769471518.8177843,SENT,9482ce65-59f6-4239-9ff0-b510993f29dc,6a148efb-452d-4d61-b2b7-f6a96b252362,c4,DROP,688,?,x4,
1769471518.8178236,FORWARDED,9482ce65-59f6-4239-9ff0-b510993f29dc,6a148efb-452d-4d61-b2b7-f6a96b252362,c4,DROP,688,?,x4,
1769471518.8364785,SENT,737e9d38-8cff-4369-81d7-84105e197ca9,38f39c30-685e-49ec-8270-7191d3d05dd2,c2,DROP,690,?,x7,
1769471518.8365204,FORWARDED,737e9d38-8cff-4369-81d7-84105e197ca9,38f39c30-685e-49ec-8270-7191d3d05dd2,c2,DROP,690,?,x7,
1769471519.0056784,RECEIVED,62cd3be9-d564-480a-b4d0-8c685c83b210,0677ae4e-1765-40b9-9375-b862f0a6bfbd,c1,c3,1767,e8,?,
1769471519.1125202,SENT,905e4555-4f5a-4190-9483-e8727a125e48,e6554e95-b0b4-4dde-820b-da5542ec0eae,c1,DROP,684,?,x3,
1769471519.1125612,FORWARDED,905e4555-4f5a-4190-9483-e8727a125e48,e6554e95-b0b4-4dde-820b-da5542ec0eae,c1,DROP,684,?,x3,
1769471519.2977753,RECEIVED,fbda8338-70cb-4c63-9d3b-0b1568e11a5d,8eb2bd03-b613-4385-9519-6797885f006a,c1,c3,1764,e12,?,
1769471519.3771648,SENT,fbda8338-70cb-4c63-9d3b-0b1568e11a5d,8eb2bd03-b613-4385-9519-6797885f006a,c1,c3,1250,?,x7,
1769471519.3772047,FORWARDED,fbda8338-70cb-4c63-9d3b-0b1568e11a5d,8eb2bd03-b613-4385-9519-6797885f006a,c1,c3,1250,?,x7,
1769471519.5106995,SENT,7e6b7aef-b898-4493-afd0-336108d71aa2,0cb08708-07af-4bc6-a246-979daa67fd8e,c1,None,1123,?,x10,
1769471519.5107737,FORWARDED,7e6b7aef-b898-4493-afd0-336108d71aa2,0cb08708-07af-4bc6-a246-979daa67fd8e,c1,None,1123,?,x10,
1769471519.5110755,RECEIVED,f42db088-4397-4c59-afdf-4e80df79b69a,6a91b922-9d10-49d1-b263-60f685d823ca,c3,DROP,1012,e3,?,
1769471519.680951,RECEIVED,a9ed1d92-d1f2-466b-b8ea-fc463083dba6,aa2b8cb2-df8a-4142-80f4-0dc10ebd99bb,c1,None,1599,e4,?,
1769471519.7907233,RECEIVED,27b4bb92-b159-48b7-8277-b8ffb06b7f1c,44782718-369c-438f-809e-1da8c3257a5e,c1,None,1601,e7,?,
1769471519.8097541,RECEIVED,69d36e63-40e4-430c-b4e3-54c1ee715855,59f40be2-6f25-4d59-9daa-ea87bb4f4d32,c3,c1,1776,e6,?,
1769471519.8901923,SENT,f42db088-4397-4c59-afdf-4e80df79b69a,6a91b922-9d10-49d1-b263-60f685d823ca,c3,DROP,687,?,x3,
1769471519.890233,FORWARDED,f42db088-4397-4c59-afdf-4e80df79b69a,6a91b922-9d10-49d1-b263-60f685d823ca,c3,DROP,687,?,x3,
1769471519.9159455,SENT,62cd3be9-d564-480a-b4d0-8c685c83b210,0677ae4e-1765-40b9-9375-b862f0a6bfbd,c1,c3,1252,?,x1,
1769471519.9159884,FORWARDED,62cd3be9-d564-480a-b4d0-8c685c83b210,0677ae4e-1765-40b9-9375-b862f0a6bfbd,c1,c3,1252,?,x1,
1769471519.9869912,RECEIVED,52c024b1-f79f-464e-b2bc-360e799d15c8,ca0e2fca-482c-46b1-9bf6-ae024c3cd7d3,c5,DROP,442,x1,?,
1769471520.0272171,RECEIVED,a7fb3572-6836-4fef-a976-4e2ca0823220,0e6513ba-ea46-4944-84cc-317477332e6c,c4,DROP,441,x10,?,
1769471520.0511312,SENT,27b4bb92-b159-48b7-8277-b8ffb06b7f1c,44782718-369c-438f-809e-1da8c3257a5e,c1,None,1127,?,x11,
1769471520.0511699,FORWARDED,27b4bb92-b159-48b7-8277-b8ffb06b7f1c,44782718-369c-438f-809e-1da8c3257a5e,c1,None,1127,?,x11,
1769471520.2429142,RECEIVED,88f35699-66f9-4eb8-9e50-c2d81d74af6a,d3303c94-6253-4efb-a1fa-6ed6b687dd6e,c2,DROP,443,x5,?,
1769471520.3001282,RECEIVED,eada4532-73f8-4713-b195-90efcc435ac1,efde134b-1d5f-4942-8ff0-db93dcf3710e,c3,DROP,1016,e12,?,
1769471520.325273,SENT,69d36e63-40e4-430c-b4e3-54c1ee715855,59f40be2-6f25-4d59-9daa-ea87bb4f4d32,c3,c1,1259,?,x11,
1769471520.3253138,FORWARDED,69d36e63-40e4-430c-b4e3-54c1ee715855,59f40be2-6f25-4d59-9daa-ea87bb4f4d32,c3,c1,1259,?,x11,
1769471520.4325533,SENT,eada4532-73f8-4713-b195-90efcc435ac1,efde134b-1d5f-4942-8ff0-db93dcf3710e,c3,DROP,688,?,x1,
1769471520.4325912,FORWARDED,eada4532-73f8-4713-b195-90efcc435ac1,efde134b-1d5f-4942-8ff0-db93dcf3710e,c3,DROP,688,?,x1,
1769471520.4847972,SENT,a9ed1d92-d1f2-466b-b8ea-fc463083dba6,aa2b8cb2-df8a-4142-80f4-0dc10ebd99bb,c1,None,1128,?,x3,
1769471520.4848387,FORWARDED,a9ed1d92-d1f2-466b-b8ea-fc463083dba6,aa2b8cb2-df8a-4142-80f4-0dc10ebd99bb,c1,None,1128,?,x3,
1769471520.759084,RECEIVED,dd000860-aa59-4f61-92fc-151f8c83466f,7bec97c0-a376-4ff1-9a07-c355fde5bfe6,c1,None,1600,e9,?,
1769471520.8042312,RECEIVED,53009b2c-c73c-4ddc-ad8f-1e37267ffb67,230deb56-6952-41ea-b5b0-767c139584c1,c4,None,1600,e3,?,
1769471521.24876,RECEIVED,639210ab-266c-4efe-9c3f-e6f5871a0ae8,3946aa6e-9ebe-4e75-a6e3-e0a54a8ad1f1,c1,DROP,1012,e1,?,
1769471521.2708824,SENT,53009b2c-c73c-4ddc-ad8f-1e37267ffb67,230deb56-6952-41ea-b5b0-767c139584c1,c4,None,1126,?,x6,
1769471521.2709258,FORWARDED,53009b2c-c73c-4ddc-ad8f-1e37267ffb67,230deb56-6952-41ea-b5b0-767c139584c1,c4,None,1126,?,x6,
1769471521.4242644,SENT,dd000860-aa59-4f61-92fc-151f8c83466f,7bec97c0-a376-4ff1-9a07-c355fde5bfe6,c1,None,1127,?,x11,
1769471521.424307,FORWARDED,dd000860-aa59-4f61-92fc-151f8c83466f,7bec97c0-a376-4ff1-9a07-c355fde5bfe6,c1,None,1127,?,x11,
1769471521.5815353,SENT,639210ab-266c-4efe-9c3f-e6f5871a0ae8,3946aa6e-9ebe-4e75-a6e3-e0a54a8ad1f1,c1,DROP,687,?,x2,
1769471521.581577,FORWARDED,639210ab-266c-4efe-9c3f-e6f5871a0ae8,3946aa6e-9ebe-4e75-a6e3-e0a54a8ad1f1,c1,DROP,687,?,x2,
1769471521.818708,RECEIVED,a2cef864-100c-4aea-9a20-6ffe0ae63b22,32662380-6536-4d9e-a8fe-9bf5d1e8f821,c5,DROP,441,x5,?,
1769471521.9795413,RECEIVED,72d4ed77-9dd9-4743-b454-44aa62c3dfa2,57a4e5a0-648b-4d59-b6dd-bdddb8ac5893,c4,DROP,1009,e4,?,
1769471522.0282514,SENT,72d4ed77-9dd9-4743-b454-44aa62c3dfa2,57a4e5a0-648b-4d59-b6dd-bdddb8ac5893,c4,DROP,683,?,x9,
1769471522.0282912,FORWARDED,72d4ed77-9dd9-4743-b454-44aa62c3dfa2,57a4e5a0-648b-4d59-b6dd-bdddb8ac5893,c4,DROP,683,?,x9,
1769471522.0331175,RECEIVED,93ac778a-8296-4f48-88c5-03b7aeaaf0c3,9fbb8b35-85d6-4e31-b2de-c3dc63c2a717,c1,DROP,1008,e2,?,
1769471522.1527472,RECEIVED,00a0a98c-6a2a-4171-a701-c49300c8ae07,a91bfdb6-34de-4ff5-aee2-7834b9d894c1,c5,DROP,1011,e4,?,
1769471522.2277968,SENT,93ac778a-8296-4f48-88c5-03b7aeaaf0c3,9fbb8b35-85d6-4e31-b2de-c3dc63c2a717,c1,DROP,684,?,x3,
1769471522.2278357,FORWARDED,93ac778a-8296-4f48-88c5-03b7aeaaf0c3,9fbb8b35-85d6-4e31-b2de-c3dc63c2a717,c1,DROP,684,?,x3,
1769471522.2325,RECEIVED,14bf118a-71de-43c5-9580-ce5233f3c795,e63af564-27ab-4809-8f4c-b08ffa69d215,c4,DROP,1013,e1,?,
1769471522.3384757,RECEIVED,4410ce0a-2226-4636-80c0-08d347be1118,31d069a8-c43b-4015-96d4-dbdece0cc1a2,c2,DROP,1014,e1,?,
1769471522.345467,SENT,14bf118a-71de-43c5-9580-ce5233f3c795,e63af564-27ab-4809-8f4c-b08ffa69d215,c4,DROP,687,?,x11,
1769471522.3455071,FORWARDED,14bf118a-71de-43c5-9580-ce5233f3c795,e63af564-27ab-4809-8f4c-b08ffa69d215,c4,DROP,687,?,x11,
1769471522.3921607,RECEIVED,2e546d32-7e17-402c-a36a-94e9270aac56,8fec4d86-c03a-4d11-9c12-c907f7fd6de3,c4,DROP,1008,e9,?,
1769471522.5165942,RECEIVED,6eb65def-5c15-4aef-8285-d4663a2207f5,cbdd61c1-9e4e-4a4a-a848-a5c2a144b9a4,c5,DROP,442,x11,?,
1769471522.6045303,SENT,2e546d32-7e17-402c-a36a-94e9270aac56,8fec4d86-c03a-4d11-9c12-c907f7fd6de3,c4,DROP,684,?,x2,
1769471522.6045692,FORWARDED,2e546d32-7e17-402c-a36a-94e9270aac56,8fec4d86-c03a-4d11-9c12-c907f7fd6de3,c4,DROP,684,?,x2,
1769471522.6407173,RECEIVED,df069887-f73e-4631-a742-32ee25017a88,7ca37d0b-9da9-44cb-934f-4f8254bea94e,c3,DROP,1023,e10,?,
1769471522.6848972,RECEIVED,ece796e6-810a-422a-8353-c20d752e49d5,aabc5172-f755-4eda-bb99-a0844c526478,c4,DROP,1011,e9,?,
1769471522.7060752,SENT,df069887-f73e-4631-a742-32ee25017a88,7ca37d0b-9da9-44cb-934f-4f8254bea94e,c3,DROP,693,?,x5,
1769471522.7061183,FORWARDED,df069887-f73e-4631-a742-32ee25017a88,7ca37d0b-9da9-44cb-934f-4f8254bea94e,c3,DROP,693,?,x5,
1769471522.7625484,RECEIVED,a47b2958-8bb5-4582-9f3b-ddf967df3584,bc42abf1-3472-40b8-bd7b-07213d51ef6c,c3,DROP,1007,e6,?,
1769471522.850494,SENT,ece796e6-810a-422a-8353-c20d752e49d5,aabc5172-f755-4eda-bb99-a0844c526478,c4,DROP,687,?,x8,
1769471522.8505356,FORWARDED,ece796e6-810a-422a-8353-c20d752e49d5,aabc5172-f755-4eda-bb99-a0844c526478,c4,DROP,687,?,x8,
1769471522.958387,SENT,00a0a98c-6a2a-4171-a701-c49300c8ae07,a91bfdb6-34de-4ff5-aee2-7834b9d894c1,c5,DROP,687,?,x5,
1769471522.9584281,FORWARDED,00a0a98c-6a2a-4171-a701-c49300c8ae07,a91bfdb6-34de-4ff5-aee2-7834b9d894c1,c5,DROP,687,?,x5,
1769471522.9684038,SENT,a47b2958-8bb5-4582-9f3b-ddf967df3584,bc42abf1-3472-40b8-bd7b-07213d51ef6c,c3,DROP,683,?,x5,
1769471522.9684446,FORWARDED,a47b2958-8bb5-4582-9f3b-ddf967df3584,bc42abf1-3472-40b8-bd7b-07213d51ef6c,c3,DROP,683,?,x5,
1769471523.0663197,RECEIVED,0f0a5089-99a5-4932-ae67-46f71d5a7d16,fc8b69ac-0c93-4b9d-a2fa-db89b8b4b8a8,c1,DROP,442,x9,?,
1769471523.2343569,RECEIVED,6c13c65b-8cad-468b-8097-4fd34c767636,0c5d8e58-4656-421b-a6a0-08304ad9f32f,c5,DROP,1015,e9,?,
1769471523.4919002,SENT,4410ce0a-2226-4636-80c0-08d347be1118,31d069a8-c43b-4015-96d4-dbdece0cc1a2,c2,DROP,688,?,x6,
1769471523.4919422,FORWARDED,4410ce0a-2226-4636-80c0-08d347be1118,31d069a8-c43b-4015-96d4-dbdece0cc1a2,c2,DROP,688,?,x6,
1769471523.546815,RECEIVED,cc833fb2-3458-4273-b3df-e4b10f912264,6a6d99f5-a576-4dd0-b04f-8563fc8cf18a,c3,DROP,441,x3,?,
1769471523.5831733,SENT,6c13c65b-8cad-468b-8097-4fd34c767636,0c5d8e58-4656-421b-a6a0-08304ad9f32f,c5,DROP,688,?,x6,
1769471523.5832243,FORWARDED,6c13c65b-8cad-468b-8097-4fd34c767636,0c5d8e58-4656-421b-a6a0-08304ad9f32f,c5,DROP,688,?,x6,
1769471523.8420646,RECEIVED,cac43613-28db-40af-bea2-9dfb7b80261e,e0df4933-3ea5-4594-bca0-cd0e9c650f5c,c1,DROP,1016,e2,?,
1769471523.8422174,RECEIVED,2492c47c-3d74-4f4d-a2c4-ec68cade9562,c86ad0c5-1986-46f2-8d55-6727b7df93c9,c3,c1,1772,e4,?,
1769471523.929225,SENT,2492c47c-3d74-4f4d-a2c4-ec68cade9562,c86ad0c5-1986-46f2-8d55-6727b7df93c9,c3,c1,1255,?,x2,
1769471523.9292674,FORWARDED,2492c47c-3d74-4f4d-a2c4-ec68cade9562,c86ad0c5-1986-46f2-8d55-6727b7df93c9,c3,c1,1255,?,x2,
1769471523.9313784,RECEIVED,acebf9ca-d3cd-48c8-bd2e-cb30f5ddc7d1,c7963a35-fe6d-49e9-b8c5-75cf04580524,c5,DROP,1016,e1,?,
1769471524.0016506,RECEIVED,c61980cc-a6e0-4417-8cbc-4f33bf06c368,a1780f55-ba87-438d-b7c5-3e852c6ab57d,c5,DROP,1015,e2,?,
1769471524.031695,SENT,acebf9ca-d3cd-48c8-bd2e-cb30f5ddc7d1,c7963a35-fe6d-49e9-b8c5-75cf04580524,c5,DROP,688,?,x6,
1769471524.0317376,FORWARDED,acebf9ca-d3cd-48c8-bd2e-cb30f5ddc7d1,c7963a35-fe6d-49e9-b8c5-75cf04580524,c5,DROP,688,?,x6,
1769471524.5465813,SENT,cac43613-28db-40af-bea2-9dfb7b80261e,e0df4933-3ea5-4594-bca0-cd0e9c650f5c,c1,DROP,688,?,x11,
1769471524.5466223,FORWARDED,cac43613-28db-40af-bea2-9dfb7b80261e,e0df4933-3ea5-4594-bca0-cd0e9c650f5c,c1,DROP,688,?,x11,
1769471524.5498896,RECEIVED,1a227c89-a6ae-46ed-9abc-46c6982b1612,59bbf96d-d1ea-4a8e-acce-0f4c2a95e888,c4,None,1609,e6,?,
1769471524.613899,RECEIVED,00a2a1a5-00c4-4088-b163-dea65bf151f2,3d4a150f-ba14-4a6e-8136-41fcb66d22e8,c1,DROP,1011,e9,?,
1769471524.648064,SENT,1a227c89-a6ae-46ed-9abc-46c6982b1612,59bbf96d-d1ea-4a8e-acce-0f4c2a95e888,c4,None,1132,?,x10,
1769471524.6481092,FORWARDED,1a227c89-a6ae-46ed-9abc-46c6982b1612,59bbf96d-d1ea-4a8e-acce-0f4c2a95e888,c4,None,1132,?,x10,
1769471525.1032724,RECEIVED,0fc2e2eb-d156-485e-a155-c04d36e398de,86bac5c1-d770-4d82-bd5a-559c08a7edb8,c2,DROP,1007,e10,?,
1769471525.207409,SENT,00a2a1a5-00c4-4088-b163-dea65bf151f2,3d4a150f-ba14-4a6e-8136-41fcb66d22e8,c1,DROP,686,?,x4,
1769471525.2074492,FORWARDED,00a2a1a5-00c4-4088-b163-dea65bf151f2,3d4a150f-ba14-4a6e-8136-41fcb66d22e8,c1,DROP,686,?,x4,
1769471525.3212347,RECEIVED,b40b1a39-8206-40a6-946d-4410ca560886,2f7d4689-ed32-4ef0-9118-fbba949c473a,c5,DROP,443,x6,?,
1769471525.3946323,RECEIVED,eb7ac15a-8e69-4db3-8b17-dfa1a791c4b4,af496615-c209-46c6-9f27-162a5aef5024,c3,DROP,1007,e6,?,
1769471525.4046798,RECEIVED,283375f0-06d1-4298-a3bf-629558a877cf,99a2986c-0ed3-409a-9e72-49029e18581e,c3,DROP,441,x11,?,
1769471525.4811783,RECEIVED,fd3eac00-9a3e-424b-95b1-9cba9dcc9d03,db2aec9c-86df-4c67-afb1-7bb4e22d8c31,c5,c1,1770,e9,?,
1769471525.540821,SENT,c61980cc-a6e0-4417-8cbc-4f33bf06c368,a1780f55-ba87-438d-b7c5-3e852c6ab57d,c5,DROP,688,?,x5,
1769471525.5408628,FORWARDED,c61980cc-a6e0-4417-8cbc-4f33bf06c368,a1780f55-ba87-438d-b7c5-3e852c6ab57d,c5,DROP,688,?,x5,
1769471525.55798,RECEIVED,cf0b5909-d134-4f6d-bba3-3b19b887d42c,6ba54c60-2e98-42cd-989d-bd4725039be5,c3,DROP,1011,e8,?,
1769471525.7978666,SENT,0fc2e2eb-d156-485e-a155-c04d36e398de,86bac5c1-d770-4d82-bd5a-559c08a7edb8,c2,DROP,684,?,x5,
1769471525.7979066,FORWARDED,0fc2e2eb-d156-485e-a155-c04d36e398de,86bac5c1-d770-4d82-bd5a-559c08a7edb8,c2,DROP,684,?,x5,
1769471525.997421,RECEIVED,c2a3330e-4d10-4eee-b052-0d01bb9a7531,c4483a52-8b64-415a-8166-4002006b8296,c3,DROP,1011,e5,?,
1769471526.0568929,RECEIVED,4e7c3ae1-b171-4028-b8af-cffad6c911cc,9286ab0f-7064-4642-90e4-56b355fba31d,c3,None,1596,e5,?,
1769471526.0881069,RECEIVED,2bf362c5-78f9-4d3e-bf08-a037d5c88f27,8bd9e620-2c1c-4ca2-879c-bcd987a83e71,c4,c3,1773,e9,?,
1769471526.155233,RECEIVED,e490fe34-3de5-4538-9ab1-d8bf8b103c78,fa994552-ae8a-4c82-a547-4b44ea8d6890,c3,c1,1768,e5,?,
1769471526.1985002,SENT,eb7ac15a-8e69-4db3-8b17-dfa1a791c4b4,af496615-c209-46c6-9f27-162a5aef5024,c3,DROP,683,?,x2,
1769471526.1985388,FORWARDED,eb7ac15a-8e69-4db3-8b17-dfa1a791c4b4,af496615-c209-46c6-9f27-162a5aef5024,c3,DROP,683,?,x2,
1769471526.2915223,SENT,2bf362c5-78f9-4d3e-bf08-a037d5c88f27,8bd9e620-2c1c-4ca2-879c-bcd987a83e71,c4,c3,1255,?,x12,
1769471526.2915614,FORWARDED,2bf362c5-78f9-4d3e-bf08-a037d5c88f27,8bd9e620-2c1c-4ca2-879c-bcd987a83e71,c4,c3,1255,?,x12,
1769471526.3039446,RECEIVED,9b68ae53-74d5-4e85-94f3-2a79aeadff29,5f2a5d18-a207-4cc0-8044-71da918ef1a8,c2,DROP,1008,e11,?,
1769471526.3370087,SENT,cf0b5909-d134-4f6d-bba3-3b19b887d42c,6ba54c60-2e98-42cd-989d-bd4725039be5,c3,DROP,685,?,x4,
1769471526.3370583,FORWARDED,cf0b5909-d134-4f6d-bba3-3b19b887d42c,6ba54c60-2e98-42cd-989d-bd4725039be5,c3,DROP,685,?,x4,
1769471526.3400218,RECEIVED,a1bd0fc4-2f7d-4327-8e87-986a3471efac,7d567736-6433-4d77-99b8-efb4f49b5ef2,c1,DROP,1016,e7,?,
1769471526.373392,RECEIVED,20281378-f452-404f-a6cd-aca6f7bc3948,91dace2d-6742-46cc-a499-630ae213f01f,c2,DROP,1009,e9,?,
1769471526.3749022,RECEIVED,127c4c94-fb9a-4e8e-8154-137f792d604f,2c63a343-67b9-4090-b9ce-c8b0167f16c4,c4,DROP,1016,e5,?,
1769471526.4903698,SENT,e490fe34-3de5-4538-9ab1-d8bf8b103c78,fa994552-ae8a-4c82-a547-4b44ea8d6890,c3,c1,1252,?,x5,
1769471526.4904127,FORWARDED,e490fe34-3de5-4538-9ab1-d8bf8b103c78,fa994552-ae8a-4c82-a547-4b44ea8d6890,c3,c1,1252,?,x5,
1769471526.5233285,SENT,127c4c94-fb9a-4e8e-8154-137f792d604f,2c63a343-67b9-4090-b9ce-c8b0167f16c4,c4,DROP,688,?,x3,
1769471526.5233748,FORWARDED,127c4c94-fb9a-4e8e-8154-137f792d604f,2c63a343-67b9-4090-b9ce-c8b0167f16c4,c4,DROP,688,?,x3,
1769471526.5588992,SENT,20281378-f452-404f-a6cd-aca6f7bc3948,91dace2d-6742-46cc-a499-630ae213f01f,c2,DROP,683,?,x12,
1769471526.5589402,FORWARDED,20281378-f452-404f-a6cd-aca6f7bc3948,91dace2d-6742-46cc-a499-630ae213f01f,c2,DROP,683,?,x12,
1769471526.6365721,RECEIVED,fb29b4db-8479-4f42-bd71-64e2c2858128,33cc9205-7a09-487f-9cec-c63d8d890749,c4,c3,1775,e12,?,
1769471526.6694243,RECEIVED,1ba1c62b-2b62-4e00-bce6-577eb684ce95,4498dc85-faf6-430e-a8db-53b27e92334b,c3,None,1597,e2,?,
1769471526.7548144,SENT,9b68ae53-74d5-4e85-94f3-2a79aeadff29,5f2a5d18-a207-4cc0-8044-71da918ef1a8,c2,DROP,683,?,x2,
1769471526.7548509,FORWARDED,9b68ae53-74d5-4e85-94f3-2a79aeadff29,5f2a5d18-a207-4cc0-8044-71da918ef1a8,c2,DROP,683,?,x2,
1769471526.7791033,SENT,a1bd0fc4-2f7d-4327-8e87-986a3471efac,7d567736-6433-4d77-99b8-efb4f49b5ef2,c1,DROP,688,?,x12,
1769471526.7791488,FORWARDED,a1bd0fc4-2f7d-4327-8e87-986a3471efac,7d567736-6433-4d77-99b8-efb4f49b5ef2,c1,DROP,688,?,x12,
1769471526.789262,SENT,1ba1c62b-2b62-4e00-bce6-577eb684ce95,4498dc85-faf6-430e-a8db-53b27e92334b,c3,None,1124,?,x11,
1769471526.7893035,FORWARDED,1ba1c62b-2b62-4e00-bce6-577eb684ce95,4498dc85-faf6-430e-a8db-53b27e92334b,c3,None,1124,?,x11,
1769471526.8364825,RECEIVED,f68d4485-77a5-4f95-b6b2-bc81fc817051,cc96b996-2ffa-4810-a32c-f1fc8224ea96,c4,DROP,1012,e10,?,
1769471526.9864357,SENT,f68d4485-77a5-4f95-b6b2-bc81fc817051,cc96b996-2ffa-4810-a32c-f1fc8224ea96,c4,DROP,687,?,x10,
1769471526.9864767,FORWARDED,f68d4485-77a5-4f95-b6b2-bc81fc817051,cc96b996-2ffa-4810-a32c-f1fc8224ea96,c4,DROP,687,?,x10,
1769471526.9962423,SENT,c2a3330e-4d10-4eee-b052-0d01bb9a7531,c4483a52-8b64-415a-8166-4002006b8296,c3,DROP,685,?,x8,
1769471526.9962819,FORWARDED,c2a3330e-4d10-4eee-b052-0d01bb9a7531,c4483a52-8b64-415a-8166-4002006b8296,c3,DROP,685,?,x8,
1769471527.0338597,RECEIVED,36d0bb09-1792-4cd6-879a-a1acfd5f440f,829d1861-9516-4fb7-a20d-e1d3e9f2f9dd,c1,DROP,1021,e11,?,
1769471527.143841,SENT,36d0bb09-1792-4cd6-879a-a1acfd5f440f,829d1861-9516-4fb7-a20d-e1d3e9f2f9dd,c1,DROP,692,?,x10,
1769471527.1438837,FORWARDED,36d0bb09-1792-4cd6-879a-a1acfd5f440f,829d1861-9516-4fb7-a20d-e1d3e9f2f9dd,c1,DROP,692,?,x10,
1769471527.2121162,SENT,4e7c3ae1-b171-4028-b8af-cffad6c911cc,9286ab0f-7064-4642-90e4-56b355fba31d,c3,None,1123,?,x11,
1769471527.2121608,FORWARDED,4e7c3ae1-b171-4028-b8af-cffad6c911cc,9286ab0f-7064-4642-90e4-56b355fba31d,c3,None,1123,?,x11,
1769471527.402882,SENT,fb29b4db-8479-4f42-bd71-64e2c2858128,33cc9205-7a09-487f-9cec-c63d8d890749,c4,c3,1260,?,x6,
1769471527.402922,FORWARDED,fb29b4db-8479-4f42-bd71-64e2c2858128,33cc9205-7a09-487f-9cec-c63d8d890749,c4,c3,1260,?,x6,
1769471527.6205537,SENT,fd3eac00-9a3e-424b-95b1-9cba9dcc9d03,db2aec9c-86df-4c67-afb1-7bb4e22d8c31,c5,c1,1255,?,x4,
1769471527.6205962,FORWARDED,fd3eac00-9a3e-424b-95b1-9cba9dcc9d03,db2aec9c-86df-4c67-afb1-7bb4e22d8c31,c5,c1,1255,?,x4,
1769471527.6450214,RECEIVED,d0d1527f-1b13-42d4-b200-46e0660962ff,bfbc610b-2db8-45af-a693-114e6d471282,c3,None,1613,e10,?,
1769471527.7000246,RECEIVED,1079eb67-5daf-4f4a-b889-494a70c981d1,777ad631-7887-4eac-98a5-78d3acead1bd,c3,None,1599,e12,?,
1769471527.7940874,RECEIVED,0075542c-dcc4-4742-8aad-82dfd95080a5,e92daecb-08a8-4bcc-9c38-a94f6680ff4f,c3,DROP,1006,e8,?,
1769471527.8058143,SENT,d0d1527f-1b13-42d4-b200-46e0660962ff,bfbc610b-2db8-45af-a693-114e6d471282,c3,None,1136,?,x12,
1769471527.8058555,FORWARDED,d0d1527f-1b13-42d4-b200-46e0660962ff,bfbc610b-2db8-45af-a693-114e6d471282,c3,None,1136,?,x12,
1769471527.9754946,RECEIVED,6581c193-cc9d-499e-b71a-b5ca40cfd533,c16638f7-475a-49d1-aca8-a8a97754474e,c2,c4,1779,e7,?,
1769471528.3136816,RECEIVED,b85fc8a7-f719-43fd-b612-e14d7fedc511,2366cff2-cd0f-4865-9862-e77545c86804,c5,c1,1775,e5,?,
1769471528.3196099,SENT,1079eb67-5daf-4f4a-b889-494a70c981d1,777ad631-7887-4eac-98a5-78d3acead1bd,c3,None,1127,?,x3,
1769471528.3196528,FORWARDED,1079eb67-5daf-4f4a-b889-494a70c981d1,777ad631-7887-4eac-98a5-78d3acead1bd,c3,None,1127,?,x3,
1769471528.3918386,SENT,6581c193-cc9d-499e-b71a-b5ca40cfd533,c16638f7-475a-49d1-aca8-a8a97754474e,c2,c4,1263,?,x9,
1769471528.39188,FORWARDED,6581c193-cc9d-499e-b71a-b5ca40cfd533,c16638f7-475a-49d1-aca8-a8a97754474e,c2,c4,1263,?,x9,
1769471528.4311688,RECEIVED,d3ae55f5-ff24-4be6-bd4b-308563c56aee,18732b9b-a414-4e27-9cb5-fa71580ccc01,c4,DROP,1020,e12,?,
1769471528.6041808,SENT,b85fc8a7-f719-43fd-b612-e14d7fedc511,2366cff2-cd0f-4865-9862-e77545c86804,c5,c1,1260,?,x3,
1769471528.6042228,FORWARDED,b85fc8a7-f719-43fd-b612-e14d7fedc511,2366cff2-cd0f-4865-9862-e77545c86804,c5,c1,1260,?,x3,
1769471528.6045876,RECEIVED,59d72b79-572e-4406-9d48-b3b87aef42b4,5a0b36dc-c9c0-43cf-9ac4-9bc354d14dd2,c1,DROP,1014,e12,?,
1769471528.753425,RECEIVED,610b147b-658d-4ce4-86b0-2fa5b67764f9,fbd7643d-eb05-45c5-a88d-96cfd47fba04,c2,DROP,1012,e10,?,
1769471528.7819507,RECEIVED,952f096d-a88c-46e8-bc6b-29639649c3d2,f5c47e56-5df5-4ff1-9f39-a3be82d7dc8b,c1,DROP,1016,e7,?,
1769471528.8371267,RECEIVED,75f16b37-d546-4b3a-8f0e-731b30cb8621,1c8dfa8f-f547-44d6-b629-91495c2c6cf6,c2,DROP,1003,e8,?,
1769471528.8959394,RECEIVED,e991baba-1aba-4507-a72a-6838386428a6,adafc3eb-3895-428e-a308-25e28ba0302c,c3,DROP,1011,e6,?,
1769471528.9064758,SENT,610b147b-658d-4ce4-86b0-2fa5b67764f9,fbd7643d-eb05-45c5-a88d-96cfd47fba04,c2,DROP,686,?,x6,
1769471528.906517,FORWARDED,610b147b-658d-4ce4-86b0-2fa5b67764f9,fbd7643d-eb05-45c5-a88d-96cfd47fba04,c2,DROP,686,?,x6,
1769471528.9424167,RECEIVED,885deae6-0434-4679-bb14-68d136796a6c,fcf40eb5-816e-478b-9963-542003362f7a,c3,None,1606,e12,?,
1769471528.9759717,SENT,952f096d-a88c-46e8-bc6b-29639649c3d2,f5c47e56-5df5-4ff1-9f39-a3be82d7dc8b,c1,DROP,688,?,x7,
1769471528.9760125,FORWARDED,952f096d-a88c-46e8-bc6b-29639649c3d2,f5c47e56-5df5-4ff1-9f39-a3be82d7dc8b,c1,DROP,688,?,x7,
1769471529.0683804,RECEIVED,2bd719a4-fcf8-4bdc-a671-9af3f1da8640,88108251-c2a0-4cc5-9b56-622a0b05332d,c1,c3,1780,e12,?,
1769471529.1463754,SENT,2bd719a4-fcf8-4bdc-a671-9af3f1da8640,88108251-c2a0-4cc5-9b56-622a0b05332d,c1,c3,1263,?,x9,
1769471529.1464162,FORWARDED,2bd719a4-fcf8-4bdc-a671-9af3f1da8640,88108251-c2a0-4cc5-9b56-622a0b05332d,c1,c3,1263,?,x9,
1769471529.1551692,SENT,e991baba-1aba-4507-a72a-6838386428a6,adafc3eb-3895-428e-a308-25e28ba0302c,c3,DROP,685,?,x2,
1769471529.1552117,FORWARDED,e991baba-1aba-4507-a72a-6838386428a6,adafc3eb-3895-428e-a308-25e28ba0302c,c3,DROP,685,?,x2,
1769471529.1715255,SENT,0075542c-dcc4-4742-8aad-82dfd95080a5,e92daecb-08a8-4bcc-9c38-a94f6680ff4f,c3,DROP,683,?,x2,
1769471529.1715648,FORWARDED,0075542c-dcc4-4742-8aad-82dfd95080a5,e92daecb-08a8-4bcc-9c38-a94f6680ff4f,c3,DROP,683,?,x2,
1769471529.2892144,SENT,59d72b79-572e-4406-9d48-b3b87aef42b4,5a0b36dc-c9c0-43cf-9ac4-9bc354d14dd2,c1,DROP,688,?,x8,
1769471529.2892575,FORWARDED,59d72b79-572e-4406-9d48-b3b87aef42b4,5a0b36dc-c9c0-43cf-9ac4-9bc354d14dd2,c1,DROP,688,?,x8,
1769471529.3977182,SENT,d3ae55f5-ff24-4be6-bd4b-308563c56aee,18732b9b-a414-4e27-9cb5-fa71580ccc01,c4,DROP,691,?,x10,
1769471529.3977597,FORWARDED,d3ae55f5-ff24-4be6-bd4b-308563c56aee,18732b9b-a414-4e27-9cb5-fa71580ccc01,c4,DROP,691,?,x10,
1769471529.6395383,RECEIVED,61c20f61-f865-4af7-9b10-29a0aa033d2b,0365cc87-fef4-4714-99f0-ef6c20c603c3,c3,DROP,1007,e4,?,
1769471529.757674,RECEIVED,c296cb09-0c8e-44d4-ad22-a5095c66aced,b4050d3e-e767-41cf-a161-96d0ba46b9c1,c2,DROP,1016,e10,?,
1769471529.8548436,RECEIVED,0ea553c0-d04a-4f33-aca5-1e80cb33ecee,c0d0fb27-dcc8-4f94-bc04-3aeb368ffe36,c2,DROP,1011,e11,?,
1769471529.911224,RECEIVED,3563d552-2fa1-43fa-a6a3-59e3552e2e1f,006c56a1-fa6c-469d-859b-402b03485a83,c4,c3,1775,e4,?,
1769471529.95137,SENT,c296cb09-0c8e-44d4-ad22-a5095c66aced,b4050d3e-e767-41cf-a161-96d0ba46b9c1,c2,DROP,688,?,x4,
1769471529.9514208,FORWARDED,c296cb09-0c8e-44d4-ad22-a5095c66aced,b4050d3e-e767-41cf-a161-96d0ba46b9c1,c2,DROP,688,?,x4,
1769471530.102171,SENT,885deae6-0434-4679-bb14-68d136796a6c,fcf40eb5-816e-478b-9963-542003362f7a,c3,None,1133,?,x6,
1769471530.102215,FORWARDED,885deae6-0434-4679-bb14-68d136796a6c,fcf40eb5-816e-478b-9963-542003362f7a,c3,None,1133,?,x6,
1769471530.1187541,SENT,3563d552-2fa1-43fa-a6a3-59e3552e2e1f,006c56a1-fa6c-469d-859b-402b03485a83,c4,c3,1259,?,x5,
1769471530.1190786,FORWARDED,3563d552-2fa1-43fa-a6a3-59e3552e2e1f,006c56a1-fa6c-469d-859b-402b03485a83,c4,c3,1259,?,x5,
1769471530.2157395,SENT,0ea553c0-d04a-4f33-aca5-1e80cb33ecee,c0d0fb27-dcc8-4f94-bc04-3aeb368ffe36,c2,DROP,687,?,x3,
1769471530.215777,FORWARDED,0ea553c0-d04a-4f33-aca5-1e80cb33ecee,c0d0fb27-dcc8-4f94-bc04-3aeb368ffe36,c2,DROP,687,?,x3,
1769471530.2292683,SENT,61c20f61-f865-4af7-9b10-29a0aa033d2b,0365cc87-fef4-4714-99f0-ef6c20c603c3,c3,DROP,683,?,x1,
1769471530.2293055,FORWARDED,61c20f61-f865-4af7-9b10-29a0aa033d2b,0365cc87-fef4-4714-99f0-ef6c20c603c3,c3,DROP,683,?,x1,
1769471530.2943344,RECEIVED,79e30811-b19c-40b6-8e4e-3b1d8c50072a,097d70b3-1b8d-401c-aed6-8f799626b516,c4,c3,1785,e5,?,
1769471530.4334674,SENT,79e30811-b19c-40b6-8e4e-3b1d8c50072a,097d70b3-1b8d-401c-aed6-8f799626b516,c4,c3,1264,?,x10,
1769471530.4335086,FORWARDED,79e30811-b19c-40b6-8e4e-3b1d8c50072a,097d70b3-1b8d-401c-aed6-8f799626b516,c4,c3,1264,?,x10,
1769471530.5691586,SENT,75f16b37-d546-4b3a-8f0e-731b30cb8621,1c8dfa8f-f547-44d6-b629-91495c2c6cf6,c2,DROP,680,?,x4,
1769471530.5692017,FORWARDED,75f16b37-d546-4b3a-8f0e-731b30cb8621,1c8dfa8f-f547-44d6-b629-91495c2c6cf6,c2,DROP,680,?,x4,
1769471530.644833,RECEIVED,401613c2-9301-424f-8fec-c7a9f72325b9,5afe9113-2ccb-4ea0-a1ab-0d7ffba7ad67,c4,DROP,1008,e7,?,
1769471530.6585596,RECEIVED,bcdc6627-5084-46ca-9d5e-145bcee8c892,3f4507dc-32c3-4fd0-a6b3-eb75fb47ed7d,c5,DROP,1007,e10,?,
1769471530.7020133,RECEIVED,08b48cd1-b242-4904-a3d6-0a1e90eb3c24,11917d1c-d2cb-446e-9702-8abad73cb36a,c5,DROP,1008,e8,?,
1769471530.7262814,SENT,401613c2-9301-424f-8fec-c7a9f72325b9,5afe9113-2ccb-4ea0-a1ab-0d7ffba7ad67,c4,DROP,684,?,x2,
1769471530.7263227,FORWARDED,401613c2-9301-424f-8fec-c7a9f72325b9,5afe9113-2ccb-4ea0-a1ab-0d7ffba7ad67,c4,DROP,684,?,x2,
1769471530.7468543,SENT,08b48cd1-b242-4904-a3d6-0a1e90eb3c24,11917d1c-d2cb-446e-9702-8abad73cb36a,c5,DROP,684,?,x1,
1769471530.7468977,FORWARDED,08b48cd1-b242-4904-a3d6-0a1e90eb3c24,11917d1c-d2cb-446e-9702-8abad73cb36a,c5,DROP,684,?,x1,
1769471530.7700047,RECEIVED,a4757414-3818-4cab-b007-e371c0b08d1e,30c276f7-d69f-4f79-ac74-b74c5aa81b4b,c1,DROP,1008,e3,?,
1769471530.8069663,RECEIVED,05912f5a-ced6-4d75-8187-85efcbed7233,ccf2a955-6287-460f-b0ba-e19764d5845f,c5,c1,1769,e5,?,
1769471530.8479736,RECEIVED,df7fe0b4-12d6-46e6-9e1d-72fbda630cdd,66db8b2d-4012-44c3-b191-2274f1712668,c1,DROP,1012,e7,?,
1769471530.8502464,SENT,05912f5a-ced6-4d75-8187-85efcbed7233,ccf2a955-6287-460f-b0ba-e19764d5845f,c5,c1,1254,?,x2,
1769471530.8502882,FORWARDED,05912f5a-ced6-4d75-8187-85efcbed7233,ccf2a955-6287-460f-b0ba-e19764d5845f,c5,c1,1254,?,x2,
1769471530.9152277,SENT,df7fe0b4-12d6-46e6-9e1d-72fbda630cdd,66db8b2d-4012-44c3-b191-2274f1712668,c1,DROP,687,?,x5,
1769471530.915355,FORWARDED,df7fe0b4-12d6-46e6-9e1d-72fbda630cdd,66db8b2d-4012-44c3-b191-2274f1712668,c1,DROP,687,?,x5,
1769471531.1538758,SENT,a4757414-3818-4cab-b007-e371c0b08d1e,30c276f7-d69f-4f79-ac74-b74c5aa81b4b,c1,DROP,684,?,x5,
1769471531.1539176,FORWARDED,a4757414-3818-4cab-b007-e371c0b08d1e,30c276f7-d69f-4f79-ac74-b74c5aa81b4b,c1,DROP,684,?,x5,
1769471531.216108,RECEIVED,dadea6d6-6531-488a-8cbc-7704d58da1ab,23c1cbae-629d-4b16-a4eb-f5b0b6100d1c,c1,None,1603,e11,?,
1769471531.4158616,RECEIVED,ef79b22c-6048-458f-823d-5cc4c879488a,7bf69bbb-9293-4d74-8dc9-71509c891585,c3,DROP,1004,e3,?,
1769471531.6927488,RECEIVED,004721ba-0b5e-412c-9729-70272429a7d0,66ec20ea-ac4e-491a-947d-39fb993b6313,c5,DROP,1008,e1,?,
1769471531.7192307,RECEIVED,6f29a369-c628-4f01-aff4-c032806f99bf,581536f8-d369-4543-8580-9033e9f7ad18,c2,c4,1775,e1,?,
1769471531.810033,SENT,ef79b22c-6048-458f-823d-5cc4c879488a,7bf69bbb-9293-4d74-8dc9-71509c891585,c3,DROP,680,?,x1,
1769471531.8100834,FORWARDED,ef79b22c-6048-458f-823d-5cc4c879488a,7bf69bbb-9293-4d74-8dc9-71509c891585,c3,DROP,680,?,x1,
1769471531.8297436,RECEIVED,0f8a3494-7928-4616-9ab4-221c6ad4371d,60535e5e-1d0f-4ee5-af4b-04c80dba9691,c1,DROP,1007,e10,?,
1769471531.8388228,SENT,dadea6d6-6531-488a-8cbc-7704d58da1ab,23c1cbae-629d-4b16-a4eb-f5b0b6100d1c,c1,None,1131,?,x1,
1769471531.8388603,FORWARDED,dadea6d6-6531-488a-8cbc-7704d58da1ab,23c1cbae-629d-4b16-a4eb-f5b0b6100d1c,c1,None,1131,?,x1,
1769471531.8876889,SENT,bcdc6627-5084-46ca-9d5e-145bcee8c892,3f4507dc-32c3-4fd0-a6b3-eb75fb47ed7d,c5,DROP,684,?,x7,
1769471531.8877318,FORWARDED,bcdc6627-5084-46ca-9d5e-145bcee8c892,3f4507dc-32c3-4fd0-a6b3-eb75fb47ed7d,c5,DROP,684,?,x7,
1769471532.0182285,RECEIVED,2c56228c-6364-4136-be97-f3670e4a6711,05e701d6-fec8-45c0-95b9-834273daca21,c5,c1,1769,e2,?,
1769471532.0784514,RECEIVED,6812e534-c59a-49a1-9037-4b053c68170f,b6a35670-4c53-4ddd-a064-0355f68ed583,c3,None,1597,e6,?,
1769471532.091366,SENT,2c56228c-6364-4136-be97-f3670e4a6711,05e701d6-fec8-45c0-95b9-834273daca21,c5,c1,1252,?,x6,
1769471532.0914023,FORWARDED,2c56228c-6364-4136-be97-f3670e4a6711,05e701d6-fec8-45c0-95b9-834273daca21,c5,c1,1252,?,x6,
1769471532.095435,SENT,6812e534-c59a-49a1-9037-4b053c68170f,b6a35670-4c53-4ddd-a064-0355f68ed583,c3,None,1123,?,x1,
1769471532.0954723,FORWARDED,6812e534-c59a-49a1-9037-4b053c68170f,b6a35670-4c53-4ddd-a064-0355f68ed583,c3,None,1123,?,x1,
1769471532.1568053,SENT,004721ba-0b5e-412c-9729-70272429a7d0,66ec20ea-ac4e-491a-947d-39fb993b6313,c5,DROP,684,?,x6,
1769471532.156853,FORWARDED,004721ba-0b5e-412c-9729-70272429a7d0,66ec20ea-ac4e-491a-947d-39fb993b6313,c5,DROP,684,?,x6,
1769471532.355791,RECEIVED,85153172-4e66-454a-8fac-05e20a85d4d3,9dd8c625-2f63-4d77-865a-a24c70f9897b,c3,DROP,1015,e8,?,
1769471532.3677795,RECEIVED,75e30ca7-060a-4d3d-8054-e2a6b25bee82,adf011c4-feba-4628-9a11-96062d856b8c,c3,DROP,1012,e7,?,
1769471532.380715,SENT,6f29a369-c628-4f01-aff4-c032806f99bf,581536f8-d369-4543-8580-9033e9f7ad18,c2,c4,1259,?,x8,
1769471532.380758,FORWARDED,6f29a369-c628-4f01-aff4-c032806f99bf,581536f8-d369-4543-8580-9033e9f7ad18,c2,c4,1259,?,x8,
1769471532.4097981,RECEIVED,c2720d05-04fb-436a-a23b-7b8b6591a17e,111fbe19-e741-4a36-b639-3cdf6c1884c8,c3,DROP,1008,e9,?,
1769471532.5085049,SENT,0f8a3494-7928-4616-9ab4-221c6ad4371d,60535e5e-1d0f-4ee5-af4b-04c80dba9691,c1,DROP,684,?,x8,
1769471532.508549,FORWARDED,0f8a3494-7928-4616-9ab4-221c6ad4371d,60535e5e-1d0f-4ee5-af4b-04c80dba9691,c1,DROP,684,?,x8,
1769471532.6259146,SENT,75e30ca7-060a-4d3d-8054-e2a6b25bee82,adf011c4-feba-4628-9a11-96062d856b8c,c3,DROP,687,?,x11,
1769471532.625958,FORWARDED,75e30ca7-060a-4d3d-8054-e2a6b25bee82,adf011c4-feba-4628-9a11-96062d856b8c,c3,DROP,687,?,x11,
1769471532.6585996,RECEIVED,8c998c71-6eee-4a45-8c5e-ef27c55b79f4,cfea0f2c-4b19-4d72-9801-68f9229dff80,c1,c3,1764,e11,?,
1769471532.6692948,RECEIVED,5e108056-e481-4157-993b-8d8abdcdac7b,b926db17-64b4-4d0f-97b3-8d264968601a,c1,DROP,1011,e4,?,
1769471532.6730409,RECEIVED,f3114917-35a3-469d-bdd7-364d7d3297bc,8d06097e-5e66-4f58-9083-15cf81c4182d,c5,DROP,1015,e4,?,
1769471532.7979481,SENT,c2720d05-04fb-436a-a23b-7b8b6591a17e,111fbe19-e741-4a36-b639-3cdf6c1884c8,c3,DROP,683,?,x1,
1769471532.7979898,FORWARDED,c2720d05-04fb-436a-a23b-7b8b6591a17e,111fbe19-e741-4a36-b639-3cdf6c1884c8,c3,DROP,683,?,x1,
1769471532.8658478,SENT,8c998c71-6eee-4a45-8c5e-ef27c55b79f4,cfea0f2c-4b19-4d72-9801-68f9229dff80,c1,c3,1251,?,x3,
1769471532.8658898,FORWARDED,8c998c71-6eee-4a45-8c5e-ef27c55b79f4,cfea0f2c-4b19-4d72-9801-68f9229dff80,c1,c3,1251,?,x3,
1769471532.9995642,RECEIVED,5f190a55-fd7f-437d-bdfb-7b5c1e511cdc,e11fb6b9-b32e-49fc-982e-21d14faacac4,c3,DROP,1009,e7,?,
1769471533.1689067,SENT,5f190a55-fd7f-437d-bdfb-7b5c1e511cdc,e11fb6b9-b32e-49fc-982e-21d14faacac4,c3,DROP,684,?,x10,
1769471533.1689441,FORWARDED,5f190a55-fd7f-437d-bdfb-7b5c1e511cdc,e11fb6b9-b32e-49fc-982e-21d14faacac4,c3,DROP,684,?,x10,
1769471533.1836216,SENT,85153172-4e66-454a-8fac-05e20a85d4d3,9dd8c625-2f63-4d77-865a-a24c70f9897b,c3,DROP,688,?,x4,
1769471533.1836822,FORWARDED,85153172-4e66-454a-8fac-05e20a85d4d3,9dd8c625-2f63-4d77-865a-a24c70f9897b,c3,DROP,688,?,x4,
1769471533.2293952,SENT,f3114917-35a3-469d-bdd7-364d7d3297bc,8d06097e-5e66-4f58-9083-15cf81c4182d,c5,DROP,688,?,x1,
1769471533.229436,FORWARDED,f3114917-35a3-469d-bdd7-364d7d3297bc,8d06097e-5e66-4f58-9083-15cf81c4182d,c5,DROP,688,?,x1,
1769471533.3352575,RECEIVED,0a05fd1e-cf51-4af3-ae65-1667a74ca2a7,ef2b0a76-7f7d-4904-843d-25e286b57b6f,c2,DROP,1016,e8,?,
1769471533.3395917,RECEIVED,68b1ae50-c011-4831-a7c0-a22922e4c2fd,9d04857b-cc02-4e68-ba48-725ddda8c7db,c1,c3,1764,e3,?,
1769471533.403377,RECEIVED,791b14b6-ca43-4653-9b31-ae26064e6cc3,da0ed0c7-5dbf-4e91-af32-9bbd4d88d397,c1,DROP,1011,e10,?,
1769471533.5050933,RECEIVED,e3e5a513-b561-4813-97c3-a38751149899,ad983b17-85e4-4a0b-a893-1ac46d1dac43,c1,DROP,1007,e2,?,
1769471533.5440645,SENT,68b1ae50-c011-4831-a7c0-a22922e4c2fd,9d04857b-cc02-4e68-ba48-725ddda8c7db,c1,c3,1251,?,x6,
1769471533.5441062,FORWARDED,68b1ae50-c011-4831-a7c0-a22922e4c2fd,9d04857b-cc02-4e68-ba48-725ddda8c7db,c1,c3,1251,?,x6,
1769471533.5987096,RECEIVED,f21f034a-32a3-4222-98c5-f2fbacabe415,2e6f99b9-b3ae-43ef-b20b-e3ff4e54d2b2,c2,DROP,1008,e10,?,
1769471533.7462835,RECEIVED,8d582334-47a8-40e9-847b-f8efaee34e64,38600cca-2a41-41fd-909b-07fb193e6c65,c3,DROP,1014,e10,?,
1769471533.7551024,SENT,e3e5a513-b561-4813-97c3-a38751149899,ad983b17-85e4-4a0b-a893-1ac46d1dac43,c1,DROP,684,?,x8,
1769471533.755142,FORWARDED,e3e5a513-b561-4813-97c3-a38751149899,ad983b17-85e4-4a0b-a893-1ac46d1dac43,c1,DROP,684,?,x8,
1769471533.7744699,RECEIVED,69da638a-4e6d-4fb0-a1b4-f6c46552deab,01e9bc1d-c1ee-4ba3-b000-11e8b7562755,c1,DROP,1008,e1,?,
1769471533.776176,SENT,f21f034a-32a3-4222-98c5-f2fbacabe415,2e6f99b9-b3ae-43ef-b20b-e3ff4e54d2b2,c2,DROP,684,?,x5,
1769471533.7762184,FORWARDED,f21f034a-32a3-4222-98c5-f2fbacabe415,2e6f99b9-b3ae-43ef-b20b-e3ff4e54d2b2,c2,DROP,684,?,x5,
1769471533.82391,RECEIVED,893216a7-87a0-4a50-b04d-3b5f64dae69a,ae637132-da12-4010-89ac-ef282ccbaeee,c2,DROP,1018,e11,?,
1769471533.8643334,RECEIVED,a1ab84db-867c-4ab6-a358-daad056bcdc8,8a1dde41-175f-4b55-a4a6-fad05323d253,c3,DROP,1011,e8,?,
1769471534.1103473,SENT,69da638a-4e6d-4fb0-a1b4-f6c46552deab,01e9bc1d-c1ee-4ba3-b000-11e8b7562755,c1,DROP,683,?,x7,
1769471534.1103895,FORWARDED,69da638a-4e6d-4fb0-a1b4-f6c46552deab,01e9bc1d-c1ee-4ba3-b000-11e8b7562755,c1,DROP,683,?,x7,
1769471534.2231088,SENT,791b14b6-ca43-4653-9b31-ae26064e6cc3,da0ed0c7-5dbf-4e91-af32-9bbd4d88d397,c1,DROP,687,?,x8,
1769471534.2231479,FORWARDED,791b14b6-ca43-4653-9b31-ae26064e6cc3,da0ed0c7-5dbf-4e91-af32-9bbd4d88d397,c1,DROP,687,?,x8,
1769471534.2304451,SENT,0a05fd1e-cf51-4af3-ae65-1667a74ca2a7,ef2b0a76-7f7d-4904-843d-25e286b57b6f,c2,DROP,689,?,x11,
1769471534.2304869,FORWARDED,0a05fd1e-cf51-4af3-ae65-1667a74ca2a7,ef2b0a76-7f7d-4904-843d-25e286b57b6f,c2,DROP,689,?,x11,
1769471534.2621622,RECEIVED,a8722d6b-622c-435b-ab3e-720d13e05d6f,4b95ddb8-aff9-4c81-8fee-e6032175407a,c2,DROP,1016,e12,?,
1769471534.2733848,RECEIVED,eef4e8d4-8b7a-4b89-ad7e-c2abec67b84d,df166912-cc49-4dc2-8fd1-2a224ce63d50,c4,c3,1773,e6,?,
1769471534.3002326,SENT,eef4e8d4-8b7a-4b89-ad7e-c2abec67b84d,df166912-cc49-4dc2-8fd1-2a224ce63d50,c4,c3,1255,?,x4,
1769471534.3002737,FORWARDED,eef4e8d4-8b7a-4b89-ad7e-c2abec67b84d,df166912-cc49-4dc2-8fd1-2a224ce63d50,c4,c3,1255,?,x4,
1769471534.3083994,SENT,a1ab84db-867c-4ab6-a358-daad056bcdc8,8a1dde41-175f-4b55-a4a6-fad05323d253,c3,DROP,687,?,x8,
1769471534.3084424,FORWARDED,a1ab84db-867c-4ab6-a358-daad056bcdc8,8a1dde41-175f-4b55-a4a6-fad05323d253,c3,DROP,687,?,x8,
1769471534.3744998,RECEIVED,5938871f-cea2-47c8-9f31-a564bdf37c0e,c379c718-3b4d-475a-ab9e-e340c1748b9a,c1,DROP,442,x8,?,
1769471534.4523096,SENT,a8722d6b-622c-435b-ab3e-720d13e05d6f,4b95ddb8-aff9-4c81-8fee-e6032175407a,c2,DROP,688,?,x8,
1769471534.4523501,FORWARDED,a8722d6b-622c-435b-ab3e-720d13e05d6f,4b95ddb8-aff9-4c81-8fee-e6032175407a,c2,DROP,688,?,x8,
1769471534.4747515,RECEIVED,a594bb49-6bb4-4493-a0c9-b0e5d2656dd3,69108488-1bb0-45d8-8d9d-6945ebd71ec8,c2,DROP,1015,e7,?,
1769471534.5016656,RECEIVED,1928333a-5539-402a-b9d4-1a819da3b554,2843e987-5afd-4caa-af5f-f43db7268d6a,c3,DROP,441,x9,?,
1769471534.734379,RECEIVED,4d2420dd-a027-49cc-adaf-a19dfea0bcd2,c802b0ef-d053-47e4-83f5-bd584768b4b3,c5,DROP,1008,e2,?,
1769471534.7787914,SENT,893216a7-87a0-4a50-b04d-3b5f64dae69a,ae637132-da12-4010-89ac-ef282ccbaeee,c2,DROP,692,?,x5,
1769471534.7788284,FORWARDED,893216a7-87a0-4a50-b04d-3b5f64dae69a,ae637132-da12-4010-89ac-ef282ccbaeee,c2,DROP,692,?,x5,
1769471534.849775,RECEIVED,70cd79d1-1964-4830-9258-a2fa7775e57f,71c75a2f-590d-456f-9eb2-47890f1cf8bf,c2,c4,1771,e10,?,
1769471534.884295,SENT,4d2420dd-a027-49cc-adaf-a19dfea0bcd2,c802b0ef-d053-47e4-83f5-bd584768b4b3,c5,DROP,682,?,x8,
1769471534.8843377,FORWARDED,4d2420dd-a027-49cc-adaf-a19dfea0bcd2,c802b0ef-d053-47e4-83f5-bd584768b4b3,c5,DROP,682,?,x8,
1769471535.2421217,SENT,a594bb49-6bb4-4493-a0c9-b0e5d2656dd3,69108488-1bb0-45d8-8d9d-6945ebd71ec8,c2,DROP,689,?,x2,
1769471535.2421653,FORWARDED,a594bb49-6bb4-4493-a0c9-b0e5d2656dd3,69108488-1bb0-45d8-8d9d-6945ebd71ec8,c2,DROP,689,?,x2,
1769471535.2518616,RECEIVED,82f9d900-82f0-4e27-a49a-83e331d1b68f,ea0a46c8-0089-43b4-aa00-8bb4f6077942,c1,DROP,440,x12,?,
1769471535.289289,SENT,5e108056-e481-4157-993b-8d8abdcdac7b,b926db17-64b4-4d0f-97b3-8d264968601a,c1,DROP,687,?,x5,
1769471535.2893314,FORWARDED,5e108056-e481-4157-993b-8d8abdcdac7b,b926db17-64b4-4d0f-97b3-8d264968601a,c1,DROP,687,?,x5,
1769471535.3055449,RECEIVED,6b2f886e-8f15-4e2b-8249-2f42fd20f710,1b422012-5adf-4c3b-802a-12523086fb97,c4,DROP,1017,e8,?,
1769471535.4143794,SENT,6b2f886e-8f15-4e2b-8249-2f42fd20f710,1b422012-5adf-4c3b-802a-12523086fb97,c4,DROP,688,?,x11,
1769471535.4144216,FORWARDED,6b2f886e-8f15-4e2b-8249-2f42fd20f710,1b422012-5adf-4c3b-802a-12523086fb97,c4,DROP,688,?,x11,
1769471535.5024407,RECEIVED,430f8352-a933-4487-b242-7e271b350871,7438ea81-18af-4686-ab31-5f97d4296de3,c2,c4,1780,e10,?,
1769471535.5148282,RECEIVED,4ab04a8f-6717-47c3-86b5-bdd5161676b0,af5f2c3f-d428-4656-9046-631269678833,c4,None,1599,e10,?,
1769471535.5274131,RECEIVED,c8bef064-e274-4750-9fa2-499461a2ff7c,50365fac-134b-4bd6-92fc-f76df35c4355,c4,DROP,1014,e8,?,
1769471535.6180787,SENT,c8bef064-e274-4750-9fa2-499461a2ff7c,50365fac-134b-4bd6-92fc-f76df35c4355,c4,DROP,687,?,x2,
1769471535.6181135,FORWARDED,c8bef064-e274-4750-9fa2-499461a2ff7c,50365fac-134b-4bd6-92fc-f76df35c4355,c4,DROP,687,?,x2,
1769471535.6300797,RECEIVED,5bf67798-fad2-4d11-81ab-0816267844b0,4616d471-8465-4d58-9701-a204af72966c,c3,DROP,1008,e4,?,
1769471535.6600418,RECEIVED,017312a9-bffe-406e-806d-3007c6f6a46e,fd5f38d2-5b0a-4b32-9d3f-837998eb032a,c1,DROP,441,x2,?,
1769471535.7554986,RECEIVED,cb242a51-0237-440c-bc96-2823fa9f2f37,f7cbf5f6-9ef3-40e6-9c4b-04a09f516d22,c3,DROP,1007,e1,?,
1769471535.7763913,SENT,5bf67798-fad2-4d11-81ab-0816267844b0,4616d471-8465-4d58-9701-a204af72966c,c3,DROP,684,?,x8,
1769471535.776428,FORWARDED,5bf67798-fad2-4d11-81ab-0816267844b0,4616d471-8465-4d58-9701-a204af72966c,c3,DROP,684,?,x8,
1769471535.8307211,SENT,4ab04a8f-6717-47c3-86b5-bdd5161676b0,af5f2c3f-d428-4656-9046-631269678833,c4,None,1126,?,x1,
1769471535.8307638,FORWARDED,4ab04a8f-6717-47c3-86b5-bdd5161676b0,af5f2c3f-d428-4656-9046-631269678833,c4,None,1126,?,x1,
1769471536.4081109,SENT,70cd79d1-1964-4830-9258-a2fa7775e57f,71c75a2f-590d-456f-9eb2-47890f1cf8bf,c2,c4,1255,?,x7,
1769471536.4081573,FORWARDED,70cd79d1-1964-4830-9258-a2fa7775e57f,71c75a2f-590d-456f-9eb2-47890f1cf8bf,c2,c4,1255,?,x7,
1769471536.4578078,SENT,cb242a51-0237-440c-bc96-2823fa9f2f37,f7cbf5f6-9ef3-40e6-9c4b-04a09f516d22,c3,DROP,683,?,x8,
1769471536.4578476,FORWARDED,cb242a51-0237-440c-bc96-2823fa9f2f37,f7cbf5f6-9ef3-40e6-9c4b-04a09f516d22,c3,DROP,683,?,x8,
1769471536.5228844,RECEIVED,8a2fc644-dd30-4eb8-b5e1-c0a559c5b0c2,939e08dc-9e0f-4a27-bd94-500fd623d806,c1,DROP,1012,e9,?,
1769471536.530116,RECEIVED,97cefd0b-43c1-48d1-a97f-e1ea511b5129,9e627cc8-968c-4d56-818c-5793428050d3,c1,c3,1780,e5,?,
1769471536.59297,RECEIVED,2112c6ae-ab5c-4cf5-9894-3af5a6b78856,8d555986-f9f4-4b7b-8b36-dcf1be65341d,c4,c3,1780,e12,?,
1769471536.690967,SENT,8a2fc644-dd30-4eb8-b5e1-c0a559c5b0c2,939e08dc-9e0f-4a27-bd94-500fd623d806,c1,DROP,687,?,x8,
1769471536.6910205,FORWARDED,8a2fc644-dd30-4eb8-b5e1-c0a559c5b0c2,939e08dc-9e0f-4a27-bd94-500fd623d806,c1,DROP,687,?,x8,
1769471536.7395601,RECEIVED,01715bee-2f3d-400e-ab0b-6057328e9336,fb58071e-fa33-4bca-b7e0-747e078514f8,c1,None,1600,e8,?,
1769471536.7643933,SENT,430f8352-a933-4487-b242-7e271b350871,7438ea81-18af-4686-ab31-5f97d4296de3,c2,c4,1262,?,x11,
1769471536.764433,FORWARDED,430f8352-a933-4487-b242-7e271b350871,7438ea81-18af-4686-ab31-5f97d4296de3,c2,c4,1262,?,x11,
1769471536.8074825,RECEIVED,21c15d9b-322b-4c34-9311-f5ef41ff9b4f,7e223359-a3fd-4815-81e5-ef16b4785c86,c1,DROP,1020,e2,?,
1769471536.859312,SENT,97cefd0b-43c1-48d1-a97f-e1ea511b5129,9e627cc8-968c-4d56-818c-5793428050d3,c1,c3,1263,?,x10,
1769471536.8593543,FORWARDED,97cefd0b-43c1-48d1-a97f-e1ea511b5129,9e627cc8-968c-4d56-818c-5793428050d3,c1,c3,1263,?,x10,
1769471536.8709445,SENT,01715bee-2f3d-400e-ab0b-6057328e9336,fb58071e-fa33-4bca-b7e0-747e078514f8,c1,None,1127,?,x10,
1769471536.8709867,FORWARDED,01715bee-2f3d-400e-ab0b-6057328e9336,fb58071e-fa33-4bca-b7e0-747e078514f8,c1,None,1127,?,x10,
1769471536.9222362,SENT,8d582334-47a8-40e9-847b-f8efaee34e64,38600cca-2a41-41fd-909b-07fb193e6c65,c3,DROP,688,?,x4,
1769471536.9222806,FORWARDED,8d582334-47a8-40e9-847b-f8efaee34e64,38600cca-2a41-41fd-909b-07fb193e6c65,c3,DROP,688,?,x4,
1769471537.023067,SENT,2112c6ae-ab5c-4cf5-9894-3af5a6b78856,8d555986-f9f4-4b7b-8b36-dcf1be65341d,c4,c3,1263,?,x6,
1769471537.0231097,FORWARDED,2112c6ae-ab5c-4cf5-9894-3af5a6b78856,8d555986-f9f4-4b7b-8b36-dcf1be65341d,c4,c3,1263,?,x6,
1769471537.0351336,RECEIVED,c1cedcec-2d4a-422a-be89-ecfac8b2c630,1f7fd3da-4f51-4310-a629-14a7664fccc5,c4,DROP,1003,e7,?,
1769471537.063516,RECEIVED,cadf3335-543d-49a9-9db8-b96b79fcf964,db9a1089-6856-430c-9e83-5d9a00a2e5be,c1,DROP,437,x8,?,
1769471537.1637826,RECEIVED,5d116284-7757-47e9-82d9-f6a2880b89ca,1d3e80e7-cabe-43cc-bdc5-2ef8fb806c00,c5,c1,1772,e8,?,
1769471537.3145914,RECEIVED,2c134109-ca6e-4dae-9c09-ca151a7aa8f3,ca5c9b33-187e-4229-afbb-67a9b9670019,c5,DROP,1017,e11,?,
1769471537.3584888,SENT,2c134109-ca6e-4dae-9c09-ca151a7aa8f3,ca5c9b33-187e-4229-afbb-67a9b9670019,c5,DROP,688,?,x8,
1769471537.3585296,FORWARDED,2c134109-ca6e-4dae-9c09-ca151a7aa8f3,ca5c9b33-187e-4229-afbb-67a9b9670019,c5,DROP,688,?,x8,
1769471537.4429069,RECEIVED,ee903608-0b01-41a4-abb5-b70dd65aa608,ce507109-799a-4999-9b7d-e1abd7efdd6b,c1,DROP,1011,e12,?,
1769471537.5598485,RECEIVED,4f6a6abd-acf0-4530-82e0-a4cdf8629a51,46fdd09e-3b3b-4e38-bd00-cd6b3237fc59,c5,DROP,441,x3,?,
1769471537.6064863,RECEIVED,ecd14c95-cf50-420f-a3b9-c798b84e60ad,caf5fad5-ee80-4dc3-a0e9-76bc1555e2cb,c3,DROP,1008,e7,?,
1769471537.679887,RECEIVED,6d4ea92e-7800-4a42-ae60-b4cb2c4100de,029a3652-cbbf-406a-9fc8-46756f96babd,c3,DROP,1008,e6,?,
1769471537.6806617,SENT,ecd14c95-cf50-420f-a3b9-c798b84e60ad,caf5fad5-ee80-4dc3-a0e9-76bc1555e2cb,c3,DROP,684,?,x7,
1769471537.680702,FORWARDED,ecd14c95-cf50-420f-a3b9-c798b84e60ad,caf5fad5-ee80-4dc3-a0e9-76bc1555e2cb,c3,DROP,684,?,x7,
1769471537.7527213,RECEIVED,05fa28d2-c805-40b4-8505-17a9b01bd464,a6c4180e-37a6-4a61-b21e-fb6a12fb8eec,c4,DROP,1004,e7,?,
1769471537.8276474,SENT,21c15d9b-322b-4c34-9311-f5ef41ff9b4f,7e223359-a3fd-4815-81e5-ef16b4785c86,c1,DROP,693,?,x11,
1769471537.82769,FORWARDED,21c15d9b-322b-4c34-9311-f5ef41ff9b4f,7e223359-a3fd-4815-81e5-ef16b4785c86,c1,DROP,693,?,x11,
1769471537.8518271,RECEIVED,ecd9c49f-2de7-4e9e-8980-c397ebcc64f3,433179e0-23f0-4004-ac84-ff9e04ce871d,c1,DROP,1008,e3,?,
1769471537.8835504,RECEIVED,dec79a2a-1522-4671-89df-448801f70e64,911c06b4-ead5-4fdb-85a2-3d0ab93e837c,c3,DROP,1020,e9,?,
1769471537.8839152,SENT,5d116284-7757-47e9-82d9-f6a2880b89ca,1d3e80e7-cabe-43cc-bdc5-2ef8fb806c00,c5,c1,1256,?,x12,
1769471537.8839457,FORWARDED,5d116284-7757-47e9-82d9-f6a2880b89ca,1d3e80e7-cabe-43cc-bdc5-2ef8fb806c00,c5,c1,1256,?,x12,
1769471537.9292355,SENT,6d4ea92e-7800-4a42-ae60-b4cb2c4100de,029a3652-cbbf-406a-9fc8-46756f96babd,c3,DROP,683,?,x6,
1769471537.929277,FORWARDED,6d4ea92e-7800-4a42-ae60-b4cb2c4100de,029a3652-cbbf-406a-9fc8-46756f96babd,c3,DROP,683,?,x6,
1769471537.9408057,SENT,05fa28d2-c805-40b4-8505-17a9b01bd464,a6c4180e-37a6-4a61-b21e-fb6a12fb8eec,c4,DROP,680,?,x5,
1769471537.940849,FORWARDED,05fa28d2-c805-40b4-8505-17a9b01bd464,a6c4180e-37a6-4a61-b21e-fb6a12fb8eec,c4,DROP,680,?,x5,
1769471538.0091648,RECEIVED,280ba1d1-fea7-4a6d-a1da-28f12217356b,0f473a27-3e20-4b66-aee9-a04bc2a11750,c4,DROP,442,x3,?,
1769471538.0479333,RECEIVED,b742c3eb-1e46-4b1c-9c32-41e3899ba27d,d554467d-e0f3-4b6c-93e1-ae92262bd2d7,c1,DROP,440,x1,?,
1769471538.0679076,RECEIVED,87fa14ba-3e9b-466a-a377-774618ecff38,1283b85f-a3a4-4b18-aae2-e4034cab7dce,c1,None,1594,e3,?,
1769471538.080204,RECEIVED,6fd637e1-bf9f-4fda-9f12-9052ab27d51d,bdf805bd-46b6-4a59-8c94-2cfeb6d06199,c3,DROP,1014,e3,?,
1769471538.1254907,SENT,ecd9c49f-2de7-4e9e-8980-c397ebcc64f3,433179e0-23f0-4004-ac84-ff9e04ce871d,c1,DROP,684,?,x4,
1769471538.125532,FORWARDED,ecd9c49f-2de7-4e9e-8980-c397ebcc64f3,433179e0-23f0-4004-ac84-ff9e04ce871d,c1,DROP,684,?,x4,
1769471538.2492635,RECEIVED,60774db1-0474-4373-a9d6-09ed88eb5480,f55c68a7-2ec2-4407-be6d-e5f4139f4dc3,c3,None,1599,e1,?,
1769471538.358805,SENT,c1cedcec-2d4a-422a-be89-ecfac8b2c630,1f7fd3da-4f51-4310-a629-14a7664fccc5,c4,DROP,681,?,x11,
1769471538.3588471,FORWARDED,c1cedcec-2d4a-422a-be89-ecfac8b2c630,1f7fd3da-4f51-4310-a629-14a7664fccc5,c4,DROP,681,?,x11,
1769471538.5443635,RECEIVED,08dcdf46-f614-429e-99b8-d1b299362e9f,4deacaab-8d72-4dde-a174-f9c6b0d288c1,c5,DROP,1007,e6,?,
1769471538.585613,RECEIVED,e8aea528-21d0-41de-8bae-9674c171ae88,0f6da935-72a3-4bd3-a6a8-d66ea6e0a036,c4,DROP,1017,e5,?,
1769471538.592031,SENT,dec79a2a-1522-4671-89df-448801f70e64,911c06b4-ead5-4fdb-85a2-3d0ab93e837c,c3,DROP,693,?,x10,
1769471538.592093,FORWARDED,dec79a2a-1522-4671-89df-448801f70e64,911c06b4-ead5-4fdb-85a2-3d0ab93e837c,c3,DROP,693,?,x10,
1769471538.6342604,SENT,e8aea528-21d0-41de-8bae-9674c171ae88,0f6da935-72a3-4bd3-a6a8-d66ea6e0a036,c4,DROP,689,?,x12,
1769471538.6343033,FORWARDED,e8aea528-21d0-41de-8bae-9674c171ae88,0f6da935-72a3-4bd3-a6a8-d66ea6e0a036,c4,DROP,689,?,x12,
1769471538.6349816,RECEIVED,b95aa73c-1211-45d2-8916-715730ff5b69,224c0e0d-2877-4cd6-863f-9a0a1f1b1874,c5,DROP,1012,e6,?,
1769471538.6794934,SENT,87fa14ba-3e9b-466a-a377-774618ecff38,1283b85f-a3a4-4b18-aae2-e4034cab7dce,c1,None,1123,?,x7,
1769471538.6795373,FORWARDED,87fa14ba-3e9b-466a-a377-774618ecff38,1283b85f-a3a4-4b18-aae2-e4034cab7dce,c1,None,1123,?,x7,
1769471538.7687747,RECEIVED,c524d742-9306-41a0-8ed7-eeb9c983e25b,0db03d83-c79a-45b7-aa5b-1193b01bcea2,c3,None,1604,e1,?,
1769471538.7894056,SENT,60774db1-0474-4373-a9d6-09ed88eb5480,f55c68a7-2ec2-4407-be6d-e5f4139f4dc3,c3,None,1126,?,x2,
1769471538.7894447,FORWARDED,60774db1-0474-4373-a9d6-09ed88eb5480,f55c68a7-2ec2-4407-be6d-e5f4139f4dc3,c3,None,1126,?,x2,
1769471538.794739,RECEIVED,2cbebe98-9405-46d0-a8dd-92d9a49b43b7,67b78628-dee5-40dd-9aa1-988ef43c5e5c,c5,DROP,1014,e3,?,
1769471538.8024597,SENT,b95aa73c-1211-45d2-8916-715730ff5b69,224c0e0d-2877-4cd6-863f-9a0a1f1b1874,c5,DROP,687,?,x4,
1769471538.802498,FORWARDED,b95aa73c-1211-45d2-8916-715730ff5b69,224c0e0d-2877-4cd6-863f-9a0a1f1b1874,c5,DROP,687,?,x4,
1769471538.835684,SENT,2cbebe98-9405-46d0-a8dd-92d9a49b43b7,67b78628-dee5-40dd-9aa1-988ef43c5e5c,c5,DROP,686,?,x11,
1769471538.8357198,FORWARDED,2cbebe98-9405-46d0-a8dd-92d9a49b43b7,67b78628-dee5-40dd-9aa1-988ef43c5e5c,c5,DROP,686,?,x11,
1769471538.899996,SENT,c524d742-9306-41a0-8ed7-eeb9c983e25b,0db03d83-c79a-45b7-aa5b-1193b01bcea2,c3,None,1131,?,x1,
1769471538.9000335,FORWARDED,c524d742-9306-41a0-8ed7-eeb9c983e25b,0db03d83-c79a-45b7-aa5b-1193b01bcea2,c3,None,1131,?,x1,
1769471538.9829438,RECEIVED,1c379a8d-6fd5-4a95-b611-a62d672fce4f,ab4d7372-8e62-4f1e-a9f2-dce46e145113,c2,DROP,1004,e11,?,
1769471539.1108072,SENT,1c379a8d-6fd5-4a95-b611-a62d672fce4f,ab4d7372-8e62-4f1e-a9f2-dce46e145113,c2,DROP,680,?,x9,
1769471539.1108494,FORWARDED,1c379a8d-6fd5-4a95-b611-a62d672fce4f,ab4d7372-8e62-4f1e-a9f2-dce46e145113,c2,DROP,680,?,x9,
1769471539.122846,SENT,6fd637e1-bf9f-4fda-9f12-9052ab27d51d,bdf805bd-46b6-4a59-8c94-2cfeb6d06199,c3,DROP,689,?,x8,
1769471539.1228976,FORWARDED,6fd637e1-bf9f-4fda-9f12-9052ab27d51d,bdf805bd-46b6-4a59-8c94-2cfeb6d06199,c3,DROP,689,?,x8,
1769471539.1628013,RECEIVED,661568f3-8410-44b9-87b9-92c3d28fd31b,35564496-fe40-4a07-bcb6-0ce11d4ffcba,c1,DROP,1011,e5,?,
1769471539.2050247,RECEIVED,c14a0673-4b09-4904-aa07-d2918c41f805,13714602-b0c1-4034-b7fa-45035c2d9b51,c5,DROP,1007,e7,?,
1769471539.251852,SENT,08dcdf46-f614-429e-99b8-d1b299362e9f,4deacaab-8d72-4dde-a174-f9c6b0d288c1,c5,DROP,684,?,x5,
1769471539.2518919,FORWARDED,08dcdf46-f614-429e-99b8-d1b299362e9f,4deacaab-8d72-4dde-a174-f9c6b0d288c1,c5,DROP,684,?,x5,
1769471539.4316275,SENT,ee903608-0b01-41a4-abb5-b70dd65aa608,ce507109-799a-4999-9b7d-e1abd7efdd6b,c1,DROP,687,?,x7,
1769471539.431668,FORWARDED,ee903608-0b01-41a4-abb5-b70dd65aa608,ce507109-799a-4999-9b7d-e1abd7efdd6b,c1,DROP,687,?,x7,
1769471539.6211765,RECEIVED,594bd777-c556-429a-a1f0-71cfd0ce2718,03523fbb-4bc0-47f4-81ab-2dba6390fe75,c4,DROP,1016,e3,?,
1769471539.7652812,RECEIVED,c7f8cd99-5271-4ae6-942a-53e148f18c25,724d949a-93a2-43fd-a8e1-3e9a2a8a875d,c3,DROP,1008,e3,?,
1769471539.8677506,RECEIVED,607dfce7-cc07-436b-9683-544b2dd26041,525c219d-01ef-4cef-8e47-0de5db9b70f6,c2,c4,1767,e4,?,
1769471539.9158204,SENT,c7f8cd99-5271-4ae6-942a-53e148f18c25,724d949a-93a2-43fd-a8e1-3e9a2a8a875d,c3,DROP,684,?,x7,
1769471539.9158583,FORWARDED,c7f8cd99-5271-4ae6-942a-53e148f18c25,724d949a-93a2-43fd-a8e1-3e9a2a8a875d,c3,DROP,684,?,x7,
1769471539.9706845,SENT,c14a0673-4b09-4904-aa07-d2918c41f805,13714602-b0c1-4034-b7fa-45035c2d9b51,c5,DROP,684,?,x8,
1769471539.9707272,FORWARDED,c14a0673-4b09-4904-aa07-d2918c41f805,13714602-b0c1-4034-b7fa-45035c2d9b51,c5,DROP,684,?,x8,
1769471539.990464,RECEIVED,3e0eaed5-c3f7-4fbc-b194-cab0e0cdbc43,a6d39764-8e8c-4540-add3-c0a3b9f5390d,c3,DROP,1020,e12,?,
1769471540.1654537,SENT,3e0eaed5-c3f7-4fbc-b194-cab0e0cdbc43,a6d39764-8e8c-4540-add3-c0a3b9f5390d,c3,DROP,692,?,x3,
1769471540.1654956,FORWARDED,3e0eaed5-c3f7-4fbc-b194-cab0e0cdbc43,a6d39764-8e8c-4540-add3-c0a3b9f5390d,c3,DROP,692,?,x3,
1769471540.189134,SENT,594bd777-c556-429a-a1f0-71cfd0ce2718,03523fbb-4bc0-47f4-81ab-2dba6390fe75,c4,DROP,689,?,x12,
1769471540.189174,FORWARDED,594bd777-c556-429a-a1f0-71cfd0ce2718,03523fbb-4bc0-47f4-81ab-2dba6390fe75,c4,DROP,689,?,x12,
1769471540.2092934,RECEIVED,ed7ae5a9-b64c-44ca-abe3-270099763d66,9f7420b0-a636-40ac-9bce-eb33c251c1b7,c2,c4,1775,e6,?,
1769471540.2443929,RECEIVED,e5258df1-0130-4f10-8222-6ecda5a01650,1898d7d1-fb29-4f42-937e-ad9941ea6314,c4,DROP,437,x3,?,
1769471540.2845166,RECEIVED,170cf565-cc58-4029-91ad-aca80589c125,c981c9c5-dde1-4ba7-a7ef-a4ea27784962,c4,c3,1763,e3,?,
1769471540.3081589,RECEIVED,85b6e216-6666-4751-9b58-e85788adb0c1,d0b1a038-09f9-4b35-a6c9-7173a267c8c3,c4,DROP,1010,e3,?,
1769471540.3685694,SENT,85b6e216-6666-4751-9b58-e85788adb0c1,d0b1a038-09f9-4b35-a6c9-7173a267c8c3,c4,DROP,684,?,x4,
1769471540.3686113,FORWARDED,85b6e216-6666-4751-9b58-e85788adb0c1,d0b1a038-09f9-4b35-a6c9-7173a267c8c3,c4,DROP,684,?,x4,
1769471540.370807,SENT,661568f3-8410-44b9-87b9-92c3d28fd31b,35564496-fe40-4a07-bcb6-0ce11d4ffcba,c1,DROP,687,?,x12,
1769471540.3708477,FORWARDED,661568f3-8410-44b9-87b9-92c3d28fd31b,35564496-fe40-4a07-bcb6-0ce11d4ffcba,c1,DROP,687,?,x12,
1769471540.4965022,RECEIVED,7e463240-300b-44fe-8a89-a5608f543ccd,2b92205e-7240-4a1c-9793-d37e3fe65109,c1,None,1601,e9,?,
1769471540.5509083,RECEIVED,a8c9aed2-058b-441d-99e7-ff18e820f3ee,8852426d-fc77-4db3-83c8-45f394f326bf,c5,DROP,1007,e3,?,
1769471540.5727959,SENT,7e463240-300b-44fe-8a89-a5608f543ccd,2b92205e-7240-4a1c-9793-d37e3fe65109,c1,None,1127,?,x1,
1769471540.572839,FORWARDED,7e463240-300b-44fe-8a89-a5608f543ccd,2b92205e-7240-4a1c-9793-d37e3fe65109,c1,None,1127,?,x1,
1769471540.6185493,RECEIVED,9cc6f7d4-75e4-4cfc-ae90-d919b045dab1,0bf8ddb2-bfcb-4369-b348-fdc96fce3fc0,c1,DROP,441,x5,?,
1769471540.6422555,RECEIVED,1fda5b89-5d74-490f-b00e-c23131b6f6e5,5123a5dc-b071-4049-b9dc-afef0c0ef18c,c4,DROP,442,x11,?,
1769471540.6525524,SENT,170cf565-cc58-4029-91ad-aca80589c125,c981c9c5-dde1-4ba7-a7ef-a4ea27784962,c4,c3,1250,?,x3,
1769471540.652589,FORWARDED,170cf565-cc58-4029-91ad-aca80589c125,c981c9c5-dde1-4ba7-a7ef-a4ea27784962,c4,c3,1250,?,x3,
1769471540.717547,RECEIVED,6ef169b9-f5c8-4359-bf3d-06f0af7b5f58,514d917b-338d-460f-a727-1c7daa6b6837,c4,DROP,1008,e5,?,
1769471540.803071,SENT,607dfce7-cc07-436b-9683-544b2dd26041,525c219d-01ef-4cef-8e47-0de5db9b70f6,c2,c4,1253,?,x7,
1769471540.8031092,FORWARDED,607dfce7-cc07-436b-9683-544b2dd26041,525c219d-01ef-4cef-8e47-0de5db9b70f6,c2,c4,1253,?,x7,
1769471540.8091993,RECEIVED,f34a2a91-454b-41b6-9175-9bd75cc66c1d,5c26144d-9ebd-4aff-954a-d2448d750937,c1,DROP,1011,e6,?,
1769471540.8409011,RECEIVED,0c455b07-baa8-433d-86db-d16cf2ad41c2,3cd2f962-220c-4464-9ea5-a12fa89553ca,c2,DROP,1007,e10,?,
1769471540.8677251,RECEIVED,18fe2a1b-1b73-40a3-9e7d-a7b98373b7c2,b88baff0-4048-4eac-a337-8d18bbe564f8,c4,DROP,1016,e2,?,
1769471541.0303476,RECEIVED,e8a23195-78cb-4379-bea1-de0589c2d5c5,ae9295df-0085-41cb-8f57-8e326092c250,c2,DROP,1015,e4,?,
1769471541.0362718,SENT,6ef169b9-f5c8-4359-bf3d-06f0af7b5f58,514d917b-338d-460f-a727-1c7daa6b6837,c4,DROP,683,?,x11,
1769471541.036316,FORWARDED,6ef169b9-f5c8-4359-bf3d-06f0af7b5f58,514d917b-338d-460f-a727-1c7daa6b6837,c4,DROP,683,?,x11,
1769471541.0572774,SENT,ed7ae5a9-b64c-44ca-abe3-270099763d66,9f7420b0-a636-40ac-9bce-eb33c251c1b7,c2,c4,1258,?,x6,
1769471541.0573184,FORWARDED,ed7ae5a9-b64c-44ca-abe3-270099763d66,9f7420b0-a636-40ac-9bce-eb33c251c1b7,c2,c4,1258,?,x6,
1769471541.0597923,RECEIVED,f5019972-4898-4438-8626-5bf15c1d404e,21145724-6d72-4ca9-89be-0b1e74b58e1e,c1,DROP,1007,e3,?,
1769471541.1279492,SENT,0c455b07-baa8-433d-86db-d16cf2ad41c2,3cd2f962-220c-4464-9ea5-a12fa89553ca,c2,DROP,683,?,x1,
1769471541.127991,FORWARDED,0c455b07-baa8-433d-86db-d16cf2ad41c2,3cd2f962-220c-4464-9ea5-a12fa89553ca,c2,DROP,683,?,x1,
1769471541.2157798,SENT,e8a23195-78cb-4379-bea1-de0589c2d5c5,ae9295df-0085-41cb-8f57-8e326092c250,c2,DROP,689,?,x8,
1769471541.215818,FORWARDED,e8a23195-78cb-4379-bea1-de0589c2d5c5,ae9295df-0085-41cb-8f57-8e326092c250,c2,DROP,689,?,x8,
1769471541.2998955,RECEIVED,60c95266-a151-4302-9e9f-d0790a94af84,61c1796a-1c21-48ee-bd72-a79071fc2405,c1,DROP,1011,e12,?,
1769471541.4011605,SENT,18fe2a1b-1b73-40a3-9e7d-a7b98373b7c2,b88baff0-4048-4eac-a337-8d18bbe564f8,c4,DROP,688,?,x11,
1769471541.4012022,FORWARDED,18fe2a1b-1b73-40a3-9e7d-a7b98373b7c2,b88baff0-4048-4eac-a337-8d18bbe564f8,c4,DROP,688,?,x11,
1769471541.4076495,RECEIVED,c740335f-ef6f-4aa7-baa6-a258f68b135d,98257441-11fb-4486-8d02-96afd106e1b6,c1,c3,1771,e12,?,
1769471541.409228,RECEIVED,b25673a4-0a7a-40af-abe6-c518d1429a06,b73286b4-8a6e-4b1d-9cce-b214c8f7c389,c4,c3,1763,e5,?,
1769471541.4561834,SENT,f34a2a91-454b-41b6-9175-9bd75cc66c1d,5c26144d-9ebd-4aff-954a-d2448d750937,c1,DROP,685,?,x1,
1769471541.4562268,FORWARDED,f34a2a91-454b-41b6-9175-9bd75cc66c1d,5c26144d-9ebd-4aff-954a-d2448d750937,c1,DROP,685,?,x1,
1769471541.6566591,SENT,60c95266-a151-4302-9e9f-d0790a94af84,61c1796a-1c21-48ee-bd72-a79071fc2405,c1,DROP,687,?,x8,
1769471541.656701,FORWARDED,60c95266-a151-4302-9e9f-d0790a94af84,61c1796a-1c21-48ee-bd72-a79071fc2405,c1,DROP,687,?,x8,
1769471541.6830318,RECEIVED,fde5dfc0-1bf8-42ce-b1cd-1b25db8939fd,af4d223c-b129-4a17-b39a-dcaed0d78a98,c1,DROP,1015,e6,?,
1769471541.6922467,RECEIVED,66caf2bf-2372-42c0-8f11-98ac641bb0fa,6f4efb44-038b-4e17-be66-40bc867ce654,c1,None,1607,e12,?,
1769471541.8807437,SENT,a8c9aed2-058b-441d-99e7-ff18e820f3ee,8852426d-fc77-4db3-83c8-45f394f326bf,c5,DROP,682,?,x1,
1769471541.8807864,FORWARDED,a8c9aed2-058b-441d-99e7-ff18e820f3ee,8852426d-fc77-4db3-83c8-45f394f326bf,c5,DROP,682,?,x1,
1769471541.96304,RECEIVED,99db794f-113e-4cf4-ac97-c77aadc70001,aac19943-faf4-4518-b5f0-7c9fe7c8568e,c4,None,1602,e6,?,
1769471541.982909,SENT,99db794f-113e-4cf4-ac97-c77aadc70001,aac19943-faf4-4518-b5f0-7c9fe7c8568e,c4,None,1128,?,x6,
1769471541.982949,FORWARDED,99db794f-113e-4cf4-ac97-c77aadc70001,aac19943-faf4-4518-b5f0-7c9fe7c8568e,c4,None,1128,?,x6,
1769471541.9947386,SENT,b25673a4-0a7a-40af-abe6-c518d1429a06,b73286b4-8a6e-4b1d-9cce-b214c8f7c389,c4,c3,1251,?,x7,
1769471541.994776,FORWARDED,b25673a4-0a7a-40af-abe6-c518d1429a06,b73286b4-8a6e-4b1d-9cce-b214c8f7c389,c4,c3,1251,?,x7,
1769471542.0231822,RECEIVED,934e2af2-2f41-44b4-9987-af343e4bcd92,e24a738f-f854-404a-a40f-ac7ee38c603a,c5,DROP,1007,e8,?,
1769471542.1006122,SENT,fde5dfc0-1bf8-42ce-b1cd-1b25db8939fd,af4d223c-b129-4a17-b39a-dcaed0d78a98,c1,DROP,688,?,x1,
1769471542.1006517,FORWARDED,fde5dfc0-1bf8-42ce-b1cd-1b25db8939fd,af4d223c-b129-4a17-b39a-dcaed0d78a98,c1,DROP,688,?,x1,
1769471542.2188,SENT,c740335f-ef6f-4aa7-baa6-a258f68b135d,98257441-11fb-4486-8d02-96afd106e1b6,c1,c3,1255,?,x5,
1769471542.2188437,FORWARDED,c740335f-ef6f-4aa7-baa6-a258f68b135d,98257441-11fb-4486-8d02-96afd106e1b6,c1,c3,1255,?,x5,
1769471542.4337423,RECEIVED,9c0204c0-f8b1-4709-a0c4-de6bd9a20984,14c1a357-c11d-402c-9b5c-fa1da0bf0171,c3,DROP,1015,e12,?,
1769471542.5581765,RECEIVED,34ea73c1-4bd1-4215-be71-db05c6f8a7b1,0d633439-fa3b-45ec-9a8b-322b7cf8a435,c3,DROP,1008,e5,?,
1769471542.5815349,SENT,934e2af2-2f41-44b4-9987-af343e4bcd92,e24a738f-f854-404a-a40f-ac7ee38c603a,c5,DROP,683,?,x5,
1769471542.581576,FORWARDED,934e2af2-2f41-44b4-9987-af343e4bcd92,e24a738f-f854-404a-a40f-ac7ee38c603a,c5,DROP,683,?,x5,
1769471542.6214938,RECEIVED,37bc2d6d-bc2f-47c6-bc97-e575ef6a8e1f,faa36fe4-d3df-464f-9659-c3daf2f65152,c1,DROP,1012,e4,?,
1769471542.6463544,RECEIVED,995dd158-e14f-444f-ba48-aa7acc7ddb29,68d0a7ef-e3de-431d-bfbe-dd686d3aa736,c4,None,1603,e3,?,
1769471542.6477082,SENT,f5019972-4898-4438-8626-5bf15c1d404e,21145724-6d72-4ca9-89be-0b1e74b58e1e,c1,DROP,684,?,x2,
1769471542.6477487,FORWARDED,f5019972-4898-4438-8626-5bf15c1d404e,21145724-6d72-4ca9-89be-0b1e74b58e1e,c1,DROP,684,?,x2,
1769471542.6530666,RECEIVED,b5eec066-8328-4ea9-b860-8bc2f7e15ee5,fd266820-a258-47d2-8bc2-1f94cdb10dfb,c2,DROP,1019,e11,?,
1769471542.7282643,RECEIVED,575f54f5-b273-406e-af0e-14c6467352bc,bcfba654-d1f4-4066-9eef-bb236b1d146a,c2,c4,1768,e5,?,
1769471542.7363794,RECEIVED,11c6cffe-d2a9-4eb6-82b7-17e161cfa87f,823ce4fd-f40c-4e92-8a40-4e36e7468237,c1,c3,1781,e12,?,
1769471542.7496903,SENT,11c6cffe-d2a9-4eb6-82b7-17e161cfa87f,823ce4fd-f40c-4e92-8a40-4e36e7468237,c1,c3,1262,?,x5,
1769471542.7497308,FORWARDED,11c6cffe-d2a9-4eb6-82b7-17e161cfa87f,823ce4fd-f40c-4e92-8a40-4e36e7468237,c1,c3,1262,?,x5,
1769471542.7514172,SENT,37bc2d6d-bc2f-47c6-bc97-e575ef6a8e1f,faa36fe4-d3df-464f-9659-c3daf2f65152,c1,DROP,687,?,x5,
1769471542.751455,FORWARDED,37bc2d6d-bc2f-47c6-bc97-e575ef6a8e1f,faa36fe4-d3df-464f-9659-c3daf2f65152,c1,DROP,687,?,x5,
1769471542.8008032,RECEIVED,5acee2b0-0442-4b2e-ad2f-dc09db00f5ee,62e0763d-17a7-4659-9c6f-d045049ed9fb,c2,DROP,1007,e2,?,
1769471542.8060422,RECEIVED,beaaf950-aed3-45a2-97da-5db4b3e865cc,fe1e1242-cffd-4c0e-9976-569b79195586,c5,DROP,1012,e11,?,
1769471542.8892474,SENT,9c0204c0-f8b1-4709-a0c4-de6bd9a20984,14c1a357-c11d-402c-9b5c-fa1da0bf0171,c3,DROP,688,?,x3,
1769471542.889291,FORWARDED,9c0204c0-f8b1-4709-a0c4-de6bd9a20984,14c1a357-c11d-402c-9b5c-fa1da0bf0171,c3,DROP,688,?,x3,
1769471542.9989727,SENT,575f54f5-b273-406e-af0e-14c6467352bc,bcfba654-d1f4-4066-9eef-bb236b1d146a,c2,c4,1252,?,x11,
1769471542.9990134,FORWARDED,575f54f5-b273-406e-af0e-14c6467352bc,bcfba654-d1f4-4066-9eef-bb236b1d146a,c2,c4,1252,?,x11,
1769471543.0148063,RECEIVED,de5ca4e6-23bb-4da9-b03a-eaebc5ac6115,b4cbee21-4b8c-4c71-9d52-1ddec5aca89b,c5,DROP,1010,e12,?,
1769471543.1387,SENT,66caf2bf-2372-42c0-8f11-98ac641bb0fa,6f4efb44-038b-4e17-be66-40bc867ce654,c1,None,1132,?,x9,
1769471543.1387408,FORWARDED,66caf2bf-2372-42c0-8f11-98ac641bb0fa,6f4efb44-038b-4e17-be66-40bc867ce654,c1,None,1132,?,x9,
1769471543.1604905,SENT,beaaf950-aed3-45a2-97da-5db4b3e865cc,fe1e1242-cffd-4c0e-9976-569b79195586,c5,DROP,686,?,x9,
1769471543.1605337,FORWARDED,beaaf950-aed3-45a2-97da-5db4b3e865cc,fe1e1242-cffd-4c0e-9976-569b79195586,c5,DROP,686,?,x9,
1769471543.1655357,RECEIVED,8898833c-d944-4b68-862e-13cbe4fb12bd,096cf200-c528-493a-be9b-630c9ba0bde7,c1,DROP,1008,e1,?,
1769471543.2219343,SENT,34ea73c1-4bd1-4215-be71-db05c6f8a7b1,0d633439-fa3b-45ec-9a8b-322b7cf8a435,c3,DROP,683,?,x11,
1769471543.2219756,FORWARDED,34ea73c1-4bd1-4215-be71-db05c6f8a7b1,0d633439-fa3b-45ec-9a8b-322b7cf8a435,c3,DROP,683,?,x11,
1769471543.28187,SENT,8898833c-d944-4b68-862e-13cbe4fb12bd,096cf200-c528-493a-be9b-630c9ba0bde7,c1,DROP,683,?,x2,
1769471543.2819133,FORWARDED,8898833c-d944-4b68-862e-13cbe4fb12bd,096cf200-c528-493a-be9b-630c9ba0bde7,c1,DROP,683,?,x2,
1769471543.3441362,SENT,995dd158-e14f-444f-ba48-aa7acc7ddb29,68d0a7ef-e3de-431d-bfbe-dd686d3aa736,c4,None,1131,?,x9,
1769471543.344179,FORWARDED,995dd158-e14f-444f-ba48-aa7acc7ddb29,68d0a7ef-e3de-431d-bfbe-dd686d3aa736,c4,None,1131,?,x9,
1769471543.4616609,RECEIVED,a4f7fac3-7d6b-4a11-b7cd-3cfc0b07ecf8,043e8dd9-8913-40f4-8d41-153434b37ab3,c1,DROP,1020,e12,?,
1769471543.471261,SENT,b5eec066-8328-4ea9-b860-8bc2f7e15ee5,fd266820-a258-47d2-8bc2-1f94cdb10dfb,c2,DROP,692,?,x5,
1769471543.4713037,FORWARDED,b5eec066-8328-4ea9-b860-8bc2f7e15ee5,fd266820-a258-47d2-8bc2-1f94cdb10dfb,c2,DROP,692,?,x5,
1769471543.5121977,RECEIVED,c612e22c-8501-491d-8ef7-ea36a0b4e2bd,214eab94-1380-400b-90df-3895aa68fcbb,c1,DROP,437,x3,?,
1769471543.6311295,SENT,5acee2b0-0442-4b2e-ad2f-dc09db00f5ee,62e0763d-17a7-4659-9c6f-d045049ed9fb,c2,DROP,683,?,x1,
1769471543.6311684,FORWARDED,5acee2b0-0442-4b2e-ad2f-dc09db00f5ee,62e0763d-17a7-4659-9c6f-d045049ed9fb,c2,DROP,683,?,x1,
1769471543.8558815,SENT,a4f7fac3-7d6b-4a11-b7cd-3cfc0b07ecf8,043e8dd9-8913-40f4-8d41-153434b37ab3,c1,DROP,691,?,x11,
1769471543.8559213,FORWARDED,a4f7fac3-7d6b-4a11-b7cd-3cfc0b07ecf8,043e8dd9-8913-40f4-8d41-153434b37ab3,c1,DROP,691,?,x11,
1769471543.9429827,RECEIVED,af5618f5-9958-4707-b712-d7f470814f8c,e98db849-e073-443f-8c6d-e4e05ebecbd0,c4,DROP,1013,e3,?,
1769471544.078415,RECEIVED,c25e6eb5-ffb6-4e47-acb5-95530a364747,d93bac34-0d96-4fae-a612-039c1df342fb,c3,c1,1772,e10,?,
1769471544.5189936,RECEIVED,4e502a03-f86a-422c-9af5-167b27f3586d,4f426e05-43ba-46cd-8f24-27162368bc0d,c4,DROP,1012,e11,?,
1769471544.6124463,SENT,de5ca4e6-23bb-4da9-b03a-eaebc5ac6115,b4cbee21-4b8c-4c71-9d52-1ddec5aca89b,c5,DROP,687,?,x5,
1769471544.6124878,FORWARDED,de5ca4e6-23bb-4da9-b03a-eaebc5ac6115,b4cbee21-4b8c-4c71-9d52-1ddec5aca89b,c5,DROP,687,?,x5,
1769471544.6241052,SENT,4e502a03-f86a-422c-9af5-167b27f3586d,4f426e05-43ba-46cd-8f24-27162368bc0d,c4,DROP,687,?,x3,
1769471544.6241484,FORWARDED,4e502a03-f86a-422c-9af5-167b27f3586d,4f426e05-43ba-46cd-8f24-27162368bc0d,c4,DROP,687,?,x3,
1769471544.6256516,SENT,af5618f5-9958-4707-b712-d7f470814f8c,e98db849-e073-443f-8c6d-e4e05ebecbd0,c4,DROP,688,?,x8,
1769471544.6256893,FORWARDED,af5618f5-9958-4707-b712-d7f470814f8c,e98db849-e073-443f-8c6d-e4e05ebecbd0,c4,DROP,688,?,x8,
1769471544.9105802,RECEIVED,e0feaa43-048f-4d9c-983d-31ad97948e85,4793cc40-cd9f-4f04-a7fb-6d9b82b855d3,c4,None,1594,e10,?,
1769471545.147879,SENT,c25e6eb5-ffb6-4e47-acb5-95530a364747,d93bac34-0d96-4fae-a612-039c1df342fb,c3,c1,1259,?,x11,
1769471545.1479194,FORWARDED,c25e6eb5-ffb6-4e47-acb5-95530a364747,d93bac34-0d96-4fae-a612-039c1df342fb,c3,c1,1259,?,x11,
1769471545.1568544,RECEIVED,3ac9594b-fe1b-4dab-8ea3-67b354ee8da1,1b383174-a111-4165-a69d-eca602bf1503,c1,DROP,1007,e9,?,
1769471545.1663704,RECEIVED,6dd6e17c-468a-4af3-af0a-c1f17498355d,9e20e17b-0793-4e9e-a971-fe52f5357645,c5,DROP,1011,e11,?,
1769471545.173134,RECEIVED,6fd568b7-0609-4c82-8146-841f2a007acd,16eec30b-8fa4-4897-88fd-b275c9d36a74,c2,DROP,1008,e6,?,
1769471545.1732395,RECEIVED,f651a4e8-15f5-46b3-b6a7-283599ad7996,80f6edac-e49b-4a00-8ea5-3a34f8cc9c7b,c3,None,1604,e10,?,
1769471545.2863595,SENT,6fd568b7-0609-4c82-8146-841f2a007acd,16eec30b-8fa4-4897-88fd-b275c9d36a74,c2,DROP,684,?,x8,
1769471545.2863948,FORWARDED,6fd568b7-0609-4c82-8146-841f2a007acd,16eec30b-8fa4-4897-88fd-b275c9d36a74,c2,DROP,684,?,x8,
1769471545.4071798,RECEIVED,cecdb07f-158d-4e1a-849e-45e95c18a9d5,58d31e23-1889-43b7-8d4d-b0a874337518,c1,None,1608,e7,?,
1769471545.4364924,RECEIVED,9ddbd4b8-b7a6-4ba8-9f39-d74702406d8c,0dc008db-20aa-4ac8-8a5b-629f2c07bdb8,c3,c1,1785,e6,?,
1769471545.5379074,SENT,f651a4e8-15f5-46b3-b6a7-283599ad7996,80f6edac-e49b-4a00-8ea5-3a34f8cc9c7b,c3,None,1131,?,x3,
1769471545.5379488,FORWARDED,f651a4e8-15f5-46b3-b6a7-283599ad7996,80f6edac-e49b-4a00-8ea5-3a34f8cc9c7b,c3,None,1131,?,x3,
1769471545.6589262,SENT,9ddbd4b8-b7a6-4ba8-9f39-d74702406d8c,0dc008db-20aa-4ac8-8a5b-629f2c07bdb8,c3,c1,1264,?,x11,
1769471545.6589746,FORWARDED,9ddbd4b8-b7a6-4ba8-9f39-d74702406d8c,0dc008db-20aa-4ac8-8a5b-629f2c07bdb8,c3,c1,1264,?,x11,
1769471545.6615303,RECEIVED,29d2ebc4-867e-45ad-8034-c7a89c87d999,37ab11f9-11fb-402a-9ae8-9f4a6c2534c0,c1,None,1602,e3,?,
1769471545.787933,SENT,cecdb07f-158d-4e1a-849e-45e95c18a9d5,58d31e23-1889-43b7-8d4d-b0a874337518,c1,None,1132,?,x6,
1769471545.7879777,FORWARDED,cecdb07f-158d-4e1a-849e-45e95c18a9d5,58d31e23-1889-43b7-8d4d-b0a874337518,c1,None,1132,?,x6,
1769471545.8544126,RECEIVED,34fa32c1-94ca-40fd-8e66-ab17dbb383a0,3c3eebec-d0e8-4a7f-94ff-a1bad7d7e2c9,c5,DROP,441,x8,?,
1769471545.9437153,SENT,e0feaa43-048f-4d9c-983d-31ad97948e85,4793cc40-cd9f-4f04-a7fb-6d9b82b855d3,c4,None,1124,?,x6,
1769471545.9440057,FORWARDED,e0feaa43-048f-4d9c-983d-31ad97948e85,4793cc40-cd9f-4f04-a7fb-6d9b82b855d3,c4,None,1124,?,x6,
1769471545.9728892,SENT,3ac9594b-fe1b-4dab-8ea3-67b354ee8da1,1b383174-a111-4165-a69d-eca602bf1503,c1,DROP,683,?,x9,
1769471545.97293,FORWARDED,3ac9594b-fe1b-4dab-8ea3-67b354ee8da1,1b383174-a111-4165-a69d-eca602bf1503,c1,DROP,683,?,x9,
1769471546.1326196,SENT,6dd6e17c-468a-4af3-af0a-c1f17498355d,9e20e17b-0793-4e9e-a971-fe52f5357645,c5,DROP,687,?,x9,
1769471546.1326602,FORWARDED,6dd6e17c-468a-4af3-af0a-c1f17498355d,9e20e17b-0793-4e9e-a971-fe52f5357645,c5,DROP,687,?,x9,
1769471546.175814,RECEIVED,800c74ba-ccba-48e7-aca8-3e24f5686dab,9652b6ce-4baa-46a0-b8a4-fbb0456003ba,c3,DROP,1013,e10,?,
1769471546.2341785,SENT,800c74ba-ccba-48e7-aca8-3e24f5686dab,9652b6ce-4baa-46a0-b8a4-fbb0456003ba,c3,DROP,685,?,x8,
1769471546.234219,FORWARDED,800c74ba-ccba-48e7-aca8-3e24f5686dab,9652b6ce-4baa-46a0-b8a4-fbb0456003ba,c3,DROP,685,?,x8,
1769471546.3060818,RECEIVED,a29f496a-fcd2-4b11-92ca-9e58f9026c91,9b387fcc-6cf0-48ac-9f3f-a1eba77f206a,c5,c1,1775,e7,?,
1769471546.3213327,RECEIVED,5a23418b-37b0-448e-9ffc-d476271b7d3a,e9b09c0d-a82f-4693-8da3-af8382d6b35b,c2,c4,1772,e1,?,
1769471546.3552325,SENT,5a23418b-37b0-448e-9ffc-d476271b7d3a,e9b09c0d-a82f-4693-8da3-af8382d6b35b,c2,c4,1256,?,x9,
1769471546.3552759,FORWARDED,5a23418b-37b0-448e-9ffc-d476271b7d3a,e9b09c0d-a82f-4693-8da3-af8382d6b35b,c2,c4,1256,?,x9,
1769471546.3713503,SENT,29d2ebc4-867e-45ad-8034-c7a89c87d999,37ab11f9-11fb-402a-9ae8-9f4a6c2534c0,c1,None,1131,?,x7,
1769471546.3713934,FORWARDED,29d2ebc4-867e-45ad-8034-c7a89c87d999,37ab11f9-11fb-402a-9ae8-9f4a6c2534c0,c1,None,1131,?,x7,
1769471546.3799036,RECEIVED,c5df8704-4538-4fab-8185-8457e054b86d,afea496a-99f5-4eaf-b3cf-06830792432b,c3,c1,1767,e8,?,
1769471546.3951008,RECEIVED,0d443735-7eff-4a56-a3d7-83d98f9884e0,dce39f97-ce6d-439c-ae83-1a0c33b7c08b,c1,DROP,442,x7,?,
1769471546.5778918,RECEIVED,dbc8447b-2d7f-407e-a015-d3d9acdaceed,8032985e-ae11-4994-a579-ae04d9c80808,c2,DROP,1012,e12,?,
1769471546.6405628,RECEIVED,e41146f4-cc95-4d7f-8fd4-e3144f86f15f,c0e2a763-d654-45f4-96ed-45cd3b1bd399,c1,DROP,1015,e1,?,
1769471546.676124,RECEIVED,f3bdf4d4-cdda-455f-8a63-8648721bdca6,541b1ff7-fdf5-41c5-9c60-cf15f2ef39c0,c3,c1,1777,e3,?,
1769471546.724186,SENT,f3bdf4d4-cdda-455f-8a63-8648721bdca6,541b1ff7-fdf5-41c5-9c60-cf15f2ef39c0,c3,c1,1259,?,x2,
1769471546.7242248,FORWARDED,f3bdf4d4-cdda-455f-8a63-8648721bdca6,541b1ff7-fdf5-41c5-9c60-cf15f2ef39c0,c3,c1,1259,?,x2,
1769471546.8733711,SENT,dbc8447b-2d7f-407e-a015-d3d9acdaceed,8032985e-ae11-4994-a579-ae04d9c80808,c2,DROP,687,?,x8,
1769471546.8734133,FORWARDED,dbc8447b-2d7f-407e-a015-d3d9acdaceed,8032985e-ae11-4994-a579-ae04d9c80808,c2,DROP,687,?,x8,
1769471546.907121,SENT,a29f496a-fcd2-4b11-92ca-9e58f9026c91,9b387fcc-6cf0-48ac-9f3f-a1eba77f206a,c5,c1,1259,?,x10,
1769471546.9071639,FORWARDED,a29f496a-fcd2-4b11-92ca-9e58f9026c91,9b387fcc-6cf0-48ac-9f3f-a1eba77f206a,c5,c1,1259,?,x10,
1769471546.923161,RECEIVED,d62ac870-b099-4227-b5d0-185d7e834ff2,ba3aabb2-1053-47da-96ef-7446e633220a,c4,None,1607,e3,?,
1769471546.932888,SENT,e41146f4-cc95-4d7f-8fd4-e3144f86f15f,c0e2a763-d654-45f4-96ed-45cd3b1bd399,c1,DROP,689,?,x1,
1769471546.932928,FORWARDED,e41146f4-cc95-4d7f-8fd4-e3144f86f15f,c0e2a763-d654-45f4-96ed-45cd3b1bd399,c1,DROP,689,?,x1,
1769471546.98228,RECEIVED,0ff193ce-dd91-45c0-9e87-3d266fe8d399,82bc7d87-4469-4b49-b042-ada473adb76a,c1,c3,1780,e11,?,
1769471546.989102,RECEIVED,3a4ba59e-fffe-4034-8daa-b7d790720f66,66a82781-48ec-4a26-93f4-82117574a968,c2,DROP,442,x3,?,
1769471547.0814364,RECEIVED,e525c87d-8b7c-4854-afee-c0d6b3cfb28a,41599bdc-e0a6-4563-878d-ce5f677d4505,c4,None,1600,e1,?,
1769471547.2867677,RECEIVED,5b74b86b-86d5-401a-b8fc-65df5cb056c5,3042a31f-acbc-48bd-ba20-03b3e38b790b,c2,DROP,1008,e8,?,
1769471547.2943878,SENT,c5df8704-4538-4fab-8185-8457e054b86d,afea496a-99f5-4eaf-b3cf-06830792432b,c3,c1,1253,?,x12,
1769471547.2944264,FORWARDED,c5df8704-4538-4fab-8185-8457e054b86d,afea496a-99f5-4eaf-b3cf-06830792432b,c3,c1,1253,?,x12,
1769471547.3116558,RECEIVED,ce7b56e4-cea6-4c73-bfce-86e472d1b479,4ed4bee9-ad15-455d-95bc-c7220961db6d,c1,DROP,1017,e6,?,
1769471547.3963635,SENT,ce7b56e4-cea6-4c73-bfce-86e472d1b479,4ed4bee9-ad15-455d-95bc-c7220961db6d,c1,DROP,688,?,x7,
1769471547.3964064,FORWARDED,ce7b56e4-cea6-4c73-bfce-86e472d1b479,4ed4bee9-ad15-455d-95bc-c7220961db6d,c1,DROP,688,?,x7,
1769471547.4242144,RECEIVED,02a8dd6a-99e1-4ec8-88f8-a9e38f61650b,bd615af3-0507-441c-9c0e-b54cdbcd21be,c3,DROP,1007,e5,?,
1769471547.5174797,SENT,e525c87d-8b7c-4854-afee-c0d6b3cfb28a,41599bdc-e0a6-4563-878d-ce5f677d4505,c4,None,1127,?,x6,
1769471547.517523,FORWARDED,e525c87d-8b7c-4854-afee-c0d6b3cfb28a,41599bdc-e0a6-4563-878d-ce5f677d4505,c4,None,1127,?,x6,
1769471547.546008,SENT,0ff193ce-dd91-45c0-9e87-3d266fe8d399,82bc7d87-4469-4b49-b042-ada473adb76a,c1,c3,1263,?,x10,
1769471547.5460572,FORWARDED,0ff193ce-dd91-45c0-9e87-3d266fe8d399,82bc7d87-4469-4b49-b042-ada473adb76a,c1,c3,1263,?,x10,
1769471547.5625308,SENT,02a8dd6a-99e1-4ec8-88f8-a9e38f61650b,bd615af3-0507-441c-9c0e-b54cdbcd21be,c3,DROP,684,?,x2,
1769471547.5625696,FORWARDED,02a8dd6a-99e1-4ec8-88f8-a9e38f61650b,bd615af3-0507-441c-9c0e-b54cdbcd21be,c3,DROP,684,?,x2,
1769471547.641171,RECEIVED,418a06da-e4f1-4cf7-94f3-a4180836f655,482e4733-55a7-4f14-b2d1-a0ce5391aa55,c2,c4,1771,e1,?,
1769471547.6880612,RECEIVED,84f2ab89-c2e7-419b-a7aa-97dfa222310e,19463fde-85a4-4e83-bff7-516e63cb7c5c,c4,DROP,1007,e2,?,
1769471547.6960938,RECEIVED,f3245a94-658c-4df5-bc2f-6ff0cc096894,0f99ea31-3a31-4335-94cd-d213c22b8141,c1,DROP,1008,e11,?,
1769471547.7308052,SENT,5b74b86b-86d5-401a-b8fc-65df5cb056c5,3042a31f-acbc-48bd-ba20-03b3e38b790b,c2,DROP,684,?,x11,
1769471547.7308428,FORWARDED,5b74b86b-86d5-401a-b8fc-65df5cb056c5,3042a31f-acbc-48bd-ba20-03b3e38b790b,c2,DROP,684,?,x11,
1769471547.859366,RECEIVED,d41acca3-079c-46e4-bb70-3b1c8820e313,61e6388d-da95-4f38-8837-edac7a4359ee,c2,DROP,1016,e3,?,
1769471547.8934371,SENT,f3245a94-658c-4df5-bc2f-6ff0cc096894,0f99ea31-3a31-4335-94cd-d213c22b8141,c1,DROP,684,?,x5,
1769471547.893481,FORWARDED,f3245a94-658c-4df5-bc2f-6ff0cc096894,0f99ea31-3a31-4335-94cd-d213c22b8141,c1,DROP,684,?,x5,
1769471547.9986403,SENT,d41acca3-079c-46e4-bb70-3b1c8820e313,61e6388d-da95-4f38-8837-edac7a4359ee,c2,DROP,688,?,x7,
1769471547.99869,FORWARDED,d41acca3-079c-46e4-bb70-3b1c8820e313,61e6388d-da95-4f38-8837-edac7a4359ee,c2,DROP,688,?,x7,
1769471548.0257287,RECEIVED,795a42ee-c719-40b9-8427-5967fbef97d4,314a220c-ef4c-49d3-a674-2676479c80aa,c5,DROP,1012,e8,?,
1769471548.104094,SENT,795a42ee-c719-40b9-8427-5967fbef97d4,314a220c-ef4c-49d3-a674-2676479c80aa,c5,DROP,687,?,x3,
1769471548.104129,FORWARDED,795a42ee-c719-40b9-8427-5967fbef97d4,314a220c-ef4c-49d3-a674-2676479c80aa,c5,DROP,687,?,x3,
1769471548.3877032,SENT,418a06da-e4f1-4cf7-94f3-a4180836f655,482e4733-55a7-4f14-b2d1-a0ce5391aa55,c2,c4,1255,?,x4,
1769471548.3877432,FORWARDED,418a06da-e4f1-4cf7-94f3-a4180836f655,482e4733-55a7-4f14-b2d1-a0ce5391aa55,c2,c4,1255,?,x4,
1769471548.4233456,RECEIVED,99c292d1-d9bd-458d-899b-01102322fd74,4671845b-6d8f-461d-9187-99a129ce4882,c1,None,1596,e6,?,
1769471548.4335213,SENT,d62ac870-b099-4227-b5d0-185d7e834ff2,ba3aabb2-1053-47da-96ef-7446e633220a,c4,None,1133,?,x3,
1769471548.433564,FORWARDED,d62ac870-b099-4227-b5d0-185d7e834ff2,ba3aabb2-1053-47da-96ef-7446e633220a,c4,None,1133,?,x3,
1769471548.5058057,SENT,84f2ab89-c2e7-419b-a7aa-97dfa222310e,19463fde-85a4-4e83-bff7-516e63cb7c5c,c4,DROP,684,?,x1,
1769471548.505855,FORWARDED,84f2ab89-c2e7-419b-a7aa-97dfa222310e,19463fde-85a4-4e83-bff7-516e63cb7c5c,c4,DROP,684,?,x1,
1769471548.5316997,RECEIVED,d3fb44f0-acd4-48bf-8429-0335148e6293,25857959-d57c-45da-8b66-8706ba30bab6,c1,DROP,1016,e8,?,
1769471548.6084182,SENT,d3fb44f0-acd4-48bf-8429-0335148e6293,25857959-d57c-45da-8b66-8706ba30bab6,c1,DROP,688,?,x1,
1769471548.6089664,FORWARDED,d3fb44f0-acd4-48bf-8429-0335148e6293,25857959-d57c-45da-8b66-8706ba30bab6,c1,DROP,688,?,x1,
1769471548.621053,RECEIVED,8f0b4471-ceda-4eb0-b14c-f3c6426ccdbd,03d17a27-3c89-4f3f-aff5-4ae6a7a9774c,c3,DROP,1016,e10,?,
1769471548.6616235,RECEIVED,0c024610-364a-4949-b874-f1fe9d597412,dbc9d1c5-b8a0-4fa4-88f2-7f03d77735a5,c1,DROP,441,x4,?,
1769471548.8621073,SENT,8f0b4471-ceda-4eb0-b14c-f3c6426ccdbd,03d17a27-3c89-4f3f-aff5-4ae6a7a9774c,c3,DROP,688,?,x4,
1769471548.8621492,FORWARDED,8f0b4471-ceda-4eb0-b14c-f3c6426ccdbd,03d17a27-3c89-4f3f-aff5-4ae6a7a9774c,c3,DROP,688,?,x4,
1769471548.9169586,RECEIVED,bec8aebc-d428-4a3e-8826-ef8171a82ab8,1e42872b-1763-4ebe-8b21-d0c8eec92b53,c1,None,1604,e3,?,
1769471548.9458485,RECEIVED,87e51f8f-649a-4dd0-9077-52fb3b80dd9f,4b699527-5da9-42ee-9338-0cb4b6de3832,c5,DROP,1008,e11,?,
1769471549.0990717,SENT,99c292d1-d9bd-458d-899b-01102322fd74,4671845b-6d8f-461d-9187-99a129ce4882,c1,None,1123,?,x10,
1769471549.099114,FORWARDED,99c292d1-d9bd-458d-899b-01102322fd74,4671845b-6d8f-461d-9187-99a129ce4882,c1,None,1123,?,x10,
1769471549.1126425,RECEIVED,5b189ed7-e284-4557-8d88-8c553f3a095e,7e0cb3e8-1f62-4260-acb7-af71b57e3b21,c3,None,1598,e1,?,
1769471549.2586474,RECEIVED,4c7a7e8f-59f7-468d-ad31-740ebc49c0a1,204333b6-c901-48d8-96a1-caf43dc48ddc,c1,DROP,1013,e4,?,
1769471549.3501039,SENT,4c7a7e8f-59f7-468d-ad31-740ebc49c0a1,204333b6-c901-48d8-96a1-caf43dc48ddc,c1,DROP,687,?,x3,
1769471549.3501508,FORWARDED,4c7a7e8f-59f7-468d-ad31-740ebc49c0a1,204333b6-c901-48d8-96a1-caf43dc48ddc,c1,DROP,687,?,x3,
1769471549.3531556,SENT,87e51f8f-649a-4dd0-9077-52fb3b80dd9f,4b699527-5da9-42ee-9338-0cb4b6de3832,c5,DROP,683,?,x1,
1769471549.353198,FORWARDED,87e51f8f-649a-4dd0-9077-52fb3b80dd9f,4b699527-5da9-42ee-9338-0cb4b6de3832,c5,DROP,683,?,x1,
1769471549.3731754,RECEIVED,1ebad877-8386-4771-a7be-ae067e31791c,d32118ae-1860-4648-b0ca-374c8d5d633f,c1,DROP,1003,e11,?,
1769471549.5840304,RECEIVED,44e342db-6b04-4914-b49b-f0a8017f27a3,d87e607f-7a9d-453c-a4a1-01bacdc99c07,c3,c1,1776,e4,?,
1769471549.6084764,RECEIVED,490a5235-1567-452c-b87e-0569817ac917,89044012-6d4b-4134-bb24-991660a01847,c2,DROP,1009,e2,?,
1769471549.67434,SENT,bec8aebc-d428-4a3e-8826-ef8171a82ab8,1e42872b-1763-4ebe-8b21-d0c8eec92b53,c1,None,1131,?,x12,
1769471549.674381,FORWARDED,bec8aebc-d428-4a3e-8826-ef8171a82ab8,1e42872b-1763-4ebe-8b21-d0c8eec92b53,c1,None,1131,?,x12,
1769471549.8410027,RECEIVED,8d2bb0f6-f479-4f08-bad2-8a2bec1c77cb,f35c5b56-0b53-4f4e-8e11-87d2c48652da,c1,None,1608,e11,?,
1769471549.88821,SENT,490a5235-1567-452c-b87e-0569817ac917,89044012-6d4b-4134-bb24-991660a01847,c2,DROP,683,?,x12,
1769471549.888252,FORWARDED,490a5235-1567-452c-b87e-0569817ac917,89044012-6d4b-4134-bb24-991660a01847,c2,DROP,683,?,x12,
1769471549.9295387,SENT,44e342db-6b04-4914-b49b-f0a8017f27a3,d87e607f-7a9d-453c-a4a1-01bacdc99c07,c3,c1,1260,?,x12,
1769471549.9295764,FORWARDED,44e342db-6b04-4914-b49b-f0a8017f27a3,d87e607f-7a9d-453c-a4a1-01bacdc99c07,c3,c1,1260,?,x12,
1769471550.1107972,SENT,1ebad877-8386-4771-a7be-ae067e31791c,d32118ae-1860-4648-b0ca-374c8d5d633f,c1,DROP,680,?,x7,
1769471550.110838,FORWARDED,1ebad877-8386-4771-a7be-ae067e31791c,d32118ae-1860-4648-b0ca-374c8d5d633f,c1,DROP,680,?,x7,
1769471550.1258872,RECEIVED,6b40d8c6-ba9c-4ff8-b0b5-0cd20be7fd1f,67e2d3d9-1627-443c-98fa-caf700403f4a,c3,DROP,1006,e7,?,
1769471550.1363688,RECEIVED,2525b4ea-192b-4d17-9739-085eb5e5fc27,fd8d8fd9-3e9d-43f1-a51d-952e18f50d9d,c2,DROP,1012,e10,?,
1769471550.2569425,SENT,8d2bb0f6-f479-4f08-bad2-8a2bec1c77cb,f35c5b56-0b53-4f4e-8e11-87d2c48652da,c1,None,1132,?,x5,
1769471550.2569861,FORWARDED,8d2bb0f6-f479-4f08-bad2-8a2bec1c77cb,f35c5b56-0b53-4f4e-8e11-87d2c48652da,c1,None,1132,?,x5,
1769471550.263784,RECEIVED,1201df3f-3162-41d8-8a6b-ccf9697ba76e,f62d4e76-b41d-4d90-9f84-b656e679445a,c5,DROP,1016,e3,?,
1769471550.3010976,RECEIVED,9454c4fa-1ffe-49de-905b-2f92d0b577b9,9760dd05-0474-455d-b256-7de08dba145f,c5,DROP,1021,e8,?,
1769471550.3597393,SENT,1201df3f-3162-41d8-8a6b-ccf9697ba76e,f62d4e76-b41d-4d90-9f84-b656e679445a,c5,DROP,688,?,x6,
1769471550.3597806,FORWARDED,1201df3f-3162-41d8-8a6b-ccf9697ba76e,f62d4e76-b41d-4d90-9f84-b656e679445a,c5,DROP,688,?,x6,
1769471550.376508,SENT,9454c4fa-1ffe-49de-905b-2f92d0b577b9,9760dd05-0474-455d-b256-7de08dba145f,c5,DROP,692,?,x10,
1769471550.3765512,FORWARDED,9454c4fa-1ffe-49de-905b-2f92d0b577b9,9760dd05-0474-455d-b256-7de08dba145f,c5,DROP,692,?,x10,
1769471550.3912966,RECEIVED,2161df14-3629-4c6f-b21d-7fc5eeeba65d,f2a2975a-4831-4bd6-b1bb-4ed1a50376e1,c1,None,1600,e10,?,
1769471550.4157057,RECEIVED,39fbfd6f-aa13-4412-b9fc-6d53dd66f349,5e226c95-548a-4ba0-b69e-e55a790cf64c,c1,c3,1776,e2,?,
1769471550.4984856,SENT,2525b4ea-192b-4d17-9739-085eb5e5fc27,fd8d8fd9-3e9d-43f1-a51d-952e18f50d9d,c2,DROP,685,?,x4,
1769471550.4988093,FORWARDED,2525b4ea-192b-4d17-9739-085eb5e5fc27,fd8d8fd9-3e9d-43f1-a51d-952e18f50d9d,c2,DROP,685,?,x4,
1769471550.4985766,RECEIVED,9860e44d-c976-4ca9-9e96-0eb02e048174,a99e46c3-ef25-401b-885c-23946e0e7fdc,c1,DROP,1011,e4,?,
1769471550.6548023,RECEIVED,445cc8d6-91a1-4e30-90a1-e8931a203629,a7daf6de-4416-493e-b20e-b81bf3d2d02b,c3,DROP,1008,e7,?,
1769471550.6672072,RECEIVED,dc464378-3dbf-4de1-962f-c3dfcc5d3e17,9c40bb8d-35fa-4f0c-9c27-e1933b192eaf,c3,DROP,1019,e12,?,
1769471550.7151387,SENT,6b40d8c6-ba9c-4ff8-b0b5-0cd20be7fd1f,67e2d3d9-1627-443c-98fa-caf700403f4a,c3,DROP,684,?,x6,
1769471550.7151794,FORWARDED,6b40d8c6-ba9c-4ff8-b0b5-0cd20be7fd1f,67e2d3d9-1627-443c-98fa-caf700403f4a,c3,DROP,684,?,x6,
1769471550.726716,SENT,2161df14-3629-4c6f-b21d-7fc5eeeba65d,f2a2975a-4831-4bd6-b1bb-4ed1a50376e1,c1,None,1128,?,x6,
1769471550.7267587,FORWARDED,2161df14-3629-4c6f-b21d-7fc5eeeba65d,f2a2975a-4831-4bd6-b1bb-4ed1a50376e1,c1,None,1128,?,x6,
1769471550.8611083,SENT,39fbfd6f-aa13-4412-b9fc-6d53dd66f349,5e226c95-548a-4ba0-b69e-e55a790cf64c,c1,c3,1259,?,x8,
1769471550.8611503,FORWARDED,39fbfd6f-aa13-4412-b9fc-6d53dd66f349,5e226c95-548a-4ba0-b69e-e55a790cf64c,c1,c3,1259,?,x8,
1769471550.9471104,RECEIVED,6c0a4bcf-ad59-4975-ab10-f562d216a0a6,961fb803-66f5-487b-9f8a-670b007025b3,c3,None,1603,e1,?,
1769471551.0101666,SENT,445cc8d6-91a1-4e30-90a1-e8931a203629,a7daf6de-4416-493e-b20e-b81bf3d2d02b,c3,DROP,684,?,x10,
1769471551.010208,FORWARDED,445cc8d6-91a1-4e30-90a1-e8931a203629,a7daf6de-4416-493e-b20e-b81bf3d2d02b,c3,DROP,684,?,x10,
1769471551.1086283,RECEIVED,bd800e19-6f88-48de-86e0-c2609117d7e5,afc0c97e-5356-43de-abec-a8b62f8faa06,c1,DROP,1007,e9,?,
1769471551.142367,RECEIVED,72357aec-3076-47d0-967c-706bdeb8aa9a,9400cdf1-7812-478f-8a14-470946022ee0,c1,DROP,1008,e7,?,
1769471551.1727872,RECEIVED,9df2e3ec-4fa1-4fdc-bd14-508020b3ecd3,479c2474-824e-4855-9bca-51ee82b441c9,c1,DROP,1013,e4,?,
1769471551.1929352,SENT,9860e44d-c976-4ca9-9e96-0eb02e048174,a99e46c3-ef25-401b-885c-23946e0e7fdc,c1,DROP,687,?,x6,
1769471551.1929688,FORWARDED,9860e44d-c976-4ca9-9e96-0eb02e048174,a99e46c3-ef25-401b-885c-23946e0e7fdc,c1,DROP,687,?,x6,
1769471551.206024,SENT,9df2e3ec-4fa1-4fdc-bd14-508020b3ecd3,479c2474-824e-4855-9bca-51ee82b441c9,c1,DROP,687,?,x8,
1769471551.2060835,FORWARDED,9df2e3ec-4fa1-4fdc-bd14-508020b3ecd3,479c2474-824e-4855-9bca-51ee82b441c9,c1,DROP,687,?,x8,
1769471551.22368,SENT,dc464378-3dbf-4de1-962f-c3dfcc5d3e17,9c40bb8d-35fa-4f0c-9c27-e1933b192eaf,c3,DROP,692,?,x3,
1769471551.223722,FORWARDED,dc464378-3dbf-4de1-962f-c3dfcc5d3e17,9c40bb8d-35fa-4f0c-9c27-e1933b192eaf,c3,DROP,692,?,x3,
1769471551.300027,RECEIVED,80082b0f-cdaf-493a-af26-b4432a33119f,c587721b-488b-434e-bedf-8cc4f53554a6,c4,None,1603,e7,?,
1769471551.3735092,SENT,72357aec-3076-47d0-967c-706bdeb8aa9a,9400cdf1-7812-478f-8a14-470946022ee0,c1,DROP,684,?,x3,
1769471551.373552,FORWARDED,72357aec-3076-47d0-967c-706bdeb8aa9a,9400cdf1-7812-478f-8a14-470946022ee0,c1,DROP,684,?,x3,
1769471551.5170069,RECEIVED,9899e721-9cde-41c1-a8d5-9483708f2bf9,3d257f0d-2754-45ca-8be1-e2d7279466af,c5,DROP,1015,e4,?,
1769471551.5286052,RECEIVED,692932e4-9579-4263-a6cc-2c0d8e535d91,c5e1083e-01a8-4b12-9bbf-2305c0b9bd07,c1,DROP,1008,e6,?,
1769471551.5835822,SENT,692932e4-9579-4263-a6cc-2c0d8e535d91,c5e1083e-01a8-4b12-9bbf-2305c0b9bd07,c1,DROP,684,?,x7,
1769471551.5836236,FORWARDED,692932e4-9579-4263-a6cc-2c0d8e535d91,c5e1083e-01a8-4b12-9bbf-2305c0b9bd07,c1,DROP,684,?,x7,
1769471551.6440232,SENT,6c0a4bcf-ad59-4975-ab10-f562d216a0a6,961fb803-66f5-487b-9f8a-670b007025b3,c3,None,1129,?,x6,
1769471551.6440809,FORWARDED,6c0a4bcf-ad59-4975-ab10-f562d216a0a6,961fb803-66f5-487b-9f8a-670b007025b3,c3,None,1129,?,x6,
1769471551.749295,RECEIVED,0552d549-d9c9-4459-8dc6-ad7dd771bde8,27b52445-780d-4cd5-a71e-c1c64ef425d0,c4,DROP,1004,e6,?,
1769471551.7763116,RECEIVED,ce74bead-1ce8-4059-9124-3db82f9f4609,84944f56-875b-4016-a053-3fae84fe74b7,c2,DROP,442,x1,?,
1769471551.848243,SENT,0552d549-d9c9-4459-8dc6-ad7dd771bde8,27b52445-780d-4cd5-a71e-c1c64ef425d0,c4,DROP,679,?,x3,
1769471551.8482804,FORWARDED,0552d549-d9c9-4459-8dc6-ad7dd771bde8,27b52445-780d-4cd5-a71e-c1c64ef425d0,c4,DROP,679,?,x3,
1769471551.852611,RECEIVED,70ef3f96-0405-4be6-9909-7f248c1eac86,5eca7f7a-a654-45e5-ae0b-4bdda5421f2a,c4,DROP,1020,e12,?,
1769471551.867733,SENT,80082b0f-cdaf-493a-af26-b4432a33119f,c587721b-488b-434e-bedf-8cc4f53554a6,c4,None,1131,?,x4,
1769471551.8677988,FORWARDED,80082b0f-cdaf-493a-af26-b4432a33119f,c587721b-488b-434e-bedf-8cc4f53554a6,c4,None,1131,?,x4,
1769471551.8921943,SENT,9899e721-9cde-41c1-a8d5-9483708f2bf9,3d257f0d-2754-45ca-8be1-e2d7279466af,c5,DROP,688,?,x1,
1769471551.8922336,FORWARDED,9899e721-9cde-41c1-a8d5-9483708f2bf9,3d257f0d-2754-45ca-8be1-e2d7279466af,c5,DROP,688,?,x1,
1769471552.0557415,SENT,70ef3f96-0405-4be6-9909-7f248c1eac86,5eca7f7a-a654-45e5-ae0b-4bdda5421f2a,c4,DROP,691,?,x10,
1769471552.0557814,FORWARDED,70ef3f96-0405-4be6-9909-7f248c1eac86,5eca7f7a-a654-45e5-ae0b-4bdda5421f2a,c4,DROP,691,?,x10,
1769471552.1157153,SENT,bd800e19-6f88-48de-86e0-c2609117d7e5,afc0c97e-5356-43de-abec-a8b62f8faa06,c1,DROP,683,?,x12,
1769471552.1157563,FORWARDED,bd800e19-6f88-48de-86e0-c2609117d7e5,afc0c97e-5356-43de-abec-a8b62f8faa06,c1,DROP,683,?,x12,
1769471552.7080135,RECEIVED,795580a7-11e2-4122-863a-5586a5a3e903,e4e0f37a-4e08-4bd8-be84-1d457586c139,c4,DROP,1008,e5,?,
1769471552.7924376,SENT,5b189ed7-e284-4557-8d88-8c553f3a095e,7e0cb3e8-1f62-4260-acb7-af71b57e3b21,c3,None,1127,?,x4,
1769471552.7924788,FORWARDED,5b189ed7-e284-4557-8d88-8c553f3a095e,7e0cb3e8-1f62-4260-acb7-af71b57e3b21,c3,None,1127,?,x4,
1769471552.7958355,RECEIVED,18abc503-7d1c-4f25-b1d9-80f77cab71d2,098a0f26-0b7c-41ec-9005-654d8f55a052,c4,DROP,1010,e8,?,
1769471552.8693151,RECEIVED,57b4b8e9-6bce-4ddd-a7fe-8f7f4578d04b,cc3b851b-bef4-4a9b-b75e-410b35f3f8f6,c1,DROP,1015,e2,?,
1769471552.8943467,SENT,18abc503-7d1c-4f25-b1d9-80f77cab71d2,098a0f26-0b7c-41ec-9005-654d8f55a052,c4,DROP,683,?,x10,
1769471552.894385,FORWARDED,18abc503-7d1c-4f25-b1d9-80f77cab71d2,098a0f26-0b7c-41ec-9005-654d8f55a052,c4,DROP,683,?,x10,
1769471552.9960942,RECEIVED,24ddf174-8b81-49c5-9e7d-fd3b7cac40ff,6039da67-108a-4196-8496-29013b8e921a,c1,DROP,1022,e10,?,
1769471553.0976486,SENT,24ddf174-8b81-49c5-9e7d-fd3b7cac40ff,6039da67-108a-4196-8496-29013b8e921a,c1,DROP,692,?,x7,
1769471553.0976923,FORWARDED,24ddf174-8b81-49c5-9e7d-fd3b7cac40ff,6039da67-108a-4196-8496-29013b8e921a,c1,DROP,692,?,x7,
1769471553.1146317,RECEIVED,1fb7e918-4230-4ac7-b389-654fd3f720e6,807f9ae6-c772-4c0d-ac5c-104d45ccce97,c2,c4,1785,e7,?,
1769471553.2182498,RECEIVED,3dc0fe70-b15a-470e-a4f5-476e89942c5a,dfc0605e-f44a-4183-8e39-632cf84b0ee9,c3,c1,1777,e11,?,
1769471553.2987196,SENT,3dc0fe70-b15a-470e-a4f5-476e89942c5a,dfc0605e-f44a-4183-8e39-632cf84b0ee9,c3,c1,1259,?,x4,
1769471553.2987578,FORWARDED,3dc0fe70-b15a-470e-a4f5-476e89942c5a,dfc0605e-f44a-4183-8e39-632cf84b0ee9,c3,c1,1259,?,x4,
1769471553.305113,SENT,57b4b8e9-6bce-4ddd-a7fe-8f7f4578d04b,cc3b851b-bef4-4a9b-b75e-410b35f3f8f6,c1,DROP,689,?,x3,
1769471553.305158,FORWARDED,57b4b8e9-6bce-4ddd-a7fe-8f7f4578d04b,cc3b851b-bef4-4a9b-b75e-410b35f3f8f6,c1,DROP,689,?,x3,
1769471553.3695211,SENT,795580a7-11e2-4122-863a-5586a5a3e903,e4e0f37a-4e08-4bd8-be84-1d457586c139,c4,DROP,682,?,x12,
1769471553.3695633,FORWARDED,795580a7-11e2-4122-863a-5586a5a3e903,e4e0f37a-4e08-4bd8-be84-1d457586c139,c4,DROP,682,?,x12,
1769471553.3892887,RECEIVED,920ab24e-00aa-4b41-bc80-f155365d84af,f5cbaf89-c726-4382-933d-d22ac4513beb,c3,None,1595,e2,?,
1769471553.506939,RECEIVED,6d111153-81e0-445c-a5ac-40f5a6ee58ff,1d263cb2-d305-4bab-af64-a7db7de62583,c1,DROP,1008,e3,?,
1769471553.6053975,RECEIVED,cd36e254-cf95-4e11-a516-53bd7f81ebfb,72f59f28-0e70-45f4-9938-a07f2fdbcfa6,c3,None,1600,e1,?,
1769471553.6140285,SENT,1fb7e918-4230-4ac7-b389-654fd3f720e6,807f9ae6-c772-4c0d-ac5c-104d45ccce97,c2,c4,1264,?,x10,
1769471553.6140816,FORWARDED,1fb7e918-4230-4ac7-b389-654fd3f720e6,807f9ae6-c772-4c0d-ac5c-104d45ccce97,c2,c4,1264,?,x10,
1769471553.7762394,SENT,920ab24e-00aa-4b41-bc80-f155365d84af,f5cbaf89-c726-4382-933d-d22ac4513beb,c3,None,1123,?,x8,
1769471553.776285,FORWARDED,920ab24e-00aa-4b41-bc80-f155365d84af,f5cbaf89-c726-4382-933d-d22ac4513beb,c3,None,1123,?,x8,
1769471553.7965999,SENT,cd36e254-cf95-4e11-a516-53bd7f81ebfb,72f59f28-0e70-45f4-9938-a07f2fdbcfa6,c3,None,1127,?,x8,
1769471553.7966423,FORWARDED,cd36e254-cf95-4e11-a516-53bd7f81ebfb,72f59f28-0e70-45f4-9938-a07f2fdbcfa6,c3,None,1127,?,x8,
1769471553.812696,RECEIVED,ec649312-0baf-4b41-839d-e8d56b522262,ba8cb8f5-7a51-46d3-a6d2-9b64dae620c7,c4,DROP,1007,e2,?,
1769471553.8626614,SENT,6d111153-81e0-445c-a5ac-40f5a6ee58ff,1d263cb2-d305-4bab-af64-a7db7de62583,c1,DROP,684,?,x6,
1769471553.8627014,FORWARDED,6d111153-81e0-445c-a5ac-40f5a6ee58ff,1d263cb2-d305-4bab-af64-a7db7de62583,c1,DROP,684,?,x6,
1769471554.1591911,RECEIVED,9f137bb3-834c-4a7b-83fc-20b9743244aa,51db0677-ddbd-488c-a49b-914cea2120ab,c4,DROP,1008,e7,?,
1769471554.2425973,SENT,9f137bb3-834c-4a7b-83fc-20b9743244aa,51db0677-ddbd-488c-a49b-914cea2120ab,c4,DROP,683,?,x10,
1769471554.2426383,FORWARDED,9f137bb3-834c-4a7b-83fc-20b9743244aa,51db0677-ddbd-488c-a49b-914cea2120ab,c4,DROP,683,?,x10,
1769471554.400001,RECEIVED,027101b4-1b94-44c0-8c2f-90a93e5e309c,22e57a78-b53f-401e-8428-f30d320e31be,c2,DROP,1007,e5,?,
1769471554.4075265,SENT,ec649312-0baf-4b41-839d-e8d56b522262,ba8cb8f5-7a51-46d3-a6d2-9b64dae620c7,c4,DROP,684,?,x7,
1769471554.407568,FORWARDED,ec649312-0baf-4b41-839d-e8d56b522262,ba8cb8f5-7a51-46d3-a6d2-9b64dae620c7,c4,DROP,684,?,x7,
1769471554.4148433,RECEIVED,2c3f179e-5997-47dd-bdbc-ee77ef700a8a,3accb50c-7d59-4130-8b94-28e2fa072c4f,c4,DROP,440,x10,?,
1769471554.4363654,RECEIVED,b8ffa599-acb3-4580-92c7-b7313cd3ac7b,c0e605b6-5ee0-47a9-9be8-1b08f8d7e764,c5,DROP,1008,e2,?,
1769471554.4914665,RECEIVED,3d721a7b-9550-44fe-9fd4-1d6b33554435,88df6e3d-58ee-44f6-8393-d04bbab7b832,c5,DROP,1007,e11,?,
1769471554.6468568,RECEIVED,d0aef667-b1b3-450a-be80-7f8c0a255bd5,135d158b-3246-4f47-b947-494cc14c12bc,c5,DROP,1008,e4,?,
1769471554.6951983,SENT,d0aef667-b1b3-450a-be80-7f8c0a255bd5,135d158b-3246-4f47-b947-494cc14c12bc,c5,DROP,683,?,x9,
1769471554.6952403,FORWARDED,d0aef667-b1b3-450a-be80-7f8c0a255bd5,135d158b-3246-4f47-b947-494cc14c12bc,c5,DROP,683,?,x9,
1769471554.6966152,SENT,b8ffa599-acb3-4580-92c7-b7313cd3ac7b,c0e605b6-5ee0-47a9-9be8-1b08f8d7e764,c5,DROP,683,?,x2,
1769471554.6966543,FORWARDED,b8ffa599-acb3-4580-92c7-b7313cd3ac7b,c0e605b6-5ee0-47a9-9be8-1b08f8d7e764,c5,DROP,683,?,x2,
1769471554.7756968,RECEIVED,79fa1c8d-5717-4e62-b6a8-4ed31a29895c,afe9f558-14db-4c49-97bb-faed3721fb22,c4,None,1608,e3,?,
1769471554.8261058,SENT,027101b4-1b94-44c0-8c2f-90a93e5e309c,22e57a78-b53f-401e-8428-f30d320e31be,c2,DROP,683,?,x8,
1769471554.8261495,FORWARDED,027101b4-1b94-44c0-8c2f-90a93e5e309c,22e57a78-b53f-401e-8428-f30d320e31be,c2,DROP,683,?,x8,
1769471554.8421786,SENT,79fa1c8d-5717-4e62-b6a8-4ed31a29895c,afe9f558-14db-4c49-97bb-faed3721fb22,c4,None,1132,?,x3,
1769471554.8422217,FORWARDED,79fa1c8d-5717-4e62-b6a8-4ed31a29895c,afe9f558-14db-4c49-97bb-faed3721fb22,c4,None,1132,?,x3,
1769471554.9122782,SENT,3d721a7b-9550-44fe-9fd4-1d6b33554435,88df6e3d-58ee-44f6-8393-d04bbab7b832,c5,DROP,683,?,x8,
1769471554.9123297,FORWARDED,3d721a7b-9550-44fe-9fd4-1d6b33554435,88df6e3d-58ee-44f6-8393-d04bbab7b832,c5,DROP,683,?,x8,
1769471555.0542784,RECEIVED,b1ed8ec8-cca0-46eb-a94a-f3e13188a3a8,108e5b79-525a-49b8-97c7-79eff4e5066d,c2,DROP,1008,e9,?,
1769471555.111437,RECEIVED,e83ed19b-4036-4541-abaf-26c81cc2a9f9,57004930-f14f-478a-9838-02de3954101f,c5,DROP,1007,e11,?,
1769471555.305686,SENT,b1ed8ec8-cca0-46eb-a94a-f3e13188a3a8,108e5b79-525a-49b8-97c7-79eff4e5066d,c2,DROP,683,?,x10,
1769471555.3057265,FORWARDED,b1ed8ec8-cca0-46eb-a94a-f3e13188a3a8,108e5b79-525a-49b8-97c7-79eff4e5066d,c2,DROP,683,?,x10,
1769471555.537817,RECEIVED,b2176042-08a4-4873-8303-15215bada3de,fb0adf0c-695a-441c-8625-44cc0614afab,c2,DROP,1007,e5,?,
1769471555.7676969,RECEIVED,1dbd8eba-9a85-4d71-b5d3-e21f5faa5fc2,77e6ad33-cba0-4785-856b-ee90fa0bce4c,c1,DROP,1016,e7,?,
1769471556.020163,SENT,b2176042-08a4-4873-8303-15215bada3de,fb0adf0c-695a-441c-8625-44cc0614afab,c2,DROP,683,?,x1,
1769471556.0202045,FORWARDED,b2176042-08a4-4873-8303-15215bada3de,fb0adf0c-695a-441c-8625-44cc0614afab,c2,DROP,683,?,x1,
1769471556.0283277,RECEIVED,d2c104ec-73d7-46f5-a5a0-e46ab79fc189,992d70b5-4c35-4a1c-9a38-a15a9bee8c06,c1,DROP,1015,e4,?,
1769471556.2316506,RECEIVED,4b06ebbb-e314-4d36-913c-2aaf28bad7a8,47c6676e-0719-4e92-b83e-3aec8bfdf371,c2,DROP,1008,e9,?,
1769471556.3063538,SENT,1dbd8eba-9a85-4d71-b5d3-e21f5faa5fc2,77e6ad33-cba0-4785-856b-ee90fa0bce4c,c1,DROP,689,?,x12,
1769471556.306487,FORWARDED,1dbd8eba-9a85-4d71-b5d3-e21f5faa5fc2,77e6ad33-cba0-4785-856b-ee90fa0bce4c,c1,DROP,689,?,x12,
1769471556.3439713,SENT,4b06ebbb-e314-4d36-913c-2aaf28bad7a8,47c6676e-0719-4e92-b83e-3aec8bfdf371,c2,DROP,683,?,x7,
1769471556.344014,FORWARDED,4b06ebbb-e314-4d36-913c-2aaf28bad7a8,47c6676e-0719-4e92-b83e-3aec8bfdf371,c2,DROP,683,?,x7,
1769471556.3484778,RECEIVED,f7770c0d-6c65-4f37-bbe9-0c946f63b077,6ffe7801-3110-49eb-be7f-ed208b2a49ab,c2,DROP,1007,e5,?,
1769471556.4572928,SENT,e83ed19b-4036-4541-abaf-26c81cc2a9f9,57004930-f14f-478a-9838-02de3954101f,c5,DROP,683,?,x8,
1769471556.4573336,FORWARDED,e83ed19b-4036-4541-abaf-26c81cc2a9f9,57004930-f14f-478a-9838-02de3954101f,c5,DROP,683,?,x8,
1769471556.5106187,RECEIVED,2e90fd80-a4f9-43ce-8bf3-98fc51adb9bf,1e6c1b3b-f8c5-492c-9d47-7e49576055e3,c4,c3,1783,e12,?,
1769471556.7061095,RECEIVED,3162513a-fdec-404d-a272-dfcb5cfd3ed0,8d0d824a-ca5a-4ad5-a53e-47cb47d01094,c5,c1,1780,e10,?,
1769471556.7108452,SENT,d2c104ec-73d7-46f5-a5a0-e46ab79fc189,992d70b5-4c35-4a1c-9a38-a15a9bee8c06,c1,DROP,688,?,x4,
1769471556.7108843,FORWARDED,d2c104ec-73d7-46f5-a5a0-e46ab79fc189,992d70b5-4c35-4a1c-9a38-a15a9bee8c06,c1,DROP,688,?,x4,
1769471556.956779,SENT,f7770c0d-6c65-4f37-bbe9-0c946f63b077,6ffe7801-3110-49eb-be7f-ed208b2a49ab,c2,DROP,683,?,x7,
1769471556.956821,FORWARDED,f7770c0d-6c65-4f37-bbe9-0c946f63b077,6ffe7801-3110-49eb-be7f-ed208b2a49ab,c2,DROP,683,?,x7,
1769471556.9980593,RECEIVED,6959dac6-2cfd-4fc7-ad93-aef326104e63,03a30cab-838b-432f-9162-899cdce487b9,c2,DROP,442,x7,?,
1769471557.1031632,RECEIVED,bcae0ddd-2e96-457c-a81a-1e84a6b9a6d9,e822f3cb-db0b-4a2f-a765-e6c868c70a6b,c1,DROP,442,x5,?,
1769471557.2773528,RECEIVED,2c10e5ba-f928-4203-83a6-e538085c2f75,98d14f57-c3e3-4f66-a339-8874868162c6,c1,DROP,1008,e5,?,
1769471557.3460898,RECEIVED,4e6c5933-9a4a-408c-bab5-df9e64d1b1e2,28b692c6-dd8f-4c87-bf7b-478b071e0783,c3,DROP,1015,e4,?,
1769471557.5730667,RECEIVED,dee4fc39-9ccb-4de9-b0a6-1a2fbee929e5,bf1b97f2-16ab-4fa2-88b6-65de1fd974d5,c4,DROP,1008,e4,?,
1769471557.6518385,SENT,dee4fc39-9ccb-4de9-b0a6-1a2fbee929e5,bf1b97f2-16ab-4fa2-88b6-65de1fd974d5,c4,DROP,684,?,x2,
1769471557.6518724,FORWARDED,dee4fc39-9ccb-4de9-b0a6-1a2fbee929e5,bf1b97f2-16ab-4fa2-88b6-65de1fd974d5,c4,DROP,684,?,x2,
1769471557.656416,SENT,3162513a-fdec-404d-a272-dfcb5cfd3ed0,8d0d824a-ca5a-4ad5-a53e-47cb47d01094,c5,c1,1263,?,x11,
1769471557.6564558,FORWARDED,3162513a-fdec-404d-a272-dfcb5cfd3ed0,8d0d824a-ca5a-4ad5-a53e-47cb47d01094,c5,c1,1263,?,x11,
1769471557.9097013,RECEIVED,ee66be0d-f02d-4152-a259-ab005973880e,57f12c21-d241-4aa3-8980-199038feb600,c2,c4,1776,e9,?,
1769471558.0422988,RECEIVED,c620ecc8-d12d-4e6b-8c4f-3d2abc575353,e90d280d-1bca-4cc1-ab37-b905ac3cc53f,c1,c3,1771,e9,?,
1769471558.051263,SENT,4e6c5933-9a4a-408c-bab5-df9e64d1b1e2,28b692c6-dd8f-4c87-bf7b-478b071e0783,c3,DROP,688,?,x5,
1769471558.051304,FORWARDED,4e6c5933-9a4a-408c-bab5-df9e64d1b1e2,28b692c6-dd8f-4c87-bf7b-478b071e0783,c3,DROP,688,?,x5,
1769471558.116617,RECEIVED,f072cd42-5128-41b4-975f-20e75ca0401e,f5c351ff-ffcf-4df7-b300-334c8bc28a5d,c2,DROP,1016,e9,?,
1769471558.2306266,RECEIVED,8512562f-ec39-44fc-84cc-6c13c9607d88,a6565a8b-a5f6-42f7-801f-fb04d3149b79,c5,DROP,1008,e12,?,
1769471558.2395906,RECEIVED,deae1e5c-9bde-474d-987d-57139917235c,8d5f66ca-896a-4ead-91fb-34c1324c4e9c,c2,DROP,1012,e5,?,
1769471558.265707,SENT,deae1e5c-9bde-474d-987d-57139917235c,8d5f66ca-896a-4ead-91fb-34c1324c4e9c,c2,DROP,686,?,x6,
1769471558.2657468,FORWARDED,deae1e5c-9bde-474d-987d-57139917235c,8d5f66ca-896a-4ead-91fb-34c1324c4e9c,c2,DROP,686,?,x6,
1769471558.2806838,SENT,ee66be0d-f02d-4152-a259-ab005973880e,57f12c21-d241-4aa3-8980-199038feb600,c2,c4,1259,?,x3,
1769471558.2807274,FORWARDED,ee66be0d-f02d-4152-a259-ab005973880e,57f12c21-d241-4aa3-8980-199038feb600,c2,c4,1259,?,x3,
1769471558.2931616,SENT,2e90fd80-a4f9-43ce-8bf3-98fc51adb9bf,1e6c1b3b-f8c5-492c-9d47-7e49576055e3,c4,c3,1264,?,x1,
1769471558.293198,FORWARDED,2e90fd80-a4f9-43ce-8bf3-98fc51adb9bf,1e6c1b3b-f8c5-492c-9d47-7e49576055e3,c4,c3,1264,?,x1,
1769471558.3505704,SENT,f072cd42-5128-41b4-975f-20e75ca0401e,f5c351ff-ffcf-4df7-b300-334c8bc28a5d,c2,DROP,689,?,x8,
1769471558.3506124,FORWARDED,f072cd42-5128-41b4-975f-20e75ca0401e,f5c351ff-ffcf-4df7-b300-334c8bc28a5d,c2,DROP,689,?,x8,
1769471558.3570237,RECEIVED,40f72afb-ebe6-46f3-9616-6bcdb48eb925,6af18e54-26ee-4844-8f1f-795d391c7148,c4,DROP,1012,e12,?,
1769471558.385372,RECEIVED,371e7a1d-12d1-4391-8194-0f99c179065f,f13daa72-3c0b-444d-914a-b29b00aed721,c5,DROP,1008,e6,?,
1769471558.3877409,SENT,8512562f-ec39-44fc-84cc-6c13c9607d88,a6565a8b-a5f6-42f7-801f-fb04d3149b79,c5,DROP,682,?,x8,
1769471558.3877823,FORWARDED,8512562f-ec39-44fc-84cc-6c13c9607d88,a6565a8b-a5f6-42f7-801f-fb04d3149b79,c5,DROP,682,?,x8,
1769471558.4374154,SENT,40f72afb-ebe6-46f3-9616-6bcdb48eb925,6af18e54-26ee-4844-8f1f-795d391c7148,c4,DROP,687,?,x9,
1769471558.4374557,FORWARDED,40f72afb-ebe6-46f3-9616-6bcdb48eb925,6af18e54-26ee-4844-8f1f-795d391c7148,c4,DROP,687,?,x9,
1769471558.5036926,SENT,2c10e5ba-f928-4203-83a6-e538085c2f75,98d14f57-c3e3-4f66-a339-8874868162c6,c1,DROP,682,?,x10,
1769471558.503733,FORWARDED,2c10e5ba-f928-4203-83a6-e538085c2f75,98d14f57-c3e3-4f66-a339-8874868162c6,c1,DROP,682,?,x10,
1769471558.573419,RECEIVED,ab4e192c-9d1f-4bf9-ad24-552a2ffcc98b,ea5bf0d1-96d3-451a-ab3f-5a075b85dd61,c2,DROP,442,x3,?,
1769471558.5902617,SENT,c620ecc8-d12d-4e6b-8c4f-3d2abc575353,e90d280d-1bca-4cc1-ab37-b905ac3cc53f,c1,c3,1256,?,x1,
1769471558.5903049,FORWARDED,c620ecc8-d12d-4e6b-8c4f-3d2abc575353,e90d280d-1bca-4cc1-ab37-b905ac3cc53f,c1,c3,1256,?,x1,
1769471558.6930242,RECEIVED,a7e4156c-839a-4e6a-8029-90e5d36ec492,8e2f3036-6c2d-4330-9bfd-6ad37de04c3c,c4,DROP,1009,e9,?,
1769471558.7116795,SENT,371e7a1d-12d1-4391-8194-0f99c179065f,f13daa72-3c0b-444d-914a-b29b00aed721,c5,DROP,682,?,x4,
1769471558.7117167,FORWARDED,371e7a1d-12d1-4391-8194-0f99c179065f,f13daa72-3c0b-444d-914a-b29b00aed721,c5,DROP,682,?,x4,
1769471559.101388,SENT,a7e4156c-839a-4e6a-8029-90e5d36ec492,8e2f3036-6c2d-4330-9bfd-6ad37de04c3c,c4,DROP,683,?,x11,
1769471559.101424,FORWARDED,a7e4156c-839a-4e6a-8029-90e5d36ec492,8e2f3036-6c2d-4330-9bfd-6ad37de04c3c,c4,DROP,683,?,x11,
1769471559.1448324,RECEIVED,3bd85182-ef55-4b1b-ab3c-16c7a4972f39,255cf34f-21fe-45c1-b6db-50b88eb2e6f6,c1,DROP,441,x3,?,
1769471559.2497582,RECEIVED,cbaa2742-9edd-403a-af95-fa23a47d4128,bdceb42f-b389-47b7-b742-7b26f6bb775c,c2,DROP,1017,e12,?,
1769471559.2548246,RECEIVED,d2496d54-e09e-4f74-ba35-e3613242f833,37777691-6a92-4011-a3b1-15756465fed2,c4,DROP,1007,e12,?,
1769471559.2792034,SENT,cbaa2742-9edd-403a-af95-fa23a47d4128,bdceb42f-b389-47b7-b742-7b26f6bb775c,c2,DROP,689,?,x9,
1769471559.2792506,FORWARDED,cbaa2742-9edd-403a-af95-fa23a47d4128,bdceb42f-b389-47b7-b742-7b26f6bb775c,c2,DROP,689,?,x9,
1769471559.46741,RECEIVED,4d3cdb7d-9775-46d8-870c-a2d2b4fb41e9,1f28aa89-9285-409d-b2de-1f0d91ef4355,c4,DROP,1015,e11,?,
1769471559.4817004,RECEIVED,95b07337-e3b6-428a-b232-b9259568a7f0,b2ef8e10-b8e6-4e25-9821-6df620cb0c57,c2,DROP,1008,e7,?,
1769471559.5805638,SENT,95b07337-e3b6-428a-b232-b9259568a7f0,b2ef8e10-b8e6-4e25-9821-6df620cb0c57,c2,DROP,683,?,x9,
1769471559.5806077,FORWARDED,95b07337-e3b6-428a-b232-b9259568a7f0,b2ef8e10-b8e6-4e25-9821-6df620cb0c57,c2,DROP,683,?,x9,
1769471559.68888,RECEIVED,cc2b4636-3b10-4e56-aa42-e61f141706d7,0a2395ec-0592-42c5-a9e6-6a53a29cae13,c2,DROP,1007,e2,?,
1769471559.705062,RECEIVED,868f9ee3-85a9-4342-9b5a-2dcd82836381,6b2a0926-e12f-46c0-acba-91c7f66e9512,c5,DROP,442,x3,?,
1769471559.7373884,RECEIVED,95ed3a17-8d22-4653-8921-dfe80f6e1a5f,cf013000-1010-497f-9ee3-1964e2403f9e,c2,DROP,1013,e3,?,
1769471559.7836156,SENT,95ed3a17-8d22-4653-8921-dfe80f6e1a5f,cf013000-1010-497f-9ee3-1964e2403f9e,c2,DROP,687,?,x11,
1769471559.783652,FORWARDED,95ed3a17-8d22-4653-8921-dfe80f6e1a5f,cf013000-1010-497f-9ee3-1964e2403f9e,c2,DROP,687,?,x11,
1769471559.8599243,RECEIVED,53686c67-2705-4b83-9e2a-07ae189dfbb5,002f5bbc-afd0-4dcd-8131-2c5089f8c8f9,c3,DROP,1016,e6,?,
1769471559.9324355,RECEIVED,440535ab-be88-4a16-ba2c-d31b6ccc4fa3,06cd7d14-d036-4830-950e-ebd4f1564774,c1,DROP,1005,e4,?,
1769471559.9470096,SENT,d2496d54-e09e-4f74-ba35-e3613242f833,37777691-6a92-4011-a3b1-15756465fed2,c4,DROP,683,?,x5,
1769471559.947069,FORWARDED,d2496d54-e09e-4f74-ba35-e3613242f833,37777691-6a92-4011-a3b1-15756465fed2,c4,DROP,683,?,x5,
1769471560.0754569,RECEIVED,6385f0da-fa7f-4bdb-b18d-4a03424233c8,cca79027-f2ca-4f15-81f9-3a30e7d5eb64,c1,DROP,1016,e10,?,
1769471560.0892131,SENT,53686c67-2705-4b83-9e2a-07ae189dfbb5,002f5bbc-afd0-4dcd-8131-2c5089f8c8f9,c3,DROP,689,?,x10,
1769471560.0892556,FORWARDED,53686c67-2705-4b83-9e2a-07ae189dfbb5,002f5bbc-afd0-4dcd-8131-2c5089f8c8f9,c3,DROP,689,?,x10,
1769471560.1165125,RECEIVED,33a5c7a5-8c16-49bf-8526-5ad47e278de6,d647fff0-40b1-44e9-94fa-dee665202e35,c4,c3,1775,e7,?,
1769471560.2111256,RECEIVED,c9643f41-2939-414b-a867-6dc89e926ccd,be8f3409-85e4-4ef9-bfa6-ed5cd1b58de3,c5,DROP,1016,e12,?,
1769471560.2525988,RECEIVED,b8db604c-d5bb-44e0-a16b-779ea7b053f8,6d95f4db-4ed1-4cff-b4ef-94b75e43c652,c3,DROP,1012,e5,?,
1769471560.3025937,RECEIVED,ddd9fcc1-1dc8-4ea1-a02e-9471ecd9ec3a,1268d25a-de16-46f1-8747-46ca44c9f7be,c2,DROP,1011,e12,?,
1769471560.3249762,SENT,c9643f41-2939-414b-a867-6dc89e926ccd,be8f3409-85e4-4ef9-bfa6-ed5cd1b58de3,c5,DROP,688,?,x9,
1769471560.3250167,FORWARDED,c9643f41-2939-414b-a867-6dc89e926ccd,be8f3409-85e4-4ef9-bfa6-ed5cd1b58de3,c5,DROP,688,?,x9,
1769471560.4201334,SENT,6385f0da-fa7f-4bdb-b18d-4a03424233c8,cca79027-f2ca-4f15-81f9-3a30e7d5eb64,c1,DROP,689,?,x1,
1769471560.420176,FORWARDED,6385f0da-fa7f-4bdb-b18d-4a03424233c8,cca79027-f2ca-4f15-81f9-3a30e7d5eb64,c1,DROP,689,?,x1,
1769471560.461682,SENT,4d3cdb7d-9775-46d8-870c-a2d2b4fb41e9,1f28aa89-9285-409d-b2de-1f0d91ef4355,c4,DROP,690,?,x9,
1769471560.461725,FORWARDED,4d3cdb7d-9775-46d8-870c-a2d2b4fb41e9,1f28aa89-9285-409d-b2de-1f0d91ef4355,c4,DROP,690,?,x9,
1769471560.5749488,RECEIVED,b6eba022-233b-44ba-abfb-0147909097a7,fd84e0f5-c3ce-475f-a9a5-d25a75dc3264,c3,DROP,443,x5,?,
1769471560.724567,RECEIVED,1b980443-a829-4dcc-8772-b619a3f0d48a,d4be88f5-6d76-460e-9f1f-231aedbed277,c4,None,1598,e2,?,
1769471560.7673013,SENT,1b980443-a829-4dcc-8772-b619a3f0d48a,d4be88f5-6d76-460e-9f1f-231aedbed277,c4,None,1124,?,x12,
1769471560.7673461,FORWARDED,1b980443-a829-4dcc-8772-b619a3f0d48a,d4be88f5-6d76-460e-9f1f-231aedbed277,c4,None,1124,?,x12,
1769471560.778609,SENT,cc2b4636-3b10-4e56-aa42-e61f141706d7,0a2395ec-0592-42c5-a9e6-6a53a29cae13,c2,DROP,684,?,x2,
1769471560.7786517,FORWARDED,cc2b4636-3b10-4e56-aa42-e61f141706d7,0a2395ec-0592-42c5-a9e6-6a53a29cae13,c2,DROP,684,?,x2,
1769471560.865333,RECEIVED,8280bc3d-4217-4d1c-8595-dacce7473611,3d3163b8-4278-4c3e-9d65-c1e162d84e4c,c3,DROP,1007,e5,?,
1769471560.8716958,RECEIVED,62ffd4ac-ea89-48a6-814a-7ff5dfb0bfd5,09210fde-ad12-43ef-ad2d-b1070c227ea3,c1,None,1596,e2,?,
1769471560.8790085,RECEIVED,d077a76e-42f3-499e-a8cf-67e679849756,336aff84-a676-45e3-b9ea-11a5f4fcf1c0,c3,c1,1764,e6,?,
1769471560.8941748,SENT,62ffd4ac-ea89-48a6-814a-7ff5dfb0bfd5,09210fde-ad12-43ef-ad2d-b1070c227ea3,c1,None,1123,?,x7,
1769471560.8944874,FORWARDED,62ffd4ac-ea89-48a6-814a-7ff5dfb0bfd5,09210fde-ad12-43ef-ad2d-b1070c227ea3,c1,None,1123,?,x7,
1769471560.9031627,SENT,b8db604c-d5bb-44e0-a16b-779ea7b053f8,6d95f4db-4ed1-4cff-b4ef-94b75e43c652,c3,DROP,686,?,x10,
1769471560.903203,FORWARDED,b8db604c-d5bb-44e0-a16b-779ea7b053f8,6d95f4db-4ed1-4cff-b4ef-94b75e43c652,c3,DROP,686,?,x10,
1769471561.1408517,RECEIVED,da4846ff-fc7f-4f6f-bb6b-e6e8f25ff8bb,cbe6cb22-4cd3-4527-bfc4-9658499a74f6,c3,c1,1771,e4,?,
1769471561.1911497,RECEIVED,47c4965b-8030-40b3-9477-ba46f9fd7a00,028f225c-f62f-4e04-905a-2d9968dafc77,c3,c1,1771,e5,?,
1769471561.2052548,RECEIVED,c1b22044-cda0-4a3f-835c-98dd3c7feb83,36ce4dc9-f253-4325-9c0f-5376177be6c4,c4,DROP,1012,e12,?,
1769471561.244056,RECEIVED,6c8444b9-c3cc-4a02-8455-d5c6adc6fd0f,9aae9c01-db2d-407d-8d2f-5398c9aaeeeb,c2,c4,1763,e7,?,
1769471561.2643957,SENT,c1b22044-cda0-4a3f-835c-98dd3c7feb83,36ce4dc9-f253-4325-9c0f-5376177be6c4,c4,DROP,687,?,x4,
1769471561.2644346,FORWARDED,c1b22044-cda0-4a3f-835c-98dd3c7feb83,36ce4dc9-f253-4325-9c0f-5376177be6c4,c4,DROP,687,?,x4,
1769471561.2788336,SENT,33a5c7a5-8c16-49bf-8526-5ad47e278de6,d647fff0-40b1-44e9-94fa-dee665202e35,c4,c3,1260,?,x1,
1769471561.2788806,FORWARDED,33a5c7a5-8c16-49bf-8526-5ad47e278de6,d647fff0-40b1-44e9-94fa-dee665202e35,c4,c3,1260,?,x1,
1769471561.2900949,SENT,d077a76e-42f3-499e-a8cf-67e679849756,336aff84-a676-45e3-b9ea-11a5f4fcf1c0,c3,c1,1251,?,x2,
1769471561.290138,FORWARDED,d077a76e-42f3-499e-a8cf-67e679849756,336aff84-a676-45e3-b9ea-11a5f4fcf1c0,c3,c1,1251,?,x2,
1769471561.3200126,SENT,8280bc3d-4217-4d1c-8595-dacce7473611,3d3163b8-4278-4c3e-9d65-c1e162d84e4c,c3,DROP,684,?,x6,
1769471561.3200617,FORWARDED,8280bc3d-4217-4d1c-8595-dacce7473611,3d3163b8-4278-4c3e-9d65-c1e162d84e4c,c3,DROP,684,?,x6,
1769471561.3241553,RECEIVED,5134368b-1d9a-4a27-8113-14e3b5051160,20e54f2a-2477-4c76-a7d4-a9676db74b37,c2,c4,1775,e1,?,
1769471561.3964908,RECEIVED,6cbc9897-73a6-4eb1-8634-c2b259165041,c265fc0c-e368-49bb-b037-3f735243e75b,c3,DROP,443,x10,?,
1769471561.4452984,SENT,6c8444b9-c3cc-4a02-8455-d5c6adc6fd0f,9aae9c01-db2d-407d-8d2f-5398c9aaeeeb,c2,c4,1251,?,x7,
1769471561.4453406,FORWARDED,6c8444b9-c3cc-4a02-8455-d5c6adc6fd0f,9aae9c01-db2d-407d-8d2f-5398c9aaeeeb,c2,c4,1251,?,x7,
1769471561.5707097,SENT,ddd9fcc1-1dc8-4ea1-a02e-9471ecd9ec3a,1268d25a-de16-46f1-8747-46ca44c9f7be,c2,DROP,687,?,x4,
1769471561.5707495,FORWARDED,ddd9fcc1-1dc8-4ea1-a02e-9471ecd9ec3a,1268d25a-de16-46f1-8747-46ca44c9f7be,c2,DROP,687,?,x4,
1769471561.747177,RECEIVED,873fa90b-bdaf-4482-9e3b-fd71af7af412,cd014027-a219-4990-b522-beacf7508cb9,c3,None,1600,e7,?,
1769471561.8432987,SENT,5134368b-1d9a-4a27-8113-14e3b5051160,20e54f2a-2477-4c76-a7d4-a9676db74b37,c2,c4,1260,?,x8,
1769471561.8433397,FORWARDED,5134368b-1d9a-4a27-8113-14e3b5051160,20e54f2a-2477-4c76-a7d4-a9676db74b37,c2,c4,1260,?,x8,
1769471561.854573,SENT,47c4965b-8030-40b3-9477-ba46f9fd7a00,028f225c-f62f-4e04-905a-2d9968dafc77,c3,c1,1257,?,x3,
1769471561.8546145,FORWARDED,47c4965b-8030-40b3-9477-ba46f9fd7a00,028f225c-f62f-4e04-905a-2d9968dafc77,c3,c1,1257,?,x3,
1769471562.1113129,SENT,da4846ff-fc7f-4f6f-bb6b-e6e8f25ff8bb,cbe6cb22-4cd3-4527-bfc4-9658499a74f6,c3,c1,1255,?,x4,
1769471562.111356,FORWARDED,da4846ff-fc7f-4f6f-bb6b-e6e8f25ff8bb,cbe6cb22-4cd3-4527-bfc4-9658499a74f6,c3,c1,1255,?,x4,
1769471562.2277732,RECEIVED,8fae20c2-eef9-46ef-ae3d-61282ada1354,912051ab-6609-4c94-a4bf-7c91ade168c4,c1,None,1607,e7,?,
1769471562.3659708,RECEIVED,049deb44-0dc3-4355-bb19-2693cebc782a,f7981d54-e42b-4907-98b4-1481456eef7f,c4,None,1608,e10,?,
1769471562.4528675,RECEIVED,54d417b7-32ef-4b69-af2f-b7345809703c,f2a242f1-e27e-45b8-a5fe-3649fbb9dc69,c5,DROP,1005,e2,?,
1769471562.5876198,SENT,049deb44-0dc3-4355-bb19-2693cebc782a,f7981d54-e42b-4907-98b4-1481456eef7f,c4,None,1132,?,x1,
1769471562.5876706,FORWARDED,049deb44-0dc3-4355-bb19-2693cebc782a,f7981d54-e42b-4907-98b4-1481456eef7f,c4,None,1132,?,x1,
1769471562.6111624,RECEIVED,e8ea8f6e-54da-4816-9510-c9e57477fdd4,23cb0984-56f0-4d52-ade1-3bc46000894e,c3,DROP,1007,e6,?,
1769471562.692381,RECEIVED,e13536ac-3a13-4a21-b615-6c82def220a4,93e0ae46-ac9b-4ed3-8cd8-6a97c3221b81,c3,None,1603,e8,?,
1769471562.859899,SENT,54d417b7-32ef-4b69-af2f-b7345809703c,f2a242f1-e27e-45b8-a5fe-3649fbb9dc69,c5,DROP,684,?,x4,
1769471562.8599408,FORWARDED,54d417b7-32ef-4b69-af2f-b7345809703c,f2a242f1-e27e-45b8-a5fe-3649fbb9dc69,c5,DROP,684,?,x4,
1769471562.8625636,SENT,e8ea8f6e-54da-4816-9510-c9e57477fdd4,23cb0984-56f0-4d52-ade1-3bc46000894e,c3,DROP,683,?,x2,
1769471562.8626022,FORWARDED,e8ea8f6e-54da-4816-9510-c9e57477fdd4,23cb0984-56f0-4d52-ade1-3bc46000894e,c3,DROP,683,?,x2,
1769471562.886797,SENT,8fae20c2-eef9-46ef-ae3d-61282ada1354,912051ab-6609-4c94-a4bf-7c91ade168c4,c1,None,1132,?,x6,
1769471562.8868399,FORWARDED,8fae20c2-eef9-46ef-ae3d-61282ada1354,912051ab-6609-4c94-a4bf-7c91ade168c4,c1,None,1132,?,x6,
1769471562.9918447,SENT,440535ab-be88-4a16-ba2c-d31b6ccc4fa3,06cd7d14-d036-4830-950e-ebd4f1564774,c1,DROP,684,?,x4,
1769471562.9918845,FORWARDED,440535ab-be88-4a16-ba2c-d31b6ccc4fa3,06cd7d14-d036-4830-950e-ebd4f1564774,c1,DROP,684,?,x4,
1769471563.1823108,RECEIVED,73d98673-f77c-4c8e-80c2-78684df84c43,85c0799c-5343-4fa6-aff0-68748c3cc92a,c4,DROP,1009,e9,?,
1769471563.2516172,RECEIVED,43415fc3-b325-4b01-b955-4c3eac412284,78641513-5a39-4553-a6d0-3eefc51714e6,c5,DROP,1007,e7,?,
1769471563.3415365,RECEIVED,6794c973-38af-452b-95e6-8bf57b2919d3,ce83311c-68e0-47f0-922e-1029818a130b,c4,None,1604,e10,?,
1769471563.3692904,RECEIVED,adc83319-beae-44f5-ac85-8370e5a968a7,edeb72df-8386-40b4-a67b-99e5b33c527a,c5,c1,1786,e11,?,
1769471563.404143,RECEIVED,2237228d-a422-471b-bf4a-ff142ccd8cbf,38f981b8-db34-4e93-853f-7e72a746063a,c3,DROP,1012,e1,?,
1769471563.4329746,SENT,adc83319-beae-44f5-ac85-8370e5a968a7,edeb72df-8386-40b4-a67b-99e5b33c527a,c5,c1,1264,?,x12,
1769471563.4330168,FORWARDED,adc83319-beae-44f5-ac85-8370e5a968a7,edeb72df-8386-40b4-a67b-99e5b33c527a,c5,c1,1264,?,x12,
1769471563.4646232,SENT,6794c973-38af-452b-95e6-8bf57b2919d3,ce83311c-68e0-47f0-922e-1029818a130b,c4,None,1130,?,x7,
1769471563.464666,FORWARDED,6794c973-38af-452b-95e6-8bf57b2919d3,ce83311c-68e0-47f0-922e-1029818a130b,c4,None,1130,?,x7,
1769471563.467249,SENT,73d98673-f77c-4c8e-80c2-78684df84c43,85c0799c-5343-4fa6-aff0-68748c3cc92a,c4,DROP,682,?,x12,
1769471563.4672847,FORWARDED,73d98673-f77c-4c8e-80c2-78684df84c43,85c0799c-5343-4fa6-aff0-68748c3cc92a,c4,DROP,682,?,x12,
1769471563.4744313,RECEIVED,d67f9be4-bf61-44ea-8c75-99b90c24344d,0759416b-a6af-4bef-9a67-e9ef3787eee7,c5,DROP,436,x10,?,
1769471563.591067,SENT,43415fc3-b325-4b01-b955-4c3eac412284,78641513-5a39-4553-a6d0-3eefc51714e6,c5,DROP,684,?,x4,
1769471563.5911114,FORWARDED,43415fc3-b325-4b01-b955-4c3eac412284,78641513-5a39-4553-a6d0-3eefc51714e6,c5,DROP,684,?,x4,
1769471563.6147645,SENT,2237228d-a422-471b-bf4a-ff142ccd8cbf,38f981b8-db34-4e93-853f-7e72a746063a,c3,DROP,687,?,x11,
1769471563.614807,FORWARDED,2237228d-a422-471b-bf4a-ff142ccd8cbf,38f981b8-db34-4e93-853f-7e72a746063a,c3,DROP,687,?,x11,
1769471563.7231808,RECEIVED,3a202600-e0b7-48ac-9c05-87376379da5b,df6b99d6-74fc-4f3a-ad52-2dffd723f364,c3,None,1594,e10,?,
1769471563.7430768,SENT,873fa90b-bdaf-4482-9e3b-fd71af7af412,cd014027-a219-4990-b522-beacf7508cb9,c3,None,1128,?,x12,
1769471563.7431214,FORWARDED,873fa90b-bdaf-4482-9e3b-fd71af7af412,cd014027-a219-4990-b522-beacf7508cb9,c3,None,1128,?,x12,
1769471563.957719,RECEIVED,889f0c04-804b-434e-9547-96847ea24360,64c06772-bf25-4e3e-baa3-c7a0e4c97235,c1,DROP,1007,e6,?,
1769471563.9840212,RECEIVED,b8abdfec-26e3-4ef3-b358-bdfdc35bc1f7,538b1c8d-fc67-408d-ac6e-1826bbefaf83,c4,c3,1760,e1,?,
1769471564.0445437,RECEIVED,6d12fda2-27dd-4d6a-946e-e5b89b64715c,9f7b47a1-2d8f-4189-be2d-43dc9c1e6ccb,c4,DROP,1012,e5,?,
1769471564.0565307,RECEIVED,cca94a10-c807-4855-8b4c-f745f85c38d5,b45b26bb-007c-481f-9b10-930b2481e1a7,c1,DROP,441,x5,?,
1769471564.0716605,RECEIVED,8b7ee819-6251-46fa-9077-f31d56b09b4d,c56c8b5e-f213-4ead-af2e-87b05f3e28ee,c1,DROP,1015,e10,?,
1769471564.0861828,RECEIVED,b53b03aa-1f24-4551-9854-c9ea5635e69b,9d1fbce3-26cb-44e9-bf41-77800c8bf07f,c2,DROP,1016,e2,?,
1769471564.108975,SENT,b8abdfec-26e3-4ef3-b358-bdfdc35bc1f7,538b1c8d-fc67-408d-ac6e-1826bbefaf83,c4,c3,1248,?,x4,
1769471564.1090155,FORWARDED,b8abdfec-26e3-4ef3-b358-bdfdc35bc1f7,538b1c8d-fc67-408d-ac6e-1826bbefaf83,c4,c3,1248,?,x4,
1769471564.1219625,SENT,e13536ac-3a13-4a21-b615-6c82def220a4,93e0ae46-ac9b-4ed3-8cd8-6a97c3221b81,c3,None,1131,?,x9,
1769471564.1220064,FORWARDED,e13536ac-3a13-4a21-b615-6c82def220a4,93e0ae46-ac9b-4ed3-8cd8-6a97c3221b81,c3,None,1131,?,x9,
1769471564.1688807,RECEIVED,d3224f9f-d0a0-4c4e-b890-63164ff207cb,2994aa6f-1ee8-4207-a0cd-a9ff7107bfca,c5,c1,1776,e9,?,
1769471564.1725464,RECEIVED,f289e315-f885-4482-bbeb-831523b8ab73,f5fac020-6d18-473f-a0d8-879e38ea7cc3,c4,DROP,1009,e2,?,
1769471564.2183826,RECEIVED,01306712-341c-4999-a227-095c02ef6887,6172b5ef-c122-4207-b164-ed4dc18e5db7,c2,c4,1784,e1,?,
1769471564.2424994,SENT,6d12fda2-27dd-4d6a-946e-e5b89b64715c,9f7b47a1-2d8f-4189-be2d-43dc9c1e6ccb,c4,DROP,687,?,x4,
1769471564.2425425,FORWARDED,6d12fda2-27dd-4d6a-946e-e5b89b64715c,9f7b47a1-2d8f-4189-be2d-43dc9c1e6ccb,c4,DROP,687,?,x4,
1769471564.2578833,RECEIVED,0eccd3e1-5ef4-4f55-95a1-93380255101c,d94ee832-06fc-4247-9e90-09f96fbfc6a3,c5,DROP,1013,e8,?,
1769471564.2688835,RECEIVED,b3db228b-a992-4507-96fa-f6dde0209dd8,703bf77c-21dd-4266-b4c1-e4c0eaa75722,c3,None,1605,e1,?,
1769471564.2867913,SENT,f289e315-f885-4482-bbeb-831523b8ab73,f5fac020-6d18-473f-a0d8-879e38ea7cc3,c4,DROP,683,?,x11,
1769471564.286832,FORWARDED,f289e315-f885-4482-bbeb-831523b8ab73,f5fac020-6d18-473f-a0d8-879e38ea7cc3,c4,DROP,683,?,x11,
1769471564.2990112,SENT,b53b03aa-1f24-4551-9854-c9ea5635e69b,9d1fbce3-26cb-44e9-bf41-77800c8bf07f,c2,DROP,688,?,x1,
1769471564.2990966,FORWARDED,b53b03aa-1f24-4551-9854-c9ea5635e69b,9d1fbce3-26cb-44e9-bf41-77800c8bf07f,c2,DROP,688,?,x1,
1769471564.3461437,RECEIVED,b0b1ddf3-3266-4319-94b4-4f5e89aa58bd,b60e3dfd-d7ba-4d9b-a120-d39a3d3b00e3,c1,None,1595,e5,?,
1769471564.3466356,SENT,01306712-341c-4999-a227-095c02ef6887,6172b5ef-c122-4207-b164-ed4dc18e5db7,c2,c4,1264,?,x6,
1769471564.3466702,FORWARDED,01306712-341c-4999-a227-095c02ef6887,6172b5ef-c122-4207-b164-ed4dc18e5db7,c2,c4,1264,?,x6,
1769471564.3573608,SENT,b3db228b-a992-4507-96fa-f6dde0209dd8,703bf77c-21dd-4266-b4c1-e4c0eaa75722,c3,None,1131,?,x12,
1769471564.3574045,FORWARDED,b3db228b-a992-4507-96fa-f6dde0209dd8,703bf77c-21dd-4266-b4c1-e4c0eaa75722,c3,None,1131,?,x12,
1769471564.359973,RECEIVED,ae19187f-3b2a-4db0-af37-04b04fd6c755,310a96c9-3593-467e-a68b-626f9fcc45da,c4,DROP,1011,e8,?,
1769471564.384642,SENT,0eccd3e1-5ef4-4f55-95a1-93380255101c,d94ee832-06fc-4247-9e90-09f96fbfc6a3,c5,DROP,687,?,x12,
1769471564.3846848,FORWARDED,0eccd3e1-5ef4-4f55-95a1-93380255101c,d94ee832-06fc-4247-9e90-09f96fbfc6a3,c5,DROP,687,?,x12,
1769471564.4489553,RECEIVED,d913ed9c-fbd8-42a0-9727-c0f57bfbb4b5,a4d4015a-e32c-4c84-9a2b-f711267bd772,c3,c1,1759,e4,?,
1769471564.5012014,RECEIVED,edf12b9f-c357-46a7-944d-0cebfba77c10,7864e895-8663-4942-98e6-8d9753b4bf1e,c5,DROP,1024,e1,?,
1769471564.5701973,RECEIVED,6839953b-1d8d-46b8-90b0-4cd53048324d,63b0ce4c-1ae5-4879-99a6-63459ff363e6,c5,DROP,442,x4,?,
1769471564.5906231,SENT,edf12b9f-c357-46a7-944d-0cebfba77c10,7864e895-8663-4942-98e6-8d9753b4bf1e,c5,DROP,693,?,x11,
1769471564.590665,FORWARDED,edf12b9f-c357-46a7-944d-0cebfba77c10,7864e895-8663-4942-98e6-8d9753b4bf1e,c5,DROP,693,?,x11,
1769471564.620601,RECEIVED,66aa1e35-e1fb-4c60-9646-874d362f71ea,642d9f5b-3209-4fb4-b727-60eba3bd0a95,c4,DROP,1020,e11,?,
1769471564.6215916,SENT,b0b1ddf3-3266-4319-94b4-4f5e89aa58bd,b60e3dfd-d7ba-4d9b-a120-d39a3d3b00e3,c1,None,1123,?,x1,
1769471564.6216347,FORWARDED,b0b1ddf3-3266-4319-94b4-4f5e89aa58bd,b60e3dfd-d7ba-4d9b-a120-d39a3d3b00e3,c1,None,1123,?,x1,
1769471564.7827373,SENT,d913ed9c-fbd8-42a0-9727-c0f57bfbb4b5,a4d4015a-e32c-4c84-9a2b-f711267bd772,c3,c1,1248,?,x5,
1769471564.7827773,FORWARDED,d913ed9c-fbd8-42a0-9727-c0f57bfbb4b5,a4d4015a-e32c-4c84-9a2b-f711267bd772,c3,c1,1248,?,x5,
1769471564.8491194,SENT,889f0c04-804b-434e-9547-96847ea24360,64c06772-bf25-4e3e-baa3-c7a0e4c97235,c1,DROP,683,?,x3,
1769471564.8491547,FORWARDED,889f0c04-804b-434e-9547-96847ea24360,64c06772-bf25-4e3e-baa3-c7a0e4c97235,c1,DROP,683,?,x3,
1769471564.8971329,SENT,3a202600-e0b7-48ac-9c05-87376379da5b,df6b99d6-74fc-4f3a-ad52-2dffd723f364,c3,None,1124,?,x4,
1769471564.8971765,FORWARDED,3a202600-e0b7-48ac-9c05-87376379da5b,df6b99d6-74fc-4f3a-ad52-2dffd723f364,c3,None,1124,?,x4,
1769471564.903473,SENT,8b7ee819-6251-46fa-9077-f31d56b09b4d,c56c8b5e-f213-4ead-af2e-87b05f3e28ee,c1,DROP,689,?,x5,
1769471564.9035113,FORWARDED,8b7ee819-6251-46fa-9077-f31d56b09b4d,c56c8b5e-f213-4ead-af2e-87b05f3e28ee,c1,DROP,689,?,x5,
1769471564.909292,SENT,66aa1e35-e1fb-4c60-9646-874d362f71ea,642d9f5b-3209-4fb4-b727-60eba3bd0a95,c4,DROP,693,?,x8,
1769471564.9093344,FORWARDED,66aa1e35-e1fb-4c60-9646-874d362f71ea,642d9f5b-3209-4fb4-b727-60eba3bd0a95,c4,DROP,693,?,x8,
1769471564.9470341,RECEIVED,9032c27f-d92d-435d-9cfe-4b613b4e9e4d,c807ffca-0ee9-4d21-80c7-b492c236003d,c1,None,1600,e4,?,
1769471565.0060117,SENT,ae19187f-3b2a-4db0-af37-04b04fd6c755,310a96c9-3593-467e-a68b-626f9fcc45da,c4,DROP,685,?,x3,
1769471565.0066242,FORWARDED,ae19187f-3b2a-4db0-af37-04b04fd6c755,310a96c9-3593-467e-a68b-626f9fcc45da,c4,DROP,685,?,x3,
1769471565.5221705,SENT,9032c27f-d92d-435d-9cfe-4b613b4e9e4d,c807ffca-0ee9-4d21-80c7-b492c236003d,c1,None,1128,?,x12,
1769471565.5222166,FORWARDED,9032c27f-d92d-435d-9cfe-4b613b4e9e4d,c807ffca-0ee9-4d21-80c7-b492c236003d,c1,None,1128,?,x12,
1769471565.622217,SENT,d3224f9f-d0a0-4c4e-b890-63164ff207cb,2994aa6f-1ee8-4207-a0cd-a9ff7107bfca,c5,c1,1259,?,x12,
1769471565.6222596,FORWARDED,d3224f9f-d0a0-4c4e-b890-63164ff207cb,2994aa6f-1ee8-4207-a0cd-a9ff7107bfca,c5,c1,1259,?,x12,
1769471566.3239164,RECEIVED,fd6ccbaa-2ef5-4073-a085-255fdbb8470a,33080bfe-620a-4013-a133-5c0e1d17a0ba,c2,DROP,1007,e12,?,
1769471566.6668863,RECEIVED,52065206-76b1-4d16-aabb-5c9c6c9944fc,76602ea8-7d4b-4d98-ba58-31dee0c71408,c4,DROP,1012,e2,?,
1769471566.7157774,RECEIVED,7576ce09-2c92-4ab0-9bac-51e3ea84ddb0,09809a9c-c85b-4e29-bd00-69c9f269dabc,c1,DROP,1008,e12,?,
1769471566.750982,SENT,fd6ccbaa-2ef5-4073-a085-255fdbb8470a,33080bfe-620a-4013-a133-5c0e1d17a0ba,c2,DROP,683,?,x4,
1769471566.7510226,FORWARDED,fd6ccbaa-2ef5-4073-a085-255fdbb8470a,33080bfe-620a-4013-a133-5c0e1d17a0ba,c2,DROP,683,?,x4,
1769471566.9377089,SENT,52065206-76b1-4d16-aabb-5c9c6c9944fc,76602ea8-7d4b-4d98-ba58-31dee0c71408,c4,DROP,685,?,x9,
1769471566.937752,FORWARDED,52065206-76b1-4d16-aabb-5c9c6c9944fc,76602ea8-7d4b-4d98-ba58-31dee0c71408,c4,DROP,685,?,x9,
1769471566.9631817,SENT,7576ce09-2c92-4ab0-9bac-51e3ea84ddb0,09809a9c-c85b-4e29-bd00-69c9f269dabc,c1,DROP,683,?,x5,
1769471566.9632206,FORWARDED,7576ce09-2c92-4ab0-9bac-51e3ea84ddb0,09809a9c-c85b-4e29-bd00-69c9f269dabc,c1,DROP,683,?,x5,
1769471566.9640982,RECEIVED,52874fad-1910-487f-bb8c-64de99108a3a,d7bdc1e9-51de-4f64-bc62-85876cf746c0,c1,DROP,1007,e5,?,
1769471566.9778397,RECEIVED,fa38f3cf-a928-4640-bd86-336743668f25,07b16ddc-b4bf-443a-99f5-f72bfc89442d,c5,DROP,1008,e6,?,
1769471567.079692,SENT,fa38f3cf-a928-4640-bd86-336743668f25,07b16ddc-b4bf-443a-99f5-f72bfc89442d,c5,DROP,683,?,x4,
1769471567.079734,FORWARDED,fa38f3cf-a928-4640-bd86-336743668f25,07b16ddc-b4bf-443a-99f5-f72bfc89442d,c5,DROP,683,?,x4,
1769471567.0826118,RECEIVED,57855a4c-5b39-4fe4-8d2f-be7183cf8a6e,c26993f4-4c42-43bd-8996-561a4f231968,c1,DROP,1007,e3,?,
1769471567.1617866,RECEIVED,42e315ac-6cf5-4812-8f2e-d8849d5a5d71,52c9268a-5f48-4bed-862d-eaa71d34a8e2,c4,DROP,1015,e2,?,
1769471567.2412298,RECEIVED,e332978b-8431-4159-bb57-d6c54484fb1f,ab9c28b8-202f-4d6d-aa1d-4859f26908d8,c4,DROP,1006,e6,?,
1769471567.422899,RECEIVED,f0021204-0f10-42d1-9e2a-790f1c7525d3,bfea40be-1434-4ccc-b891-d4122ca3f5f0,c5,DROP,1013,e5,?,
1769471567.4794798,RECEIVED,230032ee-b135-4134-9767-2a1e75fa5d37,f9662b1e-a4db-4643-8ae5-97e0e10940c7,c2,DROP,1020,e10,?,
1769471567.5592687,SENT,f0021204-0f10-42d1-9e2a-790f1c7525d3,bfea40be-1434-4ccc-b891-d4122ca3f5f0,c5,DROP,686,?,x10,
1769471567.5593355,FORWARDED,f0021204-0f10-42d1-9e2a-790f1c7525d3,bfea40be-1434-4ccc-b891-d4122ca3f5f0,c5,DROP,686,?,x10,
1769471567.5629597,SENT,230032ee-b135-4134-9767-2a1e75fa5d37,f9662b1e-a4db-4643-8ae5-97e0e10940c7,c2,DROP,692,?,x6,
1769471567.5630012,FORWARDED,230032ee-b135-4134-9767-2a1e75fa5d37,f9662b1e-a4db-4643-8ae5-97e0e10940c7,c2,DROP,692,?,x6,
1769471567.6887627,SENT,57855a4c-5b39-4fe4-8d2f-be7183cf8a6e,c26993f4-4c42-43bd-8996-561a4f231968,c1,DROP,683,?,x5,
1769471567.6888049,FORWARDED,57855a4c-5b39-4fe4-8d2f-be7183cf8a6e,c26993f4-4c42-43bd-8996-561a4f231968,c1,DROP,683,?,x5,
1769471567.6996953,SENT,52874fad-1910-487f-bb8c-64de99108a3a,d7bdc1e9-51de-4f64-bc62-85876cf746c0,c1,DROP,683,?,x2,
1769471567.6997375,FORWARDED,52874fad-1910-487f-bb8c-64de99108a3a,d7bdc1e9-51de-4f64-bc62-85876cf746c0,c1,DROP,683,?,x2,
1769471567.7240021,RECEIVED,f4264298-af35-455f-be55-1609cab4de9c,e30c1f97-9799-4276-8578-6ee1c7c10db3,c3,None,1595,e5,?,
1769471568.0168345,RECEIVED,e699b878-232c-4cb8-aab7-6add2223019b,91f04271-5111-470c-8ee9-a8a09b749854,c2,DROP,1007,e1,?,
1769471568.0244188,SENT,42e315ac-6cf5-4812-8f2e-d8849d5a5d71,52c9268a-5f48-4bed-862d-eaa71d34a8e2,c4,DROP,689,?,x8,
1769471568.0244606,FORWARDED,42e315ac-6cf5-4812-8f2e-d8849d5a5d71,52c9268a-5f48-4bed-862d-eaa71d34a8e2,c4,DROP,689,?,x8,
1769471568.0725362,SENT,f4264298-af35-455f-be55-1609cab4de9c,e30c1f97-9799-4276-8578-6ee1c7c10db3,c3,None,1123,?,x2,
1769471568.0725846,FORWARDED,f4264298-af35-455f-be55-1609cab4de9c,e30c1f97-9799-4276-8578-6ee1c7c10db3,c3,None,1123,?,x2,
1769471568.0904076,RECEIVED,3d4d7a4b-00ce-4333-afd8-279954a42511,71126c64-10eb-4e7a-999e-82971b785c7b,c1,None,1608,e4,?,
1769471568.2921758,SENT,e332978b-8431-4159-bb57-d6c54484fb1f,ab9c28b8-202f-4d6d-aa1d-4859f26908d8,c4,DROP,682,?,x2,
1769471568.292216,FORWARDED,e332978b-8431-4159-bb57-d6c54484fb1f,ab9c28b8-202f-4d6d-aa1d-4859f26908d8,c4,DROP,682,?,x2,
1769471568.331358,SENT,e699b878-232c-4cb8-aab7-6add2223019b,91f04271-5111-470c-8ee9-a8a09b749854,c2,DROP,683,?,x1,
1769471568.3313975,FORWARDED,e699b878-232c-4cb8-aab7-6add2223019b,91f04271-5111-470c-8ee9-a8a09b749854,c2,DROP,683,?,x1,
1769471568.3903358,RECEIVED,ccc8683c-e832-4eac-9541-8fe25e7f4f21,87d55395-4ac0-4736-ad4f-0e39492a2fa0,c3,None,1596,e6,?,
1769471568.4289336,SENT,3d4d7a4b-00ce-4333-afd8-279954a42511,71126c64-10eb-4e7a-999e-82971b785c7b,c1,None,1132,?,x1,
1769471568.4289794,FORWARDED,3d4d7a4b-00ce-4333-afd8-279954a42511,71126c64-10eb-4e7a-999e-82971b785c7b,c1,None,1132,?,x1,
1769471568.6755533,RECEIVED,589feffc-7f55-4aea-8115-6caa8047468f,920e22ed-c7ce-46ad-ad29-280e5324f2c3,c5,DROP,1008,e3,?,
1769471568.6962433,RECEIVED,70c33127-f9af-4cbb-838c-d965477b623e,08c84d45-6f8b-4d0a-917f-d5fa320f08e5,c2,DROP,1007,e4,?,
1769471568.8107986,SENT,589feffc-7f55-4aea-8115-6caa8047468f,920e22ed-c7ce-46ad-ad29-280e5324f2c3,c5,DROP,683,?,x4,
1769471568.810836,FORWARDED,589feffc-7f55-4aea-8115-6caa8047468f,920e22ed-c7ce-46ad-ad29-280e5324f2c3,c5,DROP,683,?,x4,
1769471568.8480558,RECEIVED,96eed6a3-b03c-45a3-8dea-79eae6fe91b7,2f096f5b-db53-4a60-bd26-ef2e770b66d1,c4,DROP,1021,e11,?,
1769471568.9119864,RECEIVED,fa6b3b1c-0252-4d9a-8d25-68b24bceafc7,4cbac01e-78b1-40f1-9f95-8576c92df160,c2,DROP,1007,e1,?,
1769471568.9985034,RECEIVED,b869969a-1271-4451-8ef6-5fc400ed9b99,e7a7b8d2-6304-4ac6-aa5f-e1d35ed17bcc,c1,DROP,442,x5,?,
1769471569.009396,SENT,ccc8683c-e832-4eac-9541-8fe25e7f4f21,87d55395-4ac0-4736-ad4f-0e39492a2fa0,c3,None,1124,?,x12,
1769471569.0094366,FORWARDED,ccc8683c-e832-4eac-9541-8fe25e7f4f21,87d55395-4ac0-4736-ad4f-0e39492a2fa0,c3,None,1124,?,x12,
1769471569.0183697,SENT,70c33127-f9af-4cbb-838c-d965477b623e,08c84d45-6f8b-4d0a-917f-d5fa320f08e5,c2,DROP,683,?,x7,
1769471569.018411,FORWARDED,70c33127-f9af-4cbb-838c-d965477b623e,08c84d45-6f8b-4d0a-917f-d5fa320f08e5,c2,DROP,683,?,x7,
1769471569.1682565,SENT,96eed6a3-b03c-45a3-8dea-79eae6fe91b7,2f096f5b-db53-4a60-bd26-ef2e770b66d1,c4,DROP,692,?,x12,
1769471569.1682978,FORWARDED,96eed6a3-b03c-45a3-8dea-79eae6fe91b7,2f096f5b-db53-4a60-bd26-ef2e770b66d1,c4,DROP,692,?,x12,
1769471569.375341,RECEIVED,b896a7b1-cf6b-416d-b1b1-41a66881230c,f7bf77c7-1d6a-49bb-acf4-99c39065d035,c4,DROP,1011,e10,?,
1769471569.479164,SENT,fa6b3b1c-0252-4d9a-8d25-68b24bceafc7,4cbac01e-78b1-40f1-9f95-8576c92df160,c2,DROP,684,?,x7,
1769471569.479204,FORWARDED,fa6b3b1c-0252-4d9a-8d25-68b24bceafc7,4cbac01e-78b1-40f1-9f95-8576c92df160,c2,DROP,684,?,x7,
1769471569.7389896,RECEIVED,00f90829-082b-4032-935e-e1049e04403d,3318693b-f0a2-443f-a846-67cbfa4cf2c2,c1,DROP,441,x2,?,
1769471569.8716407,RECEIVED,1dc55f60-33a6-4ec1-bd59-d54ffb946899,2e271117-5360-47d3-8871-5544f6af3b8a,c1,None,1600,e1,?,
1769471569.8947186,RECEIVED,0174dc20-5d1c-473c-9210-ef9f5e51adff,d3de9981-0d2d-4c57-8ddb-a4b5c9fc3731,c2,DROP,1007,e11,?,
1769471569.9088619,SENT,b896a7b1-cf6b-416d-b1b1-41a66881230c,f7bf77c7-1d6a-49bb-acf4-99c39065d035,c4,DROP,685,?,x3,
1769471569.9089031,FORWARDED,b896a7b1-cf6b-416d-b1b1-41a66881230c,f7bf77c7-1d6a-49bb-acf4-99c39065d035,c4,DROP,685,?,x3,
1769471569.9584515,SENT,1dc55f60-33a6-4ec1-bd59-d54ffb946899,2e271117-5360-47d3-8871-5544f6af3b8a,c1,None,1127,?,x5,
1769471569.958544,FORWARDED,1dc55f60-33a6-4ec1-bd59-d54ffb946899,2e271117-5360-47d3-8871-5544f6af3b8a,c1,None,1127,?,x5,
1769471569.9834795,RECEIVED,a281b514-48ef-4380-9d38-0e2c71d7141d,19f93617-53d6-4640-907c-28dd546eb553,c1,DROP,1000,e1,?,
1769471570.0164406,RECEIVED,e60c6074-eb20-46e3-802a-99fd58bab3bd,2a666657-5600-4fdd-a398-5bf9ca833ba2,c2,DROP,1011,e10,?,
1769471570.065242,SENT,a281b514-48ef-4380-9d38-0e2c71d7141d,19f93617-53d6-4640-907c-28dd546eb553,c1,DROP,678,?,x9,
1769471570.065285,FORWARDED,a281b514-48ef-4380-9d38-0e2c71d7141d,19f93617-53d6-4640-907c-28dd546eb553,c1,DROP,678,?,x9,
1769471570.0795279,RECEIVED,076e5cfc-1b2e-40a0-aa0e-eed67857d573,5f7f7ffb-eaae-4acf-8a56-abc9578d5714,c4,DROP,442,x1,?,
1769471570.2533512,RECEIVED,4e37d800-90c0-4636-b16f-cee7ad254eea,0b6865ec-e53c-448d-88a7-737bf553ada1,c2,DROP,1016,e1,?,
1769471570.41155,RECEIVED,dd6f3d34-2ab9-4392-8d84-c09922cbc75d,8331acb3-2a02-48a1-ace8-8f2654351a62,c3,c1,1764,e6,?,
1769471570.447264,RECEIVED,054ceecb-3e23-4fd4-8673-cf52b2a9f5cd,2cf6eafc-2a27-46dc-9367-df566007624a,c3,None,1604,e3,?,
1769471570.5955527,SENT,054ceecb-3e23-4fd4-8673-cf52b2a9f5cd,2cf6eafc-2a27-46dc-9367-df566007624a,c3,None,1131,?,x3,
1769471570.5955966,FORWARDED,054ceecb-3e23-4fd4-8673-cf52b2a9f5cd,2cf6eafc-2a27-46dc-9367-df566007624a,c3,None,1131,?,x3,
1769471570.6484697,SENT,dd6f3d34-2ab9-4392-8d84-c09922cbc75d,8331acb3-2a02-48a1-ace8-8f2654351a62,c3,c1,1250,?,x4,
1769471570.6485107,FORWARDED,dd6f3d34-2ab9-4392-8d84-c09922cbc75d,8331acb3-2a02-48a1-ace8-8f2654351a62,c3,c1,1250,?,x4,
1769471570.8260252,RECEIVED,dbd8b04f-7398-4719-ba5a-3289b8912dcf,e8e5bc38-e392-41fc-abe2-972c06eedeb2,c3,DROP,441,x5,?,
1769471570.863818,SENT,e60c6074-eb20-46e3-802a-99fd58bab3bd,2a666657-5600-4fdd-a398-5bf9ca833ba2,c2,DROP,685,?,x1,
1769471570.8638601,FORWARDED,e60c6074-eb20-46e3-802a-99fd58bab3bd,2a666657-5600-4fdd-a398-5bf9ca833ba2,c2,DROP,685,?,x1,
1769471571.0984952,RECEIVED,d9f4bd40-b63a-4a79-a67c-3c4e020d4049,c95abdc3-32f5-4e43-8345-d378a98011b6,c4,DROP,1015,e1,?,
1769471571.1899529,RECEIVED,286cdc12-1412-4a99-9db1-f2fba5c31595,d7ab83e7-3415-4208-af63-1f9d067ab3a8,c4,DROP,1012,e5,?,
1769471571.1929266,SENT,d9f4bd40-b63a-4a79-a67c-3c4e020d4049,c95abdc3-32f5-4e43-8345-d378a98011b6,c4,DROP,688,?,x5,
1769471571.1930954,FORWARDED,d9f4bd40-b63a-4a79-a67c-3c4e020d4049,c95abdc3-32f5-4e43-8345-d378a98011b6,c4,DROP,688,?,x5,
1769471571.3547215,RECEIVED,d632daa9-03ff-4d04-916d-d8610379fd9a,30afce96-deb6-40f5-9d9a-5133255fa605,c5,DROP,1011,e9,?,
1769471571.455302,SENT,d632daa9-03ff-4d04-916d-d8610379fd9a,30afce96-deb6-40f5-9d9a-5133255fa605,c5,DROP,687,?,x7,
1769471571.4553447,FORWARDED,d632daa9-03ff-4d04-916d-d8610379fd9a,30afce96-deb6-40f5-9d9a-5133255fa605,c5,DROP,687,?,x7,
1769471571.4618652,SENT,4e37d800-90c0-4636-b16f-cee7ad254eea,0b6865ec-e53c-448d-88a7-737bf553ada1,c2,DROP,689,?,x11,
1769471571.461904,FORWARDED,4e37d800-90c0-4636-b16f-cee7ad254eea,0b6865ec-e53c-448d-88a7-737bf553ada1,c2,DROP,689,?,x11,
1769471571.4978318,RECEIVED,fbfb163b-7771-4699-b591-80b3871096bb,92a0a58b-365a-4032-956a-fb50a5dd5b47,c4,DROP,1003,e2,?,
1769471571.5150948,SENT,286cdc12-1412-4a99-9db1-f2fba5c31595,d7ab83e7-3415-4208-af63-1f9d067ab3a8,c4,DROP,687,?,x8,
1769471571.515159,FORWARDED,286cdc12-1412-4a99-9db1-f2fba5c31595,d7ab83e7-3415-4208-af63-1f9d067ab3a8,c4,DROP,687,?,x8,
1769471571.5955303,SENT,0174dc20-5d1c-473c-9210-ef9f5e51adff,d3de9981-0d2d-4c57-8ddb-a4b5c9fc3731,c2,DROP,682,?,x4,
1769471571.5955713,FORWARDED,0174dc20-5d1c-473c-9210-ef9f5e51adff,d3de9981-0d2d-4c57-8ddb-a4b5c9fc3731,c2,DROP,682,?,x4,
1769471571.6287804,RECEIVED,262632a6-e72a-4d17-93c8-68e130956447,3b65bf81-9aa1-4d7c-a50d-f5345287dd96,c1,c3,1771,e5,?,
1769471571.7807446,RECEIVED,2bdf2adb-d74c-49df-91ce-3835e04abf77,479df489-e0b9-4e03-94c4-daae97f9c566,c5,DROP,1015,e7,?,
1769471571.8269517,RECEIVED,9d38ea8a-4f80-45a3-b72c-480302a7b957,a0603639-043d-451b-841f-f92b550edffe,c4,c3,1775,e1,?,
1769471572.0083303,RECEIVED,8c747792-292c-4760-ab40-cbb4bbff2fa9,9a06ec4c-1cbc-4f5d-b225-77a9bc65f24a,c5,DROP,1012,e7,?,
1769471572.0185716,SENT,fbfb163b-7771-4699-b591-80b3871096bb,92a0a58b-365a-4032-956a-fb50a5dd5b47,c4,DROP,679,?,x6,
1769471572.0186145,FORWARDED,fbfb163b-7771-4699-b591-80b3871096bb,92a0a58b-365a-4032-956a-fb50a5dd5b47,c4,DROP,679,?,x6,
1769471572.0936766,RECEIVED,c7253857-7e60-4275-9677-cf147b2430b5,9a39133e-a426-4669-a508-6a10f616f032,c3,DROP,1008,e4,?,
1769471572.1417184,RECEIVED,80452939-6844-4f01-a88b-5c7ac07a3c8f,3522efda-9c23-4aa5-92f5-95702cc03c47,c5,DROP,1007,e2,?,
1769471572.1544745,SENT,262632a6-e72a-4d17-93c8-68e130956447,3b65bf81-9aa1-4d7c-a50d-f5345287dd96,c1,c3,1257,?,x8,
1769471572.1545162,FORWARDED,262632a6-e72a-4d17-93c8-68e130956447,3b65bf81-9aa1-4d7c-a50d-f5345287dd96,c1,c3,1257,?,x8,
1769471572.2016106,SENT,8c747792-292c-4760-ab40-cbb4bbff2fa9,9a06ec4c-1cbc-4f5d-b225-77a9bc65f24a,c5,DROP,685,?,x9,
1769471572.2016554,FORWARDED,8c747792-292c-4760-ab40-cbb4bbff2fa9,9a06ec4c-1cbc-4f5d-b225-77a9bc65f24a,c5,DROP,685,?,x9,
1769471572.2126696,SENT,c7253857-7e60-4275-9677-cf147b2430b5,9a39133e-a426-4669-a508-6a10f616f032,c3,DROP,683,?,x6,
1769471572.2127128,FORWARDED,c7253857-7e60-4275-9677-cf147b2430b5,9a39133e-a426-4669-a508-6a10f616f032,c3,DROP,683,?,x6,
1769471572.2987885,RECEIVED,6a37a0c1-c531-4c59-8d44-18a575d739e0,7277ef04-a906-485e-b856-551b9f6ad38a,c3,DROP,441,x6,?,
1769471572.5563118,RECEIVED,1d72737c-e947-4e9c-85f7-4841369ce260,0353ca09-9d26-4e3a-ab3e-11daa1e50f0a,c3,DROP,1007,e3,?,
1769471572.5964034,RECEIVED,73553488-3089-497a-b1d5-2c1f66b874af,5fcfe01a-d1b8-40c8-b723-1bcf229fc52f,c4,DROP,1007,e6,?,
1769471572.7817137,RECEIVED,db9b7e69-7e71-4e72-9255-7cd57471664d,ec88e09d-1c0b-41c2-890c-1c6fd68cd3b6,c2,DROP,1007,e1,?,
1769471572.8038871,RECEIVED,9e5e45c3-0bd6-4aae-bd7b-cd6f05f6eb98,b1afaa67-c3c9-445c-9579-90d415be22e5,c1,DROP,1007,e9,?,
1769471573.084805,RECEIVED,0296e194-09f1-4b54-a75a-e0d3cc61f405,089c96fc-9312-4a05-a49b-b1b7363d794a,c4,c3,1774,e3,?,
1769471573.1021807,RECEIVED,434e2a4e-2b98-4f65-a288-6b6b8e41b5f2,fd9d0a07-d342-484e-afc8-0227f5ea4fbc,c3,DROP,1009,e2,?,
1769471573.1044672,SENT,80452939-6844-4f01-a88b-5c7ac07a3c8f,3522efda-9c23-4aa5-92f5-95702cc03c47,c5,DROP,683,?,x7,
1769471573.1045072,FORWARDED,80452939-6844-4f01-a88b-5c7ac07a3c8f,3522efda-9c23-4aa5-92f5-95702cc03c47,c5,DROP,683,?,x7,
1769471573.115592,SENT,db9b7e69-7e71-4e72-9255-7cd57471664d,ec88e09d-1c0b-41c2-890c-1c6fd68cd3b6,c2,DROP,684,?,x8,
1769471573.1156337,FORWARDED,db9b7e69-7e71-4e72-9255-7cd57471664d,ec88e09d-1c0b-41c2-890c-1c6fd68cd3b6,c2,DROP,684,?,x8,
1769471573.2172182,RECEIVED,f6218a6e-82fb-449d-a3a7-7de9192110e6,c60589ba-9a8e-48d1-a8d6-9c0b9b698935,c1,c3,1772,e2,?,
1769471573.2255425,SENT,73553488-3089-497a-b1d5-2c1f66b874af,5fcfe01a-d1b8-40c8-b723-1bcf229fc52f,c4,DROP,683,?,x12,
1769471573.2255828,FORWARDED,73553488-3089-497a-b1d5-2c1f66b874af,5fcfe01a-d1b8-40c8-b723-1bcf229fc52f,c4,DROP,683,?,x12,
1769471573.2490232,RECEIVED,3b126c4f-9f78-4ee1-8292-6ddc692dabd7,3bb87327-2771-4b8c-8f11-91d494762f00,c4,DROP,1008,e1,?,
1769471573.2531688,SENT,434e2a4e-2b98-4f65-a288-6b6b8e41b5f2,fd9d0a07-d342-484e-afc8-0227f5ea4fbc,c3,DROP,682,?,x12,
1769471573.2532198,FORWARDED,434e2a4e-2b98-4f65-a288-6b6b8e41b5f2,fd9d0a07-d342-484e-afc8-0227f5ea4fbc,c3,DROP,682,?,x12,
1769471573.2556908,RECEIVED,e8295fd6-fb36-4dfb-b22e-91a433084376,16c4657a-6497-43d4-a982-c1b35170e18a,c5,DROP,1007,e6,?,
1769471573.324811,RECEIVED,9215b44a-f230-432f-8470-551061422396,987ef6a7-1969-4196-8928-fd3a94c54e3d,c3,DROP,1020,e12,?,
1769471573.3255181,SENT,f6218a6e-82fb-449d-a3a7-7de9192110e6,c60589ba-9a8e-48d1-a8d6-9c0b9b698935,c1,c3,1256,?,x2,
1769471573.3255599,FORWARDED,f6218a6e-82fb-449d-a3a7-7de9192110e6,c60589ba-9a8e-48d1-a8d6-9c0b9b698935,c1,c3,1256,?,x2,
1769471573.3630185,RECEIVED,182bd3cb-6e83-4654-a030-871228a957d7,4519a805-0a34-4bdb-9edb-b057337dc3fc,c2,c4,1773,e7,?,
1769471573.412554,RECEIVED,e16476fe-beac-475e-b256-527820b4f342,f8b344c0-a9e2-4836-9172-495c5f4774fa,c4,DROP,1008,e8,?,
1769471573.4311302,SENT,182bd3cb-6e83-4654-a030-871228a957d7,4519a805-0a34-4bdb-9edb-b057337dc3fc,c2,c4,1255,?,x4,
1769471573.431172,FORWARDED,182bd3cb-6e83-4654-a030-871228a957d7,4519a805-0a34-4bdb-9edb-b057337dc3fc,c2,c4,1255,?,x4,
1769471573.4457946,SENT,2bdf2adb-d74c-49df-91ce-3835e04abf77,479df489-e0b9-4e03-94c4-daae97f9c566,c5,DROP,688,?,x3,
1769471573.4458342,FORWARDED,2bdf2adb-d74c-49df-91ce-3835e04abf77,479df489-e0b9-4e03-94c4-daae97f9c566,c5,DROP,688,?,x3,
1769471573.4932208,SENT,3b126c4f-9f78-4ee1-8292-6ddc692dabd7,3bb87327-2771-4b8c-8f11-91d494762f00,c4,DROP,684,?,x9,
1769471573.4932618,FORWARDED,3b126c4f-9f78-4ee1-8292-6ddc692dabd7,3bb87327-2771-4b8c-8f11-91d494762f00,c4,DROP,684,?,x9,
1769471573.5094564,SENT,e8295fd6-fb36-4dfb-b22e-91a433084376,16c4657a-6497-43d4-a982-c1b35170e18a,c5,DROP,683,?,x5,
1769471573.509497,FORWARDED,e8295fd6-fb36-4dfb-b22e-91a433084376,16c4657a-6497-43d4-a982-c1b35170e18a,c5,DROP,683,?,x5,
1769471573.5267627,SENT,e16476fe-beac-475e-b256-527820b4f342,f8b344c0-a9e2-4836-9172-495c5f4774fa,c4,DROP,684,?,x7,
1769471573.5268028,FORWARDED,e16476fe-beac-475e-b256-527820b4f342,f8b344c0-a9e2-4836-9172-495c5f4774fa,c4,DROP,684,?,x7,
1769471573.5791824,RECEIVED,64d273f9-1b4d-4701-81b8-27729925094a,abf67602-628c-4f75-80fa-5d1652392e06,c1,DROP,441,x1,?,
1769471573.7277598,SENT,9215b44a-f230-432f-8470-551061422396,987ef6a7-1969-4196-8928-fd3a94c54e3d,c3,DROP,693,?,x7,
1769471573.7277966,FORWARDED,9215b44a-f230-432f-8470-551061422396,987ef6a7-1969-4196-8928-fd3a94c54e3d,c3,DROP,693,?,x7,
1769471573.76737,RECEIVED,db3e1ce0-37a5-4183-af90-700179f6bff2,7e277660-03b5-467f-869b-9af4de68013b,c4,DROP,1010,e2,?,
1769471573.8174303,SENT,9e5e45c3-0bd6-4aae-bd7b-cd6f05f6eb98,b1afaa67-c3c9-445c-9579-90d415be22e5,c1,DROP,683,?,x6,
1769471573.8174725,FORWARDED,9e5e45c3-0bd6-4aae-bd7b-cd6f05f6eb98,b1afaa67-c3c9-445c-9579-90d415be22e5,c1,DROP,683,?,x6,
1769471573.8584766,RECEIVED,32704f8b-3f0d-4e81-8fd7-99bba5cbd387,01d899e6-14bb-4a6c-935a-243d0a42d184,c4,DROP,1019,e11,?,
1769471573.868992,RECEIVED,233ad94d-3ea0-4a67-8e76-b1a96051983a,dbafb8ae-ff65-4989-9d55-adac38fa3bdd,c3,DROP,1008,e11,?,
1769471573.8795269,SENT,9d38ea8a-4f80-45a3-b72c-480302a7b957,a0603639-043d-451b-841f-f92b550edffe,c4,c3,1259,?,x8,
1769471573.8795698,FORWARDED,9d38ea8a-4f80-45a3-b72c-480302a7b957,a0603639-043d-451b-841f-f92b550edffe,c4,c3,1259,?,x8,
1769471573.9370813,SENT,233ad94d-3ea0-4a67-8e76-b1a96051983a,dbafb8ae-ff65-4989-9d55-adac38fa3bdd,c3,DROP,684,?,x5,
1769471573.937124,FORWARDED,233ad94d-3ea0-4a67-8e76-b1a96051983a,dbafb8ae-ff65-4989-9d55-adac38fa3bdd,c3,DROP,684,?,x5,
1769471573.9455407,RECEIVED,6d9d06e5-625d-4efd-aaa4-496e38433444,633e0c74-9aa3-4790-8800-ef052a1fd058,c5,DROP,1007,e4,?,
1769471573.9711382,SENT,32704f8b-3f0d-4e81-8fd7-99bba5cbd387,01d899e6-14bb-4a6c-935a-243d0a42d184,c4,DROP,692,?,x1,
1769471573.9711797,FORWARDED,32704f8b-3f0d-4e81-8fd7-99bba5cbd387,01d899e6-14bb-4a6c-935a-243d0a42d184,c4,DROP,692,?,x1,
1769471574.070029,RECEIVED,4eab8eeb-2ca3-4dbf-9b56-ca3731fef511,7ab86a3b-d5f6-407b-bf02-595c3daa5cc5,c4,DROP,1011,e4,?,
1769471574.1982229,RECEIVED,499a4f28-84dc-498a-b4b5-0252b9214f6c,7b5d2ba6-ffce-45da-9ca3-ddff032ead3b,c2,DROP,1009,e4,?,
1769471574.2956557,SENT,db3e1ce0-37a5-4183-af90-700179f6bff2,7e277660-03b5-467f-869b-9af4de68013b,c4,DROP,686,?,x5,
1769471574.295706,FORWARDED,db3e1ce0-37a5-4183-af90-700179f6bff2,7e277660-03b5-467f-869b-9af4de68013b,c4,DROP,686,?,x5,
1769471574.3171685,SENT,499a4f28-84dc-498a-b4b5-0252b9214f6c,7b5d2ba6-ffce-45da-9ca3-ddff032ead3b,c2,DROP,683,?,x12,
1769471574.3172114,FORWARDED,499a4f28-84dc-498a-b4b5-0252b9214f6c,7b5d2ba6-ffce-45da-9ca3-ddff032ead3b,c2,DROP,683,?,x12,
1769471574.3355596,RECEIVED,62810ef0-c985-4840-ba4d-7b76e187ec0a,c43fb270-7a7b-4ee6-a836-0dd2ceb5b851,c4,DROP,1015,e1,?,
1769471574.3701272,SENT,1d72737c-e947-4e9c-85f7-4841369ce260,0353ca09-9d26-4e3a-ab3e-11daa1e50f0a,c3,DROP,682,?,x8,
1769471574.3701677,FORWARDED,1d72737c-e947-4e9c-85f7-4841369ce260,0353ca09-9d26-4e3a-ab3e-11daa1e50f0a,c3,DROP,682,?,x8,
1769471574.3947392,RECEIVED,ae633eac-4eb7-4a34-9563-51df4ad8c3a5,2e152cf1-d713-47cf-a072-0f8514c2f3ed,c1,None,1599,e10,?,
1769471574.6833057,RECEIVED,b25e2191-5104-4dea-80bb-9d166d566404,793fd671-e2a9-4cb7-92b4-e41352379c51,c5,c1,1762,e7,?,
1769471574.6876316,SENT,0296e194-09f1-4b54-a75a-e0d3cc61f405,089c96fc-9312-4a05-a49b-b1b7363d794a,c4,c3,1259,?,x7,
1769471574.687673,FORWARDED,0296e194-09f1-4b54-a75a-e0d3cc61f405,089c96fc-9312-4a05-a49b-b1b7363d794a,c4,c3,1259,?,x7,
1769471574.7499356,RECEIVED,71002a05-206b-4d08-88fc-a3a016b8c7a1,be0baff6-747c-4512-939b-98658311250c,c1,DROP,1008,e9,?,
1769471574.8017635,SENT,ae633eac-4eb7-4a34-9563-51df4ad8c3a5,2e152cf1-d713-47cf-a072-0f8514c2f3ed,c1,None,1127,?,x1,
1769471574.8018048,FORWARDED,ae633eac-4eb7-4a34-9563-51df4ad8c3a5,2e152cf1-d713-47cf-a072-0f8514c2f3ed,c1,None,1127,?,x1,
1769471574.804306,RECEIVED,628f4945-c753-45c6-bd74-b3c5ecdfe6f4,3e1a6a4f-a1a7-4bc3-9368-08ee8178fcd7,c3,None,1600,e1,?,
1769471574.8097463,SENT,71002a05-206b-4d08-88fc-a3a016b8c7a1,be0baff6-747c-4512-939b-98658311250c,c1,DROP,683,?,x5,
1769471574.8097882,FORWARDED,71002a05-206b-4d08-88fc-a3a016b8c7a1,be0baff6-747c-4512-939b-98658311250c,c1,DROP,683,?,x5,
1769471574.852297,SENT,b25e2191-5104-4dea-80bb-9d166d566404,793fd671-e2a9-4cb7-92b4-e41352379c51,c5,c1,1251,?,x3,
1769471574.8523383,FORWARDED,b25e2191-5104-4dea-80bb-9d166d566404,793fd671-e2a9-4cb7-92b4-e41352379c51,c5,c1,1251,?,x3,
1769471574.875175,SENT,628f4945-c753-45c6-bd74-b3c5ecdfe6f4,3e1a6a4f-a1a7-4bc3-9368-08ee8178fcd7,c3,None,1127,?,x2,
1769471574.8752246,FORWARDED,628f4945-c753-45c6-bd74-b3c5ecdfe6f4,3e1a6a4f-a1a7-4bc3-9368-08ee8178fcd7,c3,None,1127,?,x2,
1769471574.9147375,RECEIVED,c34090fd-aae8-495a-8355-8a6f9a638565,a90ad871-5496-4343-952a-34061c86ba9f,c4,DROP,1008,e4,?,
1769471575.048287,SENT,4eab8eeb-2ca3-4dbf-9b56-ca3731fef511,7ab86a3b-d5f6-407b-bf02-595c3daa5cc5,c4,DROP,687,?,x2,
1769471575.0483305,FORWARDED,4eab8eeb-2ca3-4dbf-9b56-ca3731fef511,7ab86a3b-d5f6-407b-bf02-595c3daa5cc5,c4,DROP,687,?,x2,
1769471575.05122,RECEIVED,75c27f5b-d8de-475a-b86e-63fcea8b0304,ebab44da-1461-4736-8324-a0fca39853bd,c3,DROP,1019,e7,?,
1769471575.0754566,RECEIVED,6f7ce4b9-5836-4b9c-8c5c-735e068c12e4,b54e8d06-626b-4b49-a7ef-f8dce702afd4,c1,c3,1789,e10,?,
1769471575.22717,RECEIVED,a5e7887b-ebd2-438b-8a23-7b200c22003e,be8477ff-17b1-4002-bf92-cf75973b561e,c4,DROP,442,x10,?,
1769471575.300729,SENT,c34090fd-aae8-495a-8355-8a6f9a638565,a90ad871-5496-4343-952a-34061c86ba9f,c4,DROP,684,?,x11,
1769471575.3007708,FORWARDED,c34090fd-aae8-495a-8355-8a6f9a638565,a90ad871-5496-4343-952a-34061c86ba9f,c4,DROP,684,?,x11,
1769471575.3335755,SENT,6f7ce4b9-5836-4b9c-8c5c-735e068c12e4,b54e8d06-626b-4b49-a7ef-f8dce702afd4,c1,c3,1267,?,x11,
1769471575.3336153,FORWARDED,6f7ce4b9-5836-4b9c-8c5c-735e068c12e4,b54e8d06-626b-4b49-a7ef-f8dce702afd4,c1,c3,1267,?,x11,
1769471575.414363,RECEIVED,b3303b7c-2c8a-4bde-a76b-1f83d802c2dd,65649256-a0f8-43e9-a9a5-1cea7f2b5a5f,c5,DROP,1010,e4,?,
1769471575.5327163,SENT,62810ef0-c985-4840-ba4d-7b76e187ec0a,c43fb270-7a7b-4ee6-a836-0dd2ceb5b851,c4,DROP,688,?,x7,
1769471575.532757,FORWARDED,62810ef0-c985-4840-ba4d-7b76e187ec0a,c43fb270-7a7b-4ee6-a836-0dd2ceb5b851,c4,DROP,688,?,x7,
1769471575.6512575,RECEIVED,b0eb6cec-cd29-408b-9a67-9fe26301d0ee,a7cfb8d3-7854-4968-b62c-1368c02eeda2,c2,DROP,1015,e6,?,
1769471575.6991367,SENT,6d9d06e5-625d-4efd-aaa4-496e38433444,633e0c74-9aa3-4790-8800-ef052a1fd058,c5,DROP,682,?,x4,
1769471575.6991794,FORWARDED,6d9d06e5-625d-4efd-aaa4-496e38433444,633e0c74-9aa3-4790-8800-ef052a1fd058,c5,DROP,682,?,x4,
1769471575.7707047,RECEIVED,22296140-ef1a-4cff-9556-4a1e84b5cbfd,0d67136c-21d0-43d3-940c-2bf460c8591c,c2,c4,1768,e1,?,
1769471575.772289,SENT,75c27f5b-d8de-475a-b86e-63fcea8b0304,ebab44da-1461-4736-8324-a0fca39853bd,c3,DROP,692,?,x4,
1769471575.7723289,FORWARDED,75c27f5b-d8de-475a-b86e-63fcea8b0304,ebab44da-1461-4736-8324-a0fca39853bd,c3,DROP,692,?,x4,
1769471575.8572948,RECEIVED,c5c73ffc-6ad0-4b11-867f-50079e64fab2,312aecd4-bd19-4b72-9969-650d66a11f8b,c4,DROP,1008,e12,?,
1769471575.8828893,SENT,22296140-ef1a-4cff-9556-4a1e84b5cbfd,0d67136c-21d0-43d3-940c-2bf460c8591c,c2,c4,1253,?,x2,
1769471575.8829315,FORWARDED,22296140-ef1a-4cff-9556-4a1e84b5cbfd,0d67136c-21d0-43d3-940c-2bf460c8591c,c2,c4,1253,?,x2,
1769471575.983364,RECEIVED,45697c2e-d4e2-466b-a16b-1343a242b2a1,627cafb1-1b09-4faf-bab2-682183616122,c5,DROP,1004,e5,?,
1769471575.986965,RECEIVED,92de6825-a2f6-446a-bf7f-0f79782a7259,fb72552d-e72e-4598-a92d-6b06a1473168,c5,DROP,1004,e5,?,
1769471576.1395876,RECEIVED,061ef9d4-2875-4954-965b-d32af5ebedfd,428c109f-3a87-4397-8d70-7dadf771fab5,c2,c4,1771,e1,?,
1769471576.1559892,RECEIVED,2f56c559-7719-48c1-b93d-a3f8b2ec9ab6,f37cfcee-366c-45df-a9fa-405b750d57ff,c4,DROP,1008,e12,?,
1769471576.180254,RECEIVED,393c71ad-66c0-4eb2-95c4-16d1ee07ffe4,8b15e185-16b2-4fef-b925-b0f457f1220f,c5,DROP,442,x7,?,
1769471576.2072077,RECEIVED,0ee7686d-eff7-4276-a563-f0a77ddbbb8f,23e6f4b5-8b3d-464e-b786-65617cbc21d1,c1,c3,1777,e10,?,
1769471576.2596953,SENT,2f56c559-7719-48c1-b93d-a3f8b2ec9ab6,f37cfcee-366c-45df-a9fa-405b750d57ff,c4,DROP,683,?,x5,
1769471576.2597365,FORWARDED,2f56c559-7719-48c1-b93d-a3f8b2ec9ab6,f37cfcee-366c-45df-a9fa-405b750d57ff,c4,DROP,683,?,x5,
1769471576.2708497,SENT,c5c73ffc-6ad0-4b11-867f-50079e64fab2,312aecd4-bd19-4b72-9969-650d66a11f8b,c4,DROP,684,?,x3,
1769471576.2708907,FORWARDED,c5c73ffc-6ad0-4b11-867f-50079e64fab2,312aecd4-bd19-4b72-9969-650d66a11f8b,c4,DROP,684,?,x3,
1769471576.2766716,SENT,92de6825-a2f6-446a-bf7f-0f79782a7259,fb72552d-e72e-4598-a92d-6b06a1473168,c5,DROP,680,?,x2,
1769471576.276714,FORWARDED,92de6825-a2f6-446a-bf7f-0f79782a7259,fb72552d-e72e-4598-a92d-6b06a1473168,c5,DROP,680,?,x2,
1769471576.3636844,SENT,0ee7686d-eff7-4276-a563-f0a77ddbbb8f,23e6f4b5-8b3d-464e-b786-65617cbc21d1,c1,c3,1259,?,x10,
1769471576.363721,FORWARDED,0ee7686d-eff7-4276-a563-f0a77ddbbb8f,23e6f4b5-8b3d-464e-b786-65617cbc21d1,c1,c3,1259,?,x10,
1769471576.374566,SENT,45697c2e-d4e2-466b-a16b-1343a242b2a1,627cafb1-1b09-4faf-bab2-682183616122,c5,DROP,681,?,x10,
1769471576.3746126,FORWARDED,45697c2e-d4e2-466b-a16b-1343a242b2a1,627cafb1-1b09-4faf-bab2-682183616122,c5,DROP,681,?,x10,
1769471576.4552512,RECEIVED,53230c02-b5e7-47e6-b591-608936c64fff,9e1d0a5b-23c1-41a4-9326-af27530a2c08,c3,DROP,1007,e8,?,
1769471576.5413334,SENT,53230c02-b5e7-47e6-b591-608936c64fff,9e1d0a5b-23c1-41a4-9326-af27530a2c08,c3,DROP,684,?,x9,
1769471576.541376,FORWARDED,53230c02-b5e7-47e6-b591-608936c64fff,9e1d0a5b-23c1-41a4-9326-af27530a2c08,c3,DROP,684,?,x9,
1769471576.790018,RECEIVED,ce11acb4-6b4a-461a-a8d7-92c23d318229,0855d16d-2df9-4336-a0cb-2f2f8114f85d,c5,DROP,1007,e4,?,
1769471576.847183,SENT,ce11acb4-6b4a-461a-a8d7-92c23d318229,0855d16d-2df9-4336-a0cb-2f2f8114f85d,c5,DROP,683,?,x9,
1769471576.8472257,FORWARDED,ce11acb4-6b4a-461a-a8d7-92c23d318229,0855d16d-2df9-4336-a0cb-2f2f8114f85d,c5,DROP,683,?,x9,
1769471577.0359766,SENT,b0eb6cec-cd29-408b-9a67-9fe26301d0ee,a7cfb8d3-7854-4968-b62c-1368c02eeda2,c2,DROP,688,?,x5,
1769471577.0360165,FORWARDED,b0eb6cec-cd29-408b-9a67-9fe26301d0ee,a7cfb8d3-7854-4968-b62c-1368c02eeda2,c2,DROP,688,?,x5,
1769471577.2446055,SENT,061ef9d4-2875-4954-965b-d32af5ebedfd,428c109f-3a87-4397-8d70-7dadf771fab5,c2,c4,1255,?,x11,
1769471577.2446473,FORWARDED,061ef9d4-2875-4954-965b-d32af5ebedfd,428c109f-3a87-4397-8d70-7dadf771fab5,c2,c4,1255,?,x11,
1769471577.2968512,RECEIVED,2c3b2cb9-050a-4d28-91a1-a66a5c7debd4,765f992f-fa2a-46eb-a9c0-b11f2aa2bbc4,c2,DROP,1007,e3,?,
1769471577.3381011,RECEIVED,f7163b65-c575-44d0-a7d7-fd7bea62ee56,46c447b0-7606-4165-ba44-a7f86b1a9e54,c4,DROP,1012,e9,?,
1769471577.4005406,SENT,b3303b7c-2c8a-4bde-a76b-1f83d802c2dd,65649256-a0f8-43e9-a9a5-1cea7f2b5a5f,c5,DROP,685,?,x1,
1769471577.4005826,FORWARDED,b3303b7c-2c8a-4bde-a76b-1f83d802c2dd,65649256-a0f8-43e9-a9a5-1cea7f2b5a5f,c5,DROP,685,?,x1,
1769471577.4127724,SENT,f7163b65-c575-44d0-a7d7-fd7bea62ee56,46c447b0-7606-4165-ba44-a7f86b1a9e54,c4,DROP,687,?,x8,
1769471577.4128137,FORWARDED,f7163b65-c575-44d0-a7d7-fd7bea62ee56,46c447b0-7606-4165-ba44-a7f86b1a9e54,c4,DROP,687,?,x8,
1769471577.5406551,RECEIVED,a18b2ed5-201a-453c-b6b2-e4a78ee913b4,ef09ff05-74d9-41b5-bc29-373ce5943c14,c5,DROP,1011,e9,?,
1769471577.5542338,RECEIVED,cabbd41e-3f14-40f1-be3e-a8cf29066ddb,ccf55c2f-b3a2-4506-a02b-ec71138071bc,c2,DROP,1015,e9,?,
1769471577.702404,RECEIVED,6a848644-8ce7-43ff-9528-67160c228e47,b0df59a4-d092-400b-8f85-bd13fa5669f9,c1,None,1595,e11,?,
1769471577.7620711,RECEIVED,cb573443-0eeb-4489-b75f-3da50ea210f2,a0f79855-f331-4b1a-ba45-d6e47038475a,c5,DROP,1008,e1,?,
1769471577.765199,RECEIVED,bf5754c9-27e6-4af7-81de-3fc1dff9c7de,bbe45d15-36c3-4e0d-8497-aa0b34ca585d,c2,DROP,1009,e7,?,
1769471577.8208742,SENT,cabbd41e-3f14-40f1-be3e-a8cf29066ddb,ccf55c2f-b3a2-4506-a02b-ec71138071bc,c2,DROP,688,?,x6,
1769471577.8209167,FORWARDED,cabbd41e-3f14-40f1-be3e-a8cf29066ddb,ccf55c2f-b3a2-4506-a02b-ec71138071bc,c2,DROP,688,?,x6,
1769471577.8885827,SENT,2c3b2cb9-050a-4d28-91a1-a66a5c7debd4,765f992f-fa2a-46eb-a9c0-b11f2aa2bbc4,c2,DROP,683,?,x7,
1769471577.8886254,FORWARDED,2c3b2cb9-050a-4d28-91a1-a66a5c7debd4,765f992f-fa2a-46eb-a9c0-b11f2aa2bbc4,c2,DROP,683,?,x7,
1769471577.9336793,SENT,cb573443-0eeb-4489-b75f-3da50ea210f2,a0f79855-f331-4b1a-ba45-d6e47038475a,c5,DROP,684,?,x4,
1769471577.93372,FORWARDED,cb573443-0eeb-4489-b75f-3da50ea210f2,a0f79855-f331-4b1a-ba45-d6e47038475a,c5,DROP,684,?,x4,
1769471577.989827,RECEIVED,07d13d40-4044-4a26-b585-f4d901dd2f09,8fc7566d-a5a2-4e01-8c73-c134ecbbedda,c3,None,1595,e11,?,
1769471578.0453205,SENT,a18b2ed5-201a-453c-b6b2-e4a78ee913b4,ef09ff05-74d9-41b5-bc29-373ce5943c14,c5,DROP,685,?,x2,
1769471578.0453622,FORWARDED,a18b2ed5-201a-453c-b6b2-e4a78ee913b4,ef09ff05-74d9-41b5-bc29-373ce5943c14,c5,DROP,685,?,x2,
1769471578.0707397,RECEIVED,aa0c356f-e550-440e-8950-c86914e030b1,a40851e0-4aa2-4a9e-83bc-2b91eb9465ce,c2,c4,1776,e4,?,
1769471578.0934067,SENT,bf5754c9-27e6-4af7-81de-3fc1dff9c7de,bbe45d15-36c3-4e0d-8497-aa0b34ca585d,c2,DROP,684,?,x11,
1769471578.0934415,FORWARDED,bf5754c9-27e6-4af7-81de-3fc1dff9c7de,bbe45d15-36c3-4e0d-8497-aa0b34ca585d,c2,DROP,684,?,x11,
1769471578.1335182,RECEIVED,af6a678c-cefd-4a9e-bc31-12be354f563c,c445409b-72e3-4ca1-a330-ddbbb62cc179,c1,DROP,438,x4,?,
1769471578.2539802,RECEIVED,c8e77fe1-72f8-4f7f-815f-e4bb100efbb7,951034f2-9754-4b61-9c89-2f03bc5212ac,c3,None,1607,e7,?,
1769471578.4446888,RECEIVED,a2f1314c-89fa-4c56-ab20-1bd63266615d,8d3979b1-87f2-4eb5-bade-34e7e9bb3bdc,c2,DROP,1008,e8,?,
1769471578.457147,SENT,c8e77fe1-72f8-4f7f-815f-e4bb100efbb7,951034f2-9754-4b61-9c89-2f03bc5212ac,c3,None,1132,?,x7,
1769471578.4571888,FORWARDED,c8e77fe1-72f8-4f7f-815f-e4bb100efbb7,951034f2-9754-4b61-9c89-2f03bc5212ac,c3,None,1132,?,x7,
1769471578.487307,SENT,6a848644-8ce7-43ff-9528-67160c228e47,b0df59a4-d092-400b-8f85-bd13fa5669f9,c1,None,1123,?,x6,
1769471578.4873502,FORWARDED,6a848644-8ce7-43ff-9528-67160c228e47,b0df59a4-d092-400b-8f85-bd13fa5669f9,c1,None,1123,?,x6,
1769471578.5260653,RECEIVED,866f034f-988b-4a95-a933-ca57fcef9cfe,5924259e-31e7-494a-8aef-6af82ff4323d,c5,DROP,1021,e2,?,
1769471578.5444252,RECEIVED,51d698ec-b1b8-457f-993c-3ddc0c6d42b4,4baf7c1c-babf-46d0-a897-8628a64cce57,c3,DROP,437,x6,?,
1769471578.6313784,SENT,a2f1314c-89fa-4c56-ab20-1bd63266615d,8d3979b1-87f2-4eb5-bade-34e7e9bb3bdc,c2,DROP,684,?,x3,
1769471578.63142,FORWARDED,a2f1314c-89fa-4c56-ab20-1bd63266615d,8d3979b1-87f2-4eb5-bade-34e7e9bb3bdc,c2,DROP,684,?,x3,
1769471578.7433434,SENT,07d13d40-4044-4a26-b585-f4d901dd2f09,8fc7566d-a5a2-4e01-8c73-c134ecbbedda,c3,None,1125,?,x8,
1769471578.7433908,FORWARDED,07d13d40-4044-4a26-b585-f4d901dd2f09,8fc7566d-a5a2-4e01-8c73-c134ecbbedda,c3,None,1125,?,x8,
1769471578.7817855,SENT,aa0c356f-e550-440e-8950-c86914e030b1,a40851e0-4aa2-4a9e-83bc-2b91eb9465ce,c2,c4,1259,?,x10,
1769471578.7818267,FORWARDED,aa0c356f-e550-440e-8950-c86914e030b1,a40851e0-4aa2-4a9e-83bc-2b91eb9465ce,c2,c4,1259,?,x10,
1769471578.8839188,RECEIVED,ec9b0bfc-62db-4c97-a0ef-355631de0d15,9362bfae-56ad-4702-a343-085b8a3a5454,c1,DROP,1011,e9,?,
1769471578.899916,RECEIVED,89a725c7-f617-4073-9a10-9125a80ea993,a39a65bb-8cd5-4d25-bcbe-81523043b676,c3,DROP,1012,e6,?,
1769471578.9141493,RECEIVED,8c2a6025-3643-4493-98cd-42725d924d81,739261d7-a3f1-4fd0-83a2-a1203a191f17,c1,DROP,1016,e8,?,
1769471578.9311032,RECEIVED,b168cd75-a52f-4b51-80b9-efe2019bbec0,7599cbf3-1fc5-4597-b4d4-ccd86ea4abcc,c1,None,1609,e8,?,
1769471578.9373906,SENT,866f034f-988b-4a95-a933-ca57fcef9cfe,5924259e-31e7-494a-8aef-6af82ff4323d,c5,DROP,691,?,x10,
1769471578.9374313,FORWARDED,866f034f-988b-4a95-a933-ca57fcef9cfe,5924259e-31e7-494a-8aef-6af82ff4323d,c5,DROP,691,?,x10,
1769471579.0014849,SENT,89a725c7-f617-4073-9a10-9125a80ea993,a39a65bb-8cd5-4d25-bcbe-81523043b676,c3,DROP,687,?,x1,
1769471579.0015244,FORWARDED,89a725c7-f617-4073-9a10-9125a80ea993,a39a65bb-8cd5-4d25-bcbe-81523043b676,c3,DROP,687,?,x1,
1769471579.0139983,SENT,ec9b0bfc-62db-4c97-a0ef-355631de0d15,9362bfae-56ad-4702-a343-085b8a3a5454,c1,DROP,686,?,x3,
1769471579.0140426,FORWARDED,ec9b0bfc-62db-4c97-a0ef-355631de0d15,9362bfae-56ad-4702-a343-085b8a3a5454,c1,DROP,686,?,x3,
1769471579.0799317,SENT,b168cd75-a52f-4b51-80b9-efe2019bbec0,7599cbf3-1fc5-4597-b4d4-ccd86ea4abcc,c1,None,1132,?,x10,
1769471579.0799751,FORWARDED,b168cd75-a52f-4b51-80b9-efe2019bbec0,7599cbf3-1fc5-4597-b4d4-ccd86ea4abcc,c1,None,1132,?,x10,
1769471579.1391416,RECEIVED,554b084f-3d7b-4d81-9f63-d59cf8ba7e07,d5ad768d-0d5e-449f-a8f7-65cb5ca70e74,c4,c3,1772,e1,?,
1769471579.139577,RECEIVED,11805f09-16e0-4637-83a8-dba7728ba4bb,4b719c2a-241f-453e-9030-16797850217a,c2,DROP,1010,e2,?,
1769471579.5133073,SENT,11805f09-16e0-4637-83a8-dba7728ba4bb,4b719c2a-241f-453e-9030-16797850217a,c2,DROP,686,?,x7,
1769471579.5133438,FORWARDED,11805f09-16e0-4637-83a8-dba7728ba4bb,4b719c2a-241f-453e-9030-16797850217a,c2,DROP,686,?,x7,
1769471579.670729,SENT,8c2a6025-3643-4493-98cd-42725d924d81,739261d7-a3f1-4fd0-83a2-a1203a191f17,c1,DROP,689,?,x11,
1769471579.670768,FORWARDED,8c2a6025-3643-4493-98cd-42725d924d81,739261d7-a3f1-4fd0-83a2-a1203a191f17,c1,DROP,689,?,x11,
1769471579.674211,SENT,554b084f-3d7b-4d81-9f63-d59cf8ba7e07,d5ad768d-0d5e-449f-a8f7-65cb5ca70e74,c4,c3,1255,?,x10,
1769471579.6742566,FORWARDED,554b084f-3d7b-4d81-9f63-d59cf8ba7e07,d5ad768d-0d5e-449f-a8f7-65cb5ca70e74,c4,c3,1255,?,x10,
1769471579.6850152,RECEIVED,5a739262-4a9a-4f43-bbeb-bc4e88e271de,cf201953-08a3-4b89-9f61-bd0564ea3dc4,c3,DROP,1011,e7,?,
1769471579.737866,RECEIVED,bb5127be-a75d-4480-a362-f234692544a3,aff59fc4-befe-4709-a376-95e57782a294,c2,c4,1764,e7,?,
1769471579.7972107,RECEIVED,70c8b17f-96d3-4a24-a51b-cedb7a322080,c14ba254-3aea-445f-828e-a93003d6294e,c3,DROP,444,x2,?,
1769471579.9649403,RECEIVED,b67fd7af-230d-4370-a628-faa53920d7e3,cbdd5cb7-d2e6-493b-a83d-381995a713a9,c5,DROP,1018,e7,?,
1769471580.0042946,SENT,b67fd7af-230d-4370-a628-faa53920d7e3,cbdd5cb7-d2e6-493b-a83d-381995a713a9,c5,DROP,688,?,x10,
1769471580.004337,FORWARDED,b67fd7af-230d-4370-a628-faa53920d7e3,cbdd5cb7-d2e6-493b-a83d-381995a713a9,c5,DROP,688,?,x10,
1769471580.0194309,RECEIVED,42111ebe-d822-4a86-a9b5-d6379b0ef110,04abfbb4-13ad-4437-a102-824219ae28fa,c3,DROP,1016,e10,?,
1769471580.0233934,RECEIVED,43119141-3870-445d-a6ce-49490ca3d7c2,b2510d5e-854d-4a86-b75d-c1eeb1340e7f,c2,c4,1770,e7,?,
1769471580.1111324,RECEIVED,1ce1eb3f-cfec-4326-ac01-66d79e748a4d,4fce7a44-3679-4b51-ac03-57eea2f3111d,c1,c3,1759,e7,?,
1769471580.1349087,RECEIVED,427450e1-c0a1-4177-900a-62e62a772e06,c15913e0-7581-46e3-940a-8527ec585864,c5,c1,1764,e4,?,
1769471580.2373965,RECEIVED,56be0562-4109-48e4-a3c1-733c781b88b9,5b1ea50f-a5cd-4483-91a5-e5cfb5423b2b,c4,DROP,1011,e2,?,
1769471580.2646973,RECEIVED,7d41dddc-0d7e-4005-abc5-265255e98116,bf09c94d-8a29-4c44-90e0-c99220853220,c4,DROP,442,x3,?,
1769471580.3162913,SENT,56be0562-4109-48e4-a3c1-733c781b88b9,5b1ea50f-a5cd-4483-91a5-e5cfb5423b2b,c4,DROP,687,?,x12,
1769471580.3163373,FORWARDED,56be0562-4109-48e4-a3c1-733c781b88b9,5b1ea50f-a5cd-4483-91a5-e5cfb5423b2b,c4,DROP,687,?,x12,
1769471580.34107,SENT,427450e1-c0a1-4177-900a-62e62a772e06,c15913e0-7581-46e3-940a-8527ec585864,c5,c1,1251,?,x1,
1769471580.3411107,FORWARDED,427450e1-c0a1-4177-900a-62e62a772e06,c15913e0-7581-46e3-940a-8527ec585864,c5,c1,1251,?,x1,
1769471580.3626406,RECEIVED,69e350be-e75b-4023-9afe-425398b57898,fc9bd6c9-b994-4ff2-83c1-4843c34a8cbf,c4,c3,1763,e2,?,
1769471580.3663259,SENT,43119141-3870-445d-a6ce-49490ca3d7c2,b2510d5e-854d-4a86-b75d-c1eeb1340e7f,c2,c4,1255,?,x9,
1769471580.3663678,FORWARDED,43119141-3870-445d-a6ce-49490ca3d7c2,b2510d5e-854d-4a86-b75d-c1eeb1340e7f,c2,c4,1255,?,x9,
1769471580.4006114,SENT,bb5127be-a75d-4480-a362-f234692544a3,aff59fc4-befe-4709-a376-95e57782a294,c2,c4,1251,?,x11,
1769471580.4006531,FORWARDED,bb5127be-a75d-4480-a362-f234692544a3,aff59fc4-befe-4709-a376-95e57782a294,c2,c4,1251,?,x11,
1769471580.4028218,SENT,42111ebe-d822-4a86-a9b5-d6379b0ef110,04abfbb4-13ad-4437-a102-824219ae28fa,c3,DROP,688,?,x3,
1769471580.402862,FORWARDED,42111ebe-d822-4a86-a9b5-d6379b0ef110,04abfbb4-13ad-4437-a102-824219ae28fa,c3,DROP,688,?,x3,
1769471580.4334502,RECEIVED,2af901dd-4689-4bbe-a7de-56aedb3b160f,5440d554-4f14-4c82-8c18-34ed4f30b984,c3,DROP,441,x5,?,
1769471580.48189,SENT,5a739262-4a9a-4f43-bbeb-bc4e88e271de,cf201953-08a3-4b89-9f61-bd0564ea3dc4,c3,DROP,687,?,x4,
1769471580.4819796,FORWARDED,5a739262-4a9a-4f43-bbeb-bc4e88e271de,cf201953-08a3-4b89-9f61-bd0564ea3dc4,c3,DROP,687,?,x4,
1769471580.494549,SENT,1ce1eb3f-cfec-4326-ac01-66d79e748a4d,4fce7a44-3679-4b51-ac03-57eea2f3111d,c1,c3,1248,?,x2,
1769471580.4945922,FORWARDED,1ce1eb3f-cfec-4326-ac01-66d79e748a4d,4fce7a44-3679-4b51-ac03-57eea2f3111d,c1,c3,1248,?,x2,
1769471580.5249283,RECEIVED,5b661136-607c-46cd-b04b-a43732e85989,c4b230b5-9ca0-407b-8858-77c982480f09,c1,DROP,1015,e8,?,
1769471580.5284023,RECEIVED,e7e7b93b-ecfd-40b3-a95b-860594754ea3,6607cb17-9130-4963-acd4-573ecc668e7d,c3,DROP,1011,e12,?,
1769471580.541707,RECEIVED,d0e7dba2-d615-4b9b-af8e-dc891b8c7718,e8e903ab-d741-4a8d-9161-be4390904759,c3,c1,1772,e11,?,
1769471580.5964997,SENT,d0e7dba2-d615-4b9b-af8e-dc891b8c7718,e8e903ab-d741-4a8d-9161-be4390904759,c3,c1,1255,?,x9,
1769471580.5965412,FORWARDED,d0e7dba2-d615-4b9b-af8e-dc891b8c7718,e8e903ab-d741-4a8d-9161-be4390904759,c3,c1,1255,?,x9,
1769471580.64963,RECEIVED,724e1a0f-1b93-4d15-8f1b-b39ecaaed869,d5fb4f4f-138d-4fa3-a61f-7cd746cf1a8d,c1,DROP,1013,e5,?,
1769471580.700223,RECEIVED,31282153-327d-4565-b2bb-bf72b6ebec11,9dbeadaa-5767-4c3a-ad3e-4b4b5f30ce2f,c3,DROP,441,x11,?,
1769471580.7101839,SENT,69e350be-e75b-4023-9afe-425398b57898,fc9bd6c9-b994-4ff2-83c1-4843c34a8cbf,c4,c3,1251,?,x2,
1769471580.7102244,FORWARDED,69e350be-e75b-4023-9afe-425398b57898,fc9bd6c9-b994-4ff2-83c1-4843c34a8cbf,c4,c3,1251,?,x2,
1769471580.807866,RECEIVED,d7ab9164-e17a-4b59-ac13-3f135cfb73d9,41f6e759-9e0d-4632-a4a1-891e1759f061,c3,None,1607,e1,?,
1769471580.8127494,SENT,724e1a0f-1b93-4d15-8f1b-b39ecaaed869,d5fb4f4f-138d-4fa3-a61f-7cd746cf1a8d,c1,DROP,687,?,x12,
1769471580.8127947,FORWARDED,724e1a0f-1b93-4d15-8f1b-b39ecaaed869,d5fb4f4f-138d-4fa3-a61f-7cd746cf1a8d,c1,DROP,687,?,x12,
1769471581.3206983,RECEIVED,5dc53bba-e239-47d5-bdb9-5846152a1f1e,65c106b6-3901-459a-a104-4f99013b2967,c4,DROP,1014,e5,?,
1769471581.3887146,SENT,5dc53bba-e239-47d5-bdb9-5846152a1f1e,65c106b6-3901-459a-a104-4f99013b2967,c4,DROP,687,?,x12,
1769471581.3887563,FORWARDED,5dc53bba-e239-47d5-bdb9-5846152a1f1e,65c106b6-3901-459a-a104-4f99013b2967,c4,DROP,687,?,x12,
1769471581.4285095,SENT,d7ab9164-e17a-4b59-ac13-3f135cfb73d9,41f6e759-9e0d-4632-a4a1-891e1759f061,c3,None,1132,?,x8,
1769471581.4285514,FORWARDED,d7ab9164-e17a-4b59-ac13-3f135cfb73d9,41f6e759-9e0d-4632-a4a1-891e1759f061,c3,None,1132,?,x8,
1769471581.4661872,RECEIVED,6d4a6bd6-220f-4672-9e7e-ed3b24b30273,6fc9ace8-6612-4ce7-9399-fa67d38c103e,c1,DROP,1007,e1,?,
1769471581.4665208,RECEIVED,7b79ea8d-6d79-484e-bdd9-aec1bb96037d,74a2f8cc-4686-4963-9849-0d6a7cdbe058,c1,DROP,441,x3,?,
1769471581.5185835,RECEIVED,ec748ab9-d76d-4a80-8148-0efa2c5ffde1,4c877160-2959-47b4-95b6-37a25c6ec9ce,c4,DROP,1008,e7,?,
1769471581.5752015,SENT,5b661136-607c-46cd-b04b-a43732e85989,c4b230b5-9ca0-407b-8858-77c982480f09,c1,DROP,689,?,x9,
1769471581.5752428,FORWARDED,5b661136-607c-46cd-b04b-a43732e85989,c4b230b5-9ca0-407b-8858-77c982480f09,c1,DROP,689,?,x9,
1769471581.5828662,RECEIVED,7ee21ea6-73fc-4c0f-ad5b-f87b90b4eb92,f2a96ec3-0286-4d11-b998-bec01b08383e,c5,c1,1778,e9,?,
1769471581.607808,SENT,e7e7b93b-ecfd-40b3-a95b-860594754ea3,6607cb17-9130-4963-acd4-573ecc668e7d,c3,DROP,685,?,x4,
1769471581.6078498,FORWARDED,e7e7b93b-ecfd-40b3-a95b-860594754ea3,6607cb17-9130-4963-acd4-573ecc668e7d,c3,DROP,685,?,x4,
1769471581.6333976,SENT,7ee21ea6-73fc-4c0f-ad5b-f87b90b4eb92,f2a96ec3-0286-4d11-b998-bec01b08383e,c5,c1,1260,?,x11,
1769471581.6334338,FORWARDED,7ee21ea6-73fc-4c0f-ad5b-f87b90b4eb92,f2a96ec3-0286-4d11-b998-bec01b08383e,c5,c1,1260,?,x11,
1769471581.651262,RECEIVED,344a800b-c8f9-49e2-9144-b9c13ebd4c39,d2e1e9f7-d036-47ab-b352-cf43adf81ab4,c1,DROP,1007,e5,?,
1769471581.6517172,RECEIVED,c0925d58-41f0-4821-a5c9-e8f103275f71,7f3a2a76-a8f9-4003-badd-dffaf71801d9,c2,c4,1778,e4,?,
1769471581.7355683,SENT,c0925d58-41f0-4821-a5c9-e8f103275f71,7f3a2a76-a8f9-4003-badd-dffaf71801d9,c2,c4,1260,?,x11,
1769471581.7356098,FORWARDED,c0925d58-41f0-4821-a5c9-e8f103275f71,7f3a2a76-a8f9-4003-badd-dffaf71801d9,c2,c4,1260,?,x11,
1769471581.8694658,RECEIVED,a164ac34-9e56-4e32-9222-9d80d8fba639,7a504e56-fac9-4e44-8fa3-0ae8c21b2c90,c2,DROP,1009,e4,?,
1769471581.937745,SENT,a164ac34-9e56-4e32-9222-9d80d8fba639,7a504e56-fac9-4e44-8fa3-0ae8c21b2c90,c2,DROP,684,?,x2,
1769471581.9377828,FORWARDED,a164ac34-9e56-4e32-9222-9d80d8fba639,7a504e56-fac9-4e44-8fa3-0ae8c21b2c90,c2,DROP,684,?,x2,
1769471582.0616224,RECEIVED,96484e95-2137-4665-a67e-bc38104e0799,82818708-ab23-4f56-a152-400a4918de99,c2,DROP,1009,e1,?,
1769471582.1398149,SENT,96484e95-2137-4665-a67e-bc38104e0799,82818708-ab23-4f56-a152-400a4918de99,c2,DROP,684,?,x9,
1769471582.1398566,FORWARDED,96484e95-2137-4665-a67e-bc38104e0799,82818708-ab23-4f56-a152-400a4918de99,c2,DROP,684,?,x9,
1769471582.1664343,RECEIVED,f87bb79a-732b-4659-bd7b-2559bd9a8fe8,154321d0-a801-466f-a7c8-78c5cbcec14f,c5,DROP,441,x2,?,
1769471582.1832602,SENT,344a800b-c8f9-49e2-9144-b9c13ebd4c39,d2e1e9f7-d036-47ab-b352-cf43adf81ab4,c1,DROP,684,?,x7,
1769471582.1833014,FORWARDED,344a800b-c8f9-49e2-9144-b9c13ebd4c39,d2e1e9f7-d036-47ab-b352-cf43adf81ab4,c1,DROP,684,?,x7,
1769471582.4132483,RECEIVED,a703d5c6-0dc0-43f4-8370-59521ae2d6a3,d11c5182-ab8a-4014-b673-4016d176d6b7,c3,DROP,1007,e6,?,
1769471582.4276073,RECEIVED,3a9c9d02-f27d-4498-a0c3-4dac2a7f8951,e67a8a9e-31b2-422d-b686-afb6657872f4,c3,c1,1771,e6,?,
1769471582.5015008,RECEIVED,20af3721-8770-469b-bb57-f9e83c5fcd57,09d44cd7-3660-4e97-9607-191f736efab9,c1,DROP,1012,e5,?,
1769471582.5247087,SENT,ec748ab9-d76d-4a80-8148-0efa2c5ffde1,4c877160-2959-47b4-95b6-37a25c6ec9ce,c4,DROP,684,?,x12,
1769471582.5247514,FORWARDED,ec748ab9-d76d-4a80-8148-0efa2c5ffde1,4c877160-2959-47b4-95b6-37a25c6ec9ce,c4,DROP,684,?,x12,
1769471582.5303426,SENT,20af3721-8770-469b-bb57-f9e83c5fcd57,09d44cd7-3660-4e97-9607-191f736efab9,c1,DROP,687,?,x7,
1769471582.5303843,FORWARDED,20af3721-8770-469b-bb57-f9e83c5fcd57,09d44cd7-3660-4e97-9607-191f736efab9,c1,DROP,687,?,x7,
1769471582.5524004,RECEIVED,d2854f2b-d4bc-409f-acf6-298587603efd,ba77d23d-e020-4837-8a4b-b1367fc263d7,c5,DROP,1016,e8,?,
1769471582.6318817,SENT,d2854f2b-d4bc-409f-acf6-298587603efd,ba77d23d-e020-4837-8a4b-b1367fc263d7,c5,DROP,688,?,x9,
1769471582.6319237,FORWARDED,d2854f2b-d4bc-409f-acf6-298587603efd,ba77d23d-e020-4837-8a4b-b1367fc263d7,c5,DROP,688,?,x9,
1769471582.6890438,SENT,6d4a6bd6-220f-4672-9e7e-ed3b24b30273,6fc9ace8-6612-4ce7-9399-fa67d38c103e,c1,DROP,684,?,x1,
1769471582.689183,FORWARDED,6d4a6bd6-220f-4672-9e7e-ed3b24b30273,6fc9ace8-6612-4ce7-9399-fa67d38c103e,c1,DROP,684,?,x1,
1769471582.7170827,RECEIVED,d7164cb6-59a3-4f8e-a9bd-2d30a2e9efdd,b1180c95-eb4d-448c-9a1e-d34d94eb3090,c1,DROP,1015,e7,?,
1769471582.7334347,RECEIVED,d1bf42c1-25d9-418a-b005-e5288a2412f5,62027a9a-c32e-4d96-bdd0-980395bee8c5,c3,DROP,1000,e7,?,
1769471582.7531846,RECEIVED,c16222ce-c8a1-4bd4-8970-f6de01259bad,0cb24437-a88e-469d-8951-779079364afc,c3,DROP,1007,e12,?,
1769471582.8116767,SENT,d1bf42c1-25d9-418a-b005-e5288a2412f5,62027a9a-c32e-4d96-bdd0-980395bee8c5,c3,DROP,676,?,x8,
1769471582.811717,FORWARDED,d1bf42c1-25d9-418a-b005-e5288a2412f5,62027a9a-c32e-4d96-bdd0-980395bee8c5,c3,DROP,676,?,x8,
1769471582.9327815,RECEIVED,3cacd4d1-4a75-464f-84d8-43e113ca647d,eb0a6873-b605-4d7b-a476-97f08dea2d64,c1,c3,1785,e4,?,
1769471582.9389,RECEIVED,5545cec5-2aca-4e5d-b35d-66210c84d04e,cb3b817d-2b9d-4f06-9ae4-893ea0a0275f,c5,DROP,1015,e11,?,
1769471582.9837878,RECEIVED,945652be-bec4-4063-8fa0-773e3c0ceded,3d8df0a7-29d9-4f22-a155-dd9aa4fed405,c3,DROP,1018,e9,?,
1769471583.0232728,SENT,945652be-bec4-4063-8fa0-773e3c0ceded,3d8df0a7-29d9-4f22-a155-dd9aa4fed405,c3,DROP,689,?,x6,
1769471583.0233135,FORWARDED,945652be-bec4-4063-8fa0-773e3c0ceded,3d8df0a7-29d9-4f22-a155-dd9aa4fed405,c3,DROP,689,?,x6,
1769471583.024844,SENT,3cacd4d1-4a75-464f-84d8-43e113ca647d,eb0a6873-b605-4d7b-a476-97f08dea2d64,c1,c3,1264,?,x11,
1769471583.0248847,FORWARDED,3cacd4d1-4a75-464f-84d8-43e113ca647d,eb0a6873-b605-4d7b-a476-97f08dea2d64,c1,c3,1264,?,x11,
1769471583.1235192,RECEIVED,d3bc9ae0-b888-4e71-9b7f-45e8a2450189,fac06f9f-a405-404b-895b-d057ca34f4a9,c5,DROP,1009,e6,?,
1769471583.1874921,SENT,d3bc9ae0-b888-4e71-9b7f-45e8a2450189,fac06f9f-a405-404b-895b-d057ca34f4a9,c5,DROP,684,?,x9,
1769471583.1875322,FORWARDED,d3bc9ae0-b888-4e71-9b7f-45e8a2450189,fac06f9f-a405-404b-895b-d057ca34f4a9,c5,DROP,684,?,x9,
1769471583.279555,SENT,5545cec5-2aca-4e5d-b35d-66210c84d04e,cb3b817d-2b9d-4f06-9ae4-893ea0a0275f,c5,DROP,688,?,x6,
1769471583.2796092,FORWARDED,5545cec5-2aca-4e5d-b35d-66210c84d04e,cb3b817d-2b9d-4f06-9ae4-893ea0a0275f,c5,DROP,688,?,x6,
1769471583.360825,RECEIVED,894c4745-d53b-4353-b4c2-7413945e6826,d0b336a7-68cc-46a0-8c80-2d6c54ce728e,c5,DROP,1007,e3,?,
1769471583.363651,SENT,c16222ce-c8a1-4bd4-8970-f6de01259bad,0cb24437-a88e-469d-8951-779079364afc,c3,DROP,683,?,x7,
1769471583.3636928,FORWARDED,c16222ce-c8a1-4bd4-8970-f6de01259bad,0cb24437-a88e-469d-8951-779079364afc,c3,DROP,683,?,x7,
1769471583.41059,RECEIVED,82ee548d-31cd-4262-a80a-7a691501897d,0f106731-1c5a-42fe-bfdf-0a73cfb83399,c1,DROP,1007,e10,?,
1769471583.5204592,SENT,a703d5c6-0dc0-43f4-8370-59521ae2d6a3,d11c5182-ab8a-4014-b673-4016d176d6b7,c3,DROP,684,?,x5,
1769471583.5205002,FORWARDED,a703d5c6-0dc0-43f4-8370-59521ae2d6a3,d11c5182-ab8a-4014-b673-4016d176d6b7,c3,DROP,684,?,x5,
1769471583.5326881,SENT,d7164cb6-59a3-4f8e-a9bd-2d30a2e9efdd,b1180c95-eb4d-448c-9a1e-d34d94eb3090,c1,DROP,688,?,x8,
1769471583.5327303,FORWARDED,d7164cb6-59a3-4f8e-a9bd-2d30a2e9efdd,b1180c95-eb4d-448c-9a1e-d34d94eb3090,c1,DROP,688,?,x8,
1769471583.5727096,RECEIVED,47143e81-f459-486e-8248-8a2b301bc90f,e9fe42dc-35f4-4f0f-808f-16bd7e3b5f3c,c3,c1,1783,e10,?,
1769471583.6883934,RECEIVED,23a448f4-1953-42d4-bb85-302bcb349d13,322c9718-3ecd-44e5-9094-a14bec17bcc5,c1,DROP,1008,e1,?,
1769471583.889133,RECEIVED,7c30ce6e-60a8-4b2e-9576-2dd8a918246b,e923d28e-cb0a-4ec6-974e-962ecd896f33,c5,DROP,1013,e9,?,
1769471583.9003556,RECEIVED,36460707-7729-47e2-b2c9-2cb9b8064453,e3dbe429-fc75-4e00-bed4-bcc8bb519c1f,c1,DROP,1007,e10,?,
1769471583.9139783,RECEIVED,c5568c96-f776-4a8c-80ef-5ab2f9e86b1a,36d87b27-e960-40b6-97a2-f5578ce4ab50,c1,c3,1776,e6,?,
1769471584.1451795,RECEIVED,c9590fcb-fd82-4fc6-916d-6ebf9af5ae94,4c8157a2-3356-443b-ab5f-774890fb3952,c2,DROP,441,x8,?,
1769471584.163521,SENT,23a448f4-1953-42d4-bb85-302bcb349d13,322c9718-3ecd-44e5-9094-a14bec17bcc5,c1,DROP,684,?,x6,
1769471584.1635602,FORWARDED,23a448f4-1953-42d4-bb85-302bcb349d13,322c9718-3ecd-44e5-9094-a14bec17bcc5,c1,DROP,684,?,x6,
1769471584.1968985,SENT,3a9c9d02-f27d-4498-a0c3-4dac2a7f8951,e67a8a9e-31b2-422d-b686-afb6657872f4,c3,c1,1257,?,x11,
1769471584.1969397,FORWARDED,3a9c9d02-f27d-4498-a0c3-4dac2a7f8951,e67a8a9e-31b2-422d-b686-afb6657872f4,c3,c1,1257,?,x11,
1769471584.2131345,SENT,47143e81-f459-486e-8248-8a2b301bc90f,e9fe42dc-35f4-4f0f-808f-16bd7e3b5f3c,c3,c1,1265,?,x5,
1769471584.2131748,FORWARDED,47143e81-f459-486e-8248-8a2b301bc90f,e9fe42dc-35f4-4f0f-808f-16bd7e3b5f3c,c3,c1,1265,?,x5,
1769471584.2435906,RECEIVED,08d29baa-ac64-418c-bfac-ee54d258170a,3c189db6-dd5c-4096-bcbc-1e44967e8d19,c5,DROP,1007,e1,?,
1769471584.3149152,SENT,82ee548d-31cd-4262-a80a-7a691501897d,0f106731-1c5a-42fe-bfdf-0a73cfb83399,c1,DROP,683,?,x2,
1769471584.3149586,FORWARDED,82ee548d-31cd-4262-a80a-7a691501897d,0f106731-1c5a-42fe-bfdf-0a73cfb83399,c1,DROP,683,?,x2,
1769471584.3671362,RECEIVED,537947a5-e441-4632-8d89-011d2c6f2add,a0f310cd-03d1-412a-a646-25f9e44b517b,c1,DROP,1021,e10,?,
1769471584.4404893,RECEIVED,3f5e3ca1-4e21-4c41-9087-940c6b3c2228,29556434-6c02-4841-9e39-8a3c23ac4500,c1,DROP,1021,e9,?,
1769471584.5009153,RECEIVED,d8b4e468-fdca-4cb8-8153-9bb3e75e67b3,26874727-b37c-4629-8e4f-814741a2d30e,c1,DROP,1012,e1,?,
1769471584.5061724,SENT,3f5e3ca1-4e21-4c41-9087-940c6b3c2228,29556434-6c02-4841-9e39-8a3c23ac4500,c1,DROP,691,?,x1,
1769471584.5062094,FORWARDED,3f5e3ca1-4e21-4c41-9087-940c6b3c2228,29556434-6c02-4841-9e39-8a3c23ac4500,c1,DROP,691,?,x1,
1769471584.512865,SENT,08d29baa-ac64-418c-bfac-ee54d258170a,3c189db6-dd5c-4096-bcbc-1e44967e8d19,c5,DROP,683,?,x7,
1769471584.5129151,FORWARDED,08d29baa-ac64-418c-bfac-ee54d258170a,3c189db6-dd5c-4096-bcbc-1e44967e8d19,c5,DROP,683,?,x7,
1769471584.5281084,RECEIVED,094026b3-40e7-48d0-be14-1c9b68889de5,588e235e-20a0-4d02-85bb-1fadd34618a5,c5,DROP,1017,e1,?,
1769471584.5733871,SENT,537947a5-e441-4632-8d89-011d2c6f2add,a0f310cd-03d1-412a-a646-25f9e44b517b,c1,DROP,691,?,x12,
1769471584.5734286,FORWARDED,537947a5-e441-4632-8d89-011d2c6f2add,a0f310cd-03d1-412a-a646-25f9e44b517b,c1,DROP,691,?,x12,
1769471584.6105373,SENT,d8b4e468-fdca-4cb8-8153-9bb3e75e67b3,26874727-b37c-4629-8e4f-814741a2d30e,c1,DROP,687,?,x6,
1769471584.6105795,FORWARDED,d8b4e468-fdca-4cb8-8153-9bb3e75e67b3,26874727-b37c-4629-8e4f-814741a2d30e,c1,DROP,687,?,x6,
1769471584.6451528,RECEIVED,ba274b49-6825-43ca-a8f4-6d8754158ae5,ef4a99b5-1814-4b30-97da-d5fcce0efaa3,c5,DROP,1007,e12,?,
1769471584.7441344,SENT,094026b3-40e7-48d0-be14-1c9b68889de5,588e235e-20a0-4d02-85bb-1fadd34618a5,c5,DROP,688,?,x11,
1769471584.744181,FORWARDED,094026b3-40e7-48d0-be14-1c9b68889de5,588e235e-20a0-4d02-85bb-1fadd34618a5,c5,DROP,688,?,x11,
1769471584.8196738,SENT,36460707-7729-47e2-b2c9-2cb9b8064453,e3dbe429-fc75-4e00-bed4-bcc8bb519c1f,c1,DROP,684,?,x2,
1769471584.819717,FORWARDED,36460707-7729-47e2-b2c9-2cb9b8064453,e3dbe429-fc75-4e00-bed4-bcc8bb519c1f,c1,DROP,684,?,x2,
1769471584.8668952,RECEIVED,1460dd94-fc02-43f8-8341-c4ff8489687b,4f540caa-366b-4107-93c7-d221da01a025,c4,DROP,1011,e3,?,
1769471584.9679103,SENT,7c30ce6e-60a8-4b2e-9576-2dd8a918246b,e923d28e-cb0a-4ec6-974e-962ecd896f33,c5,DROP,688,?,x7,
1769471584.9679525,FORWARDED,7c30ce6e-60a8-4b2e-9576-2dd8a918246b,e923d28e-cb0a-4ec6-974e-962ecd896f33,c5,DROP,688,?,x7,
1769471585.1081455,SENT,c5568c96-f776-4a8c-80ef-5ab2f9e86b1a,36d87b27-e960-40b6-97a2-f5578ce4ab50,c1,c3,1260,?,x10,
1769471585.1081882,FORWARDED,c5568c96-f776-4a8c-80ef-5ab2f9e86b1a,36d87b27-e960-40b6-97a2-f5578ce4ab50,c1,c3,1260,?,x10,
1769471585.1512458,RECEIVED,b736b5d8-f29a-4d65-9811-933e4fb3be5b,d4ea3abf-d930-4aaf-947e-46e887c11f90,c2,DROP,1010,e2,?,
1769471585.2112381,SENT,b736b5d8-f29a-4d65-9811-933e4fb3be5b,d4ea3abf-d930-4aaf-947e-46e887c11f90,c2,DROP,684,?,x4,
1769471585.2112803,FORWARDED,b736b5d8-f29a-4d65-9811-933e4fb3be5b,d4ea3abf-d930-4aaf-947e-46e887c11f90,c2,DROP,684,?,x4,
1769471585.2457912,SENT,894c4745-d53b-4353-b4c2-7413945e6826,d0b336a7-68cc-46a0-8c80-2d6c54ce728e,c5,DROP,684,?,x7,
1769471585.2458286,FORWARDED,894c4745-d53b-4353-b4c2-7413945e6826,d0b336a7-68cc-46a0-8c80-2d6c54ce728e,c5,DROP,684,?,x7,
1769471585.5320678,SENT,1460dd94-fc02-43f8-8341-c4ff8489687b,4f540caa-366b-4107-93c7-d221da01a025,c4,DROP,687,?,x3,
1769471585.5321097,FORWARDED,1460dd94-fc02-43f8-8341-c4ff8489687b,4f540caa-366b-4107-93c7-d221da01a025,c4,DROP,687,?,x3,
1769471585.5397813,SENT,ba274b49-6825-43ca-a8f4-6d8754158ae5,ef4a99b5-1814-4b30-97da-d5fcce0efaa3,c5,DROP,684,?,x6,
1769471585.5398247,FORWARDED,ba274b49-6825-43ca-a8f4-6d8754158ae5,ef4a99b5-1814-4b30-97da-d5fcce0efaa3,c5,DROP,684,?,x6,
1769471585.595151,RECEIVED,860f35e3-56e9-4837-9656-db1babcd7981,89ce7a80-a49a-42e3-b4a2-3ccd0927ded3,c1,DROP,440,x6,?,
1769471585.7198758,RECEIVED,4dd4ac6d-ee7b-4d85-ab4a-55fec6e41a92,df24fb57-0658-40ec-9657-a0542f9c9c1b,c2,DROP,1011,e1,?,
1769471585.7578409,RECEIVED,017d7e83-543b-41d3-8a55-28dcd67593e4,f66bacae-df38-4505-a0bb-79ede25d9754,c2,DROP,1008,e6,?,
1769471585.8426757,SENT,017d7e83-543b-41d3-8a55-28dcd67593e4,f66bacae-df38-4505-a0bb-79ede25d9754,c2,DROP,683,?,x1,
1769471585.8427165,FORWARDED,017d7e83-543b-41d3-8a55-28dcd67593e4,f66bacae-df38-4505-a0bb-79ede25d9754,c2,DROP,683,?,x1,
1769471585.9628086,RECEIVED,18b63b96-f031-4388-8b88-8f82f3f2bd6b,316db95a-6afc-4904-aad9-dabcff5d34d1,c2,DROP,1016,e8,?,
1769471586.0953128,RECEIVED,383618c7-5374-4a8f-ad55-78fc63b6eb16,1d74448d-ccd5-4761-a2cc-d0075cadeb77,c3,DROP,1008,e3,?,
1769471586.1307275,RECEIVED,b11fccc0-bc6d-40bd-a656-600359ed1ca3,97aefe90-8a68-428a-ac8d-e86fb3cf7de1,c1,DROP,1015,e7,?,
1769471586.1821733,SENT,18b63b96-f031-4388-8b88-8f82f3f2bd6b,316db95a-6afc-4904-aad9-dabcff5d34d1,c2,DROP,688,?,x11,
1769471586.1822088,FORWARDED,18b63b96-f031-4388-8b88-8f82f3f2bd6b,316db95a-6afc-4904-aad9-dabcff5d34d1,c2,DROP,688,?,x11,
1769471586.2636406,RECEIVED,542e36c7-93b9-4795-82f0-36d89186c9d8,59d208e1-5c54-476b-9e78-e5d9d0748df2,c1,c3,1769,e6,?,
1769471586.2654018,RECEIVED,8aae63fc-a7dd-450f-a0e4-c890794a392f,64f8049f-801e-4bef-a70a-ebd4481cffeb,c1,c3,1776,e3,?,
1769471586.2851868,SENT,542e36c7-93b9-4795-82f0-36d89186c9d8,59d208e1-5c54-476b-9e78-e5d9d0748df2,c1,c3,1252,?,x5,
1769471586.2852302,FORWARDED,542e36c7-93b9-4795-82f0-36d89186c9d8,59d208e1-5c54-476b-9e78-e5d9d0748df2,c1,c3,1252,?,x5,
1769471586.3826218,SENT,383618c7-5374-4a8f-ad55-78fc63b6eb16,1d74448d-ccd5-4761-a2cc-d0075cadeb77,c3,DROP,684,?,x1,
1769471586.3826578,FORWARDED,383618c7-5374-4a8f-ad55-78fc63b6eb16,1d74448d-ccd5-4761-a2cc-d0075cadeb77,c3,DROP,684,?,x1,
1769471586.3945756,SENT,4dd4ac6d-ee7b-4d85-ab4a-55fec6e41a92,df24fb57-0658-40ec-9657-a0542f9c9c1b,c2,DROP,687,?,x8,
1769471586.3946168,FORWARDED,4dd4ac6d-ee7b-4d85-ab4a-55fec6e41a92,df24fb57-0658-40ec-9657-a0542f9c9c1b,c2,DROP,687,?,x8,
1769471586.4208126,SENT,8aae63fc-a7dd-450f-a0e4-c890794a392f,64f8049f-801e-4bef-a70a-ebd4481cffeb,c1,c3,1258,?,x6,
1769471586.4208517,FORWARDED,8aae63fc-a7dd-450f-a0e4-c890794a392f,64f8049f-801e-4bef-a70a-ebd4481cffeb,c1,c3,1258,?,x6,
1769471586.4455686,RECEIVED,d17896db-5fd0-4c83-bfc5-5483b32c2c66,b4d026fc-3a12-4f6f-98e8-d4bb87f118a8,c1,DROP,1008,e4,?,
1769471586.565563,RECEIVED,17968269-633b-46b8-a2c0-098a1e19b828,a7fb54c5-1c7a-4ca9-8663-ec7928e2d26f,c2,DROP,441,x11,?,
1769471586.6726785,SENT,d17896db-5fd0-4c83-bfc5-5483b32c2c66,b4d026fc-3a12-4f6f-98e8-d4bb87f118a8,c1,DROP,684,?,x7,
1769471586.6727207,FORWARDED,d17896db-5fd0-4c83-bfc5-5483b32c2c66,b4d026fc-3a12-4f6f-98e8-d4bb87f118a8,c1,DROP,684,?,x7,
1769471587.2919004,RECEIVED,7d9a2542-6b50-4255-9b17-7ec980d51a96,7a97ddea-c094-4eba-bb15-47067ec3ba8f,c3,c1,1775,e7,?,
1769471587.4181256,RECEIVED,e0568684-c113-4ff3-aa08-3ae3cd6e520e,f057fd7f-49f5-42ea-a7c5-4aced1072fd7,c3,DROP,1015,e7,?,
1769471587.481856,RECEIVED,28ea1dad-ba95-4468-b18f-139d049f4ed6,2f068b72-1e72-40e7-95ef-df1dafa3a45a,c4,DROP,1012,e3,?,
1769471587.5021,RECEIVED,5317258a-61c6-4432-98dc-7aabdac5d0d5,54602b64-67f7-4973-b064-e97ebda3c62e,c2,c4,1781,e8,?,
1769471587.5462885,SENT,28ea1dad-ba95-4468-b18f-139d049f4ed6,2f068b72-1e72-40e7-95ef-df1dafa3a45a,c4,DROP,687,?,x7,
1769471587.5463393,FORWARDED,28ea1dad-ba95-4468-b18f-139d049f4ed6,2f068b72-1e72-40e7-95ef-df1dafa3a45a,c4,DROP,687,?,x7,
1769471587.5779204,SENT,b11fccc0-bc6d-40bd-a656-600359ed1ca3,97aefe90-8a68-428a-ac8d-e86fb3cf7de1,c1,DROP,688,?,x3,
1769471587.5779576,FORWARDED,b11fccc0-bc6d-40bd-a656-600359ed1ca3,97aefe90-8a68-428a-ac8d-e86fb3cf7de1,c1,DROP,688,?,x3,
1769471587.688774,SENT,5317258a-61c6-4432-98dc-7aabdac5d0d5,54602b64-67f7-4973-b064-e97ebda3c62e,c2,c4,1262,?,x11,
1769471587.6888165,FORWARDED,5317258a-61c6-4432-98dc-7aabdac5d0d5,54602b64-67f7-4973-b064-e97ebda3c62e,c2,c4,1262,?,x11,
1769471587.7990098,RECEIVED,4df62058-6a3d-4d23-becb-78bcd7ad8b66,ceac1cc3-5494-47ac-a669-20ff2511b48d,c5,DROP,441,x2,?,
1769471587.95474,RECEIVED,464523fa-eb0b-49b8-bf88-09dbbdda9f51,1225bfc1-1d40-4996-b46e-2489f4e05077,c5,DROP,1007,e11,?,
1769471587.958408,RECEIVED,27ad6156-0948-4efe-8bde-72e72ea9233f,d9f5b8ba-03a9-42e3-ae8d-8687fe953385,c4,DROP,1015,e12,?,
1769471588.0767968,SENT,e0568684-c113-4ff3-aa08-3ae3cd6e520e,f057fd7f-49f5-42ea-a7c5-4aced1072fd7,c3,DROP,690,?,x8,
1769471588.0768359,FORWARDED,e0568684-c113-4ff3-aa08-3ae3cd6e520e,f057fd7f-49f5-42ea-a7c5-4aced1072fd7,c3,DROP,690,?,x8,
1769471588.183349,RECEIVED,62e81414-1995-407a-9ea5-e823d5439a0d,f662d04e-824f-41f9-8584-0b48b2563946,c4,DROP,1008,e2,?,
1769471588.2939022,RECEIVED,14597db1-a493-4a87-8a94-64330198a32b,2e47da3f-76f5-4736-a910-90c953ce712a,c2,DROP,441,x10,?,
1769471588.4849184,RECEIVED,425555e7-5e63-4297-b49b-5b64773c46a5,b1e34f32-6d3a-46f8-8a65-51b040cea539,c3,None,1612,e12,?,
1769471588.4863706,SENT,464523fa-eb0b-49b8-bf88-09dbbdda9f51,1225bfc1-1d40-4996-b46e-2489f4e05077,c5,DROP,683,?,x6,
1769471588.4864087,FORWARDED,464523fa-eb0b-49b8-bf88-09dbbdda9f51,1225bfc1-1d40-4996-b46e-2489f4e05077,c5,DROP,683,?,x6,
1769471588.498267,SENT,62e81414-1995-407a-9ea5-e823d5439a0d,f662d04e-824f-41f9-8584-0b48b2563946,c4,DROP,683,?,x11,
1769471588.4983103,FORWARDED,62e81414-1995-407a-9ea5-e823d5439a0d,f662d04e-824f-41f9-8584-0b48b2563946,c4,DROP,683,?,x11,
1769471588.5003195,RECEIVED,68f1d28d-a52f-4d6d-baa3-bfcc0cbbea78,cdba4887-934b-4512-b2d9-3f5f5ebdaee5,c3,DROP,442,x12,?,
1769471588.6523137,SENT,27ad6156-0948-4efe-8bde-72e72ea9233f,d9f5b8ba-03a9-42e3-ae8d-8687fe953385,c4,DROP,689,?,x1,
1769471588.6523495,FORWARDED,27ad6156-0948-4efe-8bde-72e72ea9233f,d9f5b8ba-03a9-42e3-ae8d-8687fe953385,c4,DROP,689,?,x1,
1769471588.6640434,SENT,425555e7-5e63-4297-b49b-5b64773c46a5,b1e34f32-6d3a-46f8-8a65-51b040cea539,c3,None,1135,?,x11,
1769471588.6641636,FORWARDED,425555e7-5e63-4297-b49b-5b64773c46a5,b1e34f32-6d3a-46f8-8a65-51b040cea539,c3,None,1135,?,x11,
1769471588.8952127,RECEIVED,ecca55e8-9a67-4505-a7ec-6a198605c120,cfbe8045-f317-4c91-a32e-8945225c8ede,c4,DROP,441,x4,?,
1769471588.9655437,RECEIVED,af814215-4189-400b-887b-1f9b86dd870d,65d81ea6-9ad3-469d-9c3b-121b2eb6212c,c3,DROP,1011,e12,?,
1769471589.0992146,RECEIVED,3e058375-23f2-4a08-af54-d08a0f8ebe04,4080a5fe-0c34-475f-8f20-d2727ec37b3e,c5,DROP,1008,e10,?,
1769471589.168343,SENT,7d9a2542-6b50-4255-9b17-7ec980d51a96,7a97ddea-c094-4eba-bb15-47067ec3ba8f,c3,c1,1259,?,x9,
1769471589.168385,FORWARDED,7d9a2542-6b50-4255-9b17-7ec980d51a96,7a97ddea-c094-4eba-bb15-47067ec3ba8f,c3,c1,1259,?,x9,
1769471589.2985752,RECEIVED,97277bc9-3a62-413e-b6f3-d1823b34a797,fdb69e8a-5769-4c3e-a8db-ac790c221f76,c5,DROP,440,x7,?,
1769471589.4239209,RECEIVED,710f02bd-45ac-4f2b-a728-abff7144de20,7ae513e1-8db5-4dd2-a190-730c37d8abec,c2,DROP,1020,e10,?,
1769471589.7424378,SENT,3e058375-23f2-4a08-af54-d08a0f8ebe04,4080a5fe-0c34-475f-8f20-d2727ec37b3e,c5,DROP,683,?,x10,
1769471589.742481,FORWARDED,3e058375-23f2-4a08-af54-d08a0f8ebe04,4080a5fe-0c34-475f-8f20-d2727ec37b3e,c5,DROP,683,?,x10,
1769471589.748268,RECEIVED,97eabcd5-5fde-4d35-8032-7b6be9991d79,cbde6b5a-84ae-40ae-8578-c63b41c21440,c5,DROP,1012,e3,?,
1769471589.754705,RECEIVED,f8088842-1bb9-4751-a4c1-d4551e610cbe,07cb3cc6-4480-432e-9dcf-22d0662ee6b4,c1,DROP,1008,e4,?,
1769471589.821693,SENT,af814215-4189-400b-887b-1f9b86dd870d,65d81ea6-9ad3-469d-9c3b-121b2eb6212c,c3,DROP,686,?,x9,
1769471589.8217356,FORWARDED,af814215-4189-400b-887b-1f9b86dd870d,65d81ea6-9ad3-469d-9c3b-121b2eb6212c,c3,DROP,686,?,x9,
1769471589.8694446,RECEIVED,4f9a7e47-10e4-4554-86de-45d4655ca2f3,3d0483d0-219a-47ac-a0e5-078015b868c5,c3,None,1607,e12,?,
1769471589.8855617,SENT,97eabcd5-5fde-4d35-8032-7b6be9991d79,cbde6b5a-84ae-40ae-8578-c63b41c21440,c5,DROP,687,?,x8,
1769471589.8856022,FORWARDED,97eabcd5-5fde-4d35-8032-7b6be9991d79,cbde6b5a-84ae-40ae-8578-c63b41c21440,c5,DROP,687,?,x8,
1769471589.9467168,SENT,f8088842-1bb9-4751-a4c1-d4551e610cbe,07cb3cc6-4480-432e-9dcf-22d0662ee6b4,c1,DROP,683,?,x6,
1769471589.9467576,FORWARDED,f8088842-1bb9-4751-a4c1-d4551e610cbe,07cb3cc6-4480-432e-9dcf-22d0662ee6b4,c1,DROP,683,?,x6,
1769471589.9720585,RECEIVED,f5e99986-de2c-47f9-a9e4-8b6fa7fa1fad,3b07daad-2dd8-4ba5-bf42-e56bb6af0d0f,c3,DROP,441,x12,?,
1769471590.0835004,RECEIVED,9fb7235e-befb-40ee-b15b-6cac5290393a,123bea09-8b39-4f30-a267-c24f8cee6652,c5,DROP,1008,e2,?,
1769471590.200598,RECEIVED,681d2ef5-44cb-4705-9ee8-cb9254b29164,ed3868b1-6cbb-49f1-a843-a3151d06709c,c2,DROP,1007,e5,?,
1769471590.2234461,RECEIVED,73cf6bdb-29e1-47a1-bdb7-e1c418874897,44492c73-0067-4d20-8cc3-f4c565727868,c4,DROP,1012,e3,?,
1769471590.2350137,RECEIVED,7edba606-a353-4635-944f-7ecd649459e0,ba2112ff-3bfe-4b6a-a9c7-f3241cae2a16,c1,DROP,1016,e7,?,
1769471590.2773461,SENT,710f02bd-45ac-4f2b-a728-abff7144de20,7ae513e1-8db5-4dd2-a190-730c37d8abec,c2,DROP,691,?,x12,
1769471590.2773879,FORWARDED,710f02bd-45ac-4f2b-a728-abff7144de20,7ae513e1-8db5-4dd2-a190-730c37d8abec,c2,DROP,691,?,x12,
1769471590.3258326,SENT,7edba606-a353-4635-944f-7ecd649459e0,ba2112ff-3bfe-4b6a-a9c7-f3241cae2a16,c1,DROP,689,?,x3,
1769471590.3258758,FORWARDED,7edba606-a353-4635-944f-7ecd649459e0,ba2112ff-3bfe-4b6a-a9c7-f3241cae2a16,c1,DROP,689,?,x3,
1769471590.4023783,SENT,9fb7235e-befb-40ee-b15b-6cac5290393a,123bea09-8b39-4f30-a267-c24f8cee6652,c5,DROP,683,?,x3,
1769471590.4024203,FORWARDED,9fb7235e-befb-40ee-b15b-6cac5290393a,123bea09-8b39-4f30-a267-c24f8cee6652,c5,DROP,683,?,x3,
1769471590.445043,SENT,73cf6bdb-29e1-47a1-bdb7-e1c418874897,44492c73-0067-4d20-8cc3-f4c565727868,c4,DROP,685,?,x2,
1769471590.4450963,FORWARDED,73cf6bdb-29e1-47a1-bdb7-e1c418874897,44492c73-0067-4d20-8cc3-f4c565727868,c4,DROP,685,?,x2,
1769471590.6885338,RECEIVED,fb48b0d8-524d-4197-aeb0-877b3e6218f0,314ee28a-8e0b-43ba-9466-0a3965ac794d,c3,None,1596,e5,?,
1769471590.7303536,SENT,4f9a7e47-10e4-4554-86de-45d4655ca2f3,3d0483d0-219a-47ac-a0e5-078015b868c5,c3,None,1132,?,x4,
1769471590.7303972,FORWARDED,4f9a7e47-10e4-4554-86de-45d4655ca2f3,3d0483d0-219a-47ac-a0e5-078015b868c5,c3,None,1132,?,x4,
1769471590.7354722,RECEIVED,1d7fbac8-7420-423b-9e70-2c2802105f16,22055bf8-9169-464f-aa8f-21774f388168,c4,DROP,1008,e12,?,
1769471590.7547402,SENT,681d2ef5-44cb-4705-9ee8-cb9254b29164,ed3868b1-6cbb-49f1-a843-a3151d06709c,c2,DROP,684,?,x1,
1769471590.7547786,FORWARDED,681d2ef5-44cb-4705-9ee8-cb9254b29164,ed3868b1-6cbb-49f1-a843-a3151d06709c,c2,DROP,684,?,x1,
1769471590.8798423,RECEIVED,1858b23e-c351-4d56-bbf6-158aea0308e3,9eb35464-00b3-4120-bd21-226f8f8175df,c2,DROP,443,x3,?,
1769471591.029955,RECEIVED,09e32026-4637-40c9-9a0b-2aedbf8b4db4,68840ef0-1c2d-4ab4-a619-31a7e8a31213,c5,DROP,1008,e4,?,
1769471591.1011546,RECEIVED,36431663-4e08-4fe2-ba2f-0b9c14439f66,14084f98-80fd-4688-bb9e-763738839042,c4,DROP,1019,e7,?,
1769471591.1373217,SENT,1d7fbac8-7420-423b-9e70-2c2802105f16,22055bf8-9169-464f-aa8f-21774f388168,c4,DROP,684,?,x9,
1769471591.1373625,FORWARDED,1d7fbac8-7420-423b-9e70-2c2802105f16,22055bf8-9169-464f-aa8f-21774f388168,c4,DROP,684,?,x9,
1769471591.2374814,RECEIVED,96957721-7cfa-4986-b01e-8c9c5473239e,3b4d1424-11cd-453d-aeec-b4e92caa9140,c1,DROP,441,x9,?,
1769471591.3819203,RECEIVED,fe17cf6f-662d-4013-b764-2d166c6ac501,4d939188-0b8f-4612-b5d7-0ad89e90012a,c4,DROP,1007,e3,?,
1769471591.3962026,RECEIVED,d9d1b9f8-b35b-417a-b248-ca7546d58532,7f615410-89c9-40fb-b5df-9f37b70fcf85,c1,DROP,1008,e2,?,
1769471591.4185429,SENT,09e32026-4637-40c9-9a0b-2aedbf8b4db4,68840ef0-1c2d-4ab4-a619-31a7e8a31213,c5,DROP,683,?,x3,
1769471591.4185872,FORWARDED,09e32026-4637-40c9-9a0b-2aedbf8b4db4,68840ef0-1c2d-4ab4-a619-31a7e8a31213,c5,DROP,683,?,x3,
1769471591.5078928,RECEIVED,fd6359d2-60da-48bf-b3a3-fd7912da5a60,07179ef8-0030-464d-a07c-1b5cbb3b87ca,c2,DROP,441,x6,?,
1769471591.5960252,SENT,fe17cf6f-662d-4013-b764-2d166c6ac501,4d939188-0b8f-4612-b5d7-0ad89e90012a,c4,DROP,683,?,x9,
1769471591.5960765,FORWARDED,fe17cf6f-662d-4013-b764-2d166c6ac501,4d939188-0b8f-4612-b5d7-0ad89e90012a,c4,DROP,683,?,x9,
1769471591.6345522,SENT,fb48b0d8-524d-4197-aeb0-877b3e6218f0,314ee28a-8e0b-43ba-9466-0a3965ac794d,c3,None,1125,?,x11,
1769471591.634594,FORWARDED,fb48b0d8-524d-4197-aeb0-877b3e6218f0,314ee28a-8e0b-43ba-9466-0a3965ac794d,c3,None,1125,?,x11,
1769471591.6803412,RECEIVED,0f17614e-b88b-4867-a0bc-b9417ba40f91,27b57c9c-7dba-40cb-a0f8-bcd0ad22e46a,c3,DROP,1010,e4,?,
1769471591.7025552,RECEIVED,4e0843a7-bf4f-49f4-9755-968690c03b6d,a7411073-1e43-4b6c-ac00-8472a75f9dcf,c5,c1,1780,e7,?,
1769471591.8078334,SENT,4e0843a7-bf4f-49f4-9755-968690c03b6d,a7411073-1e43-4b6c-ac00-8472a75f9dcf,c5,c1,1262,?,x3,
1769471591.8078735,FORWARDED,4e0843a7-bf4f-49f4-9755-968690c03b6d,a7411073-1e43-4b6c-ac00-8472a75f9dcf,c5,c1,1262,?,x3,
1769471591.8412025,SENT,d9d1b9f8-b35b-417a-b248-ca7546d58532,7f615410-89c9-40fb-b5df-9f37b70fcf85,c1,DROP,683,?,x8,
1769471591.841242,FORWARDED,d9d1b9f8-b35b-417a-b248-ca7546d58532,7f615410-89c9-40fb-b5df-9f37b70fcf85,c1,DROP,683,?,x8,
1769471592.169642,RECEIVED,17c75011-9fb6-43b1-9da7-e0b240d213e1,4c854f95-3f69-489c-8677-a7d6cc77405e,c2,c4,1764,e4,?,
1769471592.379116,SENT,36431663-4e08-4fe2-ba2f-0b9c14439f66,14084f98-80fd-4688-bb9e-763738839042,c4,DROP,692,?,x12,
1769471592.379158,FORWARDED,36431663-4e08-4fe2-ba2f-0b9c14439f66,14084f98-80fd-4688-bb9e-763738839042,c4,DROP,692,?,x12,
1769471592.416329,RECEIVED,5c3314fd-db9d-437c-a501-2dea08654a9b,7e4dab4a-9006-4a1f-827a-324932d6547c,c1,DROP,1012,e12,?,
1769471592.4805546,SENT,5c3314fd-db9d-437c-a501-2dea08654a9b,7e4dab4a-9006-4a1f-827a-324932d6547c,c1,DROP,687,?,x1,
1769471592.4805942,FORWARDED,5c3314fd-db9d-437c-a501-2dea08654a9b,7e4dab4a-9006-4a1f-827a-324932d6547c,c1,DROP,687,?,x1,
1769471592.4892957,RECEIVED,d7cd0692-eba4-4751-984f-009a4ea66015,2c957b1d-2583-4ff9-b548-87f2cd133c90,c2,DROP,1004,e8,?,
1769471592.581891,SENT,0f17614e-b88b-4867-a0bc-b9417ba40f91,27b57c9c-7dba-40cb-a0f8-bcd0ad22e46a,c3,DROP,685,?,x5,
1769471592.58193,FORWARDED,0f17614e-b88b-4867-a0bc-b9417ba40f91,27b57c9c-7dba-40cb-a0f8-bcd0ad22e46a,c3,DROP,685,?,x5,
1769471592.6330771,RECEIVED,34bd2ea6-3979-484e-a617-752f7268cc67,6e7fcae5-8886-45a5-ae97-b223c10b466d,c1,c3,1775,e1,?,
1769471592.7026117,RECEIVED,3330d62e-cc52-4650-bc2f-dee07a98fcea,3c123085-2a2c-48ca-80cd-b6efcb608e99,c2,DROP,1016,e12,?,
1769471592.7763612,RECEIVED,47b1d7a2-7c49-41a5-a655-621aabd1c848,e6aa4882-1eda-46bb-882b-30ec526237bb,c4,DROP,1015,e2,?,
1769471592.7785761,RECEIVED,7db5abdc-7f1d-4301-93e8-acf61a181c69,ab8b2607-295b-4110-96b4-1e6d85af59c8,c5,c1,1778,e8,?,
1769471592.8353925,SENT,7db5abdc-7f1d-4301-93e8-acf61a181c69,ab8b2607-295b-4110-96b4-1e6d85af59c8,c5,c1,1259,?,x8,
1769471592.835435,FORWARDED,7db5abdc-7f1d-4301-93e8-acf61a181c69,ab8b2607-295b-4110-96b4-1e6d85af59c8,c5,c1,1259,?,x8,
1769471592.909908,SENT,17c75011-9fb6-43b1-9da7-e0b240d213e1,4c854f95-3f69-489c-8677-a7d6cc77405e,c2,c4,1251,?,x12,
1769471592.9099498,FORWARDED,17c75011-9fb6-43b1-9da7-e0b240d213e1,4c854f95-3f69-489c-8677-a7d6cc77405e,c2,c4,1251,?,x12,
1769471593.1861515,SENT,34bd2ea6-3979-484e-a617-752f7268cc67,6e7fcae5-8886-45a5-ae97-b223c10b466d,c1,c3,1259,?,x7,
1769471593.1861944,FORWARDED,34bd2ea6-3979-484e-a617-752f7268cc67,6e7fcae5-8886-45a5-ae97-b223c10b466d,c1,c3,1259,?,x7,
1769471593.2142506,SENT,d7cd0692-eba4-4751-984f-009a4ea66015,2c957b1d-2583-4ff9-b548-87f2cd133c90,c2,DROP,681,?,x12,
1769471593.2142932,FORWARDED,d7cd0692-eba4-4751-984f-009a4ea66015,2c957b1d-2583-4ff9-b548-87f2cd133c90,c2,DROP,681,?,x12,
1769471593.2636979,RECEIVED,0770ae5f-284f-4ab4-995f-c611b39a24cd,e2f4cce6-c875-4a33-b24f-2b277fb010e7,c1,c3,1766,e1,?,
1769471593.3644152,SENT,3330d62e-cc52-4650-bc2f-dee07a98fcea,3c123085-2a2c-48ca-80cd-b6efcb608e99,c2,DROP,688,?,x10,
1769471593.3644574,FORWARDED,3330d62e-cc52-4650-bc2f-dee07a98fcea,3c123085-2a2c-48ca-80cd-b6efcb608e99,c2,DROP,688,?,x10,
1769471593.4831204,SENT,47b1d7a2-7c49-41a5-a655-621aabd1c848,e6aa4882-1eda-46bb-882b-30ec526237bb,c4,DROP,689,?,x6,
1769471593.483161,FORWARDED,47b1d7a2-7c49-41a5-a655-621aabd1c848,e6aa4882-1eda-46bb-882b-30ec526237bb,c4,DROP,689,?,x6,
1769471593.5572786,RECEIVED,f79c5c1c-70a9-4ff4-b4f2-1874cafa01f0,3e21e981-f8a4-4229-a014-f51789f60f9a,c3,DROP,1007,e6,?,
1769471593.6610944,RECEIVED,f7097024-e159-416b-91b2-e15d42cae8a7,44f9dce9-8148-455c-81c6-4a27acfb5915,c4,DROP,1006,e11,?,
1769471593.7353675,RECEIVED,3193326a-959e-4c41-a8c8-4c2c10bbb0e8,7a5cc236-596d-46cf-ba5a-ed61bc24f5e2,c3,DROP,1008,e8,?,
1769471593.7970839,SENT,0770ae5f-284f-4ab4-995f-c611b39a24cd,e2f4cce6-c875-4a33-b24f-2b277fb010e7,c1,c3,1252,?,x8,
1769471593.797216,FORWARDED,0770ae5f-284f-4ab4-995f-c611b39a24cd,e2f4cce6-c875-4a33-b24f-2b277fb010e7,c1,c3,1252,?,x8,
1769471593.7984946,RECEIVED,fa7d991a-ee47-4c91-ac73-9a2ecfa98693,f748c5e8-5346-4831-b72b-4d4b0a642b92,c5,DROP,1008,e12,?,
1769471593.8509138,RECEIVED,e0d36c4c-d913-4f46-8aad-870f527f3e20,bdb2f220-c672-4a1a-847e-46721259e9c6,c1,DROP,441,x4,?,
1769471593.8761694,RECEIVED,4c6b56eb-438b-420d-b693-aea27ade39e0,f3f5a1b2-ab8a-4841-b1a9-3e414bff571b,c3,DROP,1003,e8,?,
1769471593.9075027,RECEIVED,f5fe2912-1478-4f75-b509-04d4c9541cbe,2f1dd481-8975-442b-9fee-47a47768ce86,c3,DROP,440,x11,?,
1769471593.995163,SENT,fa7d991a-ee47-4c91-ac73-9a2ecfa98693,f748c5e8-5346-4831-b72b-4d4b0a642b92,c5,DROP,683,?,x8,
1769471593.9952035,FORWARDED,fa7d991a-ee47-4c91-ac73-9a2ecfa98693,f748c5e8-5346-4831-b72b-4d4b0a642b92,c5,DROP,683,?,x8,
1769471594.0103357,SENT,3193326a-959e-4c41-a8c8-4c2c10bbb0e8,7a5cc236-596d-46cf-ba5a-ed61bc24f5e2,c3,DROP,683,?,x11,
1769471594.010387,FORWARDED,3193326a-959e-4c41-a8c8-4c2c10bbb0e8,7a5cc236-596d-46cf-ba5a-ed61bc24f5e2,c3,DROP,683,?,x11,
1769471594.1210434,RECEIVED,31db0d02-f980-467c-a1da-351d322f1942,c65b6eba-1ade-430c-a35e-f19cec56c8d1,c1,DROP,1016,e12,?,
1769471594.2216911,RECEIVED,5eeb3178-6b95-4d1f-901f-7502e4cc05ec,f419ddcd-9b92-4c1e-bdcc-6a5ef2300972,c1,c3,1767,e12,?,
1769471594.225269,RECEIVED,6881cbd0-4bf5-4184-8f79-bbb5fc4f3a82,22d83a62-f29d-4e44-bff5-c40658f0b301,c1,DROP,1012,e1,?,
1769471594.261822,RECEIVED,81ff9029-1471-4b38-9544-0a6d28144d15,51d5ad70-1063-4cd9-9b6f-70f53fa7560e,c1,DROP,1007,e4,?,
1769471594.2834635,SENT,31db0d02-f980-467c-a1da-351d322f1942,c65b6eba-1ade-430c-a35e-f19cec56c8d1,c1,DROP,689,?,x2,
1769471594.2835066,FORWARDED,31db0d02-f980-467c-a1da-351d322f1942,c65b6eba-1ade-430c-a35e-f19cec56c8d1,c1,DROP,689,?,x2,
1769471594.2925107,RECEIVED,399ccf5e-2a5e-4730-a7b1-e82daa079674,28d51937-ad17-4993-af15-9b2c4a26faf4,c4,None,1596,e2,?,
1769471594.3026547,SENT,5eeb3178-6b95-4d1f-901f-7502e4cc05ec,f419ddcd-9b92-4c1e-bdcc-6a5ef2300972,c1,c3,1254,?,x9,
1769471594.3026967,FORWARDED,5eeb3178-6b95-4d1f-901f-7502e4cc05ec,f419ddcd-9b92-4c1e-bdcc-6a5ef2300972,c1,c3,1254,?,x9,
1769471594.3116958,RECEIVED,77e8f214-2cf3-4172-8928-af23c7cb303c,f037b42e-535d-401c-ba17-3a40bde44ba8,c1,DROP,1011,e10,?,
1769471594.323898,SENT,6881cbd0-4bf5-4184-8f79-bbb5fc4f3a82,22d83a62-f29d-4e44-bff5-c40658f0b301,c1,DROP,687,?,x1,
1769471594.3239381,FORWARDED,6881cbd0-4bf5-4184-8f79-bbb5fc4f3a82,22d83a62-f29d-4e44-bff5-c40658f0b301,c1,DROP,687,?,x1,
1769471594.5183005,RECEIVED,244d5479-801b-4559-9dc4-0ae920ad507a,1170d5dd-8709-4034-b3ff-971935c46183,c5,DROP,1008,e8,?,
1769471594.5239604,SENT,399ccf5e-2a5e-4730-a7b1-e82daa079674,28d51937-ad17-4993-af15-9b2c4a26faf4,c4,None,1124,?,x5,
1769471594.5240047,FORWARDED,399ccf5e-2a5e-4730-a7b1-e82daa079674,28d51937-ad17-4993-af15-9b2c4a26faf4,c4,None,1124,?,x5,
1769471594.5659237,RECEIVED,a539b341-d062-42b6-a4d5-8e0c9a5d6520,176c6816-3758-45cb-913b-6b971f9e788c,c4,DROP,1000,e5,?,
1769471594.5730543,SENT,81ff9029-1471-4b38-9544-0a6d28144d15,51d5ad70-1063-4cd9-9b6f-70f53fa7560e,c1,DROP,684,?,x9,
1769471594.573099,FORWARDED,81ff9029-1471-4b38-9544-0a6d28144d15,51d5ad70-1063-4cd9-9b6f-70f53fa7560e,c1,DROP,684,?,x9,
1769471594.647635,SENT,f7097024-e159-416b-91b2-e15d42cae8a7,44f9dce9-8148-455c-81c6-4a27acfb5915,c4,DROP,683,?,x6,
1769471594.6476746,FORWARDED,f7097024-e159-416b-91b2-e15d42cae8a7,44f9dce9-8148-455c-81c6-4a27acfb5915,c4,DROP,683,?,x6,
1769471594.797532,RECEIVED,9fed2801-ec69-4e7a-b499-b0ae4997383b,93531044-2125-467f-a362-8cf5f87d5f28,c4,c3,1760,e12,?,
1769471594.8360577,SENT,a539b341-d062-42b6-a4d5-8e0c9a5d6520,176c6816-3758-45cb-913b-6b971f9e788c,c4,DROP,678,?,x10,
1769471594.8361082,FORWARDED,a539b341-d062-42b6-a4d5-8e0c9a5d6520,176c6816-3758-45cb-913b-6b971f9e788c,c4,DROP,678,?,x10,
1769471594.8601835,RECEIVED,2dd73636-28bc-405f-a609-2dfaa6aa1db0,056f6501-3a51-4e93-918b-151f59d2b511,c4,c3,1772,e12,?,
1769471594.9109163,SENT,244d5479-801b-4559-9dc4-0ae920ad507a,1170d5dd-8709-4034-b3ff-971935c46183,c5,DROP,684,?,x8,
1769471594.910958,FORWARDED,244d5479-801b-4559-9dc4-0ae920ad507a,1170d5dd-8709-4034-b3ff-971935c46183,c5,DROP,684,?,x8,
1769471595.1033187,SENT,2dd73636-28bc-405f-a609-2dfaa6aa1db0,056f6501-3a51-4e93-918b-151f59d2b511,c4,c3,1255,?,x1,
1769471595.1033683,FORWARDED,2dd73636-28bc-405f-a609-2dfaa6aa1db0,056f6501-3a51-4e93-918b-151f59d2b511,c4,c3,1255,?,x1,
1769471595.1403954,SENT,4c6b56eb-438b-420d-b693-aea27ade39e0,f3f5a1b2-ab8a-4841-b1a9-3e414bff571b,c3,DROP,680,?,x8,
1769471595.1404364,FORWARDED,4c6b56eb-438b-420d-b693-aea27ade39e0,f3f5a1b2-ab8a-4841-b1a9-3e414bff571b,c3,DROP,680,?,x8,
1769471595.1438816,RECEIVED,343fca2b-9ca3-410e-83ef-ecb5489cde33,a4c71624-efc6-4506-8d0c-de7241c1b558,c1,c3,1777,e3,?,
1769471595.2674735,RECEIVED,9e56177d-4b91-4f9c-8b11-19748f0df15b,6576d638-be4f-490d-926f-9772e09f2a25,c1,DROP,1012,e1,?,
1769471595.2781632,SENT,9fed2801-ec69-4e7a-b499-b0ae4997383b,93531044-2125-467f-a362-8cf5f87d5f28,c4,c3,1248,?,x5,
1769471595.2782032,FORWARDED,9fed2801-ec69-4e7a-b499-b0ae4997383b,93531044-2125-467f-a362-8cf5f87d5f28,c4,c3,1248,?,x5,
1769471595.3055933,SENT,343fca2b-9ca3-410e-83ef-ecb5489cde33,a4c71624-efc6-4506-8d0c-de7241c1b558,c1,c3,1259,?,x12,
1769471595.3056984,FORWARDED,343fca2b-9ca3-410e-83ef-ecb5489cde33,a4c71624-efc6-4506-8d0c-de7241c1b558,c1,c3,1259,?,x12,
1769471595.310242,RECEIVED,8ff9b986-4ba9-4c44-a27b-a33095ef5d78,83243f1b-09b2-435c-a4e8-0be633950f95,c1,DROP,1017,e7,?,
1769471595.4105456,SENT,8ff9b986-4ba9-4c44-a27b-a33095ef5d78,83243f1b-09b2-435c-a4e8-0be633950f95,c1,DROP,688,?,x2,
1769471595.410583,FORWARDED,8ff9b986-4ba9-4c44-a27b-a33095ef5d78,83243f1b-09b2-435c-a4e8-0be633950f95,c1,DROP,688,?,x2,
1769471595.5535407,RECEIVED,8e67bfbe-8135-410b-a055-49b8e962f178,dfee5c03-1ca4-4443-9e9d-4f8f401e08bf,c3,DROP,1021,e1,?,
1769471595.5940173,RECEIVED,43dc832d-fbdd-456c-9ff3-0e402ecdb58d,24b43aa7-4060-4d93-a2ab-5b4001b99750,c4,DROP,1008,e3,?,
1769471595.6259918,SENT,77e8f214-2cf3-4172-8928-af23c7cb303c,f037b42e-535d-401c-ba17-3a40bde44ba8,c1,DROP,687,?,x4,
1769471595.6260314,FORWARDED,77e8f214-2cf3-4172-8928-af23c7cb303c,f037b42e-535d-401c-ba17-3a40bde44ba8,c1,DROP,687,?,x4,
1769471595.6503496,RECEIVED,0a5fdeaf-b2f1-43fd-b374-1c5dc2994d47,764425fb-7730-40ff-b623-6ab3e0e89008,c4,DROP,1007,e4,?,
1769471595.711214,SENT,43dc832d-fbdd-456c-9ff3-0e402ecdb58d,24b43aa7-4060-4d93-a2ab-5b4001b99750,c4,DROP,683,?,x3,
1769471595.711257,FORWARDED,43dc832d-fbdd-456c-9ff3-0e402ecdb58d,24b43aa7-4060-4d93-a2ab-5b4001b99750,c4,DROP,683,?,x3,
1769471595.7401266,SENT,8e67bfbe-8135-410b-a055-49b8e962f178,dfee5c03-1ca4-4443-9e9d-4f8f401e08bf,c3,DROP,693,?,x11,
1769471595.7401688,FORWARDED,8e67bfbe-8135-410b-a055-49b8e962f178,dfee5c03-1ca4-4443-9e9d-4f8f401e08bf,c3,DROP,693,?,x11,
1769471595.757381,SENT,f79c5c1c-70a9-4ff4-b4f2-1874cafa01f0,3e21e981-f8a4-4229-a014-f51789f60f9a,c3,DROP,683,?,x3,
1769471595.75742,FORWARDED,f79c5c1c-70a9-4ff4-b4f2-1874cafa01f0,3e21e981-f8a4-4229-a014-f51789f60f9a,c3,DROP,683,?,x3,
1769471595.940561,RECEIVED,f1a72cb1-01c2-45b7-9743-538664368c1c,e9d64327-c934-4b9f-90e7-8c03a7e3a0bd,c4,DROP,1020,e12,?,
1769471595.9744334,SENT,f1a72cb1-01c2-45b7-9743-538664368c1c,e9d64327-c934-4b9f-90e7-8c03a7e3a0bd,c4,DROP,693,?,x2,
1769471595.9744751,FORWARDED,f1a72cb1-01c2-45b7-9743-538664368c1c,e9d64327-c934-4b9f-90e7-8c03a7e3a0bd,c4,DROP,693,?,x2,
1769471595.988076,SENT,9e56177d-4b91-4f9c-8b11-19748f0df15b,6576d638-be4f-490d-926f-9772e09f2a25,c1,DROP,687,?,x12,
1769471595.9881198,FORWARDED,9e56177d-4b91-4f9c-8b11-19748f0df15b,6576d638-be4f-490d-926f-9772e09f2a25,c1,DROP,687,?,x12,
1769471596.0418026,RECEIVED,1afa5fe6-be47-46a1-bac1-5f4e482c7cbb,2ec95b9f-611a-4331-92b5-e698e89be1c7,c4,DROP,1003,e9,?,
1769471596.1301095,RECEIVED,9015e170-ca8a-480c-96fd-b98f287e3904,e9eb1bbf-32a9-4983-bed6-8aaef68e5f08,c2,c4,1778,e5,?,
1769471596.1383626,RECEIVED,24847c84-d573-496e-938a-f36eeabefb13,91cb2a29-5370-4da4-b3de-1713fb77e2d4,c1,DROP,441,x1,?,
1769471596.185444,RECEIVED,cb52b2fd-2616-4064-bca9-f4decf1ef9af,af4c4f52-5fc1-49fd-b013-f238b87e7bf8,c5,DROP,1011,e6,?,
1769471596.2232192,RECEIVED,413a15b1-ad3d-454f-96bd-cb7c89eb998c,a308eca9-f004-40fc-99b5-feee4b34a757,c4,None,1612,e10,?,
1769471596.291835,RECEIVED,154a5a2b-e322-4acb-9442-ccaca941d51e,5a03aa82-87cd-4a84-b7cd-3c862a251838,c1,DROP,1007,e8,?,
1769471596.3132532,RECEIVED,89a787b3-fb08-4bc4-ad5f-80e85015a04a,2324b85e-dd88-4117-b15e-d9d065e733c8,c2,DROP,1007,e3,?,
1769471596.3915696,RECEIVED,d85dee26-fe0c-4e0b-966d-c76385b1af4e,57aef87b-e724-4f7e-914e-f3d3bc05e56a,c3,None,1596,e9,?,
1769471596.392864,RECEIVED,3cc9deda-3acc-4671-abc4-49d440b9b874,4d093c5e-f251-44b1-a782-8b8dbef8cf6f,c3,DROP,1020,e12,?,
1769471596.4547682,RECEIVED,c68613c4-b5a7-4bfe-b7d4-3f00be0d461a,36994c44-68a1-4ddd-8fe0-2d405437237c,c3,DROP,1011,e12,?,
1769471596.5427752,RECEIVED,9443cc93-49aa-493c-8ca8-a3f9261ec081,0e4196e3-36a5-4081-9fcb-fa29c2e15619,c3,c1,1780,e10,?,
1769471596.5624046,SENT,3cc9deda-3acc-4671-abc4-49d440b9b874,4d093c5e-f251-44b1-a782-8b8dbef8cf6f,c3,DROP,692,?,x2,
1769471596.562446,FORWARDED,3cc9deda-3acc-4671-abc4-49d440b9b874,4d093c5e-f251-44b1-a782-8b8dbef8cf6f,c3,DROP,692,?,x2,
1769471596.6044369,SENT,1afa5fe6-be47-46a1-bac1-5f4e482c7cbb,2ec95b9f-611a-4331-92b5-e698e89be1c7,c4,DROP,681,?,x7,
1769471596.6044781,FORWARDED,1afa5fe6-be47-46a1-bac1-5f4e482c7cbb,2ec95b9f-611a-4331-92b5-e698e89be1c7,c4,DROP,681,?,x7,
1769471596.6251626,SENT,d85dee26-fe0c-4e0b-966d-c76385b1af4e,57aef87b-e724-4f7e-914e-f3d3bc05e56a,c3,None,1124,?,x3,
1769471596.6252291,FORWARDED,d85dee26-fe0c-4e0b-966d-c76385b1af4e,57aef87b-e724-4f7e-914e-f3d3bc05e56a,c3,None,1124,?,x3,
1769471596.6435385,SENT,9015e170-ca8a-480c-96fd-b98f287e3904,e9eb1bbf-32a9-4983-bed6-8aaef68e5f08,c2,c4,1261,?,x4,
1769471596.6435773,FORWARDED,9015e170-ca8a-480c-96fd-b98f287e3904,e9eb1bbf-32a9-4983-bed6-8aaef68e5f08,c2,c4,1261,?,x4,
1769471596.7005825,SENT,cb52b2fd-2616-4064-bca9-f4decf1ef9af,af4c4f52-5fc1-49fd-b013-f238b87e7bf8,c5,DROP,685,?,x8,
1769471596.7006187,FORWARDED,cb52b2fd-2616-4064-bca9-f4decf1ef9af,af4c4f52-5fc1-49fd-b013-f238b87e7bf8,c5,DROP,685,?,x8,
1769471596.87238,SENT,9443cc93-49aa-493c-8ca8-a3f9261ec081,0e4196e3-36a5-4081-9fcb-fa29c2e15619,c3,c1,1263,?,x10,
1769471596.872421,FORWARDED,9443cc93-49aa-493c-8ca8-a3f9261ec081,0e4196e3-36a5-4081-9fcb-fa29c2e15619,c3,c1,1263,?,x10,
1769471596.8858423,RECEIVED,357217bf-2f61-4e4f-8f75-878a7a511014,1602347d-f2d0-4abf-8b0a-3e1593619b97,c5,DROP,1019,e12,?,
1769471596.9423103,SENT,154a5a2b-e322-4acb-9442-ccaca941d51e,5a03aa82-87cd-4a84-b7cd-3c862a251838,c1,DROP,684,?,x6,
1769471596.9423518,FORWARDED,154a5a2b-e322-4acb-9442-ccaca941d51e,5a03aa82-87cd-4a84-b7cd-3c862a251838,c1,DROP,684,?,x6,
1769471596.9546587,RECEIVED,8843f78b-c30d-45b7-a522-28948fd9f338,ee2bc429-68d4-49ae-af80-86e12c780427,c3,DROP,1009,e8,?,
1769471597.0076232,RECEIVED,07468578-61f2-4615-9263-8135f5756cfa,ca518aad-2aa2-49c3-ae57-e78f45e7bb53,c3,c1,1769,e9,?,
1769471597.0306318,RECEIVED,5691dc84-a170-4d4f-8bad-8a440af6fda2,f15da97f-4392-4c1d-989c-241581d4e99a,c3,None,1609,e1,?,
1769471597.044356,SENT,8843f78b-c30d-45b7-a522-28948fd9f338,ee2bc429-68d4-49ae-af80-86e12c780427,c3,DROP,684,?,x11,
1769471597.0443964,FORWARDED,8843f78b-c30d-45b7-a522-28948fd9f338,ee2bc429-68d4-49ae-af80-86e12c780427,c3,DROP,684,?,x11,
1769471597.0461652,RECEIVED,351a084f-c6ff-4fbd-9aae-520ab39818aa,b0608cdf-3a5f-4acb-9dad-7120ba456c7d,c1,DROP,1011,e6,?,
1769471597.0542161,SENT,5691dc84-a170-4d4f-8bad-8a440af6fda2,f15da97f-4392-4c1d-989c-241581d4e99a,c3,None,1132,?,x6,
1769471597.054261,FORWARDED,5691dc84-a170-4d4f-8bad-8a440af6fda2,f15da97f-4392-4c1d-989c-241581d4e99a,c3,None,1132,?,x6,
1769471597.126796,SENT,413a15b1-ad3d-454f-96bd-cb7c89eb998c,a308eca9-f004-40fc-99b5-feee4b34a757,c4,None,1135,?,x11,
1769471597.1268444,FORWARDED,413a15b1-ad3d-454f-96bd-cb7c89eb998c,a308eca9-f004-40fc-99b5-feee4b34a757,c4,None,1135,?,x11,
1769471597.1617064,SENT,357217bf-2f61-4e4f-8f75-878a7a511014,1602347d-f2d0-4abf-8b0a-3e1593619b97,c5,DROP,692,?,x6,
1769471597.1617496,FORWARDED,357217bf-2f61-4e4f-8f75-878a7a511014,1602347d-f2d0-4abf-8b0a-3e1593619b97,c5,DROP,692,?,x6,
1769471597.1654205,RECEIVED,1ecd7684-e171-47df-843f-3e1e1a9b61e6,9e003f10-a30a-4b17-bf5f-0dd6c37252cd,c1,DROP,1016,e7,?,
1769471597.2635348,SENT,1ecd7684-e171-47df-843f-3e1e1a9b61e6,9e003f10-a30a-4b17-bf5f-0dd6c37252cd,c1,DROP,689,?,x8,
1769471597.263579,FORWARDED,1ecd7684-e171-47df-843f-3e1e1a9b61e6,9e003f10-a30a-4b17-bf5f-0dd6c37252cd,c1,DROP,689,?,x8,
1769471597.273265,SENT,89a787b3-fb08-4bc4-ad5f-80e85015a04a,2324b85e-dd88-4117-b15e-d9d065e733c8,c2,DROP,684,?,x2,
1769471597.2733066,FORWARDED,89a787b3-fb08-4bc4-ad5f-80e85015a04a,2324b85e-dd88-4117-b15e-d9d065e733c8,c2,DROP,684,?,x2,
1769471597.3859966,RECEIVED,18e6909f-f3c2-4d32-94f7-2bacca09b30e,0b435352-5bab-424d-addc-2215cab113be,c3,None,1599,e12,?,
1769471597.3995583,SENT,07468578-61f2-4615-9263-8135f5756cfa,ca518aad-2aa2-49c3-ae57-e78f45e7bb53,c3,c1,1255,?,x4,
1769471597.3995996,FORWARDED,07468578-61f2-4615-9263-8135f5756cfa,ca518aad-2aa2-49c3-ae57-e78f45e7bb53,c3,c1,1255,?,x4,
1769471597.5439146,SENT,c68613c4-b5a7-4bfe-b7d4-3f00be0d461a,36994c44-68a1-4ddd-8fe0-2d405437237c,c3,DROP,687,?,x7,
1769471597.5439613,FORWARDED,c68613c4-b5a7-4bfe-b7d4-3f00be0d461a,36994c44-68a1-4ddd-8fe0-2d405437237c,c3,DROP,687,?,x7,
1769471597.582593,RECEIVED,9ce2a5f6-9f1e-4be5-afcb-802810fae44d,b2876296-ab75-4591-9284-824f7994470a,c5,DROP,1007,e7,?,
1769471597.675382,SENT,9ce2a5f6-9f1e-4be5-afcb-802810fae44d,b2876296-ab75-4591-9284-824f7994470a,c5,DROP,683,?,x9,
1769471597.67565,FORWARDED,9ce2a5f6-9f1e-4be5-afcb-802810fae44d,b2876296-ab75-4591-9284-824f7994470a,c5,DROP,683,?,x9,
1769471597.6877003,SENT,0a5fdeaf-b2f1-43fd-b374-1c5dc2994d47,764425fb-7730-40ff-b623-6ab3e0e89008,c4,DROP,683,?,x8,
1769471597.687742,FORWARDED,0a5fdeaf-b2f1-43fd-b374-1c5dc2994d47,764425fb-7730-40ff-b623-6ab3e0e89008,c4,DROP,683,?,x8,
1769471597.8647351,RECEIVED,f37bc82a-f1f9-48ca-a0d4-58656773f3a1,90a3b979-31da-46a9-9f9f-9aac411a84cf,c1,c3,1763,e6,?,
1769471597.9535506,RECEIVED,ff5ba25f-85a4-4d79-b750-d1fb4c59f326,cf00a748-f934-4f9f-b890-8c3caf7f177e,c4,DROP,1007,e9,?,
1769471597.9908316,RECEIVED,245a97c3-c134-456c-a5c3-6ab189bde367,9fbc4a86-a9fb-4919-b2e6-45a38d2edeb6,c1,c3,1764,e7,?,
1769471597.9927824,RECEIVED,906e3248-bacd-41fa-9e53-cebacd20be2b,f71fb5f7-99f4-4dfa-b74b-b8ba4d5999da,c1,DROP,1008,e2,?,
1769471598.0880322,RECEIVED,47d576f3-3495-49d0-a73a-ee0c2ac48863,eca4b76a-8e14-4cf6-836c-c9f85b3fae70,c2,DROP,1007,e5,?,
1769471598.1002452,SENT,906e3248-bacd-41fa-9e53-cebacd20be2b,f71fb5f7-99f4-4dfa-b74b-b8ba4d5999da,c1,DROP,683,?,x2,
1769471598.1002839,FORWARDED,906e3248-bacd-41fa-9e53-cebacd20be2b,f71fb5f7-99f4-4dfa-b74b-b8ba4d5999da,c1,DROP,683,?,x2,
1769471598.176839,SENT,f37bc82a-f1f9-48ca-a0d4-58656773f3a1,90a3b979-31da-46a9-9f9f-9aac411a84cf,c1,c3,1251,?,x9,
1769471598.1768804,FORWARDED,f37bc82a-f1f9-48ca-a0d4-58656773f3a1,90a3b979-31da-46a9-9f9f-9aac411a84cf,c1,c3,1251,?,x9,
1769471598.201801,RECEIVED,7e96e093-2bfc-40e2-b1c9-e5c00b41574d,e65fb6a4-52b2-455e-988a-20ab8a88606b,c4,None,1600,e5,?,
1769471598.344378,RECEIVED,02b8394f-6ba4-4a8f-bebe-06086c0c9403,7737c189-10d2-4d04-96cb-7c71c0e642e2,c2,DROP,441,x7,?,
1769471598.4641604,SENT,ff5ba25f-85a4-4d79-b750-d1fb4c59f326,cf00a748-f934-4f9f-b890-8c3caf7f177e,c4,DROP,684,?,x5,
1769471598.464205,FORWARDED,ff5ba25f-85a4-4d79-b750-d1fb4c59f326,cf00a748-f934-4f9f-b890-8c3caf7f177e,c4,DROP,684,?,x5,
1769471598.5447516,RECEIVED,24602fde-d08b-4327-ba49-5fa99a3f4c18,17fe316b-976d-4375-973b-f99531351d4a,c1,DROP,1012,e3,?,
1769471598.642261,RECEIVED,b9558001-96ce-4809-99ac-89b26666c8ec,bcd39b9a-b63e-4d44-b354-6dfd0a5bcac7,c4,DROP,1015,e11,?,
1769471598.8079712,RECEIVED,1f863448-0e51-4d2e-baf3-53814a99d076,102bc252-c865-45c0-a1a3-d49ac037faef,c2,DROP,1008,e8,?,
1769471598.8869314,SENT,24602fde-d08b-4327-ba49-5fa99a3f4c18,17fe316b-976d-4375-973b-f99531351d4a,c1,DROP,687,?,x4,
1769471598.8869822,FORWARDED,24602fde-d08b-4327-ba49-5fa99a3f4c18,17fe316b-976d-4375-973b-f99531351d4a,c1,DROP,687,?,x4,
1769471598.9089158,SENT,245a97c3-c134-456c-a5c3-6ab189bde367,9fbc4a86-a9fb-4919-b2e6-45a38d2edeb6,c1,c3,1251,?,x10,
1769471598.908957,FORWARDED,245a97c3-c134-456c-a5c3-6ab189bde367,9fbc4a86-a9fb-4919-b2e6-45a38d2edeb6,c1,c3,1251,?,x10,
1769471598.9285862,SENT,7e96e093-2bfc-40e2-b1c9-e5c00b41574d,e65fb6a4-52b2-455e-988a-20ab8a88606b,c4,None,1128,?,x11,
1769471598.928628,FORWARDED,7e96e093-2bfc-40e2-b1c9-e5c00b41574d,e65fb6a4-52b2-455e-988a-20ab8a88606b,c4,None,1128,?,x11,
1769471598.9948752,SENT,351a084f-c6ff-4fbd-9aae-520ab39818aa,b0608cdf-3a5f-4acb-9dad-7120ba456c7d,c1,DROP,685,?,x3,
1769471598.9949157,FORWARDED,351a084f-c6ff-4fbd-9aae-520ab39818aa,b0608cdf-3a5f-4acb-9dad-7120ba456c7d,c1,DROP,685,?,x3,
1769471599.1093132,SENT,18e6909f-f3c2-4d32-94f7-2bacca09b30e,0b435352-5bab-424d-addc-2215cab113be,c3,None,1127,?,x6,
1769471599.1093557,FORWARDED,18e6909f-f3c2-4d32-94f7-2bacca09b30e,0b435352-5bab-424d-addc-2215cab113be,c3,None,1127,?,x6,
1769471599.1828084,SENT,1f863448-0e51-4d2e-baf3-53814a99d076,102bc252-c865-45c0-a1a3-d49ac037faef,c2,DROP,684,?,x12,
1769471599.1829426,FORWARDED,1f863448-0e51-4d2e-baf3-53814a99d076,102bc252-c865-45c0-a1a3-d49ac037faef,c2,DROP,684,?,x12,
1769471599.249361,SENT,47d576f3-3495-49d0-a73a-ee0c2ac48863,eca4b76a-8e14-4cf6-836c-c9f85b3fae70,c2,DROP,684,?,x3,
1769471599.2494023,FORWARDED,47d576f3-3495-49d0-a73a-ee0c2ac48863,eca4b76a-8e14-4cf6-836c-c9f85b3fae70,c2,DROP,684,?,x3,
1769471599.2715182,RECEIVED,52a8d09c-aab7-40c1-bce8-e9224e0a7378,d12907e8-0f44-4d30-b10e-07c828e0885a,c4,DROP,1019,e11,?,
1769471599.3308272,RECEIVED,be43715d-f55d-425c-af94-6fd740e48a0c,34272c90-14ce-4799-8df4-6b0e321f85be,c1,None,1596,e5,?,
1769471599.3666592,SENT,b9558001-96ce-4809-99ac-89b26666c8ec,bcd39b9a-b63e-4d44-b354-6dfd0a5bcac7,c4,DROP,688,?,x8,
1769471599.3666997,FORWARDED,b9558001-96ce-4809-99ac-89b26666c8ec,bcd39b9a-b63e-4d44-b354-6dfd0a5bcac7,c4,DROP,688,?,x8,
1769471599.4101048,SENT,be43715d-f55d-425c-af94-6fd740e48a0c,34272c90-14ce-4799-8df4-6b0e321f85be,c1,None,1124,?,x2,
1769471599.4101486,FORWARDED,be43715d-f55d-425c-af94-6fd740e48a0c,34272c90-14ce-4799-8df4-6b0e321f85be,c1,None,1124,?,x2,
1769471599.5971186,RECEIVED,10c0c3c0-a31e-4a30-8e04-7f8d39c92eeb,53476bb5-0e8d-40a0-a8f0-5f2c3543928c,c1,DROP,1008,e6,?,
1769471599.6688998,SENT,10c0c3c0-a31e-4a30-8e04-7f8d39c92eeb,53476bb5-0e8d-40a0-a8f0-5f2c3543928c,c1,DROP,684,?,x8,
1769471599.6689398,FORWARDED,10c0c3c0-a31e-4a30-8e04-7f8d39c92eeb,53476bb5-0e8d-40a0-a8f0-5f2c3543928c,c1,DROP,684,?,x8,
1769471599.707722,RECEIVED,c95d3eae-5eb0-49f2-bf6a-7e30ee8657ee,e99b4199-2aa5-4ec3-9327-0cc963ade85b,c1,c3,1781,e9,?,
1769471599.7289672,RECEIVED,4776fdf5-117f-47c3-ade3-6e24dcd13d28,12a21f6f-64c2-45b0-87a0-f00bb57ceda9,c1,DROP,1009,e6,?,
1769471599.7704551,SENT,4776fdf5-117f-47c3-ade3-6e24dcd13d28,12a21f6f-64c2-45b0-87a0-f00bb57ceda9,c1,DROP,684,?,x3,
1769471599.7704968,FORWARDED,4776fdf5-117f-47c3-ade3-6e24dcd13d28,12a21f6f-64c2-45b0-87a0-f00bb57ceda9,c1,DROP,684,?,x3,
1769471599.8017278,RECEIVED,b64acce9-fb8a-439a-b2b9-34ee20f5651d,4e1b15e2-f7d3-4b90-9094-56d6eb33ba60,c3,None,1605,e8,?,
1769471599.8500004,SENT,52a8d09c-aab7-40c1-bce8-e9224e0a7378,d12907e8-0f44-4d30-b10e-07c828e0885a,c4,DROP,693,?,x5,
1769471599.8501632,FORWARDED,52a8d09c-aab7-40c1-bce8-e9224e0a7378,d12907e8-0f44-4d30-b10e-07c828e0885a,c4,DROP,693,?,x5,
1769471599.9467638,SENT,b64acce9-fb8a-439a-b2b9-34ee20f5651d,4e1b15e2-f7d3-4b90-9094-56d6eb33ba60,c3,None,1131,?,x10,
1769471599.9468071,FORWARDED,b64acce9-fb8a-439a-b2b9-34ee20f5651d,4e1b15e2-f7d3-4b90-9094-56d6eb33ba60,c3,None,1131,?,x10,
1769471599.9974134,RECEIVED,dadcdade-4e28-4ad8-b8df-50ca53a86728,febc2bad-42a5-40da-8551-dc2770fefcf2,c1,DROP,441,x12,?,
1769471600.1720948,SENT,c95d3eae-5eb0-49f2-bf6a-7e30ee8657ee,e99b4199-2aa5-4ec3-9327-0cc963ade85b,c1,c3,1263,?,x12,
1769471600.172138,FORWARDED,c95d3eae-5eb0-49f2-bf6a-7e30ee8657ee,e99b4199-2aa5-4ec3-9327-0cc963ade85b,c1,c3,1263,?,x12,
1769471600.228731,RECEIVED,5c64f682-adb0-4f30-b7eb-cccfd29c98e4,753b1333-0cfc-4ac2-a3d0-eef0e2173808,c4,c3,1778,e2,?,
1769471600.2463365,RECEIVED,a228fe85-0a26-414e-b5bb-0ef2ced521a0,11e16a88-e399-4523-99e1-0547c1cb7fa1,c1,c3,1773,e8,?,
1769471600.277242,SENT,a228fe85-0a26-414e-b5bb-0ef2ced521a0,11e16a88-e399-4523-99e1-0547c1cb7fa1,c1,c3,1256,?,x4,
1769471600.2772927,FORWARDED,a228fe85-0a26-414e-b5bb-0ef2ced521a0,11e16a88-e399-4523-99e1-0547c1cb7fa1,c1,c3,1256,?,x4,
1769471600.3563695,RECEIVED,39bf24d9-55ba-4fd6-b9eb-3cad8e0fb158,3abccd56-bd1e-4749-800b-c952fe728e54,c1,DROP,1012,e1,?,
1769471600.4687304,SENT,39bf24d9-55ba-4fd6-b9eb-3cad8e0fb158,3abccd56-bd1e-4749-800b-c952fe728e54,c1,DROP,687,?,x7,
1769471600.4687712,FORWARDED,39bf24d9-55ba-4fd6-b9eb-3cad8e0fb158,3abccd56-bd1e-4749-800b-c952fe728e54,c1,DROP,687,?,x7,
1769471600.6687255,RECEIVED,c98ab070-aa5f-4e14-9a68-8af996b75c33,ce293088-f828-4a69-983b-f64e2838450e,c4,None,1606,e10,?,
1769471600.6814713,RECEIVED,2d1b402d-9d97-45ce-98db-bd3dfec521a0,16edd52f-88f2-4c02-8c86-c7ed309a307b,c3,DROP,1007,e11,?,
1769471600.7647433,SENT,c98ab070-aa5f-4e14-9a68-8af996b75c33,ce293088-f828-4a69-983b-f64e2838450e,c4,None,1131,?,x11,
1769471600.764787,FORWARDED,c98ab070-aa5f-4e14-9a68-8af996b75c33,ce293088-f828-4a69-983b-f64e2838450e,c4,None,1131,?,x11,
1769471600.7810836,RECEIVED,b49c94f8-6b13-48c3-a45b-0196a787b11f,40180ef0-7cbc-4e4c-8427-69983ca71c69,c2,DROP,441,x6,?,
1769471601.1602623,RECEIVED,27c7b989-0d9d-4098-8bb6-68648464b94e,be605029-2c4e-418b-b02d-7caa71b35f83,c2,DROP,1015,e1,?,
1769471601.3245356,SENT,2d1b402d-9d97-45ce-98db-bd3dfec521a0,16edd52f-88f2-4c02-8c86-c7ed309a307b,c3,DROP,684,?,x3,
1769471601.3245788,FORWARDED,2d1b402d-9d97-45ce-98db-bd3dfec521a0,16edd52f-88f2-4c02-8c86-c7ed309a307b,c3,DROP,684,?,x3,
1769471601.406462,RECEIVED,60f3b4f8-2a90-491a-bd2d-0c6a0f80cc07,20172fcf-5932-4716-ad93-32f22ad3e1b1,c2,DROP,1007,e9,?,
1769471601.418278,RECEIVED,2bd3f420-03d4-49f4-94fc-28c80a8bbb6f,ecd1d57b-f374-4cd5-a4e8-1fd8fedfbfb0,c5,DROP,1017,e8,?,
1769471601.4557297,RECEIVED,3ad13a7c-ae10-49dc-b08b-3c5fb7f888af,4cebe6f5-6524-4534-9647-8e86de2ceb85,c3,c1,1770,e8,?,
1769471601.5012736,SENT,3ad13a7c-ae10-49dc-b08b-3c5fb7f888af,4cebe6f5-6524-4534-9647-8e86de2ceb85,c3,c1,1254,?,x6,
1769471601.5013173,FORWARDED,3ad13a7c-ae10-49dc-b08b-3c5fb7f888af,4cebe6f5-6524-4534-9647-8e86de2ceb85,c3,c1,1254,?,x6,
1769471601.5029233,SENT,2bd3f420-03d4-49f4-94fc-28c80a8bbb6f,ecd1d57b-f374-4cd5-a4e8-1fd8fedfbfb0,c5,DROP,688,?,x12,
1769471601.502964,FORWARDED,2bd3f420-03d4-49f4-94fc-28c80a8bbb6f,ecd1d57b-f374-4cd5-a4e8-1fd8fedfbfb0,c5,DROP,688,?,x12,
1769471601.6616778,RECEIVED,08fc5d79-fde8-4967-9971-dfe5b2ea98fd,e6557ca0-a809-4758-a0b9-e4a2b68f6f48,c1,None,1595,e3,?,
1769471601.7178907,SENT,27c7b989-0d9d-4098-8bb6-68648464b94e,be605029-2c4e-418b-b02d-7caa71b35f83,c2,DROP,688,?,x4,
1769471601.7179337,FORWARDED,27c7b989-0d9d-4098-8bb6-68648464b94e,be605029-2c4e-418b-b02d-7caa71b35f83,c2,DROP,688,?,x4,
1769471601.815155,RECEIVED,c6bb54be-c9bb-44b4-9c19-8b5533e3f07b,cafccd98-14cf-425d-afd8-63c18a380ff3,c5,DROP,1011,e7,?,
1769471601.9063632,RECEIVED,064bb59d-5371-40c3-a389-0cf99671db00,9fedba78-a821-41b8-b8e8-65c46fa8196f,c3,DROP,1016,e3,?,
1769471601.9309921,RECEIVED,ee2c84fe-aaf6-4221-9b89-4f22b65d365a,9adf0e8c-3c1d-4890-8e9d-b914aa8c18f6,c1,c3,1779,e12,?,
1769471601.9821894,SENT,08fc5d79-fde8-4967-9971-dfe5b2ea98fd,e6557ca0-a809-4758-a0b9-e4a2b68f6f48,c1,None,1123,?,x2,
1769471601.9823234,FORWARDED,08fc5d79-fde8-4967-9971-dfe5b2ea98fd,e6557ca0-a809-4758-a0b9-e4a2b68f6f48,c1,None,1123,?,x2,
1769471602.0332296,SENT,60f3b4f8-2a90-491a-bd2d-0c6a0f80cc07,20172fcf-5932-4716-ad93-32f22ad3e1b1,c2,DROP,683,?,x4,
1769471602.0332718,FORWARDED,60f3b4f8-2a90-491a-bd2d-0c6a0f80cc07,20172fcf-5932-4716-ad93-32f22ad3e1b1,c2,DROP,683,?,x4,
1769471602.0458982,RECEIVED,937bdeab-9deb-433d-bb94-fcf01fd68746,064f5944-369d-48e1-8efc-c88afda65c23,c2,DROP,441,x11,?,
1769471602.1008499,SENT,5c64f682-adb0-4f30-b7eb-cccfd29c98e4,753b1333-0cfc-4ac2-a3d0-eef0e2173808,c4,c3,1263,?,x5,
1769471602.1008983,FORWARDED,5c64f682-adb0-4f30-b7eb-cccfd29c98e4,753b1333-0cfc-4ac2-a3d0-eef0e2173808,c4,c3,1263,?,x5,
1769471602.2528963,RECEIVED,d019dcbd-fca0-49a5-889a-3d5a9d24b481,b183e94d-8b0f-46d2-92c9-b91e535cd244,c3,None,1604,e5,?,
1769471602.2590184,SENT,064bb59d-5371-40c3-a389-0cf99671db00,9fedba78-a821-41b8-b8e8-65c46fa8196f,c3,DROP,688,?,x9,
1769471602.25907,FORWARDED,064bb59d-5371-40c3-a389-0cf99671db00,9fedba78-a821-41b8-b8e8-65c46fa8196f,c3,DROP,688,?,x9,
1769471602.3373582,SENT,d019dcbd-fca0-49a5-889a-3d5a9d24b481,b183e94d-8b0f-46d2-92c9-b91e535cd244,c3,None,1131,?,x3,
1769471602.3375087,FORWARDED,d019dcbd-fca0-49a5-889a-3d5a9d24b481,b183e94d-8b0f-46d2-92c9-b91e535cd244,c3,None,1131,?,x3,
1769471602.337665,RECEIVED,9e509da5-da68-4ac1-820e-32dce9f759df,cfa9628d-7595-41d3-8dc6-b0ad82aaa473,c3,DROP,1007,e4,?,
1769471602.508386,SENT,ee2c84fe-aaf6-4221-9b89-4f22b65d365a,9adf0e8c-3c1d-4890-8e9d-b914aa8c18f6,c1,c3,1263,?,x5,
1769471602.5084274,FORWARDED,ee2c84fe-aaf6-4221-9b89-4f22b65d365a,9adf0e8c-3c1d-4890-8e9d-b914aa8c18f6,c1,c3,1263,?,x5,
1769471602.573642,SENT,9e509da5-da68-4ac1-820e-32dce9f759df,cfa9628d-7595-41d3-8dc6-b0ad82aaa473,c3,DROP,683,?,x8,
1769471602.573684,FORWARDED,9e509da5-da68-4ac1-820e-32dce9f759df,cfa9628d-7595-41d3-8dc6-b0ad82aaa473,c3,DROP,683,?,x8,
1769471602.6804445,SENT,c6bb54be-c9bb-44b4-9c19-8b5533e3f07b,cafccd98-14cf-425d-afd8-63c18a380ff3,c5,DROP,687,?,x1,
1769471602.6804805,FORWARDED,c6bb54be-c9bb-44b4-9c19-8b5533e3f07b,cafccd98-14cf-425d-afd8-63c18a380ff3,c5,DROP,687,?,x1,
1769471603.4117432,RECEIVED,f1affe97-4161-4420-862d-4bc8fde4dc6c,b51faa38-71e9-4643-bc5e-7f639bc63df5,c5,DROP,1016,e9,?,
1769471603.4673781,SENT,f1affe97-4161-4420-862d-4bc8fde4dc6c,b51faa38-71e9-4643-bc5e-7f639bc63df5,c5,DROP,688,?,x3,
1769471603.4674506,FORWARDED,f1affe97-4161-4420-862d-4bc8fde4dc6c,b51faa38-71e9-4643-bc5e-7f639bc63df5,c5,DROP,688,?,x3,
1769471603.5883327,RECEIVED,28b0b51e-b7cd-4f5a-a028-2d4efbbd2172,5dc5bf36-10a7-4f2c-be22-5ddb4c4ce082,c3,DROP,1013,e3,?,
1769471603.90858,RECEIVED,772be408-f6ee-4f75-9718-85384c8ee0ea,46239823-ccfb-4784-9bbd-278867f7ef48,c3,None,1598,e1,?,
1769471603.9106615,SENT,28b0b51e-b7cd-4f5a-a028-2d4efbbd2172,5dc5bf36-10a7-4f2c-be22-5ddb4c4ce082,c3,DROP,687,?,x11,
1769471603.9107015,FORWARDED,28b0b51e-b7cd-4f5a-a028-2d4efbbd2172,5dc5bf36-10a7-4f2c-be22-5ddb4c4ce082,c3,DROP,687,?,x11,
1769471603.950187,RECEIVED,3bad6cd1-2b26-4570-85fc-d457d1933ec8,c723e505-e128-42b7-bcdf-932da3870be1,c5,DROP,1007,e4,?,
1769471604.019187,RECEIVED,a9783ba2-9c89-4400-9dcb-2c7ffe2b59e3,5efe6490-9b4b-45e9-b7ab-cf87f4a0f83d,c2,DROP,1017,e7,?,
1769471604.1026297,RECEIVED,cc6ad499-67e6-4b1a-804d-2a64cdcdb4c8,5c1fe20a-9d7e-45d2-85fd-677733cdb15d,c4,DROP,1015,e10,?,
1769471604.1502135,RECEIVED,73abc064-b782-4ca2-b1ec-606dd8d0cb25,336b4a2c-d8d4-4475-bd4a-f60ca9f1d2b1,c5,DROP,1016,e2,?,
1769471604.1839936,RECEIVED,4791b8bf-701b-4a86-b71c-a365460662d7,b4c9886e-6fc0-4a72-90ca-96e12fde109e,c5,DROP,441,x2,?,
1769471604.236515,RECEIVED,8bb9704b-cc92-4f66-ab2d-773bfb451207,d4f02504-7a5b-40fa-b255-59e929aef230,c5,DROP,1015,e8,?,
1769471604.2452898,RECEIVED,3d27271c-e9aa-4ddc-bf24-bf708e7069f8,9484848f-7a79-45b3-922a-df6b3e97e528,c5,DROP,1008,e9,?,
1769471604.2475364,RECEIVED,36c41fa5-a40d-49be-b48b-303054a3fb97,720f230e-b069-4d1c-85c4-e321a1e71521,c3,c1,1776,e3,?,
1769471604.269735,SENT,a9783ba2-9c89-4400-9dcb-2c7ffe2b59e3,5efe6490-9b4b-45e9-b7ab-cf87f4a0f83d,c2,DROP,688,?,x10,
1769471604.2697787,FORWARDED,a9783ba2-9c89-4400-9dcb-2c7ffe2b59e3,5efe6490-9b4b-45e9-b7ab-cf87f4a0f83d,c2,DROP,688,?,x10,
1769471604.4355807,SENT,73abc064-b782-4ca2-b1ec-606dd8d0cb25,336b4a2c-d8d4-4475-bd4a-f60ca9f1d2b1,c5,DROP,688,?,x1,
1769471604.4356234,FORWARDED,73abc064-b782-4ca2-b1ec-606dd8d0cb25,336b4a2c-d8d4-4475-bd4a-f60ca9f1d2b1,c5,DROP,688,?,x1,
1769471604.4531815,SENT,3d27271c-e9aa-4ddc-bf24-bf708e7069f8,9484848f-7a79-45b3-922a-df6b3e97e528,c5,DROP,682,?,x2,
1769471604.453222,FORWARDED,3d27271c-e9aa-4ddc-bf24-bf708e7069f8,9484848f-7a79-45b3-922a-df6b3e97e528,c5,DROP,682,?,x2,
1769471604.491634,SENT,3bad6cd1-2b26-4570-85fc-d457d1933ec8,c723e505-e128-42b7-bcdf-932da3870be1,c5,DROP,683,?,x4,
1769471604.4916866,FORWARDED,3bad6cd1-2b26-4570-85fc-d457d1933ec8,c723e505-e128-42b7-bcdf-932da3870be1,c5,DROP,683,?,x4,
1769471604.50392,RECEIVED,4c6bb20f-b1c1-4d59-b325-5bac53d7d88c,e0a04c1c-6688-49c2-81d3-dd2e624446a7,c3,DROP,1007,e8,?,
1769471604.5047872,RECEIVED,21d8b1b9-2e32-4abc-9f28-df0cdbb973eb,a056a876-d28c-464e-9e10-0a6151c0f765,c5,DROP,1007,e7,?,
1769471604.5339482,RECEIVED,94de318e-521d-4c5f-92b8-2b207a924635,d643d68e-46f2-4e86-af78-679e0548a0f0,c2,DROP,441,x4,?,
1769471604.6457336,SENT,36c41fa5-a40d-49be-b48b-303054a3fb97,720f230e-b069-4d1c-85c4-e321a1e71521,c3,c1,1258,?,x7,
1769471604.6457746,FORWARDED,36c41fa5-a40d-49be-b48b-303054a3fb97,720f230e-b069-4d1c-85c4-e321a1e71521,c3,c1,1258,?,x7,
1769471604.6855655,SENT,8bb9704b-cc92-4f66-ab2d-773bfb451207,d4f02504-7a5b-40fa-b255-59e929aef230,c5,DROP,688,?,x12,
1769471604.6856053,FORWARDED,8bb9704b-cc92-4f66-ab2d-773bfb451207,d4f02504-7a5b-40fa-b255-59e929aef230,c5,DROP,688,?,x12,
1769471604.749141,RECEIVED,aabe7b26-c1de-47cb-a05e-70cc0a223465,80115c79-3e90-4e08-af67-74d40e75fd5e,c3,c1,1772,e7,?,
1769471604.7949417,RECEIVED,72e94883-4928-43a4-959e-108c1ce6d7d2,b3cec467-0cc7-4377-ab30-1a2a1b5c646a,c2,c4,1785,e12,?,
1769471604.811433,SENT,72e94883-4928-43a4-959e-108c1ce6d7d2,b3cec467-0cc7-4377-ab30-1a2a1b5c646a,c2,c4,1265,?,x1,
1769471604.8114734,FORWARDED,72e94883-4928-43a4-959e-108c1ce6d7d2,b3cec467-0cc7-4377-ab30-1a2a1b5c646a,c2,c4,1265,?,x1,
1769471604.8186686,SENT,aabe7b26-c1de-47cb-a05e-70cc0a223465,80115c79-3e90-4e08-af67-74d40e75fd5e,c3,c1,1256,?,x3,
1769471604.8187065,FORWARDED,aabe7b26-c1de-47cb-a05e-70cc0a223465,80115c79-3e90-4e08-af67-74d40e75fd5e,c3,c1,1256,?,x3,
1769471604.8235931,RECEIVED,1e716ff4-f490-4c91-ac70-1db607d3e045,bc542659-c955-4f1e-a476-f20d1a35c83f,c4,None,1595,e8,?,
1769471604.8955114,SENT,cc6ad499-67e6-4b1a-804d-2a64cdcdb4c8,5c1fe20a-9d7e-45d2-85fd-677733cdb15d,c4,DROP,688,?,x7,
1769471604.895553,FORWARDED,cc6ad499-67e6-4b1a-804d-2a64cdcdb4c8,5c1fe20a-9d7e-45d2-85fd-677733cdb15d,c4,DROP,688,?,x7,
1769471604.970491,RECEIVED,43c3c314-d4d4-417f-936c-61ba97738697,ea4d9b1a-ee8f-42c4-8455-259e6ceb3211,c3,DROP,1007,e3,?,
1769471604.9823287,RECEIVED,cd92ed8d-7bc0-44d2-834d-8fb7fff0a738,b237ef8d-90cb-4585-9170-f0f346a49d82,c1,DROP,1017,e8,?,
1769471605.0562782,SENT,1e716ff4-f490-4c91-ac70-1db607d3e045,bc542659-c955-4f1e-a476-f20d1a35c83f,c4,None,1124,?,x9,
1769471605.0563214,FORWARDED,1e716ff4-f490-4c91-ac70-1db607d3e045,bc542659-c955-4f1e-a476-f20d1a35c83f,c4,None,1124,?,x9,
1769471605.0710697,SENT,cd92ed8d-7bc0-44d2-834d-8fb7fff0a738,b237ef8d-90cb-4585-9170-f0f346a49d82,c1,DROP,688,?,x11,
1769471605.0711117,FORWARDED,cd92ed8d-7bc0-44d2-834d-8fb7fff0a738,b237ef8d-90cb-4585-9170-f0f346a49d82,c1,DROP,688,?,x11,
1769471605.170205,SENT,772be408-f6ee-4f75-9718-85384c8ee0ea,46239823-ccfb-4784-9bbd-278867f7ef48,c3,None,1127,?,x3,
1769471605.1702483,FORWARDED,772be408-f6ee-4f75-9718-85384c8ee0ea,46239823-ccfb-4784-9bbd-278867f7ef48,c3,None,1127,?,x3,
1769471605.2793882,RECEIVED,7c30e4a2-e2bd-429a-a870-9374fdf963d0,25f44341-2d59-4ea6-87e4-ff25b1880e30,c1,None,1596,e10,?,
1769471605.3443477,SENT,43c3c314-d4d4-417f-936c-61ba97738697,ea4d9b1a-ee8f-42c4-8455-259e6ceb3211,c3,DROP,684,?,x7,
1769471605.3443875,FORWARDED,43c3c314-d4d4-417f-936c-61ba97738697,ea4d9b1a-ee8f-42c4-8455-259e6ceb3211,c3,DROP,684,?,x7,
1769471605.447902,SENT,7c30e4a2-e2bd-429a-a870-9374fdf963d0,25f44341-2d59-4ea6-87e4-ff25b1880e30,c1,None,1123,?,x9,
1769471605.4479365,FORWARDED,7c30e4a2-e2bd-429a-a870-9374fdf963d0,25f44341-2d59-4ea6-87e4-ff25b1880e30,c1,None,1123,?,x9,
1769471605.5871215,SENT,4c6bb20f-b1c1-4d59-b325-5bac53d7d88c,e0a04c1c-6688-49c2-81d3-dd2e624446a7,c3,DROP,683,?,x5,
1769471605.5871632,FORWARDED,4c6bb20f-b1c1-4d59-b325-5bac53d7d88c,e0a04c1c-6688-49c2-81d3-dd2e624446a7,c3,DROP,683,?,x5,
1769471605.774637,SENT,21d8b1b9-2e32-4abc-9f28-df0cdbb973eb,a056a876-d28c-464e-9e10-0a6151c0f765,c5,DROP,683,?,x5,
1769471605.774677,FORWARDED,21d8b1b9-2e32-4abc-9f28-df0cdbb973eb,a056a876-d28c-464e-9e10-0a6151c0f765,c5,DROP,683,?,x5,
1769471605.8388014,RECEIVED,f969cdac-2273-4f1d-abd9-0f84f55d922f,75fc6c5f-ea10-4c25-ab80-e4206a0a5890,c3,DROP,1004,e9,?,
1769471605.8862042,RECEIVED,d32561be-d118-4a37-bf82-336e6413f5d9,a1ddbfce-9d2d-40eb-804d-db4ac778f819,c1,None,1595,e10,?,
1769471605.928186,SENT,f969cdac-2273-4f1d-abd9-0f84f55d922f,75fc6c5f-ea10-4c25-ab80-e4206a0a5890,c3,DROP,680,?,x3,
1769471605.9282281,FORWARDED,f969cdac-2273-4f1d-abd9-0f84f55d922f,75fc6c5f-ea10-4c25-ab80-e4206a0a5890,c3,DROP,680,?,x3,
1769471606.3173296,SENT,d32561be-d118-4a37-bf82-336e6413f5d9,a1ddbfce-9d2d-40eb-804d-db4ac778f819,c1,None,1124,?,x1,
1769471606.3173733,FORWARDED,d32561be-d118-4a37-bf82-336e6413f5d9,a1ddbfce-9d2d-40eb-804d-db4ac778f819,c1,None,1124,?,x1,
1769471606.4829705,RECEIVED,62cb74c6-c96c-4816-b9b7-00a9dc3adb0d,19f69432-a898-4a6f-9acc-cc4b4cab21a8,c5,c1,1784,e10,?,
1769471606.7892227,SENT,62cb74c6-c96c-4816-b9b7-00a9dc3adb0d,19f69432-a898-4a6f-9acc-cc4b4cab21a8,c5,c1,1264,?,x11,
1769471606.7892663,FORWARDED,62cb74c6-c96c-4816-b9b7-00a9dc3adb0d,19f69432-a898-4a6f-9acc-cc4b4cab21a8,c5,c1,1264,?,x11,
1769471606.9247048,RECEIVED,862943e2-5ca8-43cf-bb47-7e35c714f9e3,d3a293b2-885e-4b5b-af6a-65cd0670343b,c5,DROP,1012,e5,?,
1769471606.9849658,RECEIVED,b1078d85-789f-486f-9062-c6f609463163,4f110075-a342-4156-a79c-d605fa604bf3,c5,c1,1776,e2,?,
1769471607.065379,RECEIVED,d331a917-827d-4682-8af0-37091906ce51,bbc8ed66-e99b-48b8-aa12-7c19ebcfd27a,c3,DROP,440,x5,?,
1769471607.0873084,SENT,862943e2-5ca8-43cf-bb47-7e35c714f9e3,d3a293b2-885e-4b5b-af6a-65cd0670343b,c5,DROP,685,?,x2,
1769471607.0873513,FORWARDED,862943e2-5ca8-43cf-bb47-7e35c714f9e3,d3a293b2-885e-4b5b-af6a-65cd0670343b,c5,DROP,685,?,x2,
1769471607.1614375,SENT,b1078d85-789f-486f-9062-c6f609463163,4f110075-a342-4156-a79c-d605fa604bf3,c5,c1,1258,?,x3,
1769471607.1614792,FORWARDED,b1078d85-789f-486f-9062-c6f609463163,4f110075-a342-4156-a79c-d605fa604bf3,c5,c1,1258,?,x3,
1769471607.307232,RECEIVED,8e4bf605-fbfe-4e73-94dc-85b05a8815a2,b720ae3c-44fa-49f6-9ef6-dfdcc5a4af71,c4,DROP,1015,e12,?,
1769471607.58638,RECEIVED,d4572f3a-14f6-4e85-b448-ce7f5cee0d34,8442b0f6-0e28-417d-99cb-1a10c48e9c5b,c2,DROP,1012,e6,?,
1769471607.679753,SENT,d4572f3a-14f6-4e85-b448-ce7f5cee0d34,8442b0f6-0e28-417d-99cb-1a10c48e9c5b,c2,DROP,687,?,x3,
1769471607.679794,FORWARDED,d4572f3a-14f6-4e85-b448-ce7f5cee0d34,8442b0f6-0e28-417d-99cb-1a10c48e9c5b,c2,DROP,687,?,x3,
1769471607.9423645,RECEIVED,c178a464-740f-4bb5-94e8-8a4f1c5ad83d,83cdab90-44c5-4965-826f-acf4e89d9fe9,c1,c3,1775,e11,?,
1769471607.9835978,SENT,8e4bf605-fbfe-4e73-94dc-85b05a8815a2,b720ae3c-44fa-49f6-9ef6-dfdcc5a4af71,c4,DROP,688,?,x8,
1769471607.9836397,FORWARDED,8e4bf605-fbfe-4e73-94dc-85b05a8815a2,b720ae3c-44fa-49f6-9ef6-dfdcc5a4af71,c4,DROP,688,?,x8,
1769471608.086662,RECEIVED,5cd32056-0794-4f1f-8f15-34c68f0c6f7d,d75e9c71-c34a-4641-9c7d-07d2d026a147,c4,DROP,1017,e1,?,
1769471608.2911026,RECEIVED,38a474d6-004c-451e-9542-fac580382400,467c4d27-1bd5-4beb-a903-d78bfa9de237,c4,c3,1771,e1,?,
1769471608.4352539,RECEIVED,80588f1f-bdd7-4f30-adfd-1bbff27802c3,ca0579ca-639e-48fc-a4d8-e229a46e4d78,c3,DROP,1015,e6,?,
1769471608.5479214,SENT,5cd32056-0794-4f1f-8f15-34c68f0c6f7d,d75e9c71-c34a-4641-9c7d-07d2d026a147,c4,DROP,688,?,x12,
1769471608.5479627,FORWARDED,5cd32056-0794-4f1f-8f15-34c68f0c6f7d,d75e9c71-c34a-4641-9c7d-07d2d026a147,c4,DROP,688,?,x12,
1769471608.579544,SENT,c178a464-740f-4bb5-94e8-8a4f1c5ad83d,83cdab90-44c5-4965-826f-acf4e89d9fe9,c1,c3,1259,?,x4,
1769471608.579585,FORWARDED,c178a464-740f-4bb5-94e8-8a4f1c5ad83d,83cdab90-44c5-4965-826f-acf4e89d9fe9,c1,c3,1259,?,x4,
1769471608.6941712,RECEIVED,01c30391-69c2-449c-a14f-286cc72bcae2,7e7bf752-fd2a-40f6-8e3e-00ac11885250,c1,None,1596,e4,?,
1769471608.8295698,RECEIVED,ce52ca3e-65cf-4d8c-8b6d-9f28e454a4c2,a5438203-be86-450a-bfe8-175389a7164a,c3,DROP,1025,e7,?,
1769471608.8668275,RECEIVED,c36df368-68ae-4e86-9c14-edd567ea2d0d,fceab81d-e905-487a-9c6a-45efaff28d58,c2,DROP,1016,e9,?,
1769471608.8810854,SENT,01c30391-69c2-449c-a14f-286cc72bcae2,7e7bf752-fd2a-40f6-8e3e-00ac11885250,c1,None,1124,?,x1,
1769471608.8811295,FORWARDED,01c30391-69c2-449c-a14f-286cc72bcae2,7e7bf752-fd2a-40f6-8e3e-00ac11885250,c1,None,1124,?,x1,
1769471608.9121056,RECEIVED,d5a31bb2-d3bf-41fe-b6a4-ba8adbebf081,b291c2dc-9077-48de-8f37-719ffdcb8425,c1,DROP,1008,e12,?,
1769471608.9579709,SENT,80588f1f-bdd7-4f30-adfd-1bbff27802c3,ca0579ca-639e-48fc-a4d8-e229a46e4d78,c3,DROP,689,?,x3,
1769471608.9580138,FORWARDED,80588f1f-bdd7-4f30-adfd-1bbff27802c3,ca0579ca-639e-48fc-a4d8-e229a46e4d78,c3,DROP,689,?,x3,
1769471608.9740393,SENT,c36df368-68ae-4e86-9c14-edd567ea2d0d,fceab81d-e905-487a-9c6a-45efaff28d58,c2,DROP,688,?,x5,
1769471608.9740925,FORWARDED,c36df368-68ae-4e86-9c14-edd567ea2d0d,fceab81d-e905-487a-9c6a-45efaff28d58,c2,DROP,688,?,x5,
1769471608.9859278,SENT,ce52ca3e-65cf-4d8c-8b6d-9f28e454a4c2,a5438203-be86-450a-bfe8-175389a7164a,c3,DROP,694,?,x12,
1769471608.985964,FORWARDED,ce52ca3e-65cf-4d8c-8b6d-9f28e454a4c2,a5438203-be86-450a-bfe8-175389a7164a,c3,DROP,694,?,x12,
1769471609.1116846,RECEIVED,1ed8a4d7-f780-4f2c-8656-85f4f79df3d0,0dc11bd7-9003-4cec-9411-97bbb0f11e65,c2,DROP,1013,e11,?,
1769471609.1877518,SENT,1ed8a4d7-f780-4f2c-8656-85f4f79df3d0,0dc11bd7-9003-4cec-9411-97bbb0f11e65,c2,DROP,685,?,x2,
1769471609.1877933,FORWARDED,1ed8a4d7-f780-4f2c-8656-85f4f79df3d0,0dc11bd7-9003-4cec-9411-97bbb0f11e65,c2,DROP,685,?,x2,
1769471609.2223167,SENT,38a474d6-004c-451e-9542-fac580382400,467c4d27-1bd5-4beb-a903-d78bfa9de237,c4,c3,1256,?,x2,
1769471609.2223544,FORWARDED,38a474d6-004c-451e-9542-fac580382400,467c4d27-1bd5-4beb-a903-d78bfa9de237,c4,c3,1256,?,x2,
1769471609.2382512,RECEIVED,944a2cb7-0e8b-4e8f-ad1d-aaded20f54f6,d15e1585-034b-40eb-8286-4a10318be9fc,c5,c1,1768,e6,?,
1769471609.2707143,SENT,d5a31bb2-d3bf-41fe-b6a4-ba8adbebf081,b291c2dc-9077-48de-8f37-719ffdcb8425,c1,DROP,683,?,x2,
1769471609.2707548,FORWARDED,d5a31bb2-d3bf-41fe-b6a4-ba8adbebf081,b291c2dc-9077-48de-8f37-719ffdcb8425,c1,DROP,683,?,x2,
1769471609.4579785,RECEIVED,a35daae1-5472-4cfc-979e-c7a0bb656e94,71e822aa-fd8b-4c8f-9b2d-3ce60f7261b6,c3,c1,1780,e12,?,
1769471609.6110313,RECEIVED,9dd24443-4e8c-41da-828f-a68300746431,4a865bb7-b832-4486-be88-bc1fb886a1e1,c1,DROP,1016,e1,?,
1769471609.809676,SENT,a35daae1-5472-4cfc-979e-c7a0bb656e94,71e822aa-fd8b-4c8f-9b2d-3ce60f7261b6,c3,c1,1263,?,x12,
1769471609.8097155,FORWARDED,a35daae1-5472-4cfc-979e-c7a0bb656e94,71e822aa-fd8b-4c8f-9b2d-3ce60f7261b6,c3,c1,1263,?,x12,
1769471609.9898791,RECEIVED,f6827d43-8099-4868-a533-f024ca1d6463,4310c0b3-c81a-4040-9ac6-1289e825e257,c1,c3,1776,e10,?,
1769471610.0366297,SENT,9dd24443-4e8c-41da-828f-a68300746431,4a865bb7-b832-4486-be88-bc1fb886a1e1,c1,DROP,689,?,x7,
1769471610.0366697,FORWARDED,9dd24443-4e8c-41da-828f-a68300746431,4a865bb7-b832-4486-be88-bc1fb886a1e1,c1,DROP,689,?,x7,
1769471610.127525,SENT,944a2cb7-0e8b-4e8f-ad1d-aaded20f54f6,d15e1585-034b-40eb-8286-4a10318be9fc,c5,c1,1252,?,x11,
1769471610.1275651,FORWARDED,944a2cb7-0e8b-4e8f-ad1d-aaded20f54f6,d15e1585-034b-40eb-8286-4a10318be9fc,c5,c1,1252,?,x11,
1769471610.169554,RECEIVED,f2bebfde-555c-4117-bcea-c4f5dcad2716,417523d2-0797-41e1-9e7b-e6213623b26e,c2,DROP,1016,e7,?,
1769471610.1756504,RECEIVED,6a8774d3-b21d-48d4-9a64-b4030b9be96e,70c26ada-2c0e-49fd-87ef-e68cd323201a,c5,c1,1775,e3,?,
1769471610.2397628,SENT,f6827d43-8099-4868-a533-f024ca1d6463,4310c0b3-c81a-4040-9ac6-1289e825e257,c1,c3,1260,?,x1,
1769471610.2398052,FORWARDED,f6827d43-8099-4868-a533-f024ca1d6463,4310c0b3-c81a-4040-9ac6-1289e825e257,c1,c3,1260,?,x1,
1769471610.3136337,SENT,f2bebfde-555c-4117-bcea-c4f5dcad2716,417523d2-0797-41e1-9e7b-e6213623b26e,c2,DROP,688,?,x3,
1769471610.313673,FORWARDED,f2bebfde-555c-4117-bcea-c4f5dcad2716,417523d2-0797-41e1-9e7b-e6213623b26e,c2,DROP,688,?,x3,
1769471610.3538814,RECEIVED,bfc0cfb8-6ee4-49b2-af8b-fcf3d4059348,3f60ed37-a9b9-4f27-aca4-309945c8970b,c1,None,1600,e10,?,
1769471610.4151406,RECEIVED,2fe158a2-601b-4512-8351-914c717c3856,cd6afd74-a16f-482e-be0e-da580c684f6e,c3,DROP,1015,e5,?,
1769471610.438733,SENT,bfc0cfb8-6ee4-49b2-af8b-fcf3d4059348,3f60ed37-a9b9-4f27-aca4-309945c8970b,c1,None,1128,?,x2,
1769471610.438773,FORWARDED,bfc0cfb8-6ee4-49b2-af8b-fcf3d4059348,3f60ed37-a9b9-4f27-aca4-309945c8970b,c1,None,1128,?,x2,
1769471610.8807456,SENT,6a8774d3-b21d-48d4-9a64-b4030b9be96e,70c26ada-2c0e-49fd-87ef-e68cd323201a,c5,c1,1259,?,x4,
1769471610.8807871,FORWARDED,6a8774d3-b21d-48d4-9a64-b4030b9be96e,70c26ada-2c0e-49fd-87ef-e68cd323201a,c5,c1,1259,?,x4,
1769471611.0747795,RECEIVED,8d8946d8-17a7-4bf6-8a63-600ad9af4cab,883ff075-0802-4c74-8de3-fea07d69aeb5,c1,DROP,441,x8,?,
1769471611.159498,RECEIVED,77867857-4869-4860-8f04-2875de0307c5,e4272292-1bea-4982-af61-7f551e21a4a0,c5,DROP,437,x6,?,
1769471611.176185,RECEIVED,2982c3e7-1bfd-4889-ab79-20c970cc8d99,a87765c5-6f39-4ed6-a189-7d3acdb8ed93,c1,DROP,1012,e9,?,
1769471611.4017704,RECEIVED,a201177d-7e63-4b95-a155-4410c1f62900,580d820b-065b-49cf-89b8-2bef3bf0776a,c1,None,1601,e8,?,
1769471611.4828057,SENT,a201177d-7e63-4b95-a155-4410c1f62900,580d820b-065b-49cf-89b8-2bef3bf0776a,c1,None,1127,?,x9,
1769471611.4828484,FORWARDED,a201177d-7e63-4b95-a155-4410c1f62900,580d820b-065b-49cf-89b8-2bef3bf0776a,c1,None,1127,?,x9,
1769471611.767177,SENT,2fe158a2-601b-4512-8351-914c717c3856,cd6afd74-a16f-482e-be0e-da580c684f6e,c3,DROP,688,?,x1,
1769471611.7672203,FORWARDED,2fe158a2-601b-4512-8351-914c717c3856,cd6afd74-a16f-482e-be0e-da580c684f6e,c3,DROP,688,?,x1,
1769471611.885078,RECEIVED,392952d4-13df-445f-90c5-eda1390887eb,61657185-afdd-4829-a687-331f402504e3,c2,DROP,1017,e8,?,
1769471611.9785254,SENT,392952d4-13df-445f-90c5-eda1390887eb,61657185-afdd-4829-a687-331f402504e3,c2,DROP,689,?,x9,
1769471611.9785602,FORWARDED,392952d4-13df-445f-90c5-eda1390887eb,61657185-afdd-4829-a687-331f402504e3,c2,DROP,689,?,x9,
1769471612.3142314,RECEIVED,0ca47ef7-4dbf-408c-a160-120a42e601c8,efef5220-ad08-4fbd-9504-1a13929137e1,c2,DROP,441,x1,?,
1769471612.374589,RECEIVED,2cbc4934-5e3a-4357-90ed-491e62bd0f15,567fa8e6-2dfd-4b84-bb98-5696c5300284,c2,DROP,1011,e5,?,
1769471612.3979924,RECEIVED,def889f8-30a0-49ec-9b7b-3bdf3fcc0aff,ff933823-a001-4c24-a0cb-0be5a9cbecb1,c3,DROP,1008,e5,?,
1769471612.4571874,SENT,2982c3e7-1bfd-4889-ab79-20c970cc8d99,a87765c5-6f39-4ed6-a189-7d3acdb8ed93,c1,DROP,687,?,x11,
1769471612.457227,FORWARDED,2982c3e7-1bfd-4889-ab79-20c970cc8d99,a87765c5-6f39-4ed6-a189-7d3acdb8ed93,c1,DROP,687,?,x11,
1769471612.573312,RECEIVED,cb0ef072-d410-43ec-ac14-153483018dab,da66edd0-bae7-4c24-949d-7e0763b4fed6,c4,DROP,441,x10,?,
1769471612.6063173,SENT,def889f8-30a0-49ec-9b7b-3bdf3fcc0aff,ff933823-a001-4c24-a0cb-0be5a9cbecb1,c3,DROP,684,?,x10,
1769471612.6063583,FORWARDED,def889f8-30a0-49ec-9b7b-3bdf3fcc0aff,ff933823-a001-4c24-a0cb-0be5a9cbecb1,c3,DROP,684,?,x10,
1769471612.7531133,RECEIVED,be310208-dc58-451f-95b4-346905dc0e78,9f714f0c-3a11-4efb-9287-a050966c1e56,c2,DROP,443,x3,?,
1769471612.8638217,RECEIVED,f0144db3-b611-4425-814a-55a6a39cdeaf,d56a232b-3f3c-4988-a4d7-6d8a14fb21a2,c4,DROP,1011,e2,?,
1769471613.0009744,SENT,2cbc4934-5e3a-4357-90ed-491e62bd0f15,567fa8e6-2dfd-4b84-bb98-5696c5300284,c2,DROP,687,?,x3,
1769471613.0010161,FORWARDED,2cbc4934-5e3a-4357-90ed-491e62bd0f15,567fa8e6-2dfd-4b84-bb98-5696c5300284,c2,DROP,687,?,x3,
1769471613.0362458,RECEIVED,21976bd3-2ed5-42d2-990c-f4cfcc066189,cb880edc-386c-446a-a013-ea69c6ab0c4d,c3,DROP,1011,e5,?,
1769471613.0367734,RECEIVED,b6259459-84aa-45d1-885a-164c1f27616b,730822e4-cdfa-46ec-9855-25b17f1d3dcc,c1,DROP,1011,e8,?,
1769471613.1304643,RECEIVED,6cbf7100-324f-4462-9009-29613552ff1d,9704ecc6-96d5-4ffb-831d-bd3009c47ae9,c3,DROP,1004,e5,?,
1769471613.3141181,SENT,f0144db3-b611-4425-814a-55a6a39cdeaf,d56a232b-3f3c-4988-a4d7-6d8a14fb21a2,c4,DROP,687,?,x8,
1769471613.314162,FORWARDED,f0144db3-b611-4425-814a-55a6a39cdeaf,d56a232b-3f3c-4988-a4d7-6d8a14fb21a2,c4,DROP,687,?,x8,
1769471613.3406675,SENT,6cbf7100-324f-4462-9009-29613552ff1d,9704ecc6-96d5-4ffb-831d-bd3009c47ae9,c3,DROP,680,?,x1,
1769471613.3407757,FORWARDED,6cbf7100-324f-4462-9009-29613552ff1d,9704ecc6-96d5-4ffb-831d-bd3009c47ae9,c3,DROP,680,?,x1,
1769471613.4636486,RECEIVED,b95f9a86-e500-47c1-9b86-0b64fd019531,52f736fb-83ac-449b-b4cd-9b3692ea5b6f,c3,None,1602,e12,?,
1769471613.589947,SENT,21976bd3-2ed5-42d2-990c-f4cfcc066189,cb880edc-386c-446a-a013-ea69c6ab0c4d,c3,DROP,687,?,x4,
1769471613.589988,FORWARDED,21976bd3-2ed5-42d2-990c-f4cfcc066189,cb880edc-386c-446a-a013-ea69c6ab0c4d,c3,DROP,687,?,x4,
1769471613.6360304,RECEIVED,448dc1ff-2874-499a-90ac-d1426d06390a,38e0f238-a35a-4f2e-99b3-ac333d80567c,c3,None,1599,e6,?,
1769471613.6903725,RECEIVED,5b760114-8b5c-44e6-affa-1ea94803f36c,3b6e3f1d-e95f-40eb-95a2-9046c0c7e96e,c4,DROP,1008,e6,?,
1769471613.7581384,RECEIVED,a40c71b9-4f7d-4f75-bf92-bf5172233d8d,9e03b38d-3ad2-4bb3-83ab-6c2ee5d2873c,c5,DROP,1008,e5,?,
1769471613.7958205,SENT,a40c71b9-4f7d-4f75-bf92-bf5172233d8d,9e03b38d-3ad2-4bb3-83ab-6c2ee5d2873c,c5,DROP,683,?,x9,
1769471613.7958617,FORWARDED,a40c71b9-4f7d-4f75-bf92-bf5172233d8d,9e03b38d-3ad2-4bb3-83ab-6c2ee5d2873c,c5,DROP,683,?,x9,
1769471613.8769739,SENT,b6259459-84aa-45d1-885a-164c1f27616b,730822e4-cdfa-46ec-9855-25b17f1d3dcc,c1,DROP,687,?,x3,
1769471613.8770137,FORWARDED,b6259459-84aa-45d1-885a-164c1f27616b,730822e4-cdfa-46ec-9855-25b17f1d3dcc,c1,DROP,687,?,x3,
1769471613.8960292,RECEIVED,a08f2eeb-4978-4912-ba0c-02cc5d459c8d,56744e84-791b-4db4-aafe-d6c29517b9bd,c4,None,1607,e10,?,
1769471613.9430308,SENT,b95f9a86-e500-47c1-9b86-0b64fd019531,52f736fb-83ac-449b-b4cd-9b3692ea5b6f,c3,None,1131,?,x6,
1769471613.943077,FORWARDED,b95f9a86-e500-47c1-9b86-0b64fd019531,52f736fb-83ac-449b-b4cd-9b3692ea5b6f,c3,None,1131,?,x6,
1769471613.9550416,SENT,5b760114-8b5c-44e6-affa-1ea94803f36c,3b6e3f1d-e95f-40eb-95a2-9046c0c7e96e,c4,DROP,682,?,x7,
1769471613.9553866,FORWARDED,5b760114-8b5c-44e6-affa-1ea94803f36c,3b6e3f1d-e95f-40eb-95a2-9046c0c7e96e,c4,DROP,682,?,x7,
1769471614.071963,RECEIVED,7243893a-0ad1-48d5-8423-fd724068d918,f438ca7a-c291-47bc-8af4-25aae98efbf9,c1,DROP,1012,e3,?,
1769471614.0754693,RECEIVED,e0facb53-f945-480c-b8b0-6dd7de78ba9b,9820d247-84f9-4708-80ec-b8130265f873,c3,None,1608,e10,?,
1769471614.1244426,RECEIVED,6ba31d72-9b14-4ca8-8b1e-60c9754c36d5,a07e0d95-2cfa-462c-944a-decd3e4e1864,c3,c1,1768,e1,?,
1769471614.1583145,SENT,7243893a-0ad1-48d5-8423-fd724068d918,f438ca7a-c291-47bc-8af4-25aae98efbf9,c1,DROP,685,?,x4,
1769471614.158357,FORWARDED,7243893a-0ad1-48d5-8423-fd724068d918,f438ca7a-c291-47bc-8af4-25aae98efbf9,c1,DROP,685,?,x4,
1769471614.1953237,SENT,a08f2eeb-4978-4912-ba0c-02cc5d459c8d,56744e84-791b-4db4-aafe-d6c29517b9bd,c4,None,1132,?,x7,
1769471614.1953661,FORWARDED,a08f2eeb-4978-4912-ba0c-02cc5d459c8d,56744e84-791b-4db4-aafe-d6c29517b9bd,c4,None,1132,?,x7,
1769471614.2439086,SENT,e0facb53-f945-480c-b8b0-6dd7de78ba9b,9820d247-84f9-4708-80ec-b8130265f873,c3,None,1132,?,x4,
1769471614.2439506,FORWARDED,e0facb53-f945-480c-b8b0-6dd7de78ba9b,9820d247-84f9-4708-80ec-b8130265f873,c3,None,1132,?,x4,
1769471614.5130184,SENT,448dc1ff-2874-499a-90ac-d1426d06390a,38e0f238-a35a-4f2e-99b3-ac333d80567c,c3,None,1127,?,x7,
1769471614.5131185,FORWARDED,448dc1ff-2874-499a-90ac-d1426d06390a,38e0f238-a35a-4f2e-99b3-ac333d80567c,c3,None,1127,?,x7,
1769471614.5198917,RECEIVED,a3d3aa19-c33d-4954-a8bb-19b686aceee6,8cdf4618-4f56-4f6c-86cf-4c6891478355,c5,c1,1775,e4,?,
1769471614.5474305,SENT,6ba31d72-9b14-4ca8-8b1e-60c9754c36d5,a07e0d95-2cfa-462c-944a-decd3e4e1864,c3,c1,1252,?,x1,
1769471614.5474713,FORWARDED,6ba31d72-9b14-4ca8-8b1e-60c9754c36d5,a07e0d95-2cfa-462c-944a-decd3e4e1864,c3,c1,1252,?,x1,
1769471614.8109672,RECEIVED,9acbae03-5570-4959-8a01-90cd832bb463,3e6b607b-86bd-4ee7-9588-d7ef85dd5ed9,c3,DROP,1008,e12,?,
1769471614.8542845,RECEIVED,0d46b3a2-5dd0-4ec4-9a30-8373900b0c47,5a20cca7-998a-4648-a005-0a9b965238c8,c4,c3,1763,e6,?,
1769471614.9000146,SENT,9acbae03-5570-4959-8a01-90cd832bb463,3e6b607b-86bd-4ee7-9588-d7ef85dd5ed9,c3,DROP,684,?,x9,
1769471614.9000723,FORWARDED,9acbae03-5570-4959-8a01-90cd832bb463,3e6b607b-86bd-4ee7-9588-d7ef85dd5ed9,c3,DROP,684,?,x9,
1769471614.9837708,RECEIVED,ce7c3098-d02a-4f15-b904-d4d24915fd1e,b1a4d4d0-49c4-429a-b84d-aaad0167130e,c5,DROP,1007,e2,?,
1769471615.068293,RECEIVED,fe759d1c-2ea8-498d-914b-41c6e4e6e3ba,79efa553-7b0f-415e-9c71-cc43232c85f7,c4,DROP,1010,e12,?,
1769471615.0810416,RECEIVED,6e7818f9-9e07-4b92-953b-99b742c1fbfe,ef6c2ffd-feb0-434d-8255-710ebb6904fb,c1,c3,1763,e6,?,
1769471615.1035895,SENT,fe759d1c-2ea8-498d-914b-41c6e4e6e3ba,79efa553-7b0f-415e-9c71-cc43232c85f7,c4,DROP,684,?,x11,
1769471615.103644,FORWARDED,fe759d1c-2ea8-498d-914b-41c6e4e6e3ba,79efa553-7b0f-415e-9c71-cc43232c85f7,c4,DROP,684,?,x11,
1769471615.259375,RECEIVED,3c4fc1a0-3c3c-4b0d-ab5a-39026c4481e6,70dc48dd-85b4-4dcf-b419-d3e94f639df9,c4,None,1613,e12,?,
1769471615.3608851,SENT,3c4fc1a0-3c3c-4b0d-ab5a-39026c4481e6,70dc48dd-85b4-4dcf-b419-d3e94f639df9,c4,None,1136,?,x10,
1769471615.3609293,FORWARDED,3c4fc1a0-3c3c-4b0d-ab5a-39026c4481e6,70dc48dd-85b4-4dcf-b419-d3e94f639df9,c4,None,1136,?,x10,
1769471615.5111797,SENT,a3d3aa19-c33d-4954-a8bb-19b686aceee6,8cdf4618-4f56-4f6c-86cf-4c6891478355,c5,c1,1260,?,x12,
1769471615.5112193,FORWARDED,a3d3aa19-c33d-4954-a8bb-19b686aceee6,8cdf4618-4f56-4f6c-86cf-4c6891478355,c5,c1,1260,?,x12,
1769471615.568102,RECEIVED,00f185de-7e44-4645-8dfa-ff6753237044,f8844a77-5785-4dad-bf3e-4e88e0582652,c2,c4,1768,e9,?,
1769471615.5768287,SENT,0d46b3a2-5dd0-4ec4-9a30-8373900b0c47,5a20cca7-998a-4648-a005-0a9b965238c8,c4,c3,1251,?,x2,
1769471615.5768642,FORWARDED,0d46b3a2-5dd0-4ec4-9a30-8373900b0c47,5a20cca7-998a-4648-a005-0a9b965238c8,c4,c3,1251,?,x2,
1769471615.5941317,RECEIVED,22a8cdb2-62e9-4489-b0dc-ff8d6e5925e6,c65ebc29-ec99-4131-b85f-d7285e5c03fa,c5,DROP,1007,e2,?,
1769471615.6279628,RECEIVED,b964d74e-f140-469f-a80d-ef5f7e2c46a8,7b417714-2434-4958-a143-2322160928e8,c1,DROP,437,x7,?,
1769471615.6368384,RECEIVED,76303b1b-6bff-4d9d-8e1c-e4e37ba74b43,96e074d9-4b40-4a92-ac8f-b8518ddb76f4,c1,None,1596,e12,?,
1769471615.6714163,SENT,6e7818f9-9e07-4b92-953b-99b742c1fbfe,ef6c2ffd-feb0-434d-8255-710ebb6904fb,c1,c3,1250,?,x3,
1769471615.671459,FORWARDED,6e7818f9-9e07-4b92-953b-99b742c1fbfe,ef6c2ffd-feb0-434d-8255-710ebb6904fb,c1,c3,1250,?,x3,
1769471615.7540264,SENT,00f185de-7e44-4645-8dfa-ff6753237044,f8844a77-5785-4dad-bf3e-4e88e0582652,c2,c4,1253,?,x2,
1769471615.7540786,FORWARDED,00f185de-7e44-4645-8dfa-ff6753237044,f8844a77-5785-4dad-bf3e-4e88e0582652,c2,c4,1253,?,x2,
1769471615.7864728,SENT,ce7c3098-d02a-4f15-b904-d4d24915fd1e,b1a4d4d0-49c4-429a-b84d-aaad0167130e,c5,DROP,684,?,x7,
1769471615.786516,FORWARDED,ce7c3098-d02a-4f15-b904-d4d24915fd1e,b1a4d4d0-49c4-429a-b84d-aaad0167130e,c5,DROP,684,?,x7,
1769471615.8663895,RECEIVED,3a43ea71-b16e-4763-b085-ba376068aff4,98e152dc-9bdb-4973-ba49-c770a5fe1c69,c4,DROP,1006,e7,?,
1769471615.8872662,RECEIVED,e5e14d23-0647-4898-8c9c-c999b1e6948f,b1e0b004-c0f7-4bd2-ad92-cf0612a585c9,c4,DROP,1012,e9,?,
1769471615.914232,RECEIVED,86b4227d-507a-4e98-8b0d-339e221a7855,c31f09ec-5a52-449f-b466-800219f39eb1,c2,DROP,1017,e6,?,
1769471615.9879124,SENT,e5e14d23-0647-4898-8c9c-c999b1e6948f,b1e0b004-c0f7-4bd2-ad92-cf0612a585c9,c4,DROP,685,?,x6,
1769471615.9879541,FORWARDED,e5e14d23-0647-4898-8c9c-c999b1e6948f,b1e0b004-c0f7-4bd2-ad92-cf0612a585c9,c4,DROP,685,?,x6,
1769471616.0064604,SENT,86b4227d-507a-4e98-8b0d-339e221a7855,c31f09ec-5a52-449f-b466-800219f39eb1,c2,DROP,688,?,x11,
1769471616.0065036,FORWARDED,86b4227d-507a-4e98-8b0d-339e221a7855,c31f09ec-5a52-449f-b466-800219f39eb1,c2,DROP,688,?,x11,
1769471616.0106502,RECEIVED,4ba1e0c6-dd78-4d0e-a498-6abbbbe1fd53,5745199b-8610-4d69-a058-6c5c758b2462,c4,DROP,441,x10,?,
1769471616.0293102,RECEIVED,78ec1235-930d-41c9-bac3-86ce02823441,3c434c98-2aa9-4fd5-93d8-383d56f43168,c3,c1,1780,e11,?,
1769471616.0461645,SENT,76303b1b-6bff-4d9d-8e1c-e4e37ba74b43,96e074d9-4b40-4a92-ac8f-b8518ddb76f4,c1,None,1123,?,x5,
1769471616.0462065,FORWARDED,76303b1b-6bff-4d9d-8e1c-e4e37ba74b43,96e074d9-4b40-4a92-ac8f-b8518ddb76f4,c1,None,1123,?,x5,
1769471616.0659552,SENT,78ec1235-930d-41c9-bac3-86ce02823441,3c434c98-2aa9-4fd5-93d8-383d56f43168,c3,c1,1263,?,x2,
1769471616.0659962,FORWARDED,78ec1235-930d-41c9-bac3-86ce02823441,3c434c98-2aa9-4fd5-93d8-383d56f43168,c3,c1,1263,?,x2,
1769471616.1548197,SENT,22a8cdb2-62e9-4489-b0dc-ff8d6e5925e6,c65ebc29-ec99-4131-b85f-d7285e5c03fa,c5,DROP,683,?,x5,
1769471616.1548612,FORWARDED,22a8cdb2-62e9-4489-b0dc-ff8d6e5925e6,c65ebc29-ec99-4131-b85f-d7285e5c03fa,c5,DROP,683,?,x5,
1769471616.5472975,SENT,3a43ea71-b16e-4763-b085-ba376068aff4,98e152dc-9bdb-4973-ba49-c770a5fe1c69,c4,DROP,683,?,x3,
1769471616.5473533,FORWARDED,3a43ea71-b16e-4763-b085-ba376068aff4,98e152dc-9bdb-4973-ba49-c770a5fe1c69,c4,DROP,683,?,x3,
1769471616.6398864,RECEIVED,e5fffb35-614a-42ff-9662-2792e6aa6ad1,2277d109-926d-47e2-943b-bf0a93e6ff83,c1,DROP,1015,e4,?,
1769471616.677073,RECEIVED,c6f9c202-dbb3-4c84-8596-c6ccd1f06998,ccd2a018-2c90-42f8-a36f-e11dd037bde7,c4,c3,1783,e11,?,
1769471616.8158197,RECEIVED,e06c0148-110e-4939-af21-f6333d851f92,0a7f63c3-83c7-4ecd-8bea-7f70b1fba00f,c3,None,1596,e5,?,
1769471616.925219,SENT,e06c0148-110e-4939-af21-f6333d851f92,0a7f63c3-83c7-4ecd-8bea-7f70b1fba00f,c3,None,1123,?,x11,
1769471616.9252665,FORWARDED,e06c0148-110e-4939-af21-f6333d851f92,0a7f63c3-83c7-4ecd-8bea-7f70b1fba00f,c3,None,1123,?,x11,
1769471617.1953375,RECEIVED,c64d5454-d33f-4056-aa7e-84a9e2f4fa39,d78c81a9-df84-452c-909a-bb4afe64fcc6,c5,DROP,442,x11,?,
1769471617.2179754,SENT,c6f9c202-dbb3-4c84-8596-c6ccd1f06998,ccd2a018-2c90-42f8-a36f-e11dd037bde7,c4,c3,1264,?,x3,
1769471617.2180169,FORWARDED,c6f9c202-dbb3-4c84-8596-c6ccd1f06998,ccd2a018-2c90-42f8-a36f-e11dd037bde7,c4,c3,1264,?,x3,
1769471617.270044,RECEIVED,aa15397a-f9f3-4238-b93c-08dc4c3af19f,84e2c544-fe12-4405-a8a5-6c8d4b23c8e8,c1,None,1596,e4,?,
1769471617.3259056,RECEIVED,d40700f9-3aab-43e0-9289-203fa9c84ea5,8cc4ab96-078d-4eec-a2f9-a08f848fcd57,c1,DROP,446,x12,?,
1769471617.3898208,SENT,e5fffb35-614a-42ff-9662-2792e6aa6ad1,2277d109-926d-47e2-943b-bf0a93e6ff83,c1,DROP,688,?,x2,
1769471617.3898547,FORWARDED,e5fffb35-614a-42ff-9662-2792e6aa6ad1,2277d109-926d-47e2-943b-bf0a93e6ff83,c1,DROP,688,?,x2,
1769471617.4665215,RECEIVED,9cfb4363-ff37-4eda-a642-e39813d3ffc6,61199d9e-649c-409e-a6d0-ec155620a11b,c4,DROP,1012,e4,?,
1769471617.4784062,RECEIVED,4a767e1e-db7a-4ab3-9a1c-75b1d3ec041d,53803211-284f-4784-961b-d78c62001de6,c1,None,1600,e6,?,
1769471617.5386937,SENT,4a767e1e-db7a-4ab3-9a1c-75b1d3ec041d,53803211-284f-4784-961b-d78c62001de6,c1,None,1128,?,x4,
1769471617.5387356,FORWARDED,4a767e1e-db7a-4ab3-9a1c-75b1d3ec041d,53803211-284f-4784-961b-d78c62001de6,c1,None,1128,?,x4,
1769471617.5414228,RECEIVED,fcbc862d-970a-4e1d-9922-ca5c677eb53f,54be8dd7-4914-41ca-b144-f6d9c739141a,c2,DROP,1011,e9,?,
1769471617.589908,RECEIVED,7604247c-2a0a-4321-9521-92872b7b5a61,b78d40ad-d400-49bd-a4fb-5633ff6ba999,c5,DROP,1009,e1,?,
1769471617.6475441,SENT,fcbc862d-970a-4e1d-9922-ca5c677eb53f,54be8dd7-4914-41ca-b144-f6d9c739141a,c2,DROP,687,?,x5,
1769471617.6475828,FORWARDED,fcbc862d-970a-4e1d-9922-ca5c677eb53f,54be8dd7-4914-41ca-b144-f6d9c739141a,c2,DROP,687,?,x5,
1769471617.802467,RECEIVED,9740b32a-b372-4b1a-bbb3-cb73e94f6c86,e1577bd5-8873-480e-ae88-c3429dd9ed64,c1,DROP,1015,e10,?,
1769471617.8054264,RECEIVED,a39ba08d-bcbf-41f2-8e31-e67af800a703,ae081616-0a46-41a7-8b8f-644e1282d573,c4,c3,1768,e10,?,
1769471617.8693004,SENT,9cfb4363-ff37-4eda-a642-e39813d3ffc6,61199d9e-649c-409e-a6d0-ec155620a11b,c4,DROP,687,?,x10,
1769471617.869341,FORWARDED,9cfb4363-ff37-4eda-a642-e39813d3ffc6,61199d9e-649c-409e-a6d0-ec155620a11b,c4,DROP,687,?,x10,
1769471617.9126978,SENT,aa15397a-f9f3-4238-b93c-08dc4c3af19f,84e2c544-fe12-4405-a8a5-6c8d4b23c8e8,c1,None,1123,?,x11,
1769471617.9127421,FORWARDED,aa15397a-f9f3-4238-b93c-08dc4c3af19f,84e2c544-fe12-4405-a8a5-6c8d4b23c8e8,c1,None,1123,?,x11,
1769471617.9327843,RECEIVED,508284d7-d5e2-4542-b8d0-901e3f57f923,b15e9a4f-d3c8-4ab7-a402-f675c0d6b0dc,c5,DROP,441,x1,?,
1769471617.9669816,RECEIVED,f20ab236-6512-4906-be08-76697200970a,a43d2724-e38a-4fe9-9391-8a3144cf3c60,c5,DROP,1020,e10,?,
1769471618.0159776,SENT,a39ba08d-bcbf-41f2-8e31-e67af800a703,ae081616-0a46-41a7-8b8f-644e1282d573,c4,c3,1252,?,x3,
1769471618.0160217,FORWARDED,a39ba08d-bcbf-41f2-8e31-e67af800a703,ae081616-0a46-41a7-8b8f-644e1282d573,c4,c3,1252,?,x3,
1769471618.0767844,SENT,7604247c-2a0a-4321-9521-92872b7b5a61,b78d40ad-d400-49bd-a4fb-5633ff6ba999,c5,DROP,683,?,x11,
1769471618.0768187,FORWARDED,7604247c-2a0a-4321-9521-92872b7b5a61,b78d40ad-d400-49bd-a4fb-5633ff6ba999,c5,DROP,683,?,x11,
1769471618.2862003,RECEIVED,731b1eb7-c63f-4d98-bfc1-31353a2ed66b,c382371e-2459-4d2f-b00a-362e1fcdf9bd,c1,DROP,1010,e2,?,
1769471618.2873619,RECEIVED,e8e66c20-86ba-450a-9ff4-1e40915fd516,2632a039-4707-4405-9233-6465991029d3,c2,DROP,442,x7,?,
1769471618.3817542,SENT,731b1eb7-c63f-4d98-bfc1-31353a2ed66b,c382371e-2459-4d2f-b00a-362e1fcdf9bd,c1,DROP,683,?,x12,
1769471618.3817966,FORWARDED,731b1eb7-c63f-4d98-bfc1-31353a2ed66b,c382371e-2459-4d2f-b00a-362e1fcdf9bd,c1,DROP,683,?,x12,
1769471618.3829432,RECEIVED,32e037e4-de25-4819-8988-fd0a1ba5bccf,0795a8da-a4e0-41f8-8985-d1a97b226507,c3,None,1607,e11,?,
1769471618.535007,RECEIVED,d22577d1-7374-444a-acdc-81bc450ca992,d6111e47-88c8-4115-9cbc-9c3701b84686,c1,DROP,1006,e6,?,
1769471618.5541813,RECEIVED,f085cd12-5150-4124-988a-80bc95868b57,803aec9a-7c0a-49b6-9f79-0c9c1a5540e7,c1,DROP,1017,e9,?,
1769471618.5771353,SENT,f085cd12-5150-4124-988a-80bc95868b57,803aec9a-7c0a-49b6-9f79-0c9c1a5540e7,c1,DROP,688,?,x12,
1769471618.5771756,FORWARDED,f085cd12-5150-4124-988a-80bc95868b57,803aec9a-7c0a-49b6-9f79-0c9c1a5540e7,c1,DROP,688,?,x12,
1769471618.6285489,SENT,9740b32a-b372-4b1a-bbb3-cb73e94f6c86,e1577bd5-8873-480e-ae88-c3429dd9ed64,c1,DROP,689,?,x8,
1769471618.6285908,FORWARDED,9740b32a-b372-4b1a-bbb3-cb73e94f6c86,e1577bd5-8873-480e-ae88-c3429dd9ed64,c1,DROP,689,?,x8,
1769471618.6661677,SENT,32e037e4-de25-4819-8988-fd0a1ba5bccf,0795a8da-a4e0-41f8-8985-d1a97b226507,c3,None,1132,?,x5,
1769471618.666208,FORWARDED,32e037e4-de25-4819-8988-fd0a1ba5bccf,0795a8da-a4e0-41f8-8985-d1a97b226507,c3,None,1132,?,x5,
1769471618.7125704,RECEIVED,218bc3bc-1d77-4679-ab8b-81fb4104f22e,2cf40704-c92d-4ed7-b307-ae33eece5b50,c1,DROP,1009,e2,?,
1769471618.7983234,RECEIVED,15f62f64-5ad7-45c0-a43b-260683255d12,d27ea599-cccc-4bf0-bda6-b74474a87397,c1,DROP,1007,e2,?,
1769471618.8031206,RECEIVED,98f5aa90-88ca-47e6-841b-ca464964892c,6dbeb41b-3922-4387-9342-756dd6ff9241,c4,c3,1762,e4,?,
1769471618.8128934,RECEIVED,22c62635-bb7a-472e-a14c-e9d0a158e71a,191d255f-7e59-4ce0-9a31-64b666464c5d,c5,DROP,1013,e1,?,
1769471618.8390083,SENT,22c62635-bb7a-472e-a14c-e9d0a158e71a,191d255f-7e59-4ce0-9a31-64b666464c5d,c5,DROP,687,?,x1,
1769471618.8390625,FORWARDED,22c62635-bb7a-472e-a14c-e9d0a158e71a,191d255f-7e59-4ce0-9a31-64b666464c5d,c5,DROP,687,?,x1,
1769471618.8409407,SENT,f20ab236-6512-4906-be08-76697200970a,a43d2724-e38a-4fe9-9391-8a3144cf3c60,c5,DROP,691,?,x11,
1769471618.8409805,FORWARDED,f20ab236-6512-4906-be08-76697200970a,a43d2724-e38a-4fe9-9391-8a3144cf3c60,c5,DROP,691,?,x11,
1769471618.9111614,RECEIVED,8556d1f7-0a74-40ca-892b-7c352d34b694,947d44d9-fe76-4c74-b1fc-7a3b4bf5834f,c5,DROP,1013,e9,?,
1769471618.922255,SENT,218bc3bc-1d77-4679-ab8b-81fb4104f22e,2cf40704-c92d-4ed7-b307-ae33eece5b50,c1,DROP,684,?,x11,
1769471618.922296,FORWARDED,218bc3bc-1d77-4679-ab8b-81fb4104f22e,2cf40704-c92d-4ed7-b307-ae33eece5b50,c1,DROP,684,?,x11,
1769471618.963222,SENT,d22577d1-7374-444a-acdc-81bc450ca992,d6111e47-88c8-4115-9cbc-9c3701b84686,c1,DROP,684,?,x2,
1769471618.9632626,FORWARDED,d22577d1-7374-444a-acdc-81bc450ca992,d6111e47-88c8-4115-9cbc-9c3701b84686,c1,DROP,684,?,x2,
1769471619.019141,RECEIVED,f744f58c-6305-42e5-81a2-118e183cc824,7da8d4c8-c7fb-4149-8fa6-e7f0b778316c,c2,DROP,1015,e12,?,
1769471619.069507,RECEIVED,69232114-2208-4dc1-9e31-aa861f28aa41,f64a162c-1049-4aa4-a0c4-5017e9843106,c3,DROP,1012,e11,?,
1769471619.1243157,SENT,8556d1f7-0a74-40ca-892b-7c352d34b694,947d44d9-fe76-4c74-b1fc-7a3b4bf5834f,c5,DROP,685,?,x11,
1769471619.1243577,FORWARDED,8556d1f7-0a74-40ca-892b-7c352d34b694,947d44d9-fe76-4c74-b1fc-7a3b4bf5834f,c5,DROP,685,?,x11,
1769471619.2168176,SENT,69232114-2208-4dc1-9e31-aa861f28aa41,f64a162c-1049-4aa4-a0c4-5017e9843106,c3,DROP,686,?,x9,
1769471619.2168546,FORWARDED,69232114-2208-4dc1-9e31-aa861f28aa41,f64a162c-1049-4aa4-a0c4-5017e9843106,c3,DROP,686,?,x9,
1769471619.2636018,RECEIVED,f5e81395-9b80-4359-b3c6-f68f74ad0dd1,575c2fd4-f769-403d-935a-853a1aceaef2,c2,c4,1777,e4,?,
1769471619.303375,RECEIVED,66f56207-02ed-42ed-9a45-7dc7df1705be,62b20e8c-0000-4ae7-ab9a-df7551d013ae,c5,DROP,441,x5,?,
1769471619.3232195,SENT,f5e81395-9b80-4359-b3c6-f68f74ad0dd1,575c2fd4-f769-403d-935a-853a1aceaef2,c2,c4,1259,?,x8,
1769471619.323263,FORWARDED,f5e81395-9b80-4359-b3c6-f68f74ad0dd1,575c2fd4-f769-403d-935a-853a1aceaef2,c2,c4,1259,?,x8,
1769471619.4738548,SENT,15f62f64-5ad7-45c0-a43b-260683255d12,d27ea599-cccc-4bf0-bda6-b74474a87397,c1,DROP,683,?,x7,
1769471619.4738967,FORWARDED,15f62f64-5ad7-45c0-a43b-260683255d12,d27ea599-cccc-4bf0-bda6-b74474a87397,c1,DROP,683,?,x7,
1769471619.5957284,RECEIVED,80db2677-aca6-45ce-91c5-4887a42cfbf4,ba78eeb2-2d0b-4098-b93d-2e4c1485ae21,c4,c3,1781,e8,?,
1769471619.676016,SENT,f744f58c-6305-42e5-81a2-118e183cc824,7da8d4c8-c7fb-4149-8fa6-e7f0b778316c,c2,DROP,689,?,x6,
1769471619.676071,FORWARDED,f744f58c-6305-42e5-81a2-118e183cc824,7da8d4c8-c7fb-4149-8fa6-e7f0b778316c,c2,DROP,689,?,x6,
1769471619.7130983,RECEIVED,95c8a05b-6df9-418f-b169-4589f0ff1324,06dc56b1-7fef-4f13-82ab-d17b5f06b114,c3,None,1608,e9,?,
1769471619.8529987,SENT,80db2677-aca6-45ce-91c5-4887a42cfbf4,ba78eeb2-2d0b-4098-b93d-2e4c1485ae21,c4,c3,1261,?,x10,
1769471619.853041,FORWARDED,80db2677-aca6-45ce-91c5-4887a42cfbf4,ba78eeb2-2d0b-4098-b93d-2e4c1485ae21,c4,c3,1261,?,x10,
1769471619.8591025,RECEIVED,4b8040d8-76de-4f9e-92cb-b2202f3857e1,3a7a39d3-6f6f-48ef-adc4-970fbab609a2,c1,DROP,1012,e10,?,
1769471619.9166923,SENT,4b8040d8-76de-4f9e-92cb-b2202f3857e1,3a7a39d3-6f6f-48ef-adc4-970fbab609a2,c1,DROP,687,?,x8,
1769471619.9167328,FORWARDED,4b8040d8-76de-4f9e-92cb-b2202f3857e1,3a7a39d3-6f6f-48ef-adc4-970fbab609a2,c1,DROP,687,?,x8,
1769471619.9210987,SENT,98f5aa90-88ca-47e6-841b-ca464964892c,6dbeb41b-3922-4387-9342-756dd6ff9241,c4,c3,1249,?,x6,
1769471619.9211407,FORWARDED,98f5aa90-88ca-47e6-841b-ca464964892c,6dbeb41b-3922-4387-9342-756dd6ff9241,c4,c3,1249,?,x6,
1769471620.035685,RECEIVED,47002931-c18b-4ac8-8696-9fc372bb0f63,75d742d5-1acf-48df-ba4c-d94da1f595c4,c4,DROP,1015,e6,?,
1769471620.0559876,RECEIVED,ae63f300-0d7e-4cb6-9e79-e117aa97c96e,d32a660c-73a1-4e49-a036-ff3716b2dd5c,c5,DROP,1022,e12,?,
1769471620.1284666,SENT,ae63f300-0d7e-4cb6-9e79-e117aa97c96e,d32a660c-73a1-4e49-a036-ff3716b2dd5c,c5,DROP,692,?,x12,
1769471620.128509,FORWARDED,ae63f300-0d7e-4cb6-9e79-e117aa97c96e,d32a660c-73a1-4e49-a036-ff3716b2dd5c,c5,DROP,692,?,x12,
1769471620.2382221,SENT,95c8a05b-6df9-418f-b169-4589f0ff1324,06dc56b1-7fef-4f13-82ab-d17b5f06b114,c3,None,1132,?,x12,
1769471620.2382655,FORWARDED,95c8a05b-6df9-418f-b169-4589f0ff1324,06dc56b1-7fef-4f13-82ab-d17b5f06b114,c3,None,1132,?,x12,
1769471620.6991289,RECEIVED,de185e74-f42a-435c-b9c4-7f4e5efd03ab,c7a4e627-271f-4e2f-b5bd-73883b7e49e2,c3,c1,1774,e10,?,
1769471620.7073324,RECEIVED,3efe57c9-5725-4b04-98b6-d3da5b8d7cc9,da4eadb7-8bbf-41ae-824c-314dcf7803c0,c4,DROP,442,x2,?,
1769471620.723083,RECEIVED,32889813-f8a1-4978-9e85-e2560fa591bc,e87223de-060a-4cef-bab3-9c61a91cbfa2,c5,DROP,1007,e7,?,
1769471620.8085394,SENT,32889813-f8a1-4978-9e85-e2560fa591bc,e87223de-060a-4cef-bab3-9c61a91cbfa2,c5,DROP,683,?,x6,
1769471620.8085814,FORWARDED,32889813-f8a1-4978-9e85-e2560fa591bc,e87223de-060a-4cef-bab3-9c61a91cbfa2,c5,DROP,683,?,x6,
1769471620.8463705,RECEIVED,6745af44-1a29-48fa-94b2-c6bbf3e3ffa7,33b81280-2766-40b5-a95a-b9f18c5c101a,c5,DROP,441,x7,?,
1769471620.8599942,SENT,de185e74-f42a-435c-b9c4-7f4e5efd03ab,c7a4e627-271f-4e2f-b5bd-73883b7e49e2,c3,c1,1259,?,x8,
1769471620.860037,FORWARDED,de185e74-f42a-435c-b9c4-7f4e5efd03ab,c7a4e627-271f-4e2f-b5bd-73883b7e49e2,c3,c1,1259,?,x8,
1769471620.8696804,RECEIVED,1843c31f-5a85-479d-b8a0-e50968dcee7c,670b8511-de15-4428-940d-6c417dd2ade7,c4,DROP,1008,e9,?,
1769471620.8876987,SENT,47002931-c18b-4ac8-8696-9fc372bb0f63,75d742d5-1acf-48df-ba4c-d94da1f595c4,c4,DROP,688,?,x9,
1769471620.887742,FORWARDED,47002931-c18b-4ac8-8696-9fc372bb0f63,75d742d5-1acf-48df-ba4c-d94da1f595c4,c4,DROP,688,?,x9,
1769471620.9448225,SENT,1843c31f-5a85-479d-b8a0-e50968dcee7c,670b8511-de15-4428-940d-6c417dd2ade7,c4,DROP,684,?,x9,
1769471620.9448602,FORWARDED,1843c31f-5a85-479d-b8a0-e50968dcee7c,670b8511-de15-4428-940d-6c417dd2ade7,c4,DROP,684,?,x9,
1769471621.0607374,RECEIVED,1de95689-b823-4337-9225-70b928b34324,477362c1-2bd9-47e3-a40b-adca45cd2a5d,c2,c4,1783,e6,?,
1769471621.0780241,RECEIVED,d023d8a2-2001-4248-a536-db17010fbf46,805a5bb6-779e-4789-af82-981acb0eaaad,c1,DROP,442,x5,?,
1769471621.0975974,RECEIVED,1e39922e-88a7-4cfe-884b-2afb5267ccd9,ae3e7a74-e59e-4f31-a86b-c1b0636b5786,c4,DROP,1009,e7,?,
1769471621.1197672,RECEIVED,b45c57a6-9d0e-4d73-baa9-5684f3e1c4bd,97116660-1cb6-4faa-aac7-df0c9b650f05,c1,None,1595,e9,?,
1769471621.146378,SENT,1e39922e-88a7-4cfe-884b-2afb5267ccd9,ae3e7a74-e59e-4f31-a86b-c1b0636b5786,c4,DROP,683,?,x10,
1769471621.1464179,FORWARDED,1e39922e-88a7-4cfe-884b-2afb5267ccd9,ae3e7a74-e59e-4f31-a86b-c1b0636b5786,c4,DROP,683,?,x10,
1769471621.47408,RECEIVED,36b1f875-bbb2-475a-befb-1dfce9f8e704,71064a8e-6d33-43bd-afd9-ec1ce73f39d4,c3,DROP,1011,e10,?,
1769471621.617623,RECEIVED,a5f2e710-def0-4196-89cd-2d2db914c571,6c17768c-41c9-4e35-85b8-416b032e2e6f,c4,None,1601,e8,?,
1769471621.69763,RECEIVED,e570af46-37f9-4101-82ee-38ab7316548d,09e15141-0226-4841-9c9a-17c5b839c83b,c4,c3,1776,e9,?,
1769471621.7150018,RECEIVED,71ebf8fd-898c-4c90-820b-0d152778bb76,09ced0ca-bcff-48a9-8046-ff83fbad111b,c4,DROP,1007,e10,?,
1769471621.7875118,RECEIVED,b35a16d8-33ae-4577-8568-38337ed28e4f,636d5665-1609-428a-ac2e-1d80ce5dccce,c2,DROP,1007,e7,?,
1769471621.8767414,SENT,b45c57a6-9d0e-4d73-baa9-5684f3e1c4bd,97116660-1cb6-4faa-aac7-df0c9b650f05,c1,None,1123,?,x2,
1769471621.876783,FORWARDED,b45c57a6-9d0e-4d73-baa9-5684f3e1c4bd,97116660-1cb6-4faa-aac7-df0c9b650f05,c1,None,1123,?,x2,
1769471621.9453652,SENT,e570af46-37f9-4101-82ee-38ab7316548d,09e15141-0226-4841-9c9a-17c5b839c83b,c4,c3,1259,?,x7,
1769471621.9454086,FORWARDED,e570af46-37f9-4101-82ee-38ab7316548d,09e15141-0226-4841-9c9a-17c5b839c83b,c4,c3,1259,?,x7,
1769471621.9838421,SENT,b35a16d8-33ae-4577-8568-38337ed28e4f,636d5665-1609-428a-ac2e-1d80ce5dccce,c2,DROP,682,?,x2,
1769471621.9838843,FORWARDED,b35a16d8-33ae-4577-8568-38337ed28e4f,636d5665-1609-428a-ac2e-1d80ce5dccce,c2,DROP,682,?,x2,
1769471622.0445857,SENT,a5f2e710-def0-4196-89cd-2d2db914c571,6c17768c-41c9-4e35-85b8-416b032e2e6f,c4,None,1127,?,x10,
1769471622.0446286,FORWARDED,a5f2e710-def0-4196-89cd-2d2db914c571,6c17768c-41c9-4e35-85b8-416b032e2e6f,c4,None,1127,?,x10,
1769471622.11875,RECEIVED,b6ee34ff-b308-4afd-8cf5-69801c3ad735,1a39dd93-e3a8-4388-a4d5-9433cb4b7ee4,c2,DROP,1007,e10,?,
1769471622.1321802,SENT,36b1f875-bbb2-475a-befb-1dfce9f8e704,71064a8e-6d33-43bd-afd9-ec1ce73f39d4,c3,DROP,687,?,x2,
1769471622.1322298,FORWARDED,36b1f875-bbb2-475a-befb-1dfce9f8e704,71064a8e-6d33-43bd-afd9-ec1ce73f39d4,c3,DROP,687,?,x2,
1769471622.2927573,SENT,b6ee34ff-b308-4afd-8cf5-69801c3ad735,1a39dd93-e3a8-4388-a4d5-9433cb4b7ee4,c2,DROP,684,?,x1,
1769471622.2927923,FORWARDED,b6ee34ff-b308-4afd-8cf5-69801c3ad735,1a39dd93-e3a8-4388-a4d5-9433cb4b7ee4,c2,DROP,684,?,x1,
1769471622.3061147,RECEIVED,bd3ffbbf-d92f-4610-86c2-1893c30e76ff,b9ed58a0-4ad1-48b3-9e23-74db90119f91,c3,None,1598,e10,?,
1769471622.320508,RECEIVED,a8ff05b0-e667-45c2-a6ee-5a98e7261c27,ca769630-7cec-45b0-b590-0bf74355f7b3,c3,DROP,1020,e12,?,
1769471622.340166,SENT,bd3ffbbf-d92f-4610-86c2-1893c30e76ff,b9ed58a0-4ad1-48b3-9e23-74db90119f91,c3,None,1124,?,x7,
1769471622.3402112,FORWARDED,bd3ffbbf-d92f-4610-86c2-1893c30e76ff,b9ed58a0-4ad1-48b3-9e23-74db90119f91,c3,None,1124,?,x7,
1769471622.3428376,SENT,1de95689-b823-4337-9225-70b928b34324,477362c1-2bd9-47e3-a40b-adca45cd2a5d,c2,c4,1264,?,x12,
1769471622.3428779,FORWARDED,1de95689-b823-4337-9225-70b928b34324,477362c1-2bd9-47e3-a40b-adca45cd2a5d,c2,c4,1264,?,x12,
1769471622.4598749,RECEIVED,b53fbba8-d3b3-43d3-b278-fe5ca342f71a,58ea0e0c-7190-42e9-9881-ffa84cfe3cde,c3,DROP,443,x9,?,
1769471622.5123117,SENT,a8ff05b0-e667-45c2-a6ee-5a98e7261c27,ca769630-7cec-45b0-b590-0bf74355f7b3,c3,DROP,692,?,x10,
1769471622.5123544,FORWARDED,a8ff05b0-e667-45c2-a6ee-5a98e7261c27,ca769630-7cec-45b0-b590-0bf74355f7b3,c3,DROP,692,?,x10,
1769471622.5801244,RECEIVED,9f9f46bd-d6a0-4acf-9aae-aa06ccf18935,86351d5a-7ebe-4878-a8af-e9519fa31fda,c3,DROP,1016,e6,?,
1769471622.614496,RECEIVED,de09f9e2-215f-4055-8f43-e2443f2033d2,8503dd95-a8b1-4497-8363-abac05171a7d,c1,DROP,1008,e12,?,
1769471622.7182276,RECEIVED,13cc8a62-16f5-4730-9b13-82dda3cfc8f9,d5538bf7-3622-4c2c-9629-d3bee44469dd,c2,DROP,1004,e6,?,
1769471622.780214,SENT,13cc8a62-16f5-4730-9b13-82dda3cfc8f9,d5538bf7-3622-4c2c-9629-d3bee44469dd,c2,DROP,679,?,x1,
1769471622.7802563,FORWARDED,13cc8a62-16f5-4730-9b13-82dda3cfc8f9,d5538bf7-3622-4c2c-9629-d3bee44469dd,c2,DROP,679,?,x1,
1769471622.781777,SENT,9f9f46bd-d6a0-4acf-9aae-aa06ccf18935,86351d5a-7ebe-4878-a8af-e9519fa31fda,c3,DROP,689,?,x1,
1769471622.781816,FORWARDED,9f9f46bd-d6a0-4acf-9aae-aa06ccf18935,86351d5a-7ebe-4878-a8af-e9519fa31fda,c3,DROP,689,?,x1,
1769471622.796419,SENT,de09f9e2-215f-4055-8f43-e2443f2033d2,8503dd95-a8b1-4497-8363-abac05171a7d,c1,DROP,684,?,x1,
1769471622.79646,FORWARDED,de09f9e2-215f-4055-8f43-e2443f2033d2,8503dd95-a8b1-4497-8363-abac05171a7d,c1,DROP,684,?,x1,
1769471622.8067098,SENT,71ebf8fd-898c-4c90-820b-0d152778bb76,09ced0ca-bcff-48a9-8046-ff83fbad111b,c4,DROP,683,?,x2,
1769471622.8069766,FORWARDED,71ebf8fd-898c-4c90-820b-0d152778bb76,09ced0ca-bcff-48a9-8046-ff83fbad111b,c4,DROP,683,?,x2,
1769471623.4599767,RECEIVED,09179424-4220-4efd-8351-e4220673b18a,4b7c2271-3251-4156-9115-3868f443bf48,c1,DROP,441,x9,?,
1769471623.7718468,RECEIVED,00f67686-9c40-4790-ac3e-6bd6e1c256ef,834c239e-1848-4fca-ba68-007a2ee22999,c4,DROP,1011,e6,?,
1769471624.033931,RECEIVED,d55a9ab6-11f6-4623-823c-36249d94079b,79c4390a-bf32-4d61-9659-743e9455530e,c3,DROP,441,x9,?,
1769471624.0898607,RECEIVED,d66f2b18-07db-47ee-aaf3-1ed8ffc6a40d,6aeed470-ece6-452c-a375-bc6aaab4ba4e,c1,None,1613,e10,?,
1769471624.1077123,SENT,00f67686-9c40-4790-ac3e-6bd6e1c256ef,834c239e-1848-4fca-ba68-007a2ee22999,c4,DROP,685,?,x2,
1769471624.1077552,FORWARDED,00f67686-9c40-4790-ac3e-6bd6e1c256ef,834c239e-1848-4fca-ba68-007a2ee22999,c4,DROP,685,?,x2,
1769471624.4050078,SENT,d66f2b18-07db-47ee-aaf3-1ed8ffc6a40d,6aeed470-ece6-452c-a375-bc6aaab4ba4e,c1,None,1135,?,x12,
1769471624.405067,FORWARDED,d66f2b18-07db-47ee-aaf3-1ed8ffc6a40d,6aeed470-ece6-452c-a375-bc6aaab4ba4e,c1,None,1135,?,x12,
1769471624.6670213,RECEIVED,cf65ebf1-df60-4d12-a292-764dc0e09294,e1e087b6-fb5a-4404-8d7a-a77a63306c86,c5,DROP,440,x11,?,
1769471624.8988812,RECEIVED,c3393b3e-3f51-411a-8309-ea186f5c5cb6,f94eec18-7c5b-48b7-b1ef-a5c32d5aceab,c1,None,1596,e10,?,
1769471625.0662694,SENT,c3393b3e-3f51-411a-8309-ea186f5c5cb6,f94eec18-7c5b-48b7-b1ef-a5c32d5aceab,c1,None,1124,?,x5,
1769471625.066314,FORWARDED,c3393b3e-3f51-411a-8309-ea186f5c5cb6,f94eec18-7c5b-48b7-b1ef-a5c32d5aceab,c1,None,1124,?,x5,
