timestamp,event_type,packet_id,message_id,src,dst,size,prev_hop,next_hop,flags
1768609955.3186207,RECEIVED,079b16f3-cb1f-4647-b126-df0b913e239e,bf43d4b8-456c-4098-8853-7b6e0962ace6,c4,c3,1443,e2,?,
1768609955.843546,RECEIVED,79e14d22-4ba9-4023-a05f-e1374c9514fd,4f66c291-1e5d-4e9c-81a0-83086bbac42e,c3,c2,1448,e8,?,
1768609955.8492532,RECEIVED,708f5268-76dd-4ca8-b64b-254e8973372f,f1114b36-fc15-46e3-9c8a-076ef4eefefe,c5,DROP,1002,e8,?,
1768609955.9474719,SENT,79e14d22-4ba9-4023-a05f-e1374c9514fd,4f66c291-1e5d-4e9c-81a0-83086bbac42e,c3,c2,1012,?,x4,
1768609955.94761,FORWARDED,79e14d22-4ba9-4023-a05f-e1374c9514fd,4f66c291-1e5d-4e9c-81a0-83086bbac42e,c3,c2,1012,?,x4,
1768609956.0319397,SENT,079b16f3-cb1f-4647-b126-df0b913e239e,bf43d4b8-456c-4098-8853-7b6e0962ace6,c4,c3,1011,?,x7,
1768609956.03218,FORWARDED,079b16f3-cb1f-4647-b126-df0b913e239e,bf43d4b8-456c-4098-8853-7b6e0962ace6,c4,c3,1011,?,x7,
1768609956.2005305,RECEIVED,ac6c14e6-f955-432c-b131-8372a65056e5,23770a32-dd8c-4b56-b01f-7a5923ab7bb8,c5,c4,1444,e3,?,
1768609956.2512834,SENT,ac6c14e6-f955-432c-b131-8372a65056e5,23770a32-dd8c-4b56-b01f-7a5923ab7bb8,c5,c4,1010,?,x4,
1768609956.2513568,FORWARDED,ac6c14e6-f955-432c-b131-8372a65056e5,23770a32-dd8c-4b56-b01f-7a5923ab7bb8,c5,c4,1010,?,x4,
1768609956.481504,RECEIVED,3b69f30a-4a24-4bae-8f4f-467c160577da,99d321d9-24cc-408d-a319-feab4620c946,c4,c2,1451,e9,?,
1768609956.636821,SENT,708f5268-76dd-4ca8-b64b-254e8973372f,f1114b36-fc15-46e3-9c8a-076ef4eefefe,c5,DROP,679,?,x7,
1768609956.6369386,FORWARDED,708f5268-76dd-4ca8-b64b-254e8973372f,f1114b36-fc15-46e3-9c8a-076ef4eefefe,c5,DROP,679,?,x7,
1768609956.6754026,RECEIVED,72bf2666-e5be-484a-8349-03857f7444fc,6219625d-e6d7-42c8-aa74-d85829ffc0bb,c1,c5,1447,e3,?,
1768609957.1315954,RECEIVED,1f0a8bd7-f680-4de7-9b0a-b5f6945c45ac,50edfafb-78b5-473b-ba45-e627fa2adad2,c4,c5,1465,e12,?,
1768609957.1464672,SENT,1f0a8bd7-f680-4de7-9b0a-b5f6945c45ac,50edfafb-78b5-473b-ba45-e627fa2adad2,c4,c5,1024,?,x5,
1768609957.1465833,FORWARDED,1f0a8bd7-f680-4de7-9b0a-b5f6945c45ac,50edfafb-78b5-473b-ba45-e627fa2adad2,c4,c5,1024,?,x5,
1768609957.182902,SENT,3b69f30a-4a24-4bae-8f4f-467c160577da,99d321d9-24cc-408d-a319-feab4620c946,c4,c2,1015,?,x3,
1768609957.1830356,FORWARDED,3b69f30a-4a24-4bae-8f4f-467c160577da,99d321d9-24cc-408d-a319-feab4620c946,c4,c2,1015,?,x3,
1768609957.466874,RECEIVED,3d79cec2-89d7-4c90-af8a-464d6bb5a5be,08982fb6-bfbc-4bfb-b047-5d7fa9a7413d,c5,c2,1456,e3,?,
1768609957.7144136,SENT,3d79cec2-89d7-4c90-af8a-464d6bb5a5be,08982fb6-bfbc-4bfb-b047-5d7fa9a7413d,c5,c2,1018,?,x5,
1768609957.7145119,FORWARDED,3d79cec2-89d7-4c90-af8a-464d6bb5a5be,08982fb6-bfbc-4bfb-b047-5d7fa9a7413d,c5,c2,1018,?,x5,
1768609957.9872499,SENT,72bf2666-e5be-484a-8349-03857f7444fc,6219625d-e6d7-42c8-aa74-d85829ffc0bb,c1,c5,1013,?,x5,
1768609957.9873712,FORWARDED,72bf2666-e5be-484a-8349-03857f7444fc,6219625d-e6d7-42c8-aa74-d85829ffc0bb,c1,c5,1013,?,x5,
1768609958.091154,RECEIVED,aef57997-913c-41a4-9f1a-3c08430585e2,45396f4d-fbe7-4eaf-a0cc-c5c140bbc1a8,c4,c3,1465,e5,?,
1768609958.1091516,RECEIVED,02c5381b-4b1d-40cf-859c-cb84a789b2eb,6a0f2b4c-79ca-44ce-88a4-a301dc172c5b,c1,DROP,441,x8,?,
1768609958.3586786,RECEIVED,18e390ba-d2da-4dd4-8a85-989ada18211a,861676b5-bbc8-4c09-8820-c53b8e76d328,c3,c5,1456,e12,?,
1768609958.427543,SENT,18e390ba-d2da-4dd4-8a85-989ada18211a,861676b5-bbc8-4c09-8820-c53b8e76d328,c3,c5,1018,?,x7,
1768609958.4276614,FORWARDED,18e390ba-d2da-4dd4-8a85-989ada18211a,861676b5-bbc8-4c09-8820-c53b8e76d328,c3,c5,1018,?,x7,
1768609958.455743,SENT,aef57997-913c-41a4-9f1a-3c08430585e2,45396f4d-fbe7-4eaf-a0cc-c5c140bbc1a8,c4,c3,1024,?,x11,
1768609958.4558575,FORWARDED,aef57997-913c-41a4-9f1a-3c08430585e2,45396f4d-fbe7-4eaf-a0cc-c5c140bbc1a8,c4,c3,1024,?,x11,
1768609958.5099018,RECEIVED,f0cd1a58-0c82-4f96-9b3c-7075cc713d7b,f534442b-d43d-4c43-aafe-f2bfe7508c35,c3,c5,1446,e4,?,
1768609959.432816,RECEIVED,0e8f4737-d7fc-437d-8193-72a906bcf568,4357ec14-da85-4e5a-ae59-1c0a579b88d7,c4,c1,1443,e9,?,
1768609959.5370393,SENT,f0cd1a58-0c82-4f96-9b3c-7075cc713d7b,f534442b-d43d-4c43-aafe-f2bfe7508c35,c3,c5,1012,?,x8,
1768609959.5378351,FORWARDED,f0cd1a58-0c82-4f96-9b3c-7075cc713d7b,f534442b-d43d-4c43-aafe-f2bfe7508c35,c3,c5,1012,?,x8,
1768609960.8198087,RECEIVED,38a9f1ad-f62b-4765-90fc-e9f77609d0b5,4a0a186b-9e3b-4cfa-9b5a-991be09b1245,c4,c5,1452,e4,?,
1768609961.0146444,SENT,38a9f1ad-f62b-4765-90fc-e9f77609d0b5,4a0a186b-9e3b-4cfa-9b5a-991be09b1245,c4,c5,1015,?,x5,
1768609961.0147326,FORWARDED,38a9f1ad-f62b-4765-90fc-e9f77609d0b5,4a0a186b-9e3b-4cfa-9b5a-991be09b1245,c4,c5,1015,?,x5,
1768609961.183065,RECEIVED,53088ad3-e551-415a-ae99-6ec037d7a186,ef98bf5e-805f-4506-9125-ea5645200c32,c3,c1,1452,e3,?,
1768609961.309376,RECEIVED,b839b3f1-88de-4682-8273-0345713918a3,8ea9c97e-20e9-4cf8-bf9f-3f517a07fa66,c3,c2,1456,e3,?,
1768609961.3759537,SENT,0e8f4737-d7fc-437d-8193-72a906bcf568,4357ec14-da85-4e5a-ae59-1c0a579b88d7,c4,c1,1011,?,x5,
1768609961.3760872,FORWARDED,0e8f4737-d7fc-437d-8193-72a906bcf568,4357ec14-da85-4e5a-ae59-1c0a579b88d7,c4,c1,1011,?,x5,
1768609961.3847437,SENT,53088ad3-e551-415a-ae99-6ec037d7a186,ef98bf5e-805f-4506-9125-ea5645200c32,c3,c1,1015,?,x2,
1768609961.3851645,FORWARDED,53088ad3-e551-415a-ae99-6ec037d7a186,ef98bf5e-805f-4506-9125-ea5645200c32,c3,c1,1015,?,x2,
1768609961.470103,RECEIVED,d25c154b-dda7-4124-a928-c5e852c5af72,04050f50-0a02-4f8e-822a-d6470f68ff5f,c3,c5,1456,e11,?,
1768609961.5322232,SENT,d25c154b-dda7-4124-a928-c5e852c5af72,04050f50-0a02-4f8e-822a-d6470f68ff5f,c3,c5,1019,?,x5,
1768609961.5323522,FORWARDED,d25c154b-dda7-4124-a928-c5e852c5af72,04050f50-0a02-4f8e-822a-d6470f68ff5f,c3,c5,1019,?,x5,
1768609961.7877693,SENT,b839b3f1-88de-4682-8273-0345713918a3,8ea9c97e-20e9-4cf8-bf9f-3f517a07fa66,c3,c2,1019,?,x3,
1768609961.787838,FORWARDED,b839b3f1-88de-4682-8273-0345713918a3,8ea9c97e-20e9-4cf8-bf9f-3f517a07fa66,c3,c2,1019,?,x3,
1768609962.0589144,RECEIVED,13f11b4a-c002-4916-89f7-620c3f2eda4e,3462fb86-d11b-4c51-8d0b-d1027e5d87ee,c5,c4,1447,e8,?,
1768609962.8694465,SENT,13f11b4a-c002-4916-89f7-620c3f2eda4e,3462fb86-d11b-4c51-8d0b-d1027e5d87ee,c5,c4,1014,?,x2,
1768609962.8694987,FORWARDED,13f11b4a-c002-4916-89f7-620c3f2eda4e,3462fb86-d11b-4c51-8d0b-d1027e5d87ee,c5,c4,1014,?,x2,
1768609963.7998488,RECEIVED,f68ce098-99ff-4b33-8105-68c194040e94,de58a61e-8953-4a05-a743-05dcf7294598,c3,c2,1450,e8,?,
1768609964.5957787,RECEIVED,54e8c4d4-bfeb-4a58-bb1a-668948bf24fc,d71ce364-0f2a-47f0-8d68-46f1fbd26d9e,c3,c1,1447,e11,?,
1768609964.9657826,SENT,54e8c4d4-bfeb-4a58-bb1a-668948bf24fc,d71ce364-0f2a-47f0-8d68-46f1fbd26d9e,c3,c1,1012,?,x5,
1768609964.9658716,FORWARDED,54e8c4d4-bfeb-4a58-bb1a-668948bf24fc,d71ce364-0f2a-47f0-8d68-46f1fbd26d9e,c3,c1,1012,?,x5,
1768609965.0607781,RECEIVED,f5ab7d3b-f6ee-4757-9049-3441b7731111,38ce31a9-792e-4761-a886-536fc85cf3e4,c1,c4,1454,e11,?,
1768609965.0751843,SENT,f68ce098-99ff-4b33-8105-68c194040e94,de58a61e-8953-4a05-a743-05dcf7294598,c3,c2,1016,?,x1,
1768609965.0752337,FORWARDED,f68ce098-99ff-4b33-8105-68c194040e94,de58a61e-8953-4a05-a743-05dcf7294598,c3,c2,1016,?,x1,
1768609965.132959,RECEIVED,ca4f6d17-1945-4fe1-b105-53c40acbbb1e,ab553f62-6a8f-4cc5-9ecb-4ec8fc93a6df,c5,c4,1443,e12,?,
1768609965.4543061,RECEIVED,8f1cc51d-4e69-4820-806e-9812cbb69090,c7bc152d-eb10-4bf2-bef9-a3419f01a164,c4,c1,1459,e12,?,
1768609965.5207615,SENT,8f1cc51d-4e69-4820-806e-9812cbb69090,c7bc152d-eb10-4bf2-bef9-a3419f01a164,c4,c1,1023,?,x5,
1768609965.5208218,FORWARDED,8f1cc51d-4e69-4820-806e-9812cbb69090,c7bc152d-eb10-4bf2-bef9-a3419f01a164,c4,c1,1023,?,x5,
1768609965.717436,RECEIVED,c770d13e-37dc-49c8-9664-8a73a711f17f,00d9980d-480f-4750-90e7-88d2a7a1989e,c5,c1,1451,e4,?,
1768609966.0746572,RECEIVED,7e233ee2-66dd-4939-8d3f-558d11b3872f,2d8d4985-5550-463c-976f-d57c437b666b,c1,DROP,1007,e2,?,
1768609966.2012665,SENT,c770d13e-37dc-49c8-9664-8a73a711f17f,00d9980d-480f-4750-90e7-88d2a7a1989e,c5,c1,1015,?,x9,
1768609966.2013187,FORWARDED,c770d13e-37dc-49c8-9664-8a73a711f17f,00d9980d-480f-4750-90e7-88d2a7a1989e,c5,c1,1015,?,x9,
1768609966.2363605,RECEIVED,fcdf6b7c-ab63-48d4-bb4a-744514adf5f5,46161108-7d95-43f5-b579-77dcacffa273,c3,c1,1440,e2,?,
1768609966.3283617,SENT,ca4f6d17-1945-4fe1-b105-53c40acbbb1e,ab553f62-6a8f-4cc5-9ecb-4ec8fc93a6df,c5,c4,1010,?,x7,
1768609966.3284469,FORWARDED,ca4f6d17-1945-4fe1-b105-53c40acbbb1e,ab553f62-6a8f-4cc5-9ecb-4ec8fc93a6df,c5,c4,1010,?,x7,
1768609966.445962,SENT,f5ab7d3b-f6ee-4757-9049-3441b7731111,38ce31a9-792e-4761-a886-536fc85cf3e4,c1,c4,1019,?,x2,
1768609966.4460435,FORWARDED,f5ab7d3b-f6ee-4757-9049-3441b7731111,38ce31a9-792e-4761-a886-536fc85cf3e4,c1,c4,1019,?,x2,
1768609966.729774,RECEIVED,4ba4cc48-49a4-4a02-91f5-c095206792c5,824c97fc-694b-452a-b2f3-1ba020b8be66,c5,c2,1452,e4,?,
1768609967.073105,RECEIVED,69995b24-24f9-4d4c-912f-66fbbd9f685c,e9cf7044-a86c-4c65-b306-d0febc86f08e,c3,DROP,1015,e2,?,
1768609967.1221688,RECEIVED,11acfd98-9ae8-42cb-8f3f-d05e61a53c77,e0ad2f44-fef8-46cd-9146-8b4c34e08671,c4,c3,1445,e4,?,
1768609967.1360414,SENT,4ba4cc48-49a4-4a02-91f5-c095206792c5,824c97fc-694b-452a-b2f3-1ba020b8be66,c5,c2,1015,?,x2,
1768609967.1361592,FORWARDED,4ba4cc48-49a4-4a02-91f5-c095206792c5,824c97fc-694b-452a-b2f3-1ba020b8be66,c5,c2,1015,?,x2,
1768609967.2425206,SENT,fcdf6b7c-ab63-48d4-bb4a-744514adf5f5,46161108-7d95-43f5-b579-77dcacffa273,c3,c1,1007,?,x10,
1768609967.242655,FORWARDED,fcdf6b7c-ab63-48d4-bb4a-744514adf5f5,46161108-7d95-43f5-b579-77dcacffa273,c3,c1,1007,?,x10,
1768609967.295029,SENT,7e233ee2-66dd-4939-8d3f-558d11b3872f,2d8d4985-5550-463c-976f-d57c437b666b,c1,DROP,683,?,x9,
1768609967.295199,FORWARDED,7e233ee2-66dd-4939-8d3f-558d11b3872f,2d8d4985-5550-463c-976f-d57c437b666b,c1,DROP,683,?,x9,
1768609967.3476584,SENT,11acfd98-9ae8-42cb-8f3f-d05e61a53c77,e0ad2f44-fef8-46cd-9146-8b4c34e08671,c4,c3,1011,?,x12,
1768609967.3477056,FORWARDED,11acfd98-9ae8-42cb-8f3f-d05e61a53c77,e0ad2f44-fef8-46cd-9146-8b4c34e08671,c4,c3,1011,?,x12,
1768609967.4172196,RECEIVED,d32648cb-d07a-44ba-89e6-ffa9fc2475ec,34f5057d-1e87-44dd-8d97-8a4cc58db27b,c3,c1,1448,e1,?,
1768609967.5639167,SENT,69995b24-24f9-4d4c-912f-66fbbd9f685c,e9cf7044-a86c-4c65-b306-d0febc86f08e,c3,DROP,688,?,x6,
1768609967.5641572,FORWARDED,69995b24-24f9-4d4c-912f-66fbbd9f685c,e9cf7044-a86c-4c65-b306-d0febc86f08e,c3,DROP,688,?,x6,
1768609967.5987725,RECEIVED,3d7be566-3326-47d1-af73-4d903a285cd4,2b18b427-1328-4d94-831e-77f962810a02,c3,c5,1445,e10,?,
1768609967.6710012,SENT,3d7be566-3326-47d1-af73-4d903a285cd4,2b18b427-1328-4d94-831e-77f962810a02,c3,c5,1011,?,x2,
1768609967.6711788,FORWARDED,3d7be566-3326-47d1-af73-4d903a285cd4,2b18b427-1328-4d94-831e-77f962810a02,c3,c5,1011,?,x2,
1768609967.8293736,SENT,d32648cb-d07a-44ba-89e6-ffa9fc2475ec,34f5057d-1e87-44dd-8d97-8a4cc58db27b,c3,c1,1013,?,x9,
1768609967.829415,FORWARDED,d32648cb-d07a-44ba-89e6-ffa9fc2475ec,34f5057d-1e87-44dd-8d97-8a4cc58db27b,c3,c1,1013,?,x9,
1768609968.0539627,RECEIVED,cec77512-d0cf-45d3-b69d-789dd59652e1,6fe5b805-70da-4e7c-8281-e96fa777d521,c3,c1,1460,e4,?,
1768609968.389172,SENT,cec77512-d0cf-45d3-b69d-789dd59652e1,6fe5b805-70da-4e7c-8281-e96fa777d521,c3,c1,1023,?,x10,
1768609968.3893123,FORWARDED,cec77512-d0cf-45d3-b69d-789dd59652e1,6fe5b805-70da-4e7c-8281-e96fa777d521,c3,c1,1023,?,x10,
1768609968.6142402,RECEIVED,ca66df49-e96a-4f08-b0e8-bac68f655318,d671dce1-d3b1-4b21-b8bb-d3cb7638540d,c1,c2,1451,e4,?,
1768609968.972578,RECEIVED,1c0372c2-2a8e-42f2-b906-a91a969ab16f,22f2398d-3214-4bd8-aae5-7be44179e5d1,c2,c3,1448,e4,?,
1768609969.0268831,SENT,1c0372c2-2a8e-42f2-b906-a91a969ab16f,22f2398d-3214-4bd8-aae5-7be44179e5d1,c2,c3,1012,?,x3,
1768609969.0269485,FORWARDED,1c0372c2-2a8e-42f2-b906-a91a969ab16f,22f2398d-3214-4bd8-aae5-7be44179e5d1,c2,c3,1012,?,x3,
1768609969.0517132,SENT,ca66df49-e96a-4f08-b0e8-bac68f655318,d671dce1-d3b1-4b21-b8bb-d3cb7638540d,c1,c2,1016,?,x9,
1768609969.0517793,FORWARDED,ca66df49-e96a-4f08-b0e8-bac68f655318,d671dce1-d3b1-4b21-b8bb-d3cb7638540d,c1,c2,1016,?,x9,
1768609969.454959,RECEIVED,0fbb95e9-4e63-49fd-9fb8-ebe980371cf9,56c95008-6d5f-43e7-8deb-ebc0ba55fd8c,c1,c3,1439,e7,?,
1768609970.0070288,RECEIVED,c630be06-1713-4b24-a902-1357bdfb8acf,8f2d4762-7bfd-4cb8-bdc4-51afdbb43c5b,c2,DROP,1013,e10,?,
1768609970.0651796,SENT,c630be06-1713-4b24-a902-1357bdfb8acf,8f2d4762-7bfd-4cb8-bdc4-51afdbb43c5b,c2,DROP,686,?,x10,
1768609970.0654118,FORWARDED,c630be06-1713-4b24-a902-1357bdfb8acf,8f2d4762-7bfd-4cb8-bdc4-51afdbb43c5b,c2,DROP,686,?,x10,
1768609970.2644598,RECEIVED,a038e44f-9f0b-40c5-af61-825fc59f3d53,9ef571b1-3172-482a-a579-8a63d90eec09,c3,c4,1450,e6,?,
1768609970.4924612,SENT,0fbb95e9-4e63-49fd-9fb8-ebe980371cf9,56c95008-6d5f-43e7-8deb-ebc0ba55fd8c,c1,c3,1007,?,x8,
1768609970.4925785,FORWARDED,0fbb95e9-4e63-49fd-9fb8-ebe980371cf9,56c95008-6d5f-43e7-8deb-ebc0ba55fd8c,c1,c3,1007,?,x8,
1768609970.7311475,RECEIVED,73a7d9c8-7e5f-46c9-b70f-8c96dfb67673,07e83191-feb6-4255-904c-cb27219a334b,c1,c4,1461,e11,?,
1768609970.9654663,RECEIVED,c900505f-c390-4aae-8e0e-c749ed7f236d,105d604f-2725-477e-aadd-c5621159855d,c1,c5,1467,e10,?,
1768609970.9909031,RECEIVED,8aaba386-640f-4df4-986e-5322ba490dc1,80b2529f-4ddd-46ef-a130-ee3220c813dd,c5,c2,1448,e4,?,
1768609971.049337,SENT,8aaba386-640f-4df4-986e-5322ba490dc1,80b2529f-4ddd-46ef-a130-ee3220c813dd,c5,c2,1014,?,x10,
1768609971.0494697,FORWARDED,8aaba386-640f-4df4-986e-5322ba490dc1,80b2529f-4ddd-46ef-a130-ee3220c813dd,c5,c2,1014,?,x10,
1768609971.1577482,RECEIVED,d4cb3686-71ad-4193-9de9-05438ca5e8aa,3717c999-6410-4616-bbec-07985175f309,c1,c3,1463,e11,?,
1768609971.2284088,SENT,73a7d9c8-7e5f-46c9-b70f-8c96dfb67673,07e83191-feb6-4255-904c-cb27219a334b,c1,c4,1023,?,x10,
1768609971.2284698,FORWARDED,73a7d9c8-7e5f-46c9-b70f-8c96dfb67673,07e83191-feb6-4255-904c-cb27219a334b,c1,c4,1023,?,x10,
1768609971.312128,RECEIVED,c2be40ad-35b8-464d-91fc-c79656264814,c7d68001-2b4e-4d4b-80a1-1998f5b7a0c0,c5,c1,1452,e8,?,
1768609971.342529,SENT,a038e44f-9f0b-40c5-af61-825fc59f3d53,9ef571b1-3172-482a-a579-8a63d90eec09,c3,c4,1015,?,x4,
1768609971.342588,FORWARDED,a038e44f-9f0b-40c5-af61-825fc59f3d53,9ef571b1-3172-482a-a579-8a63d90eec09,c3,c4,1015,?,x4,
1768609971.4651325,RECEIVED,e31ffe87-d2b6-4ce3-981e-cb85be9cf17b,87dc6f4c-6fcc-4dba-a6a2-1fc37cc0b62e,c3,c2,1452,e9,?,
1768609971.5715728,SENT,c2be40ad-35b8-464d-91fc-c79656264814,c7d68001-2b4e-4d4b-80a1-1998f5b7a0c0,c5,c1,1016,?,x3,
1768609971.5717032,FORWARDED,c2be40ad-35b8-464d-91fc-c79656264814,c7d68001-2b4e-4d4b-80a1-1998f5b7a0c0,c5,c1,1016,?,x3,
1768609971.5936153,SENT,e31ffe87-d2b6-4ce3-981e-cb85be9cf17b,87dc6f4c-6fcc-4dba-a6a2-1fc37cc0b62e,c3,c2,1015,?,x7,
1768609971.593747,FORWARDED,e31ffe87-d2b6-4ce3-981e-cb85be9cf17b,87dc6f4c-6fcc-4dba-a6a2-1fc37cc0b62e,c3,c2,1015,?,x7,
1768609971.6194222,SENT,d4cb3686-71ad-4193-9de9-05438ca5e8aa,3717c999-6410-4616-bbec-07985175f309,c1,c3,1024,?,x2,
1768609971.6195092,FORWARDED,d4cb3686-71ad-4193-9de9-05438ca5e8aa,3717c999-6410-4616-bbec-07985175f309,c1,c3,1024,?,x2,
1768609971.7676578,RECEIVED,a171cd7e-9dbe-4b5e-b26a-e0af8cc4c73a,5cdf32a6-7536-4ec8-aea4-f2887d2949a1,c3,c1,1451,e3,?,
1768609972.3753343,SENT,a171cd7e-9dbe-4b5e-b26a-e0af8cc4c73a,5cdf32a6-7536-4ec8-aea4-f2887d2949a1,c3,c1,1015,?,x6,
1768609972.3754258,FORWARDED,a171cd7e-9dbe-4b5e-b26a-e0af8cc4c73a,5cdf32a6-7536-4ec8-aea4-f2887d2949a1,c3,c1,1015,?,x6,
1768609972.4705267,SENT,c900505f-c390-4aae-8e0e-c749ed7f236d,105d604f-2725-477e-aadd-c5621159855d,c1,c5,1027,?,x8,
1768609972.4706855,FORWARDED,c900505f-c390-4aae-8e0e-c749ed7f236d,105d604f-2725-477e-aadd-c5621159855d,c1,c5,1027,?,x8,
1768609972.4777477,RECEIVED,5b442774-05b6-4ca5-8697-88baa919d237,140ca4a0-1329-4d0a-b3cd-e51b84c3d3f4,c4,c2,1455,e11,?,
1768609972.5402071,RECEIVED,4dd93039-d8ff-44d7-a172-b82163d08613,71526a88-0df7-4e70-a881-0f4073164cff,c5,DROP,1016,e1,?,
1768609972.6820097,SENT,4dd93039-d8ff-44d7-a172-b82163d08613,71526a88-0df7-4e70-a881-0f4073164cff,c5,DROP,688,?,x6,
1768609972.6821206,FORWARDED,4dd93039-d8ff-44d7-a172-b82163d08613,71526a88-0df7-4e70-a881-0f4073164cff,c5,DROP,688,?,x6,
1768609973.094436,SENT,5b442774-05b6-4ca5-8697-88baa919d237,140ca4a0-1329-4d0a-b3cd-e51b84c3d3f4,c4,c2,1020,?,x8,
1768609973.094584,FORWARDED,5b442774-05b6-4ca5-8697-88baa919d237,140ca4a0-1329-4d0a-b3cd-e51b84c3d3f4,c4,c2,1020,?,x8,
1768609973.359517,RECEIVED,842736b7-b789-4a6c-b3b6-13055bd226f5,3def5c76-765d-457b-bf5d-c63e1e0d6fc2,c4,c2,1452,e7,?,
1768609973.4087057,RECEIVED,0b898b7a-9350-4999-bbfd-9f56e337a96d,925dd7b7-bd7e-4189-9c86-af50abbec36e,c4,c2,1453,e4,?,
1768609973.6825316,SENT,842736b7-b789-4a6c-b3b6-13055bd226f5,3def5c76-765d-457b-bf5d-c63e1e0d6fc2,c4,c2,1015,?,x1,
1768609973.682639,FORWARDED,842736b7-b789-4a6c-b3b6-13055bd226f5,3def5c76-765d-457b-bf5d-c63e1e0d6fc2,c4,c2,1015,?,x1,
1768609973.760289,SENT,0b898b7a-9350-4999-bbfd-9f56e337a96d,925dd7b7-bd7e-4189-9c86-af50abbec36e,c4,c2,1016,?,x11,
1768609973.760351,FORWARDED,0b898b7a-9350-4999-bbfd-9f56e337a96d,925dd7b7-bd7e-4189-9c86-af50abbec36e,c4,c2,1016,?,x11,
1768609973.771742,RECEIVED,0aaa6e4a-200b-43dc-bd4e-9831a64f0189,86c220d6-a1ea-4580-8405-c4b23d65c48f,c4,c1,1452,e2,?,
1768609973.8158336,RECEIVED,47ca0d39-b39f-4cee-bf0b-68b7e4dea6f3,b1304471-7877-46dc-8eee-78c8418fcd16,c5,c2,1456,e9,?,
1768609974.2461855,SENT,0aaa6e4a-200b-43dc-bd4e-9831a64f0189,86c220d6-a1ea-4580-8405-c4b23d65c48f,c4,c1,1016,?,x7,
1768609974.2462664,FORWARDED,0aaa6e4a-200b-43dc-bd4e-9831a64f0189,86c220d6-a1ea-4580-8405-c4b23d65c48f,c4,c1,1016,?,x7,
1768609974.2585359,RECEIVED,a68ca256-1a06-4bdd-9867-feb099f323e5,b27f71eb-199d-474c-92e9-2ee2bf26d144,c1,c2,1443,e2,?,
1768609974.4521122,RECEIVED,34234033-a5e1-4489-b3a2-9a2c78819659,71b01505-2489-43a9-bc21-5fd8b2badf0f,c4,c5,1461,e8,?,
1768609974.5551326,SENT,a68ca256-1a06-4bdd-9867-feb099f323e5,b27f71eb-199d-474c-92e9-2ee2bf26d144,c1,c2,1011,?,x6,
1768609974.5552163,FORWARDED,a68ca256-1a06-4bdd-9867-feb099f323e5,b27f71eb-199d-474c-92e9-2ee2bf26d144,c1,c2,1011,?,x6,
1768609974.598777,RECEIVED,b2d476d6-aaeb-48c1-90c2-648d665f459e,ccb6dd3d-03b4-40f7-a22f-1fa20cd15334,c5,c1,1463,e1,?,
1768609974.7013383,RECEIVED,90ed46da-578d-4c12-8112-e75a53ec374a,11657929-0002-48dd-ae37-7369f7ee47f2,c1,DROP,1009,e12,?,
1768609974.7423766,SENT,47ca0d39-b39f-4cee-bf0b-68b7e4dea6f3,b1304471-7877-46dc-8eee-78c8418fcd16,c5,c2,1020,?,x11,
1768609974.742427,FORWARDED,47ca0d39-b39f-4cee-bf0b-68b7e4dea6f3,b1304471-7877-46dc-8eee-78c8418fcd16,c5,c2,1020,?,x11,
1768609974.789665,RECEIVED,3ddaa5b6-3388-4391-9dc0-354c67df8d12,e34ae1c9-380e-4f67-b415-c5e5b5515310,c4,c5,1451,e5,?,
1768609974.8122091,SENT,34234033-a5e1-4489-b3a2-9a2c78819659,71b01505-2489-43a9-bc21-5fd8b2badf0f,c4,c5,1023,?,x12,
1768609974.81226,FORWARDED,34234033-a5e1-4489-b3a2-9a2c78819659,71b01505-2489-43a9-bc21-5fd8b2badf0f,c4,c5,1023,?,x12,
1768609974.8654385,SENT,90ed46da-578d-4c12-8112-e75a53ec374a,11657929-0002-48dd-ae37-7369f7ee47f2,c1,DROP,683,?,x12,
1768609974.8654912,FORWARDED,90ed46da-578d-4c12-8112-e75a53ec374a,11657929-0002-48dd-ae37-7369f7ee47f2,c1,DROP,683,?,x12,
1768609975.0389624,RECEIVED,a0f0bf4d-d911-4c9c-8d7a-30930097ee98,4b6f7705-9ae8-4fc8-b612-b3cebe2c88fa,c4,c1,1456,e10,?,
1768609975.160634,SENT,a0f0bf4d-d911-4c9c-8d7a-30930097ee98,4b6f7705-9ae8-4fc8-b612-b3cebe2c88fa,c4,c1,1019,?,x9,
1768609975.1607583,FORWARDED,a0f0bf4d-d911-4c9c-8d7a-30930097ee98,4b6f7705-9ae8-4fc8-b612-b3cebe2c88fa,c4,c1,1019,?,x9,
1768609975.2495472,RECEIVED,53be95e8-ce8f-4b0f-a619-6a0896419b11,468e6124-28a5-41f2-aa35-6f8d0b386c27,c5,c2,1457,e2,?,
1768609975.3663561,RECEIVED,4e380fa6-fc84-45a6-83de-0eda74e4fa15,76254149-19e9-44f7-b456-8f48aae0b533,c3,c5,1447,e1,?,
1768609975.3874536,SENT,3ddaa5b6-3388-4391-9dc0-354c67df8d12,e34ae1c9-380e-4f67-b415-c5e5b5515310,c4,c5,1016,?,x2,
1768609975.3875008,FORWARDED,3ddaa5b6-3388-4391-9dc0-354c67df8d12,e34ae1c9-380e-4f67-b415-c5e5b5515310,c4,c5,1016,?,x2,
1768609975.4729602,RECEIVED,8df39064-f38f-4985-98a4-9b8a92d4730b,12d0bae3-2412-4b20-9d42-e719249381b1,c5,c1,1450,e7,?,
1768609975.567485,RECEIVED,60f923be-d7c0-4676-9ae0-a1a0eaf697c6,83526870-4216-4417-a6ca-56d3729e27e6,c3,DROP,1017,e12,?,
1768609975.6229074,SENT,60f923be-d7c0-4676-9ae0-a1a0eaf697c6,83526870-4216-4417-a6ca-56d3729e27e6,c3,DROP,689,?,x3,
1768609975.6232083,FORWARDED,60f923be-d7c0-4676-9ae0-a1a0eaf697c6,83526870-4216-4417-a6ca-56d3729e27e6,c3,DROP,689,?,x3,
1768609975.7168543,SENT,53be95e8-ce8f-4b0f-a619-6a0896419b11,468e6124-28a5-41f2-aa35-6f8d0b386c27,c5,c2,1020,?,x10,
1768609975.7169003,FORWARDED,53be95e8-ce8f-4b0f-a619-6a0896419b11,468e6124-28a5-41f2-aa35-6f8d0b386c27,c5,c2,1020,?,x10,
1768609975.9148057,SENT,b2d476d6-aaeb-48c1-90c2-648d665f459e,ccb6dd3d-03b4-40f7-a22f-1fa20cd15334,c5,c1,1024,?,x12,
1768609975.9148674,FORWARDED,b2d476d6-aaeb-48c1-90c2-648d665f459e,ccb6dd3d-03b4-40f7-a22f-1fa20cd15334,c5,c1,1024,?,x12,
1768609975.928706,RECEIVED,dba0e18a-fc3b-4540-8669-77fc008e9746,4a376741-e558-446a-9e4e-6867db387c32,c1,c4,1456,e3,?,
1768609976.1466064,SENT,4e380fa6-fc84-45a6-83de-0eda74e4fa15,76254149-19e9-44f7-b456-8f48aae0b533,c3,c5,1014,?,x9,
1768609976.1466944,FORWARDED,4e380fa6-fc84-45a6-83de-0eda74e4fa15,76254149-19e9-44f7-b456-8f48aae0b533,c3,c5,1014,?,x9,
1768609976.6899927,RECEIVED,46939d65-67d6-4a6b-84ae-8d7845b36533,0c9e44cd-ae95-43c4-955b-6cc1a877e09e,c5,DROP,1012,e10,?,
1768609976.7429953,SENT,dba0e18a-fc3b-4540-8669-77fc008e9746,4a376741-e558-446a-9e4e-6867db387c32,c1,c4,1019,?,x11,
1768609976.743074,FORWARDED,dba0e18a-fc3b-4540-8669-77fc008e9746,4a376741-e558-446a-9e4e-6867db387c32,c1,c4,1019,?,x11,
1768609976.7620862,RECEIVED,b6242893-349b-41ae-8ebd-802c2babc11f,7c191b49-6add-431e-a86a-9ada050b0f55,c4,DROP,442,x10,?,
1768609976.771932,SENT,46939d65-67d6-4a6b-84ae-8d7845b36533,0c9e44cd-ae95-43c4-955b-6cc1a877e09e,c5,DROP,687,?,x3,
1768609976.7719982,FORWARDED,46939d65-67d6-4a6b-84ae-8d7845b36533,0c9e44cd-ae95-43c4-955b-6cc1a877e09e,c5,DROP,687,?,x3,
1768609976.847574,RECEIVED,65941336-98fe-4b9e-80d8-628858e005ec,b461ccb2-6fa0-4485-b5e4-8aa83a0ea7d3,c1,c4,1445,e3,?,
1768609976.8599846,RECEIVED,6a00120b-c765-44a0-b9b6-0ccf9f15fe5a,c3fec32d-0eb0-4efb-b75e-1b28df123da7,c2,c1,1452,e8,?,
1768609976.9214242,RECEIVED,2d412bde-5859-483a-9562-1f3506516631,ce4c340e-b682-4f20-afa0-aa97cd5968b4,c2,c5,1451,e5,?,
1768609976.9506142,SENT,65941336-98fe-4b9e-80d8-628858e005ec,b461ccb2-6fa0-4485-b5e4-8aa83a0ea7d3,c1,c4,1010,?,x10,
1768609976.950655,FORWARDED,65941336-98fe-4b9e-80d8-628858e005ec,b461ccb2-6fa0-4485-b5e4-8aa83a0ea7d3,c1,c4,1010,?,x10,
1768609976.9633756,SENT,6a00120b-c765-44a0-b9b6-0ccf9f15fe5a,c3fec32d-0eb0-4efb-b75e-1b28df123da7,c2,c1,1015,?,x6,
1768609976.9634168,FORWARDED,6a00120b-c765-44a0-b9b6-0ccf9f15fe5a,c3fec32d-0eb0-4efb-b75e-1b28df123da7,c2,c1,1015,?,x6,
1768609977.0733373,RECEIVED,ebbc9d1b-2c35-4496-a907-391194ff187a,49fcb6f0-e7e4-4a11-9d09-cd5eaed42b13,c3,c2,1457,e7,?,
1768609977.1287932,SENT,ebbc9d1b-2c35-4496-a907-391194ff187a,49fcb6f0-e7e4-4a11-9d09-cd5eaed42b13,c3,c2,1019,?,x11,
1768609977.1288524,FORWARDED,ebbc9d1b-2c35-4496-a907-391194ff187a,49fcb6f0-e7e4-4a11-9d09-cd5eaed42b13,c3,c2,1019,?,x11,
1768609977.1820214,SENT,2d412bde-5859-483a-9562-1f3506516631,ce4c340e-b682-4f20-afa0-aa97cd5968b4,c2,c5,1015,?,x9,
1768609977.1821172,FORWARDED,2d412bde-5859-483a-9562-1f3506516631,ce4c340e-b682-4f20-afa0-aa97cd5968b4,c2,c5,1015,?,x9,
1768609977.2251742,SENT,8df39064-f38f-4985-98a4-9b8a92d4730b,12d0bae3-2412-4b20-9d42-e719249381b1,c5,c1,1015,?,x2,
1768609977.225232,FORWARDED,8df39064-f38f-4985-98a4-9b8a92d4730b,12d0bae3-2412-4b20-9d42-e719249381b1,c5,c1,1015,?,x2,
1768609977.7621098,RECEIVED,68a118d6-a4e0-4d5e-8529-75b56033362a,69f8f9ae-8d2d-44ec-af98-ee95a1bad987,c3,c1,1457,e12,?,
1768609977.7750401,RECEIVED,4f058ec1-80d9-468f-b3fa-4d6185689bdc,01038f15-2667-4e37-b4d3-a4d512783c6b,c5,c2,1443,e9,?,
1768609977.804892,SENT,68a118d6-a4e0-4d5e-8529-75b56033362a,69f8f9ae-8d2d-44ec-af98-ee95a1bad987,c3,c1,1018,?,x8,
1768609977.804952,FORWARDED,68a118d6-a4e0-4d5e-8529-75b56033362a,69f8f9ae-8d2d-44ec-af98-ee95a1bad987,c3,c1,1018,?,x8,
1768609977.8502238,RECEIVED,1ddac346-a4a8-49b9-adf8-108267266193,2fbd3a87-03a8-4f4a-babf-fefa58df49d1,c3,DROP,442,x10,?,
1768609978.1394324,RECEIVED,0302b712-87f7-47bc-9789-122dfd30e5cf,2781215a-9560-4563-8212-d79b4f9755aa,c3,c4,1455,e3,?,
1768609978.4176087,SENT,4f058ec1-80d9-468f-b3fa-4d6185689bdc,01038f15-2667-4e37-b4d3-a4d512783c6b,c5,c2,1011,?,x4,
1768609978.4176586,FORWARDED,4f058ec1-80d9-468f-b3fa-4d6185689bdc,01038f15-2667-4e37-b4d3-a4d512783c6b,c5,c2,1011,?,x4,
1768609978.5359273,RECEIVED,d982b534-48c2-45d9-90e0-2d46ba9f3489,73babbb0-65ff-47a3-8bee-a0bd40928b4b,c2,c5,1451,e12,?,
1768609978.5764554,RECEIVED,e84010b3-c09b-4ead-b9ec-750876dc9498,3bd97512-cb8a-4540-9e2d-fc5eda1412c7,c2,c5,1452,e2,?,
1768609978.6617823,SENT,e84010b3-c09b-4ead-b9ec-750876dc9498,3bd97512-cb8a-4540-9e2d-fc5eda1412c7,c2,c5,1016,?,x2,
1768609978.6618404,FORWARDED,e84010b3-c09b-4ead-b9ec-750876dc9498,3bd97512-cb8a-4540-9e2d-fc5eda1412c7,c2,c5,1016,?,x2,
1768609978.8146713,SENT,d982b534-48c2-45d9-90e0-2d46ba9f3489,73babbb0-65ff-47a3-8bee-a0bd40928b4b,c2,c5,1016,?,x5,
1768609978.814718,FORWARDED,d982b534-48c2-45d9-90e0-2d46ba9f3489,73babbb0-65ff-47a3-8bee-a0bd40928b4b,c2,c5,1016,?,x5,
1768609979.201458,RECEIVED,464fbd67-096c-41cc-961d-3786705868d8,644f0619-8bc6-4b1a-9cde-ef1ab10c873b,c1,c3,1451,e8,?,
1768609979.4680302,RECEIVED,221f716d-00f4-4580-8694-90598bed0ad1,d474d79e-4b58-4174-952b-b861a0cff5ba,c2,c3,1444,e3,?,
1768609979.4966335,SENT,0302b712-87f7-47bc-9789-122dfd30e5cf,2781215a-9560-4563-8212-d79b4f9755aa,c3,c4,1019,?,x12,
1768609979.4967134,FORWARDED,0302b712-87f7-47bc-9789-122dfd30e5cf,2781215a-9560-4563-8212-d79b4f9755aa,c3,c4,1019,?,x12,
1768609979.6513526,SENT,221f716d-00f4-4580-8694-90598bed0ad1,d474d79e-4b58-4174-952b-b861a0cff5ba,c2,c3,1011,?,x7,
1768609979.6514308,FORWARDED,221f716d-00f4-4580-8694-90598bed0ad1,d474d79e-4b58-4174-952b-b861a0cff5ba,c2,c3,1011,?,x7,
1768609979.780297,RECEIVED,94c19c2e-86b2-44b9-8adc-c6d007049174,cbbc25fc-951d-4fae-b576-9eb90c5b8212,c3,c1,1449,e3,?,
1768609980.1411016,SENT,464fbd67-096c-41cc-961d-3786705868d8,644f0619-8bc6-4b1a-9cde-ef1ab10c873b,c1,c3,1016,?,x4,
1768609980.1411517,FORWARDED,464fbd67-096c-41cc-961d-3786705868d8,644f0619-8bc6-4b1a-9cde-ef1ab10c873b,c1,c3,1016,?,x4,
1768609980.2447762,SENT,94c19c2e-86b2-44b9-8adc-c6d007049174,cbbc25fc-951d-4fae-b576-9eb90c5b8212,c3,c1,1013,?,x12,
1768609980.2448282,FORWARDED,94c19c2e-86b2-44b9-8adc-c6d007049174,cbbc25fc-951d-4fae-b576-9eb90c5b8212,c3,c1,1013,?,x12,
1768609980.5788865,RECEIVED,859225dc-f1e2-4177-b8e7-6874900568be,8721ecd2-f2e9-435f-abf7-7dea021f7af2,c4,c2,1455,e5,?,
1768609980.5906627,SENT,859225dc-f1e2-4177-b8e7-6874900568be,8721ecd2-f2e9-435f-abf7-7dea021f7af2,c4,c2,1015,?,x11,
1768609980.5907147,FORWARDED,859225dc-f1e2-4177-b8e7-6874900568be,8721ecd2-f2e9-435f-abf7-7dea021f7af2,c4,c2,1015,?,x11,
1768609980.7518024,RECEIVED,8ea09125-6a7b-46cf-87e2-e2706fa511a0,df002436-50bc-4666-8322-14172fadcfb3,c4,DROP,1008,e2,?,
1768609980.8322058,RECEIVED,742e3877-6f1e-4935-b9b2-65f84490f9b8,0ad14243-0d8f-4796-94d4-47dc18e48212,c1,c2,1455,e10,?,
1768609980.8730397,SENT,8ea09125-6a7b-46cf-87e2-e2706fa511a0,df002436-50bc-4666-8322-14172fadcfb3,c4,DROP,683,?,x4,
1768609980.873101,FORWARDED,8ea09125-6a7b-46cf-87e2-e2706fa511a0,df002436-50bc-4666-8322-14172fadcfb3,c4,DROP,683,?,x4,
1768609981.2315283,RECEIVED,191c8977-7653-462c-8761-58f711c6493c,a481adf5-1c52-4ae4-8873-a941852cba1a,c2,c4,1465,e11,?,
1768609981.3031723,SENT,191c8977-7653-462c-8761-58f711c6493c,a481adf5-1c52-4ae4-8873-a941852cba1a,c2,c4,1025,?,x11,
1768609981.303223,FORWARDED,191c8977-7653-462c-8761-58f711c6493c,a481adf5-1c52-4ae4-8873-a941852cba1a,c2,c4,1025,?,x11,
1768609981.750014,SENT,742e3877-6f1e-4935-b9b2-65f84490f9b8,0ad14243-0d8f-4796-94d4-47dc18e48212,c1,c2,1019,?,x4,
1768609981.75009,FORWARDED,742e3877-6f1e-4935-b9b2-65f84490f9b8,0ad14243-0d8f-4796-94d4-47dc18e48212,c1,c2,1019,?,x4,
1768609982.0593352,RECEIVED,83be599a-63ce-49e3-bc26-5bc4a10645a6,063a6153-f8a8-46e8-a6fd-ee8900d6c2e1,c5,c1,1449,e7,?,
1768609982.0924215,SENT,83be599a-63ce-49e3-bc26-5bc4a10645a6,063a6153-f8a8-46e8-a6fd-ee8900d6c2e1,c5,c1,1012,?,x1,
1768609982.0924783,FORWARDED,83be599a-63ce-49e3-bc26-5bc4a10645a6,063a6153-f8a8-46e8-a6fd-ee8900d6c2e1,c5,c1,1012,?,x1,
1768609982.7209728,RECEIVED,94a69544-ccfc-42d0-80f3-8bfe76c89ce8,f215c9aa-08c5-4458-a1f7-e5dd3ffd307d,c1,c2,1449,e6,?,
1768609982.7646353,SENT,94a69544-ccfc-42d0-80f3-8bfe76c89ce8,f215c9aa-08c5-4458-a1f7-e5dd3ffd307d,c1,c2,1012,?,x12,
1768609982.7646866,FORWARDED,94a69544-ccfc-42d0-80f3-8bfe76c89ce8,f215c9aa-08c5-4458-a1f7-e5dd3ffd307d,c1,c2,1012,?,x12,
1768609983.4940255,RECEIVED,b8737988-64f4-4dfc-bcdb-c7a4ab5ed120,eb08d283-b383-433f-980b-04e6b57f599c,c1,c3,1443,e2,?,
1768609983.5135381,RECEIVED,59d42878-2ab6-462a-91d8-4fc440db4f82,a4c3a8ff-5be8-4acd-81fe-f656d927d811,c3,c4,1448,e12,?,
1768609983.5387545,RECEIVED,222c4c2a-8314-4631-836f-03087b1d7a36,6f37490c-5b84-44be-9ac2-e145784c453d,c3,c5,1457,e5,?,
1768609983.6052542,SENT,222c4c2a-8314-4631-836f-03087b1d7a36,6f37490c-5b84-44be-9ac2-e145784c453d,c3,c5,1018,?,x10,
1768609983.6053016,FORWARDED,222c4c2a-8314-4631-836f-03087b1d7a36,6f37490c-5b84-44be-9ac2-e145784c453d,c3,c5,1018,?,x10,
1768609983.711704,SENT,59d42878-2ab6-462a-91d8-4fc440db4f82,a4c3a8ff-5be8-4acd-81fe-f656d927d811,c3,c4,1012,?,x5,
1768609983.711834,FORWARDED,59d42878-2ab6-462a-91d8-4fc440db4f82,a4c3a8ff-5be8-4acd-81fe-f656d927d811,c3,c4,1012,?,x5,
1768609984.0669873,RECEIVED,2b5c66ce-33fc-47cb-bf91-cf7bca39a9d3,bc4782e4-1497-4aae-b3e0-0c568e41ce0f,c2,c3,1455,e1,?,
1768609984.1702883,RECEIVED,37a74710-72da-48b6-8642-707841732a09,de61ed2a-3e8f-4951-94aa-68ea97057145,c1,c3,1448,e8,?,
1768609984.224345,SENT,37a74710-72da-48b6-8642-707841732a09,de61ed2a-3e8f-4951-94aa-68ea97057145,c1,c3,1012,?,x9,
1768609984.2244148,FORWARDED,37a74710-72da-48b6-8642-707841732a09,de61ed2a-3e8f-4951-94aa-68ea97057145,c1,c3,1012,?,x9,
1768609984.386383,SENT,b8737988-64f4-4dfc-bcdb-c7a4ab5ed120,eb08d283-b383-433f-980b-04e6b57f599c,c1,c3,1011,?,x8,
1768609984.386447,FORWARDED,b8737988-64f4-4dfc-bcdb-c7a4ab5ed120,eb08d283-b383-433f-980b-04e6b57f599c,c1,c3,1011,?,x8,
1768609984.5913162,SENT,2b5c66ce-33fc-47cb-bf91-cf7bca39a9d3,bc4782e4-1497-4aae-b3e0-0c568e41ce0f,c2,c3,1019,?,x9,
1768609984.5913863,FORWARDED,2b5c66ce-33fc-47cb-bf91-cf7bca39a9d3,bc4782e4-1497-4aae-b3e0-0c568e41ce0f,c2,c3,1019,?,x9,
1768609985.718547,RECEIVED,653c0401-9e3c-4314-96a3-43195f4c0bb8,8b909ad4-033e-47f2-8418-1fa54acba127,c5,DROP,1009,e9,?,
1768609985.8531897,SENT,653c0401-9e3c-4314-96a3-43195f4c0bb8,8b909ad4-033e-47f2-8418-1fa54acba127,c5,DROP,683,?,x12,
1768609985.8533103,FORWARDED,653c0401-9e3c-4314-96a3-43195f4c0bb8,8b909ad4-033e-47f2-8418-1fa54acba127,c5,DROP,683,?,x12,
1768609985.975816,RECEIVED,b878c986-ddce-4c6f-b52b-af8b8f1e77dd,c6755c99-05bd-4896-bfb4-5b934b413e04,c3,c5,1464,e10,?,
1768609986.01314,RECEIVED,f49a757d-f457-4158-8047-baec40acda38,16639844-d2d7-46e8-9e15-17be46ac8982,c3,c1,1445,e9,?,
1768609986.1558502,RECEIVED,c367df5e-227e-4557-b886-c86dd475d263,ea554fbb-39ad-44f9-bfb8-bd3f99c68923,c3,c1,1443,e7,?,
1768609986.1661294,SENT,f49a757d-f457-4158-8047-baec40acda38,16639844-d2d7-46e8-9e15-17be46ac8982,c3,c1,1011,?,x11,
1768609986.1661742,FORWARDED,f49a757d-f457-4158-8047-baec40acda38,16639844-d2d7-46e8-9e15-17be46ac8982,c3,c1,1011,?,x11,
1768609986.3419108,RECEIVED,43d6707b-22d8-4571-b5a8-18fad14fc382,358d69e1-86f3-4727-a3ff-919aaa5f32a4,c2,c1,1451,e6,?,
1768609986.5076187,RECEIVED,f6c7ba69-46b0-48dd-a125-85c3f77c49a6,521170a4-735a-4daf-8b07-b169b8fa6afe,c1,c4,1447,e6,?,
1768609986.7627463,RECEIVED,bda69a62-a355-48e6-857a-098ae6c375bd,35dd7748-c993-44bd-9735-140cf66a3e89,c4,c2,1443,e8,?,
1768609986.9972157,SENT,c367df5e-227e-4557-b886-c86dd475d263,ea554fbb-39ad-44f9-bfb8-bd3f99c68923,c3,c1,1011,?,x5,
1768609986.9973524,FORWARDED,c367df5e-227e-4557-b886-c86dd475d263,ea554fbb-39ad-44f9-bfb8-bd3f99c68923,c3,c1,1011,?,x5,
1768609987.1231782,RECEIVED,441b6056-b9a9-4fa5-8a9f-aa6108dbff54,4c41346c-cbf5-462a-901e-e8ad900408e3,c5,DROP,445,x12,?,
1768609987.2855742,SENT,b878c986-ddce-4c6f-b52b-af8b8f1e77dd,c6755c99-05bd-4896-bfb4-5b934b413e04,c3,c5,1024,?,x10,
1768609987.2856185,FORWARDED,b878c986-ddce-4c6f-b52b-af8b8f1e77dd,c6755c99-05bd-4896-bfb4-5b934b413e04,c3,c5,1024,?,x10,
1768609987.3894174,SENT,43d6707b-22d8-4571-b5a8-18fad14fc382,358d69e1-86f3-4727-a3ff-919aaa5f32a4,c2,c1,1016,?,x12,
1768609987.3894787,FORWARDED,43d6707b-22d8-4571-b5a8-18fad14fc382,358d69e1-86f3-4727-a3ff-919aaa5f32a4,c2,c1,1016,?,x12,
1768609987.5461,SENT,f6c7ba69-46b0-48dd-a125-85c3f77c49a6,521170a4-735a-4daf-8b07-b169b8fa6afe,c1,c4,1012,?,x2,
1768609987.5461624,FORWARDED,f6c7ba69-46b0-48dd-a125-85c3f77c49a6,521170a4-735a-4daf-8b07-b169b8fa6afe,c1,c4,1012,?,x2,
1768609987.8332086,SENT,bda69a62-a355-48e6-857a-098ae6c375bd,35dd7748-c993-44bd-9735-140cf66a3e89,c4,c2,1011,?,x1,
1768609987.833317,FORWARDED,bda69a62-a355-48e6-857a-098ae6c375bd,35dd7748-c993-44bd-9735-140cf66a3e89,c4,c2,1011,?,x1,
1768609989.4738944,RECEIVED,c293e86e-af6d-4054-b30c-6ca017c3acaf,f001436f-1470-4e17-abae-47d2f9c280e9,c2,c4,1455,e7,?,
1768609989.603247,RECEIVED,c9188e02-dd22-401a-8b0c-b285d3058c87,14c8e72f-d327-40cb-973a-f48734ad4770,c5,DROP,1008,e2,?,
1768609989.6794977,SENT,c9188e02-dd22-401a-8b0c-b285d3058c87,14c8e72f-d327-40cb-973a-f48734ad4770,c5,DROP,684,?,x7,
1768609989.6795526,FORWARDED,c9188e02-dd22-401a-8b0c-b285d3058c87,14c8e72f-d327-40cb-973a-f48734ad4770,c5,DROP,684,?,x7,
1768609989.6900995,RECEIVED,0a522208-6a30-43cd-b9bb-d32980c178b5,b5bfc845-9c87-42af-9271-555586f64c30,c5,c4,1444,e5,?,
1768609989.738746,RECEIVED,d303ce9f-c2b8-410a-856c-af6222cfb219,a1de144d-f72e-4a15-a80e-17233c8deee5,c3,DROP,1013,e4,?,
1768609989.7402618,RECEIVED,9f3b6b50-bd8f-443e-ab24-6dcca9a2ac6b,9fac0112-7086-40d0-8538-3310e377ef35,c3,c4,1451,e2,?,
1768609989.74251,SENT,c293e86e-af6d-4054-b30c-6ca017c3acaf,f001436f-1470-4e17-abae-47d2f9c280e9,c2,c4,1020,?,x2,
1768609989.7425628,FORWARDED,c293e86e-af6d-4054-b30c-6ca017c3acaf,f001436f-1470-4e17-abae-47d2f9c280e9,c2,c4,1020,?,x2,
1768609989.852164,SENT,d303ce9f-c2b8-410a-856c-af6222cfb219,a1de144d-f72e-4a15-a80e-17233c8deee5,c3,DROP,687,?,x10,
1768609989.8522177,FORWARDED,d303ce9f-c2b8-410a-856c-af6222cfb219,a1de144d-f72e-4a15-a80e-17233c8deee5,c3,DROP,687,?,x10,
1768609989.9060085,SENT,0a522208-6a30-43cd-b9bb-d32980c178b5,b5bfc845-9c87-42af-9271-555586f64c30,c5,c4,1011,?,x3,
1768609989.9060738,FORWARDED,0a522208-6a30-43cd-b9bb-d32980c178b5,b5bfc845-9c87-42af-9271-555586f64c30,c5,c4,1011,?,x3,
1768609990.305096,SENT,9f3b6b50-bd8f-443e-ab24-6dcca9a2ac6b,9fac0112-7086-40d0-8538-3310e377ef35,c3,c4,1015,?,x6,
1768609990.305185,FORWARDED,9f3b6b50-bd8f-443e-ab24-6dcca9a2ac6b,9fac0112-7086-40d0-8538-3310e377ef35,c3,c4,1015,?,x6,
1768609990.9488404,RECEIVED,f72331a1-5aa8-4a9a-840a-3e7d43cb5de4,87e6d173-98cd-49a1-ad6b-aa07da1bad18,c2,c5,1456,e11,?,
1768609991.1184285,SENT,f72331a1-5aa8-4a9a-840a-3e7d43cb5de4,87e6d173-98cd-49a1-ad6b-aa07da1bad18,c2,c5,1018,?,x4,
1768609991.118482,FORWARDED,f72331a1-5aa8-4a9a-840a-3e7d43cb5de4,87e6d173-98cd-49a1-ad6b-aa07da1bad18,c2,c5,1018,?,x4,
1768609991.6905046,RECEIVED,f45b07ae-f318-49e6-b086-ebe42f830ec6,9c8104f3-93ee-4b52-8ff4-4d2abb0ba226,c2,DROP,1008,e3,?,
1768609991.829196,SENT,f45b07ae-f318-49e6-b086-ebe42f830ec6,9c8104f3-93ee-4b52-8ff4-4d2abb0ba226,c2,DROP,683,?,x6,
1768609991.829296,FORWARDED,f45b07ae-f318-49e6-b086-ebe42f830ec6,9c8104f3-93ee-4b52-8ff4-4d2abb0ba226,c2,DROP,683,?,x6,
1768609992.424337,RECEIVED,c38ce9e0-11b8-494b-b46f-ded3a315a1ac,b2c09875-be5e-45f0-9df8-6aec028ae961,c2,c5,1451,e4,?,
1768609992.6328192,RECEIVED,d87c001b-8272-47ee-9870-a06059b1055b,2734d6ad-33b8-4190-a006-64aa72ba8e09,c3,c1,1452,e6,?,
1768609992.640754,RECEIVED,a0f8710d-7a72-46d8-bba6-ce80dde11c6b,34c618b2-d794-478f-b928-6e2742abf018,c4,c2,1464,e7,?,
1768609992.6899154,RECEIVED,95a1e17e-49ac-467d-9fee-f0eb38132c16,a4ef2f65-fb32-4ab5-a1b6-b473b39eb4d9,c5,DROP,441,x1,?,
1768609992.727922,SENT,d87c001b-8272-47ee-9870-a06059b1055b,2734d6ad-33b8-4190-a006-64aa72ba8e09,c3,c1,1016,?,x6,
1768609992.7279756,FORWARDED,d87c001b-8272-47ee-9870-a06059b1055b,2734d6ad-33b8-4190-a006-64aa72ba8e09,c3,c1,1016,?,x6,
1768609992.930254,RECEIVED,ccd3c3c8-8edc-4dca-a420-595b1492dd21,4e623f28-145b-40f5-a813-99c3ef58abaa,c1,c3,1447,e2,?,
1768609993.2739902,RECEIVED,566ccfb7-0ed7-44c4-b200-3d539909be78,eecf0147-5031-42fc-a004-35d9367ecaae,c3,c2,1449,e5,?,
1768609993.3015177,RECEIVED,7f66bb93-c573-4183-9aa9-7266518093f6,23172dec-a689-48fb-8b18-86ab68230eb6,c5,c4,1456,e11,?,
1768609993.3637755,SENT,c38ce9e0-11b8-494b-b46f-ded3a315a1ac,b2c09875-be5e-45f0-9df8-6aec028ae961,c2,c5,1015,?,x7,
1768609993.3638334,FORWARDED,c38ce9e0-11b8-494b-b46f-ded3a315a1ac,b2c09875-be5e-45f0-9df8-6aec028ae961,c2,c5,1015,?,x7,
1768609993.6735315,SENT,7f66bb93-c573-4183-9aa9-7266518093f6,23172dec-a689-48fb-8b18-86ab68230eb6,c5,c4,1020,?,x11,
1768609993.6735973,FORWARDED,7f66bb93-c573-4183-9aa9-7266518093f6,23172dec-a689-48fb-8b18-86ab68230eb6,c5,c4,1020,?,x11,
1768609993.706444,SENT,a0f8710d-7a72-46d8-bba6-ce80dde11c6b,34c618b2-d794-478f-b928-6e2742abf018,c4,c2,1025,?,x10,
1768609993.7065191,FORWARDED,a0f8710d-7a72-46d8-bba6-ce80dde11c6b,34c618b2-d794-478f-b928-6e2742abf018,c4,c2,1025,?,x10,
1768609994.1186101,RECEIVED,7d58ac03-8b2d-4144-9a47-058ea5106581,7db07a65-a1f7-4d4d-ae2f-4d3c62baa97f,c2,c1,1444,e7,?,
1768609994.2425833,SENT,7d58ac03-8b2d-4144-9a47-058ea5106581,7db07a65-a1f7-4d4d-ae2f-4d3c62baa97f,c2,c1,1011,?,x7,
1768609994.2426379,FORWARDED,7d58ac03-8b2d-4144-9a47-058ea5106581,7db07a65-a1f7-4d4d-ae2f-4d3c62baa97f,c2,c1,1011,?,x7,
1768609994.3057823,SENT,ccd3c3c8-8edc-4dca-a420-595b1492dd21,4e623f28-145b-40f5-a813-99c3ef58abaa,c1,c3,1012,?,x2,
1768609994.3058343,FORWARDED,ccd3c3c8-8edc-4dca-a420-595b1492dd21,4e623f28-145b-40f5-a813-99c3ef58abaa,c1,c3,1012,?,x2,
1768609994.3498762,RECEIVED,83b6fbb1-c67f-4d35-8dab-32421654533a,9036fc3a-1699-43a9-a277-2688dc79d65d,c3,c1,1452,e5,?,
1768609994.648245,SENT,83b6fbb1-c67f-4d35-8dab-32421654533a,9036fc3a-1699-43a9-a277-2688dc79d65d,c3,c1,1016,?,x12,
1768609994.6482892,FORWARDED,83b6fbb1-c67f-4d35-8dab-32421654533a,9036fc3a-1699-43a9-a277-2688dc79d65d,c3,c1,1016,?,x12,
1768609994.8963096,SENT,566ccfb7-0ed7-44c4-b200-3d539909be78,eecf0147-5031-42fc-a004-35d9367ecaae,c3,c2,1015,?,x8,
1768609994.8964427,FORWARDED,566ccfb7-0ed7-44c4-b200-3d539909be78,eecf0147-5031-42fc-a004-35d9367ecaae,c3,c2,1015,?,x8,
1768609995.0822992,RECEIVED,be07e8a2-872d-45d7-a702-74f5b6e06ff1,33b33eef-d92c-4366-b92b-debd7cf66aab,c5,DROP,1009,e8,?,
1768609995.1002095,SENT,be07e8a2-872d-45d7-a702-74f5b6e06ff1,33b33eef-d92c-4366-b92b-debd7cf66aab,c5,DROP,684,?,x1,
1768609995.1003504,FORWARDED,be07e8a2-872d-45d7-a702-74f5b6e06ff1,33b33eef-d92c-4366-b92b-debd7cf66aab,c5,DROP,684,?,x1,
1768609995.6677356,RECEIVED,a0d0f908-fba0-4d89-b532-226b5e7809c6,2b2ade5e-9566-474d-842a-a6e6148c05f7,c1,c4,1448,e6,?,
1768609995.9016016,RECEIVED,8e1ac8d0-dca6-421e-80d2-b8dd431b01f8,b595dac6-cd3a-42bf-8ebf-e7e345de6faf,c1,c3,1457,e10,?,
1768609995.9788918,SENT,8e1ac8d0-dca6-421e-80d2-b8dd431b01f8,b595dac6-cd3a-42bf-8ebf-e7e345de6faf,c1,c3,1020,?,x10,
1768609995.978947,FORWARDED,8e1ac8d0-dca6-421e-80d2-b8dd431b01f8,b595dac6-cd3a-42bf-8ebf-e7e345de6faf,c1,c3,1020,?,x10,
1768609995.9953597,SENT,a0d0f908-fba0-4d89-b532-226b5e7809c6,2b2ade5e-9566-474d-842a-a6e6148c05f7,c1,c4,1012,?,x9,
1768609995.9954126,FORWARDED,a0d0f908-fba0-4d89-b532-226b5e7809c6,2b2ade5e-9566-474d-842a-a6e6148c05f7,c1,c4,1012,?,x9,
1768609996.698749,RECEIVED,98738311-af8e-4f94-a033-f25b9d662943,9995ad63-3960-473d-b985-35fc624c99ef,c2,c1,1452,e9,?,
1768609997.0185075,RECEIVED,6d6e9175-a52c-43a5-8b33-79f81fcb306e,0471f3bd-91b2-46c2-9fd6-ec500c238662,c2,c4,1446,e12,?,
1768609997.4223917,SENT,98738311-af8e-4f94-a033-f25b9d662943,9995ad63-3960-473d-b985-35fc624c99ef,c2,c1,1015,?,x10,
1768609997.4224544,FORWARDED,98738311-af8e-4f94-a033-f25b9d662943,9995ad63-3960-473d-b985-35fc624c99ef,c2,c1,1015,?,x10,
1768609997.5053475,RECEIVED,815f4a3c-5156-4bfd-865d-41bbe8543c1c,bc0d9b1a-d29e-49b4-860f-351c3d8f2310,c3,DROP,442,x12,?,
1768609997.5696802,SENT,6d6e9175-a52c-43a5-8b33-79f81fcb306e,0471f3bd-91b2-46c2-9fd6-ec500c238662,c2,c4,1012,?,x2,
1768609997.5697384,FORWARDED,6d6e9175-a52c-43a5-8b33-79f81fcb306e,0471f3bd-91b2-46c2-9fd6-ec500c238662,c2,c4,1012,?,x2,
1768609997.7422822,RECEIVED,a2785906-2a19-4518-ad87-3f9b57d047e8,88157258-2fe7-403c-aa70-7fbe7c4d3ebf,c2,c5,1451,e7,?,
1768609998.6163454,RECEIVED,e59f3ec0-814d-4245-b666-ff52f5a6bb2d,1b6a7688-dfea-4363-9e80-de5aedc4a934,c4,c5,1447,e9,?,
1768609998.6896813,SENT,a2785906-2a19-4518-ad87-3f9b57d047e8,88157258-2fe7-403c-aa70-7fbe7c4d3ebf,c2,c5,1016,?,x3,
1768609998.6897306,FORWARDED,a2785906-2a19-4518-ad87-3f9b57d047e8,88157258-2fe7-403c-aa70-7fbe7c4d3ebf,c2,c5,1016,?,x3,
1768609999.4377625,RECEIVED,bd441e0f-2c02-42ef-a2f6-21811cd8f93d,91b3a186-abbe-4d47-a373-b5b15adeb122,c2,c5,1452,e9,?,
1768609999.7731893,SENT,e59f3ec0-814d-4245-b666-ff52f5a6bb2d,1b6a7688-dfea-4363-9e80-de5aedc4a934,c4,c5,1014,?,x2,
1768609999.7732413,FORWARDED,e59f3ec0-814d-4245-b666-ff52f5a6bb2d,1b6a7688-dfea-4363-9e80-de5aedc4a934,c4,c5,1014,?,x2,
1768609999.8295093,RECEIVED,20adba99-5194-4f52-92e9-86f10434b713,c2569b74-9203-485d-8dee-63971d0a6afd,c2,c3,1444,e10,?,
1768609999.9860766,RECEIVED,9dad507f-ff0e-46ea-a08d-79190804a2c3,30970bb0-a38c-428e-9ede-ed1ee00bf41a,c4,c5,1457,e2,?,
1768610000.0062497,RECEIVED,d5374c96-3a41-4f42-b497-0458e89a1b20,b839c607-bb52-4c8e-94e0-1e824090aa81,c1,c4,1465,e2,?,
1768610000.123888,SENT,9dad507f-ff0e-46ea-a08d-79190804a2c3,30970bb0-a38c-428e-9ede-ed1ee00bf41a,c4,c5,1020,?,x11,
1768610000.1239533,FORWARDED,9dad507f-ff0e-46ea-a08d-79190804a2c3,30970bb0-a38c-428e-9ede-ed1ee00bf41a,c4,c5,1020,?,x11,
1768610000.2078352,RECEIVED,06772f84-c131-413e-a3a0-d8dea05f62cb,4a969691-3b56-4d3a-bc14-ed0afce99607,c1,c5,1452,e6,?,
1768610000.209301,SENT,20adba99-5194-4f52-92e9-86f10434b713,c2569b74-9203-485d-8dee-63971d0a6afd,c2,c3,1010,?,x2,
1768610000.2093606,FORWARDED,20adba99-5194-4f52-92e9-86f10434b713,c2569b74-9203-485d-8dee-63971d0a6afd,c2,c3,1010,?,x2,
1768610000.3284976,SENT,d5374c96-3a41-4f42-b497-0458e89a1b20,b839c607-bb52-4c8e-94e0-1e824090aa81,c1,c4,1024,?,x12,
1768610000.328551,FORWARDED,d5374c96-3a41-4f42-b497-0458e89a1b20,b839c607-bb52-4c8e-94e0-1e824090aa81,c1,c4,1024,?,x12,
1768610000.536285,SENT,06772f84-c131-413e-a3a0-d8dea05f62cb,4a969691-3b56-4d3a-bc14-ed0afce99607,c1,c5,1016,?,x3,
1768610000.536339,FORWARDED,06772f84-c131-413e-a3a0-d8dea05f62cb,4a969691-3b56-4d3a-bc14-ed0afce99607,c1,c5,1016,?,x3,
1768610000.995941,SENT,bd441e0f-2c02-42ef-a2f6-21811cd8f93d,91b3a186-abbe-4d47-a373-b5b15adeb122,c2,c5,1016,?,x10,
1768610000.9959962,FORWARDED,bd441e0f-2c02-42ef-a2f6-21811cd8f93d,91b3a186-abbe-4d47-a373-b5b15adeb122,c2,c5,1016,?,x10,
1768610001.174552,RECEIVED,125412f9-2103-490b-ae82-98ece9b7f9dd,3a42729c-7b44-4f15-990f-2ae2e2d8ae17,c2,c3,1448,e10,?,
1768610001.329421,SENT,125412f9-2103-490b-ae82-98ece9b7f9dd,3a42729c-7b44-4f15-990f-2ae2e2d8ae17,c2,c3,1012,?,x9,
1768610001.3294728,FORWARDED,125412f9-2103-490b-ae82-98ece9b7f9dd,3a42729c-7b44-4f15-990f-2ae2e2d8ae17,c2,c3,1012,?,x9,
1768610001.863499,RECEIVED,b2a769e7-3b78-48e7-8876-90a50435353f,4562b43d-d2aa-48cb-8f51-e5ebf09e1f64,c5,c2,1445,e3,?,
1768610001.9317906,RECEIVED,593b97d8-ac66-4f73-ba9b-e5e999422752,8b478d46-2435-4cf7-b68c-a427997e6560,c4,c5,1457,e3,?,
1768610001.9954696,SENT,593b97d8-ac66-4f73-ba9b-e5e999422752,8b478d46-2435-4cf7-b68c-a427997e6560,c4,c5,1018,?,x12,
1768610001.9955225,FORWARDED,593b97d8-ac66-4f73-ba9b-e5e999422752,8b478d46-2435-4cf7-b68c-a427997e6560,c4,c5,1018,?,x12,
1768610002.1393192,RECEIVED,8d8380f0-26cc-4954-8d8e-7d77c2fda89c,bec7cf45-1cc2-47a3-b8b0-28df0a2aff93,c1,c2,1456,e12,?,
1768610002.1649437,RECEIVED,c0cfd47b-6b52-4628-8045-ee500b102802,55b36fa3-7caf-49c9-ac56-2a7d4e649eb3,c4,c2,1456,e11,?,
1768610002.2262168,SENT,8d8380f0-26cc-4954-8d8e-7d77c2fda89c,bec7cf45-1cc2-47a3-b8b0-28df0a2aff93,c1,c2,1019,?,x8,
1768610002.2262688,FORWARDED,8d8380f0-26cc-4954-8d8e-7d77c2fda89c,bec7cf45-1cc2-47a3-b8b0-28df0a2aff93,c1,c2,1019,?,x8,
1768610002.2299645,SENT,b2a769e7-3b78-48e7-8876-90a50435353f,4562b43d-d2aa-48cb-8f51-e5ebf09e1f64,c5,c2,1009,?,x11,
1768610002.2300162,FORWARDED,b2a769e7-3b78-48e7-8876-90a50435353f,4562b43d-d2aa-48cb-8f51-e5ebf09e1f64,c5,c2,1009,?,x11,
1768610002.2442553,SENT,c0cfd47b-6b52-4628-8045-ee500b102802,55b36fa3-7caf-49c9-ac56-2a7d4e649eb3,c4,c2,1019,?,x6,
1768610002.2443056,FORWARDED,c0cfd47b-6b52-4628-8045-ee500b102802,55b36fa3-7caf-49c9-ac56-2a7d4e649eb3,c4,c2,1019,?,x6,
1768610002.351074,RECEIVED,4261de82-a85f-403b-885b-564c2e2ffaa7,749df56a-7a25-44d2-896d-6a23734bea38,c3,c1,1452,e1,?,
1768610002.593813,SENT,4261de82-a85f-403b-885b-564c2e2ffaa7,749df56a-7a25-44d2-896d-6a23734bea38,c3,c1,1015,?,x4,
1768610002.593861,FORWARDED,4261de82-a85f-403b-885b-564c2e2ffaa7,749df56a-7a25-44d2-896d-6a23734bea38,c3,c1,1015,?,x4,
1768610002.647115,RECEIVED,c1831cf1-140b-4414-aaf4-735eb89e4025,b91846ce-5191-4570-9849-cf297d23909b,c2,c3,1448,e2,?,
1768610002.8885934,RECEIVED,f30b25a2-202f-4267-be7c-ac0a81517328,83bfc5d3-4d4a-4b85-a449-c20c726f5817,c1,c3,1444,e9,?,
1768610003.0349576,RECEIVED,0ded5350-5f62-4a7e-a33f-350a23564e3a,d7fadbdd-2fc6-49b6-ad40-253ed20d327b,c4,DROP,1015,e4,?,
1768610003.0511434,SENT,f30b25a2-202f-4267-be7c-ac0a81517328,83bfc5d3-4d4a-4b85-a449-c20c726f5817,c1,c3,1010,?,x1,
1768610003.0511947,FORWARDED,f30b25a2-202f-4267-be7c-ac0a81517328,83bfc5d3-4d4a-4b85-a449-c20c726f5817,c1,c3,1010,?,x1,
1768610003.0851376,RECEIVED,d637628e-c192-468a-a1c8-bcbe122b70e5,f33840d6-8d8f-4ea9-8e4d-ab6028b7aaa2,c5,c3,1457,e11,?,
1768610003.102805,SENT,c1831cf1-140b-4414-aaf4-735eb89e4025,b91846ce-5191-4570-9849-cf297d23909b,c2,c3,1013,?,x8,
1768610003.1028554,FORWARDED,c1831cf1-140b-4414-aaf4-735eb89e4025,b91846ce-5191-4570-9849-cf297d23909b,c2,c3,1013,?,x8,
1768610003.2313979,SENT,d637628e-c192-468a-a1c8-bcbe122b70e5,f33840d6-8d8f-4ea9-8e4d-ab6028b7aaa2,c5,c3,1019,?,x10,
1768610003.2314472,FORWARDED,d637628e-c192-468a-a1c8-bcbe122b70e5,f33840d6-8d8f-4ea9-8e4d-ab6028b7aaa2,c5,c3,1019,?,x10,
1768610003.531303,RECEIVED,30069feb-1cad-4935-a71e-09171c1a9844,1f3ff98b-8a8d-4ca1-a6cb-f7762eb840e3,c1,c4,1451,e9,?,
1768610003.619318,SENT,30069feb-1cad-4935-a71e-09171c1a9844,1f3ff98b-8a8d-4ca1-a6cb-f7762eb840e3,c1,c4,1016,?,x2,
1768610003.619433,FORWARDED,30069feb-1cad-4935-a71e-09171c1a9844,1f3ff98b-8a8d-4ca1-a6cb-f7762eb840e3,c1,c4,1016,?,x2,
1768610004.2305427,RECEIVED,ca503a79-1492-4e61-b8a9-ca5f8f87a953,d56ef505-3e07-47e8-bf9e-c0654124f110,c3,c2,1445,e7,?,
1768610004.250237,RECEIVED,226524b0-dcb2-409e-b6b3-665eb1955dd2,35b6082d-72e3-49aa-89f3-2d59f4e3bd3f,c3,DROP,1015,e7,?,
1768610004.2719586,RECEIVED,dbaebc6d-06a5-4682-ade9-022f718b44fc,4b14c683-5c7e-495f-94cd-5ca3987dcbba,c3,DROP,1015,e9,?,
1768610004.3256724,SENT,ca503a79-1492-4e61-b8a9-ca5f8f87a953,d56ef505-3e07-47e8-bf9e-c0654124f110,c3,c2,1010,?,x5,
1768610004.3257592,FORWARDED,ca503a79-1492-4e61-b8a9-ca5f8f87a953,d56ef505-3e07-47e8-bf9e-c0654124f110,c3,c2,1010,?,x5,
1768610004.4081626,SENT,0ded5350-5f62-4a7e-a33f-350a23564e3a,d7fadbdd-2fc6-49b6-ad40-253ed20d327b,c4,DROP,688,?,x7,
1768610004.408251,FORWARDED,0ded5350-5f62-4a7e-a33f-350a23564e3a,d7fadbdd-2fc6-49b6-ad40-253ed20d327b,c4,DROP,688,?,x7,
1768610004.509832,SENT,226524b0-dcb2-409e-b6b3-665eb1955dd2,35b6082d-72e3-49aa-89f3-2d59f4e3bd3f,c3,DROP,689,?,x6,
1768610004.509897,FORWARDED,226524b0-dcb2-409e-b6b3-665eb1955dd2,35b6082d-72e3-49aa-89f3-2d59f4e3bd3f,c3,DROP,689,?,x6,
1768610004.826504,RECEIVED,e4ce31bd-a867-4024-94d0-74ae24f725fc,b6f2c195-ceec-4571-8c2f-3549b24ebc65,c4,c2,1443,e9,?,
1768610005.166299,SENT,dbaebc6d-06a5-4682-ade9-022f718b44fc,4b14c683-5c7e-495f-94cd-5ca3987dcbba,c3,DROP,688,?,x2,
1768610005.1663637,FORWARDED,dbaebc6d-06a5-4682-ade9-022f718b44fc,4b14c683-5c7e-495f-94cd-5ca3987dcbba,c3,DROP,688,?,x2,
1768610006.0735393,SENT,e4ce31bd-a867-4024-94d0-74ae24f725fc,b6f2c195-ceec-4571-8c2f-3549b24ebc65,c4,c2,1011,?,x6,
1768610006.0736673,FORWARDED,e4ce31bd-a867-4024-94d0-74ae24f725fc,b6f2c195-ceec-4571-8c2f-3549b24ebc65,c4,c2,1011,?,x6,
1768610006.2881083,RECEIVED,6cab01cf-b986-4459-ae17-3158dd2900e2,221d7c59-c958-45b8-b8df-296ca4409577,c2,c5,1459,e11,?,
1768610006.3052762,RECEIVED,fc5739e4-fe5d-440c-8b42-ec42396328b6,bd97d839-e903-4d6d-8e77-2c4ba5950eec,c4,c1,1451,e6,?,
1768610006.70424,SENT,fc5739e4-fe5d-440c-8b42-ec42396328b6,bd97d839-e903-4d6d-8e77-2c4ba5950eec,c4,c1,1015,?,x2,
1768610006.7042937,FORWARDED,fc5739e4-fe5d-440c-8b42-ec42396328b6,bd97d839-e903-4d6d-8e77-2c4ba5950eec,c4,c1,1015,?,x2,
1768610006.831292,RECEIVED,49b124df-8be7-418f-9b68-adea1ba742e6,b8195813-daa0-458a-b786-564f476cc82d,c2,c4,1445,e5,?,
1768610006.8934615,SENT,49b124df-8be7-418f-9b68-adea1ba742e6,b8195813-daa0-458a-b786-564f476cc82d,c2,c4,1011,?,x6,
1768610006.8935163,FORWARDED,49b124df-8be7-418f-9b68-adea1ba742e6,b8195813-daa0-458a-b786-564f476cc82d,c2,c4,1011,?,x6,
1768610006.898421,SENT,6cab01cf-b986-4459-ae17-3158dd2900e2,221d7c59-c958-45b8-b8df-296ca4409577,c2,c5,1023,?,x1,
1768610006.8984656,FORWARDED,6cab01cf-b986-4459-ae17-3158dd2900e2,221d7c59-c958-45b8-b8df-296ca4409577,c2,c5,1023,?,x1,
1768610007.5207028,RECEIVED,79def0d7-0d25-49b1-9e98-f4daa83c4068,4cbe2b50-fc6d-44a3-8674-6532e219bdb0,c2,c1,1443,e3,?,
1768610007.528713,RECEIVED,b6f04fe2-3489-4781-9c45-1fc238867f66,77894fae-7321-4073-b459-343f73e92243,c5,DROP,1011,e11,?,
1768610007.6273763,SENT,b6f04fe2-3489-4781-9c45-1fc238867f66,77894fae-7321-4073-b459-343f73e92243,c5,DROP,685,?,x3,
1768610007.627429,FORWARDED,b6f04fe2-3489-4781-9c45-1fc238867f66,77894fae-7321-4073-b459-343f73e92243,c5,DROP,685,?,x3,
1768610007.7291079,RECEIVED,c16d6e73-d72c-4e0b-bde4-55e2aaee6d2a,73106bf1-df5c-44a0-9cee-be9a78b66f60,c2,c4,1451,e3,?,
1768610007.7406092,RECEIVED,8019a962-f1e6-46a1-93e7-1c7ec8677929,896af15b-fdad-492f-9899-6d00cac1e0e5,c5,c1,1461,e9,?,
1768610008.0408893,SENT,79def0d7-0d25-49b1-9e98-f4daa83c4068,4cbe2b50-fc6d-44a3-8674-6532e219bdb0,c2,c1,1011,?,x9,
1768610008.0409348,FORWARDED,79def0d7-0d25-49b1-9e98-f4daa83c4068,4cbe2b50-fc6d-44a3-8674-6532e219bdb0,c2,c1,1011,?,x9,
1768610008.2098784,SENT,8019a962-f1e6-46a1-93e7-1c7ec8677929,896af15b-fdad-492f-9899-6d00cac1e0e5,c5,c1,1023,?,x12,
1768610008.2099507,FORWARDED,8019a962-f1e6-46a1-93e7-1c7ec8677929,896af15b-fdad-492f-9899-6d00cac1e0e5,c5,c1,1023,?,x12,
1768610008.2736878,SENT,c16d6e73-d72c-4e0b-bde4-55e2aaee6d2a,73106bf1-df5c-44a0-9cee-be9a78b66f60,c2,c4,1015,?,x11,
1768610008.2738407,FORWARDED,c16d6e73-d72c-4e0b-bde4-55e2aaee6d2a,73106bf1-df5c-44a0-9cee-be9a78b66f60,c2,c4,1015,?,x11,
1768610008.725535,RECEIVED,e7dc2dce-b752-4378-a232-d29e888705a4,31bd4c9a-eb8b-4d56-92c4-f84a106b4810,c2,c3,1440,e1,?,
1768610008.8241115,RECEIVED,7e08c2ec-3f62-413e-9ee3-3130a7606b28,9e03cc9e-7eec-4c4f-a3a2-62bd7fe4cd5c,c2,DROP,1021,e2,?,
1768610008.873476,RECEIVED,f15d5e74-8096-434f-bdba-eb7f09b993a2,b88e0f2c-e49e-46e0-9829-ba33289629ac,c1,c5,1444,e10,?,
1768610009.0551043,RECEIVED,f2ed12c0-ed9a-4763-a19b-c90773a91c6b,7e419f26-d921-452a-8929-26790f60fb89,c4,c2,1465,e3,?,
1768610009.0608926,SENT,e7dc2dce-b752-4378-a232-d29e888705a4,31bd4c9a-eb8b-4d56-92c4-f84a106b4810,c2,c3,1007,?,x4,
1768610009.0609581,FORWARDED,e7dc2dce-b752-4378-a232-d29e888705a4,31bd4c9a-eb8b-4d56-92c4-f84a106b4810,c2,c3,1007,?,x4,
1768610009.0918055,SENT,f15d5e74-8096-434f-bdba-eb7f09b993a2,b88e0f2c-e49e-46e0-9829-ba33289629ac,c1,c5,1011,?,x7,
1768610009.0918717,FORWARDED,f15d5e74-8096-434f-bdba-eb7f09b993a2,b88e0f2c-e49e-46e0-9829-ba33289629ac,c1,c5,1011,?,x7,
1768610009.1522074,SENT,f2ed12c0-ed9a-4763-a19b-c90773a91c6b,7e419f26-d921-452a-8929-26790f60fb89,c4,c2,1024,?,x10,
1768610009.1522748,FORWARDED,f2ed12c0-ed9a-4763-a19b-c90773a91c6b,7e419f26-d921-452a-8929-26790f60fb89,c4,c2,1024,?,x10,
1768610009.1884053,SENT,7e08c2ec-3f62-413e-9ee3-3130a7606b28,9e03cc9e-7eec-4c4f-a3a2-62bd7fe4cd5c,c2,DROP,692,?,x12,
1768610009.1884708,FORWARDED,7e08c2ec-3f62-413e-9ee3-3130a7606b28,9e03cc9e-7eec-4c4f-a3a2-62bd7fe4cd5c,c2,DROP,692,?,x12,
1768610009.3695,RECEIVED,ecb13b71-dfbe-412c-baa4-eda13ff48e99,ee0dd54d-642a-4410-acef-b7474ceb9d82,c2,c3,1460,e2,?,
1768610009.9820194,RECEIVED,b293abdd-40e7-49c9-9af9-cd9a8a93463e,9968d4c2-af7b-421d-bcbf-66f5bb22bb58,c2,c5,1451,e9,?,
1768610010.2526152,RECEIVED,5b706026-d5c3-4c31-a615-253f9de8a8e4,67cfbc15-b4a1-452a-883f-d9005c8b685a,c3,c4,1448,e1,?,
1768610010.4405606,RECEIVED,5399549f-61f1-409c-aa78-2ba0c7464c21,474ce5be-f245-4de1-8450-73ec5d142a2e,c3,c2,1441,e2,?,
1768610010.5682337,SENT,ecb13b71-dfbe-412c-baa4-eda13ff48e99,ee0dd54d-642a-4410-acef-b7474ceb9d82,c2,c3,1023,?,x10,
1768610010.5682902,FORWARDED,ecb13b71-dfbe-412c-baa4-eda13ff48e99,ee0dd54d-642a-4410-acef-b7474ceb9d82,c2,c3,1023,?,x10,
1768610010.6638887,RECEIVED,1c8d9887-cb16-46f0-83ac-ade6986b2160,2c610a39-6d99-45e3-ae46-a15358ac4a69,c4,c3,1451,e7,?,
1768610010.684376,SENT,5b706026-d5c3-4c31-a615-253f9de8a8e4,67cfbc15-b4a1-452a-883f-d9005c8b685a,c3,c4,1012,?,x12,
1768610010.6844316,FORWARDED,5b706026-d5c3-4c31-a615-253f9de8a8e4,67cfbc15-b4a1-452a-883f-d9005c8b685a,c3,c4,1012,?,x12,
1768610010.90601,SENT,b293abdd-40e7-49c9-9af9-cd9a8a93463e,9968d4c2-af7b-421d-bcbf-66f5bb22bb58,c2,c5,1016,?,x4,
1768610010.9060786,FORWARDED,b293abdd-40e7-49c9-9af9-cd9a8a93463e,9968d4c2-af7b-421d-bcbf-66f5bb22bb58,c2,c5,1016,?,x4,
1768610011.115425,RECEIVED,c1c142d8-6744-456e-8f50-c1b5c7726606,9b2ade7c-4190-4cd1-adfe-98d522d6624d,c1,c4,1456,e12,?,
1768610011.3341494,SENT,1c8d9887-cb16-46f0-83ac-ade6986b2160,2c610a39-6d99-45e3-ae46-a15358ac4a69,c4,c3,1016,?,x8,
1768610011.3342066,FORWARDED,1c8d9887-cb16-46f0-83ac-ade6986b2160,2c610a39-6d99-45e3-ae46-a15358ac4a69,c4,c3,1016,?,x8,
1768610011.376223,SENT,5399549f-61f1-409c-aa78-2ba0c7464c21,474ce5be-f245-4de1-8450-73ec5d142a2e,c3,c2,1010,?,x6,
1768610011.376279,FORWARDED,5399549f-61f1-409c-aa78-2ba0c7464c21,474ce5be-f245-4de1-8450-73ec5d142a2e,c3,c2,1010,?,x6,
1768610011.8697054,RECEIVED,b52e6fe3-d516-492e-9477-56b4c0e805bd,b1856d4e-26f1-489d-aea1-e83a29ec13d9,c2,c1,1452,e5,?,
1768610012.1605687,SENT,b52e6fe3-d516-492e-9477-56b4c0e805bd,b1856d4e-26f1-489d-aea1-e83a29ec13d9,c2,c1,1015,?,x8,
1768610012.1606228,FORWARDED,b52e6fe3-d516-492e-9477-56b4c0e805bd,b1856d4e-26f1-489d-aea1-e83a29ec13d9,c2,c1,1015,?,x8,
1768610012.440247,RECEIVED,26c0aef0-e5ae-4773-8ff8-2a6e7700dc61,cd52030c-6f38-4c0a-8e4c-ad41b1266f53,c5,c4,1447,e9,?,
1768610012.456966,RECEIVED,2e9a7b9d-b09b-4784-9d61-df89456d371c,fd1634e2-a59b-4418-a306-574d84ab1a0b,c3,c2,1447,e3,?,
1768610012.4763927,SENT,c1c142d8-6744-456e-8f50-c1b5c7726606,9b2ade7c-4190-4cd1-adfe-98d522d6624d,c1,c4,1019,?,x10,
1768610012.4764476,FORWARDED,c1c142d8-6744-456e-8f50-c1b5c7726606,9b2ade7c-4190-4cd1-adfe-98d522d6624d,c1,c4,1019,?,x10,
1768610012.5243773,RECEIVED,4c96b73d-fd7d-4161-b8a6-d91fe83df125,b52ddd7f-8225-44fc-8908-610b9606a1f0,c4,DROP,1008,e10,?,
1768610012.6620076,RECEIVED,49da890e-eff1-41ec-9c16-64801da81ead,6de2d37d-dd2e-4bc8-96a7-4c1149eed9e7,c2,DROP,1015,e3,?,
1768610012.7345216,SENT,4c96b73d-fd7d-4161-b8a6-d91fe83df125,b52ddd7f-8225-44fc-8908-610b9606a1f0,c4,DROP,683,?,x7,
1768610012.734577,FORWARDED,4c96b73d-fd7d-4161-b8a6-d91fe83df125,b52ddd7f-8225-44fc-8908-610b9606a1f0,c4,DROP,683,?,x7,
1768610013.126685,SENT,2e9a7b9d-b09b-4784-9d61-df89456d371c,fd1634e2-a59b-4418-a306-574d84ab1a0b,c3,c2,1012,?,x6,
1768610013.1267266,FORWARDED,2e9a7b9d-b09b-4784-9d61-df89456d371c,fd1634e2-a59b-4418-a306-574d84ab1a0b,c3,c2,1012,?,x6,
1768610013.2510989,RECEIVED,1d250554-596b-473e-b37a-bad1e6816856,d295fbc2-05da-480a-ac93-8f588824c205,c2,c1,1463,e6,?,
1768610013.2912252,RECEIVED,8c7a4b02-02d4-4d09-a624-0bd08b23fad0,afcbfb9f-f56f-4283-a6ed-708b5d6849cb,c5,DROP,1019,e4,?,
1768610013.637624,RECEIVED,79b60172-69f2-4367-992e-72ed937d73b1,a81b7e79-a083-40b9-8b64-e2dd0c1eb147,c3,c2,1450,e2,?,
1768610013.6835957,SENT,49da890e-eff1-41ec-9c16-64801da81ead,6de2d37d-dd2e-4bc8-96a7-4c1149eed9e7,c2,DROP,688,?,x5,
1768610013.6836417,FORWARDED,49da890e-eff1-41ec-9c16-64801da81ead,6de2d37d-dd2e-4bc8-96a7-4c1149eed9e7,c2,DROP,688,?,x5,
1768610013.8198142,RECEIVED,c8115be2-9371-4581-a7ba-ed79c624b0f2,022ddc24-e2b7-4ba2-9687-1dd18f47ddef,c3,c1,1451,e10,?,
1768610013.9109886,RECEIVED,489c58f4-1cf0-4d47-863f-03aac56d645e,a50fb5b0-9dc9-4308-8d2b-61cb2fc4a950,c5,c1,1452,e8,?,
1768610014.0512612,RECEIVED,55e18b41-fbaa-47e5-94b7-2d89dd5e2d18,0ed4e2e1-c2f6-414d-9e41-2250067cf4fa,c1,c3,1446,e2,?,
1768610014.0861237,SENT,489c58f4-1cf0-4d47-863f-03aac56d645e,a50fb5b0-9dc9-4308-8d2b-61cb2fc4a950,c5,c1,1016,?,x8,
1768610014.0861692,FORWARDED,489c58f4-1cf0-4d47-863f-03aac56d645e,a50fb5b0-9dc9-4308-8d2b-61cb2fc4a950,c5,c1,1016,?,x8,
1768610014.118312,RECEIVED,c0e422a5-e835-4d23-8cdd-237339f67fd7,9936dde8-a756-4436-8309-56457af2cd85,c2,c1,1457,e5,?,
1768610014.1224499,RECEIVED,aac200f9-0af9-4a93-a6bf-2eda5cab2594,f836643d-5d42-46cb-80cb-17ac8a016941,c4,c1,1452,e6,?,
1768610014.1889808,SENT,aac200f9-0af9-4a93-a6bf-2eda5cab2594,f836643d-5d42-46cb-80cb-17ac8a016941,c4,c1,1016,?,x5,
1768610014.189026,FORWARDED,aac200f9-0af9-4a93-a6bf-2eda5cab2594,f836643d-5d42-46cb-80cb-17ac8a016941,c4,c1,1016,?,x5,
1768610014.1940403,SENT,26c0aef0-e5ae-4773-8ff8-2a6e7700dc61,cd52030c-6f38-4c0a-8e4c-ad41b1266f53,c5,c4,1012,?,x12,
1768610014.194097,FORWARDED,26c0aef0-e5ae-4773-8ff8-2a6e7700dc61,cd52030c-6f38-4c0a-8e4c-ad41b1266f53,c5,c4,1012,?,x12,
1768610014.2443318,SENT,c0e422a5-e835-4d23-8cdd-237339f67fd7,9936dde8-a756-4436-8309-56457af2cd85,c2,c1,1020,?,x10,
1768610014.2443767,FORWARDED,c0e422a5-e835-4d23-8cdd-237339f67fd7,9936dde8-a756-4436-8309-56457af2cd85,c2,c1,1020,?,x10,
1768610014.2553406,SENT,8c7a4b02-02d4-4d09-a624-0bd08b23fad0,afcbfb9f-f56f-4283-a6ed-708b5d6849cb,c5,DROP,692,?,x11,
1768610014.2553816,FORWARDED,8c7a4b02-02d4-4d09-a624-0bd08b23fad0,afcbfb9f-f56f-4283-a6ed-708b5d6849cb,c5,DROP,692,?,x11,
1768610014.3724105,SENT,55e18b41-fbaa-47e5-94b7-2d89dd5e2d18,0ed4e2e1-c2f6-414d-9e41-2250067cf4fa,c1,c3,1012,?,x3,
1768610014.3724604,FORWARDED,55e18b41-fbaa-47e5-94b7-2d89dd5e2d18,0ed4e2e1-c2f6-414d-9e41-2250067cf4fa,c1,c3,1012,?,x3,
1768610014.4956582,SENT,1d250554-596b-473e-b37a-bad1e6816856,d295fbc2-05da-480a-ac93-8f588824c205,c2,c1,1025,?,x11,
1768610014.4957013,FORWARDED,1d250554-596b-473e-b37a-bad1e6816856,d295fbc2-05da-480a-ac93-8f588824c205,c2,c1,1025,?,x11,
1768610014.5381866,RECEIVED,47f67fa2-5f1a-4558-83a7-1e6fee35e524,a16db040-f21c-4984-a793-da517d70bb9f,c2,c1,1464,e8,?,
1768610014.64501,SENT,c8115be2-9371-4581-a7ba-ed79c624b0f2,022ddc24-e2b7-4ba2-9687-1dd18f47ddef,c3,c1,1015,?,x1,
1768610014.645061,FORWARDED,c8115be2-9371-4581-a7ba-ed79c624b0f2,022ddc24-e2b7-4ba2-9687-1dd18f47ddef,c3,c1,1015,?,x1,
1768610014.7673934,SENT,79b60172-69f2-4367-992e-72ed937d73b1,a81b7e79-a083-40b9-8b64-e2dd0c1eb147,c3,c2,1015,?,x9,
1768610014.7675219,FORWARDED,79b60172-69f2-4367-992e-72ed937d73b1,a81b7e79-a083-40b9-8b64-e2dd0c1eb147,c3,c2,1015,?,x9,
1768610014.8302422,RECEIVED,19448939-1a72-4f67-be6a-2389accfd207,01c61f4a-de4f-464d-b9b2-1509bcaa7444,c2,c3,1447,e12,?,
1768610014.912824,SENT,47f67fa2-5f1a-4558-83a7-1e6fee35e524,a16db040-f21c-4984-a793-da517d70bb9f,c2,c1,1024,?,x12,
1768610014.912868,FORWARDED,47f67fa2-5f1a-4558-83a7-1e6fee35e524,a16db040-f21c-4984-a793-da517d70bb9f,c2,c1,1024,?,x12,
1768610014.9774299,RECEIVED,d67017d3-12a1-4414-b5fc-46bbd6d93a53,5ab79b26-c45a-450f-b2f6-0d41f94a3f1e,c5,c2,1452,e1,?,
1768610015.0962617,SENT,d67017d3-12a1-4414-b5fc-46bbd6d93a53,5ab79b26-c45a-450f-b2f6-0d41f94a3f1e,c5,c2,1016,?,x10,
1768610015.0963037,FORWARDED,d67017d3-12a1-4414-b5fc-46bbd6d93a53,5ab79b26-c45a-450f-b2f6-0d41f94a3f1e,c5,c2,1016,?,x10,
1768610015.2020018,RECEIVED,6af3867b-1584-4106-aaa4-6b9bb11f5d2e,01e6d541-f03a-42c2-8dfc-3455969789a7,c5,c3,1452,e3,?,
1768610015.338701,RECEIVED,f8fbe4ab-9297-4608-a1c4-b1ac6fb16331,f4abae59-659c-432f-8b3f-be236ca3f2a2,c5,c1,1456,e1,?,
1768610015.340642,SENT,6af3867b-1584-4106-aaa4-6b9bb11f5d2e,01e6d541-f03a-42c2-8dfc-3455969789a7,c5,c3,1016,?,x8,
1768610015.3406837,FORWARDED,6af3867b-1584-4106-aaa4-6b9bb11f5d2e,01e6d541-f03a-42c2-8dfc-3455969789a7,c5,c3,1016,?,x8,
1768610015.4747145,SENT,19448939-1a72-4f67-be6a-2389accfd207,01c61f4a-de4f-464d-b9b2-1509bcaa7444,c2,c3,1012,?,x7,
1768610015.4747574,FORWARDED,19448939-1a72-4f67-be6a-2389accfd207,01c61f4a-de4f-464d-b9b2-1509bcaa7444,c2,c3,1012,?,x7,
1768610016.0577831,RECEIVED,51e84b7a-bf6c-4883-8f8e-6199d6afec56,74e6022a-23e6-462e-a91c-f4dad3de8c9b,c1,DROP,1007,e7,?,
1768610016.1024098,RECEIVED,1b875d36-d05e-4790-844a-e9dd49a740f2,7699ea92-f9fd-452f-8e44-61341c9a2ba1,c2,c3,1444,e8,?,
1768610016.1476195,SENT,f8fbe4ab-9297-4608-a1c4-b1ac6fb16331,f4abae59-659c-432f-8b3f-be236ca3f2a2,c5,c1,1019,?,x12,
1768610016.1476586,FORWARDED,f8fbe4ab-9297-4608-a1c4-b1ac6fb16331,f4abae59-659c-432f-8b3f-be236ca3f2a2,c5,c1,1019,?,x12,
1768610016.182232,SENT,1b875d36-d05e-4790-844a-e9dd49a740f2,7699ea92-f9fd-452f-8e44-61341c9a2ba1,c2,c3,1011,?,x6,
1768610016.182269,FORWARDED,1b875d36-d05e-4790-844a-e9dd49a740f2,7699ea92-f9fd-452f-8e44-61341c9a2ba1,c2,c3,1011,?,x6,
1768610016.259372,RECEIVED,afc8391c-f300-4045-bd2a-10e5da962962,79e7267d-9a6a-482b-8b11-0c57dca03e4e,c3,c2,1447,e7,?,
1768610016.4264576,SENT,51e84b7a-bf6c-4883-8f8e-6199d6afec56,74e6022a-23e6-462e-a91c-f4dad3de8c9b,c1,DROP,683,?,x4,
1768610016.4265027,FORWARDED,51e84b7a-bf6c-4883-8f8e-6199d6afec56,74e6022a-23e6-462e-a91c-f4dad3de8c9b,c1,DROP,683,?,x4,
1768610017.0326004,SENT,afc8391c-f300-4045-bd2a-10e5da962962,79e7267d-9a6a-482b-8b11-0c57dca03e4e,c3,c2,1012,?,x2,
1768610017.0326407,FORWARDED,afc8391c-f300-4045-bd2a-10e5da962962,79e7267d-9a6a-482b-8b11-0c57dca03e4e,c3,c2,1012,?,x2,
1768610017.0990338,RECEIVED,6e6e41ff-39a1-4f50-a16e-a52d0cdb3f23,08ea5486-7bc7-4db3-b92b-bb4306db6bce,c2,c4,1455,e12,?,
1768610017.4691372,SENT,6e6e41ff-39a1-4f50-a16e-a52d0cdb3f23,08ea5486-7bc7-4db3-b92b-bb4306db6bce,c2,c4,1020,?,x9,
1768610017.4691958,FORWARDED,6e6e41ff-39a1-4f50-a16e-a52d0cdb3f23,08ea5486-7bc7-4db3-b92b-bb4306db6bce,c2,c4,1020,?,x9,
1768610017.5871804,RECEIVED,49fb35d7-ae43-44c3-a0f7-4724cca70c3a,7cc51c35-7415-4bfc-bce2-ece287094830,c2,DROP,1007,e9,?,
1768610017.6334825,RECEIVED,118b8cd1-8623-4a67-9932-8e611dd821e9,e29c672d-9d2e-4da9-b185-d24717221639,c4,c1,1447,e4,?,
1768610017.7190366,SENT,118b8cd1-8623-4a67-9932-8e611dd821e9,e29c672d-9d2e-4da9-b185-d24717221639,c4,c1,1012,?,x1,
1768610017.719091,FORWARDED,118b8cd1-8623-4a67-9932-8e611dd821e9,e29c672d-9d2e-4da9-b185-d24717221639,c4,c1,1012,?,x1,
1768610018.2391925,RECEIVED,ed11993f-5dc9-498c-97cf-8604aadf4d37,a9d6d59c-9722-4754-a53e-1922f4de3aad,c5,c4,1442,e8,?,
1768610018.2743325,SENT,49fb35d7-ae43-44c3-a0f7-4724cca70c3a,7cc51c35-7415-4bfc-bce2-ece287094830,c2,DROP,683,?,x1,
1768610018.274372,FORWARDED,49fb35d7-ae43-44c3-a0f7-4724cca70c3a,7cc51c35-7415-4bfc-bce2-ece287094830,c2,DROP,683,?,x1,
1768610018.3286705,RECEIVED,00ddfb86-b567-47f1-97a0-d99b0c87f399,b451290d-48aa-4a8f-83bb-750a475ade76,c1,c2,1451,e2,?,
1768610018.3776362,SENT,00ddfb86-b567-47f1-97a0-d99b0c87f399,b451290d-48aa-4a8f-83bb-750a475ade76,c1,c2,1015,?,x1,
1768610018.3777525,FORWARDED,00ddfb86-b567-47f1-97a0-d99b0c87f399,b451290d-48aa-4a8f-83bb-750a475ade76,c1,c2,1015,?,x1,
1768610018.8187768,RECEIVED,0ae37b2a-1074-4530-89f6-9455662159ac,c7378a05-3361-4120-8ab4-5f9754a86a15,c4,c1,1442,e3,?,
1768610019.6293826,RECEIVED,449a66a6-46ed-48b3-9b4c-3aab713a7734,7f73728a-09e5-43fb-af9a-5acaa945b0dc,c3,c2,1448,e8,?,
1768610019.9527447,SENT,449a66a6-46ed-48b3-9b4c-3aab713a7734,7f73728a-09e5-43fb-af9a-5acaa945b0dc,c3,c2,1012,?,x7,
1768610019.9527845,FORWARDED,449a66a6-46ed-48b3-9b4c-3aab713a7734,7f73728a-09e5-43fb-af9a-5acaa945b0dc,c3,c2,1012,?,x7,
1768610020.0314243,RECEIVED,c4def1ac-8357-437e-a692-977974322ea5,4c0475ca-259d-4f2a-b84d-ed58a9047790,c1,c4,1458,e10,?,
1768610020.094672,SENT,c4def1ac-8357-437e-a692-977974322ea5,4c0475ca-259d-4f2a-b84d-ed58a9047790,c1,c4,1019,?,x11,
1768610020.0947876,FORWARDED,c4def1ac-8357-437e-a692-977974322ea5,4c0475ca-259d-4f2a-b84d-ed58a9047790,c1,c4,1019,?,x11,
1768610020.2351673,RECEIVED,5aca6f56-08a0-4e79-8556-c1b6c8ae93c8,7313ded1-1258-46e2-a8ee-eb8dfcae8061,c5,c1,1456,e12,?,
1768610020.395871,SENT,5aca6f56-08a0-4e79-8556-c1b6c8ae93c8,7313ded1-1258-46e2-a8ee-eb8dfcae8061,c5,c1,1019,?,x6,
1768610020.3959093,FORWARDED,5aca6f56-08a0-4e79-8556-c1b6c8ae93c8,7313ded1-1258-46e2-a8ee-eb8dfcae8061,c5,c1,1019,?,x6,
1768610020.9506736,SENT,0ae37b2a-1074-4530-89f6-9455662159ac,c7378a05-3361-4120-8ab4-5f9754a86a15,c4,c1,1011,?,x2,
1768610020.9507167,FORWARDED,0ae37b2a-1074-4530-89f6-9455662159ac,c7378a05-3361-4120-8ab4-5f9754a86a15,c4,c1,1011,?,x2,
1768610021.0024507,RECEIVED,d280266b-a5e7-46b2-b778-5a89f128e720,81ccfb2f-149a-4f77-bce4-b7d7f24e0ffb,c3,c2,1455,e10,?,
1768610021.0772552,SENT,ed11993f-5dc9-498c-97cf-8604aadf4d37,a9d6d59c-9722-4754-a53e-1922f4de3aad,c5,c4,1011,?,x3,
1768610021.0772972,FORWARDED,ed11993f-5dc9-498c-97cf-8604aadf4d37,a9d6d59c-9722-4754-a53e-1922f4de3aad,c5,c4,1011,?,x3,
1768610021.5597794,RECEIVED,2df361c6-1cb9-4163-ab88-3d2b01bf363b,63c6c60b-c834-4770-9c9d-8ec27f617450,c1,DROP,1007,e12,?,
1768610021.848808,RECEIVED,f875d67e-facc-4329-ad5a-f3ef8188278b,c0be10bc-ca8e-42e6-9aca-1b0098665089,c3,c1,1463,e12,?,
1768610021.9074693,RECEIVED,3970238f-7bcd-49ae-9f64-c298e04ee2a5,4684b80e-2d4e-40db-820c-cdc992f08629,c1,c3,1451,e8,?,
1768610021.9127338,SENT,d280266b-a5e7-46b2-b778-5a89f128e720,81ccfb2f-149a-4f77-bce4-b7d7f24e0ffb,c3,c2,1020,?,x3,
1768610021.9127774,FORWARDED,d280266b-a5e7-46b2-b778-5a89f128e720,81ccfb2f-149a-4f77-bce4-b7d7f24e0ffb,c3,c2,1020,?,x3,
1768610021.9688547,RECEIVED,38a456d3-47c0-4dae-ad62-e574b1a8e65d,65a0ac8b-68bf-4998-b157-2315b4d88517,c2,c3,1451,e7,?,
1768610022.263813,SENT,2df361c6-1cb9-4163-ab88-3d2b01bf363b,63c6c60b-c834-4770-9c9d-8ec27f617450,c1,DROP,682,?,x3,
1768610022.2638683,FORWARDED,2df361c6-1cb9-4163-ab88-3d2b01bf363b,63c6c60b-c834-4770-9c9d-8ec27f617450,c1,DROP,682,?,x3,
1768610022.416314,SENT,3970238f-7bcd-49ae-9f64-c298e04ee2a5,4684b80e-2d4e-40db-820c-cdc992f08629,c1,c3,1016,?,x5,
1768610022.416355,FORWARDED,3970238f-7bcd-49ae-9f64-c298e04ee2a5,4684b80e-2d4e-40db-820c-cdc992f08629,c1,c3,1016,?,x5,
1768610022.5004988,RECEIVED,38117bae-8fa9-4ea1-9fb4-dfcd213831a0,f40985e0-0cb0-479a-a412-61b0336a8231,c2,c5,1456,e12,?,
1768610022.5416894,SENT,38a456d3-47c0-4dae-ad62-e574b1a8e65d,65a0ac8b-68bf-4998-b157-2315b4d88517,c2,c3,1016,?,x9,
1768610022.5417309,FORWARDED,38a456d3-47c0-4dae-ad62-e574b1a8e65d,65a0ac8b-68bf-4998-b157-2315b4d88517,c2,c3,1016,?,x9,
1768610022.6574814,SENT,38117bae-8fa9-4ea1-9fb4-dfcd213831a0,f40985e0-0cb0-479a-a412-61b0336a8231,c2,c5,1019,?,x9,
1768610022.6575167,FORWARDED,38117bae-8fa9-4ea1-9fb4-dfcd213831a0,f40985e0-0cb0-479a-a412-61b0336a8231,c2,c5,1019,?,x9,
1768610022.8552842,RECEIVED,12c039d9-dc0c-46ea-824d-c749252def9b,5f0832eb-f95b-4bcf-b1ab-fc112f7303ad,c4,c3,1465,e8,?,
1768610023.1892378,SENT,12c039d9-dc0c-46ea-824d-c749252def9b,5f0832eb-f95b-4bcf-b1ab-fc112f7303ad,c4,c3,1025,?,x10,
1768610023.189278,FORWARDED,12c039d9-dc0c-46ea-824d-c749252def9b,5f0832eb-f95b-4bcf-b1ab-fc112f7303ad,c4,c3,1025,?,x10,
1768610023.2554097,RECEIVED,0c59ac95-3d43-477c-bab6-b95cc05695fd,487ba82a-f364-47c0-98fc-071e7dd9152b,c1,c3,1452,e1,?,
1768610023.3751068,SENT,0c59ac95-3d43-477c-bab6-b95cc05695fd,487ba82a-f364-47c0-98fc-071e7dd9152b,c1,c3,1015,?,x1,
1768610023.3751488,FORWARDED,0c59ac95-3d43-477c-bab6-b95cc05695fd,487ba82a-f364-47c0-98fc-071e7dd9152b,c1,c3,1015,?,x1,
1768610023.4712434,RECEIVED,2654a441-954e-45e6-a773-cb12a5e31760,5838e684-47e4-4530-8dd0-d58d2dfc0d50,c4,DROP,1007,e1,?,
1768610023.5989954,RECEIVED,7916682d-5bc3-4c94-8a79-fa5733525ebe,2161e77d-bc96-4618-95d0-92a1603add59,c4,c2,1468,e12,?,
1768610023.6847394,SENT,7916682d-5bc3-4c94-8a79-fa5733525ebe,2161e77d-bc96-4618-95d0-92a1603add59,c4,c2,1027,?,x9,
1768610023.6847818,FORWARDED,7916682d-5bc3-4c94-8a79-fa5733525ebe,2161e77d-bc96-4618-95d0-92a1603add59,c4,c2,1027,?,x9,
1768610023.742129,SENT,f875d67e-facc-4329-ad5a-f3ef8188278b,c0be10bc-ca8e-42e6-9aca-1b0098665089,c3,c1,1024,?,x8,
1768610023.7421713,FORWARDED,f875d67e-facc-4329-ad5a-f3ef8188278b,c0be10bc-ca8e-42e6-9aca-1b0098665089,c3,c1,1024,?,x8,
1768610023.8723793,RECEIVED,c647e839-1dbe-4f1d-8c1a-165f03ac1f32,ea3434c2-1555-4c7f-99c7-4a2f87c17b59,c2,c3,1443,e5,?,
1768610024.0239537,RECEIVED,1f2f4fd8-498f-4cb2-a4ff-4b3dd72038dd,eb29b01d-cb1b-4858-9fec-ac99746127fe,c5,c1,1444,e9,?,
1768610024.0283976,RECEIVED,47141d3e-6c0b-448a-8543-95fecec8cac6,c7264538-9690-4070-a7a9-26f74b93064a,c3,c4,1451,e9,?,
1768610024.2065058,SENT,2654a441-954e-45e6-a773-cb12a5e31760,5838e684-47e4-4530-8dd0-d58d2dfc0d50,c4,DROP,684,?,x1,
1768610024.2065592,FORWARDED,2654a441-954e-45e6-a773-cb12a5e31760,5838e684-47e4-4530-8dd0-d58d2dfc0d50,c4,DROP,684,?,x1,
1768610024.2571573,SENT,c647e839-1dbe-4f1d-8c1a-165f03ac1f32,ea3434c2-1555-4c7f-99c7-4a2f87c17b59,c2,c3,1011,?,x12,
1768610024.257199,FORWARDED,c647e839-1dbe-4f1d-8c1a-165f03ac1f32,ea3434c2-1555-4c7f-99c7-4a2f87c17b59,c2,c3,1011,?,x12,
1768610024.266947,SENT,1f2f4fd8-498f-4cb2-a4ff-4b3dd72038dd,eb29b01d-cb1b-4858-9fec-ac99746127fe,c5,c1,1009,?,x4,
1768610024.2669873,FORWARDED,1f2f4fd8-498f-4cb2-a4ff-4b3dd72038dd,eb29b01d-cb1b-4858-9fec-ac99746127fe,c5,c1,1009,?,x4,
1768610024.5198243,SENT,47141d3e-6c0b-448a-8543-95fecec8cac6,c7264538-9690-4070-a7a9-26f74b93064a,c3,c4,1015,?,x8,
1768610024.519869,FORWARDED,47141d3e-6c0b-448a-8543-95fecec8cac6,c7264538-9690-4070-a7a9-26f74b93064a,c3,c4,1015,?,x8,
1768610024.7411242,RECEIVED,3a9a0bf5-e850-47cf-9487-e3e176706ffb,827664bc-0e4c-490c-9b9e-3d0174789959,c3,DROP,1015,e11,?,
1768610024.9426172,RECEIVED,3f0b7157-3c31-4759-b431-7d94844b014d,55e27e6d-9adb-4f57-a505-2698c176f36e,c5,c1,1448,e3,?,
1768610025.0941033,SENT,3f0b7157-3c31-4759-b431-7d94844b014d,55e27e6d-9adb-4f57-a505-2698c176f36e,c5,c1,1012,?,x9,
1768610025.094147,FORWARDED,3f0b7157-3c31-4759-b431-7d94844b014d,55e27e6d-9adb-4f57-a505-2698c176f36e,c5,c1,1012,?,x9,
1768610025.1316354,RECEIVED,f625429e-e326-49b9-94b0-f6df7ebfd2e3,f0dcecdb-c957-4126-b45d-ddfc16b5ab97,c4,DROP,1013,e1,?,
1768610025.1990128,SENT,f625429e-e326-49b9-94b0-f6df7ebfd2e3,f0dcecdb-c957-4126-b45d-ddfc16b5ab97,c4,DROP,688,?,x2,
1768610025.199066,FORWARDED,f625429e-e326-49b9-94b0-f6df7ebfd2e3,f0dcecdb-c957-4126-b45d-ddfc16b5ab97,c4,DROP,688,?,x2,
1768610025.5892487,RECEIVED,7ce05c1c-09af-4e3c-9fe8-02f49d432e8d,6757974e-11e9-4d75-a36b-e322099832cc,c4,DROP,1015,e3,?,
1768610026.0259356,SENT,7ce05c1c-09af-4e3c-9fe8-02f49d432e8d,6757974e-11e9-4d75-a36b-e322099832cc,c4,DROP,689,?,x6,
1768610026.0259833,FORWARDED,7ce05c1c-09af-4e3c-9fe8-02f49d432e8d,6757974e-11e9-4d75-a36b-e322099832cc,c4,DROP,689,?,x6,
1768610026.4421072,SENT,3a9a0bf5-e850-47cf-9487-e3e176706ffb,827664bc-0e4c-490c-9b9e-3d0174789959,c3,DROP,688,?,x2,
1768610026.4421537,FORWARDED,3a9a0bf5-e850-47cf-9487-e3e176706ffb,827664bc-0e4c-490c-9b9e-3d0174789959,c3,DROP,688,?,x2,
1768610026.5565915,RECEIVED,4de62ada-23be-47db-9917-8e2deb803dad,58509cac-d031-46a9-aa91-c07c9e6bb90a,c1,DROP,1007,e6,?,
1768610026.9862165,RECEIVED,7a1b75b6-63ed-41c6-891a-91a78fdf228f,27a4c595-32e7-4e60-baf0-1bee42c6f3b4,c4,c1,1452,e12,?,
1768610027.1492224,RECEIVED,55112d85-5a9f-4392-adfa-c923678dade7,05165795-aaef-464a-8cbe-c3da3c84f5ef,c3,DROP,1008,e2,?,
1768610027.2526658,SENT,7a1b75b6-63ed-41c6-891a-91a78fdf228f,27a4c595-32e7-4e60-baf0-1bee42c6f3b4,c4,c1,1016,?,x1,
1768610027.2527137,FORWARDED,7a1b75b6-63ed-41c6-891a-91a78fdf228f,27a4c595-32e7-4e60-baf0-1bee42c6f3b4,c4,c1,1016,?,x1,
1768610027.2883098,SENT,4de62ada-23be-47db-9917-8e2deb803dad,58509cac-d031-46a9-aa91-c07c9e6bb90a,c1,DROP,683,?,x2,
1768610027.2883565,FORWARDED,4de62ada-23be-47db-9917-8e2deb803dad,58509cac-d031-46a9-aa91-c07c9e6bb90a,c1,DROP,683,?,x2,
1768610027.445818,SENT,55112d85-5a9f-4392-adfa-c923678dade7,05165795-aaef-464a-8cbe-c3da3c84f5ef,c3,DROP,684,?,x6,
1768610027.4458668,FORWARDED,55112d85-5a9f-4392-adfa-c923678dade7,05165795-aaef-464a-8cbe-c3da3c84f5ef,c3,DROP,684,?,x6,
1768610027.8114278,RECEIVED,3562da61-1a44-4b5c-a0f1-f530260d8a60,b2a95618-c7cb-44d5-9776-e701131b5242,c2,c3,1469,e3,?,
1768610027.949925,SENT,3562da61-1a44-4b5c-a0f1-f530260d8a60,b2a95618-c7cb-44d5-9776-e701131b5242,c2,c3,1027,?,x10,
1768610027.9499688,FORWARDED,3562da61-1a44-4b5c-a0f1-f530260d8a60,b2a95618-c7cb-44d5-9776-e701131b5242,c2,c3,1027,?,x10,
1768610027.9552608,RECEIVED,76bc13b7-3acc-47cf-9992-49e3b8a15bf6,8c67fd57-051b-4808-9a1d-7f2dce32f4ad,c1,c4,1456,e7,?,
1768610028.0179827,RECEIVED,cf12dc6f-ae53-4bbd-9e14-a7104d481955,e6bf4248-dcf6-469e-83ac-0afc7e46b00f,c2,c3,1451,e9,?,
1768610028.1854143,RECEIVED,8ab2a508-1ab3-42c0-b851-5bf24f7418fd,2f30df4e-0a15-4286-941e-f5b2c0d95640,c3,c5,1451,e2,?,
1768610028.6721997,SENT,8ab2a508-1ab3-42c0-b851-5bf24f7418fd,2f30df4e-0a15-4286-941e-f5b2c0d95640,c3,c5,1016,?,x10,
1768610028.6722426,FORWARDED,8ab2a508-1ab3-42c0-b851-5bf24f7418fd,2f30df4e-0a15-4286-941e-f5b2c0d95640,c3,c5,1016,?,x10,
1768610028.685629,RECEIVED,d15c6279-1592-4c0f-9f33-f65227d0f59b,c15a6b84-6e9a-4264-a1da-ff11156487a4,c5,c3,1452,e9,?,
1768610028.7451053,SENT,cf12dc6f-ae53-4bbd-9e14-a7104d481955,e6bf4248-dcf6-469e-83ac-0afc7e46b00f,c2,c3,1016,?,x1,
1768610028.7451448,FORWARDED,cf12dc6f-ae53-4bbd-9e14-a7104d481955,e6bf4248-dcf6-469e-83ac-0afc7e46b00f,c2,c3,1016,?,x1,
1768610028.8559542,SENT,76bc13b7-3acc-47cf-9992-49e3b8a15bf6,8c67fd57-051b-4808-9a1d-7f2dce32f4ad,c1,c4,1018,?,x11,
1768610028.8559973,FORWARDED,76bc13b7-3acc-47cf-9992-49e3b8a15bf6,8c67fd57-051b-4808-9a1d-7f2dce32f4ad,c1,c4,1018,?,x11,
1768610028.9274101,SENT,d15c6279-1592-4c0f-9f33-f65227d0f59b,c15a6b84-6e9a-4264-a1da-ff11156487a4,c5,c3,1015,?,x9,
1768610028.927452,FORWARDED,d15c6279-1592-4c0f-9f33-f65227d0f59b,c15a6b84-6e9a-4264-a1da-ff11156487a4,c5,c3,1015,?,x9,
1768610029.554973,RECEIVED,1be5d241-4758-46e4-8208-f5f22e400c95,33e27e49-b35a-4560-8d4c-77473a97a18d,c4,c1,1442,e8,?,
1768610030.5395627,RECEIVED,d34d18f9-889d-48be-9716-d2d6aef164ab,4c4b0aeb-1f8a-4323-b945-b5176077018a,c2,c4,1452,e3,?,
1768610030.6970348,SENT,1be5d241-4758-46e4-8208-f5f22e400c95,33e27e49-b35a-4560-8d4c-77473a97a18d,c4,c1,1011,?,x6,
1768610030.6971028,FORWARDED,1be5d241-4758-46e4-8208-f5f22e400c95,33e27e49-b35a-4560-8d4c-77473a97a18d,c4,c1,1011,?,x6,
1768610030.939919,SENT,d34d18f9-889d-48be-9716-d2d6aef164ab,4c4b0aeb-1f8a-4323-b945-b5176077018a,c2,c4,1015,?,x9,
1768610030.9399583,FORWARDED,d34d18f9-889d-48be-9716-d2d6aef164ab,4c4b0aeb-1f8a-4323-b945-b5176077018a,c2,c4,1015,?,x9,
1768610030.9469857,RECEIVED,0fc9dc01-eaa6-4ce5-946d-3bf2fb6c2cfb,12031e97-e572-4ca5-a417-51abb804f811,c1,c4,1452,e5,?,
1768610030.9507005,RECEIVED,a6f32fe7-dc76-42f2-9f12-80ec85e78d72,0122a2d1-60d9-4f05-9404-b301741cc09d,c3,DROP,441,x8,?,
1768610030.9777772,SENT,0fc9dc01-eaa6-4ce5-946d-3bf2fb6c2cfb,12031e97-e572-4ca5-a417-51abb804f811,c1,c4,1016,?,x9,
1768610030.9778202,FORWARDED,0fc9dc01-eaa6-4ce5-946d-3bf2fb6c2cfb,12031e97-e572-4ca5-a417-51abb804f811,c1,c4,1016,?,x9,
1768610032.0831132,RECEIVED,936ed6aa-2069-4fb3-a593-5f848ce1a4a7,a1e64908-55d6-4d9d-83ca-82a1c528da66,c1,c3,1443,e9,?,
1768610032.1555724,RECEIVED,5a610774-937e-497c-86b6-5ec06dc34843,6aacf4f3-c79f-42a5-b012-1b1eaaf420de,c1,DROP,1008,e1,?,
1768610032.4607542,SENT,5a610774-937e-497c-86b6-5ec06dc34843,6aacf4f3-c79f-42a5-b012-1b1eaaf420de,c1,DROP,683,?,x9,
1768610032.460795,FORWARDED,5a610774-937e-497c-86b6-5ec06dc34843,6aacf4f3-c79f-42a5-b012-1b1eaaf420de,c1,DROP,683,?,x9,
1768610032.570109,RECEIVED,2ad8a634-8156-4a5a-bfd2-dc3d0b6f717f,d580f1bb-eec8-463b-a032-75ee313a991d,c2,DROP,1008,e3,?,
1768610032.648966,SENT,936ed6aa-2069-4fb3-a593-5f848ce1a4a7,a1e64908-55d6-4d9d-83ca-82a1c528da66,c1,c3,1011,?,x3,
1768610032.6490061,FORWARDED,936ed6aa-2069-4fb3-a593-5f848ce1a4a7,a1e64908-55d6-4d9d-83ca-82a1c528da66,c1,c3,1011,?,x3,
1768610032.7944655,SENT,2ad8a634-8156-4a5a-bfd2-dc3d0b6f717f,d580f1bb-eec8-463b-a032-75ee313a991d,c2,DROP,683,?,x1,
1768610032.794516,FORWARDED,2ad8a634-8156-4a5a-bfd2-dc3d0b6f717f,d580f1bb-eec8-463b-a032-75ee313a991d,c2,DROP,683,?,x1,
1768610033.4679823,RECEIVED,11a0d21a-8275-4c85-bd0a-ba607bb994ae,84798696-256d-4f3c-a145-d4b83ee0928d,c4,c3,1452,e11,?,
1768610033.8321126,RECEIVED,28e1fbde-9a24-40bd-b461-a3655234f8b5,48ad3d62-822b-40a7-8c6c-e3798b8edd40,c3,c4,1447,e9,?,
1768610033.8458948,RECEIVED,7c788618-816b-4b20-898f-29837ace14cb,4c89aebe-bffa-4ac4-9464-8354084417d1,c5,c2,1444,e3,?,
1768610033.891604,RECEIVED,ff9c9f58-d564-4f82-a4c5-073d302a7e00,b92b749d-8968-4bdd-b308-53ced927393a,c1,DROP,1020,e5,?,
1768610033.906892,SENT,11a0d21a-8275-4c85-bd0a-ba607bb994ae,84798696-256d-4f3c-a145-d4b83ee0928d,c4,c3,1015,?,x9,
1768610033.906933,FORWARDED,11a0d21a-8275-4c85-bd0a-ba607bb994ae,84798696-256d-4f3c-a145-d4b83ee0928d,c4,c3,1015,?,x9,
1768610033.9337242,SENT,28e1fbde-9a24-40bd-b461-a3655234f8b5,48ad3d62-822b-40a7-8c6c-e3798b8edd40,c3,c4,1014,?,x6,
1768610033.9337673,FORWARDED,28e1fbde-9a24-40bd-b461-a3655234f8b5,48ad3d62-822b-40a7-8c6c-e3798b8edd40,c3,c4,1014,?,x6,
1768610033.9363503,SENT,7c788618-816b-4b20-898f-29837ace14cb,4c89aebe-bffa-4ac4-9464-8354084417d1,c5,c2,1011,?,x5,
1768610033.936393,FORWARDED,7c788618-816b-4b20-898f-29837ace14cb,4c89aebe-bffa-4ac4-9464-8354084417d1,c5,c2,1011,?,x5,
1768610033.9414413,RECEIVED,4b5063cf-47c5-4534-b31c-333464de1a64,5d91c151-2e9b-4c9b-b8ce-24fb36298f51,c1,c3,1448,e8,?,
1768610033.9786212,RECEIVED,34dd521c-23db-4eb4-a911-022e15426c14,5301f186-5a68-49c1-acae-7def3068421c,c4,c1,1462,e10,?,
1768610034.0847945,RECEIVED,11b266db-5aad-46d8-84d5-30cc36f92622,fe281e7d-2263-440c-b4d9-c1f53073de17,c1,c4,1448,e10,?,
1768610034.2405314,SENT,34dd521c-23db-4eb4-a911-022e15426c14,5301f186-5a68-49c1-acae-7def3068421c,c4,c1,1024,?,x7,
1768610034.240575,FORWARDED,34dd521c-23db-4eb4-a911-022e15426c14,5301f186-5a68-49c1-acae-7def3068421c,c4,c1,1024,?,x7,
1768610034.4081807,SENT,11b266db-5aad-46d8-84d5-30cc36f92622,fe281e7d-2263-440c-b4d9-c1f53073de17,c1,c4,1012,?,x7,
1768610034.4082212,FORWARDED,11b266db-5aad-46d8-84d5-30cc36f92622,fe281e7d-2263-440c-b4d9-c1f53073de17,c1,c4,1012,?,x7,
1768610034.5922966,RECEIVED,5b09d847-5059-46b0-9247-88656032ad63,e73e409a-edd3-4842-94b7-325da3b64dd5,c2,c5,1451,e1,?,
1768610035.188583,SENT,5b09d847-5059-46b0-9247-88656032ad63,e73e409a-edd3-4842-94b7-325da3b64dd5,c2,c5,1016,?,x9,
1768610035.1886253,FORWARDED,5b09d847-5059-46b0-9247-88656032ad63,e73e409a-edd3-4842-94b7-325da3b64dd5,c2,c5,1016,?,x9,
1768610035.6182358,SENT,4b5063cf-47c5-4534-b31c-333464de1a64,5d91c151-2e9b-4c9b-b8ce-24fb36298f51,c1,c3,1012,?,x10,
1768610035.618277,FORWARDED,4b5063cf-47c5-4534-b31c-333464de1a64,5d91c151-2e9b-4c9b-b8ce-24fb36298f51,c1,c3,1012,?,x10,
1768610035.6848428,RECEIVED,61d51736-3a66-4999-a12d-7b3214e20bb3,45fa7cbf-7faf-4cb9-8c6d-595ef6836d90,c2,c3,1455,e7,?,
1768610035.9543374,SENT,ff9c9f58-d564-4f82-a4c5-073d302a7e00,b92b749d-8968-4bdd-b308-53ced927393a,c1,DROP,692,?,x12,
1768610035.9543772,FORWARDED,ff9c9f58-d564-4f82-a4c5-073d302a7e00,b92b749d-8968-4bdd-b308-53ced927393a,c1,DROP,692,?,x12,
1768610036.0565557,RECEIVED,96687ccf-554a-49da-8ca6-286655710d8e,95173253-4e6e-4ddf-b54c-a2440ee27613,c4,c3,1452,e4,?,
1768610036.0811965,RECEIVED,6ee36549-1ac6-4d7c-843e-51b566557ff4,17d94299-bb78-459a-b049-4ee0b4b832d6,c2,c3,1452,e9,?,
1768610036.158003,SENT,6ee36549-1ac6-4d7c-843e-51b566557ff4,17d94299-bb78-459a-b049-4ee0b4b832d6,c2,c3,1015,?,x2,
1768610036.1581125,FORWARDED,6ee36549-1ac6-4d7c-843e-51b566557ff4,17d94299-bb78-459a-b049-4ee0b4b832d6,c2,c3,1015,?,x2,
1768610036.2713728,SENT,96687ccf-554a-49da-8ca6-286655710d8e,95173253-4e6e-4ddf-b54c-a2440ee27613,c4,c3,1015,?,x11,
1768610036.2714152,FORWARDED,96687ccf-554a-49da-8ca6-286655710d8e,95173253-4e6e-4ddf-b54c-a2440ee27613,c4,c3,1015,?,x11,
1768610036.3363702,SENT,61d51736-3a66-4999-a12d-7b3214e20bb3,45fa7cbf-7faf-4cb9-8c6d-595ef6836d90,c2,c3,1019,?,x2,
1768610036.3364108,FORWARDED,61d51736-3a66-4999-a12d-7b3214e20bb3,45fa7cbf-7faf-4cb9-8c6d-595ef6836d90,c2,c3,1019,?,x2,
1768610036.5944645,RECEIVED,3a9d70f7-256e-44dd-a9f9-613c61fd3d55,73216735-0cf1-44ca-b40c-b5c4f962fc22,c1,c5,1443,e1,?,
1768610036.6279016,RECEIVED,0e40ca47-933c-40a5-81c7-9894cfc029f3,7c10b0ba-eacd-4474-b756-061bb72f50c0,c3,c1,1448,e3,?,
1768610036.816698,SENT,0e40ca47-933c-40a5-81c7-9894cfc029f3,7c10b0ba-eacd-4474-b756-061bb72f50c0,c3,c1,1012,?,x3,
1768610036.816736,FORWARDED,0e40ca47-933c-40a5-81c7-9894cfc029f3,7c10b0ba-eacd-4474-b756-061bb72f50c0,c3,c1,1012,?,x3,
1768610037.4260664,RECEIVED,d5c3a370-4a8e-4eda-8d9e-4cb41469d5cb,39706351-b5da-4b69-b843-0ecb89af948e,c4,DROP,1008,e11,?,
1768610037.6298125,RECEIVED,fcd66795-40af-4bb6-9f13-03651121060c,574a19fd-4364-4d29-affa-ad733973ed77,c3,c5,1444,e4,?,
1768610037.6583953,SENT,3a9d70f7-256e-44dd-a9f9-613c61fd3d55,73216735-0cf1-44ca-b40c-b5c4f962fc22,c1,c5,1011,?,x4,
1768610037.6584377,FORWARDED,3a9d70f7-256e-44dd-a9f9-613c61fd3d55,73216735-0cf1-44ca-b40c-b5c4f962fc22,c1,c5,1011,?,x4,
1768610037.6809223,SENT,fcd66795-40af-4bb6-9f13-03651121060c,574a19fd-4364-4d29-affa-ad733973ed77,c3,c5,1011,?,x5,
1768610037.6809728,FORWARDED,fcd66795-40af-4bb6-9f13-03651121060c,574a19fd-4364-4d29-affa-ad733973ed77,c3,c5,1011,?,x5,
1768610037.7215488,SENT,d5c3a370-4a8e-4eda-8d9e-4cb41469d5cb,39706351-b5da-4b69-b843-0ecb89af948e,c4,DROP,683,?,x4,
1768610037.7215903,FORWARDED,d5c3a370-4a8e-4eda-8d9e-4cb41469d5cb,39706351-b5da-4b69-b843-0ecb89af948e,c4,DROP,683,?,x4,
1768610037.8528442,RECEIVED,5426209a-c8c6-4843-b017-d76f5e4455ab,49765335-1ed3-46bc-978c-e8f36a99677a,c4,DROP,1003,e8,?,
1768610038.0037565,RECEIVED,e2889bbe-ddb4-467f-ae70-c29ebc9dac2c,c126030e-d8d1-4ab1-974f-c517194dae02,c3,c2,1458,e9,?,
1768610038.0554605,SENT,e2889bbe-ddb4-467f-ae70-c29ebc9dac2c,c126030e-d8d1-4ab1-974f-c517194dae02,c3,c2,1019,?,x11,
1768610038.055502,FORWARDED,e2889bbe-ddb4-467f-ae70-c29ebc9dac2c,c126030e-d8d1-4ab1-974f-c517194dae02,c3,c2,1019,?,x11,
1768610038.3959427,RECEIVED,36c6974b-ab4e-401b-bcc2-6395f4b5ca81,9acbb552-cf38-4560-ac51-0545f89f3b33,c3,DROP,441,x8,?,
1768610038.4219103,RECEIVED,20c601dc-e88f-4cf5-aab5-6fbb6919ac2f,785b8b4f-e27f-40f4-a021-333e95688653,c1,c2,1451,e6,?,
1768610038.567158,SENT,5426209a-c8c6-4843-b017-d76f5e4455ab,49765335-1ed3-46bc-978c-e8f36a99677a,c4,DROP,679,?,x6,
1768610038.5671983,FORWARDED,5426209a-c8c6-4843-b017-d76f5e4455ab,49765335-1ed3-46bc-978c-e8f36a99677a,c4,DROP,679,?,x6,
1768610038.8805377,RECEIVED,49ccc57d-2d91-430b-acad-b992ad28d0e9,571ae78b-12c7-48f1-9703-82aedafc34b2,c2,c4,1443,e11,?,
1768610039.2377017,RECEIVED,5721a490-1343-4e73-a946-f938cc9c0dad,277c9718-667d-4f16-9a49-ad0e87e00ebb,c1,c4,1451,e7,?,
1768610039.2653334,RECEIVED,0693ac9f-858f-4fb1-b35a-f53f4f16f60a,ee1252b1-9e3c-4a44-8f3b-590f5b8aba38,c3,c4,1451,e10,?,
1768610039.2917688,SENT,20c601dc-e88f-4cf5-aab5-6fbb6919ac2f,785b8b4f-e27f-40f4-a021-333e95688653,c1,c2,1015,?,x7,
1768610039.2918067,FORWARDED,20c601dc-e88f-4cf5-aab5-6fbb6919ac2f,785b8b4f-e27f-40f4-a021-333e95688653,c1,c2,1015,?,x7,
1768610039.3023725,SENT,49ccc57d-2d91-430b-acad-b992ad28d0e9,571ae78b-12c7-48f1-9703-82aedafc34b2,c2,c4,1010,?,x8,
1768610039.3024082,FORWARDED,49ccc57d-2d91-430b-acad-b992ad28d0e9,571ae78b-12c7-48f1-9703-82aedafc34b2,c2,c4,1010,?,x8,
1768610039.4009228,RECEIVED,936ea037-d83d-4f3a-99bc-912bcb5c78e0,12bf3c68-9956-4f85-b65c-e10cfa9c7bcd,c3,c4,1444,e6,?,
1768610039.4668758,RECEIVED,3ebfafd4-d104-4411-bca7-4bdb83075bd1,d8f498d0-cc50-434e-9c26-640948ff605d,c5,c4,1444,e4,?,
1768610039.5439482,RECEIVED,3293e335-7998-4e46-bd15-c99ef66a0bd4,350048b7-c107-4288-961e-6365addd6713,c4,c2,1451,e2,?,
1768610039.575733,SENT,936ea037-d83d-4f3a-99bc-912bcb5c78e0,12bf3c68-9956-4f85-b65c-e10cfa9c7bcd,c3,c4,1011,?,x7,
1768610039.5757766,FORWARDED,936ea037-d83d-4f3a-99bc-912bcb5c78e0,12bf3c68-9956-4f85-b65c-e10cfa9c7bcd,c3,c4,1011,?,x7,
1768610039.7573671,SENT,3ebfafd4-d104-4411-bca7-4bdb83075bd1,d8f498d0-cc50-434e-9c26-640948ff605d,c5,c4,1011,?,x5,
1768610039.757405,FORWARDED,3ebfafd4-d104-4411-bca7-4bdb83075bd1,d8f498d0-cc50-434e-9c26-640948ff605d,c5,c4,1011,?,x5,
1768610039.8286557,SENT,3293e335-7998-4e46-bd15-c99ef66a0bd4,350048b7-c107-4288-961e-6365addd6713,c4,c2,1015,?,x9,
1768610039.8288927,FORWARDED,3293e335-7998-4e46-bd15-c99ef66a0bd4,350048b7-c107-4288-961e-6365addd6713,c4,c2,1015,?,x9,
1768610039.8413827,RECEIVED,a7f0aea8-4fd0-4bad-b690-05ad7d055f9c,ebc8d479-7d37-422b-9772-243f16f99208,c1,c2,1444,e4,?,
1768610039.8559349,SENT,0693ac9f-858f-4fb1-b35a-f53f4f16f60a,ee1252b1-9e3c-4a44-8f3b-590f5b8aba38,c3,c4,1016,?,x9,
1768610039.85597,FORWARDED,0693ac9f-858f-4fb1-b35a-f53f4f16f60a,ee1252b1-9e3c-4a44-8f3b-590f5b8aba38,c3,c4,1016,?,x9,
1768610039.9871016,SENT,a7f0aea8-4fd0-4bad-b690-05ad7d055f9c,ebc8d479-7d37-422b-9772-243f16f99208,c1,c2,1010,?,x7,
1768610039.9872212,FORWARDED,a7f0aea8-4fd0-4bad-b690-05ad7d055f9c,ebc8d479-7d37-422b-9772-243f16f99208,c1,c2,1010,?,x7,
1768610040.5643597,RECEIVED,ba20cff9-6b6d-4d9f-8edc-1f9fcf3f72a3,5d6d4447-9e89-4d54-9adf-3a37bb9a9118,c1,c2,1463,e12,?,
1768610040.6819725,SENT,ba20cff9-6b6d-4d9f-8edc-1f9fcf3f72a3,5d6d4447-9e89-4d54-9adf-3a37bb9a9118,c1,c2,1024,?,x7,
1768610040.6820145,FORWARDED,ba20cff9-6b6d-4d9f-8edc-1f9fcf3f72a3,5d6d4447-9e89-4d54-9adf-3a37bb9a9118,c1,c2,1024,?,x7,
1768610040.8337908,SENT,5721a490-1343-4e73-a946-f938cc9c0dad,277c9718-667d-4f16-9a49-ad0e87e00ebb,c1,c4,1016,?,x3,
1768610040.8338318,FORWARDED,5721a490-1343-4e73-a946-f938cc9c0dad,277c9718-667d-4f16-9a49-ad0e87e00ebb,c1,c4,1016,?,x3,
1768610041.3140726,RECEIVED,59938d7e-8e4b-404b-809d-9f55d26aa911,d9d24a88-da6c-4ea5-9af6-74c9626ecbf1,c2,c4,1458,e12,?,
1768610041.3148305,RECEIVED,8b518083-fc99-4263-a3ee-d2262dbb574e,f9259a48-06e7-4679-a271-181844138cc7,c2,c5,1447,e5,?,
1768610041.3527997,RECEIVED,df3fe503-7bf4-4df5-8f62-5eb43df87767,0d01436e-9e89-44e7-a69e-2b14102d351e,c4,c2,1453,e2,?,
1768610041.4196494,SENT,df3fe503-7bf4-4df5-8f62-5eb43df87767,0d01436e-9e89-44e7-a69e-2b14102d351e,c4,c2,1015,?,x8,
1768610041.419689,FORWARDED,df3fe503-7bf4-4df5-8f62-5eb43df87767,0d01436e-9e89-44e7-a69e-2b14102d351e,c4,c2,1015,?,x8,
1768610041.6371317,RECEIVED,e5e33a50-6732-487a-a538-7ae35392fec9,e44fec0d-321f-42ac-9ee9-abaebef2c5ab,c5,c4,1447,e2,?,
1768610041.9156988,SENT,59938d7e-8e4b-404b-809d-9f55d26aa911,d9d24a88-da6c-4ea5-9af6-74c9626ecbf1,c2,c4,1023,?,x4,
1768610041.91575,FORWARDED,59938d7e-8e4b-404b-809d-9f55d26aa911,d9d24a88-da6c-4ea5-9af6-74c9626ecbf1,c2,c4,1023,?,x4,
1768610042.2959235,RECEIVED,57f50ee1-3766-4631-b2e7-5caef014aa29,2d5f39fd-d0d4-4f1c-847e-7a420365b730,c3,DROP,441,x9,?,
1768610042.499341,SENT,e5e33a50-6732-487a-a538-7ae35392fec9,e44fec0d-321f-42ac-9ee9-abaebef2c5ab,c5,c4,1012,?,x7,
1768610042.4993854,FORWARDED,e5e33a50-6732-487a-a538-7ae35392fec9,e44fec0d-321f-42ac-9ee9-abaebef2c5ab,c5,c4,1012,?,x7,
1768610042.5078912,SENT,8b518083-fc99-4263-a3ee-d2262dbb574e,f9259a48-06e7-4679-a271-181844138cc7,c2,c5,1012,?,x9,
1768610042.5079303,FORWARDED,8b518083-fc99-4263-a3ee-d2262dbb574e,f9259a48-06e7-4679-a271-181844138cc7,c2,c5,1012,?,x9,
1768610042.5635655,RECEIVED,642d7401-3ed2-4a2e-a1ca-7934019abf75,167596ea-0c3e-49f9-b9e3-6da3ceae2eb1,c5,DROP,440,x6,?,
1768610042.7680817,RECEIVED,ea976995-60fe-4e49-9ac8-0d95b890566d,bbb75534-d178-469c-95af-53f16c23c7b4,c2,c3,1460,e11,?,
1768610042.8588464,RECEIVED,9cb050e5-934e-4efc-8845-d9b6c9782c33,d4e9df22-b7b1-4713-9f2f-e21948238f7b,c4,c5,1456,e1,?,
1768610042.946967,SENT,9cb050e5-934e-4efc-8845-d9b6c9782c33,d4e9df22-b7b1-4713-9f2f-e21948238f7b,c4,c5,1020,?,x6,
1768610042.9470162,FORWARDED,9cb050e5-934e-4efc-8845-d9b6c9782c33,d4e9df22-b7b1-4713-9f2f-e21948238f7b,c4,c5,1020,?,x6,
1768610042.9665058,SENT,ea976995-60fe-4e49-9ac8-0d95b890566d,bbb75534-d178-469c-95af-53f16c23c7b4,c2,c3,1023,?,x7,
1768610042.9665558,FORWARDED,ea976995-60fe-4e49-9ac8-0d95b890566d,bbb75534-d178-469c-95af-53f16c23c7b4,c2,c3,1023,?,x7,
1768610043.1100998,RECEIVED,d6dc4495-3bd2-420a-9ec7-7a5b058dd498,dcd39ecf-4c10-40d9-87e1-ab34492116c3,c3,c2,1449,e4,?,
1768610043.128834,SENT,d6dc4495-3bd2-420a-9ec7-7a5b058dd498,dcd39ecf-4c10-40d9-87e1-ab34492116c3,c3,c2,1012,?,x1,
1768610043.128951,FORWARDED,d6dc4495-3bd2-420a-9ec7-7a5b058dd498,dcd39ecf-4c10-40d9-87e1-ab34492116c3,c3,c2,1012,?,x1,
1768610043.295126,RECEIVED,b5253cc8-7e9c-476e-8e60-ed4695315c5a,751cd431-2820-45a9-b64d-ce796edbad15,c3,DROP,1016,e9,?,
1768610043.4833841,RECEIVED,cdf23985-2f55-4c33-99bf-d6cc30720077,bbfbcb74-20dd-4e87-8454-4e66b0f4d26b,c1,c5,1451,e11,?,
1768610043.887001,SENT,b5253cc8-7e9c-476e-8e60-ed4695315c5a,751cd431-2820-45a9-b64d-ce796edbad15,c3,DROP,689,?,x10,
1768610043.8870394,FORWARDED,b5253cc8-7e9c-476e-8e60-ed4695315c5a,751cd431-2820-45a9-b64d-ce796edbad15,c3,DROP,689,?,x10,
1768610044.4207795,SENT,cdf23985-2f55-4c33-99bf-d6cc30720077,bbfbcb74-20dd-4e87-8454-4e66b0f4d26b,c1,c5,1015,?,x1,
1768610044.42082,FORWARDED,cdf23985-2f55-4c33-99bf-d6cc30720077,bbfbcb74-20dd-4e87-8454-4e66b0f4d26b,c1,c5,1015,?,x1,
1768610044.500476,RECEIVED,904c9054-a06d-48e1-987a-bd23de347b3e,52f42a2f-47c7-42aa-98e9-05da1d1d49c6,c4,c5,1463,e12,?,
1768610045.1771824,RECEIVED,c7f52d10-822a-4c56-843b-0ce0d5a6db97,002708ad-152d-424d-8e19-a5ebe499d433,c1,DROP,1016,e4,?,
1768610045.250167,SENT,c7f52d10-822a-4c56-843b-0ce0d5a6db97,002708ad-152d-424d-8e19-a5ebe499d433,c1,DROP,688,?,x4,
1768610045.2502027,FORWARDED,c7f52d10-822a-4c56-843b-0ce0d5a6db97,002708ad-152d-424d-8e19-a5ebe499d433,c1,DROP,688,?,x4,
1768610045.3492606,RECEIVED,b1544637-ea9a-4283-bf9a-4461527a8f2b,17f85bc7-3f26-480c-9103-01368013242b,c2,c1,1454,e1,?,
1768610045.3817227,SENT,b1544637-ea9a-4283-bf9a-4461527a8f2b,17f85bc7-3f26-480c-9103-01368013242b,c2,c1,1015,?,x12,
1768610045.381764,FORWARDED,b1544637-ea9a-4283-bf9a-4461527a8f2b,17f85bc7-3f26-480c-9103-01368013242b,c2,c1,1015,?,x12,
1768610045.6363575,RECEIVED,d5d4b6c0-185d-4c58-b0f7-81bd78e5c784,c8a234bf-9873-477c-9bec-009dda44a21f,c4,DROP,1007,e1,?,
1768610045.758447,SENT,904c9054-a06d-48e1-987a-bd23de347b3e,52f42a2f-47c7-42aa-98e9-05da1d1d49c6,c4,c5,1024,?,x1,
1768610045.7584896,FORWARDED,904c9054-a06d-48e1-987a-bd23de347b3e,52f42a2f-47c7-42aa-98e9-05da1d1d49c6,c4,c5,1024,?,x1,
1768610046.3722541,RECEIVED,9ae24d0c-deaf-4557-beb3-b091de7cb8e7,a175fe1c-a6c9-4e13-a4a9-95e8c9906999,c4,DROP,1010,e10,?,
1768610046.5243056,SENT,d5d4b6c0-185d-4c58-b0f7-81bd78e5c784,c8a234bf-9873-477c-9bec-009dda44a21f,c4,DROP,684,?,x8,
1768610046.524349,FORWARDED,d5d4b6c0-185d-4c58-b0f7-81bd78e5c784,c8a234bf-9873-477c-9bec-009dda44a21f,c4,DROP,684,?,x8,
1768610046.6792533,RECEIVED,11c9e2f6-f991-4305-952f-b03b789a3a39,a4c85278-5541-483d-bac5-802bfc2d33fd,c2,c1,1450,e7,?,
1768610046.8906653,SENT,11c9e2f6-f991-4305-952f-b03b789a3a39,a4c85278-5541-483d-bac5-802bfc2d33fd,c2,c1,1016,?,x4,
1768610046.8907053,FORWARDED,11c9e2f6-f991-4305-952f-b03b789a3a39,a4c85278-5541-483d-bac5-802bfc2d33fd,c2,c1,1016,?,x4,
1768610047.0157456,SENT,9ae24d0c-deaf-4557-beb3-b091de7cb8e7,a175fe1c-a6c9-4e13-a4a9-95e8c9906999,c4,DROP,686,?,x5,
1768610047.0157876,FORWARDED,9ae24d0c-deaf-4557-beb3-b091de7cb8e7,a175fe1c-a6c9-4e13-a4a9-95e8c9906999,c4,DROP,686,?,x5,
1768610047.0388281,RECEIVED,c2acfaf6-14d8-4a6c-b8b9-76515301f646,2e2566f3-c517-4c16-9955-58d39fb240c2,c1,c5,1464,e3,?,
1768610047.130664,RECEIVED,5c6a8d7b-af71-4c79-bdd6-4f8854619c67,f66d325f-5acc-4b3c-b30d-916516950af6,c5,c3,1451,e5,?,
1768610047.5835824,RECEIVED,bbaaed05-ddbd-4288-9c1d-00617d7f6343,176e88af-dc43-48f4-9988-1b0d1c266f7b,c4,DROP,1008,e8,?,
1768610047.674606,SENT,bbaaed05-ddbd-4288-9c1d-00617d7f6343,176e88af-dc43-48f4-9988-1b0d1c266f7b,c4,DROP,684,?,x7,
1768610047.6746483,FORWARDED,bbaaed05-ddbd-4288-9c1d-00617d7f6343,176e88af-dc43-48f4-9988-1b0d1c266f7b,c4,DROP,684,?,x7,
1768610047.6787486,SENT,c2acfaf6-14d8-4a6c-b8b9-76515301f646,2e2566f3-c517-4c16-9955-58d39fb240c2,c1,c5,1024,?,x12,
1768610047.6787891,FORWARDED,c2acfaf6-14d8-4a6c-b8b9-76515301f646,2e2566f3-c517-4c16-9955-58d39fb240c2,c1,c5,1024,?,x12,
1768610047.7789364,RECEIVED,15cdb4c0-3c79-4357-a120-52d10395f843,03516eee-702a-4abb-8694-6aeaef455b9a,c4,c3,1452,e8,?,
1768610048.1275156,SENT,5c6a8d7b-af71-4c79-bdd6-4f8854619c67,f66d325f-5acc-4b3c-b30d-916516950af6,c5,c3,1015,?,x5,
1768610048.1275558,FORWARDED,5c6a8d7b-af71-4c79-bdd6-4f8854619c67,f66d325f-5acc-4b3c-b30d-916516950af6,c5,c3,1015,?,x5,
1768610048.1510975,RECEIVED,78f68fc8-4379-467b-9dd1-2dd466bd3da6,cd3dda0a-642c-4d69-ba9a-374a83d5eaca,c1,c5,1448,e9,?,
1768610048.320301,SENT,15cdb4c0-3c79-4357-a120-52d10395f843,03516eee-702a-4abb-8694-6aeaef455b9a,c4,c3,1016,?,x12,
1768610048.3203418,FORWARDED,15cdb4c0-3c79-4357-a120-52d10395f843,03516eee-702a-4abb-8694-6aeaef455b9a,c4,c3,1016,?,x12,
1768610048.3404322,SENT,78f68fc8-4379-467b-9dd1-2dd466bd3da6,cd3dda0a-642c-4d69-ba9a-374a83d5eaca,c1,c5,1012,?,x1,
1768610048.340473,FORWARDED,78f68fc8-4379-467b-9dd1-2dd466bd3da6,cd3dda0a-642c-4d69-ba9a-374a83d5eaca,c1,c5,1012,?,x1,
1768610048.536951,RECEIVED,a37fbecc-da4c-4873-8f2f-8acd9d099c61,ceb50808-506a-4547-b0f9-f449cb6a528c,c1,DROP,1008,e7,?,
1768610048.788707,SENT,a37fbecc-da4c-4873-8f2f-8acd9d099c61,ceb50808-506a-4547-b0f9-f449cb6a528c,c1,DROP,684,?,x1,
1768610048.7887504,FORWARDED,a37fbecc-da4c-4873-8f2f-8acd9d099c61,ceb50808-506a-4547-b0f9-f449cb6a528c,c1,DROP,684,?,x1,
1768610048.8374612,RECEIVED,81282e45-0cbe-4771-8c6d-d47e53fe8187,d25611d3-65f1-41da-b2c0-f0dd199d70a9,c3,DROP,442,x9,?,
1768610049.1865304,RECEIVED,c594e43d-4ee5-4063-bc8d-9c39024cc432,f9254195-aa13-478f-870f-0192892ff108,c2,c3,1451,e9,?,
1768610049.3237011,RECEIVED,d12ada83-9eb5-4bb6-9140-066d7c48604e,f3c01d06-9770-442f-b5f1-e4ef8b6f05d8,c4,c3,1445,e8,?,
1768610049.3942246,SENT,d12ada83-9eb5-4bb6-9140-066d7c48604e,f3c01d06-9770-442f-b5f1-e4ef8b6f05d8,c4,c3,1011,?,x1,
1768610049.3942676,FORWARDED,d12ada83-9eb5-4bb6-9140-066d7c48604e,f3c01d06-9770-442f-b5f1-e4ef8b6f05d8,c4,c3,1011,?,x1,
1768610049.579004,SENT,c594e43d-4ee5-4063-bc8d-9c39024cc432,f9254195-aa13-478f-870f-0192892ff108,c2,c3,1016,?,x4,
1768610049.579248,FORWARDED,c594e43d-4ee5-4063-bc8d-9c39024cc432,f9254195-aa13-478f-870f-0192892ff108,c2,c3,1016,?,x4,
1768610049.6293433,RECEIVED,c628d3f6-4a00-42a9-abfd-f26557408f41,974b6623-9765-4da7-838c-4d6260d39cf0,c3,c1,1457,e11,?,
1768610049.8481069,SENT,c628d3f6-4a00-42a9-abfd-f26557408f41,974b6623-9765-4da7-838c-4d6260d39cf0,c3,c1,1019,?,x12,
1768610049.8481486,FORWARDED,c628d3f6-4a00-42a9-abfd-f26557408f41,974b6623-9765-4da7-838c-4d6260d39cf0,c3,c1,1019,?,x12,
1768610050.0748231,RECEIVED,9d58a972-394b-4a6d-84d1-0d6f0e55841f,ccb2a328-6e87-4942-a060-dd564117ca37,c5,c3,1444,e3,?,
1768610050.2018607,RECEIVED,1bb58e25-ef1a-4e05-87a2-aab589ef22c7,90afbc1a-4556-4162-9fe6-3d5a88fb1224,c2,DROP,1016,e9,?,
1768610050.3055637,SENT,9d58a972-394b-4a6d-84d1-0d6f0e55841f,ccb2a328-6e87-4942-a060-dd564117ca37,c5,c3,1011,?,x3,
1768610050.3056626,FORWARDED,9d58a972-394b-4a6d-84d1-0d6f0e55841f,ccb2a328-6e87-4942-a060-dd564117ca37,c5,c3,1011,?,x3,
1768610050.3463094,SENT,1bb58e25-ef1a-4e05-87a2-aab589ef22c7,90afbc1a-4556-4162-9fe6-3d5a88fb1224,c2,DROP,688,?,x9,
1768610050.3463526,FORWARDED,1bb58e25-ef1a-4e05-87a2-aab589ef22c7,90afbc1a-4556-4162-9fe6-3d5a88fb1224,c2,DROP,688,?,x9,
1768610050.376655,RECEIVED,3a096b7d-1952-49ca-beb7-9c04e1d7811e,2e24929f-a18c-4ace-ae15-bc47176f7cc4,c4,c2,1455,e11,?,
1768610050.3898067,RECEIVED,6019808e-3f1a-42d2-b96f-7ed2c41807d4,ba0447e6-d33a-43c5-a02b-c9a51cc2699f,c3,c4,1449,e3,?,
1768610050.546135,RECEIVED,4bf3b439-d328-495c-9745-992d09f134d3,72d1adb8-93e1-4b56-b566-b7748aa6b629,c2,c4,1447,e7,?,
1768610050.7093222,SENT,6019808e-3f1a-42d2-b96f-7ed2c41807d4,ba0447e6-d33a-43c5-a02b-c9a51cc2699f,c3,c4,1012,?,x10,
1768610050.7093644,FORWARDED,6019808e-3f1a-42d2-b96f-7ed2c41807d4,ba0447e6-d33a-43c5-a02b-c9a51cc2699f,c3,c4,1012,?,x10,
1768610050.821511,SENT,4bf3b439-d328-495c-9745-992d09f134d3,72d1adb8-93e1-4b56-b566-b7748aa6b629,c2,c4,1012,?,x4,
1768610050.8215468,FORWARDED,4bf3b439-d328-495c-9745-992d09f134d3,72d1adb8-93e1-4b56-b566-b7748aa6b629,c2,c4,1012,?,x4,
1768610051.12187,SENT,3a096b7d-1952-49ca-beb7-9c04e1d7811e,2e24929f-a18c-4ace-ae15-bc47176f7cc4,c4,c2,1018,?,x4,
1768610051.12192,FORWARDED,3a096b7d-1952-49ca-beb7-9c04e1d7811e,2e24929f-a18c-4ace-ae15-bc47176f7cc4,c4,c2,1018,?,x4,
1768610051.1840904,RECEIVED,027c49b2-f2f0-4553-9b41-3db67fe4a711,91ae4a88-527a-47cc-81dd-5373f3515cfa,c5,c4,1453,e8,?,
1768610051.2235339,SENT,027c49b2-f2f0-4553-9b41-3db67fe4a711,91ae4a88-527a-47cc-81dd-5373f3515cfa,c5,c4,1017,?,x8,
1768610051.2235758,FORWARDED,027c49b2-f2f0-4553-9b41-3db67fe4a711,91ae4a88-527a-47cc-81dd-5373f3515cfa,c5,c4,1017,?,x8,
1768610051.4601548,RECEIVED,91d68f40-985e-4749-81fb-2f0ed7c831ed,85ff6d6f-b96c-4ddf-ba52-d839cc46cd0f,c3,c2,1443,e7,?,
1768610051.9378285,RECEIVED,58fead00-8497-4ff6-9e05-f17668bc7c0f,7f309a51-e12b-4167-b2e6-00bd692091ae,c2,c3,1451,e11,?,
1768610051.9921463,RECEIVED,3e167177-1503-4278-87fb-612c4939ce59,afad8602-40d9-49a0-99df-75887e8b8357,c4,c1,1444,e8,?,
1768610051.9951959,SENT,91d68f40-985e-4749-81fb-2f0ed7c831ed,85ff6d6f-b96c-4ddf-ba52-d839cc46cd0f,c3,c2,1011,?,x7,
1768610051.9952374,FORWARDED,91d68f40-985e-4749-81fb-2f0ed7c831ed,85ff6d6f-b96c-4ddf-ba52-d839cc46cd0f,c3,c2,1011,?,x7,
1768610052.0601559,RECEIVED,00560ef1-f77f-4f7e-b1ec-238c55bff89a,8276e603-716c-4ea6-8d2e-e6bb223b7d39,c2,DROP,1007,e2,?,
1768610052.0699146,RECEIVED,a5d0400a-743a-47c5-b870-5df48c859f15,07a86dcb-9d40-4cab-ab87-c38011cd76e7,c4,DROP,1008,e12,?,
1768610052.1876082,SENT,3e167177-1503-4278-87fb-612c4939ce59,afad8602-40d9-49a0-99df-75887e8b8357,c4,c1,1010,?,x4,
1768610052.1876523,FORWARDED,3e167177-1503-4278-87fb-612c4939ce59,afad8602-40d9-49a0-99df-75887e8b8357,c4,c1,1010,?,x4,
1768610052.1932418,SENT,a5d0400a-743a-47c5-b870-5df48c859f15,07a86dcb-9d40-4cab-ab87-c38011cd76e7,c4,DROP,683,?,x8,
1768610052.1932905,FORWARDED,a5d0400a-743a-47c5-b870-5df48c859f15,07a86dcb-9d40-4cab-ab87-c38011cd76e7,c4,DROP,683,?,x8,
1768610052.2903357,SENT,58fead00-8497-4ff6-9e05-f17668bc7c0f,7f309a51-e12b-4167-b2e6-00bd692091ae,c2,c3,1015,?,x9,
1768610052.2903776,FORWARDED,58fead00-8497-4ff6-9e05-f17668bc7c0f,7f309a51-e12b-4167-b2e6-00bd692091ae,c2,c3,1015,?,x9,
1768610052.6434498,SENT,00560ef1-f77f-4f7e-b1ec-238c55bff89a,8276e603-716c-4ea6-8d2e-e6bb223b7d39,c2,DROP,683,?,x5,
1768610052.6434915,FORWARDED,00560ef1-f77f-4f7e-b1ec-238c55bff89a,8276e603-716c-4ea6-8d2e-e6bb223b7d39,c2,DROP,683,?,x5,
1768610053.2699926,RECEIVED,45c672be-aa51-47d6-800d-55271326d4e4,dc37c910-cbf0-4e5e-8e52-76291302d69f,c3,c4,1443,e3,?,
1768610053.2710357,RECEIVED,f42bf970-d0a5-41fa-89ef-43999ed25be2,d844307b-ef3e-463c-927c-a2d4f396a8ca,c2,c4,1453,e7,?,
1768610053.2922251,RECEIVED,e0a8d45c-e3b8-4ed7-a86c-c92652060ec7,b6cb25b3-f0c7-4bfe-bed1-0aae4d720c63,c4,c2,1447,e6,?,
1768610053.3306866,SENT,f42bf970-d0a5-41fa-89ef-43999ed25be2,d844307b-ef3e-463c-927c-a2d4f396a8ca,c2,c4,1016,?,x2,
1768610053.3307428,FORWARDED,f42bf970-d0a5-41fa-89ef-43999ed25be2,d844307b-ef3e-463c-927c-a2d4f396a8ca,c2,c4,1016,?,x2,
1768610053.5674922,RECEIVED,611fd609-121f-4df2-a292-f7e2c3a7a28f,5a74ad54-3703-4913-91bf-a25a33f84313,c4,c1,1458,e1,?,
1768610053.586299,RECEIVED,5d9583fc-c8d7-40ff-96b4-a79d680b107e,5548a075-3f2d-4ac7-97c9-9c1d62655ea6,c2,c5,1461,e11,?,
1768610053.6325436,SENT,611fd609-121f-4df2-a292-f7e2c3a7a28f,5a74ad54-3703-4913-91bf-a25a33f84313,c4,c1,1020,?,x12,
1768610053.6325843,FORWARDED,611fd609-121f-4df2-a292-f7e2c3a7a28f,5a74ad54-3703-4913-91bf-a25a33f84313,c4,c1,1020,?,x12,
1768610053.6903543,SENT,e0a8d45c-e3b8-4ed7-a86c-c92652060ec7,b6cb25b3-f0c7-4bfe-bed1-0aae4d720c63,c4,c2,1012,?,x2,
1768610053.690393,FORWARDED,e0a8d45c-e3b8-4ed7-a86c-c92652060ec7,b6cb25b3-f0c7-4bfe-bed1-0aae4d720c63,c4,c2,1012,?,x2,
1768610053.7546973,SENT,45c672be-aa51-47d6-800d-55271326d4e4,dc37c910-cbf0-4e5e-8e52-76291302d69f,c3,c4,1011,?,x5,
1768610053.7547417,FORWARDED,45c672be-aa51-47d6-800d-55271326d4e4,dc37c910-cbf0-4e5e-8e52-76291302d69f,c3,c4,1011,?,x5,
1768610053.9859688,RECEIVED,14bb0cab-3513-4518-8d30-3ed600601e4c,27b8adda-9613-479a-bac4-b04e0c30209c,c3,DROP,443,x7,?,
1768610054.0095553,SENT,5d9583fc-c8d7-40ff-96b4-a79d680b107e,5548a075-3f2d-4ac7-97c9-9c1d62655ea6,c2,c5,1023,?,x10,
1768610054.0095987,FORWARDED,5d9583fc-c8d7-40ff-96b4-a79d680b107e,5548a075-3f2d-4ac7-97c9-9c1d62655ea6,c2,c5,1023,?,x10,
1768610054.3579576,RECEIVED,5c52ff88-34b7-4b13-b576-01bd1458b5a0,1deabfd6-0a5b-4dd5-a04c-ca51224cedcd,c2,c3,1453,e7,?,
1768610054.3915274,SENT,5c52ff88-34b7-4b13-b576-01bd1458b5a0,1deabfd6-0a5b-4dd5-a04c-ca51224cedcd,c2,c3,1015,?,x8,
1768610054.391568,FORWARDED,5c52ff88-34b7-4b13-b576-01bd1458b5a0,1deabfd6-0a5b-4dd5-a04c-ca51224cedcd,c2,c3,1015,?,x8,
1768610054.5719259,RECEIVED,b297fe09-c4b5-47f2-890f-7d842f3a679c,b409f566-3d6e-433e-8167-7861b5903d69,c1,c5,1447,e5,?,
1768610055.1868203,SENT,b297fe09-c4b5-47f2-890f-7d842f3a679c,b409f566-3d6e-433e-8167-7861b5903d69,c1,c5,1013,?,x5,
1768610055.1868682,FORWARDED,b297fe09-c4b5-47f2-890f-7d842f3a679c,b409f566-3d6e-433e-8167-7861b5903d69,c1,c5,1013,?,x5,
1768610055.7555597,RECEIVED,aff88270-2b73-4624-bf5e-7df237d113d5,f25906cd-c769-4e88-96ad-2a7593bd775d,c2,c1,1455,e3,?,
1768610055.934729,RECEIVED,eccdc3fa-a67f-4665-b42c-a215a72d54df,c4bda3d8-0383-455c-9e74-b293d222257e,c1,c5,1449,e5,?,
1768610055.9575543,RECEIVED,0c7d0336-d3ee-458a-94d9-238970ff3f07,c1f204d1-18ae-49a4-9f16-4f0237590361,c5,c1,1452,e6,?,
1768610056.0258117,SENT,0c7d0336-d3ee-458a-94d9-238970ff3f07,c1f204d1-18ae-49a4-9f16-4f0237590361,c5,c1,1016,?,x12,
1768610056.0258534,FORWARDED,0c7d0336-d3ee-458a-94d9-238970ff3f07,c1f204d1-18ae-49a4-9f16-4f0237590361,c5,c1,1016,?,x12,
1768610056.4316237,RECEIVED,553e24ee-034d-48ae-9d9a-feedc3881cf0,4b22c258-4070-4637-8c12-787c83491060,c1,c5,1448,e6,?,
1768610056.435759,SENT,eccdc3fa-a67f-4665-b42c-a215a72d54df,c4bda3d8-0383-455c-9e74-b293d222257e,c1,c5,1016,?,x1,
1768610056.43581,FORWARDED,eccdc3fa-a67f-4665-b42c-a215a72d54df,c4bda3d8-0383-455c-9e74-b293d222257e,c1,c5,1016,?,x1,
1768610056.6324742,SENT,553e24ee-034d-48ae-9d9a-feedc3881cf0,4b22c258-4070-4637-8c12-787c83491060,c1,c5,1012,?,x9,
1768610056.632516,FORWARDED,553e24ee-034d-48ae-9d9a-feedc3881cf0,4b22c258-4070-4637-8c12-787c83491060,c1,c5,1012,?,x9,
1768610056.8654613,RECEIVED,764e9b33-ad68-4d94-a356-3273c3645b44,63096e0a-331e-43d3-a478-5f7705f1aa63,c2,DROP,1012,e9,?,
1768610056.933864,SENT,764e9b33-ad68-4d94-a356-3273c3645b44,63096e0a-331e-43d3-a478-5f7705f1aa63,c2,DROP,685,?,x4,
1768610056.933905,FORWARDED,764e9b33-ad68-4d94-a356-3273c3645b44,63096e0a-331e-43d3-a478-5f7705f1aa63,c2,DROP,685,?,x4,
1768610057.1003478,RECEIVED,3c73880d-9454-4200-96f8-818f59e7989e,eb4dc7db-981e-423d-af03-b0aa29c5d263,c1,c5,1451,e7,?,
1768610057.243534,SENT,3c73880d-9454-4200-96f8-818f59e7989e,eb4dc7db-981e-423d-af03-b0aa29c5d263,c1,c5,1015,?,x4,
1768610057.2435756,FORWARDED,3c73880d-9454-4200-96f8-818f59e7989e,eb4dc7db-981e-423d-af03-b0aa29c5d263,c1,c5,1015,?,x4,
1768610057.254891,RECEIVED,c606c6d3-cd1b-4494-a5c7-cf5992c195dd,fd48582b-e91b-4641-b848-f40d266453cf,c2,c5,1456,e3,?,
1768610057.4495006,SENT,aff88270-2b73-4624-bf5e-7df237d113d5,f25906cd-c769-4e88-96ad-2a7593bd775d,c2,c1,1019,?,x9,
1768610057.4495432,FORWARDED,aff88270-2b73-4624-bf5e-7df237d113d5,f25906cd-c769-4e88-96ad-2a7593bd775d,c2,c1,1019,?,x9,
1768610057.638091,RECEIVED,cbceb980-956a-41ac-99b1-e0b1f16b62ec,ab06d6fd-0ee0-4751-bbc0-c2d689da8ce2,c1,DROP,1007,e5,?,
1768610058.0304089,SENT,c606c6d3-cd1b-4494-a5c7-cf5992c195dd,fd48582b-e91b-4641-b848-f40d266453cf,c2,c5,1020,?,x12,
1768610058.03045,FORWARDED,c606c6d3-cd1b-4494-a5c7-cf5992c195dd,fd48582b-e91b-4641-b848-f40d266453cf,c2,c5,1020,?,x12,
1768610058.1999414,RECEIVED,ffe47c41-b0d6-47a7-b006-b536a380176e,e78abdf5-1bdc-4930-86d8-4bd7f2eeec70,c3,c1,1459,e10,?,
1768610058.409838,SENT,cbceb980-956a-41ac-99b1-e0b1f16b62ec,ab06d6fd-0ee0-4751-bbc0-c2d689da8ce2,c1,DROP,684,?,x7,
1768610058.4098759,FORWARDED,cbceb980-956a-41ac-99b1-e0b1f16b62ec,ab06d6fd-0ee0-4751-bbc0-c2d689da8ce2,c1,DROP,684,?,x7,
1768610058.4382608,RECEIVED,f8e50389-3c61-4f18-9951-3204f4453f3c,d0581e75-657e-4c11-8955-cd23d44c090a,c4,c2,1452,e3,?,
1768610058.7736251,SENT,ffe47c41-b0d6-47a7-b006-b536a380176e,e78abdf5-1bdc-4930-86d8-4bd7f2eeec70,c3,c1,1023,?,x8,
1768610058.7736642,FORWARDED,ffe47c41-b0d6-47a7-b006-b536a380176e,e78abdf5-1bdc-4930-86d8-4bd7f2eeec70,c3,c1,1023,?,x8,
1768610058.8581564,SENT,f8e50389-3c61-4f18-9951-3204f4453f3c,d0581e75-657e-4c11-8955-cd23d44c090a,c4,c2,1015,?,x6,
1768610058.8582008,FORWARDED,f8e50389-3c61-4f18-9951-3204f4453f3c,d0581e75-657e-4c11-8955-cd23d44c090a,c4,c2,1015,?,x6,
1768610059.372656,RECEIVED,8f19e330-fdca-4dba-935e-bd5e170168eb,cd420aaf-d3bf-420f-9c37-8bfe0549768b,c2,DROP,1010,e11,?,
1768610059.8897896,RECEIVED,e549abe7-d2e2-4a61-933c-4d3523a3c63e,ccb4d284-25c3-4a6a-bc4c-337b0a252d09,c3,c4,1448,e8,?,
1768610060.1244893,RECEIVED,a45902c2-f6fe-4f95-a94b-e75ca6538a13,d3fc96a6-b439-4f38-b22b-46cf8c9a90d9,c3,c2,1460,e11,?,
1768610060.1289806,SENT,e549abe7-d2e2-4a61-933c-4d3523a3c63e,ccb4d284-25c3-4a6a-bc4c-337b0a252d09,c3,c4,1012,?,x6,
1768610060.1290205,FORWARDED,e549abe7-d2e2-4a61-933c-4d3523a3c63e,ccb4d284-25c3-4a6a-bc4c-337b0a252d09,c3,c4,1012,?,x6,
1768610060.5666146,SENT,a45902c2-f6fe-4f95-a94b-e75ca6538a13,d3fc96a6-b439-4f38-b22b-46cf8c9a90d9,c3,c2,1023,?,x3,
1768610060.5666542,FORWARDED,a45902c2-f6fe-4f95-a94b-e75ca6538a13,d3fc96a6-b439-4f38-b22b-46cf8c9a90d9,c3,c2,1023,?,x3,
1768610060.7675896,SENT,8f19e330-fdca-4dba-935e-bd5e170168eb,cd420aaf-d3bf-420f-9c37-8bfe0549768b,c2,DROP,685,?,x12,
1768610060.7676318,FORWARDED,8f19e330-fdca-4dba-935e-bd5e170168eb,cd420aaf-d3bf-420f-9c37-8bfe0549768b,c2,DROP,685,?,x12,
1768610061.2923598,RECEIVED,781a2bcb-2aa7-473b-8883-b10ba0d9d37f,86fd7ad6-b9f9-464a-9159-9514c9daf614,c1,DROP,1012,e5,?,
1768610061.3867593,RECEIVED,60593a47-22a6-441e-9f99-6009e7aa404f,7d82dc7f-8945-447b-9272-fa65f92a98fa,c5,c1,1451,e5,?,
1768610061.696064,SENT,781a2bcb-2aa7-473b-8883-b10ba0d9d37f,86fd7ad6-b9f9-464a-9159-9514c9daf614,c1,DROP,685,?,x5,
1768610061.696105,FORWARDED,781a2bcb-2aa7-473b-8883-b10ba0d9d37f,86fd7ad6-b9f9-464a-9159-9514c9daf614,c1,DROP,685,?,x5,
1768610061.8955564,RECEIVED,cd749c9d-85f8-4fde-9a3d-1efa72bb32eb,5ed7a6d4-dc44-4788-a448-87f5b4ea8fff,c3,c1,1448,e7,?,
1768610061.9092557,SENT,60593a47-22a6-441e-9f99-6009e7aa404f,7d82dc7f-8945-447b-9272-fa65f92a98fa,c5,c1,1015,?,x1,
1768610061.9092984,FORWARDED,60593a47-22a6-441e-9f99-6009e7aa404f,7d82dc7f-8945-447b-9272-fa65f92a98fa,c5,c1,1015,?,x1,
1768610062.0277581,RECEIVED,a9a511e4-b127-4e69-8adb-7687ca65cde7,5e49e88f-48bb-4da1-8d58-0b4a10d0b7b4,c2,c1,1445,e9,?,
1768610062.1120596,SENT,a9a511e4-b127-4e69-8adb-7687ca65cde7,5e49e88f-48bb-4da1-8d58-0b4a10d0b7b4,c2,c1,1011,?,x4,
1768610062.1121035,FORWARDED,a9a511e4-b127-4e69-8adb-7687ca65cde7,5e49e88f-48bb-4da1-8d58-0b4a10d0b7b4,c2,c1,1011,?,x4,
1768610062.1230597,RECEIVED,a3ef3ec5-c91d-44e7-bc9c-aa1f7014f67a,19bff6eb-e1a6-487a-83a7-f78f82fbbe3d,c4,DROP,1008,e2,?,
1768610062.1711066,RECEIVED,e5fcbfb3-3688-41dc-9ff5-11bed7594feb,25991dd9-254d-4cd8-a7d1-4047d5477a99,c5,c2,1447,e7,?,
1768610062.2162027,SENT,cd749c9d-85f8-4fde-9a3d-1efa72bb32eb,5ed7a6d4-dc44-4788-a448-87f5b4ea8fff,c3,c1,1012,?,x3,
1768610062.2162552,FORWARDED,cd749c9d-85f8-4fde-9a3d-1efa72bb32eb,5ed7a6d4-dc44-4788-a448-87f5b4ea8fff,c3,c1,1012,?,x3,
1768610062.2743711,SENT,a3ef3ec5-c91d-44e7-bc9c-aa1f7014f67a,19bff6eb-e1a6-487a-83a7-f78f82fbbe3d,c4,DROP,684,?,x1,
1768610062.2744226,FORWARDED,a3ef3ec5-c91d-44e7-bc9c-aa1f7014f67a,19bff6eb-e1a6-487a-83a7-f78f82fbbe3d,c4,DROP,684,?,x1,
1768610062.3416665,RECEIVED,24ac06f0-09ca-4e14-848e-8ecca49df494,3bfd5dbd-58cc-4a5e-a074-3706d0e2dab4,c3,c2,1456,e12,?,
1768610062.4581282,SENT,24ac06f0-09ca-4e14-848e-8ecca49df494,3bfd5dbd-58cc-4a5e-a074-3706d0e2dab4,c3,c2,1018,?,x7,
1768610062.4581978,FORWARDED,24ac06f0-09ca-4e14-848e-8ecca49df494,3bfd5dbd-58cc-4a5e-a074-3706d0e2dab4,c3,c2,1018,?,x7,
1768610062.464249,RECEIVED,72c759c8-76b9-4739-a0ee-af99fbb5fe9c,cf7cac03-f378-4272-b8f8-1e9beecec695,c1,c3,1447,e9,?,
1768610062.798129,SENT,e5fcbfb3-3688-41dc-9ff5-11bed7594feb,25991dd9-254d-4cd8-a7d1-4047d5477a99,c5,c2,1012,?,x2,
1768610062.7981706,FORWARDED,e5fcbfb3-3688-41dc-9ff5-11bed7594feb,25991dd9-254d-4cd8-a7d1-4047d5477a99,c5,c2,1012,?,x2,
1768610062.8442318,RECEIVED,312fdd11-66eb-4a70-bb03-4dfdbf7c76f3,3fb71847-0c7b-478a-bc7b-eb4c62502df3,c5,DROP,1012,e10,?,
1768610063.1826675,SENT,312fdd11-66eb-4a70-bb03-4dfdbf7c76f3,3fb71847-0c7b-478a-bc7b-eb4c62502df3,c5,DROP,687,?,x11,
1768610063.1827104,FORWARDED,312fdd11-66eb-4a70-bb03-4dfdbf7c76f3,3fb71847-0c7b-478a-bc7b-eb4c62502df3,c5,DROP,687,?,x11,
1768610063.256922,RECEIVED,5741f925-a7b7-40c1-acde-174a963e7354,cb2ab57d-616c-4ff4-94f9-f73f2a292bba,c4,c2,1451,e3,?,
1768610063.3244781,SENT,72c759c8-76b9-4739-a0ee-af99fbb5fe9c,cf7cac03-f378-4272-b8f8-1e9beecec695,c1,c3,1014,?,x2,
1768610063.32452,FORWARDED,72c759c8-76b9-4739-a0ee-af99fbb5fe9c,cf7cac03-f378-4272-b8f8-1e9beecec695,c1,c3,1014,?,x2,
1768610064.119656,RECEIVED,3518fe17-de5e-4bcb-ae23-32c67c9ef0d7,9faa772c-4750-4706-84a8-29fea9a3837c,c2,c3,1452,e8,?,
1768610064.2473314,RECEIVED,88e1dce5-45a3-4436-90cd-023fb24a2597,396edc8e-0c9d-473e-acdd-410bc81116a7,c5,DROP,1013,e8,?,
1768610064.367093,SENT,3518fe17-de5e-4bcb-ae23-32c67c9ef0d7,9faa772c-4750-4706-84a8-29fea9a3837c,c2,c3,1016,?,x1,
1768610064.3671367,FORWARDED,3518fe17-de5e-4bcb-ae23-32c67c9ef0d7,9faa772c-4750-4706-84a8-29fea9a3837c,c2,c3,1016,?,x1,
1768610064.4781647,SENT,88e1dce5-45a3-4436-90cd-023fb24a2597,396edc8e-0c9d-473e-acdd-410bc81116a7,c5,DROP,685,?,x12,
1768610064.4782066,FORWARDED,88e1dce5-45a3-4436-90cd-023fb24a2597,396edc8e-0c9d-473e-acdd-410bc81116a7,c5,DROP,685,?,x12,
1768610064.7174683,SENT,5741f925-a7b7-40c1-acde-174a963e7354,cb2ab57d-616c-4ff4-94f9-f73f2a292bba,c4,c2,1017,?,x6,
1768610064.71751,FORWARDED,5741f925-a7b7-40c1-acde-174a963e7354,cb2ab57d-616c-4ff4-94f9-f73f2a292bba,c4,c2,1017,?,x6,
1768610064.984071,RECEIVED,e59ce027-97ec-4c4c-8525-4865645a12ae,22f8aa2a-9199-44f5-b081-f8f216ade77f,c2,c3,1452,e1,?,
1768610065.0287194,SENT,e59ce027-97ec-4c4c-8525-4865645a12ae,22f8aa2a-9199-44f5-b081-f8f216ade77f,c2,c3,1015,?,x1,
1768610065.02876,FORWARDED,e59ce027-97ec-4c4c-8525-4865645a12ae,22f8aa2a-9199-44f5-b081-f8f216ade77f,c2,c3,1015,?,x1,
1768610065.1234586,RECEIVED,bba0d7f6-6c7b-4524-af4b-14006351a95c,f384b2f2-d866-40d8-afc4-064a70b2dd65,c4,c2,1447,e3,?,
1768610065.1634083,RECEIVED,c92d47b1-b67b-4b8e-96bf-373ed487a422,8569d4c3-f630-47bd-94fc-8424822dbd98,c2,c4,1451,e8,?,
1768610065.778,SENT,c92d47b1-b67b-4b8e-96bf-373ed487a422,8569d4c3-f630-47bd-94fc-8424822dbd98,c2,c4,1015,?,x6,
1768610065.778042,FORWARDED,c92d47b1-b67b-4b8e-96bf-373ed487a422,8569d4c3-f630-47bd-94fc-8424822dbd98,c2,c4,1015,?,x6,
1768610065.9905827,SENT,bba0d7f6-6c7b-4524-af4b-14006351a95c,f384b2f2-d866-40d8-afc4-064a70b2dd65,c4,c2,1014,?,x2,
1768610065.9906256,FORWARDED,bba0d7f6-6c7b-4524-af4b-14006351a95c,f384b2f2-d866-40d8-afc4-064a70b2dd65,c4,c2,1014,?,x2,
1768610066.22703,RECEIVED,11ad4ec8-6e07-453d-87b4-209553b831c5,ae8d3859-90a4-44dc-94d8-b621d4193117,c5,c2,1452,e9,?,
1768610066.3229055,SENT,11ad4ec8-6e07-453d-87b4-209553b831c5,ae8d3859-90a4-44dc-94d8-b621d4193117,c5,c2,1016,?,x4,
1768610066.3229578,FORWARDED,11ad4ec8-6e07-453d-87b4-209553b831c5,ae8d3859-90a4-44dc-94d8-b621d4193117,c5,c2,1016,?,x4,
1768610066.5572152,RECEIVED,daf54056-5fdc-4a6d-a885-9a0f12f33895,87c1cade-e86a-4dbc-ae22-952035f22820,c2,c3,1460,e10,?,
1768610066.618724,RECEIVED,104cbe6b-68d1-4257-b9d4-eb3027bb33ca,16ed8a9f-71b3-4964-9509-fe35b2141524,c1,c5,1456,e9,?,
1768610066.6632566,RECEIVED,e22ab890-2913-47e5-a746-770cc5a4f676,a2cfb418-37e2-478a-832c-eb217aea8565,c1,c4,1455,e2,?,
1768610067.0049145,SENT,daf54056-5fdc-4a6d-a885-9a0f12f33895,87c1cade-e86a-4dbc-ae22-952035f22820,c2,c3,1023,?,x2,
1768610067.0050316,FORWARDED,daf54056-5fdc-4a6d-a885-9a0f12f33895,87c1cade-e86a-4dbc-ae22-952035f22820,c2,c3,1023,?,x2,
1768610067.4927702,RECEIVED,e9756232-02ed-4d95-be39-677b4011c712,dcaf7bf1-8d36-453f-955f-6bb2d9350dd1,c1,c2,1452,e6,?,
1768610067.5907228,RECEIVED,f1dcc4b8-b247-4377-8e0e-2245694c8263,cc231749-e86c-4216-ad39-7dfc5815a45b,c3,c4,1444,e1,?,
1768610067.719569,SENT,e9756232-02ed-4d95-be39-677b4011c712,dcaf7bf1-8d36-453f-955f-6bb2d9350dd1,c1,c2,1015,?,x10,
1768610067.7196224,FORWARDED,e9756232-02ed-4d95-be39-677b4011c712,dcaf7bf1-8d36-453f-955f-6bb2d9350dd1,c1,c2,1015,?,x10,
1768610067.7832189,SENT,f1dcc4b8-b247-4377-8e0e-2245694c8263,cc231749-e86c-4216-ad39-7dfc5815a45b,c3,c4,1011,?,x4,
1768610067.783265,FORWARDED,f1dcc4b8-b247-4377-8e0e-2245694c8263,cc231749-e86c-4216-ad39-7dfc5815a45b,c3,c4,1011,?,x4,
1768610067.9907358,SENT,e22ab890-2913-47e5-a746-770cc5a4f676,a2cfb418-37e2-478a-832c-eb217aea8565,c1,c4,1020,?,x9,
1768610067.9907792,FORWARDED,e22ab890-2913-47e5-a746-770cc5a4f676,a2cfb418-37e2-478a-832c-eb217aea8565,c1,c4,1020,?,x9,
1768610068.1455793,RECEIVED,40177f06-d6a7-4540-aafb-0c264bc94879,76e8dbeb-cc3c-4f4e-b092-4d88e64e97bc,c1,c5,1460,e5,?,
1768610068.2534928,SENT,104cbe6b-68d1-4257-b9d4-eb3027bb33ca,16ed8a9f-71b3-4964-9509-fe35b2141524,c1,c5,1019,?,x11,
1768610068.2535357,FORWARDED,104cbe6b-68d1-4257-b9d4-eb3027bb33ca,16ed8a9f-71b3-4964-9509-fe35b2141524,c1,c5,1019,?,x11,
1768610068.5199685,SENT,40177f06-d6a7-4540-aafb-0c264bc94879,76e8dbeb-cc3c-4f4e-b092-4d88e64e97bc,c1,c5,1023,?,x10,
1768610068.5200129,FORWARDED,40177f06-d6a7-4540-aafb-0c264bc94879,76e8dbeb-cc3c-4f4e-b092-4d88e64e97bc,c1,c5,1023,?,x10,
1768610069.6365135,RECEIVED,e8e29173-35d4-4deb-b418-73893713f663,95b98bff-4683-4cf8-92f5-8d1daef59100,c2,c3,1445,e4,?,
1768610069.6653223,SENT,e8e29173-35d4-4deb-b418-73893713f663,95b98bff-4683-4cf8-92f5-8d1daef59100,c2,c3,1011,?,x4,
1768610069.6653638,FORWARDED,e8e29173-35d4-4deb-b418-73893713f663,95b98bff-4683-4cf8-92f5-8d1daef59100,c2,c3,1011,?,x4,
1768610069.9162765,RECEIVED,32db9550-97bf-4094-8493-dd299f9c016d,305671b2-703f-446d-926a-e22164148761,c1,c2,1460,e10,?,
1768610069.9545803,RECEIVED,ccb57ff4-179b-48d0-ae28-3672f3aa8604,01ca6b05-7577-4d30-87d4-055eaa622686,c2,c3,1450,e6,?,
1768610069.98056,RECEIVED,f5cf33b3-7629-4b28-9ef1-5f0d9b83c842,8f19fe25-0c6b-4ffa-9130-ac4c0953ecff,c1,c4,1452,e4,?,
1768610070.0877454,SENT,f5cf33b3-7629-4b28-9ef1-5f0d9b83c842,8f19fe25-0c6b-4ffa-9130-ac4c0953ecff,c1,c4,1016,?,x2,
1768610070.0877876,FORWARDED,f5cf33b3-7629-4b28-9ef1-5f0d9b83c842,8f19fe25-0c6b-4ffa-9130-ac4c0953ecff,c1,c4,1016,?,x2,
1768610070.6632192,SENT,32db9550-97bf-4094-8493-dd299f9c016d,305671b2-703f-446d-926a-e22164148761,c1,c2,1023,?,x11,
1768610070.6632583,FORWARDED,32db9550-97bf-4094-8493-dd299f9c016d,305671b2-703f-446d-926a-e22164148761,c1,c2,1023,?,x11,
1768610071.401221,RECEIVED,dd9b6293-34d6-4133-911a-e652eed3b55a,f2366a0b-1df8-4da3-a69f-e39e2409cc6e,c5,c2,1444,e6,?,
1768610071.4679687,SENT,dd9b6293-34d6-4133-911a-e652eed3b55a,f2366a0b-1df8-4da3-a69f-e39e2409cc6e,c5,c2,1011,?,x3,
1768610071.4680107,FORWARDED,dd9b6293-34d6-4133-911a-e652eed3b55a,f2366a0b-1df8-4da3-a69f-e39e2409cc6e,c5,c2,1011,?,x3,
1768610071.96337,RECEIVED,06877729-dc09-485f-b893-73ff886a1b85,0076439c-172b-4e98-a4e2-e677270dd718,c1,c2,1447,e6,?,
1768610072.031854,SENT,ccb57ff4-179b-48d0-ae28-3672f3aa8604,01ca6b05-7577-4d30-87d4-055eaa622686,c2,c3,1015,?,x4,
1768610072.0318954,FORWARDED,ccb57ff4-179b-48d0-ae28-3672f3aa8604,01ca6b05-7577-4d30-87d4-055eaa622686,c2,c3,1015,?,x4,
1768610072.0520127,RECEIVED,b0d6e9c7-8396-4d77-a47f-95b97cd97a78,59c96f72-2902-4bea-a3ff-8623791daf7e,c5,DROP,1008,e7,?,
1768610072.068649,RECEIVED,22374f10-a97a-4159-9eed-bed0e852b7f7,09c7cfc9-b862-4656-8e54-1501d0c220c9,c1,c3,1450,e7,?,
1768610072.1172087,RECEIVED,e5a767b8-8fba-48e3-8f27-cd5e3fddd27c,037a18af-106f-468c-99d6-8433cdb992db,c5,DROP,441,x5,?,
1768610072.1974525,RECEIVED,69eaa505-e280-4e41-b7f1-570c5b298522,01ca9245-4ee2-45c0-9169-9b42b7b6bae4,c3,c5,1446,e1,?,
1768610072.216653,SENT,b0d6e9c7-8396-4d77-a47f-95b97cd97a78,59c96f72-2902-4bea-a3ff-8623791daf7e,c5,DROP,684,?,x3,
1768610072.2166977,FORWARDED,b0d6e9c7-8396-4d77-a47f-95b97cd97a78,59c96f72-2902-4bea-a3ff-8623791daf7e,c5,DROP,684,?,x3,
1768610072.3015723,RECEIVED,34c5dc67-79ee-41cf-be2f-f539cc68932c,99566e3f-5589-4424-b943-3c861818c41f,c1,DROP,1011,e6,?,
1768610072.4509697,RECEIVED,6f7a24d2-8dc4-4bcf-b47e-1ee155e27036,2e76bb19-95a7-4762-b247-cce6bf4e8223,c5,DROP,1007,e4,?,
1768610072.8811724,SENT,6f7a24d2-8dc4-4bcf-b47e-1ee155e27036,2e76bb19-95a7-4762-b247-cce6bf4e8223,c5,DROP,684,?,x9,
1768610072.8812132,FORWARDED,6f7a24d2-8dc4-4bcf-b47e-1ee155e27036,2e76bb19-95a7-4762-b247-cce6bf4e8223,c5,DROP,684,?,x9,
1768610072.919,SENT,69eaa505-e280-4e41-b7f1-570c5b298522,01ca9245-4ee2-45c0-9169-9b42b7b6bae4,c3,c5,1013,?,x3,
1768610072.9190433,FORWARDED,69eaa505-e280-4e41-b7f1-570c5b298522,01ca9245-4ee2-45c0-9169-9b42b7b6bae4,c3,c5,1013,?,x3,
1768610073.0591917,SENT,06877729-dc09-485f-b893-73ff886a1b85,0076439c-172b-4e98-a4e2-e677270dd718,c1,c2,1012,?,x4,
1768610073.0592334,FORWARDED,06877729-dc09-485f-b893-73ff886a1b85,0076439c-172b-4e98-a4e2-e677270dd718,c1,c2,1012,?,x4,
1768610073.160594,RECEIVED,d9861c62-ecfc-4dc8-9a6f-10c2ced99862,8f52e6ce-0d61-4b7b-b162-cc8d881aab97,c3,c2,1448,e1,?,
1768610073.2724948,SENT,34c5dc67-79ee-41cf-be2f-f539cc68932c,99566e3f-5589-4424-b943-3c861818c41f,c1,DROP,687,?,x6,
1768610073.27254,FORWARDED,34c5dc67-79ee-41cf-be2f-f539cc68932c,99566e3f-5589-4424-b943-3c861818c41f,c1,DROP,687,?,x6,
1768610073.6583798,RECEIVED,df6f6e92-8eca-49af-a94f-c25a2902d049,2abc3cb5-7ff2-44e6-8740-c0889898b244,c3,c5,1457,e12,?,
1768610073.719954,SENT,df6f6e92-8eca-49af-a94f-c25a2902d049,2abc3cb5-7ff2-44e6-8740-c0889898b244,c3,c5,1019,?,x11,
1768610073.7199996,FORWARDED,df6f6e92-8eca-49af-a94f-c25a2902d049,2abc3cb5-7ff2-44e6-8740-c0889898b244,c3,c5,1019,?,x11,
1768610073.7309391,RECEIVED,eb16ffa8-ccea-49fb-9649-16fd771c014d,8a363461-a9cf-4c18-9e55-db0984e238b2,c1,c4,1443,e2,?,
1768610073.7746382,RECEIVED,01f364e3-a6d1-4b82-a007-4411a838fe68,22656ab0-c689-48e1-b55b-38218f88a207,c2,c5,1443,e7,?,
1768610074.0561042,RECEIVED,e8f31d7d-b896-453a-a1f7-d3ec0e25468e,e767967e-34bf-4dee-98e7-fe84f53a30c1,c2,DROP,1012,e9,?,
1768610074.153306,SENT,22374f10-a97a-4159-9eed-bed0e852b7f7,09c7cfc9-b862-4656-8e54-1501d0c220c9,c1,c3,1016,?,x9,
1768610074.15335,FORWARDED,22374f10-a97a-4159-9eed-bed0e852b7f7,09c7cfc9-b862-4656-8e54-1501d0c220c9,c1,c3,1016,?,x9,
1768610074.342982,RECEIVED,f99b126a-0ae3-4a3b-a1c7-1a959531299d,c3e54e56-36a2-4541-8f83-ad1c5c8b9ea5,c2,c3,1460,e12,?,
1768610074.4360802,SENT,d9861c62-ecfc-4dc8-9a6f-10c2ced99862,8f52e6ce-0d61-4b7b-b162-cc8d881aab97,c3,c2,1012,?,x11,
1768610074.4361246,FORWARDED,d9861c62-ecfc-4dc8-9a6f-10c2ced99862,8f52e6ce-0d61-4b7b-b162-cc8d881aab97,c3,c2,1012,?,x11,
1768610074.4882317,SENT,f99b126a-0ae3-4a3b-a1c7-1a959531299d,c3e54e56-36a2-4541-8f83-ad1c5c8b9ea5,c2,c3,1023,?,x2,
1768610074.488273,FORWARDED,f99b126a-0ae3-4a3b-a1c7-1a959531299d,c3e54e56-36a2-4541-8f83-ad1c5c8b9ea5,c2,c3,1023,?,x2,
1768610074.7428784,RECEIVED,6742cf39-a908-4585-acab-b21e062ae00d,457c6688-5426-45eb-89ca-24733c3b9282,c3,c1,1443,e6,?,
1768610074.8056207,SENT,e8f31d7d-b896-453a-a1f7-d3ec0e25468e,e767967e-34bf-4dee-98e7-fe84f53a30c1,c2,DROP,687,?,x11,
1768610074.8056645,FORWARDED,e8f31d7d-b896-453a-a1f7-d3ec0e25468e,e767967e-34bf-4dee-98e7-fe84f53a30c1,c2,DROP,687,?,x11,
1768610074.838647,RECEIVED,7271dfd0-fa4a-47cf-8d81-5c716bd13aa3,07083058-a005-4f19-bead-0814bfbec773,c4,c3,1451,e4,?,
1768610074.9805534,SENT,01f364e3-a6d1-4b82-a007-4411a838fe68,22656ab0-c689-48e1-b55b-38218f88a207,c2,c5,1011,?,x9,
1768610074.9806185,FORWARDED,01f364e3-a6d1-4b82-a007-4411a838fe68,22656ab0-c689-48e1-b55b-38218f88a207,c2,c5,1011,?,x9,
1768610075.1286058,RECEIVED,d11d9b42-d772-4b77-8ad9-5cd811b20adf,23049a3f-37d7-4414-8478-33827c28eaca,c1,c4,1448,e8,?,
1768610075.2251313,SENT,d11d9b42-d772-4b77-8ad9-5cd811b20adf,23049a3f-37d7-4414-8478-33827c28eaca,c1,c4,1012,?,x3,
1768610075.2251754,FORWARDED,d11d9b42-d772-4b77-8ad9-5cd811b20adf,23049a3f-37d7-4414-8478-33827c28eaca,c1,c4,1012,?,x3,
1768610075.2365458,SENT,7271dfd0-fa4a-47cf-8d81-5c716bd13aa3,07083058-a005-4f19-bead-0814bfbec773,c4,c3,1016,?,x6,
1768610075.2365875,FORWARDED,7271dfd0-fa4a-47cf-8d81-5c716bd13aa3,07083058-a005-4f19-bead-0814bfbec773,c4,c3,1016,?,x6,
1768610075.414647,SENT,eb16ffa8-ccea-49fb-9649-16fd771c014d,8a363461-a9cf-4c18-9e55-db0984e238b2,c1,c4,1011,?,x5,
1768610075.4146876,FORWARDED,eb16ffa8-ccea-49fb-9649-16fd771c014d,8a363461-a9cf-4c18-9e55-db0984e238b2,c1,c4,1011,?,x5,
1768610075.5029323,SENT,6742cf39-a908-4585-acab-b21e062ae00d,457c6688-5426-45eb-89ca-24733c3b9282,c3,c1,1010,?,x6,
1768610075.5030284,FORWARDED,6742cf39-a908-4585-acab-b21e062ae00d,457c6688-5426-45eb-89ca-24733c3b9282,c3,c1,1010,?,x6,
1768610077.0658522,RECEIVED,b4fcf6dd-547a-4973-8408-e021258b9022,599226b8-d8ba-47ac-89c7-f7bea4be8920,c5,c4,1462,e4,?,
1768610077.0716124,SENT,b4fcf6dd-547a-4973-8408-e021258b9022,599226b8-d8ba-47ac-89c7-f7bea4be8920,c5,c4,1022,?,x10,
1768610077.0716562,FORWARDED,b4fcf6dd-547a-4973-8408-e021258b9022,599226b8-d8ba-47ac-89c7-f7bea4be8920,c5,c4,1022,?,x10,
1768610077.3783433,RECEIVED,d44ce6cb-e43e-4ec4-b71c-621b4e74159b,f5c208c1-8f03-499b-b463-fb72e0536067,c1,DROP,1007,e4,?,
1768610077.5500095,RECEIVED,af46ba9d-8777-46c7-bab2-5ec0c1b005f2,b26b3622-69eb-4480-804b-ca4c110041af,c3,c4,1464,e12,?,
1768610077.9406714,RECEIVED,19febb0a-9ec8-4b09-b190-3e2d7a8c9113,711e0633-3153-4d55-ab8a-adfd5051400f,c2,c4,1445,e8,?,
1768610077.9909208,SENT,19febb0a-9ec8-4b09-b190-3e2d7a8c9113,711e0633-3153-4d55-ab8a-adfd5051400f,c2,c4,1011,?,x6,
1768610077.9910393,FORWARDED,19febb0a-9ec8-4b09-b190-3e2d7a8c9113,711e0633-3153-4d55-ab8a-adfd5051400f,c2,c4,1011,?,x6,
1768610078.003988,SENT,af46ba9d-8777-46c7-bab2-5ec0c1b005f2,b26b3622-69eb-4480-804b-ca4c110041af,c3,c4,1024,?,x4,
1768610078.0041504,FORWARDED,af46ba9d-8777-46c7-bab2-5ec0c1b005f2,b26b3622-69eb-4480-804b-ca4c110041af,c3,c4,1024,?,x4,
1768610078.1936421,RECEIVED,698b77e5-01cf-4606-bb5f-150c3b236a4a,92880632-049d-48f1-ae9f-276447d4f612,c4,c5,1448,e4,?,
1768610078.223474,RECEIVED,042c605d-0ad3-46f0-9f7c-902e09a2951b,6aa13788-abb8-42a2-aef7-f2c28d0ba62b,c5,c4,1456,e4,?,
1768610078.2622418,SENT,698b77e5-01cf-4606-bb5f-150c3b236a4a,92880632-049d-48f1-ae9f-276447d4f612,c4,c5,1012,?,x2,
1768610078.262284,FORWARDED,698b77e5-01cf-4606-bb5f-150c3b236a4a,92880632-049d-48f1-ae9f-276447d4f612,c4,c5,1012,?,x2,
1768610078.5341883,SENT,d44ce6cb-e43e-4ec4-b71c-621b4e74159b,f5c208c1-8f03-499b-b463-fb72e0536067,c1,DROP,684,?,x2,
1768610078.5342283,FORWARDED,d44ce6cb-e43e-4ec4-b71c-621b4e74159b,f5c208c1-8f03-499b-b463-fb72e0536067,c1,DROP,684,?,x2,
1768610078.7619991,RECEIVED,4ebbae1c-944b-4b88-993d-a6b1acb56b1e,e0b6790e-9ac7-4ec8-bdc0-1761a56738af,c4,c3,1448,e9,?,
1768610078.8357778,SENT,4ebbae1c-944b-4b88-993d-a6b1acb56b1e,e0b6790e-9ac7-4ec8-bdc0-1761a56738af,c4,c3,1012,?,x7,
1768610078.8358197,FORWARDED,4ebbae1c-944b-4b88-993d-a6b1acb56b1e,e0b6790e-9ac7-4ec8-bdc0-1761a56738af,c4,c3,1012,?,x7,
1768610078.8620374,RECEIVED,496e8c7c-10b0-4345-92dd-d60826528094,15e37042-47fb-4211-8bd5-752b50653ea7,c5,c3,1443,e2,?,
1768610079.1793587,RECEIVED,3af304a7-7484-4008-b5f4-b07d7e54cd76,835f888a-d607-4e71-b465-d743ee3fbd68,c5,c3,1451,e1,?,
1768610079.2405527,RECEIVED,b9e906a0-374b-4b3e-814e-989d1470b8d6,d65d5dca-fb6f-4ca1-a7dd-38591d400a8c,c2,c5,1456,e6,?,
1768610079.2457275,SENT,496e8c7c-10b0-4345-92dd-d60826528094,15e37042-47fb-4211-8bd5-752b50653ea7,c5,c3,1011,?,x1,
1768610079.24577,FORWARDED,496e8c7c-10b0-4345-92dd-d60826528094,15e37042-47fb-4211-8bd5-752b50653ea7,c5,c3,1011,?,x1,
1768610079.3030753,SENT,042c605d-0ad3-46f0-9f7c-902e09a2951b,6aa13788-abb8-42a2-aef7-f2c28d0ba62b,c5,c4,1019,?,x11,
1768610079.303119,FORWARDED,042c605d-0ad3-46f0-9f7c-902e09a2951b,6aa13788-abb8-42a2-aef7-f2c28d0ba62b,c5,c4,1019,?,x11,
1768610079.4236193,SENT,3af304a7-7484-4008-b5f4-b07d7e54cd76,835f888a-d607-4e71-b465-d743ee3fbd68,c5,c3,1015,?,x3,
1768610079.423666,FORWARDED,3af304a7-7484-4008-b5f4-b07d7e54cd76,835f888a-d607-4e71-b465-d743ee3fbd68,c5,c3,1015,?,x3,
1768610079.6626701,RECEIVED,39632a2d-6299-4c68-8baa-f1c13ef01c74,8efb9078-647d-4eb4-a383-87f646488685,c5,c4,1448,e5,?,
1768610079.710656,SENT,b9e906a0-374b-4b3e-814e-989d1470b8d6,d65d5dca-fb6f-4ca1-a7dd-38591d400a8c,c2,c5,1018,?,x12,
1768610079.7106972,FORWARDED,b9e906a0-374b-4b3e-814e-989d1470b8d6,d65d5dca-fb6f-4ca1-a7dd-38591d400a8c,c2,c5,1018,?,x12,
1768610079.8089054,SENT,39632a2d-6299-4c68-8baa-f1c13ef01c74,8efb9078-647d-4eb4-a383-87f646488685,c5,c4,1013,?,x9,
1768610079.8089488,FORWARDED,39632a2d-6299-4c68-8baa-f1c13ef01c74,8efb9078-647d-4eb4-a383-87f646488685,c5,c4,1013,?,x9,
1768610080.0122974,RECEIVED,162ba5df-a59f-4ad0-a438-8a0fa5374146,fcd3d76d-24b1-48ee-bf4f-3ab07d635077,c2,c5,1457,e8,?,
1768610080.1692398,SENT,162ba5df-a59f-4ad0-a438-8a0fa5374146,fcd3d76d-24b1-48ee-bf4f-3ab07d635077,c2,c5,1019,?,x12,
1768610080.1693163,FORWARDED,162ba5df-a59f-4ad0-a438-8a0fa5374146,fcd3d76d-24b1-48ee-bf4f-3ab07d635077,c2,c5,1019,?,x12,
1768610080.2421658,RECEIVED,6fd08a55-2324-45da-83ee-854153ec3bc8,b5d57c4c-89dd-4be2-a6d7-bcf72118c489,c4,c2,1456,e6,?,
1768610080.9299169,SENT,6fd08a55-2324-45da-83ee-854153ec3bc8,b5d57c4c-89dd-4be2-a6d7-bcf72118c489,c4,c2,1020,?,x11,
1768610080.929959,FORWARDED,6fd08a55-2324-45da-83ee-854153ec3bc8,b5d57c4c-89dd-4be2-a6d7-bcf72118c489,c4,c2,1020,?,x11,
1768610082.4110205,RECEIVED,30ffd740-b380-4ddf-8dd0-6800f7ca63b6,9c21b528-0207-41b4-8779-2db9e3cd3349,c5,c3,1451,e4,?,
1768610082.5295439,RECEIVED,cbdd5036-6a34-4531-b656-de6487bb88a2,1fa93c76-b439-4b48-b2b9-1a7b196123c5,c3,DROP,1011,e7,?,
1768610082.629563,RECEIVED,c4c89c2c-b57c-46f1-b378-e66f5743f1a5,39711275-1111-4909-911b-1cdd5ca261b3,c4,DROP,1007,e9,?,
1768610082.7261024,RECEIVED,9adb7149-d875-41ce-8174-a5d196a8af97,7cc1efc7-6638-425f-808e-aea107d7e647,c5,c4,1452,e7,?,
1768610082.8873427,SENT,9adb7149-d875-41ce-8174-a5d196a8af97,7cc1efc7-6638-425f-808e-aea107d7e647,c5,c4,1015,?,x6,
1768610082.8873856,FORWARDED,9adb7149-d875-41ce-8174-a5d196a8af97,7cc1efc7-6638-425f-808e-aea107d7e647,c5,c4,1015,?,x6,
1768610083.0439954,RECEIVED,7af63f47-c05e-4244-85db-ec34c3eb2a28,27bc4440-5c3d-4423-97e1-f134e3b093f3,c2,c1,1451,e4,?,
1768610083.058826,SENT,30ffd740-b380-4ddf-8dd0-6800f7ca63b6,9c21b528-0207-41b4-8779-2db9e3cd3349,c5,c3,1016,?,x8,
1768610083.0588684,FORWARDED,30ffd740-b380-4ddf-8dd0-6800f7ca63b6,9c21b528-0207-41b4-8779-2db9e3cd3349,c5,c3,1016,?,x8,
1768610083.1029208,SENT,cbdd5036-6a34-4531-b656-de6487bb88a2,1fa93c76-b439-4b48-b2b9-1a7b196123c5,c3,DROP,686,?,x9,
1768610083.1029634,FORWARDED,cbdd5036-6a34-4531-b656-de6487bb88a2,1fa93c76-b439-4b48-b2b9-1a7b196123c5,c3,DROP,686,?,x9,
1768610083.2274976,SENT,7af63f47-c05e-4244-85db-ec34c3eb2a28,27bc4440-5c3d-4423-97e1-f134e3b093f3,c2,c1,1015,?,x9,
1768610083.2275383,FORWARDED,7af63f47-c05e-4244-85db-ec34c3eb2a28,27bc4440-5c3d-4423-97e1-f134e3b093f3,c2,c1,1015,?,x9,
1768610083.4348538,SENT,c4c89c2c-b57c-46f1-b378-e66f5743f1a5,39711275-1111-4909-911b-1cdd5ca261b3,c4,DROP,683,?,x9,
1768610083.4348917,FORWARDED,c4c89c2c-b57c-46f1-b378-e66f5743f1a5,39711275-1111-4909-911b-1cdd5ca261b3,c4,DROP,683,?,x9,
1768610083.6402624,RECEIVED,76784a25-0fc0-4ecb-84a3-8fdce05d6a68,c574e57a-40ee-4849-a540-0a80143c87ff,c4,c5,1456,e3,?,
1768610083.675528,RECEIVED,447e2837-ba32-4a21-9b96-7b4ea2bab85e,6c7311d7-0e88-4fc5-a47c-bf1052a12a57,c2,c1,1454,e11,?,
1768610083.793436,RECEIVED,1b137eff-2acc-4392-b0b8-2192695e3f9e,8cfbe9c8-b834-4c24-a2de-9ddc31bf95b4,c1,c4,1451,e3,?,
1768610083.9321122,SENT,76784a25-0fc0-4ecb-84a3-8fdce05d6a68,c574e57a-40ee-4849-a540-0a80143c87ff,c4,c5,1020,?,x10,
1768610083.9321558,FORWARDED,76784a25-0fc0-4ecb-84a3-8fdce05d6a68,c574e57a-40ee-4849-a540-0a80143c87ff,c4,c5,1020,?,x10,
1768610084.1520758,SENT,447e2837-ba32-4a21-9b96-7b4ea2bab85e,6c7311d7-0e88-4fc5-a47c-bf1052a12a57,c2,c1,1019,?,x7,
1768610084.1521134,FORWARDED,447e2837-ba32-4a21-9b96-7b4ea2bab85e,6c7311d7-0e88-4fc5-a47c-bf1052a12a57,c2,c1,1019,?,x7,
1768610084.8041317,RECEIVED,3fb69c5f-5ad0-44af-b9d4-c2b81d8553f5,b50564f5-13fd-4f52-abf8-c1fb12a3359d,c2,DROP,1019,e10,?,
1768610084.8250933,RECEIVED,c1993a95-ba1f-44fa-a894-bd7826c4f79d,568c6288-62b9-48d3-84f2-a37cf625cca3,c2,c4,1451,e7,?,
1768610084.8996964,SENT,1b137eff-2acc-4392-b0b8-2192695e3f9e,8cfbe9c8-b834-4c24-a2de-9ddc31bf95b4,c1,c4,1015,?,x4,
1768610084.8997328,FORWARDED,1b137eff-2acc-4392-b0b8-2192695e3f9e,8cfbe9c8-b834-4c24-a2de-9ddc31bf95b4,c1,c4,1015,?,x4,
1768610084.944975,RECEIVED,8b93eff4-f03f-44f9-a6f5-df602e84d488,a96e090c-45c7-483a-89e2-6571dce55a61,c2,c1,1444,e8,?,
1768610085.0013564,SENT,8b93eff4-f03f-44f9-a6f5-df602e84d488,a96e090c-45c7-483a-89e2-6571dce55a61,c2,c1,1011,?,x5,
1768610085.0013957,FORWARDED,8b93eff4-f03f-44f9-a6f5-df602e84d488,a96e090c-45c7-483a-89e2-6571dce55a61,c2,c1,1011,?,x5,
1768610085.0896196,RECEIVED,036a464b-6854-40ab-a354-e3f71f5eccbc,59ba3251-4a30-46c3-95a4-aa7e8dc81d5f,c2,c4,1448,e11,?,
1768610085.2722144,SENT,036a464b-6854-40ab-a354-e3f71f5eccbc,59ba3251-4a30-46c3-95a4-aa7e8dc81d5f,c2,c4,1012,?,x4,
1768610085.2722569,FORWARDED,036a464b-6854-40ab-a354-e3f71f5eccbc,59ba3251-4a30-46c3-95a4-aa7e8dc81d5f,c2,c4,1012,?,x4,
1768610085.43112,RECEIVED,901b297c-2ed0-4d55-9bfb-aac4243caf22,214c3b5e-fe19-4520-98d5-98c57c6b4d05,c1,c4,1444,e6,?,
1768610085.549112,SENT,3fb69c5f-5ad0-44af-b9d4-c2b81d8553f5,b50564f5-13fd-4f52-abf8-c1fb12a3359d,c2,DROP,693,?,x9,
1768610085.549224,FORWARDED,3fb69c5f-5ad0-44af-b9d4-c2b81d8553f5,b50564f5-13fd-4f52-abf8-c1fb12a3359d,c2,DROP,693,?,x9,
1768610085.6873155,SENT,c1993a95-ba1f-44fa-a894-bd7826c4f79d,568c6288-62b9-48d3-84f2-a37cf625cca3,c2,c4,1015,?,x5,
1768610085.6873572,FORWARDED,c1993a95-ba1f-44fa-a894-bd7826c4f79d,568c6288-62b9-48d3-84f2-a37cf625cca3,c2,c4,1015,?,x5,
1768610085.761269,SENT,901b297c-2ed0-4d55-9bfb-aac4243caf22,214c3b5e-fe19-4520-98d5-98c57c6b4d05,c1,c4,1009,?,x3,
1768610085.76131,FORWARDED,901b297c-2ed0-4d55-9bfb-aac4243caf22,214c3b5e-fe19-4520-98d5-98c57c6b4d05,c1,c4,1009,?,x3,
1768610085.773779,RECEIVED,686d0850-1f65-4245-8279-c62c7dcb0072,f84e2f37-e0c4-4d24-89df-bf4f72082a17,c5,DROP,1003,e10,?,
1768610086.028276,SENT,686d0850-1f65-4245-8279-c62c7dcb0072,f84e2f37-e0c4-4d24-89df-bf4f72082a17,c5,DROP,683,?,x5,
1768610086.0283196,FORWARDED,686d0850-1f65-4245-8279-c62c7dcb0072,f84e2f37-e0c4-4d24-89df-bf4f72082a17,c5,DROP,683,?,x5,
1768610086.8752892,RECEIVED,3e22b5c9-4d17-46fa-91f6-2f8d7b959fd3,09c7539c-901f-4d98-ab19-78915e7c5402,c2,c5,1456,e4,?,
1768610087.1514792,RECEIVED,5b17e182-3887-4a94-9042-912b6bd12fdc,03528ad2-9e8d-43c4-8620-3a92b5d869f5,c1,c4,1455,e12,?,
1768610087.5084112,SENT,3e22b5c9-4d17-46fa-91f6-2f8d7b959fd3,09c7539c-901f-4d98-ab19-78915e7c5402,c2,c5,1020,?,x10,
1768610087.508452,FORWARDED,3e22b5c9-4d17-46fa-91f6-2f8d7b959fd3,09c7539c-901f-4d98-ab19-78915e7c5402,c2,c5,1020,?,x10,
1768610087.512579,SENT,5b17e182-3887-4a94-9042-912b6bd12fdc,03528ad2-9e8d-43c4-8620-3a92b5d869f5,c1,c4,1019,?,x2,
1768610087.5126202,FORWARDED,5b17e182-3887-4a94-9042-912b6bd12fdc,03528ad2-9e8d-43c4-8620-3a92b5d869f5,c1,c4,1019,?,x2,
1768610088.1055512,RECEIVED,4c8fce9c-fd56-4453-b6a7-a9e4c1005032,5ea2bbc6-a921-47e4-8f75-b55202fa9977,c4,DROP,1007,e4,?,
1768610088.6828434,RECEIVED,b4b47a30-370e-4042-a946-9d2e38f85b21,babc8ddb-465e-4b74-a61c-ef9cedbc7687,c2,DROP,1016,e7,?,
1768610089.0008965,SENT,b4b47a30-370e-4042-a946-9d2e38f85b21,babc8ddb-465e-4b74-a61c-ef9cedbc7687,c2,DROP,688,?,x8,
1768610089.0009382,FORWARDED,b4b47a30-370e-4042-a946-9d2e38f85b21,babc8ddb-465e-4b74-a61c-ef9cedbc7687,c2,DROP,688,?,x8,
1768610089.0349016,SENT,4c8fce9c-fd56-4453-b6a7-a9e4c1005032,5ea2bbc6-a921-47e4-8f75-b55202fa9977,c4,DROP,683,?,x3,
1768610089.0349429,FORWARDED,4c8fce9c-fd56-4453-b6a7-a9e4c1005032,5ea2bbc6-a921-47e4-8f75-b55202fa9977,c4,DROP,683,?,x3,
1768610089.4613998,RECEIVED,d615ebeb-b07b-44cb-8707-4bae7d74eaa9,db1ec959-6cc5-41c8-82ff-0e319d54814f,c1,c4,1448,e1,?,
1768610089.5451157,RECEIVED,386cc2cf-0319-4e7c-a2ec-840a6c4acf35,0393762d-b930-4e6b-be75-871e98b2e4e2,c1,DROP,1008,e9,?,
1768610089.6117835,SENT,d615ebeb-b07b-44cb-8707-4bae7d74eaa9,db1ec959-6cc5-41c8-82ff-0e319d54814f,c1,c4,1013,?,x3,
1768610089.6118224,FORWARDED,d615ebeb-b07b-44cb-8707-4bae7d74eaa9,db1ec959-6cc5-41c8-82ff-0e319d54814f,c1,c4,1013,?,x3,
1768610089.763913,RECEIVED,8cd80b82-9fc9-471b-ab31-0c7ad691cb84,500fb70c-7b4f-46de-a016-fd324b201804,c1,c3,1454,e11,?,
1768610089.8151836,SENT,8cd80b82-9fc9-471b-ab31-0c7ad691cb84,500fb70c-7b4f-46de-a016-fd324b201804,c1,c3,1016,?,x11,
1768610089.8152256,FORWARDED,8cd80b82-9fc9-471b-ab31-0c7ad691cb84,500fb70c-7b4f-46de-a016-fd324b201804,c1,c3,1016,?,x11,
1768610089.8387654,SENT,386cc2cf-0319-4e7c-a2ec-840a6c4acf35,0393762d-b930-4e6b-be75-871e98b2e4e2,c1,DROP,684,?,x1,
1768610089.838808,FORWARDED,386cc2cf-0319-4e7c-a2ec-840a6c4acf35,0393762d-b930-4e6b-be75-871e98b2e4e2,c1,DROP,684,?,x1,
1768610090.826383,RECEIVED,f60c25a1-b548-439a-8b8f-23e1c9d9c99f,4b3bb8e0-aa39-4b4e-a758-76a7e770b800,c5,c4,1446,e1,?,
1768610090.8849256,RECEIVED,715dc4ae-426f-46ad-8683-0ea4cb28a34e,87927105-8dea-46c0-a64a-3f5763e56d1e,c1,c5,1460,e11,?,
1768610091.0215502,SENT,715dc4ae-426f-46ad-8683-0ea4cb28a34e,87927105-8dea-46c0-a64a-3f5763e56d1e,c1,c5,1023,?,x11,
1768610091.0215883,FORWARDED,715dc4ae-426f-46ad-8683-0ea4cb28a34e,87927105-8dea-46c0-a64a-3f5763e56d1e,c1,c5,1023,?,x11,
1768610091.1265721,RECEIVED,913d8810-a7a7-4865-96ee-d94d9c1cf77e,ecbf2542-1bc4-468d-aea2-c6e5d48aabd4,c2,c3,1447,e5,?,
1768610091.2207735,RECEIVED,5a8c6fef-df14-426f-a567-fab0c005fef8,731e6345-ee13-4692-b0a9-c29f872f2404,c3,c2,1453,e3,?,
1768610091.3245502,SENT,913d8810-a7a7-4865-96ee-d94d9c1cf77e,ecbf2542-1bc4-468d-aea2-c6e5d48aabd4,c2,c3,1012,?,x7,
1768610091.3245912,FORWARDED,913d8810-a7a7-4865-96ee-d94d9c1cf77e,ecbf2542-1bc4-468d-aea2-c6e5d48aabd4,c2,c3,1012,?,x7,
1768610091.3701162,RECEIVED,6a372a1a-e3e1-45a2-8218-498c252bb279,bf746379-19c8-45ed-a61d-8745bfa2683c,c4,c1,1453,e10,?,
1768610091.4276366,SENT,6a372a1a-e3e1-45a2-8218-498c252bb279,bf746379-19c8-45ed-a61d-8745bfa2683c,c4,c1,1015,?,x1,
1768610091.4276805,FORWARDED,6a372a1a-e3e1-45a2-8218-498c252bb279,bf746379-19c8-45ed-a61d-8745bfa2683c,c4,c1,1015,?,x1,
1768610091.4983473,RECEIVED,522e9b3e-d2f1-4c3d-99c9-921f6d4910d6,fd3fd4f0-a37c-4955-98a0-c041422eb06f,c4,DROP,1013,e5,?,
1768610091.5294461,SENT,f60c25a1-b548-439a-8b8f-23e1c9d9c99f,4b3bb8e0-aa39-4b4e-a758-76a7e770b800,c5,c4,1012,?,x5,
1768610091.5294864,FORWARDED,f60c25a1-b548-439a-8b8f-23e1c9d9c99f,4b3bb8e0-aa39-4b4e-a758-76a7e770b800,c5,c4,1012,?,x5,
1768610091.5858498,SENT,522e9b3e-d2f1-4c3d-99c9-921f6d4910d6,fd3fd4f0-a37c-4955-98a0-c041422eb06f,c4,DROP,687,?,x11,
1768610091.5859,FORWARDED,522e9b3e-d2f1-4c3d-99c9-921f6d4910d6,fd3fd4f0-a37c-4955-98a0-c041422eb06f,c4,DROP,687,?,x11,
1768610091.6065986,SENT,5a8c6fef-df14-426f-a567-fab0c005fef8,731e6345-ee13-4692-b0a9-c29f872f2404,c3,c2,1015,?,x11,
1768610091.6066391,FORWARDED,5a8c6fef-df14-426f-a567-fab0c005fef8,731e6345-ee13-4692-b0a9-c29f872f2404,c3,c2,1015,?,x11,
1768610091.6360295,RECEIVED,875281ea-b91c-4b5c-8bd8-f8ea19725702,3f7b1153-2780-4a0c-b45d-f5630205c3a0,c1,c5,1451,e2,?,
1768610091.7906702,RECEIVED,0551ee4d-42aa-4a82-b09f-aef0886e41a9,748cc8a5-dcc8-4de7-b894-3e2acad9cae4,c5,c4,1451,e4,?,
1768610091.9589012,RECEIVED,916ca37e-c3b0-49a0-98c4-c2bba573de5d,054683b2-618e-4ceb-a3f4-50aac5108bce,c2,c3,1447,e2,?,
1768610092.013621,SENT,875281ea-b91c-4b5c-8bd8-f8ea19725702,3f7b1153-2780-4a0c-b45d-f5630205c3a0,c1,c5,1016,?,x6,
1768610092.0136626,FORWARDED,875281ea-b91c-4b5c-8bd8-f8ea19725702,3f7b1153-2780-4a0c-b45d-f5630205c3a0,c1,c5,1016,?,x6,
1768610092.1283858,SENT,916ca37e-c3b0-49a0-98c4-c2bba573de5d,054683b2-618e-4ceb-a3f4-50aac5108bce,c2,c3,1012,?,x9,
1768610092.128426,FORWARDED,916ca37e-c3b0-49a0-98c4-c2bba573de5d,054683b2-618e-4ceb-a3f4-50aac5108bce,c2,c3,1012,?,x9,
1768610092.282255,RECEIVED,13c32db5-b28f-423d-8c6f-bd2bad992753,2bf26f29-82aa-4a61-b639-7d8cd57f64cd,c1,c5,1444,e5,?,
1768610092.3804393,SENT,13c32db5-b28f-423d-8c6f-bd2bad992753,2bf26f29-82aa-4a61-b639-7d8cd57f64cd,c1,c5,1011,?,x5,
1768610092.38048,FORWARDED,13c32db5-b28f-423d-8c6f-bd2bad992753,2bf26f29-82aa-4a61-b639-7d8cd57f64cd,c1,c5,1011,?,x5,
1768610092.9057038,RECEIVED,aa28834e-d9e2-4d1e-8426-0a6e0a24c824,d5006c08-1013-46af-99dc-468433d9d3b9,c3,c1,1452,e2,?,
1768610093.025785,SENT,0551ee4d-42aa-4a82-b09f-aef0886e41a9,748cc8a5-dcc8-4de7-b894-3e2acad9cae4,c5,c4,1016,?,x9,
1768610093.0258276,FORWARDED,0551ee4d-42aa-4a82-b09f-aef0886e41a9,748cc8a5-dcc8-4de7-b894-3e2acad9cae4,c5,c4,1016,?,x9,
1768610093.1638865,SENT,aa28834e-d9e2-4d1e-8426-0a6e0a24c824,d5006c08-1013-46af-99dc-468433d9d3b9,c3,c1,1015,?,x9,
1768610093.1639276,FORWARDED,aa28834e-d9e2-4d1e-8426-0a6e0a24c824,d5006c08-1013-46af-99dc-468433d9d3b9,c3,c1,1015,?,x9,
1768610093.1899164,RECEIVED,870eae2e-ba18-48ea-ba38-5eedbf01e008,80316848-f606-4ab3-b5ee-2d345ca2e94b,c2,DROP,1016,e5,?,
1768610093.572806,SENT,870eae2e-ba18-48ea-ba38-5eedbf01e008,80316848-f606-4ab3-b5ee-2d345ca2e94b,c2,DROP,688,?,x3,
1768610093.572865,FORWARDED,870eae2e-ba18-48ea-ba38-5eedbf01e008,80316848-f606-4ab3-b5ee-2d345ca2e94b,c2,DROP,688,?,x3,
1768610094.0473166,RECEIVED,1eca447d-71ef-4251-bfb2-356e4ba002b1,210d2e58-c540-4e5b-9a69-97a0d637f7dd,c3,DROP,1010,e6,?,
1768610094.0761316,SENT,1eca447d-71ef-4251-bfb2-356e4ba002b1,210d2e58-c540-4e5b-9a69-97a0d637f7dd,c3,DROP,683,?,x10,
1768610094.076224,FORWARDED,1eca447d-71ef-4251-bfb2-356e4ba002b1,210d2e58-c540-4e5b-9a69-97a0d637f7dd,c3,DROP,683,?,x10,
1768610094.479602,RECEIVED,72a78766-0a3a-49ff-96bb-f421bc23bac6,2ac8d876-b25a-4e26-9d1d-b367b5608bb0,c1,DROP,1012,e10,?,
1768610094.5305595,SENT,72a78766-0a3a-49ff-96bb-f421bc23bac6,2ac8d876-b25a-4e26-9d1d-b367b5608bb0,c1,DROP,687,?,x4,
1768610094.530602,FORWARDED,72a78766-0a3a-49ff-96bb-f421bc23bac6,2ac8d876-b25a-4e26-9d1d-b367b5608bb0,c1,DROP,687,?,x4,
1768610094.7135038,RECEIVED,6899fdfb-8bc4-4af2-86ce-24e39db58633,ef32dc3d-cdc6-433c-8437-64afd8364621,c1,DROP,441,x10,?,
1768610094.8983045,RECEIVED,401d5454-bc15-4269-89e3-34cc457f4621,ab233750-cd28-4ee2-8996-8f75f219a120,c2,c3,1443,e6,?,
1768610095.4120848,SENT,401d5454-bc15-4269-89e3-34cc457f4621,ab233750-cd28-4ee2-8996-8f75f219a120,c2,c3,1011,?,x7,
1768610095.412124,FORWARDED,401d5454-bc15-4269-89e3-34cc457f4621,ab233750-cd28-4ee2-8996-8f75f219a120,c2,c3,1011,?,x7,
1768610095.5251203,RECEIVED,f022f93e-cd7b-405e-b6d2-f4ff5b23fa34,cc2c7af9-e302-4f45-ad49-478589440eff,c4,c5,1445,e6,?,
1768610095.5782487,SENT,f022f93e-cd7b-405e-b6d2-f4ff5b23fa34,cc2c7af9-e302-4f45-ad49-478589440eff,c4,c5,1011,?,x12,
1768610095.5782917,FORWARDED,f022f93e-cd7b-405e-b6d2-f4ff5b23fa34,cc2c7af9-e302-4f45-ad49-478589440eff,c4,c5,1011,?,x12,
1768610096.919789,RECEIVED,f9928537-cc4c-4ac1-a733-a1ebb70b35fc,6b2078a7-a848-4c99-98e3-cf57b340f569,c2,DROP,438,x7,?,
1768610097.0359426,RECEIVED,16ef9b7e-32a5-4258-bf1f-fe99f8c80498,427d7d65-0a2c-4f9b-b9d2-d3d5091a2067,c4,DROP,1011,e11,?,
1768610097.2187102,RECEIVED,f107a86c-3514-4327-89bb-07c77a0b7f24,8a02642f-4914-4b2b-be59-abc4d8836922,c2,c4,1451,e7,?,
1768610097.5675914,SENT,f107a86c-3514-4327-89bb-07c77a0b7f24,8a02642f-4914-4b2b-be59-abc4d8836922,c2,c4,1016,?,x2,
1768610097.5676339,FORWARDED,f107a86c-3514-4327-89bb-07c77a0b7f24,8a02642f-4914-4b2b-be59-abc4d8836922,c2,c4,1016,?,x2,
1768610097.7895074,RECEIVED,536c2cd0-ecb8-4472-8f6b-e4e7f0708942,facd29ef-c003-4429-a38d-b7ce7127df4d,c2,c5,1465,e6,?,
1768610097.901521,SENT,16ef9b7e-32a5-4258-bf1f-fe99f8c80498,427d7d65-0a2c-4f9b-b9d2-d3d5091a2067,c4,DROP,687,?,x8,
1768610097.901561,FORWARDED,16ef9b7e-32a5-4258-bf1f-fe99f8c80498,427d7d65-0a2c-4f9b-b9d2-d3d5091a2067,c4,DROP,687,?,x8,
1768610098.026045,RECEIVED,8fa9113b-1c8e-48c4-a4ad-2cb4161020c6,0ba99a18-01af-43ee-b63d-e05c1c671418,c5,c2,1452,e10,?,
1768610098.1764083,SENT,536c2cd0-ecb8-4472-8f6b-e4e7f0708942,facd29ef-c003-4429-a38d-b7ce7127df4d,c2,c5,1024,?,x11,
1768610098.1764553,FORWARDED,536c2cd0-ecb8-4472-8f6b-e4e7f0708942,facd29ef-c003-4429-a38d-b7ce7127df4d,c2,c5,1024,?,x11,
1768610098.3732722,SENT,8fa9113b-1c8e-48c4-a4ad-2cb4161020c6,0ba99a18-01af-43ee-b63d-e05c1c671418,c5,c2,1015,?,x3,
1768610098.3733358,FORWARDED,8fa9113b-1c8e-48c4-a4ad-2cb4161020c6,0ba99a18-01af-43ee-b63d-e05c1c671418,c5,c2,1015,?,x3,
1768610099.2731745,RECEIVED,1b4a4fa7-57b7-494b-80a4-ba7510bbd841,e74ec876-e3f0-4987-a7bf-dbf9632676c6,c5,c2,1450,e2,?,
1768610099.6291354,RECEIVED,b79a00f0-4c1d-45f1-86df-d8d5f5853b2d,6f36763d-9cad-40ed-bf02-d0b9f177b0ac,c2,DROP,1012,e6,?,
1768610099.790672,RECEIVED,d3195475-649b-4606-818f-4d24db59dab5,0b6dc971-60b9-4f88-81ec-96e18665ba64,c1,DROP,1011,e4,?,
1768610099.9857016,SENT,b79a00f0-4c1d-45f1-86df-d8d5f5853b2d,6f36763d-9cad-40ed-bf02-d0b9f177b0ac,c2,DROP,687,?,x10,
1768610099.9857442,FORWARDED,b79a00f0-4c1d-45f1-86df-d8d5f5853b2d,6f36763d-9cad-40ed-bf02-d0b9f177b0ac,c2,DROP,687,?,x10,
1768610100.129144,SENT,d3195475-649b-4606-818f-4d24db59dab5,0b6dc971-60b9-4f88-81ec-96e18665ba64,c1,DROP,685,?,x7,
1768610100.1291866,FORWARDED,d3195475-649b-4606-818f-4d24db59dab5,0b6dc971-60b9-4f88-81ec-96e18665ba64,c1,DROP,685,?,x7,
1768610100.1462088,RECEIVED,bb91aef6-4c63-46b2-af07-32074ffc29d8,241f16eb-e940-4987-8efe-73d2889102f2,c5,c3,1443,e6,?,
1768610100.4650166,SENT,1b4a4fa7-57b7-494b-80a4-ba7510bbd841,e74ec876-e3f0-4987-a7bf-dbf9632676c6,c5,c2,1015,?,x6,
1768610100.4650993,FORWARDED,1b4a4fa7-57b7-494b-80a4-ba7510bbd841,e74ec876-e3f0-4987-a7bf-dbf9632676c6,c5,c2,1015,?,x6,
1768610100.5971358,RECEIVED,a12b6503-ec46-4521-8070-28da8bbc430d,2e03e615-5952-45fe-84cd-64b4de792085,c3,c2,1449,e12,?,
1768610100.6679013,SENT,a12b6503-ec46-4521-8070-28da8bbc430d,2e03e615-5952-45fe-84cd-64b4de792085,c3,c2,1012,?,x9,
1768610100.667964,FORWARDED,a12b6503-ec46-4521-8070-28da8bbc430d,2e03e615-5952-45fe-84cd-64b4de792085,c3,c2,1012,?,x9,
1768610100.708225,SENT,bb91aef6-4c63-46b2-af07-32074ffc29d8,241f16eb-e940-4987-8efe-73d2889102f2,c5,c3,1011,?,x5,
1768610100.7082748,FORWARDED,bb91aef6-4c63-46b2-af07-32074ffc29d8,241f16eb-e940-4987-8efe-73d2889102f2,c5,c3,1011,?,x5,
1768610101.3710785,RECEIVED,ccdcd9fa-9b6a-47d4-b1f9-f1004e942bb3,31e498fe-14c9-4d77-88f4-e59ee4cfd11b,c3,DROP,441,x12,?,
1768610102.294194,RECEIVED,1756c27d-3841-4a2f-829e-9ce7f8f0c794,ced627c3-9aab-4782-9401-937ec731a344,c2,c5,1445,e1,?,
1768610102.3058226,SENT,1756c27d-3841-4a2f-829e-9ce7f8f0c794,ced627c3-9aab-4782-9401-937ec731a344,c2,c5,1011,?,x2,
1768610102.3058739,FORWARDED,1756c27d-3841-4a2f-829e-9ce7f8f0c794,ced627c3-9aab-4782-9401-937ec731a344,c2,c5,1011,?,x2,
1768610103.0366037,RECEIVED,e171edc0-1108-4cee-81a2-a681563c3bf8,3ec3f195-9bde-4a47-991a-cbe6d2a1c155,c1,c5,1455,e1,?,
1768610103.4014065,RECEIVED,6bc060e0-9751-43e2-961e-15d7199f014a,e409f74a-1251-4e53-9065-0bad1402e6ef,c4,c1,1443,e2,?,
1768610103.5653296,SENT,6bc060e0-9751-43e2-961e-15d7199f014a,e409f74a-1251-4e53-9065-0bad1402e6ef,c4,c1,1011,?,x1,
1768610103.5653687,FORWARDED,6bc060e0-9751-43e2-961e-15d7199f014a,e409f74a-1251-4e53-9065-0bad1402e6ef,c4,c1,1011,?,x1,
1768610103.6554263,SENT,e171edc0-1108-4cee-81a2-a681563c3bf8,3ec3f195-9bde-4a47-991a-cbe6d2a1c155,c1,c5,1019,?,x1,
1768610103.655467,FORWARDED,e171edc0-1108-4cee-81a2-a681563c3bf8,3ec3f195-9bde-4a47-991a-cbe6d2a1c155,c1,c5,1019,?,x1,
1768610104.6565056,RECEIVED,48fbeb7e-87bc-4b29-a00c-73555c61dfcc,9b20b6ee-744c-4da5-9e1a-8871ae503a04,c1,c2,1447,e4,?,
1768610105.0527394,RECEIVED,c641b8ab-70ec-4a50-8791-5a5d1d92c0cf,fb30fbbf-af48-403b-b610-eefd8cb7c89a,c4,DROP,437,x4,?,
1768610105.143969,SENT,48fbeb7e-87bc-4b29-a00c-73555c61dfcc,9b20b6ee-744c-4da5-9e1a-8871ae503a04,c1,c2,1012,?,x1,
1768610105.1440115,FORWARDED,48fbeb7e-87bc-4b29-a00c-73555c61dfcc,9b20b6ee-744c-4da5-9e1a-8871ae503a04,c1,c2,1012,?,x1,
1768610105.3846593,RECEIVED,3588c724-b6ca-4dd0-9c25-5dd72a33c281,df113eb7-7650-4581-a2be-599b8fb17e27,c2,DROP,441,x10,?,
1768610105.8202865,RECEIVED,4f9506f9-97c2-4202-855f-b79f8433d604,112432d2-79b6-429e-a3f9-b05ad3aa9b96,c1,c2,1443,e7,?,
1768610105.9045954,SENT,4f9506f9-97c2-4202-855f-b79f8433d604,112432d2-79b6-429e-a3f9-b05ad3aa9b96,c1,c2,1011,?,x5,
1768610105.9046378,FORWARDED,4f9506f9-97c2-4202-855f-b79f8433d604,112432d2-79b6-429e-a3f9-b05ad3aa9b96,c1,c2,1011,?,x5,
1768610105.9686522,RECEIVED,6ef27273-ce47-41ef-9488-8a8663becb16,7fb1d0de-6cd9-4ec0-a2b7-69159f36dad0,c1,c5,1451,e6,?,
1768610106.2935503,RECEIVED,156887ad-272d-44da-b13d-6c547e8287c5,a6dcd231-3561-4bdd-99dc-99bcb0c9d405,c1,c5,1447,e6,?,
1768610106.5506115,RECEIVED,c8bb6e2b-4eca-48e4-bf67-1af1c4e0c66e,09c9b7fb-37f7-4389-87c8-bf10cfc4ac01,c2,c4,1448,e4,?,
1768610106.6418474,SENT,156887ad-272d-44da-b13d-6c547e8287c5,a6dcd231-3561-4bdd-99dc-99bcb0c9d405,c1,c5,1012,?,x5,
1768610106.6418898,FORWARDED,156887ad-272d-44da-b13d-6c547e8287c5,a6dcd231-3561-4bdd-99dc-99bcb0c9d405,c1,c5,1012,?,x5,
1768610106.7784224,SENT,c8bb6e2b-4eca-48e4-bf67-1af1c4e0c66e,09c9b7fb-37f7-4389-87c8-bf10cfc4ac01,c2,c4,1012,?,x7,
1768610106.7784648,FORWARDED,c8bb6e2b-4eca-48e4-bf67-1af1c4e0c66e,09c9b7fb-37f7-4389-87c8-bf10cfc4ac01,c2,c4,1012,?,x7,
1768610106.8354647,SENT,6ef27273-ce47-41ef-9488-8a8663becb16,7fb1d0de-6cd9-4ec0-a2b7-69159f36dad0,c1,c5,1015,?,x3,
1768610106.8355074,FORWARDED,6ef27273-ce47-41ef-9488-8a8663becb16,7fb1d0de-6cd9-4ec0-a2b7-69159f36dad0,c1,c5,1015,?,x3,
1768610106.8420947,RECEIVED,14476173-19a0-4b35-87ea-7bc085748144,4b671884-cb2a-4c55-9d43-486c52030b10,c5,DROP,1008,e1,?,
1768610107.013441,SENT,14476173-19a0-4b35-87ea-7bc085748144,4b671884-cb2a-4c55-9d43-486c52030b10,c5,DROP,684,?,x7,
1768610107.0134804,FORWARDED,14476173-19a0-4b35-87ea-7bc085748144,4b671884-cb2a-4c55-9d43-486c52030b10,c5,DROP,684,?,x7,
1768610107.060484,RECEIVED,a64b6bbc-5307-44e0-be3c-41b7f19dfcaf,962a9a42-05ce-47a9-b95a-351e4be31d93,c5,c3,1446,e4,?,
1768610107.1091774,RECEIVED,322972ef-01cd-407f-9ce0-2a39b2138bcc,3c5f7948-0fa8-4c4d-a4b6-e22f7426e1b3,c3,c5,1444,e4,?,
1768610107.3389785,RECEIVED,17872ba7-28f5-4cec-8b2d-362f11c0fc54,6d3284ed-e68a-406e-9b5b-df2b3f3883d4,c5,c1,1456,e3,?,
1768610107.7387218,RECEIVED,9e63219e-bc6a-4ab9-a524-4887f517dba0,db7a6673-e5cc-49aa-8224-ef49b58350bf,c5,c2,1446,e1,?,
1768610107.807939,SENT,17872ba7-28f5-4cec-8b2d-362f11c0fc54,6d3284ed-e68a-406e-9b5b-df2b3f3883d4,c5,c1,1019,?,x11,
1768610107.8080907,FORWARDED,17872ba7-28f5-4cec-8b2d-362f11c0fc54,6d3284ed-e68a-406e-9b5b-df2b3f3883d4,c5,c1,1019,?,x11,
1768610107.9888878,SENT,a64b6bbc-5307-44e0-be3c-41b7f19dfcaf,962a9a42-05ce-47a9-b95a-351e4be31d93,c5,c3,1012,?,x4,
1768610107.9889302,FORWARDED,a64b6bbc-5307-44e0-be3c-41b7f19dfcaf,962a9a42-05ce-47a9-b95a-351e4be31d93,c5,c3,1012,?,x4,
1768610108.19315,SENT,322972ef-01cd-407f-9ce0-2a39b2138bcc,3c5f7948-0fa8-4c4d-a4b6-e22f7426e1b3,c3,c5,1011,?,x12,
1768610108.1931918,FORWARDED,322972ef-01cd-407f-9ce0-2a39b2138bcc,3c5f7948-0fa8-4c4d-a4b6-e22f7426e1b3,c3,c5,1011,?,x12,
1768610108.275822,RECEIVED,42fc7ec7-954d-48f8-b931-b8065a533436,f8053ae3-6558-4d1a-83c5-92e3d7b37f3f,c4,c3,1443,e2,?,
1768610108.5118089,SENT,42fc7ec7-954d-48f8-b931-b8065a533436,f8053ae3-6558-4d1a-83c5-92e3d7b37f3f,c4,c3,1011,?,x2,
1768610108.5118515,FORWARDED,42fc7ec7-954d-48f8-b931-b8065a533436,f8053ae3-6558-4d1a-83c5-92e3d7b37f3f,c4,c3,1011,?,x2,
1768610108.6983113,RECEIVED,bc1df67d-ecdc-444e-ab2e-178fb09aa162,8d5ab17b-2dc3-4e33-87b8-57cdac1b9f09,c5,c2,1450,e2,?,
1768610108.7518182,SENT,9e63219e-bc6a-4ab9-a524-4887f517dba0,db7a6673-e5cc-49aa-8224-ef49b58350bf,c5,c2,1012,?,x8,
1768610108.7518616,FORWARDED,9e63219e-bc6a-4ab9-a524-4887f517dba0,db7a6673-e5cc-49aa-8224-ef49b58350bf,c5,c2,1012,?,x8,
1768610109.0283568,SENT,bc1df67d-ecdc-444e-ab2e-178fb09aa162,8d5ab17b-2dc3-4e33-87b8-57cdac1b9f09,c5,c2,1015,?,x8,
1768610109.0283976,FORWARDED,bc1df67d-ecdc-444e-ab2e-178fb09aa162,8d5ab17b-2dc3-4e33-87b8-57cdac1b9f09,c5,c2,1015,?,x8,
1768610109.6577468,RECEIVED,9b9f6d71-5536-49df-ab0d-08e59a7e74b1,fdd676f2-8c54-4f6b-9c47-3f3ed77ecbfc,c5,c3,1439,e1,?,
1768610109.6959822,RECEIVED,6c4b210a-be09-4cbe-bb6a-a6966b5a47d6,335d38ab-2e37-4154-9917-933187a8d0ad,c4,DROP,1012,e5,?,
1768610109.730008,RECEIVED,83f24e7b-88cb-40d2-a238-25e2f685b164,e07d768f-72c1-43a4-bfca-cbf050ae7aed,c4,DROP,1007,e5,?,
1768610109.767097,SENT,6c4b210a-be09-4cbe-bb6a-a6966b5a47d6,335d38ab-2e37-4154-9917-933187a8d0ad,c4,DROP,687,?,x2,
1768610109.7671404,FORWARDED,6c4b210a-be09-4cbe-bb6a-a6966b5a47d6,335d38ab-2e37-4154-9917-933187a8d0ad,c4,DROP,687,?,x2,
1768610110.0221238,SENT,9b9f6d71-5536-49df-ab0d-08e59a7e74b1,fdd676f2-8c54-4f6b-9c47-3f3ed77ecbfc,c5,c3,1007,?,x5,
1768610110.022164,FORWARDED,9b9f6d71-5536-49df-ab0d-08e59a7e74b1,fdd676f2-8c54-4f6b-9c47-3f3ed77ecbfc,c5,c3,1007,?,x5,
1768610110.6582825,SENT,83f24e7b-88cb-40d2-a238-25e2f685b164,e07d768f-72c1-43a4-bfca-cbf050ae7aed,c4,DROP,684,?,x3,
1768610110.658325,FORWARDED,83f24e7b-88cb-40d2-a238-25e2f685b164,e07d768f-72c1-43a4-bfca-cbf050ae7aed,c4,DROP,684,?,x3,
1768610111.3993218,RECEIVED,ed01eabf-56f8-493a-92bf-3f8ecedac4b9,f34d3af0-104d-44c5-bd3f-2b45916edf2d,c3,c1,1444,e4,?,
1768610111.6058302,SENT,ed01eabf-56f8-493a-92bf-3f8ecedac4b9,f34d3af0-104d-44c5-bd3f-2b45916edf2d,c3,c1,1011,?,x1,
1768610111.6058733,FORWARDED,ed01eabf-56f8-493a-92bf-3f8ecedac4b9,f34d3af0-104d-44c5-bd3f-2b45916edf2d,c3,c1,1011,?,x1,
1768610111.834521,RECEIVED,56c7e27d-3f1a-4ba8-b569-86bca77ed0d9,70552a92-2e2d-4691-88cf-548d38772546,c1,c5,1446,e4,?,
1768610112.31891,RECEIVED,4cf78e4e-f122-4936-8d38-6a0bce2c0fa3,0cef8e0c-1d70-4d2c-96d5-92ada69c6f74,c1,c5,1451,e2,?,
1768610112.690712,RECEIVED,9b7612e1-4a95-40ce-a2e1-f66663ce5f9a,092ec285-2c45-4771-a1f3-c5da4b696006,c1,c4,1457,e3,?,
1768610112.852523,SENT,4cf78e4e-f122-4936-8d38-6a0bce2c0fa3,0cef8e0c-1d70-4d2c-96d5-92ada69c6f74,c1,c5,1015,?,x1,
1768610112.8525681,FORWARDED,4cf78e4e-f122-4936-8d38-6a0bce2c0fa3,0cef8e0c-1d70-4d2c-96d5-92ada69c6f74,c1,c5,1015,?,x1,
1768610113.0032022,SENT,9b7612e1-4a95-40ce-a2e1-f66663ce5f9a,092ec285-2c45-4771-a1f3-c5da4b696006,c1,c4,1019,?,x11,
1768610113.0032434,FORWARDED,9b7612e1-4a95-40ce-a2e1-f66663ce5f9a,092ec285-2c45-4771-a1f3-c5da4b696006,c1,c4,1019,?,x11,
1768610113.2947907,RECEIVED,37e6792d-3380-4844-affa-090771506230,f86352dd-ae2b-49f4-9a81-a236a1a0e9fe,c2,c3,1456,e10,?,
1768610113.3074958,RECEIVED,18591ec1-090b-4a70-b79e-386fac23d6c2,8e36546a-352d-49bc-a8b4-15fa6a79c071,c4,c5,1448,e8,?,
1768610113.405118,SENT,18591ec1-090b-4a70-b79e-386fac23d6c2,8e36546a-352d-49bc-a8b4-15fa6a79c071,c4,c5,1012,?,x3,
1768610113.405163,FORWARDED,18591ec1-090b-4a70-b79e-386fac23d6c2,8e36546a-352d-49bc-a8b4-15fa6a79c071,c4,c5,1012,?,x3,
1768610113.537451,SENT,56c7e27d-3f1a-4ba8-b569-86bca77ed0d9,70552a92-2e2d-4691-88cf-548d38772546,c1,c5,1012,?,x7,
1768610113.5374937,FORWARDED,56c7e27d-3f1a-4ba8-b569-86bca77ed0d9,70552a92-2e2d-4691-88cf-548d38772546,c1,c5,1012,?,x7,
1768610113.5563571,SENT,37e6792d-3380-4844-affa-090771506230,f86352dd-ae2b-49f4-9a81-a236a1a0e9fe,c2,c3,1019,?,x7,
1768610113.5563984,FORWARDED,37e6792d-3380-4844-affa-090771506230,f86352dd-ae2b-49f4-9a81-a236a1a0e9fe,c2,c3,1019,?,x7,
1768610114.0579333,RECEIVED,6395edc9-f5cf-43a6-9109-0a8ec2f2ffc1,69c5ad40-6fdb-4182-a57a-dcfb7e181d3c,c5,c3,1456,e12,?,
1768610114.086042,RECEIVED,c34a80f2-7e28-421a-8ed3-378de3826f2c,f24d3cd2-9e33-4569-9d95-72b46a02355a,c2,c4,1444,e5,?,
1768610114.16885,SENT,6395edc9-f5cf-43a6-9109-0a8ec2f2ffc1,69c5ad40-6fdb-4182-a57a-dcfb7e181d3c,c5,c3,1019,?,x3,
1768610114.168895,FORWARDED,6395edc9-f5cf-43a6-9109-0a8ec2f2ffc1,69c5ad40-6fdb-4182-a57a-dcfb7e181d3c,c5,c3,1019,?,x3,
1768610114.3401237,SENT,c34a80f2-7e28-421a-8ed3-378de3826f2c,f24d3cd2-9e33-4569-9d95-72b46a02355a,c2,c4,1010,?,x6,
1768610114.3401654,FORWARDED,c34a80f2-7e28-421a-8ed3-378de3826f2c,f24d3cd2-9e33-4569-9d95-72b46a02355a,c2,c4,1010,?,x6,
1768610114.4516876,RECEIVED,695c0b67-96f9-48c3-bba2-0dffcf587191,65654dc9-bd71-4da9-b2cd-1b51658c6901,c4,DROP,441,x6,?,
1768610114.7311707,RECEIVED,b46edca3-5453-49d4-b4a3-5d4bc0d1577c,7594e8ec-b974-444f-a55f-10dfb234c643,c2,DROP,1015,e7,?,
1768610116.0005956,SENT,b46edca3-5453-49d4-b4a3-5d4bc0d1577c,7594e8ec-b974-444f-a55f-10dfb234c643,c2,DROP,689,?,x3,
1768610116.0006478,FORWARDED,b46edca3-5453-49d4-b4a3-5d4bc0d1577c,7594e8ec-b974-444f-a55f-10dfb234c643,c2,DROP,689,?,x3,
1768610116.2360644,RECEIVED,9d52a8f3-03eb-4f1c-8287-32d012bd8eb0,9a8273af-5e60-48df-a05b-30ddb311d908,c5,c3,1450,e2,?,
1768610116.4302819,RECEIVED,eedf2578-d863-4ea0-8257-fd652c0963d8,f1108d68-aa4b-47c9-87e3-915bd241cd03,c5,c4,1457,e12,?,
1768610116.4965732,SENT,9d52a8f3-03eb-4f1c-8287-32d012bd8eb0,9a8273af-5e60-48df-a05b-30ddb311d908,c5,c3,1016,?,x4,
1768610116.4966207,FORWARDED,9d52a8f3-03eb-4f1c-8287-32d012bd8eb0,9a8273af-5e60-48df-a05b-30ddb311d908,c5,c3,1016,?,x4,
1768610116.5648718,SENT,eedf2578-d863-4ea0-8257-fd652c0963d8,f1108d68-aa4b-47c9-87e3-915bd241cd03,c5,c4,1020,?,x11,
1768610116.564915,FORWARDED,eedf2578-d863-4ea0-8257-fd652c0963d8,f1108d68-aa4b-47c9-87e3-915bd241cd03,c5,c4,1020,?,x11,
1768610116.636393,RECEIVED,1b327ac4-56bb-4637-8d24-08af0e5920ee,a76e5a5b-0a6e-4846-8c32-64e72cd47814,c2,c1,1455,e10,?,
1768610116.7399187,RECEIVED,d8858c29-d1b3-4617-beed-ee016f0c47cb,4e6f2f86-1642-4555-b45a-b80665144a0b,c1,DROP,1027,e7,?,
1768610117.3027344,RECEIVED,580a474c-e2a4-491d-a76c-d43f3400e0c5,5e792242-b7a5-4b12-b68d-6ee451a8690f,c3,c4,1452,e4,?,
1768610117.4099715,SENT,d8858c29-d1b3-4617-beed-ee016f0c47cb,4e6f2f86-1642-4555-b45a-b80665144a0b,c1,DROP,697,?,x10,
1768610117.410012,FORWARDED,d8858c29-d1b3-4617-beed-ee016f0c47cb,4e6f2f86-1642-4555-b45a-b80665144a0b,c1,DROP,697,?,x10,
1768610117.5112898,SENT,580a474c-e2a4-491d-a76c-d43f3400e0c5,5e792242-b7a5-4b12-b68d-6ee451a8690f,c3,c4,1015,?,x2,
1768610117.511329,FORWARDED,580a474c-e2a4-491d-a76c-d43f3400e0c5,5e792242-b7a5-4b12-b68d-6ee451a8690f,c3,c4,1015,?,x2,
1768610117.7785351,RECEIVED,bfec1bee-9c0f-457a-b3b9-d052282c42b9,c447bb66-a9c1-47c8-ba6a-b13790fea2be,c5,c4,1452,e8,?,
1768610118.0729556,SENT,1b327ac4-56bb-4637-8d24-08af0e5920ee,a76e5a5b-0a6e-4846-8c32-64e72cd47814,c2,c1,1020,?,x8,
1768610118.073003,FORWARDED,1b327ac4-56bb-4637-8d24-08af0e5920ee,a76e5a5b-0a6e-4846-8c32-64e72cd47814,c2,c1,1020,?,x8,
1768610118.1048167,SENT,bfec1bee-9c0f-457a-b3b9-d052282c42b9,c447bb66-a9c1-47c8-ba6a-b13790fea2be,c5,c4,1015,?,x5,
1768610118.1048586,FORWARDED,bfec1bee-9c0f-457a-b3b9-d052282c42b9,c447bb66-a9c1-47c8-ba6a-b13790fea2be,c5,c4,1015,?,x5,
1768610118.401854,RECEIVED,8bfe9987-b2ca-42ce-9d4e-5c3cc81b2cf9,aea761f0-1e55-41fb-90ec-fd543e9d2356,c5,DROP,441,x6,?,
1768610118.671211,RECEIVED,aceac9e3-a9e1-4ec7-9944-64c4b3af41db,320769e7-d1fb-4a30-94df-d4e357b42318,c3,c5,1453,e6,?,
1768610118.7032998,RECEIVED,540493bc-570c-4031-8ecb-8597e4f980c1,e04f8534-576c-4ac7-ac1b-811e736f1a10,c5,c1,1443,e10,?,
1768610118.7582052,SENT,aceac9e3-a9e1-4ec7-9944-64c4b3af41db,320769e7-d1fb-4a30-94df-d4e357b42318,c3,c5,1015,?,x10,
1768610118.7582536,FORWARDED,aceac9e3-a9e1-4ec7-9944-64c4b3af41db,320769e7-d1fb-4a30-94df-d4e357b42318,c3,c5,1015,?,x10,
1768610119.0349534,RECEIVED,c8783e68-8e24-4273-9ac7-c72863f10c14,61e34d19-4a98-4401-99dc-205b6e7afab5,c2,DROP,1017,e1,?,
1768610119.1253493,RECEIVED,e6bbb38e-1f62-4f4f-81d5-3e7d96c5d2f9,721e4b83-db14-4be9-be2c-b5d6e3581966,c5,c3,1448,e5,?,
1768610119.2185779,RECEIVED,2c7c59e9-a109-4113-9864-d6eed4300c9a,8d9445aa-93b1-47e0-9bd0-9bf7b07f9e53,c3,c5,1443,e3,?,
1768610119.2507644,SENT,540493bc-570c-4031-8ecb-8597e4f980c1,e04f8534-576c-4ac7-ac1b-811e736f1a10,c5,c1,1011,?,x4,
1768610119.2508118,FORWARDED,540493bc-570c-4031-8ecb-8597e4f980c1,e04f8534-576c-4ac7-ac1b-811e736f1a10,c5,c1,1011,?,x4,
1768610119.51139,SENT,c8783e68-8e24-4273-9ac7-c72863f10c14,61e34d19-4a98-4401-99dc-205b6e7afab5,c2,DROP,689,?,x10,
1768610119.511431,FORWARDED,c8783e68-8e24-4273-9ac7-c72863f10c14,61e34d19-4a98-4401-99dc-205b6e7afab5,c2,DROP,689,?,x10,
1768610119.592646,RECEIVED,0da3dd6e-38fa-4f91-bdf3-77f441081f71,c93ae083-ace7-4e23-99f6-f174137d26ee,c4,c5,1439,e6,?,
1768610119.6259537,SENT,2c7c59e9-a109-4113-9864-d6eed4300c9a,8d9445aa-93b1-47e0-9bd0-9bf7b07f9e53,c3,c5,1011,?,x2,
1768610119.6259925,FORWARDED,2c7c59e9-a109-4113-9864-d6eed4300c9a,8d9445aa-93b1-47e0-9bd0-9bf7b07f9e53,c3,c5,1011,?,x2,
1768610119.917315,SENT,e6bbb38e-1f62-4f4f-81d5-3e7d96c5d2f9,721e4b83-db14-4be9-be2c-b5d6e3581966,c5,c3,1012,?,x10,
1768610119.9174306,FORWARDED,e6bbb38e-1f62-4f4f-81d5-3e7d96c5d2f9,721e4b83-db14-4be9-be2c-b5d6e3581966,c5,c3,1012,?,x10,
1768610120.170244,SENT,0da3dd6e-38fa-4f91-bdf3-77f441081f71,c93ae083-ace7-4e23-99f6-f174137d26ee,c4,c5,1006,?,x4,
1768610120.1702888,FORWARDED,0da3dd6e-38fa-4f91-bdf3-77f441081f71,c93ae083-ace7-4e23-99f6-f174137d26ee,c4,c5,1006,?,x4,
1768610120.2472394,RECEIVED,653b9731-dab0-4936-aaa0-0ca8075ec224,aadec8f7-3038-4528-a0e7-75b766e392da,c4,c1,1456,e10,?,
1768610121.3648148,SENT,653b9731-dab0-4936-aaa0-0ca8075ec224,aadec8f7-3038-4528-a0e7-75b766e392da,c4,c1,1020,?,x10,
1768610121.3648572,FORWARDED,653b9731-dab0-4936-aaa0-0ca8075ec224,aadec8f7-3038-4528-a0e7-75b766e392da,c4,c1,1020,?,x10,
1768610121.5624585,RECEIVED,4a338585-a81b-4064-82cc-b6320eee3f98,c0f0d034-8150-4773-a8e3-1ccf90643367,c2,c1,1468,e2,?,
1768610121.9972436,RECEIVED,228dca7e-aa12-47bf-a4cc-5a4f227027e7,9a941782-3def-49e5-931e-70d5fee39d73,c5,DROP,1012,e5,?,
1768610122.2251651,SENT,4a338585-a81b-4064-82cc-b6320eee3f98,c0f0d034-8150-4773-a8e3-1ccf90643367,c2,c1,1027,?,x11,
1768610122.2252076,FORWARDED,4a338585-a81b-4064-82cc-b6320eee3f98,c0f0d034-8150-4773-a8e3-1ccf90643367,c2,c1,1027,?,x11,
1768610122.282859,RECEIVED,e8be3220-6b78-4405-927a-ea0ba20ce17a,68ee3abd-ad76-437a-b983-0100b613d205,c1,c5,1447,e9,?,
1768610122.3086085,SENT,228dca7e-aa12-47bf-a4cc-5a4f227027e7,9a941782-3def-49e5-931e-70d5fee39d73,c5,DROP,685,?,x12,
1768610122.3086512,FORWARDED,228dca7e-aa12-47bf-a4cc-5a4f227027e7,9a941782-3def-49e5-931e-70d5fee39d73,c5,DROP,685,?,x12,
1768610122.7206352,RECEIVED,6531eb1b-da23-4da1-a077-560244cdf3c0,a5ac3d73-96e4-4a5d-903c-6c417e904d8a,c5,c2,1447,e2,?,
1768610122.7424846,RECEIVED,8912e8b4-f12e-4cc9-9bc5-633086b4bc27,c32b6415-480b-4c4c-bc08-b748a9661768,c3,c4,1443,e7,?,
1768610122.9236574,SENT,e8be3220-6b78-4405-927a-ea0ba20ce17a,68ee3abd-ad76-437a-b983-0100b613d205,c1,c5,1014,?,x8,
1768610122.9236987,FORWARDED,e8be3220-6b78-4405-927a-ea0ba20ce17a,68ee3abd-ad76-437a-b983-0100b613d205,c1,c5,1014,?,x8,
1768610123.63673,SENT,8912e8b4-f12e-4cc9-9bc5-633086b4bc27,c32b6415-480b-4c4c-bc08-b748a9661768,c3,c4,1010,?,x1,
1768610123.636773,FORWARDED,8912e8b4-f12e-4cc9-9bc5-633086b4bc27,c32b6415-480b-4c4c-bc08-b748a9661768,c3,c4,1010,?,x1,
1768610123.7928138,SENT,6531eb1b-da23-4da1-a077-560244cdf3c0,a5ac3d73-96e4-4a5d-903c-6c417e904d8a,c5,c2,1012,?,x4,
1768610123.7928557,FORWARDED,6531eb1b-da23-4da1-a077-560244cdf3c0,a5ac3d73-96e4-4a5d-903c-6c417e904d8a,c5,c2,1012,?,x4,
1768610124.0870833,RECEIVED,564f6312-1f5b-4807-a73a-d6c85b31c5d9,1917b672-609e-415f-b7f7-6687552bd7cf,c1,c3,1442,e3,?,
1768610125.2384555,RECEIVED,3cca072b-4948-4773-b459-f4fb5febd607,d9b78d0a-3bfe-4dc4-9072-aeeaf16ced23,c5,c2,1457,e3,?,
1768610125.2990174,RECEIVED,ae893c5a-50c1-42f1-9c1d-68f9f4c87985,2d5978df-70a9-411a-874c-5dbf35bf0826,c5,DROP,1017,e8,?,
1768610125.3224301,SENT,564f6312-1f5b-4807-a73a-d6c85b31c5d9,1917b672-609e-415f-b7f7-6687552bd7cf,c1,c3,1011,?,x9,
1768610125.3224719,FORWARDED,564f6312-1f5b-4807-a73a-d6c85b31c5d9,1917b672-609e-415f-b7f7-6687552bd7cf,c1,c3,1011,?,x9,
1768610125.5200367,SENT,ae893c5a-50c1-42f1-9c1d-68f9f4c87985,2d5978df-70a9-411a-874c-5dbf35bf0826,c5,DROP,688,?,x10,
1768610125.520088,FORWARDED,ae893c5a-50c1-42f1-9c1d-68f9f4c87985,2d5978df-70a9-411a-874c-5dbf35bf0826,c5,DROP,688,?,x10,
1768610125.667346,SENT,3cca072b-4948-4773-b459-f4fb5febd607,d9b78d0a-3bfe-4dc4-9072-aeeaf16ced23,c5,c2,1020,?,x11,
1768610125.6673837,FORWARDED,3cca072b-4948-4773-b459-f4fb5febd607,d9b78d0a-3bfe-4dc4-9072-aeeaf16ced23,c5,c2,1020,?,x11,
1768610125.8653772,RECEIVED,0abacd9d-0e9c-4153-aed9-253236eb5313,f93281ca-c5e9-4c5a-bec0-78032c0ae428,c4,DROP,1015,e3,?,
1768610125.9113426,RECEIVED,ca192d4b-f23d-4fea-ab56-46194987092e,24d9f6e5-1f4f-429b-96c7-f5074a1baf43,c1,c4,1444,e3,?,
1768610126.3413846,SENT,0abacd9d-0e9c-4153-aed9-253236eb5313,f93281ca-c5e9-4c5a-bec0-78032c0ae428,c4,DROP,689,?,x4,
1768610126.3414268,FORWARDED,0abacd9d-0e9c-4153-aed9-253236eb5313,f93281ca-c5e9-4c5a-bec0-78032c0ae428,c4,DROP,689,?,x4,
1768610126.3526769,SENT,ca192d4b-f23d-4fea-ab56-46194987092e,24d9f6e5-1f4f-429b-96c7-f5074a1baf43,c1,c4,1011,?,x4,
1768610126.3527167,FORWARDED,ca192d4b-f23d-4fea-ab56-46194987092e,24d9f6e5-1f4f-429b-96c7-f5074a1baf43,c1,c4,1011,?,x4,
1768610126.741916,RECEIVED,50bb4cb3-2504-494e-83b3-21088a6191b1,f0d91fdf-6f64-41b6-a332-fe6a8ca84a8e,c1,c5,1445,e7,?,
1768610126.774839,RECEIVED,9f9a0fbf-c540-4613-b68d-7490dde371fa,30554583-189c-46ca-a43e-bb36d139a12b,c2,DROP,1008,e3,?,
1768610126.7961648,SENT,50bb4cb3-2504-494e-83b3-21088a6191b1,f0d91fdf-6f64-41b6-a332-fe6a8ca84a8e,c1,c5,1011,?,x7,
1768610126.796206,FORWARDED,50bb4cb3-2504-494e-83b3-21088a6191b1,f0d91fdf-6f64-41b6-a332-fe6a8ca84a8e,c1,c5,1011,?,x7,
1768610126.852987,SENT,9f9a0fbf-c540-4613-b68d-7490dde371fa,30554583-189c-46ca-a43e-bb36d139a12b,c2,DROP,683,?,x3,
1768610126.8530295,FORWARDED,9f9a0fbf-c540-4613-b68d-7490dde371fa,30554583-189c-46ca-a43e-bb36d139a12b,c2,DROP,683,?,x3,
1768610126.97344,RECEIVED,656b1dcd-15e5-4642-8883-8d08be2def68,2b9b7986-65de-427b-8469-4a1485c902b6,c2,DROP,1015,e8,?,
1768610127.5499287,SENT,656b1dcd-15e5-4642-8883-8d08be2def68,2b9b7986-65de-427b-8469-4a1485c902b6,c2,DROP,688,?,x7,
1768610127.5499709,FORWARDED,656b1dcd-15e5-4642-8883-8d08be2def68,2b9b7986-65de-427b-8469-4a1485c902b6,c2,DROP,688,?,x7,
1768610127.5733044,RECEIVED,d63ccaca-4d62-4ce3-b7fa-160f7e715242,a3b26feb-ab67-4023-9b22-e22e842e5687,c2,c1,1457,e7,?,
1768610127.7577264,RECEIVED,5c8b0911-b873-4e79-8173-ded64a744d62,418c59f4-aed2-484b-80b1-fd49d42b8eb5,c5,c2,1455,e9,?,
1768610127.9571214,SENT,d63ccaca-4d62-4ce3-b7fa-160f7e715242,a3b26feb-ab67-4023-9b22-e22e842e5687,c2,c1,1020,?,x11,
1768610127.9571629,FORWARDED,d63ccaca-4d62-4ce3-b7fa-160f7e715242,a3b26feb-ab67-4023-9b22-e22e842e5687,c2,c1,1020,?,x11,
1768610128.3332036,RECEIVED,ff0aa71e-2ccf-4ebd-b9cc-f68b5c95eff5,94ed512a-d17c-438e-b370-a286265d4226,c3,c1,1452,e6,?,
1768610128.4685707,RECEIVED,3f10bda5-af7a-4f6b-9476-9d1f60d8444f,f3e90920-7cf1-4d8b-bf21-fe8812da009d,c3,c5,1464,e11,?,
1768610128.480278,SENT,ff0aa71e-2ccf-4ebd-b9cc-f68b5c95eff5,94ed512a-d17c-438e-b370-a286265d4226,c3,c1,1015,?,x12,
1768610128.4803197,FORWARDED,ff0aa71e-2ccf-4ebd-b9cc-f68b5c95eff5,94ed512a-d17c-438e-b370-a286265d4226,c3,c1,1015,?,x12,
1768610128.698955,SENT,5c8b0911-b873-4e79-8173-ded64a744d62,418c59f4-aed2-484b-80b1-fd49d42b8eb5,c5,c2,1020,?,x1,
1768610128.6989963,FORWARDED,5c8b0911-b873-4e79-8173-ded64a744d62,418c59f4-aed2-484b-80b1-fd49d42b8eb5,c5,c2,1020,?,x1,
1768610128.8867056,SENT,3f10bda5-af7a-4f6b-9476-9d1f60d8444f,f3e90920-7cf1-4d8b-bf21-fe8812da009d,c3,c5,1024,?,x1,
1768610128.8868225,FORWARDED,3f10bda5-af7a-4f6b-9476-9d1f60d8444f,f3e90920-7cf1-4d8b-bf21-fe8812da009d,c3,c5,1024,?,x1,
1768610129.3130803,RECEIVED,d27bf620-1954-4a87-b268-c4525f3bc38d,b89feea8-b7af-45f6-966f-b3a29bdac499,c2,c3,1444,e1,?,
1768610129.5213964,SENT,d27bf620-1954-4a87-b268-c4525f3bc38d,b89feea8-b7af-45f6-966f-b3a29bdac499,c2,c3,1011,?,x2,
1768610129.5214598,FORWARDED,d27bf620-1954-4a87-b268-c4525f3bc38d,b89feea8-b7af-45f6-966f-b3a29bdac499,c2,c3,1011,?,x2,
1768610129.5277467,RECEIVED,8d8da0f4-50d3-4999-9129-2a9c74b8bb08,0a683cff-c67d-4e85-b0a9-390982f17d73,c1,c5,1447,e12,?,
1768610129.935437,SENT,8d8da0f4-50d3-4999-9129-2a9c74b8bb08,0a683cff-c67d-4e85-b0a9-390982f17d73,c1,c5,1012,?,x2,
1768610129.935474,FORWARDED,8d8da0f4-50d3-4999-9129-2a9c74b8bb08,0a683cff-c67d-4e85-b0a9-390982f17d73,c1,c5,1012,?,x2,
1768610130.6462314,RECEIVED,07aa6892-cae0-41f6-9415-276f92269171,a9f2fb3d-478a-4e6b-bfdf-4d6792cadcd9,c3,c2,1460,e10,?,
1768610130.6561425,RECEIVED,45611025-21f5-4438-be5d-894881d7b85f,1c809a9a-437f-40c4-b614-bfc193b65733,c3,DROP,1009,e8,?,
1768610130.7556016,SENT,45611025-21f5-4438-be5d-894881d7b85f,1c809a9a-437f-40c4-b614-bfc193b65733,c3,DROP,682,?,x7,
1768610130.7556434,FORWARDED,45611025-21f5-4438-be5d-894881d7b85f,1c809a9a-437f-40c4-b614-bfc193b65733,c3,DROP,682,?,x7,
1768610130.7611673,SENT,07aa6892-cae0-41f6-9415-276f92269171,a9f2fb3d-478a-4e6b-bfdf-4d6792cadcd9,c3,c2,1023,?,x7,
1768610130.761207,FORWARDED,07aa6892-cae0-41f6-9415-276f92269171,a9f2fb3d-478a-4e6b-bfdf-4d6792cadcd9,c3,c2,1023,?,x7,
1768610130.9701614,RECEIVED,d6527284-78cc-4292-9ee9-cc0ab864d38e,0583ccb6-e8d9-48aa-b5a0-3abfa3baa290,c5,c3,1451,e4,?,
1768610131.1863363,SENT,d6527284-78cc-4292-9ee9-cc0ab864d38e,0583ccb6-e8d9-48aa-b5a0-3abfa3baa290,c5,c3,1015,?,x9,
1768610131.1863787,FORWARDED,d6527284-78cc-4292-9ee9-cc0ab864d38e,0583ccb6-e8d9-48aa-b5a0-3abfa3baa290,c5,c3,1015,?,x9,
1768610131.382145,RECEIVED,88bc79b8-7fbf-4879-9bf1-d73f8928e42f,8f890074-6c08-4f6a-a687-7622b7311ef3,c2,c5,1452,e2,?,
1768610131.4537032,RECEIVED,514cf5e0-9831-4f12-ad22-9b6f15064535,7a9d4f47-4e49-42d9-9403-c116836786eb,c5,c4,1447,e6,?,
1768610131.4988766,RECEIVED,1d4cf8c1-6161-4d75-aaa6-a2860be43389,aed616ee-ec24-46f1-84ff-18fbf728c567,c5,DROP,1013,e6,?,
1768610131.5913868,SENT,1d4cf8c1-6161-4d75-aaa6-a2860be43389,aed616ee-ec24-46f1-84ff-18fbf728c567,c5,DROP,687,?,x12,
1768610131.59143,FORWARDED,1d4cf8c1-6161-4d75-aaa6-a2860be43389,aed616ee-ec24-46f1-84ff-18fbf728c567,c5,DROP,687,?,x12,
1768610131.815912,SENT,88bc79b8-7fbf-4879-9bf1-d73f8928e42f,8f890074-6c08-4f6a-a687-7622b7311ef3,c2,c5,1015,?,x8,
1768610131.8159552,FORWARDED,88bc79b8-7fbf-4879-9bf1-d73f8928e42f,8f890074-6c08-4f6a-a687-7622b7311ef3,c2,c5,1015,?,x8,
1768610132.0881875,RECEIVED,7f7d802f-b9aa-4490-8734-528539069532,9e34fb07-22f2-4550-8f06-8b0008699bd0,c2,c4,1443,e9,?,
1768610132.4730809,SENT,7f7d802f-b9aa-4490-8734-528539069532,9e34fb07-22f2-4550-8f06-8b0008699bd0,c2,c4,1011,?,x7,
1768610132.4731252,FORWARDED,7f7d802f-b9aa-4490-8734-528539069532,9e34fb07-22f2-4550-8f06-8b0008699bd0,c2,c4,1011,?,x7,
1768610132.5755353,RECEIVED,2bc855e9-1c80-4ff4-8f3e-b9cb08bcc5f8,90af26ed-d235-446e-b401-78046829880b,c5,c2,1445,e7,?,
1768610132.6395383,RECEIVED,de03289e-891b-4ef6-aec9-2b9edca904fa,557fe4e8-0371-413d-bb21-4664fa9467ee,c2,DROP,437,x2,?,
1768610132.6624205,SENT,514cf5e0-9831-4f12-ad22-9b6f15064535,7a9d4f47-4e49-42d9-9403-c116836786eb,c5,c4,1014,?,x6,
1768610132.6624632,FORWARDED,514cf5e0-9831-4f12-ad22-9b6f15064535,7a9d4f47-4e49-42d9-9403-c116836786eb,c5,c4,1014,?,x6,
1768610132.8023934,SENT,2bc855e9-1c80-4ff4-8f3e-b9cb08bcc5f8,90af26ed-d235-446e-b401-78046829880b,c5,c2,1011,?,x10,
1768610132.8024342,FORWARDED,2bc855e9-1c80-4ff4-8f3e-b9cb08bcc5f8,90af26ed-d235-446e-b401-78046829880b,c5,c2,1011,?,x10,
1768610132.9819758,RECEIVED,81eafe33-c1ec-4e3a-bf38-a0db3dbe8e21,e992bd38-a6d5-4ad6-b644-8342f215c228,c3,c1,1451,e4,?,
1768610133.1428618,SENT,81eafe33-c1ec-4e3a-bf38-a0db3dbe8e21,e992bd38-a6d5-4ad6-b644-8342f215c228,c3,c1,1016,?,x5,
1768610133.1429052,FORWARDED,81eafe33-c1ec-4e3a-bf38-a0db3dbe8e21,e992bd38-a6d5-4ad6-b644-8342f215c228,c3,c1,1016,?,x5,
1768610133.9810216,RECEIVED,cf3fc100-f182-4436-a993-7bc16ca71f74,5e68e57b-3387-4f87-b218-20a40912eb21,c3,c1,1448,e5,?,
1768610134.0503163,RECEIVED,a930ae91-dc56-4608-8917-f0ecfc5b2f92,77702554-1cd4-40e2-ba72-021082a8056a,c1,c3,1443,e9,?,
1768610134.0605035,RECEIVED,45317886-2349-4859-8379-180c9bad28c0,09bc1af5-0eaa-430c-92f7-93199f7073d8,c5,c4,1447,e1,?,
1768610134.132077,RECEIVED,84d7b806-3f46-4b0f-b891-79313042e92c,784a1b58-de5e-4d6e-80a5-85549d72c39d,c1,c4,1456,e1,?,
1768610134.258603,SENT,84d7b806-3f46-4b0f-b891-79313042e92c,784a1b58-de5e-4d6e-80a5-85549d72c39d,c1,c4,1020,?,x11,
1768610134.2586446,FORWARDED,84d7b806-3f46-4b0f-b891-79313042e92c,784a1b58-de5e-4d6e-80a5-85549d72c39d,c1,c4,1020,?,x11,
1768610134.3201559,SENT,cf3fc100-f182-4436-a993-7bc16ca71f74,5e68e57b-3387-4f87-b218-20a40912eb21,c3,c1,1012,?,x9,
1768610134.3201978,FORWARDED,cf3fc100-f182-4436-a993-7bc16ca71f74,5e68e57b-3387-4f87-b218-20a40912eb21,c3,c1,1012,?,x9,
1768610134.5136282,RECEIVED,12cfab1c-74b6-4111-a292-0d7ed343bc7a,cfb05322-5874-4ea4-9c66-38f177cb8404,c5,c4,1456,e1,?,
1768610134.8236575,RECEIVED,3d82709f-bc97-406b-82db-ebd53aed35e1,008f6182-24e2-40f4-a8a8-56f37a5359c6,c4,c1,1443,e1,?,
1768610134.8428683,SENT,12cfab1c-74b6-4111-a292-0d7ed343bc7a,cfb05322-5874-4ea4-9c66-38f177cb8404,c5,c4,1020,?,x10,
1768610134.8429098,FORWARDED,12cfab1c-74b6-4111-a292-0d7ed343bc7a,cfb05322-5874-4ea4-9c66-38f177cb8404,c5,c4,1020,?,x10,
1768610134.862891,SENT,45317886-2349-4859-8379-180c9bad28c0,09bc1af5-0eaa-430c-92f7-93199f7073d8,c5,c4,1012,?,x2,
1768610134.8629382,FORWARDED,45317886-2349-4859-8379-180c9bad28c0,09bc1af5-0eaa-430c-92f7-93199f7073d8,c5,c4,1012,?,x2,
1768610134.9133742,SENT,3d82709f-bc97-406b-82db-ebd53aed35e1,008f6182-24e2-40f4-a8a8-56f37a5359c6,c4,c1,1011,?,x3,
1768610134.9134073,FORWARDED,3d82709f-bc97-406b-82db-ebd53aed35e1,008f6182-24e2-40f4-a8a8-56f37a5359c6,c4,c1,1011,?,x3,
1768610135.1742356,RECEIVED,857ff19d-d9f2-42c8-94ee-2c60425addf8,007d13f5-2fe6-4d83-a397-b4cc5aed5c4f,c4,c3,1449,e11,?,
1768610135.2603858,SENT,a930ae91-dc56-4608-8917-f0ecfc5b2f92,77702554-1cd4-40e2-ba72-021082a8056a,c1,c3,1011,?,x9,
1768610135.2604291,FORWARDED,a930ae91-dc56-4608-8917-f0ecfc5b2f92,77702554-1cd4-40e2-ba72-021082a8056a,c1,c3,1011,?,x9,
1768610135.2661119,RECEIVED,b040bcad-aeaa-4fb2-863c-d10123ba09e9,e6fbf0e2-0b5c-4191-b2ae-521efd5ba9b8,c4,DROP,1007,e3,?,
1768610135.295028,RECEIVED,b9d9c9e1-0bac-4930-9dab-9c1f6935ff8a,a5483ced-9d93-4905-b587-bdc4eacb8fb2,c2,c1,1452,e9,?,
1768610135.3021042,SENT,857ff19d-d9f2-42c8-94ee-2c60425addf8,007d13f5-2fe6-4d83-a397-b4cc5aed5c4f,c4,c3,1013,?,x10,
1768610135.3021462,FORWARDED,857ff19d-d9f2-42c8-94ee-2c60425addf8,007d13f5-2fe6-4d83-a397-b4cc5aed5c4f,c4,c3,1013,?,x10,
1768610135.356693,SENT,b9d9c9e1-0bac-4930-9dab-9c1f6935ff8a,a5483ced-9d93-4905-b587-bdc4eacb8fb2,c2,c1,1015,?,x3,
1768610135.3567364,FORWARDED,b9d9c9e1-0bac-4930-9dab-9c1f6935ff8a,a5483ced-9d93-4905-b587-bdc4eacb8fb2,c2,c1,1015,?,x3,
1768610135.5681138,SENT,b040bcad-aeaa-4fb2-863c-d10123ba09e9,e6fbf0e2-0b5c-4191-b2ae-521efd5ba9b8,c4,DROP,683,?,x10,
1768610135.568155,FORWARDED,b040bcad-aeaa-4fb2-863c-d10123ba09e9,e6fbf0e2-0b5c-4191-b2ae-521efd5ba9b8,c4,DROP,683,?,x10,
1768610135.742709,RECEIVED,25adabf1-f784-4a3c-8447-3321eb4dd02f,0a83c29a-f9c2-4755-9005-07624beefa48,c5,c3,1444,e1,?,
1768610135.781419,RECEIVED,e9deac75-7024-4691-944f-3528bb5c6d75,cbdca53f-90f1-4a8f-842b-f8c34d83eb70,c3,DROP,1007,e5,?,
1768610135.9903393,SENT,e9deac75-7024-4691-944f-3528bb5c6d75,cbdca53f-90f1-4a8f-842b-f8c34d83eb70,c3,DROP,684,?,x8,
1768610135.9903774,FORWARDED,e9deac75-7024-4691-944f-3528bb5c6d75,cbdca53f-90f1-4a8f-842b-f8c34d83eb70,c3,DROP,684,?,x8,
1768610136.0503895,SENT,25adabf1-f784-4a3c-8447-3321eb4dd02f,0a83c29a-f9c2-4755-9005-07624beefa48,c5,c3,1010,?,x2,
1768610136.0504313,FORWARDED,25adabf1-f784-4a3c-8447-3321eb4dd02f,0a83c29a-f9c2-4755-9005-07624beefa48,c5,c3,1010,?,x2,
1768610137.0166643,RECEIVED,405aff85-8621-48d3-bb3a-325802fa5817,d85b0f19-3cd3-459b-957f-852161a32ae4,c3,c2,1452,e9,?,
1768610137.2570055,RECEIVED,661c7151-acf8-4ca4-94ab-6ea76a71d077,b8b96a70-6dcb-4c55-83f2-0b8543f3deb6,c1,c5,1445,e8,?,
1768610137.3217041,SENT,661c7151-acf8-4ca4-94ab-6ea76a71d077,b8b96a70-6dcb-4c55-83f2-0b8543f3deb6,c1,c5,1011,?,x8,
1768610137.3217459,FORWARDED,661c7151-acf8-4ca4-94ab-6ea76a71d077,b8b96a70-6dcb-4c55-83f2-0b8543f3deb6,c1,c5,1011,?,x8,
1768610137.9032784,RECEIVED,fae3fcb3-9eda-4854-967c-c023d0189253,917406ab-9a2c-41bc-9599-e458bc92feda,c4,DROP,1008,e9,?,
1768610138.0515044,RECEIVED,0456040e-d435-4e28-9d5a-15f34eccf626,cafd6c1b-d067-4b60-9209-723a7a5ee428,c5,c4,1444,e5,?,
1768610138.113147,RECEIVED,d1ddc681-dc87-4d9f-9920-a6efe1004c63,c882a80a-1ce1-4709-8169-ab6ec021dd0b,c4,c1,1448,e12,?,
1768610138.15588,SENT,0456040e-d435-4e28-9d5a-15f34eccf626,cafd6c1b-d067-4b60-9209-723a7a5ee428,c5,c4,1009,?,x1,
1768610138.1559978,FORWARDED,0456040e-d435-4e28-9d5a-15f34eccf626,cafd6c1b-d067-4b60-9209-723a7a5ee428,c5,c4,1009,?,x1,
1768610138.3905165,SENT,d1ddc681-dc87-4d9f-9920-a6efe1004c63,c882a80a-1ce1-4709-8169-ab6ec021dd0b,c4,c1,1012,?,x4,
1768610138.3905773,FORWARDED,d1ddc681-dc87-4d9f-9920-a6efe1004c63,c882a80a-1ce1-4709-8169-ab6ec021dd0b,c4,c1,1012,?,x4,
1768610138.5336998,RECEIVED,c5e097be-b924-42ba-9bb3-6cebac955bf7,2f55ba69-ec2f-4160-b6df-3f847332be3e,c1,c2,1464,e10,?,
1768610138.5779161,RECEIVED,b154e666-2185-4cec-8f81-209a8d55a516,9ef41b5d-afe9-4a96-80b6-a223424c24cc,c5,DROP,1008,e8,?,
1768610138.59277,SENT,c5e097be-b924-42ba-9bb3-6cebac955bf7,2f55ba69-ec2f-4160-b6df-3f847332be3e,c1,c2,1024,?,x1,
1768610138.5928373,FORWARDED,c5e097be-b924-42ba-9bb3-6cebac955bf7,2f55ba69-ec2f-4160-b6df-3f847332be3e,c1,c2,1024,?,x1,
1768610138.6502855,SENT,405aff85-8621-48d3-bb3a-325802fa5817,d85b0f19-3cd3-459b-957f-852161a32ae4,c3,c2,1015,?,x12,
1768610138.6503484,FORWARDED,405aff85-8621-48d3-bb3a-325802fa5817,d85b0f19-3cd3-459b-957f-852161a32ae4,c3,c2,1015,?,x12,
1768610138.7757213,RECEIVED,f8f897af-3b4c-4ee4-b335-09626f7520bb,7a3b12e3-35f7-4513-9821-bfaa975fe149,c1,c2,1456,e3,?,
1768610138.8249223,SENT,fae3fcb3-9eda-4854-967c-c023d0189253,917406ab-9a2c-41bc-9599-e458bc92feda,c4,DROP,683,?,x12,
1768610138.824984,FORWARDED,fae3fcb3-9eda-4854-967c-c023d0189253,917406ab-9a2c-41bc-9599-e458bc92feda,c4,DROP,683,?,x12,
1768610139.0394673,RECEIVED,79ae90d4-f5a1-4ae2-9d3f-335fb403710b,f373068f-e298-4614-a386-b3dd3cfa0766,c5,c1,1463,e11,?,
1768610139.1286802,SENT,79ae90d4-f5a1-4ae2-9d3f-335fb403710b,f373068f-e298-4614-a386-b3dd3cfa0766,c5,c1,1024,?,x6,
1768610139.1287224,FORWARDED,79ae90d4-f5a1-4ae2-9d3f-335fb403710b,f373068f-e298-4614-a386-b3dd3cfa0766,c5,c1,1024,?,x6,
1768610139.185506,RECEIVED,e2c209c7-8bf0-4f98-871e-c4cfb52cd253,b49efcf3-aa4c-4daf-8439-c49d7dd5b226,c5,c1,1460,e4,?,
1768610139.241702,RECEIVED,0b2cef67-2454-406d-9daf-6e63aa13c631,2c245aca-56f2-43d7-9530-c9545414f316,c4,DROP,1021,e11,?,
1768610139.2566326,SENT,b154e666-2185-4cec-8f81-209a8d55a516,9ef41b5d-afe9-4a96-80b6-a223424c24cc,c5,DROP,683,?,x11,
1768610139.256675,FORWARDED,b154e666-2185-4cec-8f81-209a8d55a516,9ef41b5d-afe9-4a96-80b6-a223424c24cc,c5,DROP,683,?,x11,
1768610139.3824677,SENT,0b2cef67-2454-406d-9daf-6e63aa13c631,2c245aca-56f2-43d7-9530-c9545414f316,c4,DROP,693,?,x11,
1768610139.3825104,FORWARDED,0b2cef67-2454-406d-9daf-6e63aa13c631,2c245aca-56f2-43d7-9530-c9545414f316,c4,DROP,693,?,x11,
1768610139.4187148,RECEIVED,fdc9889b-6a93-4a21-9ceb-67d2f49473d3,cc81fefd-6509-42ed-8c27-2b0386498e1a,c1,c2,1452,e6,?,
1768610139.4196115,SENT,f8f897af-3b4c-4ee4-b335-09626f7520bb,7a3b12e3-35f7-4513-9821-bfaa975fe149,c1,c2,1020,?,x12,
1768610139.4196503,FORWARDED,f8f897af-3b4c-4ee4-b335-09626f7520bb,7a3b12e3-35f7-4513-9821-bfaa975fe149,c1,c2,1020,?,x12,
1768610139.5099587,SENT,e2c209c7-8bf0-4f98-871e-c4cfb52cd253,b49efcf3-aa4c-4daf-8439-c49d7dd5b226,c5,c1,1023,?,x12,
1768610139.5100002,FORWARDED,e2c209c7-8bf0-4f98-871e-c4cfb52cd253,b49efcf3-aa4c-4daf-8439-c49d7dd5b226,c5,c1,1023,?,x12,
1768610139.7855651,SENT,fdc9889b-6a93-4a21-9ceb-67d2f49473d3,cc81fefd-6509-42ed-8c27-2b0386498e1a,c1,c2,1015,?,x2,
1768610139.7856073,FORWARDED,fdc9889b-6a93-4a21-9ceb-67d2f49473d3,cc81fefd-6509-42ed-8c27-2b0386498e1a,c1,c2,1015,?,x2,
1768610140.6674745,RECEIVED,150d549a-24ae-44a3-a42f-c191bbff329e,ec9452c0-d956-4a18-ba68-c4ec818b3ea0,c3,c5,1442,e7,?,
1768610140.7679784,RECEIVED,cd7b3e72-49ec-41dd-a8aa-38dce6e09349,1b7a60f5-20ab-471a-8684-6f2083ba478f,c1,c2,1440,e8,?,
1768610140.833941,SENT,cd7b3e72-49ec-41dd-a8aa-38dce6e09349,1b7a60f5-20ab-471a-8684-6f2083ba478f,c1,c2,1008,?,x9,
1768610140.8339915,FORWARDED,cd7b3e72-49ec-41dd-a8aa-38dce6e09349,1b7a60f5-20ab-471a-8684-6f2083ba478f,c1,c2,1008,?,x9,
1768610141.2722425,RECEIVED,2d9402e5-2884-499f-a0eb-558bfee3cf08,02346770-b658-454b-a379-0a89b5bd44c9,c1,c4,1448,e9,?,
1768610141.3445137,SENT,2d9402e5-2884-499f-a0eb-558bfee3cf08,02346770-b658-454b-a379-0a89b5bd44c9,c1,c4,1012,?,x5,
1768610141.3445566,FORWARDED,2d9402e5-2884-499f-a0eb-558bfee3cf08,02346770-b658-454b-a379-0a89b5bd44c9,c1,c4,1012,?,x5,
1768610141.4494205,SENT,150d549a-24ae-44a3-a42f-c191bbff329e,ec9452c0-d956-4a18-ba68-c4ec818b3ea0,c3,c5,1011,?,x8,
1768610141.4494638,FORWARDED,150d549a-24ae-44a3-a42f-c191bbff329e,ec9452c0-d956-4a18-ba68-c4ec818b3ea0,c3,c5,1011,?,x8,
1768610141.8852808,RECEIVED,4cc1614b-3b1a-4fcc-8d27-bac4e724667a,0683b745-47f9-4b1f-b9cb-c88cf541d9e0,c5,c3,1446,e7,?,
1768610142.3965015,RECEIVED,7248ab3c-97d4-418d-87d0-f8cd49cc3e54,e41a8b41-3e23-4c21-9b2d-0198e9c9b538,c2,c4,1443,e12,?,
1768610142.3985114,RECEIVED,cd222be7-f271-4b4d-90c2-9465fd4f97e8,9d74e5ad-9e0c-4f3f-9624-b2951e905cee,c3,c1,1452,e5,?,
1768610142.615238,SENT,7248ab3c-97d4-418d-87d0-f8cd49cc3e54,e41a8b41-3e23-4c21-9b2d-0198e9c9b538,c2,c4,1011,?,x4,
1768610142.6152802,FORWARDED,7248ab3c-97d4-418d-87d0-f8cd49cc3e54,e41a8b41-3e23-4c21-9b2d-0198e9c9b538,c2,c4,1011,?,x4,
1768610142.8421254,SENT,cd222be7-f271-4b4d-90c2-9465fd4f97e8,9d74e5ad-9e0c-4f3f-9624-b2951e905cee,c3,c1,1015,?,x2,
1768610142.842166,FORWARDED,cd222be7-f271-4b4d-90c2-9465fd4f97e8,9d74e5ad-9e0c-4f3f-9624-b2951e905cee,c3,c1,1015,?,x2,
1768610142.8904898,RECEIVED,6cf9918f-c9e0-482d-9189-9fa5ec3482f5,44c3a7c5-da3f-440b-ac60-99fa16b066c1,c4,c1,1455,e7,?,
1768610142.9160137,RECEIVED,57d764e5-223a-41f4-863c-9cb962aa4836,c1b30f55-76cd-4fea-8c84-ae08b19cf70a,c3,DROP,1019,e10,?,
1768610142.9935148,SENT,57d764e5-223a-41f4-863c-9cb962aa4836,c1b30f55-76cd-4fea-8c84-ae08b19cf70a,c3,DROP,692,?,x4,
1768610142.9935544,FORWARDED,57d764e5-223a-41f4-863c-9cb962aa4836,c1b30f55-76cd-4fea-8c84-ae08b19cf70a,c3,DROP,692,?,x4,
1768610143.2311857,RECEIVED,0fb23d50-67ea-4c09-8f3f-e46fc7d4c5e1,066dd240-b50e-4b00-afba-5e6b184515b7,c2,c5,1456,e11,?,
1768610143.3091116,SENT,0fb23d50-67ea-4c09-8f3f-e46fc7d4c5e1,066dd240-b50e-4b00-afba-5e6b184515b7,c2,c5,1019,?,x7,
1768610143.3091545,FORWARDED,0fb23d50-67ea-4c09-8f3f-e46fc7d4c5e1,066dd240-b50e-4b00-afba-5e6b184515b7,c2,c5,1019,?,x7,
1768610143.879153,RECEIVED,e89b0401-56e3-4a6b-8d76-32235f3deba5,8c17bdde-a055-4163-ba54-905146c85b29,c3,c5,1453,e7,?,
1768610144.0735183,SENT,6cf9918f-c9e0-482d-9189-9fa5ec3482f5,44c3a7c5-da3f-440b-ac60-99fa16b066c1,c4,c1,1020,?,x2,
1768610144.0735617,FORWARDED,6cf9918f-c9e0-482d-9189-9fa5ec3482f5,44c3a7c5-da3f-440b-ac60-99fa16b066c1,c4,c1,1020,?,x2,
1768610144.1477842,SENT,4cc1614b-3b1a-4fcc-8d27-bac4e724667a,0683b745-47f9-4b1f-b9cb-c88cf541d9e0,c5,c3,1012,?,x7,
1768610144.1478236,FORWARDED,4cc1614b-3b1a-4fcc-8d27-bac4e724667a,0683b745-47f9-4b1f-b9cb-c88cf541d9e0,c5,c3,1012,?,x7,
1768610144.276666,SENT,e89b0401-56e3-4a6b-8d76-32235f3deba5,8c17bdde-a055-4163-ba54-905146c85b29,c3,c5,1016,?,x12,
1768610144.2767086,FORWARDED,e89b0401-56e3-4a6b-8d76-32235f3deba5,8c17bdde-a055-4163-ba54-905146c85b29,c3,c5,1016,?,x12,
1768610144.7795646,RECEIVED,c8f4e13a-74f5-451f-be01-67b94dfa897a,7f55cf63-fa93-4a2a-9fe6-66903848a4f4,c2,c1,1464,e8,?,
1768610145.2910187,SENT,c8f4e13a-74f5-451f-be01-67b94dfa897a,7f55cf63-fa93-4a2a-9fe6-66903848a4f4,c2,c1,1024,?,x11,
1768610145.2911775,FORWARDED,c8f4e13a-74f5-451f-be01-67b94dfa897a,7f55cf63-fa93-4a2a-9fe6-66903848a4f4,c2,c1,1024,?,x11,
1768610145.5135245,RECEIVED,77e4a782-3713-477f-8559-a195969b80f8,6a380ce1-2987-42ef-bdfe-fba88aff6e2e,c4,c5,1445,e4,?,
1768610145.5697708,SENT,77e4a782-3713-477f-8559-a195969b80f8,6a380ce1-2987-42ef-bdfe-fba88aff6e2e,c4,c5,1011,?,x5,
1768610145.5698202,FORWARDED,77e4a782-3713-477f-8559-a195969b80f8,6a380ce1-2987-42ef-bdfe-fba88aff6e2e,c4,c5,1011,?,x5,
1768610145.9832854,RECEIVED,4bb93236-a31f-4ed5-8607-1c62e143e7cc,3007a1f8-75c5-4990-a777-4421aef41e8b,c2,c4,1455,e10,?,
1768610146.1250153,SENT,4bb93236-a31f-4ed5-8607-1c62e143e7cc,3007a1f8-75c5-4990-a777-4421aef41e8b,c2,c4,1019,?,x1,
1768610146.1251125,FORWARDED,4bb93236-a31f-4ed5-8607-1c62e143e7cc,3007a1f8-75c5-4990-a777-4421aef41e8b,c2,c4,1019,?,x1,
1768610146.3715713,RECEIVED,e92ebf27-a869-4ec3-a496-3486896bba39,ed8c5402-d0c2-4a8f-a7b9-1ce862920908,c4,DROP,1008,e9,?,
1768610146.4610798,RECEIVED,319f27a5-5abc-4321-a761-fceb547d50e0,09ec60ca-2176-4d47-87bc-9c54a478a712,c3,DROP,1018,e6,?,
1768610146.5092752,SENT,319f27a5-5abc-4321-a761-fceb547d50e0,09ec60ca-2176-4d47-87bc-9c54a478a712,c3,DROP,688,?,x10,
1768610146.5093892,FORWARDED,319f27a5-5abc-4321-a761-fceb547d50e0,09ec60ca-2176-4d47-87bc-9c54a478a712,c3,DROP,688,?,x10,
1768610147.1275625,RECEIVED,acb7197d-a819-4caf-b135-33f7769e1b24,6e9dab09-e976-4207-b116-970ae9713058,c2,DROP,1016,e9,?,
1768610147.1437275,RECEIVED,f481bf90-aa7f-4bef-9694-0d0d3f8eade6,6f95e073-5995-4ba6-bcd8-328eef69e18e,c5,c4,1443,e5,?,
1768610147.2710176,SENT,acb7197d-a819-4caf-b135-33f7769e1b24,6e9dab09-e976-4207-b116-970ae9713058,c2,DROP,688,?,x7,
1768610147.2710743,FORWARDED,acb7197d-a819-4caf-b135-33f7769e1b24,6e9dab09-e976-4207-b116-970ae9713058,c2,DROP,688,?,x7,
1768610147.9751115,RECEIVED,78913630-11df-4428-9ee5-1b33d9401bbb,6e4d88aa-0e69-475d-bef4-f37edb5d0efe,c4,c5,1460,e7,?,
1768610148.1047056,RECEIVED,d3e1c892-fb67-4750-b689-cc945bad4d36,d3ac6f63-cf84-449c-b98d-2365976aaf45,c1,c5,1451,e7,?,
1768610148.1505942,RECEIVED,fca89117-9bc5-4904-9b9c-18d073522d17,af765d6d-8da5-475b-a68d-c2398a17ba90,c3,DROP,441,x11,?,
1768610148.2834692,SENT,78913630-11df-4428-9ee5-1b33d9401bbb,6e4d88aa-0e69-475d-bef4-f37edb5d0efe,c4,c5,1023,?,x12,
1768610148.2835226,FORWARDED,78913630-11df-4428-9ee5-1b33d9401bbb,6e4d88aa-0e69-475d-bef4-f37edb5d0efe,c4,c5,1023,?,x12,
1768610148.3529592,RECEIVED,e102eb1f-e2a2-4b41-953d-c06551a57269,42896fbb-d7bc-436b-ae45-1cd6c2a5de69,c3,c5,1447,e1,?,
1768610148.510171,SENT,d3e1c892-fb67-4750-b689-cc945bad4d36,d3ac6f63-cf84-449c-b98d-2365976aaf45,c1,c5,1015,?,x5,
1768610148.5102122,FORWARDED,d3e1c892-fb67-4750-b689-cc945bad4d36,d3ac6f63-cf84-449c-b98d-2365976aaf45,c1,c5,1015,?,x5,
1768610148.63894,RECEIVED,b95c6773-0e91-43da-9adf-c491deac8fd5,9e30bb6e-c9ee-47bd-98d7-afb3aa5731ca,c2,c3,1452,e6,?,
1768610148.7119167,SENT,b95c6773-0e91-43da-9adf-c491deac8fd5,9e30bb6e-c9ee-47bd-98d7-afb3aa5731ca,c2,c3,1016,?,x6,
1768610148.7119594,FORWARDED,b95c6773-0e91-43da-9adf-c491deac8fd5,9e30bb6e-c9ee-47bd-98d7-afb3aa5731ca,c2,c3,1016,?,x6,
1768610148.7928827,SENT,f481bf90-aa7f-4bef-9694-0d0d3f8eade6,6f95e073-5995-4ba6-bcd8-328eef69e18e,c5,c4,1011,?,x4,
1768610148.7929685,FORWARDED,f481bf90-aa7f-4bef-9694-0d0d3f8eade6,6f95e073-5995-4ba6-bcd8-328eef69e18e,c5,c4,1011,?,x4,
1768610148.9281697,SENT,e92ebf27-a869-4ec3-a496-3486896bba39,ed8c5402-d0c2-4a8f-a7b9-1ce862920908,c4,DROP,683,?,x12,
1768610148.9282122,FORWARDED,e92ebf27-a869-4ec3-a496-3486896bba39,ed8c5402-d0c2-4a8f-a7b9-1ce862920908,c4,DROP,683,?,x12,
1768610149.3058712,RECEIVED,d41d30de-e7b3-48b6-bc7a-6bd4ad621ffa,1f174114-b0c7-4d31-aaed-5a73fd15b2c8,c1,c2,1455,e7,?,
1768610149.3979118,RECEIVED,80ed44c0-b5a5-4022-9176-3682e9e2aa7a,3afba562-0539-48c0-ad61-e27f7f520041,c3,c5,1452,e10,?,
1768610149.4526665,SENT,80ed44c0-b5a5-4022-9176-3682e9e2aa7a,3afba562-0539-48c0-ad61-e27f7f520041,c3,c5,1015,?,x9,
1768610149.45271,FORWARDED,80ed44c0-b5a5-4022-9176-3682e9e2aa7a,3afba562-0539-48c0-ad61-e27f7f520041,c3,c5,1015,?,x9,
1768610149.5564094,RECEIVED,f794632a-379f-4dbc-b413-9f38a191af42,8b031c70-dac9-4717-baf2-49192ce192df,c2,DROP,1012,e10,?,
1768610149.655767,SENT,f794632a-379f-4dbc-b413-9f38a191af42,8b031c70-dac9-4717-baf2-49192ce192df,c2,DROP,685,?,x1,
1768610149.6558073,FORWARDED,f794632a-379f-4dbc-b413-9f38a191af42,8b031c70-dac9-4717-baf2-49192ce192df,c2,DROP,685,?,x1,
1768610149.732035,SENT,e102eb1f-e2a2-4b41-953d-c06551a57269,42896fbb-d7bc-436b-ae45-1cd6c2a5de69,c3,c5,1012,?,x6,
1768610149.732098,FORWARDED,e102eb1f-e2a2-4b41-953d-c06551a57269,42896fbb-d7bc-436b-ae45-1cd6c2a5de69,c3,c5,1012,?,x6,
1768610149.8256915,SENT,d41d30de-e7b3-48b6-bc7a-6bd4ad621ffa,1f174114-b0c7-4d31-aaed-5a73fd15b2c8,c1,c2,1019,?,x9,
1768610149.8259885,FORWARDED,d41d30de-e7b3-48b6-bc7a-6bd4ad621ffa,1f174114-b0c7-4d31-aaed-5a73fd15b2c8,c1,c2,1019,?,x9,
1768610149.9959252,RECEIVED,e2eb7802-4754-4b88-bc7e-89917c0183f0,4fdf9b3e-5327-4791-86db-a0687f0e8b8c,c4,c5,1449,e1,?,
1768610150.0547085,SENT,e2eb7802-4754-4b88-bc7e-89917c0183f0,4fdf9b3e-5327-4791-86db-a0687f0e8b8c,c4,c5,1013,?,x11,
1768610150.054752,FORWARDED,e2eb7802-4754-4b88-bc7e-89917c0183f0,4fdf9b3e-5327-4791-86db-a0687f0e8b8c,c4,c5,1013,?,x11,
1768610150.59307,RECEIVED,b3324250-aa70-42cf-85f8-72f3c56f6b1f,d787d48d-b0ac-4747-84ea-cbf8cf18312b,c2,c3,1456,e11,?,
1768610150.8127413,RECEIVED,5290a841-1b03-4e6e-903f-9f3876345c97,45b1afe8-633f-486d-9d75-d695dbf38521,c3,c1,1451,e9,?,
1768610150.83146,SENT,b3324250-aa70-42cf-85f8-72f3c56f6b1f,d787d48d-b0ac-4747-84ea-cbf8cf18312b,c2,c3,1020,?,x11,
1768610150.8315017,FORWARDED,b3324250-aa70-42cf-85f8-72f3c56f6b1f,d787d48d-b0ac-4747-84ea-cbf8cf18312b,c2,c3,1020,?,x11,
1768610152.1683285,RECEIVED,a0f16123-499f-4cdd-8386-1873593cbbee,a2c1ed60-22af-4d94-89b2-dcb033faa8d5,c5,c2,1451,e4,?,
1768610152.3405175,SENT,5290a841-1b03-4e6e-903f-9f3876345c97,45b1afe8-633f-486d-9d75-d695dbf38521,c3,c1,1016,?,x4,
1768610152.3405597,FORWARDED,5290a841-1b03-4e6e-903f-9f3876345c97,45b1afe8-633f-486d-9d75-d695dbf38521,c3,c1,1016,?,x4,
1768610152.4812355,SENT,a0f16123-499f-4cdd-8386-1873593cbbee,a2c1ed60-22af-4d94-89b2-dcb033faa8d5,c5,c2,1016,?,x1,
1768610152.4812777,FORWARDED,a0f16123-499f-4cdd-8386-1873593cbbee,a2c1ed60-22af-4d94-89b2-dcb033faa8d5,c5,c2,1016,?,x1,
1768610152.991555,RECEIVED,9960b6e5-3f5d-482a-82bb-d13d9b921479,fe49cf63-39c3-443f-8249-9b1bbc1b423b,c4,c3,1464,e2,?,
1768610153.5660236,RECEIVED,77bde095-6517-474c-b9ab-fca3968d8227,cb76314e-c009-4b6f-8d2e-f969f2b10916,c5,c1,1459,e11,?,
1768610154.229695,SENT,9960b6e5-3f5d-482a-82bb-d13d9b921479,fe49cf63-39c3-443f-8249-9b1bbc1b423b,c4,c3,1024,?,x11,
1768610154.2297316,FORWARDED,9960b6e5-3f5d-482a-82bb-d13d9b921479,fe49cf63-39c3-443f-8249-9b1bbc1b423b,c4,c3,1024,?,x11,
1768610154.9569206,SENT,77bde095-6517-474c-b9ab-fca3968d8227,cb76314e-c009-4b6f-8d2e-f969f2b10916,c5,c1,1023,?,x5,
1768610154.9569616,FORWARDED,77bde095-6517-474c-b9ab-fca3968d8227,cb76314e-c009-4b6f-8d2e-f969f2b10916,c5,c1,1023,?,x5,
1768610155.442747,RECEIVED,1414627a-0038-4167-bf20-f656cf604bc1,3f8347ea-0159-41d2-8441-bc0251257ac8,c3,DROP,1016,e6,?,
1768610155.5064723,RECEIVED,0fd4b092-c62a-49e2-9b54-5f64dd015444,e676694b-af1d-4809-ae3c-c527e6ebbb16,c5,c1,1457,e3,?,
1768610155.6578069,RECEIVED,aaba6a2b-74fd-47ba-81b6-c8556f16f16e,72e170eb-8781-4611-85c4-3be8d2d1e891,c1,c2,1447,e8,?,
1768610155.6825302,RECEIVED,02914d0d-a2c4-430a-8330-2ecb3b979599,430b1d8c-06fd-4570-90a5-ac6c5b0a453c,c3,c1,1453,e6,?,
1768610155.723131,SENT,02914d0d-a2c4-430a-8330-2ecb3b979599,430b1d8c-06fd-4570-90a5-ac6c5b0a453c,c3,c1,1015,?,x1,
1768610155.723174,FORWARDED,02914d0d-a2c4-430a-8330-2ecb3b979599,430b1d8c-06fd-4570-90a5-ac6c5b0a453c,c3,c1,1015,?,x1,
1768610155.726588,SENT,1414627a-0038-4167-bf20-f656cf604bc1,3f8347ea-0159-41d2-8441-bc0251257ac8,c3,DROP,688,?,x8,
1768610155.726628,FORWARDED,1414627a-0038-4167-bf20-f656cf604bc1,3f8347ea-0159-41d2-8441-bc0251257ac8,c3,DROP,688,?,x8,
1768610155.7504067,SENT,0fd4b092-c62a-49e2-9b54-5f64dd015444,e676694b-af1d-4809-ae3c-c527e6ebbb16,c5,c1,1019,?,x11,
1768610155.7504516,FORWARDED,0fd4b092-c62a-49e2-9b54-5f64dd015444,e676694b-af1d-4809-ae3c-c527e6ebbb16,c5,c1,1019,?,x11,
1768610155.7804081,RECEIVED,21a4ff6e-759a-45b2-ae6c-5aa8a11b33ed,82ceedcb-ca9a-4b42-9e48-00a680c2c6e8,c5,DROP,441,x7,?,
1768610155.8382862,RECEIVED,7e61c52c-22c1-4631-a2b8-79df8d8c65fe,10ba4016-1bac-478e-ac8c-1023e19c47f9,c4,c1,1453,e8,?,
1768610156.0449638,SENT,7e61c52c-22c1-4631-a2b8-79df8d8c65fe,10ba4016-1bac-478e-ac8c-1023e19c47f9,c4,c1,1017,?,x11,
1768610156.0450056,FORWARDED,7e61c52c-22c1-4631-a2b8-79df8d8c65fe,10ba4016-1bac-478e-ac8c-1023e19c47f9,c4,c1,1017,?,x11,
1768610156.055312,RECEIVED,21a0b496-bc8a-4c72-8e23-2d9a340663ae,e7605696-352a-4385-b11c-c43cf56f123a,c3,c2,1447,e6,?,
1768610156.084618,SENT,aaba6a2b-74fd-47ba-81b6-c8556f16f16e,72e170eb-8781-4611-85c4-3be8d2d1e891,c1,c2,1012,?,x5,
1768610156.0846603,FORWARDED,aaba6a2b-74fd-47ba-81b6-c8556f16f16e,72e170eb-8781-4611-85c4-3be8d2d1e891,c1,c2,1012,?,x5,
1768610156.0931258,RECEIVED,f152492b-804e-4738-90eb-d26e19aa2413,180504ce-2a91-4103-b2b8-15ef0ff6af08,c2,DROP,442,x9,?,
1768610156.222054,RECEIVED,9ee0f4e6-fcba-47ff-8019-8e65d174d56b,948ceb0a-d7ff-465e-9aa4-2203f0bf79ea,c3,c5,1448,e6,?,
1768610156.2477615,RECEIVED,0dea7db8-2270-4c41-8623-b747fc74a5b5,cf2c6659-434c-41a6-aeae-992c72b24b20,c5,c3,1444,e3,?,
1768610156.324723,SENT,0dea7db8-2270-4c41-8623-b747fc74a5b5,cf2c6659-434c-41a6-aeae-992c72b24b20,c5,c3,1011,?,x8,
1768610156.3247652,FORWARDED,0dea7db8-2270-4c41-8623-b747fc74a5b5,cf2c6659-434c-41a6-aeae-992c72b24b20,c5,c3,1011,?,x8,
1768610156.435815,RECEIVED,242327b8-5d9c-4a6d-8be8-e58f0b9ac239,8da6dcb2-7488-428c-a492-dfe8d8418de4,c3,c1,1455,e6,?,
1768610156.678643,RECEIVED,d5b60319-4739-4a34-ba04-e158f2433c17,95e02241-5cae-4b0a-9002-981fa2682033,c5,c1,1465,e8,?,
1768610156.7697241,SENT,d5b60319-4739-4a34-ba04-e158f2433c17,95e02241-5cae-4b0a-9002-981fa2682033,c5,c1,1024,?,x12,
1768610156.7697616,FORWARDED,d5b60319-4739-4a34-ba04-e158f2433c17,95e02241-5cae-4b0a-9002-981fa2682033,c5,c1,1024,?,x12,
1768610156.8270392,SENT,242327b8-5d9c-4a6d-8be8-e58f0b9ac239,8da6dcb2-7488-428c-a492-dfe8d8418de4,c3,c1,1019,?,x7,
1768610156.8271081,FORWARDED,242327b8-5d9c-4a6d-8be8-e58f0b9ac239,8da6dcb2-7488-428c-a492-dfe8d8418de4,c3,c1,1019,?,x7,
1768610157.1470416,SENT,21a0b496-bc8a-4c72-8e23-2d9a340663ae,e7605696-352a-4385-b11c-c43cf56f123a,c3,c2,1012,?,x9,
1768610157.147103,FORWARDED,21a0b496-bc8a-4c72-8e23-2d9a340663ae,e7605696-352a-4385-b11c-c43cf56f123a,c3,c2,1012,?,x9,
1768610157.2798378,RECEIVED,881e7614-57bd-454b-9342-2b2ed97352c0,a84920b0-facd-4c43-b2c7-d2315cea62c8,c4,c2,1447,e10,?,
1768610157.4465954,RECEIVED,f5e45a6d-7c3b-4bc1-993a-248075fb4ae5,9dc4c10b-3a4b-4a38-b6e0-7b0939cc4887,c1,c3,1451,e11,?,
1768610157.578866,RECEIVED,984aa523-d8b0-405b-85c9-9a081071c61e,3bfae8f5-a371-42fe-9ba8-4192b3ca7db7,c5,DROP,442,x8,?,
1768610157.814309,SENT,881e7614-57bd-454b-9342-2b2ed97352c0,a84920b0-facd-4c43-b2c7-d2315cea62c8,c4,c2,1012,?,x9,
1768610157.8143508,FORWARDED,881e7614-57bd-454b-9342-2b2ed97352c0,a84920b0-facd-4c43-b2c7-d2315cea62c8,c4,c2,1012,?,x9,
1768610158.3660765,RECEIVED,3583c940-4d7d-47f6-9f00-e3ee926f60e5,90c58868-383b-4f1a-8ac6-5acb8990fba3,c3,c5,1451,e9,?,
1768610158.640754,SENT,f5e45a6d-7c3b-4bc1-993a-248075fb4ae5,9dc4c10b-3a4b-4a38-b6e0-7b0939cc4887,c1,c3,1015,?,x4,
1768610158.6407971,FORWARDED,f5e45a6d-7c3b-4bc1-993a-248075fb4ae5,9dc4c10b-3a4b-4a38-b6e0-7b0939cc4887,c1,c3,1015,?,x4,
1768610158.7399893,RECEIVED,f12cb9e2-a93f-464f-96cb-eead5b3c8567,5f4bc40c-0674-496a-86bc-9bbd428cf739,c5,DROP,441,x9,?,
1768610158.9414937,SENT,9ee0f4e6-fcba-47ff-8019-8e65d174d56b,948ceb0a-d7ff-465e-9aa4-2203f0bf79ea,c3,c5,1012,?,x11,
1768610158.9415362,FORWARDED,9ee0f4e6-fcba-47ff-8019-8e65d174d56b,948ceb0a-d7ff-465e-9aa4-2203f0bf79ea,c3,c5,1012,?,x11,
1768610159.1468267,SENT,3583c940-4d7d-47f6-9f00-e3ee926f60e5,90c58868-383b-4f1a-8ac6-5acb8990fba3,c3,c5,1016,?,x7,
1768610159.146865,FORWARDED,3583c940-4d7d-47f6-9f00-e3ee926f60e5,90c58868-383b-4f1a-8ac6-5acb8990fba3,c3,c5,1016,?,x7,
1768610159.3695116,RECEIVED,a1011670-a638-4420-aec4-5e03e96b6e10,671ba0b7-8c97-4b2a-bfb6-ffc883ec34a4,c5,DROP,447,x11,?,
1768610160.4533749,RECEIVED,0068c4ee-8c5c-4f28-89c8-5d8f3769a3a2,3c4d9a8a-856c-47af-8433-0257b44109f5,c4,c2,1451,e9,?,
1768610160.5100965,RECEIVED,12409eec-de11-4606-88d8-c97931000ac8,7b9e69a0-c48b-44b3-ba31-e80526f25b0a,c2,c3,1450,e6,?,
1768610160.6847281,RECEIVED,693675e2-b388-4f92-896f-62160c2b9cf8,3e36b89a-ac59-4e35-961e-67267173f362,c2,c1,1444,e6,?,
1768610160.7363005,RECEIVED,3a68bd3c-2db3-4999-a146-7fba061e1fcf,4c930731-74b9-4560-8332-664ef7910f87,c4,DROP,443,x5,?,
1768610160.778034,RECEIVED,4648c231-4b87-4a2e-87c8-342bbb6bef36,f1e2a6eb-4d3a-4b44-95b3-35c273192f65,c5,c1,1450,e1,?,
1768610160.8299696,RECEIVED,4dbd9463-3f8d-4ae7-a5b7-1ae70cc1d8fc,dd243854-421c-4ee1-a120-f144fca2cf03,c4,c1,1447,e12,?,
1768610160.8667922,SENT,4648c231-4b87-4a2e-87c8-342bbb6bef36,f1e2a6eb-4d3a-4b44-95b3-35c273192f65,c5,c1,1012,?,x7,
1768610160.8668325,FORWARDED,4648c231-4b87-4a2e-87c8-342bbb6bef36,f1e2a6eb-4d3a-4b44-95b3-35c273192f65,c5,c1,1012,?,x7,
1768610160.908339,SENT,693675e2-b388-4f92-896f-62160c2b9cf8,3e36b89a-ac59-4e35-961e-67267173f362,c2,c1,1011,?,x6,
1768610160.9083812,FORWARDED,693675e2-b388-4f92-896f-62160c2b9cf8,3e36b89a-ac59-4e35-961e-67267173f362,c2,c1,1011,?,x6,
1768610160.982412,RECEIVED,8207fbaf-86f5-49d7-b591-be8e2da72412,a77d8e74-dcfd-4a71-9f6b-2daa846f83bc,c2,c1,1459,e11,?,
1768610161.0763328,RECEIVED,14e4e0f8-e134-4fb9-9478-b50d670112d4,a5157b65-18fa-4b99-8393-246a27bfe157,c4,c2,1456,e6,?,
1768610161.1069624,SENT,8207fbaf-86f5-49d7-b591-be8e2da72412,a77d8e74-dcfd-4a71-9f6b-2daa846f83bc,c2,c1,1022,?,x1,
1768610161.107005,FORWARDED,8207fbaf-86f5-49d7-b591-be8e2da72412,a77d8e74-dcfd-4a71-9f6b-2daa846f83bc,c2,c1,1022,?,x1,
1768610161.2896357,SENT,12409eec-de11-4606-88d8-c97931000ac8,7b9e69a0-c48b-44b3-ba31-e80526f25b0a,c2,c3,1015,?,x7,
1768610161.2896755,FORWARDED,12409eec-de11-4606-88d8-c97931000ac8,7b9e69a0-c48b-44b3-ba31-e80526f25b0a,c2,c3,1015,?,x7,
1768610161.4206288,SENT,14e4e0f8-e134-4fb9-9478-b50d670112d4,a5157b65-18fa-4b99-8393-246a27bfe157,c4,c2,1020,?,x3,
1768610161.4208803,FORWARDED,14e4e0f8-e134-4fb9-9478-b50d670112d4,a5157b65-18fa-4b99-8393-246a27bfe157,c4,c2,1020,?,x3,
1768610161.7213953,SENT,4dbd9463-3f8d-4ae7-a5b7-1ae70cc1d8fc,dd243854-421c-4ee1-a120-f144fca2cf03,c4,c1,1012,?,x4,
1768610161.7214367,FORWARDED,4dbd9463-3f8d-4ae7-a5b7-1ae70cc1d8fc,dd243854-421c-4ee1-a120-f144fca2cf03,c4,c1,1012,?,x4,
1768610161.8429837,RECEIVED,fb78c6a0-d035-4b27-ae1c-82fcfeea51cc,dd681880-a1ab-4ee4-ba15-91587997137b,c3,c2,1448,e3,?,
1768610161.8892558,SENT,0068c4ee-8c5c-4f28-89c8-5d8f3769a3a2,3c4d9a8a-856c-47af-8433-0257b44109f5,c4,c2,1015,?,x10,
1768610161.8892946,FORWARDED,0068c4ee-8c5c-4f28-89c8-5d8f3769a3a2,3c4d9a8a-856c-47af-8433-0257b44109f5,c4,c2,1015,?,x10,
1768610162.0317152,RECEIVED,51ff0747-0c62-445c-a17f-bdffecc9164e,d1c1efd9-84a0-4318-a4c7-6ed645128115,c5,c1,1460,e11,?,
1768610162.0529373,RECEIVED,9b8279f2-285f-4563-b35f-d99bbb479371,716f5f79-ddae-422c-9692-c59c05332b5b,c4,c1,1443,e2,?,
1768610162.0916247,SENT,51ff0747-0c62-445c-a17f-bdffecc9164e,d1c1efd9-84a0-4318-a4c7-6ed645128115,c5,c1,1023,?,x3,
1768610162.0916681,FORWARDED,51ff0747-0c62-445c-a17f-bdffecc9164e,d1c1efd9-84a0-4318-a4c7-6ed645128115,c5,c1,1023,?,x3,
1768610162.1940608,SENT,fb78c6a0-d035-4b27-ae1c-82fcfeea51cc,dd681880-a1ab-4ee4-ba15-91587997137b,c3,c2,1012,?,x9,
1768610162.1941047,FORWARDED,fb78c6a0-d035-4b27-ae1c-82fcfeea51cc,dd681880-a1ab-4ee4-ba15-91587997137b,c3,c2,1012,?,x9,
1768610162.2532587,RECEIVED,4409febc-8225-44f6-ab68-bca656de96b4,f98efffb-d974-416d-b0a4-5781b741d8e8,c5,c3,1442,e1,?,
1768610162.5025616,RECEIVED,98bf0b71-844e-4ba6-9c47-9975cb16717f,6f399910-5584-4d39-8c21-0957934afcbc,c2,DROP,442,x3,?,
1768610162.5232737,SENT,9b8279f2-285f-4563-b35f-d99bbb479371,716f5f79-ddae-422c-9692-c59c05332b5b,c4,c1,1011,?,x1,
1768610162.5233173,FORWARDED,9b8279f2-285f-4563-b35f-d99bbb479371,716f5f79-ddae-422c-9692-c59c05332b5b,c4,c1,1011,?,x1,
1768610163.115075,RECEIVED,c041c639-d464-4792-86ce-85fa0b547c9e,992aab42-4d47-4038-aae5-980ffe70fa06,c1,c4,1448,e1,?,
1768610163.2193577,SENT,c041c639-d464-4792-86ce-85fa0b547c9e,992aab42-4d47-4038-aae5-980ffe70fa06,c1,c4,1012,?,x9,
1768610163.2193995,FORWARDED,c041c639-d464-4792-86ce-85fa0b547c9e,992aab42-4d47-4038-aae5-980ffe70fa06,c1,c4,1012,?,x9,
1768610163.4669752,SENT,4409febc-8225-44f6-ab68-bca656de96b4,f98efffb-d974-416d-b0a4-5781b741d8e8,c5,c3,1011,?,x9,
1768610163.4670177,FORWARDED,4409febc-8225-44f6-ab68-bca656de96b4,f98efffb-d974-416d-b0a4-5781b741d8e8,c5,c3,1011,?,x9,
1768610163.505876,RECEIVED,239f9815-4041-4d77-ad48-5da63b01b9f1,4b6922f5-9c9c-403d-9b82-dd18d37219bd,c1,c5,1447,e5,?,
1768610163.5726833,RECEIVED,e2ab740d-d04b-4bf9-bd2c-c82532f8b4a5,54b3e5f2-3d3e-44a6-be75-246879a5bd1f,c2,c1,1444,e12,?,
1768610164.039106,SENT,e2ab740d-d04b-4bf9-bd2c-c82532f8b4a5,54b3e5f2-3d3e-44a6-be75-246879a5bd1f,c2,c1,1011,?,x1,
1768610164.03915,FORWARDED,e2ab740d-d04b-4bf9-bd2c-c82532f8b4a5,54b3e5f2-3d3e-44a6-be75-246879a5bd1f,c2,c1,1011,?,x1,
1768610164.1171484,RECEIVED,86d8e4f3-98d4-4639-8f96-3f626c673f1f,81bbe3fa-4808-4dc1-8b93-12ec9f24d033,c3,c1,1464,e5,?,
1768610164.1339881,SENT,239f9815-4041-4d77-ad48-5da63b01b9f1,4b6922f5-9c9c-403d-9b82-dd18d37219bd,c1,c5,1012,?,x7,
1768610164.1340299,FORWARDED,239f9815-4041-4d77-ad48-5da63b01b9f1,4b6922f5-9c9c-403d-9b82-dd18d37219bd,c1,c5,1012,?,x7,
1768610164.1732268,RECEIVED,fdd695ef-3cf1-4ef5-93a7-e3ee47c95df8,4a56b971-6a3a-4726-aa80-0181d00ff24e,c3,DROP,442,x8,?,
1768610164.360939,RECEIVED,2bb0b05c-49bf-4863-aec8-96426b78857c,5f6159d4-c52d-4de5-af0e-64f8e17321cf,c2,c3,1460,e12,?,
1768610164.4491377,SENT,86d8e4f3-98d4-4639-8f96-3f626c673f1f,81bbe3fa-4808-4dc1-8b93-12ec9f24d033,c3,c1,1025,?,x10,
1768610164.4491804,FORWARDED,86d8e4f3-98d4-4639-8f96-3f626c673f1f,81bbe3fa-4808-4dc1-8b93-12ec9f24d033,c3,c1,1025,?,x10,
1768610164.6379683,SENT,2bb0b05c-49bf-4863-aec8-96426b78857c,5f6159d4-c52d-4de5-af0e-64f8e17321cf,c2,c3,1023,?,x4,
1768610164.6380117,FORWARDED,2bb0b05c-49bf-4863-aec8-96426b78857c,5f6159d4-c52d-4de5-af0e-64f8e17321cf,c2,c3,1023,?,x4,
1768610164.7402508,RECEIVED,2ab53c31-fbb9-44a9-866b-c53543225ae2,655e6e3a-8a24-4ab0-ad63-2fbc71386c6c,c2,c3,1455,e8,?,
1768610164.7408996,RECEIVED,887490b7-0e4b-453f-bfd8-3ec77495e8a6,efb38c8e-8afd-483a-ade0-2acd55d023cf,c2,c1,1448,e5,?,
1768610164.7834568,SENT,887490b7-0e4b-453f-bfd8-3ec77495e8a6,efb38c8e-8afd-483a-ade0-2acd55d023cf,c2,c1,1012,?,x4,
1768610164.7834992,FORWARDED,887490b7-0e4b-453f-bfd8-3ec77495e8a6,efb38c8e-8afd-483a-ade0-2acd55d023cf,c2,c1,1012,?,x4,
1768610165.0547218,RECEIVED,354cd6c1-c626-488a-bb36-08dab80fd7d8,311a503b-0278-4d0c-b16f-d8638261dd06,c5,c4,1445,e4,?,
1768610165.0861628,SENT,354cd6c1-c626-488a-bb36-08dab80fd7d8,311a503b-0278-4d0c-b16f-d8638261dd06,c5,c4,1011,?,x7,
1768610165.0862057,FORWARDED,354cd6c1-c626-488a-bb36-08dab80fd7d8,311a503b-0278-4d0c-b16f-d8638261dd06,c5,c4,1011,?,x7,
1768610165.399234,SENT,2ab53c31-fbb9-44a9-866b-c53543225ae2,655e6e3a-8a24-4ab0-ad63-2fbc71386c6c,c2,c3,1020,?,x11,
1768610165.3992767,FORWARDED,2ab53c31-fbb9-44a9-866b-c53543225ae2,655e6e3a-8a24-4ab0-ad63-2fbc71386c6c,c2,c3,1020,?,x11,
1768610166.2853324,RECEIVED,62745fe4-709e-4abd-b55d-a9861fb793fa,254cb5b3-bf37-48d9-ac4d-1954637f3759,c3,DROP,1008,e9,?,
1768610166.4511023,RECEIVED,75ed1d3e-7f5a-475f-89b5-a22878e51eba,63ae83a3-cdff-4eab-9bd2-3157af24b632,c4,DROP,442,x4,?,
1768610166.9776993,RECEIVED,528be316-6d29-4434-aa13-259be195a3fd,1d34d179-6bb3-4f13-8c48-69883566c21a,c4,c3,1444,e3,?,
1768610167.0165043,SENT,62745fe4-709e-4abd-b55d-a9861fb793fa,254cb5b3-bf37-48d9-ac4d-1954637f3759,c3,DROP,683,?,x10,
1768610167.016547,FORWARDED,62745fe4-709e-4abd-b55d-a9861fb793fa,254cb5b3-bf37-48d9-ac4d-1954637f3759,c3,DROP,683,?,x10,
1768610167.0753448,SENT,528be316-6d29-4434-aa13-259be195a3fd,1d34d179-6bb3-4f13-8c48-69883566c21a,c4,c3,1011,?,x6,
1768610167.0753884,FORWARDED,528be316-6d29-4434-aa13-259be195a3fd,1d34d179-6bb3-4f13-8c48-69883566c21a,c4,c3,1011,?,x6,
1768610167.4772372,RECEIVED,65b2f327-ef79-41c4-8a6d-ebdedfda55f4,43d92049-ad13-4e3f-98c9-12406352f80c,c4,c5,1448,e6,?,
1768610167.5032282,SENT,65b2f327-ef79-41c4-8a6d-ebdedfda55f4,43d92049-ad13-4e3f-98c9-12406352f80c,c4,c5,1012,?,x3,
1768610167.5032635,FORWARDED,65b2f327-ef79-41c4-8a6d-ebdedfda55f4,43d92049-ad13-4e3f-98c9-12406352f80c,c4,c5,1012,?,x3,
1768610167.569755,RECEIVED,1d77883b-6e1a-4910-aefb-615562e8b03b,abc5b209-6702-403a-af05-51cb4af566f0,c4,c5,1449,e5,?,
1768610167.710559,SENT,1d77883b-6e1a-4910-aefb-615562e8b03b,abc5b209-6702-403a-af05-51cb4af566f0,c4,c5,1014,?,x11,
1768610167.7106004,FORWARDED,1d77883b-6e1a-4910-aefb-615562e8b03b,abc5b209-6702-403a-af05-51cb4af566f0,c4,c5,1014,?,x11,
1768610168.2806466,RECEIVED,35a2ce42-4814-4f4b-8fad-6a816ada139c,2460e5f9-8bfa-4ae9-97e5-71751acff51f,c2,c3,1464,e10,?,
1768610168.4138083,SENT,35a2ce42-4814-4f4b-8fad-6a816ada139c,2460e5f9-8bfa-4ae9-97e5-71751acff51f,c2,c3,1024,?,x9,
1768610168.4138498,FORWARDED,35a2ce42-4814-4f4b-8fad-6a816ada139c,2460e5f9-8bfa-4ae9-97e5-71751acff51f,c2,c3,1024,?,x9,
1768610168.4379528,RECEIVED,07545a9d-64da-4f81-a228-b333d1f65ce9,46d31a99-347c-4fe8-a6dd-ad90cb69fc5a,c4,c1,1449,e1,?,
1768610168.483022,SENT,07545a9d-64da-4f81-a228-b333d1f65ce9,46d31a99-347c-4fe8-a6dd-ad90cb69fc5a,c4,c1,1012,?,x5,
1768610168.4830701,FORWARDED,07545a9d-64da-4f81-a228-b333d1f65ce9,46d31a99-347c-4fe8-a6dd-ad90cb69fc5a,c4,c1,1012,?,x5,
1768610168.7780757,RECEIVED,fd438629-950d-43bb-8553-0bfc4f64a42a,ae8867b8-85eb-4fde-b6d2-8672f16d9e81,c2,c4,1457,e4,?,
1768610168.8871675,SENT,fd438629-950d-43bb-8553-0bfc4f64a42a,ae8867b8-85eb-4fde-b6d2-8672f16d9e81,c2,c4,1019,?,x10,
1768610168.8872113,FORWARDED,fd438629-950d-43bb-8553-0bfc4f64a42a,ae8867b8-85eb-4fde-b6d2-8672f16d9e81,c2,c4,1019,?,x10,
1768610169.4611633,RECEIVED,f7232bb0-f0f9-4d30-8ef4-d5f4a279c7bb,d544ed6d-1a69-4e03-969d-c7cc5076e7d2,c2,c1,1457,e11,?,
1768610169.7273655,SENT,f7232bb0-f0f9-4d30-8ef4-d5f4a279c7bb,d544ed6d-1a69-4e03-969d-c7cc5076e7d2,c2,c1,1019,?,x10,
1768610169.7274084,FORWARDED,f7232bb0-f0f9-4d30-8ef4-d5f4a279c7bb,d544ed6d-1a69-4e03-969d-c7cc5076e7d2,c2,c1,1019,?,x10,
1768610169.960362,RECEIVED,feb1513c-c707-4a1f-8237-2d96d80f409a,4a41c711-dd78-4bb1-a8d1-06806a264ff1,c1,c5,1456,e8,?,
1768610170.0756874,RECEIVED,63db28da-90f3-4e17-b19b-23bb72e30c02,bfe46ed2-ada8-4f06-b63e-bba1a5c7bd55,c2,c5,1448,e7,?,
1768610170.091714,RECEIVED,156b0c63-1f8c-4ca4-8f7f-e594c6e88906,b0396397-3998-4dab-a4f4-cc3515856bec,c2,c5,1451,e12,?,
1768610170.1741445,SENT,63db28da-90f3-4e17-b19b-23bb72e30c02,bfe46ed2-ada8-4f06-b63e-bba1a5c7bd55,c2,c5,1012,?,x3,
1768610170.1742015,FORWARDED,63db28da-90f3-4e17-b19b-23bb72e30c02,bfe46ed2-ada8-4f06-b63e-bba1a5c7bd55,c2,c5,1012,?,x3,
1768610170.2915392,RECEIVED,adfdde06-fbdd-4457-bf66-9d61d385ef6c,33171e84-0bf7-4cfd-bb33-fe6964c51a48,c2,c3,1447,e6,?,
1768610170.5050645,SENT,156b0c63-1f8c-4ca4-8f7f-e594c6e88906,b0396397-3998-4dab-a4f4-cc3515856bec,c2,c5,1015,?,x7,
1768610170.5051074,FORWARDED,156b0c63-1f8c-4ca4-8f7f-e594c6e88906,b0396397-3998-4dab-a4f4-cc3515856bec,c2,c5,1015,?,x7,
1768610170.8436358,RECEIVED,675c9509-5cb2-469e-bde4-94c7c855e106,96a5155e-bf78-4837-9455-7cb6b493acbe,c1,c3,1452,e3,?,
1768610170.9071226,SENT,675c9509-5cb2-469e-bde4-94c7c855e106,96a5155e-bf78-4837-9455-7cb6b493acbe,c1,c3,1016,?,x5,
1768610170.9071665,FORWARDED,675c9509-5cb2-469e-bde4-94c7c855e106,96a5155e-bf78-4837-9455-7cb6b493acbe,c1,c3,1016,?,x5,
1768610170.9207659,RECEIVED,ae53d568-1db0-4463-bdbb-b78b6b575dee,184f1d6c-97c1-4743-826e-50e345728dfa,c5,DROP,446,x10,?,
1768610171.071361,SENT,adfdde06-fbdd-4457-bf66-9d61d385ef6c,33171e84-0bf7-4cfd-bb33-fe6964c51a48,c2,c3,1012,?,x7,
1768610171.0714025,FORWARDED,adfdde06-fbdd-4457-bf66-9d61d385ef6c,33171e84-0bf7-4cfd-bb33-fe6964c51a48,c2,c3,1012,?,x7,
1768610171.268747,RECEIVED,9b0b3bc6-fee4-4a1b-ae25-a72944ec4c45,76cef5b7-634e-4ac8-b080-60bfbae8a0b2,c4,c1,1454,e12,?,
1768610171.3475096,SENT,feb1513c-c707-4a1f-8237-2d96d80f409a,4a41c711-dd78-4bb1-a8d1-06806a264ff1,c1,c5,1020,?,x10,
1768610171.3475525,FORWARDED,feb1513c-c707-4a1f-8237-2d96d80f409a,4a41c711-dd78-4bb1-a8d1-06806a264ff1,c1,c5,1020,?,x10,
1768610171.5315168,RECEIVED,28a45532-395b-4315-8760-fcad86dd6a86,04c2b85e-1b66-43d2-9c56-544a427bbc24,c4,c5,1442,e6,?,
1768610171.533604,SENT,9b0b3bc6-fee4-4a1b-ae25-a72944ec4c45,76cef5b7-634e-4ac8-b080-60bfbae8a0b2,c4,c1,1019,?,x8,
1768610171.5336444,FORWARDED,9b0b3bc6-fee4-4a1b-ae25-a72944ec4c45,76cef5b7-634e-4ac8-b080-60bfbae8a0b2,c4,c1,1019,?,x8,
1768610172.0251005,SENT,28a45532-395b-4315-8760-fcad86dd6a86,04c2b85e-1b66-43d2-9c56-544a427bbc24,c4,c5,1011,?,x4,
1768610172.0251439,FORWARDED,28a45532-395b-4315-8760-fcad86dd6a86,04c2b85e-1b66-43d2-9c56-544a427bbc24,c4,c5,1011,?,x4,
1768610172.132162,RECEIVED,1ac73b8a-4e06-47c3-814e-7d527d453d10,35b84402-aeb8-46a0-b124-a413852f0e52,c1,c5,1444,e8,?,
1768610172.1954973,RECEIVED,c601f77a-0945-457b-8755-4ecd1f550824,0f8b1769-2bbe-467e-a4b3-0a87d64f0caf,c3,c1,1460,e12,?,
1768610172.2766237,SENT,c601f77a-0945-457b-8755-4ecd1f550824,0f8b1769-2bbe-467e-a4b3-0a87d64f0caf,c3,c1,1023,?,x9,
1768610172.276666,FORWARDED,c601f77a-0945-457b-8755-4ecd1f550824,0f8b1769-2bbe-467e-a4b3-0a87d64f0caf,c3,c1,1023,?,x9,
1768610172.3099315,SENT,1ac73b8a-4e06-47c3-814e-7d527d453d10,35b84402-aeb8-46a0-b124-a413852f0e52,c1,c5,1011,?,x3,
1768610172.3099737,FORWARDED,1ac73b8a-4e06-47c3-814e-7d527d453d10,35b84402-aeb8-46a0-b124-a413852f0e52,c1,c5,1011,?,x3,
1768610172.3645434,RECEIVED,b6231680-e879-4e4d-afa8-7f90bcdead47,a7a92ece-a17a-4aaa-880d-47e855afa05b,c3,c1,1465,e8,?,
1768610172.415477,SENT,b6231680-e879-4e4d-afa8-7f90bcdead47,a7a92ece-a17a-4aaa-880d-47e855afa05b,c3,c1,1024,?,x12,
1768610172.4155169,FORWARDED,b6231680-e879-4e4d-afa8-7f90bcdead47,a7a92ece-a17a-4aaa-880d-47e855afa05b,c3,c1,1024,?,x12,
1768610172.425293,RECEIVED,d53e1f81-7e0c-48ea-8e0f-00d4264ac538,af2f2f50-8b08-4d61-8ba7-4318b4b5f0e5,c3,c4,1447,e8,?,
1768610172.5351737,RECEIVED,662ea196-cb90-4d85-9aa4-e92d5b6bdd65,b8ffe955-d97d-4c0d-864c-c1189aea653a,c3,c5,1455,e10,?,
1768610173.0421357,RECEIVED,0f66dd10-9e33-465e-b60b-5afededf1c30,1656ab97-4c5f-4eb0-8c6a-46be7f015e80,c2,c3,1454,e4,?,
1768610173.0590968,RECEIVED,eccf90d2-8c5a-4fb9-95e3-14c188a5e177,7addd5e7-d64e-4941-b6fb-d363bfbc7f72,c1,c2,1456,e3,?,
1768610173.129302,SENT,0f66dd10-9e33-465e-b60b-5afededf1c30,1656ab97-4c5f-4eb0-8c6a-46be7f015e80,c2,c3,1015,?,x4,
1768610173.1293435,FORWARDED,0f66dd10-9e33-465e-b60b-5afededf1c30,1656ab97-4c5f-4eb0-8c6a-46be7f015e80,c2,c3,1015,?,x4,
1768610173.1542392,SENT,662ea196-cb90-4d85-9aa4-e92d5b6bdd65,b8ffe955-d97d-4c0d-864c-c1189aea653a,c3,c5,1020,?,x4,
1768610173.1542823,FORWARDED,662ea196-cb90-4d85-9aa4-e92d5b6bdd65,b8ffe955-d97d-4c0d-864c-c1189aea653a,c3,c5,1020,?,x4,
1768610173.5350726,RECEIVED,271d47cb-2deb-4baa-95ea-fbf335d951c9,3ddb9e61-b7a1-457f-abdf-ab4758c79c83,c3,DROP,442,x3,?,
1768610173.6603262,SENT,eccf90d2-8c5a-4fb9-95e3-14c188a5e177,7addd5e7-d64e-4941-b6fb-d363bfbc7f72,c1,c2,1020,?,x10,
1768610173.6603684,FORWARDED,eccf90d2-8c5a-4fb9-95e3-14c188a5e177,7addd5e7-d64e-4941-b6fb-d363bfbc7f72,c1,c2,1020,?,x10,
1768610173.7262228,SENT,d53e1f81-7e0c-48ea-8e0f-00d4264ac538,af2f2f50-8b08-4d61-8ba7-4318b4b5f0e5,c3,c4,1012,?,x9,
1768610173.7262626,FORWARDED,d53e1f81-7e0c-48ea-8e0f-00d4264ac538,af2f2f50-8b08-4d61-8ba7-4318b4b5f0e5,c3,c4,1012,?,x9,
1768610174.7895088,RECEIVED,79bc8fa7-7d72-4d5f-a9b6-f6768f159cf9,06bd10ed-bce5-43e8-9b9d-6e3c0a31bb77,c4,c3,1443,e8,?,
1768610174.8414764,RECEIVED,4d4bda59-7574-4a27-af14-0e7aca44569f,ed45dffc-63c2-43dd-a8ef-d630f08601ed,c1,c3,1465,e8,?,
1768610175.0839295,SENT,4d4bda59-7574-4a27-af14-0e7aca44569f,ed45dffc-63c2-43dd-a8ef-d630f08601ed,c1,c3,1024,?,x10,
1768610175.083972,FORWARDED,4d4bda59-7574-4a27-af14-0e7aca44569f,ed45dffc-63c2-43dd-a8ef-d630f08601ed,c1,c3,1024,?,x10,
1768610175.2968028,RECEIVED,fbcd92fc-08d9-4c80-815c-2e690bdc9696,c042c785-f30c-43da-82c9-485286a36fb2,c4,c3,1447,e11,?,
1768610175.3019261,SENT,79bc8fa7-7d72-4d5f-a9b6-f6768f159cf9,06bd10ed-bce5-43e8-9b9d-6e3c0a31bb77,c4,c3,1011,?,x2,
1768610175.3019676,FORWARDED,79bc8fa7-7d72-4d5f-a9b6-f6768f159cf9,06bd10ed-bce5-43e8-9b9d-6e3c0a31bb77,c4,c3,1011,?,x2,
1768610175.7847834,RECEIVED,7cb7b8f1-80ca-42b6-a782-1328f985c407,1c216a19-629b-4fca-8f42-b4adde718fe3,c2,c3,1444,e6,?,
1768610175.9408185,SENT,7cb7b8f1-80ca-42b6-a782-1328f985c407,1c216a19-629b-4fca-8f42-b4adde718fe3,c2,c3,1011,?,x2,
1768610175.9408612,FORWARDED,7cb7b8f1-80ca-42b6-a782-1328f985c407,1c216a19-629b-4fca-8f42-b4adde718fe3,c2,c3,1011,?,x2,
1768610175.9497242,SENT,fbcd92fc-08d9-4c80-815c-2e690bdc9696,c042c785-f30c-43da-82c9-485286a36fb2,c4,c3,1012,?,x4,
1768610175.9497683,FORWARDED,fbcd92fc-08d9-4c80-815c-2e690bdc9696,c042c785-f30c-43da-82c9-485286a36fb2,c4,c3,1012,?,x4,
1768610176.0480335,RECEIVED,a661ab90-b1b6-4f76-8f28-1e8d5d689eb5,8d1308d5-7575-4d0c-9ad7-e29aab0d33f0,c1,c5,1442,e8,?,
1768610176.3553748,SENT,a661ab90-b1b6-4f76-8f28-1e8d5d689eb5,8d1308d5-7575-4d0c-9ad7-e29aab0d33f0,c1,c5,1011,?,x2,
1768610176.3554814,FORWARDED,a661ab90-b1b6-4f76-8f28-1e8d5d689eb5,8d1308d5-7575-4d0c-9ad7-e29aab0d33f0,c1,c5,1011,?,x2,
1768610176.7613845,RECEIVED,913836ad-616e-4532-a552-4a66f4d5e624,e001d41a-4c1f-4122-b72e-359cbf6e8e0e,c4,c5,1450,e3,?,
1768610177.2571921,RECEIVED,2a52240e-1c9d-4475-ac1f-f3454f997d47,b54c15ad-983b-4de4-9afb-64f66e2ccf53,c2,DROP,445,x3,?,
1768610177.3431473,RECEIVED,d991a745-e279-4bbb-b0c1-e04f02319c31,29011e94-b358-4dd8-9ee2-9114db26a5c1,c5,c3,1444,e8,?,
1768610177.372965,SENT,d991a745-e279-4bbb-b0c1-e04f02319c31,29011e94-b358-4dd8-9ee2-9114db26a5c1,c5,c3,1011,?,x6,
1768610177.3730085,FORWARDED,d991a745-e279-4bbb-b0c1-e04f02319c31,29011e94-b358-4dd8-9ee2-9114db26a5c1,c5,c3,1011,?,x6,
1768610177.712545,SENT,913836ad-616e-4532-a552-4a66f4d5e624,e001d41a-4c1f-4122-b72e-359cbf6e8e0e,c4,c5,1015,?,x10,
1768610177.7125843,FORWARDED,913836ad-616e-4532-a552-4a66f4d5e624,e001d41a-4c1f-4122-b72e-359cbf6e8e0e,c4,c5,1015,?,x10,
1768610178.1316905,RECEIVED,df08540d-370e-4138-9470-83c637593c39,5b1ded51-a6be-43e3-bdaf-540e5884f501,c2,c5,1455,e8,?,
1768610178.4356308,SENT,df08540d-370e-4138-9470-83c637593c39,5b1ded51-a6be-43e3-bdaf-540e5884f501,c2,c5,1019,?,x4,
1768610178.4356754,FORWARDED,df08540d-370e-4138-9470-83c637593c39,5b1ded51-a6be-43e3-bdaf-540e5884f501,c2,c5,1019,?,x4,
1768610178.468639,RECEIVED,e62bb22b-8aab-4c7e-bcee-386a3140778d,f2e16b81-fd08-4d69-bc91-dc9ddefd34f6,c1,c5,1456,e3,?,
1768610178.6823566,SENT,e62bb22b-8aab-4c7e-bcee-386a3140778d,f2e16b81-fd08-4d69-bc91-dc9ddefd34f6,c1,c5,1020,?,x10,
1768610178.6824,FORWARDED,e62bb22b-8aab-4c7e-bcee-386a3140778d,f2e16b81-fd08-4d69-bc91-dc9ddefd34f6,c1,c5,1020,?,x10,
1768610179.5287187,RECEIVED,53fda3ed-7461-4681-b791-1f607cc447a1,b0d9e426-218c-4b44-ab89-f6e87f72b285,c3,c1,1445,e2,?,
1768610179.8891044,SENT,53fda3ed-7461-4681-b791-1f607cc447a1,b0d9e426-218c-4b44-ab89-f6e87f72b285,c3,c1,1011,?,x10,
1768610179.8892314,FORWARDED,53fda3ed-7461-4681-b791-1f607cc447a1,b0d9e426-218c-4b44-ab89-f6e87f72b285,c3,c1,1011,?,x10,
1768610180.1224885,RECEIVED,0b02590f-a457-4639-8cf6-8a3a708b3bd8,0e4f59a4-a594-4c5e-812e-74cf20bc84a3,c3,c2,1447,e6,?,
1768610180.3374145,RECEIVED,3f53b2ce-b1f5-412d-a08c-1584e1609fd4,1bbc7c03-01da-41be-9a8c-f261d6fe9a22,c1,c5,1459,e10,?,
1768610180.4769874,RECEIVED,98084f8a-e047-4c2e-ba04-b254cc1b72cb,c95dabde-4849-4dde-a2c7-29073108a667,c5,c3,1449,e5,?,
1768610180.526279,SENT,98084f8a-e047-4c2e-ba04-b254cc1b72cb,c95dabde-4849-4dde-a2c7-29073108a667,c5,c3,1012,?,x2,
1768610180.5263216,FORWARDED,98084f8a-e047-4c2e-ba04-b254cc1b72cb,c95dabde-4849-4dde-a2c7-29073108a667,c5,c3,1012,?,x2,
1768610180.794807,RECEIVED,482988f3-80f4-44dc-95b6-eb8949904527,404f492c-e0a3-43c2-bc59-d88c23cd9363,c2,c4,1456,e12,?,
1768610180.8722298,SENT,482988f3-80f4-44dc-95b6-eb8949904527,404f492c-e0a3-43c2-bc59-d88c23cd9363,c2,c4,1019,?,x9,
1768610180.8722749,FORWARDED,482988f3-80f4-44dc-95b6-eb8949904527,404f492c-e0a3-43c2-bc59-d88c23cd9363,c2,c4,1019,?,x9,
1768610181.016903,SENT,0b02590f-a457-4639-8cf6-8a3a708b3bd8,0e4f59a4-a594-4c5e-812e-74cf20bc84a3,c3,c2,1012,?,x5,
1768610181.0169458,FORWARDED,0b02590f-a457-4639-8cf6-8a3a708b3bd8,0e4f59a4-a594-4c5e-812e-74cf20bc84a3,c3,c2,1012,?,x5,
1768610181.201676,RECEIVED,4b340a99-b2f6-42b9-8a99-a7ff102e9283,1b8cb7c3-5015-45dc-9e40-a4d4592f0cd3,c3,c5,1456,e2,?,
1768610181.269719,SENT,4b340a99-b2f6-42b9-8a99-a7ff102e9283,1b8cb7c3-5015-45dc-9e40-a4d4592f0cd3,c3,c5,1020,?,x10,
1768610181.2697618,FORWARDED,4b340a99-b2f6-42b9-8a99-a7ff102e9283,1b8cb7c3-5015-45dc-9e40-a4d4592f0cd3,c3,c5,1020,?,x10,
1768610181.4232388,SENT,3f53b2ce-b1f5-412d-a08c-1584e1609fd4,1bbc7c03-01da-41be-9a8c-f261d6fe9a22,c1,c5,1023,?,x8,
1768610181.4232807,FORWARDED,3f53b2ce-b1f5-412d-a08c-1584e1609fd4,1bbc7c03-01da-41be-9a8c-f261d6fe9a22,c1,c5,1023,?,x8,
1768610182.135085,RECEIVED,ba18542e-dc3b-435b-b387-8683de5f044d,71cd0b4f-a9ad-427a-a50d-388fee789445,c2,c3,1447,e1,?,
1768610182.4085429,SENT,ba18542e-dc3b-435b-b387-8683de5f044d,71cd0b4f-a9ad-427a-a50d-388fee789445,c2,c3,1012,?,x5,
1768610182.4085853,FORWARDED,ba18542e-dc3b-435b-b387-8683de5f044d,71cd0b4f-a9ad-427a-a50d-388fee789445,c2,c3,1012,?,x5,
1768610182.7403555,RECEIVED,6e5567da-7f55-4bb1-8e83-1134f25a346e,61687433-d439-481e-8e33-3c880122dd01,c3,c1,1444,e6,?,
1768610182.7513728,RECEIVED,7fd65603-fc23-4c7f-a8e3-1259b78bb13c,a2cf6c17-1376-4086-83a6-b5de1ad0ff0f,c3,c1,1447,e3,?,
1768610182.775462,SENT,6e5567da-7f55-4bb1-8e83-1134f25a346e,61687433-d439-481e-8e33-3c880122dd01,c3,c1,1011,?,x6,
1768610182.7755063,FORWARDED,6e5567da-7f55-4bb1-8e83-1134f25a346e,61687433-d439-481e-8e33-3c880122dd01,c3,c1,1011,?,x6,
1768610183.1410866,RECEIVED,42dcd767-1367-4c33-8144-7e13503c95ec,e5ea16d7-7614-46da-951d-aa616ac2497d,c5,c4,1453,e11,?,
1768610183.1772563,SENT,42dcd767-1367-4c33-8144-7e13503c95ec,e5ea16d7-7614-46da-951d-aa616ac2497d,c5,c4,1016,?,x1,
1768610183.177299,FORWARDED,42dcd767-1367-4c33-8144-7e13503c95ec,e5ea16d7-7614-46da-951d-aa616ac2497d,c5,c4,1016,?,x1,
1768610183.2238295,RECEIVED,c2a9cc6a-8117-4893-8bce-5284b54565ea,b1481bd4-603c-4349-b448-ede605fbe80e,c5,DROP,442,x7,?,
1768610183.4717867,RECEIVED,21bd76e7-eeb6-405d-9608-6e72ea2e14da,bcfb02cc-d2e4-426c-9b4f-76922c81603e,c1,c3,1455,e11,?,
1768610183.7932632,SENT,21bd76e7-eeb6-405d-9608-6e72ea2e14da,bcfb02cc-d2e4-426c-9b4f-76922c81603e,c1,c3,1019,?,x7,
1768610183.793305,FORWARDED,21bd76e7-eeb6-405d-9608-6e72ea2e14da,bcfb02cc-d2e4-426c-9b4f-76922c81603e,c1,c3,1019,?,x7,
1768610184.077146,SENT,7fd65603-fc23-4c7f-a8e3-1259b78bb13c,a2cf6c17-1376-4086-83a6-b5de1ad0ff0f,c3,c1,1012,?,x8,
1768610184.077189,FORWARDED,7fd65603-fc23-4c7f-a8e3-1259b78bb13c,a2cf6c17-1376-4086-83a6-b5de1ad0ff0f,c3,c1,1012,?,x8,
1768610184.3447533,RECEIVED,d75f951f-f6e0-4854-956d-766e9bab8a56,298dd45c-5d3a-45a8-bdd1-69a901a8c24e,c2,c4,1451,e8,?,
1768610184.6810942,RECEIVED,db9544b4-6699-4637-8de0-b43c7573ad82,b79db75c-264f-4c6e-9ea5-2f846c4ece3b,c3,c5,1443,e4,?,
1768610184.9955857,RECEIVED,35f4154f-ccf2-4afb-bbc1-60b42b04235f,8abbbf6b-d3a1-4e5a-825e-48818972d445,c3,c5,1451,e7,?,
1768610185.109351,RECEIVED,82ff7417-8a05-49bb-9016-6df8ed7fd7e9,01aeb8a3-7740-430a-b111-433b8999700f,c2,c5,1456,e12,?,
1768610185.2121427,SENT,d75f951f-f6e0-4854-956d-766e9bab8a56,298dd45c-5d3a-45a8-bdd1-69a901a8c24e,c2,c4,1015,?,x2,
1768610185.2121868,FORWARDED,d75f951f-f6e0-4854-956d-766e9bab8a56,298dd45c-5d3a-45a8-bdd1-69a901a8c24e,c2,c4,1015,?,x2,
1768610185.2385352,SENT,82ff7417-8a05-49bb-9016-6df8ed7fd7e9,01aeb8a3-7740-430a-b111-433b8999700f,c2,c5,1019,?,x4,
1768610185.2385778,FORWARDED,82ff7417-8a05-49bb-9016-6df8ed7fd7e9,01aeb8a3-7740-430a-b111-433b8999700f,c2,c5,1019,?,x4,
1768610185.2681189,SENT,35f4154f-ccf2-4afb-bbc1-60b42b04235f,8abbbf6b-d3a1-4e5a-825e-48818972d445,c3,c5,1015,?,x9,
1768610185.2681553,FORWARDED,35f4154f-ccf2-4afb-bbc1-60b42b04235f,8abbbf6b-d3a1-4e5a-825e-48818972d445,c3,c5,1015,?,x9,
1768610185.4476273,SENT,db9544b4-6699-4637-8de0-b43c7573ad82,b79db75c-264f-4c6e-9ea5-2f846c4ece3b,c3,c5,1011,?,x4,
1768610185.447671,FORWARDED,db9544b4-6699-4637-8de0-b43c7573ad82,b79db75c-264f-4c6e-9ea5-2f846c4ece3b,c3,c5,1011,?,x4,
1768610185.7766612,RECEIVED,644fdf2f-8f3f-4d0a-af56-b642d7f8f3ac,6de6a79b-d3c9-477e-9497-12eb465c747a,c4,c5,1448,e1,?,
1768610185.9562423,RECEIVED,fdc5889b-168b-4528-a2c0-dc2a048715c9,f02c665e-908a-4943-8d87-b4a59f4b7248,c5,c3,1447,e10,?,
1768610186.0101085,SENT,644fdf2f-8f3f-4d0a-af56-b642d7f8f3ac,6de6a79b-d3c9-477e-9497-12eb465c747a,c4,c5,1014,?,x4,
1768610186.0102246,FORWARDED,644fdf2f-8f3f-4d0a-af56-b642d7f8f3ac,6de6a79b-d3c9-477e-9497-12eb465c747a,c4,c5,1014,?,x4,
1768610186.4962993,SENT,fdc5889b-168b-4528-a2c0-dc2a048715c9,f02c665e-908a-4943-8d87-b4a59f4b7248,c5,c3,1014,?,x7,
1768610186.4964159,FORWARDED,fdc5889b-168b-4528-a2c0-dc2a048715c9,f02c665e-908a-4943-8d87-b4a59f4b7248,c5,c3,1014,?,x7,
1768610186.719642,RECEIVED,74768a36-811f-45bf-9465-e09dd9b77370,f4a3903b-94e6-4c23-b977-d8c989877de9,c3,c1,1465,e11,?,
1768610186.7275438,SENT,74768a36-811f-45bf-9465-e09dd9b77370,f4a3903b-94e6-4c23-b977-d8c989877de9,c3,c1,1024,?,x4,
1768610186.7276068,FORWARDED,74768a36-811f-45bf-9465-e09dd9b77370,f4a3903b-94e6-4c23-b977-d8c989877de9,c3,c1,1024,?,x4,
1768610187.3931499,RECEIVED,3a4705fb-29d8-4b9e-9c72-71a6f9d23875,163b0619-ba22-4686-ac94-d88d73c73d11,c2,c4,1469,e1,?,
1768610187.5376642,RECEIVED,1df6673c-3e94-46e8-99e3-4de5253855b6,a246f1dd-a0c5-4ee2-942f-a2ca2a46f3f9,c4,c2,1443,e7,?,
1768610187.5840833,SENT,3a4705fb-29d8-4b9e-9c72-71a6f9d23875,163b0619-ba22-4686-ac94-d88d73c73d11,c2,c4,1027,?,x11,
1768610187.5841303,FORWARDED,3a4705fb-29d8-4b9e-9c72-71a6f9d23875,163b0619-ba22-4686-ac94-d88d73c73d11,c2,c4,1027,?,x11,
1768610187.852911,SENT,1df6673c-3e94-46e8-99e3-4de5253855b6,a246f1dd-a0c5-4ee2-942f-a2ca2a46f3f9,c4,c2,1009,?,x1,
1768610187.8529503,FORWARDED,1df6673c-3e94-46e8-99e3-4de5253855b6,a246f1dd-a0c5-4ee2-942f-a2ca2a46f3f9,c4,c2,1009,?,x1,
1768610188.3333223,RECEIVED,a4ced1e8-fa5d-43c4-a617-0cfbcf57b342,af840b5e-91b3-48b0-bf3d-b87fccba6329,c4,c5,1457,e5,?,
1768610188.3996215,SENT,a4ced1e8-fa5d-43c4-a617-0cfbcf57b342,af840b5e-91b3-48b0-bf3d-b87fccba6329,c4,c5,1020,?,x10,
1768610188.399659,FORWARDED,a4ced1e8-fa5d-43c4-a617-0cfbcf57b342,af840b5e-91b3-48b0-bf3d-b87fccba6329,c4,c5,1020,?,x10,
1768610190.0720315,RECEIVED,34b0d1a5-3f7d-4d83-a43e-530243a0a72e,9429bc49-e8f7-4344-b6a5-a37ddb883f56,c3,DROP,1009,e11,?,
1768610190.0881689,SENT,34b0d1a5-3f7d-4d83-a43e-530243a0a72e,9429bc49-e8f7-4344-b6a5-a37ddb883f56,c3,DROP,684,?,x5,
1768610190.0882113,FORWARDED,34b0d1a5-3f7d-4d83-a43e-530243a0a72e,9429bc49-e8f7-4344-b6a5-a37ddb883f56,c3,DROP,684,?,x5,
1768610190.2048588,RECEIVED,45985e93-afd0-410b-aab4-87288f8091a7,4cd9ca94-1c52-4867-b63c-a14ad92e5530,c3,c5,1447,e3,?,
1768610190.3352242,RECEIVED,aaf92b9f-ef10-4876-86c1-d8ba222268d3,0558aaf1-db8a-4fd6-8b37-3084fdae71e5,c4,c5,1452,e1,?,
1768610190.416354,RECEIVED,fec91069-e686-4010-b4a9-aa4ee669657f,8275e25f-da61-41ee-b258-70b83dab2cef,c1,c3,1439,e6,?,
1768610190.5930603,RECEIVED,6bee2e15-e434-4c5c-8695-8adfd7c0c503,dd45d36e-e3b2-48ac-b122-bbd035d71c51,c5,DROP,441,x11,?,
1768610190.643221,SENT,aaf92b9f-ef10-4876-86c1-d8ba222268d3,0558aaf1-db8a-4fd6-8b37-3084fdae71e5,c4,c5,1015,?,x6,
1768610190.6432626,FORWARDED,aaf92b9f-ef10-4876-86c1-d8ba222268d3,0558aaf1-db8a-4fd6-8b37-3084fdae71e5,c4,c5,1015,?,x6,
1768610190.7097182,SENT,45985e93-afd0-410b-aab4-87288f8091a7,4cd9ca94-1c52-4867-b63c-a14ad92e5530,c3,c5,1013,?,x5,
1768610190.7097597,FORWARDED,45985e93-afd0-410b-aab4-87288f8091a7,4cd9ca94-1c52-4867-b63c-a14ad92e5530,c3,c5,1013,?,x5,
1768610190.8565166,RECEIVED,4a36f366-6349-428e-9291-0e0be60090c1,31dae5ab-8ada-491c-93f1-28e6fd8eae61,c5,c4,1457,e12,?,
1768610190.9664,RECEIVED,945a7ec8-a47a-4827-bb74-4fd70160f86c,16e641f6-6cbe-4878-b68a-b951074de389,c3,c2,1457,e10,?,
1768610190.9682653,SENT,fec91069-e686-4010-b4a9-aa4ee669657f,8275e25f-da61-41ee-b258-70b83dab2cef,c1,c3,1007,?,x6,
1768610190.9683912,FORWARDED,fec91069-e686-4010-b4a9-aa4ee669657f,8275e25f-da61-41ee-b258-70b83dab2cef,c1,c3,1007,?,x6,
1768610191.1304655,RECEIVED,d6dae49b-ce08-443d-9f1f-5aac4b1b2019,30637b57-8ab9-4e21-933a-9f24ec3ef6af,c3,c2,1457,e5,?,
1768610191.1900744,SENT,d6dae49b-ce08-443d-9f1f-5aac4b1b2019,30637b57-8ab9-4e21-933a-9f24ec3ef6af,c3,c2,1018,?,x7,
1768610191.1901193,FORWARDED,d6dae49b-ce08-443d-9f1f-5aac4b1b2019,30637b57-8ab9-4e21-933a-9f24ec3ef6af,c3,c2,1018,?,x7,
1768610191.1923423,SENT,945a7ec8-a47a-4827-bb74-4fd70160f86c,16e641f6-6cbe-4878-b68a-b951074de389,c3,c2,1020,?,x11,
1768610191.192382,FORWARDED,945a7ec8-a47a-4827-bb74-4fd70160f86c,16e641f6-6cbe-4878-b68a-b951074de389,c3,c2,1020,?,x11,
1768610191.22388,SENT,4a36f366-6349-428e-9291-0e0be60090c1,31dae5ab-8ada-491c-93f1-28e6fd8eae61,c5,c4,1020,?,x11,
1768610191.2239213,FORWARDED,4a36f366-6349-428e-9291-0e0be60090c1,31dae5ab-8ada-491c-93f1-28e6fd8eae61,c5,c4,1020,?,x11,
1768610192.3488657,RECEIVED,f80ebc23-976e-4836-90c3-c62428a3e132,37394190-5a28-4a6c-991c-dba71fa1abbc,c4,c1,1452,e5,?,
1768610192.4457765,SENT,f80ebc23-976e-4836-90c3-c62428a3e132,37394190-5a28-4a6c-991c-dba71fa1abbc,c4,c1,1015,?,x3,
1768610192.4458184,FORWARDED,f80ebc23-976e-4836-90c3-c62428a3e132,37394190-5a28-4a6c-991c-dba71fa1abbc,c4,c1,1015,?,x3,
1768610192.9558005,RECEIVED,70bf7da9-6198-4d0a-9784-5ab0438bb971,0cc82013-d4c6-440a-909f-73393d00b6ef,c1,c2,1455,e12,?,
1768610193.1928606,RECEIVED,8cb456ff-e9f7-499d-8314-6a4e18d63dce,12f897e9-31c0-4430-99c3-518b1200078b,c1,DROP,1007,e10,?,
1768610193.6579323,RECEIVED,02a857de-0d2b-4344-8bd7-86501043b91f,eed86498-ef42-440e-a4ad-6e634cef0afe,c3,c5,1451,e6,?,
1768610193.7967865,SENT,70bf7da9-6198-4d0a-9784-5ab0438bb971,0cc82013-d4c6-440a-909f-73393d00b6ef,c1,c2,1020,?,x4,
1768610193.7968283,FORWARDED,70bf7da9-6198-4d0a-9784-5ab0438bb971,0cc82013-d4c6-440a-909f-73393d00b6ef,c1,c2,1020,?,x4,
1768610193.8771276,SENT,8cb456ff-e9f7-499d-8314-6a4e18d63dce,12f897e9-31c0-4430-99c3-518b1200078b,c1,DROP,684,?,x5,
1768610193.8771708,FORWARDED,8cb456ff-e9f7-499d-8314-6a4e18d63dce,12f897e9-31c0-4430-99c3-518b1200078b,c1,DROP,684,?,x5,
1768610193.9508195,RECEIVED,0edc961a-bdc2-495c-82ab-bd3b61e9d7cc,1ad21b42-d1f8-43d4-bc22-4caeb4fe1e1a,c1,DROP,1009,e3,?,
1768610193.9804733,SENT,0edc961a-bdc2-495c-82ab-bd3b61e9d7cc,1ad21b42-d1f8-43d4-bc22-4caeb4fe1e1a,c1,DROP,684,?,x1,
1768610193.980517,FORWARDED,0edc961a-bdc2-495c-82ab-bd3b61e9d7cc,1ad21b42-d1f8-43d4-bc22-4caeb4fe1e1a,c1,DROP,684,?,x1,
1768610194.2082722,RECEIVED,5e038477-de5f-428e-9f11-5130d3cbcc7e,c0b4217d-7a6d-4489-8ff7-078ab3628f6d,c3,c2,1448,e11,?,
1768610194.5568533,SENT,5e038477-de5f-428e-9f11-5130d3cbcc7e,c0b4217d-7a6d-4489-8ff7-078ab3628f6d,c3,c2,1012,?,x2,
1768610194.556893,FORWARDED,5e038477-de5f-428e-9f11-5130d3cbcc7e,c0b4217d-7a6d-4489-8ff7-078ab3628f6d,c3,c2,1012,?,x2,
1768610195.2753174,SENT,02a857de-0d2b-4344-8bd7-86501043b91f,eed86498-ef42-440e-a4ad-6e634cef0afe,c3,c5,1015,?,x7,
1768610195.275361,FORWARDED,02a857de-0d2b-4344-8bd7-86501043b91f,eed86498-ef42-440e-a4ad-6e634cef0afe,c3,c5,1015,?,x7,
1768610195.329268,RECEIVED,74f4b715-e138-460f-94b0-0f4949a2a1de,8d8179c3-d9e1-4228-b06d-70ae929f17d5,c3,c1,1460,e12,?,
1768610195.5314527,SENT,74f4b715-e138-460f-94b0-0f4949a2a1de,8d8179c3-d9e1-4228-b06d-70ae929f17d5,c3,c1,1022,?,x10,
1768610195.5315042,FORWARDED,74f4b715-e138-460f-94b0-0f4949a2a1de,8d8179c3-d9e1-4228-b06d-70ae929f17d5,c3,c1,1022,?,x10,
1768610195.5413904,RECEIVED,be15929c-58f6-4a12-aebc-4727e6c11e0d,6a0d0a4a-6eb9-481c-b98f-dc0127e1d769,c3,DROP,1006,e11,?,
1768610195.7078652,RECEIVED,db4eecff-e4b9-468f-ac09-9ead300b82fc,7af14f15-cf4b-4902-bd14-3c6ee24f7ac9,c2,DROP,1003,e1,?,
1768610196.2135942,SENT,db4eecff-e4b9-468f-ac09-9ead300b82fc,7af14f15-cf4b-4902-bd14-3c6ee24f7ac9,c2,DROP,679,?,x7,
1768610196.2137601,FORWARDED,db4eecff-e4b9-468f-ac09-9ead300b82fc,7af14f15-cf4b-4902-bd14-3c6ee24f7ac9,c2,DROP,679,?,x7,
1768610196.247245,RECEIVED,438b8b30-9780-4e22-96d3-a1c26e30231a,a28477a2-66e7-4aba-8070-b5b528d14546,c1,c3,1446,e7,?,
1768610196.2862697,RECEIVED,ff26ae9a-48db-465a-9553-34cac24ab582,f915a651-b70f-4fd3-95d4-099985398c3d,c3,c2,1457,e11,?,
1768610196.3842292,RECEIVED,909d533e-72df-4cc4-b476-98a686e2b70a,13cb690a-0163-4776-840d-6e1464af6764,c5,c4,1460,e5,?,
1768610196.5085208,SENT,ff26ae9a-48db-465a-9553-34cac24ab582,f915a651-b70f-4fd3-95d4-099985398c3d,c3,c2,1020,?,x12,
1768610196.508562,FORWARDED,ff26ae9a-48db-465a-9553-34cac24ab582,f915a651-b70f-4fd3-95d4-099985398c3d,c3,c2,1020,?,x12,
1768610196.6890574,SENT,438b8b30-9780-4e22-96d3-a1c26e30231a,a28477a2-66e7-4aba-8070-b5b528d14546,c1,c3,1012,?,x1,
1768610196.6891015,FORWARDED,438b8b30-9780-4e22-96d3-a1c26e30231a,a28477a2-66e7-4aba-8070-b5b528d14546,c1,c3,1012,?,x1,
1768610196.728439,SENT,909d533e-72df-4cc4-b476-98a686e2b70a,13cb690a-0163-4776-840d-6e1464af6764,c5,c4,1023,?,x11,
1768610196.7284818,FORWARDED,909d533e-72df-4cc4-b476-98a686e2b70a,13cb690a-0163-4776-840d-6e1464af6764,c5,c4,1023,?,x11,
1768610196.7827842,RECEIVED,59e3c847-8bc2-4542-9366-5880c6200a49,e52bdb9e-aea1-4c0b-9743-e4041edc384e,c5,c4,1456,e12,?,
1768610196.8312056,SENT,59e3c847-8bc2-4542-9366-5880c6200a49,e52bdb9e-aea1-4c0b-9743-e4041edc384e,c5,c4,1019,?,x4,
1768610196.8312461,FORWARDED,59e3c847-8bc2-4542-9366-5880c6200a49,e52bdb9e-aea1-4c0b-9743-e4041edc384e,c5,c4,1019,?,x4,
1768610196.9245713,RECEIVED,32b2cbbf-2597-4ded-9199-c373032596d1,e05b54b1-d196-4a00-9787-5ec1e8099af6,c1,c5,1448,e6,?,
1768610197.22914,SENT,32b2cbbf-2597-4ded-9199-c373032596d1,e05b54b1-d196-4a00-9787-5ec1e8099af6,c1,c5,1012,?,x7,
1768610197.2291832,FORWARDED,32b2cbbf-2597-4ded-9199-c373032596d1,e05b54b1-d196-4a00-9787-5ec1e8099af6,c1,c5,1012,?,x7,
1768610197.4023485,RECEIVED,c2bcca61-e96b-48a3-b07b-accd7cc33447,dc83b88a-a464-4b6e-8a96-67a2f9bbc24f,c3,c1,1456,e10,?,
1768610197.5531352,SENT,be15929c-58f6-4a12-aebc-4727e6c11e0d,6a0d0a4a-6eb9-481c-b98f-dc0127e1d769,c3,DROP,684,?,x4,
1768610197.553176,FORWARDED,be15929c-58f6-4a12-aebc-4727e6c11e0d,6a0d0a4a-6eb9-481c-b98f-dc0127e1d769,c3,DROP,684,?,x4,
1768610197.6459475,RECEIVED,09dc1f3a-2227-41db-ac1f-2c4250efd20e,8adce93a-3082-4e10-aa4d-1aaadeaf37e9,c3,c5,1443,e8,?,
1768610197.9343212,SENT,c2bcca61-e96b-48a3-b07b-accd7cc33447,dc83b88a-a464-4b6e-8a96-67a2f9bbc24f,c3,c1,1020,?,x11,
1768610197.9343643,FORWARDED,c2bcca61-e96b-48a3-b07b-accd7cc33447,dc83b88a-a464-4b6e-8a96-67a2f9bbc24f,c3,c1,1020,?,x11,
1768610198.4001763,RECEIVED,a01c6418-7279-47ed-b14a-0f3c2f4f961f,b706b3f8-0c09-4c24-acbd-14c577bf0e51,c1,c3,1463,e10,?,
1768610198.4198194,SENT,09dc1f3a-2227-41db-ac1f-2c4250efd20e,8adce93a-3082-4e10-aa4d-1aaadeaf37e9,c3,c5,1011,?,x6,
1768610198.4198616,FORWARDED,09dc1f3a-2227-41db-ac1f-2c4250efd20e,8adce93a-3082-4e10-aa4d-1aaadeaf37e9,c3,c5,1011,?,x6,
1768610198.9977374,RECEIVED,45488ca3-f7fd-476a-87e6-e39ed64ce125,42aa1203-36a8-4103-b195-49199c94ab24,c5,c4,1454,e3,?,
1768610199.0238805,SENT,45488ca3-f7fd-476a-87e6-e39ed64ce125,42aa1203-36a8-4103-b195-49199c94ab24,c5,c4,1015,?,x11,
1768610199.0239248,FORWARDED,45488ca3-f7fd-476a-87e6-e39ed64ce125,42aa1203-36a8-4103-b195-49199c94ab24,c5,c4,1015,?,x11,
1768610199.2443357,RECEIVED,b807774c-9995-437c-b04d-c0920c26ab60,832fa4b8-a388-4d2c-9bde-048371f3b898,c3,c1,1456,e5,?,
1768610199.670374,SENT,a01c6418-7279-47ed-b14a-0f3c2f4f961f,b706b3f8-0c09-4c24-acbd-14c577bf0e51,c1,c3,1024,?,x3,
1768610199.6704245,FORWARDED,a01c6418-7279-47ed-b14a-0f3c2f4f961f,b706b3f8-0c09-4c24-acbd-14c577bf0e51,c1,c3,1024,?,x3,
1768610199.9666054,RECEIVED,9f5dd147-bd96-4f78-bd78-bb40148f73af,54dbe42d-c98d-4500-a1a7-17842889a71a,c5,c3,1457,e11,?,
1768610199.9935763,SENT,b807774c-9995-437c-b04d-c0920c26ab60,832fa4b8-a388-4d2c-9bde-048371f3b898,c3,c1,1020,?,x11,
1768610199.9936168,FORWARDED,b807774c-9995-437c-b04d-c0920c26ab60,832fa4b8-a388-4d2c-9bde-048371f3b898,c3,c1,1020,?,x11,
1768610200.052663,SENT,9f5dd147-bd96-4f78-bd78-bb40148f73af,54dbe42d-c98d-4500-a1a7-17842889a71a,c5,c3,1020,?,x12,
1768610200.052705,FORWARDED,9f5dd147-bd96-4f78-bd78-bb40148f73af,54dbe42d-c98d-4500-a1a7-17842889a71a,c5,c3,1020,?,x12,
1768610200.8551266,RECEIVED,0548705f-4ba5-4ba2-83d6-cb3e5ada7499,a93083a8-fe5f-477f-8520-a9320c83f431,c5,DROP,1020,e5,?,
1768610200.8660092,RECEIVED,1bdd2eaa-b02c-4a75-9187-896d56e79910,167b887f-79bc-4bff-855b-3ac0a092e46a,c3,c1,1456,e8,?,
1768610200.9142249,RECEIVED,b3223d50-1f1a-4d34-9955-f4c496a7a59e,f778807a-8f13-4157-b486-3ebbe8e0bede,c3,c4,1444,e3,?,
1768610201.029142,RECEIVED,85562e75-a6f6-4952-8913-5cad5accff22,f9300cce-1d58-44ae-9d9d-59946e44abca,c4,c3,1460,e12,?,
1768610201.049445,SENT,0548705f-4ba5-4ba2-83d6-cb3e5ada7499,a93083a8-fe5f-477f-8520-a9320c83f431,c5,DROP,693,?,x10,
1768610201.049486,FORWARDED,0548705f-4ba5-4ba2-83d6-cb3e5ada7499,a93083a8-fe5f-477f-8520-a9320c83f431,c5,DROP,693,?,x10,
1768610201.1577508,SENT,85562e75-a6f6-4952-8913-5cad5accff22,f9300cce-1d58-44ae-9d9d-59946e44abca,c4,c3,1023,?,x8,
1768610201.1577945,FORWARDED,85562e75-a6f6-4952-8913-5cad5accff22,f9300cce-1d58-44ae-9d9d-59946e44abca,c4,c3,1023,?,x8,
1768610201.201552,SENT,1bdd2eaa-b02c-4a75-9187-896d56e79910,167b887f-79bc-4bff-855b-3ac0a092e46a,c3,c1,1018,?,x2,
1768610201.2015939,FORWARDED,1bdd2eaa-b02c-4a75-9187-896d56e79910,167b887f-79bc-4bff-855b-3ac0a092e46a,c3,c1,1018,?,x2,
1768610201.2739956,SENT,b3223d50-1f1a-4d34-9955-f4c496a7a59e,f778807a-8f13-4157-b486-3ebbe8e0bede,c3,c4,1011,?,x1,
1768610201.2740376,FORWARDED,b3223d50-1f1a-4d34-9955-f4c496a7a59e,f778807a-8f13-4157-b486-3ebbe8e0bede,c3,c4,1011,?,x1,
1768610201.632601,RECEIVED,fbe676c0-2382-45fb-818f-6c315b1f9f76,d1396186-3cb8-4c03-b578-bd09d03b3f02,c4,DROP,442,x2,?,
1768610201.764791,RECEIVED,42e3f581-1b1e-4701-88b3-d688f786014b,51d3af38-82ff-46f3-bf4c-d3fabaac53e8,c3,DROP,1025,e11,?,
1768610201.7851465,RECEIVED,29136946-94de-4a1f-85ca-6943c229492c,5a5d2fb9-3ae7-4bf6-bf3c-29868e410383,c3,c2,1451,e5,?,
1768610201.8999255,SENT,42e3f581-1b1e-4701-88b3-d688f786014b,51d3af38-82ff-46f3-bf4c-d3fabaac53e8,c3,DROP,694,?,x11,
1768610201.8999755,FORWARDED,42e3f581-1b1e-4701-88b3-d688f786014b,51d3af38-82ff-46f3-bf4c-d3fabaac53e8,c3,DROP,694,?,x11,
1768610202.9361944,SENT,29136946-94de-4a1f-85ca-6943c229492c,5a5d2fb9-3ae7-4bf6-bf3c-29868e410383,c3,c2,1016,?,x7,
1768610202.9362352,FORWARDED,29136946-94de-4a1f-85ca-6943c229492c,5a5d2fb9-3ae7-4bf6-bf3c-29868e410383,c3,c2,1016,?,x7,
1768610203.0223932,RECEIVED,1c9aee2c-5cb6-4560-a33d-f810da397b25,6f80ccca-51c6-40f0-98de-4b2aa833a375,c1,c3,1449,e11,?,
1768610203.0790122,SENT,1c9aee2c-5cb6-4560-a33d-f810da397b25,6f80ccca-51c6-40f0-98de-4b2aa833a375,c1,c3,1012,?,x1,
1768610203.0790663,FORWARDED,1c9aee2c-5cb6-4560-a33d-f810da397b25,6f80ccca-51c6-40f0-98de-4b2aa833a375,c1,c3,1012,?,x1,
1768610203.3873158,RECEIVED,582a46e4-fc3e-4d23-a86d-e5b3c4e0b90e,dc633073-8ae1-4663-b072-1e2f9bf5003f,c2,c1,1443,e4,?,
1768610203.781659,RECEIVED,3b95bd4b-690b-48aa-9dd1-a029d41d8fdb,f0758932-61db-4992-806f-a5e3fbe8c208,c4,c3,1443,e6,?,
1768610204.343036,SENT,3b95bd4b-690b-48aa-9dd1-a029d41d8fdb,f0758932-61db-4992-806f-a5e3fbe8c208,c4,c3,1011,?,x4,
1768610204.3430924,FORWARDED,3b95bd4b-690b-48aa-9dd1-a029d41d8fdb,f0758932-61db-4992-806f-a5e3fbe8c208,c4,c3,1011,?,x4,
1768610204.4164243,SENT,582a46e4-fc3e-4d23-a86d-e5b3c4e0b90e,dc633073-8ae1-4663-b072-1e2f9bf5003f,c2,c1,1011,?,x8,
1768610204.4164672,FORWARDED,582a46e4-fc3e-4d23-a86d-e5b3c4e0b90e,dc633073-8ae1-4663-b072-1e2f9bf5003f,c2,c1,1011,?,x8,
1768610204.6774495,RECEIVED,b91b0a19-d14b-4a29-9699-94075c73e1cf,622d1f3b-76df-4261-9828-4a77257368dd,c2,DROP,1014,e3,?,
1768610204.7114534,RECEIVED,8ff8fc07-b3ad-4e5a-98b6-42f153e990ad,124996eb-ae21-49c0-9522-7b47eab1860e,c5,c3,1447,e7,?,
1768610205.2466857,SENT,b91b0a19-d14b-4a29-9699-94075c73e1cf,622d1f3b-76df-4261-9828-4a77257368dd,c2,DROP,688,?,x6,
1768610205.24673,FORWARDED,b91b0a19-d14b-4a29-9699-94075c73e1cf,622d1f3b-76df-4261-9828-4a77257368dd,c2,DROP,688,?,x6,
1768610205.3257134,RECEIVED,e798c376-0d9e-4c6b-a0b9-ee6dd0db4466,69097aac-4372-44a4-871c-1c859761c3ce,c4,c1,1451,e3,?,
1768610205.4327395,RECEIVED,8956d4d1-3f36-48e5-a7b4-ed7fb5616729,49b85dd1-0172-4af7-a91b-fe483e8869b5,c1,c4,1450,e5,?,
1768610205.5213904,SENT,8ff8fc07-b3ad-4e5a-98b6-42f153e990ad,124996eb-ae21-49c0-9522-7b47eab1860e,c5,c3,1012,?,x1,
1768610205.521433,FORWARDED,8ff8fc07-b3ad-4e5a-98b6-42f153e990ad,124996eb-ae21-49c0-9522-7b47eab1860e,c5,c3,1012,?,x1,
1768610205.6583738,RECEIVED,bb7c8eae-fd35-4637-bddb-7e582ab8ec21,4771bd0c-88bc-4ede-8986-06c2af80264c,c1,c2,1447,e4,?,
1768610206.0114188,SENT,e798c376-0d9e-4c6b-a0b9-ee6dd0db4466,69097aac-4372-44a4-871c-1c859761c3ce,c4,c1,1015,?,x11,
1768610206.0114617,FORWARDED,e798c376-0d9e-4c6b-a0b9-ee6dd0db4466,69097aac-4372-44a4-871c-1c859761c3ce,c4,c1,1015,?,x11,
1768610206.1396708,SENT,8956d4d1-3f36-48e5-a7b4-ed7fb5616729,49b85dd1-0172-4af7-a91b-fe483e8869b5,c1,c4,1016,?,x7,
1768610206.1397123,FORWARDED,8956d4d1-3f36-48e5-a7b4-ed7fb5616729,49b85dd1-0172-4af7-a91b-fe483e8869b5,c1,c4,1016,?,x7,
1768610206.2557495,RECEIVED,283f3698-3147-48fe-9dad-b6f2c15eb926,f70dd8b5-914d-44cc-a01c-f67b75884685,c5,DROP,1012,e9,?,
1768610206.3533523,SENT,bb7c8eae-fd35-4637-bddb-7e582ab8ec21,4771bd0c-88bc-4ede-8986-06c2af80264c,c1,c2,1012,?,x4,
1768610206.3533967,FORWARDED,bb7c8eae-fd35-4637-bddb-7e582ab8ec21,4771bd0c-88bc-4ede-8986-06c2af80264c,c1,c2,1012,?,x4,
1768610206.4678457,SENT,283f3698-3147-48fe-9dad-b6f2c15eb926,f70dd8b5-914d-44cc-a01c-f67b75884685,c5,DROP,687,?,x1,
1768610206.4678879,FORWARDED,283f3698-3147-48fe-9dad-b6f2c15eb926,f70dd8b5-914d-44cc-a01c-f67b75884685,c5,DROP,687,?,x1,
1768610206.7172604,RECEIVED,144bb467-669d-41eb-a235-7c27b5a13e13,578e361e-8b32-47f9-9bbb-55cae243cd87,c3,c5,1443,e3,?,
1768610207.2894557,RECEIVED,17eaf0c2-3d4e-4c75-a6fe-dd949a389e76,659dcefe-e622-48e8-ae46-2c08f64cd8d6,c2,c1,1444,e7,?,
1768610207.3414047,SENT,144bb467-669d-41eb-a235-7c27b5a13e13,578e361e-8b32-47f9-9bbb-55cae243cd87,c3,c5,1011,?,x8,
1768610207.3414462,FORWARDED,144bb467-669d-41eb-a235-7c27b5a13e13,578e361e-8b32-47f9-9bbb-55cae243cd87,c3,c5,1011,?,x8,
1768610207.532913,SENT,17eaf0c2-3d4e-4c75-a6fe-dd949a389e76,659dcefe-e622-48e8-ae46-2c08f64cd8d6,c2,c1,1011,?,x6,
1768610207.5329561,FORWARDED,17eaf0c2-3d4e-4c75-a6fe-dd949a389e76,659dcefe-e622-48e8-ae46-2c08f64cd8d6,c2,c1,1011,?,x6,
1768610208.2786012,RECEIVED,afb57acb-f44d-435a-9c8f-82d780e840e6,5f1141c9-613d-4cd1-837d-57499bef078f,c5,c4,1448,e9,?,
1768610208.4340398,SENT,afb57acb-f44d-435a-9c8f-82d780e840e6,5f1141c9-613d-4cd1-837d-57499bef078f,c5,c4,1012,?,x10,
1768610208.43442,FORWARDED,afb57acb-f44d-435a-9c8f-82d780e840e6,5f1141c9-613d-4cd1-837d-57499bef078f,c5,c4,1012,?,x10,
1768610209.541555,RECEIVED,0764643e-5809-4764-aed2-610f949bc1c7,6f55159e-c11e-4a53-9c0c-53df465cc4ed,c2,c5,1447,e5,?,
1768610209.6512725,RECEIVED,dd05f3c6-ccef-4a8c-bada-65729ca45c43,de0eeaeb-149e-491d-b5c5-7131fe52edfb,c4,c2,1443,e6,?,
1768610209.732787,SENT,0764643e-5809-4764-aed2-610f949bc1c7,6f55159e-c11e-4a53-9c0c-53df465cc4ed,c2,c5,1012,?,x6,
1768610209.7328398,FORWARDED,0764643e-5809-4764-aed2-610f949bc1c7,6f55159e-c11e-4a53-9c0c-53df465cc4ed,c2,c5,1012,?,x6,
1768610209.7842913,RECEIVED,8fb20fe9-4040-469f-b79b-79a32702ab6e,8adb6681-6472-4a76-8546-573f59ce46e3,c3,DROP,1021,e12,?,
1768610209.909647,RECEIVED,535ce005-1544-472b-911e-6b313c1889c5,fba27047-0c75-4423-b5b7-80d4795c4641,c3,c1,1443,e4,?,
1768610209.9715333,SENT,8fb20fe9-4040-469f-b79b-79a32702ab6e,8adb6681-6472-4a76-8546-573f59ce46e3,c3,DROP,691,?,x12,
1768610209.9715843,FORWARDED,8fb20fe9-4040-469f-b79b-79a32702ab6e,8adb6681-6472-4a76-8546-573f59ce46e3,c3,DROP,691,?,x12,
1768610209.9798615,RECEIVED,ec0f4c54-ffd1-4761-a268-a9bd307283b4,2df66ce7-cf92-4312-a897-d872390d0fdf,c2,c3,1451,e8,?,
1768610210.2137043,RECEIVED,ea4c35f5-51cb-449b-8dc3-d5cc316d1ec4,b48b4b0f-413e-4d48-86da-c8383c4043f6,c2,c1,1455,e10,?,
1768610210.232325,SENT,dd05f3c6-ccef-4a8c-bada-65729ca45c43,de0eeaeb-149e-491d-b5c5-7131fe52edfb,c4,c2,1011,?,x3,
1768610210.2323654,FORWARDED,dd05f3c6-ccef-4a8c-bada-65729ca45c43,de0eeaeb-149e-491d-b5c5-7131fe52edfb,c4,c2,1011,?,x3,
1768610210.6549807,SENT,ec0f4c54-ffd1-4761-a268-a9bd307283b4,2df66ce7-cf92-4312-a897-d872390d0fdf,c2,c3,1015,?,x9,
1768610210.6550255,FORWARDED,ec0f4c54-ffd1-4761-a268-a9bd307283b4,2df66ce7-cf92-4312-a897-d872390d0fdf,c2,c3,1015,?,x9,
1768610210.7773001,SENT,535ce005-1544-472b-911e-6b313c1889c5,fba27047-0c75-4423-b5b7-80d4795c4641,c3,c1,1011,?,x7,
1768610210.7773447,FORWARDED,535ce005-1544-472b-911e-6b313c1889c5,fba27047-0c75-4423-b5b7-80d4795c4641,c3,c1,1011,?,x7,
1768610211.2886689,SENT,ea4c35f5-51cb-449b-8dc3-d5cc316d1ec4,b48b4b0f-413e-4d48-86da-c8383c4043f6,c2,c1,1020,?,x2,
1768610211.288713,FORWARDED,ea4c35f5-51cb-449b-8dc3-d5cc316d1ec4,b48b4b0f-413e-4d48-86da-c8383c4043f6,c2,c1,1020,?,x2,
1768610211.3207107,RECEIVED,245dbb27-453b-48fc-b304-076f797dc791,6d32703d-c01e-405e-ab6c-40be49e596d5,c1,c3,1456,e8,?,
1768610211.365871,RECEIVED,983540cc-9f67-40fc-a007-71688c728896,90e55ba5-019b-4c28-b37a-08aaad20c8df,c5,c3,1444,e7,?,
1768610211.430408,SENT,983540cc-9f67-40fc-a007-71688c728896,90e55ba5-019b-4c28-b37a-08aaad20c8df,c5,c3,1011,?,x9,
1768610211.4304504,FORWARDED,983540cc-9f67-40fc-a007-71688c728896,90e55ba5-019b-4c28-b37a-08aaad20c8df,c5,c3,1011,?,x9,
1768610211.7087674,SENT,245dbb27-453b-48fc-b304-076f797dc791,6d32703d-c01e-405e-ab6c-40be49e596d5,c1,c3,1018,?,x1,
1768610211.7088146,FORWARDED,245dbb27-453b-48fc-b304-076f797dc791,6d32703d-c01e-405e-ab6c-40be49e596d5,c1,c3,1018,?,x1,
1768610211.8208842,RECEIVED,e860777a-1d23-4c2b-b0cb-56be82ee41cb,d995bc6e-5960-4720-a22c-21bfbb280ef7,c4,c3,1453,e1,?,
1768610211.882865,SENT,e860777a-1d23-4c2b-b0cb-56be82ee41cb,d995bc6e-5960-4720-a22c-21bfbb280ef7,c4,c3,1015,?,x5,
1768610211.882911,FORWARDED,e860777a-1d23-4c2b-b0cb-56be82ee41cb,d995bc6e-5960-4720-a22c-21bfbb280ef7,c4,c3,1015,?,x5,
1768610212.768343,RECEIVED,b3d3272e-733a-414f-8319-6e7b2f9e3393,89ab2f1e-d11d-4f46-8291-e490949f5e06,c1,DROP,1015,e10,?,
1768610212.8573873,RECEIVED,6e3defa6-e3a0-4aa1-b3ca-2644f2496845,9c41f563-72b9-42cb-ae82-54dd01bbd39b,c2,c4,1447,e1,?,
1768610212.9027834,SENT,b3d3272e-733a-414f-8319-6e7b2f9e3393,89ab2f1e-d11d-4f46-8291-e490949f5e06,c1,DROP,688,?,x1,
1768610212.9028263,FORWARDED,b3d3272e-733a-414f-8319-6e7b2f9e3393,89ab2f1e-d11d-4f46-8291-e490949f5e06,c1,DROP,688,?,x1,
1768610213.09454,RECEIVED,fee62d0a-ae76-4eff-928e-e5d6154e74b1,71a81eb5-5276-43a0-b9f0-3443c3970912,c2,c4,1440,e1,?,
1768610213.1118531,RECEIVED,424bc90b-7ae4-49e8-b2c6-9c23ae908f49,707d31a2-d2e9-4f4c-a1af-758ccdd2cc4f,c2,DROP,1006,e2,?,
1768610213.1357112,SENT,fee62d0a-ae76-4eff-928e-e5d6154e74b1,71a81eb5-5276-43a0-b9f0-3443c3970912,c2,c4,1007,?,x1,
1768610213.1357522,FORWARDED,fee62d0a-ae76-4eff-928e-e5d6154e74b1,71a81eb5-5276-43a0-b9f0-3443c3970912,c2,c4,1007,?,x1,
1768610213.175134,RECEIVED,8cb175c9-d666-4c67-bd00-7c0c019175e1,2fc34292-7619-49bc-bf66-f5f01db95391,c1,c2,1443,e8,?,
1768610213.364714,RECEIVED,81080939-e558-4914-b76f-0f44e1b524b7,393bcbe6-12fa-405b-ae40-e9a7cb63f781,c4,c5,1463,e10,?,
1768610213.3854818,RECEIVED,0afcc38d-fa56-4d07-877b-bcfe8af83bbe,16a96c71-c09a-4860-beea-42c7566801d4,c2,c5,1455,e10,?,
1768610213.5661752,SENT,6e3defa6-e3a0-4aa1-b3ca-2644f2496845,9c41f563-72b9-42cb-ae82-54dd01bbd39b,c2,c4,1012,?,x7,
1768610213.5662189,FORWARDED,6e3defa6-e3a0-4aa1-b3ca-2644f2496845,9c41f563-72b9-42cb-ae82-54dd01bbd39b,c2,c4,1012,?,x7,
1768610213.5822847,SENT,8cb175c9-d666-4c67-bd00-7c0c019175e1,2fc34292-7619-49bc-bf66-f5f01db95391,c1,c2,1011,?,x3,
1768610213.5823255,FORWARDED,8cb175c9-d666-4c67-bd00-7c0c019175e1,2fc34292-7619-49bc-bf66-f5f01db95391,c1,c2,1011,?,x3,
1768610213.7741508,SENT,424bc90b-7ae4-49e8-b2c6-9c23ae908f49,707d31a2-d2e9-4f4c-a1af-758ccdd2cc4f,c2,DROP,683,?,x7,
1768610213.774202,FORWARDED,424bc90b-7ae4-49e8-b2c6-9c23ae908f49,707d31a2-d2e9-4f4c-a1af-758ccdd2cc4f,c2,DROP,683,?,x7,
1768610214.3461282,SENT,81080939-e558-4914-b76f-0f44e1b524b7,393bcbe6-12fa-405b-ae40-e9a7cb63f781,c4,c5,1025,?,x9,
1768610214.3461711,FORWARDED,81080939-e558-4914-b76f-0f44e1b524b7,393bcbe6-12fa-405b-ae40-e9a7cb63f781,c4,c5,1025,?,x9,
1768610214.773134,RECEIVED,9578a351-a820-4b02-abc7-d6309a268905,fdfccf76-19ae-4b90-9ec2-abd3773a2d8f,c4,DROP,1016,e12,?,
1768610214.911872,RECEIVED,297a7409-6c27-48d7-90c7-85fd426a1e88,dc66b194-37d1-49f2-918c-e4b0bfd7f9a7,c2,c5,1450,e12,?,
1768610215.0713115,SENT,297a7409-6c27-48d7-90c7-85fd426a1e88,dc66b194-37d1-49f2-918c-e4b0bfd7f9a7,c2,c5,1016,?,x1,
1768610215.0713546,FORWARDED,297a7409-6c27-48d7-90c7-85fd426a1e88,dc66b194-37d1-49f2-918c-e4b0bfd7f9a7,c2,c5,1016,?,x1,
1768610215.1121953,SENT,0afcc38d-fa56-4d07-877b-bcfe8af83bbe,16a96c71-c09a-4860-beea-42c7566801d4,c2,c5,1018,?,x1,
1768610215.1122327,FORWARDED,0afcc38d-fa56-4d07-877b-bcfe8af83bbe,16a96c71-c09a-4860-beea-42c7566801d4,c2,c5,1018,?,x1,
1768610215.182613,RECEIVED,9a35cacd-71e0-4c61-9700-1370411d86e9,618d73b9-7f38-4523-937f-388a9f51c009,c3,c2,1443,e12,?,
1768610215.1833873,SENT,9578a351-a820-4b02-abc7-d6309a268905,fdfccf76-19ae-4b90-9ec2-abd3773a2d8f,c4,DROP,689,?,x3,
1768610215.1834276,FORWARDED,9578a351-a820-4b02-abc7-d6309a268905,fdfccf76-19ae-4b90-9ec2-abd3773a2d8f,c4,DROP,689,?,x3,
1768610215.3457754,SENT,9a35cacd-71e0-4c61-9700-1370411d86e9,618d73b9-7f38-4523-937f-388a9f51c009,c3,c2,1011,?,x7,
1768610215.3458178,FORWARDED,9a35cacd-71e0-4c61-9700-1370411d86e9,618d73b9-7f38-4523-937f-388a9f51c009,c3,c2,1011,?,x7,
1768610215.3735058,RECEIVED,a70e4f71-f64b-4535-b1cf-88ffc15fcedb,786009f7-6568-46d0-9e17-9ce2ace16ab1,c1,c5,1448,e11,?,
1768610215.554487,RECEIVED,85510ebd-b740-4da6-8f36-1a5ecc011f61,c1571dce-65ca-4686-8a68-db47c972c1ca,c2,c5,1450,e8,?,
1768610215.7284062,SENT,a70e4f71-f64b-4535-b1cf-88ffc15fcedb,786009f7-6568-46d0-9e17-9ce2ace16ab1,c1,c5,1014,?,x11,
1768610215.7284486,FORWARDED,a70e4f71-f64b-4535-b1cf-88ffc15fcedb,786009f7-6568-46d0-9e17-9ce2ace16ab1,c1,c5,1014,?,x11,
1768610215.7977395,RECEIVED,ee37ca27-cf15-4383-9b31-317b9e9f2369,cbe92c9d-d5c8-476c-8516-e21c5baa7b14,c4,c3,1447,e1,?,
1768610215.9478264,RECEIVED,26dbfdab-c40f-4227-892b-7b77290b08a6,e2b35918-4a16-4908-b823-5a5545e76c64,c2,c5,1452,e4,?,
1768610216.0321908,SENT,26dbfdab-c40f-4227-892b-7b77290b08a6,e2b35918-4a16-4908-b823-5a5545e76c64,c2,c5,1015,?,x3,
1768610216.0322323,FORWARDED,26dbfdab-c40f-4227-892b-7b77290b08a6,e2b35918-4a16-4908-b823-5a5545e76c64,c2,c5,1015,?,x3,
1768610216.1519547,RECEIVED,d7be43b6-d2d8-4fb8-9c3e-53a84543cfb0,2b5f4ebd-e7ef-457c-9712-3101bc6d130f,c1,DROP,1020,e11,?,
1768610216.285412,SENT,d7be43b6-d2d8-4fb8-9c3e-53a84543cfb0,2b5f4ebd-e7ef-457c-9712-3101bc6d130f,c1,DROP,693,?,x9,
1768610216.285457,FORWARDED,d7be43b6-d2d8-4fb8-9c3e-53a84543cfb0,2b5f4ebd-e7ef-457c-9712-3101bc6d130f,c1,DROP,693,?,x9,
1768610216.3236954,RECEIVED,6ab4b154-b012-4752-95b7-5ec4645a0f54,642eb9ce-c658-407c-9310-a2d4f439dbb5,c2,c1,1452,e4,?,
1768610216.4486809,SENT,6ab4b154-b012-4752-95b7-5ec4645a0f54,642eb9ce-c658-407c-9310-a2d4f439dbb5,c2,c1,1015,?,x2,
1768610216.4487233,FORWARDED,6ab4b154-b012-4752-95b7-5ec4645a0f54,642eb9ce-c658-407c-9310-a2d4f439dbb5,c2,c1,1015,?,x2,
1768610216.5000558,RECEIVED,96c74a60-0eea-4dbe-ab28-a9c5dfbc94ab,7fbab713-5d02-4206-b883-5db294cf328c,c3,c2,1456,e12,?,
1768610216.5421588,SENT,ee37ca27-cf15-4383-9b31-317b9e9f2369,cbe92c9d-d5c8-476c-8516-e21c5baa7b14,c4,c3,1012,?,x9,
1768610216.5421991,FORWARDED,ee37ca27-cf15-4383-9b31-317b9e9f2369,cbe92c9d-d5c8-476c-8516-e21c5baa7b14,c4,c3,1012,?,x9,
1768610216.5443633,RECEIVED,a845f700-6d58-41df-9778-b7a9c9c67f5b,35072721-16e6-4167-9983-067e120fd150,c4,DROP,447,x10,?,
1768610216.6810825,RECEIVED,ee3efd23-6174-4650-b21b-47d3daf9d91d,7906a792-8120-4658-979d-2ce2bedc1fc0,c4,DROP,442,x12,?,
1768610216.84593,RECEIVED,6b847378-2c1f-4782-94d7-76b837ffff77,2a5b5d65-1c72-47d4-9754-37c472f47783,c3,DROP,439,x6,?,
1768610216.8555052,SENT,96c74a60-0eea-4dbe-ab28-a9c5dfbc94ab,7fbab713-5d02-4206-b883-5db294cf328c,c3,c2,1019,?,x8,
1768610216.8555572,FORWARDED,96c74a60-0eea-4dbe-ab28-a9c5dfbc94ab,7fbab713-5d02-4206-b883-5db294cf328c,c3,c2,1019,?,x8,
1768610217.2079854,RECEIVED,1f8a2bd6-eab0-45d7-9833-9644602497d0,8e0720b5-8e59-4af9-9d0d-af48168cef0a,c4,c2,1469,e3,?,
1768610217.3242435,RECEIVED,cb303679-f8aa-48c7-a385-61b5152154d4,53b82acf-c4f8-4c59-a95c-9941520e8eaf,c2,c1,1451,e12,?,
1768610217.366167,SENT,1f8a2bd6-eab0-45d7-9833-9644602497d0,8e0720b5-8e59-4af9-9d0d-af48168cef0a,c4,c2,1027,?,x12,
1768610217.3662076,FORWARDED,1f8a2bd6-eab0-45d7-9833-9644602497d0,8e0720b5-8e59-4af9-9d0d-af48168cef0a,c4,c2,1027,?,x12,
1768610217.38395,RECEIVED,489fbce0-fc05-4071-b60b-380eba0df5b8,65cba75d-1a40-4553-9489-fc13453cc93b,c2,c3,1457,e2,?,
1768610217.5372217,SENT,489fbce0-fc05-4071-b60b-380eba0df5b8,65cba75d-1a40-4553-9489-fc13453cc93b,c2,c3,1019,?,x12,
1768610217.5372615,FORWARDED,489fbce0-fc05-4071-b60b-380eba0df5b8,65cba75d-1a40-4553-9489-fc13453cc93b,c2,c3,1019,?,x12,
1768610217.5520017,RECEIVED,c41a0e72-b878-45d1-9d23-bb6c049e3597,50bf9632-440c-441c-980f-2aa57d509dac,c3,DROP,1009,e1,?,
1768610217.638873,SENT,c41a0e72-b878-45d1-9d23-bb6c049e3597,50bf9632-440c-441c-980f-2aa57d509dac,c3,DROP,684,?,x6,
1768610217.6389153,FORWARDED,c41a0e72-b878-45d1-9d23-bb6c049e3597,50bf9632-440c-441c-980f-2aa57d509dac,c3,DROP,684,?,x6,
1768610217.9364722,RECEIVED,f9b1b81b-bc57-4127-bdea-6995f736f94f,ae48a41f-fe9b-4dbf-a996-17680c6dc968,c4,c1,1448,e1,?,
1768610217.957142,RECEIVED,eb61c54c-a349-4a4e-b286-364744bf1498,5feed0d6-5347-4a61-b6a1-1a0877e2f2fb,c5,c4,1457,e3,?,
1768610218.0343602,RECEIVED,b1941d27-ed23-45ae-8945-43b3eacb806d,40168f6f-4cc8-47bc-bb53-deec52612568,c5,c2,1451,e1,?,
1768610218.120674,RECEIVED,a8f47137-4cdf-4d74-9240-0995f701bbec,6d0e3608-e9d8-4857-9ece-ee94c440407b,c4,c5,1447,e2,?,
1768610218.1310644,SENT,eb61c54c-a349-4a4e-b286-364744bf1498,5feed0d6-5347-4a61-b6a1-1a0877e2f2fb,c5,c4,1020,?,x10,
1768610218.1311085,FORWARDED,eb61c54c-a349-4a4e-b286-364744bf1498,5feed0d6-5347-4a61-b6a1-1a0877e2f2fb,c5,c4,1020,?,x10,
1768610218.1870422,SENT,f9b1b81b-bc57-4127-bdea-6995f736f94f,ae48a41f-fe9b-4dbf-a996-17680c6dc968,c4,c1,1012,?,x3,
1768610218.187097,FORWARDED,f9b1b81b-bc57-4127-bdea-6995f736f94f,ae48a41f-fe9b-4dbf-a996-17680c6dc968,c4,c1,1012,?,x3,
1768610218.3350286,SENT,85510ebd-b740-4da6-8f36-1a5ecc011f61,c1571dce-65ca-4686-8a68-db47c972c1ca,c2,c5,1015,?,x9,
1768610218.335171,FORWARDED,85510ebd-b740-4da6-8f36-1a5ecc011f61,c1571dce-65ca-4686-8a68-db47c972c1ca,c2,c5,1015,?,x9,
1768610218.6132529,RECEIVED,53454813-a600-4f7d-84d3-dbbf7f925145,b80895a9-51dc-4e2f-9168-f11faadff9af,c1,c3,1452,e12,?,
1768610218.625471,SENT,cb303679-f8aa-48c7-a385-61b5152154d4,53b82acf-c4f8-4c59-a95c-9941520e8eaf,c2,c1,1015,?,x2,
1768610218.6256063,FORWARDED,cb303679-f8aa-48c7-a385-61b5152154d4,53b82acf-c4f8-4c59-a95c-9941520e8eaf,c2,c1,1015,?,x2,
1768610218.7393878,SENT,53454813-a600-4f7d-84d3-dbbf7f925145,b80895a9-51dc-4e2f-9168-f11faadff9af,c1,c3,1016,?,x1,
1768610218.7394307,FORWARDED,53454813-a600-4f7d-84d3-dbbf7f925145,b80895a9-51dc-4e2f-9168-f11faadff9af,c1,c3,1016,?,x1,
1768610218.8543417,SENT,a8f47137-4cdf-4d74-9240-0995f701bbec,6d0e3608-e9d8-4857-9ece-ee94c440407b,c4,c5,1012,?,x5,
1768610218.8543842,FORWARDED,a8f47137-4cdf-4d74-9240-0995f701bbec,6d0e3608-e9d8-4857-9ece-ee94c440407b,c4,c5,1012,?,x5,
1768610218.878327,SENT,b1941d27-ed23-45ae-8945-43b3eacb806d,40168f6f-4cc8-47bc-bb53-deec52612568,c5,c2,1015,?,x8,
1768610218.8783696,FORWARDED,b1941d27-ed23-45ae-8945-43b3eacb806d,40168f6f-4cc8-47bc-bb53-deec52612568,c5,c2,1015,?,x8,
1768610218.9541955,RECEIVED,b91512a4-1efc-4a93-8d82-51bdc54d9039,b0c83b5e-4893-4a09-b9c3-fe6e8678700b,c3,c2,1448,e1,?,
1768610219.019775,RECEIVED,095bc07c-3fb9-4fe2-b87c-18460bdd3cac,60ac10f7-fed8-423e-beca-31f13f57615c,c2,DROP,1012,e1,?,
1768610219.044241,SENT,b91512a4-1efc-4a93-8d82-51bdc54d9039,b0c83b5e-4893-4a09-b9c3-fe6e8678700b,c3,c2,1012,?,x6,
1768610219.0442867,FORWARDED,b91512a4-1efc-4a93-8d82-51bdc54d9039,b0c83b5e-4893-4a09-b9c3-fe6e8678700b,c3,c2,1012,?,x6,
1768610219.0520906,RECEIVED,22a62c52-4669-4b54-86f0-a3fa06b9432f,2ef98c37-342a-4c61-848f-d9fb9483fb09,c3,c4,1461,e2,?,
1768610219.105079,RECEIVED,50fe297f-4fd4-440c-a36b-a8e1e87bc9bb,09243a8e-8fc3-49b5-b054-7ef2238f30ee,c2,c1,1451,e3,?,
1768610219.3221622,SENT,50fe297f-4fd4-440c-a36b-a8e1e87bc9bb,09243a8e-8fc3-49b5-b054-7ef2238f30ee,c2,c1,1015,?,x2,
1768610219.3222172,FORWARDED,50fe297f-4fd4-440c-a36b-a8e1e87bc9bb,09243a8e-8fc3-49b5-b054-7ef2238f30ee,c2,c1,1015,?,x2,
1768610219.3674395,SENT,22a62c52-4669-4b54-86f0-a3fa06b9432f,2ef98c37-342a-4c61-848f-d9fb9483fb09,c3,c4,1023,?,x11,
1768610219.367496,FORWARDED,22a62c52-4669-4b54-86f0-a3fa06b9432f,2ef98c37-342a-4c61-848f-d9fb9483fb09,c3,c4,1023,?,x11,
1768610219.4353905,SENT,095bc07c-3fb9-4fe2-b87c-18460bdd3cac,60ac10f7-fed8-423e-beca-31f13f57615c,c2,DROP,687,?,x12,
1768610219.4354463,FORWARDED,095bc07c-3fb9-4fe2-b87c-18460bdd3cac,60ac10f7-fed8-423e-beca-31f13f57615c,c2,DROP,687,?,x12,
1768610219.451022,RECEIVED,48cc1117-1675-4407-802b-eb929bbf3351,694133da-9342-4c2b-a546-3ab08828ad4d,c4,c1,1443,e3,?,
1768610219.5185475,RECEIVED,76d24d70-a6e8-4d8e-b060-642186252575,b50d3a30-c7b2-4d56-869a-29a899cdb7c3,c4,c2,1447,e6,?,
1768610219.5561624,RECEIVED,50998900-5f2a-410f-b26e-da3aac397d61,a0d80d60-5bc6-442e-bca4-378ec29de343,c4,DROP,1002,e7,?,
1768610220.1144044,SENT,48cc1117-1675-4407-802b-eb929bbf3351,694133da-9342-4c2b-a546-3ab08828ad4d,c4,c1,1011,?,x8,
1768610220.1144469,FORWARDED,48cc1117-1675-4407-802b-eb929bbf3351,694133da-9342-4c2b-a546-3ab08828ad4d,c4,c1,1011,?,x8,
1768610220.1836193,SENT,50998900-5f2a-410f-b26e-da3aac397d61,a0d80d60-5bc6-442e-bca4-378ec29de343,c4,DROP,681,?,x8,
1768610220.18366,FORWARDED,50998900-5f2a-410f-b26e-da3aac397d61,a0d80d60-5bc6-442e-bca4-378ec29de343,c4,DROP,681,?,x8,
1768610220.5079844,RECEIVED,4f0b10d1-35aa-48e8-83c7-f99eebda4f77,cedbad3c-6331-4c98-93f3-2d95383266e8,c4,c1,1457,e12,?,
1768610220.670309,SENT,4f0b10d1-35aa-48e8-83c7-f99eebda4f77,cedbad3c-6331-4c98-93f3-2d95383266e8,c4,c1,1019,?,x11,
1768610220.6703515,FORWARDED,4f0b10d1-35aa-48e8-83c7-f99eebda4f77,cedbad3c-6331-4c98-93f3-2d95383266e8,c4,c1,1019,?,x11,
1768610221.2925057,RECEIVED,550daedc-d041-4c8d-b028-fdc31db8f724,93b9f495-fea6-45a3-b0b2-b107d7382468,c5,c1,1447,e3,?,
1768610221.5830932,SENT,76d24d70-a6e8-4d8e-b060-642186252575,b50d3a30-c7b2-4d56-869a-29a899cdb7c3,c4,c2,1012,?,x10,
1768610221.5831375,FORWARDED,76d24d70-a6e8-4d8e-b060-642186252575,b50d3a30-c7b2-4d56-869a-29a899cdb7c3,c4,c2,1012,?,x10,
1768610221.709145,RECEIVED,30fe6966-e6a5-4992-93a2-f41e2e4c7eb4,7a20ffe0-665c-4bb9-abc1-c1d2ba13752e,c2,c4,1444,e1,?,
1768610221.7848613,SENT,30fe6966-e6a5-4992-93a2-f41e2e4c7eb4,7a20ffe0-665c-4bb9-abc1-c1d2ba13752e,c2,c4,1010,?,x7,
1768610221.784905,FORWARDED,30fe6966-e6a5-4992-93a2-f41e2e4c7eb4,7a20ffe0-665c-4bb9-abc1-c1d2ba13752e,c2,c4,1010,?,x7,
1768610222.0366101,RECEIVED,4ada6f29-1ac5-4365-8a1b-e45b242ea8f7,c2128e0b-d2dc-4e25-90f0-0312a74920c1,c4,DROP,1007,e12,?,
1768610222.0713956,SENT,550daedc-d041-4c8d-b028-fdc31db8f724,93b9f495-fea6-45a3-b0b2-b107d7382468,c5,c1,1012,?,x6,
1768610222.0714378,FORWARDED,550daedc-d041-4c8d-b028-fdc31db8f724,93b9f495-fea6-45a3-b0b2-b107d7382468,c5,c1,1012,?,x6,
1768610222.546357,SENT,4ada6f29-1ac5-4365-8a1b-e45b242ea8f7,c2128e0b-d2dc-4e25-90f0-0312a74920c1,c4,DROP,684,?,x8,
1768610222.5464077,FORWARDED,4ada6f29-1ac5-4365-8a1b-e45b242ea8f7,c2128e0b-d2dc-4e25-90f0-0312a74920c1,c4,DROP,684,?,x8,
1768610223.5968816,RECEIVED,5afad3fa-9b92-42d9-90c2-08ac3ee53a7e,58591bcf-32e2-4d7a-8efa-bf38f79f0077,c3,DROP,442,x9,?,
1768610223.9945903,RECEIVED,e2d1f5fa-d5c2-416f-aa83-68864b3180b0,56367e6b-5a17-4a82-9ae9-e7a44654d02c,c4,DROP,1014,e8,?,
1768610224.005606,SENT,e2d1f5fa-d5c2-416f-aa83-68864b3180b0,56367e6b-5a17-4a82-9ae9-e7a44654d02c,c4,DROP,687,?,x10,
1768610224.0056481,FORWARDED,e2d1f5fa-d5c2-416f-aa83-68864b3180b0,56367e6b-5a17-4a82-9ae9-e7a44654d02c,c4,DROP,687,?,x10,
1768610224.1521668,RECEIVED,7e3c863b-590c-4eb9-ac18-2e0813520f7a,11e29091-57b4-47f3-a9cf-f04b4b78e509,c1,c5,1451,e6,?,
1768610224.1542327,RECEIVED,38afb57c-1a80-471b-aa6d-9416f031a0ee,e9e95d1e-9218-48fe-a867-b6e3f5b8ccfa,c3,c2,1452,e5,?,
1768610224.245858,RECEIVED,5a3a8f9d-bd01-46ac-aba6-068436240116,f7eb4061-d453-4e39-9927-67cc6aae1c3f,c3,c1,1443,e4,?,
1768610224.2819502,RECEIVED,c85c753c-0a6d-42df-8491-725e8d763e50,fa42e692-78f3-42f1-918b-457e15897a0a,c5,c4,1460,e7,?,
1768610224.473446,RECEIVED,35be6f74-ad5e-4a9a-ad75-41b365f4fe79,5c8ea3a9-d203-4816-aec0-c967478a859a,c1,c5,1444,e6,?,
1768610224.5602987,SENT,35be6f74-ad5e-4a9a-ad75-41b365f4fe79,5c8ea3a9-d203-4816-aec0-c967478a859a,c1,c5,1011,?,x5,
1768610224.5603464,FORWARDED,35be6f74-ad5e-4a9a-ad75-41b365f4fe79,5c8ea3a9-d203-4816-aec0-c967478a859a,c1,c5,1011,?,x5,
1768610224.5720081,RECEIVED,31263add-3a44-493e-b257-5d953a1beac4,9d3e1a13-9845-4657-86c1-cd4df58f6d7c,c3,c2,1451,e9,?,
1768610224.6201174,RECEIVED,e087efbe-ce2b-467b-a32b-9a536976ea9c,a2e75283-fffa-4bab-9d46-be66a1e87275,c4,c2,1447,e2,?,
1768610224.790713,RECEIVED,7604b600-47c5-4e30-8907-4ee01ca65750,528d1806-1b79-475d-911e-b46f2906c29f,c3,DROP,1015,e2,?,
1768610224.8751974,SENT,31263add-3a44-493e-b257-5d953a1beac4,9d3e1a13-9845-4657-86c1-cd4df58f6d7c,c3,c2,1016,?,x5,
1768610224.8753204,FORWARDED,31263add-3a44-493e-b257-5d953a1beac4,9d3e1a13-9845-4657-86c1-cd4df58f6d7c,c3,c2,1016,?,x5,
1768610225.1188455,SENT,7e3c863b-590c-4eb9-ac18-2e0813520f7a,11e29091-57b4-47f3-a9cf-f04b4b78e509,c1,c5,1016,?,x9,
1768610225.118929,FORWARDED,7e3c863b-590c-4eb9-ac18-2e0813520f7a,11e29091-57b4-47f3-a9cf-f04b4b78e509,c1,c5,1016,?,x9,
1768610225.1302757,RECEIVED,a84a7907-8d02-4b95-aea3-4542bd921842,f25f5b68-45aa-411a-80b4-ddb3ff5b8034,c3,c4,1443,e8,?,
1768610225.1764781,SENT,5a3a8f9d-bd01-46ac-aba6-068436240116,f7eb4061-d453-4e39-9927-67cc6aae1c3f,c3,c1,1011,?,x7,
1768610225.1765394,FORWARDED,5a3a8f9d-bd01-46ac-aba6-068436240116,f7eb4061-d453-4e39-9927-67cc6aae1c3f,c3,c1,1011,?,x7,
1768610225.4827971,SENT,a84a7907-8d02-4b95-aea3-4542bd921842,f25f5b68-45aa-411a-80b4-ddb3ff5b8034,c3,c4,1010,?,x2,
1768610225.482841,FORWARDED,a84a7907-8d02-4b95-aea3-4542bd921842,f25f5b68-45aa-411a-80b4-ddb3ff5b8034,c3,c4,1010,?,x2,
1768610225.5845673,RECEIVED,66819706-a2ec-4f0a-9aec-7d7b8d3d7152,30322014-e109-4a5f-9931-743ce0c33d56,c5,c4,1455,e12,?,
1768610225.7612991,RECEIVED,e21ccf9b-cff7-4d40-a9e9-7cfc2ae10772,4bda1315-05ae-4e01-a06a-9b4b7e933057,c1,DROP,441,x11,?,
1768610225.8102489,RECEIVED,01e0ea1c-b206-475a-871e-a670ef71a7d2,732e064b-bab0-4cd0-9b84-ee7fb36ae8ac,c2,c4,1452,e11,?,
1768610225.8951964,SENT,c85c753c-0a6d-42df-8491-725e8d763e50,fa42e692-78f3-42f1-918b-457e15897a0a,c5,c4,1023,?,x11,
1768610225.8953226,FORWARDED,c85c753c-0a6d-42df-8491-725e8d763e50,fa42e692-78f3-42f1-918b-457e15897a0a,c5,c4,1023,?,x11,
1768610225.9634023,SENT,01e0ea1c-b206-475a-871e-a670ef71a7d2,732e064b-bab0-4cd0-9b84-ee7fb36ae8ac,c2,c4,1016,?,x6,
1768610225.963517,FORWARDED,01e0ea1c-b206-475a-871e-a670ef71a7d2,732e064b-bab0-4cd0-9b84-ee7fb36ae8ac,c2,c4,1016,?,x6,
1768610226.2900996,SENT,e087efbe-ce2b-467b-a32b-9a536976ea9c,a2e75283-fffa-4bab-9d46-be66a1e87275,c4,c2,1012,?,x5,
1768610226.2901435,FORWARDED,e087efbe-ce2b-467b-a32b-9a536976ea9c,a2e75283-fffa-4bab-9d46-be66a1e87275,c4,c2,1012,?,x5,
1768610226.7582636,SENT,7604b600-47c5-4e30-8907-4ee01ca65750,528d1806-1b79-475d-911e-b46f2906c29f,c3,DROP,688,?,x8,
1768610226.7583032,FORWARDED,7604b600-47c5-4e30-8907-4ee01ca65750,528d1806-1b79-475d-911e-b46f2906c29f,c3,DROP,688,?,x8,
1768610226.839212,SENT,38afb57c-1a80-471b-aa6d-9416f031a0ee,e9e95d1e-9218-48fe-a867-b6e3f5b8ccfa,c3,c2,1015,?,x11,
1768610226.8392532,FORWARDED,38afb57c-1a80-471b-aa6d-9416f031a0ee,e9e95d1e-9218-48fe-a867-b6e3f5b8ccfa,c3,c2,1015,?,x11,
1768610227.011809,RECEIVED,2bf4acb1-f45a-4bd9-9ff5-4eb08c634b17,d7bef4ba-0cab-4aa9-a89a-e9a576a2fd8c,c5,c2,1459,e12,?,
1768610227.1636293,SENT,66819706-a2ec-4f0a-9aec-7d7b8d3d7152,30322014-e109-4a5f-9931-743ce0c33d56,c5,c4,1020,?,x5,
1768610227.1636713,FORWARDED,66819706-a2ec-4f0a-9aec-7d7b8d3d7152,30322014-e109-4a5f-9931-743ce0c33d56,c5,c4,1020,?,x5,
1768610227.3180265,RECEIVED,d8339c93-af3a-401a-a523-e99f118cda42,18587d33-b290-4efb-90bf-ef23eca9ea00,c1,c2,1456,e10,?,
1768610227.7276382,SENT,d8339c93-af3a-401a-a523-e99f118cda42,18587d33-b290-4efb-90bf-ef23eca9ea00,c1,c2,1019,?,x8,
1768610227.72769,FORWARDED,d8339c93-af3a-401a-a523-e99f118cda42,18587d33-b290-4efb-90bf-ef23eca9ea00,c1,c2,1019,?,x8,
1768610227.7285154,RECEIVED,99d55d12-7013-45dd-92d3-6c404410afca,7ab95c7e-f1a2-4ef5-8bc4-0f29b80f78e6,c5,c4,1457,e10,?,
1768610228.0882142,SENT,99d55d12-7013-45dd-92d3-6c404410afca,7ab95c7e-f1a2-4ef5-8bc4-0f29b80f78e6,c5,c4,1020,?,x12,
1768610228.0882564,FORWARDED,99d55d12-7013-45dd-92d3-6c404410afca,7ab95c7e-f1a2-4ef5-8bc4-0f29b80f78e6,c5,c4,1020,?,x12,
1768610228.4827409,RECEIVED,c3ea02e5-1f63-4763-b903-1d96659d65b3,4431aaad-e458-4dd6-a62b-5e2c3e694606,c1,c2,1447,e6,?,
1768610228.6901367,SENT,c3ea02e5-1f63-4763-b903-1d96659d65b3,4431aaad-e458-4dd6-a62b-5e2c3e694606,c1,c2,1012,?,x6,
1768610228.69017,FORWARDED,c3ea02e5-1f63-4763-b903-1d96659d65b3,4431aaad-e458-4dd6-a62b-5e2c3e694606,c1,c2,1012,?,x6,
1768610228.8882878,SENT,2bf4acb1-f45a-4bd9-9ff5-4eb08c634b17,d7bef4ba-0cab-4aa9-a89a-e9a576a2fd8c,c5,c2,1023,?,x8,
1768610228.8883307,FORWARDED,2bf4acb1-f45a-4bd9-9ff5-4eb08c634b17,d7bef4ba-0cab-4aa9-a89a-e9a576a2fd8c,c5,c2,1023,?,x8,
1768610229.355073,RECEIVED,0c024506-ca55-4c27-af35-a359ab501c81,a15a403e-8fe7-4aa5-bc50-37003c1924f4,c2,c4,1447,e5,?,
1768610229.4301267,RECEIVED,80657efe-5a88-499e-9068-42b633dea648,2d74e5de-1bd5-4de6-8bce-97f4fbf462eb,c4,c2,1448,e4,?,
1768610229.4691207,SENT,80657efe-5a88-499e-9068-42b633dea648,2d74e5de-1bd5-4de6-8bce-97f4fbf462eb,c4,c2,1012,?,x9,
1768610229.4692516,FORWARDED,80657efe-5a88-499e-9068-42b633dea648,2d74e5de-1bd5-4de6-8bce-97f4fbf462eb,c4,c2,1012,?,x9,
1768610229.9283464,SENT,0c024506-ca55-4c27-af35-a359ab501c81,a15a403e-8fe7-4aa5-bc50-37003c1924f4,c2,c4,1012,?,x7,
1768610229.9283977,FORWARDED,0c024506-ca55-4c27-af35-a359ab501c81,a15a403e-8fe7-4aa5-bc50-37003c1924f4,c2,c4,1012,?,x7,
1768610230.1261356,RECEIVED,f76a2248-a7e9-4e4b-a00e-a47521df95bf,9abb6648-c7c7-4b45-9a06-ab444190c07e,c5,DROP,1015,e9,?,
1768610230.2342358,RECEIVED,09de48f9-36ef-448e-b62d-8728f1b3dd5b,e53bc61e-2518-4363-b774-0f20f0cd1298,c2,c5,1456,e2,?,
1768610230.3270035,RECEIVED,a53b568c-6d8c-4774-8418-539428c2b5dd,9c47db2b-6d39-4180-a203-34125e517e87,c3,c1,1449,e9,?,
1768610230.3502545,SENT,a53b568c-6d8c-4774-8418-539428c2b5dd,9c47db2b-6d39-4180-a203-34125e517e87,c3,c1,1013,?,x1,
1768610230.350303,FORWARDED,a53b568c-6d8c-4774-8418-539428c2b5dd,9c47db2b-6d39-4180-a203-34125e517e87,c3,c1,1013,?,x1,
1768610230.4575262,RECEIVED,3f425eae-5bfa-490c-a6dd-3a229879a360,0b7e3f48-792f-41ea-8798-c8e964661ba2,c4,DROP,441,x5,?,
1768610230.4792056,SENT,09de48f9-36ef-448e-b62d-8728f1b3dd5b,e53bc61e-2518-4363-b774-0f20f0cd1298,c2,c5,1019,?,x2,
1768610230.479255,FORWARDED,09de48f9-36ef-448e-b62d-8728f1b3dd5b,e53bc61e-2518-4363-b774-0f20f0cd1298,c2,c5,1019,?,x2,
1768610230.5901155,RECEIVED,64b04272-1056-46c6-831b-cfc66336f5fa,1630b27d-7358-4f2d-bfe4-c454843e2af2,c5,DROP,1007,e4,?,
1768610230.6621516,RECEIVED,17a16fe8-bfcd-4bce-b653-40dc21700e00,cf68638e-e9be-4b93-b537-ace050dd48e2,c3,c2,1452,e5,?,
1768610230.8568554,SENT,17a16fe8-bfcd-4bce-b653-40dc21700e00,cf68638e-e9be-4b93-b537-ace050dd48e2,c3,c2,1015,?,x5,
1768610230.8568997,FORWARDED,17a16fe8-bfcd-4bce-b653-40dc21700e00,cf68638e-e9be-4b93-b537-ace050dd48e2,c3,c2,1015,?,x5,
1768610230.9715917,RECEIVED,f08b809f-ffbf-4429-9db4-df78a136f6bd,8193b0fc-a1bc-4298-bb0c-bad16241e048,c2,DROP,1007,e8,?,
1768610231.0563917,SENT,f76a2248-a7e9-4e4b-a00e-a47521df95bf,9abb6648-c7c7-4b45-9a06-ab444190c07e,c5,DROP,688,?,x8,
1768610231.0564344,FORWARDED,f76a2248-a7e9-4e4b-a00e-a47521df95bf,9abb6648-c7c7-4b45-9a06-ab444190c07e,c5,DROP,688,?,x8,
1768610231.1407833,RECEIVED,9cce6535-3d0b-4ba1-bf48-e7dc099099dc,f5ba1d0a-070e-4b78-aa31-3ce439f14853,c3,DROP,1008,e10,?,
1768610231.48097,SENT,f08b809f-ffbf-4429-9db4-df78a136f6bd,8193b0fc-a1bc-4298-bb0c-bad16241e048,c2,DROP,682,?,x4,
1768610231.4810126,FORWARDED,f08b809f-ffbf-4429-9db4-df78a136f6bd,8193b0fc-a1bc-4298-bb0c-bad16241e048,c2,DROP,682,?,x4,
1768610231.5284607,SENT,64b04272-1056-46c6-831b-cfc66336f5fa,1630b27d-7358-4f2d-bfe4-c454843e2af2,c5,DROP,684,?,x1,
1768610231.5285094,FORWARDED,64b04272-1056-46c6-831b-cfc66336f5fa,1630b27d-7358-4f2d-bfe4-c454843e2af2,c5,DROP,684,?,x1,
1768610231.5379503,RECEIVED,1240b1a5-4614-4471-b049-a02a9314e29b,1c54fffd-288e-478e-9aa0-61b753d3e01e,c5,DROP,1015,e4,?,
1768610231.6416287,SENT,9cce6535-3d0b-4ba1-bf48-e7dc099099dc,f5ba1d0a-070e-4b78-aa31-3ce439f14853,c3,DROP,683,?,x12,
1768610231.6416712,FORWARDED,9cce6535-3d0b-4ba1-bf48-e7dc099099dc,f5ba1d0a-070e-4b78-aa31-3ce439f14853,c3,DROP,683,?,x12,
1768610231.981195,RECEIVED,3d3917a4-13c6-4431-95ec-f546783dbd83,3348021c-4e90-48fd-b0c5-fb7bf68a9cb3,c4,c5,1459,e2,?,
1768610232.1021552,SENT,1240b1a5-4614-4471-b049-a02a9314e29b,1c54fffd-288e-478e-9aa0-61b753d3e01e,c5,DROP,688,?,x10,
1768610232.1021938,FORWARDED,1240b1a5-4614-4471-b049-a02a9314e29b,1c54fffd-288e-478e-9aa0-61b753d3e01e,c5,DROP,688,?,x10,
1768610232.5305877,SENT,3d3917a4-13c6-4431-95ec-f546783dbd83,3348021c-4e90-48fd-b0c5-fb7bf68a9cb3,c4,c5,1023,?,x11,
1768610232.5306294,FORWARDED,3d3917a4-13c6-4431-95ec-f546783dbd83,3348021c-4e90-48fd-b0c5-fb7bf68a9cb3,c4,c5,1023,?,x11,
1768610232.8988962,RECEIVED,6bd8af23-7487-4154-b0d1-1ad95c1367ac,62c87468-a8c9-4c78-9957-f6794de79176,c3,c2,1449,e8,?,
1768610232.919245,SENT,6bd8af23-7487-4154-b0d1-1ad95c1367ac,62c87468-a8c9-4c78-9957-f6794de79176,c3,c2,1012,?,x10,
1768610232.919286,FORWARDED,6bd8af23-7487-4154-b0d1-1ad95c1367ac,62c87468-a8c9-4c78-9957-f6794de79176,c3,c2,1012,?,x10,
1768610232.990402,RECEIVED,a4dc2d3f-37bf-40ea-910f-47954d8236df,9df888d3-69f4-45ff-b900-bcfcd12af6ff,c4,c5,1443,e5,?,
1768610233.711162,SENT,a4dc2d3f-37bf-40ea-910f-47954d8236df,9df888d3-69f4-45ff-b900-bcfcd12af6ff,c4,c5,1011,?,x1,
1768610233.711204,FORWARDED,a4dc2d3f-37bf-40ea-910f-47954d8236df,9df888d3-69f4-45ff-b900-bcfcd12af6ff,c4,c5,1011,?,x1,
1768610234.7145388,RECEIVED,2b721ff7-22e6-4f16-bb76-deedfc5f78e2,ba47e7a4-8107-4509-819c-c7d88b02bbb9,c2,c1,1445,e3,?,
1768610234.742204,SENT,2b721ff7-22e6-4f16-bb76-deedfc5f78e2,ba47e7a4-8107-4509-819c-c7d88b02bbb9,c2,c1,1011,?,x7,
1768610234.7423189,FORWARDED,2b721ff7-22e6-4f16-bb76-deedfc5f78e2,ba47e7a4-8107-4509-819c-c7d88b02bbb9,c2,c1,1011,?,x7,
1768610234.764206,RECEIVED,b08094ec-ca7e-46f1-80b0-6952d2f23ab0,ef75e22b-d640-4025-94e0-9ff10e804846,c2,DROP,1008,e12,?,
1768610234.8200953,SENT,b08094ec-ca7e-46f1-80b0-6952d2f23ab0,ef75e22b-d640-4025-94e0-9ff10e804846,c2,DROP,684,?,x5,
1768610234.8202138,FORWARDED,b08094ec-ca7e-46f1-80b0-6952d2f23ab0,ef75e22b-d640-4025-94e0-9ff10e804846,c2,DROP,684,?,x5,
1768610234.960181,RECEIVED,8634d8b8-97bc-42f3-aeb6-43939426ff42,0960e3d1-65d6-443f-b240-dcfce52be6e9,c1,DROP,1015,e6,?,
1768610235.4532726,RECEIVED,751070e1-295c-46d8-9d3e-8d972508256d,89721b49-4bd4-44c1-958f-ab869660ed72,c2,c4,1460,e1,?,
1768610236.2190735,RECEIVED,4f21e172-e447-4365-a941-6976a0561e6b,fc3fa769-bb5d-4313-9b14-c3e18395cd4e,c4,c2,1452,e12,?,
1768610236.2599277,SENT,751070e1-295c-46d8-9d3e-8d972508256d,89721b49-4bd4-44c1-958f-ab869660ed72,c2,c4,1023,?,x12,
1768610236.2599647,FORWARDED,751070e1-295c-46d8-9d3e-8d972508256d,89721b49-4bd4-44c1-958f-ab869660ed72,c2,c4,1023,?,x12,
1768610236.26148,RECEIVED,390cb2e1-6efe-4355-8709-8fe3e80b23c8,0e818488-0573-4932-a677-ccb433567028,c1,DROP,1008,e12,?,
1768610236.2741752,SENT,4f21e172-e447-4365-a941-6976a0561e6b,fc3fa769-bb5d-4313-9b14-c3e18395cd4e,c4,c2,1015,?,x9,
1768610236.2742195,FORWARDED,4f21e172-e447-4365-a941-6976a0561e6b,fc3fa769-bb5d-4313-9b14-c3e18395cd4e,c4,c2,1015,?,x9,
1768610236.3562133,SENT,390cb2e1-6efe-4355-8709-8fe3e80b23c8,0e818488-0573-4932-a677-ccb433567028,c1,DROP,684,?,x8,
1768610236.3562565,FORWARDED,390cb2e1-6efe-4355-8709-8fe3e80b23c8,0e818488-0573-4932-a677-ccb433567028,c1,DROP,684,?,x8,
1768610236.4731617,RECEIVED,fb594639-b573-4d27-8302-8fe79feff6bf,60301007-bd78-4415-9fa3-42ab4f7269d5,c4,c1,1448,e4,?,
1768610236.4785972,SENT,8634d8b8-97bc-42f3-aeb6-43939426ff42,0960e3d1-65d6-443f-b240-dcfce52be6e9,c1,DROP,688,?,x12,
1768610236.478641,FORWARDED,8634d8b8-97bc-42f3-aeb6-43939426ff42,0960e3d1-65d6-443f-b240-dcfce52be6e9,c1,DROP,688,?,x12,
1768610236.862704,SENT,fb594639-b573-4d27-8302-8fe79feff6bf,60301007-bd78-4415-9fa3-42ab4f7269d5,c4,c1,1014,?,x5,
1768610236.8627589,FORWARDED,fb594639-b573-4d27-8302-8fe79feff6bf,60301007-bd78-4415-9fa3-42ab4f7269d5,c4,c1,1014,?,x5,
1768610237.089313,RECEIVED,772787d8-2652-49ad-bfcf-1d52d8f0a260,71adf6f4-2f82-48b8-8b72-7d902d7fc9cb,c3,c1,1451,e6,?,
1768610237.115792,RECEIVED,f5a7477c-0494-4af4-a2cf-3f5a27f72e37,4134a9f9-84f3-4829-91cc-94ff1716a7dd,c5,c2,1456,e12,?,
1768610237.3062174,SENT,f5a7477c-0494-4af4-a2cf-3f5a27f72e37,4134a9f9-84f3-4829-91cc-94ff1716a7dd,c5,c2,1020,?,x8,
1768610237.3062785,FORWARDED,f5a7477c-0494-4af4-a2cf-3f5a27f72e37,4134a9f9-84f3-4829-91cc-94ff1716a7dd,c5,c2,1020,?,x8,
1768610237.35041,RECEIVED,2cd7bf44-e640-4e43-91ac-19fceef61292,f2867131-4983-40b4-bfc0-ad4107112b10,c5,DROP,437,x6,?,
1768610237.6305218,SENT,772787d8-2652-49ad-bfcf-1d52d8f0a260,71adf6f4-2f82-48b8-8b72-7d902d7fc9cb,c3,c1,1015,?,x9,
1768610237.6305656,FORWARDED,772787d8-2652-49ad-bfcf-1d52d8f0a260,71adf6f4-2f82-48b8-8b72-7d902d7fc9cb,c3,c1,1015,?,x9,
1768610239.5355654,RECEIVED,edd9d602-d9cb-4ad4-a7a0-eba79effdd8a,ab9bb1d4-4b89-4401-b789-0e741468653a,c2,DROP,1003,e2,?,
1768610239.6153092,SENT,edd9d602-d9cb-4ad4-a7a0-eba79effdd8a,ab9bb1d4-4b89-4401-b789-0e741468653a,c2,DROP,680,?,x6,
1768610239.6153681,FORWARDED,edd9d602-d9cb-4ad4-a7a0-eba79effdd8a,ab9bb1d4-4b89-4401-b789-0e741468653a,c2,DROP,680,?,x6,
1768610239.7428472,RECEIVED,065ef7b7-7c74-4aef-ba5a-084048f22e3f,0d2aa47b-ed97-4b5c-a356-4094355a528d,c5,DROP,440,x2,?,
1768610239.836584,RECEIVED,30b4be7b-60da-45fb-98dd-e4eb4224bd84,3ea876c0-657f-49c9-aa78-9506e57c5aff,c4,c1,1443,e9,?,
1768610239.8644068,RECEIVED,4cdae6ab-6cc4-4c0a-999e-a6089eef432e,8cb2e5c6-e8a8-4698-9c61-964fdeb9983b,c3,c4,1443,e9,?,
1768610240.1262946,RECEIVED,c40a2473-f50e-4657-8ed1-3142e36af1ad,d62db10b-aa4a-410a-96af-1ad497ad4b3e,c3,c2,1464,e7,?,
1768610240.6149817,SENT,4cdae6ab-6cc4-4c0a-999e-a6089eef432e,8cb2e5c6-e8a8-4698-9c61-964fdeb9983b,c3,c4,1011,?,x9,
1768610240.6150234,FORWARDED,4cdae6ab-6cc4-4c0a-999e-a6089eef432e,8cb2e5c6-e8a8-4698-9c61-964fdeb9983b,c3,c4,1011,?,x9,
1768610240.691519,RECEIVED,36acbaa8-0b26-4e31-995a-254faedbab09,a37cd732-00c8-4dbc-98fd-1b9e158297d1,c1,c4,1454,e5,?,
1768610240.7203934,SENT,36acbaa8-0b26-4e31-995a-254faedbab09,a37cd732-00c8-4dbc-98fd-1b9e158297d1,c1,c4,1016,?,x11,
1768610240.7204351,FORWARDED,36acbaa8-0b26-4e31-995a-254faedbab09,a37cd732-00c8-4dbc-98fd-1b9e158297d1,c1,c4,1016,?,x11,
1768610240.7291453,SENT,30b4be7b-60da-45fb-98dd-e4eb4224bd84,3ea876c0-657f-49c9-aa78-9506e57c5aff,c4,c1,1011,?,x7,
1768610240.7291842,FORWARDED,30b4be7b-60da-45fb-98dd-e4eb4224bd84,3ea876c0-657f-49c9-aa78-9506e57c5aff,c4,c1,1011,?,x7,
1768610240.9095538,SENT,c40a2473-f50e-4657-8ed1-3142e36af1ad,d62db10b-aa4a-410a-96af-1ad497ad4b3e,c3,c2,1024,?,x12,
1768610240.9095955,FORWARDED,c40a2473-f50e-4657-8ed1-3142e36af1ad,d62db10b-aa4a-410a-96af-1ad497ad4b3e,c3,c2,1024,?,x12,
1768610241.731801,RECEIVED,ee67c6b9-88d1-443c-897d-93bbc5790985,663f4c33-1cfc-4dea-8d16-6b941aa6cb24,c1,DROP,1016,e1,?,
1768610241.930167,SENT,ee67c6b9-88d1-443c-897d-93bbc5790985,663f4c33-1cfc-4dea-8d16-6b941aa6cb24,c1,DROP,688,?,x2,
1768610241.930208,FORWARDED,ee67c6b9-88d1-443c-897d-93bbc5790985,663f4c33-1cfc-4dea-8d16-6b941aa6cb24,c1,DROP,688,?,x2,
1768610242.464448,RECEIVED,b1db99d2-1e95-45ad-973c-0d6425c4ab44,e382401e-7609-40bf-9756-690392048622,c4,c1,1444,e10,?,
1768610242.8057158,SENT,b1db99d2-1e95-45ad-973c-0d6425c4ab44,e382401e-7609-40bf-9756-690392048622,c4,c1,1011,?,x8,
1768610242.8057578,FORWARDED,b1db99d2-1e95-45ad-973c-0d6425c4ab44,e382401e-7609-40bf-9756-690392048622,c4,c1,1011,?,x8,
1768610243.346805,RECEIVED,7d3ed6fb-d92b-40b6-8ebb-71c252c7e713,29f322a2-1c76-426c-a1ad-c431597d1572,c4,c1,1451,e9,?,
1768610243.8108652,RECEIVED,2ff96414-bd57-4b6f-852e-ef9d142d031a,f468ada0-40fc-4ed2-aed9-d7af2711dd6b,c2,DROP,441,x6,?,
1768610243.9075003,SENT,7d3ed6fb-d92b-40b6-8ebb-71c252c7e713,29f322a2-1c76-426c-a1ad-c431597d1572,c4,c1,1016,?,x9,
1768610243.9075744,FORWARDED,7d3ed6fb-d92b-40b6-8ebb-71c252c7e713,29f322a2-1c76-426c-a1ad-c431597d1572,c4,c1,1016,?,x9,
1768610244.2054455,RECEIVED,f83b2ab4-fadb-4983-a671-993bd8f8bfe7,7b446d6d-37ef-4204-a1f5-643c58031f51,c3,c4,1444,e6,?,
1768610244.2153106,RECEIVED,088bbb1b-e397-43e4-a612-b799acbbb8b6,3049bc30-6467-4c4c-ac97-f29aac39394b,c5,c1,1444,e6,?,
1768610244.2890134,RECEIVED,591702bc-fc11-421b-827f-06d0d2a9e34e,d1147270-028b-495a-b272-52ad9b882f3c,c1,c3,1451,e11,?,
1768610244.5489185,SENT,088bbb1b-e397-43e4-a612-b799acbbb8b6,3049bc30-6467-4c4c-ac97-f29aac39394b,c5,c1,1011,?,x11,
1768610244.5489619,FORWARDED,088bbb1b-e397-43e4-a612-b799acbbb8b6,3049bc30-6467-4c4c-ac97-f29aac39394b,c5,c1,1011,?,x11,
1768610244.7757144,RECEIVED,a25266a3-fed8-441b-a9c9-44d9f6821140,0da72853-4a0e-4ecc-ba93-dec30693cd2a,c1,c2,1455,e7,?,
1768610244.829478,SENT,591702bc-fc11-421b-827f-06d0d2a9e34e,d1147270-028b-495a-b272-52ad9b882f3c,c1,c3,1017,?,x3,
1768610244.8295245,FORWARDED,591702bc-fc11-421b-827f-06d0d2a9e34e,d1147270-028b-495a-b272-52ad9b882f3c,c1,c3,1017,?,x3,
1768610244.8663707,SENT,f83b2ab4-fadb-4983-a671-993bd8f8bfe7,7b446d6d-37ef-4204-a1f5-643c58031f51,c3,c4,1011,?,x10,
1768610244.866417,FORWARDED,f83b2ab4-fadb-4983-a671-993bd8f8bfe7,7b446d6d-37ef-4204-a1f5-643c58031f51,c3,c4,1011,?,x10,
1768610245.475601,RECEIVED,45ecd94d-b7c6-4ce8-a4ae-1fc8df2f3008,460a5eca-0eab-4972-bb90-5bd665a2886f,c4,c3,1450,e1,?,
1768610245.7531574,SENT,45ecd94d-b7c6-4ce8-a4ae-1fc8df2f3008,460a5eca-0eab-4972-bb90-5bd665a2886f,c4,c3,1015,?,x1,
1768610245.7532058,FORWARDED,45ecd94d-b7c6-4ce8-a4ae-1fc8df2f3008,460a5eca-0eab-4972-bb90-5bd665a2886f,c4,c3,1015,?,x1,
1768610245.8339984,RECEIVED,c7eca32d-d179-4d7a-84c1-974b122abdb2,b8be5ddb-9012-44b0-a86b-cbdaa5405231,c4,c5,1450,e9,?,
1768610245.960699,RECEIVED,1d55aa7e-6bf6-4bb8-a24c-fa22dd6e69e6,96b99e95-19fe-4b0c-8dd2-4d95936697da,c2,c3,1456,e10,?,
1768610245.9767647,SENT,c7eca32d-d179-4d7a-84c1-974b122abdb2,b8be5ddb-9012-44b0-a86b-cbdaa5405231,c4,c5,1016,?,x3,
1768610245.9768102,FORWARDED,c7eca32d-d179-4d7a-84c1-974b122abdb2,b8be5ddb-9012-44b0-a86b-cbdaa5405231,c4,c5,1016,?,x3,
1768610246.014706,RECEIVED,0a53dcee-7416-43c3-931f-f5cdacb4cbad,5145f5ea-501c-4277-a47c-f5775e5c127f,c3,c1,1452,e9,?,
1768610246.0539453,SENT,1d55aa7e-6bf6-4bb8-a24c-fa22dd6e69e6,96b99e95-19fe-4b0c-8dd2-4d95936697da,c2,c3,1019,?,x8,
1768610246.0539863,FORWARDED,1d55aa7e-6bf6-4bb8-a24c-fa22dd6e69e6,96b99e95-19fe-4b0c-8dd2-4d95936697da,c2,c3,1019,?,x8,
1768610246.1328366,SENT,0a53dcee-7416-43c3-931f-f5cdacb4cbad,5145f5ea-501c-4277-a47c-f5775e5c127f,c3,c1,1016,?,x5,
1768610246.1328838,FORWARDED,0a53dcee-7416-43c3-931f-f5cdacb4cbad,5145f5ea-501c-4277-a47c-f5775e5c127f,c3,c1,1016,?,x5,
1768610246.274342,SENT,a25266a3-fed8-441b-a9c9-44d9f6821140,0da72853-4a0e-4ecc-ba93-dec30693cd2a,c1,c2,1020,?,x12,
1768610246.2743828,FORWARDED,a25266a3-fed8-441b-a9c9-44d9f6821140,0da72853-4a0e-4ecc-ba93-dec30693cd2a,c1,c2,1020,?,x12,
1768610246.5422175,RECEIVED,ee68dbd3-d293-4854-82ee-a1ec0ef09fe1,fed99f0d-fa72-413a-a1bc-a4965fe773e5,c3,c2,1447,e1,?,
1768610246.783087,RECEIVED,5f9d0bc2-d87a-4092-aa13-3f3d8a272bd4,b9b9e20a-14d8-4397-95a5-35f8ba9c1420,c1,c2,1455,e3,?,
1768610246.8598063,RECEIVED,c3a114e9-1bb3-4f21-935a-71b36e323b74,029e1034-9533-4319-a24c-cca576f690fd,c1,c2,1447,e9,?,
1768610247.3876,SENT,5f9d0bc2-d87a-4092-aa13-3f3d8a272bd4,b9b9e20a-14d8-4397-95a5-35f8ba9c1420,c1,c2,1020,?,x4,
1768610247.3876436,FORWARDED,5f9d0bc2-d87a-4092-aa13-3f3d8a272bd4,b9b9e20a-14d8-4397-95a5-35f8ba9c1420,c1,c2,1020,?,x4,
1768610247.4766676,SENT,c3a114e9-1bb3-4f21-935a-71b36e323b74,029e1034-9533-4319-a24c-cca576f690fd,c1,c2,1012,?,x3,
1768610247.4767106,FORWARDED,c3a114e9-1bb3-4f21-935a-71b36e323b74,029e1034-9533-4319-a24c-cca576f690fd,c1,c2,1012,?,x3,
1768610247.651854,SENT,ee68dbd3-d293-4854-82ee-a1ec0ef09fe1,fed99f0d-fa72-413a-a1bc-a4965fe773e5,c3,c2,1012,?,x1,
1768610247.6518958,FORWARDED,ee68dbd3-d293-4854-82ee-a1ec0ef09fe1,fed99f0d-fa72-413a-a1bc-a4965fe773e5,c3,c2,1012,?,x1,
1768610247.837947,RECEIVED,0bdc28b8-4633-4527-b80b-7c61c8f7b3c3,012a0834-a656-4d68-bf1a-00cb8122aacf,c3,DROP,1010,e2,?,
1768610248.1637998,SENT,0bdc28b8-4633-4527-b80b-7c61c8f7b3c3,012a0834-a656-4d68-bf1a-00cb8122aacf,c3,DROP,687,?,x6,
1768610248.1638508,FORWARDED,0bdc28b8-4633-4527-b80b-7c61c8f7b3c3,012a0834-a656-4d68-bf1a-00cb8122aacf,c3,DROP,687,?,x6,
1768610248.2447367,RECEIVED,257b0b39-4759-486b-a562-02b9e4ba4102,e4d20201-019a-4ae3-a9a5-c54ccd9b5cd7,c3,c5,1451,e6,?,
1768610248.6279833,SENT,257b0b39-4759-486b-a562-02b9e4ba4102,e4d20201-019a-4ae3-a9a5-c54ccd9b5cd7,c3,c5,1015,?,x7,
1768610248.6280253,FORWARDED,257b0b39-4759-486b-a562-02b9e4ba4102,e4d20201-019a-4ae3-a9a5-c54ccd9b5cd7,c3,c5,1015,?,x7,
1768610248.7855577,RECEIVED,c0131b9d-11a6-46d2-a25e-2e35e216ab97,20e9679a-f90d-43e3-b96b-75ca208a3321,c4,DROP,1020,e11,?,
1768610249.000916,RECEIVED,aefe451e-ea55-4ab7-980e-cb7bcb32a821,6845a9b4-c339-4030-be70-1d41798e38f1,c3,c5,1446,e2,?,
1768610249.0147583,RECEIVED,8632d824-0f0d-48f6-b19c-18b7f18c9526,e02e990b-7ab7-45f6-b4b7-48f921aea8f8,c5,c4,1452,e6,?,
1768610249.1802688,RECEIVED,a05cf982-248e-415b-9cde-0dba5a955337,3278b630-1d4b-447c-bd3d-ce4b74c03508,c1,c4,1464,e9,?,
1768610249.1806858,SENT,c0131b9d-11a6-46d2-a25e-2e35e216ab97,20e9679a-f90d-43e3-b96b-75ca208a3321,c4,DROP,691,?,x11,
1768610249.1807191,FORWARDED,c0131b9d-11a6-46d2-a25e-2e35e216ab97,20e9679a-f90d-43e3-b96b-75ca208a3321,c4,DROP,691,?,x11,
1768610249.213142,SENT,8632d824-0f0d-48f6-b19c-18b7f18c9526,e02e990b-7ab7-45f6-b4b7-48f921aea8f8,c5,c4,1016,?,x1,
1768610249.2131789,FORWARDED,8632d824-0f0d-48f6-b19c-18b7f18c9526,e02e990b-7ab7-45f6-b4b7-48f921aea8f8,c5,c4,1016,?,x1,
1768610249.5229483,RECEIVED,7322a2f5-e3b5-4fb7-a640-901f0c8ef37a,a4ca0c09-9fda-4b50-b26e-796973b2e150,c4,c1,1447,e6,?,
1768610249.5238957,SENT,a05cf982-248e-415b-9cde-0dba5a955337,3278b630-1d4b-447c-bd3d-ce4b74c03508,c1,c4,1025,?,x10,
1768610249.5239375,FORWARDED,a05cf982-248e-415b-9cde-0dba5a955337,3278b630-1d4b-447c-bd3d-ce4b74c03508,c1,c4,1025,?,x10,
1768610249.7389915,SENT,7322a2f5-e3b5-4fb7-a640-901f0c8ef37a,a4ca0c09-9fda-4b50-b26e-796973b2e150,c4,c1,1012,?,x9,
1768610249.7390287,FORWARDED,7322a2f5-e3b5-4fb7-a640-901f0c8ef37a,a4ca0c09-9fda-4b50-b26e-796973b2e150,c4,c1,1012,?,x9,
1768610249.8125727,SENT,aefe451e-ea55-4ab7-980e-cb7bcb32a821,6845a9b4-c339-4030-be70-1d41798e38f1,c3,c5,1012,?,x9,
1768610249.8126137,FORWARDED,aefe451e-ea55-4ab7-980e-cb7bcb32a821,6845a9b4-c339-4030-be70-1d41798e38f1,c3,c5,1012,?,x9,
1768610250.031213,RECEIVED,4efc1e2b-676e-4670-9c6e-f8bd51c716b1,bca89979-7bda-4023-9dff-84ec0d2a2181,c3,c4,1444,e5,?,
1768610250.0879495,SENT,4efc1e2b-676e-4670-9c6e-f8bd51c716b1,bca89979-7bda-4023-9dff-84ec0d2a2181,c3,c4,1011,?,x4,
1768610250.0879917,FORWARDED,4efc1e2b-676e-4670-9c6e-f8bd51c716b1,bca89979-7bda-4023-9dff-84ec0d2a2181,c3,c4,1011,?,x4,
1768610250.4068406,RECEIVED,39658507-9bbf-441a-9dac-09ec0050b315,d562c147-ab59-4871-b626-95a05ffc976c,c1,c5,1452,e4,?,
1768610250.482378,SENT,39658507-9bbf-441a-9dac-09ec0050b315,d562c147-ab59-4871-b626-95a05ffc976c,c1,c5,1016,?,x5,
1768610250.4824395,FORWARDED,39658507-9bbf-441a-9dac-09ec0050b315,d562c147-ab59-4871-b626-95a05ffc976c,c1,c5,1016,?,x5,
1768610250.638774,RECEIVED,502d75b4-2586-45de-9a3c-cb8949ba78ca,c294d7c2-43de-483c-a25d-4c903bb7b12f,c1,DROP,1007,e10,?,
1768610250.8436208,RECEIVED,5c0eeccd-db48-4913-9d09-f009fcef76e9,cc05f1dc-f6d1-4912-beff-3b41a2f70a2a,c4,DROP,1023,e10,?,
1768610250.848347,SENT,5c0eeccd-db48-4913-9d09-f009fcef76e9,cc05f1dc-f6d1-4912-beff-3b41a2f70a2a,c4,DROP,691,?,x10,
1768610250.848398,FORWARDED,5c0eeccd-db48-4913-9d09-f009fcef76e9,cc05f1dc-f6d1-4912-beff-3b41a2f70a2a,c4,DROP,691,?,x10,
1768610251.0091035,SENT,502d75b4-2586-45de-9a3c-cb8949ba78ca,c294d7c2-43de-483c-a25d-4c903bb7b12f,c1,DROP,684,?,x2,
1768610251.009146,FORWARDED,502d75b4-2586-45de-9a3c-cb8949ba78ca,c294d7c2-43de-483c-a25d-4c903bb7b12f,c1,DROP,684,?,x2,
1768610251.09669,RECEIVED,0ce890cc-59ad-475e-9168-8c49fa82243d,c99cd116-ad37-4395-b1a1-5b28b603e06d,c5,c2,1446,e4,?,
1768610251.4788458,RECEIVED,e198abda-4886-437f-b145-66d302b9c2dd,b6a2375a-9797-4bdb-a55a-b3b8e33c8a49,c4,c5,1464,e6,?,
1768610251.6041543,RECEIVED,9c35d1b0-bdb4-4ac3-97e6-aa89741658f6,ed24d5c1-b29c-4ac7-aa0d-1bdf9ab865be,c1,c4,1455,e7,?,
1768610251.6134002,SENT,0ce890cc-59ad-475e-9168-8c49fa82243d,c99cd116-ad37-4395-b1a1-5b28b603e06d,c5,c2,1012,?,x8,
1768610251.613464,FORWARDED,0ce890cc-59ad-475e-9168-8c49fa82243d,c99cd116-ad37-4395-b1a1-5b28b603e06d,c5,c2,1012,?,x8,
1768610251.7847803,RECEIVED,e5ac4e9f-89f4-455b-a5ee-04891a269cd1,c07735a6-812e-4c67-bde2-3a5df0b228f2,c2,c3,1448,e8,?,
1768610251.8877296,SENT,e5ac4e9f-89f4-455b-a5ee-04891a269cd1,c07735a6-812e-4c67-bde2-3a5df0b228f2,c2,c3,1014,?,x8,
1768610251.8877857,FORWARDED,e5ac4e9f-89f4-455b-a5ee-04891a269cd1,c07735a6-812e-4c67-bde2-3a5df0b228f2,c2,c3,1014,?,x8,
1768610252.1080277,SENT,9c35d1b0-bdb4-4ac3-97e6-aa89741658f6,ed24d5c1-b29c-4ac7-aa0d-1bdf9ab865be,c1,c4,1018,?,x9,
1768610252.108138,FORWARDED,9c35d1b0-bdb4-4ac3-97e6-aa89741658f6,ed24d5c1-b29c-4ac7-aa0d-1bdf9ab865be,c1,c4,1018,?,x9,
1768610253.052507,SENT,e198abda-4886-437f-b145-66d302b9c2dd,b6a2375a-9797-4bdb-a55a-b3b8e33c8a49,c4,c5,1024,?,x10,
1768610253.0525541,FORWARDED,e198abda-4886-437f-b145-66d302b9c2dd,b6a2375a-9797-4bdb-a55a-b3b8e33c8a49,c4,c5,1024,?,x10,
1768610253.1378794,RECEIVED,6dab1f62-e1b4-4b37-a4bd-e8ea568bf441,1767446c-dd43-433a-a7c5-e136b4a8385f,c2,c4,1452,e8,?,
1768610253.2240615,SENT,6dab1f62-e1b4-4b37-a4bd-e8ea568bf441,1767446c-dd43-433a-a7c5-e136b4a8385f,c2,c4,1015,?,x2,
1768610253.2241051,FORWARDED,6dab1f62-e1b4-4b37-a4bd-e8ea568bf441,1767446c-dd43-433a-a7c5-e136b4a8385f,c2,c4,1015,?,x2,
1768610253.2291608,RECEIVED,b3ee2f3f-46d8-4d8d-81f6-d723e3f332cc,1edd3817-12bd-4fa9-bae2-a4303434facf,c2,c3,1447,e1,?,
1768610253.6775775,SENT,b3ee2f3f-46d8-4d8d-81f6-d723e3f332cc,1edd3817-12bd-4fa9-bae2-a4303434facf,c2,c3,1012,?,x7,
1768610253.6776197,FORWARDED,b3ee2f3f-46d8-4d8d-81f6-d723e3f332cc,1edd3817-12bd-4fa9-bae2-a4303434facf,c2,c3,1012,?,x7,
1768610254.4806924,RECEIVED,fd8c5f1d-0a02-41af-b4f8-1949a0a4f67e,f2f39fb0-3043-46af-8a5e-b96fec833973,c1,c4,1460,e10,?,
1768610254.484855,RECEIVED,ec6d1727-4e76-4399-8e50-d3919256a3bf,63fd757c-d153-45b0-a8c1-63d8bc2cb6d2,c3,c5,1452,e7,?,
1768610254.7229235,SENT,fd8c5f1d-0a02-41af-b4f8-1949a0a4f67e,f2f39fb0-3043-46af-8a5e-b96fec833973,c1,c4,1022,?,x7,
1768610254.722964,FORWARDED,fd8c5f1d-0a02-41af-b4f8-1949a0a4f67e,f2f39fb0-3043-46af-8a5e-b96fec833973,c1,c4,1022,?,x7,
1768610254.749395,RECEIVED,6c12ce7f-53bb-470a-bd3a-e70b5fd83ed1,57ba1b90-d0a1-443f-ad61-491504a173bb,c5,c1,1444,e9,?,
1768610254.8035781,RECEIVED,36fab2c4-019c-4d8b-b1fe-c905fc1b4187,fd72b9c5-f80c-45ec-bf9e-97a3f1b84173,c5,c1,1447,e6,?,
1768610254.8184748,SENT,36fab2c4-019c-4d8b-b1fe-c905fc1b4187,fd72b9c5-f80c-45ec-bf9e-97a3f1b84173,c5,c1,1011,?,x12,
1768610254.8185172,FORWARDED,36fab2c4-019c-4d8b-b1fe-c905fc1b4187,fd72b9c5-f80c-45ec-bf9e-97a3f1b84173,c5,c1,1011,?,x12,
1768610254.8202388,SENT,ec6d1727-4e76-4399-8e50-d3919256a3bf,63fd757c-d153-45b0-a8c1-63d8bc2cb6d2,c3,c5,1016,?,x7,
1768610254.8202748,FORWARDED,ec6d1727-4e76-4399-8e50-d3919256a3bf,63fd757c-d153-45b0-a8c1-63d8bc2cb6d2,c3,c5,1016,?,x7,
1768610255.5599623,SENT,6c12ce7f-53bb-470a-bd3a-e70b5fd83ed1,57ba1b90-d0a1-443f-ad61-491504a173bb,c5,c1,1011,?,x11,
1768610255.560005,FORWARDED,6c12ce7f-53bb-470a-bd3a-e70b5fd83ed1,57ba1b90-d0a1-443f-ad61-491504a173bb,c5,c1,1011,?,x11,
1768610255.6693256,RECEIVED,00629958-9cf4-4f4b-a4c2-84f0736bfef2,04272212-36c6-457d-92cd-b8a960c23563,c4,c2,1456,e8,?,
1768610255.7501097,RECEIVED,0b703461-2a2a-4b7a-a1e7-60eb631f7643,3273d4eb-9c40-442e-ab2c-c8a39db99a1d,c1,c5,1463,e10,?,
1768610255.9718745,RECEIVED,66967a86-0b16-41d5-821c-ecf9ebdb8f7b,833d61a2-0f98-4013-81a7-27d5c9b6e0d5,c5,c1,1451,e9,?,
1768610256.1768112,SENT,66967a86-0b16-41d5-821c-ecf9ebdb8f7b,833d61a2-0f98-4013-81a7-27d5c9b6e0d5,c5,c1,1015,?,x3,
1768610256.1768525,FORWARDED,66967a86-0b16-41d5-821c-ecf9ebdb8f7b,833d61a2-0f98-4013-81a7-27d5c9b6e0d5,c5,c1,1015,?,x3,
1768610256.2689054,RECEIVED,f2e2e4d7-4cb9-43ce-ad23-b76db0f62c46,1541c31f-ec0c-4a1f-a60a-b95ec80c51ac,c5,c3,1452,e7,?,
1768610256.3955367,SENT,f2e2e4d7-4cb9-43ce-ad23-b76db0f62c46,1541c31f-ec0c-4a1f-a60a-b95ec80c51ac,c5,c3,1015,?,x7,
1768610256.3955784,FORWARDED,f2e2e4d7-4cb9-43ce-ad23-b76db0f62c46,1541c31f-ec0c-4a1f-a60a-b95ec80c51ac,c5,c3,1015,?,x7,
1768610256.496778,RECEIVED,ce5aacf0-c802-4039-9756-4168724628f4,2a0d9b9f-a60e-480e-ad2d-357a707656ce,c3,c4,1453,e5,?,
1768610256.6488874,SENT,00629958-9cf4-4f4b-a4c2-84f0736bfef2,04272212-36c6-457d-92cd-b8a960c23563,c4,c2,1019,?,x12,
1768610256.6489303,FORWARDED,00629958-9cf4-4f4b-a4c2-84f0736bfef2,04272212-36c6-457d-92cd-b8a960c23563,c4,c2,1019,?,x12,
1768610256.6559358,RECEIVED,0eaa7575-4cea-4c9b-afb8-438eb51c4d8b,d5de8dda-a7d8-4a34-91f5-88c5bb58ea32,c3,c2,1451,e4,?,
1768610256.6886528,SENT,ce5aacf0-c802-4039-9756-4168724628f4,2a0d9b9f-a60e-480e-ad2d-357a707656ce,c3,c4,1015,?,x12,
1768610256.6886952,FORWARDED,ce5aacf0-c802-4039-9756-4168724628f4,2a0d9b9f-a60e-480e-ad2d-357a707656ce,c3,c4,1015,?,x12,
1768610256.8896208,RECEIVED,12e31012-fcd9-479d-b96e-a129f2497f10,dd2c1093-443f-49ff-8f65-a16f97176114,c1,c3,1446,e8,?,
1768610257.277301,SENT,0eaa7575-4cea-4c9b-afb8-438eb51c4d8b,d5de8dda-a7d8-4a34-91f5-88c5bb58ea32,c3,c2,1017,?,x7,
1768610257.2773438,FORWARDED,0eaa7575-4cea-4c9b-afb8-438eb51c4d8b,d5de8dda-a7d8-4a34-91f5-88c5bb58ea32,c3,c2,1017,?,x7,
1768610257.4135952,SENT,0b703461-2a2a-4b7a-a1e7-60eb631f7643,3273d4eb-9c40-442e-ab2c-c8a39db99a1d,c1,c5,1024,?,x1,
1768610257.413633,FORWARDED,0b703461-2a2a-4b7a-a1e7-60eb631f7643,3273d4eb-9c40-442e-ab2c-c8a39db99a1d,c1,c5,1024,?,x1,
1768610257.667146,RECEIVED,56fbe91f-a9fe-4d6d-9159-07187adc9b40,c2182deb-60c4-4a35-aa51-28fca42ecfe5,c4,c2,1451,e7,?,
1768610257.71959,RECEIVED,756ec759-dfbd-4c43-86e1-4650dcfadac2,1fe6cb42-bf05-4901-9e4c-ff04f7f16712,c3,DROP,1018,e3,?,
1768610257.7703233,RECEIVED,c1169629-d3cb-47f5-bbfa-09d4d72068fe,9e84743f-80cf-4c72-aed3-0b46e45ef92e,c3,c2,1465,e7,?,
1768610257.8051062,SENT,756ec759-dfbd-4c43-86e1-4650dcfadac2,1fe6cb42-bf05-4901-9e4c-ff04f7f16712,c3,DROP,688,?,x12,
1768610257.8051476,FORWARDED,756ec759-dfbd-4c43-86e1-4650dcfadac2,1fe6cb42-bf05-4901-9e4c-ff04f7f16712,c3,DROP,688,?,x12,
1768610257.8065681,SENT,56fbe91f-a9fe-4d6d-9159-07187adc9b40,c2182deb-60c4-4a35-aa51-28fca42ecfe5,c4,c2,1016,?,x6,
1768610257.8066056,FORWARDED,56fbe91f-a9fe-4d6d-9159-07187adc9b40,c2182deb-60c4-4a35-aa51-28fca42ecfe5,c4,c2,1016,?,x6,
1768610257.875565,SENT,c1169629-d3cb-47f5-bbfa-09d4d72068fe,9e84743f-80cf-4c72-aed3-0b46e45ef92e,c3,c2,1024,?,x12,
1768610257.8756006,FORWARDED,c1169629-d3cb-47f5-bbfa-09d4d72068fe,9e84743f-80cf-4c72-aed3-0b46e45ef92e,c3,c2,1024,?,x12,
1768610257.9529297,RECEIVED,0382a7e4-75b0-49f0-999c-f98ace87192f,c240a021-e1e8-44c9-9dbe-dfde7c4ded16,c2,c1,1451,e6,?,
1768610258.0949194,SENT,0382a7e4-75b0-49f0-999c-f98ace87192f,c240a021-e1e8-44c9-9dbe-dfde7c4ded16,c2,c1,1015,?,x3,
1768610258.094966,FORWARDED,0382a7e4-75b0-49f0-999c-f98ace87192f,c240a021-e1e8-44c9-9dbe-dfde7c4ded16,c2,c1,1015,?,x3,
1768610258.2808273,SENT,12e31012-fcd9-479d-b96e-a129f2497f10,dd2c1093-443f-49ff-8f65-a16f97176114,c1,c3,1013,?,x3,
1768610258.2808695,FORWARDED,12e31012-fcd9-479d-b96e-a129f2497f10,dd2c1093-443f-49ff-8f65-a16f97176114,c1,c3,1013,?,x3,
1768610258.674324,RECEIVED,484b2a21-49ee-4a8a-9b86-1df3a0eb2c00,acea2818-6bae-4e7c-b820-b9e5f5db4ea9,c4,c2,1452,e6,?,
1768610258.9811826,RECEIVED,6f0a3cdd-68ca-43b5-8fbd-afb3c9afe45f,fa07f503-9f9f-4040-bfd8-29ede858a0b9,c4,c5,1455,e2,?,
1768610259.0457487,SENT,484b2a21-49ee-4a8a-9b86-1df3a0eb2c00,acea2818-6bae-4e7c-b820-b9e5f5db4ea9,c4,c2,1015,?,x12,
1768610259.0457902,FORWARDED,484b2a21-49ee-4a8a-9b86-1df3a0eb2c00,acea2818-6bae-4e7c-b820-b9e5f5db4ea9,c4,c2,1015,?,x12,
1768610259.4046884,RECEIVED,bf32f7c3-7d4e-4d93-9abb-d2f44fd0295e,7cd8b3bd-4f1d-48eb-b0ed-c13ce18421f7,c5,c3,1461,e11,?,
1768610259.450065,SENT,bf32f7c3-7d4e-4d93-9abb-d2f44fd0295e,7cd8b3bd-4f1d-48eb-b0ed-c13ce18421f7,c5,c3,1023,?,x10,
1768610259.450109,FORWARDED,bf32f7c3-7d4e-4d93-9abb-d2f44fd0295e,7cd8b3bd-4f1d-48eb-b0ed-c13ce18421f7,c5,c3,1023,?,x10,
1768610259.611631,SENT,6f0a3cdd-68ca-43b5-8fbd-afb3c9afe45f,fa07f503-9f9f-4040-bfd8-29ede858a0b9,c4,c5,1019,?,x10,
1768610259.6116762,FORWARDED,6f0a3cdd-68ca-43b5-8fbd-afb3c9afe45f,fa07f503-9f9f-4040-bfd8-29ede858a0b9,c4,c5,1019,?,x10,
1768610259.8600614,RECEIVED,b150e667-e9d4-4b48-96e6-2d39db5fedea,dee2bb14-35d0-407d-9a0e-64dfc3ebfed7,c1,c2,1447,e11,?,
1768610259.9062932,RECEIVED,b5be10d4-84bc-4635-972b-c6664aaa23f1,cff7fb26-151a-4574-9628-61d2f3df2b61,c5,c4,1453,e7,?,
1768610259.9660192,SENT,b5be10d4-84bc-4635-972b-c6664aaa23f1,cff7fb26-151a-4574-9628-61d2f3df2b61,c5,c4,1015,?,x3,
1768610259.9662778,FORWARDED,b5be10d4-84bc-4635-972b-c6664aaa23f1,cff7fb26-151a-4574-9628-61d2f3df2b61,c5,c4,1015,?,x3,
1768610260.2546742,RECEIVED,cfbf79ea-2bc8-4ba6-9da7-e71742662ff5,81dc4150-0847-466c-9f5e-2cb0fa96ca65,c2,DROP,1008,e4,?,
1768610260.4637167,SENT,cfbf79ea-2bc8-4ba6-9da7-e71742662ff5,81dc4150-0847-466c-9f5e-2cb0fa96ca65,c2,DROP,683,?,x9,
1768610260.463759,FORWARDED,cfbf79ea-2bc8-4ba6-9da7-e71742662ff5,81dc4150-0847-466c-9f5e-2cb0fa96ca65,c2,DROP,683,?,x9,
1768610260.9307225,RECEIVED,d19d0a8c-bef3-42c9-946c-c5ac1f5c0ffb,c4735d1b-bbc4-48a2-87c2-cd2aeb609e86,c5,c2,1456,e3,?,
1768610261.2706397,RECEIVED,2546ec0b-00f6-4ef5-aaf7-eb8fda490bfb,8504fbec-e26d-4557-982e-2e71c949db5d,c1,c4,1452,e10,?,
1768610261.6639338,SENT,2546ec0b-00f6-4ef5-aaf7-eb8fda490bfb,8504fbec-e26d-4557-982e-2e71c949db5d,c1,c4,1015,?,x5,
1768610261.6639764,FORWARDED,2546ec0b-00f6-4ef5-aaf7-eb8fda490bfb,8504fbec-e26d-4557-982e-2e71c949db5d,c1,c4,1015,?,x5,
1768610261.746916,RECEIVED,73695b63-2c16-4c68-b7d2-2be9f5dbaa9f,2f1fe964-cd5b-450c-a6ee-54263cfe5b93,c2,c5,1443,e9,?,
1768610261.8081744,SENT,b150e667-e9d4-4b48-96e6-2d39db5fedea,dee2bb14-35d0-407d-9a0e-64dfc3ebfed7,c1,c2,1014,?,x8,
1768610261.808217,FORWARDED,b150e667-e9d4-4b48-96e6-2d39db5fedea,dee2bb14-35d0-407d-9a0e-64dfc3ebfed7,c1,c2,1014,?,x8,
1768610261.8573039,RECEIVED,8dc205df-f785-45d8-9542-ff21d64a0a18,9df70a2f-1b7a-4579-b619-fff1c79f8e93,c2,DROP,1007,e5,?,
1768610261.9657342,RECEIVED,547233a9-ad4a-45d9-9d97-4b9f7006042c,5deb1d1b-451f-447e-9f2e-cfb38808e2d4,c5,c2,1450,e2,?,
1768610262.158834,SENT,d19d0a8c-bef3-42c9-946c-c5ac1f5c0ffb,c4735d1b-bbc4-48a2-87c2-cd2aeb609e86,c5,c2,1019,?,x12,
1768610262.1588743,FORWARDED,d19d0a8c-bef3-42c9-946c-c5ac1f5c0ffb,c4735d1b-bbc4-48a2-87c2-cd2aeb609e86,c5,c2,1019,?,x12,
1768610262.3553326,RECEIVED,8c3c574b-ad27-43ca-81c7-d34c93be4947,f5c1fad6-1b9d-4833-a11e-4623aa8ad17a,c4,DROP,1006,e2,?,
1768610262.3800595,RECEIVED,5cac6beb-e481-46af-9a9a-31b323020d48,d6385c7d-c994-42c3-a3a7-333f576a8ee0,c5,c2,1460,e1,?,
1768610262.673005,RECEIVED,d1029a37-4e34-4032-ad51-f5d0c6ade465,2cfde907-c07d-4658-b8cf-084401bcc0d5,c4,c3,1451,e9,?,
1768610262.7307777,RECEIVED,dc70affa-6db1-4006-bdb9-ac11119cf9c0,e5cfd89a-4de7-4147-8168-9787c7ca676b,c1,c2,1451,e4,?,
1768610262.7511103,SENT,5cac6beb-e481-46af-9a9a-31b323020d48,d6385c7d-c994-42c3-a3a7-333f576a8ee0,c5,c2,1022,?,x12,
1768610262.7511554,FORWARDED,5cac6beb-e481-46af-9a9a-31b323020d48,d6385c7d-c994-42c3-a3a7-333f576a8ee0,c5,c2,1022,?,x12,
1768610262.8765912,SENT,73695b63-2c16-4c68-b7d2-2be9f5dbaa9f,2f1fe964-cd5b-450c-a6ee-54263cfe5b93,c2,c5,1011,?,x2,
1768610262.8766322,FORWARDED,73695b63-2c16-4c68-b7d2-2be9f5dbaa9f,2f1fe964-cd5b-450c-a6ee-54263cfe5b93,c2,c5,1011,?,x2,
1768610262.96583,RECEIVED,63e2725d-c8f0-476b-94d3-3ea83f95f8d5,3da58901-0228-43c8-ad80-44d23dadb0ba,c5,c4,1449,e1,?,
1768610262.979173,SENT,63e2725d-c8f0-476b-94d3-3ea83f95f8d5,3da58901-0228-43c8-ad80-44d23dadb0ba,c5,c4,1012,?,x3,
1768610262.979226,FORWARDED,63e2725d-c8f0-476b-94d3-3ea83f95f8d5,3da58901-0228-43c8-ad80-44d23dadb0ba,c5,c4,1012,?,x3,
1768610263.0737834,SENT,d1029a37-4e34-4032-ad51-f5d0c6ade465,2cfde907-c07d-4658-b8cf-084401bcc0d5,c4,c3,1015,?,x5,
1768610263.0738244,FORWARDED,d1029a37-4e34-4032-ad51-f5d0c6ade465,2cfde907-c07d-4658-b8cf-084401bcc0d5,c4,c3,1015,?,x5,
1768610263.2309577,SENT,547233a9-ad4a-45d9-9d97-4b9f7006042c,5deb1d1b-451f-447e-9f2e-cfb38808e2d4,c5,c2,1016,?,x4,
1768610263.2310047,FORWARDED,547233a9-ad4a-45d9-9d97-4b9f7006042c,5deb1d1b-451f-447e-9f2e-cfb38808e2d4,c5,c2,1016,?,x4,
1768610263.2318301,RECEIVED,03469b8d-ac17-44bb-9247-57b7d1000f69,47077f4e-9e33-4eb6-a9f5-37bf59801bdd,c2,c5,1453,e2,?,
1768610263.296015,SENT,dc70affa-6db1-4006-bdb9-ac11119cf9c0,e5cfd89a-4de7-4147-8168-9787c7ca676b,c1,c2,1016,?,x2,
1768610263.2960668,FORWARDED,dc70affa-6db1-4006-bdb9-ac11119cf9c0,e5cfd89a-4de7-4147-8168-9787c7ca676b,c1,c2,1016,?,x2,
1768610263.3773077,SENT,03469b8d-ac17-44bb-9247-57b7d1000f69,47077f4e-9e33-4eb6-a9f5-37bf59801bdd,c2,c5,1015,?,x11,
1768610263.3773475,FORWARDED,03469b8d-ac17-44bb-9247-57b7d1000f69,47077f4e-9e33-4eb6-a9f5-37bf59801bdd,c2,c5,1015,?,x11,
1768610263.395614,SENT,8dc205df-f785-45d8-9542-ff21d64a0a18,9df70a2f-1b7a-4579-b619-fff1c79f8e93,c2,DROP,683,?,x9,
1768610263.395657,FORWARDED,8dc205df-f785-45d8-9542-ff21d64a0a18,9df70a2f-1b7a-4579-b619-fff1c79f8e93,c2,DROP,683,?,x9,
1768610263.7827077,SENT,8c3c574b-ad27-43ca-81c7-d34c93be4947,f5c1fad6-1b9d-4833-a11e-4623aa8ad17a,c4,DROP,683,?,x7,
1768610263.7827497,FORWARDED,8c3c574b-ad27-43ca-81c7-d34c93be4947,f5c1fad6-1b9d-4833-a11e-4623aa8ad17a,c4,DROP,683,?,x7,
1768610264.0081313,RECEIVED,7f2cb199-35b4-47a8-bb13-9ec8a946b1cd,81c473b2-6688-4a71-baab-a777c56307d8,c1,c4,1448,e11,?,
1768610264.0694907,RECEIVED,eea7a1fe-4143-43e9-b205-e42525794400,997e0da4-deb9-4ea1-a958-d3eb4007efaf,c1,c2,1445,e2,?,
1768610264.1365933,SENT,7f2cb199-35b4-47a8-bb13-9ec8a946b1cd,81c473b2-6688-4a71-baab-a777c56307d8,c1,c4,1014,?,x5,
1768610264.1366355,FORWARDED,7f2cb199-35b4-47a8-bb13-9ec8a946b1cd,81c473b2-6688-4a71-baab-a777c56307d8,c1,c4,1014,?,x5,
1768610264.2210634,SENT,eea7a1fe-4143-43e9-b205-e42525794400,997e0da4-deb9-4ea1-a958-d3eb4007efaf,c1,c2,1011,?,x11,
1768610264.2211056,FORWARDED,eea7a1fe-4143-43e9-b205-e42525794400,997e0da4-deb9-4ea1-a958-d3eb4007efaf,c1,c2,1011,?,x11,
1768610265.5988834,RECEIVED,f8c81d1e-11c5-4b4a-af13-1ab828036111,d8f73365-4c41-4ba9-99e9-9a0e5820235a,c1,c4,1443,e12,?,
1768610266.2173128,SENT,f8c81d1e-11c5-4b4a-af13-1ab828036111,d8f73365-4c41-4ba9-99e9-9a0e5820235a,c1,c4,1011,?,x1,
1768610266.2173536,FORWARDED,f8c81d1e-11c5-4b4a-af13-1ab828036111,d8f73365-4c41-4ba9-99e9-9a0e5820235a,c1,c4,1011,?,x1,
1768610267.9431977,RECEIVED,051a9f51-ed74-4289-85f1-dfdc89a006f7,53d2924a-bb44-4480-bb08-dd9ed79dcf66,c2,c5,1448,e7,?,
1768610268.022138,SENT,051a9f51-ed74-4289-85f1-dfdc89a006f7,53d2924a-bb44-4480-bb08-dd9ed79dcf66,c2,c5,1013,?,x5,
1768610268.02218,FORWARDED,051a9f51-ed74-4289-85f1-dfdc89a006f7,53d2924a-bb44-4480-bb08-dd9ed79dcf66,c2,c5,1013,?,x5,
1768610268.6083167,RECEIVED,348c0918-5e69-4eb8-ac6f-14a99d6fe96a,2844cddc-a38e-4aec-b7c1-1616b0aaa4e2,c2,DROP,1007,e1,?,
1768610268.6743248,RECEIVED,0f31c26d-7f42-432c-a8b4-85b6c11dd835,172caf6f-b193-407e-bde6-82a6b27e29ba,c1,DROP,1016,e8,?,
1768610268.8389893,RECEIVED,88eb5566-ec74-444e-9960-7036d155de66,bbcf3030-a2c6-460f-b6be-8570211d3656,c1,c3,1464,e12,?,
1768610268.9224877,SENT,88eb5566-ec74-444e-9960-7036d155de66,bbcf3030-a2c6-460f-b6be-8570211d3656,c1,c3,1024,?,x6,
1768610268.9225423,FORWARDED,88eb5566-ec74-444e-9960-7036d155de66,bbcf3030-a2c6-460f-b6be-8570211d3656,c1,c3,1024,?,x6,
1768610269.0009017,RECEIVED,ef636e0e-9fd8-4fab-b352-3ae2025638b0,dc3301e1-378d-43ce-9baa-79d00037844d,c4,c1,1457,e2,?,
1768610269.1338706,SENT,ef636e0e-9fd8-4fab-b352-3ae2025638b0,dc3301e1-378d-43ce-9baa-79d00037844d,c4,c1,1019,?,x12,
1768610269.1339264,FORWARDED,ef636e0e-9fd8-4fab-b352-3ae2025638b0,dc3301e1-378d-43ce-9baa-79d00037844d,c4,c1,1019,?,x12,
1768610269.2499006,RECEIVED,80e53878-c597-433b-91ca-71cf2c0ffd39,afc6653e-9915-4ea0-aa3a-1057af828a32,c4,DROP,1011,e2,?,
1768610269.3377852,SENT,348c0918-5e69-4eb8-ac6f-14a99d6fe96a,2844cddc-a38e-4aec-b7c1-1616b0aaa4e2,c2,DROP,684,?,x6,
1768610269.3378289,FORWARDED,348c0918-5e69-4eb8-ac6f-14a99d6fe96a,2844cddc-a38e-4aec-b7c1-1616b0aaa4e2,c2,DROP,684,?,x6,
1768610269.644743,SENT,80e53878-c597-433b-91ca-71cf2c0ffd39,afc6653e-9915-4ea0-aa3a-1057af828a32,c4,DROP,687,?,x8,
1768610269.6448224,FORWARDED,80e53878-c597-433b-91ca-71cf2c0ffd39,afc6653e-9915-4ea0-aa3a-1057af828a32,c4,DROP,687,?,x8,
1768610269.6999753,SENT,0f31c26d-7f42-432c-a8b4-85b6c11dd835,172caf6f-b193-407e-bde6-82a6b27e29ba,c1,DROP,688,?,x11,
1768610269.7000275,FORWARDED,0f31c26d-7f42-432c-a8b4-85b6c11dd835,172caf6f-b193-407e-bde6-82a6b27e29ba,c1,DROP,688,?,x11,
1768610270.7236676,RECEIVED,9a3c1fae-fb72-4883-89c3-517d0bbb7c61,2db033a8-ef86-4fc3-ab99-5eaf7bc34ce9,c2,c5,1451,e10,?,
1768610270.9384604,RECEIVED,d11e01ea-6db3-46de-af3e-c1d66b32acef,3febe89a-7fb2-465e-988b-48c388d1b199,c2,c4,1448,e2,?,
1768610271.061529,SENT,d11e01ea-6db3-46de-af3e-c1d66b32acef,3febe89a-7fb2-465e-988b-48c388d1b199,c2,c4,1012,?,x8,
1768610271.0615654,FORWARDED,d11e01ea-6db3-46de-af3e-c1d66b32acef,3febe89a-7fb2-465e-988b-48c388d1b199,c2,c4,1012,?,x8,
1768610271.0881329,SENT,9a3c1fae-fb72-4883-89c3-517d0bbb7c61,2db033a8-ef86-4fc3-ab99-5eaf7bc34ce9,c2,c5,1016,?,x1,
1768610271.0881698,FORWARDED,9a3c1fae-fb72-4883-89c3-517d0bbb7c61,2db033a8-ef86-4fc3-ab99-5eaf7bc34ce9,c2,c5,1016,?,x1,
1768610271.132623,RECEIVED,63586540-3350-429f-9570-f43809d9b8b0,b88f7ab5-da14-446e-8564-b9c28a2a3c18,c4,c5,1443,e5,?,
1768610271.572563,RECEIVED,3e1173b1-2420-4eac-bbbc-06570323ce00,3f4da173-b26b-46c5-b9f5-6e2f8ff45775,c2,DROP,1008,e3,?,
1768610271.6831355,RECEIVED,2156d1f6-636c-4a4b-839c-1587e5c30047,d1bd957c-be48-4d61-8762-76048ceea223,c1,DROP,1010,e11,?,
1768610271.6842666,RECEIVED,144828ab-68d5-43d8-af6c-be3238baa7ad,f68e5e85-a9ed-4a5d-9708-f0f595d94710,c2,c1,1444,e2,?,
1768610271.8043811,SENT,63586540-3350-429f-9570-f43809d9b8b0,b88f7ab5-da14-446e-8564-b9c28a2a3c18,c4,c5,1011,?,x9,
1768610271.80442,FORWARDED,63586540-3350-429f-9570-f43809d9b8b0,b88f7ab5-da14-446e-8564-b9c28a2a3c18,c4,c5,1011,?,x9,
1768610271.8305037,SENT,3e1173b1-2420-4eac-bbbc-06570323ce00,3f4da173-b26b-46c5-b9f5-6e2f8ff45775,c2,DROP,684,?,x11,
1768610271.830546,FORWARDED,3e1173b1-2420-4eac-bbbc-06570323ce00,3f4da173-b26b-46c5-b9f5-6e2f8ff45775,c2,DROP,684,?,x11,
1768610271.9395216,SENT,144828ab-68d5-43d8-af6c-be3238baa7ad,f68e5e85-a9ed-4a5d-9708-f0f595d94710,c2,c1,1011,?,x3,
1768610271.9396672,FORWARDED,144828ab-68d5-43d8-af6c-be3238baa7ad,f68e5e85-a9ed-4a5d-9708-f0f595d94710,c2,c1,1011,?,x3,
1768610272.1851826,SENT,2156d1f6-636c-4a4b-839c-1587e5c30047,d1bd957c-be48-4d61-8762-76048ceea223,c1,DROP,686,?,x1,
1768610272.1852252,FORWARDED,2156d1f6-636c-4a4b-839c-1587e5c30047,d1bd957c-be48-4d61-8762-76048ceea223,c1,DROP,686,?,x1,
1768610272.711454,RECEIVED,7dc621fd-d182-4691-b909-3bfb03cfb9fc,fff05b19-444b-4560-aa91-ce217ad56089,c2,c3,1443,e8,?,
1768610273.9075255,SENT,7dc621fd-d182-4691-b909-3bfb03cfb9fc,fff05b19-444b-4560-aa91-ce217ad56089,c2,c3,1011,?,x5,
1768610273.907568,FORWARDED,7dc621fd-d182-4691-b909-3bfb03cfb9fc,fff05b19-444b-4560-aa91-ce217ad56089,c2,c3,1011,?,x5,
1768610274.1130176,RECEIVED,a41b511e-b65e-457a-bca3-2e80e910e3d8,8f2d60da-483c-4db0-8062-390027e44309,c1,c2,1456,e8,?,
1768610274.2975936,SENT,a41b511e-b65e-457a-bca3-2e80e910e3d8,8f2d60da-483c-4db0-8062-390027e44309,c1,c2,1018,?,x7,
1768610274.2976305,FORWARDED,a41b511e-b65e-457a-bca3-2e80e910e3d8,8f2d60da-483c-4db0-8062-390027e44309,c1,c2,1018,?,x7,
1768610274.9957607,RECEIVED,e52b17c5-7cc7-41f6-b5c6-133a0387e6f1,df1e92b6-24b9-4dcc-ad56-75f27fec87ae,c4,c3,1459,e12,?,
1768610275.1204803,RECEIVED,545edbf6-e067-4d9e-ade9-807bcfb385fd,0e36157d-cbe4-48c2-9537-45207d73e663,c3,c2,1461,e10,?,
1768610275.1274972,RECEIVED,8a08f846-717e-4bf6-a1e7-6ebfc834b6d4,ef82a0ca-ce4e-4bc6-94a0-70a7192121f1,c2,c3,1460,e10,?,
1768610275.206432,SENT,545edbf6-e067-4d9e-ade9-807bcfb385fd,0e36157d-cbe4-48c2-9537-45207d73e663,c3,c2,1023,?,x12,
1768610275.206483,FORWARDED,545edbf6-e067-4d9e-ade9-807bcfb385fd,0e36157d-cbe4-48c2-9537-45207d73e663,c3,c2,1023,?,x12,
1768610275.3555927,SENT,e52b17c5-7cc7-41f6-b5c6-133a0387e6f1,df1e92b6-24b9-4dcc-ad56-75f27fec87ae,c4,c3,1023,?,x6,
1768610275.3556345,FORWARDED,e52b17c5-7cc7-41f6-b5c6-133a0387e6f1,df1e92b6-24b9-4dcc-ad56-75f27fec87ae,c4,c3,1023,?,x6,
1768610275.373031,RECEIVED,cb262aef-16fd-434b-91a9-efaee93b5b53,d9f242af-1e40-451e-b748-8972ad95e53d,c2,c5,1444,e5,?,
1768610275.4571624,SENT,cb262aef-16fd-434b-91a9-efaee93b5b53,d9f242af-1e40-451e-b748-8972ad95e53d,c2,c5,1011,?,x9,
1768610275.4572036,FORWARDED,cb262aef-16fd-434b-91a9-efaee93b5b53,d9f242af-1e40-451e-b748-8972ad95e53d,c2,c5,1011,?,x9,
1768610275.994643,RECEIVED,d2644d69-701b-49f0-b1fc-1331be610108,96b0ae0d-39bd-4169-9ed9-591353a68f81,c2,c5,1443,e2,?,
1768610276.4458754,SENT,d2644d69-701b-49f0-b1fc-1331be610108,96b0ae0d-39bd-4169-9ed9-591353a68f81,c2,c5,1011,?,x4,
1768610276.4459279,FORWARDED,d2644d69-701b-49f0-b1fc-1331be610108,96b0ae0d-39bd-4169-9ed9-591353a68f81,c2,c5,1011,?,x4,
1768610276.5542154,SENT,8a08f846-717e-4bf6-a1e7-6ebfc834b6d4,ef82a0ca-ce4e-4bc6-94a0-70a7192121f1,c2,c3,1023,?,x11,
1768610276.5542529,FORWARDED,8a08f846-717e-4bf6-a1e7-6ebfc834b6d4,ef82a0ca-ce4e-4bc6-94a0-70a7192121f1,c2,c3,1023,?,x11,
1768610276.6128101,RECEIVED,b35d63a1-ed6d-46c1-b9e6-814b9572f245,924b253d-6f90-42c5-854b-c5bed5af7d3a,c3,c5,1456,e10,?,
1768610277.2070138,SENT,b35d63a1-ed6d-46c1-b9e6-814b9572f245,924b253d-6f90-42c5-854b-c5bed5af7d3a,c3,c5,1020,?,x10,
1768610277.2070627,FORWARDED,b35d63a1-ed6d-46c1-b9e6-814b9572f245,924b253d-6f90-42c5-854b-c5bed5af7d3a,c3,c5,1020,?,x10,
1768610277.2723703,RECEIVED,83632aac-8344-4768-bbb7-79235df971c7,ae4e1843-aaf3-42a4-ad5f-9779f8ead899,c4,DROP,440,x2,?,
1768610277.5938232,RECEIVED,c5f8ac66-c071-46b1-99c9-a983f92f70c5,6535c703-8d26-40ca-8fbb-da3dc4c7bff9,c5,DROP,1007,e2,?,
1768610277.6345255,RECEIVED,8e35d034-54e7-4b2f-8dde-498780005093,12539f63-97d9-4a1e-8a00-080e4e4995a3,c5,c3,1443,e3,?,
1768610277.9212866,SENT,c5f8ac66-c071-46b1-99c9-a983f92f70c5,6535c703-8d26-40ca-8fbb-da3dc4c7bff9,c5,DROP,684,?,x8,
1768610277.9213302,FORWARDED,c5f8ac66-c071-46b1-99c9-a983f92f70c5,6535c703-8d26-40ca-8fbb-da3dc4c7bff9,c5,DROP,684,?,x8,
1768610278.1673715,SENT,8e35d034-54e7-4b2f-8dde-498780005093,12539f63-97d9-4a1e-8a00-080e4e4995a3,c5,c3,1011,?,x5,
1768610278.1674128,FORWARDED,8e35d034-54e7-4b2f-8dde-498780005093,12539f63-97d9-4a1e-8a00-080e4e4995a3,c5,c3,1011,?,x5,
1768610278.8987467,RECEIVED,84349f6a-62bf-4def-9c13-075c3cb9317f,6e85abd0-b603-4ea4-9886-f0ed61fba0b9,c4,c3,1459,e11,?,
1768610279.0665216,SENT,84349f6a-62bf-4def-9c13-075c3cb9317f,6e85abd0-b603-4ea4-9886-f0ed61fba0b9,c4,c3,1023,?,x6,
1768610279.066565,FORWARDED,84349f6a-62bf-4def-9c13-075c3cb9317f,6e85abd0-b603-4ea4-9886-f0ed61fba0b9,c4,c3,1023,?,x6,
1768610279.4660978,RECEIVED,bbd68674-eb80-4306-973d-33d11be24cc3,e5209293-c0c6-4dab-814d-a537d4626739,c2,c4,1451,e11,?,
1768610280.1208456,RECEIVED,d074525b-445b-4852-a829-821501a8e212,ab6cc681-313f-4463-ada1-4485e131da20,c5,c1,1447,e1,?,
1768610280.2876759,RECEIVED,00418259-af99-4992-9551-d49aaa989fd7,7a8fa608-a91c-4700-9174-260c21364ae2,c2,DROP,1007,e11,?,
1768610280.4763987,RECEIVED,f95b5bc2-3c29-4dfb-ade2-86c51857f3d0,afb4da4c-b8e7-46c8-b629-739000f69f49,c2,c5,1451,e1,?,
1768610280.4777312,RECEIVED,03eca558-40ba-4ca9-b967-b64cebecb97d,6849ffae-a255-4331-8ca5-969f1ae2c84e,c5,c4,1448,e7,?,
1768610280.7228096,SENT,bbd68674-eb80-4306-973d-33d11be24cc3,e5209293-c0c6-4dab-814d-a537d4626739,c2,c4,1016,?,x9,
1768610280.7228615,FORWARDED,bbd68674-eb80-4306-973d-33d11be24cc3,e5209293-c0c6-4dab-814d-a537d4626739,c2,c4,1016,?,x9,
1768610280.8412237,RECEIVED,2bc8fbee-d152-4b9e-930e-d9bdcb8c20d2,b91a0acf-13d5-468e-8380-dfffd2aca82d,c2,DROP,445,x4,?,
1768610280.9942033,SENT,03eca558-40ba-4ca9-b967-b64cebecb97d,6849ffae-a255-4331-8ca5-969f1ae2c84e,c5,c4,1012,?,x10,
1768610280.994247,FORWARDED,03eca558-40ba-4ca9-b967-b64cebecb97d,6849ffae-a255-4331-8ca5-969f1ae2c84e,c5,c4,1012,?,x10,
1768610281.1437266,RECEIVED,7471e502-4b27-4e39-8ef9-d93cf79d3a48,8a5ec541-e430-4964-9e94-4de1e1f39882,c1,c4,1442,e3,?,
1768610281.155244,SENT,d074525b-445b-4852-a829-821501a8e212,ab6cc681-313f-4463-ada1-4485e131da20,c5,c1,1012,?,x6,
1768610281.1553013,FORWARDED,d074525b-445b-4852-a829-821501a8e212,ab6cc681-313f-4463-ada1-4485e131da20,c5,c1,1012,?,x6,
1768610281.2572536,SENT,f95b5bc2-3c29-4dfb-ade2-86c51857f3d0,afb4da4c-b8e7-46c8-b629-739000f69f49,c2,c5,1015,?,x9,
1768610281.257307,FORWARDED,f95b5bc2-3c29-4dfb-ade2-86c51857f3d0,afb4da4c-b8e7-46c8-b629-739000f69f49,c2,c5,1015,?,x9,
1768610281.3197389,RECEIVED,c5294ea8-32e4-46eb-9a37-59244aef64bf,efa01121-b673-4fcc-b4a7-d32322bccfc7,c2,c1,1459,e10,?,
1768610281.3821797,SENT,00418259-af99-4992-9551-d49aaa989fd7,7a8fa608-a91c-4700-9174-260c21364ae2,c2,DROP,684,?,x9,
1768610281.3822327,FORWARDED,00418259-af99-4992-9551-d49aaa989fd7,7a8fa608-a91c-4700-9174-260c21364ae2,c2,DROP,684,?,x9,
1768610281.8107483,SENT,7471e502-4b27-4e39-8ef9-d93cf79d3a48,8a5ec541-e430-4964-9e94-4de1e1f39882,c1,c4,1010,?,x1,
1768610281.8108146,FORWARDED,7471e502-4b27-4e39-8ef9-d93cf79d3a48,8a5ec541-e430-4964-9e94-4de1e1f39882,c1,c4,1010,?,x1,
1768610282.1860023,RECEIVED,84755eea-4e77-47cc-a5f6-6e1565eec079,a8b34be0-6e28-4042-a955-12e4e1b9b107,c2,c3,1451,e2,?,
1768610282.227139,RECEIVED,b6cb6b92-036a-441b-bc4e-41a3e4d29743,0a5334d3-7af8-4009-b34c-c5eb6825a931,c5,DROP,1008,e5,?,
1768610282.2741082,SENT,c5294ea8-32e4-46eb-9a37-59244aef64bf,efa01121-b673-4fcc-b4a7-d32322bccfc7,c2,c1,1021,?,x8,
1768610282.2741508,FORWARDED,c5294ea8-32e4-46eb-9a37-59244aef64bf,efa01121-b673-4fcc-b4a7-d32322bccfc7,c2,c1,1021,?,x8,
1768610282.4870067,SENT,84755eea-4e77-47cc-a5f6-6e1565eec079,a8b34be0-6e28-4042-a955-12e4e1b9b107,c2,c3,1016,?,x8,
1768610282.4872322,FORWARDED,84755eea-4e77-47cc-a5f6-6e1565eec079,a8b34be0-6e28-4042-a955-12e4e1b9b107,c2,c3,1016,?,x8,
1768610282.5348985,RECEIVED,6fead76c-fb82-4d41-8a89-c9e817ff8f23,59064296-70fb-42ef-a872-4eb89fceda8d,c3,c4,1441,e3,?,
1768610282.5396497,SENT,b6cb6b92-036a-441b-bc4e-41a3e4d29743,0a5334d3-7af8-4009-b34c-c5eb6825a931,c5,DROP,682,?,x4,
1768610282.539689,FORWARDED,b6cb6b92-036a-441b-bc4e-41a3e4d29743,0a5334d3-7af8-4009-b34c-c5eb6825a931,c5,DROP,682,?,x4,
1768610282.5517159,SENT,6fead76c-fb82-4d41-8a89-c9e817ff8f23,59064296-70fb-42ef-a872-4eb89fceda8d,c3,c4,1008,?,x7,
1768610282.551757,FORWARDED,6fead76c-fb82-4d41-8a89-c9e817ff8f23,59064296-70fb-42ef-a872-4eb89fceda8d,c3,c4,1008,?,x7,
1768610282.6317568,RECEIVED,c1958b94-9626-4cbb-9728-0d1ff3dfb0f5,d6175063-ae31-4dc4-a71f-11cf7ca7bac5,c4,c3,1451,e5,?,
1768610282.6873412,RECEIVED,a228266e-0f39-4bea-878b-5c810da0ed8a,05141475-a4f2-4b79-8019-05b820cdbcc6,c2,c4,1447,e2,?,
1768610282.8187158,RECEIVED,21f12b23-9de2-4f7c-a759-738a0e91f687,e5700d4f-ba6d-4845-a562-620e77f90dcc,c4,c1,1444,e2,?,
1768610283.1463118,RECEIVED,6241f1f7-b785-421d-aab7-04cde6f78a41,c56b22ac-2da3-4aa4-b7e5-155652f33a90,c3,c1,1452,e9,?,
1768610283.2451553,SENT,6241f1f7-b785-421d-aab7-04cde6f78a41,c56b22ac-2da3-4aa4-b7e5-155652f33a90,c3,c1,1015,?,x4,
1768610283.245197,FORWARDED,6241f1f7-b785-421d-aab7-04cde6f78a41,c56b22ac-2da3-4aa4-b7e5-155652f33a90,c3,c1,1015,?,x4,
1768610283.4883673,SENT,a228266e-0f39-4bea-878b-5c810da0ed8a,05141475-a4f2-4b79-8019-05b820cdbcc6,c2,c4,1012,?,x8,
1768610283.4884052,FORWARDED,a228266e-0f39-4bea-878b-5c810da0ed8a,05141475-a4f2-4b79-8019-05b820cdbcc6,c2,c4,1012,?,x8,
1768610283.6348891,RECEIVED,84545282-67df-46c1-aa20-fc686be90485,6ccc52e3-878a-4ff0-b331-d6d7212d243a,c3,DROP,440,x3,?,
1768610283.8269207,RECEIVED,e8505ff1-5557-4a92-b0db-ab46dc21ef3b,aabe5f37-553a-4c77-9ce4-3a8f36f12040,c3,c2,1459,e12,?,
1768610284.0956826,RECEIVED,1884f685-f167-406f-bd0a-9012c02f1a1d,03f83076-ddcc-429f-a0a5-4c886cbd887d,c1,c4,1444,e9,?,
1768610284.1107197,SENT,e8505ff1-5557-4a92-b0db-ab46dc21ef3b,aabe5f37-553a-4c77-9ce4-3a8f36f12040,c3,c2,1023,?,x8,
1768610284.1107607,FORWARDED,e8505ff1-5557-4a92-b0db-ab46dc21ef3b,aabe5f37-553a-4c77-9ce4-3a8f36f12040,c3,c2,1023,?,x8,
1768610284.1164086,RECEIVED,5f0372fa-b8fc-4a97-ae3f-31a3f594f49b,badae4b4-f492-4415-b09f-4f5f0ea0f758,c3,DROP,1007,e2,?,
1768610284.3041165,SENT,5f0372fa-b8fc-4a97-ae3f-31a3f594f49b,badae4b4-f492-4415-b09f-4f5f0ea0f758,c3,DROP,683,?,x4,
1768610284.304158,FORWARDED,5f0372fa-b8fc-4a97-ae3f-31a3f594f49b,badae4b4-f492-4415-b09f-4f5f0ea0f758,c3,DROP,683,?,x4,
1768610284.3208432,SENT,1884f685-f167-406f-bd0a-9012c02f1a1d,03f83076-ddcc-429f-a0a5-4c886cbd887d,c1,c4,1011,?,x6,
1768610284.3208811,FORWARDED,1884f685-f167-406f-bd0a-9012c02f1a1d,03f83076-ddcc-429f-a0a5-4c886cbd887d,c1,c4,1011,?,x6,
1768610285.0631828,RECEIVED,fffaa1a4-bcbc-4447-ac12-a2c4c8ab04be,094dfeb1-7239-4077-99ad-eb188a50e26e,c4,c3,1456,e11,?,
1768610285.1196334,SENT,c1958b94-9626-4cbb-9728-0d1ff3dfb0f5,d6175063-ae31-4dc4-a71f-11cf7ca7bac5,c4,c3,1015,?,x4,
1768610285.1196725,FORWARDED,c1958b94-9626-4cbb-9728-0d1ff3dfb0f5,d6175063-ae31-4dc4-a71f-11cf7ca7bac5,c4,c3,1015,?,x4,
1768610285.3394604,RECEIVED,69c6481e-6a0d-4a17-9a3b-6a4795bff192,4e6a7b6d-af39-479a-8b4c-d1e4f0e430c8,c1,DROP,1008,e3,?,
1768610285.440163,SENT,fffaa1a4-bcbc-4447-ac12-a2c4c8ab04be,094dfeb1-7239-4077-99ad-eb188a50e26e,c4,c3,1020,?,x9,
1768610285.4402046,FORWARDED,fffaa1a4-bcbc-4447-ac12-a2c4c8ab04be,094dfeb1-7239-4077-99ad-eb188a50e26e,c4,c3,1020,?,x9,
1768610285.6057534,SENT,21f12b23-9de2-4f7c-a759-738a0e91f687,e5700d4f-ba6d-4845-a562-620e77f90dcc,c4,c1,1011,?,x10,
1768610285.605797,FORWARDED,21f12b23-9de2-4f7c-a759-738a0e91f687,e5700d4f-ba6d-4845-a562-620e77f90dcc,c4,c1,1011,?,x10,
1768610285.7131958,SENT,69c6481e-6a0d-4a17-9a3b-6a4795bff192,4e6a7b6d-af39-479a-8b4c-d1e4f0e430c8,c1,DROP,683,?,x10,
1768610285.7132328,FORWARDED,69c6481e-6a0d-4a17-9a3b-6a4795bff192,4e6a7b6d-af39-479a-8b4c-d1e4f0e430c8,c1,DROP,683,?,x10,
1768610286.2156272,RECEIVED,bf297c01-1dac-4112-825c-a0e2533f20eb,03298b56-7c44-4431-86af-f5bea8e6ad4b,c1,DROP,1016,e9,?,
1768610286.3481362,RECEIVED,40b3e2af-075d-4ab6-990f-bc78b0a958f3,a9f42d2d-10a3-49e8-ad34-6690320d5c6c,c5,c3,1451,e2,?,
1768610286.5123196,RECEIVED,b57177df-2969-42c4-aae4-fd52063ef6ea,9e607d23-f1e8-4fba-bf58-21d0fd03766b,c1,c4,1457,e7,?,
1768610286.5799553,SENT,b57177df-2969-42c4-aae4-fd52063ef6ea,9e607d23-f1e8-4fba-bf58-21d0fd03766b,c1,c4,1020,?,x10,
1768610286.5800066,FORWARDED,b57177df-2969-42c4-aae4-fd52063ef6ea,9e607d23-f1e8-4fba-bf58-21d0fd03766b,c1,c4,1020,?,x10,
1768610286.6473598,SENT,40b3e2af-075d-4ab6-990f-bc78b0a958f3,a9f42d2d-10a3-49e8-ad34-6690320d5c6c,c5,c3,1015,?,x4,
1768610286.647403,FORWARDED,40b3e2af-075d-4ab6-990f-bc78b0a958f3,a9f42d2d-10a3-49e8-ad34-6690320d5c6c,c5,c3,1015,?,x4,
1768610286.665326,SENT,bf297c01-1dac-4112-825c-a0e2533f20eb,03298b56-7c44-4431-86af-f5bea8e6ad4b,c1,DROP,688,?,x8,
1768610286.6653676,FORWARDED,bf297c01-1dac-4112-825c-a0e2533f20eb,03298b56-7c44-4431-86af-f5bea8e6ad4b,c1,DROP,688,?,x8,
1768610286.898571,RECEIVED,de95d055-d5ed-416e-aa68-e8512618d77e,fd484a79-0e53-4d14-9db3-0b53e7e67455,c4,DROP,1021,e10,?,
1768610286.9344032,RECEIVED,9ad32cc8-3358-4a23-a8fa-1fbc44a8b863,936e0bd8-ffb3-46da-8993-768498aa873f,c4,c1,1455,e9,?,
1768610286.9594536,SENT,de95d055-d5ed-416e-aa68-e8512618d77e,fd484a79-0e53-4d14-9db3-0b53e7e67455,c4,DROP,693,?,x11,
1768610286.959497,FORWARDED,de95d055-d5ed-416e-aa68-e8512618d77e,fd484a79-0e53-4d14-9db3-0b53e7e67455,c4,DROP,693,?,x11,
1768610288.2401621,SENT,9ad32cc8-3358-4a23-a8fa-1fbc44a8b863,936e0bd8-ffb3-46da-8993-768498aa873f,c4,c1,1019,?,x4,
1768610288.2402122,FORWARDED,9ad32cc8-3358-4a23-a8fa-1fbc44a8b863,936e0bd8-ffb3-46da-8993-768498aa873f,c4,c1,1019,?,x4,
1768610288.7812984,RECEIVED,b3d3868e-2bdb-49ca-90e2-2f1cf5c71bf8,a7af7864-ceaa-431d-8383-c69008a4ebab,c2,c1,1447,e3,?,
1768610289.4332135,RECEIVED,5322caa8-85ea-440f-9185-be21251d33d1,68ebd109-338e-4bf2-97e6-9ad4b5e9034e,c4,c2,1451,e1,?,
1768610289.873165,SENT,5322caa8-85ea-440f-9185-be21251d33d1,68ebd109-338e-4bf2-97e6-9ad4b5e9034e,c4,c2,1015,?,x8,
1768610289.873207,FORWARDED,5322caa8-85ea-440f-9185-be21251d33d1,68ebd109-338e-4bf2-97e6-9ad4b5e9034e,c4,c2,1015,?,x8,
1768610289.9576988,RECEIVED,3824e9ef-20d4-4071-9556-348992e44488,d205d547-860e-41da-b019-5ef74ca1380b,c5,DROP,1009,e2,?,
1768610289.974795,SENT,3824e9ef-20d4-4071-9556-348992e44488,d205d547-860e-41da-b019-5ef74ca1380b,c5,DROP,684,?,x6,
1768610289.974835,FORWARDED,3824e9ef-20d4-4071-9556-348992e44488,d205d547-860e-41da-b019-5ef74ca1380b,c5,DROP,684,?,x6,
1768610289.9963174,RECEIVED,d9517d7e-f4bd-4979-ba56-e7ecb402508d,87a5c75a-2add-4a54-92fd-40669d4f4061,c4,DROP,441,x3,?,
1768610290.1209598,RECEIVED,4cfaffcb-c3e0-436f-aac1-4d1c7201f51e,188feaad-20a3-4a86-97f0-67b47ceaede5,c4,c5,1456,e10,?,
1768610290.2614822,RECEIVED,4b6888f9-7905-46db-819e-14e615dda2f2,fcc79f21-7121-4e94-a6ac-e1708be6596c,c2,c3,1445,e1,?,
1768610290.285774,RECEIVED,2e1f6a5f-6701-4260-9a68-69ed227ebfad,045a3470-ae1d-49f8-83e4-9679492e249b,c2,c3,1451,e10,?,
1768610290.3105383,SENT,4b6888f9-7905-46db-819e-14e615dda2f2,fcc79f21-7121-4e94-a6ac-e1708be6596c,c2,c3,1010,?,x9,
1768610290.3105822,FORWARDED,4b6888f9-7905-46db-819e-14e615dda2f2,fcc79f21-7121-4e94-a6ac-e1708be6596c,c2,c3,1010,?,x9,
1768610290.3262298,SENT,4cfaffcb-c3e0-436f-aac1-4d1c7201f51e,188feaad-20a3-4a86-97f0-67b47ceaede5,c4,c5,1020,?,x3,
1768610290.326297,FORWARDED,4cfaffcb-c3e0-436f-aac1-4d1c7201f51e,188feaad-20a3-4a86-97f0-67b47ceaede5,c4,c5,1020,?,x3,
1768610290.441514,SENT,b3d3868e-2bdb-49ca-90e2-2f1cf5c71bf8,a7af7864-ceaa-431d-8383-c69008a4ebab,c2,c1,1012,?,x6,
1768610290.4415574,FORWARDED,b3d3868e-2bdb-49ca-90e2-2f1cf5c71bf8,a7af7864-ceaa-431d-8383-c69008a4ebab,c2,c1,1012,?,x6,
1768610290.4913044,RECEIVED,2436cd43-137d-4a65-b383-da93f9d30f88,e9949036-29da-44de-a96e-588554afb4cc,c5,c3,1443,e4,?,
1768610290.5469952,SENT,2e1f6a5f-6701-4260-9a68-69ed227ebfad,045a3470-ae1d-49f8-83e4-9679492e249b,c2,c3,1015,?,x2,
1768610290.5470357,FORWARDED,2e1f6a5f-6701-4260-9a68-69ed227ebfad,045a3470-ae1d-49f8-83e4-9679492e249b,c2,c3,1015,?,x2,
1768610290.6312957,RECEIVED,5c29241f-eef3-48f8-beb6-aca7fe27099b,e972ccc4-3c59-4d87-bb7f-e2945feba72d,c3,DROP,1008,e6,?,
1768610290.8305795,SENT,5c29241f-eef3-48f8-beb6-aca7fe27099b,e972ccc4-3c59-4d87-bb7f-e2945feba72d,c3,DROP,684,?,x4,
1768610290.8309143,FORWARDED,5c29241f-eef3-48f8-beb6-aca7fe27099b,e972ccc4-3c59-4d87-bb7f-e2945feba72d,c3,DROP,684,?,x4,
1768610291.1977816,RECEIVED,d518bbae-efcc-4288-b1b2-7790810a010e,948bb095-eece-43e3-8082-c4365be7d05a,c4,DROP,1010,e9,?,
1768610291.4101095,RECEIVED,aeeedefb-9bc1-46f2-aa68-9ec293266615,ff276a94-ba7e-4218-8e5e-e4afa0d7199c,c2,c1,1443,e1,?,
1768610291.7016938,RECEIVED,28a4c3f8-9370-4b42-bec8-bafb58740a59,be20fd05-601d-4014-8d7e-2b5e51fed943,c2,c3,1460,e11,?,
1768610291.882393,SENT,2436cd43-137d-4a65-b383-da93f9d30f88,e9949036-29da-44de-a96e-588554afb4cc,c5,c3,1011,?,x5,
1768610291.8824346,FORWARDED,2436cd43-137d-4a65-b383-da93f9d30f88,e9949036-29da-44de-a96e-588554afb4cc,c5,c3,1011,?,x5,
1768610291.9358344,SENT,28a4c3f8-9370-4b42-bec8-bafb58740a59,be20fd05-601d-4014-8d7e-2b5e51fed943,c2,c3,1023,?,x1,
1768610291.9359295,FORWARDED,28a4c3f8-9370-4b42-bec8-bafb58740a59,be20fd05-601d-4014-8d7e-2b5e51fed943,c2,c3,1023,?,x1,
1768610292.154514,SENT,aeeedefb-9bc1-46f2-aa68-9ec293266615,ff276a94-ba7e-4218-8e5e-e4afa0d7199c,c2,c1,1011,?,x3,
1768610292.1545544,FORWARDED,aeeedefb-9bc1-46f2-aa68-9ec293266615,ff276a94-ba7e-4218-8e5e-e4afa0d7199c,c2,c1,1011,?,x3,
1768610292.1608262,RECEIVED,9b791e0d-e6a4-4a77-a75d-b0eb0fc7731c,7467efb7-9780-4aaa-b993-10bcf9f99fc7,c3,c2,1443,e10,?,
1768610292.5457964,RECEIVED,4295dd1a-26a6-4ae5-9e93-62b4015c80d8,aafeff01-fbec-41f0-8b31-ed8e8db71dd6,c3,DROP,441,x1,?,
1768610292.6908438,SENT,9b791e0d-e6a4-4a77-a75d-b0eb0fc7731c,7467efb7-9780-4aaa-b993-10bcf9f99fc7,c3,c2,1011,?,x8,
1768610292.6908872,FORWARDED,9b791e0d-e6a4-4a77-a75d-b0eb0fc7731c,7467efb7-9780-4aaa-b993-10bcf9f99fc7,c3,c2,1011,?,x8,
1768610292.7875855,RECEIVED,6c9edfea-3a28-4bd3-b26e-5dab432ede1c,53f695ca-4287-46ba-8f3e-09e2bfcf7b3d,c3,c4,1456,e5,?,
1768610293.3682435,RECEIVED,e573b74c-3486-4e1e-a2e7-1a30018b1c1e,a9025906-3c04-4353-b5cf-88b7f938cef2,c3,c4,1456,e10,?,
1768610293.3995593,SENT,d518bbae-efcc-4288-b1b2-7790810a010e,948bb095-eece-43e3-8082-c4365be7d05a,c4,DROP,687,?,x3,
1768610293.399602,FORWARDED,d518bbae-efcc-4288-b1b2-7790810a010e,948bb095-eece-43e3-8082-c4365be7d05a,c4,DROP,687,?,x3,
1768610293.4540322,SENT,e573b74c-3486-4e1e-a2e7-1a30018b1c1e,a9025906-3c04-4353-b5cf-88b7f938cef2,c3,c4,1020,?,x7,
1768610293.454084,FORWARDED,e573b74c-3486-4e1e-a2e7-1a30018b1c1e,a9025906-3c04-4353-b5cf-88b7f938cef2,c3,c4,1020,?,x7,
1768610293.6813285,SENT,6c9edfea-3a28-4bd3-b26e-5dab432ede1c,53f695ca-4287-46ba-8f3e-09e2bfcf7b3d,c3,c4,1020,?,x11,
1768610293.6813693,FORWARDED,6c9edfea-3a28-4bd3-b26e-5dab432ede1c,53f695ca-4287-46ba-8f3e-09e2bfcf7b3d,c3,c4,1020,?,x11,
1768610293.7220962,RECEIVED,b96de19e-ecb5-4327-9ec5-1f5b50715f5d,c4797b19-35bd-41f3-926c-f48d80f32d02,c5,c2,1460,e12,?,
1768610293.7904582,RECEIVED,ad12fda3-dc36-419b-9b0c-c950bb1224e7,f00782ac-8fb3-4a07-ba88-fa62ade20b25,c4,c3,1444,e4,?,
1768610293.8063858,SENT,b96de19e-ecb5-4327-9ec5-1f5b50715f5d,c4797b19-35bd-41f3-926c-f48d80f32d02,c5,c2,1022,?,x6,
1768610293.8064265,FORWARDED,b96de19e-ecb5-4327-9ec5-1f5b50715f5d,c4797b19-35bd-41f3-926c-f48d80f32d02,c5,c2,1022,?,x6,
1768610294.0068402,SENT,ad12fda3-dc36-419b-9b0c-c950bb1224e7,f00782ac-8fb3-4a07-ba88-fa62ade20b25,c4,c3,1011,?,x8,
1768610294.0068924,FORWARDED,ad12fda3-dc36-419b-9b0c-c950bb1224e7,f00782ac-8fb3-4a07-ba88-fa62ade20b25,c4,c3,1011,?,x8,
1768610295.1608715,RECEIVED,e52a4efb-2f82-4dee-af10-8dcc7788b08c,5de32f77-ded2-4fc2-aaa2-ce0e73fbbd51,c3,c1,1447,e5,?,
1768610295.3590336,SENT,e52a4efb-2f82-4dee-af10-8dcc7788b08c,5de32f77-ded2-4fc2-aaa2-ce0e73fbbd51,c3,c1,1012,?,x4,
1768610295.3592436,FORWARDED,e52a4efb-2f82-4dee-af10-8dcc7788b08c,5de32f77-ded2-4fc2-aaa2-ce0e73fbbd51,c3,c1,1012,?,x4,
1768610295.4565742,RECEIVED,666bc7fa-c664-424d-8319-eea0b9191d49,44cbe090-65b1-46e5-9e07-e58812b1b46f,c3,c1,1452,e4,?,
1768610295.6824694,SENT,666bc7fa-c664-424d-8319-eea0b9191d49,44cbe090-65b1-46e5-9e07-e58812b1b46f,c3,c1,1016,?,x1,
1768610295.6825118,FORWARDED,666bc7fa-c664-424d-8319-eea0b9191d49,44cbe090-65b1-46e5-9e07-e58812b1b46f,c3,c1,1016,?,x1,
1768610296.033201,RECEIVED,7510ac39-2bd6-4953-9e22-633f509f5090,dddb3239-90b3-4fee-afd5-a53f032f86a2,c1,c4,1452,e1,?,
1768610296.3416188,SENT,7510ac39-2bd6-4953-9e22-633f509f5090,dddb3239-90b3-4fee-afd5-a53f032f86a2,c1,c4,1016,?,x5,
1768610296.341662,FORWARDED,7510ac39-2bd6-4953-9e22-633f509f5090,dddb3239-90b3-4fee-afd5-a53f032f86a2,c1,c4,1016,?,x5,
1768610296.3610387,RECEIVED,f8c965a9-0450-4eaa-8ef8-720126428e64,b2a2427b-e275-4e35-844d-10d44623b8e8,c1,c3,1452,e7,?,
1768610296.374687,RECEIVED,0ba71247-4c79-4fe4-9387-a3f4c1e2fddc,20a8d1ad-3239-4274-9920-d33225c65e52,c3,c5,1451,e1,?,
1768610296.4107506,SENT,f8c965a9-0450-4eaa-8ef8-720126428e64,b2a2427b-e275-4e35-844d-10d44623b8e8,c1,c3,1015,?,x9,
1768610296.4107924,FORWARDED,f8c965a9-0450-4eaa-8ef8-720126428e64,b2a2427b-e275-4e35-844d-10d44623b8e8,c1,c3,1015,?,x9,
1768610296.8379595,SENT,0ba71247-4c79-4fe4-9387-a3f4c1e2fddc,20a8d1ad-3239-4274-9920-d33225c65e52,c3,c5,1016,?,x8,
1768610296.8379972,FORWARDED,0ba71247-4c79-4fe4-9387-a3f4c1e2fddc,20a8d1ad-3239-4274-9920-d33225c65e52,c3,c5,1016,?,x8,
1768610297.493427,RECEIVED,6529f3e9-c644-490a-b1ab-df4d38047a47,be0efc5d-0e11-4f0f-aae0-d92ff250ff9f,c1,c3,1451,e11,?,
1768610297.6757364,RECEIVED,06050d59-dd76-4784-aa94-d11b2393a39b,47a73aef-12a3-4200-bed3-176df00aad4a,c3,c4,1468,e7,?,
1768610298.0117319,RECEIVED,3c5782cf-70e3-45f8-ada5-b6d3e35d8bf3,0aa2e5e9-acbf-4758-9202-3e9300ae2dc3,c1,c3,1451,e4,?,
1768610298.1164167,SENT,06050d59-dd76-4784-aa94-d11b2393a39b,47a73aef-12a3-4200-bed3-176df00aad4a,c3,c4,1028,?,x10,
1768610298.1164703,FORWARDED,06050d59-dd76-4784-aa94-d11b2393a39b,47a73aef-12a3-4200-bed3-176df00aad4a,c3,c4,1028,?,x10,
1768610298.5198078,SENT,3c5782cf-70e3-45f8-ada5-b6d3e35d8bf3,0aa2e5e9-acbf-4758-9202-3e9300ae2dc3,c1,c3,1016,?,x4,
1768610298.5198495,FORWARDED,3c5782cf-70e3-45f8-ada5-b6d3e35d8bf3,0aa2e5e9-acbf-4758-9202-3e9300ae2dc3,c1,c3,1016,?,x4,
1768610298.846244,SENT,6529f3e9-c644-490a-b1ab-df4d38047a47,be0efc5d-0e11-4f0f-aae0-d92ff250ff9f,c1,c3,1016,?,x3,
1768610298.846325,FORWARDED,6529f3e9-c644-490a-b1ab-df4d38047a47,be0efc5d-0e11-4f0f-aae0-d92ff250ff9f,c1,c3,1016,?,x3,
1768610300.7497628,RECEIVED,c76fff42-ba62-4b1b-b814-a2ca370d7b22,97318dbe-391c-4aa6-95c2-9fac4d7f3fa0,c5,c2,1454,e12,?,
1768610301.6494987,RECEIVED,61f47b41-9b48-457c-b953-cacf754755b9,fe078669-1475-4ff7-9776-378f8588fb69,c3,c2,1451,e9,?,
1768610301.6746387,RECEIVED,5ef72ceb-b8d6-4efa-ae8f-e07c89b89bed,e2483679-0bd8-4424-bdff-5b159ec7b6e2,c3,c4,1465,e3,?,
1768610301.7608023,SENT,5ef72ceb-b8d6-4efa-ae8f-e07c89b89bed,e2483679-0bd8-4424-bdff-5b159ec7b6e2,c3,c4,1024,?,x11,
1768610301.7608445,FORWARDED,5ef72ceb-b8d6-4efa-ae8f-e07c89b89bed,e2483679-0bd8-4424-bdff-5b159ec7b6e2,c3,c4,1024,?,x11,
1768610301.8485315,RECEIVED,e2ae3d56-6a0e-40a7-99fc-3c02cf40a559,155bd88e-feb1-4a23-a5c7-1e93aaf12a02,c4,c5,1446,e11,?,
1768610301.9175627,RECEIVED,a0aae518-2338-4032-8515-8c64416b84c8,e62b51b1-7d65-4a62-9f53-7a792d8edc2f,c4,c3,1464,e4,?,
1768610301.9385314,SENT,c76fff42-ba62-4b1b-b814-a2ca370d7b22,97318dbe-391c-4aa6-95c2-9fac4d7f3fa0,c5,c2,1018,?,x5,
1768610301.9385726,FORWARDED,c76fff42-ba62-4b1b-b814-a2ca370d7b22,97318dbe-391c-4aa6-95c2-9fac4d7f3fa0,c5,c2,1018,?,x5,
1768610302.0776432,SENT,a0aae518-2338-4032-8515-8c64416b84c8,e62b51b1-7d65-4a62-9f53-7a792d8edc2f,c4,c3,1024,?,x11,
1768610302.0776854,FORWARDED,a0aae518-2338-4032-8515-8c64416b84c8,e62b51b1-7d65-4a62-9f53-7a792d8edc2f,c4,c3,1024,?,x11,
1768610302.1196902,RECEIVED,2fb24c7e-e056-45a3-8a13-57484a9ae8ab,338afb60-c981-447e-840e-ee327541b44f,c4,DROP,1011,e3,?,
1768610302.1908414,SENT,61f47b41-9b48-457c-b953-cacf754755b9,fe078669-1475-4ff7-9776-378f8588fb69,c3,c2,1015,?,x6,
1768610302.1908848,FORWARDED,61f47b41-9b48-457c-b953-cacf754755b9,fe078669-1475-4ff7-9776-378f8588fb69,c3,c2,1015,?,x6,
1768610302.2113423,RECEIVED,e0ba6dc6-3eec-4bf1-a3d6-c3418a18f751,0e903157-7c08-4ad5-bc02-8976b1d36dfc,c3,DROP,1008,e6,?,
1768610302.5218956,SENT,e0ba6dc6-3eec-4bf1-a3d6-c3418a18f751,0e903157-7c08-4ad5-bc02-8976b1d36dfc,c3,DROP,684,?,x10,
1768610302.521943,FORWARDED,e0ba6dc6-3eec-4bf1-a3d6-c3418a18f751,0e903157-7c08-4ad5-bc02-8976b1d36dfc,c3,DROP,684,?,x10,
1768610302.5486333,RECEIVED,9ac3fa94-e67d-4211-86fe-eca7e9a3262a,feb10da9-62f8-42b6-b0e4-c898737cdf38,c4,c1,1452,e4,?,
1768610302.8912392,SENT,e2ae3d56-6a0e-40a7-99fc-3c02cf40a559,155bd88e-feb1-4a23-a5c7-1e93aaf12a02,c4,c5,1014,?,x1,
1768610302.891282,FORWARDED,e2ae3d56-6a0e-40a7-99fc-3c02cf40a559,155bd88e-feb1-4a23-a5c7-1e93aaf12a02,c4,c5,1014,?,x1,
1768610303.0225954,RECEIVED,c8d3d91e-7581-40e5-a187-bdba682c949a,04ec5e71-b6c5-4262-940c-150c5d930afc,c4,c1,1456,e5,?,
1768610303.0705574,SENT,2fb24c7e-e056-45a3-8a13-57484a9ae8ab,338afb60-c981-447e-840e-ee327541b44f,c4,DROP,687,?,x1,
1768610303.0706053,FORWARDED,2fb24c7e-e056-45a3-8a13-57484a9ae8ab,338afb60-c981-447e-840e-ee327541b44f,c4,DROP,687,?,x1,
1768610303.2117612,SENT,9ac3fa94-e67d-4211-86fe-eca7e9a3262a,feb10da9-62f8-42b6-b0e4-c898737cdf38,c4,c1,1015,?,x10,
1768610303.2118042,FORWARDED,9ac3fa94-e67d-4211-86fe-eca7e9a3262a,feb10da9-62f8-42b6-b0e4-c898737cdf38,c4,c1,1015,?,x10,
1768610303.623118,SENT,c8d3d91e-7581-40e5-a187-bdba682c949a,04ec5e71-b6c5-4262-940c-150c5d930afc,c4,c1,1020,?,x11,
1768610303.6231706,FORWARDED,c8d3d91e-7581-40e5-a187-bdba682c949a,04ec5e71-b6c5-4262-940c-150c5d930afc,c4,c1,1020,?,x11,
1768610303.7037008,RECEIVED,f5c93310-50cb-4d1f-bba5-01ff88424b53,5a589d9d-74f6-4a07-a534-34cb5261e4de,c4,c3,1460,e11,?,
1768610303.8627303,RECEIVED,47abd53c-de87-4b22-9444-a371b66d9d0b,788d919c-9f41-4025-86e0-585641d602f2,c1,c3,1451,e4,?,
1768610303.9453437,SENT,f5c93310-50cb-4d1f-bba5-01ff88424b53,5a589d9d-74f6-4a07-a534-34cb5261e4de,c4,c3,1023,?,x9,
1768610303.9453878,FORWARDED,f5c93310-50cb-4d1f-bba5-01ff88424b53,5a589d9d-74f6-4a07-a534-34cb5261e4de,c4,c3,1023,?,x9,
1768610304.0991473,RECEIVED,c118ba2a-0d7f-4f22-a2dc-be9583e69972,5710b72b-5e50-4298-89b0-a85f5e247e78,c3,c1,1452,e9,?,
1768610304.2421339,SENT,c118ba2a-0d7f-4f22-a2dc-be9583e69972,5710b72b-5e50-4298-89b0-a85f5e247e78,c3,c1,1016,?,x8,
1768610304.2421749,FORWARDED,c118ba2a-0d7f-4f22-a2dc-be9583e69972,5710b72b-5e50-4298-89b0-a85f5e247e78,c3,c1,1016,?,x8,
1768610304.8103888,SENT,47abd53c-de87-4b22-9444-a371b66d9d0b,788d919c-9f41-4025-86e0-585641d602f2,c1,c3,1016,?,x1,
1768610304.8104324,FORWARDED,47abd53c-de87-4b22-9444-a371b66d9d0b,788d919c-9f41-4025-86e0-585641d602f2,c1,c3,1016,?,x1,
1768610305.3897836,RECEIVED,dbc0e131-8f9b-4d1b-9af1-0341410341ce,e27b466a-4c2f-4a49-a5c3-41550e5e0f7b,c3,DROP,1010,e1,?,
1768610305.44331,RECEIVED,1ef0a5af-4b35-472c-9be3-6e5f78b8a3f2,cd137238-ceb0-4f83-b440-c1c32f4f4706,c2,c5,1444,e6,?,
1768610305.5134866,SENT,1ef0a5af-4b35-472c-9be3-6e5f78b8a3f2,cd137238-ceb0-4f83-b440-c1c32f4f4706,c2,c5,1010,?,x6,
1768610305.5135446,FORWARDED,1ef0a5af-4b35-472c-9be3-6e5f78b8a3f2,cd137238-ceb0-4f83-b440-c1c32f4f4706,c2,c5,1010,?,x6,
1768610305.7701597,RECEIVED,15c3425d-b521-458d-9d3c-423148c49e12,26c8f220-b8d6-445f-ab24-af0600276cad,c2,c5,1461,e1,?,
1768610305.8710828,SENT,15c3425d-b521-458d-9d3c-423148c49e12,26c8f220-b8d6-445f-ab24-af0600276cad,c2,c5,1022,?,x11,
1768610305.8711255,FORWARDED,15c3425d-b521-458d-9d3c-423148c49e12,26c8f220-b8d6-445f-ab24-af0600276cad,c2,c5,1022,?,x11,
1768610306.33643,RECEIVED,267a4a89-67f0-456d-8e63-334648c508ff,a55da268-aec7-462e-a7f5-e07917b82e60,c1,DROP,441,x5,?,
1768610306.3734994,RECEIVED,9f9ded20-d098-4e0c-ae3b-283dc2bacc18,aa23951d-1b71-4289-b021-eff662aba352,c5,c4,1460,e10,?,
1768610306.5083282,RECEIVED,1b684469-5161-470f-af17-2cfa9be82468,5a708a0d-ed53-4f5b-9de4-3a9a1ad9c45c,c2,c4,1451,e5,?,
1768610306.6189442,RECEIVED,64de9738-9ed0-4fcf-a3ed-594c64590354,2b399a74-b1b5-4368-9fa5-c2ff493eba34,c2,c1,1463,e11,?,
1768610306.6312482,SENT,9f9ded20-d098-4e0c-ae3b-283dc2bacc18,aa23951d-1b71-4289-b021-eff662aba352,c5,c4,1023,?,x7,
1768610306.6312888,FORWARDED,9f9ded20-d098-4e0c-ae3b-283dc2bacc18,aa23951d-1b71-4289-b021-eff662aba352,c5,c4,1023,?,x7,
1768610306.671025,RECEIVED,d7da033f-79d4-49ce-821c-a80da52c7b67,f5a1787c-8be5-48f8-b858-d0bddda6826e,c2,c3,1448,e7,?,
1768610306.7164168,SENT,64de9738-9ed0-4fcf-a3ed-594c64590354,2b399a74-b1b5-4368-9fa5-c2ff493eba34,c2,c1,1024,?,x3,
1768610306.716459,FORWARDED,64de9738-9ed0-4fcf-a3ed-594c64590354,2b399a74-b1b5-4368-9fa5-c2ff493eba34,c2,c1,1024,?,x3,
1768610306.721373,SENT,d7da033f-79d4-49ce-821c-a80da52c7b67,f5a1787c-8be5-48f8-b858-d0bddda6826e,c2,c3,1014,?,x3,
1768610306.7214172,FORWARDED,d7da033f-79d4-49ce-821c-a80da52c7b67,f5a1787c-8be5-48f8-b858-d0bddda6826e,c2,c3,1014,?,x3,
1768610306.892432,SENT,1b684469-5161-470f-af17-2cfa9be82468,5a708a0d-ed53-4f5b-9de4-3a9a1ad9c45c,c2,c4,1016,?,x1,
1768610306.8924735,FORWARDED,1b684469-5161-470f-af17-2cfa9be82468,5a708a0d-ed53-4f5b-9de4-3a9a1ad9c45c,c2,c4,1016,?,x1,
1768610306.991183,RECEIVED,7decee00-f1b7-4b5c-9c08-191abcc33a07,2bf7e705-b920-4439-a159-64482594fc83,c3,c4,1456,e2,?,
1768610307.0518632,RECEIVED,9df109e0-724d-4aa2-9dc9-6977924fd590,e57e941d-77fe-421e-ae7a-db35d386f14c,c1,DROP,441,x12,?,
1768610307.7247663,RECEIVED,ccb5741e-fef2-4eb0-be33-15c6945afb9f,ca94e28a-9528-4e1b-acbf-b51f27a9de74,c3,c5,1456,e11,?,
1768610307.7388713,SENT,7decee00-f1b7-4b5c-9c08-191abcc33a07,2bf7e705-b920-4439-a159-64482594fc83,c3,c4,1020,?,x10,
1768610307.738913,FORWARDED,7decee00-f1b7-4b5c-9c08-191abcc33a07,2bf7e705-b920-4439-a159-64482594fc83,c3,c4,1020,?,x10,
1768610307.818368,SENT,ccb5741e-fef2-4eb0-be33-15c6945afb9f,ca94e28a-9528-4e1b-acbf-b51f27a9de74,c3,c5,1019,?,x2,
1768610307.8184097,FORWARDED,ccb5741e-fef2-4eb0-be33-15c6945afb9f,ca94e28a-9528-4e1b-acbf-b51f27a9de74,c3,c5,1019,?,x2,
1768610307.8421185,SENT,dbc0e131-8f9b-4d1b-9af1-0341410341ce,e27b466a-4c2f-4a49-a5c3-41550e5e0f7b,c3,DROP,687,?,x1,
1768610307.8421624,FORWARDED,dbc0e131-8f9b-4d1b-9af1-0341410341ce,e27b466a-4c2f-4a49-a5c3-41550e5e0f7b,c3,DROP,687,?,x1,
1768610307.9500282,RECEIVED,d44ec209-20ac-4d32-9d9c-2e70f2bae89d,cef83a7e-7729-4db3-8e55-bf6a05bd6db1,c1,c4,1447,e1,?,
1768610308.0636399,RECEIVED,3eaf7a2d-5b76-4f9c-b090-59ff50d140f8,acdd1715-8ece-40ef-8d47-acbae64535b1,c3,c2,1459,e10,?,
1768610308.370541,RECEIVED,a2838770-3f07-4bc4-8890-1324523c4c26,819552dd-1de0-4407-ad45-85722ac69364,c1,c4,1453,e7,?,
1768610308.5135028,SENT,a2838770-3f07-4bc4-8890-1324523c4c26,819552dd-1de0-4407-ad45-85722ac69364,c1,c4,1015,?,x12,
1768610308.5137742,FORWARDED,a2838770-3f07-4bc4-8890-1324523c4c26,819552dd-1de0-4407-ad45-85722ac69364,c1,c4,1015,?,x12,
1768610308.5755248,SENT,d44ec209-20ac-4d32-9d9c-2e70f2bae89d,cef83a7e-7729-4db3-8e55-bf6a05bd6db1,c1,c4,1012,?,x1,
1768610308.5755696,FORWARDED,d44ec209-20ac-4d32-9d9c-2e70f2bae89d,cef83a7e-7729-4db3-8e55-bf6a05bd6db1,c1,c4,1012,?,x1,
1768610308.729522,SENT,3eaf7a2d-5b76-4f9c-b090-59ff50d140f8,acdd1715-8ece-40ef-8d47-acbae64535b1,c3,c2,1023,?,x2,
1768610308.729565,FORWARDED,3eaf7a2d-5b76-4f9c-b090-59ff50d140f8,acdd1715-8ece-40ef-8d47-acbae64535b1,c3,c2,1023,?,x2,
1768610308.93262,RECEIVED,a32ce9ea-7869-4ac4-baad-56145d1217b6,3554437e-d8da-4376-a665-0771508013a1,c2,c3,1443,e8,?,
1768610308.9488735,RECEIVED,5913f509-c17a-4fd7-bddc-a77b6e0e7233,cce0f9e9-e727-4b25-8770-b481f7bc2317,c4,c2,1443,e3,?,
1768610309.5597372,SENT,a32ce9ea-7869-4ac4-baad-56145d1217b6,3554437e-d8da-4376-a665-0771508013a1,c2,c3,1011,?,x3,
1768610309.5597813,FORWARDED,a32ce9ea-7869-4ac4-baad-56145d1217b6,3554437e-d8da-4376-a665-0771508013a1,c2,c3,1011,?,x3,
1768610309.6301968,RECEIVED,c5af7391-a4ee-4b96-90b7-d1dcf20813e5,455b7722-5a7d-425d-8d60-537907630038,c1,c3,1452,e4,?,
1768610309.6474907,SENT,5913f509-c17a-4fd7-bddc-a77b6e0e7233,cce0f9e9-e727-4b25-8770-b481f7bc2317,c4,c2,1011,?,x1,
1768610309.6475303,FORWARDED,5913f509-c17a-4fd7-bddc-a77b6e0e7233,cce0f9e9-e727-4b25-8770-b481f7bc2317,c4,c2,1011,?,x1,
1768610309.8074064,RECEIVED,198c2366-503c-41a1-bc17-439ddd77b697,9342befc-32fa-4f36-9aa7-25a239af8078,c5,c2,1451,e6,?,
1768610310.310735,SENT,c5af7391-a4ee-4b96-90b7-d1dcf20813e5,455b7722-5a7d-425d-8d60-537907630038,c1,c3,1015,?,x12,
1768610310.3107777,FORWARDED,c5af7391-a4ee-4b96-90b7-d1dcf20813e5,455b7722-5a7d-425d-8d60-537907630038,c1,c3,1015,?,x12,
1768610311.354269,RECEIVED,aa05f8cd-c0ac-41cf-af73-2237f8e2669f,467860ce-4aee-4675-913c-e1427adc1182,c2,c5,1451,e1,?,
1768610311.4467113,RECEIVED,7e5b64be-8481-4169-a37c-5531f99b0769,af799f73-470b-4e8d-be08-5295b1044b96,c1,DROP,1008,e6,?,
1768610311.8803027,SENT,7e5b64be-8481-4169-a37c-5531f99b0769,af799f73-470b-4e8d-be08-5295b1044b96,c1,DROP,683,?,x10,
1768610311.8803425,FORWARDED,7e5b64be-8481-4169-a37c-5531f99b0769,af799f73-470b-4e8d-be08-5295b1044b96,c1,DROP,683,?,x10,
1768610311.9819102,RECEIVED,cdca9d22-c8b3-485d-8f55-498946b8e794,7437918e-722c-4cfe-9384-da41e8056e31,c2,c3,1451,e1,?,
1768610312.1881866,SENT,198c2366-503c-41a1-bc17-439ddd77b697,9342befc-32fa-4f36-9aa7-25a239af8078,c5,c2,1015,?,x9,
1768610312.1882284,FORWARDED,198c2366-503c-41a1-bc17-439ddd77b697,9342befc-32fa-4f36-9aa7-25a239af8078,c5,c2,1015,?,x9,
1768610312.3774364,SENT,cdca9d22-c8b3-485d-8f55-498946b8e794,7437918e-722c-4cfe-9384-da41e8056e31,c2,c3,1016,?,x6,
1768610312.377478,FORWARDED,cdca9d22-c8b3-485d-8f55-498946b8e794,7437918e-722c-4cfe-9384-da41e8056e31,c2,c3,1016,?,x6,
1768610312.49919,SENT,aa05f8cd-c0ac-41cf-af73-2237f8e2669f,467860ce-4aee-4675-913c-e1427adc1182,c2,c5,1016,?,x9,
1768610312.4992294,FORWARDED,aa05f8cd-c0ac-41cf-af73-2237f8e2669f,467860ce-4aee-4675-913c-e1427adc1182,c2,c5,1016,?,x9,
1768610312.5642579,RECEIVED,edae4778-5ced-4e67-a5f2-b3f947b9e10b,2429062d-d4a8-497e-a619-e0fb83184c50,c4,c5,1452,e3,?,
1768610312.6170452,SENT,edae4778-5ced-4e67-a5f2-b3f947b9e10b,2429062d-d4a8-497e-a619-e0fb83184c50,c4,c5,1015,?,x6,
1768610312.6172373,FORWARDED,edae4778-5ced-4e67-a5f2-b3f947b9e10b,2429062d-d4a8-497e-a619-e0fb83184c50,c4,c5,1015,?,x6,
1768610313.0559745,RECEIVED,699498f6-dcc2-45bb-af29-52cff969ee78,0e7042b4-123d-4665-94cb-6abb16e34d50,c4,c5,1460,e5,?,
1768610313.3832057,SENT,699498f6-dcc2-45bb-af29-52cff969ee78,0e7042b4-123d-4665-94cb-6abb16e34d50,c4,c5,1022,?,x11,
1768610313.3832448,FORWARDED,699498f6-dcc2-45bb-af29-52cff969ee78,0e7042b4-123d-4665-94cb-6abb16e34d50,c4,c5,1022,?,x11,
1768610314.6552958,RECEIVED,7942786e-2702-46d2-b1ff-1c2388a46339,a926e0d5-5439-4b3f-b536-efe83f8ef1ce,c5,c4,1448,e11,?,
1768610314.7883036,RECEIVED,cd53c72a-4773-41d4-9924-d07e0d1f4053,b1462621-a222-4f1f-8f91-d89d2d777d1d,c3,c2,1451,e8,?,
1768610314.9279485,SENT,7942786e-2702-46d2-b1ff-1c2388a46339,a926e0d5-5439-4b3f-b536-efe83f8ef1ce,c5,c4,1014,?,x1,
1768610314.9279919,FORWARDED,7942786e-2702-46d2-b1ff-1c2388a46339,a926e0d5-5439-4b3f-b536-efe83f8ef1ce,c5,c4,1014,?,x1,
1768610315.5288694,RECEIVED,26985d3c-c06f-4b9b-8953-313d696aba09,16b3d9a3-f1cd-456c-829d-1a3a43cf1c4b,c1,c2,1456,e12,?,
1768610315.7033432,RECEIVED,973958f6-cb1f-49f4-bab2-70f94af45d1f,19e804ca-6abe-427e-a734-9dbaedf843b2,c3,c4,1460,e10,?,
1768610315.729972,SENT,cd53c72a-4773-41d4-9924-d07e0d1f4053,b1462621-a222-4f1f-8f91-d89d2d777d1d,c3,c2,1016,?,x4,
1768610315.7300136,FORWARDED,cd53c72a-4773-41d4-9924-d07e0d1f4053,b1462621-a222-4f1f-8f91-d89d2d777d1d,c3,c2,1016,?,x4,
1768610315.732563,SENT,26985d3c-c06f-4b9b-8953-313d696aba09,16b3d9a3-f1cd-456c-829d-1a3a43cf1c4b,c1,c2,1019,?,x1,
1768610315.7326024,FORWARDED,26985d3c-c06f-4b9b-8953-313d696aba09,16b3d9a3-f1cd-456c-829d-1a3a43cf1c4b,c1,c2,1019,?,x1,
1768610315.806928,SENT,973958f6-cb1f-49f4-bab2-70f94af45d1f,19e804ca-6abe-427e-a734-9dbaedf843b2,c3,c4,1023,?,x3,
1768610315.806971,FORWARDED,973958f6-cb1f-49f4-bab2-70f94af45d1f,19e804ca-6abe-427e-a734-9dbaedf843b2,c3,c4,1023,?,x3,
1768610316.0944867,RECEIVED,f010c945-5ed6-4cd9-ac48-59b6df126638,41bb985a-7399-43e6-bcdb-cf3b132aa3d6,c1,c2,1447,e3,?,
1768610316.1679916,RECEIVED,2dc6ca86-c78e-4418-8b6d-3a518faffc0f,a8c685ad-8316-44b2-8f33-b308da1e5adf,c5,c4,1455,e12,?,
1768610316.387769,SENT,f010c945-5ed6-4cd9-ac48-59b6df126638,41bb985a-7399-43e6-bcdb-cf3b132aa3d6,c1,c2,1014,?,x8,
1768610316.387824,FORWARDED,f010c945-5ed6-4cd9-ac48-59b6df126638,41bb985a-7399-43e6-bcdb-cf3b132aa3d6,c1,c2,1014,?,x8,
1768610316.6430852,RECEIVED,15c2d211-b8d6-4f4d-bbf1-2909c81e9d38,afc7dd55-67ad-4d1f-a475-010408aaa03d,c1,c4,1444,e9,?,
1768610316.6432078,RECEIVED,0683a4b2-850f-4ddc-ab45-0a758850585f,05c08bce-1379-4217-bfd1-a943b638ed58,c4,c3,1447,e2,?,
1768610316.6528137,RECEIVED,cd983beb-b59a-4c3a-911d-1acae7311504,e2c46084-e31c-40e5-9c8a-fd68e526f4be,c4,c5,1443,e2,?,
1768610316.911543,RECEIVED,f98fb0a2-a2e8-40a9-9d7d-1dd4b1f294ff,906436b1-01db-4d88-9d26-c9cfca63bbf6,c3,c2,1444,e2,?,
1768610316.9266493,SENT,2dc6ca86-c78e-4418-8b6d-3a518faffc0f,a8c685ad-8316-44b2-8f33-b308da1e5adf,c5,c4,1020,?,x2,
1768610316.926693,FORWARDED,2dc6ca86-c78e-4418-8b6d-3a518faffc0f,a8c685ad-8316-44b2-8f33-b308da1e5adf,c5,c4,1020,?,x2,
1768610316.9695399,SENT,15c2d211-b8d6-4f4d-bbf1-2909c81e9d38,afc7dd55-67ad-4d1f-a475-010408aaa03d,c1,c4,1011,?,x7,
1768610316.9695814,FORWARDED,15c2d211-b8d6-4f4d-bbf1-2909c81e9d38,afc7dd55-67ad-4d1f-a475-010408aaa03d,c1,c4,1011,?,x7,
1768610317.2848816,SENT,0683a4b2-850f-4ddc-ab45-0a758850585f,05c08bce-1379-4217-bfd1-a943b638ed58,c4,c3,1012,?,x1,
1768610317.284926,FORWARDED,0683a4b2-850f-4ddc-ab45-0a758850585f,05c08bce-1379-4217-bfd1-a943b638ed58,c4,c3,1012,?,x1,
1768610317.3312385,RECEIVED,85636e09-f2d0-46d0-9a4d-4cdfb6eba8eb,b7888928-bb82-4c7b-91b9-02468f76c127,c1,c5,1456,e1,?,
1768610317.350492,SENT,f98fb0a2-a2e8-40a9-9d7d-1dd4b1f294ff,906436b1-01db-4d88-9d26-c9cfca63bbf6,c3,c2,1011,?,x7,
1768610317.3505342,FORWARDED,f98fb0a2-a2e8-40a9-9d7d-1dd4b1f294ff,906436b1-01db-4d88-9d26-c9cfca63bbf6,c3,c2,1011,?,x7,
1768610317.4178557,SENT,85636e09-f2d0-46d0-9a4d-4cdfb6eba8eb,b7888928-bb82-4c7b-91b9-02468f76c127,c1,c5,1019,?,x7,
1768610317.417898,FORWARDED,85636e09-f2d0-46d0-9a4d-4cdfb6eba8eb,b7888928-bb82-4c7b-91b9-02468f76c127,c1,c5,1019,?,x7,
1768610317.4570186,RECEIVED,44a24ec8-8be3-4d42-bd31-8cadf3b83883,29ca8e71-40d6-4210-940c-36501716908f,c2,c1,1452,e9,?,
1768610317.9979649,RECEIVED,1759a0e1-717e-4dab-b8dd-3c9df25398b6,9ba77191-cc69-4ed3-a3bd-a9b09a9893a9,c4,c5,1451,e10,?,
1768610318.0675972,SENT,cd983beb-b59a-4c3a-911d-1acae7311504,e2c46084-e31c-40e5-9c8a-fd68e526f4be,c4,c5,1011,?,x4,
1768610318.0676448,FORWARDED,cd983beb-b59a-4c3a-911d-1acae7311504,e2c46084-e31c-40e5-9c8a-fd68e526f4be,c4,c5,1011,?,x4,
1768610318.2425005,SENT,44a24ec8-8be3-4d42-bd31-8cadf3b83883,29ca8e71-40d6-4210-940c-36501716908f,c2,c1,1015,?,x11,
1768610318.242544,FORWARDED,44a24ec8-8be3-4d42-bd31-8cadf3b83883,29ca8e71-40d6-4210-940c-36501716908f,c2,c1,1015,?,x11,
1768610318.344278,RECEIVED,048a6de3-50fb-49cb-9576-093dabb53249,1c667a8d-8a6c-4a81-bef3-76a81253fc6b,c1,c4,1451,e1,?,
1768610318.359728,RECEIVED,2f928804-afdd-40cb-935e-9b7b36d93903,dc21d1d6-2515-43be-aa24-4bfdf8d1962f,c2,DROP,1008,e4,?,
1768610318.6635325,SENT,048a6de3-50fb-49cb-9576-093dabb53249,1c667a8d-8a6c-4a81-bef3-76a81253fc6b,c1,c4,1016,?,x6,
1768610318.6635735,FORWARDED,048a6de3-50fb-49cb-9576-093dabb53249,1c667a8d-8a6c-4a81-bef3-76a81253fc6b,c1,c4,1016,?,x6,
1768610319.2541132,SENT,1759a0e1-717e-4dab-b8dd-3c9df25398b6,9ba77191-cc69-4ed3-a3bd-a9b09a9893a9,c4,c5,1016,?,x6,
1768610319.2541628,FORWARDED,1759a0e1-717e-4dab-b8dd-3c9df25398b6,9ba77191-cc69-4ed3-a3bd-a9b09a9893a9,c4,c5,1016,?,x6,
1768610319.3279498,SENT,2f928804-afdd-40cb-935e-9b7b36d93903,dc21d1d6-2515-43be-aa24-4bfdf8d1962f,c2,DROP,684,?,x10,
1768610319.3279965,FORWARDED,2f928804-afdd-40cb-935e-9b7b36d93903,dc21d1d6-2515-43be-aa24-4bfdf8d1962f,c2,DROP,684,?,x10,
1768610319.4705102,RECEIVED,6b517782-5d9f-4413-a263-e606728200a3,4e598eed-e74e-4081-89ca-0ccc8ee35785,c3,c2,1443,e7,?,
1768610319.8452694,RECEIVED,fbfd6bdc-91c1-4799-93d6-0717489c18fa,573380f4-f1a8-4355-b11c-b5932ca3e890,c3,c1,1452,e9,?,
1768610319.9135406,SENT,6b517782-5d9f-4413-a263-e606728200a3,4e598eed-e74e-4081-89ca-0ccc8ee35785,c3,c2,1011,?,x1,
1768610319.9135869,FORWARDED,6b517782-5d9f-4413-a263-e606728200a3,4e598eed-e74e-4081-89ca-0ccc8ee35785,c3,c2,1011,?,x1,
1768610320.1061761,SENT,fbfd6bdc-91c1-4799-93d6-0717489c18fa,573380f4-f1a8-4355-b11c-b5932ca3e890,c3,c1,1016,?,x7,
1768610320.1062222,FORWARDED,fbfd6bdc-91c1-4799-93d6-0717489c18fa,573380f4-f1a8-4355-b11c-b5932ca3e890,c3,c1,1016,?,x7,
1768610320.6359546,RECEIVED,4fc6fde3-cf2b-4b56-88c1-6dbef602085b,4eafab30-e91c-4381-8325-da092e0d013f,c4,DROP,1006,e12,?,
1768610320.8294828,RECEIVED,351fdda3-85f9-4278-894d-b060a49b31ab,e388575e-edc3-4d7a-b19a-37470ed80825,c4,c2,1443,e5,?,
1768610321.7189164,SENT,4fc6fde3-cf2b-4b56-88c1-6dbef602085b,4eafab30-e91c-4381-8325-da092e0d013f,c4,DROP,684,?,x4,
1768610321.7189558,FORWARDED,4fc6fde3-cf2b-4b56-88c1-6dbef602085b,4eafab30-e91c-4381-8325-da092e0d013f,c4,DROP,684,?,x4,
1768610321.8088825,SENT,351fdda3-85f9-4278-894d-b060a49b31ab,e388575e-edc3-4d7a-b19a-37470ed80825,c4,c2,1011,?,x6,
1768610321.8089247,FORWARDED,351fdda3-85f9-4278-894d-b060a49b31ab,e388575e-edc3-4d7a-b19a-37470ed80825,c4,c2,1011,?,x6,
1768610322.2901108,RECEIVED,72e9115a-8186-4f10-97dd-0dd225998487,b7c0abcb-00a6-457d-9f60-6978c9d19fa4,c4,c3,1464,e4,?,
1768610322.5160172,RECEIVED,c43c12c3-c2e2-409f-9980-ffc6e52f9feb,b5adb941-628f-4c74-b933-0d59ad7c861d,c5,DROP,442,x10,?,
1768610322.7405005,RECEIVED,285e3b37-74ec-4688-8277-8dd11dc11fc4,c8ab4270-499f-466e-94c0-22d7e681c46b,c4,c1,1451,e2,?,
1768610322.7963812,SENT,72e9115a-8186-4f10-97dd-0dd225998487,b7c0abcb-00a6-457d-9f60-6978c9d19fa4,c4,c3,1024,?,x11,
1768610322.796496,FORWARDED,72e9115a-8186-4f10-97dd-0dd225998487,b7c0abcb-00a6-457d-9f60-6978c9d19fa4,c4,c3,1024,?,x11,
1768610323.2478912,SENT,285e3b37-74ec-4688-8277-8dd11dc11fc4,c8ab4270-499f-466e-94c0-22d7e681c46b,c4,c1,1015,?,x3,
1768610323.2479339,FORWARDED,285e3b37-74ec-4688-8277-8dd11dc11fc4,c8ab4270-499f-466e-94c0-22d7e681c46b,c4,c1,1015,?,x3,
1768610323.7916257,RECEIVED,27cb7d5b-8dc2-44a5-8a48-321892fcfaa0,c61361cb-a2f4-416a-a8d0-b3123daa2be3,c1,c2,1449,e12,?,
1768610323.8033402,SENT,27cb7d5b-8dc2-44a5-8a48-321892fcfaa0,c61361cb-a2f4-416a-a8d0-b3123daa2be3,c1,c2,1012,?,x8,
1768610323.8033838,FORWARDED,27cb7d5b-8dc2-44a5-8a48-321892fcfaa0,c61361cb-a2f4-416a-a8d0-b3123daa2be3,c1,c2,1012,?,x8,
1768610323.8052766,RECEIVED,278c34d8-8df8-463a-991f-aea8c43e2a1a,b13d6938-5875-4a84-b8cd-de450ac53987,c3,c1,1464,e10,?,
1768610323.920252,RECEIVED,5108b060-4da0-4a5f-84c5-9456219b51df,5d35441d-4d13-4d34-be2c-878e3f8e4f4b,c1,c3,1464,e11,?,
1768610323.9572337,SENT,278c34d8-8df8-463a-991f-aea8c43e2a1a,b13d6938-5875-4a84-b8cd-de450ac53987,c3,c1,1026,?,x5,
1768610323.9572759,FORWARDED,278c34d8-8df8-463a-991f-aea8c43e2a1a,b13d6938-5875-4a84-b8cd-de450ac53987,c3,c1,1026,?,x5,
1768610324.0076687,RECEIVED,6182d2a2-e509-4761-b94b-930573352111,c87012d4-ff79-4411-82d0-80080e85c2a7,c1,c3,1457,e3,?,
1768610324.0513787,SENT,5108b060-4da0-4a5f-84c5-9456219b51df,5d35441d-4d13-4d34-be2c-878e3f8e4f4b,c1,c3,1024,?,x4,
1768610324.0514205,FORWARDED,5108b060-4da0-4a5f-84c5-9456219b51df,5d35441d-4d13-4d34-be2c-878e3f8e4f4b,c1,c3,1024,?,x4,
1768610324.244828,SENT,6182d2a2-e509-4761-b94b-930573352111,c87012d4-ff79-4411-82d0-80080e85c2a7,c1,c3,1020,?,x12,
1768610324.2448676,FORWARDED,6182d2a2-e509-4761-b94b-930573352111,c87012d4-ff79-4411-82d0-80080e85c2a7,c1,c3,1020,?,x12,
1768610325.0204191,RECEIVED,3e360afb-8797-413a-a069-d69cf5940d95,5186c222-941e-4440-b653-3e3dc4066813,c1,DROP,1007,e2,?,
1768610325.6685884,SENT,3e360afb-8797-413a-a069-d69cf5940d95,5186c222-941e-4440-b653-3e3dc4066813,c1,DROP,684,?,x9,
1768610325.668632,FORWARDED,3e360afb-8797-413a-a069-d69cf5940d95,5186c222-941e-4440-b653-3e3dc4066813,c1,DROP,684,?,x9,
1768610326.041204,RECEIVED,859f92fc-031b-43ee-8089-7af74fc37960,b39470ad-cd7c-496a-9b6c-1149b1b20e16,c3,c4,1455,e3,?,
1768610326.7002146,RECEIVED,9701679d-196c-4d7c-a988-9d475c89d989,bbf1f8b8-104e-4500-9c75-94f110fecc0c,c5,c1,1448,e8,?,
1768610326.775727,RECEIVED,259c7f5c-1e2c-4afe-9a6f-b81f77417045,bb968dc3-83b9-46fc-8c9c-d9d083204a62,c4,DROP,441,x8,?,
1768610326.8033304,RECEIVED,4e1af65a-2aec-44d2-a4e6-08285478c0c3,a435520c-a66c-492c-a3fa-aa2d60dc4e9b,c1,c4,1450,e5,?,
1768610326.9534025,SENT,859f92fc-031b-43ee-8089-7af74fc37960,b39470ad-cd7c-496a-9b6c-1149b1b20e16,c3,c4,1020,?,x10,
1768610326.9534564,FORWARDED,859f92fc-031b-43ee-8089-7af74fc37960,b39470ad-cd7c-496a-9b6c-1149b1b20e16,c3,c4,1020,?,x10,
1768610327.0086687,SENT,9701679d-196c-4d7c-a988-9d475c89d989,bbf1f8b8-104e-4500-9c75-94f110fecc0c,c5,c1,1012,?,x8,
1768610327.0087087,FORWARDED,9701679d-196c-4d7c-a988-9d475c89d989,bbf1f8b8-104e-4500-9c75-94f110fecc0c,c5,c1,1012,?,x8,
1768610327.0964174,RECEIVED,993bf2f3-74e8-4a48-8a5a-a3616922b267,9e8010b7-cc2a-4f58-9952-4652b332722c,c1,c3,1456,e9,?,
1768610327.1478992,RECEIVED,e4a3d9f4-4693-4215-8890-49419df2a492,17f3b9f1-66e8-4032-81ad-a0268299ea2d,c3,DROP,1008,e5,?,
1768610327.309332,SENT,993bf2f3-74e8-4a48-8a5a-a3616922b267,9e8010b7-cc2a-4f58-9952-4652b332722c,c1,c3,1019,?,x12,
1768610327.3093724,FORWARDED,993bf2f3-74e8-4a48-8a5a-a3616922b267,9e8010b7-cc2a-4f58-9952-4652b332722c,c1,c3,1019,?,x12,
1768610327.3742037,SENT,e4a3d9f4-4693-4215-8890-49419df2a492,17f3b9f1-66e8-4032-81ad-a0268299ea2d,c3,DROP,683,?,x3,
1768610327.374247,FORWARDED,e4a3d9f4-4693-4215-8890-49419df2a492,17f3b9f1-66e8-4032-81ad-a0268299ea2d,c3,DROP,683,?,x3,
1768610327.433857,RECEIVED,f42efb45-7554-4e85-b517-29af11d3094f,a6038ae4-c72b-4bc9-94a6-e242e20e5353,c4,c2,1455,e9,?,
1768610327.6491735,RECEIVED,ae9f487b-2f70-45ac-9b34-09442a67a081,8fc267f7-e904-47f1-9256-5947eb339d29,c5,DROP,1012,e3,?,
1768610327.7543485,SENT,f42efb45-7554-4e85-b517-29af11d3094f,a6038ae4-c72b-4bc9-94a6-e242e20e5353,c4,c2,1019,?,x12,
1768610327.7543912,FORWARDED,f42efb45-7554-4e85-b517-29af11d3094f,a6038ae4-c72b-4bc9-94a6-e242e20e5353,c4,c2,1019,?,x12,
1768610327.8581908,SENT,4e1af65a-2aec-44d2-a4e6-08285478c0c3,a435520c-a66c-492c-a3fa-aa2d60dc4e9b,c1,c4,1016,?,x3,
1768610327.8582327,FORWARDED,4e1af65a-2aec-44d2-a4e6-08285478c0c3,a435520c-a66c-492c-a3fa-aa2d60dc4e9b,c1,c4,1016,?,x3,
1768610327.9566243,SENT,ae9f487b-2f70-45ac-9b34-09442a67a081,8fc267f7-e904-47f1-9256-5947eb339d29,c5,DROP,687,?,x6,
1768610327.9566672,FORWARDED,ae9f487b-2f70-45ac-9b34-09442a67a081,8fc267f7-e904-47f1-9256-5947eb339d29,c5,DROP,687,?,x6,
1768610327.9864285,RECEIVED,752f6c40-c228-46f0-bb95-05c6768b4b34,9d79e95e-09ca-4340-9076-043538e935ba,c2,c3,1457,e9,?,
1768610327.994462,RECEIVED,0bf8e401-97b9-4045-8aa6-a8423383aa59,6427ae17-9015-4edf-96d5-637b43b7bd27,c1,c4,1444,e8,?,
1768610328.037796,SENT,752f6c40-c228-46f0-bb95-05c6768b4b34,9d79e95e-09ca-4340-9076-043538e935ba,c2,c3,1019,?,x12,
1768610328.0378392,FORWARDED,752f6c40-c228-46f0-bb95-05c6768b4b34,9d79e95e-09ca-4340-9076-043538e935ba,c2,c3,1019,?,x12,
1768610328.2337105,SENT,0bf8e401-97b9-4045-8aa6-a8423383aa59,6427ae17-9015-4edf-96d5-637b43b7bd27,c1,c4,1010,?,x1,
1768610328.2337527,FORWARDED,0bf8e401-97b9-4045-8aa6-a8423383aa59,6427ae17-9015-4edf-96d5-637b43b7bd27,c1,c4,1010,?,x1,
1768610328.6066527,RECEIVED,e794f73d-6595-4c5d-bb61-01e1f499bc4b,d923b948-16c6-49d2-bdbc-73a53ed44ba7,c1,c2,1464,e9,?,
1768610328.7275991,SENT,e794f73d-6595-4c5d-bb61-01e1f499bc4b,d923b948-16c6-49d2-bdbc-73a53ed44ba7,c1,c2,1024,?,x12,
1768610328.7276444,FORWARDED,e794f73d-6595-4c5d-bb61-01e1f499bc4b,d923b948-16c6-49d2-bdbc-73a53ed44ba7,c1,c2,1024,?,x12,
1768610328.7952921,RECEIVED,ebc59039-329b-44a9-af7e-0b625582a5d7,2503b75e-d701-438b-9fba-8a73c25e12b7,c3,DROP,442,x1,?,
1768610329.2999115,RECEIVED,e6b78e55-904d-448a-aef9-a95d79dcb768,91f12534-156b-4d9c-8b4e-89418abedcff,c2,c3,1455,e4,?,
1768610329.7797074,RECEIVED,cbe1980b-1194-4df6-a784-9e174628778c,d733d004-ab03-480e-96f1-5c7085d64563,c3,DROP,1007,e5,?,
1768610329.910274,SENT,e6b78e55-904d-448a-aef9-a95d79dcb768,91f12534-156b-4d9c-8b4e-89418abedcff,c2,c3,1020,?,x3,
1768610329.910334,FORWARDED,e6b78e55-904d-448a-aef9-a95d79dcb768,91f12534-156b-4d9c-8b4e-89418abedcff,c2,c3,1020,?,x3,
1768610329.9264712,RECEIVED,b90ece92-ca2a-4bb1-9db8-e08a796a9a6d,7716038f-f0a0-4b2a-b314-8e4eed8ddf31,c4,DROP,1006,e7,?,
1768610330.0116322,SENT,b90ece92-ca2a-4bb1-9db8-e08a796a9a6d,7716038f-f0a0-4b2a-b314-8e4eed8ddf31,c4,DROP,679,?,x2,
1768610330.0116746,FORWARDED,b90ece92-ca2a-4bb1-9db8-e08a796a9a6d,7716038f-f0a0-4b2a-b314-8e4eed8ddf31,c4,DROP,679,?,x2,
1768610330.1599238,RECEIVED,52835392-6674-4a21-85ed-70f16b003208,6919975d-3631-4ae0-bd00-89f40626fa6c,c5,c2,1448,e8,?,
1768610330.2234943,RECEIVED,909f0683-1737-4289-a13a-ac45ae91b705,55142297-4efc-47ad-961d-6c89eb40e333,c5,c2,1450,e7,?,
1768610330.268208,RECEIVED,da5117db-274e-4aa1-858d-ba3c137042de,3501cc9a-424c-4f7a-9852-b46a1f53a8f1,c4,c5,1453,e5,?,
1768610330.316242,SENT,909f0683-1737-4289-a13a-ac45ae91b705,55142297-4efc-47ad-961d-6c89eb40e333,c5,c2,1012,?,x1,
1768610330.3162844,FORWARDED,909f0683-1737-4289-a13a-ac45ae91b705,55142297-4efc-47ad-961d-6c89eb40e333,c5,c2,1012,?,x1,
1768610330.4691432,RECEIVED,624a0c6e-22ca-4beb-a90f-609b5d22c7c5,8d1a3b3e-6b72-431a-8d3d-86992ac3b0e5,c1,c5,1447,e8,?,
1768610330.5827336,SENT,da5117db-274e-4aa1-858d-ba3c137042de,3501cc9a-424c-4f7a-9852-b46a1f53a8f1,c4,c5,1015,?,x12,
1768610330.5827696,FORWARDED,da5117db-274e-4aa1-858d-ba3c137042de,3501cc9a-424c-4f7a-9852-b46a1f53a8f1,c4,c5,1015,?,x12,
1768610330.8148985,SENT,624a0c6e-22ca-4beb-a90f-609b5d22c7c5,8d1a3b3e-6b72-431a-8d3d-86992ac3b0e5,c1,c5,1012,?,x6,
1768610330.8149412,FORWARDED,624a0c6e-22ca-4beb-a90f-609b5d22c7c5,8d1a3b3e-6b72-431a-8d3d-86992ac3b0e5,c1,c5,1012,?,x6,
1768610330.8802452,SENT,52835392-6674-4a21-85ed-70f16b003208,6919975d-3631-4ae0-bd00-89f40626fa6c,c5,c2,1012,?,x12,
1768610330.8802872,FORWARDED,52835392-6674-4a21-85ed-70f16b003208,6919975d-3631-4ae0-bd00-89f40626fa6c,c5,c2,1012,?,x12,
1768610332.2919078,RECEIVED,f0310d55-a875-43fd-856a-7e270d898ecb,4e302531-67a0-4d71-b3f4-19f0a87123cf,c3,c5,1455,e6,?,
1768610332.3435597,SENT,cbe1980b-1194-4df6-a784-9e174628778c,d733d004-ab03-480e-96f1-5c7085d64563,c3,DROP,682,?,x6,
1768610332.3436027,FORWARDED,cbe1980b-1194-4df6-a784-9e174628778c,d733d004-ab03-480e-96f1-5c7085d64563,c3,DROP,682,?,x6,
1768610333.054505,RECEIVED,c2029069-9648-4295-a658-24ade694841f,a93e9751-1d72-4cd3-8872-150054ff4a96,c1,c2,1444,e2,?,
1768610333.1762607,RECEIVED,714931f3-9d39-408a-abad-687f542e7e0f,f84eecdf-4f88-4c23-8dea-18a558510696,c2,c1,1452,e1,?,
1768610333.1801605,SENT,c2029069-9648-4295-a658-24ade694841f,a93e9751-1d72-4cd3-8872-150054ff4a96,c1,c2,1011,?,x4,
1768610333.180206,FORWARDED,c2029069-9648-4295-a658-24ade694841f,a93e9751-1d72-4cd3-8872-150054ff4a96,c1,c2,1011,?,x4,
1768610333.3732855,SENT,714931f3-9d39-408a-abad-687f542e7e0f,f84eecdf-4f88-4c23-8dea-18a558510696,c2,c1,1016,?,x5,
1768610333.3733296,FORWARDED,714931f3-9d39-408a-abad-687f542e7e0f,f84eecdf-4f88-4c23-8dea-18a558510696,c2,c1,1016,?,x5,
1768610333.5265374,SENT,f0310d55-a875-43fd-856a-7e270d898ecb,4e302531-67a0-4d71-b3f4-19f0a87123cf,c3,c5,1019,?,x3,
1768610333.5266058,FORWARDED,f0310d55-a875-43fd-856a-7e270d898ecb,4e302531-67a0-4d71-b3f4-19f0a87123cf,c3,c5,1019,?,x3,
1768610333.8391392,RECEIVED,f21b66dd-b0ba-474e-a82d-eafa0ec1ebdb,3d26da8f-c95c-4f9f-944e-25bf5d036cde,c5,c2,1456,e3,?,
1768610334.2353177,RECEIVED,bba76e94-b66e-4449-a49a-0f2c1c5b58f2,77fdc165-a5de-481c-a2e3-1b58f836a78f,c1,DROP,1015,e4,?,
1768610334.2985945,RECEIVED,02208354-eb08-4235-8c2c-79f455197b48,ffdc02ed-1e81-4fc1-b279-135bb37d60ec,c2,c3,1451,e5,?,
1768610334.6716714,RECEIVED,ddcf5666-bc16-4a48-8791-37bdcf7fdf7d,e00f9575-ab70-4399-9f46-8add7f89de09,c3,c4,1451,e12,?,
1768610335.1087508,SENT,02208354-eb08-4235-8c2c-79f455197b48,ffdc02ed-1e81-4fc1-b279-135bb37d60ec,c2,c3,1017,?,x3,
1768610335.1087992,FORWARDED,02208354-eb08-4235-8c2c-79f455197b48,ffdc02ed-1e81-4fc1-b279-135bb37d60ec,c2,c3,1017,?,x3,
1768610335.1982908,SENT,ddcf5666-bc16-4a48-8791-37bdcf7fdf7d,e00f9575-ab70-4399-9f46-8add7f89de09,c3,c4,1015,?,x6,
1768610335.1983404,FORWARDED,ddcf5666-bc16-4a48-8791-37bdcf7fdf7d,e00f9575-ab70-4399-9f46-8add7f89de09,c3,c4,1015,?,x6,
1768610335.199587,RECEIVED,07b07880-beaf-4699-ab07-deeb9e10b087,f324041a-6661-41db-91eb-77f00350ea2b,c3,c4,1440,e6,?,
1768610335.3553584,RECEIVED,911a5dd7-46e9-48d8-86c8-3a4fb094730c,7d270af8-307f-4ea6-a071-3af4a68837e5,c2,DROP,441,x9,?,
1768610335.378591,SENT,f21b66dd-b0ba-474e-a82d-eafa0ec1ebdb,3d26da8f-c95c-4f9f-944e-25bf5d036cde,c5,c2,1019,?,x11,
1768610335.3787065,FORWARDED,f21b66dd-b0ba-474e-a82d-eafa0ec1ebdb,3d26da8f-c95c-4f9f-944e-25bf5d036cde,c5,c2,1019,?,x11,
1768610335.3996277,RECEIVED,bb89b55d-a9af-4e2b-990d-6bffb9062874,b6aefe22-8902-4edf-b93c-acb92e699a4d,c5,c4,1456,e9,?,
1768610335.4107735,SENT,bba76e94-b66e-4449-a49a-0f2c1c5b58f2,77fdc165-a5de-481c-a2e3-1b58f836a78f,c1,DROP,688,?,x5,
1768610335.4108253,FORWARDED,bba76e94-b66e-4449-a49a-0f2c1c5b58f2,77fdc165-a5de-481c-a2e3-1b58f836a78f,c1,DROP,688,?,x5,
1768610335.4520946,SENT,07b07880-beaf-4699-ab07-deeb9e10b087,f324041a-6661-41db-91eb-77f00350ea2b,c3,c4,1006,?,x4,
1768610335.452184,FORWARDED,07b07880-beaf-4699-ab07-deeb9e10b087,f324041a-6661-41db-91eb-77f00350ea2b,c3,c4,1006,?,x4,
1768610335.6039815,SENT,bb89b55d-a9af-4e2b-990d-6bffb9062874,b6aefe22-8902-4edf-b93c-acb92e699a4d,c5,c4,1019,?,x2,
1768610335.6040225,FORWARDED,bb89b55d-a9af-4e2b-990d-6bffb9062874,b6aefe22-8902-4edf-b93c-acb92e699a4d,c5,c4,1019,?,x2,
1768610335.9253623,RECEIVED,e2245d3a-7571-412b-8577-ec5e4f30dfc7,6d26f86d-5168-4fb2-bb32-37adada518f6,c1,DROP,1007,e4,?,
1768610336.7436264,SENT,e2245d3a-7571-412b-8577-ec5e4f30dfc7,6d26f86d-5168-4fb2-bb32-37adada518f6,c1,DROP,683,?,x2,
1768610336.7436683,FORWARDED,e2245d3a-7571-412b-8577-ec5e4f30dfc7,6d26f86d-5168-4fb2-bb32-37adada518f6,c1,DROP,683,?,x2,
1768610336.93304,RECEIVED,00c4c34d-1d9b-4a73-b3a6-31a66e9396e1,c93f827b-bbcb-4a93-9f7c-0601986c3d41,c3,c4,1452,e10,?,
1768610337.167902,SENT,00c4c34d-1d9b-4a73-b3a6-31a66e9396e1,c93f827b-bbcb-4a93-9f7c-0601986c3d41,c3,c4,1015,?,x7,
1768610337.167944,FORWARDED,00c4c34d-1d9b-4a73-b3a6-31a66e9396e1,c93f827b-bbcb-4a93-9f7c-0601986c3d41,c3,c4,1015,?,x7,
1768610337.2637086,RECEIVED,1779ed0d-1a43-4a3f-be55-c6c224a0c772,62272f35-3bf5-4ed7-83f3-70123955f731,c2,c3,1455,e12,?,
1768610337.3665638,SENT,1779ed0d-1a43-4a3f-be55-c6c224a0c772,62272f35-3bf5-4ed7-83f3-70123955f731,c2,c3,1019,?,x7,
1768610337.3666074,FORWARDED,1779ed0d-1a43-4a3f-be55-c6c224a0c772,62272f35-3bf5-4ed7-83f3-70123955f731,c2,c3,1019,?,x7,
1768610337.8342113,RECEIVED,27d62756-8f85-47c9-bc77-d8b92fb7b364,2d1a7889-69da-44f9-a71f-161c848c0acb,c1,c2,1443,e2,?,
1768610338.4703732,RECEIVED,bc0f1335-5bca-404d-9ada-b05aa6742727,81254802-53f0-4ede-99e6-b8d2752caffb,c1,c3,1452,e2,?,
1768610339.1604488,SENT,bc0f1335-5bca-404d-9ada-b05aa6742727,81254802-53f0-4ede-99e6-b8d2752caffb,c1,c3,1016,?,x10,
1768610339.1605005,FORWARDED,bc0f1335-5bca-404d-9ada-b05aa6742727,81254802-53f0-4ede-99e6-b8d2752caffb,c1,c3,1016,?,x10,
1768610339.2066233,SENT,27d62756-8f85-47c9-bc77-d8b92fb7b364,2d1a7889-69da-44f9-a71f-161c848c0acb,c1,c2,1011,?,x4,
1768610339.2066638,FORWARDED,27d62756-8f85-47c9-bc77-d8b92fb7b364,2d1a7889-69da-44f9-a71f-161c848c0acb,c1,c2,1011,?,x4,
1768610339.4280734,RECEIVED,b96dbb2b-4639-42f3-8231-1e00e7f38c48,56b9849e-10e7-4df9-8566-684a05b95fed,c2,c5,1450,e6,?,
1768610339.7349267,RECEIVED,dced98f1-76af-4c06-8028-11a2ba8455f7,3ddbedd2-548c-4c19-834d-45b35bc40529,c5,c2,1464,e12,?,
1768610339.9656906,SENT,dced98f1-76af-4c06-8028-11a2ba8455f7,3ddbedd2-548c-4c19-834d-45b35bc40529,c5,c2,1025,?,x4,
1768610339.9657285,FORWARDED,dced98f1-76af-4c06-8028-11a2ba8455f7,3ddbedd2-548c-4c19-834d-45b35bc40529,c5,c2,1025,?,x4,
1768610340.0712295,RECEIVED,c75c466d-c8b9-4f9f-b6a7-191a206c7cd4,8835fd44-320c-4275-be90-19eb95c2452c,c4,c1,1451,e1,?,
1768610340.2169425,RECEIVED,e275ec36-1c1c-4981-bbff-816852fcb33b,1df7e817-c195-40ee-b197-1cde3dc43b33,c5,c2,1443,e1,?,
1768610340.5055091,SENT,b96dbb2b-4639-42f3-8231-1e00e7f38c48,56b9849e-10e7-4df9-8566-684a05b95fed,c2,c5,1016,?,x9,
1768610340.5056238,FORWARDED,b96dbb2b-4639-42f3-8231-1e00e7f38c48,56b9849e-10e7-4df9-8566-684a05b95fed,c2,c5,1016,?,x9,
1768610340.5563207,RECEIVED,163f6065-7e14-47a8-8367-4aa01108564f,b89da490-826e-42ee-a267-b91302db8922,c5,c1,1447,e4,?,
1768610340.820523,RECEIVED,97661032-d181-471c-b186-4c3462d3411a,0266a24c-bfdf-4ffe-b984-f77b375eee7f,c3,c2,1460,e8,?,
1768610340.891124,SENT,e275ec36-1c1c-4981-bbff-816852fcb33b,1df7e817-c195-40ee-b197-1cde3dc43b33,c5,c2,1011,?,x5,
1768610340.8911667,FORWARDED,e275ec36-1c1c-4981-bbff-816852fcb33b,1df7e817-c195-40ee-b197-1cde3dc43b33,c5,c2,1011,?,x5,
1768610340.974956,RECEIVED,84caed1c-bf62-46df-8662-4bd9d5f894c0,074bcce2-4018-4b42-bde6-60a022c32b0b,c1,c5,1456,e9,?,
1768610341.0106885,SENT,c75c466d-c8b9-4f9f-b6a7-191a206c7cd4,8835fd44-320c-4275-be90-19eb95c2452c,c4,c1,1016,?,x2,
1768610341.0107322,FORWARDED,c75c466d-c8b9-4f9f-b6a7-191a206c7cd4,8835fd44-320c-4275-be90-19eb95c2452c,c4,c1,1016,?,x2,
1768610341.1156003,SENT,84caed1c-bf62-46df-8662-4bd9d5f894c0,074bcce2-4018-4b42-bde6-60a022c32b0b,c1,c5,1019,?,x4,
1768610341.115644,FORWARDED,84caed1c-bf62-46df-8662-4bd9d5f894c0,074bcce2-4018-4b42-bde6-60a022c32b0b,c1,c5,1019,?,x4,
1768610341.1739352,SENT,163f6065-7e14-47a8-8367-4aa01108564f,b89da490-826e-42ee-a267-b91302db8922,c5,c1,1012,?,x1,
1768610341.1739793,FORWARDED,163f6065-7e14-47a8-8367-4aa01108564f,b89da490-826e-42ee-a267-b91302db8922,c5,c1,1012,?,x1,
1768610341.2048233,RECEIVED,304732ea-581e-49cf-800d-b339c71ffa20,8d51fa49-a2e4-466a-a10f-6898be6f9068,c1,c4,1456,e7,?,
1768610341.273062,SENT,97661032-d181-471c-b186-4c3462d3411a,0266a24c-bfdf-4ffe-b984-f77b375eee7f,c3,c2,1022,?,x12,
1768610341.2731059,FORWARDED,97661032-d181-471c-b186-4c3462d3411a,0266a24c-bfdf-4ffe-b984-f77b375eee7f,c3,c2,1022,?,x12,
1768610341.5105624,RECEIVED,88627064-519d-49a0-bc7c-2f019e3af16a,144b9005-5ee0-4635-bc72-f83c795ca160,c1,c4,1455,e12,?,
1768610341.699521,SENT,304732ea-581e-49cf-800d-b339c71ffa20,8d51fa49-a2e4-466a-a10f-6898be6f9068,c1,c4,1019,?,x11,
1768610341.6995673,FORWARDED,304732ea-581e-49cf-800d-b339c71ffa20,8d51fa49-a2e4-466a-a10f-6898be6f9068,c1,c4,1019,?,x11,
1768610342.151557,SENT,88627064-519d-49a0-bc7c-2f019e3af16a,144b9005-5ee0-4635-bc72-f83c795ca160,c1,c4,1019,?,x9,
1768610342.1515992,FORWARDED,88627064-519d-49a0-bc7c-2f019e3af16a,144b9005-5ee0-4635-bc72-f83c795ca160,c1,c4,1019,?,x9,
1768610342.2804136,RECEIVED,97d96099-97e3-4409-b7e9-568b222fe5f3,f8424950-8fb9-4b4c-8cc5-541ee440185d,c5,c1,1443,e1,?,
1768610342.5334945,SENT,97d96099-97e3-4409-b7e9-568b222fe5f3,f8424950-8fb9-4b4c-8cc5-541ee440185d,c5,c1,1011,?,x6,
1768610342.533537,FORWARDED,97d96099-97e3-4409-b7e9-568b222fe5f3,f8424950-8fb9-4b4c-8cc5-541ee440185d,c5,c1,1011,?,x6,
1768610342.8203137,RECEIVED,8d04d2ef-d8ca-4de6-b2c3-cf9c8bac2cb1,3c89ac4a-7035-4989-8449-6b0f5eff1194,c1,c2,1447,e10,?,
1768610342.8686566,RECEIVED,e33ba09f-8257-4fbd-b244-c03990f906cf,8764982e-47b5-463a-a3ab-1c545b3084d1,c5,c1,1460,e1,?,
1768610343.0205839,RECEIVED,bf8fee17-0cdb-4ae1-9c7c-420d347ba689,1ce55310-31fc-47a7-a77a-cbd849ee4f80,c2,DROP,1012,e5,?,
1768610343.1003737,SENT,8d04d2ef-d8ca-4de6-b2c3-cf9c8bac2cb1,3c89ac4a-7035-4989-8449-6b0f5eff1194,c1,c2,1012,?,x6,
1768610343.1004152,FORWARDED,8d04d2ef-d8ca-4de6-b2c3-cf9c8bac2cb1,3c89ac4a-7035-4989-8449-6b0f5eff1194,c1,c2,1012,?,x6,
1768610343.1544614,RECEIVED,f36ad032-eea1-48a5-a18b-38054b7ec1af,a1265b30-5203-48dc-8997-fdc0afba2157,c2,c3,1456,e1,?,
1768610343.3136418,SENT,bf8fee17-0cdb-4ae1-9c7c-420d347ba689,1ce55310-31fc-47a7-a77a-cbd849ee4f80,c2,DROP,685,?,x1,
1768610343.3136835,FORWARDED,bf8fee17-0cdb-4ae1-9c7c-420d347ba689,1ce55310-31fc-47a7-a77a-cbd849ee4f80,c2,DROP,685,?,x1,
1768610343.419848,RECEIVED,6c19cb1d-827f-4530-b6f3-4c5e6142ed96,6f41ebe8-99a7-483c-b373-ad147f7f1e68,c4,c1,1458,e12,?,
1768610343.5169766,SENT,6c19cb1d-827f-4530-b6f3-4c5e6142ed96,6f41ebe8-99a7-483c-b373-ad147f7f1e68,c4,c1,1020,?,x11,
1768610343.5170138,FORWARDED,6c19cb1d-827f-4530-b6f3-4c5e6142ed96,6f41ebe8-99a7-483c-b373-ad147f7f1e68,c4,c1,1020,?,x11,
1768610344.0745928,RECEIVED,1efbcc5f-6bf0-4f82-968a-19a307fb962d,1bd2324e-7eb8-41dd-af58-bb7e959f6d9c,c1,c3,1443,e3,?,
1768610344.2166271,RECEIVED,6677ad24-c13a-4695-b224-20d2fbbf2677,7d10c867-ac8c-4db9-92ca-557436676c0e,c3,DROP,1016,e5,?,
1768610344.3682601,SENT,1efbcc5f-6bf0-4f82-968a-19a307fb962d,1bd2324e-7eb8-41dd-af58-bb7e959f6d9c,c1,c3,1011,?,x5,
1768610344.3683033,FORWARDED,1efbcc5f-6bf0-4f82-968a-19a307fb962d,1bd2324e-7eb8-41dd-af58-bb7e959f6d9c,c1,c3,1011,?,x5,
1768610344.381652,SENT,e33ba09f-8257-4fbd-b244-c03990f906cf,8764982e-47b5-463a-a3ab-1c545b3084d1,c5,c1,1022,?,x10,
1768610344.3816957,FORWARDED,e33ba09f-8257-4fbd-b244-c03990f906cf,8764982e-47b5-463a-a3ab-1c545b3084d1,c5,c1,1022,?,x10,
1768610344.4201221,RECEIVED,8c80395f-5814-4620-abda-ae5e4a01b581,d44cd1ca-5fc2-4c03-8472-6e78bc4e9084,c1,c4,1456,e10,?,
1768610344.4259272,SENT,6677ad24-c13a-4695-b224-20d2fbbf2677,7d10c867-ac8c-4db9-92ca-557436676c0e,c3,DROP,688,?,x2,
1768610344.4259691,FORWARDED,6677ad24-c13a-4695-b224-20d2fbbf2677,7d10c867-ac8c-4db9-92ca-557436676c0e,c3,DROP,688,?,x2,
1768610344.4760017,RECEIVED,6592a4b7-97ab-4740-9bd4-5c6d6adfc7bb,8077a214-80f7-46a1-bba6-088c0d39bb1c,c4,c1,1444,e4,?,
1768610344.510923,SENT,f36ad032-eea1-48a5-a18b-38054b7ec1af,a1265b30-5203-48dc-8997-fdc0afba2157,c2,c3,1019,?,x10,
1768610344.5109665,FORWARDED,f36ad032-eea1-48a5-a18b-38054b7ec1af,a1265b30-5203-48dc-8997-fdc0afba2157,c2,c3,1019,?,x10,
1768610344.7834153,SENT,6592a4b7-97ab-4740-9bd4-5c6d6adfc7bb,8077a214-80f7-46a1-bba6-088c0d39bb1c,c4,c1,1011,?,x9,
1768610344.7834535,FORWARDED,6592a4b7-97ab-4740-9bd4-5c6d6adfc7bb,8077a214-80f7-46a1-bba6-088c0d39bb1c,c4,c1,1011,?,x9,
1768610345.0505767,SENT,8c80395f-5814-4620-abda-ae5e4a01b581,d44cd1ca-5fc2-4c03-8472-6e78bc4e9084,c1,c4,1019,?,x12,
1768610345.0506234,FORWARDED,8c80395f-5814-4620-abda-ae5e4a01b581,d44cd1ca-5fc2-4c03-8472-6e78bc4e9084,c1,c4,1019,?,x12,
1768610345.3639145,RECEIVED,7ebf9586-8798-4ba0-9d14-c4d865215304,50a1dbcb-8831-4c01-83ec-d0834dc96f87,c1,DROP,1020,e6,?,
1768610345.4541671,RECEIVED,d366fee7-8e47-489b-bce1-084deafc81b6,ae133b89-c100-40c7-beb2-04c6d3728993,c2,c5,1457,e4,?,
1768610345.6437788,SENT,d366fee7-8e47-489b-bce1-084deafc81b6,ae133b89-c100-40c7-beb2-04c6d3728993,c2,c5,1019,?,x10,
1768610345.6438174,FORWARDED,d366fee7-8e47-489b-bce1-084deafc81b6,ae133b89-c100-40c7-beb2-04c6d3728993,c2,c5,1019,?,x10,
1768610345.9222422,RECEIVED,e5a04582-865b-4332-a5e8-cdf1b885dcf7,91715fb0-e9b7-4c90-aed4-799858eb76b0,c2,c1,1444,e11,?,
1768610345.9743423,SENT,e5a04582-865b-4332-a5e8-cdf1b885dcf7,91715fb0-e9b7-4c90-aed4-799858eb76b0,c2,c1,1011,?,x5,
1768610345.9743838,FORWARDED,e5a04582-865b-4332-a5e8-cdf1b885dcf7,91715fb0-e9b7-4c90-aed4-799858eb76b0,c2,c1,1011,?,x5,
1768610346.0142565,RECEIVED,24f63d73-ef96-4eba-b94c-9abdc3cbe0cc,c4e472d3-da45-4806-a7d5-576f927e63b1,c5,c4,1456,e4,?,
1768610346.104387,SENT,24f63d73-ef96-4eba-b94c-9abdc3cbe0cc,c4e472d3-da45-4806-a7d5-576f927e63b1,c5,c4,1020,?,x2,
1768610346.1044292,FORWARDED,24f63d73-ef96-4eba-b94c-9abdc3cbe0cc,c4e472d3-da45-4806-a7d5-576f927e63b1,c5,c4,1020,?,x2,
1768610347.0941496,RECEIVED,672c029e-186e-4755-a48c-4ea95f43c2e8,07037393-0b07-4dc0-857b-1b26aa90fe67,c3,c2,1448,e8,?,
1768610347.7282612,SENT,672c029e-186e-4755-a48c-4ea95f43c2e8,07037393-0b07-4dc0-857b-1b26aa90fe67,c3,c2,1012,?,x12,
1768610347.728305,FORWARDED,672c029e-186e-4755-a48c-4ea95f43c2e8,07037393-0b07-4dc0-857b-1b26aa90fe67,c3,c2,1012,?,x12,
1768610348.0165904,RECEIVED,afb9c795-eb5c-4512-91d7-fb888b49b32d,254c28f4-de18-4a7d-98ec-a15fd5dcb679,c1,c4,1466,e6,?,
1768610348.0608473,SENT,afb9c795-eb5c-4512-91d7-fb888b49b32d,254c28f4-de18-4a7d-98ec-a15fd5dcb679,c1,c4,1024,?,x11,
1768610348.0608869,FORWARDED,afb9c795-eb5c-4512-91d7-fb888b49b32d,254c28f4-de18-4a7d-98ec-a15fd5dcb679,c1,c4,1024,?,x11,
1768610348.2366226,RECEIVED,57b47a66-dcb1-4b3d-b3ba-996ae6d9dd0e,e65153ac-ba8a-434c-b616-6b163546c25e,c2,DROP,1011,e10,?,
1768610348.28032,SENT,7ebf9586-8798-4ba0-9d14-c4d865215304,50a1dbcb-8831-4c01-83ec-d0834dc96f87,c1,DROP,692,?,x10,
1768610348.2803595,FORWARDED,7ebf9586-8798-4ba0-9d14-c4d865215304,50a1dbcb-8831-4c01-83ec-d0834dc96f87,c1,DROP,692,?,x10,
1768610348.57348,RECEIVED,178b7e7d-d1f9-4225-ace7-7e353ed74d43,c905ebc6-7511-46aa-861d-acc021d7998a,c4,c5,1444,e12,?,
1768610348.6367016,SENT,57b47a66-dcb1-4b3d-b3ba-996ae6d9dd0e,e65153ac-ba8a-434c-b616-6b163546c25e,c2,DROP,687,?,x6,
1768610348.636743,FORWARDED,57b47a66-dcb1-4b3d-b3ba-996ae6d9dd0e,e65153ac-ba8a-434c-b616-6b163546c25e,c2,DROP,687,?,x6,
1768610348.7749236,SENT,178b7e7d-d1f9-4225-ace7-7e353ed74d43,c905ebc6-7511-46aa-861d-acc021d7998a,c4,c5,1011,?,x10,
1768610348.774976,FORWARDED,178b7e7d-d1f9-4225-ace7-7e353ed74d43,c905ebc6-7511-46aa-861d-acc021d7998a,c4,c5,1011,?,x10,
1768610349.1067731,RECEIVED,4e2d4d92-11f8-4604-a840-49174420198e,a8a342dd-bb54-484e-9e2a-08f007225cb9,c2,DROP,1015,e6,?,
1768610349.677858,SENT,4e2d4d92-11f8-4604-a840-49174420198e,a8a342dd-bb54-484e-9e2a-08f007225cb9,c2,DROP,689,?,x7,
1768610349.6779099,FORWARDED,4e2d4d92-11f8-4604-a840-49174420198e,a8a342dd-bb54-484e-9e2a-08f007225cb9,c2,DROP,689,?,x7,
1768610349.774967,RECEIVED,0f2f2430-7b7c-48c3-ba7f-c0ac4bb3c131,a000a177-ed69-415c-ad2c-97f7b26def60,c2,c3,1455,e6,?,
1768610349.8345413,RECEIVED,efd2842e-accb-4513-bef3-44c04bacaa15,6c6ac8d0-8445-44d5-9fb3-b053a9699ed4,c4,DROP,1011,e1,?,
1768610350.0026011,RECEIVED,f4b65402-a21c-438a-a657-40c93f943958,72d24f03-586d-4c10-a0ea-aa857103aeed,c3,c2,1460,e10,?,
1768610350.0129058,SENT,efd2842e-accb-4513-bef3-44c04bacaa15,6c6ac8d0-8445-44d5-9fb3-b053a9699ed4,c4,DROP,685,?,x5,
1768610350.012946,FORWARDED,efd2842e-accb-4513-bef3-44c04bacaa15,6c6ac8d0-8445-44d5-9fb3-b053a9699ed4,c4,DROP,685,?,x5,
1768610350.0620217,SENT,f4b65402-a21c-438a-a657-40c93f943958,72d24f03-586d-4c10-a0ea-aa857103aeed,c3,c2,1023,?,x10,
1768610350.0622604,FORWARDED,f4b65402-a21c-438a-a657-40c93f943958,72d24f03-586d-4c10-a0ea-aa857103aeed,c3,c2,1023,?,x10,
1768610350.1244998,SENT,0f2f2430-7b7c-48c3-ba7f-c0ac4bb3c131,a000a177-ed69-415c-ad2c-97f7b26def60,c2,c3,1020,?,x8,
1768610350.1245332,FORWARDED,0f2f2430-7b7c-48c3-ba7f-c0ac4bb3c131,a000a177-ed69-415c-ad2c-97f7b26def60,c2,c3,1020,?,x8,
1768610350.2354643,RECEIVED,f2eaec36-6bea-418f-a3de-cd5dfdfd29ba,8a5f1d9e-f376-4ce9-af96-a8b7b3c5ba22,c5,c2,1464,e6,?,
1768610350.8017445,RECEIVED,ab964449-62d9-462d-a2f7-e82a2102bbce,9e0db052-e976-4941-a75c-c517060f3c3e,c4,c1,1451,e2,?,
1768610350.806415,RECEIVED,43520f3b-7a5d-4dc8-8658-d3b902e00eec,6e861684-0c5c-40a7-9af1-f6936063e233,c2,DROP,1012,e10,?,
1768610350.8441706,SENT,43520f3b-7a5d-4dc8-8658-d3b902e00eec,6e861684-0c5c-40a7-9af1-f6936063e233,c2,DROP,685,?,x4,
1768610350.8442132,FORWARDED,43520f3b-7a5d-4dc8-8658-d3b902e00eec,6e861684-0c5c-40a7-9af1-f6936063e233,c2,DROP,685,?,x4,
1768610350.9365685,RECEIVED,aca8654b-dfbb-4a49-a62a-fb39865f5da0,dfb35a90-d659-415c-8f40-ccd04d9caf3c,c4,DROP,442,x11,?,
1768610351.3173587,SENT,ab964449-62d9-462d-a2f7-e82a2102bbce,9e0db052-e976-4941-a75c-c517060f3c3e,c4,c1,1016,?,x9,
1768610351.3173952,FORWARDED,ab964449-62d9-462d-a2f7-e82a2102bbce,9e0db052-e976-4941-a75c-c517060f3c3e,c4,c1,1016,?,x9,
1768610351.6904094,RECEIVED,c9d197de-8ba9-472f-8f5d-9bb5a1e4b625,65bee161-35ef-45c8-a487-ffac58eae7f0,c1,c5,1452,e4,?,
1768610351.8729868,SENT,f2eaec36-6bea-418f-a3de-cd5dfdfd29ba,8a5f1d9e-f376-4ce9-af96-a8b7b3c5ba22,c5,c2,1024,?,x12,
1768610351.8730292,FORWARDED,f2eaec36-6bea-418f-a3de-cd5dfdfd29ba,8a5f1d9e-f376-4ce9-af96-a8b7b3c5ba22,c5,c2,1024,?,x12,
1768610352.0007975,RECEIVED,b85954ac-60d2-4804-90f5-11dd466b2484,c98bef1a-950d-4343-b9d8-8bf3b23fb945,c3,c2,1451,e7,?,
1768610352.131229,SENT,c9d197de-8ba9-472f-8f5d-9bb5a1e4b625,65bee161-35ef-45c8-a487-ffac58eae7f0,c1,c5,1017,?,x6,
1768610352.131267,FORWARDED,c9d197de-8ba9-472f-8f5d-9bb5a1e4b625,65bee161-35ef-45c8-a487-ffac58eae7f0,c1,c5,1017,?,x6,
1768610352.4244661,RECEIVED,0898f730-119f-4ae6-b6ed-9777efcbca35,07f4dbda-2b91-4aad-a432-3a9ef498913b,c5,c4,1447,e5,?,
1768610352.4628725,RECEIVED,03b9d311-cb55-4373-9ec0-a523b1e864fa,d235943c-cc7d-424a-841d-9ebb36a7fd15,c3,c4,1434,e3,?,
1768610352.52935,SENT,b85954ac-60d2-4804-90f5-11dd466b2484,c98bef1a-950d-4343-b9d8-8bf3b23fb945,c3,c2,1015,?,x5,
1768610352.5293932,FORWARDED,b85954ac-60d2-4804-90f5-11dd466b2484,c98bef1a-950d-4343-b9d8-8bf3b23fb945,c3,c2,1015,?,x5,
1768610352.9287674,RECEIVED,8987c783-d821-4227-a32a-afa485f86703,5f369e69-744b-4623-972d-781c811c6847,c5,c4,1453,e1,?,
1768610352.9866068,SENT,8987c783-d821-4227-a32a-afa485f86703,5f369e69-744b-4623-972d-781c811c6847,c5,c4,1015,?,x9,
1768610352.986647,FORWARDED,8987c783-d821-4227-a32a-afa485f86703,5f369e69-744b-4623-972d-781c811c6847,c5,c4,1015,?,x9,
1768610353.0745673,SENT,0898f730-119f-4ae6-b6ed-9777efcbca35,07f4dbda-2b91-4aad-a432-3a9ef498913b,c5,c4,1012,?,x6,
1768610353.0746083,FORWARDED,0898f730-119f-4ae6-b6ed-9777efcbca35,07f4dbda-2b91-4aad-a432-3a9ef498913b,c5,c4,1012,?,x6,
1768610353.2856562,RECEIVED,c23c9e1a-aea2-49d9-855b-2cf797ad2c1b,8f576b08-5403-4204-a549-5ba47d817e1f,c3,c1,1456,e12,?,
1768610353.507031,SENT,c23c9e1a-aea2-49d9-855b-2cf797ad2c1b,8f576b08-5403-4204-a549-5ba47d817e1f,c3,c1,1020,?,x2,
1768610353.5071282,FORWARDED,c23c9e1a-aea2-49d9-855b-2cf797ad2c1b,8f576b08-5403-4204-a549-5ba47d817e1f,c3,c1,1020,?,x2,
1768610353.7888734,SENT,03b9d311-cb55-4373-9ec0-a523b1e864fa,d235943c-cc7d-424a-841d-9ebb36a7fd15,c3,c4,1003,?,x7,
1768610353.7889159,FORWARDED,03b9d311-cb55-4373-9ec0-a523b1e864fa,d235943c-cc7d-424a-841d-9ebb36a7fd15,c3,c4,1003,?,x7,
1768610354.1896565,RECEIVED,cbba62ad-2111-4219-8bb6-955500a35d61,84523990-74b5-440b-86a5-20d10f786e85,c1,c5,1461,e11,?,
1768610354.267029,RECEIVED,dd179b4b-4cdb-4114-ae5f-40d52ae4f3f9,94584e0d-a998-4d7d-938d-640d7e5aa014,c5,c3,1457,e2,?,
1768610354.314535,SENT,cbba62ad-2111-4219-8bb6-955500a35d61,84523990-74b5-440b-86a5-20d10f786e85,c1,c5,1022,?,x10,
1768610354.3145773,FORWARDED,cbba62ad-2111-4219-8bb6-955500a35d61,84523990-74b5-440b-86a5-20d10f786e85,c1,c5,1022,?,x10,
1768610354.739219,SENT,dd179b4b-4cdb-4114-ae5f-40d52ae4f3f9,94584e0d-a998-4d7d-938d-640d7e5aa014,c5,c3,1020,?,x12,
1768610354.7392604,FORWARDED,dd179b4b-4cdb-4114-ae5f-40d52ae4f3f9,94584e0d-a998-4d7d-938d-640d7e5aa014,c5,c3,1020,?,x12,
1768610354.7890546,RECEIVED,b056da84-2bc2-4e75-b183-67ec5f5cc3ed,629d9021-cbda-433b-a943-2a9c0f856148,c4,c5,1448,e2,?,
1768610354.8799412,SENT,b056da84-2bc2-4e75-b183-67ec5f5cc3ed,629d9021-cbda-433b-a943-2a9c0f856148,c4,c5,1012,?,x1,
1768610354.8799822,FORWARDED,b056da84-2bc2-4e75-b183-67ec5f5cc3ed,629d9021-cbda-433b-a943-2a9c0f856148,c4,c5,1012,?,x1,
1768610356.1828568,RECEIVED,b3d2d233-e67a-4b59-8809-9555129a1008,9bb40458-c156-4f70-a785-214a9112191c,c1,c3,1448,e7,?,
1768610356.3639975,SENT,b3d2d233-e67a-4b59-8809-9555129a1008,9bb40458-c156-4f70-a785-214a9112191c,c1,c3,1012,?,x3,
1768610356.3640404,FORWARDED,b3d2d233-e67a-4b59-8809-9555129a1008,9bb40458-c156-4f70-a785-214a9112191c,c1,c3,1012,?,x3,
1768610356.3693297,RECEIVED,4f0a0d20-509f-454e-bec5-03569cc584ac,75dd5e3a-d3e1-49fc-88c5-e7f58bbd1a1e,c1,DROP,438,x8,?,
1768610356.403847,RECEIVED,14906693-1374-42c2-b604-47f5a9249f12,be000416-a7c4-4521-9cb0-655e5a858157,c1,c5,1448,e10,?,
1768610356.523132,SENT,14906693-1374-42c2-b604-47f5a9249f12,be000416-a7c4-4521-9cb0-655e5a858157,c1,c5,1012,?,x1,
1768610356.5231664,FORWARDED,14906693-1374-42c2-b604-47f5a9249f12,be000416-a7c4-4521-9cb0-655e5a858157,c1,c5,1012,?,x1,
1768610356.8793058,RECEIVED,445488e9-43d1-4848-bdd7-ddc5065007d2,0439b565-415d-4b6e-836c-46026e0eb159,c4,c3,1457,e10,?,
1768610357.021332,SENT,445488e9-43d1-4848-bdd7-ddc5065007d2,0439b565-415d-4b6e-836c-46026e0eb159,c4,c3,1020,?,x12,
1768610357.021376,FORWARDED,445488e9-43d1-4848-bdd7-ddc5065007d2,0439b565-415d-4b6e-836c-46026e0eb159,c4,c3,1020,?,x12,
1768610357.3292105,RECEIVED,ad1d08eb-6819-4f80-b35e-990f653b499f,cc41ff68-19c2-466e-acce-a27b03f39e5e,c4,c5,1451,e9,?,
1768610357.5909238,RECEIVED,0c2a91f2-4850-4d1e-8215-bcba16557fe7,0600352c-2356-491e-b3fe-5ffec805ad7f,c2,c5,1451,e9,?,
1768610357.751644,RECEIVED,71c78aa7-46b9-4f68-bd7c-27f8154f1f9b,59c6d953-28cc-44b1-9b5f-6c50b1bc197f,c3,c5,1448,e4,?,
1768610357.7953987,SENT,71c78aa7-46b9-4f68-bd7c-27f8154f1f9b,59c6d953-28cc-44b1-9b5f-6c50b1bc197f,c3,c5,1012,?,x7,
1768610357.7954414,FORWARDED,71c78aa7-46b9-4f68-bd7c-27f8154f1f9b,59c6d953-28cc-44b1-9b5f-6c50b1bc197f,c3,c5,1012,?,x7,
1768610357.7966726,SENT,0c2a91f2-4850-4d1e-8215-bcba16557fe7,0600352c-2356-491e-b3fe-5ffec805ad7f,c2,c5,1015,?,x6,
1768610357.7967093,FORWARDED,0c2a91f2-4850-4d1e-8215-bcba16557fe7,0600352c-2356-491e-b3fe-5ffec805ad7f,c2,c5,1015,?,x6,
1768610357.880777,SENT,ad1d08eb-6819-4f80-b35e-990f653b499f,cc41ff68-19c2-466e-acce-a27b03f39e5e,c4,c5,1015,?,x5,
1768610357.8808205,FORWARDED,ad1d08eb-6819-4f80-b35e-990f653b499f,cc41ff68-19c2-466e-acce-a27b03f39e5e,c4,c5,1015,?,x5,
1768610358.3878007,RECEIVED,f795ec71-0d74-425d-9fbf-d0021d9009ef,2b1beae4-0d51-4805-989f-c9226d47a98b,c1,c5,1448,e4,?,
1768610358.5043757,SENT,f795ec71-0d74-425d-9fbf-d0021d9009ef,2b1beae4-0d51-4805-989f-c9226d47a98b,c1,c5,1012,?,x2,
1768610358.5044112,FORWARDED,f795ec71-0d74-425d-9fbf-d0021d9009ef,2b1beae4-0d51-4805-989f-c9226d47a98b,c1,c5,1012,?,x2,
1768610358.6825674,RECEIVED,6db7c580-8679-46e9-b865-764db6dd2df3,b729c1af-16c5-4251-a765-b95feb5b910b,c2,DROP,443,x2,?,
1768610359.4866478,RECEIVED,5517a079-879e-4134-9622-59af32bae816,a5aff690-8d34-477b-82f5-1f862a2568a3,c4,c1,1457,e11,?,
1768610359.5678778,RECEIVED,1e6abd72-2bd2-4da8-9aac-30eda8e667ab,78c1ede1-e67f-43d5-8ad4-726a712fa9d1,c2,c3,1461,e10,?,
1768610359.7206538,SENT,1e6abd72-2bd2-4da8-9aac-30eda8e667ab,78c1ede1-e67f-43d5-8ad4-726a712fa9d1,c2,c3,1023,?,x12,
1768610359.7206943,FORWARDED,1e6abd72-2bd2-4da8-9aac-30eda8e667ab,78c1ede1-e67f-43d5-8ad4-726a712fa9d1,c2,c3,1023,?,x12,
1768610359.7267885,RECEIVED,bbb788fd-a565-4830-93f6-89879773c7d9,f73bc91d-30d7-4db1-b319-84a0c861541b,c2,c1,1457,e12,?,
1768610359.8920426,RECEIVED,6d954d9a-bcd8-4009-98d7-01f14cc528c5,732bd17b-c08a-4863-906a-283b032df850,c3,DROP,1004,e4,?,
1768610359.919722,SENT,5517a079-879e-4134-9622-59af32bae816,a5aff690-8d34-477b-82f5-1f862a2568a3,c4,c1,1020,?,x10,
1768610359.919762,FORWARDED,5517a079-879e-4134-9622-59af32bae816,a5aff690-8d34-477b-82f5-1f862a2568a3,c4,c1,1020,?,x10,
1768610360.1949415,SENT,bbb788fd-a565-4830-93f6-89879773c7d9,f73bc91d-30d7-4db1-b319-84a0c861541b,c2,c1,1019,?,x10,
1768610360.1949875,FORWARDED,bbb788fd-a565-4830-93f6-89879773c7d9,f73bc91d-30d7-4db1-b319-84a0c861541b,c2,c1,1019,?,x10,
1768610360.2465544,SENT,6d954d9a-bcd8-4009-98d7-01f14cc528c5,732bd17b-c08a-4863-906a-283b032df850,c3,DROP,679,?,x5,
1768610360.2465925,FORWARDED,6d954d9a-bcd8-4009-98d7-01f14cc528c5,732bd17b-c08a-4863-906a-283b032df850,c3,DROP,679,?,x5,
1768610361.2044017,RECEIVED,2740e1c0-5306-474d-8ad4-50e088082925,b1856f8c-166a-4a28-ae6a-c06fe058277a,c4,c1,1460,e10,?,
1768610361.8385959,SENT,2740e1c0-5306-474d-8ad4-50e088082925,b1856f8c-166a-4a28-ae6a-c06fe058277a,c4,c1,1021,?,x10,
1768610361.8386366,FORWARDED,2740e1c0-5306-474d-8ad4-50e088082925,b1856f8c-166a-4a28-ae6a-c06fe058277a,c4,c1,1021,?,x10,
1768610362.656012,RECEIVED,21053dc6-a559-41da-888f-da3be1622759,f526ab31-02a0-4263-bb85-744146da1e27,c4,c3,1442,e6,?,
1768610363.2747853,RECEIVED,b846ab00-1f4e-4b08-8b47-1896a2681e41,1ae4e46f-aee5-4312-8410-52cde48ab54f,c5,c1,1443,e9,?,
1768610363.5592585,SENT,21053dc6-a559-41da-888f-da3be1622759,f526ab31-02a0-4263-bb85-744146da1e27,c4,c3,1011,?,x5,
1768610363.5592992,FORWARDED,21053dc6-a559-41da-888f-da3be1622759,f526ab31-02a0-4263-bb85-744146da1e27,c4,c3,1011,?,x5,
1768610363.830326,RECEIVED,44a61e34-08b7-41df-ba9c-8ed19ea3613d,d3a36715-d6e9-4bdb-ba52-9d4dc377e73f,c2,c4,1452,e1,?,
1768610363.8637452,SENT,44a61e34-08b7-41df-ba9c-8ed19ea3613d,d3a36715-d6e9-4bdb-ba52-9d4dc377e73f,c2,c4,1015,?,x6,
1768610363.8637888,FORWARDED,44a61e34-08b7-41df-ba9c-8ed19ea3613d,d3a36715-d6e9-4bdb-ba52-9d4dc377e73f,c2,c4,1015,?,x6,
1768610363.8792,SENT,b846ab00-1f4e-4b08-8b47-1896a2681e41,1ae4e46f-aee5-4312-8410-52cde48ab54f,c5,c1,1011,?,x1,
1768610363.8792446,FORWARDED,b846ab00-1f4e-4b08-8b47-1896a2681e41,1ae4e46f-aee5-4312-8410-52cde48ab54f,c5,c1,1011,?,x1,
1768610365.614519,RECEIVED,81fa99d1-76ce-479d-a160-e34d5e36459a,7759ed0c-16c6-41e3-90d2-9e1c855e7506,c5,c1,1456,e3,?,
1768610366.1390917,SENT,81fa99d1-76ce-479d-a160-e34d5e36459a,7759ed0c-16c6-41e3-90d2-9e1c855e7506,c5,c1,1019,?,x11,
1768610366.1391363,FORWARDED,81fa99d1-76ce-479d-a160-e34d5e36459a,7759ed0c-16c6-41e3-90d2-9e1c855e7506,c5,c1,1019,?,x11,
1768610367.0263247,RECEIVED,97c53566-3800-4712-8693-d05b74eae8b2,69fd2b9e-c34f-4009-bfee-77d773740f27,c1,c4,1444,e6,?,
1768610367.0678933,SENT,97c53566-3800-4712-8693-d05b74eae8b2,69fd2b9e-c34f-4009-bfee-77d773740f27,c1,c4,1011,?,x5,
1768610367.0679383,FORWARDED,97c53566-3800-4712-8693-d05b74eae8b2,69fd2b9e-c34f-4009-bfee-77d773740f27,c1,c4,1011,?,x5,
1768610367.7231493,RECEIVED,a646b8ce-9268-44a6-b66b-1a0ca6762d15,24419989-ddb3-4838-9955-1c59b6733ac9,c5,c3,1456,e12,?,
1768610367.9139428,SENT,a646b8ce-9268-44a6-b66b-1a0ca6762d15,24419989-ddb3-4838-9955-1c59b6733ac9,c5,c3,1019,?,x9,
1768610367.9141161,FORWARDED,a646b8ce-9268-44a6-b66b-1a0ca6762d15,24419989-ddb3-4838-9955-1c59b6733ac9,c5,c3,1019,?,x9,
1768610368.1685185,RECEIVED,b61eac33-5ccd-473d-a8cc-75630ecbe239,a7b5e756-10f0-4021-9c82-efc4faa1eb82,c1,c2,1444,e9,?,
1768610368.2593255,SENT,b61eac33-5ccd-473d-a8cc-75630ecbe239,a7b5e756-10f0-4021-9c82-efc4faa1eb82,c1,c2,1011,?,x5,
1768610368.2593675,FORWARDED,b61eac33-5ccd-473d-a8cc-75630ecbe239,a7b5e756-10f0-4021-9c82-efc4faa1eb82,c1,c2,1011,?,x5,
1768610368.421912,RECEIVED,8e631b77-9b12-4556-8a61-630a1d480b85,fda78235-b116-44f1-91de-53a7918bbf93,c4,DROP,444,x5,?,
1768610368.4384928,RECEIVED,fbf288ad-da2d-44df-807c-b2ee23095c87,fd63656e-4ec9-43f8-9a13-e2e6bec6d2b6,c1,DROP,440,x2,?,
1768610368.6249945,RECEIVED,1b2c523a-4d59-4f29-8445-7d492b2333e4,425a6fb1-612d-4429-8c8b-9d84689a1e87,c3,c1,1448,e5,?,
1768610368.834643,RECEIVED,869bf3f8-1c79-4241-9138-fe00194b7d19,e7c68026-6ebf-4ece-b165-7d56db4c3b34,c4,DROP,442,x1,?,
1768610369.0175073,SENT,1b2c523a-4d59-4f29-8445-7d492b2333e4,425a6fb1-612d-4429-8c8b-9d84689a1e87,c3,c1,1013,?,x3,
1768610369.0175514,FORWARDED,1b2c523a-4d59-4f29-8445-7d492b2333e4,425a6fb1-612d-4429-8c8b-9d84689a1e87,c3,c1,1013,?,x3,
1768610369.2310705,RECEIVED,c7563e0b-dd85-47cc-8008-9b3e3be1a90d,0b4f1432-32b6-478c-a288-08c3dce2be69,c1,c2,1445,e6,?,
1768610369.2987406,SENT,c7563e0b-dd85-47cc-8008-9b3e3be1a90d,0b4f1432-32b6-478c-a288-08c3dce2be69,c1,c2,1011,?,x12,
1768610369.2990003,FORWARDED,c7563e0b-dd85-47cc-8008-9b3e3be1a90d,0b4f1432-32b6-478c-a288-08c3dce2be69,c1,c2,1011,?,x12,
1768610369.9700449,RECEIVED,7335fd18-875f-40cd-8e0b-61068284fc47,530a900d-1ebf-40eb-a51d-07c634aeb68b,c3,DROP,441,x12,?,
1768610370.3588772,RECEIVED,624d0016-1ea7-47b3-9d9b-dcdf7315a881,c9b0f1a6-f126-440c-943a-2b061e5c7667,c2,c3,1452,e8,?,
1768610370.3654168,RECEIVED,3be9a47b-0d98-4635-b004-927367086466,d112122c-98d3-49bd-bac9-f2ff8b65d8a5,c1,c2,1448,e2,?,
1768610370.5280871,RECEIVED,cda5c519-4419-46b0-b316-b3ac0a9cacd0,5d4e246c-782a-45f0-8b81-ec6877a81e8f,c4,c5,1451,e2,?,
1768610370.5955076,SENT,624d0016-1ea7-47b3-9d9b-dcdf7315a881,c9b0f1a6-f126-440c-943a-2b061e5c7667,c2,c3,1016,?,x9,
1768610370.5955658,FORWARDED,624d0016-1ea7-47b3-9d9b-dcdf7315a881,c9b0f1a6-f126-440c-943a-2b061e5c7667,c2,c3,1016,?,x9,
1768610370.828006,SENT,cda5c519-4419-46b0-b316-b3ac0a9cacd0,5d4e246c-782a-45f0-8b81-ec6877a81e8f,c4,c5,1016,?,x4,
1768610370.8280952,FORWARDED,cda5c519-4419-46b0-b316-b3ac0a9cacd0,5d4e246c-782a-45f0-8b81-ec6877a81e8f,c4,c5,1016,?,x4,
1768610370.8400614,RECEIVED,2597091e-6490-4f97-8d2f-df281e0c3121,429ff911-1141-40c2-94ca-c694e8ccc8dd,c5,c1,1462,e11,?,
1768610370.8531065,RECEIVED,39db14e1-da3f-42bc-8b2a-c25c7af34c2c,7dec5de6-b139-4236-b988-af973b284ba0,c1,c4,1452,e11,?,
1768610371.048904,SENT,3be9a47b-0d98-4635-b004-927367086466,d112122c-98d3-49bd-bac9-f2ff8b65d8a5,c1,c2,1012,?,x10,
1768610371.0489545,FORWARDED,3be9a47b-0d98-4635-b004-927367086466,d112122c-98d3-49bd-bac9-f2ff8b65d8a5,c1,c2,1012,?,x10,
1768610371.2936647,RECEIVED,e08865c4-8930-4bc0-aa44-b64bcb0d686e,6ce46ae6-4dc1-43dc-84e1-a4791aea004b,c5,c4,1456,e8,?,
1768610371.2949665,SENT,39db14e1-da3f-42bc-8b2a-c25c7af34c2c,7dec5de6-b139-4236-b988-af973b284ba0,c1,c4,1015,?,x1,
1768610371.2950065,FORWARDED,39db14e1-da3f-42bc-8b2a-c25c7af34c2c,7dec5de6-b139-4236-b988-af973b284ba0,c1,c4,1015,?,x1,
1768610371.385233,SENT,2597091e-6490-4f97-8d2f-df281e0c3121,429ff911-1141-40c2-94ca-c694e8ccc8dd,c5,c1,1026,?,x8,
1768610371.3852777,FORWARDED,2597091e-6490-4f97-8d2f-df281e0c3121,429ff911-1141-40c2-94ca-c694e8ccc8dd,c5,c1,1026,?,x8,
1768610371.5170424,RECEIVED,24b6cb86-2228-4bb9-82cc-79cf150e78e3,abc2ad63-88af-4a68-914e-5aff40b532fb,c1,DROP,1007,e1,?,
1768610371.9202034,SENT,24b6cb86-2228-4bb9-82cc-79cf150e78e3,abc2ad63-88af-4a68-914e-5aff40b532fb,c1,DROP,684,?,x1,
1768610371.9202485,FORWARDED,24b6cb86-2228-4bb9-82cc-79cf150e78e3,abc2ad63-88af-4a68-914e-5aff40b532fb,c1,DROP,684,?,x1,
1768610371.9328184,SENT,e08865c4-8930-4bc0-aa44-b64bcb0d686e,6ce46ae6-4dc1-43dc-84e1-a4791aea004b,c5,c4,1020,?,x10,
1768610371.9328597,FORWARDED,e08865c4-8930-4bc0-aa44-b64bcb0d686e,6ce46ae6-4dc1-43dc-84e1-a4791aea004b,c5,c4,1020,?,x10,
1768610372.0639334,RECEIVED,a8497d71-b321-457f-b1ef-bacbf2b4b672,9d45f603-6332-4b65-a7f8-a496b30efcf4,c1,c3,1455,e12,?,
1768610372.1197,RECEIVED,1ceff20c-b34e-4a77-a8ec-0de3e4279fbf,b2598a92-fd38-4726-963b-bee732f12444,c4,c2,1452,e9,?,
1768610372.1241987,RECEIVED,079329cb-c19d-4f84-9165-ab2c37f87874,9cf8d63c-40b6-4039-ae5a-ccf2d674ab12,c4,c2,1464,e10,?,
1768610372.1787457,SENT,1ceff20c-b34e-4a77-a8ec-0de3e4279fbf,b2598a92-fd38-4726-963b-bee732f12444,c4,c2,1017,?,x1,
1768610372.1787865,FORWARDED,1ceff20c-b34e-4a77-a8ec-0de3e4279fbf,b2598a92-fd38-4726-963b-bee732f12444,c4,c2,1017,?,x1,
1768610372.2412174,SENT,079329cb-c19d-4f84-9165-ab2c37f87874,9cf8d63c-40b6-4039-ae5a-ccf2d674ab12,c4,c2,1024,?,x7,
1768610372.241258,FORWARDED,079329cb-c19d-4f84-9165-ab2c37f87874,9cf8d63c-40b6-4039-ae5a-ccf2d674ab12,c4,c2,1024,?,x7,
1768610372.2654254,RECEIVED,7d18d93d-884d-4c80-8d2d-49ae84de1ce2,f09b23e5-09ab-470f-885e-b276f794429c,c1,c2,1463,e12,?,
1768610372.5800793,SENT,a8497d71-b321-457f-b1ef-bacbf2b4b672,9d45f603-6332-4b65-a7f8-a496b30efcf4,c1,c3,1020,?,x3,
1768610372.5801234,FORWARDED,a8497d71-b321-457f-b1ef-bacbf2b4b672,9d45f603-6332-4b65-a7f8-a496b30efcf4,c1,c3,1020,?,x3,
1768610372.7158022,SENT,7d18d93d-884d-4c80-8d2d-49ae84de1ce2,f09b23e5-09ab-470f-885e-b276f794429c,c1,c2,1025,?,x9,
1768610372.715881,FORWARDED,7d18d93d-884d-4c80-8d2d-49ae84de1ce2,f09b23e5-09ab-470f-885e-b276f794429c,c1,c2,1025,?,x9,
1768610372.7484088,RECEIVED,284c2008-fe1f-49ab-860b-b04ead38bea3,9727861b-9148-4783-b033-70e2c71c384b,c4,c5,1449,e2,?,
1768610372.8952973,RECEIVED,90b8e5b4-f3e4-4148-8735-5669bc83545f,253424dd-7bc1-45a7-b8b7-7cccdfeccac1,c1,c3,1458,e9,?,
1768610372.9584155,SENT,90b8e5b4-f3e4-4148-8735-5669bc83545f,253424dd-7bc1-45a7-b8b7-7cccdfeccac1,c1,c3,1019,?,x11,
1768610372.9584556,FORWARDED,90b8e5b4-f3e4-4148-8735-5669bc83545f,253424dd-7bc1-45a7-b8b7-7cccdfeccac1,c1,c3,1019,?,x11,
1768610373.1931171,SENT,284c2008-fe1f-49ab-860b-b04ead38bea3,9727861b-9148-4783-b033-70e2c71c384b,c4,c5,1012,?,x11,
1768610373.1931593,FORWARDED,284c2008-fe1f-49ab-860b-b04ead38bea3,9727861b-9148-4783-b033-70e2c71c384b,c4,c5,1012,?,x11,
1768610373.2806306,RECEIVED,2070be35-71c8-4450-badd-10afce217163,d2245711-c746-406d-ade9-a98fb8a88cdc,c2,DROP,1016,e4,?,
1768610373.403575,SENT,2070be35-71c8-4450-badd-10afce217163,d2245711-c746-406d-ade9-a98fb8a88cdc,c2,DROP,689,?,x7,
1768610373.4036188,FORWARDED,2070be35-71c8-4450-badd-10afce217163,d2245711-c746-406d-ade9-a98fb8a88cdc,c2,DROP,689,?,x7,
1768610373.6274192,RECEIVED,33084aa9-e878-4127-9237-378a611cd1eb,51a23789-014b-489f-bbe9-cd9c8175bfb2,c3,c2,1455,e5,?,
1768610373.7179372,RECEIVED,79275df5-4437-4fb0-8127-812b551b74b4,4a68abd4-fc44-4c9e-8fff-13f709745e17,c3,c1,1461,e6,?,
1768610373.8929856,RECEIVED,1f931206-81d8-4eeb-b777-5d77bf2a851d,a23f88da-a7ac-496a-b2d1-0034c3a6e30e,c4,DROP,1007,e5,?,
1768610374.0162241,SENT,79275df5-4437-4fb0-8127-812b551b74b4,4a68abd4-fc44-4c9e-8fff-13f709745e17,c3,c1,1021,?,x12,
1768610374.0162659,FORWARDED,79275df5-4437-4fb0-8127-812b551b74b4,4a68abd4-fc44-4c9e-8fff-13f709745e17,c3,c1,1021,?,x12,
1768610374.1092944,RECEIVED,5889d874-bf84-4d5e-a296-149bbdf87f11,e460d099-3c8f-48f2-aeee-f2065cdb939f,c3,DROP,1007,e6,?,
1768610374.2090864,RECEIVED,1169b7d6-f417-424a-9753-c42b3f2127a0,9856e307-63c6-4b4a-a964-e30ae86565ec,c4,c1,1443,e3,?,
1768610374.3187437,SENT,1f931206-81d8-4eeb-b777-5d77bf2a851d,a23f88da-a7ac-496a-b2d1-0034c3a6e30e,c4,DROP,683,?,x7,
1768610374.3187869,FORWARDED,1f931206-81d8-4eeb-b777-5d77bf2a851d,a23f88da-a7ac-496a-b2d1-0034c3a6e30e,c4,DROP,683,?,x7,
1768610374.622745,SENT,5889d874-bf84-4d5e-a296-149bbdf87f11,e460d099-3c8f-48f2-aeee-f2065cdb939f,c3,DROP,684,?,x2,
1768610374.6227884,FORWARDED,5889d874-bf84-4d5e-a296-149bbdf87f11,e460d099-3c8f-48f2-aeee-f2065cdb939f,c3,DROP,684,?,x2,
1768610374.6333575,RECEIVED,a8c1c87a-548e-4bef-955e-12e790aedc15,f94b3af5-c346-40a4-ac4a-ecf56d83ce02,c2,c4,1460,e2,?,
1768610374.7128553,SENT,a8c1c87a-548e-4bef-955e-12e790aedc15,f94b3af5-c346-40a4-ac4a-ecf56d83ce02,c2,c4,1023,?,x12,
1768610374.7128975,FORWARDED,a8c1c87a-548e-4bef-955e-12e790aedc15,f94b3af5-c346-40a4-ac4a-ecf56d83ce02,c2,c4,1023,?,x12,
1768610374.7144282,SENT,33084aa9-e878-4127-9237-378a611cd1eb,51a23789-014b-489f-bbe9-cd9c8175bfb2,c3,c2,1020,?,x11,
1768610374.7144668,FORWARDED,33084aa9-e878-4127-9237-378a611cd1eb,51a23789-014b-489f-bbe9-cd9c8175bfb2,c3,c2,1020,?,x11,
1768610374.872386,RECEIVED,104736f2-2f4d-4ae9-91d5-517d96507136,c9b2a382-48d1-4469-912a-a05f2cde89b4,c5,c3,1451,e4,?,
1768610375.0264394,SENT,104736f2-2f4d-4ae9-91d5-517d96507136,c9b2a382-48d1-4469-912a-a05f2cde89b4,c5,c3,1016,?,x8,
1768610375.0264812,FORWARDED,104736f2-2f4d-4ae9-91d5-517d96507136,c9b2a382-48d1-4469-912a-a05f2cde89b4,c5,c3,1016,?,x8,
1768610375.0779035,RECEIVED,7ac2a6f9-bd0b-467c-b63c-bb53a78aade1,a992ec3b-85b3-4976-8c7a-b6462c34d2b5,c3,c1,1456,e4,?,
1768610375.4454956,RECEIVED,0b5d9f3a-bbbc-46ce-8557-d9613958b0ee,ef5a0b37-6f39-440e-99bc-ff164d03320d,c3,c4,1446,e5,?,
1768610375.70679,RECEIVED,a3c25d50-863e-475b-90f2-e2bfa9513cee,f0eb31c8-20d8-438e-a5fd-90a1767af593,c1,c2,1442,e7,?,
1768610375.7202644,SENT,1169b7d6-f417-424a-9753-c42b3f2127a0,9856e307-63c6-4b4a-a964-e30ae86565ec,c4,c1,1011,?,x3,
1768610375.7203352,FORWARDED,1169b7d6-f417-424a-9753-c42b3f2127a0,9856e307-63c6-4b4a-a964-e30ae86565ec,c4,c1,1011,?,x3,
1768610376.4577441,RECEIVED,2b55ea23-3eb6-45eb-b572-ff857e9a7b41,55311477-a8bb-4881-87cf-131dcc42acf9,c2,c4,1447,e2,?,
1768610376.5423245,SENT,a3c25d50-863e-475b-90f2-e2bfa9513cee,f0eb31c8-20d8-438e-a5fd-90a1767af593,c1,c2,1011,?,x6,
1768610376.5423684,FORWARDED,a3c25d50-863e-475b-90f2-e2bfa9513cee,f0eb31c8-20d8-438e-a5fd-90a1767af593,c1,c2,1011,?,x6,
1768610376.585942,RECEIVED,09252615-b0ae-46c4-8fbb-a15e8f600ad6,755023c4-0182-4d23-a584-f1268f734950,c4,c2,1456,e10,?,
1768610376.6498704,RECEIVED,2e0a9381-4e90-4b7f-a4f8-c1c44388e1b1,68e69658-d74f-4d86-845c-e40eac6a265e,c1,c3,1448,e12,?,
1768610376.6559944,SENT,7ac2a6f9-bd0b-467c-b63c-bb53a78aade1,a992ec3b-85b3-4976-8c7a-b6462c34d2b5,c3,c1,1020,?,x10,
1768610376.6560366,FORWARDED,7ac2a6f9-bd0b-467c-b63c-bb53a78aade1,a992ec3b-85b3-4976-8c7a-b6462c34d2b5,c3,c1,1020,?,x10,
1768610376.7487059,SENT,2e0a9381-4e90-4b7f-a4f8-c1c44388e1b1,68e69658-d74f-4d86-845c-e40eac6a265e,c1,c3,1013,?,x3,
1768610376.748748,FORWARDED,2e0a9381-4e90-4b7f-a4f8-c1c44388e1b1,68e69658-d74f-4d86-845c-e40eac6a265e,c1,c3,1013,?,x3,
1768610376.7842064,RECEIVED,a14e5820-f9e6-452d-a333-7b408737771b,329d0f24-4001-4266-ac50-c799d28f157f,c2,c3,1443,e8,?,
1768610376.8926427,RECEIVED,8e068dda-a48d-458d-bed1-81df1718da17,dafb5f2d-77b8-42ae-a2c0-5e57806d3fa3,c3,c4,1450,e2,?,
1768610376.950503,SENT,8e068dda-a48d-458d-bed1-81df1718da17,dafb5f2d-77b8-42ae-a2c0-5e57806d3fa3,c3,c4,1013,?,x10,
1768610376.9505455,FORWARDED,8e068dda-a48d-458d-bed1-81df1718da17,dafb5f2d-77b8-42ae-a2c0-5e57806d3fa3,c3,c4,1013,?,x10,
1768610377.0226119,SENT,2b55ea23-3eb6-45eb-b572-ff857e9a7b41,55311477-a8bb-4881-87cf-131dcc42acf9,c2,c4,1012,?,x8,
1768610377.0226462,FORWARDED,2b55ea23-3eb6-45eb-b572-ff857e9a7b41,55311477-a8bb-4881-87cf-131dcc42acf9,c2,c4,1012,?,x8,
1768610377.1402164,RECEIVED,6e8cc884-7790-4485-81aa-fb8ac1b87fc0,37a7b988-12f1-4de0-bc1b-f185442ca24d,c2,c1,1444,e7,?,
1768610377.2504268,RECEIVED,660659ae-d925-43fd-9073-d9d98d820d4a,9ee6f4fd-5113-4d9e-942f-8ad2e6aaaa29,c4,DROP,1003,e6,?,
1768610377.2809327,SENT,09252615-b0ae-46c4-8fbb-a15e8f600ad6,755023c4-0182-4d23-a584-f1268f734950,c4,c2,1018,?,x11,
1768610377.2809746,FORWARDED,09252615-b0ae-46c4-8fbb-a15e8f600ad6,755023c4-0182-4d23-a584-f1268f734950,c4,c2,1018,?,x11,
1768610377.3030145,RECEIVED,ab5b59b2-2207-4996-9fbc-a18e9837c589,93e56ce2-199d-4af4-9eb0-4772dc47fb76,c4,c5,1452,e8,?,
1768610377.3690119,SENT,a14e5820-f9e6-452d-a333-7b408737771b,329d0f24-4001-4266-ac50-c799d28f157f,c2,c3,1011,?,x4,
1768610377.3690627,FORWARDED,a14e5820-f9e6-452d-a333-7b408737771b,329d0f24-4001-4266-ac50-c799d28f157f,c2,c3,1011,?,x4,
1768610377.5191193,SENT,6e8cc884-7790-4485-81aa-fb8ac1b87fc0,37a7b988-12f1-4de0-bc1b-f185442ca24d,c2,c1,1011,?,x2,
1768610377.5191631,FORWARDED,6e8cc884-7790-4485-81aa-fb8ac1b87fc0,37a7b988-12f1-4de0-bc1b-f185442ca24d,c2,c1,1011,?,x2,
1768610377.543194,RECEIVED,fdfa2d14-0b38-4e53-acf1-93aa62fa6ef0,be9710b3-64ba-4c68-99a5-a411c7f22c45,c2,c3,1460,e12,?,
1768610377.6212003,SENT,fdfa2d14-0b38-4e53-acf1-93aa62fa6ef0,be9710b3-64ba-4c68-99a5-a411c7f22c45,c2,c3,1023,?,x2,
1768610377.6212435,FORWARDED,fdfa2d14-0b38-4e53-acf1-93aa62fa6ef0,be9710b3-64ba-4c68-99a5-a411c7f22c45,c2,c3,1023,?,x2,
1768610377.742764,SENT,0b5d9f3a-bbbc-46ce-8557-d9613958b0ee,ef5a0b37-6f39-440e-99bc-ff164d03320d,c3,c4,1014,?,x7,
1768610377.742844,FORWARDED,0b5d9f3a-bbbc-46ce-8557-d9613958b0ee,ef5a0b37-6f39-440e-99bc-ff164d03320d,c3,c4,1014,?,x7,
1768610377.7663598,RECEIVED,26c62f64-b749-4cb3-bcf8-a7d4264028dd,6ac86db4-79f5-4c1b-8bf3-26376da70de2,c3,c4,1434,e8,?,
1768610377.8907502,SENT,660659ae-d925-43fd-9073-d9d98d820d4a,9ee6f4fd-5113-4d9e-942f-8ad2e6aaaa29,c4,DROP,680,?,x2,
1768610377.890789,FORWARDED,660659ae-d925-43fd-9073-d9d98d820d4a,9ee6f4fd-5113-4d9e-942f-8ad2e6aaaa29,c4,DROP,680,?,x2,
1768610378.1477168,SENT,ab5b59b2-2207-4996-9fbc-a18e9837c589,93e56ce2-199d-4af4-9eb0-4772dc47fb76,c4,c5,1015,?,x10,
1768610378.1477585,FORWARDED,ab5b59b2-2207-4996-9fbc-a18e9837c589,93e56ce2-199d-4af4-9eb0-4772dc47fb76,c4,c5,1015,?,x10,
1768610378.3052697,RECEIVED,4e3cd1a1-d75f-47d8-b7f9-a2e614a01231,85ea70a3-5dd3-40cc-8ae4-6e4762aa4adb,c4,c3,1455,e12,?,
1768610378.3696694,RECEIVED,b6cc4e7f-9da9-4978-886a-9f83521d7085,83444fd6-2e08-4c5d-8358-6828efb002e6,c1,c3,1444,e1,?,
1768610378.417686,SENT,4e3cd1a1-d75f-47d8-b7f9-a2e614a01231,85ea70a3-5dd3-40cc-8ae4-6e4762aa4adb,c4,c3,1020,?,x9,
1768610378.4177272,FORWARDED,4e3cd1a1-d75f-47d8-b7f9-a2e614a01231,85ea70a3-5dd3-40cc-8ae4-6e4762aa4adb,c4,c3,1020,?,x9,
1768610378.5761023,RECEIVED,8aa397ef-a6e2-4b2c-b014-fa009805fb1e,9f93bd82-fa53-41a7-a7e5-83dcf3e1c19d,c3,c1,1443,e5,?,
1768610378.5856996,RECEIVED,d63bc70d-a5a3-4da7-9478-46312940b68b,3183c52a-98fe-49c0-bb5f-dd90ffba44f6,c1,DROP,1016,e3,?,
1768610378.7016387,SENT,b6cc4e7f-9da9-4978-886a-9f83521d7085,83444fd6-2e08-4c5d-8358-6828efb002e6,c1,c3,1011,?,x7,
1768610378.701681,FORWARDED,b6cc4e7f-9da9-4978-886a-9f83521d7085,83444fd6-2e08-4c5d-8358-6828efb002e6,c1,c3,1011,?,x7,
1768610378.7195656,SENT,26c62f64-b749-4cb3-bcf8-a7d4264028dd,6ac86db4-79f5-4c1b-8bf3-26376da70de2,c3,c4,1003,?,x7,
1768610378.7196052,FORWARDED,26c62f64-b749-4cb3-bcf8-a7d4264028dd,6ac86db4-79f5-4c1b-8bf3-26376da70de2,c3,c4,1003,?,x7,
1768610378.748136,RECEIVED,315a5703-f405-4dae-9779-78d9ec2c7dda,87d7bbd7-032d-4cfe-aedc-8fd75d998cfb,c4,c5,1443,e2,?,
1768610378.9486275,RECEIVED,8e4e0d40-8a59-4ce8-8a9d-f485cbbb5525,0ab656ce-5fbe-49b8-ba80-0c71cdbb7a39,c3,c5,1448,e9,?,
1768610379.0878942,SENT,8aa397ef-a6e2-4b2c-b014-fa009805fb1e,9f93bd82-fa53-41a7-a7e5-83dcf3e1c19d,c3,c1,1011,?,x5,
1768610379.0879364,FORWARDED,8aa397ef-a6e2-4b2c-b014-fa009805fb1e,9f93bd82-fa53-41a7-a7e5-83dcf3e1c19d,c3,c1,1011,?,x5,
1768610379.1008418,RECEIVED,4c570f1f-142c-47ae-8d5e-439008bf540f,f4f7cd07-c9ee-4ba4-a59c-05bec42cf85a,c1,c4,1453,e1,?,
1768610379.1262321,RECEIVED,c5808f80-2b9d-464c-bb08-196cc065c08a,8bbac5fc-8c4d-4d88-8ae4-30e434b9f9d6,c5,DROP,442,x11,?,
1768610379.15621,SENT,4c570f1f-142c-47ae-8d5e-439008bf540f,f4f7cd07-c9ee-4ba4-a59c-05bec42cf85a,c1,c4,1015,?,x8,
1768610379.156256,FORWARDED,4c570f1f-142c-47ae-8d5e-439008bf540f,f4f7cd07-c9ee-4ba4-a59c-05bec42cf85a,c1,c4,1015,?,x8,
1768610379.158696,SENT,315a5703-f405-4dae-9779-78d9ec2c7dda,87d7bbd7-032d-4cfe-aedc-8fd75d998cfb,c4,c5,1011,?,x9,
1768610379.1587353,FORWARDED,315a5703-f405-4dae-9779-78d9ec2c7dda,87d7bbd7-032d-4cfe-aedc-8fd75d998cfb,c4,c5,1011,?,x9,
1768610379.2135575,SENT,d63bc70d-a5a3-4da7-9478-46312940b68b,3183c52a-98fe-49c0-bb5f-dd90ffba44f6,c1,DROP,688,?,x11,
1768610379.2135959,FORWARDED,d63bc70d-a5a3-4da7-9478-46312940b68b,3183c52a-98fe-49c0-bb5f-dd90ffba44f6,c1,DROP,688,?,x11,
1768610379.3668857,SENT,8e4e0d40-8a59-4ce8-8a9d-f485cbbb5525,0ab656ce-5fbe-49b8-ba80-0c71cdbb7a39,c3,c5,1012,?,x4,
1768610379.3669374,FORWARDED,8e4e0d40-8a59-4ce8-8a9d-f485cbbb5525,0ab656ce-5fbe-49b8-ba80-0c71cdbb7a39,c3,c5,1012,?,x4,
1768610379.4983754,RECEIVED,6483d7df-121e-4230-a5e0-2f6acf8ed97c,55a780f8-53f7-4a4b-a6b7-0d1898bb1384,c3,c4,1451,e2,?,
1768610379.6725328,RECEIVED,e845077b-43e1-4d73-98fe-943904555b3d,584c6402-10f9-482c-b9cc-f42986bc8197,c4,c5,1450,e3,?,
1768610379.7611668,SENT,e845077b-43e1-4d73-98fe-943904555b3d,584c6402-10f9-482c-b9cc-f42986bc8197,c4,c5,1015,?,x2,
1768610379.761208,FORWARDED,e845077b-43e1-4d73-98fe-943904555b3d,584c6402-10f9-482c-b9cc-f42986bc8197,c4,c5,1015,?,x2,
1768610379.8184624,RECEIVED,5fa8d42d-213f-427b-8f33-5b5bc9f00fbd,2470cadc-91ba-431f-a81c-77f613021137,c1,c2,1462,e10,?,
1768610380.08814,RECEIVED,e0bfa505-df0e-466f-846f-3609a2c142af,e18e6f57-698b-40ae-97e1-0681e0031e66,c2,c5,1456,e2,?,
1768610380.1688857,SENT,e0bfa505-df0e-466f-846f-3609a2c142af,e18e6f57-698b-40ae-97e1-0681e0031e66,c2,c5,1020,?,x2,
1768610380.1689475,FORWARDED,e0bfa505-df0e-466f-846f-3609a2c142af,e18e6f57-698b-40ae-97e1-0681e0031e66,c2,c5,1020,?,x2,
1768610380.3045084,RECEIVED,cf916c16-5f82-4e70-a71f-cfc38caa69dd,d1cad9ca-ddda-4a02-9d3b-a4aad76ca9f2,c1,DROP,1008,e10,?,
1768610380.4080682,SENT,cf916c16-5f82-4e70-a71f-cfc38caa69dd,d1cad9ca-ddda-4a02-9d3b-a4aad76ca9f2,c1,DROP,683,?,x8,
1768610380.4081087,FORWARDED,cf916c16-5f82-4e70-a71f-cfc38caa69dd,d1cad9ca-ddda-4a02-9d3b-a4aad76ca9f2,c1,DROP,683,?,x8,
1768610380.5548668,SENT,6483d7df-121e-4230-a5e0-2f6acf8ed97c,55a780f8-53f7-4a4b-a6b7-0d1898bb1384,c3,c4,1016,?,x2,
1768610380.554912,FORWARDED,6483d7df-121e-4230-a5e0-2f6acf8ed97c,55a780f8-53f7-4a4b-a6b7-0d1898bb1384,c3,c4,1016,?,x2,
1768610380.8498657,SENT,5fa8d42d-213f-427b-8f33-5b5bc9f00fbd,2470cadc-91ba-431f-a81c-77f613021137,c1,c2,1024,?,x6,
1768610380.8499043,FORWARDED,5fa8d42d-213f-427b-8f33-5b5bc9f00fbd,2470cadc-91ba-431f-a81c-77f613021137,c1,c2,1024,?,x6,
1768610380.9985054,RECEIVED,3dfc2e6e-d02d-41d1-bee5-55e65407a34f,4cd15a72-7cdf-4e72-8956-50af3ccb8c77,c2,c1,1448,e5,?,
1768610381.0592005,RECEIVED,d9661fc6-44b7-488e-b3c6-941397cc69db,ee6381cf-79b2-407d-8d58-b55a77a40b57,c1,DROP,1003,e7,?,
1768610381.129726,SENT,3dfc2e6e-d02d-41d1-bee5-55e65407a34f,4cd15a72-7cdf-4e72-8956-50af3ccb8c77,c2,c1,1012,?,x7,
1768610381.1297684,FORWARDED,3dfc2e6e-d02d-41d1-bee5-55e65407a34f,4cd15a72-7cdf-4e72-8956-50af3ccb8c77,c2,c1,1012,?,x7,
1768610381.3344743,RECEIVED,02c6d67a-cd8f-4497-a268-ffc6f5b0a865,4e0711ef-8d15-4798-a4ee-459c49f1374a,c3,c1,1453,e11,?,
1768610381.6196082,SENT,02c6d67a-cd8f-4497-a268-ffc6f5b0a865,4e0711ef-8d15-4798-a4ee-459c49f1374a,c3,c1,1016,?,x10,
1768610381.6196501,FORWARDED,02c6d67a-cd8f-4497-a268-ffc6f5b0a865,4e0711ef-8d15-4798-a4ee-459c49f1374a,c3,c1,1016,?,x10,
1768610381.6927238,SENT,d9661fc6-44b7-488e-b3c6-941397cc69db,ee6381cf-79b2-407d-8d58-b55a77a40b57,c1,DROP,679,?,x4,
1768610381.692767,FORWARDED,d9661fc6-44b7-488e-b3c6-941397cc69db,ee6381cf-79b2-407d-8d58-b55a77a40b57,c1,DROP,679,?,x4,
1768610382.2836525,RECEIVED,902db400-7a41-4454-87ea-d2fbfa3d9ac8,12b6200e-549f-4020-b833-22163e4ae197,c3,DROP,1012,e4,?,
1768610382.2932086,RECEIVED,a95be374-d138-4fea-a46e-9acdf81e3cc3,d7f5de4a-41fc-4632-907b-e18d4be347c7,c2,c1,1452,e6,?,
1768610382.3188105,SENT,902db400-7a41-4454-87ea-d2fbfa3d9ac8,12b6200e-549f-4020-b833-22163e4ae197,c3,DROP,687,?,x4,
1768610382.3188546,FORWARDED,902db400-7a41-4454-87ea-d2fbfa3d9ac8,12b6200e-549f-4020-b833-22163e4ae197,c3,DROP,687,?,x4,
1768610382.3817258,SENT,a95be374-d138-4fea-a46e-9acdf81e3cc3,d7f5de4a-41fc-4632-907b-e18d4be347c7,c2,c1,1015,?,x6,
1768610382.3817692,FORWARDED,a95be374-d138-4fea-a46e-9acdf81e3cc3,d7f5de4a-41fc-4632-907b-e18d4be347c7,c2,c1,1015,?,x6,
1768610382.4190583,RECEIVED,f91ad550-2529-47ca-9393-380b4e8f9863,02613c58-d112-4640-8546-adeeded3b888,c3,c5,1447,e1,?,
1768610382.5275311,RECEIVED,92405b94-c03a-48fe-a26a-3dc5211b494d,35904012-d0cb-4a63-af09-0b59c8b4af3d,c2,c3,1446,e7,?,
1768610382.9377997,RECEIVED,520e7265-ab64-4d3f-93c8-b28580b0754a,4471f544-2584-48b6-86ed-79fb75f1d68d,c3,c2,1448,e2,?,
1768610383.1004553,SENT,520e7265-ab64-4d3f-93c8-b28580b0754a,4471f544-2584-48b6-86ed-79fb75f1d68d,c3,c2,1012,?,x6,
1768610383.1005054,FORWARDED,520e7265-ab64-4d3f-93c8-b28580b0754a,4471f544-2584-48b6-86ed-79fb75f1d68d,c3,c2,1012,?,x6,
1768610383.206412,RECEIVED,64cd3841-614f-4d98-b6a5-31f6b371835f,7561342b-0bdd-4ff0-8ac4-91018f8b98db,c3,c4,1451,e7,?,
1768610383.285357,SENT,92405b94-c03a-48fe-a26a-3dc5211b494d,35904012-d0cb-4a63-af09-0b59c8b4af3d,c2,c3,1012,?,x2,
1768610383.2853982,FORWARDED,92405b94-c03a-48fe-a26a-3dc5211b494d,35904012-d0cb-4a63-af09-0b59c8b4af3d,c2,c3,1012,?,x2,
1768610383.3492134,SENT,f91ad550-2529-47ca-9393-380b4e8f9863,02613c58-d112-4640-8546-adeeded3b888,c3,c5,1012,?,x7,
1768610383.349255,FORWARDED,f91ad550-2529-47ca-9393-380b4e8f9863,02613c58-d112-4640-8546-adeeded3b888,c3,c5,1012,?,x7,
1768610383.7869005,SENT,64cd3841-614f-4d98-b6a5-31f6b371835f,7561342b-0bdd-4ff0-8ac4-91018f8b98db,c3,c4,1015,?,x4,
1768610383.7869434,FORWARDED,64cd3841-614f-4d98-b6a5-31f6b371835f,7561342b-0bdd-4ff0-8ac4-91018f8b98db,c3,c4,1015,?,x4,
1768610383.7877357,RECEIVED,d9fe98a3-ef07-4602-99a4-329ca8bb4474,ddf72e71-76ac-4ae4-9e05-0ee73001db35,c3,c2,1456,e11,?,
1768610383.8361459,SENT,d9fe98a3-ef07-4602-99a4-329ca8bb4474,ddf72e71-76ac-4ae4-9e05-0ee73001db35,c3,c2,1018,?,x4,
1768610383.8361886,FORWARDED,d9fe98a3-ef07-4602-99a4-329ca8bb4474,ddf72e71-76ac-4ae4-9e05-0ee73001db35,c3,c2,1018,?,x4,
1768610384.2038782,RECEIVED,fba501cd-5f0f-492b-b2eb-a7b2e4f78e2a,49fde8e1-8272-4f74-9fe7-8c05f6c8aa44,c1,c2,1464,e10,?,
1768610384.2377045,SENT,fba501cd-5f0f-492b-b2eb-a7b2e4f78e2a,49fde8e1-8272-4f74-9fe7-8c05f6c8aa44,c1,c2,1024,?,x1,
1768610384.237744,FORWARDED,fba501cd-5f0f-492b-b2eb-a7b2e4f78e2a,49fde8e1-8272-4f74-9fe7-8c05f6c8aa44,c1,c2,1024,?,x1,
1768610384.2795289,RECEIVED,3c649305-708e-412f-a6e2-385d7925946c,c81e68d3-5783-4b85-96db-16bb568e38bb,c3,c2,1453,e3,?,
1768610384.3305,SENT,3c649305-708e-412f-a6e2-385d7925946c,c81e68d3-5783-4b85-96db-16bb568e38bb,c3,c2,1016,?,x6,
1768610384.3305407,FORWARDED,3c649305-708e-412f-a6e2-385d7925946c,c81e68d3-5783-4b85-96db-16bb568e38bb,c3,c2,1016,?,x6,
1768610384.5357704,RECEIVED,014c85b0-6d9d-4afe-8b23-9e65766311f7,783fe97d-0b47-4c63-add2-79b744c10718,c3,c4,1442,e4,?,
1768610384.5708404,RECEIVED,b4b1ffa7-e2c2-4e98-84ea-b6891db4f69e,9d40a972-4dec-4e10-9563-ee888dbdb3b4,c1,c2,1452,e6,?,
1768610384.7990973,SENT,b4b1ffa7-e2c2-4e98-84ea-b6891db4f69e,9d40a972-4dec-4e10-9563-ee888dbdb3b4,c1,c2,1016,?,x9,
1768610384.7991452,FORWARDED,b4b1ffa7-e2c2-4e98-84ea-b6891db4f69e,9d40a972-4dec-4e10-9563-ee888dbdb3b4,c1,c2,1016,?,x9,
1768610385.2300336,RECEIVED,ec482340-35f5-4b50-8f92-ae998930c588,84696a23-6c21-4996-adfe-8f902d38fa1e,c2,c4,1443,e1,?,
1768610385.272032,RECEIVED,6eb04603-b150-4949-a9d8-28bb6d7d05da,24f4018a-50e4-4040-b5cf-94547d5255da,c5,c2,1452,e8,?,
1768610385.315127,RECEIVED,51cdf997-d597-478f-9a39-e4babfef736a,37c6ffae-b1b4-4ac1-a508-9f8358e70b2f,c3,c1,1448,e5,?,
1768610385.3641982,RECEIVED,f53db72b-4cda-43f7-bfb0-aecb3e7faad0,225e109f-290a-4594-9f99-94e0f2083cf9,c4,c1,1443,e7,?,
1768610385.714641,SENT,014c85b0-6d9d-4afe-8b23-9e65766311f7,783fe97d-0b47-4c63-add2-79b744c10718,c3,c4,1011,?,x8,
1768610385.7146826,FORWARDED,014c85b0-6d9d-4afe-8b23-9e65766311f7,783fe97d-0b47-4c63-add2-79b744c10718,c3,c4,1011,?,x8,
1768610385.7539632,SENT,51cdf997-d597-478f-9a39-e4babfef736a,37c6ffae-b1b4-4ac1-a508-9f8358e70b2f,c3,c1,1012,?,x6,
1768610385.7540064,FORWARDED,51cdf997-d597-478f-9a39-e4babfef736a,37c6ffae-b1b4-4ac1-a508-9f8358e70b2f,c3,c1,1012,?,x6,
1768610385.8639061,SENT,ec482340-35f5-4b50-8f92-ae998930c588,84696a23-6c21-4996-adfe-8f902d38fa1e,c2,c4,1011,?,x3,
1768610385.8639486,FORWARDED,ec482340-35f5-4b50-8f92-ae998930c588,84696a23-6c21-4996-adfe-8f902d38fa1e,c2,c4,1011,?,x3,
1768610385.97934,SENT,6eb04603-b150-4949-a9d8-28bb6d7d05da,24f4018a-50e4-4040-b5cf-94547d5255da,c5,c2,1016,?,x10,
1768610385.9794765,FORWARDED,6eb04603-b150-4949-a9d8-28bb6d7d05da,24f4018a-50e4-4040-b5cf-94547d5255da,c5,c2,1016,?,x10,
1768610386.2198253,SENT,f53db72b-4cda-43f7-bfb0-aecb3e7faad0,225e109f-290a-4594-9f99-94e0f2083cf9,c4,c1,1011,?,x3,
1768610386.2198777,FORWARDED,f53db72b-4cda-43f7-bfb0-aecb3e7faad0,225e109f-290a-4594-9f99-94e0f2083cf9,c4,c1,1011,?,x3,
1768610386.8735135,RECEIVED,37918d10-faf4-4d1a-bac3-c004675a9188,e719c52b-6bd8-48fb-b64f-7cb24cc418bd,c3,c1,1456,e5,?,
1768610387.3386753,SENT,37918d10-faf4-4d1a-bac3-c004675a9188,e719c52b-6bd8-48fb-b64f-7cb24cc418bd,c3,c1,1020,?,x2,
1768610387.3387187,FORWARDED,37918d10-faf4-4d1a-bac3-c004675a9188,e719c52b-6bd8-48fb-b64f-7cb24cc418bd,c3,c1,1020,?,x2,
1768610387.6765218,RECEIVED,3ef43181-57cd-4c8f-9659-25d9f5c433eb,e09e45ea-fc73-486b-9a4d-2b5198af8c8f,c3,c5,1447,e5,?,
1768610388.0134702,RECEIVED,4da7851c-68ab-4ad9-ab5d-4356f3cf8185,b5b7208b-9fcb-4004-88f8-8f40a884aaed,c5,c4,1453,e6,?,
1768610388.0840185,SENT,4da7851c-68ab-4ad9-ab5d-4356f3cf8185,b5b7208b-9fcb-4004-88f8-8f40a884aaed,c5,c4,1015,?,x4,
1768610388.084159,FORWARDED,4da7851c-68ab-4ad9-ab5d-4356f3cf8185,b5b7208b-9fcb-4004-88f8-8f40a884aaed,c5,c4,1015,?,x4,
1768610388.223485,RECEIVED,2c15b221-b708-47c2-8679-d8db7938c725,58734e87-910f-49b6-b333-db03713b7944,c4,c2,1447,e1,?,
1768610388.5663438,SENT,3ef43181-57cd-4c8f-9659-25d9f5c433eb,e09e45ea-fc73-486b-9a4d-2b5198af8c8f,c3,c5,1012,?,x7,
1768610388.5664113,FORWARDED,3ef43181-57cd-4c8f-9659-25d9f5c433eb,e09e45ea-fc73-486b-9a4d-2b5198af8c8f,c3,c5,1012,?,x7,
1768610388.595474,RECEIVED,f6c3c5e3-04da-47c4-a40f-ffbd4088f17c,e0453790-ed52-4f6c-a615-22e4b0dad1d7,c2,c5,1452,e1,?,
1768610388.605758,RECEIVED,3e60aec2-fe2f-430e-ba97-e21a9d9da17d,fa7a9614-c7ed-4749-aa99-cd8444071074,c2,c1,1451,e8,?,
1768610388.655592,SENT,f6c3c5e3-04da-47c4-a40f-ffbd4088f17c,e0453790-ed52-4f6c-a615-22e4b0dad1d7,c2,c5,1015,?,x5,
1768610388.655636,FORWARDED,f6c3c5e3-04da-47c4-a40f-ffbd4088f17c,e0453790-ed52-4f6c-a615-22e4b0dad1d7,c2,c5,1015,?,x5,
1768610388.6592042,SENT,2c15b221-b708-47c2-8679-d8db7938c725,58734e87-910f-49b6-b333-db03713b7944,c4,c2,1013,?,x9,
1768610388.659239,FORWARDED,2c15b221-b708-47c2-8679-d8db7938c725,58734e87-910f-49b6-b333-db03713b7944,c4,c2,1013,?,x9,
1768610389.1095672,SENT,3e60aec2-fe2f-430e-ba97-e21a9d9da17d,fa7a9614-c7ed-4749-aa99-cd8444071074,c2,c1,1016,?,x5,
1768610389.1096084,FORWARDED,3e60aec2-fe2f-430e-ba97-e21a9d9da17d,fa7a9614-c7ed-4749-aa99-cd8444071074,c2,c1,1016,?,x5,
1768610389.4986346,RECEIVED,0cb1c5ba-5be1-460f-9f39-802eddd30beb,de89a541-3d46-439e-b6cb-e73efd9aae8b,c4,DROP,1016,e8,?,
1768610389.5832183,RECEIVED,76b1b83d-fd0c-4019-af53-baec5941a869,a3ea02de-bd14-44d8-a5f6-088734406b81,c3,c4,1444,e5,?,
1768610389.7494404,SENT,76b1b83d-fd0c-4019-af53-baec5941a869,a3ea02de-bd14-44d8-a5f6-088734406b81,c3,c4,1011,?,x4,
1768610389.7494848,FORWARDED,76b1b83d-fd0c-4019-af53-baec5941a869,a3ea02de-bd14-44d8-a5f6-088734406b81,c3,c4,1011,?,x4,
1768610389.903904,RECEIVED,8eab5d48-db76-4510-ac0b-e59502d707ba,14c29e9c-ddeb-40fd-85b5-1cce5273d7c3,c1,c4,1457,e4,?,
1768610390.0525515,SENT,0cb1c5ba-5be1-460f-9f39-802eddd30beb,de89a541-3d46-439e-b6cb-e73efd9aae8b,c4,DROP,689,?,x12,
1768610390.0525875,FORWARDED,0cb1c5ba-5be1-460f-9f39-802eddd30beb,de89a541-3d46-439e-b6cb-e73efd9aae8b,c4,DROP,689,?,x12,
1768610390.0934649,SENT,8eab5d48-db76-4510-ac0b-e59502d707ba,14c29e9c-ddeb-40fd-85b5-1cce5273d7c3,c1,c4,1019,?,x11,
1768610390.0935059,FORWARDED,8eab5d48-db76-4510-ac0b-e59502d707ba,14c29e9c-ddeb-40fd-85b5-1cce5273d7c3,c1,c4,1019,?,x11,
1768610390.3629951,RECEIVED,457fd431-8979-462c-9aa7-6e6236908835,95e26548-6f49-4efa-a891-5fb9a27f7204,c3,DROP,1007,e8,?,
1768610390.6115046,RECEIVED,a01c978a-aa7c-4db9-9032-fb1552c7f193,14363d51-4be4-4f57-af70-963408d5b414,c5,c3,1452,e6,?,
1768610390.698389,SENT,a01c978a-aa7c-4db9-9032-fb1552c7f193,14363d51-4be4-4f57-af70-963408d5b414,c5,c3,1015,?,x2,
1768610390.6984415,FORWARDED,a01c978a-aa7c-4db9-9032-fb1552c7f193,14363d51-4be4-4f57-af70-963408d5b414,c5,c3,1015,?,x2,
1768610390.761996,RECEIVED,59c3caea-33bb-45ea-a7c4-7c9472338019,1bc2e45b-cf55-47ec-ac74-e10d784a2f79,c3,c2,1447,e9,?,
1768610391.0317402,RECEIVED,d1efa4f7-8a6f-4e67-aa33-1fced59f23b3,3d5f7a3e-8a40-4d05-b74a-7d52c0583efd,c2,DROP,1015,e9,?,
1768610391.222209,SENT,457fd431-8979-462c-9aa7-6e6236908835,95e26548-6f49-4efa-a891-5fb9a27f7204,c3,DROP,684,?,x8,
1768610391.2222664,FORWARDED,457fd431-8979-462c-9aa7-6e6236908835,95e26548-6f49-4efa-a891-5fb9a27f7204,c3,DROP,684,?,x8,
1768610391.2481158,RECEIVED,75bba27b-2ed4-4856-b955-74abd5153201,028c717c-bd08-4dcf-8724-a4c9ac5ff182,c4,c2,1459,e12,?,
1768610391.43603,SENT,d1efa4f7-8a6f-4e67-aa33-1fced59f23b3,3d5f7a3e-8a40-4d05-b74a-7d52c0583efd,c2,DROP,689,?,x7,
1768610391.4361813,FORWARDED,d1efa4f7-8a6f-4e67-aa33-1fced59f23b3,3d5f7a3e-8a40-4d05-b74a-7d52c0583efd,c2,DROP,689,?,x7,
1768610391.8097951,SENT,75bba27b-2ed4-4856-b955-74abd5153201,028c717c-bd08-4dcf-8724-a4c9ac5ff182,c4,c2,1023,?,x7,
1768610391.8098397,FORWARDED,75bba27b-2ed4-4856-b955-74abd5153201,028c717c-bd08-4dcf-8724-a4c9ac5ff182,c4,c2,1023,?,x7,
1768610392.0517757,SENT,59c3caea-33bb-45ea-a7c4-7c9472338019,1bc2e45b-cf55-47ec-ac74-e10d784a2f79,c3,c2,1012,?,x8,
1768610392.051819,FORWARDED,59c3caea-33bb-45ea-a7c4-7c9472338019,1bc2e45b-cf55-47ec-ac74-e10d784a2f79,c3,c2,1012,?,x8,
1768610392.1914606,RECEIVED,635d1060-ee76-4bfe-81ee-1e24f2a22dad,5fdbb1db-280c-47ba-bac9-5e97c0c5ce6d,c3,c4,1444,e5,?,
1768610392.225011,RECEIVED,2b88c782-ea1b-4c04-8c57-c4a8913e0b59,df9043b8-31e8-463f-9555-483490fda8db,c5,DROP,1007,e11,?,
1768610392.260445,SENT,635d1060-ee76-4bfe-81ee-1e24f2a22dad,5fdbb1db-280c-47ba-bac9-5e97c0c5ce6d,c3,c4,1010,?,x3,
1768610392.2604868,FORWARDED,635d1060-ee76-4bfe-81ee-1e24f2a22dad,5fdbb1db-280c-47ba-bac9-5e97c0c5ce6d,c3,c4,1010,?,x3,
1768610392.3706222,RECEIVED,59a30f0a-91d1-412e-9ac2-b11a44e0141a,8968ab4f-dd40-40f2-b063-0994737a0b00,c5,c1,1451,e1,?,
1768610392.3779573,RECEIVED,6dd2ca10-e17b-4163-bc2c-54bc0ad4e3b7,242573da-5948-4a84-8bd1-e0bcdaed85c9,c2,c1,1443,e5,?,
1768610392.632687,RECEIVED,eb61c0d4-9b2f-400c-abc3-923df9300a68,1827303e-1b01-49b1-bc5a-850068d7d634,c2,DROP,1007,e8,?,
1768610392.6430411,RECEIVED,93b2c67b-fc34-4967-a9d4-8f734466cda2,e5956d99-a084-4f05-aa57-7a329c04ce0f,c4,DROP,1007,e3,?,
1768610392.6752517,RECEIVED,1ce6c2ef-f20b-481c-a016-5340a367bb90,1c82b056-ff6a-412f-a5c7-fa1e682acb9c,c4,DROP,1009,e7,?,
1768610392.7624538,SENT,1ce6c2ef-f20b-481c-a016-5340a367bb90,1c82b056-ff6a-412f-a5c7-fa1e682acb9c,c4,DROP,683,?,x4,
1768610392.762497,FORWARDED,1ce6c2ef-f20b-481c-a016-5340a367bb90,1c82b056-ff6a-412f-a5c7-fa1e682acb9c,c4,DROP,683,?,x4,
1768610392.7924767,SENT,59a30f0a-91d1-412e-9ac2-b11a44e0141a,8968ab4f-dd40-40f2-b063-0994737a0b00,c5,c1,1015,?,x8,
1768610392.7925196,FORWARDED,59a30f0a-91d1-412e-9ac2-b11a44e0141a,8968ab4f-dd40-40f2-b063-0994737a0b00,c5,c1,1015,?,x8,
1768610392.8363533,RECEIVED,8660c601-b511-4039-aece-427d07706f21,71a6c731-24b4-4779-b4a5-37324cfc14d7,c4,c2,1452,e6,?,
1768610392.8680835,SENT,eb61c0d4-9b2f-400c-abc3-923df9300a68,1827303e-1b01-49b1-bc5a-850068d7d634,c2,DROP,684,?,x9,
1768610392.8681247,FORWARDED,eb61c0d4-9b2f-400c-abc3-923df9300a68,1827303e-1b01-49b1-bc5a-850068d7d634,c2,DROP,684,?,x9,
1768610392.876718,SENT,6dd2ca10-e17b-4163-bc2c-54bc0ad4e3b7,242573da-5948-4a84-8bd1-e0bcdaed85c9,c2,c1,1011,?,x5,
1768610392.8767607,FORWARDED,6dd2ca10-e17b-4163-bc2c-54bc0ad4e3b7,242573da-5948-4a84-8bd1-e0bcdaed85c9,c2,c1,1011,?,x5,
1768610392.8939471,SENT,8660c601-b511-4039-aece-427d07706f21,71a6c731-24b4-4779-b4a5-37324cfc14d7,c4,c2,1016,?,x5,
1768610392.8939908,FORWARDED,8660c601-b511-4039-aece-427d07706f21,71a6c731-24b4-4779-b4a5-37324cfc14d7,c4,c2,1016,?,x5,
1768610392.9919975,RECEIVED,7d8fa4a7-bdc4-4917-839c-e5fc50c8cf58,31194171-6b09-47a2-870c-816df5e51e37,c4,c3,1451,e11,?,
1768610393.6005998,SENT,93b2c67b-fc34-4967-a9d4-8f734466cda2,e5956d99-a084-4f05-aa57-7a329c04ce0f,c4,DROP,684,?,x8,
1768610393.6007133,FORWARDED,93b2c67b-fc34-4967-a9d4-8f734466cda2,e5956d99-a084-4f05-aa57-7a329c04ce0f,c4,DROP,684,?,x8,
1768610393.6777408,SENT,2b88c782-ea1b-4c04-8c57-c4a8913e0b59,df9043b8-31e8-463f-9555-483490fda8db,c5,DROP,683,?,x8,
1768610393.6777995,FORWARDED,2b88c782-ea1b-4c04-8c57-c4a8913e0b59,df9043b8-31e8-463f-9555-483490fda8db,c5,DROP,683,?,x8,
1768610395.3524437,SENT,7d8fa4a7-bdc4-4917-839c-e5fc50c8cf58,31194171-6b09-47a2-870c-816df5e51e37,c4,c3,1015,?,x7,
1768610395.3524897,FORWARDED,7d8fa4a7-bdc4-4917-839c-e5fc50c8cf58,31194171-6b09-47a2-870c-816df5e51e37,c4,c3,1015,?,x7,
1768610395.4514632,RECEIVED,30726d9c-18d5-40fa-b8d8-7ed696f951c1,454414b1-25b4-41c9-9527-ffcd9579c9d3,c5,c3,1453,e6,?,
1768610395.4788678,SENT,30726d9c-18d5-40fa-b8d8-7ed696f951c1,454414b1-25b4-41c9-9527-ffcd9579c9d3,c5,c3,1016,?,x3,
1768610395.478909,FORWARDED,30726d9c-18d5-40fa-b8d8-7ed696f951c1,454414b1-25b4-41c9-9527-ffcd9579c9d3,c5,c3,1016,?,x3,
1768610396.1470592,RECEIVED,106c8a7f-1f41-4db6-a4ac-4de47c5aab9c,fa0c0a55-836a-4ac4-9707-d0724ec738c1,c3,DROP,442,x5,?,
1768610396.4447937,RECEIVED,cf607fc3-a883-4cad-9116-55362c7f3713,ea62c1ae-989f-4d0f-a0af-7afac4ed68f7,c1,c4,1456,e11,?,
1768610396.6136782,SENT,cf607fc3-a883-4cad-9116-55362c7f3713,ea62c1ae-989f-4d0f-a0af-7afac4ed68f7,c1,c4,1020,?,x4,
1768610396.6137202,FORWARDED,cf607fc3-a883-4cad-9116-55362c7f3713,ea62c1ae-989f-4d0f-a0af-7afac4ed68f7,c1,c4,1020,?,x4,
1768610396.8759804,RECEIVED,387f09bb-2f3c-45cf-b8e7-2aa59f0fda25,72304bc2-b852-4b7f-93a2-975a7e7b5e53,c1,c2,1455,e1,?,
1768610397.029681,RECEIVED,9e59070e-7e79-4e2c-80bb-205b4e97c0f4,97908cf1-3e20-48d6-bf80-e072704a03fa,c1,c2,1456,e3,?,
1768610397.402994,RECEIVED,ab4b163f-1327-441e-97be-12b5cc25f771,0be963df-b7a0-4387-b97b-18cdaea9edcc,c4,c5,1443,e7,?,
1768610397.4955494,SENT,387f09bb-2f3c-45cf-b8e7-2aa59f0fda25,72304bc2-b852-4b7f-93a2-975a7e7b5e53,c1,c2,1019,?,x4,
1768610397.4955904,FORWARDED,387f09bb-2f3c-45cf-b8e7-2aa59f0fda25,72304bc2-b852-4b7f-93a2-975a7e7b5e53,c1,c2,1019,?,x4,
1768610397.6167586,SENT,9e59070e-7e79-4e2c-80bb-205b4e97c0f4,97908cf1-3e20-48d6-bf80-e072704a03fa,c1,c2,1019,?,x10,
1768610397.6167986,FORWARDED,9e59070e-7e79-4e2c-80bb-205b4e97c0f4,97908cf1-3e20-48d6-bf80-e072704a03fa,c1,c2,1019,?,x10,
1768610397.6853395,RECEIVED,83266ab4-63c2-43b7-aceb-7a03e6598fb1,62a7c745-92eb-4dda-89b6-cabf287d832b,c2,c3,1444,e9,?,
1768610397.8527844,RECEIVED,adce5eb8-9aec-4a4a-aca6-6877af10d647,0f871245-4c7f-4beb-95dc-6d24fec157f1,c1,c3,1456,e7,?,
1768610398.1175678,SENT,adce5eb8-9aec-4a4a-aca6-6877af10d647,0f871245-4c7f-4beb-95dc-6d24fec157f1,c1,c3,1019,?,x9,
1768610398.1176052,FORWARDED,adce5eb8-9aec-4a4a-aca6-6877af10d647,0f871245-4c7f-4beb-95dc-6d24fec157f1,c1,c3,1019,?,x9,
1768610398.191186,SENT,ab4b163f-1327-441e-97be-12b5cc25f771,0be963df-b7a0-4387-b97b-18cdaea9edcc,c4,c5,1011,?,x7,
1768610398.1912282,FORWARDED,ab4b163f-1327-441e-97be-12b5cc25f771,0be963df-b7a0-4387-b97b-18cdaea9edcc,c4,c5,1011,?,x7,
1768610398.2471406,RECEIVED,7621f96d-85fd-489a-9a40-ebca532ad856,352e5ac1-0b68-4a10-a8cc-e21577113680,c1,c2,1448,e7,?,
1768610398.3913167,SENT,7621f96d-85fd-489a-9a40-ebca532ad856,352e5ac1-0b68-4a10-a8cc-e21577113680,c1,c2,1012,?,x2,
1768610398.3913639,FORWARDED,7621f96d-85fd-489a-9a40-ebca532ad856,352e5ac1-0b68-4a10-a8cc-e21577113680,c1,c2,1012,?,x2,
1768610398.4127097,SENT,83266ab4-63c2-43b7-aceb-7a03e6598fb1,62a7c745-92eb-4dda-89b6-cabf287d832b,c2,c3,1011,?,x10,
1768610398.4128666,FORWARDED,83266ab4-63c2-43b7-aceb-7a03e6598fb1,62a7c745-92eb-4dda-89b6-cabf287d832b,c2,c3,1011,?,x10,
1768610398.7039824,RECEIVED,64fb6f80-f20d-4228-9f3f-0e4f7e731b7a,bca66832-3c5c-4a6d-a6d6-594eae7c79f6,c2,c1,1443,e1,?,
1768610399.0802164,RECEIVED,1ce4a138-f28c-4246-ba5c-06e273a46f71,8b7709dd-ae4d-4523-b6db-a32aa3e4e7d5,c4,c3,1443,e2,?,
1768610399.3859856,SENT,64fb6f80-f20d-4228-9f3f-0e4f7e731b7a,bca66832-3c5c-4a6d-a6d6-594eae7c79f6,c2,c1,1009,?,x8,
1768610399.386028,FORWARDED,64fb6f80-f20d-4228-9f3f-0e4f7e731b7a,bca66832-3c5c-4a6d-a6d6-594eae7c79f6,c2,c1,1009,?,x8,
1768610399.540019,SENT,1ce4a138-f28c-4246-ba5c-06e273a46f71,8b7709dd-ae4d-4523-b6db-a32aa3e4e7d5,c4,c3,1011,?,x2,
1768610399.5401,FORWARDED,1ce4a138-f28c-4246-ba5c-06e273a46f71,8b7709dd-ae4d-4523-b6db-a32aa3e4e7d5,c4,c3,1011,?,x2,
1768610399.5484893,RECEIVED,b4f42f2f-a1b6-48a8-828e-850b1ac1811f,83a50015-48b2-47f4-96c8-98d290c01520,c1,c4,1465,e1,?,
1768610399.7223437,SENT,b4f42f2f-a1b6-48a8-828e-850b1ac1811f,83a50015-48b2-47f4-96c8-98d290c01520,c1,c4,1024,?,x12,
1768610399.7223868,FORWARDED,b4f42f2f-a1b6-48a8-828e-850b1ac1811f,83a50015-48b2-47f4-96c8-98d290c01520,c1,c4,1024,?,x12,
1768610399.7889588,RECEIVED,5494bead-46fa-4c35-ba7a-27944274e1b0,7ec9dcae-88df-4a62-b1a9-50111b567a17,c5,c4,1443,e4,?,
1768610399.8597634,RECEIVED,6c10666b-8099-4c07-a7b0-20b11e46ff8d,fb798c11-8833-49d8-a3ef-0d8a53c0f249,c3,c4,1454,e10,?,
1768610400.393936,SENT,5494bead-46fa-4c35-ba7a-27944274e1b0,7ec9dcae-88df-4a62-b1a9-50111b567a17,c5,c4,1011,?,x8,
1768610400.3939788,FORWARDED,5494bead-46fa-4c35-ba7a-27944274e1b0,7ec9dcae-88df-4a62-b1a9-50111b567a17,c5,c4,1011,?,x8,
1768610400.5569708,RECEIVED,dad24df1-b202-414c-b698-eacff555e8f0,f2e296b1-7be2-4ba9-b6aa-d44eb48e94e3,c3,c5,1452,e10,?,
1768610400.6052265,SENT,dad24df1-b202-414c-b698-eacff555e8f0,f2e296b1-7be2-4ba9-b6aa-d44eb48e94e3,c3,c5,1015,?,x1,
1768610400.6052663,FORWARDED,dad24df1-b202-414c-b698-eacff555e8f0,f2e296b1-7be2-4ba9-b6aa-d44eb48e94e3,c3,c5,1015,?,x1,
1768610400.933629,RECEIVED,f8f0d6b3-8d68-46b2-bc9d-12726ed15317,07917e2a-ac51-4c26-bbe2-1ce9fc7a559d,c3,c4,1448,e2,?,
1768610401.0305305,RECEIVED,c15e6b66-7f58-4ad9-8c0a-55d32d1dc7d5,c627406d-65be-4b47-88b3-bd7ae0574d1e,c4,c3,1460,e5,?,
1768610401.1811628,SENT,f8f0d6b3-8d68-46b2-bc9d-12726ed15317,07917e2a-ac51-4c26-bbe2-1ce9fc7a559d,c3,c4,1012,?,x8,
1768610401.1812048,FORWARDED,f8f0d6b3-8d68-46b2-bc9d-12726ed15317,07917e2a-ac51-4c26-bbe2-1ce9fc7a559d,c3,c4,1012,?,x8,
1768610401.2982411,SENT,c15e6b66-7f58-4ad9-8c0a-55d32d1dc7d5,c627406d-65be-4b47-88b3-bd7ae0574d1e,c4,c3,1023,?,x12,
1768610401.2982836,FORWARDED,c15e6b66-7f58-4ad9-8c0a-55d32d1dc7d5,c627406d-65be-4b47-88b3-bd7ae0574d1e,c4,c3,1023,?,x12,
1768610401.318445,RECEIVED,1434786e-4b29-46bd-8a25-9e8b8dbe49e2,a3c162ba-8f2b-4ea8-8a34-52b279ce6f48,c2,DROP,1016,e4,?,
1768610401.7382805,SENT,1434786e-4b29-46bd-8a25-9e8b8dbe49e2,a3c162ba-8f2b-4ea8-8a34-52b279ce6f48,c2,DROP,688,?,x5,
1768610401.73832,FORWARDED,1434786e-4b29-46bd-8a25-9e8b8dbe49e2,a3c162ba-8f2b-4ea8-8a34-52b279ce6f48,c2,DROP,688,?,x5,
1768610402.1682503,SENT,6c10666b-8099-4c07-a7b0-20b11e46ff8d,fb798c11-8833-49d8-a3ef-0d8a53c0f249,c3,c4,1018,?,x3,
1768610402.1682937,FORWARDED,6c10666b-8099-4c07-a7b0-20b11e46ff8d,fb798c11-8833-49d8-a3ef-0d8a53c0f249,c3,c4,1018,?,x3,
1768610403.2454374,RECEIVED,3f30676d-047d-4a4a-99db-5b93f6511bb8,74d287d2-9e75-4e11-bcb1-e9d4b1b1d6db,c5,c4,1456,e10,?,
1768610403.9414964,RECEIVED,18c385e8-1568-4f65-bf89-1d6ba605b6d2,e5fbbb4d-1a74-44bb-922c-90da0b5be6fb,c4,c2,1448,e9,?,
1768610404.0688167,SENT,18c385e8-1568-4f65-bf89-1d6ba605b6d2,e5fbbb4d-1a74-44bb-922c-90da0b5be6fb,c4,c2,1014,?,x9,
1768610404.0688593,FORWARDED,18c385e8-1568-4f65-bf89-1d6ba605b6d2,e5fbbb4d-1a74-44bb-922c-90da0b5be6fb,c4,c2,1014,?,x9,
1768610404.147134,RECEIVED,b2be6050-4425-433c-a3af-8ee5a315248d,55560b7e-2151-4902-ae9e-63b8dbbc688a,c3,DROP,1008,e1,?,
1768610404.4887867,SENT,3f30676d-047d-4a4a-99db-5b93f6511bb8,74d287d2-9e75-4e11-bcb1-e9d4b1b1d6db,c5,c4,1020,?,x12,
1768610404.4888294,FORWARDED,3f30676d-047d-4a4a-99db-5b93f6511bb8,74d287d2-9e75-4e11-bcb1-e9d4b1b1d6db,c5,c4,1020,?,x12,
1768610404.8356154,SENT,b2be6050-4425-433c-a3af-8ee5a315248d,55560b7e-2151-4902-ae9e-63b8dbbc688a,c3,DROP,684,?,x12,
1768610404.8356588,FORWARDED,b2be6050-4425-433c-a3af-8ee5a315248d,55560b7e-2151-4902-ae9e-63b8dbbc688a,c3,DROP,684,?,x12,
1768610404.9964879,RECEIVED,fb739036-de16-40f8-8b0f-7f9fbe744211,c6358318-4362-4208-ab71-19b268ce5bfd,c1,c5,1444,e3,?,
1768610405.0059483,RECEIVED,ab49f0d7-39c4-437a-b726-91acc2f93380,adb7855f-768e-483d-807c-4cce6de0b3be,c5,c3,1447,e2,?,
1768610405.275409,RECEIVED,1c929278-7d5d-4a37-ba48-62309b7d72df,0450dc0b-cfae-4ca3-9333-2004c10ed2e0,c1,DROP,1012,e2,?,
1768610405.2870007,RECEIVED,e7872bf2-8b76-4b26-9296-193c1e814bad,02a17f4f-53a9-41d7-a14a-d6a1502c3851,c1,c2,1456,e1,?,
1768610405.3045082,SENT,fb739036-de16-40f8-8b0f-7f9fbe744211,c6358318-4362-4208-ab71-19b268ce5bfd,c1,c5,1011,?,x1,
1768610405.304552,FORWARDED,fb739036-de16-40f8-8b0f-7f9fbe744211,c6358318-4362-4208-ab71-19b268ce5bfd,c1,c5,1011,?,x1,
1768610405.7586708,SENT,1c929278-7d5d-4a37-ba48-62309b7d72df,0450dc0b-cfae-4ca3-9333-2004c10ed2e0,c1,DROP,685,?,x8,
1768610405.7587135,FORWARDED,1c929278-7d5d-4a37-ba48-62309b7d72df,0450dc0b-cfae-4ca3-9333-2004c10ed2e0,c1,DROP,685,?,x8,
1768610406.021808,SENT,ab49f0d7-39c4-437a-b726-91acc2f93380,adb7855f-768e-483d-807c-4cce6de0b3be,c5,c3,1012,?,x4,
1768610406.0218487,FORWARDED,ab49f0d7-39c4-437a-b726-91acc2f93380,adb7855f-768e-483d-807c-4cce6de0b3be,c5,c3,1012,?,x4,
1768610406.170409,RECEIVED,a915aced-517b-4c3c-97b9-ac03e7ee3806,b5e8814b-3339-4b58-bcd5-15e067b413bd,c2,c4,1443,e6,?,
1768610406.1929436,SENT,e7872bf2-8b76-4b26-9296-193c1e814bad,02a17f4f-53a9-41d7-a14a-d6a1502c3851,c1,c2,1019,?,x10,
1768610406.1929855,FORWARDED,e7872bf2-8b76-4b26-9296-193c1e814bad,02a17f4f-53a9-41d7-a14a-d6a1502c3851,c1,c2,1019,?,x10,
1768610406.3542135,RECEIVED,76584036-3277-4949-b312-9a82153caa55,ce4e3667-344a-43fa-9f12-659d2aa54ca4,c2,DROP,1008,e4,?,
1768610406.4560692,SENT,76584036-3277-4949-b312-9a82153caa55,ce4e3667-344a-43fa-9f12-659d2aa54ca4,c2,DROP,684,?,x9,
1768610406.4561143,FORWARDED,76584036-3277-4949-b312-9a82153caa55,ce4e3667-344a-43fa-9f12-659d2aa54ca4,c2,DROP,684,?,x9,
1768610406.8876019,RECEIVED,062f5e9d-59cb-4ee5-a92b-72a72144d12a,9c585610-12d4-454e-b1a9-f75bbf470f18,c2,c5,1444,e8,?,
1768610407.105244,SENT,a915aced-517b-4c3c-97b9-ac03e7ee3806,b5e8814b-3339-4b58-bcd5-15e067b413bd,c2,c4,1010,?,x1,
1768610407.1052847,FORWARDED,a915aced-517b-4c3c-97b9-ac03e7ee3806,b5e8814b-3339-4b58-bcd5-15e067b413bd,c2,c4,1010,?,x1,
1768610407.1192248,SENT,062f5e9d-59cb-4ee5-a92b-72a72144d12a,9c585610-12d4-454e-b1a9-f75bbf470f18,c2,c5,1011,?,x3,
1768610407.119266,FORWARDED,062f5e9d-59cb-4ee5-a92b-72a72144d12a,9c585610-12d4-454e-b1a9-f75bbf470f18,c2,c5,1011,?,x3,
1768610407.425642,RECEIVED,04cf5efc-f79f-45c8-9359-7c3fea279765,19c48343-2e89-4582-9367-9a95d9d54e25,c4,DROP,441,x10,?,
1768610407.5930882,RECEIVED,7e2588da-fba0-455f-b30d-ff9f793999b8,ed847238-37b2-400d-84d6-88d0b0775ca8,c1,c2,1443,e1,?,
1768610407.9271815,RECEIVED,5b1153f0-9e5d-43ab-ab35-61bb354215e3,5e528e67-eaaf-4066-983d-81595701a1a4,c1,c2,1448,e1,?,
1768610407.9806216,SENT,5b1153f0-9e5d-43ab-ab35-61bb354215e3,5e528e67-eaaf-4066-983d-81595701a1a4,c1,c2,1012,?,x1,
1768610407.980666,FORWARDED,5b1153f0-9e5d-43ab-ab35-61bb354215e3,5e528e67-eaaf-4066-983d-81595701a1a4,c1,c2,1012,?,x1,
1768610408.1191359,SENT,7e2588da-fba0-455f-b30d-ff9f793999b8,ed847238-37b2-400d-84d6-88d0b0775ca8,c1,c2,1011,?,x4,
1768610408.1191795,FORWARDED,7e2588da-fba0-455f-b30d-ff9f793999b8,ed847238-37b2-400d-84d6-88d0b0775ca8,c1,c2,1011,?,x4,
1768610408.4916031,RECEIVED,55914dfa-fff8-488c-b16a-10694a56a4cc,1bfd9a47-c0e9-4e99-a257-5c90250e79d1,c2,c4,1448,e4,?,
1768610408.653531,RECEIVED,9e31b716-e18a-48b4-9a1d-548c871cbd47,1bda3689-2ee0-45ec-9192-472d4eed45c6,c4,c3,1451,e10,?,
1768610408.7818987,SENT,55914dfa-fff8-488c-b16a-10694a56a4cc,1bfd9a47-c0e9-4e99-a257-5c90250e79d1,c2,c4,1013,?,x5,
1768610408.7819383,FORWARDED,55914dfa-fff8-488c-b16a-10694a56a4cc,1bfd9a47-c0e9-4e99-a257-5c90250e79d1,c2,c4,1013,?,x5,
1768610408.943581,RECEIVED,22231aaf-0eee-4bce-94fe-7af65a122127,b1278c33-93ce-4525-8147-4a6eb816c286,c2,c3,1456,e8,?,
1768610408.9797554,RECEIVED,90093105-bbda-4abf-be51-a9ff37fe8533,42bdfc62-447e-457c-ae03-ecbee2cfa4ba,c2,c5,1451,e1,?,
1768610409.2512913,RECEIVED,a96f79ce-7cbf-4a82-8756-c1c5785cfd6b,87fc18b5-fcb7-4c50-bbc2-db1a53ecdc15,c3,c2,1447,e1,?,
1768610409.2603762,RECEIVED,207028d1-2c4c-46d4-b75b-7d7542d575a3,ba609f16-b5c9-4404-a82d-18071bba25e4,c1,c2,1456,e3,?,
1768610409.3884077,SENT,207028d1-2c4c-46d4-b75b-7d7542d575a3,ba609f16-b5c9-4404-a82d-18071bba25e4,c1,c2,1019,?,x7,
1768610409.3884506,FORWARDED,207028d1-2c4c-46d4-b75b-7d7542d575a3,ba609f16-b5c9-4404-a82d-18071bba25e4,c1,c2,1019,?,x7,
1768610409.4747229,SENT,22231aaf-0eee-4bce-94fe-7af65a122127,b1278c33-93ce-4525-8147-4a6eb816c286,c2,c3,1018,?,x11,
1768610409.474773,FORWARDED,22231aaf-0eee-4bce-94fe-7af65a122127,b1278c33-93ce-4525-8147-4a6eb816c286,c2,c3,1018,?,x11,
1768610409.5009031,SENT,9e31b716-e18a-48b4-9a1d-548c871cbd47,1bda3689-2ee0-45ec-9192-472d4eed45c6,c4,c3,1015,?,x1,
1768610409.5009458,FORWARDED,9e31b716-e18a-48b4-9a1d-548c871cbd47,1bda3689-2ee0-45ec-9192-472d4eed45c6,c4,c3,1015,?,x1,
1768610409.871915,SENT,a96f79ce-7cbf-4a82-8756-c1c5785cfd6b,87fc18b5-fcb7-4c50-bbc2-db1a53ecdc15,c3,c2,1012,?,x2,
1768610409.8719678,FORWARDED,a96f79ce-7cbf-4a82-8756-c1c5785cfd6b,87fc18b5-fcb7-4c50-bbc2-db1a53ecdc15,c3,c2,1012,?,x2,
1768610409.9859636,SENT,90093105-bbda-4abf-be51-a9ff37fe8533,42bdfc62-447e-457c-ae03-ecbee2cfa4ba,c2,c5,1016,?,x5,
1768610409.9860055,FORWARDED,90093105-bbda-4abf-be51-a9ff37fe8533,42bdfc62-447e-457c-ae03-ecbee2cfa4ba,c2,c5,1016,?,x5,
1768610410.0029423,RECEIVED,42b38813-f923-42ed-bf9c-e7e1b9ed29c2,2e31f515-962a-4c91-8c61-2f2d433605e9,c4,c5,1456,e9,?,
1768610410.0444016,SENT,42b38813-f923-42ed-bf9c-e7e1b9ed29c2,2e31f515-962a-4c91-8c61-2f2d433605e9,c4,c5,1020,?,x8,
1768610410.04445,FORWARDED,42b38813-f923-42ed-bf9c-e7e1b9ed29c2,2e31f515-962a-4c91-8c61-2f2d433605e9,c4,c5,1020,?,x8,
1768610410.545014,RECEIVED,e5ceae6c-dc3c-407b-a0f8-9a1b1c6b755b,2258942a-62dd-4081-87bf-37a865b001c9,c1,DROP,1013,e5,?,
1768610410.5542648,SENT,e5ceae6c-dc3c-407b-a0f8-9a1b1c6b755b,2258942a-62dd-4081-87bf-37a865b001c9,c1,DROP,687,?,x9,
1768610410.554359,FORWARDED,e5ceae6c-dc3c-407b-a0f8-9a1b1c6b755b,2258942a-62dd-4081-87bf-37a865b001c9,c1,DROP,687,?,x9,
1768610410.6738265,RECEIVED,e02d8991-dd92-48b9-b9dd-804d79e5608c,1f3609af-9df9-4523-a109-d2b4ea4729a1,c4,c2,1445,e6,?,
1768610410.8174334,SENT,e02d8991-dd92-48b9-b9dd-804d79e5608c,1f3609af-9df9-4523-a109-d2b4ea4729a1,c4,c2,1011,?,x11,
1768610410.8174794,FORWARDED,e02d8991-dd92-48b9-b9dd-804d79e5608c,1f3609af-9df9-4523-a109-d2b4ea4729a1,c4,c2,1011,?,x11,
1768610411.672866,RECEIVED,6458f971-2149-4769-a1e9-6b114b28be40,42034e1a-0afa-4f13-9b16-faf6f1444477,c5,c2,1464,e10,?,
1768610411.773199,SENT,6458f971-2149-4769-a1e9-6b114b28be40,42034e1a-0afa-4f13-9b16-faf6f1444477,c5,c2,1025,?,x9,
1768610411.7732458,FORWARDED,6458f971-2149-4769-a1e9-6b114b28be40,42034e1a-0afa-4f13-9b16-faf6f1444477,c5,c2,1025,?,x9,
1768610412.239954,RECEIVED,5813253e-2880-4df5-9dc7-33ef3147462b,a1cb255a-d2b1-43ea-a45f-b26c98869d60,c3,c5,1443,e11,?,
1768610412.2695627,RECEIVED,a4b628e8-e5b6-49be-8476-221026d06aec,eb61ff1a-f8db-4f60-b2fc-54babe961c62,c3,DROP,1009,e3,?,
1768610412.2741272,RECEIVED,e9454a33-fe30-4dfe-a6b1-8f08cf6d5e73,8fbbf976-6674-433f-b13e-851e4eeab113,c3,c2,1457,e9,?,
1768610412.350828,SENT,a4b628e8-e5b6-49be-8476-221026d06aec,eb61ff1a-f8db-4f60-b2fc-54babe961c62,c3,DROP,682,?,x7,
1768610412.3508706,FORWARDED,a4b628e8-e5b6-49be-8476-221026d06aec,eb61ff1a-f8db-4f60-b2fc-54babe961c62,c3,DROP,682,?,x7,
1768610412.3940854,RECEIVED,890b739d-41a5-48ef-a8fe-a3d0926efd9a,e768f306-62be-40ce-9c48-99c383f14888,c4,c2,1453,e3,?,
1768610412.454027,SENT,890b739d-41a5-48ef-a8fe-a3d0926efd9a,e768f306-62be-40ce-9c48-99c383f14888,c4,c2,1017,?,x8,
1768610412.4540803,FORWARDED,890b739d-41a5-48ef-a8fe-a3d0926efd9a,e768f306-62be-40ce-9c48-99c383f14888,c4,c2,1017,?,x8,
1768610412.5454116,SENT,5813253e-2880-4df5-9dc7-33ef3147462b,a1cb255a-d2b1-43ea-a45f-b26c98869d60,c3,c5,1011,?,x4,
1768610412.5454557,FORWARDED,5813253e-2880-4df5-9dc7-33ef3147462b,a1cb255a-d2b1-43ea-a45f-b26c98869d60,c3,c5,1011,?,x4,
1768610412.6782389,SENT,e9454a33-fe30-4dfe-a6b1-8f08cf6d5e73,8fbbf976-6674-433f-b13e-851e4eeab113,c3,c2,1018,?,x11,
1768610412.678283,FORWARDED,e9454a33-fe30-4dfe-a6b1-8f08cf6d5e73,8fbbf976-6674-433f-b13e-851e4eeab113,c3,c2,1018,?,x11,
1768610413.109678,RECEIVED,24551efe-5025-4631-bedf-b214949a8fb3,c5654754-9ef5-442f-8a7a-9f41aa1fdecb,c5,c2,1451,e9,?,
1768610413.3667915,RECEIVED,68e3946a-2894-47a0-9e3a-babd42351308,dc151ce4-47ea-4e03-b7bd-0229ce3117a8,c3,c1,1448,e11,?,
1768610413.6332402,SENT,68e3946a-2894-47a0-9e3a-babd42351308,dc151ce4-47ea-4e03-b7bd-0229ce3117a8,c3,c1,1012,?,x11,
1768610413.633279,FORWARDED,68e3946a-2894-47a0-9e3a-babd42351308,dc151ce4-47ea-4e03-b7bd-0229ce3117a8,c3,c1,1012,?,x11,
1768610413.7894201,RECEIVED,3afb1c59-52b9-4249-b1d2-6daf7fb49a97,887bc926-4495-4a26-9553-0b04eac3050c,c2,c4,1447,e2,?,
1768610413.7945235,RECEIVED,77394986-8d55-4019-9c7f-d4bc9a8c46bf,bc549efa-10a6-46fe-868b-a29dd255a051,c4,c1,1455,e12,?,
1768610414.00148,RECEIVED,b065b700-f0d3-4701-9248-588482b496a7,f0fbd691-6954-4bad-b6f4-56061c94c685,c4,DROP,1019,e12,?,
1768610414.0737915,SENT,24551efe-5025-4631-bedf-b214949a8fb3,c5654754-9ef5-442f-8a7a-9f41aa1fdecb,c5,c2,1016,?,x8,
1768610414.073835,FORWARDED,24551efe-5025-4631-bedf-b214949a8fb3,c5654754-9ef5-442f-8a7a-9f41aa1fdecb,c5,c2,1016,?,x8,
1768610414.1494825,SENT,77394986-8d55-4019-9c7f-d4bc9a8c46bf,bc549efa-10a6-46fe-868b-a29dd255a051,c4,c1,1019,?,x6,
1768610414.1495254,FORWARDED,77394986-8d55-4019-9c7f-d4bc9a8c46bf,bc549efa-10a6-46fe-868b-a29dd255a051,c4,c1,1019,?,x6,
1768610414.1672206,SENT,3afb1c59-52b9-4249-b1d2-6daf7fb49a97,887bc926-4495-4a26-9553-0b04eac3050c,c2,c4,1012,?,x2,
1768610414.1672611,FORWARDED,3afb1c59-52b9-4249-b1d2-6daf7fb49a97,887bc926-4495-4a26-9553-0b04eac3050c,c2,c4,1012,?,x2,
1768610414.676335,SENT,b065b700-f0d3-4701-9248-588482b496a7,f0fbd691-6954-4bad-b6f4-56061c94c685,c4,DROP,692,?,x7,
1768610414.6763859,FORWARDED,b065b700-f0d3-4701-9248-588482b496a7,f0fbd691-6954-4bad-b6f4-56061c94c685,c4,DROP,692,?,x7,
1768610414.8979032,RECEIVED,8c550f8e-3783-49e9-a685-613eca414f8e,75787552-d906-424f-9fc6-86e412137655,c4,c1,1451,e7,?,
1768610415.7445126,RECEIVED,f73576b9-90e1-42cf-a39c-f4fcb50b2139,071de592-91d3-4674-a87d-c4fc3e258d41,c2,c5,1452,e11,?,
1768610415.7734423,RECEIVED,45b9d4c9-87a9-4030-9fa5-9a14f588fd71,d800b806-2814-476f-9387-3ed63edbb7ca,c4,c2,1456,e10,?,
1768610415.8489213,SENT,45b9d4c9-87a9-4030-9fa5-9a14f588fd71,d800b806-2814-476f-9387-3ed63edbb7ca,c4,c2,1020,?,x1,
1768610415.8489635,FORWARDED,45b9d4c9-87a9-4030-9fa5-9a14f588fd71,d800b806-2814-476f-9387-3ed63edbb7ca,c4,c2,1020,?,x1,
1768610415.902569,SENT,f73576b9-90e1-42cf-a39c-f4fcb50b2139,071de592-91d3-4674-a87d-c4fc3e258d41,c2,c5,1015,?,x1,
1768610415.9026139,FORWARDED,f73576b9-90e1-42cf-a39c-f4fcb50b2139,071de592-91d3-4674-a87d-c4fc3e258d41,c2,c5,1015,?,x1,
1768610415.9341834,RECEIVED,c4c5c5e0-282d-47f3-9bb5-7b8918408694,97e056c0-8cb6-4a25-a439-5ee903552f34,c1,c3,1456,e11,?,
1768610415.9616866,SENT,8c550f8e-3783-49e9-a685-613eca414f8e,75787552-d906-424f-9fc6-86e412137655,c4,c1,1016,?,x4,
1768610415.961728,FORWARDED,8c550f8e-3783-49e9-a685-613eca414f8e,75787552-d906-424f-9fc6-86e412137655,c4,c1,1016,?,x4,
1768610416.2156756,SENT,c4c5c5e0-282d-47f3-9bb5-7b8918408694,97e056c0-8cb6-4a25-a439-5ee903552f34,c1,c3,1019,?,x11,
1768610416.2157173,FORWARDED,c4c5c5e0-282d-47f3-9bb5-7b8918408694,97e056c0-8cb6-4a25-a439-5ee903552f34,c1,c3,1019,?,x11,
1768610416.421529,RECEIVED,18362983-e35f-4ce7-9d72-365c9884b66f,24833fbe-527b-49b5-9c6f-906416c52f86,c1,c4,1461,e9,?,
1768610416.482628,SENT,18362983-e35f-4ce7-9d72-365c9884b66f,24833fbe-527b-49b5-9c6f-906416c52f86,c1,c4,1023,?,x10,
1768610416.482671,FORWARDED,18362983-e35f-4ce7-9d72-365c9884b66f,24833fbe-527b-49b5-9c6f-906416c52f86,c1,c4,1023,?,x10,
1768610417.9121966,RECEIVED,c721ca29-4ee7-43b2-b094-47d7e52b1626,d40b9c91-0817-47d9-9156-380b569a23df,c4,DROP,1008,e3,?,
1768610417.9645343,SENT,c721ca29-4ee7-43b2-b094-47d7e52b1626,d40b9c91-0817-47d9-9156-380b569a23df,c4,DROP,684,?,x5,
1768610417.964576,FORWARDED,c721ca29-4ee7-43b2-b094-47d7e52b1626,d40b9c91-0817-47d9-9156-380b569a23df,c4,DROP,684,?,x5,
1768610418.5365136,RECEIVED,d4dae574-757f-4ba0-9b7c-694cfd663289,13a6c782-cf16-4c81-8856-2580922e8349,c3,c1,1456,e11,?,
1768610419.321346,SENT,d4dae574-757f-4ba0-9b7c-694cfd663289,13a6c782-cf16-4c81-8856-2580922e8349,c3,c1,1019,?,x10,
1768610419.3216465,FORWARDED,d4dae574-757f-4ba0-9b7c-694cfd663289,13a6c782-cf16-4c81-8856-2580922e8349,c3,c1,1019,?,x10,
1768610419.3450363,RECEIVED,e8ff64c7-2551-4269-8245-5b4f6663f078,6a9f7304-f3eb-4817-8805-bf1c05c6e083,c5,DROP,1012,e7,?,
1768610419.6170382,RECEIVED,cd90b4b2-f9cd-43c6-9057-02702ef63b43,bf989fe4-583a-411b-ad1a-a188dd06937e,c3,c2,1443,e6,?,
1768610419.620748,SENT,e8ff64c7-2551-4269-8245-5b4f6663f078,6a9f7304-f3eb-4817-8805-bf1c05c6e083,c5,DROP,687,?,x12,
1768610419.6207898,FORWARDED,e8ff64c7-2551-4269-8245-5b4f6663f078,6a9f7304-f3eb-4817-8805-bf1c05c6e083,c5,DROP,687,?,x12,
1768610419.6643932,RECEIVED,b0d717f6-dbcf-4818-b7d9-23ca679bbef2,ec64d690-ef91-4536-b510-f953e8b4a198,c2,c5,1456,e7,?,
1768610419.9221766,SENT,b0d717f6-dbcf-4818-b7d9-23ca679bbef2,ec64d690-ef91-4536-b510-f953e8b4a198,c2,c5,1019,?,x9,
1768610419.922229,FORWARDED,b0d717f6-dbcf-4818-b7d9-23ca679bbef2,ec64d690-ef91-4536-b510-f953e8b4a198,c2,c5,1019,?,x9,
1768610419.986681,RECEIVED,014ac17f-c385-4632-b869-44373c669f26,4837bccd-9c3a-4b73-8101-725eb03f1775,c1,DROP,1008,e10,?,
1768610420.3798552,SENT,014ac17f-c385-4632-b869-44373c669f26,4837bccd-9c3a-4b73-8101-725eb03f1775,c1,DROP,683,?,x10,
1768610420.3798964,FORWARDED,014ac17f-c385-4632-b869-44373c669f26,4837bccd-9c3a-4b73-8101-725eb03f1775,c1,DROP,683,?,x10,
1768610420.396451,SENT,cd90b4b2-f9cd-43c6-9057-02702ef63b43,bf989fe4-583a-411b-ad1a-a188dd06937e,c3,c2,1010,?,x7,
1768610420.3964937,FORWARDED,cd90b4b2-f9cd-43c6-9057-02702ef63b43,bf989fe4-583a-411b-ad1a-a188dd06937e,c3,c2,1010,?,x7,
1768610420.5927358,RECEIVED,148cdfe8-d320-4de3-8474-bf75ed35c32b,e25466dc-ef06-4d6a-a38b-6d9792d48957,c3,c1,1453,e1,?,
1768610420.5997248,SENT,148cdfe8-d320-4de3-8474-bf75ed35c32b,e25466dc-ef06-4d6a-a38b-6d9792d48957,c3,c1,1015,?,x8,
1768610420.5997663,FORWARDED,148cdfe8-d320-4de3-8474-bf75ed35c32b,e25466dc-ef06-4d6a-a38b-6d9792d48957,c3,c1,1015,?,x8,
1768610420.7612877,RECEIVED,afb6d0e7-4868-483a-aedb-1712a58ea577,d1f98214-7bdf-4018-82ff-5226aa46d65d,c5,c4,1447,e10,?,
1768610420.8130555,RECEIVED,0a18e2f0-d201-4641-a1a0-88b33dfc9cd6,547a0cf5-e6ca-4d3e-9f3d-ffad0b14be9d,c5,c4,1463,e11,?,
1768610421.3208492,SENT,afb6d0e7-4868-483a-aedb-1712a58ea577,d1f98214-7bdf-4018-82ff-5226aa46d65d,c5,c4,1012,?,x5,
1768610421.3208852,FORWARDED,afb6d0e7-4868-483a-aedb-1712a58ea577,d1f98214-7bdf-4018-82ff-5226aa46d65d,c5,c4,1012,?,x5,
1768610421.9508243,RECEIVED,8973e6ef-96f1-4f22-b0b7-2a68acce94cb,9ef3dbb5-133a-4dda-bf1b-ac2597054614,c1,c4,1451,e6,?,
1768610422.7197108,SENT,0a18e2f0-d201-4641-a1a0-88b33dfc9cd6,547a0cf5-e6ca-4d3e-9f3d-ffad0b14be9d,c5,c4,1024,?,x1,
1768610422.719753,FORWARDED,0a18e2f0-d201-4641-a1a0-88b33dfc9cd6,547a0cf5-e6ca-4d3e-9f3d-ffad0b14be9d,c5,c4,1024,?,x1,
1768610422.8217962,SENT,8973e6ef-96f1-4f22-b0b7-2a68acce94cb,9ef3dbb5-133a-4dda-bf1b-ac2597054614,c1,c4,1015,?,x6,
1768610422.8218396,FORWARDED,8973e6ef-96f1-4f22-b0b7-2a68acce94cb,9ef3dbb5-133a-4dda-bf1b-ac2597054614,c1,c4,1015,?,x6,
1768610423.1379318,RECEIVED,a1722f1c-2973-43d9-a90f-71ca1398b26b,b9b8751f-0526-45a0-9278-7a175e0faaee,c1,DROP,1009,e11,?,
1768610423.176614,RECEIVED,94461e39-9396-439a-ba11-585f12b4b68c,c1962440-107b-494c-a237-07b3f52988f1,c2,c1,1460,e10,?,
1768610423.225136,SENT,a1722f1c-2973-43d9-a90f-71ca1398b26b,b9b8751f-0526-45a0-9278-7a175e0faaee,c1,DROP,684,?,x10,
1768610423.2251801,FORWARDED,a1722f1c-2973-43d9-a90f-71ca1398b26b,b9b8751f-0526-45a0-9278-7a175e0faaee,c1,DROP,684,?,x10,
1768610423.2883925,RECEIVED,033675b7-40ae-4b90-a834-b85b6a4bb771,b6cad188-408b-4448-a666-6ca770db7786,c1,DROP,1015,e10,?,
1768610423.4943497,SENT,033675b7-40ae-4b90-a834-b85b6a4bb771,b6cad188-408b-4448-a666-6ca770db7786,c1,DROP,689,?,x2,
1768610423.4943922,FORWARDED,033675b7-40ae-4b90-a834-b85b6a4bb771,b6cad188-408b-4448-a666-6ca770db7786,c1,DROP,689,?,x2,
1768610423.5394125,RECEIVED,45c145de-85f5-4283-9aba-7b21219a644f,50bbc598-e24e-4bd9-9ced-e07ebe770077,c4,c2,1446,e6,?,
1768610423.6526997,RECEIVED,6429727a-9e37-4256-98d7-f8d697dc38e2,f39d45ac-0cc0-4f30-94a1-ea43c1fbaddf,c5,c3,1459,e12,?,
1768610423.9178529,RECEIVED,d45de436-e593-4b86-a1f9-5adb67a14edf,8095673c-16b5-499f-b2c6-e4ce4a997bed,c4,DROP,1011,e10,?,
1768610424.189013,SENT,94461e39-9396-439a-ba11-585f12b4b68c,c1962440-107b-494c-a237-07b3f52988f1,c2,c1,1023,?,x11,
1768610424.189144,FORWARDED,94461e39-9396-439a-ba11-585f12b4b68c,c1962440-107b-494c-a237-07b3f52988f1,c2,c1,1023,?,x11,
1768610424.2642074,SENT,6429727a-9e37-4256-98d7-f8d697dc38e2,f39d45ac-0cc0-4f30-94a1-ea43c1fbaddf,c5,c3,1023,?,x3,
1768610424.2642436,FORWARDED,6429727a-9e37-4256-98d7-f8d697dc38e2,f39d45ac-0cc0-4f30-94a1-ea43c1fbaddf,c5,c3,1023,?,x3,
1768610424.383247,RECEIVED,f4845543-98b8-46d9-b989-1ed80d2f46d6,0d8ad32a-23d6-4e69-bf79-a58ff129cf36,c2,c4,1449,e12,?,
1768610424.4675019,SENT,f4845543-98b8-46d9-b989-1ed80d2f46d6,0d8ad32a-23d6-4e69-bf79-a58ff129cf36,c2,c4,1013,?,x12,
1768610424.4675546,FORWARDED,f4845543-98b8-46d9-b989-1ed80d2f46d6,0d8ad32a-23d6-4e69-bf79-a58ff129cf36,c2,c4,1013,?,x12,
1768610424.4925606,RECEIVED,2d23d613-9ba8-4ace-afd0-b54950d18bf7,e05e573e-66ae-4258-bd15-25ac6d623922,c3,c1,1448,e2,?,
1768610424.5851145,SENT,2d23d613-9ba8-4ace-afd0-b54950d18bf7,e05e573e-66ae-4258-bd15-25ac6d623922,c3,c1,1012,?,x2,
1768610424.5851634,FORWARDED,2d23d613-9ba8-4ace-afd0-b54950d18bf7,e05e573e-66ae-4258-bd15-25ac6d623922,c3,c1,1012,?,x2,
1768610424.59527,SENT,d45de436-e593-4b86-a1f9-5adb67a14edf,8095673c-16b5-499f-b2c6-e4ce4a997bed,c4,DROP,686,?,x2,
1768610424.5953112,FORWARDED,d45de436-e593-4b86-a1f9-5adb67a14edf,8095673c-16b5-499f-b2c6-e4ce4a997bed,c4,DROP,686,?,x2,
1768610424.7873302,SENT,45c145de-85f5-4283-9aba-7b21219a644f,50bbc598-e24e-4bd9-9ced-e07ebe770077,c4,c2,1013,?,x2,
1768610424.7873735,FORWARDED,45c145de-85f5-4283-9aba-7b21219a644f,50bbc598-e24e-4bd9-9ced-e07ebe770077,c4,c2,1013,?,x2,
1768610424.8671176,RECEIVED,22a8bd35-ac38-48c1-a1be-29096f844f0d,cb759cdf-72c2-4b15-bfcf-b2d86cf88ea6,c5,c1,1457,e12,?,
1768610425.1173224,SENT,22a8bd35-ac38-48c1-a1be-29096f844f0d,cb759cdf-72c2-4b15-bfcf-b2d86cf88ea6,c5,c1,1020,?,x11,
1768610425.117365,FORWARDED,22a8bd35-ac38-48c1-a1be-29096f844f0d,cb759cdf-72c2-4b15-bfcf-b2d86cf88ea6,c5,c1,1020,?,x11,
1768610425.301857,RECEIVED,7a5882c2-4614-48db-b535-937e65f358c1,68f92e87-7159-4415-9947-f6d2af1214a1,c2,c5,1447,e11,?,
1768610425.702166,RECEIVED,f0591f8f-7c66-4c6c-bc16-2fa494c4a3d2,43b378a7-7b88-4693-9c95-81744b35a6f7,c3,c5,1438,e7,?,
1768610425.8671548,RECEIVED,96d270eb-53ce-49ef-9921-cd5aa2709e67,c2c63a80-c538-48ea-898d-e43166041e97,c1,c3,1451,e5,?,
1768610425.9757144,SENT,96d270eb-53ce-49ef-9921-cd5aa2709e67,c2c63a80-c538-48ea-898d-e43166041e97,c1,c3,1016,?,x7,
1768610425.9757574,FORWARDED,96d270eb-53ce-49ef-9921-cd5aa2709e67,c2c63a80-c538-48ea-898d-e43166041e97,c1,c3,1016,?,x7,
1768610426.0414498,RECEIVED,f4a2748c-8ebe-400d-919a-28bebb59c395,ec41f5d0-677e-4060-ae09-e859e5326d3c,c3,c2,1460,e10,?,
1768610426.2503037,SENT,7a5882c2-4614-48db-b535-937e65f358c1,68f92e87-7159-4415-9947-f6d2af1214a1,c2,c5,1012,?,x8,
1768610426.2503476,FORWARDED,7a5882c2-4614-48db-b535-937e65f358c1,68f92e87-7159-4415-9947-f6d2af1214a1,c2,c5,1012,?,x8,
1768610426.3184133,SENT,f4a2748c-8ebe-400d-919a-28bebb59c395,ec41f5d0-677e-4060-ae09-e859e5326d3c,c3,c2,1023,?,x10,
1768610426.318459,FORWARDED,f4a2748c-8ebe-400d-919a-28bebb59c395,ec41f5d0-677e-4060-ae09-e859e5326d3c,c3,c2,1023,?,x10,
1768610426.8597932,RECEIVED,15b58da9-4382-49e6-9e19-e1e64df8f039,3ff4bae6-dbf2-43d6-8363-ba81a28c0198,c3,c1,1443,e3,?,
1768610427.348996,RECEIVED,2b38e061-46f9-4ccf-a184-6215ad53bcfc,1c35f4b4-a54b-4dbf-9d1a-71b715f69ec6,c1,c4,1452,e5,?,
1768610427.4608433,SENT,2b38e061-46f9-4ccf-a184-6215ad53bcfc,1c35f4b4-a54b-4dbf-9d1a-71b715f69ec6,c1,c4,1015,?,x4,
1768610427.4608865,FORWARDED,2b38e061-46f9-4ccf-a184-6215ad53bcfc,1c35f4b4-a54b-4dbf-9d1a-71b715f69ec6,c1,c4,1015,?,x4,
1768610427.6457603,SENT,f0591f8f-7c66-4c6c-bc16-2fa494c4a3d2,43b378a7-7b88-4693-9c95-81744b35a6f7,c3,c5,1007,?,x9,
1768610427.6458051,FORWARDED,f0591f8f-7c66-4c6c-bc16-2fa494c4a3d2,43b378a7-7b88-4693-9c95-81744b35a6f7,c3,c5,1007,?,x9,
1768610427.786165,RECEIVED,6352ffcc-2f62-416a-82a3-d78269af7ba2,7bf890d0-df41-4474-978c-f7e01bc89e60,c4,c2,1456,e6,?,
1768610428.24693,SENT,6352ffcc-2f62-416a-82a3-d78269af7ba2,7bf890d0-df41-4474-978c-f7e01bc89e60,c4,c2,1019,?,x6,
1768610428.2469716,FORWARDED,6352ffcc-2f62-416a-82a3-d78269af7ba2,7bf890d0-df41-4474-978c-f7e01bc89e60,c4,c2,1019,?,x6,
1768610428.3804555,SENT,15b58da9-4382-49e6-9e19-e1e64df8f039,3ff4bae6-dbf2-43d6-8363-ba81a28c0198,c3,c1,1011,?,x8,
1768610428.380507,FORWARDED,15b58da9-4382-49e6-9e19-e1e64df8f039,3ff4bae6-dbf2-43d6-8363-ba81a28c0198,c3,c1,1011,?,x8,
1768610428.7122042,RECEIVED,303dba08-5b0d-4d00-806a-c5ec189c54f7,c6c31c1c-0e9d-422a-9b4d-2199848d674f,c2,c1,1447,e1,?,
1768610428.9753618,RECEIVED,606b1fed-e3c9-4569-a8b3-74d9a8e06be1,d7ef0a78-3a50-458e-b210-fc08d573584b,c2,DROP,1007,e6,?,
1768610429.061979,SENT,303dba08-5b0d-4d00-806a-c5ec189c54f7,c6c31c1c-0e9d-422a-9b4d-2199848d674f,c2,c1,1012,?,x9,
1768610429.0621023,FORWARDED,303dba08-5b0d-4d00-806a-c5ec189c54f7,c6c31c1c-0e9d-422a-9b4d-2199848d674f,c2,c1,1012,?,x9,
1768610429.952746,RECEIVED,f316f607-74f6-4692-b9c2-842d28277527,be622e57-b40b-4fdb-9dd0-09191c7dc2ea,c2,c5,1448,e4,?,
1768610430.0482178,SENT,f316f607-74f6-4692-b9c2-842d28277527,be622e57-b40b-4fdb-9dd0-09191c7dc2ea,c2,c5,1014,?,x3,
1768610430.0482624,FORWARDED,f316f607-74f6-4692-b9c2-842d28277527,be622e57-b40b-4fdb-9dd0-09191c7dc2ea,c2,c5,1014,?,x3,
1768610430.2982936,RECEIVED,86aa0f99-de39-45eb-abe5-cd8aa75fc49b,40d90845-80fd-4784-91e3-918598f244d9,c3,c4,1447,e3,?,
1768610430.4343452,SENT,86aa0f99-de39-45eb-abe5-cd8aa75fc49b,40d90845-80fd-4784-91e3-918598f244d9,c3,c4,1012,?,x7,
1768610430.4343903,FORWARDED,86aa0f99-de39-45eb-abe5-cd8aa75fc49b,40d90845-80fd-4784-91e3-918598f244d9,c3,c4,1012,?,x7,
1768610430.677218,SENT,606b1fed-e3c9-4569-a8b3-74d9a8e06be1,d7ef0a78-3a50-458e-b210-fc08d573584b,c2,DROP,683,?,x1,
1768610430.6772592,FORWARDED,606b1fed-e3c9-4569-a8b3-74d9a8e06be1,d7ef0a78-3a50-458e-b210-fc08d573584b,c2,DROP,683,?,x1,
1768610430.874171,RECEIVED,df5fbaa4-061c-4472-b855-e35c675d7d3f,a99b6271-69cf-46b7-8933-4048929f4eb3,c1,c5,1453,e5,?,
1768610430.8824675,SENT,df5fbaa4-061c-4472-b855-e35c675d7d3f,a99b6271-69cf-46b7-8933-4048929f4eb3,c1,c5,1015,?,x5,
1768610430.8825116,FORWARDED,df5fbaa4-061c-4472-b855-e35c675d7d3f,a99b6271-69cf-46b7-8933-4048929f4eb3,c1,c5,1015,?,x5,
1768610431.387541,RECEIVED,a6c7aaaf-60d4-462d-8d62-74d24a5c8764,a0ae907e-8594-4701-94a5-1063aa2c8ef3,c1,c4,1451,e2,?,
1768610431.4085238,RECEIVED,d3538b9d-d824-445f-80c7-3ee03c53255b,d2789651-3033-4ae4-a596-0be0ef3f0766,c4,c1,1460,e10,?,
1768610431.757232,RECEIVED,1bf4d9ec-2170-4b40-b24e-977636b0e54d,a1222c30-0226-4435-a07b-9cbd3c8bb7e0,c3,DROP,1007,e12,?,
1768610431.776144,SENT,d3538b9d-d824-445f-80c7-3ee03c53255b,d2789651-3033-4ae4-a596-0be0ef3f0766,c4,c1,1023,?,x10,
1768610431.7761881,FORWARDED,d3538b9d-d824-445f-80c7-3ee03c53255b,d2789651-3033-4ae4-a596-0be0ef3f0766,c4,c1,1023,?,x10,
1768610431.8386688,RECEIVED,b4baa2b0-4a8f-46f8-985b-82f160bba220,5dd9eb7d-ee91-4681-9b90-78eb9da98227,c5,c1,1452,e6,?,
1768610431.8779376,RECEIVED,437f31e5-e810-4098-af84-c4b782c49881,488e7f5f-dfac-466c-a405-212f4cd59266,c4,DROP,1008,e2,?,
1768610432.1017532,SENT,a6c7aaaf-60d4-462d-8d62-74d24a5c8764,a0ae907e-8594-4701-94a5-1063aa2c8ef3,c1,c4,1016,?,x9,
1768610432.101874,FORWARDED,a6c7aaaf-60d4-462d-8d62-74d24a5c8764,a0ae907e-8594-4701-94a5-1063aa2c8ef3,c1,c4,1016,?,x9,
1768610432.1358519,SENT,1bf4d9ec-2170-4b40-b24e-977636b0e54d,a1222c30-0226-4435-a07b-9cbd3c8bb7e0,c3,DROP,683,?,x1,
1768610432.1359696,FORWARDED,1bf4d9ec-2170-4b40-b24e-977636b0e54d,a1222c30-0226-4435-a07b-9cbd3c8bb7e0,c3,DROP,683,?,x1,
1768610432.262439,SENT,b4baa2b0-4a8f-46f8-985b-82f160bba220,5dd9eb7d-ee91-4681-9b90-78eb9da98227,c5,c1,1015,?,x7,
1768610432.2624812,FORWARDED,b4baa2b0-4a8f-46f8-985b-82f160bba220,5dd9eb7d-ee91-4681-9b90-78eb9da98227,c5,c1,1015,?,x7,
1768610432.407501,RECEIVED,f4e94b72-cfe8-479e-90f9-8616d8283028,d33dfaa5-532f-46aa-9be2-d43857590e3a,c1,c5,1451,e12,?,
1768610432.7011995,SENT,437f31e5-e810-4098-af84-c4b782c49881,488e7f5f-dfac-466c-a405-212f4cd59266,c4,DROP,683,?,x11,
1768610432.7012448,FORWARDED,437f31e5-e810-4098-af84-c4b782c49881,488e7f5f-dfac-466c-a405-212f4cd59266,c4,DROP,683,?,x11,
1768610432.9588747,RECEIVED,60d32cfd-7902-4421-9c71-85433b192b4d,da29d5df-e56f-44c7-a672-dab4f9d013aa,c4,c5,1448,e6,?,
1768610433.003963,SENT,60d32cfd-7902-4421-9c71-85433b192b4d,da29d5df-e56f-44c7-a672-dab4f9d013aa,c4,c5,1012,?,x2,
1768610433.0040085,FORWARDED,60d32cfd-7902-4421-9c71-85433b192b4d,da29d5df-e56f-44c7-a672-dab4f9d013aa,c4,c5,1012,?,x2,
1768610433.351006,RECEIVED,169b7729-564e-475f-b63a-be0abb3aa165,edaeee0d-a6d9-4fa0-b827-9c2392fbe4a4,c2,c4,1444,e2,?,
1768610433.3614118,SENT,f4e94b72-cfe8-479e-90f9-8616d8283028,d33dfaa5-532f-46aa-9be2-d43857590e3a,c1,c5,1016,?,x2,
1768610433.3614538,FORWARDED,f4e94b72-cfe8-479e-90f9-8616d8283028,d33dfaa5-532f-46aa-9be2-d43857590e3a,c1,c5,1016,?,x2,
1768610433.5945382,RECEIVED,9c468764-467c-413a-af10-a7e9016a13e5,11b715a0-8aa4-42e5-9ca0-176d6fa0e6f7,c1,DROP,1008,e2,?,
1768610433.789603,SENT,169b7729-564e-475f-b63a-be0abb3aa165,edaeee0d-a6d9-4fa0-b827-9c2392fbe4a4,c2,c4,1011,?,x10,
1768610433.7896466,FORWARDED,169b7729-564e-475f-b63a-be0abb3aa165,edaeee0d-a6d9-4fa0-b827-9c2392fbe4a4,c2,c4,1011,?,x10,
1768610434.093445,RECEIVED,fa979949-e267-4473-b72c-6e060c2e555e,6aa42e73-f56b-41fa-aaf5-d47779738b6a,c4,DROP,1007,e2,?,
1768610434.2322319,RECEIVED,a7f2c6d7-9372-4259-bbe3-73487b128b78,59868f73-c94d-4413-ae70-32bbe734cff8,c3,c4,1457,e11,?,
1768610434.2930033,SENT,a7f2c6d7-9372-4259-bbe3-73487b128b78,59868f73-c94d-4413-ae70-32bbe734cff8,c3,c4,1020,?,x4,
1768610434.2930539,FORWARDED,a7f2c6d7-9372-4259-bbe3-73487b128b78,59868f73-c94d-4413-ae70-32bbe734cff8,c3,c4,1020,?,x4,
1768610434.326067,SENT,9c468764-467c-413a-af10-a7e9016a13e5,11b715a0-8aa4-42e5-9ca0-176d6fa0e6f7,c1,DROP,683,?,x10,
1768610434.32611,FORWARDED,9c468764-467c-413a-af10-a7e9016a13e5,11b715a0-8aa4-42e5-9ca0-176d6fa0e6f7,c1,DROP,683,?,x10,
1768610434.350748,RECEIVED,7a362394-5947-4121-8154-c8ab30b1c683,979f68bb-168c-4fbc-9c3c-e836643d9e23,c1,c2,1457,e10,?,
1768610434.4814909,RECEIVED,5bc74997-674f-4b95-b5e7-65aeb7a247e1,8e9acca1-4bd3-45ce-9a12-15e55f659155,c2,c4,1443,e9,?,
1768610434.5569687,SENT,7a362394-5947-4121-8154-c8ab30b1c683,979f68bb-168c-4fbc-9c3c-e836643d9e23,c1,c2,1019,?,x10,
1768610434.5570128,FORWARDED,7a362394-5947-4121-8154-c8ab30b1c683,979f68bb-168c-4fbc-9c3c-e836643d9e23,c1,c2,1019,?,x10,
1768610434.7790136,SENT,fa979949-e267-4473-b72c-6e060c2e555e,6aa42e73-f56b-41fa-aaf5-d47779738b6a,c4,DROP,683,?,x6,
1768610434.7791452,FORWARDED,fa979949-e267-4473-b72c-6e060c2e555e,6aa42e73-f56b-41fa-aaf5-d47779738b6a,c4,DROP,683,?,x6,
1768610434.7849197,RECEIVED,299f2dc6-18fd-4540-b6e3-cc812a280560,ddb98c1a-9865-40b7-8c08-6ce6f656cc13,c1,c2,1452,e7,?,
1768610434.9940777,RECEIVED,4ccb4d04-da99-4b1d-893e-9b9a2760370f,d54211b8-cd85-4d80-b141-addc3bce792a,c4,c3,1457,e5,?,
1768610435.0811937,SENT,4ccb4d04-da99-4b1d-893e-9b9a2760370f,d54211b8-cd85-4d80-b141-addc3bce792a,c4,c3,1020,?,x3,
1768610435.0812402,FORWARDED,4ccb4d04-da99-4b1d-893e-9b9a2760370f,d54211b8-cd85-4d80-b141-addc3bce792a,c4,c3,1020,?,x3,
1768610435.148437,RECEIVED,843e3167-0279-48d1-94f9-c568c5955ead,fdab643e-9c32-4808-a102-483bcd5989d6,c1,c5,1443,e7,?,
1768610435.289926,SENT,299f2dc6-18fd-4540-b6e3-cc812a280560,ddb98c1a-9865-40b7-8c08-6ce6f656cc13,c1,c2,1015,?,x10,
1768610435.2899642,FORWARDED,299f2dc6-18fd-4540-b6e3-cc812a280560,ddb98c1a-9865-40b7-8c08-6ce6f656cc13,c1,c2,1015,?,x10,
1768610435.3056445,SENT,843e3167-0279-48d1-94f9-c568c5955ead,fdab643e-9c32-4808-a102-483bcd5989d6,c1,c5,1011,?,x5,
1768610435.305686,FORWARDED,843e3167-0279-48d1-94f9-c568c5955ead,fdab643e-9c32-4808-a102-483bcd5989d6,c1,c5,1011,?,x5,
1768610435.5066895,RECEIVED,1aff2d5a-72e2-40eb-bed5-b21a524c7a16,1ca355b3-2e3d-4c59-9f60-624e07e34c20,c4,c2,1460,e12,?,
1768610435.6407309,RECEIVED,d9aee18b-f404-433d-a8f4-4cd2d1d2bfac,ce790f54-b517-420b-94f4-d3e4507d367f,c3,c2,1457,e1,?,
1768610435.7669075,SENT,d9aee18b-f404-433d-a8f4-4cd2d1d2bfac,ce790f54-b517-420b-94f4-d3e4507d367f,c3,c2,1019,?,x11,
1768610435.76695,FORWARDED,d9aee18b-f404-433d-a8f4-4cd2d1d2bfac,ce790f54-b517-420b-94f4-d3e4507d367f,c3,c2,1019,?,x11,
1768610435.7987978,SENT,5bc74997-674f-4b95-b5e7-65aeb7a247e1,8e9acca1-4bd3-45ce-9a12-15e55f659155,c2,c4,1011,?,x4,
1768610435.7988377,FORWARDED,5bc74997-674f-4b95-b5e7-65aeb7a247e1,8e9acca1-4bd3-45ce-9a12-15e55f659155,c2,c4,1011,?,x4,
1768610435.8991969,RECEIVED,361d8949-69cb-4ab8-a360-1b39e4d5b3c5,4ee1a274-61d7-493a-86a5-203ee127061e,c5,c4,1463,e12,?,
1768610435.9743958,SENT,1aff2d5a-72e2-40eb-bed5-b21a524c7a16,1ca355b3-2e3d-4c59-9f60-624e07e34c20,c4,c2,1021,?,x12,
1768610435.9744382,FORWARDED,1aff2d5a-72e2-40eb-bed5-b21a524c7a16,1ca355b3-2e3d-4c59-9f60-624e07e34c20,c4,c2,1021,?,x12,
1768610436.254475,RECEIVED,c3f58e35-63f3-4973-b48e-ae42746fb5b1,f3de209b-4a4b-43f7-aa95-b0c95ef5e532,c3,c4,1464,e10,?,
1768610436.3366039,RECEIVED,aa90c1bb-6b10-47ad-ae4a-642358fb6327,119fee78-861d-411d-994b-af88623c9e4d,c1,c4,1451,e11,?,
1768610436.3488452,RECEIVED,d4c7a9a7-2715-4b9c-8ac1-e6110794f968,a68ebcee-e536-4f8b-8e30-c30e149b74c1,c4,c3,1456,e11,?,
1768610436.3875563,SENT,c3f58e35-63f3-4973-b48e-ae42746fb5b1,f3de209b-4a4b-43f7-aa95-b0c95ef5e532,c3,c4,1024,?,x2,
1768610436.387598,FORWARDED,c3f58e35-63f3-4973-b48e-ae42746fb5b1,f3de209b-4a4b-43f7-aa95-b0c95ef5e532,c3,c4,1024,?,x2,
1768610436.391158,RECEIVED,7d399eb1-8159-4e2d-bf07-ee8c7964b468,16393ac6-cc0b-481e-b694-d8de635550b2,c3,DROP,1008,e2,?,
1768610436.4895737,SENT,7d399eb1-8159-4e2d-bf07-ee8c7964b468,16393ac6-cc0b-481e-b694-d8de635550b2,c3,DROP,684,?,x3,
1768610436.4896164,FORWARDED,7d399eb1-8159-4e2d-bf07-ee8c7964b468,16393ac6-cc0b-481e-b694-d8de635550b2,c3,DROP,684,?,x3,
1768610436.6306992,SENT,d4c7a9a7-2715-4b9c-8ac1-e6110794f968,a68ebcee-e536-4f8b-8e30-c30e149b74c1,c4,c3,1019,?,x4,
1768610436.6314924,FORWARDED,d4c7a9a7-2715-4b9c-8ac1-e6110794f968,a68ebcee-e536-4f8b-8e30-c30e149b74c1,c4,c3,1019,?,x4,
1768610436.632126,RECEIVED,aa52eb14-5ed3-41c4-89ad-e460d075ac34,a936ee0b-0d4a-45ad-b541-dca6eb3af98b,c5,c2,1451,e6,?,
1768610436.6541414,SENT,361d8949-69cb-4ab8-a360-1b39e4d5b3c5,4ee1a274-61d7-493a-86a5-203ee127061e,c5,c4,1024,?,x2,
1768610436.6541862,FORWARDED,361d8949-69cb-4ab8-a360-1b39e4d5b3c5,4ee1a274-61d7-493a-86a5-203ee127061e,c5,c4,1024,?,x2,
1768610436.778988,RECEIVED,9be242ea-2b15-49e3-b70f-736cf0a23141,e77a8edc-d4f3-4a91-93cf-f1775657a1c7,c2,c1,1455,e8,?,
1768610436.9579306,SENT,aa90c1bb-6b10-47ad-ae4a-642358fb6327,119fee78-861d-411d-994b-af88623c9e4d,c1,c4,1015,?,x9,
1768610436.9579732,FORWARDED,aa90c1bb-6b10-47ad-ae4a-642358fb6327,119fee78-861d-411d-994b-af88623c9e4d,c1,c4,1015,?,x9,
1768610437.3511863,RECEIVED,b2572e09-61cd-4c3c-984f-9250d24703cf,15f23c07-31f7-48e0-a44b-6563724c797b,c1,DROP,446,x12,?,
1768610437.5025342,SENT,9be242ea-2b15-49e3-b70f-736cf0a23141,e77a8edc-d4f3-4a91-93cf-f1775657a1c7,c2,c1,1020,?,x2,
1768610437.5025756,FORWARDED,9be242ea-2b15-49e3-b70f-736cf0a23141,e77a8edc-d4f3-4a91-93cf-f1775657a1c7,c2,c1,1020,?,x2,
1768610437.613421,SENT,aa52eb14-5ed3-41c4-89ad-e460d075ac34,a936ee0b-0d4a-45ad-b541-dca6eb3af98b,c5,c2,1016,?,x3,
1768610437.613465,FORWARDED,aa52eb14-5ed3-41c4-89ad-e460d075ac34,a936ee0b-0d4a-45ad-b541-dca6eb3af98b,c5,c2,1016,?,x3,
1768610438.3644047,RECEIVED,9c68f49a-9651-4bf4-91d5-dc58e17b930e,4bd30100-de57-4b39-bc16-67a65b08d15e,c4,c2,1456,e2,?,
1768610438.4186528,RECEIVED,80499d1d-ac7f-4adc-9b1f-7d4d256ca2b1,2139fc95-5095-4c40-a6ac-0e4ad95dc448,c5,c3,1449,e7,?,
1768610438.4725845,SENT,80499d1d-ac7f-4adc-9b1f-7d4d256ca2b1,2139fc95-5095-4c40-a6ac-0e4ad95dc448,c5,c3,1012,?,x6,
1768610438.4726272,FORWARDED,80499d1d-ac7f-4adc-9b1f-7d4d256ca2b1,2139fc95-5095-4c40-a6ac-0e4ad95dc448,c5,c3,1012,?,x6,
1768610438.8267744,RECEIVED,5c424874-066d-449a-bec5-b83fe6757696,8915279e-940d-46c2-9ad8-7fb21588ab5b,c5,c1,1455,e12,?,
1768610439.080142,SENT,9c68f49a-9651-4bf4-91d5-dc58e17b930e,4bd30100-de57-4b39-bc16-67a65b08d15e,c4,c2,1020,?,x10,
1768610439.0801873,FORWARDED,9c68f49a-9651-4bf4-91d5-dc58e17b930e,4bd30100-de57-4b39-bc16-67a65b08d15e,c4,c2,1020,?,x10,
1768610439.4851594,SENT,5c424874-066d-449a-bec5-b83fe6757696,8915279e-940d-46c2-9ad8-7fb21588ab5b,c5,c1,1019,?,x8,
1768610439.4852047,FORWARDED,5c424874-066d-449a-bec5-b83fe6757696,8915279e-940d-46c2-9ad8-7fb21588ab5b,c5,c1,1019,?,x8,
1768610439.7708778,RECEIVED,91f769c8-81ba-417b-942b-474e16e99f2f,a05fc97c-c24c-4be5-a676-4f6e6d28dcd8,c1,DROP,440,x3,?,
1768610439.905557,RECEIVED,5a2f2ed4-8408-4399-aa35-c29f641e303b,54112dba-f679-4d00-aed7-d06fd1d4436f,c3,c5,1451,e3,?,
1768610440.1688275,RECEIVED,490c8264-b46e-4ccd-a673-5e13c88ffc7e,d9546843-76f3-4fd2-b219-ce5053c29ed9,c4,c3,1461,e1,?,
1768610440.2279336,SENT,5a2f2ed4-8408-4399-aa35-c29f641e303b,54112dba-f679-4d00-aed7-d06fd1d4436f,c3,c5,1016,?,x7,
1768610440.2279768,FORWARDED,5a2f2ed4-8408-4399-aa35-c29f641e303b,54112dba-f679-4d00-aed7-d06fd1d4436f,c3,c5,1016,?,x7,
1768610440.233873,RECEIVED,6d7b4bf6-4620-461d-a1ab-d7f26e06c8de,1bcfb1b2-690d-4e79-a37f-77d4adeec4b2,c3,c1,1449,e5,?,
1768610440.3044538,SENT,490c8264-b46e-4ccd-a673-5e13c88ffc7e,d9546843-76f3-4fd2-b219-ce5053c29ed9,c4,c3,1023,?,x10,
1768610440.3045046,FORWARDED,490c8264-b46e-4ccd-a673-5e13c88ffc7e,d9546843-76f3-4fd2-b219-ce5053c29ed9,c4,c3,1023,?,x10,
1768610440.4527373,RECEIVED,c80962e3-eb3d-4061-8be5-fc9ce32e752a,1db19119-9e63-4d80-9615-063e49057824,c3,c2,1449,e7,?,
1768610440.4821284,RECEIVED,9dc973a6-6bc1-4cd1-b4bc-9a4617dea1e0,a6939ed3-4e7f-4e0e-8559-fd60665540f8,c2,c4,1443,e9,?,
1768610440.5308385,SENT,6d7b4bf6-4620-461d-a1ab-d7f26e06c8de,1bcfb1b2-690d-4e79-a37f-77d4adeec4b2,c3,c1,1012,?,x11,
1768610440.530882,FORWARDED,6d7b4bf6-4620-461d-a1ab-d7f26e06c8de,1bcfb1b2-690d-4e79-a37f-77d4adeec4b2,c3,c1,1012,?,x11,
1768610440.6609375,SENT,c80962e3-eb3d-4061-8be5-fc9ce32e752a,1db19119-9e63-4d80-9615-063e49057824,c3,c2,1014,?,x12,
1768610440.6609852,FORWARDED,c80962e3-eb3d-4061-8be5-fc9ce32e752a,1db19119-9e63-4d80-9615-063e49057824,c3,c2,1014,?,x12,
1768610440.6907327,RECEIVED,9ad0af1b-6b9b-4e1b-8a06-639492cbb57a,7355c841-412d-4df0-94d5-762857080e1b,c3,DROP,1008,e6,?,
1768610440.7198224,RECEIVED,4790485c-96c4-4126-b524-120f7c9e76b4,35a9fb0d-b1f9-49e1-8e16-255a2b393e66,c3,c4,1447,e7,?,
1768610440.8881853,SENT,9dc973a6-6bc1-4cd1-b4bc-9a4617dea1e0,a6939ed3-4e7f-4e0e-8559-fd60665540f8,c2,c4,1011,?,x3,
1768610440.8883083,FORWARDED,9dc973a6-6bc1-4cd1-b4bc-9a4617dea1e0,a6939ed3-4e7f-4e0e-8559-fd60665540f8,c2,c4,1011,?,x3,
1768610441.0873504,SENT,9ad0af1b-6b9b-4e1b-8a06-639492cbb57a,7355c841-412d-4df0-94d5-762857080e1b,c3,DROP,684,?,x1,
1768610441.0873938,FORWARDED,9ad0af1b-6b9b-4e1b-8a06-639492cbb57a,7355c841-412d-4df0-94d5-762857080e1b,c3,DROP,684,?,x1,
1768610441.2514117,RECEIVED,1be5b8d5-cf5d-4f3b-87d1-07d6f5a8a2e3,0894180c-fa19-4161-9f40-7ee043f7b16b,c3,c2,1456,e5,?,
1768610441.301408,SENT,1be5b8d5-cf5d-4f3b-87d1-07d6f5a8a2e3,0894180c-fa19-4161-9f40-7ee043f7b16b,c3,c2,1019,?,x7,
1768610441.3014433,FORWARDED,1be5b8d5-cf5d-4f3b-87d1-07d6f5a8a2e3,0894180c-fa19-4161-9f40-7ee043f7b16b,c3,c2,1019,?,x7,
1768610441.315229,SENT,4790485c-96c4-4126-b524-120f7c9e76b4,35a9fb0d-b1f9-49e1-8e16-255a2b393e66,c3,c4,1013,?,x2,
1768610441.3152804,FORWARDED,4790485c-96c4-4126-b524-120f7c9e76b4,35a9fb0d-b1f9-49e1-8e16-255a2b393e66,c3,c4,1013,?,x2,
1768610441.361662,RECEIVED,4b95dc0c-c694-4335-89a7-bed834254121,f6ce1f0b-3b9e-4e56-b055-718849d58a40,c5,DROP,1016,e8,?,
1768610442.0222797,SENT,4b95dc0c-c694-4335-89a7-bed834254121,f6ce1f0b-3b9e-4e56-b055-718849d58a40,c5,DROP,688,?,x10,
1768610442.0223212,FORWARDED,4b95dc0c-c694-4335-89a7-bed834254121,f6ce1f0b-3b9e-4e56-b055-718849d58a40,c5,DROP,688,?,x10,
1768610442.6196873,RECEIVED,27d46cd7-4724-4884-93a8-b942ae412887,e5aea64e-74bb-4099-9ec0-99113b93e908,c4,c3,1444,e12,?,
1768610442.6521125,RECEIVED,eb65c50a-de9d-4230-8855-be395866472e,81f5ad56-0aa4-4dbf-9db0-259d1849cb6e,c2,DROP,1015,e8,?,
1768610442.690847,SENT,27d46cd7-4724-4884-93a8-b942ae412887,e5aea64e-74bb-4099-9ec0-99113b93e908,c4,c3,1011,?,x7,
1768610442.6909862,FORWARDED,27d46cd7-4724-4884-93a8-b942ae412887,e5aea64e-74bb-4099-9ec0-99113b93e908,c4,c3,1011,?,x7,
1768610442.8436375,RECEIVED,c42f23c4-f3f3-4448-adcc-1842bf52a72f,5c530f78-1300-4ea2-a67c-f782cc78e38b,c4,c1,1447,e10,?,
1768610442.901177,RECEIVED,67009c9d-3c7c-48b8-9631-155d1f398399,dcde89c9-2640-47cf-83c9-91a6a8b33cb2,c1,c4,1443,e11,?,
1768610442.9690824,RECEIVED,14750164-2db0-439e-81b7-5a9c7188d74a,09b4abda-5ebf-4ae4-b25f-c1a0be2a6751,c5,c2,1456,e1,?,
1768610443.2982378,SENT,c42f23c4-f3f3-4448-adcc-1842bf52a72f,5c530f78-1300-4ea2-a67c-f782cc78e38b,c4,c1,1012,?,x3,
1768610443.2982805,FORWARDED,c42f23c4-f3f3-4448-adcc-1842bf52a72f,5c530f78-1300-4ea2-a67c-f782cc78e38b,c4,c1,1012,?,x3,
1768610443.3478305,SENT,eb65c50a-de9d-4230-8855-be395866472e,81f5ad56-0aa4-4dbf-9db0-259d1849cb6e,c2,DROP,688,?,x8,
1768610443.3478708,FORWARDED,eb65c50a-de9d-4230-8855-be395866472e,81f5ad56-0aa4-4dbf-9db0-259d1849cb6e,c2,DROP,688,?,x8,
1768610443.3775535,SENT,67009c9d-3c7c-48b8-9631-155d1f398399,dcde89c9-2640-47cf-83c9-91a6a8b33cb2,c1,c4,1011,?,x9,
1768610443.3775945,FORWARDED,67009c9d-3c7c-48b8-9631-155d1f398399,dcde89c9-2640-47cf-83c9-91a6a8b33cb2,c1,c4,1011,?,x9,
1768610443.5741053,SENT,14750164-2db0-439e-81b7-5a9c7188d74a,09b4abda-5ebf-4ae4-b25f-c1a0be2a6751,c5,c2,1019,?,x10,
1768610443.5741632,FORWARDED,14750164-2db0-439e-81b7-5a9c7188d74a,09b4abda-5ebf-4ae4-b25f-c1a0be2a6751,c5,c2,1019,?,x10,
1768610444.0842695,RECEIVED,2d23bdf6-9c40-4069-9ff7-b307f5429683,803f8de4-9d95-4bd1-8ca4-e5283d0ed53b,c3,c2,1455,e10,?,
1768610444.263482,RECEIVED,dc1bdbcd-1d6e-4d77-a8d7-4a5ba5cbc71c,03446926-6273-404f-bc29-a5c61f867667,c4,DROP,1008,e6,?,
1768610444.324577,RECEIVED,734511e6-a9bc-4145-b754-d5b5a3f612dc,e7506998-e876-4bfc-81f5-ce86cf32dfa1,c3,c4,1451,e1,?,
1768610444.4080276,SENT,dc1bdbcd-1d6e-4d77-a8d7-4a5ba5cbc71c,03446926-6273-404f-bc29-a5c61f867667,c4,DROP,684,?,x4,
1768610444.4080825,FORWARDED,dc1bdbcd-1d6e-4d77-a8d7-4a5ba5cbc71c,03446926-6273-404f-bc29-a5c61f867667,c4,DROP,684,?,x4,
1768610444.5988872,RECEIVED,3a9c6aae-ad5e-42aa-b8d6-261f639b8411,960515d7-2248-4e40-ae43-d53e45ba297e,c1,c5,1451,e3,?,
1768610444.6235087,RECEIVED,634ef476-2f71-4437-a923-a04ba009e024,5b5cdde6-a028-45a2-99ea-4914c55ddb64,c3,c2,1447,e5,?,
1768610444.7390723,SENT,2d23bdf6-9c40-4069-9ff7-b307f5429683,803f8de4-9d95-4bd1-8ca4-e5283d0ed53b,c3,c2,1019,?,x7,
1768610444.7395961,FORWARDED,2d23bdf6-9c40-4069-9ff7-b307f5429683,803f8de4-9d95-4bd1-8ca4-e5283d0ed53b,c3,c2,1019,?,x7,
1768610444.9664943,SENT,634ef476-2f71-4437-a923-a04ba009e024,5b5cdde6-a028-45a2-99ea-4914c55ddb64,c3,c2,1012,?,x1,
1768610444.966535,FORWARDED,634ef476-2f71-4437-a923-a04ba009e024,5b5cdde6-a028-45a2-99ea-4914c55ddb64,c3,c2,1012,?,x1,
1768610444.9685035,RECEIVED,2316acf1-ade3-4da1-8ccb-59252ed5f419,3403e9a5-d925-4131-8869-10566ed341fd,c4,c1,1456,e1,?,
1768610445.0538788,RECEIVED,5fd65392-8bae-488a-8f45-36ce07fb9f9d,94ebeda2-769d-43aa-b15e-aa31efc31b95,c2,c3,1455,e10,?,
1768610445.1777399,RECEIVED,760cdbdb-46e3-4b21-927f-a78c348beda0,fb8cf028-6330-469c-98a0-932e700e98ea,c3,c1,1446,e11,?,
1768610445.263254,RECEIVED,8546f0c8-3f54-4cc8-adcf-b88d42fe42f1,20be1b36-bc6f-4a5c-9f8a-d3e2e44d644e,c2,c4,1444,e2,?,
1768610445.3246043,RECEIVED,c770c7e6-1aab-4401-b78c-73cb4f40a58e,53a554e1-973c-4303-9596-82408a2ca567,c1,c5,1457,e12,?,
1768610445.3694487,SENT,c770c7e6-1aab-4401-b78c-73cb4f40a58e,53a554e1-973c-4303-9596-82408a2ca567,c1,c5,1019,?,x7,
1768610445.3694928,FORWARDED,c770c7e6-1aab-4401-b78c-73cb4f40a58e,53a554e1-973c-4303-9596-82408a2ca567,c1,c5,1019,?,x7,
1768610445.3779502,SENT,8546f0c8-3f54-4cc8-adcf-b88d42fe42f1,20be1b36-bc6f-4a5c-9f8a-d3e2e44d644e,c2,c4,1011,?,x2,
1768610445.3779886,FORWARDED,8546f0c8-3f54-4cc8-adcf-b88d42fe42f1,20be1b36-bc6f-4a5c-9f8a-d3e2e44d644e,c2,c4,1011,?,x2,
1768610445.4471738,SENT,5fd65392-8bae-488a-8f45-36ce07fb9f9d,94ebeda2-769d-43aa-b15e-aa31efc31b95,c2,c3,1019,?,x3,
1768610445.4472184,FORWARDED,5fd65392-8bae-488a-8f45-36ce07fb9f9d,94ebeda2-769d-43aa-b15e-aa31efc31b95,c2,c3,1019,?,x3,
1768610445.570859,SENT,3a9c6aae-ad5e-42aa-b8d6-261f639b8411,960515d7-2248-4e40-ae43-d53e45ba297e,c1,c5,1016,?,x3,
1768610445.5709,FORWARDED,3a9c6aae-ad5e-42aa-b8d6-261f639b8411,960515d7-2248-4e40-ae43-d53e45ba297e,c1,c5,1016,?,x3,
1768610445.585881,RECEIVED,736a3221-0f7e-4def-91eb-d718de0f70a5,72971abb-f793-4b89-a9b6-85ab72fce3ed,c2,c5,1443,e12,?,
1768610445.5873313,RECEIVED,89a1b437-a6bc-4b8e-9f81-8bb88824636a,4abc4ff0-41ea-4dbb-997f-95f5f7ed10c0,c5,c3,1448,e5,?,
1768610445.9094067,SENT,89a1b437-a6bc-4b8e-9f81-8bb88824636a,4abc4ff0-41ea-4dbb-997f-95f5f7ed10c0,c5,c3,1013,?,x4,
1768610445.909447,FORWARDED,89a1b437-a6bc-4b8e-9f81-8bb88824636a,4abc4ff0-41ea-4dbb-997f-95f5f7ed10c0,c5,c3,1013,?,x4,
1768610445.9949033,SENT,760cdbdb-46e3-4b21-927f-a78c348beda0,fb8cf028-6330-469c-98a0-932e700e98ea,c3,c1,1013,?,x8,
1768610445.994946,FORWARDED,760cdbdb-46e3-4b21-927f-a78c348beda0,fb8cf028-6330-469c-98a0-932e700e98ea,c3,c1,1013,?,x8,
1768610445.996243,RECEIVED,9c39ff8f-03ff-44ea-bc1b-59bdb609192c,b30e46db-c532-40c3-a233-0d57dab25cd4,c4,c3,1459,e9,?,
1768610446.0187836,SENT,2316acf1-ade3-4da1-8ccb-59252ed5f419,3403e9a5-d925-4131-8869-10566ed341fd,c4,c1,1020,?,x11,
1768610446.0188243,FORWARDED,2316acf1-ade3-4da1-8ccb-59252ed5f419,3403e9a5-d925-4131-8869-10566ed341fd,c4,c1,1020,?,x11,
1768610446.1197076,RECEIVED,d4d5d93e-d8a2-4ac6-8b1c-26f78c4635e9,21fa4f88-9cc9-45ed-aba2-23b23c213146,c2,DROP,1016,e1,?,
1768610446.2434585,SENT,d4d5d93e-d8a2-4ac6-8b1c-26f78c4635e9,21fa4f88-9cc9-45ed-aba2-23b23c213146,c2,DROP,689,?,x5,
1768610446.2435,FORWARDED,d4d5d93e-d8a2-4ac6-8b1c-26f78c4635e9,21fa4f88-9cc9-45ed-aba2-23b23c213146,c2,DROP,689,?,x5,
1768610446.2649636,RECEIVED,f7e5b8de-d8e9-4a09-afee-4b1a1957b4a5,3425f0a5-1204-42da-a124-cbea963cf18c,c4,c1,1455,e12,?,
1768610446.7596893,SENT,9c39ff8f-03ff-44ea-bc1b-59bdb609192c,b30e46db-c532-40c3-a233-0d57dab25cd4,c4,c3,1021,?,x4,
1768610446.7597315,FORWARDED,9c39ff8f-03ff-44ea-bc1b-59bdb609192c,b30e46db-c532-40c3-a233-0d57dab25cd4,c4,c3,1021,?,x4,
1768610446.9148118,SENT,736a3221-0f7e-4def-91eb-d718de0f70a5,72971abb-f793-4b89-a9b6-85ab72fce3ed,c2,c5,1011,?,x3,
1768610446.9148524,FORWARDED,736a3221-0f7e-4def-91eb-d718de0f70a5,72971abb-f793-4b89-a9b6-85ab72fce3ed,c2,c5,1011,?,x3,
1768610446.958169,SENT,f7e5b8de-d8e9-4a09-afee-4b1a1957b4a5,3425f0a5-1204-42da-a124-cbea963cf18c,c4,c1,1020,?,x1,
1768610446.95821,FORWARDED,f7e5b8de-d8e9-4a09-afee-4b1a1957b4a5,3425f0a5-1204-42da-a124-cbea963cf18c,c4,c1,1020,?,x1,
1768610447.2958791,RECEIVED,191fcbae-8a84-458e-999f-a3d8a71b11e5,349a6acd-c65b-4102-a921-2ae56dad8ee8,c4,c2,1450,e4,?,
1768610447.368808,RECEIVED,d80c53f2-5334-4376-ba78-934351b326ef,9fe74c2e-a5ee-4c51-901a-2aee750256b2,c4,DROP,1008,e9,?,
1768610447.3824136,SENT,191fcbae-8a84-458e-999f-a3d8a71b11e5,349a6acd-c65b-4102-a921-2ae56dad8ee8,c4,c2,1015,?,x7,
1768610447.3824549,FORWARDED,191fcbae-8a84-458e-999f-a3d8a71b11e5,349a6acd-c65b-4102-a921-2ae56dad8ee8,c4,c2,1015,?,x7,
1768610447.5295012,SENT,d80c53f2-5334-4376-ba78-934351b326ef,9fe74c2e-a5ee-4c51-901a-2aee750256b2,c4,DROP,683,?,x2,
1768610447.529543,FORWARDED,d80c53f2-5334-4376-ba78-934351b326ef,9fe74c2e-a5ee-4c51-901a-2aee750256b2,c4,DROP,683,?,x2,
1768610447.7650125,SENT,734511e6-a9bc-4145-b754-d5b5a3f612dc,e7506998-e876-4bfc-81f5-ce86cf32dfa1,c3,c4,1015,?,x6,
1768610447.7650728,FORWARDED,734511e6-a9bc-4145-b754-d5b5a3f612dc,e7506998-e876-4bfc-81f5-ce86cf32dfa1,c3,c4,1015,?,x6,
1768610448.153688,RECEIVED,137d2771-2847-41a6-adc7-f2e1d67be9a3,383a1f27-f9be-4676-b20e-37e46ca45323,c1,DROP,1008,e3,?,
1768610448.1977615,RECEIVED,256e7c9c-6029-4848-bfd4-74c90456cc8c,6a32d537-b9bc-4040-929e-db322c4e0d38,c5,DROP,1013,e3,?,
1768610448.2235556,RECEIVED,002b011f-0312-4d1d-a3cf-d02d56cf1967,4cb592dc-7234-4300-ab0b-5e7f580919e1,c2,c3,1444,e2,?,
1768610448.2669983,RECEIVED,9d977ddc-34ad-48a9-bb60-2b9b6a25a6ce,4cf7cac0-9faf-45c1-8168-c78802d2f166,c4,DROP,1007,e3,?,
1768610448.2810137,SENT,256e7c9c-6029-4848-bfd4-74c90456cc8c,6a32d537-b9bc-4040-929e-db322c4e0d38,c5,DROP,685,?,x11,
1768610448.2810647,FORWARDED,256e7c9c-6029-4848-bfd4-74c90456cc8c,6a32d537-b9bc-4040-929e-db322c4e0d38,c5,DROP,685,?,x11,
1768610448.3080049,SENT,002b011f-0312-4d1d-a3cf-d02d56cf1967,4cb592dc-7234-4300-ab0b-5e7f580919e1,c2,c3,1011,?,x9,
1768610448.308055,FORWARDED,002b011f-0312-4d1d-a3cf-d02d56cf1967,4cb592dc-7234-4300-ab0b-5e7f580919e1,c2,c3,1011,?,x9,
1768610448.3088644,RECEIVED,b4552c63-4629-4bec-9516-a6c802be5abd,b2ae408c-3ae8-499a-936f-047e017d4141,c1,DROP,999,e8,?,
1768610448.4644454,SENT,137d2771-2847-41a6-adc7-f2e1d67be9a3,383a1f27-f9be-4676-b20e-37e46ca45323,c1,DROP,684,?,x10,
1768610448.4644878,FORWARDED,137d2771-2847-41a6-adc7-f2e1d67be9a3,383a1f27-f9be-4676-b20e-37e46ca45323,c1,DROP,684,?,x10,
1768610448.5462427,SENT,9d977ddc-34ad-48a9-bb60-2b9b6a25a6ce,4cf7cac0-9faf-45c1-8168-c78802d2f166,c4,DROP,684,?,x1,
1768610448.5464158,FORWARDED,9d977ddc-34ad-48a9-bb60-2b9b6a25a6ce,4cf7cac0-9faf-45c1-8168-c78802d2f166,c4,DROP,684,?,x1,
1768610449.3009617,RECEIVED,e0bd188c-4e4d-4673-b72a-4fa7b93ea09c,f1a6f30f-3677-429e-9428-8ea27f5961a8,c1,c5,1443,e6,?,
1768610449.3217168,RECEIVED,9c5c5092-50f4-488e-b8fe-7b90e2733db0,8fb12b44-661c-4b31-9af7-08986ca03ca3,c1,c4,1447,e5,?,
1768610449.5483465,RECEIVED,7a32bdd4-4790-46be-a794-0130bb0f7fa2,41fb8a98-791c-45b7-9762-3700452321ab,c2,c1,1457,e10,?,
1768610449.5680864,SENT,e0bd188c-4e4d-4673-b72a-4fa7b93ea09c,f1a6f30f-3677-429e-9428-8ea27f5961a8,c1,c5,1011,?,x5,
1768610449.568138,FORWARDED,e0bd188c-4e4d-4673-b72a-4fa7b93ea09c,f1a6f30f-3677-429e-9428-8ea27f5961a8,c1,c5,1011,?,x5,
1768610449.6037343,SENT,7a32bdd4-4790-46be-a794-0130bb0f7fa2,41fb8a98-791c-45b7-9762-3700452321ab,c2,c1,1019,?,x2,
1768610449.6037762,FORWARDED,7a32bdd4-4790-46be-a794-0130bb0f7fa2,41fb8a98-791c-45b7-9762-3700452321ab,c2,c1,1019,?,x2,
1768610449.6615334,SENT,b4552c63-4629-4bec-9516-a6c802be5abd,b2ae408c-3ae8-499a-936f-047e017d4141,c1,DROP,678,?,x7,
1768610449.6615772,FORWARDED,b4552c63-4629-4bec-9516-a6c802be5abd,b2ae408c-3ae8-499a-936f-047e017d4141,c1,DROP,678,?,x7,
1768610449.6633272,SENT,9c5c5092-50f4-488e-b8fe-7b90e2733db0,8fb12b44-661c-4b31-9af7-08986ca03ca3,c1,c4,1014,?,x2,
1768610449.6633673,FORWARDED,9c5c5092-50f4-488e-b8fe-7b90e2733db0,8fb12b44-661c-4b31-9af7-08986ca03ca3,c1,c4,1014,?,x2,
1768610449.9173343,RECEIVED,87b8b509-9f60-4701-b86e-c64c80428d10,6a9c382b-b41a-43c7-9b8f-1a17cef1fdab,c1,c5,1451,e3,?,
1768610450.1020727,RECEIVED,deb70828-c788-4184-9927-c8e5c83e7e87,02d2de9f-6255-459d-9cc8-0bf86d7eb4b0,c1,DROP,1008,e12,?,
1768610450.2947361,SENT,deb70828-c788-4184-9927-c8e5c83e7e87,02d2de9f-6255-459d-9cc8-0bf86d7eb4b0,c1,DROP,683,?,x6,
1768610450.2947788,FORWARDED,deb70828-c788-4184-9927-c8e5c83e7e87,02d2de9f-6255-459d-9cc8-0bf86d7eb4b0,c1,DROP,683,?,x6,
1768610450.4214077,SENT,87b8b509-9f60-4701-b86e-c64c80428d10,6a9c382b-b41a-43c7-9b8f-1a17cef1fdab,c1,c5,1016,?,x9,
1768610450.4214475,FORWARDED,87b8b509-9f60-4701-b86e-c64c80428d10,6a9c382b-b41a-43c7-9b8f-1a17cef1fdab,c1,c5,1016,?,x9,
1768610451.122132,RECEIVED,93e270d8-44cb-4bbb-a1b4-a34e2859f367,70e035c2-bee2-40a2-9721-34aef36bf8db,c5,c4,1443,e11,?,
1768610451.1685786,RECEIVED,e20bcadd-106a-41fd-ae6c-53a714738e92,fd5ff4f9-3268-420b-a112-b54bdc0a1a2a,c3,c4,1451,e1,?,
1768610451.6420865,RECEIVED,6e3c34a7-9aa7-41d9-8418-ca605c8bb47c,c2586f42-5692-459f-8151-eda283e7bc63,c5,c3,1451,e1,?,
1768610451.7092335,SENT,e20bcadd-106a-41fd-ae6c-53a714738e92,fd5ff4f9-3268-420b-a112-b54bdc0a1a2a,c3,c4,1015,?,x5,
1768610451.709276,FORWARDED,e20bcadd-106a-41fd-ae6c-53a714738e92,fd5ff4f9-3268-420b-a112-b54bdc0a1a2a,c3,c4,1015,?,x5,
1768610452.1537173,SENT,93e270d8-44cb-4bbb-a1b4-a34e2859f367,70e035c2-bee2-40a2-9721-34aef36bf8db,c5,c4,1011,?,x4,
1768610452.1537588,FORWARDED,93e270d8-44cb-4bbb-a1b4-a34e2859f367,70e035c2-bee2-40a2-9721-34aef36bf8db,c5,c4,1011,?,x4,
1768610452.4435396,SENT,6e3c34a7-9aa7-41d9-8418-ca605c8bb47c,c2586f42-5692-459f-8151-eda283e7bc63,c5,c3,1015,?,x1,
1768610452.4435825,FORWARDED,6e3c34a7-9aa7-41d9-8418-ca605c8bb47c,c2586f42-5692-459f-8151-eda283e7bc63,c5,c3,1015,?,x1,
1768610452.6732566,RECEIVED,fc7ca7a1-82a8-4d89-97a5-6dfb310de74e,8c17fc04-1c15-462f-b12a-9c172e2aff67,c2,DROP,1002,e9,?,
1768610453.2238364,SENT,fc7ca7a1-82a8-4d89-97a5-6dfb310de74e,8c17fc04-1c15-462f-b12a-9c172e2aff67,c2,DROP,680,?,x4,
1768610453.2238781,FORWARDED,fc7ca7a1-82a8-4d89-97a5-6dfb310de74e,8c17fc04-1c15-462f-b12a-9c172e2aff67,c2,DROP,680,?,x4,
1768610453.5226276,RECEIVED,9a97ca96-c3dd-4ae4-939d-3192316ca4bb,9fab986a-1f9e-45a6-9da2-ccd33dafd70c,c2,c5,1448,e5,?,
1768610453.9778993,SENT,9a97ca96-c3dd-4ae4-939d-3192316ca4bb,9fab986a-1f9e-45a6-9da2-ccd33dafd70c,c2,c5,1014,?,x7,
1768610453.9779403,FORWARDED,9a97ca96-c3dd-4ae4-939d-3192316ca4bb,9fab986a-1f9e-45a6-9da2-ccd33dafd70c,c2,c5,1014,?,x7,
1768610454.3713067,RECEIVED,5f6742cf-6558-448f-afdc-f3cb9e6de1cd,39de304e-893e-409a-a8f6-61e08be7ecc8,c2,c5,1443,e6,?,
1768610454.8842976,RECEIVED,d0540016-3885-42b6-8f4e-bed325347515,a3ad0d18-0e98-43ef-a58d-10bb06c8a9cd,c4,c5,1444,e8,?,
1768610455.0676286,RECEIVED,b1109d03-b2e6-485c-8bcc-d309774f0569,68855877-544b-4b2d-958b-a9b43d21e875,c1,c5,1451,e3,?,
1768610455.1071293,SENT,d0540016-3885-42b6-8f4e-bed325347515,a3ad0d18-0e98-43ef-a58d-10bb06c8a9cd,c4,c5,1010,?,x5,
1768610455.1071684,FORWARDED,d0540016-3885-42b6-8f4e-bed325347515,a3ad0d18-0e98-43ef-a58d-10bb06c8a9cd,c4,c5,1010,?,x5,
1768610455.1354437,RECEIVED,0500e304-2c6b-47ab-b371-03573e7ae88a,145e6ec2-efe2-42af-a353-cefdf8f5a82e,c5,DROP,1005,e11,?,
1768610455.2101743,SENT,0500e304-2c6b-47ab-b371-03573e7ae88a,145e6ec2-efe2-42af-a353-cefdf8f5a82e,c5,DROP,679,?,x5,
1768610455.2102249,FORWARDED,0500e304-2c6b-47ab-b371-03573e7ae88a,145e6ec2-efe2-42af-a353-cefdf8f5a82e,c5,DROP,679,?,x5,
1768610455.2344773,RECEIVED,abc22c0c-9138-4412-aa16-c1093834a578,ac8410b5-6358-48ef-aab7-16d8bbe8ad93,c1,c4,1456,e12,?,
1768610455.3143406,SENT,abc22c0c-9138-4412-aa16-c1093834a578,ac8410b5-6358-48ef-aab7-16d8bbe8ad93,c1,c4,1020,?,x5,
1768610455.3143818,FORWARDED,abc22c0c-9138-4412-aa16-c1093834a578,ac8410b5-6358-48ef-aab7-16d8bbe8ad93,c1,c4,1020,?,x5,
1768610455.362179,SENT,b1109d03-b2e6-485c-8bcc-d309774f0569,68855877-544b-4b2d-958b-a9b43d21e875,c1,c5,1015,?,x3,
1768610455.362217,FORWARDED,b1109d03-b2e6-485c-8bcc-d309774f0569,68855877-544b-4b2d-958b-a9b43d21e875,c1,c5,1015,?,x3,
1768610455.5467422,RECEIVED,05381436-5619-452c-b055-93a1be7c59d6,3db28dbd-1cf3-41ff-9c2a-6d9a5a85ef69,c2,DROP,441,x1,?,
1768610455.62758,RECEIVED,8f8c4da3-e101-48e7-9120-562e375432a4,729fbdd3-d2b8-42f7-977b-c948e8b7c987,c5,c4,1457,e11,?,
1768610455.6746209,SENT,8f8c4da3-e101-48e7-9120-562e375432a4,729fbdd3-d2b8-42f7-977b-c948e8b7c987,c5,c4,1020,?,x9,
1768610455.6746612,FORWARDED,8f8c4da3-e101-48e7-9120-562e375432a4,729fbdd3-d2b8-42f7-977b-c948e8b7c987,c5,c4,1020,?,x9,
1768610455.7321546,SENT,5f6742cf-6558-448f-afdc-f3cb9e6de1cd,39de304e-893e-409a-a8f6-61e08be7ecc8,c2,c5,1011,?,x6,
1768610455.7321975,FORWARDED,5f6742cf-6558-448f-afdc-f3cb9e6de1cd,39de304e-893e-409a-a8f6-61e08be7ecc8,c2,c5,1011,?,x6,
1768610455.8378518,RECEIVED,b4e9e788-d3bc-47cd-afcc-06e60d3fb586,43ab9455-c983-4122-981e-3265b90f5715,c3,DROP,1010,e3,?,
1768610455.9346988,SENT,b4e9e788-d3bc-47cd-afcc-06e60d3fb586,43ab9455-c983-4122-981e-3265b90f5715,c3,DROP,683,?,x11,
1768610455.9347384,FORWARDED,b4e9e788-d3bc-47cd-afcc-06e60d3fb586,43ab9455-c983-4122-981e-3265b90f5715,c3,DROP,683,?,x11,
1768610457.167039,RECEIVED,0310a23d-6096-493e-9b2d-205c23d07b27,5756f877-0091-44d5-b15d-61d57eb5e123,c3,c5,1463,e10,?,
1768610457.2178233,SENT,0310a23d-6096-493e-9b2d-205c23d07b27,5756f877-0091-44d5-b15d-61d57eb5e123,c3,c5,1025,?,x7,
1768610457.2178667,FORWARDED,0310a23d-6096-493e-9b2d-205c23d07b27,5756f877-0091-44d5-b15d-61d57eb5e123,c3,c5,1025,?,x7,
1768610457.9607108,RECEIVED,8e611cf0-960f-49ef-9590-9396866dcc8e,812d1932-3a0b-4f6f-8a9c-d0f1988507eb,c2,c1,1446,e4,?,
1768610458.061966,RECEIVED,a47749fc-5f99-44f2-ab32-b047c3ce91a3,577092a1-d9a9-4fae-b00c-709421afb0e9,c3,c4,1447,e1,?,
1768610458.1122313,RECEIVED,5f90d79c-413d-4d58-a5e4-f130c722bd35,9e467d7f-47d2-439c-a007-718e829fe140,c3,c1,1442,e6,?,
1768610458.6440182,RECEIVED,8f66f247-4417-488f-91a2-319e3ea7f0fe,fb8b39e0-1b50-493c-87c1-2438b0ee017f,c1,c3,1451,e8,?,
1768610458.797787,SENT,a47749fc-5f99-44f2-ab32-b047c3ce91a3,577092a1-d9a9-4fae-b00c-709421afb0e9,c3,c4,1012,?,x5,
1768610458.797829,FORWARDED,a47749fc-5f99-44f2-ab32-b047c3ce91a3,577092a1-d9a9-4fae-b00c-709421afb0e9,c3,c4,1012,?,x5,
1768610459.0262482,RECEIVED,c3e8f070-c9f2-4a88-bef2-eb030e51b12a,bde03f7c-b421-4244-b614-259f3ead9e21,c4,c3,1443,e3,?,
1768610459.0572274,RECEIVED,dd1a5be4-46f6-4f8f-90c7-f247e6459845,fdc1649e-cccd-4568-86c4-9d8c98f65f93,c2,c3,1466,e8,?,
1768610459.0823472,SENT,8f66f247-4417-488f-91a2-319e3ea7f0fe,fb8b39e0-1b50-493c-87c1-2438b0ee017f,c1,c3,1015,?,x1,
1768610459.08239,FORWARDED,8f66f247-4417-488f-91a2-319e3ea7f0fe,fb8b39e0-1b50-493c-87c1-2438b0ee017f,c1,c3,1015,?,x1,
1768610459.3763309,SENT,c3e8f070-c9f2-4a88-bef2-eb030e51b12a,bde03f7c-b421-4244-b614-259f3ead9e21,c4,c3,1011,?,x7,
1768610459.376371,FORWARDED,c3e8f070-c9f2-4a88-bef2-eb030e51b12a,bde03f7c-b421-4244-b614-259f3ead9e21,c4,c3,1011,?,x7,
1768610459.4326663,SENT,5f90d79c-413d-4d58-a5e4-f130c722bd35,9e467d7f-47d2-439c-a007-718e829fe140,c3,c1,1011,?,x4,
1768610459.432708,FORWARDED,5f90d79c-413d-4d58-a5e4-f130c722bd35,9e467d7f-47d2-439c-a007-718e829fe140,c3,c1,1011,?,x4,
1768610459.4586222,SENT,dd1a5be4-46f6-4f8f-90c7-f247e6459845,fdc1649e-cccd-4568-86c4-9d8c98f65f93,c2,c3,1028,?,x10,
1768610459.4586651,FORWARDED,dd1a5be4-46f6-4f8f-90c7-f247e6459845,fdc1649e-cccd-4568-86c4-9d8c98f65f93,c2,c3,1028,?,x10,
1768610459.4806323,RECEIVED,c7cbfbc0-5686-4cf3-8cee-786893385966,9fe3fd29-21b7-43ef-a94f-23e288102e9e,c4,DROP,442,x5,?,
1768610459.4808848,RECEIVED,f869e587-77d0-4504-ba5a-cd8cb9069214,3e18475a-be84-471f-a631-87421fe14c3a,c3,c5,1456,e12,?,
1768610459.6236231,RECEIVED,ac6fd2c4-04e0-4f5b-9c5e-41c051cfd583,3bf687dd-6493-4193-8c66-8441b3f9ed0f,c3,c4,1456,e10,?,
1768610459.9182434,RECEIVED,eb94a2fd-35c3-4b18-97ba-d37d98e96d01,1c39fa1f-80b0-4edc-96b2-d55165cfadce,c3,c4,1459,e12,?,
1768610459.922506,SENT,8e611cf0-960f-49ef-9590-9396866dcc8e,812d1932-3a0b-4f6f-8a9c-d0f1988507eb,c2,c1,1012,?,x2,
1768610459.9225473,FORWARDED,8e611cf0-960f-49ef-9590-9396866dcc8e,812d1932-3a0b-4f6f-8a9c-d0f1988507eb,c2,c1,1012,?,x2,
1768610460.0773418,SENT,f869e587-77d0-4504-ba5a-cd8cb9069214,3e18475a-be84-471f-a631-87421fe14c3a,c3,c5,1019,?,x12,
1768610460.0773838,FORWARDED,f869e587-77d0-4504-ba5a-cd8cb9069214,3e18475a-be84-471f-a631-87421fe14c3a,c3,c5,1019,?,x12,
1768610460.0896943,RECEIVED,cbb7abe6-27c9-426a-9529-74465e2bed41,708d28a1-ca03-497a-81d9-911497da6c77,c4,c5,1464,e12,?,
1768610460.1813483,SENT,cbb7abe6-27c9-426a-9529-74465e2bed41,708d28a1-ca03-497a-81d9-911497da6c77,c4,c5,1025,?,x5,
1768610460.1813908,FORWARDED,cbb7abe6-27c9-426a-9529-74465e2bed41,708d28a1-ca03-497a-81d9-911497da6c77,c4,c5,1025,?,x5,
1768610460.183512,RECEIVED,6c0739e1-12f7-4622-8f30-cf69c1626b00,5bd6a095-c71a-46d9-b555-735e423a40ca,c1,c4,1443,e2,?,
1768610460.4621704,RECEIVED,68bd6dde-263f-4e13-80ae-8c01a5eaf4e3,daf274aa-7f73-40b3-a107-6c469a939afd,c2,c5,1452,e12,?,
1768610460.4952168,SENT,ac6fd2c4-04e0-4f5b-9c5e-41c051cfd583,3bf687dd-6493-4193-8c66-8441b3f9ed0f,c3,c4,1020,?,x12,
1768610460.495259,FORWARDED,ac6fd2c4-04e0-4f5b-9c5e-41c051cfd583,3bf687dd-6493-4193-8c66-8441b3f9ed0f,c3,c4,1020,?,x12,
1768610460.5463939,SENT,68bd6dde-263f-4e13-80ae-8c01a5eaf4e3,daf274aa-7f73-40b3-a107-6c469a939afd,c2,c5,1016,?,x5,
1768610460.5464363,FORWARDED,68bd6dde-263f-4e13-80ae-8c01a5eaf4e3,daf274aa-7f73-40b3-a107-6c469a939afd,c2,c5,1016,?,x5,
1768610460.6717477,SENT,6c0739e1-12f7-4622-8f30-cf69c1626b00,5bd6a095-c71a-46d9-b555-735e423a40ca,c1,c4,1010,?,x5,
1768610460.6717882,FORWARDED,6c0739e1-12f7-4622-8f30-cf69c1626b00,5bd6a095-c71a-46d9-b555-735e423a40ca,c1,c4,1010,?,x5,
1768610461.2839012,RECEIVED,b5b62cf5-7216-48cf-8f34-f6b3f61e3281,b897df6e-8a2f-4912-9253-413cd558ea56,c5,DROP,442,x3,?,
1768610461.9257247,SENT,eb94a2fd-35c3-4b18-97ba-d37d98e96d01,1c39fa1f-80b0-4edc-96b2-d55165cfadce,c3,c4,1023,?,x4,
1768610461.9257667,FORWARDED,eb94a2fd-35c3-4b18-97ba-d37d98e96d01,1c39fa1f-80b0-4edc-96b2-d55165cfadce,c3,c4,1023,?,x4,
1768610462.2802393,RECEIVED,e230d34b-366e-476e-acc7-cc637ed1d43e,732cc95b-7e8d-4245-86c4-f1df07045aed,c4,c1,1447,e8,?,
1768610462.7655716,SENT,e230d34b-366e-476e-acc7-cc637ed1d43e,732cc95b-7e8d-4245-86c4-f1df07045aed,c4,c1,1012,?,x8,
1768610462.7656198,FORWARDED,e230d34b-366e-476e-acc7-cc637ed1d43e,732cc95b-7e8d-4245-86c4-f1df07045aed,c4,c1,1012,?,x8,
1768610463.6094077,RECEIVED,16abdd88-e20d-4a38-8624-51c8080e1ebe,d0fbe9d7-dfda-4199-a33b-a54c7beb4ec3,c5,c3,1444,e9,?,
1768610463.6107771,RECEIVED,1671c10e-6f24-4eb4-a215-0ebd24296fb6,33a58aab-05f9-4946-8999-ff7f7238495d,c2,c3,1446,e5,?,
1768610463.666749,SENT,1671c10e-6f24-4eb4-a215-0ebd24296fb6,33a58aab-05f9-4946-8999-ff7f7238495d,c2,c3,1011,?,x11,
1768610463.6667976,FORWARDED,1671c10e-6f24-4eb4-a215-0ebd24296fb6,33a58aab-05f9-4946-8999-ff7f7238495d,c2,c3,1011,?,x11,
1768610463.676811,SENT,16abdd88-e20d-4a38-8624-51c8080e1ebe,d0fbe9d7-dfda-4199-a33b-a54c7beb4ec3,c5,c3,1011,?,x5,
1768610463.6768553,FORWARDED,16abdd88-e20d-4a38-8624-51c8080e1ebe,d0fbe9d7-dfda-4199-a33b-a54c7beb4ec3,c5,c3,1011,?,x5,
1768610463.9955323,RECEIVED,a219e954-e4de-414a-ad52-af27bb5299a9,42813f09-7fa6-45c1-9b57-eebff7caeda6,c2,c5,1444,e2,?,
1768610464.0883737,RECEIVED,18fc51d5-5163-40dc-a3b2-c032d63da2c9,9b762558-92e7-4f54-a67f-2ea81bf23484,c2,c1,1452,e6,?,
1768610464.5235252,RECEIVED,55153c5d-5124-4d82-9929-4432043cf785,14553ccb-93ea-49e2-8034-4a39895b34b7,c5,c3,1453,e8,?,
1768610464.5880945,SENT,55153c5d-5124-4d82-9929-4432043cf785,14553ccb-93ea-49e2-8034-4a39895b34b7,c5,c3,1016,?,x8,
1768610464.5881445,FORWARDED,55153c5d-5124-4d82-9929-4432043cf785,14553ccb-93ea-49e2-8034-4a39895b34b7,c5,c3,1016,?,x8,
1768610464.5893328,SENT,a219e954-e4de-414a-ad52-af27bb5299a9,42813f09-7fa6-45c1-9b57-eebff7caeda6,c2,c5,1011,?,x11,
1768610464.5893712,FORWARDED,a219e954-e4de-414a-ad52-af27bb5299a9,42813f09-7fa6-45c1-9b57-eebff7caeda6,c2,c5,1011,?,x11,
1768610465.117328,SENT,18fc51d5-5163-40dc-a3b2-c032d63da2c9,9b762558-92e7-4f54-a67f-2ea81bf23484,c2,c1,1017,?,x12,
1768610465.1173704,FORWARDED,18fc51d5-5163-40dc-a3b2-c032d63da2c9,9b762558-92e7-4f54-a67f-2ea81bf23484,c2,c1,1017,?,x12,
1768610465.6484368,RECEIVED,09e38ae0-7c22-43f8-a395-76e614882097,aa4babaa-cd05-484b-9520-51f091ec6b7c,c1,c3,1455,e2,?,
1768610465.71586,RECEIVED,8763743b-6d20-43ad-bced-26dead861937,c14237bd-d494-4b7a-ad5e-f3236ca979ac,c5,c1,1452,e12,?,
1768610465.8161535,RECEIVED,25f1c9d7-d67e-4574-92a2-db8b75a2ea1c,cfa981b2-d3f0-42c2-a0d8-6dd6c6c34c60,c1,c5,1454,e5,?,
1768610465.855638,SENT,25f1c9d7-d67e-4574-92a2-db8b75a2ea1c,cfa981b2-d3f0-42c2-a0d8-6dd6c6c34c60,c1,c5,1015,?,x9,
1768610465.8556755,FORWARDED,25f1c9d7-d67e-4574-92a2-db8b75a2ea1c,cfa981b2-d3f0-42c2-a0d8-6dd6c6c34c60,c1,c5,1015,?,x9,
1768610465.8991,SENT,8763743b-6d20-43ad-bced-26dead861937,c14237bd-d494-4b7a-ad5e-f3236ca979ac,c5,c1,1015,?,x4,
1768610465.89915,FORWARDED,8763743b-6d20-43ad-bced-26dead861937,c14237bd-d494-4b7a-ad5e-f3236ca979ac,c5,c1,1015,?,x4,
1768610465.9465504,RECEIVED,c71d62c7-a07d-4e13-83b0-7ef6a70902a3,466672c4-9457-4e3b-af8c-3ce91394441d,c2,c1,1444,e10,?,
1768610466.0226872,SENT,c71d62c7-a07d-4e13-83b0-7ef6a70902a3,466672c4-9457-4e3b-af8c-3ce91394441d,c2,c1,1011,?,x7,
1768610466.0227249,FORWARDED,c71d62c7-a07d-4e13-83b0-7ef6a70902a3,466672c4-9457-4e3b-af8c-3ce91394441d,c2,c1,1011,?,x7,
1768610466.0852525,SENT,09e38ae0-7c22-43f8-a395-76e614882097,aa4babaa-cd05-484b-9520-51f091ec6b7c,c1,c3,1019,?,x6,
1768610466.085295,FORWARDED,09e38ae0-7c22-43f8-a395-76e614882097,aa4babaa-cd05-484b-9520-51f091ec6b7c,c1,c3,1019,?,x6,
1768610466.3482122,RECEIVED,28a428bb-772b-493b-b6d6-d79fdd9788b5,714508dc-5967-403a-af6e-d6cd485d9765,c1,c4,1451,e7,?,
1768610466.4553814,RECEIVED,cdb3903e-8acf-4e72-a64f-62336a916726,4b447dc1-b55a-487b-956c-db69b9af7bae,c3,c4,1443,e6,?,
1768610466.4702485,RECEIVED,614e00d9-4f5f-4cb6-843d-086ac1f8e7d5,ea4925d9-fe8a-4197-ab25-b07e54a3d616,c1,c3,1459,e10,?,
1768610466.6705885,RECEIVED,3d67bde5-d028-45be-aa7a-4408b884eb73,3641e57d-edac-44ab-b021-f1033bcf707f,c2,c3,1448,e10,?,
1768610466.7405987,SENT,28a428bb-772b-493b-b6d6-d79fdd9788b5,714508dc-5967-403a-af6e-d6cd485d9765,c1,c4,1016,?,x8,
1768610466.7406423,FORWARDED,28a428bb-772b-493b-b6d6-d79fdd9788b5,714508dc-5967-403a-af6e-d6cd485d9765,c1,c4,1016,?,x8,
1768610466.947679,SENT,3d67bde5-d028-45be-aa7a-4408b884eb73,3641e57d-edac-44ab-b021-f1033bcf707f,c2,c3,1012,?,x8,
1768610466.9477215,FORWARDED,3d67bde5-d028-45be-aa7a-4408b884eb73,3641e57d-edac-44ab-b021-f1033bcf707f,c2,c3,1012,?,x8,
1768610466.9648657,RECEIVED,00e727af-23a9-4c21-bfad-0f4ee894df56,43bbc943-d412-42ec-83a2-1228246ffbd9,c3,c4,1456,e2,?,
1768610466.991256,SENT,cdb3903e-8acf-4e72-a64f-62336a916726,4b447dc1-b55a-487b-956c-db69b9af7bae,c3,c4,1011,?,x8,
1768610466.9912975,FORWARDED,cdb3903e-8acf-4e72-a64f-62336a916726,4b447dc1-b55a-487b-956c-db69b9af7bae,c3,c4,1011,?,x8,
1768610467.1125364,SENT,614e00d9-4f5f-4cb6-843d-086ac1f8e7d5,ea4925d9-fe8a-4197-ab25-b07e54a3d616,c1,c3,1023,?,x9,
1768610467.1125784,FORWARDED,614e00d9-4f5f-4cb6-843d-086ac1f8e7d5,ea4925d9-fe8a-4197-ab25-b07e54a3d616,c1,c3,1023,?,x9,
1768610467.121548,SENT,00e727af-23a9-4c21-bfad-0f4ee894df56,43bbc943-d412-42ec-83a2-1228246ffbd9,c3,c4,1019,?,x11,
1768610467.12159,FORWARDED,00e727af-23a9-4c21-bfad-0f4ee894df56,43bbc943-d412-42ec-83a2-1228246ffbd9,c3,c4,1019,?,x11,
1768610467.4686296,RECEIVED,848d016a-847e-470a-8be3-005c0343a867,19de4efb-4300-41a2-95ac-306cd58bb08d,c3,c2,1443,e7,?,
1768610468.1353278,RECEIVED,082cc443-e4e1-4f51-a4a5-34380b51dc9a,3fc72959-71aa-43ba-a7df-eb55255fc4b5,c2,c5,1456,e4,?,
1768610468.5905392,RECEIVED,5199f5b4-4eac-47a3-b8dd-fad4ec3019c5,0024b0a4-aa34-4d8a-9ca5-8479e02d92b9,c5,DROP,1008,e2,?,
1768610468.8246872,RECEIVED,c95ee6a0-0d47-4d3a-a61d-71e2dd61481b,71fd5606-ff2b-462b-bff4-204112779809,c5,c4,1451,e3,?,
1768610468.839645,SENT,082cc443-e4e1-4f51-a4a5-34380b51dc9a,3fc72959-71aa-43ba-a7df-eb55255fc4b5,c2,c5,1020,?,x10,
1768610468.8396885,FORWARDED,082cc443-e4e1-4f51-a4a5-34380b51dc9a,3fc72959-71aa-43ba-a7df-eb55255fc4b5,c2,c5,1020,?,x10,
1768610468.9684575,SENT,848d016a-847e-470a-8be3-005c0343a867,19de4efb-4300-41a2-95ac-306cd58bb08d,c3,c2,1011,?,x2,
1768610468.9685009,FORWARDED,848d016a-847e-470a-8be3-005c0343a867,19de4efb-4300-41a2-95ac-306cd58bb08d,c3,c2,1011,?,x2,
1768610469.0494635,SENT,c95ee6a0-0d47-4d3a-a61d-71e2dd61481b,71fd5606-ff2b-462b-bff4-204112779809,c5,c4,1016,?,x2,
1768610469.0495036,FORWARDED,c95ee6a0-0d47-4d3a-a61d-71e2dd61481b,71fd5606-ff2b-462b-bff4-204112779809,c5,c4,1016,?,x2,
1768610469.088902,SENT,5199f5b4-4eac-47a3-b8dd-fad4ec3019c5,0024b0a4-aa34-4d8a-9ca5-8479e02d92b9,c5,DROP,683,?,x11,
1768610469.0889401,FORWARDED,5199f5b4-4eac-47a3-b8dd-fad4ec3019c5,0024b0a4-aa34-4d8a-9ca5-8479e02d92b9,c5,DROP,683,?,x11,
1768610469.2706113,RECEIVED,d3eef6fa-639a-43f8-8686-2bef5f3d13c1,7eb76824-0a12-496b-ad77-398e9003afb5,c5,c1,1449,e4,?,
1768610469.3003144,SENT,d3eef6fa-639a-43f8-8686-2bef5f3d13c1,7eb76824-0a12-496b-ad77-398e9003afb5,c5,c1,1013,?,x7,
1768610469.300357,FORWARDED,d3eef6fa-639a-43f8-8686-2bef5f3d13c1,7eb76824-0a12-496b-ad77-398e9003afb5,c5,c1,1013,?,x7,
1768610469.4365852,RECEIVED,a3c69404-285f-46b4-aa6f-032a387a9d05,050d1ec3-1250-4943-8254-ff87103f355b,c5,c4,1448,e2,?,
1768610469.5026846,SENT,a3c69404-285f-46b4-aa6f-032a387a9d05,050d1ec3-1250-4943-8254-ff87103f355b,c5,c4,1012,?,x2,
1768610469.5027275,FORWARDED,a3c69404-285f-46b4-aa6f-032a387a9d05,050d1ec3-1250-4943-8254-ff87103f355b,c5,c4,1012,?,x2,
1768610469.5776596,RECEIVED,4b2c790b-eceb-44d4-a803-0980f7c34bd0,24aba158-6d67-4eba-84e9-ceb3d75a41ff,c1,c3,1447,e1,?,
1768610469.7129982,RECEIVED,262fa31b-050a-401d-99c2-47fb7462272e,bad204ce-5bf6-42a5-ac8f-59e9e09f0d19,c2,c3,1443,e7,?,
1768610469.724239,SENT,4b2c790b-eceb-44d4-a803-0980f7c34bd0,24aba158-6d67-4eba-84e9-ceb3d75a41ff,c1,c3,1012,?,x1,
1768610469.724282,FORWARDED,4b2c790b-eceb-44d4-a803-0980f7c34bd0,24aba158-6d67-4eba-84e9-ceb3d75a41ff,c1,c3,1012,?,x1,
1768610469.8665395,RECEIVED,26703b9f-417b-4b7b-b3af-dba95658b99f,48bfe4d3-0363-4aa0-869d-036442d5fa0c,c4,DROP,1011,e11,?,
1768610470.0046687,SENT,262fa31b-050a-401d-99c2-47fb7462272e,bad204ce-5bf6-42a5-ac8f-59e9e09f0d19,c2,c3,1011,?,x9,
1768610470.0047114,FORWARDED,262fa31b-050a-401d-99c2-47fb7462272e,bad204ce-5bf6-42a5-ac8f-59e9e09f0d19,c2,c3,1011,?,x9,
1768610470.5408845,RECEIVED,583e6c81-3a1b-4077-b3cf-c5766cb423f6,c31f18bf-4a72-475d-b88a-62f3656119c0,c1,c5,1456,e5,?,
1768610470.8163896,SENT,26703b9f-417b-4b7b-b3af-dba95658b99f,48bfe4d3-0363-4aa0-869d-036442d5fa0c,c4,DROP,687,?,x6,
1768610470.8164256,FORWARDED,26703b9f-417b-4b7b-b3af-dba95658b99f,48bfe4d3-0363-4aa0-869d-036442d5fa0c,c4,DROP,687,?,x6,
1768610470.9010818,RECEIVED,ca711f40-5d83-48a1-bdf8-5266f23eca4b,c1cc13ab-2f63-474a-aeb3-6d2d01331679,c2,c4,1448,e6,?,
1768610470.9843807,SENT,ca711f40-5d83-48a1-bdf8-5266f23eca4b,c1cc13ab-2f63-474a-aeb3-6d2d01331679,c2,c4,1014,?,x4,
1768610470.9844244,FORWARDED,ca711f40-5d83-48a1-bdf8-5266f23eca4b,c1cc13ab-2f63-474a-aeb3-6d2d01331679,c2,c4,1014,?,x4,
1768610471.454649,SENT,583e6c81-3a1b-4077-b3cf-c5766cb423f6,c31f18bf-4a72-475d-b88a-62f3656119c0,c1,c5,1019,?,x11,
1768610471.4546912,FORWARDED,583e6c81-3a1b-4077-b3cf-c5766cb423f6,c31f18bf-4a72-475d-b88a-62f3656119c0,c1,c5,1019,?,x11,
1768610471.5055804,RECEIVED,8e39b9e4-78ad-4446-b77b-c65cb24fcaeb,3e22945b-e97e-45ad-86a9-96ad936ec591,c1,c5,1447,e6,?,
1768610471.9615164,RECEIVED,f42c32d0-4845-4697-82e6-c79efe6358e9,2b649d10-586f-45fc-8997-3b6efa420631,c3,c5,1460,e10,?,
1768610472.0093026,SENT,8e39b9e4-78ad-4446-b77b-c65cb24fcaeb,3e22945b-e97e-45ad-86a9-96ad936ec591,c1,c5,1013,?,x1,
1768610472.0093455,FORWARDED,8e39b9e4-78ad-4446-b77b-c65cb24fcaeb,3e22945b-e97e-45ad-86a9-96ad936ec591,c1,c5,1013,?,x1,
1768610472.2143278,RECEIVED,562edd2a-afcf-4696-8b19-6988ea6016a9,628f6b0b-c489-4de0-93bc-da1b77ac8439,c3,DROP,1007,e7,?,
1768610472.3146138,RECEIVED,95cf5543-ed1c-41eb-8cb6-b48910dceced,6f99e597-dc5f-451d-921d-a8b411ef8841,c3,c5,1447,e11,?,
1768610472.3208816,RECEIVED,c990690e-4d10-4f10-a043-9ca02fbb70d1,54eafd24-3c6c-4c5c-9a0a-9d50c7a00834,c2,c4,1462,e12,?,
1768610472.4524958,SENT,95cf5543-ed1c-41eb-8cb6-b48910dceced,6f99e597-dc5f-451d-921d-a8b411ef8841,c3,c5,1013,?,x1,
1768610472.4525387,FORWARDED,95cf5543-ed1c-41eb-8cb6-b48910dceced,6f99e597-dc5f-451d-921d-a8b411ef8841,c3,c5,1013,?,x1,
1768610472.6042492,RECEIVED,66d09be7-b794-4752-a9a1-f085fe837736,5d40dec5-ac86-4248-a96c-21648b209fcd,c4,DROP,441,x5,?,
1768610472.7870336,SENT,562edd2a-afcf-4696-8b19-6988ea6016a9,628f6b0b-c489-4de0-93bc-da1b77ac8439,c3,DROP,684,?,x7,
1768610472.78766,FORWARDED,562edd2a-afcf-4696-8b19-6988ea6016a9,628f6b0b-c489-4de0-93bc-da1b77ac8439,c3,DROP,684,?,x7,
1768610473.290863,SENT,f42c32d0-4845-4697-82e6-c79efe6358e9,2b649d10-586f-45fc-8997-3b6efa420631,c3,c5,1023,?,x10,
1768610473.290902,FORWARDED,f42c32d0-4845-4697-82e6-c79efe6358e9,2b649d10-586f-45fc-8997-3b6efa420631,c3,c5,1023,?,x10,
1768610473.3347228,RECEIVED,d0f16152-a5f1-47a5-9a28-7a9eb5d0c9a7,1907ea8f-82e5-46dc-8e11-55bc310b65dc,c3,c4,1452,e7,?,
1768610473.615157,SENT,d0f16152-a5f1-47a5-9a28-7a9eb5d0c9a7,1907ea8f-82e5-46dc-8e11-55bc310b65dc,c3,c4,1016,?,x5,
1768610473.6151986,FORWARDED,d0f16152-a5f1-47a5-9a28-7a9eb5d0c9a7,1907ea8f-82e5-46dc-8e11-55bc310b65dc,c3,c4,1016,?,x5,
1768610473.626444,RECEIVED,53a477ba-7f02-48a5-b2f3-e620e5820331,68cbcecb-7603-4eb7-85ae-191a4e8208c2,c4,c5,1451,e9,?,
1768610474.1063166,SENT,c990690e-4d10-4f10-a043-9ca02fbb70d1,54eafd24-3c6c-4c5c-9a0a-9d50c7a00834,c2,c4,1025,?,x4,
1768610474.1063573,FORWARDED,c990690e-4d10-4f10-a043-9ca02fbb70d1,54eafd24-3c6c-4c5c-9a0a-9d50c7a00834,c2,c4,1025,?,x4,
1768610474.6517444,RECEIVED,987a067a-b829-4614-8047-5f4f61c37980,9201a60b-3bf0-45b1-a784-a5601621a6a3,c4,DROP,1015,e6,?,
1768610474.7833035,SENT,53a477ba-7f02-48a5-b2f3-e620e5820331,68cbcecb-7603-4eb7-85ae-191a4e8208c2,c4,c5,1016,?,x6,
1768610474.7840717,FORWARDED,53a477ba-7f02-48a5-b2f3-e620e5820331,68cbcecb-7603-4eb7-85ae-191a4e8208c2,c4,c5,1016,?,x6,
1768610475.1480045,RECEIVED,14f9b9a3-ba6f-4b73-8e36-0c497447862f,8e125ca9-76a4-4d78-a23d-30c9b710b442,c3,c5,1464,e3,?,
1768610475.219473,RECEIVED,06fb3835-adab-4572-bd10-eebd73210697,999c028c-d314-4abe-9f86-281f654cd6c0,c4,c3,1444,e9,?,
1768610475.2449062,SENT,987a067a-b829-4614-8047-5f4f61c37980,9201a60b-3bf0-45b1-a784-a5601621a6a3,c4,DROP,689,?,x6,
1768610475.2449484,FORWARDED,987a067a-b829-4614-8047-5f4f61c37980,9201a60b-3bf0-45b1-a784-a5601621a6a3,c4,DROP,689,?,x6,
1768610475.3897305,RECEIVED,8a0bd58c-c22e-40c3-8bf5-994a3845f90c,027440d9-27ae-42a8-95b8-eb9fe89e2cb6,c2,c4,1444,e1,?,
1768610475.394744,SENT,06fb3835-adab-4572-bd10-eebd73210697,999c028c-d314-4abe-9f86-281f654cd6c0,c4,c3,1011,?,x8,
1768610475.3947864,FORWARDED,06fb3835-adab-4572-bd10-eebd73210697,999c028c-d314-4abe-9f86-281f654cd6c0,c4,c3,1011,?,x8,
1768610475.5709386,SENT,8a0bd58c-c22e-40c3-8bf5-994a3845f90c,027440d9-27ae-42a8-95b8-eb9fe89e2cb6,c2,c4,1011,?,x4,
1768610475.5709786,FORWARDED,8a0bd58c-c22e-40c3-8bf5-994a3845f90c,027440d9-27ae-42a8-95b8-eb9fe89e2cb6,c2,c4,1011,?,x4,
1768610475.8042462,RECEIVED,04511f15-cc95-4773-875d-1ec92292ba64,24479266-3a65-4c99-bbd0-d00fccca85e4,c5,c4,1447,e5,?,
1768610475.9153597,SENT,14f9b9a3-ba6f-4b73-8e36-0c497447862f,8e125ca9-76a4-4d78-a23d-30c9b710b442,c3,c5,1024,?,x10,
1768610475.9154034,FORWARDED,14f9b9a3-ba6f-4b73-8e36-0c497447862f,8e125ca9-76a4-4d78-a23d-30c9b710b442,c3,c5,1024,?,x10,
1768610476.0195072,SENT,04511f15-cc95-4773-875d-1ec92292ba64,24479266-3a65-4c99-bbd0-d00fccca85e4,c5,c4,1012,?,x2,
1768610476.0195496,FORWARDED,04511f15-cc95-4773-875d-1ec92292ba64,24479266-3a65-4c99-bbd0-d00fccca85e4,c5,c4,1012,?,x2,
1768610476.7256653,RECEIVED,1fad72c3-644f-429a-b54e-3ea88420c3b6,73f84658-9803-4cc4-9001-522077b8dd4b,c2,c4,1447,e5,?,
1768610476.8818412,RECEIVED,5201ee5d-0aff-4550-a9fa-2ced4c11b9db,4ad9a6cc-67f8-4d43-bf8e-a9532a5e3ef8,c1,DROP,1003,e7,?,
1768610477.0469797,RECEIVED,a3b9fce3-0d69-4c00-9447-938d667351fd,66d4be4c-f911-441d-b58a-26782ad4ac83,c2,c5,1443,e6,?,
1768610477.0765746,RECEIVED,675b34fd-b2d1-40a4-9ab7-3434a7725196,9aadd871-7b2e-4bfa-b00d-c5da355077d8,c3,c1,1457,e12,?,
1768610477.133371,SENT,675b34fd-b2d1-40a4-9ab7-3434a7725196,9aadd871-7b2e-4bfa-b00d-c5da355077d8,c3,c1,1019,?,x6,
1768610477.133416,FORWARDED,675b34fd-b2d1-40a4-9ab7-3434a7725196,9aadd871-7b2e-4bfa-b00d-c5da355077d8,c3,c1,1019,?,x6,
1768610477.1588535,SENT,5201ee5d-0aff-4550-a9fa-2ced4c11b9db,4ad9a6cc-67f8-4d43-bf8e-a9532a5e3ef8,c1,DROP,679,?,x2,
1768610477.1589003,FORWARDED,5201ee5d-0aff-4550-a9fa-2ced4c11b9db,4ad9a6cc-67f8-4d43-bf8e-a9532a5e3ef8,c1,DROP,679,?,x2,
1768610477.4678094,SENT,a3b9fce3-0d69-4c00-9447-938d667351fd,66d4be4c-f911-441d-b58a-26782ad4ac83,c2,c5,1011,?,x6,
1768610477.4678516,FORWARDED,a3b9fce3-0d69-4c00-9447-938d667351fd,66d4be4c-f911-441d-b58a-26782ad4ac83,c2,c5,1011,?,x6,
1768610477.5005922,RECEIVED,c15020f5-4e91-4613-9c78-49547f8ae0a9,d90ccc69-1b53-4a30-8465-3bcff3595704,c3,c2,1444,e9,?,
1768610477.6085136,SENT,1fad72c3-644f-429a-b54e-3ea88420c3b6,73f84658-9803-4cc4-9001-522077b8dd4b,c2,c4,1012,?,x7,
1768610477.6085534,FORWARDED,1fad72c3-644f-429a-b54e-3ea88420c3b6,73f84658-9803-4cc4-9001-522077b8dd4b,c2,c4,1012,?,x7,
1768610477.6516836,SENT,c15020f5-4e91-4613-9c78-49547f8ae0a9,d90ccc69-1b53-4a30-8465-3bcff3595704,c3,c2,1011,?,x3,
1768610477.6517258,FORWARDED,c15020f5-4e91-4613-9c78-49547f8ae0a9,d90ccc69-1b53-4a30-8465-3bcff3595704,c3,c2,1011,?,x3,
1768610477.7078798,RECEIVED,7b992991-28c9-4dd9-aaca-fb0131759489,e2f62472-9706-474d-aa8a-13c19cc86e07,c4,c1,1461,e1,?,
1768610477.8342016,SENT,7b992991-28c9-4dd9-aaca-fb0131759489,e2f62472-9706-474d-aa8a-13c19cc86e07,c4,c1,1022,?,x12,
1768610477.8342805,FORWARDED,7b992991-28c9-4dd9-aaca-fb0131759489,e2f62472-9706-474d-aa8a-13c19cc86e07,c4,c1,1022,?,x12,
1768610478.9172904,RECEIVED,ad0a478e-1dee-42ad-9c69-bd173e23493d,f20e81a8-5ba6-4174-baea-b6e855e4886a,c3,c5,1461,e10,?,
1768610479.3046927,RECEIVED,d311ae94-ed4c-436c-b220-d73a2e61f12a,1af3147a-07c3-4db2-8552-73164bed8741,c3,c2,1446,e2,?,
1768610479.3383853,SENT,ad0a478e-1dee-42ad-9c69-bd173e23493d,f20e81a8-5ba6-4174-baea-b6e855e4886a,c3,c5,1021,?,x10,
1768610479.3384264,FORWARDED,ad0a478e-1dee-42ad-9c69-bd173e23493d,f20e81a8-5ba6-4174-baea-b6e855e4886a,c3,c5,1021,?,x10,
1768610479.4003968,RECEIVED,0ce2a5f7-0650-4992-a1b2-d6b4b3441cdc,a66eec4f-2e37-40c8-a307-be5f01fe0928,c2,c5,1452,e1,?,
1768610479.466907,SENT,0ce2a5f7-0650-4992-a1b2-d6b4b3441cdc,a66eec4f-2e37-40c8-a307-be5f01fe0928,c2,c5,1015,?,x4,
1768610479.466948,FORWARDED,0ce2a5f7-0650-4992-a1b2-d6b4b3441cdc,a66eec4f-2e37-40c8-a307-be5f01fe0928,c2,c5,1015,?,x4,
1768610480.2611184,SENT,d311ae94-ed4c-436c-b220-d73a2e61f12a,1af3147a-07c3-4db2-8552-73164bed8741,c3,c2,1012,?,x4,
1768610480.2611609,FORWARDED,d311ae94-ed4c-436c-b220-d73a2e61f12a,1af3147a-07c3-4db2-8552-73164bed8741,c3,c2,1012,?,x4,
1768610480.6872041,RECEIVED,2118d98f-8065-40a6-9c59-e08b92aa24e0,85ad92a8-7a8c-4a7c-a6ae-7510de4f1a25,c4,c5,1455,e8,?,
1768610481.5107548,SENT,2118d98f-8065-40a6-9c59-e08b92aa24e0,85ad92a8-7a8c-4a7c-a6ae-7510de4f1a25,c4,c5,1019,?,x7,
1768610481.5107968,FORWARDED,2118d98f-8065-40a6-9c59-e08b92aa24e0,85ad92a8-7a8c-4a7c-a6ae-7510de4f1a25,c4,c5,1019,?,x7,
1768610481.829157,RECEIVED,5449de67-4177-4ca3-aed8-e722a14aa0e3,f8cfbb94-a652-4a2f-acf3-b244826111c0,c4,c5,1456,e11,?,
1768610481.975557,RECEIVED,11e0a89c-2dc3-4e94-848b-417e8d7ea489,894ba291-53ae-4eeb-828e-82b76b422c5b,c2,c1,1461,e12,?,
1768610481.9966471,SENT,5449de67-4177-4ca3-aed8-e722a14aa0e3,f8cfbb94-a652-4a2f-acf3-b244826111c0,c4,c5,1018,?,x9,
1768610481.996691,FORWARDED,5449de67-4177-4ca3-aed8-e722a14aa0e3,f8cfbb94-a652-4a2f-acf3-b244826111c0,c4,c5,1018,?,x9,
1768610482.1896787,RECEIVED,b7e310df-0a9f-45ee-89ef-18772ec7f9cb,03aba65e-ab4d-4ebe-96e4-fba44323dc8e,c2,c5,1456,e11,?,
1768610482.3792982,SENT,b7e310df-0a9f-45ee-89ef-18772ec7f9cb,03aba65e-ab4d-4ebe-96e4-fba44323dc8e,c2,c5,1019,?,x2,
1768610482.379345,FORWARDED,b7e310df-0a9f-45ee-89ef-18772ec7f9cb,03aba65e-ab4d-4ebe-96e4-fba44323dc8e,c2,c5,1019,?,x2,
1768610482.400682,SENT,11e0a89c-2dc3-4e94-848b-417e8d7ea489,894ba291-53ae-4eeb-828e-82b76b422c5b,c2,c1,1023,?,x10,
1768610482.400724,FORWARDED,11e0a89c-2dc3-4e94-848b-417e8d7ea489,894ba291-53ae-4eeb-828e-82b76b422c5b,c2,c1,1023,?,x10,
1768610483.5980434,RECEIVED,1aa650d5-ac62-4678-9d98-d48163d92780,e766be79-451d-4856-a02e-d1ca003fda6d,c2,DROP,441,x8,?,
1768610483.8767674,RECEIVED,bbc2eeb1-c3ba-4de7-9ebb-13ddce7ed54c,e104729c-fbbd-41ab-8a81-d8c4e7f1cbf2,c5,c3,1448,e6,?,
1768610484.1370885,SENT,bbc2eeb1-c3ba-4de7-9ebb-13ddce7ed54c,e104729c-fbbd-41ab-8a81-d8c4e7f1cbf2,c5,c3,1014,?,x5,
1768610484.137133,FORWARDED,bbc2eeb1-c3ba-4de7-9ebb-13ddce7ed54c,e104729c-fbbd-41ab-8a81-d8c4e7f1cbf2,c5,c3,1014,?,x5,
1768610484.5068464,RECEIVED,28fd8919-7658-40b2-9b37-486b5cdcd00d,dc2b297a-be7b-493b-a0fc-e57514a5e34c,c5,c4,1451,e6,?,
1768610484.57509,RECEIVED,07674271-5c0c-449b-a08c-c59efbbf1f38,28e69bd4-53e9-4d3e-bdc7-d479026aa34e,c3,c4,1444,e5,?,
1768610484.6366627,SENT,07674271-5c0c-449b-a08c-c59efbbf1f38,28e69bd4-53e9-4d3e-bdc7-d479026aa34e,c3,c4,1011,?,x3,
1768610484.6367056,FORWARDED,07674271-5c0c-449b-a08c-c59efbbf1f38,28e69bd4-53e9-4d3e-bdc7-d479026aa34e,c3,c4,1011,?,x3,
1768610484.7623422,SENT,28fd8919-7658-40b2-9b37-486b5cdcd00d,dc2b297a-be7b-493b-a0fc-e57514a5e34c,c5,c4,1015,?,x8,
1768610484.7623827,FORWARDED,28fd8919-7658-40b2-9b37-486b5cdcd00d,dc2b297a-be7b-493b-a0fc-e57514a5e34c,c5,c4,1015,?,x8,
1768610485.3907592,RECEIVED,c54412fe-05eb-4f2b-9916-f433466f09ab,ff9c58f8-8c15-4f53-9fbb-6566b915d3d8,c2,c3,1443,e4,?,
1768610485.7699792,RECEIVED,6e1cf60f-0216-4732-a504-0d34249df17e,80652f16-bc7a-4b47-bbf8-51660c8c67da,c3,c5,1447,e5,?,
1768610485.9489994,RECEIVED,6170dd8f-3ed5-47d0-b8d2-7af90642aaa4,444d6b08-8fac-4873-845a-97b8e530b681,c1,c2,1443,e2,?,
1768610485.9914365,SENT,c54412fe-05eb-4f2b-9916-f433466f09ab,ff9c58f8-8c15-4f53-9fbb-6566b915d3d8,c2,c3,1011,?,x3,
1768610485.9914782,FORWARDED,c54412fe-05eb-4f2b-9916-f433466f09ab,ff9c58f8-8c15-4f53-9fbb-6566b915d3d8,c2,c3,1011,?,x3,
1768610486.045711,RECEIVED,4f003387-a906-4a0d-9ae0-dc2f3aa1dce5,5671340e-eeef-4517-9f4e-360c596511f4,c4,c2,1452,e6,?,
1768610486.0950134,SENT,4f003387-a906-4a0d-9ae0-dc2f3aa1dce5,5671340e-eeef-4517-9f4e-360c596511f4,c4,c2,1016,?,x3,
1768610486.0950685,FORWARDED,4f003387-a906-4a0d-9ae0-dc2f3aa1dce5,5671340e-eeef-4517-9f4e-360c596511f4,c4,c2,1016,?,x3,
1768610486.1599805,RECEIVED,e68fb2bf-4f96-4fd4-97c7-c74c6d820585,9d27814e-e070-42cd-a1e8-794e0565fa41,c1,c3,1449,e6,?,
1768610486.2571983,RECEIVED,84f1210b-bf55-4044-a394-5c887f783283,d00dbd31-518a-44e4-8f31-3e99516d804f,c1,c5,1451,e9,?,
1768610486.2807636,SENT,e68fb2bf-4f96-4fd4-97c7-c74c6d820585,9d27814e-e070-42cd-a1e8-794e0565fa41,c1,c3,1012,?,x10,
1768610486.2808058,FORWARDED,e68fb2bf-4f96-4fd4-97c7-c74c6d820585,9d27814e-e070-42cd-a1e8-794e0565fa41,c1,c3,1012,?,x10,
1768610486.388779,SENT,6e1cf60f-0216-4732-a504-0d34249df17e,80652f16-bc7a-4b47-bbf8-51660c8c67da,c3,c5,1014,?,x4,
1768610486.3888206,FORWARDED,6e1cf60f-0216-4732-a504-0d34249df17e,80652f16-bc7a-4b47-bbf8-51660c8c67da,c3,c5,1014,?,x4,
1768610486.5713153,RECEIVED,021ffb2c-e5a6-4fb9-bde3-cb5faf2dfb03,a037720e-56a0-4080-9b26-8ac577488007,c4,c2,1468,e12,?,
1768610486.649033,SENT,6170dd8f-3ed5-47d0-b8d2-7af90642aaa4,444d6b08-8fac-4873-845a-97b8e530b681,c1,c2,1011,?,x7,
1768610486.6491015,FORWARDED,6170dd8f-3ed5-47d0-b8d2-7af90642aaa4,444d6b08-8fac-4873-845a-97b8e530b681,c1,c2,1011,?,x7,
1768610486.8766155,RECEIVED,0ea91284-5bbb-4176-b226-09ad7d819d13,f61a563d-172e-4a76-af75-e3d761b436d1,c4,DROP,1015,e5,?,
1768610486.9287317,RECEIVED,5cfbc349-c529-46e5-983d-8bcb4fa9b52b,82fa4a43-395d-4a7d-b101-7ff7fa7f75a7,c1,c3,1460,e12,?,
1768610487.10045,SENT,84f1210b-bf55-4044-a394-5c887f783283,d00dbd31-518a-44e4-8f31-3e99516d804f,c1,c5,1015,?,x4,
1768610487.1004915,FORWARDED,84f1210b-bf55-4044-a394-5c887f783283,d00dbd31-518a-44e4-8f31-3e99516d804f,c1,c5,1015,?,x4,
1768610487.2985282,RECEIVED,c9f867d3-e09b-4420-82e0-a4e30e9e18ea,6db2ed34-5cda-4eae-970f-61b41fe2736b,c4,c3,1444,e10,?,
1768610487.3163664,RECEIVED,98f333a0-d594-4df3-8fb4-50c8d0d9d0cc,da9f3f3c-32f7-42a5-8b2a-3957968edff9,c4,c5,1448,e12,?,
1768610487.4044998,SENT,98f333a0-d594-4df3-8fb4-50c8d0d9d0cc,da9f3f3c-32f7-42a5-8b2a-3957968edff9,c4,c5,1012,?,x12,
1768610487.4045417,FORWARDED,98f333a0-d594-4df3-8fb4-50c8d0d9d0cc,da9f3f3c-32f7-42a5-8b2a-3957968edff9,c4,c5,1012,?,x12,
1768610487.4329536,SENT,c9f867d3-e09b-4420-82e0-a4e30e9e18ea,6db2ed34-5cda-4eae-970f-61b41fe2736b,c4,c3,1011,?,x6,
1768610487.4329977,FORWARDED,c9f867d3-e09b-4420-82e0-a4e30e9e18ea,6db2ed34-5cda-4eae-970f-61b41fe2736b,c4,c3,1011,?,x6,
1768610487.570284,SENT,021ffb2c-e5a6-4fb9-bde3-cb5faf2dfb03,a037720e-56a0-4080-9b26-8ac577488007,c4,c2,1028,?,x11,
1768610487.5703242,FORWARDED,021ffb2c-e5a6-4fb9-bde3-cb5faf2dfb03,a037720e-56a0-4080-9b26-8ac577488007,c4,c2,1028,?,x11,
1768610488.041277,SENT,0ea91284-5bbb-4176-b226-09ad7d819d13,f61a563d-172e-4a76-af75-e3d761b436d1,c4,DROP,689,?,x8,
1768610488.041318,FORWARDED,0ea91284-5bbb-4176-b226-09ad7d819d13,f61a563d-172e-4a76-af75-e3d761b436d1,c4,DROP,689,?,x8,
1768610488.2017183,SENT,5cfbc349-c529-46e5-983d-8bcb4fa9b52b,82fa4a43-395d-4a7d-b101-7ff7fa7f75a7,c1,c3,1021,?,x10,
1768610488.2017598,FORWARDED,5cfbc349-c529-46e5-983d-8bcb4fa9b52b,82fa4a43-395d-4a7d-b101-7ff7fa7f75a7,c1,c3,1021,?,x10,
1768610488.2119179,RECEIVED,15e19449-4724-4017-a191-2bb897e7fc61,869d430d-da8f-43c6-b91c-6747f5d0c3ef,c5,DROP,1015,e9,?,
1768610488.236375,RECEIVED,0926ac21-4105-4c65-97fd-b404e6e683d9,d8314d68-8f2f-400f-be62-a317ed2a12b9,c5,c2,1447,e5,?,
1768610488.759848,SENT,0926ac21-4105-4c65-97fd-b404e6e683d9,d8314d68-8f2f-400f-be62-a317ed2a12b9,c5,c2,1012,?,x8,
1768610488.7598858,FORWARDED,0926ac21-4105-4c65-97fd-b404e6e683d9,d8314d68-8f2f-400f-be62-a317ed2a12b9,c5,c2,1012,?,x8,
1768610488.9956634,SENT,15e19449-4724-4017-a191-2bb897e7fc61,869d430d-da8f-43c6-b91c-6747f5d0c3ef,c5,DROP,689,?,x9,
1768610488.9957027,FORWARDED,15e19449-4724-4017-a191-2bb897e7fc61,869d430d-da8f-43c6-b91c-6747f5d0c3ef,c5,DROP,689,?,x9,
1768610489.2067702,RECEIVED,b068e715-e013-4b83-8ea0-93fcf358c6ac,b80432a0-1cc1-4b4b-a1ed-7ae4dd0466af,c2,c4,1443,e8,?,
1768610491.1863575,RECEIVED,4e9a590e-ce6e-4765-a773-8601c8608123,dc22da1b-e522-4d77-9c3a-d021615e2501,c2,c5,1452,e4,?,
1768610491.2850614,RECEIVED,2b4a9be5-ea8e-49b4-a476-4b767f5862b4,70ae2fd0-601b-47db-8919-5bd8f2a1bcf9,c4,c1,1443,e4,?,
1768610491.3128397,RECEIVED,67209ea2-9a6f-482f-a65e-111818e2461f,6c0362f8-87a4-439a-8256-b253d3ae06a6,c1,c5,1444,e8,?,
1768610491.3386514,SENT,67209ea2-9a6f-482f-a65e-111818e2461f,6c0362f8-87a4-439a-8256-b253d3ae06a6,c1,c5,1011,?,x3,
1768610491.338694,FORWARDED,67209ea2-9a6f-482f-a65e-111818e2461f,6c0362f8-87a4-439a-8256-b253d3ae06a6,c1,c5,1011,?,x3,
1768610491.341515,SENT,4e9a590e-ce6e-4765-a773-8601c8608123,dc22da1b-e522-4d77-9c3a-d021615e2501,c2,c5,1015,?,x7,
1768610491.3415573,FORWARDED,4e9a590e-ce6e-4765-a773-8601c8608123,dc22da1b-e522-4d77-9c3a-d021615e2501,c2,c5,1015,?,x7,
1768610491.373549,RECEIVED,717c0457-429a-4b36-a755-7ad75a3b16c4,a9d53fd2-f476-4615-bf16-dd8de39f60f3,c1,c2,1443,e2,?,
1768610491.6888635,RECEIVED,c3f1dae9-9ca2-4aca-97f3-81de02d2f5ed,f19a0df4-258c-48f3-88da-059a6158d42b,c4,c5,1459,e10,?,
1768610491.7113738,SENT,b068e715-e013-4b83-8ea0-93fcf358c6ac,b80432a0-1cc1-4b4b-a1ed-7ae4dd0466af,c2,c4,1011,?,x6,
1768610491.7114186,FORWARDED,b068e715-e013-4b83-8ea0-93fcf358c6ac,b80432a0-1cc1-4b4b-a1ed-7ae4dd0466af,c2,c4,1011,?,x6,
1768610491.9071968,SENT,2b4a9be5-ea8e-49b4-a476-4b767f5862b4,70ae2fd0-601b-47db-8919-5bd8f2a1bcf9,c4,c1,1011,?,x3,
1768610491.9072382,FORWARDED,2b4a9be5-ea8e-49b4-a476-4b767f5862b4,70ae2fd0-601b-47db-8919-5bd8f2a1bcf9,c4,c1,1011,?,x3,
1768610491.9192872,RECEIVED,56eed532-f5cb-4da6-b5ac-580bd37a097f,dda41b83-70d2-41d6-b1de-d808aeaa7cd4,c3,DROP,1015,e7,?,
1768610491.9470925,SENT,c3f1dae9-9ca2-4aca-97f3-81de02d2f5ed,f19a0df4-258c-48f3-88da-059a6158d42b,c4,c5,1023,?,x9,
1768610491.9472175,FORWARDED,c3f1dae9-9ca2-4aca-97f3-81de02d2f5ed,f19a0df4-258c-48f3-88da-059a6158d42b,c4,c5,1023,?,x9,
1768610491.949855,RECEIVED,7eab579f-803a-4621-94a7-6319b887de5a,94c0c052-05eb-4ea5-9b94-2d3974b6336f,c1,DROP,1007,e6,?,
1768610492.4190614,RECEIVED,cf226dc5-0c4d-4f45-876b-7c7c277fba28,da93e4fe-07a0-4e8b-bf78-5aa6018bb05b,c2,c3,1444,e7,?,
1768610492.5312014,SENT,7eab579f-803a-4621-94a7-6319b887de5a,94c0c052-05eb-4ea5-9b94-2d3974b6336f,c1,DROP,684,?,x8,
1768610492.5312443,FORWARDED,7eab579f-803a-4621-94a7-6319b887de5a,94c0c052-05eb-4ea5-9b94-2d3974b6336f,c1,DROP,684,?,x8,
1768610492.5548394,RECEIVED,7e3b595a-66d1-450e-b60b-bea1f77862e2,076e4228-4d59-40fc-851e-f797472910c2,c3,c5,1455,e12,?,
1768610492.5709023,SENT,cf226dc5-0c4d-4f45-876b-7c7c277fba28,da93e4fe-07a0-4e8b-bf78-5aa6018bb05b,c2,c3,1011,?,x2,
1768610492.5709453,FORWARDED,cf226dc5-0c4d-4f45-876b-7c7c277fba28,da93e4fe-07a0-4e8b-bf78-5aa6018bb05b,c2,c3,1011,?,x2,
1768610492.580478,SENT,717c0457-429a-4b36-a755-7ad75a3b16c4,a9d53fd2-f476-4615-bf16-dd8de39f60f3,c1,c2,1011,?,x3,
1768610492.580522,FORWARDED,717c0457-429a-4b36-a755-7ad75a3b16c4,a9d53fd2-f476-4615-bf16-dd8de39f60f3,c1,c2,1011,?,x3,
1768610492.7433722,RECEIVED,cde56bc9-abff-4f29-99bc-0c2a2a0dc4ee,43152e18-af94-4acb-ae0b-1210473df8c9,c2,c3,1450,e8,?,
1768610493.1330442,SENT,7e3b595a-66d1-450e-b60b-bea1f77862e2,076e4228-4d59-40fc-851e-f797472910c2,c3,c5,1020,?,x3,
1768610493.1331012,FORWARDED,7e3b595a-66d1-450e-b60b-bea1f77862e2,076e4228-4d59-40fc-851e-f797472910c2,c3,c5,1020,?,x3,
1768610493.4738686,RECEIVED,bc96852e-6dd6-4c5e-9a8a-c708132a28f5,b5fff576-9f46-4486-b95e-9ebffd8926db,c1,DROP,442,x1,?,
1768610493.489473,RECEIVED,544d3419-9e79-4065-af77-11803b31f746,078ce2c1-1a06-4fe2-9b01-bb36aa10457a,c2,DROP,1008,e8,?,
1768610493.5269845,RECEIVED,d852aad7-fdc3-4750-a4df-e5934717deeb,534d28a2-72b5-40f8-9a98-a1d014c7f910,c4,c3,1448,e5,?,
1768610493.536432,SENT,544d3419-9e79-4065-af77-11803b31f746,078ce2c1-1a06-4fe2-9b01-bb36aa10457a,c2,DROP,684,?,x4,
1768610493.536477,FORWARDED,544d3419-9e79-4065-af77-11803b31f746,078ce2c1-1a06-4fe2-9b01-bb36aa10457a,c2,DROP,684,?,x4,
1768610493.5425465,SENT,56eed532-f5cb-4da6-b5ac-580bd37a097f,dda41b83-70d2-41d6-b1de-d808aeaa7cd4,c3,DROP,688,?,x6,
1768610493.5425858,FORWARDED,56eed532-f5cb-4da6-b5ac-580bd37a097f,dda41b83-70d2-41d6-b1de-d808aeaa7cd4,c3,DROP,688,?,x6,
1768610493.563752,SENT,d852aad7-fdc3-4750-a4df-e5934717deeb,534d28a2-72b5-40f8-9a98-a1d014c7f910,c4,c3,1013,?,x7,
1768610493.5637972,FORWARDED,d852aad7-fdc3-4750-a4df-e5934717deeb,534d28a2-72b5-40f8-9a98-a1d014c7f910,c4,c3,1013,?,x7,
1768610493.7420263,RECEIVED,0c3b8c67-19cb-43af-a55b-c43694ab2f41,a9b20a00-e871-455e-8176-c64ca30c504c,c4,c5,1447,e5,?,
1768610493.9607964,RECEIVED,a7250f2c-03d8-4082-a2ff-ce5345472502,618efb23-779b-415e-b74f-5f4536147e16,c2,c5,1443,e6,?,
1768610494.0897276,SENT,cde56bc9-abff-4f29-99bc-0c2a2a0dc4ee,43152e18-af94-4acb-ae0b-1210473df8c9,c2,c3,1016,?,x4,
1768610494.0897677,FORWARDED,cde56bc9-abff-4f29-99bc-0c2a2a0dc4ee,43152e18-af94-4acb-ae0b-1210473df8c9,c2,c3,1016,?,x4,
1768610494.1312227,RECEIVED,330abadb-0861-4eb8-876b-633df6e4a4b2,d3616055-3602-4974-98e0-1984afb0677b,c2,DROP,441,x10,?,
1768610494.275938,SENT,0c3b8c67-19cb-43af-a55b-c43694ab2f41,a9b20a00-e871-455e-8176-c64ca30c504c,c4,c5,1012,?,x9,
1768610494.2759802,FORWARDED,0c3b8c67-19cb-43af-a55b-c43694ab2f41,a9b20a00-e871-455e-8176-c64ca30c504c,c4,c5,1012,?,x9,
1768610494.9437785,RECEIVED,706605ae-ee55-4f39-99f0-2dd7f496a73a,9f4a84ee-b068-4eed-a4a3-e218c63f5f88,c5,c2,1459,e11,?,
1768610495.2068696,RECEIVED,1f1d9b58-a232-4c1b-a0b1-8d687209c3c6,210a67c9-78e6-434d-ba18-cb0ce671d435,c5,c2,1456,e6,?,
1768610495.263907,SENT,1f1d9b58-a232-4c1b-a0b1-8d687209c3c6,210a67c9-78e6-434d-ba18-cb0ce671d435,c5,c2,1020,?,x5,
1768610495.2639468,FORWARDED,1f1d9b58-a232-4c1b-a0b1-8d687209c3c6,210a67c9-78e6-434d-ba18-cb0ce671d435,c5,c2,1020,?,x5,
1768610495.5209475,SENT,706605ae-ee55-4f39-99f0-2dd7f496a73a,9f4a84ee-b068-4eed-a4a3-e218c63f5f88,c5,c2,1023,?,x2,
1768610495.5209868,FORWARDED,706605ae-ee55-4f39-99f0-2dd7f496a73a,9f4a84ee-b068-4eed-a4a3-e218c63f5f88,c5,c2,1023,?,x2,
1768610496.2859225,SENT,a7250f2c-03d8-4082-a2ff-ce5345472502,618efb23-779b-415e-b74f-5f4536147e16,c2,c5,1011,?,x3,
1768610496.2859604,FORWARDED,a7250f2c-03d8-4082-a2ff-ce5345472502,618efb23-779b-415e-b74f-5f4536147e16,c2,c5,1011,?,x3,
1768610496.2862818,RECEIVED,4ce78b97-0c5c-4881-b8b5-9c8d5696a8fc,5e53e5e5-edf6-4df2-9e4c-bc04849d2d16,c4,c3,1452,e3,?,
1768610496.3351865,RECEIVED,63989396-e459-4d82-9024-a0cf88cb80ef,b8fd6654-e1b3-4f55-8ebe-335ca51de4f7,c5,c3,1451,e1,?,
1768610496.469092,RECEIVED,60d6f72f-5459-4796-9a0e-d946cad62ec7,c5312329-1d52-4585-85f5-957afab346ca,c5,c2,1448,e10,?,
1768610496.587501,SENT,4ce78b97-0c5c-4881-b8b5-9c8d5696a8fc,5e53e5e5-edf6-4df2-9e4c-bc04849d2d16,c4,c3,1017,?,x4,
1768610496.5875413,FORWARDED,4ce78b97-0c5c-4881-b8b5-9c8d5696a8fc,5e53e5e5-edf6-4df2-9e4c-bc04849d2d16,c4,c3,1017,?,x4,
1768610496.5893614,SENT,60d6f72f-5459-4796-9a0e-d946cad62ec7,c5312329-1d52-4585-85f5-957afab346ca,c5,c2,1012,?,x5,
1768610496.5893998,FORWARDED,60d6f72f-5459-4796-9a0e-d946cad62ec7,c5312329-1d52-4585-85f5-957afab346ca,c5,c2,1012,?,x5,
1768610497.5647726,RECEIVED,4f42aae4-9cc2-4c6a-a00a-1fd7d31aeea4,89aed284-784a-495a-b6c4-720a31ffcf58,c1,c4,1456,e9,?,
1768610497.8566763,RECEIVED,631829a8-7513-4346-9eb0-aeded0163734,2014f622-a87d-42dd-b4e3-fe5853aae2fc,c1,c4,1451,e10,?,
1768610498.024156,SENT,63989396-e459-4d82-9024-a0cf88cb80ef,b8fd6654-e1b3-4f55-8ebe-335ca51de4f7,c5,c3,1016,?,x7,
1768610498.0241997,FORWARDED,63989396-e459-4d82-9024-a0cf88cb80ef,b8fd6654-e1b3-4f55-8ebe-335ca51de4f7,c5,c3,1016,?,x7,
1768610498.092208,SENT,4f42aae4-9cc2-4c6a-a00a-1fd7d31aeea4,89aed284-784a-495a-b6c4-720a31ffcf58,c1,c4,1020,?,x11,
1768610498.0922525,FORWARDED,4f42aae4-9cc2-4c6a-a00a-1fd7d31aeea4,89aed284-784a-495a-b6c4-720a31ffcf58,c1,c4,1020,?,x11,
1768610498.1128619,RECEIVED,064640fe-d265-44b2-876f-0d6ad250ef0e,939b3bec-539f-4f70-96a6-4c4d39035a1b,c5,c2,1443,e6,?,
1768610498.1673398,RECEIVED,46a4d1d9-e9d0-4563-aa4e-1f6e4f9dca1a,dc8498dd-3e2b-423a-b27f-2d833862a219,c4,c2,1447,e2,?,
1768610498.3884487,RECEIVED,3887130b-d6f5-44f9-a260-1dc036c50d96,e0132487-9fd6-40b8-bf3f-1364420ca5ae,c4,c3,1452,e5,?,
1768610498.4277427,SENT,3887130b-d6f5-44f9-a260-1dc036c50d96,e0132487-9fd6-40b8-bf3f-1364420ca5ae,c4,c3,1016,?,x8,
1768610498.4277918,FORWARDED,3887130b-d6f5-44f9-a260-1dc036c50d96,e0132487-9fd6-40b8-bf3f-1364420ca5ae,c4,c3,1016,?,x8,
1768610498.4427776,SENT,46a4d1d9-e9d0-4563-aa4e-1f6e4f9dca1a,dc8498dd-3e2b-423a-b27f-2d833862a219,c4,c2,1014,?,x5,
1768610498.4428263,FORWARDED,46a4d1d9-e9d0-4563-aa4e-1f6e4f9dca1a,dc8498dd-3e2b-423a-b27f-2d833862a219,c4,c2,1014,?,x5,
1768610498.5359511,SENT,064640fe-d265-44b2-876f-0d6ad250ef0e,939b3bec-539f-4f70-96a6-4c4d39035a1b,c5,c2,1009,?,x8,
1768610498.536271,FORWARDED,064640fe-d265-44b2-876f-0d6ad250ef0e,939b3bec-539f-4f70-96a6-4c4d39035a1b,c5,c2,1009,?,x8,
1768610498.5925167,SENT,631829a8-7513-4346-9eb0-aeded0163734,2014f622-a87d-42dd-b4e3-fe5853aae2fc,c1,c4,1015,?,x8,
1768610498.592622,FORWARDED,631829a8-7513-4346-9eb0-aeded0163734,2014f622-a87d-42dd-b4e3-fe5853aae2fc,c1,c4,1015,?,x8,
1768610498.710807,RECEIVED,74ce9dd1-dc6c-421e-8d04-c37a88579d56,20a2d584-28c4-4deb-b5a5-26c75a30ce4a,c5,c4,1451,e5,?,
1768610499.331646,RECEIVED,f2c18e18-a86e-41e5-9997-9cf29b1e7022,2263675f-9218-4dc8-9d4f-1bdcb75a955d,c5,c3,1447,e8,?,
1768610499.5403814,SENT,74ce9dd1-dc6c-421e-8d04-c37a88579d56,20a2d584-28c4-4deb-b5a5-26c75a30ce4a,c5,c4,1015,?,x4,
1768610499.5404234,FORWARDED,74ce9dd1-dc6c-421e-8d04-c37a88579d56,20a2d584-28c4-4deb-b5a5-26c75a30ce4a,c5,c4,1015,?,x4,
1768610499.741839,RECEIVED,cbe998cf-0cec-4d2d-84d8-6b077d08c37d,52a325ec-5a13-46b0-bc59-c42a1e8b601b,c3,c5,1451,e9,?,
1768610500.393474,RECEIVED,1ad83998-d127-4115-9ed9-fa76aeb480e7,91d28a01-0c0b-4a9a-be4b-633c2dad0533,c2,c4,1459,e8,?,
1768610500.5565722,RECEIVED,822cbff8-00f4-4447-82a1-6064a3cac27f,af179a0e-fdc0-449c-83b4-054136d79551,c3,c5,1457,e10,?,
1768610500.786933,SENT,cbe998cf-0cec-4d2d-84d8-6b077d08c37d,52a325ec-5a13-46b0-bc59-c42a1e8b601b,c3,c5,1015,?,x10,
1768610500.7869759,FORWARDED,cbe998cf-0cec-4d2d-84d8-6b077d08c37d,52a325ec-5a13-46b0-bc59-c42a1e8b601b,c3,c5,1015,?,x10,
1768610500.797238,SENT,1ad83998-d127-4115-9ed9-fa76aeb480e7,91d28a01-0c0b-4a9a-be4b-633c2dad0533,c2,c4,1023,?,x12,
1768610500.7972908,FORWARDED,1ad83998-d127-4115-9ed9-fa76aeb480e7,91d28a01-0c0b-4a9a-be4b-633c2dad0533,c2,c4,1023,?,x12,
1768610500.9332793,SENT,822cbff8-00f4-4447-82a1-6064a3cac27f,af179a0e-fdc0-449c-83b4-054136d79551,c3,c5,1018,?,x12,
1768610500.933322,FORWARDED,822cbff8-00f4-4447-82a1-6064a3cac27f,af179a0e-fdc0-449c-83b4-054136d79551,c3,c5,1018,?,x12,
1768610500.9885037,RECEIVED,4883be36-0c22-4b17-9a18-3b19ba836113,7b2bc873-32c7-4665-a1b4-43593be22a59,c5,c3,1451,e7,?,
1768610501.085544,SENT,f2c18e18-a86e-41e5-9997-9cf29b1e7022,2263675f-9218-4dc8-9d4f-1bdcb75a955d,c5,c3,1014,?,x11,
1768610501.0855887,FORWARDED,f2c18e18-a86e-41e5-9997-9cf29b1e7022,2263675f-9218-4dc8-9d4f-1bdcb75a955d,c5,c3,1014,?,x11,
1768610501.1941664,SENT,4883be36-0c22-4b17-9a18-3b19ba836113,7b2bc873-32c7-4665-a1b4-43593be22a59,c5,c3,1015,?,x1,
1768610501.194208,FORWARDED,4883be36-0c22-4b17-9a18-3b19ba836113,7b2bc873-32c7-4665-a1b4-43593be22a59,c5,c3,1015,?,x1,
1768610501.2416582,RECEIVED,b7f9c953-82da-4de6-9697-90873fea5085,5028cc5a-d4c4-4dfd-8ab1-64d03c4f8784,c3,DROP,1007,e12,?,
1768610501.2622366,RECEIVED,dfd17091-cc6b-4686-b229-0f2e9ffe8eb8,68fda033-765f-46e4-85a0-87b25acf742d,c1,c5,1444,e6,?,
1768610501.3293245,RECEIVED,9708cb10-0bcc-4897-970d-46d5d5b733ad,6e713b86-5cd4-49d5-82cc-2dc48053eb96,c4,c2,1444,e8,?,
1768610501.37589,RECEIVED,d1fcfe22-c529-4c12-8015-0a874366969a,7578c2bb-cdab-4b7f-9cda-071ec043ac6f,c4,c1,1447,e3,?,
1768610501.4701123,SENT,dfd17091-cc6b-4686-b229-0f2e9ffe8eb8,68fda033-765f-46e4-85a0-87b25acf742d,c1,c5,1010,?,x3,
1768610501.4701655,FORWARDED,dfd17091-cc6b-4686-b229-0f2e9ffe8eb8,68fda033-765f-46e4-85a0-87b25acf742d,c1,c5,1010,?,x3,
1768610501.543448,SENT,d1fcfe22-c529-4c12-8015-0a874366969a,7578c2bb-cdab-4b7f-9cda-071ec043ac6f,c4,c1,1012,?,x6,
1768610501.543483,FORWARDED,d1fcfe22-c529-4c12-8015-0a874366969a,7578c2bb-cdab-4b7f-9cda-071ec043ac6f,c4,c1,1012,?,x6,
1768610501.5454402,SENT,9708cb10-0bcc-4897-970d-46d5d5b733ad,6e713b86-5cd4-49d5-82cc-2dc48053eb96,c4,c2,1011,?,x2,
1768610501.5454786,FORWARDED,9708cb10-0bcc-4897-970d-46d5d5b733ad,6e713b86-5cd4-49d5-82cc-2dc48053eb96,c4,c2,1011,?,x2,
1768610502.0637457,RECEIVED,ad0a050d-6e70-483d-b64e-a72f59039164,32d3271d-249f-49c9-b94b-9f473e58bd03,c3,DROP,1008,e10,?,
1768610502.2359786,RECEIVED,9af8e907-4dd7-4bc9-8045-cec6e35730a1,969fd861-0cce-4068-b065-0eb74ba2c01b,c5,DROP,441,x1,?,
1768610502.2506294,SENT,ad0a050d-6e70-483d-b64e-a72f59039164,32d3271d-249f-49c9-b94b-9f473e58bd03,c3,DROP,684,?,x1,
1768610502.2506714,FORWARDED,ad0a050d-6e70-483d-b64e-a72f59039164,32d3271d-249f-49c9-b94b-9f473e58bd03,c3,DROP,684,?,x1,
1768610502.5451555,RECEIVED,8a636c04-ec89-475d-a0f3-e353f2bc20eb,2c443061-67dd-4310-b6fb-6f69598584ab,c3,c5,1463,e12,?,
1768610502.6337245,SENT,b7f9c953-82da-4de6-9697-90873fea5085,5028cc5a-d4c4-4dfd-8ab1-64d03c4f8784,c3,DROP,684,?,x4,
1768610502.6337655,FORWARDED,b7f9c953-82da-4de6-9697-90873fea5085,5028cc5a-d4c4-4dfd-8ab1-64d03c4f8784,c3,DROP,684,?,x4,
1768610503.015184,SENT,8a636c04-ec89-475d-a0f3-e353f2bc20eb,2c443061-67dd-4310-b6fb-6f69598584ab,c3,c5,1024,?,x5,
1768610503.0152252,FORWARDED,8a636c04-ec89-475d-a0f3-e353f2bc20eb,2c443061-67dd-4310-b6fb-6f69598584ab,c3,c5,1024,?,x5,
1768610503.1639228,RECEIVED,7eba648e-58c8-4d4a-9ab1-ef752780bbab,f5d02600-8c84-40d9-ba65-7b3e57431635,c2,c3,1452,e1,?,
1768610503.2087367,RECEIVED,30e76124-647d-4705-a07f-84445909d713,d85dfe06-a345-4307-b32a-7c71e824ee50,c4,c5,1448,e10,?,
1768610503.267794,SENT,30e76124-647d-4705-a07f-84445909d713,d85dfe06-a345-4307-b32a-7c71e824ee50,c4,c5,1012,?,x2,
1768610503.267835,FORWARDED,30e76124-647d-4705-a07f-84445909d713,d85dfe06-a345-4307-b32a-7c71e824ee50,c4,c5,1012,?,x2,
1768610503.4658303,SENT,7eba648e-58c8-4d4a-9ab1-ef752780bbab,f5d02600-8c84-40d9-ba65-7b3e57431635,c2,c3,1017,?,x10,
1768610503.4658768,FORWARDED,7eba648e-58c8-4d4a-9ab1-ef752780bbab,f5d02600-8c84-40d9-ba65-7b3e57431635,c2,c3,1017,?,x10,
1768610504.4937634,RECEIVED,b03f89be-871a-4200-b5eb-49abfd36018d,280bb283-52d2-4963-b248-96cc972eb3a4,c2,DROP,1009,e1,?,
1768610504.534983,SENT,b03f89be-871a-4200-b5eb-49abfd36018d,280bb283-52d2-4963-b248-96cc972eb3a4,c2,DROP,683,?,x6,
1768610504.53542,FORWARDED,b03f89be-871a-4200-b5eb-49abfd36018d,280bb283-52d2-4963-b248-96cc972eb3a4,c2,DROP,683,?,x6,
1768610504.784401,RECEIVED,61e92319-bf9c-4305-aa04-9aeaf97caa47,2ab94932-2434-4ad8-a3b5-41de4bb612b4,c3,c2,1443,e5,?,
1768610505.0651798,RECEIVED,d8314f91-53f6-45a8-97d5-908e227d8207,2884788c-5b08-4394-a91d-f510683b4604,c2,c1,1447,e12,?,
1768610505.1168358,RECEIVED,b174ba8d-d546-4221-bbf1-fa69bbc42590,9832cece-049c-4b6a-bdb9-8d121ce7165c,c4,c2,1466,e10,?,
1768610505.1863537,SENT,b174ba8d-d546-4221-bbf1-fa69bbc42590,9832cece-049c-4b6a-bdb9-8d121ce7165c,c4,c2,1024,?,x12,
1768610505.1864998,FORWARDED,b174ba8d-d546-4221-bbf1-fa69bbc42590,9832cece-049c-4b6a-bdb9-8d121ce7165c,c4,c2,1024,?,x12,
1768610505.188386,RECEIVED,9e065c7c-7d51-42b5-9b99-453d41088ef2,d30135c7-2c33-4af3-ad0a-4c15fd7f57b4,c4,DROP,1021,e5,?,
1768610505.1977308,SENT,61e92319-bf9c-4305-aa04-9aeaf97caa47,2ab94932-2434-4ad8-a3b5-41de4bb612b4,c3,c2,1011,?,x4,
1768610505.1978114,FORWARDED,61e92319-bf9c-4305-aa04-9aeaf97caa47,2ab94932-2434-4ad8-a3b5-41de4bb612b4,c3,c2,1011,?,x4,
1768610505.2139494,SENT,9e065c7c-7d51-42b5-9b99-453d41088ef2,d30135c7-2c33-4af3-ad0a-4c15fd7f57b4,c4,DROP,692,?,x12,
1768610505.2139978,FORWARDED,9e065c7c-7d51-42b5-9b99-453d41088ef2,d30135c7-2c33-4af3-ad0a-4c15fd7f57b4,c4,DROP,692,?,x12,
1768610505.238926,RECEIVED,4a9b712f-1785-4488-ba50-311812ad7118,0e7f8196-3275-4c3c-b699-ef485d48ad1d,c1,c3,1451,e5,?,
1768610505.4558098,RECEIVED,eb49584d-27fa-40d9-b373-1899cc992545,125f444d-4491-4b52-bef6-56aba0f1b238,c4,DROP,1012,e8,?,
1768610505.593718,SENT,eb49584d-27fa-40d9-b373-1899cc992545,125f444d-4491-4b52-bef6-56aba0f1b238,c4,DROP,687,?,x1,
1768610505.5937548,FORWARDED,eb49584d-27fa-40d9-b373-1899cc992545,125f444d-4491-4b52-bef6-56aba0f1b238,c4,DROP,687,?,x1,
1768610505.5976286,SENT,d8314f91-53f6-45a8-97d5-908e227d8207,2884788c-5b08-4394-a91d-f510683b4604,c2,c1,1012,?,x4,
1768610505.5976734,FORWARDED,d8314f91-53f6-45a8-97d5-908e227d8207,2884788c-5b08-4394-a91d-f510683b4604,c2,c1,1012,?,x4,
1768610505.6928911,RECEIVED,1aadddce-6d66-41ea-9e7a-193729879f2d,f95e39f0-3b5d-449f-b98f-c6398f15a57c,c1,DROP,439,x3,?,
1768610505.9496322,RECEIVED,0fa7ff2e-05d2-440e-be83-ee10ccec64a9,b4da50b9-130e-4356-9da1-0b8c3597879a,c4,c3,1451,e7,?,
1768610506.0434372,RECEIVED,196b4268-a7c9-4bd9-b0e2-fd6e82e2179b,d81d1098-66a9-4ec1-8efc-eb4358f1dfae,c2,DROP,1015,e12,?,
1768610506.1042106,RECEIVED,79cf8361-745c-445b-bc14-b3d1f1adcad5,9d2830f3-0d2c-43b3-af9d-17699f11f4f4,c3,c2,1453,e12,?,
1768610506.2011628,SENT,79cf8361-745c-445b-bc14-b3d1f1adcad5,9d2830f3-0d2c-43b3-af9d-17699f11f4f4,c3,c2,1015,?,x6,
1768610506.2012043,FORWARDED,79cf8361-745c-445b-bc14-b3d1f1adcad5,9d2830f3-0d2c-43b3-af9d-17699f11f4f4,c3,c2,1015,?,x6,
1768610506.2760937,SENT,4a9b712f-1785-4488-ba50-311812ad7118,0e7f8196-3275-4c3c-b699-ef485d48ad1d,c1,c3,1016,?,x10,
1768610506.2761354,FORWARDED,4a9b712f-1785-4488-ba50-311812ad7118,0e7f8196-3275-4c3c-b699-ef485d48ad1d,c1,c3,1016,?,x10,
1768610506.4611034,RECEIVED,2b39af6e-1fe1-4e41-aa53-e113909dc012,3ef4e3b2-6c44-456b-a76a-85e0448db9c9,c5,DROP,1013,e8,?,
1768610506.5733755,RECEIVED,09445c98-0686-45a3-b20c-e9fe73809149,d55d766a-d5d7-4678-8ca1-a2e635a39910,c1,c4,1451,e8,?,
1768610506.5915601,SENT,196b4268-a7c9-4bd9-b0e2-fd6e82e2179b,d81d1098-66a9-4ec1-8efc-eb4358f1dfae,c2,DROP,688,?,x2,
1768610506.5916035,FORWARDED,196b4268-a7c9-4bd9-b0e2-fd6e82e2179b,d81d1098-66a9-4ec1-8efc-eb4358f1dfae,c2,DROP,688,?,x2,
1768610506.756606,SENT,0fa7ff2e-05d2-440e-be83-ee10ccec64a9,b4da50b9-130e-4356-9da1-0b8c3597879a,c4,c3,1015,?,x4,
1768610506.756649,FORWARDED,0fa7ff2e-05d2-440e-be83-ee10ccec64a9,b4da50b9-130e-4356-9da1-0b8c3597879a,c4,c3,1015,?,x4,
1768610507.045027,SENT,09445c98-0686-45a3-b20c-e9fe73809149,d55d766a-d5d7-4678-8ca1-a2e635a39910,c1,c4,1015,?,x4,
1768610507.0452895,FORWARDED,09445c98-0686-45a3-b20c-e9fe73809149,d55d766a-d5d7-4678-8ca1-a2e635a39910,c1,c4,1015,?,x4,
1768610507.5255284,SENT,2b39af6e-1fe1-4e41-aa53-e113909dc012,3ef4e3b2-6c44-456b-a76a-85e0448db9c9,c5,DROP,688,?,x10,
1768610507.5255783,FORWARDED,2b39af6e-1fe1-4e41-aa53-e113909dc012,3ef4e3b2-6c44-456b-a76a-85e0448db9c9,c5,DROP,688,?,x10,
1768610507.721906,RECEIVED,ada4446e-cca1-4cd2-a296-11460c7d796d,21b86f35-6dab-4b63-a1cc-c6fd5e35cbda,c3,c1,1447,e2,?,
1768610507.79563,RECEIVED,2748a049-4f4b-4ddc-bcbd-4d520137866e,1b97bb2e-a118-46e6-adb4-ccab515bf5bf,c2,DROP,1007,e10,?,
1768610508.0537503,RECEIVED,b3ec52c2-8761-4cd3-a067-6ee096138f11,346f972f-40b5-4a52-a010-9a395da8130e,c4,c5,1451,e6,?,
1768610508.636488,RECEIVED,54225bb7-6b40-4d74-aab9-a35f41fbc199,c2f99e52-4e80-4cfe-83fb-0936cb75ea67,c4,c1,1459,e12,?,
1768610508.9709146,SENT,54225bb7-6b40-4d74-aab9-a35f41fbc199,c2f99e52-4e80-4cfe-83fb-0936cb75ea67,c4,c1,1023,?,x7,
1768610508.9709578,FORWARDED,54225bb7-6b40-4d74-aab9-a35f41fbc199,c2f99e52-4e80-4cfe-83fb-0936cb75ea67,c4,c1,1023,?,x7,
1768610509.1504476,SENT,2748a049-4f4b-4ddc-bcbd-4d520137866e,1b97bb2e-a118-46e6-adb4-ccab515bf5bf,c2,DROP,684,?,x7,
1768610509.1504903,FORWARDED,2748a049-4f4b-4ddc-bcbd-4d520137866e,1b97bb2e-a118-46e6-adb4-ccab515bf5bf,c2,DROP,684,?,x7,
1768610509.3505259,RECEIVED,d7d42bd6-fa7c-4a8c-b4e9-d85e20646c11,34a6c558-db45-49b3-a1b7-9a324f023c1b,c1,c5,1449,e10,?,
1768610509.5301368,SENT,b3ec52c2-8761-4cd3-a067-6ee096138f11,346f972f-40b5-4a52-a010-9a395da8130e,c4,c5,1016,?,x2,
1768610509.5301826,FORWARDED,b3ec52c2-8761-4cd3-a067-6ee096138f11,346f972f-40b5-4a52-a010-9a395da8130e,c4,c5,1016,?,x2,
1768610509.98704,SENT,d7d42bd6-fa7c-4a8c-b4e9-d85e20646c11,34a6c558-db45-49b3-a1b7-9a324f023c1b,c1,c5,1015,?,x4,
1768610509.9870977,FORWARDED,d7d42bd6-fa7c-4a8c-b4e9-d85e20646c11,34a6c558-db45-49b3-a1b7-9a324f023c1b,c1,c5,1015,?,x4,
1768610510.1734495,RECEIVED,48632738-3a30-4775-99b7-c6a1e47669d7,14e2c047-6b64-489c-9b11-98dda89f357a,c5,c1,1445,e8,?,
1768610510.2243664,SENT,48632738-3a30-4775-99b7-c6a1e47669d7,14e2c047-6b64-489c-9b11-98dda89f357a,c5,c1,1011,?,x3,
1768610510.2244074,FORWARDED,48632738-3a30-4775-99b7-c6a1e47669d7,14e2c047-6b64-489c-9b11-98dda89f357a,c5,c1,1011,?,x3,
1768610510.2615728,RECEIVED,d744574e-25f4-43e6-8f38-dd81570b28d7,4fd6b341-f9d3-4e46-a0a6-8bdaaa395d60,c2,c5,1460,e10,?,
1768610510.5216877,SENT,ada4446e-cca1-4cd2-a296-11460c7d796d,21b86f35-6dab-4b63-a1cc-c6fd5e35cbda,c3,c1,1014,?,x11,
1768610510.5217297,FORWARDED,ada4446e-cca1-4cd2-a296-11460c7d796d,21b86f35-6dab-4b63-a1cc-c6fd5e35cbda,c3,c1,1014,?,x11,
1768610510.7220635,RECEIVED,34e89e00-f3ad-44db-b7ce-7192710dd129,47919192-140b-499d-99cf-c1629067adcf,c1,DROP,1003,e3,?,
1768610511.0244462,SENT,d744574e-25f4-43e6-8f38-dd81570b28d7,4fd6b341-f9d3-4e46-a0a6-8bdaaa395d60,c2,c5,1021,?,x12,
1768610511.0244894,FORWARDED,d744574e-25f4-43e6-8f38-dd81570b28d7,4fd6b341-f9d3-4e46-a0a6-8bdaaa395d60,c2,c5,1021,?,x12,
1768610512.1210744,SENT,34e89e00-f3ad-44db-b7ce-7192710dd129,47919192-140b-499d-99cf-c1629067adcf,c1,DROP,680,?,x9,
1768610512.121119,FORWARDED,34e89e00-f3ad-44db-b7ce-7192710dd129,47919192-140b-499d-99cf-c1629067adcf,c1,DROP,680,?,x9,
1768610513.2401526,RECEIVED,cdfa9b42-0868-40bd-8aca-0cb6f7335510,12aaeb87-2424-403b-8cb5-a1ba826e435d,c4,c5,1451,e1,?,
1768610513.4754305,RECEIVED,2ec522de-b8d8-49d5-9294-4f6b786b67a7,dfd80d4a-a83f-421e-a10b-23bdbd4e04dd,c1,c3,1443,e5,?,
1768610513.5501113,RECEIVED,17bd6a74-ffc9-4397-89c6-94ddc46f5502,d377cbe5-4d05-4722-9ba0-b19723eac570,c5,c4,1451,e5,?,
1768610513.7680292,RECEIVED,4fd9ef84-57ae-4dd0-83f0-1f147623edb9,5d30616f-bde3-478c-b04b-f8e8b64ba3b3,c3,c4,1444,e9,?,
1768610513.7783198,RECEIVED,27809f89-c4d2-4bda-baa7-f42887d9cd8d,2af0e3f6-907d-4cce-bd61-d67ec920f86c,c5,c3,1451,e6,?,
1768610513.8724132,SENT,4fd9ef84-57ae-4dd0-83f0-1f147623edb9,5d30616f-bde3-478c-b04b-f8e8b64ba3b3,c3,c4,1011,?,x2,
1768610513.8724575,FORWARDED,4fd9ef84-57ae-4dd0-83f0-1f147623edb9,5d30616f-bde3-478c-b04b-f8e8b64ba3b3,c3,c4,1011,?,x2,
1768610513.8980117,SENT,cdfa9b42-0868-40bd-8aca-0cb6f7335510,12aaeb87-2424-403b-8cb5-a1ba826e435d,c4,c5,1015,?,x3,
1768610513.8980637,FORWARDED,cdfa9b42-0868-40bd-8aca-0cb6f7335510,12aaeb87-2424-403b-8cb5-a1ba826e435d,c4,c5,1015,?,x3,
1768610514.236385,SENT,17bd6a74-ffc9-4397-89c6-94ddc46f5502,d377cbe5-4d05-4722-9ba0-b19723eac570,c5,c4,1016,?,x5,
1768610514.2364385,FORWARDED,17bd6a74-ffc9-4397-89c6-94ddc46f5502,d377cbe5-4d05-4722-9ba0-b19723eac570,c5,c4,1016,?,x5,
1768610514.3185606,SENT,27809f89-c4d2-4bda-baa7-f42887d9cd8d,2af0e3f6-907d-4cce-bd61-d67ec920f86c,c5,c3,1016,?,x6,
1768610514.3186023,FORWARDED,27809f89-c4d2-4bda-baa7-f42887d9cd8d,2af0e3f6-907d-4cce-bd61-d67ec920f86c,c5,c3,1016,?,x6,
1768610514.4117596,SENT,2ec522de-b8d8-49d5-9294-4f6b786b67a7,dfd80d4a-a83f-421e-a10b-23bdbd4e04dd,c1,c3,1011,?,x1,
1768610514.4118042,FORWARDED,2ec522de-b8d8-49d5-9294-4f6b786b67a7,dfd80d4a-a83f-421e-a10b-23bdbd4e04dd,c1,c3,1011,?,x1,
1768610514.7083507,RECEIVED,e2ff6dd4-669c-4e38-9e68-cd80f4f2ac56,342ff8be-617e-4f98-b67f-f0f003482591,c1,c4,1447,e6,?,
1768610514.8609717,RECEIVED,80408370-883f-45ce-a7c5-42bd6e73adbe,69a0a679-8c3c-4c6d-bfd8-61833c747041,c1,DROP,1015,e4,?,
1768610514.9143226,SENT,e2ff6dd4-669c-4e38-9e68-cd80f4f2ac56,342ff8be-617e-4f98-b67f-f0f003482591,c1,c4,1012,?,x2,
1768610514.9143648,FORWARDED,e2ff6dd4-669c-4e38-9e68-cd80f4f2ac56,342ff8be-617e-4f98-b67f-f0f003482591,c1,c4,1012,?,x2,
1768610514.9341455,RECEIVED,53d40417-99d6-4f83-ad2f-41b992621dc5,c4399898-2cd7-4391-a69e-106872b40942,c4,c5,1448,e6,?,
1768610515.5765035,RECEIVED,b684c975-3056-46a0-bc3c-7692c8297a3e,79955504-766b-4820-8dd5-115390916d14,c1,c3,1451,e5,?,
1768610515.8889332,SENT,53d40417-99d6-4f83-ad2f-41b992621dc5,c4399898-2cd7-4391-a69e-106872b40942,c4,c5,1012,?,x12,
1768610515.888977,FORWARDED,53d40417-99d6-4f83-ad2f-41b992621dc5,c4399898-2cd7-4391-a69e-106872b40942,c4,c5,1012,?,x12,
1768610516.140949,RECEIVED,2debb62a-0d76-4cbe-a6ba-c976d667cdde,d568a661-4086-489d-8a6d-9ade16b6c7d7,c4,DROP,1020,e10,?,
1768610516.2152863,RECEIVED,120d001c-8eae-443a-803f-38e0777b9bb1,0ef86639-8558-4358-b0e3-4f401b575ef9,c2,c4,1450,e4,?,
1768610516.2909284,SENT,120d001c-8eae-443a-803f-38e0777b9bb1,0ef86639-8558-4358-b0e3-4f401b575ef9,c2,c4,1012,?,x11,
1768610516.2909772,FORWARDED,120d001c-8eae-443a-803f-38e0777b9bb1,0ef86639-8558-4358-b0e3-4f401b575ef9,c2,c4,1012,?,x11,
1768610516.4208648,SENT,2debb62a-0d76-4cbe-a6ba-c976d667cdde,d568a661-4086-489d-8a6d-9ade16b6c7d7,c4,DROP,692,?,x8,
1768610516.4209168,FORWARDED,2debb62a-0d76-4cbe-a6ba-c976d667cdde,d568a661-4086-489d-8a6d-9ade16b6c7d7,c4,DROP,692,?,x8,
1768610516.8233829,RECEIVED,41fcf3fc-cdc0-46c4-b626-b194b4fb4a34,203f7cc7-9215-4318-a93f-dded3e3f7bb2,c5,c1,1450,e8,?,
1768610517.3769453,SENT,80408370-883f-45ce-a7c5-42bd6e73adbe,69a0a679-8c3c-4c6d-bfd8-61833c747041,c1,DROP,688,?,x7,
1768610517.3769867,FORWARDED,80408370-883f-45ce-a7c5-42bd6e73adbe,69a0a679-8c3c-4c6d-bfd8-61833c747041,c1,DROP,688,?,x7,
1768610517.563319,RECEIVED,dba8210f-6f45-4223-b773-6805cb493653,5c9f29f0-4392-4b94-a564-c20b321991ec,c4,c5,1443,e6,?,
1768610517.734794,SENT,41fcf3fc-cdc0-46c4-b626-b194b4fb4a34,203f7cc7-9215-4318-a93f-dded3e3f7bb2,c5,c1,1015,?,x3,
1768610517.7348363,FORWARDED,41fcf3fc-cdc0-46c4-b626-b194b4fb4a34,203f7cc7-9215-4318-a93f-dded3e3f7bb2,c5,c1,1015,?,x3,
1768610517.755654,SENT,b684c975-3056-46a0-bc3c-7692c8297a3e,79955504-766b-4820-8dd5-115390916d14,c1,c3,1016,?,x2,
1768610517.7556953,FORWARDED,b684c975-3056-46a0-bc3c-7692c8297a3e,79955504-766b-4820-8dd5-115390916d14,c1,c3,1016,?,x2,
1768610518.115745,RECEIVED,67a613f1-fcfb-4f1e-84c4-2b44650e287f,e158a555-eec4-4f1c-b411-5d088c43591f,c3,DROP,1008,e9,?,
1768610518.1895485,RECEIVED,17f837ab-2e2b-4a87-afad-391a24b3616f,71f19fd5-e61d-4ecc-804c-18d5fb14ff33,c1,c4,1463,e10,?,
1768610518.1953268,SENT,dba8210f-6f45-4223-b773-6805cb493653,5c9f29f0-4392-4b94-a564-c20b321991ec,c4,c5,1011,?,x5,
1768610518.1953697,FORWARDED,dba8210f-6f45-4223-b773-6805cb493653,5c9f29f0-4392-4b94-a564-c20b321991ec,c4,c5,1011,?,x5,
1768610518.2171457,SENT,67a613f1-fcfb-4f1e-84c4-2b44650e287f,e158a555-eec4-4f1c-b411-5d088c43591f,c3,DROP,683,?,x8,
1768610518.21719,FORWARDED,67a613f1-fcfb-4f1e-84c4-2b44650e287f,e158a555-eec4-4f1c-b411-5d088c43591f,c3,DROP,683,?,x8,
1768610518.2766364,RECEIVED,16f83ba8-4b95-4a18-b18b-a8234f0d842f,12651de3-f3e7-459d-a346-7cb5af1873e6,c3,c4,1452,e8,?,
1768610518.66044,RECEIVED,b9962fef-ac95-4a99-b956-239d92f560f3,5a706802-a6e7-4ca9-8765-0ebb7e600919,c2,c5,1445,e9,?,
1768610518.7198377,SENT,b9962fef-ac95-4a99-b956-239d92f560f3,5a706802-a6e7-4ca9-8765-0ebb7e600919,c2,c5,1011,?,x7,
1768610518.7198763,FORWARDED,b9962fef-ac95-4a99-b956-239d92f560f3,5a706802-a6e7-4ca9-8765-0ebb7e600919,c2,c5,1011,?,x7,
1768610519.161859,SENT,17f837ab-2e2b-4a87-afad-391a24b3616f,71f19fd5-e61d-4ecc-804c-18d5fb14ff33,c1,c4,1024,?,x4,
1768610519.161904,FORWARDED,17f837ab-2e2b-4a87-afad-391a24b3616f,71f19fd5-e61d-4ecc-804c-18d5fb14ff33,c1,c4,1024,?,x4,
1768610519.2696936,RECEIVED,2f4a2e94-7ce5-421a-980a-1b6586ebf373,1c2d9c70-b5a1-4e1e-9c09-69667798948e,c4,c5,1443,e11,?,
1768610519.3266501,RECEIVED,2b06b070-bc07-4cc1-a6c9-2d0f6e2d9b9d,c09142cc-36bd-4725-89b5-8abbb2a0c65d,c3,c2,1456,e5,?,
1768610519.4076889,SENT,2b06b070-bc07-4cc1-a6c9-2d0f6e2d9b9d,c09142cc-36bd-4725-89b5-8abbb2a0c65d,c3,c2,1019,?,x1,
1768610519.407732,FORWARDED,2b06b070-bc07-4cc1-a6c9-2d0f6e2d9b9d,c09142cc-36bd-4725-89b5-8abbb2a0c65d,c3,c2,1019,?,x1,
1768610519.4299364,RECEIVED,35ae08fb-ebb5-4604-97ee-05b944034eea,190e6ff0-c7b1-42d8-80e0-5a9ee76435c1,c1,c4,1443,e4,?,
1768610519.4431274,SENT,16f83ba8-4b95-4a18-b18b-a8234f0d842f,12651de3-f3e7-459d-a346-7cb5af1873e6,c3,c4,1016,?,x11,
1768610519.443161,FORWARDED,16f83ba8-4b95-4a18-b18b-a8234f0d842f,12651de3-f3e7-459d-a346-7cb5af1873e6,c3,c4,1016,?,x11,
1768610519.7346952,SENT,35ae08fb-ebb5-4604-97ee-05b944034eea,190e6ff0-c7b1-42d8-80e0-5a9ee76435c1,c1,c4,1011,?,x7,
1768610519.7347684,FORWARDED,35ae08fb-ebb5-4604-97ee-05b944034eea,190e6ff0-c7b1-42d8-80e0-5a9ee76435c1,c1,c4,1011,?,x7,
1768610519.905331,SENT,2f4a2e94-7ce5-421a-980a-1b6586ebf373,1c2d9c70-b5a1-4e1e-9c09-69667798948e,c4,c5,1011,?,x7,
1768610519.9053829,FORWARDED,2f4a2e94-7ce5-421a-980a-1b6586ebf373,1c2d9c70-b5a1-4e1e-9c09-69667798948e,c4,c5,1011,?,x7,
1768610520.0197196,RECEIVED,9c80b89c-a726-42f4-842f-95a303bdf845,754091e3-9561-4cb0-8265-d85bd14adb31,c3,c2,1443,e2,?,
1768610520.2858355,SENT,9c80b89c-a726-42f4-842f-95a303bdf845,754091e3-9561-4cb0-8265-d85bd14adb31,c3,c2,1011,?,x6,
1768610520.285877,FORWARDED,9c80b89c-a726-42f4-842f-95a303bdf845,754091e3-9561-4cb0-8265-d85bd14adb31,c3,c2,1011,?,x6,
1768610520.3090315,RECEIVED,3fbbaa0a-e312-404c-b0f0-037828a0a405,f51bfbfa-b306-43d6-a335-00e8a1254b88,c3,c2,1443,e5,?,
1768610520.3622348,RECEIVED,ac5dd836-9463-4b9a-b52c-9bb34bdc0a98,395314e4-f871-4c8e-b134-9fa5de72bd6f,c1,c2,1451,e2,?,
1768610520.5642407,SENT,3fbbaa0a-e312-404c-b0f0-037828a0a405,f51bfbfa-b306-43d6-a335-00e8a1254b88,c3,c2,1010,?,x8,
1768610520.564285,FORWARDED,3fbbaa0a-e312-404c-b0f0-037828a0a405,f51bfbfa-b306-43d6-a335-00e8a1254b88,c3,c2,1010,?,x8,
1768610520.6273384,SENT,ac5dd836-9463-4b9a-b52c-9bb34bdc0a98,395314e4-f871-4c8e-b134-9fa5de72bd6f,c1,c2,1017,?,x9,
1768610520.6273792,FORWARDED,ac5dd836-9463-4b9a-b52c-9bb34bdc0a98,395314e4-f871-4c8e-b134-9fa5de72bd6f,c1,c2,1017,?,x9,
1768610520.818797,RECEIVED,18ef2ef0-f9c1-456d-ab2d-98e22fdcf28e,ac3072c7-ff2f-4059-be9b-fd6f975579ca,c2,DROP,1014,e4,?,
1768610520.8231063,SENT,18ef2ef0-f9c1-456d-ab2d-98e22fdcf28e,ac3072c7-ff2f-4059-be9b-fd6f975579ca,c2,DROP,685,?,x9,
1768610520.8232658,FORWARDED,18ef2ef0-f9c1-456d-ab2d-98e22fdcf28e,ac3072c7-ff2f-4059-be9b-fd6f975579ca,c2,DROP,685,?,x9,
1768610520.9090335,RECEIVED,86f1f653-528a-47d0-acc2-2915507f6360,c736fff3-54d7-43da-8650-90f6178b0631,c1,DROP,441,x3,?,
1768610521.2216516,RECEIVED,819b8851-156b-41e8-ae33-f207fd3f7709,9c381c8c-dce1-450d-b18f-d4588f87e9d9,c1,c4,1456,e10,?,
1768610521.5282335,SENT,819b8851-156b-41e8-ae33-f207fd3f7709,9c381c8c-dce1-450d-b18f-d4588f87e9d9,c1,c4,1019,?,x12,
1768610521.5282755,FORWARDED,819b8851-156b-41e8-ae33-f207fd3f7709,9c381c8c-dce1-450d-b18f-d4588f87e9d9,c1,c4,1019,?,x12,
1768610522.2753086,RECEIVED,3cb8f11b-8846-4fd9-9d47-928ab4e1d072,ec613065-5065-4dd4-93d0-4fcdd814039e,c5,c1,1452,e4,?,
1768610522.8717084,RECEIVED,a35da2c2-746d-4f72-a261-de73f72999c6,2d5a6a89-eebf-4c06-9ca1-be48c2e8b623,c4,c5,1448,e11,?,
1768610522.9811645,SENT,a35da2c2-746d-4f72-a261-de73f72999c6,2d5a6a89-eebf-4c06-9ca1-be48c2e8b623,c4,c5,1012,?,x3,
1768610522.981216,FORWARDED,a35da2c2-746d-4f72-a261-de73f72999c6,2d5a6a89-eebf-4c06-9ca1-be48c2e8b623,c4,c5,1012,?,x3,
1768610523.1432192,RECEIVED,f98d3de4-f03f-4a99-91d9-cd420f61feae,7281d92b-57ae-4eb4-9b0e-096fbb62a542,c5,DROP,443,x9,?,
1768610523.2638915,SENT,3cb8f11b-8846-4fd9-9d47-928ab4e1d072,ec613065-5065-4dd4-93d0-4fcdd814039e,c5,c1,1016,?,x10,
1768610523.2639318,FORWARDED,3cb8f11b-8846-4fd9-9d47-928ab4e1d072,ec613065-5065-4dd4-93d0-4fcdd814039e,c5,c1,1016,?,x10,
1768610523.434618,RECEIVED,9d51ca18-7d2b-48dc-934a-d8a04ebe389a,b8e878e7-5369-4224-987c-114540c643d0,c2,c5,1445,e1,?,
1768610523.4954765,SENT,9d51ca18-7d2b-48dc-934a-d8a04ebe389a,b8e878e7-5369-4224-987c-114540c643d0,c2,c5,1011,?,x8,
1768610523.4956489,FORWARDED,9d51ca18-7d2b-48dc-934a-d8a04ebe389a,b8e878e7-5369-4224-987c-114540c643d0,c2,c5,1011,?,x8,
1768610523.6176744,RECEIVED,6498fc4f-d25a-48c6-87a3-e9a114a54eb1,00a0e7d5-25a2-44d9-8c42-2bc62d332f86,c3,c5,1445,e7,?,
1768610523.6316302,SENT,6498fc4f-d25a-48c6-87a3-e9a114a54eb1,00a0e7d5-25a2-44d9-8c42-2bc62d332f86,c3,c5,1011,?,x3,
1768610523.631673,FORWARDED,6498fc4f-d25a-48c6-87a3-e9a114a54eb1,00a0e7d5-25a2-44d9-8c42-2bc62d332f86,c3,c5,1011,?,x3,
1768610523.7120104,RECEIVED,9a5082e0-5ced-4e69-8cc0-2977b9d4a8c9,b2242547-fb54-425b-b813-d84afaeb92bb,c4,c5,1447,e3,?,
1768610523.9920564,RECEIVED,8656bb83-d7fb-4118-a2e1-7a3d9a2e7a75,cbd5e969-65f2-43de-9fbb-2ec6e13fe3eb,c5,DROP,1008,e8,?,
1768610524.180113,SENT,9a5082e0-5ced-4e69-8cc0-2977b9d4a8c9,b2242547-fb54-425b-b813-d84afaeb92bb,c4,c5,1014,?,x6,
1768610524.180157,FORWARDED,9a5082e0-5ced-4e69-8cc0-2977b9d4a8c9,b2242547-fb54-425b-b813-d84afaeb92bb,c4,c5,1014,?,x6,
1768610524.7806578,RECEIVED,f8f20f17-10fe-4d95-bebf-8bfecfdca57b,77ec0ecb-691b-4373-9cbc-548ec8c497b5,c4,c5,1467,e11,?,
1768610525.2899373,SENT,f8f20f17-10fe-4d95-bebf-8bfecfdca57b,77ec0ecb-691b-4373-9cbc-548ec8c497b5,c4,c5,1029,?,x5,
1768610525.2899787,FORWARDED,f8f20f17-10fe-4d95-bebf-8bfecfdca57b,77ec0ecb-691b-4373-9cbc-548ec8c497b5,c4,c5,1029,?,x5,
1768610525.3013616,RECEIVED,be2f49b3-7b8d-4e21-a1eb-eeaa10996d1c,91fce3d9-1020-4da5-a96c-3544ed5c5d08,c1,c3,1447,e7,?,
1768610525.4879565,RECEIVED,bb29028f-9705-4ef3-ada4-b6ed20187965,74eda512-098c-4a25-b3a2-0cc79208a06f,c2,c1,1444,e11,?,
1768610525.5928328,SENT,8656bb83-d7fb-4118-a2e1-7a3d9a2e7a75,cbd5e969-65f2-43de-9fbb-2ec6e13fe3eb,c5,DROP,683,?,x11,
1768610525.5928736,FORWARDED,8656bb83-d7fb-4118-a2e1-7a3d9a2e7a75,cbd5e969-65f2-43de-9fbb-2ec6e13fe3eb,c5,DROP,683,?,x11,
1768610525.635501,SENT,bb29028f-9705-4ef3-ada4-b6ed20187965,74eda512-098c-4a25-b3a2-0cc79208a06f,c2,c1,1010,?,x8,
1768610525.6355422,FORWARDED,bb29028f-9705-4ef3-ada4-b6ed20187965,74eda512-098c-4a25-b3a2-0cc79208a06f,c2,c1,1010,?,x8,
1768610526.2092607,SENT,be2f49b3-7b8d-4e21-a1eb-eeaa10996d1c,91fce3d9-1020-4da5-a96c-3544ed5c5d08,c1,c3,1014,?,x9,
1768610526.209298,FORWARDED,be2f49b3-7b8d-4e21-a1eb-eeaa10996d1c,91fce3d9-1020-4da5-a96c-3544ed5c5d08,c1,c3,1014,?,x9,
1768610526.3518257,RECEIVED,102e3383-e1df-460c-a5d2-85b16a4e05d4,41780984-b4b6-4f92-8a57-670eb979fbe7,c5,DROP,1008,e8,?,
1768610526.5770829,SENT,102e3383-e1df-460c-a5d2-85b16a4e05d4,41780984-b4b6-4f92-8a57-670eb979fbe7,c5,DROP,683,?,x4,
1768610526.5771267,FORWARDED,102e3383-e1df-460c-a5d2-85b16a4e05d4,41780984-b4b6-4f92-8a57-670eb979fbe7,c5,DROP,683,?,x4,
1768610526.947974,RECEIVED,72b26c8c-ccd7-45b7-bdb9-9659e7d4ec84,9ac32aa9-8515-4dd6-a73b-2feb81cabd2b,c4,DROP,1016,e1,?,
1768610527.1726766,SENT,72b26c8c-ccd7-45b7-bdb9-9659e7d4ec84,9ac32aa9-8515-4dd6-a73b-2feb81cabd2b,c4,DROP,688,?,x10,
1768610527.1727166,FORWARDED,72b26c8c-ccd7-45b7-bdb9-9659e7d4ec84,9ac32aa9-8515-4dd6-a73b-2feb81cabd2b,c4,DROP,688,?,x10,
1768610528.0432642,RECEIVED,a38bd782-0c5e-46d7-b668-34e4eb77fe2b,e14cae57-ca8f-44ec-880a-96284854a81b,c5,c2,1447,e7,?,
1768610528.0930958,RECEIVED,4b74eced-b27b-439d-8745-d169706b1666,01aded89-264e-4be2-86d5-9935475f2c65,c2,c3,1455,e9,?,
1768610528.306984,RECEIVED,15ae9fba-32b0-49f3-a9f2-c5e633b9293b,a21f1916-09fd-49b5-a396-a2e08a657dff,c2,DROP,1016,e9,?,
1768610528.3532205,SENT,15ae9fba-32b0-49f3-a9f2-c5e633b9293b,a21f1916-09fd-49b5-a396-a2e08a657dff,c2,DROP,688,?,x4,
1768610528.353273,FORWARDED,15ae9fba-32b0-49f3-a9f2-c5e633b9293b,a21f1916-09fd-49b5-a396-a2e08a657dff,c2,DROP,688,?,x4,
1768610528.578372,RECEIVED,e0c1716d-854a-4eff-9bec-a576d60546e2,1a07a70b-8758-43c6-81f3-8b6fa0c0823d,c3,c4,1443,e3,?,
1768610528.6016827,SENT,4b74eced-b27b-439d-8745-d169706b1666,01aded89-264e-4be2-86d5-9935475f2c65,c2,c3,1018,?,x9,
1768610528.6017253,FORWARDED,4b74eced-b27b-439d-8745-d169706b1666,01aded89-264e-4be2-86d5-9935475f2c65,c2,c3,1018,?,x9,
1768610528.9883738,SENT,a38bd782-0c5e-46d7-b668-34e4eb77fe2b,e14cae57-ca8f-44ec-880a-96284854a81b,c5,c2,1012,?,x3,
1768610528.9884188,FORWARDED,a38bd782-0c5e-46d7-b668-34e4eb77fe2b,e14cae57-ca8f-44ec-880a-96284854a81b,c5,c2,1012,?,x3,
1768610529.0144413,RECEIVED,c29f2c26-9f77-4c7a-92ef-9d0c176d2a9a,30617ebb-3132-408b-878a-a880ea70f233,c5,c1,1440,e4,?,
1768610529.137502,SENT,c29f2c26-9f77-4c7a-92ef-9d0c176d2a9a,30617ebb-3132-408b-878a-a880ea70f233,c5,c1,1006,?,x7,
1768610529.1375422,FORWARDED,c29f2c26-9f77-4c7a-92ef-9d0c176d2a9a,30617ebb-3132-408b-878a-a880ea70f233,c5,c1,1006,?,x7,
1768610529.2344182,SENT,e0c1716d-854a-4eff-9bec-a576d60546e2,1a07a70b-8758-43c6-81f3-8b6fa0c0823d,c3,c4,1011,?,x9,
1768610529.2344596,FORWARDED,e0c1716d-854a-4eff-9bec-a576d60546e2,1a07a70b-8758-43c6-81f3-8b6fa0c0823d,c3,c4,1011,?,x9,
1768610530.6420033,RECEIVED,1ce2a41a-aa0b-455c-ac23-0be4573a6c13,4664ce57-bf43-4716-a702-f3b582fcc0ef,c1,c5,1443,e1,?,
1768610530.7345536,RECEIVED,49554cee-bd00-45e5-b3e9-0af9d2ad5639,bcc6757f-fb8a-4866-9b36-6207b1803f18,c3,DROP,441,x4,?,
1768610531.3431108,SENT,1ce2a41a-aa0b-455c-ac23-0be4573a6c13,4664ce57-bf43-4716-a702-f3b582fcc0ef,c1,c5,1011,?,x5,
1768610531.3431547,FORWARDED,1ce2a41a-aa0b-455c-ac23-0be4573a6c13,4664ce57-bf43-4716-a702-f3b582fcc0ef,c1,c5,1011,?,x5,
1768610531.3731766,RECEIVED,a62bcb78-e04e-4b0c-80c7-cefcb1af26ff,c38711f7-23c1-4844-96cb-c28979ef915d,c5,DROP,1016,e9,?,
1768610531.811099,SENT,a62bcb78-e04e-4b0c-80c7-cefcb1af26ff,c38711f7-23c1-4844-96cb-c28979ef915d,c5,DROP,690,?,x7,
1768610531.8111432,FORWARDED,a62bcb78-e04e-4b0c-80c7-cefcb1af26ff,c38711f7-23c1-4844-96cb-c28979ef915d,c5,DROP,690,?,x7,
1768610532.0909145,RECEIVED,6db301e7-5a63-4fc0-aee8-02af9fede9bc,a9298cd5-c285-432c-99f7-0d08b1f27b8d,c2,c3,1451,e8,?,
1768610532.3750422,SENT,6db301e7-5a63-4fc0-aee8-02af9fede9bc,a9298cd5-c285-432c-99f7-0d08b1f27b8d,c2,c3,1015,?,x3,
1768610532.3751326,FORWARDED,6db301e7-5a63-4fc0-aee8-02af9fede9bc,a9298cd5-c285-432c-99f7-0d08b1f27b8d,c2,c3,1015,?,x3,
1768610533.4715655,RECEIVED,ccbb934b-4bab-4402-af5f-44f26dd195af,1bc29142-b8c6-4064-a385-8aef46d37d9c,c5,c3,1452,e4,?,
1768610533.5016828,RECEIVED,2c56aa1c-2fb0-4cd8-8c85-29171620f2a0,32362d78-2019-4a81-bc82-782f26e38866,c4,c5,1448,e7,?,
1768610533.66331,RECEIVED,01285a5d-98d1-4045-ba04-7b50c2413b48,a75194c7-1adc-4069-a47b-1ea4761adf4d,c1,c5,1453,e3,?,
1768610533.6740992,RECEIVED,b14b8ea1-9ceb-405a-aedf-3bf72944a5ac,8d33d811-96e8-494f-ab5b-9ab315e91500,c1,c3,1444,e7,?,
1768610533.6801808,SENT,2c56aa1c-2fb0-4cd8-8c85-29171620f2a0,32362d78-2019-4a81-bc82-782f26e38866,c4,c5,1012,?,x3,
1768610533.680223,FORWARDED,2c56aa1c-2fb0-4cd8-8c85-29171620f2a0,32362d78-2019-4a81-bc82-782f26e38866,c4,c5,1012,?,x3,
1768610533.6895928,SENT,01285a5d-98d1-4045-ba04-7b50c2413b48,a75194c7-1adc-4069-a47b-1ea4761adf4d,c1,c5,1016,?,x7,
1768610533.6896343,FORWARDED,01285a5d-98d1-4045-ba04-7b50c2413b48,a75194c7-1adc-4069-a47b-1ea4761adf4d,c1,c5,1016,?,x7,
1768610533.705909,SENT,ccbb934b-4bab-4402-af5f-44f26dd195af,1bc29142-b8c6-4064-a385-8aef46d37d9c,c5,c3,1016,?,x6,
1768610533.7059495,FORWARDED,ccbb934b-4bab-4402-af5f-44f26dd195af,1bc29142-b8c6-4064-a385-8aef46d37d9c,c5,c3,1016,?,x6,
1768610533.936592,SENT,b14b8ea1-9ceb-405a-aedf-3bf72944a5ac,8d33d811-96e8-494f-ab5b-9ab315e91500,c1,c3,1011,?,x9,
1768610533.9366364,FORWARDED,b14b8ea1-9ceb-405a-aedf-3bf72944a5ac,8d33d811-96e8-494f-ab5b-9ab315e91500,c1,c3,1011,?,x9,
1768610533.970817,RECEIVED,0f1cdf5c-64b6-4a68-aca7-d224b739ce86,ea0802bd-1045-415d-aee2-02b6eff72783,c1,DROP,1007,e7,?,
1768610534.211629,SENT,0f1cdf5c-64b6-4a68-aca7-d224b739ce86,ea0802bd-1045-415d-aee2-02b6eff72783,c1,DROP,684,?,x5,
1768610534.2117147,FORWARDED,0f1cdf5c-64b6-4a68-aca7-d224b739ce86,ea0802bd-1045-415d-aee2-02b6eff72783,c1,DROP,684,?,x5,
1768610534.8280642,RECEIVED,9553a28a-2c62-4191-9df5-0fc0c7a6a7b1,153f3788-a67a-4553-908f-21a7370935e1,c2,DROP,1015,e11,?,
1768610534.922715,RECEIVED,2b71451d-3d03-40e6-9d33-20a20c1efc36,02ef2b73-2b17-4013-8351-e6202a5037a7,c4,c3,1452,e1,?,
1768610534.980926,RECEIVED,1c650f8c-58b2-418b-ac53-1b30792cb7c1,c9349a24-b50d-4c0d-8cf1-ffe32984a6b9,c1,DROP,1021,e10,?,
1768610534.9931066,RECEIVED,2c72dc83-0334-46c0-b334-91be35fe27e2,1a2ebc94-e1ef-4ed5-a284-5c8e9986465e,c4,c5,1457,e12,?,
1768610535.1210954,RECEIVED,704f3b76-28fa-45fb-9d87-0c1f7d9d65b3,dfd3bc45-4388-43dc-8087-01f81d3d98e2,c5,DROP,1015,e7,?,
1768610535.1282327,SENT,2c72dc83-0334-46c0-b334-91be35fe27e2,1a2ebc94-e1ef-4ed5-a284-5c8e9986465e,c4,c5,1020,?,x11,
1768610535.1282747,FORWARDED,2c72dc83-0334-46c0-b334-91be35fe27e2,1a2ebc94-e1ef-4ed5-a284-5c8e9986465e,c4,c5,1020,?,x11,
1768610535.1884623,SENT,2b71451d-3d03-40e6-9d33-20a20c1efc36,02ef2b73-2b17-4013-8351-e6202a5037a7,c4,c3,1015,?,x4,
1768610535.1885054,FORWARDED,2b71451d-3d03-40e6-9d33-20a20c1efc36,02ef2b73-2b17-4013-8351-e6202a5037a7,c4,c3,1015,?,x4,
1768610535.208951,RECEIVED,82e6ae12-2855-46bf-8aa4-0cf660877994,f419f015-8872-4484-988c-0be1cae4246a,c1,c2,1442,e5,?,
1768610535.24879,SENT,82e6ae12-2855-46bf-8aa4-0cf660877994,f419f015-8872-4484-988c-0be1cae4246a,c1,c2,1008,?,x1,
1768610535.249038,FORWARDED,82e6ae12-2855-46bf-8aa4-0cf660877994,f419f015-8872-4484-988c-0be1cae4246a,c1,c2,1008,?,x1,
1768610535.2505784,SENT,1c650f8c-58b2-418b-ac53-1b30792cb7c1,c9349a24-b50d-4c0d-8cf1-ffe32984a6b9,c1,DROP,692,?,x12,
1768610535.250615,FORWARDED,1c650f8c-58b2-418b-ac53-1b30792cb7c1,c9349a24-b50d-4c0d-8cf1-ffe32984a6b9,c1,DROP,692,?,x12,
1768610535.7994688,RECEIVED,b8a1ba54-4b8a-42b9-a9fc-7dd43300f257,bb34469b-900e-4639-afe4-19b3a82f7f12,c3,c2,1456,e2,?,
1768610536.0739553,SENT,b8a1ba54-4b8a-42b9-a9fc-7dd43300f257,bb34469b-900e-4639-afe4-19b3a82f7f12,c3,c2,1018,?,x12,
1768610536.0740275,FORWARDED,b8a1ba54-4b8a-42b9-a9fc-7dd43300f257,bb34469b-900e-4639-afe4-19b3a82f7f12,c3,c2,1018,?,x12,
1768610536.1287556,RECEIVED,284a21c2-866f-490a-9775-5fbe658f1875,5d2062bf-c218-4e7f-a97e-390cc03158b1,c5,c1,1451,e9,?,
1768610536.1853433,SENT,704f3b76-28fa-45fb-9d87-0c1f7d9d65b3,dfd3bc45-4388-43dc-8087-01f81d3d98e2,c5,DROP,688,?,x6,
1768610536.1853805,FORWARDED,704f3b76-28fa-45fb-9d87-0c1f7d9d65b3,dfd3bc45-4388-43dc-8087-01f81d3d98e2,c5,DROP,688,?,x6,
1768610536.2351062,RECEIVED,51b28143-7b90-4258-b9e3-43a71957af6b,06724c92-93e2-496f-a1e4-9a9c7ad21864,c5,c4,1460,e2,?,
1768610536.412207,RECEIVED,fa8d49ea-d121-44b0-ae8b-fba1b929b028,7d4af133-f9d9-4044-987a-c3ded6599e55,c5,c1,1452,e7,?,
1768610536.4886544,SENT,fa8d49ea-d121-44b0-ae8b-fba1b929b028,7d4af133-f9d9-4044-987a-c3ded6599e55,c5,c1,1015,?,x2,
1768610536.4886978,FORWARDED,fa8d49ea-d121-44b0-ae8b-fba1b929b028,7d4af133-f9d9-4044-987a-c3ded6599e55,c5,c1,1015,?,x2,
1768610536.7147126,SENT,51b28143-7b90-4258-b9e3-43a71957af6b,06724c92-93e2-496f-a1e4-9a9c7ad21864,c5,c4,1023,?,x12,
1768610536.7147553,FORWARDED,51b28143-7b90-4258-b9e3-43a71957af6b,06724c92-93e2-496f-a1e4-9a9c7ad21864,c5,c4,1023,?,x12,
1768610537.0528152,SENT,9553a28a-2c62-4191-9df5-0fc0c7a6a7b1,153f3788-a67a-4553-908f-21a7370935e1,c2,DROP,688,?,x9,
1768610537.0528584,FORWARDED,9553a28a-2c62-4191-9df5-0fc0c7a6a7b1,153f3788-a67a-4553-908f-21a7370935e1,c2,DROP,688,?,x9,
1768610537.167502,SENT,284a21c2-866f-490a-9775-5fbe658f1875,5d2062bf-c218-4e7f-a97e-390cc03158b1,c5,c1,1016,?,x7,
1768610537.1675453,FORWARDED,284a21c2-866f-490a-9775-5fbe658f1875,5d2062bf-c218-4e7f-a97e-390cc03158b1,c5,c1,1016,?,x7,
1768610537.6453674,RECEIVED,e2ad050f-0149-4090-9c64-8e03d2d50958,5809ec62-7edd-476e-93b3-0e621f762edb,c4,c2,1450,e8,?,
1768610537.734512,RECEIVED,607eff6f-e2b2-47ec-a7e9-8b96b1469069,c1156d06-985c-4c2d-b5bb-fb699f2d1ab8,c4,c3,1454,e12,?,
1768610538.1560364,RECEIVED,5d2da2e7-ec76-44ff-a62d-86f00680098c,8dde0b92-caf3-44a3-b4df-65e1da162420,c3,DROP,445,x12,?,
1768610538.2133825,SENT,e2ad050f-0149-4090-9c64-8e03d2d50958,5809ec62-7edd-476e-93b3-0e621f762edb,c4,c2,1015,?,x3,
1768610538.2134225,FORWARDED,e2ad050f-0149-4090-9c64-8e03d2d50958,5809ec62-7edd-476e-93b3-0e621f762edb,c4,c2,1015,?,x3,
1768610538.475022,RECEIVED,242e2418-ee03-4eb4-9d13-dc0722ee17ea,a9bc64ed-582d-4d28-8e53-425d46e98bef,c3,c4,1453,e4,?,
1768610538.6720624,SENT,242e2418-ee03-4eb4-9d13-dc0722ee17ea,a9bc64ed-582d-4d28-8e53-425d46e98bef,c3,c4,1017,?,x12,
1768610538.6721044,FORWARDED,242e2418-ee03-4eb4-9d13-dc0722ee17ea,a9bc64ed-582d-4d28-8e53-425d46e98bef,c3,c4,1017,?,x12,
1768610538.7390087,RECEIVED,aa76fe29-91ec-4ff2-9ce5-7daae834ee09,8410770a-0183-4a0a-9d91-cd69ca34f9a3,c1,c2,1456,e4,?,
1768610538.8386497,RECEIVED,5d4dbd22-7cef-4426-9cb7-43bc55209c2c,aacdd804-caff-4d9d-a4dc-e31bb7dd9a43,c5,DROP,1013,e9,?,
1768610538.9238825,SENT,607eff6f-e2b2-47ec-a7e9-8b96b1469069,c1156d06-985c-4c2d-b5bb-fb699f2d1ab8,c4,c3,1020,?,x1,
1768610538.9239368,FORWARDED,607eff6f-e2b2-47ec-a7e9-8b96b1469069,c1156d06-985c-4c2d-b5bb-fb699f2d1ab8,c4,c3,1020,?,x1,
1768610539.2537663,SENT,5d4dbd22-7cef-4426-9cb7-43bc55209c2c,aacdd804-caff-4d9d-a4dc-e31bb7dd9a43,c5,DROP,685,?,x11,
1768610539.2538104,FORWARDED,5d4dbd22-7cef-4426-9cb7-43bc55209c2c,aacdd804-caff-4d9d-a4dc-e31bb7dd9a43,c5,DROP,685,?,x11,
1768610539.3061903,SENT,aa76fe29-91ec-4ff2-9ce5-7daae834ee09,8410770a-0183-4a0a-9d91-cd69ca34f9a3,c1,c2,1019,?,x11,
1768610539.3062336,FORWARDED,aa76fe29-91ec-4ff2-9ce5-7daae834ee09,8410770a-0183-4a0a-9d91-cd69ca34f9a3,c1,c2,1019,?,x11,
1768610539.477897,RECEIVED,1966ed37-34f0-4b3d-858c-04393320bd2a,0edf5d96-41a2-4204-bec5-03737cd550a8,c3,c1,1444,e3,?,
1768610539.5388668,SENT,1966ed37-34f0-4b3d-858c-04393320bd2a,0edf5d96-41a2-4204-bec5-03737cd550a8,c3,c1,1011,?,x5,
1768610539.5389082,FORWARDED,1966ed37-34f0-4b3d-858c-04393320bd2a,0edf5d96-41a2-4204-bec5-03737cd550a8,c3,c1,1011,?,x5,
1768610539.596783,RECEIVED,b3ddb216-19b5-47af-8498-a5b8d4938d13,0fc45392-40f7-4957-bf7a-6163c29ba796,c2,c5,1456,e11,?,
1768610539.7837422,SENT,b3ddb216-19b5-47af-8498-a5b8d4938d13,0fc45392-40f7-4957-bf7a-6163c29ba796,c2,c5,1020,?,x9,
1768610539.7837844,FORWARDED,b3ddb216-19b5-47af-8498-a5b8d4938d13,0fc45392-40f7-4957-bf7a-6163c29ba796,c2,c5,1020,?,x9,
1768610539.89627,RECEIVED,e7b50514-ade9-49a2-a230-a545def8315c,1372e5d6-033c-48ee-a5e7-e8343c39a92a,c2,c1,1455,e5,?,
1768610540.1394594,RECEIVED,c0055a0c-160f-4071-aa7a-0cdc375a4c6a,ede7e2fc-784b-4fb9-a66c-ee9ede38a26b,c4,c5,1451,e7,?,
1768610540.16084,SENT,e7b50514-ade9-49a2-a230-a545def8315c,1372e5d6-033c-48ee-a5e7-e8343c39a92a,c2,c1,1019,?,x3,
1768610540.1612391,FORWARDED,e7b50514-ade9-49a2-a230-a545def8315c,1372e5d6-033c-48ee-a5e7-e8343c39a92a,c2,c1,1019,?,x3,
1768610540.3143992,RECEIVED,29151169-3a09-4c3c-9e2a-0c458d1153da,537d4822-4de1-46f8-807d-7bb1d2132dac,c2,c1,1455,e9,?,
1768610540.5530345,SENT,29151169-3a09-4c3c-9e2a-0c458d1153da,537d4822-4de1-46f8-807d-7bb1d2132dac,c2,c1,1020,?,x4,
1768610540.553087,FORWARDED,29151169-3a09-4c3c-9e2a-0c458d1153da,537d4822-4de1-46f8-807d-7bb1d2132dac,c2,c1,1020,?,x4,
1768610540.9941337,RECEIVED,a726ed75-c81a-4ebd-b526-82d83add3612,5113d180-13c0-45a9-8c17-82e9861e5dd2,c5,c3,1443,e1,?,
1768610541.082086,RECEIVED,cc013608-4943-4557-b826-79e67877994a,d0db4c90-e0fb-4116-a886-03ec761a3eae,c4,c1,1453,e3,?,
1768610541.1245954,SENT,cc013608-4943-4557-b826-79e67877994a,d0db4c90-e0fb-4116-a886-03ec761a3eae,c4,c1,1015,?,x3,
1768610541.1246376,FORWARDED,cc013608-4943-4557-b826-79e67877994a,d0db4c90-e0fb-4116-a886-03ec761a3eae,c4,c1,1015,?,x3,
1768610541.1259613,SENT,c0055a0c-160f-4071-aa7a-0cdc375a4c6a,ede7e2fc-784b-4fb9-a66c-ee9ede38a26b,c4,c5,1015,?,x4,
1768610541.1259985,FORWARDED,c0055a0c-160f-4071-aa7a-0cdc375a4c6a,ede7e2fc-784b-4fb9-a66c-ee9ede38a26b,c4,c5,1015,?,x4,
1768610541.1525393,RECEIVED,4db59a0c-7846-4f5d-b79a-9d5d6a860b8c,edddadf9-6860-4b04-aa5b-81f1f2baeb05,c1,DROP,1008,e7,?,
1768610541.265243,RECEIVED,fe6d35ef-8203-4897-a8a6-d51bf7b5e487,a02d1b0e-d571-46c0-816d-abe0b9a35581,c2,c4,1452,e10,?,
1768610541.2759087,SENT,4db59a0c-7846-4f5d-b79a-9d5d6a860b8c,edddadf9-6860-4b04-aa5b-81f1f2baeb05,c1,DROP,683,?,x7,
1768610541.275961,FORWARDED,4db59a0c-7846-4f5d-b79a-9d5d6a860b8c,edddadf9-6860-4b04-aa5b-81f1f2baeb05,c1,DROP,683,?,x7,
1768610541.4832463,SENT,fe6d35ef-8203-4897-a8a6-d51bf7b5e487,a02d1b0e-d571-46c0-816d-abe0b9a35581,c2,c4,1015,?,x6,
1768610541.4832885,FORWARDED,fe6d35ef-8203-4897-a8a6-d51bf7b5e487,a02d1b0e-d571-46c0-816d-abe0b9a35581,c2,c4,1015,?,x6,
1768610541.5170949,RECEIVED,47d141fd-2a96-4283-84fb-c36e64503e11,53c01b13-a522-448c-9a97-71eb8dc60968,c5,c1,1440,e2,?,
1768610541.6054995,RECEIVED,ca87dc69-0e66-4787-bf0d-3f3750c34209,c6796be2-9377-43f0-a7a6-ed82df27f4db,c1,c4,1452,e6,?,
1768610541.6846786,SENT,ca87dc69-0e66-4787-bf0d-3f3750c34209,c6796be2-9377-43f0-a7a6-ed82df27f4db,c1,c4,1015,?,x4,
1768610541.68472,FORWARDED,ca87dc69-0e66-4787-bf0d-3f3750c34209,c6796be2-9377-43f0-a7a6-ed82df27f4db,c1,c4,1015,?,x4,
1768610541.7343853,SENT,47d141fd-2a96-4283-84fb-c36e64503e11,53c01b13-a522-448c-9a97-71eb8dc60968,c5,c1,1007,?,x7,
1768610541.7344275,FORWARDED,47d141fd-2a96-4283-84fb-c36e64503e11,53c01b13-a522-448c-9a97-71eb8dc60968,c5,c1,1007,?,x7,
1768610541.9340363,RECEIVED,6b151d02-278d-45e8-9c98-81285d0be522,6e6ec8af-3961-4061-b10e-fdf0c9b8b248,c5,c4,1444,e2,?,
1768610541.950038,RECEIVED,53f6e531-2463-4fcb-ba60-3ba8ebcda1b0,4d6b8778-3ae4-415e-b737-84d8927a9dd4,c5,c2,1456,e10,?,
1768610542.2019315,SENT,6b151d02-278d-45e8-9c98-81285d0be522,6e6ec8af-3961-4061-b10e-fdf0c9b8b248,c5,c4,1011,?,x3,
1768610542.201974,FORWARDED,6b151d02-278d-45e8-9c98-81285d0be522,6e6ec8af-3961-4061-b10e-fdf0c9b8b248,c5,c4,1011,?,x3,
1768610542.501285,SENT,53f6e531-2463-4fcb-ba60-3ba8ebcda1b0,4d6b8778-3ae4-415e-b737-84d8927a9dd4,c5,c2,1018,?,x12,
1768610542.5013282,FORWARDED,53f6e531-2463-4fcb-ba60-3ba8ebcda1b0,4d6b8778-3ae4-415e-b737-84d8927a9dd4,c5,c2,1018,?,x12,
1768610542.5684469,SENT,a726ed75-c81a-4ebd-b526-82d83add3612,5113d180-13c0-45a9-8c17-82e9861e5dd2,c5,c3,1011,?,x8,
1768610542.5684876,FORWARDED,a726ed75-c81a-4ebd-b526-82d83add3612,5113d180-13c0-45a9-8c17-82e9861e5dd2,c5,c3,1011,?,x8,
1768610542.666865,RECEIVED,4135f0fc-d241-4f35-af78-cf1d411c7c5e,4e83c2b2-6cac-4639-aeab-ceaddca452ca,c4,c3,1444,e3,?,
1768610542.8506844,SENT,4135f0fc-d241-4f35-af78-cf1d411c7c5e,4e83c2b2-6cac-4639-aeab-ceaddca452ca,c4,c3,1011,?,x7,
1768610542.850728,FORWARDED,4135f0fc-d241-4f35-af78-cf1d411c7c5e,4e83c2b2-6cac-4639-aeab-ceaddca452ca,c4,c3,1011,?,x7,
1768610542.999406,RECEIVED,7b3d51b0-e9b4-4caa-97c2-ce79026a0eb9,760c07c0-06f5-4559-9cab-38991402ec75,c3,c2,1452,e2,?,
1768610543.0351467,RECEIVED,d1ed9fbe-dc00-40fa-9851-f72222ae69d2,0d8f7375-0074-4e04-a62d-11b32768b180,c2,c4,1452,e6,?,
1768610543.0697854,RECEIVED,b7f5bc9b-7375-49b9-b1a4-0a9c7dc4f6b9,a8e53591-232d-4ff7-a1b5-c15c95daa490,c4,DROP,1007,e10,?,
1768610543.176424,SENT,d1ed9fbe-dc00-40fa-9851-f72222ae69d2,0d8f7375-0074-4e04-a62d-11b32768b180,c2,c4,1016,?,x5,
1768610543.176465,FORWARDED,d1ed9fbe-dc00-40fa-9851-f72222ae69d2,0d8f7375-0074-4e04-a62d-11b32768b180,c2,c4,1016,?,x5,
1768610543.2367916,RECEIVED,a6d64a9f-1275-47c3-b395-e6adf7a760af,731bbe94-93e4-454e-b315-d34c2b0e6cd2,c2,c4,1465,e3,?,
1768610543.3026114,SENT,7b3d51b0-e9b4-4caa-97c2-ce79026a0eb9,760c07c0-06f5-4559-9cab-38991402ec75,c3,c2,1015,?,x4,
1768610543.3026526,FORWARDED,7b3d51b0-e9b4-4caa-97c2-ce79026a0eb9,760c07c0-06f5-4559-9cab-38991402ec75,c3,c2,1015,?,x4,
1768610543.3264606,RECEIVED,3637d46a-23ca-4a5b-b6b6-198932439a1e,3798694a-4038-46a9-86e3-ac68444083e1,c3,c4,1444,e8,?,
1768610543.3484495,RECEIVED,5e19eb11-b1a8-47da-b006-47e7c767e314,ae353b17-70e1-4125-8bf7-b113992661c0,c4,c2,1444,e11,?,
1768610543.3751807,RECEIVED,03b62b2d-dd47-4890-8ade-9cb2b7aa9501,1e3de6e3-69ed-4a9c-85b9-a0feb357c3c4,c1,c2,1457,e1,?,
1768610543.4169557,SENT,a6d64a9f-1275-47c3-b395-e6adf7a760af,731bbe94-93e4-454e-b315-d34c2b0e6cd2,c2,c4,1024,?,x10,
1768610543.4169996,FORWARDED,a6d64a9f-1275-47c3-b395-e6adf7a760af,731bbe94-93e4-454e-b315-d34c2b0e6cd2,c2,c4,1024,?,x10,
1768610543.480203,SENT,5e19eb11-b1a8-47da-b006-47e7c767e314,ae353b17-70e1-4125-8bf7-b113992661c0,c4,c2,1011,?,x9,
1768610543.4802444,FORWARDED,5e19eb11-b1a8-47da-b006-47e7c767e314,ae353b17-70e1-4125-8bf7-b113992661c0,c4,c2,1011,?,x9,
1768610543.516283,SENT,03b62b2d-dd47-4890-8ade-9cb2b7aa9501,1e3de6e3-69ed-4a9c-85b9-a0feb357c3c4,c1,c2,1019,?,x12,
1768610543.5163255,FORWARDED,03b62b2d-dd47-4890-8ade-9cb2b7aa9501,1e3de6e3-69ed-4a9c-85b9-a0feb357c3c4,c1,c2,1019,?,x12,
1768610543.5340607,RECEIVED,7e49c254-6412-415c-8f13-a9d5e323be18,ecfe12da-92c7-472e-ad18-d9b6e38f89bd,c5,DROP,1012,e6,?,
1768610543.6528537,SENT,3637d46a-23ca-4a5b-b6b6-198932439a1e,3798694a-4038-46a9-86e3-ac68444083e1,c3,c4,1011,?,x8,
1768610543.6528952,FORWARDED,3637d46a-23ca-4a5b-b6b6-198932439a1e,3798694a-4038-46a9-86e3-ac68444083e1,c3,c4,1011,?,x8,
1768610543.6579654,SENT,b7f5bc9b-7375-49b9-b1a4-0a9c7dc4f6b9,a8e53591-232d-4ff7-a1b5-c15c95daa490,c4,DROP,682,?,x6,
1768610543.6580079,FORWARDED,b7f5bc9b-7375-49b9-b1a4-0a9c7dc4f6b9,a8e53591-232d-4ff7-a1b5-c15c95daa490,c4,DROP,682,?,x6,
1768610543.7521448,SENT,7e49c254-6412-415c-8f13-a9d5e323be18,ecfe12da-92c7-472e-ad18-d9b6e38f89bd,c5,DROP,687,?,x10,
1768610543.7521863,FORWARDED,7e49c254-6412-415c-8f13-a9d5e323be18,ecfe12da-92c7-472e-ad18-d9b6e38f89bd,c5,DROP,687,?,x10,
1768610544.0164924,RECEIVED,9c0a2d51-2371-4d84-bbbe-d31a57cf5940,1aac1f79-dc29-4aa2-a8e2-298637554f29,c2,c5,1444,e5,?,
1768610544.3602853,SENT,9c0a2d51-2371-4d84-bbbe-d31a57cf5940,1aac1f79-dc29-4aa2-a8e2-298637554f29,c2,c5,1011,?,x6,
1768610544.3603241,FORWARDED,9c0a2d51-2371-4d84-bbbe-d31a57cf5940,1aac1f79-dc29-4aa2-a8e2-298637554f29,c2,c5,1011,?,x6,
1768610544.5232246,RECEIVED,894ef935-d908-4d74-844c-51f926b2c408,1a9567a4-5331-4485-b0e3-5f674962f343,c3,c5,1452,e9,?,
1768610544.6047637,RECEIVED,bd9bb245-b1cb-4991-a344-92719fb3baba,99928f00-0e28-42f6-b289-701372d8bdb3,c5,c4,1447,e9,?,
1768610544.8475611,RECEIVED,d541c92c-3351-40a7-b9cd-511856f2c35d,47ef4b20-3578-4fe3-b543-466360fab3e3,c4,DROP,440,x8,?,
1768610544.8625867,SENT,894ef935-d908-4d74-844c-51f926b2c408,1a9567a4-5331-4485-b0e3-5f674962f343,c3,c5,1015,?,x11,
1768610544.86263,FORWARDED,894ef935-d908-4d74-844c-51f926b2c408,1a9567a4-5331-4485-b0e3-5f674962f343,c3,c5,1015,?,x11,
1768610544.944989,RECEIVED,d998d2e8-0ac3-4fad-97e9-24a43db37a14,855670be-0b48-41ab-b738-e0c8fea6a70d,c4,c5,1451,e6,?,
1768610545.2351143,SENT,bd9bb245-b1cb-4991-a344-92719fb3baba,99928f00-0e28-42f6-b289-701372d8bdb3,c5,c4,1013,?,x4,
1768610545.2351568,FORWARDED,bd9bb245-b1cb-4991-a344-92719fb3baba,99928f00-0e28-42f6-b289-701372d8bdb3,c5,c4,1013,?,x4,
1768610545.364415,RECEIVED,c88a6ac4-ebfc-40f9-b161-59d7e14ea79d,f9fcda17-6272-4042-9060-dfb4959885a8,c1,c4,1444,e4,?,
1768610545.380697,RECEIVED,fbeb0228-84c6-424d-bdb7-8efc063125d8,4ad244d0-afa6-415e-8a21-c2a9598083bf,c4,DROP,1011,e10,?,
1768610545.5093431,SENT,fbeb0228-84c6-424d-bdb7-8efc063125d8,4ad244d0-afa6-415e-8a21-c2a9598083bf,c4,DROP,687,?,x8,
1768610545.5093863,FORWARDED,fbeb0228-84c6-424d-bdb7-8efc063125d8,4ad244d0-afa6-415e-8a21-c2a9598083bf,c4,DROP,687,?,x8,
1768610545.7653208,SENT,c88a6ac4-ebfc-40f9-b161-59d7e14ea79d,f9fcda17-6272-4042-9060-dfb4959885a8,c1,c4,1011,?,x4,
1768610545.7653668,FORWARDED,c88a6ac4-ebfc-40f9-b161-59d7e14ea79d,f9fcda17-6272-4042-9060-dfb4959885a8,c1,c4,1011,?,x4,
1768610545.9648075,RECEIVED,cbc2ba0f-9a18-4b31-beff-ee985b8406ca,bc08c57b-b1e1-4a95-aeaa-a304089875f4,c3,c5,1445,e9,?,
1768610545.9926152,SENT,cbc2ba0f-9a18-4b31-beff-ee985b8406ca,bc08c57b-b1e1-4a95-aeaa-a304089875f4,c3,c5,1011,?,x6,
1768610545.9926565,FORWARDED,cbc2ba0f-9a18-4b31-beff-ee985b8406ca,bc08c57b-b1e1-4a95-aeaa-a304089875f4,c3,c5,1011,?,x6,
1768610546.2917867,SENT,d998d2e8-0ac3-4fad-97e9-24a43db37a14,855670be-0b48-41ab-b738-e0c8fea6a70d,c4,c5,1015,?,x9,
1768610546.291827,FORWARDED,d998d2e8-0ac3-4fad-97e9-24a43db37a14,855670be-0b48-41ab-b738-e0c8fea6a70d,c4,c5,1015,?,x9,
1768610546.709708,RECEIVED,8e91cdd2-c66a-49d6-9aef-8df1806ad186,3a563828-10cf-4c3f-9c6e-df31f7002740,c3,c1,1451,e4,?,
1768610547.3960679,RECEIVED,635b46aa-4609-4a72-bdd3-881fbccf2254,cbb478b4-d1cc-4345-9b2f-1c5c7c80948d,c5,c2,1465,e6,?,
1768610547.4281533,RECEIVED,41d1ae9d-ff39-4cd5-93ac-a190ce642f41,306706e7-6042-4d36-9510-b6935c20f2ac,c2,c4,1448,e5,?,
1768610547.4973378,SENT,635b46aa-4609-4a72-bdd3-881fbccf2254,cbb478b4-d1cc-4345-9b2f-1c5c7c80948d,c5,c2,1024,?,x11,
1768610547.4973795,FORWARDED,635b46aa-4609-4a72-bdd3-881fbccf2254,cbb478b4-d1cc-4345-9b2f-1c5c7c80948d,c5,c2,1024,?,x11,
1768610547.6004956,SENT,41d1ae9d-ff39-4cd5-93ac-a190ce642f41,306706e7-6042-4d36-9510-b6935c20f2ac,c2,c4,1014,?,x2,
1768610547.6005325,FORWARDED,41d1ae9d-ff39-4cd5-93ac-a190ce642f41,306706e7-6042-4d36-9510-b6935c20f2ac,c2,c4,1014,?,x2,
1768610547.8065078,SENT,8e91cdd2-c66a-49d6-9aef-8df1806ad186,3a563828-10cf-4c3f-9c6e-df31f7002740,c3,c1,1015,?,x8,
1768610547.806551,FORWARDED,8e91cdd2-c66a-49d6-9aef-8df1806ad186,3a563828-10cf-4c3f-9c6e-df31f7002740,c3,c1,1015,?,x8,
1768610547.835899,RECEIVED,21090b5c-47bd-4009-bab6-18c4aa907640,62b360c3-c380-4ac0-a216-291694a8dbd5,c2,c1,1451,e3,?,
1768610547.9895253,RECEIVED,35548705-117a-4b47-b484-5e85d48607bb,ca6756f3-877b-4e24-86ee-3815cf33163b,c4,c2,1447,e3,?,
1768610548.1066933,SENT,21090b5c-47bd-4009-bab6-18c4aa907640,62b360c3-c380-4ac0-a216-291694a8dbd5,c2,c1,1016,?,x2,
1768610548.1068137,FORWARDED,21090b5c-47bd-4009-bab6-18c4aa907640,62b360c3-c380-4ac0-a216-291694a8dbd5,c2,c1,1016,?,x2,
1768610548.573219,RECEIVED,e024a856-77aa-4297-9868-29a03f5fe623,4cf8e8db-61a1-4e31-9e38-ec9765a48c64,c1,c4,1456,e10,?,
1768610548.6077583,RECEIVED,4ded42e7-79a5-4bbd-bce4-2c06ba7f129e,e770a1a4-3bd8-4086-b71e-07c01074e802,c4,c5,1457,e1,?,
1768610548.669121,RECEIVED,a703c650-054c-4ce2-a075-b93c09ef24b9,e9c9f655-0207-4725-9144-0b9feb5a461f,c5,c4,1456,e8,?,
1768610548.7194364,SENT,4ded42e7-79a5-4bbd-bce4-2c06ba7f129e,e770a1a4-3bd8-4086-b71e-07c01074e802,c4,c5,1020,?,x10,
1768610548.7194796,FORWARDED,4ded42e7-79a5-4bbd-bce4-2c06ba7f129e,e770a1a4-3bd8-4086-b71e-07c01074e802,c4,c5,1020,?,x10,
1768610548.761422,SENT,e024a856-77aa-4297-9868-29a03f5fe623,4cf8e8db-61a1-4e31-9e38-ec9765a48c64,c1,c4,1020,?,x5,
1768610548.7614608,FORWARDED,e024a856-77aa-4297-9868-29a03f5fe623,4cf8e8db-61a1-4e31-9e38-ec9765a48c64,c1,c4,1020,?,x5,
1768610548.7890372,SENT,35548705-117a-4b47-b484-5e85d48607bb,ca6756f3-877b-4e24-86ee-3815cf33163b,c4,c2,1012,?,x9,
1768610548.7890935,FORWARDED,35548705-117a-4b47-b484-5e85d48607bb,ca6756f3-877b-4e24-86ee-3815cf33163b,c4,c2,1012,?,x9,
1768610549.06551,RECEIVED,5d195578-bfa3-4bc3-9fc5-61da6d407d96,1c64318e-da0d-4103-b3d6-e42f117d1c98,c1,DROP,1016,e11,?,
1768610549.3884442,SENT,5d195578-bfa3-4bc3-9fc5-61da6d407d96,1c64318e-da0d-4103-b3d6-e42f117d1c98,c1,DROP,690,?,x10,
1768610549.3884861,FORWARDED,5d195578-bfa3-4bc3-9fc5-61da6d407d96,1c64318e-da0d-4103-b3d6-e42f117d1c98,c1,DROP,690,?,x10,
1768610549.471402,RECEIVED,07335826-2231-4d14-a43e-5f7e2f004b69,6fa4546f-c16d-4a36-ac9d-b4b22502497d,c3,c4,1465,e5,?,
1768610549.4729996,SENT,a703c650-054c-4ce2-a075-b93c09ef24b9,e9c9f655-0207-4725-9144-0b9feb5a461f,c5,c4,1020,?,x12,
1768610549.4730396,FORWARDED,a703c650-054c-4ce2-a075-b93c09ef24b9,e9c9f655-0207-4725-9144-0b9feb5a461f,c5,c4,1020,?,x12,
1768610549.5755248,RECEIVED,5fd09d04-8160-44be-9726-0b4b8a24b9c4,e8e4d413-9275-4def-8639-c57991b4ce14,c2,DROP,1010,e12,?,
1768610549.7191563,SENT,07335826-2231-4d14-a43e-5f7e2f004b69,6fa4546f-c16d-4a36-ac9d-b4b22502497d,c3,c4,1024,?,x11,
1768610549.7191908,FORWARDED,07335826-2231-4d14-a43e-5f7e2f004b69,6fa4546f-c16d-4a36-ac9d-b4b22502497d,c3,c4,1024,?,x11,
1768610549.8767695,RECEIVED,2cc16afa-846d-4ebb-ab1c-c5ca883a6846,a89085af-c6d1-4da7-9bf0-2dd7051e0275,c5,c3,1448,e3,?,
1768610550.2141612,SENT,2cc16afa-846d-4ebb-ab1c-c5ca883a6846,a89085af-c6d1-4da7-9bf0-2dd7051e0275,c5,c3,1012,?,x7,
1768610550.2142031,FORWARDED,2cc16afa-846d-4ebb-ab1c-c5ca883a6846,a89085af-c6d1-4da7-9bf0-2dd7051e0275,c5,c3,1012,?,x7,
1768610550.4507108,SENT,5fd09d04-8160-44be-9726-0b4b8a24b9c4,e8e4d413-9275-4def-8639-c57991b4ce14,c2,DROP,686,?,x4,
1768610550.4507594,FORWARDED,5fd09d04-8160-44be-9726-0b4b8a24b9c4,e8e4d413-9275-4def-8639-c57991b4ce14,c2,DROP,686,?,x4,
1768610550.5119293,RECEIVED,ec897a91-c6ca-4ef3-b545-efcf217f4128,fe722503-77e2-4b94-ac8a-a6d25ed416e5,c4,c3,1443,e1,?,
1768610550.6839564,RECEIVED,e6058b1f-4b14-460a-9ceb-a24771fa4f92,235d2840-5b79-4f57-acd9-76327fc076bd,c5,c3,1443,e10,?,
1768610550.7268832,RECEIVED,4abd8dd6-26de-4485-af38-778e87491705,6e84b3c5-353e-4b3f-af5e-2467f9009b07,c1,c4,1443,e6,?,
1768610550.7771902,RECEIVED,1db6032b-1e26-4006-b8d1-e9056cd7a06b,cf45dd72-fe6a-4910-bd7f-88e1aa9dfdb3,c2,c1,1452,e7,?,
1768610550.8137066,RECEIVED,1237c332-9eb8-4432-8fb6-f74670d3acc7,4076137d-bebb-4119-8047-657309e55b19,c1,DROP,1017,e4,?,
1768610550.824003,SENT,4abd8dd6-26de-4485-af38-778e87491705,6e84b3c5-353e-4b3f-af5e-2467f9009b07,c1,c4,1011,?,x8,
1768610550.824043,FORWARDED,4abd8dd6-26de-4485-af38-778e87491705,6e84b3c5-353e-4b3f-af5e-2467f9009b07,c1,c4,1011,?,x8,
1768610550.845156,SENT,1237c332-9eb8-4432-8fb6-f74670d3acc7,4076137d-bebb-4119-8047-657309e55b19,c1,DROP,688,?,x12,
1768610550.8451972,FORWARDED,1237c332-9eb8-4432-8fb6-f74670d3acc7,4076137d-bebb-4119-8047-657309e55b19,c1,DROP,688,?,x12,
1768610550.8838398,RECEIVED,194db22c-93ae-4e0d-b706-0e474ad7449f,06a1a0fd-149e-4db1-8a23-5ab3cf182f01,c2,c3,1452,e1,?,
1768610550.8885074,RECEIVED,d36dab7d-9374-435d-a33d-e5189923b3ab,369aacae-7426-45cf-87c6-d6298521542a,c2,DROP,1008,e7,?,
1768610550.9047034,SENT,1db6032b-1e26-4006-b8d1-e9056cd7a06b,cf45dd72-fe6a-4910-bd7f-88e1aa9dfdb3,c2,c1,1015,?,x3,
1768610550.904743,FORWARDED,1db6032b-1e26-4006-b8d1-e9056cd7a06b,cf45dd72-fe6a-4910-bd7f-88e1aa9dfdb3,c2,c1,1015,?,x3,
1768610551.0184646,SENT,194db22c-93ae-4e0d-b706-0e474ad7449f,06a1a0fd-149e-4db1-8a23-5ab3cf182f01,c2,c3,1016,?,x5,
1768610551.018507,FORWARDED,194db22c-93ae-4e0d-b706-0e474ad7449f,06a1a0fd-149e-4db1-8a23-5ab3cf182f01,c2,c3,1016,?,x5,
1768610551.0466032,RECEIVED,d2e5773c-084b-4cea-871f-6d518a263037,78416a3f-129a-42bc-b5b7-ecc2e2807105,c3,c2,1447,e7,?,
1768610551.0504742,SENT,d36dab7d-9374-435d-a33d-e5189923b3ab,369aacae-7426-45cf-87c6-d6298521542a,c2,DROP,684,?,x7,
1768610551.0505157,FORWARDED,d36dab7d-9374-435d-a33d-e5189923b3ab,369aacae-7426-45cf-87c6-d6298521542a,c2,DROP,684,?,x7,
1768610551.3255472,SENT,d2e5773c-084b-4cea-871f-6d518a263037,78416a3f-129a-42bc-b5b7-ecc2e2807105,c3,c2,1012,?,x8,
1768610551.3255892,FORWARDED,d2e5773c-084b-4cea-871f-6d518a263037,78416a3f-129a-42bc-b5b7-ecc2e2807105,c3,c2,1012,?,x8,
1768610551.4878662,RECEIVED,1815a444-3586-4fcd-9ede-49ff44219326,d0deb328-de1b-4ac9-9419-a25d315521e7,c3,c4,1451,e10,?,
1768610551.5508893,SENT,e6058b1f-4b14-460a-9ceb-a24771fa4f92,235d2840-5b79-4f57-acd9-76327fc076bd,c5,c3,1011,?,x8,
1768610551.550929,FORWARDED,e6058b1f-4b14-460a-9ceb-a24771fa4f92,235d2840-5b79-4f57-acd9-76327fc076bd,c5,c3,1011,?,x8,
1768610551.7014146,SENT,ec897a91-c6ca-4ef3-b545-efcf217f4128,fe722503-77e2-4b94-ac8a-a6d25ed416e5,c4,c3,1011,?,x5,
1768610551.701458,FORWARDED,ec897a91-c6ca-4ef3-b545-efcf217f4128,fe722503-77e2-4b94-ac8a-a6d25ed416e5,c4,c3,1011,?,x5,
1768610551.902578,SENT,1815a444-3586-4fcd-9ede-49ff44219326,d0deb328-de1b-4ac9-9419-a25d315521e7,c3,c4,1015,?,x1,
1768610551.9026196,FORWARDED,1815a444-3586-4fcd-9ede-49ff44219326,d0deb328-de1b-4ac9-9419-a25d315521e7,c3,c4,1015,?,x1,
1768610552.1881065,RECEIVED,86e90a9a-e54d-446a-97fc-9b8b87d7d4fd,b7e831e9-cf04-43d8-8cdc-0bf7b5dec667,c1,DROP,1016,e11,?,
1768610552.3514464,SENT,86e90a9a-e54d-446a-97fc-9b8b87d7d4fd,b7e831e9-cf04-43d8-8cdc-0bf7b5dec667,c1,DROP,688,?,x8,
1768610552.3514812,FORWARDED,86e90a9a-e54d-446a-97fc-9b8b87d7d4fd,b7e831e9-cf04-43d8-8cdc-0bf7b5dec667,c1,DROP,688,?,x8,
1768610552.4265637,RECEIVED,002768c9-7623-4ba2-b417-e2f09b391511,976f608f-9345-4529-ae84-18e5ee482a84,c4,c2,1456,e10,?,
1768610552.6972575,SENT,002768c9-7623-4ba2-b417-e2f09b391511,976f608f-9345-4529-ae84-18e5ee482a84,c4,c2,1019,?,x8,
1768610552.6973007,FORWARDED,002768c9-7623-4ba2-b417-e2f09b391511,976f608f-9345-4529-ae84-18e5ee482a84,c4,c2,1019,?,x8,
1768610552.7501888,RECEIVED,4340bf21-188d-43ca-879e-34c1ebb366c6,dc268371-3998-48c8-bd41-c293bf1c53d7,c4,c5,1444,e5,?,
1768610553.2574596,RECEIVED,506911fe-7fab-43b3-8666-37fd624e8480,274a9f66-4875-41a0-9c6f-a3ead95b5518,c1,c4,1456,e1,?,
1768610553.3174744,RECEIVED,7f266a25-bd63-4780-9f8f-09ac6ae7d550,8937af64-30b8-4c45-a5a0-b9eb662029a4,c3,c1,1465,e12,?,
1768610553.335305,RECEIVED,770c6013-2240-4a2b-ac1b-2c30acfed305,94057caa-8f4a-429c-ad16-da7f22995edf,c4,c2,1457,e10,?,
1768610553.3598735,SENT,770c6013-2240-4a2b-ac1b-2c30acfed305,94057caa-8f4a-429c-ad16-da7f22995edf,c4,c2,1019,?,x1,
1768610553.3599155,FORWARDED,770c6013-2240-4a2b-ac1b-2c30acfed305,94057caa-8f4a-429c-ad16-da7f22995edf,c4,c2,1019,?,x1,
1768610553.4354222,SENT,7f266a25-bd63-4780-9f8f-09ac6ae7d550,8937af64-30b8-4c45-a5a0-b9eb662029a4,c3,c1,1024,?,x11,
1768610553.4354625,FORWARDED,7f266a25-bd63-4780-9f8f-09ac6ae7d550,8937af64-30b8-4c45-a5a0-b9eb662029a4,c3,c1,1024,?,x11,
1768610553.5592954,SENT,506911fe-7fab-43b3-8666-37fd624e8480,274a9f66-4875-41a0-9c6f-a3ead95b5518,c1,c4,1018,?,x6,
1768610553.5593376,FORWARDED,506911fe-7fab-43b3-8666-37fd624e8480,274a9f66-4875-41a0-9c6f-a3ead95b5518,c1,c4,1018,?,x6,
1768610553.6086078,RECEIVED,3e8c3992-4ff9-49a5-8873-00ac71a3d920,49bd7652-8c0c-472f-8bf7-70389f640840,c5,c4,1449,e11,?,
1768610553.6626549,SENT,3e8c3992-4ff9-49a5-8873-00ac71a3d920,49bd7652-8c0c-472f-8bf7-70389f640840,c5,c4,1012,?,x2,
1768610553.662698,FORWARDED,3e8c3992-4ff9-49a5-8873-00ac71a3d920,49bd7652-8c0c-472f-8bf7-70389f640840,c5,c4,1012,?,x2,
1768610553.7657187,RECEIVED,1878653a-5293-4754-aac2-999a98e62c1b,e81548e5-5f04-45aa-82ed-480f824a4437,c4,c5,1444,e7,?,
1768610553.8640177,SENT,1878653a-5293-4754-aac2-999a98e62c1b,e81548e5-5f04-45aa-82ed-480f824a4437,c4,c5,1011,?,x9,
1768610553.8641546,FORWARDED,1878653a-5293-4754-aac2-999a98e62c1b,e81548e5-5f04-45aa-82ed-480f824a4437,c4,c5,1011,?,x9,
1768610553.937485,RECEIVED,46a20309-9fe2-4612-a237-d7ef29a0280a,5150bfdd-13bc-4096-beef-af5b5a2fe7a6,c5,c4,1452,e1,?,
1768610554.0561478,RECEIVED,97278b90-ca9c-4af1-b4ad-a83a7b404a7f,8aeb8fde-c69f-43df-8fa4-1b050e7b36d7,c2,c4,1448,e11,?,
1768610554.1971784,SENT,97278b90-ca9c-4af1-b4ad-a83a7b404a7f,8aeb8fde-c69f-43df-8fa4-1b050e7b36d7,c2,c4,1012,?,x7,
1768610554.1972258,FORWARDED,97278b90-ca9c-4af1-b4ad-a83a7b404a7f,8aeb8fde-c69f-43df-8fa4-1b050e7b36d7,c2,c4,1012,?,x7,
1768610554.2155929,RECEIVED,9f43ccc6-2eb2-4cca-b26c-61f28f3668f9,f6eec2a3-aab9-4e61-8a33-03d2511c57ef,c2,c1,1443,e1,?,
1768610554.3261757,SENT,46a20309-9fe2-4612-a237-d7ef29a0280a,5150bfdd-13bc-4096-beef-af5b5a2fe7a6,c5,c4,1016,?,x10,
1768610554.3262177,FORWARDED,46a20309-9fe2-4612-a237-d7ef29a0280a,5150bfdd-13bc-4096-beef-af5b5a2fe7a6,c5,c4,1016,?,x10,
1768610554.4405417,SENT,4340bf21-188d-43ca-879e-34c1ebb366c6,dc268371-3998-48c8-bd41-c293bf1c53d7,c4,c5,1011,?,x11,
1768610554.440581,FORWARDED,4340bf21-188d-43ca-879e-34c1ebb366c6,dc268371-3998-48c8-bd41-c293bf1c53d7,c4,c5,1011,?,x11,
1768610554.6704001,RECEIVED,c0fb8518-0f11-486f-9fdc-e5a44ea3e913,2312ebb4-6a36-482b-a4c5-ab4c2704b5e3,c5,c4,1455,e7,?,
1768610554.778081,SENT,9f43ccc6-2eb2-4cca-b26c-61f28f3668f9,f6eec2a3-aab9-4e61-8a33-03d2511c57ef,c2,c1,1011,?,x3,
1768610554.7781296,FORWARDED,9f43ccc6-2eb2-4cca-b26c-61f28f3668f9,f6eec2a3-aab9-4e61-8a33-03d2511c57ef,c2,c1,1011,?,x3,
1768610555.324555,SENT,c0fb8518-0f11-486f-9fdc-e5a44ea3e913,2312ebb4-6a36-482b-a4c5-ab4c2704b5e3,c5,c4,1019,?,x9,
1768610555.3245952,FORWARDED,c0fb8518-0f11-486f-9fdc-e5a44ea3e913,2312ebb4-6a36-482b-a4c5-ab4c2704b5e3,c5,c4,1019,?,x9,
1768610555.3692725,RECEIVED,420ff6f8-06cb-4ad3-a602-44fc8e8f1a23,9bdd1d28-a5db-4799-8907-04be6095765e,c4,DROP,442,x7,?,
1768610557.2420125,RECEIVED,b7d528b6-63cb-4117-a619-999bd381f130,0f6f6e23-68ca-4c08-bcc7-56c6fb943343,c2,DROP,1008,e11,?,
1768610557.311424,SENT,b7d528b6-63cb-4117-a619-999bd381f130,0f6f6e23-68ca-4c08-bcc7-56c6fb943343,c2,DROP,684,?,x8,
1768610557.311491,FORWARDED,b7d528b6-63cb-4117-a619-999bd381f130,0f6f6e23-68ca-4c08-bcc7-56c6fb943343,c2,DROP,684,?,x8,
