{
    "avg_entropy": 2.3109118183749993,
    "avg_prob_correct": 0.20351369094624902,
    "avg_rank": 1.8308510638297872,
    "num_samples": 940
}