timestamp,event_type,packet_id,message_id,src,dst,size,prev_hop,next_hop,flags
1769091265.990898,RECEIVED,b36e5afd-df63-4b71-88c0-70f5f731bf94,483fce54-98ed-4aa8-9b2d-4084ba09cb59,c3,c4,2035,p3,?,
1769091266.2161236,RECEIVED,5af67128-164c-42ce-9960-a16282cf0f12,3ab5a081-a755-45fa-8a9c-f04628a10d4b,c5,c4,2019,p2,?,
1769091266.6412466,SENT,b36e5afd-df63-4b71-88c0-70f5f731bf94,483fce54-98ed-4aa8-9b2d-4084ba09cb59,c3,c4,1453,?,i4,
1769091266.6413126,FORWARDED,b36e5afd-df63-4b71-88c0-70f5f731bf94,483fce54-98ed-4aa8-9b2d-4084ba09cb59,c3,c4,1453,?,i4,
1769091266.694991,SENT,5af67128-164c-42ce-9960-a16282cf0f12,3ab5a081-a755-45fa-8a9c-f04628a10d4b,c5,c4,1443,?,i3,
1769091266.6950707,FORWARDED,5af67128-164c-42ce-9960-a16282cf0f12,3ab5a081-a755-45fa-8a9c-f04628a10d4b,c5,c4,1443,?,i3,
1769091266.7208357,RECEIVED,d07dbfa2-00e8-428c-8c9b-9658eae93411,6d428472-c49c-4c3a-9461-d9faedcae684,c3,DROP,1439,p3,?,
1769091266.7348776,RECEIVED,bb2750d0-c7b9-4b8c-9a96-15c55013d380,35eee17a-6825-40d0-b5d4-e3073e78967c,c1,DROP,442,x8,?,
1769091266.9614463,SENT,d07dbfa2-00e8-428c-8c9b-9658eae93411,6d428472-c49c-4c3a-9461-d9faedcae684,c3,DROP,1007,?,i9,
1769091266.9617047,FORWARDED,d07dbfa2-00e8-428c-8c9b-9658eae93411,6d428472-c49c-4c3a-9461-d9faedcae684,c3,DROP,1007,?,i9,
1769091266.9881625,RECEIVED,f6af22f4-c6a9-49f7-9ecc-cd30922487e3,aeafbc66-598a-4ce5-9443-87d1204ad13a,c5,c4,2039,p2,?,
1769091267.0170417,RECEIVED,96c7eeba-d15f-4e38-99aa-d282fedfb253,7ff1186c-a914-4dc4-a237-30113ead6b69,c3,c4,2019,p3,?,
1769091267.0412152,RECEIVED,a5b31b39-4644-4d89-956e-f2cd2bf28f2a,e0a9c0f1-8279-482b-beeb-84452afd92e4,c5,c4,2023,p2,?,
1769091267.1207669,SENT,f6af22f4-c6a9-49f7-9ecc-cd30922487e3,aeafbc66-598a-4ce5-9443-87d1204ad13a,c5,c4,1456,?,i6,
1769091267.121171,FORWARDED,f6af22f4-c6a9-49f7-9ecc-cd30922487e3,aeafbc66-598a-4ce5-9443-87d1204ad13a,c5,c4,1456,?,i6,
1769091267.2416203,RECEIVED,5aff35af-1ba2-42d9-8ad4-396c3c6c28a1,4ddcda60-f952-4231-ae04-71197cf1b8a7,c5,c4,2047,p2,?,
1769091267.4664307,RECEIVED,185be13d-006d-4e77-aaa6-23de5185592c,6b398543-6034-4197-bd3a-aca78448cffd,c5,c4,2031,p2,?,
1769091267.7789848,RECEIVED,257d2240-f46b-4b2f-b308-d747b3a1914c,d9bc22a9-c3e2-4efd-90a9-c8fcc715763c,c5,c4,2031,p2,?,
1769091267.8887722,RECEIVED,6373fc43-c8ae-4f6a-9fac-bce54ed4ede2,495644ac-e16f-482b-931f-5ac49ffb6fd8,c5,c4,2032,p2,?,
1769091267.910105,SENT,96c7eeba-d15f-4e38-99aa-d282fedfb253,7ff1186c-a914-4dc4-a237-30113ead6b69,c3,c4,1443,?,i9,
1769091267.9101543,FORWARDED,96c7eeba-d15f-4e38-99aa-d282fedfb253,7ff1186c-a914-4dc4-a237-30113ead6b69,c3,c4,1443,?,i9,
1769091267.9645002,RECEIVED,81b463e6-c985-469d-a1ad-8bab04c9047b,4f1642dc-ee74-41fb-821d-d9555a9414ab,c3,c4,2037,p3,?,
1769091267.9977043,RECEIVED,ca986e8e-ba4c-4955-b7e8-b9256baa761c,c6b9ca00-5082-41ea-bb23-3a0b4b5412d8,c1,c5,2028,p1,?,
1769091268.0152266,SENT,81b463e6-c985-469d-a1ad-8bab04c9047b,4f1642dc-ee74-41fb-821d-d9555a9414ab,c3,c4,1455,?,i10,
1769091268.0152733,FORWARDED,81b463e6-c985-469d-a1ad-8bab04c9047b,4f1642dc-ee74-41fb-821d-d9555a9414ab,c3,c4,1455,?,i10,
1769091268.0426636,SENT,ca986e8e-ba4c-4955-b7e8-b9256baa761c,c6b9ca00-5082-41ea-bb23-3a0b4b5412d8,c1,c5,1448,?,i5,
1769091268.0427108,FORWARDED,ca986e8e-ba4c-4955-b7e8-b9256baa761c,c6b9ca00-5082-41ea-bb23-3a0b4b5412d8,c1,c5,1448,?,i5,
1769091268.0546217,SENT,6373fc43-c8ae-4f6a-9fac-bce54ed4ede2,495644ac-e16f-482b-931f-5ac49ffb6fd8,c5,c4,1452,?,i7,
1769091268.0546663,FORWARDED,6373fc43-c8ae-4f6a-9fac-bce54ed4ede2,495644ac-e16f-482b-931f-5ac49ffb6fd8,c5,c4,1452,?,i7,
1769091268.08834,RECEIVED,59e1e5fc-0375-405f-a062-c0977f42b23c,1a196f4b-eb05-43d7-948c-969ec6c3107f,c3,c4,2032,p3,?,
1769091268.1576774,SENT,59e1e5fc-0375-405f-a062-c0977f42b23c,1a196f4b-eb05-43d7-948c-969ec6c3107f,c3,c4,1451,?,i8,
1769091268.157722,FORWARDED,59e1e5fc-0375-405f-a062-c0977f42b23c,1a196f4b-eb05-43d7-948c-969ec6c3107f,c3,c4,1451,?,i8,
1769091268.1648014,SENT,5aff35af-1ba2-42d9-8ad4-396c3c6c28a1,4ddcda60-f952-4231-ae04-71197cf1b8a7,c5,c4,1464,?,i7,
1769091268.164848,FORWARDED,5aff35af-1ba2-42d9-8ad4-396c3c6c28a1,4ddcda60-f952-4231-ae04-71197cf1b8a7,c5,c4,1464,?,i7,
1769091268.2957609,RECEIVED,30382076-48df-4791-8cb8-e2aa5863ba5e,feeff94a-e62e-44f8-be5a-e41a54c50431,c1,c5,2031,p1,?,
1769091268.3368764,RECEIVED,eb914a0a-babf-441d-8071-172fbd1b73dd,c1fd995d-e6ca-4de0-9146-241dcf59fd40,c4,DROP,441,x3,?,
1769091268.4147432,SENT,257d2240-f46b-4b2f-b308-d747b3a1914c,d9bc22a9-c3e2-4efd-90a9-c8fcc715763c,c5,c4,1452,?,i7,
1769091268.4147873,FORWARDED,257d2240-f46b-4b2f-b308-d747b3a1914c,d9bc22a9-c3e2-4efd-90a9-c8fcc715763c,c5,c4,1452,?,i7,
1769091268.5588093,RECEIVED,1d981503-2273-4f63-ba45-ef9f3f9e0937,0d09ff3a-5b49-40e3-9dc7-6879d4a96783,c5,c4,2035,p2,?,
1769091268.5977557,SENT,a5b31b39-4644-4d89-956e-f2cd2bf28f2a,e0a9c0f1-8279-482b-beeb-84452afd92e4,c5,c4,1446,?,i5,
1769091268.5977995,FORWARDED,a5b31b39-4644-4d89-956e-f2cd2bf28f2a,e0a9c0f1-8279-482b-beeb-84452afd92e4,c5,c4,1446,?,i5,
1769091268.7998292,RECEIVED,ff5e9459-bf93-4278-bb61-da812b1cc2de,4722f647-9a4a-469d-884d-4089613b9b67,c2,DROP,1440,p2,?,
1769091268.819449,RECEIVED,4fcb7b1f-0486-4d0a-8378-3b7ae26d128c,6c6151cd-5263-43e5-8e5d-13cbd46af9ac,c4,DROP,1441,p1,?,
1769091268.887482,SENT,4fcb7b1f-0486-4d0a-8378-3b7ae26d128c,6c6151cd-5263-43e5-8e5d-13cbd46af9ac,c4,DROP,1007,?,i10,
1769091268.887527,FORWARDED,4fcb7b1f-0486-4d0a-8378-3b7ae26d128c,6c6151cd-5263-43e5-8e5d-13cbd46af9ac,c4,DROP,1007,?,i10,
1769091268.8891513,SENT,185be13d-006d-4e77-aaa6-23de5185592c,6b398543-6034-4197-bd3a-aca78448cffd,c5,c4,1451,?,i7,
1769091268.8891976,FORWARDED,185be13d-006d-4e77-aaa6-23de5185592c,6b398543-6034-4197-bd3a-aca78448cffd,c5,c4,1451,?,i7,
1769091268.949313,RECEIVED,17d60d94-709d-480e-b0f0-9411635c8457,1e27957b-d517-4905-9ecd-966e68565567,c1,DROP,441,x9,?,
1769091269.0515275,SENT,ff5e9459-bf93-4278-bb61-da812b1cc2de,4722f647-9a4a-469d-884d-4089613b9b67,c2,DROP,1007,?,i6,
1769091269.0517101,FORWARDED,ff5e9459-bf93-4278-bb61-da812b1cc2de,4722f647-9a4a-469d-884d-4089613b9b67,c2,DROP,1007,?,i6,
1769091269.092748,RECEIVED,fc4e3f77-d595-423d-9202-868cbde99a3d,155e648f-83b5-4cc2-aba4-bc9a5a5c8297,c4,c1,2034,p1,?,
1769091269.2190278,SENT,1d981503-2273-4f63-ba45-ef9f3f9e0937,0d09ff3a-5b49-40e3-9dc7-6879d4a96783,c5,c4,1453,?,i9,
1769091269.2190802,FORWARDED,1d981503-2273-4f63-ba45-ef9f3f9e0937,0d09ff3a-5b49-40e3-9dc7-6879d4a96783,c5,c4,1453,?,i9,
1769091269.2278864,RECEIVED,b44aed1d-6023-4834-9464-c8d170a88d0f,fe505563-7920-4282-906c-0992fe47a109,c2,DROP,1452,p2,?,
1769091269.3349953,RECEIVED,25a3c0ca-a32d-4695-87a8-84e74f4462e6,ca22ced1-22b6-4ea0-b2bc-3d9008c6d6aa,c5,c4,2043,p2,?,
1769091269.358358,RECEIVED,0f00ea95-eeb6-4238-9061-2623eead3aa1,762f34e7-36d0-4b66-9e3a-28f4f5f1d329,c3,DROP,1456,p3,?,
1769091269.555528,SENT,0f00ea95-eeb6-4238-9061-2623eead3aa1,762f34e7-36d0-4b66-9e3a-28f4f5f1d329,c3,DROP,1020,?,i2,
1769091269.5555694,FORWARDED,0f00ea95-eeb6-4238-9061-2623eead3aa1,762f34e7-36d0-4b66-9e3a-28f4f5f1d329,c3,DROP,1020,?,i2,
1769091269.5574877,RECEIVED,6f84c282-7b1f-46b7-b952-60f17672693b,35197219-dd46-4b9b-800d-a580d5e38e33,c5,c4,2044,p2,?,
1769091269.6756155,RECEIVED,dc8c577d-73ff-4262-b6d2-8d6cb6706daa,09a69a00-9021-4bac-86cf-ce6b1e31f719,c5,c4,2035,p2,?,
1769091269.6896284,SENT,6f84c282-7b1f-46b7-b952-60f17672693b,35197219-dd46-4b9b-800d-a580d5e38e33,c5,c4,1460,?,i9,
1769091269.689673,FORWARDED,6f84c282-7b1f-46b7-b952-60f17672693b,35197219-dd46-4b9b-800d-a580d5e38e33,c5,c4,1460,?,i9,
1769091269.7173157,RECEIVED,79ea2764-e769-489a-946e-029e0689ff05,0936213d-fe4a-4a77-9915-b9200ce8719b,c5,c4,2036,p2,?,
1769091269.758883,SENT,25a3c0ca-a32d-4695-87a8-84e74f4462e6,ca22ced1-22b6-4ea0-b2bc-3d9008c6d6aa,c5,c4,1461,?,i5,
1769091269.7589228,FORWARDED,25a3c0ca-a32d-4695-87a8-84e74f4462e6,ca22ced1-22b6-4ea0-b2bc-3d9008c6d6aa,c5,c4,1461,?,i5,
1769091269.7853255,SENT,79ea2764-e769-489a-946e-029e0689ff05,0936213d-fe4a-4a77-9915-b9200ce8719b,c5,c4,1455,?,i1,
1769091269.7855258,FORWARDED,79ea2764-e769-489a-946e-029e0689ff05,0936213d-fe4a-4a77-9915-b9200ce8719b,c5,c4,1455,?,i1,
1769091269.883076,RECEIVED,9ba1e255-b558-46ab-9251-c307ec4d4f10,df2bf386-2263-45af-9e06-059b2ab78f61,c5,DROP,1443,p2,?,
1769091269.9943938,SENT,30382076-48df-4791-8cb8-e2aa5863ba5e,feeff94a-e62e-44f8-be5a-e41a54c50431,c1,c5,1451,?,i9,
1769091269.9944448,FORWARDED,30382076-48df-4791-8cb8-e2aa5863ba5e,feeff94a-e62e-44f8-be5a-e41a54c50431,c1,c5,1451,?,i9,
1769091270.0827665,RECEIVED,0fafde7d-61c1-41dd-9b97-6dc93de7d1f8,98195e53-6c37-4ce2-96e1-7a78598c0a19,c5,DROP,441,x11,?,
1769091270.1123664,SENT,9ba1e255-b558-46ab-9251-c307ec4d4f10,df2bf386-2263-45af-9e06-059b2ab78f61,c5,DROP,1011,?,i8,
1769091270.1124046,FORWARDED,9ba1e255-b558-46ab-9251-c307ec4d4f10,df2bf386-2263-45af-9e06-059b2ab78f61,c5,DROP,1011,?,i8,
1769091270.1858935,RECEIVED,b9b3f199-03e0-4336-9b4f-5c69d9726cfe,0bcbd982-8dd7-4e2b-adab-224ebc627c87,c2,c1,2039,p2,?,
1769091270.698672,RECEIVED,b2d3f20f-5f94-43b0-90c5-a347c2aa4cda,64210b94-fc1b-4f73-bfa4-8eddcdd6745e,c5,DROP,1443,p2,?,
1769091270.827748,RECEIVED,fbb2fb3a-49f1-4abe-9ec3-482021e4efe8,6fc882e2-4f8f-4951-8068-f892b1faf8cc,c3,c4,2032,p3,?,
1769091270.8561335,RECEIVED,7f3c9d56-74c9-4955-9aa2-1dd11c7de5d6,724e27d8-3e9c-4c08-a659-93e715bed05e,c2,DROP,1450,p2,?,
1769091270.9300952,SENT,fbb2fb3a-49f1-4abe-9ec3-482021e4efe8,6fc882e2-4f8f-4951-8068-f892b1faf8cc,c3,c4,1451,?,i6,
1769091270.9301372,FORWARDED,fbb2fb3a-49f1-4abe-9ec3-482021e4efe8,6fc882e2-4f8f-4951-8068-f892b1faf8cc,c3,c4,1451,?,i6,
1769091270.9737694,SENT,b2d3f20f-5f94-43b0-90c5-a347c2aa4cda,64210b94-fc1b-4f73-bfa4-8eddcdd6745e,c5,DROP,1011,?,i9,
1769091270.9738102,FORWARDED,b2d3f20f-5f94-43b0-90c5-a347c2aa4cda,64210b94-fc1b-4f73-bfa4-8eddcdd6745e,c5,DROP,1011,?,i9,
1769091271.000103,RECEIVED,2973d0ed-f99e-4288-8c99-630b099a54d6,9f7701fa-73ce-4663-983d-6db24a24342d,c5,c4,2019,p2,?,
1769091271.0071657,SENT,dc8c577d-73ff-4262-b6d2-8d6cb6706daa,09a69a00-9021-4bac-86cf-ce6b1e31f719,c5,c4,1455,?,i5,
1769091271.0072079,FORWARDED,dc8c577d-73ff-4262-b6d2-8d6cb6706daa,09a69a00-9021-4bac-86cf-ce6b1e31f719,c5,c4,1455,?,i5,
1769091271.1173875,SENT,b9b3f199-03e0-4336-9b4f-5c69d9726cfe,0bcbd982-8dd7-4e2b-adab-224ebc627c87,c2,c1,1456,?,i8,
1769091271.1174264,FORWARDED,b9b3f199-03e0-4336-9b4f-5c69d9726cfe,0bcbd982-8dd7-4e2b-adab-224ebc627c87,c2,c1,1456,?,i8,
1769091271.2198052,SENT,b44aed1d-6023-4834-9464-c8d170a88d0f,fe505563-7920-4282-906c-0992fe47a109,c2,DROP,1016,?,i11,
1769091271.2198484,FORWARDED,b44aed1d-6023-4834-9464-c8d170a88d0f,fe505563-7920-4282-906c-0992fe47a109,c2,DROP,1016,?,i11,
1769091271.2814903,SENT,fc4e3f77-d595-423d-9202-868cbde99a3d,155e648f-83b5-4cc2-aba4-bc9a5a5c8297,c4,c1,1455,?,i4,
1769091271.28153,FORWARDED,fc4e3f77-d595-423d-9202-868cbde99a3d,155e648f-83b5-4cc2-aba4-bc9a5a5c8297,c4,c1,1455,?,i4,
1769091271.5513847,SENT,2973d0ed-f99e-4288-8c99-630b099a54d6,9f7701fa-73ce-4663-983d-6db24a24342d,c5,c4,1443,?,i8,
1769091271.551425,FORWARDED,2973d0ed-f99e-4288-8c99-630b099a54d6,9f7701fa-73ce-4663-983d-6db24a24342d,c5,c4,1443,?,i8,
1769091271.9006994,RECEIVED,efe0deae-4aec-443e-b7f8-6e62b5e8df8c,9320f324-fbc1-4120-bc76-73ab03e4624d,c2,DROP,1452,p2,?,
1769091271.9092836,SENT,7f3c9d56-74c9-4955-9aa2-1dd11c7de5d6,724e27d8-3e9c-4c08-a659-93e715bed05e,c2,DROP,1017,?,i2,
1769091271.909321,FORWARDED,7f3c9d56-74c9-4955-9aa2-1dd11c7de5d6,724e27d8-3e9c-4c08-a659-93e715bed05e,c2,DROP,1017,?,i2,
1769091272.0260382,RECEIVED,1cd19729-8949-40c6-9a19-45c89aa98ecf,ef626e66-e607-47ec-8a92-4040863b94f9,c2,DROP,1456,p2,?,
1769091272.1404412,SENT,efe0deae-4aec-443e-b7f8-6e62b5e8df8c,9320f324-fbc1-4120-bc76-73ab03e4624d,c2,DROP,1015,?,i2,
1769091272.1404812,FORWARDED,efe0deae-4aec-443e-b7f8-6e62b5e8df8c,9320f324-fbc1-4120-bc76-73ab03e4624d,c2,DROP,1015,?,i2,
1769091272.355402,RECEIVED,76e1d1da-a1e7-4399-bb28-471e895ae771,7f6fe611-c053-402a-9674-50f63cb1881f,c4,c1,2036,p1,?,
1769091272.3613398,SENT,1cd19729-8949-40c6-9a19-45c89aa98ecf,ef626e66-e607-47ec-8a92-4040863b94f9,c2,DROP,1020,?,i10,
1769091272.3613808,FORWARDED,1cd19729-8949-40c6-9a19-45c89aa98ecf,ef626e66-e607-47ec-8a92-4040863b94f9,c2,DROP,1020,?,i10,
1769091272.3725386,RECEIVED,2431e019-f1d4-4216-80e8-73b1599e5d9b,af35e555-653d-4bcb-bbb9-94db86c09d21,c5,DROP,1447,p2,?,
1769091272.5008283,SENT,76e1d1da-a1e7-4399-bb28-471e895ae771,7f6fe611-c053-402a-9674-50f63cb1881f,c4,c1,1455,?,i1,
1769091272.5008755,FORWARDED,76e1d1da-a1e7-4399-bb28-471e895ae771,7f6fe611-c053-402a-9674-50f63cb1881f,c4,c1,1455,?,i1,
1769091272.6281598,RECEIVED,85cd14ae-f2e5-453d-aa07-61b267404c44,7315c31f-c0b0-49f7-ad0e-dc29e8a5d538,c2,DROP,1442,p2,?,
1769091272.672961,RECEIVED,fcc0d6bf-8efd-404f-817c-1d6f2c89fa78,fd062bd6-7861-42f0-b74f-607694709e52,c4,c1,2044,p1,?,
1769091272.7059193,SENT,85cd14ae-f2e5-453d-aa07-61b267404c44,7315c31f-c0b0-49f7-ad0e-dc29e8a5d538,c2,DROP,1007,?,i12,
1769091272.7059598,FORWARDED,85cd14ae-f2e5-453d-aa07-61b267404c44,7315c31f-c0b0-49f7-ad0e-dc29e8a5d538,c2,DROP,1007,?,i12,
1769091272.9512844,SENT,2431e019-f1d4-4216-80e8-73b1599e5d9b,af35e555-653d-4bcb-bbb9-94db86c09d21,c5,DROP,1012,?,i7,
1769091272.9513252,FORWARDED,2431e019-f1d4-4216-80e8-73b1599e5d9b,af35e555-653d-4bcb-bbb9-94db86c09d21,c5,DROP,1012,?,i7,
1769091272.9552095,RECEIVED,6df75bbc-fd5e-4b56-936d-45af879cef4c,30169283-7d5b-4995-9d37-b1a4540da8fe,c5,c4,2023,p2,?,
1769091273.1562707,RECEIVED,37ea00a0-848f-42c0-8dfa-f04998e805b6,6a06ddb4-7aa6-4525-a0e9-6ac1ae8d3117,c1,c5,2052,p1,?,
1769091273.1806173,RECEIVED,2c46bf6d-74ff-46a7-b10e-9ceea8bfdc5f,136ac81f-9e2a-4d11-a8bc-31b7b2a0f92d,c5,c4,2032,p2,?,
1769091273.196488,RECEIVED,b03fbc02-35cb-4a66-aca4-7bee4829b44a,1d40a5d9-d1ca-484f-8220-bc9f87a59763,c3,DROP,1452,p3,?,
1769091273.253713,SENT,2c46bf6d-74ff-46a7-b10e-9ceea8bfdc5f,136ac81f-9e2a-4d11-a8bc-31b7b2a0f92d,c5,c4,1451,?,i5,
1769091273.253753,FORWARDED,2c46bf6d-74ff-46a7-b10e-9ceea8bfdc5f,136ac81f-9e2a-4d11-a8bc-31b7b2a0f92d,c5,c4,1451,?,i5,
1769091273.2931397,RECEIVED,f75e2830-bc33-424e-b6d4-fcd84e0ccac5,05bfb16d-2e12-42ce-b200-5c9583d60db4,c5,DROP,1464,p2,?,
1769091273.3758056,RECEIVED,a5099341-980f-4513-966c-f51d5e57f8b4,70733f94-458b-47e3-aa24-b46c1c672d16,c4,DROP,1440,p1,?,
1769091273.4422128,RECEIVED,86ba2694-7a51-498f-9936-931b183b9549,2c2b7cbb-ab3d-4619-a2f9-e9151d5dcb99,c4,c1,2024,p1,?,
1769091273.4465938,SENT,6df75bbc-fd5e-4b56-936d-45af879cef4c,30169283-7d5b-4995-9d37-b1a4540da8fe,c5,c4,1445,?,i7,
1769091273.446634,FORWARDED,6df75bbc-fd5e-4b56-936d-45af879cef4c,30169283-7d5b-4995-9d37-b1a4540da8fe,c5,c4,1445,?,i7,
1769091273.517233,SENT,f75e2830-bc33-424e-b6d4-fcd84e0ccac5,05bfb16d-2e12-42ce-b200-5c9583d60db4,c5,DROP,1025,?,i10,
1769091273.5172732,FORWARDED,f75e2830-bc33-424e-b6d4-fcd84e0ccac5,05bfb16d-2e12-42ce-b200-5c9583d60db4,c5,DROP,1025,?,i10,
1769091273.52018,RECEIVED,468ae023-64d5-4774-9a8d-3044f4695334,496f5e99-7371-495a-bbdf-9ceea743e851,c3,DROP,1439,p3,?,
1769091273.5452623,SENT,a5099341-980f-4513-966c-f51d5e57f8b4,70733f94-458b-47e3-aa24-b46c1c672d16,c4,DROP,1008,?,i6,
1769091273.5453024,FORWARDED,a5099341-980f-4513-966c-f51d5e57f8b4,70733f94-458b-47e3-aa24-b46c1c672d16,c4,DROP,1008,?,i6,
1769091273.636378,SENT,b03fbc02-35cb-4a66-aca4-7bee4829b44a,1d40a5d9-d1ca-484f-8220-bc9f87a59763,c3,DROP,1015,?,i2,
1769091273.6364179,FORWARDED,b03fbc02-35cb-4a66-aca4-7bee4829b44a,1d40a5d9-d1ca-484f-8220-bc9f87a59763,c3,DROP,1015,?,i2,
1769091273.6512356,RECEIVED,ae803cfd-debf-4ba3-bb03-5a0d707b5c79,62a3ce9b-f4bf-4004-8b5b-7e6e30f27efe,c4,DROP,1440,p1,?,
1769091273.6616955,RECEIVED,0b311697-838b-4659-a151-f120839c0841,64700551-703d-40f1-929d-5c7af125a0e4,c2,DROP,1439,p2,?,
1769091273.672116,RECEIVED,2bb16c7d-73ad-4571-9c5d-72dfc9639e04,e526e467-2aaf-4bb7-8652-4f946d24218f,c2,c1,2039,p2,?,
1769091273.745116,SENT,86ba2694-7a51-498f-9936-931b183b9549,2c2b7cbb-ab3d-4619-a2f9-e9151d5dcb99,c4,c1,1444,?,i5,
1769091273.7451632,FORWARDED,86ba2694-7a51-498f-9936-931b183b9549,2c2b7cbb-ab3d-4619-a2f9-e9151d5dcb99,c4,c1,1444,?,i5,
1769091273.788339,RECEIVED,2cc3cfbf-e25b-4722-9e7d-5572f9827e37,094b2fa4-0340-46fe-8bac-785f7150365f,c4,DROP,442,x5,?,
1769091273.7937598,RECEIVED,087f3cb8-5f7a-4440-9643-72971f69563e,9d7f7b74-a110-42cd-b292-a84164993c68,c4,c1,2031,p1,?,
1769091273.806241,SENT,ae803cfd-debf-4ba3-bb03-5a0d707b5c79,62a3ce9b-f4bf-4004-8b5b-7e6e30f27efe,c4,DROP,1007,?,i6,
1769091273.8062813,FORWARDED,ae803cfd-debf-4ba3-bb03-5a0d707b5c79,62a3ce9b-f4bf-4004-8b5b-7e6e30f27efe,c4,DROP,1007,?,i6,
1769091273.87296,SENT,37ea00a0-848f-42c0-8dfa-f04998e805b6,6a06ddb4-7aa6-4525-a0e9-6ac1ae8d3117,c1,c5,1465,?,i11,
1769091273.8730075,FORWARDED,37ea00a0-848f-42c0-8dfa-f04998e805b6,6a06ddb4-7aa6-4525-a0e9-6ac1ae8d3117,c1,c5,1465,?,i11,
1769091273.9170344,RECEIVED,0d88ab4d-6cdd-4fd2-b163-1ea114f96148,80370d6b-594a-4da9-b018-091cadad30fc,c4,c1,2035,p1,?,
1769091273.992257,SENT,2bb16c7d-73ad-4571-9c5d-72dfc9639e04,e526e467-2aaf-4bb7-8652-4f946d24218f,c2,c1,1457,?,i6,
1769091273.992793,FORWARDED,2bb16c7d-73ad-4571-9c5d-72dfc9639e04,e526e467-2aaf-4bb7-8652-4f946d24218f,c2,c1,1457,?,i6,
1769091274.159779,SENT,0b311697-838b-4659-a151-f120839c0841,64700551-703d-40f1-929d-5c7af125a0e4,c2,DROP,1008,?,i1,
1769091274.1598175,FORWARDED,0b311697-838b-4659-a151-f120839c0841,64700551-703d-40f1-929d-5c7af125a0e4,c2,DROP,1008,?,i1,
1769091274.1692953,SENT,0d88ab4d-6cdd-4fd2-b163-1ea114f96148,80370d6b-594a-4da9-b018-091cadad30fc,c4,c1,1455,?,i2,
1769091274.1693375,FORWARDED,0d88ab4d-6cdd-4fd2-b163-1ea114f96148,80370d6b-594a-4da9-b018-091cadad30fc,c4,c1,1455,?,i2,
1769091274.349548,SENT,468ae023-64d5-4774-9a8d-3044f4695334,496f5e99-7371-495a-bbdf-9ceea743e851,c3,DROP,1007,?,i4,
1769091274.3495967,FORWARDED,468ae023-64d5-4774-9a8d-3044f4695334,496f5e99-7371-495a-bbdf-9ceea743e851,c3,DROP,1007,?,i4,
1769091274.3802822,SENT,fcc0d6bf-8efd-404f-817c-1d6f2c89fa78,fd062bd6-7861-42f0-b74f-607694709e52,c4,c1,1459,?,i12,
1769091274.380323,FORWARDED,fcc0d6bf-8efd-404f-817c-1d6f2c89fa78,fd062bd6-7861-42f0-b74f-607694709e52,c4,c1,1459,?,i12,
1769091274.5986004,RECEIVED,1e56200b-a9c1-4cd3-8b38-2284ab5f3859,4ec7f047-68fd-48d0-915b-9e2dac33d467,c5,c4,2045,p2,?,
1769091274.627258,RECEIVED,988fd783-a0d3-449d-a7f1-ac6fa46b8cf2,b1fa2e56-86a9-4b1e-af14-b7c5f63c5168,c3,c4,2043,p3,?,
1769091274.9469273,SENT,1e56200b-a9c1-4cd3-8b38-2284ab5f3859,4ec7f047-68fd-48d0-915b-9e2dac33d467,c5,c4,1459,?,i12,
1769091274.9469688,FORWARDED,1e56200b-a9c1-4cd3-8b38-2284ab5f3859,4ec7f047-68fd-48d0-915b-9e2dac33d467,c5,c4,1459,?,i12,
1769091274.980496,RECEIVED,7abb40d4-5476-4f7c-8ec9-25c65416e933,2088ec03-3389-4105-adc8-7fe2a5113864,c2,DROP,441,x7,?,
1769091275.1326618,RECEIVED,241058c1-0574-4d73-bb6c-a64d5e285d2e,8af2fda4-dea1-413c-b50d-121e2724e29b,c5,c4,2044,p2,?,
1769091275.3371701,RECEIVED,30e19673-6223-46a0-9143-2196e6a50b68,213ddc73-f85a-4379-91c1-77ca4fe4fb50,c5,DROP,1465,p2,?,
1769091275.3373444,SENT,087f3cb8-5f7a-4440-9643-72971f69563e,9d7f7b74-a110-42cd-b292-a84164993c68,c4,c1,1451,?,i6,
1769091275.3377247,FORWARDED,087f3cb8-5f7a-4440-9643-72971f69563e,9d7f7b74-a110-42cd-b292-a84164993c68,c4,c1,1451,?,i6,
1769091275.3637815,RECEIVED,23a0131e-9172-4172-b5ba-020906e7cf36,bcf3b556-93df-45b1-88b8-31c2ead5ebbb,c4,c1,2031,p1,?,
1769091275.5096009,SENT,30e19673-6223-46a0-9143-2196e6a50b68,213ddc73-f85a-4379-91c1-77ca4fe4fb50,c5,DROP,1025,?,i12,
1769091275.5096374,FORWARDED,30e19673-6223-46a0-9143-2196e6a50b68,213ddc73-f85a-4379-91c1-77ca4fe4fb50,c5,DROP,1025,?,i12,
1769091275.6322055,RECEIVED,82c5c123-6a76-4a4b-824e-d0f789f341cb,f38b131c-c82a-48fc-a09b-f0be8c783469,c5,DROP,442,x8,?,
1769091275.6592858,RECEIVED,b142b415-9bba-4bc1-833c-c963ff5e878e,2cff5f5b-8f53-45ee-b2f7-c95956f665d5,c3,c4,2048,p3,?,
1769091275.7608604,SENT,988fd783-a0d3-449d-a7f1-ac6fa46b8cf2,b1fa2e56-86a9-4b1e-af14-b7c5f63c5168,c3,c4,1459,?,i4,
1769091275.7609406,FORWARDED,988fd783-a0d3-449d-a7f1-ac6fa46b8cf2,b1fa2e56-86a9-4b1e-af14-b7c5f63c5168,c3,c4,1459,?,i4,
1769091275.7667985,SENT,241058c1-0574-4d73-bb6c-a64d5e285d2e,8af2fda4-dea1-413c-b50d-121e2724e29b,c5,c4,1459,?,i10,
1769091275.7668386,FORWARDED,241058c1-0574-4d73-bb6c-a64d5e285d2e,8af2fda4-dea1-413c-b50d-121e2724e29b,c5,c4,1459,?,i10,
1769091275.8069422,RECEIVED,ef246558-4622-4fe8-b306-609e99a61783,341788e5-b9a9-45c0-bc14-d68ed8205625,c3,c4,2035,p3,?,
1769091275.8212302,SENT,23a0131e-9172-4172-b5ba-020906e7cf36,bcf3b556-93df-45b1-88b8-31c2ead5ebbb,c4,c1,1451,?,i9,
1769091275.8212707,FORWARDED,23a0131e-9172-4172-b5ba-020906e7cf36,bcf3b556-93df-45b1-88b8-31c2ead5ebbb,c4,c1,1451,?,i9,
1769091276.222147,SENT,b142b415-9bba-4bc1-833c-c963ff5e878e,2cff5f5b-8f53-45ee-b2f7-c95956f665d5,c3,c4,1464,?,i10,
1769091276.2221882,FORWARDED,b142b415-9bba-4bc1-833c-c963ff5e878e,2cff5f5b-8f53-45ee-b2f7-c95956f665d5,c3,c4,1464,?,i10,
1769091276.536409,RECEIVED,f2948c66-b375-439a-a2f6-7c436a78899c,4807105a-8d39-41fe-bd43-b52bf5dd32bd,c2,DROP,442,x12,?,
1769091276.5393226,RECEIVED,1087df81-3957-4dd9-817c-6796a4243342,36d29346-e69d-4bdc-8cb1-e5e0c4be5823,c4,c1,2034,p1,?,
1769091276.5499709,SENT,ef246558-4622-4fe8-b306-609e99a61783,341788e5-b9a9-45c0-bc14-d68ed8205625,c3,c4,1455,?,i1,
1769091276.550011,FORWARDED,ef246558-4622-4fe8-b306-609e99a61783,341788e5-b9a9-45c0-bc14-d68ed8205625,c3,c4,1455,?,i1,
1769091276.5802832,SENT,1087df81-3957-4dd9-817c-6796a4243342,36d29346-e69d-4bdc-8cb1-e5e0c4be5823,c4,c1,1451,?,i11,
1769091276.5803246,FORWARDED,1087df81-3957-4dd9-817c-6796a4243342,36d29346-e69d-4bdc-8cb1-e5e0c4be5823,c4,c1,1451,?,i11,
1769091276.9072306,RECEIVED,9454a04a-c3c5-462e-aa11-8e0e8e2b18e1,26638656-8518-491b-a0e5-cf8fc9e566f3,c5,c4,2036,p2,?,
1769091277.0625453,RECEIVED,2d7da2f0-6a59-4393-87db-cd9e8dfd8396,aef8e93f-7257-41e3-ad7e-39fb26a10dfb,c1,c5,2045,p1,?,
1769091277.1159053,SENT,2d7da2f0-6a59-4393-87db-cd9e8dfd8396,aef8e93f-7257-41e3-ad7e-39fb26a10dfb,c1,c5,1460,?,i10,
1769091277.11595,FORWARDED,2d7da2f0-6a59-4393-87db-cd9e8dfd8396,aef8e93f-7257-41e3-ad7e-39fb26a10dfb,c1,c5,1460,?,i10,
1769091277.3871872,RECEIVED,1480d9d3-0ed0-4578-b238-9993b270e1be,22245b8a-6870-4aee-b61c-1440704d0779,c5,c4,2039,p2,?,
1769091277.9011297,RECEIVED,6e55e1cc-5494-448a-9202-d9ac5ccbb814,9c2421c2-297b-43d0-95ad-f3ff6449e0d8,c2,DROP,1455,p2,?,
1769091277.9696946,SENT,1480d9d3-0ed0-4578-b238-9993b270e1be,22245b8a-6870-4aee-b61c-1440704d0779,c5,c4,1457,?,i7,
1769091277.9697328,FORWARDED,1480d9d3-0ed0-4578-b238-9993b270e1be,22245b8a-6870-4aee-b61c-1440704d0779,c5,c4,1457,?,i7,
1769091278.0722582,SENT,9454a04a-c3c5-462e-aa11-8e0e8e2b18e1,26638656-8518-491b-a0e5-cf8fc9e566f3,c5,c4,1453,?,i12,
1769091278.072299,FORWARDED,9454a04a-c3c5-462e-aa11-8e0e8e2b18e1,26638656-8518-491b-a0e5-cf8fc9e566f3,c5,c4,1453,?,i12,
1769091278.328796,RECEIVED,5ce99183-3310-47c4-917b-bef5cd559dc3,43128a00-ed36-42d3-bc4d-547ab3fe9cf0,c1,c5,2033,p1,?,
1769091278.334906,RECEIVED,c91da042-abdb-43bd-b3d9-96da71737d4b,7652f1d8-68cb-4804-bbc9-1c2de0171211,c4,c1,2039,p1,?,
1769091278.4169426,SENT,5ce99183-3310-47c4-917b-bef5cd559dc3,43128a00-ed36-42d3-bc4d-547ab3fe9cf0,c1,c5,1452,?,i12,
1769091278.416982,FORWARDED,5ce99183-3310-47c4-917b-bef5cd559dc3,43128a00-ed36-42d3-bc4d-547ab3fe9cf0,c1,c5,1452,?,i12,
1769091278.4667478,SENT,6e55e1cc-5494-448a-9202-d9ac5ccbb814,9c2421c2-297b-43d0-95ad-f3ff6449e0d8,c2,DROP,1018,?,i4,
1769091278.466788,FORWARDED,6e55e1cc-5494-448a-9202-d9ac5ccbb814,9c2421c2-297b-43d0-95ad-f3ff6449e0d8,c2,DROP,1018,?,i4,
1769091278.5728328,RECEIVED,3f112a2b-8c24-4aab-84cf-642a977da17f,685556b8-6ae4-46ea-a7fa-fb09fcf88956,c3,c4,2035,p3,?,
1769091278.6995702,RECEIVED,cb208f48-087d-45a6-a98a-3f68fc853fef,a4bc62c2-a1be-4734-967d-9812da5dd834,c3,DROP,1455,p3,?,
1769091278.8188095,SENT,cb208f48-087d-45a6-a98a-3f68fc853fef,a4bc62c2-a1be-4734-967d-9812da5dd834,c3,DROP,1020,?,i9,
1769091278.818849,FORWARDED,cb208f48-087d-45a6-a98a-3f68fc853fef,a4bc62c2-a1be-4734-967d-9812da5dd834,c3,DROP,1020,?,i9,
1769091278.8622234,RECEIVED,fe40dfaa-85ce-4eb3-970d-a1c3f82a4a88,72b3a2ed-9092-4e58-a13d-3c946d67c83a,c4,c1,2036,p1,?,
1769091278.9820728,SENT,3f112a2b-8c24-4aab-84cf-642a977da17f,685556b8-6ae4-46ea-a7fa-fb09fcf88956,c3,c4,1455,?,i2,
1769091278.9821136,FORWARDED,3f112a2b-8c24-4aab-84cf-642a977da17f,685556b8-6ae4-46ea-a7fa-fb09fcf88956,c3,c4,1455,?,i2,
1769091279.4573488,SENT,c91da042-abdb-43bd-b3d9-96da71737d4b,7652f1d8-68cb-4804-bbc9-1c2de0171211,c4,c1,1458,?,i3,
1769091279.457389,FORWARDED,c91da042-abdb-43bd-b3d9-96da71737d4b,7652f1d8-68cb-4804-bbc9-1c2de0171211,c4,c1,1458,?,i3,
1769091279.458564,RECEIVED,f9865362-cb8c-4b95-9bb6-f143fa29b654,71db0fd5-1a9e-40db-83b9-0f5965b7df69,c4,c1,2032,p1,?,
1769091279.488277,RECEIVED,a5094da1-3d46-4535-9b63-f342a3d09574,8b97ef98-2b62-4ea2-8cd1-42c105f4e305,c1,c5,2037,p1,?,
1769091279.5586135,SENT,a5094da1-3d46-4535-9b63-f342a3d09574,8b97ef98-2b62-4ea2-8cd1-42c105f4e305,c1,c5,1453,?,i5,
1769091279.558672,FORWARDED,a5094da1-3d46-4535-9b63-f342a3d09574,8b97ef98-2b62-4ea2-8cd1-42c105f4e305,c1,c5,1453,?,i5,
1769091279.6053982,SENT,f9865362-cb8c-4b95-9bb6-f143fa29b654,71db0fd5-1a9e-40db-83b9-0f5965b7df69,c4,c1,1451,?,i7,
1769091279.6054385,FORWARDED,f9865362-cb8c-4b95-9bb6-f143fa29b654,71db0fd5-1a9e-40db-83b9-0f5965b7df69,c4,c1,1451,?,i7,
1769091279.7265966,RECEIVED,1dc820d7-fbe1-4498-8347-01543649547b,5ba7a97c-719e-4459-ada0-d2d63568978a,c2,c1,2039,p2,?,
1769091279.7302928,SENT,fe40dfaa-85ce-4eb3-970d-a1c3f82a4a88,72b3a2ed-9092-4e58-a13d-3c946d67c83a,c4,c1,1454,?,i12,
1769091279.7303348,FORWARDED,fe40dfaa-85ce-4eb3-970d-a1c3f82a4a88,72b3a2ed-9092-4e58-a13d-3c946d67c83a,c4,c1,1454,?,i12,
1769091280.100017,RECEIVED,4452ea84-0edc-476e-a22c-040835b6279d,7a113980-af8a-4f44-abf3-99d6981d1032,c2,DROP,1444,p2,?,
1769091280.299611,RECEIVED,92c4bcc3-dae8-419e-97aa-07ae903dfc3e,df1bf6b2-b591-4d91-9019-e3270121f16c,c5,c4,2036,p2,?,
1769091280.4127538,SENT,4452ea84-0edc-476e-a22c-040835b6279d,7a113980-af8a-4f44-abf3-99d6981d1032,c2,DROP,1011,?,i4,
1769091280.412795,FORWARDED,4452ea84-0edc-476e-a22c-040835b6279d,7a113980-af8a-4f44-abf3-99d6981d1032,c2,DROP,1011,?,i4,
1769091280.420204,SENT,92c4bcc3-dae8-419e-97aa-07ae903dfc3e,df1bf6b2-b591-4d91-9019-e3270121f16c,c5,c4,1455,?,i7,
1769091280.4202454,FORWARDED,92c4bcc3-dae8-419e-97aa-07ae903dfc3e,df1bf6b2-b591-4d91-9019-e3270121f16c,c5,c4,1455,?,i7,
1769091280.5435462,RECEIVED,0a55356a-e601-4697-9efc-06db35678066,fdcd0a2e-de33-4463-81f1-9d64a8f75004,c1,c5,2048,p1,?,
1769091280.5958967,RECEIVED,befdf8cf-39b5-4086-b15b-646b7316bcb2,711638ee-b3ea-43ca-8f86-e687e639af48,c5,DROP,442,x11,?,
1769091280.6354067,SENT,1dc820d7-fbe1-4498-8347-01543649547b,5ba7a97c-719e-4459-ada0-d2d63568978a,c2,c1,1457,?,i10,
1769091280.6354482,FORWARDED,1dc820d7-fbe1-4498-8347-01543649547b,5ba7a97c-719e-4459-ada0-d2d63568978a,c2,c1,1457,?,i10,
1769091280.6615345,RECEIVED,333ddaac-7eca-4793-a90b-511a11231e36,0d73712b-eba2-4027-957c-0b053cc69a5b,c3,c4,2031,p3,?,
1769091280.7132065,RECEIVED,1cba43b7-4f7e-4599-a7df-e67383f0424c,339095c9-4dd6-4b3c-bcf9-bb9faa82154f,c4,c1,2037,p1,?,
1769091280.758326,SENT,0a55356a-e601-4697-9efc-06db35678066,fdcd0a2e-de33-4463-81f1-9d64a8f75004,c1,c5,1464,?,i3,
1769091280.7583675,FORWARDED,0a55356a-e601-4697-9efc-06db35678066,fdcd0a2e-de33-4463-81f1-9d64a8f75004,c1,c5,1464,?,i3,
1769091280.7620451,SENT,1cba43b7-4f7e-4599-a7df-e67383f0424c,339095c9-4dd6-4b3c-bcf9-bb9faa82154f,c4,c1,1455,?,i12,
1769091280.762101,FORWARDED,1cba43b7-4f7e-4599-a7df-e67383f0424c,339095c9-4dd6-4b3c-bcf9-bb9faa82154f,c4,c1,1455,?,i12,
1769091280.782572,RECEIVED,cafab191-5bd9-48ac-8256-eaa1c57c1241,76be228b-55e2-4c2e-a57e-eb56e0d21846,c4,DROP,1446,p1,?,
1769091280.934711,SENT,cafab191-5bd9-48ac-8256-eaa1c57c1241,76be228b-55e2-4c2e-a57e-eb56e0d21846,c4,DROP,1012,?,i9,
1769091280.9347491,FORWARDED,cafab191-5bd9-48ac-8256-eaa1c57c1241,76be228b-55e2-4c2e-a57e-eb56e0d21846,c4,DROP,1012,?,i9,
1769091280.9773867,SENT,333ddaac-7eca-4793-a90b-511a11231e36,0d73712b-eba2-4027-957c-0b053cc69a5b,c3,c4,1451,?,i9,
1769091280.9774277,FORWARDED,333ddaac-7eca-4793-a90b-511a11231e36,0d73712b-eba2-4027-957c-0b053cc69a5b,c3,c4,1451,?,i9,
1769091281.0590584,RECEIVED,acb70a59-f5cd-4303-bbf0-c38a19cd74d1,d6b875d8-61ed-4edc-b58a-ab19d3189c96,c5,c4,2036,p2,?,
1769091281.1549826,RECEIVED,96c0e3ef-3f28-4fc1-8c5d-0af9e6afc287,2606a59b-eb3c-4a4c-a9a5-74b24d245ae3,c5,c4,2047,p2,?,
1769091281.1780267,RECEIVED,5c064d06-25cf-47d2-b36e-83bdbf390875,60bb2032-e32e-4fb8-8ce4-bd27af1d7e26,c3,c4,2032,p3,?,
1769091281.580557,RECEIVED,fa583afc-3616-48c9-bb38-0205c94ec599,37a5e009-0d3b-43e2-b1cc-22eb2ecc036a,c2,c1,2039,p2,?,
1769091281.6309454,RECEIVED,02714612-d161-437f-b5fc-7377a0ff629f,7c94d6c9-90d6-48f0-a433-87bca88abd97,c3,c4,2039,p3,?,
1769091281.651034,RECEIVED,41c70766-0c04-4d40-9337-783fdd8f4a26,162c3db6-195d-41ac-b9c4-a297921e9436,c3,DROP,1444,p3,?,
1769091281.6591396,RECEIVED,ecbeb92f-89be-494a-957c-9f9b48bfc197,a3ecc005-e2f4-41bd-82ae-0022b9cb2a01,c2,c1,2040,p2,?,
1769091281.7104821,SENT,41c70766-0c04-4d40-9337-783fdd8f4a26,162c3db6-195d-41ac-b9c4-a297921e9436,c3,DROP,1009,?,i4,
1769091281.7109027,FORWARDED,41c70766-0c04-4d40-9337-783fdd8f4a26,162c3db6-195d-41ac-b9c4-a297921e9436,c3,DROP,1009,?,i4,
1769091281.7860358,SENT,ecbeb92f-89be-494a-957c-9f9b48bfc197,a3ecc005-e2f4-41bd-82ae-0022b9cb2a01,c2,c1,1457,?,i6,
1769091281.7860885,FORWARDED,ecbeb92f-89be-494a-957c-9f9b48bfc197,a3ecc005-e2f4-41bd-82ae-0022b9cb2a01,c2,c1,1457,?,i6,
1769091282.0347302,SENT,96c0e3ef-3f28-4fc1-8c5d-0af9e6afc287,2606a59b-eb3c-4a4c-a9a5-74b24d245ae3,c5,c4,1463,?,i5,
1769091282.0347726,FORWARDED,96c0e3ef-3f28-4fc1-8c5d-0af9e6afc287,2606a59b-eb3c-4a4c-a9a5-74b24d245ae3,c5,c4,1463,?,i5,
1769091282.056366,RECEIVED,db229e3c-8ebf-4764-a14a-02ca6126c217,7e2d9630-4046-4b42-8c65-443f5392a5a7,c1,DROP,445,x6,?,
1769091282.187586,SENT,fa583afc-3616-48c9-bb38-0205c94ec599,37a5e009-0d3b-43e2-b1cc-22eb2ecc036a,c2,c1,1457,?,i4,
1769091282.1876276,FORWARDED,fa583afc-3616-48c9-bb38-0205c94ec599,37a5e009-0d3b-43e2-b1cc-22eb2ecc036a,c2,c1,1457,?,i4,
1769091282.3074515,RECEIVED,b5f09481-5f73-431a-872c-1bd3c13137d8,ba505eb2-2b74-480a-88ef-8f6136a30bc7,c4,c1,2048,p1,?,
1769091282.3896139,SENT,b5f09481-5f73-431a-872c-1bd3c13137d8,ba505eb2-2b74-480a-88ef-8f6136a30bc7,c4,c1,1464,?,i2,
1769091282.3896573,FORWARDED,b5f09481-5f73-431a-872c-1bd3c13137d8,ba505eb2-2b74-480a-88ef-8f6136a30bc7,c4,c1,1464,?,i2,
1769091282.4789732,SENT,02714612-d161-437f-b5fc-7377a0ff629f,7c94d6c9-90d6-48f0-a433-87bca88abd97,c3,c4,1456,?,i9,
1769091282.4790108,FORWARDED,02714612-d161-437f-b5fc-7377a0ff629f,7c94d6c9-90d6-48f0-a433-87bca88abd97,c3,c4,1456,?,i9,
1769091282.536248,RECEIVED,12f60cdc-5f15-4f00-afbc-7802b6ff448c,43aec916-7e7b-427e-9888-13bb6a0fe1d6,c2,c1,2036,p2,?,
1769091282.6028774,SENT,12f60cdc-5f15-4f00-afbc-7802b6ff448c,43aec916-7e7b-427e-9888-13bb6a0fe1d6,c2,c1,1455,?,i7,
1769091282.6029184,FORWARDED,12f60cdc-5f15-4f00-afbc-7802b6ff448c,43aec916-7e7b-427e-9888-13bb6a0fe1d6,c2,c1,1455,?,i7,
1769091282.8644693,SENT,5c064d06-25cf-47d2-b36e-83bdbf390875,60bb2032-e32e-4fb8-8ce4-bd27af1d7e26,c3,c4,1451,?,i10,
1769091282.8645422,FORWARDED,5c064d06-25cf-47d2-b36e-83bdbf390875,60bb2032-e32e-4fb8-8ce4-bd27af1d7e26,c3,c4,1451,?,i10,
1769091282.9223902,RECEIVED,8cd1cfe8-d79e-4f9f-8da6-c12198554e29,254c985b-6fe8-4729-bb71-e4c7eea0752d,c1,c5,2036,p1,?,
1769091283.0158675,RECEIVED,af20f573-6915-413e-9ee9-76963a77f636,7f27b900-a19f-4550-b65c-ac8cd915ae46,c5,DROP,445,x8,?,
1769091283.0451355,RECEIVED,f8329437-6701-418d-a851-f323eeddcd78,f5368f56-b31b-4fce-9afe-9ed1050c955d,c1,DROP,447,x10,?,
1769091283.0980358,SENT,acb70a59-f5cd-4303-bbf0-c38a19cd74d1,d6b875d8-61ed-4edc-b58a-ab19d3189c96,c5,c4,1455,?,i11,
1769091283.0980842,FORWARDED,acb70a59-f5cd-4303-bbf0-c38a19cd74d1,d6b875d8-61ed-4edc-b58a-ab19d3189c96,c5,c4,1455,?,i11,
1769091283.1023262,SENT,8cd1cfe8-d79e-4f9f-8da6-c12198554e29,254c985b-6fe8-4729-bb71-e4c7eea0752d,c1,c5,1455,?,i12,
1769091283.1023667,FORWARDED,8cd1cfe8-d79e-4f9f-8da6-c12198554e29,254c985b-6fe8-4729-bb71-e4c7eea0752d,c1,c5,1455,?,i12,
1769091283.1906185,RECEIVED,ecf9085c-97c0-4a0e-9b0f-7d209720d3b6,b611cfc2-8350-418d-a358-2cdf50ca416b,c1,DROP,1444,p1,?,
1769091283.1991563,RECEIVED,554a6c52-2409-4dc7-a285-f4861d60e147,497f8550-4120-46e4-8409-71be957b9a50,c2,DROP,1439,p2,?,
1769091283.2304175,RECEIVED,12ea6243-ede8-4ffa-a2ba-c9c393a95e22,a55dbf94-c3d2-47d9-ab11-2f6f6f38d88c,c4,DROP,1458,p1,?,
1769091283.2921426,SENT,12ea6243-ede8-4ffa-a2ba-c9c393a95e22,a55dbf94-c3d2-47d9-ab11-2f6f6f38d88c,c4,DROP,1019,?,i11,
1769091283.2921824,FORWARDED,12ea6243-ede8-4ffa-a2ba-c9c393a95e22,a55dbf94-c3d2-47d9-ab11-2f6f6f38d88c,c4,DROP,1019,?,i11,
1769091283.2948346,SENT,ecf9085c-97c0-4a0e-9b0f-7d209720d3b6,b611cfc2-8350-418d-a358-2cdf50ca416b,c1,DROP,1011,?,i2,
1769091283.2948723,FORWARDED,ecf9085c-97c0-4a0e-9b0f-7d209720d3b6,b611cfc2-8350-418d-a358-2cdf50ca416b,c1,DROP,1011,?,i2,
1769091283.4254434,SENT,554a6c52-2409-4dc7-a285-f4861d60e147,497f8550-4120-46e4-8409-71be957b9a50,c2,DROP,1007,?,i4,
1769091283.4254823,FORWARDED,554a6c52-2409-4dc7-a285-f4861d60e147,497f8550-4120-46e4-8409-71be957b9a50,c2,DROP,1007,?,i4,
1769091283.961146,RECEIVED,fe11721c-f705-4311-af9a-d8a99533f723,fabc6d13-e278-4486-950a-950ee46a5723,c5,c4,2040,p2,?,
1769091284.0647507,RECEIVED,f4afe1c6-1708-48e0-8d0c-01e284f37f7e,a314e30d-1eaa-473e-a2e5-4c6e7ed24198,c3,DROP,1439,p3,?,
1769091284.1215868,RECEIVED,0e6dab09-a6b1-4431-a6e8-6b72061e2bf0,9970774d-9652-48fa-988f-5179ddf3443d,c3,c4,2034,p3,?,
1769091284.1592598,RECEIVED,a19a9939-053d-4267-a27f-f96ec72790a2,9ddf9129-3601-47a5-b600-60e1f43faa81,c1,c5,2039,p1,?,
1769091284.2092211,SENT,f4afe1c6-1708-48e0-8d0c-01e284f37f7e,a314e30d-1eaa-473e-a2e5-4c6e7ed24198,c3,DROP,1007,?,i9,
1769091284.2092617,FORWARDED,f4afe1c6-1708-48e0-8d0c-01e284f37f7e,a314e30d-1eaa-473e-a2e5-4c6e7ed24198,c3,DROP,1007,?,i9,
1769091284.2704723,RECEIVED,0f9b92ec-6248-4113-92ca-184643bd313b,8b20ba22-3771-47a8-a874-359dd734371c,c3,c4,2043,p3,?,
1769091284.3757415,RECEIVED,30a6e36b-5db1-47b6-918f-798a40723ac8,ca4ff0bc-609b-469b-bc5c-1df6c93b6cb5,c1,DROP,1456,p1,?,
1769091284.4610248,SENT,30a6e36b-5db1-47b6-918f-798a40723ac8,ca4ff0bc-609b-469b-bc5c-1df6c93b6cb5,c1,DROP,1020,?,i4,
1769091284.4610782,FORWARDED,30a6e36b-5db1-47b6-918f-798a40723ac8,ca4ff0bc-609b-469b-bc5c-1df6c93b6cb5,c1,DROP,1020,?,i4,
1769091284.5923364,RECEIVED,3c025987-cfe2-4e3c-a11b-ec97f5b0ca4c,d9527a5c-eecb-4a05-9c76-7930771e6479,c1,c5,2040,p1,?,
1769091284.598277,SENT,0e6dab09-a6b1-4431-a6e8-6b72061e2bf0,9970774d-9652-48fa-988f-5179ddf3443d,c3,c4,1455,?,i5,
1769091284.598321,FORWARDED,0e6dab09-a6b1-4431-a6e8-6b72061e2bf0,9970774d-9652-48fa-988f-5179ddf3443d,c3,c4,1455,?,i5,
1769091284.6362128,SENT,3c025987-cfe2-4e3c-a11b-ec97f5b0ca4c,d9527a5c-eecb-4a05-9c76-7930771e6479,c1,c5,1458,?,i6,
1769091284.6362545,FORWARDED,3c025987-cfe2-4e3c-a11b-ec97f5b0ca4c,d9527a5c-eecb-4a05-9c76-7930771e6479,c1,c5,1458,?,i6,
1769091284.6437597,RECEIVED,8f4a5447-497c-4d1d-9209-9de02f8d48e0,c680e84a-5741-4ed1-80ab-13b706543fdd,c1,c5,2031,p1,?,
1769091284.7755032,RECEIVED,a6c71c50-b806-41d1-8e0c-9019b4796610,4dcf259a-9c7d-46cd-a45b-3db2d06ffa11,c5,c4,2037,p2,?,
1769091284.8488514,SENT,a6c71c50-b806-41d1-8e0c-9019b4796610,4dcf259a-9c7d-46cd-a45b-3db2d06ffa11,c5,c4,1455,?,i11,
1769091284.848887,FORWARDED,a6c71c50-b806-41d1-8e0c-9019b4796610,4dcf259a-9c7d-46cd-a45b-3db2d06ffa11,c5,c4,1455,?,i11,
1769091284.8671887,SENT,0f9b92ec-6248-4113-92ca-184643bd313b,8b20ba22-3771-47a8-a874-359dd734371c,c3,c4,1460,?,i4,
1769091284.8677473,FORWARDED,0f9b92ec-6248-4113-92ca-184643bd313b,8b20ba22-3771-47a8-a874-359dd734371c,c3,c4,1460,?,i4,
1769091284.9623451,RECEIVED,a6f04f80-f836-4f0f-95e8-8509962bfd0c,09dcbce3-2291-4a18-b0fb-7a67f724c80d,c4,c1,2040,p1,?,
1769091284.9690917,SENT,a19a9939-053d-4267-a27f-f96ec72790a2,9ddf9129-3601-47a5-b600-60e1f43faa81,c1,c5,1456,?,i7,
1769091284.96914,FORWARDED,a19a9939-053d-4267-a27f-f96ec72790a2,9ddf9129-3601-47a5-b600-60e1f43faa81,c1,c5,1456,?,i7,
1769091285.0081615,SENT,fe11721c-f705-4311-af9a-d8a99533f723,fabc6d13-e278-4486-950a-950ee46a5723,c5,c4,1458,?,i12,
1769091285.0082006,FORWARDED,fe11721c-f705-4311-af9a-d8a99533f723,fabc6d13-e278-4486-950a-950ee46a5723,c5,c4,1458,?,i12,
1769091285.0658734,RECEIVED,470541cb-639b-4c25-b611-d85dd6969372,37e8f8de-6ad9-4dfb-81e0-ad30c7b74c4e,c4,DROP,446,x2,?,
1769091285.177345,RECEIVED,9482088a-404b-4f8b-8282-a0013b703952,d3126e65-da16-497b-8cd1-ac25a7701fc6,c5,c4,2041,p2,?,
1769091285.2029386,SENT,a6f04f80-f836-4f0f-95e8-8509962bfd0c,09dcbce3-2291-4a18-b0fb-7a67f724c80d,c4,c1,1456,?,i6,
1769091285.2029858,FORWARDED,a6f04f80-f836-4f0f-95e8-8509962bfd0c,09dcbce3-2291-4a18-b0fb-7a67f724c80d,c4,c1,1456,?,i6,
1769091285.3654532,RECEIVED,b5ea7b91-20f9-4798-ab4b-c03bd36565d9,b591ba96-198d-4a43-b460-8150e371e15c,c2,DROP,1447,p2,?,
1769091285.5591438,SENT,9482088a-404b-4f8b-8282-a0013b703952,d3126e65-da16-497b-8cd1-ac25a7701fc6,c5,c4,1456,?,i10,
1769091285.5591848,FORWARDED,9482088a-404b-4f8b-8282-a0013b703952,d3126e65-da16-497b-8cd1-ac25a7701fc6,c5,c4,1456,?,i10,
1769091285.633721,RECEIVED,e885dcb5-0ca1-48e4-8caf-9ce431b1a290,8e7c41a4-ed6a-49ce-aae1-8feb4172e971,c3,DROP,442,x11,?,
1769091285.6943703,RECEIVED,6f8de0b2-8b80-49d5-af3f-8645476f430a,34692ccc-3850-45d9-a7ca-8a036c8b1976,c3,c4,2031,p3,?,
1769091285.8373268,RECEIVED,f1b533cb-5e3f-4fc0-a07a-62525aaaefbf,a6749fa3-3027-4023-95f9-52a366eaf938,c5,DROP,1439,p2,?,
1769091285.8522544,RECEIVED,0f3dfdcb-4e44-4a2a-b760-713ece066ad5,d8eaa302-6fae-4085-8504-9298da9e341c,c1,c5,2044,p1,?,
1769091285.8722181,SENT,b5ea7b91-20f9-4798-ab4b-c03bd36565d9,b591ba96-198d-4a43-b460-8150e371e15c,c2,DROP,1012,?,i6,
1769091285.8722625,FORWARDED,b5ea7b91-20f9-4798-ab4b-c03bd36565d9,b591ba96-198d-4a43-b460-8150e371e15c,c2,DROP,1012,?,i6,
1769091285.8831449,SENT,8f4a5447-497c-4d1d-9209-9de02f8d48e0,c680e84a-5741-4ed1-80ab-13b706543fdd,c1,c5,1452,?,i2,
1769091285.8831856,FORWARDED,8f4a5447-497c-4d1d-9209-9de02f8d48e0,c680e84a-5741-4ed1-80ab-13b706543fdd,c1,c5,1452,?,i2,
1769091285.8854518,RECEIVED,e1a266fa-9b75-46b0-bb4c-15a92a34a3ae,b7d96d0f-dc0e-4789-8f48-f23c30693e2e,c5,DROP,1447,p2,?,
1769091286.1177723,SENT,0f3dfdcb-4e44-4a2a-b760-713ece066ad5,d8eaa302-6fae-4085-8504-9298da9e341c,c1,c5,1460,?,i9,
1769091286.1178124,FORWARDED,0f3dfdcb-4e44-4a2a-b760-713ece066ad5,d8eaa302-6fae-4085-8504-9298da9e341c,c1,c5,1460,?,i9,
1769091286.1282887,RECEIVED,513246ea-6475-4e77-b5f1-d5174f17405c,84a12414-bab8-4b9a-ac61-fa6c6f702b07,c3,c4,2048,p3,?,
1769091286.1285791,SENT,f1b533cb-5e3f-4fc0-a07a-62525aaaefbf,a6749fa3-3027-4023-95f9-52a366eaf938,c5,DROP,1007,?,i6,
1769091286.1286192,FORWARDED,f1b533cb-5e3f-4fc0-a07a-62525aaaefbf,a6749fa3-3027-4023-95f9-52a366eaf938,c5,DROP,1007,?,i6,
1769091286.1397974,RECEIVED,9d0dcf31-cf6a-4a9f-a913-792be784f736,9cdcd7a1-adc9-445f-9f17-4c54d9f0c8f3,c2,DROP,1460,p2,?,
1769091286.2118423,RECEIVED,17f31bd4-046f-47c7-98d4-b0af9a38856c,4073da61-c67f-4546-b3a7-1760745f7f6d,c4,DROP,1439,p1,?,
1769091286.266996,SENT,9d0dcf31-cf6a-4a9f-a913-792be784f736,9cdcd7a1-adc9-445f-9f17-4c54d9f0c8f3,c2,DROP,1021,?,i8,
1769091286.2670357,FORWARDED,9d0dcf31-cf6a-4a9f-a913-792be784f736,9cdcd7a1-adc9-445f-9f17-4c54d9f0c8f3,c2,DROP,1021,?,i8,
1769091286.2786937,RECEIVED,843722fc-84e9-4cce-a2e8-9e1c1a3ece24,c794204d-8fd2-4105-aa2e-5ecc960307dd,c2,DROP,1447,p2,?,
1769091286.4000738,RECEIVED,5a3504e2-28b2-4268-adfe-ca3ea8535faf,9802bff9-7d54-43fb-95f2-83316843d1b5,c2,c1,2032,p2,?,
1769091286.4302077,RECEIVED,21e56c54-dcc6-4c29-8b0b-72a0d2f48478,2738ff8c-78c9-4015-8158-ae67e272906e,c2,c1,2039,p2,?,
1769091286.463079,RECEIVED,9bd4b651-7109-4ac5-a473-78ca9e3b582b,e21f26a5-a4f7-4b97-9b10-872b11ac275e,c1,DROP,1448,p1,?,
1769091286.4908578,RECEIVED,d90c9dc4-7030-4f9d-a8d7-80243576f028,72f6b815-fb3e-44a6-9b71-7aa7f92ca0a9,c1,c5,2039,p1,?,
1769091286.5047033,SENT,5a3504e2-28b2-4268-adfe-ca3ea8535faf,9802bff9-7d54-43fb-95f2-83316843d1b5,c2,c1,1451,?,i7,
1769091286.5047393,FORWARDED,5a3504e2-28b2-4268-adfe-ca3ea8535faf,9802bff9-7d54-43fb-95f2-83316843d1b5,c2,c1,1451,?,i7,
1769091286.5990357,SENT,9bd4b651-7109-4ac5-a473-78ca9e3b582b,e21f26a5-a4f7-4b97-9b10-872b11ac275e,c1,DROP,1012,?,i9,
1769091286.5990822,FORWARDED,9bd4b651-7109-4ac5-a473-78ca9e3b582b,e21f26a5-a4f7-4b97-9b10-872b11ac275e,c1,DROP,1012,?,i9,
1769091286.6578913,SENT,17f31bd4-046f-47c7-98d4-b0af9a38856c,4073da61-c67f-4546-b3a7-1760745f7f6d,c4,DROP,1008,?,i9,
1769091286.6579328,FORWARDED,17f31bd4-046f-47c7-98d4-b0af9a38856c,4073da61-c67f-4546-b3a7-1760745f7f6d,c4,DROP,1008,?,i9,
1769091286.6878676,RECEIVED,6778471d-cf01-4ad9-89ab-71b0cf66f653,1d6fd140-653c-4f95-80fb-0db21a53c91c,c4,DROP,1451,p1,?,
1769091286.754747,SENT,6f8de0b2-8b80-49d5-af3f-8645476f430a,34692ccc-3850-45d9-a7ca-8a036c8b1976,c3,c4,1452,?,i7,
1769091286.754786,FORWARDED,6f8de0b2-8b80-49d5-af3f-8645476f430a,34692ccc-3850-45d9-a7ca-8a036c8b1976,c3,c4,1452,?,i7,
1769091286.8089747,RECEIVED,18ab4b56-924b-4b42-b445-a61cb4228c63,6dc7b67c-f40c-45da-ae9d-25e95cfcbd62,c3,c4,2044,p3,?,
1769091286.9105606,RECEIVED,d75a65cc-d96a-4427-8a8b-51b85296da38,943f3e65-50af-47b6-b3cf-efae3866ca4a,c1,DROP,1439,p1,?,
1769091286.915103,SENT,d90c9dc4-7030-4f9d-a8d7-80243576f028,72f6b815-fb3e-44a6-9b71-7aa7f92ca0a9,c1,c5,1456,?,i1,
1769091286.915143,FORWARDED,d90c9dc4-7030-4f9d-a8d7-80243576f028,72f6b815-fb3e-44a6-9b71-7aa7f92ca0a9,c1,c5,1456,?,i1,
1769091286.9719121,RECEIVED,3a98b893-e724-4c87-80b3-3404c7c02777,27f66042-5a16-4ac5-926e-4bf9093b5a91,c1,c5,2026,p1,?,
1769091286.9768481,RECEIVED,6c6751cf-fff4-4140-9fb8-4cc60e69d832,16d2fcee-8598-4bb0-b07a-4188892cdd51,c5,DROP,1452,p2,?,
1769091287.000726,RECEIVED,5f73060f-04f0-474a-9434-2cb7000d8cb2,b0578f4b-f906-48ae-b9a5-32e066996c16,c2,c1,2039,p2,?,
1769091287.0430923,SENT,6778471d-cf01-4ad9-89ab-71b0cf66f653,1d6fd140-653c-4f95-80fb-0db21a53c91c,c4,DROP,1016,?,i7,
1769091287.0431333,FORWARDED,6778471d-cf01-4ad9-89ab-71b0cf66f653,1d6fd140-653c-4f95-80fb-0db21a53c91c,c4,DROP,1016,?,i7,
1769091287.0490046,SENT,18ab4b56-924b-4b42-b445-a61cb4228c63,6dc7b67c-f40c-45da-ae9d-25e95cfcbd62,c3,c4,1460,?,i5,
1769091287.0490434,FORWARDED,18ab4b56-924b-4b42-b445-a61cb4228c63,6dc7b67c-f40c-45da-ae9d-25e95cfcbd62,c3,c4,1460,?,i5,
1769091287.1182382,SENT,6c6751cf-fff4-4140-9fb8-4cc60e69d832,16d2fcee-8598-4bb0-b07a-4188892cdd51,c5,DROP,1017,?,i5,
1769091287.1182911,FORWARDED,6c6751cf-fff4-4140-9fb8-4cc60e69d832,16d2fcee-8598-4bb0-b07a-4188892cdd51,c5,DROP,1017,?,i5,
1769091287.1667879,SENT,d75a65cc-d96a-4427-8a8b-51b85296da38,943f3e65-50af-47b6-b3cf-efae3866ca4a,c1,DROP,1008,?,i6,
1769091287.166827,FORWARDED,d75a65cc-d96a-4427-8a8b-51b85296da38,943f3e65-50af-47b6-b3cf-efae3866ca4a,c1,DROP,1008,?,i6,
1769091287.2106166,SENT,3a98b893-e724-4c87-80b3-3404c7c02777,27f66042-5a16-4ac5-926e-4bf9093b5a91,c1,c5,1448,?,i2,
1769091287.2106557,FORWARDED,3a98b893-e724-4c87-80b3-3404c7c02777,27f66042-5a16-4ac5-926e-4bf9093b5a91,c1,c5,1448,?,i2,
1769091287.3127725,SENT,5f73060f-04f0-474a-9434-2cb7000d8cb2,b0578f4b-f906-48ae-b9a5-32e066996c16,c2,c1,1456,?,i2,
1769091287.3128066,FORWARDED,5f73060f-04f0-474a-9434-2cb7000d8cb2,b0578f4b-f906-48ae-b9a5-32e066996c16,c2,c1,1456,?,i2,
1769091287.4229698,RECEIVED,5708caee-c49f-450c-b7dd-deeae33574f2,a1c1734b-822e-48a8-bb73-4f4df8dff4d8,c4,DROP,1459,p1,?,
1769091287.467837,RECEIVED,0d4fbea5-4242-4f85-9ba4-7d0edb35738d,6e4e9c1d-ccee-4d68-a180-25d3edb4c738,c4,c1,2032,p1,?,
1769091287.5013812,SENT,843722fc-84e9-4cce-a2e8-9e1c1a3ece24,c794204d-8fd2-4105-aa2e-5ecc960307dd,c2,DROP,1013,?,i3,
1769091287.501419,FORWARDED,843722fc-84e9-4cce-a2e8-9e1c1a3ece24,c794204d-8fd2-4105-aa2e-5ecc960307dd,c2,DROP,1013,?,i3,
1769091287.6565046,RECEIVED,4121652b-1310-4be8-b6d0-da5760bc59e3,1385137d-4b5c-481c-9c5f-b96104a9ad71,c4,c1,2041,p1,?,
1769091287.65789,SENT,513246ea-6475-4e77-b5f1-d5174f17405c,84a12414-bab8-4b9a-ac61-fa6c6f702b07,c3,c4,1463,?,i10,
1769091287.6579268,FORWARDED,513246ea-6475-4e77-b5f1-d5174f17405c,84a12414-bab8-4b9a-ac61-fa6c6f702b07,c3,c4,1463,?,i10,
1769091287.7081351,SENT,0d4fbea5-4242-4f85-9ba4-7d0edb35738d,6e4e9c1d-ccee-4d68-a180-25d3edb4c738,c4,c1,1450,?,i3,
1769091287.7081718,FORWARDED,0d4fbea5-4242-4f85-9ba4-7d0edb35738d,6e4e9c1d-ccee-4d68-a180-25d3edb4c738,c4,c1,1450,?,i3,
1769091287.8859503,SENT,4121652b-1310-4be8-b6d0-da5760bc59e3,1385137d-4b5c-481c-9c5f-b96104a9ad71,c4,c1,1456,?,i10,
1769091287.8859901,FORWARDED,4121652b-1310-4be8-b6d0-da5760bc59e3,1385137d-4b5c-481c-9c5f-b96104a9ad71,c4,c1,1456,?,i10,
1769091288.0332863,SENT,21e56c54-dcc6-4c29-8b0b-72a0d2f48478,2738ff8c-78c9-4015-8158-ae67e272906e,c2,c1,1456,?,i3,
1769091288.0335493,FORWARDED,21e56c54-dcc6-4c29-8b0b-72a0d2f48478,2738ff8c-78c9-4015-8158-ae67e272906e,c2,c1,1456,?,i3,
1769091288.081827,RECEIVED,5faadac1-49fb-4770-b5e1-10b289726e90,28ecfe4b-fd53-4ad1-b6af-e534a5462ee2,c5,DROP,1456,p2,?,
1769091288.1308737,RECEIVED,786ed285-63a4-4ef0-a77d-25e7535eb869,2d2e3d92-03fa-43c0-a511-3ab199e22a65,c1,c5,2031,p1,?,
1769091288.1712,SENT,5faadac1-49fb-4770-b5e1-10b289726e90,28ecfe4b-fd53-4ad1-b6af-e534a5462ee2,c5,DROP,1020,?,i2,
1769091288.1712399,FORWARDED,5faadac1-49fb-4770-b5e1-10b289726e90,28ecfe4b-fd53-4ad1-b6af-e534a5462ee2,c5,DROP,1020,?,i2,
1769091288.309719,RECEIVED,beb9d795-9b67-4e08-a004-3d1439955aa6,c667cfb2-59f4-4eef-b5a6-776765c9d413,c5,c4,2035,p2,?,
1769091288.5704753,RECEIVED,fca01bb2-a3c7-4a2a-b10f-002a2dcd682d,bfaed1e6-1eb4-4b9e-b03b-702d378e2302,c2,c1,2043,p2,?,
1769091288.601696,RECEIVED,bb3cb89e-9964-48ce-9953-c48f328b4fd7,9a789608-e231-4810-b9ff-33793a69bbfa,c2,c1,2044,p2,?,
1769091288.6325834,RECEIVED,72a8097d-6c76-45cd-9bda-4b0dda528711,5a6f6702-e849-45f2-b70c-e925591a1bf7,c5,c4,2032,p2,?,
1769091288.6346774,SENT,786ed285-63a4-4ef0-a77d-25e7535eb869,2d2e3d92-03fa-43c0-a511-3ab199e22a65,c1,c5,1451,?,i6,
1769091288.6355476,FORWARDED,786ed285-63a4-4ef0-a77d-25e7535eb869,2d2e3d92-03fa-43c0-a511-3ab199e22a65,c1,c5,1451,?,i6,
1769091288.6788158,SENT,e1a266fa-9b75-46b0-bb4c-15a92a34a3ae,b7d96d0f-dc0e-4789-8f48-f23c30693e2e,c5,DROP,1012,?,i5,
1769091288.6788542,FORWARDED,e1a266fa-9b75-46b0-bb4c-15a92a34a3ae,b7d96d0f-dc0e-4789-8f48-f23c30693e2e,c5,DROP,1012,?,i5,
1769091288.742522,SENT,72a8097d-6c76-45cd-9bda-4b0dda528711,5a6f6702-e849-45f2-b70c-e925591a1bf7,c5,c4,1450,?,i2,
1769091288.742561,FORWARDED,72a8097d-6c76-45cd-9bda-4b0dda528711,5a6f6702-e849-45f2-b70c-e925591a1bf7,c5,c4,1450,?,i2,
1769091288.7767117,SENT,beb9d795-9b67-4e08-a004-3d1439955aa6,c667cfb2-59f4-4eef-b5a6-776765c9d413,c5,c4,1455,?,i4,
1769091288.776751,FORWARDED,beb9d795-9b67-4e08-a004-3d1439955aa6,c667cfb2-59f4-4eef-b5a6-776765c9d413,c5,c4,1455,?,i4,
1769091288.8224106,SENT,5708caee-c49f-450c-b7dd-deeae33574f2,a1c1734b-822e-48a8-bb73-4f4df8dff4d8,c4,DROP,1021,?,i10,
1769091288.8224506,FORWARDED,5708caee-c49f-450c-b7dd-deeae33574f2,a1c1734b-822e-48a8-bb73-4f4df8dff4d8,c4,DROP,1021,?,i10,
1769091288.9292014,RECEIVED,d453da4a-a25f-42b9-9b81-0fc7e4e141fe,4800092f-a9a5-4b7f-ae50-4fcb6e54ccde,c4,DROP,444,x12,?,
1769091288.945362,RECEIVED,e4ca96fe-29f7-4b35-be64-ebdbea9f24e3,98413e98-0951-40ca-b53e-cf749ab257f8,c1,c5,2036,p1,?,
1769091288.96404,SENT,bb3cb89e-9964-48ce-9953-c48f328b4fd7,9a789608-e231-4810-b9ff-33793a69bbfa,c2,c1,1461,?,i12,
1769091288.9640977,FORWARDED,bb3cb89e-9964-48ce-9953-c48f328b4fd7,9a789608-e231-4810-b9ff-33793a69bbfa,c2,c1,1461,?,i12,
1769091289.0121198,SENT,fca01bb2-a3c7-4a2a-b10f-002a2dcd682d,bfaed1e6-1eb4-4b9e-b03b-702d378e2302,c2,c1,1461,?,i3,
1769091289.0121646,FORWARDED,fca01bb2-a3c7-4a2a-b10f-002a2dcd682d,bfaed1e6-1eb4-4b9e-b03b-702d378e2302,c2,c1,1461,?,i3,
1769091289.1456978,RECEIVED,38a31385-025d-4787-b875-7724144e39ad,628666a5-fb56-4e81-bbe9-a464d8d250de,c2,c1,2035,p2,?,
1769091289.2708464,RECEIVED,0831bf63-4948-43b9-84e0-ec4cb4200730,15cacd4b-e85c-4f3d-b077-4694652ff14e,c2,DROP,1448,p2,?,
1769091289.3341417,RECEIVED,7eadc930-5e63-44b5-bd98-300dd65d75e1,22c5b2e0-d431-460b-b04a-448ee95fd34b,c4,DROP,441,x9,?,
1769091289.3452435,RECEIVED,860ce395-e828-4b68-8309-e6fc9b5d69d4,8105f03d-2813-4c32-a1a0-210c5e844ac8,c3,DROP,1454,p3,?,
1769091289.4512718,RECEIVED,d95709df-db18-4e1a-a440-0303da035eb8,44037c0d-49f3-44d2-b06b-900b5dba2491,c2,DROP,445,x11,?,
1769091289.5827546,RECEIVED,eeeee3ef-342f-4c99-9a69-6110e487d9aa,d7520c4d-8997-406f-a905-872a05865e11,c4,c1,2040,p1,?,
1769091289.633684,SENT,e4ca96fe-29f7-4b35-be64-ebdbea9f24e3,98413e98-0951-40ca-b53e-cf749ab257f8,c1,c5,1455,?,i12,
1769091289.6337204,FORWARDED,e4ca96fe-29f7-4b35-be64-ebdbea9f24e3,98413e98-0951-40ca-b53e-cf749ab257f8,c1,c5,1455,?,i12,
1769091289.6413083,RECEIVED,015186d8-d601-4672-8c93-36650741438d,5b947796-ca08-4d63-86bd-4adc92adbdf1,c5,DROP,1452,p2,?,
1769091289.6524854,SENT,38a31385-025d-4787-b875-7724144e39ad,628666a5-fb56-4e81-bbe9-a464d8d250de,c2,c1,1455,?,i5,
1769091289.652524,FORWARDED,38a31385-025d-4787-b875-7724144e39ad,628666a5-fb56-4e81-bbe9-a464d8d250de,c2,c1,1455,?,i5,
1769091289.691561,SENT,eeeee3ef-342f-4c99-9a69-6110e487d9aa,d7520c4d-8997-406f-a905-872a05865e11,c4,c1,1457,?,i1,
1769091289.691601,FORWARDED,eeeee3ef-342f-4c99-9a69-6110e487d9aa,d7520c4d-8997-406f-a905-872a05865e11,c4,c1,1457,?,i1,
1769091289.7339456,SENT,015186d8-d601-4672-8c93-36650741438d,5b947796-ca08-4d63-86bd-4adc92adbdf1,c5,DROP,1015,?,i2,
1769091289.7339811,FORWARDED,015186d8-d601-4672-8c93-36650741438d,5b947796-ca08-4d63-86bd-4adc92adbdf1,c5,DROP,1015,?,i2,
1769091289.7523148,SENT,0831bf63-4948-43b9-84e0-ec4cb4200730,15cacd4b-e85c-4f3d-b077-4694652ff14e,c2,DROP,1012,?,i7,
1769091289.752355,FORWARDED,0831bf63-4948-43b9-84e0-ec4cb4200730,15cacd4b-e85c-4f3d-b077-4694652ff14e,c2,DROP,1012,?,i7,
1769091289.9677305,RECEIVED,e5d43b1f-7c11-4cce-b523-74305907cc04,53068c2e-d189-4e56-8aae-7ca2c95dcfe3,c5,c4,2035,p2,?,
1769091289.9943998,RECEIVED,632ffc2a-da35-43d1-8024-8d719f67443f,297460e9-7346-4ef3-8de4-a279632cf1de,c5,DROP,1456,p2,?,
1769091290.0067787,RECEIVED,74a7678a-a250-49a0-ae90-2223ed9b90f9,92b423dc-375a-4824-8d5a-3a90771294b1,c2,c1,2040,p2,?,
1769091290.1823938,SENT,632ffc2a-da35-43d1-8024-8d719f67443f,297460e9-7346-4ef3-8de4-a279632cf1de,c5,DROP,1019,?,i8,
1769091290.1824338,FORWARDED,632ffc2a-da35-43d1-8024-8d719f67443f,297460e9-7346-4ef3-8de4-a279632cf1de,c5,DROP,1019,?,i8,
1769091290.2145364,SENT,74a7678a-a250-49a0-ae90-2223ed9b90f9,92b423dc-375a-4824-8d5a-3a90771294b1,c2,c1,1456,?,i3,
1769091290.2145753,FORWARDED,74a7678a-a250-49a0-ae90-2223ed9b90f9,92b423dc-375a-4824-8d5a-3a90771294b1,c2,c1,1456,?,i3,
1769091290.21883,RECEIVED,a372bb90-3cfc-42d9-86a9-6451345866d3,860bb4c3-134b-4a82-8f87-8c331caac2d4,c2,DROP,1452,p2,?,
1769091290.2377045,SENT,e5d43b1f-7c11-4cce-b523-74305907cc04,53068c2e-d189-4e56-8aae-7ca2c95dcfe3,c5,c4,1455,?,i1,
1769091290.2377446,FORWARDED,e5d43b1f-7c11-4cce-b523-74305907cc04,53068c2e-d189-4e56-8aae-7ca2c95dcfe3,c5,c4,1455,?,i1,
1769091290.266408,RECEIVED,5f8bd901-dcb8-4ef7-9287-bedd24ba03e3,bdfbdd17-b667-4ce1-bb17-dfb1fbe5bda5,c4,c1,2030,p1,?,
1769091290.4069943,SENT,a372bb90-3cfc-42d9-86a9-6451345866d3,860bb4c3-134b-4a82-8f87-8c331caac2d4,c2,DROP,1016,?,i11,
1769091290.4070945,FORWARDED,a372bb90-3cfc-42d9-86a9-6451345866d3,860bb4c3-134b-4a82-8f87-8c331caac2d4,c2,DROP,1016,?,i11,
1769091290.4994333,RECEIVED,bf81daba-988a-4489-bc30-1b599d0580d7,a9124390-4256-48c7-b314-311af36ecb7c,c4,c1,2035,p1,?,
1769091290.8414257,RECEIVED,f74e8d9b-cd42-40cf-a16d-14279e8d40ae,77e598d4-2898-469f-bf60-630c2c2b1bbc,c1,DROP,441,x9,?,
1769091291.0372624,SENT,bf81daba-988a-4489-bc30-1b599d0580d7,a9124390-4256-48c7-b314-311af36ecb7c,c4,c1,1454,?,i8,
1769091291.0373096,FORWARDED,bf81daba-988a-4489-bc30-1b599d0580d7,a9124390-4256-48c7-b314-311af36ecb7c,c4,c1,1454,?,i8,
1769091291.1188803,RECEIVED,1c34ea39-076c-4431-83cd-28c027aae1ef,6c97187c-7616-4e8f-9ea3-f55ea8383aaa,c1,DROP,1461,p1,?,
1769091291.139831,SENT,1c34ea39-076c-4431-83cd-28c027aae1ef,6c97187c-7616-4e8f-9ea3-f55ea8383aaa,c1,DROP,1021,?,i10,
1769091291.1398704,FORWARDED,1c34ea39-076c-4431-83cd-28c027aae1ef,6c97187c-7616-4e8f-9ea3-f55ea8383aaa,c1,DROP,1021,?,i10,
1769091291.7707233,RECEIVED,3caf2184-c071-41e2-af72-5d7e0499a711,e0875186-f123-4dff-86a4-17b2b04ee251,c4,DROP,1447,p1,?,
1769091291.8888068,RECEIVED,6f81efc6-e380-421c-b033-741f71150292,37e42e67-5a99-4de2-8004-62eed72cb141,c3,DROP,445,x4,?,
1769091292.0256128,SENT,860ce395-e828-4b68-8309-e6fc9b5d69d4,8105f03d-2813-4c32-a1a0-210c5e844ac8,c3,DROP,1020,?,i4,
1769091292.025655,FORWARDED,860ce395-e828-4b68-8309-e6fc9b5d69d4,8105f03d-2813-4c32-a1a0-210c5e844ac8,c3,DROP,1020,?,i4,
1769091292.2008893,RECEIVED,1fa3b85f-d95a-4a25-bb16-f151ec15d4f0,f9f9200d-746e-4295-844c-4495d7262374,c2,DROP,1452,p2,?,
1769091292.2769692,RECEIVED,7b0c11d6-1db7-4269-9dbd-80280bfa6d11,6fc42708-9b01-4ca9-addd-0eea84daefe5,c2,c1,2024,p2,?,
1769091292.3105896,SENT,3caf2184-c071-41e2-af72-5d7e0499a711,e0875186-f123-4dff-86a4-17b2b04ee251,c4,DROP,1012,?,i9,
1769091292.3106282,FORWARDED,3caf2184-c071-41e2-af72-5d7e0499a711,e0875186-f123-4dff-86a4-17b2b04ee251,c4,DROP,1012,?,i9,
1769091292.3785777,SENT,1fa3b85f-d95a-4a25-bb16-f151ec15d4f0,f9f9200d-746e-4295-844c-4495d7262374,c2,DROP,1015,?,i8,
1769091292.3786194,FORWARDED,1fa3b85f-d95a-4a25-bb16-f151ec15d4f0,f9f9200d-746e-4295-844c-4495d7262374,c2,DROP,1015,?,i8,
1769091292.455768,SENT,7b0c11d6-1db7-4269-9dbd-80280bfa6d11,6fc42708-9b01-4ca9-addd-0eea84daefe5,c2,c1,1446,?,i4,
1769091292.4558082,FORWARDED,7b0c11d6-1db7-4269-9dbd-80280bfa6d11,6fc42708-9b01-4ca9-addd-0eea84daefe5,c2,c1,1446,?,i4,
1769091292.5711637,RECEIVED,69867159-8a5e-4ef2-871f-33f3f348e963,54f878c9-632b-4d94-970c-df272b92d3c0,c4,c1,2035,p1,?,
1769091292.6462073,RECEIVED,7d4e8e6d-6a86-49eb-b67b-d513ec6d2bed,33ea82a2-a43e-4213-92be-eff1c6b9fed2,c3,c4,2048,p3,?,
1769091292.6769335,RECEIVED,60c99c7f-4e05-4d64-b6c3-cd0ed11948fc,02ffb98e-3ff3-4609-b8ea-63ad5ce2b49d,c2,DROP,1456,p2,?,
1769091292.7101512,SENT,7d4e8e6d-6a86-49eb-b67b-d513ec6d2bed,33ea82a2-a43e-4213-92be-eff1c6b9fed2,c3,c4,1464,?,i6,
1769091292.7101953,FORWARDED,7d4e8e6d-6a86-49eb-b67b-d513ec6d2bed,33ea82a2-a43e-4213-92be-eff1c6b9fed2,c3,c4,1464,?,i6,
1769091292.7111971,RECEIVED,14bb15a2-a25d-4891-856a-d35bcf1a4e83,e6d00bde-54bc-41fc-a167-2097b47700ce,c2,c1,2036,p2,?,
1769091292.7290723,RECEIVED,d8fcb434-294a-4d21-9bf0-feaf4c7974ea,1420a0fe-ae45-4ad0-9db4-13f2eaf9a4fc,c2,c1,2028,p2,?,
1769091292.7444928,RECEIVED,78b52da8-cfd7-4e01-8779-6e7a7e7b8b48,3b93bf50-c93a-455a-8365-889c48e9c6f9,c5,c4,2023,p2,?,
1769091292.813327,SENT,14bb15a2-a25d-4891-856a-d35bcf1a4e83,e6d00bde-54bc-41fc-a167-2097b47700ce,c2,c1,1455,?,i6,
1769091292.8133636,FORWARDED,14bb15a2-a25d-4891-856a-d35bcf1a4e83,e6d00bde-54bc-41fc-a167-2097b47700ce,c2,c1,1455,?,i6,
1769091292.8168437,SENT,d8fcb434-294a-4d21-9bf0-feaf4c7974ea,1420a0fe-ae45-4ad0-9db4-13f2eaf9a4fc,c2,c1,1447,?,i5,
1769091292.8168843,FORWARDED,d8fcb434-294a-4d21-9bf0-feaf4c7974ea,1420a0fe-ae45-4ad0-9db4-13f2eaf9a4fc,c2,c1,1447,?,i5,
1769091292.9319777,RECEIVED,e898b9ce-458d-4519-8c8d-e01383746e57,7f02efa5-d83a-43d5-931c-0f4f317d5ea4,c2,DROP,446,x8,?,
1769091292.932507,SENT,69867159-8a5e-4ef2-871f-33f3f348e963,54f878c9-632b-4d94-970c-df272b92d3c0,c4,c1,1455,?,i1,
1769091292.9325473,FORWARDED,69867159-8a5e-4ef2-871f-33f3f348e963,54f878c9-632b-4d94-970c-df272b92d3c0,c4,c1,1455,?,i1,
1769091293.1832592,RECEIVED,3a743033-56db-4283-9621-0b465ba208be,03cf8399-dd17-47d4-8587-bc34e6da6bbe,c3,c4,2032,p3,?,
1769091293.2108984,RECEIVED,a5b3282b-34f4-41b9-ae53-837b9822e4c2,f24c7cfa-2eb2-4935-bdf8-3f68367eeba9,c3,c4,2020,p3,?,
1769091293.2735746,SENT,a5b3282b-34f4-41b9-ae53-837b9822e4c2,f24c7cfa-2eb2-4935-bdf8-3f68367eeba9,c3,c4,1443,?,i5,
1769091293.2739878,FORWARDED,a5b3282b-34f4-41b9-ae53-837b9822e4c2,f24c7cfa-2eb2-4935-bdf8-3f68367eeba9,c3,c4,1443,?,i5,
1769091293.4627666,SENT,5f8bd901-dcb8-4ef7-9287-bedd24ba03e3,bdfbdd17-b667-4ce1-bb17-dfb1fbe5bda5,c4,c1,1451,?,i3,
1769091293.4628043,FORWARDED,5f8bd901-dcb8-4ef7-9287-bedd24ba03e3,bdfbdd17-b667-4ce1-bb17-dfb1fbe5bda5,c4,c1,1451,?,i3,
1769091293.4804432,SENT,3a743033-56db-4283-9621-0b465ba208be,03cf8399-dd17-47d4-8587-bc34e6da6bbe,c3,c4,1451,?,i3,
1769091293.4804828,FORWARDED,3a743033-56db-4283-9621-0b465ba208be,03cf8399-dd17-47d4-8587-bc34e6da6bbe,c3,c4,1451,?,i3,
1769091293.4915738,RECEIVED,1e05fb59-0fc1-4b3e-a79c-106bd03e6551,f3f0d6df-2338-4cde-ae5e-8b6247addfc8,c4,DROP,1452,p1,?,
1769091293.5116525,RECEIVED,0f0544e3-14f0-47dc-b914-7e75bd8f797e,25b395ee-91b1-4c24-bfd5-6925871eee3f,c2,DROP,1454,p2,?,
1769091293.6186652,RECEIVED,7b8ffbb4-c847-4733-bb2f-b93a1df03a9d,bdb3558b-6c20-4852-831e-80a58a4a77c4,c1,c5,2049,p1,?,
1769091293.6383274,RECEIVED,b58efe7f-473f-463c-b9e2-90bb64e457a7,0933e104-ca46-4d5a-8cab-78b2d83b3e74,c1,c5,2032,p1,?,
1769091293.7051628,SENT,b58efe7f-473f-463c-b9e2-90bb64e457a7,0933e104-ca46-4d5a-8cab-78b2d83b3e74,c1,c5,1452,?,i2,
1769091293.7052023,FORWARDED,b58efe7f-473f-463c-b9e2-90bb64e457a7,0933e104-ca46-4d5a-8cab-78b2d83b3e74,c1,c5,1452,?,i2,
1769091293.7347572,RECEIVED,cb15cf55-3bc6-44e5-9be3-c8f5d7fadcda,7d4ad5e2-213f-4cab-afd5-aa59d1869481,c1,c5,2036,p1,?,
1769091293.8076828,SENT,cb15cf55-3bc6-44e5-9be3-c8f5d7fadcda,7d4ad5e2-213f-4cab-afd5-aa59d1869481,c1,c5,1455,?,i8,
1769091293.8077202,FORWARDED,cb15cf55-3bc6-44e5-9be3-c8f5d7fadcda,7d4ad5e2-213f-4cab-afd5-aa59d1869481,c1,c5,1455,?,i8,
1769091293.8186605,RECEIVED,3a71a1c8-64ba-4949-a58e-f38a7ba82e34,a3d37426-7eeb-4238-bd3e-2f0c4883ea80,c5,c4,2036,p2,?,
1769091293.8331323,SENT,1e05fb59-0fc1-4b3e-a79c-106bd03e6551,f3f0d6df-2338-4cde-ae5e-8b6247addfc8,c4,DROP,1015,?,i8,
1769091293.833176,FORWARDED,1e05fb59-0fc1-4b3e-a79c-106bd03e6551,f3f0d6df-2338-4cde-ae5e-8b6247addfc8,c4,DROP,1015,?,i8,
1769091293.9077444,RECEIVED,ad59f498-a7e1-4319-9291-5106725262c1,210e4f62-b97e-4ec0-97e7-8da2df6d1f00,c3,c4,2044,p3,?,
1769091293.9423885,SENT,60c99c7f-4e05-4d64-b6c3-cd0ed11948fc,02ffb98e-3ff3-4609-b8ea-63ad5ce2b49d,c2,DROP,1019,?,i11,
1769091293.942435,FORWARDED,60c99c7f-4e05-4d64-b6c3-cd0ed11948fc,02ffb98e-3ff3-4609-b8ea-63ad5ce2b49d,c2,DROP,1019,?,i11,
1769091293.953165,RECEIVED,01e4218a-78c0-4b28-9654-87cccf7b0f6a,81c1ae23-a0c5-4793-8d66-aaa60e6765c8,c1,c5,2040,p1,?,
1769091294.0690033,SENT,7b8ffbb4-c847-4733-bb2f-b93a1df03a9d,bdb3558b-6c20-4852-831e-80a58a4a77c4,c1,c5,1463,?,i10,
1769091294.0690413,FORWARDED,7b8ffbb4-c847-4733-bb2f-b93a1df03a9d,bdb3558b-6c20-4852-831e-80a58a4a77c4,c1,c5,1463,?,i10,
1769091294.0727472,SENT,3a71a1c8-64ba-4949-a58e-f38a7ba82e34,a3d37426-7eeb-4238-bd3e-2f0c4883ea80,c5,c4,1455,?,i8,
1769091294.0727878,FORWARDED,3a71a1c8-64ba-4949-a58e-f38a7ba82e34,a3d37426-7eeb-4238-bd3e-2f0c4883ea80,c5,c4,1455,?,i8,
1769091294.084865,SENT,ad59f498-a7e1-4319-9291-5106725262c1,210e4f62-b97e-4ec0-97e7-8da2df6d1f00,c3,c4,1460,?,i6,
1769091294.084903,FORWARDED,ad59f498-a7e1-4319-9291-5106725262c1,210e4f62-b97e-4ec0-97e7-8da2df6d1f00,c3,c4,1460,?,i6,
1769091294.2494454,RECEIVED,edb31437-d4c8-4bdc-9059-f7fbf0058429,1f9570fb-0a2a-43c3-8dd7-27b4869db6fe,c1,DROP,1440,p1,?,
1769091294.283482,SENT,0f0544e3-14f0-47dc-b914-7e75bd8f797e,25b395ee-91b1-4c24-bfd5-6925871eee3f,c2,DROP,1020,?,i5,
1769091294.283522,FORWARDED,0f0544e3-14f0-47dc-b914-7e75bd8f797e,25b395ee-91b1-4c24-bfd5-6925871eee3f,c2,DROP,1020,?,i5,
1769091294.3395197,SENT,edb31437-d4c8-4bdc-9059-f7fbf0058429,1f9570fb-0a2a-43c3-8dd7-27b4869db6fe,c1,DROP,1006,?,i9,
1769091294.3395615,FORWARDED,edb31437-d4c8-4bdc-9059-f7fbf0058429,1f9570fb-0a2a-43c3-8dd7-27b4869db6fe,c1,DROP,1006,?,i9,
1769091294.651158,RECEIVED,2a2eca96-25ce-47f9-9c10-b3ae07f60863,1a49440e-db73-49be-b7fd-a3358c68f922,c1,c5,2035,p1,?,
1769091294.715814,RECEIVED,320e717a-6942-43eb-9c68-975a995dd180,bad8994b-6ab5-4a1e-81a8-031cd4201ccf,c2,c1,2045,p2,?,
1769091294.7717617,RECEIVED,d370716e-a477-4e1e-bfd0-19f4935fc345,6efc59c6-8143-4f70-b66a-ca356d42025e,c5,c4,2036,p2,?,
1769091294.8259106,SENT,d370716e-a477-4e1e-bfd0-19f4935fc345,6efc59c6-8143-4f70-b66a-ca356d42025e,c5,c4,1455,?,i5,
1769091294.8259494,FORWARDED,d370716e-a477-4e1e-bfd0-19f4935fc345,6efc59c6-8143-4f70-b66a-ca356d42025e,c5,c4,1455,?,i5,
1769091294.829482,SENT,320e717a-6942-43eb-9c68-975a995dd180,bad8994b-6ab5-4a1e-81a8-031cd4201ccf,c2,c1,1460,?,i11,
1769091294.8295312,FORWARDED,320e717a-6942-43eb-9c68-975a995dd180,bad8994b-6ab5-4a1e-81a8-031cd4201ccf,c2,c1,1460,?,i11,
1769091294.8407362,RECEIVED,229432d0-b6ae-4521-85cb-8c7415a335ba,4a150fbf-dda8-4fa9-b169-424c180853dd,c2,DROP,1459,p2,?,
1769091294.9217443,RECEIVED,d4ff3860-12ae-44d7-a156-71215d108e80,dbede964-6299-4c2b-a739-bea201031656,c1,c5,2032,p1,?,
1769091294.9840922,RECEIVED,14a952a4-d1b3-4060-81a1-d11c84057ad4,377e1894-3321-4ad6-9f63-e1b1d39be5dc,c1,c5,2040,p1,?,
1769091295.0720863,SENT,d4ff3860-12ae-44d7-a156-71215d108e80,dbede964-6299-4c2b-a739-bea201031656,c1,c5,1452,?,i7,
1769091295.0721335,FORWARDED,d4ff3860-12ae-44d7-a156-71215d108e80,dbede964-6299-4c2b-a739-bea201031656,c1,c5,1452,?,i7,
1769091295.1025176,RECEIVED,eeaeaaa3-709d-4188-9341-974c0c778405,64095b96-ba4c-4d70-9b76-915aceb10b9c,c5,c4,2040,p2,?,
1769091295.137654,SENT,14a952a4-d1b3-4060-81a1-d11c84057ad4,377e1894-3321-4ad6-9f63-e1b1d39be5dc,c1,c5,1458,?,i5,
1769091295.1377046,FORWARDED,14a952a4-d1b3-4060-81a1-d11c84057ad4,377e1894-3321-4ad6-9f63-e1b1d39be5dc,c1,c5,1458,?,i5,
1769091295.2066562,RECEIVED,d387129a-0195-409b-853a-53d83127043f,012ab0b2-cd65-45bf-bccd-24361125d2f8,c5,DROP,443,x6,?,
1769091295.2681963,SENT,01e4218a-78c0-4b28-9654-87cccf7b0f6a,81c1ae23-a0c5-4793-8d66-aaa60e6765c8,c1,c5,1456,?,i11,
1769091295.268233,FORWARDED,01e4218a-78c0-4b28-9654-87cccf7b0f6a,81c1ae23-a0c5-4793-8d66-aaa60e6765c8,c1,c5,1456,?,i11,
1769091295.2764385,SENT,eeaeaaa3-709d-4188-9341-974c0c778405,64095b96-ba4c-4d70-9b76-915aceb10b9c,c5,c4,1457,?,i2,
1769091295.276482,FORWARDED,eeaeaaa3-709d-4188-9341-974c0c778405,64095b96-ba4c-4d70-9b76-915aceb10b9c,c5,c4,1457,?,i2,
1769091295.2991278,RECEIVED,a8131688-c04d-4000-8dfc-ba91f3d0e59b,7d832404-e0fa-459e-96bf-16eec456ea2f,c4,DROP,442,x4,?,
1769091295.4094973,SENT,229432d0-b6ae-4521-85cb-8c7415a335ba,4a150fbf-dda8-4fa9-b169-424c180853dd,c2,DROP,1021,?,i9,
1769091295.4095454,FORWARDED,229432d0-b6ae-4521-85cb-8c7415a335ba,4a150fbf-dda8-4fa9-b169-424c180853dd,c2,DROP,1021,?,i9,
1769091295.4212286,SENT,78b52da8-cfd7-4e01-8779-6e7a7e7b8b48,3b93bf50-c93a-455a-8365-889c48e9c6f9,c5,c4,1444,?,i4,
1769091295.4212682,FORWARDED,78b52da8-cfd7-4e01-8779-6e7a7e7b8b48,3b93bf50-c93a-455a-8365-889c48e9c6f9,c5,c4,1444,?,i4,
1769091295.6229532,RECEIVED,9960f039-6005-47e1-b918-bfa3ed847c41,e4761fc3-07e7-4b68-8dc0-1e209dc4ffd7,c5,DROP,1447,p2,?,
1769091295.7204506,RECEIVED,8d610a6f-42d7-493d-99f6-49e962424a7d,19b301dd-b5aa-42a1-81dd-9ed716e05bb9,c2,c1,2036,p2,?,
1769091295.7563422,RECEIVED,42b942db-8bbf-4f73-87de-2668f339eb17,dc72d7c1-cbab-4422-af46-f129d993be05,c3,c4,2051,p3,?,
1769091295.8458207,RECEIVED,dd206ccc-f6cd-467f-a5b9-3fda926a4979,d9fac85c-0873-4a6f-8b1a-db0831752c76,c5,DROP,1456,p2,?,
1769091295.8536823,SENT,8d610a6f-42d7-493d-99f6-49e962424a7d,19b301dd-b5aa-42a1-81dd-9ed716e05bb9,c2,c1,1455,?,i1,
1769091295.8537257,FORWARDED,8d610a6f-42d7-493d-99f6-49e962424a7d,19b301dd-b5aa-42a1-81dd-9ed716e05bb9,c2,c1,1455,?,i1,
1769091295.8683727,SENT,2a2eca96-25ce-47f9-9c10-b3ae07f60863,1a49440e-db73-49be-b7fd-a3358c68f922,c1,c5,1455,?,i7,
1769091295.8684142,FORWARDED,2a2eca96-25ce-47f9-9c10-b3ae07f60863,1a49440e-db73-49be-b7fd-a3358c68f922,c1,c5,1455,?,i7,
1769091295.8959036,RECEIVED,b38a934a-7a64-4558-b409-4feaaeff1472,a48ba05f-c424-49b4-9c76-5e77d57c34c0,c5,DROP,445,x9,?,
1769091295.9178164,SENT,dd206ccc-f6cd-467f-a5b9-3fda926a4979,d9fac85c-0873-4a6f-8b1a-db0831752c76,c5,DROP,1020,?,i8,
1769091295.9178565,FORWARDED,dd206ccc-f6cd-467f-a5b9-3fda926a4979,d9fac85c-0873-4a6f-8b1a-db0831752c76,c5,DROP,1020,?,i8,
1769091296.0627205,SENT,42b942db-8bbf-4f73-87de-2668f339eb17,dc72d7c1-cbab-4422-af46-f129d993be05,c3,c4,1465,?,i8,
1769091296.0627623,FORWARDED,42b942db-8bbf-4f73-87de-2668f339eb17,dc72d7c1-cbab-4422-af46-f129d993be05,c3,c4,1465,?,i8,
1769091296.1363387,RECEIVED,f85d8c59-31ce-48df-9810-876dbdee5376,ecd4f3e7-0359-4e1d-9e07-caf13d8c212f,c4,c1,2043,p1,?,
1769091296.5997279,RECEIVED,b98fdf7a-e9ac-416a-96ea-da0e9707dae6,7c9c750b-033a-4393-89ca-1fafbb528d80,c5,c4,2043,p2,?,
1769091296.727909,SENT,9960f039-6005-47e1-b918-bfa3ed847c41,e4761fc3-07e7-4b68-8dc0-1e209dc4ffd7,c5,DROP,1014,?,i4,
1769091296.7279499,FORWARDED,9960f039-6005-47e1-b918-bfa3ed847c41,e4761fc3-07e7-4b68-8dc0-1e209dc4ffd7,c5,DROP,1014,?,i4,
1769091296.7495031,RECEIVED,15a4b33b-a926-485a-b27e-2309704b4c55,326c8088-43c1-4320-a523-a4e3b79a3e7d,c5,DROP,442,x9,?,
1769091296.7556667,RECEIVED,e78f1f44-2dde-4a09-8b9c-176f367535b6,301bbd96-964c-46d6-8cb8-b2280b76dcca,c3,c4,2032,p3,?,
1769091296.8733811,SENT,f85d8c59-31ce-48df-9810-876dbdee5376,ecd4f3e7-0359-4e1d-9e07-caf13d8c212f,c4,c1,1459,?,i5,
1769091296.8734255,FORWARDED,f85d8c59-31ce-48df-9810-876dbdee5376,ecd4f3e7-0359-4e1d-9e07-caf13d8c212f,c4,c1,1459,?,i5,
1769091296.95803,SENT,e78f1f44-2dde-4a09-8b9c-176f367535b6,301bbd96-964c-46d6-8cb8-b2280b76dcca,c3,c4,1451,?,i8,
1769091296.958077,FORWARDED,e78f1f44-2dde-4a09-8b9c-176f367535b6,301bbd96-964c-46d6-8cb8-b2280b76dcca,c3,c4,1451,?,i8,
1769091296.980509,RECEIVED,9a8ed588-b0ee-410a-a665-ae270e34fd66,663970b0-a804-4059-8c43-09d9fa8489a2,c3,c4,2036,p3,?,
1769091297.072073,RECEIVED,6c70b81d-c535-492d-9aa8-fef3b1fc60d2,f9710583-e002-483b-9c73-6451efae0cb0,c1,c5,2039,p1,?,
1769091297.1033378,RECEIVED,91edae69-c8a2-48ef-87cf-adc0f69b5359,d41d4362-1202-48a0-8389-615a0ff0ad07,c1,DROP,1440,p1,?,
1769091297.2046838,RECEIVED,3def4c14-8b71-4fe2-abba-4eccfd0206a9,1d3b8c51-60fd-4341-b09d-120d949b60be,c3,c4,2033,p3,?,
1769091297.2064137,SENT,91edae69-c8a2-48ef-87cf-adc0f69b5359,d41d4362-1202-48a0-8389-615a0ff0ad07,c1,DROP,1007,?,i2,
1769091297.206455,FORWARDED,91edae69-c8a2-48ef-87cf-adc0f69b5359,d41d4362-1202-48a0-8389-615a0ff0ad07,c1,DROP,1007,?,i2,
1769091297.2852097,SENT,3def4c14-8b71-4fe2-abba-4eccfd0206a9,1d3b8c51-60fd-4341-b09d-120d949b60be,c3,c4,1452,?,i11,
1769091297.2852502,FORWARDED,3def4c14-8b71-4fe2-abba-4eccfd0206a9,1d3b8c51-60fd-4341-b09d-120d949b60be,c3,c4,1452,?,i11,
1769091297.3018112,SENT,9a8ed588-b0ee-410a-a665-ae270e34fd66,663970b0-a804-4059-8c43-09d9fa8489a2,c3,c4,1455,?,i9,
1769091297.3018515,FORWARDED,9a8ed588-b0ee-410a-a665-ae270e34fd66,663970b0-a804-4059-8c43-09d9fa8489a2,c3,c4,1455,?,i9,
1769091297.322971,RECEIVED,9ec14ca6-113a-4d0a-9dd1-5395f5b7e3d0,c9c2d80d-dc29-4961-a343-e4161ca643fb,c2,DROP,1440,p2,?,
1769091297.4046328,SENT,9ec14ca6-113a-4d0a-9dd1-5395f5b7e3d0,c9c2d80d-dc29-4961-a343-e4161ca643fb,c2,DROP,1007,?,i5,
1769091297.4046745,FORWARDED,9ec14ca6-113a-4d0a-9dd1-5395f5b7e3d0,c9c2d80d-dc29-4961-a343-e4161ca643fb,c2,DROP,1007,?,i5,
1769091297.4284797,RECEIVED,bb11b966-5428-4099-b698-5c79bbcf5242,afe3c5ed-d704-4b17-bf0c-b726c0475ba7,c4,c1,2040,p1,?,
1769091297.457525,RECEIVED,6759834b-ade1-4f93-a2bd-1537c4173864,6dafc4ad-5d3a-48a1-80ce-24cbdb0e176a,c1,c5,2037,p1,?,
1769091297.7311392,RECEIVED,4cf1a915-97ce-4d08-b278-0fcfb9286f41,6c4b25a4-0d49-44a9-b10b-99f6cab547f3,c1,c5,2047,p1,?,
1769091297.7386959,SENT,6c70b81d-c535-492d-9aa8-fef3b1fc60d2,f9710583-e002-483b-9c73-6451efae0cb0,c1,c5,1456,?,i2,
1769091297.7387364,FORWARDED,6c70b81d-c535-492d-9aa8-fef3b1fc60d2,f9710583-e002-483b-9c73-6451efae0cb0,c1,c5,1456,?,i2,
1769091297.7434464,SENT,b98fdf7a-e9ac-416a-96ea-da0e9707dae6,7c9c750b-033a-4393-89ca-1fafbb528d80,c5,c4,1459,?,i5,
1769091297.7434914,FORWARDED,b98fdf7a-e9ac-416a-96ea-da0e9707dae6,7c9c750b-033a-4393-89ca-1fafbb528d80,c5,c4,1459,?,i5,
1769091297.7486486,RECEIVED,94954e08-255b-4ed5-9f24-11f9b251ca17,5acf7383-c3c6-4e19-8798-9b5668ecb822,c5,c4,2035,p2,?,
1769091297.7840114,SENT,6759834b-ade1-4f93-a2bd-1537c4173864,6dafc4ad-5d3a-48a1-80ce-24cbdb0e176a,c1,c5,1455,?,i12,
1769091297.7840598,FORWARDED,6759834b-ade1-4f93-a2bd-1537c4173864,6dafc4ad-5d3a-48a1-80ce-24cbdb0e176a,c1,c5,1455,?,i12,
1769091298.0229719,SENT,bb11b966-5428-4099-b698-5c79bbcf5242,afe3c5ed-d704-4b17-bf0c-b726c0475ba7,c4,c1,1456,?,i11,
1769091298.0230129,FORWARDED,bb11b966-5428-4099-b698-5c79bbcf5242,afe3c5ed-d704-4b17-bf0c-b726c0475ba7,c4,c1,1456,?,i11,
1769091298.064066,RECEIVED,7b88267e-730b-4120-9d6c-21ee4070e546,c9a6c08a-a665-4c0a-96b3-e97e1583c347,c4,c1,2040,p1,?,
1769091298.1561882,RECEIVED,58d1fa24-5f72-418e-b2f8-1675e39e0793,abbc3ac0-7bbe-419e-ab3b-131b5806ae7f,c2,c1,2024,p2,?,
1769091298.159426,RECEIVED,6a0768bf-07c2-457c-abeb-179459e42cfd,52174c5e-e55f-495e-bd7a-28dd6cd58f58,c5,c4,2049,p2,?,
1769091298.2243004,SENT,6a0768bf-07c2-457c-abeb-179459e42cfd,52174c5e-e55f-495e-bd7a-28dd6cd58f58,c5,c4,1463,?,i3,
1769091298.224341,FORWARDED,6a0768bf-07c2-457c-abeb-179459e42cfd,52174c5e-e55f-495e-bd7a-28dd6cd58f58,c5,c4,1463,?,i3,
1769091298.2804308,SENT,7b88267e-730b-4120-9d6c-21ee4070e546,c9a6c08a-a665-4c0a-96b3-e97e1583c347,c4,c1,1456,?,i6,
1769091298.2804742,FORWARDED,7b88267e-730b-4120-9d6c-21ee4070e546,c9a6c08a-a665-4c0a-96b3-e97e1583c347,c4,c1,1456,?,i6,
1769091298.294418,SENT,4cf1a915-97ce-4d08-b278-0fcfb9286f41,6c4b25a4-0d49-44a9-b10b-99f6cab547f3,c1,c5,1463,?,i7,
1769091298.2946272,FORWARDED,4cf1a915-97ce-4d08-b278-0fcfb9286f41,6c4b25a4-0d49-44a9-b10b-99f6cab547f3,c1,c5,1463,?,i7,
1769091298.3430932,RECEIVED,59d6b1d4-1895-472f-97e6-d6f89c94d32d,56575884-3e55-4eb3-8fe2-c1b4a76f600d,c1,DROP,1440,p1,?,
1769091298.3723857,SENT,58d1fa24-5f72-418e-b2f8-1675e39e0793,abbc3ac0-7bbe-419e-ab3b-131b5806ae7f,c2,c1,1445,?,i2,
1769091298.3724391,FORWARDED,58d1fa24-5f72-418e-b2f8-1675e39e0793,abbc3ac0-7bbe-419e-ab3b-131b5806ae7f,c2,c1,1445,?,i2,
1769091298.835117,SENT,59d6b1d4-1895-472f-97e6-d6f89c94d32d,56575884-3e55-4eb3-8fe2-c1b4a76f600d,c1,DROP,1007,?,i8,
1769091298.8351567,FORWARDED,59d6b1d4-1895-472f-97e6-d6f89c94d32d,56575884-3e55-4eb3-8fe2-c1b4a76f600d,c1,DROP,1007,?,i8,
1769091298.9732661,RECEIVED,f60ade74-c4f9-4b2c-a831-b93c2137c1f3,5e83df39-ecd2-47ec-8045-c5c44270c66a,c1,c5,2044,p1,?,
1769091299.1064346,SENT,94954e08-255b-4ed5-9f24-11f9b251ca17,5acf7383-c3c6-4e19-8798-9b5668ecb822,c5,c4,1455,?,i1,
1769091299.1064734,FORWARDED,94954e08-255b-4ed5-9f24-11f9b251ca17,5acf7383-c3c6-4e19-8798-9b5668ecb822,c5,c4,1455,?,i1,
1769091299.187716,RECEIVED,39d4877a-d37a-4caf-8e8a-d179686ad53d,47452c0d-88cf-4eb3-96ef-10d0ec3649cc,c3,c4,2031,p3,?,
1769091299.402946,SENT,f60ade74-c4f9-4b2c-a831-b93c2137c1f3,5e83df39-ecd2-47ec-8045-c5c44270c66a,c1,c5,1459,?,i5,
1769091299.4029849,FORWARDED,f60ade74-c4f9-4b2c-a831-b93c2137c1f3,5e83df39-ecd2-47ec-8045-c5c44270c66a,c1,c5,1459,?,i5,
1769091299.4420798,RECEIVED,16ac8d1a-55a7-4efe-b681-b858d22542a6,f62c0fa4-5a9b-4df6-aa19-51b8fc252fd4,c5,c4,2019,p2,?,
1769091299.495889,SENT,39d4877a-d37a-4caf-8e8a-d179686ad53d,47452c0d-88cf-4eb3-96ef-10d0ec3649cc,c3,c4,1452,?,i7,
1769091299.4959307,FORWARDED,39d4877a-d37a-4caf-8e8a-d179686ad53d,47452c0d-88cf-4eb3-96ef-10d0ec3649cc,c3,c4,1452,?,i7,
1769091299.5769787,RECEIVED,2812da2c-1b10-4477-b289-62264a90e2a1,50f8eb75-b3b9-46d6-bf72-464eb994360a,c2,c1,2044,p2,?,
1769091299.5825806,RECEIVED,d1896a67-8d54-49af-bad7-c41e45db47d2,99c81472-eccb-499c-bd15-d0038e5ada48,c2,c1,2040,p2,?,
1769091299.6040697,SENT,2812da2c-1b10-4477-b289-62264a90e2a1,50f8eb75-b3b9-46d6-bf72-464eb994360a,c2,c1,1461,?,i9,
1769091299.6041124,FORWARDED,2812da2c-1b10-4477-b289-62264a90e2a1,50f8eb75-b3b9-46d6-bf72-464eb994360a,c2,c1,1461,?,i9,
1769091299.7723277,RECEIVED,2af44945-6a0b-4556-844d-a011869b7e82,e1c6d8b0-dd43-4cb8-8f10-52cf594015c4,c5,c4,2020,p2,?,
1769091299.8265858,RECEIVED,282405c2-9e7c-4f49-bd5c-1a2d202247f5,5f43fe64-4e3a-4024-a703-5cda66ba758e,c4,DROP,441,x12,?,
1769091300.0198536,SENT,16ac8d1a-55a7-4efe-b681-b858d22542a6,f62c0fa4-5a9b-4df6-aa19-51b8fc252fd4,c5,c4,1443,?,i7,
1769091300.0198941,FORWARDED,16ac8d1a-55a7-4efe-b681-b858d22542a6,f62c0fa4-5a9b-4df6-aa19-51b8fc252fd4,c5,c4,1443,?,i7,
1769091300.097082,SENT,d1896a67-8d54-49af-bad7-c41e45db47d2,99c81472-eccb-499c-bd15-d0038e5ada48,c2,c1,1456,?,i10,
1769091300.0971212,FORWARDED,d1896a67-8d54-49af-bad7-c41e45db47d2,99c81472-eccb-499c-bd15-d0038e5ada48,c2,c1,1456,?,i10,
1769091300.2920942,RECEIVED,abbdb879-b57f-4ccb-a1e6-28de5934008e,99f77582-2ee9-4d52-81df-61cf2e9c6405,c2,DROP,1448,p2,?,
1769091300.3943794,RECEIVED,d609a15d-5558-4968-a7be-755fcbde500d,38667858-ca6f-4a67-92ad-1af38e989aed,c4,c1,2044,p1,?,
1769091300.4032056,RECEIVED,ab221266-76cb-400c-afad-e0f1f94aa8c5,c16035be-d748-431d-adf8-56c895520f77,c5,c4,2040,p2,?,
1769091300.4636123,SENT,abbdb879-b57f-4ccb-a1e6-28de5934008e,99f77582-2ee9-4d52-81df-61cf2e9c6405,c2,DROP,1012,?,i9,
1769091300.4636548,FORWARDED,abbdb879-b57f-4ccb-a1e6-28de5934008e,99f77582-2ee9-4d52-81df-61cf2e9c6405,c2,DROP,1012,?,i9,
1769091300.5004578,RECEIVED,4f125755-7c25-4617-9322-224b62bb814e,a2a21dbe-b861-4d7d-9525-ae5c7f138645,c2,c1,2036,p2,?,
1769091300.513312,SENT,2af44945-6a0b-4556-844d-a011869b7e82,e1c6d8b0-dd43-4cb8-8f10-52cf594015c4,c5,c4,1443,?,i12,
1769091300.5133493,FORWARDED,2af44945-6a0b-4556-844d-a011869b7e82,e1c6d8b0-dd43-4cb8-8f10-52cf594015c4,c5,c4,1443,?,i12,
1769091300.5291886,RECEIVED,bbf42282-2058-4a2d-92fe-37c632f5e8ec,993c1253-8ca0-4894-bc4a-62e3c55bbfda,c1,c5,2040,p1,?,
1769091300.6164837,SENT,bbf42282-2058-4a2d-92fe-37c632f5e8ec,993c1253-8ca0-4894-bc4a-62e3c55bbfda,c1,c5,1456,?,i9,
1769091300.6165252,FORWARDED,bbf42282-2058-4a2d-92fe-37c632f5e8ec,993c1253-8ca0-4894-bc4a-62e3c55bbfda,c1,c5,1456,?,i9,
1769091300.6399844,SENT,ab221266-76cb-400c-afad-e0f1f94aa8c5,c16035be-d748-431d-adf8-56c895520f77,c5,c4,1457,?,i5,
1769091300.6400247,FORWARDED,ab221266-76cb-400c-afad-e0f1f94aa8c5,c16035be-d748-431d-adf8-56c895520f77,c5,c4,1457,?,i5,
1769091300.701345,SENT,d609a15d-5558-4968-a7be-755fcbde500d,38667858-ca6f-4a67-92ad-1af38e989aed,c4,c1,1461,?,i12,
1769091300.7013958,FORWARDED,d609a15d-5558-4968-a7be-755fcbde500d,38667858-ca6f-4a67-92ad-1af38e989aed,c4,c1,1461,?,i12,
1769091300.7858777,RECEIVED,4c2975f9-583c-4fd8-972f-0f097f434d32,b3f15207-7a5e-4e1f-a9cb-e0a3c580feeb,c2,DROP,446,x11,?,
1769091300.7941377,RECEIVED,67936344-4d5e-4ffa-8c61-5bb6f1d8a51a,0f4624f7-12e8-49f3-b43e-a8bf481c9456,c5,DROP,1440,p2,?,
1769091300.9571838,SENT,4f125755-7c25-4617-9322-224b62bb814e,a2a21dbe-b861-4d7d-9525-ae5c7f138645,c2,c1,1455,?,i1,
1769091300.9572222,FORWARDED,4f125755-7c25-4617-9322-224b62bb814e,a2a21dbe-b861-4d7d-9525-ae5c7f138645,c2,c1,1455,?,i1,
1769091300.968883,SENT,67936344-4d5e-4ffa-8c61-5bb6f1d8a51a,0f4624f7-12e8-49f3-b43e-a8bf481c9456,c5,DROP,1008,?,i5,
1769091300.968933,FORWARDED,67936344-4d5e-4ffa-8c61-5bb6f1d8a51a,0f4624f7-12e8-49f3-b43e-a8bf481c9456,c5,DROP,1008,?,i5,
1769091301.0885897,RECEIVED,fa353268-cf27-46e3-9a4d-3d2b022c2009,86521dde-5438-46fd-8fa4-39cd1ba135eb,c1,DROP,1457,p1,?,
1769091301.1228771,RECEIVED,d1692402-21f2-4326-abce-52d635cd5038,657e9b8d-03af-4388-a3fa-e6566b7ae907,c5,c4,2040,p2,?,
1769091301.132719,RECEIVED,f77ada3e-ca0e-4b3f-9716-9a82f4221d56,c1542baf-2e5c-4741-a6a8-5c6c5e90f58f,c4,c1,2036,p1,?,
1769091301.1995835,RECEIVED,6b009f2c-78a1-4e2c-af28-6c8e7c2026cf,b9a220eb-2613-426f-a263-ed3c69cc4164,c2,c1,2036,p2,?,
1769091301.2130454,SENT,f77ada3e-ca0e-4b3f-9716-9a82f4221d56,c1542baf-2e5c-4741-a6a8-5c6c5e90f58f,c4,c1,1455,?,i9,
1769091301.213257,FORWARDED,f77ada3e-ca0e-4b3f-9716-9a82f4221d56,c1542baf-2e5c-4741-a6a8-5c6c5e90f58f,c4,c1,1455,?,i9,
1769091301.236082,RECEIVED,cbcf3ec9-e6ef-4ff0-b62c-8f02668881b3,85d6b12f-10c0-4b12-8f04-2fefdf544dc8,c1,c5,2045,p1,?,
1769091301.2746847,SENT,fa353268-cf27-46e3-9a4d-3d2b022c2009,86521dde-5438-46fd-8fa4-39cd1ba135eb,c1,DROP,1019,?,i12,
1769091301.2747586,FORWARDED,fa353268-cf27-46e3-9a4d-3d2b022c2009,86521dde-5438-46fd-8fa4-39cd1ba135eb,c1,DROP,1019,?,i12,
1769091301.3012977,RECEIVED,6c0a65fd-9f14-4615-864a-ac2ff99b2ac1,e729aae8-290a-45ee-b8ec-7e6a3c81f0a8,c5,DROP,1450,p2,?,
1769091301.3393013,RECEIVED,2a35260f-e9b3-430b-8b70-c00f14e32993,e07e67ec-cfcd-4d25-b716-fb07187789c2,c5,c4,2043,p2,?,
1769091301.3504114,SENT,cbcf3ec9-e6ef-4ff0-b62c-8f02668881b3,85d6b12f-10c0-4b12-8f04-2fefdf544dc8,c1,c5,1461,?,i12,
1769091301.35046,FORWARDED,cbcf3ec9-e6ef-4ff0-b62c-8f02668881b3,85d6b12f-10c0-4b12-8f04-2fefdf544dc8,c1,c5,1461,?,i12,
1769091301.537544,RECEIVED,79e3c8c4-5647-4224-a473-9e4a6a450401,4d2525f2-8204-4960-bde5-6f95d8b765c8,c2,DROP,1444,p2,?,
1769091301.6021888,SENT,6c0a65fd-9f14-4615-864a-ac2ff99b2ac1,e729aae8-290a-45ee-b8ec-7e6a3c81f0a8,c5,DROP,1016,?,i7,
1769091301.6022289,FORWARDED,6c0a65fd-9f14-4615-864a-ac2ff99b2ac1,e729aae8-290a-45ee-b8ec-7e6a3c81f0a8,c5,DROP,1016,?,i7,
1769091301.6458302,SENT,79e3c8c4-5647-4224-a473-9e4a6a450401,4d2525f2-8204-4960-bde5-6f95d8b765c8,c2,DROP,1010,?,i5,
1769091301.6458845,FORWARDED,79e3c8c4-5647-4224-a473-9e4a6a450401,4d2525f2-8204-4960-bde5-6f95d8b765c8,c2,DROP,1010,?,i5,
1769091301.7591105,SENT,d1692402-21f2-4326-abce-52d635cd5038,657e9b8d-03af-4388-a3fa-e6566b7ae907,c5,c4,1456,?,i12,
1769091301.7591474,FORWARDED,d1692402-21f2-4326-abce-52d635cd5038,657e9b8d-03af-4388-a3fa-e6566b7ae907,c5,c4,1456,?,i12,
1769091301.8821354,SENT,6b009f2c-78a1-4e2c-af28-6c8e7c2026cf,b9a220eb-2613-426f-a263-ed3c69cc4164,c2,c1,1455,?,i10,
1769091301.8821769,FORWARDED,6b009f2c-78a1-4e2c-af28-6c8e7c2026cf,b9a220eb-2613-426f-a263-ed3c69cc4164,c2,c1,1455,?,i10,
1769091301.9881654,RECEIVED,3e361f9b-2a7d-4349-a55d-e06ebbb045b9,6b76c0b5-1fce-4270-85a0-2456551c8572,c1,DROP,1451,p1,?,
1769091302.0300097,RECEIVED,879e5a9d-e7f4-40de-b530-e3d3487fb669,11bb399d-c331-4859-a445-630b70604d9d,c5,c4,2036,p2,?,
1769091302.1678603,RECEIVED,9913ff49-c00b-49d0-b668-bb932f37ace1,9286c189-9b88-4824-ba67-eff98e9eb1ed,c5,c4,2039,p2,?,
1769091302.3065715,RECEIVED,3b3bd8a7-014f-4ddc-9dfc-f7f9dc0ab88b,a0cb5251-a929-47b3-b4b1-18bc4550ce6c,c2,DROP,1445,p2,?,
1769091302.313923,RECEIVED,44fe65ca-5ed3-4e74-b112-82ff2655effe,3c03704f-47be-43de-8985-7193c1aa1706,c4,c1,2052,p1,?,
1769091302.31867,RECEIVED,af4b86c0-2822-458b-896d-c18904fd2593,e058c915-e5c6-4e73-b9e5-a094121e7af3,c2,c1,2040,p2,?,
1769091302.3967118,SENT,3b3bd8a7-014f-4ddc-9dfc-f7f9dc0ab88b,a0cb5251-a929-47b3-b4b1-18bc4550ce6c,c2,DROP,1011,?,i11,
1769091302.3967545,FORWARDED,3b3bd8a7-014f-4ddc-9dfc-f7f9dc0ab88b,a0cb5251-a929-47b3-b4b1-18bc4550ce6c,c2,DROP,1011,?,i11,
1769091302.4941509,RECEIVED,26d117e0-3ad6-4bef-b4cb-1fbb2800be04,cf4874ea-4a75-4af8-9269-42e2e32cdf4a,c5,DROP,1439,p2,?,
1769091302.513684,SENT,879e5a9d-e7f4-40de-b530-e3d3487fb669,11bb399d-c331-4859-a445-630b70604d9d,c5,c4,1455,?,i1,
1769091302.5137267,FORWARDED,879e5a9d-e7f4-40de-b530-e3d3487fb669,11bb399d-c331-4859-a445-630b70604d9d,c5,c4,1455,?,i1,
1769091302.5693855,SENT,9913ff49-c00b-49d0-b668-bb932f37ace1,9286c189-9b88-4824-ba67-eff98e9eb1ed,c5,c4,1456,?,i2,
1769091302.569435,FORWARDED,9913ff49-c00b-49d0-b668-bb932f37ace1,9286c189-9b88-4824-ba67-eff98e9eb1ed,c5,c4,1456,?,i2,
1769091302.6729012,RECEIVED,f5507c88-2015-4604-b2f7-34034859ea2d,1e9b5b7b-4c4f-4278-8cd8-3cf4b788a2b2,c5,c4,2049,p2,?,
1769091302.7443755,SENT,af4b86c0-2822-458b-896d-c18904fd2593,e058c915-e5c6-4e73-b9e5-a094121e7af3,c2,c1,1457,?,i2,
1769091302.7444263,FORWARDED,af4b86c0-2822-458b-896d-c18904fd2593,e058c915-e5c6-4e73-b9e5-a094121e7af3,c2,c1,1457,?,i2,
1769091302.7517643,SENT,f5507c88-2015-4604-b2f7-34034859ea2d,1e9b5b7b-4c4f-4278-8cd8-3cf4b788a2b2,c5,c4,1464,?,i11,
1769091302.7517977,FORWARDED,f5507c88-2015-4604-b2f7-34034859ea2d,1e9b5b7b-4c4f-4278-8cd8-3cf4b788a2b2,c5,c4,1464,?,i11,
1769091302.8179548,SENT,3e361f9b-2a7d-4349-a55d-e06ebbb045b9,6b76c0b5-1fce-4270-85a0-2456551c8572,c1,DROP,1015,?,i8,
1769091302.8180103,FORWARDED,3e361f9b-2a7d-4349-a55d-e06ebbb045b9,6b76c0b5-1fce-4270-85a0-2456551c8572,c1,DROP,1015,?,i8,
1769091302.8306735,SENT,2a35260f-e9b3-430b-8b70-c00f14e32993,e07e67ec-cfcd-4d25-b716-fb07187789c2,c5,c4,1461,?,i1,
1769091302.8307147,FORWARDED,2a35260f-e9b3-430b-8b70-c00f14e32993,e07e67ec-cfcd-4d25-b716-fb07187789c2,c5,c4,1461,?,i1,
1769091302.9665163,RECEIVED,b61b6665-1e4c-4302-b4f4-2bc24f06a564,85947ce6-b345-43f0-bbff-01cee0bb2fb5,c4,DROP,1455,p1,?,
1769091303.0135393,RECEIVED,0c6603e3-84af-4cb0-9fce-eab75e097211,38077ed5-123b-4ab6-9b1d-d3924c3f403c,c1,c5,2032,p1,?,
1769091303.0606961,SENT,44fe65ca-5ed3-4e74-b112-82ff2655effe,3c03704f-47be-43de-8985-7193c1aa1706,c4,c1,1465,?,i10,
1769091303.0607355,FORWARDED,44fe65ca-5ed3-4e74-b112-82ff2655effe,3c03704f-47be-43de-8985-7193c1aa1706,c4,c1,1465,?,i10,
1769091303.0764894,RECEIVED,7f95f2f4-f659-40b5-975c-24ef424da482,a60d89e7-8bd3-40b0-b533-ed79ae1b34ef,c1,c5,2029,p1,?,
1769091303.1627498,SENT,7f95f2f4-f659-40b5-975c-24ef424da482,a60d89e7-8bd3-40b0-b533-ed79ae1b34ef,c1,c5,1448,?,i1,
1769091303.1627963,FORWARDED,7f95f2f4-f659-40b5-975c-24ef424da482,a60d89e7-8bd3-40b0-b533-ed79ae1b34ef,c1,c5,1448,?,i1,
1769091303.2781775,RECEIVED,a9ca5644-c041-4181-9308-ae739701c7c6,05d95946-d3b2-484a-8359-e654be1995a0,c5,DROP,1451,p2,?,
1769091303.3290768,RECEIVED,91432b2a-5582-4678-989d-e3cef7e20a9f,7ec8fdd4-15b1-416c-8a97-b12f4204902a,c2,c1,2032,p2,?,
1769091303.3587458,SENT,0c6603e3-84af-4cb0-9fce-eab75e097211,38077ed5-123b-4ab6-9b1d-d3924c3f403c,c1,c5,1452,?,i4,
1769091303.358782,FORWARDED,0c6603e3-84af-4cb0-9fce-eab75e097211,38077ed5-123b-4ab6-9b1d-d3924c3f403c,c1,c5,1452,?,i4,
1769091303.3726223,SENT,b61b6665-1e4c-4302-b4f4-2bc24f06a564,85947ce6-b345-43f0-bbff-01cee0bb2fb5,c4,DROP,1019,?,i1,
1769091303.3726606,FORWARDED,b61b6665-1e4c-4302-b4f4-2bc24f06a564,85947ce6-b345-43f0-bbff-01cee0bb2fb5,c4,DROP,1019,?,i1,
1769091303.5836198,SENT,91432b2a-5582-4678-989d-e3cef7e20a9f,7ec8fdd4-15b1-416c-8a97-b12f4204902a,c2,c1,1451,?,i1,
1769091303.5836616,FORWARDED,91432b2a-5582-4678-989d-e3cef7e20a9f,7ec8fdd4-15b1-416c-8a97-b12f4204902a,c2,c1,1451,?,i1,
1769091303.7717113,RECEIVED,2e9807c2-bfbe-4b9d-9aa0-aab838eaec62,2a05ab18-fad6-4990-88a7-e5fc09995ac2,c5,DROP,1439,p2,?,
1769091304.0123394,SENT,26d117e0-3ad6-4bef-b4cb-1fbb2800be04,cf4874ea-4a75-4af8-9269-42e2e32cdf4a,c5,DROP,1008,?,i1,
1769091304.0123804,FORWARDED,26d117e0-3ad6-4bef-b4cb-1fbb2800be04,cf4874ea-4a75-4af8-9269-42e2e32cdf4a,c5,DROP,1008,?,i1,
1769091304.0144649,RECEIVED,91d03f1c-9343-4fc3-90d3-b8cefa6bbc15,7cf1eacf-3cbd-4d56-b11a-750de71abd27,c3,c4,2039,p3,?,
1769091304.1998181,SENT,a9ca5644-c041-4181-9308-ae739701c7c6,05d95946-d3b2-484a-8359-e654be1995a0,c5,DROP,1015,?,i7,
1769091304.1998575,FORWARDED,a9ca5644-c041-4181-9308-ae739701c7c6,05d95946-d3b2-484a-8359-e654be1995a0,c5,DROP,1015,?,i7,
1769091304.254276,RECEIVED,a3cfbea1-257d-42fc-be41-eff415411f1d,d2e11b3c-64e9-4a69-85fd-b75993b9e175,c3,c4,2039,p3,?,
1769091304.4819162,SENT,2e9807c2-bfbe-4b9d-9aa0-aab838eaec62,2a05ab18-fad6-4990-88a7-e5fc09995ac2,c5,DROP,1007,?,i3,
1769091304.4819643,FORWARDED,2e9807c2-bfbe-4b9d-9aa0-aab838eaec62,2a05ab18-fad6-4990-88a7-e5fc09995ac2,c5,DROP,1007,?,i3,
1769091304.5124068,RECEIVED,b048bb8c-ae25-43e0-8d93-621e993f41e6,c831806e-dfd4-4b85-aa0b-5816cface1f2,c2,c1,2040,p2,?,
1769091304.537081,RECEIVED,03ae2861-86f9-485c-8282-f74251c8ccd9,ced77767-c9db-4764-81cf-b23d24c3382b,c2,c1,2044,p2,?,
1769091304.6402607,RECEIVED,03a88536-5811-425b-8008-a284d0becdff,36fc08da-82a5-400f-8270-fffde689628d,c1,DROP,1460,p1,?,
1769091304.680201,RECEIVED,0135464c-3245-4135-97a4-fa496d3b233f,37a6ef70-de0d-4463-bd1e-64fb581f3f63,c3,DROP,1451,p3,?,
1769091304.7036977,SENT,a3cfbea1-257d-42fc-be41-eff415411f1d,d2e11b3c-64e9-4a69-85fd-b75993b9e175,c3,c4,1456,?,i6,
1769091304.7037401,FORWARDED,a3cfbea1-257d-42fc-be41-eff415411f1d,d2e11b3c-64e9-4a69-85fd-b75993b9e175,c3,c4,1456,?,i6,
1769091304.7168126,SENT,03ae2861-86f9-485c-8282-f74251c8ccd9,ced77767-c9db-4764-81cf-b23d24c3382b,c2,c1,1461,?,i11,
1769091304.7169747,FORWARDED,03ae2861-86f9-485c-8282-f74251c8ccd9,ced77767-c9db-4764-81cf-b23d24c3382b,c2,c1,1461,?,i11,
1769091304.7307758,RECEIVED,1d9ab3be-33e8-4c9d-a921-c8058058fea3,e7cd7bc5-e94d-4114-97fa-f7d3a99d9888,c4,c1,2037,p1,?,
1769091304.778731,RECEIVED,2945f246-d8cd-4639-af94-36a770b897bc,1ffe67ee-4534-4e82-aecf-ce94ecc6d3ca,c1,c5,2039,p1,?,
1769091304.7935507,RECEIVED,5af11ed6-d1b9-41b9-a64e-4fb183fe649c,23092ede-1efe-48ac-8b65-60ec99930829,c1,c5,2027,p1,?,
1769091304.916899,RECEIVED,7f4c8992-00e1-4bc1-9a27-6598555eef92,ab04076c-acf8-44e6-8efa-0c3debc6feb0,c4,DROP,1461,p1,?,
1769091304.9305866,RECEIVED,cdb01292-4981-4721-8e2e-9f0ddcbcd9bb,129b7ee4-1523-4fc6-8a53-44c7e94f7f41,c4,DROP,445,x8,?,
1769091304.9925232,SENT,91d03f1c-9343-4fc3-90d3-b8cefa6bbc15,7cf1eacf-3cbd-4d56-b11a-750de71abd27,c3,c4,1456,?,i5,
1769091304.9925566,FORWARDED,91d03f1c-9343-4fc3-90d3-b8cefa6bbc15,7cf1eacf-3cbd-4d56-b11a-750de71abd27,c3,c4,1456,?,i5,
1769091304.9988256,SENT,b048bb8c-ae25-43e0-8d93-621e993f41e6,c831806e-dfd4-4b85-aa0b-5816cface1f2,c2,c1,1456,?,i3,
1769091304.998868,FORWARDED,b048bb8c-ae25-43e0-8d93-621e993f41e6,c831806e-dfd4-4b85-aa0b-5816cface1f2,c2,c1,1456,?,i3,
1769091305.038291,SENT,1d9ab3be-33e8-4c9d-a921-c8058058fea3,e7cd7bc5-e94d-4114-97fa-f7d3a99d9888,c4,c1,1455,?,i10,
1769091305.0383394,FORWARDED,1d9ab3be-33e8-4c9d-a921-c8058058fea3,e7cd7bc5-e94d-4114-97fa-f7d3a99d9888,c4,c1,1455,?,i10,
1769091305.0904167,SENT,03a88536-5811-425b-8008-a284d0becdff,36fc08da-82a5-400f-8270-fffde689628d,c1,DROP,1021,?,i4,
1769091305.0904589,FORWARDED,03a88536-5811-425b-8008-a284d0becdff,36fc08da-82a5-400f-8270-fffde689628d,c1,DROP,1021,?,i4,
1769091305.1070046,SENT,7f4c8992-00e1-4bc1-9a27-6598555eef92,ab04076c-acf8-44e6-8efa-0c3debc6feb0,c4,DROP,1021,?,i11,
1769091305.1070452,FORWARDED,7f4c8992-00e1-4bc1-9a27-6598555eef92,ab04076c-acf8-44e6-8efa-0c3debc6feb0,c4,DROP,1021,?,i11,
1769091305.121732,SENT,5af11ed6-d1b9-41b9-a64e-4fb183fe649c,23092ede-1efe-48ac-8b65-60ec99930829,c1,c5,1449,?,i1,
1769091305.121773,FORWARDED,5af11ed6-d1b9-41b9-a64e-4fb183fe649c,23092ede-1efe-48ac-8b65-60ec99930829,c1,c5,1449,?,i1,
1769091305.5990617,RECEIVED,dcdd51a6-1131-41d5-acfd-b442c388aa9c,d5a0c93c-9772-444f-8bb1-2376747b1c20,c4,c1,2040,p1,?,
1769091305.626986,SENT,dcdd51a6-1131-41d5-acfd-b442c388aa9c,d5a0c93c-9772-444f-8bb1-2376747b1c20,c4,c1,1457,?,i11,
1769091305.627026,FORWARDED,dcdd51a6-1131-41d5-acfd-b442c388aa9c,d5a0c93c-9772-444f-8bb1-2376747b1c20,c4,c1,1457,?,i11,
1769091305.6664302,RECEIVED,2a6cee0b-39e9-4e11-8d98-45d2991604ba,590a1fe1-9bb9-4a0e-99c5-85c6af65af89,c3,c4,2040,p3,?,
1769091305.8201313,SENT,2945f246-d8cd-4639-af94-36a770b897bc,1ffe67ee-4534-4e82-aecf-ce94ecc6d3ca,c1,c5,1456,?,i11,
1769091305.8201773,FORWARDED,2945f246-d8cd-4639-af94-36a770b897bc,1ffe67ee-4534-4e82-aecf-ce94ecc6d3ca,c1,c5,1456,?,i11,
1769091305.828254,SENT,2a6cee0b-39e9-4e11-8d98-45d2991604ba,590a1fe1-9bb9-4a0e-99c5-85c6af65af89,c3,c4,1456,?,i6,
1769091305.8283052,FORWARDED,2a6cee0b-39e9-4e11-8d98-45d2991604ba,590a1fe1-9bb9-4a0e-99c5-85c6af65af89,c3,c4,1456,?,i6,
1769091306.0363107,RECEIVED,ff241ff4-e14d-4de3-9afe-178bec491f43,c09fd08f-cd6e-43d7-a1c7-ebd5ff6741bf,c4,c1,2043,p1,?,
1769091306.1242013,RECEIVED,465eb8fc-918b-4797-9f81-0c3aae23cd08,e66f3278-6158-4cb1-8187-a22eaa7a8a3c,c2,DROP,442,x2,?,
1769091306.2736182,SENT,ff241ff4-e14d-4de3-9afe-178bec491f43,c09fd08f-cd6e-43d7-a1c7-ebd5ff6741bf,c4,c1,1459,?,i12,
1769091306.2736607,FORWARDED,ff241ff4-e14d-4de3-9afe-178bec491f43,c09fd08f-cd6e-43d7-a1c7-ebd5ff6741bf,c4,c1,1459,?,i12,
1769091306.3995056,SENT,0135464c-3245-4135-97a4-fa496d3b233f,37a6ef70-de0d-4463-bd1e-64fb581f3f63,c3,DROP,1015,?,i5,
1769091306.3995476,FORWARDED,0135464c-3245-4135-97a4-fa496d3b233f,37a6ef70-de0d-4463-bd1e-64fb581f3f63,c3,DROP,1015,?,i5,
1769091306.6177793,RECEIVED,3791b56b-dcd3-42f1-a6b1-b30ef6411b12,2cc93d54-559b-4a45-b694-10a460a53975,c4,DROP,1439,p1,?,
1769091306.893619,RECEIVED,88c01d85-8e3f-4550-952a-2dccd0b49e7d,4b490cf9-10e4-454e-bf8c-77135a85f0b9,c1,c5,2031,p1,?,
1769091307.0812771,SENT,88c01d85-8e3f-4550-952a-2dccd0b49e7d,4b490cf9-10e4-454e-bf8c-77135a85f0b9,c1,c5,1452,?,i9,
1769091307.0813184,FORWARDED,88c01d85-8e3f-4550-952a-2dccd0b49e7d,4b490cf9-10e4-454e-bf8c-77135a85f0b9,c1,c5,1452,?,i9,
1769091307.211033,RECEIVED,84572e74-26fd-4508-b93b-fd76a815a83a,2c9b9213-f311-4d8d-81e3-779e7a5756fa,c2,c1,2019,p2,?,
1769091307.258164,RECEIVED,9c3e417f-45df-409f-8f35-10f5c9832a5e,275a5b4d-78bc-48dd-907f-3aa643be681f,c5,c4,2036,p2,?,
1769091307.354796,SENT,9c3e417f-45df-409f-8f35-10f5c9832a5e,275a5b4d-78bc-48dd-907f-3aa643be681f,c5,c4,1455,?,i5,
1769091307.35484,FORWARDED,9c3e417f-45df-409f-8f35-10f5c9832a5e,275a5b4d-78bc-48dd-907f-3aa643be681f,c5,c4,1455,?,i5,
1769091307.402182,SENT,3791b56b-dcd3-42f1-a6b1-b30ef6411b12,2cc93d54-559b-4a45-b694-10a460a53975,c4,DROP,1008,?,i2,
1769091307.4022253,FORWARDED,3791b56b-dcd3-42f1-a6b1-b30ef6411b12,2cc93d54-559b-4a45-b694-10a460a53975,c4,DROP,1008,?,i2,
1769091307.6162624,SENT,84572e74-26fd-4508-b93b-fd76a815a83a,2c9b9213-f311-4d8d-81e3-779e7a5756fa,c2,c1,1443,?,i9,
1769091307.6163034,FORWARDED,84572e74-26fd-4508-b93b-fd76a815a83a,2c9b9213-f311-4d8d-81e3-779e7a5756fa,c2,c1,1443,?,i9,
1769091307.7195287,RECEIVED,3bde1895-c03d-4bb7-8e48-33cbab62cc7f,ecaf5f9d-9702-4786-a3f6-1a22ef1ffe44,c2,DROP,1438,p2,?,
1769091307.892505,RECEIVED,83f1f26d-afe4-447f-9916-9429ae514ec9,0cbec693-bdd1-44d8-93cd-5bad14044fd8,c3,c4,2023,p3,?,
1769091308.2807493,RECEIVED,cace08d3-959a-46a3-90d5-c96821011c21,fe056474-832b-4d10-bdff-75b1d5c9ce16,c1,c5,2039,p1,?,
1769091308.5030737,RECEIVED,f60df1f4-c3da-4656-80de-0d224bc59366,f44f96c8-7e36-4597-b9c8-3bd9e8540f5c,c1,c5,2031,p1,?,
1769091308.76654,SENT,3bde1895-c03d-4bb7-8e48-33cbab62cc7f,ecaf5f9d-9702-4786-a3f6-1a22ef1ffe44,c2,DROP,1007,?,i3,
1769091308.7665777,FORWARDED,3bde1895-c03d-4bb7-8e48-33cbab62cc7f,ecaf5f9d-9702-4786-a3f6-1a22ef1ffe44,c2,DROP,1007,?,i3,
1769091308.885099,RECEIVED,8607226a-b24e-43db-8ea7-836361b30f65,54049e6c-c21a-40ca-a96d-2cb901794312,c1,c5,2024,p1,?,
1769091308.9000823,RECEIVED,f23d747f-1372-4171-8be8-7764c0098a5f,b94018ae-5359-4181-ad4a-18b4dbafeb11,c3,c4,2031,p3,?,
1769091308.9517634,SENT,f23d747f-1372-4171-8be8-7764c0098a5f,b94018ae-5359-4181-ad4a-18b4dbafeb11,c3,c4,1452,?,i4,
1769091308.9518042,FORWARDED,f23d747f-1372-4171-8be8-7764c0098a5f,b94018ae-5359-4181-ad4a-18b4dbafeb11,c3,c4,1452,?,i4,
1769091308.953762,SENT,83f1f26d-afe4-447f-9916-9429ae514ec9,0cbec693-bdd1-44d8-93cd-5bad14044fd8,c3,c4,1444,?,i2,
1769091308.953801,FORWARDED,83f1f26d-afe4-447f-9916-9429ae514ec9,0cbec693-bdd1-44d8-93cd-5bad14044fd8,c3,c4,1444,?,i2,
1769091308.972978,RECEIVED,e000e951-dc01-42fb-9a51-d5e38c70061c,c340ee0e-1379-4c44-aa1a-9fb9ce411c96,c2,c1,2043,p2,?,
1769091309.1431022,SENT,e000e951-dc01-42fb-9a51-d5e38c70061c,c340ee0e-1379-4c44-aa1a-9fb9ce411c96,c2,c1,1460,?,i6,
1769091309.1431444,FORWARDED,e000e951-dc01-42fb-9a51-d5e38c70061c,c340ee0e-1379-4c44-aa1a-9fb9ce411c96,c2,c1,1460,?,i6,
1769091309.155376,SENT,8607226a-b24e-43db-8ea7-836361b30f65,54049e6c-c21a-40ca-a96d-2cb901794312,c1,c5,1445,?,i9,
1769091309.155413,FORWARDED,8607226a-b24e-43db-8ea7-836361b30f65,54049e6c-c21a-40ca-a96d-2cb901794312,c1,c5,1445,?,i9,
1769091309.21222,RECEIVED,32b5dafa-9636-4999-8454-f3a8e570208c,1bf91261-f3b8-42aa-bb6e-ccca3ed8d8bc,c1,c5,2044,p1,?,
1769091309.2281458,RECEIVED,cdba4779-b3ad-481e-aa17-7de8eb70b8a5,cad51a12-5026-45c9-9dde-bce809172ce9,c2,c1,2043,p2,?,
1769091309.258497,SENT,32b5dafa-9636-4999-8454-f3a8e570208c,1bf91261-f3b8-42aa-bb6e-ccca3ed8d8bc,c1,c5,1459,?,i3,
1769091309.2585382,FORWARDED,32b5dafa-9636-4999-8454-f3a8e570208c,1bf91261-f3b8-42aa-bb6e-ccca3ed8d8bc,c1,c5,1459,?,i3,
1769091309.2942462,SENT,f60df1f4-c3da-4656-80de-0d224bc59366,f44f96c8-7e36-4597-b9c8-3bd9e8540f5c,c1,c5,1451,?,i2,
1769091309.2942955,FORWARDED,f60df1f4-c3da-4656-80de-0d224bc59366,f44f96c8-7e36-4597-b9c8-3bd9e8540f5c,c1,c5,1451,?,i2,
1769091309.299304,RECEIVED,524f85f2-6a75-4338-8796-18f1d4be785e,48e69fe4-d973-4c91-842e-7a4421751518,c5,c4,2035,p2,?,
1769091309.4223783,SENT,cace08d3-959a-46a3-90d5-c96821011c21,fe056474-832b-4d10-bdff-75b1d5c9ce16,c1,c5,1456,?,i3,
1769091309.422418,FORWARDED,cace08d3-959a-46a3-90d5-c96821011c21,fe056474-832b-4d10-bdff-75b1d5c9ce16,c1,c5,1456,?,i3,
1769091309.4531171,RECEIVED,d2072f8b-b2b7-47b5-ad35-ee4f7639481b,aa105c99-ca83-4c21-9aca-2dc5c3f2c0d8,c1,DROP,440,x7,?,
1769091309.4828644,RECEIVED,2c4b5d1d-08ec-4213-be17-0afaa48818d6,492ce85c-6a13-464c-a0eb-b88724c2ba96,c2,c1,2035,p2,?,
1769091309.6937,SENT,524f85f2-6a75-4338-8796-18f1d4be785e,48e69fe4-d973-4c91-842e-7a4421751518,c5,c4,1455,?,i3,
1769091309.6937418,FORWARDED,524f85f2-6a75-4338-8796-18f1d4be785e,48e69fe4-d973-4c91-842e-7a4421751518,c5,c4,1455,?,i3,
1769091309.9840786,RECEIVED,a6e63402-0e47-4de9-9e49-d29c76d3c13f,d50b8cc2-45ee-4090-850d-f41ec2575e49,c5,c4,2039,p2,?,
1769091310.1329658,SENT,cdba4779-b3ad-481e-aa17-7de8eb70b8a5,cad51a12-5026-45c9-9dde-bce809172ce9,c2,c1,1461,?,i9,
1769091310.1330078,FORWARDED,cdba4779-b3ad-481e-aa17-7de8eb70b8a5,cad51a12-5026-45c9-9dde-bce809172ce9,c2,c1,1461,?,i9,
1769091310.160258,RECEIVED,d8657542-bfae-4ee5-8251-e95e369a58fe,bff138f6-400c-43cd-80f7-bbf8025fc399,c2,c1,2040,p2,?,
1769091310.2418435,RECEIVED,c1db5ada-854a-411b-b441-9dd6667de1db,09c256a4-03fb-4251-8274-9d21ae7f24ea,c2,c1,2043,p2,?,
1769091310.2478974,SENT,d8657542-bfae-4ee5-8251-e95e369a58fe,bff138f6-400c-43cd-80f7-bbf8025fc399,c2,c1,1456,?,i6,
1769091310.2479427,FORWARDED,d8657542-bfae-4ee5-8251-e95e369a58fe,bff138f6-400c-43cd-80f7-bbf8025fc399,c2,c1,1456,?,i6,
1769091310.2624505,RECEIVED,f989d9e9-4a95-4d14-9379-9e849679dcf1,34a17d21-fc4b-4f16-9348-e29b3c0b3e29,c3,c4,2043,p3,?,
1769091310.2736633,RECEIVED,7e3ebd3a-7381-49f8-b5de-ceaafea495d5,d2e270bb-5522-41f7-8cd5-c2b1b0b1a3af,c3,c4,2031,p3,?,
1769091310.3761148,SENT,f989d9e9-4a95-4d14-9379-9e849679dcf1,34a17d21-fc4b-4f16-9348-e29b3c0b3e29,c3,c4,1460,?,i6,
1769091310.376161,FORWARDED,f989d9e9-4a95-4d14-9379-9e849679dcf1,34a17d21-fc4b-4f16-9348-e29b3c0b3e29,c3,c4,1460,?,i6,
1769091310.378826,RECEIVED,e1825560-4b45-4a63-9c11-e3a983eaadd1,b2042a11-0b1f-4185-9bca-994f229494c1,c5,DROP,1427,p2,?,
1769091310.575536,SENT,a6e63402-0e47-4de9-9e49-d29c76d3c13f,d50b8cc2-45ee-4090-850d-f41ec2575e49,c5,c4,1456,?,i1,
1769091310.5755773,FORWARDED,a6e63402-0e47-4de9-9e49-d29c76d3c13f,d50b8cc2-45ee-4090-850d-f41ec2575e49,c5,c4,1456,?,i1,
1769091310.6801782,RECEIVED,32eb44f3-8004-4887-9205-3711ab91e8e2,ed73d1c8-d397-4982-bedf-9239510e105a,c4,DROP,442,x6,?,
1769091310.6898978,RECEIVED,abbabe19-8fe8-4b92-979c-f8cf1c2d5f92,0b8c84f5-5039-4b74-89d6-dfb79dbe8ada,c2,c1,2023,p2,?,
1769091310.829928,SENT,c1db5ada-854a-411b-b441-9dd6667de1db,09c256a4-03fb-4251-8274-9d21ae7f24ea,c2,c1,1459,?,i9,
1769091310.82997,FORWARDED,c1db5ada-854a-411b-b441-9dd6667de1db,09c256a4-03fb-4251-8274-9d21ae7f24ea,c2,c1,1459,?,i9,
1769091310.8390324,SENT,7e3ebd3a-7381-49f8-b5de-ceaafea495d5,d2e270bb-5522-41f7-8cd5-c2b1b0b1a3af,c3,c4,1452,?,i6,
1769091310.8391383,FORWARDED,7e3ebd3a-7381-49f8-b5de-ceaafea495d5,d2e270bb-5522-41f7-8cd5-c2b1b0b1a3af,c3,c4,1452,?,i6,
1769091310.8851871,RECEIVED,1c2ad301-7d6b-41aa-b579-422103fee6a8,2bbc1545-681e-4d29-9e21-87db129e7faf,c5,c4,2046,p2,?,
1769091310.9489346,SENT,abbabe19-8fe8-4b92-979c-f8cf1c2d5f92,0b8c84f5-5039-4b74-89d6-dfb79dbe8ada,c2,c1,1444,?,i4,
1769091310.9489791,FORWARDED,abbabe19-8fe8-4b92-979c-f8cf1c2d5f92,0b8c84f5-5039-4b74-89d6-dfb79dbe8ada,c2,c1,1444,?,i4,
1769091310.958807,RECEIVED,c2dabfe1-d7f0-4119-abdd-15e6d278d8c5,705d2d1e-1fe5-460b-a3eb-61afe33560bd,c1,c5,2038,p1,?,
1769091311.2778792,SENT,e1825560-4b45-4a63-9c11-e3a983eaadd1,b2042a11-0b1f-4185-9bca-994f229494c1,c5,DROP,999,?,i8,
1769091311.277926,FORWARDED,e1825560-4b45-4a63-9c11-e3a983eaadd1,b2042a11-0b1f-4185-9bca-994f229494c1,c5,DROP,999,?,i8,
1769091311.865327,SENT,c2dabfe1-d7f0-4119-abdd-15e6d278d8c5,705d2d1e-1fe5-460b-a3eb-61afe33560bd,c1,c5,1456,?,i2,
1769091311.8653686,FORWARDED,c2dabfe1-d7f0-4119-abdd-15e6d278d8c5,705d2d1e-1fe5-460b-a3eb-61afe33560bd,c1,c5,1456,?,i2,
1769091311.9165494,RECEIVED,c0bca4b3-80e7-4cd8-a634-50b5190e4ef6,c527d0b0-a339-49a4-8041-f7ef9bc4130c,c4,c1,2036,p1,?,
1769091312.1228979,RECEIVED,f5c11f05-0549-47ca-b8cd-52715d867e49,c6912cf7-c01f-42de-ba35-4be3f6464fae,c5,c4,2048,p2,?,
1769091312.1389287,RECEIVED,74d0f39c-ae28-4d7c-9217-91db36c8f32e,eba652ac-f9d7-4d20-98cd-a14ae5ca3015,c4,c1,2038,p1,?,
1769091312.381783,SENT,c0bca4b3-80e7-4cd8-a634-50b5190e4ef6,c527d0b0-a339-49a4-8041-f7ef9bc4130c,c4,c1,1455,?,i9,
1769091312.3818247,FORWARDED,c0bca4b3-80e7-4cd8-a634-50b5190e4ef6,c527d0b0-a339-49a4-8041-f7ef9bc4130c,c4,c1,1455,?,i9,
1769091312.4236774,RECEIVED,b70bdf45-75b0-4702-a422-d5cb24ef3986,05a60b85-e1ea-4827-8c8d-89b59c01573c,c5,DROP,1444,p2,?,
1769091312.535474,SENT,74d0f39c-ae28-4d7c-9217-91db36c8f32e,eba652ac-f9d7-4d20-98cd-a14ae5ca3015,c4,c1,1456,?,i1,
1769091312.5355144,FORWARDED,74d0f39c-ae28-4d7c-9217-91db36c8f32e,eba652ac-f9d7-4d20-98cd-a14ae5ca3015,c4,c1,1456,?,i1,
1769091312.5383482,SENT,b70bdf45-75b0-4702-a422-d5cb24ef3986,05a60b85-e1ea-4827-8c8d-89b59c01573c,c5,DROP,1011,?,i9,
1769091312.5383894,FORWARDED,b70bdf45-75b0-4702-a422-d5cb24ef3986,05a60b85-e1ea-4827-8c8d-89b59c01573c,c5,DROP,1011,?,i9,
1769091312.7200139,SENT,1c2ad301-7d6b-41aa-b579-422103fee6a8,2bbc1545-681e-4d29-9e21-87db129e7faf,c5,c4,1464,?,i7,
1769091312.720068,FORWARDED,1c2ad301-7d6b-41aa-b579-422103fee6a8,2bbc1545-681e-4d29-9e21-87db129e7faf,c5,c4,1464,?,i7,
1769091312.7950087,RECEIVED,66a39f43-ef98-462f-9952-2be3a36b6212,76e63ec4-ea91-401d-976c-6ad5e6eabcec,c3,c4,2044,p3,?,
1769091312.8348863,RECEIVED,bd65cd95-8879-46b0-a840-16148e4bc802,b52c3174-c72e-4046-97e3-4c8582c74fd3,c4,DROP,1440,p1,?,
1769091312.859479,SENT,bd65cd95-8879-46b0-a840-16148e4bc802,b52c3174-c72e-4046-97e3-4c8582c74fd3,c4,DROP,1007,?,i6,
1769091312.8600888,FORWARDED,bd65cd95-8879-46b0-a840-16148e4bc802,b52c3174-c72e-4046-97e3-4c8582c74fd3,c4,DROP,1007,?,i6,
1769091312.862974,SENT,f5c11f05-0549-47ca-b8cd-52715d867e49,c6912cf7-c01f-42de-ba35-4be3f6464fae,c5,c4,1462,?,i11,
1769091312.8630178,FORWARDED,f5c11f05-0549-47ca-b8cd-52715d867e49,c6912cf7-c01f-42de-ba35-4be3f6464fae,c5,c4,1462,?,i11,
1769091312.9535701,RECEIVED,39b0170a-0046-4b5b-bbb6-39ca81b3ab30,fe3d5746-cc30-4bea-ad7f-e459089c3e11,c4,c1,2039,p1,?,
1769091312.9837115,RECEIVED,8fe98c3e-34f2-4c7b-bff1-cba8c953b244,6a585384-f7a8-45a8-adff-f6a4aa47fddd,c2,c1,2036,p2,?,
1769091313.1035173,SENT,66a39f43-ef98-462f-9952-2be3a36b6212,76e63ec4-ea91-401d-976c-6ad5e6eabcec,c3,c4,1460,?,i1,
1769091313.1036112,FORWARDED,66a39f43-ef98-462f-9952-2be3a36b6212,76e63ec4-ea91-401d-976c-6ad5e6eabcec,c3,c4,1460,?,i1,
1769091313.1915984,SENT,2c4b5d1d-08ec-4213-be17-0afaa48818d6,492ce85c-6a13-464c-a0eb-b88724c2ba96,c2,c1,1455,?,i1,
1769091313.19164,FORWARDED,2c4b5d1d-08ec-4213-be17-0afaa48818d6,492ce85c-6a13-464c-a0eb-b88724c2ba96,c2,c1,1455,?,i1,
1769091313.417022,RECEIVED,f974d669-9418-4a21-bc29-8f29a0ff5e8f,9c9e8d45-2b68-4c2c-b9ce-1549703836ca,c4,c1,2038,p1,?,
1769091313.460167,RECEIVED,289032d5-5feb-4ed4-a034-c33cef2edbda,f4bd7954-d7fd-4660-a342-32d4689aad01,c1,c5,2044,p1,?,
1769091313.5336707,RECEIVED,4e6c4820-507c-487a-b6e0-53aae8a1fa5e,c6c638b8-edf1-44a5-b507-3b2bbe8ced67,c2,c1,2020,p2,?,
1769091313.671186,SENT,4e6c4820-507c-487a-b6e0-53aae8a1fa5e,c6c638b8-edf1-44a5-b507-3b2bbe8ced67,c2,c1,1443,?,i4,
1769091313.6712277,FORWARDED,4e6c4820-507c-487a-b6e0-53aae8a1fa5e,c6c638b8-edf1-44a5-b507-3b2bbe8ced67,c2,c1,1443,?,i4,
1769091313.7379568,SENT,8fe98c3e-34f2-4c7b-bff1-cba8c953b244,6a585384-f7a8-45a8-adff-f6a4aa47fddd,c2,c1,1454,?,i11,
1769091313.737992,FORWARDED,8fe98c3e-34f2-4c7b-bff1-cba8c953b244,6a585384-f7a8-45a8-adff-f6a4aa47fddd,c2,c1,1454,?,i11,
1769091313.792704,RECEIVED,e30ad851-05d5-435d-bf24-dcf3b22152ee,ca07ca53-7ae1-47db-a8f9-20fd5e5f3d06,c4,c1,2035,p1,?,
1769091313.830004,RECEIVED,a4768c6f-1f72-4cbb-87e9-5ee5721f916f,3085ec06-bbef-44fd-a7ac-8939756bc6ad,c4,DROP,1443,p1,?,
1769091313.8802655,SENT,289032d5-5feb-4ed4-a034-c33cef2edbda,f4bd7954-d7fd-4660-a342-32d4689aad01,c1,c5,1461,?,i9,
1769091313.8803062,FORWARDED,289032d5-5feb-4ed4-a034-c33cef2edbda,f4bd7954-d7fd-4660-a342-32d4689aad01,c1,c5,1461,?,i9,
1769091313.9919307,RECEIVED,dc0fec6f-71c5-4df5-a54c-06d1fc19a872,1447fad1-304d-4a66-91ff-9bafb6823eb6,c5,DROP,446,x10,?,
1769091314.0241702,SENT,39b0170a-0046-4b5b-bbb6-39ca81b3ab30,fe3d5746-cc30-4bea-ad7f-e459089c3e11,c4,c1,1457,?,i4,
1769091314.0242112,FORWARDED,39b0170a-0046-4b5b-bbb6-39ca81b3ab30,fe3d5746-cc30-4bea-ad7f-e459089c3e11,c4,c1,1457,?,i4,
1769091314.2392335,SENT,a4768c6f-1f72-4cbb-87e9-5ee5721f916f,3085ec06-bbef-44fd-a7ac-8939756bc6ad,c4,DROP,1011,?,i9,
1769091314.2392726,FORWARDED,a4768c6f-1f72-4cbb-87e9-5ee5721f916f,3085ec06-bbef-44fd-a7ac-8939756bc6ad,c4,DROP,1011,?,i9,
1769091314.283017,RECEIVED,1eea55a8-5ad8-4923-a644-b8ee9b05c963,2a8c3328-e6c1-4057-9564-0b0211d404ab,c5,c4,2031,p2,?,
1769091314.333433,SENT,e30ad851-05d5-435d-bf24-dcf3b22152ee,ca07ca53-7ae1-47db-a8f9-20fd5e5f3d06,c4,c1,1455,?,i7,
1769091314.3334727,FORWARDED,e30ad851-05d5-435d-bf24-dcf3b22152ee,ca07ca53-7ae1-47db-a8f9-20fd5e5f3d06,c4,c1,1455,?,i7,
1769091314.336014,RECEIVED,b9b5ab7d-a4c9-4034-bc78-3c9d1800a985,9c5c901f-57bb-4afb-b725-0a23b3a6e2f4,c4,c1,2044,p1,?,
1769091314.3975909,SENT,f974d669-9418-4a21-bc29-8f29a0ff5e8f,9c9e8d45-2b68-4c2c-b9ce-1549703836ca,c4,c1,1456,?,i3,
1769091314.3976345,FORWARDED,f974d669-9418-4a21-bc29-8f29a0ff5e8f,9c9e8d45-2b68-4c2c-b9ce-1549703836ca,c4,c1,1456,?,i3,
1769091314.5108848,SENT,b9b5ab7d-a4c9-4034-bc78-3c9d1800a985,9c5c901f-57bb-4afb-b725-0a23b3a6e2f4,c4,c1,1459,?,i5,
1769091314.5109255,FORWARDED,b9b5ab7d-a4c9-4034-bc78-3c9d1800a985,9c5c901f-57bb-4afb-b725-0a23b3a6e2f4,c4,c1,1459,?,i5,
1769091314.637501,RECEIVED,1a430dcd-880d-4864-8925-96ace2dd07a6,972a5e6e-8957-470c-b0be-8b13ccdca342,c5,c4,2044,p2,?,
1769091314.7924683,SENT,1a430dcd-880d-4864-8925-96ace2dd07a6,972a5e6e-8957-470c-b0be-8b13ccdca342,c5,c4,1461,?,i4,
1769091314.7925096,FORWARDED,1a430dcd-880d-4864-8925-96ace2dd07a6,972a5e6e-8957-470c-b0be-8b13ccdca342,c5,c4,1461,?,i4,
1769091314.8847098,RECEIVED,ea2f2897-0ccd-4b90-a236-85d7e73a5f8e,9a6f1942-980b-4c95-97c7-9c026652d961,c2,DROP,1443,p2,?,
1769091315.1997805,RECEIVED,a43f6457-1cfb-4788-95e7-d18daf3554c9,2f823166-7fdd-4f10-a41a-c13365f558f8,c2,DROP,1448,p2,?,
1769091315.4117427,RECEIVED,26b4de16-0c20-4490-81b4-83a20187ad26,99b145b5-1daf-479e-a07e-603ddfc03558,c2,c1,2044,p2,?,
1769091315.4872131,RECEIVED,608ee9a2-fe20-4999-b31f-78137ac9c5dc,fb008665-0145-4b20-8f15-a6b92462f1e3,c1,DROP,446,x12,?,
1769091315.5062885,RECEIVED,0a98948d-c8d5-41fa-bc53-c092e1256931,c551f86e-f026-4f97-99c0-3368d1706ad1,c4,DROP,1451,p1,?,
1769091315.5153582,SENT,a43f6457-1cfb-4788-95e7-d18daf3554c9,2f823166-7fdd-4f10-a41a-c13365f558f8,c2,DROP,1012,?,i5,
1769091315.5154004,FORWARDED,a43f6457-1cfb-4788-95e7-d18daf3554c9,2f823166-7fdd-4f10-a41a-c13365f558f8,c2,DROP,1012,?,i5,
1769091315.8407068,SENT,26b4de16-0c20-4490-81b4-83a20187ad26,99b145b5-1daf-479e-a07e-603ddfc03558,c2,c1,1460,?,i10,
1769091315.840748,FORWARDED,26b4de16-0c20-4490-81b4-83a20187ad26,99b145b5-1daf-479e-a07e-603ddfc03558,c2,c1,1460,?,i10,
1769091315.9324875,RECEIVED,231a4802-2c69-4f9a-accb-88fe1ccecf21,fb19c3c9-9ea8-4390-80f3-933528f902c9,c2,c1,2045,p2,?,
1769091316.0499575,SENT,0a98948d-c8d5-41fa-bc53-c092e1256931,c551f86e-f026-4f97-99c0-3368d1706ad1,c4,DROP,1015,?,i6,
1769091316.0499983,FORWARDED,0a98948d-c8d5-41fa-bc53-c092e1256931,c551f86e-f026-4f97-99c0-3368d1706ad1,c4,DROP,1015,?,i6,
1769091316.0984654,RECEIVED,458d38c4-3867-410d-b119-f5396d74a741,98859782-4955-4af0-8092-c2d708ab7fcd,c1,DROP,441,x5,?,
1769091316.1553204,SENT,ea2f2897-0ccd-4b90-a236-85d7e73a5f8e,9a6f1942-980b-4c95-97c7-9c026652d961,c2,DROP,1010,?,i7,
1769091316.15536,FORWARDED,ea2f2897-0ccd-4b90-a236-85d7e73a5f8e,9a6f1942-980b-4c95-97c7-9c026652d961,c2,DROP,1010,?,i7,
1769091316.201091,RECEIVED,21bfa1f4-7f7e-40af-bab9-7629ea2f0f58,337f1528-b52c-4adb-8349-ffbe98ca2438,c1,DROP,445,x12,?,
1769091316.2716784,SENT,231a4802-2c69-4f9a-accb-88fe1ccecf21,fb19c3c9-9ea8-4390-80f3-933528f902c9,c2,c1,1461,?,i12,
1769091316.2718112,FORWARDED,231a4802-2c69-4f9a-accb-88fe1ccecf21,fb19c3c9-9ea8-4390-80f3-933528f902c9,c2,c1,1461,?,i12,
1769091316.7008936,RECEIVED,8e6f0bed-5c82-435a-a04c-3c45e9773b82,b7bb6b75-fa31-4382-ab59-14105fafdbe7,c1,DROP,441,x3,?,
1769091317.0104032,RECEIVED,0a5f3cd3-9d8b-4331-ab66-aac444cbbb02,ef36bf32-08c2-458b-bad7-f200e4403265,c2,c1,2042,p2,?,
1769091317.0708387,RECEIVED,28ade55c-77db-4dc9-8c01-3d5db25ac92b,10198551-62ab-4cd8-8105-fa768af1a757,c5,c4,2041,p2,?,
1769091317.1115289,RECEIVED,38d25551-806d-48ab-ad55-1d9d9f1cfac4,58f0263d-6f80-4034-bb4d-dba739e8e148,c2,DROP,442,x8,?,
1769091317.1432276,SENT,28ade55c-77db-4dc9-8c01-3d5db25ac92b,10198551-62ab-4cd8-8105-fa768af1a757,c5,c4,1456,?,i6,
1769091317.1432705,FORWARDED,28ade55c-77db-4dc9-8c01-3d5db25ac92b,10198551-62ab-4cd8-8105-fa768af1a757,c5,c4,1456,?,i6,
1769091317.2409837,SENT,1eea55a8-5ad8-4923-a644-b8ee9b05c963,2a8c3328-e6c1-4057-9564-0b0211d404ab,c5,c4,1451,?,i2,
1769091317.2410219,FORWARDED,1eea55a8-5ad8-4923-a644-b8ee9b05c963,2a8c3328-e6c1-4057-9564-0b0211d404ab,c5,c4,1451,?,i2,
1769091317.3423169,RECEIVED,79c5fe00-86c7-4353-a5c8-249a78fa31d4,c46fd71d-645b-4c36-94f9-e0259fcac289,c5,c4,2027,p2,?,
1769091317.4308808,RECEIVED,8dcbdb2e-025b-458e-a5aa-1ba0d6dafeec,115eb49b-6165-4bcd-a64c-5e3f5cd4324d,c3,c4,2032,p3,?,
1769091317.5941947,RECEIVED,adbdd92d-b5bb-404d-8cc7-7658ac1206af,eb50c60f-c3e3-41d6-844b-870bf6f5b1ab,c4,DROP,1455,p1,?,
1769091317.6664577,RECEIVED,677fe49d-dfd1-4e4e-a5a9-1fc9e4e0926b,33cbc559-7aa2-4eb8-a99b-6c75110c79fe,c4,c1,2031,p1,?,
1769091317.7038453,SENT,8dcbdb2e-025b-458e-a5aa-1ba0d6dafeec,115eb49b-6165-4bcd-a64c-5e3f5cd4324d,c3,c4,1451,?,i7,
1769091317.7038846,FORWARDED,8dcbdb2e-025b-458e-a5aa-1ba0d6dafeec,115eb49b-6165-4bcd-a64c-5e3f5cd4324d,c3,c4,1451,?,i7,
1769091317.8828516,SENT,79c5fe00-86c7-4353-a5c8-249a78fa31d4,c46fd71d-645b-4c36-94f9-e0259fcac289,c5,c4,1447,?,i4,
1769091317.8829033,FORWARDED,79c5fe00-86c7-4353-a5c8-249a78fa31d4,c46fd71d-645b-4c36-94f9-e0259fcac289,c5,c4,1447,?,i4,
1769091317.9887698,SENT,adbdd92d-b5bb-404d-8cc7-7658ac1206af,eb50c60f-c3e3-41d6-844b-870bf6f5b1ab,c4,DROP,1018,?,i2,
1769091317.9888105,FORWARDED,adbdd92d-b5bb-404d-8cc7-7658ac1206af,eb50c60f-c3e3-41d6-844b-870bf6f5b1ab,c4,DROP,1018,?,i2,
1769091318.15684,RECEIVED,79aca029-802f-4260-a39d-e12c21b3dde7,dd7df2ff-f4c2-48f1-a8d9-6f3cf0ac10ec,c1,c5,2034,p1,?,
1769091318.3789508,RECEIVED,b10325ec-d37c-444a-9f96-bc997c5469ef,36b3cd4e-0a03-4555-bf17-df3a2c3c42e6,c3,c4,2056,p3,?,
1769091318.4086766,SENT,677fe49d-dfd1-4e4e-a5a9-1fc9e4e0926b,33cbc559-7aa2-4eb8-a99b-6c75110c79fe,c4,c1,1452,?,i4,
1769091318.4087155,FORWARDED,677fe49d-dfd1-4e4e-a5a9-1fc9e4e0926b,33cbc559-7aa2-4eb8-a99b-6c75110c79fe,c4,c1,1452,?,i4,
1769091318.5039132,RECEIVED,28b0dd70-e710-4aad-ba2a-e9e6b45c29b3,d869609a-282b-4405-aa47-f7b904ed45ba,c4,DROP,1448,p1,?,
1769091318.5192528,SENT,b10325ec-d37c-444a-9f96-bc997c5469ef,36b3cd4e-0a03-4555-bf17-df3a2c3c42e6,c3,c4,1470,?,i5,
1769091318.519357,FORWARDED,b10325ec-d37c-444a-9f96-bc997c5469ef,36b3cd4e-0a03-4555-bf17-df3a2c3c42e6,c3,c4,1470,?,i5,
1769091318.5226083,RECEIVED,04e4db3c-bb7d-43ad-8a22-04ca6a539bb2,408b05ef-686c-4e81-9126-f0b41b1317ef,c2,DROP,1456,p2,?,
1769091318.6324983,SENT,0a5f3cd3-9d8b-4331-ab66-aac444cbbb02,ef36bf32-08c2-458b-bad7-f200e4403265,c2,c1,1460,?,i5,
1769091318.632541,FORWARDED,0a5f3cd3-9d8b-4331-ab66-aac444cbbb02,ef36bf32-08c2-458b-bad7-f200e4403265,c2,c1,1460,?,i5,
1769091318.7587512,SENT,28b0dd70-e710-4aad-ba2a-e9e6b45c29b3,d869609a-282b-4405-aa47-f7b904ed45ba,c4,DROP,1014,?,i7,
1769091318.7588022,FORWARDED,28b0dd70-e710-4aad-ba2a-e9e6b45c29b3,d869609a-282b-4405-aa47-f7b904ed45ba,c4,DROP,1014,?,i7,
1769091318.784461,RECEIVED,2ce2fd06-c9d4-45f4-ac6b-d142667078c0,7cd7d7fd-e93d-4884-a31f-d9dc2a6e3bdf,c3,c4,2055,p3,?,
1769091318.8209016,SENT,79aca029-802f-4260-a39d-e12c21b3dde7,dd7df2ff-f4c2-48f1-a8d9-6f3cf0ac10ec,c1,c5,1455,?,i8,
1769091318.8209429,FORWARDED,79aca029-802f-4260-a39d-e12c21b3dde7,dd7df2ff-f4c2-48f1-a8d9-6f3cf0ac10ec,c1,c5,1455,?,i8,
1769091319.0059667,SENT,04e4db3c-bb7d-43ad-8a22-04ca6a539bb2,408b05ef-686c-4e81-9126-f0b41b1317ef,c2,DROP,1020,?,i12,
1769091319.0060084,FORWARDED,04e4db3c-bb7d-43ad-8a22-04ca6a539bb2,408b05ef-686c-4e81-9126-f0b41b1317ef,c2,DROP,1020,?,i12,
1769091319.209034,RECEIVED,35f97675-ace0-4ad9-86dd-2975b751371a,7d896b3d-b424-409a-8a0e-f21a74b0cf0b,c3,c4,2031,p3,?,
1769091319.3651617,SENT,2ce2fd06-c9d4-45f4-ac6b-d142667078c0,7cd7d7fd-e93d-4884-a31f-d9dc2a6e3bdf,c3,c4,1468,?,i8,
1769091319.3652,FORWARDED,2ce2fd06-c9d4-45f4-ac6b-d142667078c0,7cd7d7fd-e93d-4884-a31f-d9dc2a6e3bdf,c3,c4,1468,?,i8,
1769091319.4242573,RECEIVED,f5b4bb25-9272-4211-b695-3cf43e58f529,0c56ec02-87fa-4be4-bcb1-e370642c5fd4,c1,DROP,444,x12,?,
1769091319.438206,RECEIVED,65daf000-ed38-4433-bf48-3a041bc9125a,70c0aa56-1171-4b1f-a0cb-dc76bf277528,c3,DROP,1461,p3,?,
1769091319.4775069,FORWARDED,65daf000-ed38-4433-bf48-3a041bc9125a,70c0aa56-1171-4b1f-a0cb-dc76bf277528,c3,DROP,1021,?,i6,
1769091319.6935666,RECEIVED,a6ffb2fa-510d-41ba-ad06-cf3d34951161,9cc19896-8d1a-47fb-b146-a8cbf2b0c722,c3,c4,2040,p3,?,
1769091319.696905,RECEIVED,1da514bd-406c-48c0-8a8c-3975037c9a2c,71e9b917-c08b-41dc-972f-594bfdca2c2b,c3,c4,2044,p3,?,
1769091319.762632,RECEIVED,5a4fc64b-8b0d-41fc-af51-fdc853e2b722,72fe054b-c5da-41c8-b921-1f9aa4887186,c5,DROP,1462,p2,?,
1769091319.7807324,SENT,1da514bd-406c-48c0-8a8c-3975037c9a2c,71e9b917-c08b-41dc-972f-594bfdca2c2b,c3,c4,1457,?,i12,
1769091319.780781,FORWARDED,1da514bd-406c-48c0-8a8c-3975037c9a2c,71e9b917-c08b-41dc-972f-594bfdca2c2b,c3,c4,1457,?,i12,
1769091319.782427,SENT,5a4fc64b-8b0d-41fc-af51-fdc853e2b722,72fe054b-c5da-41c8-b921-1f9aa4887186,c5,DROP,1021,?,i11,
1769091319.7826352,FORWARDED,5a4fc64b-8b0d-41fc-af51-fdc853e2b722,72fe054b-c5da-41c8-b921-1f9aa4887186,c5,DROP,1021,?,i11,
1769091319.9059584,RECEIVED,0b8963ce-b4b0-41f7-8642-acc51c18e8ba,042e3a68-b484-4574-8bc9-fed162620b79,c5,c4,2031,p2,?,
1769091319.9362729,RECEIVED,8e22acce-566e-49c5-9dff-f884f8066d85,b6aa40d5-65be-4740-9bb3-3f21f8c54a98,c2,c1,2048,p2,?,
1769091319.9747345,RECEIVED,78171dda-c2cc-4851-a473-9fcb347f8e0f,1da8b608-1c09-4aef-98d7-766cc48e34e2,c1,c5,2044,p1,?,
1769091320.0323377,SENT,78171dda-c2cc-4851-a473-9fcb347f8e0f,1da8b608-1c09-4aef-98d7-766cc48e34e2,c1,c5,1459,?,i2,
1769091320.0323853,FORWARDED,78171dda-c2cc-4851-a473-9fcb347f8e0f,1da8b608-1c09-4aef-98d7-766cc48e34e2,c1,c5,1459,?,i2,
1769091320.1306028,FORWARDED,35f97675-ace0-4ad9-86dd-2975b751371a,7d896b3d-b424-409a-8a0e-f21a74b0cf0b,c3,c4,1452,?,i6,
1769091320.1666362,RECEIVED,6dadaf8c-96fa-4717-8eeb-da833365fc6f,e30b837b-8320-4fd6-a4d5-4c5fcbda6ee8,c2,c1,2044,p2,?,
1769091320.184981,RECEIVED,006ab2aa-4dad-4b2a-910a-43ac65e38b25,040a8851-536c-4651-8fcc-386375a5a2ea,c3,c4,2020,p3,?,
1769091320.1909533,RECEIVED,86897f1e-7f50-4036-8c2e-032b54b66021,dbc712ec-ce14-4016-8cac-3abc2f6c7245,c2,c1,2031,p2,?,
1769091320.2161374,SENT,8e22acce-566e-49c5-9dff-f884f8066d85,b6aa40d5-65be-4740-9bb3-3f21f8c54a98,c2,c1,1464,?,i10,
1769091320.2161787,FORWARDED,8e22acce-566e-49c5-9dff-f884f8066d85,b6aa40d5-65be-4740-9bb3-3f21f8c54a98,c2,c1,1464,?,i10,
1769091320.3493142,SENT,6dadaf8c-96fa-4717-8eeb-da833365fc6f,e30b837b-8320-4fd6-a4d5-4c5fcbda6ee8,c2,c1,1459,?,i7,
1769091320.3493714,FORWARDED,6dadaf8c-96fa-4717-8eeb-da833365fc6f,e30b837b-8320-4fd6-a4d5-4c5fcbda6ee8,c2,c1,1459,?,i7,
1769091320.3754249,RECEIVED,7824e943-2cbc-43aa-9574-6213a4c63387,915f5028-3117-4e4e-bad2-60b33f5766db,c3,DROP,1445,p3,?,
1769091320.3892996,SENT,a6ffb2fa-510d-41ba-ad06-cf3d34951161,9cc19896-8d1a-47fb-b146-a8cbf2b0c722,c3,c4,1457,?,i11,
1769091320.3907177,FORWARDED,a6ffb2fa-510d-41ba-ad06-cf3d34951161,9cc19896-8d1a-47fb-b146-a8cbf2b0c722,c3,c4,1457,?,i11,
1769091320.4221492,SENT,86897f1e-7f50-4036-8c2e-032b54b66021,dbc712ec-ce14-4016-8cac-3abc2f6c7245,c2,c1,1451,?,i9,
1769091320.4221919,FORWARDED,86897f1e-7f50-4036-8c2e-032b54b66021,dbc712ec-ce14-4016-8cac-3abc2f6c7245,c2,c1,1451,?,i9,
1769091320.4268224,SENT,7824e943-2cbc-43aa-9574-6213a4c63387,915f5028-3117-4e4e-bad2-60b33f5766db,c3,DROP,1011,?,i5,
1769091320.426865,FORWARDED,7824e943-2cbc-43aa-9574-6213a4c63387,915f5028-3117-4e4e-bad2-60b33f5766db,c3,DROP,1011,?,i5,
1769091320.4746146,FORWARDED,006ab2aa-4dad-4b2a-910a-43ac65e38b25,040a8851-536c-4651-8fcc-386375a5a2ea,c3,c4,1443,?,i6,
1769091320.5627487,RECEIVED,5533cab7-28c6-48ba-80e5-eda84202f9ac,563915bd-81ca-4016-bd54-e53d160c1bc6,c2,c1,2040,p2,?,
1769091320.6352363,RECEIVED,ec34b518-3e97-4366-92a4-96c1791a832f,abf7d876-5f73-41f9-a408-ab1d930c756e,c2,c1,2036,p2,?,
1769091320.6719213,RECEIVED,ef83c375-a303-43ba-9878-b3ebd8ac9510,c9480f6b-0f15-488f-a623-8b9939d76521,c4,c1,2049,p1,?,
1769091320.7156386,SENT,ef83c375-a303-43ba-9878-b3ebd8ac9510,c9480f6b-0f15-488f-a623-8b9939d76521,c4,c1,1464,?,i12,
1769091320.7156804,FORWARDED,ef83c375-a303-43ba-9878-b3ebd8ac9510,c9480f6b-0f15-488f-a623-8b9939d76521,c4,c1,1464,?,i12,
1769091320.832534,RECEIVED,3101f7f2-9444-4e4e-a442-6cc01d972003,71e52f19-a432-4a24-9534-00f775f231f5,c5,DROP,1453,p2,?,
1769091320.9211006,SENT,0b8963ce-b4b0-41f7-8642-acc51c18e8ba,042e3a68-b484-4574-8bc9-fed162620b79,c5,c4,1451,?,i5,
1769091320.9211483,FORWARDED,0b8963ce-b4b0-41f7-8642-acc51c18e8ba,042e3a68-b484-4574-8bc9-fed162620b79,c5,c4,1451,?,i5,
1769091320.9439998,RECEIVED,c6c419cf-56d9-47f2-a777-dde90bb02885,e9bf96a1-4e82-4f5b-a342-211d4cc180f2,c1,c5,2035,p1,?,
1769091321.0007112,RECEIVED,af63bf85-85ec-417d-a894-099766eaca46,8c8d9267-d421-4a29-964d-0a23c220b584,c2,c1,2036,p2,?,
1769091321.0347025,SENT,5533cab7-28c6-48ba-80e5-eda84202f9ac,563915bd-81ca-4016-bd54-e53d160c1bc6,c2,c1,1457,?,i1,
1769091321.0347438,FORWARDED,5533cab7-28c6-48ba-80e5-eda84202f9ac,563915bd-81ca-4016-bd54-e53d160c1bc6,c2,c1,1457,?,i1,
1769091321.250675,SENT,af63bf85-85ec-417d-a894-099766eaca46,8c8d9267-d421-4a29-964d-0a23c220b584,c2,c1,1453,?,i4,
1769091321.2507164,FORWARDED,af63bf85-85ec-417d-a894-099766eaca46,8c8d9267-d421-4a29-964d-0a23c220b584,c2,c1,1453,?,i4,
1769091321.280922,SENT,3101f7f2-9444-4e4e-a442-6cc01d972003,71e52f19-a432-4a24-9534-00f775f231f5,c5,DROP,1016,?,i11,
1769091321.2809625,FORWARDED,3101f7f2-9444-4e4e-a442-6cc01d972003,71e52f19-a432-4a24-9534-00f775f231f5,c5,DROP,1016,?,i11,
1769091321.5215101,SENT,c6c419cf-56d9-47f2-a777-dde90bb02885,e9bf96a1-4e82-4f5b-a342-211d4cc180f2,c1,c5,1455,?,i7,
1769091321.521549,FORWARDED,c6c419cf-56d9-47f2-a777-dde90bb02885,e9bf96a1-4e82-4f5b-a342-211d4cc180f2,c1,c5,1455,?,i7,
1769091321.5302796,RECEIVED,d7dcd1b0-b6a2-4be3-9949-933cc030f4b1,8359ef05-95b7-44d8-a968-ce588ed2283a,c1,DROP,1440,p1,?,
1769091321.6272054,SENT,d7dcd1b0-b6a2-4be3-9949-933cc030f4b1,8359ef05-95b7-44d8-a968-ce588ed2283a,c1,DROP,1008,?,i2,
1769091321.6272497,FORWARDED,d7dcd1b0-b6a2-4be3-9949-933cc030f4b1,8359ef05-95b7-44d8-a968-ce588ed2283a,c1,DROP,1008,?,i2,
1769091321.6645625,RECEIVED,8253fd50-a80a-425b-a42b-e6164340f942,2971cb6c-57bf-47ed-9fab-56de84a2bc23,c5,c4,2036,p2,?,
1769091321.6946747,RECEIVED,57060a8f-fd1e-4848-816a-8c3b557391e7,b80aad9f-efe0-4dc5-a8cc-acb3a16a5623,c1,c5,2019,p1,?,
1769091321.938276,RECEIVED,9a9b9f76-cf94-46ab-8b58-8ad8dc3eb0cd,a4c02e47-0e6b-432a-b20f-0d594ed93e12,c4,c1,2047,p1,?,
1769091322.0791957,FORWARDED,57060a8f-fd1e-4848-816a-8c3b557391e7,b80aad9f-efe0-4dc5-a8cc-acb3a16a5623,c1,c5,1443,?,i6,
1769091322.1851175,SENT,8253fd50-a80a-425b-a42b-e6164340f942,2971cb6c-57bf-47ed-9fab-56de84a2bc23,c5,c4,1455,?,i11,
1769091322.1851602,FORWARDED,8253fd50-a80a-425b-a42b-e6164340f942,2971cb6c-57bf-47ed-9fab-56de84a2bc23,c5,c4,1455,?,i11,
1769091322.4180317,FORWARDED,9a9b9f76-cf94-46ab-8b58-8ad8dc3eb0cd,a4c02e47-0e6b-432a-b20f-0d594ed93e12,c4,c1,1464,?,i6,
1769091322.444055,RECEIVED,78545f25-057f-4415-aaa3-6a134ebca504,d673c0bf-ea90-44d4-85d3-3234bc284753,c2,c1,2047,p2,?,
1769091322.5758388,RECEIVED,8d798446-12a2-44cb-be58-6f555ee57b84,9343e242-c542-4c3f-a6ab-d2c253024efb,c5,DROP,1440,p2,?,
1769091322.6346593,RECEIVED,bdd6bbe0-2ea9-4c97-9441-3f9a8ce77157,f2791d57-210f-4fdd-bda6-d912689b9ee2,c2,DROP,1441,p2,?,
1769091322.7106333,SENT,bdd6bbe0-2ea9-4c97-9441-3f9a8ce77157,f2791d57-210f-4fdd-bda6-d912689b9ee2,c2,DROP,1008,?,i10,
1769091322.7106748,FORWARDED,bdd6bbe0-2ea9-4c97-9441-3f9a8ce77157,f2791d57-210f-4fdd-bda6-d912689b9ee2,c2,DROP,1008,?,i10,
1769091322.713745,RECEIVED,8e5968a5-c78b-4f57-9bbe-4b794bb8e0a0,cd460038-c5e1-4b13-a45c-9620dc6ee794,c5,c4,2040,p2,?,
1769091322.7144134,SENT,ec34b518-3e97-4366-92a4-96c1791a832f,abf7d876-5f73-41f9-a408-ab1d930c756e,c2,c1,1455,?,i12,
1769091322.7144558,FORWARDED,ec34b518-3e97-4366-92a4-96c1791a832f,abf7d876-5f73-41f9-a408-ab1d930c756e,c2,c1,1455,?,i12,
1769091322.8761668,SENT,78545f25-057f-4415-aaa3-6a134ebca504,d673c0bf-ea90-44d4-85d3-3234bc284753,c2,c1,1463,?,i5,
1769091322.8762083,FORWARDED,78545f25-057f-4415-aaa3-6a134ebca504,d673c0bf-ea90-44d4-85d3-3234bc284753,c2,c1,1463,?,i5,
1769091322.8799734,SENT,8e5968a5-c78b-4f57-9bbe-4b794bb8e0a0,cd460038-c5e1-4b13-a45c-9620dc6ee794,c5,c4,1458,?,i10,
1769091322.8800159,FORWARDED,8e5968a5-c78b-4f57-9bbe-4b794bb8e0a0,cd460038-c5e1-4b13-a45c-9620dc6ee794,c5,c4,1458,?,i10,
1769091323.2727334,RECEIVED,bab90f98-d1b6-4821-94c4-b017974b95f4,99c0c744-d9f6-402b-afc0-1485442fdc03,c4,DROP,1439,p1,?,
1769091323.2901456,RECEIVED,c3a4f918-903c-49c4-8e64-b9508ceeb269,f9c7750e-126a-46d1-a98d-ee79e148d342,c4,DROP,446,x10,?,
1769091323.330141,RECEIVED,50e123c2-57d3-4436-abd9-5ff59c42b7d1,393819ec-16ed-4961-8f2e-9f52bfad8482,c2,DROP,1443,p2,?,
1769091323.364075,RECEIVED,845f2b2e-b00f-47aa-9cee-ba21bf48ac47,53fe8ab2-9676-41b0-9e26-61c6a02b9440,c4,DROP,1441,p1,?,
1769091323.3826082,SENT,845f2b2e-b00f-47aa-9cee-ba21bf48ac47,53fe8ab2-9676-41b0-9e26-61c6a02b9440,c4,DROP,1007,?,i4,
1769091323.3826506,FORWARDED,845f2b2e-b00f-47aa-9cee-ba21bf48ac47,53fe8ab2-9676-41b0-9e26-61c6a02b9440,c4,DROP,1007,?,i4,
1769091323.4177837,RECEIVED,c6a59eaf-8948-4011-96fe-f05d3b9ec339,8c235f7d-0fa2-4814-a848-197c3a14330b,c1,DROP,1452,p1,?,
1769091323.4638078,RECEIVED,39375428-6c83-41b2-8f6a-3e8f21b35803,50b35329-a37e-497f-9b99-cc0070957617,c5,c4,2039,p2,?,
1769091323.5024014,RECEIVED,9591813c-b49f-484d-baf3-6b559bbd0533,dcd6a818-8294-4746-a511-3461b793c530,c4,DROP,441,x12,?,
1769091323.553536,RECEIVED,a5113bd5-d4de-4809-ae30-1254efc1ec33,bca78332-8e6d-4902-984c-c449743423fe,c5,c4,2030,p2,?,
1769091323.5805383,SENT,a5113bd5-d4de-4809-ae30-1254efc1ec33,bca78332-8e6d-4902-984c-c449743423fe,c5,c4,1447,?,i10,
1769091323.580573,FORWARDED,a5113bd5-d4de-4809-ae30-1254efc1ec33,bca78332-8e6d-4902-984c-c449743423fe,c5,c4,1447,?,i10,
1769091323.5835228,SENT,c6a59eaf-8948-4011-96fe-f05d3b9ec339,8c235f7d-0fa2-4814-a848-197c3a14330b,c1,DROP,1016,?,i8,
1769091323.583557,FORWARDED,c6a59eaf-8948-4011-96fe-f05d3b9ec339,8c235f7d-0fa2-4814-a848-197c3a14330b,c1,DROP,1016,?,i8,
1769091323.7967827,RECEIVED,16ae0dea-c0e6-4db1-b9e9-1f40913a5e9d,8f135939-ca5e-4a51-b520-def3cd79da87,c3,c4,2033,p3,?,
1769091323.816994,RECEIVED,cafbd607-8717-477a-a523-1908489ddf46,7a05c9bf-74a2-48d8-b05b-048f7f870a8a,c2,c1,2041,p2,?,
1769091323.8204203,RECEIVED,5b375232-7f66-4a70-a768-af0d71af04b0,78903954-4dda-40ba-8165-f33c08408c92,c2,c1,2048,p2,?,
1769091323.895037,SENT,16ae0dea-c0e6-4db1-b9e9-1f40913a5e9d,8f135939-ca5e-4a51-b520-def3cd79da87,c3,c4,1450,?,i1,
1769091323.8954127,FORWARDED,16ae0dea-c0e6-4db1-b9e9-1f40913a5e9d,8f135939-ca5e-4a51-b520-def3cd79da87,c3,c4,1450,?,i1,
1769091323.899724,SENT,cafbd607-8717-477a-a523-1908489ddf46,7a05c9bf-74a2-48d8-b05b-048f7f870a8a,c2,c1,1456,?,i2,
1769091323.8997662,FORWARDED,cafbd607-8717-477a-a523-1908489ddf46,7a05c9bf-74a2-48d8-b05b-048f7f870a8a,c2,c1,1456,?,i2,
1769091323.9126318,RECEIVED,0ca412f8-2c0c-4f63-af42-7dac10ac321c,63820ee3-af0a-44f3-9ed5-ed027aead009,c3,c4,2049,p3,?,
1769091323.9498415,RECEIVED,91b86117-dd2a-4cbb-952b-47f17d5e712f,7a29975e-4479-42c8-81d3-dee011539ece,c3,c4,2039,p3,?,
1769091323.9962513,SENT,0ca412f8-2c0c-4f63-af42-7dac10ac321c,63820ee3-af0a-44f3-9ed5-ed027aead009,c3,c4,1463,?,i10,
1769091323.9963036,FORWARDED,0ca412f8-2c0c-4f63-af42-7dac10ac321c,63820ee3-af0a-44f3-9ed5-ed027aead009,c3,c4,1463,?,i10,
1769091323.998849,SENT,5b375232-7f66-4a70-a768-af0d71af04b0,78903954-4dda-40ba-8165-f33c08408c92,c2,c1,1464,?,i9,
1769091323.9988916,FORWARDED,5b375232-7f66-4a70-a768-af0d71af04b0,78903954-4dda-40ba-8165-f33c08408c92,c2,c1,1464,?,i9,
1769091324.146607,SENT,bab90f98-d1b6-4821-94c4-b017974b95f4,99c0c744-d9f6-402b-afc0-1485442fdc03,c4,DROP,1008,?,i7,
1769091324.1466491,FORWARDED,bab90f98-d1b6-4821-94c4-b017974b95f4,99c0c744-d9f6-402b-afc0-1485442fdc03,c4,DROP,1008,?,i7,
1769091324.172968,RECEIVED,25a7135d-b355-4554-b1ff-99c73f341283,f50be001-f36f-4e1c-8dcd-0fc81a680785,c5,c4,2036,p2,?,
1769091324.207775,SENT,8d798446-12a2-44cb-be58-6f555ee57b84,9343e242-c542-4c3f-a6ab-d2c253024efb,c5,DROP,1007,?,i11,
1769091324.207816,FORWARDED,8d798446-12a2-44cb-be58-6f555ee57b84,9343e242-c542-4c3f-a6ab-d2c253024efb,c5,DROP,1007,?,i11,
1769091324.3111465,SENT,91b86117-dd2a-4cbb-952b-47f17d5e712f,7a29975e-4479-42c8-81d3-dee011539ece,c3,c4,1457,?,i1,
1769091324.3111875,FORWARDED,91b86117-dd2a-4cbb-952b-47f17d5e712f,7a29975e-4479-42c8-81d3-dee011539ece,c3,c4,1457,?,i1,
1769091324.3405476,SENT,39375428-6c83-41b2-8f6a-3e8f21b35803,50b35329-a37e-497f-9b99-cc0070957617,c5,c4,1457,?,i1,
1769091324.3405867,FORWARDED,39375428-6c83-41b2-8f6a-3e8f21b35803,50b35329-a37e-497f-9b99-cc0070957617,c5,c4,1457,?,i1,
1769091324.3899856,RECEIVED,74b6d321-a8e8-4f53-a23f-a8b1fe90147a,65bd56e3-f2ac-434f-89ff-99b0d1295b51,c2,DROP,445,x4,?,
1769091324.4125748,RECEIVED,7c133c53-d242-475b-bd7d-ccfc51218e2d,f17818b3-073f-4a09-9393-62fa70038cd3,c5,c4,2053,p2,?,
1769091324.4153159,RECEIVED,faeccb6f-564d-41dd-abd5-3aa448577035,87fb6725-371d-4c44-83df-c6b887593833,c3,c4,2031,p3,?,
1769091324.509537,RECEIVED,b92bdab7-e4a3-45ae-a543-e072748249cc,f513c5b6-ef77-4307-bb50-b5ea5a4dd085,c3,c4,2040,p3,?,
1769091324.555181,RECEIVED,a6597558-9af9-4e30-8299-ab35ce8da21e,68e1756c-25e1-48b5-ae2f-c96bc407ce71,c4,DROP,1447,p1,?,
1769091324.5795615,SENT,25a7135d-b355-4554-b1ff-99c73f341283,f50be001-f36f-4e1c-8dcd-0fc81a680785,c5,c4,1455,?,i12,
1769091324.5796027,FORWARDED,25a7135d-b355-4554-b1ff-99c73f341283,f50be001-f36f-4e1c-8dcd-0fc81a680785,c5,c4,1455,?,i12,
1769091324.6198199,SENT,7c133c53-d242-475b-bd7d-ccfc51218e2d,f17818b3-073f-4a09-9393-62fa70038cd3,c5,c4,1465,?,i10,
1769091324.6198564,FORWARDED,7c133c53-d242-475b-bd7d-ccfc51218e2d,f17818b3-073f-4a09-9393-62fa70038cd3,c5,c4,1465,?,i10,
1769091324.6704319,RECEIVED,8f2439e5-3b7a-40cb-aa1b-5958da78f778,9590d6e4-f83a-48b0-89f2-dba3136e86e1,c3,DROP,1458,p3,?,
1769091324.714485,SENT,50e123c2-57d3-4436-abd9-5ff59c42b7d1,393819ec-16ed-4961-8f2e-9f52bfad8482,c2,DROP,1009,?,i1,
1769091324.7145255,FORWARDED,50e123c2-57d3-4436-abd9-5ff59c42b7d1,393819ec-16ed-4961-8f2e-9f52bfad8482,c2,DROP,1009,?,i1,
1769091324.7336476,SENT,8f2439e5-3b7a-40cb-aa1b-5958da78f778,9590d6e4-f83a-48b0-89f2-dba3136e86e1,c3,DROP,1018,?,i10,
1769091324.7336907,FORWARDED,8f2439e5-3b7a-40cb-aa1b-5958da78f778,9590d6e4-f83a-48b0-89f2-dba3136e86e1,c3,DROP,1018,?,i10,
1769091324.7454257,RECEIVED,e18f29af-95de-425b-95c0-aa31f95d26b6,97762a7c-0c02-42f8-b244-eba8f477d765,c2,DROP,1460,p2,?,
1769091324.859094,FORWARDED,e18f29af-95de-425b-95c0-aa31f95d26b6,97762a7c-0c02-42f8-b244-eba8f477d765,c2,DROP,1021,?,i6,
1769091325.033552,RECEIVED,819b3b08-d801-464d-a775-55c8e6d60085,05c6efff-07be-414c-bc57-9fc2ea1c2804,c1,c5,2037,p1,?,
1769091325.0631814,SENT,819b3b08-d801-464d-a775-55c8e6d60085,05c6efff-07be-414c-bc57-9fc2ea1c2804,c1,c5,1453,?,i4,
1769091325.0632312,FORWARDED,819b3b08-d801-464d-a775-55c8e6d60085,05c6efff-07be-414c-bc57-9fc2ea1c2804,c1,c5,1453,?,i4,
1769091325.6273072,RECEIVED,673af3d1-edef-4cb7-885d-bca224e5a218,e24ff1bf-c302-4109-b1e9-c5e4be73144c,c1,DROP,445,x1,?,
1769091325.6690092,RECEIVED,3909223d-4f0d-42d9-a69d-d4fc90a70cbd,f3545ec7-c677-4260-8d6a-bf376a755978,c1,c5,2039,p1,?,
1769091325.8266482,SENT,faeccb6f-564d-41dd-abd5-3aa448577035,87fb6725-371d-4c44-83df-c6b887593833,c3,c4,1451,?,i5,
1769091325.8267055,FORWARDED,faeccb6f-564d-41dd-abd5-3aa448577035,87fb6725-371d-4c44-83df-c6b887593833,c3,c4,1451,?,i5,
1769091325.892761,SENT,a6597558-9af9-4e30-8299-ab35ce8da21e,68e1756c-25e1-48b5-ae2f-c96bc407ce71,c4,DROP,1014,?,i12,
1769091325.8928037,FORWARDED,a6597558-9af9-4e30-8299-ab35ce8da21e,68e1756c-25e1-48b5-ae2f-c96bc407ce71,c4,DROP,1014,?,i12,
1769091326.0273001,RECEIVED,bb24b02e-9398-445e-923f-30ecca6e7fd6,f6338630-e3a5-4c42-bb9e-d9f04d0fadb2,c5,DROP,1456,p2,?,
1769091326.0358055,RECEIVED,06f9f1e0-88aa-481b-8547-927c86de9202,730fd52e-3734-4fb3-b233-cae23a1ddc5a,c5,c4,2027,p2,?,
1769091326.1739354,RECEIVED,96c6bdc9-7d00-482e-bf56-51f6bc3c5dd1,ba816542-eaf6-43d0-9199-addd7e895736,c4,DROP,1448,p1,?,
1769091326.1869192,RECEIVED,de52082c-fe54-45cd-a00e-f6456fcd1c5c,c87d355f-5155-4564-b0c0-ca5bc9b59ed5,c5,DROP,1456,p2,?,
1769091326.1985824,SENT,bb24b02e-9398-445e-923f-30ecca6e7fd6,f6338630-e3a5-4c42-bb9e-d9f04d0fadb2,c5,DROP,1019,?,i4,
1769091326.1986227,FORWARDED,bb24b02e-9398-445e-923f-30ecca6e7fd6,f6338630-e3a5-4c42-bb9e-d9f04d0fadb2,c5,DROP,1019,?,i4,
1769091326.4808722,SENT,b92bdab7-e4a3-45ae-a543-e072748249cc,f513c5b6-ef77-4307-bb50-b5ea5a4dd085,c3,c4,1458,?,i11,
1769091326.4809148,FORWARDED,b92bdab7-e4a3-45ae-a543-e072748249cc,f513c5b6-ef77-4307-bb50-b5ea5a4dd085,c3,c4,1458,?,i11,
1769091326.581133,RECEIVED,5f2ec619-7cd7-4c3c-b94f-a4443938e8e7,ac179ea4-7810-4365-9f02-f998ed0d2a5f,c3,DROP,442,x1,?,
1769091326.6052508,FORWARDED,96c6bdc9-7d00-482e-bf56-51f6bc3c5dd1,ba816542-eaf6-43d0-9199-addd7e895736,c4,DROP,1012,?,i6,
1769091326.618229,RECEIVED,aaabbf3f-6f7d-4441-a1ab-aaf667e6c77b,ee3c33cf-b03b-4263-809e-3d24c931e575,c2,c1,2039,p2,?,
1769091326.6758764,SENT,3909223d-4f0d-42d9-a69d-d4fc90a70cbd,f3545ec7-c677-4260-8d6a-bf376a755978,c1,c5,1457,?,i5,
1769091326.6759121,FORWARDED,3909223d-4f0d-42d9-a69d-d4fc90a70cbd,f3545ec7-c677-4260-8d6a-bf376a755978,c1,c5,1457,?,i5,
1769091326.8989484,RECEIVED,bb39ddca-7a0e-41c8-a348-52f091a721fc,650c00be-cc97-41bd-af41-d5262a9bbdde,c2,DROP,1440,p2,?,
1769091326.9596612,SENT,de52082c-fe54-45cd-a00e-f6456fcd1c5c,c87d355f-5155-4564-b0c0-ca5bc9b59ed5,c5,DROP,1020,?,i12,
1769091326.9597027,FORWARDED,de52082c-fe54-45cd-a00e-f6456fcd1c5c,c87d355f-5155-4564-b0c0-ca5bc9b59ed5,c5,DROP,1020,?,i12,
1769091326.9867744,RECEIVED,af11c442-871d-4614-8c1a-21f96b2a3607,dc839c3e-4b86-48df-bb5f-23ab837025a4,c4,DROP,445,x10,?,
1769091327.024502,SENT,bb39ddca-7a0e-41c8-a348-52f091a721fc,650c00be-cc97-41bd-af41-d5262a9bbdde,c2,DROP,1007,?,i8,
1769091327.0245433,FORWARDED,bb39ddca-7a0e-41c8-a348-52f091a721fc,650c00be-cc97-41bd-af41-d5262a9bbdde,c2,DROP,1007,?,i8,
1769091327.063406,SENT,aaabbf3f-6f7d-4441-a1ab-aaf667e6c77b,ee3c33cf-b03b-4263-809e-3d24c931e575,c2,c1,1456,?,i2,
1769091327.0634475,FORWARDED,aaabbf3f-6f7d-4441-a1ab-aaf667e6c77b,ee3c33cf-b03b-4263-809e-3d24c931e575,c2,c1,1456,?,i2,
1769091327.3297257,RECEIVED,40f8d20c-0ec5-48f8-b338-a560ec21bc71,29e80f71-16e7-4b29-a82d-2eb6e9018002,c2,c1,2028,p2,?,
1769091327.4904206,RECEIVED,696e8398-3cec-452a-9b2b-1ff397763568,7f4d736d-856b-4f45-b776-280e0179027f,c1,DROP,1447,p1,?,
1769091327.575737,SENT,40f8d20c-0ec5-48f8-b338-a560ec21bc71,29e80f71-16e7-4b29-a82d-2eb6e9018002,c2,c1,1447,?,i7,
1769091327.575785,FORWARDED,40f8d20c-0ec5-48f8-b338-a560ec21bc71,29e80f71-16e7-4b29-a82d-2eb6e9018002,c2,c1,1447,?,i7,
1769091327.8839583,SENT,696e8398-3cec-452a-9b2b-1ff397763568,7f4d736d-856b-4f45-b776-280e0179027f,c1,DROP,1012,?,i7,
1769091327.8839998,FORWARDED,696e8398-3cec-452a-9b2b-1ff397763568,7f4d736d-856b-4f45-b776-280e0179027f,c1,DROP,1012,?,i7,
1769091327.9185362,RECEIVED,63d1caa1-8c3b-4678-b0ff-0622feacaf2a,0afbdd17-0676-4b0d-976e-1af0343c568d,c2,DROP,441,x4,?,
1769091327.9829867,RECEIVED,12d5bd62-b801-44e4-bf40-ff245e0a420c,43bd2df8-815f-41db-b586-204aee897755,c3,c4,2041,p3,?,
1769091328.0917354,SENT,06f9f1e0-88aa-481b-8547-927c86de9202,730fd52e-3734-4fb3-b233-cae23a1ddc5a,c5,c4,1447,?,i5,
1769091328.0917776,FORWARDED,06f9f1e0-88aa-481b-8547-927c86de9202,730fd52e-3734-4fb3-b233-cae23a1ddc5a,c5,c4,1447,?,i5,
1769091328.276711,RECEIVED,f1147abe-a291-4c99-8199-2109158f4ab5,dfed961f-96fc-43c7-9c15-90970958bb1b,c1,DROP,446,x2,?,
1769091328.2846067,SENT,12d5bd62-b801-44e4-bf40-ff245e0a420c,43bd2df8-815f-41db-b586-204aee897755,c3,c4,1457,?,i11,
1769091328.2846472,FORWARDED,12d5bd62-b801-44e4-bf40-ff245e0a420c,43bd2df8-815f-41db-b586-204aee897755,c3,c4,1457,?,i11,
1769091328.488027,RECEIVED,f6e342df-16cd-468d-bf58-3ce537deccca,6679840e-6403-4022-b938-bdd8ec7e8f7f,c5,DROP,1455,p2,?,
1769091328.7450914,RECEIVED,6925f97b-7528-4c9c-bf8f-7534a4edd7d5,a6d97425-daa4-4889-9c17-ee93d688c666,c5,c4,2032,p2,?,
1769091328.8357472,SENT,6925f97b-7528-4c9c-bf8f-7534a4edd7d5,a6d97425-daa4-4889-9c17-ee93d688c666,c5,c4,1452,?,i3,
1769091328.8357882,FORWARDED,6925f97b-7528-4c9c-bf8f-7534a4edd7d5,a6d97425-daa4-4889-9c17-ee93d688c666,c5,c4,1452,?,i3,
1769091328.8398309,RECEIVED,a441bd34-1070-4453-86c8-8b8797861975,7d7a722a-9e55-40ef-b1ca-1ea487d6b552,c4,DROP,1439,p1,?,
1769091329.0681157,RECEIVED,2f197109-f7d4-445d-962d-059fe52ec518,5bbc00d9-5d86-4043-ad9a-2f58c287e48e,c5,DROP,1440,p2,?,
1769091329.083348,RECEIVED,0f281f41-52cb-4056-af13-244b3a551d2c,28bfc2a6-ef5b-43e1-9910-356e28dc4cd5,c4,c1,2036,p1,?,
1769091329.2732875,RECEIVED,f4820391-aac1-4cbb-856c-36cb3c5c317e,82d22258-d212-425f-b7fc-4a2e1e8c22c5,c2,c1,2032,p2,?,
1769091329.284663,SENT,2f197109-f7d4-445d-962d-059fe52ec518,5bbc00d9-5d86-4043-ad9a-2f58c287e48e,c5,DROP,1008,?,i3,
1769091329.2847035,FORWARDED,2f197109-f7d4-445d-962d-059fe52ec518,5bbc00d9-5d86-4043-ad9a-2f58c287e48e,c5,DROP,1008,?,i3,
1769091329.299864,SENT,f6e342df-16cd-468d-bf58-3ce537deccca,6679840e-6403-4022-b938-bdd8ec7e8f7f,c5,DROP,1020,?,i7,
1769091329.2999043,FORWARDED,f6e342df-16cd-468d-bf58-3ce537deccca,6679840e-6403-4022-b938-bdd8ec7e8f7f,c5,DROP,1020,?,i7,
1769091329.3983793,RECEIVED,deff351b-7532-4906-ac65-c12085cd5b0b,cb9fb269-45d5-486e-a67e-cbd5cc831365,c3,DROP,1463,p3,?,
1769091329.406973,SENT,0f281f41-52cb-4056-af13-244b3a551d2c,28bfc2a6-ef5b-43e1-9910-356e28dc4cd5,c4,c1,1455,?,i5,
1769091329.4070253,FORWARDED,0f281f41-52cb-4056-af13-244b3a551d2c,28bfc2a6-ef5b-43e1-9910-356e28dc4cd5,c4,c1,1455,?,i5,
1769091329.768777,SENT,f4820391-aac1-4cbb-856c-36cb3c5c317e,82d22258-d212-425f-b7fc-4a2e1e8c22c5,c2,c1,1451,?,i10,
1769091329.7688186,FORWARDED,f4820391-aac1-4cbb-856c-36cb3c5c317e,82d22258-d212-425f-b7fc-4a2e1e8c22c5,c2,c1,1451,?,i10,
1769091329.7986767,RECEIVED,77496a82-279a-465e-a21b-0078d0ced297,cd7c9b6a-72c7-4a75-9824-be4a32d888a6,c2,DROP,1452,p2,?,
1769091329.8780239,RECEIVED,af23bace-3fd3-4d8f-bc99-0237517f157f,d5d17f6d-1008-41e7-a737-28951f6bbd2f,c1,DROP,1452,p1,?,
1769091329.9481456,SENT,77496a82-279a-465e-a21b-0078d0ced297,cd7c9b6a-72c7-4a75-9824-be4a32d888a6,c2,DROP,1016,?,i2,
1769091329.9481874,FORWARDED,77496a82-279a-465e-a21b-0078d0ced297,cd7c9b6a-72c7-4a75-9824-be4a32d888a6,c2,DROP,1016,?,i2,
1769091330.296399,FORWARDED,af23bace-3fd3-4d8f-bc99-0237517f157f,d5d17f6d-1008-41e7-a737-28951f6bbd2f,c1,DROP,1015,?,i6,
1769091330.3393662,FORWARDED,deff351b-7532-4906-ac65-c12085cd5b0b,cb9fb269-45d5-486e-a67e-cbd5cc831365,c3,DROP,1024,?,i6,
1769091330.4499414,RECEIVED,386dd8fd-5e38-4c43-8f82-166d520e6451,0f764c68-0ef3-4fa1-9eef-24bae5d6e8fb,c2,DROP,445,x12,?,
1769091330.6005855,RECEIVED,2c279219-adae-476d-a826-aa6ec2adf564,8e4307fd-8583-49a3-b943-3da146bdcc4c,c2,c1,2040,p2,?,
1769091330.651129,RECEIVED,18c88838-ab7d-40bf-8dc7-a0cde8119b79,42c0ab88-faa7-4d77-b49b-4e98f5e03d33,c4,c1,2024,p1,?,
1769091330.875706,RECEIVED,0c368236-6e3c-4ff8-b659-f852a5c01de6,206af0b3-8cfb-4d75-813c-7fb23e677816,c4,c1,2043,p1,?,
1769091330.9874227,RECEIVED,c68dbf56-da40-448b-86e7-5171428fe482,34ca025e-2fb2-4b48-bd0e-391eea5f93c9,c4,c1,2036,p1,?,
1769091331.026779,SENT,18c88838-ab7d-40bf-8dc7-a0cde8119b79,42c0ab88-faa7-4d77-b49b-4e98f5e03d33,c4,c1,1444,?,i4,
1769091331.0268226,FORWARDED,18c88838-ab7d-40bf-8dc7-a0cde8119b79,42c0ab88-faa7-4d77-b49b-4e98f5e03d33,c4,c1,1444,?,i4,
1769091331.1834319,SENT,c68dbf56-da40-448b-86e7-5171428fe482,34ca025e-2fb2-4b48-bd0e-391eea5f93c9,c4,c1,1454,?,i7,
1769091331.1834753,FORWARDED,c68dbf56-da40-448b-86e7-5171428fe482,34ca025e-2fb2-4b48-bd0e-391eea5f93c9,c4,c1,1454,?,i7,
1769091331.2106862,SENT,a441bd34-1070-4453-86c8-8b8797861975,7d7a722a-9e55-40ef-b1ca-1ea487d6b552,c4,DROP,1008,?,i11,
1769091331.2107399,FORWARDED,a441bd34-1070-4453-86c8-8b8797861975,7d7a722a-9e55-40ef-b1ca-1ea487d6b552,c4,DROP,1008,?,i11,
1769091331.2761586,RECEIVED,4625c719-2d48-4211-9258-3dd9cd53ff61,cba1fd00-d956-453e-8211-799f1e080de7,c2,c1,2041,p2,?,
1769091331.3047614,RECEIVED,063f54c6-b9df-4b06-a5ab-6603671969ee,21701b83-9571-4d45-a895-942af7a0649c,c5,DROP,1458,p2,?,
1769091331.312793,SENT,4625c719-2d48-4211-9258-3dd9cd53ff61,cba1fd00-d956-453e-8211-799f1e080de7,c2,c1,1457,?,i8,
1769091331.3128357,FORWARDED,4625c719-2d48-4211-9258-3dd9cd53ff61,cba1fd00-d956-453e-8211-799f1e080de7,c2,c1,1457,?,i8,
1769091331.6119611,RECEIVED,b665ab19-8f30-4df2-bc61-8bdf4855a63f,e92d3b2a-0076-425f-91d5-14e69dd9287f,c2,DROP,1443,p2,?,
1769091331.6433456,RECEIVED,5592a9e1-f839-469b-ba92-8331c1b6fa65,c97ff30c-216c-40bb-9cbf-576261923234,c2,DROP,442,x12,?,
1769091331.745699,SENT,2c279219-adae-476d-a826-aa6ec2adf564,8e4307fd-8583-49a3-b943-3da146bdcc4c,c2,c1,1456,?,i11,
1769091331.7457397,FORWARDED,2c279219-adae-476d-a826-aa6ec2adf564,8e4307fd-8583-49a3-b943-3da146bdcc4c,c2,c1,1456,?,i11,
1769091331.8228889,RECEIVED,6e69dbac-a268-401a-b5db-a33853cc3bce,3a66532c-b433-476c-99f5-8c82e1a21839,c1,c5,2043,p1,?,
1769091331.9181066,SENT,063f54c6-b9df-4b06-a5ab-6603671969ee,21701b83-9571-4d45-a895-942af7a0649c,c5,DROP,1021,?,i7,
1769091331.9181488,FORWARDED,063f54c6-b9df-4b06-a5ab-6603671969ee,21701b83-9571-4d45-a895-942af7a0649c,c5,DROP,1021,?,i7,
1769091331.986109,FORWARDED,b665ab19-8f30-4df2-bc61-8bdf4855a63f,e92d3b2a-0076-425f-91d5-14e69dd9287f,c2,DROP,1009,?,i6,
1769091332.2152894,RECEIVED,2e8a1767-c97e-477e-8d63-83e6f9a883ca,66d50d95-3a16-4813-8690-2b3b4be9c03e,c5,DROP,1441,p2,?,
1769091332.2881715,FORWARDED,2e8a1767-c97e-477e-8d63-83e6f9a883ca,66d50d95-3a16-4813-8690-2b3b4be9c03e,c5,DROP,1007,?,i6,
1769091332.2929134,RECEIVED,c1bb92a2-8f45-4df8-80c3-fd2c48f853e7,1ace8934-7dc4-44b1-a7e4-2457225f18bd,c2,c1,2038,p2,?,
1769091332.305141,SENT,6e69dbac-a268-401a-b5db-a33853cc3bce,3a66532c-b433-476c-99f5-8c82e1a21839,c1,c5,1459,?,i4,
1769091332.3051836,FORWARDED,6e69dbac-a268-401a-b5db-a33853cc3bce,3a66532c-b433-476c-99f5-8c82e1a21839,c1,c5,1459,?,i4,
1769091332.3350832,FORWARDED,0c368236-6e3c-4ff8-b659-f852a5c01de6,206af0b3-8cfb-4d75-813c-7fb23e677816,c4,c1,1459,?,i6,
1769091332.4006577,RECEIVED,5fd5d73c-1273-4685-8d1c-b0f0c9c3d6f7,3c9ad7bd-9434-42be-a995-9ef1b33c3297,c5,c4,2040,p2,?,
1769091332.4625354,RECEIVED,ee3ac499-705c-4b3b-8e65-f6f4d08dd755,9ce1fb0e-d70a-4705-a1b1-31fae64e29bd,c1,DROP,1456,p1,?,
1769091332.511582,RECEIVED,afb06645-8372-48f0-a2ba-eb1d48a12cf5,f8a514f1-8720-4ac6-b5b7-c0207e7e9ed3,c5,c4,2047,p2,?,
1769091332.648307,RECEIVED,9df0dee5-2103-4b8e-bce6-bd86094c11f4,4e7ef46c-a7eb-4e8c-98b0-976d1ca3c319,c5,DROP,1442,p2,?,
1769091332.6932802,RECEIVED,45349578-f5a7-4386-8a98-fc79d4b0a3f6,4f41e677-c0a0-4639-8945-382819548a2c,c3,c4,2031,p3,?,
1769091332.702124,SENT,ee3ac499-705c-4b3b-8e65-f6f4d08dd755,9ce1fb0e-d70a-4705-a1b1-31fae64e29bd,c1,DROP,1020,?,i4,
1769091332.7021642,FORWARDED,ee3ac499-705c-4b3b-8e65-f6f4d08dd755,9ce1fb0e-d70a-4705-a1b1-31fae64e29bd,c1,DROP,1020,?,i4,
1769091332.735825,RECEIVED,dd3f9dac-d1b8-440d-be66-41c62483aea8,bba965bf-c3a2-4c96-9f9c-7dccf7afe245,c1,c5,2040,p1,?,
1769091332.8560169,SENT,afb06645-8372-48f0-a2ba-eb1d48a12cf5,f8a514f1-8720-4ac6-b5b7-c0207e7e9ed3,c5,c4,1464,?,i10,
1769091332.857293,FORWARDED,afb06645-8372-48f0-a2ba-eb1d48a12cf5,f8a514f1-8720-4ac6-b5b7-c0207e7e9ed3,c5,c4,1464,?,i10,
1769091332.8588526,RECEIVED,727b9b8b-79e5-4a56-a76d-a997c412f27d,df19a8d0-866a-4bea-8d14-4743611e3265,c3,c4,2043,p3,?,
1769091332.9010267,SENT,5fd5d73c-1273-4685-8d1c-b0f0c9c3d6f7,3c9ad7bd-9434-42be-a995-9ef1b33c3297,c5,c4,1456,?,i5,
1769091332.9010785,FORWARDED,5fd5d73c-1273-4685-8d1c-b0f0c9c3d6f7,3c9ad7bd-9434-42be-a995-9ef1b33c3297,c5,c4,1456,?,i5,
1769091332.9136467,SENT,dd3f9dac-d1b8-440d-be66-41c62483aea8,bba965bf-c3a2-4c96-9f9c-7dccf7afe245,c1,c5,1456,?,i8,
1769091332.9136865,FORWARDED,dd3f9dac-d1b8-440d-be66-41c62483aea8,bba965bf-c3a2-4c96-9f9c-7dccf7afe245,c1,c5,1456,?,i8,
1769091333.1192653,SENT,c1bb92a2-8f45-4df8-80c3-fd2c48f853e7,1ace8934-7dc4-44b1-a7e4-2457225f18bd,c2,c1,1456,?,i7,
1769091333.1193044,FORWARDED,c1bb92a2-8f45-4df8-80c3-fd2c48f853e7,1ace8934-7dc4-44b1-a7e4-2457225f18bd,c2,c1,1456,?,i7,
1769091333.1720624,SENT,727b9b8b-79e5-4a56-a76d-a997c412f27d,df19a8d0-866a-4bea-8d14-4743611e3265,c3,c4,1460,?,i8,
1769091333.1721065,FORWARDED,727b9b8b-79e5-4a56-a76d-a997c412f27d,df19a8d0-866a-4bea-8d14-4743611e3265,c3,c4,1460,?,i8,
1769091333.2155766,RECEIVED,b76dee64-8a76-4786-815f-199127f1d869,ee42cba9-9801-44a7-8b02-5de05dbb2b23,c1,DROP,443,x2,?,
1769091333.2486587,SENT,9df0dee5-2103-4b8e-bce6-bd86094c11f4,4e7ef46c-a7eb-4e8c-98b0-976d1ca3c319,c5,DROP,1009,?,i5,
1769091333.2486987,FORWARDED,9df0dee5-2103-4b8e-bce6-bd86094c11f4,4e7ef46c-a7eb-4e8c-98b0-976d1ca3c319,c5,DROP,1009,?,i5,
1769091333.3405774,RECEIVED,dc763ebc-8f07-4999-b405-28f10aff8afc,8c697d62-866a-45cc-8d4f-c06f435a0995,c3,DROP,441,x11,?,
1769091333.7816992,RECEIVED,b63c05ef-10e6-482d-afe3-5b7afe1094ef,cef217a4-daa5-4689-b3ef-d4363c82cbf9,c1,DROP,1439,p1,?,
1769091333.911121,SENT,45349578-f5a7-4386-8a98-fc79d4b0a3f6,4f41e677-c0a0-4639-8945-382819548a2c,c3,c4,1451,?,i9,
1769091333.9111629,FORWARDED,45349578-f5a7-4386-8a98-fc79d4b0a3f6,4f41e677-c0a0-4639-8945-382819548a2c,c3,c4,1451,?,i9,
1769091334.1386616,RECEIVED,3a93f5f1-3e57-4e2e-a668-370e06973bfa,4ff32c6e-5533-40e6-bbf1-d3b2319ed8b7,c4,DROP,1439,p1,?,
1769091334.2938533,RECEIVED,ac06b65b-d71a-42bd-b071-8d874807c712,33574403-d583-4b23-8b0c-12f23c0e64c5,c4,c1,2024,p1,?,
1769091334.4538817,SENT,b63c05ef-10e6-482d-afe3-5b7afe1094ef,cef217a4-daa5-4689-b3ef-d4363c82cbf9,c1,DROP,1007,?,i7,
1769091334.4539247,FORWARDED,b63c05ef-10e6-482d-afe3-5b7afe1094ef,cef217a4-daa5-4689-b3ef-d4363c82cbf9,c1,DROP,1007,?,i7,
1769091334.494392,RECEIVED,dfdc40c9-a8c2-438b-8aa8-4ad2f3ebd5b7,ce8d8ec6-5946-4d32-af4f-43e0cd089349,c3,c4,2044,p3,?,
1769091334.5108442,SENT,ac06b65b-d71a-42bd-b071-8d874807c712,33574403-d583-4b23-8b0c-12f23c0e64c5,c4,c1,1444,?,i9,
1769091334.510887,FORWARDED,ac06b65b-d71a-42bd-b071-8d874807c712,33574403-d583-4b23-8b0c-12f23c0e64c5,c4,c1,1444,?,i9,
1769091334.765723,SENT,3a93f5f1-3e57-4e2e-a668-370e06973bfa,4ff32c6e-5533-40e6-bbf1-d3b2319ed8b7,c4,DROP,1008,?,i5,
1769091334.7657642,FORWARDED,3a93f5f1-3e57-4e2e-a668-370e06973bfa,4ff32c6e-5533-40e6-bbf1-d3b2319ed8b7,c4,DROP,1008,?,i5,
1769091334.8529882,RECEIVED,26b45d4f-0cc7-4894-a9e5-b237a56db1d1,aa62dc6a-1d8e-41a1-9ced-e83bc2b93849,c2,c1,2041,p2,?,
1769091334.91691,RECEIVED,0d88fdbc-9dbb-487e-b095-29a5a48fba24,24aacd21-9913-4358-9abf-6914c12a97c8,c3,c4,2039,p3,?,
1769091334.9236462,RECEIVED,786ec14a-1ab0-45ac-813a-5e741cb83ce1,a0f4445a-8356-436b-9888-4a2ae6aca563,c4,c1,2032,p1,?,
1769091334.9421766,SENT,26b45d4f-0cc7-4894-a9e5-b237a56db1d1,aa62dc6a-1d8e-41a1-9ced-e83bc2b93849,c2,c1,1456,?,i11,
1769091334.9422193,FORWARDED,26b45d4f-0cc7-4894-a9e5-b237a56db1d1,aa62dc6a-1d8e-41a1-9ced-e83bc2b93849,c2,c1,1456,?,i11,
1769091335.0560796,SENT,dfdc40c9-a8c2-438b-8aa8-4ad2f3ebd5b7,ce8d8ec6-5946-4d32-af4f-43e0cd089349,c3,c4,1461,?,i11,
1769091335.0561175,FORWARDED,dfdc40c9-a8c2-438b-8aa8-4ad2f3ebd5b7,ce8d8ec6-5946-4d32-af4f-43e0cd089349,c3,c4,1461,?,i11,
1769091335.2829893,RECEIVED,92891841-cf9c-4924-b141-1565ec3716f8,6ed55b94-cef3-49ae-9ec0-6a825d2b0dec,c5,DROP,1442,p2,?,
1769091335.3551664,RECEIVED,e75fce38-f47f-4128-84b7-c2d25b96d7ff,06730fc5-91a4-4ef3-96e1-70984a1d1303,c4,c1,2031,p1,?,
1769091335.360433,SENT,92891841-cf9c-4924-b141-1565ec3716f8,6ed55b94-cef3-49ae-9ec0-6a825d2b0dec,c5,DROP,1007,?,i12,
1769091335.360475,FORWARDED,92891841-cf9c-4924-b141-1565ec3716f8,6ed55b94-cef3-49ae-9ec0-6a825d2b0dec,c5,DROP,1007,?,i12,
1769091335.4383774,SENT,e75fce38-f47f-4128-84b7-c2d25b96d7ff,06730fc5-91a4-4ef3-96e1-70984a1d1303,c4,c1,1452,?,i1,
1769091335.4384186,FORWARDED,e75fce38-f47f-4128-84b7-c2d25b96d7ff,06730fc5-91a4-4ef3-96e1-70984a1d1303,c4,c1,1452,?,i1,
1769091335.5375118,RECEIVED,60113767-54af-4d5b-9beb-c12d758f3e69,7fbc63f5-53e3-461a-b61f-5f82307fc69e,c1,c5,2044,p1,?,
1769091335.5804157,FORWARDED,60113767-54af-4d5b-9beb-c12d758f3e69,7fbc63f5-53e3-461a-b61f-5f82307fc69e,c1,c5,1461,?,i6,
1769091335.8099356,RECEIVED,3e7a8525-06eb-4eb1-afa7-89719eb9025c,2fccd12b-20f6-4a44-8e71-93ab66c56795,c5,DROP,1441,p2,?,
1769091335.875423,RECEIVED,f877916e-838b-46d3-913e-4ce85e34536a,249fa5f1-c880-4584-bc0e-b0d27a3f2fa4,c1,c5,2037,p1,?,
1769091335.8825517,RECEIVED,29a0b8fe-96c0-4d38-be4c-4078a3222d46,f759a911-a61f-498b-a935-aae57a4d00aa,c1,DROP,1439,p1,?,
1769091335.9121253,SENT,f877916e-838b-46d3-913e-4ce85e34536a,249fa5f1-c880-4584-bc0e-b0d27a3f2fa4,c1,c5,1455,?,i3,
1769091335.9121916,FORWARDED,f877916e-838b-46d3-913e-4ce85e34536a,249fa5f1-c880-4584-bc0e-b0d27a3f2fa4,c1,c5,1455,?,i3,
1769091336.0143642,FORWARDED,29a0b8fe-96c0-4d38-be4c-4078a3222d46,f759a911-a61f-498b-a935-aae57a4d00aa,c1,DROP,1008,?,i6,
1769091336.024674,SENT,3e7a8525-06eb-4eb1-afa7-89719eb9025c,2fccd12b-20f6-4a44-8e71-93ab66c56795,c5,DROP,1007,?,i11,
1769091336.024708,FORWARDED,3e7a8525-06eb-4eb1-afa7-89719eb9025c,2fccd12b-20f6-4a44-8e71-93ab66c56795,c5,DROP,1007,?,i11,
1769091336.1945434,RECEIVED,c7457d1b-d521-4d71-8399-e57e29f13e89,65c08594-31e6-44b6-9dbb-28b34739e415,c5,c4,2045,p2,?,
1769091336.2173972,RECEIVED,03bcb344-4468-4907-8df0-217d20ba988a,1d42fdbd-3a6b-4a64-815b-f430cb4040d6,c4,DROP,1446,p1,?,
1769091336.4098134,RECEIVED,5c8e1ef5-ecfb-4556-876d-ce3fdf290b65,d1497986-62b5-48d6-a147-050365099d0a,c4,c1,2040,p1,?,
1769091336.4169226,RECEIVED,2ffc1cc8-d9b3-405e-9c63-c7dfd5b87e0e,f7edcd2b-51c7-4dbe-bba8-38ee6bb6706e,c2,DROP,1448,p2,?,
1769091336.4246242,SENT,c7457d1b-d521-4d71-8399-e57e29f13e89,65c08594-31e6-44b6-9dbb-28b34739e415,c5,c4,1459,?,i11,
1769091336.4246664,FORWARDED,c7457d1b-d521-4d71-8399-e57e29f13e89,65c08594-31e6-44b6-9dbb-28b34739e415,c5,c4,1459,?,i11,
1769091336.5032878,SENT,2ffc1cc8-d9b3-405e-9c63-c7dfd5b87e0e,f7edcd2b-51c7-4dbe-bba8-38ee6bb6706e,c2,DROP,1012,?,i9,
1769091336.5033302,FORWARDED,2ffc1cc8-d9b3-405e-9c63-c7dfd5b87e0e,f7edcd2b-51c7-4dbe-bba8-38ee6bb6706e,c2,DROP,1012,?,i9,
1769091336.6506538,RECEIVED,e1f70629-5d5c-4c01-b2e0-b501934161a6,96b9a2b2-c1c8-439f-98d4-7fe48c02d876,c4,DROP,1452,p1,?,
1769091336.6757982,RECEIVED,9c8d60a5-cabe-4526-afb2-bf3ffa5e4b22,d8c3fd6a-c421-42b5-8f13-eff0fa8e5002,c1,c5,2040,p1,?,
1769091336.760296,FORWARDED,e1f70629-5d5c-4c01-b2e0-b501934161a6,96b9a2b2-c1c8-439f-98d4-7fe48c02d876,c4,DROP,1015,?,i6,
1769091336.783283,SENT,786ec14a-1ab0-45ac-813a-5e741cb83ce1,a0f4445a-8356-436b-9888-4a2ae6aca563,c4,c1,1451,?,i10,
1769091336.783325,FORWARDED,786ec14a-1ab0-45ac-813a-5e741cb83ce1,a0f4445a-8356-436b-9888-4a2ae6aca563,c4,c1,1451,?,i10,
1769091336.8768725,RECEIVED,b4d8bf2e-e83e-487d-9b1b-cc762951622e,1c909a01-9268-4f5b-9535-132784623434,c2,c1,2034,p2,?,
1769091337.0134258,SENT,9c8d60a5-cabe-4526-afb2-bf3ffa5e4b22,d8c3fd6a-c421-42b5-8f13-eff0fa8e5002,c1,c5,1456,?,i9,
1769091337.0134706,FORWARDED,9c8d60a5-cabe-4526-afb2-bf3ffa5e4b22,d8c3fd6a-c421-42b5-8f13-eff0fa8e5002,c1,c5,1456,?,i9,
1769091337.0433362,SENT,5c8e1ef5-ecfb-4556-876d-ce3fdf290b65,d1497986-62b5-48d6-a147-050365099d0a,c4,c1,1456,?,i12,
1769091337.0433753,FORWARDED,5c8e1ef5-ecfb-4556-876d-ce3fdf290b65,d1497986-62b5-48d6-a147-050365099d0a,c4,c1,1456,?,i12,
1769091337.2105882,SENT,03bcb344-4468-4907-8df0-217d20ba988a,1d42fdbd-3a6b-4a64-815b-f430cb4040d6,c4,DROP,1014,?,i3,
1769091337.2106366,FORWARDED,03bcb344-4468-4907-8df0-217d20ba988a,1d42fdbd-3a6b-4a64-815b-f430cb4040d6,c4,DROP,1014,?,i3,
1769091337.2225256,RECEIVED,731e3320-15cf-4677-a55b-f4d174550485,c0fce19b-1fa9-4002-bbd3-c768d6b74cb9,c5,DROP,1439,p2,?,
1769091337.318961,RECEIVED,1f38e5ca-5895-403a-99d8-7d6750893338,42f639dc-fc27-49a3-add9-c2cc08de7def,c3,c4,2036,p3,?,
1769091337.3212874,RECEIVED,b12dde0f-5bad-4ab9-a8b3-d7357ed5bf37,2c773c5c-246a-41c9-a794-b3779b05e184,c1,DROP,1456,p1,?,
1769091337.3543363,RECEIVED,1da6e2c7-6f03-44d8-b013-ecad46c161e5,383e5d48-b159-4b19-84a2-967ac190b5ab,c1,c5,2047,p1,?,
1769091337.386567,SENT,b4d8bf2e-e83e-487d-9b1b-cc762951622e,1c909a01-9268-4f5b-9535-132784623434,c2,c1,1455,?,i8,
1769091337.3870103,FORWARDED,b4d8bf2e-e83e-487d-9b1b-cc762951622e,1c909a01-9268-4f5b-9535-132784623434,c2,c1,1455,?,i8,
1769091337.4066534,SENT,1f38e5ca-5895-403a-99d8-7d6750893338,42f639dc-fc27-49a3-add9-c2cc08de7def,c3,c4,1455,?,i5,
1769091337.4066935,FORWARDED,1f38e5ca-5895-403a-99d8-7d6750893338,42f639dc-fc27-49a3-add9-c2cc08de7def,c3,c4,1455,?,i5,
1769091337.492903,SENT,b12dde0f-5bad-4ab9-a8b3-d7357ed5bf37,2c773c5c-246a-41c9-a794-b3779b05e184,c1,DROP,1019,?,i3,
1769091337.492943,FORWARDED,b12dde0f-5bad-4ab9-a8b3-d7357ed5bf37,2c773c5c-246a-41c9-a794-b3779b05e184,c1,DROP,1019,?,i3,
1769091337.591855,SENT,731e3320-15cf-4677-a55b-f4d174550485,c0fce19b-1fa9-4002-bbd3-c768d6b74cb9,c5,DROP,1008,?,i8,
1769091337.591897,FORWARDED,731e3320-15cf-4677-a55b-f4d174550485,c0fce19b-1fa9-4002-bbd3-c768d6b74cb9,c5,DROP,1008,?,i8,
1769091337.740005,RECEIVED,0300334d-9636-4f20-ae0f-36e0d3f89c67,7b41bf61-5e4a-4a0c-b8c3-bc76f24fb436,c2,DROP,1443,p2,?,
1769091337.8213222,RECEIVED,839f941b-ae49-4b54-be57-51d3ada81415,a23de7b0-bc32-4bb2-9fd7-d2d4969e6efd,c1,DROP,441,x8,?,
1769091337.8363872,SENT,0d88fdbc-9dbb-487e-b095-29a5a48fba24,24aacd21-9913-4358-9abf-6914c12a97c8,c3,c4,1456,?,i11,
1769091337.8364308,FORWARDED,0d88fdbc-9dbb-487e-b095-29a5a48fba24,24aacd21-9913-4358-9abf-6914c12a97c8,c3,c4,1456,?,i11,
1769091338.005402,RECEIVED,099fd56e-c88e-444d-acea-370c7c8885bb,09a1cff1-c238-4e89-a332-742a64a06c6e,c5,c4,2050,p2,?,
1769091338.041768,SENT,099fd56e-c88e-444d-acea-370c7c8885bb,09a1cff1-c238-4e89-a332-742a64a06c6e,c5,c4,1464,?,i12,
1769091338.041822,FORWARDED,099fd56e-c88e-444d-acea-370c7c8885bb,09a1cff1-c238-4e89-a332-742a64a06c6e,c5,c4,1464,?,i12,
1769091338.1350002,RECEIVED,e129b620-d859-4a4f-a3dc-c5a58369a6dd,2377214d-3b2e-4845-ad79-20206a65cab5,c2,c1,2035,p2,?,
1769091338.1365,RECEIVED,40253807-1ba5-42e9-9581-714b8d9c361b,baceb773-6bc3-4724-a780-50e611ea3a34,c1,c5,2039,p1,?,
1769091338.1724818,RECEIVED,d74e9314-c4ac-4b61-9803-e32f26e7ca05,d1cb6b78-c38f-43ce-a85d-e53451320347,c4,c1,2040,p1,?,
1769091338.173032,RECEIVED,13aea396-38e4-4163-b2bd-076f042910d0,3be6ab3d-2e12-4d63-b3bb-7be1b4b2487c,c3,c4,2027,p3,?,
1769091338.2348707,SENT,e129b620-d859-4a4f-a3dc-c5a58369a6dd,2377214d-3b2e-4845-ad79-20206a65cab5,c2,c1,1453,?,i7,
1769091338.2349124,FORWARDED,e129b620-d859-4a4f-a3dc-c5a58369a6dd,2377214d-3b2e-4845-ad79-20206a65cab5,c2,c1,1453,?,i7,
1769091338.3923779,SENT,0300334d-9636-4f20-ae0f-36e0d3f89c67,7b41bf61-5e4a-4a0c-b8c3-bc76f24fb436,c2,DROP,1011,?,i8,
1769091338.3924184,FORWARDED,0300334d-9636-4f20-ae0f-36e0d3f89c67,7b41bf61-5e4a-4a0c-b8c3-bc76f24fb436,c2,DROP,1011,?,i8,
1769091338.3998587,RECEIVED,ad4cf3bc-c3d4-4229-8a11-bc85bbbd3ef6,a88fb89b-5961-4df8-b945-76aab84dc255,c3,DROP,1447,p3,?,
1769091338.402075,SENT,40253807-1ba5-42e9-9581-714b8d9c361b,baceb773-6bc3-4724-a780-50e611ea3a34,c1,c5,1456,?,i8,
1769091338.4021163,FORWARDED,40253807-1ba5-42e9-9581-714b8d9c361b,baceb773-6bc3-4724-a780-50e611ea3a34,c1,c5,1456,?,i8,
1769091338.4508696,RECEIVED,b2ebc938-9760-4def-9507-37d829290682,f56656ac-8dad-44a3-9fe2-86b4158de4eb,c5,DROP,445,x7,?,
1769091338.4617476,RECEIVED,88829bed-97c2-4814-81fd-315f4f3e0fbf,6b6c6ab7-bfae-4234-be84-16a0dc3ad41e,c2,c1,2020,p2,?,
1769091338.507269,RECEIVED,13092bdb-aa3f-4c2a-8074-4dcf50715ad2,0bb7e40e-8909-4ce5-b846-b4bfb0911b16,c3,DROP,1451,p3,?,
1769091338.5077195,RECEIVED,d2a80ed9-700e-4ef4-9913-44a88230c616,362c0c45-1669-4633-ba7a-6132029354fd,c2,DROP,442,x8,?,
1769091338.5398786,SENT,1da6e2c7-6f03-44d8-b013-ecad46c161e5,383e5d48-b159-4b19-84a2-967ac190b5ab,c1,c5,1464,?,i12,
1769091338.5399206,FORWARDED,1da6e2c7-6f03-44d8-b013-ecad46c161e5,383e5d48-b159-4b19-84a2-967ac190b5ab,c1,c5,1464,?,i12,
1769091338.5717416,RECEIVED,c2035c2d-0bae-4482-a890-7c82938f98c9,80eb9c80-8c70-45ac-872a-2174021c7a0f,c4,c1,2036,p1,?,
1769091338.6220133,FORWARDED,13aea396-38e4-4163-b2bd-076f042910d0,3be6ab3d-2e12-4d63-b3bb-7be1b4b2487c,c3,c4,1448,?,i6,
1769091338.6282952,SENT,d74e9314-c4ac-4b61-9803-e32f26e7ca05,d1cb6b78-c38f-43ce-a85d-e53451320347,c4,c1,1456,?,i5,
1769091338.6283348,FORWARDED,d74e9314-c4ac-4b61-9803-e32f26e7ca05,d1cb6b78-c38f-43ce-a85d-e53451320347,c4,c1,1456,?,i5,
1769091338.6336257,SENT,88829bed-97c2-4814-81fd-315f4f3e0fbf,6b6c6ab7-bfae-4234-be84-16a0dc3ad41e,c2,c1,1443,?,i4,
1769091338.6336687,FORWARDED,88829bed-97c2-4814-81fd-315f4f3e0fbf,6b6c6ab7-bfae-4234-be84-16a0dc3ad41e,c2,c1,1443,?,i4,
1769091338.637674,RECEIVED,a9f157c5-af25-492b-aa81-58f70a82c701,cd0be46b-b5a9-4aa4-abc9-5f7a92be8bb0,c3,c4,2043,p3,?,
1769091338.9096026,SENT,c2035c2d-0bae-4482-a890-7c82938f98c9,80eb9c80-8c70-45ac-872a-2174021c7a0f,c4,c1,1455,?,i8,
1769091338.9096444,FORWARDED,c2035c2d-0bae-4482-a890-7c82938f98c9,80eb9c80-8c70-45ac-872a-2174021c7a0f,c4,c1,1455,?,i8,
1769091338.9239295,RECEIVED,4be12bc5-3044-4ebd-b533-33e86d0febc6,41d5c51d-9564-4a2e-8dda-d81ef6a03642,c3,DROP,1453,p3,?,
1769091338.9407275,SENT,ad4cf3bc-c3d4-4229-8a11-bc85bbbd3ef6,a88fb89b-5961-4df8-b945-76aab84dc255,c3,DROP,1012,?,i2,
1769091338.940769,FORWARDED,ad4cf3bc-c3d4-4229-8a11-bc85bbbd3ef6,a88fb89b-5961-4df8-b945-76aab84dc255,c3,DROP,1012,?,i2,
1769091338.9566908,SENT,4be12bc5-3044-4ebd-b533-33e86d0febc6,41d5c51d-9564-4a2e-8dda-d81ef6a03642,c3,DROP,1016,?,i5,
1769091338.9567323,FORWARDED,4be12bc5-3044-4ebd-b533-33e86d0febc6,41d5c51d-9564-4a2e-8dda-d81ef6a03642,c3,DROP,1016,?,i5,
1769091338.9601715,SENT,13092bdb-aa3f-4c2a-8074-4dcf50715ad2,0bb7e40e-8909-4ce5-b846-b4bfb0911b16,c3,DROP,1017,?,i5,
1769091338.9602113,FORWARDED,13092bdb-aa3f-4c2a-8074-4dcf50715ad2,0bb7e40e-8909-4ce5-b846-b4bfb0911b16,c3,DROP,1017,?,i5,
1769091339.174673,RECEIVED,6c89c499-0288-417e-8bf7-b7d71ddea82b,9cdb89be-c10b-485c-97d3-ad420d09aa08,c5,c4,2023,p2,?,
1769091339.3336535,SENT,a9f157c5-af25-492b-aa81-58f70a82c701,cd0be46b-b5a9-4aa4-abc9-5f7a92be8bb0,c3,c4,1460,?,i7,
1769091339.3336952,FORWARDED,a9f157c5-af25-492b-aa81-58f70a82c701,cd0be46b-b5a9-4aa4-abc9-5f7a92be8bb0,c3,c4,1460,?,i7,
1769091339.4229937,RECEIVED,f8170303-705c-4cf8-8783-14444a4cb11c,b305ad4c-e796-4a96-a8a6-49389ab78f67,c5,c4,2019,p2,?,
1769091339.4258323,SENT,6c89c499-0288-417e-8bf7-b7d71ddea82b,9cdb89be-c10b-485c-97d3-ad420d09aa08,c5,c4,1445,?,i8,
1769091339.4261844,FORWARDED,6c89c499-0288-417e-8bf7-b7d71ddea82b,9cdb89be-c10b-485c-97d3-ad420d09aa08,c5,c4,1445,?,i8,
1769091339.4727924,RECEIVED,13d75ee9-9a83-4c05-b71c-599657e4c46d,83f56bc7-7f7f-4e07-b6df-0537f23bf609,c4,c1,2041,p1,?,
1769091339.6572378,SENT,13d75ee9-9a83-4c05-b71c-599657e4c46d,83f56bc7-7f7f-4e07-b6df-0537f23bf609,c4,c1,1456,?,i10,
1769091339.6572795,FORWARDED,13d75ee9-9a83-4c05-b71c-599657e4c46d,83f56bc7-7f7f-4e07-b6df-0537f23bf609,c4,c1,1456,?,i10,
1769091339.6681452,SENT,f8170303-705c-4cf8-8783-14444a4cb11c,b305ad4c-e796-4a96-a8a6-49389ab78f67,c5,c4,1443,?,i5,
1769091339.6682143,FORWARDED,f8170303-705c-4cf8-8783-14444a4cb11c,b305ad4c-e796-4a96-a8a6-49389ab78f67,c5,c4,1443,?,i5,
1769091339.675939,RECEIVED,93398d1b-5bfc-4348-9605-12ac1696a40d,2c2505a2-2dbf-4eba-a1ea-6b45eefc014a,c3,DROP,1447,p3,?,
1769091339.7786949,RECEIVED,068ae87a-d653-4558-81e2-a471fb817643,f9043cd1-3f24-4856-9415-2176ed28d214,c5,DROP,1456,p2,?,
1769091339.8130014,SENT,93398d1b-5bfc-4348-9605-12ac1696a40d,2c2505a2-2dbf-4eba-a1ea-6b45eefc014a,c3,DROP,1012,?,i1,
1769091339.8130434,FORWARDED,93398d1b-5bfc-4348-9605-12ac1696a40d,2c2505a2-2dbf-4eba-a1ea-6b45eefc014a,c3,DROP,1012,?,i1,
1769091339.8867106,RECEIVED,4d5c17dc-56ba-472e-9862-ec2cbcbf9344,b0e4cca3-0d8a-4f37-a8df-0a15599f340d,c3,DROP,1457,p3,?,
1769091340.0051224,RECEIVED,7401bbcc-a6e7-4119-8edf-2751fdad76c1,65229103-96eb-452a-984e-ffe4791a820c,c4,c1,2018,p1,?,
1769091340.0099435,SENT,4d5c17dc-56ba-472e-9862-ec2cbcbf9344,b0e4cca3-0d8a-4f37-a8df-0a15599f340d,c3,DROP,1018,?,i10,
1769091340.0099845,FORWARDED,4d5c17dc-56ba-472e-9862-ec2cbcbf9344,b0e4cca3-0d8a-4f37-a8df-0a15599f340d,c3,DROP,1018,?,i10,
1769091340.030948,SENT,068ae87a-d653-4558-81e2-a471fb817643,f9043cd1-3f24-4856-9415-2176ed28d214,c5,DROP,1020,?,i1,
1769091340.0309906,FORWARDED,068ae87a-d653-4558-81e2-a471fb817643,f9043cd1-3f24-4856-9415-2176ed28d214,c5,DROP,1020,?,i1,
1769091340.0337684,RECEIVED,db8bfbe7-a494-43ec-9145-f643c584d293,3d359818-a8d6-49fb-8c7f-a123b2ca31ae,c4,c1,2040,p1,?,
1769091340.3457723,SENT,db8bfbe7-a494-43ec-9145-f643c584d293,3d359818-a8d6-49fb-8c7f-a123b2ca31ae,c4,c1,1456,?,i2,
1769091340.3458135,FORWARDED,db8bfbe7-a494-43ec-9145-f643c584d293,3d359818-a8d6-49fb-8c7f-a123b2ca31ae,c4,c1,1456,?,i2,
1769091340.3995087,RECEIVED,d401d537-66c6-4f5e-8f09-02a6566f9952,c6a8e1ab-b45d-4aac-8f41-73d0e90209e6,c3,c4,2040,p3,?,
1769091340.6743028,SENT,d401d537-66c6-4f5e-8f09-02a6566f9952,c6a8e1ab-b45d-4aac-8f41-73d0e90209e6,c3,c4,1458,?,i5,
1769091340.6743453,FORWARDED,d401d537-66c6-4f5e-8f09-02a6566f9952,c6a8e1ab-b45d-4aac-8f41-73d0e90209e6,c3,c4,1458,?,i5,
1769091340.7121084,RECEIVED,93be0cc8-0aa8-47ea-9562-e85bc866d774,8d8e6c6d-8966-46ff-8e97-8335e0b39baa,c2,DROP,446,x9,?,
1769091340.7399454,RECEIVED,34592b69-8983-4eb9-8547-0355f24b3e71,9aa1b62a-a2bd-42b8-af7e-aa190ae3dc37,c5,DROP,1441,p2,?,
1769091340.8164496,SENT,7401bbcc-a6e7-4119-8edf-2751fdad76c1,65229103-96eb-452a-984e-ffe4791a820c,c4,c1,1443,?,i5,
1769091340.8165028,FORWARDED,7401bbcc-a6e7-4119-8edf-2751fdad76c1,65229103-96eb-452a-984e-ffe4791a820c,c4,c1,1443,?,i5,
1769091340.8471231,SENT,34592b69-8983-4eb9-8547-0355f24b3e71,9aa1b62a-a2bd-42b8-af7e-aa190ae3dc37,c5,DROP,1008,?,i10,
1769091340.8472514,FORWARDED,34592b69-8983-4eb9-8547-0355f24b3e71,9aa1b62a-a2bd-42b8-af7e-aa190ae3dc37,c5,DROP,1008,?,i10,
1769091341.004496,RECEIVED,4f84a5c2-2330-4814-9678-387b2ad418f4,b4c64807-0083-4cdf-8c3c-efd81b147e96,c1,DROP,445,x1,?,
1769091341.0624976,RECEIVED,b85d7ea5-9b0c-4d7b-a28c-257dd4972300,3e3d0313-d99e-4a67-a68a-3f290c147010,c1,c5,2043,p1,?,
1769091341.178102,RECEIVED,55763fce-349a-41e8-8a8d-93a1448eabf3,e6312574-6015-482d-9769-68cfc3e61822,c2,c1,2044,p2,?,
1769091341.2201147,SENT,55763fce-349a-41e8-8a8d-93a1448eabf3,e6312574-6015-482d-9769-68cfc3e61822,c2,c1,1460,?,i11,
1769091341.2201624,FORWARDED,55763fce-349a-41e8-8a8d-93a1448eabf3,e6312574-6015-482d-9769-68cfc3e61822,c2,c1,1460,?,i11,
1769091341.2418177,SENT,b85d7ea5-9b0c-4d7b-a28c-257dd4972300,3e3d0313-d99e-4a67-a68a-3f290c147010,c1,c5,1459,?,i2,
1769091341.2418573,FORWARDED,b85d7ea5-9b0c-4d7b-a28c-257dd4972300,3e3d0313-d99e-4a67-a68a-3f290c147010,c1,c5,1459,?,i2,
1769091341.4437332,RECEIVED,b22f6b27-9758-445f-b054-374a94c338e0,82974796-31f0-4d89-8ffc-cb3c5e9e8e86,c2,c1,2051,p2,?,
1769091341.544475,SENT,b22f6b27-9758-445f-b054-374a94c338e0,82974796-31f0-4d89-8ffc-cb3c5e9e8e86,c2,c1,1464,?,i11,
1769091341.5445225,FORWARDED,b22f6b27-9758-445f-b054-374a94c338e0,82974796-31f0-4d89-8ffc-cb3c5e9e8e86,c2,c1,1464,?,i11,
1769091341.8984106,RECEIVED,85b4ee83-8f96-48d6-b39c-ae7cf4c47c68,da659995-e803-4f83-8c44-cb007c80ab6c,c2,c1,2052,p2,?,
1769091341.9864092,SENT,85b4ee83-8f96-48d6-b39c-ae7cf4c47c68,da659995-e803-4f83-8c44-cb007c80ab6c,c2,c1,1466,?,i4,
1769091341.9864507,FORWARDED,85b4ee83-8f96-48d6-b39c-ae7cf4c47c68,da659995-e803-4f83-8c44-cb007c80ab6c,c2,c1,1466,?,i4,
1769091342.0314908,RECEIVED,d77f0b55-cea2-4f8f-81a5-9b684c771d61,e55cc037-cdf2-4f1d-9868-36cf50fb945b,c5,c4,2043,p2,?,
1769091342.2436826,RECEIVED,19ee7610-0676-4cf1-a714-dd73ef9209b0,18b554ef-50d1-457d-8a38-aac92b00e5da,c1,DROP,1451,p1,?,
1769091342.4422672,RECEIVED,27e575aa-b0ba-46cb-9c32-ed0005b1b917,67fd2824-52a5-4ad7-b54f-cc871a9dbbca,c5,c4,2031,p2,?,
1769091342.5440972,RECEIVED,eeddd2ac-2c68-4129-bac4-de25f20dc6f5,124e5818-f8bf-4eab-aff7-b4fc3c399c16,c5,DROP,1443,p2,?,
1769091342.580617,RECEIVED,deb10a1b-cdd3-434d-84aa-98629681e3c4,e2b156aa-25c3-4e15-83fc-8d17a56123d7,c3,c4,2041,p3,?,
1769091342.6429343,SENT,deb10a1b-cdd3-434d-84aa-98629681e3c4,e2b156aa-25c3-4e15-83fc-8d17a56123d7,c3,c4,1456,?,i8,
1769091342.6429758,FORWARDED,deb10a1b-cdd3-434d-84aa-98629681e3c4,e2b156aa-25c3-4e15-83fc-8d17a56123d7,c3,c4,1456,?,i8,
1769091342.9414458,SENT,d77f0b55-cea2-4f8f-81a5-9b684c771d61,e55cc037-cdf2-4f1d-9868-36cf50fb945b,c5,c4,1460,?,i8,
1769091342.9414976,FORWARDED,d77f0b55-cea2-4f8f-81a5-9b684c771d61,e55cc037-cdf2-4f1d-9868-36cf50fb945b,c5,c4,1460,?,i8,
1769091342.9733164,SENT,27e575aa-b0ba-46cb-9c32-ed0005b1b917,67fd2824-52a5-4ad7-b54f-cc871a9dbbca,c5,c4,1452,?,i8,
1769091342.9733562,FORWARDED,27e575aa-b0ba-46cb-9c32-ed0005b1b917,67fd2824-52a5-4ad7-b54f-cc871a9dbbca,c5,c4,1452,?,i8,
1769091342.9831212,RECEIVED,f49f939e-e85c-423b-9404-19f5e38d7734,52f25ae0-f38d-4f97-b8af-6c6a6dcdf00f,c3,c4,2031,p3,?,
1769091343.1321018,RECEIVED,48d0e067-db7a-413f-893c-eabbfe194ff0,06000bea-be9b-471e-963c-e2d1267553d3,c2,DROP,1452,p2,?,
1769091343.179567,RECEIVED,330001b9-2508-4ac3-8421-598cafd34889,1e944ade-9e7e-4a12-8ede-7cb4b33e5cac,c2,c1,2044,p2,?,
1769091343.4147506,SENT,48d0e067-db7a-413f-893c-eabbfe194ff0,06000bea-be9b-471e-963c-e2d1267553d3,c2,DROP,1017,?,i4,
1769091343.4147935,FORWARDED,48d0e067-db7a-413f-893c-eabbfe194ff0,06000bea-be9b-471e-963c-e2d1267553d3,c2,DROP,1017,?,i4,
1769091343.6797466,SENT,19ee7610-0676-4cf1-a714-dd73ef9209b0,18b554ef-50d1-457d-8a38-aac92b00e5da,c1,DROP,1015,?,i7,
1769091343.6797822,FORWARDED,19ee7610-0676-4cf1-a714-dd73ef9209b0,18b554ef-50d1-457d-8a38-aac92b00e5da,c1,DROP,1015,?,i7,
1769091343.7260382,SENT,eeddd2ac-2c68-4129-bac4-de25f20dc6f5,124e5818-f8bf-4eab-aff7-b4fc3c399c16,c5,DROP,1010,?,i8,
1769091343.7260904,FORWARDED,eeddd2ac-2c68-4129-bac4-de25f20dc6f5,124e5818-f8bf-4eab-aff7-b4fc3c399c16,c5,DROP,1010,?,i8,
1769091343.8410637,RECEIVED,491a7680-5141-46ae-8395-432310d2b0b0,d0d35bbf-3158-4b4b-b63e-219056c27cbd,c4,DROP,445,x12,?,
1769091344.1032426,FORWARDED,f49f939e-e85c-423b-9404-19f5e38d7734,52f25ae0-f38d-4f97-b8af-6c6a6dcdf00f,c3,c4,1451,?,i6,
1769091344.1605153,RECEIVED,d3ced6cc-85e1-4876-bebf-d488920a967c,5db95deb-a01b-4383-b153-a20f62b0865b,c1,c5,2056,p1,?,
1769091344.2469072,RECEIVED,a6cce6d8-3700-45d7-af48-6055686bbbcf,954c60b5-4685-415d-b872-33044691841c,c4,c1,2048,p1,?,
1769091344.3762057,SENT,330001b9-2508-4ac3-8421-598cafd34889,1e944ade-9e7e-4a12-8ede-7cb4b33e5cac,c2,c1,1461,?,i11,
1769091344.3762486,FORWARDED,330001b9-2508-4ac3-8421-598cafd34889,1e944ade-9e7e-4a12-8ede-7cb4b33e5cac,c2,c1,1461,?,i11,
1769091344.4096413,SENT,d3ced6cc-85e1-4876-bebf-d488920a967c,5db95deb-a01b-4383-b153-a20f62b0865b,c1,c5,1468,?,i2,
1769091344.409682,FORWARDED,d3ced6cc-85e1-4876-bebf-d488920a967c,5db95deb-a01b-4383-b153-a20f62b0865b,c1,c5,1468,?,i2,
1769091344.416847,SENT,a6cce6d8-3700-45d7-af48-6055686bbbcf,954c60b5-4685-415d-b872-33044691841c,c4,c1,1464,?,i2,
1769091344.4168916,FORWARDED,a6cce6d8-3700-45d7-af48-6055686bbbcf,954c60b5-4685-415d-b872-33044691841c,c4,c1,1464,?,i2,
1769091344.4948366,RECEIVED,8d8d1194-be86-40eb-ad23-e5faafc3a81e,d77f6154-06da-45b8-900a-dfa9ac9c3406,c3,DROP,441,x11,?,
1769091344.5663939,RECEIVED,569fbb9e-0c34-481e-b624-5094cf6aaab3,abafcfdd-606a-4c72-9017-9d83bf59df4c,c4,c1,2039,p1,?,
1769091344.9162009,RECEIVED,9cbae133-69b0-40b2-9dfc-db10fc858736,904e7abf-3213-4d7c-9ea1-125d6379248e,c2,c1,2036,p2,?,
1769091345.0731263,FORWARDED,9cbae133-69b0-40b2-9dfc-db10fc858736,904e7abf-3213-4d7c-9ea1-125d6379248e,c2,c1,1455,?,i6,
1769091345.2112067,SENT,569fbb9e-0c34-481e-b624-5094cf6aaab3,abafcfdd-606a-4c72-9017-9d83bf59df4c,c4,c1,1456,?,i8,
1769091345.2112465,FORWARDED,569fbb9e-0c34-481e-b624-5094cf6aaab3,abafcfdd-606a-4c72-9017-9d83bf59df4c,c4,c1,1456,?,i8,
1769091345.307449,RECEIVED,3e8b7f86-daf8-4b9b-bdb3-3500d89831b6,fd4701e6-ea04-4d9e-9e8d-5e2a6989278b,c1,c5,2040,p1,?,
1769091345.4156656,RECEIVED,fabeb372-1c5a-4f6b-8493-3ce1f9838dad,4e56a68c-366d-4d94-968f-d24dbd70ca4a,c3,c4,2032,p3,?,
1769091345.431899,RECEIVED,570251e1-316c-4e1d-a8b9-189852a7b84a,4def69b3-b06a-4d2c-95a3-0c42e8befe24,c4,DROP,1452,p1,?,
1769091345.5183356,FORWARDED,fabeb372-1c5a-4f6b-8493-3ce1f9838dad,4e56a68c-366d-4d94-968f-d24dbd70ca4a,c3,c4,1452,?,i6,
1769091345.6835713,SENT,570251e1-316c-4e1d-a8b9-189852a7b84a,4def69b3-b06a-4d2c-95a3-0c42e8befe24,c4,DROP,1015,?,i9,
1769091345.6836133,FORWARDED,570251e1-316c-4e1d-a8b9-189852a7b84a,4def69b3-b06a-4d2c-95a3-0c42e8befe24,c4,DROP,1015,?,i9,
1769091345.77114,RECEIVED,f5c2c3c3-a2d6-4657-a15e-b90a95423a8f,99b77eb4-c898-4827-9b1b-c24749298f77,c3,c4,2028,p3,?,
1769091345.9059632,SENT,f5c2c3c3-a2d6-4657-a15e-b90a95423a8f,99b77eb4-c898-4827-9b1b-c24749298f77,c3,c4,1447,?,i9,
1769091345.9059982,FORWARDED,f5c2c3c3-a2d6-4657-a15e-b90a95423a8f,99b77eb4-c898-4827-9b1b-c24749298f77,c3,c4,1447,?,i9,
1769091346.1521113,SENT,3e8b7f86-daf8-4b9b-bdb3-3500d89831b6,fd4701e6-ea04-4d9e-9e8d-5e2a6989278b,c1,c5,1456,?,i12,
1769091346.1521702,FORWARDED,3e8b7f86-daf8-4b9b-bdb3-3500d89831b6,fd4701e6-ea04-4d9e-9e8d-5e2a6989278b,c1,c5,1456,?,i12,
1769091346.303336,RECEIVED,600101f3-d994-4431-9b74-0029e63548f8,3d1f6ee2-2275-47e1-bdcd-5c507eb50dbb,c5,c4,2043,p2,?,
1769091347.2007167,RECEIVED,fa1a09bb-39a3-48ff-9531-e8846fbb2a31,8df31064-6443-4f92-9b32-5c4a561ef40a,c2,DROP,442,x2,?,
1769091347.568793,RECEIVED,eff3a835-369c-45f4-b2a8-ac0026b54f0e,10677fc0-9d5a-446f-b9cd-40ced9549681,c3,c4,2045,p3,?,
1769091347.6119535,SENT,eff3a835-369c-45f4-b2a8-ac0026b54f0e,10677fc0-9d5a-446f-b9cd-40ced9549681,c3,c4,1460,?,i8,
1769091347.6120148,FORWARDED,eff3a835-369c-45f4-b2a8-ac0026b54f0e,10677fc0-9d5a-446f-b9cd-40ced9549681,c3,c4,1460,?,i8,
1769091347.643313,RECEIVED,2240cb37-3936-4303-bc1b-17c206b1d38a,35e1cae2-66d8-47bd-9ebf-36f1e78b078f,c2,DROP,1457,p2,?,
1769091347.7240422,RECEIVED,7f458421-6e5d-4ed5-b069-8052c2e78f7d,3dc29399-b18e-42fc-9154-225419ce8571,c3,DROP,1448,p3,?,
1769091347.8067849,RECEIVED,66447514-6703-4816-b387-e18df38d6cad,8d7eff3e-124e-45ea-aae5-4f2c71916698,c1,c5,2044,p1,?,
1769091347.8255582,SENT,2240cb37-3936-4303-bc1b-17c206b1d38a,35e1cae2-66d8-47bd-9ebf-36f1e78b078f,c2,DROP,1020,?,i11,
1769091347.8258944,FORWARDED,2240cb37-3936-4303-bc1b-17c206b1d38a,35e1cae2-66d8-47bd-9ebf-36f1e78b078f,c2,DROP,1020,?,i11,
1769091347.8501217,SENT,66447514-6703-4816-b387-e18df38d6cad,8d7eff3e-124e-45ea-aae5-4f2c71916698,c1,c5,1459,?,i3,
1769091347.8501635,FORWARDED,66447514-6703-4816-b387-e18df38d6cad,8d7eff3e-124e-45ea-aae5-4f2c71916698,c1,c5,1459,?,i3,
1769091347.965662,RECEIVED,72f7c6f2-0df4-4eaf-9cec-92c90ff68537,1c0787cd-773b-4ecf-b3a1-fa42fc402b71,c3,c4,2028,p3,?,
1769091348.0204294,SENT,7f458421-6e5d-4ed5-b069-8052c2e78f7d,3dc29399-b18e-42fc-9154-225419ce8571,c3,DROP,1013,?,i12,
1769091348.0204737,FORWARDED,7f458421-6e5d-4ed5-b069-8052c2e78f7d,3dc29399-b18e-42fc-9154-225419ce8571,c3,DROP,1013,?,i12,
1769091348.0472922,RECEIVED,0d1764a5-18bb-41c6-832e-79efd1bc2eeb,83229600-97d5-438c-a4d2-25044426b0b0,c5,DROP,1451,p2,?,
1769091348.1052117,RECEIVED,21a371c0-9b06-4528-bed0-c32535d2399a,33eedbb9-4b09-4da8-a4cc-aac91927154f,c5,c4,2020,p2,?,
1769091348.1864266,SENT,72f7c6f2-0df4-4eaf-9cec-92c90ff68537,1c0787cd-773b-4ecf-b3a1-fa42fc402b71,c3,c4,1448,?,i9,
1769091348.1864653,FORWARDED,72f7c6f2-0df4-4eaf-9cec-92c90ff68537,1c0787cd-773b-4ecf-b3a1-fa42fc402b71,c3,c4,1448,?,i9,
1769091348.20185,SENT,21a371c0-9b06-4528-bed0-c32535d2399a,33eedbb9-4b09-4da8-a4cc-aac91927154f,c5,c4,1443,?,i1,
1769091348.2018957,FORWARDED,21a371c0-9b06-4528-bed0-c32535d2399a,33eedbb9-4b09-4da8-a4cc-aac91927154f,c5,c4,1443,?,i1,
1769091348.29522,RECEIVED,a342ca02-4e85-42d3-928f-2dd8c3b373f6,2976cf38-1aa6-4108-aa8a-05464ee456d2,c4,c1,2043,p1,?,
1769091348.3651066,RECEIVED,e12306ed-5b25-4368-aafc-858ef0f04a69,6995b60f-0b91-469e-bedc-28031a3af85e,c2,DROP,1450,p2,?,
1769091348.5662675,SENT,0d1764a5-18bb-41c6-832e-79efd1bc2eeb,83229600-97d5-438c-a4d2-25044426b0b0,c5,DROP,1016,?,i1,
1769091348.5663328,FORWARDED,0d1764a5-18bb-41c6-832e-79efd1bc2eeb,83229600-97d5-438c-a4d2-25044426b0b0,c5,DROP,1016,?,i1,
1769091348.5877383,RECEIVED,a52e0a28-c5f5-4227-b729-4181fce00f34,334ef3a4-b32a-4d98-ad50-3b8656377ed8,c1,c5,2040,p1,?,
1769091348.6254065,SENT,600101f3-d994-4431-9b74-0029e63548f8,3d1f6ee2-2275-47e1-bdcd-5c507eb50dbb,c5,c4,1460,?,i5,
1769091348.6254559,FORWARDED,600101f3-d994-4431-9b74-0029e63548f8,3d1f6ee2-2275-47e1-bdcd-5c507eb50dbb,c5,c4,1460,?,i5,
1769091348.6727676,SENT,a52e0a28-c5f5-4227-b729-4181fce00f34,334ef3a4-b32a-4d98-ad50-3b8656377ed8,c1,c5,1456,?,i7,
1769091348.6728094,FORWARDED,a52e0a28-c5f5-4227-b729-4181fce00f34,334ef3a4-b32a-4d98-ad50-3b8656377ed8,c1,c5,1456,?,i7,
1769091348.9179356,RECEIVED,bb298051-b01e-4fff-89f7-bba680a83808,c37ddd53-e15d-44e2-ad21-ade1b30862a0,c3,c4,2040,p3,?,
1769091348.9771805,RECEIVED,6b72f8d9-7372-4926-8824-0d39d1fe9756,3cffa6c0-b511-4de7-8b5a-008c8f1905a6,c3,c4,2039,p3,?,
1769091349.0227275,RECEIVED,010c2f92-0612-4933-9c49-d2b33e583657,f82d9525-8850-4f90-995d-315e2c7e082b,c1,c5,2040,p1,?,
1769091349.0971262,SENT,a342ca02-4e85-42d3-928f-2dd8c3b373f6,2976cf38-1aa6-4108-aa8a-05464ee456d2,c4,c1,1460,?,i2,
1769091349.0971694,FORWARDED,a342ca02-4e85-42d3-928f-2dd8c3b373f6,2976cf38-1aa6-4108-aa8a-05464ee456d2,c4,c1,1460,?,i2,
1769091349.104336,RECEIVED,d1a10b96-6031-4c7f-81e5-292ec703959e,060d57f1-72f0-48b1-b11e-0db8180623c0,c1,c5,2027,p1,?,
1769091349.2132475,SENT,bb298051-b01e-4fff-89f7-bba680a83808,c37ddd53-e15d-44e2-ad21-ade1b30862a0,c3,c4,1456,?,i2,
1769091349.2132905,FORWARDED,bb298051-b01e-4fff-89f7-bba680a83808,c37ddd53-e15d-44e2-ad21-ade1b30862a0,c3,c4,1456,?,i2,
1769091349.3042946,RECEIVED,27488a54-fba4-478e-ba9e-4a5d369c230f,27dc6cbe-efc1-4ae0-a6f2-73f28071e2df,c5,DROP,1455,p2,?,
1769091349.404837,SENT,010c2f92-0612-4933-9c49-d2b33e583657,f82d9525-8850-4f90-995d-315e2c7e082b,c1,c5,1456,?,i1,
1769091349.4048789,FORWARDED,010c2f92-0612-4933-9c49-d2b33e583657,f82d9525-8850-4f90-995d-315e2c7e082b,c1,c5,1456,?,i1,
1769091349.6498969,SENT,d1a10b96-6031-4c7f-81e5-292ec703959e,060d57f1-72f0-48b1-b11e-0db8180623c0,c1,c5,1447,?,i9,
1769091349.6499367,FORWARDED,d1a10b96-6031-4c7f-81e5-292ec703959e,060d57f1-72f0-48b1-b11e-0db8180623c0,c1,c5,1447,?,i9,
1769091349.6749363,RECEIVED,c4e9419a-3d43-4c5b-9508-c90b08ec6dda,24bc5d06-09ec-4be2-8314-4a4fa5dfaafd,c3,c4,2038,p3,?,
1769091349.7249303,RECEIVED,3fc6e015-945e-42fd-b727-c210b20a02c6,52d3b434-6d79-40c1-885e-c3d9b1d8eaa4,c2,c1,2044,p2,?,
1769091349.8116357,RECEIVED,209b134b-6a89-43c3-97dc-ef66b5bda9c6,d1f25c6d-3431-404d-b9fa-37d6edac6f96,c1,c5,2048,p1,?,
1769091349.83188,SENT,27488a54-fba4-478e-ba9e-4a5d369c230f,27dc6cbe-efc1-4ae0-a6f2-73f28071e2df,c5,DROP,1019,?,i3,
1769091349.8319228,FORWARDED,27488a54-fba4-478e-ba9e-4a5d369c230f,27dc6cbe-efc1-4ae0-a6f2-73f28071e2df,c5,DROP,1019,?,i3,
1769091349.8865833,SENT,3fc6e015-945e-42fd-b727-c210b20a02c6,52d3b434-6d79-40c1-885e-c3d9b1d8eaa4,c2,c1,1461,?,i1,
1769091349.8866577,FORWARDED,3fc6e015-945e-42fd-b727-c210b20a02c6,52d3b434-6d79-40c1-885e-c3d9b1d8eaa4,c2,c1,1461,?,i1,
1769091349.9051301,RECEIVED,d2db7448-9e68-44ba-98b9-88b54af3c6f5,7b08fbc6-6f26-4eac-baaf-8fca98dacbf1,c3,c4,2041,p3,?,
1769091349.9307063,SENT,6b72f8d9-7372-4926-8824-0d39d1fe9756,3cffa6c0-b511-4de7-8b5a-008c8f1905a6,c3,c4,1456,?,i9,
1769091349.9307463,FORWARDED,6b72f8d9-7372-4926-8824-0d39d1fe9756,3cffa6c0-b511-4de7-8b5a-008c8f1905a6,c3,c4,1456,?,i9,
1769091349.9603758,FORWARDED,209b134b-6a89-43c3-97dc-ef66b5bda9c6,d1f25c6d-3431-404d-b9fa-37d6edac6f96,c1,c5,1464,?,i6,
1769091349.973858,RECEIVED,a9288de6-0413-46c6-b0c6-3583d1844f14,eff57ca4-6046-4bc3-b2da-cf8d27b05279,c1,DROP,1440,p1,?,
1769091350.0592482,SENT,c4e9419a-3d43-4c5b-9508-c90b08ec6dda,24bc5d06-09ec-4be2-8314-4a4fa5dfaafd,c3,c4,1456,?,i1,
1769091350.0595312,FORWARDED,c4e9419a-3d43-4c5b-9508-c90b08ec6dda,24bc5d06-09ec-4be2-8314-4a4fa5dfaafd,c3,c4,1456,?,i1,
1769091350.2026868,SENT,d2db7448-9e68-44ba-98b9-88b54af3c6f5,7b08fbc6-6f26-4eac-baaf-8fca98dacbf1,c3,c4,1456,?,i12,
1769091350.2027287,FORWARDED,d2db7448-9e68-44ba-98b9-88b54af3c6f5,7b08fbc6-6f26-4eac-baaf-8fca98dacbf1,c3,c4,1456,?,i12,
1769091350.226899,FORWARDED,a9288de6-0413-46c6-b0c6-3583d1844f14,eff57ca4-6046-4bc3-b2da-cf8d27b05279,c1,DROP,1006,?,i6,
1769091350.4925787,RECEIVED,8daae486-4730-4760-873b-13d5834a38eb,818ebedb-826a-4581-9901-ac1af4c7c402,c5,DROP,441,x10,?,
1769091350.7022154,RECEIVED,d5587a9c-7a75-440d-8668-527d76eae430,0ca7a687-7c7e-4f4a-ae63-dfc17667a4f0,c2,c1,2043,p2,?,
1769091351.0026135,RECEIVED,213c52a9-5147-4806-9524-481e9bd67326,b679d821-367c-42f8-91c0-2a266bac84bc,c1,c5,2030,p1,?,
1769091351.0644462,SENT,e12306ed-5b25-4368-aafc-858ef0f04a69,6995b60f-0b91-469e-bedc-28031a3af85e,c2,DROP,1015,?,i5,
1769091351.0644875,FORWARDED,e12306ed-5b25-4368-aafc-858ef0f04a69,6995b60f-0b91-469e-bedc-28031a3af85e,c2,DROP,1015,?,i5,
1769091351.3797412,RECEIVED,6e53db6a-bdad-46a9-b05f-6b9dfa9d9fed,0a5e116f-0ba0-44e4-ae22-2441bb7d28fa,c1,DROP,445,x10,?,
1769091351.4786668,SENT,d5587a9c-7a75-440d-8668-527d76eae430,0ca7a687-7c7e-4f4a-ae63-dfc17667a4f0,c2,c1,1461,?,i5,
1769091351.4787064,FORWARDED,d5587a9c-7a75-440d-8668-527d76eae430,0ca7a687-7c7e-4f4a-ae63-dfc17667a4f0,c2,c1,1461,?,i5,
1769091351.488555,RECEIVED,32c08520-291e-4d9f-af9b-f2c199231249,d25fefa7-99ce-4b74-82f9-72d0d1ed0715,c2,c1,2030,p2,?,
1769091351.5857995,RECEIVED,021e68ec-acea-4a73-a711-e3e00728b25c,6bbf864c-888f-4f9e-853e-a7db36e61c71,c3,c4,2036,p3,?,
1769091351.6020007,RECEIVED,f2895a99-2885-4685-9ef1-a80b47558d6d,d39f33a7-66cd-4c8a-b45e-407e4c305c49,c1,DROP,1455,p1,?,
1769091351.6824324,SENT,213c52a9-5147-4806-9524-481e9bd67326,b679d821-367c-42f8-91c0-2a266bac84bc,c1,c5,1452,?,i8,
1769091351.682474,FORWARDED,213c52a9-5147-4806-9524-481e9bd67326,b679d821-367c-42f8-91c0-2a266bac84bc,c1,c5,1452,?,i8,
1769091351.8466082,RECEIVED,0de60d9b-b8da-4aa0-bbff-233369f5f421,cd36e93f-ed34-409f-b9b8-ec7676c5d0c4,c2,c1,2047,p2,?,
1769091352.0259392,SENT,32c08520-291e-4d9f-af9b-f2c199231249,d25fefa7-99ce-4b74-82f9-72d0d1ed0715,c2,c1,1451,?,i8,
1769091352.0259833,FORWARDED,32c08520-291e-4d9f-af9b-f2c199231249,d25fefa7-99ce-4b74-82f9-72d0d1ed0715,c2,c1,1451,?,i8,
1769091352.0687153,SENT,0de60d9b-b8da-4aa0-bbff-233369f5f421,cd36e93f-ed34-409f-b9b8-ec7676c5d0c4,c2,c1,1463,?,i4,
1769091352.0687516,FORWARDED,0de60d9b-b8da-4aa0-bbff-233369f5f421,cd36e93f-ed34-409f-b9b8-ec7676c5d0c4,c2,c1,1463,?,i4,
1769091352.0855715,SENT,f2895a99-2885-4685-9ef1-a80b47558d6d,d39f33a7-66cd-4c8a-b45e-407e4c305c49,c1,DROP,1018,?,i2,
1769091352.0856123,FORWARDED,f2895a99-2885-4685-9ef1-a80b47558d6d,d39f33a7-66cd-4c8a-b45e-407e4c305c49,c1,DROP,1018,?,i2,
1769091352.2601757,RECEIVED,129f2cd0-3c01-4deb-ab8d-45d2d2693859,bcb6be3c-d5d4-4ac6-8c3c-07626226652c,c1,DROP,1454,p1,?,
1769091352.2802615,RECEIVED,8eeea389-3c6a-4311-bd55-94e144c04ebb,36a0e826-9b41-4632-bcb2-31eb7816b6b7,c4,c1,2032,p1,?,
1769091352.3988593,RECEIVED,6b4e037c-baf7-4fe8-a912-9a643d06801c,e4d08f7c-d041-45aa-8a74-8b4a7b140b4b,c5,DROP,1439,p2,?,
1769091352.4513113,SENT,8eeea389-3c6a-4311-bd55-94e144c04ebb,36a0e826-9b41-4632-bcb2-31eb7816b6b7,c4,c1,1451,?,i8,
1769091352.4513533,FORWARDED,8eeea389-3c6a-4311-bd55-94e144c04ebb,36a0e826-9b41-4632-bcb2-31eb7816b6b7,c4,c1,1451,?,i8,
1769091352.570475,SENT,021e68ec-acea-4a73-a711-e3e00728b25c,6bbf864c-888f-4f9e-853e-a7db36e61c71,c3,c4,1455,?,i10,
1769091352.5705144,FORWARDED,021e68ec-acea-4a73-a711-e3e00728b25c,6bbf864c-888f-4f9e-853e-a7db36e61c71,c3,c4,1455,?,i10,
1769091352.6382275,RECEIVED,565fe5ef-08c8-4ae8-b3d0-9483ea47b617,2d5142fe-e99e-433b-ba5f-9f22c5c8c579,c5,DROP,1458,p2,?,
1769091352.67532,SENT,565fe5ef-08c8-4ae8-b3d0-9483ea47b617,2d5142fe-e99e-433b-ba5f-9f22c5c8c579,c5,DROP,1020,?,i11,
1769091352.6753743,FORWARDED,565fe5ef-08c8-4ae8-b3d0-9483ea47b617,2d5142fe-e99e-433b-ba5f-9f22c5c8c579,c5,DROP,1020,?,i11,
1769091352.8674824,RECEIVED,2cafe843-8992-4407-aca4-6fbeb76e3773,38f58fce-d275-46de-b739-888b9a63d807,c1,c5,2040,p1,?,
1769091352.901119,RECEIVED,bc64f467-4ae5-4f0f-82ec-282ac9d079ab,76baad28-f3dc-4c3d-a82f-448520ba11e4,c1,DROP,1456,p1,?,
1769091353.058475,SENT,6b4e037c-baf7-4fe8-a912-9a643d06801c,e4d08f7c-d041-45aa-8a74-8b4a7b140b4b,c5,DROP,1007,?,i2,
1769091353.0585175,FORWARDED,6b4e037c-baf7-4fe8-a912-9a643d06801c,e4d08f7c-d041-45aa-8a74-8b4a7b140b4b,c5,DROP,1007,?,i2,
1769091353.0635,SENT,129f2cd0-3c01-4deb-ab8d-45d2d2693859,bcb6be3c-d5d4-4ac6-8c3c-07626226652c,c1,DROP,1019,?,i7,
1769091353.0635548,FORWARDED,129f2cd0-3c01-4deb-ab8d-45d2d2693859,bcb6be3c-d5d4-4ac6-8c3c-07626226652c,c1,DROP,1019,?,i7,
1769091353.1537163,RECEIVED,9ba2fbf3-5d4a-4398-aa0f-d7cf49327588,6b473ba7-4698-4139-9cd4-499b04f8a020,c5,DROP,1459,p2,?,
1769091353.1837573,SENT,bc64f467-4ae5-4f0f-82ec-282ac9d079ab,76baad28-f3dc-4c3d-a82f-448520ba11e4,c1,DROP,1020,?,i2,
1769091353.183808,FORWARDED,bc64f467-4ae5-4f0f-82ec-282ac9d079ab,76baad28-f3dc-4c3d-a82f-448520ba11e4,c1,DROP,1020,?,i2,
1769091353.2154691,RECEIVED,8b8c85cf-3dfb-4129-ba1c-59a6ccd6756e,86e88fd1-5f45-4e0f-abcb-9cb1c2abb818,c1,c5,2035,p1,?,
1769091353.2324917,RECEIVED,ca3b3056-d5dc-4c3d-9ada-7eb94b389e46,247ee158-afb1-4f93-abab-46385895c43b,c1,c5,2048,p1,?,
1769091353.2792747,RECEIVED,d32e43f0-f16a-4b09-bf1b-f59e47742430,8fc13142-50bd-42b8-9cf8-f71c63739cb6,c1,c5,2028,p1,?,
1769091353.3228261,SENT,2cafe843-8992-4407-aca4-6fbeb76e3773,38f58fce-d275-46de-b739-888b9a63d807,c1,c5,1456,?,i8,
1769091353.3228688,FORWARDED,2cafe843-8992-4407-aca4-6fbeb76e3773,38f58fce-d275-46de-b739-888b9a63d807,c1,c5,1456,?,i8,
1769091353.490239,SENT,d32e43f0-f16a-4b09-bf1b-f59e47742430,8fc13142-50bd-42b8-9cf8-f71c63739cb6,c1,c5,1447,?,i8,
1769091353.4902787,FORWARDED,d32e43f0-f16a-4b09-bf1b-f59e47742430,8fc13142-50bd-42b8-9cf8-f71c63739cb6,c1,c5,1447,?,i8,
1769091353.610375,RECEIVED,f6d688b4-4382-426c-8ab4-6859c7e29960,23a9751d-393b-4dbc-a59c-8a56e154bacb,c4,DROP,1458,p1,?,
1769091353.6107922,SENT,ca3b3056-d5dc-4c3d-9ada-7eb94b389e46,247ee158-afb1-4f93-abab-46385895c43b,c1,c5,1464,?,i9,
1769091353.6108255,FORWARDED,ca3b3056-d5dc-4c3d-9ada-7eb94b389e46,247ee158-afb1-4f93-abab-46385895c43b,c1,c5,1464,?,i9,
1769091353.635295,SENT,f6d688b4-4382-426c-8ab4-6859c7e29960,23a9751d-393b-4dbc-a59c-8a56e154bacb,c4,DROP,1019,?,i10,
1769091353.635338,FORWARDED,f6d688b4-4382-426c-8ab4-6859c7e29960,23a9751d-393b-4dbc-a59c-8a56e154bacb,c4,DROP,1019,?,i10,
1769091353.759658,RECEIVED,3ee637c6-cc9e-4bd8-b1b5-dd07c27bf45d,cac7856a-0728-49c2-aa3e-4e3d70f70acc,c1,c5,2040,p1,?,
1769091354.3434675,SENT,3ee637c6-cc9e-4bd8-b1b5-dd07c27bf45d,cac7856a-0728-49c2-aa3e-4e3d70f70acc,c1,c5,1456,?,i11,
1769091354.343509,FORWARDED,3ee637c6-cc9e-4bd8-b1b5-dd07c27bf45d,cac7856a-0728-49c2-aa3e-4e3d70f70acc,c1,c5,1456,?,i11,
1769091354.4162407,SENT,9ba2fbf3-5d4a-4398-aa0f-d7cf49327588,6b473ba7-4698-4139-9cd4-499b04f8a020,c5,DROP,1022,?,i10,
1769091354.4162817,FORWARDED,9ba2fbf3-5d4a-4398-aa0f-d7cf49327588,6b473ba7-4698-4139-9cd4-499b04f8a020,c5,DROP,1022,?,i10,
1769091354.5095417,RECEIVED,40a573e1-422a-46f4-a60d-6e5a45943c7c,65837e01-256f-425d-9c37-976b3dd84c0b,c1,DROP,446,x12,?,
1769091354.5308716,SENT,8b8c85cf-3dfb-4129-ba1c-59a6ccd6756e,86e88fd1-5f45-4e0f-abcb-9cb1c2abb818,c1,c5,1455,?,i10,
1769091354.5309143,FORWARDED,8b8c85cf-3dfb-4129-ba1c-59a6ccd6756e,86e88fd1-5f45-4e0f-abcb-9cb1c2abb818,c1,c5,1455,?,i10,
1769091354.7872365,RECEIVED,fc14cc98-c6f2-4e9a-b1f6-0bab7c2e0afb,39e60047-39dc-4176-945e-45e04ec0a884,c4,c1,2039,p1,?,
1769091354.8715591,RECEIVED,a850956a-8bf9-43c5-bbbb-96fb4afbaa13,f6761a41-dbd7-4451-b404-a46a9c2df612,c1,c5,2036,p1,?,
1769091354.9958334,RECEIVED,731e68b8-e381-403c-a06d-7392b72976c6,457c9d03-e531-48fc-bbd9-76a64c9cb489,c2,DROP,1440,p2,?,
1769091355.0106866,SENT,fc14cc98-c6f2-4e9a-b1f6-0bab7c2e0afb,39e60047-39dc-4176-945e-45e04ec0a884,c4,c1,1456,?,i3,
1769091355.0107217,FORWARDED,fc14cc98-c6f2-4e9a-b1f6-0bab7c2e0afb,39e60047-39dc-4176-945e-45e04ec0a884,c4,c1,1456,?,i3,
1769091355.019062,RECEIVED,77d9b100-e894-4d3d-ae01-49b72ad3de08,610334a4-5d65-429d-82c6-d1099788dcf0,c2,c1,2034,p2,?,
1769091355.1018505,RECEIVED,5f4af513-f06a-428e-a9da-1cd868464ef1,0b6934f1-a0b7-417b-9a3d-04ae705c9aa8,c4,c1,2056,p1,?,
1769091355.1485834,RECEIVED,f15ecb47-2142-428e-84d1-967fec724311,105ecc8c-74e6-4110-a793-35c53cfda910,c4,c1,2035,p1,?,
1769091355.2215812,SENT,77d9b100-e894-4d3d-ae01-49b72ad3de08,610334a4-5d65-429d-82c6-d1099788dcf0,c2,c1,1455,?,i4,
1769091355.2216237,FORWARDED,77d9b100-e894-4d3d-ae01-49b72ad3de08,610334a4-5d65-429d-82c6-d1099788dcf0,c2,c1,1455,?,i4,
1769091355.3094006,SENT,a850956a-8bf9-43c5-bbbb-96fb4afbaa13,f6761a41-dbd7-4451-b404-a46a9c2df612,c1,c5,1453,?,i1,
1769091355.30944,FORWARDED,a850956a-8bf9-43c5-bbbb-96fb4afbaa13,f6761a41-dbd7-4451-b404-a46a9c2df612,c1,c5,1453,?,i1,
1769091355.533996,RECEIVED,08a44e9f-0282-484d-9d32-17c884557796,41794e4b-0019-4732-ab03-2da10208a0c2,c4,c1,2034,p1,?,
1769091355.6918464,SENT,f15ecb47-2142-428e-84d1-967fec724311,105ecc8c-74e6-4110-a793-35c53cfda910,c4,c1,1455,?,i8,
1769091355.6918895,FORWARDED,f15ecb47-2142-428e-84d1-967fec724311,105ecc8c-74e6-4110-a793-35c53cfda910,c4,c1,1455,?,i8,
1769091355.7326834,SENT,5f4af513-f06a-428e-a9da-1cd868464ef1,0b6934f1-a0b7-417b-9a3d-04ae705c9aa8,c4,c1,1469,?,i10,
1769091355.7327235,FORWARDED,5f4af513-f06a-428e-a9da-1cd868464ef1,0b6934f1-a0b7-417b-9a3d-04ae705c9aa8,c4,c1,1469,?,i10,
1769091355.8161302,RECEIVED,97a5890b-035f-453e-856b-f60efc0c1863,ddecfed4-cd7a-42f6-8dba-982269021776,c2,DROP,1456,p2,?,
1769091355.8546517,RECEIVED,937725ee-7a52-4122-98ea-fc437e47ec09,82517b3d-4fb8-4484-82de-072ad2c40b37,c5,DROP,446,x10,?,
1769091355.8587751,SENT,731e68b8-e381-403c-a06d-7392b72976c6,457c9d03-e531-48fc-bbd9-76a64c9cb489,c2,DROP,1007,?,i10,
1769091355.8588157,FORWARDED,731e68b8-e381-403c-a06d-7392b72976c6,457c9d03-e531-48fc-bbd9-76a64c9cb489,c2,DROP,1007,?,i10,
1769091355.9934099,RECEIVED,e62b5c00-10e2-4423-bd11-6a63696433cb,23453be8-6c1a-49db-a24f-50c7b204ae6f,c1,DROP,1449,p1,?,
1769091356.1496856,RECEIVED,508f206b-360c-4d84-b896-7698b134a9a9,a2730922-ca84-4cce-a4dc-6bf241187bd8,c4,DROP,1445,p1,?,
1769091356.1767883,SENT,97a5890b-035f-453e-856b-f60efc0c1863,ddecfed4-cd7a-42f6-8dba-982269021776,c2,DROP,1019,?,i2,
1769091356.176832,FORWARDED,97a5890b-035f-453e-856b-f60efc0c1863,ddecfed4-cd7a-42f6-8dba-982269021776,c2,DROP,1019,?,i2,
1769091356.2072215,SENT,508f206b-360c-4d84-b896-7698b134a9a9,a2730922-ca84-4cce-a4dc-6bf241187bd8,c4,DROP,1011,?,i9,
1769091356.207392,FORWARDED,508f206b-360c-4d84-b896-7698b134a9a9,a2730922-ca84-4cce-a4dc-6bf241187bd8,c4,DROP,1011,?,i9,
1769091356.5587955,SENT,08a44e9f-0282-484d-9d32-17c884557796,41794e4b-0019-4732-ab03-2da10208a0c2,c4,c1,1455,?,i7,
1769091356.5588377,FORWARDED,08a44e9f-0282-484d-9d32-17c884557796,41794e4b-0019-4732-ab03-2da10208a0c2,c4,c1,1455,?,i7,
1769091356.6344538,RECEIVED,ea36f1fa-9980-4676-963d-fc92b208c4b5,b85551fd-b447-4ab5-9bc4-53b6c7aa58ca,c5,DROP,1455,p2,?,
1769091356.83801,RECEIVED,68c2102d-6991-4a96-abc6-bfc3ab915a25,14c3c2b1-a7ed-45bc-8201-26f33030d563,c5,c4,2045,p2,?,
1769091356.8746765,SENT,68c2102d-6991-4a96-abc6-bfc3ab915a25,14c3c2b1-a7ed-45bc-8201-26f33030d563,c5,c4,1459,?,i7,
1769091356.8747141,FORWARDED,68c2102d-6991-4a96-abc6-bfc3ab915a25,14c3c2b1-a7ed-45bc-8201-26f33030d563,c5,c4,1459,?,i7,
1769091356.9948258,RECEIVED,7217ec4e-2b31-437a-bec8-8f7511ab7c10,76e00090-5d13-4db1-9a37-2c7173bd9f9b,c3,c4,2043,p3,?,
1769091357.0262558,SENT,ea36f1fa-9980-4676-963d-fc92b208c4b5,b85551fd-b447-4ab5-9bc4-53b6c7aa58ca,c5,DROP,1020,?,i1,
1769091357.0263035,FORWARDED,ea36f1fa-9980-4676-963d-fc92b208c4b5,b85551fd-b447-4ab5-9bc4-53b6c7aa58ca,c5,DROP,1020,?,i1,
1769091357.0292697,RECEIVED,22d072d6-cbb8-4329-9f6f-a1a963d935d2,58914552-ee62-4a8b-b2f4-614a9be89cac,c1,DROP,1439,p1,?,
1769091357.1009176,RECEIVED,993f9e6b-b5e4-4172-8f6b-03babb7d120a,4e2058a5-358d-4672-b9a4-28d8a085fa15,c3,DROP,1451,p3,?,
1769091357.1895344,RECEIVED,20bd4287-cf0b-4c96-9eba-e73cd92ff47f,967be809-f149-48f7-840f-c1353b76d356,c3,DROP,1457,p3,?,
1769091357.2102304,RECEIVED,485c87fa-db77-4771-8c32-3a1164c0d08f,044d6288-038d-40e1-ba42-da8ee60836d0,c3,DROP,1455,p3,?,
1769091357.2201405,SENT,e62b5c00-10e2-4423-bd11-6a63696433cb,23453be8-6c1a-49db-a24f-50c7b204ae6f,c1,DROP,1015,?,i3,
1769091357.220184,FORWARDED,e62b5c00-10e2-4423-bd11-6a63696433cb,23453be8-6c1a-49db-a24f-50c7b204ae6f,c1,DROP,1015,?,i3,
1769091357.2691584,SENT,993f9e6b-b5e4-4172-8f6b-03babb7d120a,4e2058a5-358d-4672-b9a4-28d8a085fa15,c3,DROP,1015,?,i5,
1769091357.2692008,FORWARDED,993f9e6b-b5e4-4172-8f6b-03babb7d120a,4e2058a5-358d-4672-b9a4-28d8a085fa15,c3,DROP,1015,?,i5,
1769091357.289186,SENT,20bd4287-cf0b-4c96-9eba-e73cd92ff47f,967be809-f149-48f7-840f-c1353b76d356,c3,DROP,1019,?,i12,
1769091357.2892268,FORWARDED,20bd4287-cf0b-4c96-9eba-e73cd92ff47f,967be809-f149-48f7-840f-c1353b76d356,c3,DROP,1019,?,i12,
1769091357.6593719,RECEIVED,d83e05a3-0afb-4c23-9b79-1ce498e9d61c,da24e6ef-87b7-4abb-b1d3-0cbf28c86ed3,c4,c1,2043,p1,?,
1769091357.7929208,RECEIVED,7c4d8cf2-0d56-4f67-9a85-57d5926a45c6,04d4cc76-a571-42e7-9f82-11ae54d53447,c5,c4,2047,p2,?,
1769091357.8206227,SENT,7217ec4e-2b31-437a-bec8-8f7511ab7c10,76e00090-5d13-4db1-9a37-2c7173bd9f9b,c3,c4,1460,?,i5,
1769091357.8206625,FORWARDED,7217ec4e-2b31-437a-bec8-8f7511ab7c10,76e00090-5d13-4db1-9a37-2c7173bd9f9b,c3,c4,1460,?,i5,
1769091357.8647382,RECEIVED,470cca96-2e2d-4ca1-87c5-bce0a01c4661,57481895-4668-42a9-858f-19872338a448,c3,c4,2031,p3,?,
1769091357.9498396,FORWARDED,d83e05a3-0afb-4c23-9b79-1ce498e9d61c,da24e6ef-87b7-4abb-b1d3-0cbf28c86ed3,c4,c1,1459,?,i6,
1769091358.196443,RECEIVED,3a8e5d1c-900c-41e0-8b0b-236064e7681a,b4e075cd-ae57-414e-9421-b134bf63791c,c3,c4,2031,p3,?,
1769091358.3834727,SENT,485c87fa-db77-4771-8c32-3a1164c0d08f,044d6288-038d-40e1-ba42-da8ee60836d0,c3,DROP,1020,?,i10,
1769091358.383515,FORWARDED,485c87fa-db77-4771-8c32-3a1164c0d08f,044d6288-038d-40e1-ba42-da8ee60836d0,c3,DROP,1020,?,i10,
1769091358.4299815,SENT,7c4d8cf2-0d56-4f67-9a85-57d5926a45c6,04d4cc76-a571-42e7-9f82-11ae54d53447,c5,c4,1463,?,i12,
1769091358.430022,FORWARDED,7c4d8cf2-0d56-4f67-9a85-57d5926a45c6,04d4cc76-a571-42e7-9f82-11ae54d53447,c5,c4,1463,?,i12,
1769091358.505866,SENT,470cca96-2e2d-4ca1-87c5-bce0a01c4661,57481895-4668-42a9-858f-19872338a448,c3,c4,1452,?,i8,
1769091358.5061355,FORWARDED,470cca96-2e2d-4ca1-87c5-bce0a01c4661,57481895-4668-42a9-858f-19872338a448,c3,c4,1452,?,i8,
1769091358.5103397,RECEIVED,6bf3324e-3441-4b9c-8b89-58bbc32d8151,d2f8f572-caf0-4d8d-a236-0525a176a5d6,c4,DROP,1440,p1,?,
1769091358.7089126,SENT,6bf3324e-3441-4b9c-8b89-58bbc32d8151,d2f8f572-caf0-4d8d-a236-0525a176a5d6,c4,DROP,1006,?,i2,
1769091358.7089543,FORWARDED,6bf3324e-3441-4b9c-8b89-58bbc32d8151,d2f8f572-caf0-4d8d-a236-0525a176a5d6,c4,DROP,1006,?,i2,
1769091358.7251832,SENT,22d072d6-cbb8-4329-9f6f-a1a963d935d2,58914552-ee62-4a8b-b2f4-614a9be89cac,c1,DROP,1008,?,i3,
1769091358.7252312,FORWARDED,22d072d6-cbb8-4329-9f6f-a1a963d935d2,58914552-ee62-4a8b-b2f4-614a9be89cac,c1,DROP,1008,?,i3,
1769091358.7349463,RECEIVED,e8c147ca-8614-4a5e-a0ed-22ab74a53108,be0ced6c-29ef-4b1e-8e27-d3d146ba5669,c5,DROP,1455,p2,?,
1769091358.8258555,SENT,3a8e5d1c-900c-41e0-8b0b-236064e7681a,b4e075cd-ae57-414e-9421-b134bf63791c,c3,c4,1452,?,i8,
1769091358.8259065,FORWARDED,3a8e5d1c-900c-41e0-8b0b-236064e7681a,b4e075cd-ae57-414e-9421-b134bf63791c,c3,c4,1452,?,i8,
1769091358.9288254,RECEIVED,dac857f4-38d8-4a26-aa01-1869eb03131b,97c293fe-df24-4c1d-b2fd-062dec5037a5,c1,DROP,1440,p1,?,
1769091358.9435046,RECEIVED,cede7a9a-4266-4e4a-b6eb-af2e08235e95,3767175b-160b-42b7-806f-132ba24f2cc8,c4,c1,2044,p1,?,
1769091358.9815347,RECEIVED,4d8c5296-9d14-48cb-8b76-75b51ea761b1,2330b76e-e5a0-4e46-9303-009722228482,c1,c5,2044,p1,?,
1769091359.0012255,RECEIVED,96c77ecb-4e01-4cd1-9113-c8e5ca3c39d2,c0af95cf-cc9b-476c-8832-5acf48eda4f8,c4,DROP,1445,p1,?,
1769091359.0835285,SENT,96c77ecb-4e01-4cd1-9113-c8e5ca3c39d2,c0af95cf-cc9b-476c-8832-5acf48eda4f8,c4,DROP,1011,?,i11,
1769091359.083571,FORWARDED,96c77ecb-4e01-4cd1-9113-c8e5ca3c39d2,c0af95cf-cc9b-476c-8832-5acf48eda4f8,c4,DROP,1011,?,i11,
1769091359.1320775,RECEIVED,da770512-24d9-414d-900f-92e3fb09733d,a9f9585f-7499-463c-b41e-34f283057ab8,c3,c4,2053,p3,?,
1769091359.1905723,SENT,dac857f4-38d8-4a26-aa01-1869eb03131b,97c293fe-df24-4c1d-b2fd-062dec5037a5,c1,DROP,1006,?,i8,
1769091359.1906147,FORWARDED,dac857f4-38d8-4a26-aa01-1869eb03131b,97c293fe-df24-4c1d-b2fd-062dec5037a5,c1,DROP,1006,?,i8,
1769091359.235014,SENT,da770512-24d9-414d-900f-92e3fb09733d,a9f9585f-7499-463c-b41e-34f283057ab8,c3,c4,1467,?,i10,
1769091359.2350676,FORWARDED,da770512-24d9-414d-900f-92e3fb09733d,a9f9585f-7499-463c-b41e-34f283057ab8,c3,c4,1467,?,i10,
1769091359.4414124,RECEIVED,4cd29375-3ee7-44ef-9499-4f63fd1f8bde,0fb9a9f8-ce6f-41df-8aee-faa1943ba3b0,c3,c4,2039,p3,?,
1769091359.4544744,RECEIVED,a4581b0e-5e33-4729-b31b-c7d4b97962e1,2e2783fc-2a21-448a-9afe-f6b35631d991,c5,c4,2039,p2,?,
1769091359.5285397,SENT,e8c147ca-8614-4a5e-a0ed-22ab74a53108,be0ced6c-29ef-4b1e-8e27-d3d146ba5669,c5,DROP,1018,?,i5,
1769091359.5285807,FORWARDED,e8c147ca-8614-4a5e-a0ed-22ab74a53108,be0ced6c-29ef-4b1e-8e27-d3d146ba5669,c5,DROP,1018,?,i5,
1769091359.534738,SENT,4d8c5296-9d14-48cb-8b76-75b51ea761b1,2330b76e-e5a0-4e46-9303-009722228482,c1,c5,1460,?,i10,
1769091359.5347795,FORWARDED,4d8c5296-9d14-48cb-8b76-75b51ea761b1,2330b76e-e5a0-4e46-9303-009722228482,c1,c5,1460,?,i10,
1769091359.7295363,RECEIVED,ccd9bb7c-be68-4544-bfa5-edee9fbaa286,e6431ddd-8377-43c8-8c0e-83e9cf4e7989,c5,DROP,1460,p2,?,
1769091359.806716,SENT,cede7a9a-4266-4e4a-b6eb-af2e08235e95,3767175b-160b-42b7-806f-132ba24f2cc8,c4,c1,1460,?,i11,
1769091359.8067772,FORWARDED,cede7a9a-4266-4e4a-b6eb-af2e08235e95,3767175b-160b-42b7-806f-132ba24f2cc8,c4,c1,1460,?,i11,
1769091359.8231125,RECEIVED,3b3fec1f-67ca-43e3-85af-2dd994d3f271,ddc52a43-36f2-4c37-876d-302dd8665374,c4,c1,2053,p1,?,
1769091359.9155416,SENT,ccd9bb7c-be68-4544-bfa5-edee9fbaa286,e6431ddd-8377-43c8-8c0e-83e9cf4e7989,c5,DROP,1021,?,i2,
1769091359.915575,FORWARDED,ccd9bb7c-be68-4544-bfa5-edee9fbaa286,e6431ddd-8377-43c8-8c0e-83e9cf4e7989,c5,DROP,1021,?,i2,
1769091359.981009,RECEIVED,977af824-d17b-4546-9798-1128ed9772d3,876010d3-2430-4dd2-938c-51e5660a72ae,c4,c1,2028,p1,?,
1769091360.0512245,SENT,a4581b0e-5e33-4729-b31b-c7d4b97962e1,2e2783fc-2a21-448a-9afe-f6b35631d991,c5,c4,1457,?,i2,
1769091360.0512617,FORWARDED,a4581b0e-5e33-4729-b31b-c7d4b97962e1,2e2783fc-2a21-448a-9afe-f6b35631d991,c5,c4,1457,?,i2,
1769091360.1774418,RECEIVED,16ee882e-755a-483e-b2bd-9b70e0a90222,1df32fff-1167-4151-bccf-e29ff3434fba,c5,DROP,442,x8,?,
1769091360.1883266,SENT,3b3fec1f-67ca-43e3-85af-2dd994d3f271,ddc52a43-36f2-4c37-876d-302dd8665374,c4,c1,1467,?,i11,
1769091360.1883678,FORWARDED,3b3fec1f-67ca-43e3-85af-2dd994d3f271,ddc52a43-36f2-4c37-876d-302dd8665374,c4,c1,1467,?,i11,
1769091360.2324688,RECEIVED,680ea3d0-0162-4a49-97cb-78a642d842a7,d05fca5f-4dc4-4b03-a4fa-bb7d33ce9949,c3,c4,2029,p3,?,
1769091360.3189979,SENT,977af824-d17b-4546-9798-1128ed9772d3,876010d3-2430-4dd2-938c-51e5660a72ae,c4,c1,1447,?,i5,
1769091360.3190415,FORWARDED,977af824-d17b-4546-9798-1128ed9772d3,876010d3-2430-4dd2-938c-51e5660a72ae,c4,c1,1447,?,i5,
1769091360.366316,RECEIVED,8e7aae84-248c-4d4e-b22f-95f49c3b37cb,97f01b8a-954e-45e0-a881-d251f8319372,c1,DROP,1452,p1,?,
1769091360.7484016,SENT,680ea3d0-0162-4a49-97cb-78a642d842a7,d05fca5f-4dc4-4b03-a4fa-bb7d33ce9949,c3,c4,1452,?,i2,
1769091360.7484453,FORWARDED,680ea3d0-0162-4a49-97cb-78a642d842a7,d05fca5f-4dc4-4b03-a4fa-bb7d33ce9949,c3,c4,1452,?,i2,
1769091360.769842,RECEIVED,e647d3df-a84c-4b6c-a32b-ac15fa7c81cc,d26a3a8b-098f-4431-a73d-972ccb9f67bc,c3,c4,2031,p3,?,
1769091360.83502,SENT,8e7aae84-248c-4d4e-b22f-95f49c3b37cb,97f01b8a-954e-45e0-a881-d251f8319372,c1,DROP,1016,?,i10,
1769091360.8350718,FORWARDED,8e7aae84-248c-4d4e-b22f-95f49c3b37cb,97f01b8a-954e-45e0-a881-d251f8319372,c1,DROP,1016,?,i10,
1769091361.0047932,SENT,4cd29375-3ee7-44ef-9499-4f63fd1f8bde,0fb9a9f8-ce6f-41df-8aee-faa1943ba3b0,c3,c4,1456,?,i9,
1769091361.0048323,FORWARDED,4cd29375-3ee7-44ef-9499-4f63fd1f8bde,0fb9a9f8-ce6f-41df-8aee-faa1943ba3b0,c3,c4,1456,?,i9,
1769091361.187505,RECEIVED,a7e8fc63-f5ea-4aad-a83f-86fbdfaab808,6144d117-36eb-4dc8-b478-3a75a793972a,c3,DROP,1461,p3,?,
1769091361.2053864,RECEIVED,000f018a-9536-491b-a895-07d67f8561dd,6b80901b-cf07-4d01-bc8d-a0fa4ecac50c,c3,c4,2028,p3,?,
1769091361.2242935,SENT,a7e8fc63-f5ea-4aad-a83f-86fbdfaab808,6144d117-36eb-4dc8-b478-3a75a793972a,c3,DROP,1022,?,i3,
1769091361.2243354,FORWARDED,a7e8fc63-f5ea-4aad-a83f-86fbdfaab808,6144d117-36eb-4dc8-b478-3a75a793972a,c3,DROP,1022,?,i3,
1769091361.47834,RECEIVED,9154387d-c007-4281-b18f-6e465ea7b433,173e7a17-a957-42a8-97b5-8380f802536f,c1,c5,2036,p1,?,
1769091361.4947731,RECEIVED,b8abb8a9-04d6-489d-bd63-0341894311e9,6605cd70-336e-4c9c-9d23-75c998b17dba,c4,c1,2040,p1,?,
1769091361.5858774,SENT,b8abb8a9-04d6-489d-bd63-0341894311e9,6605cd70-336e-4c9c-9d23-75c998b17dba,c4,c1,1457,?,i1,
1769091361.5859199,FORWARDED,b8abb8a9-04d6-489d-bd63-0341894311e9,6605cd70-336e-4c9c-9d23-75c998b17dba,c4,c1,1457,?,i1,
1769091361.641115,SENT,000f018a-9536-491b-a895-07d67f8561dd,6b80901b-cf07-4d01-bc8d-a0fa4ecac50c,c3,c4,1448,?,i10,
1769091361.6411583,FORWARDED,000f018a-9536-491b-a895-07d67f8561dd,6b80901b-cf07-4d01-bc8d-a0fa4ecac50c,c3,c4,1448,?,i10,
1769091361.6569781,RECEIVED,ad3c3342-6dd3-4808-93d1-a0e0be883f1c,6852cab2-7908-4e29-b10f-8364e7759e8f,c4,c1,2041,p1,?,
1769091361.696005,RECEIVED,dfe9ef54-a916-4dec-a099-cd6077de44dc,0a66a686-15f1-4b5e-8e3f-209eb78a0cf3,c4,DROP,1452,p1,?,
1769091361.6982768,SENT,e647d3df-a84c-4b6c-a32b-ac15fa7c81cc,d26a3a8b-098f-4431-a73d-972ccb9f67bc,c3,c4,1451,?,i5,
1769091361.698319,FORWARDED,e647d3df-a84c-4b6c-a32b-ac15fa7c81cc,d26a3a8b-098f-4431-a73d-972ccb9f67bc,c3,c4,1451,?,i5,
1769091361.707839,SENT,9154387d-c007-4281-b18f-6e465ea7b433,173e7a17-a957-42a8-97b5-8380f802536f,c1,c5,1455,?,i7,
1769091361.7078803,FORWARDED,9154387d-c007-4281-b18f-6e465ea7b433,173e7a17-a957-42a8-97b5-8380f802536f,c1,c5,1455,?,i7,
1769091361.7388654,RECEIVED,51148e40-ddf8-421d-a2c1-f61d6541269c,1ba15bc5-1259-4387-9306-9fdb371399df,c1,c5,2039,p1,?,
1769091361.8417122,SENT,ad3c3342-6dd3-4808-93d1-a0e0be883f1c,6852cab2-7908-4e29-b10f-8364e7759e8f,c4,c1,1456,?,i10,
1769091361.841755,FORWARDED,ad3c3342-6dd3-4808-93d1-a0e0be883f1c,6852cab2-7908-4e29-b10f-8364e7759e8f,c4,c1,1456,?,i10,
1769091361.9465687,RECEIVED,900564a3-b9dc-4e97-9415-0affbb0b2f28,45e1f5cf-c097-421b-aa72-0a78ebad3193,c1,c5,2047,p1,?,
1769091361.9967024,RECEIVED,bf99977d-4a2b-4aa6-bfdb-e78264d34914,87113e00-3727-4ef2-b67b-fe77a1a99da5,c2,DROP,446,x10,?,
1769091362.002993,RECEIVED,9606a827-3e75-45c3-8b70-364e6865f091,b4fd2595-f85b-4c46-8214-758fec9c39ab,c3,DROP,1456,p3,?,
1769091362.0191214,RECEIVED,612bbdb5-7c1b-44a5-9e40-6a0e37cffda5,a7a791fc-830f-409b-9a00-82e086d961fc,c3,DROP,1440,p3,?,
1769091362.0638638,SENT,612bbdb5-7c1b-44a5-9e40-6a0e37cffda5,a7a791fc-830f-409b-9a00-82e086d961fc,c3,DROP,1008,?,i4,
1769091362.0639062,FORWARDED,612bbdb5-7c1b-44a5-9e40-6a0e37cffda5,a7a791fc-830f-409b-9a00-82e086d961fc,c3,DROP,1008,?,i4,
1769091362.091759,SENT,51148e40-ddf8-421d-a2c1-f61d6541269c,1ba15bc5-1259-4387-9306-9fdb371399df,c1,c5,1457,?,i8,
1769091362.0917978,FORWARDED,51148e40-ddf8-421d-a2c1-f61d6541269c,1ba15bc5-1259-4387-9306-9fdb371399df,c1,c5,1457,?,i8,
1769091362.1141136,RECEIVED,66de7da6-755d-446f-998e-c8432e669f3f,1891739d-0ae0-4b69-b224-f28bfa0a44ee,c3,c4,2019,p3,?,
1769091362.1576202,RECEIVED,6f6ec131-6c8b-4ac6-9d2a-1f094f5906b0,f1094603-5ff7-4428-8d83-a9aed152726f,c3,c4,2045,p3,?,
1769091362.179095,RECEIVED,47bab1ee-3660-4d79-a6fd-809617c4f6b8,faee5740-df41-4a63-99f0-357768f1e9c3,c2,c1,2047,p2,?,
1769091362.1868281,RECEIVED,eb72b058-06b6-46f6-b513-483ac031fa51,b9864ac5-5e08-44b5-ba75-bb9a9fd9864b,c5,DROP,1458,p2,?,
1769091362.218809,SENT,eb72b058-06b6-46f6-b513-483ac031fa51,b9864ac5-5e08-44b5-ba75-bb9a9fd9864b,c5,DROP,1020,?,i11,
1769091362.2188535,FORWARDED,eb72b058-06b6-46f6-b513-483ac031fa51,b9864ac5-5e08-44b5-ba75-bb9a9fd9864b,c5,DROP,1020,?,i11,
1769091362.225261,SENT,9606a827-3e75-45c3-8b70-364e6865f091,b4fd2595-f85b-4c46-8214-758fec9c39ab,c3,DROP,1020,?,i5,
1769091362.2253022,FORWARDED,9606a827-3e75-45c3-8b70-364e6865f091,b4fd2595-f85b-4c46-8214-758fec9c39ab,c3,DROP,1020,?,i5,
1769091362.2942758,SENT,dfe9ef54-a916-4dec-a099-cd6077de44dc,0a66a686-15f1-4b5e-8e3f-209eb78a0cf3,c4,DROP,1015,?,i12,
1769091362.2943177,FORWARDED,dfe9ef54-a916-4dec-a099-cd6077de44dc,0a66a686-15f1-4b5e-8e3f-209eb78a0cf3,c4,DROP,1015,?,i12,
1769091362.4469304,SENT,900564a3-b9dc-4e97-9415-0affbb0b2f28,45e1f5cf-c097-421b-aa72-0a78ebad3193,c1,c5,1463,?,i4,
1769091362.4469728,FORWARDED,900564a3-b9dc-4e97-9415-0affbb0b2f28,45e1f5cf-c097-421b-aa72-0a78ebad3193,c1,c5,1463,?,i4,
1769091362.484428,RECEIVED,5d66a885-0631-4493-bbea-9674e0fb4548,c04fc929-f21c-4bcb-a837-863e0baf5ace,c3,DROP,1452,p3,?,
1769091362.5592716,SENT,6f6ec131-6c8b-4ac6-9d2a-1f094f5906b0,f1094603-5ff7-4428-8d83-a9aed152726f,c3,c4,1460,?,i11,
1769091362.559313,FORWARDED,6f6ec131-6c8b-4ac6-9d2a-1f094f5906b0,f1094603-5ff7-4428-8d83-a9aed152726f,c3,c4,1460,?,i11,
1769091362.5751917,RECEIVED,493d7980-51e1-4563-a271-b1811f87a013,4e5ad1e9-69b9-4618-a6ba-b581356a7956,c4,c1,2031,p1,?,
1769091362.5938542,RECEIVED,e82b9dad-6df1-4fb0-a225-a87765773cd4,86e9f0d6-6b13-49d7-aa19-36b026660d02,c3,c4,2039,p3,?,
1769091362.623703,RECEIVED,5a37db8f-fa66-414d-b086-dc2ff268910d,1c30bbeb-12fd-43f5-b010-63e14e74be10,c3,DROP,1439,p3,?,
1769091362.8592143,SENT,5d66a885-0631-4493-bbea-9674e0fb4548,c04fc929-f21c-4bcb-a837-863e0baf5ace,c3,DROP,1016,?,i2,
1769091362.8592584,FORWARDED,5d66a885-0631-4493-bbea-9674e0fb4548,c04fc929-f21c-4bcb-a837-863e0baf5ace,c3,DROP,1016,?,i2,
1769091362.9357965,RECEIVED,7c0b3b25-39d3-4cb8-b82d-23d94fc38149,47db5c16-d9a1-4679-9d7f-9b470025a781,c2,DROP,441,x5,?,
1769091363.006449,SENT,66de7da6-755d-446f-998e-c8432e669f3f,1891739d-0ae0-4b69-b224-f28bfa0a44ee,c3,c4,1443,?,i2,
1769091363.0064929,FORWARDED,66de7da6-755d-446f-998e-c8432e669f3f,1891739d-0ae0-4b69-b224-f28bfa0a44ee,c3,c4,1443,?,i2,
1769091363.0114312,SENT,47bab1ee-3660-4d79-a6fd-809617c4f6b8,faee5740-df41-4a63-99f0-357768f1e9c3,c2,c1,1464,?,i4,
1769091363.0114734,FORWARDED,47bab1ee-3660-4d79-a6fd-809617c4f6b8,faee5740-df41-4a63-99f0-357768f1e9c3,c2,c1,1464,?,i4,
1769091363.0578737,RECEIVED,b8ef462c-3518-4117-a598-ecd0818e6f11,2e46e49c-34cd-41e7-bfcf-995757154846,c1,c5,2044,p1,?,
1769091363.0855536,SENT,e82b9dad-6df1-4fb0-a225-a87765773cd4,86e9f0d6-6b13-49d7-aa19-36b026660d02,c3,c4,1456,?,i5,
1769091363.0856013,FORWARDED,e82b9dad-6df1-4fb0-a225-a87765773cd4,86e9f0d6-6b13-49d7-aa19-36b026660d02,c3,c4,1456,?,i5,
1769091363.264555,SENT,b8ef462c-3518-4117-a598-ecd0818e6f11,2e46e49c-34cd-41e7-bfcf-995757154846,c1,c5,1459,?,i3,
1769091363.2645977,FORWARDED,b8ef462c-3518-4117-a598-ecd0818e6f11,2e46e49c-34cd-41e7-bfcf-995757154846,c1,c5,1459,?,i3,
1769091363.3696656,SENT,5a37db8f-fa66-414d-b086-dc2ff268910d,1c30bbeb-12fd-43f5-b010-63e14e74be10,c3,DROP,1007,?,i2,
1769091363.369707,FORWARDED,5a37db8f-fa66-414d-b086-dc2ff268910d,1c30bbeb-12fd-43f5-b010-63e14e74be10,c3,DROP,1007,?,i2,
1769091363.4829395,RECEIVED,602b3cbe-b78b-49d7-9597-d56177c9f806,239f12e0-15d3-4dd8-a4de-e06ff38d718c,c1,c5,2041,p1,?,
1769091363.5380747,SENT,602b3cbe-b78b-49d7-9597-d56177c9f806,239f12e0-15d3-4dd8-a4de-e06ff38d718c,c1,c5,1456,?,i2,
1769091363.5386379,FORWARDED,602b3cbe-b78b-49d7-9597-d56177c9f806,239f12e0-15d3-4dd8-a4de-e06ff38d718c,c1,c5,1456,?,i2,
1769091363.5391998,RECEIVED,ab328d0f-a4d1-4527-b2bc-a233fbd2138f,59e1bee2-9adb-49e2-9900-15955774351f,c3,DROP,1452,p3,?,
1769091363.641958,RECEIVED,d55f6ba3-a36e-4c05-898f-d40ff403186d,536a7c93-311c-4b97-a4fa-45429a9b32d0,c5,DROP,445,x8,?,
1769091363.6424644,SENT,ab328d0f-a4d1-4527-b2bc-a233fbd2138f,59e1bee2-9adb-49e2-9900-15955774351f,c3,DROP,1015,?,i5,
1769091363.6425073,FORWARDED,ab328d0f-a4d1-4527-b2bc-a233fbd2138f,59e1bee2-9adb-49e2-9900-15955774351f,c3,DROP,1015,?,i5,
1769091363.6968796,SENT,493d7980-51e1-4563-a271-b1811f87a013,4e5ad1e9-69b9-4618-a6ba-b581356a7956,c4,c1,1451,?,i7,
1769091363.696923,FORWARDED,493d7980-51e1-4563-a271-b1811f87a013,4e5ad1e9-69b9-4618-a6ba-b581356a7956,c4,c1,1451,?,i7,
1769091363.7392523,RECEIVED,5585ef8a-c44f-4182-a2d3-2b50849bcd95,9c7fb81f-b61b-4643-9fe9-f72bf1395d75,c4,c1,2044,p1,?,
1769091363.8059154,RECEIVED,87add801-6a68-48ec-b9b6-e2f35ab837fe,33ed11cc-7018-4e74-8667-14f636ef885f,c5,DROP,1460,p2,?,
1769091363.863748,RECEIVED,79126a9f-9f2c-4471-bf34-9842dcabfc8c,6a1bc98a-1de9-4d88-a3b5-d90a08b7310b,c3,c4,2040,p3,?,
1769091363.8993847,SENT,5585ef8a-c44f-4182-a2d3-2b50849bcd95,9c7fb81f-b61b-4643-9fe9-f72bf1395d75,c4,c1,1460,?,i9,
1769091363.8994281,FORWARDED,5585ef8a-c44f-4182-a2d3-2b50849bcd95,9c7fb81f-b61b-4643-9fe9-f72bf1395d75,c4,c1,1460,?,i9,
1769091364.0225585,RECEIVED,c69ba956-4c93-437b-bef2-7abe97978dbf,8664d190-7dbc-42a6-870d-6b7f8169494b,c5,DROP,1440,p2,?,
1769091364.076454,SENT,79126a9f-9f2c-4471-bf34-9842dcabfc8c,6a1bc98a-1de9-4d88-a3b5-d90a08b7310b,c3,c4,1456,?,i4,
1769091364.0764947,FORWARDED,79126a9f-9f2c-4471-bf34-9842dcabfc8c,6a1bc98a-1de9-4d88-a3b5-d90a08b7310b,c3,c4,1456,?,i4,
1769091364.1320646,FORWARDED,c69ba956-4c93-437b-bef2-7abe97978dbf,8664d190-7dbc-42a6-870d-6b7f8169494b,c5,DROP,1007,?,i6,
1769091364.2274601,FORWARDED,87add801-6a68-48ec-b9b6-e2f35ab837fe,33ed11cc-7018-4e74-8667-14f636ef885f,c5,DROP,1023,?,i6,
1769091364.492695,RECEIVED,914e6f42-397c-4a61-b569-3231967182cf,8e554114-25c6-4c05-a9ea-5f3eaceb6d1a,c4,c1,2041,p1,?,
1769091364.5657136,SENT,914e6f42-397c-4a61-b569-3231967182cf,8e554114-25c6-4c05-a9ea-5f3eaceb6d1a,c4,c1,1456,?,i12,
1769091364.5657558,FORWARDED,914e6f42-397c-4a61-b569-3231967182cf,8e554114-25c6-4c05-a9ea-5f3eaceb6d1a,c4,c1,1456,?,i12,
1769091364.724982,RECEIVED,2fe570e9-e173-462b-b019-76e39584d812,edab12a8-4263-4717-94e8-c56ea32c7882,c2,c1,2043,p2,?,
1769091364.760523,RECEIVED,ebdf42d7-c75e-4d6a-8433-af019ee430b2,5e5e1da0-c836-44ec-a39a-2cfa18727b97,c4,c1,2027,p1,?,
1769091364.8256743,RECEIVED,34187eb4-14a1-49a9-aa30-d7a0f143f678,e1aca61b-3ddc-4acb-ad7e-47900f416cd8,c3,c4,2034,p3,?,
1769091364.8621812,SENT,34187eb4-14a1-49a9-aa30-d7a0f143f678,e1aca61b-3ddc-4acb-ad7e-47900f416cd8,c3,c4,1450,?,i12,
1769091364.8627245,FORWARDED,34187eb4-14a1-49a9-aa30-d7a0f143f678,e1aca61b-3ddc-4acb-ad7e-47900f416cd8,c3,c4,1450,?,i12,
1769091364.9969797,RECEIVED,24b8eca0-a94c-4c18-bb22-c70f2ac3943b,98f9f942-6379-425d-b43e-f24e50e513df,c1,DROP,1457,p1,?,
1769091365.0051796,RECEIVED,093bcddf-5713-4fac-bad5-35f92eb1cb10,3dcdf75e-5b7d-46a9-9516-3073c310f4aa,c2,c1,2042,p2,?,
1769091365.0655396,FORWARDED,093bcddf-5713-4fac-bad5-35f92eb1cb10,3dcdf75e-5b7d-46a9-9516-3073c310f4aa,c2,c1,1458,?,i6,
1769091365.0817266,SENT,ebdf42d7-c75e-4d6a-8433-af019ee430b2,5e5e1da0-c836-44ec-a39a-2cfa18727b97,c4,c1,1447,?,i8,
1769091365.0817683,FORWARDED,ebdf42d7-c75e-4d6a-8433-af019ee430b2,5e5e1da0-c836-44ec-a39a-2cfa18727b97,c4,c1,1447,?,i8,
1769091365.102394,SENT,24b8eca0-a94c-4c18-bb22-c70f2ac3943b,98f9f942-6379-425d-b43e-f24e50e513df,c1,DROP,1020,?,i12,
1769091365.1025805,FORWARDED,24b8eca0-a94c-4c18-bb22-c70f2ac3943b,98f9f942-6379-425d-b43e-f24e50e513df,c1,DROP,1020,?,i12,
1769091365.150745,RECEIVED,7b4cbe7b-07f7-497d-8842-b462ec1a1df1,e4e6a97b-8f8a-4f6c-8440-54ff3ae1c0b9,c4,DROP,1440,p1,?,
1769091365.2302523,RECEIVED,ad11faae-0525-4ae8-b01b-c07efa41eb2a,d9f49289-e390-4dd4-ba15-5cdaea993381,c3,c4,2048,p3,?,
1769091365.3182418,FORWARDED,7b4cbe7b-07f7-497d-8842-b462ec1a1df1,e4e6a97b-8f8a-4f6c-8440-54ff3ae1c0b9,c4,DROP,1007,?,i6,
1769091365.377202,SENT,ad11faae-0525-4ae8-b01b-c07efa41eb2a,d9f49289-e390-4dd4-ba15-5cdaea993381,c3,c4,1464,?,i2,
1769091365.3772414,FORWARDED,ad11faae-0525-4ae8-b01b-c07efa41eb2a,d9f49289-e390-4dd4-ba15-5cdaea993381,c3,c4,1464,?,i2,
1769091365.896768,SENT,2fe570e9-e173-462b-b019-76e39584d812,edab12a8-4263-4717-94e8-c56ea32c7882,c2,c1,1460,?,i8,
1769091365.8968096,FORWARDED,2fe570e9-e173-462b-b019-76e39584d812,edab12a8-4263-4717-94e8-c56ea32c7882,c2,c1,1460,?,i8,
1769091366.0419664,RECEIVED,5fda1d57-8bf1-42b3-90fe-7554e039f9a8,be8a5a36-995d-4724-80a5-4095fa152885,c1,c5,2036,p1,?,
1769091366.4679503,RECEIVED,c30bbd44-13ed-4a9f-aba0-1598b0c3ecc3,64b7c5b4-f468-47eb-ba2d-dc34840e28e6,c1,c5,2031,p1,?,
1769091366.8412788,SENT,5fda1d57-8bf1-42b3-90fe-7554e039f9a8,be8a5a36-995d-4724-80a5-4095fa152885,c1,c5,1454,?,i10,
1769091366.841321,FORWARDED,5fda1d57-8bf1-42b3-90fe-7554e039f9a8,be8a5a36-995d-4724-80a5-4095fa152885,c1,c5,1454,?,i10,
1769091366.8563085,RECEIVED,09ef831b-11a2-4cd0-a20a-98c8a2118fe4,efb73f6d-6985-477e-9f4e-b0cae9ed2baf,c1,c5,2040,p1,?,
1769091366.9285164,RECEIVED,00b8eb7a-2380-48a4-93a8-76a4f3e623f4,c67d953a-67b7-4629-9eda-aa70b38fabcb,c5,DROP,1440,p2,?,
1769091367.0364203,FORWARDED,c30bbd44-13ed-4a9f-aba0-1598b0c3ecc3,64b7c5b4-f468-47eb-ba2d-dc34840e28e6,c1,c5,1451,?,i6,
1769091367.0374613,RECEIVED,edd936d0-cb72-4806-b6af-fc277cb755da,66b6e325-1d55-4894-96a9-838a8a324ae6,c2,DROP,1456,p2,?,
1769091367.2561774,RECEIVED,b7ccf31e-52d8-4e57-8516-f28e5a229cf0,88eafc13-bae8-422d-bfb5-6fd6d6459b0c,c5,DROP,442,x4,?,
1769091367.2839608,RECEIVED,96b36681-4f23-4b4f-a260-33a387c11d90,2b435227-ab1e-4a88-90ca-5f7ca9c18ae9,c3,c4,2044,p3,?,
1769091367.4071398,SENT,96b36681-4f23-4b4f-a260-33a387c11d90,2b435227-ab1e-4a88-90ca-5f7ca9c18ae9,c3,c4,1460,?,i4,
1769091367.4071867,FORWARDED,96b36681-4f23-4b4f-a260-33a387c11d90,2b435227-ab1e-4a88-90ca-5f7ca9c18ae9,c3,c4,1460,?,i4,
1769091367.421705,SENT,09ef831b-11a2-4cd0-a20a-98c8a2118fe4,efb73f6d-6985-477e-9f4e-b0cae9ed2baf,c1,c5,1456,?,i10,
1769091367.4217546,FORWARDED,09ef831b-11a2-4cd0-a20a-98c8a2118fe4,efb73f6d-6985-477e-9f4e-b0cae9ed2baf,c1,c5,1456,?,i10,
1769091367.923313,RECEIVED,b16aebaf-a087-44e1-b32d-5166dc18681a,7e0bb39c-13ba-4f87-b639-0b41e15e7631,c2,DROP,1455,p2,?,
1769091367.9314575,SENT,edd936d0-cb72-4806-b6af-fc277cb755da,66b6e325-1d55-4894-96a9-838a8a324ae6,c2,DROP,1019,?,i10,
1769091367.9314997,FORWARDED,edd936d0-cb72-4806-b6af-fc277cb755da,66b6e325-1d55-4894-96a9-838a8a324ae6,c2,DROP,1019,?,i10,
1769091367.9356391,RECEIVED,eca87023-9b2d-456e-bd17-d1d3be7f0c80,09791d3d-05c1-4030-b7a1-9fc796a8d809,c5,c4,2039,p2,?,
1769091367.9768443,RECEIVED,43ba8dd3-0802-4c5d-95b3-ef015dbaa165,94ad851d-f486-4d74-9d41-247a362f1ced,c1,c5,2024,p1,?,
1769091368.0363262,SENT,43ba8dd3-0802-4c5d-95b3-ef015dbaa165,94ad851d-f486-4d74-9d41-247a362f1ced,c1,c5,1444,?,i7,
1769091368.0363672,FORWARDED,43ba8dd3-0802-4c5d-95b3-ef015dbaa165,94ad851d-f486-4d74-9d41-247a362f1ced,c1,c5,1444,?,i7,
1769091368.0689547,RECEIVED,f498bf50-7d05-43e3-a6b1-3dccf704f2ed,aa3ed0d6-0dee-4bd2-a89e-3ad95e0dbe83,c5,c4,2039,p2,?,
1769091368.4700155,SENT,00b8eb7a-2380-48a4-93a8-76a4f3e623f4,c67d953a-67b7-4629-9eda-aa70b38fabcb,c5,DROP,1008,?,i10,
1769091368.4700713,FORWARDED,00b8eb7a-2380-48a4-93a8-76a4f3e623f4,c67d953a-67b7-4629-9eda-aa70b38fabcb,c5,DROP,1008,?,i10,
1769091368.6122797,RECEIVED,ed66987a-4427-410c-bf96-501b4ab053fd,4e61a3e5-945c-4071-a0d1-5e3b969be930,c4,DROP,1443,p1,?,
1769091368.6615024,SENT,f498bf50-7d05-43e3-a6b1-3dccf704f2ed,aa3ed0d6-0dee-4bd2-a89e-3ad95e0dbe83,c5,c4,1457,?,i3,
1769091368.6615436,FORWARDED,f498bf50-7d05-43e3-a6b1-3dccf704f2ed,aa3ed0d6-0dee-4bd2-a89e-3ad95e0dbe83,c5,c4,1457,?,i3,
1769091368.9033792,RECEIVED,1caf3db7-c4db-4a68-87b6-7a8309a464b0,ff68dcaa-5c27-4f69-abe7-2bf69065abcb,c2,c1,2039,p2,?,
1769091369.0546231,RECEIVED,e394ec77-4c05-48f0-9353-a80e85670e7c,e7460e73-4801-4aec-8e46-98b4f38a8759,c4,DROP,1439,p1,?,
1769091369.1703312,SENT,b16aebaf-a087-44e1-b32d-5166dc18681a,7e0bb39c-13ba-4f87-b639-0b41e15e7631,c2,DROP,1019,?,i2,
1769091369.1703722,FORWARDED,b16aebaf-a087-44e1-b32d-5166dc18681a,7e0bb39c-13ba-4f87-b639-0b41e15e7631,c2,DROP,1019,?,i2,
1769091369.3110955,RECEIVED,88a82e13-3d57-4958-98af-6cc65f303121,bbc1521f-53ce-4440-8d97-1f7a3b5c0f08,c1,DROP,1439,p1,?,
1769091369.3816392,SENT,ed66987a-4427-410c-bf96-501b4ab053fd,4e61a3e5-945c-4071-a0d1-5e3b969be930,c4,DROP,1011,?,i5,
1769091369.3816855,FORWARDED,ed66987a-4427-410c-bf96-501b4ab053fd,4e61a3e5-945c-4071-a0d1-5e3b969be930,c4,DROP,1011,?,i5,
1769091369.4427447,RECEIVED,8439c42e-8812-4bda-b878-a5fc100beaa9,09eb706d-b6c2-4ce9-a975-585a7f5c406d,c3,c4,2039,p3,?,
1769091369.44533,SENT,eca87023-9b2d-456e-bd17-d1d3be7f0c80,09791d3d-05c1-4030-b7a1-9fc796a8d809,c5,c4,1456,?,i2,
1769091369.4454582,FORWARDED,eca87023-9b2d-456e-bd17-d1d3be7f0c80,09791d3d-05c1-4030-b7a1-9fc796a8d809,c5,c4,1456,?,i2,
1769091369.466761,RECEIVED,2f61082f-0f99-4eaa-86e4-f91123747849,f67f00e9-0732-4a3e-8b94-1325585bc765,c4,c1,2039,p1,?,
1769091369.6023114,SENT,88a82e13-3d57-4958-98af-6cc65f303121,bbc1521f-53ce-4440-8d97-1f7a3b5c0f08,c1,DROP,1007,?,i9,
1769091369.60236,FORWARDED,88a82e13-3d57-4958-98af-6cc65f303121,bbc1521f-53ce-4440-8d97-1f7a3b5c0f08,c1,DROP,1007,?,i9,
1769091369.657612,SENT,1caf3db7-c4db-4a68-87b6-7a8309a464b0,ff68dcaa-5c27-4f69-abe7-2bf69065abcb,c2,c1,1456,?,i1,
1769091369.6576629,FORWARDED,1caf3db7-c4db-4a68-87b6-7a8309a464b0,ff68dcaa-5c27-4f69-abe7-2bf69065abcb,c2,c1,1456,?,i1,
1769091369.7153938,SENT,8439c42e-8812-4bda-b878-a5fc100beaa9,09eb706d-b6c2-4ce9-a975-585a7f5c406d,c3,c4,1456,?,i5,
1769091369.7154355,FORWARDED,8439c42e-8812-4bda-b878-a5fc100beaa9,09eb706d-b6c2-4ce9-a975-585a7f5c406d,c3,c4,1456,?,i5,
1769091369.869673,SENT,2f61082f-0f99-4eaa-86e4-f91123747849,f67f00e9-0732-4a3e-8b94-1325585bc765,c4,c1,1456,?,i4,
1769091369.8699443,FORWARDED,2f61082f-0f99-4eaa-86e4-f91123747849,f67f00e9-0732-4a3e-8b94-1325585bc765,c4,c1,1456,?,i4,
1769091369.9943104,RECEIVED,ffd6c47c-b08b-4022-a7c1-851dac2ff819,e4ef72e2-738b-4563-98e3-9cdd927d2a72,c2,c1,2040,p2,?,
1769091370.0758398,SENT,e394ec77-4c05-48f0-9353-a80e85670e7c,e7460e73-4801-4aec-8e46-98b4f38a8759,c4,DROP,1007,?,i2,
1769091370.0758786,FORWARDED,e394ec77-4c05-48f0-9353-a80e85670e7c,e7460e73-4801-4aec-8e46-98b4f38a8759,c4,DROP,1007,?,i2,
1769091370.0759766,RECEIVED,66fad25e-c071-4a84-b1c8-1e4297170899,169fb7cd-00c9-41ec-bc01-f9225e180167,c1,c5,2049,p1,?,
1769091370.1214178,RECEIVED,569f1535-e6c9-4f9c-a6c2-59bf8a3ac678,a33a76c6-a026-4b4c-abcc-e24adf143cc4,c4,c1,2023,p1,?,
1769091370.1559508,RECEIVED,582a5d0a-711f-4f72-a876-f5da3e9b898f,923cbbe7-2d4f-4960-b6f3-21e259e9616e,c1,DROP,1440,p1,?,
1769091370.1930683,SENT,66fad25e-c071-4a84-b1c8-1e4297170899,169fb7cd-00c9-41ec-bc01-f9225e180167,c1,c5,1464,?,i11,
1769091370.1931086,FORWARDED,66fad25e-c071-4a84-b1c8-1e4297170899,169fb7cd-00c9-41ec-bc01-f9225e180167,c1,c5,1464,?,i11,
1769091370.3844419,RECEIVED,d73745c3-2a7d-47a9-b6b9-65512fee19b1,5befda47-0c15-4e55-9a21-47e2aa333680,c3,DROP,441,x4,?,
1769091370.4242196,RECEIVED,b23ceb82-c8d5-4373-b40b-d255a7886725,b254d20f-ba1f-4be7-a0b3-d385f273eb3d,c1,DROP,1455,p1,?,
1769091370.486082,SENT,582a5d0a-711f-4f72-a876-f5da3e9b898f,923cbbe7-2d4f-4960-b6f3-21e259e9616e,c1,DROP,1008,?,i8,
1769091370.486129,FORWARDED,582a5d0a-711f-4f72-a876-f5da3e9b898f,923cbbe7-2d4f-4960-b6f3-21e259e9616e,c1,DROP,1008,?,i8,
1769091370.5392346,SENT,569f1535-e6c9-4f9c-a6c2-59bf8a3ac678,a33a76c6-a026-4b4c-abcc-e24adf143cc4,c4,c1,1445,?,i8,
1769091370.539278,FORWARDED,569f1535-e6c9-4f9c-a6c2-59bf8a3ac678,a33a76c6-a026-4b4c-abcc-e24adf143cc4,c4,c1,1445,?,i8,
1769091370.7167974,RECEIVED,709f630e-3d4c-4672-89a2-21e909c77e6f,d0efdebe-47ff-4f09-9ce9-50bb06f236ea,c3,c4,2051,p3,?,
1769091370.7979815,SENT,b23ceb82-c8d5-4373-b40b-d255a7886725,b254d20f-ba1f-4be7-a0b3-d385f273eb3d,c1,DROP,1019,?,i3,
1769091370.7980173,FORWARDED,b23ceb82-c8d5-4373-b40b-d255a7886725,b254d20f-ba1f-4be7-a0b3-d385f273eb3d,c1,DROP,1019,?,i3,
1769091370.9924452,RECEIVED,150549dd-bc3d-4714-9f7b-ba612886dd18,d7f9a2fa-ff41-408f-b88b-774be31e1438,c3,c4,2043,p3,?,
1769091371.0672405,RECEIVED,2bbdf8f1-b7da-432a-acfd-11c0fbbb5c28,0400efba-ef67-4e81-8858-7e658ee37abd,c1,DROP,1440,p1,?,
1769091371.2536795,RECEIVED,554e6d22-c64b-483c-bb5a-49d09ad3ddef,7a807264-dd28-4fa0-b039-8df674c4e95e,c1,c5,2039,p1,?,
1769091371.2684321,SENT,2bbdf8f1-b7da-432a-acfd-11c0fbbb5c28,0400efba-ef67-4e81-8858-7e658ee37abd,c1,DROP,1006,?,i4,
1769091371.2684724,FORWARDED,2bbdf8f1-b7da-432a-acfd-11c0fbbb5c28,0400efba-ef67-4e81-8858-7e658ee37abd,c1,DROP,1006,?,i4,
1769091371.4057217,SENT,ffd6c47c-b08b-4022-a7c1-851dac2ff819,e4ef72e2-738b-4563-98e3-9cdd927d2a72,c2,c1,1456,?,i12,
1769091371.4057648,FORWARDED,ffd6c47c-b08b-4022-a7c1-851dac2ff819,e4ef72e2-738b-4563-98e3-9cdd927d2a72,c2,c1,1456,?,i12,
1769091371.5171661,SENT,709f630e-3d4c-4672-89a2-21e909c77e6f,d0efdebe-47ff-4f09-9ce9-50bb06f236ea,c3,c4,1467,?,i8,
1769091371.517208,FORWARDED,709f630e-3d4c-4672-89a2-21e909c77e6f,d0efdebe-47ff-4f09-9ce9-50bb06f236ea,c3,c4,1467,?,i8,
1769091371.6423492,FORWARDED,150549dd-bc3d-4714-9f7b-ba612886dd18,d7f9a2fa-ff41-408f-b88b-774be31e1438,c3,c4,1459,?,i6,
1769091371.6743515,RECEIVED,e198bd95-aa54-4038-8ead-71bb5e60f2ed,c73b00dc-eace-44be-bdee-ecbbca512b10,c5,DROP,441,x10,?,
1769091371.91829,SENT,554e6d22-c64b-483c-bb5a-49d09ad3ddef,7a807264-dd28-4fa0-b039-8df674c4e95e,c1,c5,1456,?,i4,
1769091371.9183342,FORWARDED,554e6d22-c64b-483c-bb5a-49d09ad3ddef,7a807264-dd28-4fa0-b039-8df674c4e95e,c1,c5,1456,?,i4,
1769091372.0033925,RECEIVED,a214efad-d2b7-4896-a707-da9b6d550396,f39b8cc4-5bf4-449c-af17-ba4ae1c8a292,c5,c4,2023,p2,?,
1769091372.041413,RECEIVED,b44a44a9-ae88-4a5b-b6c2-a8d5788d358c,ecb25eb0-56f4-422c-9ad1-7fea135b1f02,c3,c4,2044,p3,?,
1769091372.2003121,RECEIVED,f476a2c9-d27d-401e-ab54-ca8010fb2f44,0109f573-47a5-4dac-a0c5-b8ef13fd5eac,c2,c1,2039,p2,?,
1769091372.203371,SENT,b44a44a9-ae88-4a5b-b6c2-a8d5788d358c,ecb25eb0-56f4-422c-9ad1-7fea135b1f02,c3,c4,1460,?,i12,
1769091372.203417,FORWARDED,b44a44a9-ae88-4a5b-b6c2-a8d5788d358c,ecb25eb0-56f4-422c-9ad1-7fea135b1f02,c3,c4,1460,?,i12,
1769091372.3834953,SENT,a214efad-d2b7-4896-a707-da9b6d550396,f39b8cc4-5bf4-449c-af17-ba4ae1c8a292,c5,c4,1444,?,i8,
1769091372.3835576,FORWARDED,a214efad-d2b7-4896-a707-da9b6d550396,f39b8cc4-5bf4-449c-af17-ba4ae1c8a292,c5,c4,1444,?,i8,
1769091372.4202113,RECEIVED,e155ac6d-de9f-4b12-99f0-8bb5ecabafe8,60668f51-afb9-46b8-8b3b-24511d239fe9,c4,c1,2015,p1,?,
1769091372.4904997,SENT,f476a2c9-d27d-401e-ab54-ca8010fb2f44,0109f573-47a5-4dac-a0c5-b8ef13fd5eac,c2,c1,1458,?,i7,
1769091372.4905412,FORWARDED,f476a2c9-d27d-401e-ab54-ca8010fb2f44,0109f573-47a5-4dac-a0c5-b8ef13fd5eac,c2,c1,1458,?,i7,
1769091372.505708,RECEIVED,f96fd698-81dc-4ff7-9533-cfd6fe9e27f8,293db172-1520-495d-af8d-6fa55d74751a,c1,c5,2040,p1,?,
1769091372.80322,RECEIVED,12c5741e-9f6e-4f41-a270-70a08b3c09fb,a93d0485-f417-483c-ae44-f8eb0de97e03,c5,c4,2031,p2,?,
1769091372.9618597,SENT,f96fd698-81dc-4ff7-9533-cfd6fe9e27f8,293db172-1520-495d-af8d-6fa55d74751a,c1,c5,1456,?,i3,
1769091372.9618988,FORWARDED,f96fd698-81dc-4ff7-9533-cfd6fe9e27f8,293db172-1520-495d-af8d-6fa55d74751a,c1,c5,1456,?,i3,
1769091372.9759703,SENT,e155ac6d-de9f-4b12-99f0-8bb5ecabafe8,60668f51-afb9-46b8-8b3b-24511d239fe9,c4,c1,1439,?,i9,
1769091372.9760084,FORWARDED,e155ac6d-de9f-4b12-99f0-8bb5ecabafe8,60668f51-afb9-46b8-8b3b-24511d239fe9,c4,c1,1439,?,i9,
1769091373.1072795,RECEIVED,3ca2d4c3-0791-4d34-8272-c5e7b90bc71a,f91e0db7-a996-46b2-be45-4afc24279a0e,c5,c4,2043,p2,?,
1769091373.15603,RECEIVED,872dbc4c-551a-453e-bcea-290d21ba1155,ff1a89af-4558-4da9-9e34-cacf7ba9af5e,c4,c1,2042,p1,?,
1769091373.3553917,RECEIVED,429e8f04-5eb8-4001-8242-51d2ea29c29c,9382a0c0-4757-4d47-aa7e-e32c9d1ac130,c3,c4,2035,p3,?,
1769091373.3840766,RECEIVED,5655071a-034c-452a-a8d9-5a5010eaa4d1,995beb8d-2235-4d4c-be5d-e2e98e7fa055,c4,c1,2032,p1,?,
1769091373.4549072,RECEIVED,bf7e4cb5-061e-4e8f-b899-69eeb5d047e5,6f0564b3-2996-48b3-a876-bbbcbcba23bd,c1,c5,2045,p1,?,
1769091373.4683805,RECEIVED,f36b8540-da8f-48d1-8399-82ee36b2d856,90f53210-05c2-4c9d-b20b-a6a846a45c83,c5,c4,2034,p2,?,
1769091373.4984276,RECEIVED,326c95e1-7161-48bc-880e-8057397772ff,94f2d566-3c89-4fc8-84d1-3e676f0f6449,c2,c1,2040,p2,?,
1769091373.5641267,RECEIVED,105321ab-b101-4c91-87fd-3a08384118a5,fcc4df9b-e17a-4702-b4ea-e4858b2885f1,c4,c1,2043,p1,?,
1769091373.6460834,SENT,12c5741e-9f6e-4f41-a270-70a08b3c09fb,a93d0485-f417-483c-ae44-f8eb0de97e03,c5,c4,1452,?,i8,
1769091373.6461244,FORWARDED,12c5741e-9f6e-4f41-a270-70a08b3c09fb,a93d0485-f417-483c-ae44-f8eb0de97e03,c5,c4,1452,?,i8,
1769091373.6670196,RECEIVED,cda2446b-533a-428f-bbdf-c5876ee1a43d,a5a59e8a-c888-43e1-aaed-1489fea71919,c4,c1,2021,p1,?,
1769091373.7041814,SENT,cda2446b-533a-428f-bbdf-c5876ee1a43d,a5a59e8a-c888-43e1-aaed-1489fea71919,c4,c1,1443,?,i1,
1769091373.7047613,FORWARDED,cda2446b-533a-428f-bbdf-c5876ee1a43d,a5a59e8a-c888-43e1-aaed-1489fea71919,c4,c1,1443,?,i1,
1769091373.709549,SENT,bf7e4cb5-061e-4e8f-b899-69eeb5d047e5,6f0564b3-2996-48b3-a876-bbbcbcba23bd,c1,c5,1459,?,i11,
1769091373.7095976,FORWARDED,bf7e4cb5-061e-4e8f-b899-69eeb5d047e5,6f0564b3-2996-48b3-a876-bbbcbcba23bd,c1,c5,1459,?,i11,
1769091373.738311,RECEIVED,28fd93fa-0817-40b5-8c47-9deea88fd378,aace66be-de8d-4a19-b325-6f7c0aa05165,c2,c1,2043,p2,?,
1769091373.8517141,SENT,326c95e1-7161-48bc-880e-8057397772ff,94f2d566-3c89-4fc8-84d1-3e676f0f6449,c2,c1,1456,?,i9,
1769091373.8517563,FORWARDED,326c95e1-7161-48bc-880e-8057397772ff,94f2d566-3c89-4fc8-84d1-3e676f0f6449,c2,c1,1456,?,i9,
1769091373.8732724,RECEIVED,7bc68452-5863-4bc8-bb4f-d345f817b212,6444b8d5-70ba-40ac-8396-d32b94321b1f,c4,c1,2040,p1,?,
1769091373.9612882,RECEIVED,819fea11-1f9c-4916-a5ba-88c4b3287e66,91fc10bc-53d3-4f61-9d8c-a66edd0cd98e,c2,c1,2019,p2,?,
1769091374.0007935,SENT,7bc68452-5863-4bc8-bb4f-d345f817b212,6444b8d5-70ba-40ac-8396-d32b94321b1f,c4,c1,1456,?,i3,
1769091374.000836,FORWARDED,7bc68452-5863-4bc8-bb4f-d345f817b212,6444b8d5-70ba-40ac-8396-d32b94321b1f,c4,c1,1456,?,i3,
1769091374.0292504,RECEIVED,452ed9fb-9a59-401e-83d9-8b5aa6dfb847,5e40cec0-b302-4ac4-a73d-6e13382a323b,c2,c1,2028,p2,?,
1769091374.0989811,SENT,3ca2d4c3-0791-4d34-8272-c5e7b90bc71a,f91e0db7-a996-46b2-be45-4afc24279a0e,c5,c4,1459,?,i8,
1769091374.0990205,FORWARDED,3ca2d4c3-0791-4d34-8272-c5e7b90bc71a,f91e0db7-a996-46b2-be45-4afc24279a0e,c5,c4,1459,?,i8,
1769091374.2393808,RECEIVED,c948a589-713d-4d6d-915f-deacd330c2fb,34dc7956-1538-4aec-88b9-df0e7a897dc3,c3,DROP,442,x9,?,
1769091374.2624114,SENT,872dbc4c-551a-453e-bcea-290d21ba1155,ff1a89af-4558-4da9-9e34-cacf7ba9af5e,c4,c1,1461,?,i2,
1769091374.2624543,FORWARDED,872dbc4c-551a-453e-bcea-290d21ba1155,ff1a89af-4558-4da9-9e34-cacf7ba9af5e,c4,c1,1461,?,i2,
1769091374.39408,RECEIVED,cebe4dc5-beab-4f03-aa1a-49d2ecc7a320,d6a5fb95-dc14-4cbf-91c7-1ea14a203854,c5,c4,2045,p2,?,
1769091374.50679,RECEIVED,062b60a4-1f38-4614-a2b8-2a6ee4a2bb97,7a601455-fb21-4112-8706-d7f8224eca41,c2,c1,2040,p2,?,
1769091374.5681818,SENT,062b60a4-1f38-4614-a2b8-2a6ee4a2bb97,7a601455-fb21-4112-8706-d7f8224eca41,c2,c1,1457,?,i8,
1769091374.5682254,FORWARDED,062b60a4-1f38-4614-a2b8-2a6ee4a2bb97,7a601455-fb21-4112-8706-d7f8224eca41,c2,c1,1457,?,i8,
1769091374.6273823,SENT,cebe4dc5-beab-4f03-aa1a-49d2ecc7a320,d6a5fb95-dc14-4cbf-91c7-1ea14a203854,c5,c4,1461,?,i12,
1769091374.6274254,FORWARDED,cebe4dc5-beab-4f03-aa1a-49d2ecc7a320,d6a5fb95-dc14-4cbf-91c7-1ea14a203854,c5,c4,1461,?,i12,
1769091374.6472857,SENT,429e8f04-5eb8-4001-8242-51d2ea29c29c,9382a0c0-4757-4d47-aa7e-e32c9d1ac130,c3,c4,1455,?,i2,
1769091374.6473525,FORWARDED,429e8f04-5eb8-4001-8242-51d2ea29c29c,9382a0c0-4757-4d47-aa7e-e32c9d1ac130,c3,c4,1455,?,i2,
1769091374.653286,RECEIVED,06cb8722-dacd-47e0-9f8a-82bcf592900a,0e1ab128-6526-4b16-bb07-60bddc2c062c,c5,DROP,1455,p2,?,
1769091374.7665527,SENT,28fd93fa-0817-40b5-8c47-9deea88fd378,aace66be-de8d-4a19-b325-6f7c0aa05165,c2,c1,1460,?,i2,
1769091374.7665956,FORWARDED,28fd93fa-0817-40b5-8c47-9deea88fd378,aace66be-de8d-4a19-b325-6f7c0aa05165,c2,c1,1460,?,i2,
1769091374.8174474,SENT,105321ab-b101-4c91-87fd-3a08384118a5,fcc4df9b-e17a-4702-b4ea-e4858b2885f1,c4,c1,1459,?,i4,
1769091374.8175058,FORWARDED,105321ab-b101-4c91-87fd-3a08384118a5,fcc4df9b-e17a-4702-b4ea-e4858b2885f1,c4,c1,1459,?,i4,
1769091374.8492284,RECEIVED,e4ab06d4-b318-4209-ac85-4be6ec4276fe,93503c72-d06b-472c-b5e8-cebb7d3b060d,c5,DROP,441,x2,?,
1769091374.8603208,RECEIVED,8fbc890e-b992-4227-9a61-9876b41c6f3d,1d5c5da9-cea4-49c3-b596-195120e839c8,c5,c4,2035,p2,?,
1769091374.8607874,FORWARDED,819fea11-1f9c-4916-a5ba-88c4b3287e66,91fc10bc-53d3-4f61-9d8c-a66edd0cd98e,c2,c1,1443,?,i6,
1769091374.9004214,RECEIVED,2b475902-0025-4744-8e33-0a2059d1a9d9,bf1aa4aa-9207-4050-88d6-f3c875d6d95a,c4,c1,2015,p1,?,
1769091374.908398,SENT,f36b8540-da8f-48d1-8399-82ee36b2d856,90f53210-05c2-4c9d-b20b-a6a846a45c83,c5,c4,1454,?,i5,
1769091374.908447,FORWARDED,f36b8540-da8f-48d1-8399-82ee36b2d856,90f53210-05c2-4c9d-b20b-a6a846a45c83,c5,c4,1454,?,i5,
1769091375.1183283,RECEIVED,62c393c2-efb0-4d38-a6d7-b0c3963ab7ef,4c210cba-66a6-4220-8e18-b983d001cd1e,c1,c5,2036,p1,?,
1769091375.2429104,SENT,2b475902-0025-4744-8e33-0a2059d1a9d9,bf1aa4aa-9207-4050-88d6-f3c875d6d95a,c4,c1,1439,?,i2,
1769091375.2429516,FORWARDED,2b475902-0025-4744-8e33-0a2059d1a9d9,bf1aa4aa-9207-4050-88d6-f3c875d6d95a,c4,c1,1439,?,i2,
1769091375.2540724,RECEIVED,fa138367-8191-432b-a8e5-02560ad11c48,efd57db3-8a36-4aeb-baed-6bcc55895cb0,c4,c1,2027,p1,?,
1769091375.270193,SENT,8fbc890e-b992-4227-9a61-9876b41c6f3d,1d5c5da9-cea4-49c3-b596-195120e839c8,c5,c4,1453,?,i2,
1769091375.2702336,FORWARDED,8fbc890e-b992-4227-9a61-9876b41c6f3d,1d5c5da9-cea4-49c3-b596-195120e839c8,c5,c4,1453,?,i2,
1769091375.2826078,RECEIVED,5b80ef81-1074-4251-acf4-05b47a0cab31,b85fa95f-10b6-4218-9bbe-5e3cfc55897b,c2,c1,2056,p2,?,
1769091375.2889998,RECEIVED,8ae3dfa7-a4c2-4e0d-8f1d-75e67ec8362a,927b9a04-e8d4-4e9f-8c56-ddbb40895566,c2,DROP,1447,p2,?,
1769091375.376798,SENT,452ed9fb-9a59-401e-83d9-8b5aa6dfb847,5e40cec0-b302-4ac4-a73d-6e13382a323b,c2,c1,1447,?,i10,
1769091375.3768344,FORWARDED,452ed9fb-9a59-401e-83d9-8b5aa6dfb847,5e40cec0-b302-4ac4-a73d-6e13382a323b,c2,c1,1447,?,i10,
1769091375.439598,FORWARDED,8ae3dfa7-a4c2-4e0d-8f1d-75e67ec8362a,927b9a04-e8d4-4e9f-8c56-ddbb40895566,c2,DROP,1012,?,i6,
1769091375.5385282,SENT,5655071a-034c-452a-a8d9-5a5010eaa4d1,995beb8d-2235-4d4c-be5d-e2e98e7fa055,c4,c1,1452,?,i10,
1769091375.5385687,FORWARDED,5655071a-034c-452a-a8d9-5a5010eaa4d1,995beb8d-2235-4d4c-be5d-e2e98e7fa055,c4,c1,1452,?,i10,
1769091375.5460656,SENT,06cb8722-dacd-47e0-9f8a-82bcf592900a,0e1ab128-6526-4b16-bb07-60bddc2c062c,c5,DROP,1019,?,i7,
1769091375.5461087,FORWARDED,06cb8722-dacd-47e0-9f8a-82bcf592900a,0e1ab128-6526-4b16-bb07-60bddc2c062c,c5,DROP,1019,?,i7,
1769091375.6033118,SENT,62c393c2-efb0-4d38-a6d7-b0c3963ab7ef,4c210cba-66a6-4220-8e18-b983d001cd1e,c1,c5,1455,?,i10,
1769091375.6033542,FORWARDED,62c393c2-efb0-4d38-a6d7-b0c3963ab7ef,4c210cba-66a6-4220-8e18-b983d001cd1e,c1,c5,1455,?,i10,
1769091375.719225,SENT,fa138367-8191-432b-a8e5-02560ad11c48,efd57db3-8a36-4aeb-baed-6bcc55895cb0,c4,c1,1448,?,i8,
1769091375.7192707,FORWARDED,fa138367-8191-432b-a8e5-02560ad11c48,efd57db3-8a36-4aeb-baed-6bcc55895cb0,c4,c1,1448,?,i8,
1769091375.7264802,SENT,5b80ef81-1074-4251-acf4-05b47a0cab31,b85fa95f-10b6-4218-9bbe-5e3cfc55897b,c2,c1,1468,?,i2,
1769091375.726523,FORWARDED,5b80ef81-1074-4251-acf4-05b47a0cab31,b85fa95f-10b6-4218-9bbe-5e3cfc55897b,c2,c1,1468,?,i2,
1769091375.8531103,RECEIVED,1120ada8-9ea6-46df-9bab-d54b4b2c0d7d,102dd27b-2013-479c-90a6-e9b2616a5b97,c3,c4,2024,p3,?,
1769091375.9354806,RECEIVED,1538cb81-086b-41b9-951c-ac1fe21e11b8,c1f7ce23-439f-425c-bffe-099eeb4e19bc,c2,c1,2034,p2,?,
1769091375.9918737,RECEIVED,e54b0334-6373-44bb-87a5-03c1cb8f357f,bde89a9e-e30f-48ec-8d44-30ce5d3aecc5,c4,c1,2041,p1,?,
1769091376.0065572,RECEIVED,7a55cc11-2a2b-4096-b2c1-acbd1ec5ca3c,0c5101c6-b6f1-40b6-97d1-b7570ce75001,c1,c5,2043,p1,?,
1769091376.1386802,SENT,1120ada8-9ea6-46df-9bab-d54b4b2c0d7d,102dd27b-2013-479c-90a6-e9b2616a5b97,c3,c4,1446,?,i5,
1769091376.1387196,FORWARDED,1120ada8-9ea6-46df-9bab-d54b4b2c0d7d,102dd27b-2013-479c-90a6-e9b2616a5b97,c3,c4,1446,?,i5,
1769091376.2769136,SENT,e54b0334-6373-44bb-87a5-03c1cb8f357f,bde89a9e-e30f-48ec-8d44-30ce5d3aecc5,c4,c1,1457,?,i11,
1769091376.2769551,FORWARDED,e54b0334-6373-44bb-87a5-03c1cb8f357f,bde89a9e-e30f-48ec-8d44-30ce5d3aecc5,c4,c1,1457,?,i11,
1769091376.31975,SENT,7a55cc11-2a2b-4096-b2c1-acbd1ec5ca3c,0c5101c6-b6f1-40b6-97d1-b7570ce75001,c1,c5,1459,?,i1,
1769091376.3197906,FORWARDED,7a55cc11-2a2b-4096-b2c1-acbd1ec5ca3c,0c5101c6-b6f1-40b6-97d1-b7570ce75001,c1,c5,1459,?,i1,
1769091376.327028,RECEIVED,980b1eef-15dd-4851-a2df-5c7a38c680fd,50ffb9af-bbbd-4132-b77a-fd5c9b44a238,c1,c5,2029,p1,?,
1769091376.412523,RECEIVED,b63951ba-f901-445c-a3ae-2bd8d5f3310c,8c713dba-16d5-4205-bd71-d260ee9833b7,c4,DROP,442,x8,?,
1769091376.543635,RECEIVED,0445298a-ad1f-4251-abc4-f734b9f746e5,b5c629d0-4c00-4f52-8a25-cf86f51d1a9c,c2,c1,2027,p2,?,
1769091376.5677612,RECEIVED,f80ccf1d-3074-4dde-a632-e87fce61dcd8,3deddaca-df30-44a1-8c7a-b35e454ccab6,c2,c1,2019,p2,?,
1769091376.6121452,SENT,1538cb81-086b-41b9-951c-ac1fe21e11b8,c1f7ce23-439f-425c-bffe-099eeb4e19bc,c2,c1,1455,?,i7,
1769091376.6122105,FORWARDED,1538cb81-086b-41b9-951c-ac1fe21e11b8,c1f7ce23-439f-425c-bffe-099eeb4e19bc,c2,c1,1455,?,i7,
1769091376.7536526,SENT,980b1eef-15dd-4851-a2df-5c7a38c680fd,50ffb9af-bbbd-4132-b77a-fd5c9b44a238,c1,c5,1447,?,i11,
1769091376.7536926,FORWARDED,980b1eef-15dd-4851-a2df-5c7a38c680fd,50ffb9af-bbbd-4132-b77a-fd5c9b44a238,c1,c5,1447,?,i11,
1769091376.9732556,RECEIVED,a18bdf8c-e896-4c6d-8baa-1e51842d9a3a,e717aac0-34c6-4aa3-83f0-330bb81bb50b,c1,DROP,1446,p1,?,
1769091377.0550148,SENT,a18bdf8c-e896-4c6d-8baa-1e51842d9a3a,e717aac0-34c6-4aa3-83f0-330bb81bb50b,c1,DROP,1010,?,i12,
1769091377.0550673,FORWARDED,a18bdf8c-e896-4c6d-8baa-1e51842d9a3a,e717aac0-34c6-4aa3-83f0-330bb81bb50b,c1,DROP,1010,?,i12,
1769091377.0652623,SENT,0445298a-ad1f-4251-abc4-f734b9f746e5,b5c629d0-4c00-4f52-8a25-cf86f51d1a9c,c2,c1,1448,?,i5,
1769091377.0653071,FORWARDED,0445298a-ad1f-4251-abc4-f734b9f746e5,b5c629d0-4c00-4f52-8a25-cf86f51d1a9c,c2,c1,1448,?,i5,
1769091377.1151068,RECEIVED,012bfd98-af07-41fe-aa8e-75841cda5691,493608f0-982b-4959-b201-1f65319618cc,c5,c4,2044,p2,?,
1769091377.1358898,RECEIVED,e1105fb6-dd2d-4ce3-ba51-5c8526a25ab2,31440871-865e-468b-940a-dd99add1e08c,c2,DROP,1451,p2,?,
1769091377.1898189,RECEIVED,67f94fe5-c327-4565-9a58-778f26c835a1,3fa9d4d6-b1b4-4358-839b-751e14c6fbe6,c1,DROP,1453,p1,?,
1769091377.2672727,SENT,67f94fe5-c327-4565-9a58-778f26c835a1,3fa9d4d6-b1b4-4358-839b-751e14c6fbe6,c1,DROP,1015,?,i9,
1769091377.2673144,FORWARDED,67f94fe5-c327-4565-9a58-778f26c835a1,3fa9d4d6-b1b4-4358-839b-751e14c6fbe6,c1,DROP,1015,?,i9,
1769091377.2885242,RECEIVED,07fd92e5-8851-44b4-bdf2-8212f393ce3e,7a6befb9-59c5-4b3c-8567-d241545cdabf,c2,DROP,1459,p2,?,
1769091377.395818,SENT,f80ccf1d-3074-4dde-a632-e87fce61dcd8,3deddaca-df30-44a1-8c7a-b35e454ccab6,c2,c1,1443,?,i8,
1769091377.395868,FORWARDED,f80ccf1d-3074-4dde-a632-e87fce61dcd8,3deddaca-df30-44a1-8c7a-b35e454ccab6,c2,c1,1443,?,i8,
1769091377.5735595,RECEIVED,3546ab35-6bda-4f1e-bffd-fd960d2362fa,d182a0fa-cbf6-4cff-83d1-fcf65f280dc5,c3,c4,2041,p3,?,
1769091377.6042998,SENT,3546ab35-6bda-4f1e-bffd-fd960d2362fa,d182a0fa-cbf6-4cff-83d1-fcf65f280dc5,c3,c4,1456,?,i9,
1769091377.6043377,FORWARDED,3546ab35-6bda-4f1e-bffd-fd960d2362fa,d182a0fa-cbf6-4cff-83d1-fcf65f280dc5,c3,c4,1456,?,i9,
1769091377.7932868,RECEIVED,499f3ef0-05c9-4d91-b671-1d1a7d70343b,34a802d3-20c8-441e-8b0b-ebc24a7ec74b,c3,c4,2036,p3,?,
1769091377.9818,RECEIVED,4efe95d9-c6b7-43e6-b4b1-646972d28e4d,ccea59d8-968f-4e34-95c9-3c9468b9df3b,c4,c1,2036,p1,?,
1769091378.0818214,SENT,012bfd98-af07-41fe-aa8e-75841cda5691,493608f0-982b-4959-b201-1f65319618cc,c5,c4,1459,?,i12,
1769091378.081864,FORWARDED,012bfd98-af07-41fe-aa8e-75841cda5691,493608f0-982b-4959-b201-1f65319618cc,c5,c4,1459,?,i12,
1769091378.1035957,SENT,e1105fb6-dd2d-4ce3-ba51-5c8526a25ab2,31440871-865e-468b-940a-dd99add1e08c,c2,DROP,1015,?,i1,
1769091378.1036305,FORWARDED,e1105fb6-dd2d-4ce3-ba51-5c8526a25ab2,31440871-865e-468b-940a-dd99add1e08c,c2,DROP,1015,?,i1,
1769091378.1398861,RECEIVED,b9bbffcc-540c-42ac-b9be-29fd7f7902f9,93978533-f99a-4e9c-a149-40048ae08b66,c3,c4,2040,p3,?,
1769091378.2462218,FORWARDED,07fd92e5-8851-44b4-bdf2-8212f393ce3e,7a6befb9-59c5-4b3c-8567-d241545cdabf,c2,DROP,1021,?,i6,
1769091378.2609093,SENT,499f3ef0-05c9-4d91-b671-1d1a7d70343b,34a802d3-20c8-441e-8b0b-ebc24a7ec74b,c3,c4,1455,?,i2,
1769091378.2609515,FORWARDED,499f3ef0-05c9-4d91-b671-1d1a7d70343b,34a802d3-20c8-441e-8b0b-ebc24a7ec74b,c3,c4,1455,?,i2,
1769091378.5594544,SENT,4efe95d9-c6b7-43e6-b4b1-646972d28e4d,ccea59d8-968f-4e34-95c9-3c9468b9df3b,c4,c1,1455,?,i11,
1769091378.5594978,FORWARDED,4efe95d9-c6b7-43e6-b4b1-646972d28e4d,ccea59d8-968f-4e34-95c9-3c9468b9df3b,c4,c1,1455,?,i11,
1769091378.6378047,SENT,b9bbffcc-540c-42ac-b9be-29fd7f7902f9,93978533-f99a-4e9c-a149-40048ae08b66,c3,c4,1457,?,i9,
1769091378.637841,FORWARDED,b9bbffcc-540c-42ac-b9be-29fd7f7902f9,93978533-f99a-4e9c-a149-40048ae08b66,c3,c4,1457,?,i9,
1769091379.0358896,RECEIVED,bf816c32-5656-414d-8712-4650a7f9e51d,1e5dcca2-4ed7-4f85-8b3f-f31dd4a6b810,c2,c1,2047,p2,?,
1769091379.0416882,RECEIVED,fe8c325d-df81-4af7-9d5e-020e7363432f,68c1d779-a1ef-47ab-8a3b-e08130b09c91,c1,DROP,1456,p1,?,
1769091379.3803556,RECEIVED,7785c632-668f-4840-9b4b-2c6af5639138,cd46d362-3f61-4c25-98ff-9dfc62343982,c3,DROP,1460,p3,?,
1769091379.476841,SENT,bf816c32-5656-414d-8712-4650a7f9e51d,1e5dcca2-4ed7-4f85-8b3f-f31dd4a6b810,c2,c1,1464,?,i3,
1769091379.4768827,FORWARDED,bf816c32-5656-414d-8712-4650a7f9e51d,1e5dcca2-4ed7-4f85-8b3f-f31dd4a6b810,c2,c1,1464,?,i3,
1769091379.5026777,SENT,7785c632-668f-4840-9b4b-2c6af5639138,cd46d362-3f61-4c25-98ff-9dfc62343982,c3,DROP,1021,?,i5,
1769091379.5027196,FORWARDED,7785c632-668f-4840-9b4b-2c6af5639138,cd46d362-3f61-4c25-98ff-9dfc62343982,c3,DROP,1021,?,i5,
1769091379.594582,SENT,fe8c325d-df81-4af7-9d5e-020e7363432f,68c1d779-a1ef-47ab-8a3b-e08130b09c91,c1,DROP,1019,?,i10,
1769091379.5946233,FORWARDED,fe8c325d-df81-4af7-9d5e-020e7363432f,68c1d779-a1ef-47ab-8a3b-e08130b09c91,c1,DROP,1019,?,i10,
1769091379.6601675,RECEIVED,2c00f06d-d873-4bc8-83d5-1e1721d084f2,dea1c7d9-6021-440b-8b5a-35f2d3c26125,c4,c1,2047,p1,?,
1769091379.7992394,RECEIVED,24219c04-ac55-4b79-9940-ead954de425f,2ba29582-7c88-47ec-880d-f36cb9447c85,c5,c4,2031,p2,?,
1769091379.8211086,RECEIVED,f8ea5408-38e9-44f3-b4c6-ea43452aec69,b0100f21-5014-4831-81f1-68275aa65390,c3,c4,2035,p3,?,
1769091379.9087832,RECEIVED,aab3828c-ea25-4817-851f-9ba40deb6e98,52fcb81e-c842-44aa-b9e7-16aead0fe1df,c4,c1,2043,p1,?,
1769091379.9103868,SENT,24219c04-ac55-4b79-9940-ead954de425f,2ba29582-7c88-47ec-880d-f36cb9447c85,c5,c4,1452,?,i5,
1769091379.9105062,FORWARDED,24219c04-ac55-4b79-9940-ead954de425f,2ba29582-7c88-47ec-880d-f36cb9447c85,c5,c4,1452,?,i5,
1769091379.9551747,SENT,2c00f06d-d873-4bc8-83d5-1e1721d084f2,dea1c7d9-6021-440b-8b5a-35f2d3c26125,c4,c1,1462,?,i7,
1769091379.9552143,FORWARDED,2c00f06d-d873-4bc8-83d5-1e1721d084f2,dea1c7d9-6021-440b-8b5a-35f2d3c26125,c4,c1,1462,?,i7,
1769091380.5134974,RECEIVED,3254ba4b-6ff3-4dbe-8661-3673306b8c6d,c66bbd4a-2752-467b-91a2-adf9af60c943,c2,c1,2044,p2,?,
1769091380.5145106,RECEIVED,445049be-2a82-4c1d-a311-be535ce57a52,4df41128-7e72-46f9-9abf-86fc99682cdc,c3,c4,2034,p3,?,
1769091380.5285156,RECEIVED,0c1fef14-28d0-4c9f-85f2-607bf7c86ef8,89677b58-c9a0-4956-b22b-da7dc992ceb5,c2,c1,2036,p2,?,
1769091380.5321507,SENT,f8ea5408-38e9-44f3-b4c6-ea43452aec69,b0100f21-5014-4831-81f1-68275aa65390,c3,c4,1455,?,i5,
1769091380.532192,FORWARDED,f8ea5408-38e9-44f3-b4c6-ea43452aec69,b0100f21-5014-4831-81f1-68275aa65390,c3,c4,1455,?,i5,
1769091380.6132512,RECEIVED,1af24cac-0454-4a35-80fb-80dec8650384,4761e7cb-f8e5-4f96-a421-1ebc8802ba6b,c4,c1,2039,p1,?,
1769091380.6446674,SENT,445049be-2a82-4c1d-a311-be535ce57a52,4df41128-7e72-46f9-9abf-86fc99682cdc,c3,c4,1455,?,i8,
1769091380.6447182,FORWARDED,445049be-2a82-4c1d-a311-be535ce57a52,4df41128-7e72-46f9-9abf-86fc99682cdc,c3,c4,1455,?,i8,
1769091380.682347,RECEIVED,f6a37ac9-c295-4210-b746-a102d35c9947,0ffcdc9c-3317-4e81-b633-fabda1d97127,c2,DROP,1451,p2,?,
1769091380.7501953,RECEIVED,47e876b6-8a0c-46a3-8710-4185ea51bee3,2ea60ac2-8dbe-454d-af5b-ef7bb0cd9787,c4,DROP,1439,p1,?,
1769091380.7937617,SENT,0c1fef14-28d0-4c9f-85f2-607bf7c86ef8,89677b58-c9a0-4956-b22b-da7dc992ceb5,c2,c1,1455,?,i2,
1769091380.793798,FORWARDED,0c1fef14-28d0-4c9f-85f2-607bf7c86ef8,89677b58-c9a0-4956-b22b-da7dc992ceb5,c2,c1,1455,?,i2,
1769091380.7956188,RECEIVED,73709b9a-2b6d-420f-932e-747b56f49bc0,16020041-a822-46c2-9c87-38eb5c6f8958,c2,c1,2047,p2,?,
1769091380.9307442,RECEIVED,60df1382-7b81-409c-a28e-9ac737c41390,1ffcb50e-e44d-4eea-b5bb-8bb49a607bbe,c1,DROP,1457,p1,?,
1769091381.0144477,SENT,3254ba4b-6ff3-4dbe-8661-3673306b8c6d,c66bbd4a-2752-467b-91a2-adf9af60c943,c2,c1,1459,?,i2,
1769091381.0144894,FORWARDED,3254ba4b-6ff3-4dbe-8661-3673306b8c6d,c66bbd4a-2752-467b-91a2-adf9af60c943,c2,c1,1459,?,i2,
1769091381.0308187,SENT,aab3828c-ea25-4817-851f-9ba40deb6e98,52fcb81e-c842-44aa-b9e7-16aead0fe1df,c4,c1,1460,?,i2,
1769091381.030861,FORWARDED,aab3828c-ea25-4817-851f-9ba40deb6e98,52fcb81e-c842-44aa-b9e7-16aead0fe1df,c4,c1,1460,?,i2,
1769091381.1316073,SENT,60df1382-7b81-409c-a28e-9ac737c41390,1ffcb50e-e44d-4eea-b5bb-8bb49a607bbe,c1,DROP,1020,?,i12,
1769091381.1316502,FORWARDED,60df1382-7b81-409c-a28e-9ac737c41390,1ffcb50e-e44d-4eea-b5bb-8bb49a607bbe,c1,DROP,1020,?,i12,
1769091381.2541568,SENT,73709b9a-2b6d-420f-932e-747b56f49bc0,16020041-a822-46c2-9c87-38eb5c6f8958,c2,c1,1463,?,i7,
1769091381.254199,FORWARDED,73709b9a-2b6d-420f-932e-747b56f49bc0,16020041-a822-46c2-9c87-38eb5c6f8958,c2,c1,1463,?,i7,
1769091381.256661,RECEIVED,5ba94106-19d1-4901-8448-464502c6d1ea,f909cc98-c673-4f7b-af67-d55db6389fec,c3,c4,2020,p3,?,
1769091381.3930612,RECEIVED,0f2d9cb8-ee1b-4129-a5e6-0874e6a63c33,bac8eb53-ec52-4d3c-ab8d-4d10aa9d53d3,c2,c1,2045,p2,?,
1769091381.5357933,SENT,47e876b6-8a0c-46a3-8710-4185ea51bee3,2ea60ac2-8dbe-454d-af5b-ef7bb0cd9787,c4,DROP,1007,?,i4,
1769091381.5358362,FORWARDED,47e876b6-8a0c-46a3-8710-4185ea51bee3,2ea60ac2-8dbe-454d-af5b-ef7bb0cd9787,c4,DROP,1007,?,i4,
1769091381.544766,SENT,0f2d9cb8-ee1b-4129-a5e6-0874e6a63c33,bac8eb53-ec52-4d3c-ab8d-4d10aa9d53d3,c2,c1,1459,?,i11,
1769091381.544813,FORWARDED,0f2d9cb8-ee1b-4129-a5e6-0874e6a63c33,bac8eb53-ec52-4d3c-ab8d-4d10aa9d53d3,c2,c1,1459,?,i11,
1769091381.5743964,RECEIVED,0c781e8d-0fe8-4e7d-ad04-aebecff575a5,a564a022-4198-4c1f-811a-4d43e4e52a7a,c3,c4,2039,p3,?,
1769091381.5761805,FORWARDED,5ba94106-19d1-4901-8448-464502c6d1ea,f909cc98-c673-4f7b-af67-d55db6389fec,c3,c4,1443,?,i6,
1769091381.628039,RECEIVED,f94ec9a7-6402-4536-ad62-f65d013acf03,e15c94b8-00cb-45d3-b6a5-fec50e7fdf34,c5,c4,2046,p2,?,
1769091381.678381,SENT,1af24cac-0454-4a35-80fb-80dec8650384,4761e7cb-f8e5-4f96-a421-1ebc8802ba6b,c4,c1,1457,?,i2,
1769091381.6784222,FORWARDED,1af24cac-0454-4a35-80fb-80dec8650384,4761e7cb-f8e5-4f96-a421-1ebc8802ba6b,c4,c1,1457,?,i2,
1769091381.6898096,SENT,f94ec9a7-6402-4536-ad62-f65d013acf03,e15c94b8-00cb-45d3-b6a5-fec50e7fdf34,c5,c4,1460,?,i11,
1769091381.6898618,FORWARDED,f94ec9a7-6402-4536-ad62-f65d013acf03,e15c94b8-00cb-45d3-b6a5-fec50e7fdf34,c5,c4,1460,?,i11,
1769091381.7641904,RECEIVED,f6565259-9c33-45f6-ab0a-c6ef52eec22c,5f41fad3-85f8-4d4f-83ae-33863620fbdf,c4,DROP,441,x1,?,
1769091381.8476303,RECEIVED,1b95a94d-15ab-45f2-951e-e9ad51b91407,d2f977f2-24d4-42ee-835e-222cad06f0f5,c5,c4,2030,p2,?,
1769091381.8787172,RECEIVED,e142f5b3-449c-482b-bd3e-844e27561c88,b3cbaa35-4069-4acc-9b42-f7663839e58b,c3,c4,2033,p3,?,
1769091381.9533625,SENT,0c781e8d-0fe8-4e7d-ad04-aebecff575a5,a564a022-4198-4c1f-811a-4d43e4e52a7a,c3,c4,1457,?,i1,
1769091381.9534125,FORWARDED,0c781e8d-0fe8-4e7d-ad04-aebecff575a5,a564a022-4198-4c1f-811a-4d43e4e52a7a,c3,c4,1457,?,i1,
1769091381.9910254,SENT,e142f5b3-449c-482b-bd3e-844e27561c88,b3cbaa35-4069-4acc-9b42-f7663839e58b,c3,c4,1450,?,i11,
1769091381.9910846,FORWARDED,e142f5b3-449c-482b-bd3e-844e27561c88,b3cbaa35-4069-4acc-9b42-f7663839e58b,c3,c4,1450,?,i11,
1769091382.0910754,RECEIVED,d3c7efc5-1314-45bf-88e8-732c8c780af6,3c07b3a5-499a-4c74-9dca-baf8737f1185,c2,DROP,1452,p2,?,
1769091382.1487138,RECEIVED,2bbd29f9-0a6e-4528-88c3-800d8a3430ea,572af662-42af-4c79-8de0-f46b6cac4b5e,c3,DROP,1456,p3,?,
1769091382.2194755,RECEIVED,73d7b5b2-0e09-4825-adfc-631646f6b6f3,592e68f6-201b-47b3-84b9-1afeb59b334e,c1,c5,2040,p1,?,
1769091382.328451,SENT,1b95a94d-15ab-45f2-951e-e9ad51b91407,d2f977f2-24d4-42ee-835e-222cad06f0f5,c5,c4,1450,?,i9,
1769091382.3284943,FORWARDED,1b95a94d-15ab-45f2-951e-e9ad51b91407,d2f977f2-24d4-42ee-835e-222cad06f0f5,c5,c4,1450,?,i9,
1769091382.3516333,SENT,73d7b5b2-0e09-4825-adfc-631646f6b6f3,592e68f6-201b-47b3-84b9-1afeb59b334e,c1,c5,1456,?,i4,
1769091382.3516703,FORWARDED,73d7b5b2-0e09-4825-adfc-631646f6b6f3,592e68f6-201b-47b3-84b9-1afeb59b334e,c1,c5,1456,?,i4,
1769091382.434321,RECEIVED,71087b0d-a55f-46bc-9abb-30d0580830fe,13f4a54a-d019-495f-ad1d-76955f4ef7cb,c1,c5,2029,p1,?,
1769091382.4661443,SENT,71087b0d-a55f-46bc-9abb-30d0580830fe,13f4a54a-d019-495f-ad1d-76955f4ef7cb,c1,c5,1447,?,i4,
1769091382.4661884,FORWARDED,71087b0d-a55f-46bc-9abb-30d0580830fe,13f4a54a-d019-495f-ad1d-76955f4ef7cb,c1,c5,1447,?,i4,
1769091382.5422595,SENT,d3c7efc5-1314-45bf-88e8-732c8c780af6,3c07b3a5-499a-4c74-9dca-baf8737f1185,c2,DROP,1016,?,i9,
1769091382.542304,FORWARDED,d3c7efc5-1314-45bf-88e8-732c8c780af6,3c07b3a5-499a-4c74-9dca-baf8737f1185,c2,DROP,1016,?,i9,
1769091382.7346468,SENT,f6a37ac9-c295-4210-b746-a102d35c9947,0ffcdc9c-3317-4e81-b633-fabda1d97127,c2,DROP,1016,?,i4,
1769091382.7346897,FORWARDED,f6a37ac9-c295-4210-b746-a102d35c9947,0ffcdc9c-3317-4e81-b633-fabda1d97127,c2,DROP,1016,?,i4,
1769091382.8342946,RECEIVED,c4429f2a-62c2-421d-b74a-43e8f3215d62,f847e711-4f84-4c45-bce8-d765b509def5,c3,c4,2021,p3,?,
1769091382.9248662,SENT,2bbd29f9-0a6e-4528-88c3-800d8a3430ea,572af662-42af-4c79-8de0-f46b6cac4b5e,c3,DROP,1020,?,i11,
1769091382.924905,FORWARDED,2bbd29f9-0a6e-4528-88c3-800d8a3430ea,572af662-42af-4c79-8de0-f46b6cac4b5e,c3,DROP,1020,?,i11,
1769091382.9764378,RECEIVED,ec6e8728-4091-4718-a639-602b6f835777,6a00d504-1ece-47e5-bc9b-ea16c5ffa0c4,c5,DROP,441,x7,?,
1769091383.0132716,RECEIVED,5580c968-149c-407c-9732-031750889489,54151cce-dc84-4fab-b0ac-02a3fbed8e53,c4,DROP,441,x6,?,
1769091383.0423164,RECEIVED,ea88e81c-7176-4bfd-9bf7-620022d603c6,251624be-addc-4f45-8e9f-169e4a5115e8,c3,c4,2043,p3,?,
1769091383.190102,RECEIVED,390e78b2-45e7-4ec4-8aa0-dddb7f1d2b62,bf192da8-abe3-436b-bf9b-7740b4bb6596,c3,c4,2040,p3,?,
1769091383.497518,SENT,ea88e81c-7176-4bfd-9bf7-620022d603c6,251624be-addc-4f45-8e9f-169e4a5115e8,c3,c4,1460,?,i9,
1769091383.4975607,FORWARDED,ea88e81c-7176-4bfd-9bf7-620022d603c6,251624be-addc-4f45-8e9f-169e4a5115e8,c3,c4,1460,?,i9,
1769091383.7385488,RECEIVED,d716edf2-9fbb-43ff-b3e7-f0186406a02b,0e51243e-0bfb-4f53-9ad9-817a28f90b62,c2,DROP,1457,p2,?,
1769091383.7540777,RECEIVED,88d6c760-870c-4baa-beb6-9d9721a2f18c,d8d631f7-1fd1-48d3-85d5-99653efb47f7,c5,c4,2035,p2,?,
1769091383.8453906,SENT,d716edf2-9fbb-43ff-b3e7-f0186406a02b,0e51243e-0bfb-4f53-9ad9-817a28f90b62,c2,DROP,1020,?,i11,
1769091383.845432,FORWARDED,d716edf2-9fbb-43ff-b3e7-f0186406a02b,0e51243e-0bfb-4f53-9ad9-817a28f90b62,c2,DROP,1020,?,i11,
1769091383.9909425,RECEIVED,cf9f5151-a9d8-426e-a301-0e675f0059f5,23fd16d1-fa97-4ca1-8433-d52a323f1253,c4,DROP,1440,p1,?,
1769091383.991035,SENT,c4429f2a-62c2-421d-b74a-43e8f3215d62,f847e711-4f84-4c45-bce8-d765b509def5,c3,c4,1445,?,i8,
1769091383.9912286,FORWARDED,c4429f2a-62c2-421d-b74a-43e8f3215d62,f847e711-4f84-4c45-bce8-d765b509def5,c3,c4,1445,?,i8,
1769091384.1623573,FORWARDED,cf9f5151-a9d8-426e-a301-0e675f0059f5,23fd16d1-fa97-4ca1-8433-d52a323f1253,c4,DROP,1007,?,i6,
1769091384.2236362,RECEIVED,64c3fb12-b949-4c98-813f-49179aadb926,905b9fd3-20f4-4b1e-88ef-5a789ae22d76,c2,c1,2043,p2,?,
1769091384.278416,RECEIVED,3752ff86-c807-42c0-88c4-c129b71f32de,aaa95dc0-44a6-4f62-ac23-1504701b6ef0,c3,c4,2044,p3,?,
1769091384.4191215,RECEIVED,658d1a33-c16d-4838-a8b0-05a1fc594891,42020f91-6f4e-47c0-8627-6c995c7bcd31,c1,c5,2044,p1,?,
1769091384.4696789,SENT,390e78b2-45e7-4ec4-8aa0-dddb7f1d2b62,bf192da8-abe3-436b-bf9b-7740b4bb6596,c3,c4,1456,?,i12,
1769091384.4697216,FORWARDED,390e78b2-45e7-4ec4-8aa0-dddb7f1d2b62,bf192da8-abe3-436b-bf9b-7740b4bb6596,c3,c4,1456,?,i12,
1769091384.5666566,SENT,3752ff86-c807-42c0-88c4-c129b71f32de,aaa95dc0-44a6-4f62-ac23-1504701b6ef0,c3,c4,1460,?,i10,
1769091384.5670767,FORWARDED,3752ff86-c807-42c0-88c4-c129b71f32de,aaa95dc0-44a6-4f62-ac23-1504701b6ef0,c3,c4,1460,?,i10,
1769091384.6865394,SENT,658d1a33-c16d-4838-a8b0-05a1fc594891,42020f91-6f4e-47c0-8627-6c995c7bcd31,c1,c5,1460,?,i12,
1769091384.6865785,FORWARDED,658d1a33-c16d-4838-a8b0-05a1fc594891,42020f91-6f4e-47c0-8627-6c995c7bcd31,c1,c5,1460,?,i12,
1769091384.8547168,RECEIVED,7278615f-d598-40f1-9402-41234a2eb832,2c7303cc-a3ca-4b3d-a7df-0ef35d455dfe,c2,DROP,441,x5,?,
1769091384.9672492,RECEIVED,f68d82cf-5196-4635-a5ba-f6e8a54a6d06,e5f9b166-db66-449c-8f21-4cb98475061f,c5,DROP,442,x6,?,
1769091384.997112,RECEIVED,61a44d64-182f-4e08-8b12-cacedb4c0f90,5102c468-1d3d-4875-84ea-41fbb9ef4c4c,c5,c4,2040,p2,?,
1769091385.0609589,RECEIVED,93dc8186-16e0-432c-95d1-f4a5a649c87d,6993908e-c316-48c9-8278-c70c48c49462,c5,DROP,1439,p2,?,
1769091385.1793165,SENT,64c3fb12-b949-4c98-813f-49179aadb926,905b9fd3-20f4-4b1e-88ef-5a789ae22d76,c2,c1,1459,?,i3,
1769091385.1793578,FORWARDED,64c3fb12-b949-4c98-813f-49179aadb926,905b9fd3-20f4-4b1e-88ef-5a789ae22d76,c2,c1,1459,?,i3,
1769091385.209736,RECEIVED,66249953-6ed3-4cc0-94aa-713efff6681b,07c18be4-cb10-4853-9f8e-359c117199c0,c2,c1,2036,p2,?,
1769091385.2837791,SENT,61a44d64-182f-4e08-8b12-cacedb4c0f90,5102c468-1d3d-4875-84ea-41fbb9ef4c4c,c5,c4,1456,?,i8,
1769091385.2838182,FORWARDED,61a44d64-182f-4e08-8b12-cacedb4c0f90,5102c468-1d3d-4875-84ea-41fbb9ef4c4c,c5,c4,1456,?,i8,
1769091385.292555,FORWARDED,66249953-6ed3-4cc0-94aa-713efff6681b,07c18be4-cb10-4853-9f8e-359c117199c0,c2,c1,1453,?,i6,
1769091385.2934742,RECEIVED,0de18c4b-c3e2-4171-8e85-ef470083cfea,1659735f-7839-47b2-8845-f48047ec1f14,c4,c1,2024,p1,?,
1769091385.2962475,RECEIVED,372c5b73-a789-4555-b428-80a7908afcca,77ddc61c-f985-4f5b-8a8b-5d63683da494,c5,DROP,1452,p2,?,
1769091385.3407652,RECEIVED,1801d1bf-6a1a-4e5f-bf7f-328eba912e06,2296fd22-5cf6-47f6-9eb4-5a64db182ec9,c3,c4,2023,p3,?,
1769091385.425336,RECEIVED,80b3fe27-4df7-4c6f-b358-7b2eeb0ce334,a5e88ebc-dca4-4d0e-af76-e2234f3f3fcf,c2,c1,2018,p2,?,
1769091385.502962,SENT,0de18c4b-c3e2-4171-8e85-ef470083cfea,1659735f-7839-47b2-8845-f48047ec1f14,c4,c1,1444,?,i7,
1769091385.503023,FORWARDED,0de18c4b-c3e2-4171-8e85-ef470083cfea,1659735f-7839-47b2-8845-f48047ec1f14,c4,c1,1444,?,i7,
1769091385.5445397,RECEIVED,f80c09c1-d012-4eb4-86e5-e182640b4f38,609193ff-6003-4e0f-8214-28209bb60065,c3,DROP,441,x8,?,
1769091385.579197,SENT,93dc8186-16e0-432c-95d1-f4a5a649c87d,6993908e-c316-48c9-8278-c70c48c49462,c5,DROP,1007,?,i7,
1769091385.579239,FORWARDED,93dc8186-16e0-432c-95d1-f4a5a649c87d,6993908e-c316-48c9-8278-c70c48c49462,c5,DROP,1007,?,i7,
1769091385.615596,SENT,80b3fe27-4df7-4c6f-b358-7b2eeb0ce334,a5e88ebc-dca4-4d0e-af76-e2234f3f3fcf,c2,c1,1443,?,i3,
1769091385.6156373,FORWARDED,80b3fe27-4df7-4c6f-b358-7b2eeb0ce334,a5e88ebc-dca4-4d0e-af76-e2234f3f3fcf,c2,c1,1443,?,i3,
1769091385.6462607,RECEIVED,1fec8b4f-6487-4415-a42e-47f402494cd3,82222391-a6b1-4439-9c82-1159386ae29a,c2,c1,2041,p2,?,
1769091385.6727211,RECEIVED,2f5143b0-dd39-41f5-8b1b-9556097dd81b,6c1b793c-7b2f-40be-bf9b-fc4b68d95de3,c4,DROP,1447,p1,?,
1769091385.7182193,SENT,1fec8b4f-6487-4415-a42e-47f402494cd3,82222391-a6b1-4439-9c82-1159386ae29a,c2,c1,1457,?,i12,
1769091385.7182617,FORWARDED,1fec8b4f-6487-4415-a42e-47f402494cd3,82222391-a6b1-4439-9c82-1159386ae29a,c2,c1,1457,?,i12,
1769091385.7482207,SENT,372c5b73-a789-4555-b428-80a7908afcca,77ddc61c-f985-4f5b-8a8b-5d63683da494,c5,DROP,1017,?,i9,
1769091385.748263,FORWARDED,372c5b73-a789-4555-b428-80a7908afcca,77ddc61c-f985-4f5b-8a8b-5d63683da494,c5,DROP,1017,?,i9,
1769091386.184189,RECEIVED,2d01a7c1-13d1-4222-ae1d-19058eaaa3f0,d5f6b0cd-6727-41ae-b3b2-01b88d496d27,c3,DROP,1440,p3,?,
1769091386.209367,SENT,88d6c760-870c-4baa-beb6-9d9721a2f18c,d8d631f7-1fd1-48d3-85d5-99653efb47f7,c5,c4,1455,?,i11,
1769091386.2094092,FORWARDED,88d6c760-870c-4baa-beb6-9d9721a2f18c,d8d631f7-1fd1-48d3-85d5-99653efb47f7,c5,c4,1455,?,i11,
1769091386.3229926,SENT,2d01a7c1-13d1-4222-ae1d-19058eaaa3f0,d5f6b0cd-6727-41ae-b3b2-01b88d496d27,c3,DROP,1007,?,i5,
1769091386.3230324,FORWARDED,2d01a7c1-13d1-4222-ae1d-19058eaaa3f0,d5f6b0cd-6727-41ae-b3b2-01b88d496d27,c3,DROP,1007,?,i5,
1769091386.493535,SENT,1801d1bf-6a1a-4e5f-bf7f-328eba912e06,2296fd22-5cf6-47f6-9eb4-5a64db182ec9,c3,c4,1444,?,i3,
1769091386.4935708,FORWARDED,1801d1bf-6a1a-4e5f-bf7f-328eba912e06,2296fd22-5cf6-47f6-9eb4-5a64db182ec9,c3,c4,1444,?,i3,
1769091386.4959,RECEIVED,9e3cda83-021f-416d-b618-5869c8183d5a,5ac1eb78-2a00-49c8-9b2e-c09222794d71,c1,DROP,440,x9,?,
1769091386.5306234,RECEIVED,d9035e63-8ee2-4279-b942-9fe9a875a511,698099d7-cd94-4f8c-8f6b-7346f4e3e987,c4,DROP,1452,p1,?,
1769091386.767919,SENT,2f5143b0-dd39-41f5-8b1b-9556097dd81b,6c1b793c-7b2f-40be-bf9b-fc4b68d95de3,c4,DROP,1012,?,i7,
1769091386.7679615,FORWARDED,2f5143b0-dd39-41f5-8b1b-9556097dd81b,6c1b793c-7b2f-40be-bf9b-fc4b68d95de3,c4,DROP,1012,?,i7,
1769091387.2949796,RECEIVED,3e2df463-7390-4b59-be23-dc936a9c93b5,bd416261-5c9a-4c2b-a64e-25e16798e679,c1,c5,2040,p1,?,
1769091387.727817,RECEIVED,9878b45d-203b-46f2-855f-81a510a37cec,f8d05566-29dd-4787-b492-ca82ef00eac9,c3,DROP,1452,p3,?,
1769091387.9254296,FORWARDED,9878b45d-203b-46f2-855f-81a510a37cec,f8d05566-29dd-4787-b492-ca82ef00eac9,c3,DROP,1015,?,i6,
1769091388.0132163,RECEIVED,68c21679-bd7e-427f-8071-37f62043cf37,90212eca-2bf9-402b-adf4-e35696c191e3,c4,c1,2027,p1,?,
1769091388.063287,SENT,d9035e63-8ee2-4279-b942-9fe9a875a511,698099d7-cd94-4f8c-8f6b-7346f4e3e987,c4,DROP,1015,?,i12,
1769091388.0633295,FORWARDED,d9035e63-8ee2-4279-b942-9fe9a875a511,698099d7-cd94-4f8c-8f6b-7346f4e3e987,c4,DROP,1015,?,i12,
1769091388.098506,RECEIVED,4553f51b-10cd-4a05-b5f8-8d64cf1977a2,fbdcb1cd-52b1-433f-9376-7ca6556c94dd,c1,DROP,1460,p1,?,
1769091388.1624913,RECEIVED,8e9dfa37-9289-465a-8ed3-e18714765e8f,0f6cf620-82d6-4805-8efb-bcf8dc37a74c,c3,c4,2047,p3,?,
1769091388.2291174,SENT,3e2df463-7390-4b59-be23-dc936a9c93b5,bd416261-5c9a-4c2b-a64e-25e16798e679,c1,c5,1456,?,i12,
1769091388.2292004,FORWARDED,3e2df463-7390-4b59-be23-dc936a9c93b5,bd416261-5c9a-4c2b-a64e-25e16798e679,c1,c5,1456,?,i12,
1769091388.4528086,RECEIVED,eb61f1ab-8670-4240-b20f-e13d7beda4be,7999ccc8-c20d-4c2f-a6f8-b008c41ef793,c3,DROP,1459,p3,?,
1769091388.4656177,RECEIVED,4cd2de69-6591-49de-b891-ec1118e3c7a3,ead094d8-0684-4148-8f82-1da4190beb9d,c3,DROP,1444,p3,?,
1769091388.5309558,SENT,4cd2de69-6591-49de-b891-ec1118e3c7a3,ead094d8-0684-4148-8f82-1da4190beb9d,c3,DROP,1011,?,i8,
1769091388.5309982,FORWARDED,4cd2de69-6591-49de-b891-ec1118e3c7a3,ead094d8-0684-4148-8f82-1da4190beb9d,c3,DROP,1011,?,i8,
1769091388.5517035,SENT,4553f51b-10cd-4a05-b5f8-8d64cf1977a2,fbdcb1cd-52b1-433f-9376-7ca6556c94dd,c1,DROP,1021,?,i2,
1769091388.5517457,FORWARDED,4553f51b-10cd-4a05-b5f8-8d64cf1977a2,fbdcb1cd-52b1-433f-9376-7ca6556c94dd,c1,DROP,1021,?,i2,
1769091388.5652304,SENT,68c21679-bd7e-427f-8071-37f62043cf37,90212eca-2bf9-402b-adf4-e35696c191e3,c4,c1,1449,?,i4,
1769091388.5652728,FORWARDED,68c21679-bd7e-427f-8071-37f62043cf37,90212eca-2bf9-402b-adf4-e35696c191e3,c4,c1,1449,?,i4,
1769091388.686738,RECEIVED,6e0c8c9d-d3bf-4445-a200-f2c53ce3de66,213650db-0325-409e-80e7-f4216d0708f3,c3,c4,2035,p3,?,
1769091388.7049577,RECEIVED,9783ab3c-103b-4cd6-90de-d5c37f1ad946,982698de-b390-4136-98a0-59c1a862b9b4,c2,c1,2035,p2,?,
1769091388.8836622,SENT,6e0c8c9d-d3bf-4445-a200-f2c53ce3de66,213650db-0325-409e-80e7-f4216d0708f3,c3,c4,1455,?,i2,
1769091388.883703,FORWARDED,6e0c8c9d-d3bf-4445-a200-f2c53ce3de66,213650db-0325-409e-80e7-f4216d0708f3,c3,c4,1455,?,i2,
1769091389.0505872,RECEIVED,67112552-13f1-4f44-a112-c5e9b87e684c,287f09a7-b0cf-426b-ba9d-05c625f0dc26,c4,DROP,1440,p1,?,
1769091389.0838697,SENT,eb61f1ab-8670-4240-b20f-e13d7beda4be,7999ccc8-c20d-4c2f-a6f8-b008c41ef793,c3,DROP,1022,?,i10,
1769091389.083912,FORWARDED,eb61f1ab-8670-4240-b20f-e13d7beda4be,7999ccc8-c20d-4c2f-a6f8-b008c41ef793,c3,DROP,1022,?,i10,
1769091389.1007957,SENT,67112552-13f1-4f44-a112-c5e9b87e684c,287f09a7-b0cf-426b-ba9d-05c625f0dc26,c4,DROP,1006,?,i8,
1769091389.100835,FORWARDED,67112552-13f1-4f44-a112-c5e9b87e684c,287f09a7-b0cf-426b-ba9d-05c625f0dc26,c4,DROP,1006,?,i8,
1769091389.1182394,SENT,9783ab3c-103b-4cd6-90de-d5c37f1ad946,982698de-b390-4136-98a0-59c1a862b9b4,c2,c1,1455,?,i8,
1769091389.1182811,FORWARDED,9783ab3c-103b-4cd6-90de-d5c37f1ad946,982698de-b390-4136-98a0-59c1a862b9b4,c2,c1,1455,?,i8,
1769091389.5292692,RECEIVED,3e85f9b9-233b-4df4-8aa8-ea6d2b5e26fc,bb825b48-b8aa-43c0-839a-7588538b13c9,c5,DROP,1439,p2,?,
1769091389.6526604,RECEIVED,85239b3e-e7b5-4e02-8b11-d98387152f5a,5d006c94-7609-47d3-8356-1d57413316fe,c1,DROP,442,x8,?,
1769091389.8998556,RECEIVED,59a47fd1-6598-4fb0-8ec4-b4e0270b5c40,0379be3e-140c-413e-b8de-ebc8d23f282e,c3,DROP,1444,p3,?,
1769091390.0710962,FORWARDED,3e85f9b9-233b-4df4-8aa8-ea6d2b5e26fc,bb825b48-b8aa-43c0-839a-7588538b13c9,c5,DROP,1008,?,i6,
1769091390.1482766,SENT,59a47fd1-6598-4fb0-8ec4-b4e0270b5c40,0379be3e-140c-413e-b8de-ebc8d23f282e,c3,DROP,1009,?,i7,
1769091390.1483345,FORWARDED,59a47fd1-6598-4fb0-8ec4-b4e0270b5c40,0379be3e-140c-413e-b8de-ebc8d23f282e,c3,DROP,1009,?,i7,
1769091390.1885326,RECEIVED,7024de7f-c850-4d11-a2d1-b1ec2856a2db,6ef2bed3-64ea-4740-a12a-0c5bc70570af,c5,c4,2043,p2,?,
1769091390.190221,RECEIVED,909d88ee-d396-4f9d-ba00-ee517bd37240,000cd6ff-0158-4069-8f4e-6126f9648278,c3,DROP,1444,p3,?,
1769091390.214843,RECEIVED,513655ef-2e7f-49c1-87ae-6f34c83c2904,09ca8c3d-04a3-484b-8811-c0d708776e9e,c4,c1,2028,p1,?,
1769091390.3143296,SENT,909d88ee-d396-4f9d-ba00-ee517bd37240,000cd6ff-0158-4069-8f4e-6126f9648278,c3,DROP,1011,?,i3,
1769091390.3143725,FORWARDED,909d88ee-d396-4f9d-ba00-ee517bd37240,000cd6ff-0158-4069-8f4e-6126f9648278,c3,DROP,1011,?,i3,
1769091390.3281355,SENT,513655ef-2e7f-49c1-87ae-6f34c83c2904,09ca8c3d-04a3-484b-8811-c0d708776e9e,c4,c1,1447,?,i2,
1769091390.3281717,FORWARDED,513655ef-2e7f-49c1-87ae-6f34c83c2904,09ca8c3d-04a3-484b-8811-c0d708776e9e,c4,c1,1447,?,i2,
1769091390.382747,FORWARDED,7024de7f-c850-4d11-a2d1-b1ec2856a2db,6ef2bed3-64ea-4740-a12a-0c5bc70570af,c5,c4,1460,?,i6,
1769091390.4636497,RECEIVED,e337a474-e715-4460-a7f7-b03cb2b4ba1f,9c0904e8-fd66-47d9-9dc9-a43facb85644,c1,DROP,1455,p1,?,
1769091390.541658,RECEIVED,937d82e8-2b33-4f11-809f-8fc7556de9ca,eaddfceb-021e-4a98-bb34-e321727ecc6f,c1,c5,2020,p1,?,
1769091390.595258,RECEIVED,c7be549e-41ee-48cf-bb62-57299b455956,093b32a4-35af-4745-8f02-a2a52c98b56a,c5,c4,2035,p2,?,
1769091390.713322,SENT,937d82e8-2b33-4f11-809f-8fc7556de9ca,eaddfceb-021e-4a98-bb34-e321727ecc6f,c1,c5,1443,?,i7,
1769091390.7133636,FORWARDED,937d82e8-2b33-4f11-809f-8fc7556de9ca,eaddfceb-021e-4a98-bb34-e321727ecc6f,c1,c5,1443,?,i7,
1769091390.7787292,RECEIVED,31df3b32-7000-4dbb-84e0-d8db6c3b7904,ff2aa43c-ccc1-4682-bfee-e7a7abeb6af6,c5,c4,2034,p2,?,
1769091391.0184076,SENT,e337a474-e715-4460-a7f7-b03cb2b4ba1f,9c0904e8-fd66-47d9-9dc9-a43facb85644,c1,DROP,1018,?,i2,
1769091391.0184486,FORWARDED,e337a474-e715-4460-a7f7-b03cb2b4ba1f,9c0904e8-fd66-47d9-9dc9-a43facb85644,c1,DROP,1018,?,i2,
1769091391.3174212,RECEIVED,1bc459a3-abcd-4824-a4d9-afd84efedd69,80b1558c-57c6-413e-9833-129df0a2f090,c1,c5,2031,p1,?,
1769091391.4235218,RECEIVED,e10649a5-5262-494c-a5e3-cd577946192b,a7ab6899-4306-46f9-8d92-5ce203a79e1b,c4,DROP,1439,p1,?,
1769091391.508119,RECEIVED,a63ac83e-2575-4f7e-9b25-65c6137e04dc,1b67279c-7ac4-4d33-b3ef-a0053244016f,c1,DROP,1448,p1,?,
1769091391.5327122,SENT,8e9dfa37-9289-465a-8ed3-e18714765e8f,0f6cf620-82d6-4805-8efb-bcf8dc37a74c,c3,c4,1464,?,i1,
1769091391.5327506,FORWARDED,8e9dfa37-9289-465a-8ed3-e18714765e8f,0f6cf620-82d6-4805-8efb-bcf8dc37a74c,c3,c4,1464,?,i1,
1769091391.5436294,RECEIVED,4c2b3f78-cdd0-4286-a821-ea06fe7ba344,49211251-71ba-48ee-84d2-fedc5a32bf50,c3,c4,2036,p3,?,
1769091391.5780444,RECEIVED,d88545c4-94b8-419f-ad23-c2357e665485,fe048147-f47d-498e-a17e-bc744983cb9a,c4,c1,2037,p1,?,
1769091391.7403545,SENT,1bc459a3-abcd-4824-a4d9-afd84efedd69,80b1558c-57c6-413e-9833-129df0a2f090,c1,c5,1452,?,i4,
1769091391.7403953,FORWARDED,1bc459a3-abcd-4824-a4d9-afd84efedd69,80b1558c-57c6-413e-9833-129df0a2f090,c1,c5,1452,?,i4,
1769091391.8307118,FORWARDED,a63ac83e-2575-4f7e-9b25-65c6137e04dc,1b67279c-7ac4-4d33-b3ef-a0053244016f,c1,DROP,1012,?,i6,
1769091391.858964,SENT,d88545c4-94b8-419f-ad23-c2357e665485,fe048147-f47d-498e-a17e-bc744983cb9a,c4,c1,1455,?,i10,
1769091391.859006,FORWARDED,d88545c4-94b8-419f-ad23-c2357e665485,fe048147-f47d-498e-a17e-bc744983cb9a,c4,c1,1455,?,i10,
1769091391.9381306,SENT,4c2b3f78-cdd0-4286-a821-ea06fe7ba344,49211251-71ba-48ee-84d2-fedc5a32bf50,c3,c4,1455,?,i3,
1769091391.938172,FORWARDED,4c2b3f78-cdd0-4286-a821-ea06fe7ba344,49211251-71ba-48ee-84d2-fedc5a32bf50,c3,c4,1455,?,i3,
1769091392.004786,SENT,e10649a5-5262-494c-a5e3-cd577946192b,a7ab6899-4306-46f9-8d92-5ce203a79e1b,c4,DROP,1007,?,i2,
1769091392.004828,FORWARDED,e10649a5-5262-494c-a5e3-cd577946192b,a7ab6899-4306-46f9-8d92-5ce203a79e1b,c4,DROP,1007,?,i2,
1769091392.0742946,RECEIVED,8c97234f-5129-47cb-9904-2bc93e668d0e,27980675-4553-425e-a220-56d569893535,c2,c1,2047,p2,?,
1769091392.098933,RECEIVED,87a881cf-7e72-46d9-b538-fed1542e9fc6,2a7cb167-969f-47f5-ba72-38390cc3b030,c5,DROP,445,x10,?,
1769091392.157405,RECEIVED,dac0f23b-20f2-4392-902c-152c08ac0f41,73bae271-462b-472a-bcf5-e092656b0bed,c1,c5,2040,p1,?,
1769091392.2677245,RECEIVED,92c3f1c5-fe0f-4580-8008-7851c681f3d0,486af8ef-ca77-4f02-a922-a474351446ac,c1,DROP,1456,p1,?,
1769091392.3694232,RECEIVED,728a977c-2046-4f08-9d32-8a090558e549,b198cd84-32f3-4862-92d9-aa7730d62be2,c3,c4,2042,p3,?,
1769091392.3920417,SENT,dac0f23b-20f2-4392-902c-152c08ac0f41,73bae271-462b-472a-bcf5-e092656b0bed,c1,c5,1456,?,i2,
1769091392.3921015,FORWARDED,dac0f23b-20f2-4392-902c-152c08ac0f41,73bae271-462b-472a-bcf5-e092656b0bed,c1,c5,1456,?,i2,
1769091392.4041612,SENT,31df3b32-7000-4dbb-84e0-d8db6c3b7904,ff2aa43c-ccc1-4682-bfee-e7a7abeb6af6,c5,c4,1455,?,i2,
1769091392.4042034,FORWARDED,31df3b32-7000-4dbb-84e0-d8db6c3b7904,ff2aa43c-ccc1-4682-bfee-e7a7abeb6af6,c5,c4,1455,?,i2,
1769091392.4573889,RECEIVED,6c26ad7e-cb4a-4257-a751-921059674041,8fbb186f-0abd-4915-87df-a630ac4b9654,c3,c4,2031,p3,?,
1769091392.563567,RECEIVED,d0ffad33-bd43-401b-a563-b91148ecc396,0173cb43-3f5a-4b3d-a651-6aa386c90f77,c4,c1,2049,p1,?,
1769091392.6061325,SENT,d0ffad33-bd43-401b-a563-b91148ecc396,0173cb43-3f5a-4b3d-a651-6aa386c90f77,c4,c1,1463,?,i10,
1769091392.6061711,FORWARDED,d0ffad33-bd43-401b-a563-b91148ecc396,0173cb43-3f5a-4b3d-a651-6aa386c90f77,c4,c1,1463,?,i10,
1769091392.6483123,FORWARDED,6c26ad7e-cb4a-4257-a751-921059674041,8fbb186f-0abd-4915-87df-a630ac4b9654,c3,c4,1450,?,i6,
1769091392.6677632,RECEIVED,389e4330-e7c6-4bc5-bca4-e21f2ed9c1b1,96ae5089-7ad4-4d7f-8d1c-7a91837aea77,c2,DROP,1440,p2,?,
1769091392.7368093,SENT,8c97234f-5129-47cb-9904-2bc93e668d0e,27980675-4553-425e-a220-56d569893535,c2,c1,1463,?,i9,
1769091392.7368536,FORWARDED,8c97234f-5129-47cb-9904-2bc93e668d0e,27980675-4553-425e-a220-56d569893535,c2,c1,1463,?,i9,
1769091392.7783964,SENT,c7be549e-41ee-48cf-bb62-57299b455956,093b32a4-35af-4745-8f02-a2a52c98b56a,c5,c4,1455,?,i9,
1769091392.7784343,FORWARDED,c7be549e-41ee-48cf-bb62-57299b455956,093b32a4-35af-4745-8f02-a2a52c98b56a,c5,c4,1455,?,i9,
1769091392.8609462,SENT,389e4330-e7c6-4bc5-bca4-e21f2ed9c1b1,96ae5089-7ad4-4d7f-8d1c-7a91837aea77,c2,DROP,1008,?,i4,
1769091392.861725,FORWARDED,389e4330-e7c6-4bc5-bca4-e21f2ed9c1b1,96ae5089-7ad4-4d7f-8d1c-7a91837aea77,c2,DROP,1008,?,i4,
1769091392.8777413,RECEIVED,2b8dc460-fe7f-41de-8059-f1df1786908e,b71cbc6c-237f-4696-a660-65f017b2fc4c,c5,DROP,1444,p2,?,
1769091392.8943465,RECEIVED,72ef2076-302d-4044-9edc-ee2669565141,0ac1e009-bc60-44de-a321-492d7935f306,c1,c5,2036,p1,?,
1769091392.9532053,RECEIVED,f9301546-897e-44ec-a966-1c0f2ae382a7,ab2a73e2-d613-44ee-967d-7ef8195c51a4,c5,c4,2033,p2,?,
1769091393.0869834,FORWARDED,2b8dc460-fe7f-41de-8059-f1df1786908e,b71cbc6c-237f-4696-a660-65f017b2fc4c,c5,DROP,1011,?,i6,
1769091393.12026,RECEIVED,87286b17-704b-4610-999b-7b98638c4ae4,dcdf2eb6-935f-4dd6-aa3b-d90abbac81d6,c3,DROP,1457,p3,?,
1769091393.2000148,SENT,87286b17-704b-4610-999b-7b98638c4ae4,dcdf2eb6-935f-4dd6-aa3b-d90abbac81d6,c3,DROP,1018,?,i12,
1769091393.200069,FORWARDED,87286b17-704b-4610-999b-7b98638c4ae4,dcdf2eb6-935f-4dd6-aa3b-d90abbac81d6,c3,DROP,1018,?,i12,
1769091393.2418737,SENT,728a977c-2046-4f08-9d32-8a090558e549,b198cd84-32f3-4862-92d9-aa7730d62be2,c3,c4,1459,?,i4,
1769091393.2419095,FORWARDED,728a977c-2046-4f08-9d32-8a090558e549,b198cd84-32f3-4862-92d9-aa7730d62be2,c3,c4,1459,?,i4,
1769091393.2763479,SENT,92c3f1c5-fe0f-4580-8008-7851c681f3d0,486af8ef-ca77-4f02-a922-a474351446ac,c1,DROP,1020,?,i11,
1769091393.2763896,FORWARDED,92c3f1c5-fe0f-4580-8008-7851c681f3d0,486af8ef-ca77-4f02-a922-a474351446ac,c1,DROP,1020,?,i11,
1769091393.3731759,SENT,f9301546-897e-44ec-a966-1c0f2ae382a7,ab2a73e2-d613-44ee-967d-7ef8195c51a4,c5,c4,1452,?,i10,
1769091393.3732123,FORWARDED,f9301546-897e-44ec-a966-1c0f2ae382a7,ab2a73e2-d613-44ee-967d-7ef8195c51a4,c5,c4,1452,?,i10,
1769091393.4205112,RECEIVED,607bc95f-566c-45f7-b8e3-64839963970c,18a51382-4e0a-446b-8c34-7b77649ed7f1,c3,DROP,1439,p3,?,
1769091393.512852,RECEIVED,ecb61089-81da-47cd-ba25-615b0efa4023,d1053b43-eb0a-4748-9dcb-266c1f255a0c,c3,c4,2052,p3,?,
1769091393.5744083,SENT,72ef2076-302d-4044-9edc-ee2669565141,0ac1e009-bc60-44de-a321-492d7935f306,c1,c5,1455,?,i11,
1769091393.5744498,FORWARDED,72ef2076-302d-4044-9edc-ee2669565141,0ac1e009-bc60-44de-a321-492d7935f306,c1,c5,1455,?,i11,
1769091393.7906003,RECEIVED,ddef8f50-c360-463d-b724-e6d1bf48053c,1192f2bf-27ca-4202-bb78-15655f0db05c,c5,c4,2044,p2,?,
1769091393.863502,RECEIVED,985fca1d-1b03-4543-b936-ae42d004b766,04a42ae0-cd5c-4a35-9004-478cafcdec5a,c2,c1,2036,p2,?,
1769091393.8778243,RECEIVED,ab43599a-92c9-4567-a096-977ef86abdd0,bef82d51-17d5-49ac-b8a0-91032bcc483b,c3,DROP,1447,p3,?,
1769091393.9023962,SENT,607bc95f-566c-45f7-b8e3-64839963970c,18a51382-4e0a-446b-8c34-7b77649ed7f1,c3,DROP,1007,?,i3,
1769091393.9024386,FORWARDED,607bc95f-566c-45f7-b8e3-64839963970c,18a51382-4e0a-446b-8c34-7b77649ed7f1,c3,DROP,1007,?,i3,
1769091393.9482236,SENT,985fca1d-1b03-4543-b936-ae42d004b766,04a42ae0-cd5c-4a35-9004-478cafcdec5a,c2,c1,1455,?,i7,
1769091393.9482605,FORWARDED,985fca1d-1b03-4543-b936-ae42d004b766,04a42ae0-cd5c-4a35-9004-478cafcdec5a,c2,c1,1455,?,i7,
1769091393.9865775,RECEIVED,b8dc4e45-6dee-4ae0-a2be-0ee5549c7943,92a3dc9c-bc40-4076-b355-31830e45c655,c4,c1,2032,p1,?,
1769091394.003791,SENT,ecb61089-81da-47cd-ba25-615b0efa4023,d1053b43-eb0a-4748-9dcb-266c1f255a0c,c3,c4,1465,?,i8,
1769091394.003898,FORWARDED,ecb61089-81da-47cd-ba25-615b0efa4023,d1053b43-eb0a-4748-9dcb-266c1f255a0c,c3,c4,1465,?,i8,
1769091394.0310328,SENT,b8dc4e45-6dee-4ae0-a2be-0ee5549c7943,92a3dc9c-bc40-4076-b355-31830e45c655,c4,c1,1451,?,i4,
1769091394.0310884,FORWARDED,b8dc4e45-6dee-4ae0-a2be-0ee5549c7943,92a3dc9c-bc40-4076-b355-31830e45c655,c4,c1,1451,?,i4,
1769091394.0321584,RECEIVED,216c71f7-fef1-4a14-856e-7d75a44e3274,a9272cff-3bb9-487b-b154-feafa03ad2ad,c5,c4,2039,p2,?,
1769091394.0335572,RECEIVED,7bf9c7c2-4605-481b-ab95-6dccc07a431e,70893263-460d-4695-bde0-4da2bf846daa,c1,DROP,442,x2,?,
1769091394.1497178,RECEIVED,f469fc21-9826-4aae-9efb-454a1df789c2,16ea8a0b-21df-47b0-899f-165b5234082d,c4,c1,2031,p1,?,
1769091394.1560795,SENT,ab43599a-92c9-4567-a096-977ef86abdd0,bef82d51-17d5-49ac-b8a0-91032bcc483b,c3,DROP,1012,?,i3,
1769091394.1561296,FORWARDED,ab43599a-92c9-4567-a096-977ef86abdd0,bef82d51-17d5-49ac-b8a0-91032bcc483b,c3,DROP,1012,?,i3,
1769091394.362832,RECEIVED,cf3ad369-60cb-4162-a996-214fa3bf2db7,c8c18bb2-d376-4a3f-8aed-50f4e4d6699a,c4,c1,2040,p1,?,
1769091394.3885047,SENT,cf3ad369-60cb-4162-a996-214fa3bf2db7,c8c18bb2-d376-4a3f-8aed-50f4e4d6699a,c4,c1,1456,?,i5,
1769091394.3885674,FORWARDED,cf3ad369-60cb-4162-a996-214fa3bf2db7,c8c18bb2-d376-4a3f-8aed-50f4e4d6699a,c4,c1,1456,?,i5,
1769091394.4549875,RECEIVED,c2e7d595-abf0-4d54-bc4f-7e5a2bb876c1,761e29c6-611b-4f29-a1a9-81376e79f43a,c2,c1,2035,p2,?,
1769091394.4596407,RECEIVED,d059ddd3-bc63-41dd-95e7-9aeaa2498aab,700fbc02-79f3-457e-8dff-4c35cd18a29d,c2,DROP,1439,p2,?,
1769091394.7803352,SENT,f469fc21-9826-4aae-9efb-454a1df789c2,16ea8a0b-21df-47b0-899f-165b5234082d,c4,c1,1450,?,i1,
1769091394.7803788,FORWARDED,f469fc21-9826-4aae-9efb-454a1df789c2,16ea8a0b-21df-47b0-899f-165b5234082d,c4,c1,1450,?,i1,
1769091394.9172451,SENT,ddef8f50-c360-463d-b724-e6d1bf48053c,1192f2bf-27ca-4202-bb78-15655f0db05c,c5,c4,1459,?,i11,
1769091394.91729,FORWARDED,ddef8f50-c360-463d-b724-e6d1bf48053c,1192f2bf-27ca-4202-bb78-15655f0db05c,c5,c4,1459,?,i11,
1769091394.972029,SENT,d059ddd3-bc63-41dd-95e7-9aeaa2498aab,700fbc02-79f3-457e-8dff-4c35cd18a29d,c2,DROP,1008,?,i4,
1769091394.9720843,FORWARDED,d059ddd3-bc63-41dd-95e7-9aeaa2498aab,700fbc02-79f3-457e-8dff-4c35cd18a29d,c2,DROP,1008,?,i4,
1769091395.0580664,RECEIVED,202aaae7-d627-4d76-b4d4-d2e6754c7da8,b9587e46-7af8-4cde-973e-33495580efc8,c5,DROP,1452,p2,?,
1769091395.1344728,RECEIVED,1b46e6ff-bd69-47ad-a65f-a06b9c681d3e,966501ed-5072-42b8-8be5-e840aaa9b3ac,c4,c1,2043,p1,?,
1769091395.151898,RECEIVED,f2045cee-8435-4e73-861b-3e778a18ed25,2fe2b6b0-da96-4c44-9199-38590c91b820,c2,c1,2038,p2,?,
1769091395.2165046,SENT,c2e7d595-abf0-4d54-bc4f-7e5a2bb876c1,761e29c6-611b-4f29-a1a9-81376e79f43a,c2,c1,1455,?,i3,
1769091395.2165475,FORWARDED,c2e7d595-abf0-4d54-bc4f-7e5a2bb876c1,761e29c6-611b-4f29-a1a9-81376e79f43a,c2,c1,1455,?,i3,
1769091395.3517072,RECEIVED,26a913fb-5751-436c-896d-efdb9909a9e0,bbdd8004-7e0e-4bfc-9987-d349a6caf440,c1,c5,2049,p1,?,
1769091395.383851,RECEIVED,e2bef370-b5c9-46ae-9c69-dc0b94c8f8ae,8d731688-80e2-4331-9fb3-8c972f9bbb9a,c3,c4,2039,p3,?,
1769091395.3863924,SENT,216c71f7-fef1-4a14-856e-7d75a44e3274,a9272cff-3bb9-487b-b154-feafa03ad2ad,c5,c4,1456,?,i4,
1769091395.386433,FORWARDED,216c71f7-fef1-4a14-856e-7d75a44e3274,a9272cff-3bb9-487b-b154-feafa03ad2ad,c5,c4,1456,?,i4,
1769091395.5008838,RECEIVED,4c2db4e9-6001-434c-a4b0-8066d1c7db2b,2bcdbe4d-3a48-44f9-b781-1b53b3bb2cee,c2,c1,2043,p2,?,
1769091395.5508204,SENT,26a913fb-5751-436c-896d-efdb9909a9e0,bbdd8004-7e0e-4bfc-9987-d349a6caf440,c1,c5,1463,?,i12,
1769091395.5508616,FORWARDED,26a913fb-5751-436c-896d-efdb9909a9e0,bbdd8004-7e0e-4bfc-9987-d349a6caf440,c1,c5,1463,?,i12,
1769091395.5551155,RECEIVED,828719c5-ac52-4b86-882c-0dc5e82b9ab0,c5840ab3-3cf0-4ef6-900d-63a69803a7eb,c2,c1,2043,p2,?,
1769091395.564234,FORWARDED,f2045cee-8435-4e73-861b-3e778a18ed25,2fe2b6b0-da96-4c44-9199-38590c91b820,c2,c1,1456,?,i6,
1769091395.6181958,RECEIVED,b7529ec4-e441-4cc6-aebc-abfbc14f68e3,b9b6adba-9eee-49d1-b812-1d416d71b637,c5,DROP,1448,p2,?,
1769091395.6612058,RECEIVED,c87d8ab1-fcdb-4af4-8f05-8fc496f76fb5,1f8b262c-97d6-43af-b90a-63c9c0de22bf,c4,DROP,1453,p1,?,
1769091395.6957736,FORWARDED,b7529ec4-e441-4cc6-aebc-abfbc14f68e3,b9b6adba-9eee-49d1-b812-1d416d71b637,c5,DROP,1012,?,i6,
1769091395.7657826,SENT,202aaae7-d627-4d76-b4d4-d2e6754c7da8,b9587e46-7af8-4cde-973e-33495580efc8,c5,DROP,1015,?,i12,
1769091395.765826,FORWARDED,202aaae7-d627-4d76-b4d4-d2e6754c7da8,b9587e46-7af8-4cde-973e-33495580efc8,c5,DROP,1015,?,i12,
1769091395.7818654,SENT,c87d8ab1-fcdb-4af4-8f05-8fc496f76fb5,1f8b262c-97d6-43af-b90a-63c9c0de22bf,c4,DROP,1015,?,i11,
1769091395.781906,FORWARDED,c87d8ab1-fcdb-4af4-8f05-8fc496f76fb5,1f8b262c-97d6-43af-b90a-63c9c0de22bf,c4,DROP,1015,?,i11,
1769091395.7973793,RECEIVED,de949df6-a2c5-462c-8208-f5d87a116516,acacee9a-fdd9-4584-bf55-b077e067f892,c1,c5,2045,p1,?,
1769091395.8095121,RECEIVED,a67db257-f8b9-4845-b9d3-2ca303676b92,3bc2d08d-cb61-4f44-b4d7-fc701b47f9f6,c3,DROP,1460,p3,?,
1769091395.8678997,SENT,1b46e6ff-bd69-47ad-a65f-a06b9c681d3e,966501ed-5072-42b8-8be5-e840aaa9b3ac,c4,c1,1459,?,i1,
1769091395.8679411,FORWARDED,1b46e6ff-bd69-47ad-a65f-a06b9c681d3e,966501ed-5072-42b8-8be5-e840aaa9b3ac,c4,c1,1459,?,i1,
1769091395.9785674,SENT,de949df6-a2c5-462c-8208-f5d87a116516,acacee9a-fdd9-4584-bf55-b077e067f892,c1,c5,1460,?,i10,
1769091395.97861,FORWARDED,de949df6-a2c5-462c-8208-f5d87a116516,acacee9a-fdd9-4584-bf55-b077e067f892,c1,c5,1460,?,i10,
1769091396.0393374,RECEIVED,130f58b3-7be4-450b-8c50-60fe2d817458,bb6d8549-c04b-4ed4-9242-98bc16fae478,c2,c1,2029,p2,?,
1769091396.0634553,SENT,828719c5-ac52-4b86-882c-0dc5e82b9ab0,c5840ab3-3cf0-4ef6-900d-63a69803a7eb,c2,c1,1459,?,i9,
1769091396.0634956,FORWARDED,828719c5-ac52-4b86-882c-0dc5e82b9ab0,c5840ab3-3cf0-4ef6-900d-63a69803a7eb,c2,c1,1459,?,i9,
1769091396.1032374,SENT,130f58b3-7be4-450b-8c50-60fe2d817458,bb6d8549-c04b-4ed4-9242-98bc16fae478,c2,c1,1447,?,i7,
1769091396.1032772,FORWARDED,130f58b3-7be4-450b-8c50-60fe2d817458,bb6d8549-c04b-4ed4-9242-98bc16fae478,c2,c1,1447,?,i7,
1769091396.2431943,RECEIVED,c685823b-4bb6-434d-8330-10aa2939197a,cdc08ce8-92bf-42a1-bac7-b0f243df45d1,c4,c1,2040,p1,?,
1769091396.2700737,SENT,a67db257-f8b9-4845-b9d3-2ca303676b92,3bc2d08d-cb61-4f44-b4d7-fc701b47f9f6,c3,DROP,1021,?,i10,
1769091396.2701154,FORWARDED,a67db257-f8b9-4845-b9d3-2ca303676b92,3bc2d08d-cb61-4f44-b4d7-fc701b47f9f6,c3,DROP,1021,?,i10,
1769091396.286578,SENT,e2bef370-b5c9-46ae-9c69-dc0b94c8f8ae,8d731688-80e2-4331-9fb3-8c972f9bbb9a,c3,c4,1456,?,i1,
1769091396.2866158,FORWARDED,e2bef370-b5c9-46ae-9c69-dc0b94c8f8ae,8d731688-80e2-4331-9fb3-8c972f9bbb9a,c3,c4,1456,?,i1,
1769091396.3414984,SENT,4c2db4e9-6001-434c-a4b0-8066d1c7db2b,2bcdbe4d-3a48-44f9-b781-1b53b3bb2cee,c2,c1,1459,?,i5,
1769091396.34154,FORWARDED,4c2db4e9-6001-434c-a4b0-8066d1c7db2b,2bcdbe4d-3a48-44f9-b781-1b53b3bb2cee,c2,c1,1459,?,i5,
1769091396.3776276,RECEIVED,79c520c9-47be-43f4-8db9-b49e60417905,2545ac25-ebd2-4ff8-af65-d503246128a3,c1,DROP,1439,p1,?,
1769091396.497373,RECEIVED,a6d06714-b6d3-4b07-9e11-5e3c421786bc,37596ca7-efad-4939-a169-c3d74f3a76b8,c4,DROP,1457,p1,?,
1769091396.5967836,SENT,a6d06714-b6d3-4b07-9e11-5e3c421786bc,37596ca7-efad-4939-a169-c3d74f3a76b8,c4,DROP,1018,?,i10,
1769091396.5973105,FORWARDED,a6d06714-b6d3-4b07-9e11-5e3c421786bc,37596ca7-efad-4939-a169-c3d74f3a76b8,c4,DROP,1018,?,i10,
1769091396.8548586,RECEIVED,e0370c7d-7120-4c20-9fb2-7c82b7b65f08,42a5400e-52d0-4513-97d4-93061e23c1f9,c5,c4,2041,p2,?,
1769091396.9236054,SENT,79c520c9-47be-43f4-8db9-b49e60417905,2545ac25-ebd2-4ff8-af65-d503246128a3,c1,DROP,1007,?,i2,
1769091396.9236596,FORWARDED,79c520c9-47be-43f4-8db9-b49e60417905,2545ac25-ebd2-4ff8-af65-d503246128a3,c1,DROP,1007,?,i2,
1769091396.9409125,SENT,e0370c7d-7120-4c20-9fb2-7c82b7b65f08,42a5400e-52d0-4513-97d4-93061e23c1f9,c5,c4,1457,?,i11,
1769091396.9409523,FORWARDED,e0370c7d-7120-4c20-9fb2-7c82b7b65f08,42a5400e-52d0-4513-97d4-93061e23c1f9,c5,c4,1457,?,i11,
1769091396.9896698,SENT,c685823b-4bb6-434d-8330-10aa2939197a,cdc08ce8-92bf-42a1-bac7-b0f243df45d1,c4,c1,1456,?,i12,
1769091396.9897127,FORWARDED,c685823b-4bb6-434d-8330-10aa2939197a,cdc08ce8-92bf-42a1-bac7-b0f243df45d1,c4,c1,1456,?,i12,
1769091397.0785072,RECEIVED,8c3c3ef6-3cd1-47b7-be1d-2e9d10575368,6fa31b1e-f419-4085-9c64-119c5bbb640f,c1,DROP,442,x7,?,
1769091397.1074245,RECEIVED,352f04f4-1398-4d08-95f4-c26769178410,7ed27144-774f-4e15-9fed-3d2f455ad8bd,c4,DROP,1439,p1,?,
1769091397.163496,RECEIVED,7c26842a-674f-40d6-a66f-05ae37a27002,2360bbb3-1c56-400b-8781-aaf8f4976d45,c2,DROP,443,x3,?,
1769091397.2432764,RECEIVED,6742b49e-cf74-433b-9211-71e31ec4451c,8d9f7659-cd31-4f68-ac63-c3d2857e9cd1,c2,c1,2048,p2,?,
1769091397.3971314,SENT,6742b49e-cf74-433b-9211-71e31ec4451c,8d9f7659-cd31-4f68-ac63-c3d2857e9cd1,c2,c1,1464,?,i9,
1769091397.397166,FORWARDED,6742b49e-cf74-433b-9211-71e31ec4451c,8d9f7659-cd31-4f68-ac63-c3d2857e9cd1,c2,c1,1464,?,i9,
1769091397.643267,RECEIVED,21fe0119-1f7e-4e25-b4d5-777bfaeb27b5,ed686624-9191-4295-a0dd-1bd3e532b5c8,c5,c4,2045,p2,?,
1769091397.7479203,RECEIVED,6275159d-d00f-403d-8519-52d3f771cfb0,eafd4773-819c-4bb6-b83f-6600d5381696,c5,DROP,1439,p2,?,
1769091397.7748098,RECEIVED,6c5c6938-1f43-4031-9693-5eb1c8fdcecb,bd2288d6-37e4-4ff1-a58b-59dc42c6271d,c4,c1,2043,p1,?,
1769091397.8269436,SENT,21fe0119-1f7e-4e25-b4d5-777bfaeb27b5,ed686624-9191-4295-a0dd-1bd3e532b5c8,c5,c4,1459,?,i11,
1769091397.8269858,FORWARDED,21fe0119-1f7e-4e25-b4d5-777bfaeb27b5,ed686624-9191-4295-a0dd-1bd3e532b5c8,c5,c4,1459,?,i11,
1769091397.9915304,RECEIVED,99c6f73e-7075-4757-8d58-8722a146063f,b1e47d9e-745f-45fb-b939-c7305ca1ef47,c4,c1,2043,p1,?,
1769091398.0294688,RECEIVED,309dd16e-89c8-4368-9631-4e2a9feaaad5,3abbd8f5-e4b0-45f1-98bd-50bf6fef7118,c3,c4,2040,p3,?,
1769091398.0698068,SENT,352f04f4-1398-4d08-95f4-c26769178410,7ed27144-774f-4e15-9fed-3d2f455ad8bd,c4,DROP,1007,?,i5,
1769091398.0698485,FORWARDED,352f04f4-1398-4d08-95f4-c26769178410,7ed27144-774f-4e15-9fed-3d2f455ad8bd,c4,DROP,1007,?,i5,
1769091398.1478417,RECEIVED,7b09c868-9c3e-4831-bdc3-7723066a66cc,267d7146-e9cf-42cc-82f0-c1c89e313756,c3,c4,2035,p3,?,
1769091398.1819813,FORWARDED,6275159d-d00f-403d-8519-52d3f771cfb0,eafd4773-819c-4bb6-b83f-6600d5381696,c5,DROP,1006,?,i6,
1769091398.4150825,SENT,309dd16e-89c8-4368-9631-4e2a9feaaad5,3abbd8f5-e4b0-45f1-98bd-50bf6fef7118,c3,c4,1456,?,i10,
1769091398.4151235,FORWARDED,309dd16e-89c8-4368-9631-4e2a9feaaad5,3abbd8f5-e4b0-45f1-98bd-50bf6fef7118,c3,c4,1456,?,i10,
1769091398.4216404,RECEIVED,cef48a69-cfff-45d7-adef-33ec9c1d023f,2f99fa8b-f3c0-4d35-85bd-0d8ebb278909,c1,c5,2035,p1,?,
1769091398.4249344,SENT,6c5c6938-1f43-4031-9693-5eb1c8fdcecb,bd2288d6-37e4-4ff1-a58b-59dc42c6271d,c4,c1,1460,?,i2,
1769091398.4249747,FORWARDED,6c5c6938-1f43-4031-9693-5eb1c8fdcecb,bd2288d6-37e4-4ff1-a58b-59dc42c6271d,c4,c1,1460,?,i2,
1769091398.4998715,RECEIVED,0b9ddae6-533b-4f16-aa27-b7ea4c0979f8,fce1ab98-5d9b-4061-bce8-b9e5d228e89c,c2,c1,2024,p2,?,
1769091398.5592825,SENT,cef48a69-cfff-45d7-adef-33ec9c1d023f,2f99fa8b-f3c0-4d35-85bd-0d8ebb278909,c1,c5,1455,?,i5,
1769091398.559326,FORWARDED,cef48a69-cfff-45d7-adef-33ec9c1d023f,2f99fa8b-f3c0-4d35-85bd-0d8ebb278909,c1,c5,1455,?,i5,
1769091398.6204135,SENT,0b9ddae6-533b-4f16-aa27-b7ea4c0979f8,fce1ab98-5d9b-4061-bce8-b9e5d228e89c,c2,c1,1446,?,i3,
1769091398.6204574,FORWARDED,0b9ddae6-533b-4f16-aa27-b7ea4c0979f8,fce1ab98-5d9b-4061-bce8-b9e5d228e89c,c2,c1,1446,?,i3,
1769091398.6680229,SENT,99c6f73e-7075-4757-8d58-8722a146063f,b1e47d9e-745f-45fb-b939-c7305ca1ef47,c4,c1,1461,?,i7,
1769091398.6682732,FORWARDED,99c6f73e-7075-4757-8d58-8722a146063f,b1e47d9e-745f-45fb-b939-c7305ca1ef47,c4,c1,1461,?,i7,
1769091398.7790635,RECEIVED,65ee82f8-ee7c-4a2d-ac99-56f3d48632a7,d5989f86-0a1b-40bb-b114-bef3f1b13912,c5,c4,2045,p2,?,
1769091398.8337433,RECEIVED,8749d81a-a131-4083-bfa2-4658c9f26f1a,f30915b0-4e8f-4439-a60c-95d1fc04b24f,c4,c1,2023,p1,?,
1769091398.8864558,RECEIVED,58a31950-676d-457e-9ce8-a7545abb9120,8939f658-f7f4-411e-8aa5-6f0a7e12ebf8,c1,c5,2024,p1,?,
1769091398.9956224,RECEIVED,9cbc7625-6da8-4021-ad9b-8bb2b28c94c7,fe2139c0-9a9a-4985-804f-caa16cfe59c6,c5,c4,2040,p2,?,
1769091399.0093079,SENT,65ee82f8-ee7c-4a2d-ac99-56f3d48632a7,d5989f86-0a1b-40bb-b114-bef3f1b13912,c5,c4,1461,?,i12,
1769091399.0093467,FORWARDED,65ee82f8-ee7c-4a2d-ac99-56f3d48632a7,d5989f86-0a1b-40bb-b114-bef3f1b13912,c5,c4,1461,?,i12,
1769091399.1023223,SENT,7b09c868-9c3e-4831-bdc3-7723066a66cc,267d7146-e9cf-42cc-82f0-c1c89e313756,c3,c4,1453,?,i8,
1769091399.102365,FORWARDED,7b09c868-9c3e-4831-bdc3-7723066a66cc,267d7146-e9cf-42cc-82f0-c1c89e313756,c3,c4,1453,?,i8,
1769091399.1617768,SENT,58a31950-676d-457e-9ce8-a7545abb9120,8939f658-f7f4-411e-8aa5-6f0a7e12ebf8,c1,c5,1444,?,i8,
1769091399.1618426,FORWARDED,58a31950-676d-457e-9ce8-a7545abb9120,8939f658-f7f4-411e-8aa5-6f0a7e12ebf8,c1,c5,1444,?,i8,
1769091399.163317,RECEIVED,46929e69-d416-41e6-921d-b1bbff8efb2f,bb889ee4-2fd2-4ebf-82fe-84e4219c657a,c3,c4,2023,p3,?,
1769091399.353024,SENT,8749d81a-a131-4083-bfa2-4658c9f26f1a,f30915b0-4e8f-4439-a60c-95d1fc04b24f,c4,c1,1446,?,i9,
1769091399.3530788,FORWARDED,8749d81a-a131-4083-bfa2-4658c9f26f1a,f30915b0-4e8f-4439-a60c-95d1fc04b24f,c4,c1,1446,?,i9,
1769091399.3542483,RECEIVED,8765cac7-9fdb-4a00-a9e9-2ee46ee48745,698ddb80-5b35-44cf-8368-5a1e582e0f24,c2,c1,2036,p2,?,
1769091399.4544284,SENT,8765cac7-9fdb-4a00-a9e9-2ee46ee48745,698ddb80-5b35-44cf-8368-5a1e582e0f24,c2,c1,1453,?,i4,
1769091399.4544704,FORWARDED,8765cac7-9fdb-4a00-a9e9-2ee46ee48745,698ddb80-5b35-44cf-8368-5a1e582e0f24,c2,c1,1453,?,i4,
1769091399.5715866,RECEIVED,43752e09-1956-4893-92e9-d89b39ad8ece,5e53f9e1-1f78-481a-bbfc-05050ce98d2a,c1,c5,2040,p1,?,
1769091399.630036,RECEIVED,8ceba3c1-3f84-4cf7-beb3-bb1e7b6c4111,0f44ccb2-3870-4919-bb7b-feed0280cb77,c3,c4,2031,p3,?,
1769091399.6895936,RECEIVED,3682a26c-b4ea-4ec8-8139-bd23470ce70e,ffbe8826-6a25-4a80-af78-9c624039072a,c5,DROP,446,x10,?,
1769091399.7056496,SENT,43752e09-1956-4893-92e9-d89b39ad8ece,5e53f9e1-1f78-481a-bbfc-05050ce98d2a,c1,c5,1456,?,i5,
1769091399.7056901,FORWARDED,43752e09-1956-4893-92e9-d89b39ad8ece,5e53f9e1-1f78-481a-bbfc-05050ce98d2a,c1,c5,1456,?,i5,
1769091399.7738032,RECEIVED,54ebffa6-e2d8-4406-9d2c-71aeadfb6d87,15b7034f-0a89-4ea1-b0c4-d46876076bfc,c2,DROP,442,x6,?,
1769091399.77826,SENT,46929e69-d416-41e6-921d-b1bbff8efb2f,bb889ee4-2fd2-4ebf-82fe-84e4219c657a,c3,c4,1445,?,i8,
1769091399.7783027,FORWARDED,46929e69-d416-41e6-921d-b1bbff8efb2f,bb889ee4-2fd2-4ebf-82fe-84e4219c657a,c3,c4,1445,?,i8,
1769091399.8315008,RECEIVED,69ef9bb9-3363-4e16-a137-6f4e61c2bcc1,2cd402d4-ca2f-4468-b9a9-1d12797ae9a5,c4,c1,2027,p1,?,
1769091400.223172,RECEIVED,a0dbaa64-cd10-4533-8e00-a071aaa79d54,4070055b-1897-4be8-b1de-168200ca3617,c2,c1,2041,p2,?,
1769091400.2953227,SENT,a0dbaa64-cd10-4533-8e00-a071aaa79d54,4070055b-1897-4be8-b1de-168200ca3617,c2,c1,1456,?,i10,
1769091400.2953644,FORWARDED,a0dbaa64-cd10-4533-8e00-a071aaa79d54,4070055b-1897-4be8-b1de-168200ca3617,c2,c1,1456,?,i10,
1769091400.3541272,SENT,69ef9bb9-3363-4e16-a137-6f4e61c2bcc1,2cd402d4-ca2f-4468-b9a9-1d12797ae9a5,c4,c1,1448,?,i4,
1769091400.3541777,FORWARDED,69ef9bb9-3363-4e16-a137-6f4e61c2bcc1,2cd402d4-ca2f-4468-b9a9-1d12797ae9a5,c4,c1,1448,?,i4,
1769091400.3597639,RECEIVED,ae46a3da-7988-4378-b3c1-a54ae0233ac4,e29d6cd4-c89c-45f2-aee3-aa293ae275db,c4,c1,2028,p1,?,
1769091400.3842494,RECEIVED,15242042-598a-457d-95e0-512b06aeee42,ca2d89e2-e446-4409-87b6-003fc90a4523,c3,DROP,1455,p3,?,
1769091400.4586616,SENT,ae46a3da-7988-4378-b3c1-a54ae0233ac4,e29d6cd4-c89c-45f2-aee3-aa293ae275db,c4,c1,1448,?,i9,
1769091400.458703,FORWARDED,ae46a3da-7988-4378-b3c1-a54ae0233ac4,e29d6cd4-c89c-45f2-aee3-aa293ae275db,c4,c1,1448,?,i9,
1769091400.6314318,RECEIVED,622d2412-1e7b-4a79-8690-afb482014a3d,1c749b17-159f-427b-a4bb-59ba80d911a7,c2,c1,2045,p2,?,
1769091400.6380422,RECEIVED,1add1cc1-1fa2-425c-9ace-857f109b7ffe,2e45a98c-8749-4518-a9c3-9727ac2ed24c,c3,DROP,1456,p3,?,
1769091400.76717,SENT,1add1cc1-1fa2-425c-9ace-857f109b7ffe,2e45a98c-8749-4518-a9c3-9727ac2ed24c,c3,DROP,1020,?,i12,
1769091400.7672112,FORWARDED,1add1cc1-1fa2-425c-9ace-857f109b7ffe,2e45a98c-8749-4518-a9c3-9727ac2ed24c,c3,DROP,1020,?,i12,
1769091400.7840424,SENT,622d2412-1e7b-4a79-8690-afb482014a3d,1c749b17-159f-427b-a4bb-59ba80d911a7,c2,c1,1460,?,i11,
1769091400.7840912,FORWARDED,622d2412-1e7b-4a79-8690-afb482014a3d,1c749b17-159f-427b-a4bb-59ba80d911a7,c2,c1,1460,?,i11,
1769091400.833385,RECEIVED,e800665e-a793-43d8-9bdd-2e3df037da36,f988579f-d399-4d70-a218-ea4c9945242e,c5,c4,2033,p2,?,
1769091400.9991665,SENT,e800665e-a793-43d8-9bdd-2e3df037da36,f988579f-d399-4d70-a218-ea4c9945242e,c5,c4,1452,?,i10,
1769091400.9992127,FORWARDED,e800665e-a793-43d8-9bdd-2e3df037da36,f988579f-d399-4d70-a218-ea4c9945242e,c5,c4,1452,?,i10,
1769091401.063609,SENT,9cbc7625-6da8-4021-ad9b-8bb2b28c94c7,fe2139c0-9a9a-4985-804f-caa16cfe59c6,c5,c4,1457,?,i12,
1769091401.0636501,FORWARDED,9cbc7625-6da8-4021-ad9b-8bb2b28c94c7,fe2139c0-9a9a-4985-804f-caa16cfe59c6,c5,c4,1457,?,i12,
1769091401.1770737,RECEIVED,be0e9145-7523-49bb-8762-601f98d7070f,6c03a55a-96e1-42bc-826f-cb081d4a28be,c3,DROP,1456,p3,?,
1769091401.3564994,RECEIVED,a1cb9009-174a-4acf-9b79-404d519beed0,1dcd6d78-cf11-491f-83a7-46b8bb69eeb6,c3,DROP,446,x10,?,
1769091401.3606694,RECEIVED,08103247-49b6-44ac-a524-6ef2ac92a995,92328403-7304-4429-8e51-043a5ec47919,c4,c1,2039,p1,?,
1769091401.4189227,RECEIVED,a0dcb7a8-7df5-42a9-b2fa-8521f9d094c6,2f7c4352-a5b1-4043-ae06-0947dcbf9427,c4,DROP,1446,p1,?,
1769091401.452245,SENT,15242042-598a-457d-95e0-512b06aeee42,ca2d89e2-e446-4409-87b6-003fc90a4523,c3,DROP,1020,?,i7,
1769091401.4523242,FORWARDED,15242042-598a-457d-95e0-512b06aeee42,ca2d89e2-e446-4409-87b6-003fc90a4523,c3,DROP,1020,?,i7,
1769091401.5667558,RECEIVED,d593ab72-dc43-469d-acf2-92f57f731015,becdf2c3-92dc-4749-b2ab-d9fbed3b88b6,c5,c4,2032,p2,?,
1769091401.5867639,SENT,be0e9145-7523-49bb-8762-601f98d7070f,6c03a55a-96e1-42bc-826f-cb081d4a28be,c3,DROP,1020,?,i10,
1769091401.5868058,FORWARDED,be0e9145-7523-49bb-8762-601f98d7070f,6c03a55a-96e1-42bc-826f-cb081d4a28be,c3,DROP,1020,?,i10,
1769091401.6684554,SENT,8ceba3c1-3f84-4cf7-beb3-bb1e7b6c4111,0f44ccb2-3870-4919-bb7b-feed0280cb77,c3,c4,1452,?,i4,
1769091401.6685054,FORWARDED,8ceba3c1-3f84-4cf7-beb3-bb1e7b6c4111,0f44ccb2-3870-4919-bb7b-feed0280cb77,c3,c4,1452,?,i4,
1769091401.7076182,RECEIVED,a20c80ee-039c-46be-9fc7-465f016ceadf,7166d354-ec4d-4363-a7d2-ee898dfbd579,c1,c5,2036,p1,?,
1769091401.7932029,RECEIVED,b3746bcb-1bc4-4e88-8881-2648f040d29b,94a14d92-0015-41fa-9a3a-26a7229a213f,c4,DROP,1456,p1,?,
1769091401.8091638,SENT,d593ab72-dc43-469d-acf2-92f57f731015,becdf2c3-92dc-4749-b2ab-d9fbed3b88b6,c5,c4,1452,?,i3,
1769091401.8092058,FORWARDED,d593ab72-dc43-469d-acf2-92f57f731015,becdf2c3-92dc-4749-b2ab-d9fbed3b88b6,c5,c4,1452,?,i3,
1769091401.8817804,SENT,08103247-49b6-44ac-a524-6ef2ac92a995,92328403-7304-4429-8e51-043a5ec47919,c4,c1,1456,?,i4,
1769091401.8818235,FORWARDED,08103247-49b6-44ac-a524-6ef2ac92a995,92328403-7304-4429-8e51-043a5ec47919,c4,c1,1456,?,i4,
1769091401.8837569,RECEIVED,84faabb5-0b03-4d80-ade7-f756b8cbfc67,3881f2d8-5de3-4ad3-8ed6-d1d04fc6b419,c2,DROP,442,x6,?,
1769091401.9147964,RECEIVED,df787b59-2a1f-40ea-beaa-94fc3dd5df4d,7725794d-389b-49d5-b6bc-77b877ed9bcc,c5,c4,2039,p2,?,
1769091401.9426923,RECEIVED,ea860606-435e-4e9a-86f1-42721cbe59ca,037b329f-2e68-4af4-b052-d4d851d6bb75,c4,DROP,1439,p1,?,
1769091401.9463563,RECEIVED,51959c6d-edee-4d8e-9545-0bf42bdcc7dc,5ad775c3-07e2-4acc-b36b-350de00cbf30,c3,c4,2035,p3,?,
1769091401.991511,RECEIVED,deead61c-3c7a-499f-a639-8c2d82f50b42,031aa1c0-fb8c-4c28-abc3-2a509775d4cf,c4,DROP,441,x3,?,
1769091402.0338395,SENT,a20c80ee-039c-46be-9fc7-465f016ceadf,7166d354-ec4d-4363-a7d2-ee898dfbd579,c1,c5,1454,?,i11,
1769091402.03388,FORWARDED,a20c80ee-039c-46be-9fc7-465f016ceadf,7166d354-ec4d-4363-a7d2-ee898dfbd579,c1,c5,1454,?,i11,
1769091402.105469,RECEIVED,83a9df80-251b-4fff-9a7e-c5245374247a,bed883b6-1361-463b-a9b6-850a298fd6e5,c3,c4,2037,p3,?,
1769091402.1639638,SENT,df787b59-2a1f-40ea-beaa-94fc3dd5df4d,7725794d-389b-49d5-b6bc-77b877ed9bcc,c5,c4,1456,?,i3,
1769091402.1640077,FORWARDED,df787b59-2a1f-40ea-beaa-94fc3dd5df4d,7725794d-389b-49d5-b6bc-77b877ed9bcc,c5,c4,1456,?,i3,
1769091402.176055,SENT,83a9df80-251b-4fff-9a7e-c5245374247a,bed883b6-1361-463b-a9b6-850a298fd6e5,c3,c4,1454,?,i12,
1769091402.1760983,FORWARDED,83a9df80-251b-4fff-9a7e-c5245374247a,bed883b6-1361-463b-a9b6-850a298fd6e5,c3,c4,1454,?,i12,
1769091402.2211683,RECEIVED,e57a6170-89e4-4e6a-82e0-1bf899ad82a3,0453f5c6-3f82-4c82-abb9-b34c6f61c566,c3,c4,2050,p3,?,
1769091402.2777178,SENT,e57a6170-89e4-4e6a-82e0-1bf899ad82a3,0453f5c6-3f82-4c82-abb9-b34c6f61c566,c3,c4,1463,?,i7,
1769091402.27776,FORWARDED,e57a6170-89e4-4e6a-82e0-1bf899ad82a3,0453f5c6-3f82-4c82-abb9-b34c6f61c566,c3,c4,1463,?,i7,
1769091402.2793481,SENT,a0dcb7a8-7df5-42a9-b2fa-8521f9d094c6,2f7c4352-a5b1-4043-ae06-0947dcbf9427,c4,DROP,1014,?,i4,
1769091402.2793863,FORWARDED,a0dcb7a8-7df5-42a9-b2fa-8521f9d094c6,2f7c4352-a5b1-4043-ae06-0947dcbf9427,c4,DROP,1014,?,i4,
1769091402.3626342,RECEIVED,2610926b-3139-44b0-8ac7-ee36e1087f8c,bcea711a-639a-42a0-90bf-2698e373ebe0,c2,c1,2054,p2,?,
1769091402.3893783,SENT,2610926b-3139-44b0-8ac7-ee36e1087f8c,bcea711a-639a-42a0-90bf-2698e373ebe0,c2,c1,1465,?,i12,
1769091402.3894205,FORWARDED,2610926b-3139-44b0-8ac7-ee36e1087f8c,bcea711a-639a-42a0-90bf-2698e373ebe0,c2,c1,1465,?,i12,
1769091402.45565,RECEIVED,0c1ec4e9-ffac-4401-8f89-bb42ff8abf53,c01566fa-7931-40ee-9eee-5e498e19d543,c3,c4,2036,p3,?,
1769091402.4787173,SENT,51959c6d-edee-4d8e-9545-0bf42bdcc7dc,5ad775c3-07e2-4acc-b36b-350de00cbf30,c3,c4,1455,?,i3,
1769091402.4787843,FORWARDED,51959c6d-edee-4d8e-9545-0bf42bdcc7dc,5ad775c3-07e2-4acc-b36b-350de00cbf30,c3,c4,1455,?,i3,
1769091402.492495,RECEIVED,d3d1d1b8-eec9-4cfd-8e04-c056552ce064,4c43553b-b2c7-48d4-bf9b-a877d0ceee74,c1,c5,2047,p1,?,
1769091402.6066496,RECEIVED,c6fb84d3-5768-4059-9102-31052cf3fd05,352958bf-4aa6-40e8-96e2-34ff9c475942,c2,DROP,1456,p2,?,
1769091402.6776466,FORWARDED,ea860606-435e-4e9a-86f1-42721cbe59ca,037b329f-2e68-4af4-b052-d4d851d6bb75,c4,DROP,1007,?,i6,
1769091402.8141563,SENT,0c1ec4e9-ffac-4401-8f89-bb42ff8abf53,c01566fa-7931-40ee-9eee-5e498e19d543,c3,c4,1453,?,i1,
1769091402.8141978,FORWARDED,0c1ec4e9-ffac-4401-8f89-bb42ff8abf53,c01566fa-7931-40ee-9eee-5e498e19d543,c3,c4,1453,?,i1,
1769091402.8481932,SENT,b3746bcb-1bc4-4e88-8881-2648f040d29b,94a14d92-0015-41fa-9a3a-26a7229a213f,c4,DROP,1019,?,i10,
1769091402.8482368,FORWARDED,b3746bcb-1bc4-4e88-8881-2648f040d29b,94a14d92-0015-41fa-9a3a-26a7229a213f,c4,DROP,1019,?,i10,
1769091402.8997412,RECEIVED,995f21b4-ade4-41fb-b83f-2bf176bf7433,92760d94-7e06-49e3-9bdd-9800a3664496,c3,DROP,1457,p3,?,
1769091403.0008624,SENT,d3d1d1b8-eec9-4cfd-8e04-c056552ce064,4c43553b-b2c7-48d4-bf9b-a877d0ceee74,c1,c5,1464,?,i9,
1769091403.000898,FORWARDED,d3d1d1b8-eec9-4cfd-8e04-c056552ce064,4c43553b-b2c7-48d4-bf9b-a877d0ceee74,c1,c5,1464,?,i9,
1769091403.0475163,RECEIVED,e0567e07-c634-4c3e-9250-d8fae992cc79,b1e19fa6-35b3-424e-bf44-c04442dac670,c3,c4,2036,p3,?,
1769091403.0630598,RECEIVED,7c9c9618-0f6e-4826-a16f-a32f301e2620,66f0fffe-0ae4-467c-a11e-df30a1fa5c72,c1,c5,2031,p1,?,
1769091403.0787153,SENT,c6fb84d3-5768-4059-9102-31052cf3fd05,352958bf-4aa6-40e8-96e2-34ff9c475942,c2,DROP,1020,?,i3,
1769091403.0787559,FORWARDED,c6fb84d3-5768-4059-9102-31052cf3fd05,352958bf-4aa6-40e8-96e2-34ff9c475942,c2,DROP,1020,?,i3,
1769091403.1409392,SENT,995f21b4-ade4-41fb-b83f-2bf176bf7433,92760d94-7e06-49e3-9bdd-9800a3664496,c3,DROP,1019,?,i11,
1769091403.1409805,FORWARDED,995f21b4-ade4-41fb-b83f-2bf176bf7433,92760d94-7e06-49e3-9bdd-9800a3664496,c3,DROP,1019,?,i11,
1769091403.182404,RECEIVED,c6f20743-b5eb-491e-b37b-f1557a368b9b,18c4198b-8ed1-4777-812f-c7f7ab22e64e,c5,c4,2019,p2,?,
1769091403.2466252,SENT,c6f20743-b5eb-491e-b37b-f1557a368b9b,18c4198b-8ed1-4777-812f-c7f7ab22e64e,c5,c4,1442,?,i3,
1769091403.246666,FORWARDED,c6f20743-b5eb-491e-b37b-f1557a368b9b,18c4198b-8ed1-4777-812f-c7f7ab22e64e,c5,c4,1442,?,i3,
1769091403.5614538,SENT,e0567e07-c634-4c3e-9250-d8fae992cc79,b1e19fa6-35b3-424e-bf44-c04442dac670,c3,c4,1455,?,i10,
1769091403.5614948,FORWARDED,e0567e07-c634-4c3e-9250-d8fae992cc79,b1e19fa6-35b3-424e-bf44-c04442dac670,c3,c4,1455,?,i10,
1769091403.602234,FORWARDED,7c9c9618-0f6e-4826-a16f-a32f301e2620,66f0fffe-0ae4-467c-a11e-df30a1fa5c72,c1,c5,1452,?,i6,
1769091403.8115833,RECEIVED,9ab7e937-b176-4d7c-98d6-c318845eba97,106f3fea-2760-4eee-91a3-a3b3bed5dfcc,c4,c1,2040,p1,?,
1769091404.0738711,SENT,9ab7e937-b176-4d7c-98d6-c318845eba97,106f3fea-2760-4eee-91a3-a3b3bed5dfcc,c4,c1,1457,?,i8,
1769091404.0739145,FORWARDED,9ab7e937-b176-4d7c-98d6-c318845eba97,106f3fea-2760-4eee-91a3-a3b3bed5dfcc,c4,c1,1457,?,i8,
1769091404.1136568,RECEIVED,d912c3ad-9e3a-49fc-835e-c9904dab3f50,90363d90-ed3f-4a78-aec4-750c9d6149be,c3,c4,2036,p3,?,
1769091404.1251392,RECEIVED,40c2f019-44b5-407b-b488-17a5f61a781e,8be791d3-6098-40b3-9cfd-df7103097e56,c4,c1,2039,p1,?,
1769091404.197627,RECEIVED,0bc41479-9e66-4842-8309-b0b73afe7d65,ce0a4ae2-81b4-4a1a-900b-937cba8f4310,c2,DROP,1440,p2,?,
1769091404.242219,RECEIVED,7aaa7d3d-6fa3-44c7-86ea-1f9a1c4af865,f6200467-7e68-43f3-bc16-18feb0d92606,c3,c4,2030,p3,?,
1769091404.3952637,RECEIVED,be2aaddd-ddb2-4123-a25a-bcd0ab5400df,7ad6eda8-91a4-40e3-aca9-ee9e8d9a3411,c5,DROP,1440,p2,?,
1769091404.4048283,SENT,0bc41479-9e66-4842-8309-b0b73afe7d65,ce0a4ae2-81b4-4a1a-900b-937cba8f4310,c2,DROP,1007,?,i4,
1769091404.404882,FORWARDED,0bc41479-9e66-4842-8309-b0b73afe7d65,ce0a4ae2-81b4-4a1a-900b-937cba8f4310,c2,DROP,1007,?,i4,
1769091404.5355296,SENT,be2aaddd-ddb2-4123-a25a-bcd0ab5400df,7ad6eda8-91a4-40e3-aca9-ee9e8d9a3411,c5,DROP,1007,?,i2,
1769091404.5355718,FORWARDED,be2aaddd-ddb2-4123-a25a-bcd0ab5400df,7ad6eda8-91a4-40e3-aca9-ee9e8d9a3411,c5,DROP,1007,?,i2,
1769091404.550158,SENT,40c2f019-44b5-407b-b488-17a5f61a781e,8be791d3-6098-40b3-9cfd-df7103097e56,c4,c1,1457,?,i7,
1769091404.5502279,FORWARDED,40c2f019-44b5-407b-b488-17a5f61a781e,8be791d3-6098-40b3-9cfd-df7103097e56,c4,c1,1457,?,i7,
1769091404.7325492,RECEIVED,3e5ddc03-3ba3-4214-b0d1-116f29cae26a,e875bce1-4ecb-47e1-8592-73ff6e1e329e,c1,c5,2037,p1,?,
1769091404.9813778,SENT,3e5ddc03-3ba3-4214-b0d1-116f29cae26a,e875bce1-4ecb-47e1-8592-73ff6e1e329e,c1,c5,1455,?,i11,
1769091404.9814234,FORWARDED,3e5ddc03-3ba3-4214-b0d1-116f29cae26a,e875bce1-4ecb-47e1-8592-73ff6e1e329e,c1,c5,1455,?,i11,
1769091405.0825164,SENT,7aaa7d3d-6fa3-44c7-86ea-1f9a1c4af865,f6200467-7e68-43f3-bc16-18feb0d92606,c3,c4,1452,?,i5,
1769091405.0825565,FORWARDED,7aaa7d3d-6fa3-44c7-86ea-1f9a1c4af865,f6200467-7e68-43f3-bc16-18feb0d92606,c3,c4,1452,?,i5,
1769091405.0969367,SENT,d912c3ad-9e3a-49fc-835e-c9904dab3f50,90363d90-ed3f-4a78-aec4-750c9d6149be,c3,c4,1454,?,i11,
1769091405.0969806,FORWARDED,d912c3ad-9e3a-49fc-835e-c9904dab3f50,90363d90-ed3f-4a78-aec4-750c9d6149be,c3,c4,1454,?,i11,
1769091405.1408076,RECEIVED,27598f8d-99d2-4e37-bcb0-6b798a192603,2001efcf-5270-4b13-b157-3c40da33f2eb,c4,c1,2044,p1,?,
1769091405.2229316,RECEIVED,16afa96e-d406-440e-9faf-3f87a73f33e2,50a237db-b643-46a6-b1e6-f9707d0186e1,c2,c1,2027,p2,?,
1769091405.3826456,RECEIVED,baccb367-1af3-4382-b2ab-a81802f2b9ee,a36a8afc-9cd7-493d-bb34-9b35bbda2c39,c5,c4,2040,p2,?,
1769091405.4164963,RECEIVED,8fdd6e8a-b5b5-455e-8016-20adabf25b67,a60f0a2b-2bf5-41c2-ab77-5354cf83d8a1,c2,c1,2039,p2,?,
1769091405.5144205,SENT,16afa96e-d406-440e-9faf-3f87a73f33e2,50a237db-b643-46a6-b1e6-f9707d0186e1,c2,c1,1447,?,i8,
1769091405.5144615,FORWARDED,16afa96e-d406-440e-9faf-3f87a73f33e2,50a237db-b643-46a6-b1e6-f9707d0186e1,c2,c1,1447,?,i8,
1769091405.7093186,RECEIVED,5a2cae24-7e4e-4227-aa8c-422e892b343e,af2bba0a-de8c-4d7c-a1ba-ed33838be2be,c3,c4,2040,p3,?,
1769091405.7776527,SENT,baccb367-1af3-4382-b2ab-a81802f2b9ee,a36a8afc-9cd7-493d-bb34-9b35bbda2c39,c5,c4,1456,?,i12,
1769091405.777694,FORWARDED,baccb367-1af3-4382-b2ab-a81802f2b9ee,a36a8afc-9cd7-493d-bb34-9b35bbda2c39,c5,c4,1456,?,i12,
1769091405.814436,SENT,8fdd6e8a-b5b5-455e-8016-20adabf25b67,a60f0a2b-2bf5-41c2-ab77-5354cf83d8a1,c2,c1,1456,?,i5,
1769091405.8144763,FORWARDED,8fdd6e8a-b5b5-455e-8016-20adabf25b67,a60f0a2b-2bf5-41c2-ab77-5354cf83d8a1,c2,c1,1456,?,i5,
1769091405.954801,SENT,27598f8d-99d2-4e37-bcb0-6b798a192603,2001efcf-5270-4b13-b157-3c40da33f2eb,c4,c1,1459,?,i11,
1769091405.954853,FORWARDED,27598f8d-99d2-4e37-bcb0-6b798a192603,2001efcf-5270-4b13-b157-3c40da33f2eb,c4,c1,1459,?,i11,
1769091406.11162,RECEIVED,486bcce1-9edc-4bdc-a7c1-0746b96ee597,9da2910c-5c75-479f-858c-0c0616e45712,c5,c4,2048,p2,?,
1769091406.358916,SENT,5a2cae24-7e4e-4227-aa8c-422e892b343e,af2bba0a-de8c-4d7c-a1ba-ed33838be2be,c3,c4,1456,?,i11,
1769091406.3590693,FORWARDED,5a2cae24-7e4e-4227-aa8c-422e892b343e,af2bba0a-de8c-4d7c-a1ba-ed33838be2be,c3,c4,1456,?,i11,
1769091406.375693,RECEIVED,18a7dda1-b545-4fd6-ac03-808b1ef7f072,02e1301f-b711-4b0d-9461-c0575b3e84e9,c1,DROP,1458,p1,?,
1769091406.8282816,RECEIVED,9fbfe05e-a4df-4bd4-b9d3-36e601df5672,66fa7fbb-bdf6-4429-8884-8dd602cfdd84,c1,DROP,445,x12,?,
1769091406.8363495,SENT,486bcce1-9edc-4bdc-a7c1-0746b96ee597,9da2910c-5c75-479f-858c-0c0616e45712,c5,c4,1464,?,i12,
1769091406.836388,FORWARDED,486bcce1-9edc-4bdc-a7c1-0746b96ee597,9da2910c-5c75-479f-858c-0c0616e45712,c5,c4,1464,?,i12,
1769091406.9302883,RECEIVED,bd708cd0-100d-4f73-8ef8-a237f791a2ed,2e1a1e80-b37a-40b0-85a5-230ffcdc524a,c4,c1,2048,p1,?,
1769091406.944852,RECEIVED,5af50d23-ef6e-4a51-b369-a9383c6fd786,799a38f9-dd21-4029-9dc7-51155cb293b0,c2,DROP,1440,p2,?,
1769091407.0450988,SENT,5af50d23-ef6e-4a51-b369-a9383c6fd786,799a38f9-dd21-4029-9dc7-51155cb293b0,c2,DROP,1007,?,i5,
1769091407.0451481,FORWARDED,5af50d23-ef6e-4a51-b369-a9383c6fd786,799a38f9-dd21-4029-9dc7-51155cb293b0,c2,DROP,1007,?,i5,
1769091407.068602,RECEIVED,115bf2c4-b297-4f3d-9cdc-c59466c88474,d3ad5814-5e6e-4e9e-a614-b99d03b43b77,c1,c5,2049,p1,?,
1769091407.1446946,SENT,bd708cd0-100d-4f73-8ef8-a237f791a2ed,2e1a1e80-b37a-40b0-85a5-230ffcdc524a,c4,c1,1462,?,i8,
1769091407.144736,FORWARDED,bd708cd0-100d-4f73-8ef8-a237f791a2ed,2e1a1e80-b37a-40b0-85a5-230ffcdc524a,c4,c1,1462,?,i8,
1769091407.154026,RECEIVED,01f1e33c-2797-475a-a598-ef0fc4e996ff,f8ae7e88-55f8-40de-83e3-4bc78a7e9d77,c5,c4,2040,p2,?,
1769091407.2478979,SENT,01f1e33c-2797-475a-a598-ef0fc4e996ff,f8ae7e88-55f8-40de-83e3-4bc78a7e9d77,c5,c4,1456,?,i9,
1769091407.2479403,FORWARDED,01f1e33c-2797-475a-a598-ef0fc4e996ff,f8ae7e88-55f8-40de-83e3-4bc78a7e9d77,c5,c4,1456,?,i9,
1769091407.2533946,SENT,115bf2c4-b297-4f3d-9cdc-c59466c88474,d3ad5814-5e6e-4e9e-a614-b99d03b43b77,c1,c5,1464,?,i11,
1769091407.2534378,FORWARDED,115bf2c4-b297-4f3d-9cdc-c59466c88474,d3ad5814-5e6e-4e9e-a614-b99d03b43b77,c1,c5,1464,?,i11,
1769091407.554742,RECEIVED,2d83671c-3e3f-4b9e-a6b5-c8010c2d1cb6,71bbfd1d-cda4-4a50-8c84-e573f6fa4497,c1,c5,2044,p1,?,
1769091407.557122,RECEIVED,73e96cd1-a290-4123-becd-446e7a6ef484,7744a3e5-f088-4f7e-8415-d9e3b5334b9a,c5,DROP,445,x12,?,
1769091407.6562905,SENT,2d83671c-3e3f-4b9e-a6b5-c8010c2d1cb6,71bbfd1d-cda4-4a50-8c84-e573f6fa4497,c1,c5,1459,?,i1,
1769091407.6563492,FORWARDED,2d83671c-3e3f-4b9e-a6b5-c8010c2d1cb6,71bbfd1d-cda4-4a50-8c84-e573f6fa4497,c1,c5,1459,?,i1,
1769091407.731867,RECEIVED,48902f04-d05e-4525-9d60-ee4a129a6e0e,95e6c75e-2ddb-4d1b-ae3f-9ac54446b170,c3,c4,2035,p3,?,
1769091407.7394679,RECEIVED,ddcd46b7-8530-476b-a772-88ebe58a51a8,5e74f4e6-f8a9-4125-9da6-7df92314c03b,c2,c1,2047,p2,?,
1769091407.8303325,RECEIVED,d34eabf1-8aa1-4e57-b224-715601cff6ef,911ed0e3-b3d3-4879-be64-f309f5af202c,c4,c1,2023,p1,?,
1769091407.8933282,RECEIVED,d85fb9a2-ff4b-44d6-8f42-f8f81d251ec7,ec8abb78-bdca-4414-b677-92ebcb6ced54,c1,DROP,1441,p1,?,
1769091408.0031245,FORWARDED,18a7dda1-b545-4fd6-ac03-808b1ef7f072,02e1301f-b711-4b0d-9461-c0575b3e84e9,c1,DROP,1021,?,i6,
1769091408.077377,RECEIVED,eb0f11f9-7bad-4880-a1e8-6c06d387c10e,077cf017-4c88-4d49-925c-b745a1a2794b,c4,c1,2054,p1,?,
1769091408.101697,SENT,eb0f11f9-7bad-4880-a1e8-6c06d387c10e,077cf017-4c88-4d49-925c-b745a1a2794b,c4,c1,1466,?,i3,
1769091408.1017392,FORWARDED,eb0f11f9-7bad-4880-a1e8-6c06d387c10e,077cf017-4c88-4d49-925c-b745a1a2794b,c4,c1,1466,?,i3,
1769091408.1036816,SENT,ddcd46b7-8530-476b-a772-88ebe58a51a8,5e74f4e6-f8a9-4125-9da6-7df92314c03b,c2,c1,1464,?,i7,
1769091408.10372,FORWARDED,ddcd46b7-8530-476b-a772-88ebe58a51a8,5e74f4e6-f8a9-4125-9da6-7df92314c03b,c2,c1,1464,?,i7,
1769091408.1217096,SENT,d85fb9a2-ff4b-44d6-8f42-f8f81d251ec7,ec8abb78-bdca-4414-b677-92ebcb6ced54,c1,DROP,1007,?,i11,
1769091408.121751,FORWARDED,d85fb9a2-ff4b-44d6-8f42-f8f81d251ec7,ec8abb78-bdca-4414-b677-92ebcb6ced54,c1,DROP,1007,?,i11,
1769091408.1852386,RECEIVED,e23fd778-7e9b-40c2-a286-664c309fb4fa,42da3da3-7cc1-4e78-9a1f-3a1ea9fcb2f8,c4,c1,2032,p1,?,
1769091408.2386055,RECEIVED,a48ca586-221e-4651-8ef6-6a507a5b15a6,904a30bd-8658-4f6e-b00d-283a5f78b60c,c3,c4,2044,p3,?,
1769091408.3615844,RECEIVED,8600a420-873a-4413-ae33-5f790f19da99,811f8d33-e6da-44b4-9dc3-b3a7ae12199b,c3,c4,2047,p3,?,
1769091408.3739133,SENT,a48ca586-221e-4651-8ef6-6a507a5b15a6,904a30bd-8658-4f6e-b00d-283a5f78b60c,c3,c4,1460,?,i1,
1769091408.3739545,FORWARDED,a48ca586-221e-4651-8ef6-6a507a5b15a6,904a30bd-8658-4f6e-b00d-283a5f78b60c,c3,c4,1460,?,i1,
1769091408.3953457,SENT,48902f04-d05e-4525-9d60-ee4a129a6e0e,95e6c75e-2ddb-4d1b-ae3f-9ac54446b170,c3,c4,1455,?,i5,
1769091408.3953865,FORWARDED,48902f04-d05e-4525-9d60-ee4a129a6e0e,95e6c75e-2ddb-4d1b-ae3f-9ac54446b170,c3,c4,1455,?,i5,
1769091408.4691696,RECEIVED,2271d360-4b43-4dcc-8c0a-310633364218,932cfed6-199a-4110-bf6c-00635039afcf,c5,DROP,1452,p2,?,
1769091408.504745,SENT,2271d360-4b43-4dcc-8c0a-310633364218,932cfed6-199a-4110-bf6c-00635039afcf,c5,DROP,1015,?,i1,
1769091408.5047848,FORWARDED,2271d360-4b43-4dcc-8c0a-310633364218,932cfed6-199a-4110-bf6c-00635039afcf,c5,DROP,1015,?,i1,
1769091408.5427778,SENT,d34eabf1-8aa1-4e57-b224-715601cff6ef,911ed0e3-b3d3-4879-be64-f309f5af202c,c4,c1,1444,?,i2,
1769091408.5428274,FORWARDED,d34eabf1-8aa1-4e57-b224-715601cff6ef,911ed0e3-b3d3-4879-be64-f309f5af202c,c4,c1,1444,?,i2,
1769091408.5782099,RECEIVED,4b98d6f8-0edc-46b1-b494-5685c239d7a1,6293fbb2-338f-43ad-8325-e99f25214bfc,c1,c5,2024,p1,?,
1769091408.5840585,SENT,e23fd778-7e9b-40c2-a286-664c309fb4fa,42da3da3-7cc1-4e78-9a1f-3a1ea9fcb2f8,c4,c1,1452,?,i5,
1769091408.5841026,FORWARDED,e23fd778-7e9b-40c2-a286-664c309fb4fa,42da3da3-7cc1-4e78-9a1f-3a1ea9fcb2f8,c4,c1,1452,?,i5,
1769091408.6457126,RECEIVED,a8739b99-2b89-471c-858e-321e3703349e,6a90ccd3-3d81-4a79-b272-e193be5fb698,c5,c4,2038,p2,?,
1769091408.6551068,SENT,4b98d6f8-0edc-46b1-b494-5685c239d7a1,6293fbb2-338f-43ad-8325-e99f25214bfc,c1,c5,1444,?,i2,
1769091408.655143,FORWARDED,4b98d6f8-0edc-46b1-b494-5685c239d7a1,6293fbb2-338f-43ad-8325-e99f25214bfc,c1,c5,1444,?,i2,
1769091408.780737,RECEIVED,71574af3-bd1f-4643-8555-a2cad8ba5eef,eb54086d-e42d-4e3a-bcc9-4d0d5661fa29,c2,c1,2042,p2,?,
1769091408.8233418,RECEIVED,7f798637-cc08-4933-9f39-8692417e1d5c,778db7ae-1cf2-47a5-b00d-10c6ec525b1e,c3,DROP,1439,p3,?,
1769091408.8417847,RECEIVED,0b5c7ae1-1da3-4a09-bda2-a503b2682161,1a4a8876-ceee-4c54-b632-05c72ad588b9,c3,DROP,1443,p3,?,
1769091408.9787927,RECEIVED,77848a10-6a26-42d2-b831-59ba8a824142,5039a95d-6ef7-4e0a-b30a-6fd145700d32,c1,c5,2036,p1,?,
1769091409.0746284,SENT,a8739b99-2b89-471c-858e-321e3703349e,6a90ccd3-3d81-4a79-b272-e193be5fb698,c5,c4,1456,?,i2,
1769091409.0746698,FORWARDED,a8739b99-2b89-471c-858e-321e3703349e,6a90ccd3-3d81-4a79-b272-e193be5fb698,c5,c4,1456,?,i2,
1769091409.1131825,RECEIVED,2b796554-6cb0-4f16-ab2d-2b5d83244266,679ce1b1-0ead-403d-a702-2db04642faee,c4,c1,2038,p1,?,
1769091409.175847,SENT,2b796554-6cb0-4f16-ab2d-2b5d83244266,679ce1b1-0ead-403d-a702-2db04642faee,c4,c1,1455,?,i11,
1769091409.1758878,FORWARDED,2b796554-6cb0-4f16-ab2d-2b5d83244266,679ce1b1-0ead-403d-a702-2db04642faee,c4,c1,1455,?,i11,
1769091409.1971896,SENT,77848a10-6a26-42d2-b831-59ba8a824142,5039a95d-6ef7-4e0a-b30a-6fd145700d32,c1,c5,1455,?,i8,
1769091409.1972382,FORWARDED,77848a10-6a26-42d2-b831-59ba8a824142,5039a95d-6ef7-4e0a-b30a-6fd145700d32,c1,c5,1455,?,i8,
1769091409.2275257,RECEIVED,48f911aa-6432-4a67-a077-74d4ee0695f9,3c72d227-f513-4eac-ad75-731a75853387,c4,c1,2023,p1,?,
1769091409.3181016,SENT,8600a420-873a-4413-ae33-5f790f19da99,811f8d33-e6da-44b4-9dc3-b3a7ae12199b,c3,c4,1463,?,i8,
1769091409.31815,FORWARDED,8600a420-873a-4413-ae33-5f790f19da99,811f8d33-e6da-44b4-9dc3-b3a7ae12199b,c3,c4,1463,?,i8,
1769091409.4671237,SENT,0b5c7ae1-1da3-4a09-bda2-a503b2682161,1a4a8876-ceee-4c54-b632-05c72ad588b9,c3,DROP,1011,?,i2,
1769091409.4671664,FORWARDED,0b5c7ae1-1da3-4a09-bda2-a503b2682161,1a4a8876-ceee-4c54-b632-05c72ad588b9,c3,DROP,1011,?,i2,
1769091409.4754798,SENT,71574af3-bd1f-4643-8555-a2cad8ba5eef,eb54086d-e42d-4e3a-bcc9-4d0d5661fa29,c2,c1,1460,?,i2,
1769091409.4755216,FORWARDED,71574af3-bd1f-4643-8555-a2cad8ba5eef,eb54086d-e42d-4e3a-bcc9-4d0d5661fa29,c2,c1,1460,?,i2,
1769091409.5450833,RECEIVED,f1d215ba-83e7-42f2-be03-40d1435e8270,7912362b-bf5b-4e88-b73f-f9eb0bc224dc,c4,c1,2040,p1,?,
1769091409.6225212,RECEIVED,ce497fd8-1ac4-419f-a444-fecdf00db0d0,a8fe3b36-355f-4972-a7cf-eeb0b222b1f0,c1,DROP,1461,p1,?,
1769091409.746562,SENT,7f798637-cc08-4933-9f39-8692417e1d5c,778db7ae-1cf2-47a5-b00d-10c6ec525b1e,c3,DROP,1008,?,i1,
1769091409.746602,FORWARDED,7f798637-cc08-4933-9f39-8692417e1d5c,778db7ae-1cf2-47a5-b00d-10c6ec525b1e,c3,DROP,1008,?,i1,
1769091409.763301,SENT,ce497fd8-1ac4-419f-a444-fecdf00db0d0,a8fe3b36-355f-4972-a7cf-eeb0b222b1f0,c1,DROP,1021,?,i10,
1769091409.76334,FORWARDED,ce497fd8-1ac4-419f-a444-fecdf00db0d0,a8fe3b36-355f-4972-a7cf-eeb0b222b1f0,c1,DROP,1021,?,i10,
1769091409.8231952,RECEIVED,2b7cf190-7f06-40e0-93d9-a9b55373101b,6355075e-3fdc-41ac-8800-04890f6f8a68,c5,c4,2048,p2,?,
1769091409.8456345,RECEIVED,739b61df-9591-460c-a799-32c1d5efa663,ea0a6dcf-427f-43e6-b763-a9c45c4c28be,c1,DROP,1444,p1,?,
1769091409.918179,RECEIVED,a550525a-c1d4-4007-b384-23e61b718b5d,cc18c2ca-8294-4e1c-8cc6-75b419be9ef8,c5,DROP,1443,p2,?,
1769091409.959938,SENT,48f911aa-6432-4a67-a077-74d4ee0695f9,3c72d227-f513-4eac-ad75-731a75853387,c4,c1,1446,?,i8,
1769091409.9599824,FORWARDED,48f911aa-6432-4a67-a077-74d4ee0695f9,3c72d227-f513-4eac-ad75-731a75853387,c4,c1,1446,?,i8,
1769091410.000514,SENT,2b7cf190-7f06-40e0-93d9-a9b55373101b,6355075e-3fdc-41ac-8800-04890f6f8a68,c5,c4,1463,?,i4,
1769091410.0005558,FORWARDED,2b7cf190-7f06-40e0-93d9-a9b55373101b,6355075e-3fdc-41ac-8800-04890f6f8a68,c5,c4,1463,?,i4,
1769091410.0236585,RECEIVED,b4f520e0-ccee-40fe-88a2-0cade25d45d0,630c6644-2a8f-483a-8075-9d33d6c87749,c4,DROP,1456,p1,?,
1769091410.0438852,RECEIVED,b68b3f67-76e8-46b1-9a27-9ed084522093,f688e22c-3597-4315-ac06-3b0bf90a26af,c1,c5,2035,p1,?,
1769091410.1505482,FORWARDED,739b61df-9591-460c-a799-32c1d5efa663,ea0a6dcf-427f-43e6-b763-a9c45c4c28be,c1,DROP,1011,?,i6,
1769091410.185979,SENT,b4f520e0-ccee-40fe-88a2-0cade25d45d0,630c6644-2a8f-483a-8075-9d33d6c87749,c4,DROP,1020,?,i2,
1769091410.1860218,FORWARDED,b4f520e0-ccee-40fe-88a2-0cade25d45d0,630c6644-2a8f-483a-8075-9d33d6c87749,c4,DROP,1020,?,i2,
1769091410.2250211,RECEIVED,4d45dd18-1c59-42ce-a87b-457d054ab7da,f6ca6bc4-34f8-4df7-a69a-8de12d78be54,c5,c4,2049,p2,?,
1769091410.338742,RECEIVED,bac295f0-5636-428e-830a-0f9581ac7fed,b4a504e9-032e-4056-8ed0-8bbd3ab169ef,c1,c5,2044,p1,?,
1769091410.3719647,SENT,b68b3f67-76e8-46b1-9a27-9ed084522093,f688e22c-3597-4315-ac06-3b0bf90a26af,c1,c5,1455,?,i8,
1769091410.3720078,FORWARDED,b68b3f67-76e8-46b1-9a27-9ed084522093,f688e22c-3597-4315-ac06-3b0bf90a26af,c1,c5,1455,?,i8,
1769091410.5345361,SENT,4d45dd18-1c59-42ce-a87b-457d054ab7da,f6ca6bc4-34f8-4df7-a69a-8de12d78be54,c5,c4,1464,?,i11,
1769091410.5345776,FORWARDED,4d45dd18-1c59-42ce-a87b-457d054ab7da,f6ca6bc4-34f8-4df7-a69a-8de12d78be54,c5,c4,1464,?,i11,
1769091410.6628509,SENT,f1d215ba-83e7-42f2-be03-40d1435e8270,7912362b-bf5b-4e88-b73f-f9eb0bc224dc,c4,c1,1458,?,i11,
1769091410.6628964,FORWARDED,f1d215ba-83e7-42f2-be03-40d1435e8270,7912362b-bf5b-4e88-b73f-f9eb0bc224dc,c4,c1,1458,?,i11,
1769091410.6939464,FORWARDED,bac295f0-5636-428e-830a-0f9581ac7fed,b4a504e9-032e-4056-8ed0-8bbd3ab169ef,c1,c5,1461,?,i6,
1769091410.7045348,RECEIVED,0dbea031-dc61-4e4f-a334-a030d07ba714,c5639168-d193-43aa-8ee9-658e42f231a0,c2,DROP,1451,p2,?,
1769091410.732186,SENT,a550525a-c1d4-4007-b384-23e61b718b5d,cc18c2ca-8294-4e1c-8cc6-75b419be9ef8,c5,DROP,1009,?,i4,
1769091410.7322352,FORWARDED,a550525a-c1d4-4007-b384-23e61b718b5d,cc18c2ca-8294-4e1c-8cc6-75b419be9ef8,c5,DROP,1009,?,i4,
1769091410.8371763,RECEIVED,0385ce44-c0c1-44c1-a25e-e7a2620437ef,4346a162-22a0-4cc7-8493-ef1c9f88a002,c4,DROP,1456,p1,?,
1769091410.8827074,RECEIVED,8b1b5d1b-1af2-4dd8-9e81-0a6f04700ef6,0e3db86f-0853-4518-bc9e-e9cabc7fcdc8,c1,c5,2056,p1,?,
1769091411.0102549,SENT,0385ce44-c0c1-44c1-a25e-e7a2620437ef,4346a162-22a0-4cc7-8493-ef1c9f88a002,c4,DROP,1020,?,i2,
1769091411.0102928,FORWARDED,0385ce44-c0c1-44c1-a25e-e7a2620437ef,4346a162-22a0-4cc7-8493-ef1c9f88a002,c4,DROP,1020,?,i2,
1769091411.0220733,SENT,8b1b5d1b-1af2-4dd8-9e81-0a6f04700ef6,0e3db86f-0853-4518-bc9e-e9cabc7fcdc8,c1,c5,1468,?,i2,
1769091411.022108,FORWARDED,8b1b5d1b-1af2-4dd8-9e81-0a6f04700ef6,0e3db86f-0853-4518-bc9e-e9cabc7fcdc8,c1,c5,1468,?,i2,
1769091411.2539442,RECEIVED,74935521-d0e7-4186-8615-4cd24c1e4294,a1cf4a6d-bc2f-4ceb-a916-085f895ac576,c4,DROP,1457,p1,?,
1769091411.328136,SENT,74935521-d0e7-4186-8615-4cd24c1e4294,a1cf4a6d-bc2f-4ceb-a916-085f895ac576,c4,DROP,1020,?,i10,
1769091411.3281777,FORWARDED,74935521-d0e7-4186-8615-4cd24c1e4294,a1cf4a6d-bc2f-4ceb-a916-085f895ac576,c4,DROP,1020,?,i10,
1769091411.6677797,SENT,0dbea031-dc61-4e4f-a334-a030d07ba714,c5639168-d193-43aa-8ee9-658e42f231a0,c2,DROP,1015,?,i1,
1769091411.6678252,FORWARDED,0dbea031-dc61-4e4f-a334-a030d07ba714,c5639168-d193-43aa-8ee9-658e42f231a0,c2,DROP,1015,?,i1,
1769091411.6923456,RECEIVED,66f37926-fc1c-4e97-a365-b0e7da840be5,fabc8a61-78c9-4182-bf59-24aa7e0a0990,c5,DROP,1440,p2,?,
1769091411.7361963,RECEIVED,2052b59c-ba00-4015-85a2-7321e70ac959,3b0bc18b-bcc0-473b-9aab-8b8c6b0881af,c1,DROP,1449,p1,?,
1769091411.7420278,SENT,66f37926-fc1c-4e97-a365-b0e7da840be5,fabc8a61-78c9-4182-bf59-24aa7e0a0990,c5,DROP,1007,?,i3,
1769091411.7420783,FORWARDED,66f37926-fc1c-4e97-a365-b0e7da840be5,fabc8a61-78c9-4182-bf59-24aa7e0a0990,c5,DROP,1007,?,i3,
1769091411.7623513,SENT,2052b59c-ba00-4015-85a2-7321e70ac959,3b0bc18b-bcc0-473b-9aab-8b8c6b0881af,c1,DROP,1012,?,i1,
1769091411.7623913,FORWARDED,2052b59c-ba00-4015-85a2-7321e70ac959,3b0bc18b-bcc0-473b-9aab-8b8c6b0881af,c1,DROP,1012,?,i1,
1769091411.9022472,RECEIVED,f47c851d-2e0e-4dbc-ae78-c61c73dae8ae,ab93c223-5672-4659-86a7-e7caa1b0892d,c3,DROP,441,x5,?,
1769091412.383432,RECEIVED,3f605334-d432-4465-894e-03bca5335b19,17d49214-b547-494b-94ea-b2d24a8de412,c1,DROP,441,x9,?,
1769091412.6082802,RECEIVED,5d2a4575-87c1-4fc9-b3b8-737b56491b56,161a36a9-07ee-4b1e-89e5-795f87377715,c5,DROP,1455,p2,?,
1769091412.687513,RECEIVED,863d4471-5af2-4655-bc76-036633c6d3eb,eb0ccf26-155b-4614-a31c-780e5f05b918,c5,c4,2030,p2,?,
1769091412.6928844,RECEIVED,b9ff2603-88de-4fea-8365-8d43f87f19b2,29bcff86-51a0-4ec6-881c-a42f2ec04ab2,c4,c1,2047,p1,?,
1769091412.9872165,RECEIVED,7c1b5bc8-48d4-43d3-97ce-a1e390cee352,61354718-f0e0-4216-96d1-fbdf7c36699c,c1,DROP,1456,p1,?,
1769091412.993978,RECEIVED,4b5b8441-7570-4387-8b78-e7f0cdf71c62,90e042d3-ec0e-4f6a-80ba-857cccb7b3f5,c5,DROP,442,x1,?,
1769091413.000658,SENT,b9ff2603-88de-4fea-8365-8d43f87f19b2,29bcff86-51a0-4ec6-881c-a42f2ec04ab2,c4,c1,1464,?,i2,
1769091413.0009105,FORWARDED,b9ff2603-88de-4fea-8365-8d43f87f19b2,29bcff86-51a0-4ec6-881c-a42f2ec04ab2,c4,c1,1464,?,i2,
1769091413.10358,RECEIVED,83adfa49-111b-481e-a830-bf8f64ec5c8f,6f1129c7-a361-481c-b90a-ebbf031160ce,c3,c4,2032,p3,?,
1769091413.2099323,FORWARDED,83adfa49-111b-481e-a830-bf8f64ec5c8f,6f1129c7-a361-481c-b90a-ebbf031160ce,c3,c4,1452,?,i6,
1769091413.267975,RECEIVED,2d5f80b2-dd2f-490f-be9c-f1514428d0b4,eb67d6cf-e6fc-4f3d-945e-89a55cd568e7,c2,c1,2035,p2,?,
1769091413.2896042,FORWARDED,5d2a4575-87c1-4fc9-b3b8-737b56491b56,161a36a9-07ee-4b1e-89e5-795f87377715,c5,DROP,1020,?,i6,
1769091413.486292,RECEIVED,3201308d-96c3-42b2-8aaf-a29b86d8617f,2a2234eb-0986-4af4-a975-be6233aa4300,c4,DROP,1448,p1,?,
1769091413.5243704,RECEIVED,0b9507a5-bcba-4a69-8b95-8a486bfe4b3c,ed60fe19-7bef-4b19-ab48-ff11ffa15f17,c2,DROP,1457,p2,?,
1769091413.5365815,RECEIVED,d750a5db-9099-413e-b594-48847e3a0717,b89557b9-638c-4749-872c-3ade06909250,c1,DROP,1439,p1,?,
1769091413.5892332,RECEIVED,5b246c06-774c-4c43-a6c8-afbe5613f72e,1409f148-e527-488d-a492-372fb5cf3d02,c2,c1,2027,p2,?,
1769091413.5969532,SENT,d750a5db-9099-413e-b594-48847e3a0717,b89557b9-638c-4749-872c-3ade06909250,c1,DROP,1008,?,i5,
1769091413.5969996,FORWARDED,d750a5db-9099-413e-b594-48847e3a0717,b89557b9-638c-4749-872c-3ade06909250,c1,DROP,1008,?,i5,
1769091413.6026156,RECEIVED,5ed9ab81-a26d-4ea2-a9b9-7e25ba775665,da23be45-67a2-4c20-a3f1-3095d2b55e19,c2,DROP,1457,p2,?,
1769091413.6568828,SENT,5ed9ab81-a26d-4ea2-a9b9-7e25ba775665,da23be45-67a2-4c20-a3f1-3095d2b55e19,c2,DROP,1019,?,i10,
1769091413.6569993,FORWARDED,5ed9ab81-a26d-4ea2-a9b9-7e25ba775665,da23be45-67a2-4c20-a3f1-3095d2b55e19,c2,DROP,1019,?,i10,
1769091413.65915,SENT,2d5f80b2-dd2f-490f-be9c-f1514428d0b4,eb67d6cf-e6fc-4f3d-945e-89a55cd568e7,c2,c1,1455,?,i7,
1769091413.6591933,FORWARDED,2d5f80b2-dd2f-490f-be9c-f1514428d0b4,eb67d6cf-e6fc-4f3d-945e-89a55cd568e7,c2,c1,1455,?,i7,
1769091413.7210293,RECEIVED,354bb695-3a04-424e-a173-ca343b8af401,71a40f85-8904-4b27-adc1-2facc7d99d5a,c4,DROP,1456,p1,?,
1769091413.7343462,SENT,3201308d-96c3-42b2-8aaf-a29b86d8617f,2a2234eb-0986-4af4-a975-be6233aa4300,c4,DROP,1012,?,i7,
1769091413.7343907,FORWARDED,3201308d-96c3-42b2-8aaf-a29b86d8617f,2a2234eb-0986-4af4-a975-be6233aa4300,c4,DROP,1012,?,i7,
1769091413.746206,SENT,0b9507a5-bcba-4a69-8b95-8a486bfe4b3c,ed60fe19-7bef-4b19-ab48-ff11ffa15f17,c2,DROP,1019,?,i12,
1769091413.7462478,FORWARDED,0b9507a5-bcba-4a69-8b95-8a486bfe4b3c,ed60fe19-7bef-4b19-ab48-ff11ffa15f17,c2,DROP,1019,?,i12,
1769091413.7640338,FORWARDED,354bb695-3a04-424e-a173-ca343b8af401,71a40f85-8904-4b27-adc1-2facc7d99d5a,c4,DROP,1020,?,i6,
1769091413.816998,RECEIVED,321010a3-dbcb-4f41-a3e0-28d62e35a766,02616233-9f83-4cc0-9e33-60ba94fee1c9,c1,DROP,1452,p1,?,
1769091413.864307,FORWARDED,5b246c06-774c-4c43-a6c8-afbe5613f72e,1409f148-e527-488d-a492-372fb5cf3d02,c2,c1,1448,?,i6,
1769091413.9678278,SENT,321010a3-dbcb-4f41-a3e0-28d62e35a766,02616233-9f83-4cc0-9e33-60ba94fee1c9,c1,DROP,1015,?,i12,
1769091413.967868,FORWARDED,321010a3-dbcb-4f41-a3e0-28d62e35a766,02616233-9f83-4cc0-9e33-60ba94fee1c9,c1,DROP,1015,?,i12,
1769091414.070389,RECEIVED,7fe595cc-79c1-4b49-b0fa-522ab5471154,5e36d3a2-7603-4bab-bf65-86e950cc6caf,c5,c4,2039,p2,?,
1769091414.1914637,RECEIVED,cc81d09d-f266-48b2-a285-d5643bd1109d,abacd487-48d6-4f8c-ab3b-f899949abd50,c2,c1,2044,p2,?,
1769091414.2110224,RECEIVED,c5e20c2f-e88b-4f87-835d-7cb39a719814,569fa35e-efe8-423d-9d17-e8c950e74a71,c1,c5,2025,p1,?,
1769091414.2715728,SENT,c5e20c2f-e88b-4f87-835d-7cb39a719814,569fa35e-efe8-423d-9d17-e8c950e74a71,c1,c5,1444,?,i3,
1769091414.271613,FORWARDED,c5e20c2f-e88b-4f87-835d-7cb39a719814,569fa35e-efe8-423d-9d17-e8c950e74a71,c1,c5,1444,?,i3,
1769091414.2973838,RECEIVED,c2127eb2-c2d6-48b8-bfe4-3b31eb182a09,0b683675-c345-493d-9d16-81dd7ea9f49e,c2,c1,2051,p2,?,
1769091414.8216872,RECEIVED,a907fb67-9ff0-4826-9528-87334aee344f,d034556c-6546-4e33-b507-ab39676386cd,c1,c5,2035,p1,?,
1769091414.8572435,RECEIVED,05701b5c-2c81-486e-a52f-05365903b7e2,996d9704-e54c-465d-9dde-9bb0489ca30a,c4,c1,2040,p1,?,
1769091414.8779862,SENT,cc81d09d-f266-48b2-a285-d5643bd1109d,abacd487-48d6-4f8c-ab3b-f899949abd50,c2,c1,1461,?,i12,
1769091414.8780293,FORWARDED,cc81d09d-f266-48b2-a285-d5643bd1109d,abacd487-48d6-4f8c-ab3b-f899949abd50,c2,c1,1461,?,i12,
1769091414.952366,SENT,863d4471-5af2-4655-bc76-036633c6d3eb,eb0ccf26-155b-4614-a31c-780e5f05b918,c5,c4,1452,?,i2,
1769091414.952408,FORWARDED,863d4471-5af2-4655-bc76-036633c6d3eb,eb0ccf26-155b-4614-a31c-780e5f05b918,c5,c4,1452,?,i2,
1769091415.1104536,RECEIVED,0b82c646-9fa2-48b5-88b3-cf45eac362a5,4a1cb969-e89e-4517-bf2d-559b41b38e2e,c3,DROP,1445,p3,?,
1769091415.1108308,SENT,05701b5c-2c81-486e-a52f-05365903b7e2,996d9704-e54c-465d-9dde-9bb0489ca30a,c4,c1,1456,?,i7,
1769091415.1108756,FORWARDED,05701b5c-2c81-486e-a52f-05365903b7e2,996d9704-e54c-465d-9dde-9bb0489ca30a,c4,c1,1456,?,i7,
1769091415.1377103,SENT,0b82c646-9fa2-48b5-88b3-cf45eac362a5,4a1cb969-e89e-4517-bf2d-559b41b38e2e,c3,DROP,1011,?,i7,
1769091415.1377513,FORWARDED,0b82c646-9fa2-48b5-88b3-cf45eac362a5,4a1cb969-e89e-4517-bf2d-559b41b38e2e,c3,DROP,1011,?,i7,
1769091415.2688544,FORWARDED,7fe595cc-79c1-4b49-b0fa-522ab5471154,5e36d3a2-7603-4bab-bf65-86e950cc6caf,c5,c4,1456,?,i6,
1769091415.2972622,SENT,7c1b5bc8-48d4-43d3-97ce-a1e390cee352,61354718-f0e0-4216-96d1-fbdf7c36699c,c1,DROP,1018,?,i11,
1769091415.2973025,FORWARDED,7c1b5bc8-48d4-43d3-97ce-a1e390cee352,61354718-f0e0-4216-96d1-fbdf7c36699c,c1,DROP,1018,?,i11,
1769091415.380109,SENT,c2127eb2-c2d6-48b8-bfe4-3b31eb182a09,0b683675-c345-493d-9d16-81dd7ea9f49e,c2,c1,1466,?,i5,
1769091415.3801522,FORWARDED,c2127eb2-c2d6-48b8-bfe4-3b31eb182a09,0b683675-c345-493d-9d16-81dd7ea9f49e,c2,c1,1466,?,i5,
1769091415.4855971,RECEIVED,822fc0d3-a5f5-411e-94c3-7ab176cdc1e7,00c7fa4f-1011-47f5-89ee-8ae5f93a265d,c5,c4,2043,p2,?,
1769091415.5818439,SENT,822fc0d3-a5f5-411e-94c3-7ab176cdc1e7,00c7fa4f-1011-47f5-89ee-8ae5f93a265d,c5,c4,1456,?,i12,
1769091415.5818884,FORWARDED,822fc0d3-a5f5-411e-94c3-7ab176cdc1e7,00c7fa4f-1011-47f5-89ee-8ae5f93a265d,c5,c4,1456,?,i12,
1769091415.7829442,RECEIVED,08caaed9-a6b9-49d7-b3f2-ea2a61a91600,ed4d400c-0fca-4e56-b0df-46bbf0cf093a,c1,DROP,1459,p1,?,
1769091415.8361316,RECEIVED,ccd92346-ffa7-4877-9edd-c506be4742c2,78d0e4e2-cbe9-48cf-95cd-8740ec44a26c,c3,DROP,1459,p3,?,
1769091415.8367057,RECEIVED,3d6da920-3640-44b2-a6aa-8b29552900f0,7497e9fc-f355-4ef8-8adb-4075c3f56e7b,c2,c1,2042,p2,?,
1769091415.8990607,RECEIVED,e14308df-b8ef-4acf-80ea-ed88cb5b3174,2301c866-2f9b-4ce0-a2d4-40b033654c3e,c3,c4,2040,p3,?,
1769091415.9438307,RECEIVED,b8a1efc8-65df-49a0-856d-7d7ff485d73d,2771f81b-1249-4f79-8965-82ec6b9ad8c3,c1,DROP,1456,p1,?,
1769091416.0494158,SENT,b8a1efc8-65df-49a0-856d-7d7ff485d73d,2771f81b-1249-4f79-8965-82ec6b9ad8c3,c1,DROP,1020,?,i2,
1769091416.0494566,FORWARDED,b8a1efc8-65df-49a0-856d-7d7ff485d73d,2771f81b-1249-4f79-8965-82ec6b9ad8c3,c1,DROP,1020,?,i2,
1769091416.0794818,RECEIVED,176a62f8-bda4-4301-8966-aece7f5526c6,773ca97b-94f2-4543-9ab9-bf0ffb4a82a2,c3,DROP,1440,p3,?,
1769091416.1942444,SENT,e14308df-b8ef-4acf-80ea-ed88cb5b3174,2301c866-2f9b-4ce0-a2d4-40b033654c3e,c3,c4,1456,?,i4,
1769091416.1942863,FORWARDED,e14308df-b8ef-4acf-80ea-ed88cb5b3174,2301c866-2f9b-4ce0-a2d4-40b033654c3e,c3,c4,1456,?,i4,
1769091416.3132968,SENT,a907fb67-9ff0-4826-9528-87334aee344f,d034556c-6546-4e33-b507-ab39676386cd,c1,c5,1454,?,i5,
1769091416.3133414,FORWARDED,a907fb67-9ff0-4826-9528-87334aee344f,d034556c-6546-4e33-b507-ab39676386cd,c1,c5,1454,?,i5,
1769091416.4081187,RECEIVED,db33b0fb-c87e-47ea-9272-d60328adc6a2,d5de3477-71e4-4e6b-a387-880781b0bc70,c5,DROP,1452,p2,?,
1769091416.4406493,RECEIVED,d34be1c2-756c-46be-911b-49053ed444c3,7fb19989-cb00-4340-90ba-9cab32e7e8eb,c4,DROP,1447,p1,?,
1769091416.5476372,RECEIVED,5a4345be-8970-4bd5-b011-1c41a6d5bbd0,3649c544-326d-4b4c-b880-58f4bec48d1f,c2,c1,2043,p2,?,
1769091416.5623424,SENT,176a62f8-bda4-4301-8966-aece7f5526c6,773ca97b-94f2-4543-9ab9-bf0ffb4a82a2,c3,DROP,1007,?,i9,
1769091416.562383,FORWARDED,176a62f8-bda4-4301-8966-aece7f5526c6,773ca97b-94f2-4543-9ab9-bf0ffb4a82a2,c3,DROP,1007,?,i9,
1769091416.629432,SENT,08caaed9-a6b9-49d7-b3f2-ea2a61a91600,ed4d400c-0fca-4e56-b0df-46bbf0cf093a,c1,DROP,1021,?,i3,
1769091416.6294725,FORWARDED,08caaed9-a6b9-49d7-b3f2-ea2a61a91600,ed4d400c-0fca-4e56-b0df-46bbf0cf093a,c1,DROP,1021,?,i3,
1769091416.6669002,RECEIVED,4c2bfb7a-5786-411f-9abd-d7f6f9184e5a,c1874661-16f1-40a7-aa22-bd7c3287780f,c2,DROP,1452,p2,?,
1769091416.804186,RECEIVED,f56a785c-7fbc-461b-ae5e-af233292e0c3,cf256ed2-8a17-4491-a208-630959aafc1f,c1,c5,2044,p1,?,
1769091416.8723018,SENT,db33b0fb-c87e-47ea-9272-d60328adc6a2,d5de3477-71e4-4e6b-a387-880781b0bc70,c5,DROP,1016,?,i9,
1769091416.872344,FORWARDED,db33b0fb-c87e-47ea-9272-d60328adc6a2,d5de3477-71e4-4e6b-a387-880781b0bc70,c5,DROP,1016,?,i9,
1769091416.9492877,RECEIVED,9953cf4a-b01b-4525-9660-ae06553490cb,0f32ed66-9e52-4d3d-9284-7540debdcb0a,c2,DROP,1440,p2,?,
1769091417.0111356,SENT,4c2bfb7a-5786-411f-9abd-d7f6f9184e5a,c1874661-16f1-40a7-aa22-bd7c3287780f,c2,DROP,1015,?,i4,
1769091417.011179,FORWARDED,4c2bfb7a-5786-411f-9abd-d7f6f9184e5a,c1874661-16f1-40a7-aa22-bd7c3287780f,c2,DROP,1015,?,i4,
1769091417.0568378,SENT,9953cf4a-b01b-4525-9660-ae06553490cb,0f32ed66-9e52-4d3d-9284-7540debdcb0a,c2,DROP,1008,?,i7,
1769091417.0568788,FORWARDED,9953cf4a-b01b-4525-9660-ae06553490cb,0f32ed66-9e52-4d3d-9284-7540debdcb0a,c2,DROP,1008,?,i7,
1769091417.1086812,SENT,5a4345be-8970-4bd5-b011-1c41a6d5bbd0,3649c544-326d-4b4c-b880-58f4bec48d1f,c2,c1,1460,?,i9,
1769091417.108723,FORWARDED,5a4345be-8970-4bd5-b011-1c41a6d5bbd0,3649c544-326d-4b4c-b880-58f4bec48d1f,c2,c1,1460,?,i9,
1769091417.1221137,SENT,f56a785c-7fbc-461b-ae5e-af233292e0c3,cf256ed2-8a17-4491-a208-630959aafc1f,c1,c5,1461,?,i1,
1769091417.122154,FORWARDED,f56a785c-7fbc-461b-ae5e-af233292e0c3,cf256ed2-8a17-4491-a208-630959aafc1f,c1,c5,1461,?,i1,
1769091417.1676078,RECEIVED,7c762c65-8204-4fc2-a0ce-5fbda010c1a0,ad5e42e6-52ee-4c10-a58a-0a91ec2fc6f0,c1,c5,2031,p1,?,
1769091417.2469332,RECEIVED,8ba644be-e5f7-4381-b00b-e53c0fbc15bc,ac917c84-749a-430f-8d6a-b081a8daebac,c2,DROP,1448,p2,?,
1769091417.4256876,SENT,ccd92346-ffa7-4877-9edd-c506be4742c2,78d0e4e2-cbe9-48cf-95cd-8740ec44a26c,c3,DROP,1021,?,i10,
1769091417.4257298,FORWARDED,ccd92346-ffa7-4877-9edd-c506be4742c2,78d0e4e2-cbe9-48cf-95cd-8740ec44a26c,c3,DROP,1021,?,i10,
1769091417.4418972,SENT,8ba644be-e5f7-4381-b00b-e53c0fbc15bc,ac917c84-749a-430f-8d6a-b081a8daebac,c2,DROP,1013,?,i8,
1769091417.4420905,FORWARDED,8ba644be-e5f7-4381-b00b-e53c0fbc15bc,ac917c84-749a-430f-8d6a-b081a8daebac,c2,DROP,1013,?,i8,
1769091417.6601102,RECEIVED,d3cbedbc-3f8a-4348-b666-bbffb5fd960c,36fac2d6-d78d-4830-b12e-d4b15ba09376,c1,c5,2036,p1,?,
1769091417.9069633,SENT,d3cbedbc-3f8a-4348-b666-bbffb5fd960c,36fac2d6-d78d-4830-b12e-d4b15ba09376,c1,c5,1455,?,i3,
1769091417.9070146,FORWARDED,d3cbedbc-3f8a-4348-b666-bbffb5fd960c,36fac2d6-d78d-4830-b12e-d4b15ba09376,c1,c5,1455,?,i3,
1769091417.9368596,SENT,7c762c65-8204-4fc2-a0ce-5fbda010c1a0,ad5e42e6-52ee-4c10-a58a-0a91ec2fc6f0,c1,c5,1452,?,i9,
1769091417.9369023,FORWARDED,7c762c65-8204-4fc2-a0ce-5fbda010c1a0,ad5e42e6-52ee-4c10-a58a-0a91ec2fc6f0,c1,c5,1452,?,i9,
1769091417.9621196,SENT,d34be1c2-756c-46be-911b-49053ed444c3,7fb19989-cb00-4340-90ba-9cab32e7e8eb,c4,DROP,1013,?,i4,
1769091417.9621632,FORWARDED,d34be1c2-756c-46be-911b-49053ed444c3,7fb19989-cb00-4340-90ba-9cab32e7e8eb,c4,DROP,1013,?,i4,
1769091418.3538926,SENT,3d6da920-3640-44b2-a6aa-8b29552900f0,7497e9fc-f355-4ef8-8adb-4075c3f56e7b,c2,c1,1461,?,i1,
1769091418.3539405,FORWARDED,3d6da920-3640-44b2-a6aa-8b29552900f0,7497e9fc-f355-4ef8-8adb-4075c3f56e7b,c2,c1,1461,?,i1,
1769091418.427323,RECEIVED,d2ba66bd-ea70-4705-b15b-e85f36305dc4,044bec98-046c-4d4f-8d9c-9897552bd319,c3,c4,2047,p3,?,
1769091418.7968726,RECEIVED,aacba0fc-1025-4969-ad8a-bca3abc61af4,5dfe5d96-00f7-4e50-a71d-70fed1104335,c4,DROP,1439,p1,?,
1769091418.8625226,SENT,d2ba66bd-ea70-4705-b15b-e85f36305dc4,044bec98-046c-4d4f-8d9c-9897552bd319,c3,c4,1463,?,i8,
1769091418.8625665,FORWARDED,d2ba66bd-ea70-4705-b15b-e85f36305dc4,044bec98-046c-4d4f-8d9c-9897552bd319,c3,c4,1463,?,i8,
1769091419.0038824,RECEIVED,88e2826f-9a01-4129-9d20-22da32847b64,31e25d96-0fd4-4c9f-bcbe-2e5a5189b594,c2,c1,2031,p2,?,
1769091419.0442004,SENT,aacba0fc-1025-4969-ad8a-bca3abc61af4,5dfe5d96-00f7-4e50-a71d-70fed1104335,c4,DROP,1006,?,i2,
1769091419.0442402,FORWARDED,aacba0fc-1025-4969-ad8a-bca3abc61af4,5dfe5d96-00f7-4e50-a71d-70fed1104335,c4,DROP,1006,?,i2,
1769091419.1276217,RECEIVED,aef6e172-8a81-4bf4-930f-586fc500344c,63945177-3df8-40a0-80f7-323e4eb27521,c2,c1,2037,p2,?,
1769091419.35638,RECEIVED,079401ec-8739-4b6d-90b6-c30212a96d78,4b77890b-0fa1-43c7-9cf0-d0c0e04c1a2c,c4,c1,2032,p1,?,
1769091419.3981717,RECEIVED,711203d4-c89c-4253-8ac5-52dfbd672fe7,cd977b8e-15ce-42c7-acba-3f8cff2a7637,c1,c5,2032,p1,?,
1769091419.4230006,SENT,aef6e172-8a81-4bf4-930f-586fc500344c,63945177-3df8-40a0-80f7-323e4eb27521,c2,c1,1455,?,i10,
1769091419.4230428,FORWARDED,aef6e172-8a81-4bf4-930f-586fc500344c,63945177-3df8-40a0-80f7-323e4eb27521,c2,c1,1455,?,i10,
1769091419.53035,RECEIVED,f5a6a419-9faf-4745-aa7e-7409f4bf5a5c,3b4d4a7b-e804-4392-973e-2121abd27255,c4,DROP,1457,p1,?,
1769091419.649789,SENT,f5a6a419-9faf-4745-aa7e-7409f4bf5a5c,3b4d4a7b-e804-4392-973e-2121abd27255,c4,DROP,1019,?,i12,
1769091419.6498308,FORWARDED,f5a6a419-9faf-4745-aa7e-7409f4bf5a5c,3b4d4a7b-e804-4392-973e-2121abd27255,c4,DROP,1019,?,i12,
1769091419.742467,FORWARDED,079401ec-8739-4b6d-90b6-c30212a96d78,4b77890b-0fa1-43c7-9cf0-d0c0e04c1a2c,c4,c1,1451,?,i6,
1769091419.767696,RECEIVED,b255f2be-3421-4e65-aa41-9980046092fb,7e601d0c-aae8-4f82-bb34-8b89b533f6f0,c4,c1,2036,p1,?,
1769091419.8703191,RECEIVED,0ced2ccc-264c-4000-a938-3a3efd5fa528,b03fc2ff-30cc-494f-a24d-18fe2af688e1,c3,c4,2036,p3,?,
1769091419.870701,SENT,88e2826f-9a01-4129-9d20-22da32847b64,31e25d96-0fd4-4c9f-bcbe-2e5a5189b594,c2,c1,1452,?,i4,
1769091419.8707426,FORWARDED,88e2826f-9a01-4129-9d20-22da32847b64,31e25d96-0fd4-4c9f-bcbe-2e5a5189b594,c2,c1,1452,?,i4,
1769091419.8727114,SENT,b255f2be-3421-4e65-aa41-9980046092fb,7e601d0c-aae8-4f82-bb34-8b89b533f6f0,c4,c1,1455,?,i4,
1769091419.8727515,FORWARDED,b255f2be-3421-4e65-aa41-9980046092fb,7e601d0c-aae8-4f82-bb34-8b89b533f6f0,c4,c1,1455,?,i4,
1769091419.963905,RECEIVED,dde4c4f2-9cd8-4523-b5c1-a6e7b243183e,e2489d8f-a356-4b9c-a616-6a5d936348bb,c4,DROP,445,x11,?,
1769091420.0176542,RECEIVED,f01c6d15-facc-432b-9e64-5bb175ed8972,12d2d1a3-bb5d-47b7-a447-11bbe556e46b,c1,DROP,1440,p1,?,
1769091420.1402352,SENT,f01c6d15-facc-432b-9e64-5bb175ed8972,12d2d1a3-bb5d-47b7-a447-11bbe556e46b,c1,DROP,1007,?,i2,
1769091420.1402853,FORWARDED,f01c6d15-facc-432b-9e64-5bb175ed8972,12d2d1a3-bb5d-47b7-a447-11bbe556e46b,c1,DROP,1007,?,i2,
1769091420.191059,SENT,0ced2ccc-264c-4000-a938-3a3efd5fa528,b03fc2ff-30cc-494f-a24d-18fe2af688e1,c3,c4,1455,?,i12,
1769091420.1911182,FORWARDED,0ced2ccc-264c-4000-a938-3a3efd5fa528,b03fc2ff-30cc-494f-a24d-18fe2af688e1,c3,c4,1455,?,i12,
1769091420.2076242,SENT,711203d4-c89c-4253-8ac5-52dfbd672fe7,cd977b8e-15ce-42c7-acba-3f8cff2a7637,c1,c5,1455,?,i8,
1769091420.2076666,FORWARDED,711203d4-c89c-4253-8ac5-52dfbd672fe7,cd977b8e-15ce-42c7-acba-3f8cff2a7637,c1,c5,1455,?,i8,
1769091420.3661315,RECEIVED,1e7652ee-509a-4604-b48f-cc3b5b6be4e1,742d8ed5-3197-4919-a528-eb22852e7758,c3,DROP,1453,p3,?,
1769091420.3935869,SENT,1e7652ee-509a-4604-b48f-cc3b5b6be4e1,742d8ed5-3197-4919-a528-eb22852e7758,c3,DROP,1016,?,i1,
1769091420.3936417,FORWARDED,1e7652ee-509a-4604-b48f-cc3b5b6be4e1,742d8ed5-3197-4919-a528-eb22852e7758,c3,DROP,1016,?,i1,
1769091420.5167997,RECEIVED,28deb9e4-c788-4b11-a8c7-9fb09c5ecacf,1089c672-ebb9-423b-bf24-181ecf3db49e,c5,c4,2040,p2,?,
1769091420.596894,RECEIVED,0218574c-fbb5-46ee-b891-6f693871f6b0,02e2f3f9-bf8c-41ea-a549-da985625286f,c1,c5,2048,p1,?,
1769091420.776766,SENT,0218574c-fbb5-46ee-b891-6f693871f6b0,02e2f3f9-bf8c-41ea-a549-da985625286f,c1,c5,1464,?,i7,
1769091420.7768042,FORWARDED,0218574c-fbb5-46ee-b891-6f693871f6b0,02e2f3f9-bf8c-41ea-a549-da985625286f,c1,c5,1464,?,i7,
1769091420.8232896,RECEIVED,0d95021b-7e84-4443-ae9b-f6d7042609bc,930b4a6f-94ec-4241-8d67-679a22fae65a,c3,c4,2052,p3,?,
1769091420.8367553,RECEIVED,11adcd13-c3eb-469c-9d53-c1cdf658ae0d,3a564173-c95b-4283-9899-929a2783cb3f,c5,DROP,1440,p2,?,
1769091420.9747229,RECEIVED,7d78f833-cdbf-4b82-81e2-63aaa9af6516,0691e311-360a-4b66-85a4-ca8168944235,c2,c1,2039,p2,?,
1769091421.0657015,SENT,11adcd13-c3eb-469c-9d53-c1cdf658ae0d,3a564173-c95b-4283-9899-929a2783cb3f,c5,DROP,1007,?,i1,
1769091421.065742,FORWARDED,11adcd13-c3eb-469c-9d53-c1cdf658ae0d,3a564173-c95b-4283-9899-929a2783cb3f,c5,DROP,1007,?,i1,
1769091421.0882344,RECEIVED,ecf8475d-c2ea-4842-9e3a-bb1447f97bcc,42ec39aa-94cf-4bb0-9e5f-14877cdaf8c7,c3,c4,2048,p3,?,
1769091421.1079423,RECEIVED,6f209cc7-f5e8-472f-be99-7580941a117f,5288f395-076e-4b62-bea2-ab7a3703b428,c3,DROP,1440,p3,?,
1769091421.1156917,RECEIVED,03a7d356-4c55-4774-82db-0dfb0077dc91,bf46610b-aba9-451c-9e6b-20552021d5d6,c1,DROP,1443,p1,?,
1769091421.1706474,SENT,ecf8475d-c2ea-4842-9e3a-bb1447f97bcc,42ec39aa-94cf-4bb0-9e5f-14877cdaf8c7,c3,c4,1464,?,i7,
1769091421.1706927,FORWARDED,ecf8475d-c2ea-4842-9e3a-bb1447f97bcc,42ec39aa-94cf-4bb0-9e5f-14877cdaf8c7,c3,c4,1464,?,i7,
1769091421.199655,FORWARDED,0d95021b-7e84-4443-ae9b-f6d7042609bc,930b4a6f-94ec-4241-8d67-679a22fae65a,c3,c4,1465,?,i6,
1769091421.3324077,RECEIVED,33507e67-d7e2-4a21-a74c-b7b133925cb4,38089ca3-f1ba-4db0-afd2-27965012c86a,c2,c1,2036,p2,?,
1769091421.3655622,SENT,03a7d356-4c55-4774-82db-0dfb0077dc91,bf46610b-aba9-451c-9e6b-20552021d5d6,c1,DROP,1011,?,i7,
1769091421.3656092,FORWARDED,03a7d356-4c55-4774-82db-0dfb0077dc91,bf46610b-aba9-451c-9e6b-20552021d5d6,c1,DROP,1011,?,i7,
1769091421.385615,SENT,28deb9e4-c788-4b11-a8c7-9fb09c5ecacf,1089c672-ebb9-423b-bf24-181ecf3db49e,c5,c4,1456,?,i10,
1769091421.385659,FORWARDED,28deb9e4-c788-4b11-a8c7-9fb09c5ecacf,1089c672-ebb9-423b-bf24-181ecf3db49e,c5,c4,1456,?,i10,
1769091421.4563847,RECEIVED,9de52e91-662e-4f3d-98c8-62e1a9cea390,4e487a7e-93a8-4e66-989a-8a2df7a60547,c5,DROP,1441,p2,?,
1769091421.5077965,RECEIVED,3509ee4e-8e50-4c40-9956-c6fc4b462b5f,7b566cb2-187b-42ad-8139-f4338f7d034e,c1,DROP,1451,p1,?,
1769091421.5094488,SENT,9de52e91-662e-4f3d-98c8-62e1a9cea390,4e487a7e-93a8-4e66-989a-8a2df7a60547,c5,DROP,1008,?,i3,
1769091421.5094953,FORWARDED,9de52e91-662e-4f3d-98c8-62e1a9cea390,4e487a7e-93a8-4e66-989a-8a2df7a60547,c5,DROP,1008,?,i3,
1769091421.5514348,RECEIVED,0283e772-8877-4cd6-a834-f480480202ec,e4dc255f-6177-43d0-b89e-9bcc40282139,c3,c4,2050,p3,?,
1769091421.6264517,SENT,33507e67-d7e2-4a21-a74c-b7b133925cb4,38089ca3-f1ba-4db0-afd2-27965012c86a,c2,c1,1455,?,i12,
1769091421.6264944,FORWARDED,33507e67-d7e2-4a21-a74c-b7b133925cb4,38089ca3-f1ba-4db0-afd2-27965012c86a,c2,c1,1455,?,i12,
1769091421.6552744,RECEIVED,8438e822-8952-4aff-83dd-0b60a979c2db,9ed78fef-cdda-4c7e-ae6d-142d8f5f1a84,c5,c4,2035,p2,?,
1769091421.6985493,RECEIVED,d4bca493-d1f0-4e7e-af84-8a8fc30eb15d,0ecc1590-3e2f-41f6-a01a-e20f9124f871,c4,DROP,441,x10,?,
1769091421.7784152,SENT,7d78f833-cdbf-4b82-81e2-63aaa9af6516,0691e311-360a-4b66-85a4-ca8168944235,c2,c1,1457,?,i3,
1769091421.7784593,FORWARDED,7d78f833-cdbf-4b82-81e2-63aaa9af6516,0691e311-360a-4b66-85a4-ca8168944235,c2,c1,1457,?,i3,
1769091421.8316627,RECEIVED,bce3f28d-b417-4177-b6ef-2eda31564748,59531bdf-d8a3-4ae0-bdef-6e54e988125a,c5,DROP,1459,p2,?,
1769091421.9182217,SENT,0283e772-8877-4cd6-a834-f480480202ec,e4dc255f-6177-43d0-b89e-9bcc40282139,c3,c4,1465,?,i3,
1769091421.918261,FORWARDED,0283e772-8877-4cd6-a834-f480480202ec,e4dc255f-6177-43d0-b89e-9bcc40282139,c3,c4,1465,?,i3,
1769091422.0317974,SENT,3509ee4e-8e50-4c40-9956-c6fc4b462b5f,7b566cb2-187b-42ad-8139-f4338f7d034e,c1,DROP,1017,?,i4,
1769091422.0318398,FORWARDED,3509ee4e-8e50-4c40-9956-c6fc4b462b5f,7b566cb2-187b-42ad-8139-f4338f7d034e,c1,DROP,1017,?,i4,
1769091422.1734836,SENT,6f209cc7-f5e8-472f-be99-7580941a117f,5288f395-076e-4b62-bea2-ab7a3703b428,c3,DROP,1007,?,i10,
1769091422.1735225,FORWARDED,6f209cc7-f5e8-472f-be99-7580941a117f,5288f395-076e-4b62-bea2-ab7a3703b428,c3,DROP,1007,?,i10,
1769091422.3019838,SENT,8438e822-8952-4aff-83dd-0b60a979c2db,9ed78fef-cdda-4c7e-ae6d-142d8f5f1a84,c5,c4,1455,?,i5,
1769091422.3020248,FORWARDED,8438e822-8952-4aff-83dd-0b60a979c2db,9ed78fef-cdda-4c7e-ae6d-142d8f5f1a84,c5,c4,1455,?,i5,
1769091422.3170123,RECEIVED,4741f43e-407d-46b2-8baa-1a780885a86b,d8ad4a4b-e522-4d5c-8960-07a28a4c6d99,c1,DROP,1443,p1,?,
1769091422.500619,RECEIVED,93664cd9-3f9f-4131-b56f-b29a6785e56f,bed76dff-e5e9-4f28-b724-96995ec6cf40,c3,DROP,445,x12,?,
1769091422.5795474,RECEIVED,f605016b-c7e6-49c1-9ba7-c4bda6319429,e3716d84-3762-46c8-9cd6-44b99305a7b0,c1,c5,2028,p1,?,
1769091422.713695,SENT,f605016b-c7e6-49c1-9ba7-c4bda6319429,e3716d84-3762-46c8-9cd6-44b99305a7b0,c1,c5,1448,?,i4,
1769091422.7137365,FORWARDED,f605016b-c7e6-49c1-9ba7-c4bda6319429,e3716d84-3762-46c8-9cd6-44b99305a7b0,c1,c5,1448,?,i4,
1769091422.772158,RECEIVED,93ed1725-f56e-42ae-bde7-3eba5204f43c,a01baf10-85e9-4f63-893f-e428648150de,c2,DROP,1446,p2,?,
1769091422.8061872,RECEIVED,1e068dbe-3d31-4fed-894a-e8cf546b9610,aa0fbb06-21ab-45cf-b6f4-bfaca9151200,c2,DROP,446,x12,?,
1769091422.8210616,SENT,4741f43e-407d-46b2-8baa-1a780885a86b,d8ad4a4b-e522-4d5c-8960-07a28a4c6d99,c1,DROP,1011,?,i9,
1769091422.821107,FORWARDED,4741f43e-407d-46b2-8baa-1a780885a86b,d8ad4a4b-e522-4d5c-8960-07a28a4c6d99,c1,DROP,1011,?,i9,
1769091422.9083812,SENT,bce3f28d-b417-4177-b6ef-2eda31564748,59531bdf-d8a3-4ae0-bdef-6e54e988125a,c5,DROP,1021,?,i10,
1769091422.9084234,FORWARDED,bce3f28d-b417-4177-b6ef-2eda31564748,59531bdf-d8a3-4ae0-bdef-6e54e988125a,c5,DROP,1021,?,i10,
1769091423.0878804,RECEIVED,7e112722-2c9c-4bb7-ba08-61ae142f10c7,3af178bd-83e9-4535-a6a9-bc57aace770e,c1,c5,2053,p1,?,
1769091423.1036716,RECEIVED,2a494482-28d1-47c5-b1c6-215a23fe041b,f9ae45ef-b394-489d-a24a-ca7dff4905bb,c1,DROP,440,x5,?,
1769091423.1924126,RECEIVED,47f7957f-a9db-479c-9508-5c24c042e7d4,6740e296-79ac-4d18-836a-f4e0103fb385,c4,DROP,441,x8,?,
1769091423.2218783,RECEIVED,707afaca-10c6-4e45-9fc3-7c916f569536,57f92a5c-db45-459d-b08b-820e9b46c29c,c3,c4,2038,p3,?,
1769091423.2723782,SENT,707afaca-10c6-4e45-9fc3-7c916f569536,57f92a5c-db45-459d-b08b-820e9b46c29c,c3,c4,1455,?,i10,
1769091423.272421,FORWARDED,707afaca-10c6-4e45-9fc3-7c916f569536,57f92a5c-db45-459d-b08b-820e9b46c29c,c3,c4,1455,?,i10,
1769091423.2753892,SENT,7e112722-2c9c-4bb7-ba08-61ae142f10c7,3af178bd-83e9-4535-a6a9-bc57aace770e,c1,c5,1465,?,i10,
1769091423.275835,FORWARDED,7e112722-2c9c-4bb7-ba08-61ae142f10c7,3af178bd-83e9-4535-a6a9-bc57aace770e,c1,c5,1465,?,i10,
1769091423.5696166,RECEIVED,9a2a4b6b-5643-41a4-b4a8-7c48a51d31d4,dc686f42-46e6-4d9b-89f0-3d574750df3d,c2,c1,2040,p2,?,
1769091423.667625,SENT,9a2a4b6b-5643-41a4-b4a8-7c48a51d31d4,dc686f42-46e6-4d9b-89f0-3d574750df3d,c2,c1,1457,?,i1,
1769091423.667666,FORWARDED,9a2a4b6b-5643-41a4-b4a8-7c48a51d31d4,dc686f42-46e6-4d9b-89f0-3d574750df3d,c2,c1,1457,?,i1,
1769091423.8200338,RECEIVED,da05fd78-5cf3-42e5-9460-4c67f9bded0a,6c01b101-53c4-41ad-95bc-e68e688f311c,c1,DROP,1451,p1,?,
1769091424.161511,SENT,da05fd78-5cf3-42e5-9460-4c67f9bded0a,6c01b101-53c4-41ad-95bc-e68e688f311c,c1,DROP,1015,?,i5,
1769091424.1615505,FORWARDED,da05fd78-5cf3-42e5-9460-4c67f9bded0a,6c01b101-53c4-41ad-95bc-e68e688f311c,c1,DROP,1015,?,i5,
1769091424.275956,FORWARDED,93ed1725-f56e-42ae-bde7-3eba5204f43c,a01baf10-85e9-4f63-893f-e428648150de,c2,DROP,1012,?,i6,
1769091424.3421016,RECEIVED,d30cf728-1ce3-4716-b9a5-864850d08ab3,25176f74-f867-46c2-9efc-9cb193e1f711,c4,DROP,1443,p1,?,
1769091424.51597,RECEIVED,edfd797c-d51d-4b3e-bb7d-19e81f2b15d0,33917eba-fd6a-490d-a910-90fd6949c7d5,c3,c4,2036,p3,?,
1769091424.6371257,RECEIVED,99c60cf2-a06c-4fbe-a5bc-5f46f2b220a1,81d1e917-a935-4113-82cd-828837e524bd,c4,c1,2044,p1,?,
1769091424.6828568,RECEIVED,887cd56f-b612-4a24-93b7-196a8bc289c7,4b063c6d-a452-43cc-9234-de8cdef1fd28,c3,c4,2039,p3,?,
1769091424.8487985,FORWARDED,d30cf728-1ce3-4716-b9a5-864850d08ab3,25176f74-f867-46c2-9efc-9cb193e1f711,c4,DROP,1011,?,i6,
1769091425.0246823,RECEIVED,981f6979-37a2-45f4-a3bb-0bf35d75fef9,60730624-1ac5-4f57-8621-4a2571dfee07,c5,c4,2044,p2,?,
1769091425.107895,SENT,99c60cf2-a06c-4fbe-a5bc-5f46f2b220a1,81d1e917-a935-4113-82cd-828837e524bd,c4,c1,1460,?,i11,
1769091425.1079373,FORWARDED,99c60cf2-a06c-4fbe-a5bc-5f46f2b220a1,81d1e917-a935-4113-82cd-828837e524bd,c4,c1,1460,?,i11,
1769091425.112763,FORWARDED,887cd56f-b612-4a24-93b7-196a8bc289c7,4b063c6d-a452-43cc-9234-de8cdef1fd28,c3,c4,1457,?,i6,
1769091425.165406,RECEIVED,6b5de976-96e4-462e-927f-9b7e10ad798a,02c18430-48d3-454a-98dc-8d2429535d50,c3,c4,2041,p3,?,
1769091425.368467,RECEIVED,1ccb4490-73af-4533-be31-03bb60d6ef1d,26906e43-9c26-4739-a5dc-acdf3560bfe1,c4,c1,2043,p1,?,
1769091425.438286,SENT,6b5de976-96e4-462e-927f-9b7e10ad798a,02c18430-48d3-454a-98dc-8d2429535d50,c3,c4,1456,?,i11,
1769091425.4383297,FORWARDED,6b5de976-96e4-462e-927f-9b7e10ad798a,02c18430-48d3-454a-98dc-8d2429535d50,c3,c4,1456,?,i11,
1769091425.4447544,RECEIVED,ca5b0f0d-5b84-4906-8287-97ca6f09a4f6,63e856eb-d390-4b9c-acb3-2a5691e2af73,c5,DROP,1457,p2,?,
1769091425.555943,RECEIVED,35f5815b-7113-4fdc-ab08-91c5d7dd5278,af39d982-3e41-4aa5-9dfc-cace957602fa,c3,c4,2045,p3,?,
1769091425.6375504,SENT,edfd797c-d51d-4b3e-bb7d-19e81f2b15d0,33917eba-fd6a-490d-a910-90fd6949c7d5,c3,c4,1455,?,i11,
1769091425.6375937,FORWARDED,edfd797c-d51d-4b3e-bb7d-19e81f2b15d0,33917eba-fd6a-490d-a910-90fd6949c7d5,c3,c4,1455,?,i11,
1769091425.6450927,SENT,ca5b0f0d-5b84-4906-8287-97ca6f09a4f6,63e856eb-d390-4b9c-acb3-2a5691e2af73,c5,DROP,1020,?,i11,
1769091425.645135,FORWARDED,ca5b0f0d-5b84-4906-8287-97ca6f09a4f6,63e856eb-d390-4b9c-acb3-2a5691e2af73,c5,DROP,1020,?,i11,
1769091425.6599193,SENT,981f6979-37a2-45f4-a3bb-0bf35d75fef9,60730624-1ac5-4f57-8621-4a2571dfee07,c5,c4,1460,?,i11,
1769091425.6599574,FORWARDED,981f6979-37a2-45f4-a3bb-0bf35d75fef9,60730624-1ac5-4f57-8621-4a2571dfee07,c5,c4,1460,?,i11,
1769091425.7906275,RECEIVED,b0c30765-e7cc-4f8b-a556-6bfabdb7fb02,a82c0fca-9049-4017-b2b5-02217fb8556c,c4,DROP,1461,p1,?,
1769091425.8580916,RECEIVED,fc762fcd-e6e5-45e0-8d83-771c734252f5,796035a4-2760-47b4-ba84-950edecae028,c4,DROP,1439,p1,?,
1769091425.9387836,SENT,35f5815b-7113-4fdc-ab08-91c5d7dd5278,af39d982-3e41-4aa5-9dfc-cace957602fa,c3,c4,1461,?,i11,
1769091425.9388309,FORWARDED,35f5815b-7113-4fdc-ab08-91c5d7dd5278,af39d982-3e41-4aa5-9dfc-cace957602fa,c3,c4,1461,?,i11,
1769091425.9443502,SENT,b0c30765-e7cc-4f8b-a556-6bfabdb7fb02,a82c0fca-9049-4017-b2b5-02217fb8556c,c4,DROP,1022,?,i10,
1769091425.944391,FORWARDED,b0c30765-e7cc-4f8b-a556-6bfabdb7fb02,a82c0fca-9049-4017-b2b5-02217fb8556c,c4,DROP,1022,?,i10,
1769091426.0126572,RECEIVED,3201ebed-c487-4fd2-af09-d524c190dbe7,eaa9cec1-d919-463b-ab85-bf58b1585e2f,c1,c5,2032,p1,?,
1769091426.056098,RECEIVED,484f0499-85f0-4eca-a750-34bccc0c99f8,2d346af5-2000-4db6-b32f-7a7ee3b3f87a,c2,DROP,445,x6,?,
1769091426.1107097,SENT,3201ebed-c487-4fd2-af09-d524c190dbe7,eaa9cec1-d919-463b-ab85-bf58b1585e2f,c1,c5,1451,?,i11,
1769091426.1107442,FORWARDED,3201ebed-c487-4fd2-af09-d524c190dbe7,eaa9cec1-d919-463b-ab85-bf58b1585e2f,c1,c5,1451,?,i11,
1769091426.1694305,RECEIVED,227940a6-ee17-48b4-a15e-f10d7a9c55a3,99c44c1a-8954-4b0e-ab2e-5d65250942d0,c2,c1,2035,p2,?,
1769091426.2076426,SENT,1ccb4490-73af-4533-be31-03bb60d6ef1d,26906e43-9c26-4739-a5dc-acdf3560bfe1,c4,c1,1459,?,i1,
1769091426.2076814,FORWARDED,1ccb4490-73af-4533-be31-03bb60d6ef1d,26906e43-9c26-4739-a5dc-acdf3560bfe1,c4,c1,1459,?,i1,
1769091426.2628982,RECEIVED,5c2dc192-df51-4013-9f7e-b00286e69799,3d67fa9d-8134-46bf-9e35-d70a8adb5d5f,c2,c1,2036,p2,?,
1769091426.3120704,SENT,5c2dc192-df51-4013-9f7e-b00286e69799,3d67fa9d-8134-46bf-9e35-d70a8adb5d5f,c2,c1,1453,?,i8,
1769091426.312116,FORWARDED,5c2dc192-df51-4013-9f7e-b00286e69799,3d67fa9d-8134-46bf-9e35-d70a8adb5d5f,c2,c1,1453,?,i8,
1769091426.3479335,SENT,fc762fcd-e6e5-45e0-8d83-771c734252f5,796035a4-2760-47b4-ba84-950edecae028,c4,DROP,1007,?,i2,
1769091426.3479755,FORWARDED,fc762fcd-e6e5-45e0-8d83-771c734252f5,796035a4-2760-47b4-ba84-950edecae028,c4,DROP,1007,?,i2,
1769091426.3646853,RECEIVED,4a7e774c-c7e0-43a8-b3aa-58e1993d2acc,84f25cd2-62d4-4267-bcd4-73ec433ec93c,c3,DROP,1440,p3,?,
1769091426.3658617,RECEIVED,87052fe8-dd88-49b5-9877-f754d1737c63,2d2024d2-7f03-4423-8572-29f315e4b830,c4,c1,2031,p1,?,
1769091426.5654945,SENT,4a7e774c-c7e0-43a8-b3aa-58e1993d2acc,84f25cd2-62d4-4267-bcd4-73ec433ec93c,c3,DROP,1006,?,i3,
1769091426.5655396,FORWARDED,4a7e774c-c7e0-43a8-b3aa-58e1993d2acc,84f25cd2-62d4-4267-bcd4-73ec433ec93c,c3,DROP,1006,?,i3,
1769091426.579707,RECEIVED,4955d938-3e80-4714-9f6b-5f16b57c752a,74b53d4c-9b0c-4fec-a68b-63c2473a6c33,c2,c1,2032,p2,?,
1769091426.6153252,RECEIVED,6bbffdb7-07ad-4d9d-8b0b-e3c6ba2cc4cf,53d97e0e-dc90-442e-9aaf-d1a737d4d35a,c4,c1,2036,p1,?,
1769091426.6839786,SENT,4955d938-3e80-4714-9f6b-5f16b57c752a,74b53d4c-9b0c-4fec-a68b-63c2473a6c33,c2,c1,1452,?,i4,
1769091426.6840186,FORWARDED,4955d938-3e80-4714-9f6b-5f16b57c752a,74b53d4c-9b0c-4fec-a68b-63c2473a6c33,c2,c1,1452,?,i4,
1769091426.7101982,SENT,6bbffdb7-07ad-4d9d-8b0b-e3c6ba2cc4cf,53d97e0e-dc90-442e-9aaf-d1a737d4d35a,c4,c1,1455,?,i2,
1769091426.7102394,FORWARDED,6bbffdb7-07ad-4d9d-8b0b-e3c6ba2cc4cf,53d97e0e-dc90-442e-9aaf-d1a737d4d35a,c4,c1,1455,?,i2,
1769091426.9141102,SENT,87052fe8-dd88-49b5-9877-f754d1737c63,2d2024d2-7f03-4423-8572-29f315e4b830,c4,c1,1452,?,i7,
1769091426.9141505,FORWARDED,87052fe8-dd88-49b5-9877-f754d1737c63,2d2024d2-7f03-4423-8572-29f315e4b830,c4,c1,1452,?,i7,
1769091427.1691215,RECEIVED,5c5179bd-c28c-47ac-b2a1-1286f73b7856,ab1d8e58-d7a7-49ab-8269-4caa3029169f,c2,c1,2031,p2,?,
1769091427.2304409,RECEIVED,66c5e3c8-560f-415e-84d9-96abb0f9ff7e,3903c1d1-4911-4db4-892a-6e1bb593f9a5,c5,c4,2039,p2,?,
1769091427.2572966,SENT,227940a6-ee17-48b4-a15e-f10d7a9c55a3,99c44c1a-8954-4b0e-ab2e-5d65250942d0,c2,c1,1455,?,i1,
1769091427.2573392,FORWARDED,227940a6-ee17-48b4-a15e-f10d7a9c55a3,99c44c1a-8954-4b0e-ab2e-5d65250942d0,c2,c1,1455,?,i1,
1769091427.3112402,RECEIVED,23e0b145-0d6d-42ea-8d62-df6e1ba28bbb,16ac5884-151c-4951-a918-1b93c543e62b,c5,DROP,1437,p2,?,
1769091427.3609807,SENT,23e0b145-0d6d-42ea-8d62-df6e1ba28bbb,16ac5884-151c-4951-a918-1b93c543e62b,c5,DROP,1004,?,i4,
1769091427.361023,FORWARDED,23e0b145-0d6d-42ea-8d62-df6e1ba28bbb,16ac5884-151c-4951-a918-1b93c543e62b,c5,DROP,1004,?,i4,
1769091427.5507247,RECEIVED,1f862f96-e4e9-4e55-bfda-8550ed668a12,40fc353d-5da0-4c11-9b00-6abae0a7f859,c4,DROP,1457,p1,?,
1769091427.551264,SENT,66c5e3c8-560f-415e-84d9-96abb0f9ff7e,3903c1d1-4911-4db4-892a-6e1bb593f9a5,c5,c4,1456,?,i1,
1769091427.551304,FORWARDED,66c5e3c8-560f-415e-84d9-96abb0f9ff7e,3903c1d1-4911-4db4-892a-6e1bb593f9a5,c5,c4,1456,?,i1,
1769091427.7017915,SENT,1f862f96-e4e9-4e55-bfda-8550ed668a12,40fc353d-5da0-4c11-9b00-6abae0a7f859,c4,DROP,1019,?,i10,
1769091427.7018335,FORWARDED,1f862f96-e4e9-4e55-bfda-8550ed668a12,40fc353d-5da0-4c11-9b00-6abae0a7f859,c4,DROP,1019,?,i10,
1769091427.8171823,SENT,5c5179bd-c28c-47ac-b2a1-1286f73b7856,ab1d8e58-d7a7-49ab-8269-4caa3029169f,c2,c1,1451,?,i3,
1769091427.8172264,FORWARDED,5c5179bd-c28c-47ac-b2a1-1286f73b7856,ab1d8e58-d7a7-49ab-8269-4caa3029169f,c2,c1,1451,?,i3,
1769091428.0033834,RECEIVED,c2f0b1f4-859a-4b02-a48a-0fb84e86abff,d36d2f57-a6ee-476a-a04a-054aceb3a818,c2,c1,2022,p2,?,
1769091428.2485058,RECEIVED,c542c0e1-b8d7-464e-a8e1-9d6681ef9d50,123c9ddb-e707-4d91-8473-005057978600,c4,c1,2035,p1,?,
1769091428.486695,RECEIVED,83f57d43-4195-400a-bbf5-15c5522edead,7c62f805-3004-42e3-9e7c-bdc4e2aa7434,c4,DROP,1456,p1,?,
1769091428.5804014,RECEIVED,87a612c9-b56d-4ba4-83be-a6a99bb43f24,88236934-1ef3-496b-b5ae-eeebe3d1dbd9,c3,c4,2040,p3,?,
1769091428.668722,RECEIVED,86b3d43d-a05d-42f9-a34e-7f59415aa4e0,e0cd256d-efbd-469f-a656-11bc408d9430,c2,DROP,1440,p2,?,
1769091428.7049363,SENT,c2f0b1f4-859a-4b02-a48a-0fb84e86abff,d36d2f57-a6ee-476a-a04a-054aceb3a818,c2,c1,1444,?,i9,
1769091428.704977,FORWARDED,c2f0b1f4-859a-4b02-a48a-0fb84e86abff,d36d2f57-a6ee-476a-a04a-054aceb3a818,c2,c1,1444,?,i9,
1769091428.7839007,SENT,86b3d43d-a05d-42f9-a34e-7f59415aa4e0,e0cd256d-efbd-469f-a656-11bc408d9430,c2,DROP,1007,?,i9,
1769091428.7839403,FORWARDED,86b3d43d-a05d-42f9-a34e-7f59415aa4e0,e0cd256d-efbd-469f-a656-11bc408d9430,c2,DROP,1007,?,i9,
1769091428.9294744,SENT,c542c0e1-b8d7-464e-a8e1-9d6681ef9d50,123c9ddb-e707-4d91-8473-005057978600,c4,c1,1455,?,i8,
1769091428.9295173,FORWARDED,c542c0e1-b8d7-464e-a8e1-9d6681ef9d50,123c9ddb-e707-4d91-8473-005057978600,c4,c1,1455,?,i8,
1769091429.1371226,RECEIVED,c9a54d02-c50c-422d-96b1-1aab531dc890,e4c3e838-9024-4078-8bc2-e683e3e1cd04,c5,DROP,1440,p2,?,
1769091429.1462128,SENT,87a612c9-b56d-4ba4-83be-a6a99bb43f24,88236934-1ef3-496b-b5ae-eeebe3d1dbd9,c3,c4,1456,?,i10,
1769091429.1462567,FORWARDED,87a612c9-b56d-4ba4-83be-a6a99bb43f24,88236934-1ef3-496b-b5ae-eeebe3d1dbd9,c3,c4,1456,?,i10,
1769091429.1534874,SENT,c9a54d02-c50c-422d-96b1-1aab531dc890,e4c3e838-9024-4078-8bc2-e683e3e1cd04,c5,DROP,1007,?,i1,
1769091429.1548753,FORWARDED,c9a54d02-c50c-422d-96b1-1aab531dc890,e4c3e838-9024-4078-8bc2-e683e3e1cd04,c5,DROP,1007,?,i1,
1769091429.205578,RECEIVED,43813fe3-94d6-4261-99e8-9c81aba24d15,93fdf221-ea22-4057-85d6-89ff18174be9,c2,c1,2044,p2,?,
1769091429.3296661,SENT,83f57d43-4195-400a-bbf5-15c5522edead,7c62f805-3004-42e3-9e7c-bdc4e2aa7434,c4,DROP,1020,?,i10,
1769091429.3297129,FORWARDED,83f57d43-4195-400a-bbf5-15c5522edead,7c62f805-3004-42e3-9e7c-bdc4e2aa7434,c4,DROP,1020,?,i10,
1769091429.3734524,SENT,43813fe3-94d6-4261-99e8-9c81aba24d15,93fdf221-ea22-4057-85d6-89ff18174be9,c2,c1,1460,?,i11,
1769091429.3734972,FORWARDED,43813fe3-94d6-4261-99e8-9c81aba24d15,93fdf221-ea22-4057-85d6-89ff18174be9,c2,c1,1460,?,i11,
1769091429.6139967,RECEIVED,cd249c6b-b723-4c1e-9dc1-6ebecdd25db0,28141ab1-4ece-415b-a93a-d4672a2af225,c1,c5,2035,p1,?,
1769091429.89033,RECEIVED,f4f5faf9-2035-4f4c-aa1a-149b5523845e,ad37812e-363c-4fe7-8483-edf8df5d4072,c1,DROP,1453,p1,?,
1769091429.9022846,RECEIVED,6c2ff301-0891-4a62-8dbc-1253f60e14f1,48b84e4e-a41a-413b-a0fc-9810c3a76163,c3,DROP,1439,p3,?,
1769091429.9183059,SENT,f4f5faf9-2035-4f4c-aa1a-149b5523845e,ad37812e-363c-4fe7-8483-edf8df5d4072,c1,DROP,1016,?,i2,
1769091429.918351,FORWARDED,f4f5faf9-2035-4f4c-aa1a-149b5523845e,ad37812e-363c-4fe7-8483-edf8df5d4072,c1,DROP,1016,?,i2,
1769091429.9677458,RECEIVED,7295f576-d777-4a17-a8a0-03245bce9f87,40e639d3-66f8-4b01-9534-7fe0201adcb8,c4,c1,2038,p1,?,
1769091430.0249705,SENT,7295f576-d777-4a17-a8a0-03245bce9f87,40e639d3-66f8-4b01-9534-7fe0201adcb8,c4,c1,1455,?,i12,
1769091430.0250142,FORWARDED,7295f576-d777-4a17-a8a0-03245bce9f87,40e639d3-66f8-4b01-9534-7fe0201adcb8,c4,c1,1455,?,i12,
1769091430.0264366,RECEIVED,41f63282-72be-4798-9593-3f691fd45bc0,dce86613-8ba3-4aa9-97d8-876f6915ff9b,c5,DROP,1460,p2,?,
1769091430.0944333,RECEIVED,24f2f2b3-d43a-40b0-8534-3c990d4519c3,05a124e0-839a-462e-a086-b1b637cefb30,c5,c4,2044,p2,?,
1769091430.187971,RECEIVED,c8e408be-748c-4c94-901a-977105a1b0d0,36ff3f31-430d-4299-84f5-7688b7a2a895,c3,c4,2024,p3,?,
1769091430.2277732,SENT,c8e408be-748c-4c94-901a-977105a1b0d0,36ff3f31-430d-4299-84f5-7688b7a2a895,c3,c4,1444,?,i8,
1769091430.227809,FORWARDED,c8e408be-748c-4c94-901a-977105a1b0d0,36ff3f31-430d-4299-84f5-7688b7a2a895,c3,c4,1444,?,i8,
1769091430.3101888,SENT,6c2ff301-0891-4a62-8dbc-1253f60e14f1,48b84e4e-a41a-413b-a0fc-9810c3a76163,c3,DROP,1007,?,i9,
1769091430.3102434,FORWARDED,6c2ff301-0891-4a62-8dbc-1253f60e14f1,48b84e4e-a41a-413b-a0fc-9810c3a76163,c3,DROP,1007,?,i9,
1769091430.3186374,RECEIVED,7350aa41-6225-49bc-9fba-77f26df857be,cf38b186-ed7b-43db-86d3-bb23df94e9c0,c5,c4,2037,p2,?,
1769091430.3285797,SENT,24f2f2b3-d43a-40b0-8534-3c990d4519c3,05a124e0-839a-462e-a086-b1b637cefb30,c5,c4,1459,?,i3,
1769091430.3289704,FORWARDED,24f2f2b3-d43a-40b0-8534-3c990d4519c3,05a124e0-839a-462e-a086-b1b637cefb30,c5,c4,1459,?,i3,
1769091430.3430092,SENT,7350aa41-6225-49bc-9fba-77f26df857be,cf38b186-ed7b-43db-86d3-bb23df94e9c0,c5,c4,1454,?,i12,
1769091430.3438096,FORWARDED,7350aa41-6225-49bc-9fba-77f26df857be,cf38b186-ed7b-43db-86d3-bb23df94e9c0,c5,c4,1454,?,i12,
1769091430.6761801,RECEIVED,095e2ece-3a05-4a0a-801e-886687129105,f41b87e5-bdad-4bcf-921e-82d245b61994,c2,c1,2032,p2,?,
1769091430.8472848,FORWARDED,095e2ece-3a05-4a0a-801e-886687129105,f41b87e5-bdad-4bcf-921e-82d245b61994,c2,c1,1452,?,i6,
1769091430.863847,RECEIVED,b1afdfc1-d69f-449a-a42c-f8c8623ea257,9ac83e23-7a22-4a58-b988-e4e87a3f55be,c4,DROP,1461,p1,?,
1769091430.934382,SENT,cd249c6b-b723-4c1e-9dc1-6ebecdd25db0,28141ab1-4ece-415b-a93a-d4672a2af225,c1,c5,1454,?,i3,
1769091430.9344244,FORWARDED,cd249c6b-b723-4c1e-9dc1-6ebecdd25db0,28141ab1-4ece-415b-a93a-d4672a2af225,c1,c5,1454,?,i3,
1769091430.974855,SENT,41f63282-72be-4798-9593-3f691fd45bc0,dce86613-8ba3-4aa9-97d8-876f6915ff9b,c5,DROP,1022,?,i11,
1769091430.974897,FORWARDED,41f63282-72be-4798-9593-3f691fd45bc0,dce86613-8ba3-4aa9-97d8-876f6915ff9b,c5,DROP,1022,?,i11,
1769091431.0806203,RECEIVED,b6fca1e3-bbd9-4d34-8fc6-3c128d5654e6,969665a4-c4a9-48f3-8f0e-8fa196d672ce,c1,c5,2027,p1,?,
1769091431.0859435,SENT,b1afdfc1-d69f-449a-a42c-f8c8623ea257,9ac83e23-7a22-4a58-b988-e4e87a3f55be,c4,DROP,1021,?,i11,
1769091431.0859866,FORWARDED,b1afdfc1-d69f-449a-a42c-f8c8623ea257,9ac83e23-7a22-4a58-b988-e4e87a3f55be,c4,DROP,1021,?,i11,
1769091431.1844141,RECEIVED,9160291e-6753-4d03-ba94-b381da8d5f6e,941cc4bb-90ae-4673-aa56-c0cc0600d271,c5,DROP,1442,p2,?,
1769091431.3182425,RECEIVED,5b57b57f-9309-4d8a-9303-c152e9c5a490,54e36e6b-978a-427a-9f6d-1a734237f85b,c5,DROP,1443,p2,?,
1769091431.6303117,SENT,b6fca1e3-bbd9-4d34-8fc6-3c128d5654e6,969665a4-c4a9-48f3-8f0e-8fa196d672ce,c1,c5,1449,?,i8,
1769091431.6303606,FORWARDED,b6fca1e3-bbd9-4d34-8fc6-3c128d5654e6,969665a4-c4a9-48f3-8f0e-8fa196d672ce,c1,c5,1449,?,i8,
1769091431.8749332,RECEIVED,4d84cdc1-a9f0-4f8e-a03f-3285b0eb5bc6,7b11fd59-dacb-43fe-a7a4-37aee09e87c2,c3,DROP,445,x2,?,
1769091431.9257216,RECEIVED,c6c1fe63-b54d-4801-904a-274d05ec6ed1,c036d1c7-c0de-4c6c-92f4-8605603e69cc,c3,c4,2036,p3,?,
1769091432.0103793,SENT,5b57b57f-9309-4d8a-9303-c152e9c5a490,54e36e6b-978a-427a-9f6d-1a734237f85b,c5,DROP,1011,?,i4,
1769091432.0104222,FORWARDED,5b57b57f-9309-4d8a-9303-c152e9c5a490,54e36e6b-978a-427a-9f6d-1a734237f85b,c5,DROP,1011,?,i4,
1769091432.075978,RECEIVED,1abe809b-1f39-4ac6-bc63-03dc5a8935cf,3afb9c1b-bc5e-4f2b-8ff7-8205079f2e12,c5,c4,2036,p2,?,
1769091432.1687312,RECEIVED,5adf5543-5a7b-4429-bfd1-a1096e9a79d7,a114565e-a6d5-4361-ae9f-8da977b94a1e,c4,c1,2046,p1,?,
1769091432.180423,SENT,1abe809b-1f39-4ac6-bc63-03dc5a8935cf,3afb9c1b-bc5e-4f2b-8ff7-8205079f2e12,c5,c4,1454,?,i3,
1769091432.1804655,FORWARDED,1abe809b-1f39-4ac6-bc63-03dc5a8935cf,3afb9c1b-bc5e-4f2b-8ff7-8205079f2e12,c5,c4,1454,?,i3,
1769091432.1953976,SENT,5adf5543-5a7b-4429-bfd1-a1096e9a79d7,a114565e-a6d5-4361-ae9f-8da977b94a1e,c4,c1,1461,?,i11,
1769091432.195454,FORWARDED,5adf5543-5a7b-4429-bfd1-a1096e9a79d7,a114565e-a6d5-4361-ae9f-8da977b94a1e,c4,c1,1461,?,i11,
1769091432.7102253,SENT,c6c1fe63-b54d-4801-904a-274d05ec6ed1,c036d1c7-c0de-4c6c-92f4-8605603e69cc,c3,c4,1455,?,i11,
1769091432.7102668,FORWARDED,c6c1fe63-b54d-4801-904a-274d05ec6ed1,c036d1c7-c0de-4c6c-92f4-8605603e69cc,c3,c4,1455,?,i11,
1769091432.8341415,RECEIVED,d673daff-384c-4e57-ac39-cae08bd8ca80,33a950d0-fe8f-4443-bd03-a6b674b7f470,c4,DROP,442,x11,?,
1769091432.8769448,RECEIVED,65ea3437-9f5d-4c6f-9dc9-a17830aa0a47,bc203c10-ad7f-49bc-9b43-3229b292b127,c1,DROP,1437,p1,?,
1769091432.9143782,SENT,65ea3437-9f5d-4c6f-9dc9-a17830aa0a47,bc203c10-ad7f-49bc-9b43-3229b292b127,c1,DROP,1004,?,i3,
1769091432.915039,FORWARDED,65ea3437-9f5d-4c6f-9dc9-a17830aa0a47,bc203c10-ad7f-49bc-9b43-3229b292b127,c1,DROP,1004,?,i3,
1769091433.1100004,RECEIVED,aa06be9a-8f0d-43ed-a533-25f3797ce816,d34a16ba-d355-4959-aea7-2026041a115e,c3,c4,2036,p3,?,
1769091433.1215875,RECEIVED,bc82e657-a53f-4cde-a8f7-48f05f897821,e593ebce-ad2e-4f79-b6d3-fad569459f05,c5,c4,2040,p2,?,
1769091433.1379297,SENT,aa06be9a-8f0d-43ed-a533-25f3797ce816,d34a16ba-d355-4959-aea7-2026041a115e,c3,c4,1454,?,i3,
1769091433.1391532,FORWARDED,aa06be9a-8f0d-43ed-a533-25f3797ce816,d34a16ba-d355-4959-aea7-2026041a115e,c3,c4,1454,?,i3,
1769091433.2971437,RECEIVED,64deb4ae-1f72-4211-9618-1c514bd8783c,f56dc99e-3fe1-44d8-ac10-d66abcbeb407,c2,c1,2036,p2,?,
1769091433.378147,SENT,64deb4ae-1f72-4211-9618-1c514bd8783c,f56dc99e-3fe1-44d8-ac10-d66abcbeb407,c2,c1,1455,?,i8,
1769091433.378187,FORWARDED,64deb4ae-1f72-4211-9618-1c514bd8783c,f56dc99e-3fe1-44d8-ac10-d66abcbeb407,c2,c1,1455,?,i8,
1769091433.432476,RECEIVED,59f9e6cc-da3c-4929-a4f4-b9f190dfaa72,e47b1c2d-fa04-4f9e-82fe-b90dd757a6f8,c4,c1,2035,p1,?,
1769091433.6877718,SENT,59f9e6cc-da3c-4929-a4f4-b9f190dfaa72,e47b1c2d-fa04-4f9e-82fe-b90dd757a6f8,c4,c1,1455,?,i8,
1769091433.6878126,FORWARDED,59f9e6cc-da3c-4929-a4f4-b9f190dfaa72,e47b1c2d-fa04-4f9e-82fe-b90dd757a6f8,c4,c1,1455,?,i8,
1769091433.7759936,RECEIVED,0b8b785a-1c25-4875-a464-4ba46529198f,ec5dfa79-7250-4a71-bff6-8bd166e87ccd,c4,DROP,447,x7,?,
1769091433.8568704,RECEIVED,6655a318-221c-4dc2-a6d7-429ec7f79e56,e9bfb532-4e6b-480d-b3a0-7e6e560eb3c7,c1,DROP,1455,p1,?,
1769091433.8849175,RECEIVED,038e7968-9cf8-4822-9ea2-25982da50d21,fe61fc27-0bab-4a3a-8c2e-d5da965765dd,c4,DROP,441,x8,?,
1769091434.0055048,RECEIVED,e3ecad30-d080-4b8b-9c02-bfbb97185c66,174dbe22-b31f-4e43-bf0f-96e702a0e32d,c2,DROP,446,x5,?,
1769091434.2255778,RECEIVED,b49e5afd-f342-4f7c-be73-c769f8ffce5c,d96d9078-47b9-4de6-9058-0522128b0c87,c2,c1,2051,p2,?,
1769091434.2458699,RECEIVED,ca86740d-d51b-4334-a97b-84dcf66fb990,596c4924-1243-4b6c-aa8c-737c919742ba,c4,c1,2039,p1,?,
1769091434.248612,RECEIVED,6d3a632e-1762-41d2-946c-924e0c3ce423,decc20bb-793d-4937-af15-0a976c0b837a,c4,c1,2043,p1,?,
1769091434.3071535,RECEIVED,84b482fd-857b-4c74-ab47-beebdc6a75c8,b6bf9f58-ce2f-497a-98e1-79ee22d03f19,c2,c1,2043,p2,?,
1769091434.4058225,FORWARDED,9160291e-6753-4d03-ba94-b381da8d5f6e,941cc4bb-90ae-4673-aa56-c0cc0600d271,c5,DROP,1011,?,i6,
1769091434.4415112,SENT,bc82e657-a53f-4cde-a8f7-48f05f897821,e593ebce-ad2e-4f79-b6d3-fad569459f05,c5,c4,1457,?,i11,
1769091434.4417336,FORWARDED,bc82e657-a53f-4cde-a8f7-48f05f897821,e593ebce-ad2e-4f79-b6d3-fad569459f05,c5,c4,1457,?,i11,
1769091434.4818203,RECEIVED,c1fbd6f7-4152-4a55-837a-587d4ef73176,81026538-338c-484a-8966-7f5b0adb3505,c3,c4,2035,p3,?,
1769091434.4965174,RECEIVED,5e8cf480-1809-4178-bf9e-027f476dbe1c,539d16e1-4408-4aee-bad7-7df38e7dc681,c4,DROP,444,x11,?,
1769091434.5789518,RECEIVED,29cec8c0-b43c-4b5d-900d-4f02c3c09abb,946111b2-5fc4-41b3-8f28-d78e5e4f32a9,c4,c1,2043,p1,?,
1769091434.618655,SENT,6d3a632e-1762-41d2-946c-924e0c3ce423,decc20bb-793d-4937-af15-0a976c0b837a,c4,c1,1461,?,i12,
1769091434.6186965,FORWARDED,6d3a632e-1762-41d2-946c-924e0c3ce423,decc20bb-793d-4937-af15-0a976c0b837a,c4,c1,1461,?,i12,
1769091434.6589444,SENT,84b482fd-857b-4c74-ab47-beebdc6a75c8,b6bf9f58-ce2f-497a-98e1-79ee22d03f19,c2,c1,1460,?,i4,
1769091434.6589875,FORWARDED,84b482fd-857b-4c74-ab47-beebdc6a75c8,b6bf9f58-ce2f-497a-98e1-79ee22d03f19,c2,c1,1460,?,i4,
1769091434.7875814,FORWARDED,29cec8c0-b43c-4b5d-900d-4f02c3c09abb,946111b2-5fc4-41b3-8f28-d78e5e4f32a9,c4,c1,1459,?,i6,
1769091434.8222404,RECEIVED,2571ce5c-8a55-4b4a-91bc-7a15a180dd58,3b65c2d8-fa0c-4ba8-b3c0-b3817286433c,c4,c1,2039,p1,?,
1769091434.8393588,SENT,6655a318-221c-4dc2-a6d7-429ec7f79e56,e9bfb532-4e6b-480d-b3a0-7e6e560eb3c7,c1,DROP,1020,?,i7,
1769091434.839401,FORWARDED,6655a318-221c-4dc2-a6d7-429ec7f79e56,e9bfb532-4e6b-480d-b3a0-7e6e560eb3c7,c1,DROP,1020,?,i7,
1769091434.8696775,RECEIVED,bda6ec2d-6b46-4d99-9a4b-ef727820126c,8bb9123b-79bd-461e-95db-c087fb85a794,c3,DROP,1439,p3,?,
1769091434.9362216,RECEIVED,94d02ad0-e01c-468a-a71a-6285ada25bcb,b69c98ad-8d82-4560-80f5-17a810d855ba,c5,c4,2048,p2,?,
1769091435.00821,SENT,b49e5afd-f342-4f7c-be73-c769f8ffce5c,d96d9078-47b9-4de6-9058-0522128b0c87,c2,c1,1465,?,i2,
1769091435.0082564,FORWARDED,b49e5afd-f342-4f7c-be73-c769f8ffce5c,d96d9078-47b9-4de6-9058-0522128b0c87,c2,c1,1465,?,i2,
1769091435.038651,RECEIVED,c9ad9300-2dea-428f-a8bf-5ff5044b8225,c5eaa366-480d-4897-bdb4-a54a0a1f9b38,c2,c1,2045,p2,?,
1769091435.0389967,SENT,ca86740d-d51b-4334-a97b-84dcf66fb990,596c4924-1243-4b6c-aa8c-737c919742ba,c4,c1,1457,?,i9,
1769091435.0390353,FORWARDED,ca86740d-d51b-4334-a97b-84dcf66fb990,596c4924-1243-4b6c-aa8c-737c919742ba,c4,c1,1457,?,i9,
1769091435.1037138,RECEIVED,918349b2-aa49-4390-a04e-0679fb2e03df,26936afc-f945-4420-ba6c-75e7b108258b,c2,DROP,1440,p2,?,
1769091435.143706,SENT,918349b2-aa49-4390-a04e-0679fb2e03df,26936afc-f945-4420-ba6c-75e7b108258b,c2,DROP,1006,?,i5,
1769091435.1437564,FORWARDED,918349b2-aa49-4390-a04e-0679fb2e03df,26936afc-f945-4420-ba6c-75e7b108258b,c2,DROP,1006,?,i5,
1769091435.1726785,SENT,c9ad9300-2dea-428f-a8bf-5ff5044b8225,c5eaa366-480d-4897-bdb4-a54a0a1f9b38,c2,c1,1461,?,i12,
1769091435.172718,FORWARDED,c9ad9300-2dea-428f-a8bf-5ff5044b8225,c5eaa366-480d-4897-bdb4-a54a0a1f9b38,c2,c1,1461,?,i12,
1769091435.1885805,RECEIVED,232eef6c-70b1-43bb-9945-7426995d1a9a,9fb35603-11fd-432c-8bb6-d3afe341a013,c4,c1,2035,p1,?,
1769091435.2386672,SENT,bda6ec2d-6b46-4d99-9a4b-ef727820126c,8bb9123b-79bd-461e-95db-c087fb85a794,c3,DROP,1008,?,i8,
1769091435.2387097,FORWARDED,bda6ec2d-6b46-4d99-9a4b-ef727820126c,8bb9123b-79bd-461e-95db-c087fb85a794,c3,DROP,1008,?,i8,
1769091435.3579912,RECEIVED,0b7badce-c6ee-4524-acb4-ba5edeafbbb6,9ac13701-6377-4d60-afb4-8b34d8daa301,c1,c5,2044,p1,?,
1769091435.4095244,SENT,94d02ad0-e01c-468a-a71a-6285ada25bcb,b69c98ad-8d82-4560-80f5-17a810d855ba,c5,c4,1464,?,i3,
1769091435.40957,FORWARDED,94d02ad0-e01c-468a-a71a-6285ada25bcb,b69c98ad-8d82-4560-80f5-17a810d855ba,c5,c4,1464,?,i3,
1769091435.4564886,RECEIVED,62c82cdf-5c65-483c-b045-b6f86821a5f0,fc88bc54-cc7a-46f9-a78e-d012ad617b97,c4,c1,2044,p1,?,
1769091435.5464807,RECEIVED,0d50a33a-583a-4ebe-aa96-51f6bdda2ff5,debbc112-1bce-411d-8298-9e1ba39c3f2f,c3,c4,2040,p3,?,
1769091435.6669085,SENT,0d50a33a-583a-4ebe-aa96-51f6bdda2ff5,debbc112-1bce-411d-8298-9e1ba39c3f2f,c3,c4,1458,?,i2,
1769091435.6669908,FORWARDED,0d50a33a-583a-4ebe-aa96-51f6bdda2ff5,debbc112-1bce-411d-8298-9e1ba39c3f2f,c3,c4,1458,?,i2,
1769091435.6837707,SENT,62c82cdf-5c65-483c-b045-b6f86821a5f0,fc88bc54-cc7a-46f9-a78e-d012ad617b97,c4,c1,1461,?,i2,
1769091435.6838098,FORWARDED,62c82cdf-5c65-483c-b045-b6f86821a5f0,fc88bc54-cc7a-46f9-a78e-d012ad617b97,c4,c1,1461,?,i2,
1769091435.854105,RECEIVED,09c61867-cb1e-4c19-8c08-7a09ecf34ea2,c64bfb55-ad62-42f0-a301-3101296b21ed,c1,DROP,1441,p1,?,
1769091435.8821447,SENT,0b7badce-c6ee-4524-acb4-ba5edeafbbb6,9ac13701-6377-4d60-afb4-8b34d8daa301,c1,c5,1459,?,i11,
1769091435.8821886,FORWARDED,0b7badce-c6ee-4524-acb4-ba5edeafbbb6,9ac13701-6377-4d60-afb4-8b34d8daa301,c1,c5,1459,?,i11,
1769091435.9315577,RECEIVED,a24d144d-8b2c-4ac9-a7cf-f252ac90e9ef,b0f69d7e-1afd-4ae9-bd27-fd407b3612c0,c4,c1,2039,p1,?,
1769091436.025947,SENT,09c61867-cb1e-4c19-8c08-7a09ecf34ea2,c64bfb55-ad62-42f0-a301-3101296b21ed,c1,DROP,1007,?,i10,
1769091436.0261257,FORWARDED,09c61867-cb1e-4c19-8c08-7a09ecf34ea2,c64bfb55-ad62-42f0-a301-3101296b21ed,c1,DROP,1007,?,i10,
1769091436.036477,RECEIVED,51a9a294-6851-4620-a0ca-af6a6eb26965,abb597f7-0cb9-450d-b22b-d506da98e0bd,c2,c1,2039,p2,?,
1769091436.0668015,FORWARDED,2571ce5c-8a55-4b4a-91bc-7a15a180dd58,3b65c2d8-fa0c-4ba8-b3c0-b3817286433c,c4,c1,1456,?,i6,
1769091436.0738723,RECEIVED,75e37cc2-c4a5-448c-aee3-a34c6cbe607a,5c082697-77c1-4970-809d-5d21b636aef7,c5,c4,2033,p2,?,
1769091436.1249247,RECEIVED,16aa0abf-4c46-463a-b943-50e116469bed,8410fb32-462e-4e7d-a0ab-ef212dae9770,c4,c1,2048,p1,?,
1769091436.1576588,SENT,75e37cc2-c4a5-448c-aee3-a34c6cbe607a,5c082697-77c1-4970-809d-5d21b636aef7,c5,c4,1451,?,i8,
1769091436.1577003,FORWARDED,75e37cc2-c4a5-448c-aee3-a34c6cbe607a,5c082697-77c1-4970-809d-5d21b636aef7,c5,c4,1451,?,i8,
1769091436.1606123,SENT,c1fbd6f7-4152-4a55-837a-587d4ef73176,81026538-338c-484a-8966-7f5b0adb3505,c3,c4,1455,?,i4,
1769091436.1606524,FORWARDED,c1fbd6f7-4152-4a55-837a-587d4ef73176,81026538-338c-484a-8966-7f5b0adb3505,c3,c4,1455,?,i4,
1769091436.5232513,RECEIVED,a8cfa588-4151-4635-8048-7e1becfbc89d,f2078986-3977-4adf-a1db-f11c47c1de2e,c5,DROP,1456,p2,?,
1769091436.56376,SENT,232eef6c-70b1-43bb-9945-7426995d1a9a,9fb35603-11fd-432c-8bb6-d3afe341a013,c4,c1,1453,?,i4,
1769091436.5637999,FORWARDED,232eef6c-70b1-43bb-9945-7426995d1a9a,9fb35603-11fd-432c-8bb6-d3afe341a013,c4,c1,1453,?,i4,
1769091436.5803306,SENT,a24d144d-8b2c-4ac9-a7cf-f252ac90e9ef,b0f69d7e-1afd-4ae9-bd27-fd407b3612c0,c4,c1,1456,?,i7,
1769091436.5803733,FORWARDED,a24d144d-8b2c-4ac9-a7cf-f252ac90e9ef,b0f69d7e-1afd-4ae9-bd27-fd407b3612c0,c4,c1,1456,?,i7,
1769091436.737984,SENT,16aa0abf-4c46-463a-b943-50e116469bed,8410fb32-462e-4e7d-a0ab-ef212dae9770,c4,c1,1464,?,i12,
1769091436.7380264,FORWARDED,16aa0abf-4c46-463a-b943-50e116469bed,8410fb32-462e-4e7d-a0ab-ef212dae9770,c4,c1,1464,?,i12,
1769091436.7614703,RECEIVED,3147818b-2849-4986-b62a-869d30b2d4b7,f2ce1fc2-ed74-4443-977e-be9c987ee956,c3,c4,2032,p3,?,
1769091436.8527544,RECEIVED,8e814d8d-1128-48fb-a026-305fdb4dda7e,b5cff2f5-fe46-4eaa-b1d7-c6e774ef2b7b,c2,c1,2035,p2,?,
1769091436.8623958,RECEIVED,3c95f4fb-20be-4b36-bb19-805b9f3169ca,39de5912-8277-4a28-9c1b-92413dba00ea,c4,c1,2035,p1,?,
1769091436.8816926,RECEIVED,018cda5d-ac90-4f8c-8fda-ab2494ad1687,87a24e50-3158-415e-8fb9-59c61c4978dc,c1,c5,2036,p1,?,
1769091436.8823545,RECEIVED,fa92f072-768e-4262-9067-65313a8859db,e21626f0-d03d-456a-85c7-80f1beb1b708,c5,c4,2040,p2,?,
1769091436.9291716,SENT,3147818b-2849-4986-b62a-869d30b2d4b7,f2ce1fc2-ed74-4443-977e-be9c987ee956,c3,c4,1452,?,i3,
1769091436.929212,FORWARDED,3147818b-2849-4986-b62a-869d30b2d4b7,f2ce1fc2-ed74-4443-977e-be9c987ee956,c3,c4,1452,?,i3,
1769091436.9424748,SENT,51a9a294-6851-4620-a0ca-af6a6eb26965,abb597f7-0cb9-450d-b22b-d506da98e0bd,c2,c1,1456,?,i7,
1769091436.9425168,FORWARDED,51a9a294-6851-4620-a0ca-af6a6eb26965,abb597f7-0cb9-450d-b22b-d506da98e0bd,c2,c1,1456,?,i7,
1769091436.9829845,SENT,8e814d8d-1128-48fb-a026-305fdb4dda7e,b5cff2f5-fe46-4eaa-b1d7-c6e774ef2b7b,c2,c1,1454,?,i9,
1769091436.9830253,FORWARDED,8e814d8d-1128-48fb-a026-305fdb4dda7e,b5cff2f5-fe46-4eaa-b1d7-c6e774ef2b7b,c2,c1,1454,?,i9,
1769091436.9883888,SENT,018cda5d-ac90-4f8c-8fda-ab2494ad1687,87a24e50-3158-415e-8fb9-59c61c4978dc,c1,c5,1455,?,i4,
1769091436.9884245,FORWARDED,018cda5d-ac90-4f8c-8fda-ab2494ad1687,87a24e50-3158-415e-8fb9-59c61c4978dc,c1,c5,1455,?,i4,
1769091437.206196,SENT,a8cfa588-4151-4635-8048-7e1becfbc89d,f2078986-3977-4adf-a1db-f11c47c1de2e,c5,DROP,1020,?,i11,
1769091437.2062483,FORWARDED,a8cfa588-4151-4635-8048-7e1becfbc89d,f2078986-3977-4adf-a1db-f11c47c1de2e,c5,DROP,1020,?,i11,
1769091437.2132494,RECEIVED,03111f30-b5e7-439c-bb5e-fb6f753a7d4b,465e3de7-2e3b-407e-b5d0-f545ed78cf51,c3,c4,2032,p3,?,
1769091437.2155006,RECEIVED,f4c1e3d3-5e68-4612-8dd2-ce0148c5efda,6d4faa56-e6ef-4933-bf7c-2b2f4692284a,c5,c4,2039,p2,?,
1769091437.2292206,RECEIVED,290af6a9-c93a-4f19-a9c4-db0820bef6a1,b8348cc8-4506-4a10-ad38-763ae2a61d6e,c2,DROP,441,x11,?,
1769091437.2656727,RECEIVED,3078b15e-f454-4fda-be17-3433f7c0db32,19ecc74e-acfa-4a60-89b1-73a218dc7655,c5,DROP,1440,p2,?,
1769091437.3078103,SENT,03111f30-b5e7-439c-bb5e-fb6f753a7d4b,465e3de7-2e3b-407e-b5d0-f545ed78cf51,c3,c4,1451,?,i5,
1769091437.3078532,FORWARDED,03111f30-b5e7-439c-bb5e-fb6f753a7d4b,465e3de7-2e3b-407e-b5d0-f545ed78cf51,c3,c4,1451,?,i5,
1769091437.3368585,FORWARDED,fa92f072-768e-4262-9067-65313a8859db,e21626f0-d03d-456a-85c7-80f1beb1b708,c5,c4,1456,?,i6,
1769091437.3391285,RECEIVED,7eef4396-aa5e-4ab6-9957-c0d6bc21b617,a3ab29fd-0809-422f-b103-5542f9b8f33c,c2,c1,2035,p2,?,
1769091437.350284,SENT,3078b15e-f454-4fda-be17-3433f7c0db32,19ecc74e-acfa-4a60-89b1-73a218dc7655,c5,DROP,1007,?,i4,
1769091437.350327,FORWARDED,3078b15e-f454-4fda-be17-3433f7c0db32,19ecc74e-acfa-4a60-89b1-73a218dc7655,c5,DROP,1007,?,i4,
1769091437.456908,RECEIVED,0305747e-9403-430f-869a-4257fce3b193,04ad7ff1-0c70-4e06-863b-5153e6822b3b,c3,c4,2027,p3,?,
1769091437.5136437,RECEIVED,287f10b0-85e6-4623-95f0-67c7d16103c7,94b3ba5f-8924-497d-bee2-6f179129f73e,c5,c4,2024,p2,?,
1769091437.5835357,SENT,287f10b0-85e6-4623-95f0-67c7d16103c7,94b3ba5f-8924-497d-bee2-6f179129f73e,c5,c4,1444,?,i4,
1769091437.5835776,FORWARDED,287f10b0-85e6-4623-95f0-67c7d16103c7,94b3ba5f-8924-497d-bee2-6f179129f73e,c5,c4,1444,?,i4,
1769091437.5853238,RECEIVED,22347b2b-d1bf-4f66-beb6-85cbdc102cfe,65db0068-2d7c-4c66-9bd9-ad08e353d37b,c3,DROP,1443,p3,?,
1769091437.756546,SENT,3c95f4fb-20be-4b36-bb19-805b9f3169ca,39de5912-8277-4a28-9c1b-92413dba00ea,c4,c1,1455,?,i8,
1769091437.7569451,FORWARDED,3c95f4fb-20be-4b36-bb19-805b9f3169ca,39de5912-8277-4a28-9c1b-92413dba00ea,c4,c1,1455,?,i8,
1769091437.8336625,SENT,f4c1e3d3-5e68-4612-8dd2-ce0148c5efda,6d4faa56-e6ef-4933-bf7c-2b2f4692284a,c5,c4,1456,?,i7,
1769091437.833713,FORWARDED,f4c1e3d3-5e68-4612-8dd2-ce0148c5efda,6d4faa56-e6ef-4933-bf7c-2b2f4692284a,c5,c4,1456,?,i7,
1769091437.8656645,RECEIVED,747efc97-0a60-470d-b89a-5eb5f282bcf7,ac0c20e2-4f2a-4698-8517-d38fa7304a76,c1,DROP,442,x7,?,
1769091437.8933547,SENT,0305747e-9403-430f-869a-4257fce3b193,04ad7ff1-0c70-4e06-863b-5153e6822b3b,c3,c4,1447,?,i2,
1769091437.8934028,FORWARDED,0305747e-9403-430f-869a-4257fce3b193,04ad7ff1-0c70-4e06-863b-5153e6822b3b,c3,c4,1447,?,i2,
1769091437.9832988,RECEIVED,f3fb569c-1254-4792-9167-fcfabad19c97,90dcb552-4d85-4178-811f-5e655d411ea6,c5,DROP,1456,p2,?,
1769091438.0163326,RECEIVED,cf51efc8-af6a-4fe8-9488-fbc0b6c4385a,b24a88ad-f0a8-48a9-ab91-9bbec7c63e3e,c2,DROP,1448,p2,?,
1769091438.122581,SENT,cf51efc8-af6a-4fe8-9488-fbc0b6c4385a,b24a88ad-f0a8-48a9-ab91-9bbec7c63e3e,c2,DROP,1014,?,i8,
1769091438.1226215,FORWARDED,cf51efc8-af6a-4fe8-9488-fbc0b6c4385a,b24a88ad-f0a8-48a9-ab91-9bbec7c63e3e,c2,DROP,1014,?,i8,
1769091438.1736662,RECEIVED,fb7aad8b-5491-4a4e-898d-996c7702209a,3c41fbf4-f76a-4a79-ba5e-44c22e77d507,c4,c1,2039,p1,?,
1769091438.207641,SENT,f3fb569c-1254-4792-9167-fcfabad19c97,90dcb552-4d85-4178-811f-5e655d411ea6,c5,DROP,1020,?,i9,
1769091438.2076826,FORWARDED,f3fb569c-1254-4792-9167-fcfabad19c97,90dcb552-4d85-4178-811f-5e655d411ea6,c5,DROP,1020,?,i9,
1769091438.2165844,SENT,7eef4396-aa5e-4ab6-9957-c0d6bc21b617,a3ab29fd-0809-422f-b103-5542f9b8f33c,c2,c1,1455,?,i4,
1769091438.2166257,FORWARDED,7eef4396-aa5e-4ab6-9957-c0d6bc21b617,a3ab29fd-0809-422f-b103-5542f9b8f33c,c2,c1,1455,?,i4,
1769091438.3851097,SENT,22347b2b-d1bf-4f66-beb6-85cbdc102cfe,65db0068-2d7c-4c66-9bd9-ad08e353d37b,c3,DROP,1011,?,i5,
1769091438.3855367,FORWARDED,22347b2b-d1bf-4f66-beb6-85cbdc102cfe,65db0068-2d7c-4c66-9bd9-ad08e353d37b,c3,DROP,1011,?,i5,
1769091438.4639184,RECEIVED,246cb7c4-67dc-4040-945b-fa15055aaa7b,438da22b-a65d-4f0b-8717-5b06987b5875,c5,DROP,1452,p2,?,
1769091438.6958876,RECEIVED,7ed6e708-8b7c-4246-9892-653835a8fdc2,547fa662-b2ed-4301-a408-2c499280a864,c1,c5,2043,p1,?,
1769091438.8330698,RECEIVED,92d511fa-77fb-469a-881a-2d4ce75a5b41,81e39c8e-e1d0-4405-b982-aca8cc465579,c4,DROP,1452,p1,?,
1769091439.0751843,SENT,92d511fa-77fb-469a-881a-2d4ce75a5b41,81e39c8e-e1d0-4405-b982-aca8cc465579,c4,DROP,1015,?,i2,
1769091439.0752232,FORWARDED,92d511fa-77fb-469a-881a-2d4ce75a5b41,81e39c8e-e1d0-4405-b982-aca8cc465579,c4,DROP,1015,?,i2,
1769091439.1256266,SENT,246cb7c4-67dc-4040-945b-fa15055aaa7b,438da22b-a65d-4f0b-8717-5b06987b5875,c5,DROP,1015,?,i12,
1769091439.1256723,FORWARDED,246cb7c4-67dc-4040-945b-fa15055aaa7b,438da22b-a65d-4f0b-8717-5b06987b5875,c5,DROP,1015,?,i12,
1769091439.3218334,SENT,fb7aad8b-5491-4a4e-898d-996c7702209a,3c41fbf4-f76a-4a79-ba5e-44c22e77d507,c4,c1,1456,?,i4,
1769091439.3218849,FORWARDED,fb7aad8b-5491-4a4e-898d-996c7702209a,3c41fbf4-f76a-4a79-ba5e-44c22e77d507,c4,c1,1456,?,i4,
1769091439.3723056,RECEIVED,0f9cef2e-f88e-45f4-8f9a-97a6610bdd32,ddf95cb6-a97b-45f6-9fa2-7efe2d20b664,c3,c4,2033,p3,?,
1769091439.3830078,RECEIVED,f6e7752b-73b9-410c-adfa-38c993d7350d,d5967ef3-f500-45e8-b070-82d5a45a23f3,c5,c4,2039,p2,?,
1769091439.5814443,SENT,0f9cef2e-f88e-45f4-8f9a-97a6610bdd32,ddf95cb6-a97b-45f6-9fa2-7efe2d20b664,c3,c4,1451,?,i11,
1769091439.5814998,FORWARDED,0f9cef2e-f88e-45f4-8f9a-97a6610bdd32,ddf95cb6-a97b-45f6-9fa2-7efe2d20b664,c3,c4,1451,?,i11,
1769091439.6282978,RECEIVED,05820c0b-5346-4af1-9eec-efadb2b7b90c,bccd69c5-dd7f-4657-81c5-c72a8cd9c943,c1,c5,2044,p1,?,
1769091439.6486533,RECEIVED,c924e7f4-aabc-4154-b312-7c743822e632,449908d5-f562-4ec9-8a05-9a8e57ee8772,c4,DROP,1445,p1,?,
1769091439.686452,SENT,05820c0b-5346-4af1-9eec-efadb2b7b90c,bccd69c5-dd7f-4657-81c5-c72a8cd9c943,c1,c5,1460,?,i1,
1769091439.686495,FORWARDED,05820c0b-5346-4af1-9eec-efadb2b7b90c,bccd69c5-dd7f-4657-81c5-c72a8cd9c943,c1,c5,1460,?,i1,
1769091439.7047381,RECEIVED,29ac4659-25bd-411d-a535-6b3a212d4cd1,58d413bb-e85a-480e-a3eb-2e0aec18c891,c5,DROP,1457,p2,?,
1769091439.7908385,SENT,29ac4659-25bd-411d-a535-6b3a212d4cd1,58d413bb-e85a-480e-a3eb-2e0aec18c891,c5,DROP,1020,?,i2,
1769091439.7908828,FORWARDED,29ac4659-25bd-411d-a535-6b3a212d4cd1,58d413bb-e85a-480e-a3eb-2e0aec18c891,c5,DROP,1020,?,i2,
1769091439.865862,RECEIVED,89106db3-b787-429d-988e-961b363c5c53,8a5dff1f-68aa-4b97-9f86-34a2ede14aa6,c5,c4,2052,p2,?,
1769091440.0286741,SENT,c924e7f4-aabc-4154-b312-7c743822e632,449908d5-f562-4ec9-8a05-9a8e57ee8772,c4,DROP,1009,?,i11,
1769091440.028716,FORWARDED,c924e7f4-aabc-4154-b312-7c743822e632,449908d5-f562-4ec9-8a05-9a8e57ee8772,c4,DROP,1009,?,i11,
1769091440.0456712,SENT,f6e7752b-73b9-410c-adfa-38c993d7350d,d5967ef3-f500-45e8-b070-82d5a45a23f3,c5,c4,1457,?,i3,
1769091440.0457156,FORWARDED,f6e7752b-73b9-410c-adfa-38c993d7350d,d5967ef3-f500-45e8-b070-82d5a45a23f3,c5,c4,1457,?,i3,
1769091440.2038727,RECEIVED,e7de8e4e-9754-4b6c-a517-0e8a1af9eb58,851221ec-2aa7-46f3-ba07-f28abf016d8f,c1,c5,2054,p1,?,
1769091440.3230681,RECEIVED,e50a2985-ef59-4e78-96c0-3b94faa3ac1a,50089678-2bc8-486f-97ad-6217e3f9ead5,c1,c5,2032,p1,?,
1769091440.4726317,SENT,e7de8e4e-9754-4b6c-a517-0e8a1af9eb58,851221ec-2aa7-46f3-ba07-f28abf016d8f,c1,c5,1469,?,i3,
1769091440.4726732,FORWARDED,e7de8e4e-9754-4b6c-a517-0e8a1af9eb58,851221ec-2aa7-46f3-ba07-f28abf016d8f,c1,c5,1469,?,i3,
1769091440.6387262,SENT,89106db3-b787-429d-988e-961b363c5c53,8a5dff1f-68aa-4b97-9f86-34a2ede14aa6,c5,c4,1465,?,i10,
1769091440.6388624,FORWARDED,89106db3-b787-429d-988e-961b363c5c53,8a5dff1f-68aa-4b97-9f86-34a2ede14aa6,c5,c4,1465,?,i10,
1769091440.6848674,RECEIVED,0faf95f6-274a-4932-b0e8-f79651838ad9,87000a07-0067-46ba-829a-011e50265b8c,c3,DROP,1456,p3,?,
1769091440.7097566,FORWARDED,e50a2985-ef59-4e78-96c0-3b94faa3ac1a,50089678-2bc8-486f-97ad-6217e3f9ead5,c1,c5,1451,?,i6,
1769091440.8428156,RECEIVED,e4a27c49-097d-46a4-bbed-e88ccc277538,1f853dba-bb51-4952-b8d2-357a39a81ff0,c4,c1,2039,p1,?,
1769091440.8839357,RECEIVED,8a2bd02d-ebe5-41dc-827a-debf6e2b2dfb,19402716-96a5-4bad-9b92-128537f79e22,c2,c1,2026,p2,?,
1769091441.0559223,SENT,e4a27c49-097d-46a4-bbed-e88ccc277538,1f853dba-bb51-4952-b8d2-357a39a81ff0,c4,c1,1456,?,i4,
1769091441.0559592,FORWARDED,e4a27c49-097d-46a4-bbed-e88ccc277538,1f853dba-bb51-4952-b8d2-357a39a81ff0,c4,c1,1456,?,i4,
1769091441.1356966,SENT,7ed6e708-8b7c-4246-9892-653835a8fdc2,547fa662-b2ed-4301-a408-2c499280a864,c1,c5,1461,?,i7,
1769091441.1357381,FORWARDED,7ed6e708-8b7c-4246-9892-653835a8fdc2,547fa662-b2ed-4301-a408-2c499280a864,c1,c5,1461,?,i7,
1769091441.165947,SENT,8a2bd02d-ebe5-41dc-827a-debf6e2b2dfb,19402716-96a5-4bad-9b92-128537f79e22,c2,c1,1447,?,i1,
1769091441.1659923,FORWARDED,8a2bd02d-ebe5-41dc-827a-debf6e2b2dfb,19402716-96a5-4bad-9b92-128537f79e22,c2,c1,1447,?,i1,
1769091441.1959279,RECEIVED,09453a36-d107-4cec-bf96-9aecc93b6b47,321b7454-19cb-4468-a693-168881109f90,c2,c1,2032,p2,?,
1769091441.1996431,RECEIVED,0b30ae02-7004-465d-9db0-72ba274b8f0b,a46575a7-a91c-4ab1-81ea-9477223ebc11,c4,c1,2043,p1,?,
1769091441.2094135,RECEIVED,3d40d17b-e8a5-4348-baf1-10147b76e3a8,963bdfe8-dffd-4d36-80b6-8d12c28584c1,c5,DROP,1441,p2,?,
1769091441.2692988,SENT,3d40d17b-e8a5-4348-baf1-10147b76e3a8,963bdfe8-dffd-4d36-80b6-8d12c28584c1,c5,DROP,1006,?,i4,
1769091441.2693384,FORWARDED,3d40d17b-e8a5-4348-baf1-10147b76e3a8,963bdfe8-dffd-4d36-80b6-8d12c28584c1,c5,DROP,1006,?,i4,
1769091441.3512864,RECEIVED,46b02df3-aaf7-470c-804d-090b1288ed8a,0dcb8512-cf35-4dde-817b-2eb0cdfb809f,c5,DROP,1451,p2,?,
1769091441.365988,RECEIVED,cdfcaf7d-abb5-48f9-88d8-00f2118678ad,d70fc380-ae5f-4242-893f-1f11633c8755,c5,c4,2034,p2,?,
1769091441.377745,SENT,0faf95f6-274a-4932-b0e8-f79651838ad9,87000a07-0067-46ba-829a-011e50265b8c,c3,DROP,1020,?,i11,
1769091441.3777869,FORWARDED,0faf95f6-274a-4932-b0e8-f79651838ad9,87000a07-0067-46ba-829a-011e50265b8c,c3,DROP,1020,?,i11,
1769091441.3906133,RECEIVED,3a680803-31ae-4f6d-bc04-262364ce4752,6d3f8783-cd07-4ef2-a574-84ec48715b6a,c2,DROP,1459,p2,?,
1769091441.4442348,RECEIVED,768893c2-79a9-4a60-b0b1-a408167e8176,86a2733c-71e0-4f13-a566-9717c8d78ff2,c2,c1,2020,p2,?,
1769091441.4469788,SENT,09453a36-d107-4cec-bf96-9aecc93b6b47,321b7454-19cb-4468-a693-168881109f90,c2,c1,1451,?,i4,
1769091441.44703,FORWARDED,09453a36-d107-4cec-bf96-9aecc93b6b47,321b7454-19cb-4468-a693-168881109f90,c2,c1,1451,?,i4,
1769091441.4964898,RECEIVED,db5b3acf-16e5-4039-80f1-79b25a3002b6,fabd7a3e-9624-4be6-8924-b27ef7c9da82,c2,c1,2040,p2,?,
1769091441.6073596,SENT,db5b3acf-16e5-4039-80f1-79b25a3002b6,fabd7a3e-9624-4be6-8924-b27ef7c9da82,c2,c1,1457,?,i9,
1769091441.607402,FORWARDED,db5b3acf-16e5-4039-80f1-79b25a3002b6,fabd7a3e-9624-4be6-8924-b27ef7c9da82,c2,c1,1457,?,i9,
1769091441.6156542,SENT,cdfcaf7d-abb5-48f9-88d8-00f2118678ad,d70fc380-ae5f-4242-893f-1f11633c8755,c5,c4,1455,?,i2,
1769091441.6156964,FORWARDED,cdfcaf7d-abb5-48f9-88d8-00f2118678ad,d70fc380-ae5f-4242-893f-1f11633c8755,c5,c4,1455,?,i2,
1769091441.7383506,SENT,768893c2-79a9-4a60-b0b1-a408167e8176,86a2733c-71e0-4f13-a566-9717c8d78ff2,c2,c1,1443,?,i3,
1769091441.7383833,FORWARDED,768893c2-79a9-4a60-b0b1-a408167e8176,86a2733c-71e0-4f13-a566-9717c8d78ff2,c2,c1,1443,?,i3,
1769091441.7517788,SENT,0b30ae02-7004-465d-9db0-72ba274b8f0b,a46575a7-a91c-4ab1-81ea-9477223ebc11,c4,c1,1460,?,i4,
1769091441.7518194,FORWARDED,0b30ae02-7004-465d-9db0-72ba274b8f0b,a46575a7-a91c-4ab1-81ea-9477223ebc11,c4,c1,1460,?,i4,
1769091441.7532353,SENT,46b02df3-aaf7-470c-804d-090b1288ed8a,0dcb8512-cf35-4dde-817b-2eb0cdfb809f,c5,DROP,1015,?,i7,
1769091441.7532732,FORWARDED,46b02df3-aaf7-470c-804d-090b1288ed8a,0dcb8512-cf35-4dde-817b-2eb0cdfb809f,c5,DROP,1015,?,i7,
1769091441.7684755,RECEIVED,50a7e911-b6c2-4130-8ea6-0e0bd4757cdd,633a2da2-4ef5-4195-bfee-e5e088834f59,c4,DROP,1457,p1,?,
1769091441.8583832,FORWARDED,50a7e911-b6c2-4130-8ea6-0e0bd4757cdd,633a2da2-4ef5-4195-bfee-e5e088834f59,c4,DROP,1019,?,i6,
1769091441.9904935,SENT,3a680803-31ae-4f6d-bc04-262364ce4752,6d3f8783-cd07-4ef2-a574-84ec48715b6a,c2,DROP,1021,?,i2,
1769091441.9905353,FORWARDED,3a680803-31ae-4f6d-bc04-262364ce4752,6d3f8783-cd07-4ef2-a574-84ec48715b6a,c2,DROP,1021,?,i2,
1769091442.5423322,RECEIVED,2346318b-12a7-4981-9eb1-817b5862eee9,e3d3534e-c051-4c85-b0dd-48f67984d283,c1,c5,2040,p1,?,
1769091442.623827,SENT,2346318b-12a7-4981-9eb1-817b5862eee9,e3d3534e-c051-4c85-b0dd-48f67984d283,c1,c5,1456,?,i4,
1769091442.6238618,FORWARDED,2346318b-12a7-4981-9eb1-817b5862eee9,e3d3534e-c051-4c85-b0dd-48f67984d283,c1,c5,1456,?,i4,
1769091442.9620013,RECEIVED,7713f6ed-9cd3-44bd-93ba-27a373ae1ffb,9819954a-06ad-4f27-97bd-7a4af7a5da8d,c5,DROP,1459,p2,?,
1769091443.071143,RECEIVED,f18d740b-4c49-4b5d-b8ab-47cbc29c11a3,715cef9a-3597-42d2-84e4-f41334e8ceca,c1,c5,2044,p1,?,
1769091443.2892067,RECEIVED,8cefdb89-0aea-4a9b-8ccc-999d5117b3f0,13ab762c-ae78-40d5-952a-82ea217fbf04,c2,DROP,1445,p2,?,
1769091443.3049421,RECEIVED,ac7557d9-2dde-4f7d-bdd1-89b18d1e2407,a161afdc-e440-4377-9ffd-8ef9b06fd11e,c3,c4,2031,p3,?,
1769091443.3699336,SENT,8cefdb89-0aea-4a9b-8ccc-999d5117b3f0,13ab762c-ae78-40d5-952a-82ea217fbf04,c2,DROP,1011,?,i3,
1769091443.3699749,FORWARDED,8cefdb89-0aea-4a9b-8ccc-999d5117b3f0,13ab762c-ae78-40d5-952a-82ea217fbf04,c2,DROP,1011,?,i3,
1769091443.4101384,SENT,f18d740b-4c49-4b5d-b8ab-47cbc29c11a3,715cef9a-3597-42d2-84e4-f41334e8ceca,c1,c5,1460,?,i2,
1769091443.4101822,FORWARDED,f18d740b-4c49-4b5d-b8ab-47cbc29c11a3,715cef9a-3597-42d2-84e4-f41334e8ceca,c1,c5,1460,?,i2,
1769091443.5584238,SENT,ac7557d9-2dde-4f7d-bdd1-89b18d1e2407,a161afdc-e440-4377-9ffd-8ef9b06fd11e,c3,c4,1451,?,i1,
1769091443.5584786,FORWARDED,ac7557d9-2dde-4f7d-bdd1-89b18d1e2407,a161afdc-e440-4377-9ffd-8ef9b06fd11e,c3,c4,1451,?,i1,
1769091443.580315,RECEIVED,ed50ad40-ddde-4275-9e08-6acb967a80a4,a24cdfe2-a44c-4ca3-99d4-e7d3c10bda03,c5,DROP,441,x8,?,
1769091443.5905936,RECEIVED,8076a188-c867-49c0-8a3e-5d2aca307c05,9e360774-8299-4cbf-9568-dc4f5f7dc613,c4,DROP,1451,p1,?,
1769091443.6129723,RECEIVED,3a8e6de0-7d38-45bb-9ae6-5e3f25940d0e,2f6aec0d-5e77-4eb3-912e-6807c2322e36,c5,DROP,441,x5,?,
1769091443.7401688,RECEIVED,ccb3558b-84ae-4b69-aacc-706b699ec3b5,cd76a120-138a-4c4b-bd8c-d5b3b72e0334,c4,c1,2023,p1,?,
1769091443.8027081,RECEIVED,4a982445-8735-4afd-8c0f-86a312e80478,aab0165e-6665-4c61-93e1-fe2a6c968fd4,c5,DROP,442,x7,?,
1769091443.839324,RECEIVED,717b24d0-f916-4cd0-821f-07591dae17cd,31d12243-0434-49a6-93e4-788b3bc55f0d,c1,c5,2027,p1,?,
1769091443.86298,RECEIVED,ace15014-dcea-44c2-b7f3-b8311cc87e28,b8ae8a65-87b4-4aa3-a23d-4fd87c4204d1,c5,c4,2044,p2,?,
1769091443.8739033,RECEIVED,5cb1625f-a811-4b5e-9a7c-d35f84ec4c7b,7b3b4e66-cd75-42af-9cbe-d35bca43b2be,c3,c4,2041,p3,?,
1769091443.8882167,RECEIVED,1a617bf9-cddd-4c53-bf61-69aa446ba5b7,c169bf55-14d1-4624-8b8f-022e0fdc4b0c,c1,c5,2035,p1,?,
1769091443.9189773,SENT,7713f6ed-9cd3-44bd-93ba-27a373ae1ffb,9819954a-06ad-4f27-97bd-7a4af7a5da8d,c5,DROP,1021,?,i4,
1769091443.91902,FORWARDED,7713f6ed-9cd3-44bd-93ba-27a373ae1ffb,9819954a-06ad-4f27-97bd-7a4af7a5da8d,c5,DROP,1021,?,i4,
1769091443.9372425,SENT,5cb1625f-a811-4b5e-9a7c-d35f84ec4c7b,7b3b4e66-cd75-42af-9cbe-d35bca43b2be,c3,c4,1458,?,i8,
1769091443.9372952,FORWARDED,5cb1625f-a811-4b5e-9a7c-d35f84ec4c7b,7b3b4e66-cd75-42af-9cbe-d35bca43b2be,c3,c4,1458,?,i8,
1769091444.1029973,RECEIVED,5967f663-6b6c-4d12-94c9-36c11c56fa98,d96a07cd-d854-47f9-8389-cb960ec8d793,c3,c4,2042,p3,?,
1769091444.1432302,SENT,5967f663-6b6c-4d12-94c9-36c11c56fa98,d96a07cd-d854-47f9-8389-cb960ec8d793,c3,c4,1456,?,i10,
1769091444.1432717,FORWARDED,5967f663-6b6c-4d12-94c9-36c11c56fa98,d96a07cd-d854-47f9-8389-cb960ec8d793,c3,c4,1456,?,i10,
1769091444.1669116,RECEIVED,8784fd00-bda3-4a72-8a84-2ce5ecf2d707,662ec337-2188-4b14-97b1-dc60fe1a7403,c3,c4,2045,p3,?,
1769091444.3312876,RECEIVED,5b5c0985-5819-48f0-abb6-da2fa168b349,381b4aef-933d-454e-8ef1-7ba3f04b40d1,c1,DROP,441,x1,?,
1769091444.3329947,SENT,8076a188-c867-49c0-8a3e-5d2aca307c05,9e360774-8299-4cbf-9568-dc4f5f7dc613,c4,DROP,1015,?,i2,
1769091444.3330355,FORWARDED,8076a188-c867-49c0-8a3e-5d2aca307c05,9e360774-8299-4cbf-9568-dc4f5f7dc613,c4,DROP,1015,?,i2,
1769091444.4008455,RECEIVED,b55f4fa5-c0be-4091-b188-05d8df622a4e,b9578dde-c500-4642-ad92-ff6e2689d315,c5,DROP,1435,p2,?,
1769091444.4091268,SENT,8784fd00-bda3-4a72-8a84-2ce5ecf2d707,662ec337-2188-4b14-97b1-dc60fe1a7403,c3,c4,1459,?,i10,
1769091444.4091706,FORWARDED,8784fd00-bda3-4a72-8a84-2ce5ecf2d707,662ec337-2188-4b14-97b1-dc60fe1a7403,c3,c4,1459,?,i10,
1769091444.428346,RECEIVED,12a04ead-6929-4ffd-aff8-070a4793bb2a,46a5112d-31e5-4c87-a342-6878e0de29dc,c3,c4,2045,p3,?,
1769091444.4665742,RECEIVED,1de634bb-e4ac-4c89-878e-1a796cb187c0,6cc905e8-7edc-4af3-b59b-c4c19da6de5c,c4,DROP,1460,p1,?,
1769091444.4934258,SENT,12a04ead-6929-4ffd-aff8-070a4793bb2a,46a5112d-31e5-4c87-a342-6878e0de29dc,c3,c4,1460,?,i5,
1769091444.4934685,FORWARDED,12a04ead-6929-4ffd-aff8-070a4793bb2a,46a5112d-31e5-4c87-a342-6878e0de29dc,c3,c4,1460,?,i5,
1769091444.495187,SENT,ccb3558b-84ae-4b69-aacc-706b699ec3b5,cd76a120-138a-4c4b-bd8c-d5b3b72e0334,c4,c1,1444,?,i1,
1769091444.4952261,FORWARDED,ccb3558b-84ae-4b69-aacc-706b699ec3b5,cd76a120-138a-4c4b-bd8c-d5b3b72e0334,c4,c1,1444,?,i1,
1769091444.6335564,RECEIVED,89230444-d435-4810-a7a0-a3df5584729a,d952ee69-ed59-4657-8746-934fc73adcc8,c5,c4,2027,p2,?,
1769091444.7101004,RECEIVED,e8637083-9aa5-43bd-9d22-b620fd86312a,433ac78b-b054-46af-9391-0da8149c459c,c2,DROP,441,x5,?,
1769091444.7365513,RECEIVED,c7e2eb29-e0cf-4126-ab7c-129a2c3514c6,d976fd4a-905a-4261-829d-99138d555a90,c3,c4,2035,p3,?,
1769091444.76231,RECEIVED,e337c21e-8e4a-4c26-b91b-6aae2cba5487,ebfea8d0-0442-4993-b55c-6a33be4979cc,c5,c4,2046,p2,?,
1769091444.772078,RECEIVED,a8425a48-6fde-41fe-ab66-9aaabe63537e,095cda83-0db9-4028-94ea-89e90f380748,c5,c4,2023,p2,?,
1769091444.861642,RECEIVED,7fc2356c-b853-44a2-a2f9-40b4499c21d9,53ed040a-df95-4236-8194-20584ed80daa,c1,DROP,446,x12,?,
1769091444.8644738,SENT,ace15014-dcea-44c2-b7f3-b8311cc87e28,b8ae8a65-87b4-4aa3-a23d-4fd87c4204d1,c5,c4,1460,?,i11,
1769091444.8645158,FORWARDED,ace15014-dcea-44c2-b7f3-b8311cc87e28,b8ae8a65-87b4-4aa3-a23d-4fd87c4204d1,c5,c4,1460,?,i11,
1769091444.9019625,FORWARDED,1a617bf9-cddd-4c53-bf61-69aa446ba5b7,c169bf55-14d1-4624-8b8f-022e0fdc4b0c,c1,c5,1455,?,i6,
1769091444.9887707,SENT,717b24d0-f916-4cd0-821f-07591dae17cd,31d12243-0434-49a6-93e4-788b3bc55f0d,c1,c5,1448,?,i4,
1769091444.9888284,FORWARDED,717b24d0-f916-4cd0-821f-07591dae17cd,31d12243-0434-49a6-93e4-788b3bc55f0d,c1,c5,1448,?,i4,
1769091445.066748,RECEIVED,bb68aa57-75c6-4f7e-ba8e-f1b16b1425fe,61b1392b-d108-458e-92eb-c73abe190620,c1,DROP,1439,p1,?,
1769091445.305195,SENT,e337c21e-8e4a-4c26-b91b-6aae2cba5487,ebfea8d0-0442-4993-b55c-6a33be4979cc,c5,c4,1463,?,i2,
1769091445.3052337,FORWARDED,e337c21e-8e4a-4c26-b91b-6aae2cba5487,ebfea8d0-0442-4993-b55c-6a33be4979cc,c5,c4,1463,?,i2,
1769091445.4607577,FORWARDED,89230444-d435-4810-a7a0-a3df5584729a,d952ee69-ed59-4657-8746-934fc73adcc8,c5,c4,1447,?,i6,
1769091445.6862576,SENT,bb68aa57-75c6-4f7e-ba8e-f1b16b1425fe,61b1392b-d108-458e-92eb-c73abe190620,c1,DROP,1007,?,i2,
1769091445.6862998,FORWARDED,bb68aa57-75c6-4f7e-ba8e-f1b16b1425fe,61b1392b-d108-458e-92eb-c73abe190620,c1,DROP,1007,?,i2,
1769091445.7471201,SENT,a8425a48-6fde-41fe-ab66-9aaabe63537e,095cda83-0db9-4028-94ea-89e90f380748,c5,c4,1444,?,i9,
1769091445.7471697,FORWARDED,a8425a48-6fde-41fe-ab66-9aaabe63537e,095cda83-0db9-4028-94ea-89e90f380748,c5,c4,1444,?,i9,
1769091445.8429928,SENT,b55f4fa5-c0be-4091-b188-05d8df622a4e,b9578dde-c500-4642-ad92-ff6e2689d315,c5,DROP,1004,?,i2,
1769091445.843035,FORWARDED,b55f4fa5-c0be-4091-b188-05d8df622a4e,b9578dde-c500-4642-ad92-ff6e2689d315,c5,DROP,1004,?,i2,
1769091445.9840744,RECEIVED,a36829e9-2e3a-4c9f-84f9-31d600df5c28,d5e73125-16df-464e-848e-d80b703c33b3,c4,c1,2031,p1,?,
1769091446.1006975,RECEIVED,51d155f2-c524-49ac-a456-dc55ebd3c06c,c880e666-0f46-4066-b9a9-e75f3596de19,c2,c1,2043,p2,?,
1769091446.1336243,RECEIVED,f4f65b1b-1784-4594-a12d-bfaa91617b8f,5eb66147-9e93-4e66-bc69-82f3a6ef4ede,c1,DROP,1448,p1,?,
1769091446.1409304,SENT,c7e2eb29-e0cf-4126-ab7c-129a2c3514c6,d976fd4a-905a-4261-829d-99138d555a90,c3,c4,1455,?,i1,
1769091446.1409705,FORWARDED,c7e2eb29-e0cf-4126-ab7c-129a2c3514c6,d976fd4a-905a-4261-829d-99138d555a90,c3,c4,1455,?,i1,
1769091446.236332,RECEIVED,dccc8ac3-a314-4cc7-815e-f557bbaa7520,db2e1797-0e2d-44a0-92e7-5a01d32b3750,c1,c5,2039,p1,?,
1769091446.3032937,SENT,f4f65b1b-1784-4594-a12d-bfaa91617b8f,5eb66147-9e93-4e66-bc69-82f3a6ef4ede,c1,DROP,1014,?,i3,
1769091446.3033414,FORWARDED,f4f65b1b-1784-4594-a12d-bfaa91617b8f,5eb66147-9e93-4e66-bc69-82f3a6ef4ede,c1,DROP,1014,?,i3,
1769091446.500839,SENT,dccc8ac3-a314-4cc7-815e-f557bbaa7520,db2e1797-0e2d-44a0-92e7-5a01d32b3750,c1,c5,1457,?,i9,
1769091446.5008805,FORWARDED,dccc8ac3-a314-4cc7-815e-f557bbaa7520,db2e1797-0e2d-44a0-92e7-5a01d32b3750,c1,c5,1457,?,i9,
1769091446.6231062,RECEIVED,6f1c5e28-0481-4ccd-bdba-8da77e4c20d1,50f483b7-afa1-48df-9275-a96a2c86c478,c2,c1,2039,p2,?,
1769091446.977537,RECEIVED,8a420a2e-2dec-4713-bbfb-ba657840348d,423af9ce-18c2-4479-a3e7-e0257eddd2fd,c2,c1,2051,p2,?,
1769091447.1519737,RECEIVED,9d7a639b-b147-46d7-b32c-1685f7c98f4c,e28e6c67-0437-4e25-8702-a2feb89d2a31,c1,c5,2044,p1,?,
1769091447.261371,SENT,9d7a639b-b147-46d7-b32c-1685f7c98f4c,e28e6c67-0437-4e25-8702-a2feb89d2a31,c1,c5,1460,?,i9,
1769091447.2614102,FORWARDED,9d7a639b-b147-46d7-b32c-1685f7c98f4c,e28e6c67-0437-4e25-8702-a2feb89d2a31,c1,c5,1460,?,i9,
1769091447.3315358,RECEIVED,836f9353-9b50-46c6-8e13-79a12073897d,67fb6701-648f-4926-b7c8-9ae367e3776b,c4,c1,2040,p1,?,
1769091447.49133,SENT,836f9353-9b50-46c6-8e13-79a12073897d,67fb6701-648f-4926-b7c8-9ae367e3776b,c4,c1,1456,?,i5,
1769091447.4913657,FORWARDED,836f9353-9b50-46c6-8e13-79a12073897d,67fb6701-648f-4926-b7c8-9ae367e3776b,c4,c1,1456,?,i5,
1769091447.5849204,SENT,6f1c5e28-0481-4ccd-bdba-8da77e4c20d1,50f483b7-afa1-48df-9275-a96a2c86c478,c2,c1,1457,?,i9,
1769091447.5849612,FORWARDED,6f1c5e28-0481-4ccd-bdba-8da77e4c20d1,50f483b7-afa1-48df-9275-a96a2c86c478,c2,c1,1457,?,i9,
1769091447.669209,SENT,1de634bb-e4ac-4c89-878e-1a796cb187c0,6cc905e8-7edc-4af3-b59b-c4c19da6de5c,c4,DROP,1021,?,i12,
1769091447.6692472,FORWARDED,1de634bb-e4ac-4c89-878e-1a796cb187c0,6cc905e8-7edc-4af3-b59b-c4c19da6de5c,c4,DROP,1021,?,i12,
1769091447.677187,FORWARDED,8a420a2e-2dec-4713-bbfb-ba657840348d,423af9ce-18c2-4479-a3e7-e0257eddd2fd,c2,c1,1465,?,i6,
1769091447.7061257,SENT,51d155f2-c524-49ac-a456-dc55ebd3c06c,c880e666-0f46-4066-b9a9-e75f3596de19,c2,c1,1459,?,i8,
1769091447.7061698,FORWARDED,51d155f2-c524-49ac-a456-dc55ebd3c06c,c880e666-0f46-4066-b9a9-e75f3596de19,c2,c1,1459,?,i8,
1769091447.7136905,RECEIVED,a6449781-c19a-4c7c-b725-eaba80f3084a,1de65587-174d-42a0-9357-85fdd9bd5b97,c5,DROP,1453,p2,?,
1769091447.8112283,SENT,a6449781-c19a-4c7c-b725-eaba80f3084a,1de65587-174d-42a0-9357-85fdd9bd5b97,c5,DROP,1015,?,i11,
1769091447.811271,FORWARDED,a6449781-c19a-4c7c-b725-eaba80f3084a,1de65587-174d-42a0-9357-85fdd9bd5b97,c5,DROP,1015,?,i11,
1769091448.0694048,SENT,a36829e9-2e3a-4c9f-84f9-31d600df5c28,d5e73125-16df-464e-848e-d80b703c33b3,c4,c1,1450,?,i7,
1769091448.0694451,FORWARDED,a36829e9-2e3a-4c9f-84f9-31d600df5c28,d5e73125-16df-464e-848e-d80b703c33b3,c4,c1,1450,?,i7,
1769091448.4078896,RECEIVED,195593c5-f976-4b85-a160-061048cce543,fc6566fb-4c57-4ac1-b575-7b7979049dfb,c2,c1,2040,p2,?,
1769091448.4614995,RECEIVED,86729962-5840-4ed0-9af2-37d2d74b7e1d,757fe544-f415-4c12-8920-f3e436dbca7c,c3,c4,2039,p3,?,
1769091448.561151,RECEIVED,1790ad6c-960d-4fd0-87ce-eb2d932a0b42,3e8ff8dd-2e70-4f50-aebb-7adcd1224d51,c3,c4,2049,p3,?,
1769091448.6093416,SENT,195593c5-f976-4b85-a160-061048cce543,fc6566fb-4c57-4ac1-b575-7b7979049dfb,c2,c1,1457,?,i1,
1769091448.6093848,FORWARDED,195593c5-f976-4b85-a160-061048cce543,fc6566fb-4c57-4ac1-b575-7b7979049dfb,c2,c1,1457,?,i1,
1769091448.6220026,SENT,1790ad6c-960d-4fd0-87ce-eb2d932a0b42,3e8ff8dd-2e70-4f50-aebb-7adcd1224d51,c3,c4,1463,?,i3,
1769091448.6221075,FORWARDED,1790ad6c-960d-4fd0-87ce-eb2d932a0b42,3e8ff8dd-2e70-4f50-aebb-7adcd1224d51,c3,c4,1463,?,i3,
1769091448.6381905,SENT,86729962-5840-4ed0-9af2-37d2d74b7e1d,757fe544-f415-4c12-8920-f3e436dbca7c,c3,c4,1458,?,i8,
1769091448.638234,FORWARDED,86729962-5840-4ed0-9af2-37d2d74b7e1d,757fe544-f415-4c12-8920-f3e436dbca7c,c3,c4,1458,?,i8,
1769091448.751131,RECEIVED,b0a468c7-0901-46a8-9963-213eeab98fe9,8ccdae97-13e7-42ff-8a7c-519fc0c0e0f4,c3,c4,2040,p3,?,
1769091448.8599782,RECEIVED,e0859e40-686c-44b5-9f11-174613b7faa7,8078ee12-23f5-481d-80c7-5262644cf396,c5,DROP,442,x7,?,
1769091448.867941,RECEIVED,6c99dfd5-b834-47ed-b1ee-dd49d17a7745,627a33ad-f4e6-4fcf-8620-3a5619871e78,c4,DROP,1441,p1,?,
1769091449.0077298,SENT,b0a468c7-0901-46a8-9963-213eeab98fe9,8ccdae97-13e7-42ff-8a7c-519fc0c0e0f4,c3,c4,1457,?,i1,
1769091449.007784,FORWARDED,b0a468c7-0901-46a8-9963-213eeab98fe9,8ccdae97-13e7-42ff-8a7c-519fc0c0e0f4,c3,c4,1457,?,i1,
1769091449.011411,RECEIVED,de65cf02-e549-4c4d-bd3c-d5bdebdf20c1,34d88d3e-8e0c-4274-8239-bcc2acd7c65f,c1,DROP,1444,p1,?,
1769091449.0378146,RECEIVED,1dda2fde-21cc-4ad8-a397-f39ea579f071,1b616fe9-042b-42b2-bf94-a9830cfbe787,c5,c4,2040,p2,?,
1769091449.0493202,FORWARDED,1dda2fde-21cc-4ad8-a397-f39ea579f071,1b616fe9-042b-42b2-bf94-a9830cfbe787,c5,c4,1456,?,i6,
1769091449.0505877,SENT,6c99dfd5-b834-47ed-b1ee-dd49d17a7745,627a33ad-f4e6-4fcf-8620-3a5619871e78,c4,DROP,1007,?,i10,
1769091449.0506275,FORWARDED,6c99dfd5-b834-47ed-b1ee-dd49d17a7745,627a33ad-f4e6-4fcf-8620-3a5619871e78,c4,DROP,1007,?,i10,
1769091449.413135,RECEIVED,c85f01a1-3af0-4bb7-b54c-a81ade54c2fb,d4d3f108-6e5c-4fb8-ab4a-616faba9ae8a,c1,DROP,1440,p1,?,
1769091449.480122,RECEIVED,6c7260d0-2dbb-4a23-9ae5-af4c9d789eea,b877e6bc-375a-4226-95ca-893fffe44a44,c2,DROP,1440,p2,?,
1769091449.4981153,SENT,6c7260d0-2dbb-4a23-9ae5-af4c9d789eea,b877e6bc-375a-4226-95ca-893fffe44a44,c2,DROP,1007,?,i3,
1769091449.4981554,FORWARDED,6c7260d0-2dbb-4a23-9ae5-af4c9d789eea,b877e6bc-375a-4226-95ca-893fffe44a44,c2,DROP,1007,?,i3,
1769091449.4999783,SENT,c85f01a1-3af0-4bb7-b54c-a81ade54c2fb,d4d3f108-6e5c-4fb8-ab4a-616faba9ae8a,c1,DROP,1008,?,i1,
1769091449.5000172,FORWARDED,c85f01a1-3af0-4bb7-b54c-a81ade54c2fb,d4d3f108-6e5c-4fb8-ab4a-616faba9ae8a,c1,DROP,1008,?,i1,
1769091449.5388756,RECEIVED,d14ef90c-ebc6-4a7d-bbaf-8e43d296bde3,44153a58-d56d-47a8-b3d0-79a07587387c,c1,c5,2031,p1,?,
1769091449.8677046,FORWARDED,d14ef90c-ebc6-4a7d-bbaf-8e43d296bde3,44153a58-d56d-47a8-b3d0-79a07587387c,c1,c5,1450,?,i6,
1769091449.885104,SENT,de65cf02-e549-4c4d-bd3c-d5bdebdf20c1,34d88d3e-8e0c-4274-8239-bcc2acd7c65f,c1,DROP,1011,?,i11,
1769091449.885158,FORWARDED,de65cf02-e549-4c4d-bd3c-d5bdebdf20c1,34d88d3e-8e0c-4274-8239-bcc2acd7c65f,c1,DROP,1011,?,i11,
1769091449.9004464,RECEIVED,d285ad7b-82f4-4393-a5f4-933431850fe6,3d70295c-d18e-444d-84d9-26b1b1e3abe0,c4,DROP,1448,p1,?,
1769091449.9458358,RECEIVED,c9e2ad52-4f5c-4886-a946-5f765531d4cd,dc16080e-dde9-46f0-b7e5-e549d9c9854d,c2,c1,2043,p2,?,
1769091450.1265454,RECEIVED,69702359-982b-43e3-9a07-ec74df798508,f48d380d-3e3b-442e-becb-eabb5dfde7a2,c5,DROP,1439,p2,?,
1769091450.339963,SENT,d285ad7b-82f4-4393-a5f4-933431850fe6,3d70295c-d18e-444d-84d9-26b1b1e3abe0,c4,DROP,1012,?,i11,
1769091450.3400054,FORWARDED,d285ad7b-82f4-4393-a5f4-933431850fe6,3d70295c-d18e-444d-84d9-26b1b1e3abe0,c4,DROP,1012,?,i11,
1769091450.467686,RECEIVED,046ea68b-b115-46f9-9a17-19f26cb764e8,dad5f4e2-1677-444e-a577-45d44828ee6e,c4,c1,2044,p1,?,
1769091450.536318,RECEIVED,5c4072c0-133b-46c3-8e86-1fd1b48a59f5,a3bc36d8-ef89-45bf-ad8c-c0db2cdc7fc9,c3,c4,2036,p3,?,
1769091450.54795,RECEIVED,eb74ae67-89a7-4d1f-897e-80b77dc0b91d,a1a6af54-0a50-464a-8bd8-d5980bcfbbb1,c2,DROP,1460,p2,?,
1769091450.6706698,RECEIVED,c06354c2-6912-4339-a9d9-d6ec15d1c2cc,8ccee361-b502-4621-aa4c-9850eb9c677a,c5,c4,2048,p2,?,
1769091450.6900294,SENT,c9e2ad52-4f5c-4886-a946-5f765531d4cd,dc16080e-dde9-46f0-b7e5-e549d9c9854d,c2,c1,1459,?,i3,
1769091450.6900814,FORWARDED,c9e2ad52-4f5c-4886-a946-5f765531d4cd,dc16080e-dde9-46f0-b7e5-e549d9c9854d,c2,c1,1459,?,i3,
1769091450.902097,SENT,5c4072c0-133b-46c3-8e86-1fd1b48a59f5,a3bc36d8-ef89-45bf-ad8c-c0db2cdc7fc9,c3,c4,1455,?,i1,
1769091450.9021397,FORWARDED,5c4072c0-133b-46c3-8e86-1fd1b48a59f5,a3bc36d8-ef89-45bf-ad8c-c0db2cdc7fc9,c3,c4,1455,?,i1,
1769091450.9108748,RECEIVED,16d0c86f-534a-4f8f-83b5-683e05951a89,6f2aa4af-d242-440a-9839-04186c8f89e4,c3,DROP,1439,p3,?,
1769091450.9322336,SENT,046ea68b-b115-46f9-9a17-19f26cb764e8,dad5f4e2-1677-444e-a577-45d44828ee6e,c4,c1,1461,?,i12,
1769091450.932277,FORWARDED,046ea68b-b115-46f9-9a17-19f26cb764e8,dad5f4e2-1677-444e-a577-45d44828ee6e,c4,c1,1461,?,i12,
1769091450.9756396,RECEIVED,5f0c9442-c96f-4a24-a70a-679ec96c4e2e,8e34cb2f-d633-43f9-8454-971ea6e6deca,c3,c4,2035,p3,?,
1769091451.103442,RECEIVED,521a8590-dfe7-4ba5-97c9-810e13e20fba,e99e8e1c-38fd-400c-9637-f3ef619336be,c4,c1,2030,p1,?,
1769091451.103832,SENT,eb74ae67-89a7-4d1f-897e-80b77dc0b91d,a1a6af54-0a50-464a-8bd8-d5980bcfbbb1,c2,DROP,1021,?,i11,
1769091451.1038716,FORWARDED,eb74ae67-89a7-4d1f-897e-80b77dc0b91d,a1a6af54-0a50-464a-8bd8-d5980bcfbbb1,c2,DROP,1021,?,i11,
1769091451.1225226,RECEIVED,7993ac36-7945-4a72-bb1f-6b860866f3c7,f9cb4a43-32a4-43c6-8a28-11d20c3aa5f6,c1,DROP,1440,p1,?,
1769091451.2408164,RECEIVED,9a089a3d-082d-494a-98ee-85e91562ff6d,cf782fab-f677-4f3f-ae15-7a643dea83a4,c1,DROP,1459,p1,?,
1769091451.25128,SENT,c06354c2-6912-4339-a9d9-d6ec15d1c2cc,8ccee361-b502-4621-aa4c-9850eb9c677a,c5,c4,1463,?,i10,
1769091451.2513268,FORWARDED,c06354c2-6912-4339-a9d9-d6ec15d1c2cc,8ccee361-b502-4621-aa4c-9850eb9c677a,c5,c4,1463,?,i10,
1769091451.270417,SENT,69702359-982b-43e3-9a07-ec74df798508,f48d380d-3e3b-442e-becb-eabb5dfde7a2,c5,DROP,1008,?,i1,
1769091451.2704608,FORWARDED,69702359-982b-43e3-9a07-ec74df798508,f48d380d-3e3b-442e-becb-eabb5dfde7a2,c5,DROP,1008,?,i1,
1769091451.3617778,SENT,7993ac36-7945-4a72-bb1f-6b860866f3c7,f9cb4a43-32a4-43c6-8a28-11d20c3aa5f6,c1,DROP,1007,?,i8,
1769091451.361821,FORWARDED,7993ac36-7945-4a72-bb1f-6b860866f3c7,f9cb4a43-32a4-43c6-8a28-11d20c3aa5f6,c1,DROP,1007,?,i8,
1769091451.3696766,FORWARDED,521a8590-dfe7-4ba5-97c9-810e13e20fba,e99e8e1c-38fd-400c-9637-f3ef619336be,c4,c1,1451,?,i6,
1769091451.479005,SENT,16d0c86f-534a-4f8f-83b5-683e05951a89,6f2aa4af-d242-440a-9839-04186c8f89e4,c3,DROP,1007,?,i4,
1769091451.4790413,FORWARDED,16d0c86f-534a-4f8f-83b5-683e05951a89,6f2aa4af-d242-440a-9839-04186c8f89e4,c3,DROP,1007,?,i4,
1769091451.588654,SENT,9a089a3d-082d-494a-98ee-85e91562ff6d,cf782fab-f677-4f3f-ae15-7a643dea83a4,c1,DROP,1021,?,i9,
1769091451.5886943,FORWARDED,9a089a3d-082d-494a-98ee-85e91562ff6d,cf782fab-f677-4f3f-ae15-7a643dea83a4,c1,DROP,1021,?,i9,
1769091451.7277806,RECEIVED,5711cfa8-e2a3-484d-bbda-fb0aebba567a,74e379d5-975c-4247-8446-b5f3acac7f68,c5,c4,2032,p2,?,
1769091452.0152693,RECEIVED,4a69c44b-2a14-4e16-b454-81885d2f86b1,05832ae2-9af4-44ad-9e3f-0c29a4f2d43d,c1,DROP,1439,p1,?,
1769091452.137855,SENT,5711cfa8-e2a3-484d-bbda-fb0aebba567a,74e379d5-975c-4247-8446-b5f3acac7f68,c5,c4,1451,?,i1,
1769091452.1379094,FORWARDED,5711cfa8-e2a3-484d-bbda-fb0aebba567a,74e379d5-975c-4247-8446-b5f3acac7f68,c5,c4,1451,?,i1,
1769091452.1535454,RECEIVED,d38842aa-d3e8-4b5a-8cb1-c540271b76f9,bc4a0381-66c9-463e-adcf-33a153b4cc49,c2,c1,2034,p2,?,
1769091452.2939491,RECEIVED,c18f1d86-081f-4902-9d3f-7ef971d6a322,58ec69bd-5ffb-430d-8256-3f5111ed1db4,c2,c1,2047,p2,?,
1769091452.4044147,RECEIVED,6d51b08e-e117-4308-a7bb-e516f99a9cf2,94de516f-0fcd-4e24-a9f7-5d6edf10b3dc,c3,c4,2043,p3,?,
1769091452.5876913,SENT,5f0c9442-c96f-4a24-a70a-679ec96c4e2e,8e34cb2f-d633-43f9-8454-971ea6e6deca,c3,c4,1455,?,i2,
1769091452.5877306,FORWARDED,5f0c9442-c96f-4a24-a70a-679ec96c4e2e,8e34cb2f-d633-43f9-8454-971ea6e6deca,c3,c4,1455,?,i2,
1769091452.6138263,RECEIVED,3a4b184f-4a61-4099-9f30-3bdf77422824,ce9b74c2-377d-4f4a-a958-7060573f4856,c3,c4,2019,p3,?,
1769091452.650992,RECEIVED,59c4948e-4f21-4be3-8814-fe44c72624b3,03c6ca42-d9dc-436d-96fe-103a52ebc4bf,c2,DROP,1460,p2,?,
1769091452.770193,FORWARDED,59c4948e-4f21-4be3-8814-fe44c72624b3,03c6ca42-d9dc-436d-96fe-103a52ebc4bf,c2,DROP,1021,?,i6,
1769091452.8210993,RECEIVED,c80bbd85-b3d3-4b74-bbb9-0ff45e27c54e,fb88289d-5d13-4168-b748-93556cf057a1,c2,c1,2052,p2,?,
1769091452.9171846,RECEIVED,ffdfdd79-d35b-489f-a2dc-910777a70c68,c4e728cc-a26e-4722-baa8-cc9af643373d,c1,DROP,1460,p1,?,
1769091452.9245088,SENT,ffdfdd79-d35b-489f-a2dc-910777a70c68,c4e728cc-a26e-4722-baa8-cc9af643373d,c1,DROP,1019,?,i11,
1769091452.924544,FORWARDED,ffdfdd79-d35b-489f-a2dc-910777a70c68,c4e728cc-a26e-4722-baa8-cc9af643373d,c1,DROP,1019,?,i11,
1769091452.927769,SENT,c80bbd85-b3d3-4b74-bbb9-0ff45e27c54e,fb88289d-5d13-4168-b748-93556cf057a1,c2,c1,1465,?,i9,
1769091452.927809,FORWARDED,c80bbd85-b3d3-4b74-bbb9-0ff45e27c54e,fb88289d-5d13-4168-b748-93556cf057a1,c2,c1,1465,?,i9,
1769091452.9611597,RECEIVED,3af432bc-f6f5-45c6-add6-88c9ee3d8e99,793fac81-d4f0-4b5e-9c3a-a173d3634744,c1,c5,2036,p1,?,
1769091452.9908397,SENT,c18f1d86-081f-4902-9d3f-7ef971d6a322,58ec69bd-5ffb-430d-8256-3f5111ed1db4,c2,c1,1463,?,i3,
1769091452.9908805,FORWARDED,c18f1d86-081f-4902-9d3f-7ef971d6a322,58ec69bd-5ffb-430d-8256-3f5111ed1db4,c2,c1,1463,?,i3,
1769091453.125451,FORWARDED,3af432bc-f6f5-45c6-add6-88c9ee3d8e99,793fac81-d4f0-4b5e-9c3a-a173d3634744,c1,c5,1453,?,i6,
1769091453.1549256,RECEIVED,9e798291-950d-4551-8bf5-3f48312d9ab8,b4aad969-0dca-4064-94a2-af5e2a3a55e4,c2,DROP,441,x7,?,
1769091453.1602168,SENT,3a4b184f-4a61-4099-9f30-3bdf77422824,ce9b74c2-377d-4f4a-a958-7060573f4856,c3,c4,1443,?,i5,
1769091453.1602573,FORWARDED,3a4b184f-4a61-4099-9f30-3bdf77422824,ce9b74c2-377d-4f4a-a958-7060573f4856,c3,c4,1443,?,i5,
1769091453.289121,RECEIVED,4809da2d-d59b-4e8b-8d11-e9ca78bc965f,e657af2e-c7af-45b1-9314-d24d8d6fbb91,c3,c4,2039,p3,?,
1769091453.3367493,RECEIVED,246409a5-a9d3-4fc7-b366-2e49a8032221,d4af365e-cbbf-49e3-a705-ab02ef69d601,c1,c5,2045,p1,?,
1769091453.3669443,SENT,246409a5-a9d3-4fc7-b366-2e49a8032221,d4af365e-cbbf-49e3-a705-ab02ef69d601,c1,c5,1461,?,i7,
1769091453.3669896,FORWARDED,246409a5-a9d3-4fc7-b366-2e49a8032221,d4af365e-cbbf-49e3-a705-ab02ef69d601,c1,c5,1461,?,i7,
1769091453.478976,SENT,4a69c44b-2a14-4e16-b454-81885d2f86b1,05832ae2-9af4-44ad-9e3f-0c29a4f2d43d,c1,DROP,1008,?,i4,
1769091453.4790263,FORWARDED,4a69c44b-2a14-4e16-b454-81885d2f86b1,05832ae2-9af4-44ad-9e3f-0c29a4f2d43d,c1,DROP,1008,?,i4,
1769091453.544613,SENT,4809da2d-d59b-4e8b-8d11-e9ca78bc965f,e657af2e-c7af-45b1-9314-d24d8d6fbb91,c3,c4,1457,?,i5,
1769091453.5446534,FORWARDED,4809da2d-d59b-4e8b-8d11-e9ca78bc965f,e657af2e-c7af-45b1-9314-d24d8d6fbb91,c3,c4,1457,?,i5,
1769091453.5700681,RECEIVED,a69d662b-66ff-41b0-a08a-6c880e872782,c81630ef-27b2-4e5c-946e-1467eb786653,c1,c5,2024,p1,?,
1769091453.5908694,SENT,6d51b08e-e117-4308-a7bb-e516f99a9cf2,94de516f-0fcd-4e24-a9f7-5d6edf10b3dc,c3,c4,1460,?,i9,
1769091453.5909064,FORWARDED,6d51b08e-e117-4308-a7bb-e516f99a9cf2,94de516f-0fcd-4e24-a9f7-5d6edf10b3dc,c3,c4,1460,?,i9,
1769091453.7882838,RECEIVED,bd986ff3-5a36-428e-836b-9c6ccf4e39f7,fba5ad83-2203-46f0-944e-359df94618fc,c4,DROP,1452,p1,?,
1769091453.8549986,SENT,a69d662b-66ff-41b0-a08a-6c880e872782,c81630ef-27b2-4e5c-946e-1467eb786653,c1,c5,1444,?,i4,
1769091453.855041,FORWARDED,a69d662b-66ff-41b0-a08a-6c880e872782,c81630ef-27b2-4e5c-946e-1467eb786653,c1,c5,1444,?,i4,
1769091453.8706627,RECEIVED,1903d9a3-e5af-409a-bf11-064e5d32d372,943f3254-5980-4eda-9706-3b8b2dfdf3da,c4,c1,2043,p1,?,
1769091453.8857365,SENT,bd986ff3-5a36-428e-836b-9c6ccf4e39f7,fba5ad83-2203-46f0-944e-359df94618fc,c4,DROP,1016,?,i7,
1769091453.8857787,FORWARDED,bd986ff3-5a36-428e-836b-9c6ccf4e39f7,fba5ad83-2203-46f0-944e-359df94618fc,c4,DROP,1016,?,i7,
1769091453.9048104,RECEIVED,ebf8a52d-8482-4136-9ac9-d862c4a45f38,8225c5f1-b263-4ace-8ad6-2a7a9d002bbb,c4,DROP,1443,p1,?,
1769091453.9200454,RECEIVED,1312d2b7-78f4-4813-b1bb-bf59357b9af1,1ff1ba47-1709-4eef-b930-9249c125b5e1,c4,c1,2035,p1,?,
1769091453.929865,RECEIVED,087fa136-4dec-487e-98e8-01117b1f3370,6b5ce0c9-7c9b-412c-9554-58048dce25b9,c3,DROP,445,x12,?,
1769091454.0807457,RECEIVED,219c253f-fe33-403c-a3d5-65fb8b5b7d37,a7302ae1-9449-4e08-8751-879363051191,c3,c4,2051,p3,?,
1769091454.0917282,RECEIVED,a2f89a5d-5c66-432f-bca4-578280a5b531,2f91ad8d-2678-4ae3-a33d-c058caba490e,c3,c4,2035,p3,?,
1769091454.2521825,SENT,219c253f-fe33-403c-a3d5-65fb8b5b7d37,a7302ae1-9449-4e08-8751-879363051191,c3,c4,1466,?,i8,
1769091454.252225,FORWARDED,219c253f-fe33-403c-a3d5-65fb8b5b7d37,a7302ae1-9449-4e08-8751-879363051191,c3,c4,1466,?,i8,
1769091454.5487309,SENT,ebf8a52d-8482-4136-9ac9-d862c4a45f38,8225c5f1-b263-4ace-8ad6-2a7a9d002bbb,c4,DROP,1011,?,i9,
1769091454.5487707,FORWARDED,ebf8a52d-8482-4136-9ac9-d862c4a45f38,8225c5f1-b263-4ace-8ad6-2a7a9d002bbb,c4,DROP,1011,?,i9,
1769091454.6304886,SENT,d38842aa-d3e8-4b5a-8cb1-c540271b76f9,bc4a0381-66c9-463e-adcf-33a153b4cc49,c2,c1,1455,?,i3,
1769091454.630639,FORWARDED,d38842aa-d3e8-4b5a-8cb1-c540271b76f9,bc4a0381-66c9-463e-adcf-33a153b4cc49,c2,c1,1455,?,i3,
1769091454.7486293,RECEIVED,65a669f8-7cc3-46d3-b471-f746141ec423,2d7a3c6d-0649-4125-9e2e-d5d815243bde,c3,c4,2031,p3,?,
1769091454.7503603,SENT,1903d9a3-e5af-409a-bf11-064e5d32d372,943f3254-5980-4eda-9706-3b8b2dfdf3da,c4,c1,1461,?,i4,
1769091454.7504022,FORWARDED,1903d9a3-e5af-409a-bf11-064e5d32d372,943f3254-5980-4eda-9706-3b8b2dfdf3da,c4,c1,1461,?,i4,
1769091454.783274,RECEIVED,9804bde9-4715-4973-81f7-76fbe060da46,3365a887-9794-4026-9919-3d95ce9ee78c,c3,c4,2033,p3,?,
1769091454.8573244,SENT,9804bde9-4715-4973-81f7-76fbe060da46,3365a887-9794-4026-9919-3d95ce9ee78c,c3,c4,1451,?,i5,
1769091454.8573663,FORWARDED,9804bde9-4715-4973-81f7-76fbe060da46,3365a887-9794-4026-9919-3d95ce9ee78c,c3,c4,1451,?,i5,
1769091454.9198706,SENT,a2f89a5d-5c66-432f-bca4-578280a5b531,2f91ad8d-2678-4ae3-a33d-c058caba490e,c3,c4,1453,?,i4,
1769091454.9199142,FORWARDED,a2f89a5d-5c66-432f-bca4-578280a5b531,2f91ad8d-2678-4ae3-a33d-c058caba490e,c3,c4,1453,?,i4,
1769091455.1180136,RECEIVED,f3a06efa-1570-4658-9f0d-3defb1089b76,4a3f6a15-a02a-4ddc-9675-27577254c4d6,c2,c1,2053,p2,?,
1769091455.1357207,RECEIVED,901ad8a1-2b70-40ee-9c8a-c7196e19566b,f5b42347-a69f-4706-9808-7c3b489103f1,c1,c5,2048,p1,?,
1769091455.3254566,SENT,65a669f8-7cc3-46d3-b471-f746141ec423,2d7a3c6d-0649-4125-9e2e-d5d815243bde,c3,c4,1451,?,i7,
1769091455.3255026,FORWARDED,65a669f8-7cc3-46d3-b471-f746141ec423,2d7a3c6d-0649-4125-9e2e-d5d815243bde,c3,c4,1451,?,i7,
1769091455.3383188,SENT,1312d2b7-78f4-4813-b1bb-bf59357b9af1,1ff1ba47-1709-4eef-b930-9249c125b5e1,c4,c1,1455,?,i2,
1769091455.3383605,FORWARDED,1312d2b7-78f4-4813-b1bb-bf59357b9af1,1ff1ba47-1709-4eef-b930-9249c125b5e1,c4,c1,1455,?,i2,
1769091455.342208,SENT,f3a06efa-1570-4658-9f0d-3defb1089b76,4a3f6a15-a02a-4ddc-9675-27577254c4d6,c2,c1,1465,?,i12,
1769091455.3422482,FORWARDED,f3a06efa-1570-4658-9f0d-3defb1089b76,4a3f6a15-a02a-4ddc-9675-27577254c4d6,c2,c1,1465,?,i12,
1769091455.3660946,SENT,901ad8a1-2b70-40ee-9c8a-c7196e19566b,f5b42347-a69f-4706-9808-7c3b489103f1,c1,c5,1463,?,i9,
1769091455.3661382,FORWARDED,901ad8a1-2b70-40ee-9c8a-c7196e19566b,f5b42347-a69f-4706-9808-7c3b489103f1,c1,c5,1463,?,i9,
1769091455.527914,RECEIVED,a5f97bb5-5c4b-4d3b-afb3-0f1c4558704a,4ada7401-0290-4495-8fc2-1753d8ebaf8f,c2,c1,2039,p2,?,
1769091455.7607498,RECEIVED,7210dae4-b8fe-403c-b8af-817345d9e11b,4a64fe39-cdf9-44fa-b89d-bd6e2cdf94ec,c5,c4,2040,p2,?,
1769091455.9455273,RECEIVED,9e8224d6-33d5-4f94-baa5-d754c21ba084,c82a2b82-edc9-490e-8c32-4030a6faade8,c3,DROP,442,x8,?,
1769091455.9795783,RECEIVED,8ef3ad66-3f77-4aa1-af8a-62f48dfb41af,3c92edb8-0bd1-4dc9-8c77-41cbfbee8461,c5,c4,2028,p2,?,
1769091456.0458288,SENT,8ef3ad66-3f77-4aa1-af8a-62f48dfb41af,3c92edb8-0bd1-4dc9-8c77-41cbfbee8461,c5,c4,1448,?,i2,
1769091456.045872,FORWARDED,8ef3ad66-3f77-4aa1-af8a-62f48dfb41af,3c92edb8-0bd1-4dc9-8c77-41cbfbee8461,c5,c4,1448,?,i2,
1769091456.2425332,RECEIVED,6deed346-f756-4a78-9150-6f935f688b84,0cdf5e1b-2953-438e-a5bd-0fb91427bfc0,c3,c4,2027,p3,?,
1769091456.2454188,RECEIVED,90385cea-2683-4f5a-a54f-3b6fc87bcf4e,6e446ff9-95f1-4e03-a63e-c75283931392,c3,c4,2018,p3,?,
1769091456.3282382,SENT,7210dae4-b8fe-403c-b8af-817345d9e11b,4a64fe39-cdf9-44fa-b89d-bd6e2cdf94ec,c5,c4,1456,?,i10,
1769091456.328277,FORWARDED,7210dae4-b8fe-403c-b8af-817345d9e11b,4a64fe39-cdf9-44fa-b89d-bd6e2cdf94ec,c5,c4,1456,?,i10,
1769091456.384921,RECEIVED,79f000f2-dc1a-45c4-83f7-4e36ae9220dc,f44dc106-a803-40b3-a6d0-cd753a888295,c3,c4,2035,p3,?,
1769091456.4313073,FORWARDED,a5f97bb5-5c4b-4d3b-afb3-0f1c4558704a,4ada7401-0290-4495-8fc2-1753d8ebaf8f,c2,c1,1456,?,i6,
1769091456.7279077,RECEIVED,248e4d06-6ab7-4eef-9521-c2a32656f6bc,6d3d6fa3-ec47-4ac4-a551-f0907663a1fe,c3,DROP,1450,p3,?,
1769091456.7465556,RECEIVED,f76bc80c-ba51-420f-a1e1-08a41ca16305,4f31260d-7444-47cc-8f08-c04162877f07,c3,DROP,1439,p3,?,
1769091456.9009032,RECEIVED,7d2989c8-d8e7-4ba0-b238-9e8bc922382a,6293e7bb-4384-45fb-ac9b-2f1d4ce7c090,c4,c1,2040,p1,?,
1769091456.9304216,RECEIVED,7b8ff195-d171-45a2-ba60-501f540c13ce,15bd67e9-26b1-46dd-9669-279a9a47fc41,c4,DROP,1444,p1,?,
1769091456.9595098,SENT,f76bc80c-ba51-420f-a1e1-08a41ca16305,4f31260d-7444-47cc-8f08-c04162877f07,c3,DROP,1008,?,i1,
1769091456.9595532,FORWARDED,f76bc80c-ba51-420f-a1e1-08a41ca16305,4f31260d-7444-47cc-8f08-c04162877f07,c3,DROP,1008,?,i1,
1769091456.9732242,SENT,6deed346-f756-4a78-9150-6f935f688b84,0cdf5e1b-2953-438e-a5bd-0fb91427bfc0,c3,c4,1448,?,i8,
1769091456.9732666,FORWARDED,6deed346-f756-4a78-9150-6f935f688b84,0cdf5e1b-2953-438e-a5bd-0fb91427bfc0,c3,c4,1448,?,i8,
1769091456.9790258,RECEIVED,9097d01c-8758-437a-90e1-5a1c26b274bd,bd9820ac-fb35-424f-a5f0-20d786890d41,c3,c4,2043,p3,?,
1769091456.9905558,SENT,7d2989c8-d8e7-4ba0-b238-9e8bc922382a,6293e7bb-4384-45fb-ac9b-2f1d4ce7c090,c4,c1,1457,?,i7,
1769091456.9905984,FORWARDED,7d2989c8-d8e7-4ba0-b238-9e8bc922382a,6293e7bb-4384-45fb-ac9b-2f1d4ce7c090,c4,c1,1457,?,i7,
1769091457.0730803,SENT,90385cea-2683-4f5a-a54f-3b6fc87bcf4e,6e446ff9-95f1-4e03-a63e-c75283931392,c3,c4,1443,?,i2,
1769091457.0731218,FORWARDED,90385cea-2683-4f5a-a54f-3b6fc87bcf4e,6e446ff9-95f1-4e03-a63e-c75283931392,c3,c4,1443,?,i2,
1769091457.110413,SENT,7b8ff195-d171-45a2-ba60-501f540c13ce,15bd67e9-26b1-46dd-9669-279a9a47fc41,c4,DROP,1011,?,i3,
1769091457.1104546,FORWARDED,7b8ff195-d171-45a2-ba60-501f540c13ce,15bd67e9-26b1-46dd-9669-279a9a47fc41,c4,DROP,1011,?,i3,
1769091457.1524572,RECEIVED,d3db47a2-b5e0-4786-ba38-00629224854d,945f2b52-d649-4f39-9507-39585e101b8b,c3,c4,2039,p3,?,
1769091457.1732037,RECEIVED,4017e28e-2d38-4413-ba4c-52d52df098a3,90a705ab-2481-4904-9513-51b71333033b,c4,DROP,445,x6,?,
1769091457.2398078,RECEIVED,804cff80-0819-4de9-aaf4-c1eedde2b4ea,4a1db0bd-ec3f-4116-8703-e9f7fddf5cd7,c4,c1,2040,p1,?,
1769091457.2625806,RECEIVED,c89d29bf-f382-42c0-8037-594b7a3bc10d,e079db05-3adf-4856-b8b9-f944d72e2120,c4,c1,2045,p1,?,
1769091457.3147945,SENT,9097d01c-8758-437a-90e1-5a1c26b274bd,bd9820ac-fb35-424f-a5f0-20d786890d41,c3,c4,1460,?,i2,
1769091457.3148339,FORWARDED,9097d01c-8758-437a-90e1-5a1c26b274bd,bd9820ac-fb35-424f-a5f0-20d786890d41,c3,c4,1460,?,i2,
1769091457.5459552,RECEIVED,703bf0b7-8c89-44e7-b0f5-c19b58460744,7970776c-db6b-4ba7-9905-ffd30f2d4be6,c2,DROP,1447,p2,?,
1769091457.5760922,SENT,d3db47a2-b5e0-4786-ba38-00629224854d,945f2b52-d649-4f39-9507-39585e101b8b,c3,c4,1456,?,i5,
1769091457.5761347,FORWARDED,d3db47a2-b5e0-4786-ba38-00629224854d,945f2b52-d649-4f39-9507-39585e101b8b,c3,c4,1456,?,i5,
1769091457.6204672,SENT,804cff80-0819-4de9-aaf4-c1eedde2b4ea,4a1db0bd-ec3f-4116-8703-e9f7fddf5cd7,c4,c1,1456,?,i10,
1769091457.620505,FORWARDED,804cff80-0819-4de9-aaf4-c1eedde2b4ea,4a1db0bd-ec3f-4116-8703-e9f7fddf5cd7,c4,c1,1456,?,i10,
1769091457.63675,RECEIVED,a3b25848-e941-428f-8d14-c74a0ab4b9d9,2927ffa2-7835-406f-9ffa-dd1aa098a75c,c4,c1,2044,p1,?,
1769091457.9099677,RECEIVED,6808a415-d238-40d7-90f2-e24fedc6a40c,f4c57106-43c6-4f6b-9f0d-59a1dfc71415,c1,c5,2037,p1,?,
1769091457.9142535,SENT,a3b25848-e941-428f-8d14-c74a0ab4b9d9,2927ffa2-7835-406f-9ffa-dd1aa098a75c,c4,c1,1459,?,i7,
1769091457.9142928,FORWARDED,a3b25848-e941-428f-8d14-c74a0ab4b9d9,2927ffa2-7835-406f-9ffa-dd1aa098a75c,c4,c1,1459,?,i7,
1769091457.9986413,SENT,6808a415-d238-40d7-90f2-e24fedc6a40c,f4c57106-43c6-4f6b-9f0d-59a1dfc71415,c1,c5,1455,?,i12,
1769091457.9986832,FORWARDED,6808a415-d238-40d7-90f2-e24fedc6a40c,f4c57106-43c6-4f6b-9f0d-59a1dfc71415,c1,c5,1455,?,i12,
1769091458.210222,SENT,79f000f2-dc1a-45c4-83f7-4e36ae9220dc,f44dc106-a803-40b3-a6d0-cd753a888295,c3,c4,1455,?,i4,
1769091458.2102737,FORWARDED,79f000f2-dc1a-45c4-83f7-4e36ae9220dc,f44dc106-a803-40b3-a6d0-cd753a888295,c3,c4,1455,?,i4,
1769091458.2493734,SENT,248e4d06-6ab7-4eef-9521-c2a32656f6bc,6d3d6fa3-ec47-4ac4-a551-f0907663a1fe,c3,DROP,1016,?,i5,
1769091458.2494147,FORWARDED,248e4d06-6ab7-4eef-9521-c2a32656f6bc,6d3d6fa3-ec47-4ac4-a551-f0907663a1fe,c3,DROP,1016,?,i5,
1769091458.3202317,FORWARDED,703bf0b7-8c89-44e7-b0f5-c19b58460744,7970776c-db6b-4ba7-9905-ffd30f2d4be6,c2,DROP,1012,?,i6,
1769091458.3769543,RECEIVED,f794b3c8-1a67-46d2-9eba-d017fa57144c,170261d9-a26d-42e6-a879-1e08290ed469,c4,c1,2037,p1,?,
1769091458.4206576,RECEIVED,581c020e-0725-44c5-8410-56d0214b0906,40c71ae9-786f-4642-b010-2974d97bd0e3,c3,DROP,1459,p3,?,
1769091458.496835,SENT,f794b3c8-1a67-46d2-9eba-d017fa57144c,170261d9-a26d-42e6-a879-1e08290ed469,c4,c1,1455,?,i11,
1769091458.4968781,FORWARDED,f794b3c8-1a67-46d2-9eba-d017fa57144c,170261d9-a26d-42e6-a879-1e08290ed469,c4,c1,1455,?,i11,
1769091458.5557747,RECEIVED,c9d26373-e928-455f-9950-44bb180c04be,3bc5b22d-dd87-4226-941f-7abab3b1be6b,c3,c4,2035,p3,?,
1769091458.7470021,RECEIVED,8c68452a-c488-4cf0-8f92-de72beb218c7,553ab660-fcfb-4c71-8121-0e656add3f5b,c4,DROP,1443,p1,?,
1769091458.7589695,RECEIVED,fa74944c-5b2f-4388-badc-aec7bd960dba,a19b684e-9ba3-4785-8cb8-4ea84ed5689c,c3,c4,2043,p3,?,
1769091458.7963188,RECEIVED,a9a5bffc-ecf8-4a4e-ab22-62ec55cf4d26,c864af99-8f67-495a-927f-c8e1ac069fb4,c1,c5,2044,p1,?,
1769091458.8516967,SENT,a9a5bffc-ecf8-4a4e-ab22-62ec55cf4d26,c864af99-8f67-495a-927f-c8e1ac069fb4,c1,c5,1459,?,i5,
1769091458.8517447,FORWARDED,a9a5bffc-ecf8-4a4e-ab22-62ec55cf4d26,c864af99-8f67-495a-927f-c8e1ac069fb4,c1,c5,1459,?,i5,
1769091458.9409091,SENT,c9d26373-e928-455f-9950-44bb180c04be,3bc5b22d-dd87-4226-941f-7abab3b1be6b,c3,c4,1455,?,i4,
1769091458.9409482,FORWARDED,c9d26373-e928-455f-9950-44bb180c04be,3bc5b22d-dd87-4226-941f-7abab3b1be6b,c3,c4,1455,?,i4,
1769091458.9954176,SENT,c89d29bf-f382-42c0-8037-594b7a3bc10d,e079db05-3adf-4856-b8b9-f944d72e2120,c4,c1,1464,?,i5,
1769091458.9954917,FORWARDED,c89d29bf-f382-42c0-8037-594b7a3bc10d,e079db05-3adf-4856-b8b9-f944d72e2120,c4,c1,1464,?,i5,
1769091459.0825934,RECEIVED,6af7e647-5b37-41eb-bb07-b92f824b8340,9bc39788-bbba-4994-b692-ec5f02ef1bd2,c3,c4,2031,p3,?,
1769091459.2046776,SENT,8c68452a-c488-4cf0-8f92-de72beb218c7,553ab660-fcfb-4c71-8121-0e656add3f5b,c4,DROP,1009,?,i5,
1769091459.2047188,FORWARDED,8c68452a-c488-4cf0-8f92-de72beb218c7,553ab660-fcfb-4c71-8121-0e656add3f5b,c4,DROP,1009,?,i5,
1769091459.426722,SENT,fa74944c-5b2f-4388-badc-aec7bd960dba,a19b684e-9ba3-4785-8cb8-4ea84ed5689c,c3,c4,1460,?,i7,
1769091459.4267588,FORWARDED,fa74944c-5b2f-4388-badc-aec7bd960dba,a19b684e-9ba3-4785-8cb8-4ea84ed5689c,c3,c4,1460,?,i7,
1769091459.5154507,SENT,581c020e-0725-44c5-8410-56d0214b0906,40c71ae9-786f-4642-b010-2974d97bd0e3,c3,DROP,1022,?,i4,
1769091459.5154917,FORWARDED,581c020e-0725-44c5-8410-56d0214b0906,40c71ae9-786f-4642-b010-2974d97bd0e3,c3,DROP,1022,?,i4,
1769091459.5866652,RECEIVED,088a37f7-0019-4a51-b475-47d1347dacb2,428052e3-93a4-40d6-951e-664b0a5f6b1b,c1,c5,2020,p1,?,
1769091459.6425867,SENT,6af7e647-5b37-41eb-bb07-b92f824b8340,9bc39788-bbba-4994-b692-ec5f02ef1bd2,c3,c4,1451,?,i4,
1769091459.6426303,FORWARDED,6af7e647-5b37-41eb-bb07-b92f824b8340,9bc39788-bbba-4994-b692-ec5f02ef1bd2,c3,c4,1451,?,i4,
1769091459.651421,RECEIVED,39617e82-b38d-4bc5-ac78-37894af3fe06,64916cfc-b0ee-418b-9559-e2730a458fe4,c1,DROP,446,x6,?,
1769091459.734429,SENT,088a37f7-0019-4a51-b475-47d1347dacb2,428052e3-93a4-40d6-951e-664b0a5f6b1b,c1,c5,1443,?,i7,
1769091459.7346852,FORWARDED,088a37f7-0019-4a51-b475-47d1347dacb2,428052e3-93a4-40d6-951e-664b0a5f6b1b,c1,c5,1443,?,i7,
1769091460.0297515,RECEIVED,60ebbe14-79a6-4c80-be7a-626233f6b2ab,d9dceeb9-3b3b-46e5-be43-74c0bf6314f7,c4,c1,2031,p1,?,
1769091460.0429752,RECEIVED,08357439-5a24-4f65-921e-e5b5b172767e,6f3b1af5-de91-4d71-b0cb-813c5aee3f8d,c4,c1,2048,p1,?,
1769091460.2563586,FORWARDED,08357439-5a24-4f65-921e-e5b5b172767e,6f3b1af5-de91-4d71-b0cb-813c5aee3f8d,c4,c1,1464,?,i6,
1769091460.2895043,RECEIVED,99e2911c-f046-49f9-b9bb-a2aece1c1608,3c99cb54-5a95-4453-adcb-d2a8729288ec,c2,c1,2019,p2,?,
1769091460.3678908,SENT,60ebbe14-79a6-4c80-be7a-626233f6b2ab,d9dceeb9-3b3b-46e5-be43-74c0bf6314f7,c4,c1,1452,?,i5,
1769091460.3680165,FORWARDED,60ebbe14-79a6-4c80-be7a-626233f6b2ab,d9dceeb9-3b3b-46e5-be43-74c0bf6314f7,c4,c1,1452,?,i5,
1769091460.3814528,RECEIVED,3ecb5189-58e8-46b5-9282-fed0d73d265b,8aa62e2e-6833-41b6-acb4-7b702e121953,c4,c1,2051,p1,?,
1769091460.4586916,RECEIVED,3b36e951-218e-4166-84e7-c9709cba1a25,b9327225-f626-4f9a-b49d-de92c65873c6,c1,c5,2031,p1,?,
1769091460.6933033,RECEIVED,7da7ee80-7335-4008-9d5d-6987132ce9e9,ef2cb96c-3786-46c3-ba49-dcb7465c1b64,c3,DROP,1444,p3,?,
1769091460.7008297,RECEIVED,601a4ffd-9109-445c-b2d9-17ca962d2fe4,0c5c4654-634d-423d-a8fd-8b305ded7c83,c2,c1,2032,p2,?,
1769091460.7291899,RECEIVED,99bd9106-e011-46a8-b569-101319084a84,c7adef58-bfe6-4e04-a205-1622f68f8e1d,c3,c4,2040,p3,?,
1769091460.7826357,SENT,7da7ee80-7335-4008-9d5d-6987132ce9e9,ef2cb96c-3786-46c3-ba49-dcb7465c1b64,c3,DROP,1011,?,i8,
1769091460.782677,FORWARDED,7da7ee80-7335-4008-9d5d-6987132ce9e9,ef2cb96c-3786-46c3-ba49-dcb7465c1b64,c3,DROP,1011,?,i8,
1769091460.870013,RECEIVED,b05f78e1-5424-4ae3-9825-2e7e91add9b6,830e979a-95dd-4149-854b-183a75234235,c2,DROP,1455,p2,?,
1769091460.97766,SENT,3ecb5189-58e8-46b5-9282-fed0d73d265b,8aa62e2e-6833-41b6-acb4-7b702e121953,c4,c1,1466,?,i7,
1769091460.977704,FORWARDED,3ecb5189-58e8-46b5-9282-fed0d73d265b,8aa62e2e-6833-41b6-acb4-7b702e121953,c4,c1,1466,?,i7,
1769091461.0550098,SENT,99bd9106-e011-46a8-b569-101319084a84,c7adef58-bfe6-4e04-a205-1622f68f8e1d,c3,c4,1457,?,i8,
1769091461.0550601,FORWARDED,99bd9106-e011-46a8-b569-101319084a84,c7adef58-bfe6-4e04-a205-1622f68f8e1d,c3,c4,1457,?,i8,
1769091461.2066276,SENT,99e2911c-f046-49f9-b9bb-a2aece1c1608,3c99cb54-5a95-4453-adcb-d2a8729288ec,c2,c1,1443,?,i7,
1769091461.2067602,FORWARDED,99e2911c-f046-49f9-b9bb-a2aece1c1608,3c99cb54-5a95-4453-adcb-d2a8729288ec,c2,c1,1443,?,i7,
1769091461.294179,RECEIVED,17d5b12e-06c0-466e-9008-584d482cc2e8,bfbf0722-4536-4373-b067-1ad464e2c179,c2,c1,2033,p2,?,
1769091461.3084066,SENT,17d5b12e-06c0-466e-9008-584d482cc2e8,bfbf0722-4536-4373-b067-1ad464e2c179,c2,c1,1451,?,i9,
1769091461.3085983,FORWARDED,17d5b12e-06c0-466e-9008-584d482cc2e8,bfbf0722-4536-4373-b067-1ad464e2c179,c2,c1,1451,?,i9,
1769091461.35985,SENT,3b36e951-218e-4166-84e7-c9709cba1a25,b9327225-f626-4f9a-b49d-de92c65873c6,c1,c5,1452,?,i7,
1769091461.3598883,FORWARDED,3b36e951-218e-4166-84e7-c9709cba1a25,b9327225-f626-4f9a-b49d-de92c65873c6,c1,c5,1452,?,i7,
1769091461.372025,RECEIVED,4273f895-92ee-4f6b-95b3-3c374c9262c3,52cdeb0c-baee-4789-8b4f-09fac7e90b47,c2,c1,2044,p2,?,
1769091461.539544,SENT,b05f78e1-5424-4ae3-9825-2e7e91add9b6,830e979a-95dd-4149-854b-183a75234235,c2,DROP,1020,?,i9,
1769091461.5395842,FORWARDED,b05f78e1-5424-4ae3-9825-2e7e91add9b6,830e979a-95dd-4149-854b-183a75234235,c2,DROP,1020,?,i9,
1769091461.7351658,RECEIVED,f632c4e8-d2bb-45fb-a4cb-ffbe6057aa80,0ebaa154-f5a8-419f-b558-3323852ca998,c5,c4,2024,p2,?,
1769091461.8658519,SENT,f632c4e8-d2bb-45fb-a4cb-ffbe6057aa80,0ebaa154-f5a8-419f-b558-3323852ca998,c5,c4,1444,?,i7,
1769091461.865896,FORWARDED,f632c4e8-d2bb-45fb-a4cb-ffbe6057aa80,0ebaa154-f5a8-419f-b558-3323852ca998,c5,c4,1444,?,i7,
1769091461.8974595,RECEIVED,d73f724a-79ad-465f-9cf9-9e4be52d6c2a,2bb29dde-2637-4f3b-904c-b0936e605f74,c4,c1,2048,p1,?,
1769091462.010693,SENT,601a4ffd-9109-445c-b2d9-17ca962d2fe4,0c5c4654-634d-423d-a8fd-8b305ded7c83,c2,c1,1452,?,i10,
1769091462.0107412,FORWARDED,601a4ffd-9109-445c-b2d9-17ca962d2fe4,0c5c4654-634d-423d-a8fd-8b305ded7c83,c2,c1,1452,?,i10,
1769091462.017498,SENT,4273f895-92ee-4f6b-95b3-3c374c9262c3,52cdeb0c-baee-4789-8b4f-09fac7e90b47,c2,c1,1459,?,i10,
1769091462.0175388,FORWARDED,4273f895-92ee-4f6b-95b3-3c374c9262c3,52cdeb0c-baee-4789-8b4f-09fac7e90b47,c2,c1,1459,?,i10,
1769091462.0591304,RECEIVED,26db3779-7b5f-45e2-be98-0640ead91898,f926f01b-e8fb-44bf-b7b3-acf25718b4f3,c5,c4,2030,p2,?,
1769091462.155649,RECEIVED,3b69a90a-8cd8-4f96-b8a6-ebb4bfbbfcfd,e28402d9-4fc5-43e4-b467-ba453624e074,c3,c4,2044,p3,?,
1769091462.1645684,RECEIVED,ed2288bb-6dba-4c0e-94c6-ccbc4ed37f54,4e8f8092-a2d3-444a-93b2-2eb9bef31ace,c5,DROP,1451,p2,?,
1769091462.244284,SENT,ed2288bb-6dba-4c0e-94c6-ccbc4ed37f54,4e8f8092-a2d3-444a-93b2-2eb9bef31ace,c5,DROP,1015,?,i3,
1769091462.2443233,FORWARDED,ed2288bb-6dba-4c0e-94c6-ccbc4ed37f54,4e8f8092-a2d3-444a-93b2-2eb9bef31ace,c5,DROP,1015,?,i3,
1769091462.2534416,SENT,d73f724a-79ad-465f-9cf9-9e4be52d6c2a,2bb29dde-2637-4f3b-904c-b0936e605f74,c4,c1,1463,?,i1,
1769091462.2534857,FORWARDED,d73f724a-79ad-465f-9cf9-9e4be52d6c2a,2bb29dde-2637-4f3b-904c-b0936e605f74,c4,c1,1463,?,i1,
1769091462.7062657,RECEIVED,2ebd90cd-533a-4a45-982b-30fba6fa2ef0,8e71ce1d-4f54-4c67-a0d5-9ac54a3b707a,c5,DROP,1439,p2,?,
1769091462.8595035,SENT,3b69a90a-8cd8-4f96-b8a6-ebb4bfbbfcfd,e28402d9-4fc5-43e4-b467-ba453624e074,c3,c4,1460,?,i10,
1769091462.8595462,FORWARDED,3b69a90a-8cd8-4f96-b8a6-ebb4bfbbfcfd,e28402d9-4fc5-43e4-b467-ba453624e074,c3,c4,1460,?,i10,
1769091462.9064233,SENT,2ebd90cd-533a-4a45-982b-30fba6fa2ef0,8e71ce1d-4f54-4c67-a0d5-9ac54a3b707a,c5,DROP,1008,?,i2,
1769091462.9064634,FORWARDED,2ebd90cd-533a-4a45-982b-30fba6fa2ef0,8e71ce1d-4f54-4c67-a0d5-9ac54a3b707a,c5,DROP,1008,?,i2,
1769091462.9763665,RECEIVED,d532581b-bd7e-4551-a706-85d78fc22276,699f0ff0-f52f-409e-9984-8c724ab35b29,c1,DROP,1446,p1,?,
1769091463.063582,RECEIVED,9f896376-9b57-4037-9520-44e7263c21f1,747084f5-6d79-43d9-957a-4ae6a39c835d,c3,DROP,1440,p3,?,
1769091463.1093514,SENT,9f896376-9b57-4037-9520-44e7263c21f1,747084f5-6d79-43d9-957a-4ae6a39c835d,c3,DROP,1007,?,i5,
1769091463.1093895,FORWARDED,9f896376-9b57-4037-9520-44e7263c21f1,747084f5-6d79-43d9-957a-4ae6a39c835d,c3,DROP,1007,?,i5,
1769091463.4094074,RECEIVED,855603e9-f67d-4fc0-b90d-7a0112c625eb,b471f079-0543-4907-bf67-968ec81f5d50,c2,c1,2027,p2,?,
1769091463.438655,FORWARDED,26db3779-7b5f-45e2-be98-0640ead91898,f926f01b-e8fb-44bf-b7b3-acf25718b4f3,c5,c4,1450,?,i6,
1769091463.532555,RECEIVED,74f3e3d4-2b70-4b13-86da-f456285b5eb6,64ebb65e-55db-4ec8-a54f-2a27e559f152,c1,DROP,1460,p1,?,
1769091463.5608604,SENT,74f3e3d4-2b70-4b13-86da-f456285b5eb6,64ebb65e-55db-4ec8-a54f-2a27e559f152,c1,DROP,1021,?,i4,
1769091463.5609415,FORWARDED,74f3e3d4-2b70-4b13-86da-f456285b5eb6,64ebb65e-55db-4ec8-a54f-2a27e559f152,c1,DROP,1021,?,i4,
1769091463.669593,RECEIVED,e46f6853-4765-4b8f-b574-5ca946dda6ef,71f2d69f-5844-4a22-906b-12887edaa8f5,c3,c4,2040,p3,?,
1769091463.7094731,RECEIVED,08ab69a0-c6a6-4f01-903f-b3d20b107040,5c16d47f-0533-41e3-82c6-061de7ed0777,c1,c5,2044,p1,?,
1769091463.7213988,RECEIVED,8ca58027-ae80-466c-858c-0e87dcd0edca,9b2661bd-5738-4032-b3cd-e019285153e2,c2,DROP,1447,p2,?,
1769091463.7663054,SENT,08ab69a0-c6a6-4f01-903f-b3d20b107040,5c16d47f-0533-41e3-82c6-061de7ed0777,c1,c5,1459,?,i9,
1769091463.7663472,FORWARDED,08ab69a0-c6a6-4f01-903f-b3d20b107040,5c16d47f-0533-41e3-82c6-061de7ed0777,c1,c5,1459,?,i9,
1769091463.7732146,RECEIVED,d5b41da2-11f6-44e3-a6bf-475831b641b9,f06ef910-5ba5-49f6-9c2e-5147a7ee3536,c3,c4,2049,p3,?,
1769091463.9998355,SENT,d5b41da2-11f6-44e3-a6bf-475831b641b9,f06ef910-5ba5-49f6-9c2e-5147a7ee3536,c3,c4,1463,?,i12,
1769091464.000102,FORWARDED,d5b41da2-11f6-44e3-a6bf-475831b641b9,f06ef910-5ba5-49f6-9c2e-5147a7ee3536,c3,c4,1463,?,i12,
1769091464.114873,RECEIVED,0263de32-1db2-4b5e-82ae-0a6a8662237a,246d896b-1141-4e4f-88ad-55b0a948128c,c1,c5,2045,p1,?,
1769091464.2043025,SENT,0263de32-1db2-4b5e-82ae-0a6a8662237a,246d896b-1141-4e4f-88ad-55b0a948128c,c1,c5,1459,?,i11,
1769091464.204345,FORWARDED,0263de32-1db2-4b5e-82ae-0a6a8662237a,246d896b-1141-4e4f-88ad-55b0a948128c,c1,c5,1459,?,i11,
1769091464.2099383,RECEIVED,6a3cd91c-e493-4b88-8da5-0d9d9b5d1559,f21afe9b-ad85-4a75-91fe-b6c37a28ef70,c4,c1,2043,p1,?,
1769091464.413007,RECEIVED,7179164e-a016-41c1-ad73-8c0db568db18,5eb3d62a-a193-4f62-9b87-c227d336f91e,c2,c1,2050,p2,?,
1769091464.5065465,SENT,7179164e-a016-41c1-ad73-8c0db568db18,5eb3d62a-a193-4f62-9b87-c227d336f91e,c2,c1,1463,?,i8,
1769091464.5065877,FORWARDED,7179164e-a016-41c1-ad73-8c0db568db18,5eb3d62a-a193-4f62-9b87-c227d336f91e,c2,c1,1463,?,i8,
1769091464.544177,RECEIVED,96ed0c85-0d03-47a1-a30f-70c9020fa77c,cd6893a7-6dd5-48cb-8762-b97e3bae2c06,c4,DROP,1453,p1,?,
1769091464.5877438,SENT,6a3cd91c-e493-4b88-8da5-0d9d9b5d1559,f21afe9b-ad85-4a75-91fe-b6c37a28ef70,c4,c1,1460,?,i7,
1769091464.587785,FORWARDED,6a3cd91c-e493-4b88-8da5-0d9d9b5d1559,f21afe9b-ad85-4a75-91fe-b6c37a28ef70,c4,c1,1460,?,i7,
1769091464.721706,RECEIVED,68930efa-70c9-4dcf-8d6e-4c4e1ce4b856,d2fdc910-50b2-4a55-9860-ed47c87224a2,c3,DROP,1448,p3,?,
1769091464.7448952,SENT,96ed0c85-0d03-47a1-a30f-70c9020fa77c,cd6893a7-6dd5-48cb-8762-b97e3bae2c06,c4,DROP,1015,?,i10,
1769091464.7449367,FORWARDED,96ed0c85-0d03-47a1-a30f-70c9020fa77c,cd6893a7-6dd5-48cb-8762-b97e3bae2c06,c4,DROP,1015,?,i10,
1769091464.760204,SENT,e46f6853-4765-4b8f-b574-5ca946dda6ef,71f2d69f-5844-4a22-906b-12887edaa8f5,c3,c4,1458,?,i12,
1769091464.760245,FORWARDED,e46f6853-4765-4b8f-b574-5ca946dda6ef,71f2d69f-5844-4a22-906b-12887edaa8f5,c3,c4,1458,?,i12,
1769091465.1036294,SENT,68930efa-70c9-4dcf-8d6e-4c4e1ce4b856,d2fdc910-50b2-4a55-9860-ed47c87224a2,c3,DROP,1012,?,i4,
1769091465.104023,FORWARDED,68930efa-70c9-4dcf-8d6e-4c4e1ce4b856,d2fdc910-50b2-4a55-9860-ed47c87224a2,c3,DROP,1012,?,i4,
1769091465.117076,SENT,855603e9-f67d-4fc0-b90d-7a0112c625eb,b471f079-0543-4907-bf67-968ec81f5d50,c2,c1,1448,?,i3,
1769091465.1171184,FORWARDED,855603e9-f67d-4fc0-b90d-7a0112c625eb,b471f079-0543-4907-bf67-968ec81f5d50,c2,c1,1448,?,i3,
1769091465.1535068,RECEIVED,5b825137-368f-45bd-959d-e44c6fd6c4fc,5b000126-22be-4126-a459-197ec4caf9d2,c1,c5,2043,p1,?,
1769091465.1565714,RECEIVED,eeaa1187-4aa2-47bd-987a-aa9b457809d8,365df87d-5de6-47e4-ad5b-9da8714e660e,c5,c4,2041,p2,?,
1769091465.159583,SENT,8ca58027-ae80-466c-858c-0e87dcd0edca,9b2661bd-5738-4032-b3cd-e019285153e2,c2,DROP,1012,?,i3,
1769091465.159624,FORWARDED,8ca58027-ae80-466c-858c-0e87dcd0edca,9b2661bd-5738-4032-b3cd-e019285153e2,c2,DROP,1012,?,i3,
1769091465.1721175,SENT,eeaa1187-4aa2-47bd-987a-aa9b457809d8,365df87d-5de6-47e4-ad5b-9da8714e660e,c5,c4,1456,?,i1,
1769091465.1721601,FORWARDED,eeaa1187-4aa2-47bd-987a-aa9b457809d8,365df87d-5de6-47e4-ad5b-9da8714e660e,c5,c4,1456,?,i1,
1769091465.2424302,RECEIVED,32369dd2-4763-4fc2-9972-24b6e9a2b1f9,ccef2695-dade-4af6-a37c-7dc1b2f96d8a,c5,c4,2040,p2,?,
1769091465.4453595,SENT,5b825137-368f-45bd-959d-e44c6fd6c4fc,5b000126-22be-4126-a459-197ec4caf9d2,c1,c5,1461,?,i5,
1769091465.445399,FORWARDED,5b825137-368f-45bd-959d-e44c6fd6c4fc,5b000126-22be-4126-a459-197ec4caf9d2,c1,c5,1461,?,i5,
1769091465.4987288,RECEIVED,e2ee9e25-657d-4507-8ec2-11887f5a9f38,54d04f5e-837b-4697-932d-8341dc06b0ab,c1,DROP,1456,p1,?,
1769091465.5748742,RECEIVED,635f80fa-fd49-4531-9993-4b3b6b266c0d,cbeb4dfc-fca6-47fe-b484-a11a3e04a46b,c4,DROP,1447,p1,?,
1769091465.9467516,SENT,32369dd2-4763-4fc2-9972-24b6e9a2b1f9,ccef2695-dade-4af6-a37c-7dc1b2f96d8a,c5,c4,1456,?,i12,
1769091465.9467838,FORWARDED,32369dd2-4763-4fc2-9972-24b6e9a2b1f9,ccef2695-dade-4af6-a37c-7dc1b2f96d8a,c5,c4,1456,?,i12,
1769091465.9475539,RECEIVED,3a78e81b-dbe5-41b4-8d4e-cac79324444e,c25bfc4a-7a0a-4726-b141-037b5c2b94a5,c3,c4,2039,p3,?,
1769091465.9788294,SENT,635f80fa-fd49-4531-9993-4b3b6b266c0d,cbeb4dfc-fca6-47fe-b484-a11a3e04a46b,c4,DROP,1013,?,i1,
1769091465.9788692,FORWARDED,635f80fa-fd49-4531-9993-4b3b6b266c0d,cbeb4dfc-fca6-47fe-b484-a11a3e04a46b,c4,DROP,1013,?,i1,
1769091465.9962366,RECEIVED,9597fc30-1904-48ef-b1d6-2ed7477dbac9,5662f915-25c8-4fe3-910f-7d7a44ac4f8f,c5,c4,2028,p2,?,
1769091466.0408049,RECEIVED,78587950-46f2-43eb-8f5a-96711c9396a5,085cdc21-d3c2-409f-b862-dab12842f99b,c3,c4,2031,p3,?,
1769091466.1446755,SENT,3a78e81b-dbe5-41b4-8d4e-cac79324444e,c25bfc4a-7a0a-4726-b141-037b5c2b94a5,c3,c4,1456,?,i7,
1769091466.1447158,FORWARDED,3a78e81b-dbe5-41b4-8d4e-cac79324444e,c25bfc4a-7a0a-4726-b141-037b5c2b94a5,c3,c4,1456,?,i7,
1769091466.2123861,SENT,d532581b-bd7e-4551-a706-85d78fc22276,699f0ff0-f52f-409e-9984-8c724ab35b29,c1,DROP,1014,?,i1,
1769091466.212427,FORWARDED,d532581b-bd7e-4551-a706-85d78fc22276,699f0ff0-f52f-409e-9984-8c724ab35b29,c1,DROP,1014,?,i1,
1769091466.2516532,RECEIVED,1ab3c26d-ec32-4f6d-8b41-513c3735db20,7fe28603-df13-46d6-8729-91e003e29f32,c5,DROP,1442,p2,?,
1769091466.2732186,SENT,9597fc30-1904-48ef-b1d6-2ed7477dbac9,5662f915-25c8-4fe3-910f-7d7a44ac4f8f,c5,c4,1448,?,i8,
1769091466.273262,FORWARDED,9597fc30-1904-48ef-b1d6-2ed7477dbac9,5662f915-25c8-4fe3-910f-7d7a44ac4f8f,c5,c4,1448,?,i8,
1769091466.527522,SENT,e2ee9e25-657d-4507-8ec2-11887f5a9f38,54d04f5e-837b-4697-932d-8341dc06b0ab,c1,DROP,1020,?,i12,
1769091466.5275643,FORWARDED,e2ee9e25-657d-4507-8ec2-11887f5a9f38,54d04f5e-837b-4697-932d-8341dc06b0ab,c1,DROP,1020,?,i12,
1769091466.6648338,RECEIVED,7fcc8743-12ef-4d23-af4d-554543de9f8d,9f687182-7aa7-409e-a028-e51b03a9fee0,c1,c5,2044,p1,?,
1769091466.770015,RECEIVED,bcd44302-fa8b-4004-9a7b-38fde954f4e1,5a780dcf-2e34-424f-9c30-fa4da5f00f97,c3,DROP,1457,p3,?,
1769091466.921633,RECEIVED,fbd97e8f-93f2-44a3-bb12-c593fe51faba,3d9eaa52-c3e6-40ba-a766-263f68542f7d,c4,c1,2051,p1,?,
1769091466.9363987,SENT,fbd97e8f-93f2-44a3-bb12-c593fe51faba,3d9eaa52-c3e6-40ba-a766-263f68542f7d,c4,c1,1464,?,i11,
1769091466.936438,FORWARDED,fbd97e8f-93f2-44a3-bb12-c593fe51faba,3d9eaa52-c3e6-40ba-a766-263f68542f7d,c4,c1,1464,?,i11,
1769091466.9611056,RECEIVED,b047b65d-0c12-4724-b4db-0fb109b481d8,ac727891-ac34-40c1-a053-0d08b69f2c8d,c3,c4,2023,p3,?,
1769091467.0653827,SENT,bcd44302-fa8b-4004-9a7b-38fde954f4e1,5a780dcf-2e34-424f-9c30-fa4da5f00f97,c3,DROP,1019,?,i11,
1769091467.0654254,FORWARDED,bcd44302-fa8b-4004-9a7b-38fde954f4e1,5a780dcf-2e34-424f-9c30-fa4da5f00f97,c3,DROP,1019,?,i11,
1769091467.1290586,RECEIVED,de6774b6-156e-476d-a2c3-e8c74bd237d3,215a4ba9-8632-4df0-aa7e-5147d4e2358c,c1,c5,2031,p1,?,
1769091467.2414408,SENT,7fcc8743-12ef-4d23-af4d-554543de9f8d,9f687182-7aa7-409e-a028-e51b03a9fee0,c1,c5,1460,?,i11,
1769091467.2415636,FORWARDED,7fcc8743-12ef-4d23-af4d-554543de9f8d,9f687182-7aa7-409e-a028-e51b03a9fee0,c1,c5,1460,?,i11,
1769091467.2725525,RECEIVED,4849ce08-baf8-427e-8976-1dec795ba5ed,9b6dd047-272b-442a-857a-9972ad49efe6,c4,DROP,1443,p1,?,
1769091467.3814013,RECEIVED,09af4497-775a-4475-a0d0-fb714258f456,05427dc8-7ea6-4c90-a478-616ce1e827b3,c5,c4,2039,p2,?,
1769091467.530237,RECEIVED,5b948917-eb2e-42e0-92b5-55264bf0f574,939c7b29-9f30-45ae-acf9-72e97276f0b5,c3,DROP,1457,p3,?,
1769091467.5403986,SENT,4849ce08-baf8-427e-8976-1dec795ba5ed,9b6dd047-272b-442a-857a-9972ad49efe6,c4,DROP,1011,?,i8,
1769091467.540694,FORWARDED,4849ce08-baf8-427e-8976-1dec795ba5ed,9b6dd047-272b-442a-857a-9972ad49efe6,c4,DROP,1011,?,i8,
1769091467.6123633,SENT,09af4497-775a-4475-a0d0-fb714258f456,05427dc8-7ea6-4c90-a478-616ce1e827b3,c5,c4,1456,?,i8,
1769091467.612633,FORWARDED,09af4497-775a-4475-a0d0-fb714258f456,05427dc8-7ea6-4c90-a478-616ce1e827b3,c5,c4,1456,?,i8,
1769091467.6374915,SENT,de6774b6-156e-476d-a2c3-e8c74bd237d3,215a4ba9-8632-4df0-aa7e-5147d4e2358c,c1,c5,1452,?,i7,
1769091467.6375258,FORWARDED,de6774b6-156e-476d-a2c3-e8c74bd237d3,215a4ba9-8632-4df0-aa7e-5147d4e2358c,c1,c5,1452,?,i7,
1769091467.654309,RECEIVED,615cec9d-f731-4f02-b63f-c764d8f60adc,768d744c-b4f5-4ec1-a442-9d4728852208,c2,DROP,1448,p2,?,
1769091467.6973126,SENT,b047b65d-0c12-4724-b4db-0fb109b481d8,ac727891-ac34-40c1-a053-0d08b69f2c8d,c3,c4,1444,?,i5,
1769091467.6973941,FORWARDED,b047b65d-0c12-4724-b4db-0fb109b481d8,ac727891-ac34-40c1-a053-0d08b69f2c8d,c3,c4,1444,?,i5,
1769091467.741542,SENT,5b948917-eb2e-42e0-92b5-55264bf0f574,939c7b29-9f30-45ae-acf9-72e97276f0b5,c3,DROP,1019,?,i10,
1769091467.7415786,FORWARDED,5b948917-eb2e-42e0-92b5-55264bf0f574,939c7b29-9f30-45ae-acf9-72e97276f0b5,c3,DROP,1019,?,i10,
1769091467.7908838,SENT,615cec9d-f731-4f02-b63f-c764d8f60adc,768d744c-b4f5-4ec1-a442-9d4728852208,c2,DROP,1012,?,i4,
1769091467.7909386,FORWARDED,615cec9d-f731-4f02-b63f-c764d8f60adc,768d744c-b4f5-4ec1-a442-9d4728852208,c2,DROP,1012,?,i4,
1769091467.839333,SENT,78587950-46f2-43eb-8f5a-96711c9396a5,085cdc21-d3c2-409f-b862-dab12842f99b,c3,c4,1452,?,i2,
1769091467.839373,FORWARDED,78587950-46f2-43eb-8f5a-96711c9396a5,085cdc21-d3c2-409f-b862-dab12842f99b,c3,c4,1452,?,i2,
1769091467.8510733,RECEIVED,806f3211-c0d4-4aa9-8626-be886b6ee167,d6d163c5-9010-450f-98dd-e01d2287aeee,c5,c4,2045,p2,?,
1769091467.8518772,RECEIVED,1d6bce64-da9c-432b-8595-49f4d515bdba,73c624ee-b90a-40ed-8b04-b021dfb38b52,c3,c4,2044,p3,?,
1769091467.94214,FORWARDED,1d6bce64-da9c-432b-8595-49f4d515bdba,73c624ee-b90a-40ed-8b04-b021dfb38b52,c3,c4,1459,?,i6,
1769091468.2082825,SENT,806f3211-c0d4-4aa9-8626-be886b6ee167,d6d163c5-9010-450f-98dd-e01d2287aeee,c5,c4,1460,?,i12,
1769091468.2083235,FORWARDED,806f3211-c0d4-4aa9-8626-be886b6ee167,d6d163c5-9010-450f-98dd-e01d2287aeee,c5,c4,1460,?,i12,
1769091468.3430655,RECEIVED,2846aa31-8e68-49bd-b0cb-3c0e9866b175,69c03370-fc4a-444b-8523-885a39464595,c5,c4,2039,p2,?,
1769091468.3881328,RECEIVED,33d64285-9f35-4e7c-911b-a2ed4ddc9d36,039d99d2-2408-4107-84ba-f9e92e0ff9e9,c3,c4,2032,p3,?,
1769091468.4267328,RECEIVED,e5f429b1-b513-492f-ba68-101743f907a0,f48436a4-8fb3-4d15-aed4-dda5ef4d21bb,c5,c4,2042,p2,?,
1769091468.4296658,SENT,1ab3c26d-ec32-4f6d-8b41-513c3735db20,7fe28603-df13-46d6-8729-91e003e29f32,c5,DROP,1009,?,i4,
1769091468.4297056,FORWARDED,1ab3c26d-ec32-4f6d-8b41-513c3735db20,7fe28603-df13-46d6-8729-91e003e29f32,c5,DROP,1009,?,i4,
1769091468.4911847,SENT,33d64285-9f35-4e7c-911b-a2ed4ddc9d36,039d99d2-2408-4107-84ba-f9e92e0ff9e9,c3,c4,1451,?,i1,
1769091468.491226,FORWARDED,33d64285-9f35-4e7c-911b-a2ed4ddc9d36,039d99d2-2408-4107-84ba-f9e92e0ff9e9,c3,c4,1451,?,i1,
1769091468.5124714,RECEIVED,fe861ab3-fd40-4001-bfff-d2466bc4b9af,190304a2-ea0a-4f84-a8af-2bc958aadc65,c1,DROP,1448,p1,?,
1769091468.5326233,RECEIVED,046ae242-1e84-46eb-b7e0-08254910f655,6b8d5fa1-770e-4b77-b11b-7566d9eb5e50,c1,c5,2034,p1,?,
1769091468.7061172,SENT,2846aa31-8e68-49bd-b0cb-3c0e9866b175,69c03370-fc4a-444b-8523-885a39464595,c5,c4,1456,?,i4,
1769091468.7061586,FORWARDED,2846aa31-8e68-49bd-b0cb-3c0e9866b175,69c03370-fc4a-444b-8523-885a39464595,c5,c4,1456,?,i4,
1769091468.8587728,RECEIVED,73983bba-6d49-4548-9944-18257210189b,3c17758a-134e-4c67-ab3d-9fa7eac6c5ff,c5,DROP,1443,p2,?,
1769091468.9064028,SENT,fe861ab3-fd40-4001-bfff-d2466bc4b9af,190304a2-ea0a-4f84-a8af-2bc958aadc65,c1,DROP,1012,?,i4,
1769091468.9064572,FORWARDED,fe861ab3-fd40-4001-bfff-d2466bc4b9af,190304a2-ea0a-4f84-a8af-2bc958aadc65,c1,DROP,1012,?,i4,
1769091469.1812787,RECEIVED,0e293239-d26d-49aa-9ed9-677cc8933d5a,994d59b9-bc5a-4f6a-867a-e37153a4f12c,c4,c1,2018,p1,?,
1769091469.2121484,RECEIVED,96437a77-04b1-4f07-950c-1b7aeb684b95,492628a3-089d-452e-abe6-cb175b9810ca,c4,c1,2040,p1,?,
1769091469.2136855,RECEIVED,3e205c62-4571-40cc-beda-32372a55ffdf,c1fc08d9-3d81-45c5-a99c-46b62cef1e67,c5,DROP,1451,p2,?,
1769091469.2762766,RECEIVED,86c15f8f-b044-4655-a27d-e1451e547d6d,6792adaa-c80a-4133-af29-594daed72424,c3,c4,2045,p3,?,
1769091469.304623,FORWARDED,046ae242-1e84-46eb-b7e0-08254910f655,6b8d5fa1-770e-4b77-b11b-7566d9eb5e50,c1,c5,1453,?,i6,
1769091469.3199468,RECEIVED,3cc9576c-96d1-4d14-bafb-a7444f8a9c10,80a03dfb-cf67-4d6f-948c-fee4fd0269f5,c2,c1,2028,p2,?,
1769091469.3211384,SENT,86c15f8f-b044-4655-a27d-e1451e547d6d,6792adaa-c80a-4133-af29-594daed72424,c3,c4,1459,?,i11,
1769091469.3211808,FORWARDED,86c15f8f-b044-4655-a27d-e1451e547d6d,6792adaa-c80a-4133-af29-594daed72424,c3,c4,1459,?,i11,
1769091469.353342,RECEIVED,5d8f92a1-02d2-47dc-a23b-579c65542698,7cbdb543-f86a-4605-ae3f-cc39dddf8250,c2,DROP,1456,p2,?,
1769091469.404907,SENT,3cc9576c-96d1-4d14-bafb-a7444f8a9c10,80a03dfb-cf67-4d6f-948c-fee4fd0269f5,c2,c1,1447,?,i9,
1769091469.4049468,FORWARDED,3cc9576c-96d1-4d14-bafb-a7444f8a9c10,80a03dfb-cf67-4d6f-948c-fee4fd0269f5,c2,c1,1447,?,i9,
1769091469.4188473,SENT,5d8f92a1-02d2-47dc-a23b-579c65542698,7cbdb543-f86a-4605-ae3f-cc39dddf8250,c2,DROP,1020,?,i3,
1769091469.4188876,FORWARDED,5d8f92a1-02d2-47dc-a23b-579c65542698,7cbdb543-f86a-4605-ae3f-cc39dddf8250,c2,DROP,1020,?,i3,
1769091469.431979,SENT,96437a77-04b1-4f07-950c-1b7aeb684b95,492628a3-089d-452e-abe6-cb175b9810ca,c4,c1,1457,?,i1,
1769091469.4320276,FORWARDED,96437a77-04b1-4f07-950c-1b7aeb684b95,492628a3-089d-452e-abe6-cb175b9810ca,c4,c1,1457,?,i1,
1769091469.6567783,RECEIVED,a4c8e037-13a6-49fd-9f33-57c5c9f19da1,f20c6152-34d5-4a67-aea0-7fc34afc3cc4,c2,DROP,1445,p2,?,
1769091469.782345,SENT,e5f429b1-b513-492f-ba68-101743f907a0,f48436a4-8fb3-4d15-aed4-dda5ef4d21bb,c5,c4,1460,?,i8,
1769091469.7823894,FORWARDED,e5f429b1-b513-492f-ba68-101743f907a0,f48436a4-8fb3-4d15-aed4-dda5ef4d21bb,c5,c4,1460,?,i8,
1769091469.7946737,SENT,3e205c62-4571-40cc-beda-32372a55ffdf,c1fc08d9-3d81-45c5-a99c-46b62cef1e67,c5,DROP,1017,?,i4,
1769091469.7947154,FORWARDED,3e205c62-4571-40cc-beda-32372a55ffdf,c1fc08d9-3d81-45c5-a99c-46b62cef1e67,c5,DROP,1017,?,i4,
1769091469.870856,SENT,0e293239-d26d-49aa-9ed9-677cc8933d5a,994d59b9-bc5a-4f6a-867a-e37153a4f12c,c4,c1,1443,?,i7,
1769091469.8708985,FORWARDED,0e293239-d26d-49aa-9ed9-677cc8933d5a,994d59b9-bc5a-4f6a-867a-e37153a4f12c,c4,c1,1443,?,i7,
1769091469.8842666,SENT,a4c8e037-13a6-49fd-9f33-57c5c9f19da1,f20c6152-34d5-4a67-aea0-7fc34afc3cc4,c2,DROP,1011,?,i11,
1769091469.8843086,FORWARDED,a4c8e037-13a6-49fd-9f33-57c5c9f19da1,f20c6152-34d5-4a67-aea0-7fc34afc3cc4,c2,DROP,1011,?,i11,
1769091469.9796607,RECEIVED,c15e2d2e-9c3e-4ac3-9726-8e1f4da63200,dcef93d8-d89f-4b5a-b511-92356c3b37d7,c3,c4,2039,p3,?,
1769091470.0669653,RECEIVED,8b32b88f-7015-47d6-bfb4-7a16e5497ff3,f8b5b4fc-09be-400e-98d9-616b82616cc8,c4,DROP,442,x1,?,
1769091470.178413,SENT,73983bba-6d49-4548-9944-18257210189b,3c17758a-134e-4c67-ab3d-9fa7eac6c5ff,c5,DROP,1011,?,i1,
1769091470.17908,FORWARDED,73983bba-6d49-4548-9944-18257210189b,3c17758a-134e-4c67-ab3d-9fa7eac6c5ff,c5,DROP,1011,?,i1,
1769091470.348998,RECEIVED,d7bcfae9-a311-4868-8d54-d595a11460fa,0d5229e7-cba9-4b40-82be-255f79f35f44,c2,c1,2027,p2,?,
1769091470.3635955,RECEIVED,be3670b8-4992-4457-aff1-17591e9e4f07,fade369c-ce5e-46ad-99b4-300d4010833b,c1,DROP,1439,p1,?,
1769091470.3764338,RECEIVED,384c9f4d-0d7b-4d55-9194-ce25eae945c7,7e286437-0c34-428a-93c1-7f4867084213,c2,DROP,1452,p2,?,
1769091470.4533913,RECEIVED,98687d66-c16f-4eed-84a7-57e33061466c,58a821bc-97dd-4b70-8bc8-bdaeba3b9789,c1,DROP,1460,p1,?,
1769091470.4934678,SENT,98687d66-c16f-4eed-84a7-57e33061466c,58a821bc-97dd-4b70-8bc8-bdaeba3b9789,c1,DROP,1021,?,i1,
1769091470.493514,FORWARDED,98687d66-c16f-4eed-84a7-57e33061466c,58a821bc-97dd-4b70-8bc8-bdaeba3b9789,c1,DROP,1021,?,i1,
1769091470.5067186,SENT,c15e2d2e-9c3e-4ac3-9726-8e1f4da63200,dcef93d8-d89f-4b5a-b511-92356c3b37d7,c3,c4,1456,?,i10,
1769091470.5067647,FORWARDED,c15e2d2e-9c3e-4ac3-9726-8e1f4da63200,dcef93d8-d89f-4b5a-b511-92356c3b37d7,c3,c4,1456,?,i10,
1769091470.5818489,RECEIVED,5c73bc9a-86bb-47a2-8959-687268ba155b,da2bdab7-1f83-4332-8d01-abcb4d1dd212,c2,DROP,1441,p2,?,
1769091470.6161547,SENT,384c9f4d-0d7b-4d55-9194-ce25eae945c7,7e286437-0c34-428a-93c1-7f4867084213,c2,DROP,1017,?,i2,
1769091470.6161978,FORWARDED,384c9f4d-0d7b-4d55-9194-ce25eae945c7,7e286437-0c34-428a-93c1-7f4867084213,c2,DROP,1017,?,i2,
1769091470.750686,SENT,5c73bc9a-86bb-47a2-8959-687268ba155b,da2bdab7-1f83-4332-8d01-abcb4d1dd212,c2,DROP,1007,?,i12,
1769091470.7507215,FORWARDED,5c73bc9a-86bb-47a2-8959-687268ba155b,da2bdab7-1f83-4332-8d01-abcb4d1dd212,c2,DROP,1007,?,i12,
1769091471.047595,SENT,d7bcfae9-a311-4868-8d54-d595a11460fa,0d5229e7-cba9-4b40-82be-255f79f35f44,c2,c1,1447,?,i4,
1769091471.0476382,FORWARDED,d7bcfae9-a311-4868-8d54-d595a11460fa,0d5229e7-cba9-4b40-82be-255f79f35f44,c2,c1,1447,?,i4,
1769091471.2030997,RECEIVED,67cb2280-e14c-469e-853b-c9249ab51d3b,814380a9-45be-4aef-b6c9-f0085c8d9723,c4,c1,2024,p1,?,
1769091471.6451144,RECEIVED,fc8b6ece-5cc7-4a52-a95e-9f8defafdc4b,a5055f39-e508-4805-89ca-5ec67e360afa,c1,c5,2043,p1,?,
1769091471.704746,RECEIVED,50a09ef2-bb7c-409a-bcbc-84a4fdaa1e54,e4e63943-57c6-4459-ac24-9c8687102e51,c4,c1,2044,p1,?,
1769091471.7353864,RECEIVED,d5bef15d-dc59-41e8-8bb0-17040a6ad275,73ea6182-b3c4-4985-9b7d-2d410c90fabd,c4,DROP,1457,p1,?,
1769091471.7381306,RECEIVED,9c492723-5e1d-45d4-9ce2-ff941ebae1be,4864ab21-45b5-457f-bd39-e47e96c9a789,c2,DROP,440,x1,?,
1769091471.7814949,RECEIVED,c58cb448-6c0f-451d-b750-0b5432b33705,15025379-599f-4abd-a221-fc7a384814e4,c2,c1,2041,p2,?,
1769091471.8048067,SENT,50a09ef2-bb7c-409a-bcbc-84a4fdaa1e54,e4e63943-57c6-4459-ac24-9c8687102e51,c4,c1,1459,?,i10,
1769091471.8048499,FORWARDED,50a09ef2-bb7c-409a-bcbc-84a4fdaa1e54,e4e63943-57c6-4459-ac24-9c8687102e51,c4,c1,1459,?,i10,
1769091471.889844,SENT,be3670b8-4992-4457-aff1-17591e9e4f07,fade369c-ce5e-46ad-99b4-300d4010833b,c1,DROP,1006,?,i9,
1769091471.8898833,FORWARDED,be3670b8-4992-4457-aff1-17591e9e4f07,fade369c-ce5e-46ad-99b4-300d4010833b,c1,DROP,1006,?,i9,
1769091471.9351268,SENT,c58cb448-6c0f-451d-b750-0b5432b33705,15025379-599f-4abd-a221-fc7a384814e4,c2,c1,1456,?,i10,
1769091471.935174,FORWARDED,c58cb448-6c0f-451d-b750-0b5432b33705,15025379-599f-4abd-a221-fc7a384814e4,c2,c1,1456,?,i10,
1769091471.9536557,SENT,d5bef15d-dc59-41e8-8bb0-17040a6ad275,73ea6182-b3c4-4985-9b7d-2d410c90fabd,c4,DROP,1018,?,i10,
1769091471.9536989,FORWARDED,d5bef15d-dc59-41e8-8bb0-17040a6ad275,73ea6182-b3c4-4985-9b7d-2d410c90fabd,c4,DROP,1018,?,i10,
1769091471.971405,RECEIVED,3145e7e6-e57b-4d9e-8073-eee86c25add8,d8b2e9fc-289b-4a22-b130-da260e01d394,c3,c4,2040,p3,?,
1769091472.203807,SENT,3145e7e6-e57b-4d9e-8073-eee86c25add8,d8b2e9fc-289b-4a22-b130-da260e01d394,c3,c4,1456,?,i2,
1769091472.2038493,FORWARDED,3145e7e6-e57b-4d9e-8073-eee86c25add8,d8b2e9fc-289b-4a22-b130-da260e01d394,c3,c4,1456,?,i2,
1769091472.274001,RECEIVED,15f6bfa0-4b38-4e12-baca-fa972004ae45,09dd6881-1afb-49e7-9063-d8b6cb77ae06,c1,c5,2036,p1,?,
1769091472.4212499,RECEIVED,1052ab83-b01d-426a-be56-335417d6d43f,35a06eb6-f5ba-4cd8-be69-3a0cfcd65f23,c1,c5,2035,p1,?,
1769091472.5281637,RECEIVED,0294e51a-50bd-43c0-890c-94905a116d6d,901971a2-97b4-4b2a-b7a3-fae2803b1ce1,c1,DROP,1444,p1,?,
1769091472.5714447,RECEIVED,3cae687b-89d6-4827-8224-f2fccc483b90,256ae9b4-d604-46a1-b8a4-ae3af91846c7,c2,c1,2041,p2,?,
1769091472.5755641,RECEIVED,814224f4-f006-4da5-a552-0a49d78074a2,e78b9ce6-7183-4c5d-bab8-b2446a7befea,c5,c4,2044,p2,?,
1769091472.644574,SENT,1052ab83-b01d-426a-be56-335417d6d43f,35a06eb6-f5ba-4cd8-be69-3a0cfcd65f23,c1,c5,1455,?,i3,
1769091472.6446164,FORWARDED,1052ab83-b01d-426a-be56-335417d6d43f,35a06eb6-f5ba-4cd8-be69-3a0cfcd65f23,c1,c5,1455,?,i3,
1769091472.659234,SENT,67cb2280-e14c-469e-853b-c9249ab51d3b,814380a9-45be-4aef-b6c9-f0085c8d9723,c4,c1,1444,?,i12,
1769091472.659277,FORWARDED,67cb2280-e14c-469e-853b-c9249ab51d3b,814380a9-45be-4aef-b6c9-f0085c8d9723,c4,c1,1444,?,i12,
1769091472.687081,SENT,3cae687b-89d6-4827-8224-f2fccc483b90,256ae9b4-d604-46a1-b8a4-ae3af91846c7,c2,c1,1456,?,i12,
1769091472.6871257,FORWARDED,3cae687b-89d6-4827-8224-f2fccc483b90,256ae9b4-d604-46a1-b8a4-ae3af91846c7,c2,c1,1456,?,i12,
1769091472.7209156,RECEIVED,0117e175-476d-4cef-ae66-2616d64dbce2,01e9ddeb-bff1-41bf-9fbe-d0b4e8ca589e,c2,c1,2035,p2,?,
1769091472.7282789,SENT,15f6bfa0-4b38-4e12-baca-fa972004ae45,09dd6881-1afb-49e7-9063-d8b6cb77ae06,c1,c5,1455,?,i8,
1769091472.72832,FORWARDED,15f6bfa0-4b38-4e12-baca-fa972004ae45,09dd6881-1afb-49e7-9063-d8b6cb77ae06,c1,c5,1455,?,i8,
1769091472.7577605,FORWARDED,0294e51a-50bd-43c0-890c-94905a116d6d,901971a2-97b4-4b2a-b7a3-fae2803b1ce1,c1,DROP,1009,?,i6,
1769091472.8633385,FORWARDED,814224f4-f006-4da5-a552-0a49d78074a2,e78b9ce6-7183-4c5d-bab8-b2446a7befea,c5,c4,1459,?,i6,
1769091472.9114087,RECEIVED,6e240e8d-c36e-48ba-b8b9-e3ae65e82636,945ed3ff-c253-4029-8850-3fe44e3d38a8,c1,c5,2039,p1,?,
1769091473.2621212,SENT,6e240e8d-c36e-48ba-b8b9-e3ae65e82636,945ed3ff-c253-4029-8850-3fe44e3d38a8,c1,c5,1456,?,i4,
1769091473.2621615,FORWARDED,6e240e8d-c36e-48ba-b8b9-e3ae65e82636,945ed3ff-c253-4029-8850-3fe44e3d38a8,c1,c5,1456,?,i4,
1769091473.3173492,RECEIVED,8a507dd9-e5b9-48b2-9611-0c8722454702,cf2a3016-19ad-467c-bfba-2d89ef16b6b2,c2,DROP,1455,p2,?,
1769091473.4504757,RECEIVED,6511f2a8-b93d-418e-9f91-37baad094a19,436b2a92-204a-4d0a-8995-c03274fb3388,c1,DROP,1450,p1,?,
1769091473.47044,SENT,fc8b6ece-5cc7-4a52-a95e-9f8defafdc4b,a5055f39-e508-4805-89ca-5ec67e360afa,c1,c5,1459,?,i5,
1769091473.470485,FORWARDED,fc8b6ece-5cc7-4a52-a95e-9f8defafdc4b,a5055f39-e508-4805-89ca-5ec67e360afa,c1,c5,1459,?,i5,
1769091473.8318534,RECEIVED,d0e13b01-31fd-45dd-838f-c42ece9a2dd9,d3bbdb99-c595-41fe-be8d-dd70f72e1242,c5,c4,2043,p2,?,
1769091473.893787,SENT,0117e175-476d-4cef-ae66-2616d64dbce2,01e9ddeb-bff1-41bf-9fbe-d0b4e8ca589e,c2,c1,1454,?,i4,
1769091473.8938258,FORWARDED,0117e175-476d-4cef-ae66-2616d64dbce2,01e9ddeb-bff1-41bf-9fbe-d0b4e8ca589e,c2,c1,1454,?,i4,
1769091473.9569905,RECEIVED,e8eccd84-fa4e-48ee-ae02-4f6510da3df4,f2c34413-552c-46d5-a3b5-75f2123be952,c4,c1,2052,p1,?,
1769091473.991097,SENT,8a507dd9-e5b9-48b2-9611-0c8722454702,cf2a3016-19ad-467c-bfba-2d89ef16b6b2,c2,DROP,1019,?,i9,
1769091473.9911377,FORWARDED,8a507dd9-e5b9-48b2-9611-0c8722454702,cf2a3016-19ad-467c-bfba-2d89ef16b6b2,c2,DROP,1019,?,i9,
1769091473.9976037,SENT,6511f2a8-b93d-418e-9f91-37baad094a19,436b2a92-204a-4d0a-8995-c03274fb3388,c1,DROP,1017,?,i3,
1769091473.9976466,FORWARDED,6511f2a8-b93d-418e-9f91-37baad094a19,436b2a92-204a-4d0a-8995-c03274fb3388,c1,DROP,1017,?,i3,
1769091474.0454998,RECEIVED,fcc6417b-9e01-4eff-8f13-c83e20884f7c,671f35f5-cbbd-42b8-9602-26cc39cda811,c5,DROP,1445,p2,?,
1769091474.301383,RECEIVED,b1462a19-6b73-47e8-98e7-45378058ed35,07a4b52f-03f9-4213-9528-d06df5928397,c1,c5,2025,p1,?,
1769091474.312776,RECEIVED,f8076ed3-d993-49d9-ac0b-b0f85b3511f5,9da9eed8-9979-4902-bbc7-2f084628d7d3,c5,c4,2031,p2,?,
1769091474.3473234,SENT,d0e13b01-31fd-45dd-838f-c42ece9a2dd9,d3bbdb99-c595-41fe-be8d-dd70f72e1242,c5,c4,1460,?,i2,
1769091474.3473668,FORWARDED,d0e13b01-31fd-45dd-838f-c42ece9a2dd9,d3bbdb99-c595-41fe-be8d-dd70f72e1242,c5,c4,1460,?,i2,
1769091474.466232,SENT,b1462a19-6b73-47e8-98e7-45378058ed35,07a4b52f-03f9-4213-9528-d06df5928397,c1,c5,1444,?,i12,
1769091474.4662747,FORWARDED,b1462a19-6b73-47e8-98e7-45378058ed35,07a4b52f-03f9-4213-9528-d06df5928397,c1,c5,1444,?,i12,
1769091474.550071,RECEIVED,841f7678-1125-4a1a-b1d3-821a335c1aec,c656eafd-4cfd-49fd-871b-3c2653385752,c2,c1,2043,p2,?,
1769091474.655225,RECEIVED,daa9962b-2a5d-413d-9b44-35e8fa52cc0d,92fe6a79-f977-46ed-95df-95468dfc1f98,c4,DROP,440,x6,?,
1769091474.727681,SENT,841f7678-1125-4a1a-b1d3-821a335c1aec,c656eafd-4cfd-49fd-871b-3c2653385752,c2,c1,1461,?,i3,
1769091474.7277162,FORWARDED,841f7678-1125-4a1a-b1d3-821a335c1aec,c656eafd-4cfd-49fd-871b-3c2653385752,c2,c1,1461,?,i3,
1769091474.7358065,RECEIVED,bb6b6d53-8f18-44c8-80ef-76c0c83c92b1,5613f3b9-c488-432a-aeda-2b008ac881b8,c4,c1,2037,p1,?,
1769091474.7573333,RECEIVED,cdeb1ce5-7dd4-4fb9-a8c5-5187aef0a3b2,c1d2ee49-66c1-467a-87af-44336784b4f5,c4,DROP,1440,p1,?,
1769091474.8265636,RECEIVED,f5e2a8b3-40d1-4b3d-813e-56f86c303789,1a8372c2-c3fa-4555-8651-e617e06c3956,c4,DROP,446,x7,?,
1769091474.8767788,SENT,f8076ed3-d993-49d9-ac0b-b0f85b3511f5,9da9eed8-9979-4902-bbc7-2f084628d7d3,c5,c4,1452,?,i5,
1769091474.8768191,FORWARDED,f8076ed3-d993-49d9-ac0b-b0f85b3511f5,9da9eed8-9979-4902-bbc7-2f084628d7d3,c5,c4,1452,?,i5,
1769091474.899071,RECEIVED,d6adc8da-c585-4d48-84cf-5554ad5d3e40,0c15581d-453c-44c2-bf15-c6c0299b11ae,c5,c4,2043,p2,?,
1769091475.0163162,RECEIVED,eec6c371-4108-490a-b024-78a22aa9d069,4ffc6be4-1a79-4663-83f3-b1bd46695d76,c3,c4,2031,p3,?,
1769091475.053633,SENT,fcc6417b-9e01-4eff-8f13-c83e20884f7c,671f35f5-cbbd-42b8-9602-26cc39cda811,c5,DROP,1012,?,i1,
1769091475.0536745,FORWARDED,fcc6417b-9e01-4eff-8f13-c83e20884f7c,671f35f5-cbbd-42b8-9602-26cc39cda811,c5,DROP,1012,?,i1,
1769091475.0722795,SENT,cdeb1ce5-7dd4-4fb9-a8c5-5187aef0a3b2,c1d2ee49-66c1-467a-87af-44336784b4f5,c4,DROP,1008,?,i8,
1769091475.0723212,FORWARDED,cdeb1ce5-7dd4-4fb9-a8c5-5187aef0a3b2,c1d2ee49-66c1-467a-87af-44336784b4f5,c4,DROP,1008,?,i8,
1769091475.1523252,SENT,bb6b6d53-8f18-44c8-80ef-76c0c83c92b1,5613f3b9-c488-432a-aeda-2b008ac881b8,c4,c1,1455,?,i11,
1769091475.1523666,FORWARDED,bb6b6d53-8f18-44c8-80ef-76c0c83c92b1,5613f3b9-c488-432a-aeda-2b008ac881b8,c4,c1,1455,?,i11,
1769091475.1683793,RECEIVED,9fcd48a6-98a2-4d07-b8e1-21a6216dc284,65b305ac-544a-4fa5-be4a-96abc83e4e90,c1,DROP,1456,p1,?,
1769091475.2609127,SENT,9fcd48a6-98a2-4d07-b8e1-21a6216dc284,65b305ac-544a-4fa5-be4a-96abc83e4e90,c1,DROP,1020,?,i1,
1769091475.2609532,FORWARDED,9fcd48a6-98a2-4d07-b8e1-21a6216dc284,65b305ac-544a-4fa5-be4a-96abc83e4e90,c1,DROP,1020,?,i1,
1769091475.3360975,SENT,d6adc8da-c585-4d48-84cf-5554ad5d3e40,0c15581d-453c-44c2-bf15-c6c0299b11ae,c5,c4,1460,?,i1,
1769091475.3361392,FORWARDED,d6adc8da-c585-4d48-84cf-5554ad5d3e40,0c15581d-453c-44c2-bf15-c6c0299b11ae,c5,c4,1460,?,i1,
1769091475.6932395,SENT,eec6c371-4108-490a-b024-78a22aa9d069,4ffc6be4-1a79-4663-83f3-b1bd46695d76,c3,c4,1451,?,i2,
1769091475.693283,FORWARDED,eec6c371-4108-490a-b024-78a22aa9d069,4ffc6be4-1a79-4663-83f3-b1bd46695d76,c3,c4,1451,?,i2,
1769091476.1057699,RECEIVED,fb3a72af-9046-4599-920d-01bb7fb6dd0d,54aa728d-03be-436e-8a39-356063258466,c5,c4,2044,p2,?,
1769091476.172106,RECEIVED,45182877-c645-40ba-8928-b4491266ca57,8699700e-2a0c-4799-9150-ecf5ddcb9786,c3,c4,2036,p3,?,
1769091476.1998343,SENT,fb3a72af-9046-4599-920d-01bb7fb6dd0d,54aa728d-03be-436e-8a39-356063258466,c5,c4,1460,?,i7,
1769091476.19988,FORWARDED,fb3a72af-9046-4599-920d-01bb7fb6dd0d,54aa728d-03be-436e-8a39-356063258466,c5,c4,1460,?,i7,
1769091476.2474568,RECEIVED,30831f21-0525-4fdf-b72f-f017a1ff56c4,9662e7de-8452-41ac-a03f-db710dd7be7b,c4,c1,2035,p1,?,
1769091476.2771184,SENT,e8eccd84-fa4e-48ee-ae02-4f6510da3df4,f2c34413-552c-46d5-a3b5-75f2123be952,c4,c1,1465,?,i12,
1769091476.2771597,FORWARDED,e8eccd84-fa4e-48ee-ae02-4f6510da3df4,f2c34413-552c-46d5-a3b5-75f2123be952,c4,c1,1465,?,i12,
1769091476.3465276,RECEIVED,7f5c66da-5bc0-4152-90bb-129424d61c5c,ff7071ff-8c15-431c-b1d2-da5062fa88f4,c4,c1,2044,p1,?,
1769091476.3471463,RECEIVED,2ffa20eb-3783-4798-8610-ee75f112b9ea,d8155667-0398-4076-b581-f42e1d4a0d8f,c5,c4,2035,p2,?,
1769091476.3765845,SENT,45182877-c645-40ba-8928-b4491266ca57,8699700e-2a0c-4799-9150-ecf5ddcb9786,c3,c4,1455,?,i11,
1769091476.3766265,FORWARDED,45182877-c645-40ba-8928-b4491266ca57,8699700e-2a0c-4799-9150-ecf5ddcb9786,c3,c4,1455,?,i11,
1769091476.4308662,RECEIVED,7dc75988-001c-486c-ba86-cdf9af21bde5,16925682-9c4c-4c77-8e24-8f79e9e92224,c5,c4,2043,p2,?,
1769091476.5007722,RECEIVED,0ec7fc70-69cf-43f8-b5c3-d80c02cd9cbb,e4c39c47-4ae3-40a6-944c-18485ca8850c,c4,c1,2044,p1,?,
1769091476.578232,FORWARDED,0ec7fc70-69cf-43f8-b5c3-d80c02cd9cbb,e4c39c47-4ae3-40a6-944c-18485ca8850c,c4,c1,1459,?,i6,
1769091476.6103046,FORWARDED,2ffa20eb-3783-4798-8610-ee75f112b9ea,d8155667-0398-4076-b581-f42e1d4a0d8f,c5,c4,1455,?,i6,
1769091476.6841283,RECEIVED,49cfe68f-5bf8-4918-a895-3b3d068d4c6c,af0ea048-306c-46e2-b134-c1bed8b8b73e,c1,c5,2036,p1,?,
1769091476.8939335,SENT,49cfe68f-5bf8-4918-a895-3b3d068d4c6c,af0ea048-306c-46e2-b134-c1bed8b8b73e,c1,c5,1455,?,i9,
1769091476.893976,FORWARDED,49cfe68f-5bf8-4918-a895-3b3d068d4c6c,af0ea048-306c-46e2-b134-c1bed8b8b73e,c1,c5,1455,?,i9,
1769091476.9041529,SENT,7dc75988-001c-486c-ba86-cdf9af21bde5,16925682-9c4c-4c77-8e24-8f79e9e92224,c5,c4,1460,?,i7,
1769091476.9041948,FORWARDED,7dc75988-001c-486c-ba86-cdf9af21bde5,16925682-9c4c-4c77-8e24-8f79e9e92224,c5,c4,1460,?,i7,
1769091476.9100306,SENT,30831f21-0525-4fdf-b72f-f017a1ff56c4,9662e7de-8452-41ac-a03f-db710dd7be7b,c4,c1,1455,?,i2,
1769091476.9100835,FORWARDED,30831f21-0525-4fdf-b72f-f017a1ff56c4,9662e7de-8452-41ac-a03f-db710dd7be7b,c4,c1,1455,?,i2,
1769091477.276917,RECEIVED,d0772a8d-996c-4818-bb1c-3dc6b116a7df,d1d2a894-68c6-499e-9625-f74a7a2f7fc8,c3,c4,2040,p3,?,
1769091477.343504,SENT,7f5c66da-5bc0-4152-90bb-129424d61c5c,ff7071ff-8c15-431c-b1d2-da5062fa88f4,c4,c1,1459,?,i11,
1769091477.3435535,FORWARDED,7f5c66da-5bc0-4152-90bb-129424d61c5c,ff7071ff-8c15-431c-b1d2-da5062fa88f4,c4,c1,1459,?,i11,
1769091477.4335473,RECEIVED,1f734e04-7c79-4a41-b279-37bb8f480550,57f68bb1-0f22-4ad6-bed2-a8765fa37d24,c3,c4,2025,p3,?,
1769091477.4808116,SENT,1f734e04-7c79-4a41-b279-37bb8f480550,57f68bb1-0f22-4ad6-bed2-a8765fa37d24,c3,c4,1446,?,i7,
1769091477.4808547,FORWARDED,1f734e04-7c79-4a41-b279-37bb8f480550,57f68bb1-0f22-4ad6-bed2-a8765fa37d24,c3,c4,1446,?,i7,
1769091477.534698,RECEIVED,a5bc7f79-1903-49d5-a8b2-af50a2f20bb7,de395843-a759-4706-8000-98e51ddd4d9f,c4,c1,2039,p1,?,
1769091477.590578,SENT,d0772a8d-996c-4818-bb1c-3dc6b116a7df,d1d2a894-68c6-499e-9625-f74a7a2f7fc8,c3,c4,1456,?,i1,
1769091477.5906372,FORWARDED,d0772a8d-996c-4818-bb1c-3dc6b116a7df,d1d2a894-68c6-499e-9625-f74a7a2f7fc8,c3,c4,1456,?,i1,
1769091477.6915164,SENT,a5bc7f79-1903-49d5-a8b2-af50a2f20bb7,de395843-a759-4706-8000-98e51ddd4d9f,c4,c1,1456,?,i3,
1769091477.691559,FORWARDED,a5bc7f79-1903-49d5-a8b2-af50a2f20bb7,de395843-a759-4706-8000-98e51ddd4d9f,c4,c1,1456,?,i3,
1769091477.8249733,RECEIVED,cbe35171-99c4-4a37-975b-08cdacc4db9d,65449721-1c10-418c-a0a1-25939a8f500d,c2,c1,2048,p2,?,
1769091477.8674667,FORWARDED,cbe35171-99c4-4a37-975b-08cdacc4db9d,65449721-1c10-418c-a0a1-25939a8f500d,c2,c1,1462,?,i6,
1769091477.9275875,RECEIVED,4e9afd8e-1c4f-450e-b1b2-04011538b57d,5d6e3273-f522-4eb6-84db-3cf5a0b37f88,c1,c5,2043,p1,?,
1769091477.9434967,RECEIVED,ea331003-7eb3-4036-8223-4e3cc821b042,4b085186-a85f-4aeb-99a2-b1b4e71f540e,c1,DROP,1447,p1,?,
1769091478.0772502,RECEIVED,93bc0fca-74f6-4459-874b-2c4157607ad5,90f54dba-3229-44a9-8f01-a70377a9e5fc,c1,DROP,1439,p1,?,
1769091478.1856833,RECEIVED,929c3a60-9fb1-4f4d-b30a-13c51ef4921d,6e3e7841-e91c-45b3-95a8-44db3aae6138,c2,DROP,1440,p2,?,
1769091478.1936612,RECEIVED,1349d59d-2de3-412a-b276-425343e4f87c,2cd6bdbf-e47b-4cc5-bd1d-f028fa1561b7,c3,c4,2028,p3,?,
1769091478.442994,SENT,ea331003-7eb3-4036-8223-4e3cc821b042,4b085186-a85f-4aeb-99a2-b1b4e71f540e,c1,DROP,1012,?,i7,
1769091478.4430342,FORWARDED,ea331003-7eb3-4036-8223-4e3cc821b042,4b085186-a85f-4aeb-99a2-b1b4e71f540e,c1,DROP,1012,?,i7,
1769091478.4589493,RECEIVED,f0934e75-1fe1-4763-b1c2-a2e80edd68a7,c97bfa48-6710-463e-a79b-efcbfa9a3338,c4,DROP,1449,p1,?,
1769091478.4607477,RECEIVED,36c3bd89-479d-42e9-be6d-5d75ecfc53e5,3ca3f53d-456b-4f63-9d1e-5c2c95e9992b,c1,DROP,1456,p1,?,
1769091478.4891295,SENT,93bc0fca-74f6-4459-874b-2c4157607ad5,90f54dba-3229-44a9-8f01-a70377a9e5fc,c1,DROP,1007,?,i4,
1769091478.4891696,FORWARDED,93bc0fca-74f6-4459-874b-2c4157607ad5,90f54dba-3229-44a9-8f01-a70377a9e5fc,c1,DROP,1007,?,i4,
1769091478.5124526,SENT,929c3a60-9fb1-4f4d-b30a-13c51ef4921d,6e3e7841-e91c-45b3-95a8-44db3aae6138,c2,DROP,1007,?,i3,
1769091478.5124946,FORWARDED,929c3a60-9fb1-4f4d-b30a-13c51ef4921d,6e3e7841-e91c-45b3-95a8-44db3aae6138,c2,DROP,1007,?,i3,
1769091478.590192,SENT,1349d59d-2de3-412a-b276-425343e4f87c,2cd6bdbf-e47b-4cc5-bd1d-f028fa1561b7,c3,c4,1447,?,i3,
1769091478.5902338,FORWARDED,1349d59d-2de3-412a-b276-425343e4f87c,2cd6bdbf-e47b-4cc5-bd1d-f028fa1561b7,c3,c4,1447,?,i3,
1769091478.6494021,SENT,f0934e75-1fe1-4763-b1c2-a2e80edd68a7,c97bfa48-6710-463e-a79b-efcbfa9a3338,c4,DROP,1012,?,i10,
1769091478.6494508,FORWARDED,f0934e75-1fe1-4763-b1c2-a2e80edd68a7,c97bfa48-6710-463e-a79b-efcbfa9a3338,c4,DROP,1012,?,i10,
1769091478.7772954,SENT,4e9afd8e-1c4f-450e-b1b2-04011538b57d,5d6e3273-f522-4eb6-84db-3cf5a0b37f88,c1,c5,1460,?,i8,
1769091478.7773383,FORWARDED,4e9afd8e-1c4f-450e-b1b2-04011538b57d,5d6e3273-f522-4eb6-84db-3cf5a0b37f88,c1,c5,1460,?,i8,
1769091478.8701885,FORWARDED,36c3bd89-479d-42e9-be6d-5d75ecfc53e5,3ca3f53d-456b-4f63-9d1e-5c2c95e9992b,c1,DROP,1019,?,i6,
1769091478.9576633,RECEIVED,2e540b4f-9948-4d57-9041-c9a763a88222,b50b0751-51f8-4415-970c-c1c9c6365ca0,c1,DROP,1456,p1,?,
1769091478.987848,SENT,2e540b4f-9948-4d57-9041-c9a763a88222,b50b0751-51f8-4415-970c-c1c9c6365ca0,c1,DROP,1019,?,i5,
1769091478.987889,FORWARDED,2e540b4f-9948-4d57-9041-c9a763a88222,b50b0751-51f8-4415-970c-c1c9c6365ca0,c1,DROP,1019,?,i5,
1769091479.4113057,RECEIVED,230d8ff1-c34c-4cf5-9d23-c41b12eef2bb,bda55d48-e353-424f-bb6f-926bef57542a,c1,c5,2039,p1,?,
1769091479.4366176,RECEIVED,49b3a2b3-5060-49cf-9d92-a3c4c12f073a,585a2526-d804-4201-b4b7-5228b39ec11f,c4,c1,2053,p1,?,
1769091479.5137732,SENT,49b3a2b3-5060-49cf-9d92-a3c4c12f073a,585a2526-d804-4201-b4b7-5228b39ec11f,c4,c1,1467,?,i9,
1769091479.5138125,FORWARDED,49b3a2b3-5060-49cf-9d92-a3c4c12f073a,585a2526-d804-4201-b4b7-5228b39ec11f,c4,c1,1467,?,i9,
1769091479.528099,RECEIVED,d6070948-46cc-4880-ac2f-832e90f84c2f,6c2fcf77-ddac-412b-9fc3-a2aeb842778e,c1,DROP,1443,p1,?,
1769091479.5313973,RECEIVED,f3e67a48-daa7-4aee-a816-52fe46d408f4,fe1fe490-4a7b-48ec-8470-61f6cbdbb352,c5,DROP,1435,p2,?,
1769091479.5472753,RECEIVED,8e19dd20-517b-4785-bbd4-32ac18542ab2,c07cf05b-d485-40a9-9391-8e082fa39ed9,c1,c5,2053,p1,?,
1769091479.554829,RECEIVED,259f60fa-1d18-4a30-92f8-56f6f01a5924,606a34cf-fcf7-4cf5-ab86-b071d6459ad7,c5,c4,2055,p2,?,
1769091479.7049782,RECEIVED,8a609d45-99a4-42cf-8a6f-9dd9e3cd3c6f,b9cf1701-291c-4549-8f41-f31e96a19c53,c4,c1,2015,p1,?,
1769091479.7578988,SENT,230d8ff1-c34c-4cf5-9d23-c41b12eef2bb,bda55d48-e353-424f-bb6f-926bef57542a,c1,c5,1456,?,i9,
1769091479.757944,FORWARDED,230d8ff1-c34c-4cf5-9d23-c41b12eef2bb,bda55d48-e353-424f-bb6f-926bef57542a,c1,c5,1456,?,i9,
1769091479.9525747,SENT,8e19dd20-517b-4785-bbd4-32ac18542ab2,c07cf05b-d485-40a9-9391-8e082fa39ed9,c1,c5,1467,?,i10,
1769091479.9526982,FORWARDED,8e19dd20-517b-4785-bbd4-32ac18542ab2,c07cf05b-d485-40a9-9391-8e082fa39ed9,c1,c5,1467,?,i10,
1769091480.0185745,RECEIVED,9873b883-77a0-4e2a-a5ff-5432b2b58bae,8d73134b-1f3f-4f31-baa6-fce76a100bb4,c1,c5,2050,p1,?,
1769091480.055843,SENT,9873b883-77a0-4e2a-a5ff-5432b2b58bae,8d73134b-1f3f-4f31-baa6-fce76a100bb4,c1,c5,1462,?,i11,
1769091480.0558827,FORWARDED,9873b883-77a0-4e2a-a5ff-5432b2b58bae,8d73134b-1f3f-4f31-baa6-fce76a100bb4,c1,c5,1462,?,i11,
1769091480.1289103,SENT,f3e67a48-daa7-4aee-a816-52fe46d408f4,fe1fe490-4a7b-48ec-8470-61f6cbdbb352,c5,DROP,1005,?,i4,
1769091480.1289506,FORWARDED,f3e67a48-daa7-4aee-a816-52fe46d408f4,fe1fe490-4a7b-48ec-8470-61f6cbdbb352,c5,DROP,1005,?,i4,
1769091480.20404,SENT,8a609d45-99a4-42cf-8a6f-9dd9e3cd3c6f,b9cf1701-291c-4549-8f41-f31e96a19c53,c4,c1,1439,?,i7,
1769091480.2041004,FORWARDED,8a609d45-99a4-42cf-8a6f-9dd9e3cd3c6f,b9cf1701-291c-4549-8f41-f31e96a19c53,c4,c1,1439,?,i7,
1769091480.2992904,SENT,259f60fa-1d18-4a30-92f8-56f6f01a5924,606a34cf-fcf7-4cf5-ab86-b071d6459ad7,c5,c4,1469,?,i7,
1769091480.2993731,FORWARDED,259f60fa-1d18-4a30-92f8-56f6f01a5924,606a34cf-fcf7-4cf5-ab86-b071d6459ad7,c5,c4,1469,?,i7,
1769091480.339496,RECEIVED,007c5633-cfd7-4f91-af21-e61c0adebf68,627661fb-72ec-463a-99f1-afd86b2a6cb9,c3,c4,2043,p3,?,
1769091480.530833,RECEIVED,d84fc8f1-dc2a-4a4b-abd0-758841a54258,266240ef-87c6-4e0e-b4fb-6c4652709dd1,c3,DROP,1445,p3,?,
1769091480.5968661,SENT,d84fc8f1-dc2a-4a4b-abd0-758841a54258,266240ef-87c6-4e0e-b4fb-6c4652709dd1,c3,DROP,1009,?,i3,
1769091480.5969074,FORWARDED,d84fc8f1-dc2a-4a4b-abd0-758841a54258,266240ef-87c6-4e0e-b4fb-6c4652709dd1,c3,DROP,1009,?,i3,
1769091480.600278,FORWARDED,d6070948-46cc-4880-ac2f-832e90f84c2f,6c2fcf77-ddac-412b-9fc3-a2aeb842778e,c1,DROP,1011,?,i6,
1769091480.6159844,RECEIVED,227136e7-ec92-4e1e-abdf-14f5fbb3a7c8,b64665fe-a501-4a7e-9c76-b193bb545cb7,c3,c4,2035,p3,?,
1769091480.6601808,SENT,007c5633-cfd7-4f91-af21-e61c0adebf68,627661fb-72ec-463a-99f1-afd86b2a6cb9,c3,c4,1460,?,i9,
1769091480.6602194,FORWARDED,007c5633-cfd7-4f91-af21-e61c0adebf68,627661fb-72ec-463a-99f1-afd86b2a6cb9,c3,c4,1460,?,i9,
1769091480.7205994,RECEIVED,80ecb827-1410-484f-a3cc-31b034b1f6fa,167042ee-5e02-40a2-a059-bf147c66aafc,c5,DROP,1460,p2,?,
1769091480.97433,SENT,80ecb827-1410-484f-a3cc-31b034b1f6fa,167042ee-5e02-40a2-a059-bf147c66aafc,c5,DROP,1021,?,i12,
1769091480.9743645,FORWARDED,80ecb827-1410-484f-a3cc-31b034b1f6fa,167042ee-5e02-40a2-a059-bf147c66aafc,c5,DROP,1021,?,i12,
1769091481.0565135,SENT,227136e7-ec92-4e1e-abdf-14f5fbb3a7c8,b64665fe-a501-4a7e-9c76-b193bb545cb7,c3,c4,1454,?,i4,
1769091481.0565586,FORWARDED,227136e7-ec92-4e1e-abdf-14f5fbb3a7c8,b64665fe-a501-4a7e-9c76-b193bb545cb7,c3,c4,1454,?,i4,
1769091482.1598902,RECEIVED,5a5236b7-5c3d-4f5e-88cf-b48354cbdd53,7990f906-52f5-461e-b049-b9cc71aa1dbd,c5,c4,2044,p2,?,
1769091482.280289,SENT,5a5236b7-5c3d-4f5e-88cf-b48354cbdd53,7990f906-52f5-461e-b049-b9cc71aa1dbd,c5,c4,1460,?,i3,
1769091482.280331,FORWARDED,5a5236b7-5c3d-4f5e-88cf-b48354cbdd53,7990f906-52f5-461e-b049-b9cc71aa1dbd,c5,c4,1460,?,i3,
1769091482.414103,RECEIVED,e4eaaaff-8b38-4490-ab36-32c2cdee868e,17d82a78-2b44-467a-b6ad-a4ff223ef560,c5,DROP,1450,p2,?,
1769091482.644918,RECEIVED,b0edf3b5-fe19-4dcf-be35-389ec93f5b0e,eb192c78-319c-4571-9006-82aaa62203f3,c3,c4,2036,p3,?,
1769091482.6694963,RECEIVED,73a7a91c-7d3f-4802-ae41-196bf48bc6d6,794dd765-9f6b-40b5-bc6b-f44c594e2324,c1,c5,2043,p1,?,
1769091483.085689,SENT,73a7a91c-7d3f-4802-ae41-196bf48bc6d6,794dd765-9f6b-40b5-bc6b-f44c594e2324,c1,c5,1459,?,i2,
1769091483.0857317,FORWARDED,73a7a91c-7d3f-4802-ae41-196bf48bc6d6,794dd765-9f6b-40b5-bc6b-f44c594e2324,c1,c5,1459,?,i2,
1769091483.245969,RECEIVED,7860f32d-e031-49a7-8ca1-7a6e57251673,8c31a316-e501-43e1-b016-45c2507ac4eb,c2,c1,2044,p2,?,
1769091483.2731786,RECEIVED,38f34f00-2b2f-40cf-96c2-aaaf59215fbf,ed99f5a2-3a18-4991-88d9-d311e8707152,c1,c5,2046,p1,?,
1769091483.5305681,SENT,7860f32d-e031-49a7-8ca1-7a6e57251673,8c31a316-e501-43e1-b016-45c2507ac4eb,c2,c1,1459,?,i2,
1769091483.5306115,FORWARDED,7860f32d-e031-49a7-8ca1-7a6e57251673,8c31a316-e501-43e1-b016-45c2507ac4eb,c2,c1,1459,?,i2,
1769091483.5608163,RECEIVED,3dd6e280-d93c-47d3-814d-1de389f0c238,e2179033-bf5c-4d5b-87eb-bfb94201e978,c2,c1,2040,p2,?,
1769091483.7025752,SENT,b0edf3b5-fe19-4dcf-be35-389ec93f5b0e,eb192c78-319c-4571-9006-82aaa62203f3,c3,c4,1455,?,i10,
1769091483.7026103,FORWARDED,b0edf3b5-fe19-4dcf-be35-389ec93f5b0e,eb192c78-319c-4571-9006-82aaa62203f3,c3,c4,1455,?,i10,
1769091483.797767,RECEIVED,4a3f62a1-f2d7-42f8-b9cc-1aee085d9dc4,2a2938d8-74e7-4ff4-87a4-6d993947b31a,c4,c1,2040,p1,?,
1769091484.0682955,SENT,38f34f00-2b2f-40cf-96c2-aaaf59215fbf,ed99f5a2-3a18-4991-88d9-d311e8707152,c1,c5,1463,?,i5,
1769091484.0683315,FORWARDED,38f34f00-2b2f-40cf-96c2-aaaf59215fbf,ed99f5a2-3a18-4991-88d9-d311e8707152,c1,c5,1463,?,i5,
1769091484.0978863,RECEIVED,8764dab6-3622-4929-ac00-0709b4101052,6f737b90-69d1-485c-ba5d-c0cae4237bda,c5,DROP,1445,p2,?,
1769091484.1754832,RECEIVED,af2a918b-9bd2-4719-8783-5e35e700dee8,f10238b5-aeaa-49ec-964d-8d767730e902,c4,DROP,1456,p1,?,
1769091484.2177994,SENT,8764dab6-3622-4929-ac00-0709b4101052,6f737b90-69d1-485c-ba5d-c0cae4237bda,c5,DROP,1011,?,i10,
1769091484.2179432,FORWARDED,8764dab6-3622-4929-ac00-0709b4101052,6f737b90-69d1-485c-ba5d-c0cae4237bda,c5,DROP,1011,?,i10,
1769091484.232801,SENT,3dd6e280-d93c-47d3-814d-1de389f0c238,e2179033-bf5c-4d5b-87eb-bfb94201e978,c2,c1,1456,?,i11,
1769091484.232843,FORWARDED,3dd6e280-d93c-47d3-814d-1de389f0c238,e2179033-bf5c-4d5b-87eb-bfb94201e978,c2,c1,1456,?,i11,
1769091484.328978,RECEIVED,fb726cec-8972-4fe2-8352-f5d52f20c752,e4d6ac5b-4e86-4a29-8868-8d6aa2272726,c2,DROP,1458,p2,?,
1769091484.3428242,SENT,fb726cec-8972-4fe2-8352-f5d52f20c752,e4d6ac5b-4e86-4a29-8868-8d6aa2272726,c2,DROP,1019,?,i10,
1769091484.3428652,FORWARDED,fb726cec-8972-4fe2-8352-f5d52f20c752,e4d6ac5b-4e86-4a29-8868-8d6aa2272726,c2,DROP,1019,?,i10,
1769091484.52938,SENT,4a3f62a1-f2d7-42f8-b9cc-1aee085d9dc4,2a2938d8-74e7-4ff4-87a4-6d993947b31a,c4,c1,1456,?,i12,
1769091484.5294225,FORWARDED,4a3f62a1-f2d7-42f8-b9cc-1aee085d9dc4,2a2938d8-74e7-4ff4-87a4-6d993947b31a,c4,c1,1456,?,i12,
1769091484.7704208,RECEIVED,8e10e2da-83e0-4b92-8044-2735beea7ea2,915cc28b-59c2-4c58-9d68-a964072b1bbb,c2,DROP,1441,p2,?,
1769091484.7718658,SENT,af2a918b-9bd2-4719-8783-5e35e700dee8,f10238b5-aeaa-49ec-964d-8d767730e902,c4,DROP,1020,?,i11,
1769091484.7719092,FORWARDED,af2a918b-9bd2-4719-8783-5e35e700dee8,f10238b5-aeaa-49ec-964d-8d767730e902,c4,DROP,1020,?,i11,
1769091484.7847621,SENT,e4eaaaff-8b38-4490-ab36-32c2cdee868e,17d82a78-2b44-467a-b6ad-a4ff223ef560,c5,DROP,1015,?,i4,
1769091484.7848005,FORWARDED,e4eaaaff-8b38-4490-ab36-32c2cdee868e,17d82a78-2b44-467a-b6ad-a4ff223ef560,c5,DROP,1015,?,i4,
1769091484.8035398,RECEIVED,bc928c13-db53-4a88-aa61-d10a6d98c344,8edbc680-e22f-4439-b2da-e4d5693ce5ce,c4,c1,2020,p1,?,
1769091484.8147562,SENT,8e10e2da-83e0-4b92-8044-2735beea7ea2,915cc28b-59c2-4c58-9d68-a964072b1bbb,c2,DROP,1007,?,i10,
1769091484.8147967,FORWARDED,8e10e2da-83e0-4b92-8044-2735beea7ea2,915cc28b-59c2-4c58-9d68-a964072b1bbb,c2,DROP,1007,?,i10,
1769091484.8598955,RECEIVED,85b141b5-dcc1-4d89-84cb-23aa87c6fb27,9257969d-c8ab-4b71-8dbf-b1e71b27adb5,c3,c4,2039,p3,?,
1769091484.8727257,RECEIVED,282076ca-df6a-4a91-b99d-471c718363f3,23e46c4d-af69-4f30-a76e-6b3b6108b13c,c3,c4,2039,p3,?,
1769091484.9794147,RECEIVED,d1704496-4184-488a-8930-0d54c9fc69a5,ab6869a5-fadb-4957-8c38-fbed7cb3743f,c3,DROP,1455,p3,?,
1769091484.9857047,SENT,bc928c13-db53-4a88-aa61-d10a6d98c344,8edbc680-e22f-4439-b2da-e4d5693ce5ce,c4,c1,1443,?,i2,
1769091484.9857514,FORWARDED,bc928c13-db53-4a88-aa61-d10a6d98c344,8edbc680-e22f-4439-b2da-e4d5693ce5ce,c4,c1,1443,?,i2,
1769091484.9887028,RECEIVED,61d3bac6-f7e9-4749-8210-65cf1964493a,fb4aab7e-4dbb-4944-8418-02c26fce26e2,c1,c5,2052,p1,?,
1769091485.122679,RECEIVED,636c8b9f-9683-41b0-be13-380051b9e11f,ce6fbc30-1a1f-4dc9-9b01-6c857ba96936,c1,DROP,1455,p1,?,
1769091485.2017825,SENT,282076ca-df6a-4a91-b99d-471c718363f3,23e46c4d-af69-4f30-a76e-6b3b6108b13c,c3,c4,1456,?,i8,
1769091485.2018268,FORWARDED,282076ca-df6a-4a91-b99d-471c718363f3,23e46c4d-af69-4f30-a76e-6b3b6108b13c,c3,c4,1456,?,i8,
1769091485.245501,SENT,d1704496-4184-488a-8930-0d54c9fc69a5,ab6869a5-fadb-4957-8c38-fbed7cb3743f,c3,DROP,1020,?,i7,
1769091485.2455435,FORWARDED,d1704496-4184-488a-8930-0d54c9fc69a5,ab6869a5-fadb-4957-8c38-fbed7cb3743f,c3,DROP,1020,?,i7,
1769091485.4884813,RECEIVED,fe47aa77-2921-4d0b-b742-f3bc0dc64a2f,e41a26eb-dbcb-4d27-a05c-32745e3615ca,c4,c1,2037,p1,?,
1769091485.490985,SENT,61d3bac6-f7e9-4749-8210-65cf1964493a,fb4aab7e-4dbb-4944-8418-02c26fce26e2,c1,c5,1465,?,i10,
1769091485.4910235,FORWARDED,61d3bac6-f7e9-4749-8210-65cf1964493a,fb4aab7e-4dbb-4944-8418-02c26fce26e2,c1,c5,1465,?,i10,
1769091485.5406284,SENT,fe47aa77-2921-4d0b-b742-f3bc0dc64a2f,e41a26eb-dbcb-4d27-a05c-32745e3615ca,c4,c1,1455,?,i7,
1769091485.540667,FORWARDED,fe47aa77-2921-4d0b-b742-f3bc0dc64a2f,e41a26eb-dbcb-4d27-a05c-32745e3615ca,c4,c1,1455,?,i7,
1769091485.7339957,SENT,85b141b5-dcc1-4d89-84cb-23aa87c6fb27,9257969d-c8ab-4b71-8dbf-b1e71b27adb5,c3,c4,1456,?,i7,
1769091485.734038,FORWARDED,85b141b5-dcc1-4d89-84cb-23aa87c6fb27,9257969d-c8ab-4b71-8dbf-b1e71b27adb5,c3,c4,1456,?,i7,
1769091485.8632329,SENT,636c8b9f-9683-41b0-be13-380051b9e11f,ce6fbc30-1a1f-4dc9-9b01-6c857ba96936,c1,DROP,1020,?,i9,
1769091485.8632736,FORWARDED,636c8b9f-9683-41b0-be13-380051b9e11f,ce6fbc30-1a1f-4dc9-9b01-6c857ba96936,c1,DROP,1020,?,i9,
1769091485.8638802,RECEIVED,aaff53c1-8665-46af-9c68-0b9ccef15d93,3c36e7e8-a5a6-4859-a836-15e8e0aa5b00,c3,c4,2018,p3,?,
1769091486.2381713,RECEIVED,94a77586-9964-4e66-bed7-60bc7c69495d,c7370f83-56d4-4007-b026-051f1fef7bb5,c4,c1,2023,p1,?,
1769091486.282063,SENT,94a77586-9964-4e66-bed7-60bc7c69495d,c7370f83-56d4-4007-b026-051f1fef7bb5,c4,c1,1444,?,i3,
1769091486.2821078,FORWARDED,94a77586-9964-4e66-bed7-60bc7c69495d,c7370f83-56d4-4007-b026-051f1fef7bb5,c4,c1,1444,?,i3,
1769091486.5792532,RECEIVED,6273d93c-96cb-4bab-bc00-0b807363b7cb,7f5a88f7-143d-4af5-8d21-2f0a42c2fc55,c4,c1,2019,p1,?,
1769091486.668415,RECEIVED,2ae1db3a-09de-4998-bec7-406d19b59e86,a067700a-efbf-48d9-9754-dd0e620551aa,c3,c4,2027,p3,?,
1769091486.7728245,RECEIVED,d3196e71-0c8a-4aec-a6f3-dc3502f2751d,712e28c6-31aa-46cf-a47a-4dcac8d5d5fb,c1,DROP,1451,p1,?,
1769091486.8905632,SENT,2ae1db3a-09de-4998-bec7-406d19b59e86,a067700a-efbf-48d9-9754-dd0e620551aa,c3,c4,1447,?,i1,
1769091486.8906047,FORWARDED,2ae1db3a-09de-4998-bec7-406d19b59e86,a067700a-efbf-48d9-9754-dd0e620551aa,c3,c4,1447,?,i1,
1769091487.0396252,RECEIVED,0ccea8f8-f6b6-4b26-b0fc-63ec6bf0fac0,f737d99a-fdb7-4213-b35a-e7c0e76dd177,c1,DROP,1439,p1,?,
1769091487.0957882,RECEIVED,e137d299-d080-46a7-b911-f9aa8a27d10a,15d90608-b635-4602-a14c-5404feb1c005,c3,c4,2044,p3,?,
1769091487.1366646,SENT,aaff53c1-8665-46af-9c68-0b9ccef15d93,3c36e7e8-a5a6-4859-a836-15e8e0aa5b00,c3,c4,1443,?,i4,
1769091487.1367536,FORWARDED,aaff53c1-8665-46af-9c68-0b9ccef15d93,3c36e7e8-a5a6-4859-a836-15e8e0aa5b00,c3,c4,1443,?,i4,
1769091487.1842387,SENT,0ccea8f8-f6b6-4b26-b0fc-63ec6bf0fac0,f737d99a-fdb7-4213-b35a-e7c0e76dd177,c1,DROP,1006,?,i8,
1769091487.1842773,FORWARDED,0ccea8f8-f6b6-4b26-b0fc-63ec6bf0fac0,f737d99a-fdb7-4213-b35a-e7c0e76dd177,c1,DROP,1006,?,i8,
1769091487.3538442,SENT,d3196e71-0c8a-4aec-a6f3-dc3502f2751d,712e28c6-31aa-46cf-a47a-4dcac8d5d5fb,c1,DROP,1016,?,i5,
1769091487.3540702,FORWARDED,d3196e71-0c8a-4aec-a6f3-dc3502f2751d,712e28c6-31aa-46cf-a47a-4dcac8d5d5fb,c1,DROP,1016,?,i5,
1769091487.3971698,RECEIVED,3c6a9009-b0c8-4d52-a6d0-4bb7033f0ed2,7f067cf9-8872-480d-983c-009ce8099cb7,c3,c4,2022,p3,?,
1769091487.6217232,RECEIVED,d2e059bd-92ba-455a-8797-219c025826cc,06158e3a-20cf-40f3-9f9c-e25cd972147f,c5,c4,2032,p2,?,
1769091487.6747746,SENT,d2e059bd-92ba-455a-8797-219c025826cc,06158e3a-20cf-40f3-9f9c-e25cd972147f,c5,c4,1452,?,i5,
1769091487.674817,FORWARDED,d2e059bd-92ba-455a-8797-219c025826cc,06158e3a-20cf-40f3-9f9c-e25cd972147f,c5,c4,1452,?,i5,
1769091487.6768284,RECEIVED,4e3563bb-efdc-44c5-9200-28f07c5cc69e,ebd9dd73-f730-4327-9af4-0d906007f7cb,c2,DROP,1452,p2,?,
1769091487.6973088,RECEIVED,80e9b9ad-19e1-465d-be23-99d369f25f66,3a8b455b-898f-4511-af06-21a0fe0b9376,c1,c5,2040,p1,?,
1769091487.8231711,FORWARDED,4e3563bb-efdc-44c5-9200-28f07c5cc69e,ebd9dd73-f730-4327-9af4-0d906007f7cb,c2,DROP,1017,?,i6,
1769091487.8286126,SENT,80e9b9ad-19e1-465d-be23-99d369f25f66,3a8b455b-898f-4511-af06-21a0fe0b9376,c1,c5,1457,?,i11,
1769091487.8288472,FORWARDED,80e9b9ad-19e1-465d-be23-99d369f25f66,3a8b455b-898f-4511-af06-21a0fe0b9376,c1,c5,1457,?,i11,
1769091487.9663393,RECEIVED,28b14d18-1e0d-443e-8881-c9cbefcaa106,830955fc-3070-4863-b62d-26d3569a71d4,c4,DROP,1441,p1,?,
1769091488.0310948,SENT,28b14d18-1e0d-443e-8881-c9cbefcaa106,830955fc-3070-4863-b62d-26d3569a71d4,c4,DROP,1007,?,i7,
1769091488.031139,FORWARDED,28b14d18-1e0d-443e-8881-c9cbefcaa106,830955fc-3070-4863-b62d-26d3569a71d4,c4,DROP,1007,?,i7,
1769091488.0608308,RECEIVED,a9d74b69-f039-4c35-b84c-46b79fe158ed,5935e700-7efa-44ee-955a-088b29146de1,c4,c1,2032,p1,?,
1769091488.2265098,SENT,e137d299-d080-46a7-b911-f9aa8a27d10a,15d90608-b635-4602-a14c-5404feb1c005,c3,c4,1461,?,i12,
1769091488.2265494,FORWARDED,e137d299-d080-46a7-b911-f9aa8a27d10a,15d90608-b635-4602-a14c-5404feb1c005,c3,c4,1461,?,i12,
1769091488.328188,RECEIVED,47eab61a-0290-425d-b4f4-efb7fedd5bcb,49d4eb1c-1b61-490d-86fb-b8f078f0db62,c1,DROP,1460,p1,?,
1769091488.447281,SENT,a9d74b69-f039-4c35-b84c-46b79fe158ed,5935e700-7efa-44ee-955a-088b29146de1,c4,c1,1451,?,i8,
1769091488.4477623,FORWARDED,a9d74b69-f039-4c35-b84c-46b79fe158ed,5935e700-7efa-44ee-955a-088b29146de1,c4,c1,1451,?,i8,
1769091488.5029647,RECEIVED,06a4b87b-0a14-4c9d-ac34-99ff277cf784,3f91cae4-7002-498e-badb-1402c9e046cb,c5,c4,2050,p2,?,
1769091488.5498908,SENT,06a4b87b-0a14-4c9d-ac34-99ff277cf784,3f91cae4-7002-498e-badb-1402c9e046cb,c5,c4,1463,?,i12,
1769091488.549939,FORWARDED,06a4b87b-0a14-4c9d-ac34-99ff277cf784,3f91cae4-7002-498e-badb-1402c9e046cb,c5,c4,1463,?,i12,
1769091488.700084,RECEIVED,67731c8d-5e4d-483e-9cf4-e6826c7cc1f6,cab293ef-83f1-4bbf-beac-800e36c60807,c4,c1,2047,p1,?,
1769091488.7674146,RECEIVED,f884ceb5-4d55-4dc5-b2c6-7570e8f04190,23c856e2-bf42-463c-884d-24616d988169,c2,DROP,441,x12,?,
1769091488.7830915,RECEIVED,f2d03226-e962-4d36-9263-1772c812b9ff,1829b9dd-275f-4eba-a72e-962019232a40,c5,c4,2038,p2,?,
1769091488.8104074,SENT,f2d03226-e962-4d36-9263-1772c812b9ff,1829b9dd-275f-4eba-a72e-962019232a40,c5,c4,1455,?,i2,
1769091488.8104517,FORWARDED,f2d03226-e962-4d36-9263-1772c812b9ff,1829b9dd-275f-4eba-a72e-962019232a40,c5,c4,1455,?,i2,
1769091488.8141692,SENT,47eab61a-0290-425d-b4f4-efb7fedd5bcb,49d4eb1c-1b61-490d-86fb-b8f078f0db62,c1,DROP,1021,?,i7,
1769091488.8142514,FORWARDED,47eab61a-0290-425d-b4f4-efb7fedd5bcb,49d4eb1c-1b61-490d-86fb-b8f078f0db62,c1,DROP,1021,?,i7,
1769091488.9411259,SENT,3c6a9009-b0c8-4d52-a6d0-4bb7033f0ed2,7f067cf9-8872-480d-983c-009ce8099cb7,c3,c4,1444,?,i1,
1769091488.9411678,FORWARDED,3c6a9009-b0c8-4d52-a6d0-4bb7033f0ed2,7f067cf9-8872-480d-983c-009ce8099cb7,c3,c4,1444,?,i1,
1769091489.206123,RECEIVED,228165c9-186f-4e96-afd2-e9cec39fbc7e,cc231e45-6e62-4927-8409-9e8b069141ce,c2,c1,2044,p2,?,
1769091489.4355998,SENT,228165c9-186f-4e96-afd2-e9cec39fbc7e,cc231e45-6e62-4927-8409-9e8b069141ce,c2,c1,1460,?,i7,
1769091489.4356408,FORWARDED,228165c9-186f-4e96-afd2-e9cec39fbc7e,cc231e45-6e62-4927-8409-9e8b069141ce,c2,c1,1460,?,i7,
1769091489.438688,RECEIVED,212868bb-db81-43b1-8bdf-de6bcb60c65a,00d268a7-5d88-47c8-827c-2cad81c00699,c1,DROP,1451,p1,?,
1769091489.488264,FORWARDED,67731c8d-5e4d-483e-9cf4-e6826c7cc1f6,cab293ef-83f1-4bbf-beac-800e36c60807,c4,c1,1464,?,i6,
1769091489.7029622,SENT,6273d93c-96cb-4bab-bc00-0b807363b7cb,7f5a88f7-143d-4af5-8d21-2f0a42c2fc55,c4,c1,1443,?,i2,
1769091489.703006,FORWARDED,6273d93c-96cb-4bab-bc00-0b807363b7cb,7f5a88f7-143d-4af5-8d21-2f0a42c2fc55,c4,c1,1443,?,i2,
1769091489.952399,RECEIVED,945c2777-becf-40cc-9af7-87aa46f2c94c,75dc5c92-a1f0-48d4-8476-a663e18745ba,c5,DROP,1451,p2,?,
1769091490.1045809,RECEIVED,3f92e855-a9ea-45f9-bd03-93b0cb2ab53d,610891fa-91f0-415f-90c9-5e98d0ab5217,c1,DROP,1439,p1,?,
1769091490.4504893,RECEIVED,de5fff8b-c5b3-4b2e-bd4a-f0e14d67194a,27a8ebea-2947-4d69-955e-89500e7ae603,c2,c1,2043,p2,?,
1769091490.5913694,SENT,de5fff8b-c5b3-4b2e-bd4a-f0e14d67194a,27a8ebea-2947-4d69-955e-89500e7ae603,c2,c1,1459,?,i7,
1769091490.5914106,FORWARDED,de5fff8b-c5b3-4b2e-bd4a-f0e14d67194a,27a8ebea-2947-4d69-955e-89500e7ae603,c2,c1,1459,?,i7,
1769091490.6326885,SENT,3f92e855-a9ea-45f9-bd03-93b0cb2ab53d,610891fa-91f0-415f-90c9-5e98d0ab5217,c1,DROP,1007,?,i7,
1769091490.6327312,FORWARDED,3f92e855-a9ea-45f9-bd03-93b0cb2ab53d,610891fa-91f0-415f-90c9-5e98d0ab5217,c1,DROP,1007,?,i7,
1769091490.850816,RECEIVED,e2804570-e389-4bd3-9c54-2dafc27a32c8,ce100f46-2f78-4ca3-9647-fa9e9ff091f4,c4,DROP,1455,p1,?,
1769091490.879606,SENT,945c2777-becf-40cc-9af7-87aa46f2c94c,75dc5c92-a1f0-48d4-8476-a663e18745ba,c5,DROP,1016,?,i5,
1769091490.879659,FORWARDED,945c2777-becf-40cc-9af7-87aa46f2c94c,75dc5c92-a1f0-48d4-8476-a663e18745ba,c5,DROP,1016,?,i5,
1769091490.8940992,SENT,212868bb-db81-43b1-8bdf-de6bcb60c65a,00d268a7-5d88-47c8-827c-2cad81c00699,c1,DROP,1016,?,i2,
1769091490.894367,FORWARDED,212868bb-db81-43b1-8bdf-de6bcb60c65a,00d268a7-5d88-47c8-827c-2cad81c00699,c1,DROP,1016,?,i2,
1769091490.926022,RECEIVED,d0d2e60c-6dab-4cbb-8845-4bc79f1ec6f1,815f1cba-64f4-488f-a099-08cd8bf85d1d,c5,c4,2037,p2,?,
1769091491.1394494,SENT,e2804570-e389-4bd3-9c54-2dafc27a32c8,ce100f46-2f78-4ca3-9647-fa9e9ff091f4,c4,DROP,1019,?,i8,
1769091491.1394873,FORWARDED,e2804570-e389-4bd3-9c54-2dafc27a32c8,ce100f46-2f78-4ca3-9647-fa9e9ff091f4,c4,DROP,1019,?,i8,
1769091491.2324948,SENT,d0d2e60c-6dab-4cbb-8845-4bc79f1ec6f1,815f1cba-64f4-488f-a099-08cd8bf85d1d,c5,c4,1455,?,i11,
1769091491.2325368,FORWARDED,d0d2e60c-6dab-4cbb-8845-4bc79f1ec6f1,815f1cba-64f4-488f-a099-08cd8bf85d1d,c5,c4,1455,?,i11,
1769091491.2529018,RECEIVED,c0939af4-d706-4587-bf54-88eb3ecebde5,12dddcbc-6ab8-4790-9e6e-5e2e2def0450,c3,c4,2040,p3,?,
1769091491.472822,FORWARDED,c0939af4-d706-4587-bf54-88eb3ecebde5,12dddcbc-6ab8-4790-9e6e-5e2e2def0450,c3,c4,1458,?,i6,
1769091491.661528,RECEIVED,6eb53451-c002-44fe-a3fb-0a1bd7f46d57,118870dd-dac2-462a-94f8-5ced2ef49398,c4,c1,2039,p1,?,
1769091491.7198281,RECEIVED,4bb8c1cf-904d-47f2-a2cd-f681bbbfc516,ee656e93-fd30-4a2e-8911-bd1c00bf3ca2,c1,c5,2048,p1,?,
1769091491.730695,RECEIVED,bb56b2d0-42ec-450f-96ed-9b39ee44c3b9,b0e2ef5b-4cc2-4e5b-82f3-6a574407be01,c2,DROP,1447,p2,?,
1769091491.8992589,SENT,6eb53451-c002-44fe-a3fb-0a1bd7f46d57,118870dd-dac2-462a-94f8-5ced2ef49398,c4,c1,1456,?,i4,
1769091491.8993013,FORWARDED,6eb53451-c002-44fe-a3fb-0a1bd7f46d57,118870dd-dac2-462a-94f8-5ced2ef49398,c4,c1,1456,?,i4,
1769091491.9742317,RECEIVED,19bf4d08-dc9e-4a8e-a23d-9f9821ac1651,c3a37d70-1938-4d0a-8daf-e26c6c7d05f3,c4,c1,2039,p1,?,
1769091492.0576935,RECEIVED,e8de85dc-265b-4340-bedf-306f31475393,15c72852-b7c8-4d90-8fe5-59ac265f192f,c1,DROP,441,x10,?,
1769091492.1374006,FORWARDED,4bb8c1cf-904d-47f2-a2cd-f681bbbfc516,ee656e93-fd30-4a2e-8911-bd1c00bf3ca2,c1,c5,1464,?,i6,
1769091492.1797004,SENT,bb56b2d0-42ec-450f-96ed-9b39ee44c3b9,b0e2ef5b-4cc2-4e5b-82f3-6a574407be01,c2,DROP,1012,?,i8,
1769091492.1797347,FORWARDED,bb56b2d0-42ec-450f-96ed-9b39ee44c3b9,b0e2ef5b-4cc2-4e5b-82f3-6a574407be01,c2,DROP,1012,?,i8,
1769091492.4237292,RECEIVED,76384e3f-4982-430a-bd50-bafd5dc60bfc,c72f75ea-3552-44e2-baf6-6ddf65bd56a2,c3,DROP,1448,p3,?,
1769091492.4870315,SENT,76384e3f-4982-430a-bd50-bafd5dc60bfc,c72f75ea-3552-44e2-baf6-6ddf65bd56a2,c3,DROP,1014,?,i8,
1769091492.4872158,FORWARDED,76384e3f-4982-430a-bd50-bafd5dc60bfc,c72f75ea-3552-44e2-baf6-6ddf65bd56a2,c3,DROP,1014,?,i8,
1769091492.6941397,SENT,19bf4d08-dc9e-4a8e-a23d-9f9821ac1651,c3a37d70-1938-4d0a-8daf-e26c6c7d05f3,c4,c1,1456,?,i8,
1769091492.6942046,FORWARDED,19bf4d08-dc9e-4a8e-a23d-9f9821ac1651,c3a37d70-1938-4d0a-8daf-e26c6c7d05f3,c4,c1,1456,?,i8,
1769091492.7290938,RECEIVED,e61629bb-8f7e-40c2-b8ab-021d874c5cb2,d25e51cb-6264-4560-b6a4-4bffb5489d03,c4,c1,2047,p1,?,
1769091492.7341423,RECEIVED,fb9d65a2-56ba-4984-aa3b-ae21bf01e813,6deeb280-cd7e-4905-a6c8-f15116644000,c3,c4,2024,p3,?,
1769091492.810295,SENT,fb9d65a2-56ba-4984-aa3b-ae21bf01e813,6deeb280-cd7e-4905-a6c8-f15116644000,c3,c4,1444,?,i1,
1769091492.8103368,FORWARDED,fb9d65a2-56ba-4984-aa3b-ae21bf01e813,6deeb280-cd7e-4905-a6c8-f15116644000,c3,c4,1444,?,i1,
1769091492.9056087,RECEIVED,287e52af-85fe-4e58-8b42-203c3391994b,b79795f9-2578-47c5-9fb7-7716eac09d96,c3,c4,2036,p3,?,
1769091492.9537895,SENT,e61629bb-8f7e-40c2-b8ab-021d874c5cb2,d25e51cb-6264-4560-b6a4-4bffb5489d03,c4,c1,1464,?,i4,
1769091492.953838,FORWARDED,e61629bb-8f7e-40c2-b8ab-021d874c5cb2,d25e51cb-6264-4560-b6a4-4bffb5489d03,c4,c1,1464,?,i4,
1769091493.0849707,RECEIVED,2a8f126b-b546-45a6-81a3-fe0ad529b1f6,d4f622ab-fd4a-4e00-a867-a08a32ed6393,c5,c4,2029,p2,?,
1769091493.2683659,SENT,287e52af-85fe-4e58-8b42-203c3391994b,b79795f9-2578-47c5-9fb7-7716eac09d96,c3,c4,1455,?,i1,
1769091493.2684085,FORWARDED,287e52af-85fe-4e58-8b42-203c3391994b,b79795f9-2578-47c5-9fb7-7716eac09d96,c3,c4,1455,?,i1,
1769091493.4823337,SENT,2a8f126b-b546-45a6-81a3-fe0ad529b1f6,d4f622ab-fd4a-4e00-a867-a08a32ed6393,c5,c4,1449,?,i11,
1769091493.4823875,FORWARDED,2a8f126b-b546-45a6-81a3-fe0ad529b1f6,d4f622ab-fd4a-4e00-a867-a08a32ed6393,c5,c4,1449,?,i11,
1769091493.6214843,RECEIVED,a7eb3d63-6199-4b56-8b83-76c6cdaf4efd,beddfa2e-c648-4e7f-bf82-232e67ee8269,c4,DROP,1447,p1,?,
1769091493.8987677,RECEIVED,a2f995c5-7dca-4ef4-9950-2d629a11766f,f26dea59-5829-4198-9781-8cf3c3c13e4b,c4,DROP,445,x7,?,
1769091493.9341714,RECEIVED,d526c410-707a-40c7-b4c5-76d6e9272a64,bc893795-255f-4b5c-909a-ae5de1a56447,c4,c1,2031,p1,?,
1769091494.1073847,RECEIVED,9564db00-a1e7-42b7-b6a7-a203795fb471,d0cb7866-462e-4b10-aa51-bfbb905548d9,c5,c4,2039,p2,?,
1769091494.2926981,RECEIVED,6a33ed59-218c-441f-ba97-1af5873f3723,39774008-f105-40cf-8b77-990df3cf9faf,c1,DROP,1440,p1,?,
1769091494.3521287,RECEIVED,85039201-f56d-4a1f-99e4-2e7b5fd2b4af,52bf2241-9014-4607-b6b1-1fcbfeacd7e9,c3,c4,2038,p3,?,
1769091494.3621857,SENT,6a33ed59-218c-441f-ba97-1af5873f3723,39774008-f105-40cf-8b77-990df3cf9faf,c1,DROP,1008,?,i9,
1769091494.3622282,FORWARDED,6a33ed59-218c-441f-ba97-1af5873f3723,39774008-f105-40cf-8b77-990df3cf9faf,c1,DROP,1008,?,i9,
1769091494.4150114,SENT,a7eb3d63-6199-4b56-8b83-76c6cdaf4efd,beddfa2e-c648-4e7f-bf82-232e67ee8269,c4,DROP,1012,?,i4,
1769091494.4150748,FORWARDED,a7eb3d63-6199-4b56-8b83-76c6cdaf4efd,beddfa2e-c648-4e7f-bf82-232e67ee8269,c4,DROP,1012,?,i4,
1769091494.5594537,SENT,9564db00-a1e7-42b7-b6a7-a203795fb471,d0cb7866-462e-4b10-aa51-bfbb905548d9,c5,c4,1458,?,i1,
1769091494.5594954,FORWARDED,9564db00-a1e7-42b7-b6a7-a203795fb471,d0cb7866-462e-4b10-aa51-bfbb905548d9,c5,c4,1458,?,i1,
1769091494.699552,RECEIVED,f50a95e8-dfbf-4eac-9d98-1c8c3a224ba4,75fd6d14-bad8-489d-83ec-beaf7f99f769,c1,DROP,442,x3,?,
1769091494.8141162,SENT,d526c410-707a-40c7-b4c5-76d6e9272a64,bc893795-255f-4b5c-909a-ae5de1a56447,c4,c1,1451,?,i5,
1769091494.8141532,FORWARDED,d526c410-707a-40c7-b4c5-76d6e9272a64,bc893795-255f-4b5c-909a-ae5de1a56447,c4,c1,1451,?,i5,
1769091494.92023,RECEIVED,180286e2-7775-43d4-92ed-b627c76925d2,058dfd0b-e72b-4df8-a5f0-cdc76279675a,c2,DROP,1439,p2,?,
1769091495.164784,RECEIVED,d69218de-e023-42c2-a5b1-04a4bfb7cd2f,b260ebd8-746c-49a5-b7ba-61723a92a6a7,c1,DROP,1453,p1,?,
1769091495.205587,SENT,d69218de-e023-42c2-a5b1-04a4bfb7cd2f,b260ebd8-746c-49a5-b7ba-61723a92a6a7,c1,DROP,1015,?,i2,
1769091495.2056372,FORWARDED,d69218de-e023-42c2-a5b1-04a4bfb7cd2f,b260ebd8-746c-49a5-b7ba-61723a92a6a7,c1,DROP,1015,?,i2,
1769091495.422851,SENT,180286e2-7775-43d4-92ed-b627c76925d2,058dfd0b-e72b-4df8-a5f0-cdc76279675a,c2,DROP,1007,?,i1,
1769091495.4228926,FORWARDED,180286e2-7775-43d4-92ed-b627c76925d2,058dfd0b-e72b-4df8-a5f0-cdc76279675a,c2,DROP,1007,?,i1,
1769091495.5409033,RECEIVED,f6f7d5cd-153d-4906-a4dc-efb8c0a52b94,fbcfb29c-c33a-4b73-8efc-0bd4d8656f2e,c5,DROP,441,x7,?,
1769091495.5968144,RECEIVED,8b430979-9035-4c9d-96ee-13a3380bf0c5,a2159070-268d-4bd2-a582-6d4df999612a,c1,c5,2043,p1,?,
1769091495.6524947,RECEIVED,b1391627-62f1-4cf5-a460-784c8db6582c,adb98f4a-dc98-48e1-ac7f-e0f6f3248242,c1,DROP,1439,p1,?,
1769091495.705838,SENT,8b430979-9035-4c9d-96ee-13a3380bf0c5,a2159070-268d-4bd2-a582-6d4df999612a,c1,c5,1460,?,i1,
1769091495.7059772,FORWARDED,8b430979-9035-4c9d-96ee-13a3380bf0c5,a2159070-268d-4bd2-a582-6d4df999612a,c1,c5,1460,?,i1,
1769091495.7960823,RECEIVED,f343b37b-69be-466c-b01b-2898743a8530,5eadb78f-6302-4c49-aca0-41cfa1aef429,c1,c5,2039,p1,?,
1769091495.8501835,SENT,85039201-f56d-4a1f-99e4-2e7b5fd2b4af,52bf2241-9014-4607-b6b1-1fcbfeacd7e9,c3,c4,1456,?,i9,
1769091495.8502274,FORWARDED,85039201-f56d-4a1f-99e4-2e7b5fd2b4af,52bf2241-9014-4607-b6b1-1fcbfeacd7e9,c3,c4,1456,?,i9,
1769091495.9689646,RECEIVED,945e8e36-6ce2-4f5d-81b0-ce4b7320f059,fdbc5901-9a65-4ef9-8e5e-1bf8199b53bb,c3,c4,2039,p3,?,
1769091495.9754155,RECEIVED,a99f8913-4048-40ea-a376-8c299eae12b4,65443c32-c225-4eac-94bd-0d9e56e33997,c2,c1,2040,p2,?,
1769091496.0441792,RECEIVED,21306070-5fd3-4929-be49-b168fb909113,dd6e508a-725f-410d-9898-d4d2cf377c28,c2,DROP,1456,p2,?,
1769091496.0516644,SENT,a99f8913-4048-40ea-a376-8c299eae12b4,65443c32-c225-4eac-94bd-0d9e56e33997,c2,c1,1456,?,i7,
1769091496.0517075,FORWARDED,a99f8913-4048-40ea-a376-8c299eae12b4,65443c32-c225-4eac-94bd-0d9e56e33997,c2,c1,1456,?,i7,
1769091496.5603216,RECEIVED,78707e26-2894-4c85-b061-106c74f22b76,dcd9a301-e111-4472-9c18-e5ac1e9ffedd,c2,c1,2043,p2,?,
1769091496.5912757,RECEIVED,0e3684c6-2377-4f16-8b88-1c5804cd4523,8dcd6ae1-f502-4b78-ad5b-f09c098a5f9b,c1,c5,2021,p1,?,
1769091496.6312315,RECEIVED,557f3ae9-10fe-4f59-9043-ffdffdfb4a7b,1358ebc3-2b85-40b8-986f-c2f249aed47b,c4,c1,2041,p1,?,
1769091496.6548724,SENT,557f3ae9-10fe-4f59-9043-ffdffdfb4a7b,1358ebc3-2b85-40b8-986f-c2f249aed47b,c4,c1,1456,?,i11,
1769091496.6549127,FORWARDED,557f3ae9-10fe-4f59-9043-ffdffdfb4a7b,1358ebc3-2b85-40b8-986f-c2f249aed47b,c4,c1,1456,?,i11,
1769091496.6550045,RECEIVED,eb6e7364-ea70-4af9-a713-d53b3daccdfd,2f09adef-80a1-467f-9439-f774cfb7939a,c1,c5,2032,p1,?,
1769091496.6719394,SENT,f343b37b-69be-466c-b01b-2898743a8530,5eadb78f-6302-4c49-aca0-41cfa1aef429,c1,c5,1457,?,i1,
1769091496.6719847,FORWARDED,f343b37b-69be-466c-b01b-2898743a8530,5eadb78f-6302-4c49-aca0-41cfa1aef429,c1,c5,1457,?,i1,
1769091496.7715693,RECEIVED,b773c53e-3306-4903-b5c4-cc81e2418877,dbc98138-36bb-44a0-adf4-e85117186719,c4,DROP,1456,p1,?,
1769091496.8374016,SENT,0e3684c6-2377-4f16-8b88-1c5804cd4523,8dcd6ae1-f502-4b78-ad5b-f09c098a5f9b,c1,c5,1443,?,i11,
1769091496.8374434,FORWARDED,0e3684c6-2377-4f16-8b88-1c5804cd4523,8dcd6ae1-f502-4b78-ad5b-f09c098a5f9b,c1,c5,1443,?,i11,
1769091497.0155623,RECEIVED,ba7ac207-fb33-4b85-b743-3377a172674a,8c9e3a07-8318-4465-bc4c-ea52dcfbfe22,c1,c5,2041,p1,?,
1769091497.0714922,SENT,ba7ac207-fb33-4b85-b743-3377a172674a,8c9e3a07-8318-4465-bc4c-ea52dcfbfe22,c1,c5,1457,?,i12,
1769091497.0715349,FORWARDED,ba7ac207-fb33-4b85-b743-3377a172674a,8c9e3a07-8318-4465-bc4c-ea52dcfbfe22,c1,c5,1457,?,i12,
1769091497.0948286,SENT,21306070-5fd3-4929-be49-b168fb909113,dd6e508a-725f-410d-9898-d4d2cf377c28,c2,DROP,1019,?,i11,
1769091497.09487,FORWARDED,21306070-5fd3-4929-be49-b168fb909113,dd6e508a-725f-410d-9898-d4d2cf377c28,c2,DROP,1019,?,i11,
1769091497.1013007,SENT,b773c53e-3306-4903-b5c4-cc81e2418877,dbc98138-36bb-44a0-adf4-e85117186719,c4,DROP,1020,?,i5,
1769091497.1013436,FORWARDED,b773c53e-3306-4903-b5c4-cc81e2418877,dbc98138-36bb-44a0-adf4-e85117186719,c4,DROP,1020,?,i5,
1769091497.1649454,RECEIVED,19a6d519-7033-402a-a639-11e79b6462db,5ba9401f-de3b-453d-823e-994bec3890ad,c1,DROP,1459,p1,?,
1769091497.2863655,FORWARDED,b1391627-62f1-4cf5-a460-784c8db6582c,adb98f4a-dc98-48e1-ac7f-e0f6f3248242,c1,DROP,1007,?,i6,
1769091497.2907505,RECEIVED,cdaa9a47-c5f0-46d2-ae4d-f1250b4a8427,6515120e-5209-4a67-ad07-76974c4e3e0c,c1,c5,2043,p1,?,
1769091497.4919004,SENT,78707e26-2894-4c85-b061-106c74f22b76,dcd9a301-e111-4472-9c18-e5ac1e9ffedd,c2,c1,1459,?,i12,
1769091497.4919426,FORWARDED,78707e26-2894-4c85-b061-106c74f22b76,dcd9a301-e111-4472-9c18-e5ac1e9ffedd,c2,c1,1459,?,i12,
1769091497.619043,RECEIVED,ad6fe61b-525f-4e6e-b21a-a9567a7d5308,77da3cd1-d772-47f1-931f-6a96681a6dca,c3,c4,2039,p3,?,
1769091497.7204523,SENT,eb6e7364-ea70-4af9-a713-d53b3daccdfd,2f09adef-80a1-467f-9439-f774cfb7939a,c1,c5,1451,?,i12,
1769091497.7204914,FORWARDED,eb6e7364-ea70-4af9-a713-d53b3daccdfd,2f09adef-80a1-467f-9439-f774cfb7939a,c1,c5,1451,?,i12,
1769091497.7419178,RECEIVED,1c085775-379c-4201-9719-cbcbc682ea7e,63cf2194-0da1-406d-aae9-62751827ec5a,c2,c1,2046,p2,?,
1769091497.8260117,SENT,1c085775-379c-4201-9719-cbcbc682ea7e,63cf2194-0da1-406d-aae9-62751827ec5a,c2,c1,1460,?,i11,
1769091497.826059,FORWARDED,1c085775-379c-4201-9719-cbcbc682ea7e,63cf2194-0da1-406d-aae9-62751827ec5a,c2,c1,1460,?,i11,
1769091497.9187424,SENT,19a6d519-7033-402a-a639-11e79b6462db,5ba9401f-de3b-453d-823e-994bec3890ad,c1,DROP,1021,?,i7,
1769091497.9187853,FORWARDED,19a6d519-7033-402a-a639-11e79b6462db,5ba9401f-de3b-453d-823e-994bec3890ad,c1,DROP,1021,?,i7,
1769091498.040992,RECEIVED,a365120c-f35e-48f5-bd9c-29d2269d1d11,7500e3f0-2493-4fc0-8952-c54df187a6c9,c3,DROP,1455,p3,?,
1769091498.3631794,RECEIVED,c922cab9-3b0a-40aa-8e9f-bda06380cc30,2a60f5e9-5992-4dae-83b7-d9cc09207c80,c1,DROP,1443,p1,?,
1769091498.6813204,RECEIVED,3fb57c45-709d-4125-80ff-0a6f3d5e6834,ebb1344e-6401-4090-913d-98601e8e3149,c4,c1,2043,p1,?,
1769091498.710075,SENT,945e8e36-6ce2-4f5d-81b0-ce4b7320f059,fdbc5901-9a65-4ef9-8e5e-1bf8199b53bb,c3,c4,1456,?,i1,
1769091498.7101169,FORWARDED,945e8e36-6ce2-4f5d-81b0-ce4b7320f059,fdbc5901-9a65-4ef9-8e5e-1bf8199b53bb,c3,c4,1456,?,i1,
1769091498.742087,FORWARDED,ad6fe61b-525f-4e6e-b21a-a9567a7d5308,77da3cd1-d772-47f1-931f-6a96681a6dca,c3,c4,1456,?,i6,
1769091498.8303232,SENT,c922cab9-3b0a-40aa-8e9f-bda06380cc30,2a60f5e9-5992-4dae-83b7-d9cc09207c80,c1,DROP,1009,?,i9,
1769091498.830365,FORWARDED,c922cab9-3b0a-40aa-8e9f-bda06380cc30,2a60f5e9-5992-4dae-83b7-d9cc09207c80,c1,DROP,1009,?,i9,
1769091498.8607988,RECEIVED,2b2c70df-5682-42cf-933f-a0e2cb9335e6,a197575b-800d-4993-95b4-bfa8acac5e1a,c5,DROP,1459,p2,?,
1769091499.0933692,RECEIVED,8bc72a90-9da1-4eb2-85f5-d3e4e25180d2,4aad2e54-6a0c-4709-8b52-f638215b3808,c3,c4,2041,p3,?,
1769091499.1143649,RECEIVED,93fb2234-26d7-4563-9c7e-5105f7e5de2a,ce3fe52e-c19c-433c-b3de-745f6610f0e8,c3,c4,2043,p3,?,
1769091499.124125,RECEIVED,c5067d17-8cba-487d-a617-fd7fc3a2ef6d,911d3376-2fb3-4387-87a1-65c3e75c9c12,c3,DROP,446,x2,?,
1769091499.1373806,RECEIVED,350c8099-8ae3-43ca-ad59-ddb5d4ff3564,ff5927d5-dd46-4578-ab73-f40713b8ca36,c2,DROP,1456,p2,?,
1769091499.2423172,SENT,8bc72a90-9da1-4eb2-85f5-d3e4e25180d2,4aad2e54-6a0c-4709-8b52-f638215b3808,c3,c4,1456,?,i11,
1769091499.2423584,FORWARDED,8bc72a90-9da1-4eb2-85f5-d3e4e25180d2,4aad2e54-6a0c-4709-8b52-f638215b3808,c3,c4,1456,?,i11,
1769091499.2464619,RECEIVED,2843ee4a-cb39-4441-9b3f-1c227f67b9d9,849ca7fc-0983-44d1-87d4-71e7f8f836f5,c3,c4,2040,p3,?,
1769091499.3352392,RECEIVED,ac6fb0e8-280a-4741-a422-48805def1136,c318fec8-d825-4a9b-bc95-92af4f606a42,c4,DROP,440,x4,?,
1769091499.365755,SENT,3fb57c45-709d-4125-80ff-0a6f3d5e6834,ebb1344e-6401-4090-913d-98601e8e3149,c4,c1,1461,?,i2,
1769091499.3658035,FORWARDED,3fb57c45-709d-4125-80ff-0a6f3d5e6834,ebb1344e-6401-4090-913d-98601e8e3149,c4,c1,1461,?,i2,
1769091499.3834412,RECEIVED,f614a12e-a49e-4f75-8c68-89c3a58a5064,df30316f-a067-459a-a079-534808eb3602,c3,c4,2043,p3,?,
1769091499.4973207,SENT,93fb2234-26d7-4563-9c7e-5105f7e5de2a,ce3fe52e-c19c-433c-b3de-745f6610f0e8,c3,c4,1459,?,i1,
1769091499.4973614,FORWARDED,93fb2234-26d7-4563-9c7e-5105f7e5de2a,ce3fe52e-c19c-433c-b3de-745f6610f0e8,c3,c4,1459,?,i1,
1769091499.5241156,SENT,a365120c-f35e-48f5-bd9c-29d2269d1d11,7500e3f0-2493-4fc0-8952-c54df187a6c9,c3,DROP,1018,?,i7,
1769091499.5241573,FORWARDED,a365120c-f35e-48f5-bd9c-29d2269d1d11,7500e3f0-2493-4fc0-8952-c54df187a6c9,c3,DROP,1018,?,i7,
1769091499.5446012,SENT,2843ee4a-cb39-4441-9b3f-1c227f67b9d9,849ca7fc-0983-44d1-87d4-71e7f8f836f5,c3,c4,1456,?,i7,
1769091499.5446386,FORWARDED,2843ee4a-cb39-4441-9b3f-1c227f67b9d9,849ca7fc-0983-44d1-87d4-71e7f8f836f5,c3,c4,1456,?,i7,
1769091499.7248428,SENT,350c8099-8ae3-43ca-ad59-ddb5d4ff3564,ff5927d5-dd46-4578-ab73-f40713b8ca36,c2,DROP,1019,?,i12,
1769091499.7248847,FORWARDED,350c8099-8ae3-43ca-ad59-ddb5d4ff3564,ff5927d5-dd46-4578-ab73-f40713b8ca36,c2,DROP,1019,?,i12,
1769091500.1484995,SENT,f614a12e-a49e-4f75-8c68-89c3a58a5064,df30316f-a067-459a-a079-534808eb3602,c3,c4,1459,?,i5,
1769091500.1485415,FORWARDED,f614a12e-a49e-4f75-8c68-89c3a58a5064,df30316f-a067-459a-a079-534808eb3602,c3,c4,1459,?,i5,
1769091500.155387,FORWARDED,2b2c70df-5682-42cf-933f-a0e2cb9335e6,a197575b-800d-4993-95b4-bfa8acac5e1a,c5,DROP,1021,?,i6,
1769091500.3736212,RECEIVED,eb4829a4-34ad-432c-8a0a-ae54787a155b,6d09fa0d-6cad-4774-bbaa-dd00ea16cd6b,c3,DROP,1443,p3,?,
1769091500.4938018,SENT,cdaa9a47-c5f0-46d2-ae4d-f1250b4a8427,6515120e-5209-4a67-ad07-76974c4e3e0c,c1,c5,1459,?,i4,
1769091500.493851,FORWARDED,cdaa9a47-c5f0-46d2-ae4d-f1250b4a8427,6515120e-5209-4a67-ad07-76974c4e3e0c,c1,c5,1459,?,i4,
1769091500.5780156,RECEIVED,93c536f5-2d92-489c-89b6-56cfd9435ac7,038f9ed7-abbd-4f92-96dd-c4732ebe2fd8,c1,DROP,1459,p1,?,
1769091500.5976405,SENT,93c536f5-2d92-489c-89b6-56cfd9435ac7,038f9ed7-abbd-4f92-96dd-c4732ebe2fd8,c1,DROP,1020,?,i12,
1769091500.5976834,FORWARDED,93c536f5-2d92-489c-89b6-56cfd9435ac7,038f9ed7-abbd-4f92-96dd-c4732ebe2fd8,c1,DROP,1020,?,i12,
1769091500.7288704,RECEIVED,c479c84a-02e6-4512-b1b4-7e2528bc3ff7,451854be-28aa-41be-a846-e3ff61ef3237,c4,DROP,1459,p1,?,
1769091500.7668765,SENT,eb4829a4-34ad-432c-8a0a-ae54787a155b,6d09fa0d-6cad-4774-bbaa-dd00ea16cd6b,c3,DROP,1011,?,i3,
1769091500.7669191,FORWARDED,eb4829a4-34ad-432c-8a0a-ae54787a155b,6d09fa0d-6cad-4774-bbaa-dd00ea16cd6b,c3,DROP,1011,?,i3,
1769091500.8119245,RECEIVED,c41bd6a7-7e14-46e3-ba86-bf030249f0b8,a2f023ca-1373-48cf-8ee7-2b8ac4c3d8ae,c4,c1,2043,p1,?,
1769091501.2485728,RECEIVED,ef09d872-2f36-4bec-9cc3-3b6788fe5e7c,08bd9b26-517f-4e36-ba3a-fe6f317375da,c1,c5,2031,p1,?,
1769091501.282636,RECEIVED,46e71b22-7df7-4c3f-bae4-e3e581666d7a,aa6a795b-cbec-497a-ad5f-4c0537569a55,c3,c4,2020,p3,?,
1769091501.3335636,SENT,ef09d872-2f36-4bec-9cc3-3b6788fe5e7c,08bd9b26-517f-4e36-ba3a-fe6f317375da,c1,c5,1451,?,i7,
1769091501.333844,FORWARDED,ef09d872-2f36-4bec-9cc3-3b6788fe5e7c,08bd9b26-517f-4e36-ba3a-fe6f317375da,c1,c5,1451,?,i7,
1769091501.3995016,SENT,c479c84a-02e6-4512-b1b4-7e2528bc3ff7,451854be-28aa-41be-a846-e3ff61ef3237,c4,DROP,1021,?,i9,
1769091501.3996012,FORWARDED,c479c84a-02e6-4512-b1b4-7e2528bc3ff7,451854be-28aa-41be-a846-e3ff61ef3237,c4,DROP,1021,?,i9,
1769091501.4896693,SENT,46e71b22-7df7-4c3f-bae4-e3e581666d7a,aa6a795b-cbec-497a-ad5f-4c0537569a55,c3,c4,1443,?,i10,
1769091501.4897053,FORWARDED,46e71b22-7df7-4c3f-bae4-e3e581666d7a,aa6a795b-cbec-497a-ad5f-4c0537569a55,c3,c4,1443,?,i10,
1769091501.7565978,RECEIVED,4aec6f59-37b0-4c6c-b141-1d361ff762ac,95ee637c-a8b5-4678-b143-522a011ff805,c4,c1,2047,p1,?,
1769091501.8358495,SENT,c41bd6a7-7e14-46e3-ba86-bf030249f0b8,a2f023ca-1373-48cf-8ee7-2b8ac4c3d8ae,c4,c1,1460,?,i5,
1769091501.8358903,FORWARDED,c41bd6a7-7e14-46e3-ba86-bf030249f0b8,a2f023ca-1373-48cf-8ee7-2b8ac4c3d8ae,c4,c1,1460,?,i5,
1769091501.955724,SENT,4aec6f59-37b0-4c6c-b141-1d361ff762ac,95ee637c-a8b5-4678-b143-522a011ff805,c4,c1,1463,?,i4,
1769091501.9557729,FORWARDED,4aec6f59-37b0-4c6c-b141-1d361ff762ac,95ee637c-a8b5-4678-b143-522a011ff805,c4,c1,1463,?,i4,
1769091502.001038,RECEIVED,2174d660-fc62-4317-96bb-a3f74f33c222,140dee09-9574-4734-ada0-e2b6eb7953e0,c2,DROP,1451,p2,?,
1769091502.2261968,RECEIVED,6e5537ce-aba6-44d3-ac55-d87e87ee513e,4f41f8f9-8da4-44fb-b42f-e91049edb28e,c1,DROP,1439,p1,?,
1769091502.4095988,RECEIVED,0cc53df3-9c0e-4884-b92a-1dfac101d287,821f75f5-ab53-4901-8308-6e79e587f0ab,c5,c4,2022,p2,?,
1769091502.4497004,RECEIVED,c8740d27-3abe-49ac-a691-ec2cc407cd1e,2c941aba-cdd9-45bb-8c9e-156d97c1772e,c3,DROP,1457,p3,?,
1769091502.5171967,SENT,c8740d27-3abe-49ac-a691-ec2cc407cd1e,2c941aba-cdd9-45bb-8c9e-156d97c1772e,c3,DROP,1020,?,i10,
1769091502.5172408,FORWARDED,c8740d27-3abe-49ac-a691-ec2cc407cd1e,2c941aba-cdd9-45bb-8c9e-156d97c1772e,c3,DROP,1020,?,i10,
1769091502.7456343,SENT,6e5537ce-aba6-44d3-ac55-d87e87ee513e,4f41f8f9-8da4-44fb-b42f-e91049edb28e,c1,DROP,1007,?,i3,
1769091502.7456818,FORWARDED,6e5537ce-aba6-44d3-ac55-d87e87ee513e,4f41f8f9-8da4-44fb-b42f-e91049edb28e,c1,DROP,1007,?,i3,
1769091502.8871384,RECEIVED,51bc0ffb-508b-4211-a1d3-34139eaaf884,a38580b2-bd13-4fc4-92ba-cfbbf0f6e3af,c1,c5,2042,p1,?,
1769091503.039614,RECEIVED,33d84d60-9f72-4a19-825a-a953b58b6dc2,894b10e0-8dea-4a3d-ac38-4a81e14e981d,c2,DROP,441,x10,?,
1769091503.1274214,RECEIVED,efefd5fb-beac-44bb-8237-222ea274e021,3c1a08cc-960e-4589-8bcf-79fb68985ac5,c4,c1,2041,p1,?,
1769091503.2133908,RECEIVED,49abacd7-9be2-43a6-835f-dd47ba83a250,85a29345-68bd-4aec-89be-86b2a9eee0d9,c4,c1,2047,p1,?,
1769091503.3151119,RECEIVED,fc8b549f-2068-46c3-850e-172eee05be78,699e9426-3928-4d39-a7b0-8ccfc25d545c,c1,DROP,1452,p1,?,
1769091503.31616,SENT,49abacd7-9be2-43a6-835f-dd47ba83a250,85a29345-68bd-4aec-89be-86b2a9eee0d9,c4,c1,1463,?,i5,
1769091503.3162022,FORWARDED,49abacd7-9be2-43a6-835f-dd47ba83a250,85a29345-68bd-4aec-89be-86b2a9eee0d9,c4,c1,1463,?,i5,
1769091503.4642658,RECEIVED,c79b6691-d831-4d04-a576-9cdfa3892ea5,885de7b1-4bf3-4849-8537-14eee9b3a856,c5,c4,2040,p2,?,
1769091503.4667528,RECEIVED,fc6404a4-96e4-4caa-b2cb-a0f63d3ea17a,860e7d2b-c879-4b14-b83e-98006f863f65,c3,DROP,1456,p3,?,
1769091503.4908242,FORWARDED,2174d660-fc62-4317-96bb-a3f74f33c222,140dee09-9574-4734-ada0-e2b6eb7953e0,c2,DROP,1015,?,i6,
1769091503.5376372,SENT,efefd5fb-beac-44bb-8237-222ea274e021,3c1a08cc-960e-4589-8bcf-79fb68985ac5,c4,c1,1456,?,i11,
1769091503.537679,FORWARDED,efefd5fb-beac-44bb-8237-222ea274e021,3c1a08cc-960e-4589-8bcf-79fb68985ac5,c4,c1,1456,?,i11,
1769091503.5874743,SENT,c79b6691-d831-4d04-a576-9cdfa3892ea5,885de7b1-4bf3-4849-8537-14eee9b3a856,c5,c4,1456,?,i5,
1769091503.5875142,FORWARDED,c79b6691-d831-4d04-a576-9cdfa3892ea5,885de7b1-4bf3-4849-8537-14eee9b3a856,c5,c4,1456,?,i5,
1769091503.6088977,FORWARDED,51bc0ffb-508b-4211-a1d3-34139eaaf884,a38580b2-bd13-4fc4-92ba-cfbbf0f6e3af,c1,c5,1459,?,i6,
1769091503.6548471,RECEIVED,538e7f65-0567-4002-95f0-fe14b8672958,fd9e0b69-8637-468b-8f5d-f34e3db7986c,c2,c1,2032,p2,?,
1769091503.6678753,SENT,fc8b549f-2068-46c3-850e-172eee05be78,699e9426-3928-4d39-a7b0-8ccfc25d545c,c1,DROP,1015,?,i3,
1769091503.6679158,FORWARDED,fc8b549f-2068-46c3-850e-172eee05be78,699e9426-3928-4d39-a7b0-8ccfc25d545c,c1,DROP,1015,?,i3,
1769091503.8155482,RECEIVED,7030695b-cf53-431f-a7aa-e2f90badba5f,0e96e84a-3dc9-4b6d-8150-c0853d0ba31c,c2,c1,2044,p2,?,
1769091503.8606994,RECEIVED,7cd72ab3-6c12-4399-bb9b-0333edfec694,fc0218cf-0bde-4ab0-a6a7-9302115968aa,c3,c4,2041,p3,?,
1769091503.889016,SENT,7cd72ab3-6c12-4399-bb9b-0333edfec694,fc0218cf-0bde-4ab0-a6a7-9302115968aa,c3,c4,1456,?,i9,
1769091503.889064,FORWARDED,7cd72ab3-6c12-4399-bb9b-0333edfec694,fc0218cf-0bde-4ab0-a6a7-9302115968aa,c3,c4,1456,?,i9,
1769091503.9092658,RECEIVED,66dd037d-1451-4847-8110-4dde088b24fd,fc1c00e7-76b6-4ee8-9e6b-b4b0502daffb,c3,DROP,1439,p3,?,
1769091503.9350429,SENT,7030695b-cf53-431f-a7aa-e2f90badba5f,0e96e84a-3dc9-4b6d-8150-c0853d0ba31c,c2,c1,1460,?,i7,
1769091503.935092,FORWARDED,7030695b-cf53-431f-a7aa-e2f90badba5f,0e96e84a-3dc9-4b6d-8150-c0853d0ba31c,c2,c1,1460,?,i7,
1769091503.9483306,SENT,66dd037d-1451-4847-8110-4dde088b24fd,fc1c00e7-76b6-4ee8-9e6b-b4b0502daffb,c3,DROP,1007,?,i9,
1769091503.948373,FORWARDED,66dd037d-1451-4847-8110-4dde088b24fd,fc1c00e7-76b6-4ee8-9e6b-b4b0502daffb,c3,DROP,1007,?,i9,
1769091504.164626,SENT,0cc53df3-9c0e-4884-b92a-1dfac101d287,821f75f5-ab53-4901-8308-6e79e587f0ab,c5,c4,1444,?,i1,
1769091504.1646676,FORWARDED,0cc53df3-9c0e-4884-b92a-1dfac101d287,821f75f5-ab53-4901-8308-6e79e587f0ab,c5,c4,1444,?,i1,
1769091504.2321186,SENT,538e7f65-0567-4002-95f0-fe14b8672958,fd9e0b69-8637-468b-8f5d-f34e3db7986c,c2,c1,1452,?,i11,
1769091504.2321587,FORWARDED,538e7f65-0567-4002-95f0-fe14b8672958,fd9e0b69-8637-468b-8f5d-f34e3db7986c,c2,c1,1452,?,i11,
1769091504.4437644,SENT,fc6404a4-96e4-4caa-b2cb-a0f63d3ea17a,860e7d2b-c879-4b14-b83e-98006f863f65,c3,DROP,1019,?,i12,
1769091504.4438066,FORWARDED,fc6404a4-96e4-4caa-b2cb-a0f63d3ea17a,860e7d2b-c879-4b14-b83e-98006f863f65,c3,DROP,1019,?,i12,
1769091504.5198736,RECEIVED,489c59a2-14d3-456e-b186-240cd11bbc0d,e20d98a0-e4d5-4964-aeb3-5c60bb0e6d21,c4,c1,2047,p1,?,
1769091504.5723188,RECEIVED,0e339672-6a37-4049-89b4-25a8a66a932b,60a1caa7-3968-4709-934a-3328098a9bfb,c2,c1,2024,p2,?,
1769091504.6886306,SENT,0e339672-6a37-4049-89b4-25a8a66a932b,60a1caa7-3968-4709-934a-3328098a9bfb,c2,c1,1444,?,i4,
1769091504.6886723,FORWARDED,0e339672-6a37-4049-89b4-25a8a66a932b,60a1caa7-3968-4709-934a-3328098a9bfb,c2,c1,1444,?,i4,
1769091504.773221,RECEIVED,42cea103-0e7f-40e2-adc2-229b11e19d86,cec97b6f-9eea-4511-900e-1d416f95e908,c5,c4,2039,p2,?,
1769091504.7873304,RECEIVED,e0bd848a-f655-492a-86d5-192d88f847ed,698a09ed-5e12-4f7f-b6cb-af50131d61be,c1,c5,2049,p1,?,
1769091504.8915386,SENT,e0bd848a-f655-492a-86d5-192d88f847ed,698a09ed-5e12-4f7f-b6cb-af50131d61be,c1,c5,1463,?,i12,
1769091504.8918877,FORWARDED,e0bd848a-f655-492a-86d5-192d88f847ed,698a09ed-5e12-4f7f-b6cb-af50131d61be,c1,c5,1463,?,i12,
1769091504.9002142,RECEIVED,55e4b718-c9bc-42b0-9212-d31299dfa2eb,ca2f8149-9958-498f-9d6d-599645b16984,c2,DROP,1448,p2,?,
1769091504.9965515,SENT,55e4b718-c9bc-42b0-9212-d31299dfa2eb,ca2f8149-9958-498f-9d6d-599645b16984,c2,DROP,1012,?,i4,
1769091504.9965894,FORWARDED,55e4b718-c9bc-42b0-9212-d31299dfa2eb,ca2f8149-9958-498f-9d6d-599645b16984,c2,DROP,1012,?,i4,
1769091505.0905292,SENT,489c59a2-14d3-456e-b186-240cd11bbc0d,e20d98a0-e4d5-4964-aeb3-5c60bb0e6d21,c4,c1,1464,?,i9,
1769091505.0905771,FORWARDED,489c59a2-14d3-456e-b186-240cd11bbc0d,e20d98a0-e4d5-4964-aeb3-5c60bb0e6d21,c4,c1,1464,?,i9,
1769091505.3582735,SENT,42cea103-0e7f-40e2-adc2-229b11e19d86,cec97b6f-9eea-4511-900e-1d416f95e908,c5,c4,1456,?,i9,
1769091505.358314,FORWARDED,42cea103-0e7f-40e2-adc2-229b11e19d86,cec97b6f-9eea-4511-900e-1d416f95e908,c5,c4,1456,?,i9,
1769091505.4398031,RECEIVED,0071bcf7-0882-4ba6-b6c9-c8d3ed36db4c,868f82b4-243f-40bd-9575-c793686100cb,c1,DROP,1439,p1,?,
1769091505.5316355,RECEIVED,61264b25-4370-4fbd-8962-bd39f3fdb141,ce0aa2bf-ec07-40dc-9a29-12ffcdff72df,c3,DROP,1440,p3,?,
1769091505.6148808,SENT,61264b25-4370-4fbd-8962-bd39f3fdb141,ce0aa2bf-ec07-40dc-9a29-12ffcdff72df,c3,DROP,1008,?,i9,
1769091505.6149225,FORWARDED,61264b25-4370-4fbd-8962-bd39f3fdb141,ce0aa2bf-ec07-40dc-9a29-12ffcdff72df,c3,DROP,1008,?,i9,
1769091505.6323128,RECEIVED,3e2eb6ca-b2ed-49e2-9ca3-69848ecf0065,158c5f2f-c697-4ef0-b6c6-bbedf73197b5,c1,DROP,1439,p1,?,
1769091505.6641002,RECEIVED,e1be6d62-388f-4eb2-b8ca-907bb94b6df0,e43b81af-8ac5-47f7-8fe3-7f839d9ff767,c4,DROP,442,x9,?,
1769091505.873901,RECEIVED,83f7a6a7-1d13-4337-bd41-b4097799bbc5,bb9f6abb-d33a-4d53-b777-76a55438d955,c3,DROP,441,x2,?,
1769091506.075913,SENT,3e2eb6ca-b2ed-49e2-9ca3-69848ecf0065,158c5f2f-c697-4ef0-b6c6-bbedf73197b5,c1,DROP,1007,?,i4,
1769091506.075957,FORWARDED,3e2eb6ca-b2ed-49e2-9ca3-69848ecf0065,158c5f2f-c697-4ef0-b6c6-bbedf73197b5,c1,DROP,1007,?,i4,
1769091506.2165926,RECEIVED,740f9494-3267-4f41-8494-96cf41fee929,d624c0c7-28b8-437d-8bfc-e8d10ff267b6,c2,c1,2043,p2,?,
1769091506.3140104,SENT,0071bcf7-0882-4ba6-b6c9-c8d3ed36db4c,868f82b4-243f-40bd-9575-c793686100cb,c1,DROP,1008,?,i2,
1769091506.3140638,FORWARDED,0071bcf7-0882-4ba6-b6c9-c8d3ed36db4c,868f82b4-243f-40bd-9575-c793686100cb,c1,DROP,1008,?,i2,
1769091506.4876406,RECEIVED,c4514cc4-ca8b-4c70-ada5-f9596984ce4b,4d72d097-4bf6-42b7-b06c-867c124277a2,c2,DROP,442,x5,?,
1769091506.5322394,RECEIVED,22382368-7e77-4d40-869d-2b413d869b06,44317c74-48cc-43b5-9e4c-6722b270c318,c4,c1,2035,p1,?,
1769091506.6182723,RECEIVED,b283e60c-1890-436b-b788-fca71657bace,ffc7cdcd-c465-4ade-a6be-3b5197ce5276,c4,c1,2049,p1,?,
1769091506.78903,SENT,22382368-7e77-4d40-869d-2b413d869b06,44317c74-48cc-43b5-9e4c-6722b270c318,c4,c1,1455,?,i11,
1769091506.7890885,FORWARDED,22382368-7e77-4d40-869d-2b413d869b06,44317c74-48cc-43b5-9e4c-6722b270c318,c4,c1,1455,?,i11,
1769091506.8295183,SENT,740f9494-3267-4f41-8494-96cf41fee929,d624c0c7-28b8-437d-8bfc-e8d10ff267b6,c2,c1,1459,?,i3,
1769091506.8295603,FORWARDED,740f9494-3267-4f41-8494-96cf41fee929,d624c0c7-28b8-437d-8bfc-e8d10ff267b6,c2,c1,1459,?,i3,
1769091507.071294,SENT,b283e60c-1890-436b-b788-fca71657bace,ffc7cdcd-c465-4ade-a6be-3b5197ce5276,c4,c1,1462,?,i10,
1769091507.0713334,FORWARDED,b283e60c-1890-436b-b788-fca71657bace,ffc7cdcd-c465-4ade-a6be-3b5197ce5276,c4,c1,1462,?,i10,
1769091507.1808681,RECEIVED,2d9ca822-1114-47d2-a6c8-a21a366004a3,27905e53-91a2-4ec5-961e-dfe8f8b1e222,c1,c5,2032,p1,?,
1769091507.3425996,RECEIVED,bf723247-bcb1-48a9-bb7e-2461de3b745f,d32fba8d-5de3-4907-969e-592f1c4bfb4a,c2,DROP,1452,p2,?,
1769091507.488801,RECEIVED,48ff723f-9ca3-4e15-b916-4a6b4579bb95,fdfa5928-9477-4f90-8732-a7ddd0717433,c2,c1,2032,p2,?,
1769091507.5846512,FORWARDED,48ff723f-9ca3-4e15-b916-4a6b4579bb95,fdfa5928-9477-4f90-8732-a7ddd0717433,c2,c1,1451,?,i6,
1769091507.7159197,RECEIVED,07c0ff0e-db75-44e0-a396-2186e91e3675,a8501d5c-4928-4843-b545-e7cdb2909381,c5,DROP,1447,p2,?,
1769091507.7550542,SENT,bf723247-bcb1-48a9-bb7e-2461de3b745f,d32fba8d-5de3-4907-969e-592f1c4bfb4a,c2,DROP,1015,?,i2,
1769091507.7550972,FORWARDED,bf723247-bcb1-48a9-bb7e-2461de3b745f,d32fba8d-5de3-4907-969e-592f1c4bfb4a,c2,DROP,1015,?,i2,
1769091507.9316437,SENT,2d9ca822-1114-47d2-a6c8-a21a366004a3,27905e53-91a2-4ec5-961e-dfe8f8b1e222,c1,c5,1452,?,i12,
1769091507.931701,FORWARDED,2d9ca822-1114-47d2-a6c8-a21a366004a3,27905e53-91a2-4ec5-961e-dfe8f8b1e222,c1,c5,1452,?,i12,
1769091507.9974573,RECEIVED,38b6f3c3-4538-49b6-a572-08549e61acbd,0f4dd1ae-b129-440d-b735-5a91286015be,c2,DROP,442,x11,?,
1769091508.2002304,SENT,07c0ff0e-db75-44e0-a396-2186e91e3675,a8501d5c-4928-4843-b545-e7cdb2909381,c5,DROP,1012,?,i8,
1769091508.200272,FORWARDED,07c0ff0e-db75-44e0-a396-2186e91e3675,a8501d5c-4928-4843-b545-e7cdb2909381,c5,DROP,1012,?,i8,
1769091508.303928,RECEIVED,766a116d-6947-4aee-acff-0fe54002c794,c9cff0ab-9658-493b-983f-28961c6623b9,c2,DROP,1456,p2,?,
1769091508.397755,RECEIVED,4d9f0953-7f39-4636-a533-179625cb205a,52e4e9dc-2e89-47a0-8f3f-9b400cb24217,c5,c4,2039,p2,?,
1769091508.4804924,RECEIVED,5517d42b-f965-4b62-b200-7653d79e513e,72ccd59f-d888-4f78-83dd-39d6c5973bfc,c2,c1,2028,p2,?,
1769091508.5362084,RECEIVED,70c25b52-bfb4-4aca-98c0-47ab4d644451,e1fbb17e-ad99-44aa-ad21-ccce9eff1920,c3,c4,2045,p3,?,
1769091508.615171,SENT,70c25b52-bfb4-4aca-98c0-47ab4d644451,e1fbb17e-ad99-44aa-ad21-ccce9eff1920,c3,c4,1459,?,i7,
1769091508.6152103,FORWARDED,70c25b52-bfb4-4aca-98c0-47ab4d644451,e1fbb17e-ad99-44aa-ad21-ccce9eff1920,c3,c4,1459,?,i7,
1769091508.6245258,RECEIVED,5537f288-8a86-4e48-aa92-8cac0c64b960,30b9df0a-a538-43f3-80cd-a4e50465f135,c4,DROP,441,x6,?,
1769091508.685984,RECEIVED,819b39f7-09ea-4ad1-a21f-4eb1ee046bd3,0faeef27-3ba3-4aa4-a943-03e84b7d37d0,c5,c4,2035,p2,?,
1769091508.812833,FORWARDED,5517d42b-f965-4b62-b200-7653d79e513e,72ccd59f-d888-4f78-83dd-39d6c5973bfc,c2,c1,1448,?,i6,
1769091508.8183687,RECEIVED,76bc3804-ecfd-41d9-b082-652f30739804,f44e89b3-0740-4bc3-93fe-569ec77b3c3e,c1,c5,2047,p1,?,
1769091508.9105814,SENT,4d9f0953-7f39-4636-a533-179625cb205a,52e4e9dc-2e89-47a0-8f3f-9b400cb24217,c5,c4,1456,?,i7,
1769091508.910618,FORWARDED,4d9f0953-7f39-4636-a533-179625cb205a,52e4e9dc-2e89-47a0-8f3f-9b400cb24217,c5,c4,1456,?,i7,
1769091508.9850237,RECEIVED,b9337187-7391-42d9-997e-2b8c4915d2e0,49a984a8-a2c0-4196-9fc4-fbac64566b16,c1,DROP,1456,p1,?,
1769091509.051889,RECEIVED,6310f963-1db6-49ac-9895-3f633275cf5e,4ad0ac9f-5bb6-4ce8-8dfa-6901d639a619,c1,DROP,1447,p1,?,
1769091509.103266,RECEIVED,4066452e-2a3a-4eb9-b7c1-1b34ecbef80c,c92bcf45-5c94-4412-b082-004fa7f70165,c1,c5,2028,p1,?,
1769091509.1162443,SENT,b9337187-7391-42d9-997e-2b8c4915d2e0,49a984a8-a2c0-4196-9fc4-fbac64566b16,c1,DROP,1019,?,i8,
1769091509.1162863,FORWARDED,b9337187-7391-42d9-997e-2b8c4915d2e0,49a984a8-a2c0-4196-9fc4-fbac64566b16,c1,DROP,1019,?,i8,
1769091509.1740007,SENT,4066452e-2a3a-4eb9-b7c1-1b34ecbef80c,c92bcf45-5c94-4412-b082-004fa7f70165,c1,c5,1447,?,i7,
1769091509.1740417,FORWARDED,4066452e-2a3a-4eb9-b7c1-1b34ecbef80c,c92bcf45-5c94-4412-b082-004fa7f70165,c1,c5,1447,?,i7,
1769091509.287357,SENT,766a116d-6947-4aee-acff-0fe54002c794,c9cff0ab-9658-493b-983f-28961c6623b9,c2,DROP,1019,?,i12,
1769091509.2873998,FORWARDED,766a116d-6947-4aee-acff-0fe54002c794,c9cff0ab-9658-493b-983f-28961c6623b9,c2,DROP,1019,?,i12,
1769091509.3554685,RECEIVED,f459f743-41cc-4258-8a84-aa067ccb995b,f6836119-1c3e-4a16-a98d-c5ef051435c5,c4,c1,2028,p1,?,
1769091509.369332,SENT,6310f963-1db6-49ac-9895-3f633275cf5e,4ad0ac9f-5bb6-4ce8-8dfa-6901d639a619,c1,DROP,1012,?,i8,
1769091509.3693743,FORWARDED,6310f963-1db6-49ac-9895-3f633275cf5e,4ad0ac9f-5bb6-4ce8-8dfa-6901d639a619,c1,DROP,1012,?,i8,
1769091509.440244,SENT,f459f743-41cc-4258-8a84-aa067ccb995b,f6836119-1c3e-4a16-a98d-c5ef051435c5,c4,c1,1447,?,i1,
1769091509.4402869,FORWARDED,f459f743-41cc-4258-8a84-aa067ccb995b,f6836119-1c3e-4a16-a98d-c5ef051435c5,c4,c1,1447,?,i1,
1769091509.514157,RECEIVED,4e0040f7-2530-47a7-9cd9-245ba0e9d374,6a239a7b-3bb9-4707-9b92-dc8b4c4be736,c1,c5,2045,p1,?,
1769091509.5658336,RECEIVED,cc0e4bac-93e5-42f1-ac05-79732d8d803d,0ecfa1b9-66d9-4379-8419-b3a5e6fc58fb,c2,c1,2027,p2,?,
1769091509.5894117,SENT,4e0040f7-2530-47a7-9cd9-245ba0e9d374,6a239a7b-3bb9-4707-9b92-dc8b4c4be736,c1,c5,1460,?,i10,
1769091509.589454,FORWARDED,4e0040f7-2530-47a7-9cd9-245ba0e9d374,6a239a7b-3bb9-4707-9b92-dc8b4c4be736,c1,c5,1460,?,i10,
1769091509.6344857,RECEIVED,66425dd2-0290-482f-966a-b346e2f32336,c415f25c-44d4-49ed-bc72-d36618d5bacd,c3,DROP,1444,p3,?,
1769091509.7256422,SENT,cc0e4bac-93e5-42f1-ac05-79732d8d803d,0ecfa1b9-66d9-4379-8419-b3a5e6fc58fb,c2,c1,1447,?,i2,
1769091509.7256832,FORWARDED,cc0e4bac-93e5-42f1-ac05-79732d8d803d,0ecfa1b9-66d9-4379-8419-b3a5e6fc58fb,c2,c1,1447,?,i2,
1769091509.9700036,SENT,66425dd2-0290-482f-966a-b346e2f32336,c415f25c-44d4-49ed-bc72-d36618d5bacd,c3,DROP,1009,?,i10,
1769091509.9700568,FORWARDED,66425dd2-0290-482f-966a-b346e2f32336,c415f25c-44d4-49ed-bc72-d36618d5bacd,c3,DROP,1009,?,i10,
1769091510.1504033,RECEIVED,a4aee32a-4432-47e5-a79c-df1cda0207ec,aa199123-e489-4739-a5b1-958c5ac9ee12,c3,DROP,1451,p3,?,
1769091510.1637115,RECEIVED,e2553796-9f8a-4e37-be2e-1f9877cf02c1,a5e78b6d-853f-4843-8a7f-092e2c3ee5e5,c1,c5,2037,p1,?,
1769091510.1917777,SENT,e2553796-9f8a-4e37-be2e-1f9877cf02c1,a5e78b6d-853f-4843-8a7f-092e2c3ee5e5,c1,c5,1455,?,i1,
1769091510.1918209,FORWARDED,e2553796-9f8a-4e37-be2e-1f9877cf02c1,a5e78b6d-853f-4843-8a7f-092e2c3ee5e5,c1,c5,1455,?,i1,
1769091510.2828772,SENT,76bc3804-ecfd-41d9-b082-652f30739804,f44e89b3-0740-4bc3-93fe-569ec77b3c3e,c1,c5,1462,?,i11,
1769091510.2829282,FORWARDED,76bc3804-ecfd-41d9-b082-652f30739804,f44e89b3-0740-4bc3-93fe-569ec77b3c3e,c1,c5,1462,?,i11,
1769091510.3102362,RECEIVED,73da5ce6-8e1b-4790-b3e6-c5932a1ebf80,d37ac19a-168a-4f83-ad6a-ff40ef90ca46,c5,c4,2051,p2,?,
1769091510.4169803,SENT,73da5ce6-8e1b-4790-b3e6-c5932a1ebf80,d37ac19a-168a-4f83-ad6a-ff40ef90ca46,c5,c4,1467,?,i3,
1769091510.4170177,FORWARDED,73da5ce6-8e1b-4790-b3e6-c5932a1ebf80,d37ac19a-168a-4f83-ad6a-ff40ef90ca46,c5,c4,1467,?,i3,
1769091510.438937,RECEIVED,53d6f4a1-9264-454a-b320-b3cb4ebaba3f,d098cc9c-3d7a-44b9-ae86-9c138fc0130f,c2,c1,2040,p2,?,
1769091510.5199757,FORWARDED,53d6f4a1-9264-454a-b320-b3cb4ebaba3f,d098cc9c-3d7a-44b9-ae86-9c138fc0130f,c2,c1,1457,?,i6,
1769091510.5232122,RECEIVED,f6a283fe-3fba-4a0b-b5a2-d3b6bd0194f4,4b308e08-df3a-47dd-8f9e-182868420018,c2,c1,2043,p2,?,
1769091510.6311111,FORWARDED,819b39f7-09ea-4ad1-a21f-4eb1ee046bd3,0faeef27-3ba3-4aa4-a943-03e84b7d37d0,c5,c4,1455,?,i6,
1769091510.7730114,SENT,f6a283fe-3fba-4a0b-b5a2-d3b6bd0194f4,4b308e08-df3a-47dd-8f9e-182868420018,c2,c1,1459,?,i7,
1769091510.773094,FORWARDED,f6a283fe-3fba-4a0b-b5a2-d3b6bd0194f4,4b308e08-df3a-47dd-8f9e-182868420018,c2,c1,1459,?,i7,
1769091510.7796311,SENT,a4aee32a-4432-47e5-a79c-df1cda0207ec,aa199123-e489-4739-a5b1-958c5ac9ee12,c3,DROP,1015,?,i9,
1769091510.7796738,FORWARDED,a4aee32a-4432-47e5-a79c-df1cda0207ec,aa199123-e489-4739-a5b1-958c5ac9ee12,c3,DROP,1015,?,i9,
1769091511.2466755,RECEIVED,d48e073b-7b2e-4790-b23a-f4a3b9e98b66,069277ac-605b-446a-811d-d5f75671c351,c1,c5,2019,p1,?,
1769091511.374507,RECEIVED,f76a089c-9132-42d7-8f8d-606e62d5235b,b27f53cb-0f1d-4101-a41b-60a3e50f912f,c2,c1,2040,p2,?,
1769091511.8050146,SENT,f76a089c-9132-42d7-8f8d-606e62d5235b,b27f53cb-0f1d-4101-a41b-60a3e50f912f,c2,c1,1456,?,i10,
1769091511.8050692,FORWARDED,f76a089c-9132-42d7-8f8d-606e62d5235b,b27f53cb-0f1d-4101-a41b-60a3e50f912f,c2,c1,1456,?,i10,
1769091511.8212507,RECEIVED,80d7d38e-0877-4038-962e-65122c5f0847,f47fa755-f31f-4124-bafe-52242c00de85,c2,c1,2040,p2,?,
1769091512.0015264,SENT,80d7d38e-0877-4038-962e-65122c5f0847,f47fa755-f31f-4124-bafe-52242c00de85,c2,c1,1457,?,i2,
1769091512.0015805,FORWARDED,80d7d38e-0877-4038-962e-65122c5f0847,f47fa755-f31f-4124-bafe-52242c00de85,c2,c1,1457,?,i2,
1769091512.0472424,FORWARDED,d48e073b-7b2e-4790-b23a-f4a3b9e98b66,069277ac-605b-446a-811d-d5f75671c351,c1,c5,1443,?,i6,
1769091512.0485337,RECEIVED,d21db952-f48a-4905-8e96-27bd3179bd53,4240b0b8-37aa-4147-a9c5-388b6b575123,c5,c4,2033,p2,?,
1769091512.1065385,SENT,d21db952-f48a-4905-8e96-27bd3179bd53,4240b0b8-37aa-4147-a9c5-388b6b575123,c5,c4,1450,?,i9,
1769091512.1065822,FORWARDED,d21db952-f48a-4905-8e96-27bd3179bd53,4240b0b8-37aa-4147-a9c5-388b6b575123,c5,c4,1450,?,i9,
1769091512.1393778,RECEIVED,dba42e49-bc45-4fe3-a40d-574d6647df16,b9f76082-f3a0-4c68-a238-24a5ecc551d1,c5,c4,2040,p2,?,
1769091512.2859833,RECEIVED,ccba476f-2702-4238-a2bc-e1002804d7fe,f3dddf3b-7f16-47f0-a275-c9f2ded83067,c3,c4,2036,p3,?,
1769091512.31984,RECEIVED,6a57a48e-e425-4387-af60-df3e6ee5d320,531d5e7b-7c7e-4f28-934f-6cdc635acd66,c1,c5,2040,p1,?,
1769091512.3665977,RECEIVED,065d1f98-e5de-4383-b806-818ced303f05,f04239c8-a041-4e6b-a101-ca0ea336bb98,c4,DROP,1456,p1,?,
1769091512.378983,RECEIVED,1761cf59-c865-480b-92b6-4055c0f7c89c,e4e26669-8c0b-48c3-bef5-07077e219899,c3,c4,2039,p3,?,
1769091512.3966691,SENT,ccba476f-2702-4238-a2bc-e1002804d7fe,f3dddf3b-7f16-47f0-a275-c9f2ded83067,c3,c4,1455,?,i9,
1769091512.3967044,FORWARDED,ccba476f-2702-4238-a2bc-e1002804d7fe,f3dddf3b-7f16-47f0-a275-c9f2ded83067,c3,c4,1455,?,i9,
1769091512.400448,SENT,6a57a48e-e425-4387-af60-df3e6ee5d320,531d5e7b-7c7e-4f28-934f-6cdc635acd66,c1,c5,1456,?,i1,
1769091512.4004912,FORWARDED,6a57a48e-e425-4387-af60-df3e6ee5d320,531d5e7b-7c7e-4f28-934f-6cdc635acd66,c1,c5,1456,?,i1,
1769091512.4772704,RECEIVED,a95cc7aa-11da-46b4-baea-fcbe6f1576ed,a53f8b06-c8a4-47b2-a038-8b0eea8b939b,c4,DROP,445,x11,?,
1769091512.4852126,RECEIVED,a57e3dbe-2585-4e2c-b3b3-ae0446bdeb1e,329b9991-4f26-454b-8722-24133dbdcc20,c3,c4,2049,p3,?,
1769091512.5173364,RECEIVED,01cf5042-0a23-41a6-a552-57ebc654ad8f,f1966b12-421f-4a02-ad23-e1eaac02def1,c2,c1,2036,p2,?,
1769091512.5706716,SENT,065d1f98-e5de-4383-b806-818ced303f05,f04239c8-a041-4e6b-a101-ca0ea336bb98,c4,DROP,1018,?,i7,
1769091512.5707092,FORWARDED,065d1f98-e5de-4383-b806-818ced303f05,f04239c8-a041-4e6b-a101-ca0ea336bb98,c4,DROP,1018,?,i7,
1769091512.7708957,SENT,dba42e49-bc45-4fe3-a40d-574d6647df16,b9f76082-f3a0-4c68-a238-24a5ecc551d1,c5,c4,1456,?,i11,
1769091512.7709384,FORWARDED,dba42e49-bc45-4fe3-a40d-574d6647df16,b9f76082-f3a0-4c68-a238-24a5ecc551d1,c5,c4,1456,?,i11,
1769091512.8009667,RECEIVED,cfcbc0db-7333-4b7f-ac08-57bfb440a4ab,2480bf8c-d656-40d6-9492-af281d95857c,c5,c4,2040,p2,?,
1769091512.8150666,SENT,01cf5042-0a23-41a6-a552-57ebc654ad8f,f1966b12-421f-4a02-ad23-e1eaac02def1,c2,c1,1455,?,i10,
1769091512.8151665,FORWARDED,01cf5042-0a23-41a6-a552-57ebc654ad8f,f1966b12-421f-4a02-ad23-e1eaac02def1,c2,c1,1455,?,i10,
1769091512.9223197,SENT,a57e3dbe-2585-4e2c-b3b3-ae0446bdeb1e,329b9991-4f26-454b-8722-24133dbdcc20,c3,c4,1464,?,i11,
1769091512.922363,FORWARDED,a57e3dbe-2585-4e2c-b3b3-ae0446bdeb1e,329b9991-4f26-454b-8722-24133dbdcc20,c3,c4,1464,?,i11,
1769091512.9359908,RECEIVED,7cbaf4f2-df37-4404-9bfb-9ea81f8d491e,c26038fe-53f3-4b35-adf7-04fdb0e29947,c1,c5,2035,p1,?,
1769091513.0911262,SENT,cfcbc0db-7333-4b7f-ac08-57bfb440a4ab,2480bf8c-d656-40d6-9492-af281d95857c,c5,c4,1456,?,i4,
1769091513.0911696,FORWARDED,cfcbc0db-7333-4b7f-ac08-57bfb440a4ab,2480bf8c-d656-40d6-9492-af281d95857c,c5,c4,1456,?,i4,
1769091513.1525056,RECEIVED,a1e9975e-bedd-4320-9da0-ac84a1a2567f,48f6a13e-2bfe-4ce4-927d-3d26e728f57b,c2,c1,2032,p2,?,
1769091513.1655016,RECEIVED,25f63667-7102-482a-b9ed-51d0a216499c,88d7c056-23cb-4e71-8672-cec38c4c2ab9,c2,c1,2035,p2,?,
1769091513.412613,SENT,a1e9975e-bedd-4320-9da0-ac84a1a2567f,48f6a13e-2bfe-4ce4-927d-3d26e728f57b,c2,c1,1452,?,i3,
1769091513.412656,FORWARDED,a1e9975e-bedd-4320-9da0-ac84a1a2567f,48f6a13e-2bfe-4ce4-927d-3d26e728f57b,c2,c1,1452,?,i3,
1769091513.4465432,RECEIVED,bedfe8ba-4df1-4160-8100-8698ecb82df8,efd79908-24f8-4659-bb04-3e5dc06b143c,c1,c5,2036,p1,?,
1769091513.4974725,RECEIVED,190d72ba-18e4-4568-8f4e-d3495400e356,fb0f3e2e-81d0-4a26-8c97-1e14f4a221b5,c1,DROP,1439,p1,?,
1769091513.5234013,RECEIVED,b5de106f-7cfb-47ea-8a0c-bf53092c1891,a7980aec-63d7-4741-940a-3c346b00f146,c2,c1,2040,p2,?,
1769091513.6160574,FORWARDED,b5de106f-7cfb-47ea-8a0c-bf53092c1891,a7980aec-63d7-4741-940a-3c346b00f146,c2,c1,1456,?,i6,
1769091513.7870078,SENT,1761cf59-c865-480b-92b6-4055c0f7c89c,e4e26669-8c0b-48c3-bef5-07077e219899,c3,c4,1456,?,i1,
1769091513.7877698,FORWARDED,1761cf59-c865-480b-92b6-4055c0f7c89c,e4e26669-8c0b-48c3-bef5-07077e219899,c3,c4,1456,?,i1,
1769091513.8130863,SENT,7cbaf4f2-df37-4404-9bfb-9ea81f8d491e,c26038fe-53f3-4b35-adf7-04fdb0e29947,c1,c5,1453,?,i1,
1769091513.813128,FORWARDED,7cbaf4f2-df37-4404-9bfb-9ea81f8d491e,c26038fe-53f3-4b35-adf7-04fdb0e29947,c1,c5,1453,?,i1,
1769091513.8805401,RECEIVED,d828a419-5f44-4eda-a9a2-a0d1e4142fe9,79a76a73-bd7c-4455-be50-c24da7a05366,c3,DROP,1439,p3,?,
1769091513.9055903,SENT,190d72ba-18e4-4568-8f4e-d3495400e356,fb0f3e2e-81d0-4a26-8c97-1e14f4a221b5,c1,DROP,1008,?,i4,
1769091513.9056325,FORWARDED,190d72ba-18e4-4568-8f4e-d3495400e356,fb0f3e2e-81d0-4a26-8c97-1e14f4a221b5,c1,DROP,1008,?,i4,
1769091514.0781798,RECEIVED,2fb75ff0-0b1a-4196-8e11-a779759c8167,c7770ea0-cc8c-4f4c-a782-e75551185d58,c2,c1,2035,p2,?,
1769091514.0909173,SENT,bedfe8ba-4df1-4160-8100-8698ecb82df8,efd79908-24f8-4659-bb04-3e5dc06b143c,c1,c5,1455,?,i11,
1769091514.0909586,FORWARDED,bedfe8ba-4df1-4160-8100-8698ecb82df8,efd79908-24f8-4659-bb04-3e5dc06b143c,c1,c5,1455,?,i11,
1769091514.140938,RECEIVED,93089ce6-418f-4962-b9e7-2baabc04bf08,0083a04a-859c-495d-88c8-7db6592b249b,c4,c1,2036,p1,?,
1769091514.2353666,RECEIVED,ef5ca010-d36e-46d4-824b-f739d165e683,a6814619-3c46-4263-bad1-06557e45c2d3,c4,c1,2036,p1,?,
1769091514.327308,SENT,ef5ca010-d36e-46d4-824b-f739d165e683,a6814619-3c46-4263-bad1-06557e45c2d3,c4,c1,1453,?,i7,
1769091514.327346,FORWARDED,ef5ca010-d36e-46d4-824b-f739d165e683,a6814619-3c46-4263-bad1-06557e45c2d3,c4,c1,1453,?,i7,
1769091514.3464978,SENT,93089ce6-418f-4962-b9e7-2baabc04bf08,0083a04a-859c-495d-88c8-7db6592b249b,c4,c1,1453,?,i8,
1769091514.3467448,FORWARDED,93089ce6-418f-4962-b9e7-2baabc04bf08,0083a04a-859c-495d-88c8-7db6592b249b,c4,c1,1453,?,i8,
1769091514.4185522,SENT,d828a419-5f44-4eda-a9a2-a0d1e4142fe9,79a76a73-bd7c-4455-be50-c24da7a05366,c3,DROP,1006,?,i2,
1769091514.418593,FORWARDED,d828a419-5f44-4eda-a9a2-a0d1e4142fe9,79a76a73-bd7c-4455-be50-c24da7a05366,c3,DROP,1006,?,i2,
1769091514.449558,RECEIVED,1185c72a-e822-4f1e-bd1f-f1117365ea23,33debe80-f1ed-4bdb-8c3a-fa6a4e5a18b4,c2,DROP,441,x1,?,
1769091514.8863592,RECEIVED,75a0ac47-bb46-428e-b316-dc096f3551e1,1513620c-e749-4890-b7f8-3a99e3f4f4f6,c2,DROP,443,x9,?,
1769091514.8905692,RECEIVED,3de6fb1e-2f8e-43ce-a184-61b569f89d62,767ed80a-0ff0-4f42-8664-a062c41625c5,c4,c1,2047,p1,?,
1769091515.10547,RECEIVED,7e8a25cb-385c-40fa-b7d6-f97365c8f168,75d83c6d-bac3-465b-95aa-f5c498502de1,c1,DROP,1452,p1,?,
1769091515.1267297,SENT,25f63667-7102-482a-b9ed-51d0a216499c,88d7c056-23cb-4e71-8672-cec38c4c2ab9,c2,c1,1455,?,i8,
1769091515.1267734,FORWARDED,25f63667-7102-482a-b9ed-51d0a216499c,88d7c056-23cb-4e71-8672-cec38c4c2ab9,c2,c1,1455,?,i8,
1769091515.2557411,RECEIVED,dea8d181-c876-4be8-8b17-0b974c34cd98,0a2506fb-3be8-445b-97b7-a52f5583b074,c2,c1,2031,p2,?,
1769091515.3170426,SENT,7e8a25cb-385c-40fa-b7d6-f97365c8f168,75d83c6d-bac3-465b-95aa-f5c498502de1,c1,DROP,1017,?,i1,
1769091515.3170943,FORWARDED,7e8a25cb-385c-40fa-b7d6-f97365c8f168,75d83c6d-bac3-465b-95aa-f5c498502de1,c1,DROP,1017,?,i1,
1769091515.4125347,RECEIVED,c699d93d-0c20-49a8-a45c-c109fedb81c6,a8799a13-3180-4bce-8586-3a53834088f1,c3,c4,2028,p3,?,
1769091515.4776058,SENT,3de6fb1e-2f8e-43ce-a184-61b569f89d62,767ed80a-0ff0-4f42-8664-a062c41625c5,c4,c1,1464,?,i1,
1769091515.477649,FORWARDED,3de6fb1e-2f8e-43ce-a184-61b569f89d62,767ed80a-0ff0-4f42-8664-a062c41625c5,c4,c1,1464,?,i1,
1769091515.5217683,SENT,c699d93d-0c20-49a8-a45c-c109fedb81c6,a8799a13-3180-4bce-8586-3a53834088f1,c3,c4,1448,?,i8,
1769091515.5218182,FORWARDED,c699d93d-0c20-49a8-a45c-c109fedb81c6,a8799a13-3180-4bce-8586-3a53834088f1,c3,c4,1448,?,i8,
1769091515.8681223,RECEIVED,c07469af-a52b-4db0-869b-1ac158049751,8ef381b4-f0d1-4c2d-be17-8f72dc1a2d43,c3,DROP,1457,p3,?,
1769091515.9088032,SENT,dea8d181-c876-4be8-8b17-0b974c34cd98,0a2506fb-3be8-445b-97b7-a52f5583b074,c2,c1,1451,?,i5,
1769091515.9088454,FORWARDED,dea8d181-c876-4be8-8b17-0b974c34cd98,0a2506fb-3be8-445b-97b7-a52f5583b074,c2,c1,1451,?,i5,
1769091516.0207536,RECEIVED,b0be50e5-a726-4838-a34e-ae578bb9bf9e,3c699621-8110-402f-82fa-b16611c4d99f,c1,c5,2027,p1,?,
1769091516.0703888,FORWARDED,2fb75ff0-0b1a-4196-8e11-a779759c8167,c7770ea0-cc8c-4f4c-a782-e75551185d58,c2,c1,1455,?,i6,
1769091516.134792,RECEIVED,8a7e1d24-af47-4e02-b1b8-7ac836d2ab6f,9e0bcb95-8963-469a-8f2e-ef20cda89459,c1,c5,2031,p1,?,
1769091516.2088764,SENT,c07469af-a52b-4db0-869b-1ac158049751,8ef381b4-f0d1-4c2d-be17-8f72dc1a2d43,c3,DROP,1019,?,i10,
1769091516.2089212,FORWARDED,c07469af-a52b-4db0-869b-1ac158049751,8ef381b4-f0d1-4c2d-be17-8f72dc1a2d43,c3,DROP,1019,?,i10,
1769091516.2601736,RECEIVED,9cd66d4f-355c-4e14-9dfc-d5fc72907521,1d41a5a9-a968-4bf1-85d4-21939cfa777f,c1,c5,2045,p1,?,
1769091516.2983537,RECEIVED,795c62bf-dc11-4d4a-8d52-127bc21d2504,32a2d303-34e5-444f-b79c-40b2a0653084,c4,c1,2044,p1,?,
1769091516.5517375,RECEIVED,aaf10acc-e8f6-466c-80d8-769e81a398b6,8a777808-33fa-42bb-a853-3b7c09597c47,c2,c1,2027,p2,?,
1769091516.6201696,SENT,9cd66d4f-355c-4e14-9dfc-d5fc72907521,1d41a5a9-a968-4bf1-85d4-21939cfa777f,c1,c5,1460,?,i10,
1769091516.6202106,FORWARDED,9cd66d4f-355c-4e14-9dfc-d5fc72907521,1d41a5a9-a968-4bf1-85d4-21939cfa777f,c1,c5,1460,?,i10,
1769091516.7230244,SENT,8a7e1d24-af47-4e02-b1b8-7ac836d2ab6f,9e0bcb95-8963-469a-8f2e-ef20cda89459,c1,c5,1451,?,i5,
1769091516.7230747,FORWARDED,8a7e1d24-af47-4e02-b1b8-7ac836d2ab6f,9e0bcb95-8963-469a-8f2e-ef20cda89459,c1,c5,1451,?,i5,
1769091516.942299,SENT,795c62bf-dc11-4d4a-8d52-127bc21d2504,32a2d303-34e5-444f-b79c-40b2a0653084,c4,c1,1461,?,i11,
1769091516.9423645,FORWARDED,795c62bf-dc11-4d4a-8d52-127bc21d2504,32a2d303-34e5-444f-b79c-40b2a0653084,c4,c1,1461,?,i11,
1769091517.071816,SENT,aaf10acc-e8f6-466c-80d8-769e81a398b6,8a777808-33fa-42bb-a853-3b7c09597c47,c2,c1,1448,?,i5,
1769091517.0718558,FORWARDED,aaf10acc-e8f6-466c-80d8-769e81a398b6,8a777808-33fa-42bb-a853-3b7c09597c47,c2,c1,1448,?,i5,
1769091517.11177,RECEIVED,b4ea97ec-4481-4698-81e9-ae98524eaaad,20b43006-1863-4686-9e53-99673a8608e7,c3,DROP,444,x4,?,
1769091517.2036085,RECEIVED,716f8824-f5a6-4df4-beb4-ddac90ccc432,fc933357-d5ab-4e2f-8d41-e9c63d005fdd,c5,c4,2045,p2,?,
1769091517.3149335,RECEIVED,499daa65-ee22-4b9e-aea4-92adaa1efcc6,db5f6f94-1513-4d1f-9b0f-41bd6844be39,c3,c4,2032,p3,?,
1769091517.3335257,RECEIVED,80211dc2-3460-4a23-8c05-d09e9bc05667,8cbe01d0-565e-4d77-bb5b-cf7514ef08c6,c1,DROP,1444,p1,?,
1769091517.375644,SENT,499daa65-ee22-4b9e-aea4-92adaa1efcc6,db5f6f94-1513-4d1f-9b0f-41bd6844be39,c3,c4,1451,?,i2,
1769091517.3759518,FORWARDED,499daa65-ee22-4b9e-aea4-92adaa1efcc6,db5f6f94-1513-4d1f-9b0f-41bd6844be39,c3,c4,1451,?,i2,
1769091517.4312406,RECEIVED,1644cada-1914-4e0e-b7ef-463550122972,d6b7027f-2428-48e9-b5e4-1267fe2319fc,c1,c5,2040,p1,?,
1769091517.5670307,RECEIVED,0d9c7654-bcf5-4106-9820-9a1a3d73df07,279368cc-c2e3-44b8-b22b-3b41e1cd5504,c3,c4,2039,p3,?,
1769091517.584351,RECEIVED,9aa6c79c-7a09-4031-90bc-0b4f5bbd0f00,6444a492-d255-4717-93b0-66671652eee4,c2,c1,2035,p2,?,
1769091517.5866048,RECEIVED,eadc2e96-5a9e-44b7-9c28-b44c4a7866da,243c902e-c0c0-4e89-8448-d653823631ef,c3,c4,2032,p3,?,
1769091517.6264832,SENT,80211dc2-3460-4a23-8c05-d09e9bc05667,8cbe01d0-565e-4d77-bb5b-cf7514ef08c6,c1,DROP,1011,?,i3,
1769091517.6270435,FORWARDED,80211dc2-3460-4a23-8c05-d09e9bc05667,8cbe01d0-565e-4d77-bb5b-cf7514ef08c6,c1,DROP,1011,?,i3,
1769091517.6501963,SENT,716f8824-f5a6-4df4-beb4-ddac90ccc432,fc933357-d5ab-4e2f-8d41-e9c63d005fdd,c5,c4,1460,?,i12,
1769091517.650445,FORWARDED,716f8824-f5a6-4df4-beb4-ddac90ccc432,fc933357-d5ab-4e2f-8d41-e9c63d005fdd,c5,c4,1460,?,i12,
1769091517.6624894,SENT,eadc2e96-5a9e-44b7-9c28-b44c4a7866da,243c902e-c0c0-4e89-8448-d653823631ef,c3,c4,1452,?,i3,
1769091517.662528,FORWARDED,eadc2e96-5a9e-44b7-9c28-b44c4a7866da,243c902e-c0c0-4e89-8448-d653823631ef,c3,c4,1452,?,i3,
1769091517.6761267,RECEIVED,822fc61b-7f1f-496f-b950-c3bd95e058a0,4a7539a6-989f-41f7-a47a-aa8caf44b91c,c4,c1,2043,p1,?,
1769091517.7549524,RECEIVED,71fb9ce5-c445-4f4b-8772-d01f98fe2081,14c02ccf-5654-40da-88df-894ca9568084,c4,c1,2019,p1,?,
1769091518.0224545,SENT,822fc61b-7f1f-496f-b950-c3bd95e058a0,4a7539a6-989f-41f7-a47a-aa8caf44b91c,c4,c1,1459,?,i7,
1769091518.022496,FORWARDED,822fc61b-7f1f-496f-b950-c3bd95e058a0,4a7539a6-989f-41f7-a47a-aa8caf44b91c,c4,c1,1459,?,i7,
1769091518.0368116,RECEIVED,51fd3cd9-74ef-458e-85ef-a7d5ece39086,966c6195-2adf-45fe-b8bb-685bafaac3cc,c3,c4,2045,p3,?,
1769091518.126661,SENT,51fd3cd9-74ef-458e-85ef-a7d5ece39086,966c6195-2adf-45fe-b8bb-685bafaac3cc,c3,c4,1459,?,i10,
1769091518.126703,FORWARDED,51fd3cd9-74ef-458e-85ef-a7d5ece39086,966c6195-2adf-45fe-b8bb-685bafaac3cc,c3,c4,1459,?,i10,
1769091518.1550615,SENT,1644cada-1914-4e0e-b7ef-463550122972,d6b7027f-2428-48e9-b5e4-1267fe2319fc,c1,c5,1456,?,i11,
1769091518.155102,FORWARDED,1644cada-1914-4e0e-b7ef-463550122972,d6b7027f-2428-48e9-b5e4-1267fe2319fc,c1,c5,1456,?,i11,
1769091518.1871963,RECEIVED,97b9c35a-e27a-462b-8e24-bfaa484f6d38,23770b2b-8c77-4b69-a1b2-22aa5993b6ba,c3,c4,2033,p3,?,
1769091518.2692711,SENT,97b9c35a-e27a-462b-8e24-bfaa484f6d38,23770b2b-8c77-4b69-a1b2-22aa5993b6ba,c3,c4,1452,?,i12,
1769091518.2693133,FORWARDED,97b9c35a-e27a-462b-8e24-bfaa484f6d38,23770b2b-8c77-4b69-a1b2-22aa5993b6ba,c3,c4,1452,?,i12,
1769091518.343524,RECEIVED,47f550fc-4ec6-45d5-8aaf-4aab4177db22,4e3e29d5-195d-4838-80c8-91bc354cfc24,c2,c1,2027,p2,?,
1769091518.377624,SENT,0d9c7654-bcf5-4106-9820-9a1a3d73df07,279368cc-c2e3-44b8-b22b-3b41e1cd5504,c3,c4,1457,?,i8,
1769091518.3776653,FORWARDED,0d9c7654-bcf5-4106-9820-9a1a3d73df07,279368cc-c2e3-44b8-b22b-3b41e1cd5504,c3,c4,1457,?,i8,
1769091518.4321609,FORWARDED,9aa6c79c-7a09-4031-90bc-0b4f5bbd0f00,6444a492-d255-4717-93b0-66671652eee4,c2,c1,1455,?,i6,
1769091518.7074087,SENT,b0be50e5-a726-4838-a34e-ae578bb9bf9e,3c699621-8110-402f-82fa-b16611c4d99f,c1,c5,1448,?,i9,
1769091518.7074604,FORWARDED,b0be50e5-a726-4838-a34e-ae578bb9bf9e,3c699621-8110-402f-82fa-b16611c4d99f,c1,c5,1448,?,i9,
1769091518.761102,SENT,71fb9ce5-c445-4f4b-8772-d01f98fe2081,14c02ccf-5654-40da-88df-894ca9568084,c4,c1,1442,?,i5,
1769091518.7611487,FORWARDED,71fb9ce5-c445-4f4b-8772-d01f98fe2081,14c02ccf-5654-40da-88df-894ca9568084,c4,c1,1442,?,i5,
1769091518.9733927,RECEIVED,2fd228e2-192a-4b67-bc3a-585f5bf3d61b,f955cad1-5906-4eba-8448-4b59a7a82914,c4,DROP,441,x8,?,
1769091519.1753302,RECEIVED,ef9cf340-3998-4446-be0c-f3e262742393,d3928809-fe99-40f3-8037-e5a886512e31,c1,c5,2032,p1,?,
1769091519.1903026,SENT,47f550fc-4ec6-45d5-8aaf-4aab4177db22,4e3e29d5-195d-4838-80c8-91bc354cfc24,c2,c1,1447,?,i3,
1769091519.1903415,FORWARDED,47f550fc-4ec6-45d5-8aaf-4aab4177db22,4e3e29d5-195d-4838-80c8-91bc354cfc24,c2,c1,1447,?,i3,
1769091519.2164469,SENT,ef9cf340-3998-4446-be0c-f3e262742393,d3928809-fe99-40f3-8037-e5a886512e31,c1,c5,1450,?,i5,
1769091519.2164872,FORWARDED,ef9cf340-3998-4446-be0c-f3e262742393,d3928809-fe99-40f3-8037-e5a886512e31,c1,c5,1450,?,i5,
1769091519.453853,RECEIVED,56db7de7-2034-4785-a679-49613f632000,61b4f948-e3de-4632-97c9-339683b2796a,c2,c1,2041,p2,?,
1769091519.520739,SENT,56db7de7-2034-4785-a679-49613f632000,61b4f948-e3de-4632-97c9-339683b2796a,c2,c1,1456,?,i12,
1769091519.520778,FORWARDED,56db7de7-2034-4785-a679-49613f632000,61b4f948-e3de-4632-97c9-339683b2796a,c2,c1,1456,?,i12,
1769091519.526895,RECEIVED,3e3e051f-8b89-4297-a9d5-5961e50f0831,f0876c7a-23c2-4a74-b1e6-6056c2ed8cea,c3,c4,2032,p3,?,
1769091519.6094086,RECEIVED,f6911338-592e-413e-bb0d-79b68435e64b,636a7d4c-3069-4d03-930d-8550913082a9,c1,DROP,1452,p1,?,
1769091519.633013,FORWARDED,3e3e051f-8b89-4297-a9d5-5961e50f0831,f0876c7a-23c2-4a74-b1e6-6056c2ed8cea,c3,c4,1452,?,i6,
1769091519.707024,RECEIVED,7a3be54f-d260-4c47-ba3e-3e0244c2b926,d3cac998-3800-48dd-a9a6-66ea93e1251b,c5,c4,2040,p2,?,
1769091519.824169,RECEIVED,ba6e6b4f-3262-46b1-b2f7-b6d1a806ab5a,e0936caa-7151-4774-b1b2-a303c2045849,c4,c1,2039,p1,?,
1769091519.8671439,SENT,7a3be54f-d260-4c47-ba3e-3e0244c2b926,d3cac998-3800-48dd-a9a6-66ea93e1251b,c5,c4,1457,?,i9,
1769091519.867179,FORWARDED,7a3be54f-d260-4c47-ba3e-3e0244c2b926,d3cac998-3800-48dd-a9a6-66ea93e1251b,c5,c4,1457,?,i9,
1769091519.8687353,RECEIVED,11577b78-2feb-4e76-8f91-0f0b6c1ec114,f7fe8463-b41b-4bdc-ad7b-f1e8c69752a6,c1,c5,2046,p1,?,
1769091519.8904092,RECEIVED,29d3d9c9-de71-4932-81db-c0e5159e7f03,bdaf0899-98d9-4220-8fe1-0bf0a50dece1,c4,c1,2044,p1,?,
1769091519.9702454,FORWARDED,29d3d9c9-de71-4932-81db-c0e5159e7f03,bdaf0899-98d9-4220-8fe1-0bf0a50dece1,c4,c1,1460,?,i6,
1769091519.99279,SENT,f6911338-592e-413e-bb0d-79b68435e64b,636a7d4c-3069-4d03-930d-8550913082a9,c1,DROP,1017,?,i4,
1769091519.9928288,FORWARDED,f6911338-592e-413e-bb0d-79b68435e64b,636a7d4c-3069-4d03-930d-8550913082a9,c1,DROP,1017,?,i4,
1769091520.0458355,SENT,ba6e6b4f-3262-46b1-b2f7-b6d1a806ab5a,e0936caa-7151-4774-b1b2-a303c2045849,c4,c1,1456,?,i1,
1769091520.0459146,FORWARDED,ba6e6b4f-3262-46b1-b2f7-b6d1a806ab5a,e0936caa-7151-4774-b1b2-a303c2045849,c4,c1,1456,?,i1,
1769091520.3603594,RECEIVED,9e080394-7995-4a3e-8f01-a5b19df640c4,d521954b-cf53-43a2-96d5-203367d6703e,c2,c1,2027,p2,?,
1769091520.4895813,RECEIVED,da0597ff-ab78-40b5-ad0d-fceae8e966be,9def1d3e-8810-4226-ba93-72955fa5cd6e,c5,DROP,1439,p2,?,
1769091520.7694561,RECEIVED,40097d65-7d24-4dfd-942a-6fb81ea19b8f,9c912aa4-e0a5-4278-b206-ec8529472bad,c5,c4,2032,p2,?,
1769091520.810508,SENT,11577b78-2feb-4e76-8f91-0f0b6c1ec114,f7fe8463-b41b-4bdc-ad7b-f1e8c69752a6,c1,c5,1464,?,i1,
1769091520.8105493,FORWARDED,11577b78-2feb-4e76-8f91-0f0b6c1ec114,f7fe8463-b41b-4bdc-ad7b-f1e8c69752a6,c1,c5,1464,?,i1,
1769091520.9073896,SENT,40097d65-7d24-4dfd-942a-6fb81ea19b8f,9c912aa4-e0a5-4278-b206-ec8529472bad,c5,c4,1452,?,i9,
1769091520.9074337,FORWARDED,40097d65-7d24-4dfd-942a-6fb81ea19b8f,9c912aa4-e0a5-4278-b206-ec8529472bad,c5,c4,1452,?,i9,
1769091520.9925957,RECEIVED,e7bbe683-ba73-4aa4-87dc-5ea125e58944,a589e170-4b0b-4740-95ae-6ad8b4347ab1,c2,DROP,1455,p2,?,
1769091521.2383797,RECEIVED,9a845185-57a9-4e54-b4be-f1aaeaaea8db,6dcb7a29-4218-4669-b148-2e5118dd57e8,c4,DROP,1439,p1,?,
1769091521.321953,SENT,e7bbe683-ba73-4aa4-87dc-5ea125e58944,a589e170-4b0b-4740-95ae-6ad8b4347ab1,c2,DROP,1019,?,i4,
1769091521.3220046,FORWARDED,e7bbe683-ba73-4aa4-87dc-5ea125e58944,a589e170-4b0b-4740-95ae-6ad8b4347ab1,c2,DROP,1019,?,i4,
1769091521.3784184,RECEIVED,ddc149e5-b3d4-4871-bc72-bb0ad132f330,5e4f8833-f6b0-4423-80fd-d2c9792b2596,c1,DROP,447,x12,?,
1769091521.4397027,RECEIVED,11cfaccf-09d7-4125-940d-4d5117005171,2071f513-7696-4f43-8e8d-32a66838de08,c2,c1,2028,p2,?,
1769091521.5528028,RECEIVED,ba3d6229-fd2a-4d3a-b6d5-d510a6121e33,20e64645-7f01-45d5-98be-a0d7db84fd94,c4,DROP,1459,p1,?,
1769091521.6265779,SENT,9e080394-7995-4a3e-8f01-a5b19df640c4,d521954b-cf53-43a2-96d5-203367d6703e,c2,c1,1448,?,i11,
1769091521.6266177,FORWARDED,9e080394-7995-4a3e-8f01-a5b19df640c4,d521954b-cf53-43a2-96d5-203367d6703e,c2,c1,1448,?,i11,
1769091521.7125218,SENT,da0597ff-ab78-40b5-ad0d-fceae8e966be,9def1d3e-8810-4226-ba93-72955fa5cd6e,c5,DROP,1007,?,i5,
1769091521.7125638,FORWARDED,da0597ff-ab78-40b5-ad0d-fceae8e966be,9def1d3e-8810-4226-ba93-72955fa5cd6e,c5,DROP,1007,?,i5,
1769091521.7951853,SENT,11cfaccf-09d7-4125-940d-4d5117005171,2071f513-7696-4f43-8e8d-32a66838de08,c2,c1,1447,?,i9,
1769091521.795256,FORWARDED,11cfaccf-09d7-4125-940d-4d5117005171,2071f513-7696-4f43-8e8d-32a66838de08,c2,c1,1447,?,i9,
1769091521.8030117,SENT,ba3d6229-fd2a-4d3a-b6d5-d510a6121e33,20e64645-7f01-45d5-98be-a0d7db84fd94,c4,DROP,1021,?,i8,
1769091521.8031132,FORWARDED,ba3d6229-fd2a-4d3a-b6d5-d510a6121e33,20e64645-7f01-45d5-98be-a0d7db84fd94,c4,DROP,1021,?,i8,
1769091521.8750126,SENT,9a845185-57a9-4e54-b4be-f1aaeaaea8db,6dcb7a29-4218-4669-b148-2e5118dd57e8,c4,DROP,1006,?,i7,
1769091521.875064,FORWARDED,9a845185-57a9-4e54-b4be-f1aaeaaea8db,6dcb7a29-4218-4669-b148-2e5118dd57e8,c4,DROP,1006,?,i7,
1769091521.9315455,RECEIVED,afbe4b9d-e73c-4098-b564-a31af6c3f26d,bc52f4f8-968b-4def-a99d-1fb38b595e56,c1,c5,2035,p1,?,
1769091521.996001,RECEIVED,198bd18c-776a-4d8b-b709-fa820cbc5ad5,4398ad53-11fb-4b16-b4c7-a654e988ee84,c4,DROP,1452,p1,?,
1769091522.0630417,SENT,afbe4b9d-e73c-4098-b564-a31af6c3f26d,bc52f4f8-968b-4def-a99d-1fb38b595e56,c1,c5,1455,?,i5,
1769091522.063092,FORWARDED,afbe4b9d-e73c-4098-b564-a31af6c3f26d,bc52f4f8-968b-4def-a99d-1fb38b595e56,c1,c5,1455,?,i5,
1769091522.1623614,RECEIVED,a3d1b162-c753-4e6f-8877-62abb0c1ec02,7c9e2f0b-f8e0-4d65-b7a2-912e1b8afa87,c4,c1,2039,p1,?,
1769091522.1771016,SENT,198bd18c-776a-4d8b-b709-fa820cbc5ad5,4398ad53-11fb-4b16-b4c7-a654e988ee84,c4,DROP,1016,?,i4,
1769091522.177144,FORWARDED,198bd18c-776a-4d8b-b709-fa820cbc5ad5,4398ad53-11fb-4b16-b4c7-a654e988ee84,c4,DROP,1016,?,i4,
1769091522.2314343,RECEIVED,b66bbfce-4c83-40bc-9d99-95c8b40ae255,4ecc557b-a7ec-4da1-8ecc-f22b16f64b9c,c2,DROP,1460,p2,?,
1769091522.4719453,SENT,b66bbfce-4c83-40bc-9d99-95c8b40ae255,4ecc557b-a7ec-4da1-8ecc-f22b16f64b9c,c2,DROP,1021,?,i9,
1769091522.4719884,FORWARDED,b66bbfce-4c83-40bc-9d99-95c8b40ae255,4ecc557b-a7ec-4da1-8ecc-f22b16f64b9c,c2,DROP,1021,?,i9,
1769091522.6645617,RECEIVED,b3cb7d53-8147-4d9b-ab62-214a5b06aba1,9776538b-e7a9-47ce-832d-bfeac89fa65d,c3,c4,2030,p3,?,
1769091522.735661,RECEIVED,1be8a124-b2ee-408e-bf26-2d82d67fa239,182c1ca5-b34c-4af2-b19f-9a8c98010820,c3,c4,2038,p3,?,
1769091522.8391092,RECEIVED,e34398d2-c7f7-4bd8-9023-2cfe266699d1,dabdcc63-e125-4b72-a4d0-ffbdbad4d557,c1,c5,2035,p1,?,
1769091522.9828067,RECEIVED,860743c1-3aaa-42fd-b135-7ec3b7a4bd0c,ee7db355-6470-4ffb-8aa2-042d5cb36377,c5,c4,2047,p2,?,
1769091523.0487535,RECEIVED,51112932-2d13-4e20-a148-a678b026714f,1aca68e5-afad-473b-be0a-689352815c38,c2,c1,2023,p2,?,
1769091523.2058187,SENT,e34398d2-c7f7-4bd8-9023-2cfe266699d1,dabdcc63-e125-4b72-a4d0-ffbdbad4d557,c1,c5,1455,?,i2,
1769091523.205861,FORWARDED,e34398d2-c7f7-4bd8-9023-2cfe266699d1,dabdcc63-e125-4b72-a4d0-ffbdbad4d557,c1,c5,1455,?,i2,
1769091523.3255377,SENT,51112932-2d13-4e20-a148-a678b026714f,1aca68e5-afad-473b-be0a-689352815c38,c2,c1,1446,?,i4,
1769091523.3255777,FORWARDED,51112932-2d13-4e20-a148-a678b026714f,1aca68e5-afad-473b-be0a-689352815c38,c2,c1,1446,?,i4,
1769091523.3283412,SENT,a3d1b162-c753-4e6f-8877-62abb0c1ec02,7c9e2f0b-f8e0-4d65-b7a2-912e1b8afa87,c4,c1,1456,?,i3,
1769091523.328382,FORWARDED,a3d1b162-c753-4e6f-8877-62abb0c1ec02,7c9e2f0b-f8e0-4d65-b7a2-912e1b8afa87,c4,c1,1456,?,i3,
1769091523.405371,FORWARDED,860743c1-3aaa-42fd-b135-7ec3b7a4bd0c,ee7db355-6470-4ffb-8aa2-042d5cb36377,c5,c4,1464,?,i6,
1769091523.4867325,RECEIVED,117b193d-075a-4235-b636-69ffb0723df2,6120de20-ab7d-4f5b-ab5e-e503814ec150,c3,c4,2048,p3,?,
1769091523.4939182,RECEIVED,dbdf64b4-69c8-4532-ac7d-20cc76e9d43f,4990a784-1772-41be-b660-a3b10850cd6a,c4,DROP,1440,p1,?,
1769091523.5723376,SENT,dbdf64b4-69c8-4532-ac7d-20cc76e9d43f,4990a784-1772-41be-b660-a3b10850cd6a,c4,DROP,1007,?,i2,
1769091523.5723813,FORWARDED,dbdf64b4-69c8-4532-ac7d-20cc76e9d43f,4990a784-1772-41be-b660-a3b10850cd6a,c4,DROP,1007,?,i2,
1769091523.619225,SENT,117b193d-075a-4235-b636-69ffb0723df2,6120de20-ab7d-4f5b-ab5e-e503814ec150,c3,c4,1464,?,i9,
1769091523.6192663,FORWARDED,117b193d-075a-4235-b636-69ffb0723df2,6120de20-ab7d-4f5b-ab5e-e503814ec150,c3,c4,1464,?,i9,
1769091523.7557952,RECEIVED,61ae7e72-2c80-4244-b2e3-5365486bce0e,4344df68-b38d-4280-a748-3516eb514695,c4,c1,2035,p1,?,
1769091523.846486,SENT,1be8a124-b2ee-408e-bf26-2d82d67fa239,182c1ca5-b34c-4af2-b19f-9a8c98010820,c3,c4,1456,?,i8,
1769091523.8465388,FORWARDED,1be8a124-b2ee-408e-bf26-2d82d67fa239,182c1ca5-b34c-4af2-b19f-9a8c98010820,c3,c4,1456,?,i8,
1769091524.0243318,RECEIVED,d557430f-885a-48be-8119-809e7f5109c1,0b57f958-d00e-4808-8d63-4edbdfc76726,c1,c5,2056,p1,?,
1769091524.2028725,FORWARDED,d557430f-885a-48be-8119-809e7f5109c1,0b57f958-d00e-4808-8d63-4edbdfc76726,c1,c5,1468,?,i6,
1769091524.2612157,FORWARDED,b3cb7d53-8147-4d9b-ab62-214a5b06aba1,9776538b-e7a9-47ce-832d-bfeac89fa65d,c3,c4,1451,?,i6,
1769091524.2633924,RECEIVED,5b4ad2a1-2d72-4048-bb20-fdf76d30a0c3,054e3ef6-7772-4823-ae74-57ea908014c1,c3,c4,2028,p3,?,
1769091524.295647,RECEIVED,acbdaffb-7050-4294-bbf3-ac33fe626063,77c2db08-622a-4382-9485-fcc273590a5f,c3,DROP,1451,p3,?,
1769091524.3739748,SENT,61ae7e72-2c80-4244-b2e3-5365486bce0e,4344df68-b38d-4280-a748-3516eb514695,c4,c1,1455,?,i5,
1769091524.3740137,FORWARDED,61ae7e72-2c80-4244-b2e3-5365486bce0e,4344df68-b38d-4280-a748-3516eb514695,c4,c1,1455,?,i5,
1769091524.3843994,RECEIVED,c29a5d67-f6b1-423f-9c72-a23d573ee4bd,7b52cb9d-0fe1-4530-997e-5ba525cea843,c5,c4,2031,p2,?,
1769091524.428081,RECEIVED,ccf0bf5f-6d07-4eaf-950a-a3eca5519901,62e3b372-15c1-4c2c-a732-86aec53207d1,c5,c4,2040,p2,?,
1769091524.434164,FORWARDED,5b4ad2a1-2d72-4048-bb20-fdf76d30a0c3,054e3ef6-7772-4823-ae74-57ea908014c1,c3,c4,1447,?,i6,
1769091524.489107,RECEIVED,2d0077d8-47dd-47c1-aa11-81c4edb849d8,df192b0e-6ef1-464c-8957-f555ca694fe0,c3,c4,2040,p3,?,
1769091524.5215795,SENT,ccf0bf5f-6d07-4eaf-950a-a3eca5519901,62e3b372-15c1-4c2c-a732-86aec53207d1,c5,c4,1456,?,i9,
1769091524.5216222,FORWARDED,ccf0bf5f-6d07-4eaf-950a-a3eca5519901,62e3b372-15c1-4c2c-a732-86aec53207d1,c5,c4,1456,?,i9,
1769091524.660211,SENT,c29a5d67-f6b1-423f-9c72-a23d573ee4bd,7b52cb9d-0fe1-4530-997e-5ba525cea843,c5,c4,1452,?,i3,
1769091524.6602523,FORWARDED,c29a5d67-f6b1-423f-9c72-a23d573ee4bd,7b52cb9d-0fe1-4530-997e-5ba525cea843,c5,c4,1452,?,i3,
1769091524.8619177,SENT,2d0077d8-47dd-47c1-aa11-81c4edb849d8,df192b0e-6ef1-464c-8957-f555ca694fe0,c3,c4,1456,?,i12,
1769091524.861958,FORWARDED,2d0077d8-47dd-47c1-aa11-81c4edb849d8,df192b0e-6ef1-464c-8957-f555ca694fe0,c3,c4,1456,?,i12,
1769091524.9028306,SENT,acbdaffb-7050-4294-bbf3-ac33fe626063,77c2db08-622a-4382-9485-fcc273590a5f,c3,DROP,1017,?,i8,
1769091524.902873,FORWARDED,acbdaffb-7050-4294-bbf3-ac33fe626063,77c2db08-622a-4382-9485-fcc273590a5f,c3,DROP,1017,?,i8,
1769091524.9837205,RECEIVED,23d9b656-946e-4321-a180-af568385bc97,e6e6d84a-a709-4501-853d-c9e2b61abc34,c5,c4,2040,p2,?,
1769091525.0077803,SENT,23d9b656-946e-4321-a180-af568385bc97,e6e6d84a-a709-4501-853d-c9e2b61abc34,c5,c4,1456,?,i3,
1769091525.0078225,FORWARDED,23d9b656-946e-4321-a180-af568385bc97,e6e6d84a-a709-4501-853d-c9e2b61abc34,c5,c4,1456,?,i3,
1769091525.0152023,RECEIVED,22005d4a-fb2b-4a70-9244-b31aa294dbfd,811a2a5f-836f-4bbb-be64-98cda3b2b4f4,c2,c1,2044,p2,?,
1769091525.0806155,SENT,22005d4a-fb2b-4a70-9244-b31aa294dbfd,811a2a5f-836f-4bbb-be64-98cda3b2b4f4,c2,c1,1459,?,i1,
1769091525.0806592,FORWARDED,22005d4a-fb2b-4a70-9244-b31aa294dbfd,811a2a5f-836f-4bbb-be64-98cda3b2b4f4,c2,c1,1459,?,i1,
1769091525.1536803,RECEIVED,f9ff996d-04df-4964-a982-7adddc23fd94,e9ea43e0-a61b-4663-95b3-1110d2f79ee2,c5,DROP,1440,p2,?,
1769091525.2262852,RECEIVED,6eac2914-ca17-4f5a-a475-513c3561f174,0193cd2b-8f40-44fb-844f-ea4f94926fb9,c5,DROP,446,x7,?,
1769091525.249136,SENT,f9ff996d-04df-4964-a982-7adddc23fd94,e9ea43e0-a61b-4663-95b3-1110d2f79ee2,c5,DROP,1008,?,i2,
1769091525.249184,FORWARDED,f9ff996d-04df-4964-a982-7adddc23fd94,e9ea43e0-a61b-4663-95b3-1110d2f79ee2,c5,DROP,1008,?,i2,
1769091525.2634928,RECEIVED,c5a9bf6f-3b71-49c3-8fa1-44bca90032b8,1697524a-4d62-4380-ab81-700d2f1fa67e,c4,c1,2048,p1,?,
1769091525.2934272,RECEIVED,92c10776-9a3b-4cb6-ae0a-aa7e933f2deb,2958ecfc-e426-4d01-801d-81a140071bf0,c1,DROP,1460,p1,?,
1769091525.7232642,SENT,c5a9bf6f-3b71-49c3-8fa1-44bca90032b8,1697524a-4d62-4380-ab81-700d2f1fa67e,c4,c1,1464,?,i2,
1769091525.7233067,FORWARDED,c5a9bf6f-3b71-49c3-8fa1-44bca90032b8,1697524a-4d62-4380-ab81-700d2f1fa67e,c4,c1,1464,?,i2,
1769091525.8431013,RECEIVED,7e7fcca3-8407-4d0d-a42e-a20f1fa55474,2fc589ff-700a-48a7-8670-c580c3c32ab6,c4,DROP,1460,p1,?,
1769091525.8651524,SENT,92c10776-9a3b-4cb6-ae0a-aa7e933f2deb,2958ecfc-e426-4d01-801d-81a140071bf0,c1,DROP,1021,?,i10,
1769091525.8653264,FORWARDED,92c10776-9a3b-4cb6-ae0a-aa7e933f2deb,2958ecfc-e426-4d01-801d-81a140071bf0,c1,DROP,1021,?,i10,
1769091525.8906524,RECEIVED,b3bd87f2-03ae-4312-9da9-65c8fb76f88c,fd6c9cb2-b4af-4926-989e-7cad558d7cb5,c2,DROP,1441,p2,?,
1769091525.9383478,SENT,7e7fcca3-8407-4d0d-a42e-a20f1fa55474,2fc589ff-700a-48a7-8670-c580c3c32ab6,c4,DROP,1021,?,i12,
1769091525.938391,FORWARDED,7e7fcca3-8407-4d0d-a42e-a20f1fa55474,2fc589ff-700a-48a7-8670-c580c3c32ab6,c4,DROP,1021,?,i12,
1769091526.059409,RECEIVED,5104b92d-c163-4a84-8cbd-273b4915e2a5,bd194fd8-30bc-45db-a1e3-57200584fd1e,c3,c4,2045,p3,?,
1769091526.1411688,SENT,b3bd87f2-03ae-4312-9da9-65c8fb76f88c,fd6c9cb2-b4af-4926-989e-7cad558d7cb5,c2,DROP,1007,?,i11,
1769091526.1412127,FORWARDED,b3bd87f2-03ae-4312-9da9-65c8fb76f88c,fd6c9cb2-b4af-4926-989e-7cad558d7cb5,c2,DROP,1007,?,i11,
1769091526.1547596,SENT,5104b92d-c163-4a84-8cbd-273b4915e2a5,bd194fd8-30bc-45db-a1e3-57200584fd1e,c3,c4,1460,?,i10,
1769091526.1548085,FORWARDED,5104b92d-c163-4a84-8cbd-273b4915e2a5,bd194fd8-30bc-45db-a1e3-57200584fd1e,c3,c4,1460,?,i10,
1769091526.3191597,RECEIVED,fd784f0a-7423-4d24-8cc8-642d84feae5e,61298ae8-3ff7-4d89-a415-e499b705589a,c4,DROP,1451,p1,?,
1769091526.457635,RECEIVED,f6ce2678-c96a-472f-893b-ddb7f9127b53,85816766-b6fa-40b5-98b4-3b6c23d4f66c,c1,c5,2044,p1,?,
1769091526.5215383,RECEIVED,f6f0b77a-ef99-4225-9c22-7d3ef40847b6,010825fd-8320-409e-b62e-6e57f282d298,c4,c1,2035,p1,?,
1769091526.6482444,RECEIVED,d286e11b-dc99-400d-abcb-64079d889132,c5c45cb1-ee07-4df3-9b2c-81a0594d8d8f,c3,c4,2043,p3,?,
1769091526.7856448,RECEIVED,5ca2d48a-ccc9-4037-9ba4-d71a328c3d52,ee80143c-7638-48b8-bae9-d7a8a5d6f42d,c2,DROP,1449,p2,?,
1769091526.812499,RECEIVED,009b0b09-2a9e-4d6a-b4e5-a665314bc3be,0dfb1807-fc30-4f9d-87d7-e2a1a4c2f232,c3,c4,2045,p3,?,
1769091526.8485074,RECEIVED,309f5c8e-3efa-4d34-a1f3-6da3032c4e23,1d1ea1b0-3248-4fc3-8571-4889d75ec2c0,c5,DROP,1443,p2,?,
1769091526.8886764,RECEIVED,d8fa7132-7204-4752-99f0-5e0410fe324a,f5fe718b-d3ba-4a3d-8710-05b5a0a0cac9,c2,c1,2043,p2,?,
1769091526.987975,SENT,f6ce2678-c96a-472f-893b-ddb7f9127b53,85816766-b6fa-40b5-98b4-3b6c23d4f66c,c1,c5,1460,?,i12,
1769091526.9880188,FORWARDED,f6ce2678-c96a-472f-893b-ddb7f9127b53,85816766-b6fa-40b5-98b4-3b6c23d4f66c,c1,c5,1460,?,i12,
1769091527.2634938,FORWARDED,d286e11b-dc99-400d-abcb-64079d889132,c5c45cb1-ee07-4df3-9b2c-81a0594d8d8f,c3,c4,1460,?,i6,
1769091527.2916474,SENT,009b0b09-2a9e-4d6a-b4e5-a665314bc3be,0dfb1807-fc30-4f9d-87d7-e2a1a4c2f232,c3,c4,1461,?,i11,
1769091527.2916954,FORWARDED,009b0b09-2a9e-4d6a-b4e5-a665314bc3be,0dfb1807-fc30-4f9d-87d7-e2a1a4c2f232,c3,c4,1461,?,i11,
1769091527.3220854,SENT,d8fa7132-7204-4752-99f0-5e0410fe324a,f5fe718b-d3ba-4a3d-8710-05b5a0a0cac9,c2,c1,1460,?,i5,
1769091527.3225076,FORWARDED,d8fa7132-7204-4752-99f0-5e0410fe324a,f5fe718b-d3ba-4a3d-8710-05b5a0a0cac9,c2,c1,1460,?,i5,
1769091527.4595203,SENT,fd784f0a-7423-4d24-8cc8-642d84feae5e,61298ae8-3ff7-4d89-a415-e499b705589a,c4,DROP,1016,?,i9,
1769091527.4595795,FORWARDED,fd784f0a-7423-4d24-8cc8-642d84feae5e,61298ae8-3ff7-4d89-a415-e499b705589a,c4,DROP,1016,?,i9,
1769091527.466334,SENT,5ca2d48a-ccc9-4037-9ba4-d71a328c3d52,ee80143c-7638-48b8-bae9-d7a8a5d6f42d,c2,DROP,1015,?,i8,
1769091527.466377,FORWARDED,5ca2d48a-ccc9-4037-9ba4-d71a328c3d52,ee80143c-7638-48b8-bae9-d7a8a5d6f42d,c2,DROP,1015,?,i8,
1769091527.529383,RECEIVED,ff521855-a061-4563-b571-0216dfd66dfa,38f2c57a-a963-485f-8f11-d1cf584b1a29,c5,c4,2043,p2,?,
1769091527.616169,RECEIVED,642c43e7-db40-42e5-a695-51387144514d,a9cebbaf-f3d0-44c2-8375-c017630d8da8,c1,DROP,1448,p1,?,
1769091527.6683147,FORWARDED,642c43e7-db40-42e5-a695-51387144514d,a9cebbaf-f3d0-44c2-8375-c017630d8da8,c1,DROP,1012,?,i6,
1769091527.6689992,RECEIVED,38d7d251-0d7f-49eb-8f6c-8186080f13b9,b6c778dd-122e-48c3-a58e-b71f4d2ee6b0,c1,c5,2031,p1,?,
1769091527.758294,RECEIVED,f91df903-c20d-4e3d-a9d0-41bb736728ae,ba0dd41a-56a4-46ea-b55c-8b87d9a5834a,c2,c1,2044,p2,?,
1769091527.7859073,SENT,f6f0b77a-ef99-4225-9c22-7d3ef40847b6,010825fd-8320-409e-b62e-6e57f282d298,c4,c1,1455,?,i3,
1769091527.7859554,FORWARDED,f6f0b77a-ef99-4225-9c22-7d3ef40847b6,010825fd-8320-409e-b62e-6e57f282d298,c4,c1,1455,?,i3,
1769091527.806411,SENT,f91df903-c20d-4e3d-a9d0-41bb736728ae,ba0dd41a-56a4-46ea-b55c-8b87d9a5834a,c2,c1,1459,?,i8,
1769091527.8064523,FORWARDED,f91df903-c20d-4e3d-a9d0-41bb736728ae,ba0dd41a-56a4-46ea-b55c-8b87d9a5834a,c2,c1,1459,?,i8,
1769091527.8775349,RECEIVED,236bb7b3-74b2-4216-bb6c-8038b52fd4fa,cb595636-8ae7-441a-9454-60a3da9e292a,c3,c4,2050,p3,?,
1769091527.9093094,SENT,236bb7b3-74b2-4216-bb6c-8038b52fd4fa,cb595636-8ae7-441a-9454-60a3da9e292a,c3,c4,1464,?,i10,
1769091527.90936,FORWARDED,236bb7b3-74b2-4216-bb6c-8038b52fd4fa,cb595636-8ae7-441a-9454-60a3da9e292a,c3,c4,1464,?,i10,
1769091528.0962403,RECEIVED,7c07ad83-1c87-4c95-8af2-d9fad55f4dbe,e2061fe0-e1c1-4f5d-99be-dac94c7e5e3b,c1,DROP,1447,p1,?,
1769091528.139953,SENT,ff521855-a061-4563-b571-0216dfd66dfa,38f2c57a-a963-485f-8f11-d1cf584b1a29,c5,c4,1460,?,i4,
1769091528.140001,FORWARDED,ff521855-a061-4563-b571-0216dfd66dfa,38f2c57a-a963-485f-8f11-d1cf584b1a29,c5,c4,1460,?,i4,
1769091528.2053685,RECEIVED,f208de84-5d4b-490e-ad0e-637a05987497,314cbef4-d301-425a-b5f3-6e5638d11c45,c1,DROP,445,x6,?,
1769091528.2074883,SENT,38d7d251-0d7f-49eb-8f6c-8186080f13b9,b6c778dd-122e-48c3-a58e-b71f4d2ee6b0,c1,c5,1451,?,i9,
1769091528.2075284,FORWARDED,38d7d251-0d7f-49eb-8f6c-8186080f13b9,b6c778dd-122e-48c3-a58e-b71f4d2ee6b0,c1,c5,1451,?,i9,
1769091528.2310808,RECEIVED,ccdb8dcb-227b-48c4-8183-2481660ed2c0,fb802cac-7320-4a14-9f09-44030e998331,c4,DROP,1440,p1,?,
1769091528.260302,RECEIVED,7b90dca1-bb49-4b10-a7ad-c248bc7cd3b2,bdb598d3-93e4-483f-bf0c-3763c2525c8b,c1,c5,2048,p1,?,
1769091528.2842782,SENT,309f5c8e-3efa-4d34-a1f3-6da3032c4e23,1d1ea1b0-3248-4fc3-8571-4889d75ec2c0,c5,DROP,1010,?,i9,
1769091528.2843137,FORWARDED,309f5c8e-3efa-4d34-a1f3-6da3032c4e23,1d1ea1b0-3248-4fc3-8571-4889d75ec2c0,c5,DROP,1010,?,i9,
1769091528.3442118,RECEIVED,761d57af-5415-4b5a-8778-85732780cdfa,de9dc2c0-199d-4e69-a701-81a62f198958,c2,c1,2048,p2,?,
1769091528.4811285,SENT,ccdb8dcb-227b-48c4-8183-2481660ed2c0,fb802cac-7320-4a14-9f09-44030e998331,c4,DROP,1008,?,i5,
1769091528.481173,FORWARDED,ccdb8dcb-227b-48c4-8183-2481660ed2c0,fb802cac-7320-4a14-9f09-44030e998331,c4,DROP,1008,?,i5,
1769091528.6146545,RECEIVED,a0613f58-dc8d-4a44-821c-3ff75b043e23,97823ab8-cc86-4d77-bdb9-617abad986b8,c2,c1,2031,p2,?,
1769091528.727021,SENT,761d57af-5415-4b5a-8778-85732780cdfa,de9dc2c0-199d-4e69-a701-81a62f198958,c2,c1,1463,?,i8,
1769091528.7270756,FORWARDED,761d57af-5415-4b5a-8778-85732780cdfa,de9dc2c0-199d-4e69-a701-81a62f198958,c2,c1,1463,?,i8,
1769091528.7522492,RECEIVED,f75dfb82-600d-441b-ab9e-0eec2e6be3eb,6fce1a98-abee-4f04-88ab-e2cf48d3f981,c1,c5,2027,p1,?,
1769091528.7911334,RECEIVED,38a03089-d785-476f-9fd8-6550dbf06012,75630343-7e8b-4558-83bc-d09a26d1ed5a,c1,c5,2044,p1,?,
1769091528.8764563,SENT,7b90dca1-bb49-4b10-a7ad-c248bc7cd3b2,bdb598d3-93e4-483f-bf0c-3763c2525c8b,c1,c5,1463,?,i12,
1769091528.8765051,FORWARDED,7b90dca1-bb49-4b10-a7ad-c248bc7cd3b2,bdb598d3-93e4-483f-bf0c-3763c2525c8b,c1,c5,1463,?,i12,
1769091528.8988504,RECEIVED,b667b43e-abd0-4c90-a162-9ead2ef18ab2,298aa395-68b8-4fe4-b1cc-2aa553fe756d,c1,c5,2025,p1,?,
1769091528.902058,RECEIVED,cee5db77-096b-48c3-9577-a9643d0f7cc9,d2021434-b519-4e0e-8fb7-c4fa7b195dc5,c1,DROP,1439,p1,?,
1769091528.9401128,SENT,7c07ad83-1c87-4c95-8af2-d9fad55f4dbe,e2061fe0-e1c1-4f5d-99be-dac94c7e5e3b,c1,DROP,1012,?,i9,
1769091528.9401555,FORWARDED,7c07ad83-1c87-4c95-8af2-d9fad55f4dbe,e2061fe0-e1c1-4f5d-99be-dac94c7e5e3b,c1,DROP,1012,?,i9,
1769091528.9487247,SENT,b667b43e-abd0-4c90-a162-9ead2ef18ab2,298aa395-68b8-4fe4-b1cc-2aa553fe756d,c1,c5,1444,?,i11,
1769091528.9487689,FORWARDED,b667b43e-abd0-4c90-a162-9ead2ef18ab2,298aa395-68b8-4fe4-b1cc-2aa553fe756d,c1,c5,1444,?,i11,
1769091529.0146399,RECEIVED,1381a986-d2da-441e-913a-8ec17893b0e2,031a34f4-82ff-4437-945f-a06293e04fa9,c4,c1,2044,p1,?,
1769091529.1120906,SENT,38a03089-d785-476f-9fd8-6550dbf06012,75630343-7e8b-4558-83bc-d09a26d1ed5a,c1,c5,1459,?,i4,
1769091529.1121328,FORWARDED,38a03089-d785-476f-9fd8-6550dbf06012,75630343-7e8b-4558-83bc-d09a26d1ed5a,c1,c5,1459,?,i4,
1769091529.148965,SENT,a0613f58-dc8d-4a44-821c-3ff75b043e23,97823ab8-cc86-4d77-bdb9-617abad986b8,c2,c1,1451,?,i9,
1769091529.149007,FORWARDED,a0613f58-dc8d-4a44-821c-3ff75b043e23,97823ab8-cc86-4d77-bdb9-617abad986b8,c2,c1,1451,?,i9,
1769091529.168163,SENT,1381a986-d2da-441e-913a-8ec17893b0e2,031a34f4-82ff-4437-945f-a06293e04fa9,c4,c1,1461,?,i12,
1769091529.1682057,FORWARDED,1381a986-d2da-441e-913a-8ec17893b0e2,031a34f4-82ff-4437-945f-a06293e04fa9,c4,c1,1461,?,i12,
1769091529.2619023,RECEIVED,e60709b1-c7b9-4b93-87fb-fe4fd3a85a3d,5c9da828-97bb-49e5-b12d-a8cab92cd0d3,c3,c4,2031,p3,?,
1769091529.2857807,RECEIVED,ae64548a-ebc6-4d19-a629-5e7e28808858,26830d4f-c454-4c12-8e77-b2668841a847,c5,c4,2028,p2,?,
1769091529.43722,RECEIVED,ea21932c-e433-49d6-8127-b0e92c430a28,56aea8f5-3efb-4e67-93a5-5c3f6d1f5c07,c5,DROP,1452,p2,?,
1769091529.4445245,SENT,ae64548a-ebc6-4d19-a629-5e7e28808858,26830d4f-c454-4c12-8e77-b2668841a847,c5,c4,1448,?,i4,
1769091529.4445658,FORWARDED,ae64548a-ebc6-4d19-a629-5e7e28808858,26830d4f-c454-4c12-8e77-b2668841a847,c5,c4,1448,?,i4,
1769091529.5376265,SENT,e60709b1-c7b9-4b93-87fb-fe4fd3a85a3d,5c9da828-97bb-49e5-b12d-a8cab92cd0d3,c3,c4,1452,?,i5,
1769091529.5376658,FORWARDED,e60709b1-c7b9-4b93-87fb-fe4fd3a85a3d,5c9da828-97bb-49e5-b12d-a8cab92cd0d3,c3,c4,1452,?,i5,
1769091529.575145,RECEIVED,b9e95d0d-b104-4dde-b194-90e605ebd6d8,9819d20a-aaa1-48e0-9042-cfaab1edc949,c3,c4,2019,p3,?,
1769091529.5986109,RECEIVED,5340dada-a94a-4c5a-9507-5d16461e95df,44634518-bc7f-4782-8312-9f172b355288,c5,DROP,1455,p2,?,
1769091529.6408126,RECEIVED,efebe14f-bb42-42e4-a67c-e8c9cdac31c8,1422961e-059f-40b9-9a47-0827e482d325,c5,c4,2040,p2,?,
1769091529.7097936,SENT,cee5db77-096b-48c3-9577-a9643d0f7cc9,d2021434-b519-4e0e-8fb7-c4fa7b195dc5,c1,DROP,1007,?,i5,
1769091529.710021,FORWARDED,cee5db77-096b-48c3-9577-a9643d0f7cc9,d2021434-b519-4e0e-8fb7-c4fa7b195dc5,c1,DROP,1007,?,i5,
1769091529.7280154,RECEIVED,0df08b00-41c6-48b4-87b2-95d5a62ae916,8d388dd7-8a55-4ad5-91c2-27705afceede,c5,c4,2046,p2,?,
1769091529.8542979,SENT,ea21932c-e433-49d6-8127-b0e92c430a28,56aea8f5-3efb-4e67-93a5-5c3f6d1f5c07,c5,DROP,1015,?,i12,
1769091529.8543503,FORWARDED,ea21932c-e433-49d6-8127-b0e92c430a28,56aea8f5-3efb-4e67-93a5-5c3f6d1f5c07,c5,DROP,1015,?,i12,
1769091529.9473395,RECEIVED,e3f64a32-97e8-4f09-a132-0f81a2f71936,201bcead-43cf-46e3-9a5b-02576aead566,c2,DROP,441,x6,?,
1769091529.9759223,SENT,b9e95d0d-b104-4dde-b194-90e605ebd6d8,9819d20a-aaa1-48e0-9042-cfaab1edc949,c3,c4,1443,?,i8,
1769091529.9759634,FORWARDED,b9e95d0d-b104-4dde-b194-90e605ebd6d8,9819d20a-aaa1-48e0-9042-cfaab1edc949,c3,c4,1443,?,i8,
1769091530.0807912,SENT,0df08b00-41c6-48b4-87b2-95d5a62ae916,8d388dd7-8a55-4ad5-91c2-27705afceede,c5,c4,1464,?,i7,
1769091530.0808332,FORWARDED,0df08b00-41c6-48b4-87b2-95d5a62ae916,8d388dd7-8a55-4ad5-91c2-27705afceede,c5,c4,1464,?,i7,
1769091530.192407,RECEIVED,146b0acc-ac57-46a3-bd30-0a7ff953936e,4b8b2b8e-f666-4148-b995-7aadc2a96ad4,c1,c5,2040,p1,?,
1769091530.2290835,RECEIVED,fa7b1dc6-1a18-4c67-b54e-6ca5212117cb,34b353de-6056-4ea8-a098-c90060320ebd,c2,c1,2047,p2,?,
1769091530.246866,RECEIVED,9174b1fe-694c-4c79-a8b0-7b7efc70228f,e1f38177-b0d4-4be5-a77a-c2adc3752834,c1,c5,2020,p1,?,
1769091530.25721,SENT,5340dada-a94a-4c5a-9507-5d16461e95df,44634518-bc7f-4782-8312-9f172b355288,c5,DROP,1019,?,i2,
1769091530.2572515,FORWARDED,5340dada-a94a-4c5a-9507-5d16461e95df,44634518-bc7f-4782-8312-9f172b355288,c5,DROP,1019,?,i2,
1769091530.2906823,RECEIVED,2e995109-8a4c-43cf-a1f8-cb1014347e8b,5bc81d71-3d9a-402e-abef-6e5acb1a75ac,c5,c4,2039,p2,?,
1769091530.3053052,SENT,9174b1fe-694c-4c79-a8b0-7b7efc70228f,e1f38177-b0d4-4be5-a77a-c2adc3752834,c1,c5,1443,?,i8,
1769091530.3053432,FORWARDED,9174b1fe-694c-4c79-a8b0-7b7efc70228f,e1f38177-b0d4-4be5-a77a-c2adc3752834,c1,c5,1443,?,i8,
1769091530.3429856,SENT,f75dfb82-600d-441b-ab9e-0eec2e6be3eb,6fce1a98-abee-4f04-88ab-e2cf48d3f981,c1,c5,1449,?,i5,
1769091530.3430297,FORWARDED,f75dfb82-600d-441b-ab9e-0eec2e6be3eb,6fce1a98-abee-4f04-88ab-e2cf48d3f981,c1,c5,1449,?,i5,
1769091530.4457905,SENT,efebe14f-bb42-42e4-a67c-e8c9cdac31c8,1422961e-059f-40b9-9a47-0827e482d325,c5,c4,1456,?,i12,
1769091530.4460325,FORWARDED,efebe14f-bb42-42e4-a67c-e8c9cdac31c8,1422961e-059f-40b9-9a47-0827e482d325,c5,c4,1456,?,i12,
1769091530.5322363,RECEIVED,39b7ee25-1077-4a7a-a708-47e10494b368,e9cbdcda-e675-4ed2-bc5a-f62d6b10ef63,c3,DROP,1452,p3,?,
1769091530.5426672,SENT,146b0acc-ac57-46a3-bd30-0a7ff953936e,4b8b2b8e-f666-4148-b995-7aadc2a96ad4,c1,c5,1456,?,i12,
1769091530.5427105,FORWARDED,146b0acc-ac57-46a3-bd30-0a7ff953936e,4b8b2b8e-f666-4148-b995-7aadc2a96ad4,c1,c5,1456,?,i12,
1769091530.5830965,RECEIVED,477b55da-bbc3-43a1-8731-1ac9caff2a2d,270aed26-8447-4123-a50d-092f91a59040,c2,c1,2032,p2,?,
1769091530.6099968,FORWARDED,2e995109-8a4c-43cf-a1f8-cb1014347e8b,5bc81d71-3d9a-402e-abef-6e5acb1a75ac,c5,c4,1456,?,i6,
1769091530.65687,SENT,477b55da-bbc3-43a1-8731-1ac9caff2a2d,270aed26-8447-4123-a50d-092f91a59040,c2,c1,1452,?,i9,
1769091530.6569092,FORWARDED,477b55da-bbc3-43a1-8731-1ac9caff2a2d,270aed26-8447-4123-a50d-092f91a59040,c2,c1,1452,?,i9,
1769091530.8138177,RECEIVED,eb854889-2f35-4b41-93c3-ed5b054113cc,dcd95e8d-5e50-48e3-b761-cc1c9bc22550,c3,c4,2035,p3,?,
1769091530.8436537,RECEIVED,446b6840-6db6-484f-bf52-02e5c4c6b51a,8ce881fc-5440-452d-9207-f1865de1dfd9,c4,c1,2035,p1,?,
1769091531.009449,SENT,eb854889-2f35-4b41-93c3-ed5b054113cc,dcd95e8d-5e50-48e3-b761-cc1c9bc22550,c3,c4,1455,?,i7,
1769091531.0094883,FORWARDED,eb854889-2f35-4b41-93c3-ed5b054113cc,dcd95e8d-5e50-48e3-b761-cc1c9bc22550,c3,c4,1455,?,i7,
1769091531.2031083,RECEIVED,4b950975-c472-42fd-aa3b-53a172e83f28,63127582-8c89-4900-8aec-2b2f6a016374,c3,c4,2045,p3,?,
1769091531.2318735,SENT,39b7ee25-1077-4a7a-a708-47e10494b368,e9cbdcda-e675-4ed2-bc5a-f62d6b10ef63,c3,DROP,1017,?,i11,
1769091531.2319117,FORWARDED,39b7ee25-1077-4a7a-a708-47e10494b368,e9cbdcda-e675-4ed2-bc5a-f62d6b10ef63,c3,DROP,1017,?,i11,
1769091531.3125982,RECEIVED,196624fd-2205-4067-aced-d62c95ac9bf3,bc1fcf5c-ca3c-4708-92ff-d774c327fa49,c2,c1,2043,p2,?,
1769091531.3678017,SENT,446b6840-6db6-484f-bf52-02e5c4c6b51a,8ce881fc-5440-452d-9207-f1865de1dfd9,c4,c1,1455,?,i3,
1769091531.3678534,FORWARDED,446b6840-6db6-484f-bf52-02e5c4c6b51a,8ce881fc-5440-452d-9207-f1865de1dfd9,c4,c1,1455,?,i3,
1769091531.381242,SENT,4b950975-c472-42fd-aa3b-53a172e83f28,63127582-8c89-4900-8aec-2b2f6a016374,c3,c4,1460,?,i10,
1769091531.3812788,FORWARDED,4b950975-c472-42fd-aa3b-53a172e83f28,63127582-8c89-4900-8aec-2b2f6a016374,c3,c4,1460,?,i10,
1769091531.403988,RECEIVED,f6f80869-2575-44b1-b7f4-060a806b9895,d4e28fcc-5bf0-4a3a-9aff-1964f2c7eca4,c1,c5,2023,p1,?,
1769091531.4124537,RECEIVED,370d1787-cd7c-4bd6-81a8-6c6d81157f36,d08eab39-829c-4fc0-a8d6-8c4ff4414ffb,c5,DROP,1440,p2,?,
1769091531.4453404,RECEIVED,e01ae0bd-5dec-475b-838f-8a31c1f3fd5d,c7616379-2e6c-4e82-b7ae-2dfd5e827966,c3,DROP,1447,p3,?,
1769091531.5885434,SENT,f6f80869-2575-44b1-b7f4-060a806b9895,d4e28fcc-5bf0-4a3a-9aff-1964f2c7eca4,c1,c5,1445,?,i7,
1769091531.5885835,FORWARDED,f6f80869-2575-44b1-b7f4-060a806b9895,d4e28fcc-5bf0-4a3a-9aff-1964f2c7eca4,c1,c5,1445,?,i7,
1769091531.7669432,SENT,370d1787-cd7c-4bd6-81a8-6c6d81157f36,d08eab39-829c-4fc0-a8d6-8c4ff4414ffb,c5,DROP,1008,?,i9,
1769091531.766982,FORWARDED,370d1787-cd7c-4bd6-81a8-6c6d81157f36,d08eab39-829c-4fc0-a8d6-8c4ff4414ffb,c5,DROP,1008,?,i9,
1769091531.8188796,RECEIVED,1bb36456-a88b-4045-9d7d-1407a08256a1,b5cc941f-2e4a-4c9e-bca0-dbc526180653,c5,c4,2040,p2,?,
1769091531.8267274,RECEIVED,75fbcc7f-5b37-42e2-9fd4-c496c74300d8,8990d232-21f3-4a5c-92a3-62b33a41469b,c4,c1,2039,p1,?,
1769091531.9482565,SENT,196624fd-2205-4067-aced-d62c95ac9bf3,bc1fcf5c-ca3c-4708-92ff-d774c327fa49,c2,c1,1460,?,i1,
1769091531.948688,FORWARDED,196624fd-2205-4067-aced-d62c95ac9bf3,bc1fcf5c-ca3c-4708-92ff-d774c327fa49,c2,c1,1460,?,i1,
1769091531.9695218,SENT,1bb36456-a88b-4045-9d7d-1407a08256a1,b5cc941f-2e4a-4c9e-bca0-dbc526180653,c5,c4,1456,?,i9,
1769091531.9695647,FORWARDED,1bb36456-a88b-4045-9d7d-1407a08256a1,b5cc941f-2e4a-4c9e-bca0-dbc526180653,c5,c4,1456,?,i9,
1769091531.988831,SENT,fa7b1dc6-1a18-4c67-b54e-6ca5212117cb,34b353de-6056-4ea8-a098-c90060320ebd,c2,c1,1462,?,i8,
1769091531.9888725,FORWARDED,fa7b1dc6-1a18-4c67-b54e-6ca5212117cb,34b353de-6056-4ea8-a098-c90060320ebd,c2,c1,1462,?,i8,
1769091532.0012405,RECEIVED,de52b656-b14a-4215-b368-ab94ee081c02,8e4f1f76-b599-4477-9298-1118f666073e,c4,c1,2032,p1,?,
1769091532.0636983,RECEIVED,a9107e36-b2b6-47fb-8d6f-b586c768a518,eafd5434-a706-4420-9658-aed57f3ecc3a,c2,c1,2045,p2,?,
1769091532.09203,SENT,a9107e36-b2b6-47fb-8d6f-b586c768a518,eafd5434-a706-4420-9658-aed57f3ecc3a,c2,c1,1461,?,i1,
1769091532.092112,FORWARDED,a9107e36-b2b6-47fb-8d6f-b586c768a518,eafd5434-a706-4420-9658-aed57f3ecc3a,c2,c1,1461,?,i1,
1769091532.546173,SENT,de52b656-b14a-4215-b368-ab94ee081c02,8e4f1f76-b599-4477-9298-1118f666073e,c4,c1,1451,?,i11,
1769091532.546211,FORWARDED,de52b656-b14a-4215-b368-ab94ee081c02,8e4f1f76-b599-4477-9298-1118f666073e,c4,c1,1451,?,i11,
1769091532.5467803,RECEIVED,cb1fbc0a-091e-416a-b79e-1257dd440f18,855704bd-0281-46cb-83e2-167b1f2f9051,c3,DROP,1452,p3,?,
1769091532.5495825,RECEIVED,b3d6babf-d069-4c46-b05c-3f5ef3e60fb2,f6bf5991-1499-4692-a09a-db081d3dfec8,c2,c1,2023,p2,?,
1769091532.6477873,FORWARDED,cb1fbc0a-091e-416a-b79e-1257dd440f18,855704bd-0281-46cb-83e2-167b1f2f9051,c3,DROP,1015,?,i6,
1769091532.9702084,SENT,e01ae0bd-5dec-475b-838f-8a31c1f3fd5d,c7616379-2e6c-4e82-b7ae-2dfd5e827966,c3,DROP,1012,?,i2,
1769091532.970251,FORWARDED,e01ae0bd-5dec-475b-838f-8a31c1f3fd5d,c7616379-2e6c-4e82-b7ae-2dfd5e827966,c3,DROP,1012,?,i2,
1769091533.0965953,RECEIVED,a5b6fbe9-3ba0-4174-b8f1-bb062484e089,c7c15325-7852-4e9a-acaa-030a97b64dfa,c1,DROP,1445,p1,?,
1769091533.2488985,SENT,a5b6fbe9-3ba0-4174-b8f1-bb062484e089,c7c15325-7852-4e9a-acaa-030a97b64dfa,c1,DROP,1011,?,i11,
1769091533.248938,FORWARDED,a5b6fbe9-3ba0-4174-b8f1-bb062484e089,c7c15325-7852-4e9a-acaa-030a97b64dfa,c1,DROP,1011,?,i11,
1769091533.256554,SENT,b3d6babf-d069-4c46-b05c-3f5ef3e60fb2,f6bf5991-1499-4692-a09a-db081d3dfec8,c2,c1,1446,?,i2,
1769091533.2566576,FORWARDED,b3d6babf-d069-4c46-b05c-3f5ef3e60fb2,f6bf5991-1499-4692-a09a-db081d3dfec8,c2,c1,1446,?,i2,
1769091533.3616621,SENT,75fbcc7f-5b37-42e2-9fd4-c496c74300d8,8990d232-21f3-4a5c-92a3-62b33a41469b,c4,c1,1456,?,i5,
1769091533.3617,FORWARDED,75fbcc7f-5b37-42e2-9fd4-c496c74300d8,8990d232-21f3-4a5c-92a3-62b33a41469b,c4,c1,1456,?,i5,
1769091533.5334544,RECEIVED,1897227c-8b62-4b23-83af-2feab83bed8c,1790db0f-12c3-442a-9120-9060a794dbb4,c4,DROP,1441,p1,?,
1769091533.8975642,RECEIVED,f62436d8-981f-4a2c-96db-6360dd6f1997,830f9a99-fc51-47bc-9871-92c7dd73b7e5,c5,c4,2048,p2,?,
1769091533.936731,SENT,f62436d8-981f-4a2c-96db-6360dd6f1997,830f9a99-fc51-47bc-9871-92c7dd73b7e5,c5,c4,1460,?,i10,
1769091533.9367836,FORWARDED,f62436d8-981f-4a2c-96db-6360dd6f1997,830f9a99-fc51-47bc-9871-92c7dd73b7e5,c5,c4,1460,?,i10,
1769091534.074648,RECEIVED,3d41c5df-6373-4b30-af88-72044e7d7d47,936451b4-a0e5-4244-b14c-65223ea5cc0f,c4,c1,2039,p1,?,
1769091534.1595032,SENT,1897227c-8b62-4b23-83af-2feab83bed8c,1790db0f-12c3-442a-9120-9060a794dbb4,c4,DROP,1010,?,i3,
1769091534.1595476,FORWARDED,1897227c-8b62-4b23-83af-2feab83bed8c,1790db0f-12c3-442a-9120-9060a794dbb4,c4,DROP,1010,?,i3,
1769091534.372133,RECEIVED,d630046d-4e89-46b3-8bc0-8210be9fff9f,60eb1589-18d0-45c3-8d02-eed62ac7bfb8,c2,DROP,1442,p2,?,
1769091534.4626799,SENT,d630046d-4e89-46b3-8bc0-8210be9fff9f,60eb1589-18d0-45c3-8d02-eed62ac7bfb8,c2,DROP,1008,?,i4,
1769091534.4627228,FORWARDED,d630046d-4e89-46b3-8bc0-8210be9fff9f,60eb1589-18d0-45c3-8d02-eed62ac7bfb8,c2,DROP,1008,?,i4,
1769091534.5648394,RECEIVED,43659e6d-7841-48d7-9244-9a20bc868ce6,5776f6c1-9ad1-433f-ae7f-dfeec186e04d,c3,c4,2027,p3,?,
1769091534.6414998,RECEIVED,e9d171bc-44b1-4902-8e5f-9b69a4086457,5152f5fc-5f51-460b-a6b7-cda4a27d2e9b,c1,c5,2032,p1,?,
1769091534.7504537,RECEIVED,30f65b0d-872a-4332-817f-5b0bdd427661,8371eed2-d1eb-4246-9eb4-225963a25b10,c4,c1,2035,p1,?,
1769091534.7659469,RECEIVED,b762f934-f2ff-4241-9657-6b79b4b221c1,53e0e089-c169-4e99-9d83-6edce0fd73f5,c1,c5,2036,p1,?,
1769091534.8130665,RECEIVED,3f3e982d-81dd-427b-86c4-120d8e2b5ba4,d75ee2fc-ada1-42e7-9d61-d826c3eb689e,c2,c1,2027,p2,?,
1769091535.056374,SENT,b762f934-f2ff-4241-9657-6b79b4b221c1,53e0e089-c169-4e99-9d83-6edce0fd73f5,c1,c5,1455,?,i2,
1769091535.0565422,FORWARDED,b762f934-f2ff-4241-9657-6b79b4b221c1,53e0e089-c169-4e99-9d83-6edce0fd73f5,c1,c5,1455,?,i2,
1769091535.2199733,SENT,e9d171bc-44b1-4902-8e5f-9b69a4086457,5152f5fc-5f51-460b-a6b7-cda4a27d2e9b,c1,c5,1451,?,i10,
1769091535.2200139,FORWARDED,e9d171bc-44b1-4902-8e5f-9b69a4086457,5152f5fc-5f51-460b-a6b7-cda4a27d2e9b,c1,c5,1451,?,i10,
1769091535.3148835,RECEIVED,adc33d72-991e-446c-8fe8-4a79d336928a,0ec3f711-20da-48ec-a8f8-71ab38466287,c4,DROP,1456,p1,?,
1769091535.5424328,SENT,30f65b0d-872a-4332-817f-5b0bdd427661,8371eed2-d1eb-4246-9eb4-225963a25b10,c4,c1,1455,?,i9,
1769091535.5424726,FORWARDED,30f65b0d-872a-4332-817f-5b0bdd427661,8371eed2-d1eb-4246-9eb4-225963a25b10,c4,c1,1455,?,i9,
1769091535.5556936,SENT,43659e6d-7841-48d7-9244-9a20bc868ce6,5776f6c1-9ad1-433f-ae7f-dfeec186e04d,c3,c4,1447,?,i4,
1769091535.5557356,FORWARDED,43659e6d-7841-48d7-9244-9a20bc868ce6,5776f6c1-9ad1-433f-ae7f-dfeec186e04d,c3,c4,1447,?,i4,
1769091535.6186783,RECEIVED,c5fcd342-bb38-4d6c-996f-dab8fb728fbc,30b4b922-1922-4ce4-b66e-b7a5f94e8bdb,c3,c4,2032,p3,?,
1769091535.6242692,RECEIVED,04172a7e-ba9f-4462-bbf0-fc2f5dce29dd,366d6a93-1528-4966-a5c3-1ca5fb974dbd,c3,c4,2032,p3,?,
1769091535.656357,SENT,3f3e982d-81dd-427b-86c4-120d8e2b5ba4,d75ee2fc-ada1-42e7-9d61-d826c3eb689e,c2,c1,1447,?,i1,
1769091535.6564002,FORWARDED,3f3e982d-81dd-427b-86c4-120d8e2b5ba4,d75ee2fc-ada1-42e7-9d61-d826c3eb689e,c2,c1,1447,?,i1,
1769091535.6917787,RECEIVED,800471a6-0e21-4079-9633-9d51e270d5c5,d83798fe-04d5-404d-8156-d8b5fcec1d52,c4,DROP,1439,p1,?,
1769091535.7819405,SENT,c5fcd342-bb38-4d6c-996f-dab8fb728fbc,30b4b922-1922-4ce4-b66e-b7a5f94e8bdb,c3,c4,1451,?,i2,
1769091535.781982,FORWARDED,c5fcd342-bb38-4d6c-996f-dab8fb728fbc,30b4b922-1922-4ce4-b66e-b7a5f94e8bdb,c3,c4,1451,?,i2,
1769091535.790176,RECEIVED,55ab038c-3b70-4662-a640-14933c3fc482,ba78e891-6922-4b21-bb81-598b7309c339,c4,c1,2054,p1,?,
1769091535.7944667,RECEIVED,c4a6e6a3-f511-4c7c-9a1b-5f8d1f108cb4,06f646d9-779f-4b38-94b0-12ed8d766045,c1,c5,2023,p1,?,
1769091535.846791,SENT,3d41c5df-6373-4b30-af88-72044e7d7d47,936451b4-a0e5-4244-b14c-65223ea5cc0f,c4,c1,1456,?,i10,
1769091535.8468244,FORWARDED,3d41c5df-6373-4b30-af88-72044e7d7d47,936451b4-a0e5-4244-b14c-65223ea5cc0f,c4,c1,1456,?,i10,
1769091535.8975677,RECEIVED,59321674-d770-42da-82c4-d3c34352769f,a2f53739-7de6-4cf4-83ab-3413363f0500,c1,c5,2036,p1,?,
1769091535.9066682,RECEIVED,0d0a3a14-a1ae-43c4-b88f-cd042834bfcd,95f46fe2-7d3a-42cf-b14a-98f6d7797eed,c2,DROP,1439,p2,?,
1769091535.921158,RECEIVED,0078a15c-0e2a-4581-b2ca-9358aeccf53f,9a391de8-1b5d-475a-b615-81a015698b20,c3,c4,2041,p3,?,
1769091535.9753313,SENT,0078a15c-0e2a-4581-b2ca-9358aeccf53f,9a391de8-1b5d-475a-b615-81a015698b20,c3,c4,1456,?,i11,
1769091535.9753718,FORWARDED,0078a15c-0e2a-4581-b2ca-9358aeccf53f,9a391de8-1b5d-475a-b615-81a015698b20,c3,c4,1456,?,i11,
1769091536.0116308,SENT,adc33d72-991e-446c-8fe8-4a79d336928a,0ec3f711-20da-48ec-a8f8-71ab38466287,c4,DROP,1020,?,i12,
1769091536.011671,FORWARDED,adc33d72-991e-446c-8fe8-4a79d336928a,0ec3f711-20da-48ec-a8f8-71ab38466287,c4,DROP,1020,?,i12,
1769091536.1277785,SENT,04172a7e-ba9f-4462-bbf0-fc2f5dce29dd,366d6a93-1528-4966-a5c3-1ca5fb974dbd,c3,c4,1451,?,i5,
1769091536.127831,FORWARDED,04172a7e-ba9f-4462-bbf0-fc2f5dce29dd,366d6a93-1528-4966-a5c3-1ca5fb974dbd,c3,c4,1451,?,i5,
1769091536.1918247,RECEIVED,cbc3651f-7417-49ce-85db-7821deb276ea,6b76f695-67fe-453b-b243-784458205efd,c4,c1,2044,p1,?,
1769091536.2478085,SENT,cbc3651f-7417-49ce-85db-7821deb276ea,6b76f695-67fe-453b-b243-784458205efd,c4,c1,1460,?,i1,
1769091536.2478454,FORWARDED,cbc3651f-7417-49ce-85db-7821deb276ea,6b76f695-67fe-453b-b243-784458205efd,c4,c1,1460,?,i1,
1769091536.312603,FORWARDED,55ab038c-3b70-4662-a640-14933c3fc482,ba78e891-6922-4b21-bb81-598b7309c339,c4,c1,1468,?,i6,
1769091536.4465423,SENT,0d0a3a14-a1ae-43c4-b88f-cd042834bfcd,95f46fe2-7d3a-42cf-b14a-98f6d7797eed,c2,DROP,1007,?,i7,
1769091536.4465792,FORWARDED,0d0a3a14-a1ae-43c4-b88f-cd042834bfcd,95f46fe2-7d3a-42cf-b14a-98f6d7797eed,c2,DROP,1007,?,i7,
1769091536.654665,RECEIVED,1788c72b-0cae-468f-86c5-b95a91d77d20,da7716ba-970c-47cb-b5e1-df455c6237cb,c5,DROP,1443,p2,?,
1769091536.7205713,SENT,59321674-d770-42da-82c4-d3c34352769f,a2f53739-7de6-4cf4-83ab-3413363f0500,c1,c5,1455,?,i11,
1769091536.72062,FORWARDED,59321674-d770-42da-82c4-d3c34352769f,a2f53739-7de6-4cf4-83ab-3413363f0500,c1,c5,1455,?,i11,
1769091536.8360431,SENT,800471a6-0e21-4079-9633-9d51e270d5c5,d83798fe-04d5-404d-8156-d8b5fcec1d52,c4,DROP,1007,?,i9,
1769091536.8361557,FORWARDED,800471a6-0e21-4079-9633-9d51e270d5c5,d83798fe-04d5-404d-8156-d8b5fcec1d52,c4,DROP,1007,?,i9,
1769091536.8661804,RECEIVED,3e319b3f-3370-46c0-b3d8-f49a978e844f,2424a655-2a1f-404d-989b-5aa31e488975,c5,DROP,442,x3,?,
1769091536.9249392,RECEIVED,444392b5-eb3f-4c88-bca7-809a2db48847,7e295d5f-6365-4230-9396-096ff513dbc8,c4,c1,2045,p1,?,
1769091536.9386332,SENT,444392b5-eb3f-4c88-bca7-809a2db48847,7e295d5f-6365-4230-9396-096ff513dbc8,c4,c1,1460,?,i4,
1769091536.9386668,FORWARDED,444392b5-eb3f-4c88-bca7-809a2db48847,7e295d5f-6365-4230-9396-096ff513dbc8,c4,c1,1460,?,i4,
1769091537.057629,RECEIVED,fe0ab625-3889-4a4c-b7be-815d595dcc56,0ea7f939-afb0-4686-8eb4-8f112c0ed2f3,c4,c1,2039,p1,?,
1769091537.1036196,SENT,c4a6e6a3-f511-4c7c-9a1b-5f8d1f108cb4,06f646d9-779f-4b38-94b0-12ed8d766045,c1,c5,1444,?,i4,
1769091537.1036603,FORWARDED,c4a6e6a3-f511-4c7c-9a1b-5f8d1f108cb4,06f646d9-779f-4b38-94b0-12ed8d766045,c1,c5,1444,?,i4,
1769091537.1202934,SENT,1788c72b-0cae-468f-86c5-b95a91d77d20,da7716ba-970c-47cb-b5e1-df455c6237cb,c5,DROP,1011,?,i8,
1769091537.1203344,FORWARDED,1788c72b-0cae-468f-86c5-b95a91d77d20,da7716ba-970c-47cb-b5e1-df455c6237cb,c5,DROP,1011,?,i8,
1769091537.164584,RECEIVED,dac8b27a-6d2b-456a-9a5c-fc448a319a2c,11a30b52-149e-4fff-9759-cedd57dd90ae,c5,c4,2035,p2,?,
1769091537.7258854,RECEIVED,c0a5a969-178e-48d2-b623-145cfe4366da,9b1db424-a2bb-40ec-a263-e365c35ad007,c3,c4,2040,p3,?,
1769091537.754705,RECEIVED,06493ad0-2abf-4f5a-afd4-8d2552da5bf3,993581cf-534d-4468-88ae-ea4fe7e0f8bb,c1,c5,2035,p1,?,
1769091537.805075,SENT,c0a5a969-178e-48d2-b623-145cfe4366da,9b1db424-a2bb-40ec-a263-e365c35ad007,c3,c4,1456,?,i7,
1769091537.805124,FORWARDED,c0a5a969-178e-48d2-b623-145cfe4366da,9b1db424-a2bb-40ec-a263-e365c35ad007,c3,c4,1456,?,i7,
1769091537.870539,RECEIVED,a3138b7b-359a-4001-86a4-75dfc36c0eb6,89ac6ff2-e71c-467a-8678-ac5c347d24b6,c4,DROP,1452,p1,?,
1769091537.9569263,SENT,06493ad0-2abf-4f5a-afd4-8d2552da5bf3,993581cf-534d-4468-88ae-ea4fe7e0f8bb,c1,c5,1455,?,i3,
1769091537.9569666,FORWARDED,06493ad0-2abf-4f5a-afd4-8d2552da5bf3,993581cf-534d-4468-88ae-ea4fe7e0f8bb,c1,c5,1455,?,i3,
1769091538.001722,RECEIVED,09a3e1cb-9fbe-4674-b365-ac3ffb96a460,d6278066-a1b5-48ad-9346-b828de096cb9,c5,DROP,1448,p2,?,
1769091538.02635,SENT,a3138b7b-359a-4001-86a4-75dfc36c0eb6,89ac6ff2-e71c-467a-8678-ac5c347d24b6,c4,DROP,1016,?,i3,
1769091538.0263915,FORWARDED,a3138b7b-359a-4001-86a4-75dfc36c0eb6,89ac6ff2-e71c-467a-8678-ac5c347d24b6,c4,DROP,1016,?,i3,
1769091538.0553355,RECEIVED,ee5878e3-2763-49bb-b4d5-0c270e19ad33,5a17b32f-bb34-4b02-93bd-5c3890d97d40,c5,DROP,1440,p2,?,
1769091538.1489978,SENT,fe0ab625-3889-4a4c-b7be-815d595dcc56,0ea7f939-afb0-4686-8eb4-8f112c0ed2f3,c4,c1,1457,?,i4,
1769091538.1490407,FORWARDED,fe0ab625-3889-4a4c-b7be-815d595dcc56,0ea7f939-afb0-4686-8eb4-8f112c0ed2f3,c4,c1,1457,?,i4,
1769091538.1646805,SENT,ee5878e3-2763-49bb-b4d5-0c270e19ad33,5a17b32f-bb34-4b02-93bd-5c3890d97d40,c5,DROP,1007,?,i11,
1769091538.1647222,FORWARDED,ee5878e3-2763-49bb-b4d5-0c270e19ad33,5a17b32f-bb34-4b02-93bd-5c3890d97d40,c5,DROP,1007,?,i11,
1769091538.2218041,FORWARDED,09a3e1cb-9fbe-4674-b365-ac3ffb96a460,d6278066-a1b5-48ad-9346-b828de096cb9,c5,DROP,1013,?,i6,
1769091538.2943854,FORWARDED,dac8b27a-6d2b-456a-9a5c-fc448a319a2c,11a30b52-149e-4fff-9759-cedd57dd90ae,c5,c4,1454,?,i6,
1769091538.2960763,RECEIVED,f4013c2b-2f7d-40a2-a752-7bc82e0b9769,4b774c7c-e49a-4e3b-833f-daa612298688,c3,DROP,1455,p3,?,
1769091538.3537776,RECEIVED,ed3b0a85-cea1-4fc5-bd75-4993537d9ab1,e003330f-0f0d-481f-8ce9-a05b06f083fb,c4,DROP,1439,p1,?,
1769091538.4198148,RECEIVED,fb2201f0-3efd-418f-8757-57fb3ee0dd9d,efd8d27b-fa07-47bb-8585-d1c26b2b7d1a,c1,c5,2038,p1,?,
1769091538.5738084,SENT,fb2201f0-3efd-418f-8757-57fb3ee0dd9d,efd8d27b-fa07-47bb-8585-d1c26b2b7d1a,c1,c5,1456,?,i2,
1769091538.5738468,FORWARDED,fb2201f0-3efd-418f-8757-57fb3ee0dd9d,efd8d27b-fa07-47bb-8585-d1c26b2b7d1a,c1,c5,1456,?,i2,
1769091538.811499,RECEIVED,2f8663cb-2d4e-497e-bfcb-f356754e7e14,81b89e7a-17db-4d67-ac69-2fc0e1f81d14,c3,DROP,445,x1,?,
1769091538.8302655,SENT,ed3b0a85-cea1-4fc5-bd75-4993537d9ab1,e003330f-0f0d-481f-8ce9-a05b06f083fb,c4,DROP,1008,?,i2,
1769091538.8305504,FORWARDED,ed3b0a85-cea1-4fc5-bd75-4993537d9ab1,e003330f-0f0d-481f-8ce9-a05b06f083fb,c4,DROP,1008,?,i2,
1769091539.0485375,RECEIVED,086b7477-2837-4804-b5a3-0667bc993e40,fbbb55f8-ce8d-4c25-913a-27c00404043e,c4,DROP,1438,p1,?,
1769091539.527485,RECEIVED,b1fee8aa-7e5d-4082-a047-926e0dabba25,d710d5f3-f1e0-4fd4-90cf-f9098d7f97e2,c1,DROP,1451,p1,?,
1769091539.5491714,RECEIVED,551e5721-9302-43b8-a613-0fc0ab84f03a,cf15c1b6-edbb-45ee-ac67-0edef2dd543a,c4,c1,2043,p1,?,
1769091539.8810093,SENT,b1fee8aa-7e5d-4082-a047-926e0dabba25,d710d5f3-f1e0-4fd4-90cf-f9098d7f97e2,c1,DROP,1015,?,i4,
1769091539.88107,FORWARDED,b1fee8aa-7e5d-4082-a047-926e0dabba25,d710d5f3-f1e0-4fd4-90cf-f9098d7f97e2,c1,DROP,1015,?,i4,
1769091539.888604,SENT,551e5721-9302-43b8-a613-0fc0ab84f03a,cf15c1b6-edbb-45ee-ac67-0edef2dd543a,c4,c1,1460,?,i4,
1769091539.888646,FORWARDED,551e5721-9302-43b8-a613-0fc0ab84f03a,cf15c1b6-edbb-45ee-ac67-0edef2dd543a,c4,c1,1460,?,i4,
1769091539.9104216,SENT,f4013c2b-2f7d-40a2-a752-7bc82e0b9769,4b774c7c-e49a-4e3b-833f-daa612298688,c3,DROP,1018,?,i11,
1769091539.9104683,FORWARDED,f4013c2b-2f7d-40a2-a752-7bc82e0b9769,4b774c7c-e49a-4e3b-833f-daa612298688,c3,DROP,1018,?,i11,
1769091540.0459294,RECEIVED,29a46615-ca36-4308-bafa-7a62e0727ac0,8e66bd2b-82fd-4ae9-bd66-870a1274e5ff,c2,c1,2049,p2,?,
1769091540.3736584,RECEIVED,fc1ed8dc-f10e-4fa5-a8d6-40d28efcdaf0,f7dcc0e4-2677-4810-b6a1-07228c5201bd,c5,c4,2048,p2,?,
1769091540.4604642,SENT,fc1ed8dc-f10e-4fa5-a8d6-40d28efcdaf0,f7dcc0e4-2677-4810-b6a1-07228c5201bd,c5,c4,1464,?,i4,
1769091540.4605055,FORWARDED,fc1ed8dc-f10e-4fa5-a8d6-40d28efcdaf0,f7dcc0e4-2677-4810-b6a1-07228c5201bd,c5,c4,1464,?,i4,
1769091540.5120018,RECEIVED,36883e1d-8f6e-4a9f-9f78-8e8635039b50,bebea166-b4dc-491f-a605-43f935b1edc3,c3,c4,2028,p3,?,
1769091540.5802498,FORWARDED,36883e1d-8f6e-4a9f-9f78-8e8635039b50,bebea166-b4dc-491f-a605-43f935b1edc3,c3,c4,1448,?,i6,
1769091540.670502,RECEIVED,57659d02-e2b1-4031-8bca-397f2ec19341,136d592a-e31a-4ce9-b6f1-9afe5420838d,c3,DROP,1457,p3,?,
1769091540.691014,RECEIVED,ddecd5e5-35de-4bb9-9d82-f256f797c962,31621dc9-628e-40a8-86f0-9ffed2850df7,c1,c5,2039,p1,?,
1769091540.9231825,RECEIVED,303e7754-c0c3-484a-a9ab-aad4e48c7250,4838bbb9-db22-427b-9697-c82f745c4312,c3,c4,2028,p3,?,
1769091540.962706,RECEIVED,630d15f6-2b85-402f-aea7-36fb45f62a69,6359b940-d616-44bb-a2d3-8a2a48d6edd2,c2,c1,2040,p2,?,
1769091541.007709,SENT,630d15f6-2b85-402f-aea7-36fb45f62a69,6359b940-d616-44bb-a2d3-8a2a48d6edd2,c2,c1,1456,?,i3,
1769091541.0077484,FORWARDED,630d15f6-2b85-402f-aea7-36fb45f62a69,6359b940-d616-44bb-a2d3-8a2a48d6edd2,c2,c1,1456,?,i3,
1769091541.0815842,FORWARDED,303e7754-c0c3-484a-a9ab-aad4e48c7250,4838bbb9-db22-427b-9697-c82f745c4312,c3,c4,1448,?,i6,
1769091541.1140277,RECEIVED,314885b7-09d6-4188-b4fa-ca6f627c78a1,7c18f3a7-d6ba-4898-a79e-e5258b652826,c3,DROP,1455,p3,?,
1769091541.12111,SENT,57659d02-e2b1-4031-8bca-397f2ec19341,136d592a-e31a-4ce9-b6f1-9afe5420838d,c3,DROP,1020,?,i12,
1769091541.1211834,FORWARDED,57659d02-e2b1-4031-8bca-397f2ec19341,136d592a-e31a-4ce9-b6f1-9afe5420838d,c3,DROP,1020,?,i12,
1769091541.166302,RECEIVED,d560cb86-536b-4a4f-9df5-f1067063adc3,bd7fd13d-ef31-45cf-b87d-3b4b8286560b,c1,DROP,1456,p1,?,
1769091541.1805906,RECEIVED,dba6ee61-65b7-4024-9863-78be02bb4c41,bd8fdc44-41f9-4285-a0f3-690f564ed975,c4,DROP,1452,p1,?,
1769091541.2514632,SENT,dba6ee61-65b7-4024-9863-78be02bb4c41,bd8fdc44-41f9-4285-a0f3-690f564ed975,c4,DROP,1016,?,i1,
1769091541.2515047,FORWARDED,dba6ee61-65b7-4024-9863-78be02bb4c41,bd8fdc44-41f9-4285-a0f3-690f564ed975,c4,DROP,1016,?,i1,
1769091541.3017118,RECEIVED,eeac33d5-eaa8-4e0b-8731-776ced3b61d2,ec309ca8-1db0-45ce-864b-565b99357dce,c4,DROP,1451,p1,?,
1769091541.4065404,RECEIVED,872f4580-1a0a-4e16-af3b-5365107076c5,05112074-2dc0-4806-a5ed-e6f3bb806ae1,c1,DROP,1440,p1,?,
1769091541.4106293,RECEIVED,230171a2-c9b0-46e5-8fef-af8e181e0d2d,7044c971-393a-4e58-ae22-e4a2b6a7ca31,c2,c1,2040,p2,?,
1769091541.5020573,SENT,086b7477-2837-4804-b5a3-0667bc993e40,fbbb55f8-ce8d-4c25-913a-27c00404043e,c4,DROP,1007,?,i2,
1769091541.502097,FORWARDED,086b7477-2837-4804-b5a3-0667bc993e40,fbbb55f8-ce8d-4c25-913a-27c00404043e,c4,DROP,1007,?,i2,
1769091541.524287,RECEIVED,d2612b6c-d422-4054-9976-e332ee4bbe2c,2300a354-d159-4e34-b41f-8e9732afae6d,c5,c4,2040,p2,?,
1769091541.5804145,RECEIVED,8828d8d1-d0c6-4737-b755-36826600c26a,720bdab9-6c13-4f27-b96a-07e00bc99e11,c4,DROP,1452,p1,?,
1769091541.6299584,SENT,d2612b6c-d422-4054-9976-e332ee4bbe2c,2300a354-d159-4e34-b41f-8e9732afae6d,c5,c4,1456,?,i2,
1769091541.6299958,FORWARDED,d2612b6c-d422-4054-9976-e332ee4bbe2c,2300a354-d159-4e34-b41f-8e9732afae6d,c5,c4,1456,?,i2,
1769091541.7490969,SENT,ddecd5e5-35de-4bb9-9d82-f256f797c962,31621dc9-628e-40a8-86f0-9ffed2850df7,c1,c5,1456,?,i9,
1769091541.7496998,FORWARDED,ddecd5e5-35de-4bb9-9d82-f256f797c962,31621dc9-628e-40a8-86f0-9ffed2850df7,c1,c5,1456,?,i9,
1769091541.7866843,SENT,230171a2-c9b0-46e5-8fef-af8e181e0d2d,7044c971-393a-4e58-ae22-e4a2b6a7ca31,c2,c1,1456,?,i4,
1769091541.786727,FORWARDED,230171a2-c9b0-46e5-8fef-af8e181e0d2d,7044c971-393a-4e58-ae22-e4a2b6a7ca31,c2,c1,1456,?,i4,
1769091541.8693724,RECEIVED,a92f0d03-1414-47d9-849c-03cefff89ca4,89f5391f-66b6-4543-a910-58da4ed24506,c2,DROP,1439,p2,?,
1769091541.8857498,SENT,8828d8d1-d0c6-4737-b755-36826600c26a,720bdab9-6c13-4f27-b96a-07e00bc99e11,c4,DROP,1016,?,i4,
1769091541.88579,FORWARDED,8828d8d1-d0c6-4737-b755-36826600c26a,720bdab9-6c13-4f27-b96a-07e00bc99e11,c4,DROP,1016,?,i4,
1769091541.9012718,RECEIVED,e7345c85-9f52-4a94-a66f-b7aefff103d8,3fc0bf3c-d2cc-4bd0-962d-7c1fa32dc680,c4,c1,2027,p1,?,
1769091541.912268,SENT,872f4580-1a0a-4e16-af3b-5365107076c5,05112074-2dc0-4806-a5ed-e6f3bb806ae1,c1,DROP,1008,?,i3,
1769091541.9123137,FORWARDED,872f4580-1a0a-4e16-af3b-5365107076c5,05112074-2dc0-4806-a5ed-e6f3bb806ae1,c1,DROP,1008,?,i3,
1769091542.0451527,SENT,d560cb86-536b-4a4f-9df5-f1067063adc3,bd7fd13d-ef31-45cf-b87d-3b4b8286560b,c1,DROP,1020,?,i12,
1769091542.045197,FORWARDED,d560cb86-536b-4a4f-9df5-f1067063adc3,bd7fd13d-ef31-45cf-b87d-3b4b8286560b,c1,DROP,1020,?,i12,
1769091542.0805516,RECEIVED,c82884b3-23b0-4888-b940-23c7af0f0f8f,864fa3d2-6b4a-4e84-bb8c-daf73a0d522b,c3,c4,2034,p3,?,
1769091542.1978087,RECEIVED,563e850c-9774-4c93-9636-8afd435956ae,d15d8abc-fcd1-4946-a3c9-cf8b27fe50da,c2,DROP,1440,p2,?,
1769091542.301766,SENT,563e850c-9774-4c93-9636-8afd435956ae,d15d8abc-fcd1-4946-a3c9-cf8b27fe50da,c2,DROP,1008,?,i4,
1769091542.3018055,FORWARDED,563e850c-9774-4c93-9636-8afd435956ae,d15d8abc-fcd1-4946-a3c9-cf8b27fe50da,c2,DROP,1008,?,i4,
1769091542.317534,FORWARDED,c82884b3-23b0-4888-b940-23c7af0f0f8f,864fa3d2-6b4a-4e84-bb8c-daf73a0d522b,c3,c4,1455,?,i6,
1769091542.4640331,SENT,a92f0d03-1414-47d9-849c-03cefff89ca4,89f5391f-66b6-4543-a910-58da4ed24506,c2,DROP,1007,?,i9,
1769091542.4641385,FORWARDED,a92f0d03-1414-47d9-849c-03cefff89ca4,89f5391f-66b6-4543-a910-58da4ed24506,c2,DROP,1007,?,i9,
1769091542.4683268,RECEIVED,ca6bb789-c654-4b9a-8f72-09ac3dada398,58f96ca5-ea08-413b-8a0e-195c61f43899,c3,c4,2039,p3,?,
1769091542.4989147,RECEIVED,e1fc04db-b34c-4fa3-ac28-8f4fb073797b,3e1fc3fc-dbd8-43d9-aa16-ca4761ba72fb,c1,DROP,1449,p1,?,
1769091542.5680428,SENT,ca6bb789-c654-4b9a-8f72-09ac3dada398,58f96ca5-ea08-413b-8a0e-195c61f43899,c3,c4,1456,?,i2,
1769091542.5680983,FORWARDED,ca6bb789-c654-4b9a-8f72-09ac3dada398,58f96ca5-ea08-413b-8a0e-195c61f43899,c3,c4,1456,?,i2,
1769091542.5808175,SENT,314885b7-09d6-4188-b4fa-ca6f627c78a1,7c18f3a7-d6ba-4898-a79e-e5258b652826,c3,DROP,1019,?,i8,
1769091542.580865,FORWARDED,314885b7-09d6-4188-b4fa-ca6f627c78a1,7c18f3a7-d6ba-4898-a79e-e5258b652826,c3,DROP,1019,?,i8,
1769091542.6148825,RECEIVED,b430e654-4d42-47e9-964e-a064e20a0e32,825b495d-8172-4e12-a6d1-60a125f67a7a,c2,DROP,441,x9,?,
1769091542.7759442,RECEIVED,a760a895-d357-45d1-92c5-83c28a1a672f,6415b024-6bfd-4052-a66c-aa8f6f333ca1,c3,c4,2035,p3,?,
1769091542.8492954,RECEIVED,3b2da0f2-2ade-4316-80ab-0d8608c9b907,c6eaf1b2-31e0-40d1-874f-5c82dfbb6949,c2,c1,2036,p2,?,
1769091542.8773181,SENT,eeac33d5-eaa8-4e0b-8731-776ced3b61d2,ec309ca8-1db0-45ce-864b-565b99357dce,c4,DROP,1016,?,i7,
1769091542.877353,FORWARDED,eeac33d5-eaa8-4e0b-8731-776ced3b61d2,ec309ca8-1db0-45ce-864b-565b99357dce,c4,DROP,1016,?,i7,
1769091542.9361703,FORWARDED,e7345c85-9f52-4a94-a66f-b7aefff103d8,3fc0bf3c-d2cc-4bd0-962d-7c1fa32dc680,c4,c1,1447,?,i6,
1769091542.9590874,SENT,e1fc04db-b34c-4fa3-ac28-8f4fb073797b,3e1fc3fc-dbd8-43d9-aa16-ca4761ba72fb,c1,DROP,1012,?,i12,
1769091542.9591289,FORWARDED,e1fc04db-b34c-4fa3-ac28-8f4fb073797b,3e1fc3fc-dbd8-43d9-aa16-ca4761ba72fb,c1,DROP,1012,?,i12,
1769091543.6047487,RECEIVED,e1aebc10-669a-4465-9a95-168a74287f42,3ad3f2ec-f75e-42a7-b2b8-0b332de87c52,c1,DROP,1446,p1,?,
1769091543.7383382,SENT,3b2da0f2-2ade-4316-80ab-0d8608c9b907,c6eaf1b2-31e0-40d1-874f-5c82dfbb6949,c2,c1,1455,?,i12,
1769091543.7383835,FORWARDED,3b2da0f2-2ade-4316-80ab-0d8608c9b907,c6eaf1b2-31e0-40d1-874f-5c82dfbb6949,c2,c1,1455,?,i12,
1769091543.7632675,RECEIVED,3f7544ee-01d5-4d4e-ab07-ad20fd66c9a8,8121c298-09cc-4e57-8db2-ec100871abf8,c2,c1,2026,p2,?,
1769091543.7965186,RECEIVED,ac77297f-0c92-448f-8c6a-febf70d9b40b,bc21a0cd-761a-43f7-8f33-5bcef44c9dd5,c5,c4,2045,p2,?,
1769091543.8421965,RECEIVED,e671debb-e2e6-4c1c-ad42-f35632c31481,643f2b11-7bd1-478d-8cf5-038d7cca3feb,c5,c4,2031,p2,?,
1769091543.8688376,RECEIVED,28eee51e-16f4-482e-869c-c7bc4cd84f92,95e92a4d-99c3-47a2-bf00-88e993d4434d,c4,DROP,446,x10,?,
1769091543.907541,RECEIVED,00e72ec1-66f9-4ca0-ac80-895f11731886,14ea911e-e6fc-42c4-b851-33d3a7aa92a5,c4,DROP,1451,p1,?,
1769091544.0955625,SENT,3f7544ee-01d5-4d4e-ab07-ad20fd66c9a8,8121c298-09cc-4e57-8db2-ec100871abf8,c2,c1,1447,?,i5,
1769091544.0956118,FORWARDED,3f7544ee-01d5-4d4e-ab07-ad20fd66c9a8,8121c298-09cc-4e57-8db2-ec100871abf8,c2,c1,1447,?,i5,
1769091544.106617,RECEIVED,3f98f4c7-a465-46be-a605-5bd1c58eb847,3cd56b5f-346b-419a-8ba2-a48c1cade336,c5,c4,2031,p2,?,
1769091544.1854727,SENT,ac77297f-0c92-448f-8c6a-febf70d9b40b,bc21a0cd-761a-43f7-8f33-5bcef44c9dd5,c5,c4,1460,?,i12,
1769091544.1855142,FORWARDED,ac77297f-0c92-448f-8c6a-febf70d9b40b,bc21a0cd-761a-43f7-8f33-5bcef44c9dd5,c5,c4,1460,?,i12,
1769091544.2597952,RECEIVED,2fcb7e49-8239-4486-8ccf-a8fe73151cef,bcbd5c6a-fd77-466d-8782-6925dbe6cee7,c4,c1,2040,p1,?,
1769091544.3454497,RECEIVED,35f95492-f046-47e2-b232-29cca67cb3ce,50209e0c-23b8-4a64-8b0a-358084822411,c2,DROP,1457,p2,?,
1769091544.3581388,SENT,29a46615-ca36-4308-bafa-7a62e0727ac0,8e66bd2b-82fd-4ae9-bd66-870a1274e5ff,c2,c1,1466,?,i2,
1769091544.3581872,FORWARDED,29a46615-ca36-4308-bafa-7a62e0727ac0,8e66bd2b-82fd-4ae9-bd66-870a1274e5ff,c2,c1,1466,?,i2,
1769091544.3743222,SENT,35f95492-f046-47e2-b232-29cca67cb3ce,50209e0c-23b8-4a64-8b0a-358084822411,c2,DROP,1019,?,i12,
1769091544.3743603,FORWARDED,35f95492-f046-47e2-b232-29cca67cb3ce,50209e0c-23b8-4a64-8b0a-358084822411,c2,DROP,1019,?,i12,
1769091544.4111733,SENT,00e72ec1-66f9-4ca0-ac80-895f11731886,14ea911e-e6fc-42c4-b851-33d3a7aa92a5,c4,DROP,1016,?,i3,
1769091544.411216,FORWARDED,00e72ec1-66f9-4ca0-ac80-895f11731886,14ea911e-e6fc-42c4-b851-33d3a7aa92a5,c4,DROP,1016,?,i3,
1769091544.4418037,RECEIVED,717e3460-35cc-4b02-b3d5-383ef2d1b16f,be750e9f-372b-42f4-b550-c3c1009f05c9,c2,DROP,1456,p2,?,
1769091544.4871078,SENT,2fcb7e49-8239-4486-8ccf-a8fe73151cef,bcbd5c6a-fd77-466d-8782-6925dbe6cee7,c4,c1,1457,?,i7,
1769091544.487149,FORWARDED,2fcb7e49-8239-4486-8ccf-a8fe73151cef,bcbd5c6a-fd77-466d-8782-6925dbe6cee7,c4,c1,1457,?,i7,
1769091544.5289814,SENT,a760a895-d357-45d1-92c5-83c28a1a672f,6415b024-6bfd-4052-a66c-aa8f6f333ca1,c3,c4,1455,?,i1,
1769091544.5291457,FORWARDED,a760a895-d357-45d1-92c5-83c28a1a672f,6415b024-6bfd-4052-a66c-aa8f6f333ca1,c3,c4,1455,?,i1,
1769091544.6326017,SENT,e1aebc10-669a-4465-9a95-168a74287f42,3ad3f2ec-f75e-42a7-b2b8-0b332de87c52,c1,DROP,1012,?,i8,
1769091544.6326418,FORWARDED,e1aebc10-669a-4465-9a95-168a74287f42,3ad3f2ec-f75e-42a7-b2b8-0b332de87c52,c1,DROP,1012,?,i8,
1769091544.7714844,SENT,3f98f4c7-a465-46be-a605-5bd1c58eb847,3cd56b5f-346b-419a-8ba2-a48c1cade336,c5,c4,1452,?,i2,
1769091544.7715368,FORWARDED,3f98f4c7-a465-46be-a605-5bd1c58eb847,3cd56b5f-346b-419a-8ba2-a48c1cade336,c5,c4,1452,?,i2,
1769091544.777914,RECEIVED,ab377cb2-3b19-4f74-bac1-03e493d4a163,36c190ac-385c-44d7-971e-82a239d6562a,c3,c4,2048,p3,?,
1769091544.8190718,SENT,717e3460-35cc-4b02-b3d5-383ef2d1b16f,be750e9f-372b-42f4-b550-c3c1009f05c9,c2,DROP,1019,?,i10,
1769091544.819113,FORWARDED,717e3460-35cc-4b02-b3d5-383ef2d1b16f,be750e9f-372b-42f4-b550-c3c1009f05c9,c2,DROP,1019,?,i10,
1769091544.846958,SENT,e671debb-e2e6-4c1c-ad42-f35632c31481,643f2b11-7bd1-478d-8cf5-038d7cca3feb,c5,c4,1451,?,i9,
1769091544.8469996,FORWARDED,e671debb-e2e6-4c1c-ad42-f35632c31481,643f2b11-7bd1-478d-8cf5-038d7cca3feb,c5,c4,1451,?,i9,
1769091544.9067328,RECEIVED,96fbb0d8-9434-4206-b4a4-5e284683d867,9034914d-c68a-4d3c-93ea-15aaf6b433e6,c1,c5,2029,p1,?,
1769091544.9252954,RECEIVED,9684ee6e-b4e5-478b-8d1c-54dbf5bb5d22,7c6781e5-59d8-4a5f-ae95-76eb9fba5a2f,c4,c1,2049,p1,?,
1769091544.955598,SENT,ab377cb2-3b19-4f74-bac1-03e493d4a163,36c190ac-385c-44d7-971e-82a239d6562a,c3,c4,1464,?,i5,
1769091544.9556413,FORWARDED,ab377cb2-3b19-4f74-bac1-03e493d4a163,36c190ac-385c-44d7-971e-82a239d6562a,c3,c4,1464,?,i5,
1769091544.9651763,SENT,9684ee6e-b4e5-478b-8d1c-54dbf5bb5d22,7c6781e5-59d8-4a5f-ae95-76eb9fba5a2f,c4,c1,1463,?,i11,
1769091544.9652193,FORWARDED,9684ee6e-b4e5-478b-8d1c-54dbf5bb5d22,7c6781e5-59d8-4a5f-ae95-76eb9fba5a2f,c4,c1,1463,?,i11,
1769091545.193081,RECEIVED,95cc4523-580d-4b15-95ef-5415d5a8e163,db3ca9e7-286a-4e97-adea-4cebe64dfab6,c5,c4,2044,p2,?,
1769091545.2760704,RECEIVED,c1d5bc85-dfc2-4c5f-b5db-38404704333d,acb8dec2-28be-4edc-acd4-8c265d7ac67f,c5,DROP,445,x6,?,
1769091545.300328,SENT,96fbb0d8-9434-4206-b4a4-5e284683d867,9034914d-c68a-4d3c-93ea-15aaf6b433e6,c1,c5,1448,?,i10,
1769091545.3004396,FORWARDED,96fbb0d8-9434-4206-b4a4-5e284683d867,9034914d-c68a-4d3c-93ea-15aaf6b433e6,c1,c5,1448,?,i10,
1769091545.3966494,SENT,95cc4523-580d-4b15-95ef-5415d5a8e163,db3ca9e7-286a-4e97-adea-4cebe64dfab6,c5,c4,1459,?,i1,
1769091545.3966908,FORWARDED,95cc4523-580d-4b15-95ef-5415d5a8e163,db3ca9e7-286a-4e97-adea-4cebe64dfab6,c5,c4,1459,?,i1,
1769091545.617823,RECEIVED,0e778371-ba38-48e7-a3c0-b825e3f9ff15,71976a97-b46e-4102-98c3-bdc3c3825ba7,c3,c4,2036,p3,?,
1769091545.793343,RECEIVED,23320f17-1295-4934-b8c0-b0a57b5d32db,d8736d4f-6673-4060-8970-48201ca35fba,c1,c5,2040,p1,?,
1769091545.8196156,SENT,0e778371-ba38-48e7-a3c0-b825e3f9ff15,71976a97-b46e-4102-98c3-bdc3c3825ba7,c3,c4,1455,?,i7,
1769091545.819689,FORWARDED,0e778371-ba38-48e7-a3c0-b825e3f9ff15,71976a97-b46e-4102-98c3-bdc3c3825ba7,c3,c4,1455,?,i7,
1769091545.8264248,RECEIVED,105c0dc4-5ea7-43ab-b440-34b2f33a85b2,d88cb798-9500-463a-ba97-d3c69049eb2a,c5,DROP,1452,p2,?,
1769091545.9103506,RECEIVED,e18c9d60-9855-467e-b4e1-ad3bcc29f280,7b3b7af3-f4b4-42e5-b6b7-0a0530dc68bb,c1,c5,2033,p1,?,
1769091545.9109166,SENT,23320f17-1295-4934-b8c0-b0a57b5d32db,d8736d4f-6673-4060-8970-48201ca35fba,c1,c5,1456,?,i9,
1769091545.9109511,FORWARDED,23320f17-1295-4934-b8c0-b0a57b5d32db,d8736d4f-6673-4060-8970-48201ca35fba,c1,c5,1456,?,i9,
1769091546.0237834,RECEIVED,40323f91-1d0e-4a76-aaec-ab3c34d080bc,b4ed945c-b0a0-4891-9b9f-dbaeb9beef39,c1,c5,2040,p1,?,
1769091546.0987186,FORWARDED,40323f91-1d0e-4a76-aaec-ab3c34d080bc,b4ed945c-b0a0-4891-9b9f-dbaeb9beef39,c1,c5,1456,?,i6,
1769091546.1438766,SENT,e18c9d60-9855-467e-b4e1-ad3bcc29f280,7b3b7af3-f4b4-42e5-b6b7-0a0530dc68bb,c1,c5,1452,?,i12,
1769091546.143918,FORWARDED,e18c9d60-9855-467e-b4e1-ad3bcc29f280,7b3b7af3-f4b4-42e5-b6b7-0a0530dc68bb,c1,c5,1452,?,i12,
1769091546.2855058,RECEIVED,cc0bdf1d-530d-4b20-8447-c715cbcb4d00,1f62e9e2-1f7f-4a24-a007-6023c60ae4ec,c5,DROP,1451,p2,?,
1769091546.3545039,RECEIVED,33eb7054-851c-4d82-88ce-a569d4bf5960,dc1931df-b31c-4360-8c6c-2e83f6979986,c2,c1,2030,p2,?,
1769091546.4030738,SENT,cc0bdf1d-530d-4b20-8447-c715cbcb4d00,1f62e9e2-1f7f-4a24-a007-6023c60ae4ec,c5,DROP,1015,?,i2,
1769091546.4031339,FORWARDED,cc0bdf1d-530d-4b20-8447-c715cbcb4d00,1f62e9e2-1f7f-4a24-a007-6023c60ae4ec,c5,DROP,1015,?,i2,
1769091546.4676356,RECEIVED,7578739f-1af2-469b-9e36-ad549adffb99,4579d923-06e2-4c93-83a0-1e07e6ec1906,c2,c1,2044,p2,?,
1769091546.473342,SENT,33eb7054-851c-4d82-88ce-a569d4bf5960,dc1931df-b31c-4360-8c6c-2e83f6979986,c2,c1,1452,?,i5,
1769091546.473384,FORWARDED,33eb7054-851c-4d82-88ce-a569d4bf5960,dc1931df-b31c-4360-8c6c-2e83f6979986,c2,c1,1452,?,i5,
1769091546.5074277,SENT,7578739f-1af2-469b-9e36-ad549adffb99,4579d923-06e2-4c93-83a0-1e07e6ec1906,c2,c1,1461,?,i1,
1769091546.5074704,FORWARDED,7578739f-1af2-469b-9e36-ad549adffb99,4579d923-06e2-4c93-83a0-1e07e6ec1906,c2,c1,1461,?,i1,
1769091546.5580316,SENT,105c0dc4-5ea7-43ab-b440-34b2f33a85b2,d88cb798-9500-463a-ba97-d3c69049eb2a,c5,DROP,1016,?,i11,
1769091546.558097,FORWARDED,105c0dc4-5ea7-43ab-b440-34b2f33a85b2,d88cb798-9500-463a-ba97-d3c69049eb2a,c5,DROP,1016,?,i11,
1769091546.7270846,RECEIVED,c132e6e2-c607-44c0-a323-d6ed2bdf1362,9ece644d-8496-42b6-afb6-1961829dacba,c4,c1,2053,p1,?,
1769091546.8384552,RECEIVED,0caf9a7b-44b0-481c-80c0-b919c8709e06,2fa0edda-d9d3-46d4-994d-f6b5a1ec3e05,c5,c4,2040,p2,?,
1769091546.8866522,RECEIVED,98d3b25d-ac5f-4c06-a9ee-4f443b628cd2,cc8754ee-bc62-4617-8b9e-5b8a985d0141,c5,c4,2048,p2,?,
1769091546.9255273,SENT,c132e6e2-c607-44c0-a323-d6ed2bdf1362,9ece644d-8496-42b6-afb6-1961829dacba,c4,c1,1465,?,i11,
1769091546.9255762,FORWARDED,c132e6e2-c607-44c0-a323-d6ed2bdf1362,9ece644d-8496-42b6-afb6-1961829dacba,c4,c1,1465,?,i11,
1769091546.9416401,SENT,0caf9a7b-44b0-481c-80c0-b919c8709e06,2fa0edda-d9d3-46d4-994d-f6b5a1ec3e05,c5,c4,1456,?,i11,
1769091546.9416804,FORWARDED,0caf9a7b-44b0-481c-80c0-b919c8709e06,2fa0edda-d9d3-46d4-994d-f6b5a1ec3e05,c5,c4,1456,?,i11,
1769091547.1839929,SENT,98d3b25d-ac5f-4c06-a9ee-4f443b628cd2,cc8754ee-bc62-4617-8b9e-5b8a985d0141,c5,c4,1464,?,i1,
1769091547.1840339,FORWARDED,98d3b25d-ac5f-4c06-a9ee-4f443b628cd2,cc8754ee-bc62-4617-8b9e-5b8a985d0141,c5,c4,1464,?,i1,
1769091547.5097826,RECEIVED,446e325f-7763-43f3-9440-4d59e0c80efe,ccd9aa1d-9fbb-4d10-a9b3-82dc2e8fb541,c2,c1,2039,p2,?,
1769091548.010094,SENT,446e325f-7763-43f3-9440-4d59e0c80efe,ccd9aa1d-9fbb-4d10-a9b3-82dc2e8fb541,c2,c1,1457,?,i4,
1769091548.010137,FORWARDED,446e325f-7763-43f3-9440-4d59e0c80efe,ccd9aa1d-9fbb-4d10-a9b3-82dc2e8fb541,c2,c1,1457,?,i4,
1769091548.142404,RECEIVED,a4248549-5689-4204-90c2-ac07670e8806,4e793934-b7b2-44f4-936f-edea01166e84,c4,DROP,442,x9,?,
1769091548.4433227,RECEIVED,61ef1c99-af51-47eb-9ff1-2215bfa8360c,70daaa74-9fc1-4e43-9b9a-b7d118eebd94,c3,c4,2037,p3,?,
1769091548.55552,RECEIVED,38253188-243b-4295-9dfe-36142e1da4d3,c3f88b12-56c7-4edb-b88f-7857895118ae,c2,c1,2044,p2,?,
1769091548.568522,SENT,61ef1c99-af51-47eb-9ff1-2215bfa8360c,70daaa74-9fc1-4e43-9b9a-b7d118eebd94,c3,c4,1455,?,i12,
1769091548.568561,FORWARDED,61ef1c99-af51-47eb-9ff1-2215bfa8360c,70daaa74-9fc1-4e43-9b9a-b7d118eebd94,c3,c4,1455,?,i12,
1769091548.606635,RECEIVED,a907b3f4-5b40-453e-92cd-b7a0a1458a86,87b26637-6464-4c6c-8b6f-3c3c3b1acaa5,c4,c1,2048,p1,?,
1769091548.6366742,RECEIVED,71c79d65-6713-461d-9079-5ec81b37cd4d,96ee4d59-0cb1-426d-9a73-62ffae717e1f,c4,DROP,446,x11,?,
1769091548.6698453,SENT,a907b3f4-5b40-453e-92cd-b7a0a1458a86,87b26637-6464-4c6c-8b6f-3c3c3b1acaa5,c4,c1,1464,?,i12,
1769091548.6698887,FORWARDED,a907b3f4-5b40-453e-92cd-b7a0a1458a86,87b26637-6464-4c6c-8b6f-3c3c3b1acaa5,c4,c1,1464,?,i12,
1769091548.7559338,RECEIVED,947c440a-f975-4e93-b890-4be8eee7c223,15f1b385-a404-419e-b071-26b60803d7d0,c4,c1,2020,p1,?,
1769091548.8212814,SENT,38253188-243b-4295-9dfe-36142e1da4d3,c3f88b12-56c7-4edb-b88f-7857895118ae,c2,c1,1460,?,i12,
1769091548.821326,FORWARDED,38253188-243b-4295-9dfe-36142e1da4d3,c3f88b12-56c7-4edb-b88f-7857895118ae,c2,c1,1460,?,i12,
1769091549.1301224,RECEIVED,a0f0c829-08a3-4fc8-a5ee-08e957934ed7,fe3c97bb-bba7-49f2-8f61-629e8561f9e8,c4,c1,2036,p1,?,
1769091549.2047403,SENT,947c440a-f975-4e93-b890-4be8eee7c223,15f1b385-a404-419e-b071-26b60803d7d0,c4,c1,1443,?,i11,
1769091549.2047806,FORWARDED,947c440a-f975-4e93-b890-4be8eee7c223,15f1b385-a404-419e-b071-26b60803d7d0,c4,c1,1443,?,i11,
1769091549.2781973,SENT,a0f0c829-08a3-4fc8-a5ee-08e957934ed7,fe3c97bb-bba7-49f2-8f61-629e8561f9e8,c4,c1,1455,?,i3,
1769091549.2782416,FORWARDED,a0f0c829-08a3-4fc8-a5ee-08e957934ed7,fe3c97bb-bba7-49f2-8f61-629e8561f9e8,c4,c1,1455,?,i3,
1769091549.3273196,RECEIVED,0d1a981f-bef2-48cd-b36a-d6ac3c51c609,3c30ae17-445a-40b4-bf8a-9bb312e18069,c2,DROP,1457,p2,?,
1769091549.3954735,SENT,0d1a981f-bef2-48cd-b36a-d6ac3c51c609,3c30ae17-445a-40b4-bf8a-9bb312e18069,c2,DROP,1019,?,i10,
1769091549.3955152,FORWARDED,0d1a981f-bef2-48cd-b36a-d6ac3c51c609,3c30ae17-445a-40b4-bf8a-9bb312e18069,c2,DROP,1019,?,i10,
1769091549.6011124,RECEIVED,58e1f311-04b5-422c-a8e1-b0271c8ce5da,9df8e6aa-5c6c-4429-8fc3-e666233fd79c,c1,c5,2035,p1,?,
1769091549.8212316,RECEIVED,66554279-f4de-4258-b0c9-2caa41cb06fe,d80fdd4e-7fc4-40bb-a0a4-635d8e96622d,c1,c5,2031,p1,?,
1769091550.0647707,RECEIVED,f18373e0-1f07-462a-a302-6b8fa6011109,47ea0be2-089e-455f-acfd-943e735dae3b,c1,DROP,1439,p1,?,
1769091550.1838143,SENT,66554279-f4de-4258-b0c9-2caa41cb06fe,d80fdd4e-7fc4-40bb-a0a4-635d8e96622d,c1,c5,1452,?,i3,
1769091550.1838548,FORWARDED,66554279-f4de-4258-b0c9-2caa41cb06fe,d80fdd4e-7fc4-40bb-a0a4-635d8e96622d,c1,c5,1452,?,i3,
1769091550.1967952,SENT,58e1f311-04b5-422c-a8e1-b0271c8ce5da,9df8e6aa-5c6c-4429-8fc3-e666233fd79c,c1,c5,1455,?,i3,
1769091550.196835,FORWARDED,58e1f311-04b5-422c-a8e1-b0271c8ce5da,9df8e6aa-5c6c-4429-8fc3-e666233fd79c,c1,c5,1455,?,i3,
1769091550.2285564,RECEIVED,f3e5f6e4-dcc4-489b-9fd4-17f3728ea63a,3ff3bd8f-d94e-4d06-a96e-405b3b441979,c1,DROP,1451,p1,?,
1769091550.4445481,RECEIVED,73256d4d-fe3c-4b0a-a453-f282c4125517,393285de-be6c-4d1e-9e9c-fb486f871c27,c3,c4,2049,p3,?,
1769091550.4471438,RECEIVED,93e6b993-c431-4141-928c-4a47741e1535,6e2165ee-6eaf-4cb5-9cb2-ee1c934c36be,c5,c4,2040,p2,?,
1769091550.5056567,SENT,73256d4d-fe3c-4b0a-a453-f282c4125517,393285de-be6c-4d1e-9e9c-fb486f871c27,c3,c4,1463,?,i4,
1769091550.505697,FORWARDED,73256d4d-fe3c-4b0a-a453-f282c4125517,393285de-be6c-4d1e-9e9c-fb486f871c27,c3,c4,1463,?,i4,
1769091550.8337438,RECEIVED,eafa29d9-cb07-4567-bc82-6c6d94b8bdc9,4a2d326d-82ad-4e80-aec3-be5b0d20e199,c4,c1,2039,p1,?,
1769091550.9114244,RECEIVED,b1df6da3-4964-410d-a31b-f7c7b1115fc3,db5bb8ec-0f16-4da9-b555-b5cab7ae48e5,c4,c1,2045,p1,?,
1769091550.9592848,RECEIVED,aecd21fc-13e1-4941-88bc-bf1bb1f1627a,98b4c9df-b413-4081-ac02-c367bf0bd086,c2,c1,2048,p2,?,
1769091550.976091,SENT,b1df6da3-4964-410d-a31b-f7c7b1115fc3,db5bb8ec-0f16-4da9-b555-b5cab7ae48e5,c4,c1,1459,?,i2,
1769091550.9761548,FORWARDED,b1df6da3-4964-410d-a31b-f7c7b1115fc3,db5bb8ec-0f16-4da9-b555-b5cab7ae48e5,c4,c1,1459,?,i2,
1769091550.9813175,SENT,f3e5f6e4-dcc4-489b-9fd4-17f3728ea63a,3ff3bd8f-d94e-4d06-a96e-405b3b441979,c1,DROP,1015,?,i3,
1769091550.9813607,FORWARDED,f3e5f6e4-dcc4-489b-9fd4-17f3728ea63a,3ff3bd8f-d94e-4d06-a96e-405b3b441979,c1,DROP,1015,?,i3,
1769091551.0104764,SENT,aecd21fc-13e1-4941-88bc-bf1bb1f1627a,98b4c9df-b413-4081-ac02-c367bf0bd086,c2,c1,1463,?,i2,
1769091551.0105152,FORWARDED,aecd21fc-13e1-4941-88bc-bf1bb1f1627a,98b4c9df-b413-4081-ac02-c367bf0bd086,c2,c1,1463,?,i2,
1769091551.1354272,RECEIVED,b0ffba12-29a4-430f-a6dc-ce221a51a9b7,0db11582-5e30-4d73-b2be-619db806c1b8,c1,DROP,1439,p1,?,
1769091551.285673,SENT,b0ffba12-29a4-430f-a6dc-ce221a51a9b7,0db11582-5e30-4d73-b2be-619db806c1b8,c1,DROP,1008,?,i8,
1769091551.2857144,FORWARDED,b0ffba12-29a4-430f-a6dc-ce221a51a9b7,0db11582-5e30-4d73-b2be-619db806c1b8,c1,DROP,1008,?,i8,
1769091551.295299,RECEIVED,a96560ac-0d5d-4be1-8b4d-8efd26b446d9,7e78ab55-6956-48e1-8c15-26fae0a75afa,c1,DROP,1442,p1,?,
1769091551.4388456,SENT,f18373e0-1f07-462a-a302-6b8fa6011109,47ea0be2-089e-455f-acfd-943e735dae3b,c1,DROP,1007,?,i4,
1769091551.4388874,FORWARDED,f18373e0-1f07-462a-a302-6b8fa6011109,47ea0be2-089e-455f-acfd-943e735dae3b,c1,DROP,1007,?,i4,
1769091551.5611615,SENT,eafa29d9-cb07-4567-bc82-6c6d94b8bdc9,4a2d326d-82ad-4e80-aec3-be5b0d20e199,c4,c1,1456,?,i9,
1769091551.5612023,FORWARDED,eafa29d9-cb07-4567-bc82-6c6d94b8bdc9,4a2d326d-82ad-4e80-aec3-be5b0d20e199,c4,c1,1456,?,i9,
1769091551.5758853,SENT,a96560ac-0d5d-4be1-8b4d-8efd26b446d9,7e78ab55-6956-48e1-8c15-26fae0a75afa,c1,DROP,1011,?,i2,
1769091551.5759263,FORWARDED,a96560ac-0d5d-4be1-8b4d-8efd26b446d9,7e78ab55-6956-48e1-8c15-26fae0a75afa,c1,DROP,1011,?,i2,
1769091551.9271946,RECEIVED,4bbb0b7b-237a-4070-a398-782a53383bb8,c930d9fb-09c0-4083-8711-9c8cc14665e1,c4,DROP,437,x5,?,
1769091552.1024332,RECEIVED,1ba1d292-0d40-42c8-980c-1e29a43177d2,533aaf30-42c6-4612-a64a-b75431ce1894,c5,c4,2043,p2,?,
1769091552.152529,SENT,93e6b993-c431-4141-928c-4a47741e1535,6e2165ee-6eaf-4cb5-9cb2-ee1c934c36be,c5,c4,1456,?,i12,
1769091552.1525688,FORWARDED,93e6b993-c431-4141-928c-4a47741e1535,6e2165ee-6eaf-4cb5-9cb2-ee1c934c36be,c5,c4,1456,?,i12,
1769091552.2107801,RECEIVED,5f0c1501-3cf7-4308-93a9-3476daaff56e,253f36c0-9f82-42c3-98d5-8607dd4475bc,c4,c1,2047,p1,?,
1769091552.2192695,RECEIVED,1ff046b8-c235-407e-8ac5-8cae35ae7de9,a196e989-11c7-4d93-92dc-78223572cad0,c4,DROP,1455,p1,?,
1769091552.3992064,RECEIVED,4e95cf47-d2d5-4226-8105-ae18b9e058c5,812a0dad-a98b-43d0-9826-02df9a97ff68,c5,c4,2040,p2,?,
1769091552.4491382,RECEIVED,97cd4183-8fcf-4131-b25d-4f29498be0c1,558d57a9-2256-483a-b696-0929d0f06712,c5,DROP,1455,p2,?,
1769091552.4691818,RECEIVED,c1fa851e-7a5d-4789-a1b1-84515814491b,3366e1d9-15ad-4ca1-a56a-7938bff3c2f0,c5,c4,2044,p2,?,
1769091552.5302033,FORWARDED,4e95cf47-d2d5-4226-8105-ae18b9e058c5,812a0dad-a98b-43d0-9826-02df9a97ff68,c5,c4,1457,?,i6,
1769091552.5321898,RECEIVED,5149b4b6-56a0-4743-a3e7-28bcc377712e,05507e85-4cab-41de-aa66-05ca59ba17b0,c4,c1,2044,p1,?,
1769091552.5696597,SENT,5f0c1501-3cf7-4308-93a9-3476daaff56e,253f36c0-9f82-42c3-98d5-8607dd4475bc,c4,c1,1463,?,i3,
1769091552.5697026,FORWARDED,5f0c1501-3cf7-4308-93a9-3476daaff56e,253f36c0-9f82-42c3-98d5-8607dd4475bc,c4,c1,1463,?,i3,
1769091552.6683755,SENT,5149b4b6-56a0-4743-a3e7-28bcc377712e,05507e85-4cab-41de-aa66-05ca59ba17b0,c4,c1,1460,?,i1,
1769091552.668414,FORWARDED,5149b4b6-56a0-4743-a3e7-28bcc377712e,05507e85-4cab-41de-aa66-05ca59ba17b0,c4,c1,1460,?,i1,
1769091552.7053416,RECEIVED,e9c5498b-57f5-4a90-b863-e330dcb2b2ff,7a98a863-69bc-4c0b-a1b4-61673984c1bb,c2,DROP,446,x11,?,
1769091552.716966,RECEIVED,c26ad309-357e-499b-8856-2612cea5f178,af293fb7-ea2a-4e1d-9729-37a0f2c4f55c,c5,c4,2032,p2,?,
1769091552.8105114,SENT,c26ad309-357e-499b-8856-2612cea5f178,af293fb7-ea2a-4e1d-9729-37a0f2c4f55c,c5,c4,1451,?,i8,
1769091552.810853,FORWARDED,c26ad309-357e-499b-8856-2612cea5f178,af293fb7-ea2a-4e1d-9729-37a0f2c4f55c,c5,c4,1451,?,i8,
1769091552.85156,RECEIVED,50c49d1c-759c-4bea-a4d2-ded58efae479,fd284ff4-95a4-41ee-aae7-b568573c6b5f,c3,c4,2020,p3,?,
1769091552.9422624,SENT,50c49d1c-759c-4bea-a4d2-ded58efae479,fd284ff4-95a4-41ee-aae7-b568573c6b5f,c3,c4,1443,?,i4,
1769091552.9423037,FORWARDED,50c49d1c-759c-4bea-a4d2-ded58efae479,fd284ff4-95a4-41ee-aae7-b568573c6b5f,c3,c4,1443,?,i4,
1769091552.9641669,RECEIVED,5a434f31-8aaa-443d-96d7-72da96bd6e90,1b13162e-fe7b-4cbf-a479-2689286693f2,c3,c4,2031,p3,?,
1769091553.006656,SENT,97cd4183-8fcf-4131-b25d-4f29498be0c1,558d57a9-2256-483a-b696-0929d0f06712,c5,DROP,1020,?,i4,
1769091553.0066977,FORWARDED,97cd4183-8fcf-4131-b25d-4f29498be0c1,558d57a9-2256-483a-b696-0929d0f06712,c5,DROP,1020,?,i4,
1769091553.048505,RECEIVED,dc88ec2d-8f6c-475f-a162-0cef74b2c0ff,8a603141-fba0-48d0-af59-3810a4cc77e1,c1,c5,2031,p1,?,
1769091553.087971,RECEIVED,fb7c5d12-69f1-430e-a9e2-5dcae9245dbb,3444afa0-6db4-4b0d-b087-f29b5591a242,c4,DROP,1447,p1,?,
1769091553.2581615,RECEIVED,ddae3fd9-53ab-467f-a46c-b098bb0dda0c,dad0c5db-e333-48e9-a739-b313bec30d7d,c5,DROP,1440,p2,?,
1769091553.2731905,SENT,1ba1d292-0d40-42c8-980c-1e29a43177d2,533aaf30-42c6-4612-a64a-b75431ce1894,c5,c4,1460,?,i4,
1769091553.273783,FORWARDED,1ba1d292-0d40-42c8-980c-1e29a43177d2,533aaf30-42c6-4612-a64a-b75431ce1894,c5,c4,1460,?,i4,
1769091553.3553512,FORWARDED,1ff046b8-c235-407e-8ac5-8cae35ae7de9,a196e989-11c7-4d93-92dc-78223572cad0,c4,DROP,1020,?,i6,
1769091553.3643365,SENT,ddae3fd9-53ab-467f-a46c-b098bb0dda0c,dad0c5db-e333-48e9-a739-b313bec30d7d,c5,DROP,1008,?,i1,
1769091553.3643794,FORWARDED,ddae3fd9-53ab-467f-a46c-b098bb0dda0c,dad0c5db-e333-48e9-a739-b313bec30d7d,c5,DROP,1008,?,i1,
1769091553.3682368,SENT,fb7c5d12-69f1-430e-a9e2-5dcae9245dbb,3444afa0-6db4-4b0d-b087-f29b5591a242,c4,DROP,1012,?,i1,
1769091553.3682747,FORWARDED,fb7c5d12-69f1-430e-a9e2-5dcae9245dbb,3444afa0-6db4-4b0d-b087-f29b5591a242,c4,DROP,1012,?,i1,
1769091553.560078,SENT,c1fa851e-7a5d-4789-a1b1-84515814491b,3366e1d9-15ad-4ca1-a56a-7938bff3c2f0,c5,c4,1461,?,i12,
1769091553.5601213,FORWARDED,c1fa851e-7a5d-4789-a1b1-84515814491b,3366e1d9-15ad-4ca1-a56a-7938bff3c2f0,c5,c4,1461,?,i12,
1769091553.5939193,RECEIVED,d1d4c2d1-a5b5-479a-903c-e137d2be6050,b25fc5ae-dcc4-4788-aed3-5314ab517c5f,c5,c4,2035,p2,?,
1769091553.878083,RECEIVED,f1944c32-1b26-4ecb-97fe-6354dea183ba,a0f4ce9e-d474-4444-bc07-d57d0d9911b3,c1,c5,2031,p1,?,
1769091554.0093765,RECEIVED,4ed9c2e8-06f6-4e81-b412-90674d62cd3b,e9e3df9a-db80-4e2a-92d6-6688e45dd948,c4,c1,2019,p1,?,
1769091554.070719,RECEIVED,4fd3e51e-1cd6-4a75-88f8-93c9b8269b12,3f2a0905-b3e3-46af-b770-b74f5ff1c057,c4,c1,2047,p1,?,
1769091554.21243,SENT,f1944c32-1b26-4ecb-97fe-6354dea183ba,a0f4ce9e-d474-4444-bc07-d57d0d9911b3,c1,c5,1451,?,i4,
1769091554.2124734,FORWARDED,f1944c32-1b26-4ecb-97fe-6354dea183ba,a0f4ce9e-d474-4444-bc07-d57d0d9911b3,c1,c5,1451,?,i4,
1769091554.2384648,RECEIVED,88358381-bbb6-45b4-9cc5-85f012a5bf37,e6d0c94b-780d-49b4-8340-96c5ad99f2e1,c4,c1,2047,p1,?,
1769091554.248305,RECEIVED,06a816f5-f65a-40d4-8702-4c70f1accdfb,bee62a52-f37a-4a3a-84e5-63618998ea21,c3,c4,2043,p3,?,
1769091554.3367991,RECEIVED,09eca863-1d37-4988-ae55-48428a67a9f3,719d7361-d973-4d07-bf88-3c9f406ccb4c,c3,c4,2039,p3,?,
1769091554.4122553,RECEIVED,833bda2f-77b9-495e-90ba-d2fcb14b9821,0e1e3490-ae2d-463e-b1dd-1bc782d28bb4,c2,c1,2040,p2,?,
1769091554.4923575,RECEIVED,b78ec48f-e126-42f2-893f-49b27fe472d9,53a272e8-2ddf-43cc-b87a-cc7de6222e07,c5,c4,2044,p2,?,
1769091554.5632362,SENT,b78ec48f-e126-42f2-893f-49b27fe472d9,53a272e8-2ddf-43cc-b87a-cc7de6222e07,c5,c4,1461,?,i4,
1769091554.5632782,FORWARDED,b78ec48f-e126-42f2-893f-49b27fe472d9,53a272e8-2ddf-43cc-b87a-cc7de6222e07,c5,c4,1461,?,i4,
1769091554.655611,SENT,833bda2f-77b9-495e-90ba-d2fcb14b9821,0e1e3490-ae2d-463e-b1dd-1bc782d28bb4,c2,c1,1458,?,i8,
1769091554.6556528,FORWARDED,833bda2f-77b9-495e-90ba-d2fcb14b9821,0e1e3490-ae2d-463e-b1dd-1bc782d28bb4,c2,c1,1458,?,i8,
1769091554.7206562,SENT,d1d4c2d1-a5b5-479a-903c-e137d2be6050,b25fc5ae-dcc4-4788-aed3-5314ab517c5f,c5,c4,1455,?,i2,
1769091554.7206995,FORWARDED,d1d4c2d1-a5b5-479a-903c-e137d2be6050,b25fc5ae-dcc4-4788-aed3-5314ab517c5f,c5,c4,1455,?,i2,
1769091554.7463076,SENT,dc88ec2d-8f6c-475f-a162-0cef74b2c0ff,8a603141-fba0-48d0-af59-3810a4cc77e1,c1,c5,1451,?,i4,
1769091554.7463596,FORWARDED,dc88ec2d-8f6c-475f-a162-0cef74b2c0ff,8a603141-fba0-48d0-af59-3810a4cc77e1,c1,c5,1451,?,i4,
1769091554.9061925,SENT,06a816f5-f65a-40d4-8702-4c70f1accdfb,bee62a52-f37a-4a3a-84e5-63618998ea21,c3,c4,1459,?,i4,
1769091554.9062364,FORWARDED,06a816f5-f65a-40d4-8702-4c70f1accdfb,bee62a52-f37a-4a3a-84e5-63618998ea21,c3,c4,1459,?,i4,
1769091555.1542068,SENT,4ed9c2e8-06f6-4e81-b412-90674d62cd3b,e9e3df9a-db80-4e2a-92d6-6688e45dd948,c4,c1,1443,?,i1,
1769091555.1542463,FORWARDED,4ed9c2e8-06f6-4e81-b412-90674d62cd3b,e9e3df9a-db80-4e2a-92d6-6688e45dd948,c4,c1,1443,?,i1,
1769091555.4009626,SENT,5a434f31-8aaa-443d-96d7-72da96bd6e90,1b13162e-fe7b-4cbf-a479-2689286693f2,c3,c4,1452,?,i1,
1769091555.4011528,FORWARDED,5a434f31-8aaa-443d-96d7-72da96bd6e90,1b13162e-fe7b-4cbf-a479-2689286693f2,c3,c4,1452,?,i1,
1769091555.4165769,SENT,4fd3e51e-1cd6-4a75-88f8-93c9b8269b12,3f2a0905-b3e3-46af-b770-b74f5ff1c057,c4,c1,1462,?,i1,
1769091555.4166167,FORWARDED,4fd3e51e-1cd6-4a75-88f8-93c9b8269b12,3f2a0905-b3e3-46af-b770-b74f5ff1c057,c4,c1,1462,?,i1,
1769091555.420437,SENT,09eca863-1d37-4988-ae55-48428a67a9f3,719d7361-d973-4d07-bf88-3c9f406ccb4c,c3,c4,1456,?,i4,
1769091555.4204798,FORWARDED,09eca863-1d37-4988-ae55-48428a67a9f3,719d7361-d973-4d07-bf88-3c9f406ccb4c,c3,c4,1456,?,i4,
1769091555.5444624,RECEIVED,4cdd3351-1814-4964-abd2-da3f0f258687,cfb976d9-771c-497d-8c7d-b23d203d0a2e,c4,c1,2027,p1,?,
1769091555.5539787,RECEIVED,27a08c63-eacf-4216-ae79-de3fb073b9ce,2d53b5ee-2f16-4a38-817d-54f91a18e78a,c4,DROP,441,x1,?,
1769091555.655364,RECEIVED,bd51ddc3-4366-40d1-a598-9389c68f2fe0,b47984fd-c65b-4a1b-99e1-96601d98930a,c5,DROP,441,x11,?,
1769091555.753879,RECEIVED,dfc2c90b-7cd3-4d87-9ed0-7995c9fa0dce,ce9df263-d895-4159-9cbc-298cd0ef1dfa,c1,c5,2031,p1,?,
1769091555.7718797,SENT,88358381-bbb6-45b4-9cc5-85f012a5bf37,e6d0c94b-780d-49b4-8340-96c5ad99f2e1,c4,c1,1463,?,i10,
1769091555.7719262,FORWARDED,88358381-bbb6-45b4-9cc5-85f012a5bf37,e6d0c94b-780d-49b4-8340-96c5ad99f2e1,c4,c1,1463,?,i10,
1769091555.88535,RECEIVED,cd540866-f703-4d88-9581-619d2b3f9db8,fc2a8926-5ec4-4656-b86f-cd52bb2e3856,c2,c1,2027,p2,?,
1769091555.9968479,SENT,4cdd3351-1814-4964-abd2-da3f0f258687,cfb976d9-771c-497d-8c7d-b23d203d0a2e,c4,c1,1449,?,i2,
1769091555.9978034,FORWARDED,4cdd3351-1814-4964-abd2-da3f0f258687,cfb976d9-771c-497d-8c7d-b23d203d0a2e,c4,c1,1449,?,i2,
1769091556.0127385,RECEIVED,352079b9-051b-4192-8802-d30880565b9f,d1000276-6644-4704-ab57-58698b7e3c1b,c2,DROP,1456,p2,?,
1769091556.0780847,RECEIVED,0a0d297e-74d3-4705-bc1e-1a9d183c712e,84ff5ed2-5472-417f-a426-93da64c1cc80,c5,c4,2020,p2,?,
1769091556.2934177,RECEIVED,f0923802-ea17-40ca-b670-bf400ff4fcac,defe6351-1bfd-4a92-843f-fa9d3f33ded8,c2,c1,2041,p2,?,
1769091556.3648388,SENT,f0923802-ea17-40ca-b670-bf400ff4fcac,defe6351-1bfd-4a92-843f-fa9d3f33ded8,c2,c1,1457,?,i11,
1769091556.364883,FORWARDED,f0923802-ea17-40ca-b670-bf400ff4fcac,defe6351-1bfd-4a92-843f-fa9d3f33ded8,c2,c1,1457,?,i11,
1769091556.3749237,SENT,dfc2c90b-7cd3-4d87-9ed0-7995c9fa0dce,ce9df263-d895-4159-9cbc-298cd0ef1dfa,c1,c5,1452,?,i8,
1769091556.374963,FORWARDED,dfc2c90b-7cd3-4d87-9ed0-7995c9fa0dce,ce9df263-d895-4159-9cbc-298cd0ef1dfa,c1,c5,1452,?,i8,
1769091556.3771431,RECEIVED,2049e2fa-e2c8-44ae-b625-8e6e30d97e6a,dc9bd695-4d5c-4feb-956b-2d514bf11c17,c3,c4,2056,p3,?,
1769091556.4234443,SENT,352079b9-051b-4192-8802-d30880565b9f,d1000276-6644-4704-ab57-58698b7e3c1b,c2,DROP,1020,?,i11,
1769091556.4234846,FORWARDED,352079b9-051b-4192-8802-d30880565b9f,d1000276-6644-4704-ab57-58698b7e3c1b,c2,DROP,1020,?,i11,
1769091556.4504979,SENT,0a0d297e-74d3-4705-bc1e-1a9d183c712e,84ff5ed2-5472-417f-a426-93da64c1cc80,c5,c4,1443,?,i4,
1769091556.450547,FORWARDED,0a0d297e-74d3-4705-bc1e-1a9d183c712e,84ff5ed2-5472-417f-a426-93da64c1cc80,c5,c4,1443,?,i4,
1769091556.6672163,SENT,cd540866-f703-4d88-9581-619d2b3f9db8,fc2a8926-5ec4-4656-b86f-cd52bb2e3856,c2,c1,1447,?,i9,
1769091556.6674051,FORWARDED,cd540866-f703-4d88-9581-619d2b3f9db8,fc2a8926-5ec4-4656-b86f-cd52bb2e3856,c2,c1,1447,?,i9,
1769091556.7857387,SENT,2049e2fa-e2c8-44ae-b625-8e6e30d97e6a,dc9bd695-4d5c-4feb-956b-2d514bf11c17,c3,c4,1469,?,i11,
1769091556.7857826,FORWARDED,2049e2fa-e2c8-44ae-b625-8e6e30d97e6a,dc9bd695-4d5c-4feb-956b-2d514bf11c17,c3,c4,1469,?,i11,
1769091557.058346,RECEIVED,6fab7c9c-01c7-432c-b5cf-0b235ce68592,233d3ae6-7649-4451-bc64-6be866f65943,c2,c1,2045,p2,?,
1769091557.189562,SENT,6fab7c9c-01c7-432c-b5cf-0b235ce68592,233d3ae6-7649-4451-bc64-6be866f65943,c2,c1,1459,?,i10,
1769091557.1896098,FORWARDED,6fab7c9c-01c7-432c-b5cf-0b235ce68592,233d3ae6-7649-4451-bc64-6be866f65943,c2,c1,1459,?,i10,
1769091557.3065748,RECEIVED,5b6df361-8691-4995-966e-5e8bb0775869,1ec00c98-9dc7-4912-b18a-a12efc5f4bef,c1,c5,2036,p1,?,
1769091557.3202128,RECEIVED,adbbba8e-1fee-4faa-90a3-d7bd6eebbd09,c19d1d74-caaa-4cfa-9d87-4c887e26db7c,c1,DROP,1449,p1,?,
1769091557.4536953,RECEIVED,c2e64628-f458-4952-a6e5-1641b0001af3,c82c26f4-de72-4117-830a-e869da61b9b3,c1,DROP,442,x7,?,
1769091557.5373843,SENT,adbbba8e-1fee-4faa-90a3-d7bd6eebbd09,c19d1d74-caaa-4cfa-9d87-4c887e26db7c,c1,DROP,1014,?,i11,
1769091557.537522,FORWARDED,adbbba8e-1fee-4faa-90a3-d7bd6eebbd09,c19d1d74-caaa-4cfa-9d87-4c887e26db7c,c1,DROP,1014,?,i11,
1769091557.6434526,SENT,5b6df361-8691-4995-966e-5e8bb0775869,1ec00c98-9dc7-4912-b18a-a12efc5f4bef,c1,c5,1455,?,i4,
1769091557.6434937,FORWARDED,5b6df361-8691-4995-966e-5e8bb0775869,1ec00c98-9dc7-4912-b18a-a12efc5f4bef,c1,c5,1455,?,i4,
1769091557.9737868,RECEIVED,4e957e30-22db-44dc-a524-9eeca202a7fa,4ec43d03-dd65-49a1-b024-0f6194d6c029,c4,c1,2040,p1,?,
1769091558.0008051,RECEIVED,18abe15c-8027-47c9-a6f1-2a3de670e36d,7286c7ed-c40c-4d0c-ad5e-b3399a534f6a,c4,c1,2044,p1,?,
1769091558.117227,SENT,18abe15c-8027-47c9-a6f1-2a3de670e36d,7286c7ed-c40c-4d0c-ad5e-b3399a534f6a,c4,c1,1460,?,i8,
1769091558.1172686,FORWARDED,18abe15c-8027-47c9-a6f1-2a3de670e36d,7286c7ed-c40c-4d0c-ad5e-b3399a534f6a,c4,c1,1460,?,i8,
1769091558.3449311,RECEIVED,e564b06e-b9ef-498b-8c7b-3ce06d5c75cb,655ae8f5-6bef-4c03-b02c-13f8d24fc3cd,c2,c1,2037,p2,?,
1769091558.4204023,SENT,e564b06e-b9ef-498b-8c7b-3ce06d5c75cb,655ae8f5-6bef-4c03-b02c-13f8d24fc3cd,c2,c1,1455,?,i10,
1769091558.4204443,FORWARDED,e564b06e-b9ef-498b-8c7b-3ce06d5c75cb,655ae8f5-6bef-4c03-b02c-13f8d24fc3cd,c2,c1,1455,?,i10,
1769091558.4948366,RECEIVED,fb29a455-d22d-4b29-b94b-384d9a1f9b22,b874208d-4a0f-49dd-b0c4-c93dd87bb2e8,c4,c1,2039,p1,?,
1769091558.638226,RECEIVED,a3709ab2-998c-4b9d-8eb7-5c625199c020,b1ee94ea-811e-40a7-a07b-8cee4a4d8afd,c5,c4,2045,p2,?,
1769091558.641703,RECEIVED,93779bd8-e6d7-4d61-a6b7-605625911e0d,a98c6d7f-4c45-43cc-aab0-23d80d0d532b,c2,DROP,445,x10,?,
1769091558.7032955,RECEIVED,64fc7a0c-25c4-4115-9982-c03688020c04,086fc910-24d3-4a6f-b6a7-385f91344230,c3,c4,2036,p3,?,
1769091558.7220025,SENT,a3709ab2-998c-4b9d-8eb7-5c625199c020,b1ee94ea-811e-40a7-a07b-8cee4a4d8afd,c5,c4,1460,?,i8,
1769091558.7223186,FORWARDED,a3709ab2-998c-4b9d-8eb7-5c625199c020,b1ee94ea-811e-40a7-a07b-8cee4a4d8afd,c5,c4,1460,?,i8,
1769091558.743837,SENT,4e957e30-22db-44dc-a524-9eeca202a7fa,4ec43d03-dd65-49a1-b024-0f6194d6c029,c4,c1,1456,?,i11,
1769091558.7438805,FORWARDED,4e957e30-22db-44dc-a524-9eeca202a7fa,4ec43d03-dd65-49a1-b024-0f6194d6c029,c4,c1,1456,?,i11,
1769091558.7921185,RECEIVED,4538567d-5ab4-41d4-99de-1150e410b9f1,d278254a-0cda-405d-a4cb-29767664b5b8,c1,DROP,1461,p1,?,
1769091558.8369806,RECEIVED,163a7e12-422b-42f3-81e2-3a3dd86d235e,9c0bd6b8-c9f1-44ef-98e9-15eee51379d2,c4,DROP,445,x9,?,
1769091558.9811711,RECEIVED,3acaacd5-32f5-4990-998d-424adf15c475,70948fad-8cdd-4140-aa9f-6ae505eb7cf3,c4,c1,2040,p1,?,
1769091558.9839704,RECEIVED,49060768-2ad3-4529-a4e4-47d1b0420295,199a33eb-0706-43fc-aa8b-b36163504ffb,c5,c4,2049,p2,?,
1769091559.0454435,SENT,49060768-2ad3-4529-a4e4-47d1b0420295,199a33eb-0706-43fc-aa8b-b36163504ffb,c5,c4,1464,?,i11,
1769091559.0454874,FORWARDED,49060768-2ad3-4529-a4e4-47d1b0420295,199a33eb-0706-43fc-aa8b-b36163504ffb,c5,c4,1464,?,i11,
1769091559.0705278,RECEIVED,9a0068f5-1c21-462d-bdd6-b83f0612951a,7d5a5347-52cb-482c-924b-3de9215ebb5a,c3,DROP,1440,p3,?,
1769091559.0891619,RECEIVED,e672efaf-cf4e-4ad2-8e34-42d97293f6e5,20c1bdca-f1d0-4e08-bd38-7f2d2274b229,c1,c5,2040,p1,?,
1769091559.1166523,SENT,fb29a455-d22d-4b29-b94b-384d9a1f9b22,b874208d-4a0f-49dd-b0c4-c93dd87bb2e8,c4,c1,1458,?,i1,
1769091559.1166928,FORWARDED,fb29a455-d22d-4b29-b94b-384d9a1f9b22,b874208d-4a0f-49dd-b0c4-c93dd87bb2e8,c4,c1,1458,?,i1,
1769091559.178578,SENT,9a0068f5-1c21-462d-bdd6-b83f0612951a,7d5a5347-52cb-482c-924b-3de9215ebb5a,c3,DROP,1008,?,i8,
1769091559.1786194,FORWARDED,9a0068f5-1c21-462d-bdd6-b83f0612951a,7d5a5347-52cb-482c-924b-3de9215ebb5a,c3,DROP,1008,?,i8,
1769091559.1983833,SENT,4538567d-5ab4-41d4-99de-1150e410b9f1,d278254a-0cda-405d-a4cb-29767664b5b8,c1,DROP,1021,?,i11,
1769091559.1984239,FORWARDED,4538567d-5ab4-41d4-99de-1150e410b9f1,d278254a-0cda-405d-a4cb-29767664b5b8,c1,DROP,1021,?,i11,
1769091559.2287421,RECEIVED,87f24445-c863-4d8b-b77f-e092ae13dd51,55ea1dae-4d05-449c-8e56-262848b8a8b0,c3,c4,2020,p3,?,
1769091559.2655122,SENT,e672efaf-cf4e-4ad2-8e34-42d97293f6e5,20c1bdca-f1d0-4e08-bd38-7f2d2274b229,c1,c5,1458,?,i1,
1769091559.2655826,FORWARDED,e672efaf-cf4e-4ad2-8e34-42d97293f6e5,20c1bdca-f1d0-4e08-bd38-7f2d2274b229,c1,c5,1458,?,i1,
1769091559.2855022,FORWARDED,3acaacd5-32f5-4990-998d-424adf15c475,70948fad-8cdd-4140-aa9f-6ae505eb7cf3,c4,c1,1456,?,i6,
1769091559.3617055,RECEIVED,b315cf5f-01e3-43f1-bf96-86fa8cf70d0a,c3655cb9-8c38-4229-b8a0-1ebd0aac42d1,c4,c1,2044,p1,?,
1769091559.3763645,RECEIVED,1f81ce14-368d-4cf7-8cda-92fa03144ea4,62e210e2-b0e2-4a0b-bff6-ce1ab945a356,c5,c4,2040,p2,?,
1769091559.424348,SENT,64fc7a0c-25c4-4115-9982-c03688020c04,086fc910-24d3-4a6f-b6a7-385f91344230,c3,c4,1455,?,i12,
1769091559.424396,FORWARDED,64fc7a0c-25c4-4115-9982-c03688020c04,086fc910-24d3-4a6f-b6a7-385f91344230,c3,c4,1455,?,i12,
1769091559.4700742,RECEIVED,fc723db5-9791-461c-b5db-95e37d26baee,16b8f374-40e6-441f-86ae-0dce1b51e3cb,c4,c1,2031,p1,?,
1769091559.525701,RECEIVED,f4265b19-820f-4637-85af-9917d207ad35,3f68bd64-4299-4cd3-ab4e-b888c6a3acc9,c2,c1,2043,p2,?,
1769091559.5305784,SENT,87f24445-c863-4d8b-b77f-e092ae13dd51,55ea1dae-4d05-449c-8e56-262848b8a8b0,c3,c4,1443,?,i11,
1769091559.5306177,FORWARDED,87f24445-c863-4d8b-b77f-e092ae13dd51,55ea1dae-4d05-449c-8e56-262848b8a8b0,c3,c4,1443,?,i11,
1769091559.5587127,RECEIVED,4d3c7b25-dd7f-4b54-89bb-e6f19b9f4769,cd879ed2-55bb-418a-8ac9-bb05937f19f6,c5,DROP,1441,p2,?,
1769091559.6333342,SENT,4d3c7b25-dd7f-4b54-89bb-e6f19b9f4769,cd879ed2-55bb-418a-8ac9-bb05937f19f6,c5,DROP,1007,?,i10,
1769091559.6333828,FORWARDED,4d3c7b25-dd7f-4b54-89bb-e6f19b9f4769,cd879ed2-55bb-418a-8ac9-bb05937f19f6,c5,DROP,1007,?,i10,
1769091559.7715538,RECEIVED,3c6411de-2a92-4b8c-8819-1b27666dd3b6,f0a636c5-931a-494f-b1c6-d33617bd75a8,c5,DROP,1459,p2,?,
1769091559.8032012,SENT,b315cf5f-01e3-43f1-bf96-86fa8cf70d0a,c3655cb9-8c38-4229-b8a0-1ebd0aac42d1,c4,c1,1460,?,i3,
1769091559.8032413,FORWARDED,b315cf5f-01e3-43f1-bf96-86fa8cf70d0a,c3655cb9-8c38-4229-b8a0-1ebd0aac42d1,c4,c1,1460,?,i3,
1769091559.8144493,RECEIVED,b086f7a1-209b-4337-ac14-7a46a7cd3b3c,c7db6cfc-3f2c-4c32-92b2-621037afede8,c5,c4,2035,p2,?,
1769091559.8289752,RECEIVED,c692c13c-4193-4795-9ddb-198faee71167,cf890884-7813-4939-a714-0cc7c41bc4a6,c2,DROP,1439,p2,?,
1769091559.8614435,SENT,f4265b19-820f-4637-85af-9917d207ad35,3f68bd64-4299-4cd3-ab4e-b888c6a3acc9,c2,c1,1460,?,i12,
1769091559.8614855,FORWARDED,f4265b19-820f-4637-85af-9917d207ad35,3f68bd64-4299-4cd3-ab4e-b888c6a3acc9,c2,c1,1460,?,i12,
1769091559.9324872,SENT,b086f7a1-209b-4337-ac14-7a46a7cd3b3c,c7db6cfc-3f2c-4c32-92b2-621037afede8,c5,c4,1455,?,i3,
1769091559.93253,FORWARDED,b086f7a1-209b-4337-ac14-7a46a7cd3b3c,c7db6cfc-3f2c-4c32-92b2-621037afede8,c5,c4,1455,?,i3,
1769091559.938918,SENT,fc723db5-9791-461c-b5db-95e37d26baee,16b8f374-40e6-441f-86ae-0dce1b51e3cb,c4,c1,1452,?,i1,
1769091559.9389622,FORWARDED,fc723db5-9791-461c-b5db-95e37d26baee,16b8f374-40e6-441f-86ae-0dce1b51e3cb,c4,c1,1452,?,i1,
1769091560.0966182,FORWARDED,3c6411de-2a92-4b8c-8819-1b27666dd3b6,f0a636c5-931a-494f-b1c6-d33617bd75a8,c5,DROP,1021,?,i6,
1769091560.1749408,RECEIVED,0e950de4-18fa-4f10-9cf4-b3c4e52107f6,370470a5-6b2d-486e-bc7d-dd317c3975c6,c1,c5,2024,p1,?,
1769091560.2557282,RECEIVED,dabeda54-2ad3-4e00-9a51-f3d0bd6f0993,e32b3d8c-592f-433e-9bd4-6054ed033723,c5,c4,2035,p2,?,
1769091560.27948,RECEIVED,7ce6bce4-c1a8-4ddb-8c75-343157ae5924,46a8fcd0-6456-4eb6-89de-e1d3c13c3f60,c2,c1,2039,p2,?,
1769091560.3784583,RECEIVED,b2be28a6-328b-4239-8c43-70418e1d9fac,453ef82c-0274-4a9a-aebc-723bf16e0fa4,c2,DROP,1451,p2,?,
1769091560.3984153,SENT,0e950de4-18fa-4f10-9cf4-b3c4e52107f6,370470a5-6b2d-486e-bc7d-dd317c3975c6,c1,c5,1444,?,i7,
1769091560.3984578,FORWARDED,0e950de4-18fa-4f10-9cf4-b3c4e52107f6,370470a5-6b2d-486e-bc7d-dd317c3975c6,c1,c5,1444,?,i7,
1769091560.626266,FORWARDED,c692c13c-4193-4795-9ddb-198faee71167,cf890884-7813-4939-a714-0cc7c41bc4a6,c2,DROP,1008,?,i6,
1769091560.6926117,RECEIVED,86f8dcb2-9089-47a9-8a8a-792d6c4cad7f,3ed02411-8b9e-4c71-ac0f-1739d0f5c8cb,c2,c1,2048,p2,?,
1769091560.7242174,RECEIVED,cacaeb44-38f8-4896-9d46-d44c144ef5a5,2d2c6d0e-35af-4da5-adfd-ec3e2383903f,c1,c5,2035,p1,?,
1769091560.7396498,RECEIVED,8df101ea-c765-456e-9732-74622b53d51a,0821e66a-b216-4285-8eac-9e4adcef7e00,c4,c1,2045,p1,?,
1769091560.745069,RECEIVED,06f4199b-be57-4832-ac27-cdb20b2368df,359e03da-3792-4b9a-8905-686a8097499d,c3,c4,2031,p3,?,
1769091560.7511358,RECEIVED,d5fde758-a678-4d22-96ec-3fb93d9ac4fb,9aed3343-0ea1-4c2c-9753-c96caf315945,c1,c5,2031,p1,?,
1769091560.7902393,RECEIVED,7d816446-107a-43cf-819a-8a1ce4bf83ab,52bab330-4fb1-47e0-8df7-ae09e73fd59d,c5,c4,2045,p2,?,
1769091560.8047183,RECEIVED,59326a7f-1e7b-4363-8953-d75f4c18ba31,e8b10216-ed74-418f-81f4-fd5da7a37334,c1,c5,2043,p1,?,
1769091560.8276775,SENT,8df101ea-c765-456e-9732-74622b53d51a,0821e66a-b216-4285-8eac-9e4adcef7e00,c4,c1,1460,?,i11,
1769091560.8277295,FORWARDED,8df101ea-c765-456e-9732-74622b53d51a,0821e66a-b216-4285-8eac-9e4adcef7e00,c4,c1,1460,?,i11,
1769091560.8825529,SENT,dabeda54-2ad3-4e00-9a51-f3d0bd6f0993,e32b3d8c-592f-433e-9bd4-6054ed033723,c5,c4,1453,?,i3,
1769091560.8825958,FORWARDED,dabeda54-2ad3-4e00-9a51-f3d0bd6f0993,e32b3d8c-592f-433e-9bd4-6054ed033723,c5,c4,1453,?,i3,
1769091560.9405062,SENT,7d816446-107a-43cf-819a-8a1ce4bf83ab,52bab330-4fb1-47e0-8df7-ae09e73fd59d,c5,c4,1460,?,i10,
1769091560.9405587,FORWARDED,7d816446-107a-43cf-819a-8a1ce4bf83ab,52bab330-4fb1-47e0-8df7-ae09e73fd59d,c5,c4,1460,?,i10,
1769091560.9463325,SENT,86f8dcb2-9089-47a9-8a8a-792d6c4cad7f,3ed02411-8b9e-4c71-ac0f-1739d0f5c8cb,c2,c1,1464,?,i8,
1769091560.9463818,FORWARDED,86f8dcb2-9089-47a9-8a8a-792d6c4cad7f,3ed02411-8b9e-4c71-ac0f-1739d0f5c8cb,c2,c1,1464,?,i8,
1769091561.1341095,RECEIVED,4ab3dba0-a8ed-4346-8f1f-6c5608c81ad3,84bc5e8d-ec88-4df3-b3e2-4e51ea0b6aa1,c3,DROP,1440,p3,?,
1769091561.1607823,SENT,1f81ce14-368d-4cf7-8cda-92fa03144ea4,62e210e2-b0e2-4a0b-bff6-ce1ab945a356,c5,c4,1457,?,i12,
1769091561.160828,FORWARDED,1f81ce14-368d-4cf7-8cda-92fa03144ea4,62e210e2-b0e2-4a0b-bff6-ce1ab945a356,c5,c4,1457,?,i12,
1769091561.2269516,SENT,b2be28a6-328b-4239-8c43-70418e1d9fac,453ef82c-0274-4a9a-aebc-723bf16e0fa4,c2,DROP,1016,?,i3,
1769091561.2269912,FORWARDED,b2be28a6-328b-4239-8c43-70418e1d9fac,453ef82c-0274-4a9a-aebc-723bf16e0fa4,c2,DROP,1016,?,i3,
1769091561.2903364,RECEIVED,3fecd9d2-1371-47eb-b556-ea9e6cfd7840,02949ce6-1c13-4c1c-9680-4b39ec9e0517,c2,DROP,1455,p2,?,
1769091561.4540007,RECEIVED,207c73ea-db23-4d73-9db8-366308d0d239,4d56a6e7-c96f-407b-b412-fbd9ed591208,c1,c5,2044,p1,?,
1769091561.4660795,SENT,4ab3dba0-a8ed-4346-8f1f-6c5608c81ad3,84bc5e8d-ec88-4df3-b3e2-4e51ea0b6aa1,c3,DROP,1007,?,i7,
1769091561.4661222,FORWARDED,4ab3dba0-a8ed-4346-8f1f-6c5608c81ad3,84bc5e8d-ec88-4df3-b3e2-4e51ea0b6aa1,c3,DROP,1007,?,i7,
1769091561.5382166,SENT,3fecd9d2-1371-47eb-b556-ea9e6cfd7840,02949ce6-1c13-4c1c-9680-4b39ec9e0517,c2,DROP,1019,?,i9,
1769091561.538257,FORWARDED,3fecd9d2-1371-47eb-b556-ea9e6cfd7840,02949ce6-1c13-4c1c-9680-4b39ec9e0517,c2,DROP,1019,?,i9,
1769091561.567657,RECEIVED,97430607-098f-49f2-9945-d6ab12abd607,218f8419-e166-40fa-bbb7-34ddf7bf58a4,c2,c1,2039,p2,?,
1769091561.5833254,SENT,207c73ea-db23-4d73-9db8-366308d0d239,4d56a6e7-c96f-407b-b412-fbd9ed591208,c1,c5,1459,?,i10,
1769091561.5833793,FORWARDED,207c73ea-db23-4d73-9db8-366308d0d239,4d56a6e7-c96f-407b-b412-fbd9ed591208,c1,c5,1459,?,i10,
1769091561.6590772,RECEIVED,f74beea6-0df0-47a7-b14c-b4d07305b8b0,e164b73c-1303-4747-8e6c-4a88026c7d53,c3,c4,2020,p3,?,
1769091561.673127,SENT,d5fde758-a678-4d22-96ec-3fb93d9ac4fb,9aed3343-0ea1-4c2c-9753-c96caf315945,c1,c5,1451,?,i4,
1769091561.67317,FORWARDED,d5fde758-a678-4d22-96ec-3fb93d9ac4fb,9aed3343-0ea1-4c2c-9753-c96caf315945,c1,c5,1451,?,i4,
1769091561.7243285,RECEIVED,c99a6fb5-6f1b-4290-bbcb-bab6b27c5649,b6ae24d5-eeff-4efe-8146-5c30d14fa2e1,c1,DROP,1440,p1,?,
1769091561.759511,SENT,c99a6fb5-6f1b-4290-bbcb-bab6b27c5649,b6ae24d5-eeff-4efe-8146-5c30d14fa2e1,c1,DROP,1007,?,i5,
1769091561.7595534,FORWARDED,c99a6fb5-6f1b-4290-bbcb-bab6b27c5649,b6ae24d5-eeff-4efe-8146-5c30d14fa2e1,c1,DROP,1007,?,i5,
1769091561.7656527,SENT,06f4199b-be57-4832-ac27-cdb20b2368df,359e03da-3792-4b9a-8905-686a8097499d,c3,c4,1452,?,i7,
1769091561.7656937,FORWARDED,06f4199b-be57-4832-ac27-cdb20b2368df,359e03da-3792-4b9a-8905-686a8097499d,c3,c4,1452,?,i7,
1769091561.772192,RECEIVED,63a9ed30-c6f3-4158-be2b-5eae74a6c582,d10e6daf-f9a2-41c3-bebf-812bf8bee956,c1,DROP,1440,p1,?,
1769091561.7891984,SENT,59326a7f-1e7b-4363-8953-d75f4c18ba31,e8b10216-ed74-418f-81f4-fd5da7a37334,c1,c5,1460,?,i8,
1769091561.7892363,FORWARDED,59326a7f-1e7b-4363-8953-d75f4c18ba31,e8b10216-ed74-418f-81f4-fd5da7a37334,c1,c5,1460,?,i8,
1769091561.9154823,SENT,cacaeb44-38f8-4896-9d46-d44c144ef5a5,2d2c6d0e-35af-4da5-adfd-ec3e2383903f,c1,c5,1455,?,i5,
1769091561.9155223,FORWARDED,cacaeb44-38f8-4896-9d46-d44c144ef5a5,2d2c6d0e-35af-4da5-adfd-ec3e2383903f,c1,c5,1455,?,i5,
1769091561.967674,SENT,63a9ed30-c6f3-4158-be2b-5eae74a6c582,d10e6daf-f9a2-41c3-bebf-812bf8bee956,c1,DROP,1007,?,i9,
1769091561.9677312,FORWARDED,63a9ed30-c6f3-4158-be2b-5eae74a6c582,d10e6daf-f9a2-41c3-bebf-812bf8bee956,c1,DROP,1007,?,i9,
1769091561.996699,SENT,f74beea6-0df0-47a7-b14c-b4d07305b8b0,e164b73c-1303-4747-8e6c-4a88026c7d53,c3,c4,1443,?,i2,
1769091561.9967422,FORWARDED,f74beea6-0df0-47a7-b14c-b4d07305b8b0,e164b73c-1303-4747-8e6c-4a88026c7d53,c3,c4,1443,?,i2,
1769091562.2077968,FORWARDED,97430607-098f-49f2-9945-d6ab12abd607,218f8419-e166-40fa-bbb7-34ddf7bf58a4,c2,c1,1456,?,i6,
1769091562.2712305,SENT,7ce6bce4-c1a8-4ddb-8c75-343157ae5924,46a8fcd0-6456-4eb6-89de-e1d3c13c3f60,c2,c1,1456,?,i7,
1769091562.2712998,FORWARDED,7ce6bce4-c1a8-4ddb-8c75-343157ae5924,46a8fcd0-6456-4eb6-89de-e1d3c13c3f60,c2,c1,1456,?,i7,
1769091562.2981017,RECEIVED,c500fe15-6c4c-4c5f-9ace-f5e380b83ce1,6c014ca2-5975-4a58-9611-789b4f4a8ebd,c4,DROP,1447,p1,?,
1769091562.5223353,RECEIVED,df308c09-7543-4fd6-925f-7c1ab3a6d621,0decc2a6-a0cd-4ba5-95e7-bb0379873203,c4,c1,2040,p1,?,
1769091562.578695,SENT,df308c09-7543-4fd6-925f-7c1ab3a6d621,0decc2a6-a0cd-4ba5-95e7-bb0379873203,c4,c1,1456,?,i7,
1769091562.5787385,FORWARDED,df308c09-7543-4fd6-925f-7c1ab3a6d621,0decc2a6-a0cd-4ba5-95e7-bb0379873203,c4,c1,1456,?,i7,
1769091562.5861459,SENT,c500fe15-6c4c-4c5f-9ace-f5e380b83ce1,6c014ca2-5975-4a58-9611-789b4f4a8ebd,c4,DROP,1014,?,i5,
1769091562.58619,FORWARDED,c500fe15-6c4c-4c5f-9ace-f5e380b83ce1,6c014ca2-5975-4a58-9611-789b4f4a8ebd,c4,DROP,1014,?,i5,
1769091562.8833597,RECEIVED,dffc1486-693a-4320-9b16-1e23bf8acca0,ea208355-19ff-4c8d-9d16-8f3d45084d47,c3,c4,2049,p3,?,
1769091563.0048892,SENT,dffc1486-693a-4320-9b16-1e23bf8acca0,ea208355-19ff-4c8d-9d16-8f3d45084d47,c3,c4,1463,?,i11,
1769091563.0049286,FORWARDED,dffc1486-693a-4320-9b16-1e23bf8acca0,ea208355-19ff-4c8d-9d16-8f3d45084d47,c3,c4,1463,?,i11,
1769091563.178947,RECEIVED,fc8c91ce-8b38-46c7-9c32-498a6bc80309,a45b1507-2636-4936-88d1-88bea9ba73d8,c2,c1,2039,p2,?,
1769091563.2542489,RECEIVED,d51e9b87-45a0-40b9-94ac-934ae08e6f34,d36acfc6-b092-45af-8fde-d58b6ae3d3ff,c2,c1,2044,p2,?,
1769091563.3079693,RECEIVED,f0f7b076-a5c5-4d6f-9a64-f33240b55562,dd47f1a5-2878-4c06-b459-d7fd916c069c,c2,DROP,1456,p2,?,
1769091563.3569274,RECEIVED,68a94d9f-d660-4ff9-a97e-537f9df35965,b4912510-5176-42b1-ac46-8f102f2bed49,c2,c1,2024,p2,?,
1769091563.5092463,SENT,68a94d9f-d660-4ff9-a97e-537f9df35965,b4912510-5176-42b1-ac46-8f102f2bed49,c2,c1,1444,?,i1,
1769091563.5092993,FORWARDED,68a94d9f-d660-4ff9-a97e-537f9df35965,b4912510-5176-42b1-ac46-8f102f2bed49,c2,c1,1444,?,i1,
1769091563.607561,RECEIVED,55b09601-f637-4899-9cb8-e2029a7c23c1,c7afcf31-62a3-4be6-a153-5a432a681a36,c4,c1,2035,p1,?,
1769091563.7306104,SENT,d51e9b87-45a0-40b9-94ac-934ae08e6f34,d36acfc6-b092-45af-8fde-d58b6ae3d3ff,c2,c1,1460,?,i5,
1769091563.7314613,FORWARDED,d51e9b87-45a0-40b9-94ac-934ae08e6f34,d36acfc6-b092-45af-8fde-d58b6ae3d3ff,c2,c1,1460,?,i5,
1769091564.2083714,RECEIVED,ed1b50a0-1fe6-4b74-91b3-95c9e85d6eed,0b5119a5-75a6-498c-b5c8-9fa19907f0d8,c1,c5,2036,p1,?,
1769091564.3136816,SENT,ed1b50a0-1fe6-4b74-91b3-95c9e85d6eed,0b5119a5-75a6-498c-b5c8-9fa19907f0d8,c1,c5,1455,?,i4,
1769091564.3137343,FORWARDED,ed1b50a0-1fe6-4b74-91b3-95c9e85d6eed,0b5119a5-75a6-498c-b5c8-9fa19907f0d8,c1,c5,1455,?,i4,
1769091564.432252,RECEIVED,bfd3e229-ae7c-46d7-b54f-894e8841a7a2,42172f47-4b56-49b1-8eb1-f1619968417b,c2,c1,2044,p2,?,
1769091564.606115,SENT,fc8c91ce-8b38-46c7-9c32-498a6bc80309,a45b1507-2636-4936-88d1-88bea9ba73d8,c2,c1,1457,?,i5,
1769091564.6065643,FORWARDED,fc8c91ce-8b38-46c7-9c32-498a6bc80309,a45b1507-2636-4936-88d1-88bea9ba73d8,c2,c1,1457,?,i5,
1769091564.6180224,SENT,bfd3e229-ae7c-46d7-b54f-894e8841a7a2,42172f47-4b56-49b1-8eb1-f1619968417b,c2,c1,1459,?,i3,
1769091564.6180744,FORWARDED,bfd3e229-ae7c-46d7-b54f-894e8841a7a2,42172f47-4b56-49b1-8eb1-f1619968417b,c2,c1,1459,?,i3,
1769091564.7487319,RECEIVED,e0f3597f-596c-4b75-bf57-79c999ae2882,4e1f2eb7-667c-4a86-9707-5fd4b3dfdf15,c4,c1,2031,p1,?,
1769091564.7937727,RECEIVED,514bb93b-b01f-4079-a5e9-00a5293b6fae,f5d0fdf3-16ab-45dd-8b4a-f552706129b5,c2,DROP,1456,p2,?,
1769091564.8023412,RECEIVED,52f85f31-3084-4dcc-87b0-aae4e1c34d20,a267e4a5-c9ae-400c-a15f-5db2faeacca2,c2,c1,2031,p2,?,
1769091564.8208835,SENT,52f85f31-3084-4dcc-87b0-aae4e1c34d20,a267e4a5-c9ae-400c-a15f-5db2faeacca2,c2,c1,1447,?,i12,
1769091564.8209255,FORWARDED,52f85f31-3084-4dcc-87b0-aae4e1c34d20,a267e4a5-c9ae-400c-a15f-5db2faeacca2,c2,c1,1447,?,i12,
1769091564.9141006,SENT,55b09601-f637-4899-9cb8-e2029a7c23c1,c7afcf31-62a3-4be6-a153-5a432a681a36,c4,c1,1455,?,i1,
1769091564.9141936,FORWARDED,55b09601-f637-4899-9cb8-e2029a7c23c1,c7afcf31-62a3-4be6-a153-5a432a681a36,c4,c1,1455,?,i1,
1769091565.0662146,SENT,e0f3597f-596c-4b75-bf57-79c999ae2882,4e1f2eb7-667c-4a86-9707-5fd4b3dfdf15,c4,c1,1451,?,i5,
1769091565.0662565,FORWARDED,e0f3597f-596c-4b75-bf57-79c999ae2882,4e1f2eb7-667c-4a86-9707-5fd4b3dfdf15,c4,c1,1451,?,i5,
1769091565.0836484,SENT,514bb93b-b01f-4079-a5e9-00a5293b6fae,f5d0fdf3-16ab-45dd-8b4a-f552706129b5,c2,DROP,1020,?,i12,
1769091565.0836892,FORWARDED,514bb93b-b01f-4079-a5e9-00a5293b6fae,f5d0fdf3-16ab-45dd-8b4a-f552706129b5,c2,DROP,1020,?,i12,
1769091565.3878686,RECEIVED,ce389e00-21f2-489b-b1f0-5ca2bb5aab8c,4a06ac67-f430-49b4-8192-d4eb4acf006f,c1,DROP,1451,p1,?,
1769091565.6129556,RECEIVED,d1cc31ad-b746-4e59-ac5c-a36e9cb1d178,c30a12fd-bfbb-47b9-b08e-f458e07a701c,c4,DROP,442,x4,?,
1769091565.6874368,SENT,f0f7b076-a5c5-4d6f-9a64-f33240b55562,dd47f1a5-2878-4c06-b459-d7fd916c069c,c2,DROP,1019,?,i11,
1769091565.6874769,FORWARDED,f0f7b076-a5c5-4d6f-9a64-f33240b55562,dd47f1a5-2878-4c06-b459-d7fd916c069c,c2,DROP,1019,?,i11,
1769091565.8145423,RECEIVED,07adcd60-3ad8-4dc7-8a2d-52fe9af84fe5,1a38d712-4260-42c3-8f62-2a3a138ad85f,c5,DROP,441,x4,?,
1769091566.041873,SENT,ce389e00-21f2-489b-b1f0-5ca2bb5aab8c,4a06ac67-f430-49b4-8192-d4eb4acf006f,c1,DROP,1017,?,i7,
1769091566.0419152,FORWARDED,ce389e00-21f2-489b-b1f0-5ca2bb5aab8c,4a06ac67-f430-49b4-8192-d4eb4acf006f,c1,DROP,1017,?,i7,
1769091566.1251152,RECEIVED,70433967-9dff-4181-91ac-2fa5099b05ac,2192cf39-0095-4d6d-a1e0-e837b2f1e37e,c3,c4,2034,p3,?,
1769091566.2032716,RECEIVED,aed7ab62-5b9f-417b-9c38-ad1153dade6d,0ec362bf-effe-4b78-8459-0d79e45e9235,c2,c1,2035,p2,?,
1769091566.2169628,RECEIVED,115a8d77-302e-494f-be78-55816df8a422,640b2fc9-30fb-40eb-81e0-fe0ae4a6c6e7,c4,DROP,1441,p1,?,
1769091566.2432148,SENT,115a8d77-302e-494f-be78-55816df8a422,640b2fc9-30fb-40eb-81e0-fe0ae4a6c6e7,c4,DROP,1007,?,i4,
1769091566.2432668,FORWARDED,115a8d77-302e-494f-be78-55816df8a422,640b2fc9-30fb-40eb-81e0-fe0ae4a6c6e7,c4,DROP,1007,?,i4,
1769091566.2907336,RECEIVED,f7b16d65-d630-441d-9782-001c81efe0cc,68c80648-52f0-4e7d-b05d-0a88a90d3565,c1,c5,2019,p1,?,
1769091566.480753,SENT,70433967-9dff-4181-91ac-2fa5099b05ac,2192cf39-0095-4d6d-a1e0-e837b2f1e37e,c3,c4,1454,?,i9,
1769091566.4807968,FORWARDED,70433967-9dff-4181-91ac-2fa5099b05ac,2192cf39-0095-4d6d-a1e0-e837b2f1e37e,c3,c4,1454,?,i9,
1769091566.5302677,RECEIVED,97e0a868-5d38-4756-a735-da00d1e84ba2,093553f6-b483-4cb3-a05f-1ccb063b2345,c4,c1,2046,p1,?,
1769091566.583849,SENT,97e0a868-5d38-4756-a735-da00d1e84ba2,093553f6-b483-4cb3-a05f-1ccb063b2345,c4,c1,1460,?,i10,
1769091566.5838904,FORWARDED,97e0a868-5d38-4756-a735-da00d1e84ba2,093553f6-b483-4cb3-a05f-1ccb063b2345,c4,c1,1460,?,i10,
1769091566.6183262,RECEIVED,bfee6756-407a-4925-966b-5f487ff3ed82,b3a112c0-b444-4be3-a032-b726ab9f7c4d,c3,c4,2037,p3,?,
1769091566.7732165,SENT,f7b16d65-d630-441d-9782-001c81efe0cc,68c80648-52f0-4e7d-b05d-0a88a90d3565,c1,c5,1443,?,i5,
1769091566.7732553,FORWARDED,f7b16d65-d630-441d-9782-001c81efe0cc,68c80648-52f0-4e7d-b05d-0a88a90d3565,c1,c5,1443,?,i5,
1769091566.8273077,SENT,bfee6756-407a-4925-966b-5f487ff3ed82,b3a112c0-b444-4be3-a032-b726ab9f7c4d,c3,c4,1455,?,i11,
1769091566.8273542,FORWARDED,bfee6756-407a-4925-966b-5f487ff3ed82,b3a112c0-b444-4be3-a032-b726ab9f7c4d,c3,c4,1455,?,i11,
1769091566.844271,SENT,aed7ab62-5b9f-417b-9c38-ad1153dade6d,0ec362bf-effe-4b78-8459-0d79e45e9235,c2,c1,1455,?,i2,
1769091566.8443115,FORWARDED,aed7ab62-5b9f-417b-9c38-ad1153dade6d,0ec362bf-effe-4b78-8459-0d79e45e9235,c2,c1,1455,?,i2,
1769091566.8953955,RECEIVED,7cef9522-135a-4df3-874d-516afbc8e2da,ce914a5d-e8f0-44e9-8ccf-cfe36fab8916,c2,c1,2043,p2,?,
1769091566.9144647,RECEIVED,c6207413-c76a-466e-a5e3-0f5fdda2ff61,1430689c-aa15-4bbb-88a0-d3a0caa3f0bb,c2,c1,2029,p2,?,
1769091566.936888,RECEIVED,e8a8de74-5653-462b-a71d-677074215de1,5292c655-fc50-4a2c-a1d5-82ba2a20df34,c5,c4,2043,p2,?,
1769091566.9818482,RECEIVED,9ba26af5-41fd-4b16-b9cb-907cd4ac7314,b990e74a-2c64-4cbe-9dec-9139ab50310c,c2,c1,2017,p2,?,
1769091567.0048084,SENT,c6207413-c76a-466e-a5e3-0f5fdda2ff61,1430689c-aa15-4bbb-88a0-d3a0caa3f0bb,c2,c1,1448,?,i2,
1769091567.004853,FORWARDED,c6207413-c76a-466e-a5e3-0f5fdda2ff61,1430689c-aa15-4bbb-88a0-d3a0caa3f0bb,c2,c1,1448,?,i2,
1769091567.107814,SENT,9ba26af5-41fd-4b16-b9cb-907cd4ac7314,b990e74a-2c64-4cbe-9dec-9139ab50310c,c2,c1,1440,?,i10,
1769091567.1078558,FORWARDED,9ba26af5-41fd-4b16-b9cb-907cd4ac7314,b990e74a-2c64-4cbe-9dec-9139ab50310c,c2,c1,1440,?,i10,
1769091567.2450886,RECEIVED,ad879532-8057-4f5e-9f9b-9978f27bd6ca,02b16efd-2300-4c13-91ae-8080a85160a3,c5,DROP,1440,p2,?,
1769091567.3558714,RECEIVED,905af61d-c0ef-4566-b124-e2704c0b7f4c,a852ad8c-2d8a-4493-980e-74bf49e24c6b,c5,c4,2044,p2,?,
1769091567.4265409,SENT,ad879532-8057-4f5e-9f9b-9978f27bd6ca,02b16efd-2300-4c13-91ae-8080a85160a3,c5,DROP,1008,?,i1,
1769091567.4269726,FORWARDED,ad879532-8057-4f5e-9f9b-9978f27bd6ca,02b16efd-2300-4c13-91ae-8080a85160a3,c5,DROP,1008,?,i1,
1769091567.4535794,RECEIVED,b981bdf2-d145-4674-8230-30d67373c6ab,7af60b32-d57e-4e8a-aa8b-6b85c7472d5c,c3,c4,2019,p3,?,
1769091567.5153244,RECEIVED,66e019ad-dcd2-4588-bd66-d0e67c957d6a,76ea2d12-62ea-458a-b474-14aebf6ab595,c3,c4,2032,p3,?,
1769091567.5324116,SENT,66e019ad-dcd2-4588-bd66-d0e67c957d6a,76ea2d12-62ea-458a-b474-14aebf6ab595,c3,c4,1452,?,i3,
1769091567.5324519,FORWARDED,66e019ad-dcd2-4588-bd66-d0e67c957d6a,76ea2d12-62ea-458a-b474-14aebf6ab595,c3,c4,1452,?,i3,
1769091567.5361855,RECEIVED,5ea7b679-8b01-4e9e-9495-8a54b12cb5fc,4d8df6e2-dc72-4333-a2e5-a1a6f2588e79,c1,c5,2038,p1,?,
1769091567.5462456,RECEIVED,bc10530d-1009-4dd8-aae6-2db07cea0137,fd6d94fd-6138-4fb2-8859-b7686e53fbea,c4,c1,2039,p1,?,
1769091567.5762,RECEIVED,5a049072-85a2-4375-811b-a79bd634175d,65e3784d-d462-4a16-bae5-16bf03dcf44c,c1,c5,2040,p1,?,
1769091567.5851438,SENT,e8a8de74-5653-462b-a71d-677074215de1,5292c655-fc50-4a2c-a1d5-82ba2a20df34,c5,c4,1459,?,i3,
1769091567.585186,FORWARDED,e8a8de74-5653-462b-a71d-677074215de1,5292c655-fc50-4a2c-a1d5-82ba2a20df34,c5,c4,1459,?,i3,
1769091567.5993483,SENT,905af61d-c0ef-4566-b124-e2704c0b7f4c,a852ad8c-2d8a-4493-980e-74bf49e24c6b,c5,c4,1460,?,i4,
1769091567.5993917,FORWARDED,905af61d-c0ef-4566-b124-e2704c0b7f4c,a852ad8c-2d8a-4493-980e-74bf49e24c6b,c5,c4,1460,?,i4,
1769091567.7104259,SENT,5a049072-85a2-4375-811b-a79bd634175d,65e3784d-d462-4a16-bae5-16bf03dcf44c,c1,c5,1457,?,i5,
1769091567.7104673,FORWARDED,5a049072-85a2-4375-811b-a79bd634175d,65e3784d-d462-4a16-bae5-16bf03dcf44c,c1,c5,1457,?,i5,
1769091567.7577229,SENT,bc10530d-1009-4dd8-aae6-2db07cea0137,fd6d94fd-6138-4fb2-8859-b7686e53fbea,c4,c1,1458,?,i8,
1769091567.757763,FORWARDED,bc10530d-1009-4dd8-aae6-2db07cea0137,fd6d94fd-6138-4fb2-8859-b7686e53fbea,c4,c1,1458,?,i8,
1769091567.7708335,SENT,b981bdf2-d145-4674-8230-30d67373c6ab,7af60b32-d57e-4e8a-aa8b-6b85c7472d5c,c3,c4,1443,?,i5,
1769091567.770875,FORWARDED,b981bdf2-d145-4674-8230-30d67373c6ab,7af60b32-d57e-4e8a-aa8b-6b85c7472d5c,c3,c4,1443,?,i5,
1769091567.783192,SENT,5ea7b679-8b01-4e9e-9495-8a54b12cb5fc,4d8df6e2-dc72-4333-a2e5-a1a6f2588e79,c1,c5,1457,?,i8,
1769091567.7832315,FORWARDED,5ea7b679-8b01-4e9e-9495-8a54b12cb5fc,4d8df6e2-dc72-4333-a2e5-a1a6f2588e79,c1,c5,1457,?,i8,
1769091567.7885664,RECEIVED,65a4d2a9-0b1a-4ac2-8159-47be20f81adb,52c26cc7-b7cc-4ec3-921e-f4adc5f1b060,c2,DROP,446,x5,?,
1769091567.7899103,RECEIVED,c21e3eba-e20b-4766-b412-0fe96057f356,48756f8e-4481-43f1-bf98-3311b56b812a,c1,c5,2048,p1,?,
1769091567.82795,SENT,7cef9522-135a-4df3-874d-516afbc8e2da,ce914a5d-e8f0-44e9-8ccf-cfe36fab8916,c2,c1,1459,?,i7,
1769091567.8279912,FORWARDED,7cef9522-135a-4df3-874d-516afbc8e2da,ce914a5d-e8f0-44e9-8ccf-cfe36fab8916,c2,c1,1459,?,i7,
1769091568.3848364,SENT,c21e3eba-e20b-4766-b412-0fe96057f356,48756f8e-4481-43f1-bf98-3311b56b812a,c1,c5,1464,?,i11,
1769091568.3848786,FORWARDED,c21e3eba-e20b-4766-b412-0fe96057f356,48756f8e-4481-43f1-bf98-3311b56b812a,c1,c5,1464,?,i11,
1769091568.4114814,RECEIVED,64e438b2-7cad-4f42-a737-c323163060e7,9eaf71b1-80d7-4a49-a9bd-07f7d0820f88,c3,c4,2035,p3,?,
1769091568.5544584,RECEIVED,09592e9a-c0bb-4da2-a404-295cb1c18e3e,df630b4e-8598-4390-a37d-f44353d2415f,c5,c4,2031,p2,?,
1769091568.7372248,RECEIVED,d42f65f0-188b-4441-b2e8-a8a2a9acb6f3,1e812996-08d8-4c52-955c-407ed0134353,c5,DROP,1456,p2,?,
1769091568.7900434,RECEIVED,573428dc-1a26-4217-861f-874c889ea48a,6add81dc-ed80-46c5-b00b-4500b6fb51a8,c2,c1,2044,p2,?,
1769091568.8274653,RECEIVED,a38ea8bd-92bb-42ea-b55c-e923058b310b,9f62a3ae-65f2-4c1a-bdce-80e5b9874768,c1,c5,2039,p1,?,
1769091568.8693657,RECEIVED,5d4b9c99-78dc-430b-85e4-56bba35ce206,5027603b-4be0-4778-9fbc-aec2ffa1c6a2,c5,c4,2044,p2,?,
1769091568.954591,RECEIVED,96dbb6c0-4cb2-42eb-887d-baf63385bf1b,06c1b3ac-80a0-4b9f-a990-6d726d9918e5,c4,DROP,1440,p1,?,
1769091568.9837708,FORWARDED,09592e9a-c0bb-4da2-a404-295cb1c18e3e,df630b4e-8598-4390-a37d-f44353d2415f,c5,c4,1451,?,i6,
1769091568.9896615,RECEIVED,e514e146-63cc-48f2-9a17-f8f9a4b1da77,c02f8375-2681-4fc1-89c0-66fad3f6db8e,c1,DROP,1439,p1,?,
1769091569.0977614,RECEIVED,58527586-f844-4c6e-8d12-9506b4dd41c6,da98b4c7-2bef-4da8-9956-758014581a7d,c2,DROP,1455,p2,?,
1769091569.1115549,SENT,96dbb6c0-4cb2-42eb-887d-baf63385bf1b,06c1b3ac-80a0-4b9f-a990-6d726d9918e5,c4,DROP,1008,?,i3,
1769091569.1116147,FORWARDED,96dbb6c0-4cb2-42eb-887d-baf63385bf1b,06c1b3ac-80a0-4b9f-a990-6d726d9918e5,c4,DROP,1008,?,i3,
1769091569.1400843,RECEIVED,52be78af-a716-47de-b51d-e96aa047b640,8d330353-78d3-498f-aa92-55667f287696,c4,DROP,1441,p1,?,
1769091569.1433835,SENT,5d4b9c99-78dc-430b-85e4-56bba35ce206,5027603b-4be0-4778-9fbc-aec2ffa1c6a2,c5,c4,1459,?,i1,
1769091569.1434264,FORWARDED,5d4b9c99-78dc-430b-85e4-56bba35ce206,5027603b-4be0-4778-9fbc-aec2ffa1c6a2,c5,c4,1459,?,i1,
1769091569.1889105,SENT,52be78af-a716-47de-b51d-e96aa047b640,8d330353-78d3-498f-aa92-55667f287696,c4,DROP,1008,?,i12,
1769091569.1889532,FORWARDED,52be78af-a716-47de-b51d-e96aa047b640,8d330353-78d3-498f-aa92-55667f287696,c4,DROP,1008,?,i12,
1769091569.2284086,SENT,64e438b2-7cad-4f42-a737-c323163060e7,9eaf71b1-80d7-4a49-a9bd-07f7d0820f88,c3,c4,1455,?,i1,
1769091569.2284427,FORWARDED,64e438b2-7cad-4f42-a737-c323163060e7,9eaf71b1-80d7-4a49-a9bd-07f7d0820f88,c3,c4,1455,?,i1,
1769091569.306623,RECEIVED,f0d8a0fd-55e6-4420-80be-383aca96cd86,e0fbbfe1-c90f-43c0-8c97-a0520e8415df,c4,c1,2031,p1,?,
1769091569.3184755,SENT,a38ea8bd-92bb-42ea-b55c-e923058b310b,9f62a3ae-65f2-4c1a-bdce-80e5b9874768,c1,c5,1456,?,i9,
1769091569.3185172,FORWARDED,a38ea8bd-92bb-42ea-b55c-e923058b310b,9f62a3ae-65f2-4c1a-bdce-80e5b9874768,c1,c5,1456,?,i9,
1769091569.42439,RECEIVED,ac7ad009-1ee5-4f02-9c61-fbb124885a34,26c33c8e-03cf-4997-a017-cdde53d33c3e,c1,DROP,443,x4,?,
1769091569.4980903,SENT,e514e146-63cc-48f2-9a17-f8f9a4b1da77,c02f8375-2681-4fc1-89c0-66fad3f6db8e,c1,DROP,1007,?,i4,
1769091569.4981298,FORWARDED,e514e146-63cc-48f2-9a17-f8f9a4b1da77,c02f8375-2681-4fc1-89c0-66fad3f6db8e,c1,DROP,1007,?,i4,
1769091569.5887299,SENT,58527586-f844-4c6e-8d12-9506b4dd41c6,da98b4c7-2bef-4da8-9956-758014581a7d,c2,DROP,1019,?,i2,
1769091569.5887754,FORWARDED,58527586-f844-4c6e-8d12-9506b4dd41c6,da98b4c7-2bef-4da8-9956-758014581a7d,c2,DROP,1019,?,i2,
1769091569.6587522,RECEIVED,f4655ede-f297-4abc-bab2-7e47dbd80c2c,e7b0422f-0d27-403a-b31b-152c137ea1d3,c5,DROP,1457,p2,?,
1769091569.6944475,SENT,d42f65f0-188b-4441-b2e8-a8a2a9acb6f3,1e812996-08d8-4c52-955c-407ed0134353,c5,DROP,1019,?,i11,
1769091569.6945813,FORWARDED,d42f65f0-188b-4441-b2e8-a8a2a9acb6f3,1e812996-08d8-4c52-955c-407ed0134353,c5,DROP,1019,?,i11,
1769091569.811826,SENT,573428dc-1a26-4217-861f-874c889ea48a,6add81dc-ed80-46c5-b00b-4500b6fb51a8,c2,c1,1460,?,i12,
1769091569.8118675,FORWARDED,573428dc-1a26-4217-861f-874c889ea48a,6add81dc-ed80-46c5-b00b-4500b6fb51a8,c2,c1,1460,?,i12,
1769091569.865516,RECEIVED,2b90d9ee-a6a2-4e79-ad7e-bf27f0d7e30a,3a39ba94-d3ff-4472-8a7c-c9b29d0d4837,c5,c4,2036,p2,?,
1769091570.0015728,SENT,f0d8a0fd-55e6-4420-80be-383aca96cd86,e0fbbfe1-c90f-43c0-8c97-a0520e8415df,c4,c1,1452,?,i4,
1769091570.0016756,FORWARDED,f0d8a0fd-55e6-4420-80be-383aca96cd86,e0fbbfe1-c90f-43c0-8c97-a0520e8415df,c4,c1,1452,?,i4,
1769091570.0480394,SENT,f4655ede-f297-4abc-bab2-7e47dbd80c2c,e7b0422f-0d27-403a-b31b-152c137ea1d3,c5,DROP,1018,?,i11,
1769091570.048094,FORWARDED,f4655ede-f297-4abc-bab2-7e47dbd80c2c,e7b0422f-0d27-403a-b31b-152c137ea1d3,c5,DROP,1018,?,i11,
1769091570.0908697,RECEIVED,80dcd978-9264-4ec8-96a6-211c6a2043ad,2834fd42-a46a-4e70-8917-18cee1d33978,c1,c5,2040,p1,?,
1769091570.104291,RECEIVED,9758c4ee-2878-42ad-ae6f-d41370b5698a,91aebbd8-d749-484c-8407-39e2bc648a26,c2,DROP,1439,p2,?,
1769091570.1282232,SENT,2b90d9ee-a6a2-4e79-ad7e-bf27f0d7e30a,3a39ba94-d3ff-4472-8a7c-c9b29d0d4837,c5,c4,1455,?,i10,
1769091570.1282876,FORWARDED,2b90d9ee-a6a2-4e79-ad7e-bf27f0d7e30a,3a39ba94-d3ff-4472-8a7c-c9b29d0d4837,c5,c4,1455,?,i10,
1769091570.159803,RECEIVED,1ce6b52e-e04f-41b5-a665-045c1bfe18c9,e2bfc2f7-641c-4243-b3a6-39014b108489,c5,DROP,1459,p2,?,
1769091570.295995,RECEIVED,b1f2d360-ab53-4087-b955-45e525f84308,39ab0e52-6891-46a2-8a67-563356955c0e,c3,c4,2027,p3,?,
1769091570.3041453,SENT,9758c4ee-2878-42ad-ae6f-d41370b5698a,91aebbd8-d749-484c-8407-39e2bc648a26,c2,DROP,1007,?,i3,
1769091570.304188,FORWARDED,9758c4ee-2878-42ad-ae6f-d41370b5698a,91aebbd8-d749-484c-8407-39e2bc648a26,c2,DROP,1007,?,i3,
1769091570.3752627,SENT,80dcd978-9264-4ec8-96a6-211c6a2043ad,2834fd42-a46a-4e70-8917-18cee1d33978,c1,c5,1457,?,i5,
1769091570.3755608,FORWARDED,80dcd978-9264-4ec8-96a6-211c6a2043ad,2834fd42-a46a-4e70-8917-18cee1d33978,c1,c5,1457,?,i5,
1769091570.5401258,RECEIVED,67556194-5c95-4aa0-8295-cc1f3728f9d6,7e6cb42f-3444-48d5-bf7c-523c78477b0a,c3,DROP,1447,p3,?,
1769091570.5830233,RECEIVED,73fcba80-3145-441b-b0bb-bb74a8507428,3e56743e-1d77-424f-b267-c0a4981db5f0,c4,c1,2043,p1,?,
1769091570.7770693,RECEIVED,cb077fe8-d8f9-40e4-8eec-af3fe3e4fd05,af7c42be-5191-4a4e-a639-a23ebcb36ec3,c2,DROP,1457,p2,?,
1769091570.7909465,SENT,73fcba80-3145-441b-b0bb-bb74a8507428,3e56743e-1d77-424f-b267-c0a4981db5f0,c4,c1,1459,?,i2,
1769091570.7909887,FORWARDED,73fcba80-3145-441b-b0bb-bb74a8507428,3e56743e-1d77-424f-b267-c0a4981db5f0,c4,c1,1459,?,i2,
1769091570.8011243,SENT,1ce6b52e-e04f-41b5-a665-045c1bfe18c9,e2bfc2f7-641c-4243-b3a6-39014b108489,c5,DROP,1021,?,i8,
1769091570.801248,FORWARDED,1ce6b52e-e04f-41b5-a665-045c1bfe18c9,e2bfc2f7-641c-4243-b3a6-39014b108489,c5,DROP,1021,?,i8,
1769091570.8136675,RECEIVED,eede15b8-e240-47e0-8023-3189613158e9,7cf58a30-b2b1-4b50-962c-88d1148ef4c0,c5,DROP,1444,p2,?,
1769091570.8713183,RECEIVED,4bde5abe-0e5e-4198-9f25-58afb406f0b1,700a2340-da97-4aa7-99c6-88482312a2f8,c1,DROP,441,x12,?,
1769091570.9016368,RECEIVED,1b5f56b5-8b76-49d3-81b0-dc20e1657c32,1017f874-1d6d-437b-943e-f1fce8ca7026,c5,DROP,442,x1,?,
1769091570.9248111,SENT,cb077fe8-d8f9-40e4-8eec-af3fe3e4fd05,af7c42be-5191-4a4e-a639-a23ebcb36ec3,c2,DROP,1018,?,i12,
1769091570.9248536,FORWARDED,cb077fe8-d8f9-40e4-8eec-af3fe3e4fd05,af7c42be-5191-4a4e-a639-a23ebcb36ec3,c2,DROP,1018,?,i12,
1769091570.937151,SENT,eede15b8-e240-47e0-8023-3189613158e9,7cf58a30-b2b1-4b50-962c-88d1148ef4c0,c5,DROP,1011,?,i7,
1769091570.9371889,FORWARDED,eede15b8-e240-47e0-8023-3189613158e9,7cf58a30-b2b1-4b50-962c-88d1148ef4c0,c5,DROP,1011,?,i7,
1769091570.9571722,SENT,67556194-5c95-4aa0-8295-cc1f3728f9d6,7e6cb42f-3444-48d5-bf7c-523c78477b0a,c3,DROP,1012,?,i5,
1769091570.9572134,FORWARDED,67556194-5c95-4aa0-8295-cc1f3728f9d6,7e6cb42f-3444-48d5-bf7c-523c78477b0a,c3,DROP,1012,?,i5,
1769091570.9817727,RECEIVED,047594c7-bb58-4861-b49d-abba2799e7ee,b3e2f71c-174b-4dd3-9052-d1b6df250858,c5,c4,2035,p2,?,
1769091571.3015022,RECEIVED,39920dbb-015e-4dfe-a6ad-129085e25bd0,d86d5c3a-ce3e-4f1d-850a-f0844d5f1a60,c2,c1,2035,p2,?,
1769091571.5159519,SENT,047594c7-bb58-4861-b49d-abba2799e7ee,b3e2f71c-174b-4dd3-9052-d1b6df250858,c5,c4,1454,?,i4,
1769091571.5159907,FORWARDED,047594c7-bb58-4861-b49d-abba2799e7ee,b3e2f71c-174b-4dd3-9052-d1b6df250858,c5,c4,1454,?,i4,
1769091571.6374753,SENT,b1f2d360-ab53-4087-b955-45e525f84308,39ab0e52-6891-46a2-8a67-563356955c0e,c3,c4,1447,?,i10,
1769091571.6375186,FORWARDED,b1f2d360-ab53-4087-b955-45e525f84308,39ab0e52-6891-46a2-8a67-563356955c0e,c3,c4,1447,?,i10,
1769091571.729592,RECEIVED,e9420598-1ed8-4191-82c7-4e3ac6f17e07,734f0bd9-da6d-4fbd-98cd-2cc84fbc288b,c5,c4,2044,p2,?,
1769091571.7318556,RECEIVED,9f935bac-ee18-4c0a-b3e5-2d6d58ba9c20,d8d1c53b-adb9-499d-b97b-6371fbcee5a8,c2,c1,2035,p2,?,
1769091571.852431,RECEIVED,42106d3f-0fdc-4779-8dfb-19d19ab9aab0,9430dd7a-b681-43b1-9826-5588853b21b1,c2,c1,2040,p2,?,
1769091571.9094546,RECEIVED,738b3776-83df-4805-a6a3-59b59e56637d,18557c79-e1ed-47f1-9ca2-a6be9d34e0c6,c5,c4,2040,p2,?,
1769091571.9136472,SENT,39920dbb-015e-4dfe-a6ad-129085e25bd0,d86d5c3a-ce3e-4f1d-850a-f0844d5f1a60,c2,c1,1455,?,i9,
1769091571.9136899,FORWARDED,39920dbb-015e-4dfe-a6ad-129085e25bd0,d86d5c3a-ce3e-4f1d-850a-f0844d5f1a60,c2,c1,1455,?,i9,
1769091571.9693635,RECEIVED,abf2cd16-530b-4347-873f-ea667c40b8d9,23c45a22-5e2d-4260-9fa0-9d9fd2158384,c2,DROP,1451,p2,?,
1769091572.0499344,SENT,42106d3f-0fdc-4779-8dfb-19d19ab9aab0,9430dd7a-b681-43b1-9826-5588853b21b1,c2,c1,1457,?,i1,
1769091572.0500364,FORWARDED,42106d3f-0fdc-4779-8dfb-19d19ab9aab0,9430dd7a-b681-43b1-9826-5588853b21b1,c2,c1,1457,?,i1,
1769091572.0962932,RECEIVED,943d6a34-0c98-4695-b227-d71432053f0a,37554d2e-73a5-4f75-88ef-1f28910f8083,c5,DROP,1444,p2,?,
1769091572.1513424,SENT,943d6a34-0c98-4695-b227-d71432053f0a,37554d2e-73a5-4f75-88ef-1f28910f8083,c5,DROP,1011,?,i9,
1769091572.1515942,FORWARDED,943d6a34-0c98-4695-b227-d71432053f0a,37554d2e-73a5-4f75-88ef-1f28910f8083,c5,DROP,1011,?,i9,
1769091572.2291403,SENT,738b3776-83df-4805-a6a3-59b59e56637d,18557c79-e1ed-47f1-9ca2-a6be9d34e0c6,c5,c4,1456,?,i5,
1769091572.2291832,FORWARDED,738b3776-83df-4805-a6a3-59b59e56637d,18557c79-e1ed-47f1-9ca2-a6be9d34e0c6,c5,c4,1456,?,i5,
1769091572.4054694,RECEIVED,a67ea53a-e587-424c-bc97-0b94447c59d5,ad7d8017-9908-4834-8e58-ac457975c59c,c2,DROP,1448,p2,?,
1769091572.4957442,SENT,abf2cd16-530b-4347-873f-ea667c40b8d9,23c45a22-5e2d-4260-9fa0-9d9fd2158384,c2,DROP,1015,?,i9,
1769091572.495787,FORWARDED,abf2cd16-530b-4347-873f-ea667c40b8d9,23c45a22-5e2d-4260-9fa0-9d9fd2158384,c2,DROP,1015,?,i9,
1769091572.5177038,SENT,a67ea53a-e587-424c-bc97-0b94447c59d5,ad7d8017-9908-4834-8e58-ac457975c59c,c2,DROP,1012,?,i4,
1769091572.5177433,FORWARDED,a67ea53a-e587-424c-bc97-0b94447c59d5,ad7d8017-9908-4834-8e58-ac457975c59c,c2,DROP,1012,?,i4,
1769091572.654704,SENT,9f935bac-ee18-4c0a-b3e5-2d6d58ba9c20,d8d1c53b-adb9-499d-b97b-6371fbcee5a8,c2,c1,1455,?,i5,
1769091572.6547458,FORWARDED,9f935bac-ee18-4c0a-b3e5-2d6d58ba9c20,d8d1c53b-adb9-499d-b97b-6371fbcee5a8,c2,c1,1455,?,i5,
1769091572.683094,RECEIVED,1ef84abd-9a53-41de-81fc-4fa21e98ab91,014c9ea4-1922-42eb-ba6e-c5177a75e986,c5,c4,2039,p2,?,
1769091572.6884346,RECEIVED,9b09ce1c-4a22-4896-95d0-a79a5970f943,a9b270ff-1d26-488f-bc83-a952ee1bb90c,c3,c4,2031,p3,?,
1769091572.7666316,RECEIVED,c453438c-77dc-4e80-b547-ee6a3ea9e149,56691ad3-8ec9-4de9-b43f-def4054ffd22,c2,DROP,1439,p2,?,
1769091572.8311641,RECEIVED,6f05fe17-1049-41e0-9454-259c22207f0f,377e4971-b092-4fcd-9a51-854f14996794,c2,c1,2039,p2,?,
1769091573.0333247,SENT,e9420598-1ed8-4191-82c7-4e3ac6f17e07,734f0bd9-da6d-4fbd-98cd-2cc84fbc288b,c5,c4,1461,?,i12,
1769091573.0333607,FORWARDED,e9420598-1ed8-4191-82c7-4e3ac6f17e07,734f0bd9-da6d-4fbd-98cd-2cc84fbc288b,c5,c4,1461,?,i12,
1769091573.14881,SENT,9b09ce1c-4a22-4896-95d0-a79a5970f943,a9b270ff-1d26-488f-bc83-a952ee1bb90c,c3,c4,1451,?,i7,
1769091573.148853,FORWARDED,9b09ce1c-4a22-4896-95d0-a79a5970f943,a9b270ff-1d26-488f-bc83-a952ee1bb90c,c3,c4,1451,?,i7,
1769091573.4016135,SENT,c453438c-77dc-4e80-b547-ee6a3ea9e149,56691ad3-8ec9-4de9-b43f-def4054ffd22,c2,DROP,1006,?,i5,
1769091573.4016943,FORWARDED,c453438c-77dc-4e80-b547-ee6a3ea9e149,56691ad3-8ec9-4de9-b43f-def4054ffd22,c2,DROP,1006,?,i5,
1769091573.5083122,RECEIVED,3fd48f32-95b8-4f42-bb6f-9a5d594abb2e,5043a37b-3905-4ed0-bdde-d34f002a6266,c4,c1,2031,p1,?,
1769091573.6782196,RECEIVED,33bbf25c-607b-4579-9672-9fcac8337e8e,fa327149-28ea-489f-acd0-9a370c6f7104,c2,c1,2035,p2,?,
1769091573.723301,RECEIVED,1c93d66f-5283-41b2-9580-f5dd9641c57d,5fc8c3b2-b2c8-49d9-bfdf-4f9fac68d48a,c5,DROP,1447,p2,?,
1769091573.833383,RECEIVED,745e8766-0905-4c50-821a-755bc1bb8395,85c371ee-5999-4244-ada0-72cdbe5dc6f5,c5,c4,2043,p2,?,
1769091573.8818552,RECEIVED,d4f81708-6819-4b96-b175-26a261cf41e3,92dca39e-ef92-4689-8281-bf1f11388a19,c1,c5,2035,p1,?,
1769091573.8945107,SENT,1ef84abd-9a53-41de-81fc-4fa21e98ab91,014c9ea4-1922-42eb-ba6e-c5177a75e986,c5,c4,1457,?,i11,
1769091573.8945498,FORWARDED,1ef84abd-9a53-41de-81fc-4fa21e98ab91,014c9ea4-1922-42eb-ba6e-c5177a75e986,c5,c4,1457,?,i11,
1769091573.9010737,RECEIVED,dd191ec4-1bbb-478b-8e6a-c04b3ffa2f6d,c31a10ce-bac8-4729-aeda-890a2b81611e,c3,DROP,1459,p3,?,
1769091573.9072373,SENT,745e8766-0905-4c50-821a-755bc1bb8395,85c371ee-5999-4244-ada0-72cdbe5dc6f5,c5,c4,1461,?,i10,
1769091573.907284,FORWARDED,745e8766-0905-4c50-821a-755bc1bb8395,85c371ee-5999-4244-ada0-72cdbe5dc6f5,c5,c4,1461,?,i10,
1769091573.9530437,SENT,33bbf25c-607b-4579-9672-9fcac8337e8e,fa327149-28ea-489f-acd0-9a370c6f7104,c2,c1,1455,?,i3,
1769091573.953098,FORWARDED,33bbf25c-607b-4579-9672-9fcac8337e8e,fa327149-28ea-489f-acd0-9a370c6f7104,c2,c1,1455,?,i3,
1769091574.1387796,SENT,dd191ec4-1bbb-478b-8e6a-c04b3ffa2f6d,c31a10ce-bac8-4729-aeda-890a2b81611e,c3,DROP,1022,?,i4,
1769091574.138818,FORWARDED,dd191ec4-1bbb-478b-8e6a-c04b3ffa2f6d,c31a10ce-bac8-4729-aeda-890a2b81611e,c3,DROP,1022,?,i4,
1769091574.3930833,RECEIVED,ebabb3e3-cf7d-444b-b5eb-fcb5251b1197,ecf302f2-c917-45b3-9ef1-abaf0a21b0de,c4,c1,2047,p1,?,
1769091574.4983747,SENT,d4f81708-6819-4b96-b175-26a261cf41e3,92dca39e-ef92-4689-8281-bf1f11388a19,c1,c5,1454,?,i5,
1769091574.4984157,FORWARDED,d4f81708-6819-4b96-b175-26a261cf41e3,92dca39e-ef92-4689-8281-bf1f11388a19,c1,c5,1454,?,i5,
1769091574.5287929,SENT,6f05fe17-1049-41e0-9454-259c22207f0f,377e4971-b092-4fcd-9a51-854f14996794,c2,c1,1457,?,i8,
1769091574.52883,FORWARDED,6f05fe17-1049-41e0-9454-259c22207f0f,377e4971-b092-4fcd-9a51-854f14996794,c2,c1,1457,?,i8,
1769091574.5337255,SENT,1c93d66f-5283-41b2-9580-f5dd9641c57d,5fc8c3b2-b2c8-49d9-bfdf-4f9fac68d48a,c5,DROP,1012,?,i9,
1769091574.5337713,FORWARDED,1c93d66f-5283-41b2-9580-f5dd9641c57d,5fc8c3b2-b2c8-49d9-bfdf-4f9fac68d48a,c5,DROP,1012,?,i9,
1769091574.6777387,RECEIVED,fd9e95c3-78a5-40b1-8210-38fb12c2b0a5,c1e52832-e861-4e7c-8742-13e3f310b5be,c2,c1,2028,p2,?,
1769091574.8895614,SENT,3fd48f32-95b8-4f42-bb6f-9a5d594abb2e,5043a37b-3905-4ed0-bdde-d34f002a6266,c4,c1,1452,?,i9,
1769091574.889604,FORWARDED,3fd48f32-95b8-4f42-bb6f-9a5d594abb2e,5043a37b-3905-4ed0-bdde-d34f002a6266,c4,c1,1452,?,i9,
1769091574.8925478,RECEIVED,78755569-8ffb-47c2-bae3-8e03934efefc,471d636e-2de7-4646-8a42-be769c186586,c1,DROP,1440,p1,?,
1769091574.9776742,SENT,ebabb3e3-cf7d-444b-b5eb-fcb5251b1197,ecf302f2-c917-45b3-9ef1-abaf0a21b0de,c4,c1,1464,?,i3,
1769091574.9777164,FORWARDED,ebabb3e3-cf7d-444b-b5eb-fcb5251b1197,ecf302f2-c917-45b3-9ef1-abaf0a21b0de,c4,c1,1464,?,i3,
1769091575.055022,SENT,fd9e95c3-78a5-40b1-8210-38fb12c2b0a5,c1e52832-e861-4e7c-8742-13e3f310b5be,c2,c1,1447,?,i5,
1769091575.0550725,FORWARDED,fd9e95c3-78a5-40b1-8210-38fb12c2b0a5,c1e52832-e861-4e7c-8742-13e3f310b5be,c2,c1,1447,?,i5,
1769091575.1029184,SENT,78755569-8ffb-47c2-bae3-8e03934efefc,471d636e-2de7-4646-8a42-be769c186586,c1,DROP,1007,?,i7,
1769091575.1029603,FORWARDED,78755569-8ffb-47c2-bae3-8e03934efefc,471d636e-2de7-4646-8a42-be769c186586,c1,DROP,1007,?,i7,
1769091575.363158,RECEIVED,8838d9e9-ca6b-429e-9712-1bb2cdd1c39e,864c9d28-7825-44ef-b8ba-b8140673fdd5,c3,DROP,438,x9,?,
1769091575.4171674,RECEIVED,6e9a2005-7eb9-404b-8133-45909c2e05cf,9e56c4ce-7db8-4319-8adc-9cf6c84d2a85,c2,DROP,1440,p2,?,
1769091575.4329376,RECEIVED,2e45589e-d0ad-4637-a1ca-77781431b04e,4bc90544-0a68-4a8b-b622-f72e3d02cf9f,c1,DROP,1460,p1,?,
1769091575.5166597,RECEIVED,172f019b-1468-45cb-9f41-a4351c9d4ba8,63d46492-7214-4835-9166-d42720925a6d,c1,c5,2031,p1,?,
1769091575.6139653,SENT,6e9a2005-7eb9-404b-8133-45909c2e05cf,9e56c4ce-7db8-4319-8adc-9cf6c84d2a85,c2,DROP,1006,?,i9,
1769091575.614013,FORWARDED,6e9a2005-7eb9-404b-8133-45909c2e05cf,9e56c4ce-7db8-4319-8adc-9cf6c84d2a85,c2,DROP,1006,?,i9,
1769091575.7847672,SENT,2e45589e-d0ad-4637-a1ca-77781431b04e,4bc90544-0a68-4a8b-b622-f72e3d02cf9f,c1,DROP,1023,?,i9,
1769091575.7848008,FORWARDED,2e45589e-d0ad-4637-a1ca-77781431b04e,4bc90544-0a68-4a8b-b622-f72e3d02cf9f,c1,DROP,1023,?,i9,
1769091575.8572218,RECEIVED,89b505d0-0a63-40cf-a3fe-79c9be8afb7f,7e630603-e0db-44a8-aec1-60cf086256c2,c2,c1,2044,p2,?,
1769091575.9150243,RECEIVED,e0ca61d5-6dac-4ad2-9578-074cc0c324ef,593d5017-a3a1-4d5f-84e8-bc4a3ab67f97,c2,c1,2040,p2,?,
1769091576.0232775,RECEIVED,e6bba658-3313-44bb-a6ac-e414b25c58f6,516db127-7d7a-4dd0-a72d-2bb9866eadfd,c2,DROP,445,x8,?,
1769091576.062595,SENT,172f019b-1468-45cb-9f41-a4351c9d4ba8,63d46492-7214-4835-9166-d42720925a6d,c1,c5,1452,?,i5,
1769091576.0626366,FORWARDED,172f019b-1468-45cb-9f41-a4351c9d4ba8,63d46492-7214-4835-9166-d42720925a6d,c1,c5,1452,?,i5,
1769091576.351632,RECEIVED,bc73a3ed-3fbd-4901-a96d-af0b4946dae3,c05b10f3-a7b6-4ece-a2e4-bea50755a05c,c3,c4,2048,p3,?,
1769091576.5823412,RECEIVED,73d1499f-351c-4346-8c26-92de9d873684,b38060c9-d793-4c06-bcea-c1c8fa861eb6,c1,c5,2039,p1,?,
1769091576.6661189,RECEIVED,29e05cd1-38e1-4a7f-aa22-1a4be07f8c64,03267087-81f9-4ad2-8513-4169f0f61a8d,c5,c4,2040,p2,?,
1769091576.8096251,SENT,29e05cd1-38e1-4a7f-aa22-1a4be07f8c64,03267087-81f9-4ad2-8513-4169f0f61a8d,c5,c4,1457,?,i9,
1769091576.8096664,FORWARDED,29e05cd1-38e1-4a7f-aa22-1a4be07f8c64,03267087-81f9-4ad2-8513-4169f0f61a8d,c5,c4,1457,?,i9,
1769091576.8113976,RECEIVED,6bdb7b27-7cb0-4f3f-bfa2-f2f6f2b999e5,4573e15f-1133-4c14-87af-be2cc715814d,c5,c4,2040,p2,?,
1769091576.8279376,SENT,89b505d0-0a63-40cf-a3fe-79c9be8afb7f,7e630603-e0db-44a8-aec1-60cf086256c2,c2,c1,1459,?,i11,
1769091576.8279808,FORWARDED,89b505d0-0a63-40cf-a3fe-79c9be8afb7f,7e630603-e0db-44a8-aec1-60cf086256c2,c2,c1,1459,?,i11,
1769091576.929269,RECEIVED,723c5107-8a7a-407e-8e7d-3cf8960c503c,393c897a-1ed5-4a24-9948-389db18be23b,c3,c4,2044,p3,?,
1769091576.986401,SENT,e0ca61d5-6dac-4ad2-9578-074cc0c324ef,593d5017-a3a1-4d5f-84e8-bc4a3ab67f97,c2,c1,1457,?,i10,
1769091576.9864435,FORWARDED,e0ca61d5-6dac-4ad2-9578-074cc0c324ef,593d5017-a3a1-4d5f-84e8-bc4a3ab67f97,c2,c1,1457,?,i10,
1769091577.0094595,RECEIVED,970e134a-0aff-43b1-a9e8-d5d48bba147e,68903c4f-5e6e-4b53-961b-35a5fbc316c6,c4,c1,2019,p1,?,
1769091577.049272,RECEIVED,bf6fe62c-a3f2-457b-ac6e-7a71fb88396f,3b35d905-cb6a-41c2-b37c-018e2d286462,c3,DROP,1447,p3,?,
1769091577.1121626,SENT,723c5107-8a7a-407e-8e7d-3cf8960c503c,393c897a-1ed5-4a24-9948-389db18be23b,c3,c4,1460,?,i9,
1769091577.1122115,FORWARDED,723c5107-8a7a-407e-8e7d-3cf8960c503c,393c897a-1ed5-4a24-9948-389db18be23b,c3,c4,1460,?,i9,
1769091577.2766817,RECEIVED,c0ffd749-52f7-4c29-9c07-beb05ca35e0c,ab57fb3e-045e-4c6c-b2ed-969b98fe248b,c5,c4,2048,p2,?,
1769091577.3656745,SENT,6bdb7b27-7cb0-4f3f-bfa2-f2f6f2b999e5,4573e15f-1133-4c14-87af-be2cc715814d,c5,c4,1456,?,i11,
1769091577.3657155,FORWARDED,6bdb7b27-7cb0-4f3f-bfa2-f2f6f2b999e5,4573e15f-1133-4c14-87af-be2cc715814d,c5,c4,1456,?,i11,
1769091577.4817142,FORWARDED,bf6fe62c-a3f2-457b-ac6e-7a71fb88396f,3b35d905-cb6a-41c2-b37c-018e2d286462,c3,DROP,1014,?,i6,
1769091577.5351315,SENT,73d1499f-351c-4346-8c26-92de9d873684,b38060c9-d793-4c06-bcea-c1c8fa861eb6,c1,c5,1457,?,i5,
1769091577.5351732,FORWARDED,73d1499f-351c-4346-8c26-92de9d873684,b38060c9-d793-4c06-bcea-c1c8fa861eb6,c1,c5,1457,?,i5,
1769091577.711479,SENT,bc73a3ed-3fbd-4901-a96d-af0b4946dae3,c05b10f3-a7b6-4ece-a2e4-bea50755a05c,c3,c4,1464,?,i12,
1769091577.711521,FORWARDED,bc73a3ed-3fbd-4901-a96d-af0b4946dae3,c05b10f3-a7b6-4ece-a2e4-bea50755a05c,c3,c4,1464,?,i12,
1769091577.984558,RECEIVED,c94948a0-35d2-4d09-89b8-3860f82afe80,b028f7c7-522f-45d0-b3ba-8a66fd664142,c2,c1,2036,p2,?,
1769091578.0513039,SENT,c94948a0-35d2-4d09-89b8-3860f82afe80,b028f7c7-522f-45d0-b3ba-8a66fd664142,c2,c1,1455,?,i8,
1769091578.051342,FORWARDED,c94948a0-35d2-4d09-89b8-3860f82afe80,b028f7c7-522f-45d0-b3ba-8a66fd664142,c2,c1,1455,?,i8,
1769091578.0655973,RECEIVED,5522771d-1f26-4199-8b44-60d8847426b8,a8a2c07e-23e2-43c5-8895-0728209202fc,c1,DROP,1450,p1,?,
1769091578.2076864,RECEIVED,63223ce4-1869-4cbd-adf6-19acc54e06af,57d4dd3b-5923-4cb3-bd7d-39e3ece9e4a1,c2,c1,2045,p2,?,
1769091578.291551,SENT,c0ffd749-52f7-4c29-9c07-beb05ca35e0c,ab57fb3e-045e-4c6c-b2ed-969b98fe248b,c5,c4,1463,?,i12,
1769091578.291593,FORWARDED,c0ffd749-52f7-4c29-9c07-beb05ca35e0c,ab57fb3e-045e-4c6c-b2ed-969b98fe248b,c5,c4,1463,?,i12,
1769091578.4106011,SENT,63223ce4-1869-4cbd-adf6-19acc54e06af,57d4dd3b-5923-4cb3-bd7d-39e3ece9e4a1,c2,c1,1459,?,i11,
1769091578.4106424,FORWARDED,63223ce4-1869-4cbd-adf6-19acc54e06af,57d4dd3b-5923-4cb3-bd7d-39e3ece9e4a1,c2,c1,1459,?,i11,
1769091578.5605748,RECEIVED,2e57eb1c-0540-4dfd-b6c9-fde58e04433d,f6157c8d-3713-4654-b46d-06ff1f15e9b4,c3,c4,2035,p3,?,
1769091578.5745444,RECEIVED,b7a79572-2cea-4729-bff3-177a08f0e3d9,a4c8559a-a3f0-4af5-a422-a5f6c73c2ff0,c1,c5,2045,p1,?,
1769091578.6171358,SENT,b7a79572-2cea-4729-bff3-177a08f0e3d9,a4c8559a-a3f0-4af5-a422-a5f6c73c2ff0,c1,c5,1459,?,i2,
1769091578.6171787,FORWARDED,b7a79572-2cea-4729-bff3-177a08f0e3d9,a4c8559a-a3f0-4af5-a422-a5f6c73c2ff0,c1,c5,1459,?,i2,
1769091578.9452345,RECEIVED,a12994e3-edf1-45b9-9aae-d0c8b254eea3,d5673db3-fe0a-4251-92f1-8d6775943bf2,c1,c5,2048,p1,?,
1769091578.9694953,SENT,5522771d-1f26-4199-8b44-60d8847426b8,a8a2c07e-23e2-43c5-8895-0728209202fc,c1,DROP,1015,?,i1,
1769091578.9695377,FORWARDED,5522771d-1f26-4199-8b44-60d8847426b8,a8a2c07e-23e2-43c5-8895-0728209202fc,c1,DROP,1015,?,i1,
1769091579.1123667,SENT,a12994e3-edf1-45b9-9aae-d0c8b254eea3,d5673db3-fe0a-4251-92f1-8d6775943bf2,c1,c5,1463,?,i3,
1769091579.112405,FORWARDED,a12994e3-edf1-45b9-9aae-d0c8b254eea3,d5673db3-fe0a-4251-92f1-8d6775943bf2,c1,c5,1463,?,i3,
1769091579.1548758,RECEIVED,094a216d-53ce-4837-80f9-18803f5a876f,fa394061-76d1-451c-b778-4b7d396bca80,c1,DROP,1445,p1,?,
1769091579.2204647,SENT,094a216d-53ce-4837-80f9-18803f5a876f,fa394061-76d1-451c-b778-4b7d396bca80,c1,DROP,1010,?,i3,
1769091579.2205062,FORWARDED,094a216d-53ce-4837-80f9-18803f5a876f,fa394061-76d1-451c-b778-4b7d396bca80,c1,DROP,1010,?,i3,
1769091579.230489,RECEIVED,5545ac18-6180-4332-8d58-14a47e0195fd,961d69ff-63c0-4c83-994c-6369a64ac0f5,c2,DROP,443,x11,?,
1769091579.2611187,SENT,2e57eb1c-0540-4dfd-b6c9-fde58e04433d,f6157c8d-3713-4654-b46d-06ff1f15e9b4,c3,c4,1455,?,i4,
1769091579.2611623,FORWARDED,2e57eb1c-0540-4dfd-b6c9-fde58e04433d,f6157c8d-3713-4654-b46d-06ff1f15e9b4,c3,c4,1455,?,i4,
1769091579.333361,RECEIVED,fa97686f-f659-45d9-a1ba-77ab35b4f29f,c7ab6045-d076-4294-a7c7-605dd36aca07,c4,c1,2037,p1,?,
1769091579.5610685,RECEIVED,8eadf662-3a8c-40b5-8988-fea81fb636d6,6787ba06-705e-41cb-8fc7-3195383ada7f,c1,c5,2045,p1,?,
1769091579.682862,SENT,fa97686f-f659-45d9-a1ba-77ab35b4f29f,c7ab6045-d076-4294-a7c7-605dd36aca07,c4,c1,1455,?,i10,
1769091579.6829057,FORWARDED,fa97686f-f659-45d9-a1ba-77ab35b4f29f,c7ab6045-d076-4294-a7c7-605dd36aca07,c4,c1,1455,?,i10,
1769091579.6957798,SENT,8eadf662-3a8c-40b5-8988-fea81fb636d6,6787ba06-705e-41cb-8fc7-3195383ada7f,c1,c5,1460,?,i10,
1769091579.695822,FORWARDED,8eadf662-3a8c-40b5-8988-fea81fb636d6,6787ba06-705e-41cb-8fc7-3195383ada7f,c1,c5,1460,?,i10,
1769091579.7503667,RECEIVED,29b84fa4-a318-4522-ae34-05fb6b1367d4,f35e1b92-4e7d-4671-bd31-c680dd43b793,c1,c5,2035,p1,?,
1769091579.900395,RECEIVED,9550fb17-bf9c-4f96-a6e8-65d82c62d47b,51c5de1e-f607-4eb6-be14-892b4844affa,c2,c1,2023,p2,?,
1769091579.9009984,FORWARDED,29b84fa4-a318-4522-ae34-05fb6b1367d4,f35e1b92-4e7d-4671-bd31-c680dd43b793,c1,c5,1455,?,i6,
1769091579.9345083,SENT,970e134a-0aff-43b1-a9e8-d5d48bba147e,68903c4f-5e6e-4b53-961b-35a5fbc316c6,c4,c1,1443,?,i4,
1769091579.934549,FORWARDED,970e134a-0aff-43b1-a9e8-d5d48bba147e,68903c4f-5e6e-4b53-961b-35a5fbc316c6,c4,c1,1443,?,i4,
1769091579.9762592,RECEIVED,a915eabf-b8f1-4811-b7ed-a68167f75bf7,38a4a90a-cbb8-4e5c-9217-70b73c781577,c2,c1,2031,p2,?,
1769091580.0382166,RECEIVED,d7dd2ecf-1485-4845-a681-192a2ca935bf,964e9ccd-399e-4cfb-a240-a9473397aee0,c3,c4,2043,p3,?,
1769091580.1574879,RECEIVED,5c63a403-fe66-4576-a921-a7e57165ce25,27fc80dd-2a18-4c1a-8d78-a439c162095e,c1,DROP,445,x10,?,
1769091580.1751268,RECEIVED,ff3039e9-8994-41c5-a0a2-2d4d63af0a3a,dd4ad700-7e50-4850-99e3-677b4f6382c8,c5,c4,2037,p2,?,
1769091580.189782,SENT,ff3039e9-8994-41c5-a0a2-2d4d63af0a3a,dd4ad700-7e50-4850-99e3-677b4f6382c8,c5,c4,1455,?,i7,
1769091580.1898205,FORWARDED,ff3039e9-8994-41c5-a0a2-2d4d63af0a3a,dd4ad700-7e50-4850-99e3-677b4f6382c8,c5,c4,1455,?,i7,
1769091580.192209,SENT,9550fb17-bf9c-4f96-a6e8-65d82c62d47b,51c5de1e-f607-4eb6-be14-892b4844affa,c2,c1,1444,?,i5,
1769091580.1922514,FORWARDED,9550fb17-bf9c-4f96-a6e8-65d82c62d47b,51c5de1e-f607-4eb6-be14-892b4844affa,c2,c1,1444,?,i5,
1769091580.265673,RECEIVED,65ce9fa0-172c-47ba-b7e6-64f5f4fc0a53,793f50e7-d2b5-4107-a8cf-01ad55b8b81c,c4,c1,2043,p1,?,
1769091580.4792972,RECEIVED,b67a2730-9ffe-4400-99ca-c5f6da32f1e3,bbeea80c-f953-4863-981a-69d5ec3aaaf9,c4,c1,2044,p1,?,
1769091580.696205,RECEIVED,5ff271b2-4225-466c-bcc6-e8e0892ad3e1,4fc20f63-2f6b-489b-93c9-da6d8589def4,c5,c4,2018,p2,?,
1769091580.7156324,SENT,d7dd2ecf-1485-4845-a681-192a2ca935bf,964e9ccd-399e-4cfb-a240-a9473397aee0,c3,c4,1459,?,i3,
1769091580.715674,FORWARDED,d7dd2ecf-1485-4845-a681-192a2ca935bf,964e9ccd-399e-4cfb-a240-a9473397aee0,c3,c4,1459,?,i3,
1769091580.7552552,SENT,b67a2730-9ffe-4400-99ca-c5f6da32f1e3,bbeea80c-f953-4863-981a-69d5ec3aaaf9,c4,c1,1459,?,i10,
1769091580.7553015,FORWARDED,b67a2730-9ffe-4400-99ca-c5f6da32f1e3,bbeea80c-f953-4863-981a-69d5ec3aaaf9,c4,c1,1459,?,i10,
1769091580.8801854,RECEIVED,72be52fc-b401-487f-84bf-b5980a973fc0,6828d936-0e3a-4aa1-b70f-1ab6ba3756f7,c4,DROP,1440,p1,?,
1769091580.9182456,RECEIVED,f42f1456-1092-485e-923c-b734024c21fe,2cbcd584-b62e-4a0d-8401-88758525c937,c3,c4,2048,p3,?,
1769091580.9613628,RECEIVED,1c2fef32-6b09-47b2-91d5-1083a8464437,035c01a3-88ea-49a6-9259-ea4b92e96b6c,c2,DROP,441,x6,?,
1769091580.9632547,SENT,72be52fc-b401-487f-84bf-b5980a973fc0,6828d936-0e3a-4aa1-b70f-1ab6ba3756f7,c4,DROP,1008,?,i4,
1769091580.963291,FORWARDED,72be52fc-b401-487f-84bf-b5980a973fc0,6828d936-0e3a-4aa1-b70f-1ab6ba3756f7,c4,DROP,1008,?,i4,
1769091581.029136,SENT,a915eabf-b8f1-4811-b7ed-a68167f75bf7,38a4a90a-cbb8-4e5c-9217-70b73c781577,c2,c1,1450,?,i7,
1769091581.0291777,FORWARDED,a915eabf-b8f1-4811-b7ed-a68167f75bf7,38a4a90a-cbb8-4e5c-9217-70b73c781577,c2,c1,1450,?,i7,
1769091581.0427628,RECEIVED,e287141e-a334-4756-9161-76aafdfefcee,6ce1a494-e7f8-4ed4-bd91-f5233277f394,c4,c1,2047,p1,?,
1769091581.0957322,SENT,65ce9fa0-172c-47ba-b7e6-64f5f4fc0a53,793f50e7-d2b5-4107-a8cf-01ad55b8b81c,c4,c1,1459,?,i3,
1769091581.0957828,FORWARDED,65ce9fa0-172c-47ba-b7e6-64f5f4fc0a53,793f50e7-d2b5-4107-a8cf-01ad55b8b81c,c4,c1,1459,?,i3,
1769091581.1650355,RECEIVED,2b5438ff-6e51-495a-8f7c-46df9b01dfe7,b9e06433-2c39-462c-bfe5-ca8d9dd0078b,c4,c1,2019,p1,?,
1769091581.178068,RECEIVED,d3b7dfd0-716a-4b29-b9f4-9de231a72f16,429bb4ca-a2af-4901-abd9-4f33b75056b5,c3,c4,2044,p3,?,
1769091581.196885,RECEIVED,c323ffd2-730b-4a64-937e-52a7483caf7f,e0de45a5-a78f-47a0-8d7f-a34b639fbc53,c5,c4,2040,p2,?,
1769091581.5567455,RECEIVED,2f5b1778-4543-440d-8e75-76153e734362,d8eec8be-dc38-47eb-beee-183d534e392a,c1,DROP,1439,p1,?,
1769091581.6656199,RECEIVED,cb8661b5-a812-4e9f-9a17-fc8194dae8ec,ea5ec3b4-2f27-4dda-b254-a512a82d92f6,c2,DROP,442,x6,?,
1769091581.7092516,SENT,c323ffd2-730b-4a64-937e-52a7483caf7f,e0de45a5-a78f-47a0-8d7f-a34b639fbc53,c5,c4,1456,?,i10,
1769091581.7092922,FORWARDED,c323ffd2-730b-4a64-937e-52a7483caf7f,e0de45a5-a78f-47a0-8d7f-a34b639fbc53,c5,c4,1456,?,i10,
1769091581.7568688,RECEIVED,20213443-d844-40a8-bf3e-993410d3a22e,493ded16-76a6-4913-940c-ab9aa9911a2e,c1,DROP,444,x10,?,
1769091581.766474,RECEIVED,0eaa8065-eca3-45f5-b693-0da5ff0d1a99,073fd87e-8138-4a27-87b4-32825c06a9c0,c1,c5,2044,p1,?,
1769091581.8336334,SENT,f42f1456-1092-485e-923c-b734024c21fe,2cbcd584-b62e-4a0d-8401-88758525c937,c3,c4,1462,?,i12,
1769091581.8336804,FORWARDED,f42f1456-1092-485e-923c-b734024c21fe,2cbcd584-b62e-4a0d-8401-88758525c937,c3,c4,1462,?,i12,
1769091581.8416712,SENT,5ff271b2-4225-466c-bcc6-e8e0892ad3e1,4fc20f63-2f6b-489b-93c9-da6d8589def4,c5,c4,1443,?,i7,
1769091581.8417091,FORWARDED,5ff271b2-4225-466c-bcc6-e8e0892ad3e1,4fc20f63-2f6b-489b-93c9-da6d8589def4,c5,c4,1443,?,i7,
1769091581.8575242,SENT,d3b7dfd0-716a-4b29-b9f4-9de231a72f16,429bb4ca-a2af-4901-abd9-4f33b75056b5,c3,c4,1459,?,i12,
1769091581.8578258,FORWARDED,d3b7dfd0-716a-4b29-b9f4-9de231a72f16,429bb4ca-a2af-4901-abd9-4f33b75056b5,c3,c4,1459,?,i12,
1769091581.9169326,FORWARDED,0eaa8065-eca3-45f5-b693-0da5ff0d1a99,073fd87e-8138-4a27-87b4-32825c06a9c0,c1,c5,1461,?,i6,
1769091582.0151093,RECEIVED,824f0c40-9b32-4f12-b7ef-ee37457d8e27,b9c8518b-1317-40f5-9e0b-689ec436b331,c4,DROP,1442,p1,?,
1769091582.0235028,SENT,2b5438ff-6e51-495a-8f7c-46df9b01dfe7,b9e06433-2c39-462c-bfe5-ca8d9dd0078b,c4,c1,1443,?,i5,
1769091582.0235448,FORWARDED,2b5438ff-6e51-495a-8f7c-46df9b01dfe7,b9e06433-2c39-462c-bfe5-ca8d9dd0078b,c4,c1,1443,?,i5,
1769091582.0517337,RECEIVED,c19f71db-a4a9-4749-bb03-06b7908c3f14,bd3899dc-8638-4d4b-8da4-1dbf5bcff3e4,c3,DROP,1439,p3,?,
1769091582.1654289,RECEIVED,89e9d26f-bed1-4f98-b32a-13c8e74d5849,76ffa051-0f32-44f8-851c-6fa356448efb,c5,DROP,1457,p2,?,
1769091582.1953633,RECEIVED,8055a176-aab2-4fe3-a64e-fa04016b93f4,66834e94-da7e-497c-875b-2480d336f669,c5,c4,2033,p2,?,
1769091582.2075162,SENT,2f5b1778-4543-440d-8e75-76153e734362,d8eec8be-dc38-47eb-beee-183d534e392a,c1,DROP,1008,?,i7,
1769091582.2075567,FORWARDED,2f5b1778-4543-440d-8e75-76153e734362,d8eec8be-dc38-47eb-beee-183d534e392a,c1,DROP,1008,?,i7,
1769091582.222266,SENT,e287141e-a334-4756-9161-76aafdfefcee,6ce1a494-e7f8-4ed4-bd91-f5233277f394,c4,c1,1463,?,i2,
1769091582.2223701,FORWARDED,e287141e-a334-4756-9161-76aafdfefcee,6ce1a494-e7f8-4ed4-bd91-f5233277f394,c4,c1,1463,?,i2,
1769091582.2392545,SENT,8055a176-aab2-4fe3-a64e-fa04016b93f4,66834e94-da7e-497c-875b-2480d336f669,c5,c4,1451,?,i2,
1769091582.2392983,FORWARDED,8055a176-aab2-4fe3-a64e-fa04016b93f4,66834e94-da7e-497c-875b-2480d336f669,c5,c4,1451,?,i2,
1769091582.5652723,RECEIVED,83ef9eaa-cd3e-415a-9c5d-a15ab1a4bdf5,4f21448f-a213-4379-b4b5-2134e61e73bb,c1,c5,2039,p1,?,
1769091582.5866702,SENT,89e9d26f-bed1-4f98-b32a-13c8e74d5849,76ffa051-0f32-44f8-851c-6fa356448efb,c5,DROP,1020,?,i10,
1769091582.5867133,FORWARDED,89e9d26f-bed1-4f98-b32a-13c8e74d5849,76ffa051-0f32-44f8-851c-6fa356448efb,c5,DROP,1020,?,i10,
1769091582.728146,SENT,c19f71db-a4a9-4749-bb03-06b7908c3f14,bd3899dc-8638-4d4b-8da4-1dbf5bcff3e4,c3,DROP,1007,?,i8,
1769091582.7281873,FORWARDED,c19f71db-a4a9-4749-bb03-06b7908c3f14,bd3899dc-8638-4d4b-8da4-1dbf5bcff3e4,c3,DROP,1007,?,i8,
1769091582.7666438,RECEIVED,53b5f888-1bc9-4928-8284-82395737583c,a31d65a1-876b-4888-ae44-e5d029d90026,c5,c4,2045,p2,?,
1769091582.8303275,SENT,53b5f888-1bc9-4928-8284-82395737583c,a31d65a1-876b-4888-ae44-e5d029d90026,c5,c4,1461,?,i5,
1769091582.8303752,FORWARDED,53b5f888-1bc9-4928-8284-82395737583c,a31d65a1-876b-4888-ae44-e5d029d90026,c5,c4,1461,?,i5,
1769091582.93857,RECEIVED,a4b863cf-67af-4dfc-a0f8-61f52f0c938f,8b6adb9d-dc23-4dcc-b671-426cbee327c3,c3,DROP,1456,p3,?,
1769091583.1101909,SENT,83ef9eaa-cd3e-415a-9c5d-a15ab1a4bdf5,4f21448f-a213-4379-b4b5-2134e61e73bb,c1,c5,1457,?,i2,
1769091583.110231,FORWARDED,83ef9eaa-cd3e-415a-9c5d-a15ab1a4bdf5,4f21448f-a213-4379-b4b5-2134e61e73bb,c1,c5,1457,?,i2,
1769091583.22828,RECEIVED,1c9e1a8c-4179-48be-bd70-68e5d4216100,016dadc0-1824-4e40-85eb-75a55947bca1,c2,c1,2043,p2,?,
1769091583.5207672,RECEIVED,09dc5631-d384-40f8-9c59-ead16e7a122b,3100ad7c-ca34-4469-8882-7f2d7539f919,c2,DROP,1452,p2,?,
1769091583.6127343,RECEIVED,6c32ea43-aef3-474f-976c-f5bf65d5444b,2466ed7a-1bb9-4133-bd52-2750b0367d6a,c2,c1,2048,p2,?,
1769091583.6196964,RECEIVED,adc5e36c-f3a4-4ec5-889c-95e6fd0185bb,d37ac0b6-eec8-49c8-8baa-825857a7930e,c1,c5,2040,p1,?,
1769091583.713452,SENT,6c32ea43-aef3-474f-976c-f5bf65d5444b,2466ed7a-1bb9-4133-bd52-2750b0367d6a,c2,c1,1464,?,i7,
1769091583.7135017,FORWARDED,6c32ea43-aef3-474f-976c-f5bf65d5444b,2466ed7a-1bb9-4133-bd52-2750b0367d6a,c2,c1,1464,?,i7,
1769091583.722569,SENT,a4b863cf-67af-4dfc-a0f8-61f52f0c938f,8b6adb9d-dc23-4dcc-b671-426cbee327c3,c3,DROP,1019,?,i12,
1769091583.7226107,FORWARDED,a4b863cf-67af-4dfc-a0f8-61f52f0c938f,8b6adb9d-dc23-4dcc-b671-426cbee327c3,c3,DROP,1019,?,i12,
1769091583.7252634,RECEIVED,ef01f6c3-05a8-4b49-8895-579b0f9f016a,cac76a40-f67b-46d0-9426-0f0451e7a5f9,c4,c1,2036,p1,?,
1769091583.785989,SENT,824f0c40-9b32-4f12-b7ef-ee37457d8e27,b9c8518b-1317-40f5-9e0b-689ec436b331,c4,DROP,1009,?,i7,
1769091583.786033,FORWARDED,824f0c40-9b32-4f12-b7ef-ee37457d8e27,b9c8518b-1317-40f5-9e0b-689ec436b331,c4,DROP,1009,?,i7,
1769091583.8474295,SENT,adc5e36c-f3a4-4ec5-889c-95e6fd0185bb,d37ac0b6-eec8-49c8-8baa-825857a7930e,c1,c5,1456,?,i9,
1769091583.8474703,FORWARDED,adc5e36c-f3a4-4ec5-889c-95e6fd0185bb,d37ac0b6-eec8-49c8-8baa-825857a7930e,c1,c5,1456,?,i9,
1769091583.9435966,SENT,1c9e1a8c-4179-48be-bd70-68e5d4216100,016dadc0-1824-4e40-85eb-75a55947bca1,c2,c1,1460,?,i1,
1769091583.9437358,FORWARDED,1c9e1a8c-4179-48be-bd70-68e5d4216100,016dadc0-1824-4e40-85eb-75a55947bca1,c2,c1,1460,?,i1,
1769091583.9613845,RECEIVED,671b5ec9-3723-4107-95ca-9961b0e4d7d5,8f63d11f-02c3-40e8-bbca-f4753ec1492a,c5,DROP,441,x5,?,
1769091584.181449,RECEIVED,63e0347d-dddb-458f-8aa7-e24bb90b7457,ddaf9c6f-aca9-46e4-b658-b9d27cd15edb,c2,c1,2038,p2,?,
1769091584.227108,RECEIVED,385b4f33-758b-420a-9dee-9cf12f4dcbaf,402eeeba-9e77-4872-9e61-8afa54a7bc58,c5,c4,2040,p2,?,
1769091584.2393818,SENT,ef01f6c3-05a8-4b49-8895-579b0f9f016a,cac76a40-f67b-46d0-9426-0f0451e7a5f9,c4,c1,1455,?,i10,
1769091584.2394238,FORWARDED,ef01f6c3-05a8-4b49-8895-579b0f9f016a,cac76a40-f67b-46d0-9426-0f0451e7a5f9,c4,c1,1455,?,i10,
1769091584.278603,RECEIVED,ed0688c4-e98a-4f31-afa2-ad09c3ebebfc,7284294d-c78f-4290-a779-38069c53c30c,c4,DROP,1458,p1,?,
1769091584.280573,SENT,63e0347d-dddb-458f-8aa7-e24bb90b7457,ddaf9c6f-aca9-46e4-b658-b9d27cd15edb,c2,c1,1456,?,i1,
1769091584.2806334,FORWARDED,63e0347d-dddb-458f-8aa7-e24bb90b7457,ddaf9c6f-aca9-46e4-b658-b9d27cd15edb,c2,c1,1456,?,i1,
1769091584.2941716,SENT,ed0688c4-e98a-4f31-afa2-ad09c3ebebfc,7284294d-c78f-4290-a779-38069c53c30c,c4,DROP,1019,?,i9,
1769091584.2942138,FORWARDED,ed0688c4-e98a-4f31-afa2-ad09c3ebebfc,7284294d-c78f-4290-a779-38069c53c30c,c4,DROP,1019,?,i9,
1769091584.3961778,FORWARDED,385b4f33-758b-420a-9dee-9cf12f4dcbaf,402eeeba-9e77-4872-9e61-8afa54a7bc58,c5,c4,1458,?,i6,
1769091584.5332642,RECEIVED,cc02ce05-ebf8-470e-9451-d9e99ccdad90,3127dfdf-f40a-4026-900e-9cd8c8247b1c,c4,DROP,440,x7,?,
1769091584.6722736,SENT,09dc5631-d384-40f8-9c59-ead16e7a122b,3100ad7c-ca34-4469-8882-7f2d7539f919,c2,DROP,1017,?,i10,
1769091584.6723168,FORWARDED,09dc5631-d384-40f8-9c59-ead16e7a122b,3100ad7c-ca34-4469-8882-7f2d7539f919,c2,DROP,1017,?,i10,
1769091584.7096848,RECEIVED,e48ae9d0-79b8-4687-9218-8bcfb1afc76c,70bdfbfc-5283-47ad-b654-5873947a90fb,c2,c1,2036,p2,?,
1769091585.2969904,RECEIVED,eb9e0dd2-7d58-461c-b956-9d5bab1bee78,bfb6a78f-ed4d-40d9-8653-338b9bec7605,c5,c4,2024,p2,?,
1769091585.3380828,RECEIVED,1866cb84-3141-46c5-a480-895c146794cd,af2d37aa-334f-41b0-9abb-784b6342c983,c2,c1,2044,p2,?,
1769091585.3559053,RECEIVED,cdef8e58-bcc9-408a-be58-02b17bf4dc19,7007eb1b-8cd8-492d-ad8f-09f00deb4c14,c1,DROP,1448,p1,?,
1769091585.429759,SENT,cdef8e58-bcc9-408a-be58-02b17bf4dc19,7007eb1b-8cd8-492d-ad8f-09f00deb4c14,c1,DROP,1012,?,i2,
1769091585.4298108,FORWARDED,cdef8e58-bcc9-408a-be58-02b17bf4dc19,7007eb1b-8cd8-492d-ad8f-09f00deb4c14,c1,DROP,1012,?,i2,
1769091585.4456742,SENT,e48ae9d0-79b8-4687-9218-8bcfb1afc76c,70bdfbfc-5283-47ad-b654-5873947a90fb,c2,c1,1455,?,i10,
1769091585.4457173,FORWARDED,e48ae9d0-79b8-4687-9218-8bcfb1afc76c,70bdfbfc-5283-47ad-b654-5873947a90fb,c2,c1,1455,?,i10,
1769091585.4692628,RECEIVED,bf3aacb8-b08a-4e80-b99a-2487bc419464,1236837d-cb1c-46e2-b59f-03183cc28b8f,c4,DROP,1451,p1,?,
1769091585.4844546,SENT,1866cb84-3141-46c5-a480-895c146794cd,af2d37aa-334f-41b0-9abb-784b6342c983,c2,c1,1460,?,i7,
1769091585.4844913,FORWARDED,1866cb84-3141-46c5-a480-895c146794cd,af2d37aa-334f-41b0-9abb-784b6342c983,c2,c1,1460,?,i7,
1769091585.5776901,RECEIVED,1e5d925b-9033-40ff-90e4-76147ec995dd,2b7f1611-1d70-4852-9e3b-92e12d6fafbd,c4,c1,2027,p1,?,
1769091585.6748292,FORWARDED,bf3aacb8-b08a-4e80-b99a-2487bc419464,1236837d-cb1c-46e2-b59f-03183cc28b8f,c4,DROP,1015,?,i6,
1769091585.787916,RECEIVED,70f96bdc-fa29-4e7c-a55c-5b1938c388f7,85248f44-d185-4f73-a99e-54360cce0579,c3,DROP,1455,p3,?,
1769091585.8460782,SENT,eb9e0dd2-7d58-461c-b956-9d5bab1bee78,bfb6a78f-ed4d-40d9-8653-338b9bec7605,c5,c4,1445,?,i11,
1769091585.8461134,FORWARDED,eb9e0dd2-7d58-461c-b956-9d5bab1bee78,bfb6a78f-ed4d-40d9-8653-338b9bec7605,c5,c4,1445,?,i11,
1769091586.114913,SENT,70f96bdc-fa29-4e7c-a55c-5b1938c388f7,85248f44-d185-4f73-a99e-54360cce0579,c3,DROP,1020,?,i10,
1769091586.114957,FORWARDED,70f96bdc-fa29-4e7c-a55c-5b1938c388f7,85248f44-d185-4f73-a99e-54360cce0579,c3,DROP,1020,?,i10,
1769091586.2511578,SENT,1e5d925b-9033-40ff-90e4-76147ec995dd,2b7f1611-1d70-4852-9e3b-92e12d6fafbd,c4,c1,1448,?,i3,
1769091586.2512002,FORWARDED,1e5d925b-9033-40ff-90e4-76147ec995dd,2b7f1611-1d70-4852-9e3b-92e12d6fafbd,c4,c1,1448,?,i3,
1769091586.3939888,RECEIVED,430a073f-9bf7-4a84-9324-73bdc7eb4e7e,00cd1493-5b73-4cc7-bc39-5928f39478ab,c3,c4,2040,p3,?,
1769091586.430642,RECEIVED,e4d4477e-e254-46c1-a52f-055f6b00fdc0,42532f65-717d-451c-b710-48a3afb220a2,c5,c4,2040,p2,?,
1769091586.5745733,SENT,e4d4477e-e254-46c1-a52f-055f6b00fdc0,42532f65-717d-451c-b710-48a3afb220a2,c5,c4,1456,?,i10,
1769091586.5746183,FORWARDED,e4d4477e-e254-46c1-a52f-055f6b00fdc0,42532f65-717d-451c-b710-48a3afb220a2,c5,c4,1456,?,i10,
1769091586.614217,RECEIVED,64e3a4c5-e2c7-4a3a-82c4-f09e28c859ff,98b234f1-bfa3-4cd0-b569-055ecd4d9a48,c4,c1,2033,p1,?,
1769091586.6767375,SENT,64e3a4c5-e2c7-4a3a-82c4-f09e28c859ff,98b234f1-bfa3-4cd0-b569-055ecd4d9a48,c4,c1,1451,?,i3,
1769091586.6767778,FORWARDED,64e3a4c5-e2c7-4a3a-82c4-f09e28c859ff,98b234f1-bfa3-4cd0-b569-055ecd4d9a48,c4,c1,1451,?,i3,
1769091586.8582869,SENT,430a073f-9bf7-4a84-9324-73bdc7eb4e7e,00cd1493-5b73-4cc7-bc39-5928f39478ab,c3,c4,1457,?,i1,
1769091586.8584106,FORWARDED,430a073f-9bf7-4a84-9324-73bdc7eb4e7e,00cd1493-5b73-4cc7-bc39-5928f39478ab,c3,c4,1457,?,i1,
1769091587.1990194,RECEIVED,51c13bc7-36c4-4d8f-bce4-dccc90433f1c,4219b665-4d19-4904-b6d6-d6f0eaf5f929,c2,c1,2032,p2,?,
1769091587.5059524,RECEIVED,d1d84b4a-3ce4-46a6-94a3-8447d76bc2af,5e6743ac-90c7-46b1-8cac-e14138d64501,c3,c4,2039,p3,?,
1769091587.6322873,RECEIVED,553f970a-6b8e-4d7a-9558-df0cff5c6180,dd51df10-126f-423e-9120-663c07e2a5e6,c3,c4,2020,p3,?,
1769091587.668978,RECEIVED,849d4ea6-2349-4de4-bad6-473cccc471fd,2fdf1060-7f77-4b37-b252-2e1e813d5e9d,c4,c1,2044,p1,?,
1769091587.6734223,SENT,51c13bc7-36c4-4d8f-bce4-dccc90433f1c,4219b665-4d19-4904-b6d6-d6f0eaf5f929,c2,c1,1451,?,i9,
1769091587.6734645,FORWARDED,51c13bc7-36c4-4d8f-bce4-dccc90433f1c,4219b665-4d19-4904-b6d6-d6f0eaf5f929,c2,c1,1451,?,i9,
1769091587.7625086,SENT,553f970a-6b8e-4d7a-9558-df0cff5c6180,dd51df10-126f-423e-9120-663c07e2a5e6,c3,c4,1442,?,i7,
1769091587.7625575,FORWARDED,553f970a-6b8e-4d7a-9558-df0cff5c6180,dd51df10-126f-423e-9120-663c07e2a5e6,c3,c4,1442,?,i7,
1769091587.7786908,SENT,d1d84b4a-3ce4-46a6-94a3-8447d76bc2af,5e6743ac-90c7-46b1-8cac-e14138d64501,c3,c4,1458,?,i7,
1769091587.7787254,FORWARDED,d1d84b4a-3ce4-46a6-94a3-8447d76bc2af,5e6743ac-90c7-46b1-8cac-e14138d64501,c3,c4,1458,?,i7,
1769091587.7830386,SENT,849d4ea6-2349-4de4-bad6-473cccc471fd,2fdf1060-7f77-4b37-b252-2e1e813d5e9d,c4,c1,1461,?,i5,
1769091587.7830908,FORWARDED,849d4ea6-2349-4de4-bad6-473cccc471fd,2fdf1060-7f77-4b37-b252-2e1e813d5e9d,c4,c1,1461,?,i5,
1769091587.7989416,RECEIVED,c5c19967-7aaa-420e-a9ce-cdc26627ba54,69ec74e3-85d5-4706-abbb-77b3ef92e507,c4,c1,2035,p1,?,
1769091587.9885955,RECEIVED,2c40c877-a555-4fff-8f23-f7ec0933fac9,a4fa0396-0630-4b3f-a3d9-cf255cf893ab,c2,DROP,1444,p2,?,
1769091588.04158,RECEIVED,95c5d8b0-090f-4e6e-8d64-90db1018f5a8,f54c1e83-eeb1-43ea-a015-cc4388f0415e,c2,c1,2036,p2,?,
1769091588.1234882,RECEIVED,47b774db-28cb-429c-a8d9-37057651dbf2,4190fed2-c42a-4bce-84a5-43ca88f57a99,c4,c1,2043,p1,?,
1769091588.1277761,SENT,2c40c877-a555-4fff-8f23-f7ec0933fac9,a4fa0396-0630-4b3f-a3d9-cf255cf893ab,c2,DROP,1009,?,i5,
1769091588.127821,FORWARDED,2c40c877-a555-4fff-8f23-f7ec0933fac9,a4fa0396-0630-4b3f-a3d9-cf255cf893ab,c2,DROP,1009,?,i5,
1769091588.1749878,RECEIVED,971098ec-c47e-48c4-abbd-681009311a30,172906fd-0b70-4a62-b368-d63eb1e57231,c4,DROP,1444,p1,?,
1769091588.175237,RECEIVED,7be82572-b535-43dc-8132-83387e6e4621,961fda13-8ed5-4d9e-bc85-6bbea19ef8d9,c5,c4,2039,p2,?,
1769091588.2295809,SENT,971098ec-c47e-48c4-abbd-681009311a30,172906fd-0b70-4a62-b368-d63eb1e57231,c4,DROP,1009,?,i2,
1769091588.2296221,FORWARDED,971098ec-c47e-48c4-abbd-681009311a30,172906fd-0b70-4a62-b368-d63eb1e57231,c4,DROP,1009,?,i2,
1769091588.2416742,RECEIVED,348e14bb-fcc4-4bdb-a393-5b41ac0c78f1,be831e57-7308-4523-bfcf-27a388031097,c2,c1,2044,p2,?,
1769091588.335407,SENT,7be82572-b535-43dc-8132-83387e6e4621,961fda13-8ed5-4d9e-bc85-6bbea19ef8d9,c5,c4,1456,?,i9,
1769091588.3355193,FORWARDED,7be82572-b535-43dc-8132-83387e6e4621,961fda13-8ed5-4d9e-bc85-6bbea19ef8d9,c5,c4,1456,?,i9,
1769091588.4069793,RECEIVED,a71a4942-76bb-4717-9672-ec1c94c7368a,a28d7aee-bf6c-4d6a-90c4-c4850ea24583,c4,DROP,441,x8,?,
1769091588.422185,FORWARDED,348e14bb-fcc4-4bdb-a393-5b41ac0c78f1,be831e57-7308-4523-bfcf-27a388031097,c2,c1,1460,?,i6,
1769091588.4742227,RECEIVED,455f5f63-7b47-4903-82a9-7a3d9abec1d6,3cd8c88d-db5a-4f57-9a7d-64b1b3714f30,c2,DROP,1456,p2,?,
1769091588.5378528,SENT,95c5d8b0-090f-4e6e-8d64-90db1018f5a8,f54c1e83-eeb1-43ea-a015-cc4388f0415e,c2,c1,1453,?,i4,
1769091588.5379062,FORWARDED,95c5d8b0-090f-4e6e-8d64-90db1018f5a8,f54c1e83-eeb1-43ea-a015-cc4388f0415e,c2,c1,1453,?,i4,
1769091588.5458171,SENT,455f5f63-7b47-4903-82a9-7a3d9abec1d6,3cd8c88d-db5a-4f57-9a7d-64b1b3714f30,c2,DROP,1020,?,i1,
1769091588.5459301,FORWARDED,455f5f63-7b47-4903-82a9-7a3d9abec1d6,3cd8c88d-db5a-4f57-9a7d-64b1b3714f30,c2,DROP,1020,?,i1,
1769091588.5766912,RECEIVED,b8fe9808-9fd5-43fa-b860-825a722b978d,a89d5def-6d2a-4431-bf9f-e96c97e9f442,c4,DROP,1459,p1,?,
1769091588.645271,SENT,c5c19967-7aaa-420e-a9ce-cdc26627ba54,69ec74e3-85d5-4706-abbb-77b3ef92e507,c4,c1,1455,?,i8,
1769091588.6453128,FORWARDED,c5c19967-7aaa-420e-a9ce-cdc26627ba54,69ec74e3-85d5-4706-abbb-77b3ef92e507,c4,c1,1455,?,i8,
1769091588.672218,SENT,47b774db-28cb-429c-a8d9-37057651dbf2,4190fed2-c42a-4bce-84a5-43ca88f57a99,c4,c1,1460,?,i8,
1769091588.6722605,FORWARDED,47b774db-28cb-429c-a8d9-37057651dbf2,4190fed2-c42a-4bce-84a5-43ca88f57a99,c4,c1,1460,?,i8,
1769091588.68369,RECEIVED,00794b81-40f3-4924-8ae5-207b7ddcb261,aa3ff26e-58db-455a-8c22-dd5996b07740,c1,DROP,440,x4,?,
1769091588.7152102,RECEIVED,c9867d56-8ea5-4856-abe9-9a4c3ceb9982,008decab-f799-4b8e-a5be-857f56e3b1ac,c4,c1,2056,p1,?,
1769091588.9360952,RECEIVED,a04afdce-e894-49a7-b7fa-b262e80d5414,dc83795e-bb03-46de-a42b-77e9c2ef6ae3,c3,c4,2047,p3,?,
1769091588.9755256,RECEIVED,c59a60cf-131c-4ff3-b20d-50cb8292b128,3647d26f-495f-43ee-a97e-f33b531cb814,c4,c1,2036,p1,?,
1769091589.0197232,SENT,c9867d56-8ea5-4856-abe9-9a4c3ceb9982,008decab-f799-4b8e-a5be-857f56e3b1ac,c4,c1,1469,?,i1,
1769091589.0197673,FORWARDED,c9867d56-8ea5-4856-abe9-9a4c3ceb9982,008decab-f799-4b8e-a5be-857f56e3b1ac,c4,c1,1469,?,i1,
1769091589.179688,RECEIVED,778337ff-9f50-443d-b812-06bef4caf379,94bff058-83f9-4fe6-9ff6-a37edced49f2,c5,DROP,1451,p2,?,
1769091589.47514,SENT,a04afdce-e894-49a7-b7fa-b262e80d5414,dc83795e-bb03-46de-a42b-77e9c2ef6ae3,c3,c4,1463,?,i2,
1769091589.4751832,FORWARDED,a04afdce-e894-49a7-b7fa-b262e80d5414,dc83795e-bb03-46de-a42b-77e9c2ef6ae3,c3,c4,1463,?,i2,
1769091589.4844458,FORWARDED,778337ff-9f50-443d-b812-06bef4caf379,94bff058-83f9-4fe6-9ff6-a37edced49f2,c5,DROP,1015,?,i6,
1769091589.4877837,RECEIVED,1f4871e5-0586-4355-be06-fe4982e44c3b,2b549ae3-55d3-4b76-8ce3-d0ea4f3bcfd3,c3,DROP,1456,p3,?,
1769091589.7309656,RECEIVED,1dcfa8db-950e-4269-a0e7-84577c19ef7c,2f2237d3-e3df-433a-9ac6-9dfa796cb379,c3,c4,2031,p3,?,
1769091589.7582145,RECEIVED,ad9661e7-ad29-4c7c-b92c-dffb0b635165,7ebbc38c-4c8a-4ff6-ba5b-48d22fc34d35,c5,DROP,1440,p2,?,
1769091589.9090958,RECEIVED,909131e5-17dc-40d0-a255-89969191cb28,65d80ae9-3676-4d0f-a5bc-c696bd346f61,c2,c1,2045,p2,?,
1769091589.9710028,SENT,ad9661e7-ad29-4c7c-b92c-dffb0b635165,7ebbc38c-4c8a-4ff6-ba5b-48d22fc34d35,c5,DROP,1008,?,i3,
1769091589.971045,FORWARDED,ad9661e7-ad29-4c7c-b92c-dffb0b635165,7ebbc38c-4c8a-4ff6-ba5b-48d22fc34d35,c5,DROP,1008,?,i3,
1769091590.0091133,RECEIVED,ed6e3674-ec86-4899-a4a2-21ffa10b9432,2d7fb1a4-76e8-4ee5-9b72-ff5d1f0c3490,c4,c1,2020,p1,?,
1769091590.0764651,SENT,ed6e3674-ec86-4899-a4a2-21ffa10b9432,2d7fb1a4-76e8-4ee5-9b72-ff5d1f0c3490,c4,c1,1443,?,i9,
1769091590.0771232,FORWARDED,ed6e3674-ec86-4899-a4a2-21ffa10b9432,2d7fb1a4-76e8-4ee5-9b72-ff5d1f0c3490,c4,c1,1443,?,i9,
1769091590.1240377,SENT,b8fe9808-9fd5-43fa-b860-825a722b978d,a89d5def-6d2a-4431-bf9f-e96c97e9f442,c4,DROP,1021,?,i3,
1769091590.124102,FORWARDED,b8fe9808-9fd5-43fa-b860-825a722b978d,a89d5def-6d2a-4431-bf9f-e96c97e9f442,c4,DROP,1021,?,i3,
1769091590.132697,SENT,1f4871e5-0586-4355-be06-fe4982e44c3b,2b549ae3-55d3-4b76-8ce3-d0ea4f3bcfd3,c3,DROP,1018,?,i10,
1769091590.1327488,FORWARDED,1f4871e5-0586-4355-be06-fe4982e44c3b,2b549ae3-55d3-4b76-8ce3-d0ea4f3bcfd3,c3,DROP,1018,?,i10,
1769091590.144279,SENT,909131e5-17dc-40d0-a255-89969191cb28,65d80ae9-3676-4d0f-a5bc-c696bd346f61,c2,c1,1461,?,i11,
1769091590.1443212,FORWARDED,909131e5-17dc-40d0-a255-89969191cb28,65d80ae9-3676-4d0f-a5bc-c696bd346f61,c2,c1,1461,?,i11,
1769091590.1986678,RECEIVED,2312b567-1194-47ab-90cc-0cf686f6c763,03b67821-446b-4ece-b4ab-4173759c83ec,c4,c1,2040,p1,?,
1769091590.2304096,RECEIVED,7a2951cc-d071-4616-bfdf-0753154f637e,4bb577a7-f3d7-492a-9e2f-86d569904867,c5,c4,2039,p2,?,
1769091590.3020349,RECEIVED,6ce69001-92c7-4a74-9ed3-b9d29cc25bfc,a1a07181-b3d7-4112-a5d5-0df8963f582a,c3,c4,2015,p3,?,
1769091590.3314507,SENT,2312b567-1194-47ab-90cc-0cf686f6c763,03b67821-446b-4ece-b4ab-4173759c83ec,c4,c1,1458,?,i7,
1769091590.3317754,FORWARDED,2312b567-1194-47ab-90cc-0cf686f6c763,03b67821-446b-4ece-b4ab-4173759c83ec,c4,c1,1458,?,i7,
1769091590.52893,SENT,7a2951cc-d071-4616-bfdf-0753154f637e,4bb577a7-f3d7-492a-9e2f-86d569904867,c5,c4,1457,?,i5,
1769091590.5289757,FORWARDED,7a2951cc-d071-4616-bfdf-0753154f637e,4bb577a7-f3d7-492a-9e2f-86d569904867,c5,c4,1457,?,i5,
1769091590.5656567,RECEIVED,3ed4b0ed-4a4c-4bae-8846-de699488f90f,17fc4e03-1c31-484d-bba6-2b1c76517147,c3,c4,2033,p3,?,
1769091590.5696,RECEIVED,3c1a5a2c-d546-45c5-b5fb-a7896e4f000a,a8fcc11e-4dba-42e3-a57e-e73a9817b440,c1,c5,2032,p1,?,
1769091590.626423,SENT,3ed4b0ed-4a4c-4bae-8846-de699488f90f,17fc4e03-1c31-484d-bba6-2b1c76517147,c3,c4,1452,?,i4,
1769091590.6264668,FORWARDED,3ed4b0ed-4a4c-4bae-8846-de699488f90f,17fc4e03-1c31-484d-bba6-2b1c76517147,c3,c4,1452,?,i4,
1769091590.6291585,SENT,1dcfa8db-950e-4269-a0e7-84577c19ef7c,2f2237d3-e3df-433a-9ac6-9dfa796cb379,c3,c4,1452,?,i1,
1769091590.6292007,FORWARDED,1dcfa8db-950e-4269-a0e7-84577c19ef7c,2f2237d3-e3df-433a-9ac6-9dfa796cb379,c3,c4,1452,?,i1,
1769091590.652992,RECEIVED,d8e1ae70-8065-4b09-8704-327f7ca76760,1716315d-879f-4881-889b-62c4b2a6cd3c,c3,c4,2039,p3,?,
1769091590.660169,SENT,c59a60cf-131c-4ff3-b20d-50cb8292b128,3647d26f-495f-43ee-a97e-f33b531cb814,c4,c1,1455,?,i10,
1769091590.6602092,FORWARDED,c59a60cf-131c-4ff3-b20d-50cb8292b128,3647d26f-495f-43ee-a97e-f33b531cb814,c4,c1,1455,?,i10,
1769091590.7944891,SENT,3c1a5a2c-d546-45c5-b5fb-a7896e4f000a,a8fcc11e-4dba-42e3-a57e-e73a9817b440,c1,c5,1452,?,i2,
1769091590.7945294,FORWARDED,3c1a5a2c-d546-45c5-b5fb-a7896e4f000a,a8fcc11e-4dba-42e3-a57e-e73a9817b440,c1,c5,1452,?,i2,
1769091590.832491,RECEIVED,66eed0da-7766-492d-b7ec-e5c55153e671,47275e42-e4b6-449f-92b8-2bccff0826b4,c1,DROP,1439,p1,?,
1769091590.9521837,RECEIVED,b96cd73c-2a5c-48ae-b405-90ea66b657f9,2f43bf12-a5c2-4ec9-bf36-d0ff58df8cdf,c2,DROP,1459,p2,?,
1769091590.9572027,SENT,d8e1ae70-8065-4b09-8704-327f7ca76760,1716315d-879f-4881-889b-62c4b2a6cd3c,c3,c4,1456,?,i4,
1769091590.957243,FORWARDED,d8e1ae70-8065-4b09-8704-327f7ca76760,1716315d-879f-4881-889b-62c4b2a6cd3c,c3,c4,1456,?,i4,
1769091590.9999237,RECEIVED,7f57695a-3fb4-411b-9480-641a4563a00e,07acc9d8-971f-4360-9512-d8ca987a20cf,c2,c1,2041,p2,?,
1769091591.101858,SENT,7f57695a-3fb4-411b-9480-641a4563a00e,07acc9d8-971f-4360-9512-d8ca987a20cf,c2,c1,1457,?,i12,
1769091591.1018946,FORWARDED,7f57695a-3fb4-411b-9480-641a4563a00e,07acc9d8-971f-4360-9512-d8ca987a20cf,c2,c1,1457,?,i12,
1769091591.118801,SENT,b96cd73c-2a5c-48ae-b405-90ea66b657f9,2f43bf12-a5c2-4ec9-bf36-d0ff58df8cdf,c2,DROP,1021,?,i4,
1769091591.1188393,FORWARDED,b96cd73c-2a5c-48ae-b405-90ea66b657f9,2f43bf12-a5c2-4ec9-bf36-d0ff58df8cdf,c2,DROP,1021,?,i4,
1769091591.1205652,RECEIVED,820ebf29-02f8-41d0-8fda-308133d1963b,eac372d2-5317-468d-a37e-91d9db2bd610,c1,DROP,1457,p1,?,
1769091591.1682968,SENT,66eed0da-7766-492d-b7ec-e5c55153e671,47275e42-e4b6-449f-92b8-2bccff0826b4,c1,DROP,1008,?,i9,
1769091591.1683335,FORWARDED,66eed0da-7766-492d-b7ec-e5c55153e671,47275e42-e4b6-449f-92b8-2bccff0826b4,c1,DROP,1008,?,i9,
1769091591.190412,RECEIVED,30b97ef8-ee64-4af4-854b-0ea0a1e4a895,03079a27-46c6-4482-a7fc-c4f728df6acd,c2,c1,2035,p2,?,
1769091591.2863388,SENT,6ce69001-92c7-4a74-9ed3-b9d29cc25bfc,a1a07181-b3d7-4112-a5d5-0df8963f582a,c3,c4,1438,?,i3,
1769091591.2863827,FORWARDED,6ce69001-92c7-4a74-9ed3-b9d29cc25bfc,a1a07181-b3d7-4112-a5d5-0df8963f582a,c3,c4,1438,?,i3,
1769091591.4346428,SENT,820ebf29-02f8-41d0-8fda-308133d1963b,eac372d2-5317-468d-a37e-91d9db2bd610,c1,DROP,1019,?,i11,
1769091591.434682,FORWARDED,820ebf29-02f8-41d0-8fda-308133d1963b,eac372d2-5317-468d-a37e-91d9db2bd610,c1,DROP,1019,?,i11,
1769091591.4468448,RECEIVED,0549e331-114e-450d-aa31-077c3e15f11b,bff8d431-ece9-4d25-bbad-ce86e0d85a63,c1,DROP,1443,p1,?,
1769091591.503375,RECEIVED,3faca80d-a56f-43b8-9976-b290b5b27977,886796a6-b2c4-4c84-a700-e0db9f648009,c2,DROP,1452,p2,?,
1769091591.5279405,RECEIVED,4aebb71e-e967-49be-8fd5-cbce8e567008,b6cd1f61-d052-4a55-8809-b526fc908b41,c2,DROP,1452,p2,?,
1769091591.604801,SENT,4aebb71e-e967-49be-8fd5-cbce8e567008,b6cd1f61-d052-4a55-8809-b526fc908b41,c2,DROP,1015,?,i3,
1769091591.604851,FORWARDED,4aebb71e-e967-49be-8fd5-cbce8e567008,b6cd1f61-d052-4a55-8809-b526fc908b41,c2,DROP,1015,?,i3,
1769091591.6125207,SENT,30b97ef8-ee64-4af4-854b-0ea0a1e4a895,03079a27-46c6-4482-a7fc-c4f728df6acd,c2,c1,1455,?,i5,
1769091591.6125617,FORWARDED,30b97ef8-ee64-4af4-854b-0ea0a1e4a895,03079a27-46c6-4482-a7fc-c4f728df6acd,c2,c1,1455,?,i5,
1769091591.6749918,SENT,3faca80d-a56f-43b8-9976-b290b5b27977,886796a6-b2c4-4c84-a700-e0db9f648009,c2,DROP,1015,?,i8,
1769091591.6750422,FORWARDED,3faca80d-a56f-43b8-9976-b290b5b27977,886796a6-b2c4-4c84-a700-e0db9f648009,c2,DROP,1015,?,i8,
1769091591.7470431,RECEIVED,9becb9fc-2ad6-4ef8-a7af-35edc711748d,002abf6c-8d1b-4c10-83cf-c8ed010ccf6e,c2,c1,2032,p2,?,
1769091591.845919,RECEIVED,0987d839-ab44-495a-9f24-299fc0edb8c4,90521127-e351-4a2a-925b-f88f75f4b339,c4,c1,2031,p1,?,
1769091591.8814974,SENT,0549e331-114e-450d-aa31-077c3e15f11b,bff8d431-ece9-4d25-bbad-ce86e0d85a63,c1,DROP,1011,?,i2,
1769091591.881547,FORWARDED,0549e331-114e-450d-aa31-077c3e15f11b,bff8d431-ece9-4d25-bbad-ce86e0d85a63,c1,DROP,1011,?,i2,
1769091591.9027963,SENT,9becb9fc-2ad6-4ef8-a7af-35edc711748d,002abf6c-8d1b-4c10-83cf-c8ed010ccf6e,c2,c1,1452,?,i2,
1769091591.902838,FORWARDED,9becb9fc-2ad6-4ef8-a7af-35edc711748d,002abf6c-8d1b-4c10-83cf-c8ed010ccf6e,c2,c1,1452,?,i2,
1769091591.9213483,RECEIVED,c2f8d91b-8433-4cfc-93d1-c7a39f9ffdb1,9da9288c-89dd-4c36-8647-21a0bbd5d479,c2,c1,2051,p2,?,
1769091592.0123374,RECEIVED,900fe8af-ab6b-48ea-886a-de5662fb3f57,c724b327-ab99-4083-b65c-868dfee1790e,c3,DROP,1444,p3,?,
1769091592.0486567,RECEIVED,2f2586fd-4598-4382-b38d-7e09c5ceedfe,036d0437-5782-4041-a936-87c87769c761,c4,c1,2023,p1,?,
1769091592.3491883,SENT,0987d839-ab44-495a-9f24-299fc0edb8c4,90521127-e351-4a2a-925b-f88f75f4b339,c4,c1,1451,?,i4,
1769091592.3492286,FORWARDED,0987d839-ab44-495a-9f24-299fc0edb8c4,90521127-e351-4a2a-925b-f88f75f4b339,c4,c1,1451,?,i4,
1769091592.4689522,SENT,900fe8af-ab6b-48ea-886a-de5662fb3f57,c724b327-ab99-4083-b65c-868dfee1790e,c3,DROP,1011,?,i4,
1769091592.4689913,FORWARDED,900fe8af-ab6b-48ea-886a-de5662fb3f57,c724b327-ab99-4083-b65c-868dfee1790e,c3,DROP,1011,?,i4,
1769091592.501447,RECEIVED,03773158-9011-4cc8-9951-6a8dac432844,ee964d2a-c501-4318-a895-8b45acaa3a34,c5,DROP,1440,p2,?,
1769091592.6263914,SENT,c2f8d91b-8433-4cfc-93d1-c7a39f9ffdb1,9da9288c-89dd-4c36-8647-21a0bbd5d479,c2,c1,1467,?,i1,
1769091592.6264377,FORWARDED,c2f8d91b-8433-4cfc-93d1-c7a39f9ffdb1,9da9288c-89dd-4c36-8647-21a0bbd5d479,c2,c1,1467,?,i1,
1769091592.645579,SENT,03773158-9011-4cc8-9951-6a8dac432844,ee964d2a-c501-4318-a895-8b45acaa3a34,c5,DROP,1006,?,i1,
1769091592.6456323,FORWARDED,03773158-9011-4cc8-9951-6a8dac432844,ee964d2a-c501-4318-a895-8b45acaa3a34,c5,DROP,1006,?,i1,
1769091592.9854064,RECEIVED,6c9bb986-7545-452e-987e-ed3062b5ee66,07540ab2-cb53-47b4-9e46-b51dfd371628,c2,c1,2036,p2,?,
1769091593.0006354,RECEIVED,eeb9d6a4-5fbc-416c-a762-38a9d00bb4be,51bc5bd2-4b7c-4c04-8f1f-6c7334e03e39,c2,c1,2045,p2,?,
1769091593.0868158,SENT,eeb9d6a4-5fbc-416c-a762-38a9d00bb4be,51bc5bd2-4b7c-4c04-8f1f-6c7334e03e39,c2,c1,1459,?,i11,
1769091593.0868547,FORWARDED,eeb9d6a4-5fbc-416c-a762-38a9d00bb4be,51bc5bd2-4b7c-4c04-8f1f-6c7334e03e39,c2,c1,1459,?,i11,
1769091593.452856,SENT,2f2586fd-4598-4382-b38d-7e09c5ceedfe,036d0437-5782-4041-a936-87c87769c761,c4,c1,1445,?,i2,
1769091593.4528933,FORWARDED,2f2586fd-4598-4382-b38d-7e09c5ceedfe,036d0437-5782-4041-a936-87c87769c761,c4,c1,1445,?,i2,
1769091593.4654813,SENT,6c9bb986-7545-452e-987e-ed3062b5ee66,07540ab2-cb53-47b4-9e46-b51dfd371628,c2,c1,1454,?,i11,
1769091593.465524,FORWARDED,6c9bb986-7545-452e-987e-ed3062b5ee66,07540ab2-cb53-47b4-9e46-b51dfd371628,c2,c1,1454,?,i11,
1769091593.5320115,RECEIVED,5cc3462f-27a5-4111-a1a7-621b1574bc33,d3749d24-0f25-494f-95c2-7f1dc70d5153,c5,DROP,442,x9,?,
1769091593.7144575,RECEIVED,61528dc0-7d49-47ce-91d7-a26be0588f57,884b5fc7-6675-4473-83f3-8096affbdf68,c1,c5,2044,p1,?,
1769091593.8159966,RECEIVED,7cc5cb9a-d338-4360-9e08-dd4e3cdf17fc,d1d69a5c-ca63-400c-aa17-f8567e84534c,c5,c4,2040,p2,?,
1769091593.8623888,RECEIVED,8749a066-3719-4d6e-8873-35b0d0212d70,4bd65120-c2b2-41bc-9726-02e680ce3e5e,c3,c4,2054,p3,?,
1769091593.92258,RECEIVED,74146718-d569-408b-9591-9f89209f8c51,2f30e5cd-7cc6-4f1e-9c03-7b90dbcef731,c3,c4,2019,p3,?,
1769091593.9418173,SENT,7cc5cb9a-d338-4360-9e08-dd4e3cdf17fc,d1d69a5c-ca63-400c-aa17-f8567e84534c,c5,c4,1457,?,i10,
1769091593.9418554,FORWARDED,7cc5cb9a-d338-4360-9e08-dd4e3cdf17fc,d1d69a5c-ca63-400c-aa17-f8567e84534c,c5,c4,1457,?,i10,
1769091593.9759257,RECEIVED,17c2b0f3-d243-46f1-a768-1fe7d8cdde2f,92d49e80-657b-4559-babe-33872c24b9b5,c4,c1,2048,p1,?,
1769091594.0514638,SENT,61528dc0-7d49-47ce-91d7-a26be0588f57,884b5fc7-6675-4473-83f3-8096affbdf68,c1,c5,1460,?,i12,
1769091594.0515053,FORWARDED,61528dc0-7d49-47ce-91d7-a26be0588f57,884b5fc7-6675-4473-83f3-8096affbdf68,c1,c5,1460,?,i12,
1769091594.0586014,SENT,17c2b0f3-d243-46f1-a768-1fe7d8cdde2f,92d49e80-657b-4559-babe-33872c24b9b5,c4,c1,1464,?,i3,
1769091594.0586739,FORWARDED,17c2b0f3-d243-46f1-a768-1fe7d8cdde2f,92d49e80-657b-4559-babe-33872c24b9b5,c4,c1,1464,?,i3,
1769091594.0757804,RECEIVED,0298133f-0e4b-426e-b8a3-54683d32abcb,7bbea0bc-ca07-49ca-8b28-1d02b673f7b1,c3,c4,2047,p3,?,
1769091594.4608517,FORWARDED,74146718-d569-408b-9591-9f89209f8c51,2f30e5cd-7cc6-4f1e-9c03-7b90dbcef731,c3,c4,1443,?,i6,
1769091594.4785435,RECEIVED,de981065-bb1e-4fe2-8fb6-17626bcb1019,abb6368d-2819-41bc-b0d3-42266638c328,c3,c4,2039,p3,?,
1769091594.5889292,RECEIVED,83b014a7-eb91-4008-b031-7192ff426f8f,f08862b8-24c3-48df-b019-1a40975d57bb,c4,DROP,1440,p1,?,
1769091594.7423596,SENT,83b014a7-eb91-4008-b031-7192ff426f8f,f08862b8-24c3-48df-b019-1a40975d57bb,c4,DROP,1007,?,i4,
1769091594.7424088,FORWARDED,83b014a7-eb91-4008-b031-7192ff426f8f,f08862b8-24c3-48df-b019-1a40975d57bb,c4,DROP,1007,?,i4,
1769091594.7627523,SENT,8749a066-3719-4d6e-8873-35b0d0212d70,4bd65120-c2b2-41bc-9726-02e680ce3e5e,c3,c4,1469,?,i2,
1769091594.7627938,FORWARDED,8749a066-3719-4d6e-8873-35b0d0212d70,4bd65120-c2b2-41bc-9726-02e680ce3e5e,c3,c4,1469,?,i2,
1769091594.9597619,RECEIVED,26c3122e-4404-4a87-9675-b4eb03447230,99df639d-5ea7-458b-afad-a94f60cb282f,c1,c5,2039,p1,?,
1769091595.0441854,SENT,0298133f-0e4b-426e-b8a3-54683d32abcb,7bbea0bc-ca07-49ca-8b28-1d02b673f7b1,c3,c4,1463,?,i2,
1769091595.0442276,FORWARDED,0298133f-0e4b-426e-b8a3-54683d32abcb,7bbea0bc-ca07-49ca-8b28-1d02b673f7b1,c3,c4,1463,?,i2,
1769091595.1072729,RECEIVED,b2c0b640-3ca5-4b74-844f-78fcccfc5413,16cf6714-1f66-45e9-8faf-d43ed06ef521,c5,DROP,1439,p2,?,
1769091595.3347487,RECEIVED,7979440f-013a-4c6e-b1d6-0bd7ac42462c,b7af1320-4403-4847-ab28-471b4d77fc90,c3,c4,2035,p3,?,
1769091595.433118,SENT,b2c0b640-3ca5-4b74-844f-78fcccfc5413,16cf6714-1f66-45e9-8faf-d43ed06ef521,c5,DROP,1007,?,i8,
1769091595.4331582,FORWARDED,b2c0b640-3ca5-4b74-844f-78fcccfc5413,16cf6714-1f66-45e9-8faf-d43ed06ef521,c5,DROP,1007,?,i8,
1769091595.4548023,RECEIVED,c4582793-6e98-4e26-9b5b-6bcf6421a7fe,09e4d0b2-8dc4-4310-adf7-a72898e9f39b,c4,c1,2041,p1,?,
1769091595.541282,SENT,c4582793-6e98-4e26-9b5b-6bcf6421a7fe,09e4d0b2-8dc4-4310-adf7-a72898e9f39b,c4,c1,1456,?,i4,
1769091595.541325,FORWARDED,c4582793-6e98-4e26-9b5b-6bcf6421a7fe,09e4d0b2-8dc4-4310-adf7-a72898e9f39b,c4,c1,1456,?,i4,
1769091595.5912993,SENT,de981065-bb1e-4fe2-8fb6-17626bcb1019,abb6368d-2819-41bc-b0d3-42266638c328,c3,c4,1456,?,i5,
1769091595.5913413,FORWARDED,de981065-bb1e-4fe2-8fb6-17626bcb1019,abb6368d-2819-41bc-b0d3-42266638c328,c3,c4,1456,?,i5,
1769091595.6087701,RECEIVED,fcaa3256-a7d7-4dbb-a427-17e8bda14194,9dffe8e4-801a-413b-ae4e-7debd201cb71,c1,DROP,1455,p1,?,
1769091595.8088233,RECEIVED,ccd1a7cc-aa17-425f-ba8e-8b9f428ec411,28556315-ff39-4d63-9591-e60b55c036c8,c1,DROP,1451,p1,?,
1769091595.8949375,SENT,ccd1a7cc-aa17-425f-ba8e-8b9f428ec411,28556315-ff39-4d63-9591-e60b55c036c8,c1,DROP,1015,?,i4,
1769091595.8950064,FORWARDED,ccd1a7cc-aa17-425f-ba8e-8b9f428ec411,28556315-ff39-4d63-9591-e60b55c036c8,c1,DROP,1015,?,i4,
1769091595.9284277,SENT,26c3122e-4404-4a87-9675-b4eb03447230,99df639d-5ea7-458b-afad-a94f60cb282f,c1,c5,1456,?,i8,
1769091595.9284768,FORWARDED,26c3122e-4404-4a87-9675-b4eb03447230,99df639d-5ea7-458b-afad-a94f60cb282f,c1,c5,1456,?,i8,
1769091595.974921,SENT,fcaa3256-a7d7-4dbb-a427-17e8bda14194,9dffe8e4-801a-413b-ae4e-7debd201cb71,c1,DROP,1020,?,i10,
1769091595.9749618,FORWARDED,fcaa3256-a7d7-4dbb-a427-17e8bda14194,9dffe8e4-801a-413b-ae4e-7debd201cb71,c1,DROP,1020,?,i10,
1769091596.0956578,RECEIVED,453be639-40c1-4d75-9793-3804fbc27261,ff3e82cd-02e8-444e-bf91-e640fcc2e96f,c4,c1,2048,p1,?,
1769091596.1427705,RECEIVED,33ce8b6a-00e1-43c8-8f7b-8d0fe0a0d4a5,f3ff27fb-efe4-4220-b5e0-3e6f9649e1bb,c2,c1,2019,p2,?,
1769091596.192725,SENT,453be639-40c1-4d75-9793-3804fbc27261,ff3e82cd-02e8-444e-bf91-e640fcc2e96f,c4,c1,1464,?,i4,
1769091596.1927683,FORWARDED,453be639-40c1-4d75-9793-3804fbc27261,ff3e82cd-02e8-444e-bf91-e640fcc2e96f,c4,c1,1464,?,i4,
1769091596.2944596,SENT,7979440f-013a-4c6e-b1d6-0bd7ac42462c,b7af1320-4403-4847-ab28-471b4d77fc90,c3,c4,1455,?,i2,
1769091596.2945032,FORWARDED,7979440f-013a-4c6e-b1d6-0bd7ac42462c,b7af1320-4403-4847-ab28-471b4d77fc90,c3,c4,1455,?,i2,
1769091596.3305771,RECEIVED,678cdf81-cb6d-48f3-8a8f-fde3461796f5,6b13c1bf-32ef-4b2f-95ca-fbf724406a0a,c3,c4,2039,p3,?,
1769091596.467748,RECEIVED,20553db0-0802-4e08-8578-7ea2f5ff9b3b,4dfe2572-82ad-4506-ad3e-5cb526e62f81,c3,c4,2043,p3,?,
1769091596.5866094,RECEIVED,c15e7057-a6f1-4199-a3c8-5087f4927380,22499aa5-68f2-479b-bae4-ed2ac2b27ad4,c4,c1,2056,p1,?,
1769091596.594955,RECEIVED,8882a8ef-def7-4c46-9992-e7a1feef0f9d,57c66434-1ef7-4d4b-9fc7-c74a6dd8f9b1,c3,c4,2047,p3,?,
1769091596.6601937,SENT,678cdf81-cb6d-48f3-8a8f-fde3461796f5,6b13c1bf-32ef-4b2f-95ca-fbf724406a0a,c3,c4,1456,?,i8,
1769091596.6602397,FORWARDED,678cdf81-cb6d-48f3-8a8f-fde3461796f5,6b13c1bf-32ef-4b2f-95ca-fbf724406a0a,c3,c4,1456,?,i8,
1769091597.0412083,RECEIVED,fdb56c9e-7887-4557-8cec-761afb1c4a24,5e886f66-ad59-4643-a3eb-0df845e0b00f,c1,c5,2047,p1,?,
1769091597.1244028,RECEIVED,f0c44aee-58a2-4983-8886-c85d561bcc30,e9ade901-1885-4e44-9f75-b9b88328582f,c5,c4,2035,p2,?,
1769091597.1432452,SENT,8882a8ef-def7-4c46-9992-e7a1feef0f9d,57c66434-1ef7-4d4b-9fc7-c74a6dd8f9b1,c3,c4,1463,?,i7,
1769091597.1432881,FORWARDED,8882a8ef-def7-4c46-9992-e7a1feef0f9d,57c66434-1ef7-4d4b-9fc7-c74a6dd8f9b1,c3,c4,1463,?,i7,
1769091597.1557353,SENT,33ce8b6a-00e1-43c8-8f7b-8d0fe0a0d4a5,f3ff27fb-efe4-4220-b5e0-3e6f9649e1bb,c2,c1,1443,?,i4,
1769091597.1557784,FORWARDED,33ce8b6a-00e1-43c8-8f7b-8d0fe0a0d4a5,f3ff27fb-efe4-4220-b5e0-3e6f9649e1bb,c2,c1,1443,?,i4,
1769091597.2529724,RECEIVED,1464e103-838d-4b02-9ef9-997e64755977,77258efd-a250-4cb3-aba5-640a015ec15c,c1,DROP,1455,p1,?,
1769091597.2670734,RECEIVED,32d982e7-3c27-4e89-93d3-27ad8ce3b7f3,99c837be-a13a-4613-9f64-e05b7839121c,c2,DROP,1443,p2,?,
1769091597.3275077,RECEIVED,2809612f-850e-481f-8737-2c71aca6f259,ada3142e-7dc2-4fc0-b1e6-7c56f4da60c3,c3,c4,2027,p3,?,
1769091597.3341458,RECEIVED,b65df848-d035-4ced-9d07-5013420cdcd5,8168fe16-94cd-4491-a879-d2035ed2f069,c3,c4,2032,p3,?,
1769091597.3548765,SENT,32d982e7-3c27-4e89-93d3-27ad8ce3b7f3,99c837be-a13a-4613-9f64-e05b7839121c,c2,DROP,1006,?,i12,
1769091597.3549194,FORWARDED,32d982e7-3c27-4e89-93d3-27ad8ce3b7f3,99c837be-a13a-4613-9f64-e05b7839121c,c2,DROP,1006,?,i12,
1769091597.3591955,SENT,20553db0-0802-4e08-8578-7ea2f5ff9b3b,4dfe2572-82ad-4506-ad3e-5cb526e62f81,c3,c4,1460,?,i9,
1769091597.3592474,FORWARDED,20553db0-0802-4e08-8578-7ea2f5ff9b3b,4dfe2572-82ad-4506-ad3e-5cb526e62f81,c3,c4,1460,?,i9,
1769091597.3638217,RECEIVED,288fe161-32cb-4c02-8bc1-ee54a6e4e447,6e8f5fb2-68e5-4a88-86c8-02a1e41503fb,c4,DROP,1440,p1,?,
1769091597.547193,SENT,c15e7057-a6f1-4199-a3c8-5087f4927380,22499aa5-68f2-479b-bae4-ed2ac2b27ad4,c4,c1,1470,?,i10,
1769091597.547235,FORWARDED,c15e7057-a6f1-4199-a3c8-5087f4927380,22499aa5-68f2-479b-bae4-ed2ac2b27ad4,c4,c1,1470,?,i10,
1769091597.5720243,RECEIVED,1f187b35-df18-4d79-8b7e-3a072b4617ea,bf71f5d4-722b-4416-99b9-3789c40ec9ab,c2,c1,2049,p2,?,
1769091597.5796914,SENT,1464e103-838d-4b02-9ef9-997e64755977,77258efd-a250-4cb3-aba5-640a015ec15c,c1,DROP,1020,?,i7,
1769091597.5797307,FORWARDED,1464e103-838d-4b02-9ef9-997e64755977,77258efd-a250-4cb3-aba5-640a015ec15c,c1,DROP,1020,?,i7,
1769091597.6109216,SENT,1f187b35-df18-4d79-8b7e-3a072b4617ea,bf71f5d4-722b-4416-99b9-3789c40ec9ab,c2,c1,1462,?,i11,
1769091597.6109624,FORWARDED,1f187b35-df18-4d79-8b7e-3a072b4617ea,bf71f5d4-722b-4416-99b9-3789c40ec9ab,c2,c1,1462,?,i11,
1769091597.6356318,RECEIVED,3ca3647a-c864-448c-a9bd-570d4fb4dd5f,c3fe1a5f-1044-4def-8087-bc391a0e3282,c2,c1,2032,p2,?,
1769091597.7305586,SENT,288fe161-32cb-4c02-8bc1-ee54a6e4e447,6e8f5fb2-68e5-4a88-86c8-02a1e41503fb,c4,DROP,1007,?,i5,
1769091597.7306015,FORWARDED,288fe161-32cb-4c02-8bc1-ee54a6e4e447,6e8f5fb2-68e5-4a88-86c8-02a1e41503fb,c4,DROP,1007,?,i5,
1769091597.7339096,RECEIVED,515888cd-af50-4c22-bd10-6391af1501ce,3db5589f-d4d9-455e-b5d0-d105136c7b7d,c4,DROP,445,x2,?,
1769091597.7375696,SENT,fdb56c9e-7887-4557-8cec-761afb1c4a24,5e886f66-ad59-4643-a3eb-0df845e0b00f,c1,c5,1463,?,i1,
1769091597.737612,FORWARDED,fdb56c9e-7887-4557-8cec-761afb1c4a24,5e886f66-ad59-4643-a3eb-0df845e0b00f,c1,c5,1463,?,i1,
1769091597.8032172,SENT,b65df848-d035-4ced-9d07-5013420cdcd5,8168fe16-94cd-4491-a879-d2035ed2f069,c3,c4,1451,?,i4,
1769091597.8032663,FORWARDED,b65df848-d035-4ced-9d07-5013420cdcd5,8168fe16-94cd-4491-a879-d2035ed2f069,c3,c4,1451,?,i4,
1769091598.0279505,SENT,3ca3647a-c864-448c-a9bd-570d4fb4dd5f,c3fe1a5f-1044-4def-8087-bc391a0e3282,c2,c1,1451,?,i5,
1769091598.0279925,FORWARDED,3ca3647a-c864-448c-a9bd-570d4fb4dd5f,c3fe1a5f-1044-4def-8087-bc391a0e3282,c2,c1,1451,?,i5,
1769091598.1833546,RECEIVED,ed5dabcc-3f36-422d-b3d4-061fb4e3671d,e1421924-14f2-476f-b658-ece08e009330,c5,DROP,1457,p2,?,
1769091598.2825296,SENT,ed5dabcc-3f36-422d-b3d4-061fb4e3671d,e1421924-14f2-476f-b658-ece08e009330,c5,DROP,1020,?,i11,
1769091598.282572,FORWARDED,ed5dabcc-3f36-422d-b3d4-061fb4e3671d,e1421924-14f2-476f-b658-ece08e009330,c5,DROP,1020,?,i11,
1769091598.4754584,SENT,f0c44aee-58a2-4983-8886-c85d561bcc30,e9ade901-1885-4e44-9f75-b9b88328582f,c5,c4,1455,?,i9,
1769091598.4755,FORWARDED,f0c44aee-58a2-4983-8886-c85d561bcc30,e9ade901-1885-4e44-9f75-b9b88328582f,c5,c4,1455,?,i9,
1769091598.5025694,RECEIVED,f64c40b6-fd33-4a3a-87cf-4dd0de6bc055,09dfef7f-b554-428e-a6cf-e4847048a3de,c1,c5,2031,p1,?,
1769091598.8638067,RECEIVED,7ec3d628-a766-404d-8a2e-bbcd861b9773,5ba613e4-ef9e-42e3-bf6c-fdf119a2ed0c,c3,c4,2037,p3,?,
1769091598.8795428,SENT,7ec3d628-a766-404d-8a2e-bbcd861b9773,5ba613e4-ef9e-42e3-bf6c-fdf119a2ed0c,c3,c4,1455,?,i4,
1769091598.879586,FORWARDED,7ec3d628-a766-404d-8a2e-bbcd861b9773,5ba613e4-ef9e-42e3-bf6c-fdf119a2ed0c,c3,c4,1455,?,i4,
1769091598.9246905,RECEIVED,c5c90790-0af6-4477-b22f-bc6ab401c78f,d56e4371-ae3c-410b-a158-fe7702f40e68,c4,c1,2042,p1,?,
1769091598.983214,SENT,c5c90790-0af6-4477-b22f-bc6ab401c78f,d56e4371-ae3c-410b-a158-fe7702f40e68,c4,c1,1457,?,i11,
1769091598.983253,FORWARDED,c5c90790-0af6-4477-b22f-bc6ab401c78f,d56e4371-ae3c-410b-a158-fe7702f40e68,c4,c1,1457,?,i11,
1769091599.047127,RECEIVED,948b2818-e936-45ae-b6d1-9f670c164490,528a473d-b276-4ec9-b551-f03610c89337,c4,c1,2023,p1,?,
1769091599.051944,RECEIVED,9b6a9146-c2f1-4759-bd25-c227be31f257,bda38f06-62d4-4397-9089-4c94f7907724,c3,c4,2026,p3,?,
1769091599.0704703,RECEIVED,5e5b5684-4f46-4ede-8434-44a15862e9b8,34a57a72-985d-4c3e-aea2-9c978b815fe1,c5,DROP,1439,p2,?,
1769091599.1930203,RECEIVED,946efeeb-4cc3-44d6-a3a7-db591e7aba4b,ffea759c-ba56-46b0-9926-ab17a2214e99,c2,c1,2048,p2,?,
1769091599.2064447,RECEIVED,dff21b13-b213-4141-b6d3-27e61f8cfdae,e4b8fc9d-3d3b-4c87-8f42-7dbd3b362f79,c3,DROP,441,x1,?,
1769091599.2872827,SENT,946efeeb-4cc3-44d6-a3a7-db591e7aba4b,ffea759c-ba56-46b0-9926-ab17a2214e99,c2,c1,1463,?,i4,
1769091599.2873268,FORWARDED,946efeeb-4cc3-44d6-a3a7-db591e7aba4b,ffea759c-ba56-46b0-9926-ab17a2214e99,c2,c1,1463,?,i4,
1769091599.372267,SENT,5e5b5684-4f46-4ede-8434-44a15862e9b8,34a57a72-985d-4c3e-aea2-9c978b815fe1,c5,DROP,1007,?,i5,
1769091599.3723109,FORWARDED,5e5b5684-4f46-4ede-8434-44a15862e9b8,34a57a72-985d-4c3e-aea2-9c978b815fe1,c5,DROP,1007,?,i5,
1769091599.3817136,RECEIVED,a601b204-da8a-4802-8d11-5668af3c5462,0865addb-eb83-44a6-a996-dce322458487,c1,DROP,445,x11,?,
1769091599.3847902,SENT,f64c40b6-fd33-4a3a-87cf-4dd0de6bc055,09dfef7f-b554-428e-a6cf-e4847048a3de,c1,c5,1452,?,i2,
1769091599.3849132,FORWARDED,f64c40b6-fd33-4a3a-87cf-4dd0de6bc055,09dfef7f-b554-428e-a6cf-e4847048a3de,c1,c5,1452,?,i2,
1769091599.5273645,RECEIVED,a3e3e8b9-abd0-43ae-aa59-8cfe123a3bca,6e754869-92c2-4be6-8fa3-1533283b2b8e,c4,c1,2036,p1,?,
1769091599.6065514,SENT,a3e3e8b9-abd0-43ae-aa59-8cfe123a3bca,6e754869-92c2-4be6-8fa3-1533283b2b8e,c4,c1,1455,?,i3,
1769091599.6065934,FORWARDED,a3e3e8b9-abd0-43ae-aa59-8cfe123a3bca,6e754869-92c2-4be6-8fa3-1533283b2b8e,c4,c1,1455,?,i3,
1769091599.743353,SENT,948b2818-e936-45ae-b6d1-9f670c164490,528a473d-b276-4ec9-b551-f03610c89337,c4,c1,1444,?,i9,
1769091599.7433958,FORWARDED,948b2818-e936-45ae-b6d1-9f670c164490,528a473d-b276-4ec9-b551-f03610c89337,c4,c1,1444,?,i9,
1769091599.9512374,SENT,2809612f-850e-481f-8737-2c71aca6f259,ada3142e-7dc2-4fc0-b1e6-7c56f4da60c3,c3,c4,1447,?,i3,
1769091599.9512823,FORWARDED,2809612f-850e-481f-8737-2c71aca6f259,ada3142e-7dc2-4fc0-b1e6-7c56f4da60c3,c3,c4,1447,?,i3,
1769091599.969795,RECEIVED,011a3a45-0e10-429b-b028-230c56cd458b,90e9d836-c23c-475e-91a9-9e64c84e8994,c2,c1,2040,p2,?,
1769091600.053719,SENT,011a3a45-0e10-429b-b028-230c56cd458b,90e9d836-c23c-475e-91a9-9e64c84e8994,c2,c1,1456,?,i5,
1769091600.0537546,FORWARDED,011a3a45-0e10-429b-b028-230c56cd458b,90e9d836-c23c-475e-91a9-9e64c84e8994,c2,c1,1456,?,i5,
1769091600.0692391,RECEIVED,7d05931a-caf1-49de-8383-8e0edbde2bc5,dc76e80a-5c7e-4d31-a8f9-c9496fc2530e,c5,c4,2035,p2,?,
1769091600.1176033,RECEIVED,a55c6c4d-8b43-479b-80ff-338dadff3f43,e85103b2-21b8-48eb-a13e-a0ceb4cb1a8c,c5,c4,2035,p2,?,
1769091600.131104,RECEIVED,64fdaf83-9fa7-47ae-92d7-e2fc254ea95e,d6250bb7-10f7-4098-836e-f52437dd931a,c5,DROP,1438,p2,?,
1769091600.134651,RECEIVED,1fcaa6e1-414a-49c3-801c-98536b5a1b11,f4d59af3-e1b0-49f2-a950-1c84a38e171e,c1,DROP,445,x12,?,
1769091600.1927798,RECEIVED,5d446e94-856c-4db1-a77d-9796a9ed5bd5,e457aa22-8368-4298-bd5f-d16d18756883,c3,c4,2043,p3,?,
1769091600.2390163,RECEIVED,4dfa084b-5d36-41b7-8bd4-6c5af2ef6b93,b7e09a16-6472-44f9-aa33-632f3760bbc3,c5,c4,2023,p2,?,
1769091600.2731326,RECEIVED,6aaf8226-dbce-4e81-bb34-3e27bd707209,b06f0680-c29b-4278-bb61-062e1de63611,c4,c1,2035,p1,?,
1769091600.5378666,SENT,9b6a9146-c2f1-4759-bd25-c227be31f257,bda38f06-62d4-4397-9089-4c94f7907724,c3,c4,1448,?,i8,
1769091600.5379076,FORWARDED,9b6a9146-c2f1-4759-bd25-c227be31f257,bda38f06-62d4-4397-9089-4c94f7907724,c3,c4,1448,?,i8,
1769091600.5731688,RECEIVED,e6210f65-acf3-44bc-b4e8-5ff422571aa4,9a5f2cb0-1124-4de8-b973-c437aac934ac,c5,c4,2035,p2,?,
1769091600.5828362,SENT,7d05931a-caf1-49de-8383-8e0edbde2bc5,dc76e80a-5c7e-4d31-a8f9-c9496fc2530e,c5,c4,1454,?,i5,
1769091600.5828764,FORWARDED,7d05931a-caf1-49de-8383-8e0edbde2bc5,dc76e80a-5c7e-4d31-a8f9-c9496fc2530e,c5,c4,1454,?,i5,
1769091600.66414,RECEIVED,f61997df-3b9a-4738-bb42-ad5da841690d,a1ae70f0-3ad7-40fc-8c65-f57029d6a136,c2,DROP,1451,p2,?,
1769091600.6901875,RECEIVED,499d3e73-ae7c-4eb0-a443-a7fc718b957e,3ffabbf1-f57f-4849-8ab8-127e4808c5d6,c3,c4,2036,p3,?,
1769091600.7057297,RECEIVED,ffc3b172-aa99-41ab-8fee-4e46339f1c88,4529d5e8-8d86-4cab-a31f-1661f3bfe4e1,c5,c4,2036,p2,?,
1769091600.871812,SENT,499d3e73-ae7c-4eb0-a443-a7fc718b957e,3ffabbf1-f57f-4849-8ab8-127e4808c5d6,c3,c4,1455,?,i5,
1769091600.8718543,FORWARDED,499d3e73-ae7c-4eb0-a443-a7fc718b957e,3ffabbf1-f57f-4849-8ab8-127e4808c5d6,c3,c4,1455,?,i5,
1769091600.8785224,SENT,6aaf8226-dbce-4e81-bb34-3e27bd707209,b06f0680-c29b-4278-bb61-062e1de63611,c4,c1,1455,?,i9,
1769091600.878564,FORWARDED,6aaf8226-dbce-4e81-bb34-3e27bd707209,b06f0680-c29b-4278-bb61-062e1de63611,c4,c1,1455,?,i9,
1769091600.8999481,RECEIVED,97b902b4-901c-4f49-9288-321900599561,6276106b-f01f-4ea3-8c1b-cf2cd89ec172,c2,c1,2055,p2,?,
1769091601.0578759,RECEIVED,1d5c3d6e-5996-4965-833e-a4ac9ab169f9,00edf08d-3182-4b09-9dfe-b0fae4e0e8b0,c2,c1,2039,p2,?,
1769091601.1165547,SENT,4dfa084b-5d36-41b7-8bd4-6c5af2ef6b93,b7e09a16-6472-44f9-aa33-632f3760bbc3,c5,c4,1445,?,i5,
1769091601.1165974,FORWARDED,4dfa084b-5d36-41b7-8bd4-6c5af2ef6b93,b7e09a16-6472-44f9-aa33-632f3760bbc3,c5,c4,1445,?,i5,
1769091601.2063503,RECEIVED,4ffdf452-4917-4a4e-9347-d4d058149a5d,2679a156-155d-46a8-9797-760b5ba49be3,c1,c5,2044,p1,?,
1769091601.3432102,RECEIVED,d326b8b4-bfb0-4e0c-9ae4-14b782ba3128,0b5ed5ee-b2e3-4a58-ab46-acd156e48df0,c2,c1,2040,p2,?,
1769091601.4568229,SENT,64fdaf83-9fa7-47ae-92d7-e2fc254ea95e,d6250bb7-10f7-4098-836e-f52437dd931a,c5,DROP,1007,?,i8,
1769091601.456865,FORWARDED,64fdaf83-9fa7-47ae-92d7-e2fc254ea95e,d6250bb7-10f7-4098-836e-f52437dd931a,c5,DROP,1007,?,i8,
1769091601.5181508,SENT,4ffdf452-4917-4a4e-9347-d4d058149a5d,2679a156-155d-46a8-9797-760b5ba49be3,c1,c5,1460,?,i12,
1769091601.518199,FORWARDED,4ffdf452-4917-4a4e-9347-d4d058149a5d,2679a156-155d-46a8-9797-760b5ba49be3,c1,c5,1460,?,i12,
1769091601.5699487,SENT,e6210f65-acf3-44bc-b4e8-5ff422571aa4,9a5f2cb0-1124-4de8-b973-c437aac934ac,c5,c4,1455,?,i7,
1769091601.569991,FORWARDED,e6210f65-acf3-44bc-b4e8-5ff422571aa4,9a5f2cb0-1124-4de8-b973-c437aac934ac,c5,c4,1455,?,i7,
1769091601.675126,SENT,f61997df-3b9a-4738-bb42-ad5da841690d,a1ae70f0-3ad7-40fc-8c65-f57029d6a136,c2,DROP,1016,?,i1,
1769091601.6751852,FORWARDED,f61997df-3b9a-4738-bb42-ad5da841690d,a1ae70f0-3ad7-40fc-8c65-f57029d6a136,c2,DROP,1016,?,i1,
1769091601.7024617,SENT,5d446e94-856c-4db1-a77d-9796a9ed5bd5,e457aa22-8368-4298-bd5f-d16d18756883,c3,c4,1459,?,i3,
1769091601.7025044,FORWARDED,5d446e94-856c-4db1-a77d-9796a9ed5bd5,e457aa22-8368-4298-bd5f-d16d18756883,c3,c4,1459,?,i3,
1769091601.7215145,SENT,ffc3b172-aa99-41ab-8fee-4e46339f1c88,4529d5e8-8d86-4cab-a31f-1661f3bfe4e1,c5,c4,1455,?,i11,
1769091601.7215548,FORWARDED,ffc3b172-aa99-41ab-8fee-4e46339f1c88,4529d5e8-8d86-4cab-a31f-1661f3bfe4e1,c5,c4,1455,?,i11,
1769091601.747891,SENT,d326b8b4-bfb0-4e0c-9ae4-14b782ba3128,0b5ed5ee-b2e3-4a58-ab46-acd156e48df0,c2,c1,1456,?,i3,
1769091601.7479255,FORWARDED,d326b8b4-bfb0-4e0c-9ae4-14b782ba3128,0b5ed5ee-b2e3-4a58-ab46-acd156e48df0,c2,c1,1456,?,i3,
1769091601.8090599,RECEIVED,60eb9472-25df-490f-8eaa-80c974f60c40,c144fb4b-e5ec-4818-898e-1affb3ef1c96,c5,DROP,1456,p2,?,
1769091601.8308997,SENT,a55c6c4d-8b43-479b-80ff-338dadff3f43,e85103b2-21b8-48eb-a13e-a0ceb4cb1a8c,c5,c4,1455,?,i7,
1769091601.8309395,FORWARDED,a55c6c4d-8b43-479b-80ff-338dadff3f43,e85103b2-21b8-48eb-a13e-a0ceb4cb1a8c,c5,c4,1455,?,i7,
1769091602.056853,SENT,60eb9472-25df-490f-8eaa-80c974f60c40,c144fb4b-e5ec-4818-898e-1affb3ef1c96,c5,DROP,1020,?,i7,
1769091602.0568945,FORWARDED,60eb9472-25df-490f-8eaa-80c974f60c40,c144fb4b-e5ec-4818-898e-1affb3ef1c96,c5,DROP,1020,?,i7,
1769091602.1072884,SENT,97b902b4-901c-4f49-9288-321900599561,6276106b-f01f-4ea3-8c1b-cf2cd89ec172,c2,c1,1469,?,i5,
1769091602.1073298,FORWARDED,97b902b4-901c-4f49-9288-321900599561,6276106b-f01f-4ea3-8c1b-cf2cd89ec172,c2,c1,1469,?,i5,
1769091602.1224205,RECEIVED,c6bac5ae-9149-47d3-992c-8e4d4556a66a,c9f28092-af06-4e95-8d4b-0ab69013eb0a,c5,c4,2053,p2,?,
1769091602.1370165,RECEIVED,341bcced-25b5-43b4-b669-4e953af8a0f3,b70cf905-361d-4815-9bf2-68db1da4d6e1,c3,c4,2036,p3,?,
1769091602.2146335,SENT,c6bac5ae-9149-47d3-992c-8e4d4556a66a,c9f28092-af06-4e95-8d4b-0ab69013eb0a,c5,c4,1467,?,i11,
1769091602.2146754,FORWARDED,c6bac5ae-9149-47d3-992c-8e4d4556a66a,c9f28092-af06-4e95-8d4b-0ab69013eb0a,c5,c4,1467,?,i11,
1769091602.2315702,RECEIVED,32f82304-bb1a-469d-98f9-90b26fb99724,82eb820d-c620-4c37-bf29-53b492e53a9e,c5,DROP,1444,p2,?,
1769091602.3948047,SENT,32f82304-bb1a-469d-98f9-90b26fb99724,82eb820d-c620-4c37-bf29-53b492e53a9e,c5,DROP,1011,?,i5,
1769091602.394854,FORWARDED,32f82304-bb1a-469d-98f9-90b26fb99724,82eb820d-c620-4c37-bf29-53b492e53a9e,c5,DROP,1011,?,i5,
1769091602.4253552,SENT,341bcced-25b5-43b4-b669-4e953af8a0f3,b70cf905-361d-4815-9bf2-68db1da4d6e1,c3,c4,1455,?,i1,
1769091602.4253962,FORWARDED,341bcced-25b5-43b4-b669-4e953af8a0f3,b70cf905-361d-4815-9bf2-68db1da4d6e1,c3,c4,1455,?,i1,
1769091602.598792,RECEIVED,a65c2d0c-503a-4f9b-9177-e176b32bd787,208d9e9e-23c3-4027-9a96-44105420270f,c2,c1,2019,p2,?,
1769091602.7510614,FORWARDED,1d5c3d6e-5996-4965-833e-a4ac9ab169f9,00edf08d-3182-4b09-9dfe-b0fae4e0e8b0,c2,c1,1457,?,i6,
1769091602.905232,RECEIVED,861f1f55-9fa7-4dce-8f1c-c0498718283b,2f6e124d-7886-47ff-9818-0f1a3ac84c19,c2,DROP,1439,p2,?,
1769091602.965108,RECEIVED,3deeef56-ef85-4bf0-8a1c-9ce36aeeade2,daa413e7-3580-4222-aba7-398d72e73c05,c1,DROP,1440,p1,?,
1769091602.9931376,FORWARDED,a65c2d0c-503a-4f9b-9177-e176b32bd787,208d9e9e-23c3-4027-9a96-44105420270f,c2,c1,1443,?,i6,
1769091603.043744,SENT,3deeef56-ef85-4bf0-8a1c-9ce36aeeade2,daa413e7-3580-4222-aba7-398d72e73c05,c1,DROP,1008,?,i3,
1769091603.0437849,FORWARDED,3deeef56-ef85-4bf0-8a1c-9ce36aeeade2,daa413e7-3580-4222-aba7-398d72e73c05,c1,DROP,1008,?,i3,
1769091603.2405026,RECEIVED,7edb7694-aed6-497c-928b-edef6f67b4ea,b86eafaf-46a1-4e3c-b213-28e81a286305,c1,c5,2037,p1,?,
1769091603.3319678,RECEIVED,730d3e06-8d21-4d71-9725-5957f3436d05,0dc6cd02-3da9-4f23-b0ad-65462f3161c1,c4,c1,2036,p1,?,
1769091603.355682,SENT,7edb7694-aed6-497c-928b-edef6f67b4ea,b86eafaf-46a1-4e3c-b213-28e81a286305,c1,c5,1455,?,i10,
1769091603.3557248,FORWARDED,7edb7694-aed6-497c-928b-edef6f67b4ea,b86eafaf-46a1-4e3c-b213-28e81a286305,c1,c5,1455,?,i10,
1769091603.3894095,RECEIVED,01087433-ed0e-417e-b9ba-621584aa7be8,8f473a4f-fe7d-4c2b-996f-d5d6d1936c55,c4,c1,2044,p1,?,
1769091603.4515054,FORWARDED,861f1f55-9fa7-4dce-8f1c-c0498718283b,2f6e124d-7886-47ff-9818-0f1a3ac84c19,c2,DROP,1007,?,i6,
1769091603.5699325,RECEIVED,86d849f2-1537-4aeb-b2d1-fda032dd4011,b1f17f32-8b4f-4867-9d4e-a24b35a2bb87,c4,c1,2034,p1,?,
1769091603.6075706,RECEIVED,82e848bb-9ca8-42ed-a438-1221e50d504a,c8c86d3a-6e85-4f28-9787-c80158561783,c2,DROP,1448,p2,?,
1769091603.633962,SENT,730d3e06-8d21-4d71-9725-5957f3436d05,0dc6cd02-3da9-4f23-b0ad-65462f3161c1,c4,c1,1455,?,i4,
1769091603.6339958,FORWARDED,730d3e06-8d21-4d71-9725-5957f3436d05,0dc6cd02-3da9-4f23-b0ad-65462f3161c1,c4,c1,1455,?,i4,
1769091603.683611,RECEIVED,6640e0ad-e16e-4880-88af-6ac014c451b1,599d77d0-2604-488e-906a-a06f667121c8,c4,DROP,1457,p1,?,
1769091603.777635,SENT,01087433-ed0e-417e-b9ba-621584aa7be8,8f473a4f-fe7d-4c2b-996f-d5d6d1936c55,c4,c1,1460,?,i1,
1769091603.7776775,FORWARDED,01087433-ed0e-417e-b9ba-621584aa7be8,8f473a4f-fe7d-4c2b-996f-d5d6d1936c55,c4,c1,1460,?,i1,
1769091603.930267,SENT,6640e0ad-e16e-4880-88af-6ac014c451b1,599d77d0-2604-488e-906a-a06f667121c8,c4,DROP,1019,?,i12,
1769091603.9303107,FORWARDED,6640e0ad-e16e-4880-88af-6ac014c451b1,599d77d0-2604-488e-906a-a06f667121c8,c4,DROP,1019,?,i12,
1769091604.0479004,SENT,86d849f2-1537-4aeb-b2d1-fda032dd4011,b1f17f32-8b4f-4867-9d4e-a24b35a2bb87,c4,c1,1453,?,i1,
1769091604.0479462,FORWARDED,86d849f2-1537-4aeb-b2d1-fda032dd4011,b1f17f32-8b4f-4867-9d4e-a24b35a2bb87,c4,c1,1453,?,i1,
1769091604.0795345,SENT,82e848bb-9ca8-42ed-a438-1221e50d504a,c8c86d3a-6e85-4f28-9787-c80158561783,c2,DROP,1013,?,i7,
1769091604.0795746,FORWARDED,82e848bb-9ca8-42ed-a438-1221e50d504a,c8c86d3a-6e85-4f28-9787-c80158561783,c2,DROP,1013,?,i7,
1769091604.1880982,RECEIVED,57d98cfd-1a3d-47b5-bb1f-925b6a4b62e8,354c735f-4a6a-4b21-852f-b9b826861e3e,c1,c5,2036,p1,?,
1769091604.5867553,RECEIVED,cf2216b1-2f5b-4358-9d6e-2da491582479,3de44ed7-702e-405e-af40-13f27b0bd605,c2,DROP,1439,p2,?,
1769091604.7984154,RECEIVED,bb6bb13c-9986-4219-bdfe-fb72715cf628,31ef2977-cabf-4ed8-94ea-64bfc33ffd52,c3,c4,2041,p3,?,
1769091604.8951964,RECEIVED,cc5e4616-3234-474e-b94b-bcc179fc032b,06c7105c-08fe-40bd-a5e4-cdc6cea048d1,c2,c1,2035,p2,?,
1769091604.9169338,SENT,bb6bb13c-9986-4219-bdfe-fb72715cf628,31ef2977-cabf-4ed8-94ea-64bfc33ffd52,c3,c4,1457,?,i12,
1769091604.9170437,FORWARDED,bb6bb13c-9986-4219-bdfe-fb72715cf628,31ef2977-cabf-4ed8-94ea-64bfc33ffd52,c3,c4,1457,?,i12,
1769091605.2000785,SENT,57d98cfd-1a3d-47b5-bb1f-925b6a4b62e8,354c735f-4a6a-4b21-852f-b9b826861e3e,c1,c5,1455,?,i12,
1769091605.2001214,FORWARDED,57d98cfd-1a3d-47b5-bb1f-925b6a4b62e8,354c735f-4a6a-4b21-852f-b9b826861e3e,c1,c5,1455,?,i12,
1769091605.3929796,SENT,cf2216b1-2f5b-4358-9d6e-2da491582479,3de44ed7-702e-405e-af40-13f27b0bd605,c2,DROP,1007,?,i8,
1769091605.393017,FORWARDED,cf2216b1-2f5b-4358-9d6e-2da491582479,3de44ed7-702e-405e-af40-13f27b0bd605,c2,DROP,1007,?,i8,
1769091605.4353442,RECEIVED,c55eb693-1b6e-400a-a7f8-721012bd86c0,fbda26dd-f7f3-4d21-a3da-1b41fd81d6cd,c5,c4,2046,p2,?,
1769091605.4968524,SENT,c55eb693-1b6e-400a-a7f8-721012bd86c0,fbda26dd-f7f3-4d21-a3da-1b41fd81d6cd,c5,c4,1461,?,i9,
1769091605.4968936,FORWARDED,c55eb693-1b6e-400a-a7f8-721012bd86c0,fbda26dd-f7f3-4d21-a3da-1b41fd81d6cd,c5,c4,1461,?,i9,
1769091605.5739744,SENT,cc5e4616-3234-474e-b94b-bcc179fc032b,06c7105c-08fe-40bd-a5e4-cdc6cea048d1,c2,c1,1455,?,i1,
1769091605.5740254,FORWARDED,cc5e4616-3234-474e-b94b-bcc179fc032b,06c7105c-08fe-40bd-a5e4-cdc6cea048d1,c2,c1,1455,?,i1,
1769091605.5882897,RECEIVED,8c635711-6232-469a-bf52-8970edcd4fe4,6c2fc6fd-b5d6-4eb4-bab2-78a531aa7e7e,c2,DROP,441,x8,?,
1769091605.7090437,RECEIVED,2b967ded-2c73-409f-a3ef-ace04974b05f,d26a5a81-7aed-4e62-a725-345ec5a0f671,c3,c4,2032,p3,?,
1769091605.9808724,RECEIVED,878e198a-5a0e-4ca0-95a0-3dfa564ce154,6d02f5cf-3344-4d29-b531-b7ca4749b5d1,c1,c5,2031,p1,?,
1769091606.1594512,FORWARDED,2b967ded-2c73-409f-a3ef-ace04974b05f,d26a5a81-7aed-4e62-a725-345ec5a0f671,c3,c4,1452,?,i6,
1769091606.1730344,RECEIVED,8bf8eb61-d512-462b-bfea-550521ccdad0,7ee30ae1-9ff5-463a-a658-6a7abc0c793f,c3,c4,2040,p3,?,
1769091606.2646394,SENT,8bf8eb61-d512-462b-bfea-550521ccdad0,7ee30ae1-9ff5-463a-a658-6a7abc0c793f,c3,c4,1456,?,i9,
1769091606.264825,FORWARDED,8bf8eb61-d512-462b-bfea-550521ccdad0,7ee30ae1-9ff5-463a-a658-6a7abc0c793f,c3,c4,1456,?,i9,
1769091606.519139,RECEIVED,ba159c42-75fd-4dc1-9635-f917bd9e786f,b09fc05b-4b4d-4ea6-b301-bf28510ab81e,c3,c4,2043,p3,?,
1769091606.5193841,RECEIVED,47daaaf6-9858-4f53-b8bf-022ffaaa5c8b,770a7bdb-d3a1-4c01-b4e9-e78d9df9980d,c2,DROP,1446,p2,?,
1769091606.5678377,RECEIVED,ba6f6563-34f9-4084-8b3b-68f74fcddfd8,4dddd746-7e33-4402-a7d2-3f424063e57e,c4,c1,2033,p1,?,
1769091606.6679711,SENT,ba6f6563-34f9-4084-8b3b-68f74fcddfd8,4dddd746-7e33-4402-a7d2-3f424063e57e,c4,c1,1452,?,i9,
1769091606.6680129,FORWARDED,ba6f6563-34f9-4084-8b3b-68f74fcddfd8,4dddd746-7e33-4402-a7d2-3f424063e57e,c4,c1,1452,?,i9,
1769091606.6925356,RECEIVED,35ed2a5e-1647-4163-b30e-086dbdcefe88,a4945860-c38a-4e64-8059-13b72d31644d,c4,c1,2043,p1,?,
1769091606.8186774,RECEIVED,5103e717-7a92-437b-ae77-dbec7644d0d4,5bbf270a-4340-4b5d-bb4d-590f536bbc71,c4,c1,2035,p1,?,
1769091606.8214822,RECEIVED,f1a5ee74-8801-456b-9372-0dd070eb3e0e,9bf59db8-45ff-464e-96ad-82e85017bc61,c3,c4,2019,p3,?,
1769091606.8517833,SENT,47daaaf6-9858-4f53-b8bf-022ffaaa5c8b,770a7bdb-d3a1-4c01-b4e9-e78d9df9980d,c2,DROP,1012,?,i5,
1769091606.8518236,FORWARDED,47daaaf6-9858-4f53-b8bf-022ffaaa5c8b,770a7bdb-d3a1-4c01-b4e9-e78d9df9980d,c2,DROP,1012,?,i5,
1769091607.2221751,SENT,35ed2a5e-1647-4163-b30e-086dbdcefe88,a4945860-c38a-4e64-8059-13b72d31644d,c4,c1,1459,?,i3,
1769091607.2222147,FORWARDED,35ed2a5e-1647-4163-b30e-086dbdcefe88,a4945860-c38a-4e64-8059-13b72d31644d,c4,c1,1459,?,i3,
1769091607.3074307,RECEIVED,3a3906cf-ecc6-4d84-91de-f86cd185dce4,32fc4b2d-86ee-4e84-96b8-b75aa484be22,c1,c5,2043,p1,?,
1769091607.3191931,SENT,ba159c42-75fd-4dc1-9635-f917bd9e786f,b09fc05b-4b4d-4ea6-b301-bf28510ab81e,c3,c4,1460,?,i2,
1769091607.319234,FORWARDED,ba159c42-75fd-4dc1-9635-f917bd9e786f,b09fc05b-4b4d-4ea6-b301-bf28510ab81e,c3,c4,1460,?,i2,
1769091607.3707848,RECEIVED,ee3e88d2-a894-4548-8565-7ad9ac035ce4,3286dcb8-020b-4e94-b323-2efde7230b43,c4,DROP,441,x8,?,
1769091607.4213283,RECEIVED,f13e3d6e-4d5f-4c48-b5a0-66da9a82b249,f7c68837-1833-4eb7-b48e-729fc6127056,c4,c1,2044,p1,?,
1769091607.4445858,FORWARDED,f1a5ee74-8801-456b-9372-0dd070eb3e0e,9bf59db8-45ff-464e-96ad-82e85017bc61,c3,c4,1443,?,i6,
1769091607.4789722,RECEIVED,4f9957e9-d44c-4c6f-afc1-57176f236056,18332f0d-c76f-4b8e-a627-650e3914b7c0,c4,c1,2028,p1,?,
1769091607.58981,RECEIVED,7b31a566-ae9c-4818-986c-8c1019633661,284b14ce-aaf0-41c3-94c0-4ba9a5991823,c3,c4,2052,p3,?,
1769091607.6419833,RECEIVED,6813062b-3adf-4d0e-8156-8a734669aae2,16829596-e9c0-4f59-9a47-57b3b3b86e1d,c5,c4,2037,p2,?,
1769091607.6559234,FORWARDED,4f9957e9-d44c-4c6f-afc1-57176f236056,18332f0d-c76f-4b8e-a627-650e3914b7c0,c4,c1,1448,?,i6,
1769091607.6761236,SENT,f13e3d6e-4d5f-4c48-b5a0-66da9a82b249,f7c68837-1833-4eb7-b48e-729fc6127056,c4,c1,1460,?,i4,
1769091607.6761696,FORWARDED,f13e3d6e-4d5f-4c48-b5a0-66da9a82b249,f7c68837-1833-4eb7-b48e-729fc6127056,c4,c1,1460,?,i4,
1769091607.6986883,SENT,6813062b-3adf-4d0e-8156-8a734669aae2,16829596-e9c0-4f59-9a47-57b3b3b86e1d,c5,c4,1455,?,i2,
1769091607.6987305,FORWARDED,6813062b-3adf-4d0e-8156-8a734669aae2,16829596-e9c0-4f59-9a47-57b3b3b86e1d,c5,c4,1455,?,i2,
1769091607.7047157,RECEIVED,35977a19-c883-4291-9c48-00b5cd0f39db,254c7687-c3cb-4dcb-a5c8-42a27d093245,c3,DROP,1452,p3,?,
1769091607.8158243,FORWARDED,35977a19-c883-4291-9c48-00b5cd0f39db,254c7687-c3cb-4dcb-a5c8-42a27d093245,c3,DROP,1016,?,i6,
1769091607.8832223,SENT,3a3906cf-ecc6-4d84-91de-f86cd185dce4,32fc4b2d-86ee-4e84-96b8-b75aa484be22,c1,c5,1459,?,i1,
1769091607.8832607,FORWARDED,3a3906cf-ecc6-4d84-91de-f86cd185dce4,32fc4b2d-86ee-4e84-96b8-b75aa484be22,c1,c5,1459,?,i1,
1769091607.899076,RECEIVED,7cffa41e-c161-498a-af72-5dd438bcfdc1,71bc6085-e68f-4450-8015-6a2a98c09020,c3,c4,2031,p3,?,
1769091607.9072335,RECEIVED,4e105b24-b9c7-42dd-9636-a56198e5e161,36ccf6e9-97e5-4ac0-b86e-b9c205455c68,c3,DROP,1439,p3,?,
1769091607.9836633,SENT,7b31a566-ae9c-4818-986c-8c1019633661,284b14ce-aaf0-41c3-94c0-4ba9a5991823,c3,c4,1467,?,i5,
1769091607.9837148,FORWARDED,7b31a566-ae9c-4818-986c-8c1019633661,284b14ce-aaf0-41c3-94c0-4ba9a5991823,c3,c4,1467,?,i5,
1769091608.0237598,RECEIVED,7f640355-b24b-4d0f-b138-40b4eb452390,2ad93110-ec7f-4eea-bb3d-0793f74953c4,c4,DROP,1440,p1,?,
1769091608.040565,SENT,5103e717-7a92-437b-ae77-dbec7644d0d4,5bbf270a-4340-4b5d-bb4d-590f536bbc71,c4,c1,1455,?,i10,
1769091608.0407004,FORWARDED,5103e717-7a92-437b-ae77-dbec7644d0d4,5bbf270a-4340-4b5d-bb4d-590f536bbc71,c4,c1,1455,?,i10,
1769091608.3140845,RECEIVED,045e9845-0cca-47d3-b713-1487198f149e,5dea5b82-b241-42c3-9103-a0228713eb0a,c1,c5,2044,p1,?,
1769091608.3243,RECEIVED,380745b9-47e0-4d51-b56d-969143a09e2b,7099b59a-1b24-4fcf-8dea-ba49f30dfb45,c1,DROP,446,x10,?,
1769091608.3360004,SENT,4e105b24-b9c7-42dd-9636-a56198e5e161,36ccf6e9-97e5-4ac0-b86e-b9c205455c68,c3,DROP,1008,?,i3,
1769091608.3360426,FORWARDED,4e105b24-b9c7-42dd-9636-a56198e5e161,36ccf6e9-97e5-4ac0-b86e-b9c205455c68,c3,DROP,1008,?,i3,
1769091608.466386,SENT,7f640355-b24b-4d0f-b138-40b4eb452390,2ad93110-ec7f-4eea-bb3d-0793f74953c4,c4,DROP,1007,?,i1,
1769091608.4664276,FORWARDED,7f640355-b24b-4d0f-b138-40b4eb452390,2ad93110-ec7f-4eea-bb3d-0793f74953c4,c4,DROP,1007,?,i1,
1769091608.6122248,RECEIVED,5ac04686-1e31-480e-9496-6373abb00ce6,b196b4fe-d414-484c-b2b3-e88e2bc1ca6a,c4,c1,2043,p1,?,
1769091608.6363795,RECEIVED,c310d894-f14d-43a3-bf29-0e472c4ba6a4,0a7791a7-8d09-4ba5-84dc-7e68658e6278,c5,c4,2030,p2,?,
1769091608.6395497,RECEIVED,0fafd95b-0d2a-42f0-b35b-8a460dd8170b,c8317052-6686-42a1-9821-e3e2f0a167e5,c3,DROP,1460,p3,?,
1769091608.784596,SENT,7cffa41e-c161-498a-af72-5dd438bcfdc1,71bc6085-e68f-4450-8015-6a2a98c09020,c3,c4,1451,?,i5,
1769091608.7846365,FORWARDED,7cffa41e-c161-498a-af72-5dd438bcfdc1,71bc6085-e68f-4450-8015-6a2a98c09020,c3,c4,1451,?,i5,
1769091608.8179898,SENT,878e198a-5a0e-4ca0-95a0-3dfa564ce154,6d02f5cf-3344-4d29-b531-b7ca4749b5d1,c1,c5,1452,?,i3,
1769091608.8180325,FORWARDED,878e198a-5a0e-4ca0-95a0-3dfa564ce154,6d02f5cf-3344-4d29-b531-b7ca4749b5d1,c1,c5,1452,?,i3,
1769091608.8289204,SENT,0fafd95b-0d2a-42f0-b35b-8a460dd8170b,c8317052-6686-42a1-9821-e3e2f0a167e5,c3,DROP,1021,?,i7,
1769091608.8289642,FORWARDED,0fafd95b-0d2a-42f0-b35b-8a460dd8170b,c8317052-6686-42a1-9821-e3e2f0a167e5,c3,DROP,1021,?,i7,
1769091608.9774542,SENT,045e9845-0cca-47d3-b713-1487198f149e,5dea5b82-b241-42c3-9103-a0228713eb0a,c1,c5,1459,?,i10,
1769091608.9774942,FORWARDED,045e9845-0cca-47d3-b713-1487198f149e,5dea5b82-b241-42c3-9103-a0228713eb0a,c1,c5,1459,?,i10,
1769091609.002008,RECEIVED,f55e5fab-170c-4d46-8383-ce89b2007144,de6076f4-2ae0-47cc-8696-e828d22b3aaa,c4,c1,2048,p1,?,
1769091609.0799165,SENT,f55e5fab-170c-4d46-8383-ce89b2007144,de6076f4-2ae0-47cc-8696-e828d22b3aaa,c4,c1,1463,?,i5,
1769091609.0799599,FORWARDED,f55e5fab-170c-4d46-8383-ce89b2007144,de6076f4-2ae0-47cc-8696-e828d22b3aaa,c4,c1,1463,?,i5,
1769091609.1070318,RECEIVED,8c40afd0-c631-4b05-8017-0b1816356e88,fe615241-357c-442b-a217-4ac1681099b0,c4,DROP,1456,p1,?,
1769091609.3319397,SENT,8c40afd0-c631-4b05-8017-0b1816356e88,fe615241-357c-442b-a217-4ac1681099b0,c4,DROP,1019,?,i11,
1769091609.3319876,FORWARDED,8c40afd0-c631-4b05-8017-0b1816356e88,fe615241-357c-442b-a217-4ac1681099b0,c4,DROP,1019,?,i11,
1769091609.6327064,SENT,c310d894-f14d-43a3-bf29-0e472c4ba6a4,0a7791a7-8d09-4ba5-84dc-7e68658e6278,c5,c4,1452,?,i5,
1769091609.6327484,FORWARDED,c310d894-f14d-43a3-bf29-0e472c4ba6a4,0a7791a7-8d09-4ba5-84dc-7e68658e6278,c5,c4,1452,?,i5,
1769091609.6409395,RECEIVED,1f3b28bb-80e0-4578-ae34-258c32370181,92304d7a-be1f-4b64-8b4d-e517fcfdad96,c5,DROP,1451,p2,?,
1769091609.7477546,RECEIVED,110f5a81-db56-48ff-8ef5-fec085e64036,394039a0-be65-4a6d-be42-c9fa2dc6e524,c3,c4,2055,p3,?,
1769091609.8339221,SENT,5ac04686-1e31-480e-9496-6373abb00ce6,b196b4fe-d414-484c-b2b3-e88e2bc1ca6a,c4,c1,1459,?,i10,
1769091609.833969,FORWARDED,5ac04686-1e31-480e-9496-6373abb00ce6,b196b4fe-d414-484c-b2b3-e88e2bc1ca6a,c4,c1,1459,?,i10,
1769091609.8437414,RECEIVED,5df8f83c-0a50-439c-9881-440db769b70a,c48bac49-ff60-42d4-b2ad-3b4f1cc5f392,c4,c1,2045,p1,?,
1769091609.9277632,RECEIVED,10c67cb5-9960-4f78-95ce-90fb0195b08f,89615c2f-c308-4e0e-bd48-9c9b0bdd58b8,c5,DROP,1453,p2,?,
1769091609.9385176,RECEIVED,42766ba3-9aa4-4db9-8a8a-61979787471c,879d45b8-1e4a-4f40-ac44-d420146718f1,c5,c4,2036,p2,?,
1769091609.9470448,RECEIVED,f12b69f4-4aa2-4c86-b3c7-9ecc90db5431,9ed14bf1-46aa-43bf-a62f-27fc1455fafb,c3,DROP,446,x3,?,
1769091610.0509984,SENT,5df8f83c-0a50-439c-9881-440db769b70a,c48bac49-ff60-42d4-b2ad-3b4f1cc5f392,c4,c1,1460,?,i10,
1769091610.0510535,FORWARDED,5df8f83c-0a50-439c-9881-440db769b70a,c48bac49-ff60-42d4-b2ad-3b4f1cc5f392,c4,c1,1460,?,i10,
1769091610.2058082,SENT,10c67cb5-9960-4f78-95ce-90fb0195b08f,89615c2f-c308-4e0e-bd48-9c9b0bdd58b8,c5,DROP,1016,?,i11,
1769091610.2058508,FORWARDED,10c67cb5-9960-4f78-95ce-90fb0195b08f,89615c2f-c308-4e0e-bd48-9c9b0bdd58b8,c5,DROP,1016,?,i11,
1769091610.2652435,RECEIVED,527b6913-ab05-4ef4-b728-7759eb97f9dd,9d562796-c8e1-4f3b-ad5b-e018bde531aa,c4,c1,2023,p1,?,
1769091610.2874246,RECEIVED,a29d6fd5-edd1-489f-a6a4-16181035a19a,99cd9758-884b-45b3-af3b-d2577d0719cd,c4,c1,2036,p1,?,
1769091610.322216,RECEIVED,8ffa4025-866a-47b5-8617-900101dd1c23,d0620a11-2356-4f2a-b165-33ca9af91364,c2,c1,2032,p2,?,
1769091610.4042926,RECEIVED,7ad6c395-1451-4d0e-9fb0-668fbf5448ed,25aaaae1-df75-4b6c-ad44-966aea57dcc6,c5,DROP,1444,p2,?,
1769091610.4196658,RECEIVED,17a00f75-6610-493f-b6ef-35056bab5103,dfa46fe2-8437-496d-b3a8-d638229c96da,c2,c1,2040,p2,?,
1769091610.4576683,FORWARDED,110f5a81-db56-48ff-8ef5-fec085e64036,394039a0-be65-4a6d-be42-c9fa2dc6e524,c3,c4,1468,?,i6,
1769091610.46453,SENT,17a00f75-6610-493f-b6ef-35056bab5103,dfa46fe2-8437-496d-b3a8-d638229c96da,c2,c1,1456,?,i4,
1769091610.4645712,FORWARDED,17a00f75-6610-493f-b6ef-35056bab5103,dfa46fe2-8437-496d-b3a8-d638229c96da,c2,c1,1456,?,i4,
1769091610.473904,SENT,a29d6fd5-edd1-489f-a6a4-16181035a19a,99cd9758-884b-45b3-af3b-d2577d0719cd,c4,c1,1455,?,i10,
1769091610.4739463,FORWARDED,a29d6fd5-edd1-489f-a6a4-16181035a19a,99cd9758-884b-45b3-af3b-d2577d0719cd,c4,c1,1455,?,i10,
1769091610.4757729,RECEIVED,63d89899-133f-4109-bca9-d1899db9b975,cd1a7274-74a0-4456-8a9b-0896bca6b72b,c1,c5,2048,p1,?,
1769091610.6034675,SENT,1f3b28bb-80e0-4578-ae34-258c32370181,92304d7a-be1f-4b64-8b4d-e517fcfdad96,c5,DROP,1016,?,i3,
1769091610.603509,FORWARDED,1f3b28bb-80e0-4578-ae34-258c32370181,92304d7a-be1f-4b64-8b4d-e517fcfdad96,c5,DROP,1016,?,i3,
1769091610.6061888,SENT,42766ba3-9aa4-4db9-8a8a-61979787471c,879d45b8-1e4a-4f40-ac44-d420146718f1,c5,c4,1455,?,i10,
1769091610.6062303,FORWARDED,42766ba3-9aa4-4db9-8a8a-61979787471c,879d45b8-1e4a-4f40-ac44-d420146718f1,c5,c4,1455,?,i10,
1769091610.7334886,RECEIVED,19b84771-7839-4f66-b98a-a8dde4faf29d,2fe88289-d1d8-406e-b86e-791efcd2c234,c4,c1,2035,p1,?,
1769091610.7480726,FORWARDED,8ffa4025-866a-47b5-8617-900101dd1c23,d0620a11-2356-4f2a-b165-33ca9af91364,c2,c1,1451,?,i6,
1769091610.7924757,SENT,7ad6c395-1451-4d0e-9fb0-668fbf5448ed,25aaaae1-df75-4b6c-ad44-966aea57dcc6,c5,DROP,1009,?,i3,
1769091610.792517,FORWARDED,7ad6c395-1451-4d0e-9fb0-668fbf5448ed,25aaaae1-df75-4b6c-ad44-966aea57dcc6,c5,DROP,1009,?,i3,
1769091610.8448343,SENT,527b6913-ab05-4ef4-b728-7759eb97f9dd,9d562796-c8e1-4f3b-ad5b-e018bde531aa,c4,c1,1444,?,i5,
1769091610.844877,FORWARDED,527b6913-ab05-4ef4-b728-7759eb97f9dd,9d562796-c8e1-4f3b-ad5b-e018bde531aa,c4,c1,1444,?,i5,
1769091610.849751,RECEIVED,b0ce42db-b0a2-4cb2-a96d-d536a96c4466,fdac4b8c-daba-42c3-bed9-a4730d8db4a0,c3,c4,2039,p3,?,
1769091610.8753366,SENT,63d89899-133f-4109-bca9-d1899db9b975,cd1a7274-74a0-4456-8a9b-0896bca6b72b,c1,c5,1462,?,i11,
1769091610.8753817,FORWARDED,63d89899-133f-4109-bca9-d1899db9b975,cd1a7274-74a0-4456-8a9b-0896bca6b72b,c1,c5,1462,?,i11,
1769091611.047605,RECEIVED,0f806c3d-c118-44a7-a17e-9a55676db2bc,39951a64-6bc6-46cf-8cbe-1fb542888bd5,c2,c1,2019,p2,?,
1769091611.3038242,FORWARDED,19b84771-7839-4f66-b98a-a8dde4faf29d,2fe88289-d1d8-406e-b86e-791efcd2c234,c4,c1,1455,?,i6,
1769091611.4547129,RECEIVED,6462fffe-ec35-4e9f-a958-c0a8c6935b7b,99d03602-f7c9-45cd-94b9-ca323597a689,c5,c4,2042,p2,?,
1769091611.6185172,SENT,0f806c3d-c118-44a7-a17e-9a55676db2bc,39951a64-6bc6-46cf-8cbe-1fb542888bd5,c2,c1,1443,?,i7,
1769091611.6185653,FORWARDED,0f806c3d-c118-44a7-a17e-9a55676db2bc,39951a64-6bc6-46cf-8cbe-1fb542888bd5,c2,c1,1443,?,i7,
1769091611.7068748,RECEIVED,5174ee65-1102-4135-a12b-d56cb8fdf4e9,b85268dc-10f0-4d0b-b009-c4cd7433331d,c4,DROP,438,x1,?,
1769091611.9427087,RECEIVED,af23b7af-0438-482a-ae66-cb4fbce6a134,8adf7ede-53f5-4480-8193-36fc35b22ab7,c3,c4,2023,p3,?,
1769091612.0281186,RECEIVED,a076f32f-f9c3-4d39-a473-3f40f969c280,4d389e4f-2d15-4d23-9c2d-a7a4c0043ebf,c4,DROP,1460,p1,?,
1769091612.1256566,SENT,a076f32f-f9c3-4d39-a473-3f40f969c280,4d389e4f-2d15-4d23-9c2d-a7a4c0043ebf,c4,DROP,1021,?,i5,
1769091612.125699,FORWARDED,a076f32f-f9c3-4d39-a473-3f40f969c280,4d389e4f-2d15-4d23-9c2d-a7a4c0043ebf,c4,DROP,1021,?,i5,
1769091612.1950772,RECEIVED,729b098d-cd4f-4e88-8516-526af0305e01,1f01cf8b-8141-4892-a544-df00cf800be7,c4,c1,2035,p1,?,
1769091612.1963952,RECEIVED,e7a03909-f868-47fb-889b-968f6ae158a2,3688e869-68ff-4829-ac99-efebd31f49ee,c3,DROP,1452,p3,?,
1769091612.2560806,RECEIVED,85ba91ef-1c5d-4228-aef5-20f2a12f0926,22ceeb76-bd7d-4c5e-a6e7-9c1bed57505c,c4,c1,2021,p1,?,
1769091612.285333,SENT,b0ce42db-b0a2-4cb2-a96d-d536a96c4466,fdac4b8c-daba-42c3-bed9-a4730d8db4a0,c3,c4,1457,?,i8,
1769091612.2853763,FORWARDED,b0ce42db-b0a2-4cb2-a96d-d536a96c4466,fdac4b8c-daba-42c3-bed9-a4730d8db4a0,c3,c4,1457,?,i8,
1769091612.2983692,SENT,85ba91ef-1c5d-4228-aef5-20f2a12f0926,22ceeb76-bd7d-4c5e-a6e7-9c1bed57505c,c4,c1,1443,?,i1,
1769091612.2984164,FORWARDED,85ba91ef-1c5d-4228-aef5-20f2a12f0926,22ceeb76-bd7d-4c5e-a6e7-9c1bed57505c,c4,c1,1443,?,i1,
1769091612.3680038,SENT,af23b7af-0438-482a-ae66-cb4fbce6a134,8adf7ede-53f5-4480-8193-36fc35b22ab7,c3,c4,1444,?,i8,
1769091612.3686857,FORWARDED,af23b7af-0438-482a-ae66-cb4fbce6a134,8adf7ede-53f5-4480-8193-36fc35b22ab7,c3,c4,1444,?,i8,
1769091612.4118235,SENT,e7a03909-f868-47fb-889b-968f6ae158a2,3688e869-68ff-4829-ac99-efebd31f49ee,c3,DROP,1016,?,i7,
1769091612.4118638,FORWARDED,e7a03909-f868-47fb-889b-968f6ae158a2,3688e869-68ff-4829-ac99-efebd31f49ee,c3,DROP,1016,?,i7,
1769091612.5627906,RECEIVED,b8ce39bd-6d85-4865-9b7c-b4c12f7c5b4a,19d1a514-19e4-4bb8-8acc-8ae8098fecad,c5,DROP,1440,p2,?,
1769091612.6381726,RECEIVED,59fd5d52-b452-4abc-8750-58d48db1424d,643fdba2-fc0e-4512-92d4-e25c0d788b62,c2,c1,2043,p2,?,
1769091612.6503146,RECEIVED,3cfb5cba-85c1-4698-bec4-8a37fd0c9d30,23f159f5-d660-471f-a386-105689340f70,c3,c4,2040,p3,?,
1769091612.7292016,RECEIVED,b5da1b1a-620b-4c92-9381-eb02acaea65c,2e4f3506-9e9a-40d4-bd8e-d53f5c5a3ee9,c1,c5,2047,p1,?,
1769091612.7793057,RECEIVED,8ab66d09-c973-4b4f-8f65-ca09423a98c7,486d2ded-20ac-4cb0-928d-1688f9aa614d,c4,c1,2028,p1,?,
1769091612.812285,SENT,3cfb5cba-85c1-4698-bec4-8a37fd0c9d30,23f159f5-d660-471f-a386-105689340f70,c3,c4,1456,?,i3,
1769091612.812326,FORWARDED,3cfb5cba-85c1-4698-bec4-8a37fd0c9d30,23f159f5-d660-471f-a386-105689340f70,c3,c4,1456,?,i3,
1769091612.8439713,SENT,b8ce39bd-6d85-4865-9b7c-b4c12f7c5b4a,19d1a514-19e4-4bb8-8acc-8ae8098fecad,c5,DROP,1008,?,i2,
1769091612.8440082,FORWARDED,b8ce39bd-6d85-4865-9b7c-b4c12f7c5b4a,19d1a514-19e4-4bb8-8acc-8ae8098fecad,c5,DROP,1008,?,i2,
1769091612.8866954,RECEIVED,2139f1e3-9be6-4353-9483-0221a9598cfb,b3656a02-af6d-49f4-a3d8-3b4027a825a3,c4,c1,2042,p1,?,
1769091613.0767264,RECEIVED,9a9e9a81-80f8-4116-9b53-b247e048c5c3,9c1a31b5-6106-4b20-b59c-c6fd3b7c7828,c1,c5,2040,p1,?,
1769091613.1903074,SENT,729b098d-cd4f-4e88-8516-526af0305e01,1f01cf8b-8141-4892-a544-df00cf800be7,c4,c1,1455,?,i2,
1769091613.1903486,FORWARDED,729b098d-cd4f-4e88-8516-526af0305e01,1f01cf8b-8141-4892-a544-df00cf800be7,c4,c1,1455,?,i2,
1769091613.1941643,RECEIVED,ee9c802e-058d-4204-947f-afbb2af5f49a,d2b3adb4-d43b-486f-a7c7-c36afbd263b0,c5,DROP,1460,p2,?,
1769091613.221065,SENT,8ab66d09-c973-4b4f-8f65-ca09423a98c7,486d2ded-20ac-4cb0-928d-1688f9aa614d,c4,c1,1447,?,i8,
1769091613.2211015,FORWARDED,8ab66d09-c973-4b4f-8f65-ca09423a98c7,486d2ded-20ac-4cb0-928d-1688f9aa614d,c4,c1,1447,?,i8,
1769091613.3595383,RECEIVED,9f99a0d6-9250-4dfc-95ec-866cc22a3da6,0b5e00ba-35de-4209-a6f9-ab38d04857a6,c4,c1,2036,p1,?,
1769091613.4131894,RECEIVED,390d8e1a-dc2b-4cd6-9ffe-78ca8678a5fe,1b5ae4e6-660c-472b-b141-086e8bca24e9,c3,c4,2045,p3,?,
1769091613.4165924,RECEIVED,c417110e-13a3-429d-8a08-b8d1855594ec,da1d11ee-a26d-47e4-9aed-a78d97bbb11c,c1,c5,2036,p1,?,
1769091613.4189248,FORWARDED,59fd5d52-b452-4abc-8750-58d48db1424d,643fdba2-fc0e-4512-92d4-e25c0d788b62,c2,c1,1460,?,i6,
1769091613.4737675,SENT,9f99a0d6-9250-4dfc-95ec-866cc22a3da6,0b5e00ba-35de-4209-a6f9-ab38d04857a6,c4,c1,1455,?,i3,
1769091613.4738314,FORWARDED,9f99a0d6-9250-4dfc-95ec-866cc22a3da6,0b5e00ba-35de-4209-a6f9-ab38d04857a6,c4,c1,1455,?,i3,
1769091613.55768,RECEIVED,e47fe32a-be79-45c6-bf75-c670e30f985f,17362f4d-1c5f-4177-8208-265b68b31c4e,c4,DROP,445,x12,?,
1769091613.6009598,SENT,390d8e1a-dc2b-4cd6-9ffe-78ca8678a5fe,1b5ae4e6-660c-472b-b141-086e8bca24e9,c3,c4,1459,?,i12,
1769091613.6010082,FORWARDED,390d8e1a-dc2b-4cd6-9ffe-78ca8678a5fe,1b5ae4e6-660c-472b-b141-086e8bca24e9,c3,c4,1459,?,i12,
1769091613.687213,SENT,c417110e-13a3-429d-8a08-b8d1855594ec,da1d11ee-a26d-47e4-9aed-a78d97bbb11c,c1,c5,1455,?,i4,
1769091613.6872585,FORWARDED,c417110e-13a3-429d-8a08-b8d1855594ec,da1d11ee-a26d-47e4-9aed-a78d97bbb11c,c1,c5,1455,?,i4,
1769091613.7525406,RECEIVED,a6c009a7-b863-407a-96db-1e0b468cc578,a4b8b35f-a214-46fa-9fbb-77bf9e3f2e6b,c2,c1,2036,p2,?,
1769091613.8345575,SENT,2139f1e3-9be6-4353-9483-0221a9598cfb,b3656a02-af6d-49f4-a3d8-3b4027a825a3,c4,c1,1460,?,i4,
1769091613.8346026,FORWARDED,2139f1e3-9be6-4353-9483-0221a9598cfb,b3656a02-af6d-49f4-a3d8-3b4027a825a3,c4,c1,1460,?,i4,
1769091613.842652,SENT,ee9c802e-058d-4204-947f-afbb2af5f49a,d2b3adb4-d43b-486f-a7c7-c36afbd263b0,c5,DROP,1022,?,i11,
1769091613.8426948,FORWARDED,ee9c802e-058d-4204-947f-afbb2af5f49a,d2b3adb4-d43b-486f-a7c7-c36afbd263b0,c5,DROP,1022,?,i11,
1769091614.1212626,FORWARDED,6462fffe-ec35-4e9f-a958-c0a8c6935b7b,99d03602-f7c9-45cd-94b9-ca323597a689,c5,c4,1460,?,i6,
1769091614.1390333,RECEIVED,7f0fb110-95f7-486a-8b86-f50cc6a44ba8,1308a598-2997-4b94-a656-4e95341514c0,c3,DROP,1448,p3,?,
1769091614.1513577,RECEIVED,30747840-c940-41d5-bcc9-f955b1bd0f7d,85b53dd6-8558-4f2a-ae91-29a6217a2ef6,c3,DROP,1450,p3,?,
1769091614.225037,SENT,30747840-c940-41d5-bcc9-f955b1bd0f7d,85b53dd6-8558-4f2a-ae91-29a6217a2ef6,c3,DROP,1012,?,i10,
1769091614.2250853,FORWARDED,30747840-c940-41d5-bcc9-f955b1bd0f7d,85b53dd6-8558-4f2a-ae91-29a6217a2ef6,c3,DROP,1012,?,i10,
1769091614.3613825,SENT,9a9e9a81-80f8-4116-9b53-b247e048c5c3,9c1a31b5-6106-4b20-b59c-c6fd3b7c7828,c1,c5,1456,?,i11,
1769091614.3614225,FORWARDED,9a9e9a81-80f8-4116-9b53-b247e048c5c3,9c1a31b5-6106-4b20-b59c-c6fd3b7c7828,c1,c5,1456,?,i11,
1769091614.3759465,SENT,7f0fb110-95f7-486a-8b86-f50cc6a44ba8,1308a598-2997-4b94-a656-4e95341514c0,c3,DROP,1012,?,i2,
1769091614.375991,FORWARDED,7f0fb110-95f7-486a-8b86-f50cc6a44ba8,1308a598-2997-4b94-a656-4e95341514c0,c3,DROP,1012,?,i2,
1769091614.58221,RECEIVED,3d587958-bdcb-4a0b-a4ed-0862ca92ebe0,3c756157-8b72-48ed-8379-278b6ba08cb8,c5,DROP,1455,p2,?,
1769091614.87896,RECEIVED,7ca14d91-90de-47d1-8544-9fda075aeab8,553cc268-a705-4e3f-9ce6-312832e080b1,c1,c5,2025,p1,?,
1769091614.8904362,SENT,b5da1b1a-620b-4c92-9381-eb02acaea65c,2e4f3506-9e9a-40d4-bd8e-d53f5c5a3ee9,c1,c5,1463,?,i2,
1769091614.8904781,FORWARDED,b5da1b1a-620b-4c92-9381-eb02acaea65c,2e4f3506-9e9a-40d4-bd8e-d53f5c5a3ee9,c1,c5,1463,?,i2,
1769091614.9384723,SENT,3d587958-bdcb-4a0b-a4ed-0862ca92ebe0,3c756157-8b72-48ed-8379-278b6ba08cb8,c5,DROP,1019,?,i4,
1769091614.9389875,FORWARDED,3d587958-bdcb-4a0b-a4ed-0862ca92ebe0,3c756157-8b72-48ed-8379-278b6ba08cb8,c5,DROP,1019,?,i4,
1769091614.9843643,SENT,7ca14d91-90de-47d1-8544-9fda075aeab8,553cc268-a705-4e3f-9ce6-312832e080b1,c1,c5,1444,?,i12,
1769091614.9844053,FORWARDED,7ca14d91-90de-47d1-8544-9fda075aeab8,553cc268-a705-4e3f-9ce6-312832e080b1,c1,c5,1444,?,i12,
1769091615.0969331,RECEIVED,b4b0c1ce-03f3-4444-a303-a05dec78330d,02acb7c1-bb50-4d3c-b620-b0b1502c70ab,c2,c1,2040,p2,?,
1769091615.2182908,RECEIVED,fb462432-95d4-4dd6-9681-655729b68fea,7e2f3343-2a44-4a2e-ab80-6b652f0717f9,c1,c5,2039,p1,?,
1769091615.2703207,RECEIVED,894d7a2f-a5e2-4321-8648-1ff0a07be177,2a9ba815-e28d-4a99-9535-fc69a62adb0d,c1,c5,2046,p1,?,
1769091615.44613,RECEIVED,2cb5235b-1d43-4ef4-af7c-b14f7c4125b7,7842aee1-920b-4d2b-becb-91b34783fdb8,c5,DROP,1455,p2,?,
1769091615.5017242,SENT,b4b0c1ce-03f3-4444-a303-a05dec78330d,02acb7c1-bb50-4d3c-b620-b0b1502c70ab,c2,c1,1458,?,i12,
1769091615.5017672,FORWARDED,b4b0c1ce-03f3-4444-a303-a05dec78330d,02acb7c1-bb50-4d3c-b620-b0b1502c70ab,c2,c1,1458,?,i12,
1769091615.6150382,FORWARDED,2cb5235b-1d43-4ef4-af7c-b14f7c4125b7,7842aee1-920b-4d2b-becb-91b34783fdb8,c5,DROP,1020,?,i6,
1769091615.6192667,RECEIVED,ca191dca-5dfc-413a-8da7-026d1de78a49,1ab2e3cd-d70b-4fc2-bc5c-01e0a9e3195f,c1,DROP,1460,p1,?,
1769091615.64139,SENT,a6c009a7-b863-407a-96db-1e0b468cc578,a4b8b35f-a214-46fa-9fbb-77bf9e3f2e6b,c2,c1,1455,?,i11,
1769091615.641442,FORWARDED,a6c009a7-b863-407a-96db-1e0b468cc578,a4b8b35f-a214-46fa-9fbb-77bf9e3f2e6b,c2,c1,1455,?,i11,
1769091615.7539341,RECEIVED,eea08ef0-c16f-4b50-9cf5-e877f5d176d8,34785ea4-fd13-48be-a2c8-8de73abfd4de,c3,DROP,1440,p3,?,
1769091615.8594048,RECEIVED,c33daca0-f244-47d8-8093-d8a0c9da9fbe,826f895a-0053-44e6-9bf4-7dd440203eb4,c4,c1,2051,p1,?,
1769091615.8704057,SENT,fb462432-95d4-4dd6-9681-655729b68fea,7e2f3343-2a44-4a2e-ab80-6b652f0717f9,c1,c5,1456,?,i7,
1769091615.8704486,FORWARDED,fb462432-95d4-4dd6-9681-655729b68fea,7e2f3343-2a44-4a2e-ab80-6b652f0717f9,c1,c5,1456,?,i7,
1769091615.8862104,SENT,eea08ef0-c16f-4b50-9cf5-e877f5d176d8,34785ea4-fd13-48be-a2c8-8de73abfd4de,c3,DROP,1007,?,i1,
1769091615.8862538,FORWARDED,eea08ef0-c16f-4b50-9cf5-e877f5d176d8,34785ea4-fd13-48be-a2c8-8de73abfd4de,c3,DROP,1007,?,i1,
1769091616.090658,RECEIVED,d3d64cc5-da18-459c-93f7-d20275ca9de7,8664c3b4-a20e-4d23-a033-dd0ac4e730c4,c5,c4,2040,p2,?,
1769091616.3511734,SENT,ca191dca-5dfc-413a-8da7-026d1de78a49,1ab2e3cd-d70b-4fc2-bc5c-01e0a9e3195f,c1,DROP,1021,?,i12,
1769091616.3512208,FORWARDED,ca191dca-5dfc-413a-8da7-026d1de78a49,1ab2e3cd-d70b-4fc2-bc5c-01e0a9e3195f,c1,DROP,1021,?,i12,
1769091616.4138691,RECEIVED,e906891d-c48e-4bb3-93d5-a5d3b487a256,ebbff296-65d4-4151-918a-962759a36764,c5,c4,2038,p2,?,
1769091616.4552467,SENT,e906891d-c48e-4bb3-93d5-a5d3b487a256,ebbff296-65d4-4151-918a-962759a36764,c5,c4,1454,?,i8,
1769091616.4552891,FORWARDED,e906891d-c48e-4bb3-93d5-a5d3b487a256,ebbff296-65d4-4151-918a-962759a36764,c5,c4,1454,?,i8,
1769091616.474433,SENT,d3d64cc5-da18-459c-93f7-d20275ca9de7,8664c3b4-a20e-4d23-a033-dd0ac4e730c4,c5,c4,1456,?,i12,
1769091616.4744868,FORWARDED,d3d64cc5-da18-459c-93f7-d20275ca9de7,8664c3b4-a20e-4d23-a033-dd0ac4e730c4,c5,c4,1456,?,i12,
1769091616.8032916,RECEIVED,1bfd7d81-eec3-4f7d-b7d0-394b669ba94c,b3c7d3a0-4c0d-4bdd-b17e-0a16a9cd6bc6,c2,c1,2038,p2,?,
1769091616.8467648,RECEIVED,3a094f07-72ff-43c6-8ff1-96aac6aee462,607e4d33-deae-40a4-96cd-e3c58d3c0194,c5,c4,2049,p2,?,
1769091616.9282398,SENT,894d7a2f-a5e2-4321-8648-1ff0a07be177,2a9ba815-e28d-4a99-9535-fc69a62adb0d,c1,c5,1463,?,i3,
1769091616.9282837,FORWARDED,894d7a2f-a5e2-4321-8648-1ff0a07be177,2a9ba815-e28d-4a99-9535-fc69a62adb0d,c1,c5,1463,?,i3,
1769091617.0249612,SENT,c33daca0-f244-47d8-8093-d8a0c9da9fbe,826f895a-0053-44e6-9bf4-7dd440203eb4,c4,c1,1465,?,i7,
1769091617.0250044,FORWARDED,c33daca0-f244-47d8-8093-d8a0c9da9fbe,826f895a-0053-44e6-9bf4-7dd440203eb4,c4,c1,1465,?,i7,
1769091617.0637658,SENT,3a094f07-72ff-43c6-8ff1-96aac6aee462,607e4d33-deae-40a4-96cd-e3c58d3c0194,c5,c4,1463,?,i11,
1769091617.063809,FORWARDED,3a094f07-72ff-43c6-8ff1-96aac6aee462,607e4d33-deae-40a4-96cd-e3c58d3c0194,c5,c4,1463,?,i11,
1769091617.0674338,RECEIVED,d07fb7f6-e55d-4f1e-8127-738ef9e15ce9,8e0bee9d-5e83-4008-9c9a-4400870f21cd,c1,c5,2041,p1,?,
1769091617.0827608,RECEIVED,a4b5f9ce-079a-4443-9e49-0c327d64f66d,4f4e8f2a-6368-45bd-bf0e-31c9da8b6e39,c1,c5,2047,p1,?,
1769091617.3391354,RECEIVED,bf4ed3da-cc6f-4c21-a1eb-ffe95a61920e,6df3ae33-b9e1-4746-b432-9bf3b7780961,c4,c1,2045,p1,?,
1769091617.354497,SENT,a4b5f9ce-079a-4443-9e49-0c327d64f66d,4f4e8f2a-6368-45bd-bf0e-31c9da8b6e39,c1,c5,1463,?,i3,
1769091617.3545392,FORWARDED,a4b5f9ce-079a-4443-9e49-0c327d64f66d,4f4e8f2a-6368-45bd-bf0e-31c9da8b6e39,c1,c5,1463,?,i3,
1769091617.3614175,SENT,bf4ed3da-cc6f-4c21-a1eb-ffe95a61920e,6df3ae33-b9e1-4746-b432-9bf3b7780961,c4,c1,1461,?,i4,
1769091617.3614528,FORWARDED,bf4ed3da-cc6f-4c21-a1eb-ffe95a61920e,6df3ae33-b9e1-4746-b432-9bf3b7780961,c4,c1,1461,?,i4,
1769091617.3982859,SENT,d07fb7f6-e55d-4f1e-8127-738ef9e15ce9,8e0bee9d-5e83-4008-9c9a-4400870f21cd,c1,c5,1456,?,i10,
1769091617.3983266,FORWARDED,d07fb7f6-e55d-4f1e-8127-738ef9e15ce9,8e0bee9d-5e83-4008-9c9a-4400870f21cd,c1,c5,1456,?,i10,
1769091617.5719094,RECEIVED,d5e0b316-57ca-48e0-9db8-5dfb205e700a,20d7fce7-09e5-4420-a96c-ae40387c01f1,c1,c5,2048,p1,?,
1769091617.7401216,SENT,d5e0b316-57ca-48e0-9db8-5dfb205e700a,20d7fce7-09e5-4420-a96c-ae40387c01f1,c1,c5,1462,?,i9,
1769091617.7402358,FORWARDED,d5e0b316-57ca-48e0-9db8-5dfb205e700a,20d7fce7-09e5-4420-a96c-ae40387c01f1,c1,c5,1462,?,i9,
1769091617.757105,RECEIVED,b78fdfb6-b994-45b6-84b5-aab29fd6d5aa,25dc2d84-81c7-415e-8de9-692bbf28f32d,c2,c1,2040,p2,?,
1769091617.963996,RECEIVED,1fce8b77-27ba-421f-9a54-de719e84a541,51fd35f3-78ae-438f-b376-2a52ed1479e7,c3,DROP,1442,p3,?,
1769091617.9666185,SENT,b78fdfb6-b994-45b6-84b5-aab29fd6d5aa,25dc2d84-81c7-415e-8de9-692bbf28f32d,c2,c1,1456,?,i2,
1769091617.9666598,FORWARDED,b78fdfb6-b994-45b6-84b5-aab29fd6d5aa,25dc2d84-81c7-415e-8de9-692bbf28f32d,c2,c1,1456,?,i2,
1769091617.9874566,SENT,1bfd7d81-eec3-4f7d-b7d0-394b669ba94c,b3c7d3a0-4c0d-4bdd-b17e-0a16a9cd6bc6,c2,c1,1456,?,i4,
1769091617.9874964,FORWARDED,1bfd7d81-eec3-4f7d-b7d0-394b669ba94c,b3c7d3a0-4c0d-4bdd-b17e-0a16a9cd6bc6,c2,c1,1456,?,i4,
1769091618.0169046,SENT,1fce8b77-27ba-421f-9a54-de719e84a541,51fd35f3-78ae-438f-b376-2a52ed1479e7,c3,DROP,1008,?,i10,
1769091618.016954,FORWARDED,1fce8b77-27ba-421f-9a54-de719e84a541,51fd35f3-78ae-438f-b376-2a52ed1479e7,c3,DROP,1008,?,i10,
1769091618.2193053,RECEIVED,715cf997-c027-463f-adeb-ad76ed194ff3,8fc90df8-a6ed-4804-9eef-1a85ead83a04,c3,DROP,1440,p3,?,
1769091618.3341043,RECEIVED,f1736c3e-6ec1-4935-93fe-1cca1164e51a,4f944d45-725b-434f-82ef-da81946d4adb,c4,DROP,1440,p1,?,
1769091618.3524835,RECEIVED,0730c245-5568-4abf-9f33-54a856c0f3a3,c1f42c9c-31fc-4871-a5ec-7d804897d651,c1,c5,2042,p1,?,
1769091618.3603148,SENT,715cf997-c027-463f-adeb-ad76ed194ff3,8fc90df8-a6ed-4804-9eef-1a85ead83a04,c3,DROP,1007,?,i2,
1769091618.3603644,FORWARDED,715cf997-c027-463f-adeb-ad76ed194ff3,8fc90df8-a6ed-4804-9eef-1a85ead83a04,c3,DROP,1007,?,i2,
1769091618.3824804,RECEIVED,0e4be0e3-48a3-4bc9-97d7-51c7f9a0927d,de91302b-cb3e-4f41-ab16-c4605ec98a31,c3,c4,2023,p3,?,
1769091618.5037017,SENT,f1736c3e-6ec1-4935-93fe-1cca1164e51a,4f944d45-725b-434f-82ef-da81946d4adb,c4,DROP,1007,?,i8,
1769091618.503742,FORWARDED,f1736c3e-6ec1-4935-93fe-1cca1164e51a,4f944d45-725b-434f-82ef-da81946d4adb,c4,DROP,1007,?,i8,
1769091618.521141,SENT,0730c245-5568-4abf-9f33-54a856c0f3a3,c1f42c9c-31fc-4871-a5ec-7d804897d651,c1,c5,1460,?,i7,
1769091618.5211835,FORWARDED,0730c245-5568-4abf-9f33-54a856c0f3a3,c1f42c9c-31fc-4871-a5ec-7d804897d651,c1,c5,1460,?,i7,
1769091618.6726894,SENT,0e4be0e3-48a3-4bc9-97d7-51c7f9a0927d,de91302b-cb3e-4f41-ab16-c4605ec98a31,c3,c4,1445,?,i9,
1769091618.6727326,FORWARDED,0e4be0e3-48a3-4bc9-97d7-51c7f9a0927d,de91302b-cb3e-4f41-ab16-c4605ec98a31,c3,c4,1445,?,i9,
1769091618.8627207,RECEIVED,ac3af75a-7434-4fe9-be99-8e155913e8e6,000ba6ee-fe2a-49f2-a582-65fd46a1ed0f,c4,c1,2027,p1,?,
1769091619.0671213,RECEIVED,3f9e002a-856b-4852-8721-f002f7867b47,dccec378-be05-4ef9-b6b8-b69fe4687eac,c1,DROP,1438,p1,?,
1769091619.2415946,RECEIVED,b69496a7-8b3d-4576-8b1c-13b9b362b54f,197b9bba-9adc-4ec0-b7eb-2a22e748f95d,c5,DROP,1447,p2,?,
1769091619.2584913,RECEIVED,066d0fe1-4849-4918-bbfd-07d3ac2db97a,892fe6a6-ec17-484c-944e-8417a9da5767,c5,c4,2052,p2,?,
1769091619.2830155,RECEIVED,270c425f-d7ec-489f-98ce-e0500af5e080,d590004f-13b2-4dc3-9320-13e9d883c2d0,c2,DROP,1459,p2,?,
1769091619.3471656,RECEIVED,e40e850d-54fe-45d6-b77d-952aa5fd777a,67544e4d-270a-4f26-aa97-2a0b3944ec54,c2,c1,2040,p2,?,
1769091619.5064704,SENT,270c425f-d7ec-489f-98ce-e0500af5e080,d590004f-13b2-4dc3-9320-13e9d883c2d0,c2,DROP,1021,?,i7,
1769091619.5065112,FORWARDED,270c425f-d7ec-489f-98ce-e0500af5e080,d590004f-13b2-4dc3-9320-13e9d883c2d0,c2,DROP,1021,?,i7,
1769091619.5390007,SENT,066d0fe1-4849-4918-bbfd-07d3ac2db97a,892fe6a6-ec17-484c-944e-8417a9da5767,c5,c4,1465,?,i8,
1769091619.5390432,FORWARDED,066d0fe1-4849-4918-bbfd-07d3ac2db97a,892fe6a6-ec17-484c-944e-8417a9da5767,c5,c4,1465,?,i8,
1769091619.6445556,RECEIVED,fcd6a095-6fca-45fa-8262-ca4e14f5c53b,03902195-ce1e-4574-b6af-7368a99eb95a,c2,DROP,1439,p2,?,
1769091619.716045,RECEIVED,d7873a72-b91a-4414-8c93-c61d28f0c5e8,ae8050ff-4331-4643-8268-a155ac27129f,c2,c1,2044,p2,?,
1769091619.7223835,SENT,b69496a7-8b3d-4576-8b1c-13b9b362b54f,197b9bba-9adc-4ec0-b7eb-2a22e748f95d,c5,DROP,1012,?,i7,
1769091619.722427,FORWARDED,b69496a7-8b3d-4576-8b1c-13b9b362b54f,197b9bba-9adc-4ec0-b7eb-2a22e748f95d,c5,DROP,1012,?,i7,
1769091619.736104,RECEIVED,9f6b5624-c2f2-4c4a-84be-bd9b0dfab960,8d8fba02-e48b-433e-b2f8-e7c53e81816f,c2,c1,2040,p2,?,
1769091619.8194196,RECEIVED,70618fde-2453-412c-97fc-5c22044d09ca,e13f5d22-1f56-4c34-b80c-b41410f82fe2,c1,c5,2039,p1,?,
1769091619.8248568,SENT,9f6b5624-c2f2-4c4a-84be-bd9b0dfab960,8d8fba02-e48b-433e-b2f8-e7c53e81816f,c2,c1,1456,?,i2,
1769091619.8248963,FORWARDED,9f6b5624-c2f2-4c4a-84be-bd9b0dfab960,8d8fba02-e48b-433e-b2f8-e7c53e81816f,c2,c1,1456,?,i2,
1769091619.8395748,RECEIVED,a0752aad-9b57-4e34-9721-d765e7a332fc,b0b566d3-42a3-459d-a366-a1dee0c06d3c,c5,c4,2032,p2,?,
1769091619.9562457,RECEIVED,2b66ea02-f449-4229-82d1-f9594218bacb,561738f3-ea2d-4a77-b020-a686fdf4dc5f,c3,DROP,1459,p3,?,
1769091620.074587,RECEIVED,4a223328-9a31-4b2c-8b0f-b3b106bb909a,159bfb9d-75d4-4849-b9f7-896ac043415f,c4,c1,2039,p1,?,
1769091620.113621,SENT,a0752aad-9b57-4e34-9721-d765e7a332fc,b0b566d3-42a3-459d-a366-a1dee0c06d3c,c5,c4,1452,?,i8,
1769091620.1136732,FORWARDED,a0752aad-9b57-4e34-9721-d765e7a332fc,b0b566d3-42a3-459d-a366-a1dee0c06d3c,c5,c4,1452,?,i8,
1769091620.18307,SENT,3f9e002a-856b-4852-8721-f002f7867b47,dccec378-be05-4ef9-b6b8-b69fe4687eac,c1,DROP,1007,?,i7,
1769091620.183115,FORWARDED,3f9e002a-856b-4852-8721-f002f7867b47,dccec378-be05-4ef9-b6b8-b69fe4687eac,c1,DROP,1007,?,i7,
1769091620.3036332,RECEIVED,cea3aaf4-bd6f-465c-b504-a1a66c8e16d6,64581eb8-2876-48ca-868a-8b08c4449a4a,c5,c4,2043,p2,?,
1769091620.5273879,RECEIVED,1444b599-bfa7-49af-8f28-e5ec8d757440,9500deda-3bf2-49d4-b1f9-89d1ccfd1248,c5,c4,2036,p2,?,
1769091620.6119485,SENT,2b66ea02-f449-4229-82d1-f9594218bacb,561738f3-ea2d-4a77-b020-a686fdf4dc5f,c3,DROP,1021,?,i2,
1769091620.6119902,FORWARDED,2b66ea02-f449-4229-82d1-f9594218bacb,561738f3-ea2d-4a77-b020-a686fdf4dc5f,c3,DROP,1021,?,i2,
1769091620.6302366,FORWARDED,fcd6a095-6fca-45fa-8262-ca4e14f5c53b,03902195-ce1e-4574-b6af-7368a99eb95a,c2,DROP,1008,?,i6,
1769091620.7093174,SENT,cea3aaf4-bd6f-465c-b504-a1a66c8e16d6,64581eb8-2876-48ca-868a-8b08c4449a4a,c5,c4,1460,?,i5,
1769091620.7093587,FORWARDED,cea3aaf4-bd6f-465c-b504-a1a66c8e16d6,64581eb8-2876-48ca-868a-8b08c4449a4a,c5,c4,1460,?,i5,
1769091620.7635734,SENT,1444b599-bfa7-49af-8f28-e5ec8d757440,9500deda-3bf2-49d4-b1f9-89d1ccfd1248,c5,c4,1455,?,i1,
1769091620.7636166,FORWARDED,1444b599-bfa7-49af-8f28-e5ec8d757440,9500deda-3bf2-49d4-b1f9-89d1ccfd1248,c5,c4,1455,?,i1,
1769091620.8774598,SENT,ac3af75a-7434-4fe9-be99-8e155913e8e6,000ba6ee-fe2a-49f2-a582-65fd46a1ed0f,c4,c1,1447,?,i5,
1769091620.877508,FORWARDED,ac3af75a-7434-4fe9-be99-8e155913e8e6,000ba6ee-fe2a-49f2-a582-65fd46a1ed0f,c4,c1,1447,?,i5,
1769091620.9214404,SENT,4a223328-9a31-4b2c-8b0f-b3b106bb909a,159bfb9d-75d4-4849-b9f7-896ac043415f,c4,c1,1457,?,i5,
1769091620.9214811,FORWARDED,4a223328-9a31-4b2c-8b0f-b3b106bb909a,159bfb9d-75d4-4849-b9f7-896ac043415f,c4,c1,1457,?,i5,
1769091621.1661067,RECEIVED,9f0be2b2-82b2-4fb0-8acd-d912cd84d4a5,6fe40050-97ec-4823-9db6-b6660efd6489,c2,c1,2036,p2,?,
1769091621.2843106,RECEIVED,e8da7357-188c-44e4-bb1d-d57bf977f716,3c449c73-9902-4f27-8b05-8922d7bfbb3e,c1,DROP,1452,p1,?,
1769091621.297929,RECEIVED,7fe67f7d-20f0-41d5-a4fc-b88a69b2ac9b,71f6f023-4d08-4379-878c-ef4f558f39fe,c5,DROP,1439,p2,?,
1769091621.4770205,SENT,9f0be2b2-82b2-4fb0-8acd-d912cd84d4a5,6fe40050-97ec-4823-9db6-b6660efd6489,c2,c1,1455,?,i5,
1769091621.4770823,FORWARDED,9f0be2b2-82b2-4fb0-8acd-d912cd84d4a5,6fe40050-97ec-4823-9db6-b6660efd6489,c2,c1,1455,?,i5,
1769091621.5691805,SENT,7fe67f7d-20f0-41d5-a4fc-b88a69b2ac9b,71f6f023-4d08-4379-878c-ef4f558f39fe,c5,DROP,1008,?,i8,
1769091621.569219,FORWARDED,7fe67f7d-20f0-41d5-a4fc-b88a69b2ac9b,71f6f023-4d08-4379-878c-ef4f558f39fe,c5,DROP,1008,?,i8,
1769091621.6733253,SENT,70618fde-2453-412c-97fc-5c22044d09ca,e13f5d22-1f56-4c34-b80c-b41410f82fe2,c1,c5,1456,?,i4,
1769091621.6733677,FORWARDED,70618fde-2453-412c-97fc-5c22044d09ca,e13f5d22-1f56-4c34-b80c-b41410f82fe2,c1,c5,1456,?,i4,
1769091621.8242023,SENT,e8da7357-188c-44e4-bb1d-d57bf977f716,3c449c73-9902-4f27-8b05-8922d7bfbb3e,c1,DROP,1016,?,i12,
1769091621.8242433,FORWARDED,e8da7357-188c-44e4-bb1d-d57bf977f716,3c449c73-9902-4f27-8b05-8922d7bfbb3e,c1,DROP,1016,?,i12,
1769091621.9762578,SENT,d7873a72-b91a-4414-8c93-c61d28f0c5e8,ae8050ff-4331-4643-8268-a155ac27129f,c2,c1,1460,?,i11,
1769091621.9763,FORWARDED,d7873a72-b91a-4414-8c93-c61d28f0c5e8,ae8050ff-4331-4643-8268-a155ac27129f,c2,c1,1460,?,i11,
1769091622.2729473,RECEIVED,aca7df57-9c63-4f03-a507-e811ee845392,81fef1f1-33d4-40aa-b371-87415b937236,c3,c4,2027,p3,?,
1769091622.3146348,RECEIVED,293312f8-90b1-460d-b8f5-f2399f93ec23,90e8f2fd-1fec-4277-b7ca-b434a403a202,c3,DROP,441,x9,?,
1769091622.3439627,SENT,e40e850d-54fe-45d6-b77d-952aa5fd777a,67544e4d-270a-4f26-aa97-2a0b3944ec54,c2,c1,1456,?,i11,
1769091622.3440015,FORWARDED,e40e850d-54fe-45d6-b77d-952aa5fd777a,67544e4d-270a-4f26-aa97-2a0b3944ec54,c2,c1,1456,?,i11,
1769091622.4940357,RECEIVED,4303f5e3-2ea7-4069-8824-b5c6cdede667,00f8a0d4-381e-47f6-9df8-e767b84a9559,c4,c1,2040,p1,?,
1769091622.5519893,RECEIVED,c1bc86ac-e706-44c9-b372-f5978ea76458,3074f40e-2a08-49c9-8155-433a8c7a7090,c4,c1,2038,p1,?,
1769091622.646657,SENT,c1bc86ac-e706-44c9-b372-f5978ea76458,3074f40e-2a08-49c9-8155-433a8c7a7090,c4,c1,1455,?,i11,
1769091622.646699,FORWARDED,c1bc86ac-e706-44c9-b372-f5978ea76458,3074f40e-2a08-49c9-8155-433a8c7a7090,c4,c1,1455,?,i11,
1769091622.9003057,SENT,aca7df57-9c63-4f03-a507-e811ee845392,81fef1f1-33d4-40aa-b371-87415b937236,c3,c4,1447,?,i1,
1769091622.9003446,FORWARDED,aca7df57-9c63-4f03-a507-e811ee845392,81fef1f1-33d4-40aa-b371-87415b937236,c3,c4,1447,?,i1,
1769091622.9571788,RECEIVED,46d8e92d-1a17-4b52-bcef-abefdbd420ed,3b77d613-0eb4-4732-9bb3-59f4175b6a0e,c5,c4,2042,p2,?,
1769091622.9897068,RECEIVED,f87540ae-c74c-4485-bd12-3de25c0936df,0326826e-6057-46c9-88fb-e9d768cada63,c5,c4,2023,p2,?,
1769091623.0388038,RECEIVED,bd9610b4-e324-4250-9c3e-e808d27817ee,3dca55e4-1a95-4064-82f9-d02f57b51922,c1,DROP,1441,p1,?,
1769091623.0527365,RECEIVED,abd61c68-3e5f-42ba-be7a-903e6d9361a0,57520fd7-e02b-4077-84ea-fe7e3e01a966,c3,c4,2040,p3,?,
1769091623.101609,SENT,bd9610b4-e324-4250-9c3e-e808d27817ee,3dca55e4-1a95-4064-82f9-d02f57b51922,c1,DROP,1008,?,i8,
1769091623.101649,FORWARDED,bd9610b4-e324-4250-9c3e-e808d27817ee,3dca55e4-1a95-4064-82f9-d02f57b51922,c1,DROP,1008,?,i8,
1769091623.2176766,RECEIVED,6879f0e2-a25b-427a-b48c-fa47fc9a9aa8,bc3e13d5-6da1-4731-a790-49cdc1ab8cef,c5,c4,2031,p2,?,
1769091623.2593367,SENT,abd61c68-3e5f-42ba-be7a-903e6d9361a0,57520fd7-e02b-4077-84ea-fe7e3e01a966,c3,c4,1457,?,i8,
1769091623.259378,FORWARDED,abd61c68-3e5f-42ba-be7a-903e6d9361a0,57520fd7-e02b-4077-84ea-fe7e3e01a966,c3,c4,1457,?,i8,
1769091623.3664916,RECEIVED,78355302-84b8-4b09-8d19-8bacdf70d3bc,ef6d0619-b446-4a75-a0d3-9309ee381565,c2,c1,2032,p2,?,
1769091623.4876926,SENT,46d8e92d-1a17-4b52-bcef-abefdbd420ed,3b77d613-0eb4-4732-9bb3-59f4175b6a0e,c5,c4,1461,?,i2,
1769091623.4877355,FORWARDED,46d8e92d-1a17-4b52-bcef-abefdbd420ed,3b77d613-0eb4-4732-9bb3-59f4175b6a0e,c5,c4,1461,?,i2,
1769091623.4896276,RECEIVED,8027159e-48e3-475f-82d1-0a86e16bbdbd,7d309ece-0e78-4a44-a9fd-e4f03b38a67d,c4,c1,2033,p1,?,
1769091623.5919368,SENT,8027159e-48e3-475f-82d1-0a86e16bbdbd,7d309ece-0e78-4a44-a9fd-e4f03b38a67d,c4,c1,1450,?,i3,
1769091623.5919788,FORWARDED,8027159e-48e3-475f-82d1-0a86e16bbdbd,7d309ece-0e78-4a44-a9fd-e4f03b38a67d,c4,c1,1450,?,i3,
1769091623.6106489,SENT,78355302-84b8-4b09-8d19-8bacdf70d3bc,ef6d0619-b446-4a75-a0d3-9309ee381565,c2,c1,1452,?,i1,
1769091623.610699,FORWARDED,78355302-84b8-4b09-8d19-8bacdf70d3bc,ef6d0619-b446-4a75-a0d3-9309ee381565,c2,c1,1452,?,i1,
1769091623.7138393,RECEIVED,3644bfb4-f183-4af0-8f5b-0d17d3f77829,554f73f0-0e20-483e-9014-271dfcab7fc1,c1,DROP,1457,p1,?,
1769091623.769209,RECEIVED,a266cf7c-3ac7-4026-8a03-0be53b493182,8b6fc8f3-bd09-408d-8790-ef360f0bddfa,c5,c4,2048,p2,?,
1769091623.7725885,RECEIVED,6303c262-ff5f-452b-b4f8-2b615444a63c,43f2f8c1-c06d-4851-8821-4052ec60f5f3,c1,c5,2043,p1,?,
1769091623.8271074,SENT,a266cf7c-3ac7-4026-8a03-0be53b493182,8b6fc8f3-bd09-408d-8790-ef360f0bddfa,c5,c4,1464,?,i8,
1769091623.8271499,FORWARDED,a266cf7c-3ac7-4026-8a03-0be53b493182,8b6fc8f3-bd09-408d-8790-ef360f0bddfa,c5,c4,1464,?,i8,
1769091623.9111707,RECEIVED,722d6100-feab-401f-ab17-d37a4a7daef0,d455df9b-bae6-4c51-88f5-9c0c8bbcf42e,c2,c1,2045,p2,?,
1769091623.925669,SENT,3644bfb4-f183-4af0-8f5b-0d17d3f77829,554f73f0-0e20-483e-9014-271dfcab7fc1,c1,DROP,1018,?,i10,
1769091623.925819,FORWARDED,3644bfb4-f183-4af0-8f5b-0d17d3f77829,554f73f0-0e20-483e-9014-271dfcab7fc1,c1,DROP,1018,?,i10,
1769091623.937997,FORWARDED,f87540ae-c74c-4485-bd12-3de25c0936df,0326826e-6057-46c9-88fb-e9d768cada63,c5,c4,1444,?,i6,
1769091623.9676187,RECEIVED,ef8da116-8f43-4ec4-a030-53b484628ed9,1277699c-96be-4f03-815c-3e3f7cd32233,c2,c1,2036,p2,?,
1769091624.0718539,SENT,4303f5e3-2ea7-4069-8824-b5c6cdede667,00f8a0d4-381e-47f6-9df8-e767b84a9559,c4,c1,1458,?,i11,
1769091624.071892,FORWARDED,4303f5e3-2ea7-4069-8824-b5c6cdede667,00f8a0d4-381e-47f6-9df8-e767b84a9559,c4,c1,1458,?,i11,
1769091624.0884361,SENT,722d6100-feab-401f-ab17-d37a4a7daef0,d455df9b-bae6-4c51-88f5-9c0c8bbcf42e,c2,c1,1460,?,i12,
1769091624.0884762,FORWARDED,722d6100-feab-401f-ab17-d37a4a7daef0,d455df9b-bae6-4c51-88f5-9c0c8bbcf42e,c2,c1,1460,?,i12,
1769091624.1413932,RECEIVED,16b1c664-39fb-48a2-95a4-a11f07f43fbe,d5672d1b-cf83-4227-ac6e-16908f3ccbf8,c4,c1,2040,p1,?,
1769091624.2218184,RECEIVED,d2d43699-691a-4367-83fa-d34da25fae82,a6726bad-1a92-4f3a-88aa-c606916a033b,c2,c1,2048,p2,?,
1769091624.267739,SENT,6303c262-ff5f-452b-b4f8-2b615444a63c,43f2f8c1-c06d-4851-8821-4052ec60f5f3,c1,c5,1460,?,i3,
1769091624.2677784,FORWARDED,6303c262-ff5f-452b-b4f8-2b615444a63c,43f2f8c1-c06d-4851-8821-4052ec60f5f3,c1,c5,1460,?,i3,
1769091624.3173978,SENT,d2d43699-691a-4367-83fa-d34da25fae82,a6726bad-1a92-4f3a-88aa-c606916a033b,c2,c1,1463,?,i8,
1769091624.3174376,FORWARDED,d2d43699-691a-4367-83fa-d34da25fae82,a6726bad-1a92-4f3a-88aa-c606916a033b,c2,c1,1463,?,i8,
1769091624.3373542,SENT,16b1c664-39fb-48a2-95a4-a11f07f43fbe,d5672d1b-cf83-4227-ac6e-16908f3ccbf8,c4,c1,1456,?,i4,
1769091624.3373942,FORWARDED,16b1c664-39fb-48a2-95a4-a11f07f43fbe,d5672d1b-cf83-4227-ac6e-16908f3ccbf8,c4,c1,1456,?,i4,
1769091624.451458,FORWARDED,6879f0e2-a25b-427a-b48c-fa47fc9a9aa8,bc3e13d5-6da1-4731-a790-49cdc1ab8cef,c5,c4,1452,?,i6,
1769091624.6489058,RECEIVED,a52ab802-3b31-4ce3-95bd-2050f9c67583,9e3c42ab-63ef-4c7a-983b-64e8a93433d5,c1,c5,2044,p1,?,
1769091624.785793,SENT,ef8da116-8f43-4ec4-a030-53b484628ed9,1277699c-96be-4f03-815c-3e3f7cd32233,c2,c1,1455,?,i11,
1769091624.7858338,FORWARDED,ef8da116-8f43-4ec4-a030-53b484628ed9,1277699c-96be-4f03-815c-3e3f7cd32233,c2,c1,1455,?,i11,
1769091625.063718,RECEIVED,f2275f3a-e507-4c64-8941-83e83fdc4ca3,f0ab9e75-e44e-4738-b401-d96426d7a5de,c3,DROP,1438,p3,?,
1769091625.0776849,SENT,a52ab802-3b31-4ce3-95bd-2050f9c67583,9e3c42ab-63ef-4c7a-983b-64e8a93433d5,c1,c5,1459,?,i11,
1769091625.077726,FORWARDED,a52ab802-3b31-4ce3-95bd-2050f9c67583,9e3c42ab-63ef-4c7a-983b-64e8a93433d5,c1,c5,1459,?,i11,
1769091625.1093078,RECEIVED,77caf52d-50ae-4661-b7d7-386b5c7ef531,eb79febb-ed76-4fa7-b7d1-4e7c4599a030,c5,c4,2039,p2,?,
1769091625.113273,RECEIVED,6dc92a24-4b37-4f99-889a-35f838a2d39d,c1fdb1c2-cf13-4f39-b3b9-f852866eba88,c3,DROP,1456,p3,?,
1769091625.1801941,SENT,6dc92a24-4b37-4f99-889a-35f838a2d39d,c1fdb1c2-cf13-4f39-b3b9-f852866eba88,c3,DROP,1019,?,i3,
1769091625.1802373,FORWARDED,6dc92a24-4b37-4f99-889a-35f838a2d39d,c1fdb1c2-cf13-4f39-b3b9-f852866eba88,c3,DROP,1019,?,i3,
1769091625.3537223,RECEIVED,cfba1323-a4d7-4586-b266-fc49fa4a5261,a59950fc-0019-420a-a597-e40c1ebd76f6,c3,c4,2044,p3,?,
1769091625.4439332,RECEIVED,8edc057e-371f-47da-8cf7-553bb20e067c,1e5ab78e-4d1a-4e2a-8460-993a342f68f4,c1,DROP,1458,p1,?,
1769091625.475117,RECEIVED,df1384eb-a5b1-4610-87d0-467fe30d406a,66344492-3b8c-4d63-8cec-702dce041c02,c1,c5,2037,p1,?,
1769091625.4785795,RECEIVED,5d6748bd-d635-4b6f-b0f1-1bb618576b23,1ba57e95-ba78-409d-b6bd-b4aad6a93128,c1,c5,2050,p1,?,
1769091625.4823873,SENT,8edc057e-371f-47da-8cf7-553bb20e067c,1e5ab78e-4d1a-4e2a-8460-993a342f68f4,c1,DROP,1019,?,i11,
1769091625.4824378,FORWARDED,8edc057e-371f-47da-8cf7-553bb20e067c,1e5ab78e-4d1a-4e2a-8460-993a342f68f4,c1,DROP,1019,?,i11,
1769091625.493701,SENT,df1384eb-a5b1-4610-87d0-467fe30d406a,66344492-3b8c-4d63-8cec-702dce041c02,c1,c5,1455,?,i9,
1769091625.4937406,FORWARDED,df1384eb-a5b1-4610-87d0-467fe30d406a,66344492-3b8c-4d63-8cec-702dce041c02,c1,c5,1455,?,i9,
1769091625.5128765,SENT,5d6748bd-d635-4b6f-b0f1-1bb618576b23,1ba57e95-ba78-409d-b6bd-b4aad6a93128,c1,c5,1464,?,i12,
1769091625.5129175,FORWARDED,5d6748bd-d635-4b6f-b0f1-1bb618576b23,1ba57e95-ba78-409d-b6bd-b4aad6a93128,c1,c5,1464,?,i12,
1769091625.5868464,RECEIVED,1e81f82e-555a-4d6d-8dcc-59b66951bb55,748ca2fe-dd85-4b8d-a36a-92cbd5953e63,c1,DROP,1446,p1,?,
1769091625.6389656,RECEIVED,e61ddfe7-1527-48c5-8c90-c15ab46a5dd4,7c5bfcb0-15b4-4415-b464-2e53a966da03,c3,DROP,1439,p3,?,
1769091625.6729991,SENT,cfba1323-a4d7-4586-b266-fc49fa4a5261,a59950fc-0019-420a-a597-e40c1ebd76f6,c3,c4,1461,?,i11,
1769091625.6730409,FORWARDED,cfba1323-a4d7-4586-b266-fc49fa4a5261,a59950fc-0019-420a-a597-e40c1ebd76f6,c3,c4,1461,?,i11,
1769091625.7196436,SENT,77caf52d-50ae-4661-b7d7-386b5c7ef531,eb79febb-ed76-4fa7-b7d1-4e7c4599a030,c5,c4,1456,?,i5,
1769091625.719685,FORWARDED,77caf52d-50ae-4661-b7d7-386b5c7ef531,eb79febb-ed76-4fa7-b7d1-4e7c4599a030,c5,c4,1456,?,i5,
1769091625.7424078,RECEIVED,c5627e9c-af3f-4ffa-8a96-702cab01de13,f0752f6b-f0e4-451c-9827-07250357904e,c5,DROP,1444,p2,?,
1769091625.8003275,RECEIVED,b802e24b-806b-4487-b4b5-f8b6b22e25b9,c8fc9084-bfb3-49bb-b118-c0a3ee8a4d59,c1,c5,2048,p1,?,
1769091625.8090558,RECEIVED,072a4a38-0a56-4df8-bc83-262232c46ef8,6f6da044-b09d-4978-a280-4d70a247a56e,c2,DROP,1447,p2,?,
1769091625.8325005,RECEIVED,0eee9cf2-1bb6-4f96-9a46-294d7061c42d,a256ef2a-0fbe-47a2-a5f9-e7704b0459bb,c3,c4,2042,p3,?,
1769091625.887317,SENT,c5627e9c-af3f-4ffa-8a96-702cab01de13,f0752f6b-f0e4-451c-9827-07250357904e,c5,DROP,1011,?,i5,
1769091625.8873584,FORWARDED,c5627e9c-af3f-4ffa-8a96-702cab01de13,f0752f6b-f0e4-451c-9827-07250357904e,c5,DROP,1011,?,i5,
1769091625.8932278,RECEIVED,1d3ea754-56bb-4ebf-93bf-f68d3c7bf332,60079a13-2752-4906-b29f-679fe5684702,c3,DROP,1456,p3,?,
1769091625.9137685,SENT,b802e24b-806b-4487-b4b5-f8b6b22e25b9,c8fc9084-bfb3-49bb-b118-c0a3ee8a4d59,c1,c5,1463,?,i5,
1769091625.9140148,FORWARDED,b802e24b-806b-4487-b4b5-f8b6b22e25b9,c8fc9084-bfb3-49bb-b118-c0a3ee8a4d59,c1,c5,1463,?,i5,
1769091625.9950385,FORWARDED,072a4a38-0a56-4df8-bc83-262232c46ef8,6f6da044-b09d-4978-a280-4d70a247a56e,c2,DROP,1012,?,i6,
1769091626.0169797,SENT,0eee9cf2-1bb6-4f96-9a46-294d7061c42d,a256ef2a-0fbe-47a2-a5f9-e7704b0459bb,c3,c4,1461,?,i8,
1769091626.0170202,FORWARDED,0eee9cf2-1bb6-4f96-9a46-294d7061c42d,a256ef2a-0fbe-47a2-a5f9-e7704b0459bb,c3,c4,1461,?,i8,
1769091626.0786715,RECEIVED,73e192a1-208b-447d-8f18-0405c1d73919,a132f567-24e3-4163-ac08-65b1ff373b8e,c4,DROP,1440,p1,?,
1769091626.2618299,SENT,73e192a1-208b-447d-8f18-0405c1d73919,a132f567-24e3-4163-ac08-65b1ff373b8e,c4,DROP,1007,?,i3,
1769091626.261872,FORWARDED,73e192a1-208b-447d-8f18-0405c1d73919,a132f567-24e3-4163-ac08-65b1ff373b8e,c4,DROP,1007,?,i3,
1769091626.387894,SENT,e61ddfe7-1527-48c5-8c90-c15ab46a5dd4,7c5bfcb0-15b4-4415-b464-2e53a966da03,c3,DROP,1007,?,i5,
1769091626.3880935,FORWARDED,e61ddfe7-1527-48c5-8c90-c15ab46a5dd4,7c5bfcb0-15b4-4415-b464-2e53a966da03,c3,DROP,1007,?,i5,
1769091626.424036,RECEIVED,9fa0727b-247c-44cf-aac0-192e3e00c78e,eeec5807-a958-46fc-8a71-81e7b9e1658d,c4,c1,2040,p1,?,
1769091626.4350812,SENT,1d3ea754-56bb-4ebf-93bf-f68d3c7bf332,60079a13-2752-4906-b29f-679fe5684702,c3,DROP,1020,?,i12,
1769091626.4352045,FORWARDED,1d3ea754-56bb-4ebf-93bf-f68d3c7bf332,60079a13-2752-4906-b29f-679fe5684702,c3,DROP,1020,?,i12,
1769091626.548709,SENT,f2275f3a-e507-4c64-8941-83e83fdc4ca3,f0ab9e75-e44e-4738-b401-d96426d7a5de,c3,DROP,1007,?,i9,
1769091626.5487492,FORWARDED,f2275f3a-e507-4c64-8941-83e83fdc4ca3,f0ab9e75-e44e-4738-b401-d96426d7a5de,c3,DROP,1007,?,i9,
1769091626.7032223,RECEIVED,ce7982e0-c84d-4c1a-a700-02b38ea1f223,63139d6b-0984-4098-a433-7ad5094df613,c3,c4,2032,p3,?,
1769091626.7956638,SENT,9fa0727b-247c-44cf-aac0-192e3e00c78e,eeec5807-a958-46fc-8a71-81e7b9e1658d,c4,c1,1456,?,i10,
1769091626.7957044,FORWARDED,9fa0727b-247c-44cf-aac0-192e3e00c78e,eeec5807-a958-46fc-8a71-81e7b9e1658d,c4,c1,1456,?,i10,
1769091626.8857229,RECEIVED,8279c82f-340f-47c1-929f-5b6206aee459,b690ebaf-8fda-440d-a8bb-8acce7734600,c5,DROP,442,x7,?,
1769091627.0086844,RECEIVED,eda181c3-a173-4c5c-ba08-13a3691d7982,bbfc1103-becd-4a48-839a-869d58e7e2cf,c1,c5,2043,p1,?,
1769091627.0801883,RECEIVED,691e0a59-370a-498e-bd52-afa2300347a3,f4770d4b-4487-43b2-8733-16e324c5a753,c3,DROP,1451,p3,?,
1769091627.0887232,SENT,ce7982e0-c84d-4c1a-a700-02b38ea1f223,63139d6b-0984-4098-a433-7ad5094df613,c3,c4,1451,?,i11,
1769091627.088763,FORWARDED,ce7982e0-c84d-4c1a-a700-02b38ea1f223,63139d6b-0984-4098-a433-7ad5094df613,c3,c4,1451,?,i11,
1769091627.1069493,RECEIVED,94f0fe15-3866-42af-ad04-ccc28d4c6cf9,a2416446-9876-4f31-a9cf-dd0625e7d330,c3,c4,2028,p3,?,
1769091627.226868,RECEIVED,6f0d83b5-a622-420f-9d8f-0fe367c1f98f,dd577b49-4d4f-4177-a768-93b87551e4f6,c3,DROP,1440,p3,?,
1769091627.2844512,RECEIVED,35136974-908f-44c4-aa86-9ab8f17adac5,fc0eddad-53dc-4314-b608-0af6d0200420,c2,DROP,445,x10,?,
1769091627.3084128,SENT,94f0fe15-3866-42af-ad04-ccc28d4c6cf9,a2416446-9876-4f31-a9cf-dd0625e7d330,c3,c4,1447,?,i7,
1769091627.3084617,FORWARDED,94f0fe15-3866-42af-ad04-ccc28d4c6cf9,a2416446-9876-4f31-a9cf-dd0625e7d330,c3,c4,1447,?,i7,
1769091627.3346372,SENT,eda181c3-a173-4c5c-ba08-13a3691d7982,bbfc1103-becd-4a48-839a-869d58e7e2cf,c1,c5,1459,?,i12,
1769091627.3346767,FORWARDED,eda181c3-a173-4c5c-ba08-13a3691d7982,bbfc1103-becd-4a48-839a-869d58e7e2cf,c1,c5,1459,?,i12,
1769091627.3897767,RECEIVED,6782c1b1-856e-4a0b-9471-d1a36e733449,d3e7c4e9-33d4-42f3-b359-66ea92ff7675,c4,DROP,1444,p1,?,
1769091627.422558,RECEIVED,6da0feea-91f8-4455-9d5e-17ef6c14d087,85687d5f-aa79-4b7c-acd6-edd26d40634b,c2,DROP,1455,p2,?,
1769091627.6470196,RECEIVED,bb950bfd-cad0-41bc-b337-aae50c4ce7b2,cfaf886c-4402-4183-ab20-51d201040f3b,c4,c1,2040,p1,?,
1769091627.6617134,SENT,6f0d83b5-a622-420f-9d8f-0fe367c1f98f,dd577b49-4d4f-4177-a768-93b87551e4f6,c3,DROP,1008,?,i3,
1769091627.661752,FORWARDED,6f0d83b5-a622-420f-9d8f-0fe367c1f98f,dd577b49-4d4f-4177-a768-93b87551e4f6,c3,DROP,1008,?,i3,
1769091627.7621188,SENT,bb950bfd-cad0-41bc-b337-aae50c4ce7b2,cfaf886c-4402-4183-ab20-51d201040f3b,c4,c1,1456,?,i10,
1769091627.7621613,FORWARDED,bb950bfd-cad0-41bc-b337-aae50c4ce7b2,cfaf886c-4402-4183-ab20-51d201040f3b,c4,c1,1456,?,i10,
1769091627.7635977,RECEIVED,f54d284b-2754-42e2-a834-3906a334d6f5,ef33cb4a-c18b-4034-9074-a117c57f6e8c,c3,DROP,441,x1,?,
1769091627.7901375,RECEIVED,e9deb74c-615e-4891-b24e-3cb63b88ac35,b8876b55-72d4-4939-bfeb-04a15fd8ffbd,c5,c4,2039,p2,?,
1769091627.8006973,RECEIVED,e018b9f0-219c-4068-9cf2-c9a52f79ee2b,a01029d6-5e13-496c-8ca2-9becfdfe3f17,c4,DROP,1460,p1,?,
1769091627.9677722,SENT,e018b9f0-219c-4068-9cf2-c9a52f79ee2b,a01029d6-5e13-496c-8ca2-9becfdfe3f17,c4,DROP,1021,?,i10,
1769091627.9678144,FORWARDED,e018b9f0-219c-4068-9cf2-c9a52f79ee2b,a01029d6-5e13-496c-8ca2-9becfdfe3f17,c4,DROP,1021,?,i10,
1769091628.006735,SENT,6782c1b1-856e-4a0b-9471-d1a36e733449,d3e7c4e9-33d4-42f3-b359-66ea92ff7675,c4,DROP,1011,?,i11,
1769091628.0067773,FORWARDED,6782c1b1-856e-4a0b-9471-d1a36e733449,d3e7c4e9-33d4-42f3-b359-66ea92ff7675,c4,DROP,1011,?,i11,
1769091628.2889023,RECEIVED,613f7a6d-75c2-4929-ba04-2e6e09f9423f,25afe498-1c72-4d67-964d-fac0d7353b86,c3,c4,2039,p3,?,
1769091628.3295717,RECEIVED,75adbb8c-8bb7-4d68-a9e7-c174d09d7942,20701b64-7448-4360-ad54-61e1a93486ba,c2,DROP,1451,p2,?,
1769091628.3318865,RECEIVED,de1b468d-f7b6-4bc3-952d-6ecae5c73f8a,63b07e09-7b32-421a-989d-2fe634e9aaae,c5,DROP,1440,p2,?,
1769091628.3500571,SENT,e9deb74c-615e-4891-b24e-3cb63b88ac35,b8876b55-72d4-4939-bfeb-04a15fd8ffbd,c5,c4,1456,?,i2,
1769091628.3501003,FORWARDED,e9deb74c-615e-4891-b24e-3cb63b88ac35,b8876b55-72d4-4939-bfeb-04a15fd8ffbd,c5,c4,1456,?,i2,
1769091628.5858796,SENT,691e0a59-370a-498e-bd52-afa2300347a3,f4770d4b-4487-43b2-8733-16e324c5a753,c3,DROP,1015,?,i4,
1769091628.58592,FORWARDED,691e0a59-370a-498e-bd52-afa2300347a3,f4770d4b-4487-43b2-8733-16e324c5a753,c3,DROP,1015,?,i4,
1769091628.6052856,FORWARDED,75adbb8c-8bb7-4d68-a9e7-c174d09d7942,20701b64-7448-4360-ad54-61e1a93486ba,c2,DROP,1016,?,i6,
1769091628.6089,SENT,613f7a6d-75c2-4929-ba04-2e6e09f9423f,25afe498-1c72-4d67-964d-fac0d7353b86,c3,c4,1457,?,i9,
1769091628.6089492,FORWARDED,613f7a6d-75c2-4929-ba04-2e6e09f9423f,25afe498-1c72-4d67-964d-fac0d7353b86,c3,c4,1457,?,i9,
1769091628.6361947,SENT,de1b468d-f7b6-4bc3-952d-6ecae5c73f8a,63b07e09-7b32-421a-989d-2fe634e9aaae,c5,DROP,1007,?,i9,
1769091628.6362379,FORWARDED,de1b468d-f7b6-4bc3-952d-6ecae5c73f8a,63b07e09-7b32-421a-989d-2fe634e9aaae,c5,DROP,1007,?,i9,
1769091628.7168443,RECEIVED,a11827a6-a75d-43c2-ba62-a9664b4d7af5,0f4f3d49-ec87-4c58-80a6-59f2e223825b,c3,DROP,1454,p3,?,
1769091628.7989163,SENT,1e81f82e-555a-4d6d-8dcc-59b66951bb55,748ca2fe-dd85-4b8d-a36a-92cbd5953e63,c1,DROP,1012,?,i3,
1769091628.7989566,FORWARDED,1e81f82e-555a-4d6d-8dcc-59b66951bb55,748ca2fe-dd85-4b8d-a36a-92cbd5953e63,c1,DROP,1012,?,i3,
1769091628.8235598,RECEIVED,3f4cbb5d-b2ea-4e1c-9409-c0673066633f,4d4b3a5f-fd01-43ad-ae70-d21324a4038c,c3,DROP,1444,p3,?,
1769091628.8653069,SENT,6da0feea-91f8-4455-9d5e-17ef6c14d087,85687d5f-aa79-4b7c-acd6-edd26d40634b,c2,DROP,1020,?,i12,
1769091628.8653536,FORWARDED,6da0feea-91f8-4455-9d5e-17ef6c14d087,85687d5f-aa79-4b7c-acd6-edd26d40634b,c2,DROP,1020,?,i12,
1769091628.9781208,RECEIVED,2b88f565-9af6-49fa-a107-33ca77e32e24,453f14be-9600-46aa-b60f-5a50b548e33e,c2,c1,2047,p2,?,
1769091629.036979,SENT,3f4cbb5d-b2ea-4e1c-9409-c0673066633f,4d4b3a5f-fd01-43ad-ae70-d21324a4038c,c3,DROP,1011,?,i7,
1769091629.0370193,FORWARDED,3f4cbb5d-b2ea-4e1c-9409-c0673066633f,4d4b3a5f-fd01-43ad-ae70-d21324a4038c,c3,DROP,1011,?,i7,
1769091629.0626822,RECEIVED,b5871dc7-7933-4fce-a275-dddf1a881853,2b4999cb-a91f-4db8-8d1e-5a7af624b444,c1,c5,2048,p1,?,
1769091629.2947152,RECEIVED,6224ac42-d97e-488f-bfa6-08c68ab55abd,4ec633a7-7610-40a4-bb38-fc8cad49ccfc,c2,DROP,1443,p2,?,
1769091629.3622663,RECEIVED,22b49ecd-7bd4-4b33-8293-5e2e5ad6310f,97aa3f1e-af6f-46cf-987c-a551d1a440eb,c5,DROP,1449,p2,?,
1769091629.4141912,RECEIVED,77af66e3-d168-474d-9484-e7b3f47fdd72,b6a41f1e-673a-4084-b154-eddac0edddc6,c5,DROP,1447,p2,?,
1769091629.4540188,SENT,a11827a6-a75d-43c2-ba62-a9664b4d7af5,0f4f3d49-ec87-4c58-80a6-59f2e223825b,c3,DROP,1019,?,i8,
1769091629.4540842,FORWARDED,a11827a6-a75d-43c2-ba62-a9664b4d7af5,0f4f3d49-ec87-4c58-80a6-59f2e223825b,c3,DROP,1019,?,i8,
1769091629.516957,SENT,22b49ecd-7bd4-4b33-8293-5e2e5ad6310f,97aa3f1e-af6f-46cf-987c-a551d1a440eb,c5,DROP,1013,?,i11,
1769091629.516996,FORWARDED,22b49ecd-7bd4-4b33-8293-5e2e5ad6310f,97aa3f1e-af6f-46cf-987c-a551d1a440eb,c5,DROP,1013,?,i11,
1769091629.6087518,SENT,2b88f565-9af6-49fa-a107-33ca77e32e24,453f14be-9600-46aa-b60f-5a50b548e33e,c2,c1,1464,?,i8,
1769091629.6087954,FORWARDED,2b88f565-9af6-49fa-a107-33ca77e32e24,453f14be-9600-46aa-b60f-5a50b548e33e,c2,c1,1464,?,i8,
1769091629.7233999,RECEIVED,3bb971c1-35e8-4b91-9ce0-e3e80d6caefa,534eb8d7-069e-4201-93b9-2f3913dbb42f,c2,c1,2049,p2,?,
1769091629.737036,SENT,b5871dc7-7933-4fce-a275-dddf1a881853,2b4999cb-a91f-4db8-8d1e-5a7af624b444,c1,c5,1464,?,i11,
1769091629.7370994,FORWARDED,b5871dc7-7933-4fce-a275-dddf1a881853,2b4999cb-a91f-4db8-8d1e-5a7af624b444,c1,c5,1464,?,i11,
1769091629.8377144,SENT,3bb971c1-35e8-4b91-9ce0-e3e80d6caefa,534eb8d7-069e-4201-93b9-2f3913dbb42f,c2,c1,1463,?,i10,
1769091629.8377507,FORWARDED,3bb971c1-35e8-4b91-9ce0-e3e80d6caefa,534eb8d7-069e-4201-93b9-2f3913dbb42f,c2,c1,1463,?,i10,
1769091629.9909155,SENT,6224ac42-d97e-488f-bfa6-08c68ab55abd,4ec633a7-7610-40a4-bb38-fc8cad49ccfc,c2,DROP,1009,?,i7,
1769091629.9909666,FORWARDED,6224ac42-d97e-488f-bfa6-08c68ab55abd,4ec633a7-7610-40a4-bb38-fc8cad49ccfc,c2,DROP,1009,?,i7,
1769091629.9953372,RECEIVED,99c7eed2-4361-4bad-82e5-49edc2d6ae87,49120e17-7a0f-4461-9bf2-9b5dcef6aa7d,c1,DROP,1455,p1,?,
1769091630.0094807,RECEIVED,c2c9088c-08db-4143-94cf-0c8e0328f37e,e47d47ec-cece-4283-a863-91ee27bd0182,c5,c4,2032,p2,?,
1769091630.0620272,RECEIVED,ad9f978d-6144-4d9e-a9a0-987ad164fcdf,74164e95-58f4-4e19-9626-2b46bb447723,c5,DROP,441,x3,?,
1769091630.0946503,SENT,c2c9088c-08db-4143-94cf-0c8e0328f37e,e47d47ec-cece-4283-a863-91ee27bd0182,c5,c4,1450,?,i5,
1769091630.094735,FORWARDED,c2c9088c-08db-4143-94cf-0c8e0328f37e,e47d47ec-cece-4283-a863-91ee27bd0182,c5,c4,1450,?,i5,
1769091630.2533953,SENT,77af66e3-d168-474d-9484-e7b3f47fdd72,b6a41f1e-673a-4084-b154-eddac0edddc6,c5,DROP,1012,?,i1,
1769091630.2534382,FORWARDED,77af66e3-d168-474d-9484-e7b3f47fdd72,b6a41f1e-673a-4084-b154-eddac0edddc6,c5,DROP,1012,?,i1,
1769091630.334056,RECEIVED,5192faf8-54eb-4304-b9b2-4ff4f71d9856,08529bc7-ea51-43bd-bc52-84cbb40fa158,c2,c1,2031,p2,?,
1769091630.6251655,RECEIVED,c005303d-2e50-4256-8a63-68c72c7d19ad,5cd134cb-c697-4f8f-b908-6f6ba27270a1,c3,c4,2043,p3,?,
1769091630.669186,FORWARDED,5192faf8-54eb-4304-b9b2-4ff4f71d9856,08529bc7-ea51-43bd-bc52-84cbb40fa158,c2,c1,1452,?,i6,
1769091630.7853618,RECEIVED,755f9c1b-49a0-40ae-a94d-622a3bbd348a,050ae535-3080-4da6-9f94-514d451def85,c3,c4,2043,p3,?,
1769091630.9286776,SENT,99c7eed2-4361-4bad-82e5-49edc2d6ae87,49120e17-7a0f-4461-9bf2-9b5dcef6aa7d,c1,DROP,1020,?,i8,
1769091630.928721,FORWARDED,99c7eed2-4361-4bad-82e5-49edc2d6ae87,49120e17-7a0f-4461-9bf2-9b5dcef6aa7d,c1,DROP,1020,?,i8,
1769091630.9602914,RECEIVED,2334eff1-1374-4a01-88c6-5bb67235b416,f00e375b-526b-49e2-a227-592e1c62d97e,c3,DROP,441,x8,?,
1769091631.0192187,RECEIVED,97cc4bdf-6326-4ad0-9b47-401799f02d46,e3b6d45f-a197-4809-8fcc-b9b840775ad8,c2,DROP,1456,p2,?,
1769091631.3381395,FORWARDED,97cc4bdf-6326-4ad0-9b47-401799f02d46,e3b6d45f-a197-4809-8fcc-b9b840775ad8,c2,DROP,1019,?,i6,
1769091631.4773586,SENT,c005303d-2e50-4256-8a63-68c72c7d19ad,5cd134cb-c697-4f8f-b908-6f6ba27270a1,c3,c4,1460,?,i7,
1769091631.4774034,FORWARDED,c005303d-2e50-4256-8a63-68c72c7d19ad,5cd134cb-c697-4f8f-b908-6f6ba27270a1,c3,c4,1460,?,i7,
1769091631.488753,SENT,755f9c1b-49a0-40ae-a94d-622a3bbd348a,050ae535-3080-4da6-9f94-514d451def85,c3,c4,1460,?,i2,
1769091631.488798,FORWARDED,755f9c1b-49a0-40ae-a94d-622a3bbd348a,050ae535-3080-4da6-9f94-514d451def85,c3,c4,1460,?,i2,
1769091631.6226356,RECEIVED,fe35adf1-a714-46e9-a67a-f7d0af522d4e,86802d67-d5d7-4584-a57a-2e5565f4522d,c1,c5,2035,p1,?,
1769091631.8328915,RECEIVED,29904d8c-51f8-41e2-b352-0e780513c177,2fb59025-f788-413a-935c-afba95169fc1,c2,c1,2035,p2,?,
1769091631.8889995,RECEIVED,2157e6c0-ff18-454f-9968-3b866fbce5c2,4b730eaa-2c3f-4fc5-aed2-197b16fa1678,c5,c4,2048,p2,?,
1769091632.0753467,SENT,29904d8c-51f8-41e2-b352-0e780513c177,2fb59025-f788-413a-935c-afba95169fc1,c2,c1,1455,?,i4,
1769091632.0753865,FORWARDED,29904d8c-51f8-41e2-b352-0e780513c177,2fb59025-f788-413a-935c-afba95169fc1,c2,c1,1455,?,i4,
1769091632.1082857,RECEIVED,a6a98f5d-0fc1-4c37-b985-24860920f080,c349caf9-919b-4d42-8081-46f602f9ad9c,c5,c4,2031,p2,?,
1769091632.1498842,RECEIVED,90412196-ee9e-4605-82ac-ffba62909f48,57655185-5f4f-4c86-a2ba-25bf950d93e1,c2,c1,2044,p2,?,
1769091632.1511266,RECEIVED,8ab58036-5cd8-4e04-afd1-cd39f84646c4,faa1fe35-e4b2-48f1-9f45-faaac1cf4e1e,c1,DROP,445,x9,?,
1769091632.290881,RECEIVED,a85b3008-9a86-420a-8804-2f3fd84898fd,5c1e1001-8715-4ee3-99e5-9735351125ea,c1,c5,2040,p1,?,
1769091632.3778634,SENT,a85b3008-9a86-420a-8804-2f3fd84898fd,5c1e1001-8715-4ee3-99e5-9735351125ea,c1,c5,1458,?,i10,
1769091632.377905,FORWARDED,a85b3008-9a86-420a-8804-2f3fd84898fd,5c1e1001-8715-4ee3-99e5-9735351125ea,c1,c5,1458,?,i10,
1769091632.3922145,SENT,90412196-ee9e-4605-82ac-ffba62909f48,57655185-5f4f-4c86-a2ba-25bf950d93e1,c2,c1,1459,?,i8,
1769091632.3922575,FORWARDED,90412196-ee9e-4605-82ac-ffba62909f48,57655185-5f4f-4c86-a2ba-25bf950d93e1,c2,c1,1459,?,i8,
1769091632.476266,RECEIVED,4da746a9-bd32-4ffa-9d76-cdea30f863b0,c67448ed-77ab-4b3d-8a65-18beb2b03923,c4,DROP,1441,p1,?,
1769091632.5056148,SENT,fe35adf1-a714-46e9-a67a-f7d0af522d4e,86802d67-d5d7-4584-a57a-2e5565f4522d,c1,c5,1455,?,i3,
1769091632.5056558,FORWARDED,fe35adf1-a714-46e9-a67a-f7d0af522d4e,86802d67-d5d7-4584-a57a-2e5565f4522d,c1,c5,1455,?,i3,
1769091632.5059803,RECEIVED,14de46af-5ee8-4e16-8795-6bdba259dd32,e2007c9f-aacd-4942-b068-54f542fe6930,c1,c5,2036,p1,?,
1769091632.558645,RECEIVED,1e50ff67-732c-4e1f-af87-c922d8b535c5,f954bb4a-1c46-4e8d-958d-4fb85b3529da,c1,c5,2035,p1,?,
1769091632.6100156,SENT,14de46af-5ee8-4e16-8795-6bdba259dd32,e2007c9f-aacd-4942-b068-54f542fe6930,c1,c5,1455,?,i1,
1769091632.6106489,FORWARDED,14de46af-5ee8-4e16-8795-6bdba259dd32,e2007c9f-aacd-4942-b068-54f542fe6930,c1,c5,1455,?,i1,
1769091632.621396,SENT,4da746a9-bd32-4ffa-9d76-cdea30f863b0,c67448ed-77ab-4b3d-8a65-18beb2b03923,c4,DROP,1007,?,i11,
1769091632.6214461,FORWARDED,4da746a9-bd32-4ffa-9d76-cdea30f863b0,c67448ed-77ab-4b3d-8a65-18beb2b03923,c4,DROP,1007,?,i11,
1769091632.7252402,SENT,a6a98f5d-0fc1-4c37-b985-24860920f080,c349caf9-919b-4d42-8081-46f602f9ad9c,c5,c4,1450,?,i1,
1769091632.725281,FORWARDED,a6a98f5d-0fc1-4c37-b985-24860920f080,c349caf9-919b-4d42-8081-46f602f9ad9c,c5,c4,1450,?,i1,
1769091632.8318095,RECEIVED,4a4a1f0d-1526-4a13-96a9-d01ecbe0cee5,7cf6a30f-ff36-45e0-b66d-5f85c22dcc65,c4,DROP,1439,p1,?,
1769091632.9448543,SENT,2157e6c0-ff18-454f-9968-3b866fbce5c2,4b730eaa-2c3f-4fc5-aed2-197b16fa1678,c5,c4,1464,?,i12,
1769091632.944897,FORWARDED,2157e6c0-ff18-454f-9968-3b866fbce5c2,4b730eaa-2c3f-4fc5-aed2-197b16fa1678,c5,c4,1464,?,i12,
1769091633.045673,RECEIVED,51e167e4-77b4-4584-add9-8ca9c24788c3,41cb1248-ce7d-4894-ab35-c5e7a01cbf1d,c4,c1,2041,p1,?,
1769091633.053492,RECEIVED,94c32a95-2ab0-4467-98fd-5c267ef9bfc1,bfed092f-33fe-4092-a40b-213ff9ab1582,c4,DROP,1453,p1,?,
1769091633.1469207,SENT,94c32a95-2ab0-4467-98fd-5c267ef9bfc1,bfed092f-33fe-4092-a40b-213ff9ab1582,c4,DROP,1016,?,i1,
1769091633.147034,FORWARDED,94c32a95-2ab0-4467-98fd-5c267ef9bfc1,bfed092f-33fe-4092-a40b-213ff9ab1582,c4,DROP,1016,?,i1,
1769091633.1487677,SENT,51e167e4-77b4-4584-add9-8ca9c24788c3,41cb1248-ce7d-4894-ab35-c5e7a01cbf1d,c4,c1,1456,?,i12,
1769091633.1490703,FORWARDED,51e167e4-77b4-4584-add9-8ca9c24788c3,41cb1248-ce7d-4894-ab35-c5e7a01cbf1d,c4,c1,1456,?,i12,
1769091633.3457115,RECEIVED,21a6a208-0cea-408b-9480-4b369dd8ea01,6e128faf-50ac-40ab-ab28-84a561e7995f,c2,c1,2040,p2,?,
1769091633.3785317,RECEIVED,a5d8c09e-ba0f-4984-84e3-591d838c6a0a,36467e7c-0afd-46d1-b024-69af546602c0,c4,DROP,1441,p1,?,
1769091633.4289427,SENT,4a4a1f0d-1526-4a13-96a9-d01ecbe0cee5,7cf6a30f-ff36-45e0-b66d-5f85c22dcc65,c4,DROP,1007,?,i4,
1769091633.4289784,FORWARDED,4a4a1f0d-1526-4a13-96a9-d01ecbe0cee5,7cf6a30f-ff36-45e0-b66d-5f85c22dcc65,c4,DROP,1007,?,i4,
1769091633.468102,SENT,a5d8c09e-ba0f-4984-84e3-591d838c6a0a,36467e7c-0afd-46d1-b024-69af546602c0,c4,DROP,1008,?,i10,
1769091633.468226,FORWARDED,a5d8c09e-ba0f-4984-84e3-591d838c6a0a,36467e7c-0afd-46d1-b024-69af546602c0,c4,DROP,1008,?,i10,
1769091633.4742105,FORWARDED,21a6a208-0cea-408b-9480-4b369dd8ea01,6e128faf-50ac-40ab-ab28-84a561e7995f,c2,c1,1456,?,i6,
1769091633.5442228,RECEIVED,9251bb1b-03f8-4dde-9cfc-f59315f4786f,3011de5a-fb91-4376-8eda-7eab4bc9613b,c4,DROP,1444,p1,?,
1769091633.5941837,RECEIVED,25ce9c33-a897-496e-abb4-413da03b8e25,dcb5d23a-6105-46e7-9909-e596cb59abfa,c1,DROP,441,x8,?,
1769091633.740224,SENT,9251bb1b-03f8-4dde-9cfc-f59315f4786f,3011de5a-fb91-4376-8eda-7eab4bc9613b,c4,DROP,1010,?,i9,
1769091633.740617,FORWARDED,9251bb1b-03f8-4dde-9cfc-f59315f4786f,3011de5a-fb91-4376-8eda-7eab4bc9613b,c4,DROP,1010,?,i9,
1769091633.9306617,RECEIVED,3e078ca1-c55e-4406-98f8-1fa6a57c09df,a11782f7-242c-49cc-8666-e4496171b3a8,c2,c1,2045,p2,?,
1769091634.0993276,RECEIVED,e2084f7f-290a-4278-b051-363be8633f02,5b603343-7bb7-4c9b-ac38-0c91015e85bf,c3,c4,2031,p3,?,
1769091634.1424348,SENT,3e078ca1-c55e-4406-98f8-1fa6a57c09df,a11782f7-242c-49cc-8666-e4496171b3a8,c2,c1,1461,?,i12,
1769091634.1424773,FORWARDED,3e078ca1-c55e-4406-98f8-1fa6a57c09df,a11782f7-242c-49cc-8666-e4496171b3a8,c2,c1,1461,?,i12,
1769091634.3054907,RECEIVED,82798233-f80b-4843-a24d-66da260b636e,3f88cf31-8727-40aa-9faa-f1404e10b960,c5,DROP,1461,p2,?,
1769091634.335562,RECEIVED,2d4d4c63-94dc-4d89-bec6-d32c3d9c6e53,6ccb7d0b-d79c-42b2-b45a-4b337c642573,c1,c5,2039,p1,?,
1769091634.347878,SENT,82798233-f80b-4843-a24d-66da260b636e,3f88cf31-8727-40aa-9faa-f1404e10b960,c5,DROP,1021,?,i5,
1769091634.3479176,FORWARDED,82798233-f80b-4843-a24d-66da260b636e,3f88cf31-8727-40aa-9faa-f1404e10b960,c5,DROP,1021,?,i5,
1769091634.3725762,SENT,1e50ff67-732c-4e1f-af87-c922d8b535c5,f954bb4a-1c46-4e8d-958d-4fb85b3529da,c1,c5,1455,?,i9,
1769091634.3727207,FORWARDED,1e50ff67-732c-4e1f-af87-c922d8b535c5,f954bb4a-1c46-4e8d-958d-4fb85b3529da,c1,c5,1455,?,i9,
1769091634.4509323,SENT,2d4d4c63-94dc-4d89-bec6-d32c3d9c6e53,6ccb7d0b-d79c-42b2-b45a-4b337c642573,c1,c5,1457,?,i3,
1769091634.450974,FORWARDED,2d4d4c63-94dc-4d89-bec6-d32c3d9c6e53,6ccb7d0b-d79c-42b2-b45a-4b337c642573,c1,c5,1457,?,i3,
1769091634.5306995,SENT,e2084f7f-290a-4278-b051-363be8633f02,5b603343-7bb7-4c9b-ac38-0c91015e85bf,c3,c4,1452,?,i2,
1769091634.5307415,FORWARDED,e2084f7f-290a-4278-b051-363be8633f02,5b603343-7bb7-4c9b-ac38-0c91015e85bf,c3,c4,1452,?,i2,
1769091634.6747026,RECEIVED,a3ccddd1-01c3-4c12-86e7-8b1cdd2ee9db,ba6fabaf-cb05-4354-a0ad-6c89fb2757f2,c3,DROP,445,x4,?,
1769091634.922644,RECEIVED,18b4a11f-3680-45df-8596-4cad1e8c2eaf,660c8ca1-d39f-420b-823d-aa1c58533916,c1,c5,2039,p1,?,
1769091634.957244,RECEIVED,afc14690-5331-4ef2-98e6-c2590903888e,bfd6e379-4fd3-4d9e-b023-282bef0416cc,c5,c4,2024,p2,?,
1769091635.17079,RECEIVED,d7b7bdf0-e503-4911-b9a8-643665204ec0,6c68f01a-ac35-4378-a879-94c2b1a548a6,c3,c4,2050,p3,?,
1769091635.2023847,SENT,afc14690-5331-4ef2-98e6-c2590903888e,bfd6e379-4fd3-4d9e-b023-282bef0416cc,c5,c4,1444,?,i5,
1769091635.2024198,FORWARDED,afc14690-5331-4ef2-98e6-c2590903888e,bfd6e379-4fd3-4d9e-b023-282bef0416cc,c5,c4,1444,?,i5,
1769091635.2307372,RECEIVED,628dcc7b-1643-4d23-babb-895387484fa0,e614beb0-184c-4346-a227-256e330640d1,c2,DROP,1458,p2,?,
1769091635.3037953,SENT,628dcc7b-1643-4d23-babb-895387484fa0,e614beb0-184c-4346-a227-256e330640d1,c2,DROP,1020,?,i10,
1769091635.303845,FORWARDED,628dcc7b-1643-4d23-babb-895387484fa0,e614beb0-184c-4346-a227-256e330640d1,c2,DROP,1020,?,i10,
1769091635.4820378,RECEIVED,dab8a7c9-b68f-40b6-943f-2f50ad5d1cc8,72c9e21d-8161-479a-98ed-a914da2bb133,c2,c1,2035,p2,?,
1769091635.5518491,SENT,18b4a11f-3680-45df-8596-4cad1e8c2eaf,660c8ca1-d39f-420b-823d-aa1c58533916,c1,c5,1457,?,i5,
1769091635.5518918,FORWARDED,18b4a11f-3680-45df-8596-4cad1e8c2eaf,660c8ca1-d39f-420b-823d-aa1c58533916,c1,c5,1457,?,i5,
1769091635.6305265,RECEIVED,cf0e83b2-d661-44a0-8fe3-37638e273b48,1268561d-56cc-40fc-be56-0fdf8831e432,c3,DROP,441,x7,?,
1769091635.6654623,RECEIVED,1c446df0-5c7e-4b73-81e8-b12a80b2b99e,11fa7153-fb89-485b-b3f7-619c0e7aa749,c4,c1,2040,p1,?,
1769091635.714478,RECEIVED,f97d59b9-0454-4b5b-ac45-49d5fd9b6797,8edf1077-8498-4aab-8b53-4347cb6a74d3,c5,DROP,1447,p2,?,
1769091635.76907,RECEIVED,bea83b40-4db6-44f5-b884-89b5544481aa,ae45fb45-20bf-4e84-97ec-a65f58c5e529,c3,c4,2042,p3,?,
1769091635.8554342,SENT,f97d59b9-0454-4b5b-ac45-49d5fd9b6797,8edf1077-8498-4aab-8b53-4347cb6a74d3,c5,DROP,1013,?,i2,
1769091635.8554757,FORWARDED,f97d59b9-0454-4b5b-ac45-49d5fd9b6797,8edf1077-8498-4aab-8b53-4347cb6a74d3,c5,DROP,1013,?,i2,
1769091635.8793862,FORWARDED,bea83b40-4db6-44f5-b884-89b5544481aa,ae45fb45-20bf-4e84-97ec-a65f58c5e529,c3,c4,1460,?,i6,
1769091635.8909993,SENT,1c446df0-5c7e-4b73-81e8-b12a80b2b99e,11fa7153-fb89-485b-b3f7-619c0e7aa749,c4,c1,1456,?,i7,
1769091635.8912134,FORWARDED,1c446df0-5c7e-4b73-81e8-b12a80b2b99e,11fa7153-fb89-485b-b3f7-619c0e7aa749,c4,c1,1456,?,i7,
1769091635.9255762,RECEIVED,dd6d64b8-1138-408a-b6c6-ccb5573161c7,7a857ea0-38b5-4506-b7f1-6c58392a6191,c3,DROP,441,x7,?,
1769091636.0178556,SENT,dab8a7c9-b68f-40b6-943f-2f50ad5d1cc8,72c9e21d-8161-479a-98ed-a914da2bb133,c2,c1,1455,?,i9,
1769091636.0179055,FORWARDED,dab8a7c9-b68f-40b6-943f-2f50ad5d1cc8,72c9e21d-8161-479a-98ed-a914da2bb133,c2,c1,1455,?,i9,
1769091636.0664423,RECEIVED,af9eae17-15d8-4f5e-ae0e-473ebe139390,5c7bb883-7976-4481-b654-e0c95b31a6a2,c2,c1,2030,p2,?,
1769091636.161671,RECEIVED,7dcf90c6-4629-446f-8cb4-48964d619318,de9f1b92-eff2-4ea2-9b75-888e2dbabc76,c1,c5,2035,p1,?,
1769091636.187614,RECEIVED,7bbaf842-73f0-4946-8681-f937e00e6f26,068801aa-4935-471b-986e-8fdba46a763e,c2,c1,2037,p2,?,
1769091636.3960412,SENT,d7b7bdf0-e503-4911-b9a8-643665204ec0,6c68f01a-ac35-4378-a879-94c2b1a548a6,c3,c4,1465,?,i1,
1769091636.3961036,FORWARDED,d7b7bdf0-e503-4911-b9a8-643665204ec0,6c68f01a-ac35-4378-a879-94c2b1a548a6,c3,c4,1465,?,i1,
1769091636.441635,SENT,7dcf90c6-4629-446f-8cb4-48964d619318,de9f1b92-eff2-4ea2-9b75-888e2dbabc76,c1,c5,1455,?,i5,
1769091636.4416757,FORWARDED,7dcf90c6-4629-446f-8cb4-48964d619318,de9f1b92-eff2-4ea2-9b75-888e2dbabc76,c1,c5,1455,?,i5,
1769091636.4679425,RECEIVED,45602716-7b5e-462d-aceb-a4e2439a190f,3c65c98e-1401-4133-89c4-5e1919d49f0f,c5,c4,2032,p2,?,
1769091636.4983773,SENT,7bbaf842-73f0-4946-8681-f937e00e6f26,068801aa-4935-471b-986e-8fdba46a763e,c2,c1,1454,?,i12,
1769091636.4984171,FORWARDED,7bbaf842-73f0-4946-8681-f937e00e6f26,068801aa-4935-471b-986e-8fdba46a763e,c2,c1,1454,?,i12,
1769091636.5764077,RECEIVED,2c989504-77ff-4566-b863-a7f40db2bf60,f5d208d0-2571-4bca-80fa-c1bb5afc92ca,c2,c1,2019,p2,?,
1769091636.6393914,RECEIVED,579b5d34-6923-4058-ab90-d328074c46ff,701d8a50-b1bb-40e4-9616-d667086d9378,c2,c1,2035,p2,?,
1769091636.6697793,SENT,af9eae17-15d8-4f5e-ae0e-473ebe139390,5c7bb883-7976-4481-b654-e0c95b31a6a2,c2,c1,1452,?,i7,
1769091636.6698215,FORWARDED,af9eae17-15d8-4f5e-ae0e-473ebe139390,5c7bb883-7976-4481-b654-e0c95b31a6a2,c2,c1,1452,?,i7,
1769091636.76447,RECEIVED,b79fea3e-aaa5-4b00-8762-af5cb19ff421,b3662af0-75d7-4fe6-a762-2e0164e3021f,c1,c5,2019,p1,?,
1769091636.9495409,RECEIVED,73cfbc92-de9d-4c12-81a6-c56a51d4e5e8,e3b0078e-13c4-480d-aa7f-a03564c6a219,c3,c4,2032,p3,?,
1769091637.026501,SENT,73cfbc92-de9d-4c12-81a6-c56a51d4e5e8,e3b0078e-13c4-480d-aa7f-a03564c6a219,c3,c4,1451,?,i7,
1769091637.0265439,FORWARDED,73cfbc92-de9d-4c12-81a6-c56a51d4e5e8,e3b0078e-13c4-480d-aa7f-a03564c6a219,c3,c4,1451,?,i7,
1769091637.1878872,SENT,2c989504-77ff-4566-b863-a7f40db2bf60,f5d208d0-2571-4bca-80fa-c1bb5afc92ca,c2,c1,1443,?,i1,
1769091637.1879287,FORWARDED,2c989504-77ff-4566-b863-a7f40db2bf60,f5d208d0-2571-4bca-80fa-c1bb5afc92ca,c2,c1,1443,?,i1,
1769091637.331512,SENT,579b5d34-6923-4058-ab90-d328074c46ff,701d8a50-b1bb-40e4-9616-d667086d9378,c2,c1,1455,?,i8,
1769091637.3315554,FORWARDED,579b5d34-6923-4058-ab90-d328074c46ff,701d8a50-b1bb-40e4-9616-d667086d9378,c2,c1,1455,?,i8,
1769091637.4071,RECEIVED,17ee6198-e3b4-4e8d-b606-9a99de51b86f,ad29767c-72ec-4168-be5e-e852b963a580,c4,c1,2032,p1,?,
1769091637.5241735,SENT,b79fea3e-aaa5-4b00-8762-af5cb19ff421,b3662af0-75d7-4fe6-a762-2e0164e3021f,c1,c5,1443,?,i1,
1769091637.5242178,FORWARDED,b79fea3e-aaa5-4b00-8762-af5cb19ff421,b3662af0-75d7-4fe6-a762-2e0164e3021f,c1,c5,1443,?,i1,
1769091637.5914264,RECEIVED,09fc163c-4917-493b-817b-6f8ddc8e08f0,af9d231e-580a-4f2f-9845-23bd088fbdc1,c2,c1,2035,p2,?,
1769091637.6507025,RECEIVED,bc3e02ca-6001-4e40-8f13-5c5f616e95ca,6971a2c9-c796-408f-a135-6934a6968b0e,c4,DROP,441,x6,?,
1769091637.6567187,SENT,17ee6198-e3b4-4e8d-b606-9a99de51b86f,ad29767c-72ec-4168-be5e-e852b963a580,c4,c1,1452,?,i5,
1769091637.6567616,FORWARDED,17ee6198-e3b4-4e8d-b606-9a99de51b86f,ad29767c-72ec-4168-be5e-e852b963a580,c4,c1,1452,?,i5,
1769091637.8883145,SENT,09fc163c-4917-493b-817b-6f8ddc8e08f0,af9d231e-580a-4f2f-9845-23bd088fbdc1,c2,c1,1453,?,i5,
1769091637.888582,FORWARDED,09fc163c-4917-493b-817b-6f8ddc8e08f0,af9d231e-580a-4f2f-9845-23bd088fbdc1,c2,c1,1453,?,i5,
1769091638.10963,RECEIVED,b9d79260-434c-4842-90f8-703642a0e2b9,6d7fb952-01d4-4504-9c08-302b289a684b,c2,c1,2048,p2,?,
1769091638.1298487,RECEIVED,0f4191f1-8c36-45fc-825a-0ce2998966f4,62b00045-9af1-44f5-841b-7783369b4756,c3,c4,2031,p3,?,
1769091638.1423497,RECEIVED,c7a9dd43-383c-4b1b-893e-ed55a884c8f8,51344028-96b1-46f7-8d18-b791887a66fb,c4,DROP,1440,p1,?,
1769091638.1898983,SENT,b9d79260-434c-4842-90f8-703642a0e2b9,6d7fb952-01d4-4504-9c08-302b289a684b,c2,c1,1462,?,i9,
1769091638.1899517,FORWARDED,b9d79260-434c-4842-90f8-703642a0e2b9,6d7fb952-01d4-4504-9c08-302b289a684b,c2,c1,1462,?,i9,
1769091638.2298937,SENT,c7a9dd43-383c-4b1b-893e-ed55a884c8f8,51344028-96b1-46f7-8d18-b791887a66fb,c4,DROP,1007,?,i8,
1769091638.229934,FORWARDED,c7a9dd43-383c-4b1b-893e-ed55a884c8f8,51344028-96b1-46f7-8d18-b791887a66fb,c4,DROP,1007,?,i8,
1769091638.3058934,SENT,45602716-7b5e-462d-aceb-a4e2439a190f,3c65c98e-1401-4133-89c4-5e1919d49f0f,c5,c4,1452,?,i12,
1769091638.305935,FORWARDED,45602716-7b5e-462d-aceb-a4e2439a190f,3c65c98e-1401-4133-89c4-5e1919d49f0f,c5,c4,1452,?,i12,
1769091638.489482,RECEIVED,fef469c1-5cb6-4667-ace4-a5280eace6b5,e456efe9-b299-4850-9060-de44795ab54d,c2,c1,2045,p2,?,
1769091638.557137,SENT,0f4191f1-8c36-45fc-825a-0ce2998966f4,62b00045-9af1-44f5-841b-7783369b4756,c3,c4,1452,?,i2,
1769091638.5571806,FORWARDED,0f4191f1-8c36-45fc-825a-0ce2998966f4,62b00045-9af1-44f5-841b-7783369b4756,c3,c4,1452,?,i2,
1769091638.913203,RECEIVED,f5cff9e8-c333-4db9-96f6-47497c4a7dce,fc33fc32-79e4-423b-9e2a-6b3f56ce0305,c2,c1,2035,p2,?,
1769091638.9646618,SENT,fef469c1-5cb6-4667-ace4-a5280eace6b5,e456efe9-b299-4850-9060-de44795ab54d,c2,c1,1460,?,i10,
1769091638.9647045,FORWARDED,fef469c1-5cb6-4667-ace4-a5280eace6b5,e456efe9-b299-4850-9060-de44795ab54d,c2,c1,1460,?,i10,
1769091639.4942026,RECEIVED,6231150e-5ece-4e8a-b2d3-d7d36281f45f,8962afbb-e748-402d-ae31-8509b80b3cfb,c3,DROP,1437,p3,?,
1769091639.5161493,RECEIVED,5afa9c62-7f4b-412f-8e06-17c0a2419622,44a3b451-2cce-4336-9947-b0a075da8af5,c1,c5,2027,p1,?,
1769091639.718887,RECEIVED,8f7e1071-8dee-4495-8c7e-0ab7e87257bc,c88959ef-6478-4f11-871a-3a84891f0f36,c5,c4,2044,p2,?,
1769091639.7355907,SENT,5afa9c62-7f4b-412f-8e06-17c0a2419622,44a3b451-2cce-4336-9947-b0a075da8af5,c1,c5,1447,?,i8,
1769091639.7356334,FORWARDED,5afa9c62-7f4b-412f-8e06-17c0a2419622,44a3b451-2cce-4336-9947-b0a075da8af5,c1,c5,1447,?,i8,
1769091639.737462,RECEIVED,d141444a-530c-457f-999f-32dd72d4ddc7,8eaa2697-22c4-4376-899c-3f683a999682,c4,c1,2037,p1,?,
1769091639.7814293,SENT,d141444a-530c-457f-999f-32dd72d4ddc7,8eaa2697-22c4-4376-899c-3f683a999682,c4,c1,1455,?,i4,
1769091639.781483,FORWARDED,d141444a-530c-457f-999f-32dd72d4ddc7,8eaa2697-22c4-4376-899c-3f683a999682,c4,c1,1455,?,i4,
1769091639.789045,SENT,6231150e-5ece-4e8a-b2d3-d7d36281f45f,8962afbb-e748-402d-ae31-8509b80b3cfb,c3,DROP,1008,?,i8,
1769091639.7891018,FORWARDED,6231150e-5ece-4e8a-b2d3-d7d36281f45f,8962afbb-e748-402d-ae31-8509b80b3cfb,c3,DROP,1008,?,i8,
1769091639.8392537,SENT,8f7e1071-8dee-4495-8c7e-0ab7e87257bc,c88959ef-6478-4f11-871a-3a84891f0f36,c5,c4,1459,?,i2,
1769091639.8392947,FORWARDED,8f7e1071-8dee-4495-8c7e-0ab7e87257bc,c88959ef-6478-4f11-871a-3a84891f0f36,c5,c4,1459,?,i2,
1769091640.040526,RECEIVED,60631e26-8e5e-4d0d-b84d-0c362459f664,909dbd7e-a2b7-4c9f-9217-6d764e3014ec,c3,c4,2023,p3,?,
1769091640.1033318,SENT,f5cff9e8-c333-4db9-96f6-47497c4a7dce,fc33fc32-79e4-423b-9e2a-6b3f56ce0305,c2,c1,1455,?,i4,
1769091640.1033752,FORWARDED,f5cff9e8-c333-4db9-96f6-47497c4a7dce,fc33fc32-79e4-423b-9e2a-6b3f56ce0305,c2,c1,1455,?,i4,
1769091640.612006,RECEIVED,30f411c4-1f6b-481d-af6d-7a9728ed6d8d,10337d5a-a0e4-46eb-808b-524479e39c84,c5,c4,2031,p2,?,
1769091640.7296548,RECEIVED,9c7c9f1a-7d2d-4f75-9eed-c97c8a5ca8d0,f3eee260-6aab-4dd6-a918-ff5c557806c2,c2,c1,2040,p2,?,
1769091640.754007,RECEIVED,737a1a4e-11c7-401b-8fef-560c8dac9bda,b5e08dd6-8de1-484c-b364-3324ce811443,c3,c4,2039,p3,?,
1769091640.8714852,SENT,9c7c9f1a-7d2d-4f75-9eed-c97c8a5ca8d0,f3eee260-6aab-4dd6-a918-ff5c557806c2,c2,c1,1456,?,i5,
1769091640.8715284,FORWARDED,9c7c9f1a-7d2d-4f75-9eed-c97c8a5ca8d0,f3eee260-6aab-4dd6-a918-ff5c557806c2,c2,c1,1456,?,i5,
1769091640.9237227,RECEIVED,8213b808-9eff-4242-ab46-088c0ff718e0,747dfa7e-f379-4250-b499-24bf1aaa9f8f,c4,DROP,1452,p1,?,
1769091640.9733415,RECEIVED,82cd0db5-2353-4b6b-ace9-b41ad77b6bed,c11ce1da-a03b-4191-9d40-037da14262a1,c2,DROP,1459,p2,?,
1769091641.0416021,RECEIVED,a14310d6-033f-4cdc-9ee7-13d6b56edbb8,8a3ea8a2-4778-445c-abe0-db66eed5d8dd,c3,DROP,1455,p3,?,
1769091641.1807258,RECEIVED,115d6388-c214-4581-8933-2a8b1166b0bf,9a2bd2ca-2231-4357-9467-4fe79ab69cba,c1,c5,2039,p1,?,
1769091641.2197065,SENT,30f411c4-1f6b-481d-af6d-7a9728ed6d8d,10337d5a-a0e4-46eb-808b-524479e39c84,c5,c4,1452,?,i1,
1769091641.219748,FORWARDED,30f411c4-1f6b-481d-af6d-7a9728ed6d8d,10337d5a-a0e4-46eb-808b-524479e39c84,c5,c4,1452,?,i1,
1769091641.293261,SENT,8213b808-9eff-4242-ab46-088c0ff718e0,747dfa7e-f379-4250-b499-24bf1aaa9f8f,c4,DROP,1017,?,i9,
1769091641.293303,FORWARDED,8213b808-9eff-4242-ab46-088c0ff718e0,747dfa7e-f379-4250-b499-24bf1aaa9f8f,c4,DROP,1017,?,i9,
1769091641.463293,SENT,60631e26-8e5e-4d0d-b84d-0c362459f664,909dbd7e-a2b7-4c9f-9217-6d764e3014ec,c3,c4,1444,?,i3,
1769091641.463366,FORWARDED,60631e26-8e5e-4d0d-b84d-0c362459f664,909dbd7e-a2b7-4c9f-9217-6d764e3014ec,c3,c4,1444,?,i3,
1769091641.495169,SENT,82cd0db5-2353-4b6b-ace9-b41ad77b6bed,c11ce1da-a03b-4191-9d40-037da14262a1,c2,DROP,1021,?,i4,
1769091641.4952118,FORWARDED,82cd0db5-2353-4b6b-ace9-b41ad77b6bed,c11ce1da-a03b-4191-9d40-037da14262a1,c2,DROP,1021,?,i4,
1769091641.7048144,RECEIVED,2c5306c3-b429-43fd-8228-67b75d285c92,76686acf-a82a-4665-8691-ea8a829bb765,c5,DROP,1443,p2,?,
1769091641.7147298,FORWARDED,115d6388-c214-4581-8933-2a8b1166b0bf,9a2bd2ca-2231-4357-9467-4fe79ab69cba,c1,c5,1456,?,i6,
1769091641.7975786,RECEIVED,ba2345f4-c979-4be0-97b6-9f894e958999,c3a94e83-e4ef-42c2-80df-41d718bde240,c5,c4,2039,p2,?,
1769091641.911147,RECEIVED,a00b1cb2-1a86-41ed-bac8-d315f888f11f,855caa0b-b952-47f1-bb0a-9e56216074ae,c5,c4,2041,p2,?,
1769091641.9618073,FORWARDED,737a1a4e-11c7-401b-8fef-560c8dac9bda,b5e08dd6-8de1-484c-b364-3324ce811443,c3,c4,1457,?,i6,
1769091641.9691563,RECEIVED,5f0effaa-8d72-4a6f-9040-2febc93bff2c,853bc965-51b4-4584-b490-e7a45c136d02,c3,DROP,1441,p3,?,
1769091642.0771499,SENT,2c5306c3-b429-43fd-8228-67b75d285c92,76686acf-a82a-4665-8691-ea8a829bb765,c5,DROP,1011,?,i5,
1769091642.0771976,FORWARDED,2c5306c3-b429-43fd-8228-67b75d285c92,76686acf-a82a-4665-8691-ea8a829bb765,c5,DROP,1011,?,i5,
1769091642.0991585,SENT,a00b1cb2-1a86-41ed-bac8-d315f888f11f,855caa0b-b952-47f1-bb0a-9e56216074ae,c5,c4,1457,?,i12,
1769091642.0991998,FORWARDED,a00b1cb2-1a86-41ed-bac8-d315f888f11f,855caa0b-b952-47f1-bb0a-9e56216074ae,c5,c4,1457,?,i12,
1769091642.4022975,SENT,5f0effaa-8d72-4a6f-9040-2febc93bff2c,853bc965-51b4-4584-b490-e7a45c136d02,c3,DROP,1007,?,i11,
1769091642.4023378,FORWARDED,5f0effaa-8d72-4a6f-9040-2febc93bff2c,853bc965-51b4-4584-b490-e7a45c136d02,c3,DROP,1007,?,i11,
1769091642.4214973,SENT,ba2345f4-c979-4be0-97b6-9f894e958999,c3a94e83-e4ef-42c2-80df-41d718bde240,c5,c4,1456,?,i8,
1769091642.421541,FORWARDED,ba2345f4-c979-4be0-97b6-9f894e958999,c3a94e83-e4ef-42c2-80df-41d718bde240,c5,c4,1456,?,i8,
1769091642.546145,RECEIVED,fb6fb590-977f-48d7-9d59-2c02062b2aeb,e6e56083-e4cd-4e59-8619-fc7064c630b5,c2,DROP,1439,p2,?,
1769091642.6974819,RECEIVED,5767b76c-1501-4e4a-ad3c-e578af7e4613,4f156849-0746-4a87-b9c7-eff09d5ca820,c5,DROP,1451,p2,?,
1769091642.8085146,RECEIVED,c66121dc-bc03-490a-8a16-60e2827daaa4,0d29aff5-bc86-4bbe-92d1-8dbd4607a653,c1,DROP,1439,p1,?,
1769091642.906223,SENT,a14310d6-033f-4cdc-9ee7-13d6b56edbb8,8a3ea8a2-4778-445c-abe0-db66eed5d8dd,c3,DROP,1020,?,i4,
1769091642.9062665,FORWARDED,a14310d6-033f-4cdc-9ee7-13d6b56edbb8,8a3ea8a2-4778-445c-abe0-db66eed5d8dd,c3,DROP,1020,?,i4,
1769091643.1312406,RECEIVED,bf57fa60-73bd-438f-9e0d-7683d187aee9,8ce77564-14db-4be4-b648-dd0ee28c2598,c2,DROP,1443,p2,?,
1769091643.2939515,RECEIVED,f1a848b6-5725-4dba-b108-781653b250e4,d6f2cdb9-fabf-486a-9ed5-ec352da9b4c8,c1,DROP,1452,p1,?,
1769091643.3210425,RECEIVED,a06708cc-594a-427e-8bc2-1f89ac1c824e,7882b24f-d601-4ae4-8022-09ebec52a89d,c5,c4,2023,p2,?,
1769091643.3490753,RECEIVED,382bfdd0-229e-4d02-906d-204d1a7dcf42,bf02ac63-51b2-4d04-898b-c1102a049ece,c4,c1,2037,p1,?,
1769091643.3999243,RECEIVED,1b9a7f0a-603e-4260-991f-104412c55471,514f7367-873b-4541-a535-f703a1c67708,c1,c5,2035,p1,?,
1769091643.4105146,SENT,382bfdd0-229e-4d02-906d-204d1a7dcf42,bf02ac63-51b2-4d04-898b-c1102a049ece,c4,c1,1455,?,i1,
1769091643.4105728,FORWARDED,382bfdd0-229e-4d02-906d-204d1a7dcf42,bf02ac63-51b2-4d04-898b-c1102a049ece,c4,c1,1455,?,i1,
1769091643.5124655,FORWARDED,fb6fb590-977f-48d7-9d59-2c02062b2aeb,e6e56083-e4cd-4e59-8619-fc7064c630b5,c2,DROP,1008,?,i6,
1769091643.5223746,SENT,5767b76c-1501-4e4a-ad3c-e578af7e4613,4f156849-0746-4a87-b9c7-eff09d5ca820,c5,DROP,1015,?,i5,
1769091643.5224175,FORWARDED,5767b76c-1501-4e4a-ad3c-e578af7e4613,4f156849-0746-4a87-b9c7-eff09d5ca820,c5,DROP,1015,?,i5,
1769091643.6328075,SENT,c66121dc-bc03-490a-8a16-60e2827daaa4,0d29aff5-bc86-4bbe-92d1-8dbd4607a653,c1,DROP,1007,?,i5,
1769091643.6328492,FORWARDED,c66121dc-bc03-490a-8a16-60e2827daaa4,0d29aff5-bc86-4bbe-92d1-8dbd4607a653,c1,DROP,1007,?,i5,
1769091643.645819,RECEIVED,e9d5ca59-ff0c-46c0-b1a4-98998382df3d,90cf80ba-c910-46fa-8ebd-5a4a7826e0a6,c3,DROP,1457,p3,?,
1769091643.6891377,RECEIVED,f7d00f3a-1bc5-4cd1-86a2-d881368104ac,ef6318e6-9fba-4085-a8a2-cb3fb5a6e310,c5,c4,2045,p2,?,
1769091643.736338,SENT,e9d5ca59-ff0c-46c0-b1a4-98998382df3d,90cf80ba-c910-46fa-8ebd-5a4a7826e0a6,c3,DROP,1019,?,i8,
1769091643.736377,FORWARDED,e9d5ca59-ff0c-46c0-b1a4-98998382df3d,90cf80ba-c910-46fa-8ebd-5a4a7826e0a6,c3,DROP,1019,?,i8,
1769091643.744132,SENT,f1a848b6-5725-4dba-b108-781653b250e4,d6f2cdb9-fabf-486a-9ed5-ec352da9b4c8,c1,DROP,1017,?,i10,
1769091643.7441742,FORWARDED,f1a848b6-5725-4dba-b108-781653b250e4,d6f2cdb9-fabf-486a-9ed5-ec352da9b4c8,c1,DROP,1017,?,i10,
1769091643.7828872,RECEIVED,6783a7a1-a4a2-4454-9a76-506f3cce1cf0,b77488df-2ff2-4787-a134-af360ab9f12f,c4,DROP,1448,p1,?,
1769091643.8464222,FORWARDED,6783a7a1-a4a2-4454-9a76-506f3cce1cf0,b77488df-2ff2-4787-a134-af360ab9f12f,c4,DROP,1013,?,i6,
1769091643.868986,SENT,f7d00f3a-1bc5-4cd1-86a2-d881368104ac,ef6318e6-9fba-4085-a8a2-cb3fb5a6e310,c5,c4,1461,?,i10,
1769091643.8690267,FORWARDED,f7d00f3a-1bc5-4cd1-86a2-d881368104ac,ef6318e6-9fba-4085-a8a2-cb3fb5a6e310,c5,c4,1461,?,i10,
1769091643.9009867,SENT,a06708cc-594a-427e-8bc2-1f89ac1c824e,7882b24f-d601-4ae4-8022-09ebec52a89d,c5,c4,1446,?,i5,
1769091643.9010289,FORWARDED,a06708cc-594a-427e-8bc2-1f89ac1c824e,7882b24f-d601-4ae4-8022-09ebec52a89d,c5,c4,1446,?,i5,
1769091644.1616058,RECEIVED,f13ecf19-c2eb-4724-81d8-dbb23aa3f2fe,34efdd82-89a2-43b9-a51c-596e80ba0ca2,c2,c1,2044,p2,?,
1769091644.2763233,SENT,f13ecf19-c2eb-4724-81d8-dbb23aa3f2fe,34efdd82-89a2-43b9-a51c-596e80ba0ca2,c2,c1,1460,?,i9,
1769091644.2763743,FORWARDED,f13ecf19-c2eb-4724-81d8-dbb23aa3f2fe,34efdd82-89a2-43b9-a51c-596e80ba0ca2,c2,c1,1460,?,i9,
1769091644.640831,RECEIVED,f4f42605-740d-4d3a-803c-dd16458a7ddf,0032cf50-7ebf-49e3-93b1-358be9bde3ed,c1,DROP,1456,p1,?,
1769091644.6621845,RECEIVED,65b5016b-3392-4fa3-a367-f831f380c647,06f32809-44f1-43f9-b20c-1cc0d37a60e1,c2,c1,2047,p2,?,
1769091644.7848914,SENT,bf57fa60-73bd-438f-9e0d-7683d187aee9,8ce77564-14db-4be4-b648-dd0ee28c2598,c2,DROP,1011,?,i8,
1769091644.784933,FORWARDED,bf57fa60-73bd-438f-9e0d-7683d187aee9,8ce77564-14db-4be4-b648-dd0ee28c2598,c2,DROP,1011,?,i8,
1769091644.941004,RECEIVED,f2918457-cc23-4a81-b154-138bcc95889b,c05a2115-9e58-4eae-8bbc-a4d21e4c2be6,c5,DROP,1455,p2,?,
1769091644.987224,FORWARDED,f2918457-cc23-4a81-b154-138bcc95889b,c05a2115-9e58-4eae-8bbc-a4d21e4c2be6,c5,DROP,1020,?,i6,
1769091645.1753685,SENT,f4f42605-740d-4d3a-803c-dd16458a7ddf,0032cf50-7ebf-49e3-93b1-358be9bde3ed,c1,DROP,1020,?,i10,
1769091645.1754103,FORWARDED,f4f42605-740d-4d3a-803c-dd16458a7ddf,0032cf50-7ebf-49e3-93b1-358be9bde3ed,c1,DROP,1020,?,i10,
1769091645.2745748,RECEIVED,dda892d1-cae6-49d0-9960-664690c5ef3e,5c1023fd-a885-41ea-9350-fed8ed975bb9,c5,DROP,1439,p2,?,
1769091645.3300374,RECEIVED,74b5f68a-5782-424b-9e0f-6374abd75dd0,0acca70c-2333-4586-b485-a07039d2a815,c2,DROP,1443,p2,?,
1769091645.3835113,RECEIVED,3d26bdc1-4654-44cd-8691-bae15584aaa2,12f9aa79-4ce0-4aab-9dd4-f580111b6b67,c4,DROP,1448,p1,?,
1769091645.4762473,RECEIVED,ead13787-6108-4818-ae87-13ad63c0b2fd,3575d644-c3cf-4ec3-b652-23e915bb4d91,c2,c1,2028,p2,?,
1769091645.5861478,SENT,3d26bdc1-4654-44cd-8691-bae15584aaa2,12f9aa79-4ce0-4aab-9dd4-f580111b6b67,c4,DROP,1012,?,i3,
1769091645.5861924,FORWARDED,3d26bdc1-4654-44cd-8691-bae15584aaa2,12f9aa79-4ce0-4aab-9dd4-f580111b6b67,c4,DROP,1012,?,i3,
1769091645.6188316,SENT,ead13787-6108-4818-ae87-13ad63c0b2fd,3575d644-c3cf-4ec3-b652-23e915bb4d91,c2,c1,1447,?,i11,
1769091645.6188743,FORWARDED,ead13787-6108-4818-ae87-13ad63c0b2fd,3575d644-c3cf-4ec3-b652-23e915bb4d91,c2,c1,1447,?,i11,
1769091645.736567,SENT,74b5f68a-5782-424b-9e0f-6374abd75dd0,0acca70c-2333-4586-b485-a07039d2a815,c2,DROP,1011,?,i12,
1769091645.7367573,FORWARDED,74b5f68a-5782-424b-9e0f-6374abd75dd0,0acca70c-2333-4586-b485-a07039d2a815,c2,DROP,1011,?,i12,
1769091645.7520125,RECEIVED,09b5aef6-f001-4925-8b63-a184cff7d48e,0962f790-f134-4829-a2a3-ff2862df295c,c1,c5,2045,p1,?,
1769091645.759237,RECEIVED,78d84b26-4779-46b9-80a7-c40966a61e72,cc0c8206-8a13-498c-9735-5c10bebd43c3,c4,c1,2037,p1,?,
1769091645.7912264,SENT,09b5aef6-f001-4925-8b63-a184cff7d48e,0962f790-f134-4829-a2a3-ff2862df295c,c1,c5,1459,?,i3,
1769091645.7912686,FORWARDED,09b5aef6-f001-4925-8b63-a184cff7d48e,0962f790-f134-4829-a2a3-ff2862df295c,c1,c5,1459,?,i3,
1769091645.793061,RECEIVED,a0081e6f-5405-4d20-b793-9da12136d353,5856179f-40fa-443b-894f-320c2b53e2ba,c3,c4,2036,p3,?,
1769091645.7966442,SENT,65b5016b-3392-4fa3-a367-f831f380c647,06f32809-44f1-43f9-b20c-1cc0d37a60e1,c2,c1,1464,?,i3,
1769091645.796687,FORWARDED,65b5016b-3392-4fa3-a367-f831f380c647,06f32809-44f1-43f9-b20c-1cc0d37a60e1,c2,c1,1464,?,i3,
1769091645.8201067,SENT,78d84b26-4779-46b9-80a7-c40966a61e72,cc0c8206-8a13-498c-9735-5c10bebd43c3,c4,c1,1455,?,i5,
1769091645.8201513,FORWARDED,78d84b26-4779-46b9-80a7-c40966a61e72,cc0c8206-8a13-498c-9735-5c10bebd43c3,c4,c1,1455,?,i5,
1769091645.8339305,RECEIVED,a531e774-b478-4206-9469-b47e7e64571b,9f4ddd07-d79f-45e7-85ba-1a3cfa4c8720,c2,c1,2044,p2,?,
1769091645.8512633,RECEIVED,84afc766-425c-4256-b76b-e03e26e2aac7,5970c76e-e66d-4492-a377-276ca0420a4a,c2,DROP,1441,p2,?,
1769091645.8747854,SENT,1b9a7f0a-603e-4260-991f-104412c55471,514f7367-873b-4541-a535-f703a1c67708,c1,c5,1454,?,i7,
1769091645.874826,FORWARDED,1b9a7f0a-603e-4260-991f-104412c55471,514f7367-873b-4541-a535-f703a1c67708,c1,c5,1454,?,i7,
1769091645.9153502,SENT,84afc766-425c-4256-b76b-e03e26e2aac7,5970c76e-e66d-4492-a377-276ca0420a4a,c2,DROP,1007,?,i7,
1769091645.915385,FORWARDED,84afc766-425c-4256-b76b-e03e26e2aac7,5970c76e-e66d-4492-a377-276ca0420a4a,c2,DROP,1007,?,i7,
1769091645.9183733,RECEIVED,c5a7dd13-ee8d-4c77-a0d8-923ba24ac109,87662ee0-0d54-4757-8ab6-fab3a497e244,c3,DROP,1456,p3,?,
1769091646.1385884,RECEIVED,78180188-a05c-4610-af10-3d2e5ae3c911,0a04ad7c-d866-4695-b515-64e38fdfcc98,c3,c4,2040,p3,?,
1769091646.1391613,SENT,a0081e6f-5405-4d20-b793-9da12136d353,5856179f-40fa-443b-894f-320c2b53e2ba,c3,c4,1455,?,i1,
1769091646.139213,FORWARDED,a0081e6f-5405-4d20-b793-9da12136d353,5856179f-40fa-443b-894f-320c2b53e2ba,c3,c4,1455,?,i1,
1769091646.2429004,FORWARDED,78180188-a05c-4610-af10-3d2e5ae3c911,0a04ad7c-d866-4695-b515-64e38fdfcc98,c3,c4,1457,?,i6,
1769091646.2973194,SENT,c5a7dd13-ee8d-4c77-a0d8-923ba24ac109,87662ee0-0d54-4757-8ab6-fab3a497e244,c3,DROP,1020,?,i12,
1769091646.297362,FORWARDED,c5a7dd13-ee8d-4c77-a0d8-923ba24ac109,87662ee0-0d54-4757-8ab6-fab3a497e244,c3,DROP,1020,?,i12,
1769091646.3161626,SENT,dda892d1-cae6-49d0-9960-664690c5ef3e,5c1023fd-a885-41ea-9350-fed8ed975bb9,c5,DROP,1007,?,i1,
1769091646.3162034,FORWARDED,dda892d1-cae6-49d0-9960-664690c5ef3e,5c1023fd-a885-41ea-9350-fed8ed975bb9,c5,DROP,1007,?,i1,
1769091646.3720298,SENT,a531e774-b478-4206-9469-b47e7e64571b,9f4ddd07-d79f-45e7-85ba-1a3cfa4c8720,c2,c1,1459,?,i12,
1769091646.3726418,FORWARDED,a531e774-b478-4206-9469-b47e7e64571b,9f4ddd07-d79f-45e7-85ba-1a3cfa4c8720,c2,c1,1459,?,i12,
1769091646.419983,RECEIVED,81850e80-e3b4-483c-a788-e1fa1c62b17f,92d4cb3f-33db-47b7-95e0-5e50ca84a1f0,c4,DROP,1441,p1,?,
1769091646.4334438,SENT,81850e80-e3b4-483c-a788-e1fa1c62b17f,92d4cb3f-33db-47b7-95e0-5e50ca84a1f0,c4,DROP,1007,?,i3,
1769091646.433485,FORWARDED,81850e80-e3b4-483c-a788-e1fa1c62b17f,92d4cb3f-33db-47b7-95e0-5e50ca84a1f0,c4,DROP,1007,?,i3,
1769091646.5534768,RECEIVED,d16f55e2-fbd3-4e58-820a-2ed6d0dcdcce,332a9e9a-14a9-4bed-8035-45c44284c177,c1,c5,2027,p1,?,
1769091646.6107361,RECEIVED,c2b72e2b-1df9-4c28-baf3-93eb900d6532,81043e07-2f50-4fc7-a0aa-b840d61199e6,c4,DROP,1440,p1,?,
1769091646.6623068,SENT,c2b72e2b-1df9-4c28-baf3-93eb900d6532,81043e07-2f50-4fc7-a0aa-b840d61199e6,c4,DROP,1006,?,i7,
1769091646.6623487,FORWARDED,c2b72e2b-1df9-4c28-baf3-93eb900d6532,81043e07-2f50-4fc7-a0aa-b840d61199e6,c4,DROP,1006,?,i7,
1769091646.9116516,RECEIVED,5b51b6c9-3ed7-451e-a843-9ab1214a5108,eb3678b0-757c-48f2-b193-c3c4ab53c4d4,c5,c4,2043,p2,?,
1769091647.0815635,SENT,d16f55e2-fbd3-4e58-820a-2ed6d0dcdcce,332a9e9a-14a9-4bed-8035-45c44284c177,c1,c5,1447,?,i8,
1769091647.0816026,FORWARDED,d16f55e2-fbd3-4e58-820a-2ed6d0dcdcce,332a9e9a-14a9-4bed-8035-45c44284c177,c1,c5,1447,?,i8,
1769091647.1712997,RECEIVED,18df1a2b-0de6-4261-a20a-132a19be4f1d,b8539aa0-7df3-4e0d-875b-847b7f20bc5d,c1,DROP,442,x9,?,
1769091647.2857847,RECEIVED,2614a7b3-8876-467f-b651-aa0ce4077cdb,42828eeb-624d-417b-97c8-540885e7d6b3,c1,c5,2035,p1,?,
1769091647.3691983,RECEIVED,b48472e7-be3f-496e-85fe-099508ca5026,90b11fe5-1627-4fd9-8f85-a774332dfff6,c3,c4,2036,p3,?,
1769091647.3859491,RECEIVED,93f77e6f-3275-4fa1-8a19-eea5a186629d,2f5e7076-458b-40fc-b22b-6697cc3e46d1,c3,DROP,1438,p3,?,
1769091647.430554,RECEIVED,8eeb97e0-54ed-47a6-a595-ebd9548e8950,237a9d26-e4ed-437a-a2bc-161a0008b9e7,c1,DROP,1440,p1,?,
1769091647.5168757,SENT,5b51b6c9-3ed7-451e-a843-9ab1214a5108,eb3678b0-757c-48f2-b193-c3c4ab53c4d4,c5,c4,1461,?,i2,
1769091647.5169168,FORWARDED,5b51b6c9-3ed7-451e-a843-9ab1214a5108,eb3678b0-757c-48f2-b193-c3c4ab53c4d4,c5,c4,1461,?,i2,
1769091647.7137408,SENT,2614a7b3-8876-467f-b651-aa0ce4077cdb,42828eeb-624d-417b-97c8-540885e7d6b3,c1,c5,1455,?,i2,
1769091647.7137835,FORWARDED,2614a7b3-8876-467f-b651-aa0ce4077cdb,42828eeb-624d-417b-97c8-540885e7d6b3,c1,c5,1455,?,i2,
1769091647.7199159,SENT,8eeb97e0-54ed-47a6-a595-ebd9548e8950,237a9d26-e4ed-437a-a2bc-161a0008b9e7,c1,DROP,1007,?,i3,
1769091647.719959,FORWARDED,8eeb97e0-54ed-47a6-a595-ebd9548e8950,237a9d26-e4ed-437a-a2bc-161a0008b9e7,c1,DROP,1007,?,i3,
1769091647.7318754,RECEIVED,f2ff999a-2499-422c-a69d-bd304d90a7b3,66ef0944-980c-4be9-8ef7-c698c9ccef95,c5,c4,2025,p2,?,
1769091647.7993512,RECEIVED,cfa99cfa-c85b-4c82-8141-c428363c4af7,a4011c94-94cf-46f3-974a-246eabf1828f,c1,DROP,1440,p1,?,
1769091647.96562,SENT,f2ff999a-2499-422c-a69d-bd304d90a7b3,66ef0944-980c-4be9-8ef7-c698c9ccef95,c5,c4,1445,?,i10,
1769091647.9656665,FORWARDED,f2ff999a-2499-422c-a69d-bd304d90a7b3,66ef0944-980c-4be9-8ef7-c698c9ccef95,c5,c4,1445,?,i10,
1769091648.0343335,RECEIVED,87566ef8-10e3-44d2-9ec4-5cf3c6853437,65d4a379-2aa8-494f-a40e-6f22c44f2cef,c4,DROP,1439,p1,?,
1769091648.152279,RECEIVED,f9fc109e-c36b-4b01-8085-8eda72a09173,1d4d88f4-cc54-4d95-9c98-e99ebc6aecab,c5,c4,2048,p2,?,
1769091648.154113,RECEIVED,da38b7cc-889f-4b32-a9a2-4ee287286662,5c49a908-db3f-4e53-8362-a312b451fa12,c3,DROP,1439,p3,?,
1769091648.283004,SENT,b48472e7-be3f-496e-85fe-099508ca5026,90b11fe5-1627-4fd9-8f85-a774332dfff6,c3,c4,1454,?,i12,
1769091648.2830548,FORWARDED,b48472e7-be3f-496e-85fe-099508ca5026,90b11fe5-1627-4fd9-8f85-a774332dfff6,c3,c4,1454,?,i12,
1769091648.3801484,SENT,cfa99cfa-c85b-4c82-8141-c428363c4af7,a4011c94-94cf-46f3-974a-246eabf1828f,c1,DROP,1008,?,i10,
1769091648.3801904,FORWARDED,cfa99cfa-c85b-4c82-8141-c428363c4af7,a4011c94-94cf-46f3-974a-246eabf1828f,c1,DROP,1008,?,i10,
1769091648.4150987,RECEIVED,f6525a8c-9901-4059-826b-a91998c1490f,35231390-ea2a-4ca5-a92d-a9230e47a331,c3,c4,2030,p3,?,
1769091648.4354494,SENT,f9fc109e-c36b-4b01-8085-8eda72a09173,1d4d88f4-cc54-4d95-9c98-e99ebc6aecab,c5,c4,1463,?,i10,
1769091648.435485,FORWARDED,f9fc109e-c36b-4b01-8085-8eda72a09173,1d4d88f4-cc54-4d95-9c98-e99ebc6aecab,c5,c4,1463,?,i10,
1769091648.4492388,SENT,87566ef8-10e3-44d2-9ec4-5cf3c6853437,65d4a379-2aa8-494f-a40e-6f22c44f2cef,c4,DROP,1007,?,i2,
1769091648.449293,FORWARDED,87566ef8-10e3-44d2-9ec4-5cf3c6853437,65d4a379-2aa8-494f-a40e-6f22c44f2cef,c4,DROP,1007,?,i2,
1769091648.6093016,RECEIVED,e38a6cf0-95db-4b23-8351-973173533a1f,0b79d6ce-fa57-4ec3-bb76-2961da4c5492,c4,c1,2044,p1,?,
1769091648.6521752,SENT,e38a6cf0-95db-4b23-8351-973173533a1f,0b79d6ce-fa57-4ec3-bb76-2961da4c5492,c4,c1,1459,?,i2,
1769091648.6522272,FORWARDED,e38a6cf0-95db-4b23-8351-973173533a1f,0b79d6ce-fa57-4ec3-bb76-2961da4c5492,c4,c1,1459,?,i2,
1769091648.6651394,RECEIVED,fb619f80-2f7e-427a-ba54-bb6b34c66d79,71b52228-ef50-49c7-a870-f81ce8a7d21d,c3,c4,2030,p3,?,
1769091648.7626383,FORWARDED,93f77e6f-3275-4fa1-8a19-eea5a186629d,2f5e7076-458b-40fc-b22b-6697cc3e46d1,c3,DROP,1006,?,i6,
1769091648.7911258,RECEIVED,023af1b2-bb51-43be-ada5-2a1a298510b1,5e0950e3-9894-4dc2-8564-7913341a9fd0,c5,c4,2036,p2,?,
1769091648.8097394,RECEIVED,9659bc15-7f08-4ff2-ad23-c9c5cecc123d,026f2b7d-b13f-4553-95d6-281ff50c9b24,c4,DROP,1440,p1,?,
1769091648.862317,RECEIVED,5e107c4e-975b-48f4-977a-427e8ae65651,b056c8fc-219e-4614-8152-02b709bac861,c1,DROP,441,x11,?,
1769091648.951981,SENT,023af1b2-bb51-43be-ada5-2a1a298510b1,5e0950e3-9894-4dc2-8564-7913341a9fd0,c5,c4,1455,?,i5,
1769091648.9522977,FORWARDED,023af1b2-bb51-43be-ada5-2a1a298510b1,5e0950e3-9894-4dc2-8564-7913341a9fd0,c5,c4,1455,?,i5,
1769091649.0557222,RECEIVED,143b4f2e-cb97-4c53-bde7-8204a782233d,544106c3-0106-4eb2-967a-3ea6a1869a10,c3,c4,2045,p3,?,
1769091649.0978258,SENT,143b4f2e-cb97-4c53-bde7-8204a782233d,544106c3-0106-4eb2-967a-3ea6a1869a10,c3,c4,1460,?,i2,
1769091649.09787,FORWARDED,143b4f2e-cb97-4c53-bde7-8204a782233d,544106c3-0106-4eb2-967a-3ea6a1869a10,c3,c4,1460,?,i2,
1769091649.1054578,SENT,9659bc15-7f08-4ff2-ad23-c9c5cecc123d,026f2b7d-b13f-4553-95d6-281ff50c9b24,c4,DROP,1007,?,i7,
1769091649.1055007,FORWARDED,9659bc15-7f08-4ff2-ad23-c9c5cecc123d,026f2b7d-b13f-4553-95d6-281ff50c9b24,c4,DROP,1007,?,i7,
1769091649.2090101,SENT,f6525a8c-9901-4059-826b-a91998c1490f,35231390-ea2a-4ca5-a92d-a9230e47a331,c3,c4,1451,?,i2,
1769091649.2090836,FORWARDED,f6525a8c-9901-4059-826b-a91998c1490f,35231390-ea2a-4ca5-a92d-a9230e47a331,c3,c4,1451,?,i2,
1769091649.3950412,RECEIVED,9f902895-6933-4302-acfd-fd11ea25ea88,74652b98-7183-44e6-9a68-ac7c7eb9bb6d,c5,DROP,445,x7,?,
1769091649.4606493,SENT,da38b7cc-889f-4b32-a9a2-4ee287286662,5c49a908-db3f-4e53-8362-a312b451fa12,c3,DROP,1008,?,i8,
1769091649.4606905,FORWARDED,da38b7cc-889f-4b32-a9a2-4ee287286662,5c49a908-db3f-4e53-8362-a312b451fa12,c3,DROP,1008,?,i8,
1769091649.480147,RECEIVED,178a175a-a99e-4ee5-9939-d3bdceb5ea89,40dcedf8-0a10-4c9c-b994-0f61c4eb28a7,c5,DROP,1452,p2,?,
1769091649.4905586,RECEIVED,3eeb41e8-c498-4eb2-9f18-7247973fe204,8d58c2df-5d8d-45f3-812d-7d76866dc7ff,c1,c5,2040,p1,?,
1769091649.565785,FORWARDED,178a175a-a99e-4ee5-9939-d3bdceb5ea89,40dcedf8-0a10-4c9c-b994-0f61c4eb28a7,c5,DROP,1016,?,i6,
1769091649.578349,SENT,3eeb41e8-c498-4eb2-9f18-7247973fe204,8d58c2df-5d8d-45f3-812d-7d76866dc7ff,c1,c5,1456,?,i9,
1769091649.5803528,FORWARDED,3eeb41e8-c498-4eb2-9f18-7247973fe204,8d58c2df-5d8d-45f3-812d-7d76866dc7ff,c1,c5,1456,?,i9,
1769091649.7453663,RECEIVED,baa3657b-cd95-47c5-8936-96299def4bac,2a91fc42-f799-4d43-99a4-466a0b133df8,c5,c4,2028,p2,?,
1769091649.7618985,RECEIVED,a070d6b9-534a-4c68-9d2b-13980be876df,d9d80694-c6f0-48ff-a902-234f40cf4ae0,c4,c1,2031,p1,?,
1769091649.8403447,RECEIVED,7fd39998-3623-4c08-9bfd-c50aa74a6c87,3f4b6be2-4b5e-4331-bedb-bbec6745783d,c4,c1,2039,p1,?,
1769091649.9444406,SENT,baa3657b-cd95-47c5-8936-96299def4bac,2a91fc42-f799-4d43-99a4-466a0b133df8,c5,c4,1448,?,i9,
1769091649.9444804,FORWARDED,baa3657b-cd95-47c5-8936-96299def4bac,2a91fc42-f799-4d43-99a4-466a0b133df8,c5,c4,1448,?,i9,
1769091650.0607564,RECEIVED,0ed01780-9751-446c-af27-a62566abdbdc,c3bb44a1-fddf-41ca-8a89-a471fbefe013,c2,DROP,1457,p2,?,
1769091650.072793,SENT,a070d6b9-534a-4c68-9d2b-13980be876df,d9d80694-c6f0-48ff-a902-234f40cf4ae0,c4,c1,1450,?,i1,
1769091650.0728476,FORWARDED,a070d6b9-534a-4c68-9d2b-13980be876df,d9d80694-c6f0-48ff-a902-234f40cf4ae0,c4,c1,1450,?,i1,
1769091650.1010115,RECEIVED,6d5eeee4-34fa-4cc3-8229-009be84b053d,2b979024-a6f1-4b43-ad18-65dc83ae3801,c2,DROP,1443,p2,?,
1769091650.117033,SENT,0ed01780-9751-446c-af27-a62566abdbdc,c3bb44a1-fddf-41ca-8a89-a471fbefe013,c2,DROP,1019,?,i10,
1769091650.117088,FORWARDED,0ed01780-9751-446c-af27-a62566abdbdc,c3bb44a1-fddf-41ca-8a89-a471fbefe013,c2,DROP,1019,?,i10,
1769091650.1719956,RECEIVED,0dcf3550-6036-4b80-9a3f-a8079d05f4ad,7e1fca95-5a5b-4991-9c25-ad95535e748b,c4,c1,2038,p1,?,
1769091650.2526188,RECEIVED,e1e2f28c-a5f7-427c-b980-72e67727ffae,a9ac4236-2e52-466c-b1c1-924fc0a1b1e5,c1,c5,2035,p1,?,
1769091650.280747,SENT,fb619f80-2f7e-427a-ba54-bb6b34c66d79,71b52228-ef50-49c7-a870-f81ce8a7d21d,c3,c4,1452,?,i3,
1769091650.2807944,FORWARDED,fb619f80-2f7e-427a-ba54-bb6b34c66d79,71b52228-ef50-49c7-a870-f81ce8a7d21d,c3,c4,1452,?,i3,
1769091650.2945795,SENT,6d5eeee4-34fa-4cc3-8229-009be84b053d,2b979024-a6f1-4b43-ad18-65dc83ae3801,c2,DROP,1011,?,i8,
1769091650.2946231,FORWARDED,6d5eeee4-34fa-4cc3-8229-009be84b053d,2b979024-a6f1-4b43-ad18-65dc83ae3801,c2,DROP,1011,?,i8,
1769091650.484947,RECEIVED,15876b07-f2fb-40a0-b631-2976cacc2deb,b5172ef8-3b7b-4c2f-9f24-8e4c8427db86,c4,c1,2044,p1,?,
1769091650.6049163,RECEIVED,1a910578-b3cd-45e8-9398-d23673958622,2d88c186-6185-414d-ac26-aafdfc2e6748,c1,DROP,1446,p1,?,
1769091650.657258,RECEIVED,1741ed65-f13d-413a-9372-b155a7ca8d84,88cd8538-7e0f-42a6-9e27-412d6e90ee6c,c1,c5,2040,p1,?,
1769091650.8124707,SENT,1741ed65-f13d-413a-9372-b155a7ca8d84,88cd8538-7e0f-42a6-9e27-412d6e90ee6c,c1,c5,1456,?,i4,
1769091650.8125112,FORWARDED,1741ed65-f13d-413a-9372-b155a7ca8d84,88cd8538-7e0f-42a6-9e27-412d6e90ee6c,c1,c5,1456,?,i4,
1769091650.826817,RECEIVED,594464d1-3f7c-40e3-9e0c-b9530f58edf6,0d84b92e-b2b0-4db4-9754-e70ff40462e8,c1,c5,2043,p1,?,
1769091650.8824773,RECEIVED,08025684-e9c1-4df5-bf1d-cce1bfb0a050,17f6f93f-ce44-4a28-bc0e-7e332e4dbcbe,c4,DROP,1455,p1,?,
1769091650.9369392,FORWARDED,e1e2f28c-a5f7-427c-b980-72e67727ffae,a9ac4236-2e52-466c-b1c1-924fc0a1b1e5,c1,c5,1454,?,i6,
1769091651.0061421,RECEIVED,fcb16d0a-61a5-4942-bc4c-f60f5cf26443,81cb0644-3a2f-4a87-bcd9-1703188856d3,c2,DROP,1439,p2,?,
1769091651.0193806,SENT,0dcf3550-6036-4b80-9a3f-a8079d05f4ad,7e1fca95-5a5b-4991-9c25-ad95535e748b,c4,c1,1457,?,i9,
1769091651.0194223,FORWARDED,0dcf3550-6036-4b80-9a3f-a8079d05f4ad,7e1fca95-5a5b-4991-9c25-ad95535e748b,c4,c1,1457,?,i9,
1769091651.161375,RECEIVED,787025bd-ed1e-4960-8dcd-7d376cfb79b8,b9c171a1-1a75-47d1-a366-9457cead91dc,c1,c5,2032,p1,?,
1769091651.368414,SENT,7fd39998-3623-4c08-9bfd-c50aa74a6c87,3f4b6be2-4b5e-4331-bedb-bbec6745783d,c4,c1,1457,?,i4,
1769091651.368455,FORWARDED,7fd39998-3623-4c08-9bfd-c50aa74a6c87,3f4b6be2-4b5e-4331-bedb-bbec6745783d,c4,c1,1457,?,i4,
1769091651.3949056,RECEIVED,382581b7-7844-4e84-9940-2bf53040a57a,bc665369-f68e-45c2-9c5f-88608822e6ed,c5,c4,2043,p2,?,
1769091651.584579,SENT,15876b07-f2fb-40a0-b631-2976cacc2deb,b5172ef8-3b7b-4c2f-9f24-8e4c8427db86,c4,c1,1459,?,i11,
1769091651.5846279,FORWARDED,15876b07-f2fb-40a0-b631-2976cacc2deb,b5172ef8-3b7b-4c2f-9f24-8e4c8427db86,c4,c1,1459,?,i11,
1769091651.611794,SENT,594464d1-3f7c-40e3-9e0c-b9530f58edf6,0d84b92e-b2b0-4db4-9754-e70ff40462e8,c1,c5,1460,?,i8,
1769091651.6118367,FORWARDED,594464d1-3f7c-40e3-9e0c-b9530f58edf6,0d84b92e-b2b0-4db4-9754-e70ff40462e8,c1,c5,1460,?,i8,
1769091651.7888014,SENT,1a910578-b3cd-45e8-9398-d23673958622,2d88c186-6185-414d-ac26-aafdfc2e6748,c1,DROP,1014,?,i7,
1769091651.7888415,FORWARDED,1a910578-b3cd-45e8-9398-d23673958622,2d88c186-6185-414d-ac26-aafdfc2e6748,c1,DROP,1014,?,i7,
1769091651.7929757,RECEIVED,2ae55655-7e24-4fb0-a885-28876700ec29,70ed5bf5-2eaa-40ab-960f-2c7ee6bceeac,c1,DROP,1459,p1,?,
1769091651.9125438,SENT,2ae55655-7e24-4fb0-a885-28876700ec29,70ed5bf5-2eaa-40ab-960f-2c7ee6bceeac,c1,DROP,1021,?,i9,
1769091651.912586,FORWARDED,2ae55655-7e24-4fb0-a885-28876700ec29,70ed5bf5-2eaa-40ab-960f-2c7ee6bceeac,c1,DROP,1021,?,i9,
1769091652.0001252,SENT,787025bd-ed1e-4960-8dcd-7d376cfb79b8,b9c171a1-1a75-47d1-a366-9457cead91dc,c1,c5,1451,?,i10,
1769091652.000163,FORWARDED,787025bd-ed1e-4960-8dcd-7d376cfb79b8,b9c171a1-1a75-47d1-a366-9457cead91dc,c1,c5,1451,?,i10,
1769091652.0087543,RECEIVED,c43902cb-5ed7-4ed5-a299-9186a031ea51,ee8aa59b-1e8b-4d8e-8c98-925822d3d312,c5,c4,2023,p2,?,
1769091652.15285,SENT,08025684-e9c1-4df5-bf1d-cce1bfb0a050,17f6f93f-ce44-4a28-bc0e-7e332e4dbcbe,c4,DROP,1019,?,i5,
1769091652.1528938,FORWARDED,08025684-e9c1-4df5-bf1d-cce1bfb0a050,17f6f93f-ce44-4a28-bc0e-7e332e4dbcbe,c4,DROP,1019,?,i5,
1769091652.2164538,RECEIVED,54a22403-62fc-48b6-9f77-95bdba3ea0e7,33d8799a-8eb0-4790-a1ee-e8137eab5901,c1,c5,2032,p1,?,
1769091652.2992125,SENT,382581b7-7844-4e84-9940-2bf53040a57a,bc665369-f68e-45c2-9c5f-88608822e6ed,c5,c4,1461,?,i2,
1769091652.2992558,FORWARDED,382581b7-7844-4e84-9940-2bf53040a57a,bc665369-f68e-45c2-9c5f-88608822e6ed,c5,c4,1461,?,i2,
1769091652.3837023,SENT,c43902cb-5ed7-4ed5-a299-9186a031ea51,ee8aa59b-1e8b-4d8e-8c98-925822d3d312,c5,c4,1446,?,i8,
1769091652.383745,FORWARDED,c43902cb-5ed7-4ed5-a299-9186a031ea51,ee8aa59b-1e8b-4d8e-8c98-925822d3d312,c5,c4,1446,?,i8,
1769091652.392887,RECEIVED,5b291a92-f245-4b13-8a9d-9f56272f2e78,05cdba7d-ca2d-494a-a968-cf84aef1464f,c5,DROP,1457,p2,?,
1769091652.454553,RECEIVED,93f5c78b-f922-4654-91dc-72e5402326ca,45bc5639-42a1-4a01-9ea2-aa1239ba1501,c5,c4,2026,p2,?,
1769091652.4828749,SENT,5b291a92-f245-4b13-8a9d-9f56272f2e78,05cdba7d-ca2d-494a-a968-cf84aef1464f,c5,DROP,1019,?,i1,
1769091652.483381,FORWARDED,5b291a92-f245-4b13-8a9d-9f56272f2e78,05cdba7d-ca2d-494a-a968-cf84aef1464f,c5,DROP,1019,?,i1,
1769091652.4897404,SENT,54a22403-62fc-48b6-9f77-95bdba3ea0e7,33d8799a-8eb0-4790-a1ee-e8137eab5901,c1,c5,1450,?,i1,
1769091652.489782,FORWARDED,54a22403-62fc-48b6-9f77-95bdba3ea0e7,33d8799a-8eb0-4790-a1ee-e8137eab5901,c1,c5,1450,?,i1,
1769091652.6226528,RECEIVED,e7fa4354-3161-4bae-a0a9-b64e89ef2421,8813d468-f4ca-47b6-98cc-2f59fa9d5d64,c1,c5,2040,p1,?,
1769091652.6514757,RECEIVED,765f4635-a2e6-4eff-88b5-7207d38b7acb,dc45e51b-42a1-49ef-b3a0-d8fa629deacc,c1,c5,2019,p1,?,
1769091652.666248,RECEIVED,849e5230-5a89-48af-af67-caac290db1c5,75ef249a-b7b2-439e-98e7-cbe9289e80fe,c5,DROP,1440,p2,?,
1769091652.669069,RECEIVED,eb36085e-0baf-4a69-9431-9da4dcd526f6,563fc790-6d56-4802-8c90-8d7757d98d45,c4,DROP,1455,p1,?,
1769091652.7476592,RECEIVED,a4cf6c48-ae1d-41f6-b236-fef0cdb336ff,0b166935-59df-43a8-bf0f-6cdd2426dfdf,c2,c1,2040,p2,?,
1769091652.854639,SENT,e7fa4354-3161-4bae-a0a9-b64e89ef2421,8813d468-f4ca-47b6-98cc-2f59fa9d5d64,c1,c5,1456,?,i4,
1769091652.8546743,FORWARDED,e7fa4354-3161-4bae-a0a9-b64e89ef2421,8813d468-f4ca-47b6-98cc-2f59fa9d5d64,c1,c5,1456,?,i4,
1769091652.987746,SENT,fcb16d0a-61a5-4942-bc4c-f60f5cf26443,81cb0644-3a2f-4a87-bcd9-1703188856d3,c2,DROP,1007,?,i8,
1769091652.9877884,FORWARDED,fcb16d0a-61a5-4942-bc4c-f60f5cf26443,81cb0644-3a2f-4a87-bcd9-1703188856d3,c2,DROP,1007,?,i8,
1769091653.090982,RECEIVED,7363edd1-2dcb-4651-ac14-5f36a10196dc,df85c1c0-f81e-4e25-b184-e4cd182aaf17,c5,DROP,1456,p2,?,
1769091653.094323,SENT,849e5230-5a89-48af-af67-caac290db1c5,75ef249a-b7b2-439e-98e7-cbe9289e80fe,c5,DROP,1007,?,i1,
1769091653.0943615,FORWARDED,849e5230-5a89-48af-af67-caac290db1c5,75ef249a-b7b2-439e-98e7-cbe9289e80fe,c5,DROP,1007,?,i1,
1769091653.1793027,RECEIVED,1437261f-3b43-494b-911f-d90f40c9dd91,36c0806a-ac5b-419e-b047-a3a9f353d0d4,c1,c5,2027,p1,?,
1769091653.2331095,FORWARDED,7363edd1-2dcb-4651-ac14-5f36a10196dc,df85c1c0-f81e-4e25-b184-e4cd182aaf17,c5,DROP,1019,?,i6,
1769091653.2614715,SENT,1437261f-3b43-494b-911f-d90f40c9dd91,36c0806a-ac5b-419e-b047-a3a9f353d0d4,c1,c5,1447,?,i9,
1769091653.2615223,FORWARDED,1437261f-3b43-494b-911f-d90f40c9dd91,36c0806a-ac5b-419e-b047-a3a9f353d0d4,c1,c5,1447,?,i9,
1769091653.2667663,RECEIVED,d7edb3c4-bea1-4daf-94e0-e72ad8bc18ba,aa19ca47-3d1d-417c-9293-ae452c8d9d76,c3,c4,2027,p3,?,
1769091653.2836862,RECEIVED,08dd14cc-4e7c-44c3-a068-6d21e7dcd0b2,399a0577-2e7e-4841-978a-19622916f3f6,c4,DROP,438,x10,?,
1769091653.3047237,SENT,765f4635-a2e6-4eff-88b5-7207d38b7acb,dc45e51b-42a1-49ef-b3a0-d8fa629deacc,c1,c5,1443,?,i2,
1769091653.3047621,FORWARDED,765f4635-a2e6-4eff-88b5-7207d38b7acb,dc45e51b-42a1-49ef-b3a0-d8fa629deacc,c1,c5,1443,?,i2,
1769091653.3952801,RECEIVED,2a261eb0-8068-42d0-864b-2cced42c20d3,fb97105f-356a-4664-9f4e-77c35100760b,c1,DROP,1444,p1,?,
1769091653.5018787,SENT,93f5c78b-f922-4654-91dc-72e5402326ca,45bc5639-42a1-4a01-9ea2-aa1239ba1501,c5,c4,1447,?,i3,
1769091653.5019174,FORWARDED,93f5c78b-f922-4654-91dc-72e5402326ca,45bc5639-42a1-4a01-9ea2-aa1239ba1501,c5,c4,1447,?,i3,
1769091653.5613296,SENT,2a261eb0-8068-42d0-864b-2cced42c20d3,fb97105f-356a-4664-9f4e-77c35100760b,c1,DROP,1011,?,i7,
1769091653.5613863,FORWARDED,2a261eb0-8068-42d0-864b-2cced42c20d3,fb97105f-356a-4664-9f4e-77c35100760b,c1,DROP,1011,?,i7,
1769091653.5739925,SENT,eb36085e-0baf-4a69-9431-9da4dcd526f6,563fc790-6d56-4802-8c90-8d7757d98d45,c4,DROP,1020,?,i11,
1769091653.5740356,FORWARDED,eb36085e-0baf-4a69-9431-9da4dcd526f6,563fc790-6d56-4802-8c90-8d7757d98d45,c4,DROP,1020,?,i11,
1769091653.648843,SENT,a4cf6c48-ae1d-41f6-b236-fef0cdb336ff,0b166935-59df-43a8-bf0f-6cdd2426dfdf,c2,c1,1456,?,i12,
1769091653.6488876,FORWARDED,a4cf6c48-ae1d-41f6-b236-fef0cdb336ff,0b166935-59df-43a8-bf0f-6cdd2426dfdf,c2,c1,1456,?,i12,
1769091653.6747212,RECEIVED,206d087e-6b89-49cc-874e-9d3a3998e40b,b9c61367-cc97-4ff7-8d4e-2a2ff9e8fe3b,c4,DROP,442,x1,?,
1769091653.728228,RECEIVED,3ddc41d3-7bc4-48ed-bf17-efc4ba68d9b3,ecaf8b2a-363c-4ef3-8bc0-84e3cc64c1b6,c4,DROP,441,x1,?,
1769091654.003186,RECEIVED,cfe94c53-6fda-4baf-a9c3-93b5f747e8bf,ca2390e2-74e4-442c-b5d1-fc2664eb5ec7,c5,c4,2040,p2,?,
1769091654.249355,RECEIVED,fbafcfa8-f769-452f-89f7-00c8419c0c70,548a1382-886a-4380-a143-e30e73cf100d,c3,c4,2035,p3,?,
1769091654.2648969,SENT,cfe94c53-6fda-4baf-a9c3-93b5f747e8bf,ca2390e2-74e4-442c-b5d1-fc2664eb5ec7,c5,c4,1457,?,i3,
1769091654.2649364,FORWARDED,cfe94c53-6fda-4baf-a9c3-93b5f747e8bf,ca2390e2-74e4-442c-b5d1-fc2664eb5ec7,c5,c4,1457,?,i3,
1769091654.2890093,RECEIVED,03130283-4651-4900-bd9f-47ed5e8669d6,99ffc907-db78-4b44-85a6-aea8fb282efa,c1,DROP,1443,p1,?,
1769091654.3542602,RECEIVED,d419b347-bdb3-4857-852a-c2d0f09fb431,0819cbf1-a999-4cf2-9ce4-fbb3d21fd4a2,c3,c4,2031,p3,?,
1769091654.4103496,RECEIVED,9fd11b3a-1473-469e-aab8-477211ad59f2,baf18e3d-205e-4ea5-8117-e0e004293797,c1,c5,2025,p1,?,
1769091654.4257226,RECEIVED,d626b00a-b3eb-49f2-8685-8a5f4ea1672e,65b0e201-a3e5-445f-ab72-74122bdd9f4c,c2,c1,2039,p2,?,
1769091654.528284,SENT,9fd11b3a-1473-469e-aab8-477211ad59f2,baf18e3d-205e-4ea5-8117-e0e004293797,c1,c5,1444,?,i12,
1769091654.5283244,FORWARDED,9fd11b3a-1473-469e-aab8-477211ad59f2,baf18e3d-205e-4ea5-8117-e0e004293797,c1,c5,1444,?,i12,
1769091654.8087237,RECEIVED,53241cfc-825f-460b-b0be-e79a4b4979e8,d180dcec-5133-4442-8844-28b95f23ee1f,c5,c4,2041,p2,?,
1769091654.8152158,FORWARDED,d7edb3c4-bea1-4daf-94e0-e72ad8bc18ba,aa19ca47-3d1d-417c-9293-ae452c8d9d76,c3,c4,1448,?,i6,
1769091654.8768063,SENT,fbafcfa8-f769-452f-89f7-00c8419c0c70,548a1382-886a-4380-a143-e30e73cf100d,c3,c4,1455,?,i7,
1769091654.8768497,FORWARDED,fbafcfa8-f769-452f-89f7-00c8419c0c70,548a1382-886a-4380-a143-e30e73cf100d,c3,c4,1455,?,i7,
1769091654.878916,RECEIVED,feeafff7-7b0c-4ea9-96c2-12aec20a0515,c0253cb7-a27e-4c68-b777-99b1ea0c136b,c3,c4,2031,p3,?,
1769091654.9192224,SENT,53241cfc-825f-460b-b0be-e79a4b4979e8,d180dcec-5133-4442-8844-28b95f23ee1f,c5,c4,1458,?,i10,
1769091654.9192722,FORWARDED,53241cfc-825f-460b-b0be-e79a4b4979e8,d180dcec-5133-4442-8844-28b95f23ee1f,c5,c4,1458,?,i10,
1769091655.0834608,SENT,d419b347-bdb3-4857-852a-c2d0f09fb431,0819cbf1-a999-4cf2-9ce4-fbb3d21fd4a2,c3,c4,1450,?,i7,
1769091655.083535,FORWARDED,d419b347-bdb3-4857-852a-c2d0f09fb431,0819cbf1-a999-4cf2-9ce4-fbb3d21fd4a2,c3,c4,1450,?,i7,
1769091655.2922988,SENT,feeafff7-7b0c-4ea9-96c2-12aec20a0515,c0253cb7-a27e-4c68-b777-99b1ea0c136b,c3,c4,1452,?,i2,
1769091655.2923398,FORWARDED,feeafff7-7b0c-4ea9-96c2-12aec20a0515,c0253cb7-a27e-4c68-b777-99b1ea0c136b,c3,c4,1452,?,i2,
1769091655.4145265,SENT,d626b00a-b3eb-49f2-8685-8a5f4ea1672e,65b0e201-a3e5-445f-ab72-74122bdd9f4c,c2,c1,1457,?,i7,
1769091655.4145706,FORWARDED,d626b00a-b3eb-49f2-8685-8a5f4ea1672e,65b0e201-a3e5-445f-ab72-74122bdd9f4c,c2,c1,1457,?,i7,
1769091655.429894,RECEIVED,77d0e342-74ee-49a2-95a7-ddff3feddf46,b5a90a2b-db74-4c9d-b04f-5d4830681a16,c1,DROP,445,x11,?,
1769091655.7440138,SENT,03130283-4651-4900-bd9f-47ed5e8669d6,99ffc907-db78-4b44-85a6-aea8fb282efa,c1,DROP,1011,?,i9,
1769091655.7440639,FORWARDED,03130283-4651-4900-bd9f-47ed5e8669d6,99ffc907-db78-4b44-85a6-aea8fb282efa,c1,DROP,1011,?,i9,
1769091655.7972815,RECEIVED,392fe61f-a1b1-40b7-9041-09a9d0745879,c363aac2-5f78-4142-a9e1-f5f7d0c52929,c3,DROP,1448,p3,?,
1769091656.0705743,RECEIVED,9216eb30-5039-4b59-96f5-b0b33fd2a088,835d998a-c23e-4645-965d-b9aee31cb9e6,c5,c4,2047,p2,?,
1769091656.2325585,SENT,392fe61f-a1b1-40b7-9041-09a9d0745879,c363aac2-5f78-4142-a9e1-f5f7d0c52929,c3,DROP,1012,?,i4,
1769091656.2325997,FORWARDED,392fe61f-a1b1-40b7-9041-09a9d0745879,c363aac2-5f78-4142-a9e1-f5f7d0c52929,c3,DROP,1012,?,i4,
1769091656.3503575,RECEIVED,602977db-a507-4ecd-a5bf-e88d7c30951d,ca637c0d-27ed-4dea-ad4b-86633f3de796,c2,DROP,1439,p2,?,
1769091656.5045576,RECEIVED,3d40677b-15c5-4435-8899-7e2e48242ec5,60a25f5b-6218-44bf-868c-1082b5c7f5c0,c3,c4,2044,p3,?,
1769091656.6695745,RECEIVED,9629ac52-33d9-4450-a3a1-ff97829e8831,5832e684-8ce8-4976-a128-e4dda825af51,c1,c5,2044,p1,?,
1769091656.8213847,SENT,9629ac52-33d9-4450-a3a1-ff97829e8831,5832e684-8ce8-4976-a128-e4dda825af51,c1,c5,1459,?,i11,
1769091656.8214247,FORWARDED,9629ac52-33d9-4450-a3a1-ff97829e8831,5832e684-8ce8-4976-a128-e4dda825af51,c1,c5,1459,?,i11,
1769091656.884986,SENT,3d40677b-15c5-4435-8899-7e2e48242ec5,60a25f5b-6218-44bf-868c-1082b5c7f5c0,c3,c4,1459,?,i4,
1769091656.8850276,FORWARDED,3d40677b-15c5-4435-8899-7e2e48242ec5,60a25f5b-6218-44bf-868c-1082b5c7f5c0,c3,c4,1459,?,i4,
1769091656.9472642,RECEIVED,0e913d16-90e2-4e78-87e2-b5e2d29a91d1,3fe8f552-3ce8-4737-9132-6877895d59d6,c2,DROP,444,x11,?,
1769091656.9742823,RECEIVED,99b23fde-1b07-4216-aa33-0d8a53621ee8,76d3846a-e003-40b8-b010-1efbf0efe5eb,c5,DROP,441,x6,?,
1769091657.161767,RECEIVED,9256c986-286b-4aaf-ba42-e1b8e509f30a,d5ac79bb-87a1-479a-9909-e483b565a8c4,c2,c1,2039,p2,?,
1769091657.3881986,RECEIVED,22e1c212-b8a1-4aa2-9f3b-bef624a129a8,82eb667f-ec9c-40fa-8cc4-25556371f819,c5,c4,2047,p2,?,
1769091657.4000046,RECEIVED,1db8e9f9-89ec-4346-906f-31a1e5d43c1a,a2176e6e-3425-4d24-af05-f922b6650f19,c4,c1,2036,p1,?,
1769091657.4548833,RECEIVED,0b88a18b-3be2-44c9-bef5-f82fea989ea0,0445453b-be90-492f-b373-ca60bc7d1f36,c5,c4,2035,p2,?,
1769091657.5946455,RECEIVED,2aae8dc6-8094-458a-9653-e46d92dc1a6c,2ed2e888-e171-435b-8efb-458c175d887e,c2,c1,2040,p2,?,
1769091657.6584775,SENT,1db8e9f9-89ec-4346-906f-31a1e5d43c1a,a2176e6e-3425-4d24-af05-f922b6650f19,c4,c1,1455,?,i10,
1769091657.6585195,FORWARDED,1db8e9f9-89ec-4346-906f-31a1e5d43c1a,a2176e6e-3425-4d24-af05-f922b6650f19,c4,c1,1455,?,i10,
1769091657.68897,SENT,9256c986-286b-4aaf-ba42-e1b8e509f30a,d5ac79bb-87a1-479a-9909-e483b565a8c4,c2,c1,1458,?,i2,
1769091657.6890116,FORWARDED,9256c986-286b-4aaf-ba42-e1b8e509f30a,d5ac79bb-87a1-479a-9909-e483b565a8c4,c2,c1,1458,?,i2,
1769091657.728549,RECEIVED,5b6e7282-2fbb-48fd-8589-7febd8d1ec7f,ef755769-ce17-43be-b493-5fcd169ed795,c2,c1,2049,p2,?,
1769091657.7909093,SENT,5b6e7282-2fbb-48fd-8589-7febd8d1ec7f,ef755769-ce17-43be-b493-5fcd169ed795,c2,c1,1463,?,i11,
1769091657.7909532,FORWARDED,5b6e7282-2fbb-48fd-8589-7febd8d1ec7f,ef755769-ce17-43be-b493-5fcd169ed795,c2,c1,1463,?,i11,
1769091657.8059573,RECEIVED,da5c18a1-1bf4-40de-98f4-6f375aabbaaf,051dc923-8c36-402e-aa0c-4fd6ebc7f889,c3,c4,2046,p3,?,
1769091657.8922954,SENT,da5c18a1-1bf4-40de-98f4-6f375aabbaaf,051dc923-8c36-402e-aa0c-4fd6ebc7f889,c3,c4,1460,?,i12,
1769091657.8924844,FORWARDED,da5c18a1-1bf4-40de-98f4-6f375aabbaaf,051dc923-8c36-402e-aa0c-4fd6ebc7f889,c3,c4,1460,?,i12,
1769091657.9579062,SENT,2aae8dc6-8094-458a-9653-e46d92dc1a6c,2ed2e888-e171-435b-8efb-458c175d887e,c2,c1,1458,?,i9,
1769091657.9579465,FORWARDED,2aae8dc6-8094-458a-9653-e46d92dc1a6c,2ed2e888-e171-435b-8efb-458c175d887e,c2,c1,1458,?,i9,
1769091658.0419776,FORWARDED,602977db-a507-4ecd-a5bf-e88d7c30951d,ca637c0d-27ed-4dea-ad4b-86633f3de796,c2,DROP,1007,?,i6,
1769091658.1946948,SENT,22e1c212-b8a1-4aa2-9f3b-bef624a129a8,82eb667f-ec9c-40fa-8cc4-25556371f819,c5,c4,1463,?,i5,
1769091658.1947339,FORWARDED,22e1c212-b8a1-4aa2-9f3b-bef624a129a8,82eb667f-ec9c-40fa-8cc4-25556371f819,c5,c4,1463,?,i5,
1769091658.3444707,RECEIVED,c3d5f074-1196-4ded-be56-d4933c1289c5,f75cae34-0f93-4802-8ad7-7980dbf6b7bc,c4,c1,2043,p1,?,
1769091658.3458967,RECEIVED,915c9833-38bf-431e-9d9b-7a273c290dab,50d072e8-27e2-41b9-98ef-3b3ba53f0516,c3,c4,2040,p3,?,
1769091658.4615762,RECEIVED,44dbd048-549b-4354-986b-bd1897f06445,f5d651dc-f30e-4f34-9cc9-17fa64f1991f,c2,DROP,1443,p2,?,
1769091658.4829028,RECEIVED,2312d148-cdb1-4203-a11d-aa33c2166061,75203372-0662-4935-b6aa-1eecb88238fa,c1,DROP,1447,p1,?,
1769091658.6547132,SENT,2312d148-cdb1-4203-a11d-aa33c2166061,75203372-0662-4935-b6aa-1eecb88238fa,c1,DROP,1012,?,i3,
1769091658.6547632,FORWARDED,2312d148-cdb1-4203-a11d-aa33c2166061,75203372-0662-4935-b6aa-1eecb88238fa,c1,DROP,1012,?,i3,
1769091658.8249705,RECEIVED,0fdb9603-03b6-490b-aadd-02ff8afcb66c,106e6af7-282f-4538-aef3-829a215b6747,c4,c1,2044,p1,?,
1769091658.9125414,SENT,915c9833-38bf-431e-9d9b-7a273c290dab,50d072e8-27e2-41b9-98ef-3b3ba53f0516,c3,c4,1456,?,i11,
1769091658.9125834,FORWARDED,915c9833-38bf-431e-9d9b-7a273c290dab,50d072e8-27e2-41b9-98ef-3b3ba53f0516,c3,c4,1456,?,i11,
1769091658.986242,SENT,9216eb30-5039-4b59-96f5-b0b33fd2a088,835d998a-c23e-4645-965d-b9aee31cb9e6,c5,c4,1464,?,i7,
1769091658.9862845,FORWARDED,9216eb30-5039-4b59-96f5-b0b33fd2a088,835d998a-c23e-4645-965d-b9aee31cb9e6,c5,c4,1464,?,i7,
1769091658.998308,SENT,0fdb9603-03b6-490b-aadd-02ff8afcb66c,106e6af7-282f-4538-aef3-829a215b6747,c4,c1,1461,?,i9,
1769091658.9983494,FORWARDED,0fdb9603-03b6-490b-aadd-02ff8afcb66c,106e6af7-282f-4538-aef3-829a215b6747,c4,c1,1461,?,i9,
1769091659.0308702,SENT,0b88a18b-3be2-44c9-bef5-f82fea989ea0,0445453b-be90-492f-b373-ca60bc7d1f36,c5,c4,1453,?,i7,
1769091659.030914,FORWARDED,0b88a18b-3be2-44c9-bef5-f82fea989ea0,0445453b-be90-492f-b373-ca60bc7d1f36,c5,c4,1453,?,i7,
1769091659.0768948,RECEIVED,3dd784e2-77be-4f82-8e83-75bd949edd1c,8ae191ef-8290-47ca-9eb0-8c102140310d,c2,c1,2035,p2,?,
1769091659.0858557,RECEIVED,a287a019-30fa-4beb-9ef7-d9ee43f48d75,3b62cc15-8fe5-486a-a1c5-031a28b1a139,c4,c1,2031,p1,?,
1769091659.134593,SENT,3dd784e2-77be-4f82-8e83-75bd949edd1c,8ae191ef-8290-47ca-9eb0-8c102140310d,c2,c1,1455,?,i9,
1769091659.1346447,FORWARDED,3dd784e2-77be-4f82-8e83-75bd949edd1c,8ae191ef-8290-47ca-9eb0-8c102140310d,c2,c1,1455,?,i9,
1769091659.1913226,SENT,44dbd048-549b-4354-986b-bd1897f06445,f5d651dc-f30e-4f34-9cc9-17fa64f1991f,c2,DROP,1011,?,i9,
1769091659.191361,FORWARDED,44dbd048-549b-4354-986b-bd1897f06445,f5d651dc-f30e-4f34-9cc9-17fa64f1991f,c2,DROP,1011,?,i9,
1769091659.2059548,RECEIVED,e683031f-25c6-4aaa-9101-e09c6b99eab8,72bc7d73-d8f3-459a-830f-015d6aff5538,c4,c1,2045,p1,?,
1769091659.2212942,RECEIVED,95f3eb63-df2d-498b-a31f-4723c9af4a4e,5dbbfbc3-d928-4c05-862c-9e600e81ae2a,c1,c5,2020,p1,?,
1769091659.237502,SENT,a287a019-30fa-4beb-9ef7-d9ee43f48d75,3b62cc15-8fe5-486a-a1c5-031a28b1a139,c4,c1,1452,?,i9,
1769091659.2375438,FORWARDED,a287a019-30fa-4beb-9ef7-d9ee43f48d75,3b62cc15-8fe5-486a-a1c5-031a28b1a139,c4,c1,1452,?,i9,
1769091659.2894194,SENT,c3d5f074-1196-4ded-be56-d4933c1289c5,f75cae34-0f93-4802-8ad7-7980dbf6b7bc,c4,c1,1460,?,i7,
1769091659.2894607,FORWARDED,c3d5f074-1196-4ded-be56-d4933c1289c5,f75cae34-0f93-4802-8ad7-7980dbf6b7bc,c4,c1,1460,?,i7,
1769091659.3191175,SENT,e683031f-25c6-4aaa-9101-e09c6b99eab8,72bc7d73-d8f3-459a-830f-015d6aff5538,c4,c1,1460,?,i12,
1769091659.3191597,FORWARDED,e683031f-25c6-4aaa-9101-e09c6b99eab8,72bc7d73-d8f3-459a-830f-015d6aff5538,c4,c1,1460,?,i12,
1769091659.4567919,RECEIVED,38d1246f-d98a-4168-829c-48b229c9860c,5e5b8ead-3dd3-40f7-a94e-c29d44cb7256,c5,c4,2039,p2,?,
1769091659.5569935,RECEIVED,7d65e0a5-43dc-4a79-a24f-7455b32112bd,d1729185-74e1-470d-ae6c-babf74c84d12,c1,DROP,1439,p1,?,
1769091659.5597367,RECEIVED,6da1d279-6e9f-4e64-bd17-4ce2a07f5aa3,266efeb1-8e60-4ccb-ad3d-045f27ba20d6,c1,DROP,1439,p1,?,
1769091659.6628458,SENT,95f3eb63-df2d-498b-a31f-4723c9af4a4e,5dbbfbc3-d928-4c05-862c-9e600e81ae2a,c1,c5,1443,?,i3,
1769091659.6628895,FORWARDED,95f3eb63-df2d-498b-a31f-4723c9af4a4e,5dbbfbc3-d928-4c05-862c-9e600e81ae2a,c1,c5,1443,?,i3,
1769091659.6765158,RECEIVED,faef689c-8f69-4e9b-b99f-6f2bbefc6e39,be62bfd0-8f5d-410a-9712-d6a09010c598,c5,DROP,1449,p2,?,
1769091660.0439615,RECEIVED,fcb21b6d-73d4-442c-ac75-fe153f82756b,adb0ea3d-4419-426b-b879-a635e90af73a,c3,DROP,1460,p3,?,
1769091660.067799,SENT,faef689c-8f69-4e9b-b99f-6f2bbefc6e39,be62bfd0-8f5d-410a-9712-d6a09010c598,c5,DROP,1012,?,i12,
1769091660.0679374,FORWARDED,faef689c-8f69-4e9b-b99f-6f2bbefc6e39,be62bfd0-8f5d-410a-9712-d6a09010c598,c5,DROP,1012,?,i12,
1769091660.1658459,SENT,fcb21b6d-73d4-442c-ac75-fe153f82756b,adb0ea3d-4419-426b-b879-a635e90af73a,c3,DROP,1021,?,i2,
1769091660.1658878,FORWARDED,fcb21b6d-73d4-442c-ac75-fe153f82756b,adb0ea3d-4419-426b-b879-a635e90af73a,c3,DROP,1021,?,i2,
1769091660.1962442,SENT,6da1d279-6e9f-4e64-bd17-4ce2a07f5aa3,266efeb1-8e60-4ccb-ad3d-045f27ba20d6,c1,DROP,1007,?,i3,
1769091660.1962855,FORWARDED,6da1d279-6e9f-4e64-bd17-4ce2a07f5aa3,266efeb1-8e60-4ccb-ad3d-045f27ba20d6,c1,DROP,1007,?,i3,
1769091660.1997936,RECEIVED,91ad97f4-8926-4e11-97fb-6f81cf9c3ae7,4d6d2f7e-7d95-4283-b3f9-18185abdfe95,c2,c1,2039,p2,?,
1769091660.2786272,RECEIVED,3a5edad9-72ea-454f-b3a9-27e6875867e1,b182069c-c8fb-4d1f-ba19-e957b86404cc,c2,c1,2031,p2,?,
1769091660.3938818,SENT,7d65e0a5-43dc-4a79-a24f-7455b32112bd,d1729185-74e1-470d-ae6c-babf74c84d12,c1,DROP,1008,?,i8,
1769091660.3939235,FORWARDED,7d65e0a5-43dc-4a79-a24f-7455b32112bd,d1729185-74e1-470d-ae6c-babf74c84d12,c1,DROP,1008,?,i8,
1769091660.435549,RECEIVED,bfbfe899-1341-469e-86e9-162da86dbfdd,10c8e112-21f1-4750-94dd-f49f29229eac,c4,c1,2033,p1,?,
1769091660.4535053,RECEIVED,11a1530e-a12a-42c9-ba67-38fcdeaa8cf0,d50fa640-41f8-43bb-80c4-dd071fe9d345,c3,DROP,445,x5,?,
1769091660.5547233,RECEIVED,5cc5e133-7cae-4ba9-9ff4-0ca775c2f65b,c8f762bd-5099-4f91-88da-160b233f175e,c2,c1,2036,p2,?,
1769091660.6732547,RECEIVED,eeee9dee-b6c2-4bc3-ba73-db42aa6f0db3,395504ae-b8ef-450e-9524-3edba901359a,c2,c1,2048,p2,?,
1769091660.7839656,SENT,3a5edad9-72ea-454f-b3a9-27e6875867e1,b182069c-c8fb-4d1f-ba19-e957b86404cc,c2,c1,1450,?,i2,
1769091660.7840064,FORWARDED,3a5edad9-72ea-454f-b3a9-27e6875867e1,b182069c-c8fb-4d1f-ba19-e957b86404cc,c2,c1,1450,?,i2,
1769091660.7854717,RECEIVED,021f82d2-8528-4b23-aec0-9fed0781a540,c878d341-217c-45bd-bc78-1a7b5cb0de18,c2,c1,2043,p2,?,
1769091660.8144226,RECEIVED,40ea9805-8cce-4ad4-9657-0c33e232db96,e4a61fbc-d4cb-4a7a-a8c6-69b7baf94081,c4,c1,2044,p1,?,
1769091660.9113154,FORWARDED,eeee9dee-b6c2-4bc3-ba73-db42aa6f0db3,395504ae-b8ef-450e-9524-3edba901359a,c2,c1,1463,?,i6,
1769091660.997288,SENT,38d1246f-d98a-4168-829c-48b229c9860c,5e5b8ead-3dd3-40f7-a94e-c29d44cb7256,c5,c4,1457,?,i5,
1769091660.997328,FORWARDED,38d1246f-d98a-4168-829c-48b229c9860c,5e5b8ead-3dd3-40f7-a94e-c29d44cb7256,c5,c4,1457,?,i5,
1769091661.0602956,RECEIVED,1e0f5852-05bb-453f-bdec-ae7345e74868,d5096301-b0bb-4d83-97d4-851d6d4f2fd9,c1,c5,2030,p1,?,
1769091661.2575605,SENT,91ad97f4-8926-4e11-97fb-6f81cf9c3ae7,4d6d2f7e-7d95-4283-b3f9-18185abdfe95,c2,c1,1456,?,i4,
1769091661.2575986,FORWARDED,91ad97f4-8926-4e11-97fb-6f81cf9c3ae7,4d6d2f7e-7d95-4283-b3f9-18185abdfe95,c2,c1,1456,?,i4,
1769091661.270813,SENT,bfbfe899-1341-469e-86e9-162da86dbfdd,10c8e112-21f1-4750-94dd-f49f29229eac,c4,c1,1455,?,i3,
1769091661.2708557,FORWARDED,bfbfe899-1341-469e-86e9-162da86dbfdd,10c8e112-21f1-4750-94dd-f49f29229eac,c4,c1,1455,?,i3,
1769091661.2898731,SENT,021f82d2-8528-4b23-aec0-9fed0781a540,c878d341-217c-45bd-bc78-1a7b5cb0de18,c2,c1,1460,?,i3,
1769091661.2899137,FORWARDED,021f82d2-8528-4b23-aec0-9fed0781a540,c878d341-217c-45bd-bc78-1a7b5cb0de18,c2,c1,1460,?,i3,
1769091661.307204,RECEIVED,d17cc2eb-f9fb-4423-b8e3-d5d5ad62db8c,4cd111d5-d4bf-4353-83fa-4dca73b10152,c5,c4,2029,p2,?,
1769091661.5344334,SENT,40ea9805-8cce-4ad4-9657-0c33e232db96,e4a61fbc-d4cb-4a7a-a8c6-69b7baf94081,c4,c1,1459,?,i10,
1769091661.5344758,FORWARDED,40ea9805-8cce-4ad4-9657-0c33e232db96,e4a61fbc-d4cb-4a7a-a8c6-69b7baf94081,c4,c1,1459,?,i10,
1769091661.857342,RECEIVED,225d4022-d3d1-41bf-883e-e89ab378511e,f970089d-174b-4574-8667-6b2b4496eb12,c3,c4,2044,p3,?,
1769091662.0328631,SENT,d17cc2eb-f9fb-4423-b8e3-d5d5ad62db8c,4cd111d5-d4bf-4353-83fa-4dca73b10152,c5,c4,1452,?,i4,
1769091662.0329094,FORWARDED,d17cc2eb-f9fb-4423-b8e3-d5d5ad62db8c,4cd111d5-d4bf-4353-83fa-4dca73b10152,c5,c4,1452,?,i4,
1769091662.0585241,SENT,5cc5e133-7cae-4ba9-9ff4-0ca775c2f65b,c8f762bd-5099-4f91-88da-160b233f175e,c2,c1,1455,?,i11,
1769091662.0585673,FORWARDED,5cc5e133-7cae-4ba9-9ff4-0ca775c2f65b,c8f762bd-5099-4f91-88da-160b233f175e,c2,c1,1455,?,i11,
1769091662.1051266,RECEIVED,04b9bf46-7f64-4380-b922-a830a9bf6e11,97c74600-883c-4170-addc-d41078753a0e,c1,DROP,1447,p1,?,
1769091662.1272323,SENT,225d4022-d3d1-41bf-883e-e89ab378511e,f970089d-174b-4574-8667-6b2b4496eb12,c3,c4,1460,?,i9,
1769091662.1272736,FORWARDED,225d4022-d3d1-41bf-883e-e89ab378511e,f970089d-174b-4574-8667-6b2b4496eb12,c3,c4,1460,?,i9,
1769091662.1689947,RECEIVED,d7c2f67a-da4e-42fc-be2a-de48f0d64ab3,56039a09-589d-4753-ab7e-bcb34dec520d,c3,DROP,1456,p3,?,
1769091662.2472007,RECEIVED,295c6a2e-8cd8-44ad-9227-c65f6486171a,8d3f4441-1dfe-45fe-8fdc-ee36c8d5933e,c5,DROP,1450,p2,?,
1769091662.3241348,RECEIVED,2979526e-6f8e-43fd-b694-0d2646bd3eeb,dedc023b-8edd-458b-a557-34ef4885771f,c4,c1,2026,p1,?,
1769091662.3764122,RECEIVED,f6e6e954-2e20-4aa7-b505-c44a6d108faf,cb7d553f-b6aa-478f-9a33-0190df538de6,c2,DROP,442,x5,?,
1769091662.3784022,SENT,04b9bf46-7f64-4380-b922-a830a9bf6e11,97c74600-883c-4170-addc-d41078753a0e,c1,DROP,1013,?,i5,
1769091662.3784451,FORWARDED,04b9bf46-7f64-4380-b922-a830a9bf6e11,97c74600-883c-4170-addc-d41078753a0e,c1,DROP,1013,?,i5,
1769091662.4177825,RECEIVED,b72c6ec5-7ede-4d12-aafc-b3d8eb6b0705,6dced825-3d3a-4447-bfd4-27ed0f247921,c3,c4,2035,p3,?,
1769091662.47297,RECEIVED,478f985a-b75c-40e6-aeda-02959ac11fd1,ea55bf5a-214f-43dc-a0e2-ca4ea4e93f05,c3,DROP,1439,p3,?,
1769091662.848866,SENT,b72c6ec5-7ede-4d12-aafc-b3d8eb6b0705,6dced825-3d3a-4447-bfd4-27ed0f247921,c3,c4,1455,?,i1,
1769091662.8489058,FORWARDED,b72c6ec5-7ede-4d12-aafc-b3d8eb6b0705,6dced825-3d3a-4447-bfd4-27ed0f247921,c3,c4,1455,?,i1,
1769091662.9552097,SENT,295c6a2e-8cd8-44ad-9227-c65f6486171a,8d3f4441-1dfe-45fe-8fdc-ee36c8d5933e,c5,DROP,1016,?,i2,
1769091662.9555485,FORWARDED,295c6a2e-8cd8-44ad-9227-c65f6486171a,8d3f4441-1dfe-45fe-8fdc-ee36c8d5933e,c5,DROP,1016,?,i2,
1769091662.9612565,RECEIVED,216c6891-7689-4512-b7c2-2964e407037c,fbb2c8e8-8418-4830-94a3-172132726427,c4,c1,2041,p1,?,
1769091662.9691448,RECEIVED,e22e9f90-a3a7-45f5-82cd-fdef322538b4,195171c9-e741-4729-b5b4-a3ad616c64d4,c1,c5,2043,p1,?,
1769091663.0614681,SENT,216c6891-7689-4512-b7c2-2964e407037c,fbb2c8e8-8418-4830-94a3-172132726427,c4,c1,1457,?,i5,
1769091663.0615094,FORWARDED,216c6891-7689-4512-b7c2-2964e407037c,fbb2c8e8-8418-4830-94a3-172132726427,c4,c1,1457,?,i5,
1769091663.076415,SENT,d7c2f67a-da4e-42fc-be2a-de48f0d64ab3,56039a09-589d-4753-ab7e-bcb34dec520d,c3,DROP,1019,?,i12,
1769091663.0764592,FORWARDED,d7c2f67a-da4e-42fc-be2a-de48f0d64ab3,56039a09-589d-4753-ab7e-bcb34dec520d,c3,DROP,1019,?,i12,
1769091663.1110637,FORWARDED,2979526e-6f8e-43fd-b694-0d2646bd3eeb,dedc023b-8edd-458b-a557-34ef4885771f,c4,c1,1448,?,i6,
1769091663.1587858,RECEIVED,0e9026ac-a9fb-4b7b-9258-4348dc09d7ea,bacef47f-bbeb-4e88-a04c-592371c59c56,c3,c4,2044,p3,?,
1769091663.1692595,SENT,1e0f5852-05bb-453f-bdec-ae7345e74868,d5096301-b0bb-4d83-97d4-851d6d4f2fd9,c1,c5,1450,?,i7,
1769091663.1693017,FORWARDED,1e0f5852-05bb-453f-bdec-ae7345e74868,d5096301-b0bb-4d83-97d4-851d6d4f2fd9,c1,c5,1450,?,i7,
1769091663.195792,SENT,0e9026ac-a9fb-4b7b-9258-4348dc09d7ea,bacef47f-bbeb-4e88-a04c-592371c59c56,c3,c4,1459,?,i5,
1769091663.1960847,FORWARDED,0e9026ac-a9fb-4b7b-9258-4348dc09d7ea,bacef47f-bbeb-4e88-a04c-592371c59c56,c3,c4,1459,?,i5,
1769091663.4295957,SENT,478f985a-b75c-40e6-aeda-02959ac11fd1,ea55bf5a-214f-43dc-a0e2-ca4ea4e93f05,c3,DROP,1007,?,i5,
1769091663.4296353,FORWARDED,478f985a-b75c-40e6-aeda-02959ac11fd1,ea55bf5a-214f-43dc-a0e2-ca4ea4e93f05,c3,DROP,1007,?,i5,
1769091663.772494,SENT,e22e9f90-a3a7-45f5-82cd-fdef322538b4,195171c9-e741-4729-b5b4-a3ad616c64d4,c1,c5,1459,?,i9,
1769091663.7725377,FORWARDED,e22e9f90-a3a7-45f5-82cd-fdef322538b4,195171c9-e741-4729-b5b4-a3ad616c64d4,c1,c5,1459,?,i9,
1769091663.9826398,RECEIVED,7b2b4448-c30a-4afc-b737-0e91811350e4,d1e4150e-82f3-465e-a3fd-a0fb0643b9a5,c3,DROP,441,x3,?,
1769091664.3318052,RECEIVED,65e0b950-5a3a-4993-85bb-6cc2ce4c65e3,e3cd356a-820e-4c8d-9c4c-7a229dbdb53c,c3,c4,2030,p3,?,
1769091664.6363485,SENT,65e0b950-5a3a-4993-85bb-6cc2ce4c65e3,e3cd356a-820e-4c8d-9c4c-7a229dbdb53c,c3,c4,1451,?,i3,
1769091664.6363993,FORWARDED,65e0b950-5a3a-4993-85bb-6cc2ce4c65e3,e3cd356a-820e-4c8d-9c4c-7a229dbdb53c,c3,c4,1451,?,i3,
1769091664.8375695,RECEIVED,7bc341c4-9fbb-4a56-9efc-dab94c5bac47,a35deac1-9fa8-4d54-82bb-a28173e8281a,c3,DROP,1448,p3,?,
1769091664.8740675,RECEIVED,46774ab5-a234-4109-85d4-e0226d89d416,6acd21a5-58ee-49f8-aaab-23529bbe48d8,c5,c4,2048,p2,?,
1769091664.9311008,FORWARDED,7bc341c4-9fbb-4a56-9efc-dab94c5bac47,a35deac1-9fa8-4d54-82bb-a28173e8281a,c3,DROP,1012,?,i6,
1769091665.2474823,RECEIVED,88df4d61-c04f-4908-bb23-16d8a4077cc6,fcd986a8-a1df-4bed-93c6-fd0963ada21b,c5,c4,2048,p2,?,
1769091665.4168549,RECEIVED,d015f4af-21c2-4fc3-82c2-9eb8704874b7,5096a6b7-8123-4c20-9812-05ecc9b273b1,c4,DROP,445,x2,?,
1769091665.5361469,SENT,88df4d61-c04f-4908-bb23-16d8a4077cc6,fcd986a8-a1df-4bed-93c6-fd0963ada21b,c5,c4,1463,?,i2,
1769091665.5361972,FORWARDED,88df4d61-c04f-4908-bb23-16d8a4077cc6,fcd986a8-a1df-4bed-93c6-fd0963ada21b,c5,c4,1463,?,i2,
1769091665.5937386,RECEIVED,f366afd0-b9b3-4673-b359-d75cd346faf6,15edbf5a-fe2a-4124-92c6-d115b7ac4196,c5,DROP,1457,p2,?,
1769091665.8381615,RECEIVED,ee5327ee-443e-4035-a1d3-a446958841aa,25f115dc-ec34-4973-be28-32edd6fd2233,c5,DROP,446,x6,?,
1769091666.0458124,RECEIVED,dfe30f74-5e9d-4ddf-af76-e8ee86beef01,06c1d8f5-0c50-4e8b-af00-5fa3a5069ef9,c2,DROP,1454,p2,?,
1769091666.0870705,SENT,dfe30f74-5e9d-4ddf-af76-e8ee86beef01,06c1d8f5-0c50-4e8b-af00-5fa3a5069ef9,c2,DROP,1016,?,i11,
1769091666.0871065,FORWARDED,dfe30f74-5e9d-4ddf-af76-e8ee86beef01,06c1d8f5-0c50-4e8b-af00-5fa3a5069ef9,c2,DROP,1016,?,i11,
1769091666.0898304,SENT,f366afd0-b9b3-4673-b359-d75cd346faf6,15edbf5a-fe2a-4124-92c6-d115b7ac4196,c5,DROP,1019,?,i11,
1769091666.0898733,FORWARDED,f366afd0-b9b3-4673-b359-d75cd346faf6,15edbf5a-fe2a-4124-92c6-d115b7ac4196,c5,DROP,1019,?,i11,
1769091666.1024904,SENT,46774ab5-a234-4109-85d4-e0226d89d416,6acd21a5-58ee-49f8-aaab-23529bbe48d8,c5,c4,1464,?,i12,
1769091666.1025262,FORWARDED,46774ab5-a234-4109-85d4-e0226d89d416,6acd21a5-58ee-49f8-aaab-23529bbe48d8,c5,c4,1464,?,i12,
1769091666.2358835,RECEIVED,a9234d7e-2ee4-4837-a69d-0c218dad2de3,942b928a-249b-4d1b-8744-a9bbe7db6c87,c4,c1,2028,p1,?,
1769091666.4163427,RECEIVED,cbe498e3-7d05-43c5-9cfc-922652d70c12,9cb7bccb-3485-45be-b435-cddcc1593e2a,c2,DROP,1447,p2,?,
1769091666.4641666,SENT,a9234d7e-2ee4-4837-a69d-0c218dad2de3,942b928a-249b-4d1b-8744-a9bbe7db6c87,c4,c1,1448,?,i3,
1769091666.464207,FORWARDED,a9234d7e-2ee4-4837-a69d-0c218dad2de3,942b928a-249b-4d1b-8744-a9bbe7db6c87,c4,c1,1448,?,i3,
1769091666.4716942,RECEIVED,effc8ad8-2926-4385-b284-46f077d3c7c0,0193e32f-c043-4ca0-80b4-0c9ab915d957,c4,DROP,1450,p1,?,
1769091666.4859908,RECEIVED,cda4cad3-3d83-4edb-b619-dc49249a425d,dbe595ee-5002-40ea-ae4e-6cfa7be10ddf,c1,c5,2035,p1,?,
1769091666.5387259,RECEIVED,7dfe24c2-1be7-438f-8035-703b18a0b973,998b34e5-2999-451d-8a34-f6c894173e4f,c3,c4,2032,p3,?,
1769091666.5678067,SENT,effc8ad8-2926-4385-b284-46f077d3c7c0,0193e32f-c043-4ca0-80b4-0c9ab915d957,c4,DROP,1012,?,i12,
1769091666.5678477,FORWARDED,effc8ad8-2926-4385-b284-46f077d3c7c0,0193e32f-c043-4ca0-80b4-0c9ab915d957,c4,DROP,1012,?,i12,
1769091666.6607025,SENT,7dfe24c2-1be7-438f-8035-703b18a0b973,998b34e5-2999-451d-8a34-f6c894173e4f,c3,c4,1452,?,i7,
1769091666.6607442,FORWARDED,7dfe24c2-1be7-438f-8035-703b18a0b973,998b34e5-2999-451d-8a34-f6c894173e4f,c3,c4,1452,?,i7,
1769091666.720293,RECEIVED,ce53ae58-810a-4a20-8169-a23159aa1016,bc573161-bc8f-4ae8-9313-2441e8a7ca9e,c2,c1,2032,p2,?,
1769091666.8555658,RECEIVED,a1fa0c18-116a-48d8-bddd-31808ec406b1,d4bd1c29-ce80-4c91-a592-09c67b1eba8a,c1,DROP,441,x3,?,
1769091666.9035149,SENT,cda4cad3-3d83-4edb-b619-dc49249a425d,dbe595ee-5002-40ea-ae4e-6cfa7be10ddf,c1,c5,1455,?,i8,
1769091666.9035578,FORWARDED,cda4cad3-3d83-4edb-b619-dc49249a425d,dbe595ee-5002-40ea-ae4e-6cfa7be10ddf,c1,c5,1455,?,i8,
1769091666.996318,RECEIVED,a79af499-940f-4e70-8c6a-56ef648ddf0b,846c7956-41bc-4c71-8957-4a980142c21c,c5,c4,2031,p2,?,
1769091667.043295,RECEIVED,1e44a916-2a90-4a32-8c86-b94381c02c8f,31419977-c397-4bd4-9ded-522e431b62d6,c5,c4,2043,p2,?,
1769091667.0885122,SENT,ce53ae58-810a-4a20-8169-a23159aa1016,bc573161-bc8f-4ae8-9313-2441e8a7ca9e,c2,c1,1452,?,i9,
1769091667.0885644,FORWARDED,ce53ae58-810a-4a20-8169-a23159aa1016,bc573161-bc8f-4ae8-9313-2441e8a7ca9e,c2,c1,1452,?,i9,
1769091667.2307851,FORWARDED,cbe498e3-7d05-43c5-9cfc-922652d70c12,9cb7bccb-3485-45be-b435-cddcc1593e2a,c2,DROP,1012,?,i6,
1769091667.3237956,RECEIVED,7518ef02-c6d5-4bab-8d1d-8331b1089967,a377e804-a696-4cb6-889d-313d1eb25241,c1,c5,2044,p1,?,
1769091667.4725084,RECEIVED,97bc2940-5d93-4d59-a8c9-a5328b8da2ed,6feadcbc-7d5e-4442-9969-15bca574aef9,c5,c4,2020,p2,?,
1769091667.596157,RECEIVED,3ce37dfe-733f-45d1-b5ab-5c5c05a119b0,2d8e0bb4-1df3-419d-a82d-bb97a4aa2ab4,c3,DROP,442,x7,?,
1769091667.597243,SENT,97bc2940-5d93-4d59-a8c9-a5328b8da2ed,6feadcbc-7d5e-4442-9969-15bca574aef9,c5,c4,1442,?,i2,
1769091667.5972815,FORWARDED,97bc2940-5d93-4d59-a8c9-a5328b8da2ed,6feadcbc-7d5e-4442-9969-15bca574aef9,c5,c4,1442,?,i2,
1769091667.7272732,SENT,a79af499-940f-4e70-8c6a-56ef648ddf0b,846c7956-41bc-4c71-8957-4a980142c21c,c5,c4,1452,?,i4,
1769091667.7273154,FORWARDED,a79af499-940f-4e70-8c6a-56ef648ddf0b,846c7956-41bc-4c71-8957-4a980142c21c,c5,c4,1452,?,i4,
1769091667.8459945,RECEIVED,667e15c2-c657-46cb-9572-9ee1a13db2df,5e07caeb-ca32-4197-b779-5767eed57eb2,c1,DROP,1452,p1,?,
1769091667.8678882,RECEIVED,4f156746-7601-45b9-935e-b6977d1b1f1f,1c1864f2-fd57-448f-b4f0-c9efa116acaa,c2,c1,2043,p2,?,
1769091667.9130065,RECEIVED,8cebc75a-0466-4001-ae9f-5c67c931d284,9ca53fe9-21f4-4165-bb18-80abc44f8db2,c1,DROP,441,x2,?,
1769091668.0221262,SENT,1e44a916-2a90-4a32-8c86-b94381c02c8f,31419977-c397-4bd4-9ded-522e431b62d6,c5,c4,1461,?,i4,
1769091668.022166,FORWARDED,1e44a916-2a90-4a32-8c86-b94381c02c8f,31419977-c397-4bd4-9ded-522e431b62d6,c5,c4,1461,?,i4,
1769091668.0647902,RECEIVED,3443000c-974e-402d-bf39-5f7564f65584,47a77cf1-6fa2-464e-860c-aeb217c15057,c1,c5,2044,p1,?,
1769091668.1488616,RECEIVED,876f6efd-56b1-4a2c-b502-e1069b206003,4dd1804a-9ebe-41f0-addb-11a01c55a962,c3,DROP,1439,p3,?,
1769091668.16166,SENT,3443000c-974e-402d-bf39-5f7564f65584,47a77cf1-6fa2-464e-860c-aeb217c15057,c1,c5,1460,?,i4,
1769091668.1617022,FORWARDED,3443000c-974e-402d-bf39-5f7564f65584,47a77cf1-6fa2-464e-860c-aeb217c15057,c1,c5,1460,?,i4,
1769091668.2538602,RECEIVED,0a9c4e4c-6532-4856-869f-4e3696acaa91,0a5ac783-99da-4e5c-a73a-cd149e875440,c4,c1,2028,p1,?,
1769091668.2661884,SENT,667e15c2-c657-46cb-9572-9ee1a13db2df,5e07caeb-ca32-4197-b779-5767eed57eb2,c1,DROP,1016,?,i10,
1769091668.2662244,FORWARDED,667e15c2-c657-46cb-9572-9ee1a13db2df,5e07caeb-ca32-4197-b779-5767eed57eb2,c1,DROP,1016,?,i10,
1769091668.2786958,RECEIVED,d1bfd052-a3c9-4189-a5e0-5a623f7a5fe6,1a1ca13b-88cf-425d-8cea-74822895a226,c2,DROP,1459,p2,?,
1769091668.3316574,SENT,7518ef02-c6d5-4bab-8d1d-8331b1089967,a377e804-a696-4cb6-889d-313d1eb25241,c1,c5,1459,?,i10,
1769091668.3316987,FORWARDED,7518ef02-c6d5-4bab-8d1d-8331b1089967,a377e804-a696-4cb6-889d-313d1eb25241,c1,c5,1459,?,i10,
1769091668.3671994,RECEIVED,4f81a8b2-b372-4020-98ad-d0a238db7431,5126006d-abb1-4e22-b777-7feb418456ce,c5,DROP,1457,p2,?,
1769091668.4460104,SENT,0a9c4e4c-6532-4856-869f-4e3696acaa91,0a5ac783-99da-4e5c-a73a-cd149e875440,c4,c1,1447,?,i8,
1769091668.4460695,FORWARDED,0a9c4e4c-6532-4856-869f-4e3696acaa91,0a5ac783-99da-4e5c-a73a-cd149e875440,c4,c1,1447,?,i8,
1769091668.463531,RECEIVED,c01519ff-762f-4bb2-af87-e9652dbd65fb,562c4116-6f96-4752-a4e2-fdf229ad8650,c3,c4,2039,p3,?,
1769091668.4853613,RECEIVED,3611c289-2b0c-49e9-8aab-a5d6da56bb78,da39894e-5842-46b9-8bcf-8c174eaec09c,c3,c4,2031,p3,?,
1769091668.487322,RECEIVED,ce2feb06-e456-48c3-82c1-80a21a259aed,3480f94a-e3b2-4cd4-9e09-7329c9a8bff7,c2,c1,2045,p2,?,
1769091668.5498426,SENT,ce2feb06-e456-48c3-82c1-80a21a259aed,3480f94a-e3b2-4cd4-9e09-7329c9a8bff7,c2,c1,1460,?,i11,
1769091668.5498834,FORWARDED,ce2feb06-e456-48c3-82c1-80a21a259aed,3480f94a-e3b2-4cd4-9e09-7329c9a8bff7,c2,c1,1460,?,i11,
1769091668.566044,FORWARDED,4f156746-7601-45b9-935e-b6977d1b1f1f,1c1864f2-fd57-448f-b4f0-c9efa116acaa,c2,c1,1461,?,i6,
1769091668.5931535,SENT,876f6efd-56b1-4a2c-b502-e1069b206003,4dd1804a-9ebe-41f0-addb-11a01c55a962,c3,DROP,1007,?,i3,
1769091668.5932176,FORWARDED,876f6efd-56b1-4a2c-b502-e1069b206003,4dd1804a-9ebe-41f0-addb-11a01c55a962,c3,DROP,1007,?,i3,
1769091668.7485886,RECEIVED,7d52118a-6377-43be-a9de-6588d505b628,b556e286-98bb-4d49-ae2e-d6536b9f266d,c3,DROP,1456,p3,?,
1769091668.8513286,SENT,4f81a8b2-b372-4020-98ad-d0a238db7431,5126006d-abb1-4e22-b777-7feb418456ce,c5,DROP,1020,?,i10,
1769091668.8513706,FORWARDED,4f81a8b2-b372-4020-98ad-d0a238db7431,5126006d-abb1-4e22-b777-7feb418456ce,c5,DROP,1020,?,i10,
1769091668.8901381,RECEIVED,a171f501-5cea-48f8-9175-a58e696590f4,c1915e42-af0d-415b-9129-d61e332eda31,c2,c1,2048,p2,?,
1769091668.9442463,SENT,7d52118a-6377-43be-a9de-6588d505b628,b556e286-98bb-4d49-ae2e-d6536b9f266d,c3,DROP,1020,?,i1,
1769091668.9442875,FORWARDED,7d52118a-6377-43be-a9de-6588d505b628,b556e286-98bb-4d49-ae2e-d6536b9f266d,c3,DROP,1020,?,i1,
1769091669.0119812,SENT,a171f501-5cea-48f8-9175-a58e696590f4,c1915e42-af0d-415b-9129-d61e332eda31,c2,c1,1462,?,i8,
1769091669.0120206,FORWARDED,a171f501-5cea-48f8-9175-a58e696590f4,c1915e42-af0d-415b-9129-d61e332eda31,c2,c1,1462,?,i8,
1769091669.2589993,SENT,3611c289-2b0c-49e9-8aab-a5d6da56bb78,da39894e-5842-46b9-8bcf-8c174eaec09c,c3,c4,1451,?,i1,
1769091669.2590413,FORWARDED,3611c289-2b0c-49e9-8aab-a5d6da56bb78,da39894e-5842-46b9-8bcf-8c174eaec09c,c3,c4,1451,?,i1,
1769091669.2877855,SENT,c01519ff-762f-4bb2-af87-e9652dbd65fb,562c4116-6f96-4752-a4e2-fdf229ad8650,c3,c4,1456,?,i7,
1769091669.2881117,FORWARDED,c01519ff-762f-4bb2-af87-e9652dbd65fb,562c4116-6f96-4752-a4e2-fdf229ad8650,c3,c4,1456,?,i7,
1769091669.3634622,RECEIVED,aab827e3-0fb0-4223-82b7-4539966c5725,e245631d-2e40-4b94-8c89-6adc53ddd5de,c1,DROP,1455,p1,?,
1769091669.5087614,RECEIVED,1b50120d-9cd5-4b71-baf7-799b9daedb95,ab84610c-6b73-4f47-b7fe-81ed2e98d841,c1,c5,2040,p1,?,
1769091669.571922,SENT,d1bfd052-a3c9-4189-a5e0-5a623f7a5fe6,1a1ca13b-88cf-425d-8cea-74822895a226,c2,DROP,1021,?,i11,
1769091669.5719626,FORWARDED,d1bfd052-a3c9-4189-a5e0-5a623f7a5fe6,1a1ca13b-88cf-425d-8cea-74822895a226,c2,DROP,1021,?,i11,
1769091669.9304605,RECEIVED,06b51a41-2b5a-4e89-988c-7754a529901a,f0710153-9877-4993-b9b6-568a5c32f139,c1,c5,2039,p1,?,
1769091669.9724815,SENT,1b50120d-9cd5-4b71-baf7-799b9daedb95,ab84610c-6b73-4f47-b7fe-81ed2e98d841,c1,c5,1456,?,i7,
1769091669.972794,FORWARDED,1b50120d-9cd5-4b71-baf7-799b9daedb95,ab84610c-6b73-4f47-b7fe-81ed2e98d841,c1,c5,1456,?,i7,
1769091670.0581381,RECEIVED,c3a78c6c-5afe-4758-8219-54e353098f1e,44d4a78f-62ef-42a8-9775-8d634697e231,c4,c1,2048,p1,?,
1769091670.0930235,SENT,c3a78c6c-5afe-4758-8219-54e353098f1e,44d4a78f-62ef-42a8-9775-8d634697e231,c4,c1,1463,?,i8,
1769091670.0930758,FORWARDED,c3a78c6c-5afe-4758-8219-54e353098f1e,44d4a78f-62ef-42a8-9775-8d634697e231,c4,c1,1463,?,i8,
1769091670.1328387,SENT,aab827e3-0fb0-4223-82b7-4539966c5725,e245631d-2e40-4b94-8c89-6adc53ddd5de,c1,DROP,1020,?,i3,
1769091670.1333842,FORWARDED,aab827e3-0fb0-4223-82b7-4539966c5725,e245631d-2e40-4b94-8c89-6adc53ddd5de,c1,DROP,1020,?,i3,
1769091670.1625557,RECEIVED,78cebe8b-c4ae-4d53-aba9-3894eb4abd10,d3ccad6a-8fef-4e6a-8753-477b187c1650,c3,DROP,446,x10,?,
1769091670.300328,RECEIVED,84bdd785-1964-4451-b1a4-27f351c1309c,4a993833-a180-41b7-8c53-78c84058ed15,c3,DROP,1440,p3,?,
1769091670.3420181,SENT,84bdd785-1964-4451-b1a4-27f351c1309c,4a993833-a180-41b7-8c53-78c84058ed15,c3,DROP,1008,?,i2,
1769091670.3420768,FORWARDED,84bdd785-1964-4451-b1a4-27f351c1309c,4a993833-a180-41b7-8c53-78c84058ed15,c3,DROP,1008,?,i2,
1769091670.4177895,RECEIVED,dbafb76e-9654-4525-a58d-4d21d8a6d6ca,c99d26ff-f5d5-4c69-b776-233422f9068d,c3,c4,2020,p3,?,
1769091670.6978757,SENT,dbafb76e-9654-4525-a58d-4d21d8a6d6ca,c99d26ff-f5d5-4c69-b776-233422f9068d,c3,c4,1443,?,i9,
1769091670.697924,FORWARDED,dbafb76e-9654-4525-a58d-4d21d8a6d6ca,c99d26ff-f5d5-4c69-b776-233422f9068d,c3,c4,1443,?,i9,
1769091670.810831,RECEIVED,5be88e94-ff2c-47d1-83d6-e78e3e6d955d,a01a2624-ae8d-4fdd-b7a1-7f1620702937,c5,DROP,1455,p2,?,
1769091670.8303778,RECEIVED,26b7e980-e9fe-4dca-b58c-97d30c9920f0,dc896cb2-a365-4301-9933-8bc9bba71455,c5,DROP,1443,p2,?,
1769091670.8828294,RECEIVED,724c2c5b-f123-4f0d-aa92-430c60ab44b0,494b974f-e7b9-40ef-8cfc-0c0a3ac1ad2a,c4,c1,2041,p1,?,
1769091670.897622,RECEIVED,44817080-1333-4435-8183-d20e0b55defe,3722bc95-800f-4412-8382-79a55eb944ad,c3,DROP,442,x1,?,
1769091670.9369886,SENT,5be88e94-ff2c-47d1-83d6-e78e3e6d955d,a01a2624-ae8d-4fdd-b7a1-7f1620702937,c5,DROP,1019,?,i1,
1769091670.93703,FORWARDED,5be88e94-ff2c-47d1-83d6-e78e3e6d955d,a01a2624-ae8d-4fdd-b7a1-7f1620702937,c5,DROP,1019,?,i1,
1769091671.0489948,RECEIVED,a4cad1e4-488e-4338-a1a3-f9e79a2e1ed0,a48c30c5-5e29-4996-9233-3338d77e1424,c1,DROP,1451,p1,?,
1769091671.0745447,FORWARDED,26b7e980-e9fe-4dca-b58c-97d30c9920f0,dc896cb2-a365-4301-9933-8bc9bba71455,c5,DROP,1009,?,i6,
1769091671.2408175,SENT,06b51a41-2b5a-4e89-988c-7754a529901a,f0710153-9877-4993-b9b6-568a5c32f139,c1,c5,1456,?,i4,
1769091671.240858,FORWARDED,06b51a41-2b5a-4e89-988c-7754a529901a,f0710153-9877-4993-b9b6-568a5c32f139,c1,c5,1456,?,i4,
1769091671.2490423,RECEIVED,94ebdac8-2428-45d0-9912-cd18bfae2359,09cb0690-8620-46be-8f9d-9858ee7889a4,c3,c4,2045,p3,?,
1769091671.2577493,SENT,724c2c5b-f123-4f0d-aa92-430c60ab44b0,494b974f-e7b9-40ef-8cfc-0c0a3ac1ad2a,c4,c1,1456,?,i10,
1769091671.2577963,FORWARDED,724c2c5b-f123-4f0d-aa92-430c60ab44b0,494b974f-e7b9-40ef-8cfc-0c0a3ac1ad2a,c4,c1,1456,?,i10,
1769091671.3713722,RECEIVED,d6829a9e-7c28-4638-bda6-f727d8e660b6,1336caa4-9d62-49a1-9136-a13f34246947,c1,c5,2038,p1,?,
1769091671.5962389,SENT,a4cad1e4-488e-4338-a1a3-f9e79a2e1ed0,a48c30c5-5e29-4996-9233-3338d77e1424,c1,DROP,1016,?,i4,
1769091671.596287,FORWARDED,a4cad1e4-488e-4338-a1a3-f9e79a2e1ed0,a48c30c5-5e29-4996-9233-3338d77e1424,c1,DROP,1016,?,i4,
1769091671.7223337,RECEIVED,56a9a96a-b3d3-44fa-8742-2966d278aad5,37ed9042-fb3b-49b0-a7ed-5204164d2189,c4,DROP,1452,p1,?,
1769091671.7714899,RECEIVED,6804b3d7-524b-4818-8352-f940010e2972,0de643d5-e2ca-48b7-9368-ea37d488fa9f,c2,DROP,1457,p2,?,
1769091671.9077802,SENT,56a9a96a-b3d3-44fa-8742-2966d278aad5,37ed9042-fb3b-49b0-a7ed-5204164d2189,c4,DROP,1016,?,i2,
1769091671.9078202,FORWARDED,56a9a96a-b3d3-44fa-8742-2966d278aad5,37ed9042-fb3b-49b0-a7ed-5204164d2189,c4,DROP,1016,?,i2,
1769091671.9107563,RECEIVED,44c68bcb-6f16-47d1-9aee-f5cb54e2bab3,9d285b4b-169b-4732-b71f-cfe778da8e3d,c4,c1,2039,p1,?,
1769091671.988317,RECEIVED,56ee353f-93a8-48f3-b3aa-c82328464272,51785adf-410c-4a71-90f4-f5b03bd5ad46,c2,c1,2048,p2,?,
1769091672.0083067,RECEIVED,d14960d2-92a6-4fc8-883e-b2fc71507ed0,50b9e5fb-05c8-466b-bb16-1b7a56ef29d7,c1,DROP,1439,p1,?,
1769091672.0459805,RECEIVED,43284d24-0082-4348-8dd8-7b4ef043bf40,165d94e4-93f0-47c0-ac7f-824b0062f6ba,c1,c5,2041,p1,?,
1769091672.0787003,SENT,6804b3d7-524b-4818-8352-f940010e2972,0de643d5-e2ca-48b7-9368-ea37d488fa9f,c2,DROP,1020,?,i11,
1769091672.078741,FORWARDED,6804b3d7-524b-4818-8352-f940010e2972,0de643d5-e2ca-48b7-9368-ea37d488fa9f,c2,DROP,1020,?,i11,
1769091672.087398,RECEIVED,1d8f43ae-4b9a-4aa1-a4b2-1ab447e353d1,6e7a6482-4bb7-43e4-aaa0-23ffa1f523dc,c3,c4,2048,p3,?,
1769091672.109742,RECEIVED,25234568-c5ff-4bca-9959-5e90596ca281,0eed260a-7345-4f73-a773-64cc514832c6,c3,c4,2039,p3,?,
1769091672.1633837,SENT,d14960d2-92a6-4fc8-883e-b2fc71507ed0,50b9e5fb-05c8-466b-bb16-1b7a56ef29d7,c1,DROP,1007,?,i7,
1769091672.1634343,FORWARDED,d14960d2-92a6-4fc8-883e-b2fc71507ed0,50b9e5fb-05c8-466b-bb16-1b7a56ef29d7,c1,DROP,1007,?,i7,
1769091672.2342117,SENT,94ebdac8-2428-45d0-9912-cd18bfae2359,09cb0690-8620-46be-8f9d-9858ee7889a4,c3,c4,1463,?,i1,
1769091672.234252,FORWARDED,94ebdac8-2428-45d0-9912-cd18bfae2359,09cb0690-8620-46be-8f9d-9858ee7889a4,c3,c4,1463,?,i1,
1769091672.290417,SENT,43284d24-0082-4348-8dd8-7b4ef043bf40,165d94e4-93f0-47c0-ac7f-824b0062f6ba,c1,c5,1456,?,i12,
1769091672.2904587,FORWARDED,43284d24-0082-4348-8dd8-7b4ef043bf40,165d94e4-93f0-47c0-ac7f-824b0062f6ba,c1,c5,1456,?,i12,
1769091672.5055065,RECEIVED,e3ff33ba-5bf2-4c87-a081-93c2333ec399,7bcc8819-7c03-489a-83ba-cad0a77bddf6,c4,c1,2044,p1,?,
1769091672.5083842,SENT,1d8f43ae-4b9a-4aa1-a4b2-1ab447e353d1,6e7a6482-4bb7-43e4-aaa0-23ffa1f523dc,c3,c4,1463,?,i7,
1769091672.5084255,FORWARDED,1d8f43ae-4b9a-4aa1-a4b2-1ab447e353d1,6e7a6482-4bb7-43e4-aaa0-23ffa1f523dc,c3,c4,1463,?,i7,
1769091672.6062331,RECEIVED,f74ecc9b-abc5-437f-b7b0-34f2dd436050,1b087db3-cf8c-453b-9fda-a49cc3bd507e,c2,c1,2038,p2,?,
1769091672.6174324,SENT,f74ecc9b-abc5-437f-b7b0-34f2dd436050,1b087db3-cf8c-453b-9fda-a49cc3bd507e,c2,c1,1455,?,i11,
1769091672.617475,FORWARDED,f74ecc9b-abc5-437f-b7b0-34f2dd436050,1b087db3-cf8c-453b-9fda-a49cc3bd507e,c2,c1,1455,?,i11,
1769091672.6755085,SENT,44c68bcb-6f16-47d1-9aee-f5cb54e2bab3,9d285b4b-169b-4732-b71f-cfe778da8e3d,c4,c1,1457,?,i7,
1769091672.675545,FORWARDED,44c68bcb-6f16-47d1-9aee-f5cb54e2bab3,9d285b4b-169b-4732-b71f-cfe778da8e3d,c4,c1,1457,?,i7,
1769091672.721678,SENT,25234568-c5ff-4bca-9959-5e90596ca281,0eed260a-7345-4f73-a773-64cc514832c6,c3,c4,1457,?,i9,
1769091672.7217202,FORWARDED,25234568-c5ff-4bca-9959-5e90596ca281,0eed260a-7345-4f73-a773-64cc514832c6,c3,c4,1457,?,i9,
1769091672.7784328,SENT,e3ff33ba-5bf2-4c87-a081-93c2333ec399,7bcc8819-7c03-489a-83ba-cad0a77bddf6,c4,c1,1460,?,i7,
1769091672.7784681,FORWARDED,e3ff33ba-5bf2-4c87-a081-93c2333ec399,7bcc8819-7c03-489a-83ba-cad0a77bddf6,c4,c1,1460,?,i7,
1769091672.8346133,RECEIVED,101cf120-3c1e-445b-9d63-e390de766a5d,8ec6ba91-6538-4878-b90f-3f0fbadc4acf,c3,c4,2044,p3,?,
1769091672.8358355,SENT,56ee353f-93a8-48f3-b3aa-c82328464272,51785adf-410c-4a71-90f4-f5b03bd5ad46,c2,c1,1463,?,i12,
1769091672.8358774,FORWARDED,56ee353f-93a8-48f3-b3aa-c82328464272,51785adf-410c-4a71-90f4-f5b03bd5ad46,c2,c1,1463,?,i12,
1769091672.8584862,SENT,101cf120-3c1e-445b-9d63-e390de766a5d,8ec6ba91-6538-4878-b90f-3f0fbadc4acf,c3,c4,1459,?,i3,
1769091672.8585246,FORWARDED,101cf120-3c1e-445b-9d63-e390de766a5d,8ec6ba91-6538-4878-b90f-3f0fbadc4acf,c3,c4,1459,?,i3,
1769091672.9145029,RECEIVED,6bb45004-3eb8-4d95-ae72-2b04c84de57c,11662833-989b-4b1e-9ed0-188f35f613ef,c5,DROP,446,x5,?,
1769091673.093241,RECEIVED,c7d45c94-f71c-463c-93d5-01541513b048,0e22862b-27c5-48b3-ad0b-be39b2df93bb,c1,c5,2042,p1,?,
1769091673.132565,SENT,c7d45c94-f71c-463c-93d5-01541513b048,0e22862b-27c5-48b3-ad0b-be39b2df93bb,c1,c5,1456,?,i11,
1769091673.1326084,FORWARDED,c7d45c94-f71c-463c-93d5-01541513b048,0e22862b-27c5-48b3-ad0b-be39b2df93bb,c1,c5,1456,?,i11,
1769091673.1381717,SENT,d6829a9e-7c28-4638-bda6-f727d8e660b6,1336caa4-9d62-49a1-9136-a13f34246947,c1,c5,1457,?,i3,
1769091673.1382186,FORWARDED,d6829a9e-7c28-4638-bda6-f727d8e660b6,1336caa4-9d62-49a1-9136-a13f34246947,c1,c5,1457,?,i3,
1769091673.404358,RECEIVED,64c00409-b206-4b84-b206-46be7debae45,36b4bb99-b8b8-43ff-b941-c056cf8f7ec0,c3,c4,2048,p3,?,
1769091673.502005,FORWARDED,64c00409-b206-4b84-b206-46be7debae45,36b4bb99-b8b8-43ff-b941-c056cf8f7ec0,c3,c4,1464,?,i6,
1769091673.5913157,RECEIVED,c825f649-1c15-4752-827b-915e5406a406,1ba5185f-5a96-4a09-bdfb-83841f3766e2,c1,DROP,1444,p1,?,
1769091673.5995743,RECEIVED,312b1351-bec2-46f2-a9b2-8dcb957c22df,450c31e4-d383-49e7-ace7-062f3e6b408d,c1,c5,2037,p1,?,
1769091673.6501203,SENT,c825f649-1c15-4752-827b-915e5406a406,1ba5185f-5a96-4a09-bdfb-83841f3766e2,c1,DROP,1009,?,i7,
1769091673.650281,FORWARDED,c825f649-1c15-4752-827b-915e5406a406,1ba5185f-5a96-4a09-bdfb-83841f3766e2,c1,DROP,1009,?,i7,
1769091673.6607704,SENT,312b1351-bec2-46f2-a9b2-8dcb957c22df,450c31e4-d383-49e7-ace7-062f3e6b408d,c1,c5,1455,?,i7,
1769091673.6608143,FORWARDED,312b1351-bec2-46f2-a9b2-8dcb957c22df,450c31e4-d383-49e7-ace7-062f3e6b408d,c1,c5,1455,?,i7,
1769091673.8198624,RECEIVED,1a621e89-e053-4ec2-982c-05c7971c697b,7d0276d6-ba14-470c-918b-d9f7feb17f3b,c1,c5,2047,p1,?,
1769091674.029976,RECEIVED,2d273b07-5d9a-4c31-9533-2113c1ba6eb6,3a020242-1208-4ecd-8896-824292df9370,c3,DROP,446,x12,?,
1769091674.2610927,RECEIVED,60810b61-8e56-4784-8d5e-81ad98fcf435,09dd0395-4d34-4b46-9a77-443e47b84cc4,c2,c1,2044,p2,?,
1769091674.3106203,RECEIVED,63c91663-69f5-41cd-9fba-548f74c5f65b,f324232e-3a18-4c8c-921b-4da90381069b,c5,c4,2032,p2,?,
1769091674.3962939,SENT,63c91663-69f5-41cd-9fba-548f74c5f65b,f324232e-3a18-4c8c-921b-4da90381069b,c5,c4,1452,?,i4,
1769091674.3963358,FORWARDED,63c91663-69f5-41cd-9fba-548f74c5f65b,f324232e-3a18-4c8c-921b-4da90381069b,c5,c4,1452,?,i4,
1769091674.406189,RECEIVED,645b60e5-57d3-4059-9c88-41757dccf748,7c18b7e8-7a5b-4df8-b20d-54916d1d57ae,c3,c4,2039,p3,?,
1769091674.5486045,RECEIVED,7ff503b4-6123-4d00-a296-7a3134134971,7cb0944c-0292-45da-b0e8-100cc7bf3826,c3,c4,2031,p3,?,
1769091674.8225996,SENT,1a621e89-e053-4ec2-982c-05c7971c697b,7d0276d6-ba14-470c-918b-d9f7feb17f3b,c1,c5,1463,?,i9,
1769091674.8226395,FORWARDED,1a621e89-e053-4ec2-982c-05c7971c697b,7d0276d6-ba14-470c-918b-d9f7feb17f3b,c1,c5,1463,?,i9,
1769091674.9128911,SENT,60810b61-8e56-4784-8d5e-81ad98fcf435,09dd0395-4d34-4b46-9a77-443e47b84cc4,c2,c1,1460,?,i10,
1769091674.9129336,FORWARDED,60810b61-8e56-4784-8d5e-81ad98fcf435,09dd0395-4d34-4b46-9a77-443e47b84cc4,c2,c1,1460,?,i10,
1769091674.9739323,RECEIVED,c284b080-a380-435d-a66d-e98249baaa99,8cb03bd6-1e32-4c51-9967-22d190f8e8b1,c5,DROP,1439,p2,?,
1769091675.0746722,SENT,645b60e5-57d3-4059-9c88-41757dccf748,7c18b7e8-7a5b-4df8-b20d-54916d1d57ae,c3,c4,1456,?,i5,
1769091675.0747147,FORWARDED,645b60e5-57d3-4059-9c88-41757dccf748,7c18b7e8-7a5b-4df8-b20d-54916d1d57ae,c3,c4,1456,?,i5,
1769091675.084396,RECEIVED,d698cea9-f776-4429-9f0d-5914291b6e52,bf06d43b-e2b1-4603-bc5b-8218f458abc1,c3,c4,2039,p3,?,
1769091675.1352675,SENT,7ff503b4-6123-4d00-a296-7a3134134971,7cb0944c-0292-45da-b0e8-100cc7bf3826,c3,c4,1452,?,i8,
1769091675.1353106,FORWARDED,7ff503b4-6123-4d00-a296-7a3134134971,7cb0944c-0292-45da-b0e8-100cc7bf3826,c3,c4,1452,?,i8,
1769091675.2011173,RECEIVED,2ee0b430-7eb1-4b08-ae9f-e886890ad3b7,13b5754a-96cc-4c30-b1cd-04c89cc82e6f,c4,DROP,1459,p1,?,
1769091675.2974102,FORWARDED,d698cea9-f776-4429-9f0d-5914291b6e52,bf06d43b-e2b1-4603-bc5b-8218f458abc1,c3,c4,1456,?,i6,
1769091675.327171,RECEIVED,5b0fd3a4-b8ce-4c59-843f-05db8349d2c2,147848cf-b131-4a4b-91c4-503b36de2094,c3,DROP,441,x6,?,
1769091675.3293772,RECEIVED,7ad653cc-2a05-4132-8a3d-048860e0bead,e02726d1-29aa-4efe-88e0-3b12f24d299d,c2,c1,2049,p2,?,
1769091675.3462653,RECEIVED,9339943c-fb2d-4dc2-9be1-00bf93e7b662,211c60af-4d81-4388-84a3-7872d44f9a71,c2,c1,2051,p2,?,
1769091675.6401446,SENT,c284b080-a380-435d-a66d-e98249baaa99,8cb03bd6-1e32-4c51-9967-22d190f8e8b1,c5,DROP,1006,?,i9,
1769091675.6401896,FORWARDED,c284b080-a380-435d-a66d-e98249baaa99,8cb03bd6-1e32-4c51-9967-22d190f8e8b1,c5,DROP,1006,?,i9,
1769091675.643627,SENT,7ad653cc-2a05-4132-8a3d-048860e0bead,e02726d1-29aa-4efe-88e0-3b12f24d299d,c2,c1,1463,?,i11,
1769091675.643677,FORWARDED,7ad653cc-2a05-4132-8a3d-048860e0bead,e02726d1-29aa-4efe-88e0-3b12f24d299d,c2,c1,1463,?,i11,
1769091675.7369273,RECEIVED,a0b59535-36c6-4a9a-a3f5-dfa38271dbf6,2b3b7625-6632-4d09-ab97-36268f8359c2,c3,DROP,1456,p3,?,
1769091675.784882,RECEIVED,ff704c69-37d6-4191-999f-dbfaacf7bae7,a159c4ed-6a1f-4c7c-b488-cce8c782f8cd,c3,DROP,1440,p3,?,
1769091675.9361494,SENT,2ee0b430-7eb1-4b08-ae9f-e886890ad3b7,13b5754a-96cc-4c30-b1cd-04c89cc82e6f,c4,DROP,1023,?,i8,
1769091675.936191,FORWARDED,2ee0b430-7eb1-4b08-ae9f-e886890ad3b7,13b5754a-96cc-4c30-b1cd-04c89cc82e6f,c4,DROP,1023,?,i8,
1769091676.041981,FORWARDED,ff704c69-37d6-4191-999f-dbfaacf7bae7,a159c4ed-6a1f-4c7c-b488-cce8c782f8cd,c3,DROP,1007,?,i6,
1769091676.116494,RECEIVED,98f44498-412f-4a42-a893-277ca711a649,46cffadd-0651-40ba-be3f-4b3d4f466e8b,c2,c1,2035,p2,?,
1769091676.1718569,SENT,a0b59535-36c6-4a9a-a3f5-dfa38271dbf6,2b3b7625-6632-4d09-ab97-36268f8359c2,c3,DROP,1020,?,i10,
1769091676.1719005,FORWARDED,a0b59535-36c6-4a9a-a3f5-dfa38271dbf6,2b3b7625-6632-4d09-ab97-36268f8359c2,c3,DROP,1020,?,i10,
1769091676.1997542,RECEIVED,1ca8f106-393b-4eae-8003-230179296c44,4f49611d-3db1-4a7b-98cb-8955ce829e65,c2,c1,2031,p2,?,
1769091676.2439013,RECEIVED,a7229c14-f9bf-4b6e-950c-67235889c802,0ef408f7-d9d8-4d90-99b8-dc7be46dafd9,c1,DROP,1439,p1,?,
1769091676.3101826,RECEIVED,0e616e10-3e70-4026-b805-4a06db0d7ac3,f3b8ce67-0af6-414d-82f9-a51e62ad8c14,c3,c4,2031,p3,?,
1769091676.454905,RECEIVED,a7206f8b-fc0e-4846-92d4-ceaf7fa0ab57,c5c859ed-3c50-4452-b1a1-f2978db273c0,c2,DROP,1456,p2,?,
1769091676.5142152,RECEIVED,00cfa23f-11d8-46be-a312-993da0883a3f,bc05fb36-6cd6-49bb-9a14-b29556f7adc3,c3,c4,2043,p3,?,
1769091676.5324109,RECEIVED,0783807c-1347-49cb-993b-daeecc093c8b,8b642eba-f44c-4b76-8191-b81200ef2af0,c5,DROP,1448,p2,?,
1769091676.5385964,RECEIVED,e62239bd-dba2-48ef-a02e-6390b4cb20a2,c6e4405b-f1ec-4504-b0d1-ba2f436731c2,c2,c1,2043,p2,?,
1769091676.6051252,RECEIVED,43168c6b-6d94-405d-9509-18d094844c60,4f8c1643-126b-4a26-b3e8-e231623e05c5,c5,c4,2048,p2,?,
1769091676.6173053,SENT,9339943c-fb2d-4dc2-9be1-00bf93e7b662,211c60af-4d81-4388-84a3-7872d44f9a71,c2,c1,1467,?,i10,
1769091676.6173475,FORWARDED,9339943c-fb2d-4dc2-9be1-00bf93e7b662,211c60af-4d81-4388-84a3-7872d44f9a71,c2,c1,1467,?,i10,
1769091676.6237643,SENT,a7206f8b-fc0e-4846-92d4-ceaf7fa0ab57,c5c859ed-3c50-4452-b1a1-f2978db273c0,c2,DROP,1020,?,i12,
1769091676.6238074,FORWARDED,a7206f8b-fc0e-4846-92d4-ceaf7fa0ab57,c5c859ed-3c50-4452-b1a1-f2978db273c0,c2,DROP,1020,?,i12,
1769091676.631216,SENT,0783807c-1347-49cb-993b-daeecc093c8b,8b642eba-f44c-4b76-8191-b81200ef2af0,c5,DROP,1014,?,i1,
1769091676.6312573,FORWARDED,0783807c-1347-49cb-993b-daeecc093c8b,8b642eba-f44c-4b76-8191-b81200ef2af0,c5,DROP,1014,?,i1,
1769091676.645309,SENT,98f44498-412f-4a42-a893-277ca711a649,46cffadd-0651-40ba-be3f-4b3d4f466e8b,c2,c1,1455,?,i8,
1769091676.6453483,FORWARDED,98f44498-412f-4a42-a893-277ca711a649,46cffadd-0651-40ba-be3f-4b3d4f466e8b,c2,c1,1455,?,i8,
1769091676.8391602,SENT,1ca8f106-393b-4eae-8003-230179296c44,4f49611d-3db1-4a7b-98cb-8955ce829e65,c2,c1,1452,?,i7,
1769091676.8392005,FORWARDED,1ca8f106-393b-4eae-8003-230179296c44,4f49611d-3db1-4a7b-98cb-8955ce829e65,c2,c1,1452,?,i7,
1769091676.8871684,RECEIVED,5a4f1790-38db-415f-8c6a-70117f4847b3,11874182-d39e-468b-9952-e44f76ff6ef7,c5,c4,2039,p2,?,
1769091676.9179237,SENT,a7229c14-f9bf-4b6e-950c-67235889c802,0ef408f7-d9d8-4d90-99b8-dc7be46dafd9,c1,DROP,1008,?,i8,
1769091676.917966,FORWARDED,a7229c14-f9bf-4b6e-950c-67235889c802,0ef408f7-d9d8-4d90-99b8-dc7be46dafd9,c1,DROP,1008,?,i8,
1769091677.0024855,RECEIVED,4e2152fd-0151-4615-b360-b932e0a88da3,39556f99-38f6-4651-8748-cc8e781450b9,c4,DROP,1461,p1,?,
1769091677.041399,SENT,4e2152fd-0151-4615-b360-b932e0a88da3,39556f99-38f6-4651-8748-cc8e781450b9,c4,DROP,1021,?,i11,
1769091677.0414476,FORWARDED,4e2152fd-0151-4615-b360-b932e0a88da3,39556f99-38f6-4651-8748-cc8e781450b9,c4,DROP,1021,?,i11,
1769091677.2298355,SENT,e62239bd-dba2-48ef-a02e-6390b4cb20a2,c6e4405b-f1ec-4504-b0d1-ba2f436731c2,c2,c1,1461,?,i1,
1769091677.2298765,FORWARDED,e62239bd-dba2-48ef-a02e-6390b4cb20a2,c6e4405b-f1ec-4504-b0d1-ba2f436731c2,c2,c1,1461,?,i1,
1769091677.2345078,RECEIVED,48dcbfd6-0a08-4585-8ca9-e16a35d2c079,5427c36e-a8d6-4fbc-8e44-c2ca9bf3928c,c5,c4,2035,p2,?,
1769091677.3011518,RECEIVED,2aa11330-5455-4a31-a49d-0f0b51fdbdcd,c5efba41-c062-426f-968a-c4fc9d67c374,c3,c4,2046,p3,?,
1769091677.3774576,SENT,5a4f1790-38db-415f-8c6a-70117f4847b3,11874182-d39e-468b-9952-e44f76ff6ef7,c5,c4,1457,?,i1,
1769091677.377499,FORWARDED,5a4f1790-38db-415f-8c6a-70117f4847b3,11874182-d39e-468b-9952-e44f76ff6ef7,c5,c4,1457,?,i1,
1769091677.3788621,RECEIVED,591d09e7-0277-4558-8a8c-2c38b88a10ee,a1be3e5d-3f30-48e5-84df-0d24430b53f2,c1,DROP,1440,p1,?,
1769091677.411579,SENT,43168c6b-6d94-405d-9509-18d094844c60,4f8c1643-126b-4a26-b3e8-e231623e05c5,c5,c4,1463,?,i12,
1769091677.4116268,FORWARDED,43168c6b-6d94-405d-9509-18d094844c60,4f8c1643-126b-4a26-b3e8-e231623e05c5,c5,c4,1463,?,i12,
1769091677.4357698,RECEIVED,d0705971-e932-40b3-8b94-f539af7c4518,f987ebcc-b03d-4f2a-bc20-03be07369bb5,c2,DROP,1454,p2,?,
1769091677.4405992,SENT,591d09e7-0277-4558-8a8c-2c38b88a10ee,a1be3e5d-3f30-48e5-84df-0d24430b53f2,c1,DROP,1007,?,i3,
1769091677.440638,FORWARDED,591d09e7-0277-4558-8a8c-2c38b88a10ee,a1be3e5d-3f30-48e5-84df-0d24430b53f2,c1,DROP,1007,?,i3,
1769091677.5545318,SENT,48dcbfd6-0a08-4585-8ca9-e16a35d2c079,5427c36e-a8d6-4fbc-8e44-c2ca9bf3928c,c5,c4,1453,?,i2,
1769091677.554781,FORWARDED,48dcbfd6-0a08-4585-8ca9-e16a35d2c079,5427c36e-a8d6-4fbc-8e44-c2ca9bf3928c,c5,c4,1453,?,i2,
1769091677.5563564,RECEIVED,8360c3c2-0476-4480-b02b-f2fb940f5bf3,60af2047-2037-4713-b848-640422f939e9,c1,c5,2035,p1,?,
1769091677.6149333,FORWARDED,0e616e10-3e70-4026-b805-4a06db0d7ac3,f3b8ce67-0af6-414d-82f9-a51e62ad8c14,c3,c4,1452,?,i6,
1769091677.784656,SENT,00cfa23f-11d8-46be-a312-993da0883a3f,bc05fb36-6cd6-49bb-9a14-b29556f7adc3,c3,c4,1461,?,i5,
1769091677.7847068,FORWARDED,00cfa23f-11d8-46be-a312-993da0883a3f,bc05fb36-6cd6-49bb-9a14-b29556f7adc3,c3,c4,1461,?,i5,
1769091677.897905,RECEIVED,11ff4be8-ac63-4238-b495-b19a4726b046,f6f3faeb-e04d-4147-8df0-c10e9de05d1a,c3,DROP,1456,p3,?,
1769091677.9443069,RECEIVED,70dfc796-c49c-4f07-828f-5276bfb9ffa3,d9274a41-c6d5-4568-94d6-a8f16f72bfc3,c1,c5,2039,p1,?,
1769091677.9690132,FORWARDED,8360c3c2-0476-4480-b02b-f2fb940f5bf3,60af2047-2037-4713-b848-640422f939e9,c1,c5,1455,?,i6,
1769091678.0662754,RECEIVED,ef958490-b7d3-44fe-96fa-416028890a59,0135daef-92e9-46b0-a7e4-5a48ab9cdd68,c4,DROP,1455,p1,?,
1769091678.2683961,RECEIVED,77a8bf9b-99f3-4e17-8600-7ff9e9d6da73,dde870ae-011e-47d4-91d5-50a056285307,c1,c5,2016,p1,?,
1769091678.2898316,SENT,70dfc796-c49c-4f07-828f-5276bfb9ffa3,d9274a41-c6d5-4568-94d6-a8f16f72bfc3,c1,c5,1456,?,i7,
1769091678.2898796,FORWARDED,70dfc796-c49c-4f07-828f-5276bfb9ffa3,d9274a41-c6d5-4568-94d6-a8f16f72bfc3,c1,c5,1456,?,i7,
1769091678.5111368,RECEIVED,4fa8cd9f-45cd-48ad-90e5-e02be38f64af,34fd7589-8521-4269-832b-70a91c1cc921,c4,c1,2048,p1,?,
1769091678.5136316,SENT,77a8bf9b-99f3-4e17-8600-7ff9e9d6da73,dde870ae-011e-47d4-91d5-50a056285307,c1,c5,1440,?,i9,
1769091678.5136735,FORWARDED,77a8bf9b-99f3-4e17-8600-7ff9e9d6da73,dde870ae-011e-47d4-91d5-50a056285307,c1,c5,1440,?,i9,
1769091678.5335763,SENT,11ff4be8-ac63-4238-b495-b19a4726b046,f6f3faeb-e04d-4147-8df0-c10e9de05d1a,c3,DROP,1020,?,i11,
1769091678.5336192,FORWARDED,11ff4be8-ac63-4238-b495-b19a4726b046,f6f3faeb-e04d-4147-8df0-c10e9de05d1a,c3,DROP,1020,?,i11,
1769091678.5588372,SENT,d0705971-e932-40b3-8b94-f539af7c4518,f987ebcc-b03d-4f2a-bc20-03be07369bb5,c2,DROP,1019,?,i7,
1769091678.5588799,FORWARDED,d0705971-e932-40b3-8b94-f539af7c4518,f987ebcc-b03d-4f2a-bc20-03be07369bb5,c2,DROP,1019,?,i7,
1769091678.666,SENT,4fa8cd9f-45cd-48ad-90e5-e02be38f64af,34fd7589-8521-4269-832b-70a91c1cc921,c4,c1,1463,?,i11,
1769091678.6660445,FORWARDED,4fa8cd9f-45cd-48ad-90e5-e02be38f64af,34fd7589-8521-4269-832b-70a91c1cc921,c4,c1,1463,?,i11,
1769091678.80884,RECEIVED,53f89152-5a4d-4b50-b1c8-9a9b618218bd,632a8c21-2db5-4815-828d-e33e7615a1ae,c3,c4,2044,p3,?,
1769091679.0183578,SENT,ef958490-b7d3-44fe-96fa-416028890a59,0135daef-92e9-46b0-a7e4-5a48ab9cdd68,c4,DROP,1020,?,i9,
1769091679.0183973,FORWARDED,ef958490-b7d3-44fe-96fa-416028890a59,0135daef-92e9-46b0-a7e4-5a48ab9cdd68,c4,DROP,1020,?,i9,
1769091679.2048357,RECEIVED,68c52c25-1468-4ed8-8f65-c726513c0ed4,17e87195-6e49-410e-816c-927ed189be1a,c3,DROP,1456,p3,?,
1769091679.3038073,SENT,2aa11330-5455-4a31-a49d-0f0b51fdbdcd,c5efba41-c062-426f-968a-c4fc9d67c374,c3,c4,1464,?,i12,
1769091679.3038485,FORWARDED,2aa11330-5455-4a31-a49d-0f0b51fdbdcd,c5efba41-c062-426f-968a-c4fc9d67c374,c3,c4,1464,?,i12,
1769091679.3077347,RECEIVED,ab81a6ff-37aa-4737-a972-e612600a8f81,defe7bf5-d7d5-4d9a-8105-f6428b49bd5b,c5,c4,2044,p2,?,
1769091679.406648,SENT,ab81a6ff-37aa-4737-a972-e612600a8f81,defe7bf5-d7d5-4d9a-8105-f6428b49bd5b,c5,c4,1460,?,i5,
1769091679.4066918,FORWARDED,ab81a6ff-37aa-4737-a972-e612600a8f81,defe7bf5-d7d5-4d9a-8105-f6428b49bd5b,c5,c4,1460,?,i5,
1769091679.4886642,SENT,53f89152-5a4d-4b50-b1c8-9a9b618218bd,632a8c21-2db5-4815-828d-e33e7615a1ae,c3,c4,1459,?,i10,
1769091679.4887033,FORWARDED,53f89152-5a4d-4b50-b1c8-9a9b618218bd,632a8c21-2db5-4815-828d-e33e7615a1ae,c3,c4,1459,?,i10,
1769091679.502658,RECEIVED,0b7c955a-5367-4f61-b347-83ac54a862d2,76e1b691-262b-493b-82dc-e2c8ae7db161,c4,DROP,1439,p1,?,
1769091679.5755315,SENT,68c52c25-1468-4ed8-8f65-c726513c0ed4,17e87195-6e49-410e-816c-927ed189be1a,c3,DROP,1019,?,i10,
1769091679.5755725,FORWARDED,68c52c25-1468-4ed8-8f65-c726513c0ed4,17e87195-6e49-410e-816c-927ed189be1a,c3,DROP,1019,?,i10,
1769091679.8457787,RECEIVED,35c8bffd-bbd1-469b-a758-48ce21e01521,55d5d653-eb4b-4722-ba29-9efcafc981ba,c5,DROP,1439,p2,?,
1769091680.1192365,RECEIVED,e211c80c-7fd2-4dd1-9b4c-f72d9e1bd8b2,92901e92-4980-4374-bdf7-a1575394b13b,c3,c4,2043,p3,?,
1769091680.1352587,RECEIVED,bd9d030b-b9fc-4751-a31e-bd50e792da75,0b89ac53-203e-487f-9741-83dc83a7a68e,c4,c1,2020,p1,?,
1769091680.1481638,RECEIVED,3633115a-02d0-4945-a8b2-bdbd5a8cfc7d,e1dfd8d4-02a6-4293-977d-d1d675766d14,c1,c5,2043,p1,?,
1769091680.3390987,FORWARDED,bd9d030b-b9fc-4751-a31e-bd50e792da75,0b89ac53-203e-487f-9741-83dc83a7a68e,c4,c1,1443,?,i6,
1769091680.4254205,RECEIVED,4e21b5ae-7747-4f0a-a29c-2fd40c87919c,8ca50e32-278b-4bbf-9da5-6cc8ae9ad6f6,c1,DROP,1444,p1,?,
1769091680.4369333,RECEIVED,1dc2af71-0086-4049-85a7-7df6ece77496,b59c9c76-5306-43c0-b6c3-1f32ee541134,c5,c4,2036,p2,?,
1769091680.5857067,RECEIVED,bc558edb-5a97-4927-b0eb-48ba6c433a10,0c332bde-02b5-4b63-b553-fb7b85503a03,c3,DROP,1448,p3,?,
1769091680.6767528,SENT,bc558edb-5a97-4927-b0eb-48ba6c433a10,0c332bde-02b5-4b63-b553-fb7b85503a03,c3,DROP,1014,?,i2,
1769091680.6767893,FORWARDED,bc558edb-5a97-4927-b0eb-48ba6c433a10,0c332bde-02b5-4b63-b553-fb7b85503a03,c3,DROP,1014,?,i2,
1769091680.7938545,SENT,4e21b5ae-7747-4f0a-a29c-2fd40c87919c,8ca50e32-278b-4bbf-9da5-6cc8ae9ad6f6,c1,DROP,1011,?,i9,
1769091680.79389,FORWARDED,4e21b5ae-7747-4f0a-a29c-2fd40c87919c,8ca50e32-278b-4bbf-9da5-6cc8ae9ad6f6,c1,DROP,1011,?,i9,
1769091680.8348641,SENT,3633115a-02d0-4945-a8b2-bdbd5a8cfc7d,e1dfd8d4-02a6-4293-977d-d1d675766d14,c1,c5,1460,?,i7,
1769091680.8349047,FORWARDED,3633115a-02d0-4945-a8b2-bdbd5a8cfc7d,e1dfd8d4-02a6-4293-977d-d1d675766d14,c1,c5,1460,?,i7,
1769091680.8505855,RECEIVED,9300bb45-9c01-4290-aa41-190bfa898ac1,1b77ed2c-287e-4c21-8442-2931247c5ce7,c5,c4,2044,p2,?,
1769091680.881828,SENT,0b7c955a-5367-4f61-b347-83ac54a862d2,76e1b691-262b-493b-82dc-e2c8ae7db161,c4,DROP,1007,?,i7,
1769091680.8818934,FORWARDED,0b7c955a-5367-4f61-b347-83ac54a862d2,76e1b691-262b-493b-82dc-e2c8ae7db161,c4,DROP,1007,?,i7,
1769091680.9361193,RECEIVED,f7dc15d3-531a-4cde-bc12-854c7b8ac1cf,8d6894de-3659-475e-8021-0b2c2f09bbd2,c1,c5,2039,p1,?,
1769091680.9393127,RECEIVED,100b9079-8296-4bb3-81a3-30b7560e522b,d01bb5b4-4ccc-4b8a-bd47-dd1036040994,c2,c1,2020,p2,?,
1769091680.952876,SENT,9300bb45-9c01-4290-aa41-190bfa898ac1,1b77ed2c-287e-4c21-8442-2931247c5ce7,c5,c4,1459,?,i5,
1769091680.9529295,FORWARDED,9300bb45-9c01-4290-aa41-190bfa898ac1,1b77ed2c-287e-4c21-8442-2931247c5ce7,c5,c4,1459,?,i5,
1769091681.036538,RECEIVED,521d21dc-38ff-4c66-aac4-7f65ebcd4aa6,fc31ccf2-d891-455a-8658-d2a5f6f7ef71,c5,DROP,1439,p2,?,
1769091681.0683925,SENT,100b9079-8296-4bb3-81a3-30b7560e522b,d01bb5b4-4ccc-4b8a-bd47-dd1036040994,c2,c1,1443,?,i2,
1769091681.0684435,FORWARDED,100b9079-8296-4bb3-81a3-30b7560e522b,d01bb5b4-4ccc-4b8a-bd47-dd1036040994,c2,c1,1443,?,i2,
1769091681.2271101,RECEIVED,fc481e11-7121-4c0c-99c8-d1f6d9f13c3f,290c4f05-63e0-4fc0-849b-c6007161f30a,c3,DROP,1439,p3,?,
1769091681.3044214,SENT,e211c80c-7fd2-4dd1-9b4c-f72d9e1bd8b2,92901e92-4980-4374-bdf7-a1575394b13b,c3,c4,1461,?,i2,
1769091681.304457,FORWARDED,e211c80c-7fd2-4dd1-9b4c-f72d9e1bd8b2,92901e92-4980-4374-bdf7-a1575394b13b,c3,c4,1461,?,i2,
1769091681.3453853,SENT,1dc2af71-0086-4049-85a7-7df6ece77496,b59c9c76-5306-43c0-b6c3-1f32ee541134,c5,c4,1455,?,i11,
1769091681.345429,FORWARDED,1dc2af71-0086-4049-85a7-7df6ece77496,b59c9c76-5306-43c0-b6c3-1f32ee541134,c5,c4,1455,?,i11,
1769091681.5476537,SENT,fc481e11-7121-4c0c-99c8-d1f6d9f13c3f,290c4f05-63e0-4fc0-849b-c6007161f30a,c3,DROP,1007,?,i7,
1769091681.547695,FORWARDED,fc481e11-7121-4c0c-99c8-d1f6d9f13c3f,290c4f05-63e0-4fc0-849b-c6007161f30a,c3,DROP,1007,?,i7,
1769091681.6418433,RECEIVED,4f549f09-5d2a-4370-b70b-aab4fdf54a2f,0416a112-fdbe-4bc0-8030-4da3bd90b83e,c2,c1,2031,p2,?,
1769091681.66097,RECEIVED,f55cd200-a995-4f15-8b1e-7abb3a74b963,5d8c008c-971c-4453-8cfa-d92954ca45f7,c2,c1,2022,p2,?,
1769091681.8083982,SENT,4f549f09-5d2a-4370-b70b-aab4fdf54a2f,0416a112-fdbe-4bc0-8030-4da3bd90b83e,c2,c1,1451,?,i9,
1769091681.8084416,FORWARDED,4f549f09-5d2a-4370-b70b-aab4fdf54a2f,0416a112-fdbe-4bc0-8030-4da3bd90b83e,c2,c1,1451,?,i9,
1769091681.869964,RECEIVED,2cedf13a-fefa-4383-8cc2-9f98986a288f,7f010a43-2f29-4e23-93fa-a15ce686e12d,c5,c4,2044,p2,?,
1769091681.9004855,SENT,f7dc15d3-531a-4cde-bc12-854c7b8ac1cf,8d6894de-3659-475e-8021-0b2c2f09bbd2,c1,c5,1456,?,i3,
1769091681.9005256,FORWARDED,f7dc15d3-531a-4cde-bc12-854c7b8ac1cf,8d6894de-3659-475e-8021-0b2c2f09bbd2,c1,c5,1456,?,i3,
1769091681.936534,RECEIVED,b77efdf3-0284-4bfd-9989-7706a4ea1352,e9c28d15-b609-425e-9470-9f2a3253c0dc,c2,DROP,442,x5,?,
1769091681.982654,RECEIVED,57639eb2-0cf5-4391-9982-4ca9a13337f5,8b54d708-6122-4f5c-8c3b-641f59efa7d4,c4,c1,2040,p1,?,
1769091682.0152318,RECEIVED,e4f7d3c0-3b88-407a-81eb-42085ee0dcbe,be8de259-7a41-41a9-b0ca-b8aaead0605d,c3,DROP,1447,p3,?,
1769091682.0533004,RECEIVED,84d58324-0f9d-4abf-b3f2-c97c44156141,fb63f6fe-612e-4a14-9641-be3a075f6db4,c2,c1,2035,p2,?,
1769091682.154553,RECEIVED,7e06f713-5345-4f6f-b3fa-3fe9385802b7,0df86f23-e226-4d37-bf3d-74ec16944dac,c4,c1,2041,p1,?,
1769091682.2341986,RECEIVED,1e65ce1a-c771-4677-8eb2-5f517ffd1122,9ab3200a-4d01-4061-aff3-85a1d1de8877,c4,DROP,1439,p1,?,
1769091682.2702801,SENT,57639eb2-0cf5-4391-9982-4ca9a13337f5,8b54d708-6122-4f5c-8c3b-641f59efa7d4,c4,c1,1456,?,i12,
1769091682.270323,FORWARDED,57639eb2-0cf5-4391-9982-4ca9a13337f5,8b54d708-6122-4f5c-8c3b-641f59efa7d4,c4,c1,1456,?,i12,
1769091682.2902136,SENT,2cedf13a-fefa-4383-8cc2-9f98986a288f,7f010a43-2f29-4e23-93fa-a15ce686e12d,c5,c4,1460,?,i1,
1769091682.290258,FORWARDED,2cedf13a-fefa-4383-8cc2-9f98986a288f,7f010a43-2f29-4e23-93fa-a15ce686e12d,c5,c4,1460,?,i1,
1769091682.2984264,SENT,7e06f713-5345-4f6f-b3fa-3fe9385802b7,0df86f23-e226-4d37-bf3d-74ec16944dac,c4,c1,1456,?,i10,
1769091682.2984693,FORWARDED,7e06f713-5345-4f6f-b3fa-3fe9385802b7,0df86f23-e226-4d37-bf3d-74ec16944dac,c4,c1,1456,?,i10,
1769091682.4386663,RECEIVED,14cd4105-92e1-4211-af31-7f2f8e894fd2,4b5da00e-6712-4f2b-bcd6-0e6a17563526,c1,DROP,1452,p1,?,
1769091682.6341872,SENT,14cd4105-92e1-4211-af31-7f2f8e894fd2,4b5da00e-6712-4f2b-bcd6-0e6a17563526,c1,DROP,1016,?,i7,
1769091682.6342287,FORWARDED,14cd4105-92e1-4211-af31-7f2f8e894fd2,4b5da00e-6712-4f2b-bcd6-0e6a17563526,c1,DROP,1016,?,i7,
1769091682.6758971,SENT,35c8bffd-bbd1-469b-a758-48ce21e01521,55d5d653-eb4b-4722-ba29-9efcafc981ba,c5,DROP,1007,?,i4,
1769091682.6759424,FORWARDED,35c8bffd-bbd1-469b-a758-48ce21e01521,55d5d653-eb4b-4722-ba29-9efcafc981ba,c5,DROP,1007,?,i4,
1769091682.7010932,FORWARDED,f55cd200-a995-4f15-8b1e-7abb3a74b963,5d8c008c-971c-4453-8cfa-d92954ca45f7,c2,c1,1444,?,i6,
1769091682.7407534,RECEIVED,ba777244-0b11-4906-bfa0-80ad60360af5,8a7ff51b-dfd9-4429-b58c-595f1be8f4a4,c1,DROP,1457,p1,?,
1769091682.7791498,SENT,1e65ce1a-c771-4677-8eb2-5f517ffd1122,9ab3200a-4d01-4061-aff3-85a1d1de8877,c4,DROP,1008,?,i3,
1769091682.7791913,FORWARDED,1e65ce1a-c771-4677-8eb2-5f517ffd1122,9ab3200a-4d01-4061-aff3-85a1d1de8877,c4,DROP,1008,?,i3,
1769091682.8022215,SENT,ba777244-0b11-4906-bfa0-80ad60360af5,8a7ff51b-dfd9-4429-b58c-595f1be8f4a4,c1,DROP,1020,?,i10,
1769091682.8022666,FORWARDED,ba777244-0b11-4906-bfa0-80ad60360af5,8a7ff51b-dfd9-4429-b58c-595f1be8f4a4,c1,DROP,1020,?,i10,
1769091682.8126729,FORWARDED,521d21dc-38ff-4c66-aac4-7f65ebcd4aa6,fc31ccf2-d891-455a-8658-d2a5f6f7ef71,c5,DROP,1006,?,i6,
1769091682.8371756,SENT,e4f7d3c0-3b88-407a-81eb-42085ee0dcbe,be8de259-7a41-41a9-b0ca-b8aaead0605d,c3,DROP,1012,?,i1,
1769091682.837221,FORWARDED,e4f7d3c0-3b88-407a-81eb-42085ee0dcbe,be8de259-7a41-41a9-b0ca-b8aaead0605d,c3,DROP,1012,?,i1,
1769091683.1122816,RECEIVED,71177d32-14c2-4b6d-b7db-509d676130f7,a8f99c97-e011-4dfd-8eed-7a6235dbbf5a,c4,c1,2040,p1,?,
1769091683.2158368,SENT,84d58324-0f9d-4abf-b3f2-c97c44156141,fb63f6fe-612e-4a14-9641-be3a075f6db4,c2,c1,1455,?,i10,
1769091683.2158768,FORWARDED,84d58324-0f9d-4abf-b3f2-c97c44156141,fb63f6fe-612e-4a14-9641-be3a075f6db4,c2,c1,1455,?,i10,
1769091683.3021822,RECEIVED,c654895e-b1fb-4555-90be-cb377acc2707,38598bdf-b365-407b-9690-710c76514343,c1,c5,2031,p1,?,
1769091683.3193598,RECEIVED,80745a87-f3ba-48f4-bf20-6ac9ab492684,ce29d7fd-49cf-4ea7-a924-e68145b04686,c4,c1,2031,p1,?,
1769091683.3930018,RECEIVED,d228fe3c-2dd0-4158-b957-5795b9183dc1,c343c2c1-196d-4c1b-8e89-1e74339e1414,c3,c4,2036,p3,?,
1769091683.5349314,SENT,80745a87-f3ba-48f4-bf20-6ac9ab492684,ce29d7fd-49cf-4ea7-a924-e68145b04686,c4,c1,1452,?,i3,
1769091683.5349739,FORWARDED,80745a87-f3ba-48f4-bf20-6ac9ab492684,ce29d7fd-49cf-4ea7-a924-e68145b04686,c4,c1,1452,?,i3,
1769091683.8526416,RECEIVED,ba1aa36e-589f-4079-b766-992bf9bd598d,d91fc327-465b-4ed3-afaa-0134382ece29,c1,c5,2043,p1,?,
1769091683.9101462,RECEIVED,1937627d-bd4a-48a8-a426-e912e1f9d043,75e85cf6-d436-4f8a-9b86-0053ff977990,c3,c4,2027,p3,?,
1769091683.9872546,SENT,71177d32-14c2-4b6d-b7db-509d676130f7,a8f99c97-e011-4dfd-8eed-7a6235dbbf5a,c4,c1,1456,?,i10,
1769091683.9873366,FORWARDED,71177d32-14c2-4b6d-b7db-509d676130f7,a8f99c97-e011-4dfd-8eed-7a6235dbbf5a,c4,c1,1456,?,i10,
1769091684.1349945,SENT,d228fe3c-2dd0-4158-b957-5795b9183dc1,c343c2c1-196d-4c1b-8e89-1e74339e1414,c3,c4,1455,?,i11,
1769091684.1354504,FORWARDED,d228fe3c-2dd0-4158-b957-5795b9183dc1,c343c2c1-196d-4c1b-8e89-1e74339e1414,c3,c4,1455,?,i11,
1769091684.232235,RECEIVED,6300b165-2238-4a82-8339-3899fa0b3f9a,9159d656-676a-4a1d-a2dc-b5dc0a49b363,c2,DROP,1460,p2,?,
1769091684.256576,RECEIVED,00c2c8c5-64aa-4942-b9cd-dd0f3da07bc3,3df13526-521a-4e48-8e61-6caeb600052e,c1,DROP,1452,p1,?,
1769091684.27726,SENT,c654895e-b1fb-4555-90be-cb377acc2707,38598bdf-b365-407b-9690-710c76514343,c1,c5,1452,?,i3,
1769091684.277301,FORWARDED,c654895e-b1fb-4555-90be-cb377acc2707,38598bdf-b365-407b-9690-710c76514343,c1,c5,1452,?,i3,
1769091684.3133209,RECEIVED,03d89cf4-e1b7-4d11-845e-5f53abf0afa0,638147cc-ed42-4ce2-9f01-85b2e9821692,c4,c1,2040,p1,?,
1769091684.4095416,RECEIVED,3db8835f-82a3-4c07-9973-88612ec06824,7acbff54-21be-4b1f-980b-0d81b7ca81b7,c5,c4,2046,p2,?,
1769091684.4793282,SENT,3db8835f-82a3-4c07-9973-88612ec06824,7acbff54-21be-4b1f-980b-0d81b7ca81b7,c5,c4,1460,?,i10,
1769091684.479369,FORWARDED,3db8835f-82a3-4c07-9973-88612ec06824,7acbff54-21be-4b1f-980b-0d81b7ca81b7,c5,c4,1460,?,i10,
1769091684.4920685,SENT,6300b165-2238-4a82-8339-3899fa0b3f9a,9159d656-676a-4a1d-a2dc-b5dc0a49b363,c2,DROP,1021,?,i3,
1769091684.4921124,FORWARDED,6300b165-2238-4a82-8339-3899fa0b3f9a,9159d656-676a-4a1d-a2dc-b5dc0a49b363,c2,DROP,1021,?,i3,
1769091684.5033638,RECEIVED,e90101ea-7dcf-4460-81e7-8fe2c3190eea,e9048a23-3327-40c6-9156-4b928c9dbe42,c4,DROP,1452,p1,?,
1769091684.5214078,RECEIVED,cb3bb6e2-a226-4b50-829d-b066754c7aef,aa348475-6cfc-4421-9dd7-5ef82f328b95,c2,c1,2039,p2,?,
1769091684.5376766,SENT,00c2c8c5-64aa-4942-b9cd-dd0f3da07bc3,3df13526-521a-4e48-8e61-6caeb600052e,c1,DROP,1016,?,i9,
1769091684.5377176,FORWARDED,00c2c8c5-64aa-4942-b9cd-dd0f3da07bc3,3df13526-521a-4e48-8e61-6caeb600052e,c1,DROP,1016,?,i9,
1769091684.5480328,RECEIVED,7e37ae08-4578-43c7-b124-6cbc65c5f52d,7db94e65-1e18-4abe-b2ed-68da2df9b583,c5,c4,2031,p2,?,
1769091684.6104648,SENT,03d89cf4-e1b7-4d11-845e-5f53abf0afa0,638147cc-ed42-4ce2-9f01-85b2e9821692,c4,c1,1456,?,i3,
1769091684.6105058,FORWARDED,03d89cf4-e1b7-4d11-845e-5f53abf0afa0,638147cc-ed42-4ce2-9f01-85b2e9821692,c4,c1,1456,?,i3,
1769091684.6295316,RECEIVED,98ec0049-1254-458b-8206-f6e851b64398,25f07dfa-1ce6-419b-940d-e269b51daa9f,c3,c4,2048,p3,?,
1769091684.6375496,SENT,e90101ea-7dcf-4460-81e7-8fe2c3190eea,e9048a23-3327-40c6-9156-4b928c9dbe42,c4,DROP,1015,?,i5,
1769091684.63759,FORWARDED,e90101ea-7dcf-4460-81e7-8fe2c3190eea,e9048a23-3327-40c6-9156-4b928c9dbe42,c4,DROP,1015,?,i5,
1769091684.6813803,FORWARDED,ba1aa36e-589f-4079-b766-992bf9bd598d,d91fc327-465b-4ed3-afaa-0134382ece29,c1,c5,1459,?,i6,
1769091684.761994,SENT,1937627d-bd4a-48a8-a426-e912e1f9d043,75e85cf6-d436-4f8a-9b86-0053ff977990,c3,c4,1448,?,i3,
1769091684.762034,FORWARDED,1937627d-bd4a-48a8-a426-e912e1f9d043,75e85cf6-d436-4f8a-9b86-0053ff977990,c3,c4,1448,?,i3,
1769091684.9245207,SENT,98ec0049-1254-458b-8206-f6e851b64398,25f07dfa-1ce6-419b-940d-e269b51daa9f,c3,c4,1463,?,i11,
1769091684.9245615,FORWARDED,98ec0049-1254-458b-8206-f6e851b64398,25f07dfa-1ce6-419b-940d-e269b51daa9f,c3,c4,1463,?,i11,
1769091685.0297608,RECEIVED,594056f2-440c-40b9-a012-14bb8cd64855,a687d603-1755-4e00-b21e-09b333c701c1,c2,DROP,444,x11,?,
1769091685.0817938,SENT,7e37ae08-4578-43c7-b124-6cbc65c5f52d,7db94e65-1e18-4abe-b2ed-68da2df9b583,c5,c4,1452,?,i7,
1769091685.0818381,FORWARDED,7e37ae08-4578-43c7-b124-6cbc65c5f52d,7db94e65-1e18-4abe-b2ed-68da2df9b583,c5,c4,1452,?,i7,
1769091685.0870566,RECEIVED,1946eacc-d73f-4cd3-b102-b3a1974db1b5,30ff531d-6ba9-42f8-bd66-d57ff2e91858,c5,c4,2039,p2,?,
1769091685.1046495,RECEIVED,69aceb73-1632-4bb0-9c25-bd6df67879c9,6455aa6d-27cd-41fe-8334-a5c9776e5e3b,c2,c1,2035,p2,?,
1769091685.2747934,SENT,cb3bb6e2-a226-4b50-829d-b066754c7aef,aa348475-6cfc-4421-9dd7-5ef82f328b95,c2,c1,1456,?,i5,
1769091685.2748368,FORWARDED,cb3bb6e2-a226-4b50-829d-b066754c7aef,aa348475-6cfc-4421-9dd7-5ef82f328b95,c2,c1,1456,?,i5,
1769091685.28868,RECEIVED,717edcff-a2ac-48f3-bf30-17b1434be00c,4ce32cce-265a-42c5-9afc-e8e09e3bc3d7,c2,c1,2047,p2,?,
1769091685.5167646,RECEIVED,03dcc837-eabd-4a2c-a3f1-37827de892d6,4d145340-2b52-4632-bda9-9b7623f41583,c4,c1,2037,p1,?,
1769091685.5410087,SENT,69aceb73-1632-4bb0-9c25-bd6df67879c9,6455aa6d-27cd-41fe-8334-a5c9776e5e3b,c2,c1,1455,?,i2,
1769091685.5411325,FORWARDED,69aceb73-1632-4bb0-9c25-bd6df67879c9,6455aa6d-27cd-41fe-8334-a5c9776e5e3b,c2,c1,1455,?,i2,
1769091685.6116228,SENT,1946eacc-d73f-4cd3-b102-b3a1974db1b5,30ff531d-6ba9-42f8-bd66-d57ff2e91858,c5,c4,1457,?,i5,
1769091685.6117928,FORWARDED,1946eacc-d73f-4cd3-b102-b3a1974db1b5,30ff531d-6ba9-42f8-bd66-d57ff2e91858,c5,c4,1457,?,i5,
1769091685.6354587,SENT,03dcc837-eabd-4a2c-a3f1-37827de892d6,4d145340-2b52-4632-bda9-9b7623f41583,c4,c1,1455,?,i10,
1769091685.635502,FORWARDED,03dcc837-eabd-4a2c-a3f1-37827de892d6,4d145340-2b52-4632-bda9-9b7623f41583,c4,c1,1455,?,i10,
1769091685.637604,RECEIVED,0a1bf072-545e-49e1-866d-48e269c4f34d,4e632a09-7e33-4b43-8968-a81656efda52,c3,c4,2043,p3,?,
1769091685.8344178,RECEIVED,838f438d-567a-4ff7-a311-44120389d34f,e6e28ed1-8f27-487b-b8b0-248bac71b2a4,c4,DROP,1460,p1,?,
1769091685.8367069,RECEIVED,27dc4a85-9412-4fed-883e-1ce0ddc28cae,c70933a6-7e1b-4d03-ad03-eaee49766a20,c5,DROP,1456,p2,?,
1769091685.8592405,SENT,27dc4a85-9412-4fed-883e-1ce0ddc28cae,c70933a6-7e1b-4d03-ad03-eaee49766a20,c5,DROP,1020,?,i1,
1769091685.8594182,FORWARDED,27dc4a85-9412-4fed-883e-1ce0ddc28cae,c70933a6-7e1b-4d03-ad03-eaee49766a20,c5,DROP,1020,?,i1,
1769091685.8721843,SENT,0a1bf072-545e-49e1-866d-48e269c4f34d,4e632a09-7e33-4b43-8968-a81656efda52,c3,c4,1461,?,i4,
1769091685.872226,FORWARDED,0a1bf072-545e-49e1-866d-48e269c4f34d,4e632a09-7e33-4b43-8968-a81656efda52,c3,c4,1461,?,i4,
1769091685.8728619,RECEIVED,9282e759-a538-4c1f-b9bd-9051b123c3ba,e54760fe-67d6-4f6c-8f4a-f8f20a34d628,c3,DROP,446,x11,?,
1769091685.9558759,RECEIVED,3f90d418-9df1-4e0e-b870-4f4018ba1477,e1c42c73-a7dd-4e94-aef1-a50fccda0d16,c1,DROP,1451,p1,?,
1769091686.1514094,SENT,717edcff-a2ac-48f3-bf30-17b1434be00c,4ce32cce-265a-42c5-9afc-e8e09e3bc3d7,c2,c1,1462,?,i7,
1769091686.151451,FORWARDED,717edcff-a2ac-48f3-bf30-17b1434be00c,4ce32cce-265a-42c5-9afc-e8e09e3bc3d7,c2,c1,1462,?,i7,
1769091686.1525788,RECEIVED,b778452a-c7af-45f5-8a16-bb0139e87d96,2006a173-297e-4963-ba75-f53044543396,c4,DROP,1440,p1,?,
1769091686.207126,RECEIVED,a25eba38-13d0-42e6-8e6a-23f937309773,4dcfc208-3d81-4e8a-b4ad-e9f438c08641,c3,DROP,442,x4,?,
1769091686.2731469,RECEIVED,a3aabd27-ac7b-466a-8548-993b504adef0,915b78ef-5cb3-4908-a04b-5cb3fd8d2e13,c3,DROP,1440,p3,?,
1769091686.3947453,FORWARDED,b778452a-c7af-45f5-8a16-bb0139e87d96,2006a173-297e-4963-ba75-f53044543396,c4,DROP,1007,?,i6,
1769091686.4476388,RECEIVED,166ced39-163e-422d-a441-d0ea8bb8da8c,3c86f3b2-58ab-4509-beac-bb279e75033f,c2,DROP,1458,p2,?,
1769091686.5011804,SENT,166ced39-163e-422d-a441-d0ea8bb8da8c,3c86f3b2-58ab-4509-beac-bb279e75033f,c2,DROP,1020,?,i12,
1769091686.501224,FORWARDED,166ced39-163e-422d-a441-d0ea8bb8da8c,3c86f3b2-58ab-4509-beac-bb279e75033f,c2,DROP,1020,?,i12,
1769091686.520813,SENT,a3aabd27-ac7b-466a-8548-993b504adef0,915b78ef-5cb3-4908-a04b-5cb3fd8d2e13,c3,DROP,1008,?,i9,
1769091686.520855,FORWARDED,a3aabd27-ac7b-466a-8548-993b504adef0,915b78ef-5cb3-4908-a04b-5cb3fd8d2e13,c3,DROP,1008,?,i9,
1769091686.5481164,SENT,3f90d418-9df1-4e0e-b870-4f4018ba1477,e1c42c73-a7dd-4e94-aef1-a50fccda0d16,c1,DROP,1015,?,i8,
1769091686.548158,FORWARDED,3f90d418-9df1-4e0e-b870-4f4018ba1477,e1c42c73-a7dd-4e94-aef1-a50fccda0d16,c1,DROP,1015,?,i8,
1769091686.668292,SENT,838f438d-567a-4ff7-a311-44120389d34f,e6e28ed1-8f27-487b-b8b0-248bac71b2a4,c4,DROP,1021,?,i10,
1769091686.6683466,FORWARDED,838f438d-567a-4ff7-a311-44120389d34f,e6e28ed1-8f27-487b-b8b0-248bac71b2a4,c4,DROP,1021,?,i10,
1769091686.8346558,RECEIVED,08af3fd0-6f01-45c1-994e-ae42a1fc6ff4,b50ce551-ed3e-4f46-9559-4fba3ffbfcac,c4,c1,2028,p1,?,
1769091686.8472393,RECEIVED,f3d854b8-490c-4cb9-bd24-4c71d4e90d7c,e91d60db-29b7-4f15-9910-44cfdc9a2eb4,c3,DROP,1443,p3,?,
1769091687.0568693,SENT,08af3fd0-6f01-45c1-994e-ae42a1fc6ff4,b50ce551-ed3e-4f46-9559-4fba3ffbfcac,c4,c1,1449,?,i5,
1769091687.0569105,FORWARDED,08af3fd0-6f01-45c1-994e-ae42a1fc6ff4,b50ce551-ed3e-4f46-9559-4fba3ffbfcac,c4,c1,1449,?,i5,
1769091687.0695956,RECEIVED,b491f6f3-b3d7-41b4-b1b9-5178e897ae30,9d436c9f-40d1-4f59-9ef9-e4792cf875d9,c3,c4,2024,p3,?,
1769091687.19538,RECEIVED,901cd623-2449-4873-a0db-6b2af475ea84,f69da6d1-cbd7-4e82-a959-76bf409f64ac,c5,DROP,442,x8,?,
1769091687.211334,RECEIVED,fc44994d-cc19-4841-890f-251bd4d68670,00f4840e-14cc-4456-9ec5-fc4764d8ecb6,c3,c4,2029,p3,?,
1769091687.287074,SENT,b491f6f3-b3d7-41b4-b1b9-5178e897ae30,9d436c9f-40d1-4f59-9ef9-e4792cf875d9,c3,c4,1444,?,i8,
1769091687.287119,FORWARDED,b491f6f3-b3d7-41b4-b1b9-5178e897ae30,9d436c9f-40d1-4f59-9ef9-e4792cf875d9,c3,c4,1444,?,i8,
1769091687.2983215,SENT,fc44994d-cc19-4841-890f-251bd4d68670,00f4840e-14cc-4456-9ec5-fc4764d8ecb6,c3,c4,1447,?,i10,
1769091687.298364,FORWARDED,fc44994d-cc19-4841-890f-251bd4d68670,00f4840e-14cc-4456-9ec5-fc4764d8ecb6,c3,c4,1447,?,i10,
1769091688.3025615,RECEIVED,de57eaa8-20b9-42be-8a75-cbf3c23b9716,24a51069-9070-46f8-aa67-35e79334f4a1,c3,c4,2038,p3,?,
1769091688.377922,RECEIVED,377459cb-7bdc-483a-a527-ce09e1aef303,9232551b-ae11-4fa6-afbf-445a20570538,c3,c4,2030,p3,?,
1769091688.4780712,RECEIVED,8f27f9cb-3bbd-4986-8d57-540534c7ffcb,96a467c7-f0c6-4b00-ad55-620ddb5176fa,c1,c5,2040,p1,?,
1769091688.515141,RECEIVED,228d3952-065e-409f-a939-ee6798802705,700e4dd5-c799-4bd1-bf28-c8a4d74d413b,c3,c4,2044,p3,?,
1769091688.567931,RECEIVED,3f898dc3-a933-4023-a81e-8260cdd423ad,bc5b481b-96ec-4665-a1cc-55ca4ee71352,c2,c1,2043,p2,?,
1769091688.6285925,SENT,f3d854b8-490c-4cb9-bd24-4c71d4e90d7c,e91d60db-29b7-4f15-9910-44cfdc9a2eb4,c3,DROP,1011,?,i1,
1769091688.6286378,FORWARDED,f3d854b8-490c-4cb9-bd24-4c71d4e90d7c,e91d60db-29b7-4f15-9910-44cfdc9a2eb4,c3,DROP,1011,?,i1,
1769091688.6903362,SENT,228d3952-065e-409f-a939-ee6798802705,700e4dd5-c799-4bd1-bf28-c8a4d74d413b,c3,c4,1460,?,i11,
1769091688.6903775,FORWARDED,228d3952-065e-409f-a939-ee6798802705,700e4dd5-c799-4bd1-bf28-c8a4d74d413b,c3,c4,1460,?,i11,
1769091688.7267437,RECEIVED,e866255f-ac39-4f48-9e9b-e033ed872a59,304c5e5d-419b-4920-bdae-8ceb16fd6340,c3,c4,2031,p3,?,
1769091688.731681,RECEIVED,c72f52c8-e7e4-4915-bd7b-a04f350bc46a,0637cab8-2454-45c2-923e-c652a5cd8990,c2,c1,2039,p2,?,
1769091688.7429626,RECEIVED,a0f8968b-c3ec-48b6-b748-18bc1f02ab59,f9dae242-c037-4b3a-a33a-9e126d57557e,c3,c4,2049,p3,?,
1769091688.8014867,RECEIVED,094ee1d8-fccc-41f3-ab0f-7baeff778f91,0d40dadd-2e6b-4980-aadf-61dc5af9ab7c,c5,c4,2035,p2,?,
1769091688.834782,SENT,c72f52c8-e7e4-4915-bd7b-a04f350bc46a,0637cab8-2454-45c2-923e-c652a5cd8990,c2,c1,1456,?,i1,
1769091688.8348215,FORWARDED,c72f52c8-e7e4-4915-bd7b-a04f350bc46a,0637cab8-2454-45c2-923e-c652a5cd8990,c2,c1,1456,?,i1,
1769091688.8501492,RECEIVED,6a283c2b-3bb9-492b-9359-ae624c6f4721,04592e6f-633b-43f6-a8e4-2dd50b62f130,c5,c4,2030,p2,?,
1769091688.8797176,RECEIVED,5a73e322-6435-48d4-b80d-699e65cec711,1ec1fe07-031f-4444-8d0a-3089b59a05e0,c5,c4,2043,p2,?,
1769091688.8941705,SENT,de57eaa8-20b9-42be-8a75-cbf3c23b9716,24a51069-9070-46f8-aa67-35e79334f4a1,c3,c4,1456,?,i8,
1769091688.8942037,FORWARDED,de57eaa8-20b9-42be-8a75-cbf3c23b9716,24a51069-9070-46f8-aa67-35e79334f4a1,c3,c4,1456,?,i8,
1769091688.9540634,RECEIVED,41468337-72dc-4dc2-a02a-4e16f6512720,f9d12b2a-8af3-4833-bb2f-ce449c780555,c1,DROP,1451,p1,?,
1769091689.0442474,SENT,a0f8968b-c3ec-48b6-b748-18bc1f02ab59,f9dae242-c037-4b3a-a33a-9e126d57557e,c3,c4,1464,?,i11,
1769091689.0443,FORWARDED,a0f8968b-c3ec-48b6-b748-18bc1f02ab59,f9dae242-c037-4b3a-a33a-9e126d57557e,c3,c4,1464,?,i11,
1769091689.0570936,RECEIVED,353a4200-9709-474d-a2fe-523c3eb0a465,4fb73b39-f78a-4db8-9fbc-a525a6d9e7ac,c3,c4,2040,p3,?,
1769091689.229567,SENT,41468337-72dc-4dc2-a02a-4e16f6512720,f9d12b2a-8af3-4833-bb2f-ce449c780555,c1,DROP,1016,?,i2,
1769091689.2296097,FORWARDED,41468337-72dc-4dc2-a02a-4e16f6512720,f9d12b2a-8af3-4833-bb2f-ce449c780555,c1,DROP,1016,?,i2,
1769091689.2966597,RECEIVED,76871f1d-d71a-4380-8a44-c137ca1eec0c,cbc75980-5799-4b45-885c-29c715ecf169,c4,c1,2019,p1,?,
1769091689.3728895,RECEIVED,1ff8e9f1-add5-4ae3-a84d-51fc4cb9e9e6,bd2dd1f3-8b1f-44d8-9c55-09ae8023c319,c4,c1,2031,p1,?,
1769091689.4143343,SENT,094ee1d8-fccc-41f3-ab0f-7baeff778f91,0d40dadd-2e6b-4980-aadf-61dc5af9ab7c,c5,c4,1455,?,i5,
1769091689.4143791,FORWARDED,094ee1d8-fccc-41f3-ab0f-7baeff778f91,0d40dadd-2e6b-4980-aadf-61dc5af9ab7c,c5,c4,1455,?,i5,
1769091689.448702,RECEIVED,c0024423-a55d-4b19-8d3e-1d51d4d9bf2a,5c1265a5-ce06-4209-aa9e-baae9bf6d01e,c3,c4,2032,p3,?,
1769091689.4648168,RECEIVED,d1ba20f1-5858-4dfd-8550-723f25eeb417,31f05e2a-6abc-4e37-a7f4-29899ea66097,c2,DROP,1437,p2,?,
1769091689.5180995,SENT,d1ba20f1-5858-4dfd-8550-723f25eeb417,31f05e2a-6abc-4e37-a7f4-29899ea66097,c2,DROP,1003,?,i3,
1769091689.518147,FORWARDED,d1ba20f1-5858-4dfd-8550-723f25eeb417,31f05e2a-6abc-4e37-a7f4-29899ea66097,c2,DROP,1003,?,i3,
1769091689.556157,SENT,e866255f-ac39-4f48-9e9b-e033ed872a59,304c5e5d-419b-4920-bdae-8ceb16fd6340,c3,c4,1452,?,i8,
1769091689.5561981,FORWARDED,e866255f-ac39-4f48-9e9b-e033ed872a59,304c5e5d-419b-4920-bdae-8ceb16fd6340,c3,c4,1452,?,i8,
1769091689.5695002,SENT,76871f1d-d71a-4380-8a44-c137ca1eec0c,cbc75980-5799-4b45-885c-29c715ecf169,c4,c1,1443,?,i4,
1769091689.56954,FORWARDED,76871f1d-d71a-4380-8a44-c137ca1eec0c,cbc75980-5799-4b45-885c-29c715ecf169,c4,c1,1443,?,i4,
1769091689.5976977,RECEIVED,a461ae5c-52a6-4073-b11f-0aeeb250eb49,801dfb8d-6952-4599-a897-ea64d1592528,c1,c5,2039,p1,?,
1769091689.6144264,RECEIVED,9cdbf06d-f47f-41f5-b92c-83133f0e5e29,9a03d7d0-cc32-4e8e-ae89-720d58593ee0,c3,c4,2049,p3,?,
1769091689.6198304,RECEIVED,719b0036-eea8-43cd-9280-054b60b00ff5,39e6cb46-6258-4c28-912c-0170ce4293ae,c4,c1,2044,p1,?,
1769091689.624637,SENT,8f27f9cb-3bbd-4986-8d57-540534c7ffcb,96a467c7-f0c6-4b00-ad55-620ddb5176fa,c1,c5,1456,?,i10,
1769091689.6246784,FORWARDED,8f27f9cb-3bbd-4986-8d57-540534c7ffcb,96a467c7-f0c6-4b00-ad55-620ddb5176fa,c1,c5,1456,?,i10,
1769091689.7256994,SENT,c0024423-a55d-4b19-8d3e-1d51d4d9bf2a,5c1265a5-ce06-4209-aa9e-baae9bf6d01e,c3,c4,1452,?,i1,
1769091689.7257402,FORWARDED,c0024423-a55d-4b19-8d3e-1d51d4d9bf2a,5c1265a5-ce06-4209-aa9e-baae9bf6d01e,c3,c4,1452,?,i1,
1769091689.782239,SENT,353a4200-9709-474d-a2fe-523c3eb0a465,4fb73b39-f78a-4db8-9fbc-a525a6d9e7ac,c3,c4,1456,?,i12,
1769091689.7822912,FORWARDED,353a4200-9709-474d-a2fe-523c3eb0a465,4fb73b39-f78a-4db8-9fbc-a525a6d9e7ac,c3,c4,1456,?,i12,
1769091689.795561,SENT,9cdbf06d-f47f-41f5-b92c-83133f0e5e29,9a03d7d0-cc32-4e8e-ae89-720d58593ee0,c3,c4,1464,?,i11,
1769091689.795604,FORWARDED,9cdbf06d-f47f-41f5-b92c-83133f0e5e29,9a03d7d0-cc32-4e8e-ae89-720d58593ee0,c3,c4,1464,?,i11,
1769091689.8403072,SENT,377459cb-7bdc-483a-a527-ce09e1aef303,9232551b-ae11-4fa6-afbf-445a20570538,c3,c4,1451,?,i1,
1769091689.840349,FORWARDED,377459cb-7bdc-483a-a527-ce09e1aef303,9232551b-ae11-4fa6-afbf-445a20570538,c3,c4,1451,?,i1,
1769091689.9522645,SENT,1ff8e9f1-add5-4ae3-a84d-51fc4cb9e9e6,bd2dd1f3-8b1f-44d8-9c55-09ae8023c319,c4,c1,1452,?,i5,
1769091689.9523067,FORWARDED,1ff8e9f1-add5-4ae3-a84d-51fc4cb9e9e6,bd2dd1f3-8b1f-44d8-9c55-09ae8023c319,c4,c1,1452,?,i5,
1769091689.9860926,SENT,3f898dc3-a933-4023-a81e-8260cdd423ad,bc5b481b-96ec-4665-a1cc-55ca4ee71352,c2,c1,1460,?,i4,
1769091689.9861348,FORWARDED,3f898dc3-a933-4023-a81e-8260cdd423ad,bc5b481b-96ec-4665-a1cc-55ca4ee71352,c2,c1,1460,?,i4,
1769091690.0190222,RECEIVED,b7646bba-6b7f-41da-9310-5fa1d790291d,953b2085-1fc6-496c-b401-dbe4450250c1,c2,DROP,1451,p2,?,
1769091690.035625,SENT,6a283c2b-3bb9-492b-9359-ae624c6f4721,04592e6f-633b-43f6-a8e4-2dd50b62f130,c5,c4,1451,?,i7,
1769091690.0359025,FORWARDED,6a283c2b-3bb9-492b-9359-ae624c6f4721,04592e6f-633b-43f6-a8e4-2dd50b62f130,c5,c4,1451,?,i7,
1769091690.13767,RECEIVED,c3422194-7c78-40ac-a6c6-e665daa67036,f7a327c9-2811-49d1-97c4-65cae94f31e9,c4,c1,2044,p1,?,
1769091690.1905193,SENT,b7646bba-6b7f-41da-9310-5fa1d790291d,953b2085-1fc6-496c-b401-dbe4450250c1,c2,DROP,1016,?,i2,
1769091690.190731,FORWARDED,b7646bba-6b7f-41da-9310-5fa1d790291d,953b2085-1fc6-496c-b401-dbe4450250c1,c2,DROP,1016,?,i2,
1769091690.1947873,RECEIVED,1008d535-38cb-46d4-9e8f-487dea13049c,24166f1f-2f59-4927-af74-231deb314a94,c1,c5,2049,p1,?,
1769091690.2176688,SENT,a461ae5c-52a6-4073-b11f-0aeeb250eb49,801dfb8d-6952-4599-a897-ea64d1592528,c1,c5,1457,?,i2,
1769091690.2177122,FORWARDED,a461ae5c-52a6-4073-b11f-0aeeb250eb49,801dfb8d-6952-4599-a897-ea64d1592528,c1,c5,1457,?,i2,
1769091690.3301651,SENT,5a73e322-6435-48d4-b80d-699e65cec711,1ec1fe07-031f-4444-8d0a-3089b59a05e0,c5,c4,1461,?,i8,
1769091690.3302145,FORWARDED,5a73e322-6435-48d4-b80d-699e65cec711,1ec1fe07-031f-4444-8d0a-3089b59a05e0,c5,c4,1461,?,i8,
1769091690.5408099,FORWARDED,c3422194-7c78-40ac-a6c6-e665daa67036,f7a327c9-2811-49d1-97c4-65cae94f31e9,c4,c1,1461,?,i6,
1769091690.5596333,RECEIVED,486fde61-b7d2-48cf-bd63-f1547985e524,e1c00cd2-32f3-40c8-9a78-2cb14dd78860,c3,DROP,441,x11,?,
1769091690.572681,SENT,1008d535-38cb-46d4-9e8f-487dea13049c,24166f1f-2f59-4927-af74-231deb314a94,c1,c5,1463,?,i10,
1769091690.572732,FORWARDED,1008d535-38cb-46d4-9e8f-487dea13049c,24166f1f-2f59-4927-af74-231deb314a94,c1,c5,1463,?,i10,
1769091690.7198172,RECEIVED,df70b830-6a35-4753-9bc3-9b7024c91253,e1d0466a-b298-466f-bd50-07bbab3171a8,c1,DROP,1440,p1,?,
1769091690.946365,RECEIVED,f45ec1e0-1b7b-46c5-b740-e9ed67bfe634,ce37a217-b511-4bcd-819e-7f9b7e8ecc53,c1,c5,2027,p1,?,
1769091691.2003725,FORWARDED,df70b830-6a35-4753-9bc3-9b7024c91253,e1d0466a-b298-466f-bd50-07bbab3171a8,c1,DROP,1008,?,i6,
1769091691.698889,RECEIVED,dbbc2a3c-3906-4c05-b0d4-8e31b9421068,1a2ad268-db6d-48b5-9881-a834f4bbf0c5,c1,c5,2048,p1,?,
1769091691.7302556,SENT,719b0036-eea8-43cd-9280-054b60b00ff5,39e6cb46-6258-4c28-912c-0170ce4293ae,c4,c1,1459,?,i11,
1769091691.7306585,FORWARDED,719b0036-eea8-43cd-9280-054b60b00ff5,39e6cb46-6258-4c28-912c-0170ce4293ae,c4,c1,1459,?,i11,
1769091691.739887,SENT,f45ec1e0-1b7b-46c5-b740-e9ed67bfe634,ce37a217-b511-4bcd-819e-7f9b7e8ecc53,c1,c5,1447,?,i3,
1769091691.7399306,FORWARDED,f45ec1e0-1b7b-46c5-b740-e9ed67bfe634,ce37a217-b511-4bcd-819e-7f9b7e8ecc53,c1,c5,1447,?,i3,
1769091692.620992,SENT,dbbc2a3c-3906-4c05-b0d4-8e31b9421068,1a2ad268-db6d-48b5-9881-a834f4bbf0c5,c1,c5,1464,?,i10,
1769091692.6210406,FORWARDED,dbbc2a3c-3906-4c05-b0d4-8e31b9421068,1a2ad268-db6d-48b5-9881-a834f4bbf0c5,c1,c5,1464,?,i10,
1769091692.6605103,RECEIVED,dbbbad81-eaed-4f76-979a-07230c38cedb,4ed2d6e2-fa7e-43a5-bf63-4dfd30399b36,c3,c4,2036,p3,?,
1769091692.6887147,RECEIVED,7644dd7c-8be6-4654-a05b-494bbdcea160,04140bc0-1e35-4058-bd39-dc205edf1707,c1,DROP,446,x6,?,
1769091692.7541745,RECEIVED,b3780e04-4977-4bee-8cde-49cba2d22b72,4f9e5105-2a3b-4a66-81f8-8b0b038cef52,c5,c4,2044,p2,?,
1769091692.8261094,RECEIVED,1d3a2bcd-8fce-4c00-a40a-36266b21c6aa,fde981f8-02fa-4d97-8799-3edecdab4834,c5,DROP,1457,p2,?,
1769091692.8824537,SENT,1d3a2bcd-8fce-4c00-a40a-36266b21c6aa,fde981f8-02fa-4d97-8799-3edecdab4834,c5,DROP,1019,?,i11,
1769091692.8824937,FORWARDED,1d3a2bcd-8fce-4c00-a40a-36266b21c6aa,fde981f8-02fa-4d97-8799-3edecdab4834,c5,DROP,1019,?,i11,
1769091692.9276712,SENT,dbbbad81-eaed-4f76-979a-07230c38cedb,4ed2d6e2-fa7e-43a5-bf63-4dfd30399b36,c3,c4,1455,?,i10,
1769091692.9277732,FORWARDED,dbbbad81-eaed-4f76-979a-07230c38cedb,4ed2d6e2-fa7e-43a5-bf63-4dfd30399b36,c3,c4,1455,?,i10,
1769091693.187742,RECEIVED,d5653177-0dd6-4b70-81e0-9357542de950,eb89374e-a9ab-4ecf-9ecd-f19a0260035e,c2,DROP,1444,p2,?,
1769091693.188163,SENT,b3780e04-4977-4bee-8cde-49cba2d22b72,4f9e5105-2a3b-4a66-81f8-8b0b038cef52,c5,c4,1459,?,i3,
1769091693.1881983,FORWARDED,b3780e04-4977-4bee-8cde-49cba2d22b72,4f9e5105-2a3b-4a66-81f8-8b0b038cef52,c5,c4,1459,?,i3,
1769091693.2643979,SENT,d5653177-0dd6-4b70-81e0-9357542de950,eb89374e-a9ab-4ecf-9ecd-f19a0260035e,c2,DROP,1011,?,i1,
1769091693.264447,FORWARDED,d5653177-0dd6-4b70-81e0-9357542de950,eb89374e-a9ab-4ecf-9ecd-f19a0260035e,c2,DROP,1011,?,i1,
1769091693.4878201,RECEIVED,967a3aef-b877-4c4c-9a62-80ac3c93d52f,16b65381-5014-4191-8f26-48a9292cf7f9,c2,c1,2031,p2,?,
1769091693.4955087,RECEIVED,9883112a-afef-423a-8d5a-40f811ab71ce,a6534aac-f702-4783-85ba-624a0cc4d2c5,c5,c4,2036,p2,?,
1769091693.5697565,RECEIVED,35183a52-0f1d-4ece-8cdd-4bc1c177fb6b,00f82e4e-64fd-46c4-a37b-6886157bc17b,c1,DROP,1440,p1,?,
1769091693.6274762,RECEIVED,5a718afb-c3d5-4f3a-962f-26adf6b6f168,79e6927e-1bcf-4d3f-be7b-10cc9ea50d8c,c1,DROP,446,x10,?,
1769091693.659744,RECEIVED,396c52e2-87b3-46d7-aa09-986d37f88865,c1748451-9f2c-4d8e-8967-cd9cf3025f58,c5,DROP,440,x4,?,
1769091693.732564,SENT,9883112a-afef-423a-8d5a-40f811ab71ce,a6534aac-f702-4783-85ba-624a0cc4d2c5,c5,c4,1455,?,i4,
1769091693.7326086,FORWARDED,9883112a-afef-423a-8d5a-40f811ab71ce,a6534aac-f702-4783-85ba-624a0cc4d2c5,c5,c4,1455,?,i4,
1769091693.7569573,SENT,35183a52-0f1d-4ece-8cdd-4bc1c177fb6b,00f82e4e-64fd-46c4-a37b-6886157bc17b,c1,DROP,1007,?,i5,
1769091693.757031,FORWARDED,35183a52-0f1d-4ece-8cdd-4bc1c177fb6b,00f82e4e-64fd-46c4-a37b-6886157bc17b,c1,DROP,1007,?,i5,
1769091693.7607946,RECEIVED,1eddffa6-4cd7-4c50-843f-426e3f18848c,3388b68c-dadb-4903-a4e3-16ec9609afc2,c3,c4,2036,p3,?,
1769091693.761722,RECEIVED,dd9bf466-2a90-4b8f-85d6-8c7f412b166c,7936ae5a-5025-4fc2-952e-5f6cb3c082ae,c1,DROP,1439,p1,?,
1769091693.7621253,SENT,967a3aef-b877-4c4c-9a62-80ac3c93d52f,16b65381-5014-4191-8f26-48a9292cf7f9,c2,c1,1451,?,i8,
1769091693.7621658,FORWARDED,967a3aef-b877-4c4c-9a62-80ac3c93d52f,16b65381-5014-4191-8f26-48a9292cf7f9,c2,c1,1451,?,i8,
1769091693.9994795,RECEIVED,9e586ff0-ca07-4278-a4d1-32b911d07045,0debe092-40f4-4804-a86e-f95ef154cccb,c3,c4,2039,p3,?,
1769091694.0631979,RECEIVED,fdd59903-2b69-4e29-b89c-4ff6ca2c653a,6c2921a3-ae2b-4922-928d-e0e420239e3c,c1,c5,2039,p1,?,
1769091694.0793726,RECEIVED,f71af3ee-b6e1-4654-963b-178f48f2eeb7,95468b5c-18cb-4504-9116-7094c6733697,c4,c1,2032,p1,?,
1769091694.2097268,RECEIVED,5041a600-cefa-4919-a40d-9a6ad3822e93,9f652099-bdcf-4de9-9e54-7ad7ba8c0934,c2,c1,2045,p2,?,
1769091694.239499,SENT,f71af3ee-b6e1-4654-963b-178f48f2eeb7,95468b5c-18cb-4504-9116-7094c6733697,c4,c1,1451,?,i3,
1769091694.239542,FORWARDED,f71af3ee-b6e1-4654-963b-178f48f2eeb7,95468b5c-18cb-4504-9116-7094c6733697,c4,c1,1451,?,i3,
1769091694.3517034,SENT,dd9bf466-2a90-4b8f-85d6-8c7f412b166c,7936ae5a-5025-4fc2-952e-5f6cb3c082ae,c1,DROP,1008,?,i9,
1769091694.3517995,FORWARDED,dd9bf466-2a90-4b8f-85d6-8c7f412b166c,7936ae5a-5025-4fc2-952e-5f6cb3c082ae,c1,DROP,1008,?,i9,
1769091694.3528214,RECEIVED,a185bfba-a8de-4276-aa73-acb4f868acf2,b48661a4-f773-49c6-8a37-6cbc4657a433,c3,DROP,441,x6,?,
1769091694.4212987,SENT,5041a600-cefa-4919-a40d-9a6ad3822e93,9f652099-bdcf-4de9-9e54-7ad7ba8c0934,c2,c1,1460,?,i11,
1769091694.4213407,FORWARDED,5041a600-cefa-4919-a40d-9a6ad3822e93,9f652099-bdcf-4de9-9e54-7ad7ba8c0934,c2,c1,1460,?,i11,
1769091694.5719624,SENT,1eddffa6-4cd7-4c50-843f-426e3f18848c,3388b68c-dadb-4903-a4e3-16ec9609afc2,c3,c4,1455,?,i10,
1769091694.572003,FORWARDED,1eddffa6-4cd7-4c50-843f-426e3f18848c,3388b68c-dadb-4903-a4e3-16ec9609afc2,c3,c4,1455,?,i10,
1769091694.8460362,SENT,fdd59903-2b69-4e29-b89c-4ff6ca2c653a,6c2921a3-ae2b-4922-928d-e0e420239e3c,c1,c5,1456,?,i4,
1769091694.846094,FORWARDED,fdd59903-2b69-4e29-b89c-4ff6ca2c653a,6c2921a3-ae2b-4922-928d-e0e420239e3c,c1,c5,1456,?,i4,
1769091694.853582,RECEIVED,3fded5f6-e810-48f6-95b5-3e2534cd7c19,1ee04b7a-0e26-4d9d-a226-956993fa2365,c1,c5,2027,p1,?,
1769091694.8681843,RECEIVED,b3519d74-4f6e-455e-84c1-8588bb867efb,d7d6b309-05e0-4f18-b1a5-34e65641feba,c4,DROP,1455,p1,?,
1769091694.892788,FORWARDED,9e586ff0-ca07-4278-a4d1-32b911d07045,0debe092-40f4-4804-a86e-f95ef154cccb,c3,c4,1456,?,i6,
1769091695.2720418,RECEIVED,62d1a8fe-ccf0-45f2-a7dc-6698bbd7cf10,9a2f1fe6-83cb-40e5-b04d-e284a9e7f9db,c4,c1,2035,p1,?,
1769091695.302106,FORWARDED,b3519d74-4f6e-455e-84c1-8588bb867efb,d7d6b309-05e0-4f18-b1a5-34e65641feba,c4,DROP,1020,?,i6,
1769091695.32002,RECEIVED,597d978f-16c5-4bd9-9f57-b205fc5529e1,1b2b9598-85ee-4619-9ab0-f60efc1d6422,c4,DROP,1459,p1,?,
1769091695.3398688,SENT,3fded5f6-e810-48f6-95b5-3e2534cd7c19,1ee04b7a-0e26-4d9d-a226-956993fa2365,c1,c5,1447,?,i7,
1769091695.3399127,FORWARDED,3fded5f6-e810-48f6-95b5-3e2534cd7c19,1ee04b7a-0e26-4d9d-a226-956993fa2365,c1,c5,1447,?,i7,
1769091695.4308078,RECEIVED,25ace912-6e85-4ef5-913d-c0692cf8f3c9,65f0879c-a481-4d94-9f93-fce9c4c8a690,c4,c1,2049,p1,?,
1769091695.474923,SENT,25ace912-6e85-4ef5-913d-c0692cf8f3c9,65f0879c-a481-4d94-9f93-fce9c4c8a690,c4,c1,1462,?,i5,
1769091695.474966,FORWARDED,25ace912-6e85-4ef5-913d-c0692cf8f3c9,65f0879c-a481-4d94-9f93-fce9c4c8a690,c4,c1,1462,?,i5,
1769091695.803236,RECEIVED,53b0d600-e075-4698-85da-c199b16e4a0b,fbf79240-4f25-4794-91c1-09eeb61eaae4,c1,c5,2019,p1,?,
1769091695.8692544,SENT,597d978f-16c5-4bd9-9f57-b205fc5529e1,1b2b9598-85ee-4619-9ab0-f60efc1d6422,c4,DROP,1021,?,i10,
1769091695.8692913,FORWARDED,597d978f-16c5-4bd9-9f57-b205fc5529e1,1b2b9598-85ee-4619-9ab0-f60efc1d6422,c4,DROP,1021,?,i10,
1769091695.8884351,SENT,62d1a8fe-ccf0-45f2-a7dc-6698bbd7cf10,9a2f1fe6-83cb-40e5-b04d-e284a9e7f9db,c4,c1,1455,?,i3,
1769091695.8884907,FORWARDED,62d1a8fe-ccf0-45f2-a7dc-6698bbd7cf10,9a2f1fe6-83cb-40e5-b04d-e284a9e7f9db,c4,c1,1455,?,i3,
1769091696.356556,RECEIVED,848f5247-35a1-4fe5-b175-c2bcce49a95d,0c6f4b96-3fcf-4860-8b98-3d157001c7af,c3,DROP,1447,p3,?,
1769091696.430964,SENT,53b0d600-e075-4698-85da-c199b16e4a0b,fbf79240-4f25-4794-91c1-09eeb61eaae4,c1,c5,1443,?,i3,
1769091696.4318786,FORWARDED,53b0d600-e075-4698-85da-c199b16e4a0b,fbf79240-4f25-4794-91c1-09eeb61eaae4,c1,c5,1443,?,i3,
1769091696.4572017,RECEIVED,801fe92f-c5a0-4498-834f-a9721e8f322f,f5ca5ade-c991-4423-a920-1f56e2de5dfb,c5,c4,2040,p2,?,
1769091696.5844429,SENT,848f5247-35a1-4fe5-b175-c2bcce49a95d,0c6f4b96-3fcf-4860-8b98-3d157001c7af,c3,DROP,1012,?,i3,
1769091696.5844862,FORWARDED,848f5247-35a1-4fe5-b175-c2bcce49a95d,0c6f4b96-3fcf-4860-8b98-3d157001c7af,c3,DROP,1012,?,i3,
1769091696.7411761,RECEIVED,d93926c2-fbb9-4a5c-9216-52c16f3984fe,05f1b791-b7ab-4d62-85e6-1e863773e081,c2,c1,2041,p2,?,
1769091696.7942953,RECEIVED,c46269fa-2067-4395-a532-ab69c2505036,a3464879-85f2-4be9-832f-cc6cf53104bf,c4,DROP,1439,p1,?,
1769091696.8245697,RECEIVED,b6e55017-66ec-4309-9ddc-46aba3ef7fce,b51a34ab-ab99-414f-950d-01ee07bb2385,c5,c4,2044,p2,?,
1769091696.9108298,RECEIVED,db52fc62-5e50-4838-8153-8644b4092706,c88f6d5f-e9ef-4d79-b061-f1ff345a3345,c3,c4,2040,p3,?,
1769091696.9288807,SENT,d93926c2-fbb9-4a5c-9216-52c16f3984fe,05f1b791-b7ab-4d62-85e6-1e863773e081,c2,c1,1456,?,i12,
1769091696.9289205,FORWARDED,d93926c2-fbb9-4a5c-9216-52c16f3984fe,05f1b791-b7ab-4d62-85e6-1e863773e081,c2,c1,1456,?,i12,
1769091696.9994857,SENT,b6e55017-66ec-4309-9ddc-46aba3ef7fce,b51a34ab-ab99-414f-950d-01ee07bb2385,c5,c4,1461,?,i2,
1769091696.9995344,FORWARDED,b6e55017-66ec-4309-9ddc-46aba3ef7fce,b51a34ab-ab99-414f-950d-01ee07bb2385,c5,c4,1461,?,i2,
1769091697.1863067,SENT,801fe92f-c5a0-4498-834f-a9721e8f322f,f5ca5ade-c991-4423-a920-1f56e2de5dfb,c5,c4,1458,?,i10,
1769091697.1863496,FORWARDED,801fe92f-c5a0-4498-834f-a9721e8f322f,f5ca5ade-c991-4423-a920-1f56e2de5dfb,c5,c4,1458,?,i10,
1769091697.4440413,RECEIVED,ac9224e5-bf5e-4387-9343-055bcd0b9bbf,9c962a47-1671-4649-8416-fe065f856429,c3,DROP,1439,p3,?,
1769091697.4607134,RECEIVED,727eec01-2f8a-4c8d-9208-b6988e1357fd,442767e3-4580-4a0e-898e-72375c1f5b6d,c5,c4,2020,p2,?,
1769091697.6491263,SENT,727eec01-2f8a-4c8d-9208-b6988e1357fd,442767e3-4580-4a0e-898e-72375c1f5b6d,c5,c4,1443,?,i2,
1769091697.6491764,FORWARDED,727eec01-2f8a-4c8d-9208-b6988e1357fd,442767e3-4580-4a0e-898e-72375c1f5b6d,c5,c4,1443,?,i2,
1769091697.682925,RECEIVED,a6e6d264-b1f7-4476-93f5-17b4c54afd41,9d74994e-4a23-4f49-aea6-bffda3dddf7e,c4,c1,2040,p1,?,
1769091697.6965053,SENT,c46269fa-2067-4395-a532-ab69c2505036,a3464879-85f2-4be9-832f-cc6cf53104bf,c4,DROP,1007,?,i8,
1769091697.6965485,FORWARDED,c46269fa-2067-4395-a532-ab69c2505036,a3464879-85f2-4be9-832f-cc6cf53104bf,c4,DROP,1007,?,i8,
1769091697.7884817,RECEIVED,0fd62743-9ca8-4a54-ba2d-55acb545dcd1,4b604da0-bd61-4863-b782-eb412c37ab25,c2,DROP,1443,p2,?,
1769091697.821433,RECEIVED,e0b9fafc-fefe-4d3e-a042-eda6c7eaa381,bac26643-3983-419d-bd4b-8cba28c0bd7a,c2,DROP,1444,p2,?,
1769091697.8647015,SENT,db52fc62-5e50-4838-8153-8644b4092706,c88f6d5f-e9ef-4d79-b061-f1ff345a3345,c3,c4,1456,?,i10,
1769091697.8647435,FORWARDED,db52fc62-5e50-4838-8153-8644b4092706,c88f6d5f-e9ef-4d79-b061-f1ff345a3345,c3,c4,1456,?,i10,
1769091697.9039874,SENT,0fd62743-9ca8-4a54-ba2d-55acb545dcd1,4b604da0-bd61-4863-b782-eb412c37ab25,c2,DROP,1011,?,i5,
1769091697.9040258,FORWARDED,0fd62743-9ca8-4a54-ba2d-55acb545dcd1,4b604da0-bd61-4863-b782-eb412c37ab25,c2,DROP,1011,?,i5,
1769091697.9449453,SENT,e0b9fafc-fefe-4d3e-a042-eda6c7eaa381,bac26643-3983-419d-bd4b-8cba28c0bd7a,c2,DROP,1009,?,i4,
1769091697.9449854,FORWARDED,e0b9fafc-fefe-4d3e-a042-eda6c7eaa381,bac26643-3983-419d-bd4b-8cba28c0bd7a,c2,DROP,1009,?,i4,
1769091697.9719021,RECEIVED,6bf451fd-d45e-466d-a66b-ab771f5be577,a174451c-3ece-44ad-9061-a9d2fba1eccf,c3,c4,2036,p3,?,
1769091697.977813,RECEIVED,0822e997-14ab-40ec-a661-fd708bbce70b,39db437d-3089-4643-99fa-1fca60e197d3,c4,c1,2032,p1,?,
1769091698.0292678,SENT,a6e6d264-b1f7-4476-93f5-17b4c54afd41,9d74994e-4a23-4f49-aea6-bffda3dddf7e,c4,c1,1456,?,i7,
1769091698.0293071,FORWARDED,a6e6d264-b1f7-4476-93f5-17b4c54afd41,9d74994e-4a23-4f49-aea6-bffda3dddf7e,c4,c1,1456,?,i7,
1769091698.1102204,SENT,0822e997-14ab-40ec-a661-fd708bbce70b,39db437d-3089-4643-99fa-1fca60e197d3,c4,c1,1452,?,i4,
1769091698.110263,FORWARDED,0822e997-14ab-40ec-a661-fd708bbce70b,39db437d-3089-4643-99fa-1fca60e197d3,c4,c1,1452,?,i4,
1769091698.2107935,RECEIVED,f73ef02d-1633-4d01-a65d-9466fdf9bcb0,91e51d83-48dd-4a13-939b-db2a5223799c,c3,c4,2035,p3,?,
1769091698.3505406,RECEIVED,c04c6f30-5c1f-4eb1-8588-b86cf19d3c1b,1f29e0da-ade4-48c3-9364-7f92b6a4131e,c1,c5,2039,p1,?,
1769091698.402259,SENT,6bf451fd-d45e-466d-a66b-ab771f5be577,a174451c-3ece-44ad-9061-a9d2fba1eccf,c3,c4,1455,?,i10,
1769091698.4023,FORWARDED,6bf451fd-d45e-466d-a66b-ab771f5be577,a174451c-3ece-44ad-9061-a9d2fba1eccf,c3,c4,1455,?,i10,
1769091698.4105916,RECEIVED,17529739-5926-4545-94c1-a431e5e5bdf6,0a8f3532-6d06-4983-a155-c81f7eddcca9,c5,c4,2039,p2,?,
1769091698.5753138,RECEIVED,98b9d9dc-8382-4e61-8702-f7986fa8de27,434a3381-ad0c-4602-b08c-f4bdeb684659,c5,c4,2035,p2,?,
1769091698.581347,SENT,17529739-5926-4545-94c1-a431e5e5bdf6,0a8f3532-6d06-4983-a155-c81f7eddcca9,c5,c4,1457,?,i4,
1769091698.5813937,FORWARDED,17529739-5926-4545-94c1-a431e5e5bdf6,0a8f3532-6d06-4983-a155-c81f7eddcca9,c5,c4,1457,?,i4,
1769091698.6113365,RECEIVED,eab0ecda-3819-4a76-8388-a379b647ad71,bfef3e9b-eaaa-45ab-b50c-426d81b241c9,c5,c4,2047,p2,?,
1769091698.661448,RECEIVED,186249fa-11bf-4859-ab06-786199e44d77,98ed4c2e-8b37-45cb-af3b-8cf4097580b6,c5,c4,2023,p2,?,
1769091698.7520115,RECEIVED,1b151e3e-c472-4a69-ad17-9f2eefc374e3,7c9d6ef1-216c-4cc9-acf2-14cddf148727,c4,DROP,1443,p1,?,
1769091698.8443646,RECEIVED,c3f8e938-9f3d-4a61-b779-bcef412e5784,4846021c-8c12-483f-802b-858991f1f39b,c5,DROP,1439,p2,?,
1769091698.9881136,SENT,eab0ecda-3819-4a76-8388-a379b647ad71,bfef3e9b-eaaa-45ab-b50c-426d81b241c9,c5,c4,1462,?,i7,
1769091698.9881573,FORWARDED,eab0ecda-3819-4a76-8388-a379b647ad71,bfef3e9b-eaaa-45ab-b50c-426d81b241c9,c5,c4,1462,?,i7,
1769091699.0325885,SENT,98b9d9dc-8382-4e61-8702-f7986fa8de27,434a3381-ad0c-4602-b08c-f4bdeb684659,c5,c4,1455,?,i4,
1769091699.0326278,FORWARDED,98b9d9dc-8382-4e61-8702-f7986fa8de27,434a3381-ad0c-4602-b08c-f4bdeb684659,c5,c4,1455,?,i4,
1769091699.0654447,SENT,ac9224e5-bf5e-4387-9343-055bcd0b9bbf,9c962a47-1671-4649-8416-fe065f856429,c3,DROP,1008,?,i4,
1769091699.0654855,FORWARDED,ac9224e5-bf5e-4387-9343-055bcd0b9bbf,9c962a47-1671-4649-8416-fe065f856429,c3,DROP,1008,?,i4,
1769091699.2013977,SENT,f73ef02d-1633-4d01-a65d-9466fdf9bcb0,91e51d83-48dd-4a13-939b-db2a5223799c,c3,c4,1453,?,i8,
1769091699.2015266,FORWARDED,f73ef02d-1633-4d01-a65d-9466fdf9bcb0,91e51d83-48dd-4a13-939b-db2a5223799c,c3,c4,1453,?,i8,
1769091699.247638,RECEIVED,43512b79-ffc2-4a62-add3-4435872aa638,510dbd4b-4d99-4fcc-866e-28c18feae981,c3,c4,2027,p3,?,
1769091699.3054903,SENT,186249fa-11bf-4859-ab06-786199e44d77,98ed4c2e-8b37-45cb-af3b-8cf4097580b6,c5,c4,1445,?,i3,
1769091699.3055294,FORWARDED,186249fa-11bf-4859-ab06-786199e44d77,98ed4c2e-8b37-45cb-af3b-8cf4097580b6,c5,c4,1445,?,i3,
1769091699.414098,RECEIVED,87dda217-c981-4d04-9ce1-bcc57c02e0b4,9c971e20-621f-4a61-a4a5-29cc3aad26cd,c1,c5,2027,p1,?,
1769091699.5948393,RECEIVED,ce637229-5457-4962-a254-4de0cdbc1ace,509edbbe-2b64-4d17-8ac6-e14411378ca2,c2,c1,2036,p2,?,
1769091699.6107285,RECEIVED,5a80698b-6530-4abb-9c69-0a96efb23433,545a556d-43dc-41fa-9c0e-0e9261c258a6,c3,DROP,446,x8,?,
1769091699.9148433,SENT,87dda217-c981-4d04-9ce1-bcc57c02e0b4,9c971e20-621f-4a61-a4a5-29cc3aad26cd,c1,c5,1448,?,i2,
1769091699.9148817,FORWARDED,87dda217-c981-4d04-9ce1-bcc57c02e0b4,9c971e20-621f-4a61-a4a5-29cc3aad26cd,c1,c5,1448,?,i2,
1769091699.960729,SENT,43512b79-ffc2-4a62-add3-4435872aa638,510dbd4b-4d99-4fcc-866e-28c18feae981,c3,c4,1448,?,i3,
1769091699.9607666,FORWARDED,43512b79-ffc2-4a62-add3-4435872aa638,510dbd4b-4d99-4fcc-866e-28c18feae981,c3,c4,1448,?,i3,
1769091700.0306382,RECEIVED,8a313ca5-dadd-43dd-af93-895d59b39d25,b9d8721c-7dba-411c-83ec-b602ba072a4f,c2,DROP,442,x6,?,
1769091700.0321825,RECEIVED,db46891e-a111-4b30-a8c0-4016298d85a0,d4d353af-ed38-4f4a-8ed8-cfce477e22f2,c4,c1,2048,p1,?,
1769091700.0613828,SENT,c04c6f30-5c1f-4eb1-8588-b86cf19d3c1b,1f29e0da-ade4-48c3-9364-7f92b6a4131e,c1,c5,1456,?,i1,
1769091700.0614247,FORWARDED,c04c6f30-5c1f-4eb1-8588-b86cf19d3c1b,1f29e0da-ade4-48c3-9364-7f92b6a4131e,c1,c5,1456,?,i1,
1769091700.1398876,SENT,ce637229-5457-4962-a254-4de0cdbc1ace,509edbbe-2b64-4d17-8ac6-e14411378ca2,c2,c1,1454,?,i10,
1769091700.1399312,FORWARDED,ce637229-5457-4962-a254-4de0cdbc1ace,509edbbe-2b64-4d17-8ac6-e14411378ca2,c2,c1,1454,?,i10,
1769091700.2282195,SENT,db46891e-a111-4b30-a8c0-4016298d85a0,d4d353af-ed38-4f4a-8ed8-cfce477e22f2,c4,c1,1464,?,i2,
1769091700.2282617,FORWARDED,db46891e-a111-4b30-a8c0-4016298d85a0,d4d353af-ed38-4f4a-8ed8-cfce477e22f2,c4,c1,1464,?,i2,
1769091700.231674,FORWARDED,1b151e3e-c472-4a69-ad17-9f2eefc374e3,7c9d6ef1-216c-4cc9-acf2-14cddf148727,c4,DROP,1011,?,i6,
1769091700.2531464,RECEIVED,253ee1bb-6a98-4be2-a02a-fd8700b823e9,74969619-153c-4511-be58-300b5644aa2d,c1,c5,2023,p1,?,
1769091700.3108988,RECEIVED,17a87055-c29d-4439-a79c-2ece19de81a6,c888fe78-baeb-4a2e-9e8f-78a6daf1c956,c1,DROP,1439,p1,?,
1769091700.4409707,SENT,c3f8e938-9f3d-4a61-b779-bcef412e5784,4846021c-8c12-483f-802b-858991f1f39b,c5,DROP,1007,?,i4,
1769091700.4410124,FORWARDED,c3f8e938-9f3d-4a61-b779-bcef412e5784,4846021c-8c12-483f-802b-858991f1f39b,c5,DROP,1007,?,i4,
1769091701.0281184,RECEIVED,3c4e0241-b257-4820-9c3d-32408e7e6e4b,d51ebc74-48f1-4101-92cd-bdca7cfa3128,c1,c5,2032,p1,?,
1769091701.0673969,SENT,17a87055-c29d-4439-a79c-2ece19de81a6,c888fe78-baeb-4a2e-9e8f-78a6daf1c956,c1,DROP,1008,?,i1,
1769091701.0674393,FORWARDED,17a87055-c29d-4439-a79c-2ece19de81a6,c888fe78-baeb-4a2e-9e8f-78a6daf1c956,c1,DROP,1008,?,i1,
1769091701.177706,RECEIVED,c0b97318-f9be-4bec-b703-e5a148ad0d93,68dded74-28d0-458f-92cf-7d037f750a00,c4,c1,2039,p1,?,
1769091701.3493745,RECEIVED,8a1f2448-effc-4e40-9927-f42ca59032db,a6cda77a-f5ef-4e82-87d5-e39ec578b1ea,c2,c1,2055,p2,?,
1769091701.4289017,SENT,3c4e0241-b257-4820-9c3d-32408e7e6e4b,d51ebc74-48f1-4101-92cd-bdca7cfa3128,c1,c5,1451,?,i4,
1769091701.4289434,FORWARDED,3c4e0241-b257-4820-9c3d-32408e7e6e4b,d51ebc74-48f1-4101-92cd-bdca7cfa3128,c1,c5,1451,?,i4,
1769091701.5098479,RECEIVED,9895a499-4995-4f2d-aa87-697b6c7e65d2,156ab952-acee-41e9-b7fa-f403ccf6cbb9,c4,DROP,1444,p1,?,
1769091701.5217073,RECEIVED,e3672f2e-b877-4de8-9f1d-98bffb3c808c,c88f6602-10cc-4bdb-a425-7724b38be19c,c5,c4,2020,p2,?,
1769091701.5657275,RECEIVED,f000b51e-5353-4ca8-9bd7-5a65d796ca75,57bc4f13-3f6d-4a35-b91f-5d023bf6957a,c4,c1,2032,p1,?,
1769091701.6193757,SENT,9895a499-4995-4f2d-aa87-697b6c7e65d2,156ab952-acee-41e9-b7fa-f403ccf6cbb9,c4,DROP,1011,?,i9,
1769091701.619421,FORWARDED,9895a499-4995-4f2d-aa87-697b6c7e65d2,156ab952-acee-41e9-b7fa-f403ccf6cbb9,c4,DROP,1011,?,i9,
1769091701.6235795,RECEIVED,93fc0873-4716-4144-a50f-e467825d3aea,9d2aed19-b594-4205-9ab7-2ccae88bdc63,c2,c1,2033,p2,?,
1769091701.629973,RECEIVED,3a336371-6bd6-47a7-b8cb-7bfe2b954102,6e31ce58-bae4-485d-9a4c-2babe0495784,c5,DROP,1443,p2,?,
1769091701.6424217,SENT,e3672f2e-b877-4de8-9f1d-98bffb3c808c,c88f6602-10cc-4bdb-a425-7724b38be19c,c5,c4,1443,?,i3,
1769091701.642465,FORWARDED,e3672f2e-b877-4de8-9f1d-98bffb3c808c,c88f6602-10cc-4bdb-a425-7724b38be19c,c5,c4,1443,?,i3,
1769091701.6549063,SENT,93fc0873-4716-4144-a50f-e467825d3aea,9d2aed19-b594-4205-9ab7-2ccae88bdc63,c2,c1,1451,?,i5,
1769091701.6549478,FORWARDED,93fc0873-4716-4144-a50f-e467825d3aea,9d2aed19-b594-4205-9ab7-2ccae88bdc63,c2,c1,1451,?,i5,
1769091701.7555285,RECEIVED,b93f70ee-6fcf-44ec-8d4b-5b073d44af52,227d7d36-0218-4aa3-92b4-d45f2f741c97,c1,c5,2036,p1,?,
1769091701.876599,SENT,f000b51e-5353-4ca8-9bd7-5a65d796ca75,57bc4f13-3f6d-4a35-b91f-5d023bf6957a,c4,c1,1451,?,i4,
1769091701.8766415,FORWARDED,f000b51e-5353-4ca8-9bd7-5a65d796ca75,57bc4f13-3f6d-4a35-b91f-5d023bf6957a,c4,c1,1451,?,i4,
1769091701.9436805,SENT,8a1f2448-effc-4e40-9927-f42ca59032db,a6cda77a-f5ef-4e82-87d5-e39ec578b1ea,c2,c1,1469,?,i3,
1769091701.94372,FORWARDED,8a1f2448-effc-4e40-9927-f42ca59032db,a6cda77a-f5ef-4e82-87d5-e39ec578b1ea,c2,c1,1469,?,i3,
1769091702.110668,RECEIVED,f11b0382-5817-4c23-a9d9-712b6f9157a7,7160b6bf-8389-416b-898e-e7651643a9ee,c3,c4,2040,p3,?,
1769091702.117734,RECEIVED,0a563748-647d-435e-b043-36cc0cc6077a,57c101b3-5216-4243-9b75-373855ede20d,c3,DROP,1456,p3,?,
1769091702.1844292,RECEIVED,00ce7e41-a26f-4e71-89cd-f3b5517cf4ad,a42b78f6-cf0b-4247-8401-bd7ad60c0af6,c3,c4,2042,p3,?,
1769091702.2849362,RECEIVED,ae771ef2-1487-4621-a505-efa820050789,8561885b-0bb9-4fcf-a6f7-80218ac32a7d,c5,c4,2032,p2,?,
1769091702.3175411,RECEIVED,5143eb30-8559-482f-9e29-d2b2a3be6542,3bf69119-5b68-4f83-bb62-3eef119d0db6,c5,DROP,1439,p2,?,
1769091702.3299162,SENT,f11b0382-5817-4c23-a9d9-712b6f9157a7,7160b6bf-8389-416b-898e-e7651643a9ee,c3,c4,1456,?,i4,
1769091702.3299563,FORWARDED,f11b0382-5817-4c23-a9d9-712b6f9157a7,7160b6bf-8389-416b-898e-e7651643a9ee,c3,c4,1456,?,i4,
1769091702.3550084,RECEIVED,2f7b16ea-1f29-4b24-a730-f15b359f7799,bc78f765-e4af-44f3-bc3f-4bd5b53ac100,c4,c1,2024,p1,?,
1769091702.359643,SENT,253ee1bb-6a98-4be2-a02a-fd8700b823e9,74969619-153c-4511-be58-300b5644aa2d,c1,c5,1444,?,i7,
1769091702.35968,FORWARDED,253ee1bb-6a98-4be2-a02a-fd8700b823e9,74969619-153c-4511-be58-300b5644aa2d,c1,c5,1444,?,i7,
1769091702.3860788,SENT,c0b97318-f9be-4bec-b703-e5a148ad0d93,68dded74-28d0-458f-92cf-7d037f750a00,c4,c1,1457,?,i1,
1769091702.3861213,FORWARDED,c0b97318-f9be-4bec-b703-e5a148ad0d93,68dded74-28d0-458f-92cf-7d037f750a00,c4,c1,1457,?,i1,
1769091702.4241867,SENT,2f7b16ea-1f29-4b24-a730-f15b359f7799,bc78f765-e4af-44f3-bc3f-4bd5b53ac100,c4,c1,1444,?,i3,
1769091702.4242308,FORWARDED,2f7b16ea-1f29-4b24-a730-f15b359f7799,bc78f765-e4af-44f3-bc3f-4bd5b53ac100,c4,c1,1444,?,i3,
1769091702.4397016,SENT,ae771ef2-1487-4621-a505-efa820050789,8561885b-0bb9-4fcf-a6f7-80218ac32a7d,c5,c4,1452,?,i7,
1769091702.439741,FORWARDED,ae771ef2-1487-4621-a505-efa820050789,8561885b-0bb9-4fcf-a6f7-80218ac32a7d,c5,c4,1452,?,i7,
1769091702.520844,SENT,3a336371-6bd6-47a7-b8cb-7bfe2b954102,6e31ce58-bae4-485d-9a4c-2babe0495784,c5,DROP,1011,?,i4,
1769091702.5208883,FORWARDED,3a336371-6bd6-47a7-b8cb-7bfe2b954102,6e31ce58-bae4-485d-9a4c-2babe0495784,c5,DROP,1011,?,i4,
1769091702.5842466,RECEIVED,62e9656d-43d1-4add-b375-e2d6d09d8ace,b6b2e1d8-82af-4909-ae95-d3cd0185b9a7,c2,DROP,1439,p2,?,
1769091702.598826,SENT,b93f70ee-6fcf-44ec-8d4b-5b073d44af52,227d7d36-0218-4aa3-92b4-d45f2f741c97,c1,c5,1454,?,i11,
1769091702.5988612,FORWARDED,b93f70ee-6fcf-44ec-8d4b-5b073d44af52,227d7d36-0218-4aa3-92b4-d45f2f741c97,c1,c5,1454,?,i11,
1769091702.7003005,SENT,00ce7e41-a26f-4e71-89cd-f3b5517cf4ad,a42b78f6-cf0b-4247-8401-bd7ad60c0af6,c3,c4,1459,?,i5,
1769091702.7003458,FORWARDED,00ce7e41-a26f-4e71-89cd-f3b5517cf4ad,a42b78f6-cf0b-4247-8401-bd7ad60c0af6,c3,c4,1459,?,i5,
1769091702.729967,SENT,62e9656d-43d1-4add-b375-e2d6d09d8ace,b6b2e1d8-82af-4909-ae95-d3cd0185b9a7,c2,DROP,1007,?,i4,
1769091702.7300076,FORWARDED,62e9656d-43d1-4add-b375-e2d6d09d8ace,b6b2e1d8-82af-4909-ae95-d3cd0185b9a7,c2,DROP,1007,?,i4,
1769091702.7970386,SENT,0a563748-647d-435e-b043-36cc0cc6077a,57c101b3-5216-4243-9b75-373855ede20d,c3,DROP,1020,?,i10,
1769091702.7971692,FORWARDED,0a563748-647d-435e-b043-36cc0cc6077a,57c101b3-5216-4243-9b75-373855ede20d,c3,DROP,1020,?,i10,
1769091702.8617897,RECEIVED,2700ab62-b084-4ed7-9dba-71a28a4f15f9,3473fb86-8933-47de-954e-f6391028eeb6,c4,c1,2038,p1,?,
1769091702.9096851,SENT,5143eb30-8559-482f-9e29-d2b2a3be6542,3bf69119-5b68-4f83-bb62-3eef119d0db6,c5,DROP,1007,?,i2,
1769091702.9098463,FORWARDED,5143eb30-8559-482f-9e29-d2b2a3be6542,3bf69119-5b68-4f83-bb62-3eef119d0db6,c5,DROP,1007,?,i2,
1769091703.031801,RECEIVED,cf3fabed-52df-4e34-9869-89507caa96ed,1bd1bd13-cdfd-4fec-aa78-337911075f0d,c4,DROP,1452,p1,?,
1769091703.2150362,RECEIVED,60fd170e-e479-4e7c-b655-42ec79db6977,636e28e0-54a3-478d-9619-2f1ee6db8086,c4,c1,2044,p1,?,
1769091703.2490063,RECEIVED,da5499b8-edc2-41ab-9a9e-88ac24cdaaae,d113f52c-f1c1-4dd0-a896-369afa340c14,c5,c4,2040,p2,?,
1769091703.258033,FORWARDED,cf3fabed-52df-4e34-9869-89507caa96ed,1bd1bd13-cdfd-4fec-aa78-337911075f0d,c4,DROP,1015,?,i6,
1769091703.3428543,RECEIVED,a5c24f34-6bb1-409a-8e8c-df2c64206aa3,e13c256e-40a0-44f3-8572-b672c9cb1c8e,c5,c4,2024,p2,?,
1769091703.347189,SENT,da5499b8-edc2-41ab-9a9e-88ac24cdaaae,d113f52c-f1c1-4dd0-a896-369afa340c14,c5,c4,1456,?,i1,
1769091703.3472307,FORWARDED,da5499b8-edc2-41ab-9a9e-88ac24cdaaae,d113f52c-f1c1-4dd0-a896-369afa340c14,c5,c4,1456,?,i1,
1769091703.3680394,SENT,60fd170e-e479-4e7c-b655-42ec79db6977,636e28e0-54a3-478d-9619-2f1ee6db8086,c4,c1,1460,?,i4,
1769091703.3680942,FORWARDED,60fd170e-e479-4e7c-b655-42ec79db6977,636e28e0-54a3-478d-9619-2f1ee6db8086,c4,c1,1460,?,i4,
1769091703.3762457,FORWARDED,2700ab62-b084-4ed7-9dba-71a28a4f15f9,3473fb86-8933-47de-954e-f6391028eeb6,c4,c1,1456,?,i6,
1769091703.3983822,SENT,a5c24f34-6bb1-409a-8e8c-df2c64206aa3,e13c256e-40a0-44f3-8572-b672c9cb1c8e,c5,c4,1446,?,i5,
1769091703.398431,FORWARDED,a5c24f34-6bb1-409a-8e8c-df2c64206aa3,e13c256e-40a0-44f3-8572-b672c9cb1c8e,c5,c4,1446,?,i5,
1769091703.9202847,RECEIVED,192fbeff-916b-4323-b522-fe0cbbbb45d7,274847ff-e867-4d6a-a750-2c3071ed925d,c2,c1,2024,p2,?,
1769091704.0020785,RECEIVED,be321e20-a502-4e52-b306-aea0d1a14da5,e73fc99b-74d0-4317-8911-94b5e57daddf,c2,DROP,1449,p2,?,
1769091704.1319847,RECEIVED,168b92ff-ce83-4479-afee-c8faf02cf5a3,55d458ac-3ecc-44f8-950b-63a374c595dc,c2,DROP,1447,p2,?,
1769091704.1587179,SENT,be321e20-a502-4e52-b306-aea0d1a14da5,e73fc99b-74d0-4317-8911-94b5e57daddf,c2,DROP,1012,?,i10,
1769091704.158761,FORWARDED,be321e20-a502-4e52-b306-aea0d1a14da5,e73fc99b-74d0-4317-8911-94b5e57daddf,c2,DROP,1012,?,i10,
1769091704.209749,FORWARDED,192fbeff-916b-4323-b522-fe0cbbbb45d7,274847ff-e867-4d6a-a750-2c3071ed925d,c2,c1,1444,?,i6,
1769091704.2692268,SENT,168b92ff-ce83-4479-afee-c8faf02cf5a3,55d458ac-3ecc-44f8-950b-63a374c595dc,c2,DROP,1012,?,i3,
1769091704.2692702,FORWARDED,168b92ff-ce83-4479-afee-c8faf02cf5a3,55d458ac-3ecc-44f8-950b-63a374c595dc,c2,DROP,1012,?,i3,
1769091704.3650606,RECEIVED,6721ea75-b611-41df-90b7-6a5ea299202d,2626f0fb-7a3e-48e2-890f-f62ad06cc73c,c3,DROP,1443,p3,?,
1769091704.550119,RECEIVED,bfa5f543-8a16-4bdd-bab5-630452de2e83,fc37df1d-c382-4cc5-b077-105331f8ba3f,c2,DROP,1454,p2,?,
1769091704.6106942,SENT,bfa5f543-8a16-4bdd-bab5-630452de2e83,fc37df1d-c382-4cc5-b077-105331f8ba3f,c2,DROP,1016,?,i12,
1769091704.6107311,FORWARDED,bfa5f543-8a16-4bdd-bab5-630452de2e83,fc37df1d-c382-4cc5-b077-105331f8ba3f,c2,DROP,1016,?,i12,
1769091704.7471595,RECEIVED,25973471-d62a-411d-a0ad-4ee290241341,fdf76351-9ab4-454d-8bd6-4a625626f340,c2,c1,2028,p2,?,
1769091704.8585863,RECEIVED,923c65d8-3788-46a4-8030-89bd6956f4f1,2d2f28c9-269b-452b-83a5-d29f390ddc17,c5,c4,2051,p2,?,
1769091704.871804,RECEIVED,b0dc1d11-8f02-4543-a836-6f1ce495d5ee,8426e48c-0d36-4a83-b0fc-0ba9754dcb93,c3,c4,2020,p3,?,
1769091705.067061,SENT,25973471-d62a-411d-a0ad-4ee290241341,fdf76351-9ab4-454d-8bd6-4a625626f340,c2,c1,1448,?,i12,
1769091705.0671046,FORWARDED,25973471-d62a-411d-a0ad-4ee290241341,fdf76351-9ab4-454d-8bd6-4a625626f340,c2,c1,1448,?,i12,
1769091705.241717,SENT,b0dc1d11-8f02-4543-a836-6f1ce495d5ee,8426e48c-0d36-4a83-b0fc-0ba9754dcb93,c3,c4,1443,?,i10,
1769091705.2417622,FORWARDED,b0dc1d11-8f02-4543-a836-6f1ce495d5ee,8426e48c-0d36-4a83-b0fc-0ba9754dcb93,c3,c4,1443,?,i10,
1769091705.4092581,RECEIVED,5f8df977-02d4-479a-8f06-2272398a0c0e,ef4c0325-0ea3-407d-8b00-74c1d924b1b8,c5,DROP,1461,p2,?,
1769091705.422398,RECEIVED,004e668e-8f28-4ca3-a27c-3356d32eb260,fad80a08-6cc8-4f4f-9189-51a92953e35c,c3,c4,2044,p3,?,
1769091705.4718688,RECEIVED,916c6807-7824-444e-9af1-067c7d09c525,cec6dedb-a707-4262-b91e-d8f1ea4c503c,c5,c4,2027,p2,?,
1769091705.557125,SENT,004e668e-8f28-4ca3-a27c-3356d32eb260,fad80a08-6cc8-4f4f-9189-51a92953e35c,c3,c4,1459,?,i4,
1769091705.5571733,FORWARDED,004e668e-8f28-4ca3-a27c-3356d32eb260,fad80a08-6cc8-4f4f-9189-51a92953e35c,c3,c4,1459,?,i4,
1769091705.5773966,SENT,5f8df977-02d4-479a-8f06-2272398a0c0e,ef4c0325-0ea3-407d-8b00-74c1d924b1b8,c5,DROP,1021,?,i10,
1769091705.5774403,FORWARDED,5f8df977-02d4-479a-8f06-2272398a0c0e,ef4c0325-0ea3-407d-8b00-74c1d924b1b8,c5,DROP,1021,?,i10,
1769091705.5887644,SENT,6721ea75-b611-41df-90b7-6a5ea299202d,2626f0fb-7a3e-48e2-890f-f62ad06cc73c,c3,DROP,1011,?,i4,
1769091705.5895581,FORWARDED,6721ea75-b611-41df-90b7-6a5ea299202d,2626f0fb-7a3e-48e2-890f-f62ad06cc73c,c3,DROP,1011,?,i4,
1769091705.6069312,FORWARDED,923c65d8-3788-46a4-8030-89bd6956f4f1,2d2f28c9-269b-452b-83a5-d29f390ddc17,c5,c4,1466,?,i6,
1769091705.649646,SENT,916c6807-7824-444e-9af1-067c7d09c525,cec6dedb-a707-4262-b91e-d8f1ea4c503c,c5,c4,1447,?,i2,
1769091705.6496952,FORWARDED,916c6807-7824-444e-9af1-067c7d09c525,cec6dedb-a707-4262-b91e-d8f1ea4c503c,c5,c4,1447,?,i2,
1769091705.7264252,RECEIVED,bcbba262-0936-4dc4-ae9a-c049307a39cb,88fde5a7-9821-416e-b39a-5f0d6e24a236,c1,DROP,446,x6,?,
1769091705.9390886,RECEIVED,9ba8afc6-e575-4f80-9f73-076a7f1ac919,9d7f2871-248b-4fc8-b608-998b04cc3a75,c5,c4,2040,p2,?,
1769091706.2486515,RECEIVED,120f3fee-7d9f-411b-bc5e-ef06c93c00b2,1ba6e08f-1107-4719-a0b6-085f2e43411e,c1,c5,2036,p1,?,
1769091706.3436546,SENT,120f3fee-7d9f-411b-bc5e-ef06c93c00b2,1ba6e08f-1107-4719-a0b6-085f2e43411e,c1,c5,1455,?,i5,
1769091706.343696,FORWARDED,120f3fee-7d9f-411b-bc5e-ef06c93c00b2,1ba6e08f-1107-4719-a0b6-085f2e43411e,c1,c5,1455,?,i5,
1769091706.5194938,RECEIVED,aa32f240-9d10-4420-ae2b-34840f8e10d4,6eebb242-3d64-4f5e-be60-44a8aa59592b,c2,DROP,1440,p2,?,
1769091706.614578,RECEIVED,d870cbbe-a80c-4942-8590-2b1f9dd59cde,c6142489-31e2-43ad-ba0b-d7439d45eb73,c2,c1,2049,p2,?,
1769091706.7038395,RECEIVED,e5baf6fa-fdcc-4efd-984a-abc90b30e340,e628817d-40b0-4834-9254-6793a0067a83,c3,c4,2036,p3,?,
1769091706.719983,SENT,d870cbbe-a80c-4942-8590-2b1f9dd59cde,c6142489-31e2-43ad-ba0b-d7439d45eb73,c2,c1,1463,?,i10,
1769091706.7201297,FORWARDED,d870cbbe-a80c-4942-8590-2b1f9dd59cde,c6142489-31e2-43ad-ba0b-d7439d45eb73,c2,c1,1463,?,i10,
1769091706.7668552,SENT,e5baf6fa-fdcc-4efd-984a-abc90b30e340,e628817d-40b0-4834-9254-6793a0067a83,c3,c4,1455,?,i11,
1769091706.7668972,FORWARDED,e5baf6fa-fdcc-4efd-984a-abc90b30e340,e628817d-40b0-4834-9254-6793a0067a83,c3,c4,1455,?,i11,
1769091706.8778286,SENT,aa32f240-9d10-4420-ae2b-34840f8e10d4,6eebb242-3d64-4f5e-be60-44a8aa59592b,c2,DROP,1007,?,i9,
1769091706.8778722,FORWARDED,aa32f240-9d10-4420-ae2b-34840f8e10d4,6eebb242-3d64-4f5e-be60-44a8aa59592b,c2,DROP,1007,?,i9,
1769091707.0149686,RECEIVED,79a6ea56-b505-49d2-9e12-3c3667506b95,11ad429f-6c04-4c90-8d58-8f1801d987c0,c2,c1,2040,p2,?,
1769091707.2537758,RECEIVED,c4e228b0-d5f7-4220-8940-928935a48afb,73ef578e-4200-4707-8938-2c5c0ec55909,c3,c4,2047,p3,?,
1769091707.2972517,RECEIVED,19e8486e-f84d-4642-b6e2-f6275f088398,7c03cbff-d0d6-4b59-bfa0-041498a9ddbf,c1,DROP,445,x9,?,
1769091707.3942802,SENT,79a6ea56-b505-49d2-9e12-3c3667506b95,11ad429f-6c04-4c90-8d58-8f1801d987c0,c2,c1,1457,?,i7,
1769091707.3943207,FORWARDED,79a6ea56-b505-49d2-9e12-3c3667506b95,11ad429f-6c04-4c90-8d58-8f1801d987c0,c2,c1,1457,?,i7,
1769091707.4064336,RECEIVED,fc5c3384-fdfc-4d8d-ac7b-f2de83a9db29,3a7592ee-5fb4-4699-a0fa-5085cd21bfe7,c5,c4,2045,p2,?,
1769091707.4955938,SENT,fc5c3384-fdfc-4d8d-ac7b-f2de83a9db29,3a7592ee-5fb4-4699-a0fa-5085cd21bfe7,c5,c4,1460,?,i10,
1769091707.495636,FORWARDED,fc5c3384-fdfc-4d8d-ac7b-f2de83a9db29,3a7592ee-5fb4-4699-a0fa-5085cd21bfe7,c5,c4,1460,?,i10,
1769091707.5208826,SENT,c4e228b0-d5f7-4220-8940-928935a48afb,73ef578e-4200-4707-8938-2c5c0ec55909,c3,c4,1464,?,i4,
1769091707.5209239,FORWARDED,c4e228b0-d5f7-4220-8940-928935a48afb,73ef578e-4200-4707-8938-2c5c0ec55909,c3,c4,1464,?,i4,
1769091707.5384197,RECEIVED,4781395d-2e60-4b78-bc9e-e53176ac807a,a07fcc01-742a-4bc7-9ea2-7101ca65baa8,c5,DROP,441,x4,?,
1769091707.5528133,RECEIVED,dd82ed85-ad5d-4135-849e-2a9a549b114f,251c4514-d64e-4180-924c-aec0d47d5d65,c4,c1,2044,p1,?,
1769091707.6007984,RECEIVED,7b0deb40-cdb9-4e01-84bc-8df53eb7f90c,aa4bd96e-522b-45bd-9425-8bf0227daafa,c3,c4,2040,p3,?,
1769091707.7150123,RECEIVED,7bc1a725-006f-47b6-987d-8cb8498977d0,27051f8a-7f75-4a77-8811-7a04a67fe1b4,c2,c1,2023,p2,?,
1769091707.8814507,SENT,9ba8afc6-e575-4f80-9f73-076a7f1ac919,9d7f2871-248b-4fc8-b608-998b04cc3a75,c5,c4,1456,?,i11,
1769091707.881499,FORWARDED,9ba8afc6-e575-4f80-9f73-076a7f1ac919,9d7f2871-248b-4fc8-b608-998b04cc3a75,c5,c4,1456,?,i11,
1769091707.990423,RECEIVED,8ec2c4b0-b227-44b1-91b6-9ecb04a51a89,a6df0753-1ec1-48d5-b08a-1fe56c66e729,c3,c4,2044,p3,?,
1769091708.049939,RECEIVED,f94ca26c-bc85-4285-903c-e6932def0805,cf6d25a4-82cc-4ec8-a555-b8b253556a03,c2,c1,2031,p2,?,
1769091708.1607811,RECEIVED,c8048a6f-c41e-41ad-8fbc-f766e2fbb532,367422d7-c610-4aa7-8e22-f9662e2ceaa1,c2,c1,2035,p2,?,
1769091708.315074,RECEIVED,d95b68a1-62a9-4494-9e80-914724c67fd8,cacb5450-4bda-4d91-bcde-878d1c83317a,c4,c1,2020,p1,?,
1769091708.32931,SENT,c8048a6f-c41e-41ad-8fbc-f766e2fbb532,367422d7-c610-4aa7-8e22-f9662e2ceaa1,c2,c1,1455,?,i3,
1769091708.3293517,FORWARDED,c8048a6f-c41e-41ad-8fbc-f766e2fbb532,367422d7-c610-4aa7-8e22-f9662e2ceaa1,c2,c1,1455,?,i3,
1769091708.447697,SENT,d95b68a1-62a9-4494-9e80-914724c67fd8,cacb5450-4bda-4d91-bcde-878d1c83317a,c4,c1,1443,?,i8,
1769091708.4477417,FORWARDED,d95b68a1-62a9-4494-9e80-914724c67fd8,cacb5450-4bda-4d91-bcde-878d1c83317a,c4,c1,1443,?,i8,
1769091708.588984,SENT,dd82ed85-ad5d-4135-849e-2a9a549b114f,251c4514-d64e-4180-924c-aec0d47d5d65,c4,c1,1459,?,i12,
1769091708.5890338,FORWARDED,dd82ed85-ad5d-4135-849e-2a9a549b114f,251c4514-d64e-4180-924c-aec0d47d5d65,c4,c1,1459,?,i12,
1769091708.9131267,RECEIVED,7e2b66b9-4eeb-41ba-ab7e-d4b0c82ba57f,3011bb14-354c-47aa-9854-4569af5bb4f5,c4,c1,2041,p1,?,
1769091708.9821818,RECEIVED,b9fd21f0-3a16-426a-a4e1-cfc2ef802fc4,c1cfcff0-f217-4099-b43a-8c0cb4d288d3,c5,c4,2043,p2,?,
1769091709.0261555,SENT,f94ca26c-bc85-4285-903c-e6932def0805,cf6d25a4-82cc-4ec8-a555-b8b253556a03,c2,c1,1451,?,i3,
1769091709.026198,FORWARDED,f94ca26c-bc85-4285-903c-e6932def0805,cf6d25a4-82cc-4ec8-a555-b8b253556a03,c2,c1,1451,?,i3,
1769091709.0727835,RECEIVED,1517d53d-2414-4e0e-a992-fa2773d5a6b8,a5b207bf-2d73-47a3-ac1e-761c9e53572e,c1,DROP,1440,p1,?,
1769091709.0750659,RECEIVED,d18d5915-0262-49d3-aec6-1b78eba232c7,6be9eba5-561c-4f4c-8354-e8d199cd51a0,c2,DROP,1457,p2,?,
1769091709.1971068,SENT,d18d5915-0262-49d3-aec6-1b78eba232c7,6be9eba5-561c-4f4c-8354-e8d199cd51a0,c2,DROP,1019,?,i11,
1769091709.197149,FORWARDED,d18d5915-0262-49d3-aec6-1b78eba232c7,6be9eba5-561c-4f4c-8354-e8d199cd51a0,c2,DROP,1019,?,i11,
1769091709.2006896,SENT,7b0deb40-cdb9-4e01-84bc-8df53eb7f90c,aa4bd96e-522b-45bd-9425-8bf0227daafa,c3,c4,1456,?,i10,
1769091709.2007298,FORWARDED,7b0deb40-cdb9-4e01-84bc-8df53eb7f90c,aa4bd96e-522b-45bd-9425-8bf0227daafa,c3,c4,1456,?,i10,
1769091709.2497978,RECEIVED,a2d3b209-7f4c-49a9-a660-b9b69da16c1b,55becc6b-c0b0-4b97-a957-573c76a4d5b4,c2,DROP,1459,p2,?,
1769091709.3380442,RECEIVED,f26add09-9427-42f0-b4b1-7e3d47505c69,d97fe1f7-f1ca-41ad-aa96-0c22a2dc52f8,c3,c4,2035,p3,?,
1769091709.3966498,RECEIVED,592a224d-0fc6-4f1f-8614-cd9ddfe0ccc6,ced40f0c-2d27-4a84-9701-0ec8802df080,c5,c4,2047,p2,?,
1769091709.4059346,SENT,7e2b66b9-4eeb-41ba-ab7e-d4b0c82ba57f,3011bb14-354c-47aa-9854-4569af5bb4f5,c4,c1,1456,?,i11,
1769091709.4059753,FORWARDED,7e2b66b9-4eeb-41ba-ab7e-d4b0c82ba57f,3011bb14-354c-47aa-9854-4569af5bb4f5,c4,c1,1456,?,i11,
1769091709.441452,RECEIVED,0b31b32e-cefb-432f-8b82-4910da53ddd3,fe814c86-2b92-47a6-b39b-de958bfcb363,c1,DROP,1450,p1,?,
1769091709.4808402,RECEIVED,2e73ee27-d899-4ea5-8a04-86574916ea09,6560766a-9783-458d-8e64-4f1716732d13,c4,c1,2027,p1,?,
1769091709.4942522,FORWARDED,1517d53d-2414-4e0e-a992-fa2773d5a6b8,a5b207bf-2d73-47a3-ac1e-761c9e53572e,c1,DROP,1007,?,i6,
1769091709.5397067,FORWARDED,7bc1a725-006f-47b6-987d-8cb8498977d0,27051f8a-7f75-4a77-8811-7a04a67fe1b4,c2,c1,1446,?,i6,
1769091709.6751156,RECEIVED,4936be6c-1835-4c6a-ae73-13bf1449850f,90e44bef-ee25-49d4-9371-fbf9ea5fc0b6,c1,c5,2024,p1,?,
1769091709.688172,SENT,0b31b32e-cefb-432f-8b82-4910da53ddd3,fe814c86-2b92-47a6-b39b-de958bfcb363,c1,DROP,1016,?,i3,
1769091709.6883786,FORWARDED,0b31b32e-cefb-432f-8b82-4910da53ddd3,fe814c86-2b92-47a6-b39b-de958bfcb363,c1,DROP,1016,?,i3,
1769091709.7708209,RECEIVED,dba3a077-0b77-4578-a3aa-8468047513c7,d1868e16-5a48-4e34-a6af-968575b0ba68,c5,DROP,441,x1,?,
1769091709.7801394,SENT,8ec2c4b0-b227-44b1-91b6-9ecb04a51a89,a6df0753-1ec1-48d5-b08a-1fe56c66e729,c3,c4,1459,?,i12,
1769091709.78018,FORWARDED,8ec2c4b0-b227-44b1-91b6-9ecb04a51a89,a6df0753-1ec1-48d5-b08a-1fe56c66e729,c3,c4,1459,?,i12,
1769091709.786179,RECEIVED,01c4ae3a-d320-48e9-aa4b-782099655275,15d48135-4703-432d-b832-e23b5a57e869,c1,c5,2032,p1,?,
1769091709.8118157,SENT,b9fd21f0-3a16-426a-a4e1-cfc2ef802fc4,c1cfcff0-f217-4099-b43a-8c0cb4d288d3,c5,c4,1459,?,i7,
1769091709.811963,FORWARDED,b9fd21f0-3a16-426a-a4e1-cfc2ef802fc4,c1cfcff0-f217-4099-b43a-8c0cb4d288d3,c5,c4,1459,?,i7,
1769091709.8685086,SENT,01c4ae3a-d320-48e9-aa4b-782099655275,15d48135-4703-432d-b832-e23b5a57e869,c1,c5,1451,?,i3,
1769091709.8685484,FORWARDED,01c4ae3a-d320-48e9-aa4b-782099655275,15d48135-4703-432d-b832-e23b5a57e869,c1,c5,1451,?,i3,
1769091709.9466982,SENT,4936be6c-1835-4c6a-ae73-13bf1449850f,90e44bef-ee25-49d4-9371-fbf9ea5fc0b6,c1,c5,1445,?,i4,
1769091709.9467382,FORWARDED,4936be6c-1835-4c6a-ae73-13bf1449850f,90e44bef-ee25-49d4-9371-fbf9ea5fc0b6,c1,c5,1445,?,i4,
1769091710.040368,FORWARDED,592a224d-0fc6-4f1f-8614-cd9ddfe0ccc6,ced40f0c-2d27-4a84-9701-0ec8802df080,c5,c4,1463,?,i6,
1769091710.0419235,RECEIVED,ced56142-aa53-4955-8a96-25b8821e2831,85637a03-4bb0-4e46-8f3c-e9a0aa44f34c,c4,DROP,1448,p1,?,
1769091710.1438026,SENT,ced56142-aa53-4955-8a96-25b8821e2831,85637a03-4bb0-4e46-8f3c-e9a0aa44f34c,c4,DROP,1012,?,i4,
1769091710.14384,FORWARDED,ced56142-aa53-4955-8a96-25b8821e2831,85637a03-4bb0-4e46-8f3c-e9a0aa44f34c,c4,DROP,1012,?,i4,
1769091710.1914074,SENT,f26add09-9427-42f0-b4b1-7e3d47505c69,d97fe1f7-f1ca-41ad-aa96-0c22a2dc52f8,c3,c4,1455,?,i2,
1769091710.1917098,FORWARDED,f26add09-9427-42f0-b4b1-7e3d47505c69,d97fe1f7-f1ca-41ad-aa96-0c22a2dc52f8,c3,c4,1455,?,i2,
1769091710.2046006,SENT,2e73ee27-d899-4ea5-8a04-86574916ea09,6560766a-9783-458d-8e64-4f1716732d13,c4,c1,1448,?,i8,
1769091710.2046413,FORWARDED,2e73ee27-d899-4ea5-8a04-86574916ea09,6560766a-9783-458d-8e64-4f1716732d13,c4,c1,1448,?,i8,
1769091710.2315047,SENT,a2d3b209-7f4c-49a9-a660-b9b69da16c1b,55becc6b-c0b0-4b97-a957-573c76a4d5b4,c2,DROP,1021,?,i9,
1769091710.2315528,FORWARDED,a2d3b209-7f4c-49a9-a660-b9b69da16c1b,55becc6b-c0b0-4b97-a957-573c76a4d5b4,c2,DROP,1021,?,i9,
1769091710.4287784,RECEIVED,324ede73-dc19-45f4-9227-1b0cfb565188,fbbc5980-09c1-4666-84f5-52e922fee0cb,c4,DROP,1442,p1,?,
1769091710.4401228,FORWARDED,324ede73-dc19-45f4-9227-1b0cfb565188,fbbc5980-09c1-4666-84f5-52e922fee0cb,c4,DROP,1008,?,i6,
1769091711.0503144,RECEIVED,975eb293-7166-45bd-82d9-5ad3dc997770,999f3f2c-c6db-4980-bf78-8ee5b72a17ed,c1,c5,2043,p1,?,
1769091711.2497585,RECEIVED,9f70ab9b-c593-4ab5-b69a-ee8dc09f51fc,ea0584cc-d372-4907-b9ff-f424289e29a5,c1,c5,2034,p1,?,
1769091711.371367,SENT,975eb293-7166-45bd-82d9-5ad3dc997770,999f3f2c-c6db-4980-bf78-8ee5b72a17ed,c1,c5,1460,?,i1,
1769091711.3714097,FORWARDED,975eb293-7166-45bd-82d9-5ad3dc997770,999f3f2c-c6db-4980-bf78-8ee5b72a17ed,c1,c5,1460,?,i1,
1769091711.4747822,RECEIVED,d7809b6a-063e-45a2-ba1a-cd8a18a17049,49da40d2-a841-476b-9ec6-31c21ddc4ea2,c1,c5,2035,p1,?,
1769091711.476639,RECEIVED,9475963c-8fa5-4e1f-899e-29df2cee21dd,1db11d83-6a89-48f1-9af9-a4b1b78b32fc,c3,c4,2034,p3,?,
1769091711.668075,SENT,9475963c-8fa5-4e1f-899e-29df2cee21dd,1db11d83-6a89-48f1-9af9-a4b1b78b32fc,c3,c4,1455,?,i9,
1769091711.6683362,FORWARDED,9475963c-8fa5-4e1f-899e-29df2cee21dd,1db11d83-6a89-48f1-9af9-a4b1b78b32fc,c3,c4,1455,?,i9,
1769091711.7146025,RECEIVED,6ff66339-1b89-49b5-a944-7e7e09fd60f1,1be269af-193f-4e76-8f10-cb2ee36ecdfc,c5,c4,2024,p2,?,
1769091712.0508828,RECEIVED,cd21b080-6aa8-4ba6-82e3-8b4414e5e643,13fa9e4e-c24f-481c-a4d7-3f1bdb821e5f,c2,c1,2039,p2,?,
1769091712.0808346,RECEIVED,f59b4b16-1327-4baa-bfd4-9877e3702dbb,33627d5b-9e5c-474f-a011-31ef1ad2a543,c5,c4,2041,p2,?,
1769091712.095308,FORWARDED,6ff66339-1b89-49b5-a944-7e7e09fd60f1,1be269af-193f-4e76-8f10-cb2ee36ecdfc,c5,c4,1444,?,i6,
1769091712.1227016,RECEIVED,40cf2785-a215-4e6e-ae05-6d0db7b6972c,5a093b9a-cb4b-4018-91b6-db8fd48d9a3e,c4,c1,2024,p1,?,
1769091712.1856997,RECEIVED,e1e64f4b-cc3e-4f7d-98b8-703150a6db26,8389ba05-b754-44b7-adab-a77aa9678c18,c2,c1,2032,p2,?,
1769091712.2064855,SENT,f59b4b16-1327-4baa-bfd4-9877e3702dbb,33627d5b-9e5c-474f-a011-31ef1ad2a543,c5,c4,1456,?,i12,
1769091712.2065296,FORWARDED,f59b4b16-1327-4baa-bfd4-9877e3702dbb,33627d5b-9e5c-474f-a011-31ef1ad2a543,c5,c4,1456,?,i12,
1769091712.2272935,FORWARDED,40cf2785-a215-4e6e-ae05-6d0db7b6972c,5a093b9a-cb4b-4018-91b6-db8fd48d9a3e,c4,c1,1445,?,i6,
1769091712.2777598,RECEIVED,eb023b9b-e404-4410-97b0-dfd9b4f819d6,cef9847d-b303-4dd9-8465-b0e1d466c6a3,c2,DROP,1440,p2,?,
1769091712.3013744,SENT,e1e64f4b-cc3e-4f7d-98b8-703150a6db26,8389ba05-b754-44b7-adab-a77aa9678c18,c2,c1,1452,?,i9,
1769091712.3014152,FORWARDED,e1e64f4b-cc3e-4f7d-98b8-703150a6db26,8389ba05-b754-44b7-adab-a77aa9678c18,c2,c1,1452,?,i9,
1769091712.3465729,SENT,9f70ab9b-c593-4ab5-b69a-ee8dc09f51fc,ea0584cc-d372-4907-b9ff-f424289e29a5,c1,c5,1455,?,i2,
1769091712.346617,FORWARDED,9f70ab9b-c593-4ab5-b69a-ee8dc09f51fc,ea0584cc-d372-4907-b9ff-f424289e29a5,c1,c5,1455,?,i2,
1769091712.452112,RECEIVED,10487e73-1fc1-4b9d-9607-d95c369d6216,274af162-1110-4360-a143-e456db07c186,c4,c1,2043,p1,?,
1769091712.497571,RECEIVED,5da2c080-db5a-4de7-abd8-4111c57b3d5b,c742a1a9-756a-4c9a-a271-ba727e4eae13,c2,c1,2043,p2,?,
1769091712.6427402,SENT,cd21b080-6aa8-4ba6-82e3-8b4414e5e643,13fa9e4e-c24f-481c-a4d7-3f1bdb821e5f,c2,c1,1456,?,i9,
1769091712.642786,FORWARDED,cd21b080-6aa8-4ba6-82e3-8b4414e5e643,13fa9e4e-c24f-481c-a4d7-3f1bdb821e5f,c2,c1,1456,?,i9,
1769091712.6686554,FORWARDED,d7809b6a-063e-45a2-ba1a-cd8a18a17049,49da40d2-a841-476b-9ec6-31c21ddc4ea2,c1,c5,1455,?,i6,
1769091712.7588954,SENT,eb023b9b-e404-4410-97b0-dfd9b4f819d6,cef9847d-b303-4dd9-8465-b0e1d466c6a3,c2,DROP,1008,?,i1,
1769091712.7589438,FORWARDED,eb023b9b-e404-4410-97b0-dfd9b4f819d6,cef9847d-b303-4dd9-8465-b0e1d466c6a3,c2,DROP,1008,?,i1,
1769091712.8016405,SENT,10487e73-1fc1-4b9d-9607-d95c369d6216,274af162-1110-4360-a143-e456db07c186,c4,c1,1459,?,i8,
1769091712.8016787,FORWARDED,10487e73-1fc1-4b9d-9607-d95c369d6216,274af162-1110-4360-a143-e456db07c186,c4,c1,1459,?,i8,
1769091712.842275,RECEIVED,cbbd93f6-fbce-4d09-b682-2cfd349d8cf1,99bcb4bd-db5d-42d3-a7cf-64bc6d26cf11,c3,c4,2040,p3,?,
1769091713.005786,RECEIVED,2a6521fb-cf5f-4dce-a47d-cf91bdf63a98,93a1fb6a-82eb-443c-88c6-0b7462fa42d7,c4,c1,2028,p1,?,
1769091713.286887,SENT,cbbd93f6-fbce-4d09-b682-2cfd349d8cf1,99bcb4bd-db5d-42d3-a7cf-64bc6d26cf11,c3,c4,1456,?,i7,
1769091713.2869287,FORWARDED,cbbd93f6-fbce-4d09-b682-2cfd349d8cf1,99bcb4bd-db5d-42d3-a7cf-64bc6d26cf11,c3,c4,1456,?,i7,
1769091713.4954426,SENT,2a6521fb-cf5f-4dce-a47d-cf91bdf63a98,93a1fb6a-82eb-443c-88c6-0b7462fa42d7,c4,c1,1448,?,i2,
1769091713.495505,FORWARDED,2a6521fb-cf5f-4dce-a47d-cf91bdf63a98,93a1fb6a-82eb-443c-88c6-0b7462fa42d7,c4,c1,1448,?,i2,
1769091713.521897,SENT,5da2c080-db5a-4de7-abd8-4111c57b3d5b,c742a1a9-756a-4c9a-a271-ba727e4eae13,c2,c1,1460,?,i12,
1769091713.521934,FORWARDED,5da2c080-db5a-4de7-abd8-4111c57b3d5b,c742a1a9-756a-4c9a-a271-ba727e4eae13,c2,c1,1460,?,i12,
1769091713.7248037,RECEIVED,b94847a7-c1b9-400f-b80b-811e729fdd52,a7a57181-a762-4970-8b10-2837ede0f0bc,c2,DROP,1440,p2,?,
1769091713.7678955,SENT,b94847a7-c1b9-400f-b80b-811e729fdd52,a7a57181-a762-4970-8b10-2837ede0f0bc,c2,DROP,1006,?,i7,
1769091713.768298,FORWARDED,b94847a7-c1b9-400f-b80b-811e729fdd52,a7a57181-a762-4970-8b10-2837ede0f0bc,c2,DROP,1006,?,i7,
1769091713.8815532,RECEIVED,3ce2971c-f20a-4e37-8af9-c86f1084cf2c,90bd420d-5a0f-4591-a87d-95bde109e631,c4,c1,2036,p1,?,
1769091714.4553845,RECEIVED,690fd257-3da2-4103-867d-6d9cbe6c7628,595b544b-5a55-4aff-8b12-74779d418e82,c5,DROP,1439,p2,?,
1769091714.463767,RECEIVED,0291035b-fdac-4cbe-8066-e60999d50f00,95b0660b-64a5-4326-92ee-f3f75b1235c7,c1,c5,2041,p1,?,
1769091714.4969976,RECEIVED,4bc7b59f-4fcf-4ec8-b0d6-252240c2d399,baf87cc0-7c20-41cf-8cd1-c4c84d8b6a68,c5,DROP,1439,p2,?,
1769091714.5051217,SENT,0291035b-fdac-4cbe-8066-e60999d50f00,95b0660b-64a5-4326-92ee-f3f75b1235c7,c1,c5,1456,?,i10,
1769091714.5051632,FORWARDED,0291035b-fdac-4cbe-8066-e60999d50f00,95b0660b-64a5-4326-92ee-f3f75b1235c7,c1,c5,1456,?,i10,
1769091714.7275658,RECEIVED,336e64e0-dd77-4448-89c9-2d3252802be4,2d0acac5-1f2b-42e6-b729-8a7789cbaae1,c4,c1,2028,p1,?,
1769091714.7564714,RECEIVED,a55cce69-904a-43bc-8421-05beca946e1f,bb74f13b-7df3-4c80-887e-9efde904cd21,c3,DROP,446,x4,?,
1769091714.8250918,RECEIVED,1ade67a0-3a6f-4530-a777-7daee29a66a0,5c7404bf-6e9f-4322-aca6-8d92c0dde246,c2,DROP,1455,p2,?,
1769091714.903313,RECEIVED,6c6ebdbb-b22a-4775-974e-7cb5507c2ad0,0316e3af-d063-497f-b142-17c49c69f833,c2,c1,2039,p2,?,
1769091714.930217,SENT,336e64e0-dd77-4448-89c9-2d3252802be4,2d0acac5-1f2b-42e6-b729-8a7789cbaae1,c4,c1,1447,?,i2,
1769091714.9302554,FORWARDED,336e64e0-dd77-4448-89c9-2d3252802be4,2d0acac5-1f2b-42e6-b729-8a7789cbaae1,c4,c1,1447,?,i2,
1769091714.9599304,RECEIVED,5e5307aa-3817-4602-8cef-d9600ce6de1a,1559987e-351a-4373-87de-7d37cd7591ef,c5,c4,2039,p2,?,
1769091714.9629223,RECEIVED,c69c89c0-5cbe-42c6-80ed-abf1e53faaec,72b009b4-fd10-42da-a556-d6bc33877cb0,c3,c4,2020,p3,?,
1769091715.0936985,SENT,6c6ebdbb-b22a-4775-974e-7cb5507c2ad0,0316e3af-d063-497f-b142-17c49c69f833,c2,c1,1457,?,i2,
1769091715.09374,FORWARDED,6c6ebdbb-b22a-4775-974e-7cb5507c2ad0,0316e3af-d063-497f-b142-17c49c69f833,c2,c1,1457,?,i2,
1769091715.152028,SENT,690fd257-3da2-4103-867d-6d9cbe6c7628,595b544b-5a55-4aff-8b12-74779d418e82,c5,DROP,1008,?,i1,
1769091715.1520803,FORWARDED,690fd257-3da2-4103-867d-6d9cbe6c7628,595b544b-5a55-4aff-8b12-74779d418e82,c5,DROP,1008,?,i1,
1769091715.178964,SENT,c69c89c0-5cbe-42c6-80ed-abf1e53faaec,72b009b4-fd10-42da-a556-d6bc33877cb0,c3,c4,1442,?,i1,
1769091715.1790054,FORWARDED,c69c89c0-5cbe-42c6-80ed-abf1e53faaec,72b009b4-fd10-42da-a556-d6bc33877cb0,c3,c4,1442,?,i1,
1769091715.20123,RECEIVED,efffc4c7-1c15-4eb1-97c9-f11cdee81464,3c105089-615b-4240-b36b-0eb46edd764c,c5,DROP,441,x4,?,
1769091715.365681,RECEIVED,ecaabc82-0045-45b4-b453-7fe6e4e242b6,cbc098fd-8a03-4886-b6f6-a4818802eecd,c5,c4,2026,p2,?,
1769091715.4243317,SENT,3ce2971c-f20a-4e37-8af9-c86f1084cf2c,90bd420d-5a0f-4591-a87d-95bde109e631,c4,c1,1455,?,i11,
1769091715.4243963,FORWARDED,3ce2971c-f20a-4e37-8af9-c86f1084cf2c,90bd420d-5a0f-4591-a87d-95bde109e631,c4,c1,1455,?,i11,
1769091715.5852666,RECEIVED,e4908ee4-1e28-4176-b9c1-5d97502aa07e,df54fb82-9d9e-48a7-a8d6-1afb7212069f,c5,c4,2039,p2,?,
1769091715.627093,RECEIVED,5bce01c3-e795-4882-9a33-62f68b471f6d,db15fe0b-8686-40bb-ab8a-2fc2054a0414,c1,DROP,1459,p1,?,
1769091715.7033792,FORWARDED,5e5307aa-3817-4602-8cef-d9600ce6de1a,1559987e-351a-4373-87de-7d37cd7591ef,c5,c4,1456,?,i6,
1769091715.7380793,SENT,5bce01c3-e795-4882-9a33-62f68b471f6d,db15fe0b-8686-40bb-ab8a-2fc2054a0414,c1,DROP,1021,?,i4,
1769091715.7381318,FORWARDED,5bce01c3-e795-4882-9a33-62f68b471f6d,db15fe0b-8686-40bb-ab8a-2fc2054a0414,c1,DROP,1021,?,i4,
1769091715.8527224,RECEIVED,130ad7a7-89c1-492f-9687-1501e9f39d0d,f9667158-5a72-4519-acab-eb36fc196a8d,c3,c4,2021,p3,?,
1769091715.947961,SENT,130ad7a7-89c1-492f-9687-1501e9f39d0d,f9667158-5a72-4519-acab-eb36fc196a8d,c3,c4,1443,?,i3,
1769091715.9480004,FORWARDED,130ad7a7-89c1-492f-9687-1501e9f39d0d,f9667158-5a72-4519-acab-eb36fc196a8d,c3,c4,1443,?,i3,
1769091716.0238729,SENT,1ade67a0-3a6f-4530-a777-7daee29a66a0,5c7404bf-6e9f-4322-aca6-8d92c0dde246,c2,DROP,1020,?,i11,
1769091716.0239148,FORWARDED,1ade67a0-3a6f-4530-a777-7daee29a66a0,5c7404bf-6e9f-4322-aca6-8d92c0dde246,c2,DROP,1020,?,i11,
1769091716.0924764,SENT,ecaabc82-0045-45b4-b453-7fe6e4e242b6,cbc098fd-8a03-4886-b6f6-a4818802eecd,c5,c4,1447,?,i7,
1769091716.0925183,FORWARDED,ecaabc82-0045-45b4-b453-7fe6e4e242b6,cbc098fd-8a03-4886-b6f6-a4818802eecd,c5,c4,1447,?,i7,
1769091716.5087314,SENT,4bc7b59f-4fcf-4ec8-b0d6-252240c2d399,baf87cc0-7c20-41cf-8cd1-c4c84d8b6a68,c5,DROP,1008,?,i10,
1769091716.5087724,FORWARDED,4bc7b59f-4fcf-4ec8-b0d6-252240c2d399,baf87cc0-7c20-41cf-8cd1-c4c84d8b6a68,c5,DROP,1008,?,i10,
1769091716.556831,RECEIVED,f803622c-cab9-45e6-8abb-123dce48d4f2,93f1cb64-ac81-4c35-a7f1-35b0a49dfa71,c2,c1,2035,p2,?,
1769091716.5606415,RECEIVED,fdbd5401-91d7-4b4a-9eee-11977d763797,88a9a7ee-7507-44ef-93a6-2e25551a3a35,c2,c1,2045,p2,?,
1769091716.772767,RECEIVED,0bb9289a-df95-474c-a396-de8b5334e564,305c26bb-7f47-4cbe-9bc0-7d192721136a,c3,DROP,1443,p3,?,
1769091716.7794952,SENT,e4908ee4-1e28-4176-b9c1-5d97502aa07e,df54fb82-9d9e-48a7-a8d6-1afb7212069f,c5,c4,1456,?,i1,
1769091716.779537,FORWARDED,e4908ee4-1e28-4176-b9c1-5d97502aa07e,df54fb82-9d9e-48a7-a8d6-1afb7212069f,c5,c4,1456,?,i1,
1769091716.8315132,SENT,f803622c-cab9-45e6-8abb-123dce48d4f2,93f1cb64-ac81-4c35-a7f1-35b0a49dfa71,c2,c1,1455,?,i10,
1769091716.831554,FORWARDED,f803622c-cab9-45e6-8abb-123dce48d4f2,93f1cb64-ac81-4c35-a7f1-35b0a49dfa71,c2,c1,1455,?,i10,
1769091717.0642638,SENT,fdbd5401-91d7-4b4a-9eee-11977d763797,88a9a7ee-7507-44ef-93a6-2e25551a3a35,c2,c1,1459,?,i12,
1769091717.0643058,FORWARDED,fdbd5401-91d7-4b4a-9eee-11977d763797,88a9a7ee-7507-44ef-93a6-2e25551a3a35,c2,c1,1459,?,i12,
1769091717.2466207,RECEIVED,176268d1-1947-4a21-8cec-b59a70682cad,be931483-7e8b-4bdf-88eb-5818b1164559,c4,c1,2020,p1,?,
1769091717.3929954,RECEIVED,789f69f9-b1e5-40fb-b3bc-b54385f8a1f2,7d63a279-23db-479f-8a6d-9949b3182fb6,c2,c1,2029,p2,?,
1769091717.448499,RECEIVED,cc5c6b52-34e2-4471-83f2-261c90d050fa,4d03e202-ae98-48de-9610-bcc2e66e0c21,c1,c5,2056,p1,?,
1769091717.46729,SENT,789f69f9-b1e5-40fb-b3bc-b54385f8a1f2,7d63a279-23db-479f-8a6d-9949b3182fb6,c2,c1,1447,?,i8,
1769091717.4673338,FORWARDED,789f69f9-b1e5-40fb-b3bc-b54385f8a1f2,7d63a279-23db-479f-8a6d-9949b3182fb6,c2,c1,1447,?,i8,
1769091717.473144,SENT,cc5c6b52-34e2-4471-83f2-261c90d050fa,4d03e202-ae98-48de-9610-bcc2e66e0c21,c1,c5,1468,?,i8,
1769091717.4732213,FORWARDED,cc5c6b52-34e2-4471-83f2-261c90d050fa,4d03e202-ae98-48de-9610-bcc2e66e0c21,c1,c5,1468,?,i8,
1769091717.5926368,SENT,176268d1-1947-4a21-8cec-b59a70682cad,be931483-7e8b-4bdf-88eb-5818b1164559,c4,c1,1443,?,i5,
1769091717.5926778,FORWARDED,176268d1-1947-4a21-8cec-b59a70682cad,be931483-7e8b-4bdf-88eb-5818b1164559,c4,c1,1443,?,i5,
1769091717.708897,SENT,0bb9289a-df95-474c-a396-de8b5334e564,305c26bb-7f47-4cbe-9bc0-7d192721136a,c3,DROP,1011,?,i1,
1769091717.70894,FORWARDED,0bb9289a-df95-474c-a396-de8b5334e564,305c26bb-7f47-4cbe-9bc0-7d192721136a,c3,DROP,1011,?,i1,
1769091718.1432734,RECEIVED,d41731e0-4d5a-4cd8-84de-a06e1233fb0c,44514732-b216-491e-8b81-4b76b234eaad,c3,c4,2036,p3,?,
1769091718.2407892,RECEIVED,b4808378-6294-4356-ba20-58bd61e7b4d1,51a33bef-272e-457a-a632-04f60d682375,c5,DROP,1443,p2,?,
1769091718.580291,RECEIVED,9d7959f8-dac1-4a2b-bc47-51d38eac3216,94e519e1-b409-4d66-81dd-b771101273a0,c4,c1,2023,p1,?,
1769091718.5927985,RECEIVED,dab776a2-c068-4c1d-8158-f7b70f817316,5dd31e2a-24ea-4d38-9dd5-48b4d5c7ca88,c2,c1,2036,p2,?,
1769091718.6991336,SENT,9d7959f8-dac1-4a2b-bc47-51d38eac3216,94e519e1-b409-4d66-81dd-b771101273a0,c4,c1,1444,?,i2,
1769091718.699174,FORWARDED,9d7959f8-dac1-4a2b-bc47-51d38eac3216,94e519e1-b409-4d66-81dd-b771101273a0,c4,c1,1444,?,i2,
1769091718.809096,SENT,dab776a2-c068-4c1d-8158-f7b70f817316,5dd31e2a-24ea-4d38-9dd5-48b4d5c7ca88,c2,c1,1454,?,i5,
1769091718.8091593,FORWARDED,dab776a2-c068-4c1d-8158-f7b70f817316,5dd31e2a-24ea-4d38-9dd5-48b4d5c7ca88,c2,c1,1454,?,i5,
1769091718.91118,SENT,d41731e0-4d5a-4cd8-84de-a06e1233fb0c,44514732-b216-491e-8b81-4b76b234eaad,c3,c4,1455,?,i12,
1769091718.9112248,FORWARDED,d41731e0-4d5a-4cd8-84de-a06e1233fb0c,44514732-b216-491e-8b81-4b76b234eaad,c3,c4,1455,?,i12,
1769091719.0541043,RECEIVED,3c09adf8-913f-476a-aa96-9bc69a0c3295,9d5d1336-9957-4aa7-b506-93173033d032,c2,c1,2029,p2,?,
1769091719.1171577,SENT,3c09adf8-913f-476a-aa96-9bc69a0c3295,9d5d1336-9957-4aa7-b506-93173033d032,c2,c1,1448,?,i1,
1769091719.1171966,FORWARDED,3c09adf8-913f-476a-aa96-9bc69a0c3295,9d5d1336-9957-4aa7-b506-93173033d032,c2,c1,1448,?,i1,
1769091719.1713705,SENT,b4808378-6294-4356-ba20-58bd61e7b4d1,51a33bef-272e-457a-a632-04f60d682375,c5,DROP,1011,?,i2,
1769091719.171411,FORWARDED,b4808378-6294-4356-ba20-58bd61e7b4d1,51a33bef-272e-457a-a632-04f60d682375,c5,DROP,1011,?,i2,
1769091719.177326,RECEIVED,3ae87fe4-6538-454f-bd32-dabbc10fc24a,01ba8e66-aad0-44d3-ba0a-e5181c3d2321,c5,DROP,1440,p2,?,
1769091719.286752,SENT,3ae87fe4-6538-454f-bd32-dabbc10fc24a,01ba8e66-aad0-44d3-ba0a-e5181c3d2321,c5,DROP,1008,?,i3,
1769091719.2867932,FORWARDED,3ae87fe4-6538-454f-bd32-dabbc10fc24a,01ba8e66-aad0-44d3-ba0a-e5181c3d2321,c5,DROP,1008,?,i3,
1769091719.5158062,RECEIVED,096da0e0-57b3-4c81-8bc4-5bade7682fb8,325a4667-7082-430b-ab92-bc7d3757ff0f,c4,c1,2019,p1,?,
1769091719.541295,RECEIVED,20760154-f166-43f7-aac6-cdff8d0b09e2,497ac563-e6a9-4fdb-993a-7e7dfedb55bd,c1,c5,2044,p1,?,
1769091719.5720305,RECEIVED,62077d79-5290-4b93-a23c-1bec28e82039,7e6b6401-d9a1-4410-94de-64b97207bdf7,c3,c4,2036,p3,?,
1769091719.639196,RECEIVED,68f199f2-7ab3-4a38-bda3-e5033b022ed1,75343782-cffd-4c6a-8631-1c85f2f94f38,c3,c4,2037,p3,?,
1769091719.6416981,RECEIVED,94ae3c22-e6c6-4ff0-81bb-a4f62de483c1,c02553c2-0c9f-4b75-a3ff-1e674d3a183b,c5,c4,2041,p2,?,
1769091719.6872678,SENT,62077d79-5290-4b93-a23c-1bec28e82039,7e6b6401-d9a1-4410-94de-64b97207bdf7,c3,c4,1455,?,i8,
1769091719.6875002,FORWARDED,62077d79-5290-4b93-a23c-1bec28e82039,7e6b6401-d9a1-4410-94de-64b97207bdf7,c3,c4,1455,?,i8,
1769091719.7504287,RECEIVED,2de86e1f-beb3-464f-839b-6485e15510ff,4b7a9f2b-81f7-49bb-be9c-acc6f363f2e2,c5,c4,2055,p2,?,
1769091719.7691967,RECEIVED,73e9022d-ae1e-4c77-8bf5-26f076ccb197,989a8534-63bd-4e90-aa38-e2a682a2a3d9,c3,c4,2041,p3,?,
1769091719.8239162,SENT,94ae3c22-e6c6-4ff0-81bb-a4f62de483c1,c02553c2-0c9f-4b75-a3ff-1e674d3a183b,c5,c4,1458,?,i10,
1769091719.8239563,FORWARDED,94ae3c22-e6c6-4ff0-81bb-a4f62de483c1,c02553c2-0c9f-4b75-a3ff-1e674d3a183b,c5,c4,1458,?,i10,
1769091719.8364384,SENT,20760154-f166-43f7-aac6-cdff8d0b09e2,497ac563-e6a9-4fdb-993a-7e7dfedb55bd,c1,c5,1461,?,i3,
1769091719.8364794,FORWARDED,20760154-f166-43f7-aac6-cdff8d0b09e2,497ac563-e6a9-4fdb-993a-7e7dfedb55bd,c1,c5,1461,?,i3,
1769091719.859803,RECEIVED,f1dcc850-7fe3-4936-8408-5edce8f5b30c,4fe22f8c-0705-400a-8685-4274a7c22b8b,c1,DROP,1438,p1,?,
1769091719.8990233,SENT,68f199f2-7ab3-4a38-bda3-e5033b022ed1,75343782-cffd-4c6a-8631-1c85f2f94f38,c3,c4,1455,?,i10,
1769091719.899407,FORWARDED,68f199f2-7ab3-4a38-bda3-e5033b022ed1,75343782-cffd-4c6a-8631-1c85f2f94f38,c3,c4,1455,?,i10,
1769091720.0128443,SENT,2de86e1f-beb3-464f-839b-6485e15510ff,4b7a9f2b-81f7-49bb-be9c-acc6f363f2e2,c5,c4,1469,?,i2,
1769091720.0128927,FORWARDED,2de86e1f-beb3-464f-839b-6485e15510ff,4b7a9f2b-81f7-49bb-be9c-acc6f363f2e2,c5,c4,1469,?,i2,
1769091720.0395877,RECEIVED,424d6278-0a0c-4f28-85c0-1e0f7de95cfe,cba14a16-4de1-4d87-9409-03826904ce41,c2,DROP,442,x3,?,
1769091720.1096323,RECEIVED,a3244475-e740-4cf6-a575-b5f436119f20,72e1c649-f9eb-4676-bf74-ddd1bca7a7de,c2,c1,2045,p2,?,
1769091720.1205337,RECEIVED,bc38322f-2df9-49da-90b9-d0cfee41e263,2cbd210a-899f-473b-a2ef-a4568aaa0461,c3,c4,2039,p3,?,
1769091720.1595662,SENT,f1dcc850-7fe3-4936-8408-5edce8f5b30c,4fe22f8c-0705-400a-8685-4274a7c22b8b,c1,DROP,1007,?,i7,
1769091720.159609,FORWARDED,f1dcc850-7fe3-4936-8408-5edce8f5b30c,4fe22f8c-0705-400a-8685-4274a7c22b8b,c1,DROP,1007,?,i7,
1769091720.2144015,SENT,73e9022d-ae1e-4c77-8bf5-26f076ccb197,989a8534-63bd-4e90-aa38-e2a682a2a3d9,c3,c4,1456,?,i11,
1769091720.2144444,FORWARDED,73e9022d-ae1e-4c77-8bf5-26f076ccb197,989a8534-63bd-4e90-aa38-e2a682a2a3d9,c3,c4,1456,?,i11,
1769091720.2516692,RECEIVED,bb79f9ba-787c-49a5-b2b6-d725c0ba4cc2,45f0d305-b381-41ad-be39-6800805f0ee9,c3,c4,2027,p3,?,
1769091720.3528616,SENT,a3244475-e740-4cf6-a575-b5f436119f20,72e1c649-f9eb-4676-bf74-ddd1bca7a7de,c2,c1,1461,?,i10,
1769091720.3529134,FORWARDED,a3244475-e740-4cf6-a575-b5f436119f20,72e1c649-f9eb-4676-bf74-ddd1bca7a7de,c2,c1,1461,?,i10,
1769091720.6138718,RECEIVED,c4fa320b-ef96-442a-927c-5bd0d95b5104,5f6ee713-78f6-4834-8571-e8cbe75c1376,c2,DROP,1448,p2,?,
1769091720.649695,SENT,096da0e0-57b3-4c81-8bc4-5bade7682fb8,325a4667-7082-430b-ab92-bc7d3757ff0f,c4,c1,1442,?,i2,
1769091720.6501625,FORWARDED,096da0e0-57b3-4c81-8bc4-5bade7682fb8,325a4667-7082-430b-ab92-bc7d3757ff0f,c4,c1,1442,?,i2,
1769091720.7731228,RECEIVED,0272e83c-208e-4aba-8685-00fe796f4af0,85b2ef1a-ae91-45b9-8ba7-83fbd0683fda,c1,c5,2036,p1,?,
1769091720.798089,RECEIVED,75288c4a-ad82-4d58-aabf-47308037646d,33ac2da7-0f2d-428b-8316-037b31c30e4c,c4,DROP,1443,p1,?,
1769091720.8013053,SENT,bc38322f-2df9-49da-90b9-d0cfee41e263,2cbd210a-899f-473b-a2ef-a4568aaa0461,c3,c4,1456,?,i9,
1769091720.8013484,FORWARDED,bc38322f-2df9-49da-90b9-d0cfee41e263,2cbd210a-899f-473b-a2ef-a4568aaa0461,c3,c4,1456,?,i9,
1769091720.9128332,RECEIVED,49f7f188-8f0d-48e8-9253-44bd0b03948b,ac153515-8936-46a5-b4bf-9b27d8544db1,c2,DROP,1444,p2,?,
1769091720.9638977,SENT,c4fa320b-ef96-442a-927c-5bd0d95b5104,5f6ee713-78f6-4834-8571-e8cbe75c1376,c2,DROP,1012,?,i4,
1769091720.9639392,FORWARDED,c4fa320b-ef96-442a-927c-5bd0d95b5104,5f6ee713-78f6-4834-8571-e8cbe75c1376,c2,DROP,1012,?,i4,
1769091721.074823,RECEIVED,b41be994-4882-45aa-ab07-b892894db338,b686fbc7-0e8a-456d-a466-a775350b3536,c1,DROP,1452,p1,?,
1769091721.1463642,RECEIVED,151ee240-5c77-4095-9221-2fdd50b60e60,c8f16b00-1ba2-45d0-89f2-c34bb74ec47b,c3,DROP,1447,p3,?,
1769091721.1835139,FORWARDED,0272e83c-208e-4aba-8685-00fe796f4af0,85b2ef1a-ae91-45b9-8ba7-83fbd0683fda,c1,c5,1455,?,i6,
1769091721.21703,RECEIVED,8cc36b30-5d4a-4613-b261-0e670d058d64,3e2eef03-b934-44c0-82ae-cafafbcbebcf,c2,DROP,1451,p2,?,
1769091721.363205,SENT,bb79f9ba-787c-49a5-b2b6-d725c0ba4cc2,45f0d305-b381-41ad-be39-6800805f0ee9,c3,c4,1447,?,i5,
1769091721.3632464,FORWARDED,bb79f9ba-787c-49a5-b2b6-d725c0ba4cc2,45f0d305-b381-41ad-be39-6800805f0ee9,c3,c4,1447,?,i5,
1769091721.3942654,RECEIVED,215029cc-d6ae-4320-b1b5-093bbe04722c,cee7038f-9d57-42fa-ab59-d080dbf229bf,c5,c4,2019,p2,?,
1769091721.419113,SENT,b41be994-4882-45aa-ab07-b892894db338,b686fbc7-0e8a-456d-a466-a775350b3536,c1,DROP,1015,?,i7,
1769091721.419169,FORWARDED,b41be994-4882-45aa-ab07-b892894db338,b686fbc7-0e8a-456d-a466-a775350b3536,c1,DROP,1015,?,i7,
1769091721.4283006,SENT,75288c4a-ad82-4d58-aabf-47308037646d,33ac2da7-0f2d-428b-8316-037b31c30e4c,c4,DROP,1011,?,i2,
1769091721.428343,FORWARDED,75288c4a-ad82-4d58-aabf-47308037646d,33ac2da7-0f2d-428b-8316-037b31c30e4c,c4,DROP,1011,?,i2,
1769091721.7406592,RECEIVED,bff540ec-93b3-4b6f-93ec-702031fee944,6c0c40f6-2cc3-4cf5-8ff5-9b6fc59d6b12,c5,DROP,441,x6,?,
1769091721.8481195,RECEIVED,8c7f32a6-1c37-4045-a547-f50400051f5c,93c70338-1e0d-4f1d-8fb6-827b9a41efba,c2,DROP,1443,p2,?,
1769091721.9362235,FORWARDED,215029cc-d6ae-4320-b1b5-093bbe04722c,cee7038f-9d57-42fa-ab59-d080dbf229bf,c5,c4,1443,?,i6,
1769091721.9763632,SENT,8cc36b30-5d4a-4613-b261-0e670d058d64,3e2eef03-b934-44c0-82ae-cafafbcbebcf,c2,DROP,1015,?,i5,
1769091721.976405,FORWARDED,8cc36b30-5d4a-4613-b261-0e670d058d64,3e2eef03-b934-44c0-82ae-cafafbcbebcf,c2,DROP,1015,?,i5,
1769091721.9911754,RECEIVED,ca7698bc-9f55-4d66-bb5c-85b9889fcf88,9c56082b-1cc3-4671-98f2-1f42060f64f3,c5,DROP,441,x6,?,
1769091721.9916818,RECEIVED,c8bb2c22-cd6b-4846-8066-cd3c54e7861d,89755cc7-22b7-47ca-a1ba-28c8cdd5f172,c3,c4,2048,p3,?,
1769091722.0998316,FORWARDED,8c7f32a6-1c37-4045-a547-f50400051f5c,93c70338-1e0d-4f1d-8fb6-827b9a41efba,c2,DROP,1011,?,i6,
1769091722.177522,RECEIVED,c08aebb5-66e4-4929-a0e4-8c8d491e40ee,98fad12a-626d-441d-ac65-e7ef02696ef6,c5,c4,2020,p2,?,
1769091722.2178388,SENT,c08aebb5-66e4-4929-a0e4-8c8d491e40ee,98fad12a-626d-441d-ac65-e7ef02696ef6,c5,c4,1443,?,i5,
1769091722.2178793,FORWARDED,c08aebb5-66e4-4929-a0e4-8c8d491e40ee,98fad12a-626d-441d-ac65-e7ef02696ef6,c5,c4,1443,?,i5,
1769091722.3004174,RECEIVED,95517f34-4141-42b2-b752-d05120902a5a,c5a97761-9b09-4632-a16c-edef145f4a78,c3,c4,2036,p3,?,
1769091722.3442512,SENT,95517f34-4141-42b2-b752-d05120902a5a,c5a97761-9b09-4632-a16c-edef145f4a78,c3,c4,1453,?,i2,
1769091722.3443005,FORWARDED,95517f34-4141-42b2-b752-d05120902a5a,c5a97761-9b09-4632-a16c-edef145f4a78,c3,c4,1453,?,i2,
1769091722.362694,RECEIVED,3d0f6caa-afe4-4ebc-9de7-3da0571183c0,eadd7813-7c62-45f1-8ead-76378cb76575,c1,c5,2044,p1,?,
1769091722.4269319,SENT,151ee240-5c77-4095-9221-2fdd50b60e60,c8f16b00-1ba2-45d0-89f2-c34bb74ec47b,c3,DROP,1012,?,i4,
1769091722.426975,FORWARDED,151ee240-5c77-4095-9221-2fdd50b60e60,c8f16b00-1ba2-45d0-89f2-c34bb74ec47b,c3,DROP,1012,?,i4,
1769091722.5733013,RECEIVED,08a545a9-8151-4dc1-9b53-7efc722f26fe,21b89228-5d8d-48dd-ae1e-425218c3638e,c3,DROP,1456,p3,?,
1769091722.6011713,SENT,3d0f6caa-afe4-4ebc-9de7-3da0571183c0,eadd7813-7c62-45f1-8ead-76378cb76575,c1,c5,1461,?,i10,
1769091722.6012142,FORWARDED,3d0f6caa-afe4-4ebc-9de7-3da0571183c0,eadd7813-7c62-45f1-8ead-76378cb76575,c1,c5,1461,?,i10,
1769091722.7114236,RECEIVED,f001a60b-dd1a-4324-abd5-3eae826c6097,cc54bf01-0dda-48a5-bb06-9bfdb22b9378,c2,DROP,1440,p2,?,
1769091722.886372,SENT,c8bb2c22-cd6b-4846-8066-cd3c54e7861d,89755cc7-22b7-47ca-a1ba-28c8cdd5f172,c3,c4,1464,?,i10,
1769091722.8864129,FORWARDED,c8bb2c22-cd6b-4846-8066-cd3c54e7861d,89755cc7-22b7-47ca-a1ba-28c8cdd5f172,c3,c4,1464,?,i10,
1769091722.8874557,RECEIVED,33b54f9d-fa44-4421-86e3-ca51fe866ade,a496ed5f-e7c8-4ad3-aef5-c565f312a405,c2,c1,2044,p2,?,
1769091722.8993766,SENT,f001a60b-dd1a-4324-abd5-3eae826c6097,cc54bf01-0dda-48a5-bb06-9bfdb22b9378,c2,DROP,1007,?,i11,
1769091722.899416,FORWARDED,f001a60b-dd1a-4324-abd5-3eae826c6097,cc54bf01-0dda-48a5-bb06-9bfdb22b9378,c2,DROP,1007,?,i11,
1769091722.9292803,RECEIVED,e8c9e4dd-5677-4fea-9250-5a556771d488,ed36422a-9e31-42a6-962c-ded4101fd276,c5,DROP,1447,p2,?,
1769091723.1259177,SENT,33b54f9d-fa44-4421-86e3-ca51fe866ade,a496ed5f-e7c8-4ad3-aef5-c565f312a405,c2,c1,1459,?,i12,
1769091723.1259582,FORWARDED,33b54f9d-fa44-4421-86e3-ca51fe866ade,a496ed5f-e7c8-4ad3-aef5-c565f312a405,c2,c1,1459,?,i12,
1769091723.2192192,SENT,49f7f188-8f0d-48e8-9253-44bd0b03948b,ac153515-8936-46a5-b4bf-9b27d8544db1,c2,DROP,1010,?,i10,
1769091723.2192678,FORWARDED,49f7f188-8f0d-48e8-9253-44bd0b03948b,ac153515-8936-46a5-b4bf-9b27d8544db1,c2,DROP,1010,?,i10,
1769091723.2711058,RECEIVED,3257feb5-cc4f-422a-99f8-3d23855d1589,2a793f15-4a44-49be-8773-6fcee1ab2cef,c5,c4,2039,p2,?,
1769091723.2878082,RECEIVED,d831334a-31ed-4c98-a20f-a8c83041d46f,73e148f9-9665-4b02-8e80-29fb6b698d02,c1,c5,2036,p1,?,
1769091723.3731377,SENT,d831334a-31ed-4c98-a20f-a8c83041d46f,73e148f9-9665-4b02-8e80-29fb6b698d02,c1,c5,1455,?,i9,
1769091723.3731792,FORWARDED,d831334a-31ed-4c98-a20f-a8c83041d46f,73e148f9-9665-4b02-8e80-29fb6b698d02,c1,c5,1455,?,i9,
1769091723.4483044,SENT,3257feb5-cc4f-422a-99f8-3d23855d1589,2a793f15-4a44-49be-8773-6fcee1ab2cef,c5,c4,1458,?,i4,
1769091723.4483469,FORWARDED,3257feb5-cc4f-422a-99f8-3d23855d1589,2a793f15-4a44-49be-8773-6fcee1ab2cef,c5,c4,1458,?,i4,
1769091723.5022404,SENT,e8c9e4dd-5677-4fea-9250-5a556771d488,ed36422a-9e31-42a6-962c-ded4101fd276,c5,DROP,1014,?,i4,
1769091723.502283,FORWARDED,e8c9e4dd-5677-4fea-9250-5a556771d488,ed36422a-9e31-42a6-962c-ded4101fd276,c5,DROP,1014,?,i4,
1769091723.5719855,RECEIVED,7cb3ee75-bc10-4704-9a2d-ea00ee587a18,92378147-0b7f-4aa1-afc4-3f88245d5e1c,c4,DROP,442,x4,?,
1769091723.6116617,SENT,08a545a9-8151-4dc1-9b53-7efc722f26fe,21b89228-5d8d-48dd-ae1e-425218c3638e,c3,DROP,1019,?,i10,
1769091723.6117034,FORWARDED,08a545a9-8151-4dc1-9b53-7efc722f26fe,21b89228-5d8d-48dd-ae1e-425218c3638e,c3,DROP,1019,?,i10,
1769091723.714424,RECEIVED,802ae1ba-bc11-4cd6-839c-9ab2da5fa357,921e53fd-7432-4cd8-88c4-4e56f2a8b5d6,c5,c4,2028,p2,?,
1769091723.73768,SENT,802ae1ba-bc11-4cd6-839c-9ab2da5fa357,921e53fd-7432-4cd8-88c4-4e56f2a8b5d6,c5,c4,1447,?,i3,
1769091723.7377222,FORWARDED,802ae1ba-bc11-4cd6-839c-9ab2da5fa357,921e53fd-7432-4cd8-88c4-4e56f2a8b5d6,c5,c4,1447,?,i3,
1769091723.9526925,RECEIVED,a2d4d95e-763d-4af3-8e8c-c348759b2ef8,3e3c6a36-19f0-4712-b9be-d3b10b0fd473,c2,c1,2026,p2,?,
1769091724.1773927,RECEIVED,5a110641-78e6-4a57-9215-f3ebc6e2430b,b8e297c8-4fe9-4962-885e-0f60f4250228,c4,DROP,1461,p1,?,
1769091724.2525554,RECEIVED,9a91f83c-f386-468e-ac7c-b202812dce9a,66671ab5-aae3-43ef-b19c-445a46fc1522,c2,DROP,1438,p2,?,
1769091724.2622201,SENT,5a110641-78e6-4a57-9215-f3ebc6e2430b,b8e297c8-4fe9-4962-885e-0f60f4250228,c4,DROP,1022,?,i10,
1769091724.262262,FORWARDED,5a110641-78e6-4a57-9215-f3ebc6e2430b,b8e297c8-4fe9-4962-885e-0f60f4250228,c4,DROP,1022,?,i10,
1769091724.471585,RECEIVED,960ac67b-435c-4ada-981e-4934aea727a9,ee50d6c0-574e-4066-a6fb-519e865f9519,c3,DROP,1439,p3,?,
1769091724.570474,RECEIVED,5e4a3cfd-ce08-470b-9f46-f88e638cceb0,7085bfb0-0fc8-4d93-9be2-e1fcf3e65f11,c2,c1,2041,p2,?,
1769091724.7485006,SENT,5e4a3cfd-ce08-470b-9f46-f88e638cceb0,7085bfb0-0fc8-4d93-9be2-e1fcf3e65f11,c2,c1,1456,?,i12,
1769091724.748541,FORWARDED,5e4a3cfd-ce08-470b-9f46-f88e638cceb0,7085bfb0-0fc8-4d93-9be2-e1fcf3e65f11,c2,c1,1456,?,i12,
1769091724.929453,RECEIVED,4cb958b6-130d-4222-9146-ae4e97dd6627,9643c342-35f9-4576-93b3-d9f05cc63ac9,c5,c4,2031,p2,?,
1769091725.003528,SENT,960ac67b-435c-4ada-981e-4934aea727a9,ee50d6c0-574e-4066-a6fb-519e865f9519,c3,DROP,1008,?,i8,
1769091725.0035708,FORWARDED,960ac67b-435c-4ada-981e-4934aea727a9,ee50d6c0-574e-4066-a6fb-519e865f9519,c3,DROP,1008,?,i8,
1769091725.063552,RECEIVED,97ca0809-3553-4041-addb-6fe112cafa25,73b71bc9-bee6-4408-8c8f-ee359e148c62,c2,c1,2035,p2,?,
1769091725.1877787,RECEIVED,68df3eda-4431-4be7-97c5-6ed87277ae4b,ddc0b35c-d929-4f11-927b-8a9a82dfb04d,c2,c1,2023,p2,?,
1769091725.339154,RECEIVED,6d243331-f9a7-4de9-b76e-57c12915d3ed,7f171904-588c-4d32-a991-0119259c8461,c3,c4,2046,p3,?,
1769091725.3752558,RECEIVED,2e3efc96-6e89-4690-9e4e-78aee0829263,2a3979d3-2526-4303-b106-a12680d4971c,c1,c5,2044,p1,?,
1769091725.4380922,SENT,2e3efc96-6e89-4690-9e4e-78aee0829263,2a3979d3-2526-4303-b106-a12680d4971c,c1,c5,1460,?,i7,
1769091725.4381394,FORWARDED,2e3efc96-6e89-4690-9e4e-78aee0829263,2a3979d3-2526-4303-b106-a12680d4971c,c1,c5,1460,?,i7,
1769091725.4525223,RECEIVED,b9875383-7150-48a1-bcf8-1d5398b34335,c01141ea-14b1-462a-9052-86fe9780c93a,c3,c4,2035,p3,?,
1769091725.6137066,RECEIVED,3100f6d4-07f6-4345-ad2c-be8bf5493dc3,9f37270d-3c57-4b41-a220-04f351b95a0c,c1,DROP,446,x6,?,
1769091725.6564806,FORWARDED,97ca0809-3553-4041-addb-6fe112cafa25,73b71bc9-bee6-4408-8c8f-ee359e148c62,c2,c1,1455,?,i6,
1769091725.7687697,RECEIVED,f3930ad9-6687-44ee-be93-274e9bc15ef9,072acee0-b285-4738-b06c-0e678d6d5f5f,c4,c1,2042,p1,?,
1769091725.8149414,SENT,b9875383-7150-48a1-bcf8-1d5398b34335,c01141ea-14b1-462a-9052-86fe9780c93a,c3,c4,1455,?,i2,
1769091725.814983,FORWARDED,b9875383-7150-48a1-bcf8-1d5398b34335,c01141ea-14b1-462a-9052-86fe9780c93a,c3,c4,1455,?,i2,
1769091725.8904614,SENT,4cb958b6-130d-4222-9146-ae4e97dd6627,9643c342-35f9-4576-93b3-d9f05cc63ac9,c5,c4,1452,?,i8,
1769091725.8905032,FORWARDED,4cb958b6-130d-4222-9146-ae4e97dd6627,9643c342-35f9-4576-93b3-d9f05cc63ac9,c5,c4,1452,?,i8,
1769091725.9530194,RECEIVED,d4d4282c-4e55-443a-be1e-a7ed34dae780,ebf3c12e-0a0b-4803-84de-6e520a0d68c9,c2,c1,2043,p2,?,
1769091725.9801629,RECEIVED,edae8f8b-accc-4b97-bf9d-325f1a534bd3,e2a3bac3-0181-4132-9954-caa2e3cfdf31,c4,c1,2045,p1,?,
1769091725.994025,SENT,edae8f8b-accc-4b97-bf9d-325f1a534bd3,e2a3bac3-0181-4132-9954-caa2e3cfdf31,c4,c1,1459,?,i1,
1769091725.9945395,FORWARDED,edae8f8b-accc-4b97-bf9d-325f1a534bd3,e2a3bac3-0181-4132-9954-caa2e3cfdf31,c4,c1,1459,?,i1,
1769091726.0131843,RECEIVED,499cb36b-2447-4aa2-96f3-1ace7462d24f,a93b89f1-feb8-446f-a540-efabd132deaa,c5,c4,2043,p2,?,
1769091726.0162284,RECEIVED,261bc656-43f7-4df2-9abd-9394ef2d8ad7,e8844b4e-579d-4d13-aa1e-a873d052b4da,c3,DROP,446,x4,?,
1769091726.0313168,SENT,a2d4d95e-763d-4af3-8e8c-c348759b2ef8,3e3c6a36-19f0-4712-b9be-d3b10b0fd473,c2,c1,1447,?,i9,
1769091726.0313578,FORWARDED,a2d4d95e-763d-4af3-8e8c-c348759b2ef8,3e3c6a36-19f0-4712-b9be-d3b10b0fd473,c2,c1,1447,?,i9,
1769091726.120709,SENT,6d243331-f9a7-4de9-b76e-57c12915d3ed,7f171904-588c-4d32-a991-0119259c8461,c3,c4,1464,?,i7,
1769091726.1207514,FORWARDED,6d243331-f9a7-4de9-b76e-57c12915d3ed,7f171904-588c-4d32-a991-0119259c8461,c3,c4,1464,?,i7,
1769091726.1369557,SENT,9a91f83c-f386-468e-ac7c-b202812dce9a,66671ab5-aae3-43ef-b19c-445a46fc1522,c2,DROP,1007,?,i5,
1769091726.1370063,FORWARDED,9a91f83c-f386-468e-ac7c-b202812dce9a,66671ab5-aae3-43ef-b19c-445a46fc1522,c2,DROP,1007,?,i5,
1769091726.155111,RECEIVED,7d8f8477-9590-4f5f-8fbc-ca697b592c79,8f7f0bbe-ec4d-48f4-85ce-d6cde1cb4beb,c1,c5,2038,p1,?,
1769091726.1672137,RECEIVED,60997370-08c8-40c0-be3f-bb34642aff3f,8be20493-5709-48d0-ac20-93fbf4e0ea5c,c3,c4,2048,p3,?,
1769091726.220144,RECEIVED,f73f1cf2-7a7c-459d-bb17-e2acd7c20bec,8d2877d1-829a-4ba6-afdf-60553798a12f,c5,c4,2050,p2,?,
1769091726.2657347,SENT,68df3eda-4431-4be7-97c5-6ed87277ae4b,ddc0b35c-d929-4f11-927b-8a9a82dfb04d,c2,c1,1444,?,i9,
1769091726.265775,FORWARDED,68df3eda-4431-4be7-97c5-6ed87277ae4b,ddc0b35c-d929-4f11-927b-8a9a82dfb04d,c2,c1,1444,?,i9,
1769091726.3767533,RECEIVED,671491aa-6f39-4bca-adab-614794c96cb6,6d51f901-f91a-4e5b-9600-fb62213c2593,c4,c1,2036,p1,?,
1769091726.3908603,RECEIVED,ac783a2a-9386-4a91-8aa3-f2c56d56f882,2d15a332-46fd-4f1f-b68e-2c04a35029ed,c3,c4,2040,p3,?,
1769091726.4705825,SENT,d4d4282c-4e55-443a-be1e-a7ed34dae780,ebf3c12e-0a0b-4803-84de-6e520a0d68c9,c2,c1,1460,?,i2,
1769091726.4706247,FORWARDED,d4d4282c-4e55-443a-be1e-a7ed34dae780,ebf3c12e-0a0b-4803-84de-6e520a0d68c9,c2,c1,1460,?,i2,
1769091726.6678922,SENT,f73f1cf2-7a7c-459d-bb17-e2acd7c20bec,8d2877d1-829a-4ba6-afdf-60553798a12f,c5,c4,1465,?,i8,
1769091726.6679335,FORWARDED,f73f1cf2-7a7c-459d-bb17-e2acd7c20bec,8d2877d1-829a-4ba6-afdf-60553798a12f,c5,c4,1465,?,i8,
1769091726.7507966,RECEIVED,339a8c1d-02e1-4e55-94a5-38c944ad5129,b318c7c7-22f7-4204-b344-50794e3fc93a,c2,DROP,1455,p2,?,
1769091726.794175,SENT,ac783a2a-9386-4a91-8aa3-f2c56d56f882,2d15a332-46fd-4f1f-b68e-2c04a35029ed,c3,c4,1457,?,i5,
1769091726.7942157,FORWARDED,ac783a2a-9386-4a91-8aa3-f2c56d56f882,2d15a332-46fd-4f1f-b68e-2c04a35029ed,c3,c4,1457,?,i5,
1769091726.8209293,SENT,60997370-08c8-40c0-be3f-bb34642aff3f,8be20493-5709-48d0-ac20-93fbf4e0ea5c,c3,c4,1464,?,i11,
1769091726.8209708,FORWARDED,60997370-08c8-40c0-be3f-bb34642aff3f,8be20493-5709-48d0-ac20-93fbf4e0ea5c,c3,c4,1464,?,i11,
1769091726.8786016,FORWARDED,f3930ad9-6687-44ee-be93-274e9bc15ef9,072acee0-b285-4738-b06c-0e678d6d5f5f,c4,c1,1459,?,i6,
1769091726.941417,RECEIVED,6657dcd4-984e-4b59-870b-ef0d642822e5,5e17ad94-e3ad-45ff-9b58-b9167c6898ac,c5,DROP,1447,p2,?,
1769091727.0192752,RECEIVED,8c7c2603-55ec-4d2c-96ce-585355b7955f,83b044ef-039b-44a8-970c-c7c42b22e011,c2,c1,2036,p2,?,
1769091727.0733428,RECEIVED,f619d82a-6d41-416e-997b-5572496c18b3,f6ecdc94-e77f-4586-87ef-52ed449d0e15,c4,c1,2043,p1,?,
1769091727.080089,SENT,8c7c2603-55ec-4d2c-96ce-585355b7955f,83b044ef-039b-44a8-970c-c7c42b22e011,c2,c1,1455,?,i2,
1769091727.0801299,FORWARDED,8c7c2603-55ec-4d2c-96ce-585355b7955f,83b044ef-039b-44a8-970c-c7c42b22e011,c2,c1,1455,?,i2,
1769091727.2058988,RECEIVED,3b50c59b-28a4-4652-af22-0b1d33272e87,56394fa1-5c07-4af2-ab0a-b40512190679,c1,c5,2041,p1,?,
1769091727.330476,RECEIVED,5b0bac03-6789-488e-a7d7-10c26220aff8,6a4e6bf4-d494-45e3-ad25-272e0ca10ffe,c5,c4,2044,p2,?,
1769091727.3561423,SENT,7d8f8477-9590-4f5f-8fbc-ca697b592c79,8f7f0bbe-ec4d-48f4-85ce-d6cde1cb4beb,c1,c5,1456,?,i7,
1769091727.356193,FORWARDED,7d8f8477-9590-4f5f-8fbc-ca697b592c79,8f7f0bbe-ec4d-48f4-85ce-d6cde1cb4beb,c1,c5,1456,?,i7,
1769091727.3587446,SENT,671491aa-6f39-4bca-adab-614794c96cb6,6d51f901-f91a-4e5b-9600-fb62213c2593,c4,c1,1455,?,i12,
1769091727.358791,FORWARDED,671491aa-6f39-4bca-adab-614794c96cb6,6d51f901-f91a-4e5b-9600-fb62213c2593,c4,c1,1455,?,i12,
1769091727.447064,SENT,499cb36b-2447-4aa2-96f3-1ace7462d24f,a93b89f1-feb8-446f-a540-efabd132deaa,c5,c4,1461,?,i10,
1769091727.447107,FORWARDED,499cb36b-2447-4aa2-96f3-1ace7462d24f,a93b89f1-feb8-446f-a540-efabd132deaa,c5,c4,1461,?,i10,
1769091727.4762905,SENT,f619d82a-6d41-416e-997b-5572496c18b3,f6ecdc94-e77f-4586-87ef-52ed449d0e15,c4,c1,1459,?,i10,
1769091727.476333,FORWARDED,f619d82a-6d41-416e-997b-5572496c18b3,f6ecdc94-e77f-4586-87ef-52ed449d0e15,c4,c1,1459,?,i10,
1769091727.4834235,SENT,339a8c1d-02e1-4e55-94a5-38c944ad5129,b318c7c7-22f7-4204-b344-50794e3fc93a,c2,DROP,1019,?,i3,
1769091727.4834857,FORWARDED,339a8c1d-02e1-4e55-94a5-38c944ad5129,b318c7c7-22f7-4204-b344-50794e3fc93a,c2,DROP,1019,?,i3,
1769091727.5281796,RECEIVED,32a2320e-dcc6-4a3f-a5cc-29df1ebdbb12,05c9e556-e333-449e-8490-f0b99519f820,c4,c1,2039,p1,?,
1769091727.5513165,RECEIVED,b739628a-fac4-4726-913d-d51526716b47,0eb26d3c-f3d5-4e14-b5ea-242823ceeef3,c3,c4,2032,p3,?,
1769091727.6119297,SENT,6657dcd4-984e-4b59-870b-ef0d642822e5,5e17ad94-e3ad-45ff-9b58-b9167c6898ac,c5,DROP,1012,?,i9,
1769091727.6119702,FORWARDED,6657dcd4-984e-4b59-870b-ef0d642822e5,5e17ad94-e3ad-45ff-9b58-b9167c6898ac,c5,DROP,1012,?,i9,
1769091727.8908374,SENT,b739628a-fac4-4726-913d-d51526716b47,0eb26d3c-f3d5-4e14-b5ea-242823ceeef3,c3,c4,1451,?,i8,
1769091727.8908806,FORWARDED,b739628a-fac4-4726-913d-d51526716b47,0eb26d3c-f3d5-4e14-b5ea-242823ceeef3,c3,c4,1451,?,i8,
1769091727.905408,SENT,5b0bac03-6789-488e-a7d7-10c26220aff8,6a4e6bf4-d494-45e3-ad25-272e0ca10ffe,c5,c4,1460,?,i11,
1769091727.9054487,FORWARDED,5b0bac03-6789-488e-a7d7-10c26220aff8,6a4e6bf4-d494-45e3-ad25-272e0ca10ffe,c5,c4,1460,?,i11,
1769091727.937723,RECEIVED,1e827e7f-c13c-467d-b982-6106d7d38fca,801b7164-6c1d-466a-8663-bcb795eb1f9b,c5,c4,2030,p2,?,
1769091728.0972688,RECEIVED,3d422b43-43c7-4fca-ada4-b5edb3fe1762,603c8126-d6e7-4194-9e13-b4b1b6ba85fa,c3,c4,2040,p3,?,
1769091728.1063414,RECEIVED,b25efe0a-a219-4879-ade1-39b5732f810c,d601b959-abfd-48be-9b24-ece1cfacb71f,c2,DROP,1438,p2,?,
1769091728.1135905,RECEIVED,315de058-aec2-4b02-bcf2-301a21605dde,dcadd125-5b92-44cc-b487-f86589cedf15,c3,c4,2040,p3,?,
1769091728.2516463,SENT,3d422b43-43c7-4fca-ada4-b5edb3fe1762,603c8126-d6e7-4194-9e13-b4b1b6ba85fa,c3,c4,1457,?,i9,
1769091728.2516818,FORWARDED,3d422b43-43c7-4fca-ada4-b5edb3fe1762,603c8126-d6e7-4194-9e13-b4b1b6ba85fa,c3,c4,1457,?,i9,
1769091728.3096,RECEIVED,7dced752-ea1e-4820-8d32-583eed94d8cd,04149521-7c93-43a3-a5bf-153616554911,c4,DROP,1448,p1,?,
1769091728.3556328,RECEIVED,3281ba0a-1062-4a41-b55c-d4cea3865644,ccc2ae8e-84aa-4dbe-8ab2-165d1a5d7342,c3,DROP,1452,p3,?,
1769091728.379891,SENT,3b50c59b-28a4-4652-af22-0b1d33272e87,56394fa1-5c07-4af2-ab0a-b40512190679,c1,c5,1459,?,i2,
1769091728.379926,FORWARDED,3b50c59b-28a4-4652-af22-0b1d33272e87,56394fa1-5c07-4af2-ab0a-b40512190679,c1,c5,1459,?,i2,
1769091728.4145713,RECEIVED,bd7c568f-720a-4114-9c91-8efcfdb47007,8a4c0081-697e-41a6-a0f7-5988abff182e,c5,c4,2028,p2,?,
1769091728.4226594,SENT,3281ba0a-1062-4a41-b55c-d4cea3865644,ccc2ae8e-84aa-4dbe-8ab2-165d1a5d7342,c3,DROP,1015,?,i9,
1769091728.4227004,FORWARDED,3281ba0a-1062-4a41-b55c-d4cea3865644,ccc2ae8e-84aa-4dbe-8ab2-165d1a5d7342,c3,DROP,1015,?,i9,
1769091728.5356016,SENT,7dced752-ea1e-4820-8d32-583eed94d8cd,04149521-7c93-43a3-a5bf-153616554911,c4,DROP,1012,?,i12,
1769091728.5356426,FORWARDED,7dced752-ea1e-4820-8d32-583eed94d8cd,04149521-7c93-43a3-a5bf-153616554911,c4,DROP,1012,?,i12,
1769091728.5434418,SENT,315de058-aec2-4b02-bcf2-301a21605dde,dcadd125-5b92-44cc-b487-f86589cedf15,c3,c4,1456,?,i9,
1769091728.5434852,FORWARDED,315de058-aec2-4b02-bcf2-301a21605dde,dcadd125-5b92-44cc-b487-f86589cedf15,c3,c4,1456,?,i9,
1769091728.5648823,RECEIVED,a7f39c8d-673f-42cd-84d5-1121441c37a6,132deeea-72e1-4e3a-9105-6a7c77c140f1,c1,c5,2040,p1,?,
1769091728.6221197,FORWARDED,bd7c568f-720a-4114-9c91-8efcfdb47007,8a4c0081-697e-41a6-a0f7-5988abff182e,c5,c4,1448,?,i6,
1769091728.6557,SENT,a7f39c8d-673f-42cd-84d5-1121441c37a6,132deeea-72e1-4e3a-9105-6a7c77c140f1,c1,c5,1456,?,i4,
1769091728.655741,FORWARDED,a7f39c8d-673f-42cd-84d5-1121441c37a6,132deeea-72e1-4e3a-9105-6a7c77c140f1,c1,c5,1456,?,i4,
1769091728.765099,RECEIVED,24625d8d-f7bf-4928-bb11-47cdc844db0b,ba5966bb-caa0-4e2c-8fbe-297e503add3f,c5,c4,2041,p2,?,
1769091728.7805588,RECEIVED,ed69b37c-3f1f-4f08-8c38-c12a489948ba,de82209d-674a-4e18-9fc6-b98b437e64b4,c2,c1,2036,p2,?,
1769091728.7822816,RECEIVED,b7fca2fe-5b8e-40b1-b2b3-24372d237ded,f7609993-c8b9-4cec-a218-650eed4becf9,c4,c1,2047,p1,?,
1769091728.8466682,SENT,32a2320e-dcc6-4a3f-a5cc-29df1ebdbb12,05c9e556-e333-449e-8490-f0b99519f820,c4,c1,1456,?,i8,
1769091728.8467124,FORWARDED,32a2320e-dcc6-4a3f-a5cc-29df1ebdbb12,05c9e556-e333-449e-8490-f0b99519f820,c4,c1,1456,?,i8,
1769091728.8603394,SENT,24625d8d-f7bf-4928-bb11-47cdc844db0b,ba5966bb-caa0-4e2c-8fbe-297e503add3f,c5,c4,1456,?,i11,
1769091728.8603792,FORWARDED,24625d8d-f7bf-4928-bb11-47cdc844db0b,ba5966bb-caa0-4e2c-8fbe-297e503add3f,c5,c4,1456,?,i11,
1769091729.002062,SENT,ed69b37c-3f1f-4f08-8c38-c12a489948ba,de82209d-674a-4e18-9fc6-b98b437e64b4,c2,c1,1455,?,i9,
1769091729.0021145,FORWARDED,ed69b37c-3f1f-4f08-8c38-c12a489948ba,de82209d-674a-4e18-9fc6-b98b437e64b4,c2,c1,1455,?,i9,
1769091729.1001508,RECEIVED,3b4e678f-5925-4642-88df-8f7b2785dd50,abf68401-9091-4df3-a710-94c1664eda68,c2,c1,2020,p2,?,
1769091729.166668,RECEIVED,2a2b5b2a-6f2a-4ca2-ac4c-4fe2adb927a9,09d293c3-629f-4ca8-bef9-397def327982,c5,DROP,1457,p2,?,
1769091729.204356,SENT,1e827e7f-c13c-467d-b982-6106d7d38fca,801b7164-6c1d-466a-8663-bcb795eb1f9b,c5,c4,1452,?,i1,
1769091729.2050242,FORWARDED,1e827e7f-c13c-467d-b982-6106d7d38fca,801b7164-6c1d-466a-8663-bcb795eb1f9b,c5,c4,1452,?,i1,
1769091729.3164628,RECEIVED,9170eb07-0b1a-48eb-840d-58b2a47c2582,c79e942c-2c4b-4843-b9f2-32f3a52c72f9,c4,DROP,1439,p1,?,
1769091729.3328679,SENT,b7fca2fe-5b8e-40b1-b2b3-24372d237ded,f7609993-c8b9-4cec-a218-650eed4becf9,c4,c1,1464,?,i9,
1769091729.3329096,FORWARDED,b7fca2fe-5b8e-40b1-b2b3-24372d237ded,f7609993-c8b9-4cec-a218-650eed4becf9,c4,c1,1464,?,i9,
1769091729.4897568,SENT,3b4e678f-5925-4642-88df-8f7b2785dd50,abf68401-9091-4df3-a710-94c1664eda68,c2,c1,1443,?,i7,
1769091729.4897995,FORWARDED,3b4e678f-5925-4642-88df-8f7b2785dd50,abf68401-9091-4df3-a710-94c1664eda68,c2,c1,1443,?,i7,
1769091729.4931908,RECEIVED,896479fe-dd25-4498-9843-65f59d3f0c4d,4a309230-0d72-48ff-a079-557ecae4f16a,c4,DROP,1439,p1,?,
1769091729.5709236,SENT,2a2b5b2a-6f2a-4ca2-ac4c-4fe2adb927a9,09d293c3-629f-4ca8-bef9-397def327982,c5,DROP,1020,?,i12,
1769091729.570966,FORWARDED,2a2b5b2a-6f2a-4ca2-ac4c-4fe2adb927a9,09d293c3-629f-4ca8-bef9-397def327982,c5,DROP,1020,?,i12,
1769091729.588832,RECEIVED,6262f4f8-41aa-4167-8898-7e8f2308e083,893fc357-e5a9-445d-8300-17c5bc4e2f0d,c4,c1,2036,p1,?,
1769091729.6028888,RECEIVED,d808ea35-e47f-49db-a7fc-fdb2e30afde0,5e94a083-2eb3-40bc-9c3f-65f25e51f58a,c4,c1,2041,p1,?,
1769091729.6427748,RECEIVED,c48834ac-3eae-4338-a3e9-46c5d78f81b4,2b34bebe-3ae8-4e97-ae5f-1648aca2346a,c1,c5,2039,p1,?,
1769091729.6728613,SENT,6262f4f8-41aa-4167-8898-7e8f2308e083,893fc357-e5a9-445d-8300-17c5bc4e2f0d,c4,c1,1455,?,i5,
1769091729.6729057,FORWARDED,6262f4f8-41aa-4167-8898-7e8f2308e083,893fc357-e5a9-445d-8300-17c5bc4e2f0d,c4,c1,1455,?,i5,
1769091729.7404451,RECEIVED,fa08a70d-72af-496d-a511-f2525ad1d4a4,a9ac8461-3fbf-43ad-a760-c72c3de58005,c5,DROP,1452,p2,?,
1769091729.8499525,RECEIVED,169913fe-4fbc-428d-b6f8-f57d41a0fa0c,bdd8f3b2-ccdb-419c-b520-dddd5a71eb54,c2,c1,2043,p2,?,
1769091729.8668075,RECEIVED,94ef9203-c7e1-43ea-bd4d-5f52da18ce06,a56a73c8-dc9c-4595-bc69-caa3641f5ebc,c1,c5,2047,p1,?,
1769091729.9058266,SENT,d808ea35-e47f-49db-a7fc-fdb2e30afde0,5e94a083-2eb3-40bc-9c3f-65f25e51f58a,c4,c1,1457,?,i12,
1769091729.9063017,FORWARDED,d808ea35-e47f-49db-a7fc-fdb2e30afde0,5e94a083-2eb3-40bc-9c3f-65f25e51f58a,c4,c1,1457,?,i12,
1769091729.9966173,SENT,9170eb07-0b1a-48eb-840d-58b2a47c2582,c79e942c-2c4b-4843-b9f2-32f3a52c72f9,c4,DROP,1007,?,i4,
1769091729.9966583,FORWARDED,9170eb07-0b1a-48eb-840d-58b2a47c2582,c79e942c-2c4b-4843-b9f2-32f3a52c72f9,c4,DROP,1007,?,i4,
1769091730.0044088,RECEIVED,fe028c80-b281-4b36-b6cb-048de9a6d04e,c99bc0cb-5457-4960-862a-0c384034e582,c4,DROP,1448,p1,?,
1769091730.0191832,SENT,fa08a70d-72af-496d-a511-f2525ad1d4a4,a9ac8461-3fbf-43ad-a760-c72c3de58005,c5,DROP,1016,?,i10,
1769091730.0192246,FORWARDED,fa08a70d-72af-496d-a511-f2525ad1d4a4,a9ac8461-3fbf-43ad-a760-c72c3de58005,c5,DROP,1016,?,i10,
1769091730.0365543,SENT,fe028c80-b281-4b36-b6cb-048de9a6d04e,c99bc0cb-5457-4960-862a-0c384034e582,c4,DROP,1013,?,i3,
1769091730.0365965,FORWARDED,fe028c80-b281-4b36-b6cb-048de9a6d04e,c99bc0cb-5457-4960-862a-0c384034e582,c4,DROP,1013,?,i3,
1769091730.045747,RECEIVED,1faa10e7-ade3-40f9-9dd6-be34c2a6be8f,943be859-a99c-4156-8feb-ddd76c4c020a,c1,c5,2045,p1,?,
1769091730.095408,SENT,94ef9203-c7e1-43ea-bd4d-5f52da18ce06,a56a73c8-dc9c-4595-bc69-caa3641f5ebc,c1,c5,1464,?,i1,
1769091730.0954516,FORWARDED,94ef9203-c7e1-43ea-bd4d-5f52da18ce06,a56a73c8-dc9c-4595-bc69-caa3641f5ebc,c1,c5,1464,?,i1,
1769091730.2122054,SENT,1faa10e7-ade3-40f9-9dd6-be34c2a6be8f,943be859-a99c-4156-8feb-ddd76c4c020a,c1,c5,1460,?,i11,
1769091730.2122476,FORWARDED,1faa10e7-ade3-40f9-9dd6-be34c2a6be8f,943be859-a99c-4156-8feb-ddd76c4c020a,c1,c5,1460,?,i11,
1769091730.2542343,FORWARDED,c48834ac-3eae-4338-a3e9-46c5d78f81b4,2b34bebe-3ae8-4e97-ae5f-1648aca2346a,c1,c5,1456,?,i6,
1769091730.3913946,SENT,b25efe0a-a219-4879-ade1-39b5732f810c,d601b959-abfd-48be-9b24-ece1cfacb71f,c2,DROP,1008,?,i7,
1769091730.3914652,FORWARDED,b25efe0a-a219-4879-ade1-39b5732f810c,d601b959-abfd-48be-9b24-ece1cfacb71f,c2,DROP,1008,?,i7,
1769091730.4168797,RECEIVED,e87f29aa-f90f-486d-ab4e-84ee86f03ecd,17300ef5-a83d-4b22-b899-f7a3e55e989d,c3,c4,2015,p3,?,
1769091730.429987,RECEIVED,2baf536c-9c7b-4da5-9f84-618e68d41fc7,ac60788f-39bf-457b-8c02-1061f418bf3f,c2,DROP,1439,p2,?,
1769091730.6329472,RECEIVED,78b3bab9-2df2-406a-8ef7-d1b3c48fd838,9bc075d2-bb92-46aa-8a94-c5538f878603,c5,DROP,1455,p2,?,
1769091730.6440866,RECEIVED,e45023a8-6143-409e-bcc9-1311f1ead08f,4b5dd650-173e-471a-a231-faca3391c9cb,c2,DROP,1456,p2,?,
1769091730.6976256,SENT,e45023a8-6143-409e-bcc9-1311f1ead08f,4b5dd650-173e-471a-a231-faca3391c9cb,c2,DROP,1020,?,i4,
1769091730.6976674,FORWARDED,e45023a8-6143-409e-bcc9-1311f1ead08f,4b5dd650-173e-471a-a231-faca3391c9cb,c2,DROP,1020,?,i4,
1769091730.7766817,SENT,e87f29aa-f90f-486d-ab4e-84ee86f03ecd,17300ef5-a83d-4b22-b899-f7a3e55e989d,c3,c4,1440,?,i1,
1769091730.7770164,FORWARDED,e87f29aa-f90f-486d-ab4e-84ee86f03ecd,17300ef5-a83d-4b22-b899-f7a3e55e989d,c3,c4,1440,?,i1,
1769091730.8192632,SENT,896479fe-dd25-4498-9843-65f59d3f0c4d,4a309230-0d72-48ff-a079-557ecae4f16a,c4,DROP,1008,?,i2,
1769091730.8193195,FORWARDED,896479fe-dd25-4498-9843-65f59d3f0c4d,4a309230-0d72-48ff-a079-557ecae4f16a,c4,DROP,1008,?,i2,
1769091730.9626725,SENT,2baf536c-9c7b-4da5-9f84-618e68d41fc7,ac60788f-39bf-457b-8c02-1061f418bf3f,c2,DROP,1007,?,i3,
1769091730.962718,FORWARDED,2baf536c-9c7b-4da5-9f84-618e68d41fc7,ac60788f-39bf-457b-8c02-1061f418bf3f,c2,DROP,1007,?,i3,
1769091730.9887557,RECEIVED,8a397704-c772-408a-b427-d5f2f6dc27b8,60bd8ee8-df17-4932-8601-568d2351b6e5,c3,c4,2043,p3,?,
1769091730.9981947,RECEIVED,27f65643-e900-41e1-abaf-23aa94cd66e9,1f62e065-7b25-4deb-a52f-6b735f5c5845,c5,c4,2036,p2,?,
1769091731.0570214,RECEIVED,f40f810d-79b6-406e-b7a4-9731033561c3,99ed0352-36a2-4b13-b1fc-5a9852870b0f,c2,c1,2024,p2,?,
1769091731.2195282,SENT,f40f810d-79b6-406e-b7a4-9731033561c3,99ed0352-36a2-4b13-b1fc-5a9852870b0f,c2,c1,1444,?,i8,
1769091731.2195983,FORWARDED,f40f810d-79b6-406e-b7a4-9731033561c3,99ed0352-36a2-4b13-b1fc-5a9852870b0f,c2,c1,1444,?,i8,
1769091731.3045769,SENT,8a397704-c772-408a-b427-d5f2f6dc27b8,60bd8ee8-df17-4932-8601-568d2351b6e5,c3,c4,1460,?,i4,
1769091731.304614,FORWARDED,8a397704-c772-408a-b427-d5f2f6dc27b8,60bd8ee8-df17-4932-8601-568d2351b6e5,c3,c4,1460,?,i4,
1769091731.3213136,SENT,78b3bab9-2df2-406a-8ef7-d1b3c48fd838,9bc075d2-bb92-46aa-8a94-c5538f878603,c5,DROP,1020,?,i12,
1769091731.321356,FORWARDED,78b3bab9-2df2-406a-8ef7-d1b3c48fd838,9bc075d2-bb92-46aa-8a94-c5538f878603,c5,DROP,1020,?,i12,
1769091731.4118395,RECEIVED,1166f004-d10d-4a5b-9ff7-176ce6eaf33d,affc03c9-e90b-48b8-942a-304e4d26780c,c2,DROP,445,x11,?,
1769091731.4177475,SENT,27f65643-e900-41e1-abaf-23aa94cd66e9,1f62e065-7b25-4deb-a52f-6b735f5c5845,c5,c4,1455,?,i5,
1769091731.4177954,FORWARDED,27f65643-e900-41e1-abaf-23aa94cd66e9,1f62e065-7b25-4deb-a52f-6b735f5c5845,c5,c4,1455,?,i5,
1769091731.6141796,RECEIVED,8976d9e7-9af0-4cc8-b980-b963750da74b,92731205-52cd-497d-b8ec-850b4ab205a9,c2,c1,2021,p2,?,
1769091731.6219966,SENT,8976d9e7-9af0-4cc8-b980-b963750da74b,92731205-52cd-497d-b8ec-850b4ab205a9,c2,c1,1443,?,i3,
1769091731.6220315,FORWARDED,8976d9e7-9af0-4cc8-b980-b963750da74b,92731205-52cd-497d-b8ec-850b4ab205a9,c2,c1,1443,?,i3,
1769091731.7184355,RECEIVED,0231ee86-fa79-4c0f-a7ef-9a4dfda708f6,5a37c1f4-c20f-4152-b260-84084a9b9124,c2,DROP,1457,p2,?,
1769091731.726868,FORWARDED,169913fe-4fbc-428d-b6f8-f57d41a0fa0c,bdd8f3b2-ccdb-419c-b520-dddd5a71eb54,c2,c1,1459,?,i6,
1769091731.8011782,RECEIVED,d7e6ff0f-1e4c-410a-89cc-12f60e04661a,cb15a024-25e2-4ba1-a0ce-1cec9929dfe1,c3,c4,2044,p3,?,
1769091731.8712087,SENT,d7e6ff0f-1e4c-410a-89cc-12f60e04661a,cb15a024-25e2-4ba1-a0ce-1cec9929dfe1,c3,c4,1460,?,i4,
1769091731.8712485,FORWARDED,d7e6ff0f-1e4c-410a-89cc-12f60e04661a,cb15a024-25e2-4ba1-a0ce-1cec9929dfe1,c3,c4,1460,?,i4,
1769091731.9039497,RECEIVED,e481be5b-f320-471b-8e2a-0aa78c99d392,de7ed448-785a-460f-83fb-64c11e0a05ed,c5,c4,2045,p2,?,
1769091731.9735546,SENT,e481be5b-f320-471b-8e2a-0aa78c99d392,de7ed448-785a-460f-83fb-64c11e0a05ed,c5,c4,1461,?,i1,
1769091731.973594,FORWARDED,e481be5b-f320-471b-8e2a-0aa78c99d392,de7ed448-785a-460f-83fb-64c11e0a05ed,c5,c4,1461,?,i1,
1769091732.0887346,SENT,0231ee86-fa79-4c0f-a7ef-9a4dfda708f6,5a37c1f4-c20f-4152-b260-84084a9b9124,c2,DROP,1020,?,i12,
1769091732.0887704,FORWARDED,0231ee86-fa79-4c0f-a7ef-9a4dfda708f6,5a37c1f4-c20f-4152-b260-84084a9b9124,c2,DROP,1020,?,i12,
1769091732.1569128,RECEIVED,f731117c-9c11-4d52-8068-137bb9f2ce04,3d6a9e1e-fe01-42f0-9d4d-c524a66d4f9c,c4,DROP,1456,p1,?,
1769091732.1909475,RECEIVED,95a6b897-3d5b-4176-8215-ffec5bfeb872,3fdae459-902e-4e04-b685-d5b50b6870eb,c4,c1,2032,p1,?,
1769091732.2288733,RECEIVED,0afd3a6d-e264-4e37-951b-69eecd655b38,d68562a9-67f8-453a-b9a8-907d0882574d,c5,c4,2039,p2,?,
1769091732.4143846,SENT,95a6b897-3d5b-4176-8215-ffec5bfeb872,3fdae459-902e-4e04-b685-d5b50b6870eb,c4,c1,1452,?,i5,
1769091732.4144256,FORWARDED,95a6b897-3d5b-4176-8215-ffec5bfeb872,3fdae459-902e-4e04-b685-d5b50b6870eb,c4,c1,1452,?,i5,
1769091732.469678,RECEIVED,eee88185-f82c-43f2-8b64-f8f74d4e1c32,133379c0-8108-48ae-a548-01e01c925e93,c4,DROP,442,x11,?,
1769091732.536743,RECEIVED,a48396b5-886d-483a-b94d-a398667743ce,d82b194a-a7e9-4f35-9562-d1cc59255360,c3,c4,2027,p3,?,
1769091732.6267724,RECEIVED,9fc9625d-8639-4275-bb2d-08d5059d2269,0e4f8d1e-90b2-4311-8f58-7a26298e25fc,c3,DROP,1457,p3,?,
1769091732.726464,RECEIVED,e4dd86a6-0ae4-4b16-a02d-2a4378af83de,e59040fc-8664-45e2-8a59-6f167c997441,c1,DROP,1455,p1,?,
1769091732.771587,SENT,9fc9625d-8639-4275-bb2d-08d5059d2269,0e4f8d1e-90b2-4311-8f58-7a26298e25fc,c3,DROP,1020,?,i10,
1769091732.771629,FORWARDED,9fc9625d-8639-4275-bb2d-08d5059d2269,0e4f8d1e-90b2-4311-8f58-7a26298e25fc,c3,DROP,1020,?,i10,
1769091732.9031398,RECEIVED,a9618b69-0b75-4037-99f2-d0237bf6a06a,1e61413f-a086-4214-bc6e-f8ae7d1e665e,c2,DROP,1443,p2,?,
1769091733.0567973,SENT,0afd3a6d-e264-4e37-951b-69eecd655b38,d68562a9-67f8-453a-b9a8-907d0882574d,c5,c4,1456,?,i3,
1769091733.0568397,FORWARDED,0afd3a6d-e264-4e37-951b-69eecd655b38,d68562a9-67f8-453a-b9a8-907d0882574d,c5,c4,1456,?,i3,
1769091733.0689473,SENT,a48396b5-886d-483a-b94d-a398667743ce,d82b194a-a7e9-4f35-9562-d1cc59255360,c3,c4,1447,?,i7,
1769091733.0689893,FORWARDED,a48396b5-886d-483a-b94d-a398667743ce,d82b194a-a7e9-4f35-9562-d1cc59255360,c3,c4,1447,?,i7,
1769091733.2076075,SENT,a9618b69-0b75-4037-99f2-d0237bf6a06a,1e61413f-a086-4214-bc6e-f8ae7d1e665e,c2,DROP,1011,?,i4,
1769091733.2076519,FORWARDED,a9618b69-0b75-4037-99f2-d0237bf6a06a,1e61413f-a086-4214-bc6e-f8ae7d1e665e,c2,DROP,1011,?,i4,
1769091733.30454,RECEIVED,489d6761-1131-46f3-8410-4548039f5cb2,14b17abf-4a74-4cbe-a9fc-0d719871c47f,c5,c4,2039,p2,?,
1769091733.3625426,RECEIVED,939c5a74-929f-477b-b48f-473033e2a0ec,1994f5b1-6d86-4893-b489-10d6f069df2d,c4,c1,2031,p1,?,
1769091733.5232956,SENT,f731117c-9c11-4d52-8068-137bb9f2ce04,3d6a9e1e-fe01-42f0-9d4d-c524a66d4f9c,c4,DROP,1020,?,i12,
1769091733.5233414,FORWARDED,f731117c-9c11-4d52-8068-137bb9f2ce04,3d6a9e1e-fe01-42f0-9d4d-c524a66d4f9c,c4,DROP,1020,?,i12,
1769091733.8639867,SENT,e4dd86a6-0ae4-4b16-a02d-2a4378af83de,e59040fc-8664-45e2-8a59-6f167c997441,c1,DROP,1020,?,i4,
1769091733.8640263,FORWARDED,e4dd86a6-0ae4-4b16-a02d-2a4378af83de,e59040fc-8664-45e2-8a59-6f167c997441,c1,DROP,1020,?,i4,
1769091733.8985438,RECEIVED,8b069e33-015d-49e9-bf33-176e9e245109,ad87fc05-5509-4744-8945-dd22640654d4,c2,DROP,1457,p2,?,
1769091733.9303296,RECEIVED,2ce7fe43-6df4-4d12-8ef1-80c66d1e9746,7dae7c41-5232-427f-a9f0-ec59bc94fe55,c3,c4,2044,p3,?,
1769091733.9342723,RECEIVED,addac077-1ab4-44c4-ba03-73b01d9cfd02,a84fbc45-f6fb-4106-bef7-ac1d6adf3788,c3,c4,2042,p3,?,
1769091733.9905334,SENT,489d6761-1131-46f3-8410-4548039f5cb2,14b17abf-4a74-4cbe-a9fc-0d719871c47f,c5,c4,1457,?,i4,
1769091733.9905832,FORWARDED,489d6761-1131-46f3-8410-4548039f5cb2,14b17abf-4a74-4cbe-a9fc-0d719871c47f,c5,c4,1457,?,i4,
1769091734.120318,SENT,2ce7fe43-6df4-4d12-8ef1-80c66d1e9746,7dae7c41-5232-427f-a9f0-ec59bc94fe55,c3,c4,1460,?,i5,
1769091734.1205168,FORWARDED,2ce7fe43-6df4-4d12-8ef1-80c66d1e9746,7dae7c41-5232-427f-a9f0-ec59bc94fe55,c3,c4,1460,?,i5,
1769091734.2009325,SENT,939c5a74-929f-477b-b48f-473033e2a0ec,1994f5b1-6d86-4893-b489-10d6f069df2d,c4,c1,1451,?,i7,
1769091734.2009754,FORWARDED,939c5a74-929f-477b-b48f-473033e2a0ec,1994f5b1-6d86-4893-b489-10d6f069df2d,c4,c1,1451,?,i7,
1769091734.2173407,RECEIVED,c6e0a02e-5d52-4125-96e6-b1b83931a467,c48e7bc7-9a44-44b2-a6f4-5cd2906a4516,c3,DROP,442,x10,?,
1769091734.2999184,SENT,8b069e33-015d-49e9-bf33-176e9e245109,ad87fc05-5509-4744-8945-dd22640654d4,c2,DROP,1020,?,i10,
1769091734.299961,FORWARDED,8b069e33-015d-49e9-bf33-176e9e245109,ad87fc05-5509-4744-8945-dd22640654d4,c2,DROP,1020,?,i10,
1769091734.304709,RECEIVED,b4fd26a4-3d82-4588-9e8c-b911a7d6dee7,0ae63218-ff85-45bf-b973-8446ca9ca417,c2,DROP,442,x11,?,
1769091734.6638901,RECEIVED,0ce13b19-3572-42a4-b04a-6297a02ac8ff,ccb5d6bc-a0b0-4056-a07a-4852ccc5e1ab,c4,c1,2048,p1,?,
1769091734.8484426,RECEIVED,0bb81491-ac90-4ae6-b9fd-365d1af92867,88e4a93f-3afc-41c2-ab47-94955a1514f6,c2,c1,2047,p2,?,
1769091734.9309168,RECEIVED,c803817c-c5f1-4dd7-b4b7-0b9dd1a0b796,9323f2d6-975c-4ced-b3d2-2a8fffdb519d,c5,DROP,445,x3,?,
1769091735.1851697,RECEIVED,6acda6bc-f74b-4ef1-870e-f3252e7a2de6,d557a5ba-4c02-4503-89fc-f94d1b59b0e6,c2,DROP,1440,p2,?,
1769091735.3130064,SENT,6acda6bc-f74b-4ef1-870e-f3252e7a2de6,d557a5ba-4c02-4503-89fc-f94d1b59b0e6,c2,DROP,1006,?,i3,
1769091735.3145409,FORWARDED,6acda6bc-f74b-4ef1-870e-f3252e7a2de6,d557a5ba-4c02-4503-89fc-f94d1b59b0e6,c2,DROP,1006,?,i3,
1769091735.4020092,SENT,0ce13b19-3572-42a4-b04a-6297a02ac8ff,ccb5d6bc-a0b0-4056-a07a-4852ccc5e1ab,c4,c1,1462,?,i12,
1769091735.402684,FORWARDED,0ce13b19-3572-42a4-b04a-6297a02ac8ff,ccb5d6bc-a0b0-4056-a07a-4852ccc5e1ab,c4,c1,1462,?,i12,
1769091735.4350326,RECEIVED,4e2ac83e-cdf0-43f9-8298-a0bed6c0bc6d,98e64bfd-df36-490d-b054-7bfcd524a7ac,c4,c1,2049,p1,?,
1769091735.5485635,SENT,4e2ac83e-cdf0-43f9-8298-a0bed6c0bc6d,98e64bfd-df36-490d-b054-7bfcd524a7ac,c4,c1,1463,?,i12,
1769091735.5486047,FORWARDED,4e2ac83e-cdf0-43f9-8298-a0bed6c0bc6d,98e64bfd-df36-490d-b054-7bfcd524a7ac,c4,c1,1463,?,i12,
1769091735.5615094,RECEIVED,2bb092fe-61c8-4a16-ac96-f2c0321be2e0,a52aa75c-f19b-4c27-aef3-1a647d96b221,c1,c5,2032,p1,?,
1769091735.594624,RECEIVED,8122b783-a726-4b88-9af2-08a31ff7080a,6a5cae9c-0b43-4de2-8863-a0b704d413d0,c4,DROP,1439,p1,?,
1769091735.7970765,RECEIVED,76885db6-25b6-42ba-a8ba-cbe25b658403,1a6f0c33-5717-4ca6-8484-428bce9cac98,c2,c1,2044,p2,?,
1769091735.8864214,SENT,2bb092fe-61c8-4a16-ac96-f2c0321be2e0,a52aa75c-f19b-4c27-aef3-1a647d96b221,c1,c5,1452,?,i4,
1769091735.8864615,FORWARDED,2bb092fe-61c8-4a16-ac96-f2c0321be2e0,a52aa75c-f19b-4c27-aef3-1a647d96b221,c1,c5,1452,?,i4,
1769091735.9621387,RECEIVED,b775b615-1fe4-446f-bd06-2cebe5d49c11,e881cd82-ae6b-4e86-98a7-234f0071207f,c1,c5,2037,p1,?,
1769091735.986878,FORWARDED,76885db6-25b6-42ba-a8ba-cbe25b658403,1a6f0c33-5717-4ca6-8484-428bce9cac98,c2,c1,1460,?,i6,
1769091736.034229,RECEIVED,acb3a964-d769-4aa3-b997-cf19cb11e7cb,97803a29-8151-4bd2-bfc8-6932eec6708a,c1,c5,2043,p1,?,
1769091736.086714,SENT,b775b615-1fe4-446f-bd06-2cebe5d49c11,e881cd82-ae6b-4e86-98a7-234f0071207f,c1,c5,1455,?,i10,
1769091736.0867567,FORWARDED,b775b615-1fe4-446f-bd06-2cebe5d49c11,e881cd82-ae6b-4e86-98a7-234f0071207f,c1,c5,1455,?,i10,
1769091736.0948231,RECEIVED,af2628b2-6c02-4c88-a1bb-3e18a20c1743,4ff334d3-560e-48d8-ba31-2dcf841ba893,c4,c1,2049,p1,?,
1769091736.1892009,SENT,af2628b2-6c02-4c88-a1bb-3e18a20c1743,4ff334d3-560e-48d8-ba31-2dcf841ba893,c4,c1,1464,?,i5,
1769091736.1892536,FORWARDED,af2628b2-6c02-4c88-a1bb-3e18a20c1743,4ff334d3-560e-48d8-ba31-2dcf841ba893,c4,c1,1464,?,i5,
1769091736.1936224,FORWARDED,addac077-1ab4-44c4-ba03-73b01d9cfd02,a84fbc45-f6fb-4106-bef7-ac1d6adf3788,c3,c4,1459,?,i6,
1769091736.2413492,SENT,0bb81491-ac90-4ae6-b9fd-365d1af92867,88e4a93f-3afc-41c2-ab47-94955a1514f6,c2,c1,1463,?,i10,
1769091736.2413912,FORWARDED,0bb81491-ac90-4ae6-b9fd-365d1af92867,88e4a93f-3afc-41c2-ab47-94955a1514f6,c2,c1,1463,?,i10,
1769091736.319796,SENT,8122b783-a726-4b88-9af2-08a31ff7080a,6a5cae9c-0b43-4de2-8863-a0b704d413d0,c4,DROP,1006,?,i5,
1769091736.319838,FORWARDED,8122b783-a726-4b88-9af2-08a31ff7080a,6a5cae9c-0b43-4de2-8863-a0b704d413d0,c4,DROP,1006,?,i5,
1769091736.5665712,SENT,acb3a964-d769-4aa3-b997-cf19cb11e7cb,97803a29-8151-4bd2-bfc8-6932eec6708a,c1,c5,1459,?,i8,
1769091736.5666144,FORWARDED,acb3a964-d769-4aa3-b997-cf19cb11e7cb,97803a29-8151-4bd2-bfc8-6932eec6708a,c1,c5,1459,?,i8,
1769091736.5734043,RECEIVED,73dc3326-efce-4c34-a3e4-3ef8c71e745e,29f447de-167f-45da-ae43-8881a7b2838e,c5,c4,2052,p2,?,
1769091736.6526852,SENT,73dc3326-efce-4c34-a3e4-3ef8c71e745e,29f447de-167f-45da-ae43-8881a7b2838e,c5,c4,1466,?,i3,
1769091736.6527479,FORWARDED,73dc3326-efce-4c34-a3e4-3ef8c71e745e,29f447de-167f-45da-ae43-8881a7b2838e,c5,c4,1466,?,i3,
1769091736.849432,RECEIVED,ae045524-f245-4ff9-ac4f-1671befb4c03,1c8361a1-7d68-46e4-bf88-16f9d44ff9c9,c1,DROP,446,x11,?,
1769091737.0820844,RECEIVED,d24ba736-d721-410f-9311-3ced11bbf345,f16d6b29-2f24-45fc-8879-39fe8458ac99,c5,c4,2044,p2,?,
1769091737.1415672,RECEIVED,87e723f2-38c5-4442-ace4-8535bfea99c4,4cb66231-e7dc-4749-af01-e6d45e86d954,c5,DROP,1443,p2,?,
1769091737.3456466,RECEIVED,38997006-cc9b-46b7-b4f1-f8c38a75acca,52a33ebc-9294-435a-94be-15308ad3cc14,c5,DROP,1457,p2,?,
1769091737.3498003,RECEIVED,5c8eacbc-f592-4333-a120-2bd29ca74ed2,67c90cfe-3438-4c4e-949c-2c7238cbb958,c3,c4,2049,p3,?,
1769091737.393741,SENT,d24ba736-d721-410f-9311-3ced11bbf345,f16d6b29-2f24-45fc-8879-39fe8458ac99,c5,c4,1460,?,i7,
1769091737.3937836,FORWARDED,d24ba736-d721-410f-9311-3ced11bbf345,f16d6b29-2f24-45fc-8879-39fe8458ac99,c5,c4,1460,?,i7,
1769091737.405133,SENT,5c8eacbc-f592-4333-a120-2bd29ca74ed2,67c90cfe-3438-4c4e-949c-2c7238cbb958,c3,c4,1463,?,i9,
1769091737.4051716,FORWARDED,5c8eacbc-f592-4333-a120-2bd29ca74ed2,67c90cfe-3438-4c4e-949c-2c7238cbb958,c3,c4,1463,?,i9,
1769091737.4263875,RECEIVED,36b05e96-cff0-4b4a-ac0c-def54065b8ff,3b184165-cb55-45cb-8881-a11a00efed5d,c4,c1,2040,p1,?,
1769091737.5060441,SENT,38997006-cc9b-46b7-b4f1-f8c38a75acca,52a33ebc-9294-435a-94be-15308ad3cc14,c5,DROP,1020,?,i11,
1769091737.5061018,FORWARDED,38997006-cc9b-46b7-b4f1-f8c38a75acca,52a33ebc-9294-435a-94be-15308ad3cc14,c5,DROP,1020,?,i11,
1769091737.61821,RECEIVED,1dd24afa-ed0e-41d1-a7aa-4a6f20764f3c,0c02c962-38f1-4eb2-8099-0e5a59e8555c,c5,c4,2045,p2,?,
1769091737.7080765,SENT,1dd24afa-ed0e-41d1-a7aa-4a6f20764f3c,0c02c962-38f1-4eb2-8099-0e5a59e8555c,c5,c4,1460,?,i2,
1769091737.7081175,FORWARDED,1dd24afa-ed0e-41d1-a7aa-4a6f20764f3c,0c02c962-38f1-4eb2-8099-0e5a59e8555c,c5,c4,1460,?,i2,
1769091737.7436182,SENT,36b05e96-cff0-4b4a-ac0c-def54065b8ff,3b184165-cb55-45cb-8881-a11a00efed5d,c4,c1,1458,?,i3,
1769091737.7436614,FORWARDED,36b05e96-cff0-4b4a-ac0c-def54065b8ff,3b184165-cb55-45cb-8881-a11a00efed5d,c4,c1,1458,?,i3,
1769091737.9190762,RECEIVED,d3d7ecfa-089b-4c09-b218-db7fac3fdbf7,fa04ba28-557f-4d69-a6d4-2e1c6da030ae,c4,c1,2034,p1,?,
1769091737.945235,SENT,d3d7ecfa-089b-4c09-b218-db7fac3fdbf7,fa04ba28-557f-4d69-a6d4-2e1c6da030ae,c4,c1,1451,?,i2,
1769091737.9452765,FORWARDED,d3d7ecfa-089b-4c09-b218-db7fac3fdbf7,fa04ba28-557f-4d69-a6d4-2e1c6da030ae,c4,c1,1451,?,i2,
1769091738.1621802,RECEIVED,7d9c0756-8693-4223-bdf6-ff8aea2c567d,e7501833-95b9-4a04-a5c5-8140ea529533,c5,c4,2036,p2,?,
1769091738.3481407,SENT,7d9c0756-8693-4223-bdf6-ff8aea2c567d,e7501833-95b9-4a04-a5c5-8140ea529533,c5,c4,1455,?,i5,
1769091738.3481824,FORWARDED,7d9c0756-8693-4223-bdf6-ff8aea2c567d,e7501833-95b9-4a04-a5c5-8140ea529533,c5,c4,1455,?,i5,
1769091738.4721339,RECEIVED,b3216204-3654-4366-8a1b-6b1338094ce1,602da73c-79b0-48e8-ba71-b735a8cba38d,c2,c1,2019,p2,?,
1769091738.5347934,RECEIVED,b2b8b559-c61c-4cbb-81af-d181c2f69e1a,7b19cf09-f4c5-447b-9da1-bf006a318ce9,c1,c5,2049,p1,?,
1769091738.548822,RECEIVED,b949a949-8179-4ce4-bfc4-ff3b876380ef,80ccd8d0-dc2c-4b8b-9738-73da0995a0fc,c5,c4,2047,p2,?,
1769091738.5768566,RECEIVED,f4b23902-ca41-4292-a7be-0c78aba45398,cec47cad-042f-4898-8f28-e73962b18caa,c1,DROP,1441,p1,?,
1769091738.5837495,RECEIVED,97f1a948-e2c7-4fbb-890c-28188fa9c1e4,ad3774b2-3767-4030-90dc-0cbb66d19e1e,c2,c1,2051,p2,?,
1769091738.6082,SENT,b2b8b559-c61c-4cbb-81af-d181c2f69e1a,7b19cf09-f4c5-447b-9da1-bf006a318ce9,c1,c5,1464,?,i11,
1769091738.6082423,FORWARDED,b2b8b559-c61c-4cbb-81af-d181c2f69e1a,7b19cf09-f4c5-447b-9da1-bf006a318ce9,c1,c5,1464,?,i11,
1769091738.64012,SENT,f4b23902-ca41-4292-a7be-0c78aba45398,cec47cad-042f-4898-8f28-e73962b18caa,c1,DROP,1006,?,i3,
1769091738.6401632,FORWARDED,f4b23902-ca41-4292-a7be-0c78aba45398,cec47cad-042f-4898-8f28-e73962b18caa,c1,DROP,1006,?,i3,
1769091738.6930115,RECEIVED,c86b8ad3-c451-45bf-a0b8-1e0dcdc7008c,48be21b3-f257-48a2-a16d-7afd12484528,c4,c1,2045,p1,?,
1769091738.7279336,RECEIVED,dc1db95b-c5e8-4e17-a3e0-054e882b2810,07b4cd00-fd18-41f9-bdd9-6611fe467e89,c3,c4,2023,p3,?,
1769091738.800945,SENT,87e723f2-38c5-4442-ace4-8535bfea99c4,4cb66231-e7dc-4749-af01-e6d45e86d954,c5,DROP,1011,?,i4,
1769091738.80099,FORWARDED,87e723f2-38c5-4442-ace4-8535bfea99c4,4cb66231-e7dc-4749-af01-e6d45e86d954,c5,DROP,1011,?,i4,
1769091738.9348664,SENT,c86b8ad3-c451-45bf-a0b8-1e0dcdc7008c,48be21b3-f257-48a2-a16d-7afd12484528,c4,c1,1460,?,i12,
1769091738.9349077,FORWARDED,c86b8ad3-c451-45bf-a0b8-1e0dcdc7008c,48be21b3-f257-48a2-a16d-7afd12484528,c4,c1,1460,?,i12,
1769091739.0594282,FORWARDED,b949a949-8179-4ce4-bfc4-ff3b876380ef,80ccd8d0-dc2c-4b8b-9738-73da0995a0fc,c5,c4,1463,?,i6,
1769091739.0765417,SENT,b3216204-3654-4366-8a1b-6b1338094ce1,602da73c-79b0-48e8-ba71-b735a8cba38d,c2,c1,1443,?,i1,
1769091739.0765831,FORWARDED,b3216204-3654-4366-8a1b-6b1338094ce1,602da73c-79b0-48e8-ba71-b735a8cba38d,c2,c1,1443,?,i1,
1769091739.1368659,RECEIVED,860c7f43-3c46-448d-9358-49e0191822dc,f4308567-3aff-47a8-abd7-547cc734319b,c2,DROP,441,x6,?,
1769091739.1385782,RECEIVED,a26a9e5e-36f2-4cc6-b26a-d1fec6e4da28,90129b84-099e-4e17-8a9c-bd7fed6ab03d,c4,DROP,1456,p1,?,
1769091739.324539,RECEIVED,6dacda6a-255a-428e-a3ba-610fdb98d93f,02848fa1-245b-49dc-8bdb-41e2eb7f3da4,c3,DROP,1440,p3,?,
1769091739.393202,RECEIVED,fd37450d-f3dd-48fe-8352-85c7482c1150,e1f9be69-8b0d-4aea-8ad3-67c7788ba347,c1,c5,2060,p1,?,
1769091739.3941805,SENT,97f1a948-e2c7-4fbb-890c-28188fa9c1e4,ad3774b2-3767-4030-90dc-0cbb66d19e1e,c2,c1,1465,?,i3,
1769091739.3942208,FORWARDED,97f1a948-e2c7-4fbb-890c-28188fa9c1e4,ad3774b2-3767-4030-90dc-0cbb66d19e1e,c2,c1,1465,?,i3,
1769091739.4206116,SENT,a26a9e5e-36f2-4cc6-b26a-d1fec6e4da28,90129b84-099e-4e17-8a9c-bd7fed6ab03d,c4,DROP,1019,?,i11,
1769091739.4206536,FORWARDED,a26a9e5e-36f2-4cc6-b26a-d1fec6e4da28,90129b84-099e-4e17-8a9c-bd7fed6ab03d,c4,DROP,1019,?,i11,
1769091739.5179608,RECEIVED,4606f665-d123-44e2-ae9d-2dca638597cb,956cd25b-e8c3-4789-b290-b6173a900b21,c2,DROP,1440,p2,?,
1769091739.5610108,RECEIVED,0198f7b4-d791-4845-9d48-9f01baff70fc,104dbe11-fda6-4505-bb7e-e43845e99252,c2,c1,2043,p2,?,
1769091739.5617492,FORWARDED,fd37450d-f3dd-48fe-8352-85c7482c1150,e1f9be69-8b0d-4aea-8ad3-67c7788ba347,c1,c5,1471,?,i6,
1769091739.5805178,FORWARDED,4606f665-d123-44e2-ae9d-2dca638597cb,956cd25b-e8c3-4789-b290-b6173a900b21,c2,DROP,1008,?,i6,
1769091739.656031,RECEIVED,a50452c6-3cb5-40be-9bfa-6bd7ee41fe8a,b1289f5b-171f-425e-8c3e-3bd89af5d56b,c1,c5,2051,p1,?,
1769091739.7398388,SENT,6dacda6a-255a-428e-a3ba-610fdb98d93f,02848fa1-245b-49dc-8bdb-41e2eb7f3da4,c3,DROP,1007,?,i12,
1769091739.7398837,FORWARDED,6dacda6a-255a-428e-a3ba-610fdb98d93f,02848fa1-245b-49dc-8bdb-41e2eb7f3da4,c3,DROP,1007,?,i12,
1769091739.901506,SENT,dc1db95b-c5e8-4e17-a3e0-054e882b2810,07b4cd00-fd18-41f9-bdd9-6611fe467e89,c3,c4,1444,?,i1,
1769091739.9015532,FORWARDED,dc1db95b-c5e8-4e17-a3e0-054e882b2810,07b4cd00-fd18-41f9-bdd9-6611fe467e89,c3,c4,1444,?,i1,
1769091740.0202482,SENT,0198f7b4-d791-4845-9d48-9f01baff70fc,104dbe11-fda6-4505-bb7e-e43845e99252,c2,c1,1460,?,i5,
1769091740.0202892,FORWARDED,0198f7b4-d791-4845-9d48-9f01baff70fc,104dbe11-fda6-4505-bb7e-e43845e99252,c2,c1,1460,?,i5,
1769091740.2127035,RECEIVED,fe365742-bfdf-4669-933f-977f01881798,9230ae5f-0d37-49c8-ae42-4ac44a75c3c3,c1,c5,2055,p1,?,
1769091740.2288833,RECEIVED,49201251-f122-4fcf-b0c0-83d81c221e60,f13cc984-afc6-44e9-b195-996bf3fdf707,c1,DROP,1443,p1,?,
1769091740.250271,RECEIVED,d6d217b4-7ac7-47d5-af15-54fd3dce4869,3da96609-0429-455d-9438-c66772597219,c3,DROP,1456,p3,?,
1769091740.2981863,SENT,fe365742-bfdf-4669-933f-977f01881798,9230ae5f-0d37-49c8-ae42-4ac44a75c3c3,c1,c5,1466,?,i12,
1769091740.2982264,FORWARDED,fe365742-bfdf-4669-933f-977f01881798,9230ae5f-0d37-49c8-ae42-4ac44a75c3c3,c1,c5,1466,?,i12,
1769091740.30812,RECEIVED,d257d2a7-9cf7-48c8-a381-b5cf68064cf5,c685e6fc-ba04-4370-bf5e-534ddd353948,c2,c1,2036,p2,?,
1769091740.3798914,RECEIVED,d469cbad-0473-4f12-a71c-12a353c7aad1,1d9e887e-49d6-4064-84a9-a183a748d30f,c1,DROP,1456,p1,?,
1769091740.50457,RECEIVED,b288faf9-9368-4916-9012-638e155a7b36,9bbebb36-e2fe-4b34-8b80-cd858e087b9d,c1,c5,2039,p1,?,
1769091740.5132618,SENT,d6d217b4-7ac7-47d5-af15-54fd3dce4869,3da96609-0429-455d-9438-c66772597219,c3,DROP,1020,?,i7,
1769091740.5133102,FORWARDED,d6d217b4-7ac7-47d5-af15-54fd3dce4869,3da96609-0429-455d-9438-c66772597219,c3,DROP,1020,?,i7,
1769091740.536085,SENT,d257d2a7-9cf7-48c8-a381-b5cf68064cf5,c685e6fc-ba04-4370-bf5e-534ddd353948,c2,c1,1455,?,i9,
1769091740.5363147,FORWARDED,d257d2a7-9cf7-48c8-a381-b5cf68064cf5,c685e6fc-ba04-4370-bf5e-534ddd353948,c2,c1,1455,?,i9,
1769091740.5460117,RECEIVED,83af6098-8c63-4425-8aa1-25872cf6b99a,80593957-0cec-4e36-a0bd-c1bb4d603728,c1,DROP,445,x2,?,
1769091740.5791738,FORWARDED,d469cbad-0473-4f12-a71c-12a353c7aad1,1d9e887e-49d6-4064-84a9-a183a748d30f,c1,DROP,1019,?,i6,
1769091740.6642041,RECEIVED,3f62fe71-6b24-40a2-988d-f2b8c450cf75,c630fe1a-7085-4ebb-a939-8a1f6b0c8b36,c5,c4,2048,p2,?,
1769091740.6805577,SENT,a50452c6-3cb5-40be-9bfa-6bd7ee41fe8a,b1289f5b-171f-425e-8c3e-3bd89af5d56b,c1,c5,1465,?,i1,
1769091740.6806054,FORWARDED,a50452c6-3cb5-40be-9bfa-6bd7ee41fe8a,b1289f5b-171f-425e-8c3e-3bd89af5d56b,c1,c5,1465,?,i1,
1769091740.6946578,RECEIVED,6252a21e-b71b-47fa-8cd7-db2239c64e96,488c9ffc-3570-4c86-9f3b-f626ede9149b,c5,DROP,1443,p2,?,
1769091740.8075683,SENT,49201251-f122-4fcf-b0c0-83d81c221e60,f13cc984-afc6-44e9-b195-996bf3fdf707,c1,DROP,1011,?,i4,
1769091740.8076174,FORWARDED,49201251-f122-4fcf-b0c0-83d81c221e60,f13cc984-afc6-44e9-b195-996bf3fdf707,c1,DROP,1011,?,i4,
1769091740.830013,FORWARDED,3f62fe71-6b24-40a2-988d-f2b8c450cf75,c630fe1a-7085-4ebb-a939-8a1f6b0c8b36,c5,c4,1464,?,i6,
1769091741.0262601,RECEIVED,b8845304-e7cc-4be8-b40f-930e35655768,e1b3692d-a5c4-4a8f-ac73-cc8b40dbb395,c2,c1,2024,p2,?,
1769091741.1485941,RECEIVED,4b49582e-072d-494a-8dbe-784372bc7c9c,0e458dc0-6c69-4294-8792-49f308b86a4d,c3,DROP,1439,p3,?,
1769091741.1564465,RECEIVED,38b9b607-a80e-4b72-a61a-9886fe6973f5,f40fc3a9-014a-4d2b-8081-0e993f238f22,c5,DROP,1438,p2,?,
1769091741.2343671,FORWARDED,6252a21e-b71b-47fa-8cd7-db2239c64e96,488c9ffc-3570-4c86-9f3b-f626ede9149b,c5,DROP,1009,?,i6,
1769091741.3239284,RECEIVED,0e2d98b3-5f7a-4dbe-92e0-d3b0e460f43b,48d4f6ac-15de-4c88-b48f-a9563ca08d9b,c4,c1,2051,p1,?,
1769091741.3394344,RECEIVED,d58ea6c0-2887-422d-b89c-1185997a444d,fc87ec72-28e4-4325-8a10-9a81e865829a,c2,DROP,1440,p2,?,
1769091741.721505,RECEIVED,b5786ba9-a36e-490b-b4ff-545e88f5c427,2d4c2da9-67a6-45a7-935c-1bf118760232,c4,c1,2031,p1,?,
1769091741.8203435,RECEIVED,8e3c73d3-7cd6-40ec-8884-ed7b79e09599,16e9ea1a-ffc4-43dd-9b3f-e05c894193f7,c5,c4,2034,p2,?,
1769091742.1034384,SENT,b288faf9-9368-4916-9012-638e155a7b36,9bbebb36-e2fe-4b34-8b80-cd858e087b9d,c1,c5,1456,?,i4,
1769091742.1034794,FORWARDED,b288faf9-9368-4916-9012-638e155a7b36,9bbebb36-e2fe-4b34-8b80-cd858e087b9d,c1,c5,1456,?,i4,
1769091742.118925,SENT,b8845304-e7cc-4be8-b40f-930e35655768,e1b3692d-a5c4-4a8f-ac73-cc8b40dbb395,c2,c1,1444,?,i10,
1769091742.1189775,FORWARDED,b8845304-e7cc-4be8-b40f-930e35655768,e1b3692d-a5c4-4a8f-ac73-cc8b40dbb395,c2,c1,1444,?,i10,
1769091742.134198,SENT,4b49582e-072d-494a-8dbe-784372bc7c9c,0e458dc0-6c69-4294-8792-49f308b86a4d,c3,DROP,1008,?,i9,
1769091742.1342459,FORWARDED,4b49582e-072d-494a-8dbe-784372bc7c9c,0e458dc0-6c69-4294-8792-49f308b86a4d,c3,DROP,1008,?,i9,
1769091742.2885668,SENT,b5786ba9-a36e-490b-b4ff-545e88f5c427,2d4c2da9-67a6-45a7-935c-1bf118760232,c4,c1,1451,?,i7,
1769091742.2886097,FORWARDED,b5786ba9-a36e-490b-b4ff-545e88f5c427,2d4c2da9-67a6-45a7-935c-1bf118760232,c4,c1,1451,?,i7,
1769091742.3522983,SENT,d58ea6c0-2887-422d-b89c-1185997a444d,fc87ec72-28e4-4325-8a10-9a81e865829a,c2,DROP,1007,?,i10,
1769091742.3523383,FORWARDED,d58ea6c0-2887-422d-b89c-1185997a444d,fc87ec72-28e4-4325-8a10-9a81e865829a,c2,DROP,1007,?,i10,
1769091742.4786208,RECEIVED,7f1363ec-6931-448d-b540-7ec04507d347,52e17ad4-784e-4966-8961-090314e54e01,c5,c4,2047,p2,?,
1769091742.7499475,RECEIVED,a4a26608-45ca-4d94-9937-77e2fef52309,05aa0d20-b432-4e9a-9abf-aaca07f2de3b,c4,DROP,1452,p1,?,
1769091742.8525708,RECEIVED,b3f1e7ca-3a52-4d3f-a34d-af94a50d59a3,9f3ec50d-b893-4997-9316-4b44b5bfd470,c1,c5,2052,p1,?,
1769091742.8962367,SENT,7f1363ec-6931-448d-b540-7ec04507d347,52e17ad4-784e-4966-8961-090314e54e01,c5,c4,1463,?,i8,
1769091742.896278,FORWARDED,7f1363ec-6931-448d-b540-7ec04507d347,52e17ad4-784e-4966-8961-090314e54e01,c5,c4,1463,?,i8,
1769091743.0104597,SENT,a4a26608-45ca-4d94-9937-77e2fef52309,05aa0d20-b432-4e9a-9abf-aaca07f2de3b,c4,DROP,1017,?,i10,
1769091743.0105035,FORWARDED,a4a26608-45ca-4d94-9937-77e2fef52309,05aa0d20-b432-4e9a-9abf-aaca07f2de3b,c4,DROP,1017,?,i10,
1769091743.026166,SENT,b3f1e7ca-3a52-4d3f-a34d-af94a50d59a3,9f3ec50d-b893-4997-9316-4b44b5bfd470,c1,c5,1465,?,i5,
1769091743.0262234,FORWARDED,b3f1e7ca-3a52-4d3f-a34d-af94a50d59a3,9f3ec50d-b893-4997-9316-4b44b5bfd470,c1,c5,1465,?,i5,
1769091743.16163,RECEIVED,924eab94-2086-4d60-9d40-c12596e0740a,883e7849-ba41-48c4-b529-f7a0065f7ee6,c3,c4,2036,p3,?,
1769091743.163212,SENT,0e2d98b3-5f7a-4dbe-92e0-d3b0e460f43b,48d4f6ac-15de-4c88-b48f-a9563ca08d9b,c4,c1,1467,?,i2,
1769091743.1632533,FORWARDED,0e2d98b3-5f7a-4dbe-92e0-d3b0e460f43b,48d4f6ac-15de-4c88-b48f-a9563ca08d9b,c4,c1,1467,?,i2,
1769091743.2574978,RECEIVED,70004e67-5405-49a1-b0e7-781aa73c379b,83c353b5-77b3-4df3-a461-0b56985752b5,c5,c4,2044,p2,?,
1769091743.2868943,RECEIVED,886c822d-5baf-4563-ba12-88d778b7fd9f,d900cbd4-3e6e-47fd-a2a8-27173649cc12,c2,DROP,1452,p2,?,
1769091743.29369,SENT,924eab94-2086-4d60-9d40-c12596e0740a,883e7849-ba41-48c4-b529-f7a0065f7ee6,c3,c4,1454,?,i3,
1769091743.293729,FORWARDED,924eab94-2086-4d60-9d40-c12596e0740a,883e7849-ba41-48c4-b529-f7a0065f7ee6,c3,c4,1454,?,i3,
1769091743.5786312,SENT,886c822d-5baf-4563-ba12-88d778b7fd9f,d900cbd4-3e6e-47fd-a2a8-27173649cc12,c2,DROP,1015,?,i2,
1769091743.5786693,FORWARDED,886c822d-5baf-4563-ba12-88d778b7fd9f,d900cbd4-3e6e-47fd-a2a8-27173649cc12,c2,DROP,1015,?,i2,
1769091743.6151817,SENT,38b9b607-a80e-4b72-a61a-9886fe6973f5,f40fc3a9-014a-4d2b-8081-0e993f238f22,c5,DROP,1007,?,i2,
1769091743.6152236,FORWARDED,38b9b607-a80e-4b72-a61a-9886fe6973f5,f40fc3a9-014a-4d2b-8081-0e993f238f22,c5,DROP,1007,?,i2,
1769091743.641918,FORWARDED,70004e67-5405-49a1-b0e7-781aa73c379b,83c353b5-77b3-4df3-a461-0b56985752b5,c5,c4,1459,?,i6,
1769091743.8968575,RECEIVED,7bd9b34c-3925-4325-bdd3-268dc8a8bc40,f4aa1fed-88c0-4205-9533-ca1a8edb681d,c4,DROP,1447,p1,?,
1769091743.9186046,RECEIVED,6b78bc27-8237-4828-a57e-caaaaa5fbe5d,a51af1c6-0ee4-4891-9ae5-8468f26861eb,c3,c4,2022,p3,?,
1769091744.0457344,SENT,8e3c73d3-7cd6-40ec-8884-ed7b79e09599,16e9ea1a-ffc4-43dd-9b3f-e05c894193f7,c5,c4,1453,?,i8,
1769091744.0457737,FORWARDED,8e3c73d3-7cd6-40ec-8884-ed7b79e09599,16e9ea1a-ffc4-43dd-9b3f-e05c894193f7,c5,c4,1453,?,i8,
1769091744.115371,SENT,6b78bc27-8237-4828-a57e-caaaaa5fbe5d,a51af1c6-0ee4-4891-9ae5-8468f26861eb,c3,c4,1444,?,i2,
1769091744.1154103,FORWARDED,6b78bc27-8237-4828-a57e-caaaaa5fbe5d,a51af1c6-0ee4-4891-9ae5-8468f26861eb,c3,c4,1444,?,i2,
1769091744.160154,SENT,7bd9b34c-3925-4325-bdd3-268dc8a8bc40,f4aa1fed-88c0-4205-9533-ca1a8edb681d,c4,DROP,1012,?,i7,
1769091744.1602054,FORWARDED,7bd9b34c-3925-4325-bdd3-268dc8a8bc40,f4aa1fed-88c0-4205-9533-ca1a8edb681d,c4,DROP,1012,?,i7,
1769091744.6229568,RECEIVED,89fa8297-7dc9-4f56-b678-49d79be8d1c0,771cfedc-9f06-4d29-8f2f-71869b011561,c5,c4,2039,p2,?,
1769091744.8771634,RECEIVED,dda23499-f1a2-4a95-81c2-9e2251749ce7,f1124f00-43f0-4384-9919-728d72e8b118,c1,c5,2035,p1,?,
1769091744.940977,RECEIVED,c943976a-5cfb-46f5-93bc-7c209d8d5c9b,b2b6b89c-fcd1-45ce-8ca0-3d093641923d,c4,DROP,1461,p1,?,
1769091744.9728808,RECEIVED,a551b173-1af5-4247-8b35-202b24533090,203c2be0-4c0e-4195-aa24-da18f512de1d,c3,c4,2026,p3,?,
1769091745.024719,RECEIVED,b76c5f5a-8721-4bb5-b395-677be9cf06c0,10e2cd4d-2d9d-410d-b8c3-ec5ca0a58a86,c1,c5,2048,p1,?,
1769091745.042488,RECEIVED,a43b420f-acda-4037-a533-ebbfa0c8fb72,6cf96421-6e87-4837-ae33-128eceba7a05,c3,c4,2040,p3,?,
1769091745.0623245,SENT,c943976a-5cfb-46f5-93bc-7c209d8d5c9b,b2b6b89c-fcd1-45ce-8ca0-3d093641923d,c4,DROP,1021,?,i10,
1769091745.0623667,FORWARDED,c943976a-5cfb-46f5-93bc-7c209d8d5c9b,b2b6b89c-fcd1-45ce-8ca0-3d093641923d,c4,DROP,1021,?,i10,
1769091745.1162221,SENT,b76c5f5a-8721-4bb5-b395-677be9cf06c0,10e2cd4d-2d9d-410d-b8c3-ec5ca0a58a86,c1,c5,1464,?,i7,
1769091745.116264,FORWARDED,b76c5f5a-8721-4bb5-b395-677be9cf06c0,10e2cd4d-2d9d-410d-b8c3-ec5ca0a58a86,c1,c5,1464,?,i7,
1769091745.1488552,SENT,a43b420f-acda-4037-a533-ebbfa0c8fb72,6cf96421-6e87-4837-ae33-128eceba7a05,c3,c4,1456,?,i8,
1769091745.148895,FORWARDED,a43b420f-acda-4037-a533-ebbfa0c8fb72,6cf96421-6e87-4837-ae33-128eceba7a05,c3,c4,1456,?,i8,
1769091745.2426488,SENT,dda23499-f1a2-4a95-81c2-9e2251749ce7,f1124f00-43f0-4384-9919-728d72e8b118,c1,c5,1455,?,i5,
1769091745.2426884,FORWARDED,dda23499-f1a2-4a95-81c2-9e2251749ce7,f1124f00-43f0-4384-9919-728d72e8b118,c1,c5,1455,?,i5,
1769091745.2551908,RECEIVED,a01c4267-d4c8-4d7e-a3ad-41d3d76b6bff,58cbd9c7-e9c8-4b0f-8685-033851f5f6b9,c3,c4,2036,p3,?,
1769091745.5418563,RECEIVED,a9032c05-5db0-4f1b-8df1-a26514164e0c,33c0b575-8c71-4bb8-839c-4bf80e1ea919,c4,DROP,1440,p1,?,
1769091745.5875297,SENT,a01c4267-d4c8-4d7e-a3ad-41d3d76b6bff,58cbd9c7-e9c8-4b0f-8685-033851f5f6b9,c3,c4,1455,?,i7,
1769091745.5875692,FORWARDED,a01c4267-d4c8-4d7e-a3ad-41d3d76b6bff,58cbd9c7-e9c8-4b0f-8685-033851f5f6b9,c3,c4,1455,?,i7,
1769091745.666588,SENT,a9032c05-5db0-4f1b-8df1-a26514164e0c,33c0b575-8c71-4bb8-839c-4bf80e1ea919,c4,DROP,1007,?,i8,
1769091745.6666298,FORWARDED,a9032c05-5db0-4f1b-8df1-a26514164e0c,33c0b575-8c71-4bb8-839c-4bf80e1ea919,c4,DROP,1007,?,i8,
1769091745.6817648,RECEIVED,b8aadf75-1e57-4013-9f8a-dd0d8c23d1e9,c3c3e32e-0a56-47cd-8170-0b907b870a89,c4,c1,2020,p1,?,
1769091745.695771,RECEIVED,df5d282d-8cf9-472a-b776-b1fc530e544d,8bb9048b-69d4-46e0-a500-28fb462762eb,c2,c1,2032,p2,?,
1769091745.7401042,RECEIVED,aa0454b9-868c-45e7-8c24-182bba7ed3ad,a37d051f-6e49-4a0e-8ee3-483c05e1554f,c1,c5,2044,p1,?,
1769091745.9451454,SENT,aa0454b9-868c-45e7-8c24-182bba7ed3ad,a37d051f-6e49-4a0e-8ee3-483c05e1554f,c1,c5,1461,?,i3,
1769091745.9451864,FORWARDED,aa0454b9-868c-45e7-8c24-182bba7ed3ad,a37d051f-6e49-4a0e-8ee3-483c05e1554f,c1,c5,1461,?,i3,
1769091746.0659852,SENT,a551b173-1af5-4247-8b35-202b24533090,203c2be0-4c0e-4195-aa24-da18f512de1d,c3,c4,1448,?,i5,
1769091746.0660272,FORWARDED,a551b173-1af5-4247-8b35-202b24533090,203c2be0-4c0e-4195-aa24-da18f512de1d,c3,c4,1448,?,i5,
1769091746.0935488,SENT,df5d282d-8cf9-472a-b776-b1fc530e544d,8bb9048b-69d4-46e0-a500-28fb462762eb,c2,c1,1452,?,i8,
1769091746.0935912,FORWARDED,df5d282d-8cf9-472a-b776-b1fc530e544d,8bb9048b-69d4-46e0-a500-28fb462762eb,c2,c1,1452,?,i8,
1769091746.1287825,SENT,89fa8297-7dc9-4f56-b678-49d79be8d1c0,771cfedc-9f06-4d29-8f2f-71869b011561,c5,c4,1456,?,i5,
1769091746.128824,FORWARDED,89fa8297-7dc9-4f56-b678-49d79be8d1c0,771cfedc-9f06-4d29-8f2f-71869b011561,c5,c4,1456,?,i5,
1769091746.2092986,RECEIVED,ea029440-8aec-454e-ad57-23d05b8eecb1,924029ee-0e45-46cc-86ee-3a417081e013,c5,c4,2044,p2,?,
1769091746.2094076,RECEIVED,9da9fb4f-14d4-4575-8147-a1d1ab8f7cab,4fa4a0dd-67a1-400d-8756-694af37643dc,c4,c1,2041,p1,?,
1769091746.239446,RECEIVED,ff308395-b307-495f-90b2-427a0e9f5a2a,6da5ad08-8a6a-4ca5-acd4-20c3d082a479,c3,c4,2031,p3,?,
1769091746.2503543,SENT,9da9fb4f-14d4-4575-8147-a1d1ab8f7cab,4fa4a0dd-67a1-400d-8756-694af37643dc,c4,c1,1457,?,i5,
1769091746.2503893,FORWARDED,9da9fb4f-14d4-4575-8147-a1d1ab8f7cab,4fa4a0dd-67a1-400d-8756-694af37643dc,c4,c1,1457,?,i5,
1769091746.323449,RECEIVED,558c4013-3469-4805-83f6-45a13d73104c,23e8e5cb-f25d-4156-8f6e-1cc64785a96e,c2,DROP,1444,p2,?,
1769091746.3399582,RECEIVED,c8d36149-c2f0-421b-b954-912538646dbd,542a8c41-9df3-4853-bb5e-8d560d0cf916,c3,c4,2048,p3,?,
1769091746.4799795,SENT,ff308395-b307-495f-90b2-427a0e9f5a2a,6da5ad08-8a6a-4ca5-acd4-20c3d082a479,c3,c4,1452,?,i9,
1769091746.48002,FORWARDED,ff308395-b307-495f-90b2-427a0e9f5a2a,6da5ad08-8a6a-4ca5-acd4-20c3d082a479,c3,c4,1452,?,i9,
1769091746.538593,SENT,c8d36149-c2f0-421b-b954-912538646dbd,542a8c41-9df3-4853-bb5e-8d560d0cf916,c3,c4,1464,?,i4,
1769091746.538745,FORWARDED,c8d36149-c2f0-421b-b954-912538646dbd,542a8c41-9df3-4853-bb5e-8d560d0cf916,c3,c4,1464,?,i4,
1769091746.5952594,SENT,558c4013-3469-4805-83f6-45a13d73104c,23e8e5cb-f25d-4156-8f6e-1cc64785a96e,c2,DROP,1010,?,i5,
1769091746.5953019,FORWARDED,558c4013-3469-4805-83f6-45a13d73104c,23e8e5cb-f25d-4156-8f6e-1cc64785a96e,c2,DROP,1010,?,i5,
1769091746.696213,RECEIVED,b729d880-bf3e-4a02-bec8-b70b400d5b76,66d44a95-8436-4382-92d1-e4fe656e6cfc,c5,c4,2040,p2,?,
1769091746.7012546,RECEIVED,2f60cfa6-9261-4eaf-8db5-1a7fb190f98e,20e575da-8152-4678-88e3-0b346267da1b,c1,DROP,1448,p1,?,
1769091746.8364244,RECEIVED,201e48b1-4f0b-46c5-ba95-436778469ff2,51e2e6c5-56e9-4a1a-a712-cf446cc3d67f,c2,c1,2043,p2,?,
1769091746.8469915,SENT,ea029440-8aec-454e-ad57-23d05b8eecb1,924029ee-0e45-46cc-86ee-3a417081e013,c5,c4,1460,?,i12,
1769091746.8470283,FORWARDED,ea029440-8aec-454e-ad57-23d05b8eecb1,924029ee-0e45-46cc-86ee-3a417081e013,c5,c4,1460,?,i12,
1769091746.8762636,SENT,2f60cfa6-9261-4eaf-8db5-1a7fb190f98e,20e575da-8152-4678-88e3-0b346267da1b,c1,DROP,1012,?,i7,
1769091746.8762982,FORWARDED,2f60cfa6-9261-4eaf-8db5-1a7fb190f98e,20e575da-8152-4678-88e3-0b346267da1b,c1,DROP,1012,?,i7,
1769091746.892504,SENT,201e48b1-4f0b-46c5-ba95-436778469ff2,51e2e6c5-56e9-4a1a-a712-cf446cc3d67f,c2,c1,1461,?,i9,
1769091746.892548,FORWARDED,201e48b1-4f0b-46c5-ba95-436778469ff2,51e2e6c5-56e9-4a1a-a712-cf446cc3d67f,c2,c1,1461,?,i9,
1769091746.9869018,SENT,b729d880-bf3e-4a02-bec8-b70b400d5b76,66d44a95-8436-4382-92d1-e4fe656e6cfc,c5,c4,1456,?,i4,
1769091746.9869404,FORWARDED,b729d880-bf3e-4a02-bec8-b70b400d5b76,66d44a95-8436-4382-92d1-e4fe656e6cfc,c5,c4,1456,?,i4,
1769091747.1044006,RECEIVED,ddcdf566-d0d2-4743-ae52-9022d734ca66,88025111-e309-409f-9dd4-eee66e8930b0,c1,c5,2037,p1,?,
1769091747.1633854,SENT,ddcdf566-d0d2-4743-ae52-9022d734ca66,88025111-e309-409f-9dd4-eee66e8930b0,c1,c5,1455,?,i5,
1769091747.1634285,FORWARDED,ddcdf566-d0d2-4743-ae52-9022d734ca66,88025111-e309-409f-9dd4-eee66e8930b0,c1,c5,1455,?,i5,
1769091747.1661205,SENT,b8aadf75-1e57-4013-9f8a-dd0d8c23d1e9,c3c3e32e-0a56-47cd-8170-0b907b870a89,c4,c1,1443,?,i11,
1769091747.1661723,FORWARDED,b8aadf75-1e57-4013-9f8a-dd0d8c23d1e9,c3c3e32e-0a56-47cd-8170-0b907b870a89,c4,c1,1443,?,i11,
1769091747.2409465,RECEIVED,88751808-98d1-40a0-9975-22885d057a2c,ee7accfc-4def-4f75-824f-5eeb740ea944,c3,c4,2039,p3,?,
1769091747.6707299,SENT,88751808-98d1-40a0-9975-22885d057a2c,ee7accfc-4def-4f75-824f-5eeb740ea944,c3,c4,1457,?,i7,
1769091747.6707666,FORWARDED,88751808-98d1-40a0-9975-22885d057a2c,ee7accfc-4def-4f75-824f-5eeb740ea944,c3,c4,1457,?,i7,
1769091748.0142245,RECEIVED,22ab9abc-736c-456c-a6d7-3d7c73eb80a2,e1ac1c6e-e320-4ede-9f29-d7e96fe08a44,c2,DROP,1456,p2,?,
1769091748.128843,RECEIVED,25d17991-824c-403b-9365-f4af99dda291,572d9a20-a904-40c4-9e10-59f3105d71b3,c4,c1,2025,p1,?,
1769091748.5735543,RECEIVED,1edaa9e5-571d-424c-ad0b-d0f7057044ac,f01f060b-61f3-4809-8c41-6d9371b2e833,c3,c4,2035,p3,?,
1769091748.6787002,SENT,25d17991-824c-403b-9365-f4af99dda291,572d9a20-a904-40c4-9e10-59f3105d71b3,c4,c1,1447,?,i4,
1769091748.6787443,FORWARDED,25d17991-824c-403b-9365-f4af99dda291,572d9a20-a904-40c4-9e10-59f3105d71b3,c4,c1,1447,?,i4,
1769091748.6947155,SENT,1edaa9e5-571d-424c-ad0b-d0f7057044ac,f01f060b-61f3-4809-8c41-6d9371b2e833,c3,c4,1455,?,i7,
1769091748.694756,FORWARDED,1edaa9e5-571d-424c-ad0b-d0f7057044ac,f01f060b-61f3-4809-8c41-6d9371b2e833,c3,c4,1455,?,i7,
1769091748.8536189,RECEIVED,ba3544fb-8a5d-4e5b-be2c-227771a88e35,617972f5-2e14-4666-bb49-93ac65881e83,c2,c1,2027,p2,?,
1769091748.8618045,RECEIVED,3fde62b6-07d7-4969-995d-1d48151b5471,767ee6aa-8674-421b-bfae-dceb91afd874,c4,c1,2048,p1,?,
1769091749.0005522,SENT,ba3544fb-8a5d-4e5b-be2c-227771a88e35,617972f5-2e14-4666-bb49-93ac65881e83,c2,c1,1447,?,i1,
1769091749.000595,FORWARDED,ba3544fb-8a5d-4e5b-be2c-227771a88e35,617972f5-2e14-4666-bb49-93ac65881e83,c2,c1,1447,?,i1,
1769091749.2138076,SENT,3fde62b6-07d7-4969-995d-1d48151b5471,767ee6aa-8674-421b-bfae-dceb91afd874,c4,c1,1463,?,i4,
1769091749.213848,FORWARDED,3fde62b6-07d7-4969-995d-1d48151b5471,767ee6aa-8674-421b-bfae-dceb91afd874,c4,c1,1463,?,i4,
1769091749.2685378,RECEIVED,a75e2184-65a7-4187-bd4d-54170a780364,85dc2210-28c0-4e94-bbd3-dad54cb71a46,c4,DROP,1439,p1,?,
1769091749.3428218,RECEIVED,773d2354-2cb4-4d78-ba53-1041f59c09d7,7b51ecfe-dd58-425c-bccc-7ed0be531016,c4,DROP,1456,p1,?,
1769091749.4332976,SENT,773d2354-2cb4-4d78-ba53-1041f59c09d7,7b51ecfe-dd58-425c-bccc-7ed0be531016,c4,DROP,1020,?,i4,
1769091749.433335,FORWARDED,773d2354-2cb4-4d78-ba53-1041f59c09d7,7b51ecfe-dd58-425c-bccc-7ed0be531016,c4,DROP,1020,?,i4,
1769091749.494465,RECEIVED,c247d5cc-11db-4826-9a24-3c7dd8e191a8,289f0e73-6ad5-47f5-94a1-dfb9f4f93d4d,c4,DROP,441,x7,?,
1769091749.526213,RECEIVED,6838ca1b-884c-4855-849e-93a3ab5fd315,dea02a70-6ca9-435a-9f0a-d6059fa471f5,c2,c1,2038,p2,?,
1769091749.804118,RECEIVED,e8d76af8-3a88-4a91-b57b-29ca07fce464,13cdc94d-d1ea-4a64-b82d-33f9e9575598,c1,c5,2052,p1,?,
1769091749.883198,RECEIVED,33f6fcfd-598b-428a-8a5c-47a2779600ae,e6d6ff41-4ba3-4aed-a88f-a50023150530,c5,DROP,1440,p2,?,
1769091749.8907382,RECEIVED,3943256f-2975-4334-9066-5eebc7ce7438,727c94c1-76f1-4aef-b18a-b81a71cad36b,c1,DROP,1457,p1,?,
1769091750.0139983,SENT,e8d76af8-3a88-4a91-b57b-29ca07fce464,13cdc94d-d1ea-4a64-b82d-33f9e9575598,c1,c5,1465,?,i4,
1769091750.0140362,FORWARDED,e8d76af8-3a88-4a91-b57b-29ca07fce464,13cdc94d-d1ea-4a64-b82d-33f9e9575598,c1,c5,1465,?,i4,
1769091750.033332,SENT,33f6fcfd-598b-428a-8a5c-47a2779600ae,e6d6ff41-4ba3-4aed-a88f-a50023150530,c5,DROP,1007,?,i8,
1769091750.0333745,FORWARDED,33f6fcfd-598b-428a-8a5c-47a2779600ae,e6d6ff41-4ba3-4aed-a88f-a50023150530,c5,DROP,1007,?,i8,
1769091750.1055014,RECEIVED,7a420a71-1d31-473c-bc37-77f9f16302f9,4bd1421d-a98f-4a87-84d5-e27b12073fd1,c4,DROP,441,x5,?,
1769091750.1675973,RECEIVED,a797b10c-b114-461f-813a-854e38b4c395,07b4e29d-d0d1-4e22-a533-eebd982d2592,c4,c1,2019,p1,?,
1769091750.2318172,RECEIVED,25ae9f5a-bc45-40b4-b346-f855eff118d4,cf2245ba-d3da-40f1-80a6-5a1074442ad9,c4,DROP,1435,p1,?,
1769091750.3079214,SENT,22ab9abc-736c-456c-a6d7-3d7c73eb80a2,e1ac1c6e-e320-4ede-9f29-d7e96fe08a44,c2,DROP,1019,?,i11,
1769091750.307964,FORWARDED,22ab9abc-736c-456c-a6d7-3d7c73eb80a2,e1ac1c6e-e320-4ede-9f29-d7e96fe08a44,c2,DROP,1019,?,i11,
1769091750.3196557,SENT,3943256f-2975-4334-9066-5eebc7ce7438,727c94c1-76f1-4aef-b18a-b81a71cad36b,c1,DROP,1020,?,i10,
1769091750.319698,FORWARDED,3943256f-2975-4334-9066-5eebc7ce7438,727c94c1-76f1-4aef-b18a-b81a71cad36b,c1,DROP,1020,?,i10,
1769091750.6655965,RECEIVED,acf6b682-7018-4cd6-9b3e-4e8d24aa1940,a783c266-2cf2-4697-9990-e1848b3809cc,c1,c5,2034,p1,?,
1769091750.758222,SENT,25ae9f5a-bc45-40b4-b346-f855eff118d4,cf2245ba-d3da-40f1-80a6-5a1074442ad9,c4,DROP,1005,?,i5,
1769091750.7582598,FORWARDED,25ae9f5a-bc45-40b4-b346-f855eff118d4,cf2245ba-d3da-40f1-80a6-5a1074442ad9,c4,DROP,1005,?,i5,
1769091750.811084,RECEIVED,33e15a6e-9147-4483-8639-bc47d0a3d6fe,0ffbe127-a1ca-45ad-bfb7-916535124dd0,c3,c4,2055,p3,?,
1769091750.8515348,SENT,a797b10c-b114-461f-813a-854e38b4c395,07b4e29d-d0d1-4e22-a533-eebd982d2592,c4,c1,1443,?,i7,
1769091750.851577,FORWARDED,a797b10c-b114-461f-813a-854e38b4c395,07b4e29d-d0d1-4e22-a533-eebd982d2592,c4,c1,1443,?,i7,
1769091751.0370965,SENT,a75e2184-65a7-4187-bd4d-54170a780364,85dc2210-28c0-4e94-bbd3-dad54cb71a46,c4,DROP,1008,?,i2,
1769091751.037139,FORWARDED,a75e2184-65a7-4187-bd4d-54170a780364,85dc2210-28c0-4e94-bbd3-dad54cb71a46,c4,DROP,1008,?,i2,
1769091751.2248957,SENT,33e15a6e-9147-4483-8639-bc47d0a3d6fe,0ffbe127-a1ca-45ad-bfb7-916535124dd0,c3,c4,1469,?,i8,
1769091751.2249365,FORWARDED,33e15a6e-9147-4483-8639-bc47d0a3d6fe,0ffbe127-a1ca-45ad-bfb7-916535124dd0,c3,c4,1469,?,i8,
1769091751.2426634,RECEIVED,5120eae7-12b5-47cb-a65d-65c9315851fa,48e48411-ac00-4773-a21d-33284dc77af6,c4,c1,2052,p1,?,
1769091751.25851,RECEIVED,733c5f32-b007-462c-9107-02aa13c5d7f8,81c5353e-0aa1-49b1-bbcf-d906c8786956,c5,c4,2052,p2,?,
1769091751.3226619,RECEIVED,562d7b43-5c0b-41f1-b03e-8f76d8bb15d4,7e0507de-ddae-4763-82cb-bdaca0a47f1c,c3,c4,2043,p3,?,
1769091751.349628,RECEIVED,ef6c2122-ecdc-4eec-b864-48d06abece86,8b89a31a-eabb-4974-968f-26ce2670b84e,c3,c4,2023,p3,?,
1769091751.4065535,SENT,562d7b43-5c0b-41f1-b03e-8f76d8bb15d4,7e0507de-ddae-4763-82cb-bdaca0a47f1c,c3,c4,1459,?,i9,
1769091751.406594,FORWARDED,562d7b43-5c0b-41f1-b03e-8f76d8bb15d4,7e0507de-ddae-4763-82cb-bdaca0a47f1c,c3,c4,1459,?,i9,
1769091751.4483297,RECEIVED,1d0a7043-8d85-4519-9e63-8e934ced2367,d5cfe76a-2186-462e-8849-2e0afad8aefd,c4,c1,2051,p1,?,
1769091751.5503018,SENT,5120eae7-12b5-47cb-a65d-65c9315851fa,48e48411-ac00-4773-a21d-33284dc77af6,c4,c1,1467,?,i1,
1769091751.5503438,FORWARDED,5120eae7-12b5-47cb-a65d-65c9315851fa,48e48411-ac00-4773-a21d-33284dc77af6,c4,c1,1467,?,i1,
1769091751.6627815,SENT,1d0a7043-8d85-4519-9e63-8e934ced2367,d5cfe76a-2186-462e-8849-2e0afad8aefd,c4,c1,1465,?,i4,
1769091751.6628234,FORWARDED,1d0a7043-8d85-4519-9e63-8e934ced2367,d5cfe76a-2186-462e-8849-2e0afad8aefd,c4,c1,1465,?,i4,
1769091751.8435833,RECEIVED,d72a0481-5ad0-492b-b62a-db9f4ead1025,bddff140-64a4-4d94-9609-f550b3d8b58b,c2,DROP,1461,p2,?,
1769091751.8830118,SENT,d72a0481-5ad0-492b-b62a-db9f4ead1025,bddff140-64a4-4d94-9609-f550b3d8b58b,c2,DROP,1023,?,i4,
1769091751.8830636,FORWARDED,d72a0481-5ad0-492b-b62a-db9f4ead1025,bddff140-64a4-4d94-9609-f550b3d8b58b,c2,DROP,1023,?,i4,
1769091751.9279096,SENT,733c5f32-b007-462c-9107-02aa13c5d7f8,81c5353e-0aa1-49b1-bbcf-d906c8786956,c5,c4,1465,?,i11,
1769091751.9279575,FORWARDED,733c5f32-b007-462c-9107-02aa13c5d7f8,81c5353e-0aa1-49b1-bbcf-d906c8786956,c5,c4,1465,?,i11,
1769091751.9563046,RECEIVED,40540a48-bd07-4c9c-9eb3-f5fa03866bd6,165bcabe-1399-408e-b638-aae0918b5fcb,c1,DROP,1454,p1,?,
1769091752.029556,SENT,40540a48-bd07-4c9c-9eb3-f5fa03866bd6,165bcabe-1399-408e-b638-aae0918b5fcb,c1,DROP,1015,?,i4,
1769091752.0296292,FORWARDED,40540a48-bd07-4c9c-9eb3-f5fa03866bd6,165bcabe-1399-408e-b638-aae0918b5fcb,c1,DROP,1015,?,i4,
1769091752.2291427,SENT,ef6c2122-ecdc-4eec-b864-48d06abece86,8b89a31a-eabb-4974-968f-26ce2670b84e,c3,c4,1444,?,i1,
1769091752.2291822,FORWARDED,ef6c2122-ecdc-4eec-b864-48d06abece86,8b89a31a-eabb-4974-968f-26ce2670b84e,c3,c4,1444,?,i1,
1769091752.2587056,SENT,6838ca1b-884c-4855-849e-93a3ab5fd315,dea02a70-6ca9-435a-9f0a-d6059fa471f5,c2,c1,1456,?,i7,
1769091752.258754,FORWARDED,6838ca1b-884c-4855-849e-93a3ab5fd315,dea02a70-6ca9-435a-9f0a-d6059fa471f5,c2,c1,1456,?,i7,
1769091752.3328047,RECEIVED,3e114422-0e2e-4eb5-9d83-992fbf7d7e7d,c9aae89e-c718-4a13-81d4-63881e20765a,c2,DROP,1440,p2,?,
1769091752.396635,SENT,3e114422-0e2e-4eb5-9d83-992fbf7d7e7d,c9aae89e-c718-4a13-81d4-63881e20765a,c2,DROP,1008,?,i7,
1769091752.3966749,FORWARDED,3e114422-0e2e-4eb5-9d83-992fbf7d7e7d,c9aae89e-c718-4a13-81d4-63881e20765a,c2,DROP,1008,?,i7,
1769091752.4502475,RECEIVED,637e66c4-aa45-4c6f-bf02-d24d44eb62e7,8ef0da7e-09f2-4c6d-92e8-d812cc33d4d6,c1,c5,2036,p1,?,
1769091752.5411267,RECEIVED,ffe22e45-7c08-408d-9f1c-bc38b625b969,5498e43f-13a7-46a7-bbf9-c56b045ff003,c5,c4,2043,p2,?,
1769091752.5497267,SENT,637e66c4-aa45-4c6f-bf02-d24d44eb62e7,8ef0da7e-09f2-4c6d-92e8-d812cc33d4d6,c1,c5,1455,?,i5,
1769091752.5497706,FORWARDED,637e66c4-aa45-4c6f-bf02-d24d44eb62e7,8ef0da7e-09f2-4c6d-92e8-d812cc33d4d6,c1,c5,1455,?,i5,
1769091753.0749383,SENT,acf6b682-7018-4cd6-9b3e-4e8d24aa1940,a783c266-2cf2-4697-9990-e1848b3809cc,c1,c5,1453,?,i7,
1769091753.075068,FORWARDED,acf6b682-7018-4cd6-9b3e-4e8d24aa1940,a783c266-2cf2-4697-9990-e1848b3809cc,c1,c5,1453,?,i7,
1769091753.4597087,SENT,ffe22e45-7c08-408d-9f1c-bc38b625b969,5498e43f-13a7-46a7-bbf9-c56b045ff003,c5,c4,1459,?,i12,
1769091753.4597526,FORWARDED,ffe22e45-7c08-408d-9f1c-bc38b625b969,5498e43f-13a7-46a7-bbf9-c56b045ff003,c5,c4,1459,?,i12,
1769091753.507602,RECEIVED,319f1cad-47f5-4817-831d-080baf5bea7f,883cf08f-5a0e-4e6c-acc7-bc591283cabf,c2,DROP,1443,p2,?,
1769091753.7410254,RECEIVED,54e98a94-43f6-4621-9b7c-0629c9d903e7,660f5494-60f6-4521-b666-72f00b47b519,c5,c4,2035,p2,?,
1769091753.8323932,RECEIVED,acc892b1-517c-4de4-a5b1-348c1ee50064,5e3ed266-1afa-460d-a027-b602b24d4a8c,c2,c1,2043,p2,?,
1769091754.0611641,SENT,319f1cad-47f5-4817-831d-080baf5bea7f,883cf08f-5a0e-4e6c-acc7-bc591283cabf,c2,DROP,1011,?,i1,
1769091754.0612047,FORWARDED,319f1cad-47f5-4817-831d-080baf5bea7f,883cf08f-5a0e-4e6c-acc7-bc591283cabf,c2,DROP,1011,?,i1,
1769091754.0657926,RECEIVED,c05a45ef-5391-49d1-9db0-37ee472528e9,ebaa4395-ccea-47d7-9f35-ff26d9157d8f,c3,c4,2035,p3,?,
1769091754.1825094,SENT,54e98a94-43f6-4621-9b7c-0629c9d903e7,660f5494-60f6-4521-b666-72f00b47b519,c5,c4,1453,?,i4,
1769091754.1825511,FORWARDED,54e98a94-43f6-4621-9b7c-0629c9d903e7,660f5494-60f6-4521-b666-72f00b47b519,c5,c4,1453,?,i4,
1769091754.2699752,RECEIVED,53469a1d-d202-4ff1-9264-98f18c3ae1af,5af27bcd-66fc-4599-99e6-1497511549b9,c4,c1,2032,p1,?,
1769091754.399713,RECEIVED,8b4f8498-7912-4b80-b797-487039a23c96,9d79b2a9-c5e3-4b31-b7ae-a9dd4e2f607e,c5,DROP,1451,p2,?,
1769091754.4399352,SENT,53469a1d-d202-4ff1-9264-98f18c3ae1af,5af27bcd-66fc-4599-99e6-1497511549b9,c4,c1,1451,?,i4,
1769091754.439982,FORWARDED,53469a1d-d202-4ff1-9264-98f18c3ae1af,5af27bcd-66fc-4599-99e6-1497511549b9,c4,c1,1451,?,i4,
1769091754.4554744,FORWARDED,acc892b1-517c-4de4-a5b1-348c1ee50064,5e3ed266-1afa-460d-a027-b602b24d4a8c,c2,c1,1460,?,i6,
1769091754.5223808,RECEIVED,daad28dd-fc77-48af-8251-3915e8054e59,c68b7b68-ea2a-4f2e-9dc9-8d18afeba0bc,c1,c5,2033,p1,?,
1769091754.5787032,SENT,daad28dd-fc77-48af-8251-3915e8054e59,c68b7b68-ea2a-4f2e-9dc9-8d18afeba0bc,c1,c5,1452,?,i1,
1769091754.5787463,FORWARDED,daad28dd-fc77-48af-8251-3915e8054e59,c68b7b68-ea2a-4f2e-9dc9-8d18afeba0bc,c1,c5,1452,?,i1,
1769091754.7421317,SENT,c05a45ef-5391-49d1-9db0-37ee472528e9,ebaa4395-ccea-47d7-9f35-ff26d9157d8f,c3,c4,1453,?,i3,
1769091754.7421668,FORWARDED,c05a45ef-5391-49d1-9db0-37ee472528e9,ebaa4395-ccea-47d7-9f35-ff26d9157d8f,c3,c4,1453,?,i3,
1769091754.7923594,RECEIVED,b8ae2453-9d4b-41b3-aed2-9d8fef46a952,f692b40b-ba92-48f0-8021-2329d47ac02b,c3,c4,2041,p3,?,
1769091754.8470075,SENT,8b4f8498-7912-4b80-b797-487039a23c96,9d79b2a9-c5e3-4b31-b7ae-a9dd4e2f607e,c5,DROP,1016,?,i4,
1769091754.847058,FORWARDED,8b4f8498-7912-4b80-b797-487039a23c96,9d79b2a9-c5e3-4b31-b7ae-a9dd4e2f607e,c5,DROP,1016,?,i4,
1769091754.8801143,RECEIVED,712c54e8-1730-4676-9c67-a898c7a84499,6591b5df-4c77-4ba4-8cce-6d364fe4edb2,c4,c1,2032,p1,?,
1769091754.966127,SENT,b8ae2453-9d4b-41b3-aed2-9d8fef46a952,f692b40b-ba92-48f0-8021-2329d47ac02b,c3,c4,1456,?,i10,
1769091754.9661682,FORWARDED,b8ae2453-9d4b-41b3-aed2-9d8fef46a952,f692b40b-ba92-48f0-8021-2329d47ac02b,c3,c4,1456,?,i10,
1769091754.9831035,RECEIVED,d04ea701-d3d7-426f-b097-f74f3d1310b1,0e5d390c-cdfe-43ad-accb-b857a1803f5e,c5,DROP,1460,p2,?,
1769091755.0702057,SENT,d04ea701-d3d7-426f-b097-f74f3d1310b1,0e5d390c-cdfe-43ad-accb-b857a1803f5e,c5,DROP,1022,?,i8,
1769091755.070246,FORWARDED,d04ea701-d3d7-426f-b097-f74f3d1310b1,0e5d390c-cdfe-43ad-accb-b857a1803f5e,c5,DROP,1022,?,i8,
1769091755.0953789,SENT,712c54e8-1730-4676-9c67-a898c7a84499,6591b5df-4c77-4ba4-8cce-6d364fe4edb2,c4,c1,1452,?,i9,
1769091755.0954201,FORWARDED,712c54e8-1730-4676-9c67-a898c7a84499,6591b5df-4c77-4ba4-8cce-6d364fe4edb2,c4,c1,1452,?,i9,
1769091755.1138806,RECEIVED,6a75ff80-264e-4d93-909a-b028a59456ba,905df3ee-9353-45e1-9081-83c3c9311a76,c1,DROP,1451,p1,?,
1769091755.1557386,RECEIVED,224f56cf-33cb-4625-9822-61ba33806502,d8c010b1-d0a2-4a27-9cf1-81d726fe715c,c1,c5,2036,p1,?,
1769091755.626486,SENT,224f56cf-33cb-4625-9822-61ba33806502,d8c010b1-d0a2-4a27-9cf1-81d726fe715c,c1,c5,1455,?,i12,
1769091755.626538,FORWARDED,224f56cf-33cb-4625-9822-61ba33806502,d8c010b1-d0a2-4a27-9cf1-81d726fe715c,c1,c5,1455,?,i12,
1769091755.7296443,RECEIVED,8222c792-f57a-4cf6-bea0-05537857e8b1,425d7fb5-3d69-4019-8b40-6bf7abf86492,c2,c1,2045,p2,?,
1769091755.8010638,RECEIVED,76d1adae-5282-48e4-bf4f-c2d8a981d140,7a9ab1a8-ce64-4150-a901-b355c60bd056,c1,c5,2036,p1,?,
1769091755.888764,SENT,76d1adae-5282-48e4-bf4f-c2d8a981d140,7a9ab1a8-ce64-4150-a901-b355c60bd056,c1,c5,1455,?,i12,
1769091755.889075,FORWARDED,76d1adae-5282-48e4-bf4f-c2d8a981d140,7a9ab1a8-ce64-4150-a901-b355c60bd056,c1,c5,1455,?,i12,
1769091755.923798,RECEIVED,e1d4f3cf-2e46-464d-9f69-c3d6a10f06bc,353e28b2-e266-49d8-8589-4742004959fd,c5,c4,2043,p2,?,
1769091755.9242895,SENT,6a75ff80-264e-4d93-909a-b028a59456ba,905df3ee-9353-45e1-9081-83c3c9311a76,c1,DROP,1015,?,i9,
1769091755.92433,FORWARDED,6a75ff80-264e-4d93-909a-b028a59456ba,905df3ee-9353-45e1-9081-83c3c9311a76,c1,DROP,1015,?,i9,
1769091756.022532,SENT,8222c792-f57a-4cf6-bea0-05537857e8b1,425d7fb5-3d69-4019-8b40-6bf7abf86492,c2,c1,1460,?,i12,
1769091756.022581,FORWARDED,8222c792-f57a-4cf6-bea0-05537857e8b1,425d7fb5-3d69-4019-8b40-6bf7abf86492,c2,c1,1460,?,i12,
1769091756.0647502,RECEIVED,f15e5e50-a7de-41f2-9cfd-6c0823181fc4,d5771fab-9a6b-45d4-bd14-776e13e4b342,c5,DROP,1456,p2,?,
1769091756.1303282,RECEIVED,e26fb780-dbed-47d0-b374-7bb5f3f5f4d7,52159918-9337-4919-94b3-a56241c41eff,c3,c4,2024,p3,?,
1769091756.1694868,RECEIVED,0e8e3716-7b13-4e51-9117-38dfb988e515,e3bf080a-e053-4ace-8453-cae07d86db76,c1,DROP,442,x6,?,
1769091756.228255,FORWARDED,e26fb780-dbed-47d0-b374-7bb5f3f5f4d7,52159918-9337-4919-94b3-a56241c41eff,c3,c4,1444,?,i6,
1769091756.261561,RECEIVED,8902a4fb-a6fc-4cb9-a4f8-30e850bd0891,b75e253e-bb7b-4254-9f74-fef96656e616,c4,DROP,1456,p1,?,
1769091756.279508,RECEIVED,ef0429a3-f37d-4227-96bc-19d48b5f7102,ac7dbebf-0cdb-42b5-8e1b-7fae05ad710b,c2,c1,2039,p2,?,
1769091756.3081465,RECEIVED,ec02fbb6-640b-4926-9ff0-94dce0ad6ab0,48ad9010-91ef-4566-9286-7e59e46829c9,c5,DROP,1439,p2,?,
1769091756.3188286,RECEIVED,86a5bbfa-5388-4dff-a6b5-c48258d2cdb2,f9162d1a-d025-4a1c-8a68-5b422aead91e,c4,c1,2020,p1,?,
1769091756.3288615,SENT,e1d4f3cf-2e46-464d-9f69-c3d6a10f06bc,353e28b2-e266-49d8-8589-4742004959fd,c5,c4,1461,?,i7,
1769091756.3289042,FORWARDED,e1d4f3cf-2e46-464d-9f69-c3d6a10f06bc,353e28b2-e266-49d8-8589-4742004959fd,c5,c4,1461,?,i7,
1769091756.4170406,SENT,86a5bbfa-5388-4dff-a6b5-c48258d2cdb2,f9162d1a-d025-4a1c-8a68-5b422aead91e,c4,c1,1443,?,i3,
1769091756.417095,FORWARDED,86a5bbfa-5388-4dff-a6b5-c48258d2cdb2,f9162d1a-d025-4a1c-8a68-5b422aead91e,c4,c1,1443,?,i3,
1769091756.4422288,RECEIVED,91421718-622a-43d7-a092-729d4b4db638,1ddc2864-6d3f-41b5-8ad5-00e36224aeab,c4,DROP,1443,p1,?,
1769091756.5013857,RECEIVED,fbcec7e5-0077-4a04-a083-dd02377c42c3,f8469fdb-65fb-48f1-bdb5-74c28cf8c157,c4,c1,2019,p1,?,
1769091756.5226161,RECEIVED,72419646-5361-45d6-bc8a-83f3764dd52e,cacf931e-7bd7-4bee-89ec-4c8814641df2,c1,DROP,1456,p1,?,
1769091756.6099706,SENT,ec02fbb6-640b-4926-9ff0-94dce0ad6ab0,48ad9010-91ef-4566-9286-7e59e46829c9,c5,DROP,1007,?,i1,
1769091756.6100125,FORWARDED,ec02fbb6-640b-4926-9ff0-94dce0ad6ab0,48ad9010-91ef-4566-9286-7e59e46829c9,c5,DROP,1007,?,i1,
1769091756.6529982,SENT,8902a4fb-a6fc-4cb9-a4f8-30e850bd0891,b75e253e-bb7b-4254-9f74-fef96656e616,c4,DROP,1020,?,i3,
1769091756.6533017,FORWARDED,8902a4fb-a6fc-4cb9-a4f8-30e850bd0891,b75e253e-bb7b-4254-9f74-fef96656e616,c4,DROP,1020,?,i3,
1769091756.6936903,RECEIVED,b97e82f0-da4f-4b7a-aa03-21a62deed65f,ad815ce2-871d-4e0a-9706-43b436ad029e,c1,c5,2036,p1,?,
1769091756.7488666,SENT,72419646-5361-45d6-bc8a-83f3764dd52e,cacf931e-7bd7-4bee-89ec-4c8814641df2,c1,DROP,1019,?,i8,
1769091756.7489092,FORWARDED,72419646-5361-45d6-bc8a-83f3764dd52e,cacf931e-7bd7-4bee-89ec-4c8814641df2,c1,DROP,1019,?,i8,
1769091756.7561677,RECEIVED,26c5f36a-fd42-4964-a291-61f7de336723,470ea2f7-3d46-44c7-9de9-723a5e431ba5,c2,c1,2040,p2,?,
1769091756.7649083,SENT,b97e82f0-da4f-4b7a-aa03-21a62deed65f,ad815ce2-871d-4e0a-9706-43b436ad029e,c1,c5,1455,?,i7,
1769091756.7649553,FORWARDED,b97e82f0-da4f-4b7a-aa03-21a62deed65f,ad815ce2-871d-4e0a-9706-43b436ad029e,c1,c5,1455,?,i7,
1769091756.7677279,RECEIVED,abf0deba-bc7b-44e2-b5e9-1d67f8c39b8e,95ea3188-4759-414e-adc5-fc48b70850a5,c1,c5,2036,p1,?,
1769091756.829725,SENT,fbcec7e5-0077-4a04-a083-dd02377c42c3,f8469fdb-65fb-48f1-bdb5-74c28cf8c157,c4,c1,1443,?,i4,
1769091756.8297691,FORWARDED,fbcec7e5-0077-4a04-a083-dd02377c42c3,f8469fdb-65fb-48f1-bdb5-74c28cf8c157,c4,c1,1443,?,i4,
1769091756.8878982,RECEIVED,815a32a6-7114-4905-9547-8b87afc7f0c0,f8701bd8-8c18-4bef-ac89-e3557f58368b,c4,DROP,1448,p1,?,
1769091756.9153256,SENT,26c5f36a-fd42-4964-a291-61f7de336723,470ea2f7-3d46-44c7-9de9-723a5e431ba5,c2,c1,1456,?,i4,
1769091756.915366,FORWARDED,26c5f36a-fd42-4964-a291-61f7de336723,470ea2f7-3d46-44c7-9de9-723a5e431ba5,c2,c1,1456,?,i4,
1769091756.949963,RECEIVED,dad5d78b-071e-4740-ae79-086b1e2c5795,f0930213-b6f3-40ad-a86a-8ecaa1a539b7,c3,c4,2040,p3,?,
1769091756.961574,SENT,f15e5e50-a7de-41f2-9cfd-6c0823181fc4,d5771fab-9a6b-45d4-bd14-776e13e4b342,c5,DROP,1020,?,i10,
1769091756.9616168,FORWARDED,f15e5e50-a7de-41f2-9cfd-6c0823181fc4,d5771fab-9a6b-45d4-bd14-776e13e4b342,c5,DROP,1020,?,i10,
1769091757.0239952,SENT,815a32a6-7114-4905-9547-8b87afc7f0c0,f8701bd8-8c18-4bef-ac89-e3557f58368b,c4,DROP,1012,?,i1,
1769091757.0240347,FORWARDED,815a32a6-7114-4905-9547-8b87afc7f0c0,f8701bd8-8c18-4bef-ac89-e3557f58368b,c4,DROP,1012,?,i1,
1769091757.0541105,SENT,abf0deba-bc7b-44e2-b5e9-1d67f8c39b8e,95ea3188-4759-414e-adc5-fc48b70850a5,c1,c5,1455,?,i7,
1769091757.054153,FORWARDED,abf0deba-bc7b-44e2-b5e9-1d67f8c39b8e,95ea3188-4759-414e-adc5-fc48b70850a5,c1,c5,1455,?,i7,
1769091757.0762675,RECEIVED,e8c447ed-b2a7-4b3c-b6b1-23142b93691d,6cd1facd-b54b-4d46-8b10-ca71871355f1,c2,DROP,442,x7,?,
1769091757.092179,RECEIVED,d2006913-47d6-4597-aad6-bda9fdfe2878,cd82fe25-9f7d-42f3-a24f-bcb6ceaaa63f,c4,c1,2040,p1,?,
1769091757.1904614,SENT,d2006913-47d6-4597-aad6-bda9fdfe2878,cd82fe25-9f7d-42f3-a24f-bcb6ceaaa63f,c4,c1,1456,?,i1,
1769091757.1906445,FORWARDED,d2006913-47d6-4597-aad6-bda9fdfe2878,cd82fe25-9f7d-42f3-a24f-bcb6ceaaa63f,c4,c1,1456,?,i1,
1769091757.231487,RECEIVED,f73f7152-3a9e-4d01-a719-ca24f6a154d0,d6ab591a-bb86-4dd7-9343-f283d53ff1c4,c2,c1,2019,p2,?,
1769091757.247634,SENT,dad5d78b-071e-4740-ae79-086b1e2c5795,f0930213-b6f3-40ad-a86a-8ecaa1a539b7,c3,c4,1456,?,i5,
1769091757.247679,FORWARDED,dad5d78b-071e-4740-ae79-086b1e2c5795,f0930213-b6f3-40ad-a86a-8ecaa1a539b7,c3,c4,1456,?,i5,
1769091757.2930667,RECEIVED,a844c920-ddf3-4dcd-894e-8345359deb63,fc9087af-0082-4c6a-a3f1-c182d4ce3edd,c1,c5,2035,p1,?,
1769091757.3130069,RECEIVED,b1307d51-5987-4925-9ca1-5002d9e9191b,c0bf2c8f-fdff-406a-be8a-3890d1eeea6b,c5,c4,2044,p2,?,
1769091757.4197297,SENT,f73f7152-3a9e-4d01-a719-ca24f6a154d0,d6ab591a-bb86-4dd7-9343-f283d53ff1c4,c2,c1,1443,?,i4,
1769091757.4197714,FORWARDED,f73f7152-3a9e-4d01-a719-ca24f6a154d0,d6ab591a-bb86-4dd7-9343-f283d53ff1c4,c2,c1,1443,?,i4,
1769091757.4387174,RECEIVED,4cddee8a-d379-4753-9b2d-d549923c47af,3f89b96e-3369-474b-8602-c1caec7ebb7a,c3,c4,2033,p3,?,
1769091757.4754145,FORWARDED,4cddee8a-d379-4753-9b2d-d549923c47af,3f89b96e-3369-474b-8602-c1caec7ebb7a,c3,c4,1451,?,i6,
1769091757.4774203,SENT,b1307d51-5987-4925-9ca1-5002d9e9191b,c0bf2c8f-fdff-406a-be8a-3890d1eeea6b,c5,c4,1459,?,i2,
1769091757.4774616,FORWARDED,b1307d51-5987-4925-9ca1-5002d9e9191b,c0bf2c8f-fdff-406a-be8a-3890d1eeea6b,c5,c4,1459,?,i2,
1769091757.4842281,RECEIVED,350ce756-335c-4211-b2cb-3e36d68e65e8,19daac9e-523c-4ff8-9616-caae656195fb,c5,c4,2040,p2,?,
1769091757.5982172,RECEIVED,ed7e0544-9a15-4e4e-844e-9b70ce0f29fe,40dfa2d1-b21b-4b21-8067-8cb217aac585,c1,c5,2039,p1,?,
1769091757.7109559,SENT,ed7e0544-9a15-4e4e-844e-9b70ce0f29fe,40dfa2d1-b21b-4b21-8067-8cb217aac585,c1,c5,1456,?,i7,
1769091757.7109904,FORWARDED,ed7e0544-9a15-4e4e-844e-9b70ce0f29fe,40dfa2d1-b21b-4b21-8067-8cb217aac585,c1,c5,1456,?,i7,
1769091757.7589333,SENT,a844c920-ddf3-4dcd-894e-8345359deb63,fc9087af-0082-4c6a-a3f1-c182d4ce3edd,c1,c5,1455,?,i3,
1769091757.7589753,FORWARDED,a844c920-ddf3-4dcd-894e-8345359deb63,fc9087af-0082-4c6a-a3f1-c182d4ce3edd,c1,c5,1455,?,i3,
1769091757.9021149,SENT,91421718-622a-43d7-a092-729d4b4db638,1ddc2864-6d3f-41b5-8ad5-00e36224aeab,c4,DROP,1009,?,i1,
1769091757.9021573,FORWARDED,91421718-622a-43d7-a092-729d4b4db638,1ddc2864-6d3f-41b5-8ad5-00e36224aeab,c4,DROP,1009,?,i1,
1769091758.3591352,RECEIVED,c409b12a-05de-4034-bd44-26283e18cf50,250b7abf-bdaf-43dd-b5a2-2c33ac628073,c3,c4,2035,p3,?,
1769091758.365378,RECEIVED,a001aeea-7f47-4165-ad49-5a63c54e3342,1b985805-d67b-4060-b9e4-57604184117b,c5,DROP,1441,p2,?,
1769091758.4683468,RECEIVED,593faa41-a315-4fe7-aba6-dbeaf2424f05,892b7e96-7f9e-4b42-a93b-a2f00dfeadb2,c1,c5,2020,p1,?,
1769091758.4927337,SENT,350ce756-335c-4211-b2cb-3e36d68e65e8,19daac9e-523c-4ff8-9616-caae656195fb,c5,c4,1457,?,i11,
1769091758.492776,FORWARDED,350ce756-335c-4211-b2cb-3e36d68e65e8,19daac9e-523c-4ff8-9616-caae656195fb,c5,c4,1457,?,i11,
1769091758.4990137,FORWARDED,593faa41-a315-4fe7-aba6-dbeaf2424f05,892b7e96-7f9e-4b42-a93b-a2f00dfeadb2,c1,c5,1441,?,i6,
1769091758.502471,RECEIVED,8bff70d7-7ae7-4c5c-af7b-3653621bf1e7,ec850405-7231-4a22-afb7-bcb3e3b1d337,c2,DROP,1452,p2,?,
1769091758.5293307,SENT,a001aeea-7f47-4165-ad49-5a63c54e3342,1b985805-d67b-4060-b9e4-57604184117b,c5,DROP,1007,?,i11,
1769091758.529373,FORWARDED,a001aeea-7f47-4165-ad49-5a63c54e3342,1b985805-d67b-4060-b9e4-57604184117b,c5,DROP,1007,?,i11,
1769091758.5752652,RECEIVED,b0ad3700-f897-4bc5-a430-49f3cce37f78,1732789e-1a7f-4206-8a24-11956a173530,c4,c1,2047,p1,?,
1769091758.6108196,RECEIVED,fffea45b-dbba-4e2f-8ad3-81eb18b610d5,787c547b-8f6c-4009-b0e9-8eb33e7ea2c7,c4,DROP,1447,p1,?,
1769091758.7211914,SENT,ef0429a3-f37d-4227-96bc-19d48b5f7102,ac7dbebf-0cdb-42b5-8e1b-7fae05ad710b,c2,c1,1456,?,i2,
1769091758.7212274,FORWARDED,ef0429a3-f37d-4227-96bc-19d48b5f7102,ac7dbebf-0cdb-42b5-8e1b-7fae05ad710b,c2,c1,1456,?,i2,
1769091758.7500262,RECEIVED,52aa80d6-6631-4d48-af5c-4dce69f3b9a5,cc17f255-592e-4b44-82c7-c5f25109401f,c1,c5,2024,p1,?,
1769091758.853709,SENT,8bff70d7-7ae7-4c5c-af7b-3653621bf1e7,ec850405-7231-4a22-afb7-bcb3e3b1d337,c2,DROP,1015,?,i8,
1769091758.8537512,FORWARDED,8bff70d7-7ae7-4c5c-af7b-3653621bf1e7,ec850405-7231-4a22-afb7-bcb3e3b1d337,c2,DROP,1015,?,i8,
1769091758.8652484,SENT,c409b12a-05de-4034-bd44-26283e18cf50,250b7abf-bdaf-43dd-b5a2-2c33ac628073,c3,c4,1455,?,i8,
1769091758.8652852,FORWARDED,c409b12a-05de-4034-bd44-26283e18cf50,250b7abf-bdaf-43dd-b5a2-2c33ac628073,c3,c4,1455,?,i8,
1769091758.8702264,RECEIVED,40a3fb05-58ae-46fa-99d3-e666381dccfa,f67d0e7d-efb2-40bf-a06c-48146dc1da8f,c1,DROP,1456,p1,?,
1769091759.0239155,SENT,b0ad3700-f897-4bc5-a430-49f3cce37f78,1732789e-1a7f-4206-8a24-11956a173530,c4,c1,1463,?,i5,
1769091759.023955,FORWARDED,b0ad3700-f897-4bc5-a430-49f3cce37f78,1732789e-1a7f-4206-8a24-11956a173530,c4,c1,1463,?,i5,
1769091759.1149492,RECEIVED,2dd3acdc-fd97-4bb5-8469-08ff8e7c768a,dd46d6bb-32dc-4782-81ec-59c6035437c2,c1,DROP,1450,p1,?,
1769091759.2052462,RECEIVED,3f4da487-4410-4449-8535-edc79420cc64,c80ac283-f843-4018-b603-d453eb1f3483,c2,c1,2036,p2,?,
1769091759.2113123,SENT,fffea45b-dbba-4e2f-8ad3-81eb18b610d5,787c547b-8f6c-4009-b0e9-8eb33e7ea2c7,c4,DROP,1012,?,i3,
1769091759.2113786,FORWARDED,fffea45b-dbba-4e2f-8ad3-81eb18b610d5,787c547b-8f6c-4009-b0e9-8eb33e7ea2c7,c4,DROP,1012,?,i3,
1769091759.2329812,RECEIVED,5e9156f7-3ee7-4def-82be-285daea3c86c,6092a27d-45c9-4065-888f-00cbbd268177,c1,DROP,1460,p1,?,
1769091759.2763762,SENT,52aa80d6-6631-4d48-af5c-4dce69f3b9a5,cc17f255-592e-4b44-82c7-c5f25109401f,c1,c5,1444,?,i10,
1769091759.2764175,FORWARDED,52aa80d6-6631-4d48-af5c-4dce69f3b9a5,cc17f255-592e-4b44-82c7-c5f25109401f,c1,c5,1444,?,i10,
1769091759.466746,RECEIVED,4ee9e584-2cfd-4a3f-85c0-27c25c9c9216,cf39f901-8d1b-4219-8d9a-70daa12dd720,c4,c1,2037,p1,?,
1769091759.5216649,SENT,4ee9e584-2cfd-4a3f-85c0-27c25c9c9216,cf39f901-8d1b-4219-8d9a-70daa12dd720,c4,c1,1455,?,i3,
1769091759.521701,FORWARDED,4ee9e584-2cfd-4a3f-85c0-27c25c9c9216,cf39f901-8d1b-4219-8d9a-70daa12dd720,c4,c1,1455,?,i3,
1769091759.5297356,SENT,40a3fb05-58ae-46fa-99d3-e666381dccfa,f67d0e7d-efb2-40bf-a06c-48146dc1da8f,c1,DROP,1020,?,i12,
1769091759.5297868,FORWARDED,40a3fb05-58ae-46fa-99d3-e666381dccfa,f67d0e7d-efb2-40bf-a06c-48146dc1da8f,c1,DROP,1020,?,i12,
1769091759.5668929,RECEIVED,702c4300-fc3f-4306-9c73-24d92a737f37,ad2bb7c8-4f5f-40f0-8bbf-ae562da5db27,c3,c4,2020,p3,?,
1769091759.615506,RECEIVED,e58e8fcd-18f3-47e9-bff3-61d15e808e38,451a06e9-8d63-45fd-96f0-fc11beeb31c7,c1,DROP,1450,p1,?,
1769091759.6597588,RECEIVED,8b450f0b-65bf-4b3c-8365-dd62cccf03eb,d4d0a2c9-bfb0-42c5-8022-c4c45a5311f6,c2,c1,2041,p2,?,
1769091759.6643102,RECEIVED,4b9fb433-234b-4a85-8b4e-6839cd44d9a3,4b6be818-5a1c-42f6-a074-c08e341286fb,c3,DROP,1447,p3,?,
1769091759.6725295,SENT,5e9156f7-3ee7-4def-82be-285daea3c86c,6092a27d-45c9-4065-888f-00cbbd268177,c1,DROP,1021,?,i2,
1769091759.6725724,FORWARDED,5e9156f7-3ee7-4def-82be-285daea3c86c,6092a27d-45c9-4065-888f-00cbbd268177,c1,DROP,1021,?,i2,
1769091759.6929142,SENT,8b450f0b-65bf-4b3c-8365-dd62cccf03eb,d4d0a2c9-bfb0-42c5-8022-c4c45a5311f6,c2,c1,1458,?,i1,
1769091759.692956,FORWARDED,8b450f0b-65bf-4b3c-8365-dd62cccf03eb,d4d0a2c9-bfb0-42c5-8022-c4c45a5311f6,c2,c1,1458,?,i1,
1769091759.7060406,SENT,702c4300-fc3f-4306-9c73-24d92a737f37,ad2bb7c8-4f5f-40f0-8bbf-ae562da5db27,c3,c4,1443,?,i5,
1769091759.7060983,FORWARDED,702c4300-fc3f-4306-9c73-24d92a737f37,ad2bb7c8-4f5f-40f0-8bbf-ae562da5db27,c3,c4,1443,?,i5,
1769091760.1067095,RECEIVED,c1db8a9d-7988-4132-a6eb-33b0b221f440,5f9247fd-0b59-4b98-9811-487ba0e4e943,c5,c4,2038,p2,?,
1769091760.158452,SENT,4b9fb433-234b-4a85-8b4e-6839cd44d9a3,4b6be818-5a1c-42f6-a074-c08e341286fb,c3,DROP,1012,?,i7,
1769091760.1584933,FORWARDED,4b9fb433-234b-4a85-8b4e-6839cd44d9a3,4b6be818-5a1c-42f6-a074-c08e341286fb,c3,DROP,1012,?,i7,
1769091760.4918864,RECEIVED,feac8ded-0ac4-4af8-8a31-8d1d4f0479ca,0d5ca4cf-773e-4405-92b1-ec5081f6914e,c5,c4,2030,p2,?,
1769091760.550736,SENT,2dd3acdc-fd97-4bb5-8469-08ff8e7c768a,dd46d6bb-32dc-4782-81ec-59c6035437c2,c1,DROP,1017,?,i5,
1769091760.5507774,FORWARDED,2dd3acdc-fd97-4bb5-8469-08ff8e7c768a,dd46d6bb-32dc-4782-81ec-59c6035437c2,c1,DROP,1017,?,i5,
1769091760.6148188,RECEIVED,2de51698-ba7b-4dc2-965a-008cb9aa6a96,04253667-2471-4a51-ab17-753a7a7b631a,c3,DROP,1452,p3,?,
1769091760.630225,SENT,3f4da487-4410-4449-8535-edc79420cc64,c80ac283-f843-4018-b603-d453eb1f3483,c2,c1,1455,?,i12,
1769091760.6302693,FORWARDED,3f4da487-4410-4449-8535-edc79420cc64,c80ac283-f843-4018-b603-d453eb1f3483,c2,c1,1455,?,i12,
1769091760.698373,SENT,e58e8fcd-18f3-47e9-bff3-61d15e808e38,451a06e9-8d63-45fd-96f0-fc11beeb31c7,c1,DROP,1015,?,i4,
1769091760.698415,FORWARDED,e58e8fcd-18f3-47e9-bff3-61d15e808e38,451a06e9-8d63-45fd-96f0-fc11beeb31c7,c1,DROP,1015,?,i4,
1769091760.6991603,RECEIVED,f93715b0-f4aa-40d0-a372-845fdcbaaede,92e84beb-bb46-49bc-b803-1019155a864f,c5,c4,2046,p2,?,
1769091760.7196884,SENT,2de51698-ba7b-4dc2-965a-008cb9aa6a96,04253667-2471-4a51-ab17-753a7a7b631a,c3,DROP,1015,?,i4,
1769091760.7197297,FORWARDED,2de51698-ba7b-4dc2-965a-008cb9aa6a96,04253667-2471-4a51-ab17-753a7a7b631a,c3,DROP,1015,?,i4,
1769091760.78832,FORWARDED,c1db8a9d-7988-4132-a6eb-33b0b221f440,5f9247fd-0b59-4b98-9811-487ba0e4e943,c5,c4,1457,?,i6,
1769091760.801616,RECEIVED,8594555d-ee24-4c52-99e5-be941576a541,e8819d62-d81c-434c-b394-46eb12367542,c5,c4,2021,p2,?,
1769091760.8967605,SENT,8594555d-ee24-4c52-99e5-be941576a541,e8819d62-d81c-434c-b394-46eb12367542,c5,c4,1442,?,i12,
1769091760.8968012,FORWARDED,8594555d-ee24-4c52-99e5-be941576a541,e8819d62-d81c-434c-b394-46eb12367542,c5,c4,1442,?,i12,
1769091760.9012525,RECEIVED,b2dd1ada-721c-4053-8792-ac4f8c787b98,eb5a0d90-bc49-425a-94bb-cc45db90c5a6,c3,c4,2028,p3,?,
1769091760.9100292,RECEIVED,21e838f9-b518-486f-b948-df591e0e8161,6624c3e8-ec32-4b6b-ac60-8b3c56cbc8fb,c1,c5,2039,p1,?,
1769091760.9648445,SENT,feac8ded-0ac4-4af8-8a31-8d1d4f0479ca,0d5ca4cf-773e-4405-92b1-ec5081f6914e,c5,c4,1452,?,i3,
1769091760.9648855,FORWARDED,feac8ded-0ac4-4af8-8a31-8d1d4f0479ca,0d5ca4cf-773e-4405-92b1-ec5081f6914e,c5,c4,1452,?,i3,
1769091761.0874817,FORWARDED,b2dd1ada-721c-4053-8792-ac4f8c787b98,eb5a0d90-bc49-425a-94bb-cc45db90c5a6,c3,c4,1447,?,i6,
1769091761.2967691,RECEIVED,a9c99cfd-fc2f-46e1-aa36-b6064e99dc80,ff455779-78c1-4e83-b6b5-70bd29296e4e,c4,DROP,1439,p1,?,
1769091761.5489035,RECEIVED,094c6c87-23ae-4018-9b5c-77dd7f3f65a8,37dcc1db-94cc-4bc5-a1bf-dab5fe5f3f90,c4,DROP,1456,p1,?,
1769091761.715417,SENT,f93715b0-f4aa-40d0-a372-845fdcbaaede,92e84beb-bb46-49bc-b803-1019155a864f,c5,c4,1464,?,i5,
1769091761.7154512,FORWARDED,f93715b0-f4aa-40d0-a372-845fdcbaaede,92e84beb-bb46-49bc-b803-1019155a864f,c5,c4,1464,?,i5,
1769091761.8403323,SENT,a9c99cfd-fc2f-46e1-aa36-b6064e99dc80,ff455779-78c1-4e83-b6b5-70bd29296e4e,c4,DROP,1008,?,i9,
1769091761.8403757,FORWARDED,a9c99cfd-fc2f-46e1-aa36-b6064e99dc80,ff455779-78c1-4e83-b6b5-70bd29296e4e,c4,DROP,1008,?,i9,
1769091761.8544714,SENT,094c6c87-23ae-4018-9b5c-77dd7f3f65a8,37dcc1db-94cc-4bc5-a1bf-dab5fe5f3f90,c4,DROP,1019,?,i10,
1769091761.8548205,FORWARDED,094c6c87-23ae-4018-9b5c-77dd7f3f65a8,37dcc1db-94cc-4bc5-a1bf-dab5fe5f3f90,c4,DROP,1019,?,i10,
1769091761.9150229,SENT,21e838f9-b518-486f-b948-df591e0e8161,6624c3e8-ec32-4b6b-ac60-8b3c56cbc8fb,c1,c5,1456,?,i3,
1769091761.9150708,FORWARDED,21e838f9-b518-486f-b948-df591e0e8161,6624c3e8-ec32-4b6b-ac60-8b3c56cbc8fb,c1,c5,1456,?,i3,
1769091762.0369139,RECEIVED,257cfef7-550b-45b3-ab02-c0263e032965,34fd7dc7-4a16-4b1a-9ab6-c065fd3832f8,c2,c1,2031,p2,?,
1769091762.1835632,SENT,257cfef7-550b-45b3-ab02-c0263e032965,34fd7dc7-4a16-4b1a-9ab6-c065fd3832f8,c2,c1,1452,?,i5,
1769091762.1836047,FORWARDED,257cfef7-550b-45b3-ab02-c0263e032965,34fd7dc7-4a16-4b1a-9ab6-c065fd3832f8,c2,c1,1452,?,i5,
1769091762.1884007,RECEIVED,63d1fef5-a2c3-46c9-982e-d2e5f3350f8f,fdbbd3b7-63e4-449e-8786-e84f2f991319,c1,DROP,1456,p1,?,
1769091762.3165622,RECEIVED,74ddb5b0-dee9-4c01-aa84-381706ef68cb,8870b464-c3f9-45f3-bf81-2556c7e13c89,c1,DROP,1456,p1,?,
1769091762.3413227,RECEIVED,733d39d7-b3e8-4fd6-a4ca-8409465fb409,33302473-ba0a-41af-88aa-c442ecb7199f,c1,c5,2036,p1,?,
1769091762.4004526,SENT,733d39d7-b3e8-4fd6-a4ca-8409465fb409,33302473-ba0a-41af-88aa-c442ecb7199f,c1,c5,1455,?,i2,
1769091762.4004936,FORWARDED,733d39d7-b3e8-4fd6-a4ca-8409465fb409,33302473-ba0a-41af-88aa-c442ecb7199f,c1,c5,1455,?,i2,
1769091762.471203,RECEIVED,18c81fe3-01dd-48e8-a559-17cbcfc64f85,b63659e5-c2c3-4ed2-8215-5df3fa8d8137,c4,c1,2040,p1,?,
1769091762.5612712,SENT,63d1fef5-a2c3-46c9-982e-d2e5f3350f8f,fdbbd3b7-63e4-449e-8786-e84f2f991319,c1,DROP,1020,?,i12,
1769091762.5613122,FORWARDED,63d1fef5-a2c3-46c9-982e-d2e5f3350f8f,fdbbd3b7-63e4-449e-8786-e84f2f991319,c1,DROP,1020,?,i12,
1769091762.5910108,SENT,18c81fe3-01dd-48e8-a559-17cbcfc64f85,b63659e5-c2c3-4ed2-8215-5df3fa8d8137,c4,c1,1456,?,i8,
1769091762.591067,FORWARDED,18c81fe3-01dd-48e8-a559-17cbcfc64f85,b63659e5-c2c3-4ed2-8215-5df3fa8d8137,c4,c1,1456,?,i8,
1769091762.6243517,RECEIVED,966420b1-ef22-4831-9e37-3a54748a93b7,587fdae4-9aa2-4a87-9521-d412a20e8903,c4,c1,2049,p1,?,
1769091762.64153,SENT,74ddb5b0-dee9-4c01-aa84-381706ef68cb,8870b464-c3f9-45f3-bf81-2556c7e13c89,c1,DROP,1020,?,i11,
1769091762.6415696,FORWARDED,74ddb5b0-dee9-4c01-aa84-381706ef68cb,8870b464-c3f9-45f3-bf81-2556c7e13c89,c1,DROP,1020,?,i11,
1769091762.6732225,RECEIVED,0b5c2672-9cce-42b2-aadb-0171690d3aff,28e6d330-4a17-4b8a-b43b-e5b8aabf70bc,c1,c5,2032,p1,?,
1769091762.7993567,RECEIVED,caf4bccb-ae16-4ea5-bfd0-1a9a87af4beb,b2489180-71ab-4634-99cd-902b4be7522d,c3,DROP,1451,p3,?,
1769091762.8190198,RECEIVED,0d695c4d-72bc-4890-8bdc-4a61983d7227,85e504cb-f3fa-48d6-ad15-106e11f0b672,c2,DROP,1456,p2,?,
1769091762.8561645,RECEIVED,a53702ba-19ef-4565-a818-a542f5d34a03,e72221ac-cc1b-4754-957c-3f555e480731,c5,DROP,1454,p2,?,
1769091762.8719282,RECEIVED,b1ad4850-d29a-4425-bbd6-0ff5cf5d6a15,64b36b35-b94c-47a2-b73d-a2b89ba6a707,c1,DROP,1439,p1,?,
1769091762.8904696,RECEIVED,3f38a541-6600-4380-b939-3377d04a65dd,7339ddac-a5d8-4341-9f12-0cafef2c1ccb,c4,c1,2044,p1,?,
1769091763.0440245,RECEIVED,f6b646bb-2256-4b34-b27e-63ab849df04e,b5f8029a-34ce-477b-9126-34373f1a6534,c5,DROP,445,x4,?,
1769091763.0757735,SENT,966420b1-ef22-4831-9e37-3a54748a93b7,587fdae4-9aa2-4a87-9521-d412a20e8903,c4,c1,1464,?,i10,
1769091763.0758064,FORWARDED,966420b1-ef22-4831-9e37-3a54748a93b7,587fdae4-9aa2-4a87-9521-d412a20e8903,c4,c1,1464,?,i10,
1769091763.1064756,SENT,3f38a541-6600-4380-b939-3377d04a65dd,7339ddac-a5d8-4341-9f12-0cafef2c1ccb,c4,c1,1460,?,i2,
1769091763.1065178,FORWARDED,3f38a541-6600-4380-b939-3377d04a65dd,7339ddac-a5d8-4341-9f12-0cafef2c1ccb,c4,c1,1460,?,i2,
1769091763.1406453,RECEIVED,d40af655-2cb0-4099-817b-a5af946b34af,52574d31-5be5-4ef5-8cc8-c0282a0a49ab,c2,c1,2044,p2,?,
1769091763.1851661,RECEIVED,28b4f8ee-17a4-462c-8c1b-f8eff2b0212e,e0a13911-8f3c-46f3-b53a-86c4f11d8246,c2,c1,2047,p2,?,
1769091763.205024,RECEIVED,a3bbde2e-1799-4fea-a630-74478e90102e,cdf1af3f-923e-4fee-8e2d-73866e2595bb,c1,c5,2047,p1,?,
1769091763.2142234,SENT,a3bbde2e-1799-4fea-a630-74478e90102e,cdf1af3f-923e-4fee-8e2d-73866e2595bb,c1,c5,1459,?,i3,
1769091763.214264,FORWARDED,a3bbde2e-1799-4fea-a630-74478e90102e,cdf1af3f-923e-4fee-8e2d-73866e2595bb,c1,c5,1459,?,i3,
1769091763.454863,RECEIVED,8b54f64a-3f7f-4856-b8e0-40cae9bb3754,df0f3bef-3ada-4417-b916-d8ff78686695,c5,c4,2040,p2,?,
1769091763.4647906,SENT,a53702ba-19ef-4565-a818-a542f5d34a03,e72221ac-cc1b-4754-957c-3f555e480731,c5,DROP,1020,?,i7,
1769091763.4648328,FORWARDED,a53702ba-19ef-4565-a818-a542f5d34a03,e72221ac-cc1b-4754-957c-3f555e480731,c5,DROP,1020,?,i7,
1769091763.4837399,SENT,0d695c4d-72bc-4890-8bdc-4a61983d7227,85e504cb-f3fa-48d6-ad15-106e11f0b672,c2,DROP,1020,?,i11,
1769091763.4837823,FORWARDED,0d695c4d-72bc-4890-8bdc-4a61983d7227,85e504cb-f3fa-48d6-ad15-106e11f0b672,c2,DROP,1020,?,i11,
1769091763.4909554,SENT,0b5c2672-9cce-42b2-aadb-0171690d3aff,28e6d330-4a17-4b8a-b43b-e5b8aabf70bc,c1,c5,1452,?,i12,
1769091763.490996,FORWARDED,0b5c2672-9cce-42b2-aadb-0171690d3aff,28e6d330-4a17-4b8a-b43b-e5b8aabf70bc,c1,c5,1452,?,i12,
1769091763.5268433,RECEIVED,2d7ea9c7-7417-4f0e-944b-123463db41e7,1a293bfa-c12c-4af7-b555-9d5990e55a73,c3,c4,2035,p3,?,
1769091763.562262,RECEIVED,1b60e33e-e7cc-41df-83f6-9bcfc8d76fae,5b0306f4-6537-4208-bd6d-aef8941d2f79,c3,DROP,1442,p3,?,
1769091763.6223872,SENT,28b4f8ee-17a4-462c-8c1b-f8eff2b0212e,e0a13911-8f3c-46f3-b53a-86c4f11d8246,c2,c1,1463,?,i5,
1769091763.6224265,FORWARDED,28b4f8ee-17a4-462c-8c1b-f8eff2b0212e,e0a13911-8f3c-46f3-b53a-86c4f11d8246,c2,c1,1463,?,i5,
1769091763.6445785,RECEIVED,cbf03059-dee9-4f6c-acf7-63e4e7339194,ff402faf-bab0-4749-bd41-f515901c56ff,c2,c1,2031,p2,?,
1769091763.6932683,SENT,b1ad4850-d29a-4425-bbd6-0ff5cf5d6a15,64b36b35-b94c-47a2-b73d-a2b89ba6a707,c1,DROP,1008,?,i7,
1769091763.6933105,FORWARDED,b1ad4850-d29a-4425-bbd6-0ff5cf5d6a15,64b36b35-b94c-47a2-b73d-a2b89ba6a707,c1,DROP,1008,?,i7,
1769091763.8390684,SENT,8b54f64a-3f7f-4856-b8e0-40cae9bb3754,df0f3bef-3ada-4417-b916-d8ff78686695,c5,c4,1456,?,i10,
1769091763.839112,FORWARDED,8b54f64a-3f7f-4856-b8e0-40cae9bb3754,df0f3bef-3ada-4417-b916-d8ff78686695,c5,c4,1456,?,i10,
1769091763.9175315,SENT,d40af655-2cb0-4099-817b-a5af946b34af,52574d31-5be5-4ef5-8cc8-c0282a0a49ab,c2,c1,1461,?,i11,
1769091763.917575,FORWARDED,d40af655-2cb0-4099-817b-a5af946b34af,52574d31-5be5-4ef5-8cc8-c0282a0a49ab,c2,c1,1461,?,i11,
1769091764.059457,RECEIVED,88b71aa9-4682-45d0-94e7-772cda4eccc7,39d4168e-22b0-4df1-823a-7385e62a0fd4,c3,c4,2041,p3,?,
1769091764.142582,SENT,caf4bccb-ae16-4ea5-bfd0-1a9a87af4beb,b2489180-71ab-4634-99cd-902b4be7522d,c3,DROP,1017,?,i9,
1769091764.1426249,FORWARDED,caf4bccb-ae16-4ea5-bfd0-1a9a87af4beb,b2489180-71ab-4634-99cd-902b4be7522d,c3,DROP,1017,?,i9,
1769091764.256643,SENT,1b60e33e-e7cc-41df-83f6-9bcfc8d76fae,5b0306f4-6537-4208-bd6d-aef8941d2f79,c3,DROP,1011,?,i8,
1769091764.2566833,FORWARDED,1b60e33e-e7cc-41df-83f6-9bcfc8d76fae,5b0306f4-6537-4208-bd6d-aef8941d2f79,c3,DROP,1011,?,i8,
1769091764.2842562,RECEIVED,b4f08f25-7d89-4768-84a9-0958c4ff6d78,e9b7dd0e-0aca-4f3a-a5f2-cede56a8ff1a,c2,c1,2035,p2,?,
1769091764.3093758,RECEIVED,10bc9351-04ff-453f-a9fc-77b07aaba68c,b889c94a-3b9c-4540-9de7-36782dbc77ed,c3,c4,2048,p3,?,
1769091764.3235135,SENT,88b71aa9-4682-45d0-94e7-772cda4eccc7,39d4168e-22b0-4df1-823a-7385e62a0fd4,c3,c4,1456,?,i11,
1769091764.3235528,FORWARDED,88b71aa9-4682-45d0-94e7-772cda4eccc7,39d4168e-22b0-4df1-823a-7385e62a0fd4,c3,c4,1456,?,i11,
1769091764.4222891,RECEIVED,af9f57fe-da9c-4fa4-a580-0fef1cd39a5b,efb9b5eb-678a-4a9d-ac9d-89934c90772d,c2,DROP,1447,p2,?,
1769091764.5525985,SENT,2d7ea9c7-7417-4f0e-944b-123463db41e7,1a293bfa-c12c-4af7-b555-9d5990e55a73,c3,c4,1455,?,i7,
1769091764.552643,FORWARDED,2d7ea9c7-7417-4f0e-944b-123463db41e7,1a293bfa-c12c-4af7-b555-9d5990e55a73,c3,c4,1455,?,i7,
1769091764.5993993,RECEIVED,4c347195-583b-451f-a90d-79c75adb4e66,e3bd60c1-f2b6-41a6-ae4f-bb66c1d74cb6,c2,c1,2038,p2,?,
1769091764.6547885,SENT,4c347195-583b-451f-a90d-79c75adb4e66,e3bd60c1-f2b6-41a6-ae4f-bb66c1d74cb6,c2,c1,1455,?,i12,
1769091764.6548295,FORWARDED,4c347195-583b-451f-a90d-79c75adb4e66,e3bd60c1-f2b6-41a6-ae4f-bb66c1d74cb6,c2,c1,1455,?,i12,
1769091764.8279688,RECEIVED,6f459e0e-0ec2-41e9-80b6-1f6efa17273e,2919aebc-8b89-497f-83d2-b85e83a78de1,c2,DROP,1453,p2,?,
1769091764.8563762,SENT,6f459e0e-0ec2-41e9-80b6-1f6efa17273e,2919aebc-8b89-497f-83d2-b85e83a78de1,c2,DROP,1016,?,i5,
1769091764.856416,FORWARDED,6f459e0e-0ec2-41e9-80b6-1f6efa17273e,2919aebc-8b89-497f-83d2-b85e83a78de1,c2,DROP,1016,?,i5,
1769091764.9566476,RECEIVED,cdc4a511-b0a9-4799-a43b-a58f5cf326a8,0abc6245-9ccf-46b5-af23-791a2c4a0931,c5,c4,2044,p2,?,
1769091764.9627028,RECEIVED,6165df48-b73b-4972-a3e5-8faf11db394b,b2669dfe-0c22-4485-bbcb-b29e2a7d2605,c4,DROP,1439,p1,?,
1769091765.0936608,FORWARDED,af9f57fe-da9c-4fa4-a580-0fef1cd39a5b,efb9b5eb-678a-4a9d-ac9d-89934c90772d,c2,DROP,1012,?,i6,
1769091765.1033669,RECEIVED,dfe806c3-f681-4b7c-ab61-b0a75312c006,bdc81953-7d8a-438a-81ab-c663eadd4760,c3,c4,2034,p3,?,
1769091765.2315557,SENT,10bc9351-04ff-453f-a9fc-77b07aaba68c,b889c94a-3b9c-4540-9de7-36782dbc77ed,c3,c4,1463,?,i10,
1769091765.2315927,FORWARDED,10bc9351-04ff-453f-a9fc-77b07aaba68c,b889c94a-3b9c-4540-9de7-36782dbc77ed,c3,c4,1463,?,i10,
1769091765.5376952,RECEIVED,47897187-a8ab-478d-80de-0cb632820cca,b6900daf-43c5-4a92-b4a2-e196e83172eb,c4,DROP,1446,p1,?,
1769091765.6016347,SENT,6165df48-b73b-4972-a3e5-8faf11db394b,b2669dfe-0c22-4485-bbcb-b29e2a7d2605,c4,DROP,1008,?,i4,
1769091765.6016762,FORWARDED,6165df48-b73b-4972-a3e5-8faf11db394b,b2669dfe-0c22-4485-bbcb-b29e2a7d2605,c4,DROP,1008,?,i4,
1769091765.6585546,RECEIVED,5a4dd373-132e-4f29-82ac-18afae773b10,394ab0ff-94ea-420a-923e-9ea96cd4f19b,c5,c4,2044,p2,?,
1769091765.670346,RECEIVED,9b4c9d21-d360-40f0-b670-3b3740778644,02c4ed80-9be2-41a6-95d3-46614f88dc22,c1,c5,2043,p1,?,
1769091765.708869,RECEIVED,290b5416-7504-4465-971d-41b02b65427e,0f929dc6-b22d-415b-b67d-c1294ace2f83,c1,c5,2043,p1,?,
1769091765.7131774,SENT,cbf03059-dee9-4f6c-acf7-63e4e7339194,ff402faf-bab0-4749-bd41-f515901c56ff,c2,c1,1451,?,i8,
1769091765.7132218,FORWARDED,cbf03059-dee9-4f6c-acf7-63e4e7339194,ff402faf-bab0-4749-bd41-f515901c56ff,c2,c1,1451,?,i8,
1769091765.7204382,SENT,dfe806c3-f681-4b7c-ab61-b0a75312c006,bdc81953-7d8a-438a-81ab-c663eadd4760,c3,c4,1455,?,i7,
1769091765.7209046,FORWARDED,dfe806c3-f681-4b7c-ab61-b0a75312c006,bdc81953-7d8a-438a-81ab-c663eadd4760,c3,c4,1455,?,i7,
1769091765.789167,SENT,5a4dd373-132e-4f29-82ac-18afae773b10,394ab0ff-94ea-420a-923e-9ea96cd4f19b,c5,c4,1459,?,i12,
1769091765.789207,FORWARDED,5a4dd373-132e-4f29-82ac-18afae773b10,394ab0ff-94ea-420a-923e-9ea96cd4f19b,c5,c4,1459,?,i12,
1769091766.0587683,RECEIVED,2c169ed8-c178-4a16-9d7c-f9a9c474353b,634a12d3-ecf7-4ae3-842c-b26350495522,c1,c5,2036,p1,?,
1769091766.120477,RECEIVED,1c9fcbd5-9e60-4cb9-b25d-ebcf7e6769ab,d9195695-9d94-4e19-b633-a2308f8c58a1,c5,DROP,442,x1,?,
1769091766.1302648,SENT,b4f08f25-7d89-4768-84a9-0958c4ff6d78,e9b7dd0e-0aca-4f3a-a5f2-cede56a8ff1a,c2,c1,1455,?,i8,
1769091766.130306,FORWARDED,b4f08f25-7d89-4768-84a9-0958c4ff6d78,e9b7dd0e-0aca-4f3a-a5f2-cede56a8ff1a,c2,c1,1455,?,i8,
1769091766.1904335,SENT,2c169ed8-c178-4a16-9d7c-f9a9c474353b,634a12d3-ecf7-4ae3-842c-b26350495522,c1,c5,1455,?,i9,
1769091766.190475,FORWARDED,2c169ed8-c178-4a16-9d7c-f9a9c474353b,634a12d3-ecf7-4ae3-842c-b26350495522,c1,c5,1455,?,i9,
1769091766.3005378,SENT,cdc4a511-b0a9-4799-a43b-a58f5cf326a8,0abc6245-9ccf-46b5-af23-791a2c4a0931,c5,c4,1459,?,i11,
1769091766.30067,FORWARDED,cdc4a511-b0a9-4799-a43b-a58f5cf326a8,0abc6245-9ccf-46b5-af23-791a2c4a0931,c5,c4,1459,?,i11,
1769091766.4518504,SENT,9b4c9d21-d360-40f0-b670-3b3740778644,02c4ed80-9be2-41a6-95d3-46614f88dc22,c1,c5,1459,?,i4,
1769091766.4518921,FORWARDED,9b4c9d21-d360-40f0-b670-3b3740778644,02c4ed80-9be2-41a6-95d3-46614f88dc22,c1,c5,1459,?,i4,
1769091766.5010335,RECEIVED,a2cf85ae-5455-4584-a7a9-65af50f8606a,20e62b1b-62f8-4fc0-ba25-87ebf1eb139f,c5,DROP,442,x9,?,
1769091766.6407707,RECEIVED,dc7c4e16-cf97-4020-84f8-7b041ab5c209,0e7ffa59-6895-4dcf-8fa3-c976b33b891c,c4,DROP,441,x9,?,
1769091766.767862,RECEIVED,c5b8de43-1fed-400a-95c4-afe24a22ef9e,b8abc499-5d12-4809-9ed7-5c64d167484a,c1,c5,2024,p1,?,
1769091766.7966812,SENT,290b5416-7504-4465-971d-41b02b65427e,0f929dc6-b22d-415b-b67d-c1294ace2f83,c1,c5,1461,?,i3,
1769091766.796721,FORWARDED,290b5416-7504-4465-971d-41b02b65427e,0f929dc6-b22d-415b-b67d-c1294ace2f83,c1,c5,1461,?,i3,
1769091766.8087947,RECEIVED,1fe0097f-19cc-43e6-9eee-045872af4fbe,32c8e98c-1978-465d-a6cb-277fd9d3f5d0,c2,DROP,440,x6,?,
1769091766.868597,RECEIVED,876dfb85-bf79-4d83-be64-a9a95fa22601,8dc6e545-5a1f-4744-8d34-f9b314cb9f3e,c3,c4,2028,p3,?,
1769091766.8817003,FORWARDED,c5b8de43-1fed-400a-95c4-afe24a22ef9e,b8abc499-5d12-4809-9ed7-5c64d167484a,c1,c5,1444,?,i6,
1769091767.0912733,FORWARDED,876dfb85-bf79-4d83-be64-a9a95fa22601,8dc6e545-5a1f-4744-8d34-f9b314cb9f3e,c3,c4,1447,?,i6,
1769091767.2923696,RECEIVED,25ca05d0-1b7d-4742-92c2-4cfdcf4cd24a,9e295348-fa8c-4aac-b2df-519b87575843,c1,c5,2023,p1,?,
1769091767.4444597,RECEIVED,44239505-8133-4b1f-9e59-bf8bee8a972f,2bb2f6ae-dbd2-40f7-a7e0-4054248f7935,c5,DROP,1451,p2,?,
1769091767.626684,SENT,25ca05d0-1b7d-4742-92c2-4cfdcf4cd24a,9e295348-fa8c-4aac-b2df-519b87575843,c1,c5,1444,?,i4,
1769091767.6268003,FORWARDED,25ca05d0-1b7d-4742-92c2-4cfdcf4cd24a,9e295348-fa8c-4aac-b2df-519b87575843,c1,c5,1444,?,i4,
1769091767.806853,RECEIVED,0f3bcc63-62fd-4e8f-8fa9-070680c31bfe,02ef30ab-5703-4bc6-b44d-4b29b5f796ae,c4,c1,2019,p1,?,
1769091767.8266509,RECEIVED,8da7f28d-9179-4825-8031-0e84aed5a88f,15854aca-bac7-4767-baf7-175b76dff07e,c1,DROP,1456,p1,?,
1769091767.86807,SENT,8da7f28d-9179-4825-8031-0e84aed5a88f,15854aca-bac7-4767-baf7-175b76dff07e,c1,DROP,1020,?,i8,
1769091767.8681118,FORWARDED,8da7f28d-9179-4825-8031-0e84aed5a88f,15854aca-bac7-4767-baf7-175b76dff07e,c1,DROP,1020,?,i8,
1769091767.9516628,SENT,47897187-a8ab-478d-80de-0cb632820cca,b6900daf-43c5-4a92-b4a2-e196e83172eb,c4,DROP,1012,?,i9,
1769091767.951713,FORWARDED,47897187-a8ab-478d-80de-0cb632820cca,b6900daf-43c5-4a92-b4a2-e196e83172eb,c4,DROP,1012,?,i9,
1769091768.1957238,RECEIVED,1bb602e5-5a02-4392-be03-1111d67c5d63,4f36a80d-883d-47e6-a812-8e24527ca2a6,c4,c1,2028,p1,?,
1769091768.2699387,RECEIVED,547f6efd-a032-4b29-ab93-90190db6b199,3d58aeed-07a7-44cc-ae8f-997ea04d2fd5,c4,c1,2039,p1,?,
1769091768.295142,RECEIVED,bf250d2a-5d15-44a8-9c00-6748120bfeed,7f4ffa47-18eb-43c4-a846-bce3477a28e2,c1,c5,2056,p1,?,
1769091768.3341465,RECEIVED,66b115fa-d568-4f0e-8c4e-94adb93e87ed,d2e9b9d5-e30a-4db1-afdd-927055e9502d,c2,c1,2043,p2,?,
1769091768.380383,SENT,1bb602e5-5a02-4392-be03-1111d67c5d63,4f36a80d-883d-47e6-a812-8e24527ca2a6,c4,c1,1447,?,i3,
1769091768.380425,FORWARDED,1bb602e5-5a02-4392-be03-1111d67c5d63,4f36a80d-883d-47e6-a812-8e24527ca2a6,c4,c1,1447,?,i3,
1769091768.4692113,SENT,bf250d2a-5d15-44a8-9c00-6748120bfeed,7f4ffa47-18eb-43c4-a846-bce3477a28e2,c1,c5,1468,?,i9,
1769091768.4692545,FORWARDED,bf250d2a-5d15-44a8-9c00-6748120bfeed,7f4ffa47-18eb-43c4-a846-bce3477a28e2,c1,c5,1468,?,i9,
1769091768.4821484,RECEIVED,936181ce-6a81-44e5-9acb-55901030cacc,976d3a5c-5aa4-4ad9-b549-80b6b02d33db,c2,c1,2035,p2,?,
1769091768.5194023,RECEIVED,2785a971-636d-445a-ae16-81dd2c032b70,6431e718-b315-4ba9-b25b-1b4c61d4fa25,c1,c5,2031,p1,?,
1769091768.5925078,FORWARDED,936181ce-6a81-44e5-9acb-55901030cacc,976d3a5c-5aa4-4ad9-b549-80b6b02d33db,c2,c1,1453,?,i6,
1769091768.602246,FORWARDED,66b115fa-d568-4f0e-8c4e-94adb93e87ed,d2e9b9d5-e30a-4db1-afdd-927055e9502d,c2,c1,1459,?,i6,
1769091768.7984462,RECEIVED,b638e988-644f-4064-ab2d-ca7c8eed72ec,afbb540c-0117-4e18-979e-7760767be256,c1,DROP,1462,p1,?,
1769091768.809127,RECEIVED,3651f726-4a79-413b-9db6-4c6052423ae1,d989d9a2-3fa0-4f79-917d-c58ffadc7ba0,c5,c4,2038,p2,?,
1769091768.8399343,RECEIVED,e75846ca-dc8d-48d0-9172-872bd00e471a,66a2498d-434f-4df3-8d9a-800ec894c9d6,c3,c4,2043,p3,?,
1769091768.8487208,SENT,3651f726-4a79-413b-9db6-4c6052423ae1,d989d9a2-3fa0-4f79-917d-c58ffadc7ba0,c5,c4,1455,?,i12,
1769091768.8487618,FORWARDED,3651f726-4a79-413b-9db6-4c6052423ae1,d989d9a2-3fa0-4f79-917d-c58ffadc7ba0,c5,c4,1455,?,i12,
1769091768.851541,SENT,2785a971-636d-445a-ae16-81dd2c032b70,6431e718-b315-4ba9-b25b-1b4c61d4fa25,c1,c5,1451,?,i8,
1769091768.8515985,FORWARDED,2785a971-636d-445a-ae16-81dd2c032b70,6431e718-b315-4ba9-b25b-1b4c61d4fa25,c1,c5,1451,?,i8,
1769091768.9014153,SENT,0f3bcc63-62fd-4e8f-8fa9-070680c31bfe,02ef30ab-5703-4bc6-b44d-4b29b5f796ae,c4,c1,1443,?,i9,
1769091768.901459,FORWARDED,0f3bcc63-62fd-4e8f-8fa9-070680c31bfe,02ef30ab-5703-4bc6-b44d-4b29b5f796ae,c4,c1,1443,?,i9,
1769091768.9727998,SENT,b638e988-644f-4064-ab2d-ca7c8eed72ec,afbb540c-0117-4e18-979e-7760767be256,c1,DROP,1025,?,i4,
1769091768.972842,FORWARDED,b638e988-644f-4064-ab2d-ca7c8eed72ec,afbb540c-0117-4e18-979e-7760767be256,c1,DROP,1025,?,i4,
1769091769.1567376,RECEIVED,91176817-d08e-456b-a84a-02a09c05d642,1b487e0f-ac5b-4102-b581-de0a979965c7,c4,c1,2047,p1,?,
1769091769.2229695,RECEIVED,a0ea63f7-ad1a-463e-996a-ab75fefd9524,1f893fd2-20bc-4c34-97cc-baefbf70c6e0,c5,c4,2040,p2,?,
1769091769.2388206,RECEIVED,4cd14d31-fd19-4217-8d93-8b59e6ca0a21,e9b71430-a8c8-48d6-94e6-c9c037728bd5,c2,c1,2040,p2,?,
1769091769.313145,RECEIVED,92cb1926-a30a-46d2-a889-a1f79970d2df,df6e858b-1d3e-4346-8df1-5e058a4d42e4,c2,DROP,1441,p2,?,
1769091769.451116,SENT,4cd14d31-fd19-4217-8d93-8b59e6ca0a21,e9b71430-a8c8-48d6-94e6-c9c037728bd5,c2,c1,1456,?,i3,
1769091769.4511576,FORWARDED,4cd14d31-fd19-4217-8d93-8b59e6ca0a21,e9b71430-a8c8-48d6-94e6-c9c037728bd5,c2,c1,1456,?,i3,
1769091769.468346,FORWARDED,a0ea63f7-ad1a-463e-996a-ab75fefd9524,1f893fd2-20bc-4c34-97cc-baefbf70c6e0,c5,c4,1457,?,i6,
1769091769.4824522,SENT,547f6efd-a032-4b29-ab93-90190db6b199,3d58aeed-07a7-44cc-ae8f-997ea04d2fd5,c4,c1,1458,?,i9,
1769091769.482495,FORWARDED,547f6efd-a032-4b29-ab93-90190db6b199,3d58aeed-07a7-44cc-ae8f-997ea04d2fd5,c4,c1,1458,?,i9,
1769091769.4946232,RECEIVED,6f4a1d2e-399b-4889-80d6-b8a0e2f00d96,5014bba4-060b-4a03-94a2-5429b46e6565,c5,DROP,1456,p2,?,
1769091769.6162002,RECEIVED,38d21be8-b4c1-42ef-9c69-59a701727bab,dd0cb3b7-9722-4876-871f-d02dac93c8ea,c3,DROP,1434,p3,?,
1769091769.6434622,SENT,92cb1926-a30a-46d2-a889-a1f79970d2df,df6e858b-1d3e-4346-8df1-5e058a4d42e4,c2,DROP,1007,?,i10,
1769091769.6435065,FORWARDED,92cb1926-a30a-46d2-a889-a1f79970d2df,df6e858b-1d3e-4346-8df1-5e058a4d42e4,c2,DROP,1007,?,i10,
1769091769.7007017,RECEIVED,37415902-0c6d-4b1f-a8fc-1b3f3523cf67,5e251c58-bba4-4d1d-a564-bfc466a2a5f2,c2,c1,2023,p2,?,
1769091769.7113216,SENT,38d21be8-b4c1-42ef-9c69-59a701727bab,dd0cb3b7-9722-4876-871f-d02dac93c8ea,c3,DROP,1003,?,i9,
1769091769.711373,FORWARDED,38d21be8-b4c1-42ef-9c69-59a701727bab,dd0cb3b7-9722-4876-871f-d02dac93c8ea,c3,DROP,1003,?,i9,
1769091769.7919378,RECEIVED,1ba3f4dd-bb4b-4445-adee-38b1dce2db45,82d5b720-b2ca-4798-8049-7190d61107e0,c4,DROP,1452,p1,?,
1769091769.808697,RECEIVED,a46da092-f35c-4f11-8df2-cb964e4fffd8,d9cd213b-1d10-402e-ab99-5b998d953152,c2,c1,2046,p2,?,
1769091769.8416586,RECEIVED,2f9af411-4ba4-4cd0-b169-38817803ebe1,b18ef39f-e933-41e4-9088-e627a6639d8b,c4,c1,2027,p1,?,
1769091769.842651,SENT,a46da092-f35c-4f11-8df2-cb964e4fffd8,d9cd213b-1d10-402e-ab99-5b998d953152,c2,c1,1459,?,i12,
1769091769.8426921,FORWARDED,a46da092-f35c-4f11-8df2-cb964e4fffd8,d9cd213b-1d10-402e-ab99-5b998d953152,c2,c1,1459,?,i12,
1769091769.9212568,FORWARDED,1ba3f4dd-bb4b-4445-adee-38b1dce2db45,82d5b720-b2ca-4798-8049-7190d61107e0,c4,DROP,1015,?,i6,
1769091770.0714366,FORWARDED,2f9af411-4ba4-4cd0-b169-38817803ebe1,b18ef39f-e933-41e4-9088-e627a6639d8b,c4,c1,1448,?,i6,
1769091770.1072102,SENT,91176817-d08e-456b-a84a-02a09c05d642,1b487e0f-ac5b-4102-b581-de0a979965c7,c4,c1,1463,?,i7,
1769091770.1078048,FORWARDED,91176817-d08e-456b-a84a-02a09c05d642,1b487e0f-ac5b-4102-b581-de0a979965c7,c4,c1,1463,?,i7,
1769091770.2274442,RECEIVED,b4ebbc4d-2b5b-4659-bfb0-60b99ac11f3f,2ad41bee-f140-42ca-9d70-fd01cd2a587a,c4,c1,2035,p1,?,
1769091770.2728493,SENT,44239505-8133-4b1f-9e59-bf8bee8a972f,2bb2f6ae-dbd2-40f7-a7e0-4054248f7935,c5,DROP,1015,?,i12,
1769091770.2728908,FORWARDED,44239505-8133-4b1f-9e59-bf8bee8a972f,2bb2f6ae-dbd2-40f7-a7e0-4054248f7935,c5,DROP,1015,?,i12,
1769091770.3633964,RECEIVED,f7951276-1743-45c4-8a62-6a6f2dbc306f,6b28e91b-93b8-4566-9fb5-8598f5bc043f,c5,c4,2043,p2,?,
1769091770.4970992,RECEIVED,0a769034-ed0c-44af-b7f5-6754d2433a6f,75e5aece-34ca-4104-8bb3-447ffa305fe6,c2,c1,2031,p2,?,
1769091770.5065114,RECEIVED,a89723f9-09b5-4bb4-92ad-f456e3083937,4653cbdb-27f7-4a37-aad1-6fbf93cf3024,c2,DROP,441,x5,?,
1769091770.5238948,SENT,f7951276-1743-45c4-8a62-6a6f2dbc306f,6b28e91b-93b8-4566-9fb5-8598f5bc043f,c5,c4,1460,?,i12,
1769091770.5239367,FORWARDED,f7951276-1743-45c4-8a62-6a6f2dbc306f,6b28e91b-93b8-4566-9fb5-8598f5bc043f,c5,c4,1460,?,i12,
1769091770.557825,SENT,6f4a1d2e-399b-4889-80d6-b8a0e2f00d96,5014bba4-060b-4a03-94a2-5429b46e6565,c5,DROP,1018,?,i11,
1769091770.557867,FORWARDED,6f4a1d2e-399b-4889-80d6-b8a0e2f00d96,5014bba4-060b-4a03-94a2-5429b46e6565,c5,DROP,1018,?,i11,
1769091770.5815103,RECEIVED,9ea7f108-f10a-4fe9-b5f5-5a3c1b738e3e,e794e6a4-b024-4d34-b0e2-0fea52ee8997,c4,c1,2024,p1,?,
1769091770.7389665,FORWARDED,37415902-0c6d-4b1f-a8fc-1b3f3523cf67,5e251c58-bba4-4d1d-a564-bfc466a2a5f2,c2,c1,1444,?,i6,
1769091770.8195176,RECEIVED,62027ca2-5591-4e30-8eaf-a96521303a77,a75e53f9-3686-4bfd-8ee5-d27368936295,c2,c1,2047,p2,?,
1769091770.8204045,RECEIVED,a996b2f4-6451-4741-9a63-dc7d5f441342,2f1b1bf8-0dee-466e-8b8a-56ecaa1d12af,c3,c4,2040,p3,?,
1769091770.827618,SENT,9ea7f108-f10a-4fe9-b5f5-5a3c1b738e3e,e794e6a4-b024-4d34-b0e2-0fea52ee8997,c4,c1,1446,?,i8,
1769091770.8276594,FORWARDED,9ea7f108-f10a-4fe9-b5f5-5a3c1b738e3e,e794e6a4-b024-4d34-b0e2-0fea52ee8997,c4,c1,1446,?,i8,
1769091771.1057224,RECEIVED,b972f858-d690-4054-b8bc-e4462c9e45b5,a0b1e526-e93d-4142-979d-05bc5569942b,c4,DROP,1447,p1,?,
1769091771.1761231,RECEIVED,9c7d636d-ff65-4474-9990-6ce8c796d8fe,06423b29-4501-4d47-93c1-44f46b37d1c9,c4,c1,2036,p1,?,
1769091771.18957,SENT,a996b2f4-6451-4741-9a63-dc7d5f441342,2f1b1bf8-0dee-466e-8b8a-56ecaa1d12af,c3,c4,1456,?,i11,
1769091771.1896105,FORWARDED,a996b2f4-6451-4741-9a63-dc7d5f441342,2f1b1bf8-0dee-466e-8b8a-56ecaa1d12af,c3,c4,1456,?,i11,
1769091771.2213895,RECEIVED,51b9b61b-f6fe-4a1a-abaa-f1fe64800a16,7122a14d-76ff-49b4-85f0-d20b915b52b6,c1,c5,2036,p1,?,
1769091771.221616,SENT,9c7d636d-ff65-4474-9990-6ce8c796d8fe,06423b29-4501-4d47-93c1-44f46b37d1c9,c4,c1,1455,?,i2,
1769091771.221652,FORWARDED,9c7d636d-ff65-4474-9990-6ce8c796d8fe,06423b29-4501-4d47-93c1-44f46b37d1c9,c4,c1,1455,?,i2,
1769091771.2702694,RECEIVED,22da0e9c-8932-4fad-804c-d1c052a514c1,4e71e115-8f10-4cdb-9398-b209951186a2,c5,DROP,1439,p2,?,
1769091771.3336966,RECEIVED,2d201839-303e-45b7-acca-c12065e2f252,5d3fdb81-0a36-4e9d-8a64-33cb44d4be1a,c2,c1,2023,p2,?,
1769091771.3807154,RECEIVED,d9e993ba-dc90-4900-8f5e-485677db1ac2,4698d333-f3d9-4000-9ee4-f292e9fa98e6,c4,DROP,442,x9,?,
1769091771.3938053,SENT,62027ca2-5591-4e30-8eaf-a96521303a77,a75e53f9-3686-4bfd-8ee5-d27368936295,c2,c1,1462,?,i4,
1769091771.393847,FORWARDED,62027ca2-5591-4e30-8eaf-a96521303a77,a75e53f9-3686-4bfd-8ee5-d27368936295,c2,c1,1462,?,i4,
1769091771.395482,RECEIVED,8d3b0e8d-2258-4873-a394-b8aa8c057b89,bedcfedc-e773-4f86-ab73-0cfb0fcabc0a,c5,DROP,1456,p2,?,
1769091771.449884,SENT,b972f858-d690-4054-b8bc-e4462c9e45b5,a0b1e526-e93d-4142-979d-05bc5569942b,c4,DROP,1012,?,i9,
1769091771.449928,FORWARDED,b972f858-d690-4054-b8bc-e4462c9e45b5,a0b1e526-e93d-4142-979d-05bc5569942b,c4,DROP,1012,?,i9,
1769091771.4806535,SENT,51b9b61b-f6fe-4a1a-abaa-f1fe64800a16,7122a14d-76ff-49b4-85f0-d20b915b52b6,c1,c5,1453,?,i8,
1769091771.4806926,FORWARDED,51b9b61b-f6fe-4a1a-abaa-f1fe64800a16,7122a14d-76ff-49b4-85f0-d20b915b52b6,c1,c5,1453,?,i8,
1769091771.5574064,SENT,b4ebbc4d-2b5b-4659-bfb0-60b99ac11f3f,2ad41bee-f140-42ca-9d70-fd01cd2a587a,c4,c1,1455,?,i5,
1769091771.5574474,FORWARDED,b4ebbc4d-2b5b-4659-bfb0-60b99ac11f3f,2ad41bee-f140-42ca-9d70-fd01cd2a587a,c4,c1,1455,?,i5,
1769091771.631608,RECEIVED,ed64f9cf-fae5-4e39-b6e5-aa38a071126a,54bea01b-4189-47d1-83c2-970b5bf8e9f7,c3,c4,2046,p3,?,
1769091771.6334603,SENT,22da0e9c-8932-4fad-804c-d1c052a514c1,4e71e115-8f10-4cdb-9398-b209951186a2,c5,DROP,1008,?,i3,
1769091771.6335015,FORWARDED,22da0e9c-8932-4fad-804c-d1c052a514c1,4e71e115-8f10-4cdb-9398-b209951186a2,c5,DROP,1008,?,i3,
1769091771.6477456,SENT,8d3b0e8d-2258-4873-a394-b8aa8c057b89,bedcfedc-e773-4f86-ab73-0cfb0fcabc0a,c5,DROP,1020,?,i10,
1769091771.6477845,FORWARDED,8d3b0e8d-2258-4873-a394-b8aa8c057b89,bedcfedc-e773-4f86-ab73-0cfb0fcabc0a,c5,DROP,1020,?,i10,
1769091771.6677363,RECEIVED,9ce1d000-0481-4258-ab65-21e50431a983,eb144fe8-e6ae-4eef-b330-e04f95799517,c2,c1,2040,p2,?,
1769091772.0412457,FORWARDED,e75846ca-dc8d-48d0-9172-872bd00e471a,66a2498d-434f-4df3-8d9a-800ec894c9d6,c3,c4,1460,?,i6,
1769091772.1064866,SENT,0a769034-ed0c-44af-b7f5-6754d2433a6f,75e5aece-34ca-4104-8bb3-447ffa305fe6,c2,c1,1452,?,i5,
1769091772.1065285,FORWARDED,0a769034-ed0c-44af-b7f5-6754d2433a6f,75e5aece-34ca-4104-8bb3-447ffa305fe6,c2,c1,1452,?,i5,
1769091772.1422412,RECEIVED,be5a90a5-8fbb-4a61-b3b0-d256ef1e54dd,5704b4be-8665-41a5-ae16-1c89e470b6b0,c3,c4,2047,p3,?,
1769091772.2333515,SENT,2d201839-303e-45b7-acca-c12065e2f252,5d3fdb81-0a36-4e9d-8a64-33cb44d4be1a,c2,c1,1445,?,i3,
1769091772.2333937,FORWARDED,2d201839-303e-45b7-acca-c12065e2f252,5d3fdb81-0a36-4e9d-8a64-33cb44d4be1a,c2,c1,1445,?,i3,
1769091772.2471695,SENT,be5a90a5-8fbb-4a61-b3b0-d256ef1e54dd,5704b4be-8665-41a5-ae16-1c89e470b6b0,c3,c4,1464,?,i3,
1769091772.2472131,FORWARDED,be5a90a5-8fbb-4a61-b3b0-d256ef1e54dd,5704b4be-8665-41a5-ae16-1c89e470b6b0,c3,c4,1464,?,i3,
1769091772.632155,RECEIVED,c7a5f3ba-568b-49c4-bd51-d1bcc017bff4,705de381-c1ea-477c-b9dc-a2cf5a20f525,c5,c4,2039,p2,?,
1769091773.0352528,SENT,ed64f9cf-fae5-4e39-b6e5-aa38a071126a,54bea01b-4189-47d1-83c2-970b5bf8e9f7,c3,c4,1463,?,i5,
1769091773.0352948,FORWARDED,ed64f9cf-fae5-4e39-b6e5-aa38a071126a,54bea01b-4189-47d1-83c2-970b5bf8e9f7,c3,c4,1463,?,i5,
1769091773.0513387,RECEIVED,97f55cc0-e07f-42c1-84b9-e28ab83a5465,cc14bbd9-d14d-4a60-a25a-45eb870b0a69,c1,c5,2036,p1,?,
1769091773.4524362,SENT,9ce1d000-0481-4258-ab65-21e50431a983,eb144fe8-e6ae-4eef-b330-e04f95799517,c2,c1,1456,?,i11,
1769091773.4524786,FORWARDED,9ce1d000-0481-4258-ab65-21e50431a983,eb144fe8-e6ae-4eef-b330-e04f95799517,c2,c1,1456,?,i11,
1769091773.69037,RECEIVED,1048f326-308a-4e42-a196-ad514647dd5e,4d9ee567-b395-457f-8069-23f13398523f,c1,c5,2044,p1,?,
1769091773.7211986,SENT,97f55cc0-e07f-42c1-84b9-e28ab83a5465,cc14bbd9-d14d-4a60-a25a-45eb870b0a69,c1,c5,1455,?,i12,
1769091773.721236,FORWARDED,97f55cc0-e07f-42c1-84b9-e28ab83a5465,cc14bbd9-d14d-4a60-a25a-45eb870b0a69,c1,c5,1455,?,i12,
1769091773.8723714,RECEIVED,fbfcd69b-af4a-453b-b82d-44b7ce1b7c16,07ca865f-1c19-4c6e-9e77-f83747ec0feb,c1,DROP,1457,p1,?,
1769091773.9087121,RECEIVED,5838b932-3db8-48e2-95bf-d0daa6c6bdc9,b542e69d-63bd-4b05-81df-e0a6b265ed1b,c3,c4,2020,p3,?,
1769091773.9681695,SENT,c7a5f3ba-568b-49c4-bd51-d1bcc017bff4,705de381-c1ea-477c-b9dc-a2cf5a20f525,c5,c4,1457,?,i9,
1769091773.9682074,FORWARDED,c7a5f3ba-568b-49c4-bd51-d1bcc017bff4,705de381-c1ea-477c-b9dc-a2cf5a20f525,c5,c4,1457,?,i9,
1769091774.0126345,SENT,5838b932-3db8-48e2-95bf-d0daa6c6bdc9,b542e69d-63bd-4b05-81df-e0a6b265ed1b,c3,c4,1443,?,i5,
1769091774.012678,FORWARDED,5838b932-3db8-48e2-95bf-d0daa6c6bdc9,b542e69d-63bd-4b05-81df-e0a6b265ed1b,c3,c4,1443,?,i5,
1769091774.1923976,SENT,1048f326-308a-4e42-a196-ad514647dd5e,4d9ee567-b395-457f-8069-23f13398523f,c1,c5,1460,?,i9,
1769091774.1924474,FORWARDED,1048f326-308a-4e42-a196-ad514647dd5e,4d9ee567-b395-457f-8069-23f13398523f,c1,c5,1460,?,i9,
1769091774.3691316,SENT,fbfcd69b-af4a-453b-b82d-44b7ce1b7c16,07ca865f-1c19-4c6e-9e77-f83747ec0feb,c1,DROP,1020,?,i12,
1769091774.3692024,FORWARDED,fbfcd69b-af4a-453b-b82d-44b7ce1b7c16,07ca865f-1c19-4c6e-9e77-f83747ec0feb,c1,DROP,1020,?,i12,
1769091774.392193,RECEIVED,c5fa2ab8-327e-4e4d-b0e1-982fc50b2dce,0878d47a-4c56-469b-8b9e-771783a61689,c5,DROP,1461,p2,?,
1769091774.6736648,RECEIVED,a65ff21a-fcc4-4c4b-b380-c64cc3d782a8,ad6e94f0-ae31-4062-9e33-c35b5b3c7697,c3,DROP,1460,p3,?,
1769091774.8823435,SENT,c5fa2ab8-327e-4e4d-b0e1-982fc50b2dce,0878d47a-4c56-469b-8b9e-771783a61689,c5,DROP,1022,?,i11,
1769091774.8823872,FORWARDED,c5fa2ab8-327e-4e4d-b0e1-982fc50b2dce,0878d47a-4c56-469b-8b9e-771783a61689,c5,DROP,1022,?,i11,
1769091775.032773,RECEIVED,2a07e6ea-b42d-495a-bb88-c3153c796c89,f98f8392-bc26-4108-96d8-26a3b05f25f8,c2,DROP,442,x1,?,
1769091775.2404103,SENT,a65ff21a-fcc4-4c4b-b380-c64cc3d782a8,ad6e94f0-ae31-4062-9e33-c35b5b3c7697,c3,DROP,1021,?,i11,
1769091775.2404535,FORWARDED,a65ff21a-fcc4-4c4b-b380-c64cc3d782a8,ad6e94f0-ae31-4062-9e33-c35b5b3c7697,c3,DROP,1021,?,i11,
1769091775.265517,RECEIVED,03463a6c-77b6-440d-aee6-7752e6f3129c,0cf03bdb-fdb5-495d-970f-9960a3be646b,c5,DROP,1439,p2,?,
1769091775.6408334,RECEIVED,84634423-1b19-49a6-b021-4c05f2247085,e0478884-6c7e-4882-9a45-a07b34a84e4e,c3,c4,2019,p3,?,
1769091775.827653,SENT,03463a6c-77b6-440d-aee6-7752e6f3129c,0cf03bdb-fdb5-495d-970f-9960a3be646b,c5,DROP,1007,?,i9,
1769091775.8276958,FORWARDED,03463a6c-77b6-440d-aee6-7752e6f3129c,0cf03bdb-fdb5-495d-970f-9960a3be646b,c5,DROP,1007,?,i9,
1769091776.2494018,RECEIVED,2a53aa50-4a1a-4667-825d-177342f1fd49,c10cfab3-1003-4472-84b7-7e9b9d4fd7ea,c3,DROP,1440,p3,?,
1769091776.2716992,RECEIVED,82c0ba31-f4be-4899-8f8c-5c8fe1320526,4b38aa90-b828-40b3-8bd3-3c2f02b29bd7,c2,c1,2047,p2,?,
1769091776.3454208,SENT,2a53aa50-4a1a-4667-825d-177342f1fd49,c10cfab3-1003-4472-84b7-7e9b9d4fd7ea,c3,DROP,1008,?,i5,
1769091776.345464,FORWARDED,2a53aa50-4a1a-4667-825d-177342f1fd49,c10cfab3-1003-4472-84b7-7e9b9d4fd7ea,c3,DROP,1008,?,i5,
1769091776.3492513,RECEIVED,203273bd-17eb-46eb-ad5d-30b6411ab16c,5218aab1-a07c-44ef-8b09-405515bcbea6,c5,c4,2039,p2,?,
1769091776.4354742,SENT,84634423-1b19-49a6-b021-4c05f2247085,e0478884-6c7e-4882-9a45-a07b34a84e4e,c3,c4,1443,?,i8,
1769091776.4355116,FORWARDED,84634423-1b19-49a6-b021-4c05f2247085,e0478884-6c7e-4882-9a45-a07b34a84e4e,c3,c4,1443,?,i8,
1769091776.625007,SENT,203273bd-17eb-46eb-ad5d-30b6411ab16c,5218aab1-a07c-44ef-8b09-405515bcbea6,c5,c4,1456,?,i10,
1769091776.6250422,FORWARDED,203273bd-17eb-46eb-ad5d-30b6411ab16c,5218aab1-a07c-44ef-8b09-405515bcbea6,c5,c4,1456,?,i10,
1769091776.8453941,RECEIVED,ab7b3f62-dd29-41be-a701-9eff1dc82d24,35295159-c905-4851-b4f7-e77c6b0246c3,c5,DROP,1452,p2,?,
1769091776.8901982,RECEIVED,58417320-3faf-46e2-8c02-845d7001b692,30a6d032-d5ec-491a-82e4-a814a4b0c137,c5,DROP,1456,p2,?,
1769091777.0492399,SENT,58417320-3faf-46e2-8c02-845d7001b692,30a6d032-d5ec-491a-82e4-a814a4b0c137,c5,DROP,1020,?,i2,
1769091777.0492785,FORWARDED,58417320-3faf-46e2-8c02-845d7001b692,30a6d032-d5ec-491a-82e4-a814a4b0c137,c5,DROP,1020,?,i2,
1769091777.0786269,SENT,ab7b3f62-dd29-41be-a701-9eff1dc82d24,35295159-c905-4851-b4f7-e77c6b0246c3,c5,DROP,1015,?,i9,
1769091777.0786948,FORWARDED,ab7b3f62-dd29-41be-a701-9eff1dc82d24,35295159-c905-4851-b4f7-e77c6b0246c3,c5,DROP,1015,?,i9,
1769091777.2498455,RECEIVED,85c07ca8-96a7-4004-9ca1-9f2adb0cd054,c1b15b87-c7c2-4184-a92b-1c7bc6e5d362,c3,c4,2032,p3,?,
1769091777.4524338,SENT,85c07ca8-96a7-4004-9ca1-9f2adb0cd054,c1b15b87-c7c2-4184-a92b-1c7bc6e5d362,c3,c4,1451,?,i5,
1769091777.4524713,FORWARDED,85c07ca8-96a7-4004-9ca1-9f2adb0cd054,c1b15b87-c7c2-4184-a92b-1c7bc6e5d362,c3,c4,1451,?,i5,
1769091777.4551182,RECEIVED,42504dff-9500-48bd-b9a2-d722b9d32189,5b1c962c-9842-485e-8a99-a4b92494cd1a,c1,DROP,1450,p1,?,
1769091777.4621882,RECEIVED,e5907dc4-e06f-4bdf-b3e7-4facb54578a4,c8018973-93d9-4807-ac69-ddf965c632fa,c5,c4,2031,p2,?,
1769091777.6105406,SENT,82c0ba31-f4be-4899-8f8c-5c8fe1320526,4b38aa90-b828-40b3-8bd3-3c2f02b29bd7,c2,c1,1464,?,i5,
1769091777.610583,FORWARDED,82c0ba31-f4be-4899-8f8c-5c8fe1320526,4b38aa90-b828-40b3-8bd3-3c2f02b29bd7,c2,c1,1464,?,i5,
1769091777.814443,RECEIVED,c4173833-b9bb-4b0a-8401-36e0118950f7,0dc4094b-c3e4-4698-ab21-2dbbe1de9e02,c5,DROP,1439,p2,?,
1769091778.052802,RECEIVED,33adcd98-c3ec-4376-80e6-63d097eb7259,67725845-1fcf-48d5-9c0a-227c38c3eac5,c4,c1,2032,p1,?,
1769091778.0604863,RECEIVED,5dfda9ad-98b5-4d62-bfd3-e8f3b3e5fb55,d2d22e56-9d75-4deb-9dc2-86560607a160,c1,DROP,1440,p1,?,
1769091778.132018,SENT,33adcd98-c3ec-4376-80e6-63d097eb7259,67725845-1fcf-48d5-9c0a-227c38c3eac5,c4,c1,1451,?,i4,
1769091778.1326115,FORWARDED,33adcd98-c3ec-4376-80e6-63d097eb7259,67725845-1fcf-48d5-9c0a-227c38c3eac5,c4,c1,1451,?,i4,
1769091778.3523743,FORWARDED,c4173833-b9bb-4b0a-8401-36e0118950f7,0dc4094b-c3e4-4698-ab21-2dbbe1de9e02,c5,DROP,1007,?,i6,
1769091778.8609045,RECEIVED,3745f251-4c68-4621-be03-b9c94469ad16,bf41b9ad-8841-44d1-adf0-95e849fd7b3b,c2,DROP,1459,p2,?,
1769091778.908567,RECEIVED,fb38d60c-1722-4ec0-95b3-a5cdb012d475,66fe459e-eb9e-4d9a-904e-a2caf9df54a6,c2,DROP,1456,p2,?,
1769091778.9491122,SENT,5dfda9ad-98b5-4d62-bfd3-e8f3b3e5fb55,d2d22e56-9d75-4deb-9dc2-86560607a160,c1,DROP,1008,?,i11,
1769091778.9491553,FORWARDED,5dfda9ad-98b5-4d62-bfd3-e8f3b3e5fb55,d2d22e56-9d75-4deb-9dc2-86560607a160,c1,DROP,1008,?,i11,
1769091779.1196754,SENT,42504dff-9500-48bd-b9a2-d722b9d32189,5b1c962c-9842-485e-8a99-a4b92494cd1a,c1,DROP,1016,?,i8,
1769091779.119717,FORWARDED,42504dff-9500-48bd-b9a2-d722b9d32189,5b1c962c-9842-485e-8a99-a4b92494cd1a,c1,DROP,1016,?,i8,
1769091779.152961,RECEIVED,351aa5be-842e-4b38-8352-ffb4afe10b07,6634b5d0-ad1a-4d72-bb25-941b8f666fb7,c1,DROP,1439,p1,?,
1769091779.1744077,SENT,3745f251-4c68-4621-be03-b9c94469ad16,bf41b9ad-8841-44d1-adf0-95e849fd7b3b,c2,DROP,1021,?,i1,
1769091779.1744666,FORWARDED,3745f251-4c68-4621-be03-b9c94469ad16,bf41b9ad-8841-44d1-adf0-95e849fd7b3b,c2,DROP,1021,?,i1,
1769091779.1925774,RECEIVED,e8c6e324-905e-400a-9c60-e42fcf51cfe9,38a9e384-fab5-4be2-a803-370d0b06f25a,c3,DROP,1447,p3,?,
1769091779.3196795,SENT,fb38d60c-1722-4ec0-95b3-a5cdb012d475,66fe459e-eb9e-4d9a-904e-a2caf9df54a6,c2,DROP,1020,?,i2,
1769091779.319718,FORWARDED,fb38d60c-1722-4ec0-95b3-a5cdb012d475,66fe459e-eb9e-4d9a-904e-a2caf9df54a6,c2,DROP,1020,?,i2,
1769091779.3779685,RECEIVED,e327151c-ebfa-4991-80b6-19fc5340d39d,0d3b1273-ba0e-4aa6-b22f-ec0703eebfd3,c5,c4,2035,p2,?,
1769091779.4222627,SENT,e327151c-ebfa-4991-80b6-19fc5340d39d,0d3b1273-ba0e-4aa6-b22f-ec0703eebfd3,c5,c4,1453,?,i11,
1769091779.4223096,FORWARDED,e327151c-ebfa-4991-80b6-19fc5340d39d,0d3b1273-ba0e-4aa6-b22f-ec0703eebfd3,c5,c4,1453,?,i11,
1769091779.4670093,RECEIVED,f34a3353-96b1-4a90-a790-c6730ffd24db,5d2143a9-d792-43d6-9d19-0a2cc6fde2b9,c5,c4,2041,p2,?,
1769091779.5062687,RECEIVED,7918c291-554d-4325-9a83-165f3a518e1b,c497c6bd-3165-4e9e-b2ad-c164953695f5,c5,c4,2047,p2,?,
1769091779.5242097,FORWARDED,f34a3353-96b1-4a90-a790-c6730ffd24db,5d2143a9-d792-43d6-9d19-0a2cc6fde2b9,c5,c4,1456,?,i6,
1769091779.5924814,RECEIVED,c514ca0d-92cc-4857-8604-87e7d8c4a5be,a27a2e99-af0b-4acc-b3f6-9ef378a13520,c2,c1,2036,p2,?,
1769091779.7429547,SENT,351aa5be-842e-4b38-8352-ffb4afe10b07,6634b5d0-ad1a-4d72-bb25-941b8f666fb7,c1,DROP,1008,?,i9,
1769091779.7429957,FORWARDED,351aa5be-842e-4b38-8352-ffb4afe10b07,6634b5d0-ad1a-4d72-bb25-941b8f666fb7,c1,DROP,1008,?,i9,
1769091779.7721295,RECEIVED,eae6ebf8-3a2e-4e45-ac41-caa580082f9e,0db89829-654a-45c9-871c-e4971a3df91e,c3,c4,2032,p3,?,
1769091779.835246,FORWARDED,c514ca0d-92cc-4857-8604-87e7d8c4a5be,a27a2e99-af0b-4acc-b3f6-9ef378a13520,c2,c1,1454,?,i6,
1769091779.8536482,RECEIVED,dd2373bb-4c3a-4d09-9cb1-92fd0025ce7b,b9a8261b-dc57-4a2b-b834-a42decbf8e4f,c5,c4,2019,p2,?,
1769091779.886033,RECEIVED,80e3731b-fd87-497f-8cac-b25c3b7755bf,a9b6c507-4d5f-41a7-b928-0d0e1b468899,c2,DROP,1448,p2,?,
1769091779.9298298,SENT,80e3731b-fd87-497f-8cac-b25c3b7755bf,a9b6c507-4d5f-41a7-b928-0d0e1b468899,c2,DROP,1012,?,i1,
1769091779.9298723,FORWARDED,80e3731b-fd87-497f-8cac-b25c3b7755bf,a9b6c507-4d5f-41a7-b928-0d0e1b468899,c2,DROP,1012,?,i1,
1769091779.9316394,SENT,7918c291-554d-4325-9a83-165f3a518e1b,c497c6bd-3165-4e9e-b2ad-c164953695f5,c5,c4,1464,?,i1,
1769091779.9316804,FORWARDED,7918c291-554d-4325-9a83-165f3a518e1b,c497c6bd-3165-4e9e-b2ad-c164953695f5,c5,c4,1464,?,i1,
1769091780.0199308,SENT,eae6ebf8-3a2e-4e45-ac41-caa580082f9e,0db89829-654a-45c9-871c-e4971a3df91e,c3,c4,1452,?,i1,
1769091780.0199716,FORWARDED,eae6ebf8-3a2e-4e45-ac41-caa580082f9e,0db89829-654a-45c9-871c-e4971a3df91e,c3,c4,1452,?,i1,
1769091780.1098256,RECEIVED,d2be3c53-9812-4ad2-8377-9a747887dc44,545c36f5-08c9-4ef7-9022-ae850b3b5232,c4,c1,2049,p1,?,
1769091780.1605191,SENT,d2be3c53-9812-4ad2-8377-9a747887dc44,545c36f5-08c9-4ef7-9022-ae850b3b5232,c4,c1,1463,?,i7,
1769091780.1605687,FORWARDED,d2be3c53-9812-4ad2-8377-9a747887dc44,545c36f5-08c9-4ef7-9022-ae850b3b5232,c4,c1,1463,?,i7,
1769091780.1958249,FORWARDED,e8c6e324-905e-400a-9c60-e42fcf51cfe9,38a9e384-fab5-4be2-a803-370d0b06f25a,c3,DROP,1013,?,i6,
1769091780.2095795,SENT,e5907dc4-e06f-4bdf-b3e7-4facb54578a4,c8018973-93d9-4807-ac69-ddf965c632fa,c5,c4,1451,?,i8,
1769091780.2096224,FORWARDED,e5907dc4-e06f-4bdf-b3e7-4facb54578a4,c8018973-93d9-4807-ac69-ddf965c632fa,c5,c4,1451,?,i8,
1769091780.421583,RECEIVED,6f35a134-d996-46e1-abd6-d1735f360b70,c1aa4fd6-2769-4e88-9e0b-03799502a93e,c1,DROP,1443,p1,?,
1769091780.470958,RECEIVED,2db6852f-cadc-49d0-bf2c-a7ac7dcaa764,49a14de5-c68e-44c6-a71e-bdb700779a83,c5,c4,2039,p2,?,
1769091780.5114083,SENT,6f35a134-d996-46e1-abd6-d1735f360b70,c1aa4fd6-2769-4e88-9e0b-03799502a93e,c1,DROP,1007,?,i12,
1769091780.5114493,FORWARDED,6f35a134-d996-46e1-abd6-d1735f360b70,c1aa4fd6-2769-4e88-9e0b-03799502a93e,c1,DROP,1007,?,i12,
1769091780.6018276,RECEIVED,2e88beec-7f74-473f-8c32-dff8021b58d3,05932414-cdcd-4e4f-8208-57696128c7a5,c4,c1,2048,p1,?,
1769091780.6740851,RECEIVED,e8f57257-fbe6-4739-ad66-29cc9db68378,800f8ce4-95b0-4161-986c-59668a14173c,c4,DROP,1451,p1,?,
1769091780.6950204,SENT,2e88beec-7f74-473f-8c32-dff8021b58d3,05932414-cdcd-4e4f-8208-57696128c7a5,c4,c1,1463,?,i8,
1769091780.695358,FORWARDED,2e88beec-7f74-473f-8c32-dff8021b58d3,05932414-cdcd-4e4f-8208-57696128c7a5,c4,c1,1463,?,i8,
1769091780.8128195,RECEIVED,770e6aba-4af7-4b19-b0ea-c1fdc7dd23e7,d0888494-10fe-42fb-b4ba-522f6b92b2d7,c2,DROP,1451,p2,?,
1769091780.8247535,FORWARDED,e8f57257-fbe6-4739-ad66-29cc9db68378,800f8ce4-95b0-4161-986c-59668a14173c,c4,DROP,1015,?,i6,
1769091780.8417168,SENT,dd2373bb-4c3a-4d09-9cb1-92fd0025ce7b,b9a8261b-dc57-4a2b-b834-a42decbf8e4f,c5,c4,1443,?,i1,
1769091780.8417583,FORWARDED,dd2373bb-4c3a-4d09-9cb1-92fd0025ce7b,b9a8261b-dc57-4a2b-b834-a42decbf8e4f,c5,c4,1443,?,i1,
1769091780.9850836,RECEIVED,b655cbe7-7fff-4e95-afc4-83a24e7e8ac9,6b807adb-dd57-443b-ae42-4498ff921138,c1,DROP,1452,p1,?,
1769091781.0217426,SENT,2db6852f-cadc-49d0-bf2c-a7ac7dcaa764,49a14de5-c68e-44c6-a71e-bdb700779a83,c5,c4,1457,?,i3,
1769091781.0217876,FORWARDED,2db6852f-cadc-49d0-bf2c-a7ac7dcaa764,49a14de5-c68e-44c6-a71e-bdb700779a83,c5,c4,1457,?,i3,
1769091781.0536146,RECEIVED,c3058909-2395-4bfc-8e62-f974baabcd5f,dd39338f-4d23-4665-b0db-fd88055e6f38,c5,c4,2044,p2,?,
1769091781.126819,RECEIVED,c1b2fde8-f6eb-4879-a031-4bca6a76abca,8113a047-9d62-4152-b6a2-912cb6070641,c5,DROP,1441,p2,?,
1769091781.165733,RECEIVED,eff1fb3c-4cb6-4bad-9df2-6d96c584ef07,3ed01f56-4b03-4944-8783-4f22021bf96e,c5,DROP,441,x4,?,
1769091781.1918898,SENT,c1b2fde8-f6eb-4879-a031-4bca6a76abca,8113a047-9d62-4152-b6a2-912cb6070641,c5,DROP,1008,?,i8,
1769091781.1919327,FORWARDED,c1b2fde8-f6eb-4879-a031-4bca6a76abca,8113a047-9d62-4152-b6a2-912cb6070641,c5,DROP,1008,?,i8,
1769091781.1963356,SENT,b655cbe7-7fff-4e95-afc4-83a24e7e8ac9,6b807adb-dd57-443b-ae42-4498ff921138,c1,DROP,1015,?,i8,
1769091781.1963832,FORWARDED,b655cbe7-7fff-4e95-afc4-83a24e7e8ac9,6b807adb-dd57-443b-ae42-4498ff921138,c1,DROP,1015,?,i8,
1769091781.2217004,RECEIVED,4e14cc50-014f-4bf2-a9ad-a98b06293f21,74ee1af4-6c70-4710-a51a-9b3730654e1a,c1,DROP,1447,p1,?,
1769091781.2884803,RECEIVED,15e88068-6e0a-4638-86a0-5f2846d89608,7f8973e7-b75d-4534-81a4-2bc49a431aad,c4,c1,2032,p1,?,
1769091781.36003,SENT,c3058909-2395-4bfc-8e62-f974baabcd5f,dd39338f-4d23-4665-b0db-fd88055e6f38,c5,c4,1459,?,i1,
1769091781.3602896,FORWARDED,c3058909-2395-4bfc-8e62-f974baabcd5f,dd39338f-4d23-4665-b0db-fd88055e6f38,c5,c4,1459,?,i1,
1769091781.373427,SENT,15e88068-6e0a-4638-86a0-5f2846d89608,7f8973e7-b75d-4534-81a4-2bc49a431aad,c4,c1,1452,?,i5,
1769091781.3734684,FORWARDED,15e88068-6e0a-4638-86a0-5f2846d89608,7f8973e7-b75d-4534-81a4-2bc49a431aad,c4,c1,1452,?,i5,
1769091781.3796377,RECEIVED,10013046-a7fe-46df-8011-6b019fb385d1,d30c7974-dbd4-4349-a0c7-942dadfd3733,c4,c1,2032,p1,?,
1769091781.5528347,RECEIVED,811c02f6-a58f-4d65-9b0b-a9737a4b8e4d,819fdd58-93bb-41e4-bb70-6a022c801ed2,c5,c4,2035,p2,?,
1769091781.6537323,RECEIVED,d8129208-703a-43b8-a0d4-56d12bd51e78,d577d818-52fc-4fc1-a51a-7990cc6de89a,c2,c1,2032,p2,?,
1769091781.7475407,SENT,10013046-a7fe-46df-8011-6b019fb385d1,d30c7974-dbd4-4349-a0c7-942dadfd3733,c4,c1,1451,?,i5,
1769091781.7475822,FORWARDED,10013046-a7fe-46df-8011-6b019fb385d1,d30c7974-dbd4-4349-a0c7-942dadfd3733,c4,c1,1451,?,i5,
1769091781.8616982,SENT,d8129208-703a-43b8-a0d4-56d12bd51e78,d577d818-52fc-4fc1-a51a-7990cc6de89a,c2,c1,1451,?,i9,
1769091781.8617427,FORWARDED,d8129208-703a-43b8-a0d4-56d12bd51e78,d577d818-52fc-4fc1-a51a-7990cc6de89a,c2,c1,1451,?,i9,
1769091781.9766524,RECEIVED,fcae4429-b75e-41a2-9dfa-b4b1c531ecb4,e48785eb-40a2-4e3e-852a-56b65eab1cd9,c5,c4,2051,p2,?,
1769091782.047426,SENT,4e14cc50-014f-4bf2-a9ad-a98b06293f21,74ee1af4-6c70-4710-a51a-9b3730654e1a,c1,DROP,1012,?,i3,
1769091782.0474672,FORWARDED,4e14cc50-014f-4bf2-a9ad-a98b06293f21,74ee1af4-6c70-4710-a51a-9b3730654e1a,c1,DROP,1012,?,i3,
1769091782.1392105,RECEIVED,a5e76bc3-fa74-4d75-9989-355bceaa0ef9,8b3e9b0c-09ce-4cff-9ed2-90a8718f35f2,c3,DROP,1461,p3,?,
1769091782.162802,SENT,a5e76bc3-fa74-4d75-9989-355bceaa0ef9,8b3e9b0c-09ce-4cff-9ed2-90a8718f35f2,c3,DROP,1022,?,i4,
1769091782.162843,FORWARDED,a5e76bc3-fa74-4d75-9989-355bceaa0ef9,8b3e9b0c-09ce-4cff-9ed2-90a8718f35f2,c3,DROP,1022,?,i4,
1769091782.2648363,SENT,fcae4429-b75e-41a2-9dfa-b4b1c531ecb4,e48785eb-40a2-4e3e-852a-56b65eab1cd9,c5,c4,1466,?,i1,
1769091782.264876,FORWARDED,fcae4429-b75e-41a2-9dfa-b4b1c531ecb4,e48785eb-40a2-4e3e-852a-56b65eab1cd9,c5,c4,1466,?,i1,
1769091782.3253355,RECEIVED,da9f0683-bc84-482c-b2c8-42a9649b2baf,3cfb4d1f-ee2f-4e7b-b479-de6bb9b8aa7c,c1,c5,2038,p1,?,
1769091782.4889514,SENT,770e6aba-4af7-4b19-b0ea-c1fdc7dd23e7,d0888494-10fe-42fb-b4ba-522f6b92b2d7,c2,DROP,1015,?,i8,
1769091782.488993,FORWARDED,770e6aba-4af7-4b19-b0ea-c1fdc7dd23e7,d0888494-10fe-42fb-b4ba-522f6b92b2d7,c2,DROP,1015,?,i8,
1769091782.6827803,SENT,da9f0683-bc84-482c-b2c8-42a9649b2baf,3cfb4d1f-ee2f-4e7b-b479-de6bb9b8aa7c,c1,c5,1456,?,i2,
1769091782.6828225,FORWARDED,da9f0683-bc84-482c-b2c8-42a9649b2baf,3cfb4d1f-ee2f-4e7b-b479-de6bb9b8aa7c,c1,c5,1456,?,i2,
1769091782.857825,FORWARDED,811c02f6-a58f-4d65-9b0b-a9737a4b8e4d,819fdd58-93bb-41e4-bb70-6a022c801ed2,c5,c4,1455,?,i6,
1769091782.9211617,RECEIVED,df72d79f-ee4d-41b7-a7be-c5a91d29c07b,d07dbc20-ad9f-4d31-ad58-0cbb6a2e4339,c1,DROP,1452,p1,?,
1769091783.3060954,RECEIVED,dae7dc05-d7a8-4099-a880-7757386cdf9f,ee374c3e-4df3-4d9a-a541-09f108bcc938,c1,DROP,1461,p1,?,
1769091783.3212755,SENT,df72d79f-ee4d-41b7-a7be-c5a91d29c07b,d07dbc20-ad9f-4d31-ad58-0cbb6a2e4339,c1,DROP,1017,?,i7,
1769091783.321318,FORWARDED,df72d79f-ee4d-41b7-a7be-c5a91d29c07b,d07dbc20-ad9f-4d31-ad58-0cbb6a2e4339,c1,DROP,1017,?,i7,
1769091783.3383694,SENT,dae7dc05-d7a8-4099-a880-7757386cdf9f,ee374c3e-4df3-4d9a-a541-09f108bcc938,c1,DROP,1021,?,i5,
1769091783.3384118,FORWARDED,dae7dc05-d7a8-4099-a880-7757386cdf9f,ee374c3e-4df3-4d9a-a541-09f108bcc938,c1,DROP,1021,?,i5,
1769091783.4554844,RECEIVED,490c78be-f259-41b7-9023-a867ef0d5901,d1f7bc4d-b9d2-41d2-8b47-0755671ab490,c3,c4,2045,p3,?,
1769091783.5400586,RECEIVED,9e720b1a-7aa0-407f-80c9-82fce3574470,c17b29a3-77d1-4ff0-a3d6-fcdd0e4fc40b,c3,c4,2031,p3,?,
1769091783.697513,SENT,490c78be-f259-41b7-9023-a867ef0d5901,d1f7bc4d-b9d2-41d2-8b47-0755671ab490,c3,c4,1459,?,i12,
1769091783.6975555,FORWARDED,490c78be-f259-41b7-9023-a867ef0d5901,d1f7bc4d-b9d2-41d2-8b47-0755671ab490,c3,c4,1459,?,i12,
1769091783.7387125,RECEIVED,833978b1-5cfb-4dbf-983b-85a9e2b314af,0e6f0f87-c2a6-4835-8260-034614ead0de,c3,DROP,440,x1,?,
1769091784.0212243,RECEIVED,433a26fe-cbb3-421c-a4e8-a6fbc913c2f3,906649ec-325d-4b2a-b52c-f93403ace4bd,c3,DROP,440,x3,?,
1769091784.454559,RECEIVED,42873b84-9039-473e-a668-53410c6ba979,ff218ab8-6087-4a2c-95c0-cd78bbfcde34,c2,DROP,443,x4,?,
1769091784.686242,FORWARDED,9e720b1a-7aa0-407f-80c9-82fce3574470,c17b29a3-77d1-4ff0-a3d6-fcdd0e4fc40b,c3,c4,1452,?,i6,
1769091784.9116423,RECEIVED,f1c1b374-9918-4b9a-882a-35deaefa1c39,d179ac20-58bd-4f54-a87e-9a83600b09be,c4,DROP,1452,p1,?,
1769091784.9869454,RECEIVED,07d0a1a0-7e8d-4131-8148-afe205a617ea,ad1d378d-2404-4a14-8af5-53cf076dd028,c1,DROP,1440,p1,?,
1769091785.080159,RECEIVED,7d17a9f8-435c-4396-aeef-0a42124bc99d,db5b1e47-040e-458b-88e5-8f559feaaadb,c5,DROP,445,x10,?,
1769091785.0978124,FORWARDED,07d0a1a0-7e8d-4131-8148-afe205a617ea,ad1d378d-2404-4a14-8af5-53cf076dd028,c1,DROP,1007,?,i6,
1769091785.117153,RECEIVED,9303d44d-d80c-4349-b09b-8996c887e83b,253bc650-edd2-4ff9-9047-47d306051fe9,c1,c5,2036,p1,?,
1769091785.1561966,SENT,f1c1b374-9918-4b9a-882a-35deaefa1c39,d179ac20-58bd-4f54-a87e-9a83600b09be,c4,DROP,1015,?,i2,
1769091785.1562407,FORWARDED,f1c1b374-9918-4b9a-882a-35deaefa1c39,d179ac20-58bd-4f54-a87e-9a83600b09be,c4,DROP,1015,?,i2,
1769091785.1712217,RECEIVED,9c01b483-b107-4ac4-82ee-7104237a7c1a,4f1baf72-df26-4203-8f08-f3fbbcae00fb,c2,c1,2037,p2,?,
1769091785.259895,SENT,9c01b483-b107-4ac4-82ee-7104237a7c1a,4f1baf72-df26-4203-8f08-f3fbbcae00fb,c2,c1,1455,?,i9,
1769091785.2599363,FORWARDED,9c01b483-b107-4ac4-82ee-7104237a7c1a,4f1baf72-df26-4203-8f08-f3fbbcae00fb,c2,c1,1455,?,i9,
1769091785.3972404,RECEIVED,f454e93c-d550-49e2-8b91-a0eceb9d1a91,5324771d-11aa-4a54-9da9-9834a9b87949,c2,DROP,1456,p2,?,
1769091785.4580822,FORWARDED,9303d44d-d80c-4349-b09b-8996c887e83b,253bc650-edd2-4ff9-9047-47d306051fe9,c1,c5,1453,?,i6,
1769091785.5089388,RECEIVED,fc254efb-1ce6-48f7-a734-cea78e2c055d,8a70a9b1-b264-4c2a-91e9-d72928fdced7,c2,DROP,1460,p2,?,
1769091785.542081,SENT,f454e93c-d550-49e2-8b91-a0eceb9d1a91,5324771d-11aa-4a54-9da9-9834a9b87949,c2,DROP,1020,?,i11,
1769091785.5421207,FORWARDED,f454e93c-d550-49e2-8b91-a0eceb9d1a91,5324771d-11aa-4a54-9da9-9834a9b87949,c2,DROP,1020,?,i11,
1769091785.7965527,SENT,fc254efb-1ce6-48f7-a734-cea78e2c055d,8a70a9b1-b264-4c2a-91e9-d72928fdced7,c2,DROP,1021,?,i12,
1769091785.7966,FORWARDED,fc254efb-1ce6-48f7-a734-cea78e2c055d,8a70a9b1-b264-4c2a-91e9-d72928fdced7,c2,DROP,1021,?,i12,
1769091785.9086046,RECEIVED,ed43b8cb-0025-4583-8fd9-3feb2110fec0,a79d1478-5f29-4d92-8401-a7c024f95fa6,c5,DROP,1460,p2,?,
1769091786.0081363,RECEIVED,e4e2cadd-5297-4364-a4b1-86231d6f92c6,6d44193e-06b2-447a-b85d-050f3911a047,c3,c4,2042,p3,?,
1769091786.0316825,RECEIVED,dd862537-f638-4879-8f88-84e077ad4386,04545b6d-e282-421d-9401-1a7389421853,c2,c1,2039,p2,?,
1769091786.1978877,RECEIVED,90f7d005-456a-4033-a513-94527db2ea8c,209152a6-960b-464a-bb23-ed3666838a27,c5,c4,2033,p2,?,
1769091786.240378,RECEIVED,f4df1bfb-71c1-4fff-880e-233c43f9bcaf,236b5636-3809-42be-b2df-365e920a02b8,c2,c1,2036,p2,?,
1769091786.29627,SENT,f4df1bfb-71c1-4fff-880e-233c43f9bcaf,236b5636-3809-42be-b2df-365e920a02b8,c2,c1,1454,?,i1,
1769091786.2963195,FORWARDED,f4df1bfb-71c1-4fff-880e-233c43f9bcaf,236b5636-3809-42be-b2df-365e920a02b8,c2,c1,1454,?,i1,
1769091786.3873913,SENT,90f7d005-456a-4033-a513-94527db2ea8c,209152a6-960b-464a-bb23-ed3666838a27,c5,c4,1451,?,i12,
1769091786.3874357,FORWARDED,90f7d005-456a-4033-a513-94527db2ea8c,209152a6-960b-464a-bb23-ed3666838a27,c5,c4,1451,?,i12,
1769091786.4501238,RECEIVED,b6872187-8ea5-4ad9-bf45-24626c9b4b56,06078778-16e7-4189-ae98-792628db521e,c5,c4,2044,p2,?,
1769091786.455549,RECEIVED,f6a09f63-7065-4ab7-8401-c232473014e9,bde5f943-83d9-41a9-957a-f0b710074bf9,c3,c4,2031,p3,?,
1769091786.4899127,RECEIVED,1218f1c4-a23b-4622-b269-93a73d35cd02,681aa8c2-8cd1-42f8-b3af-d259f1a0d85d,c1,c5,2039,p1,?,
1769091786.4959624,RECEIVED,b558c363-5b3c-4736-9e41-6c0abf7cdc8c,06291171-3dae-4498-871e-7b1175b34771,c2,DROP,1448,p2,?,
1769091786.5691261,SENT,b6872187-8ea5-4ad9-bf45-24626c9b4b56,06078778-16e7-4189-ae98-792628db521e,c5,c4,1459,?,i9,
1769091786.569167,FORWARDED,b6872187-8ea5-4ad9-bf45-24626c9b4b56,06078778-16e7-4189-ae98-792628db521e,c5,c4,1459,?,i9,
1769091786.5736763,RECEIVED,b8995a6a-7ef2-45cc-b09f-2f00a87137e5,dac81367-875f-4000-b82b-63e4ba9e293d,c5,DROP,1447,p2,?,
1769091786.6114826,SENT,b558c363-5b3c-4736-9e41-6c0abf7cdc8c,06291171-3dae-4498-871e-7b1175b34771,c2,DROP,1012,?,i1,
1769091786.61153,FORWARDED,b558c363-5b3c-4736-9e41-6c0abf7cdc8c,06291171-3dae-4498-871e-7b1175b34771,c2,DROP,1012,?,i1,
1769091786.6192687,RECEIVED,68ff9dbc-ecde-4a7c-9df1-21a6d938334c,05842373-0d7b-4492-89c9-012576b4aa81,c2,c1,2045,p2,?,
1769091786.6429007,SENT,ed43b8cb-0025-4583-8fd9-3feb2110fec0,a79d1478-5f29-4d92-8401-a7c024f95fa6,c5,DROP,1021,?,i10,
1769091786.6429465,FORWARDED,ed43b8cb-0025-4583-8fd9-3feb2110fec0,a79d1478-5f29-4d92-8401-a7c024f95fa6,c5,DROP,1021,?,i10,
1769091786.673779,RECEIVED,2f9e05e6-6424-4b9f-8d03-cd5a41b70466,26c557e8-6997-4a36-ac3c-1a0c62707abc,c2,c1,2041,p2,?,
1769091786.7292564,SENT,68ff9dbc-ecde-4a7c-9df1-21a6d938334c,05842373-0d7b-4492-89c9-012576b4aa81,c2,c1,1461,?,i10,
1769091786.7292998,FORWARDED,68ff9dbc-ecde-4a7c-9df1-21a6d938334c,05842373-0d7b-4492-89c9-012576b4aa81,c2,c1,1461,?,i10,
1769091786.7556992,RECEIVED,f3caaa5d-1aa0-4099-bf22-3d34a6f456a0,2864adae-4697-4384-9310-ea33debedad3,c4,DROP,1439,p1,?,
1769091786.7619288,RECEIVED,f10cdea7-a8c8-4a09-a6ce-133b271320df,848a5ab7-20c3-4101-ad51-9a49509f7365,c4,DROP,1444,p1,?,
1769091786.7805665,SENT,dd862537-f638-4879-8f88-84e077ad4386,04545b6d-e282-421d-9401-1a7389421853,c2,c1,1457,?,i2,
1769091786.7806058,FORWARDED,dd862537-f638-4879-8f88-84e077ad4386,04545b6d-e282-421d-9401-1a7389421853,c2,c1,1457,?,i2,
1769091786.8109727,FORWARDED,f10cdea7-a8c8-4a09-a6ce-133b271320df,848a5ab7-20c3-4101-ad51-9a49509f7365,c4,DROP,1009,?,i6,
1769091787.0714645,SENT,b8995a6a-7ef2-45cc-b09f-2f00a87137e5,dac81367-875f-4000-b82b-63e4ba9e293d,c5,DROP,1012,?,i4,
1769091787.0715075,FORWARDED,b8995a6a-7ef2-45cc-b09f-2f00a87137e5,dac81367-875f-4000-b82b-63e4ba9e293d,c5,DROP,1012,?,i4,
1769091787.131804,SENT,f6a09f63-7065-4ab7-8401-c232473014e9,bde5f943-83d9-41a9-957a-f0b710074bf9,c3,c4,1452,?,i9,
1769091787.13185,FORWARDED,f6a09f63-7065-4ab7-8401-c232473014e9,bde5f943-83d9-41a9-957a-f0b710074bf9,c3,c4,1452,?,i9,
1769091787.1478498,SENT,1218f1c4-a23b-4622-b269-93a73d35cd02,681aa8c2-8cd1-42f8-b3af-d259f1a0d85d,c1,c5,1456,?,i4,
1769091787.1478927,FORWARDED,1218f1c4-a23b-4622-b269-93a73d35cd02,681aa8c2-8cd1-42f8-b3af-d259f1a0d85d,c1,c5,1456,?,i4,
1769091787.1565359,SENT,2f9e05e6-6424-4b9f-8d03-cd5a41b70466,26c557e8-6997-4a36-ac3c-1a0c62707abc,c2,c1,1457,?,i11,
1769091787.156579,FORWARDED,2f9e05e6-6424-4b9f-8d03-cd5a41b70466,26c557e8-6997-4a36-ac3c-1a0c62707abc,c2,c1,1457,?,i11,
1769091787.2613122,RECEIVED,db7f437b-36bb-496d-93e7-e324e69dbcac,cbfe0c1b-6f29-4698-92d5-0325051deb7a,c5,c4,2053,p2,?,
1769091787.4576714,RECEIVED,ff7a0976-c174-47b7-a66c-65105277f7f9,92abf2a4-d257-4ab5-b451-1a730a9fe91d,c5,DROP,1437,p2,?,
1769091787.5263364,SENT,e4e2cadd-5297-4364-a4b1-86231d6f92c6,6d44193e-06b2-447a-b85d-050f3911a047,c3,c4,1459,?,i4,
1769091787.5263836,FORWARDED,e4e2cadd-5297-4364-a4b1-86231d6f92c6,6d44193e-06b2-447a-b85d-050f3911a047,c3,c4,1459,?,i4,
1769091787.5670393,SENT,db7f437b-36bb-496d-93e7-e324e69dbcac,cbfe0c1b-6f29-4698-92d5-0325051deb7a,c5,c4,1466,?,i10,
1769091787.5670907,FORWARDED,db7f437b-36bb-496d-93e7-e324e69dbcac,cbfe0c1b-6f29-4698-92d5-0325051deb7a,c5,c4,1466,?,i10,
1769091787.6179814,RECEIVED,2665fa86-4718-47cb-b20e-59df327357a6,adab4abc-a256-4f30-94c4-ec4c5be57cd8,c3,c4,2045,p3,?,
1769091787.992659,SENT,2665fa86-4718-47cb-b20e-59df327357a6,adab4abc-a256-4f30-94c4-ec4c5be57cd8,c3,c4,1459,?,i12,
1769091787.992703,FORWARDED,2665fa86-4718-47cb-b20e-59df327357a6,adab4abc-a256-4f30-94c4-ec4c5be57cd8,c3,c4,1459,?,i12,
1769091788.042241,RECEIVED,eb281473-0350-4a7b-af1c-4938b59088ce,c9901afa-43a2-486d-b9aa-caecfb004a71,c4,c1,2024,p1,?,
1769091788.1382687,RECEIVED,fd286279-10b4-40fd-9716-73f2baefb361,6bec2ee2-a42a-4f46-b29a-975c2c8d450d,c1,c5,2031,p1,?,
1769091788.1821067,SENT,ff7a0976-c174-47b7-a66c-65105277f7f9,92abf2a4-d257-4ab5-b451-1a730a9fe91d,c5,DROP,1007,?,i9,
1769091788.1821506,FORWARDED,ff7a0976-c174-47b7-a66c-65105277f7f9,92abf2a4-d257-4ab5-b451-1a730a9fe91d,c5,DROP,1007,?,i9,
1769091788.1967742,RECEIVED,9a14f838-28ee-46b4-907e-2fc5796b28af,a42048a5-d730-4ecd-8315-0a4b9de917cb,c4,c1,2045,p1,?,
1769091788.2293448,FORWARDED,eb281473-0350-4a7b-af1c-4938b59088ce,c9901afa-43a2-486d-b9aa-caecfb004a71,c4,c1,1444,?,i6,
1769091788.318915,SENT,9a14f838-28ee-46b4-907e-2fc5796b28af,a42048a5-d730-4ecd-8315-0a4b9de917cb,c4,c1,1461,?,i10,
1769091788.318957,FORWARDED,9a14f838-28ee-46b4-907e-2fc5796b28af,a42048a5-d730-4ecd-8315-0a4b9de917cb,c4,c1,1461,?,i10,
1769091788.455613,RECEIVED,474445f5-9079-4143-90d9-6ac19fa5b2cf,ce817b30-14bf-4d00-a9ad-d23f528a3a69,c2,c1,2046,p2,?,
1769091788.5959258,RECEIVED,602608a6-2864-49d5-9f6b-5c3225c914e3,e40d952e-ea52-4ceb-a1e5-75b8636f5818,c2,c1,2047,p2,?,
1769091788.7057316,RECEIVED,76f137f3-c7d4-4e44-be18-c2e64f11d714,c253b430-f689-48e9-ab34-cdb2dfc5df6f,c3,c4,2039,p3,?,
1769091788.7882638,SENT,602608a6-2864-49d5-9f6b-5c3225c914e3,e40d952e-ea52-4ceb-a1e5-75b8636f5818,c2,c1,1464,?,i1,
1769091788.788306,FORWARDED,602608a6-2864-49d5-9f6b-5c3225c914e3,e40d952e-ea52-4ceb-a1e5-75b8636f5818,c2,c1,1464,?,i1,
1769091788.9027212,FORWARDED,f3caaa5d-1aa0-4099-bf22-3d34a6f456a0,2864adae-4697-4384-9310-ea33debedad3,c4,DROP,1007,?,i6,
1769091788.9660122,SENT,fd286279-10b4-40fd-9716-73f2baefb361,6bec2ee2-a42a-4f46-b29a-975c2c8d450d,c1,c5,1451,?,i8,
1769091788.9660664,FORWARDED,fd286279-10b4-40fd-9716-73f2baefb361,6bec2ee2-a42a-4f46-b29a-975c2c8d450d,c1,c5,1451,?,i8,
1769091788.9866955,RECEIVED,9983c2fa-1a02-4356-a194-460375c68894,c1c879c4-f21a-4dfe-94c9-429e69d289cd,c5,c4,2035,p2,?,
1769091789.0272007,RECEIVED,1f9b8e3b-68f2-404d-a713-edd9ecd2ddf0,c0be59f1-7ed5-4013-85b1-6928a1e14d9d,c1,c5,2041,p1,?,
1769091789.1039076,SENT,474445f5-9079-4143-90d9-6ac19fa5b2cf,ce817b30-14bf-4d00-a9ad-d23f528a3a69,c2,c1,1462,?,i3,
1769091789.1039495,FORWARDED,474445f5-9079-4143-90d9-6ac19fa5b2cf,ce817b30-14bf-4d00-a9ad-d23f528a3a69,c2,c1,1462,?,i3,
1769091789.149602,RECEIVED,de342dd4-f3fa-48d7-a492-b32389ac1cb1,ffea472b-f088-4423-a218-4ab07c9097e4,c4,c1,2036,p1,?,
1769091789.23636,SENT,1f9b8e3b-68f2-404d-a713-edd9ecd2ddf0,c0be59f1-7ed5-4013-85b1-6928a1e14d9d,c1,c5,1456,?,i11,
1769091789.236403,FORWARDED,1f9b8e3b-68f2-404d-a713-edd9ecd2ddf0,c0be59f1-7ed5-4013-85b1-6928a1e14d9d,c1,c5,1456,?,i11,
1769091789.2858665,SENT,de342dd4-f3fa-48d7-a492-b32389ac1cb1,ffea472b-f088-4423-a218-4ab07c9097e4,c4,c1,1454,?,i3,
1769091789.285907,FORWARDED,de342dd4-f3fa-48d7-a492-b32389ac1cb1,ffea472b-f088-4423-a218-4ab07c9097e4,c4,c1,1454,?,i3,
1769091789.4710855,RECEIVED,60873e16-f792-4ccc-b525-797229ad8534,02d4f5f4-9e91-4237-bf6c-d169799f2230,c4,c1,2039,p1,?,
1769091789.556831,SENT,76f137f3-c7d4-4e44-be18-c2e64f11d714,c253b430-f689-48e9-ab34-cdb2dfc5df6f,c3,c4,1456,?,i12,
1769091789.5568717,FORWARDED,76f137f3-c7d4-4e44-be18-c2e64f11d714,c253b430-f689-48e9-ab34-cdb2dfc5df6f,c3,c4,1456,?,i12,
1769091789.8517683,RECEIVED,26c0b1a3-8162-48c4-b3c6-89a7c7746858,345b0328-5a22-40cb-8c3e-99bdc1b94751,c3,c4,2040,p3,?,
1769091789.8545208,SENT,60873e16-f792-4ccc-b525-797229ad8534,02d4f5f4-9e91-4237-bf6c-d169799f2230,c4,c1,1456,?,i9,
1769091789.8545609,FORWARDED,60873e16-f792-4ccc-b525-797229ad8534,02d4f5f4-9e91-4237-bf6c-d169799f2230,c4,c1,1456,?,i9,
1769091789.995005,RECEIVED,38e240d3-11e7-496a-9d35-7ba6e0b7f436,e4461e4e-3494-4bfd-b7ee-2ea70b229dfd,c2,c1,2019,p2,?,
1769091790.0436015,RECEIVED,440c2a6f-22e5-48a1-8c05-e42f98d92cca,1db56be6-4a70-45a2-be2b-69817bf7adf4,c4,c1,2049,p1,?,
1769091790.1258478,RECEIVED,d35b6290-ec2c-4ce9-b547-b6d98df7ab79,94429ba4-ad74-45e3-bbf1-4a2c3dc49f5a,c1,c5,2027,p1,?,
1769091790.3423555,SENT,26c0b1a3-8162-48c4-b3c6-89a7c7746858,345b0328-5a22-40cb-8c3e-99bdc1b94751,c3,c4,1456,?,i12,
1769091790.3423908,FORWARDED,26c0b1a3-8162-48c4-b3c6-89a7c7746858,345b0328-5a22-40cb-8c3e-99bdc1b94751,c3,c4,1456,?,i12,
1769091790.345793,SENT,38e240d3-11e7-496a-9d35-7ba6e0b7f436,e4461e4e-3494-4bfd-b7ee-2ea70b229dfd,c2,c1,1443,?,i9,
1769091790.3458326,FORWARDED,38e240d3-11e7-496a-9d35-7ba6e0b7f436,e4461e4e-3494-4bfd-b7ee-2ea70b229dfd,c2,c1,1443,?,i9,
1769091790.375291,SENT,440c2a6f-22e5-48a1-8c05-e42f98d92cca,1db56be6-4a70-45a2-be2b-69817bf7adf4,c4,c1,1463,?,i11,
1769091790.3753288,FORWARDED,440c2a6f-22e5-48a1-8c05-e42f98d92cca,1db56be6-4a70-45a2-be2b-69817bf7adf4,c4,c1,1463,?,i11,
1769091790.4330642,RECEIVED,26ef8b51-0d46-41ec-a9fc-e3d7f19c723e,e6bdaa3c-8074-4adc-a65a-49a62297bc82,c1,DROP,445,x2,?,
1769091790.5511203,RECEIVED,9eb2441a-6c75-4d98-bee9-b5f61ec49ea6,6a2ea1b1-84f3-4ea3-8ebc-a9f8e2354309,c1,c5,2020,p1,?,
1769091790.5834432,SENT,9983c2fa-1a02-4356-a194-460375c68894,c1c879c4-f21a-4dfe-94c9-429e69d289cd,c5,c4,1455,?,i9,
1769091790.5834851,FORWARDED,9983c2fa-1a02-4356-a194-460375c68894,c1c879c4-f21a-4dfe-94c9-429e69d289cd,c5,c4,1455,?,i9,
1769091790.76586,SENT,9eb2441a-6c75-4d98-bee9-b5f61ec49ea6,6a2ea1b1-84f3-4ea3-8ebc-a9f8e2354309,c1,c5,1443,?,i8,
1769091790.765902,FORWARDED,9eb2441a-6c75-4d98-bee9-b5f61ec49ea6,6a2ea1b1-84f3-4ea3-8ebc-a9f8e2354309,c1,c5,1443,?,i8,
1769091790.7767413,RECEIVED,0a16ce7e-ae0e-4366-8747-b054e9a5cc83,ee37ed9f-4c90-4722-b233-95976f3b7e70,c2,DROP,1455,p2,?,
1769091790.8002484,RECEIVED,9ce79a5f-f361-4e3b-8dff-08ed92663e70,48f7298c-8e47-4805-b511-c0eb51ae7bd2,c4,c1,2027,p1,?,
1769091790.8250325,RECEIVED,6404d787-fc7c-4eef-8587-2bd4400852a3,5bc16241-dea3-4370-9382-725550a4c0bf,c3,c4,2039,p3,?,
1769091790.8737872,RECEIVED,46bcad30-8e39-477a-a715-f0d868b57af0,b5309299-17b0-4d73-9ddd-13931f7e7c0e,c3,c4,2051,p3,?,
1769091790.9850795,SENT,6404d787-fc7c-4eef-8587-2bd4400852a3,5bc16241-dea3-4370-9382-725550a4c0bf,c3,c4,1457,?,i9,
1769091790.9851282,FORWARDED,6404d787-fc7c-4eef-8587-2bd4400852a3,5bc16241-dea3-4370-9382-725550a4c0bf,c3,c4,1457,?,i9,
1769091791.1822422,SENT,d35b6290-ec2c-4ce9-b547-b6d98df7ab79,94429ba4-ad74-45e3-bbf1-4a2c3dc49f5a,c1,c5,1448,?,i9,
1769091791.1822913,FORWARDED,d35b6290-ec2c-4ce9-b547-b6d98df7ab79,94429ba4-ad74-45e3-bbf1-4a2c3dc49f5a,c1,c5,1448,?,i9,
1769091791.202514,RECEIVED,0d79ae6d-5bef-4baf-8933-63593403690e,5642bac6-064b-49a2-a2ad-e3087bafae37,c3,c4,2043,p3,?,
1769091791.224538,SENT,46bcad30-8e39-477a-a715-f0d868b57af0,b5309299-17b0-4d73-9ddd-13931f7e7c0e,c3,c4,1465,?,i3,
1769091791.2245793,FORWARDED,46bcad30-8e39-477a-a715-f0d868b57af0,b5309299-17b0-4d73-9ddd-13931f7e7c0e,c3,c4,1465,?,i3,
1769091791.2436516,RECEIVED,a9bb2a20-9fe1-4cb9-b3a0-c19dcf67cf73,9712a1ee-b24e-4ca4-b5e0-602fb4ba722d,c2,c1,2035,p2,?,
1769091791.3479967,SENT,0a16ce7e-ae0e-4366-8747-b054e9a5cc83,ee37ed9f-4c90-4722-b233-95976f3b7e70,c2,DROP,1019,?,i9,
1769091791.34804,FORWARDED,0a16ce7e-ae0e-4366-8747-b054e9a5cc83,ee37ed9f-4c90-4722-b233-95976f3b7e70,c2,DROP,1019,?,i9,
1769091791.362323,RECEIVED,086046ef-8e16-4ad0-86ee-d91832bf8bf8,fc4f1811-fcee-4677-89a8-098ea930f9d8,c3,DROP,1438,p3,?,
1769091791.411646,RECEIVED,a120759e-3403-4011-ab67-176018745de3,15f54a41-7e18-4057-a575-f9f886eb2560,c4,DROP,1449,p1,?,
1769091791.4612386,SENT,a120759e-3403-4011-ab67-176018745de3,15f54a41-7e18-4057-a575-f9f886eb2560,c4,DROP,1014,?,i9,
1769091791.4612787,FORWARDED,a120759e-3403-4011-ab67-176018745de3,15f54a41-7e18-4057-a575-f9f886eb2560,c4,DROP,1014,?,i9,
1769091791.4897752,SENT,9ce79a5f-f361-4e3b-8dff-08ed92663e70,48f7298c-8e47-4805-b511-c0eb51ae7bd2,c4,c1,1447,?,i8,
1769091791.4898157,FORWARDED,9ce79a5f-f361-4e3b-8dff-08ed92663e70,48f7298c-8e47-4805-b511-c0eb51ae7bd2,c4,c1,1447,?,i8,
1769091791.5477996,RECEIVED,8d1bed6c-709c-492c-863f-95250ceaa354,16d2c461-6867-4f69-9c10-093c28a89cbf,c5,c4,2048,p2,?,
1769091791.565394,RECEIVED,30115d15-317d-472a-8fb7-b3a63dab0bb7,7a54753a-5153-44db-98e4-d1e6e4a5c5e8,c2,c1,2045,p2,?,
1769091791.5821111,RECEIVED,78077a49-a027-47fe-864a-4aa390559711,feab43f9-e932-406f-8395-d2686c63f373,c3,c4,2035,p3,?,
1769091791.6261218,RECEIVED,85b1a316-a852-4957-807a-dab5d875062a,20b84708-ea24-45fd-b049-b73721dd2fbc,c5,c4,2024,p2,?,
1769091791.6684139,RECEIVED,827fc62e-b95b-4054-8864-ea53c76d6901,ecd2ef90-7ba2-4be2-b8ae-7d021226b0da,c3,DROP,1444,p3,?,
1769091791.678617,RECEIVED,d28cc4e3-d06c-4004-b878-bb50d30d4cd2,8106a835-49b5-4db8-9506-1b507ae1a8ce,c2,DROP,1458,p2,?,
1769091791.6949458,SENT,d28cc4e3-d06c-4004-b878-bb50d30d4cd2,8106a835-49b5-4db8-9506-1b507ae1a8ce,c2,DROP,1020,?,i9,
1769091791.694988,FORWARDED,d28cc4e3-d06c-4004-b878-bb50d30d4cd2,8106a835-49b5-4db8-9506-1b507ae1a8ce,c2,DROP,1020,?,i9,
1769091791.7251248,SENT,30115d15-317d-472a-8fb7-b3a63dab0bb7,7a54753a-5153-44db-98e4-d1e6e4a5c5e8,c2,c1,1459,?,i12,
1769091791.725185,FORWARDED,30115d15-317d-472a-8fb7-b3a63dab0bb7,7a54753a-5153-44db-98e4-d1e6e4a5c5e8,c2,c1,1459,?,i12,
1769091791.8337336,RECEIVED,1070f5b8-7747-4668-b5ba-fd54a20af6ef,c86aa471-1d05-4475-84bb-4ac97319bbc6,c1,c5,2022,p1,?,
1769091791.8363779,SENT,8d1bed6c-709c-492c-863f-95250ceaa354,16d2c461-6867-4f69-9c10-093c28a89cbf,c5,c4,1464,?,i11,
1769091791.8364193,FORWARDED,8d1bed6c-709c-492c-863f-95250ceaa354,16d2c461-6867-4f69-9c10-093c28a89cbf,c5,c4,1464,?,i11,
1769091791.8512008,SENT,78077a49-a027-47fe-864a-4aa390559711,feab43f9-e932-406f-8395-d2686c63f373,c3,c4,1455,?,i7,
1769091791.8512383,FORWARDED,78077a49-a027-47fe-864a-4aa390559711,feab43f9-e932-406f-8395-d2686c63f373,c3,c4,1455,?,i7,
1769091791.9062963,SENT,a9bb2a20-9fe1-4cb9-b3a0-c19dcf67cf73,9712a1ee-b24e-4ca4-b5e0-602fb4ba722d,c2,c1,1455,?,i2,
1769091791.906339,FORWARDED,a9bb2a20-9fe1-4cb9-b3a0-c19dcf67cf73,9712a1ee-b24e-4ca4-b5e0-602fb4ba722d,c2,c1,1455,?,i2,
1769091791.916829,SENT,85b1a316-a852-4957-807a-dab5d875062a,20b84708-ea24-45fd-b049-b73721dd2fbc,c5,c4,1445,?,i8,
1769091791.916872,FORWARDED,85b1a316-a852-4957-807a-dab5d875062a,20b84708-ea24-45fd-b049-b73721dd2fbc,c5,c4,1445,?,i8,
1769091791.9231856,FORWARDED,827fc62e-b95b-4054-8864-ea53c76d6901,ecd2ef90-7ba2-4be2-b8ae-7d021226b0da,c3,DROP,1011,?,i6,
1769091792.0983627,RECEIVED,50ed40f7-80b1-41a4-88eb-12894e30f051,1672340c-f1f7-4f26-a1e0-5c7291dd0daa,c3,DROP,1454,p3,?,
1769091792.1290636,SENT,1070f5b8-7747-4668-b5ba-fd54a20af6ef,c86aa471-1d05-4475-84bb-4ac97319bbc6,c1,c5,1444,?,i5,
1769091792.1291072,FORWARDED,1070f5b8-7747-4668-b5ba-fd54a20af6ef,c86aa471-1d05-4475-84bb-4ac97319bbc6,c1,c5,1444,?,i5,
1769091792.418616,SENT,086046ef-8e16-4ad0-86ee-d91832bf8bf8,fc4f1811-fcee-4677-89a8-098ea930f9d8,c3,DROP,1007,?,i8,
1769091792.4186575,FORWARDED,086046ef-8e16-4ad0-86ee-d91832bf8bf8,fc4f1811-fcee-4677-89a8-098ea930f9d8,c3,DROP,1007,?,i8,
1769091792.6305263,RECEIVED,b2c8f0d3-3d39-4278-87df-22f42c5762c3,b8b00f8d-9b7d-4ced-b992-f6c182cf2908,c4,c1,2040,p1,?,
1769091792.7456331,RECEIVED,3049ac89-c08b-4b37-b9ba-93dd019815f8,7c6d15d3-a8d1-45a5-ab6e-0a69a2260647,c5,c4,2035,p2,?,
1769091792.9492035,SENT,b2c8f0d3-3d39-4278-87df-22f42c5762c3,b8b00f8d-9b7d-4ced-b992-f6c182cf2908,c4,c1,1456,?,i9,
1769091792.9492428,FORWARDED,b2c8f0d3-3d39-4278-87df-22f42c5762c3,b8b00f8d-9b7d-4ced-b992-f6c182cf2908,c4,c1,1456,?,i9,
1769091792.982361,SENT,0d79ae6d-5bef-4baf-8933-63593403690e,5642bac6-064b-49a2-a2ad-e3087bafae37,c3,c4,1460,?,i1,
1769091792.9823987,FORWARDED,0d79ae6d-5bef-4baf-8933-63593403690e,5642bac6-064b-49a2-a2ad-e3087bafae37,c3,c4,1460,?,i1,
1769091793.207569,SENT,50ed40f7-80b1-41a4-88eb-12894e30f051,1672340c-f1f7-4f26-a1e0-5c7291dd0daa,c3,DROP,1018,?,i10,
1769091793.2076054,FORWARDED,50ed40f7-80b1-41a4-88eb-12894e30f051,1672340c-f1f7-4f26-a1e0-5c7291dd0daa,c3,DROP,1018,?,i10,
1769091793.2639346,FORWARDED,3049ac89-c08b-4b37-b9ba-93dd019815f8,7c6d15d3-a8d1-45a5-ab6e-0a69a2260647,c5,c4,1455,?,i6,
1769091793.3082485,RECEIVED,24930e2f-38df-4d13-b068-51a621215bef,27560078-93db-49a4-871e-ea4124264630,c1,c5,2039,p1,?,
1769091793.443949,RECEIVED,2b3a0d15-24dc-4fd0-9974-3b4e0deadd3e,48c100c7-61e6-43dd-8561-daf2cd828bc8,c5,c4,2019,p2,?,
1769091794.3151693,RECEIVED,117e45b1-5c52-4ca7-aefa-e4312891d3a3,16bda7d2-1090-4161-8629-03ea7b2cad1c,c1,c5,2039,p1,?,
1769091794.3754444,FORWARDED,2b3a0d15-24dc-4fd0-9974-3b4e0deadd3e,48c100c7-61e6-43dd-8561-daf2cd828bc8,c5,c4,1443,?,i6,
1769091794.3845649,SENT,24930e2f-38df-4d13-b068-51a621215bef,27560078-93db-49a4-871e-ea4124264630,c1,c5,1456,?,i9,
1769091794.384604,FORWARDED,24930e2f-38df-4d13-b068-51a621215bef,27560078-93db-49a4-871e-ea4124264630,c1,c5,1456,?,i9,
1769091794.398145,RECEIVED,653b2b2f-f782-4e43-a516-634984afbc63,8be20933-2438-4565-a78a-48b54fb744ab,c2,c1,2040,p2,?,
1769091794.5554996,RECEIVED,05e247d1-eab1-4eda-a78f-15bd46183b23,b2669177-e5c8-4266-85f2-5ac22c08554a,c2,DROP,1447,p2,?,
1769091794.738279,RECEIVED,b7b950dc-128a-4a12-8070-d14a04f73fd5,f94c499c-cbfd-4c63-ae16-0011ead62f62,c1,DROP,1440,p1,?,
1769091794.7399797,SENT,05e247d1-eab1-4eda-a78f-15bd46183b23,b2669177-e5c8-4266-85f2-5ac22c08554a,c2,DROP,1012,?,i5,
1769091794.7400315,FORWARDED,05e247d1-eab1-4eda-a78f-15bd46183b23,b2669177-e5c8-4266-85f2-5ac22c08554a,c2,DROP,1012,?,i5,
1769091794.8443027,SENT,653b2b2f-f782-4e43-a516-634984afbc63,8be20933-2438-4565-a78a-48b54fb744ab,c2,c1,1456,?,i8,
1769091794.8443894,FORWARDED,653b2b2f-f782-4e43-a516-634984afbc63,8be20933-2438-4565-a78a-48b54fb744ab,c2,c1,1456,?,i8,
1769091794.867756,RECEIVED,b00ed540-51d1-4f95-810f-3aa0055feed6,c5c285d6-aed3-4e68-bc82-97658857f9d7,c4,c1,2035,p1,?,
1769091794.9236631,SENT,b7b950dc-128a-4a12-8070-d14a04f73fd5,f94c499c-cbfd-4c63-ae16-0011ead62f62,c1,DROP,1008,?,i5,
1769091794.923704,FORWARDED,b7b950dc-128a-4a12-8070-d14a04f73fd5,f94c499c-cbfd-4c63-ae16-0011ead62f62,c1,DROP,1008,?,i5,
1769091794.9961982,RECEIVED,435f088c-656c-4068-9e30-38f9ff7e6f73,e957680c-a723-4d49-8861-b34aff560673,c5,c4,2031,p2,?,
1769091795.011818,SENT,117e45b1-5c52-4ca7-aefa-e4312891d3a3,16bda7d2-1090-4161-8629-03ea7b2cad1c,c1,c5,1456,?,i8,
1769091795.011865,FORWARDED,117e45b1-5c52-4ca7-aefa-e4312891d3a3,16bda7d2-1090-4161-8629-03ea7b2cad1c,c1,c5,1456,?,i8,
1769091795.1150162,RECEIVED,a474a9ba-fe19-44c4-b7d6-71d33792de48,9a6d9932-de9e-41e2-9dcd-6439e6983caf,c2,DROP,1452,p2,?,
1769091795.120764,RECEIVED,55bbb4dd-39ed-4455-9de9-a22a599fde7c,b54b7eda-6651-42c3-b789-198ff94ff517,c3,c4,2047,p3,?,
1769091795.1421242,RECEIVED,f7bcb3a5-016a-4d1a-ad4c-da4e40a39fcc,7c9eff39-8a5c-4ef7-b91c-865bc2c24dc1,c3,DROP,1455,p3,?,
1769091795.2851307,RECEIVED,36b6bcf3-c117-4592-b3c5-7684c3db10ee,928fff2e-dd8f-47cc-a44b-0684d1c8732f,c5,c4,2035,p2,?,
1769091795.3502758,RECEIVED,f729deb9-936f-4139-8566-9b8f7494f6b9,3f622733-db79-453f-97ee-3d8250232d04,c1,c5,2044,p1,?,
1769091795.3638866,RECEIVED,6211c0e1-4895-4343-801e-d4550cd5ac24,37f26bd8-abd5-46ab-91b6-3a63da222978,c3,DROP,1451,p3,?,
1769091795.3824072,SENT,55bbb4dd-39ed-4455-9de9-a22a599fde7c,b54b7eda-6651-42c3-b789-198ff94ff517,c3,c4,1463,?,i8,
1769091795.3824492,FORWARDED,55bbb4dd-39ed-4455-9de9-a22a599fde7c,b54b7eda-6651-42c3-b789-198ff94ff517,c3,c4,1463,?,i8,
1769091795.4199996,SENT,36b6bcf3-c117-4592-b3c5-7684c3db10ee,928fff2e-dd8f-47cc-a44b-0684d1c8732f,c5,c4,1455,?,i11,
1769091795.4200416,FORWARDED,36b6bcf3-c117-4592-b3c5-7684c3db10ee,928fff2e-dd8f-47cc-a44b-0684d1c8732f,c5,c4,1455,?,i11,
1769091795.5699577,SENT,a474a9ba-fe19-44c4-b7d6-71d33792de48,9a6d9932-de9e-41e2-9dcd-6439e6983caf,c2,DROP,1017,?,i9,
1769091795.5700006,FORWARDED,a474a9ba-fe19-44c4-b7d6-71d33792de48,9a6d9932-de9e-41e2-9dcd-6439e6983caf,c2,DROP,1017,?,i9,
1769091795.6106062,RECEIVED,2f715e1a-562c-420a-8392-76594bebaa54,99a89336-2cc8-4df3-8b23-d3e77b79a78e,c1,c5,2019,p1,?,
1769091795.624813,SENT,b00ed540-51d1-4f95-810f-3aa0055feed6,c5c285d6-aed3-4e68-bc82-97658857f9d7,c4,c1,1455,?,i11,
1769091795.624857,FORWARDED,b00ed540-51d1-4f95-810f-3aa0055feed6,c5c285d6-aed3-4e68-bc82-97658857f9d7,c4,c1,1455,?,i11,
1769091795.7651205,RECEIVED,0939259a-b38d-4457-bbec-39bae57a2908,2b840356-f673-4b02-94e0-4638730780db,c1,c5,2052,p1,?,
1769091795.7821524,RECEIVED,337787a3-bd4e-45ce-b7c5-84653388ec25,41ab223d-3a79-473d-bbe4-df2e720aedfa,c1,DROP,1455,p1,?,
1769091795.8393424,SENT,f7bcb3a5-016a-4d1a-ad4c-da4e40a39fcc,7c9eff39-8a5c-4ef7-b91c-865bc2c24dc1,c3,DROP,1020,?,i8,
1769091795.8393836,FORWARDED,f7bcb3a5-016a-4d1a-ad4c-da4e40a39fcc,7c9eff39-8a5c-4ef7-b91c-865bc2c24dc1,c3,DROP,1020,?,i8,
1769091795.871876,RECEIVED,5efbd398-a7c3-4c6e-bce0-e7740b2f5ae1,9bded03f-d50d-49f6-a28c-de5224c3b7d4,c1,c5,2051,p1,?,
1769091795.926799,SENT,f729deb9-936f-4139-8566-9b8f7494f6b9,3f622733-db79-453f-97ee-3d8250232d04,c1,c5,1460,?,i11,
1769091795.9268425,FORWARDED,f729deb9-936f-4139-8566-9b8f7494f6b9,3f622733-db79-453f-97ee-3d8250232d04,c1,c5,1460,?,i11,
1769091795.9448435,FORWARDED,6211c0e1-4895-4343-801e-d4550cd5ac24,37f26bd8-abd5-46ab-91b6-3a63da222978,c3,DROP,1015,?,i6,
1769091795.989623,RECEIVED,8c42df6a-8c75-40c1-b2c4-e43c5711d3af,808815c3-2e1e-4dfe-a8fc-09ace9365773,c2,DROP,1439,p2,?,
1769091796.0994782,RECEIVED,72186c95-dabb-4d8f-9dd4-c2c46ef946b3,91f1d0b1-0567-4e80-be9b-b9987b04dbd7,c1,c5,2040,p1,?,
1769091796.2041516,SENT,5efbd398-a7c3-4c6e-bce0-e7740b2f5ae1,9bded03f-d50d-49f6-a28c-de5224c3b7d4,c1,c5,1466,?,i8,
1769091796.204193,FORWARDED,5efbd398-a7c3-4c6e-bce0-e7740b2f5ae1,9bded03f-d50d-49f6-a28c-de5224c3b7d4,c1,c5,1466,?,i8,
1769091796.2132833,SENT,0939259a-b38d-4457-bbec-39bae57a2908,2b840356-f673-4b02-94e0-4638730780db,c1,c5,1465,?,i4,
1769091796.213324,FORWARDED,0939259a-b38d-4457-bbec-39bae57a2908,2b840356-f673-4b02-94e0-4638730780db,c1,c5,1465,?,i4,
1769091796.2290225,SENT,2f715e1a-562c-420a-8392-76594bebaa54,99a89336-2cc8-4df3-8b23-d3e77b79a78e,c1,c5,1443,?,i4,
1769091796.2293572,FORWARDED,2f715e1a-562c-420a-8392-76594bebaa54,99a89336-2cc8-4df3-8b23-d3e77b79a78e,c1,c5,1443,?,i4,
1769091796.2624364,RECEIVED,1b6b9895-bea1-4884-ae58-f3babc3a7dbf,f2788a97-8d81-4d11-9290-6cacf8fe4853,c1,c5,2044,p1,?,
1769091796.4320107,SENT,1b6b9895-bea1-4884-ae58-f3babc3a7dbf,f2788a97-8d81-4d11-9290-6cacf8fe4853,c1,c5,1460,?,i7,
1769091796.4320836,FORWARDED,1b6b9895-bea1-4884-ae58-f3babc3a7dbf,f2788a97-8d81-4d11-9290-6cacf8fe4853,c1,c5,1460,?,i7,
1769091796.4463027,SENT,72186c95-dabb-4d8f-9dd4-c2c46ef946b3,91f1d0b1-0567-4e80-be9b-b9987b04dbd7,c1,c5,1456,?,i5,
1769091796.4463754,FORWARDED,72186c95-dabb-4d8f-9dd4-c2c46ef946b3,91f1d0b1-0567-4e80-be9b-b9987b04dbd7,c1,c5,1456,?,i5,
1769091796.491334,RECEIVED,0f4a1d58-75a2-4420-bc1d-8ac61877e115,493cc305-730c-4557-a798-688f17f4e716,c4,DROP,442,x9,?,
1769091796.5470386,SENT,337787a3-bd4e-45ce-b7c5-84653388ec25,41ab223d-3a79-473d-bbe4-df2e720aedfa,c1,DROP,1020,?,i2,
1769091796.5471034,FORWARDED,337787a3-bd4e-45ce-b7c5-84653388ec25,41ab223d-3a79-473d-bbe4-df2e720aedfa,c1,DROP,1020,?,i2,
1769091796.7617574,RECEIVED,a8649fe8-0236-4435-a85f-79b3784b6a93,1c0191c8-f457-441c-b290-5d936df06f4d,c1,DROP,1452,p1,?,
1769091796.7822773,FORWARDED,435f088c-656c-4068-9e30-38f9ff7e6f73,e957680c-a723-4d49-8861-b34aff560673,c5,c4,1451,?,i6,
1769091796.8859842,RECEIVED,44e74f30-77a1-4245-8913-a20748ea2f16,eee79b52-31f2-4816-8daf-63e681beb72b,c5,c4,2045,p2,?,
1769091797.0903559,SENT,44e74f30-77a1-4245-8913-a20748ea2f16,eee79b52-31f2-4816-8daf-63e681beb72b,c5,c4,1461,?,i12,
1769091797.0903983,FORWARDED,44e74f30-77a1-4245-8913-a20748ea2f16,eee79b52-31f2-4816-8daf-63e681beb72b,c5,c4,1461,?,i12,
1769091797.13871,SENT,8c42df6a-8c75-40c1-b2c4-e43c5711d3af,808815c3-2e1e-4dfe-a8fc-09ace9365773,c2,DROP,1007,?,i3,
1769091797.1387515,FORWARDED,8c42df6a-8c75-40c1-b2c4-e43c5711d3af,808815c3-2e1e-4dfe-a8fc-09ace9365773,c2,DROP,1007,?,i3,
1769091797.1732152,RECEIVED,79e3797a-a0c4-41db-950e-04238f663bab,76e86593-d2cf-478f-bf9a-8d12e78fa906,c3,DROP,1448,p3,?,
1769091797.35862,SENT,79e3797a-a0c4-41db-950e-04238f663bab,76e86593-d2cf-478f-bf9a-8d12e78fa906,c3,DROP,1012,?,i10,
1769091797.3586612,FORWARDED,79e3797a-a0c4-41db-950e-04238f663bab,76e86593-d2cf-478f-bf9a-8d12e78fa906,c3,DROP,1012,?,i10,
1769091797.4795816,RECEIVED,e1f0170b-6154-4a0e-b621-cb35da0a5535,6054adce-9b3c-4910-833c-a67743c33780,c3,c4,2039,p3,?,
1769091797.7019389,RECEIVED,cbed8f17-5432-4b50-8b54-b64d3b8da62d,182bbd24-36b7-42e1-9c8a-e12ac66e3afc,c1,c5,2052,p1,?,
1769091797.7331328,RECEIVED,a2d68f03-9820-43d8-9d81-f0b2733df25d,7d8fba11-32d3-4165-a10e-e0bbefd95780,c4,DROP,1445,p1,?,
1769091797.7727096,SENT,cbed8f17-5432-4b50-8b54-b64d3b8da62d,182bbd24-36b7-42e1-9c8a-e12ac66e3afc,c1,c5,1467,?,i2,
1769091797.772746,FORWARDED,cbed8f17-5432-4b50-8b54-b64d3b8da62d,182bbd24-36b7-42e1-9c8a-e12ac66e3afc,c1,c5,1467,?,i2,
1769091797.986113,RECEIVED,989e2bf6-222f-43c4-8342-54e627c52f08,a2a71c98-d39f-433a-b8ab-9e62fcbda50f,c5,DROP,442,x2,?,
1769091798.1356435,SENT,a8649fe8-0236-4435-a85f-79b3784b6a93,1c0191c8-f457-441c-b290-5d936df06f4d,c1,DROP,1015,?,i12,
1769091798.1358786,FORWARDED,a8649fe8-0236-4435-a85f-79b3784b6a93,1c0191c8-f457-441c-b290-5d936df06f4d,c1,DROP,1015,?,i12,
1769091798.447598,RECEIVED,41b7158b-dfc4-4dba-b650-95f568990b9b,50e6a85b-1ea5-4bc5-8b55-0585b85a1879,c5,DROP,1439,p2,?,
1769091798.4522955,RECEIVED,0a8f8d72-6880-4c21-b52e-4c6146ae44d0,cf4a3b63-f57e-4c91-8047-eff03cf18548,c3,DROP,1455,p3,?,
1769091798.5411847,RECEIVED,daca5a97-732a-417b-99cd-b2d3a17ac94b,cb4b3727-db94-4d65-8f52-4a9e9521e4e3,c2,c1,2031,p2,?,
1769091798.6047401,RECEIVED,6891f425-41f8-47fa-8a62-7c8ff5489e0e,525033ca-1617-4249-86a8-20a136602927,c2,c1,2044,p2,?,
1769091798.6880252,SENT,41b7158b-dfc4-4dba-b650-95f568990b9b,50e6a85b-1ea5-4bc5-8b55-0585b85a1879,c5,DROP,1008,?,i7,
1769091798.6880848,FORWARDED,41b7158b-dfc4-4dba-b650-95f568990b9b,50e6a85b-1ea5-4bc5-8b55-0585b85a1879,c5,DROP,1008,?,i7,
1769091798.8560069,SENT,6891f425-41f8-47fa-8a62-7c8ff5489e0e,525033ca-1617-4249-86a8-20a136602927,c2,c1,1459,?,i8,
1769091798.8562343,FORWARDED,6891f425-41f8-47fa-8a62-7c8ff5489e0e,525033ca-1617-4249-86a8-20a136602927,c2,c1,1459,?,i8,
1769091799.0501657,RECEIVED,d0320553-9a50-4f42-9a13-1d4cd8c7d9d0,b5ba6472-dfc5-4e7e-96e8-a4fcd81dafb6,c5,c4,2020,p2,?,
1769091799.0802531,SENT,e1f0170b-6154-4a0e-b621-cb35da0a5535,6054adce-9b3c-4910-833c-a67743c33780,c3,c4,1456,?,i1,
1769091799.080297,FORWARDED,e1f0170b-6154-4a0e-b621-cb35da0a5535,6054adce-9b3c-4910-833c-a67743c33780,c3,c4,1456,?,i1,
1769091799.1131763,SENT,daca5a97-732a-417b-99cd-b2d3a17ac94b,cb4b3727-db94-4d65-8f52-4a9e9521e4e3,c2,c1,1452,?,i2,
1769091799.1132185,FORWARDED,daca5a97-732a-417b-99cd-b2d3a17ac94b,cb4b3727-db94-4d65-8f52-4a9e9521e4e3,c2,c1,1452,?,i2,
1769091799.1379294,FORWARDED,0a8f8d72-6880-4c21-b52e-4c6146ae44d0,cf4a3b63-f57e-4c91-8047-eff03cf18548,c3,DROP,1020,?,i6,
1769091799.1605144,RECEIVED,9e01f74d-31e3-44ea-9fb6-9871299b1d80,e840a1bc-652a-4716-b791-df81d9b1340f,c1,c5,2036,p1,?,
1769091799.1738985,FORWARDED,d0320553-9a50-4f42-9a13-1d4cd8c7d9d0,b5ba6472-dfc5-4e7e-96e8-a4fcd81dafb6,c5,c4,1443,?,i6,
1769091799.305136,SENT,9e01f74d-31e3-44ea-9fb6-9871299b1d80,e840a1bc-652a-4716-b791-df81d9b1340f,c1,c5,1455,?,i3,
1769091799.3051913,FORWARDED,9e01f74d-31e3-44ea-9fb6-9871299b1d80,e840a1bc-652a-4716-b791-df81d9b1340f,c1,c5,1455,?,i3,
1769091799.3644903,RECEIVED,d02f38c0-5717-4fc0-b8bb-d97d178062d3,68f9b993-9f94-4758-b5dc-00f18ba10f21,c2,DROP,1452,p2,?,
1769091799.3938568,RECEIVED,0cebb051-8a06-4180-9fba-bdd243137945,95982d67-e3bf-442c-bb69-9cb895bb78fc,c2,c1,2035,p2,?,
1769091799.640903,SENT,d02f38c0-5717-4fc0-b8bb-d97d178062d3,68f9b993-9f94-4758-b5dc-00f18ba10f21,c2,DROP,1016,?,i9,
1769091799.640946,FORWARDED,d02f38c0-5717-4fc0-b8bb-d97d178062d3,68f9b993-9f94-4758-b5dc-00f18ba10f21,c2,DROP,1016,?,i9,
1769091799.715673,RECEIVED,3729ddee-8d4f-4f54-a9d1-63ff91795788,ea40f285-2101-4830-b278-7c6285b7f231,c5,c4,2031,p2,?,
1769091800.1311562,SENT,a2d68f03-9820-43d8-9d81-f0b2733df25d,7d8fba11-32d3-4165-a10e-e0bbefd95780,c4,DROP,1013,?,i3,
1769091800.1311927,FORWARDED,a2d68f03-9820-43d8-9d81-f0b2733df25d,7d8fba11-32d3-4165-a10e-e0bbefd95780,c4,DROP,1013,?,i3,
1769091800.3105457,FORWARDED,3729ddee-8d4f-4f54-a9d1-63ff91795788,ea40f285-2101-4830-b278-7c6285b7f231,c5,c4,1451,?,i6,
1769091800.405724,RECEIVED,e5da3708-cbf4-44b1-8619-f70bb1c3ee31,f4b4a223-4431-4e3a-8f98-50d06139a2a0,c3,DROP,1457,p3,?,
1769091800.5587566,SENT,e5da3708-cbf4-44b1-8619-f70bb1c3ee31,f4b4a223-4431-4e3a-8f98-50d06139a2a0,c3,DROP,1020,?,i11,
1769091800.5588007,FORWARDED,e5da3708-cbf4-44b1-8619-f70bb1c3ee31,f4b4a223-4431-4e3a-8f98-50d06139a2a0,c3,DROP,1020,?,i11,
1769091800.653129,RECEIVED,4ca78ace-9695-4b93-a4eb-608e7e917153,61dd1853-c344-4f65-93f4-b62913011f89,c4,c1,2039,p1,?,
1769091800.684765,RECEIVED,6a1843c2-c7e4-4249-936a-fec96b3ff541,13658f75-f576-41a2-be65-f2b15426239d,c3,DROP,446,x7,?,
1769091800.7649453,RECEIVED,9a990978-3a26-44ff-94a2-49f8b478ba9c,c8fb3737-38dd-4f43-af0c-512e1e951f2f,c5,DROP,1443,p2,?,
1769091800.8096046,RECEIVED,3be62a7c-da7c-4f73-8cca-d80cb4d0140d,363e9d57-f54f-4db8-98e7-7108bd5a3bb9,c2,c1,2039,p2,?,
1769091800.9127748,RECEIVED,c9bd5832-c978-483b-9f17-bcab4ba5dda4,98f8a7bb-d036-4b35-ac62-306f258ecfac,c3,DROP,1455,p3,?,
1769091800.9346724,SENT,0cebb051-8a06-4180-9fba-bdd243137945,95982d67-e3bf-442c-bb69-9cb895bb78fc,c2,c1,1453,?,i4,
1769091800.934717,FORWARDED,0cebb051-8a06-4180-9fba-bdd243137945,95982d67-e3bf-442c-bb69-9cb895bb78fc,c2,c1,1453,?,i4,
1769091800.9825318,SENT,9a990978-3a26-44ff-94a2-49f8b478ba9c,c8fb3737-38dd-4f43-af0c-512e1e951f2f,c5,DROP,1011,?,i8,
1769091800.982586,FORWARDED,9a990978-3a26-44ff-94a2-49f8b478ba9c,c8fb3737-38dd-4f43-af0c-512e1e951f2f,c5,DROP,1011,?,i8,
1769091801.0289786,RECEIVED,1b19d706-1f1f-4e6b-94f0-56f02eb38724,6d821556-34e5-4152-9631-c492dc942c29,c1,DROP,1453,p1,?,
1769091801.0993335,RECEIVED,bf4df94d-10fa-48a7-a8fe-f98ece686af3,01d04c34-82f5-4a7e-b8f0-e4ac0d023a6e,c2,c1,2039,p2,?,
1769091801.2546535,SENT,bf4df94d-10fa-48a7-a8fe-f98ece686af3,01d04c34-82f5-4a7e-b8f0-e4ac0d023a6e,c2,c1,1457,?,i2,
1769091801.2546966,FORWARDED,bf4df94d-10fa-48a7-a8fe-f98ece686af3,01d04c34-82f5-4a7e-b8f0-e4ac0d023a6e,c2,c1,1457,?,i2,
1769091801.2872949,SENT,1b19d706-1f1f-4e6b-94f0-56f02eb38724,6d821556-34e5-4152-9631-c492dc942c29,c1,DROP,1016,?,i11,
1769091801.2873464,FORWARDED,1b19d706-1f1f-4e6b-94f0-56f02eb38724,6d821556-34e5-4152-9631-c492dc942c29,c1,DROP,1016,?,i11,
1769091801.2934532,RECEIVED,47c423f4-e605-4b2e-bbaa-f56c1273979e,e7423189-4a37-4ef2-b1cd-bfa9b8056332,c5,DROP,1451,p2,?,
1769091801.3639045,RECEIVED,c15e055f-116e-4b6d-98a2-c153d48553da,57da4308-394f-45b9-8127-c0bf3d1e1c44,c3,DROP,1441,p3,?,
1769091801.4351804,RECEIVED,b2c26e30-3abe-44d1-9080-1002f6e3a512,c2a61342-2674-4118-84d0-3c4d8f5c681a,c1,c5,2036,p1,?,
1769091801.5057528,RECEIVED,cb45cf96-3cfb-49c3-adc0-c446d70195d9,504a2036-d634-4b83-b01d-1cb73d7f4e9a,c3,c4,2041,p3,?,
1769091801.5100303,SENT,c9bd5832-c978-483b-9f17-bcab4ba5dda4,98f8a7bb-d036-4b35-ac62-306f258ecfac,c3,DROP,1020,?,i7,
1769091801.5100868,FORWARDED,c9bd5832-c978-483b-9f17-bcab4ba5dda4,98f8a7bb-d036-4b35-ac62-306f258ecfac,c3,DROP,1020,?,i7,
1769091801.5462096,SENT,47c423f4-e605-4b2e-bbaa-f56c1273979e,e7423189-4a37-4ef2-b1cd-bfa9b8056332,c5,DROP,1016,?,i2,
1769091801.5462523,FORWARDED,47c423f4-e605-4b2e-bbaa-f56c1273979e,e7423189-4a37-4ef2-b1cd-bfa9b8056332,c5,DROP,1016,?,i2,
1769091801.552447,RECEIVED,a11ca814-3ed0-41b8-8737-35e641de7e57,41a7778d-6dfb-44bc-a213-b242ea4e136c,c5,c4,2048,p2,?,
1769091801.5712442,SENT,4ca78ace-9695-4b93-a4eb-608e7e917153,61dd1853-c344-4f65-93f4-b62913011f89,c4,c1,1456,?,i8,
1769091801.5712855,FORWARDED,4ca78ace-9695-4b93-a4eb-608e7e917153,61dd1853-c344-4f65-93f4-b62913011f89,c4,c1,1456,?,i8,
1769091801.587262,SENT,cb45cf96-3cfb-49c3-adc0-c446d70195d9,504a2036-d634-4b83-b01d-1cb73d7f4e9a,c3,c4,1456,?,i12,
1769091801.5873044,FORWARDED,cb45cf96-3cfb-49c3-adc0-c446d70195d9,504a2036-d634-4b83-b01d-1cb73d7f4e9a,c3,c4,1456,?,i12,
1769091801.6242025,SENT,a11ca814-3ed0-41b8-8737-35e641de7e57,41a7778d-6dfb-44bc-a213-b242ea4e136c,c5,c4,1464,?,i2,
1769091801.624242,FORWARDED,a11ca814-3ed0-41b8-8737-35e641de7e57,41a7778d-6dfb-44bc-a213-b242ea4e136c,c5,c4,1464,?,i2,
1769091801.7152684,SENT,c15e055f-116e-4b6d-98a2-c153d48553da,57da4308-394f-45b9-8127-c0bf3d1e1c44,c3,DROP,1007,?,i12,
1769091801.7153091,FORWARDED,c15e055f-116e-4b6d-98a2-c153d48553da,57da4308-394f-45b9-8127-c0bf3d1e1c44,c3,DROP,1007,?,i12,
1769091801.7392433,RECEIVED,ff25f792-2539-4cd9-b381-1a1f330a2383,ad0c71e5-1a41-4fd2-aaf4-16d832e1c9b9,c1,DROP,1452,p1,?,
1769091801.7556977,RECEIVED,dbeafe56-a9f8-45c7-b984-91e4dd953ed3,6160bdb9-65b1-4462-a016-f62e30a43323,c3,c4,2039,p3,?,
1769091801.7644596,RECEIVED,ab1308be-1af7-4dfb-90c4-0b7b352b05bd,a3d49a71-1031-45b6-9c25-7a5d7517ea69,c2,c1,2034,p2,?,
1769091801.8713543,SENT,3be62a7c-da7c-4f73-8cca-d80cb4d0140d,363e9d57-f54f-4db8-98e7-7108bd5a3bb9,c2,c1,1456,?,i8,
1769091801.8713973,FORWARDED,3be62a7c-da7c-4f73-8cca-d80cb4d0140d,363e9d57-f54f-4db8-98e7-7108bd5a3bb9,c2,c1,1456,?,i8,
1769091801.9399815,SENT,ff25f792-2539-4cd9-b381-1a1f330a2383,ad0c71e5-1a41-4fd2-aaf4-16d832e1c9b9,c1,DROP,1017,?,i2,
1769091801.9410949,FORWARDED,ff25f792-2539-4cd9-b381-1a1f330a2383,ad0c71e5-1a41-4fd2-aaf4-16d832e1c9b9,c1,DROP,1017,?,i2,
1769091802.0317824,SENT,dbeafe56-a9f8-45c7-b984-91e4dd953ed3,6160bdb9-65b1-4462-a016-f62e30a43323,c3,c4,1456,?,i1,
1769091802.031825,FORWARDED,dbeafe56-a9f8-45c7-b984-91e4dd953ed3,6160bdb9-65b1-4462-a016-f62e30a43323,c3,c4,1456,?,i1,
1769091802.132859,RECEIVED,83344caf-82e3-4e05-8092-64a7eaf25bfb,18156662-a819-446a-8295-44ef5e047c80,c5,DROP,1452,p2,?,
1769091802.1925092,SENT,ab1308be-1af7-4dfb-90c4-0b7b352b05bd,a3d49a71-1031-45b6-9c25-7a5d7517ea69,c2,c1,1455,?,i5,
1769091802.1925507,FORWARDED,ab1308be-1af7-4dfb-90c4-0b7b352b05bd,a3d49a71-1031-45b6-9c25-7a5d7517ea69,c2,c1,1455,?,i5,
1769091802.2175498,SENT,83344caf-82e3-4e05-8092-64a7eaf25bfb,18156662-a819-446a-8295-44ef5e047c80,c5,DROP,1015,?,i2,
1769091802.2175918,FORWARDED,83344caf-82e3-4e05-8092-64a7eaf25bfb,18156662-a819-446a-8295-44ef5e047c80,c5,DROP,1015,?,i2,
1769091802.391118,RECEIVED,3e95a532-8e31-40f7-a424-7b8c8b6a1a93,fb2c3711-1e55-49c9-977e-53a1f826d753,c5,c4,2039,p2,?,
1769091802.528853,RECEIVED,344eb0bd-669b-44fe-8e8d-9a284cb6881b,f6b81573-063c-479a-a757-839249aab600,c4,c1,2037,p1,?,
1769091802.671111,SENT,344eb0bd-669b-44fe-8e8d-9a284cb6881b,f6b81573-063c-479a-a757-839249aab600,c4,c1,1455,?,i11,
1769091802.6711507,FORWARDED,344eb0bd-669b-44fe-8e8d-9a284cb6881b,f6b81573-063c-479a-a757-839249aab600,c4,c1,1455,?,i11,
1769091802.677316,RECEIVED,f78adedc-22ff-42bb-bedc-4887158c9291,c42e76f0-169c-43b3-af86-d785538823e4,c3,c4,2043,p3,?,
1769091802.8353503,SENT,3e95a532-8e31-40f7-a424-7b8c8b6a1a93,fb2c3711-1e55-49c9-977e-53a1f826d753,c5,c4,1456,?,i7,
1769091802.8353999,FORWARDED,3e95a532-8e31-40f7-a424-7b8c8b6a1a93,fb2c3711-1e55-49c9-977e-53a1f826d753,c5,c4,1456,?,i7,
1769091802.8682203,RECEIVED,cf4d3ab7-da64-4725-a308-825dcfe95b75,211ded09-6676-4ec5-b255-212dfea84d2b,c4,c1,2048,p1,?,
1769091802.919384,RECEIVED,63bf2c1b-a08c-47a1-9739-15bb5281bf8c,508bedf2-cff0-4e93-a9d7-5dc165368267,c5,c4,2028,p2,?,
1769091802.9824111,SENT,cf4d3ab7-da64-4725-a308-825dcfe95b75,211ded09-6676-4ec5-b255-212dfea84d2b,c4,c1,1463,?,i8,
1769091802.9828029,FORWARDED,cf4d3ab7-da64-4725-a308-825dcfe95b75,211ded09-6676-4ec5-b255-212dfea84d2b,c4,c1,1463,?,i8,
1769091803.0601308,SENT,63bf2c1b-a08c-47a1-9739-15bb5281bf8c,508bedf2-cff0-4e93-a9d7-5dc165368267,c5,c4,1447,?,i8,
1769091803.0601716,FORWARDED,63bf2c1b-a08c-47a1-9739-15bb5281bf8c,508bedf2-cff0-4e93-a9d7-5dc165368267,c5,c4,1447,?,i8,
1769091803.277958,SENT,f78adedc-22ff-42bb-bedc-4887158c9291,c42e76f0-169c-43b3-af86-d785538823e4,c3,c4,1459,?,i9,
1769091803.2779999,FORWARDED,f78adedc-22ff-42bb-bedc-4887158c9291,c42e76f0-169c-43b3-af86-d785538823e4,c3,c4,1459,?,i9,
1769091803.2958486,RECEIVED,a09e21b6-84d4-4aad-b14c-de3663f72841,c4394411-0f81-46d1-b0c6-ad8a97887f19,c3,DROP,1448,p3,?,
1769091803.3683395,RECEIVED,910ca1c7-4fed-419a-9065-2a96d05ba0bb,dfc8db34-c56f-489a-bb26-ad41aaa9ce4e,c2,DROP,1459,p2,?,
1769091803.4631069,RECEIVED,76684903-70ff-4b08-9048-4fc099630670,24346977-35dd-405b-bdc1-4445ba7bc641,c4,DROP,1456,p1,?,
1769091803.5736356,RECEIVED,4046f159-68b3-4471-8f6b-69ab71a036d6,cff4479b-ee71-405e-a659-13b0a6295cd3,c4,c1,2038,p1,?,
1769091803.614511,SENT,76684903-70ff-4b08-9048-4fc099630670,24346977-35dd-405b-bdc1-4445ba7bc641,c4,DROP,1020,?,i9,
1769091803.6145577,FORWARDED,76684903-70ff-4b08-9048-4fc099630670,24346977-35dd-405b-bdc1-4445ba7bc641,c4,DROP,1020,?,i9,
1769091803.821349,RECEIVED,4e17704d-b699-4bd1-aabf-7b58c68bbef0,bff320de-70b0-41b8-94b6-495cd6ef92b7,c2,DROP,441,x1,?,
1769091803.821456,RECEIVED,9cdfebc7-fbe6-4c92-be21-599eea7731da,468fa529-c591-4b27-b416-12033456e879,c4,DROP,1443,p1,?,
1769091803.822717,RECEIVED,ff0b9b72-ddc0-4106-807b-da5ee448bb0d,97b73ae3-54ca-4d12-ac4b-42fbdaa54dc5,c2,c1,2044,p2,?,
1769091803.8321662,RECEIVED,b2f92793-80f1-460b-bb20-c2a4bb1353c1,c9311ef5-ab01-4ef1-95a1-84e87c1f71af,c3,c4,2037,p3,?,
1769091803.893736,SENT,910ca1c7-4fed-419a-9065-2a96d05ba0bb,dfc8db34-c56f-489a-bb26-ad41aaa9ce4e,c2,DROP,1021,?,i5,
1769091803.8937771,FORWARDED,910ca1c7-4fed-419a-9065-2a96d05ba0bb,dfc8db34-c56f-489a-bb26-ad41aaa9ce4e,c2,DROP,1021,?,i5,
1769091803.9199493,SENT,4046f159-68b3-4471-8f6b-69ab71a036d6,cff4479b-ee71-405e-a659-13b0a6295cd3,c4,c1,1456,?,i2,
1769091803.9199922,FORWARDED,4046f159-68b3-4471-8f6b-69ab71a036d6,cff4479b-ee71-405e-a659-13b0a6295cd3,c4,c1,1456,?,i2,
1769091803.9257329,SENT,b2c26e30-3abe-44d1-9080-1002f6e3a512,c2a61342-2674-4118-84d0-3c4d8f5c681a,c1,c5,1455,?,i10,
1769091803.92577,FORWARDED,b2c26e30-3abe-44d1-9080-1002f6e3a512,c2a61342-2674-4118-84d0-3c4d8f5c681a,c1,c5,1455,?,i10,
1769091803.9947925,RECEIVED,a9d25afb-bdbc-45f6-b997-1733aef63dbc,ff83f2d0-b873-4da7-9ad1-be51063fb34a,c2,DROP,445,x12,?,
1769091804.1584244,SENT,b2f92793-80f1-460b-bb20-c2a4bb1353c1,c9311ef5-ab01-4ef1-95a1-84e87c1f71af,c3,c4,1455,?,i10,
1769091804.1584675,FORWARDED,b2f92793-80f1-460b-bb20-c2a4bb1353c1,c9311ef5-ab01-4ef1-95a1-84e87c1f71af,c3,c4,1455,?,i10,
1769091804.1805255,RECEIVED,f23359d0-e5f7-4193-b4b4-47c3f5dbb5cf,bcf50de3-3df5-47d0-b33a-3c6beb7fdda6,c5,c4,2040,p2,?,
1769091804.3028328,RECEIVED,cc11ce82-c1e5-40ee-88ad-af23abf98b5e,0654d370-6f9c-4cff-b2e6-08acc74da409,c3,c4,2035,p3,?,
1769091804.509437,RECEIVED,4ae5b0f7-af61-4165-a25d-35c9a96f3cd3,689f6512-1083-4330-a0ed-0f1eaf8915dc,c4,DROP,1440,p1,?,
1769091804.5185823,RECEIVED,91dba2f6-b33a-4dc2-bc2f-eb8a20715ce2,fd3854d2-0d01-4802-b2f7-6e67792c231e,c4,DROP,442,x5,?,
1769091804.5357537,SENT,ff0b9b72-ddc0-4106-807b-da5ee448bb0d,97b73ae3-54ca-4d12-ac4b-42fbdaa54dc5,c2,c1,1460,?,i10,
1769091804.535801,FORWARDED,ff0b9b72-ddc0-4106-807b-da5ee448bb0d,97b73ae3-54ca-4d12-ac4b-42fbdaa54dc5,c2,c1,1460,?,i10,
1769091804.6049838,RECEIVED,23675827-f5b4-4340-8e4a-199b75199d79,cd9217f8-940a-495d-a3cd-0cde23722260,c5,c4,2033,p2,?,
1769091804.6103146,SENT,4ae5b0f7-af61-4165-a25d-35c9a96f3cd3,689f6512-1083-4330-a0ed-0f1eaf8915dc,c4,DROP,1008,?,i9,
1769091804.6103518,FORWARDED,4ae5b0f7-af61-4165-a25d-35c9a96f3cd3,689f6512-1083-4330-a0ed-0f1eaf8915dc,c4,DROP,1008,?,i9,
1769091804.6562548,RECEIVED,18a4baf5-ef60-4fff-9d41-dc4bad1d19cd,d74badb4-aedd-4210-968f-828b024a1e9b,c5,c4,2037,p2,?,
1769091804.680516,SENT,f23359d0-e5f7-4193-b4b4-47c3f5dbb5cf,bcf50de3-3df5-47d0-b33a-3c6beb7fdda6,c5,c4,1456,?,i11,
1769091804.6805565,FORWARDED,f23359d0-e5f7-4193-b4b4-47c3f5dbb5cf,bcf50de3-3df5-47d0-b33a-3c6beb7fdda6,c5,c4,1456,?,i11,
1769091804.696783,SENT,23675827-f5b4-4340-8e4a-199b75199d79,cd9217f8-940a-495d-a3cd-0cde23722260,c5,c4,1452,?,i12,
1769091804.6968346,FORWARDED,23675827-f5b4-4340-8e4a-199b75199d79,cd9217f8-940a-495d-a3cd-0cde23722260,c5,c4,1452,?,i12,
1769091804.7572808,SENT,18a4baf5-ef60-4fff-9d41-dc4bad1d19cd,d74badb4-aedd-4210-968f-828b024a1e9b,c5,c4,1455,?,i10,
1769091804.7573218,FORWARDED,18a4baf5-ef60-4fff-9d41-dc4bad1d19cd,d74badb4-aedd-4210-968f-828b024a1e9b,c5,c4,1455,?,i10,
1769091804.8809829,RECEIVED,fa832567-479a-4b1b-915d-2f66379e206e,fb5d82fd-ff3b-443c-8765-914c9eddd5df,c5,c4,2040,p2,?,
1769091804.9230556,FORWARDED,fa832567-479a-4b1b-915d-2f66379e206e,fb5d82fd-ff3b-443c-8765-914c9eddd5df,c5,c4,1456,?,i6,
1769091804.9254801,RECEIVED,def65e22-80cd-4dd8-94f9-005f62cdc760,e88e9401-37fa-46d2-b0a7-452130a046e2,c5,c4,2034,p2,?,
1769091805.2960958,RECEIVED,8bdb51b5-be48-446a-86ac-1803a169e267,6228b129-c3b2-4865-b066-18a392ecaf29,c2,DROP,442,x9,?,
1769091805.440643,SENT,def65e22-80cd-4dd8-94f9-005f62cdc760,e88e9401-37fa-46d2-b0a7-452130a046e2,c5,c4,1455,?,i7,
1769091805.4406838,FORWARDED,def65e22-80cd-4dd8-94f9-005f62cdc760,e88e9401-37fa-46d2-b0a7-452130a046e2,c5,c4,1455,?,i7,
1769091805.5720131,SENT,a09e21b6-84d4-4aad-b14c-de3663f72841,c4394411-0f81-46d1-b0c6-ad8a97887f19,c3,DROP,1013,?,i11,
1769091805.572091,FORWARDED,a09e21b6-84d4-4aad-b14c-de3663f72841,c4394411-0f81-46d1-b0c6-ad8a97887f19,c3,DROP,1013,?,i11,
1769091805.6075015,RECEIVED,b59db5a0-8d94-49a8-9846-005fa37bf2ef,3fcefa37-7c97-48c2-9be0-23040bbec35c,c2,DROP,1444,p2,?,
1769091805.7273123,RECEIVED,c95dcc31-48a8-48f1-9abb-cffcabd3fce4,c7eb4a68-2a2f-4f1a-ade4-e7efd4794285,c3,DROP,1443,p3,?,
1769091805.7640712,SENT,b59db5a0-8d94-49a8-9846-005fa37bf2ef,3fcefa37-7c97-48c2-9be0-23040bbec35c,c2,DROP,1009,?,i3,
1769091805.7641132,FORWARDED,b59db5a0-8d94-49a8-9846-005fa37bf2ef,3fcefa37-7c97-48c2-9be0-23040bbec35c,c2,DROP,1009,?,i3,
1769091805.857731,RECEIVED,8c1685d7-879e-4f67-86e6-8450f76d83a0,db6d6fd8-75b7-4b48-9ed8-84d66d162e32,c1,c5,2043,p1,?,
1769091805.9016054,FORWARDED,cc11ce82-c1e5-40ee-88ad-af23abf98b5e,0654d370-6f9c-4cff-b2e6-08acc74da409,c3,c4,1454,?,i6,
1769091805.9199748,RECEIVED,3f09bd87-059f-4491-9c00-2e8e5610ab14,c72dc3a3-f58c-4832-9c25-12b089eea47a,c2,DROP,1447,p2,?,
1769091805.9689088,RECEIVED,4fac3448-9be4-4b91-ac2e-dcfce1ddf943,2db89caf-6551-454f-86ed-fe3e11b062dc,c2,c1,2023,p2,?,
1769091806.0876052,SENT,9cdfebc7-fbe6-4c92-be21-599eea7731da,468fa529-c591-4b27-b416-12033456e879,c4,DROP,1011,?,i3,
1769091806.087647,FORWARDED,9cdfebc7-fbe6-4c92-be21-599eea7731da,468fa529-c591-4b27-b416-12033456e879,c4,DROP,1011,?,i3,
1769091806.1783273,SENT,3f09bd87-059f-4491-9c00-2e8e5610ab14,c72dc3a3-f58c-4832-9c25-12b089eea47a,c2,DROP,1012,?,i3,
1769091806.1783667,FORWARDED,3f09bd87-059f-4491-9c00-2e8e5610ab14,c72dc3a3-f58c-4832-9c25-12b089eea47a,c2,DROP,1012,?,i3,
1769091806.257342,RECEIVED,c9fab632-b810-4d64-9b97-ff2586f839ab,378d1250-a609-46da-bbe9-2bb1c5c9bb37,c2,c1,2019,p2,?,
1769091806.3501081,RECEIVED,c3b4676e-56eb-4302-a838-a6ea4898189f,f80d0162-d203-494d-84d1-10d7d8b9f266,c1,c5,2040,p1,?,
1769091806.4629416,SENT,c95dcc31-48a8-48f1-9abb-cffcabd3fce4,c7eb4a68-2a2f-4f1a-ade4-e7efd4794285,c3,DROP,1011,?,i3,
1769091806.4630337,FORWARDED,c95dcc31-48a8-48f1-9abb-cffcabd3fce4,c7eb4a68-2a2f-4f1a-ade4-e7efd4794285,c3,DROP,1011,?,i3,
1769091806.545296,RECEIVED,82624294-54a4-450b-afaf-0fd252e12837,06898469-3d95-442f-a9fa-4b71ca151ab3,c2,c1,2040,p2,?,
1769091806.6030354,SENT,c3b4676e-56eb-4302-a838-a6ea4898189f,f80d0162-d203-494d-84d1-10d7d8b9f266,c1,c5,1456,?,i12,
1769091806.6041105,FORWARDED,c3b4676e-56eb-4302-a838-a6ea4898189f,f80d0162-d203-494d-84d1-10d7d8b9f266,c1,c5,1456,?,i12,
1769091806.6240053,RECEIVED,9efcf459-5968-4ffc-85c3-73153f645b74,73283d3e-a8cc-4c85-a5cf-1a685ff08468,c1,DROP,1438,p1,?,
1769091806.6646326,SENT,8c1685d7-879e-4f67-86e6-8450f76d83a0,db6d6fd8-75b7-4b48-9ed8-84d66d162e32,c1,c5,1460,?,i4,
1769091806.664674,FORWARDED,8c1685d7-879e-4f67-86e6-8450f76d83a0,db6d6fd8-75b7-4b48-9ed8-84d66d162e32,c1,c5,1460,?,i4,
1769091806.698893,RECEIVED,efe4aa86-69fd-41e3-b951-a6801764cee8,8d6974d6-7a57-4498-bf55-4a4aa392c675,c2,c1,2041,p2,?,
1769091806.7663708,SENT,efe4aa86-69fd-41e3-b951-a6801764cee8,8d6974d6-7a57-4498-bf55-4a4aa392c675,c2,c1,1457,?,i5,
1769091806.766412,FORWARDED,efe4aa86-69fd-41e3-b951-a6801764cee8,8d6974d6-7a57-4498-bf55-4a4aa392c675,c2,c1,1457,?,i5,
1769091806.9442406,RECEIVED,093255de-e657-4939-b9a8-f42ef51d38f1,c4a740c8-9eb2-4036-8074-d715587c56f9,c1,c5,2047,p1,?,
1769091806.9516518,SENT,4fac3448-9be4-4b91-ac2e-dcfce1ddf943,2db89caf-6551-454f-86ed-fe3e11b062dc,c2,c1,1444,?,i7,
1769091806.951698,FORWARDED,4fac3448-9be4-4b91-ac2e-dcfce1ddf943,2db89caf-6551-454f-86ed-fe3e11b062dc,c2,c1,1444,?,i7,
1769091806.9825423,RECEIVED,27e54521-b195-419d-b04b-0172112c6f84,8e6804fe-46d0-4745-a7c7-ad7890c3d07c,c1,c5,2048,p1,?,
1769091807.0088687,SENT,82624294-54a4-450b-afaf-0fd252e12837,06898469-3d95-442f-a9fa-4b71ca151ab3,c2,c1,1456,?,i10,
1769091807.0089087,FORWARDED,82624294-54a4-450b-afaf-0fd252e12837,06898469-3d95-442f-a9fa-4b71ca151ab3,c2,c1,1456,?,i10,
1769091807.0268517,RECEIVED,d91850ce-bfcc-4464-99ca-20467575c79d,6e6e7e73-0f89-4533-a096-c1e576797729,c4,c1,2040,p1,?,
1769091807.1560035,RECEIVED,dd1a495f-81c7-400e-b455-4592b2271ff3,6478d0ba-d4c0-444c-a678-8c99420bd923,c2,c1,2043,p2,?,
1769091807.1891847,SENT,c9fab632-b810-4d64-9b97-ff2586f839ab,378d1250-a609-46da-bbe9-2bb1c5c9bb37,c2,c1,1443,?,i12,
1769091807.189224,FORWARDED,c9fab632-b810-4d64-9b97-ff2586f839ab,378d1250-a609-46da-bbe9-2bb1c5c9bb37,c2,c1,1443,?,i12,
1769091807.3217473,RECEIVED,cda0d683-be8e-4324-be2a-c763d3b94609,087d6b19-8873-4a22-b75b-215a1ab73a52,c1,c5,2041,p1,?,
1769091807.398531,SENT,27e54521-b195-419d-b04b-0172112c6f84,8e6804fe-46d0-4745-a7c7-ad7890c3d07c,c1,c5,1462,?,i5,
1769091807.3985734,FORWARDED,27e54521-b195-419d-b04b-0172112c6f84,8e6804fe-46d0-4745-a7c7-ad7890c3d07c,c1,c5,1462,?,i5,
1769091807.4966261,SENT,cda0d683-be8e-4324-be2a-c763d3b94609,087d6b19-8873-4a22-b75b-215a1ab73a52,c1,c5,1457,?,i11,
1769091807.4966686,FORWARDED,cda0d683-be8e-4324-be2a-c763d3b94609,087d6b19-8873-4a22-b75b-215a1ab73a52,c1,c5,1457,?,i11,
1769091807.5683525,RECEIVED,b3e60cfc-73cc-418d-9f6f-d90509ce3593,7fefe75f-b5b5-4f07-a4e3-3d0401f4a414,c2,c1,2035,p2,?,
1769091807.699094,SENT,093255de-e657-4939-b9a8-f42ef51d38f1,c4a740c8-9eb2-4036-8074-d715587c56f9,c1,c5,1463,?,i3,
1769091807.6991477,FORWARDED,093255de-e657-4939-b9a8-f42ef51d38f1,c4a740c8-9eb2-4036-8074-d715587c56f9,c1,c5,1463,?,i3,
1769091807.7084374,SENT,9efcf459-5968-4ffc-85c3-73153f645b74,73283d3e-a8cc-4c85-a5cf-1a685ff08468,c1,DROP,1007,?,i2,
1769091807.7084804,FORWARDED,9efcf459-5968-4ffc-85c3-73153f645b74,73283d3e-a8cc-4c85-a5cf-1a685ff08468,c1,DROP,1007,?,i2,
1769091807.839416,RECEIVED,f6967524-a2cf-43a5-8068-3f682325ff3f,6076e263-80f4-475d-94e4-6a4b396784bb,c1,DROP,1445,p1,?,
1769091807.8692794,SENT,d91850ce-bfcc-4464-99ca-20467575c79d,6e6e7e73-0f89-4533-a096-c1e576797729,c4,c1,1456,?,i10,
1769091807.8693225,FORWARDED,d91850ce-bfcc-4464-99ca-20467575c79d,6e6e7e73-0f89-4533-a096-c1e576797729,c4,c1,1456,?,i10,
1769091807.8960643,RECEIVED,b2085b6e-58e7-40e3-85b3-7dd7379d5ef6,7ccb231a-a936-4947-bfff-07eb479d785b,c4,c1,2038,p1,?,
1769091807.8989506,SENT,f6967524-a2cf-43a5-8068-3f682325ff3f,6076e263-80f4-475d-94e4-6a4b396784bb,c1,DROP,1011,?,i11,
1769091807.8989897,FORWARDED,f6967524-a2cf-43a5-8068-3f682325ff3f,6076e263-80f4-475d-94e4-6a4b396784bb,c1,DROP,1011,?,i11,
1769091807.93534,RECEIVED,d6b50b3f-c328-4ecb-b4d1-9bf5cfaacada,b4d3b165-689c-4e8b-92e1-570d6620cf79,c3,c4,2039,p3,?,
1769091807.9582975,RECEIVED,94cca053-a348-4e9f-a7bc-e421e4bd6914,cc38f462-05f5-4f05-bed9-377bd999590b,c2,c1,2036,p2,?,
1769091807.964961,SENT,dd1a495f-81c7-400e-b455-4592b2271ff3,6478d0ba-d4c0-444c-a678-8c99420bd923,c2,c1,1459,?,i2,
1769091807.9650028,FORWARDED,dd1a495f-81c7-400e-b455-4592b2271ff3,6478d0ba-d4c0-444c-a678-8c99420bd923,c2,c1,1459,?,i2,
1769091808.0728889,SENT,b2085b6e-58e7-40e3-85b3-7dd7379d5ef6,7ccb231a-a936-4947-bfff-07eb479d785b,c4,c1,1456,?,i1,
1769091808.073163,FORWARDED,b2085b6e-58e7-40e3-85b3-7dd7379d5ef6,7ccb231a-a936-4947-bfff-07eb479d785b,c4,c1,1456,?,i1,
1769091808.1029363,RECEIVED,aeebdc8f-04c2-4734-ac1f-efb75a956d60,74a2420f-ca88-49bf-8309-0e0f850e1273,c5,c4,2043,p2,?,
1769091808.1086552,SENT,b3e60cfc-73cc-418d-9f6f-d90509ce3593,7fefe75f-b5b5-4f07-a4e3-3d0401f4a414,c2,c1,1453,?,i7,
1769091808.1087053,FORWARDED,b3e60cfc-73cc-418d-9f6f-d90509ce3593,7fefe75f-b5b5-4f07-a4e3-3d0401f4a414,c2,c1,1453,?,i7,
1769091808.346519,RECEIVED,22ce3fb4-bd81-4093-b102-889209d66e42,f5aa362d-1d73-4057-837c-4c0210128731,c2,c1,2035,p2,?,
1769091808.3613644,SENT,94cca053-a348-4e9f-a7bc-e421e4bd6914,cc38f462-05f5-4f05-bed9-377bd999590b,c2,c1,1455,?,i9,
1769091808.3614058,FORWARDED,94cca053-a348-4e9f-a7bc-e421e4bd6914,cc38f462-05f5-4f05-bed9-377bd999590b,c2,c1,1455,?,i9,
1769091808.4854813,RECEIVED,3edb43ce-b1cd-4fb5-a976-3e441773debe,39a3da04-36ef-4832-8afb-f4875b6a8080,c3,c4,2045,p3,?,
1769091808.586877,SENT,3edb43ce-b1cd-4fb5-a976-3e441773debe,39a3da04-36ef-4832-8afb-f4875b6a8080,c3,c4,1460,?,i12,
1769091808.58692,FORWARDED,3edb43ce-b1cd-4fb5-a976-3e441773debe,39a3da04-36ef-4832-8afb-f4875b6a8080,c3,c4,1460,?,i12,
1769091808.6033473,RECEIVED,b05ab8c1-0ff5-4503-a6d6-53a646543121,a667cfe5-29d6-4df8-9369-9340411b8ab8,c4,c1,2055,p1,?,
1769091808.6486378,RECEIVED,8d3d2235-b62b-4d43-afbb-fb73413145d6,9feff806-4217-4eba-b70e-1c6618b21c75,c3,DROP,1442,p3,?,
1769091808.7516258,FORWARDED,b05ab8c1-0ff5-4503-a6d6-53a646543121,a667cfe5-29d6-4df8-9369-9340411b8ab8,c4,c1,1468,?,i6,
1769091808.77378,SENT,22ce3fb4-bd81-4093-b102-889209d66e42,f5aa362d-1d73-4057-837c-4c0210128731,c2,c1,1455,?,i9,
1769091808.7738178,FORWARDED,22ce3fb4-bd81-4093-b102-889209d66e42,f5aa362d-1d73-4057-837c-4c0210128731,c2,c1,1455,?,i9,
1769091808.7973065,SENT,d6b50b3f-c328-4ecb-b4d1-9bf5cfaacada,b4d3b165-689c-4e8b-92e1-570d6620cf79,c3,c4,1458,?,i3,
1769091808.7973475,FORWARDED,d6b50b3f-c328-4ecb-b4d1-9bf5cfaacada,b4d3b165-689c-4e8b-92e1-570d6620cf79,c3,c4,1458,?,i3,
1769091808.8781524,RECEIVED,b4c12cfb-0973-4209-a50c-59f9eb2c042d,5bd888d1-b3fe-4c3b-a2e0-489f4ee92722,c2,c1,2048,p2,?,
1769091808.8893034,RECEIVED,31874757-723c-4d57-b1bc-a691a7d702af,fd083995-246a-44fd-9ff9-d91b585c1d7e,c5,c4,2044,p2,?,
1769091809.015018,SENT,aeebdc8f-04c2-4734-ac1f-efb75a956d60,74a2420f-ca88-49bf-8309-0e0f850e1273,c5,c4,1460,?,i5,
1769091809.0152798,FORWARDED,aeebdc8f-04c2-4734-ac1f-efb75a956d60,74a2420f-ca88-49bf-8309-0e0f850e1273,c5,c4,1460,?,i5,
1769091809.0574913,SENT,8d3d2235-b62b-4d43-afbb-fb73413145d6,9feff806-4217-4eba-b70e-1c6618b21c75,c3,DROP,1011,?,i7,
1769091809.0575335,FORWARDED,8d3d2235-b62b-4d43-afbb-fb73413145d6,9feff806-4217-4eba-b70e-1c6618b21c75,c3,DROP,1011,?,i7,
1769091809.2921493,RECEIVED,09bd5a3a-277f-4306-8103-5465b584e63c,ace0c64b-a620-4aa8-b8cd-0d4d88c4493d,c4,DROP,1442,p1,?,
1769091809.360324,SENT,09bd5a3a-277f-4306-8103-5465b584e63c,ace0c64b-a620-4aa8-b8cd-0d4d88c4493d,c4,DROP,1007,?,i10,
1769091809.3603659,FORWARDED,09bd5a3a-277f-4306-8103-5465b584e63c,ace0c64b-a620-4aa8-b8cd-0d4d88c4493d,c4,DROP,1007,?,i10,
1769091809.46844,SENT,31874757-723c-4d57-b1bc-a691a7d702af,fd083995-246a-44fd-9ff9-d91b585c1d7e,c5,c4,1461,?,i12,
1769091809.4684803,FORWARDED,31874757-723c-4d57-b1bc-a691a7d702af,fd083995-246a-44fd-9ff9-d91b585c1d7e,c5,c4,1461,?,i12,
1769091809.5026128,RECEIVED,189360a8-cca1-42f4-99d4-2e339ab00cb9,33bf8cd1-1610-444f-b9b8-9f686f852581,c2,c1,2036,p2,?,
1769091809.5462322,SENT,b4c12cfb-0973-4209-a50c-59f9eb2c042d,5bd888d1-b3fe-4c3b-a2e0-489f4ee92722,c2,c1,1464,?,i10,
1769091809.5462706,FORWARDED,b4c12cfb-0973-4209-a50c-59f9eb2c042d,5bd888d1-b3fe-4c3b-a2e0-489f4ee92722,c2,c1,1464,?,i10,
1769091809.5958438,SENT,189360a8-cca1-42f4-99d4-2e339ab00cb9,33bf8cd1-1610-444f-b9b8-9f686f852581,c2,c1,1455,?,i7,
1769091809.595938,FORWARDED,189360a8-cca1-42f4-99d4-2e339ab00cb9,33bf8cd1-1610-444f-b9b8-9f686f852581,c2,c1,1455,?,i7,
1769091809.6595626,RECEIVED,e549a182-598d-4575-a5e7-4a0921f2f8ec,959ac340-d999-418c-9252-0b45013f23c4,c3,DROP,1455,p3,?,
1769091809.769824,RECEIVED,6e158e8b-248b-477c-b633-b032288a006d,da66395d-70e0-437e-91fc-2615fa0a4324,c4,c1,2055,p1,?,
1769091809.8090012,RECEIVED,78233fae-8f65-49b0-b423-64774616c449,8383679d-7367-4764-82aa-06bd0dcd0e5e,c3,c4,2033,p3,?,
1769091809.8698423,SENT,78233fae-8f65-49b0-b423-64774616c449,8383679d-7367-4764-82aa-06bd0dcd0e5e,c3,c4,1450,?,i5,
1769091809.8698826,FORWARDED,78233fae-8f65-49b0-b423-64774616c449,8383679d-7367-4764-82aa-06bd0dcd0e5e,c3,c4,1450,?,i5,
1769091809.9181886,SENT,e549a182-598d-4575-a5e7-4a0921f2f8ec,959ac340-d999-418c-9252-0b45013f23c4,c3,DROP,1019,?,i4,
1769091809.9182374,FORWARDED,e549a182-598d-4575-a5e7-4a0921f2f8ec,959ac340-d999-418c-9252-0b45013f23c4,c3,DROP,1019,?,i4,
1769091809.9297855,RECEIVED,d6bbbeeb-9ed9-4d68-98dc-2af864dc3370,4c25e148-2803-4c46-a707-a623c786c39f,c4,c1,2039,p1,?,
1769091810.205201,RECEIVED,2c7720d6-d627-4019-abd1-766ec9d26124,cb5712a6-72a5-422b-930f-2d6a29c9a4f5,c5,c4,2047,p2,?,
1769091810.4051945,SENT,6e158e8b-248b-477c-b633-b032288a006d,da66395d-70e0-437e-91fc-2615fa0a4324,c4,c1,1469,?,i5,
1769091810.4062858,FORWARDED,6e158e8b-248b-477c-b633-b032288a006d,da66395d-70e0-437e-91fc-2615fa0a4324,c4,c1,1469,?,i5,
1769091810.6119814,SENT,d6bbbeeb-9ed9-4d68-98dc-2af864dc3370,4c25e148-2803-4c46-a707-a623c786c39f,c4,c1,1456,?,i7,
1769091810.6120207,FORWARDED,d6bbbeeb-9ed9-4d68-98dc-2af864dc3370,4c25e148-2803-4c46-a707-a623c786c39f,c4,c1,1456,?,i7,
1769091810.6435153,RECEIVED,c21127da-9476-44e7-96ae-d728e8077225,c772e70a-4e14-44f5-96c6-9726abb61e7d,c2,c1,2044,p2,?,
1769091810.713721,RECEIVED,c6c5bb4a-a2a3-4f4d-a5cd-266f9b8d4b25,8972388e-3fa1-4393-a22f-e7c97a13313e,c4,c1,2043,p1,?,
1769091810.715762,SENT,c21127da-9476-44e7-96ae-d728e8077225,c772e70a-4e14-44f5-96c6-9726abb61e7d,c2,c1,1459,?,i4,
1769091810.7158115,FORWARDED,c21127da-9476-44e7-96ae-d728e8077225,c772e70a-4e14-44f5-96c6-9726abb61e7d,c2,c1,1459,?,i4,
1769091811.0801597,SENT,2c7720d6-d627-4019-abd1-766ec9d26124,cb5712a6-72a5-422b-930f-2d6a29c9a4f5,c5,c4,1464,?,i1,
1769091811.0802476,FORWARDED,2c7720d6-d627-4019-abd1-766ec9d26124,cb5712a6-72a5-422b-930f-2d6a29c9a4f5,c5,c4,1464,?,i1,
1769091811.527738,RECEIVED,c83883b8-6d4b-4fc1-a851-b2c199df46f0,67ffd9bd-784a-4c39-a93d-85c28c68395a,c1,DROP,1440,p1,?,
1769091811.7180746,SENT,c83883b8-6d4b-4fc1-a851-b2c199df46f0,67ffd9bd-784a-4c39-a93d-85c28c68395a,c1,DROP,1008,?,i7,
1769091811.7181187,FORWARDED,c83883b8-6d4b-4fc1-a851-b2c199df46f0,67ffd9bd-784a-4c39-a93d-85c28c68395a,c1,DROP,1008,?,i7,
1769091811.7801282,SENT,c6c5bb4a-a2a3-4f4d-a5cd-266f9b8d4b25,8972388e-3fa1-4393-a22f-e7c97a13313e,c4,c1,1460,?,i4,
1769091811.7813246,FORWARDED,c6c5bb4a-a2a3-4f4d-a5cd-266f9b8d4b25,8972388e-3fa1-4393-a22f-e7c97a13313e,c4,c1,1460,?,i4,
1769091811.7904215,RECEIVED,56ebe1a2-6cd1-4a91-a008-975d8d32788e,143e12a4-43f9-488b-afdd-c1f7c25aa200,c4,c1,2040,p1,?,
1769091812.1551077,SENT,56ebe1a2-6cd1-4a91-a008-975d8d32788e,143e12a4-43f9-488b-afdd-c1f7c25aa200,c4,c1,1457,?,i4,
1769091812.155154,FORWARDED,56ebe1a2-6cd1-4a91-a008-975d8d32788e,143e12a4-43f9-488b-afdd-c1f7c25aa200,c4,c1,1457,?,i4,
1769091812.295501,RECEIVED,1f95555e-676b-42fb-8c0a-ffb68a2006a6,a8858a99-c0b6-4bbf-9d56-c8ceef192fdb,c4,c1,2031,p1,?,
1769091812.4103334,RECEIVED,a256b613-f73c-4da4-80d5-f82543900694,5a6da83d-f476-4a9b-9414-4127a103bbcc,c1,c5,2040,p1,?,
1769091812.4999561,RECEIVED,abd0de4c-0ded-40a3-9e23-bd67dd432938,6bb2ebfb-0f6a-44d6-a8f6-5733f1e99c2d,c1,c5,2044,p1,?,
1769091812.5400357,RECEIVED,a298f44d-441f-44ea-8239-5a2c99bf2ce1,3549093d-1731-4159-ba76-9b657029e31f,c3,DROP,1457,p3,?,
1769091812.6027718,SENT,a298f44d-441f-44ea-8239-5a2c99bf2ce1,3549093d-1731-4159-ba76-9b657029e31f,c3,DROP,1019,?,i12,
1769091812.602814,FORWARDED,a298f44d-441f-44ea-8239-5a2c99bf2ce1,3549093d-1731-4159-ba76-9b657029e31f,c3,DROP,1019,?,i12,
1769091812.7596493,RECEIVED,2d514ba3-b09f-4985-b2b7-a95973383d73,f8a06d8f-cd29-4087-a360-df68b9ddb6cc,c4,c1,2040,p1,?,
1769091812.8526897,SENT,a256b613-f73c-4da4-80d5-f82543900694,5a6da83d-f476-4a9b-9414-4127a103bbcc,c1,c5,1456,?,i3,
1769091812.8527722,FORWARDED,a256b613-f73c-4da4-80d5-f82543900694,5a6da83d-f476-4a9b-9414-4127a103bbcc,c1,c5,1456,?,i3,
1769091812.868341,RECEIVED,35bf625e-1258-47de-80af-feb05c9af3f2,5d3f87b2-2df8-4854-8775-713de4914093,c5,c4,2040,p2,?,
1769091812.9447854,RECEIVED,dc4cc5ac-5b3a-4cfc-97f7-39884722fc4e,c885dd87-01ed-4662-920f-567754cedf08,c5,c4,2044,p2,?,
1769091812.967476,SENT,2d514ba3-b09f-4985-b2b7-a95973383d73,f8a06d8f-cd29-4087-a360-df68b9ddb6cc,c4,c1,1456,?,i5,
1769091812.9675133,FORWARDED,2d514ba3-b09f-4985-b2b7-a95973383d73,f8a06d8f-cd29-4087-a360-df68b9ddb6cc,c4,c1,1456,?,i5,
1769091812.9717233,FORWARDED,35bf625e-1258-47de-80af-feb05c9af3f2,5d3f87b2-2df8-4854-8775-713de4914093,c5,c4,1457,?,i6,
1769091813.0904114,SENT,abd0de4c-0ded-40a3-9e23-bd67dd432938,6bb2ebfb-0f6a-44d6-a8f6-5733f1e99c2d,c1,c5,1459,?,i12,
1769091813.0904527,FORWARDED,abd0de4c-0ded-40a3-9e23-bd67dd432938,6bb2ebfb-0f6a-44d6-a8f6-5733f1e99c2d,c1,c5,1459,?,i12,
1769091813.1218882,SENT,dc4cc5ac-5b3a-4cfc-97f7-39884722fc4e,c885dd87-01ed-4662-920f-567754cedf08,c5,c4,1461,?,i12,
1769091813.1219287,FORWARDED,dc4cc5ac-5b3a-4cfc-97f7-39884722fc4e,c885dd87-01ed-4662-920f-567754cedf08,c5,c4,1461,?,i12,
1769091813.3405232,RECEIVED,1bca1f0d-c6a8-4cd3-9ebe-4a369eb2f4cf,b81e71e7-0be3-43ef-a36b-10bba1ad1157,c1,c5,2051,p1,?,
1769091813.485269,RECEIVED,f97c58f3-5083-44a9-b991-a860efeaf751,79f6d8c5-a0f2-448e-8bc9-6a71263d8db2,c3,c4,2035,p3,?,
1769091813.488451,RECEIVED,45a4db9f-1334-4381-a1ad-5dbcab645718,b6c113ad-d0d3-4894-9f6f-38baae805106,c2,c1,2039,p2,?,
1769091813.6220744,SENT,1f95555e-676b-42fb-8c0a-ffb68a2006a6,a8858a99-c0b6-4bbf-9d56-c8ceef192fdb,c4,c1,1452,?,i3,
1769091813.6221166,FORWARDED,1f95555e-676b-42fb-8c0a-ffb68a2006a6,a8858a99-c0b6-4bbf-9d56-c8ceef192fdb,c4,c1,1452,?,i3,
1769091813.6683207,RECEIVED,5ce67ad5-9b31-494e-98ce-9977e0b603e4,270a6a1c-8c4a-40f3-9e8f-28262bfdc743,c3,c4,2045,p3,?,
1769091813.6781764,RECEIVED,ca186fcf-bf58-45b4-b407-9deb32b9ab3d,c9715816-2d49-413c-afff-0ed6c0cc3cc0,c1,c5,2043,p1,?,
1769091813.684111,RECEIVED,8cabaf20-2ea5-45eb-ac8d-e6ae80ce076d,5e693e80-d456-45d5-a5e0-cfc2efe1b72c,c3,c4,2040,p3,?,
1769091813.7718759,RECEIVED,6c69ba09-410b-4b47-b007-2e51dc786f82,6edd8a17-993c-4446-9ea2-204570759e29,c3,DROP,1463,p3,?,
1769091814.0657396,SENT,5ce67ad5-9b31-494e-98ce-9977e0b603e4,270a6a1c-8c4a-40f3-9e8f-28262bfdc743,c3,c4,1461,?,i11,
1769091814.0657794,FORWARDED,5ce67ad5-9b31-494e-98ce-9977e0b603e4,270a6a1c-8c4a-40f3-9e8f-28262bfdc743,c3,c4,1461,?,i11,
1769091814.0945537,SENT,6c69ba09-410b-4b47-b007-2e51dc786f82,6edd8a17-993c-4446-9ea2-204570759e29,c3,DROP,1026,?,i9,
1769091814.0946047,FORWARDED,6c69ba09-410b-4b47-b007-2e51dc786f82,6edd8a17-993c-4446-9ea2-204570759e29,c3,DROP,1026,?,i9,
1769091814.1085432,RECEIVED,c2a4bde7-21e3-4138-8053-ce024e132f93,c073ff71-766d-4250-a730-6f8af0ab9e85,c5,c4,2035,p2,?,
1769091814.1823604,SENT,1bca1f0d-c6a8-4cd3-9ebe-4a369eb2f4cf,b81e71e7-0be3-43ef-a36b-10bba1ad1157,c1,c5,1465,?,i2,
1769091814.1824243,FORWARDED,1bca1f0d-c6a8-4cd3-9ebe-4a369eb2f4cf,b81e71e7-0be3-43ef-a36b-10bba1ad1157,c1,c5,1465,?,i2,
1769091814.2485688,SENT,ca186fcf-bf58-45b4-b407-9deb32b9ab3d,c9715816-2d49-413c-afff-0ed6c0cc3cc0,c1,c5,1461,?,i3,
1769091814.2486227,FORWARDED,ca186fcf-bf58-45b4-b407-9deb32b9ab3d,c9715816-2d49-413c-afff-0ed6c0cc3cc0,c1,c5,1461,?,i3,
1769091814.2786882,RECEIVED,c7d99789-5020-4e0c-ad75-71a0fbf2c5aa,2ad4092d-56e0-4925-8295-39fa59204d75,c1,c5,2037,p1,?,
1769091814.328886,RECEIVED,231feeb4-8d50-447c-90ff-4a7ac65ccc25,5203bdd5-723c-4b0f-bcad-5631519a3ca5,c2,DROP,1455,p2,?,
1769091814.5206783,RECEIVED,6637c770-4c06-4e0f-a177-656395a1a3e8,0f699a57-4507-4570-921a-bbc2b8626a2d,c5,DROP,445,x12,?,
1769091814.5456033,SENT,c7d99789-5020-4e0c-ad75-71a0fbf2c5aa,2ad4092d-56e0-4925-8295-39fa59204d75,c1,c5,1455,?,i11,
1769091814.5456433,FORWARDED,c7d99789-5020-4e0c-ad75-71a0fbf2c5aa,2ad4092d-56e0-4925-8295-39fa59204d75,c1,c5,1455,?,i11,
1769091814.5887327,SENT,45a4db9f-1334-4381-a1ad-5dbcab645718,b6c113ad-d0d3-4894-9f6f-38baae805106,c2,c1,1456,?,i2,
1769091814.5887747,FORWARDED,45a4db9f-1334-4381-a1ad-5dbcab645718,b6c113ad-d0d3-4894-9f6f-38baae805106,c2,c1,1456,?,i2,
1769091814.6391332,RECEIVED,d2520562-4b0a-44f3-9b4a-9dc139475eef,225c7ec8-78b7-40dc-adcf-2fade343b3e5,c3,c4,2036,p3,?,
1769091814.6493633,SENT,231feeb4-8d50-447c-90ff-4a7ac65ccc25,5203bdd5-723c-4b0f-bcad-5631519a3ca5,c2,DROP,1020,?,i3,
1769091814.6494067,FORWARDED,231feeb4-8d50-447c-90ff-4a7ac65ccc25,5203bdd5-723c-4b0f-bcad-5631519a3ca5,c2,DROP,1020,?,i3,
1769091814.6679616,RECEIVED,54d0d229-dcad-449b-9290-b228eed3a88a,3c3a892c-734b-476b-a7b8-da01a2cac93b,c4,c1,2049,p1,?,
1769091814.6714308,SENT,d2520562-4b0a-44f3-9b4a-9dc139475eef,225c7ec8-78b7-40dc-adcf-2fade343b3e5,c3,c4,1454,?,i9,
1769091814.6714733,FORWARDED,d2520562-4b0a-44f3-9b4a-9dc139475eef,225c7ec8-78b7-40dc-adcf-2fade343b3e5,c3,c4,1454,?,i9,
1769091814.7336984,RECEIVED,9a7d9a95-9051-4c04-8c3c-ecf0a3f95945,1183a8db-0535-4601-96dc-b58f0c2db96e,c1,DROP,1455,p1,?,
1769091814.8349593,SENT,f97c58f3-5083-44a9-b991-a860efeaf751,79f6d8c5-a0f2-448e-8bc9-6a71263d8db2,c3,c4,1455,?,i1,
1769091814.8350055,FORWARDED,f97c58f3-5083-44a9-b991-a860efeaf751,79f6d8c5-a0f2-448e-8bc9-6a71263d8db2,c3,c4,1455,?,i1,
1769091814.848816,RECEIVED,34712049-205f-4931-ad6f-26fa9b77fddb,0143fa70-314c-4e7c-a696-3b84a3cf6c52,c1,c5,2035,p1,?,
1769091814.8755248,RECEIVED,41a6f9e9-3b02-4b2f-b4db-eee41ff0c019,d34131cc-6e0c-4c0e-8d94-f52118139c41,c3,c4,2039,p3,?,
1769091814.9162703,RECEIVED,569da6f2-5a1c-4689-949d-762af4c83423,2f1d4b14-efce-4e49-8cf9-da58dd524237,c1,DROP,1440,p1,?,
1769091814.9780207,SENT,8cabaf20-2ea5-45eb-ac8d-e6ae80ce076d,5e693e80-d456-45d5-a5e0-cfc2efe1b72c,c3,c4,1457,?,i10,
1769091814.9780743,FORWARDED,8cabaf20-2ea5-45eb-ac8d-e6ae80ce076d,5e693e80-d456-45d5-a5e0-cfc2efe1b72c,c3,c4,1457,?,i10,
1769091815.0136116,RECEIVED,9809a5e1-5950-4d0a-9948-b760f42b0232,e77a7b60-1f49-4787-b5b8-67e0769bc877,c1,DROP,1447,p1,?,
1769091815.0225716,SENT,569da6f2-5a1c-4689-949d-762af4c83423,2f1d4b14-efce-4e49-8cf9-da58dd524237,c1,DROP,1007,?,i3,
1769091815.0226116,FORWARDED,569da6f2-5a1c-4689-949d-762af4c83423,2f1d4b14-efce-4e49-8cf9-da58dd524237,c1,DROP,1007,?,i3,
1769091815.1031544,SENT,54d0d229-dcad-449b-9290-b228eed3a88a,3c3a892c-734b-476b-a7b8-da01a2cac93b,c4,c1,1464,?,i10,
1769091815.1031961,FORWARDED,54d0d229-dcad-449b-9290-b228eed3a88a,3c3a892c-734b-476b-a7b8-da01a2cac93b,c4,c1,1464,?,i10,
1769091815.1157238,SENT,c2a4bde7-21e3-4138-8053-ce024e132f93,c073ff71-766d-4250-a730-6f8af0ab9e85,c5,c4,1455,?,i1,
1769091815.1157603,FORWARDED,c2a4bde7-21e3-4138-8053-ce024e132f93,c073ff71-766d-4250-a730-6f8af0ab9e85,c5,c4,1455,?,i1,
1769091815.1658854,SENT,9809a5e1-5950-4d0a-9948-b760f42b0232,e77a7b60-1f49-4787-b5b8-67e0769bc877,c1,DROP,1012,?,i7,
1769091815.1659274,FORWARDED,9809a5e1-5950-4d0a-9948-b760f42b0232,e77a7b60-1f49-4787-b5b8-67e0769bc877,c1,DROP,1012,?,i7,
1769091815.3206737,RECEIVED,30e18274-d9f2-4992-8403-d4791b0955cb,a4db977d-8a15-4e28-bb5e-eada67131bd6,c1,c5,2026,p1,?,
1769091815.4256651,RECEIVED,dcb93621-6922-4268-9558-54833c52a870,d1babd44-87b8-47dd-8733-df8e2e69ce3b,c5,DROP,1440,p2,?,
1769091815.4926805,RECEIVED,003fa161-7efc-4e3f-8340-ab7206eaa2c1,0f20c476-d27d-4770-ae70-000ec645ed2d,c2,DROP,1455,p2,?,
1769091815.5185208,SENT,9a7d9a95-9051-4c04-8c3c-ecf0a3f95945,1183a8db-0535-4601-96dc-b58f0c2db96e,c1,DROP,1020,?,i3,
1769091815.5185628,FORWARDED,9a7d9a95-9051-4c04-8c3c-ecf0a3f95945,1183a8db-0535-4601-96dc-b58f0c2db96e,c1,DROP,1020,?,i3,
1769091815.595228,SENT,30e18274-d9f2-4992-8403-d4791b0955cb,a4db977d-8a15-4e28-bb5e-eada67131bd6,c1,c5,1448,?,i7,
1769091815.5952709,FORWARDED,30e18274-d9f2-4992-8403-d4791b0955cb,a4db977d-8a15-4e28-bb5e-eada67131bd6,c1,c5,1448,?,i7,
1769091815.6111739,RECEIVED,bc4a8e6b-f3ba-49bf-ba25-8b25f313905d,09f2824e-0ba6-45b3-8252-12414c51c6cf,c1,DROP,1439,p1,?,
1769091815.7873766,RECEIVED,700b4967-8568-4fcb-a6d9-dfd270357ca4,ad69c7ae-b093-4863-9d6e-06fc0618aa4f,c5,c4,2031,p2,?,
1769091815.8446748,SENT,dcb93621-6922-4268-9558-54833c52a870,d1babd44-87b8-47dd-8733-df8e2e69ce3b,c5,DROP,1008,?,i7,
1769091815.8447127,FORWARDED,dcb93621-6922-4268-9558-54833c52a870,d1babd44-87b8-47dd-8733-df8e2e69ce3b,c5,DROP,1008,?,i7,
1769091815.923012,SENT,700b4967-8568-4fcb-a6d9-dfd270357ca4,ad69c7ae-b093-4863-9d6e-06fc0618aa4f,c5,c4,1452,?,i1,
1769091815.9230688,FORWARDED,700b4967-8568-4fcb-a6d9-dfd270357ca4,ad69c7ae-b093-4863-9d6e-06fc0618aa4f,c5,c4,1452,?,i1,
1769091816.217383,SENT,bc4a8e6b-f3ba-49bf-ba25-8b25f313905d,09f2824e-0ba6-45b3-8252-12414c51c6cf,c1,DROP,1008,?,i8,
1769091816.2174256,FORWARDED,bc4a8e6b-f3ba-49bf-ba25-8b25f313905d,09f2824e-0ba6-45b3-8252-12414c51c6cf,c1,DROP,1008,?,i8,
1769091816.258213,RECEIVED,c1b25218-1533-4260-a6c0-d624835c0b32,007e7393-46b0-4bea-b2eb-bddf1967022d,c2,c1,2036,p2,?,
1769091816.290677,RECEIVED,b870840a-0a04-4387-8006-55a6ee4f9a8b,ec2a0c63-e4a7-41b0-83a6-ea9080a18c77,c2,c1,2032,p2,?,
1769091816.3413105,SENT,34712049-205f-4931-ad6f-26fa9b77fddb,0143fa70-314c-4e7c-a696-3b84a3cf6c52,c1,c5,1455,?,i7,
1769091816.3413522,FORWARDED,34712049-205f-4931-ad6f-26fa9b77fddb,0143fa70-314c-4e7c-a696-3b84a3cf6c52,c1,c5,1455,?,i7,
1769091816.3569865,FORWARDED,b870840a-0a04-4387-8006-55a6ee4f9a8b,ec2a0c63-e4a7-41b0-83a6-ea9080a18c77,c2,c1,1451,?,i6,
1769091816.6124895,SENT,41a6f9e9-3b02-4b2f-b4db-eee41ff0c019,d34131cc-6e0c-4c0e-8d94-f52118139c41,c3,c4,1457,?,i4,
1769091816.6125321,FORWARDED,41a6f9e9-3b02-4b2f-b4db-eee41ff0c019,d34131cc-6e0c-4c0e-8d94-f52118139c41,c3,c4,1457,?,i4,
1769091816.6416397,RECEIVED,5be3ae9f-e7b4-4ee2-9d58-2f3f56f24f9b,e94bcb84-146d-4372-8998-c86ca20e4cec,c5,c4,2040,p2,?,
1769091816.6471643,SENT,003fa161-7efc-4e3f-8340-ab7206eaa2c1,0f20c476-d27d-4770-ae70-000ec645ed2d,c2,DROP,1020,?,i7,
1769091816.6472063,FORWARDED,003fa161-7efc-4e3f-8340-ab7206eaa2c1,0f20c476-d27d-4770-ae70-000ec645ed2d,c2,DROP,1020,?,i7,
1769091816.6974628,SENT,c1b25218-1533-4260-a6c0-d624835c0b32,007e7393-46b0-4bea-b2eb-bddf1967022d,c2,c1,1454,?,i4,
1769091816.6975048,FORWARDED,c1b25218-1533-4260-a6c0-d624835c0b32,007e7393-46b0-4bea-b2eb-bddf1967022d,c2,c1,1454,?,i4,
1769091816.860761,RECEIVED,b5602977-7860-41be-9932-5da8757d73ab,c8f94ef8-2c92-4a6c-b36a-ee3a8dd7277a,c2,c1,2050,p2,?,
1769091817.031507,RECEIVED,24cf0d59-2e3f-4e64-8b42-a8058a91b008,a4b920e8-a4ad-4a4a-b1b2-2275011a670e,c5,c4,2036,p2,?,
1769091817.1877704,RECEIVED,a7977307-6e21-4658-8d65-b3f91ac8f173,44e79665-2a55-4d5d-b519-14af7299c7cf,c2,c1,2035,p2,?,
1769091817.2773066,RECEIVED,d89efa64-eb79-4019-b3a9-1c2dcb17ecaf,26e3794d-658a-4eea-91de-064a63042a47,c5,c4,2036,p2,?,
1769091817.3190305,RECEIVED,ef52b17b-290a-42b5-a3b3-5d5c592100e0,dbc05966-5464-46ed-a856-b801332ee5b7,c4,DROP,1451,p1,?,
1769091817.424574,SENT,ef52b17b-290a-42b5-a3b3-5d5c592100e0,dbc05966-5464-46ed-a856-b801332ee5b7,c4,DROP,1016,?,i8,
1769091817.4246182,FORWARDED,ef52b17b-290a-42b5-a3b3-5d5c592100e0,dbc05966-5464-46ed-a856-b801332ee5b7,c4,DROP,1016,?,i8,
1769091817.553436,SENT,b5602977-7860-41be-9932-5da8757d73ab,c8f94ef8-2c92-4a6c-b36a-ee3a8dd7277a,c2,c1,1465,?,i1,
1769091817.5534792,FORWARDED,b5602977-7860-41be-9932-5da8757d73ab,c8f94ef8-2c92-4a6c-b36a-ee3a8dd7277a,c2,c1,1465,?,i1,
1769091817.6430888,RECEIVED,a00659fd-a2e9-4839-8b21-d1ef44bf0b01,5fa7e409-8c68-4fb2-bb59-82b7be77c36b,c1,c5,2040,p1,?,
1769091817.6464417,RECEIVED,dcf97238-c70a-4138-82a5-088c2e183ad7,8e666c3b-ba10-4c98-a2fc-b1f198757a39,c4,c1,2052,p1,?,
1769091817.8274622,SENT,dcf97238-c70a-4138-82a5-088c2e183ad7,8e666c3b-ba10-4c98-a2fc-b1f198757a39,c4,c1,1465,?,i4,
1769091817.8275034,FORWARDED,dcf97238-c70a-4138-82a5-088c2e183ad7,8e666c3b-ba10-4c98-a2fc-b1f198757a39,c4,c1,1465,?,i4,
1769091817.8507392,SENT,d89efa64-eb79-4019-b3a9-1c2dcb17ecaf,26e3794d-658a-4eea-91de-064a63042a47,c5,c4,1455,?,i12,
1769091817.8508086,FORWARDED,d89efa64-eb79-4019-b3a9-1c2dcb17ecaf,26e3794d-658a-4eea-91de-064a63042a47,c5,c4,1455,?,i12,
1769091817.883919,RECEIVED,8946307a-be8c-4af4-9e9e-b08380380423,a87073c7-6268-42ce-9594-5dd3eaeb3a59,c5,c4,2039,p2,?,
1769091818.0108988,SENT,24cf0d59-2e3f-4e64-8b42-a8058a91b008,a4b920e8-a4ad-4a4a-b1b2-2275011a670e,c5,c4,1455,?,i10,
1769091818.0109398,FORWARDED,24cf0d59-2e3f-4e64-8b42-a8058a91b008,a4b920e8-a4ad-4a4a-b1b2-2275011a670e,c5,c4,1455,?,i10,
1769091818.1135397,SENT,a7977307-6e21-4658-8d65-b3f91ac8f173,44e79665-2a55-4d5d-b519-14af7299c7cf,c2,c1,1455,?,i8,
1769091818.1135786,FORWARDED,a7977307-6e21-4658-8d65-b3f91ac8f173,44e79665-2a55-4d5d-b519-14af7299c7cf,c2,c1,1455,?,i8,
1769091818.1304119,SENT,5be3ae9f-e7b4-4ee2-9d58-2f3f56f24f9b,e94bcb84-146d-4372-8998-c86ca20e4cec,c5,c4,1456,?,i11,
1769091818.1304548,FORWARDED,5be3ae9f-e7b4-4ee2-9d58-2f3f56f24f9b,e94bcb84-146d-4372-8998-c86ca20e4cec,c5,c4,1456,?,i11,
1769091818.3001451,RECEIVED,42b6830b-fda0-45a6-ad74-0ca36a631f2d,9b3c5818-51ca-4a10-9f74-b2c40fabb96a,c4,c1,2044,p1,?,
1769091818.5295002,SENT,42b6830b-fda0-45a6-ad74-0ca36a631f2d,9b3c5818-51ca-4a10-9f74-b2c40fabb96a,c4,c1,1459,?,i1,
1769091818.5295424,FORWARDED,42b6830b-fda0-45a6-ad74-0ca36a631f2d,9b3c5818-51ca-4a10-9f74-b2c40fabb96a,c4,c1,1459,?,i1,
1769091818.5375478,SENT,a00659fd-a2e9-4839-8b21-d1ef44bf0b01,5fa7e409-8c68-4fb2-bb59-82b7be77c36b,c1,c5,1456,?,i10,
1769091818.5375924,FORWARDED,a00659fd-a2e9-4839-8b21-d1ef44bf0b01,5fa7e409-8c68-4fb2-bb59-82b7be77c36b,c1,c5,1456,?,i10,
1769091818.8580682,FORWARDED,8946307a-be8c-4af4-9e9e-b08380380423,a87073c7-6268-42ce-9594-5dd3eaeb3a59,c5,c4,1456,?,i6,
1769091819.0943794,RECEIVED,6a29c256-48f7-4003-99e2-b852874c802a,53e35e4c-1752-4aed-85a8-888cd9bf6aec,c5,c4,2043,p2,?,
1769091819.2087135,RECEIVED,24146e80-75d2-4ae4-a255-82e1450a1cb6,7d8b80a8-1b1a-4a97-a096-2c73cb73c61e,c5,c4,2024,p2,?,
1769091819.3053749,SENT,24146e80-75d2-4ae4-a255-82e1450a1cb6,7d8b80a8-1b1a-4a97-a096-2c73cb73c61e,c5,c4,1444,?,i3,
1769091819.305411,FORWARDED,24146e80-75d2-4ae4-a255-82e1450a1cb6,7d8b80a8-1b1a-4a97-a096-2c73cb73c61e,c5,c4,1444,?,i3,
1769091819.4112964,RECEIVED,6862755e-8a49-4a4d-82f7-d9b9ca58cf57,6765bc29-ddd4-491c-8c0a-75b9b67dfb69,c1,c5,2040,p1,?,
1769091819.6632552,SENT,6a29c256-48f7-4003-99e2-b852874c802a,53e35e4c-1752-4aed-85a8-888cd9bf6aec,c5,c4,1461,?,i7,
1769091819.6632965,FORWARDED,6a29c256-48f7-4003-99e2-b852874c802a,53e35e4c-1752-4aed-85a8-888cd9bf6aec,c5,c4,1461,?,i7,
1769091819.6795447,RECEIVED,98e46221-7f1c-4927-9ef5-ca2c87ee3a8f,e88c9eef-d10f-409c-8865-f2c075de3dce,c3,c4,2040,p3,?,
1769091819.7278836,RECEIVED,7ba2bac0-e17e-49b9-87d8-da7b09cc21c3,b12c4b76-ef19-4c56-b112-5aad53d51b01,c5,DROP,444,x8,?,
1769091819.7687724,SENT,98e46221-7f1c-4927-9ef5-ca2c87ee3a8f,e88c9eef-d10f-409c-8865-f2c075de3dce,c3,c4,1457,?,i3,
1769091819.7688243,FORWARDED,98e46221-7f1c-4927-9ef5-ca2c87ee3a8f,e88c9eef-d10f-409c-8865-f2c075de3dce,c3,c4,1457,?,i3,
1769091819.797508,RECEIVED,4c6251d0-3c70-48b7-b0ff-7a84118598f3,9523ad15-07fb-4000-b39c-d5fb7145433e,c4,c1,2036,p1,?,
1769091819.8255682,RECEIVED,e88f220c-ba6d-46d4-a249-03eca001e61a,c675ce6e-585f-450a-a96c-fb3dfb95323e,c5,c4,2027,p2,?,
1769091819.8735375,RECEIVED,4c2a5b32-b7d6-4bed-ad43-e4431f43f0e0,4b1bf5d8-d2ca-4a13-9bf5-de8a76d78038,c4,c1,2041,p1,?,
1769091819.8979144,SENT,4c6251d0-3c70-48b7-b0ff-7a84118598f3,9523ad15-07fb-4000-b39c-d5fb7145433e,c4,c1,1455,?,i3,
1769091819.8979545,FORWARDED,4c6251d0-3c70-48b7-b0ff-7a84118598f3,9523ad15-07fb-4000-b39c-d5fb7145433e,c4,c1,1455,?,i3,
1769091819.9084454,SENT,6862755e-8a49-4a4d-82f7-d9b9ca58cf57,6765bc29-ddd4-491c-8c0a-75b9b67dfb69,c1,c5,1457,?,i9,
1769091819.908487,FORWARDED,6862755e-8a49-4a4d-82f7-d9b9ca58cf57,6765bc29-ddd4-491c-8c0a-75b9b67dfb69,c1,c5,1457,?,i9,
1769091820.0382261,SENT,4c2a5b32-b7d6-4bed-ad43-e4431f43f0e0,4b1bf5d8-d2ca-4a13-9bf5-de8a76d78038,c4,c1,1456,?,i12,
1769091820.0382676,FORWARDED,4c2a5b32-b7d6-4bed-ad43-e4431f43f0e0,4b1bf5d8-d2ca-4a13-9bf5-de8a76d78038,c4,c1,1456,?,i12,
1769091820.2293935,RECEIVED,8f5dee78-9aef-4430-ad80-705322391bea,140eac26-f962-4b47-bc24-3687bfe8a486,c3,DROP,1453,p3,?,
1769091820.4438176,RECEIVED,eab73fd6-cb3c-4343-8e6c-32a475043fda,da79f44f-4a04-4ffa-ae3b-74dd8a268f26,c1,c5,2024,p1,?,
1769091820.468315,RECEIVED,82f461f7-8a21-49bb-9308-5f0afc4ae3f0,bf574ba1-8049-4005-a6ec-9a624eb53b15,c1,DROP,441,x2,?,
1769091820.5409915,SENT,eab73fd6-cb3c-4343-8e6c-32a475043fda,da79f44f-4a04-4ffa-ae3b-74dd8a268f26,c1,c5,1446,?,i7,
1769091820.541032,FORWARDED,eab73fd6-cb3c-4343-8e6c-32a475043fda,da79f44f-4a04-4ffa-ae3b-74dd8a268f26,c1,c5,1446,?,i7,
1769091820.5853293,SENT,8f5dee78-9aef-4430-ad80-705322391bea,140eac26-f962-4b47-bc24-3687bfe8a486,c3,DROP,1017,?,i12,
1769091820.585371,FORWARDED,8f5dee78-9aef-4430-ad80-705322391bea,140eac26-f962-4b47-bc24-3687bfe8a486,c3,DROP,1017,?,i12,
1769091820.6697903,RECEIVED,74c306b8-6df4-4f6a-afab-5038f6eca916,f34f15af-4223-4a85-80bb-c7c055851b47,c3,DROP,1443,p3,?,
1769091820.6959028,RECEIVED,8b787a37-c961-4bde-9ddd-d8923152c25c,83aefae5-e080-4fd0-b5da-18879615efbd,c1,c5,2028,p1,?,
1769091820.7405527,SENT,8b787a37-c961-4bde-9ddd-d8923152c25c,83aefae5-e080-4fd0-b5da-18879615efbd,c1,c5,1447,?,i3,
1769091820.740595,FORWARDED,8b787a37-c961-4bde-9ddd-d8923152c25c,83aefae5-e080-4fd0-b5da-18879615efbd,c1,c5,1447,?,i3,
1769091820.7437613,SENT,e88f220c-ba6d-46d4-a249-03eca001e61a,c675ce6e-585f-450a-a96c-fb3dfb95323e,c5,c4,1447,?,i9,
1769091820.7438061,FORWARDED,e88f220c-ba6d-46d4-a249-03eca001e61a,c675ce6e-585f-450a-a96c-fb3dfb95323e,c5,c4,1447,?,i9,
1769091820.955483,RECEIVED,583dd97f-6215-4ab3-ac29-819dacaebcdd,47105692-66c7-48d2-af54-ffd9f0fe5521,c3,c4,2048,p3,?,
1769091820.968554,RECEIVED,853a7717-0c2c-47e0-a498-5f15be289599,aaec8b2b-926f-4cdf-bc6e-9b1185cc1b2a,c4,c1,2044,p1,?,
1769091821.1202025,RECEIVED,9fc30561-c99e-4283-9a81-1d9f962f1805,e427b7d9-1f1c-4669-b976-4c7366e09075,c3,c4,2040,p3,?,
1769091821.1297197,SENT,583dd97f-6215-4ab3-ac29-819dacaebcdd,47105692-66c7-48d2-af54-ffd9f0fe5521,c3,c4,1464,?,i1,
1769091821.1297615,FORWARDED,583dd97f-6215-4ab3-ac29-819dacaebcdd,47105692-66c7-48d2-af54-ffd9f0fe5521,c3,c4,1464,?,i1,
1769091821.2505603,SENT,853a7717-0c2c-47e0-a498-5f15be289599,aaec8b2b-926f-4cdf-bc6e-9b1185cc1b2a,c4,c1,1459,?,i5,
1769091821.2506013,FORWARDED,853a7717-0c2c-47e0-a498-5f15be289599,aaec8b2b-926f-4cdf-bc6e-9b1185cc1b2a,c4,c1,1459,?,i5,
1769091821.2687058,RECEIVED,6504e718-57a2-46c9-8a56-f6ead22ef209,d37be991-ca0f-4f9d-a1e2-bdffc07e9047,c5,c4,2039,p2,?,
1769091821.3643868,SENT,9fc30561-c99e-4283-9a81-1d9f962f1805,e427b7d9-1f1c-4669-b976-4c7366e09075,c3,c4,1456,?,i4,
1769091821.3644297,FORWARDED,9fc30561-c99e-4283-9a81-1d9f962f1805,e427b7d9-1f1c-4669-b976-4c7366e09075,c3,c4,1456,?,i4,
1769091821.3671687,RECEIVED,358386f0-cbab-4424-b279-ae855cb7f36d,e3f39457-7a58-43fc-9223-f0cf2d5f59b2,c1,DROP,441,x4,?,
1769091821.4718764,RECEIVED,db919cfa-c92a-4c52-bf81-a18a68f7448c,f99b6f96-142b-43b1-8267-06069bfca46e,c2,c1,2048,p2,?,
1769091821.768951,RECEIVED,8906f16f-f996-41e1-b9de-174ddb8ec64a,a81ef398-2a47-451b-89e8-b2fc76b379f8,c1,c5,2039,p1,?,
1769091821.7913015,SENT,6504e718-57a2-46c9-8a56-f6ead22ef209,d37be991-ca0f-4f9d-a1e2-bdffc07e9047,c5,c4,1456,?,i4,
1769091821.7913537,FORWARDED,6504e718-57a2-46c9-8a56-f6ead22ef209,d37be991-ca0f-4f9d-a1e2-bdffc07e9047,c5,c4,1456,?,i4,
1769091821.8613396,RECEIVED,5c365814-cb02-4a40-9647-90cfb8023f9a,68547d93-689c-421c-9673-f2d5e3554143,c5,c4,2035,p2,?,
1769091822.1634924,SENT,74c306b8-6df4-4f6a-afab-5038f6eca916,f34f15af-4223-4a85-80bb-c7c055851b47,c3,DROP,1010,?,i4,
1769091822.1635354,FORWARDED,74c306b8-6df4-4f6a-afab-5038f6eca916,f34f15af-4223-4a85-80bb-c7c055851b47,c3,DROP,1010,?,i4,
1769091822.4484437,SENT,db919cfa-c92a-4c52-bf81-a18a68f7448c,f99b6f96-142b-43b1-8267-06069bfca46e,c2,c1,1464,?,i10,
1769091822.448485,FORWARDED,db919cfa-c92a-4c52-bf81-a18a68f7448c,f99b6f96-142b-43b1-8267-06069bfca46e,c2,c1,1464,?,i10,
1769091822.6580794,RECEIVED,467290f4-a736-4cac-8b71-ba26b428b93d,7475bb0f-e660-41e6-8df3-08463516fe86,c5,DROP,1452,p2,?,
1769091822.699228,RECEIVED,be4686cb-5729-42ab-a351-60ca913abc82,25f68755-dd66-4bb2-9e35-b8c66e4a87fa,c4,DROP,1440,p1,?,
1769091822.7276855,RECEIVED,0ac54072-5652-4827-9307-420a5c56f361,6309ce27-d53d-4cf7-bcab-1d791f8d8383,c2,c1,2033,p2,?,
1769091822.7299402,SENT,8906f16f-f996-41e1-b9de-174ddb8ec64a,a81ef398-2a47-451b-89e8-b2fc76b379f8,c1,c5,1456,?,i5,
1769091822.72999,FORWARDED,8906f16f-f996-41e1-b9de-174ddb8ec64a,a81ef398-2a47-451b-89e8-b2fc76b379f8,c1,c5,1456,?,i5,
1769091822.7953846,SENT,5c365814-cb02-4a40-9647-90cfb8023f9a,68547d93-689c-421c-9673-f2d5e3554143,c5,c4,1455,?,i4,
1769091822.7954273,FORWARDED,5c365814-cb02-4a40-9647-90cfb8023f9a,68547d93-689c-421c-9673-f2d5e3554143,c5,c4,1455,?,i4,
1769091822.868303,RECEIVED,af07d854-e241-4103-b828-259c022f5cc0,d02ac47a-e901-4ce9-b5bd-1940924f089d,c4,c1,2037,p1,?,
1769091822.8737745,SENT,0ac54072-5652-4827-9307-420a5c56f361,6309ce27-d53d-4cf7-bcab-1d791f8d8383,c2,c1,1452,?,i10,
1769091822.873815,FORWARDED,0ac54072-5652-4827-9307-420a5c56f361,6309ce27-d53d-4cf7-bcab-1d791f8d8383,c2,c1,1452,?,i10,
1769091822.8832579,RECEIVED,b7b3c374-2733-45be-bfcc-2cfee96b7769,9862cae0-6bb3-4970-8aa9-aa5dae97b213,c3,DROP,1444,p3,?,
1769091822.886588,SENT,be4686cb-5729-42ab-a351-60ca913abc82,25f68755-dd66-4bb2-9e35-b8c66e4a87fa,c4,DROP,1007,?,i7,
1769091822.8866313,FORWARDED,be4686cb-5729-42ab-a351-60ca913abc82,25f68755-dd66-4bb2-9e35-b8c66e4a87fa,c4,DROP,1007,?,i7,
1769091822.9303718,RECEIVED,c83e917e-1bf3-428d-94c4-fc5b0dfec693,bfe748de-f502-4426-828f-3b3503ab3720,c1,c5,2055,p1,?,
1769091822.9347959,SENT,af07d854-e241-4103-b828-259c022f5cc0,d02ac47a-e901-4ce9-b5bd-1940924f089d,c4,c1,1454,?,i10,
1769091822.9348376,FORWARDED,af07d854-e241-4103-b828-259c022f5cc0,d02ac47a-e901-4ce9-b5bd-1940924f089d,c4,c1,1454,?,i10,
1769091823.0118995,SENT,b7b3c374-2733-45be-bfcc-2cfee96b7769,9862cae0-6bb3-4970-8aa9-aa5dae97b213,c3,DROP,1009,?,i9,
1769091823.01194,FORWARDED,b7b3c374-2733-45be-bfcc-2cfee96b7769,9862cae0-6bb3-4970-8aa9-aa5dae97b213,c3,DROP,1009,?,i9,
1769091823.035398,RECEIVED,a4b241f8-3f9d-49e9-b6d5-044c260d16b3,160e2c89-80ec-4c9e-a95d-0ac8922a24d5,c1,DROP,1447,p1,?,
1769091823.0821178,SENT,c83e917e-1bf3-428d-94c4-fc5b0dfec693,bfe748de-f502-4426-828f-3b3503ab3720,c1,c5,1468,?,i3,
1769091823.0821602,FORWARDED,c83e917e-1bf3-428d-94c4-fc5b0dfec693,bfe748de-f502-4426-828f-3b3503ab3720,c1,c5,1468,?,i3,
1769091823.1949883,RECEIVED,7086a0fa-38a4-4a8d-95a2-2056a1516194,0b680d5b-2804-413b-afed-90b9f18b6bfd,c5,c4,2044,p2,?,
1769091823.3123765,SENT,467290f4-a736-4cac-8b71-ba26b428b93d,7475bb0f-e660-41e6-8df3-08463516fe86,c5,DROP,1015,?,i10,
1769091823.3124194,FORWARDED,467290f4-a736-4cac-8b71-ba26b428b93d,7475bb0f-e660-41e6-8df3-08463516fe86,c5,DROP,1015,?,i10,
1769091823.439619,RECEIVED,fe12199e-cbfd-4adc-b931-086337d814f4,f21d7539-24cb-438a-b00e-fb6c2cc55ec9,c2,c1,2041,p2,?,
1769091823.5151443,SENT,fe12199e-cbfd-4adc-b931-086337d814f4,f21d7539-24cb-438a-b00e-fb6c2cc55ec9,c2,c1,1458,?,i11,
1769091823.5151832,FORWARDED,fe12199e-cbfd-4adc-b931-086337d814f4,f21d7539-24cb-438a-b00e-fb6c2cc55ec9,c2,c1,1458,?,i11,
1769091823.5772514,RECEIVED,0205b473-8661-49dd-b088-68766a45d4b4,8fca0d29-d094-4911-883d-183e70891cd5,c1,c5,2036,p1,?,
1769091823.6530871,SENT,7086a0fa-38a4-4a8d-95a2-2056a1516194,0b680d5b-2804-413b-afed-90b9f18b6bfd,c5,c4,1460,?,i11,
1769091823.653137,FORWARDED,7086a0fa-38a4-4a8d-95a2-2056a1516194,0b680d5b-2804-413b-afed-90b9f18b6bfd,c5,c4,1460,?,i11,
1769091823.725766,SENT,0205b473-8661-49dd-b088-68766a45d4b4,8fca0d29-d094-4911-883d-183e70891cd5,c1,c5,1455,?,i3,
1769091823.725804,FORWARDED,0205b473-8661-49dd-b088-68766a45d4b4,8fca0d29-d094-4911-883d-183e70891cd5,c1,c5,1455,?,i3,
1769091823.8076816,RECEIVED,62aed023-bbbd-42a8-896a-d83b42867cff,aa9ceefb-7f49-43d6-a82e-23d3c1ad3748,c4,DROP,1455,p1,?,
1769091823.8197825,RECEIVED,bb70d5df-f1bc-4673-89ea-0c1a22ee77b9,925a51f9-9229-48c0-afe9-9e3aa753fdcd,c2,c1,2039,p2,?,
1769091823.9814062,RECEIVED,73ddec65-3069-4196-8e7d-be2154fbc5aa,c0ae4b73-2a98-4596-b1c7-ecbf3d7f15f9,c3,c4,2028,p3,?,
1769091823.9964972,RECEIVED,e47a15a7-b21b-48d8-9edb-853fe07b8838,757a4ba9-2cf6-4a13-be48-7469551634e0,c3,c4,2056,p3,?,
1769091824.1603653,SENT,73ddec65-3069-4196-8e7d-be2154fbc5aa,c0ae4b73-2a98-4596-b1c7-ecbf3d7f15f9,c3,c4,1448,?,i8,
1769091824.1604087,FORWARDED,73ddec65-3069-4196-8e7d-be2154fbc5aa,c0ae4b73-2a98-4596-b1c7-ecbf3d7f15f9,c3,c4,1448,?,i8,
1769091824.2243235,RECEIVED,94b626fc-53e0-40e9-b5b9-dd23276c2978,5572eddd-e963-4be0-bbf4-346bb2db7ba7,c4,DROP,1457,p1,?,
1769091824.26317,SENT,a4b241f8-3f9d-49e9-b6d5-044c260d16b3,160e2c89-80ec-4c9e-a95d-0ac8922a24d5,c1,DROP,1012,?,i3,
1769091824.263211,FORWARDED,a4b241f8-3f9d-49e9-b6d5-044c260d16b3,160e2c89-80ec-4c9e-a95d-0ac8922a24d5,c1,DROP,1012,?,i3,
1769091824.3773665,SENT,94b626fc-53e0-40e9-b5b9-dd23276c2978,5572eddd-e963-4be0-bbf4-346bb2db7ba7,c4,DROP,1019,?,i10,
1769091824.3774085,FORWARDED,94b626fc-53e0-40e9-b5b9-dd23276c2978,5572eddd-e963-4be0-bbf4-346bb2db7ba7,c4,DROP,1019,?,i10,
1769091824.3964648,SENT,bb70d5df-f1bc-4673-89ea-0c1a22ee77b9,925a51f9-9229-48c0-afe9-9e3aa753fdcd,c2,c1,1457,?,i8,
1769091824.3965168,FORWARDED,bb70d5df-f1bc-4673-89ea-0c1a22ee77b9,925a51f9-9229-48c0-afe9-9e3aa753fdcd,c2,c1,1457,?,i8,
1769091824.426531,RECEIVED,751967f0-c1ae-4864-80df-acb06f7b1eb8,ea9206e2-ab24-4e18-9f76-04a3780ea1f1,c2,DROP,1455,p2,?,
1769091824.6309144,SENT,62aed023-bbbd-42a8-896a-d83b42867cff,aa9ceefb-7f49-43d6-a82e-23d3c1ad3748,c4,DROP,1019,?,i4,
1769091824.630963,FORWARDED,62aed023-bbbd-42a8-896a-d83b42867cff,aa9ceefb-7f49-43d6-a82e-23d3c1ad3748,c4,DROP,1019,?,i4,
1769091824.680855,RECEIVED,1481cec1-9918-4caf-b50a-6cff7d45cb91,180cef12-866e-4b31-bc37-c51325d46360,c3,DROP,1460,p3,?,
1769091824.7824411,RECEIVED,04212f0a-43a7-47f7-a769-edcccc33d136,06172bdb-b9a7-4565-abc2-0f380beb7ec1,c4,c1,2049,p1,?,
1769091824.8403797,SENT,04212f0a-43a7-47f7-a769-edcccc33d136,06172bdb-b9a7-4565-abc2-0f380beb7ec1,c4,c1,1464,?,i7,
1769091824.840423,FORWARDED,04212f0a-43a7-47f7-a769-edcccc33d136,06172bdb-b9a7-4565-abc2-0f380beb7ec1,c4,c1,1464,?,i7,
1769091825.0785239,SENT,e47a15a7-b21b-48d8-9edb-853fe07b8838,757a4ba9-2cf6-4a13-be48-7469551634e0,c3,c4,1468,?,i12,
1769091825.07857,FORWARDED,e47a15a7-b21b-48d8-9edb-853fe07b8838,757a4ba9-2cf6-4a13-be48-7469551634e0,c3,c4,1468,?,i12,
1769091825.1006212,RECEIVED,88a30a19-c3bb-4193-b49d-258ef66d12e5,249a0e31-c318-45fe-9415-72210de88280,c3,c4,2036,p3,?,
1769091825.1317225,RECEIVED,f8ae6f54-4dc4-47f8-ab34-637c19b0b730,ccc966a5-872b-41c9-af1c-23bd4c433412,c1,c5,2024,p1,?,
1769091825.1465602,SENT,1481cec1-9918-4caf-b50a-6cff7d45cb91,180cef12-866e-4b31-bc37-c51325d46360,c3,DROP,1021,?,i11,
1769091825.1466022,FORWARDED,1481cec1-9918-4caf-b50a-6cff7d45cb91,180cef12-866e-4b31-bc37-c51325d46360,c3,DROP,1021,?,i11,
1769091825.2560422,RECEIVED,830071de-1216-489d-83b8-2f84c9834b3b,e90efde9-53e5-4061-a0cd-d34a9964ee7c,c5,c4,2035,p2,?,
1769091825.2755308,SENT,88a30a19-c3bb-4193-b49d-258ef66d12e5,249a0e31-c318-45fe-9415-72210de88280,c3,c4,1454,?,i1,
1769091825.27557,FORWARDED,88a30a19-c3bb-4193-b49d-258ef66d12e5,249a0e31-c318-45fe-9415-72210de88280,c3,c4,1454,?,i1,
1769091825.3366532,SENT,f8ae6f54-4dc4-47f8-ab34-637c19b0b730,ccc966a5-872b-41c9-af1c-23bd4c433412,c1,c5,1444,?,i1,
1769091825.3366947,FORWARDED,f8ae6f54-4dc4-47f8-ab34-637c19b0b730,ccc966a5-872b-41c9-af1c-23bd4c433412,c1,c5,1444,?,i1,
1769091825.353985,SENT,751967f0-c1ae-4864-80df-acb06f7b1eb8,ea9206e2-ab24-4e18-9f76-04a3780ea1f1,c2,DROP,1020,?,i7,
1769091825.3540258,FORWARDED,751967f0-c1ae-4864-80df-acb06f7b1eb8,ea9206e2-ab24-4e18-9f76-04a3780ea1f1,c2,DROP,1020,?,i7,
1769091825.4452085,RECEIVED,f501cae1-3d13-439d-83e0-870143206497,aed7df4d-cbe1-49d6-99f5-442bba32d2a8,c5,c4,2021,p2,?,
1769091825.6321094,SENT,f501cae1-3d13-439d-83e0-870143206497,aed7df4d-cbe1-49d6-99f5-442bba32d2a8,c5,c4,1443,?,i10,
1769091825.6321468,FORWARDED,f501cae1-3d13-439d-83e0-870143206497,aed7df4d-cbe1-49d6-99f5-442bba32d2a8,c5,c4,1443,?,i10,
1769091825.7288468,SENT,830071de-1216-489d-83b8-2f84c9834b3b,e90efde9-53e5-4061-a0cd-d34a9964ee7c,c5,c4,1455,?,i9,
1769091825.72889,FORWARDED,830071de-1216-489d-83b8-2f84c9834b3b,e90efde9-53e5-4061-a0cd-d34a9964ee7c,c5,c4,1455,?,i9,
1769091825.8872218,RECEIVED,6ec5f385-12db-43b3-a7b2-5590bbb02ccb,d926794c-cdab-4c2d-b8d3-87e236b4feaf,c4,DROP,1443,p1,?,
1769091826.196131,RECEIVED,5976e014-39fc-49fd-8004-da5015b4d961,74aa382a-2b77-4890-b0d8-c1fdc6018850,c2,DROP,1459,p2,?,
1769091826.2151623,SENT,6ec5f385-12db-43b3-a7b2-5590bbb02ccb,d926794c-cdab-4c2d-b8d3-87e236b4feaf,c4,DROP,1011,?,i8,
1769091826.2151997,FORWARDED,6ec5f385-12db-43b3-a7b2-5590bbb02ccb,d926794c-cdab-4c2d-b8d3-87e236b4feaf,c4,DROP,1011,?,i8,
1769091826.264333,RECEIVED,2d5db31f-6744-4d6f-a62c-3b4daa2e2c05,dce98a54-4a4c-41d7-a78a-6f61884afab3,c1,c5,2040,p1,?,
1769091826.277126,RECEIVED,bd7944b8-dfa7-41ac-a5be-7147bc4c50ea,c68e17f6-955d-4ba1-be18-4df4f3b78cfa,c5,c4,2041,p2,?,
1769091826.3220024,SENT,bd7944b8-dfa7-41ac-a5be-7147bc4c50ea,c68e17f6-955d-4ba1-be18-4df4f3b78cfa,c5,c4,1457,?,i2,
1769091826.322037,FORWARDED,bd7944b8-dfa7-41ac-a5be-7147bc4c50ea,c68e17f6-955d-4ba1-be18-4df4f3b78cfa,c5,c4,1457,?,i2,
1769091826.3389444,RECEIVED,4475765a-bcab-45aa-805e-e58cbb3f0ec8,9ad8f106-a69b-486c-8093-91850ff6f4d4,c5,c4,2041,p2,?,
1769091826.5332985,SENT,4475765a-bcab-45aa-805e-e58cbb3f0ec8,9ad8f106-a69b-486c-8093-91850ff6f4d4,c5,c4,1457,?,i11,
1769091826.5333397,FORWARDED,4475765a-bcab-45aa-805e-e58cbb3f0ec8,9ad8f106-a69b-486c-8093-91850ff6f4d4,c5,c4,1457,?,i11,
1769091826.5657465,SENT,5976e014-39fc-49fd-8004-da5015b4d961,74aa382a-2b77-4890-b0d8-c1fdc6018850,c2,DROP,1022,?,i8,
1769091826.5657892,FORWARDED,5976e014-39fc-49fd-8004-da5015b4d961,74aa382a-2b77-4890-b0d8-c1fdc6018850,c2,DROP,1022,?,i8,
1769091826.7143092,RECEIVED,4c06a947-e500-44bf-a42d-aeb66c9b190e,64750ee6-2c1e-4103-b794-4cf52f96ffd9,c5,c4,2024,p2,?,
1769091826.828842,SENT,2d5db31f-6744-4d6f-a62c-3b4daa2e2c05,dce98a54-4a4c-41d7-a78a-6f61884afab3,c1,c5,1457,?,i12,
1769091826.8288894,FORWARDED,2d5db31f-6744-4d6f-a62c-3b4daa2e2c05,dce98a54-4a4c-41d7-a78a-6f61884afab3,c1,c5,1457,?,i12,
1769091826.8487294,RECEIVED,5fd35486-8687-40ac-9fb8-0065a7eb9813,f4d6d944-09b4-4042-85a1-87ef4241976a,c3,c4,2045,p3,?,
1769091826.9235864,RECEIVED,d8e4cb39-021d-447f-a855-f357c1b65aa9,4ddf0a8c-8a0e-4aba-a67d-96aa984b2a3e,c1,DROP,440,x6,?,
1769091826.9340088,SENT,5fd35486-8687-40ac-9fb8-0065a7eb9813,f4d6d944-09b4-4042-85a1-87ef4241976a,c3,c4,1459,?,i10,
1769091826.9341054,FORWARDED,5fd35486-8687-40ac-9fb8-0065a7eb9813,f4d6d944-09b4-4042-85a1-87ef4241976a,c3,c4,1459,?,i10,
1769091826.9524398,RECEIVED,a2e070cb-df47-40f8-afee-6cf939864d01,7a069089-cb8f-46e5-a52e-61c453c8e231,c1,DROP,1464,p1,?,
1769091826.9865184,RECEIVED,e131dbcd-74fe-4965-b922-40b4495424e7,023034ee-d503-403b-a373-0e5e54b838d0,c1,c5,2037,p1,?,
1769091827.0363476,SENT,e131dbcd-74fe-4965-b922-40b4495424e7,023034ee-d503-403b-a373-0e5e54b838d0,c1,c5,1454,?,i10,
1769091827.0363886,FORWARDED,e131dbcd-74fe-4965-b922-40b4495424e7,023034ee-d503-403b-a373-0e5e54b838d0,c1,c5,1454,?,i10,
1769091827.1536481,RECEIVED,f52369bf-7bcb-496f-ba07-89f7f36faa79,555c4127-0a1c-4fe8-89ac-c0f9a9985178,c4,c1,2031,p1,?,
1769091827.1682334,RECEIVED,d6a70df5-256a-4b5b-9193-2735bcbe9cce,b4f195cb-6fea-4290-8dbf-b0f7b1b214fb,c2,DROP,1455,p2,?,
1769091827.1696777,SENT,a2e070cb-df47-40f8-afee-6cf939864d01,7a069089-cb8f-46e5-a52e-61c453c8e231,c1,DROP,1024,?,i9,
1769091827.1697178,FORWARDED,a2e070cb-df47-40f8-afee-6cf939864d01,7a069089-cb8f-46e5-a52e-61c453c8e231,c1,DROP,1024,?,i9,
1769091827.2231479,RECEIVED,14cddec2-1aa7-4fe6-912e-b6138ca3ae26,2ba7802f-4359-458e-88bf-7c8d24c69c07,c1,c5,2026,p1,?,
1769091827.2318275,RECEIVED,6cd6f84e-44fd-4006-bd39-20cdea84d3ab,2e336863-7eee-45ad-a769-9deec373c35e,c1,c5,2013,p1,?,
1769091827.3505135,RECEIVED,fe8c7191-438a-49ed-b8cf-aa59259cc9e6,6418df33-4528-496d-b63f-ed9c77c64aab,c4,c1,2048,p1,?,
1769091827.4189298,RECEIVED,30328909-9e8a-4e39-a1c3-ad8fa358b6fa,d6269541-2401-46df-904e-544352ee990b,c4,c1,2024,p1,?,
1769091827.422593,SENT,f52369bf-7bcb-496f-ba07-89f7f36faa79,555c4127-0a1c-4fe8-89ac-c0f9a9985178,c4,c1,1451,?,i3,
1769091827.422632,FORWARDED,f52369bf-7bcb-496f-ba07-89f7f36faa79,555c4127-0a1c-4fe8-89ac-c0f9a9985178,c4,c1,1451,?,i3,
1769091827.635273,RECEIVED,6089fc90-5454-47b1-81a9-5055e1dae2ba,572e81b3-9a95-48cc-aafc-1d27405fcb5a,c2,DROP,1464,p2,?,
1769091827.676444,SENT,4c06a947-e500-44bf-a42d-aeb66c9b190e,64750ee6-2c1e-4103-b794-4cf52f96ffd9,c5,c4,1444,?,i11,
1769091827.6764867,FORWARDED,4c06a947-e500-44bf-a42d-aeb66c9b190e,64750ee6-2c1e-4103-b794-4cf52f96ffd9,c5,c4,1444,?,i11,
1769091827.7547493,SENT,6089fc90-5454-47b1-81a9-5055e1dae2ba,572e81b3-9a95-48cc-aafc-1d27405fcb5a,c2,DROP,1024,?,i8,
1769091827.7553332,FORWARDED,6089fc90-5454-47b1-81a9-5055e1dae2ba,572e81b3-9a95-48cc-aafc-1d27405fcb5a,c2,DROP,1024,?,i8,
1769091828.0621457,RECEIVED,ed7276e0-622f-4edc-b5b0-8ef8e0b622df,54bfe810-f0e8-44b7-9c2e-2bf7ca0522f5,c1,DROP,441,x6,?,
1769091828.1580427,SENT,d6a70df5-256a-4b5b-9193-2735bcbe9cce,b4f195cb-6fea-4290-8dbf-b0f7b1b214fb,c2,DROP,1020,?,i4,
1769091828.1580946,FORWARDED,d6a70df5-256a-4b5b-9193-2735bcbe9cce,b4f195cb-6fea-4290-8dbf-b0f7b1b214fb,c2,DROP,1020,?,i4,
1769091828.231773,SENT,30328909-9e8a-4e39-a1c3-ad8fa358b6fa,d6269541-2401-46df-904e-544352ee990b,c4,c1,1446,?,i12,
1769091828.231818,FORWARDED,30328909-9e8a-4e39-a1c3-ad8fa358b6fa,d6269541-2401-46df-904e-544352ee990b,c4,c1,1446,?,i12,
1769091828.295321,SENT,fe8c7191-438a-49ed-b8cf-aa59259cc9e6,6418df33-4528-496d-b63f-ed9c77c64aab,c4,c1,1463,?,i12,
1769091828.2953644,FORWARDED,fe8c7191-438a-49ed-b8cf-aa59259cc9e6,6418df33-4528-496d-b63f-ed9c77c64aab,c4,c1,1463,?,i12,
1769091828.5763981,SENT,6cd6f84e-44fd-4006-bd39-20cdea84d3ab,2e336863-7eee-45ad-a769-9deec373c35e,c1,c5,1439,?,i8,
1769091828.5764382,FORWARDED,6cd6f84e-44fd-4006-bd39-20cdea84d3ab,2e336863-7eee-45ad-a769-9deec373c35e,c1,c5,1439,?,i8,
1769091828.6211836,RECEIVED,45b6bd93-0fd2-4b64-9fd8-c5b1d62a97d5,2f277e2b-41ee-4fd9-8e20-c1f2115cc013,c1,c5,2044,p1,?,
1769091828.678244,RECEIVED,ebb9a65d-968f-4143-b1ef-f6154e09e4ae,096b3da4-15e7-45a5-ba61-af0481b2891f,c5,c4,2032,p2,?,
1769091828.6806886,SENT,45b6bd93-0fd2-4b64-9fd8-c5b1d62a97d5,2f277e2b-41ee-4fd9-8e20-c1f2115cc013,c1,c5,1460,?,i2,
1769091828.680727,FORWARDED,45b6bd93-0fd2-4b64-9fd8-c5b1d62a97d5,2f277e2b-41ee-4fd9-8e20-c1f2115cc013,c1,c5,1460,?,i2,
1769091828.7255008,RECEIVED,e78af094-2bad-45dd-8828-61e231dbdb7d,2d73bd43-4c6b-4e46-8d7a-9d5433fd6dbb,c3,c4,2035,p3,?,
1769091828.7725663,RECEIVED,22932618-9217-4c87-8756-c27642a30175,57b57a03-9a1d-42c9-a0d9-67db7fb646c4,c5,c4,2031,p2,?,
1769091828.9766815,RECEIVED,d1f07b89-21cf-4c9d-82f4-30961deadfe6,5a62cd54-6d62-45ad-980b-ff4228d07ed0,c1,c5,2039,p1,?,
1769091829.0053837,RECEIVED,ac1675eb-ffff-4178-b349-92381877612a,ace49faa-5259-44a5-b509-6699aea797df,c4,c1,2052,p1,?,
1769091829.0847304,RECEIVED,b0d618c2-8ff2-44b1-85bc-2804410039ca,ec5c84ac-3c03-4920-9fca-4158856401cc,c2,DROP,1463,p2,?,
1769091829.097658,SENT,ac1675eb-ffff-4178-b349-92381877612a,ace49faa-5259-44a5-b509-6699aea797df,c4,c1,1465,?,i1,
1769091829.0976915,FORWARDED,ac1675eb-ffff-4178-b349-92381877612a,ace49faa-5259-44a5-b509-6699aea797df,c4,c1,1465,?,i1,
1769091829.1581316,FORWARDED,ebb9a65d-968f-4143-b1ef-f6154e09e4ae,096b3da4-15e7-45a5-ba61-af0481b2891f,c5,c4,1451,?,i6,
1769091829.182241,SENT,e78af094-2bad-45dd-8828-61e231dbdb7d,2d73bd43-4c6b-4e46-8d7a-9d5433fd6dbb,c3,c4,1455,?,i2,
1769091829.1822884,FORWARDED,e78af094-2bad-45dd-8828-61e231dbdb7d,2d73bd43-4c6b-4e46-8d7a-9d5433fd6dbb,c3,c4,1455,?,i2,
1769091829.3951821,SENT,d1f07b89-21cf-4c9d-82f4-30961deadfe6,5a62cd54-6d62-45ad-980b-ff4228d07ed0,c1,c5,1457,?,i7,
1769091829.3952215,FORWARDED,d1f07b89-21cf-4c9d-82f4-30961deadfe6,5a62cd54-6d62-45ad-980b-ff4228d07ed0,c1,c5,1457,?,i7,
1769091829.578206,RECEIVED,6d1bffa7-cc96-4b1b-b3ce-dee109107991,21fd1543-4f0e-4354-b669-ef22a5be42a2,c1,c5,2035,p1,?,
1769091829.6714172,RECEIVED,69056c93-2ada-40ad-909b-cb0595d3f308,d93e0f0e-6c2f-486b-9291-b21139d90b19,c5,DROP,440,x10,?,
1769091829.7516146,RECEIVED,356b53fe-d415-414f-afdc-3954f00cd897,e64a607a-6dd1-40ce-b854-5b9c8da9b259,c4,DROP,1451,p1,?,
1769091829.7931473,SENT,22932618-9217-4c87-8756-c27642a30175,57b57a03-9a1d-42c9-a0d9-67db7fb646c4,c5,c4,1451,?,i5,
1769091829.793189,FORWARDED,22932618-9217-4c87-8756-c27642a30175,57b57a03-9a1d-42c9-a0d9-67db7fb646c4,c5,c4,1451,?,i5,
1769091829.8479164,SENT,b0d618c2-8ff2-44b1-85bc-2804410039ca,ec5c84ac-3c03-4920-9fca-4158856401cc,c2,DROP,1024,?,i2,
1769091829.8479693,FORWARDED,b0d618c2-8ff2-44b1-85bc-2804410039ca,ec5c84ac-3c03-4920-9fca-4158856401cc,c2,DROP,1024,?,i2,
1769091829.854778,SENT,6d1bffa7-cc96-4b1b-b3ce-dee109107991,21fd1543-4f0e-4354-b669-ef22a5be42a2,c1,c5,1455,?,i1,
1769091829.8549638,FORWARDED,6d1bffa7-cc96-4b1b-b3ce-dee109107991,21fd1543-4f0e-4354-b669-ef22a5be42a2,c1,c5,1455,?,i1,
1769091829.9633064,RECEIVED,48c62ef3-1031-43ac-99a3-b61aa95f4222,d4274b2f-7b7d-4269-a09a-5c13d50ddd2e,c3,c4,2049,p3,?,
1769091829.977415,SENT,14cddec2-1aa7-4fe6-912e-b6138ca3ae26,2ba7802f-4359-458e-88bf-7c8d24c69c07,c1,c5,1448,?,i5,
1769091829.9774582,FORWARDED,14cddec2-1aa7-4fe6-912e-b6138ca3ae26,2ba7802f-4359-458e-88bf-7c8d24c69c07,c1,c5,1448,?,i5,
1769091830.0190828,RECEIVED,afa81a6e-265d-4ade-94d4-ee2a5312736a,b355d27f-2acf-48e1-bf9a-5a48b2c71c58,c4,c1,2028,p1,?,
1769091830.0610607,SENT,48c62ef3-1031-43ac-99a3-b61aa95f4222,d4274b2f-7b7d-4269-a09a-5c13d50ddd2e,c3,c4,1463,?,i11,
1769091830.0611036,FORWARDED,48c62ef3-1031-43ac-99a3-b61aa95f4222,d4274b2f-7b7d-4269-a09a-5c13d50ddd2e,c3,c4,1463,?,i11,
1769091830.1164658,RECEIVED,ad0eaefe-7d99-448a-9952-7561c507a72d,a98777f2-d426-4b40-b9b5-6e0004c24198,c1,DROP,1440,p1,?,
1769091830.1372435,SENT,afa81a6e-265d-4ade-94d4-ee2a5312736a,b355d27f-2acf-48e1-bf9a-5a48b2c71c58,c4,c1,1447,?,i1,
1769091830.1372843,FORWARDED,afa81a6e-265d-4ade-94d4-ee2a5312736a,b355d27f-2acf-48e1-bf9a-5a48b2c71c58,c4,c1,1447,?,i1,
1769091830.1477013,RECEIVED,091af14a-67aa-4577-ab49-e0946614abd4,ab272ce3-356d-4d80-ba58-ee2a22bf26d6,c5,c4,2028,p2,?,
1769091830.2442405,RECEIVED,103c009e-1e3d-4b13-944d-60258ea2402b,7c057daa-ae55-4da3-a8d9-1a4912575c71,c1,DROP,1450,p1,?,
1769091830.252992,SENT,ad0eaefe-7d99-448a-9952-7561c507a72d,a98777f2-d426-4b40-b9b5-6e0004c24198,c1,DROP,1008,?,i7,
1769091830.253027,FORWARDED,ad0eaefe-7d99-448a-9952-7561c507a72d,a98777f2-d426-4b40-b9b5-6e0004c24198,c1,DROP,1008,?,i7,
1769091830.2602649,SENT,103c009e-1e3d-4b13-944d-60258ea2402b,7c057daa-ae55-4da3-a8d9-1a4912575c71,c1,DROP,1012,?,i10,
1769091830.2603076,FORWARDED,103c009e-1e3d-4b13-944d-60258ea2402b,7c057daa-ae55-4da3-a8d9-1a4912575c71,c1,DROP,1012,?,i10,
1769091830.2839155,RECEIVED,d33b3d68-92b4-4cd0-86d2-069d9967c3e2,e34a3ad4-e73c-4b56-99a8-0dc6285e9d33,c5,DROP,1442,p2,?,
1769091830.3474612,SENT,091af14a-67aa-4577-ab49-e0946614abd4,ab272ce3-356d-4d80-ba58-ee2a22bf26d6,c5,c4,1448,?,i5,
1769091830.3475032,FORWARDED,091af14a-67aa-4577-ab49-e0946614abd4,ab272ce3-356d-4d80-ba58-ee2a22bf26d6,c5,c4,1448,?,i5,
1769091830.3772328,RECEIVED,4470f696-8d77-490b-9c03-0cd9013d0c5b,f1a849d7-4b14-4da2-ba4c-11370f6f2718,c1,c5,2027,p1,?,
1769091830.519774,RECEIVED,c06e57eb-9a2c-4db7-8c5c-43e892d86d78,2a3d9752-e380-4451-b86c-552ca893deb4,c3,c4,2040,p3,?,
1769091830.5343177,RECEIVED,63951c6d-116b-4ab2-bcbb-397c6bf4b634,9545ad4b-d430-4db8-b4bb-1636b3b3c6da,c4,c1,2041,p1,?,
1769091830.6313908,SENT,4470f696-8d77-490b-9c03-0cd9013d0c5b,f1a849d7-4b14-4da2-ba4c-11370f6f2718,c1,c5,1447,?,i5,
1769091830.6314287,FORWARDED,4470f696-8d77-490b-9c03-0cd9013d0c5b,f1a849d7-4b14-4da2-ba4c-11370f6f2718,c1,c5,1447,?,i5,
1769091830.6809425,SENT,63951c6d-116b-4ab2-bcbb-397c6bf4b634,9545ad4b-d430-4db8-b4bb-1636b3b3c6da,c4,c1,1456,?,i12,
1769091830.6809888,FORWARDED,63951c6d-116b-4ab2-bcbb-397c6bf4b634,9545ad4b-d430-4db8-b4bb-1636b3b3c6da,c4,c1,1456,?,i12,
1769091830.7146866,RECEIVED,e22641bd-f1ee-4c24-9bf4-d090710bd747,b77d5ae6-e087-4f3c-88c8-2d12d4dc2a84,c4,c1,2055,p1,?,
1769091830.7327683,RECEIVED,a91082f5-2be3-4893-a3ff-dd49187b427d,e4e91f31-7664-4214-95a6-e3b032c43a5f,c4,c1,2044,p1,?,
1769091830.7957911,RECEIVED,2f9733af-259d-4ab5-aba2-39f27b76e64e,12c50058-e316-42f2-92c5-03c2fd32bb9a,c5,DROP,1443,p2,?,
1769091830.890566,RECEIVED,79e9a2d4-37e3-4706-9ab2-854dc9efd69c,3dc708b7-ca91-4dc9-84c8-4b20d7592f99,c1,c5,2040,p1,?,
1769091830.9313567,SENT,a91082f5-2be3-4893-a3ff-dd49187b427d,e4e91f31-7664-4214-95a6-e3b032c43a5f,c4,c1,1460,?,i5,
1769091830.9313989,FORWARDED,a91082f5-2be3-4893-a3ff-dd49187b427d,e4e91f31-7664-4214-95a6-e3b032c43a5f,c4,c1,1460,?,i5,
1769091831.0431063,SENT,79e9a2d4-37e3-4706-9ab2-854dc9efd69c,3dc708b7-ca91-4dc9-84c8-4b20d7592f99,c1,c5,1456,?,i3,
1769091831.0431497,FORWARDED,79e9a2d4-37e3-4706-9ab2-854dc9efd69c,3dc708b7-ca91-4dc9-84c8-4b20d7592f99,c1,c5,1456,?,i3,
1769091831.3978963,SENT,d33b3d68-92b4-4cd0-86d2-069d9967c3e2,e34a3ad4-e73c-4b56-99a8-0dc6285e9d33,c5,DROP,1009,?,i9,
1769091831.397939,FORWARDED,d33b3d68-92b4-4cd0-86d2-069d9967c3e2,e34a3ad4-e73c-4b56-99a8-0dc6285e9d33,c5,DROP,1009,?,i9,
1769091831.6032486,SENT,356b53fe-d415-414f-afdc-3954f00cd897,e64a607a-6dd1-40ce-b854-5b9c8da9b259,c4,DROP,1015,?,i4,
1769091831.6032963,FORWARDED,356b53fe-d415-414f-afdc-3954f00cd897,e64a607a-6dd1-40ce-b854-5b9c8da9b259,c4,DROP,1015,?,i4,
1769091831.6212955,FORWARDED,2f9733af-259d-4ab5-aba2-39f27b76e64e,12c50058-e316-42f2-92c5-03c2fd32bb9a,c5,DROP,1009,?,i6,
1769091831.7478027,RECEIVED,769fb0b1-8e10-432c-98c1-cb011817fcab,afae4afa-c1d3-4dcb-9e26-9bfcf8c8fedc,c2,DROP,445,x9,?,
1769091831.8046317,SENT,c06e57eb-9a2c-4db7-8c5c-43e892d86d78,2a3d9752-e380-4451-b86c-552ca893deb4,c3,c4,1457,?,i11,
1769091831.804672,FORWARDED,c06e57eb-9a2c-4db7-8c5c-43e892d86d78,2a3d9752-e380-4451-b86c-552ca893deb4,c3,c4,1457,?,i11,
1769091831.9939787,SENT,e22641bd-f1ee-4c24-9bf4-d090710bd747,b77d5ae6-e087-4f3c-88c8-2d12d4dc2a84,c4,c1,1468,?,i5,
1769091831.9940178,FORWARDED,e22641bd-f1ee-4c24-9bf4-d090710bd747,b77d5ae6-e087-4f3c-88c8-2d12d4dc2a84,c4,c1,1468,?,i5,
1769091832.0509222,RECEIVED,0c4dfc4d-ac7f-4b30-95d0-81b8d146ced4,712e7cec-6d9c-43fe-9c9d-7ae90861e250,c2,c1,2032,p2,?,
1769091832.1121528,RECEIVED,1d948173-06ee-4cae-8f05-8e92e3efe213,3f5b587e-d79e-4b51-8790-a27b45906355,c2,DROP,1448,p2,?,
1769091832.1451156,RECEIVED,7de00dd8-01f8-4594-8186-62345c90e7b8,351933c6-cbba-4405-b814-2be3c08c95a2,c1,c5,2027,p1,?,
1769091832.204182,SENT,1d948173-06ee-4cae-8f05-8e92e3efe213,3f5b587e-d79e-4b51-8790-a27b45906355,c2,DROP,1012,?,i4,
1769091832.2042618,FORWARDED,1d948173-06ee-4cae-8f05-8e92e3efe213,3f5b587e-d79e-4b51-8790-a27b45906355,c2,DROP,1012,?,i4,
1769091832.3255801,SENT,0c4dfc4d-ac7f-4b30-95d0-81b8d146ced4,712e7cec-6d9c-43fe-9c9d-7ae90861e250,c2,c1,1451,?,i3,
1769091832.3256311,FORWARDED,0c4dfc4d-ac7f-4b30-95d0-81b8d146ced4,712e7cec-6d9c-43fe-9c9d-7ae90861e250,c2,c1,1451,?,i3,
1769091832.4128535,RECEIVED,02263bb4-5ffe-42d3-a61e-3e58d25fbac9,745ae791-a473-4e36-aa8a-c03218684492,c5,c4,2035,p2,?,
1769091832.4268067,RECEIVED,94251205-05d5-4e33-8eae-b56d42199fa1,43783887-ec92-4226-99c5-cd8b3a614f0e,c5,DROP,1447,p2,?,
1769091832.6749604,SENT,7de00dd8-01f8-4594-8186-62345c90e7b8,351933c6-cbba-4405-b814-2be3c08c95a2,c1,c5,1447,?,i7,
1769091832.6750011,FORWARDED,7de00dd8-01f8-4594-8186-62345c90e7b8,351933c6-cbba-4405-b814-2be3c08c95a2,c1,c5,1447,?,i7,
1769091832.7420776,SENT,94251205-05d5-4e33-8eae-b56d42199fa1,43783887-ec92-4226-99c5-cd8b3a614f0e,c5,DROP,1012,?,i9,
1769091832.742122,FORWARDED,94251205-05d5-4e33-8eae-b56d42199fa1,43783887-ec92-4226-99c5-cd8b3a614f0e,c5,DROP,1012,?,i9,
1769091832.7588785,RECEIVED,dea26515-a17e-4c95-9e84-7886ca970ff9,8f085936-8d14-4876-9010-1bc22bf1cad5,c2,DROP,1451,p2,?,
1769091832.8017693,RECEIVED,8e2a898c-bc7e-498a-a09d-5cdb1baf87ce,78a923d6-c4fb-43e5-991f-02d72650453d,c4,DROP,445,x12,?,
1769091833.0151904,RECEIVED,67068750-7514-4baf-8466-6e3d97666128,b30f7bff-247f-470e-a987-b53bf369c7f4,c4,DROP,1452,p1,?,
1769091833.2186525,SENT,02263bb4-5ffe-42d3-a61e-3e58d25fbac9,745ae791-a473-4e36-aa8a-c03218684492,c5,c4,1455,?,i1,
1769091833.2186942,FORWARDED,02263bb4-5ffe-42d3-a61e-3e58d25fbac9,745ae791-a473-4e36-aa8a-c03218684492,c5,c4,1455,?,i1,
1769091833.3554974,SENT,dea26515-a17e-4c95-9e84-7886ca970ff9,8f085936-8d14-4876-9010-1bc22bf1cad5,c2,DROP,1015,?,i1,
1769091833.3555396,FORWARDED,dea26515-a17e-4c95-9e84-7886ca970ff9,8f085936-8d14-4876-9010-1bc22bf1cad5,c2,DROP,1015,?,i1,
1769091833.3701713,SENT,67068750-7514-4baf-8466-6e3d97666128,b30f7bff-247f-470e-a987-b53bf369c7f4,c4,DROP,1015,?,i4,
1769091833.3702126,FORWARDED,67068750-7514-4baf-8466-6e3d97666128,b30f7bff-247f-470e-a987-b53bf369c7f4,c4,DROP,1015,?,i4,
1769091833.4302604,RECEIVED,23704464-5b0b-4661-a5fd-32f432b6cb91,f526ba90-8c00-4b5a-818e-f34876a1242c,c5,c4,2032,p2,?,
1769091833.5183518,RECEIVED,baad9f6c-b2f5-4daf-aa2e-090c4304865c,99c473c8-014f-400a-b8c7-3db704c8d48d,c4,c1,2036,p1,?,
1769091833.6520278,SENT,23704464-5b0b-4661-a5fd-32f432b6cb91,f526ba90-8c00-4b5a-818e-f34876a1242c,c5,c4,1452,?,i3,
1769091833.652082,FORWARDED,23704464-5b0b-4661-a5fd-32f432b6cb91,f526ba90-8c00-4b5a-818e-f34876a1242c,c5,c4,1452,?,i3,
1769091833.6550725,RECEIVED,923dfc95-5ee5-4008-bb86-1ab89cce4f06,de22134b-4cfd-46a5-b54c-7f1181361e38,c3,DROP,1455,p3,?,
1769091833.733878,RECEIVED,55748418-350a-4b3f-b9f8-dd0fc8d210e7,bbf7c3c9-304f-4f5b-8600-a287840f48dd,c4,c1,2045,p1,?,
1769091833.8360162,FORWARDED,baad9f6c-b2f5-4daf-aa2e-090c4304865c,99c473c8-014f-400a-b8c7-3db704c8d48d,c4,c1,1455,?,i6,
1769091833.9279294,SENT,55748418-350a-4b3f-b9f8-dd0fc8d210e7,bbf7c3c9-304f-4f5b-8600-a287840f48dd,c4,c1,1460,?,i10,
1769091833.9279723,FORWARDED,55748418-350a-4b3f-b9f8-dd0fc8d210e7,bbf7c3c9-304f-4f5b-8600-a287840f48dd,c4,c1,1460,?,i10,
1769091833.976143,RECEIVED,161ca645-5c2d-40d4-9779-94b920d5602a,2989be8c-770c-4f59-91a7-18b32290bcc0,c5,DROP,1448,p2,?,
1769091834.0293038,SENT,161ca645-5c2d-40d4-9779-94b920d5602a,2989be8c-770c-4f59-91a7-18b32290bcc0,c5,DROP,1014,?,i2,
1769091834.0293477,FORWARDED,161ca645-5c2d-40d4-9779-94b920d5602a,2989be8c-770c-4f59-91a7-18b32290bcc0,c5,DROP,1014,?,i2,
1769091834.5046763,RECEIVED,d28d5135-c137-4fd3-836a-78b5d581fda1,cceb361e-0c26-488e-88d2-c37281b497d1,c5,c4,2023,p2,?,
1769091834.535948,RECEIVED,56f01be7-5293-49bb-be82-8ae79df2af47,2a866d35-6631-4de8-862b-68015565c05c,c1,DROP,1442,p1,?,
1769091834.6951888,RECEIVED,6339bc74-a016-4dc3-9136-7f3ae8dc0fb4,64be6ffa-f6b1-4c36-9ba7-e5902ded591a,c3,c4,2036,p3,?,
1769091834.9074526,SENT,6339bc74-a016-4dc3-9136-7f3ae8dc0fb4,64be6ffa-f6b1-4c36-9ba7-e5902ded591a,c3,c4,1455,?,i2,
1769091834.9076805,FORWARDED,6339bc74-a016-4dc3-9136-7f3ae8dc0fb4,64be6ffa-f6b1-4c36-9ba7-e5902ded591a,c3,c4,1455,?,i2,
1769091834.9479737,RECEIVED,4dba0c05-df49-47ba-9367-c0679ec62a08,b880b9ac-3338-437c-94f2-bf52ab85bc06,c1,c5,2041,p1,?,
1769091835.0726402,SENT,4dba0c05-df49-47ba-9367-c0679ec62a08,b880b9ac-3338-437c-94f2-bf52ab85bc06,c1,c5,1456,?,i10,
1769091835.0726807,FORWARDED,4dba0c05-df49-47ba-9367-c0679ec62a08,b880b9ac-3338-437c-94f2-bf52ab85bc06,c1,c5,1456,?,i10,
1769091835.174044,RECEIVED,584e7b75-885a-4cd9-acab-6aef159e7c8e,d8623e38-4550-46b9-b9ce-b5e2009c8831,c4,DROP,1448,p1,?,
1769091835.2658453,RECEIVED,7679d3cf-f7c9-441f-87b4-beb27dd5c54b,a0b0604f-a43a-44a1-a970-459320fb848f,c3,c4,2031,p3,?,
1769091835.278798,SENT,584e7b75-885a-4cd9-acab-6aef159e7c8e,d8623e38-4550-46b9-b9ce-b5e2009c8831,c4,DROP,1012,?,i3,
1769091835.2788432,FORWARDED,584e7b75-885a-4cd9-acab-6aef159e7c8e,d8623e38-4550-46b9-b9ce-b5e2009c8831,c4,DROP,1012,?,i3,
1769091835.6517076,RECEIVED,8c4d7372-23ab-4c55-af89-7ec21fef6eb5,ba71d73a-0cd4-4f94-a53c-5e6de2448994,c4,c1,2035,p1,?,
1769091835.6578717,SENT,56f01be7-5293-49bb-be82-8ae79df2af47,2a866d35-6631-4de8-862b-68015565c05c,c1,DROP,1009,?,i2,
1769091835.6579278,FORWARDED,56f01be7-5293-49bb-be82-8ae79df2af47,2a866d35-6631-4de8-862b-68015565c05c,c1,DROP,1009,?,i2,
1769091835.727194,SENT,7679d3cf-f7c9-441f-87b4-beb27dd5c54b,a0b0604f-a43a-44a1-a970-459320fb848f,c3,c4,1451,?,i4,
1769091835.7272518,FORWARDED,7679d3cf-f7c9-441f-87b4-beb27dd5c54b,a0b0604f-a43a-44a1-a970-459320fb848f,c3,c4,1451,?,i4,
1769091835.7336009,FORWARDED,923dfc95-5ee5-4008-bb86-1ab89cce4f06,de22134b-4cfd-46a5-b54c-7f1181361e38,c3,DROP,1020,?,i6,
1769091835.831779,SENT,d28d5135-c137-4fd3-836a-78b5d581fda1,cceb361e-0c26-488e-88d2-c37281b497d1,c5,c4,1444,?,i7,
1769091835.8318205,FORWARDED,d28d5135-c137-4fd3-836a-78b5d581fda1,cceb361e-0c26-488e-88d2-c37281b497d1,c5,c4,1444,?,i7,
1769091835.913718,RECEIVED,ce54d339-8c26-4ac9-a924-c380497ab6e1,a7eac825-735f-413a-a6b0-41b8bb0ffc02,c3,c4,2039,p3,?,
1769091835.9921944,RECEIVED,6792f39a-67ad-448a-b986-c20ae8e062c2,f1220a9a-4d23-4ecd-8f91-5845dd219bb9,c1,DROP,1447,p1,?,
1769091836.3818,RECEIVED,93e575c3-caed-4d92-8cbc-fba99c796e5c,e890fc69-6c79-4816-aa68-fdb3ec3e5432,c2,c1,2027,p2,?,
1769091836.4189367,RECEIVED,3c9ec2ae-6f8c-4b02-ad44-56d3809424ec,ae2646dc-0cb2-4fea-9239-bdcd597bc3b7,c5,c4,2036,p2,?,
1769091836.59079,RECEIVED,64ddf411-4c01-4efa-9701-6bfc8c525ad9,ea01b492-b8a4-4405-bb0c-ce7abb732f70,c1,c5,2038,p1,?,
1769091836.5952914,RECEIVED,aa399396-115e-4503-beeb-0b3c13375343,e16f124a-d16b-44e8-b6ee-222e3fb25fb1,c3,c4,2056,p3,?,
1769091836.623985,RECEIVED,014e1141-6330-43b9-be8b-d6e321d02f87,83b1bec3-57a5-4309-8cc8-52a05bd0d63e,c5,c4,2039,p2,?,
1769091836.63142,RECEIVED,5a4ecb1a-b59c-4e26-be17-b4954182b1c8,2fe48825-1dff-42c7-ac62-e17b2193efd6,c4,c1,2044,p1,?,
1769091836.638991,SENT,64ddf411-4c01-4efa-9701-6bfc8c525ad9,ea01b492-b8a4-4405-bb0c-ce7abb732f70,c1,c5,1455,?,i8,
1769091836.6390338,FORWARDED,64ddf411-4c01-4efa-9701-6bfc8c525ad9,ea01b492-b8a4-4405-bb0c-ce7abb732f70,c1,c5,1455,?,i8,
1769091836.6820164,SENT,93e575c3-caed-4d92-8cbc-fba99c796e5c,e890fc69-6c79-4816-aa68-fdb3ec3e5432,c2,c1,1447,?,i2,
1769091836.6820693,FORWARDED,93e575c3-caed-4d92-8cbc-fba99c796e5c,e890fc69-6c79-4816-aa68-fdb3ec3e5432,c2,c1,1447,?,i2,
1769091836.6972399,SENT,6792f39a-67ad-448a-b986-c20ae8e062c2,f1220a9a-4d23-4ecd-8f91-5845dd219bb9,c1,DROP,1012,?,i1,
1769091836.6972826,FORWARDED,6792f39a-67ad-448a-b986-c20ae8e062c2,f1220a9a-4d23-4ecd-8f91-5845dd219bb9,c1,DROP,1012,?,i1,
1769091836.7218337,SENT,3c9ec2ae-6f8c-4b02-ad44-56d3809424ec,ae2646dc-0cb2-4fea-9239-bdcd597bc3b7,c5,c4,1455,?,i7,
1769091836.7218752,FORWARDED,3c9ec2ae-6f8c-4b02-ad44-56d3809424ec,ae2646dc-0cb2-4fea-9239-bdcd597bc3b7,c5,c4,1455,?,i7,
1769091836.7990859,FORWARDED,aa399396-115e-4503-beeb-0b3c13375343,e16f124a-d16b-44e8-b6ee-222e3fb25fb1,c3,c4,1468,?,i6,
1769091836.817355,RECEIVED,14afdc76-e858-46a4-8cb0-934a5097bad0,29bc3be8-1f50-4d0a-a75d-99da111c83af,c5,c4,2040,p2,?,
1769091837.0009902,SENT,14afdc76-e858-46a4-8cb0-934a5097bad0,29bc3be8-1f50-4d0a-a75d-99da111c83af,c5,c4,1457,?,i10,
1769091837.0010319,FORWARDED,14afdc76-e858-46a4-8cb0-934a5097bad0,29bc3be8-1f50-4d0a-a75d-99da111c83af,c5,c4,1457,?,i10,
1769091837.0391016,SENT,5a4ecb1a-b59c-4e26-be17-b4954182b1c8,2fe48825-1dff-42c7-ac62-e17b2193efd6,c4,c1,1459,?,i7,
1769091837.0391445,FORWARDED,5a4ecb1a-b59c-4e26-be17-b4954182b1c8,2fe48825-1dff-42c7-ac62-e17b2193efd6,c4,c1,1459,?,i7,
1769091837.041326,RECEIVED,d6c0f639-320c-48b6-ac10-9d83948ff930,6b1cf12e-f6d6-484b-a92d-fc8600d0cbd1,c3,c4,2032,p3,?,
1769091837.0590003,RECEIVED,fb9a13d2-1995-4832-bc58-532ec1770abe,09f35d7a-abdd-47c2-b05d-38f411dab802,c5,DROP,1456,p2,?,
1769091837.0845504,SENT,ce54d339-8c26-4ac9-a924-c380497ab6e1,a7eac825-735f-413a-a6b0-41b8bb0ffc02,c3,c4,1456,?,i7,
1769091837.084592,FORWARDED,ce54d339-8c26-4ac9-a924-c380497ab6e1,a7eac825-735f-413a-a6b0-41b8bb0ffc02,c3,c4,1456,?,i7,
1769091837.148178,FORWARDED,d6c0f639-320c-48b6-ac10-9d83948ff930,6b1cf12e-f6d6-484b-a92d-fc8600d0cbd1,c3,c4,1451,?,i6,
1769091837.1633534,SENT,8c4d7372-23ab-4c55-af89-7ec21fef6eb5,ba71d73a-0cd4-4f94-a53c-5e6de2448994,c4,c1,1455,?,i12,
1769091837.163396,FORWARDED,8c4d7372-23ab-4c55-af89-7ec21fef6eb5,ba71d73a-0cd4-4f94-a53c-5e6de2448994,c4,c1,1455,?,i12,
1769091837.271818,RECEIVED,32d29d73-151c-4a7b-835e-1f7c304c0419,91c006c9-2542-4af0-a229-4b9be8e20e41,c2,c1,2037,p2,?,
1769091837.279843,RECEIVED,f77ce45f-f33b-4521-b492-d83ff86e3b0e,84a7328e-d107-49ab-be0d-21b7159c7b7b,c3,c4,2036,p3,?,
1769091837.3589044,SENT,014e1141-6330-43b9-be8b-d6e321d02f87,83b1bec3-57a5-4309-8cc8-52a05bd0d63e,c5,c4,1456,?,i8,
1769091837.3589406,FORWARDED,014e1141-6330-43b9-be8b-d6e321d02f87,83b1bec3-57a5-4309-8cc8-52a05bd0d63e,c5,c4,1456,?,i8,
1769091837.5021994,SENT,f77ce45f-f33b-4521-b492-d83ff86e3b0e,84a7328e-d107-49ab-be0d-21b7159c7b7b,c3,c4,1455,?,i2,
1769091837.5022428,FORWARDED,f77ce45f-f33b-4521-b492-d83ff86e3b0e,84a7328e-d107-49ab-be0d-21b7159c7b7b,c3,c4,1455,?,i2,
1769091837.5253901,RECEIVED,bb0eab78-e461-4a62-8318-11f67dd71aca,7ce60e2b-a61e-4bde-bcfa-6144165be29f,c4,c1,2031,p1,?,
1769091837.5682302,SENT,32d29d73-151c-4a7b-835e-1f7c304c0419,91c006c9-2542-4af0-a229-4b9be8e20e41,c2,c1,1454,?,i12,
1769091837.568272,FORWARDED,32d29d73-151c-4a7b-835e-1f7c304c0419,91c006c9-2542-4af0-a229-4b9be8e20e41,c2,c1,1454,?,i12,
1769091837.657372,SENT,bb0eab78-e461-4a62-8318-11f67dd71aca,7ce60e2b-a61e-4bde-bcfa-6144165be29f,c4,c1,1452,?,i8,
1769091837.6574152,FORWARDED,bb0eab78-e461-4a62-8318-11f67dd71aca,7ce60e2b-a61e-4bde-bcfa-6144165be29f,c4,c1,1452,?,i8,
1769091837.668625,RECEIVED,342401a0-8938-4d65-a570-efe456060fc7,ded37e61-bc76-4a9e-9123-a6bca0194aa1,c5,c4,2032,p2,?,
1769091837.6907227,RECEIVED,5f2666af-647b-4aaa-84b4-8c73165fc338,61640cae-d7f9-493c-97ed-72175be6263f,c1,c5,2047,p1,?,
1769091837.6995463,SENT,fb9a13d2-1995-4832-bc58-532ec1770abe,09f35d7a-abdd-47c2-b05d-38f411dab802,c5,DROP,1019,?,i11,
1769091837.699588,FORWARDED,fb9a13d2-1995-4832-bc58-532ec1770abe,09f35d7a-abdd-47c2-b05d-38f411dab802,c5,DROP,1019,?,i11,
1769091837.7404716,SENT,342401a0-8938-4d65-a570-efe456060fc7,ded37e61-bc76-4a9e-9123-a6bca0194aa1,c5,c4,1451,?,i4,
1769091837.740507,FORWARDED,342401a0-8938-4d65-a570-efe456060fc7,ded37e61-bc76-4a9e-9123-a6bca0194aa1,c5,c4,1451,?,i4,
1769091838.5518692,RECEIVED,70929df2-7fef-4ea1-9052-c03623a2a65b,708a3929-1f98-49b6-a2aa-5bef17d0cbd8,c4,c1,2036,p1,?,
1769091838.5545988,SENT,5f2666af-647b-4aaa-84b4-8c73165fc338,61640cae-d7f9-493c-97ed-72175be6263f,c1,c5,1463,?,i9,
1769091838.5546346,FORWARDED,5f2666af-647b-4aaa-84b4-8c73165fc338,61640cae-d7f9-493c-97ed-72175be6263f,c1,c5,1463,?,i9,
1769091838.5983589,SENT,70929df2-7fef-4ea1-9052-c03623a2a65b,708a3929-1f98-49b6-a2aa-5bef17d0cbd8,c4,c1,1455,?,i1,
1769091838.5983963,FORWARDED,70929df2-7fef-4ea1-9052-c03623a2a65b,708a3929-1f98-49b6-a2aa-5bef17d0cbd8,c4,c1,1455,?,i1,
1769091838.9769602,RECEIVED,9451a8d6-6240-4db7-9f3e-b34740aa727c,e1eba22d-dc7e-4366-a2eb-af3122336cf4,c3,c4,2044,p3,?,
1769091839.2304466,RECEIVED,387429e7-6de2-44e7-a9c3-3922ace44655,e16c7aaf-ab87-417e-90ea-2e4f7daf4c9b,c3,c4,2036,p3,?,
1769091839.2654948,SENT,9451a8d6-6240-4db7-9f3e-b34740aa727c,e1eba22d-dc7e-4366-a2eb-af3122336cf4,c3,c4,1459,?,i10,
1769091839.2655349,FORWARDED,9451a8d6-6240-4db7-9f3e-b34740aa727c,e1eba22d-dc7e-4366-a2eb-af3122336cf4,c3,c4,1459,?,i10,
1769091839.3269203,RECEIVED,85494b70-33db-41b5-ac57-984aacebcfc4,411e8b1a-a524-442b-b2bf-45dc76cf679c,c5,c4,2039,p2,?,
1769091839.4498215,SENT,387429e7-6de2-44e7-a9c3-3922ace44655,e16c7aaf-ab87-417e-90ea-2e4f7daf4c9b,c3,c4,1455,?,i5,
1769091839.4498587,FORWARDED,387429e7-6de2-44e7-a9c3-3922ace44655,e16c7aaf-ab87-417e-90ea-2e4f7daf4c9b,c3,c4,1455,?,i5,
1769091839.5164304,SENT,85494b70-33db-41b5-ac57-984aacebcfc4,411e8b1a-a524-442b-b2bf-45dc76cf679c,c5,c4,1456,?,i2,
1769091839.5164723,FORWARDED,85494b70-33db-41b5-ac57-984aacebcfc4,411e8b1a-a524-442b-b2bf-45dc76cf679c,c5,c4,1456,?,i2,
1769091839.5906532,RECEIVED,4a10c5b4-e652-4ce7-88fc-826c72865700,bfd6a77c-4583-4258-80cb-906dee9563bd,c4,c1,2043,p1,?,
1769091839.7705588,RECEIVED,76e7cd23-133a-4db1-b712-0ac11ce0e5ca,3f84de31-52fe-4ca3-9847-8d07cc452f5f,c2,c1,2036,p2,?,
1769091840.0752313,RECEIVED,ea6479f4-6eff-480c-95ea-97c6e9f48659,3dac8b38-2bb2-4764-a3b9-cc8e1078f0bc,c3,c4,2047,p3,?,
1769091840.1768773,SENT,76e7cd23-133a-4db1-b712-0ac11ce0e5ca,3f84de31-52fe-4ca3-9847-8d07cc452f5f,c2,c1,1455,?,i2,
1769091840.1769176,FORWARDED,76e7cd23-133a-4db1-b712-0ac11ce0e5ca,3f84de31-52fe-4ca3-9847-8d07cc452f5f,c2,c1,1455,?,i2,
1769091840.3401885,RECEIVED,89d36dd9-2774-490f-bf67-4c60b3aaa79e,e46ceb93-b26c-42a4-a2e7-c99dcfb1d161,c1,c5,2027,p1,?,
1769091840.5121305,RECEIVED,7d8f36e3-1775-4be5-a7d9-500abb8e0804,fbd80df2-b22e-45ad-8c20-a407a2e422be,c5,DROP,1459,p2,?,
1769091840.6050448,RECEIVED,0e4012a1-88b4-4a3e-80c9-124017c21d24,126f3c26-38a1-4c7b-93d3-3da32b8671de,c5,c4,2028,p2,?,
1769091840.7317035,SENT,ea6479f4-6eff-480c-95ea-97c6e9f48659,3dac8b38-2bb2-4764-a3b9-cc8e1078f0bc,c3,c4,1463,?,i9,
1769091840.731747,FORWARDED,ea6479f4-6eff-480c-95ea-97c6e9f48659,3dac8b38-2bb2-4764-a3b9-cc8e1078f0bc,c3,c4,1463,?,i9,
1769091840.733238,RECEIVED,7a3efa67-ee8e-483c-a943-bf68e0a6e7dd,c18a2968-7e23-403a-bfbc-9ba722727e7f,c1,DROP,1439,p1,?,
1769091840.7486928,FORWARDED,4a10c5b4-e652-4ce7-88fc-826c72865700,bfd6a77c-4583-4258-80cb-906dee9563bd,c4,c1,1460,?,i6,
1769091840.7874072,RECEIVED,ece3edbe-a075-48e6-a242-b0e4494d5402,9bd7fbdb-310e-4e7e-8378-7d76ed92140d,c3,c4,2049,p3,?,
1769091840.8463776,RECEIVED,949a06c0-bed8-4391-9ebc-cf847da1f0a2,40283f8d-8efb-40bf-885f-c9c8d91d5af3,c1,c5,2040,p1,?,
1769091840.8724964,SENT,0e4012a1-88b4-4a3e-80c9-124017c21d24,126f3c26-38a1-4c7b-93d3-3da32b8671de,c5,c4,1448,?,i4,
1769091840.8725388,FORWARDED,0e4012a1-88b4-4a3e-80c9-124017c21d24,126f3c26-38a1-4c7b-93d3-3da32b8671de,c5,c4,1448,?,i4,
1769091840.9813528,RECEIVED,75c4b523-94f5-4511-840a-6eb4b51100bb,6170e7f0-7c55-4005-bfb9-0acb9b2e545e,c4,DROP,1452,p1,?,
1769091840.989064,SENT,ece3edbe-a075-48e6-a242-b0e4494d5402,9bd7fbdb-310e-4e7e-8378-7d76ed92140d,c3,c4,1463,?,i10,
1769091840.989108,FORWARDED,ece3edbe-a075-48e6-a242-b0e4494d5402,9bd7fbdb-310e-4e7e-8378-7d76ed92140d,c3,c4,1463,?,i10,
1769091841.1369076,FORWARDED,949a06c0-bed8-4391-9ebc-cf847da1f0a2,40283f8d-8efb-40bf-885f-c9c8d91d5af3,c1,c5,1457,?,i6,
1769091841.2793138,SENT,7d8f36e3-1775-4be5-a7d9-500abb8e0804,fbd80df2-b22e-45ad-8c20-a407a2e422be,c5,DROP,1021,?,i2,
1769091841.2793565,FORWARDED,7d8f36e3-1775-4be5-a7d9-500abb8e0804,fbd80df2-b22e-45ad-8c20-a407a2e422be,c5,DROP,1021,?,i2,
1769091841.3383913,RECEIVED,f57e23fc-bd6e-45f3-81f5-100bd5831039,d699b444-b60e-4f6f-957c-c206f7c8aee4,c5,c4,2019,p2,?,
1769091841.5277405,RECEIVED,e589f3df-ce3d-4dad-8f91-0ce5d319f370,bbd978e8-618e-4e6e-a447-d70883a53d54,c5,c4,2045,p2,?,
1769091841.6333075,SENT,89d36dd9-2774-490f-bf67-4c60b3aaa79e,e46ceb93-b26c-42a4-a2e7-c99dcfb1d161,c1,c5,1448,?,i8,
1769091841.6333601,FORWARDED,89d36dd9-2774-490f-bf67-4c60b3aaa79e,e46ceb93-b26c-42a4-a2e7-c99dcfb1d161,c1,c5,1448,?,i8,
1769091841.6488056,RECEIVED,36eee7b4-873c-4a53-a64f-87c1409a2514,c126c7ef-47ab-42af-a0ac-af1c85536de6,c5,DROP,445,x1,?,
1769091841.67499,SENT,e589f3df-ce3d-4dad-8f91-0ce5d319f370,bbd978e8-618e-4e6e-a447-d70883a53d54,c5,c4,1459,?,i12,
1769091841.6750298,FORWARDED,e589f3df-ce3d-4dad-8f91-0ce5d319f370,bbd978e8-618e-4e6e-a447-d70883a53d54,c5,c4,1459,?,i12,
1769091841.7075012,SENT,7a3efa67-ee8e-483c-a943-bf68e0a6e7dd,c18a2968-7e23-403a-bfbc-9ba722727e7f,c1,DROP,1007,?,i7,
1769091841.7075436,FORWARDED,7a3efa67-ee8e-483c-a943-bf68e0a6e7dd,c18a2968-7e23-403a-bfbc-9ba722727e7f,c1,DROP,1007,?,i7,
1769091841.8807843,RECEIVED,21f2b4ec-3c95-4631-a910-9c6097b7773d,7944961b-75bf-4e5d-b23e-505a402c8d9c,c2,DROP,1455,p2,?,
1769091841.9636168,RECEIVED,84592b2f-0841-46fc-a5dd-52a4d262daad,e8622288-b9c0-4c36-b239-33e79bcd7dc6,c2,c1,2033,p2,?,
1769091842.0207067,SENT,84592b2f-0841-46fc-a5dd-52a4d262daad,e8622288-b9c0-4c36-b239-33e79bcd7dc6,c2,c1,1450,?,i5,
1769091842.0207484,FORWARDED,84592b2f-0841-46fc-a5dd-52a4d262daad,e8622288-b9c0-4c36-b239-33e79bcd7dc6,c2,c1,1450,?,i5,
1769091842.1038032,FORWARDED,f57e23fc-bd6e-45f3-81f5-100bd5831039,d699b444-b60e-4f6f-957c-c206f7c8aee4,c5,c4,1443,?,i6,
1769091842.1293502,RECEIVED,80b38a33-cd12-4e5b-a2b7-5f8945d30de5,4749d5ed-4618-4c8d-a12b-7d0e3a80c51a,c3,c4,2039,p3,?,
1769091842.1625288,RECEIVED,033f2962-6d5a-4337-af8a-d9e48cfe3a97,52d0bb51-a820-46f7-a427-bc79d6d0cc77,c2,DROP,1439,p2,?,
1769091842.2317612,RECEIVED,bea2d2f6-1bcf-4be6-9957-06cac119bf16,91b06026-bb26-4430-a91e-81353215f701,c4,DROP,1441,p1,?,
1769091842.3076322,SENT,bea2d2f6-1bcf-4be6-9957-06cac119bf16,91b06026-bb26-4430-a91e-81353215f701,c4,DROP,1008,?,i2,
1769091842.3076742,FORWARDED,bea2d2f6-1bcf-4be6-9957-06cac119bf16,91b06026-bb26-4430-a91e-81353215f701,c4,DROP,1008,?,i2,
1769091842.4427912,SENT,75c4b523-94f5-4511-840a-6eb4b51100bb,6170e7f0-7c55-4005-bfb9-0acb9b2e545e,c4,DROP,1016,?,i12,
1769091842.442833,FORWARDED,75c4b523-94f5-4511-840a-6eb4b51100bb,6170e7f0-7c55-4005-bfb9-0acb9b2e545e,c4,DROP,1016,?,i12,
1769091842.5468822,RECEIVED,e06bea91-92eb-41e9-a7d7-fcda24b82936,19227d3d-0aaf-43cf-885a-c3cc28709e5a,c2,DROP,1453,p2,?,
1769091842.6206625,SENT,21f2b4ec-3c95-4631-a910-9c6097b7773d,7944961b-75bf-4e5d-b23e-505a402c8d9c,c2,DROP,1020,?,i1,
1769091842.6207042,FORWARDED,21f2b4ec-3c95-4631-a910-9c6097b7773d,7944961b-75bf-4e5d-b23e-505a402c8d9c,c2,DROP,1020,?,i1,
1769091842.6782756,SENT,e06bea91-92eb-41e9-a7d7-fcda24b82936,19227d3d-0aaf-43cf-885a-c3cc28709e5a,c2,DROP,1016,?,i10,
1769091842.6783183,FORWARDED,e06bea91-92eb-41e9-a7d7-fcda24b82936,19227d3d-0aaf-43cf-885a-c3cc28709e5a,c2,DROP,1016,?,i10,
1769091842.8670971,RECEIVED,b650cc68-08ca-42ad-ac31-42ca6cc3c35e,790575b5-d887-44fd-b1e2-2eae84433bda,c2,c1,2039,p2,?,
1769091843.0384238,RECEIVED,2d310e13-8d0f-4c6b-88c9-c1ff8de52e0a,09129ff8-64da-4b1a-83dd-798affc1e8e0,c3,c4,2040,p3,?,
1769091843.094213,RECEIVED,f0b56932-0eb1-492c-8871-d98b97297d71,abf0cad6-425c-4c39-858d-9e67f6de0f00,c4,c1,2036,p1,?,
1769091843.3329825,RECEIVED,2afa5032-81cb-4f49-a7bd-f2febea60151,bbc618b5-293f-484b-9287-6897ff6b32a7,c4,DROP,442,x7,?,
1769091843.3614154,SENT,033f2962-6d5a-4337-af8a-d9e48cfe3a97,52d0bb51-a820-46f7-a427-bc79d6d0cc77,c2,DROP,1007,?,i3,
1769091843.3614552,FORWARDED,033f2962-6d5a-4337-af8a-d9e48cfe3a97,52d0bb51-a820-46f7-a427-bc79d6d0cc77,c2,DROP,1007,?,i3,
1769091843.4136605,SENT,2d310e13-8d0f-4c6b-88c9-c1ff8de52e0a,09129ff8-64da-4b1a-83dd-798affc1e8e0,c3,c4,1457,?,i12,
1769091843.413712,FORWARDED,2d310e13-8d0f-4c6b-88c9-c1ff8de52e0a,09129ff8-64da-4b1a-83dd-798affc1e8e0,c3,c4,1457,?,i12,
1769091843.4293664,SENT,b650cc68-08ca-42ad-ac31-42ca6cc3c35e,790575b5-d887-44fd-b1e2-2eae84433bda,c2,c1,1457,?,i4,
1769091843.4294071,FORWARDED,b650cc68-08ca-42ad-ac31-42ca6cc3c35e,790575b5-d887-44fd-b1e2-2eae84433bda,c2,c1,1457,?,i4,
1769091843.5751882,RECEIVED,a23ef2c3-335b-4a5f-b080-bdc921118e2a,ab3340d2-1e24-43a5-904f-5738eeebd1b2,c5,DROP,1440,p2,?,
1769091843.6419928,RECEIVED,32d6c96d-a6df-4165-834f-2fce00048122,693bed3f-029b-469a-846b-11fd19b4807e,c4,c1,2021,p1,?,
1769091843.731122,RECEIVED,c17c2006-d617-473f-88cf-615d9ff24fdc,9dc5214b-d5a7-4248-97aa-45b42b42f03c,c5,c4,2035,p2,?,
1769091843.7534623,RECEIVED,76c10680-fde5-48e5-86b6-1dad398d97e9,42744382-a3ec-4143-aa2e-6bbe5a184c9c,c1,c5,2039,p1,?,
1769091843.8130186,SENT,32d6c96d-a6df-4165-834f-2fce00048122,693bed3f-029b-469a-846b-11fd19b4807e,c4,c1,1443,?,i12,
1769091843.8131118,FORWARDED,32d6c96d-a6df-4165-834f-2fce00048122,693bed3f-029b-469a-846b-11fd19b4807e,c4,c1,1443,?,i12,
1769091843.8540184,SENT,80b38a33-cd12-4e5b-a2b7-5f8945d30de5,4749d5ed-4618-4c8d-a12b-7d0e3a80c51a,c3,c4,1456,?,i4,
1769091843.8540735,FORWARDED,80b38a33-cd12-4e5b-a2b7-5f8945d30de5,4749d5ed-4618-4c8d-a12b-7d0e3a80c51a,c3,c4,1456,?,i4,
1769091844.025463,RECEIVED,7644665d-392c-4afa-b09e-55f037933afc,e4b92029-670d-4a20-8dec-baac47b92e40,c3,c4,2019,p3,?,
1769091844.0582058,RECEIVED,dc562866-934a-4667-88b3-64e37b02bafe,f97dc50b-e4fe-4080-a097-ed3f50842399,c4,c1,2040,p1,?,
1769091844.156784,SENT,76c10680-fde5-48e5-86b6-1dad398d97e9,42744382-a3ec-4143-aa2e-6bbe5a184c9c,c1,c5,1457,?,i1,
1769091844.1569164,FORWARDED,76c10680-fde5-48e5-86b6-1dad398d97e9,42744382-a3ec-4143-aa2e-6bbe5a184c9c,c1,c5,1457,?,i1,
1769091844.2593253,SENT,dc562866-934a-4667-88b3-64e37b02bafe,f97dc50b-e4fe-4080-a097-ed3f50842399,c4,c1,1457,?,i7,
1769091844.2593641,FORWARDED,dc562866-934a-4667-88b3-64e37b02bafe,f97dc50b-e4fe-4080-a097-ed3f50842399,c4,c1,1457,?,i7,
1769091844.3991053,SENT,a23ef2c3-335b-4a5f-b080-bdc921118e2a,ab3340d2-1e24-43a5-904f-5738eeebd1b2,c5,DROP,1007,?,i12,
1769091844.399141,FORWARDED,a23ef2c3-335b-4a5f-b080-bdc921118e2a,ab3340d2-1e24-43a5-904f-5738eeebd1b2,c5,DROP,1007,?,i12,
1769091844.4354575,SENT,c17c2006-d617-473f-88cf-615d9ff24fdc,9dc5214b-d5a7-4248-97aa-45b42b42f03c,c5,c4,1455,?,i8,
1769091844.4355006,FORWARDED,c17c2006-d617-473f-88cf-615d9ff24fdc,9dc5214b-d5a7-4248-97aa-45b42b42f03c,c5,c4,1455,?,i8,
1769091844.674701,SENT,7644665d-392c-4afa-b09e-55f037933afc,e4b92029-670d-4a20-8dec-baac47b92e40,c3,c4,1443,?,i4,
1769091844.6751983,FORWARDED,7644665d-392c-4afa-b09e-55f037933afc,e4b92029-670d-4a20-8dec-baac47b92e40,c3,c4,1443,?,i4,
1769091844.7292295,RECEIVED,a233bd1a-8612-4a63-97ec-f3d59b89f654,30f803a9-f31f-4d79-9069-38d27441975d,c1,c5,2055,p1,?,
1769091844.7653084,RECEIVED,976caf89-851c-4626-b095-dfe9790b9480,71aec0bd-0508-4231-9942-53269ae0ec30,c4,c1,2039,p1,?,
1769091844.909238,SENT,f0b56932-0eb1-492c-8871-d98b97297d71,abf0cad6-425c-4c39-858d-9e67f6de0f00,c4,c1,1455,?,i11,
1769091844.90928,FORWARDED,f0b56932-0eb1-492c-8871-d98b97297d71,abf0cad6-425c-4c39-858d-9e67f6de0f00,c4,c1,1455,?,i11,
1769091845.2350156,RECEIVED,43314516-3778-4ac9-a80b-07f50f6da744,6f8813d9-cfa4-4b56-9e5a-a24a3db852e8,c1,c5,2045,p1,?,
1769091845.264767,RECEIVED,4e3e7db8-f96d-40fe-b0c1-4458c8a6af0c,87da6a61-f050-41c3-9b7a-f58badfd5fe9,c4,c1,2035,p1,?,
1769091845.3124716,SENT,43314516-3778-4ac9-a80b-07f50f6da744,6f8813d9-cfa4-4b56-9e5a-a24a3db852e8,c1,c5,1460,?,i10,
1769091845.3125138,FORWARDED,43314516-3778-4ac9-a80b-07f50f6da744,6f8813d9-cfa4-4b56-9e5a-a24a3db852e8,c1,c5,1460,?,i10,
1769091845.3439739,SENT,a233bd1a-8612-4a63-97ec-f3d59b89f654,30f803a9-f31f-4d79-9069-38d27441975d,c1,c5,1468,?,i4,
1769091845.3440154,FORWARDED,a233bd1a-8612-4a63-97ec-f3d59b89f654,30f803a9-f31f-4d79-9069-38d27441975d,c1,c5,1468,?,i4,
1769091845.4662175,SENT,976caf89-851c-4626-b095-dfe9790b9480,71aec0bd-0508-4231-9942-53269ae0ec30,c4,c1,1457,?,i3,
1769091845.4662561,FORWARDED,976caf89-851c-4626-b095-dfe9790b9480,71aec0bd-0508-4231-9942-53269ae0ec30,c4,c1,1457,?,i3,
1769091845.5143182,RECEIVED,f999d6f2-a71f-44e1-9a69-48496841f987,485dd59b-dfc3-4071-a0d6-2f36a13a88c3,c5,c4,2048,p2,?,
1769091845.581725,RECEIVED,0b6c9c42-b996-4cab-8482-d8f6ebd3511e,14489b50-0c95-4d79-917b-a96590ec486e,c1,DROP,1439,p1,?,
1769091845.8722565,SENT,f999d6f2-a71f-44e1-9a69-48496841f987,485dd59b-dfc3-4071-a0d6-2f36a13a88c3,c5,c4,1462,?,i12,
1769091845.8722968,FORWARDED,f999d6f2-a71f-44e1-9a69-48496841f987,485dd59b-dfc3-4071-a0d6-2f36a13a88c3,c5,c4,1462,?,i12,
1769091845.9588964,RECEIVED,abcc6861-4497-4174-9ea8-67d7eaf76af2,bdf388ff-3bd6-41d0-8ef1-29c047417e6a,c4,DROP,1441,p1,?,
1769091845.977312,RECEIVED,d5f5a9f0-6e17-4bb0-b085-a86ed5da0786,38189d46-09ee-45a3-a3bd-bf68e634e5ea,c1,c5,2043,p1,?,
1769091846.034307,RECEIVED,62e6935d-c77c-45dc-afa1-b4c6a5f8af5e,d513b836-cd36-4f36-acae-ead5a95c0872,c3,c4,2041,p3,?,
1769091846.0774348,SENT,62e6935d-c77c-45dc-afa1-b4c6a5f8af5e,d513b836-cd36-4f36-acae-ead5a95c0872,c3,c4,1457,?,i3,
1769091846.077587,FORWARDED,62e6935d-c77c-45dc-afa1-b4c6a5f8af5e,d513b836-cd36-4f36-acae-ead5a95c0872,c3,c4,1457,?,i3,
1769091846.1909769,SENT,abcc6861-4497-4174-9ea8-67d7eaf76af2,bdf388ff-3bd6-41d0-8ef1-29c047417e6a,c4,DROP,1008,?,i12,
1769091846.19102,FORWARDED,abcc6861-4497-4174-9ea8-67d7eaf76af2,bdf388ff-3bd6-41d0-8ef1-29c047417e6a,c4,DROP,1008,?,i12,
1769091846.226808,SENT,d5f5a9f0-6e17-4bb0-b085-a86ed5da0786,38189d46-09ee-45a3-a3bd-bf68e634e5ea,c1,c5,1459,?,i5,
1769091846.2268472,FORWARDED,d5f5a9f0-6e17-4bb0-b085-a86ed5da0786,38189d46-09ee-45a3-a3bd-bf68e634e5ea,c1,c5,1459,?,i5,
1769091846.25597,SENT,0b6c9c42-b996-4cab-8482-d8f6ebd3511e,14489b50-0c95-4d79-917b-a96590ec486e,c1,DROP,1007,?,i3,
1769091846.256006,FORWARDED,0b6c9c42-b996-4cab-8482-d8f6ebd3511e,14489b50-0c95-4d79-917b-a96590ec486e,c1,DROP,1007,?,i3,
1769091846.2853248,RECEIVED,255fa961-1f1d-4d23-846a-be77d294e5f3,2725ffbb-4ed7-4ab8-b21f-a9e4886095ff,c4,c1,2033,p1,?,
1769091846.3753297,FORWARDED,4e3e7db8-f96d-40fe-b0c1-4458c8a6af0c,87da6a61-f050-41c3-9b7a-f58badfd5fe9,c4,c1,1453,?,i6,
1769091846.564737,RECEIVED,05583945-f686-4b21-9fc1-ff8b54bfe5ca,deba72c8-4424-4bad-950d-501cae01e972,c5,DROP,1457,p2,?,
1769091846.5762227,SENT,255fa961-1f1d-4d23-846a-be77d294e5f3,2725ffbb-4ed7-4ab8-b21f-a9e4886095ff,c4,c1,1451,?,i10,
1769091846.5762684,FORWARDED,255fa961-1f1d-4d23-846a-be77d294e5f3,2725ffbb-4ed7-4ab8-b21f-a9e4886095ff,c4,c1,1451,?,i10,
1769091846.59797,SENT,05583945-f686-4b21-9fc1-ff8b54bfe5ca,deba72c8-4424-4bad-950d-501cae01e972,c5,DROP,1019,?,i4,
1769091846.5980136,FORWARDED,05583945-f686-4b21-9fc1-ff8b54bfe5ca,deba72c8-4424-4bad-950d-501cae01e972,c5,DROP,1019,?,i4,
1769091846.6932106,RECEIVED,ea36a1f5-fcf8-4240-8381-eb3439ed8a51,cd02ac30-9ffb-45f4-bca1-081452629a87,c1,c5,2026,p1,?,
1769091846.7388792,RECEIVED,3bdf8cae-eedc-4683-9c2e-ac763fd2506e,3840ff13-3ab1-49ef-a1e6-cbcc3ee6169d,c3,c4,2040,p3,?,
1769091846.8477292,SENT,3bdf8cae-eedc-4683-9c2e-ac763fd2506e,3840ff13-3ab1-49ef-a1e6-cbcc3ee6169d,c3,c4,1456,?,i8,
1769091846.8477712,FORWARDED,3bdf8cae-eedc-4683-9c2e-ac763fd2506e,3840ff13-3ab1-49ef-a1e6-cbcc3ee6169d,c3,c4,1456,?,i8,
1769091847.3929348,FORWARDED,ea36a1f5-fcf8-4240-8381-eb3439ed8a51,cd02ac30-9ffb-45f4-bca1-081452629a87,c1,c5,1448,?,i6,
1769091847.4264336,RECEIVED,9b5ea550-f643-462a-a95f-bab6ee23bc22,72fe5f77-486c-4a41-9c91-57142cea8d7f,c5,c4,2039,p2,?,
1769091847.4950123,RECEIVED,3a1e40be-8db8-487e-8b3e-039c07ac3fe9,108da2cd-4133-49b0-848c-807b6a0810aa,c5,c4,2045,p2,?,
1769091847.6331806,FORWARDED,9b5ea550-f643-462a-a95f-bab6ee23bc22,72fe5f77-486c-4a41-9c91-57142cea8d7f,c5,c4,1457,?,i6,
1769091847.6613522,RECEIVED,b0281291-f54a-4707-b622-00f70a275501,b1d6001e-a8e1-4959-a9e5-e5ae63bf27ed,c2,DROP,1444,p2,?,
1769091847.68263,RECEIVED,0a02a235-cca2-4039-b5de-a223700601cf,a68ae450-7f08-42a9-bc23-864deb155ef6,c1,c5,2039,p1,?,
1769091847.694247,RECEIVED,3a9769dc-4c5d-4582-8510-154b045a025a,3c690244-18d9-4bbb-9ccf-a304703556dc,c3,c4,2043,p3,?,
1769091847.7730844,SENT,b0281291-f54a-4707-b622-00f70a275501,b1d6001e-a8e1-4959-a9e5-e5ae63bf27ed,c2,DROP,1011,?,i4,
1769091847.7731273,FORWARDED,b0281291-f54a-4707-b622-00f70a275501,b1d6001e-a8e1-4959-a9e5-e5ae63bf27ed,c2,DROP,1011,?,i4,
1769091847.7776947,RECEIVED,a038e1c8-2ef0-4e7d-84f4-352fb167ce1f,d44262bf-bc05-49da-bb3d-744fdc2afd16,c4,c1,2027,p1,?,
1769091847.802165,RECEIVED,60b57a89-1fd5-4fe5-bf65-d02dc4087d5d,ded15f3c-8665-4000-aace-eb4fe7441bc2,c4,c1,2040,p1,?,
1769091847.8652153,RECEIVED,53afccf8-b2e7-4c95-8b3f-388cef9630b8,9fecd8cb-56af-407f-a259-0528f508cfc8,c5,c4,2031,p2,?,
1769091847.8848467,RECEIVED,f9b828fa-54bf-4242-9187-9d48eda031d6,8d8e4ad6-f747-46c1-bbc0-3ae82cb2e273,c2,c1,2033,p2,?,
1769091847.929245,SENT,60b57a89-1fd5-4fe5-bf65-d02dc4087d5d,ded15f3c-8665-4000-aace-eb4fe7441bc2,c4,c1,1457,?,i7,
1769091847.9292862,FORWARDED,60b57a89-1fd5-4fe5-bf65-d02dc4087d5d,ded15f3c-8665-4000-aace-eb4fe7441bc2,c4,c1,1457,?,i7,
1769091847.9401011,SENT,0a02a235-cca2-4039-b5de-a223700601cf,a68ae450-7f08-42a9-bc23-864deb155ef6,c1,c5,1456,?,i9,
1769091847.9401412,FORWARDED,0a02a235-cca2-4039-b5de-a223700601cf,a68ae450-7f08-42a9-bc23-864deb155ef6,c1,c5,1456,?,i9,
1769091847.9588573,SENT,3a1e40be-8db8-487e-8b3e-039c07ac3fe9,108da2cd-4133-49b0-848c-807b6a0810aa,c5,c4,1459,?,i11,
1769091847.9588995,FORWARDED,3a1e40be-8db8-487e-8b3e-039c07ac3fe9,108da2cd-4133-49b0-848c-807b6a0810aa,c5,c4,1459,?,i11,
1769091848.0362313,RECEIVED,991870c5-ad4a-4ab9-96a7-0d108acc298a,3fa82988-be91-4c90-ad3c-1febdba5bb6d,c4,c1,2032,p1,?,
1769091848.2073593,RECEIVED,dccf156e-d406-4391-af6d-b3c1209e5836,1e94b49e-cf4f-4f11-8631-40f4519d193f,c2,DROP,1448,p2,?,
1769091848.2500265,RECEIVED,351506d9-8a84-4659-af5b-b8e806c69677,4a0ff0bb-1f3f-47aa-ae08-e5b9e6e7feee,c4,DROP,1439,p1,?,
1769091848.2711253,RECEIVED,968a4e9d-4bd8-4987-b317-525f90d3361c,f5b44ac3-ac2a-4827-927e-b51bff926531,c5,c4,2039,p2,?,
1769091848.2865112,SENT,991870c5-ad4a-4ab9-96a7-0d108acc298a,3fa82988-be91-4c90-ad3c-1febdba5bb6d,c4,c1,1452,?,i1,
1769091848.2865515,FORWARDED,991870c5-ad4a-4ab9-96a7-0d108acc298a,3fa82988-be91-4c90-ad3c-1febdba5bb6d,c4,c1,1452,?,i1,
1769091848.2974627,SENT,3a9769dc-4c5d-4582-8510-154b045a025a,3c690244-18d9-4bbb-9ccf-a304703556dc,c3,c4,1459,?,i8,
1769091848.2975128,FORWARDED,3a9769dc-4c5d-4582-8510-154b045a025a,3c690244-18d9-4bbb-9ccf-a304703556dc,c3,c4,1459,?,i8,
1769091848.3009262,RECEIVED,3610f824-99d1-417b-b0f8-58b0341311fa,140e7c48-8e58-4fe2-9468-e595a04dc2e1,c4,c1,2035,p1,?,
1769091848.3356338,RECEIVED,e2707b9d-3717-4a3e-b25c-dd965ed77ddb,0e855ef3-60bf-43ee-a65e-e88569179bce,c4,c1,2045,p1,?,
1769091848.3625522,SENT,e2707b9d-3717-4a3e-b25c-dd965ed77ddb,0e855ef3-60bf-43ee-a65e-e88569179bce,c4,c1,1460,?,i5,
1769091848.3626041,FORWARDED,e2707b9d-3717-4a3e-b25c-dd965ed77ddb,0e855ef3-60bf-43ee-a65e-e88569179bce,c4,c1,1460,?,i5,
1769091848.3654947,SENT,dccf156e-d406-4391-af6d-b3c1209e5836,1e94b49e-cf4f-4f11-8631-40f4519d193f,c2,DROP,1012,?,i4,
1769091848.365537,FORWARDED,dccf156e-d406-4391-af6d-b3c1209e5836,1e94b49e-cf4f-4f11-8631-40f4519d193f,c2,DROP,1012,?,i4,
1769091848.4029846,RECEIVED,da6509bc-82df-438b-89fe-a67bbf9c8249,0a8708ff-f231-436b-83a9-c1d588bacd58,c2,DROP,441,x11,?,
1769091848.7084632,RECEIVED,9febd7ef-7921-49d4-8445-1fb5622a55b9,5fedb558-b25e-49e1-a1e4-c3d9de92462b,c1,c5,2040,p1,?,
1769091848.7733097,SENT,9febd7ef-7921-49d4-8445-1fb5622a55b9,5fedb558-b25e-49e1-a1e4-c3d9de92462b,c1,c5,1457,?,i7,
1769091848.773351,FORWARDED,9febd7ef-7921-49d4-8445-1fb5622a55b9,5fedb558-b25e-49e1-a1e4-c3d9de92462b,c1,c5,1457,?,i7,
1769091848.8037488,SENT,53afccf8-b2e7-4c95-8b3f-388cef9630b8,9fecd8cb-56af-407f-a259-0528f508cfc8,c5,c4,1452,?,i5,
1769091848.8037841,FORWARDED,53afccf8-b2e7-4c95-8b3f-388cef9630b8,9fecd8cb-56af-407f-a259-0528f508cfc8,c5,c4,1452,?,i5,
1769091849.0032568,SENT,351506d9-8a84-4659-af5b-b8e806c69677,4a0ff0bb-1f3f-47aa-ae08-e5b9e6e7feee,c4,DROP,1007,?,i9,
1769091849.0032988,FORWARDED,351506d9-8a84-4659-af5b-b8e806c69677,4a0ff0bb-1f3f-47aa-ae08-e5b9e6e7feee,c4,DROP,1007,?,i9,
1769091849.0081103,SENT,968a4e9d-4bd8-4987-b317-525f90d3361c,f5b44ac3-ac2a-4827-927e-b51bff926531,c5,c4,1456,?,i2,
1769091849.0081544,FORWARDED,968a4e9d-4bd8-4987-b317-525f90d3361c,f5b44ac3-ac2a-4827-927e-b51bff926531,c5,c4,1456,?,i2,
1769091849.1594863,SENT,a038e1c8-2ef0-4e7d-84f4-352fb167ce1f,d44262bf-bc05-49da-bb3d-744fdc2afd16,c4,c1,1447,?,i2,
1769091849.1595213,FORWARDED,a038e1c8-2ef0-4e7d-84f4-352fb167ce1f,d44262bf-bc05-49da-bb3d-744fdc2afd16,c4,c1,1447,?,i2,
1769091849.1748838,RECEIVED,2e71eae3-09d4-45e0-83b8-91d167bde475,0994d7c5-ab07-4beb-9d1f-a3172e4b698d,c2,c1,2056,p2,?,
1769091849.2195039,RECEIVED,6b8e8fbb-526a-459d-926c-db6d9c856e99,2e3e373d-f848-47c2-9969-fac92ce97c3c,c1,c5,2024,p1,?,
1769091849.356579,RECEIVED,c4d51d53-2e4a-4e21-91c2-a14fadd04a1d,9c64179e-001d-422d-8b84-5b30d9f138eb,c3,c4,2018,p3,?,
1769091849.4648046,SENT,2e71eae3-09d4-45e0-83b8-91d167bde475,0994d7c5-ab07-4beb-9d1f-a3172e4b698d,c2,c1,1468,?,i10,
1769091849.4648504,FORWARDED,2e71eae3-09d4-45e0-83b8-91d167bde475,0994d7c5-ab07-4beb-9d1f-a3172e4b698d,c2,c1,1468,?,i10,
1769091849.4700537,SENT,6b8e8fbb-526a-459d-926c-db6d9c856e99,2e3e373d-f848-47c2-9969-fac92ce97c3c,c1,c5,1444,?,i9,
1769091849.470096,FORWARDED,6b8e8fbb-526a-459d-926c-db6d9c856e99,2e3e373d-f848-47c2-9969-fac92ce97c3c,c1,c5,1444,?,i9,
1769091849.5650356,SENT,f9b828fa-54bf-4242-9187-9d48eda031d6,8d8e4ad6-f747-46c1-bbc0-3ae82cb2e273,c2,c1,1455,?,i5,
1769091849.5650914,FORWARDED,f9b828fa-54bf-4242-9187-9d48eda031d6,8d8e4ad6-f747-46c1-bbc0-3ae82cb2e273,c2,c1,1455,?,i5,
1769091849.6339316,RECEIVED,6d82835b-766a-45da-a2fe-4b46a43d2091,26f53214-03dc-453d-b401-0e765ba90006,c1,DROP,1439,p1,?,
1769091849.7598798,RECEIVED,6f77195d-8a07-4570-887a-c66a81738d7f,a8712054-91f5-4cfd-be7d-eca9af117344,c5,c4,2055,p2,?,
1769091849.9093707,SENT,3610f824-99d1-417b-b0f8-58b0341311fa,140e7c48-8e58-4fe2-9468-e595a04dc2e1,c4,c1,1455,?,i11,
1769091849.9094157,FORWARDED,3610f824-99d1-417b-b0f8-58b0341311fa,140e7c48-8e58-4fe2-9468-e595a04dc2e1,c4,c1,1455,?,i11,
1769091849.9095247,RECEIVED,82fc4a1f-547b-4ca9-a6a7-745cb68fc543,7a941232-8520-4dc9-a849-c1265c6420a4,c4,DROP,1443,p1,?,
1769091849.9567351,RECEIVED,cf3567b6-fa2b-4dd5-8e85-d63a22f9d1ea,b5e33dc2-3d38-424b-b4be-fcc49f240a6a,c2,c1,2020,p2,?,
1769091850.0153747,SENT,6d82835b-766a-45da-a2fe-4b46a43d2091,26f53214-03dc-453d-b401-0e765ba90006,c1,DROP,1007,?,i7,
1769091850.0154197,FORWARDED,6d82835b-766a-45da-a2fe-4b46a43d2091,26f53214-03dc-453d-b401-0e765ba90006,c1,DROP,1007,?,i7,
1769091850.124114,SENT,6f77195d-8a07-4570-887a-c66a81738d7f,a8712054-91f5-4cfd-be7d-eca9af117344,c5,c4,1469,?,i3,
1769091850.1241586,FORWARDED,6f77195d-8a07-4570-887a-c66a81738d7f,a8712054-91f5-4cfd-be7d-eca9af117344,c5,c4,1469,?,i3,
1769091850.183967,SENT,cf3567b6-fa2b-4dd5-8e85-d63a22f9d1ea,b5e33dc2-3d38-424b-b4be-fcc49f240a6a,c2,c1,1443,?,i2,
1769091850.1840918,FORWARDED,cf3567b6-fa2b-4dd5-8e85-d63a22f9d1ea,b5e33dc2-3d38-424b-b4be-fcc49f240a6a,c2,c1,1443,?,i2,
1769091850.2483234,RECEIVED,e050a0a2-2832-434e-b856-06d92e1ab9f3,5d5fbabc-9e57-407c-b2c7-eabf9ce589a5,c3,c4,2020,p3,?,
1769091850.3491242,SENT,e050a0a2-2832-434e-b856-06d92e1ab9f3,5d5fbabc-9e57-407c-b2c7-eabf9ce589a5,c3,c4,1443,?,i5,
1769091850.3491647,FORWARDED,e050a0a2-2832-434e-b856-06d92e1ab9f3,5d5fbabc-9e57-407c-b2c7-eabf9ce589a5,c3,c4,1443,?,i5,
1769091850.4326808,RECEIVED,45a38d13-54aa-4fa8-b0fc-fc8c27f60758,c8a747f4-752b-43a8-8c59-0c73dfc528d5,c4,DROP,1439,p1,?,
1769091850.4829834,RECEIVED,8bc17b59-4510-461e-992d-a167ce146911,0d17c811-aa6a-4495-93fb-a0282fbe2dc2,c4,DROP,1456,p1,?,
1769091850.517769,RECEIVED,7317db0e-c238-45bc-a62d-fe98f19a1cc5,9bd99239-1455-47b7-afff-271c2630b8ab,c4,c1,2039,p1,?,
1769091850.553907,SENT,8bc17b59-4510-461e-992d-a167ce146911,0d17c811-aa6a-4495-93fb-a0282fbe2dc2,c4,DROP,1019,?,i7,
1769091850.5539477,FORWARDED,8bc17b59-4510-461e-992d-a167ce146911,0d17c811-aa6a-4495-93fb-a0282fbe2dc2,c4,DROP,1019,?,i7,
1769091851.0130668,SENT,c4d51d53-2e4a-4e21-91c2-a14fadd04a1d,9c64179e-001d-422d-8b84-5b30d9f138eb,c3,c4,1443,?,i9,
1769091851.0131152,FORWARDED,c4d51d53-2e4a-4e21-91c2-a14fadd04a1d,9c64179e-001d-422d-8b84-5b30d9f138eb,c3,c4,1443,?,i9,
1769091851.1983607,SENT,82fc4a1f-547b-4ca9-a6a7-745cb68fc543,7a941232-8520-4dc9-a849-c1265c6420a4,c4,DROP,1011,?,i1,
1769091851.1983993,FORWARDED,82fc4a1f-547b-4ca9-a6a7-745cb68fc543,7a941232-8520-4dc9-a849-c1265c6420a4,c4,DROP,1011,?,i1,
1769091851.29988,SENT,45a38d13-54aa-4fa8-b0fc-fc8c27f60758,c8a747f4-752b-43a8-8c59-0c73dfc528d5,c4,DROP,1008,?,i8,
1769091851.2999208,FORWARDED,45a38d13-54aa-4fa8-b0fc-fc8c27f60758,c8a747f4-752b-43a8-8c59-0c73dfc528d5,c4,DROP,1008,?,i8,
1769091851.7946765,RECEIVED,feb5c3a8-d99b-4b73-80d5-3848dc3be86e,0f409428-f4fb-4622-9fcf-5fd9852dc853,c5,c4,2035,p2,?,
1769091851.799349,RECEIVED,e866f7ca-02bc-4063-ad63-63c111f44b86,4e8eadfd-a949-44b9-8623-c1adb7637eea,c2,c1,2023,p2,?,
1769091851.8020144,RECEIVED,6b59ef60-c286-4519-b166-9ad6ce08fa85,afd429cc-fd6d-4825-8fb3-5905bdc9e5a7,c1,DROP,1443,p1,?,
1769091851.8154166,RECEIVED,7c2fb0a8-4a5f-4010-8361-4a4d50ae9d43,12f4488d-6a22-4e5a-bd00-65098d61cde5,c4,DROP,1457,p1,?,
1769091851.8266492,RECEIVED,69f2b793-184d-42e9-b719-c00dc39a8075,9a52ab52-fc44-4bae-9ce8-19e409050171,c3,c4,2027,p3,?,
1769091851.865126,RECEIVED,c478827e-6613-4115-9ddb-1b8c86b16542,f0e396e2-6e24-4f60-ac15-5a4f2dc36e30,c1,c5,2039,p1,?,
1769091851.8980224,RECEIVED,f6a94da4-0430-4246-a4df-f5df61256650,df3eb039-3b5b-434f-af4f-235cf7759a0b,c3,c4,2028,p3,?,
1769091851.9506052,SENT,e866f7ca-02bc-4063-ad63-63c111f44b86,4e8eadfd-a949-44b9-8623-c1adb7637eea,c2,c1,1444,?,i11,
1769091851.9506495,FORWARDED,e866f7ca-02bc-4063-ad63-63c111f44b86,4e8eadfd-a949-44b9-8623-c1adb7637eea,c2,c1,1444,?,i11,
1769091851.9795933,RECEIVED,c0700229-a398-4776-8a6b-15bff39dd34c,0b29b5c8-6b94-4d92-86b9-23e26231e851,c3,c4,2037,p3,?,
1769091852.0077186,SENT,7317db0e-c238-45bc-a62d-fe98f19a1cc5,9bd99239-1455-47b7-afff-271c2630b8ab,c4,c1,1456,?,i2,
1769091852.0077674,FORWARDED,7317db0e-c238-45bc-a62d-fe98f19a1cc5,9bd99239-1455-47b7-afff-271c2630b8ab,c4,c1,1456,?,i2,
1769091852.0094917,RECEIVED,0deea9ed-c175-42f0-afd6-75a7d4fd38c5,82b50239-7e0c-4775-bd60-34fa045a6653,c3,c4,2038,p3,?,
1769091852.0409377,FORWARDED,c0700229-a398-4776-8a6b-15bff39dd34c,0b29b5c8-6b94-4d92-86b9-23e26231e851,c3,c4,1455,?,i6,
1769091852.0447285,FORWARDED,f6a94da4-0430-4246-a4df-f5df61256650,df3eb039-3b5b-434f-af4f-235cf7759a0b,c3,c4,1448,?,i6,
1769091852.0562499,RECEIVED,8ed51b08-62a5-418a-988b-ddcf58ebfd8f,6447e3d9-b1c0-4368-8820-5408e4d30a7e,c5,c4,2036,p2,?,
1769091852.0633101,RECEIVED,05f11d47-e1b3-4b0f-a9a5-cad8fee52574,00d602b0-56e9-4388-b79a-9a7ad65a9b5f,c5,c4,2047,p2,?,
1769091852.1414773,SENT,c478827e-6613-4115-9ddb-1b8c86b16542,f0e396e2-6e24-4f60-ac15-5a4f2dc36e30,c1,c5,1456,?,i5,
1769091852.1415176,FORWARDED,c478827e-6613-4115-9ddb-1b8c86b16542,f0e396e2-6e24-4f60-ac15-5a4f2dc36e30,c1,c5,1456,?,i5,
1769091852.1572335,SENT,8ed51b08-62a5-418a-988b-ddcf58ebfd8f,6447e3d9-b1c0-4368-8820-5408e4d30a7e,c5,c4,1455,?,i2,
1769091852.1572738,FORWARDED,8ed51b08-62a5-418a-988b-ddcf58ebfd8f,6447e3d9-b1c0-4368-8820-5408e4d30a7e,c5,c4,1455,?,i2,
1769091852.182929,SENT,feb5c3a8-d99b-4b73-80d5-3848dc3be86e,0f409428-f4fb-4622-9fcf-5fd9852dc853,c5,c4,1455,?,i9,
1769091852.1829715,FORWARDED,feb5c3a8-d99b-4b73-80d5-3848dc3be86e,0f409428-f4fb-4622-9fcf-5fd9852dc853,c5,c4,1455,?,i9,
1769091852.3162568,SENT,7c2fb0a8-4a5f-4010-8361-4a4d50ae9d43,12f4488d-6a22-4e5a-bd00-65098d61cde5,c4,DROP,1020,?,i11,
1769091852.3162982,FORWARDED,7c2fb0a8-4a5f-4010-8361-4a4d50ae9d43,12f4488d-6a22-4e5a-bd00-65098d61cde5,c4,DROP,1020,?,i11,
1769091852.3481429,RECEIVED,ec9c5a8f-9f37-4f69-859a-08ba9c8f98f8,e3b2b015-266f-404a-965a-61f8809873a6,c2,c1,2040,p2,?,
1769091852.4278142,RECEIVED,87dc02c5-7686-4deb-8723-69b3757ec48e,3e0f84c9-dfc8-483a-b293-d407ac4a7a13,c4,c1,2035,p1,?,
1769091852.538623,SENT,05f11d47-e1b3-4b0f-a9a5-cad8fee52574,00d602b0-56e9-4388-b79a-9a7ad65a9b5f,c5,c4,1462,?,i5,
1769091852.538665,FORWARDED,05f11d47-e1b3-4b0f-a9a5-cad8fee52574,00d602b0-56e9-4388-b79a-9a7ad65a9b5f,c5,c4,1462,?,i5,
1769091852.5588143,RECEIVED,1a0bc33a-2e50-43b4-be53-4f931cf161c2,84b3f26a-f27d-4aad-bbdc-ebb3ce55d26c,c1,c5,2040,p1,?,
1769091852.5738382,RECEIVED,b2d3cf3d-7d7b-4acd-94a2-0c761f8e266e,214a9e68-5ab6-4bc2-b7a6-96f39f26ca34,c1,c5,2038,p1,?,
1769091852.5972972,SENT,69f2b793-184d-42e9-b719-c00dc39a8075,9a52ab52-fc44-4bae-9ce8-19e409050171,c3,c4,1447,?,i2,
1769091852.5973976,FORWARDED,69f2b793-184d-42e9-b719-c00dc39a8075,9a52ab52-fc44-4bae-9ce8-19e409050171,c3,c4,1447,?,i2,
1769091852.6067836,SENT,ec9c5a8f-9f37-4f69-859a-08ba9c8f98f8,e3b2b015-266f-404a-965a-61f8809873a6,c2,c1,1456,?,i10,
1769091852.6068256,FORWARDED,ec9c5a8f-9f37-4f69-859a-08ba9c8f98f8,e3b2b015-266f-404a-965a-61f8809873a6,c2,c1,1456,?,i10,
1769091852.6309896,SENT,87dc02c5-7686-4deb-8723-69b3757ec48e,3e0f84c9-dfc8-483a-b293-d407ac4a7a13,c4,c1,1455,?,i10,
1769091852.6310296,FORWARDED,87dc02c5-7686-4deb-8723-69b3757ec48e,3e0f84c9-dfc8-483a-b293-d407ac4a7a13,c4,c1,1455,?,i10,
1769091852.7565045,RECEIVED,69c9d82e-c1d7-4a40-a74a-0acfdd5d5f0a,dee2fa4a-6c18-4e02-ba66-0cde73fa61e3,c5,c4,2044,p2,?,
1769091852.8419642,RECEIVED,9207c870-c5c3-416b-8fd7-9fec09b22233,d589b2cb-a8d1-4fe6-ae1f-dfc29e82c47f,c3,c4,2019,p3,?,
1769091852.8603077,SENT,69c9d82e-c1d7-4a40-a74a-0acfdd5d5f0a,dee2fa4a-6c18-4e02-ba66-0cde73fa61e3,c5,c4,1460,?,i8,
1769091852.8603497,FORWARDED,69c9d82e-c1d7-4a40-a74a-0acfdd5d5f0a,dee2fa4a-6c18-4e02-ba66-0cde73fa61e3,c5,c4,1460,?,i8,
1769091852.865244,RECEIVED,f6da60a9-8dad-479f-9fea-fa9badc909e9,30b5992b-a059-4b2f-b984-69f9413b44d4,c2,DROP,1444,p2,?,
1769091852.8733716,SENT,0deea9ed-c175-42f0-afd6-75a7d4fd38c5,82b50239-7e0c-4775-bd60-34fa045a6653,c3,c4,1456,?,i2,
1769091852.8734136,FORWARDED,0deea9ed-c175-42f0-afd6-75a7d4fd38c5,82b50239-7e0c-4775-bd60-34fa045a6653,c3,c4,1456,?,i2,
1769091852.940139,SENT,f6da60a9-8dad-479f-9fea-fa9badc909e9,30b5992b-a059-4b2f-b984-69f9413b44d4,c2,DROP,1011,?,i2,
1769091852.9401817,FORWARDED,f6da60a9-8dad-479f-9fea-fa9badc909e9,30b5992b-a059-4b2f-b984-69f9413b44d4,c2,DROP,1011,?,i2,
1769091852.9731708,SENT,1a0bc33a-2e50-43b4-be53-4f931cf161c2,84b3f26a-f27d-4aad-bbdc-ebb3ce55d26c,c1,c5,1456,?,i2,
1769091852.9732118,FORWARDED,1a0bc33a-2e50-43b4-be53-4f931cf161c2,84b3f26a-f27d-4aad-bbdc-ebb3ce55d26c,c1,c5,1456,?,i2,
1769091852.990064,SENT,6b59ef60-c286-4519-b166-9ad6ce08fa85,afd429cc-fd6d-4825-8fb3-5905bdc9e5a7,c1,DROP,1011,?,i7,
1769091852.9901087,FORWARDED,6b59ef60-c286-4519-b166-9ad6ce08fa85,afd429cc-fd6d-4825-8fb3-5905bdc9e5a7,c1,DROP,1011,?,i7,
1769091853.037837,RECEIVED,00591bf3-578d-4195-bc36-1ee6cdeca5e8,e1137cdb-d34c-481d-98cf-153ab18d4ad0,c3,c4,2047,p3,?,
1769091853.0438068,RECEIVED,34ff0f2c-d28f-4de0-ba8d-895756b86ef6,a1a598bf-5348-48eb-a803-6907b687eb67,c4,c1,2052,p1,?,
1769091853.2217581,RECEIVED,e219954e-bd27-4b32-a117-5bb048d8d47b,6d0fb559-c91d-4182-bc0a-7090b4cef998,c1,c5,2044,p1,?,
1769091853.2760148,SENT,b2d3cf3d-7d7b-4acd-94a2-0c761f8e266e,214a9e68-5ab6-4bc2-b7a6-96f39f26ca34,c1,c5,1457,?,i8,
1769091853.2760732,FORWARDED,b2d3cf3d-7d7b-4acd-94a2-0c761f8e266e,214a9e68-5ab6-4bc2-b7a6-96f39f26ca34,c1,c5,1457,?,i8,
1769091853.3357298,SENT,e219954e-bd27-4b32-a117-5bb048d8d47b,6d0fb559-c91d-4182-bc0a-7090b4cef998,c1,c5,1459,?,i9,
1769091853.3361182,FORWARDED,e219954e-bd27-4b32-a117-5bb048d8d47b,6d0fb559-c91d-4182-bc0a-7090b4cef998,c1,c5,1459,?,i9,
1769091853.351103,FORWARDED,34ff0f2c-d28f-4de0-ba8d-895756b86ef6,a1a598bf-5348-48eb-a803-6907b687eb67,c4,c1,1467,?,i6,
1769091853.4251773,SENT,00591bf3-578d-4195-bc36-1ee6cdeca5e8,e1137cdb-d34c-481d-98cf-153ab18d4ad0,c3,c4,1463,?,i3,
1769091853.4252198,FORWARDED,00591bf3-578d-4195-bc36-1ee6cdeca5e8,e1137cdb-d34c-481d-98cf-153ab18d4ad0,c3,c4,1463,?,i3,
1769091853.724539,RECEIVED,069baec8-f05c-4473-bb59-db8c796f64d7,251b0259-91ef-45b2-8248-f3415ea097c2,c5,c4,2018,p2,?,
1769091854.0037675,RECEIVED,09c37645-9137-4203-a82c-80ab3f4afcbb,1b1c416e-7920-419d-9939-aec19bf55ffd,c4,c1,2040,p1,?,
1769091854.026134,RECEIVED,0f23799c-a070-4827-8bfc-96de16ee410e,d42ee993-8d4e-4b54-85e7-edadf04c19fa,c2,DROP,1461,p2,?,
1769091854.1690178,SENT,09c37645-9137-4203-a82c-80ab3f4afcbb,1b1c416e-7920-419d-9939-aec19bf55ffd,c4,c1,1456,?,i10,
1769091854.169078,FORWARDED,09c37645-9137-4203-a82c-80ab3f4afcbb,1b1c416e-7920-419d-9939-aec19bf55ffd,c4,c1,1456,?,i10,
1769091854.1886315,FORWARDED,9207c870-c5c3-416b-8fd7-9fec09b22233,d589b2cb-a8d1-4fe6-ae1f-dfc29e82c47f,c3,c4,1443,?,i6,
1769091854.2409856,RECEIVED,8cd55106-fc98-454a-9de1-ed86dce26379,b14c6499-32a0-47f6-a1c8-dba3adaf665a,c5,DROP,1455,p2,?,
1769091854.269453,SENT,069baec8-f05c-4473-bb59-db8c796f64d7,251b0259-91ef-45b2-8248-f3415ea097c2,c5,c4,1443,?,i1,
1769091854.2694943,FORWARDED,069baec8-f05c-4473-bb59-db8c796f64d7,251b0259-91ef-45b2-8248-f3415ea097c2,c5,c4,1443,?,i1,
1769091854.279264,RECEIVED,a7a59ab7-cb72-4043-a39d-002deea73099,9bed010e-a519-47a3-8be7-b18c3a062b73,c2,c1,2039,p2,?,
1769091854.3139753,SENT,0f23799c-a070-4827-8bfc-96de16ee410e,d42ee993-8d4e-4b54-85e7-edadf04c19fa,c2,DROP,1021,?,i12,
1769091854.3140166,FORWARDED,0f23799c-a070-4827-8bfc-96de16ee410e,d42ee993-8d4e-4b54-85e7-edadf04c19fa,c2,DROP,1021,?,i12,
1769091854.3472407,SENT,a7a59ab7-cb72-4043-a39d-002deea73099,9bed010e-a519-47a3-8be7-b18c3a062b73,c2,c1,1457,?,i7,
1769091854.347286,FORWARDED,a7a59ab7-cb72-4043-a39d-002deea73099,9bed010e-a519-47a3-8be7-b18c3a062b73,c2,c1,1457,?,i7,
1769091854.7033885,RECEIVED,06fddbba-6150-4a0c-940f-e689eb1d6c61,5fb26040-3447-4cd4-b358-d42845547083,c1,c5,2053,p1,?,
1769091854.772391,SENT,8cd55106-fc98-454a-9de1-ed86dce26379,b14c6499-32a0-47f6-a1c8-dba3adaf665a,c5,DROP,1019,?,i7,
1769091854.772431,FORWARDED,8cd55106-fc98-454a-9de1-ed86dce26379,b14c6499-32a0-47f6-a1c8-dba3adaf665a,c5,DROP,1019,?,i7,
1769091854.853433,RECEIVED,df7498e4-8fe9-4448-b65c-8bacdf93bd1d,d0c79524-c3fa-4187-afaa-e1d85d7b33d3,c3,DROP,441,x6,?,
1769091855.0307963,SENT,06fddbba-6150-4a0c-940f-e689eb1d6c61,5fb26040-3447-4cd4-b358-d42845547083,c1,c5,1465,?,i12,
1769091855.0308497,FORWARDED,06fddbba-6150-4a0c-940f-e689eb1d6c61,5fb26040-3447-4cd4-b358-d42845547083,c1,c5,1465,?,i12,
1769091855.612665,RECEIVED,28aca0ab-808f-4687-b598-a08500c52dd0,ae52a494-b812-48fa-b8cb-e640c4aa27e5,c4,c1,2024,p1,?,
1769091855.712424,SENT,28aca0ab-808f-4687-b598-a08500c52dd0,ae52a494-b812-48fa-b8cb-e640c4aa27e5,c4,c1,1444,?,i3,
1769091855.7124648,FORWARDED,28aca0ab-808f-4687-b598-a08500c52dd0,ae52a494-b812-48fa-b8cb-e640c4aa27e5,c4,c1,1444,?,i3,
1769091855.7625556,RECEIVED,4f4d1ef5-0718-4f12-8570-ede2b64eaf44,5b1aa223-2fdd-4099-bc4a-9787b2fb5304,c4,c1,2027,p1,?,
1769091855.915548,RECEIVED,1c48449d-be4a-46cb-b852-d8e2dd2a4a2b,6cc4434d-0304-4790-9403-c6150d2f67fb,c1,DROP,1437,p1,?,
1769091855.931624,RECEIVED,f7f2906d-f973-4384-93e4-a5f069640da9,d4a4a691-cca6-4873-929d-33719ba04778,c1,c5,2044,p1,?,
1769091855.965621,SENT,1c48449d-be4a-46cb-b852-d8e2dd2a4a2b,6cc4434d-0304-4790-9403-c6150d2f67fb,c1,DROP,1005,?,i1,
1769091855.9656618,FORWARDED,1c48449d-be4a-46cb-b852-d8e2dd2a4a2b,6cc4434d-0304-4790-9403-c6150d2f67fb,c1,DROP,1005,?,i1,
1769091855.9855716,RECEIVED,37c467bc-c8db-4eb9-ae4d-f72c1d651de7,21286d71-7366-42c4-b950-4e54321acff8,c2,DROP,1439,p2,?,
1769091856.005956,RECEIVED,308d056f-89a0-458d-81af-fcb87c366dc7,c5c31bed-50a9-4b17-b6e5-a9d599bad044,c5,c4,2048,p2,?,
1769091856.0825424,SENT,f7f2906d-f973-4384-93e4-a5f069640da9,d4a4a691-cca6-4873-929d-33719ba04778,c1,c5,1459,?,i9,
1769091856.0825846,FORWARDED,f7f2906d-f973-4384-93e4-a5f069640da9,d4a4a691-cca6-4873-929d-33719ba04778,c1,c5,1459,?,i9,
1769091856.1474156,SENT,308d056f-89a0-458d-81af-fcb87c366dc7,c5c31bed-50a9-4b17-b6e5-a9d599bad044,c5,c4,1464,?,i9,
1769091856.147456,FORWARDED,308d056f-89a0-458d-81af-fcb87c366dc7,c5c31bed-50a9-4b17-b6e5-a9d599bad044,c5,c4,1464,?,i9,
1769091856.3394985,SENT,4f4d1ef5-0718-4f12-8570-ede2b64eaf44,5b1aa223-2fdd-4099-bc4a-9787b2fb5304,c4,c1,1449,?,i5,
1769091856.3395414,FORWARDED,4f4d1ef5-0718-4f12-8570-ede2b64eaf44,5b1aa223-2fdd-4099-bc4a-9787b2fb5304,c4,c1,1449,?,i5,
1769091856.3877254,RECEIVED,9f765b76-73ff-451a-a9de-eddc85e4d2cb,a8ae7efa-726b-40fe-96a9-2e5cd20173d4,c5,c4,2048,p2,?,
1769091856.4945328,RECEIVED,bb19db84-ecf3-4bde-b419-0f423ce51af4,7578475c-26e6-464d-9b6d-22c3eaa40528,c5,c4,2039,p2,?,
1769091856.5169961,SENT,37c467bc-c8db-4eb9-ae4d-f72c1d651de7,21286d71-7366-42c4-b950-4e54321acff8,c2,DROP,1007,?,i7,
1769091856.517036,FORWARDED,37c467bc-c8db-4eb9-ae4d-f72c1d651de7,21286d71-7366-42c4-b950-4e54321acff8,c2,DROP,1007,?,i7,
1769091856.5328445,RECEIVED,2966f393-8dd3-430e-8a09-58f9a09426f2,7e1326a8-e8ed-4869-948d-0ea170fad1ef,c3,c4,2028,p3,?,
1769091856.7340674,SENT,bb19db84-ecf3-4bde-b419-0f423ce51af4,7578475c-26e6-464d-9b6d-22c3eaa40528,c5,c4,1456,?,i3,
1769091856.7341096,FORWARDED,bb19db84-ecf3-4bde-b419-0f423ce51af4,7578475c-26e6-464d-9b6d-22c3eaa40528,c5,c4,1456,?,i3,
1769091856.814119,RECEIVED,b997d543-e4f9-46fd-a653-ca964df15dd6,ad65b3ac-b0ef-4977-a619-a961a98937c5,c4,DROP,1440,p1,?,
1769091856.8571575,SENT,9f765b76-73ff-451a-a9de-eddc85e4d2cb,a8ae7efa-726b-40fe-96a9-2e5cd20173d4,c5,c4,1464,?,i8,
1769091856.857199,FORWARDED,9f765b76-73ff-451a-a9de-eddc85e4d2cb,a8ae7efa-726b-40fe-96a9-2e5cd20173d4,c5,c4,1464,?,i8,
1769091856.9411268,RECEIVED,3a855007-ecc5-49c0-93ff-9388450fa8fa,368c242b-61ae-4b68-ad44-7426429c7cd5,c1,DROP,1451,p1,?,
1769091856.9749708,RECEIVED,497ca943-874c-4e34-8f88-312432d6346a,5dd2e5f7-b1cf-4cc3-a9c1-363926549267,c2,c1,2051,p2,?,
1769091857.0348337,SENT,2966f393-8dd3-430e-8a09-58f9a09426f2,7e1326a8-e8ed-4869-948d-0ea170fad1ef,c3,c4,1447,?,i5,
1769091857.0348754,FORWARDED,2966f393-8dd3-430e-8a09-58f9a09426f2,7e1326a8-e8ed-4869-948d-0ea170fad1ef,c3,c4,1447,?,i5,
1769091857.2168276,SENT,497ca943-874c-4e34-8f88-312432d6346a,5dd2e5f7-b1cf-4cc3-a9c1-363926549267,c2,c1,1467,?,i4,
1769091857.2168705,FORWARDED,497ca943-874c-4e34-8f88-312432d6346a,5dd2e5f7-b1cf-4cc3-a9c1-363926549267,c2,c1,1467,?,i4,
1769091857.2689326,RECEIVED,f3a31e3b-83b6-4c78-a50e-aa3c20120cd6,1ded9da7-91a0-4b35-997e-e256341ea5e2,c1,c5,2031,p1,?,
1769091857.3173158,SENT,b997d543-e4f9-46fd-a653-ca964df15dd6,ad65b3ac-b0ef-4977-a619-a961a98937c5,c4,DROP,1008,?,i8,
1769091857.3173585,FORWARDED,b997d543-e4f9-46fd-a653-ca964df15dd6,ad65b3ac-b0ef-4977-a619-a961a98937c5,c4,DROP,1008,?,i8,
1769091857.3833663,RECEIVED,621cc540-b3f3-4a52-a33b-02f4b8c44738,a6a3ccef-94a3-44fa-a2a3-e1e6ecd991f3,c2,c1,2032,p2,?,
1769091857.5562627,RECEIVED,9d161c15-47f6-4ef1-afe7-83f7a4c00e33,f80b7883-c4a5-4674-870b-630724a6b884,c4,c1,2035,p1,?,
1769091857.7358599,SENT,f3a31e3b-83b6-4c78-a50e-aa3c20120cd6,1ded9da7-91a0-4b35-997e-e256341ea5e2,c1,c5,1451,?,i2,
1769091857.735896,FORWARDED,f3a31e3b-83b6-4c78-a50e-aa3c20120cd6,1ded9da7-91a0-4b35-997e-e256341ea5e2,c1,c5,1451,?,i2,
1769091857.7601712,SENT,9d161c15-47f6-4ef1-afe7-83f7a4c00e33,f80b7883-c4a5-4674-870b-630724a6b884,c4,c1,1455,?,i5,
1769091857.7602227,FORWARDED,9d161c15-47f6-4ef1-afe7-83f7a4c00e33,f80b7883-c4a5-4674-870b-630724a6b884,c4,c1,1455,?,i5,
1769091857.8481295,RECEIVED,78e1e624-e021-4a4c-9ea8-39a8ee396b10,294c2a11-08f3-4b3b-85c0-0c13b2d0130a,c4,DROP,1456,p1,?,
1769091858.0703802,SENT,621cc540-b3f3-4a52-a33b-02f4b8c44738,a6a3ccef-94a3-44fa-a2a3-e1e6ecd991f3,c2,c1,1451,?,i12,
1769091858.0704205,FORWARDED,621cc540-b3f3-4a52-a33b-02f4b8c44738,a6a3ccef-94a3-44fa-a2a3-e1e6ecd991f3,c2,c1,1451,?,i12,
1769091858.1039941,SENT,78e1e624-e021-4a4c-9ea8-39a8ee396b10,294c2a11-08f3-4b3b-85c0-0c13b2d0130a,c4,DROP,1018,?,i5,
1769091858.1040342,FORWARDED,78e1e624-e021-4a4c-9ea8-39a8ee396b10,294c2a11-08f3-4b3b-85c0-0c13b2d0130a,c4,DROP,1018,?,i5,
1769091858.1058161,RECEIVED,63454be7-5add-44f9-adc8-da1311bf2b30,af17bcc3-8d31-4c57-897c-df42e961f9a9,c2,DROP,1446,p2,?,
1769091858.1998458,RECEIVED,dfe034f3-17df-464a-a74d-c32350d8c347,7ac1b6c8-d6d6-45f2-bba6-7cae8714df2c,c1,c5,2018,p1,?,
1769091858.2944906,SENT,3a855007-ecc5-49c0-93ff-9388450fa8fa,368c242b-61ae-4b68-ad44-7426429c7cd5,c1,DROP,1016,?,i2,
1769091858.2945316,FORWARDED,3a855007-ecc5-49c0-93ff-9388450fa8fa,368c242b-61ae-4b68-ad44-7426429c7cd5,c1,DROP,1016,?,i2,
1769091858.4123902,RECEIVED,bd5af5f6-3a07-486c-a2b4-4625f8395cc5,324cf944-ed62-4edf-bcc2-0648512356fd,c1,DROP,1456,p1,?,
1769091858.4856446,RECEIVED,ad81711d-6e3f-4358-9e0d-6d391c184099,953cf187-b024-42e1-84e2-04f2dd58fe9b,c2,DROP,1439,p2,?,
1769091858.61664,SENT,bd5af5f6-3a07-486c-a2b4-4625f8395cc5,324cf944-ed62-4edf-bcc2-0648512356fd,c1,DROP,1020,?,i4,
1769091858.6166763,FORWARDED,bd5af5f6-3a07-486c-a2b4-4625f8395cc5,324cf944-ed62-4edf-bcc2-0648512356fd,c1,DROP,1020,?,i4,
1769091858.9486141,SENT,ad81711d-6e3f-4358-9e0d-6d391c184099,953cf187-b024-42e1-84e2-04f2dd58fe9b,c2,DROP,1007,?,i2,
1769091858.9486556,FORWARDED,ad81711d-6e3f-4358-9e0d-6d391c184099,953cf187-b024-42e1-84e2-04f2dd58fe9b,c2,DROP,1007,?,i2,
1769091859.0345926,SENT,dfe034f3-17df-464a-a74d-c32350d8c347,7ac1b6c8-d6d6-45f2-bba6-7cae8714df2c,c1,c5,1443,?,i3,
1769091859.03463,FORWARDED,dfe034f3-17df-464a-a74d-c32350d8c347,7ac1b6c8-d6d6-45f2-bba6-7cae8714df2c,c1,c5,1443,?,i3,
1769091859.0815675,RECEIVED,5249cf06-f745-47a6-befa-7c069c2aec57,e2da3cad-8c2b-4a3b-8c1b-e186be72be22,c5,DROP,1452,p2,?,
1769091859.1418,RECEIVED,b8e1bdd0-d18c-4d3b-a076-a697abf7601f,bfd42921-d603-4e77-8352-8569e67eb8ff,c5,DROP,1457,p2,?,
1769091859.2612333,SENT,b8e1bdd0-d18c-4d3b-a076-a697abf7601f,bfd42921-d603-4e77-8352-8569e67eb8ff,c5,DROP,1020,?,i10,
1769091859.261275,FORWARDED,b8e1bdd0-d18c-4d3b-a076-a697abf7601f,bfd42921-d603-4e77-8352-8569e67eb8ff,c5,DROP,1020,?,i10,
1769091859.4514568,RECEIVED,3d510030-29e2-4b23-a49c-2a75c13afe9b,388499f6-d3a8-42e9-b5f8-2bc0b27ca643,c5,c4,2040,p2,?,
1769091859.589258,RECEIVED,c0c6f2f4-b2e2-4497-9394-8a06b9bd3cc5,482070fb-aeb7-4a7a-af92-c7a3a01be7eb,c2,DROP,1448,p2,?,
1769091859.6915112,RECEIVED,c1282447-c730-4f84-8805-fdc79350a83b,b7cc7b2b-2061-4542-b408-b4dc49ce599e,c5,c4,2032,p2,?,
1769091859.7577236,SENT,c0c6f2f4-b2e2-4497-9394-8a06b9bd3cc5,482070fb-aeb7-4a7a-af92-c7a3a01be7eb,c2,DROP,1013,?,i12,
1769091859.7577636,FORWARDED,c0c6f2f4-b2e2-4497-9394-8a06b9bd3cc5,482070fb-aeb7-4a7a-af92-c7a3a01be7eb,c2,DROP,1013,?,i12,
1769091859.7801023,RECEIVED,39af8ddf-ef88-4010-ae6b-06e5430f61c3,bbe7177e-b5ed-4c71-b129-faba1b7c4eb8,c3,DROP,444,x5,?,
1769091859.9568636,SENT,63454be7-5add-44f9-adc8-da1311bf2b30,af17bcc3-8d31-4c57-897c-df42e961f9a9,c2,DROP,1012,?,i2,
1769091859.956906,FORWARDED,63454be7-5add-44f9-adc8-da1311bf2b30,af17bcc3-8d31-4c57-897c-df42e961f9a9,c2,DROP,1012,?,i2,
1769091860.3116496,RECEIVED,6650f146-7bed-4aa3-9af7-1f3efbc49bdc,34e9e23f-f240-48ab-b8a7-b9a1e1a50d98,c1,DROP,1452,p1,?,
1769091860.3676386,SENT,6650f146-7bed-4aa3-9af7-1f3efbc49bdc,34e9e23f-f240-48ab-b8a7-b9a1e1a50d98,c1,DROP,1015,?,i5,
1769091860.3676877,FORWARDED,6650f146-7bed-4aa3-9af7-1f3efbc49bdc,34e9e23f-f240-48ab-b8a7-b9a1e1a50d98,c1,DROP,1015,?,i5,
1769091860.4264326,SENT,5249cf06-f745-47a6-befa-7c069c2aec57,e2da3cad-8c2b-4a3b-8c1b-e186be72be22,c5,DROP,1015,?,i12,
1769091860.4265006,FORWARDED,5249cf06-f745-47a6-befa-7c069c2aec57,e2da3cad-8c2b-4a3b-8c1b-e186be72be22,c5,DROP,1015,?,i12,
1769091860.5403106,RECEIVED,364d7ffa-2b55-4cfd-93df-5c81fd09632f,d4459c3c-dbd0-460e-96ab-6c2919492723,c3,c4,2041,p3,?,
1769091860.5546873,SENT,c1282447-c730-4f84-8805-fdc79350a83b,b7cc7b2b-2061-4542-b408-b4dc49ce599e,c5,c4,1451,?,i10,
1769091860.5547318,FORWARDED,c1282447-c730-4f84-8805-fdc79350a83b,b7cc7b2b-2061-4542-b408-b4dc49ce599e,c5,c4,1451,?,i10,
1769091860.6482284,SENT,364d7ffa-2b55-4cfd-93df-5c81fd09632f,d4459c3c-dbd0-460e-96ab-6c2919492723,c3,c4,1456,?,i11,
1769091860.6482706,FORWARDED,364d7ffa-2b55-4cfd-93df-5c81fd09632f,d4459c3c-dbd0-460e-96ab-6c2919492723,c3,c4,1456,?,i11,
1769091860.6843226,RECEIVED,04ec0ee0-a226-4523-9e7d-0ae55af0b502,970e1abe-a495-4281-ae33-4db4716b9703,c5,c4,2045,p2,?,
1769091860.7173884,RECEIVED,01059906-dfc7-4a4f-8e32-e870b915c0fc,1abe1a96-db40-486e-9849-93ac99c1c776,c5,c4,2032,p2,?,
1769091860.79245,RECEIVED,5e5be5a0-0c41-444d-9a6c-fdd84dbf847d,94d09a7a-6f9c-45b4-a41e-b3b242d6d8ca,c3,DROP,1447,p3,?,
1769091860.8051052,SENT,01059906-dfc7-4a4f-8e32-e870b915c0fc,1abe1a96-db40-486e-9849-93ac99c1c776,c5,c4,1451,?,i5,
1769091860.805142,FORWARDED,01059906-dfc7-4a4f-8e32-e870b915c0fc,1abe1a96-db40-486e-9849-93ac99c1c776,c5,c4,1451,?,i5,
1769091860.8747704,RECEIVED,29867ac8-56b8-46ed-9f1e-63394a99a752,8c2dcf27-0d19-4dfc-b986-b4e542e33c7e,c2,c1,2051,p2,?,
1769091861.0384727,SENT,04ec0ee0-a226-4523-9e7d-0ae55af0b502,970e1abe-a495-4281-ae33-4db4716b9703,c5,c4,1460,?,i11,
1769091861.0385134,FORWARDED,04ec0ee0-a226-4523-9e7d-0ae55af0b502,970e1abe-a495-4281-ae33-4db4716b9703,c5,c4,1460,?,i11,
1769091861.7560036,RECEIVED,64202773-5e3b-4bea-a517-ba9f46561ccb,400d6b36-70e9-4c16-b3af-a22ed138d17d,c1,DROP,1441,p1,?,
1769091861.7763677,RECEIVED,6d4e95d8-c875-48ca-bd5c-a42ad87fe52b,7f01377c-bdf3-4806-875a-e17d107abd7e,c2,DROP,1452,p2,?,
1769091861.8042557,RECEIVED,44979fb6-35b5-4b17-8619-c45825be239a,0d2bb002-34f4-4b9a-9d89-2165af96eb0f,c1,c5,2037,p1,?,
1769091861.8229947,SENT,3d510030-29e2-4b23-a49c-2a75c13afe9b,388499f6-d3a8-42e9-b5f8-2bc0b27ca643,c5,c4,1458,?,i11,
1769091861.823036,FORWARDED,3d510030-29e2-4b23-a49c-2a75c13afe9b,388499f6-d3a8-42e9-b5f8-2bc0b27ca643,c5,c4,1458,?,i11,
1769091861.8658504,SENT,29867ac8-56b8-46ed-9f1e-63394a99a752,8c2dcf27-0d19-4dfc-b986-b4e542e33c7e,c2,c1,1467,?,i5,
1769091861.8659785,FORWARDED,29867ac8-56b8-46ed-9f1e-63394a99a752,8c2dcf27-0d19-4dfc-b986-b4e542e33c7e,c2,c1,1467,?,i5,
1769091861.9143367,SENT,5e5be5a0-0c41-444d-9a6c-fdd84dbf847d,94d09a7a-6f9c-45b4-a41e-b3b242d6d8ca,c3,DROP,1012,?,i5,
1769091861.9143841,FORWARDED,5e5be5a0-0c41-444d-9a6c-fdd84dbf847d,94d09a7a-6f9c-45b4-a41e-b3b242d6d8ca,c3,DROP,1012,?,i5,
1769091861.915306,RECEIVED,2971789f-13a1-4f37-b03e-061b13784f49,4df09cc4-7f05-4886-9596-fb8ebf64ae11,c4,DROP,1455,p1,?,
1769091862.1086092,RECEIVED,36411c70-1ce3-40c4-b4fc-f66e87332137,46d0cb9f-b8b0-466e-86df-b31aaad3d550,c5,c4,2035,p2,?,
1769091862.3704221,RECEIVED,a44ece12-5da5-4090-b199-42203967c6b3,d608d84c-2cfc-41a8-b7c3-96566bedb9d1,c3,DROP,1459,p3,?,
1769091862.5059786,RECEIVED,185a59d3-aef5-4683-8750-474166dc44d1,d1d2aa07-4a2a-4176-8cd3-df5b3c536939,c1,c5,2032,p1,?,
1769091862.5318737,SENT,44979fb6-35b5-4b17-8619-c45825be239a,0d2bb002-34f4-4b9a-9d89-2165af96eb0f,c1,c5,1456,?,i3,
1769091862.5319161,FORWARDED,44979fb6-35b5-4b17-8619-c45825be239a,0d2bb002-34f4-4b9a-9d89-2165af96eb0f,c1,c5,1456,?,i3,
1769091862.6403353,RECEIVED,094b41bb-c5f5-4d48-b2d8-be7b08b5d532,beb423ae-fefd-4300-9407-4ee52b783fea,c5,DROP,1448,p2,?,
1769091862.6937213,RECEIVED,a72c6441-9e86-4c32-a7d2-0e3202e42b2d,cca680f9-b403-4eaf-9345-abc421b1b967,c1,c5,2050,p1,?,
1769091862.7358274,SENT,a72c6441-9e86-4c32-a7d2-0e3202e42b2d,cca680f9-b403-4eaf-9345-abc421b1b967,c1,c5,1462,?,i11,
1769091862.7358704,FORWARDED,a72c6441-9e86-4c32-a7d2-0e3202e42b2d,cca680f9-b403-4eaf-9345-abc421b1b967,c1,c5,1462,?,i11,
1769091862.7388253,SENT,094b41bb-c5f5-4d48-b2d8-be7b08b5d532,beb423ae-fefd-4300-9407-4ee52b783fea,c5,DROP,1012,?,i7,
1769091862.7388668,FORWARDED,094b41bb-c5f5-4d48-b2d8-be7b08b5d532,beb423ae-fefd-4300-9407-4ee52b783fea,c5,DROP,1012,?,i7,
1769091862.8295078,SENT,185a59d3-aef5-4683-8750-474166dc44d1,d1d2aa07-4a2a-4176-8cd3-df5b3c536939,c1,c5,1452,?,i2,
1769091862.8295512,FORWARDED,185a59d3-aef5-4683-8750-474166dc44d1,d1d2aa07-4a2a-4176-8cd3-df5b3c536939,c1,c5,1452,?,i2,
1769091862.8427148,SENT,64202773-5e3b-4bea-a517-ba9f46561ccb,400d6b36-70e9-4c16-b3af-a22ed138d17d,c1,DROP,1010,?,i9,
1769091862.8427567,FORWARDED,64202773-5e3b-4bea-a517-ba9f46561ccb,400d6b36-70e9-4c16-b3af-a22ed138d17d,c1,DROP,1010,?,i9,
1769091862.8649375,SENT,6d4e95d8-c875-48ca-bd5c-a42ad87fe52b,7f01377c-bdf3-4806-875a-e17d107abd7e,c2,DROP,1016,?,i10,
1769091862.8649788,FORWARDED,6d4e95d8-c875-48ca-bd5c-a42ad87fe52b,7f01377c-bdf3-4806-875a-e17d107abd7e,c2,DROP,1016,?,i10,
1769091862.8802204,SENT,2971789f-13a1-4f37-b03e-061b13784f49,4df09cc4-7f05-4886-9596-fb8ebf64ae11,c4,DROP,1020,?,i4,
1769091862.8802586,FORWARDED,2971789f-13a1-4f37-b03e-061b13784f49,4df09cc4-7f05-4886-9596-fb8ebf64ae11,c4,DROP,1020,?,i4,
1769091862.937432,RECEIVED,530cd50f-f917-4f48-8e26-0576d498cec1,28f6b2ae-58a2-49e6-922d-23290d0cd16d,c4,DROP,1451,p1,?,
1769091863.0939083,RECEIVED,f6e8035c-f131-4326-ae70-9a43f540dc0d,949a3857-c9e5-4c94-88ec-3b08e01da730,c3,DROP,1447,p3,?,
1769091863.134783,SENT,a44ece12-5da5-4090-b199-42203967c6b3,d608d84c-2cfc-41a8-b7c3-96566bedb9d1,c3,DROP,1021,?,i7,
1769091863.1348298,FORWARDED,a44ece12-5da5-4090-b199-42203967c6b3,d608d84c-2cfc-41a8-b7c3-96566bedb9d1,c3,DROP,1021,?,i7,
1769091863.1798923,RECEIVED,7021bb47-5fa0-4185-9b8f-78d6530d3ed7,0e554ca1-53c9-4301-9c62-669263863d43,c3,DROP,1457,p3,?,
1769091863.2317855,SENT,36411c70-1ce3-40c4-b4fc-f66e87332137,46d0cb9f-b8b0-466e-86df-b31aaad3d550,c5,c4,1453,?,i1,
1769091863.2318246,FORWARDED,36411c70-1ce3-40c4-b4fc-f66e87332137,46d0cb9f-b8b0-466e-86df-b31aaad3d550,c5,c4,1453,?,i1,
1769091863.2533066,SENT,7021bb47-5fa0-4185-9b8f-78d6530d3ed7,0e554ca1-53c9-4301-9c62-669263863d43,c3,DROP,1020,?,i12,
1769091863.2533445,FORWARDED,7021bb47-5fa0-4185-9b8f-78d6530d3ed7,0e554ca1-53c9-4301-9c62-669263863d43,c3,DROP,1020,?,i12,
1769091863.3742342,SENT,f6e8035c-f131-4326-ae70-9a43f540dc0d,949a3857-c9e5-4c94-88ec-3b08e01da730,c3,DROP,1013,?,i5,
1769091863.3742738,FORWARDED,f6e8035c-f131-4326-ae70-9a43f540dc0d,949a3857-c9e5-4c94-88ec-3b08e01da730,c3,DROP,1013,?,i5,
1769091863.3861651,RECEIVED,eb533a7a-d368-40ae-8d07-18a2f124c38e,34077786-8a82-4ec5-945e-b61aa5930608,c5,c4,2041,p2,?,
1769091863.498025,RECEIVED,e6bd2fa8-1b0d-402e-8449-2d697317a2e3,17746963-3514-47f8-b65d-12ac49069c60,c2,c1,2046,p2,?,
1769091863.5408468,SENT,e6bd2fa8-1b0d-402e-8449-2d697317a2e3,17746963-3514-47f8-b65d-12ac49069c60,c2,c1,1459,?,i12,
1769091863.5408888,FORWARDED,e6bd2fa8-1b0d-402e-8449-2d697317a2e3,17746963-3514-47f8-b65d-12ac49069c60,c2,c1,1459,?,i12,
1769091863.5439746,SENT,530cd50f-f917-4f48-8e26-0576d498cec1,28f6b2ae-58a2-49e6-922d-23290d0cd16d,c4,DROP,1015,?,i3,
1769091863.5440135,FORWARDED,530cd50f-f917-4f48-8e26-0576d498cec1,28f6b2ae-58a2-49e6-922d-23290d0cd16d,c4,DROP,1015,?,i3,
1769091863.65836,SENT,eb533a7a-d368-40ae-8d07-18a2f124c38e,34077786-8a82-4ec5-945e-b61aa5930608,c5,c4,1456,?,i10,
1769091863.6584022,FORWARDED,eb533a7a-d368-40ae-8d07-18a2f124c38e,34077786-8a82-4ec5-945e-b61aa5930608,c5,c4,1456,?,i10,
1769091863.7832744,RECEIVED,4f0f579d-1237-420d-b722-61576f4becfc,f05ae158-28bd-4946-9723-acc8de54347e,c2,c1,2019,p2,?,
1769091863.7965288,RECEIVED,3480f85c-89ee-43ac-817b-6bf48c71c5e0,8659a58a-c8ca-4527-83a9-697a0301d8cf,c1,c5,2048,p1,?,
1769091864.0257597,SENT,3480f85c-89ee-43ac-817b-6bf48c71c5e0,8659a58a-c8ca-4527-83a9-697a0301d8cf,c1,c5,1464,?,i9,
1769091864.025797,FORWARDED,3480f85c-89ee-43ac-817b-6bf48c71c5e0,8659a58a-c8ca-4527-83a9-697a0301d8cf,c1,c5,1464,?,i9,
1769091864.1503046,RECEIVED,511b7fd6-986e-4d88-80e5-64f545abb760,2428638e-3179-4bfc-ac97-b5c292691b6f,c4,c1,2040,p1,?,
1769091864.260176,RECEIVED,ec9232e4-2714-4912-9ee7-eeece74b963c,6b2838d8-0f41-4c65-831a-0c503b4bb2b5,c5,c4,2043,p2,?,
1769091864.300545,RECEIVED,e959ab8c-daa6-4fa8-b3c4-5c0c1ad6e53e,2a444deb-6d5c-4faf-8cb3-faa15449e380,c3,c4,2041,p3,?,
1769091864.302512,SENT,4f0f579d-1237-420d-b722-61576f4becfc,f05ae158-28bd-4946-9723-acc8de54347e,c2,c1,1442,?,i1,
1769091864.3025522,FORWARDED,4f0f579d-1237-420d-b722-61576f4becfc,f05ae158-28bd-4946-9723-acc8de54347e,c2,c1,1442,?,i1,
1769091864.4221003,RECEIVED,6537eb84-0e43-4267-a28d-9e0f618e929a,b4315df0-bb64-4190-9abf-eb8a2589d70f,c3,DROP,445,x10,?,
1769091864.4455664,RECEIVED,79e2233e-62cf-4bb4-80b5-6b6ae4635cb2,730fad31-df94-4259-987b-d40d9cf01525,c2,DROP,442,x9,?,
1769091864.4935126,SENT,e959ab8c-daa6-4fa8-b3c4-5c0c1ad6e53e,2a444deb-6d5c-4faf-8cb3-faa15449e380,c3,c4,1456,?,i10,
1769091864.4935536,FORWARDED,e959ab8c-daa6-4fa8-b3c4-5c0c1ad6e53e,2a444deb-6d5c-4faf-8cb3-faa15449e380,c3,c4,1456,?,i10,
1769091864.5712814,SENT,ec9232e4-2714-4912-9ee7-eeece74b963c,6b2838d8-0f41-4c65-831a-0c503b4bb2b5,c5,c4,1460,?,i9,
1769091864.5713336,FORWARDED,ec9232e4-2714-4912-9ee7-eeece74b963c,6b2838d8-0f41-4c65-831a-0c503b4bb2b5,c5,c4,1460,?,i9,
1769091864.586129,RECEIVED,88868e16-28c6-4dba-a9bd-c829776e0547,464cbd86-b70b-4f6f-a2e5-d517a60324b5,c4,c1,2035,p1,?,
1769091864.6007168,SENT,511b7fd6-986e-4d88-80e5-64f545abb760,2428638e-3179-4bfc-ac97-b5c292691b6f,c4,c1,1457,?,i3,
1769091864.6007583,FORWARDED,511b7fd6-986e-4d88-80e5-64f545abb760,2428638e-3179-4bfc-ac97-b5c292691b6f,c4,c1,1457,?,i3,
1769091864.9072456,RECEIVED,11a8f567-09b8-4e1f-834f-5d654763e68c,48f94bf8-fcc4-421a-9838-d319ef5768f8,c4,c1,2045,p1,?,
1769091865.0101845,FORWARDED,88868e16-28c6-4dba-a9bd-c829776e0547,464cbd86-b70b-4f6f-a2e5-d517a60324b5,c4,c1,1454,?,i6,
1769091865.0318284,SENT,11a8f567-09b8-4e1f-834f-5d654763e68c,48f94bf8-fcc4-421a-9838-d319ef5768f8,c4,c1,1461,?,i11,
1769091865.0318687,FORWARDED,11a8f567-09b8-4e1f-834f-5d654763e68c,48f94bf8-fcc4-421a-9838-d319ef5768f8,c4,c1,1461,?,i11,
1769091865.0426497,RECEIVED,f2d45c86-c227-4ced-834b-a7462d89b40b,ca714a8a-2882-4533-aa09-bcbfb412d96e,c1,c5,2032,p1,?,
1769091865.3216398,RECEIVED,ed125c11-e2e0-41f7-959b-0efc9f549a99,beaf41c0-59c4-4814-9ca4-4846cac1f537,c3,DROP,1448,p3,?,
1769091865.5260081,SENT,f2d45c86-c227-4ced-834b-a7462d89b40b,ca714a8a-2882-4533-aa09-bcbfb412d96e,c1,c5,1452,?,i8,
1769091865.526106,FORWARDED,f2d45c86-c227-4ced-834b-a7462d89b40b,ca714a8a-2882-4533-aa09-bcbfb412d96e,c1,c5,1452,?,i8,
1769091865.6568184,SENT,ed125c11-e2e0-41f7-959b-0efc9f549a99,beaf41c0-59c4-4814-9ca4-4846cac1f537,c3,DROP,1013,?,i9,
1769091865.65686,FORWARDED,ed125c11-e2e0-41f7-959b-0efc9f549a99,beaf41c0-59c4-4814-9ca4-4846cac1f537,c3,DROP,1013,?,i9,
