{
    "avg_entropy": 2.3083009755140234,
    "avg_prob_correct": 0.2034474635058188,
    "avg_rank": 1.8382978723404255,
    "num_samples": 940
}