timestamp,event_type,packet_id,message_id,src,dst,size,prev_hop,next_hop,flags
1769449431.4825006,RECEIVED,14b877ae-2948-45b6-81cf-9da17896038c,59bb34b3-710a-46a4-bd5b-2826984eacd5,c2,c1,2463,p2,?,
1769449431.845283,RECEIVED,ca581dde-b621-421d-92d6-a3b4384ae533,52c5c1f1-ef68-4f5b-b2b2-af50c0b692e5,c1,c3,2451,p1,?,
1769449432.5513933,RECEIVED,9775e273-5f02-4af0-8df8-777fab91e571,66ef903b-07d9-459f-91db-e13ef237195d,c1,c3,2447,p1,?,
1769449432.6779869,RECEIVED,7c1350da-1a46-4a32-9e61-78f73820f73a,55299760-08f9-4ca6-9999-8f406dfdfe74,c1,c3,2468,p1,?,
1769449432.9650097,SENT,ca581dde-b621-421d-92d6-a3b4384ae533,52c5c1f1-ef68-4f5b-b2b2-af50c0b692e5,c1,c3,1767,?,i11,
1769449432.9650958,FORWARDED,ca581dde-b621-421d-92d6-a3b4384ae533,52c5c1f1-ef68-4f5b-b2b2-af50c0b692e5,c1,c3,1767,?,i11,
1769449433.1047485,SENT,9775e273-5f02-4af0-8df8-777fab91e571,66ef903b-07d9-459f-91db-e13ef237195d,c1,c3,1763,?,i7,
1769449433.1048737,FORWARDED,9775e273-5f02-4af0-8df8-777fab91e571,66ef903b-07d9-459f-91db-e13ef237195d,c1,c3,1763,?,i7,
1769449433.283114,SENT,14b877ae-2948-45b6-81cf-9da17896038c,59bb34b3-710a-46a4-bd5b-2826984eacd5,c2,c1,1774,?,i8,
1769449433.2832415,FORWARDED,14b877ae-2948-45b6-81cf-9da17896038c,59bb34b3-710a-46a4-bd5b-2826984eacd5,c2,c1,1774,?,i8,
1769449433.48303,RECEIVED,13cee4d5-1afe-4233-b4bd-97e3b25d9b10,ef6b9ebe-f184-4108-8e1c-6e6546fad420,c1,DROP,1443,p1,?,
1769449433.5574343,SENT,7c1350da-1a46-4a32-9e61-78f73820f73a,55299760-08f9-4ca6-9999-8f406dfdfe74,c1,c3,1777,?,i10,
1769449433.5574765,FORWARDED,7c1350da-1a46-4a32-9e61-78f73820f73a,55299760-08f9-4ca6-9999-8f406dfdfe74,c1,c3,1777,?,i10,
1769449433.5751245,RECEIVED,60a44a15-7dd5-4d40-8c42-307966821e95,cc26c855-5ec6-403a-a658-557a8242973a,c1,DROP,442,x9,?,
1769449433.604678,RECEIVED,a10e7729-06ae-4e48-a0a4-abb6a1557d3b,83e4139e-938a-42db-93f8-b54bce13bf27,c1,DROP,1440,p1,?,
1769449433.8244414,SENT,a10e7729-06ae-4e48-a0a4-abb6a1557d3b,83e4139e-938a-42db-93f8-b54bce13bf27,c1,DROP,1007,?,i10,
1769449433.8245032,FORWARDED,a10e7729-06ae-4e48-a0a4-abb6a1557d3b,83e4139e-938a-42db-93f8-b54bce13bf27,c1,DROP,1007,?,i10,
1769449434.055635,RECEIVED,90914e87-3214-4657-85e5-58d304f914a2,896b4523-0702-40ee-9f09-824912dae9e0,c1,DROP,1439,p1,?,
1769449434.2132769,SENT,90914e87-3214-4657-85e5-58d304f914a2,896b4523-0702-40ee-9f09-824912dae9e0,c1,DROP,1008,?,i7,
1769449434.2133431,FORWARDED,90914e87-3214-4657-85e5-58d304f914a2,896b4523-0702-40ee-9f09-824912dae9e0,c1,DROP,1008,?,i7,
1769449434.490911,RECEIVED,5243a9e1-cd05-4950-9b4a-a0eed54ac983,26e7ab9e-0ac4-4a5b-9467-ffb9721eac83,c5,DROP,441,x3,?,
1769449434.5245101,RECEIVED,d70164bc-c38f-4014-8bce-b367a4293073,6b2642dc-16a3-43df-b8a1-ecc797dcc3fb,c4,DROP,1445,p1,?,
1769449434.6229744,SENT,d70164bc-c38f-4014-8bce-b367a4293073,6b2642dc-16a3-43df-b8a1-ecc797dcc3fb,c4,DROP,1011,?,i11,
1769449434.62423,FORWARDED,d70164bc-c38f-4014-8bce-b367a4293073,6b2642dc-16a3-43df-b8a1-ecc797dcc3fb,c4,DROP,1011,?,i11,
1769449434.6610396,RECEIVED,d9ec3299-1f79-40a2-81e2-ee70a5bb8132,77f82fd2-93d7-4a26-ae46-4084259c8579,c1,DROP,1447,p1,?,
1769449434.8115363,SENT,d9ec3299-1f79-40a2-81e2-ee70a5bb8132,77f82fd2-93d7-4a26-ae46-4084259c8579,c1,DROP,1012,?,i9,
1769449434.8115792,FORWARDED,d9ec3299-1f79-40a2-81e2-ee70a5bb8132,77f82fd2-93d7-4a26-ae46-4084259c8579,c1,DROP,1012,?,i9,
1769449434.9359014,RECEIVED,84fdede6-300a-4d6a-88ae-5c8282e1b3c8,0a917e77-10a5-44db-9872-779141f15de2,c3,c5,2470,p3,?,
1769449434.9596634,SENT,13cee4d5-1afe-4233-b4bd-97e3b25d9b10,ef6b9ebe-f184-4108-8e1c-6e6546fad420,c1,DROP,1011,?,i8,
1769449434.9597006,FORWARDED,13cee4d5-1afe-4233-b4bd-97e3b25d9b10,ef6b9ebe-f184-4108-8e1c-6e6546fad420,c1,DROP,1011,?,i8,
1769449435.093403,RECEIVED,235b9813-413b-49ca-b4c4-bae1bc866409,fe00edc6-f66b-4906-bbb5-fcd7b1b129d6,c2,DROP,1439,p2,?,
1769449435.1206315,RECEIVED,85dcba81-d997-4ed3-85d4-dd6d4e20ea16,f3219fa0-bfd6-42c9-aea1-de043a767df3,c1,DROP,1444,p1,?,
1769449435.1581843,SENT,84fdede6-300a-4d6a-88ae-5c8282e1b3c8,0a917e77-10a5-44db-9872-779141f15de2,c3,c5,1781,?,i2,
1769449435.158226,FORWARDED,84fdede6-300a-4d6a-88ae-5c8282e1b3c8,0a917e77-10a5-44db-9872-779141f15de2,c3,c5,1781,?,i2,
1769449435.3229353,SENT,85dcba81-d997-4ed3-85d4-dd6d4e20ea16,f3219fa0-bfd6-42c9-aea1-de043a767df3,c1,DROP,1011,?,i9,
1769449435.3230166,FORWARDED,85dcba81-d997-4ed3-85d4-dd6d4e20ea16,f3219fa0-bfd6-42c9-aea1-de043a767df3,c1,DROP,1011,?,i9,
1769449435.7650375,SENT,235b9813-413b-49ca-b4c4-bae1bc866409,fe00edc6-f66b-4906-bbb5-fcd7b1b129d6,c2,DROP,1007,?,i5,
1769449435.7651303,FORWARDED,235b9813-413b-49ca-b4c4-bae1bc866409,fe00edc6-f66b-4906-bbb5-fcd7b1b129d6,c2,DROP,1007,?,i5,
1769449435.7795908,RECEIVED,8e468da8-2888-4cb0-898d-8237a99a3f74,da84c50a-de04-483d-84ea-3ec139be0661,c2,DROP,1456,p2,?,
1769449435.8340151,RECEIVED,e0c8ab6f-6beb-43d2-8d16-53d912739625,18df37cb-7c1f-44f8-997c-585eaa12151c,c3,c5,2450,p3,?,
1769449435.9419165,RECEIVED,6d5c5268-1aff-44cc-8964-311ed5555cf2,985ab063-6e0a-42ff-915b-9728664e10db,c1,DROP,1448,p1,?,
1769449435.9740143,RECEIVED,d5555a32-946a-4f76-8a60-d462e6c4031d,b38477d3-be33-4e73-a019-5ea796c8d9ab,c2,DROP,1444,p2,?,
1769449436.0877013,SENT,d5555a32-946a-4f76-8a60-d462e6c4031d,b38477d3-be33-4e73-a019-5ea796c8d9ab,c2,DROP,1011,?,i6,
1769449436.0877428,FORWARDED,d5555a32-946a-4f76-8a60-d462e6c4031d,b38477d3-be33-4e73-a019-5ea796c8d9ab,c2,DROP,1011,?,i6,
1769449436.103822,RECEIVED,84f1700a-8027-41e3-8b63-9913e8aa5dc6,989207aa-f866-4fd0-90d7-cb3ffbabd57e,c5,DROP,1448,p2,?,
1769449436.1359692,SENT,8e468da8-2888-4cb0-898d-8237a99a3f74,da84c50a-de04-483d-84ea-3ec139be0661,c2,DROP,1019,?,i11,
1769449436.1360116,FORWARDED,8e468da8-2888-4cb0-898d-8237a99a3f74,da84c50a-de04-483d-84ea-3ec139be0661,c2,DROP,1019,?,i11,
1769449436.1573145,SENT,84f1700a-8027-41e3-8b63-9913e8aa5dc6,989207aa-f866-4fd0-90d7-cb3ffbabd57e,c5,DROP,1012,?,i8,
1769449436.1573524,FORWARDED,84f1700a-8027-41e3-8b63-9913e8aa5dc6,989207aa-f866-4fd0-90d7-cb3ffbabd57e,c5,DROP,1012,?,i8,
1769449436.1911006,SENT,6d5c5268-1aff-44cc-8964-311ed5555cf2,985ab063-6e0a-42ff-915b-9728664e10db,c1,DROP,1012,?,i11,
1769449436.1911588,FORWARDED,6d5c5268-1aff-44cc-8964-311ed5555cf2,985ab063-6e0a-42ff-915b-9728664e10db,c1,DROP,1012,?,i11,
1769449436.369218,SENT,e0c8ab6f-6beb-43d2-8d16-53d912739625,18df37cb-7c1f-44f8-997c-585eaa12151c,c3,c5,1765,?,i6,
1769449436.3692932,FORWARDED,e0c8ab6f-6beb-43d2-8d16-53d912739625,18df37cb-7c1f-44f8-997c-585eaa12151c,c3,c5,1765,?,i6,
1769449436.4784298,RECEIVED,3c9fd884-70e4-4ab5-a2c8-5d29b728da1f,db31b3d1-33c9-4106-a2c6-91793dd8187b,c5,c4,2476,p2,?,
1769449436.5192893,RECEIVED,3fdadf95-c0ee-4eb5-ab77-50a0df4b1f2c,a558850f-6a3e-4037-a889-c34510699eab,c5,DROP,440,x8,?,
1769449436.6401308,RECEIVED,2e32277f-5dfa-44b2-8479-f203c8ab691a,1a4768e5-732e-4d5a-8ddf-452d73aea170,c3,DROP,1447,p3,?,
1769449436.6444476,SENT,3c9fd884-70e4-4ab5-a2c8-5d29b728da1f,db31b3d1-33c9-4106-a2c6-91793dd8187b,c5,c4,1784,?,i9,
1769449436.644491,FORWARDED,3c9fd884-70e4-4ab5-a2c8-5d29b728da1f,db31b3d1-33c9-4106-a2c6-91793dd8187b,c5,c4,1784,?,i9,
1769449436.6873672,RECEIVED,d5d4dcb0-a6b9-4556-8145-c4c6aacab424,9370a681-5c90-41b1-8a2d-0758a84f7b6f,c1,c3,2471,p1,?,
1769449436.757217,RECEIVED,1fb55968-3baf-40a6-8d2d-3a3523147891,29b8cdd8-633d-4782-83b2-48e18eb20c93,c3,c5,2463,p3,?,
1769449436.8117356,RECEIVED,3c246c7d-153d-46c1-84ff-1d35a75406cb,d65ba571-cd82-46fe-81f0-8ca205bff54f,c1,DROP,1443,p1,?,
1769449436.8135293,RECEIVED,a465d7d6-1cc8-4a4a-b405-3b6b003f1658,b8644e5b-a996-485d-acf9-2b96a2bd0150,c1,DROP,439,x2,?,
1769449436.8878443,SENT,2e32277f-5dfa-44b2-8479-f203c8ab691a,1a4768e5-732e-4d5a-8ddf-452d73aea170,c3,DROP,1014,?,i5,
1769449436.8878863,FORWARDED,2e32277f-5dfa-44b2-8479-f203c8ab691a,1a4768e5-732e-4d5a-8ddf-452d73aea170,c3,DROP,1014,?,i5,
1769449436.9594035,SENT,d5d4dcb0-a6b9-4556-8145-c4c6aacab424,9370a681-5c90-41b1-8a2d-0758a84f7b6f,c1,c3,1780,?,i8,
1769449436.959443,FORWARDED,d5d4dcb0-a6b9-4556-8145-c4c6aacab424,9370a681-5c90-41b1-8a2d-0758a84f7b6f,c1,c3,1780,?,i8,
1769449437.024836,RECEIVED,295ea5c2-4960-4c83-8d0b-2137e0e14347,597acf74-5539-4f99-9c95-d863f255dd80,c1,c3,2465,p1,?,
1769449437.070275,RECEIVED,d3d37c73-d8ac-4411-9932-0d3b64e5b233,b852032a-262a-48dc-b46f-667aabfe4143,c5,c4,2467,p2,?,
1769449437.289795,SENT,1fb55968-3baf-40a6-8d2d-3a3523147891,29b8cdd8-633d-4782-83b2-48e18eb20c93,c3,c5,1776,?,i6,
1769449437.2898443,FORWARDED,1fb55968-3baf-40a6-8d2d-3a3523147891,29b8cdd8-633d-4782-83b2-48e18eb20c93,c3,c5,1776,?,i6,
1769449437.3038363,SENT,3c246c7d-153d-46c1-84ff-1d35a75406cb,d65ba571-cd82-46fe-81f0-8ca205bff54f,c1,DROP,1011,?,i1,
1769449437.3038785,FORWARDED,3c246c7d-153d-46c1-84ff-1d35a75406cb,d65ba571-cd82-46fe-81f0-8ca205bff54f,c1,DROP,1011,?,i1,
1769449437.4134836,SENT,295ea5c2-4960-4c83-8d0b-2137e0e14347,597acf74-5539-4f99-9c95-d863f255dd80,c1,c3,1775,?,i10,
1769449437.4135242,FORWARDED,295ea5c2-4960-4c83-8d0b-2137e0e14347,597acf74-5539-4f99-9c95-d863f255dd80,c1,c3,1775,?,i10,
1769449437.4807653,RECEIVED,b0148a01-6080-42bf-9276-78abb8d3acc3,cbb734ee-60ac-43ff-81b6-4816eb110240,c2,DROP,1439,p2,?,
1769449437.5242352,RECEIVED,6ed4b9c2-6eca-4652-93da-6ae072a31f91,665a2392-1a72-43eb-9d36-372d08742cb8,c3,c5,2448,p3,?,
1769449437.6206982,SENT,b0148a01-6080-42bf-9276-78abb8d3acc3,cbb734ee-60ac-43ff-81b6-4816eb110240,c2,DROP,1008,?,i4,
1769449437.6207366,FORWARDED,b0148a01-6080-42bf-9276-78abb8d3acc3,cbb734ee-60ac-43ff-81b6-4816eb110240,c2,DROP,1008,?,i4,
1769449437.6493342,RECEIVED,1f740362-7e8d-4b04-a5de-fae48335adcb,d046354d-9b6b-4680-b9e9-7c31b5a70706,c4,c5,2464,p1,?,
1769449437.6540174,RECEIVED,8760d5c4-5ec1-4960-b7e3-464e3b7b62a9,1bd39357-d79b-4680-ab05-654614dc40d6,c5,DROP,1460,p2,?,
1769449437.7225332,SENT,8760d5c4-5ec1-4960-b7e3-464e3b7b62a9,1bd39357-d79b-4680-ab05-654614dc40d6,c5,DROP,1021,?,i8,
1769449437.7225728,FORWARDED,8760d5c4-5ec1-4960-b7e3-464e3b7b62a9,1bd39357-d79b-4680-ab05-654614dc40d6,c5,DROP,1021,?,i8,
1769449437.725782,RECEIVED,784d6434-24a8-4cd9-8eed-865a1219aa32,7e0b528c-5bbc-458a-a755-6243a588daf9,c5,c4,2460,p2,?,
1769449437.7937222,RECEIVED,f60cb97a-529b-4d8b-8d7b-5252733b6a77,5b2e0f55-9040-42ad-a3a6-f50bef8b3b1e,c4,DROP,1460,p1,?,
1769449437.819311,RECEIVED,60028f2d-77de-475d-b574-1b08b5cbe3d8,b8d5ce23-02cb-468d-a7d6-a09aafb5eb16,c4,c5,2455,p1,?,
1769449437.823855,SENT,784d6434-24a8-4cd9-8eed-865a1219aa32,7e0b528c-5bbc-458a-a755-6243a588daf9,c5,c4,1771,?,i7,
1769449437.823892,FORWARDED,784d6434-24a8-4cd9-8eed-865a1219aa32,7e0b528c-5bbc-458a-a755-6243a588daf9,c5,c4,1771,?,i7,
1769449437.8633876,SENT,6ed4b9c2-6eca-4652-93da-6ae072a31f91,665a2392-1a72-43eb-9d36-372d08742cb8,c3,c5,1764,?,i8,
1769449437.863428,FORWARDED,6ed4b9c2-6eca-4652-93da-6ae072a31f91,665a2392-1a72-43eb-9d36-372d08742cb8,c3,c5,1764,?,i8,
1769449437.8756092,SENT,1f740362-7e8d-4b04-a5de-fae48335adcb,d046354d-9b6b-4680-b9e9-7c31b5a70706,c4,c5,1775,?,i6,
1769449437.8756506,FORWARDED,1f740362-7e8d-4b04-a5de-fae48335adcb,d046354d-9b6b-4680-b9e9-7c31b5a70706,c4,c5,1775,?,i6,
1769449437.9759426,RECEIVED,27226e32-261f-46fb-9ef8-52dd056b39f0,b3424cfc-be22-40e0-b84d-89762703b221,c5,c4,2459,p2,?,
1769449438.130322,SENT,f60cb97a-529b-4d8b-8d7b-5252733b6a77,5b2e0f55-9040-42ad-a3a6-f50bef8b3b1e,c4,DROP,1021,?,i10,
1769449438.130363,FORWARDED,f60cb97a-529b-4d8b-8d7b-5252733b6a77,5b2e0f55-9040-42ad-a3a6-f50bef8b3b1e,c4,DROP,1021,?,i10,
1769449438.1403303,RECEIVED,b8989578-6998-46e3-a09c-d06bebf9bc7b,b76f7cd9-8eba-430d-adf2-8f2455708eab,c2,DROP,1456,p2,?,
1769449438.191654,RECEIVED,e0ef89af-7a4e-40e6-9417-f656a85ac8f8,a8de388d-5522-411a-9bc9-1fa5d7f6b93c,c1,c3,2463,p1,?,
1769449438.50857,RECEIVED,1db43a95-1813-4a1d-b67f-3b3bcf9b3634,855bb4ef-ffa8-4cd8-b3fc-dfee577f4f4f,c1,c3,2462,p1,?,
1769449438.7276747,RECEIVED,79cafc59-09c5-4302-ac30-f8f76685603f,d5651020-b5b6-4788-909d-0c0bbe19485e,c1,DROP,441,x6,?,
1769449438.738606,RECEIVED,2f933d46-db5b-4e6a-9cdc-b39ba3026d0f,53d8ae19-5a34-4274-88bf-c753c55d3d4e,c4,c5,2467,p1,?,
1769449438.8086107,SENT,d3d37c73-d8ac-4411-9932-0d3b64e5b233,b852032a-262a-48dc-b46f-667aabfe4143,c5,c4,1777,?,i7,
1769449438.8086524,FORWARDED,d3d37c73-d8ac-4411-9932-0d3b64e5b233,b852032a-262a-48dc-b46f-667aabfe4143,c5,c4,1777,?,i7,
1769449438.8176389,SENT,60028f2d-77de-475d-b574-1b08b5cbe3d8,b8d5ce23-02cb-468d-a7d6-a09aafb5eb16,c4,c5,1768,?,i4,
1769449438.8176866,FORWARDED,60028f2d-77de-475d-b574-1b08b5cbe3d8,b8d5ce23-02cb-468d-a7d6-a09aafb5eb16,c4,c5,1768,?,i4,
1769449439.0724263,SENT,b8989578-6998-46e3-a09c-d06bebf9bc7b,b76f7cd9-8eba-430d-adf2-8f2455708eab,c2,DROP,1019,?,i11,
1769449439.0724657,FORWARDED,b8989578-6998-46e3-a09c-d06bebf9bc7b,b76f7cd9-8eba-430d-adf2-8f2455708eab,c2,DROP,1019,?,i11,
1769449439.11823,SENT,1db43a95-1813-4a1d-b67f-3b3bcf9b3634,855bb4ef-ffa8-4cd8-b3fc-dfee577f4f4f,c1,c3,1775,?,i5,
1769449439.1182702,FORWARDED,1db43a95-1813-4a1d-b67f-3b3bcf9b3634,855bb4ef-ffa8-4cd8-b3fc-dfee577f4f4f,c1,c3,1775,?,i5,
1769449439.3403835,SENT,2f933d46-db5b-4e6a-9cdc-b39ba3026d0f,53d8ae19-5a34-4274-88bf-c753c55d3d4e,c4,c5,1777,?,i2,
1769449439.3404226,FORWARDED,2f933d46-db5b-4e6a-9cdc-b39ba3026d0f,53d8ae19-5a34-4274-88bf-c753c55d3d4e,c4,c5,1777,?,i2,
1769449439.3863566,RECEIVED,e9bbf717-21ac-4e7c-86c7-6634522e027b,1a479c20-ed69-481d-8802-638bf83f9796,c2,DROP,1453,p2,?,
1769449439.4214003,RECEIVED,1d326890-fdcc-4659-98a5-79ab00cb7ce1,ca8ebecf-46ee-446e-aa9b-d56a7a8d064b,c5,DROP,1447,p2,?,
1769449439.5342827,SENT,e9bbf717-21ac-4e7c-86c7-6634522e027b,1a479c20-ed69-481d-8802-638bf83f9796,c2,DROP,1015,?,i10,
1769449439.5343325,FORWARDED,e9bbf717-21ac-4e7c-86c7-6634522e027b,1a479c20-ed69-481d-8802-638bf83f9796,c2,DROP,1015,?,i10,
1769449439.5775752,RECEIVED,80119e8a-bf12-4ae1-bca0-e8aac2f735aa,77aff16e-db9f-44e2-ad46-8927851c7b6d,c5,c4,2481,p2,?,
1769449439.6899211,SENT,80119e8a-bf12-4ae1-bca0-e8aac2f735aa,77aff16e-db9f-44e2-ad46-8927851c7b6d,c5,c4,1788,?,i11,
1769449439.6899612,FORWARDED,80119e8a-bf12-4ae1-bca0-e8aac2f735aa,77aff16e-db9f-44e2-ad46-8927851c7b6d,c5,c4,1788,?,i11,
1769449439.9025173,RECEIVED,634fb9cf-2fec-416b-96f7-6451abc459a3,1fc72bc9-90db-47be-8976-4d32e795dc82,c2,c1,2445,p2,?,
1769449439.9169345,SENT,1d326890-fdcc-4659-98a5-79ab00cb7ce1,ca8ebecf-46ee-446e-aa9b-d56a7a8d064b,c5,DROP,1012,?,i3,
1769449439.9169765,FORWARDED,1d326890-fdcc-4659-98a5-79ab00cb7ce1,ca8ebecf-46ee-446e-aa9b-d56a7a8d064b,c5,DROP,1012,?,i3,
1769449439.9633706,SENT,634fb9cf-2fec-416b-96f7-6451abc459a3,1fc72bc9-90db-47be-8976-4d32e795dc82,c2,c1,1759,?,i10,
1769449439.9634092,FORWARDED,634fb9cf-2fec-416b-96f7-6451abc459a3,1fc72bc9-90db-47be-8976-4d32e795dc82,c2,c1,1759,?,i10,
1769449440.120706,RECEIVED,77b1d2da-6c9d-4192-b5d0-4ce429bb8287,a71a7db2-530e-484d-8af9-06614e7d638c,c1,c3,2464,p1,?,
1769449440.167258,RECEIVED,1631fd11-eae7-442d-b967-945a7d006e25,6f818355-f96d-468f-ae07-92b5a5714273,c3,c5,2452,p3,?,
1769449440.3932838,RECEIVED,01ad3219-6881-4575-bf28-79360e9d698c,f5eeaa0c-919f-4e86-b0dd-7177414f571a,c2,DROP,1442,p2,?,
1769449440.4546669,SENT,01ad3219-6881-4575-bf28-79360e9d698c,f5eeaa0c-919f-4e86-b0dd-7177414f571a,c2,DROP,1008,?,i2,
1769449440.4547074,FORWARDED,01ad3219-6881-4575-bf28-79360e9d698c,f5eeaa0c-919f-4e86-b0dd-7177414f571a,c2,DROP,1008,?,i2,
1769449440.4563477,SENT,77b1d2da-6c9d-4192-b5d0-4ce429bb8287,a71a7db2-530e-484d-8af9-06614e7d638c,c1,c3,1774,?,i9,
1769449440.4563875,FORWARDED,77b1d2da-6c9d-4192-b5d0-4ce429bb8287,a71a7db2-530e-484d-8af9-06614e7d638c,c1,c3,1774,?,i9,
1769449440.523755,SENT,1631fd11-eae7-442d-b967-945a7d006e25,6f818355-f96d-468f-ae07-92b5a5714273,c3,c5,1767,?,i7,
1769449440.5237963,FORWARDED,1631fd11-eae7-442d-b967-945a7d006e25,6f818355-f96d-468f-ae07-92b5a5714273,c3,c5,1767,?,i7,
1769449440.614105,RECEIVED,a1ef2f79-a0db-4f6d-afac-39ed58579a15,519c560e-6bac-44c5-8e8b-8c265592a261,c2,c1,2463,p2,?,
1769449440.7036667,RECEIVED,34791e51-b71e-4054-bec2-b577d693d8e0,58c12deb-2123-428a-ad11-813a6f25b4e7,c2,DROP,1447,p2,?,
1769449440.7392192,RECEIVED,71a014f4-dc27-4694-acf1-aa7e87e21ac7,794a5774-8041-4412-8c39-9834fa646304,c1,DROP,1439,p1,?,
1769449440.7469265,RECEIVED,7bac3771-aca8-40a9-a591-a3b3cd1ebd1d,32f0021c-5769-4198-92e8-1563635159b1,c3,DROP,1439,p3,?,
1769449440.7685673,RECEIVED,49202359-fa5a-4d89-8e19-9a798def3eee,2456e928-9ddf-4255-bd74-57a2a940579c,c4,c5,2477,p1,?,
1769449440.8022919,SENT,a1ef2f79-a0db-4f6d-afac-39ed58579a15,519c560e-6bac-44c5-8e8b-8c265592a261,c2,c1,1775,?,i8,
1769449440.802332,FORWARDED,a1ef2f79-a0db-4f6d-afac-39ed58579a15,519c560e-6bac-44c5-8e8b-8c265592a261,c2,c1,1775,?,i8,
1769449440.817991,SENT,27226e32-261f-46fb-9ef8-52dd056b39f0,b3424cfc-be22-40e0-b84d-89762703b221,c5,c4,1773,?,i3,
1769449440.8180418,FORWARDED,27226e32-261f-46fb-9ef8-52dd056b39f0,b3424cfc-be22-40e0-b84d-89762703b221,c5,c4,1773,?,i3,
1769449440.8290277,SENT,34791e51-b71e-4054-bec2-b577d693d8e0,58c12deb-2123-428a-ad11-813a6f25b4e7,c2,DROP,1013,?,i3,
1769449440.8290782,FORWARDED,34791e51-b71e-4054-bec2-b577d693d8e0,58c12deb-2123-428a-ad11-813a6f25b4e7,c2,DROP,1013,?,i3,
1769449440.9430716,RECEIVED,adb40022-1465-4dbb-862f-c7f435077c2f,d8660a93-8c53-4ac7-bbbe-ab4eae5799c9,c2,c1,2471,p2,?,
1769449441.0149522,SENT,e0ef89af-7a4e-40e6-9417-f656a85ac8f8,a8de388d-5522-411a-9bc9-1fa5d7f6b93c,c1,c3,1775,?,i8,
1769449441.0149891,FORWARDED,e0ef89af-7a4e-40e6-9417-f656a85ac8f8,a8de388d-5522-411a-9bc9-1fa5d7f6b93c,c1,c3,1775,?,i8,
1769449441.0219564,RECEIVED,6fcf4fd2-18a3-4e95-9cb1-9d3d845dc976,94deabb1-be57-425c-a6ad-6863e66ab4c0,c3,DROP,441,x11,?,
1769449441.0386608,RECEIVED,9b9cb1ee-6e8f-4761-baca-dff6b2f2dd89,2dfa3089-d148-435e-b91b-2f758d9d48ce,c1,DROP,1435,p1,?,
1769449441.1280215,SENT,49202359-fa5a-4d89-8e19-9a798def3eee,2456e928-9ddf-4255-bd74-57a2a940579c,c4,c5,1784,?,i10,
1769449441.1282287,FORWARDED,49202359-fa5a-4d89-8e19-9a798def3eee,2456e928-9ddf-4255-bd74-57a2a940579c,c4,c5,1784,?,i10,
1769449441.1903684,SENT,adb40022-1465-4dbb-862f-c7f435077c2f,d8660a93-8c53-4ac7-bbbe-ab4eae5799c9,c2,c1,1781,?,i11,
1769449441.1904094,FORWARDED,adb40022-1465-4dbb-862f-c7f435077c2f,d8660a93-8c53-4ac7-bbbe-ab4eae5799c9,c2,c1,1781,?,i11,
1769449441.515458,RECEIVED,abc0119d-6518-49dc-b4aa-e0e1ea9d0cb0,6de8fe7d-fc12-455a-afba-48d54f502c20,c4,DROP,1443,p1,?,
1769449441.5299523,RECEIVED,234c610d-d35a-46d4-af06-a7c6dfbcbc37,e14b62f3-0a75-40a0-ba06-a89b029ebd48,c4,DROP,1440,p1,?,
1769449441.5941277,RECEIVED,dad421d0-f78f-49fd-8638-f4d75bc3b0c8,f2dffc3e-63e5-4ae5-89c3-7f3d968b111c,c3,DROP,1447,p3,?,
1769449441.6172643,SENT,71a014f4-dc27-4694-acf1-aa7e87e21ac7,794a5774-8041-4412-8c39-9834fa646304,c1,DROP,1007,?,i6,
1769449441.6173122,FORWARDED,71a014f4-dc27-4694-acf1-aa7e87e21ac7,794a5774-8041-4412-8c39-9834fa646304,c1,DROP,1007,?,i6,
1769449441.6197212,SENT,234c610d-d35a-46d4-af06-a7c6dfbcbc37,e14b62f3-0a75-40a0-ba06-a89b029ebd48,c4,DROP,1007,?,i9,
1769449441.6197581,FORWARDED,234c610d-d35a-46d4-af06-a7c6dfbcbc37,e14b62f3-0a75-40a0-ba06-a89b029ebd48,c4,DROP,1007,?,i9,
1769449441.6314,RECEIVED,f6dfbaa9-7e9a-4f4a-a3b3-ad077291f25e,a87d5dcb-f47f-4fb3-bcc9-623c35f05237,c4,DROP,1440,p1,?,
1769449441.645193,SENT,9b9cb1ee-6e8f-4761-baca-dff6b2f2dd89,2dfa3089-d148-435e-b91b-2f758d9d48ce,c1,DROP,1003,?,i5,
1769449441.645233,FORWARDED,9b9cb1ee-6e8f-4761-baca-dff6b2f2dd89,2dfa3089-d148-435e-b91b-2f758d9d48ce,c1,DROP,1003,?,i5,
1769449441.6584342,RECEIVED,90c0b6c2-fedf-4d03-8bd7-f09a573a1618,d10ff05c-8871-4bfe-a1a3-9122387d6a6e,c4,c5,2464,p1,?,
1769449441.710343,SENT,7bac3771-aca8-40a9-a591-a3b3cd1ebd1d,32f0021c-5769-4198-92e8-1563635159b1,c3,DROP,1008,?,i1,
1769449441.710384,FORWARDED,7bac3771-aca8-40a9-a591-a3b3cd1ebd1d,32f0021c-5769-4198-92e8-1563635159b1,c3,DROP,1008,?,i1,
1769449441.7200894,RECEIVED,004f0487-01f9-42cf-851e-45b7bf5fa433,d17af8af-e6f6-443a-ba3d-d89ba5fafcdb,c3,c5,2468,p3,?,
1769449441.807639,RECEIVED,88dbfe6f-9cc2-439f-981a-090bd9c646d8,04566101-5036-4888-9ac3-583633ee5b3d,c5,DROP,441,x3,?,
1769449441.811455,SENT,004f0487-01f9-42cf-851e-45b7bf5fa433,d17af8af-e6f6-443a-ba3d-d89ba5fafcdb,c3,c5,1777,?,i8,
1769449441.8114932,FORWARDED,004f0487-01f9-42cf-851e-45b7bf5fa433,d17af8af-e6f6-443a-ba3d-d89ba5fafcdb,c3,c5,1777,?,i8,
1769449441.8477018,RECEIVED,861f9d10-1bfa-4370-8ad7-15c9eb119314,37c88b92-cb25-44c6-9d2f-02420b49b17b,c3,DROP,441,x4,?,
1769449441.857717,SENT,90c0b6c2-fedf-4d03-8bd7-f09a573a1618,d10ff05c-8871-4bfe-a1a3-9122387d6a6e,c4,c5,1775,?,i2,
1769449441.8577704,FORWARDED,90c0b6c2-fedf-4d03-8bd7-f09a573a1618,d10ff05c-8871-4bfe-a1a3-9122387d6a6e,c4,c5,1775,?,i2,
1769449441.8641078,RECEIVED,4a87b119-70aa-4e56-9a00-31bef2c72626,9d360280-7389-4c90-990e-46bae3e9eeb9,c5,DROP,1444,p2,?,
1769449441.9027479,RECEIVED,4a8aca65-c2c5-48d2-8d75-ed5eba8c57ff,ad7278ec-c2ac-47dc-8246-82c9d2f3d9c0,c5,DROP,1441,p2,?,
1769449441.95946,SENT,4a87b119-70aa-4e56-9a00-31bef2c72626,9d360280-7389-4c90-990e-46bae3e9eeb9,c5,DROP,1009,?,i5,
1769449441.9595022,FORWARDED,4a87b119-70aa-4e56-9a00-31bef2c72626,9d360280-7389-4c90-990e-46bae3e9eeb9,c5,DROP,1009,?,i5,
1769449441.9677472,SENT,dad421d0-f78f-49fd-8638-f4d75bc3b0c8,f2dffc3e-63e5-4ae5-89c3-7f3d968b111c,c3,DROP,1012,?,i9,
1769449441.9677892,FORWARDED,dad421d0-f78f-49fd-8638-f4d75bc3b0c8,f2dffc3e-63e5-4ae5-89c3-7f3d968b111c,c3,DROP,1012,?,i9,
1769449442.0879285,RECEIVED,9d318990-a134-4b4c-9075-24673d01dc02,90367c53-94de-4049-a4c8-52ee5795b4e8,c4,c5,2443,p1,?,
1769449442.1720917,RECEIVED,b46de7c7-5679-4f5b-8585-320bf573c9f6,4fe1c59d-20b1-42bb-a9b0-4536bb22801b,c4,c5,2478,p1,?,
1769449442.200247,SENT,b46de7c7-5679-4f5b-8585-320bf573c9f6,4fe1c59d-20b1-42bb-a9b0-4536bb22801b,c4,c5,1785,?,i10,
1769449442.2002814,FORWARDED,b46de7c7-5679-4f5b-8585-320bf573c9f6,4fe1c59d-20b1-42bb-a9b0-4536bb22801b,c4,c5,1785,?,i10,
1769449442.2008302,RECEIVED,e1a6c77b-fb0a-4fd3-82be-60ca82a40334,de909ecc-68c2-49a8-a0a5-f92d09082588,c4,DROP,1452,p1,?,
1769449442.3014114,SENT,e1a6c77b-fb0a-4fd3-82be-60ca82a40334,de909ecc-68c2-49a8-a0a5-f92d09082588,c4,DROP,1015,?,i10,
1769449442.3014505,FORWARDED,e1a6c77b-fb0a-4fd3-82be-60ca82a40334,de909ecc-68c2-49a8-a0a5-f92d09082588,c4,DROP,1015,?,i10,
1769449442.3581135,RECEIVED,365b0aca-e4f5-49ca-aedf-d20702700714,606084cd-76ca-4d22-b666-1c03138d0876,c3,DROP,441,x2,?,
1769449442.3632908,SENT,4a8aca65-c2c5-48d2-8d75-ed5eba8c57ff,ad7278ec-c2ac-47dc-8246-82c9d2f3d9c0,c5,DROP,1008,?,i12,
1769449442.3633306,FORWARDED,4a8aca65-c2c5-48d2-8d75-ed5eba8c57ff,ad7278ec-c2ac-47dc-8246-82c9d2f3d9c0,c5,DROP,1008,?,i12,
1769449442.3747988,RECEIVED,ce3dfaa2-9bdf-4549-bb95-6ba4c9df7ca3,0731087a-2acb-4a88-a8fe-8fd62fb8936b,c4,c5,2469,p1,?,
1769449442.4301522,RECEIVED,13d1db40-bdc3-435c-abb2-9f443f9704ec,14f52f04-6e83-49e0-b24b-204ba66e50d9,c3,DROP,1454,p3,?,
1769449442.5285475,SENT,ce3dfaa2-9bdf-4549-bb95-6ba4c9df7ca3,0731087a-2acb-4a88-a8fe-8fd62fb8936b,c4,c5,1779,?,i10,
1769449442.528586,FORWARDED,ce3dfaa2-9bdf-4549-bb95-6ba4c9df7ca3,0731087a-2acb-4a88-a8fe-8fd62fb8936b,c4,c5,1779,?,i10,
1769449442.5397954,SENT,13d1db40-bdc3-435c-abb2-9f443f9704ec,14f52f04-6e83-49e0-b24b-204ba66e50d9,c3,DROP,1020,?,i11,
1769449442.539836,FORWARDED,13d1db40-bdc3-435c-abb2-9f443f9704ec,14f52f04-6e83-49e0-b24b-204ba66e50d9,c3,DROP,1020,?,i11,
1769449442.603889,RECEIVED,b761afd3-8719-44d4-b0a9-bc6a3572f3df,7c02b7e3-8c75-4b39-96ac-ffbd69ee77bc,c5,c4,2469,p2,?,
1769449442.6076186,SENT,abc0119d-6518-49dc-b4aa-e0e1ea9d0cb0,6de8fe7d-fc12-455a-afba-48d54f502c20,c4,DROP,1011,?,i1,
1769449442.6076593,FORWARDED,abc0119d-6518-49dc-b4aa-e0e1ea9d0cb0,6de8fe7d-fc12-455a-afba-48d54f502c20,c4,DROP,1011,?,i1,
1769449442.6334093,SENT,9d318990-a134-4b4c-9075-24673d01dc02,90367c53-94de-4049-a4c8-52ee5795b4e8,c4,c5,1760,?,i6,
1769449442.6334589,FORWARDED,9d318990-a134-4b4c-9075-24673d01dc02,90367c53-94de-4049-a4c8-52ee5795b4e8,c4,c5,1760,?,i6,
1769449442.6509264,SENT,b761afd3-8719-44d4-b0a9-bc6a3572f3df,7c02b7e3-8c75-4b39-96ac-ffbd69ee77bc,c5,c4,1779,?,i11,
1769449442.6509676,FORWARDED,b761afd3-8719-44d4-b0a9-bc6a3572f3df,7c02b7e3-8c75-4b39-96ac-ffbd69ee77bc,c5,c4,1779,?,i11,
1769449442.6570628,RECEIVED,d11c14e0-863d-4f4d-9691-6d6c9490b33d,69749471-1ea2-4479-b9ac-dcf8b96e3dd1,c3,c5,2459,p3,?,
1769449442.7035367,RECEIVED,4e55e102-1db7-4914-95b5-17e5a794d651,a28743ad-8b07-490b-b8e7-98ae85b57bda,c5,DROP,1439,p2,?,
1769449442.785949,SENT,f6dfbaa9-7e9a-4f4a-a3b3-ad077291f25e,a87d5dcb-f47f-4fb3-bcc9-623c35f05237,c4,DROP,1006,?,i10,
1769449442.7859886,FORWARDED,f6dfbaa9-7e9a-4f4a-a3b3-ad077291f25e,a87d5dcb-f47f-4fb3-bcc9-623c35f05237,c4,DROP,1006,?,i10,
1769449442.8185763,RECEIVED,8f49c4a6-6b6d-4342-9a5a-1ec3ebd3c631,0aa8e804-e273-4ad0-917e-357db84e0c25,c5,DROP,1443,p2,?,
1769449442.9759004,RECEIVED,2864cae1-2e08-4123-aa30-e1b54afff92b,156fe763-3e19-42c6-a12e-e3026075fcb1,c1,DROP,1439,p1,?,
1769449443.0146453,RECEIVED,b5510add-b3f1-4d9f-a28b-762946db2ec7,e4c91bc2-8ec7-4163-985a-d41338fecf12,c4,DROP,443,x3,?,
1769449443.0707145,RECEIVED,fb05bd3f-e398-4d41-bf93-e079b16c0555,a180e0d4-cef3-400c-ae24-edf4a789be5a,c2,DROP,1452,p2,?,
1769449443.0920951,SENT,2864cae1-2e08-4123-aa30-e1b54afff92b,156fe763-3e19-42c6-a12e-e3026075fcb1,c1,DROP,1008,?,i2,
1769449443.0921366,FORWARDED,2864cae1-2e08-4123-aa30-e1b54afff92b,156fe763-3e19-42c6-a12e-e3026075fcb1,c1,DROP,1008,?,i2,
1769449443.1121001,SENT,d11c14e0-863d-4f4d-9691-6d6c9490b33d,69749471-1ea2-4479-b9ac-dcf8b96e3dd1,c3,c5,1771,?,i3,
1769449443.1121411,FORWARDED,d11c14e0-863d-4f4d-9691-6d6c9490b33d,69749471-1ea2-4479-b9ac-dcf8b96e3dd1,c3,c5,1771,?,i3,
1769449443.1218686,RECEIVED,b26b187f-30af-409f-be80-e5936fc4fd9f,21e2fa3d-2117-412f-a2c8-069c9b9822df,c4,DROP,438,x4,?,
1769449443.1471138,RECEIVED,9f6b3055-bb8d-4134-af03-e2ee85d9d23b,923a7fba-bc35-4a9b-a106-dd3a4e830227,c4,DROP,438,x2,?,
1769449443.3842785,RECEIVED,cf03628f-ff2d-45d0-af77-73b2c4099ca1,59a72289-764c-4411-859a-40d58d6cb95f,c4,c5,2448,p1,?,
1769449443.4166183,SENT,fb05bd3f-e398-4d41-bf93-e079b16c0555,a180e0d4-cef3-400c-ae24-edf4a789be5a,c2,DROP,1015,?,i10,
1769449443.4166586,FORWARDED,fb05bd3f-e398-4d41-bf93-e079b16c0555,a180e0d4-cef3-400c-ae24-edf4a789be5a,c2,DROP,1015,?,i10,
1769449443.502659,RECEIVED,a3d84e54-6d14-4df7-b66c-c96731c35f3d,91aae0dd-2334-47b3-9e86-5ffca0543268,c1,DROP,441,x6,?,
1769449443.5335906,RECEIVED,b1a1946f-4457-4464-81ce-eae3ad3bc35c,7834fe0f-1962-41f0-8ece-8ba0b9172bbc,c3,c5,2475,p3,?,
1769449443.5522833,SENT,4e55e102-1db7-4914-95b5-17e5a794d651,a28743ad-8b07-490b-b8e7-98ae85b57bda,c5,DROP,1007,?,i9,
1769449443.5523233,FORWARDED,4e55e102-1db7-4914-95b5-17e5a794d651,a28743ad-8b07-490b-b8e7-98ae85b57bda,c5,DROP,1007,?,i9,
1769449443.6511014,RECEIVED,5b43235d-d259-44f9-b0b6-0ac846f5a866,5c8c4c12-df4a-4c6a-8a58-12feb17bdc4d,c4,DROP,442,x2,?,
1769449443.6778114,RECEIVED,e5969ca7-ff0d-4dfb-9d4c-c110da971a97,a0459f4b-9b53-43c3-a591-5ac55eef427f,c1,DROP,441,x6,?,
1769449443.6960785,RECEIVED,47d4bf85-f10e-408d-9fa7-d98fbef25819,33f7bf13-c7ec-4e75-9b02-8cff2e7354cd,c1,DROP,1448,p1,?,
1769449443.7676086,SENT,cf03628f-ff2d-45d0-af77-73b2c4099ca1,59a72289-764c-4411-859a-40d58d6cb95f,c4,c5,1764,?,i8,
1769449443.7676501,FORWARDED,cf03628f-ff2d-45d0-af77-73b2c4099ca1,59a72289-764c-4411-859a-40d58d6cb95f,c4,c5,1764,?,i8,
1769449443.788037,RECEIVED,e6515036-a5e6-4e29-b145-bc486fe758bb,1ff7f1df-1b82-49fd-beca-0bb2120d8429,c5,c4,2463,p2,?,
1769449443.7956727,RECEIVED,b64bd410-ba41-4790-836d-4b3c37a38e60,5dfa9eae-2d56-4be1-9132-c7675d6b2b8d,c4,c5,2471,p1,?,
1769449443.865855,SENT,47d4bf85-f10e-408d-9fa7-d98fbef25819,33f7bf13-c7ec-4e75-9b02-8cff2e7354cd,c1,DROP,1013,?,i9,
1769449443.8658957,FORWARDED,47d4bf85-f10e-408d-9fa7-d98fbef25819,33f7bf13-c7ec-4e75-9b02-8cff2e7354cd,c1,DROP,1013,?,i9,
1769449443.9034395,RECEIVED,37fc98ac-671c-42ea-9a31-335bca0cc760,7aa83285-0154-45c6-b527-a286d1e0bb6b,c1,DROP,1440,p1,?,
1769449443.912243,RECEIVED,813024a5-8a71-413b-a85e-91e3dc7832c4,aa0e117b-4d7b-4145-a5ea-7e018e66e975,c5,DROP,1444,p2,?,
1769449443.928697,RECEIVED,cd58e9f2-a2be-4986-ad20-34c047860add,8898a344-3b7a-4b2c-93fd-2746e2942960,c1,c3,2463,p1,?,
1769449443.9438426,SENT,e6515036-a5e6-4e29-b145-bc486fe758bb,1ff7f1df-1b82-49fd-beca-0bb2120d8429,c5,c4,1775,?,i7,
1769449443.943883,FORWARDED,e6515036-a5e6-4e29-b145-bc486fe758bb,1ff7f1df-1b82-49fd-beca-0bb2120d8429,c5,c4,1775,?,i7,
1769449443.9449346,RECEIVED,bf4bc7f1-94d7-44c8-a9ef-766b151eac0d,4153855c-0c8d-4f47-88ee-1236c1e28bff,c3,DROP,1451,p3,?,
1769449444.0676048,SENT,813024a5-8a71-413b-a85e-91e3dc7832c4,aa0e117b-4d7b-4145-a5ea-7e018e66e975,c5,DROP,1009,?,i5,
1769449444.0676436,FORWARDED,813024a5-8a71-413b-a85e-91e3dc7832c4,aa0e117b-4d7b-4145-a5ea-7e018e66e975,c5,DROP,1009,?,i5,
1769449444.078985,SENT,37fc98ac-671c-42ea-9a31-335bca0cc760,7aa83285-0154-45c6-b527-a286d1e0bb6b,c1,DROP,1007,?,i5,
1769449444.0790226,FORWARDED,37fc98ac-671c-42ea-9a31-335bca0cc760,7aa83285-0154-45c6-b527-a286d1e0bb6b,c1,DROP,1007,?,i5,
1769449444.0924315,RECEIVED,b9e34ba2-651b-46fa-99db-4edcf9a048ae,317be249-9a03-4179-a4be-9a5336051d65,c4,c5,2459,p1,?,
1769449444.5099044,RECEIVED,39df50ab-19ea-4aeb-8397-532fb523e10c,de5be12e-53c9-423f-b896-1b03355f1a05,c3,DROP,1443,p3,?,
1769449444.5286095,RECEIVED,8737399f-2486-4348-bf60-cabd959aa2db,dc33cd46-2c71-4f0b-be5a-f5b6e62a90fd,c3,c5,2448,p3,?,
1769449444.565414,SENT,8737399f-2486-4348-bf60-cabd959aa2db,dc33cd46-2c71-4f0b-be5a-f5b6e62a90fd,c3,c5,1763,?,i6,
1769449444.5654542,FORWARDED,8737399f-2486-4348-bf60-cabd959aa2db,dc33cd46-2c71-4f0b-be5a-f5b6e62a90fd,c3,c5,1763,?,i6,
1769449444.6322484,SENT,8f49c4a6-6b6d-4342-9a5a-1ec3ebd3c631,0aa8e804-e273-4ad0-917e-357db84e0c25,c5,DROP,1009,?,i2,
1769449444.6322846,FORWARDED,8f49c4a6-6b6d-4342-9a5a-1ec3ebd3c631,0aa8e804-e273-4ad0-917e-357db84e0c25,c5,DROP,1009,?,i2,
1769449444.6437268,SENT,b1a1946f-4457-4464-81ce-eae3ad3bc35c,7834fe0f-1962-41f0-8ece-8ba0b9172bbc,c3,c5,1783,?,i6,
1769449444.6437676,FORWARDED,b1a1946f-4457-4464-81ce-eae3ad3bc35c,7834fe0f-1962-41f0-8ece-8ba0b9172bbc,c3,c5,1783,?,i6,
1769449444.759353,RECEIVED,17d8b5d4-42ae-4479-acbf-cd616f612034,1e6d0eaa-20ec-4aa5-beac-e52e5dc031e5,c1,c3,2473,p1,?,
1769449444.8442452,SENT,39df50ab-19ea-4aeb-8397-532fb523e10c,de5be12e-53c9-423f-b896-1b03355f1a05,c3,DROP,1010,?,i6,
1769449444.8446743,FORWARDED,39df50ab-19ea-4aeb-8397-532fb523e10c,de5be12e-53c9-423f-b896-1b03355f1a05,c3,DROP,1010,?,i6,
1769449444.9082942,SENT,cd58e9f2-a2be-4986-ad20-34c047860add,8898a344-3b7a-4b2c-93fd-2746e2942960,c1,c3,1775,?,i4,
1769449444.9083376,FORWARDED,cd58e9f2-a2be-4986-ad20-34c047860add,8898a344-3b7a-4b2c-93fd-2746e2942960,c1,c3,1775,?,i4,
1769449444.9206638,SENT,17d8b5d4-42ae-4479-acbf-cd616f612034,1e6d0eaa-20ec-4aa5-beac-e52e5dc031e5,c1,c3,1780,?,i12,
1769449444.9207058,FORWARDED,17d8b5d4-42ae-4479-acbf-cd616f612034,1e6d0eaa-20ec-4aa5-beac-e52e5dc031e5,c1,c3,1780,?,i12,
1769449445.1093025,SENT,b9e34ba2-651b-46fa-99db-4edcf9a048ae,317be249-9a03-4179-a4be-9a5336051d65,c4,c5,1772,?,i5,
1769449445.1093416,FORWARDED,b9e34ba2-651b-46fa-99db-4edcf9a048ae,317be249-9a03-4179-a4be-9a5336051d65,c4,c5,1772,?,i5,
1769449445.432972,SENT,bf4bc7f1-94d7-44c8-a9ef-766b151eac0d,4153855c-0c8d-4f47-88ee-1236c1e28bff,c3,DROP,1017,?,i9,
1769449445.433009,FORWARDED,bf4bc7f1-94d7-44c8-a9ef-766b151eac0d,4153855c-0c8d-4f47-88ee-1236c1e28bff,c3,DROP,1017,?,i9,
1769449445.549424,RECEIVED,ba0b9a3e-acf1-427e-97ca-e8ba4a38d0be,4e1e5422-5f39-4565-962f-961a2c8b66cd,c2,c1,2465,p2,?,
1769449445.590271,RECEIVED,3f6cb730-af29-4956-9789-37e264d14591,23d946c9-1215-4d97-a832-9b0d5d319b84,c2,c1,2473,p2,?,
1769449445.6142614,RECEIVED,9cfd3d80-e6ef-4399-800c-66d4905c5e96,7b5e6f1b-a85a-4ae6-926f-6f71a6bb9928,c3,c5,2475,p3,?,
1769449445.6347003,SENT,ba0b9a3e-acf1-427e-97ca-e8ba4a38d0be,4e1e5422-5f39-4565-962f-961a2c8b66cd,c2,c1,1774,?,i12,
1769449445.634739,FORWARDED,ba0b9a3e-acf1-427e-97ca-e8ba4a38d0be,4e1e5422-5f39-4565-962f-961a2c8b66cd,c2,c1,1774,?,i12,
1769449445.7221568,RECEIVED,84c62c96-3780-4e0c-a0c8-7232b575a9c2,0b886ef7-9981-4deb-9dcf-1e27b8fc8ab8,c1,DROP,1451,p1,?,
1769449445.7843444,SENT,84c62c96-3780-4e0c-a0c8-7232b575a9c2,0b886ef7-9981-4deb-9dcf-1e27b8fc8ab8,c1,DROP,1015,?,i7,
1769449445.7843828,FORWARDED,84c62c96-3780-4e0c-a0c8-7232b575a9c2,0b886ef7-9981-4deb-9dcf-1e27b8fc8ab8,c1,DROP,1015,?,i7,
1769449445.7960765,SENT,3f6cb730-af29-4956-9789-37e264d14591,23d946c9-1215-4d97-a832-9b0d5d319b84,c2,c1,1780,?,i10,
1769449445.796117,FORWARDED,3f6cb730-af29-4956-9789-37e264d14591,23d946c9-1215-4d97-a832-9b0d5d319b84,c2,c1,1780,?,i10,
1769449445.7972994,RECEIVED,73a5ecec-efa4-404d-94d4-73f3d1950227,f2c97361-a555-4cf6-8879-4d36889424fd,c2,c1,2455,p2,?,
1769449445.897299,SENT,73a5ecec-efa4-404d-94d4-73f3d1950227,f2c97361-a555-4cf6-8879-4d36889424fd,c2,c1,1768,?,i6,
1769449445.897338,FORWARDED,73a5ecec-efa4-404d-94d4-73f3d1950227,f2c97361-a555-4cf6-8879-4d36889424fd,c2,c1,1768,?,i6,
1769449446.1691468,RECEIVED,9a8da9b6-e07d-4a2d-8071-c5785aae028d,141b42f0-b336-4574-8e68-3aaa84ee6778,c2,c1,2467,p2,?,
1769449446.3928123,RECEIVED,052c10b7-b626-42e3-afbb-9018137b0653,c7e5ac40-db91-4a84-abb0-7585504fdceb,c5,c4,2461,p2,?,
1769449446.455841,SENT,9a8da9b6-e07d-4a2d-8071-c5785aae028d,141b42f0-b336-4574-8e68-3aaa84ee6778,c2,c1,1779,?,i8,
1769449446.4558806,FORWARDED,9a8da9b6-e07d-4a2d-8071-c5785aae028d,141b42f0-b336-4574-8e68-3aaa84ee6778,c2,c1,1779,?,i8,
1769449446.48133,RECEIVED,c36e22a8-4db9-4922-a960-15cd0638904a,13042684-f2cc-4cf7-a2b8-0838bf6b2bda,c5,DROP,441,x10,?,
1769449446.4817498,SENT,052c10b7-b626-42e3-afbb-9018137b0653,c7e5ac40-db91-4a84-abb0-7585504fdceb,c5,c4,1773,?,i11,
1769449446.4817927,FORWARDED,052c10b7-b626-42e3-afbb-9018137b0653,c7e5ac40-db91-4a84-abb0-7585504fdceb,c5,c4,1773,?,i11,
1769449446.738827,SENT,9cfd3d80-e6ef-4399-800c-66d4905c5e96,7b5e6f1b-a85a-4ae6-926f-6f71a6bb9928,c3,c5,1784,?,i10,
1769449446.738866,FORWARDED,9cfd3d80-e6ef-4399-800c-66d4905c5e96,7b5e6f1b-a85a-4ae6-926f-6f71a6bb9928,c3,c5,1784,?,i10,
1769449447.0476966,RECEIVED,7a7cfd99-01bf-46be-ad33-a17b767becda,2856c9bd-442d-49b5-8afe-3c324cf524d7,c4,DROP,1451,p1,?,
1769449447.3090637,RECEIVED,8f801a24-0f48-42b0-89ae-68ef3812a019,afb48c16-f0db-498c-8af5-a6c73632147e,c5,DROP,1451,p2,?,
1769449447.3335028,RECEIVED,4a9deadc-1e92-48e3-a4f0-530468fdaefa,f8334830-e0e4-4cc0-a8e4-4fba2da6e113,c1,DROP,1440,p1,?,
1769449447.3544972,SENT,b64bd410-ba41-4790-836d-4b3c37a38e60,5dfa9eae-2d56-4be1-9132-c7675d6b2b8d,c4,c5,1780,?,i7,
1769449447.3545365,FORWARDED,b64bd410-ba41-4790-836d-4b3c37a38e60,5dfa9eae-2d56-4be1-9132-c7675d6b2b8d,c4,c5,1780,?,i7,
1769449447.4464288,RECEIVED,7242a759-cf5c-4acb-82e7-997dbb3fab0e,4a618635-32bb-463f-9403-2aa4cb77a548,c5,DROP,1453,p2,?,
1769449447.4473011,SENT,4a9deadc-1e92-48e3-a4f0-530468fdaefa,f8334830-e0e4-4cc0-a8e4-4fba2da6e113,c1,DROP,1007,?,i2,
1769449447.4473555,FORWARDED,4a9deadc-1e92-48e3-a4f0-530468fdaefa,f8334830-e0e4-4cc0-a8e4-4fba2da6e113,c1,DROP,1007,?,i2,
1769449447.5589786,SENT,7242a759-cf5c-4acb-82e7-997dbb3fab0e,4a618635-32bb-463f-9403-2aa4cb77a548,c5,DROP,1016,?,i12,
1769449447.5590186,FORWARDED,7242a759-cf5c-4acb-82e7-997dbb3fab0e,4a618635-32bb-463f-9403-2aa4cb77a548,c5,DROP,1016,?,i12,
1769449447.5748284,SENT,7a7cfd99-01bf-46be-ad33-a17b767becda,2856c9bd-442d-49b5-8afe-3c324cf524d7,c4,DROP,1015,?,i5,
1769449447.574869,FORWARDED,7a7cfd99-01bf-46be-ad33-a17b767becda,2856c9bd-442d-49b5-8afe-3c324cf524d7,c4,DROP,1015,?,i5,
1769449447.8599532,RECEIVED,4a743d46-8a0f-44ae-bf09-40b367373539,4162fc93-d3e4-4df4-827e-07cc965cdfcb,c3,DROP,1449,p3,?,
1769449447.8933878,SENT,8f801a24-0f48-42b0-89ae-68ef3812a019,afb48c16-f0db-498c-8af5-a6c73632147e,c5,DROP,1015,?,i3,
1769449447.8934326,FORWARDED,8f801a24-0f48-42b0-89ae-68ef3812a019,afb48c16-f0db-498c-8af5-a6c73632147e,c5,DROP,1015,?,i3,
1769449447.9037676,SENT,4a743d46-8a0f-44ae-bf09-40b367373539,4162fc93-d3e4-4df4-827e-07cc965cdfcb,c3,DROP,1012,?,i6,
1769449447.9038093,FORWARDED,4a743d46-8a0f-44ae-bf09-40b367373539,4162fc93-d3e4-4df4-827e-07cc965cdfcb,c3,DROP,1012,?,i6,
1769449447.9105182,RECEIVED,f615bb1c-be98-458d-bd85-9c32d892c773,cbe2029a-320f-4663-bc16-f836be2944f3,c4,c5,2455,p1,?,
1769449448.1764996,RECEIVED,f71048b2-e298-447a-a811-b81209088e9a,519ef673-922f-4e65-9af4-7106f7375a72,c3,DROP,1451,p3,?,
1769449448.5082173,RECEIVED,0a3da870-fc67-40ea-9fa3-c125eeed6c23,a0b29591-13f2-4f4c-8cf3-5d2013f80f3d,c5,c4,2477,p2,?,
1769449448.6377068,RECEIVED,715bbfdd-bd82-4e06-8e0d-90dbcd77161b,3761f758-9f00-45be-820c-bce6371d06f8,c1,DROP,1456,p1,?,
1769449448.7676315,SENT,0a3da870-fc67-40ea-9fa3-c125eeed6c23,a0b29591-13f2-4f4c-8cf3-5d2013f80f3d,c5,c4,1783,?,i10,
1769449448.7676785,FORWARDED,0a3da870-fc67-40ea-9fa3-c125eeed6c23,a0b29591-13f2-4f4c-8cf3-5d2013f80f3d,c5,c4,1783,?,i10,
1769449448.8250234,RECEIVED,5e51761d-41ed-4818-88d1-54c5b961a34c,c4b9b1a9-391d-4ded-b6dc-f457c929c6b9,c1,DROP,1440,p1,?,
1769449448.9835267,RECEIVED,f9d58f4d-99f9-4e14-ae4a-192ec2220831,9ef772dc-d4ad-428e-8696-025e75d2b480,c4,c5,2468,p1,?,
1769449449.0508027,SENT,f615bb1c-be98-458d-bd85-9c32d892c773,cbe2029a-320f-4663-bc16-f836be2944f3,c4,c5,1768,?,i8,
1769449449.0508406,FORWARDED,f615bb1c-be98-458d-bd85-9c32d892c773,cbe2029a-320f-4663-bc16-f836be2944f3,c4,c5,1768,?,i8,
1769449449.0689209,SENT,f9d58f4d-99f9-4e14-ae4a-192ec2220831,9ef772dc-d4ad-428e-8696-025e75d2b480,c4,c5,1777,?,i5,
1769449449.068961,FORWARDED,f9d58f4d-99f9-4e14-ae4a-192ec2220831,9ef772dc-d4ad-428e-8696-025e75d2b480,c4,c5,1777,?,i5,
1769449449.1353357,RECEIVED,f2203f4f-a2ce-4db4-ba87-537945454ef6,33b717c7-d3e9-4bf7-90aa-af0ff4dceb9e,c3,c5,2465,p3,?,
1769449449.2244108,SENT,f2203f4f-a2ce-4db4-ba87-537945454ef6,33b717c7-d3e9-4bf7-90aa-af0ff4dceb9e,c3,c5,1775,?,i12,
1769449449.2244494,FORWARDED,f2203f4f-a2ce-4db4-ba87-537945454ef6,33b717c7-d3e9-4bf7-90aa-af0ff4dceb9e,c3,c5,1775,?,i12,
1769449449.3238745,SENT,5e51761d-41ed-4818-88d1-54c5b961a34c,c4b9b1a9-391d-4ded-b6dc-f457c929c6b9,c1,DROP,1008,?,i2,
1769449449.3239899,FORWARDED,5e51761d-41ed-4818-88d1-54c5b961a34c,c4b9b1a9-391d-4ded-b6dc-f457c929c6b9,c1,DROP,1008,?,i2,
1769449449.342182,RECEIVED,82b3e43d-a6ba-4937-9101-9aebea7f6f30,9d8cc47e-4f22-4339-8f01-0becc65aaf67,c4,DROP,442,x3,?,
1769449449.3606052,SENT,f71048b2-e298-447a-a811-b81209088e9a,519ef673-922f-4e65-9af4-7106f7375a72,c3,DROP,1015,?,i5,
1769449449.3607001,FORWARDED,f71048b2-e298-447a-a811-b81209088e9a,519ef673-922f-4e65-9af4-7106f7375a72,c3,DROP,1015,?,i5,
1769449449.3685114,RECEIVED,f788406e-5f55-4c02-8113-a31ca4d6efbe,1fc96f32-4b9d-47b5-aef8-b826eee1960c,c4,c5,2463,p1,?,
1769449449.3756664,SENT,715bbfdd-bd82-4e06-8e0d-90dbcd77161b,3761f758-9f00-45be-820c-bce6371d06f8,c1,DROP,1020,?,i12,
1769449449.3757205,FORWARDED,715bbfdd-bd82-4e06-8e0d-90dbcd77161b,3761f758-9f00-45be-820c-bce6371d06f8,c1,DROP,1020,?,i12,
1769449449.380431,RECEIVED,b8883d78-1a44-4c02-856c-280e2136f02d,7152c9ce-03ca-4b92-8420-176a31b071bd,c4,DROP,1452,p1,?,
1769449449.5180795,RECEIVED,b0fa1dfb-d838-4234-9f2d-1f5be58d92ad,d073e052-e11a-4908-b98d-26844c4b0592,c5,DROP,446,x10,?,
1769449449.5195153,RECEIVED,fa9dffda-cdbb-4a07-b587-af7dc089d892,43f27131-eddd-475d-9802-3b48ade51420,c5,c4,2463,p2,?,
1769449449.5465565,SENT,b8883d78-1a44-4c02-856c-280e2136f02d,7152c9ce-03ca-4b92-8420-176a31b071bd,c4,DROP,1016,?,i8,
1769449449.546596,FORWARDED,b8883d78-1a44-4c02-856c-280e2136f02d,7152c9ce-03ca-4b92-8420-176a31b071bd,c4,DROP,1016,?,i8,
1769449449.554864,SENT,fa9dffda-cdbb-4a07-b587-af7dc089d892,43f27131-eddd-475d-9802-3b48ade51420,c5,c4,1775,?,i7,
1769449449.5549033,FORWARDED,fa9dffda-cdbb-4a07-b587-af7dc089d892,43f27131-eddd-475d-9802-3b48ade51420,c5,c4,1775,?,i7,
1769449449.6920989,RECEIVED,4b43885b-fb1a-4c8c-b931-422afcd7f50b,d25fdc82-d4b8-4afd-b1bf-5976beb34747,c3,DROP,438,x5,?,
1769449450.025121,RECEIVED,1d4dd4c3-47e0-484f-8e06-19ce78de3e90,f0e62466-725f-4528-baee-5daff3615bd3,c5,c4,2460,p2,?,
1769449450.24045,RECEIVED,c1e13584-f3de-4062-b7ca-f9345492fb72,b6abf5bf-e79d-4080-9b69-723cc56be224,c2,DROP,1439,p2,?,
1769449450.2414985,RECEIVED,7ec542b3-0f80-4b3c-bae5-43aef6fb8433,144c6644-8e1f-4842-b57c-14ea73fd5481,c3,DROP,1447,p3,?,
1769449450.2595906,RECEIVED,8d65cee5-7849-454a-b4d6-1134bd472ac7,c65ce038-50f5-45ae-8971-3cf1de50cb24,c3,DROP,1452,p3,?,
1769449450.3125703,RECEIVED,a400291e-20d6-4632-bdb5-ade9a0b40330,242ee862-bd69-41da-9999-f4e7cc054265,c3,DROP,1442,p3,?,
1769449450.3944829,SENT,8d65cee5-7849-454a-b4d6-1134bd472ac7,c65ce038-50f5-45ae-8971-3cf1de50cb24,c3,DROP,1017,?,i4,
1769449450.3945236,FORWARDED,8d65cee5-7849-454a-b4d6-1134bd472ac7,c65ce038-50f5-45ae-8971-3cf1de50cb24,c3,DROP,1017,?,i4,
1769449450.3992507,RECEIVED,7a35ee66-62cd-402b-b6f7-cb8cf3dcf44e,6530e36b-918e-43b2-85c0-831f39cfd4fb,c2,DROP,1441,p2,?,
1769449450.45425,RECEIVED,ff817e90-def3-4cca-bf9b-d6d4be47203e,47c71153-7c6e-430d-86e2-e6b7d611ab0a,c5,DROP,1438,p2,?,
1769449450.4821563,SENT,f788406e-5f55-4c02-8113-a31ca4d6efbe,1fc96f32-4b9d-47b5-aef8-b826eee1960c,c4,c5,1775,?,i8,
1769449450.4821975,FORWARDED,f788406e-5f55-4c02-8113-a31ca4d6efbe,1fc96f32-4b9d-47b5-aef8-b826eee1960c,c4,c5,1775,?,i8,
1769449450.5730348,SENT,7ec542b3-0f80-4b3c-bae5-43aef6fb8433,144c6644-8e1f-4842-b57c-14ea73fd5481,c3,DROP,1013,?,i1,
1769449450.5730894,FORWARDED,7ec542b3-0f80-4b3c-bae5-43aef6fb8433,144c6644-8e1f-4842-b57c-14ea73fd5481,c3,DROP,1013,?,i1,
1769449450.6395175,SENT,c1e13584-f3de-4062-b7ca-f9345492fb72,b6abf5bf-e79d-4080-9b69-723cc56be224,c2,DROP,1006,?,i6,
1769449450.639559,FORWARDED,c1e13584-f3de-4062-b7ca-f9345492fb72,b6abf5bf-e79d-4080-9b69-723cc56be224,c2,DROP,1006,?,i6,
1769449450.6549315,SENT,ff817e90-def3-4cca-bf9b-d6d4be47203e,47c71153-7c6e-430d-86e2-e6b7d611ab0a,c5,DROP,1006,?,i6,
1769449450.6549628,FORWARDED,ff817e90-def3-4cca-bf9b-d6d4be47203e,47c71153-7c6e-430d-86e2-e6b7d611ab0a,c5,DROP,1006,?,i6,
1769449450.6884036,SENT,7a35ee66-62cd-402b-b6f7-cb8cf3dcf44e,6530e36b-918e-43b2-85c0-831f39cfd4fb,c2,DROP,1008,?,i12,
1769449450.6884422,FORWARDED,7a35ee66-62cd-402b-b6f7-cb8cf3dcf44e,6530e36b-918e-43b2-85c0-831f39cfd4fb,c2,DROP,1008,?,i12,
1769449450.8598886,RECEIVED,1ee0455c-38f6-40f0-9f00-87180fc51cbe,46ef8c5c-59db-4a88-bdfc-edfbc8bcd15d,c1,DROP,1456,p1,?,
1769449450.8958387,SENT,1ee0455c-38f6-40f0-9f00-87180fc51cbe,46ef8c5c-59db-4a88-bdfc-edfbc8bcd15d,c1,DROP,1020,?,i8,
1769449450.8958795,FORWARDED,1ee0455c-38f6-40f0-9f00-87180fc51cbe,46ef8c5c-59db-4a88-bdfc-edfbc8bcd15d,c1,DROP,1020,?,i8,
1769449450.9719667,RECEIVED,ce4da9c9-bb38-4d6a-a1f5-0af663e403dd,1b60d6b2-8dd3-4418-8826-3da1482226ed,c2,c1,2449,p2,?,
1769449451.0181487,SENT,1d4dd4c3-47e0-484f-8e06-19ce78de3e90,f0e62466-725f-4528-baee-5daff3615bd3,c5,c4,1771,?,i11,
1769449451.0182667,FORWARDED,1d4dd4c3-47e0-484f-8e06-19ce78de3e90,f0e62466-725f-4528-baee-5daff3615bd3,c5,c4,1771,?,i11,
1769449451.0436792,SENT,ce4da9c9-bb38-4d6a-a1f5-0af663e403dd,1b60d6b2-8dd3-4418-8826-3da1482226ed,c2,c1,1763,?,i11,
1769449451.0437925,FORWARDED,ce4da9c9-bb38-4d6a-a1f5-0af663e403dd,1b60d6b2-8dd3-4418-8826-3da1482226ed,c2,c1,1763,?,i11,
1769449451.2204108,SENT,a400291e-20d6-4632-bdb5-ade9a0b40330,242ee862-bd69-41da-9999-f4e7cc054265,c3,DROP,1009,?,i8,
1769449451.2204516,FORWARDED,a400291e-20d6-4632-bdb5-ade9a0b40330,242ee862-bd69-41da-9999-f4e7cc054265,c3,DROP,1009,?,i8,
1769449451.381079,RECEIVED,bbbb59d5-d17f-46b7-9e26-9435fdb4a996,05271ff8-e68a-46cc-a279-eb083ca21c54,c2,c1,2464,p2,?,
1769449451.5808203,RECEIVED,ce8b9d21-f7b2-49bb-97b0-30ea841eae71,3d513378-511a-4ce0-9f0c-350da09a7fbf,c3,DROP,441,x8,?,
1769449451.583405,RECEIVED,b5ae55d7-4246-4e99-9304-2090a7ce779a,56f31530-9f01-4e94-b0ff-53cd383ff12b,c3,c5,2464,p3,?,
1769449451.6718278,RECEIVED,62dab2dd-a742-45f3-a855-ed6633c24e47,5c0ca6a0-da37-4930-af80-4881ca2a5d1a,c4,c5,2463,p1,?,
1769449451.6817787,RECEIVED,2aa94af6-5165-43ec-9ce2-a914e40bc6ee,0d2bfd53-fe98-4dcf-b899-d31273d9d71a,c5,c4,2447,p2,?,
1769449451.8183532,SENT,b5ae55d7-4246-4e99-9304-2090a7ce779a,56f31530-9f01-4e94-b0ff-53cd383ff12b,c3,c5,1775,?,i8,
1769449451.8183928,FORWARDED,b5ae55d7-4246-4e99-9304-2090a7ce779a,56f31530-9f01-4e94-b0ff-53cd383ff12b,c3,c5,1775,?,i8,
1769449451.8225067,RECEIVED,ca949c97-8dce-4be7-b794-7b4f661aaade,8a8b93e8-05ac-49fa-8bb8-7f90ff750758,c3,DROP,1445,p3,?,
1769449451.9641223,SENT,2aa94af6-5165-43ec-9ce2-a914e40bc6ee,0d2bfd53-fe98-4dcf-b899-d31273d9d71a,c5,c4,1764,?,i5,
1769449451.9641628,FORWARDED,2aa94af6-5165-43ec-9ce2-a914e40bc6ee,0d2bfd53-fe98-4dcf-b899-d31273d9d71a,c5,c4,1764,?,i5,
1769449452.0382822,SENT,bbbb59d5-d17f-46b7-9e26-9435fdb4a996,05271ff8-e68a-46cc-a279-eb083ca21c54,c2,c1,1775,?,i11,
1769449452.0383222,FORWARDED,bbbb59d5-d17f-46b7-9e26-9435fdb4a996,05271ff8-e68a-46cc-a279-eb083ca21c54,c2,c1,1775,?,i11,
1769449452.2054305,RECEIVED,5e0d41ad-2ddf-458c-9b79-0144a97d2659,1bea0ef7-067f-4d78-9c57-0d8971b6b7f0,c3,DROP,1457,p3,?,
1769449452.2623923,SENT,ca949c97-8dce-4be7-b794-7b4f661aaade,8a8b93e8-05ac-49fa-8bb8-7f90ff750758,c3,DROP,1011,?,i11,
1769449452.2624314,FORWARDED,ca949c97-8dce-4be7-b794-7b4f661aaade,8a8b93e8-05ac-49fa-8bb8-7f90ff750758,c3,DROP,1011,?,i11,
1769449452.4014168,SENT,62dab2dd-a742-45f3-a855-ed6633c24e47,5c0ca6a0-da37-4930-af80-4881ca2a5d1a,c4,c5,1775,?,i8,
1769449452.401458,FORWARDED,62dab2dd-a742-45f3-a855-ed6633c24e47,5c0ca6a0-da37-4930-af80-4881ca2a5d1a,c4,c5,1775,?,i8,
1769449452.4253378,SENT,5e0d41ad-2ddf-458c-9b79-0144a97d2659,1bea0ef7-067f-4d78-9c57-0d8971b6b7f0,c3,DROP,1020,?,i12,
1769449452.425378,FORWARDED,5e0d41ad-2ddf-458c-9b79-0144a97d2659,1bea0ef7-067f-4d78-9c57-0d8971b6b7f0,c3,DROP,1020,?,i12,
1769449452.7829149,RECEIVED,238ebe8b-4d46-4a95-bed8-d88026bd5a68,8cba3697-36f3-455e-9ae0-4da049883ca6,c2,DROP,1439,p2,?,
1769449452.8000383,RECEIVED,8335ef73-994a-4043-90d4-d58e6b71a26d,109cf6dc-b02b-4778-a8f2-3e490e4725dc,c3,DROP,1440,p3,?,
1769449452.884496,RECEIVED,c77244f8-0228-4435-a678-0974f6aac83b,dbceaf55-34a0-4e52-9a5c-a9aaaea95c37,c5,DROP,1441,p2,?,
1769449452.927072,SENT,c77244f8-0228-4435-a678-0974f6aac83b,dbceaf55-34a0-4e52-9a5c-a9aaaea95c37,c5,DROP,1007,?,i8,
1769449452.9271088,FORWARDED,c77244f8-0228-4435-a678-0974f6aac83b,dbceaf55-34a0-4e52-9a5c-a9aaaea95c37,c5,DROP,1007,?,i8,
1769449452.9417393,RECEIVED,b0d353a3-3ddb-4ae3-9611-b4f30bcc5f04,ade06ecc-abce-4efb-87a2-d1c1ec291636,c1,DROP,1447,p1,?,
1769449453.0070653,RECEIVED,14722ca8-e12a-403b-aee8-8b2e2eaee34e,d5db8a6d-cb66-4948-8e95-3f49b3f5b7a3,c3,DROP,442,x3,?,
1769449453.093348,RECEIVED,6301cfbc-e2db-40c3-bde3-2db0af178fb5,83bb55df-55ef-41c0-9ddb-f25d1f904833,c3,DROP,1452,p3,?,
1769449453.0987206,SENT,8335ef73-994a-4043-90d4-d58e6b71a26d,109cf6dc-b02b-4778-a8f2-3e490e4725dc,c3,DROP,1007,?,i4,
1769449453.098763,FORWARDED,8335ef73-994a-4043-90d4-d58e6b71a26d,109cf6dc-b02b-4778-a8f2-3e490e4725dc,c3,DROP,1007,?,i4,
1769449453.4756393,RECEIVED,9b30bc89-5401-4581-bafc-08e42c534e03,62450043-c207-4b1a-b8c9-dbf6a15cf948,c1,DROP,1439,p1,?,
1769449453.4876611,SENT,6301cfbc-e2db-40c3-bde3-2db0af178fb5,83bb55df-55ef-41c0-9ddb-f25d1f904833,c3,DROP,1016,?,i10,
1769449453.4877002,FORWARDED,6301cfbc-e2db-40c3-bde3-2db0af178fb5,83bb55df-55ef-41c0-9ddb-f25d1f904833,c3,DROP,1016,?,i10,
1769449453.5113447,SENT,238ebe8b-4d46-4a95-bed8-d88026bd5a68,8cba3697-36f3-455e-9ae0-4da049883ca6,c2,DROP,1008,?,i5,
1769449453.5113838,FORWARDED,238ebe8b-4d46-4a95-bed8-d88026bd5a68,8cba3697-36f3-455e-9ae0-4da049883ca6,c2,DROP,1008,?,i5,
1769449453.554189,RECEIVED,a3f80cf1-471f-49cc-8698-b5314f66e1de,938c17b9-30cd-4fc7-ab0f-9560b1a68785,c4,DROP,1440,p1,?,
1769449453.5918655,SENT,b0d353a3-3ddb-4ae3-9611-b4f30bcc5f04,ade06ecc-abce-4efb-87a2-d1c1ec291636,c1,DROP,1012,?,i5,
1769449453.591906,FORWARDED,b0d353a3-3ddb-4ae3-9611-b4f30bcc5f04,ade06ecc-abce-4efb-87a2-d1c1ec291636,c1,DROP,1012,?,i5,
1769449454.00949,RECEIVED,5f3d16d2-6b39-4316-90a8-ea9c783cbddf,48f14f9b-537b-4f82-b05a-c3c7b130a3da,c1,c3,2471,p1,?,
1769449454.0270815,SENT,a3f80cf1-471f-49cc-8698-b5314f66e1de,938c17b9-30cd-4fc7-ab0f-9560b1a68785,c4,DROP,1006,?,i10,
1769449454.027169,FORWARDED,a3f80cf1-471f-49cc-8698-b5314f66e1de,938c17b9-30cd-4fc7-ab0f-9560b1a68785,c4,DROP,1006,?,i10,
1769449454.0626123,RECEIVED,8717c919-52a2-4773-a92d-fbbb5b1e34e5,16d0dd3d-3fb1-49a3-96b0-4d114e432841,c2,DROP,1451,p2,?,
1769449454.129379,RECEIVED,f58b4afa-6d7c-4a3f-97d8-6899fd195730,984d495e-058b-45aa-995f-1616f7e8012f,c3,DROP,1440,p3,?,
1769449454.2597985,SENT,9b30bc89-5401-4581-bafc-08e42c534e03,62450043-c207-4b1a-b8c9-dbf6a15cf948,c1,DROP,1008,?,i9,
1769449454.2598372,FORWARDED,9b30bc89-5401-4581-bafc-08e42c534e03,62450043-c207-4b1a-b8c9-dbf6a15cf948,c1,DROP,1008,?,i9,
1769449454.380743,RECEIVED,f28e1167-bacd-4d8b-a455-e57cedf5c668,4b09320e-8b4a-41a4-b2b2-429cac497f30,c4,DROP,1450,p1,?,
1769449454.4271245,SENT,5f3d16d2-6b39-4316-90a8-ea9c783cbddf,48f14f9b-537b-4f82-b05a-c3c7b130a3da,c1,c3,1780,?,i10,
1769449454.4271636,FORWARDED,5f3d16d2-6b39-4316-90a8-ea9c783cbddf,48f14f9b-537b-4f82-b05a-c3c7b130a3da,c1,c3,1780,?,i10,
1769449454.5661285,SENT,f58b4afa-6d7c-4a3f-97d8-6899fd195730,984d495e-058b-45aa-995f-1616f7e8012f,c3,DROP,1006,?,i6,
1769449454.5661685,FORWARDED,f58b4afa-6d7c-4a3f-97d8-6899fd195730,984d495e-058b-45aa-995f-1616f7e8012f,c3,DROP,1006,?,i6,
1769449454.7245626,SENT,f28e1167-bacd-4d8b-a455-e57cedf5c668,4b09320e-8b4a-41a4-b2b2-429cac497f30,c4,DROP,1015,?,i9,
1769449454.7246006,FORWARDED,f28e1167-bacd-4d8b-a455-e57cedf5c668,4b09320e-8b4a-41a4-b2b2-429cac497f30,c4,DROP,1015,?,i9,
1769449454.7700975,RECEIVED,1313355c-9688-4d9e-8881-22080ecbb469,660d61b1-1ba9-4e4f-a032-bf146af9567a,c3,DROP,1444,p3,?,
1769449455.0433214,RECEIVED,b735e508-38c0-41e0-bf1e-e47adc9017ac,9d6147a6-1347-450e-b441-bbf16b286c89,c1,DROP,1439,p1,?,
1769449455.0706816,RECEIVED,bf4aa0d3-c7a5-411d-a5e5-5078dd5f1aba,2c3f4040-aa2b-41e1-8f2f-dfac4ef4c983,c2,c1,2460,p2,?,
1769449455.1264381,SENT,bf4aa0d3-c7a5-411d-a5e5-5078dd5f1aba,2c3f4040-aa2b-41e1-8f2f-dfac4ef4c983,c2,c1,1771,?,i2,
1769449455.1264856,FORWARDED,bf4aa0d3-c7a5-411d-a5e5-5078dd5f1aba,2c3f4040-aa2b-41e1-8f2f-dfac4ef4c983,c2,c1,1771,?,i2,
1769449455.1957593,RECEIVED,248f206b-f427-4f14-a507-1bd1f4b2bad8,5317f87e-84e8-4f99-a56e-7861ffdf73d5,c4,DROP,1441,p1,?,
1769449455.2972462,RECEIVED,d3e4c2c2-eaae-42fc-9f3a-20ecac9b6375,f2b8605d-cc57-4f9d-a8be-b971b119b1c1,c2,c1,2459,p2,?,
1769449455.349885,SENT,248f206b-f427-4f14-a507-1bd1f4b2bad8,5317f87e-84e8-4f99-a56e-7861ffdf73d5,c4,DROP,1008,?,i12,
1769449455.3499255,FORWARDED,248f206b-f427-4f14-a507-1bd1f4b2bad8,5317f87e-84e8-4f99-a56e-7861ffdf73d5,c4,DROP,1008,?,i12,
1769449455.4285197,RECEIVED,b3d23e03-55e9-4e03-bcd3-56b892ccdf19,d7d68c7d-063d-4ebe-a64e-62704ff98ff1,c3,c5,2476,p3,?,
1769449455.7137547,RECEIVED,813919a3-e17b-4015-899b-ec1ad1f909d1,4083ccef-87af-4d8e-826b-48007e544a57,c4,DROP,1435,p1,?,
1769449455.780465,SENT,b735e508-38c0-41e0-bf1e-e47adc9017ac,9d6147a6-1347-450e-b441-bbf16b286c89,c1,DROP,1006,?,i4,
1769449455.780563,FORWARDED,b735e508-38c0-41e0-bf1e-e47adc9017ac,9d6147a6-1347-450e-b441-bbf16b286c89,c1,DROP,1006,?,i4,
1769449455.8347733,RECEIVED,f3078b0a-29af-4458-ada9-b1d78aaf5d0e,1786d051-e3a9-483f-832c-ad2946baba14,c3,DROP,442,x11,?,
1769449455.854583,RECEIVED,30ea2ec8-3fef-4a6a-a546-4032703c50f9,677ff19e-1c24-4e09-9e3b-a4792b46e502,c3,DROP,443,x8,?,
1769449455.9341562,SENT,1313355c-9688-4d9e-8881-22080ecbb469,660d61b1-1ba9-4e4f-a032-bf146af9567a,c3,DROP,1010,?,i11,
1769449455.9341955,FORWARDED,1313355c-9688-4d9e-8881-22080ecbb469,660d61b1-1ba9-4e4f-a032-bf146af9567a,c3,DROP,1010,?,i11,
1769449456.0025504,SENT,8717c919-52a2-4773-a92d-fbbb5b1e34e5,16d0dd3d-3fb1-49a3-96b0-4d114e432841,c2,DROP,1015,?,i1,
1769449456.00259,FORWARDED,8717c919-52a2-4773-a92d-fbbb5b1e34e5,16d0dd3d-3fb1-49a3-96b0-4d114e432841,c2,DROP,1015,?,i1,
1769449456.4921408,SENT,813919a3-e17b-4015-899b-ec1ad1f909d1,4083ccef-87af-4d8e-826b-48007e544a57,c4,DROP,1004,?,i1,
1769449456.49218,FORWARDED,813919a3-e17b-4015-899b-ec1ad1f909d1,4083ccef-87af-4d8e-826b-48007e544a57,c4,DROP,1004,?,i1,
1769449456.604952,SENT,d3e4c2c2-eaae-42fc-9f3a-20ecac9b6375,f2b8605d-cc57-4f9d-a8be-b971b119b1c1,c2,c1,1771,?,i9,
1769449456.6049902,FORWARDED,d3e4c2c2-eaae-42fc-9f3a-20ecac9b6375,f2b8605d-cc57-4f9d-a8be-b971b119b1c1,c2,c1,1771,?,i9,
1769449456.797646,RECEIVED,f7237cdc-b238-4619-90f0-a148c8c336fd,979ab04f-6e44-4c58-91f7-9dea25187a6b,c4,DROP,1438,p1,?,
1769449456.857277,RECEIVED,12d4a826-a444-4491-8000-836eb143d758,c9bd2c08-e90c-4717-9344-f518f7b36450,c5,DROP,1452,p2,?,
1769449456.9773183,RECEIVED,1fa56e67-82ae-474c-a48d-d091dcf2a676,ef6215b5-53bb-4157-8596-7ebd0aa7f860,c1,DROP,1439,p1,?,
1769449457.0334558,SENT,b3d23e03-55e9-4e03-bcd3-56b892ccdf19,d7d68c7d-063d-4ebe-a64e-62704ff98ff1,c3,c5,1783,?,i10,
1769449457.033493,FORWARDED,b3d23e03-55e9-4e03-bcd3-56b892ccdf19,d7d68c7d-063d-4ebe-a64e-62704ff98ff1,c3,c5,1783,?,i10,
1769449457.0595067,SENT,f7237cdc-b238-4619-90f0-a148c8c336fd,979ab04f-6e44-4c58-91f7-9dea25187a6b,c4,DROP,1007,?,i8,
1769449457.0595667,FORWARDED,f7237cdc-b238-4619-90f0-a148c8c336fd,979ab04f-6e44-4c58-91f7-9dea25187a6b,c4,DROP,1007,?,i8,
1769449457.0793986,SENT,12d4a826-a444-4491-8000-836eb143d758,c9bd2c08-e90c-4717-9344-f518f7b36450,c5,DROP,1016,?,i4,
1769449457.07944,FORWARDED,12d4a826-a444-4491-8000-836eb143d758,c9bd2c08-e90c-4717-9344-f518f7b36450,c5,DROP,1016,?,i4,
1769449457.3568444,RECEIVED,0cf44d9a-e50b-458d-adce-eb353e0bc17a,fe9432db-cec4-4185-9b12-392d0cfefc5f,c1,DROP,441,x6,?,
1769449457.502652,RECEIVED,2f8eff51-219d-40d1-a3f0-33eecd7dbf88,044a57fb-693b-4428-af56-10d58e438e8a,c3,DROP,441,x9,?,
1769449457.5254655,RECEIVED,9c247bc6-050e-4157-bb9f-f4e6cf445dac,80d7ce67-c8d4-4167-8229-128e24711369,c2,c1,2451,p2,?,
1769449457.552222,SENT,1fa56e67-82ae-474c-a48d-d091dcf2a676,ef6215b5-53bb-4157-8596-7ebd0aa7f860,c1,DROP,1008,?,i3,
1769449457.5522616,FORWARDED,1fa56e67-82ae-474c-a48d-d091dcf2a676,ef6215b5-53bb-4157-8596-7ebd0aa7f860,c1,DROP,1008,?,i3,
1769449457.6196172,RECEIVED,6f4f3315-344e-49bc-8174-668b0320b253,ecf4b8c4-e712-4756-9555-bba0441248eb,c5,DROP,1440,p2,?,
1769449457.6670694,RECEIVED,0774bf69-b568-4657-9b33-f7e6382c12bb,1b254da3-9722-4f75-9323-2334968e791a,c1,DROP,442,x12,?,
1769449457.6953666,RECEIVED,e354e04c-6da9-419b-b9e5-a65a328fbfb4,263c55a7-9079-4c00-9e83-fe978b7f7d04,c5,c4,2463,p2,?,
1769449457.7266839,RECEIVED,afeb34e6-3a38-4f22-ac38-84e4a4929823,82e2fd2d-a2f1-4217-ad28-362fd405f2f7,c4,c5,2450,p1,?,
1769449457.7830446,SENT,afeb34e6-3a38-4f22-ac38-84e4a4929823,82e2fd2d-a2f1-4217-ad28-362fd405f2f7,c4,c5,1763,?,i2,
1769449457.7831104,FORWARDED,afeb34e6-3a38-4f22-ac38-84e4a4929823,82e2fd2d-a2f1-4217-ad28-362fd405f2f7,c4,c5,1763,?,i2,
1769449457.7912576,SENT,6f4f3315-344e-49bc-8174-668b0320b253,ecf4b8c4-e712-4756-9555-bba0441248eb,c5,DROP,1008,?,i4,
1769449457.7912967,FORWARDED,6f4f3315-344e-49bc-8174-668b0320b253,ecf4b8c4-e712-4756-9555-bba0441248eb,c5,DROP,1008,?,i4,
1769449458.0852048,RECEIVED,cdb1d674-f4ea-43ea-b807-bc53a572c7b6,51ab4b0f-8ff4-4a0e-9d63-59c94887ff20,c3,DROP,1452,p3,?,
1769449458.122411,SENT,cdb1d674-f4ea-43ea-b807-bc53a572c7b6,51ab4b0f-8ff4-4a0e-9d63-59c94887ff20,c3,DROP,1016,?,i4,
1769449458.122808,FORWARDED,cdb1d674-f4ea-43ea-b807-bc53a572c7b6,51ab4b0f-8ff4-4a0e-9d63-59c94887ff20,c3,DROP,1016,?,i4,
1769449458.307699,SENT,e354e04c-6da9-419b-b9e5-a65a328fbfb4,263c55a7-9079-4c00-9e83-fe978b7f7d04,c5,c4,1776,?,i11,
1769449458.3077378,FORWARDED,e354e04c-6da9-419b-b9e5-a65a328fbfb4,263c55a7-9079-4c00-9e83-fe978b7f7d04,c5,c4,1776,?,i11,
1769449458.4945633,RECEIVED,2345cac4-6595-466a-9fd8-8404bc959f47,6274ab55-9fe2-4c3f-a3a4-ff72882d88c5,c5,c4,2464,p2,?,
1769449458.5361683,SENT,9c247bc6-050e-4157-bb9f-f4e6cf445dac,80d7ce67-c8d4-4167-8229-128e24711369,c2,c1,1766,?,i9,
1769449458.5362093,FORWARDED,9c247bc6-050e-4157-bb9f-f4e6cf445dac,80d7ce67-c8d4-4167-8229-128e24711369,c2,c1,1766,?,i9,
1769449458.601544,RECEIVED,2581d447-35b4-4370-8432-078c5049540e,ddc81c5b-89ee-4f88-8109-138e8cec1373,c4,c5,2447,p1,?,
1769449458.8130825,RECEIVED,8b167026-bc3e-48a7-b4ba-7acef210e731,3fa7d6a8-c226-4aef-81d8-284e55277cbc,c5,c4,2471,p2,?,
1769449458.9358096,RECEIVED,de2a0a02-f2ad-4373-b8f2-36df33b7b70a,1ddaf7c3-7ad0-4f9e-a8a4-2d3faf746ca9,c4,DROP,442,x12,?,
1769449458.9479067,SENT,2345cac4-6595-466a-9fd8-8404bc959f47,6274ab55-9fe2-4c3f-a3a4-ff72882d88c5,c5,c4,1776,?,i6,
1769449458.947947,FORWARDED,2345cac4-6595-466a-9fd8-8404bc959f47,6274ab55-9fe2-4c3f-a3a4-ff72882d88c5,c5,c4,1776,?,i6,
1769449458.9573305,RECEIVED,fe1fcfb9-90f7-4eba-b18e-4125b8e80fcd,3b19bcfa-88e6-4e82-a625-b57d9aa94317,c1,DROP,1440,p1,?,
1769449458.9846892,RECEIVED,ffac699a-f561-4ec6-b771-ce919c0cb304,18ba886a-b0a0-44a0-bacf-f774eb8634c7,c3,DROP,1443,p3,?,
1769449459.1417809,SENT,fe1fcfb9-90f7-4eba-b18e-4125b8e80fcd,3b19bcfa-88e6-4e82-a625-b57d9aa94317,c1,DROP,1008,?,i2,
1769449459.1418214,FORWARDED,fe1fcfb9-90f7-4eba-b18e-4125b8e80fcd,3b19bcfa-88e6-4e82-a625-b57d9aa94317,c1,DROP,1008,?,i2,
1769449459.212536,RECEIVED,6e14372c-b594-4d70-96e3-ddfe9991c01b,562d6293-044f-4c3b-94dd-483de2ee04a9,c2,c1,2474,p2,?,
1769449459.243549,SENT,6e14372c-b594-4d70-96e3-ddfe9991c01b,562d6293-044f-4c3b-94dd-483de2ee04a9,c2,c1,1780,?,i4,
1769449459.2435899,FORWARDED,6e14372c-b594-4d70-96e3-ddfe9991c01b,562d6293-044f-4c3b-94dd-483de2ee04a9,c2,c1,1780,?,i4,
1769449459.2959714,SENT,8b167026-bc3e-48a7-b4ba-7acef210e731,3fa7d6a8-c226-4aef-81d8-284e55277cbc,c5,c4,1780,?,i8,
1769449459.2960098,FORWARDED,8b167026-bc3e-48a7-b4ba-7acef210e731,3fa7d6a8-c226-4aef-81d8-284e55277cbc,c5,c4,1780,?,i8,
1769449459.323997,SENT,ffac699a-f561-4ec6-b771-ce919c0cb304,18ba886a-b0a0-44a0-bacf-f774eb8634c7,c3,DROP,1011,?,i4,
1769449459.324038,FORWARDED,ffac699a-f561-4ec6-b771-ce919c0cb304,18ba886a-b0a0-44a0-bacf-f774eb8634c7,c3,DROP,1011,?,i4,
1769449459.3526063,RECEIVED,38717f89-7b75-4ea5-944a-5ad90f0ed89c,e1f45714-2d6a-400c-a57f-e199876b2de0,c2,DROP,1440,p2,?,
1769449459.426171,RECEIVED,b124edc5-9330-4467-bed5-aa55d312161d,2f74e18d-59bb-4a5e-a74e-19eb0b9a7c70,c2,c1,2445,p2,?,
1769449459.607743,RECEIVED,94cefd9c-809f-421a-bf7c-6266ff78c2b4,425179b9-cef5-4871-bd9f-aaf0cfb2b66c,c3,DROP,1452,p3,?,
1769449459.631201,RECEIVED,89cc0605-9441-49af-b142-b76c6c386100,389aab50-88f9-409d-a18e-966d1c5d6dfb,c3,DROP,1441,p3,?,
1769449459.7266655,SENT,89cc0605-9441-49af-b142-b76c6c386100,389aab50-88f9-409d-a18e-966d1c5d6dfb,c3,DROP,1007,?,i4,
1769449459.7267034,FORWARDED,89cc0605-9441-49af-b142-b76c6c386100,389aab50-88f9-409d-a18e-966d1c5d6dfb,c3,DROP,1007,?,i4,
1769449459.7472913,RECEIVED,b678bbc8-134f-4aa2-85ad-a953aab27a4c,71160217-a9e8-4108-9ed1-20690cd0342d,c5,c4,2447,p2,?,
1769449459.8914678,RECEIVED,91e08b02-c687-4d4b-a9fc-dde80ec04ad2,7c77f3a4-253b-4140-833a-79859f5c4e13,c5,c4,2465,p2,?,
1769449459.960895,SENT,94cefd9c-809f-421a-bf7c-6266ff78c2b4,425179b9-cef5-4871-bd9f-aaf0cfb2b66c,c3,DROP,1016,?,i9,
1769449459.9609354,FORWARDED,94cefd9c-809f-421a-bf7c-6266ff78c2b4,425179b9-cef5-4871-bd9f-aaf0cfb2b66c,c3,DROP,1016,?,i9,
1769449459.96815,SENT,91e08b02-c687-4d4b-a9fc-dde80ec04ad2,7c77f3a4-253b-4140-833a-79859f5c4e13,c5,c4,1776,?,i12,
1769449459.968193,FORWARDED,91e08b02-c687-4d4b-a9fc-dde80ec04ad2,7c77f3a4-253b-4140-833a-79859f5c4e13,c5,c4,1776,?,i12,
1769449460.046607,SENT,38717f89-7b75-4ea5-944a-5ad90f0ed89c,e1f45714-2d6a-400c-a57f-e199876b2de0,c2,DROP,1008,?,i11,
1769449460.0466456,FORWARDED,38717f89-7b75-4ea5-944a-5ad90f0ed89c,e1f45714-2d6a-400c-a57f-e199876b2de0,c2,DROP,1008,?,i11,
1769449460.0516965,RECEIVED,a9b5b7e2-9422-4ab3-8816-c4599e33e12a,a5bc04b7-7c5b-4d49-ab4f-4c6e611e607f,c3,DROP,1448,p3,?,
1769449460.1400175,RECEIVED,32578365-b439-47b4-8daf-8bb1b772e28a,f6004129-a650-4bf6-abda-1462f3282d90,c1,DROP,1441,p1,?,
1769449460.156102,SENT,32578365-b439-47b4-8daf-8bb1b772e28a,f6004129-a650-4bf6-abda-1462f3282d90,c1,DROP,1008,?,i7,
1769449460.1561399,FORWARDED,32578365-b439-47b4-8daf-8bb1b772e28a,f6004129-a650-4bf6-abda-1462f3282d90,c1,DROP,1008,?,i7,
1769449460.184302,RECEIVED,31c1062a-166b-42b6-9507-9503255952c1,25e76eb8-4e80-4a41-bcee-6935efd1d5e2,c1,DROP,1439,p1,?,
1769449460.1959574,SENT,a9b5b7e2-9422-4ab3-8816-c4599e33e12a,a5bc04b7-7c5b-4d49-ab4f-4c6e611e607f,c3,DROP,1012,?,i10,
1769449460.195994,FORWARDED,a9b5b7e2-9422-4ab3-8816-c4599e33e12a,a5bc04b7-7c5b-4d49-ab4f-4c6e611e607f,c3,DROP,1012,?,i10,
1769449460.1999598,RECEIVED,022cee4c-fd09-4eec-97d4-92269e7a9cfb,91993770-7c51-4139-89b4-037e2b9d1ebe,c3,DROP,1442,p3,?,
1769449460.2009656,RECEIVED,82ee3b25-e7cb-4093-aa8d-8759e19dbf4a,838f909b-af89-4e71-bc80-2bd710fcbcef,c1,c3,2460,p1,?,
1769449460.2241592,RECEIVED,108f3151-fe00-4738-ab1d-de56a04f8a8a,3796a9a9-648d-434c-943e-12e09d541438,c5,c4,2464,p2,?,
1769449460.2473197,SENT,2581d447-35b4-4370-8432-078c5049540e,ddc81c5b-89ee-4f88-8109-138e8cec1373,c4,c5,1763,?,i8,
1769449460.24736,FORWARDED,2581d447-35b4-4370-8432-078c5049540e,ddc81c5b-89ee-4f88-8109-138e8cec1373,c4,c5,1763,?,i8,
1769449460.482411,SENT,108f3151-fe00-4738-ab1d-de56a04f8a8a,3796a9a9-648d-434c-943e-12e09d541438,c5,c4,1775,?,i12,
1769449460.4824498,FORWARDED,108f3151-fe00-4738-ab1d-de56a04f8a8a,3796a9a9-648d-434c-943e-12e09d541438,c5,c4,1775,?,i12,
1769449460.5497375,RECEIVED,8739e6e6-588d-488c-99d9-0cfa48e0b08d,e4c6746c-cad6-4583-8091-79a894d615dd,c4,c5,2463,p1,?,
1769449460.5980911,SENT,82ee3b25-e7cb-4093-aa8d-8759e19dbf4a,838f909b-af89-4e71-bc80-2bd710fcbcef,c1,c3,1771,?,i11,
1769449460.59813,FORWARDED,82ee3b25-e7cb-4093-aa8d-8759e19dbf4a,838f909b-af89-4e71-bc80-2bd710fcbcef,c1,c3,1771,?,i11,
1769449460.782911,SENT,022cee4c-fd09-4eec-97d4-92269e7a9cfb,91993770-7c51-4139-89b4-037e2b9d1ebe,c3,DROP,1009,?,i8,
1769449460.7829518,FORWARDED,022cee4c-fd09-4eec-97d4-92269e7a9cfb,91993770-7c51-4139-89b4-037e2b9d1ebe,c3,DROP,1009,?,i8,
1769449460.9950259,SENT,8739e6e6-588d-488c-99d9-0cfa48e0b08d,e4c6746c-cad6-4583-8091-79a894d615dd,c4,c5,1775,?,i2,
1769449460.995545,FORWARDED,8739e6e6-588d-488c-99d9-0cfa48e0b08d,e4c6746c-cad6-4583-8091-79a894d615dd,c4,c5,1775,?,i2,
1769449461.1025386,SENT,b678bbc8-134f-4aa2-85ad-a953aab27a4c,71160217-a9e8-4108-9ed1-20690cd0342d,c5,c4,1763,?,i11,
1769449461.1025782,FORWARDED,b678bbc8-134f-4aa2-85ad-a953aab27a4c,71160217-a9e8-4108-9ed1-20690cd0342d,c5,c4,1763,?,i11,
1769449461.1772277,SENT,31c1062a-166b-42b6-9507-9503255952c1,25e76eb8-4e80-4a41-bcee-6935efd1d5e2,c1,DROP,1008,?,i1,
1769449461.17728,FORWARDED,31c1062a-166b-42b6-9507-9503255952c1,25e76eb8-4e80-4a41-bcee-6935efd1d5e2,c1,DROP,1008,?,i1,
1769449461.47812,RECEIVED,bfa0071d-742b-46cd-8cd5-fec462322c67,463541e7-502d-437a-b040-c8d2c807b288,c1,DROP,1447,p1,?,
1769449461.6907396,RECEIVED,9f54c884-60f9-4427-9629-3697de1b585e,4c74ca1f-11cb-43b9-bf62-ddf2a79c2a1a,c4,DROP,1440,p1,?,
1769449461.7488284,SENT,b124edc5-9330-4467-bed5-aa55d312161d,2f74e18d-59bb-4a5e-a74e-19eb0b9a7c70,c2,c1,1763,?,i1,
1769449461.7488716,FORWARDED,b124edc5-9330-4467-bed5-aa55d312161d,2f74e18d-59bb-4a5e-a74e-19eb0b9a7c70,c2,c1,1763,?,i1,
1769449461.8455527,RECEIVED,d2012516-cfa1-403c-82a0-7b7d44ee5779,8d61bc39-3788-4569-b090-59f5ca9cd1e5,c1,DROP,1452,p1,?,
1769449462.0329144,SENT,bfa0071d-742b-46cd-8cd5-fec462322c67,463541e7-502d-437a-b040-c8d2c807b288,c1,DROP,1012,?,i1,
1769449462.0329547,FORWARDED,bfa0071d-742b-46cd-8cd5-fec462322c67,463541e7-502d-437a-b040-c8d2c807b288,c1,DROP,1012,?,i1,
1769449462.078835,SENT,d2012516-cfa1-403c-82a0-7b7d44ee5779,8d61bc39-3788-4569-b090-59f5ca9cd1e5,c1,DROP,1016,?,i7,
1769449462.078875,FORWARDED,d2012516-cfa1-403c-82a0-7b7d44ee5779,8d61bc39-3788-4569-b090-59f5ca9cd1e5,c1,DROP,1016,?,i7,
1769449462.3107285,SENT,9f54c884-60f9-4427-9629-3697de1b585e,4c74ca1f-11cb-43b9-bf62-ddf2a79c2a1a,c4,DROP,1007,?,i10,
1769449462.3107634,FORWARDED,9f54c884-60f9-4427-9629-3697de1b585e,4c74ca1f-11cb-43b9-bf62-ddf2a79c2a1a,c4,DROP,1007,?,i10,
1769449462.6019108,RECEIVED,05b10829-1437-40c9-9822-37085fb41fb5,a5c35b7b-73db-4b7b-a49e-c99c13b856c4,c5,c4,2452,p2,?,
1769449462.6383798,SENT,05b10829-1437-40c9-9822-37085fb41fb5,a5c35b7b-73db-4b7b-a49e-c99c13b856c4,c5,c4,1766,?,i6,
1769449462.6384218,FORWARDED,05b10829-1437-40c9-9822-37085fb41fb5,a5c35b7b-73db-4b7b-a49e-c99c13b856c4,c5,c4,1766,?,i6,
1769449462.6904044,RECEIVED,582363ec-90cc-496f-b5d7-753014f672a2,dfd0f138-cf17-455b-ad57-a343bc2533cf,c3,DROP,1441,p3,?,
1769449462.7012491,SENT,582363ec-90cc-496f-b5d7-753014f672a2,dfd0f138-cf17-455b-ad57-a343bc2533cf,c3,DROP,1008,?,i6,
1769449462.701289,FORWARDED,582363ec-90cc-496f-b5d7-753014f672a2,dfd0f138-cf17-455b-ad57-a343bc2533cf,c3,DROP,1008,?,i6,
1769449463.0911179,RECEIVED,4b4cad58-e775-4d49-b116-f5a261cd98cf,2d0f05eb-387f-4dec-a0e5-103a6be956eb,c2,DROP,441,x1,?,
1769449463.4418762,RECEIVED,9d18760d-141b-4f69-a5b6-2a5df3e306d9,1a3521fe-c5b7-4a8c-a020-0a921b13b130,c3,c5,2473,p3,?,
1769449463.5292866,RECEIVED,4d5f31fa-9800-4515-a7fd-b6bdbf4d6a43,4bb47216-fa13-4105-b080-b9faf6954d27,c3,DROP,1443,p3,?,
1769449463.5694184,SENT,9d18760d-141b-4f69-a5b6-2a5df3e306d9,1a3521fe-c5b7-4a8c-a020-0a921b13b130,c3,c5,1781,?,i12,
1769449463.5694878,FORWARDED,9d18760d-141b-4f69-a5b6-2a5df3e306d9,1a3521fe-c5b7-4a8c-a020-0a921b13b130,c3,c5,1781,?,i12,
1769449463.6572888,RECEIVED,319bde34-2bf7-460e-90e6-a38c16b858fe,42834d2a-19ca-4192-a6d1-7fa3bf93a4fd,c5,DROP,1444,p2,?,
1769449463.939829,SENT,319bde34-2bf7-460e-90e6-a38c16b858fe,42834d2a-19ca-4192-a6d1-7fa3bf93a4fd,c5,DROP,1011,?,i3,
1769449463.9398682,FORWARDED,319bde34-2bf7-460e-90e6-a38c16b858fe,42834d2a-19ca-4192-a6d1-7fa3bf93a4fd,c5,DROP,1011,?,i3,
1769449463.9618824,RECEIVED,4b8a2025-b4ce-4ec1-ac13-7fabd942e413,23a97ece-7672-4924-b9e3-0c2a0e5717c9,c5,DROP,1452,p2,?,
1769449464.0630121,RECEIVED,423f35ca-9824-4877-ac07-b189198da786,8db507aa-cf82-4a84-bf72-2b2899e3bdd5,c1,c3,2443,p1,?,
1769449464.072329,SENT,4d5f31fa-9800-4515-a7fd-b6bdbf4d6a43,4bb47216-fa13-4105-b080-b9faf6954d27,c3,DROP,1010,?,i6,
1769449464.0726423,FORWARDED,4d5f31fa-9800-4515-a7fd-b6bdbf4d6a43,4bb47216-fa13-4105-b080-b9faf6954d27,c3,DROP,1010,?,i6,
1769449464.1710992,SENT,4b8a2025-b4ce-4ec1-ac13-7fabd942e413,23a97ece-7672-4924-b9e3-0c2a0e5717c9,c5,DROP,1016,?,i9,
1769449464.1711404,FORWARDED,4b8a2025-b4ce-4ec1-ac13-7fabd942e413,23a97ece-7672-4924-b9e3-0c2a0e5717c9,c5,DROP,1016,?,i9,
1769449464.2704947,RECEIVED,3a0c9a10-6268-4011-bbd7-0333436a0394,37e9eb6f-0a14-4cee-8bab-5ab4b60cd949,c3,c5,2448,p3,?,
1769449464.296097,SENT,423f35ca-9824-4877-ac07-b189198da786,8db507aa-cf82-4a84-bf72-2b2899e3bdd5,c1,c3,1760,?,i5,
1769449464.2961435,FORWARDED,423f35ca-9824-4877-ac07-b189198da786,8db507aa-cf82-4a84-bf72-2b2899e3bdd5,c1,c3,1760,?,i5,
1769449464.324495,SENT,3a0c9a10-6268-4011-bbd7-0333436a0394,37e9eb6f-0a14-4cee-8bab-5ab4b60cd949,c3,c5,1764,?,i8,
1769449464.324542,FORWARDED,3a0c9a10-6268-4011-bbd7-0333436a0394,37e9eb6f-0a14-4cee-8bab-5ab4b60cd949,c3,c5,1764,?,i8,
1769449464.421062,RECEIVED,cd08b96e-cb47-4c14-825d-0c193bbe7802,e296a681-8359-4683-8d47-54c36f88062b,c3,DROP,1444,p3,?,
1769449464.487581,SENT,cd08b96e-cb47-4c14-825d-0c193bbe7802,e296a681-8359-4683-8d47-54c36f88062b,c3,DROP,1009,?,i3,
1769449464.4876208,FORWARDED,cd08b96e-cb47-4c14-825d-0c193bbe7802,e296a681-8359-4683-8d47-54c36f88062b,c3,DROP,1009,?,i3,
1769449464.522794,RECEIVED,767155de-5c17-4d0d-bc1a-a9845d260966,fe00046a-a88b-4576-aa9e-7c08a2108d9e,c1,c3,2472,p1,?,
1769449464.740452,RECEIVED,68ef0631-de01-4b40-a16a-5048d72de352,1dff34a4-2603-4906-b481-abe29218e985,c3,DROP,1452,p3,?,
1769449465.0572085,RECEIVED,e833ee76-f9ab-42f8-b2c0-5a6a5527182c,ad2bdf2c-8825-464f-ae05-1e1cb3ee1ab2,c1,DROP,1452,p1,?,
1769449465.0591202,SENT,68ef0631-de01-4b40-a16a-5048d72de352,1dff34a4-2603-4906-b481-abe29218e985,c3,DROP,1015,?,i12,
1769449465.05916,FORWARDED,68ef0631-de01-4b40-a16a-5048d72de352,1dff34a4-2603-4906-b481-abe29218e985,c3,DROP,1015,?,i12,
1769449465.1468673,RECEIVED,7ec09007-13b9-4019-adc2-890f55803cef,c7ac10ee-1200-4f63-bd11-528508fee8fc,c3,DROP,1444,p3,?,
1769449465.1975563,RECEIVED,e296a185-daaf-46f9-b4b2-24c8f3362806,b73b8fd3-407a-44a0-afa9-da7ed5947fc6,c1,c3,2452,p1,?,
1769449465.2009366,SENT,e833ee76-f9ab-42f8-b2c0-5a6a5527182c,ad2bdf2c-8825-464f-ae05-1e1cb3ee1ab2,c1,DROP,1015,?,i1,
1769449465.201038,FORWARDED,e833ee76-f9ab-42f8-b2c0-5a6a5527182c,ad2bdf2c-8825-464f-ae05-1e1cb3ee1ab2,c1,DROP,1015,?,i1,
1769449465.2668138,SENT,e296a185-daaf-46f9-b4b2-24c8f3362806,b73b8fd3-407a-44a0-afa9-da7ed5947fc6,c1,c3,1767,?,i2,
1769449465.2668524,FORWARDED,e296a185-daaf-46f9-b4b2-24c8f3362806,b73b8fd3-407a-44a0-afa9-da7ed5947fc6,c1,c3,1767,?,i2,
1769449465.4427226,RECEIVED,7531b5ce-079a-423f-827c-535eb371780c,d807444c-fe5a-48c2-bc82-00ae928a12a6,c3,DROP,1440,p3,?,
1769449465.465655,RECEIVED,032aaa23-6d1c-4df4-b408-aee3b1b48194,b54024b7-9f17-40ea-9026-489f9e27a4e7,c5,DROP,441,x10,?,
1769449465.4709783,RECEIVED,eed05b5b-7fd3-4edf-9359-ef82807d18a1,34093f66-a2dc-42a1-a1c6-0a1499745f44,c2,DROP,1443,p2,?,
1769449465.569535,SENT,eed05b5b-7fd3-4edf-9359-ef82807d18a1,34093f66-a2dc-42a1-a1c6-0a1499745f44,c2,DROP,1011,?,i10,
1769449465.5695746,FORWARDED,eed05b5b-7fd3-4edf-9359-ef82807d18a1,34093f66-a2dc-42a1-a1c6-0a1499745f44,c2,DROP,1011,?,i10,
1769449465.622643,SENT,7531b5ce-079a-423f-827c-535eb371780c,d807444c-fe5a-48c2-bc82-00ae928a12a6,c3,DROP,1008,?,i5,
1769449465.622683,FORWARDED,7531b5ce-079a-423f-827c-535eb371780c,d807444c-fe5a-48c2-bc82-00ae928a12a6,c3,DROP,1008,?,i5,
1769449465.6825235,RECEIVED,9c95b2c6-da5e-4817-86eb-da4239b98b4c,ce1f2204-ee65-4713-999d-4b081fda6cdc,c1,c3,2459,p1,?,
1769449465.6889877,SENT,7ec09007-13b9-4019-adc2-890f55803cef,c7ac10ee-1200-4f63-bd11-528508fee8fc,c3,DROP,1011,?,i11,
1769449465.6890311,FORWARDED,7ec09007-13b9-4019-adc2-890f55803cef,c7ac10ee-1200-4f63-bd11-528508fee8fc,c3,DROP,1011,?,i11,
1769449465.8518116,RECEIVED,563da859-463b-412b-a105-d9d01dfcb26b,d3d59244-a07e-456e-b671-5d70c1461913,c2,DROP,1438,p2,?,
1769449465.9252112,RECEIVED,5a2ec432-31e9-491d-997f-6fcdc849d966,6a1a570b-e9cd-44d8-a40a-467f4fd73a7c,c3,DROP,443,x12,?,
1769449466.0413723,SENT,767155de-5c17-4d0d-bc1a-a9845d260966,fe00046a-a88b-4576-aa9e-7c08a2108d9e,c1,c3,1780,?,i12,
1769449466.0414124,FORWARDED,767155de-5c17-4d0d-bc1a-a9845d260966,fe00046a-a88b-4576-aa9e-7c08a2108d9e,c1,c3,1780,?,i12,
1769449466.0667295,RECEIVED,3041c5d7-2f47-48da-ba65-cc330638afc8,847de31a-9646-480d-b828-4b7c68f21f2f,c1,DROP,1448,p1,?,
1769449466.1857316,RECEIVED,c81510b7-baee-40df-b2fe-f521776ea125,5381f5ba-d3fc-4700-8582-2934ea4bcf4f,c2,DROP,442,x3,?,
1769449466.3578813,SENT,9c95b2c6-da5e-4817-86eb-da4239b98b4c,ce1f2204-ee65-4713-999d-4b081fda6cdc,c1,c3,1771,?,i1,
1769449466.3579156,FORWARDED,9c95b2c6-da5e-4817-86eb-da4239b98b4c,ce1f2204-ee65-4713-999d-4b081fda6cdc,c1,c3,1771,?,i1,
1769449466.4050934,RECEIVED,02f2f00e-0120-4a31-845b-51e463cb8257,25bc22bd-711d-4c44-a463-6c24e6ee8b13,c5,DROP,1439,p2,?,
1769449466.5309117,RECEIVED,c35c93ed-3a5c-48be-9c36-172492be181f,98300d53-0d3b-47b1-9c8b-4f2550b93193,c1,c3,2461,p1,?,
1769449466.5629041,RECEIVED,24d5006c-2a63-4de0-afa8-b35f761ead8f,dc26b716-dfc3-4a0e-b62a-2a596c369fff,c2,DROP,1440,p2,?,
1769449466.6044269,SENT,02f2f00e-0120-4a31-845b-51e463cb8257,25bc22bd-711d-4c44-a463-6c24e6ee8b13,c5,DROP,1007,?,i8,
1769449466.6044667,FORWARDED,02f2f00e-0120-4a31-845b-51e463cb8257,25bc22bd-711d-4c44-a463-6c24e6ee8b13,c5,DROP,1007,?,i8,
1769449466.729993,SENT,24d5006c-2a63-4de0-afa8-b35f761ead8f,dc26b716-dfc3-4a0e-b62a-2a596c369fff,c2,DROP,1007,?,i8,
1769449466.73003,FORWARDED,24d5006c-2a63-4de0-afa8-b35f761ead8f,dc26b716-dfc3-4a0e-b62a-2a596c369fff,c2,DROP,1007,?,i8,
1769449466.829384,RECEIVED,89d80ab7-6673-4291-888e-1c12d56535aa,962df05c-8d55-45b5-8314-836a99f5dbec,c2,DROP,442,x9,?,
1769449466.9300916,RECEIVED,cd5ae723-bab0-4016-988a-b05310700979,96bb442f-5dc9-4158-aa2f-02f9d2ac821a,c1,DROP,1451,p1,?,
1769449466.946031,SENT,c35c93ed-3a5c-48be-9c36-172492be181f,98300d53-0d3b-47b1-9c8b-4f2550b93193,c1,c3,1772,?,i11,
1769449466.9460843,FORWARDED,c35c93ed-3a5c-48be-9c36-172492be181f,98300d53-0d3b-47b1-9c8b-4f2550b93193,c1,c3,1772,?,i11,
1769449466.948379,SENT,3041c5d7-2f47-48da-ba65-cc330638afc8,847de31a-9646-480d-b828-4b7c68f21f2f,c1,DROP,1012,?,i10,
1769449466.9484193,FORWARDED,3041c5d7-2f47-48da-ba65-cc330638afc8,847de31a-9646-480d-b828-4b7c68f21f2f,c1,DROP,1012,?,i10,
1769449467.2162032,SENT,563da859-463b-412b-a105-d9d01dfcb26b,d3d59244-a07e-456e-b671-5d70c1461913,c2,DROP,1007,?,i5,
1769449467.2162435,FORWARDED,563da859-463b-412b-a105-d9d01dfcb26b,d3d59244-a07e-456e-b671-5d70c1461913,c2,DROP,1007,?,i5,
1769449467.219887,RECEIVED,8dd2f2ed-bd56-4e02-8b0e-d48405bc46b1,74787126-7ea8-4f58-ac74-ec4f62303a29,c3,DROP,441,x5,?,
1769449467.510875,RECEIVED,8226f993-8ab9-4907-83df-3db3199a6bb8,bc0a3b04-6789-4c9e-9cee-3f8ace3f287a,c5,c4,2460,p2,?,
1769449467.5948956,SENT,cd5ae723-bab0-4016-988a-b05310700979,96bb442f-5dc9-4158-aa2f-02f9d2ac821a,c1,DROP,1016,?,i7,
1769449467.5949352,FORWARDED,cd5ae723-bab0-4016-988a-b05310700979,96bb442f-5dc9-4158-aa2f-02f9d2ac821a,c1,DROP,1016,?,i7,
1769449467.6028776,SENT,8226f993-8ab9-4907-83df-3db3199a6bb8,bc0a3b04-6789-4c9e-9cee-3f8ace3f287a,c5,c4,1771,?,i10,
1769449467.6029837,FORWARDED,8226f993-8ab9-4907-83df-3db3199a6bb8,bc0a3b04-6789-4c9e-9cee-3f8ace3f287a,c5,c4,1771,?,i10,
1769449467.6766903,RECEIVED,3f802fcd-62fb-45ba-99d0-70a03f341489,a4e5d21d-f663-4398-ba14-88e97c613b9b,c1,DROP,1452,p1,?,
1769449467.7667665,SENT,3f802fcd-62fb-45ba-99d0-70a03f341489,a4e5d21d-f663-4398-ba14-88e97c613b9b,c1,DROP,1015,?,i2,
1769449467.7668078,FORWARDED,3f802fcd-62fb-45ba-99d0-70a03f341489,a4e5d21d-f663-4398-ba14-88e97c613b9b,c1,DROP,1015,?,i2,
1769449467.8545392,RECEIVED,c63aaaaa-acce-47fc-8041-0aedb5eb1dc6,4ee01f90-503f-4b17-b37f-37fd1594e404,c5,c4,2473,p2,?,
1769449467.9141684,RECEIVED,91d3506d-94d2-4911-87d7-17d9371f92a1,75f4b9e9-048b-4f4c-b2dd-f28331465317,c3,DROP,1443,p3,?,
1769449467.9154298,RECEIVED,f888369d-7817-4c97-9ffb-cb2c4ef2f795,6fca1320-5df7-4f42-b649-a515c3457110,c1,DROP,442,x3,?,
1769449467.9692004,RECEIVED,83c1c67b-f17b-4ee0-b477-c4cde4d86d87,9c125ed5-41b3-40c8-a350-f4307fda5801,c5,c4,2471,p2,?,
1769449468.1614707,SENT,c63aaaaa-acce-47fc-8041-0aedb5eb1dc6,4ee01f90-503f-4b17-b37f-37fd1594e404,c5,c4,1782,?,i12,
1769449468.1615107,FORWARDED,c63aaaaa-acce-47fc-8041-0aedb5eb1dc6,4ee01f90-503f-4b17-b37f-37fd1594e404,c5,c4,1782,?,i12,
1769449468.1934235,SENT,91d3506d-94d2-4911-87d7-17d9371f92a1,75f4b9e9-048b-4f4c-b2dd-f28331465317,c3,DROP,1010,?,i6,
1769449468.1934643,FORWARDED,91d3506d-94d2-4911-87d7-17d9371f92a1,75f4b9e9-048b-4f4c-b2dd-f28331465317,c3,DROP,1010,?,i6,
1769449468.2141576,RECEIVED,72601397-33ad-4c4a-8c52-000a06ba86d9,4f779954-ed37-47b7-86d1-37fc8a2ed8ce,c4,DROP,1440,p1,?,
1769449468.2965834,SENT,72601397-33ad-4c4a-8c52-000a06ba86d9,4f779954-ed37-47b7-86d1-37fc8a2ed8ce,c4,DROP,1008,?,i8,
1769449468.2966323,FORWARDED,72601397-33ad-4c4a-8c52-000a06ba86d9,4f779954-ed37-47b7-86d1-37fc8a2ed8ce,c4,DROP,1008,?,i8,
1769449468.4485614,RECEIVED,db436f9e-4d89-4f79-84d0-f9ba8dfe8b7e,5f6b68ec-4122-4c2b-901e-808fb712ad1b,c4,c5,2463,p1,?,
1769449468.5252042,RECEIVED,fdda6497-8359-40b8-9e4b-1acdbc022a56,1b899086-fd89-4dd5-89a4-9ff37e1ba045,c5,c4,2463,p2,?,
1769449468.5281787,RECEIVED,7a80f1fa-58c6-4c81-86eb-d7ddcd396927,df89187b-1785-4168-9052-b0be4f4ae2c8,c3,DROP,1438,p3,?,
1769449468.6371708,RECEIVED,66333aad-fa6e-4c80-86ef-c02484b04304,87834803-aa22-480b-abca-77c7f81d25ee,c4,c5,2452,p1,?,
1769449468.7284458,SENT,66333aad-fa6e-4c80-86ef-c02484b04304,87834803-aa22-480b-abca-77c7f81d25ee,c4,c5,1767,?,i6,
1769449468.7284815,FORWARDED,66333aad-fa6e-4c80-86ef-c02484b04304,87834803-aa22-480b-abca-77c7f81d25ee,c4,c5,1767,?,i6,
1769449468.7395105,RECEIVED,bf903c6d-c1a3-4bb0-aa40-1eeed212269f,2de16a5b-31c2-4202-8e2c-7cddac5cb280,c2,c1,2457,p2,?,
1769449468.7625897,RECEIVED,dd4b8ec5-c4c4-44fc-8fef-0ac9b3306f98,1235b182-5138-4d36-9615-32797f9e3815,c4,DROP,1456,p1,?,
1769449468.833264,SENT,bf903c6d-c1a3-4bb0-aa40-1eeed212269f,2de16a5b-31c2-4202-8e2c-7cddac5cb280,c2,c1,1768,?,i1,
1769449468.8333042,FORWARDED,bf903c6d-c1a3-4bb0-aa40-1eeed212269f,2de16a5b-31c2-4202-8e2c-7cddac5cb280,c2,c1,1768,?,i1,
1769449468.8403485,SENT,fdda6497-8359-40b8-9e4b-1acdbc022a56,1b899086-fd89-4dd5-89a4-9ff37e1ba045,c5,c4,1775,?,i1,
1769449468.8403883,FORWARDED,fdda6497-8359-40b8-9e4b-1acdbc022a56,1b899086-fd89-4dd5-89a4-9ff37e1ba045,c5,c4,1775,?,i1,
1769449468.9801567,SENT,7a80f1fa-58c6-4c81-86eb-d7ddcd396927,df89187b-1785-4168-9052-b0be4f4ae2c8,c3,DROP,1008,?,i5,
1769449468.980197,FORWARDED,7a80f1fa-58c6-4c81-86eb-d7ddcd396927,df89187b-1785-4168-9052-b0be4f4ae2c8,c3,DROP,1008,?,i5,
1769449469.0443752,RECEIVED,867ad4fc-c94f-4519-af91-18f11d6e948a,234d05e0-4970-45de-8a04-141089fd4bd0,c2,DROP,1450,p2,?,
1769449469.105261,SENT,83c1c67b-f17b-4ee0-b477-c4cde4d86d87,9c125ed5-41b3-40c8-a350-f4307fda5801,c5,c4,1781,?,i9,
1769449469.1053011,FORWARDED,83c1c67b-f17b-4ee0-b477-c4cde4d86d87,9c125ed5-41b3-40c8-a350-f4307fda5801,c5,c4,1781,?,i9,
1769449469.3646262,RECEIVED,9f24e7b3-c289-4ba5-89ae-c181cc84fbf9,1e8f4bbe-f125-48b9-b492-b1b6141ab249,c4,DROP,1452,p1,?,
1769449469.5347667,SENT,dd4b8ec5-c4c4-44fc-8fef-0ac9b3306f98,1235b182-5138-4d36-9615-32797f9e3815,c4,DROP,1019,?,i11,
1769449469.5348125,FORWARDED,dd4b8ec5-c4c4-44fc-8fef-0ac9b3306f98,1235b182-5138-4d36-9615-32797f9e3815,c4,DROP,1019,?,i11,
1769449469.5924225,SENT,9f24e7b3-c289-4ba5-89ae-c181cc84fbf9,1e8f4bbe-f125-48b9-b492-b1b6141ab249,c4,DROP,1016,?,i4,
1769449469.5924592,FORWARDED,9f24e7b3-c289-4ba5-89ae-c181cc84fbf9,1e8f4bbe-f125-48b9-b492-b1b6141ab249,c4,DROP,1016,?,i4,
1769449469.653129,RECEIVED,9c817bf3-dc2b-42d3-a079-d055fe9bc07b,509974df-3180-4147-bcdf-f3715a5495ea,c3,DROP,441,x3,?,
1769449469.7238681,RECEIVED,57c42d85-1eac-4917-8de6-96e8d87a6b9e,dbb5c22f-2e76-4b17-951d-0d8054c74c3b,c3,c5,2462,p3,?,
1769449469.743517,RECEIVED,af562b61-376d-49c0-9fd4-047c8db1e94d,2e50353e-cb87-4c3a-a447-ed4e1025e74c,c4,DROP,1441,p1,?,
1769449469.7805388,SENT,db436f9e-4d89-4f79-84d0-f9ba8dfe8b7e,5f6b68ec-4122-4c2b-901e-808fb712ad1b,c4,c5,1775,?,i3,
1769449469.7805793,FORWARDED,db436f9e-4d89-4f79-84d0-f9ba8dfe8b7e,5f6b68ec-4122-4c2b-901e-808fb712ad1b,c4,c5,1775,?,i3,
1769449469.7841108,SENT,57c42d85-1eac-4917-8de6-96e8d87a6b9e,dbb5c22f-2e76-4b17-951d-0d8054c74c3b,c3,c5,1771,?,i11,
1769449469.7841508,FORWARDED,57c42d85-1eac-4917-8de6-96e8d87a6b9e,dbb5c22f-2e76-4b17-951d-0d8054c74c3b,c3,c5,1771,?,i11,
1769449469.794336,RECEIVED,c05d52d4-937f-46b6-871c-537b4b862a0f,334b5227-f8e5-4607-a608-45b59e8c3c39,c4,DROP,1452,p1,?,
1769449469.9725602,SENT,c05d52d4-937f-46b6-871c-537b4b862a0f,334b5227-f8e5-4607-a608-45b59e8c3c39,c4,DROP,1017,?,i1,
1769449469.9725986,FORWARDED,c05d52d4-937f-46b6-871c-537b4b862a0f,334b5227-f8e5-4607-a608-45b59e8c3c39,c4,DROP,1017,?,i1,
1769449469.995213,RECEIVED,11a75b33-1c7c-4761-8fd9-2486acdd61d2,95b5ba80-c49c-45f7-a347-e4424fff87cc,c3,DROP,441,x4,?,
1769449470.1559985,SENT,af562b61-376d-49c0-9fd4-047c8db1e94d,2e50353e-cb87-4c3a-a447-ed4e1025e74c,c4,DROP,1007,?,i11,
1769449470.1560383,FORWARDED,af562b61-376d-49c0-9fd4-047c8db1e94d,2e50353e-cb87-4c3a-a447-ed4e1025e74c,c4,DROP,1007,?,i11,
1769449470.2993085,RECEIVED,277634ab-3fb6-47e9-a6bc-c370026f85df,d06b216e-a5b7-494d-ac2c-7b0f295647cb,c4,DROP,442,x8,?,
1769449470.514012,SENT,867ad4fc-c94f-4519-af91-18f11d6e948a,234d05e0-4970-45de-8a04-141089fd4bd0,c2,DROP,1015,?,i8,
1769449470.5140603,FORWARDED,867ad4fc-c94f-4519-af91-18f11d6e948a,234d05e0-4970-45de-8a04-141089fd4bd0,c2,DROP,1015,?,i8,
1769449470.7453704,RECEIVED,d0656c13-d749-4bc8-9233-90a7aa035b79,c1fa7250-16cf-4bcd-8cdb-c5fd9447f0ae,c4,DROP,1444,p1,?,
1769449470.8062608,SENT,d0656c13-d749-4bc8-9233-90a7aa035b79,c1fa7250-16cf-4bcd-8cdb-c5fd9447f0ae,c4,DROP,1009,?,i4,
1769449470.8063028,FORWARDED,d0656c13-d749-4bc8-9233-90a7aa035b79,c1fa7250-16cf-4bcd-8cdb-c5fd9447f0ae,c4,DROP,1009,?,i4,
1769449470.8869658,RECEIVED,29de8907-96d5-4e1c-8192-9ddcd5ca6946,6458cffc-0a23-4077-aed5-74a8167fb0bc,c5,DROP,1452,p2,?,
1769449470.8941176,RECEIVED,d4f07ed3-7b47-4323-8666-e91f75434e6d,6b66578b-6760-4905-95bc-f5451489f8d9,c2,DROP,1440,p2,?,
1769449470.9602172,RECEIVED,b6436ac5-f609-4141-8a55-4df2d5696506,96e55910-142c-494a-a86c-c35c0bdbd417,c4,DROP,1440,p1,?,
1769449471.0483859,SENT,d4f07ed3-7b47-4323-8666-e91f75434e6d,6b66578b-6760-4905-95bc-f5451489f8d9,c2,DROP,1008,?,i3,
1769449471.0484254,FORWARDED,d4f07ed3-7b47-4323-8666-e91f75434e6d,6b66578b-6760-4905-95bc-f5451489f8d9,c2,DROP,1008,?,i3,
1769449471.293994,SENT,29de8907-96d5-4e1c-8192-9ddcd5ca6946,6458cffc-0a23-4077-aed5-74a8167fb0bc,c5,DROP,1015,?,i2,
1769449471.294034,FORWARDED,29de8907-96d5-4e1c-8192-9ddcd5ca6946,6458cffc-0a23-4077-aed5-74a8167fb0bc,c5,DROP,1015,?,i2,
1769449471.2949948,RECEIVED,ca0553a8-8559-4926-acbe-d3c83fee6939,4216bddf-221c-408f-80ff-5efd5dd49d1e,c3,DROP,1456,p3,?,
1769449471.310887,RECEIVED,678e2e5e-07fc-438f-8066-b3942fcc4946,a84d38fe-df81-48d3-a449-1df6e8a5738c,c3,DROP,1439,p3,?,
1769449471.5095472,SENT,ca0553a8-8559-4926-acbe-d3c83fee6939,4216bddf-221c-408f-80ff-5efd5dd49d1e,c3,DROP,1018,?,i11,
1769449471.5095913,FORWARDED,ca0553a8-8559-4926-acbe-d3c83fee6939,4216bddf-221c-408f-80ff-5efd5dd49d1e,c3,DROP,1018,?,i11,
1769449471.574706,RECEIVED,aed08db0-0751-436d-9247-1bd9f6216425,6e978538-4479-4ab8-ae06-1c63fcfb136d,c2,c1,2461,p2,?,
1769449471.6724124,RECEIVED,043df410-c904-4980-98b5-646bd0450da0,4642868b-ef94-4b20-b9ee-fb25e3106f17,c2,DROP,442,x6,?,
1769449471.7031114,SENT,b6436ac5-f609-4141-8a55-4df2d5696506,96e55910-142c-494a-a86c-c35c0bdbd417,c4,DROP,1007,?,i11,
1769449471.703155,FORWARDED,b6436ac5-f609-4141-8a55-4df2d5696506,96e55910-142c-494a-a86c-c35c0bdbd417,c4,DROP,1007,?,i11,
1769449471.7062876,SENT,aed08db0-0751-436d-9247-1bd9f6216425,6e978538-4479-4ab8-ae06-1c63fcfb136d,c2,c1,1771,?,i11,
1769449471.7063267,FORWARDED,aed08db0-0751-436d-9247-1bd9f6216425,6e978538-4479-4ab8-ae06-1c63fcfb136d,c2,c1,1771,?,i11,
1769449471.766466,SENT,678e2e5e-07fc-438f-8066-b3942fcc4946,a84d38fe-df81-48d3-a449-1df6e8a5738c,c3,DROP,1007,?,i6,
1769449471.7665129,FORWARDED,678e2e5e-07fc-438f-8066-b3942fcc4946,a84d38fe-df81-48d3-a449-1df6e8a5738c,c3,DROP,1007,?,i6,
1769449471.7999444,RECEIVED,48b54e18-c484-4eae-8a5e-bbf8c141f4ba,61e42041-523f-4344-9ba2-2c4bee5f6425,c1,DROP,1452,p1,?,
1769449471.8586547,RECEIVED,53d7268e-7b29-4926-8eb2-c1dd3bdeedd8,2a94fb3b-f189-426b-b28f-73bc06aa75f9,c4,c5,2464,p1,?,
1769449471.8990602,SENT,53d7268e-7b29-4926-8eb2-c1dd3bdeedd8,2a94fb3b-f189-426b-b28f-73bc06aa75f9,c4,c5,1776,?,i5,
1769449471.8990984,FORWARDED,53d7268e-7b29-4926-8eb2-c1dd3bdeedd8,2a94fb3b-f189-426b-b28f-73bc06aa75f9,c4,c5,1776,?,i5,
1769449471.9240942,RECEIVED,a797a89d-9b04-435a-9d66-efb6cada1e5f,41cdbcc5-73ce-49e5-96bc-80987f88daa3,c2,DROP,1452,p2,?,
1769449471.949399,RECEIVED,96478604-5225-4020-a4c5-681c664bf003,5c6cd325-d1d7-40d6-9d7c-c86fb3a980bd,c1,c3,2464,p1,?,
1769449472.0898583,RECEIVED,49b2463a-bc1b-4d1b-a0cf-13d14e1d4cea,ed0d622d-1b84-4994-a732-4ca9655db011,c3,DROP,1447,p3,?,
1769449472.0930157,SENT,a797a89d-9b04-435a-9d66-efb6cada1e5f,41cdbcc5-73ce-49e5-96bc-80987f88daa3,c2,DROP,1015,?,i7,
1769449472.0930743,FORWARDED,a797a89d-9b04-435a-9d66-efb6cada1e5f,41cdbcc5-73ce-49e5-96bc-80987f88daa3,c2,DROP,1015,?,i7,
1769449472.1339047,RECEIVED,2c001c21-61d5-4082-ac95-72953c8590c9,0e812eb6-7a36-4809-ba17-830e8bd2b89e,c4,DROP,447,x11,?,
1769449472.1494145,RECEIVED,3841d345-2829-466f-9099-f44b1e6c9cdc,ded08306-9e37-4c4e-b138-c1028fc4ae65,c2,DROP,442,x1,?,
1769449472.17979,SENT,96478604-5225-4020-a4c5-681c664bf003,5c6cd325-d1d7-40d6-9d7c-c86fb3a980bd,c1,c3,1775,?,i3,
1769449472.1798296,FORWARDED,96478604-5225-4020-a4c5-681c664bf003,5c6cd325-d1d7-40d6-9d7c-c86fb3a980bd,c1,c3,1775,?,i3,
1769449472.2032158,RECEIVED,c899d74b-0a1b-4adf-80a3-8c05c482cd04,321cda09-7012-4258-8263-a497fd96555e,c2,DROP,447,x10,?,
1769449472.2450984,RECEIVED,38f64963-2688-4770-a504-f85e99c59869,fd66c08b-bd8c-4b3c-bf4d-2fad8c602f34,c5,c4,2459,p2,?,
1769449472.2954202,SENT,49b2463a-bc1b-4d1b-a0cf-13d14e1d4cea,ed0d622d-1b84-4994-a732-4ca9655db011,c3,DROP,1013,?,i1,
1769449472.295461,FORWARDED,49b2463a-bc1b-4d1b-a0cf-13d14e1d4cea,ed0d622d-1b84-4994-a732-4ca9655db011,c3,DROP,1013,?,i1,
1769449472.3133419,SENT,48b54e18-c484-4eae-8a5e-bbf8c141f4ba,61e42041-523f-4344-9ba2-2c4bee5f6425,c1,DROP,1015,?,i12,
1769449472.3133821,FORWARDED,48b54e18-c484-4eae-8a5e-bbf8c141f4ba,61e42041-523f-4344-9ba2-2c4bee5f6425,c1,DROP,1015,?,i12,
1769449472.343351,RECEIVED,45b6c1f0-ee32-4d2f-91f6-d887941ddeb2,8b2aeb93-6999-472b-945c-8e51a4577d6e,c4,c5,2447,p1,?,
1769449472.4149985,SENT,45b6c1f0-ee32-4d2f-91f6-d887941ddeb2,8b2aeb93-6999-472b-945c-8e51a4577d6e,c4,c5,1763,?,i1,
1769449472.4150393,FORWARDED,45b6c1f0-ee32-4d2f-91f6-d887941ddeb2,8b2aeb93-6999-472b-945c-8e51a4577d6e,c4,c5,1763,?,i1,
1769449472.475642,RECEIVED,3731cc04-bf8e-4ddc-a076-b921ad2ceffb,c1fc79e0-645c-4eb2-bd13-0ecc749b2256,c5,DROP,1440,p2,?,
1769449472.5239115,RECEIVED,41c92bcd-cc4b-4b0d-9ceb-4de5bb407d44,900f16d0-9f97-4fbf-bcae-174ef86d291e,c2,DROP,1451,p2,?,
1769449472.5955565,SENT,3731cc04-bf8e-4ddc-a076-b921ad2ceffb,c1fc79e0-645c-4eb2-bd13-0ecc749b2256,c5,DROP,1007,?,i8,
1769449472.5955963,FORWARDED,3731cc04-bf8e-4ddc-a076-b921ad2ceffb,c1fc79e0-645c-4eb2-bd13-0ecc749b2256,c5,DROP,1007,?,i8,
1769449472.6371922,RECEIVED,e81bfcbd-b8f6-4a18-a256-17585bbfaad7,94dbd4f7-0222-4935-8ff8-bdfbb5d5c4f7,c3,c5,2447,p3,?,
1769449472.6828856,RECEIVED,8b9df85a-0f03-4040-9064-28de5031c48f,fc62ba92-26f7-4b86-b437-dd2a3a16ad4e,c4,DROP,1440,p1,?,
1769449473.0241802,RECEIVED,cc2d5e7c-1cb5-40a7-a05d-fb8100d794b7,f4957775-0b67-4157-89df-88b0c2057b9c,c3,DROP,1460,p3,?,
1769449473.104864,SENT,38f64963-2688-4770-a504-f85e99c59869,fd66c08b-bd8c-4b3c-bf4d-2fad8c602f34,c5,c4,1771,?,i2,
1769449473.1049035,FORWARDED,38f64963-2688-4770-a504-f85e99c59869,fd66c08b-bd8c-4b3c-bf4d-2fad8c602f34,c5,c4,1771,?,i2,
1769449473.3021662,SENT,e81bfcbd-b8f6-4a18-a256-17585bbfaad7,94dbd4f7-0222-4935-8ff8-bdfbb5d5c4f7,c3,c5,1763,?,i1,
1769449473.302208,FORWARDED,e81bfcbd-b8f6-4a18-a256-17585bbfaad7,94dbd4f7-0222-4935-8ff8-bdfbb5d5c4f7,c3,c5,1763,?,i1,
1769449473.4720185,RECEIVED,37546887-206a-4ed6-a4af-732ad48b55f5,99b28ab0-916f-43bc-aa8c-8f339341f41f,c5,DROP,1439,p2,?,
1769449473.7529902,SENT,cc2d5e7c-1cb5-40a7-a05d-fb8100d794b7,f4957775-0b67-4157-89df-88b0c2057b9c,c3,DROP,1021,?,i11,
1769449473.7530296,FORWARDED,cc2d5e7c-1cb5-40a7-a05d-fb8100d794b7,f4957775-0b67-4157-89df-88b0c2057b9c,c3,DROP,1021,?,i11,
1769449473.8305259,RECEIVED,0ca267fe-c432-4b58-9d0e-86fcbd058efe,5d1cf724-0294-405a-afec-201923d50980,c1,DROP,1434,p1,?,
1769449473.9000232,SENT,8b9df85a-0f03-4040-9064-28de5031c48f,fc62ba92-26f7-4b86-b437-dd2a3a16ad4e,c4,DROP,1008,?,i12,
1769449473.900079,FORWARDED,8b9df85a-0f03-4040-9064-28de5031c48f,fc62ba92-26f7-4b86-b437-dd2a3a16ad4e,c4,DROP,1008,?,i12,
1769449473.9118075,SENT,41c92bcd-cc4b-4b0d-9ceb-4de5bb407d44,900f16d0-9f97-4fbf-bcae-174ef86d291e,c2,DROP,1015,?,i5,
1769449473.911844,FORWARDED,41c92bcd-cc4b-4b0d-9ceb-4de5bb407d44,900f16d0-9f97-4fbf-bcae-174ef86d291e,c2,DROP,1015,?,i5,
1769449474.1231763,SENT,37546887-206a-4ed6-a4af-732ad48b55f5,99b28ab0-916f-43bc-aa8c-8f339341f41f,c5,DROP,1008,?,i5,
1769449474.1232193,FORWARDED,37546887-206a-4ed6-a4af-732ad48b55f5,99b28ab0-916f-43bc-aa8c-8f339341f41f,c5,DROP,1008,?,i5,
1769449474.1473308,RECEIVED,97f1ee27-e04b-4cbb-860a-e4118ebdaaef,e7827986-94f9-442e-bc7b-1b6543e391e9,c2,DROP,1440,p2,?,
1769449474.42607,RECEIVED,31da5e19-b7cf-4a75-bed6-79f41e0b7aca,72ee3413-d360-4f41-93e1-757c26909c35,c4,DROP,1451,p1,?,
1769449474.8483682,SENT,97f1ee27-e04b-4cbb-860a-e4118ebdaaef,e7827986-94f9-442e-bc7b-1b6543e391e9,c2,DROP,1007,?,i12,
1769449474.8484056,FORWARDED,97f1ee27-e04b-4cbb-860a-e4118ebdaaef,e7827986-94f9-442e-bc7b-1b6543e391e9,c2,DROP,1007,?,i12,
1769449474.8960814,SENT,31da5e19-b7cf-4a75-bed6-79f41e0b7aca,72ee3413-d360-4f41-93e1-757c26909c35,c4,DROP,1015,?,i2,
1769449474.8961244,FORWARDED,31da5e19-b7cf-4a75-bed6-79f41e0b7aca,72ee3413-d360-4f41-93e1-757c26909c35,c4,DROP,1015,?,i2,
1769449474.930851,RECEIVED,7613c4d4-fba9-45a9-889f-eab1fac64f79,3adfc6d5-b414-40db-8a55-30a70e8a0a97,c1,DROP,1437,p1,?,
1769449474.9440167,RECEIVED,a6c9576d-1562-4c2d-9f0e-41d745369c7c,a7ded3ab-023f-4cd7-b2ea-e89335f9da59,c1,DROP,1448,p1,?,
1769449474.9989595,SENT,7613c4d4-fba9-45a9-889f-eab1fac64f79,3adfc6d5-b414-40db-8a55-30a70e8a0a97,c1,DROP,1003,?,i1,
1769449474.9989936,FORWARDED,7613c4d4-fba9-45a9-889f-eab1fac64f79,3adfc6d5-b414-40db-8a55-30a70e8a0a97,c1,DROP,1003,?,i1,
1769449475.014199,SENT,0ca267fe-c432-4b58-9d0e-86fcbd058efe,5d1cf724-0294-405a-afec-201923d50980,c1,DROP,1003,?,i8,
1769449475.0142379,FORWARDED,0ca267fe-c432-4b58-9d0e-86fcbd058efe,5d1cf724-0294-405a-afec-201923d50980,c1,DROP,1003,?,i8,
1769449475.127206,SENT,a6c9576d-1562-4c2d-9f0e-41d745369c7c,a7ded3ab-023f-4cd7-b2ea-e89335f9da59,c1,DROP,1014,?,i5,
1769449475.12724,FORWARDED,a6c9576d-1562-4c2d-9f0e-41d745369c7c,a7ded3ab-023f-4cd7-b2ea-e89335f9da59,c1,DROP,1014,?,i5,
1769449475.1721265,RECEIVED,e27026d9-edda-403c-8458-526cb7e0ec09,7545d6b2-9c14-4adb-b89b-f2d3558b0a88,c5,DROP,1456,p2,?,
1769449475.1974006,RECEIVED,86ad054a-8720-4d52-a741-8fff7a69a5bb,c1268741-1fc2-48aa-904d-98de3bfdad8d,c4,DROP,1444,p1,?,
1769449475.362188,RECEIVED,97a7b8bd-4af0-4813-884b-ca56f84ba7d1,1628d117-f20f-471d-8a80-0ce874e8d006,c4,DROP,1447,p1,?,
1769449475.5033214,SENT,97a7b8bd-4af0-4813-884b-ca56f84ba7d1,1628d117-f20f-471d-8a80-0ce874e8d006,c4,DROP,1013,?,i5,
1769449475.5033598,FORWARDED,97a7b8bd-4af0-4813-884b-ca56f84ba7d1,1628d117-f20f-471d-8a80-0ce874e8d006,c4,DROP,1013,?,i5,
1769449475.5148,SENT,86ad054a-8720-4d52-a741-8fff7a69a5bb,c1268741-1fc2-48aa-904d-98de3bfdad8d,c4,DROP,1011,?,i11,
1769449475.5148375,FORWARDED,86ad054a-8720-4d52-a741-8fff7a69a5bb,c1268741-1fc2-48aa-904d-98de3bfdad8d,c4,DROP,1011,?,i11,
1769449475.6279826,SENT,e27026d9-edda-403c-8458-526cb7e0ec09,7545d6b2-9c14-4adb-b89b-f2d3558b0a88,c5,DROP,1020,?,i10,
1769449475.6280243,FORWARDED,e27026d9-edda-403c-8458-526cb7e0ec09,7545d6b2-9c14-4adb-b89b-f2d3558b0a88,c5,DROP,1020,?,i10,
1769449475.633096,RECEIVED,7a9a405a-8561-4c5e-ae10-6e230983d62d,e2e9d27e-a391-493c-8e7c-fc9c2657ff0f,c1,DROP,441,x5,?,
1769449475.6478407,RECEIVED,dffd965e-57e6-4220-9f7e-b81571a6c51b,9ced89ec-a6c2-40e1-94a9-c346f2536e78,c1,c3,2451,p1,?,
1769449475.908639,RECEIVED,b4e51b5a-82c1-4fe3-8956-2e88be4c21ed,06ce65dd-dc78-4bbe-a210-49b0b85929d6,c2,c1,2442,p2,?,
1769449475.979435,SENT,b4e51b5a-82c1-4fe3-8956-2e88be4c21ed,06ce65dd-dc78-4bbe-a210-49b0b85929d6,c2,c1,1759,?,i3,
1769449475.9794726,FORWARDED,b4e51b5a-82c1-4fe3-8956-2e88be4c21ed,06ce65dd-dc78-4bbe-a210-49b0b85929d6,c2,c1,1759,?,i3,
1769449476.0342577,RECEIVED,d5e4af64-9a83-4bae-8410-d3f5442c7323,e9aa07e6-b3a6-43da-8cf8-fa4cb6bceb3d,c5,DROP,442,x6,?,
1769449476.1407466,RECEIVED,a0ed810b-76cd-4d41-8592-47ee7ca63092,5ae4e4fe-d6a2-4fb7-a2e0-0d662e9c4da4,c1,DROP,1445,p1,?,
1769449476.206497,SENT,a0ed810b-76cd-4d41-8592-47ee7ca63092,5ae4e4fe-d6a2-4fb7-a2e0-0d662e9c4da4,c1,DROP,1009,?,i10,
1769449476.2065387,FORWARDED,a0ed810b-76cd-4d41-8592-47ee7ca63092,5ae4e4fe-d6a2-4fb7-a2e0-0d662e9c4da4,c1,DROP,1009,?,i10,
1769449476.5065346,RECEIVED,8cd7db07-e540-4210-889e-584493f10e45,1a0a9e17-b3c6-4c38-a44a-0b36d4e2b8aa,c3,DROP,1443,p3,?,
1769449476.5884693,RECEIVED,fdb0c173-108f-4e7a-b7b5-87ff84c67166,b06e46eb-bbbe-46f5-b2ee-8ac8b2f8bb9e,c3,DROP,442,x5,?,
1769449476.6028533,RECEIVED,32ba3998-c66b-4ab3-ba5b-d7626b4a4ba2,4720ef69-c9e1-40b2-955f-8535d20c4512,c2,DROP,442,x5,?,
1769449476.8252416,SENT,dffd965e-57e6-4220-9f7e-b81571a6c51b,9ced89ec-a6c2-40e1-94a9-c346f2536e78,c1,c3,1767,?,i3,
1769449476.825282,FORWARDED,dffd965e-57e6-4220-9f7e-b81571a6c51b,9ced89ec-a6c2-40e1-94a9-c346f2536e78,c1,c3,1767,?,i3,
1769449476.8642979,RECEIVED,a8db5a4d-5804-45f7-a13e-5fc10849d21b,c5d46b6d-824e-4bdb-aefb-143322c0718c,c2,DROP,442,x9,?,
1769449476.9182642,RECEIVED,a3d16eb0-e2ea-47ab-ad55-6552fbe9743c,d6c27342-4ede-4e5b-9a91-61eb14c5e087,c2,DROP,1451,p2,?,
1769449477.0142324,SENT,8cd7db07-e540-4210-889e-584493f10e45,1a0a9e17-b3c6-4c38-a44a-0b36d4e2b8aa,c3,DROP,1009,?,i8,
1769449477.014283,FORWARDED,8cd7db07-e540-4210-889e-584493f10e45,1a0a9e17-b3c6-4c38-a44a-0b36d4e2b8aa,c3,DROP,1009,?,i8,
1769449477.0841093,RECEIVED,a52c5525-919f-48e1-8fc8-43408d89f203,a334fa8e-8f2d-48a6-9f0d-23d87425bcef,c3,c5,2464,p3,?,
1769449477.1244237,RECEIVED,7c36cf15-a333-4dd2-be68-b11579a899a3,f26ab3f6-803c-4a42-a458-0a8693acd833,c4,DROP,1451,p1,?,
1769449477.1775703,RECEIVED,d13fd3a1-f72b-4cf2-a86b-b1452bdc1ff3,51a5dfda-5748-4916-9bf1-bf0ec781a718,c1,DROP,442,x5,?,
1769449477.1925514,RECEIVED,d80f8e2d-9c8c-4798-a021-3e3d047364e5,9bc00ad2-9d14-44b2-b16e-d42fa830dc0e,c2,DROP,1452,p2,?,
1769449477.2747636,RECEIVED,64bafb73-bf1f-4cfe-8b5a-806edb1dde67,d0a5006c-869f-44ea-9e90-85bc97230a3e,c3,DROP,1436,p3,?,
1769449477.2757957,RECEIVED,6ee4ce69-a0c5-49ab-a3be-f152c27d957c,c6d27dbc-051a-44ce-88d8-12caa063468f,c2,DROP,1436,p2,?,
1769449477.3558028,SENT,a52c5525-919f-48e1-8fc8-43408d89f203,a334fa8e-8f2d-48a6-9f0d-23d87425bcef,c3,c5,1776,?,i2,
1769449477.3558426,FORWARDED,a52c5525-919f-48e1-8fc8-43408d89f203,a334fa8e-8f2d-48a6-9f0d-23d87425bcef,c3,c5,1776,?,i2,
1769449477.4118745,SENT,6ee4ce69-a0c5-49ab-a3be-f152c27d957c,c6d27dbc-051a-44ce-88d8-12caa063468f,c2,DROP,1005,?,i1,
1769449477.4119146,FORWARDED,6ee4ce69-a0c5-49ab-a3be-f152c27d957c,c6d27dbc-051a-44ce-88d8-12caa063468f,c2,DROP,1005,?,i1,
1769449477.457977,SENT,d80f8e2d-9c8c-4798-a021-3e3d047364e5,9bc00ad2-9d14-44b2-b16e-d42fa830dc0e,c2,DROP,1016,?,i2,
1769449477.4580193,FORWARDED,d80f8e2d-9c8c-4798-a021-3e3d047364e5,9bc00ad2-9d14-44b2-b16e-d42fa830dc0e,c2,DROP,1016,?,i2,
1769449477.5007396,RECEIVED,646cd1bc-e654-4833-b714-6de8e7d191c8,e0a34356-848b-4c85-87e0-bf84b6bd302c,c2,DROP,1442,p2,?,
1769449477.6544747,SENT,a3d16eb0-e2ea-47ab-ad55-6552fbe9743c,d6c27342-4ede-4e5b-9a91-61eb14c5e087,c2,DROP,1017,?,i7,
1769449477.6545146,FORWARDED,a3d16eb0-e2ea-47ab-ad55-6552fbe9743c,d6c27342-4ede-4e5b-9a91-61eb14c5e087,c2,DROP,1017,?,i7,
1769449477.7443635,RECEIVED,e1f04c5c-2322-4966-a60b-ca7ad88fc999,7b433282-7983-4262-8691-e5ef08fbb205,c2,DROP,1449,p2,?,
1769449477.7567215,RECEIVED,98a30240-11e2-49aa-ad76-90d3f4317731,33e3d976-978d-49d9-bdbe-1dabb296596f,c5,DROP,1443,p2,?,
1769449477.7840354,RECEIVED,d2bf783d-33df-467e-9bd3-06c73c2fa72f,20f878f0-6e67-42de-ad68-bc39d8e7c8de,c3,DROP,1451,p3,?,
1769449477.799851,SENT,e1f04c5c-2322-4966-a60b-ca7ad88fc999,7b433282-7983-4262-8691-e5ef08fbb205,c2,DROP,1014,?,i4,
1769449477.7998915,FORWARDED,e1f04c5c-2322-4966-a60b-ca7ad88fc999,7b433282-7983-4262-8691-e5ef08fbb205,c2,DROP,1014,?,i4,
1769449477.8221076,SENT,646cd1bc-e654-4833-b714-6de8e7d191c8,e0a34356-848b-4c85-87e0-bf84b6bd302c,c2,DROP,1010,?,i9,
1769449477.8221939,FORWARDED,646cd1bc-e654-4833-b714-6de8e7d191c8,e0a34356-848b-4c85-87e0-bf84b6bd302c,c2,DROP,1010,?,i9,
1769449477.8460746,RECEIVED,6f9a3800-e9ab-4c9a-8e1c-56999018688b,b1601762-21b3-4ccb-92c5-d58309e3b5ac,c2,DROP,1440,p2,?,
1769449477.9263477,SENT,6f9a3800-e9ab-4c9a-8e1c-56999018688b,b1601762-21b3-4ccb-92c5-d58309e3b5ac,c2,DROP,1007,?,i7,
1769449477.9263892,FORWARDED,6f9a3800-e9ab-4c9a-8e1c-56999018688b,b1601762-21b3-4ccb-92c5-d58309e3b5ac,c2,DROP,1007,?,i7,
1769449477.952398,SENT,64bafb73-bf1f-4cfe-8b5a-806edb1dde67,d0a5006c-869f-44ea-9e90-85bc97230a3e,c3,DROP,1005,?,i10,
1769449477.9524367,FORWARDED,64bafb73-bf1f-4cfe-8b5a-806edb1dde67,d0a5006c-869f-44ea-9e90-85bc97230a3e,c3,DROP,1005,?,i10,
1769449478.117596,SENT,98a30240-11e2-49aa-ad76-90d3f4317731,33e3d976-978d-49d9-bdbe-1dabb296596f,c5,DROP,1011,?,i8,
1769449478.1176386,FORWARDED,98a30240-11e2-49aa-ad76-90d3f4317731,33e3d976-978d-49d9-bdbe-1dabb296596f,c5,DROP,1011,?,i8,
1769449478.2503307,RECEIVED,97f41f56-7c39-47c8-8156-23b6d89ea815,80c810db-d985-4b91-afad-4fdc30b74799,c4,c5,2446,p1,?,
1769449478.3516588,RECEIVED,c6f60365-c1e9-4f7b-8666-b958bdb5981a,cc86530b-2d75-4ccd-afdd-ae91f0587dd0,c4,DROP,1440,p1,?,
1769449478.4221184,RECEIVED,23fcd236-5bd6-4c6f-a216-16d02f633d78,aa320fe0-360c-4966-956c-d9f736824379,c3,DROP,1440,p3,?,
1769449478.58938,SENT,c6f60365-c1e9-4f7b-8666-b958bdb5981a,cc86530b-2d75-4ccd-afdd-ae91f0587dd0,c4,DROP,1008,?,i6,
1769449478.5896244,FORWARDED,c6f60365-c1e9-4f7b-8666-b958bdb5981a,cc86530b-2d75-4ccd-afdd-ae91f0587dd0,c4,DROP,1008,?,i6,
1769449478.6408577,SENT,7c36cf15-a333-4dd2-be68-b11579a899a3,f26ab3f6-803c-4a42-a458-0a8693acd833,c4,DROP,1015,?,i3,
1769449478.6408944,FORWARDED,7c36cf15-a333-4dd2-be68-b11579a899a3,f26ab3f6-803c-4a42-a458-0a8693acd833,c4,DROP,1015,?,i3,
1769449478.726003,RECEIVED,0dfa5a7d-a2b3-4be6-bc88-61c40fa14d81,ec72ed78-1a87-4685-9198-f18cc1d0d93f,c5,c4,2463,p2,?,
1769449478.8029647,RECEIVED,d695b7aa-10e3-4d07-8826-79a09bc67e57,9b3b9ada-4fa3-4ec5-82a4-cc52f2b49681,c5,c4,2451,p2,?,
1769449478.9144404,RECEIVED,ddf00617-060c-47f0-bbfe-7309aab5b559,fc02c3e5-43fa-4e7c-84a0-b4dd6c160de7,c4,DROP,441,x7,?,
1769449479.0041914,SENT,23fcd236-5bd6-4c6f-a216-16d02f633d78,aa320fe0-360c-4966-956c-d9f736824379,c3,DROP,1008,?,i11,
1769449479.0042348,FORWARDED,23fcd236-5bd6-4c6f-a216-16d02f633d78,aa320fe0-360c-4966-956c-d9f736824379,c3,DROP,1008,?,i11,
1769449479.1195195,RECEIVED,ca9bff2d-c004-4f04-823b-4d6226284c9c,14e9b295-a79d-4e9a-a6f9-8984b6eec7ae,c3,DROP,1448,p3,?,
1769449479.2796035,SENT,d695b7aa-10e3-4d07-8826-79a09bc67e57,9b3b9ada-4fa3-4ec5-82a4-cc52f2b49681,c5,c4,1767,?,i4,
1769449479.2796383,FORWARDED,d695b7aa-10e3-4d07-8826-79a09bc67e57,9b3b9ada-4fa3-4ec5-82a4-cc52f2b49681,c5,c4,1767,?,i4,
1769449479.5776446,RECEIVED,d6c2c3f6-8e5b-4ff7-af8b-b325e9706cb9,8ee51939-903c-46ec-a473-0246535c06a3,c3,DROP,1439,p3,?,
1769449479.6087596,SENT,ca9bff2d-c004-4f04-823b-4d6226284c9c,14e9b295-a79d-4e9a-a6f9-8984b6eec7ae,c3,DROP,1012,?,i6,
1769449479.6088,FORWARDED,ca9bff2d-c004-4f04-823b-4d6226284c9c,14e9b295-a79d-4e9a-a6f9-8984b6eec7ae,c3,DROP,1012,?,i6,
1769449479.6161747,SENT,0dfa5a7d-a2b3-4be6-bc88-61c40fa14d81,ec72ed78-1a87-4685-9198-f18cc1d0d93f,c5,c4,1774,?,i10,
1769449479.6162143,FORWARDED,0dfa5a7d-a2b3-4be6-bc88-61c40fa14d81,ec72ed78-1a87-4685-9198-f18cc1d0d93f,c5,c4,1774,?,i10,
1769449479.7238493,RECEIVED,df53054f-fbb4-44de-b68e-d545dddacd8d,8dee79b4-3ba9-4c0b-9980-66d04ecfbf43,c4,c5,2475,p1,?,
1769449479.887086,SENT,d6c2c3f6-8e5b-4ff7-af8b-b325e9706cb9,8ee51939-903c-46ec-a473-0246535c06a3,c3,DROP,1007,?,i2,
1769449479.8871262,FORWARDED,d6c2c3f6-8e5b-4ff7-af8b-b325e9706cb9,8ee51939-903c-46ec-a473-0246535c06a3,c3,DROP,1007,?,i2,
1769449479.8941562,RECEIVED,9f8e1803-6774-4112-8d6f-84d73ba2e65f,f0f477dc-12bc-4677-a207-8e3411551fe1,c3,c5,2473,p3,?,
1769449479.958285,RECEIVED,387b4a80-ce4e-4aee-91fd-df6b7a5c2b6d,d9a5d813-705c-48ab-8a05-c11a67c10be4,c1,DROP,1435,p1,?,
1769449480.0197756,RECEIVED,ce37a6e7-adc6-48b1-a902-f82bba73aef2,3ca8b1fd-4dd9-413f-a435-69a8e9583f62,c2,DROP,1439,p2,?,
1769449480.0426602,RECEIVED,02c7af2d-a111-472f-9ccb-6cab7ac897e1,1dd62c2d-e5b5-4bd9-bb12-2d15ef715856,c4,c5,2468,p1,?,
1769449480.0908785,SENT,02c7af2d-a111-472f-9ccb-6cab7ac897e1,1dd62c2d-e5b5-4bd9-bb12-2d15ef715856,c4,c5,1779,?,i1,
1769449480.0909183,FORWARDED,02c7af2d-a111-472f-9ccb-6cab7ac897e1,1dd62c2d-e5b5-4bd9-bb12-2d15ef715856,c4,c5,1779,?,i1,
1769449480.1385078,SENT,d2bf783d-33df-467e-9bd3-06c73c2fa72f,20f878f0-6e67-42de-ad68-bc39d8e7c8de,c3,DROP,1016,?,i5,
1769449480.138548,FORWARDED,d2bf783d-33df-467e-9bd3-06c73c2fa72f,20f878f0-6e67-42de-ad68-bc39d8e7c8de,c3,DROP,1016,?,i5,
1769449480.1449158,SENT,9f8e1803-6774-4112-8d6f-84d73ba2e65f,f0f477dc-12bc-4677-a207-8e3411551fe1,c3,c5,1782,?,i11,
1769449480.1449652,FORWARDED,9f8e1803-6774-4112-8d6f-84d73ba2e65f,f0f477dc-12bc-4677-a207-8e3411551fe1,c3,c5,1782,?,i11,
1769449480.2916267,RECEIVED,1365c920-9eaa-4da7-b0d7-7e72a9e0b21d,b0c35dd0-74e4-4c41-a1aa-a49a35c417fe,c1,c3,2464,p1,?,
1769449480.321162,SENT,97f41f56-7c39-47c8-8156-23b6d89ea815,80c810db-d985-4b91-afad-4fdc30b74799,c4,c5,1764,?,i5,
1769449480.3212025,FORWARDED,97f41f56-7c39-47c8-8156-23b6d89ea815,80c810db-d985-4b91-afad-4fdc30b74799,c4,c5,1764,?,i5,
1769449480.4012432,SENT,1365c920-9eaa-4da7-b0d7-7e72a9e0b21d,b0c35dd0-74e4-4c41-a1aa-a49a35c417fe,c1,c3,1776,?,i9,
1769449480.4012825,FORWARDED,1365c920-9eaa-4da7-b0d7-7e72a9e0b21d,b0c35dd0-74e4-4c41-a1aa-a49a35c417fe,c1,c3,1776,?,i9,
1769449480.4608788,SENT,387b4a80-ce4e-4aee-91fd-df6b7a5c2b6d,d9a5d813-705c-48ab-8a05-c11a67c10be4,c1,DROP,1004,?,i9,
1769449480.4609277,FORWARDED,387b4a80-ce4e-4aee-91fd-df6b7a5c2b6d,d9a5d813-705c-48ab-8a05-c11a67c10be4,c1,DROP,1004,?,i9,
1769449480.5949256,SENT,df53054f-fbb4-44de-b68e-d545dddacd8d,8dee79b4-3ba9-4c0b-9980-66d04ecfbf43,c4,c5,1783,?,i1,
1769449480.5949633,FORWARDED,df53054f-fbb4-44de-b68e-d545dddacd8d,8dee79b4-3ba9-4c0b-9980-66d04ecfbf43,c4,c5,1783,?,i1,
1769449480.6391275,RECEIVED,221849e3-3bd6-4210-82f9-b6b8ea41bd4d,4fd2c81f-b9ff-4e30-b316-050652512e40,c5,DROP,1461,p2,?,
1769449480.696634,SENT,221849e3-3bd6-4210-82f9-b6b8ea41bd4d,4fd2c81f-b9ff-4e30-b316-050652512e40,c5,DROP,1021,?,i12,
1769449480.6966746,FORWARDED,221849e3-3bd6-4210-82f9-b6b8ea41bd4d,4fd2c81f-b9ff-4e30-b316-050652512e40,c5,DROP,1021,?,i12,
1769449480.6994653,SENT,ce37a6e7-adc6-48b1-a902-f82bba73aef2,3ca8b1fd-4dd9-413f-a435-69a8e9583f62,c2,DROP,1007,?,i3,
1769449480.699517,FORWARDED,ce37a6e7-adc6-48b1-a902-f82bba73aef2,3ca8b1fd-4dd9-413f-a435-69a8e9583f62,c2,DROP,1007,?,i3,
1769449480.8694992,RECEIVED,fd15ee14-460f-4818-9b95-45211bbcbe07,e5104bad-cd0f-4e23-ba4c-39b6add49c7b,c2,c1,2468,p2,?,
1769449480.9354608,SENT,fd15ee14-460f-4818-9b95-45211bbcbe07,e5104bad-cd0f-4e23-ba4c-39b6add49c7b,c2,c1,1779,?,i5,
1769449480.9355025,FORWARDED,fd15ee14-460f-4818-9b95-45211bbcbe07,e5104bad-cd0f-4e23-ba4c-39b6add49c7b,c2,c1,1779,?,i5,
1769449481.2248428,RECEIVED,cf7757c8-0383-4b5f-a166-3adc24adc297,c4f31355-18fa-4440-8604-d5c96407a9dd,c1,DROP,1438,p1,?,
1769449481.2566614,RECEIVED,c1ed32c4-f05d-446d-973c-05944e16d007,df501168-4855-49dc-bb2f-c1c711e4b581,c2,DROP,1445,p2,?,
1769449481.3617363,SENT,c1ed32c4-f05d-446d-973c-05944e16d007,df501168-4855-49dc-bb2f-c1c711e4b581,c2,DROP,1011,?,i12,
1769449481.3617816,FORWARDED,c1ed32c4-f05d-446d-973c-05944e16d007,df501168-4855-49dc-bb2f-c1c711e4b581,c2,DROP,1011,?,i12,
1769449481.408679,RECEIVED,91193d52-f2fd-4373-b872-5c3eb1d81052,e95e4658-febf-433a-a2c7-e61f770c1caf,c1,DROP,1439,p1,?,
1769449481.6259668,SENT,cf7757c8-0383-4b5f-a166-3adc24adc297,c4f31355-18fa-4440-8604-d5c96407a9dd,c1,DROP,1008,?,i4,
1769449481.6260355,FORWARDED,cf7757c8-0383-4b5f-a166-3adc24adc297,c4f31355-18fa-4440-8604-d5c96407a9dd,c1,DROP,1008,?,i4,
1769449481.6705985,RECEIVED,b1133a0f-cdce-4fdb-bde1-b6b700128ed8,cac94db6-e1c9-469f-8f0d-1b012401a9d7,c1,DROP,1439,p1,?,
1769449481.7552447,RECEIVED,e8ddf73b-61c5-4ebe-91a3-df048aebc8d6,eaefc732-f7a2-4530-ad0d-62558481d30e,c5,DROP,1447,p2,?,
1769449481.8302548,SENT,91193d52-f2fd-4373-b872-5c3eb1d81052,e95e4658-febf-433a-a2c7-e61f770c1caf,c1,DROP,1008,?,i2,
1769449481.830292,FORWARDED,91193d52-f2fd-4373-b872-5c3eb1d81052,e95e4658-febf-433a-a2c7-e61f770c1caf,c1,DROP,1008,?,i2,
1769449481.8786137,RECEIVED,422d74bc-ab54-4001-a5a9-47f4c729e7f9,bb61ff5c-37f9-4325-bb97-9ae9d1ff85aa,c2,DROP,1439,p2,?,
1769449481.9066334,RECEIVED,34ca3d68-4cb8-4941-910a-9007dc9a16ff,cf133b6d-2327-4b95-a0eb-585b9a635736,c5,DROP,1431,p2,?,
1769449482.319555,SENT,e8ddf73b-61c5-4ebe-91a3-df048aebc8d6,eaefc732-f7a2-4530-ad0d-62558481d30e,c5,DROP,1012,?,i6,
1769449482.3195982,FORWARDED,e8ddf73b-61c5-4ebe-91a3-df048aebc8d6,eaefc732-f7a2-4530-ad0d-62558481d30e,c5,DROP,1012,?,i6,
1769449482.4248552,SENT,34ca3d68-4cb8-4941-910a-9007dc9a16ff,cf133b6d-2327-4b95-a0eb-585b9a635736,c5,DROP,1000,?,i8,
1769449482.424904,FORWARDED,34ca3d68-4cb8-4941-910a-9007dc9a16ff,cf133b6d-2327-4b95-a0eb-585b9a635736,c5,DROP,1000,?,i8,
1769449482.4252756,RECEIVED,63b27fb7-6ef4-48ce-a420-cf020a158e26,9ac0b422-7daa-4f81-8d60-8ece852c7693,c3,DROP,1443,p3,?,
1769449482.4760866,RECEIVED,b46c0723-d90f-44ac-b1ce-a32fff59f0fe,f9979f0c-a5c3-4af6-87bb-dd26637737c5,c1,DROP,1441,p1,?,
1769449482.5611413,RECEIVED,1576319e-55f3-4bb0-b237-6b0b395663ea,ba6ea73e-e566-4952-af80-ebe377b288f6,c2,c1,2464,p2,?,
1769449482.630112,RECEIVED,b2e80857-72a7-47a0-b90b-9b695ef29f01,b7bc0346-e562-4974-bbae-3c14d46b9021,c1,DROP,442,x1,?,
1769449482.6939507,SENT,422d74bc-ab54-4001-a5a9-47f4c729e7f9,bb61ff5c-37f9-4325-bb97-9ae9d1ff85aa,c2,DROP,1008,?,i7,
1769449482.6939893,FORWARDED,422d74bc-ab54-4001-a5a9-47f4c729e7f9,bb61ff5c-37f9-4325-bb97-9ae9d1ff85aa,c2,DROP,1008,?,i7,
1769449482.7065895,SENT,b1133a0f-cdce-4fdb-bde1-b6b700128ed8,cac94db6-e1c9-469f-8f0d-1b012401a9d7,c1,DROP,1007,?,i7,
1769449482.70663,FORWARDED,b1133a0f-cdce-4fdb-bde1-b6b700128ed8,cac94db6-e1c9-469f-8f0d-1b012401a9d7,c1,DROP,1007,?,i7,
1769449482.7138207,SENT,1576319e-55f3-4bb0-b237-6b0b395663ea,ba6ea73e-e566-4952-af80-ebe377b288f6,c2,c1,1776,?,i6,
1769449482.7138667,FORWARDED,1576319e-55f3-4bb0-b237-6b0b395663ea,ba6ea73e-e566-4952-af80-ebe377b288f6,c2,c1,1776,?,i6,
1769449482.7287576,SENT,63b27fb7-6ef4-48ce-a420-cf020a158e26,9ac0b422-7daa-4f81-8d60-8ece852c7693,c3,DROP,1011,?,i7,
1769449482.7287986,FORWARDED,63b27fb7-6ef4-48ce-a420-cf020a158e26,9ac0b422-7daa-4f81-8d60-8ece852c7693,c3,DROP,1011,?,i7,
1769449482.815541,SENT,b46c0723-d90f-44ac-b1ce-a32fff59f0fe,f9979f0c-a5c3-4af6-87bb-dd26637737c5,c1,DROP,1008,?,i10,
1769449482.8155806,FORWARDED,b46c0723-d90f-44ac-b1ce-a32fff59f0fe,f9979f0c-a5c3-4af6-87bb-dd26637737c5,c1,DROP,1008,?,i10,
1769449483.1150177,RECEIVED,51fca04c-1191-42b8-a5e4-4bdff6585603,0523aaf4-f0a2-4a5b-a2c3-20c3e1fff323,c2,c1,2448,p2,?,
1769449483.3068385,RECEIVED,c19bc945-bd3a-41f2-b3e5-3b9ad276539a,39b7e239-5a8a-4149-85d6-c774c8ed4e72,c5,DROP,442,x12,?,
1769449483.3110223,SENT,51fca04c-1191-42b8-a5e4-4bdff6585603,0523aaf4-f0a2-4a5b-a2c3-20c3e1fff323,c2,c1,1763,?,i1,
1769449483.3110716,FORWARDED,51fca04c-1191-42b8-a5e4-4bdff6585603,0523aaf4-f0a2-4a5b-a2c3-20c3e1fff323,c2,c1,1763,?,i1,
1769449483.5417342,RECEIVED,2521509e-11e7-4046-b84e-6249fbb173e2,77e9a3b0-bf24-42f9-ab84-ae814fbe54f5,c1,DROP,1460,p1,?,
1769449483.6502554,RECEIVED,f4fdea30-93cb-447b-8125-07dc40aac029,588e4385-d67c-437c-8c5e-887cbf39657d,c3,DROP,441,x7,?,
1769449483.965615,RECEIVED,2e7e4518-3247-41a7-881e-68a6e1c396f7,785f5a59-a592-4b05-88e0-bb71363407fe,c2,DROP,1450,p2,?,
1769449484.044021,SENT,2e7e4518-3247-41a7-881e-68a6e1c396f7,785f5a59-a592-4b05-88e0-bb71363407fe,c2,DROP,1012,?,i9,
1769449484.044433,FORWARDED,2e7e4518-3247-41a7-881e-68a6e1c396f7,785f5a59-a592-4b05-88e0-bb71363407fe,c2,DROP,1012,?,i9,
1769449484.3807697,RECEIVED,287ee983-7f40-451f-839a-21124d1b87ad,5b6d191e-e25e-478b-9f84-69a73faad532,c3,DROP,1439,p3,?,
1769449484.411488,RECEIVED,2e0e5f9a-1219-4973-825e-23ec7f300a81,fe9ae12e-0c43-4fad-8892-4c67bba092a7,c1,DROP,1458,p1,?,
1769449484.5974083,RECEIVED,31918b8d-ce8e-489c-8466-04d7dced96b7,70acae02-6452-420c-802b-83cce0ccf6ea,c5,DROP,442,x4,?,
1769449484.9218445,SENT,287ee983-7f40-451f-839a-21124d1b87ad,5b6d191e-e25e-478b-9f84-69a73faad532,c3,DROP,1008,?,i7,
1769449484.921887,FORWARDED,287ee983-7f40-451f-839a-21124d1b87ad,5b6d191e-e25e-478b-9f84-69a73faad532,c3,DROP,1008,?,i7,
1769449485.0274518,RECEIVED,590591c2-5f59-4b5f-8ef7-66f075af30a1,8f17f0f6-63e9-4a81-8dff-238a2b2540fd,c4,c5,2448,p1,?,
1769449485.323843,SENT,2521509e-11e7-4046-b84e-6249fbb173e2,77e9a3b0-bf24-42f9-ab84-ae814fbe54f5,c1,DROP,1021,?,i10,
1769449485.323879,FORWARDED,2521509e-11e7-4046-b84e-6249fbb173e2,77e9a3b0-bf24-42f9-ab84-ae814fbe54f5,c1,DROP,1021,?,i10,
1769449485.3374505,RECEIVED,12967af0-0cc2-4ec1-be2d-b7821caf66d3,7b358071-d52b-4f4f-b6f0-aaaa9badbece,c2,DROP,1460,p2,?,
1769449485.3934264,SENT,590591c2-5f59-4b5f-8ef7-66f075af30a1,8f17f0f6-63e9-4a81-8dff-238a2b2540fd,c4,c5,1762,?,i6,
1769449485.3934674,FORWARDED,590591c2-5f59-4b5f-8ef7-66f075af30a1,8f17f0f6-63e9-4a81-8dff-238a2b2540fd,c4,c5,1762,?,i6,
1769449485.3996186,RECEIVED,41ac5927-28b1-4313-a831-9225cf8c4d57,eea4c7b9-0142-40d8-be1f-1809af8b75d4,c5,DROP,444,x10,?,
1769449485.4133418,RECEIVED,3dd16d2d-cb7c-4415-899c-b2eaec34ded0,4aeaf7f6-c9c8-49e0-ae9d-689b78277321,c4,c5,2464,p1,?,
1769449485.6358006,SENT,3dd16d2d-cb7c-4415-899c-b2eaec34ded0,4aeaf7f6-c9c8-49e0-ae9d-689b78277321,c4,c5,1775,?,i2,
1769449485.6358392,FORWARDED,3dd16d2d-cb7c-4415-899c-b2eaec34ded0,4aeaf7f6-c9c8-49e0-ae9d-689b78277321,c4,c5,1775,?,i2,
1769449485.64839,RECEIVED,eb21b9e5-3c02-4221-b6cf-87166c94fa2a,49e71845-3df4-4b21-8322-09dc43ee7fbb,c3,c5,2472,p3,?,
1769449485.6722775,RECEIVED,067fafe6-4c17-4675-9364-43f8f69536a7,0895a25b-1cd6-4784-aa78-ddaea4270cfa,c5,DROP,1456,p2,?,
1769449485.758616,SENT,12967af0-0cc2-4ec1-be2d-b7821caf66d3,7b358071-d52b-4f4f-b6f0-aaaa9badbece,c2,DROP,1021,?,i11,
1769449485.7586663,FORWARDED,12967af0-0cc2-4ec1-be2d-b7821caf66d3,7b358071-d52b-4f4f-b6f0-aaaa9badbece,c2,DROP,1021,?,i11,
1769449485.8813765,RECEIVED,2b756ab9-72b4-4894-85a9-f3d39df8fe16,9fb1bcf2-0e52-45e5-aa6e-8d4dc69ec295,c5,DROP,1446,p2,?,
1769449486.1256511,SENT,eb21b9e5-3c02-4221-b6cf-87166c94fa2a,49e71845-3df4-4b21-8322-09dc43ee7fbb,c3,c5,1781,?,i11,
1769449486.1256907,FORWARDED,eb21b9e5-3c02-4221-b6cf-87166c94fa2a,49e71845-3df4-4b21-8322-09dc43ee7fbb,c3,c5,1781,?,i11,
1769449486.3284032,RECEIVED,ffd03bd6-7c1a-48e8-8693-ec0d1112590d,11c5d8e4-6f5c-4a6e-b12b-8407e678ac4c,c3,DROP,1456,p3,?,
1769449486.4276319,SENT,ffd03bd6-7c1a-48e8-8693-ec0d1112590d,11c5d8e4-6f5c-4a6e-b12b-8407e678ac4c,c3,DROP,1020,?,i7,
1769449486.427673,FORWARDED,ffd03bd6-7c1a-48e8-8693-ec0d1112590d,11c5d8e4-6f5c-4a6e-b12b-8407e678ac4c,c3,DROP,1020,?,i7,
1769449486.4307568,SENT,067fafe6-4c17-4675-9364-43f8f69536a7,0895a25b-1cd6-4784-aa78-ddaea4270cfa,c5,DROP,1020,?,i11,
1769449486.4307988,FORWARDED,067fafe6-4c17-4675-9364-43f8f69536a7,0895a25b-1cd6-4784-aa78-ddaea4270cfa,c5,DROP,1020,?,i11,
1769449486.452063,SENT,2e0e5f9a-1219-4973-825e-23ec7f300a81,fe9ae12e-0c43-4fad-8892-4c67bba092a7,c1,DROP,1021,?,i9,
1769449486.4520984,FORWARDED,2e0e5f9a-1219-4973-825e-23ec7f300a81,fe9ae12e-0c43-4fad-8892-4c67bba092a7,c1,DROP,1021,?,i9,
1769449486.453984,RECEIVED,df038068-988d-497f-86c0-4ea68d10c02d,12a200a5-8b73-4b06-9108-ba19218844e9,c3,c5,2459,p3,?,
1769449486.4677498,RECEIVED,80b2ad4b-5889-4a6e-894b-cd69bbafa420,561138b4-f1ca-4797-a54a-d1d3c606e4bc,c5,DROP,1439,p2,?,
1769449486.5696063,RECEIVED,37a8a88d-5731-450c-a5b0-a9bf52d49739,14d60357-eafa-4284-8295-c7245dd0d7b9,c4,DROP,1439,p1,?,
1769449486.6304474,RECEIVED,7a4e3af1-a60b-4c21-832f-de88e4b1896a,a3d7440b-7982-4014-a15a-06e77f91025f,c3,DROP,1447,p3,?,
1769449486.9121463,SENT,80b2ad4b-5889-4a6e-894b-cd69bbafa420,561138b4-f1ca-4797-a54a-d1d3c606e4bc,c5,DROP,1008,?,i12,
1769449486.9121823,FORWARDED,80b2ad4b-5889-4a6e-894b-cd69bbafa420,561138b4-f1ca-4797-a54a-d1d3c606e4bc,c5,DROP,1008,?,i12,
1769449486.979123,SENT,df038068-988d-497f-86c0-4ea68d10c02d,12a200a5-8b73-4b06-9108-ba19218844e9,c3,c5,1771,?,i2,
1769449486.9792113,FORWARDED,df038068-988d-497f-86c0-4ea68d10c02d,12a200a5-8b73-4b06-9108-ba19218844e9,c3,c5,1771,?,i2,
1769449487.0147812,RECEIVED,6bf050a2-989f-4502-aaec-a9d99defdeb9,028c9715-9ebe-47ba-b1d0-19790a6c4c70,c4,DROP,1441,p1,?,
1769449487.146416,SENT,37a8a88d-5731-450c-a5b0-a9bf52d49739,14d60357-eafa-4284-8295-c7245dd0d7b9,c4,DROP,1008,?,i9,
1769449487.1464558,FORWARDED,37a8a88d-5731-450c-a5b0-a9bf52d49739,14d60357-eafa-4284-8295-c7245dd0d7b9,c4,DROP,1008,?,i9,
1769449487.1499383,SENT,6bf050a2-989f-4502-aaec-a9d99defdeb9,028c9715-9ebe-47ba-b1d0-19790a6c4c70,c4,DROP,1008,?,i11,
1769449487.1499813,FORWARDED,6bf050a2-989f-4502-aaec-a9d99defdeb9,028c9715-9ebe-47ba-b1d0-19790a6c4c70,c4,DROP,1008,?,i11,
1769449487.4688804,RECEIVED,8476f533-6f05-4391-bb98-719994db1b26,a50de2cf-8102-47a1-8bf2-f6522e2344ff,c3,DROP,444,x11,?,
1769449487.5002937,SENT,7a4e3af1-a60b-4c21-832f-de88e4b1896a,a3d7440b-7982-4014-a15a-06e77f91025f,c3,DROP,1012,?,i9,
1769449487.5003326,FORWARDED,7a4e3af1-a60b-4c21-832f-de88e4b1896a,a3d7440b-7982-4014-a15a-06e77f91025f,c3,DROP,1012,?,i9,
1769449487.5283313,RECEIVED,810b0506-1f38-4071-8ea6-9ad637d75264,f9082248-eb71-42a0-b716-a46adce8daee,c3,DROP,441,x5,?,
1769449487.6149998,SENT,2b756ab9-72b4-4894-85a9-f3d39df8fe16,9fb1bcf2-0e52-45e5-aa6e-8d4dc69ec295,c5,DROP,1012,?,i1,
1769449487.6150386,FORWARDED,2b756ab9-72b4-4894-85a9-f3d39df8fe16,9fb1bcf2-0e52-45e5-aa6e-8d4dc69ec295,c5,DROP,1012,?,i1,
1769449487.7591724,RECEIVED,7268d4d8-f763-4228-a6ee-935106edbb19,a207ad6a-2e46-408c-b44f-165cfdc0c24e,c5,DROP,1440,p2,?,
1769449487.958972,RECEIVED,ff766346-764e-49c4-8a8e-265cc3af887c,8d40b214-7369-4263-904b-c2eb7f812f6c,c4,c5,2465,p1,?,
1769449488.102156,SENT,7268d4d8-f763-4228-a6ee-935106edbb19,a207ad6a-2e46-408c-b44f-165cfdc0c24e,c5,DROP,1008,?,i2,
1769449488.1021965,FORWARDED,7268d4d8-f763-4228-a6ee-935106edbb19,a207ad6a-2e46-408c-b44f-165cfdc0c24e,c5,DROP,1008,?,i2,
1769449488.1393003,RECEIVED,466f371d-21d1-4805-a797-2efc3bef4d93,2a554e60-0e15-4c82-bac6-6f90649cafed,c4,c5,2452,p1,?,
1769449488.1406243,SENT,ff766346-764e-49c4-8a8e-265cc3af887c,8d40b214-7369-4263-904b-c2eb7f812f6c,c4,c5,1774,?,i10,
1769449488.1406615,FORWARDED,ff766346-764e-49c4-8a8e-265cc3af887c,8d40b214-7369-4263-904b-c2eb7f812f6c,c4,c5,1774,?,i10,
1769449488.226949,RECEIVED,17a2fd7d-5538-46dc-8374-8282ed96aa6b,876551c3-f3c7-4867-8cdc-9c4cdb533023,c3,DROP,1455,p3,?,
1769449488.3312535,RECEIVED,12b17be1-fb28-4b20-818c-f3be1929b669,e61bd8aa-022c-42d2-a2dc-ec1734fe5763,c4,c5,2481,p1,?,
1769449488.3387103,SENT,466f371d-21d1-4805-a797-2efc3bef4d93,2a554e60-0e15-4c82-bac6-6f90649cafed,c4,c5,1765,?,i1,
1769449488.3387487,FORWARDED,466f371d-21d1-4805-a797-2efc3bef4d93,2a554e60-0e15-4c82-bac6-6f90649cafed,c4,c5,1765,?,i1,
1769449488.536152,RECEIVED,611af66d-a4e6-4966-8871-80f2cb9d45c8,acd674c6-0a47-4e8a-b162-41e097a14b80,c3,DROP,440,x11,?,
1769449488.560216,SENT,12b17be1-fb28-4b20-818c-f3be1929b669,e61bd8aa-022c-42d2-a2dc-ec1734fe5763,c4,c5,1788,?,i11,
1769449488.5602572,FORWARDED,12b17be1-fb28-4b20-818c-f3be1929b669,e61bd8aa-022c-42d2-a2dc-ec1734fe5763,c4,c5,1788,?,i11,
1769449488.6414738,RECEIVED,cd3b1cda-5049-4a61-b6f0-877868c0c1c5,55018291-86a1-4047-aa0b-8bc4eaf25ac6,c5,DROP,1447,p2,?,
1769449488.8691795,RECEIVED,696d1125-2a31-4e80-a207-1e5a45fbd22a,33234627-3421-4fb9-9677-0f91cb47a2ee,c5,DROP,1443,p2,?,
1769449488.883678,RECEIVED,f42b1243-3cf4-4028-bb08-7a1e2fd17532,d412e526-ee68-4fc2-b445-3610671e4418,c2,c1,2448,p2,?,
1769449488.993785,RECEIVED,1926e5b6-66d6-4a76-a662-6c75277e47eb,6455221e-73d9-45d3-ae17-5cb19a4e59a7,c4,DROP,1448,p1,?,
1769449489.1455822,SENT,1926e5b6-66d6-4a76-a662-6c75277e47eb,6455221e-73d9-45d3-ae17-5cb19a4e59a7,c4,DROP,1013,?,i3,
1769449489.1456258,FORWARDED,1926e5b6-66d6-4a76-a662-6c75277e47eb,6455221e-73d9-45d3-ae17-5cb19a4e59a7,c4,DROP,1013,?,i3,
1769449489.1590989,SENT,17a2fd7d-5538-46dc-8374-8282ed96aa6b,876551c3-f3c7-4867-8cdc-9c4cdb533023,c3,DROP,1018,?,i3,
1769449489.1591403,FORWARDED,17a2fd7d-5538-46dc-8374-8282ed96aa6b,876551c3-f3c7-4867-8cdc-9c4cdb533023,c3,DROP,1018,?,i3,
1769449489.5529118,SENT,cd3b1cda-5049-4a61-b6f0-877868c0c1c5,55018291-86a1-4047-aa0b-8bc4eaf25ac6,c5,DROP,1013,?,i4,
1769449489.5529516,FORWARDED,cd3b1cda-5049-4a61-b6f0-877868c0c1c5,55018291-86a1-4047-aa0b-8bc4eaf25ac6,c5,DROP,1013,?,i4,
1769449489.7120566,RECEIVED,9abb4702-942f-4883-b636-b58a90d1a376,c06ee037-dbd2-4d14-934a-dfe2dc54b336,c3,c5,2456,p3,?,
1769449489.854284,SENT,9abb4702-942f-4883-b636-b58a90d1a376,c06ee037-dbd2-4d14-934a-dfe2dc54b336,c3,c5,1770,?,i3,
1769449489.8543227,FORWARDED,9abb4702-942f-4883-b636-b58a90d1a376,c06ee037-dbd2-4d14-934a-dfe2dc54b336,c3,c5,1770,?,i3,
1769449489.858515,RECEIVED,8feca38a-8988-4985-a1dc-0ff1d2dde12f,fbd92ccf-a22d-4556-b226-d987b5a8bb27,c4,c5,2449,p1,?,
1769449489.861899,RECEIVED,5722bf24-fac7-46d9-bd6a-b5cc4e67d4a9,994762bc-27c4-4cc6-b41b-8980d05e7bb6,c2,DROP,442,x10,?,
1769449489.9147153,RECEIVED,6f7fdc91-6dc9-4d87-a6be-0a7667820722,7109b655-b193-42f0-8ec0-eee41c741791,c4,DROP,441,x2,?,
1769449489.9151464,SENT,696d1125-2a31-4e80-a207-1e5a45fbd22a,33234627-3421-4fb9-9677-0f91cb47a2ee,c5,DROP,1009,?,i5,
1769449489.9151895,FORWARDED,696d1125-2a31-4e80-a207-1e5a45fbd22a,33234627-3421-4fb9-9677-0f91cb47a2ee,c5,DROP,1009,?,i5,
1769449489.916945,RECEIVED,488e22eb-c199-4851-8c00-d75c3ccbb22d,01809143-fbd5-4816-afd0-784ca930b8ec,c3,c5,2465,p3,?,
1769449489.9266272,RECEIVED,37a94c1f-3e1a-44b1-85c0-c7ef4982684b,9f1246c4-72f8-48fe-b1ca-369609d6f422,c3,DROP,437,x8,?,
1769449489.9356456,RECEIVED,4c2e37bf-d51f-4be8-93bc-e36bc8efa521,c18c16a4-1ad5-4948-859f-43a4246181b9,c5,DROP,1439,p2,?,
1769449490.1479921,SENT,f42b1243-3cf4-4028-bb08-7a1e2fd17532,d412e526-ee68-4fc2-b445-3610671e4418,c2,c1,1762,?,i10,
1769449490.1480317,FORWARDED,f42b1243-3cf4-4028-bb08-7a1e2fd17532,d412e526-ee68-4fc2-b445-3610671e4418,c2,c1,1762,?,i10,
1769449490.1851904,SENT,488e22eb-c199-4851-8c00-d75c3ccbb22d,01809143-fbd5-4816-afd0-784ca930b8ec,c3,c5,1775,?,i12,
1769449490.1852317,FORWARDED,488e22eb-c199-4851-8c00-d75c3ccbb22d,01809143-fbd5-4816-afd0-784ca930b8ec,c3,c5,1775,?,i12,
1769449490.3130648,RECEIVED,4ad0da52-850c-4d38-99ca-88df91788bf1,87a1f745-e438-4bf4-9822-c1ed9ffd9285,c1,DROP,1440,p1,?,
1769449490.570897,SENT,4ad0da52-850c-4d38-99ca-88df91788bf1,87a1f745-e438-4bf4-9822-c1ed9ffd9285,c1,DROP,1008,?,i12,
1769449490.5709357,FORWARDED,4ad0da52-850c-4d38-99ca-88df91788bf1,87a1f745-e438-4bf4-9822-c1ed9ffd9285,c1,DROP,1008,?,i12,
1769449490.6354587,SENT,4c2e37bf-d51f-4be8-93bc-e36bc8efa521,c18c16a4-1ad5-4948-859f-43a4246181b9,c5,DROP,1008,?,i5,
1769449490.6354997,FORWARDED,4c2e37bf-d51f-4be8-93bc-e36bc8efa521,c18c16a4-1ad5-4948-859f-43a4246181b9,c5,DROP,1008,?,i5,
1769449490.8434196,RECEIVED,feeffe6c-d065-44ad-8d19-e9ad1394593e,ee238a43-484f-406a-900c-73bbc1e59554,c4,DROP,441,x5,?,
1769449490.906712,RECEIVED,d1710fc0-5369-48ac-9351-28b5c74db94a,b67f066e-b7a6-4520-8cd0-dfccd0f11c5d,c1,DROP,441,x9,?,
1769449491.1378782,SENT,8feca38a-8988-4985-a1dc-0ff1d2dde12f,fbd92ccf-a22d-4556-b226-d987b5a8bb27,c4,c5,1767,?,i8,
1769449491.1379175,FORWARDED,8feca38a-8988-4985-a1dc-0ff1d2dde12f,fbd92ccf-a22d-4556-b226-d987b5a8bb27,c4,c5,1767,?,i8,
1769449491.1395946,RECEIVED,3a36a83c-5432-40d1-bd0d-00f226707170,d753d886-0528-4d09-aff1-ccc255aa0ccd,c3,DROP,1441,p3,?,
1769449491.2677498,RECEIVED,184d814b-3875-4479-91a4-be6085290367,a09896aa-ad9b-43b2-b30f-78c7f506dc94,c3,DROP,443,x3,?,
1769449491.2696743,RECEIVED,acf5a7c5-28a0-478d-9368-253656212d0b,5422a34a-f438-4403-8aac-50823f50f547,c5,DROP,1452,p2,?,
1769449491.276858,SENT,3a36a83c-5432-40d1-bd0d-00f226707170,d753d886-0528-4d09-aff1-ccc255aa0ccd,c3,DROP,1008,?,i12,
1769449491.2768955,FORWARDED,3a36a83c-5432-40d1-bd0d-00f226707170,d753d886-0528-4d09-aff1-ccc255aa0ccd,c3,DROP,1008,?,i12,
1769449491.317931,SENT,acf5a7c5-28a0-478d-9368-253656212d0b,5422a34a-f438-4403-8aac-50823f50f547,c5,DROP,1017,?,i9,
1769449491.3179717,FORWARDED,acf5a7c5-28a0-478d-9368-253656212d0b,5422a34a-f438-4403-8aac-50823f50f547,c5,DROP,1017,?,i9,
1769449491.855849,RECEIVED,0fd9b1ba-eac2-4594-a07f-9efceb07a8e6,24c7905f-65d3-4ad4-94e4-b198abe71382,c5,DROP,1459,p2,?,
1769449492.2082882,RECEIVED,2a073fa9-3768-42b3-91ba-b98a5ee06ecb,25d530c0-d60a-4aea-934d-a5f8701c35de,c3,c5,2460,p3,?,
1769449492.2410922,RECEIVED,920536ea-8033-4ce2-943f-6bc0ad1d9a2d,66047a15-874f-495f-af24-ebf9cf5b60ca,c3,c5,2460,p3,?,
1769449492.3321528,RECEIVED,014bd5da-0bc8-455b-bcd5-ef4f1f2c2e1e,0341dd89-adf6-4d10-80a6-9c532f70b64b,c3,c5,2475,p3,?,
1769449492.4065685,SENT,920536ea-8033-4ce2-943f-6bc0ad1d9a2d,66047a15-874f-495f-af24-ebf9cf5b60ca,c3,c5,1771,?,i8,
1769449492.4066105,FORWARDED,920536ea-8033-4ce2-943f-6bc0ad1d9a2d,66047a15-874f-495f-af24-ebf9cf5b60ca,c3,c5,1771,?,i8,
1769449492.4506361,RECEIVED,3183acd4-eb5b-4687-86bf-5615a8ab5036,2baaee31-45fe-4d41-b9eb-86916a60fd58,c5,DROP,1452,p2,?,
1769449492.4879224,SENT,2a073fa9-3768-42b3-91ba-b98a5ee06ecb,25d530c0-d60a-4aea-934d-a5f8701c35de,c3,c5,1771,?,i8,
1769449492.4879699,FORWARDED,2a073fa9-3768-42b3-91ba-b98a5ee06ecb,25d530c0-d60a-4aea-934d-a5f8701c35de,c3,c5,1771,?,i8,
1769449492.5191028,RECEIVED,28619097-5f23-4e4c-a02c-428e63a0036a,0175d749-24a7-48e5-8c6f-9c5df7a8a902,c5,DROP,1443,p2,?,
1769449492.730426,SENT,0fd9b1ba-eac2-4594-a07f-9efceb07a8e6,24c7905f-65d3-4ad4-94e4-b198abe71382,c5,DROP,1021,?,i7,
1769449492.7304754,FORWARDED,0fd9b1ba-eac2-4594-a07f-9efceb07a8e6,24c7905f-65d3-4ad4-94e4-b198abe71382,c5,DROP,1021,?,i7,
1769449492.9189286,SENT,3183acd4-eb5b-4687-86bf-5615a8ab5036,2baaee31-45fe-4d41-b9eb-86916a60fd58,c5,DROP,1015,?,i9,
1769449492.9189663,FORWARDED,3183acd4-eb5b-4687-86bf-5615a8ab5036,2baaee31-45fe-4d41-b9eb-86916a60fd58,c5,DROP,1015,?,i9,
1769449493.1276937,RECEIVED,b6f35762-c2c1-414d-b2e1-d6ca4e5eb7f2,2fb9f7a8-a23c-4e69-8155-e68ed4d0ad8b,c4,DROP,1448,p1,?,
1769449493.137843,RECEIVED,c861cfbf-1b7d-4a6d-be9b-2e07524f7caa,0cb9b20d-ea95-48ee-8a65-e2eaffed109e,c5,DROP,438,x5,?,
1769449493.2563095,RECEIVED,6d3f772d-fc20-4221-8c8f-997a0bee0079,bfe26fb9-6065-4172-8ba0-6b64c04181d9,c2,DROP,441,x4,?,
1769449493.3152285,SENT,28619097-5f23-4e4c-a02c-428e63a0036a,0175d749-24a7-48e5-8c6f-9c5df7a8a902,c5,DROP,1011,?,i1,
1769449493.3152685,FORWARDED,28619097-5f23-4e4c-a02c-428e63a0036a,0175d749-24a7-48e5-8c6f-9c5df7a8a902,c5,DROP,1011,?,i1,
1769449493.359721,RECEIVED,200d3f03-f4e8-454f-809f-9b88108ef94b,ca758d56-e457-455e-a9c1-615c312a52cc,c1,DROP,1444,p1,?,
1769449493.5116572,RECEIVED,d1496f69-0aff-4d47-aeb1-cbbff07ee67b,b56b88d0-d30c-4fad-bd6c-935a496f2e4f,c3,c5,2463,p3,?,
1769449493.7086864,SENT,014bd5da-0bc8-455b-bcd5-ef4f1f2c2e1e,0341dd89-adf6-4d10-80a6-9c532f70b64b,c3,c5,1785,?,i2,
1769449493.7087255,FORWARDED,014bd5da-0bc8-455b-bcd5-ef4f1f2c2e1e,0341dd89-adf6-4d10-80a6-9c532f70b64b,c3,c5,1785,?,i2,
1769449493.7599418,RECEIVED,a0ce8994-c370-48a0-949c-f864e26ac508,fd1a91d9-a1c5-4c3d-8149-f6b9f0ff4bfd,c2,DROP,1447,p2,?,
1769449493.7725532,RECEIVED,45da4690-911b-4d47-88f8-a0a5db3cd7df,a9878742-efae-4c06-a811-1157c0246c87,c4,DROP,1441,p1,?,
1769449493.812088,SENT,45da4690-911b-4d47-88f8-a0a5db3cd7df,a9878742-efae-4c06-a811-1157c0246c87,c4,DROP,1007,?,i10,
1769449493.812128,FORWARDED,45da4690-911b-4d47-88f8-a0a5db3cd7df,a9878742-efae-4c06-a811-1157c0246c87,c4,DROP,1007,?,i10,
1769449493.8129425,RECEIVED,0c0f58c4-57b0-4239-a00f-d4c2d0520dba,ec3eedff-354d-4d49-a61e-96e550911fe5,c1,DROP,1437,p1,?,
1769449493.8636408,SENT,0c0f58c4-57b0-4239-a00f-d4c2d0520dba,ec3eedff-354d-4d49-a61e-96e550911fe5,c1,DROP,1004,?,i9,
1769449493.8636787,FORWARDED,0c0f58c4-57b0-4239-a00f-d4c2d0520dba,ec3eedff-354d-4d49-a61e-96e550911fe5,c1,DROP,1004,?,i9,
1769449493.8665886,SENT,a0ce8994-c370-48a0-949c-f864e26ac508,fd1a91d9-a1c5-4c3d-8149-f6b9f0ff4bfd,c2,DROP,1013,?,i2,
1769449493.8666282,FORWARDED,a0ce8994-c370-48a0-949c-f864e26ac508,fd1a91d9-a1c5-4c3d-8149-f6b9f0ff4bfd,c2,DROP,1013,?,i2,
1769449494.0569484,RECEIVED,6aac529b-7980-4951-84bd-7603820ddd16,109ad509-d9ae-479c-9bfc-4953cae9668f,c1,c3,2475,p1,?,
1769449494.0993423,RECEIVED,aa1ae038-a062-4ec4-833b-f6393c708de2,70f14724-816c-4620-a0ef-d2ac28a89e8c,c4,DROP,1443,p1,?,
1769449494.1228127,RECEIVED,f0ea1545-b297-47a6-b18c-4b4652301aaa,85f41310-0ed0-43f2-8909-2dda5f0ca6d6,c1,DROP,1440,p1,?,
1769449494.166318,RECEIVED,e4261b29-d5ac-4edc-afbf-6630c8c7d0b1,e315f124-32d8-48c2-ae0f-460a2753e87b,c5,DROP,1443,p2,?,
1769449494.1872275,RECEIVED,abe97ec8-cb90-4c42-8cf4-db99d2658512,2b0820be-9493-4f7f-a9f5-62e40a0a2201,c2,DROP,1461,p2,?,
1769449494.2078576,SENT,b6f35762-c2c1-414d-b2e1-d6ca4e5eb7f2,2fb9f7a8-a23c-4e69-8155-e68ed4d0ad8b,c4,DROP,1012,?,i11,
1769449494.2078958,FORWARDED,b6f35762-c2c1-414d-b2e1-d6ca4e5eb7f2,2fb9f7a8-a23c-4e69-8155-e68ed4d0ad8b,c4,DROP,1012,?,i11,
1769449494.2095706,RECEIVED,bb7e892d-5296-4a93-b804-4cdb9e5ceb95,5db1ee9f-6243-4bf8-b04d-f3f62e56dd43,c3,c5,2451,p3,?,
1769449494.2120872,RECEIVED,e722a3f3-89f0-4cf1-bf58-002c8ef89378,2d154c4d-d412-486f-a70e-a968dac8de27,c5,c4,2456,p2,?,
1769449494.3416674,RECEIVED,2861e149-caa7-49f7-b6dd-d3e2737e4656,64623efc-d13c-447c-aa00-2a54c2449070,c3,DROP,1447,p3,?,
1769449494.413111,SENT,abe97ec8-cb90-4c42-8cf4-db99d2658512,2b0820be-9493-4f7f-a9f5-62e40a0a2201,c2,DROP,1021,?,i10,
1769449494.4131522,FORWARDED,abe97ec8-cb90-4c42-8cf4-db99d2658512,2b0820be-9493-4f7f-a9f5-62e40a0a2201,c2,DROP,1021,?,i10,
1769449494.4916983,SENT,e722a3f3-89f0-4cf1-bf58-002c8ef89378,2d154c4d-d412-486f-a70e-a968dac8de27,c5,c4,1769,?,i5,
1769449494.4917443,FORWARDED,e722a3f3-89f0-4cf1-bf58-002c8ef89378,2d154c4d-d412-486f-a70e-a968dac8de27,c5,c4,1769,?,i5,
1769449494.5278,SENT,6aac529b-7980-4951-84bd-7603820ddd16,109ad509-d9ae-479c-9bfc-4953cae9668f,c1,c3,1785,?,i7,
1769449494.5278406,FORWARDED,6aac529b-7980-4951-84bd-7603820ddd16,109ad509-d9ae-479c-9bfc-4953cae9668f,c1,c3,1785,?,i7,
1769449494.5515924,SENT,bb7e892d-5296-4a93-b804-4cdb9e5ceb95,5db1ee9f-6243-4bf8-b04d-f3f62e56dd43,c3,c5,1767,?,i10,
1769449494.5516322,FORWARDED,bb7e892d-5296-4a93-b804-4cdb9e5ceb95,5db1ee9f-6243-4bf8-b04d-f3f62e56dd43,c3,c5,1767,?,i10,
1769449494.605518,SENT,200d3f03-f4e8-454f-809f-9b88108ef94b,ca758d56-e457-455e-a9c1-615c312a52cc,c1,DROP,1009,?,i10,
1769449494.605559,FORWARDED,200d3f03-f4e8-454f-809f-9b88108ef94b,ca758d56-e457-455e-a9c1-615c312a52cc,c1,DROP,1009,?,i10,
1769449494.6705885,RECEIVED,be0e1528-89b3-4cb2-b2c1-85119e808a6a,24a751ed-35f5-4f86-b10a-b4480482ed7d,c5,c4,2457,p2,?,
1769449494.6959229,SENT,aa1ae038-a062-4ec4-833b-f6393c708de2,70f14724-816c-4620-a0ef-d2ac28a89e8c,c4,DROP,1009,?,i2,
1769449494.695962,FORWARDED,aa1ae038-a062-4ec4-833b-f6393c708de2,70f14724-816c-4620-a0ef-d2ac28a89e8c,c4,DROP,1009,?,i2,
1769449494.7120981,RECEIVED,fcfad905-ca5b-47ff-9623-cf9c26163cd1,b1ca0eea-4574-4b0c-be5e-ff16381fc4e3,c5,DROP,1440,p2,?,
1769449494.7181025,SENT,be0e1528-89b3-4cb2-b2c1-85119e808a6a,24a751ed-35f5-4f86-b10a-b4480482ed7d,c5,c4,1768,?,i9,
1769449494.7181432,FORWARDED,be0e1528-89b3-4cb2-b2c1-85119e808a6a,24a751ed-35f5-4f86-b10a-b4480482ed7d,c5,c4,1768,?,i9,
1769449494.7320244,SENT,d1496f69-0aff-4d47-aeb1-cbbff07ee67b,b56b88d0-d30c-4fad-bd6c-935a496f2e4f,c3,c5,1775,?,i4,
1769449494.732073,FORWARDED,d1496f69-0aff-4d47-aeb1-cbbff07ee67b,b56b88d0-d30c-4fad-bd6c-935a496f2e4f,c3,c5,1775,?,i4,
1769449494.90349,RECEIVED,d3a1548a-43d0-45e7-a199-80532e91e973,a88a8b27-bbd4-4ec3-bc37-cea989d4fc4d,c5,DROP,1441,p2,?,
1769449494.9487424,RECEIVED,ae41f83e-d259-4311-882b-f8bcfcc96d0b,d64e384c-d67b-48b0-b390-4b7582dcef01,c4,DROP,442,x4,?,
1769449495.0306215,RECEIVED,40090310-d0ce-4f4b-b84f-3cb4acdb4223,7ae8130c-025e-456e-af5f-b42832f3c851,c3,DROP,1456,p3,?,
1769449495.0947042,SENT,fcfad905-ca5b-47ff-9623-cf9c26163cd1,b1ca0eea-4574-4b0c-be5e-ff16381fc4e3,c5,DROP,1008,?,i12,
1769449495.0947459,FORWARDED,fcfad905-ca5b-47ff-9623-cf9c26163cd1,b1ca0eea-4574-4b0c-be5e-ff16381fc4e3,c5,DROP,1008,?,i12,
1769449495.107788,SENT,2861e149-caa7-49f7-b6dd-d3e2737e4656,64623efc-d13c-447c-aa00-2a54c2449070,c3,DROP,1012,?,i1,
1769449495.1078312,FORWARDED,2861e149-caa7-49f7-b6dd-d3e2737e4656,64623efc-d13c-447c-aa00-2a54c2449070,c3,DROP,1012,?,i1,
1769449495.1141593,SENT,d3a1548a-43d0-45e7-a199-80532e91e973,a88a8b27-bbd4-4ec3-bc37-cea989d4fc4d,c5,DROP,1008,?,i11,
1769449495.1141987,FORWARDED,d3a1548a-43d0-45e7-a199-80532e91e973,a88a8b27-bbd4-4ec3-bc37-cea989d4fc4d,c5,DROP,1008,?,i11,
1769449495.1241608,RECEIVED,50939bff-679b-4474-aeca-094bae198aca,81d7e107-a840-435f-be60-b7e714a4491a,c4,DROP,442,x7,?,
1769449495.151288,SENT,e4261b29-d5ac-4edc-afbf-6630c8c7d0b1,e315f124-32d8-48c2-ae0f-460a2753e87b,c5,DROP,1011,?,i9,
1769449495.1513262,FORWARDED,e4261b29-d5ac-4edc-afbf-6630c8c7d0b1,e315f124-32d8-48c2-ae0f-460a2753e87b,c5,DROP,1011,?,i9,
1769449495.166345,RECEIVED,7e6b8b92-ae39-4674-8fc3-90525061a80a,5afe3519-64a1-4b1e-8a55-42818b1b809c,c5,DROP,1456,p2,?,
1769449495.2527184,SENT,7e6b8b92-ae39-4674-8fc3-90525061a80a,5afe3519-64a1-4b1e-8a55-42818b1b809c,c5,DROP,1020,?,i9,
1769449495.2527595,FORWARDED,7e6b8b92-ae39-4674-8fc3-90525061a80a,5afe3519-64a1-4b1e-8a55-42818b1b809c,c5,DROP,1020,?,i9,
1769449495.2706468,RECEIVED,56f49834-8f0b-486f-8204-407b11c74852,205d50bf-0ea5-47a4-879f-8f497e36ed45,c2,DROP,442,x2,?,
1769449495.3935657,SENT,f0ea1545-b297-47a6-b18c-4b4652301aaa,85f41310-0ed0-43f2-8909-2dda5f0ca6d6,c1,DROP,1008,?,i10,
1769449495.3936071,FORWARDED,f0ea1545-b297-47a6-b18c-4b4652301aaa,85f41310-0ed0-43f2-8909-2dda5f0ca6d6,c1,DROP,1008,?,i10,
1769449495.487162,RECEIVED,7ec4c11d-5b63-460a-bd77-a4d4a9df48cc,9b4b1720-7fce-481d-a1df-e4e64ad2d873,c4,DROP,441,x8,?,
1769449495.538826,RECEIVED,ebb69033-9eea-4ba0-a398-4ce06f6b0fd2,082c7d12-6714-45ba-9b5a-2a67de60aab5,c5,DROP,447,x11,?,
1769449495.547667,RECEIVED,f253e182-558b-4b6a-9190-134929d6d486,1545065f-af5e-4a35-8c1c-d76fb3f37763,c4,DROP,1443,p1,?,
1769449495.7539291,SENT,f253e182-558b-4b6a-9190-134929d6d486,1545065f-af5e-4a35-8c1c-d76fb3f37763,c4,DROP,1011,?,i7,
1769449495.7539709,FORWARDED,f253e182-558b-4b6a-9190-134929d6d486,1545065f-af5e-4a35-8c1c-d76fb3f37763,c4,DROP,1011,?,i7,
1769449495.7729545,RECEIVED,037ef8bc-b055-4458-b9a0-5ebc152de441,0c7e0530-29b7-4968-9b87-7cdbb7020c85,c2,DROP,1444,p2,?,
1769449495.8893516,SENT,037ef8bc-b055-4458-b9a0-5ebc152de441,0c7e0530-29b7-4968-9b87-7cdbb7020c85,c2,DROP,1009,?,i8,
1769449495.889391,FORWARDED,037ef8bc-b055-4458-b9a0-5ebc152de441,0c7e0530-29b7-4968-9b87-7cdbb7020c85,c2,DROP,1009,?,i8,
1769449495.9379776,RECEIVED,8a5a9585-0a9e-4a28-a5b2-fa690d92abd7,1707e7ea-0e48-4c3d-8230-a93ae58dfe80,c1,c3,2459,p1,?,
1769449496.0253046,RECEIVED,f8317a99-821e-4e26-b393-de85142ec327,6b3bf1e0-878d-4173-9559-68da50da7a7d,c2,DROP,1449,p2,?,
1769449496.031968,SENT,40090310-d0ce-4f4b-b84f-3cb4acdb4223,7ae8130c-025e-456e-af5f-b42832f3c851,c3,DROP,1020,?,i12,
1769449496.0320077,FORWARDED,40090310-d0ce-4f4b-b84f-3cb4acdb4223,7ae8130c-025e-456e-af5f-b42832f3c851,c3,DROP,1020,?,i12,
1769449496.0451071,RECEIVED,2d9ae56f-4586-4736-b825-ce0293503834,a2a8217e-b08e-4b11-92f0-e5ed8ba29899,c2,DROP,1447,p2,?,
1769449496.0714793,SENT,8a5a9585-0a9e-4a28-a5b2-fa690d92abd7,1707e7ea-0e48-4c3d-8230-a93ae58dfe80,c1,c3,1773,?,i5,
1769449496.071519,FORWARDED,8a5a9585-0a9e-4a28-a5b2-fa690d92abd7,1707e7ea-0e48-4c3d-8230-a93ae58dfe80,c1,c3,1773,?,i5,
1769449496.1623921,RECEIVED,c5704a30-035a-499b-a81c-b87e0e53a1fe,5ba17efd-13e4-4d7f-bfe8-e69b1e86300e,c3,DROP,1447,p3,?,
1769449496.3052256,SENT,c5704a30-035a-499b-a81c-b87e0e53a1fe,5ba17efd-13e4-4d7f-bfe8-e69b1e86300e,c3,DROP,1012,?,i1,
1769449496.3052685,FORWARDED,c5704a30-035a-499b-a81c-b87e0e53a1fe,5ba17efd-13e4-4d7f-bfe8-e69b1e86300e,c3,DROP,1012,?,i1,
1769449496.5157764,SENT,f8317a99-821e-4e26-b393-de85142ec327,6b3bf1e0-878d-4173-9559-68da50da7a7d,c2,DROP,1012,?,i10,
1769449496.5159416,FORWARDED,f8317a99-821e-4e26-b393-de85142ec327,6b3bf1e0-878d-4173-9559-68da50da7a7d,c2,DROP,1012,?,i10,
1769449496.5959375,RECEIVED,3bb047c9-c847-43f9-8fc7-d8207ed63067,91db5ba1-3b6a-4457-ad5c-da5bf212e18d,c2,DROP,1440,p2,?,
1769449496.7583694,RECEIVED,e0ec7d56-aa68-48d1-b883-46629381db21,aa4c798f-9682-4906-ab2f-a61d86d11a0b,c2,DROP,442,x11,?,
1769449496.877253,SENT,3bb047c9-c847-43f9-8fc7-d8207ed63067,91db5ba1-3b6a-4457-ad5c-da5bf212e18d,c2,DROP,1008,?,i4,
1769449496.8773196,FORWARDED,3bb047c9-c847-43f9-8fc7-d8207ed63067,91db5ba1-3b6a-4457-ad5c-da5bf212e18d,c2,DROP,1008,?,i4,
1769449496.9178202,SENT,2d9ae56f-4586-4736-b825-ce0293503834,a2a8217e-b08e-4b11-92f0-e5ed8ba29899,c2,DROP,1012,?,i4,
1769449496.9178615,FORWARDED,2d9ae56f-4586-4736-b825-ce0293503834,a2a8217e-b08e-4b11-92f0-e5ed8ba29899,c2,DROP,1012,?,i4,
1769449497.0878282,RECEIVED,16214b33-8b50-42aa-8291-174c8055daeb,86464be9-f791-4597-a326-3f3fd188677b,c5,DROP,1444,p2,?,
1769449497.3823214,SENT,16214b33-8b50-42aa-8291-174c8055daeb,86464be9-f791-4597-a326-3f3fd188677b,c5,DROP,1011,?,i2,
1769449497.3823626,FORWARDED,16214b33-8b50-42aa-8291-174c8055daeb,86464be9-f791-4597-a326-3f3fd188677b,c5,DROP,1011,?,i2,
1769449497.4914362,RECEIVED,28b415da-7452-41a6-aa82-bcb1395a5688,0abeb61f-06ca-4344-85d5-575931127e5e,c4,DROP,1449,p1,?,
1769449497.519014,RECEIVED,6c602d5a-210b-4f03-a1b7-e092f7dbecdb,5f348ccb-6e54-4a4e-bf75-39483b784d2e,c5,DROP,441,x10,?,
1769449497.6086195,SENT,28b415da-7452-41a6-aa82-bcb1395a5688,0abeb61f-06ca-4344-85d5-575931127e5e,c4,DROP,1013,?,i11,
1769449497.6086612,FORWARDED,28b415da-7452-41a6-aa82-bcb1395a5688,0abeb61f-06ca-4344-85d5-575931127e5e,c4,DROP,1013,?,i11,
1769449497.8433132,RECEIVED,4de294a2-98a1-427d-9636-438efe8acb7d,5625c2a0-4c23-4835-96a4-463020c0a4ec,c3,DROP,1440,p3,?,
1769449497.8808498,SENT,4de294a2-98a1-427d-9636-438efe8acb7d,5625c2a0-4c23-4835-96a4-463020c0a4ec,c3,DROP,1008,?,i5,
1769449497.8809,FORWARDED,4de294a2-98a1-427d-9636-438efe8acb7d,5625c2a0-4c23-4835-96a4-463020c0a4ec,c3,DROP,1008,?,i5,
1769449498.049525,RECEIVED,66b8147e-3e0e-402c-87d0-51ac1621ac90,10fd8fc1-f074-446c-b090-7baef3f5766b,c2,DROP,1440,p2,?,
1769449498.1679926,SENT,66b8147e-3e0e-402c-87d0-51ac1621ac90,10fd8fc1-f074-446c-b090-7baef3f5766b,c2,DROP,1008,?,i3,
1769449498.1680331,FORWARDED,66b8147e-3e0e-402c-87d0-51ac1621ac90,10fd8fc1-f074-446c-b090-7baef3f5766b,c2,DROP,1008,?,i3,
1769449498.2019308,RECEIVED,eacf54d0-8672-4333-b663-763701fa2a07,88271d64-b2b0-4710-a1aa-d4c09ec8fe2a,c3,c5,2450,p3,?,
1769449498.3231735,RECEIVED,55bdd825-425c-4cf8-be0e-f1b5536f2aa1,e0544a13-a634-4a6c-a535-e63637135ef8,c3,c5,2466,p3,?,
1769449498.3635,RECEIVED,4ba82793-bdbf-4eef-8e02-5f1aaac40bed,f89060ba-e735-4cd4-8f81-7683d57743f8,c5,DROP,440,x6,?,
1769449498.4115186,SENT,55bdd825-425c-4cf8-be0e-f1b5536f2aa1,e0544a13-a634-4a6c-a535-e63637135ef8,c3,c5,1775,?,i12,
1769449498.4115584,FORWARDED,55bdd825-425c-4cf8-be0e-f1b5536f2aa1,e0544a13-a634-4a6c-a535-e63637135ef8,c3,c5,1775,?,i12,
1769449498.720354,RECEIVED,d6f384fe-7310-41dc-a00e-bebfbafe2ed7,af3dd84a-3bc7-4032-95d8-f61b924ce89f,c4,DROP,1440,p1,?,
1769449498.8308866,SENT,eacf54d0-8672-4333-b663-763701fa2a07,88271d64-b2b0-4710-a1aa-d4c09ec8fe2a,c3,c5,1767,?,i5,
1769449498.8309276,FORWARDED,eacf54d0-8672-4333-b663-763701fa2a07,88271d64-b2b0-4710-a1aa-d4c09ec8fe2a,c3,c5,1767,?,i5,
1769449498.9802816,RECEIVED,2650d764-8617-4b4f-87d7-88841bc61387,92921c43-5255-4099-a56c-502a2454f89e,c4,c5,2456,p1,?,
1769449499.0781465,SENT,2650d764-8617-4b4f-87d7-88841bc61387,92921c43-5255-4099-a56c-502a2454f89e,c4,c5,1769,?,i6,
1769449499.0781887,FORWARDED,2650d764-8617-4b4f-87d7-88841bc61387,92921c43-5255-4099-a56c-502a2454f89e,c4,c5,1769,?,i6,
1769449499.2227407,RECEIVED,f344ddb4-5715-40a4-99b0-98a57ebb749a,fbf14976-2ea3-45ac-ae78-1383872b264d,c3,DROP,445,x10,?,
1769449499.2986345,SENT,d6f384fe-7310-41dc-a00e-bebfbafe2ed7,af3dd84a-3bc7-4032-95d8-f61b924ce89f,c4,DROP,1007,?,i12,
1769449499.2986767,FORWARDED,d6f384fe-7310-41dc-a00e-bebfbafe2ed7,af3dd84a-3bc7-4032-95d8-f61b924ce89f,c4,DROP,1007,?,i12,
1769449499.336689,RECEIVED,64062afa-e6dc-4d43-8c17-df7b96fe4990,06f4a540-ff4d-41da-9b1d-82dfcc9d4785,c1,DROP,1439,p1,?,
1769449499.6252875,RECEIVED,75c1d4bc-9294-4538-b14c-3aebba0461e9,a21b60ea-e7f0-4257-bbf5-0239feb1e074,c1,c3,2460,p1,?,
1769449499.745118,RECEIVED,38d707ad-c94f-4574-a046-d21bed225277,8d716973-4396-4f4e-a8da-5e3110bcbc98,c3,DROP,1451,p3,?,
1769449499.7768304,RECEIVED,5fce4605-0c9c-4bcb-b268-1036cdd74915,dbf56a32-51ee-4f1d-a28c-4e7c72b7e4ce,c2,DROP,1444,p2,?,
1769449500.0899332,SENT,75c1d4bc-9294-4538-b14c-3aebba0461e9,a21b60ea-e7f0-4257-bbf5-0239feb1e074,c1,c3,1771,?,i3,
1769449500.0899854,FORWARDED,75c1d4bc-9294-4538-b14c-3aebba0461e9,a21b60ea-e7f0-4257-bbf5-0239feb1e074,c1,c3,1771,?,i3,
1769449500.134703,SENT,5fce4605-0c9c-4bcb-b268-1036cdd74915,dbf56a32-51ee-4f1d-a28c-4e7c72b7e4ce,c2,DROP,1009,?,i12,
1769449500.1348047,FORWARDED,5fce4605-0c9c-4bcb-b268-1036cdd74915,dbf56a32-51ee-4f1d-a28c-4e7c72b7e4ce,c2,DROP,1009,?,i12,
1769449500.1928916,SENT,64062afa-e6dc-4d43-8c17-df7b96fe4990,06f4a540-ff4d-41da-9b1d-82dfcc9d4785,c1,DROP,1008,?,i8,
1769449500.1929367,FORWARDED,64062afa-e6dc-4d43-8c17-df7b96fe4990,06f4a540-ff4d-41da-9b1d-82dfcc9d4785,c1,DROP,1008,?,i8,
1769449500.2385142,RECEIVED,d9c57954-3f40-4e9d-af7d-2bf1af4be4aa,8d1ba491-72d4-460c-9351-e8c7f6053d4e,c4,DROP,437,x5,?,
1769449500.3229706,RECEIVED,d9e1a792-a264-4a20-af14-a2485bf6e625,58e2c8a4-94df-42b9-90d4-7a036b1bd974,c2,DROP,438,x6,?,
1769449500.3492928,RECEIVED,a51c7aef-0541-4633-8da4-554b7bf03466,75f72bc3-5782-4eff-b44a-82a6344038bd,c4,c5,2459,p1,?,
1769449500.442983,SENT,a51c7aef-0541-4633-8da4-554b7bf03466,75f72bc3-5782-4eff-b44a-82a6344038bd,c4,c5,1771,?,i2,
1769449500.4430172,FORWARDED,a51c7aef-0541-4633-8da4-554b7bf03466,75f72bc3-5782-4eff-b44a-82a6344038bd,c4,c5,1771,?,i2,
1769449500.4867632,RECEIVED,6caea43f-9700-4aef-ae45-2a03a2253a37,650f79de-d795-45ae-96d3-a3068c3001e6,c2,c1,2461,p2,?,
1769449500.5057652,SENT,6caea43f-9700-4aef-ae45-2a03a2253a37,650f79de-d795-45ae-96d3-a3068c3001e6,c2,c1,1771,?,i6,
1769449500.505816,FORWARDED,6caea43f-9700-4aef-ae45-2a03a2253a37,650f79de-d795-45ae-96d3-a3068c3001e6,c2,c1,1771,?,i6,
1769449500.5078733,SENT,38d707ad-c94f-4574-a046-d21bed225277,8d716973-4396-4f4e-a8da-5e3110bcbc98,c3,DROP,1015,?,i9,
1769449500.507914,FORWARDED,38d707ad-c94f-4574-a046-d21bed225277,8d716973-4396-4f4e-a8da-5e3110bcbc98,c3,DROP,1015,?,i9,
1769449500.8952942,RECEIVED,c695cd6a-95cd-4223-a299-798ebb9389f2,a91eed75-c327-41f2-9027-b7b702f218af,c3,DROP,442,x10,?,
1769449501.0943098,RECEIVED,cbf6aa8c-d684-4c44-b2d4-0a84c8b16259,be791c59-1677-42f7-a840-0c21bf873925,c4,c5,2472,p1,?,
1769449501.1068673,RECEIVED,0f69a82c-d751-4eb0-8b08-908936df634c,c29801ed-ba01-46c9-97e6-de438235b034,c5,DROP,1440,p2,?,
1769449501.3197083,RECEIVED,533524ef-8115-444c-b910-3be9bd2d8c3e,c5df104d-b21e-4c71-8b21-fe8b6a4c018f,c2,DROP,1440,p2,?,
1769449501.3440542,SENT,0f69a82c-d751-4eb0-8b08-908936df634c,c29801ed-ba01-46c9-97e6-de438235b034,c5,DROP,1007,?,i10,
1769449501.3440967,FORWARDED,0f69a82c-d751-4eb0-8b08-908936df634c,c29801ed-ba01-46c9-97e6-de438235b034,c5,DROP,1007,?,i10,
1769449501.4182348,RECEIVED,e9d38664-35f3-4715-baeb-ba3f746f8b0b,e45b53fb-53f9-4142-ba53-b36820d3e0a0,c2,DROP,1439,p2,?,
1769449501.459918,SENT,cbf6aa8c-d684-4c44-b2d4-0a84c8b16259,be791c59-1677-42f7-a840-0c21bf873925,c4,c5,1780,?,i12,
1769449501.4599564,FORWARDED,cbf6aa8c-d684-4c44-b2d4-0a84c8b16259,be791c59-1677-42f7-a840-0c21bf873925,c4,c5,1780,?,i12,
1769449501.4683354,SENT,533524ef-8115-444c-b910-3be9bd2d8c3e,c5df104d-b21e-4c71-8b21-fe8b6a4c018f,c2,DROP,1008,?,i6,
1769449501.4683766,FORWARDED,533524ef-8115-444c-b910-3be9bd2d8c3e,c5df104d-b21e-4c71-8b21-fe8b6a4c018f,c2,DROP,1008,?,i6,
1769449501.5732179,RECEIVED,8da21fc0-a471-43ac-bb2b-ffc457884fd5,a75dac03-1f59-400f-99e8-6eb53461cf0e,c1,c3,2468,p1,?,
1769449501.5938365,RECEIVED,13e7f446-5301-4c88-8d45-d700eca19cdf,2e86d275-6cdc-4f15-8785-593adee26325,c3,c5,2447,p3,?,
1769449501.6227083,RECEIVED,b8d771f7-e2d9-4fd4-9c3c-8ce93a935245,fb02a24e-a43c-4190-8031-944748c480a2,c1,DROP,442,x8,?,
1769449501.6449564,RECEIVED,f61a296e-6713-4856-b780-cbc370bf905f,d4e98724-9e0e-48f4-8258-9836f51e371a,c2,DROP,441,x7,?,
1769449501.7371762,RECEIVED,1a06f6a8-5ee9-4b6d-8404-63f694d88c61,ffc3e13d-533f-4e7f-bc07-0c18bd23476a,c5,DROP,1444,p2,?,
1769449501.849626,SENT,13e7f446-5301-4c88-8d45-d700eca19cdf,2e86d275-6cdc-4f15-8785-593adee26325,c3,c5,1764,?,i9,
1769449501.849666,FORWARDED,13e7f446-5301-4c88-8d45-d700eca19cdf,2e86d275-6cdc-4f15-8785-593adee26325,c3,c5,1764,?,i9,
1769449501.9467838,SENT,1a06f6a8-5ee9-4b6d-8404-63f694d88c61,ffc3e13d-533f-4e7f-bc07-0c18bd23476a,c5,DROP,1011,?,i6,
1769449501.946822,FORWARDED,1a06f6a8-5ee9-4b6d-8404-63f694d88c61,ffc3e13d-533f-4e7f-bc07-0c18bd23476a,c5,DROP,1011,?,i6,
1769449501.9788294,SENT,e9d38664-35f3-4715-baeb-ba3f746f8b0b,e45b53fb-53f9-4142-ba53-b36820d3e0a0,c2,DROP,1007,?,i8,
1769449501.9788716,FORWARDED,e9d38664-35f3-4715-baeb-ba3f746f8b0b,e45b53fb-53f9-4142-ba53-b36820d3e0a0,c2,DROP,1007,?,i8,
1769449502.0660338,RECEIVED,d7d80b5d-4576-4937-a79a-112161eea32b,c24db339-112e-4446-8651-749ad65fed8e,c5,DROP,1439,p2,?,
1769449502.0808911,RECEIVED,9a1a85ad-f5d7-498f-ac80-01d34c758907,47696797-4c48-4d50-9fa9-7694dcb30280,c3,DROP,1440,p3,?,
1769449502.092672,SENT,8da21fc0-a471-43ac-bb2b-ffc457884fd5,a75dac03-1f59-400f-99e8-6eb53461cf0e,c1,c3,1779,?,i11,
1769449502.0934095,FORWARDED,8da21fc0-a471-43ac-bb2b-ffc457884fd5,a75dac03-1f59-400f-99e8-6eb53461cf0e,c1,c3,1779,?,i11,
1769449502.192717,RECEIVED,c944a866-e50f-42f7-a7cd-90af7e9dc97e,6fa283e9-5387-48cf-a98d-adb8182cf8a2,c4,DROP,1452,p1,?,
1769449502.5899482,SENT,9a1a85ad-f5d7-498f-ac80-01d34c758907,47696797-4c48-4d50-9fa9-7694dcb30280,c3,DROP,1008,?,i12,
1769449502.59073,FORWARDED,9a1a85ad-f5d7-498f-ac80-01d34c758907,47696797-4c48-4d50-9fa9-7694dcb30280,c3,DROP,1008,?,i12,
1769449502.6414132,SENT,c944a866-e50f-42f7-a7cd-90af7e9dc97e,6fa283e9-5387-48cf-a98d-adb8182cf8a2,c4,DROP,1015,?,i12,
1769449502.6414566,FORWARDED,c944a866-e50f-42f7-a7cd-90af7e9dc97e,6fa283e9-5387-48cf-a98d-adb8182cf8a2,c4,DROP,1015,?,i12,
1769449502.8689494,RECEIVED,24c2c30a-2224-4ead-9878-f90eb05f0a00,c8986bc3-abd3-477f-8ced-b3d68461a49f,c1,DROP,1452,p1,?,
1769449502.9623497,SENT,24c2c30a-2224-4ead-9878-f90eb05f0a00,c8986bc3-abd3-477f-8ced-b3d68461a49f,c1,DROP,1016,?,i2,
1769449502.9623883,FORWARDED,24c2c30a-2224-4ead-9878-f90eb05f0a00,c8986bc3-abd3-477f-8ced-b3d68461a49f,c1,DROP,1016,?,i2,
1769449503.1311302,SENT,d7d80b5d-4576-4937-a79a-112161eea32b,c24db339-112e-4446-8651-749ad65fed8e,c5,DROP,1007,?,i4,
1769449503.1311712,FORWARDED,d7d80b5d-4576-4937-a79a-112161eea32b,c24db339-112e-4446-8651-749ad65fed8e,c5,DROP,1007,?,i4,
1769449503.4591305,RECEIVED,427338f7-6a3d-4b37-990a-9278ef14efaa,de457d33-868b-4984-8c5e-0aa7187abf61,c4,c5,2456,p1,?,
1769449503.6228435,RECEIVED,4127d05e-597d-4c4c-9b4c-c3a8c0e00f42,2dc4d3a5-4744-4ceb-815c-4ddfc9800a8d,c3,DROP,1444,p3,?,
1769449503.6945684,RECEIVED,d3fbc774-648d-4303-8212-873e016dcf02,5bb9fc10-b28d-47e0-a281-a36b943c45a8,c3,DROP,1440,p3,?,
1769449503.6978793,RECEIVED,0700bb73-255b-401a-86f6-44d1b039e34d,d90e359a-619f-4046-a1bd-699ac0fad398,c4,DROP,1434,p1,?,
1769449503.7095273,RECEIVED,9af027a8-b0a4-4cc9-9480-d3b4f8448957,04cccc98-a379-4320-9a81-7aae35d4d52b,c3,DROP,1440,p3,?,
1769449503.7206147,SENT,427338f7-6a3d-4b37-990a-9278ef14efaa,de457d33-868b-4984-8c5e-0aa7187abf61,c4,c5,1769,?,i5,
1769449503.7206554,FORWARDED,427338f7-6a3d-4b37-990a-9278ef14efaa,de457d33-868b-4984-8c5e-0aa7187abf61,c4,c5,1769,?,i5,
1769449503.7716944,SENT,d3fbc774-648d-4303-8212-873e016dcf02,5bb9fc10-b28d-47e0-a281-a36b943c45a8,c3,DROP,1007,?,i8,
1769449503.7717373,FORWARDED,d3fbc774-648d-4303-8212-873e016dcf02,5bb9fc10-b28d-47e0-a281-a36b943c45a8,c3,DROP,1007,?,i8,
1769449503.8028877,RECEIVED,e30b3ac7-3c4f-4f3f-833b-673b7bce5f6e,f5cfdd3b-047f-4cca-88e6-8a2cd2a7137c,c1,DROP,1447,p1,?,
1769449503.8669932,RECEIVED,41d78b99-4ee0-4bb2-a06f-779c41a2f607,97a6925c-a3eb-4253-8810-06a229498edf,c4,DROP,1440,p1,?,
1769449503.905777,SENT,4127d05e-597d-4c4c-9b4c-c3a8c0e00f42,2dc4d3a5-4744-4ceb-815c-4ddfc9800a8d,c3,DROP,1011,?,i12,
1769449503.9058163,FORWARDED,4127d05e-597d-4c4c-9b4c-c3a8c0e00f42,2dc4d3a5-4744-4ceb-815c-4ddfc9800a8d,c3,DROP,1011,?,i12,
1769449503.914669,SENT,9af027a8-b0a4-4cc9-9480-d3b4f8448957,04cccc98-a379-4320-9a81-7aae35d4d52b,c3,DROP,1007,?,i8,
1769449503.9147072,FORWARDED,9af027a8-b0a4-4cc9-9480-d3b4f8448957,04cccc98-a379-4320-9a81-7aae35d4d52b,c3,DROP,1007,?,i8,
1769449503.9197774,RECEIVED,54e499d0-9ed2-4314-af25-8e7ae7d90e3b,867951ed-d848-41f2-9296-8197a476ff35,c2,DROP,1447,p2,?,
1769449503.9297712,RECEIVED,a3bb980d-6641-48d7-a2bc-f629799fdb69,4865f176-c933-47b5-8c43-6ad087831037,c3,DROP,1447,p3,?,
1769449504.0152068,SENT,0700bb73-255b-401a-86f6-44d1b039e34d,d90e359a-619f-4046-a1bd-699ac0fad398,c4,DROP,1003,?,i9,
1769449504.0152469,FORWARDED,0700bb73-255b-401a-86f6-44d1b039e34d,d90e359a-619f-4046-a1bd-699ac0fad398,c4,DROP,1003,?,i9,
1769449504.0788805,RECEIVED,9dae9518-f3df-49b0-97c1-2b82617515c8,ee48d35f-fdd6-4396-af01-6982e1f8d4eb,c4,c5,2472,p1,?,
1769449504.089705,SENT,a3bb980d-6641-48d7-a2bc-f629799fdb69,4865f176-c933-47b5-8c43-6ad087831037,c3,DROP,1012,?,i4,
1769449504.0897465,FORWARDED,a3bb980d-6641-48d7-a2bc-f629799fdb69,4865f176-c933-47b5-8c43-6ad087831037,c3,DROP,1012,?,i4,
1769449504.33465,SENT,e30b3ac7-3c4f-4f3f-833b-673b7bce5f6e,f5cfdd3b-047f-4cca-88e6-8a2cd2a7137c,c1,DROP,1013,?,i5,
1769449504.3346891,FORWARDED,e30b3ac7-3c4f-4f3f-833b-673b7bce5f6e,f5cfdd3b-047f-4cca-88e6-8a2cd2a7137c,c1,DROP,1013,?,i5,
1769449504.3696861,RECEIVED,4523f9ef-2181-49b0-8156-6abe4eb3758b,049e38e2-2106-4223-9d9d-e8edcf535f03,c5,c4,2447,p2,?,
1769449504.3885138,SENT,41d78b99-4ee0-4bb2-a06f-779c41a2f607,97a6925c-a3eb-4253-8810-06a229498edf,c4,DROP,1007,?,i11,
1769449504.388553,FORWARDED,41d78b99-4ee0-4bb2-a06f-779c41a2f607,97a6925c-a3eb-4253-8810-06a229498edf,c4,DROP,1007,?,i11,
1769449504.680903,RECEIVED,1c29fb14-8362-4938-b7e2-309ea5ef0355,9a02869e-cb90-4b92-a884-bcce189ff793,c1,c3,2471,p1,?,
1769449504.7473464,SENT,9dae9518-f3df-49b0-97c1-2b82617515c8,ee48d35f-fdd6-4396-af01-6982e1f8d4eb,c4,c5,1781,?,i10,
1769449504.7473931,FORWARDED,9dae9518-f3df-49b0-97c1-2b82617515c8,ee48d35f-fdd6-4396-af01-6982e1f8d4eb,c4,c5,1781,?,i10,
1769449504.798525,SENT,4523f9ef-2181-49b0-8156-6abe4eb3758b,049e38e2-2106-4223-9d9d-e8edcf535f03,c5,c4,1763,?,i4,
1769449504.798566,FORWARDED,4523f9ef-2181-49b0-8156-6abe4eb3758b,049e38e2-2106-4223-9d9d-e8edcf535f03,c5,c4,1763,?,i4,
1769449504.8274198,SENT,54e499d0-9ed2-4314-af25-8e7ae7d90e3b,867951ed-d848-41f2-9296-8197a476ff35,c2,DROP,1012,?,i5,
1769449504.827458,FORWARDED,54e499d0-9ed2-4314-af25-8e7ae7d90e3b,867951ed-d848-41f2-9296-8197a476ff35,c2,DROP,1012,?,i5,
1769449504.8632593,RECEIVED,ee051e7a-a0d1-4d94-8f8a-0bc9c2f3a108,f46f6bac-aef5-4793-9201-6df3827e965d,c3,DROP,1435,p3,?,
1769449505.2010248,SENT,ee051e7a-a0d1-4d94-8f8a-0bc9c2f3a108,f46f6bac-aef5-4793-9201-6df3827e965d,c3,DROP,1004,?,i3,
1769449505.2010756,FORWARDED,ee051e7a-a0d1-4d94-8f8a-0bc9c2f3a108,f46f6bac-aef5-4793-9201-6df3827e965d,c3,DROP,1004,?,i3,
1769449505.2436066,SENT,1c29fb14-8362-4938-b7e2-309ea5ef0355,9a02869e-cb90-4b92-a884-bcce189ff793,c1,c3,1780,?,i8,
1769449505.2436466,FORWARDED,1c29fb14-8362-4938-b7e2-309ea5ef0355,9a02869e-cb90-4b92-a884-bcce189ff793,c1,c3,1780,?,i8,
1769449505.277382,RECEIVED,8f2d9dfd-646a-4b6a-8eed-fe8ce568d6ed,4357545c-108f-4a72-bff8-625a369ab65e,c4,DROP,442,x1,?,
1769449505.2911398,RECEIVED,2c6ecece-5754-41c5-b584-8514766e1297,b7f31cac-54aa-4182-8146-e1ecd2d7853c,c5,c4,2459,p2,?,
1769449505.3185236,RECEIVED,20d0ab3c-bb33-4ae6-85d0-e02c609c6eb9,8aabb31e-0868-4e34-8656-c1bcf5b8700b,c5,DROP,1456,p2,?,
1769449505.3560207,RECEIVED,c86555ab-7056-433e-b51d-7fc8ec145f50,8f017300-9e24-4255-ad2d-a3c0a337826e,c4,c5,2455,p1,?,
1769449505.501301,SENT,2c6ecece-5754-41c5-b584-8514766e1297,b7f31cac-54aa-4182-8146-e1ecd2d7853c,c5,c4,1773,?,i3,
1769449505.5013416,FORWARDED,2c6ecece-5754-41c5-b584-8514766e1297,b7f31cac-54aa-4182-8146-e1ecd2d7853c,c5,c4,1773,?,i3,
1769449505.5272586,RECEIVED,48917fc9-0bb8-454f-8180-3610a8a9f4ef,041e5c8c-0bd0-4329-b81a-30cff94acf39,c3,c5,2463,p3,?,
1769449505.6066046,SENT,20d0ab3c-bb33-4ae6-85d0-e02c609c6eb9,8aabb31e-0868-4e34-8656-c1bcf5b8700b,c5,DROP,1018,?,i4,
1769449505.6066444,FORWARDED,20d0ab3c-bb33-4ae6-85d0-e02c609c6eb9,8aabb31e-0868-4e34-8656-c1bcf5b8700b,c5,DROP,1018,?,i4,
1769449505.6649482,RECEIVED,9fc3c155-4362-486e-a99d-8093f8fa84d9,ce32057a-f778-4c37-b9df-eda6aa271388,c4,DROP,1444,p1,?,
1769449505.7103245,SENT,9fc3c155-4362-486e-a99d-8093f8fa84d9,ce32057a-f778-4c37-b9df-eda6aa271388,c4,DROP,1011,?,i5,
1769449505.7103646,FORWARDED,9fc3c155-4362-486e-a99d-8093f8fa84d9,ce32057a-f778-4c37-b9df-eda6aa271388,c4,DROP,1011,?,i5,
1769449505.7171144,RECEIVED,74cf5ef0-e0d6-4e35-a2f8-aaf0c4532fe0,598d1e38-5e87-4a04-ab6c-d695402dc406,c5,DROP,1453,p2,?,
1769449505.7308834,SENT,74cf5ef0-e0d6-4e35-a2f8-aaf0c4532fe0,598d1e38-5e87-4a04-ab6c-d695402dc406,c5,DROP,1016,?,i4,
1769449505.7309303,FORWARDED,74cf5ef0-e0d6-4e35-a2f8-aaf0c4532fe0,598d1e38-5e87-4a04-ab6c-d695402dc406,c5,DROP,1016,?,i4,
1769449505.732706,SENT,c86555ab-7056-433e-b51d-7fc8ec145f50,8f017300-9e24-4255-ad2d-a3c0a337826e,c4,c5,1768,?,i6,
1769449505.7327473,FORWARDED,c86555ab-7056-433e-b51d-7fc8ec145f50,8f017300-9e24-4255-ad2d-a3c0a337826e,c4,c5,1768,?,i6,
1769449505.8872063,RECEIVED,1ce07563-3a38-44fe-b8e9-b9cbe9eb2680,11e915a8-22c3-4854-8221-0c9a5e79a407,c3,c5,2469,p3,?,
1769449505.9029636,RECEIVED,9325209d-b4fb-4d43-8af4-7f2ead9fea89,e6a8ba3e-7d07-472a-b8d0-97486f62bb0d,c5,DROP,1440,p2,?,
1769449505.935069,SENT,1ce07563-3a38-44fe-b8e9-b9cbe9eb2680,11e915a8-22c3-4854-8221-0c9a5e79a407,c3,c5,1779,?,i7,
1769449505.935112,FORWARDED,1ce07563-3a38-44fe-b8e9-b9cbe9eb2680,11e915a8-22c3-4854-8221-0c9a5e79a407,c3,c5,1779,?,i7,
1769449505.971451,RECEIVED,a30825a3-4191-4e1d-a855-13454612a509,6c037bb2-c7eb-43b6-82b3-e213f05a7b03,c2,DROP,441,x2,?,
1769449505.9852455,SENT,9325209d-b4fb-4d43-8af4-7f2ead9fea89,e6a8ba3e-7d07-472a-b8d0-97486f62bb0d,c5,DROP,1007,?,i7,
1769449505.9852865,FORWARDED,9325209d-b4fb-4d43-8af4-7f2ead9fea89,e6a8ba3e-7d07-472a-b8d0-97486f62bb0d,c5,DROP,1007,?,i7,
1769449505.995604,RECEIVED,8b35003d-9b0e-4147-b61f-247305c71258,b3ab1e98-dbcc-4de0-af8d-8ff20db6382e,c4,DROP,1447,p1,?,
1769449506.0152075,SENT,48917fc9-0bb8-454f-8180-3610a8a9f4ef,041e5c8c-0bd0-4329-b81a-30cff94acf39,c3,c5,1776,?,i7,
1769449506.01525,FORWARDED,48917fc9-0bb8-454f-8180-3610a8a9f4ef,041e5c8c-0bd0-4329-b81a-30cff94acf39,c3,c5,1776,?,i7,
1769449506.3050897,RECEIVED,3ebbbe41-1a1c-4d08-ac20-3885839b783e,4d8f0b48-d89e-40d9-8397-b27b15ff002b,c2,DROP,1440,p2,?,
1769449506.3235173,RECEIVED,a8b3afa1-0ddb-4ad8-a680-6dbd6e207aa2,1cdcfea9-90f0-499e-9bbc-6e6173f17c94,c2,DROP,441,x9,?,
1769449506.4008648,RECEIVED,09be38b2-c082-44a8-9c74-f51bc778fc26,ec67f7c2-cb57-4a9b-8fea-f86595cd4481,c3,DROP,441,x2,?,
1769449506.4129431,RECEIVED,d78de9bd-dd8a-48fd-9d6f-9c9fad0580ee,dc0c999a-b4ef-47a3-8ae6-c9fae1abb86f,c4,DROP,1452,p1,?,
1769449506.4753757,RECEIVED,a4aac001-c4b7-416d-ac4a-a397a28f0632,ac02494f-4087-48c3-b025-8f793b327324,c2,c1,2464,p2,?,
1769449506.505828,RECEIVED,ecc3169c-c8d3-4ec9-a74f-e77386b1b5a0,57bd45fb-480b-4c28-920b-dd75c0f8ab7b,c5,c4,2464,p2,?,
1769449506.5179937,RECEIVED,843f64a5-4afe-451a-ab35-c665b6396507,aa42ca5e-1d1d-4566-ba12-68f16279143c,c4,DROP,1438,p1,?,
1769449506.5993774,RECEIVED,4ceda663-f916-48cf-ad03-aef53cfe00fc,0e3d1ae6-eb4c-4218-9c21-8aff63b305e5,c4,DROP,1451,p1,?,
1769449506.6192107,SENT,a4aac001-c4b7-416d-ac4a-a397a28f0632,ac02494f-4087-48c3-b025-8f793b327324,c2,c1,1776,?,i7,
1769449506.6192584,FORWARDED,a4aac001-c4b7-416d-ac4a-a397a28f0632,ac02494f-4087-48c3-b025-8f793b327324,c2,c1,1776,?,i7,
1769449506.6330163,SENT,ecc3169c-c8d3-4ec9-a74f-e77386b1b5a0,57bd45fb-480b-4c28-920b-dd75c0f8ab7b,c5,c4,1776,?,i8,
1769449506.633069,FORWARDED,ecc3169c-c8d3-4ec9-a74f-e77386b1b5a0,57bd45fb-480b-4c28-920b-dd75c0f8ab7b,c5,c4,1776,?,i8,
1769449506.6458156,SENT,8b35003d-9b0e-4147-b61f-247305c71258,b3ab1e98-dbcc-4de0-af8d-8ff20db6382e,c4,DROP,1012,?,i7,
1769449506.6458588,FORWARDED,8b35003d-9b0e-4147-b61f-247305c71258,b3ab1e98-dbcc-4de0-af8d-8ff20db6382e,c4,DROP,1012,?,i7,
1769449506.6503587,SENT,d78de9bd-dd8a-48fd-9d6f-9c9fad0580ee,dc0c999a-b4ef-47a3-8ae6-c9fae1abb86f,c4,DROP,1015,?,i3,
1769449506.650399,FORWARDED,d78de9bd-dd8a-48fd-9d6f-9c9fad0580ee,dc0c999a-b4ef-47a3-8ae6-c9fae1abb86f,c4,DROP,1015,?,i3,
1769449506.8658721,RECEIVED,a647b977-7359-48eb-80fa-a594642fda55,48802993-dee7-47d3-a916-51b8a532071c,c5,c4,2468,p2,?,
1769449506.8858757,SENT,3ebbbe41-1a1c-4d08-ac20-3885839b783e,4d8f0b48-d89e-40d9-8397-b27b15ff002b,c2,DROP,1007,?,i10,
1769449506.8859172,FORWARDED,3ebbbe41-1a1c-4d08-ac20-3885839b783e,4d8f0b48-d89e-40d9-8397-b27b15ff002b,c2,DROP,1007,?,i10,
1769449506.900884,RECEIVED,a49f55e3-adcf-4c31-a375-a1d1efeaaae8,08be5f60-8ba7-4ca7-b42b-c828c3bce72b,c5,c4,2476,p2,?,
1769449506.9944172,SENT,a647b977-7359-48eb-80fa-a594642fda55,48802993-dee7-47d3-a916-51b8a532071c,c5,c4,1777,?,i9,
1769449506.994453,FORWARDED,a647b977-7359-48eb-80fa-a594642fda55,48802993-dee7-47d3-a916-51b8a532071c,c5,c4,1777,?,i9,
1769449507.0925694,RECEIVED,8471d835-34b9-4d17-9d0f-523988bce406,488a5074-f77e-4356-bf29-4778ad620348,c4,DROP,1447,p1,?,
1769449507.360829,SENT,a49f55e3-adcf-4c31-a375-a1d1efeaaae8,08be5f60-8ba7-4ca7-b42b-c828c3bce72b,c5,c4,1784,?,i1,
1769449507.3608696,FORWARDED,a49f55e3-adcf-4c31-a375-a1d1efeaaae8,08be5f60-8ba7-4ca7-b42b-c828c3bce72b,c5,c4,1784,?,i1,
1769449507.4080439,RECEIVED,afe04868-b6d1-4143-842e-1de9a02c571b,d99d73ff-ac29-4099-a2b4-e51c5b8d5107,c3,c5,2464,p3,?,
1769449507.4739234,RECEIVED,e725b9a0-61bd-438e-8412-38d2e1a3ed38,423725f4-79d0-45e6-bfc3-1c9cc3a1d653,c1,c3,2465,p1,?,
1769449507.4905007,RECEIVED,2185528d-ae61-448c-934f-2ca5fb24694b,f9f152b0-dcfe-41a0-9607-6c1f20ee6e1c,c5,c4,2463,p2,?,
1769449507.496113,RECEIVED,175cebb8-655b-439f-8c38-de089a012740,f8fd28e9-2452-43f0-accf-7828fed533f2,c4,c5,2459,p1,?,
1769449507.596513,SENT,afe04868-b6d1-4143-842e-1de9a02c571b,d99d73ff-ac29-4099-a2b4-e51c5b8d5107,c3,c5,1775,?,i4,
1769449507.5965521,FORWARDED,afe04868-b6d1-4143-842e-1de9a02c571b,d99d73ff-ac29-4099-a2b4-e51c5b8d5107,c3,c5,1775,?,i4,
1769449507.681838,SENT,e725b9a0-61bd-438e-8412-38d2e1a3ed38,423725f4-79d0-45e6-bfc3-1c9cc3a1d653,c1,c3,1775,?,i10,
1769449507.68189,FORWARDED,e725b9a0-61bd-438e-8412-38d2e1a3ed38,423725f4-79d0-45e6-bfc3-1c9cc3a1d653,c1,c3,1775,?,i10,
1769449507.7697444,RECEIVED,de576b07-c925-4722-b98d-8311f480457f,53532f2b-e318-4e3a-9fb3-81297a7df76d,c1,DROP,442,x2,?,
1769449508.04368,SENT,175cebb8-655b-439f-8c38-de089a012740,f8fd28e9-2452-43f0-accf-7828fed533f2,c4,c5,1772,?,i8,
1769449508.043721,FORWARDED,175cebb8-655b-439f-8c38-de089a012740,f8fd28e9-2452-43f0-accf-7828fed533f2,c4,c5,1772,?,i8,
1769449508.2293446,RECEIVED,c58650cc-4b1d-4bd6-9c56-974b8f72c27b,0ffcb00d-9a36-484e-9e1b-7fc2a433fc5c,c3,DROP,445,x9,?,
1769449508.2331953,SENT,4ceda663-f916-48cf-ad03-aef53cfe00fc,0e3d1ae6-eb4c-4218-9c21-8aff63b305e5,c4,DROP,1015,?,i3,
1769449508.2332342,FORWARDED,4ceda663-f916-48cf-ad03-aef53cfe00fc,0e3d1ae6-eb4c-4218-9c21-8aff63b305e5,c4,DROP,1015,?,i3,
1769449508.3058114,SENT,8471d835-34b9-4d17-9d0f-523988bce406,488a5074-f77e-4356-bf29-4778ad620348,c4,DROP,1014,?,i4,
1769449508.3058527,FORWARDED,8471d835-34b9-4d17-9d0f-523988bce406,488a5074-f77e-4356-bf29-4778ad620348,c4,DROP,1014,?,i4,
1769449508.3432758,SENT,843f64a5-4afe-451a-ab35-c665b6396507,aa42ca5e-1d1d-4566-ba12-68f16279143c,c4,DROP,1008,?,i1,
1769449508.3433177,FORWARDED,843f64a5-4afe-451a-ab35-c665b6396507,aa42ca5e-1d1d-4566-ba12-68f16279143c,c4,DROP,1008,?,i1,
1769449508.4867764,SENT,2185528d-ae61-448c-934f-2ca5fb24694b,f9f152b0-dcfe-41a0-9607-6c1f20ee6e1c,c5,c4,1775,?,i5,
1769449508.4868176,FORWARDED,2185528d-ae61-448c-934f-2ca5fb24694b,f9f152b0-dcfe-41a0-9607-6c1f20ee6e1c,c5,c4,1775,?,i5,
1769449508.5434253,RECEIVED,e0c06fba-d02a-434d-9580-e9e872c84771,4ac63de4-e7cd-4592-b057-beb09aa2aced,c2,DROP,1441,p2,?,
1769449508.7695892,RECEIVED,92ab7842-43d7-490e-bb20-764b9ae46d05,545e91d7-f2c4-41c2-99a5-1054a830aa6e,c2,c1,2468,p2,?,
1769449508.9019673,RECEIVED,7853cbb1-acf9-4d62-97db-9b69d329139b,98690501-9dfb-4af8-b2fd-ffab7fa5e3bc,c3,c5,2451,p3,?,
1769449508.9680765,SENT,e0c06fba-d02a-434d-9580-e9e872c84771,4ac63de4-e7cd-4592-b057-beb09aa2aced,c2,DROP,1008,?,i10,
1769449508.9681218,FORWARDED,e0c06fba-d02a-434d-9580-e9e872c84771,4ac63de4-e7cd-4592-b057-beb09aa2aced,c2,DROP,1008,?,i10,
1769449508.9931087,RECEIVED,8f72521c-55ea-4e30-b9ba-94897c2659dd,4d61e7ca-ee1b-4341-a719-d9bcccf32fe5,c2,DROP,441,x5,?,
1769449509.1576118,RECEIVED,9f30034a-9991-4b66-85ea-9fb7b80f6478,328c3d63-4e6f-48ed-b318-16e0bc952ab6,c1,c3,2466,p1,?,
1769449509.1800961,SENT,9f30034a-9991-4b66-85ea-9fb7b80f6478,328c3d63-4e6f-48ed-b318-16e0bc952ab6,c1,c3,1776,?,i10,
1769449509.1801338,FORWARDED,9f30034a-9991-4b66-85ea-9fb7b80f6478,328c3d63-4e6f-48ed-b318-16e0bc952ab6,c1,c3,1776,?,i10,
1769449509.2205036,RECEIVED,2be8f0b9-3779-4126-b5ea-733205ec18e2,1846487b-8d82-4021-8fc4-30d480d8001e,c4,c5,2471,p1,?,
1769449509.5448983,RECEIVED,c51fc19b-60c8-4b23-a370-1a1b1e0a251b,459ba3d7-138a-4b42-99e8-47c2a4236ad2,c5,DROP,445,x12,?,
1769449509.9225442,RECEIVED,9ca9b9c9-539c-457e-a961-c54910ddd4e2,35a03f9d-c5cd-4eab-8866-2f7ca3cc0824,c1,c3,2455,p1,?,
1769449509.9338748,RECEIVED,0f9eb555-c44d-408c-9f40-9bc4c19e5316,ccc8b06f-0295-41c4-a0fa-6cd703df3c2a,c4,DROP,441,x10,?,
1769449509.9830382,SENT,92ab7842-43d7-490e-bb20-764b9ae46d05,545e91d7-f2c4-41c2-99a5-1054a830aa6e,c2,c1,1777,?,i12,
1769449509.9830925,FORWARDED,92ab7842-43d7-490e-bb20-764b9ae46d05,545e91d7-f2c4-41c2-99a5-1054a830aa6e,c2,c1,1777,?,i12,
1769449510.1501515,RECEIVED,bdf27de2-a37d-4f6b-b553-990e01b01a6b,1d0f7b99-db05-42bd-815d-bf56f4033954,c5,c4,2477,p2,?,
1769449510.1995902,SENT,bdf27de2-a37d-4f6b-b553-990e01b01a6b,1d0f7b99-db05-42bd-815d-bf56f4033954,c5,c4,1784,?,i6,
1769449510.199632,FORWARDED,bdf27de2-a37d-4f6b-b553-990e01b01a6b,1d0f7b99-db05-42bd-815d-bf56f4033954,c5,c4,1784,?,i6,
1769449510.236834,SENT,7853cbb1-acf9-4d62-97db-9b69d329139b,98690501-9dfb-4af8-b2fd-ffab7fa5e3bc,c3,c5,1767,?,i8,
1769449510.236872,FORWARDED,7853cbb1-acf9-4d62-97db-9b69d329139b,98690501-9dfb-4af8-b2fd-ffab7fa5e3bc,c3,c5,1767,?,i8,
1769449510.3706968,SENT,2be8f0b9-3779-4126-b5ea-733205ec18e2,1846487b-8d82-4021-8fc4-30d480d8001e,c4,c5,1781,?,i8,
1769449510.371195,FORWARDED,2be8f0b9-3779-4126-b5ea-733205ec18e2,1846487b-8d82-4021-8fc4-30d480d8001e,c4,c5,1781,?,i8,
1769449510.5131905,RECEIVED,624907d1-91a1-4b79-b0a6-7cb11102c585,391c4e17-e7e3-4013-bc69-2646c1f1bd47,c2,DROP,1441,p2,?,
1769449510.5725198,SENT,624907d1-91a1-4b79-b0a6-7cb11102c585,391c4e17-e7e3-4013-bc69-2646c1f1bd47,c2,DROP,1008,?,i5,
1769449510.5729198,FORWARDED,624907d1-91a1-4b79-b0a6-7cb11102c585,391c4e17-e7e3-4013-bc69-2646c1f1bd47,c2,DROP,1008,?,i5,
1769449510.673139,SENT,9ca9b9c9-539c-457e-a961-c54910ddd4e2,35a03f9d-c5cd-4eab-8866-2f7ca3cc0824,c1,c3,1769,?,i4,
1769449510.673422,FORWARDED,9ca9b9c9-539c-457e-a961-c54910ddd4e2,35a03f9d-c5cd-4eab-8866-2f7ca3cc0824,c1,c3,1769,?,i4,
1769449510.6753721,RECEIVED,b9f3ffd9-dcb9-478a-a3ee-1756e51ab54d,dc7605c5-2dfc-448e-a3be-6b8f8c6d401c,c2,DROP,1439,p2,?,
1769449510.8123002,RECEIVED,b696da13-a7bd-4b86-8a03-7f2478d81665,afc3781c-f43f-4ec1-901d-83b6b6d7ed76,c3,DROP,1440,p3,?,
1769449510.9419167,SENT,b696da13-a7bd-4b86-8a03-7f2478d81665,afc3781c-f43f-4ec1-901d-83b6b6d7ed76,c3,DROP,1008,?,i6,
1769449510.9419599,FORWARDED,b696da13-a7bd-4b86-8a03-7f2478d81665,afc3781c-f43f-4ec1-901d-83b6b6d7ed76,c3,DROP,1008,?,i6,
1769449511.2444434,SENT,b9f3ffd9-dcb9-478a-a3ee-1756e51ab54d,dc7605c5-2dfc-448e-a3be-6b8f8c6d401c,c2,DROP,1007,?,i4,
1769449511.2444844,FORWARDED,b9f3ffd9-dcb9-478a-a3ee-1756e51ab54d,dc7605c5-2dfc-448e-a3be-6b8f8c6d401c,c2,DROP,1007,?,i4,
1769449511.4029617,RECEIVED,62a50dd9-6e2e-4d18-bd6a-b764f8daa372,0653e148-dd4a-400c-9993-05a6ebbde699,c3,DROP,437,x12,?,
1769449511.664919,RECEIVED,e1be4b42-655e-44a4-beef-2d3b85f6954b,ca5832ca-d75c-4267-94df-5502958d695a,c2,DROP,1443,p2,?,
1769449511.8786352,RECEIVED,56dd6993-d1ab-4ad6-8550-e2f6d2fe6967,602c6ab8-348b-4009-849b-4a850f174e3c,c4,DROP,1454,p1,?,
1769449511.9351273,SENT,e1be4b42-655e-44a4-beef-2d3b85f6954b,ca5832ca-d75c-4267-94df-5502958d695a,c2,DROP,1011,?,i4,
1769449511.9351737,FORWARDED,e1be4b42-655e-44a4-beef-2d3b85f6954b,ca5832ca-d75c-4267-94df-5502958d695a,c2,DROP,1011,?,i4,
1769449511.9465423,SENT,56dd6993-d1ab-4ad6-8550-e2f6d2fe6967,602c6ab8-348b-4009-849b-4a850f174e3c,c4,DROP,1016,?,i11,
1769449511.946585,FORWARDED,56dd6993-d1ab-4ad6-8550-e2f6d2fe6967,602c6ab8-348b-4009-849b-4a850f174e3c,c4,DROP,1016,?,i11,
1769449512.3141334,RECEIVED,a6cc49ed-ac03-4f74-98cc-6a78794af257,a92b1d7c-8270-4800-92fa-d632f0d9dd8e,c2,c1,2468,p2,?,
1769449512.4293094,SENT,a6cc49ed-ac03-4f74-98cc-6a78794af257,a92b1d7c-8270-4800-92fa-d632f0d9dd8e,c2,c1,1779,?,i10,
1769449512.4293516,FORWARDED,a6cc49ed-ac03-4f74-98cc-6a78794af257,a92b1d7c-8270-4800-92fa-d632f0d9dd8e,c2,c1,1779,?,i10,
1769449512.4805555,RECEIVED,068a464a-ed1e-4ae9-8db9-10b96b795e44,77a4de1d-6257-45bf-8b3d-e464937438d4,c1,DROP,441,x8,?,
1769449512.5402393,RECEIVED,0c17fa43-7c99-4422-a950-55fda58aba15,34627660-109b-4b91-b352-2e9278331e1d,c1,c3,2467,p1,?,
1769449512.8553917,RECEIVED,1173d9eb-aec4-492d-bbce-9b2f8c3a5516,ea55fdd8-0029-46b9-b22f-e4d889f8593d,c1,c3,2460,p1,?,
1769449512.8936584,SENT,0c17fa43-7c99-4422-a950-55fda58aba15,34627660-109b-4b91-b352-2e9278331e1d,c1,c3,1777,?,i2,
1769449512.8936975,FORWARDED,0c17fa43-7c99-4422-a950-55fda58aba15,34627660-109b-4b91-b352-2e9278331e1d,c1,c3,1777,?,i2,
1769449513.1474128,SENT,1173d9eb-aec4-492d-bbce-9b2f8c3a5516,ea55fdd8-0029-46b9-b22f-e4d889f8593d,c1,c3,1772,?,i8,
1769449513.1474564,FORWARDED,1173d9eb-aec4-492d-bbce-9b2f8c3a5516,ea55fdd8-0029-46b9-b22f-e4d889f8593d,c1,c3,1772,?,i8,
1769449513.1849947,RECEIVED,7b593fa3-3f57-430b-90bb-0e529e5907c5,1c488149-fc0b-4bde-9101-fcb1400ab79c,c2,DROP,1456,p2,?,
1769449513.814,SENT,7b593fa3-3f57-430b-90bb-0e529e5907c5,1c488149-fc0b-4bde-9101-fcb1400ab79c,c2,DROP,1020,?,i10,
1769449513.8140414,FORWARDED,7b593fa3-3f57-430b-90bb-0e529e5907c5,1c488149-fc0b-4bde-9101-fcb1400ab79c,c2,DROP,1020,?,i10,
1769449513.989906,RECEIVED,99600d71-bb00-4e23-8f6f-e4d13725d37f,af09d37c-58de-4e61-bde4-f28a9248d09c,c1,c3,2454,p1,?,
1769449514.0828283,RECEIVED,22375fc0-6422-4d0b-9c72-93ceccf67a28,da0e95c8-652c-49a5-a178-2095b7c59a63,c2,c1,2467,p2,?,
1769449514.1821003,RECEIVED,4a6d3588-1394-4a13-995c-88d35049bdc3,27ee9ad4-20d7-4061-a513-874478070933,c2,DROP,1452,p2,?,
1769449514.301224,SENT,4a6d3588-1394-4a13-995c-88d35049bdc3,27ee9ad4-20d7-4061-a513-874478070933,c2,DROP,1016,?,i3,
1769449514.3012643,FORWARDED,4a6d3588-1394-4a13-995c-88d35049bdc3,27ee9ad4-20d7-4061-a513-874478070933,c2,DROP,1016,?,i3,
1769449514.3421626,RECEIVED,ae11e5f6-60a7-4a04-9f48-709f7c9cea3c,a90440c4-0e12-4633-90f8-c5bff3b40f63,c2,DROP,1444,p2,?,
1769449514.461084,RECEIVED,ed6e5034-e9f9-4328-8f33-7ead7fe5edbb,4aecdb25-8f54-465d-83b4-d06208706041,c4,c5,2459,p1,?,
1769449514.4635725,RECEIVED,625b93c1-6010-4061-99e5-05ee4a068b0d,8f92f9c9-b51d-4870-8ee2-f4c2e59c6bee,c1,DROP,1441,p1,?,
1769449514.507913,SENT,625b93c1-6010-4061-99e5-05ee4a068b0d,8f92f9c9-b51d-4870-8ee2-f4c2e59c6bee,c1,DROP,1008,?,i9,
1769449514.507967,FORWARDED,625b93c1-6010-4061-99e5-05ee4a068b0d,8f92f9c9-b51d-4870-8ee2-f4c2e59c6bee,c1,DROP,1008,?,i9,
1769449514.5679653,RECEIVED,48eacdad-9f21-4358-a38a-e6f67eb605c4,1549ede2-1e16-4963-a662-1403ec66c703,c2,DROP,1440,p2,?,
1769449514.7153924,SENT,ae11e5f6-60a7-4a04-9f48-709f7c9cea3c,a90440c4-0e12-4633-90f8-c5bff3b40f63,c2,DROP,1011,?,i9,
1769449514.715431,FORWARDED,ae11e5f6-60a7-4a04-9f48-709f7c9cea3c,a90440c4-0e12-4633-90f8-c5bff3b40f63,c2,DROP,1011,?,i9,
1769449514.938072,RECEIVED,995471af-60ee-4a6f-beed-32d5100f394e,cc19aab4-39ce-4645-9b69-bd669b20355a,c3,DROP,1451,p3,?,
1769449514.9864337,SENT,48eacdad-9f21-4358-a38a-e6f67eb605c4,1549ede2-1e16-4963-a662-1403ec66c703,c2,DROP,1007,?,i4,
1769449514.986478,FORWARDED,48eacdad-9f21-4358-a38a-e6f67eb605c4,1549ede2-1e16-4963-a662-1403ec66c703,c2,DROP,1007,?,i4,
1769449515.3035042,SENT,99600d71-bb00-4e23-8f6f-e4d13725d37f,af09d37c-58de-4e61-bde4-f28a9248d09c,c1,c3,1768,?,i9,
1769449515.3035467,FORWARDED,99600d71-bb00-4e23-8f6f-e4d13725d37f,af09d37c-58de-4e61-bde4-f28a9248d09c,c1,c3,1768,?,i9,
1769449515.4168162,RECEIVED,3e8b03ec-dda8-4635-8ecb-28b079cf5900,4c558998-fb1f-499d-b594-18684fbce851,c2,DROP,442,x9,?,
1769449515.5678318,RECEIVED,3af293a6-5759-455f-8a47-c77bbca587ef,ad2ce0f2-f5fa-42d5-8c80-24646340828e,c1,DROP,441,x9,?,
1769449515.571749,RECEIVED,c19f27e2-1842-488f-b49c-3daf137efae0,87ac41e5-97b2-4310-b613-be2986a9466f,c3,c5,2464,p3,?,
1769449515.652522,RECEIVED,40ebc48b-d9f7-4c32-a5e9-6462aaac76f5,c143713f-dd1a-4cbc-b7e6-25eddeeb90cf,c3,DROP,1457,p3,?,
1769449515.8610349,SENT,ed6e5034-e9f9-4328-8f33-7ead7fe5edbb,4aecdb25-8f54-465d-83b4-d06208706041,c4,c5,1771,?,i11,
1769449515.8612893,FORWARDED,ed6e5034-e9f9-4328-8f33-7ead7fe5edbb,4aecdb25-8f54-465d-83b4-d06208706041,c4,c5,1771,?,i11,
1769449515.890108,RECEIVED,770ae543-bff4-4930-a03c-afca662cf374,2f232334-35c9-4c2c-b87c-4faa1635b93b,c2,c1,2474,p2,?,
1769449515.9632373,SENT,770ae543-bff4-4930-a03c-afca662cf374,2f232334-35c9-4c2c-b87c-4faa1635b93b,c2,c1,1781,?,i10,
1769449515.9632788,FORWARDED,770ae543-bff4-4930-a03c-afca662cf374,2f232334-35c9-4c2c-b87c-4faa1635b93b,c2,c1,1781,?,i10,
1769449515.992412,SENT,22375fc0-6422-4d0b-9c72-93ceccf67a28,da0e95c8-652c-49a5-a178-2095b7c59a63,c2,c1,1779,?,i5,
1769449515.992455,FORWARDED,22375fc0-6422-4d0b-9c72-93ceccf67a28,da0e95c8-652c-49a5-a178-2095b7c59a63,c2,c1,1779,?,i5,
1769449516.0087035,SENT,40ebc48b-d9f7-4c32-a5e9-6462aaac76f5,c143713f-dd1a-4cbc-b7e6-25eddeeb90cf,c3,DROP,1020,?,i12,
1769449516.0087435,FORWARDED,40ebc48b-d9f7-4c32-a5e9-6462aaac76f5,c143713f-dd1a-4cbc-b7e6-25eddeeb90cf,c3,DROP,1020,?,i12,
1769449516.044522,RECEIVED,b4a52496-49a7-40c2-8d6c-093a6eab37ec,3bc79c4b-37e0-4e0e-8a6c-1f4d4533524a,c5,DROP,1456,p2,?,
1769449516.0739803,RECEIVED,83c6195e-5389-421f-ae22-84a63a27b79f,1eff52b7-b4ac-495e-84ba-22f5f1d0b375,c1,c3,2477,p1,?,
1769449516.298942,RECEIVED,4df1e74a-c7de-433e-8157-627cf9c6c126,7dbf0eb6-eab7-417e-8493-068ff076fb9a,c3,DROP,446,x11,?,
1769449516.3341053,RECEIVED,d29e825b-c17b-4697-a3d6-23d2e69fc3d7,1abc5e97-b793-41f2-9689-083b46b03cc9,c3,DROP,1448,p3,?,
1769449516.4158735,RECEIVED,934309c0-7372-490a-ad5b-175cb6b08315,6615d9a9-3ee8-4097-b49f-49595bad3aae,c4,DROP,1439,p1,?,
1769449516.4972239,SENT,83c6195e-5389-421f-ae22-84a63a27b79f,1eff52b7-b4ac-495e-84ba-22f5f1d0b375,c1,c3,1783,?,i12,
1769449516.4972663,FORWARDED,83c6195e-5389-421f-ae22-84a63a27b79f,1eff52b7-b4ac-495e-84ba-22f5f1d0b375,c1,c3,1783,?,i12,
1769449516.555944,SENT,c19f27e2-1842-488f-b49c-3daf137efae0,87ac41e5-97b2-4310-b613-be2986a9466f,c3,c5,1776,?,i10,
1769449516.5559835,FORWARDED,c19f27e2-1842-488f-b49c-3daf137efae0,87ac41e5-97b2-4310-b613-be2986a9466f,c3,c5,1776,?,i10,
1769449516.562473,SENT,995471af-60ee-4a6f-beed-32d5100f394e,cc19aab4-39ce-4645-9b69-bd669b20355a,c3,DROP,1017,?,i1,
1769449516.5625129,FORWARDED,995471af-60ee-4a6f-beed-32d5100f394e,cc19aab4-39ce-4645-9b69-bd669b20355a,c3,DROP,1017,?,i1,
1769449516.5804949,SENT,d29e825b-c17b-4697-a3d6-23d2e69fc3d7,1abc5e97-b793-41f2-9689-083b46b03cc9,c3,DROP,1014,?,i1,
1769449516.5805364,FORWARDED,d29e825b-c17b-4697-a3d6-23d2e69fc3d7,1abc5e97-b793-41f2-9689-083b46b03cc9,c3,DROP,1014,?,i1,
1769449516.7067993,SENT,934309c0-7372-490a-ad5b-175cb6b08315,6615d9a9-3ee8-4097-b49f-49595bad3aae,c4,DROP,1008,?,i5,
1769449516.7068424,FORWARDED,934309c0-7372-490a-ad5b-175cb6b08315,6615d9a9-3ee8-4097-b49f-49595bad3aae,c4,DROP,1008,?,i5,
1769449516.7785447,RECEIVED,56396df9-0cf8-46ff-9dbc-c8c44269fba6,06e7d5b3-3f8a-460b-b15c-2c9467a0528a,c3,DROP,1439,p3,?,
1769449516.9264998,RECEIVED,6c733b27-09af-4888-93f3-d3c859ec5533,2ff3ccde-dcee-4ec1-b8c2-f44abd384bde,c3,c5,2459,p3,?,
1769449516.9450088,RECEIVED,bd8a6085-fdb2-4476-96d8-53bbd1f48c50,1f7ea981-8c5a-48e3-8f13-35915c660e8b,c1,DROP,441,x9,?,
1769449517.1221862,SENT,6c733b27-09af-4888-93f3-d3c859ec5533,2ff3ccde-dcee-4ec1-b8c2-f44abd384bde,c3,c5,1772,?,i8,
1769449517.1224623,FORWARDED,6c733b27-09af-4888-93f3-d3c859ec5533,2ff3ccde-dcee-4ec1-b8c2-f44abd384bde,c3,c5,1772,?,i8,
1769449517.1364198,RECEIVED,1af2b039-e253-4d70-9c19-f30f3f0ac3ae,6c9b35fc-3c57-4af3-8684-b495a24e433e,c4,DROP,1440,p1,?,
1769449517.3110368,RECEIVED,5d46cbfd-23ce-4ccc-9cb3-2b0e8fc1a1c7,e171d77e-9330-444b-9b86-8deff18e375f,c4,c5,2463,p1,?,
1769449517.508105,RECEIVED,f3bf8452-d893-4092-b471-7ad0c072acf8,546813d4-da7d-4f80-8173-e130cfb05997,c2,c1,2463,p2,?,
1769449517.579495,SENT,1af2b039-e253-4d70-9c19-f30f3f0ac3ae,6c9b35fc-3c57-4af3-8684-b495a24e433e,c4,DROP,1006,?,i4,
1769449517.5795367,FORWARDED,1af2b039-e253-4d70-9c19-f30f3f0ac3ae,6c9b35fc-3c57-4af3-8684-b495a24e433e,c4,DROP,1006,?,i4,
1769449517.6080396,SENT,56396df9-0cf8-46ff-9dbc-c8c44269fba6,06e7d5b3-3f8a-460b-b15c-2c9467a0528a,c3,DROP,1008,?,i6,
1769449517.6081095,FORWARDED,56396df9-0cf8-46ff-9dbc-c8c44269fba6,06e7d5b3-3f8a-460b-b15c-2c9467a0528a,c3,DROP,1008,?,i6,
1769449517.6293948,SENT,b4a52496-49a7-40c2-8d6c-093a6eab37ec,3bc79c4b-37e0-4e0e-8a6c-1f4d4533524a,c5,DROP,1019,?,i12,
1769449517.629434,FORWARDED,b4a52496-49a7-40c2-8d6c-093a6eab37ec,3bc79c4b-37e0-4e0e-8a6c-1f4d4533524a,c5,DROP,1019,?,i12,
1769449517.703068,RECEIVED,adc679d7-07a6-4282-8cfb-8ac2686d872d,28c14993-ba4f-4bf0-b2e8-325baf9a2dd8,c4,c5,2454,p1,?,
1769449517.886254,SENT,5d46cbfd-23ce-4ccc-9cb3-2b0e8fc1a1c7,e171d77e-9330-444b-9b86-8deff18e375f,c4,c5,1775,?,i2,
1769449517.886306,FORWARDED,5d46cbfd-23ce-4ccc-9cb3-2b0e8fc1a1c7,e171d77e-9330-444b-9b86-8deff18e375f,c4,c5,1775,?,i2,
1769449518.0003903,RECEIVED,7658efb0-94d0-4155-957e-d131adfc48fc,c9984bf7-c993-4fb3-916d-79a0b794832c,c5,c4,2462,p2,?,
1769449518.041148,RECEIVED,877adb7a-6621-4dc0-aef8-1d726c80dca8,355060af-ed68-432b-9d6c-ab98b6e07684,c2,DROP,1441,p2,?,
1769449518.0876288,SENT,877adb7a-6621-4dc0-aef8-1d726c80dca8,355060af-ed68-432b-9d6c-ab98b6e07684,c2,DROP,1008,?,i9,
1769449518.08767,FORWARDED,877adb7a-6621-4dc0-aef8-1d726c80dca8,355060af-ed68-432b-9d6c-ab98b6e07684,c2,DROP,1008,?,i9,
1769449518.2472215,SENT,f3bf8452-d893-4092-b471-7ad0c072acf8,546813d4-da7d-4f80-8173-e130cfb05997,c2,c1,1776,?,i9,
1769449518.247262,FORWARDED,f3bf8452-d893-4092-b471-7ad0c072acf8,546813d4-da7d-4f80-8173-e130cfb05997,c2,c1,1776,?,i9,
1769449518.4454513,RECEIVED,966657dc-498e-4565-9e07-8932c45e89c9,b666f973-ff5c-43d8-9892-6be68ffa537c,c3,c5,2459,p3,?,
1769449518.4720714,RECEIVED,ce7d44bf-7bf5-411d-8bd7-99f2ea52c26e,7088f601-0669-470f-be9d-a102251c6214,c3,c5,2463,p3,?,
1769449518.4817972,RECEIVED,02123796-1fdb-462f-a88b-56a7b58a6ad9,f00e8a73-d3eb-43fc-a9d8-415beef39e3b,c2,c1,2468,p2,?,
1769449518.5667875,RECEIVED,0ecf8dac-c546-4dca-9c4e-fe4b777cf8a1,8e6fdab1-493e-4f15-913b-5a1f13a6bff0,c4,DROP,1441,p1,?,
1769449518.6491792,SENT,0ecf8dac-c546-4dca-9c4e-fe4b777cf8a1,8e6fdab1-493e-4f15-913b-5a1f13a6bff0,c4,DROP,1008,?,i4,
1769449518.649219,FORWARDED,0ecf8dac-c546-4dca-9c4e-fe4b777cf8a1,8e6fdab1-493e-4f15-913b-5a1f13a6bff0,c4,DROP,1008,?,i4,
1769449518.749043,SENT,02123796-1fdb-462f-a88b-56a7b58a6ad9,f00e8a73-d3eb-43fc-a9d8-415beef39e3b,c2,c1,1777,?,i9,
1769449518.7491062,FORWARDED,02123796-1fdb-462f-a88b-56a7b58a6ad9,f00e8a73-d3eb-43fc-a9d8-415beef39e3b,c2,c1,1777,?,i9,
1769449518.8894675,SENT,966657dc-498e-4565-9e07-8932c45e89c9,b666f973-ff5c-43d8-9892-6be68ffa537c,c3,c5,1772,?,i1,
1769449518.8895066,FORWARDED,966657dc-498e-4565-9e07-8932c45e89c9,b666f973-ff5c-43d8-9892-6be68ffa537c,c3,c5,1772,?,i1,
1769449518.9893014,SENT,adc679d7-07a6-4282-8cfb-8ac2686d872d,28c14993-ba4f-4bf0-b2e8-325baf9a2dd8,c4,c5,1768,?,i3,
1769449518.9893446,FORWARDED,adc679d7-07a6-4282-8cfb-8ac2686d872d,28c14993-ba4f-4bf0-b2e8-325baf9a2dd8,c4,c5,1768,?,i3,
1769449519.2741106,SENT,ce7d44bf-7bf5-411d-8bd7-99f2ea52c26e,7088f601-0669-470f-be9d-a102251c6214,c3,c5,1774,?,i5,
1769449519.2741504,FORWARDED,ce7d44bf-7bf5-411d-8bd7-99f2ea52c26e,7088f601-0669-470f-be9d-a102251c6214,c3,c5,1774,?,i5,
1769449519.3409312,RECEIVED,2878c048-9a77-4423-baf2-381b61a906f7,3076f139-22f1-411d-9339-9d430315c987,c4,DROP,447,x9,?,
1769449519.7014837,RECEIVED,ccd7904b-35c0-4bd2-b3bf-9687e17dd307,e1b9f568-29c9-4cf5-b6cd-0e7c61658b8b,c2,c1,2469,p2,?,
1769449519.9642534,SENT,ccd7904b-35c0-4bd2-b3bf-9687e17dd307,e1b9f568-29c9-4cf5-b6cd-0e7c61658b8b,c2,c1,1779,?,i11,
1769449519.9643056,FORWARDED,ccd7904b-35c0-4bd2-b3bf-9687e17dd307,e1b9f568-29c9-4cf5-b6cd-0e7c61658b8b,c2,c1,1779,?,i11,
1769449520.2249382,RECEIVED,d23c1ffb-5eaf-4b43-8f9f-1114f01048f4,a663f0a1-764f-404d-8138-16e956c5d1bb,c5,DROP,1443,p2,?,
1769449520.265964,SENT,7658efb0-94d0-4155-957e-d131adfc48fc,c9984bf7-c993-4fb3-916d-79a0b794832c,c5,c4,1775,?,i2,
1769449520.2660031,FORWARDED,7658efb0-94d0-4155-957e-d131adfc48fc,c9984bf7-c993-4fb3-916d-79a0b794832c,c5,c4,1775,?,i2,
1769449520.3798885,RECEIVED,23a3e810-c721-4962-ab0c-d444f133c50b,65259b6d-af72-4573-84af-66b5b182e797,c3,DROP,1439,p3,?,
1769449520.4404035,RECEIVED,5245c53f-fcee-402b-9903-37ea637fb93c,7fcd7fd7-b61d-4da6-86e2-9f47e32878d7,c4,DROP,442,x6,?,
1769449520.451163,SENT,d23c1ffb-5eaf-4b43-8f9f-1114f01048f4,a663f0a1-764f-404d-8138-16e956c5d1bb,c5,DROP,1009,?,i1,
1769449520.4512048,FORWARDED,d23c1ffb-5eaf-4b43-8f9f-1114f01048f4,a663f0a1-764f-404d-8138-16e956c5d1bb,c5,DROP,1009,?,i1,
1769449520.4825575,RECEIVED,afe2d21a-2210-4e81-b8e8-98c9e82eb124,2373f054-38eb-4ed9-b02e-643e1bf2e818,c5,c4,2468,p2,?,
1769449520.4853222,RECEIVED,6034e81f-a4d0-4b5b-87e3-9bbc002650af,36b3741b-e08c-43e4-a069-93fb9a12565f,c1,DROP,1441,p1,?,
1769449520.5607963,SENT,afe2d21a-2210-4e81-b8e8-98c9e82eb124,2373f054-38eb-4ed9-b02e-643e1bf2e818,c5,c4,1777,?,i7,
1769449520.5608366,FORWARDED,afe2d21a-2210-4e81-b8e8-98c9e82eb124,2373f054-38eb-4ed9-b02e-643e1bf2e818,c5,c4,1777,?,i7,
1769449520.566915,SENT,6034e81f-a4d0-4b5b-87e3-9bbc002650af,36b3741b-e08c-43e4-a069-93fb9a12565f,c1,DROP,1007,?,i10,
1769449520.5669575,FORWARDED,6034e81f-a4d0-4b5b-87e3-9bbc002650af,36b3741b-e08c-43e4-a069-93fb9a12565f,c1,DROP,1007,?,i10,
1769449520.9593086,RECEIVED,144100f5-a3eb-4725-a8a0-94c13598da22,4418dd6d-5dd9-4343-a63d-6b13c4b4246a,c2,DROP,1440,p2,?,
1769449520.968239,SENT,23a3e810-c721-4962-ab0c-d444f133c50b,65259b6d-af72-4573-84af-66b5b182e797,c3,DROP,1008,?,i5,
1769449520.968306,FORWARDED,23a3e810-c721-4962-ab0c-d444f133c50b,65259b6d-af72-4573-84af-66b5b182e797,c3,DROP,1008,?,i5,
1769449521.0884614,RECEIVED,1e3f8c83-addb-4fb6-add9-9d9ec604ed44,459cf528-7c5f-44b0-bd76-9d45185febe6,c2,DROP,1448,p2,?,
1769449521.0894217,RECEIVED,6b78f7b1-d995-4d5b-bfe6-40aa0f3e9f23,530ba990-a07d-47a7-b3d5-d29b586f42bb,c1,c3,2465,p1,?,
1769449521.1858096,RECEIVED,9934da3a-5e6d-4322-b5bd-a16a07a2bd35,9180b238-8f45-4a00-9bd9-404537cbf0c5,c3,DROP,440,x5,?,
1769449521.238538,RECEIVED,a7ce5957-0822-44b0-a9e4-426b261c72b6,5be55642-4ff6-46f0-934d-2e56108fc5d1,c1,c3,2469,p1,?,
1769449521.258272,SENT,144100f5-a3eb-4725-a8a0-94c13598da22,4418dd6d-5dd9-4343-a63d-6b13c4b4246a,c2,DROP,1007,?,i1,
1769449521.2583106,FORWARDED,144100f5-a3eb-4725-a8a0-94c13598da22,4418dd6d-5dd9-4343-a63d-6b13c4b4246a,c2,DROP,1007,?,i1,
1769449521.2952156,SENT,1e3f8c83-addb-4fb6-add9-9d9ec604ed44,459cf528-7c5f-44b0-bd76-9d45185febe6,c2,DROP,1012,?,i12,
1769449521.295259,FORWARDED,1e3f8c83-addb-4fb6-add9-9d9ec604ed44,459cf528-7c5f-44b0-bd76-9d45185febe6,c2,DROP,1012,?,i12,
1769449521.3084009,SENT,6b78f7b1-d995-4d5b-bfe6-40aa0f3e9f23,530ba990-a07d-47a7-b3d5-d29b586f42bb,c1,c3,1776,?,i12,
1769449521.3084443,FORWARDED,6b78f7b1-d995-4d5b-bfe6-40aa0f3e9f23,530ba990-a07d-47a7-b3d5-d29b586f42bb,c1,c3,1776,?,i12,
1769449521.3709059,RECEIVED,cfa4663f-bcd8-4926-ba21-5a1e084fdcb4,ac494536-9a41-437b-8b4f-259eff971036,c3,c5,2465,p3,?,
1769449521.423643,RECEIVED,493a17e2-8423-4697-a678-ab37a83c97a6,c7d9f409-8c4c-49d5-bf63-0818d5c69024,c3,c5,2459,p3,?,
1769449521.4250152,SENT,a7ce5957-0822-44b0-a9e4-426b261c72b6,5be55642-4ff6-46f0-934d-2e56108fc5d1,c1,c3,1779,?,i12,
1769449521.4250696,FORWARDED,a7ce5957-0822-44b0-a9e4-426b261c72b6,5be55642-4ff6-46f0-934d-2e56108fc5d1,c1,c3,1779,?,i12,
1769449521.6150246,SENT,cfa4663f-bcd8-4926-ba21-5a1e084fdcb4,ac494536-9a41-437b-8b4f-259eff971036,c3,c5,1776,?,i10,
1769449521.6151397,FORWARDED,cfa4663f-bcd8-4926-ba21-5a1e084fdcb4,ac494536-9a41-437b-8b4f-259eff971036,c3,c5,1776,?,i10,
1769449521.9599075,RECEIVED,f6af6b61-7483-4587-8519-e49f39dd68ae,0a963511-0a6c-41df-9bfa-53fd096dd12a,c4,DROP,441,x2,?,
1769449522.0252497,SENT,493a17e2-8423-4697-a678-ab37a83c97a6,c7d9f409-8c4c-49d5-bf63-0818d5c69024,c3,c5,1771,?,i7,
1769449522.025292,FORWARDED,493a17e2-8423-4697-a678-ab37a83c97a6,c7d9f409-8c4c-49d5-bf63-0818d5c69024,c3,c5,1771,?,i7,
1769449522.112008,RECEIVED,4452bfbe-6f65-427f-937d-8bc58a503015,0c884391-b01e-4990-9daf-aed5deda39ef,c2,DROP,442,x12,?,
1769449522.3286428,RECEIVED,6d661717-2ae4-4f37-9248-8ab389bff6d4,a45874d0-40fc-4348-af6b-06031ef866f2,c3,c5,2463,p3,?,
1769449522.436041,SENT,6d661717-2ae4-4f37-9248-8ab389bff6d4,a45874d0-40fc-4348-af6b-06031ef866f2,c3,c5,1775,?,i6,
1769449522.4364104,FORWARDED,6d661717-2ae4-4f37-9248-8ab389bff6d4,a45874d0-40fc-4348-af6b-06031ef866f2,c3,c5,1775,?,i6,
1769449522.4656358,RECEIVED,20c138f4-0c98-4411-9bce-38b57da16029,8c348643-4cef-4905-a5a2-12d3566539c7,c4,c5,2478,p1,?,
1769449522.5429826,SENT,20c138f4-0c98-4411-9bce-38b57da16029,8c348643-4cef-4905-a5a2-12d3566539c7,c4,c5,1784,?,i12,
1769449522.543021,FORWARDED,20c138f4-0c98-4411-9bce-38b57da16029,8c348643-4cef-4905-a5a2-12d3566539c7,c4,c5,1784,?,i12,
1769449522.8672934,RECEIVED,e654bc84-d712-4e20-9f43-cf8dd802c96f,da051ac8-d4db-43ea-89f1-eaefad4b51c1,c2,DROP,1444,p2,?,
1769449522.8901668,SENT,e654bc84-d712-4e20-9f43-cf8dd802c96f,da051ac8-d4db-43ea-89f1-eaefad4b51c1,c2,DROP,1011,?,i3,
1769449522.8902104,FORWARDED,e654bc84-d712-4e20-9f43-cf8dd802c96f,da051ac8-d4db-43ea-89f1-eaefad4b51c1,c2,DROP,1011,?,i3,
1769449523.1028183,RECEIVED,1638a983-a9f3-44ea-9ead-dacf1ebc2be8,27190e44-7cfa-4a69-8daa-c986b2024ac2,c2,DROP,1435,p2,?,
1769449523.139886,RECEIVED,b7346c26-f173-4ef1-90ea-203f1f51ce47,b44ba3bb-b567-4e22-8eb0-7f6ddb84ed3b,c3,c5,2459,p3,?,
1769449523.3447936,RECEIVED,128f1cbe-a23c-49a3-85dd-2a5bda5a45a7,ae0fa23d-a25a-4bb0-9424-22ee174a805d,c3,DROP,1447,p3,?,
1769449523.4381511,RECEIVED,c148221c-7cad-4cc1-86a0-493e2ff4c97c,642b7e2d-797c-4020-8453-0bea17783920,c3,DROP,1439,p3,?,
1769449523.4548795,SENT,1638a983-a9f3-44ea-9ead-dacf1ebc2be8,27190e44-7cfa-4a69-8daa-c986b2024ac2,c2,DROP,1003,?,i2,
1769449523.45492,FORWARDED,1638a983-a9f3-44ea-9ead-dacf1ebc2be8,27190e44-7cfa-4a69-8daa-c986b2024ac2,c2,DROP,1003,?,i2,
1769449523.5224476,RECEIVED,a465c01b-0676-4023-be25-78a82478e636,3800425b-b1d8-49a4-8a3d-9d4ef6c156ac,c4,DROP,1441,p1,?,
1769449523.5833144,RECEIVED,fab54d03-6da8-445a-8b75-f0cf30298b41,b7d5e419-beab-43c1-9589-eed67eeb8d11,c2,DROP,1444,p2,?,
1769449523.6819487,SENT,a465c01b-0676-4023-be25-78a82478e636,3800425b-b1d8-49a4-8a3d-9d4ef6c156ac,c4,DROP,1007,?,i10,
1769449523.6822717,FORWARDED,a465c01b-0676-4023-be25-78a82478e636,3800425b-b1d8-49a4-8a3d-9d4ef6c156ac,c4,DROP,1007,?,i10,
1769449523.7077415,RECEIVED,7a5022b3-4e7a-436f-b1d4-901173eabb90,325f05b7-d431-4f7e-b429-caf6a751c450,c2,DROP,1440,p2,?,
1769449523.708406,RECEIVED,05c43619-1502-43a8-8e98-b74cecf4daf2,d6b9a9c0-9e10-4ae6-afdc-57faca1ca185,c1,DROP,1444,p1,?,
1769449523.7248058,SENT,fab54d03-6da8-445a-8b75-f0cf30298b41,b7d5e419-beab-43c1-9589-eed67eeb8d11,c2,DROP,1011,?,i9,
1769449523.7248502,FORWARDED,fab54d03-6da8-445a-8b75-f0cf30298b41,b7d5e419-beab-43c1-9589-eed67eeb8d11,c2,DROP,1011,?,i9,
1769449523.8609488,RECEIVED,49cd61f5-f83c-4e0c-826f-81d130f62b91,64030d2f-45df-4f2f-891d-c0e13be54cab,c5,DROP,1439,p2,?,
1769449523.8823593,RECEIVED,be0be737-b238-4ad8-9d10-005e362b8652,922bb980-ae20-4732-b1d5-5241fa290193,c2,c1,2474,p2,?,
1769449523.931343,SENT,05c43619-1502-43a8-8e98-b74cecf4daf2,d6b9a9c0-9e10-4ae6-afdc-57faca1ca185,c1,DROP,1011,?,i3,
1769449523.931385,FORWARDED,05c43619-1502-43a8-8e98-b74cecf4daf2,d6b9a9c0-9e10-4ae6-afdc-57faca1ca185,c1,DROP,1011,?,i3,
1769449523.9556327,RECEIVED,4bb0ca47-f62a-46b1-9b7b-19d2e2740879,25ac39ac-9ff8-4c6e-a9d6-603caaceb3f6,c3,c5,2448,p3,?,
1769449524.1223004,SENT,128f1cbe-a23c-49a3-85dd-2a5bda5a45a7,ae0fa23d-a25a-4bb0-9424-22ee174a805d,c3,DROP,1012,?,i2,
1769449524.1223397,FORWARDED,128f1cbe-a23c-49a3-85dd-2a5bda5a45a7,ae0fa23d-a25a-4bb0-9424-22ee174a805d,c3,DROP,1012,?,i2,
1769449524.1240356,RECEIVED,5f359464-a5d2-4042-a8f3-47879ad61ca6,86c83cc8-ffd7-4718-83ac-1af1537b60f1,c2,DROP,1451,p2,?,
1769449524.2016857,SENT,c148221c-7cad-4cc1-86a0-493e2ff4c97c,642b7e2d-797c-4020-8453-0bea17783920,c3,DROP,1008,?,i9,
1769449524.20172,FORWARDED,c148221c-7cad-4cc1-86a0-493e2ff4c97c,642b7e2d-797c-4020-8453-0bea17783920,c3,DROP,1008,?,i9,
1769449524.2379372,SENT,4bb0ca47-f62a-46b1-9b7b-19d2e2740879,25ac39ac-9ff8-4c6e-a9d6-603caaceb3f6,c3,c5,1764,?,i2,
1769449524.2379794,FORWARDED,4bb0ca47-f62a-46b1-9b7b-19d2e2740879,25ac39ac-9ff8-4c6e-a9d6-603caaceb3f6,c3,c5,1764,?,i2,
1769449524.3967495,SENT,be0be737-b238-4ad8-9d10-005e362b8652,922bb980-ae20-4732-b1d5-5241fa290193,c2,c1,1784,?,i1,
1769449524.39679,FORWARDED,be0be737-b238-4ad8-9d10-005e362b8652,922bb980-ae20-4732-b1d5-5241fa290193,c2,c1,1784,?,i1,
1769449524.4265368,SENT,49cd61f5-f83c-4e0c-826f-81d130f62b91,64030d2f-45df-4f2f-891d-c0e13be54cab,c5,DROP,1008,?,i8,
1769449524.4265783,FORWARDED,49cd61f5-f83c-4e0c-826f-81d130f62b91,64030d2f-45df-4f2f-891d-c0e13be54cab,c5,DROP,1008,?,i8,
1769449524.514732,RECEIVED,5160afdf-18d9-4c51-97c4-6508076768de,a588a2cf-aa82-4a7e-8f67-630afd661f63,c5,DROP,1440,p2,?,
1769449524.5233312,RECEIVED,60fbe315-4022-4650-b0b3-d837133452b6,6728ad69-5cff-4d95-b907-e18801bbb0d0,c1,DROP,441,x7,?,
1769449524.6052887,RECEIVED,1bccd078-19b3-4fed-8f15-4f5705ac2a1f,962799fb-abf0-4697-94b9-c89d6a9533a2,c1,DROP,1445,p1,?,
1769449524.626562,SENT,1bccd078-19b3-4fed-8f15-4f5705ac2a1f,962799fb-abf0-4697-94b9-c89d6a9533a2,c1,DROP,1011,?,i1,
1769449524.6266031,FORWARDED,1bccd078-19b3-4fed-8f15-4f5705ac2a1f,962799fb-abf0-4697-94b9-c89d6a9533a2,c1,DROP,1011,?,i1,
1769449524.7763832,SENT,7a5022b3-4e7a-436f-b1d4-901173eabb90,325f05b7-d431-4f7e-b429-caf6a751c450,c2,DROP,1007,?,i10,
1769449524.776425,FORWARDED,7a5022b3-4e7a-436f-b1d4-901173eabb90,325f05b7-d431-4f7e-b429-caf6a751c450,c2,DROP,1007,?,i10,
1769449524.806201,SENT,5f359464-a5d2-4042-a8f3-47879ad61ca6,86c83cc8-ffd7-4718-83ac-1af1537b60f1,c2,DROP,1015,?,i5,
1769449524.806244,FORWARDED,5f359464-a5d2-4042-a8f3-47879ad61ca6,86c83cc8-ffd7-4718-83ac-1af1537b60f1,c2,DROP,1015,?,i5,
1769449524.9308956,RECEIVED,48a1bc44-3e62-4273-b661-47816408872d,fd0fddc2-f578-4982-81a4-5a1ff8a17dbb,c2,DROP,441,x1,?,
1769449524.9591472,RECEIVED,8b33762f-3a33-4239-89ac-bae1b2e4e8fc,4ebaf544-34b1-47e8-b697-51eed1781ff9,c4,c5,2444,p1,?,
1769449525.087943,SENT,5160afdf-18d9-4c51-97c4-6508076768de,a588a2cf-aa82-4a7e-8f67-630afd661f63,c5,DROP,1007,?,i12,
1769449525.0879824,FORWARDED,5160afdf-18d9-4c51-97c4-6508076768de,a588a2cf-aa82-4a7e-8f67-630afd661f63,c5,DROP,1007,?,i12,
1769449525.1467452,SENT,8b33762f-3a33-4239-89ac-bae1b2e4e8fc,4ebaf544-34b1-47e8-b697-51eed1781ff9,c4,c5,1760,?,i7,
1769449525.1467874,FORWARDED,8b33762f-3a33-4239-89ac-bae1b2e4e8fc,4ebaf544-34b1-47e8-b697-51eed1781ff9,c4,c5,1760,?,i7,
1769449525.3357763,RECEIVED,f237354f-db56-40aa-bb8d-a4bc14ac49a5,b9a41559-b7ac-41af-a10d-3eebba85448c,c4,c5,2452,p1,?,
1769449525.3688192,RECEIVED,cf269839-9e09-4549-9a8e-c60f03c543af,bae1861d-b66d-4d73-8994-cf86132fb622,c3,DROP,1443,p3,?,
1769449525.3711638,RECEIVED,6f35d012-2f1d-4807-ba8a-bd9038ca341d,d426fcef-d874-40aa-bed3-d60deab19424,c3,DROP,1445,p3,?,
1769449525.4017863,RECEIVED,569237ec-461e-467d-8e24-4c731822b27c,631fcb62-03a8-4b06-aa7e-bba0445b8eb3,c5,c4,2460,p2,?,
1769449525.4350975,SENT,6f35d012-2f1d-4807-ba8a-bd9038ca341d,d426fcef-d874-40aa-bed3-d60deab19424,c3,DROP,1011,?,i6,
1769449525.435138,FORWARDED,6f35d012-2f1d-4807-ba8a-bd9038ca341d,d426fcef-d874-40aa-bed3-d60deab19424,c3,DROP,1011,?,i6,
1769449525.4701111,SENT,f237354f-db56-40aa-bb8d-a4bc14ac49a5,b9a41559-b7ac-41af-a10d-3eebba85448c,c4,c5,1767,?,i1,
1769449525.470387,FORWARDED,f237354f-db56-40aa-bb8d-a4bc14ac49a5,b9a41559-b7ac-41af-a10d-3eebba85448c,c4,c5,1767,?,i1,
1769449525.4824798,SENT,cf269839-9e09-4549-9a8e-c60f03c543af,bae1861d-b66d-4d73-8994-cf86132fb622,c3,DROP,1009,?,i1,
1769449525.4825182,FORWARDED,cf269839-9e09-4549-9a8e-c60f03c543af,bae1861d-b66d-4d73-8994-cf86132fb622,c3,DROP,1009,?,i1,
1769449525.4967859,SENT,569237ec-461e-467d-8e24-4c731822b27c,631fcb62-03a8-4b06-aa7e-bba0445b8eb3,c5,c4,1771,?,i6,
1769449525.496827,FORWARDED,569237ec-461e-467d-8e24-4c731822b27c,631fcb62-03a8-4b06-aa7e-bba0445b8eb3,c5,c4,1771,?,i6,
1769449525.7217107,RECEIVED,f111afa2-148d-41e0-9319-92afb18ad9d1,6394927b-4e30-443e-899f-bd38af2ab880,c5,c4,2463,p2,?,
1769449525.7345247,RECEIVED,c3d9007a-a2f2-41e8-a20e-c106062cf48c,7361e025-5ed4-4799-8f2a-4e5e806beed9,c4,DROP,1452,p1,?,
1769449525.7591991,RECEIVED,a3d99bfb-9e4a-4e4f-8425-f9f4b7aeb89a,2c09e365-8d07-4cef-83a0-7c0c3c1e50a1,c4,DROP,1441,p1,?,
1769449525.7867088,RECEIVED,1ad307d8-6af3-41b7-9646-9888bdf63b94,8101992d-5962-4e51-86c3-50b13c9e172b,c2,DROP,442,x10,?,
1769449525.8738728,RECEIVED,1a3adea1-ad3c-44fd-a05a-4380273b576b,1193a25e-f59d-4fdc-ab01-bd4e6f774776,c2,DROP,1450,p2,?,
1769449525.9155977,SENT,c3d9007a-a2f2-41e8-a20e-c106062cf48c,7361e025-5ed4-4799-8f2a-4e5e806beed9,c4,DROP,1016,?,i5,
1769449525.9156404,FORWARDED,c3d9007a-a2f2-41e8-a20e-c106062cf48c,7361e025-5ed4-4799-8f2a-4e5e806beed9,c4,DROP,1016,?,i5,
1769449525.9642906,RECEIVED,4ecf06ac-935d-425e-b64f-5b854932bbab,fa03bf5d-b52f-474a-8bb7-0bb5dff02d17,c4,DROP,1439,p1,?,
1769449526.0103524,SENT,b7346c26-f173-4ef1-90ea-203f1f51ce47,b44ba3bb-b567-4e22-8eb0-7f6ddb84ed3b,c3,c5,1771,?,i4,
1769449526.010393,FORWARDED,b7346c26-f173-4ef1-90ea-203f1f51ce47,b44ba3bb-b567-4e22-8eb0-7f6ddb84ed3b,c3,c5,1771,?,i4,
1769449526.0935915,RECEIVED,848dfaeb-6d86-4bad-88ae-9a72746d3174,48009e79-f454-4119-bbcb-f0adcd6c4510,c4,DROP,1439,p1,?,
1769449526.1161718,SENT,4ecf06ac-935d-425e-b64f-5b854932bbab,fa03bf5d-b52f-474a-8bb7-0bb5dff02d17,c4,DROP,1007,?,i3,
1769449526.1162171,FORWARDED,4ecf06ac-935d-425e-b64f-5b854932bbab,fa03bf5d-b52f-474a-8bb7-0bb5dff02d17,c4,DROP,1007,?,i3,
1769449526.1205974,SENT,a3d99bfb-9e4a-4e4f-8425-f9f4b7aeb89a,2c09e365-8d07-4cef-83a0-7c0c3c1e50a1,c4,DROP,1007,?,i12,
1769449526.1206577,FORWARDED,a3d99bfb-9e4a-4e4f-8425-f9f4b7aeb89a,2c09e365-8d07-4cef-83a0-7c0c3c1e50a1,c4,DROP,1007,?,i12,
1769449526.3262575,RECEIVED,c0ee87ff-f28d-461d-98a7-d27d0431a66e,2e8ec0f0-db88-403a-8709-aa7249ae8cb7,c4,DROP,1444,p1,?,
1769449526.393734,SENT,c0ee87ff-f28d-461d-98a7-d27d0431a66e,2e8ec0f0-db88-403a-8709-aa7249ae8cb7,c4,DROP,1011,?,i2,
1769449526.3937762,FORWARDED,c0ee87ff-f28d-461d-98a7-d27d0431a66e,2e8ec0f0-db88-403a-8709-aa7249ae8cb7,c4,DROP,1011,?,i2,
1769449526.3994775,SENT,848dfaeb-6d86-4bad-88ae-9a72746d3174,48009e79-f454-4119-bbcb-f0adcd6c4510,c4,DROP,1008,?,i6,
1769449526.3995183,FORWARDED,848dfaeb-6d86-4bad-88ae-9a72746d3174,48009e79-f454-4119-bbcb-f0adcd6c4510,c4,DROP,1008,?,i6,
1769449526.434595,RECEIVED,962b634a-f170-4730-b091-467ac5138509,d439af72-d6f8-409f-9dfe-3c4f3f35ad93,c3,c5,2457,p3,?,
1769449526.4776878,RECEIVED,50782869-f70c-4f27-856a-726d7a616964,39db7f3b-1d67-4e86-a422-c8b07e50e44e,c4,DROP,1445,p1,?,
1769449526.5044744,SENT,f111afa2-148d-41e0-9319-92afb18ad9d1,6394927b-4e30-443e-899f-bd38af2ab880,c5,c4,1776,?,i7,
1769449526.5045142,FORWARDED,f111afa2-148d-41e0-9319-92afb18ad9d1,6394927b-4e30-443e-899f-bd38af2ab880,c5,c4,1776,?,i7,
1769449526.6369128,RECEIVED,85caae48-24e4-4ee7-b015-9294196a12ad,afd5951d-c07f-4242-815f-0e6b14f136d0,c3,c5,2467,p3,?,
1769449526.7529309,SENT,50782869-f70c-4f27-856a-726d7a616964,39db7f3b-1d67-4e86-a422-c8b07e50e44e,c4,DROP,1011,?,i11,
1769449526.752971,FORWARDED,50782869-f70c-4f27-856a-726d7a616964,39db7f3b-1d67-4e86-a422-c8b07e50e44e,c4,DROP,1011,?,i11,
1769449526.7851467,SENT,1a3adea1-ad3c-44fd-a05a-4380273b576b,1193a25e-f59d-4fdc-ab01-bd4e6f774776,c2,DROP,1017,?,i1,
1769449526.7851877,FORWARDED,1a3adea1-ad3c-44fd-a05a-4380273b576b,1193a25e-f59d-4fdc-ab01-bd4e6f774776,c2,DROP,1017,?,i1,
1769449526.8492677,SENT,962b634a-f170-4730-b091-467ac5138509,d439af72-d6f8-409f-9dfe-3c4f3f35ad93,c3,c5,1771,?,i6,
1769449526.8493075,FORWARDED,962b634a-f170-4730-b091-467ac5138509,d439af72-d6f8-409f-9dfe-3c4f3f35ad93,c3,c5,1771,?,i6,
1769449527.1657043,SENT,85caae48-24e4-4ee7-b015-9294196a12ad,afd5951d-c07f-4242-815f-0e6b14f136d0,c3,c5,1777,?,i7,
1769449527.165743,FORWARDED,85caae48-24e4-4ee7-b015-9294196a12ad,afd5951d-c07f-4242-815f-0e6b14f136d0,c3,c5,1777,?,i7,
1769449527.1761262,RECEIVED,8f23c4a2-2d15-4689-9997-032303595b35,494e3e1d-95de-46e4-8773-5f45eb0cdcca,c1,DROP,1457,p1,?,
1769449527.3008928,SENT,8f23c4a2-2d15-4689-9997-032303595b35,494e3e1d-95de-46e4-8773-5f45eb0cdcca,c1,DROP,1019,?,i11,
1769449527.300935,FORWARDED,8f23c4a2-2d15-4689-9997-032303595b35,494e3e1d-95de-46e4-8773-5f45eb0cdcca,c1,DROP,1019,?,i11,
1769449527.424868,RECEIVED,70dab352-3ab8-46b2-865d-a52f3c3fd384,3cba0b99-60ff-41a6-8273-0e5daf88e9be,c1,c3,2452,p1,?,
1769449527.5409017,RECEIVED,74a6d61b-7820-433b-bb0d-aeb6f692ce92,3b493ef6-16e6-4684-aba7-3927a1e2c4f5,c5,c4,2447,p2,?,
1769449527.5624056,SENT,70dab352-3ab8-46b2-865d-a52f3c3fd384,3cba0b99-60ff-41a6-8273-0e5daf88e9be,c1,c3,1767,?,i2,
1769449527.5624485,FORWARDED,70dab352-3ab8-46b2-865d-a52f3c3fd384,3cba0b99-60ff-41a6-8273-0e5daf88e9be,c1,c3,1767,?,i2,
1769449527.7320957,RECEIVED,b8c88acc-17a5-4772-84f3-97363f600f94,f98b7199-0820-479a-a89d-237baca02452,c2,DROP,441,x12,?,
1769449527.9850295,SENT,74a6d61b-7820-433b-bb0d-aeb6f692ce92,3b493ef6-16e6-4684-aba7-3927a1e2c4f5,c5,c4,1763,?,i3,
1769449527.9852824,FORWARDED,74a6d61b-7820-433b-bb0d-aeb6f692ce92,3b493ef6-16e6-4684-aba7-3927a1e2c4f5,c5,c4,1763,?,i3,
1769449528.014012,RECEIVED,d4ae0dd2-12ed-4f32-8716-8bb2d9ef43ae,2e3c0ffb-5efc-486e-b11a-525168b754ac,c4,c5,2459,p1,?,
1769449528.1938314,RECEIVED,e719e97e-0625-4ea7-9b0d-b4834f1fa208,e6b27244-f8d8-4b3e-a310-03f0023c15cf,c5,DROP,441,x4,?,
1769449528.2037833,SENT,d4ae0dd2-12ed-4f32-8716-8bb2d9ef43ae,2e3c0ffb-5efc-486e-b11a-525168b754ac,c4,c5,1771,?,i8,
1769449528.203825,FORWARDED,d4ae0dd2-12ed-4f32-8716-8bb2d9ef43ae,2e3c0ffb-5efc-486e-b11a-525168b754ac,c4,c5,1771,?,i8,
1769449528.28468,RECEIVED,29325499-d7b0-4850-8a8b-6096c78739be,2dbd25d6-38aa-4c34-93b8-2bff95e1816b,c2,DROP,1440,p2,?,
1769449528.3456159,RECEIVED,f53ab9f3-9a91-447d-86c3-54e09e53fc3f,1a35e99e-207c-415e-b59b-59dc71da7f6a,c1,c3,2455,p1,?,
1769449528.3996851,RECEIVED,0a670f8b-5905-4a58-bef7-ef7e959ef415,cf8c0a1d-5dad-4c08-84d3-a5ef85fab2cc,c1,c3,2460,p1,?,
1769449528.4971564,RECEIVED,e7a6c104-cc95-489d-8e0e-087ed2433d87,6e54b662-af00-48a6-af21-67439f2ad048,c4,c5,2473,p1,?,
1769449528.5249822,SENT,29325499-d7b0-4850-8a8b-6096c78739be,2dbd25d6-38aa-4c34-93b8-2bff95e1816b,c2,DROP,1008,?,i7,
1769449528.525027,FORWARDED,29325499-d7b0-4850-8a8b-6096c78739be,2dbd25d6-38aa-4c34-93b8-2bff95e1816b,c2,DROP,1008,?,i7,
1769449528.6507034,SENT,0a670f8b-5905-4a58-bef7-ef7e959ef415,cf8c0a1d-5dad-4c08-84d3-a5ef85fab2cc,c1,c3,1772,?,i5,
1769449528.6507459,FORWARDED,0a670f8b-5905-4a58-bef7-ef7e959ef415,cf8c0a1d-5dad-4c08-84d3-a5ef85fab2cc,c1,c3,1772,?,i5,
1769449528.6632483,SENT,e7a6c104-cc95-489d-8e0e-087ed2433d87,6e54b662-af00-48a6-af21-67439f2ad048,c4,c5,1780,?,i11,
1769449528.663285,FORWARDED,e7a6c104-cc95-489d-8e0e-087ed2433d87,6e54b662-af00-48a6-af21-67439f2ad048,c4,c5,1780,?,i11,
1769449528.678045,SENT,f53ab9f3-9a91-447d-86c3-54e09e53fc3f,1a35e99e-207c-415e-b59b-59dc71da7f6a,c1,c3,1768,?,i9,
1769449528.6783261,FORWARDED,f53ab9f3-9a91-447d-86c3-54e09e53fc3f,1a35e99e-207c-415e-b59b-59dc71da7f6a,c1,c3,1768,?,i9,
1769449528.91455,RECEIVED,b0612e08-9a76-4011-bec1-18f39803d3d5,8dd206e5-ab8c-4fdf-bf52-649ad1ce421d,c5,c4,2471,p2,?,
1769449528.9245238,RECEIVED,c3bb914f-b172-4197-8f33-b4f2a5296806,f1ca4596-e695-4e4e-92ca-c8b99708cb33,c5,c4,2447,p2,?,
1769449529.0310738,RECEIVED,65123985-0d21-4422-bf37-65c2b639e365,0f636f91-851e-48aa-b5d9-8faaa977fc49,c5,c4,2458,p2,?,
1769449529.1868026,RECEIVED,ff6ea493-99be-4f38-b92f-1e1fead394f8,f75ff55a-4781-41a4-b1b8-688de9d6195e,c2,DROP,442,x7,?,
1769449529.2130063,RECEIVED,1234fd26-e4e6-45cc-a0de-4331f2f788e1,523bf89f-e2dc-4c6c-9a9b-641d497c4b4d,c5,DROP,1445,p2,?,
1769449529.2864432,RECEIVED,a3e58a33-973e-42ce-90a6-cb24f2ddea86,2b7d02a6-54a9-4d3f-89a4-536e5f52309d,c3,c5,2467,p3,?,
1769449529.312755,RECEIVED,c654cfce-8586-4f0b-8206-45799767e336,f8c83470-99bc-493e-a784-74a3e783a4a5,c5,DROP,1442,p2,?,
1769449529.396071,SENT,c3bb914f-b172-4197-8f33-b4f2a5296806,f1ca4596-e695-4e4e-92ca-c8b99708cb33,c5,c4,1763,?,i9,
1769449529.3961134,FORWARDED,c3bb914f-b172-4197-8f33-b4f2a5296806,f1ca4596-e695-4e4e-92ca-c8b99708cb33,c5,c4,1763,?,i9,
1769449529.457572,SENT,1234fd26-e4e6-45cc-a0de-4331f2f788e1,523bf89f-e2dc-4c6c-9a9b-641d497c4b4d,c5,DROP,1009,?,i10,
1769449529.4576123,FORWARDED,1234fd26-e4e6-45cc-a0de-4331f2f788e1,523bf89f-e2dc-4c6c-9a9b-641d497c4b4d,c5,DROP,1009,?,i10,
1769449529.5043573,SENT,b0612e08-9a76-4011-bec1-18f39803d3d5,8dd206e5-ab8c-4fdf-bf52-649ad1ce421d,c5,c4,1780,?,i5,
1769449529.5043983,FORWARDED,b0612e08-9a76-4011-bec1-18f39803d3d5,8dd206e5-ab8c-4fdf-bf52-649ad1ce421d,c5,c4,1780,?,i5,
1769449529.67006,RECEIVED,4864318d-5375-4d35-9508-cf8636ec47e3,fc69c988-48bc-4ad5-ba3f-38939709d95e,c1,DROP,1461,p1,?,
1769449529.7063591,SENT,4864318d-5375-4d35-9508-cf8636ec47e3,fc69c988-48bc-4ad5-ba3f-38939709d95e,c1,DROP,1021,?,i5,
1769449529.7063978,FORWARDED,4864318d-5375-4d35-9508-cf8636ec47e3,fc69c988-48bc-4ad5-ba3f-38939709d95e,c1,DROP,1021,?,i5,
1769449529.8955042,RECEIVED,843da456-4a1d-404c-aec4-b914632da6d6,f59c0580-032d-43cd-8c10-89d3f60043c3,c1,DROP,1443,p1,?,
1769449529.9343045,RECEIVED,b145834f-1fe2-4533-9241-5d709ecea676,87e1bb76-78bd-43c5-a6f8-7d41168fbb52,c4,c5,2466,p1,?,
1769449529.9811099,RECEIVED,f3e3a97c-133b-4353-a4eb-f3e1aacf4b8a,06cbdb11-459d-4ef0-88e3-9280076aa18a,c3,c5,2452,p3,?,
1769449530.069778,SENT,65123985-0d21-4422-bf37-65c2b639e365,0f636f91-851e-48aa-b5d9-8faaa977fc49,c5,c4,1773,?,i3,
1769449530.069819,FORWARDED,65123985-0d21-4422-bf37-65c2b639e365,0f636f91-851e-48aa-b5d9-8faaa977fc49,c5,c4,1773,?,i3,
1769449530.1328523,RECEIVED,2790d296-b54e-4112-b0c5-359d0de9fccd,ab2e7de7-8dbe-4e7f-b564-914dd2c56247,c4,c5,2451,p1,?,
1769449530.235242,SENT,b145834f-1fe2-4533-9241-5d709ecea676,87e1bb76-78bd-43c5-a6f8-7d41168fbb52,c4,c5,1779,?,i7,
1769449530.2352827,FORWARDED,b145834f-1fe2-4533-9241-5d709ecea676,87e1bb76-78bd-43c5-a6f8-7d41168fbb52,c4,c5,1779,?,i7,
1769449530.2485788,SENT,a3e58a33-973e-42ce-90a6-cb24f2ddea86,2b7d02a6-54a9-4d3f-89a4-536e5f52309d,c3,c5,1777,?,i3,
1769449530.2486143,FORWARDED,a3e58a33-973e-42ce-90a6-cb24f2ddea86,2b7d02a6-54a9-4d3f-89a4-536e5f52309d,c3,c5,1777,?,i3,
1769449530.3522155,SENT,c654cfce-8586-4f0b-8206-45799767e336,f8c83470-99bc-493e-a784-74a3e783a4a5,c5,DROP,1011,?,i8,
1769449530.352258,FORWARDED,c654cfce-8586-4f0b-8206-45799767e336,f8c83470-99bc-493e-a784-74a3e783a4a5,c5,DROP,1011,?,i8,
1769449530.4365005,SENT,f3e3a97c-133b-4353-a4eb-f3e1aacf4b8a,06cbdb11-459d-4ef0-88e3-9280076aa18a,c3,c5,1765,?,i5,
1769449530.4365416,FORWARDED,f3e3a97c-133b-4353-a4eb-f3e1aacf4b8a,06cbdb11-459d-4ef0-88e3-9280076aa18a,c3,c5,1765,?,i5,
1769449530.5221274,RECEIVED,f495addd-2bd3-42a5-845d-d894ffd5466a,aa7f533b-3ab2-4f86-9e71-41c74a9978b2,c1,DROP,448,x5,?,
1769449530.5467641,SENT,843da456-4a1d-404c-aec4-b914632da6d6,f59c0580-032d-43cd-8c10-89d3f60043c3,c1,DROP,1009,?,i6,
1769449530.5468006,FORWARDED,843da456-4a1d-404c-aec4-b914632da6d6,f59c0580-032d-43cd-8c10-89d3f60043c3,c1,DROP,1009,?,i6,
1769449530.6907208,RECEIVED,673f474b-eb4d-4487-a3e9-14686938b737,efe16b48-56eb-4f1d-85a8-6ab37bff8523,c5,DROP,1451,p2,?,
1769449530.7241342,RECEIVED,3e60de5c-0268-4e18-bbdc-9e9a7d00e2df,01ae5c30-f362-43b4-a8ed-23fdd11c0d18,c1,DROP,1443,p1,?,
1769449530.8089173,RECEIVED,efddb1f0-ed7f-472b-ab42-e6aac652c8f3,2c294a21-10e3-476c-a361-12a57ede8ef1,c3,DROP,445,x12,?,
1769449530.8542924,SENT,2790d296-b54e-4112-b0c5-359d0de9fccd,ab2e7de7-8dbe-4e7f-b564-914dd2c56247,c4,c5,1767,?,i6,
1769449530.854336,FORWARDED,2790d296-b54e-4112-b0c5-359d0de9fccd,ab2e7de7-8dbe-4e7f-b564-914dd2c56247,c4,c5,1767,?,i6,
1769449530.8718336,RECEIVED,97d40097-52f3-40b7-975b-841c6c1cd683,805cd6b4-7f26-43fd-a9ec-6daafacc0259,c3,c5,2472,p3,?,
1769449530.9046159,RECEIVED,637000af-9011-4761-9654-482230ee3d0a,34210df3-ff45-4738-b629-8a8818bcb23a,c5,DROP,446,x12,?,
1769449531.12451,SENT,673f474b-eb4d-4487-a3e9-14686938b737,efe16b48-56eb-4f1d-85a8-6ab37bff8523,c5,DROP,1015,?,i7,
1769449531.1245494,FORWARDED,673f474b-eb4d-4487-a3e9-14686938b737,efe16b48-56eb-4f1d-85a8-6ab37bff8523,c5,DROP,1015,?,i7,
1769449531.1833782,SENT,97d40097-52f3-40b7-975b-841c6c1cd683,805cd6b4-7f26-43fd-a9ec-6daafacc0259,c3,c5,1780,?,i7,
1769449531.1834137,FORWARDED,97d40097-52f3-40b7-975b-841c6c1cd683,805cd6b4-7f26-43fd-a9ec-6daafacc0259,c3,c5,1780,?,i7,
1769449531.1976633,RECEIVED,714c01c0-3c45-4e7c-a1d4-2788e6ee0661,9b9e174a-046b-441b-adcd-34b7bd22ee6b,c5,DROP,1438,p2,?,
1769449531.3593435,SENT,714c01c0-3c45-4e7c-a1d4-2788e6ee0661,9b9e174a-046b-441b-adcd-34b7bd22ee6b,c5,DROP,1008,?,i5,
1769449531.3596718,FORWARDED,714c01c0-3c45-4e7c-a1d4-2788e6ee0661,9b9e174a-046b-441b-adcd-34b7bd22ee6b,c5,DROP,1008,?,i5,
1769449531.3615098,RECEIVED,e3beb0ac-a2b5-491a-a968-eda1acd6946d,994855e9-5d01-4fbf-8b38-20b3de05bfad,c2,DROP,437,x9,?,
1769449531.4918914,RECEIVED,99d5bf98-d0d2-47b3-a860-1a33a4187835,825f5140-9ce1-488e-97b4-063647b1e4c8,c2,c1,2447,p2,?,
1769449531.4930837,RECEIVED,9d3b15fa-41c6-4e27-9af7-6bef90b18303,b291ace4-1bd5-4e29-accf-ef9c41b73dd2,c3,c5,2448,p3,?,
1769449531.6102803,SENT,9d3b15fa-41c6-4e27-9af7-6bef90b18303,b291ace4-1bd5-4e29-accf-ef9c41b73dd2,c3,c5,1763,?,i2,
1769449531.6103227,FORWARDED,9d3b15fa-41c6-4e27-9af7-6bef90b18303,b291ace4-1bd5-4e29-accf-ef9c41b73dd2,c3,c5,1763,?,i2,
1769449531.6456985,RECEIVED,5164f168-1868-4128-89f6-d02ed2d96d00,80cce3ec-4023-4251-9e1e-a62759fe4d06,c5,DROP,1440,p2,?,
1769449531.7971947,RECEIVED,782d8eb2-bce6-4864-ad4b-18198771d92f,d2a8e039-b6f8-4ccd-b17c-cc90cf00dba8,c3,c5,2473,p3,?,
1769449531.8578358,RECEIVED,31b86c08-d583-49e3-8448-4b12a0646e09,f1e58f20-9e8b-4b1d-9dda-da72025d6be7,c5,DROP,1464,p2,?,
1769449531.91836,SENT,782d8eb2-bce6-4864-ad4b-18198771d92f,d2a8e039-b6f8-4ccd-b17c-cc90cf00dba8,c3,c5,1782,?,i12,
1769449531.9184017,FORWARDED,782d8eb2-bce6-4864-ad4b-18198771d92f,d2a8e039-b6f8-4ccd-b17c-cc90cf00dba8,c3,c5,1782,?,i12,
1769449532.111662,RECEIVED,1ca900b1-3811-4d67-9a4d-bc485c058467,3bca3f92-60d4-4bd9-88ca-c8a25eb06a3a,c5,c4,2457,p2,?,
1769449532.1596484,RECEIVED,db165b7e-fac8-47f9-b5bf-0852c07421e5,b1d85605-296e-40dd-804c-ac74e4686def,c4,c5,2465,p1,?,
1769449532.1832664,SENT,db165b7e-fac8-47f9-b5bf-0852c07421e5,b1d85605-296e-40dd-804c-ac74e4686def,c4,c5,1775,?,i2,
1769449532.1833074,FORWARDED,db165b7e-fac8-47f9-b5bf-0852c07421e5,b1d85605-296e-40dd-804c-ac74e4686def,c4,c5,1775,?,i2,
1769449532.1872754,SENT,31b86c08-d583-49e3-8448-4b12a0646e09,f1e58f20-9e8b-4b1d-9dda-da72025d6be7,c5,DROP,1024,?,i12,
1769449532.1874433,FORWARDED,31b86c08-d583-49e3-8448-4b12a0646e09,f1e58f20-9e8b-4b1d-9dda-da72025d6be7,c5,DROP,1024,?,i12,
1769449532.281393,RECEIVED,21160ecf-4a71-4d14-af0e-b535d1ce1086,65a79ff3-f72c-42b3-9750-7fb3ef174c34,c4,DROP,1460,p1,?,
1769449532.3227558,SENT,99d5bf98-d0d2-47b3-a860-1a33a4187835,825f5140-9ce1-488e-97b4-063647b1e4c8,c2,c1,1763,?,i9,
1769449532.3228145,FORWARDED,99d5bf98-d0d2-47b3-a860-1a33a4187835,825f5140-9ce1-488e-97b4-063647b1e4c8,c2,c1,1763,?,i9,
1769449532.3298795,SENT,3e60de5c-0268-4e18-bbdc-9e9a7d00e2df,01ae5c30-f362-43b4-a8ed-23fdd11c0d18,c1,DROP,1011,?,i1,
1769449532.3299234,FORWARDED,3e60de5c-0268-4e18-bbdc-9e9a7d00e2df,01ae5c30-f362-43b4-a8ed-23fdd11c0d18,c1,DROP,1011,?,i1,
1769449532.3300192,RECEIVED,063e2216-04b1-40b0-9a0e-960252436817,acb10715-8b4d-404a-be0a-5fd04547e726,c4,DROP,1439,p1,?,
1769449532.4724472,SENT,1ca900b1-3811-4d67-9a4d-bc485c058467,3bca3f92-60d4-4bd9-88ca-c8a25eb06a3a,c5,c4,1768,?,i11,
1769449532.4724874,FORWARDED,1ca900b1-3811-4d67-9a4d-bc485c058467,3bca3f92-60d4-4bd9-88ca-c8a25eb06a3a,c5,c4,1768,?,i11,
1769449532.6066833,SENT,063e2216-04b1-40b0-9a0e-960252436817,acb10715-8b4d-404a-be0a-5fd04547e726,c4,DROP,1008,?,i6,
1769449532.6067257,FORWARDED,063e2216-04b1-40b0-9a0e-960252436817,acb10715-8b4d-404a-be0a-5fd04547e726,c4,DROP,1008,?,i6,
1769449532.7567692,RECEIVED,a4fdcdd5-b31a-4faa-9385-62f74a80ea3c,6356ac28-ddd8-4cb9-9963-9384ab4fac63,c1,DROP,1452,p1,?,
1769449532.796527,RECEIVED,48ddac1a-fef5-4d3c-917f-ef05de7fc4a2,40e968b1-dc9a-44a5-8ed1-8427c6a5172f,c5,c4,2468,p2,?,
1769449532.8965294,RECEIVED,3cb4f5d9-2e80-4f2b-84c3-544db58bf88c,88678bac-c042-4fd4-a122-3b49e4b911c5,c3,c5,2448,p3,?,
1769449532.8971004,SENT,48ddac1a-fef5-4d3c-917f-ef05de7fc4a2,40e968b1-dc9a-44a5-8ed1-8427c6a5172f,c5,c4,1779,?,i7,
1769449532.897141,FORWARDED,48ddac1a-fef5-4d3c-917f-ef05de7fc4a2,40e968b1-dc9a-44a5-8ed1-8427c6a5172f,c5,c4,1779,?,i7,
1769449533.0052087,SENT,21160ecf-4a71-4d14-af0e-b535d1ce1086,65a79ff3-f72c-42b3-9750-7fb3ef174c34,c4,DROP,1023,?,i12,
1769449533.0052493,FORWARDED,21160ecf-4a71-4d14-af0e-b535d1ce1086,65a79ff3-f72c-42b3-9750-7fb3ef174c34,c4,DROP,1023,?,i12,
1769449533.0395212,SENT,a4fdcdd5-b31a-4faa-9385-62f74a80ea3c,6356ac28-ddd8-4cb9-9963-9384ab4fac63,c1,DROP,1015,?,i9,
1769449533.0395548,FORWARDED,a4fdcdd5-b31a-4faa-9385-62f74a80ea3c,6356ac28-ddd8-4cb9-9963-9384ab4fac63,c1,DROP,1015,?,i9,
1769449533.2346432,SENT,5164f168-1868-4128-89f6-d02ed2d96d00,80cce3ec-4023-4251-9e1e-a62759fe4d06,c5,DROP,1007,?,i10,
1769449533.2347379,FORWARDED,5164f168-1868-4128-89f6-d02ed2d96d00,80cce3ec-4023-4251-9e1e-a62759fe4d06,c5,DROP,1007,?,i10,
1769449533.2720032,RECEIVED,7885db32-4b85-4c15-bb10-d3b72d5c4c02,3da593d7-f149-41bb-ba67-7a1c13499876,c2,DROP,446,x12,?,
1769449533.3214772,RECEIVED,5c417e92-c2f9-4a0b-931d-b3cedf03bf92,7311de1d-cdfd-44ba-9755-e934e7e9b1a6,c5,c4,2455,p2,?,
1769449533.326413,RECEIVED,8a568a49-ca65-40e6-8ef7-127192ec1036,35285dec-fdbd-415b-88a6-9056cfe888c1,c4,c5,2472,p1,?,
1769449533.328828,SENT,3cb4f5d9-2e80-4f2b-84c3-544db58bf88c,88678bac-c042-4fd4-a122-3b49e4b911c5,c3,c5,1764,?,i6,
1769449533.3288605,FORWARDED,3cb4f5d9-2e80-4f2b-84c3-544db58bf88c,88678bac-c042-4fd4-a122-3b49e4b911c5,c3,c5,1764,?,i6,
1769449533.4199977,SENT,8a568a49-ca65-40e6-8ef7-127192ec1036,35285dec-fdbd-415b-88a6-9056cfe888c1,c4,c5,1780,?,i6,
1769449533.4200408,FORWARDED,8a568a49-ca65-40e6-8ef7-127192ec1036,35285dec-fdbd-415b-88a6-9056cfe888c1,c4,c5,1780,?,i6,
1769449533.783822,RECEIVED,513eddd7-b51b-476f-b656-ac88158be25c,d1268f4c-5bfa-4bf6-8721-9e1bf4ef1808,c1,DROP,446,x12,?,
1769449534.0541003,SENT,5c417e92-c2f9-4a0b-931d-b3cedf03bf92,7311de1d-cdfd-44ba-9755-e934e7e9b1a6,c5,c4,1768,?,i4,
1769449534.0541425,FORWARDED,5c417e92-c2f9-4a0b-931d-b3cedf03bf92,7311de1d-cdfd-44ba-9755-e934e7e9b1a6,c5,c4,1768,?,i4,
1769449534.0720968,RECEIVED,729d7c79-a6fe-4554-997b-51ae1e4423cd,56245158-1f88-4b37-9ea6-12ca87774c4a,c4,DROP,1439,p1,?,
1769449534.2106805,SENT,729d7c79-a6fe-4554-997b-51ae1e4423cd,56245158-1f88-4b37-9ea6-12ca87774c4a,c4,DROP,1007,?,i3,
1769449534.210721,FORWARDED,729d7c79-a6fe-4554-997b-51ae1e4423cd,56245158-1f88-4b37-9ea6-12ca87774c4a,c4,DROP,1007,?,i3,
1769449534.2272346,RECEIVED,f8ee30a5-c24c-4ac0-aed3-fa47ff4e1677,86946741-5575-4603-b2a1-12884dab6f08,c2,DROP,441,x10,?,
1769449534.2993884,RECEIVED,273cf91f-6a35-4fac-b118-7e2275481b7c,509b49d1-25f0-4ca8-b03a-ccb632a8adf2,c4,c5,2455,p1,?,
1769449534.3265915,RECEIVED,c0b53188-0b51-43a8-9c14-3897a328b7fe,9da4b21d-03de-4672-9f41-1ec097264f70,c2,c1,2448,p2,?,
1769449534.4032729,RECEIVED,b7e9e160-626a-4cef-b172-1d9021872c9f,2604afe3-bcb2-41ed-9ea8-849dc3a4d8bd,c5,c4,2464,p2,?,
1769449534.4056492,SENT,c0b53188-0b51-43a8-9c14-3897a328b7fe,9da4b21d-03de-4672-9f41-1ec097264f70,c2,c1,1764,?,i3,
1769449534.4056928,FORWARDED,c0b53188-0b51-43a8-9c14-3897a328b7fe,9da4b21d-03de-4672-9f41-1ec097264f70,c2,c1,1764,?,i3,
1769449534.4178536,RECEIVED,2e5fa2dd-7a01-4ace-9872-a24d5d24bbe5,f6aab56b-b99f-4db6-b1c5-cb39ad569b52,c3,DROP,1443,p3,?,
1769449534.4410343,SENT,b7e9e160-626a-4cef-b172-1d9021872c9f,2604afe3-bcb2-41ed-9ea8-849dc3a4d8bd,c5,c4,1776,?,i1,
1769449534.4410815,FORWARDED,b7e9e160-626a-4cef-b172-1d9021872c9f,2604afe3-bcb2-41ed-9ea8-849dc3a4d8bd,c5,c4,1776,?,i1,
1769449534.4485576,RECEIVED,0a6d3776-bd00-4b49-9d62-81b65b8d5cb3,da1b465e-064f-4f0a-8e27-d29f94de7ce1,c4,c5,2453,p1,?,
1769449534.576094,RECEIVED,d598cae0-f370-4c96-9eef-56adb8c9bc64,b2977a5d-a6ce-4e7a-8841-b4cf63f276c3,c1,DROP,1451,p1,?,
1769449534.6148431,SENT,0a6d3776-bd00-4b49-9d62-81b65b8d5cb3,da1b465e-064f-4f0a-8e27-d29f94de7ce1,c4,c5,1767,?,i12,
1769449534.6148896,FORWARDED,0a6d3776-bd00-4b49-9d62-81b65b8d5cb3,da1b465e-064f-4f0a-8e27-d29f94de7ce1,c4,c5,1767,?,i12,
1769449534.6181517,RECEIVED,2e6769e1-05fe-4d2d-a720-0710196d1855,241aaa69-9d42-446c-997a-4f4296db6325,c4,DROP,441,x6,?,
1769449534.7329957,SENT,273cf91f-6a35-4fac-b118-7e2275481b7c,509b49d1-25f0-4ca8-b03a-ccb632a8adf2,c4,c5,1768,?,i1,
1769449534.7330365,FORWARDED,273cf91f-6a35-4fac-b118-7e2275481b7c,509b49d1-25f0-4ca8-b03a-ccb632a8adf2,c4,c5,1768,?,i1,
1769449534.7959282,RECEIVED,a780a61d-df23-4215-b51f-c49ba383eb4d,bea02f82-2f6b-4740-8817-be6b618df107,c5,DROP,1444,p2,?,
1769449534.9076183,SENT,a780a61d-df23-4215-b51f-c49ba383eb4d,bea02f82-2f6b-4740-8817-be6b618df107,c5,DROP,1011,?,i1,
1769449534.9076574,FORWARDED,a780a61d-df23-4215-b51f-c49ba383eb4d,bea02f82-2f6b-4740-8817-be6b618df107,c5,DROP,1011,?,i1,
1769449534.922526,RECEIVED,8d440430-cbed-4339-bf1b-9890654cbffe,ec0ef4c7-4cb7-4891-b960-0c2276f07ebe,c3,DROP,1439,p3,?,
1769449534.964094,RECEIVED,4c6c21f4-5fd1-4e26-8d17-d6e28635703a,cc76c7a4-ccaa-427e-b473-5ddb305bf891,c1,c3,2480,p1,?,
1769449535.0869527,SENT,8d440430-cbed-4339-bf1b-9890654cbffe,ec0ef4c7-4cb7-4891-b960-0c2276f07ebe,c3,DROP,1008,?,i8,
1769449535.0869932,FORWARDED,8d440430-cbed-4339-bf1b-9890654cbffe,ec0ef4c7-4cb7-4891-b960-0c2276f07ebe,c3,DROP,1008,?,i8,
1769449535.2386434,RECEIVED,9bfdab04-bc4d-4363-b7f4-6bf55243c9ff,60c6d6ee-1a3f-4888-8eb6-62a94cc5d46b,c3,DROP,441,x4,?,
1769449535.263275,SENT,2e5fa2dd-7a01-4ace-9872-a24d5d24bbe5,f6aab56b-b99f-4db6-b1c5-cb39ad569b52,c3,DROP,1011,?,i3,
1769449535.2633097,FORWARDED,2e5fa2dd-7a01-4ace-9872-a24d5d24bbe5,f6aab56b-b99f-4db6-b1c5-cb39ad569b52,c3,DROP,1011,?,i3,
1769449535.2787929,RECEIVED,bd1d04fc-48c4-449d-ab76-21baf9691534,2d204200-9682-436a-b74e-573a949c21d0,c1,c3,2456,p1,?,
1769449535.390091,SENT,4c6c21f4-5fd1-4e26-8d17-d6e28635703a,cc76c7a4-ccaa-427e-b473-5ddb305bf891,c1,c3,1788,?,i11,
1769449535.390133,FORWARDED,4c6c21f4-5fd1-4e26-8d17-d6e28635703a,cc76c7a4-ccaa-427e-b473-5ddb305bf891,c1,c3,1788,?,i11,
1769449535.4879313,SENT,bd1d04fc-48c4-449d-ab76-21baf9691534,2d204200-9682-436a-b74e-573a949c21d0,c1,c3,1768,?,i11,
1769449535.487974,FORWARDED,bd1d04fc-48c4-449d-ab76-21baf9691534,2d204200-9682-436a-b74e-573a949c21d0,c1,c3,1768,?,i11,
1769449535.5390959,RECEIVED,8bc2e1d7-1ceb-44d8-b457-d833e1adc185,b2095630-89a6-4c82-8363-107bab9a2cf5,c3,c5,2463,p3,?,
1769449535.563938,RECEIVED,eb56eb02-6106-464e-a2ab-f563bb5763be,0e5b6002-a7e7-469d-9d5f-4a6a3ab81af2,c4,DROP,1453,p1,?,
1769449535.592719,SENT,eb56eb02-6106-464e-a2ab-f563bb5763be,0e5b6002-a7e7-469d-9d5f-4a6a3ab81af2,c4,DROP,1016,?,i3,
1769449535.5927596,FORWARDED,eb56eb02-6106-464e-a2ab-f563bb5763be,0e5b6002-a7e7-469d-9d5f-4a6a3ab81af2,c4,DROP,1016,?,i3,
1769449535.6227798,RECEIVED,3953ca9c-e04a-4c9d-b4e3-8dae2d784319,4f011cc3-d695-4c61-adc8-6f8550621564,c3,DROP,1443,p3,?,
1769449535.804134,RECEIVED,ab14281a-0474-49c6-9da7-f42d6df322f5,2ff6e817-2817-444f-8825-664023d9d687,c5,c4,2474,p2,?,
1769449535.8358047,RECEIVED,724df53b-3e62-4c89-b224-65e5cffce0ba,37b55215-e2c3-4718-bc74-44b997e663b9,c1,DROP,1441,p1,?,
1769449535.8954022,SENT,724df53b-3e62-4c89-b224-65e5cffce0ba,37b55215-e2c3-4718-bc74-44b997e663b9,c1,DROP,1007,?,i4,
1769449535.89544,FORWARDED,724df53b-3e62-4c89-b224-65e5cffce0ba,37b55215-e2c3-4718-bc74-44b997e663b9,c1,DROP,1007,?,i4,
1769449535.948181,SENT,3953ca9c-e04a-4c9d-b4e3-8dae2d784319,4f011cc3-d695-4c61-adc8-6f8550621564,c3,DROP,1011,?,i4,
1769449535.9482214,FORWARDED,3953ca9c-e04a-4c9d-b4e3-8dae2d784319,4f011cc3-d695-4c61-adc8-6f8550621564,c3,DROP,1011,?,i4,
1769449535.9654045,RECEIVED,e934ebd4-05f1-4477-9a66-15afe80f1fed,50676f10-90a0-4bbe-be09-57f4ef24743d,c5,c4,2447,p2,?,
1769449536.133123,RECEIVED,15e5c161-4b1e-4be4-bd6b-b9bc0e0e85e5,0b4395c2-f664-4d73-a6d3-e57f3693bbc7,c5,DROP,441,x3,?,
1769449536.2931356,SENT,8bc2e1d7-1ceb-44d8-b457-d833e1adc185,b2095630-89a6-4c82-8363-107bab9a2cf5,c3,c5,1776,?,i7,
1769449536.2931793,FORWARDED,8bc2e1d7-1ceb-44d8-b457-d833e1adc185,b2095630-89a6-4c82-8363-107bab9a2cf5,c3,c5,1776,?,i7,
1769449536.4250412,RECEIVED,bc17020c-6ce9-47b3-9556-c2c5e0df7eb8,a2b6ac46-2e66-4c47-badc-277bb810abf5,c5,DROP,441,x9,?,
1769449536.6733809,RECEIVED,97552240-0a42-4d21-b028-fc4ca85b46c4,d10c2f91-6812-4b54-b110-5cdcabf056fa,c4,DROP,441,x2,?,
1769449536.7177832,SENT,e934ebd4-05f1-4477-9a66-15afe80f1fed,50676f10-90a0-4bbe-be09-57f4ef24743d,c5,c4,1764,?,i7,
1769449536.7178268,FORWARDED,e934ebd4-05f1-4477-9a66-15afe80f1fed,50676f10-90a0-4bbe-be09-57f4ef24743d,c5,c4,1764,?,i7,
1769449536.7514868,SENT,d598cae0-f370-4c96-9eef-56adb8c9bc64,b2977a5d-a6ce-4e7a-8841-b4cf63f276c3,c1,DROP,1015,?,i3,
1769449536.751527,FORWARDED,d598cae0-f370-4c96-9eef-56adb8c9bc64,b2977a5d-a6ce-4e7a-8841-b4cf63f276c3,c1,DROP,1015,?,i3,
1769449536.7985399,RECEIVED,36032c99-f610-4c6f-83ae-4beca800f48c,b827fde7-5079-435c-ab17-0e8544ef01d5,c3,DROP,1439,p3,?,
1769449537.0010707,RECEIVED,d16f6b88-031a-4058-8261-30a74c3e7b42,3e5ec40f-a75b-4f54-bfc0-3b5a165f83c2,c1,c3,2467,p1,?,
1769449537.183529,SENT,ab14281a-0474-49c6-9da7-f42d6df322f5,2ff6e817-2817-444f-8825-664023d9d687,c5,c4,1785,?,i8,
1769449537.1835723,FORWARDED,ab14281a-0474-49c6-9da7-f42d6df322f5,2ff6e817-2817-444f-8825-664023d9d687,c5,c4,1785,?,i8,
1769449537.250465,RECEIVED,c1fe6246-1656-452d-b633-8d3afa36ca5b,f6159780-0dbc-471b-b614-99f7a8ac42e2,c5,DROP,1445,p2,?,
1769449537.2864163,SENT,c1fe6246-1656-452d-b633-8d3afa36ca5b,f6159780-0dbc-471b-b614-99f7a8ac42e2,c5,DROP,1009,?,i1,
1769449537.2864587,FORWARDED,c1fe6246-1656-452d-b633-8d3afa36ca5b,f6159780-0dbc-471b-b614-99f7a8ac42e2,c5,DROP,1009,?,i1,
1769449537.472148,RECEIVED,5b31b9d9-d1e8-4daf-a50d-564563a680f5,86b8b3a0-a7ed-402a-bdbb-5cf5f4508ce9,c3,DROP,1448,p3,?,
1769449537.5735903,SENT,5b31b9d9-d1e8-4daf-a50d-564563a680f5,86b8b3a0-a7ed-402a-bdbb-5cf5f4508ce9,c3,DROP,1012,?,i6,
1769449537.5736315,FORWARDED,5b31b9d9-d1e8-4daf-a50d-564563a680f5,86b8b3a0-a7ed-402a-bdbb-5cf5f4508ce9,c3,DROP,1012,?,i6,
1769449537.6403968,RECEIVED,d559375a-0f5b-44a2-95ed-cc6da7bfb22f,66369ab6-2fa3-4239-ac0c-c5465126f7c3,c1,DROP,440,x7,?,
1769449537.6805203,SENT,d16f6b88-031a-4058-8261-30a74c3e7b42,3e5ec40f-a75b-4f54-bfc0-3b5a165f83c2,c1,c3,1778,?,i2,
1769449537.6805625,FORWARDED,d16f6b88-031a-4058-8261-30a74c3e7b42,3e5ec40f-a75b-4f54-bfc0-3b5a165f83c2,c1,c3,1778,?,i2,
1769449537.7661083,RECEIVED,923b636f-be87-4961-9562-0eab43b2e1fd,c2c60a4b-889e-44aa-a8b3-c85ccbfba32b,c3,c5,2472,p3,?,
1769449538.0081434,RECEIVED,51b3c2bf-c621-41c7-a597-3ae9edecb9f1,ab31511c-a645-49c0-8f8f-c6f516c9920d,c1,DROP,1439,p1,?,
1769449538.0161672,RECEIVED,27366355-e30a-4877-a316-173e81ee32a7,380ff0d3-ed57-4995-b1b1-919eaa9e5ea1,c5,DROP,441,x1,?,
1769449538.05325,SENT,51b3c2bf-c621-41c7-a597-3ae9edecb9f1,ab31511c-a645-49c0-8f8f-c6f516c9920d,c1,DROP,1008,?,i1,
1769449538.0532916,FORWARDED,51b3c2bf-c621-41c7-a597-3ae9edecb9f1,ab31511c-a645-49c0-8f8f-c6f516c9920d,c1,DROP,1008,?,i1,
1769449538.1574697,RECEIVED,1c26549d-e624-4eab-b057-f45837633fce,5b184cd4-832c-4c74-a872-2d6f7b51af8f,c2,c1,2447,p2,?,
1769449538.2594886,RECEIVED,db6f0323-ba03-452e-ae07-4a798372154b,d56e09a0-3f26-45f8-a413-fa4d8c7273f2,c1,DROP,1443,p1,?,
1769449538.316341,RECEIVED,a03687be-4e15-4996-903f-68d7740d3edd,61baa283-5545-4004-9abf-9230111e79fd,c4,c5,2464,p1,?,
1769449538.3607733,RECEIVED,914f7ea7-fd42-4e81-827a-16239266ebb5,05b8963a-498c-4bc2-bd10-27ef21bac7ad,c3,c5,2473,p3,?,
1769449538.3871984,SENT,a03687be-4e15-4996-903f-68d7740d3edd,61baa283-5545-4004-9abf-9230111e79fd,c4,c5,1775,?,i6,
1769449538.387434,FORWARDED,a03687be-4e15-4996-903f-68d7740d3edd,61baa283-5545-4004-9abf-9230111e79fd,c4,c5,1775,?,i6,
1769449538.3970754,RECEIVED,4e073e2f-2eea-4404-90af-035e2e656d5c,7395b50f-7e24-4648-9ecf-3fbb40b79e3f,c5,DROP,1448,p2,?,
1769449538.4748235,RECEIVED,cd24ddb8-9387-46cd-9cb9-b46f6be95079,30e10552-d9e2-4b64-bd83-c48af9b2bcf8,c4,DROP,441,x12,?,
1769449538.4863927,SENT,923b636f-be87-4961-9562-0eab43b2e1fd,c2c60a4b-889e-44aa-a8b3-c85ccbfba32b,c3,c5,1780,?,i12,
1769449538.4864347,FORWARDED,923b636f-be87-4961-9562-0eab43b2e1fd,c2c60a4b-889e-44aa-a8b3-c85ccbfba32b,c3,c5,1780,?,i12,
1769449538.5076818,SENT,914f7ea7-fd42-4e81-827a-16239266ebb5,05b8963a-498c-4bc2-bd10-27ef21bac7ad,c3,c5,1780,?,i10,
1769449538.5077205,FORWARDED,914f7ea7-fd42-4e81-827a-16239266ebb5,05b8963a-498c-4bc2-bd10-27ef21bac7ad,c3,c5,1780,?,i10,
1769449538.6174228,RECEIVED,8d0156ac-a39e-4d2b-8be6-a65d9f0ef2cc,27a8eded-a8d2-46de-94fa-8b69f8140cc0,c1,c3,2464,p1,?,
1769449538.681023,SENT,4e073e2f-2eea-4404-90af-035e2e656d5c,7395b50f-7e24-4648-9ecf-3fbb40b79e3f,c5,DROP,1012,?,i9,
1769449538.6810906,FORWARDED,4e073e2f-2eea-4404-90af-035e2e656d5c,7395b50f-7e24-4648-9ecf-3fbb40b79e3f,c5,DROP,1012,?,i9,
1769449538.9089882,SENT,db6f0323-ba03-452e-ae07-4a798372154b,d56e09a0-3f26-45f8-a413-fa4d8c7273f2,c1,DROP,1011,?,i2,
1769449538.9090283,FORWARDED,db6f0323-ba03-452e-ae07-4a798372154b,d56e09a0-3f26-45f8-a413-fa4d8c7273f2,c1,DROP,1011,?,i2,
1769449538.976532,SENT,8d0156ac-a39e-4d2b-8be6-a65d9f0ef2cc,27a8eded-a8d2-46de-94fa-8b69f8140cc0,c1,c3,1775,?,i11,
1769449538.976574,FORWARDED,8d0156ac-a39e-4d2b-8be6-a65d9f0ef2cc,27a8eded-a8d2-46de-94fa-8b69f8140cc0,c1,c3,1775,?,i11,
1769449539.0024054,SENT,36032c99-f610-4c6f-83ae-4beca800f48c,b827fde7-5079-435c-ab17-0e8544ef01d5,c3,DROP,1008,?,i11,
1769449539.0024483,FORWARDED,36032c99-f610-4c6f-83ae-4beca800f48c,b827fde7-5079-435c-ab17-0e8544ef01d5,c3,DROP,1008,?,i11,
1769449539.0595815,SENT,1c26549d-e624-4eab-b057-f45837633fce,5b184cd4-832c-4c74-a872-2d6f7b51af8f,c2,c1,1764,?,i4,
1769449539.0596213,FORWARDED,1c26549d-e624-4eab-b057-f45837633fce,5b184cd4-832c-4c74-a872-2d6f7b51af8f,c2,c1,1764,?,i4,
1769449539.2811255,RECEIVED,6a9e1a82-4034-4d13-8fa7-0124c01f694e,81b0badf-61a9-473e-abfa-6e1230a57981,c2,DROP,1448,p2,?,
1769449539.3104658,SENT,6a9e1a82-4034-4d13-8fa7-0124c01f694e,81b0badf-61a9-473e-abfa-6e1230a57981,c2,DROP,1014,?,i4,
1769449539.310505,FORWARDED,6a9e1a82-4034-4d13-8fa7-0124c01f694e,81b0badf-61a9-473e-abfa-6e1230a57981,c2,DROP,1014,?,i4,
1769449539.4603033,RECEIVED,a78f6d4d-2b94-40ff-b27d-37b6a6a3c56e,8dcde06f-7c8b-4ce4-9170-9542dae39f74,c5,DROP,441,x8,?,
1769449539.4987836,RECEIVED,36a6bda1-07bd-43db-a322-ea49dcc4e254,9ae06606-06f3-4236-bcda-feaa9b51d5d3,c1,DROP,441,x3,?,
1769449539.5270045,RECEIVED,697ab88c-5a5d-449c-90c8-a6d128d643e2,5958006d-2ad7-4a67-9137-0402eb18cf51,c2,DROP,1452,p2,?,
1769449539.9017854,RECEIVED,08fa5646-dd9c-44e0-93e4-7aa482c9b939,3c439b55-d38f-4d4b-a18d-4e4e6035501d,c3,c5,2470,p3,?,
1769449539.963425,SENT,697ab88c-5a5d-449c-90c8-a6d128d643e2,5958006d-2ad7-4a67-9137-0402eb18cf51,c2,DROP,1015,?,i4,
1769449539.9634652,FORWARDED,697ab88c-5a5d-449c-90c8-a6d128d643e2,5958006d-2ad7-4a67-9137-0402eb18cf51,c2,DROP,1015,?,i4,
1769449540.1743586,RECEIVED,299cf2ad-8cf7-47a6-b3c0-20607755bc3f,615968d6-f550-4552-aa00-bd5d16180522,c2,c1,2447,p2,?,
1769449540.503703,RECEIVED,ad7541c7-dfa0-44ef-9106-49cea63c1e0c,8469868c-63e8-4b60-90f2-a00611e28f35,c1,DROP,441,x8,?,
1769449540.729786,RECEIVED,926a2d2b-cbbd-4564-aaa5-4425dd7dde7e,5fc6a1ba-44f7-483a-bbae-fb61e7df527c,c4,c5,2458,p1,?,
1769449540.7324703,RECEIVED,05cb855f-306c-4951-ad8d-90b7df2540f2,61a318e3-2bee-4e36-ab97-c045e69a15a6,c3,DROP,1444,p3,?,
1769449540.7352927,RECEIVED,d4190de9-730c-4456-93f2-2b8cc9442621,f479ef4c-4516-41e0-bba9-867d4ebdfa54,c1,c3,2475,p1,?,
1769449540.8204093,RECEIVED,22dbeb14-f858-46fe-9790-bf7e50f4b987,c74c1a8a-dfe7-4e5c-b40b-4ec389663ca8,c4,DROP,1449,p1,?,
1769449540.8375015,RECEIVED,b50ce3eb-e5be-456a-914a-29edae9e7b82,9b54f290-b2ce-412e-9c86-90a0aefda6a9,c5,DROP,1439,p2,?,
1769449540.8441694,SENT,22dbeb14-f858-46fe-9790-bf7e50f4b987,c74c1a8a-dfe7-4e5c-b40b-4ec389663ca8,c4,DROP,1013,?,i5,
1769449540.8442142,FORWARDED,22dbeb14-f858-46fe-9790-bf7e50f4b987,c74c1a8a-dfe7-4e5c-b40b-4ec389663ca8,c4,DROP,1013,?,i5,
1769449540.8459017,SENT,299cf2ad-8cf7-47a6-b3c0-20607755bc3f,615968d6-f550-4552-aa00-bd5d16180522,c2,c1,1763,?,i2,
1769449540.845942,FORWARDED,299cf2ad-8cf7-47a6-b3c0-20607755bc3f,615968d6-f550-4552-aa00-bd5d16180522,c2,c1,1763,?,i2,
1769449540.904948,SENT,05cb855f-306c-4951-ad8d-90b7df2540f2,61a318e3-2bee-4e36-ab97-c045e69a15a6,c3,DROP,1011,?,i10,
1769449540.9049885,FORWARDED,05cb855f-306c-4951-ad8d-90b7df2540f2,61a318e3-2bee-4e36-ab97-c045e69a15a6,c3,DROP,1011,?,i10,
1769449541.004565,RECEIVED,e24187e5-6771-4462-a6c4-b485f1074716,211dadc8-3027-44dc-b2e5-838918a667e0,c3,c5,2468,p3,?,
1769449541.081518,SENT,e24187e5-6771-4462-a6c4-b485f1074716,211dadc8-3027-44dc-b2e5-838918a667e0,c3,c5,1779,?,i7,
1769449541.0815604,FORWARDED,e24187e5-6771-4462-a6c4-b485f1074716,211dadc8-3027-44dc-b2e5-838918a667e0,c3,c5,1779,?,i7,
1769449541.2157066,RECEIVED,967c971d-6c2a-401d-bbcb-5ce54e3fedad,6f158be0-ea62-4cd2-9b62-1ec1c7928e02,c2,DROP,1448,p2,?,
1769449541.2846975,SENT,967c971d-6c2a-401d-bbcb-5ce54e3fedad,6f158be0-ea62-4cd2-9b62-1ec1c7928e02,c2,DROP,1012,?,i3,
1769449541.2847397,FORWARDED,967c971d-6c2a-401d-bbcb-5ce54e3fedad,6f158be0-ea62-4cd2-9b62-1ec1c7928e02,c2,DROP,1012,?,i3,
1769449541.2913926,SENT,d4190de9-730c-4456-93f2-2b8cc9442621,f479ef4c-4516-41e0-bba9-867d4ebdfa54,c1,c3,1784,?,i5,
1769449541.2914364,FORWARDED,d4190de9-730c-4456-93f2-2b8cc9442621,f479ef4c-4516-41e0-bba9-867d4ebdfa54,c1,c3,1784,?,i5,
1769449541.398441,RECEIVED,eab4e236-cf86-45a3-a783-e1b72ec799f3,1bea4372-4dd3-4e9d-be7a-51c5abfd3d8a,c5,DROP,1451,p2,?,
1769449541.4000373,SENT,08fa5646-dd9c-44e0-93e4-7aa482c9b939,3c439b55-d38f-4d4b-a18d-4e4e6035501d,c3,c5,1780,?,i7,
1769449541.400192,FORWARDED,08fa5646-dd9c-44e0-93e4-7aa482c9b939,3c439b55-d38f-4d4b-a18d-4e4e6035501d,c3,c5,1780,?,i7,
1769449541.4130447,RECEIVED,c5bf3d02-0e4c-4af6-a688-fbcc7ef21d1d,285c5f98-be54-45fe-a1aa-ba140b72d945,c5,c4,2468,p2,?,
1769449541.413228,RECEIVED,f1f7f2b2-a811-430e-b628-3c7607bd7d6e,a5760a74-16ea-4ff7-8125-f464daf3f6ef,c4,DROP,442,x4,?,
1769449541.4136074,SENT,eab4e236-cf86-45a3-a783-e1b72ec799f3,1bea4372-4dd3-4e9d-be7a-51c5abfd3d8a,c5,DROP,1013,?,i11,
1769449541.4138343,FORWARDED,eab4e236-cf86-45a3-a783-e1b72ec799f3,1bea4372-4dd3-4e9d-be7a-51c5abfd3d8a,c5,DROP,1013,?,i11,
1769449541.4159298,SENT,926a2d2b-cbbd-4564-aaa5-4425dd7dde7e,5fc6a1ba-44f7-483a-bbae-fb61e7df527c,c4,c5,1772,?,i6,
1769449541.4159722,FORWARDED,926a2d2b-cbbd-4564-aaa5-4425dd7dde7e,5fc6a1ba-44f7-483a-bbae-fb61e7df527c,c4,c5,1772,?,i6,
1769449541.520427,RECEIVED,c8905c11-4620-4c93-8675-473869e96496,2bd16d38-d013-42cd-a30b-f3f46641dae9,c2,DROP,1437,p2,?,
1769449541.6712182,SENT,c8905c11-4620-4c93-8675-473869e96496,2bd16d38-d013-42cd-a30b-f3f46641dae9,c2,DROP,1005,?,i12,
1769449541.67126,FORWARDED,c8905c11-4620-4c93-8675-473869e96496,2bd16d38-d013-42cd-a30b-f3f46641dae9,c2,DROP,1005,?,i12,
1769449541.7415373,SENT,b50ce3eb-e5be-456a-914a-29edae9e7b82,9b54f290-b2ce-412e-9c86-90a0aefda6a9,c5,DROP,1008,?,i7,
1769449541.7415793,FORWARDED,b50ce3eb-e5be-456a-914a-29edae9e7b82,9b54f290-b2ce-412e-9c86-90a0aefda6a9,c5,DROP,1008,?,i7,
1769449541.855263,RECEIVED,8eef4c7f-a76a-42cf-8aa1-58e31544eec4,dbfea876-fd19-4348-bd7c-2f631b2334ac,c1,DROP,1443,p1,?,
1769449541.8750143,RECEIVED,3f8eeba9-d8d3-4693-b951-c33d090703f1,29581872-1ae5-40af-a257-521d75229998,c2,DROP,1440,p2,?,
1769449541.8872628,RECEIVED,0ecc25c7-de84-47a7-b563-8aa4d8559cc7,b905a14f-ba01-4985-b836-f1b540692102,c5,c4,2476,p2,?,
1769449541.9778574,SENT,0ecc25c7-de84-47a7-b563-8aa4d8559cc7,b905a14f-ba01-4985-b836-f1b540692102,c5,c4,1785,?,i6,
1769449541.9778938,FORWARDED,0ecc25c7-de84-47a7-b563-8aa4d8559cc7,b905a14f-ba01-4985-b836-f1b540692102,c5,c4,1785,?,i6,
1769449542.0012605,RECEIVED,5342039d-660a-40ad-be17-d75d9e0e2ddd,7171b340-f43a-4227-a56a-d9719776d3ea,c5,c4,2475,p2,?,
1769449542.0536935,SENT,3f8eeba9-d8d3-4693-b951-c33d090703f1,29581872-1ae5-40af-a257-521d75229998,c2,DROP,1007,?,i3,
1769449542.0537362,FORWARDED,3f8eeba9-d8d3-4693-b951-c33d090703f1,29581872-1ae5-40af-a257-521d75229998,c2,DROP,1007,?,i3,
1769449542.1154318,RECEIVED,325e0e2f-8c7e-4599-9409-3224801c134a,a70c9cda-cbb8-4db2-a6ad-6f127aab5203,c4,DROP,1460,p1,?,
1769449542.1641228,RECEIVED,ca805f01-b13c-4e73-b66f-8ae9eada9fc6,b9487983-cb70-4098-b913-7c8de9f95206,c2,c1,2475,p2,?,
1769449542.5136602,RECEIVED,31560f0e-6c6b-4b3d-a045-6bc6eff7d56e,50ef30e5-ba73-4423-904d-87b6c623eedd,c4,DROP,441,x4,?,
1769449542.52002,SENT,325e0e2f-8c7e-4599-9409-3224801c134a,a70c9cda-cbb8-4db2-a6ad-6f127aab5203,c4,DROP,1021,?,i7,
1769449542.5206017,FORWARDED,325e0e2f-8c7e-4599-9409-3224801c134a,a70c9cda-cbb8-4db2-a6ad-6f127aab5203,c4,DROP,1021,?,i7,
1769449542.5742202,SENT,c5bf3d02-0e4c-4af6-a688-fbcc7ef21d1d,285c5f98-be54-45fe-a1aa-ba140b72d945,c5,c4,1778,?,i10,
1769449542.574255,FORWARDED,c5bf3d02-0e4c-4af6-a688-fbcc7ef21d1d,285c5f98-be54-45fe-a1aa-ba140b72d945,c5,c4,1778,?,i10,
1769449542.6158395,SENT,8eef4c7f-a76a-42cf-8aa1-58e31544eec4,dbfea876-fd19-4348-bd7c-2f631b2334ac,c1,DROP,1011,?,i1,
1769449542.6158834,FORWARDED,8eef4c7f-a76a-42cf-8aa1-58e31544eec4,dbfea876-fd19-4348-bd7c-2f631b2334ac,c1,DROP,1011,?,i1,
1769449542.7045128,RECEIVED,ae7c35ca-f1f2-41e0-aca6-def33dd0ad9c,242febf7-3f8c-4c04-93df-27aacc4623be,c1,c3,2456,p1,?,
1769449542.764006,SENT,ca805f01-b13c-4e73-b66f-8ae9eada9fc6,b9487983-cb70-4098-b913-7c8de9f95206,c2,c1,1783,?,i11,
1769449542.764067,FORWARDED,ca805f01-b13c-4e73-b66f-8ae9eada9fc6,b9487983-cb70-4098-b913-7c8de9f95206,c2,c1,1783,?,i11,
1769449542.7731447,RECEIVED,15f38ae9-70f0-4882-90df-e4936f259a6b,9beb2e56-7506-4147-ad75-34386542a688,c4,DROP,1444,p1,?,
1769449542.835693,RECEIVED,8fb49905-b739-461c-8edd-b7f1fb976ecc,63029be8-2483-4333-9ad5-22d76b1d789d,c4,c5,2471,p1,?,
1769449542.8726025,RECEIVED,9a9dac97-b101-426e-9fe7-b8ac0b234919,c9ce8706-8d2c-47e5-aaed-4b0b570a7a10,c1,c3,2447,p1,?,
1769449542.8737152,SENT,15f38ae9-70f0-4882-90df-e4936f259a6b,9beb2e56-7506-4147-ad75-34386542a688,c4,DROP,1009,?,i10,
1769449542.8737588,FORWARDED,15f38ae9-70f0-4882-90df-e4936f259a6b,9beb2e56-7506-4147-ad75-34386542a688,c4,DROP,1009,?,i10,
1769449542.8792665,RECEIVED,0238f896-4437-46b6-b71f-534479458704,b11ede0c-5625-4534-9120-386f38b0ec15,c4,c5,2460,p1,?,
1769449542.9574492,SENT,0238f896-4437-46b6-b71f-534479458704,b11ede0c-5625-4534-9120-386f38b0ec15,c4,c5,1772,?,i2,
1769449542.9574928,FORWARDED,0238f896-4437-46b6-b71f-534479458704,b11ede0c-5625-4534-9120-386f38b0ec15,c4,c5,1772,?,i2,
1769449542.9742239,SENT,ae7c35ca-f1f2-41e0-aca6-def33dd0ad9c,242febf7-3f8c-4c04-93df-27aacc4623be,c1,c3,1770,?,i5,
1769449542.974709,FORWARDED,ae7c35ca-f1f2-41e0-aca6-def33dd0ad9c,242febf7-3f8c-4c04-93df-27aacc4623be,c1,c3,1770,?,i5,
1769449542.9891891,RECEIVED,826bc8a1-cdac-4122-a9c7-58364791561f,4ce890ae-2599-4353-b20b-6e4f848f6519,c2,c1,2448,p2,?,
1769449543.2192388,SENT,826bc8a1-cdac-4122-a9c7-58364791561f,4ce890ae-2599-4353-b20b-6e4f848f6519,c2,c1,1763,?,i11,
1769449543.2192736,FORWARDED,826bc8a1-cdac-4122-a9c7-58364791561f,4ce890ae-2599-4353-b20b-6e4f848f6519,c2,c1,1763,?,i11,
1769449543.2920253,RECEIVED,2fb724f8-aefa-4981-8143-0f287f3b4971,1e486ccc-3194-4a59-9ab6-46c960e8b14d,c4,c5,2455,p1,?,
1769449543.4163115,SENT,2fb724f8-aefa-4981-8143-0f287f3b4971,1e486ccc-3194-4a59-9ab6-46c960e8b14d,c4,c5,1770,?,i6,
1769449543.4163525,FORWARDED,2fb724f8-aefa-4981-8143-0f287f3b4971,1e486ccc-3194-4a59-9ab6-46c960e8b14d,c4,c5,1770,?,i6,
1769449543.4787402,SENT,9a9dac97-b101-426e-9fe7-b8ac0b234919,c9ce8706-8d2c-47e5-aaed-4b0b570a7a10,c1,c3,1763,?,i6,
1769449543.4788032,FORWARDED,9a9dac97-b101-426e-9fe7-b8ac0b234919,c9ce8706-8d2c-47e5-aaed-4b0b570a7a10,c1,c3,1763,?,i6,
1769449543.8084624,SENT,5342039d-660a-40ad-be17-d75d9e0e2ddd,7171b340-f43a-4227-a56a-d9719776d3ea,c5,c4,1783,?,i6,
1769449543.8085024,FORWARDED,5342039d-660a-40ad-be17-d75d9e0e2ddd,7171b340-f43a-4227-a56a-d9719776d3ea,c5,c4,1783,?,i6,
1769449543.8338144,RECEIVED,b7ea85bf-feb5-4f40-b46e-20e66e32b749,1beb3a7f-d137-493b-9bc8-74d469a0bd15,c2,DROP,1452,p2,?,
1769449543.9678137,RECEIVED,e8a00019-baf3-400a-98f2-f1d14efb5b93,e9101c70-8fea-4d31-a0c6-81769964e0ae,c4,c5,2474,p1,?,
1769449543.9884088,SENT,b7ea85bf-feb5-4f40-b46e-20e66e32b749,1beb3a7f-d137-493b-9bc8-74d469a0bd15,c2,DROP,1016,?,i5,
1769449543.9884508,FORWARDED,b7ea85bf-feb5-4f40-b46e-20e66e32b749,1beb3a7f-d137-493b-9bc8-74d469a0bd15,c2,DROP,1016,?,i5,
1769449544.1093662,RECEIVED,9dab7e65-8478-48df-8321-243185fc16ba,567c0b06-0099-47ce-981e-4c6ea3d37e15,c3,c5,2455,p3,?,
1769449544.1370091,RECEIVED,d75dae71-82ab-4b82-9b2a-8f688d214a30,a2c4101a-68f4-4fbf-ba49-eac6498648de,c1,DROP,1453,p1,?,
1769449544.1452658,RECEIVED,77628ab4-e537-4a35-95b2-faa816c33dda,31a5aace-7234-472e-b490-a44096439e7a,c1,DROP,1448,p1,?,
1769449544.20052,RECEIVED,77369c40-4ccc-45cc-a098-8040344a98c2,339dea6a-bfb1-4dd6-ab97-f51079b546d2,c4,DROP,1461,p1,?,
1769449544.224855,SENT,d75dae71-82ab-4b82-9b2a-8f688d214a30,a2c4101a-68f4-4fbf-ba49-eac6498648de,c1,DROP,1016,?,i12,
1769449544.2248952,FORWARDED,d75dae71-82ab-4b82-9b2a-8f688d214a30,a2c4101a-68f4-4fbf-ba49-eac6498648de,c1,DROP,1016,?,i12,
1769449544.3615005,RECEIVED,557c0299-ff78-426e-bfb4-7af55a247ac8,b023867d-34a9-4919-a0c7-ebcb14f96a18,c4,c5,2450,p1,?,
1769449544.3618815,SENT,77628ab4-e537-4a35-95b2-faa816c33dda,31a5aace-7234-472e-b490-a44096439e7a,c1,DROP,1013,?,i5,
1769449544.3619163,FORWARDED,77628ab4-e537-4a35-95b2-faa816c33dda,31a5aace-7234-472e-b490-a44096439e7a,c1,DROP,1013,?,i5,
1769449544.3859055,SENT,557c0299-ff78-426e-bfb4-7af55a247ac8,b023867d-34a9-4919-a0c7-ebcb14f96a18,c4,c5,1763,?,i10,
1769449544.3859448,FORWARDED,557c0299-ff78-426e-bfb4-7af55a247ac8,b023867d-34a9-4919-a0c7-ebcb14f96a18,c4,c5,1763,?,i10,
1769449544.4229019,RECEIVED,a4c9e746-d413-4e0a-b36d-9b2241588444,f14ef26e-1c64-468f-bae1-37c20cd936fe,c2,DROP,445,x10,?,
1769449544.483305,RECEIVED,0267e9e8-c0ba-4fca-9cf5-5c903931996c,dae2ba4f-2d59-4b6c-abc6-8365d28de1ee,c5,DROP,441,x6,?,
1769449544.5949779,SENT,77369c40-4ccc-45cc-a098-8040344a98c2,339dea6a-bfb1-4dd6-ab97-f51079b546d2,c4,DROP,1021,?,i11,
1769449544.595019,FORWARDED,77369c40-4ccc-45cc-a098-8040344a98c2,339dea6a-bfb1-4dd6-ab97-f51079b546d2,c4,DROP,1021,?,i11,
1769449544.611118,RECEIVED,50873424-6ac9-4882-8757-9c1e7f6ffc46,1f055956-5b88-49ed-a569-1f9d72969fbf,c5,c4,2465,p2,?,
1769449544.6133091,RECEIVED,435b5512-5aa1-49b7-bf74-80697744cb97,4be0e31c-ea1c-4251-b9d2-790410fc7ed8,c4,DROP,442,x1,?,
1769449544.6871815,RECEIVED,1161b6bd-a60a-48c4-b6de-3b7bbc8e727a,3799e770-ef7b-4cd3-a5e3-2e7d78d21528,c4,DROP,1441,p1,?,
1769449544.69275,SENT,50873424-6ac9-4882-8757-9c1e7f6ffc46,1f055956-5b88-49ed-a569-1f9d72969fbf,c5,c4,1775,?,i11,
1769449544.6927903,FORWARDED,50873424-6ac9-4882-8757-9c1e7f6ffc46,1f055956-5b88-49ed-a569-1f9d72969fbf,c5,c4,1775,?,i11,
1769449544.724908,SENT,1161b6bd-a60a-48c4-b6de-3b7bbc8e727a,3799e770-ef7b-4cd3-a5e3-2e7d78d21528,c4,DROP,1008,?,i6,
1769449544.7249534,FORWARDED,1161b6bd-a60a-48c4-b6de-3b7bbc8e727a,3799e770-ef7b-4cd3-a5e3-2e7d78d21528,c4,DROP,1008,?,i6,
1769449544.7261283,RECEIVED,14150f9f-27bf-410c-82fe-1a885636d47d,0ff7b693-1c61-4479-8c93-eb85522b2741,c4,DROP,1451,p1,?,
1769449544.7664666,SENT,8fb49905-b739-461c-8edd-b7f1fb976ecc,63029be8-2483-4333-9ad5-22d76b1d789d,c4,c5,1780,?,i7,
1769449544.7665076,FORWARDED,8fb49905-b739-461c-8edd-b7f1fb976ecc,63029be8-2483-4333-9ad5-22d76b1d789d,c4,c5,1780,?,i7,
1769449544.785796,RECEIVED,c1112eb2-7dec-45ac-bc1b-af9e81d52941,307fa356-bc74-40ba-8fde-b66636e39056,c1,c3,2456,p1,?,
1769449544.9176412,SENT,e8a00019-baf3-400a-98f2-f1d14efb5b93,e9101c70-8fea-4d31-a0c6-81769964e0ae,c4,c5,1784,?,i7,
1769449544.9176793,FORWARDED,e8a00019-baf3-400a-98f2-f1d14efb5b93,e9101c70-8fea-4d31-a0c6-81769964e0ae,c4,c5,1784,?,i7,
1769449545.0237381,RECEIVED,383c376e-047e-426d-853d-ba482414bee8,02086862-d81b-4a9b-8815-efbe921c7584,c2,DROP,1439,p2,?,
1769449545.049056,SENT,c1112eb2-7dec-45ac-bc1b-af9e81d52941,307fa356-bc74-40ba-8fde-b66636e39056,c1,c3,1770,?,i7,
1769449545.0491006,FORWARDED,c1112eb2-7dec-45ac-bc1b-af9e81d52941,307fa356-bc74-40ba-8fde-b66636e39056,c1,c3,1770,?,i7,
1769449545.2635064,SENT,14150f9f-27bf-410c-82fe-1a885636d47d,0ff7b693-1c61-4479-8c93-eb85522b2741,c4,DROP,1016,?,i9,
1769449545.2635455,FORWARDED,14150f9f-27bf-410c-82fe-1a885636d47d,0ff7b693-1c61-4479-8c93-eb85522b2741,c4,DROP,1016,?,i9,
1769449545.334334,SENT,9dab7e65-8478-48df-8321-243185fc16ba,567c0b06-0099-47ce-981e-4c6ea3d37e15,c3,c5,1768,?,i5,
1769449545.3343747,FORWARDED,9dab7e65-8478-48df-8321-243185fc16ba,567c0b06-0099-47ce-981e-4c6ea3d37e15,c3,c5,1768,?,i5,
1769449545.3602188,SENT,383c376e-047e-426d-853d-ba482414bee8,02086862-d81b-4a9b-8815-efbe921c7584,c2,DROP,1008,?,i3,
1769449545.3602583,FORWARDED,383c376e-047e-426d-853d-ba482414bee8,02086862-d81b-4a9b-8815-efbe921c7584,c2,DROP,1008,?,i3,
1769449545.7004027,RECEIVED,c6b47e10-3360-414d-b963-bdd2cbbdf0e3,0eb9c179-b652-44c1-ad1e-73b8a738580a,c1,c3,2449,p1,?,
1769449545.710742,SENT,c6b47e10-3360-414d-b963-bdd2cbbdf0e3,0eb9c179-b652-44c1-ad1e-73b8a738580a,c1,c3,1764,?,i2,
1769449545.7107854,FORWARDED,c6b47e10-3360-414d-b963-bdd2cbbdf0e3,0eb9c179-b652-44c1-ad1e-73b8a738580a,c1,c3,1764,?,i2,
1769449545.9687123,RECEIVED,52be6813-275c-4f4c-a86d-57ad2e8acf42,4ba31587-a2f1-4539-a234-8fdde3044b5e,c5,DROP,1444,p2,?,
1769449546.0549417,SENT,52be6813-275c-4f4c-a86d-57ad2e8acf42,4ba31587-a2f1-4539-a234-8fdde3044b5e,c5,DROP,1010,?,i9,
1769449546.0549831,FORWARDED,52be6813-275c-4f4c-a86d-57ad2e8acf42,4ba31587-a2f1-4539-a234-8fdde3044b5e,c5,DROP,1010,?,i9,
1769449546.1019592,RECEIVED,d315e1ae-690a-48be-9ca4-60f1d975ca7e,93c6a9e0-da46-4f94-93fe-e831ebcb8fbb,c4,DROP,1452,p1,?,
1769449546.145921,SENT,d315e1ae-690a-48be-9ca4-60f1d975ca7e,93c6a9e0-da46-4f94-93fe-e831ebcb8fbb,c4,DROP,1016,?,i1,
1769449546.1459625,FORWARDED,d315e1ae-690a-48be-9ca4-60f1d975ca7e,93c6a9e0-da46-4f94-93fe-e831ebcb8fbb,c4,DROP,1016,?,i1,
1769449546.2713017,RECEIVED,d3d4fca5-92b1-4d09-b043-26542b6fbe04,f2b494bc-57ed-44e8-8b2e-5601237b75f5,c1,DROP,1441,p1,?,
1769449546.2821972,SENT,d3d4fca5-92b1-4d09-b043-26542b6fbe04,f2b494bc-57ed-44e8-8b2e-5601237b75f5,c1,DROP,1008,?,i7,
1769449546.282239,FORWARDED,d3d4fca5-92b1-4d09-b043-26542b6fbe04,f2b494bc-57ed-44e8-8b2e-5601237b75f5,c1,DROP,1008,?,i7,
1769449546.3567555,RECEIVED,380c781c-56bc-4859-9002-1bdd15f4b353,94151424-5dcc-4470-aa8c-d6763321b939,c1,DROP,1447,p1,?,
1769449546.5296345,RECEIVED,719f5543-6f21-46de-8646-9eb84b7bbb30,1fe45c2c-8863-42e7-93fa-d6aab0fe31af,c4,DROP,1449,p1,?,
1769449546.7280788,SENT,380c781c-56bc-4859-9002-1bdd15f4b353,94151424-5dcc-4470-aa8c-d6763321b939,c1,DROP,1012,?,i4,
1769449546.7281215,FORWARDED,380c781c-56bc-4859-9002-1bdd15f4b353,94151424-5dcc-4470-aa8c-d6763321b939,c1,DROP,1012,?,i4,
1769449546.7905378,RECEIVED,711fe2c6-ce3a-4485-b25b-41c4cff661a6,a1aca034-5855-4770-925e-3fab29f5c16c,c1,c3,2471,p1,?,
1769449546.959133,SENT,719f5543-6f21-46de-8646-9eb84b7bbb30,1fe45c2c-8863-42e7-93fa-d6aab0fe31af,c4,DROP,1012,?,i11,
1769449546.9591753,FORWARDED,719f5543-6f21-46de-8646-9eb84b7bbb30,1fe45c2c-8863-42e7-93fa-d6aab0fe31af,c4,DROP,1012,?,i11,
1769449547.4260964,RECEIVED,68f40a65-7afd-499e-9db2-d8b263d59196,d551b3f4-bc26-4465-94fc-905d99f51a17,c1,c3,2448,p1,?,
1769449547.4618824,SENT,68f40a65-7afd-499e-9db2-d8b263d59196,d551b3f4-bc26-4465-94fc-905d99f51a17,c1,c3,1764,?,i4,
1769449547.4619224,FORWARDED,68f40a65-7afd-499e-9db2-d8b263d59196,d551b3f4-bc26-4465-94fc-905d99f51a17,c1,c3,1764,?,i4,
1769449547.54995,RECEIVED,f06ce347-e79d-436a-90bf-83cf7bb0df6a,855c8171-716d-4dcf-a0c5-a3c3a91d38ab,c1,DROP,1451,p1,?,
1769449547.8556228,RECEIVED,363981ae-6997-47c5-b961-0978ebd7a30a,7eea3beb-848e-4794-8bd5-c8e6e4c5a594,c3,DROP,1444,p3,?,
1769449547.8890722,RECEIVED,28029844-597a-478b-8f4c-1e52b4da762c,fb820ab6-1dda-465c-b665-fe0a14ed7bf2,c5,DROP,1448,p2,?,
1769449547.9775472,SENT,711fe2c6-ce3a-4485-b25b-41c4cff661a6,a1aca034-5855-4770-925e-3fab29f5c16c,c1,c3,1782,?,i7,
1769449547.9775825,FORWARDED,711fe2c6-ce3a-4485-b25b-41c4cff661a6,a1aca034-5855-4770-925e-3fab29f5c16c,c1,c3,1782,?,i7,
1769449547.988769,SENT,363981ae-6997-47c5-b961-0978ebd7a30a,7eea3beb-848e-4794-8bd5-c8e6e4c5a594,c3,DROP,1011,?,i5,
1769449547.9888103,FORWARDED,363981ae-6997-47c5-b961-0978ebd7a30a,7eea3beb-848e-4794-8bd5-c8e6e4c5a594,c3,DROP,1011,?,i5,
1769449548.0300295,RECEIVED,1b646d73-5407-473e-bb70-63f7206d65cf,b23b3f71-f0c6-4cf4-94a6-cd3a7ba523b9,c4,c5,2462,p1,?,
1769449548.3020227,RECEIVED,e277ea1e-280c-41b2-8326-9ecacf643943,a8bb57b3-0469-4322-9a94-a293b6886631,c2,DROP,441,x7,?,
1769449548.567892,SENT,28029844-597a-478b-8f4c-1e52b4da762c,fb820ab6-1dda-465c-b665-fe0a14ed7bf2,c5,DROP,1014,?,i10,
1769449548.5679321,FORWARDED,28029844-597a-478b-8f4c-1e52b4da762c,fb820ab6-1dda-465c-b665-fe0a14ed7bf2,c5,DROP,1014,?,i10,
1769449548.8979373,RECEIVED,ac06aafa-da2f-4470-bc7a-f5bf1635d46e,4fc701a0-3028-48ca-9b08-1d06b1d8ef7f,c1,c3,2451,p1,?,
1769449549.1270614,RECEIVED,a8d090a7-9aef-4ee6-b40d-2cc29a7960a2,370ba528-0d91-48fa-8262-bce646fa458c,c1,c3,2463,p1,?,
1769449549.214016,RECEIVED,290d41b8-1c75-47fe-be84-3c04df8bc563,e8953074-2e1a-4f30-9562-1dbbf8752852,c3,c5,2443,p3,?,
1769449549.4192998,SENT,1b646d73-5407-473e-bb70-63f7206d65cf,b23b3f71-f0c6-4cf4-94a6-cd3a7ba523b9,c4,c5,1775,?,i5,
1769449549.4193423,FORWARDED,1b646d73-5407-473e-bb70-63f7206d65cf,b23b3f71-f0c6-4cf4-94a6-cd3a7ba523b9,c4,c5,1775,?,i5,
1769449549.4229639,RECEIVED,10e4613f-8bcf-49a4-aa75-7c680743dadb,a4ff5839-4a93-4848-b51b-618e65e1dc50,c2,c1,2467,p2,?,
1769449549.4534206,SENT,a8d090a7-9aef-4ee6-b40d-2cc29a7960a2,370ba528-0d91-48fa-8262-bce646fa458c,c1,c3,1774,?,i6,
1769449549.4534557,FORWARDED,a8d090a7-9aef-4ee6-b40d-2cc29a7960a2,370ba528-0d91-48fa-8262-bce646fa458c,c1,c3,1774,?,i6,
1769449549.501068,RECEIVED,7b941e1a-5fc4-42b3-94b2-daeadb5e01b8,263c270e-8b05-48a4-b6a6-539cce7601b4,c3,DROP,1451,p3,?,
1769449549.6032991,RECEIVED,58767e86-933a-4af1-a7f5-1711da38b3a6,b6b7a40d-79b7-42d5-a5f2-e520f547e2aa,c4,DROP,1449,p1,?,
1769449549.6309538,RECEIVED,937eb431-709b-4e8c-8e4f-2345fba47983,f2eafa6a-3772-426a-9688-6400cbc4e0cc,c5,DROP,1439,p2,?,
1769449549.6957574,SENT,10e4613f-8bcf-49a4-aa75-7c680743dadb,a4ff5839-4a93-4848-b51b-618e65e1dc50,c2,c1,1779,?,i8,
1769449549.6958137,FORWARDED,10e4613f-8bcf-49a4-aa75-7c680743dadb,a4ff5839-4a93-4848-b51b-618e65e1dc50,c2,c1,1779,?,i8,
1769449549.7032404,RECEIVED,80f3aad2-0bea-4dc2-8005-7aec7b25cc9f,d15e2815-af89-4803-a13e-796584c21675,c3,DROP,1439,p3,?,
1769449549.7173264,RECEIVED,ff7e4947-dcdb-47ac-8eb8-ea83051bf6b3,b81736a7-3336-43c0-96a0-16172ecb6ac7,c5,c4,2460,p2,?,
1769449549.7393553,SENT,290d41b8-1c75-47fe-be84-3c04df8bc563,e8953074-2e1a-4f30-9562-1dbbf8752852,c3,c5,1759,?,i8,
1769449549.7393959,FORWARDED,290d41b8-1c75-47fe-be84-3c04df8bc563,e8953074-2e1a-4f30-9562-1dbbf8752852,c3,c5,1759,?,i8,
1769449549.7639074,SENT,58767e86-933a-4af1-a7f5-1711da38b3a6,b6b7a40d-79b7-42d5-a5f2-e520f547e2aa,c4,DROP,1012,?,i11,
1769449549.7639513,FORWARDED,58767e86-933a-4af1-a7f5-1711da38b3a6,b6b7a40d-79b7-42d5-a5f2-e520f547e2aa,c4,DROP,1012,?,i11,
1769449549.7783053,SENT,ff7e4947-dcdb-47ac-8eb8-ea83051bf6b3,b81736a7-3336-43c0-96a0-16172ecb6ac7,c5,c4,1771,?,i3,
1769449549.778347,FORWARDED,ff7e4947-dcdb-47ac-8eb8-ea83051bf6b3,b81736a7-3336-43c0-96a0-16172ecb6ac7,c5,c4,1771,?,i3,
1769449549.914192,SENT,ac06aafa-da2f-4470-bc7a-f5bf1635d46e,4fc701a0-3028-48ca-9b08-1d06b1d8ef7f,c1,c3,1767,?,i7,
1769449549.914232,FORWARDED,ac06aafa-da2f-4470-bc7a-f5bf1635d46e,4fc701a0-3028-48ca-9b08-1d06b1d8ef7f,c1,c3,1767,?,i7,
1769449549.9518418,SENT,f06ce347-e79d-436a-90bf-83cf7bb0df6a,855c8171-716d-4dcf-a0c5-a3c3a91d38ab,c1,DROP,1016,?,i5,
1769449549.9518821,FORWARDED,f06ce347-e79d-436a-90bf-83cf7bb0df6a,855c8171-716d-4dcf-a0c5-a3c3a91d38ab,c1,DROP,1016,?,i5,
1769449549.9763277,RECEIVED,4876c9c4-bff5-46ac-a201-876c42ee87b1,35b099ac-1cd1-481a-b128-81944c447868,c1,DROP,1456,p1,?,
1769449550.1049478,SENT,4876c9c4-bff5-46ac-a201-876c42ee87b1,35b099ac-1cd1-481a-b128-81944c447868,c1,DROP,1020,?,i10,
1769449550.104994,FORWARDED,4876c9c4-bff5-46ac-a201-876c42ee87b1,35b099ac-1cd1-481a-b128-81944c447868,c1,DROP,1020,?,i10,
1769449550.1369245,RECEIVED,1348968f-a965-4c65-bdb6-210fed7a5276,bae8edaa-4371-48c2-b448-0afd39c68712,c5,DROP,1448,p2,?,
1769449550.243333,RECEIVED,11794c41-5301-4c90-912c-6b52e52239b0,2a037d0f-560c-4399-b16f-6d203f3d4f58,c2,DROP,1447,p2,?,
1769449550.3228776,SENT,80f3aad2-0bea-4dc2-8005-7aec7b25cc9f,d15e2815-af89-4803-a13e-796584c21675,c3,DROP,1007,?,i1,
1769449550.3229196,FORWARDED,80f3aad2-0bea-4dc2-8005-7aec7b25cc9f,d15e2815-af89-4803-a13e-796584c21675,c3,DROP,1007,?,i1,
1769449550.4928186,RECEIVED,9fdea201-dc6d-4b6f-bdb3-5f44a1cdf2c4,6e11b3ad-6378-4079-80cb-951e2becc92d,c3,DROP,441,x12,?,
1769449550.51175,SENT,1348968f-a965-4c65-bdb6-210fed7a5276,bae8edaa-4371-48c2-b448-0afd39c68712,c5,DROP,1012,?,i3,
1769449550.5117905,FORWARDED,1348968f-a965-4c65-bdb6-210fed7a5276,bae8edaa-4371-48c2-b448-0afd39c68712,c5,DROP,1012,?,i3,
1769449550.7484,RECEIVED,b89809b1-25c3-44f3-8c57-d136dcb02e4d,761c9613-c5b3-45e4-94a3-c3ae2a4a9d14,c1,c3,2453,p1,?,
1769449550.8170164,SENT,b89809b1-25c3-44f3-8c57-d136dcb02e4d,761c9613-c5b3-45e4-94a3-c3ae2a4a9d14,c1,c3,1767,?,i7,
1769449550.817205,FORWARDED,b89809b1-25c3-44f3-8c57-d136dcb02e4d,761c9613-c5b3-45e4-94a3-c3ae2a4a9d14,c1,c3,1767,?,i7,
1769449550.8304687,RECEIVED,4e39a69a-59f2-4631-b43f-54544761bbe4,2bd35666-6390-4184-8561-5966e12e836a,c5,DROP,1448,p2,?,
1769449550.8315372,SENT,11794c41-5301-4c90-912c-6b52e52239b0,2a037d0f-560c-4399-b16f-6d203f3d4f58,c2,DROP,1012,?,i4,
1769449550.8315787,FORWARDED,11794c41-5301-4c90-912c-6b52e52239b0,2a037d0f-560c-4399-b16f-6d203f3d4f58,c2,DROP,1012,?,i4,
1769449551.1520014,SENT,4e39a69a-59f2-4631-b43f-54544761bbe4,2bd35666-6390-4184-8561-5966e12e836a,c5,DROP,1012,?,i9,
1769449551.1520417,FORWARDED,4e39a69a-59f2-4631-b43f-54544761bbe4,2bd35666-6390-4184-8561-5966e12e836a,c5,DROP,1012,?,i9,
1769449551.292572,SENT,7b941e1a-5fc4-42b3-94b2-daeadb5e01b8,263c270e-8b05-48a4-b6a6-539cce7601b4,c3,DROP,1016,?,i3,
1769449551.2926114,FORWARDED,7b941e1a-5fc4-42b3-94b2-daeadb5e01b8,263c270e-8b05-48a4-b6a6-539cce7601b4,c3,DROP,1016,?,i3,
1769449551.304734,RECEIVED,985e9bd8-96bc-4841-a0bf-b07f769b604e,a4eab2c1-be51-43b2-ad1b-fc2d91e222d2,c1,DROP,442,x6,?,
1769449551.3250074,SENT,937eb431-709b-4e8c-8e4f-2345fba47983,f2eafa6a-3772-426a-9688-6400cbc4e0cc,c5,DROP,1007,?,i9,
1769449551.3250594,FORWARDED,937eb431-709b-4e8c-8e4f-2345fba47983,f2eafa6a-3772-426a-9688-6400cbc4e0cc,c5,DROP,1007,?,i9,
1769449551.483114,RECEIVED,244d4272-869e-4966-9b6e-62aa09baf5be,a352742d-1b62-4da0-9f64-04a551c5b53f,c2,DROP,1440,p2,?,
1769449551.5252316,RECEIVED,23bc07ad-fe42-4f2f-a7fc-b0a201a694a9,c20d0e71-3803-4081-8f49-4408995918f9,c2,c1,2448,p2,?,
1769449551.6426263,SENT,23bc07ad-fe42-4f2f-a7fc-b0a201a694a9,c20d0e71-3803-4081-8f49-4408995918f9,c2,c1,1764,?,i1,
1769449551.6426685,FORWARDED,23bc07ad-fe42-4f2f-a7fc-b0a201a694a9,c20d0e71-3803-4081-8f49-4408995918f9,c2,c1,1764,?,i1,
1769449551.7240672,SENT,244d4272-869e-4966-9b6e-62aa09baf5be,a352742d-1b62-4da0-9f64-04a551c5b53f,c2,DROP,1008,?,i3,
1769449551.7241156,FORWARDED,244d4272-869e-4966-9b6e-62aa09baf5be,a352742d-1b62-4da0-9f64-04a551c5b53f,c2,DROP,1008,?,i3,
1769449551.7582695,RECEIVED,9ca213f1-9fe8-43dd-9fd6-a26c2dc82ca7,929dc617-5f7f-446d-842c-e8513377a6da,c3,DROP,1443,p3,?,
1769449552.0337706,RECEIVED,035a4ceb-3c7b-4189-84fb-f9f13fae1718,471a5191-c699-47e3-b8a1-2068db319e91,c1,DROP,1448,p1,?,
1769449552.038448,RECEIVED,236c47bd-1e99-4afc-b813-5452bb846c2f,fec4f4f6-1500-4865-a4cb-ea0ec7130bf7,c1,c3,2463,p1,?,
1769449552.0934296,SENT,9ca213f1-9fe8-43dd-9fd6-a26c2dc82ca7,929dc617-5f7f-446d-842c-e8513377a6da,c3,DROP,1011,?,i6,
1769449552.093471,FORWARDED,9ca213f1-9fe8-43dd-9fd6-a26c2dc82ca7,929dc617-5f7f-446d-842c-e8513377a6da,c3,DROP,1011,?,i6,
1769449552.118283,SENT,035a4ceb-3c7b-4189-84fb-f9f13fae1718,471a5191-c699-47e3-b8a1-2068db319e91,c1,DROP,1012,?,i6,
1769449552.118325,FORWARDED,035a4ceb-3c7b-4189-84fb-f9f13fae1718,471a5191-c699-47e3-b8a1-2068db319e91,c1,DROP,1012,?,i6,
1769449552.1249456,RECEIVED,d969700a-65bb-49b6-af49-c011aa8c2752,439b8a90-8e53-459f-b3e3-a18fd8e2382a,c3,DROP,1440,p3,?,
1769449552.3387277,SENT,d969700a-65bb-49b6-af49-c011aa8c2752,439b8a90-8e53-459f-b3e3-a18fd8e2382a,c3,DROP,1008,?,i3,
1769449552.338769,FORWARDED,d969700a-65bb-49b6-af49-c011aa8c2752,439b8a90-8e53-459f-b3e3-a18fd8e2382a,c3,DROP,1008,?,i3,
1769449552.4484081,RECEIVED,bdd98131-8c0d-4751-b301-80b076caf3a5,e886a944-ddfc-47c5-93da-6cdfb2ff1efe,c4,DROP,441,x2,?,
1769449552.5670881,RECEIVED,c67bf556-b7ba-4141-b392-5a894f869e69,640f7b7a-54a2-422a-b9da-e79f5a3f2b20,c2,DROP,442,x4,?,
1769449552.6121502,RECEIVED,1d6474e2-ca0d-4540-8bb8-07275adcbcf7,2115dc58-56a2-4eb5-80a0-0da0a13644a6,c2,DROP,1452,p2,?,
1769449552.6811142,RECEIVED,441285b0-5f39-406d-94b5-74e4ec97b0c7,aa8fa1b1-5546-4ed9-b7c1-aa2107082cc8,c1,DROP,1452,p1,?,
1769449552.757421,RECEIVED,ee518762-5793-4f47-9e38-f595e1921346,4e5d20f1-e34f-461f-8eab-e5be06b6d5a7,c2,DROP,1442,p2,?,
1769449552.8207984,RECEIVED,6825781b-b30a-4d12-81de-4335cd3c1528,3511f95e-53c6-4f36-89f0-47372b332e91,c3,c5,2460,p3,?,
1769449552.8379173,SENT,ee518762-5793-4f47-9e38-f595e1921346,4e5d20f1-e34f-461f-8eab-e5be06b6d5a7,c2,DROP,1007,?,i12,
1769449552.8379574,FORWARDED,ee518762-5793-4f47-9e38-f595e1921346,4e5d20f1-e34f-461f-8eab-e5be06b6d5a7,c2,DROP,1007,?,i12,
1769449552.9056392,RECEIVED,5a6cee94-e067-4e3a-bc58-a3fe6e4b6b08,59d6bfde-51b2-4e05-9974-9662e3bd7606,c4,DROP,1448,p1,?,
1769449552.9264276,RECEIVED,a4a846be-ff4a-481f-9349-e981697727f2,94d3be9b-a368-4cf4-9ccd-e99ceb01afa5,c2,c1,2443,p2,?,
1769449552.964278,RECEIVED,40546c6f-5963-46bc-8cd3-1616505bc4e2,bf59b0c3-a474-4290-a251-adc06ddda777,c3,DROP,1445,p3,?,
1769449552.991492,SENT,40546c6f-5963-46bc-8cd3-1616505bc4e2,bf59b0c3-a474-4290-a251-adc06ddda777,c3,DROP,1011,?,i7,
1769449552.9915323,FORWARDED,40546c6f-5963-46bc-8cd3-1616505bc4e2,bf59b0c3-a474-4290-a251-adc06ddda777,c3,DROP,1011,?,i7,
1769449553.008354,RECEIVED,39582049-b7a7-4182-a1c0-ab328087a2b3,e8e82665-e31a-4b02-bf22-2c6c0e62877b,c5,DROP,1449,p2,?,
1769449553.0135763,RECEIVED,2b5c1865-7e18-412a-90d9-061c5e91081b,e518a0fb-530d-4344-a525-e6146735291d,c5,DROP,1437,p2,?,
1769449553.098628,SENT,39582049-b7a7-4182-a1c0-ab328087a2b3,e8e82665-e31a-4b02-bf22-2c6c0e62877b,c5,DROP,1012,?,i11,
1769449553.0986698,FORWARDED,39582049-b7a7-4182-a1c0-ab328087a2b3,e8e82665-e31a-4b02-bf22-2c6c0e62877b,c5,DROP,1012,?,i11,
1769449553.1384194,RECEIVED,f6eb3783-140d-43fd-83aa-4edd971a4e4e,8ea94331-25ef-4568-9728-84c0fd7501bf,c1,DROP,1452,p1,?,
1769449553.150259,SENT,441285b0-5f39-406d-94b5-74e4ec97b0c7,aa8fa1b1-5546-4ed9-b7c1-aa2107082cc8,c1,DROP,1016,?,i11,
1769449553.1503022,FORWARDED,441285b0-5f39-406d-94b5-74e4ec97b0c7,aa8fa1b1-5546-4ed9-b7c1-aa2107082cc8,c1,DROP,1016,?,i11,
1769449553.1677182,SENT,2b5c1865-7e18-412a-90d9-061c5e91081b,e518a0fb-530d-4344-a525-e6146735291d,c5,DROP,1007,?,i7,
1769449553.1677625,FORWARDED,2b5c1865-7e18-412a-90d9-061c5e91081b,e518a0fb-530d-4344-a525-e6146735291d,c5,DROP,1007,?,i7,
1769449553.1745791,RECEIVED,e06dd7a4-2d33-40ea-9de7-aa8c11ba326d,feae1fff-febf-47ef-99cc-982b7866bac6,c4,DROP,1458,p1,?,
1769449553.2028291,RECEIVED,a013e482-1b39-4e53-932e-a49bb19d0aaf,9b0ce85d-d7df-4b54-9660-dcb0443a9ac4,c2,c1,2464,p2,?,
1769449553.2323618,SENT,5a6cee94-e067-4e3a-bc58-a3fe6e4b6b08,59d6bfde-51b2-4e05-9974-9662e3bd7606,c4,DROP,1012,?,i4,
1769449553.232405,FORWARDED,5a6cee94-e067-4e3a-bc58-a3fe6e4b6b08,59d6bfde-51b2-4e05-9974-9662e3bd7606,c4,DROP,1012,?,i4,
1769449553.257675,SENT,6825781b-b30a-4d12-81de-4335cd3c1528,3511f95e-53c6-4f36-89f0-47372b332e91,c3,c5,1772,?,i1,
1769449553.2577186,FORWARDED,6825781b-b30a-4d12-81de-4335cd3c1528,3511f95e-53c6-4f36-89f0-47372b332e91,c3,c5,1772,?,i1,
1769449553.3321955,SENT,a013e482-1b39-4e53-932e-a49bb19d0aaf,9b0ce85d-d7df-4b54-9660-dcb0443a9ac4,c2,c1,1776,?,i9,
1769449553.3322396,FORWARDED,a013e482-1b39-4e53-932e-a49bb19d0aaf,9b0ce85d-d7df-4b54-9660-dcb0443a9ac4,c2,c1,1776,?,i9,
1769449553.496368,SENT,f6eb3783-140d-43fd-83aa-4edd971a4e4e,8ea94331-25ef-4568-9728-84c0fd7501bf,c1,DROP,1016,?,i2,
1769449553.496411,FORWARDED,f6eb3783-140d-43fd-83aa-4edd971a4e4e,8ea94331-25ef-4568-9728-84c0fd7501bf,c1,DROP,1016,?,i2,
1769449553.552885,RECEIVED,76a8ec3e-00ab-4d0d-a447-a851ae6d7503,7f2d147a-bdf8-4518-941e-ea918f83a3a4,c2,c1,2449,p2,?,
1769449553.5975833,SENT,76a8ec3e-00ab-4d0d-a447-a851ae6d7503,7f2d147a-bdf8-4518-941e-ea918f83a3a4,c2,c1,1763,?,i3,
1769449553.597623,FORWARDED,76a8ec3e-00ab-4d0d-a447-a851ae6d7503,7f2d147a-bdf8-4518-941e-ea918f83a3a4,c2,c1,1763,?,i3,
1769449553.6100411,SENT,236c47bd-1e99-4afc-b813-5452bb846c2f,fec4f4f6-1500-4865-a4cb-ea0ec7130bf7,c1,c3,1775,?,i8,
1769449553.6101804,FORWARDED,236c47bd-1e99-4afc-b813-5452bb846c2f,fec4f4f6-1500-4865-a4cb-ea0ec7130bf7,c1,c3,1775,?,i8,
1769449553.6177688,RECEIVED,e1b8db00-9a77-444a-a354-23e5ff802ff6,44ccfb61-408f-4294-af4c-451bb68953ff,c5,c4,2472,p2,?,
1769449553.6505659,SENT,e06dd7a4-2d33-40ea-9de7-aa8c11ba326d,feae1fff-febf-47ef-99cc-982b7866bac6,c4,DROP,1021,?,i3,
1769449553.6506076,FORWARDED,e06dd7a4-2d33-40ea-9de7-aa8c11ba326d,feae1fff-febf-47ef-99cc-982b7866bac6,c4,DROP,1021,?,i3,
1769449553.716951,SENT,e1b8db00-9a77-444a-a354-23e5ff802ff6,44ccfb61-408f-4294-af4c-451bb68953ff,c5,c4,1780,?,i9,
1769449553.7169902,FORWARDED,e1b8db00-9a77-444a-a354-23e5ff802ff6,44ccfb61-408f-4294-af4c-451bb68953ff,c5,c4,1780,?,i9,
1769449553.7516446,RECEIVED,7bac1a29-330b-4c78-b23b-8226a861c0f8,bbd7ca98-f6ca-41a4-b036-25b73942b0f4,c1,c3,2467,p1,?,
1769449553.8355017,SENT,a4a846be-ff4a-481f-9349-e981697727f2,94d3be9b-a368-4cf4-9ccd-e99ceb01afa5,c2,c1,1759,?,i4,
1769449553.8355381,FORWARDED,a4a846be-ff4a-481f-9349-e981697727f2,94d3be9b-a368-4cf4-9ccd-e99ceb01afa5,c2,c1,1759,?,i4,
1769449553.9047565,RECEIVED,adabc946-48f9-4da4-bda1-079a47d255bd,eb8ace01-eedf-4273-9803-5a75b86fc93e,c2,c1,2448,p2,?,
1769449554.2239544,SENT,adabc946-48f9-4da4-bda1-079a47d255bd,eb8ace01-eedf-4273-9803-5a75b86fc93e,c2,c1,1763,?,i11,
1769449554.2239954,FORWARDED,adabc946-48f9-4da4-bda1-079a47d255bd,eb8ace01-eedf-4273-9803-5a75b86fc93e,c2,c1,1763,?,i11,
1769449554.226912,RECEIVED,603d22b2-d50a-4783-bfb0-de3770c08a47,1f2d7439-c25d-4c90-aef5-eb73d3fbcfe5,c3,DROP,441,x6,?,
1769449554.285643,SENT,1d6474e2-ca0d-4540-8bb8-07275adcbcf7,2115dc58-56a2-4eb5-80a0-0da0a13644a6,c2,DROP,1016,?,i12,
1769449554.2856855,FORWARDED,1d6474e2-ca0d-4540-8bb8-07275adcbcf7,2115dc58-56a2-4eb5-80a0-0da0a13644a6,c2,DROP,1016,?,i12,
1769449554.5555358,RECEIVED,6d7395fb-d2f2-4947-b0b2-0930e1b51778,9e86a569-c79b-4160-ab99-68fc868e4210,c2,c1,2447,p2,?,
1769449554.6213493,SENT,7bac1a29-330b-4c78-b23b-8226a861c0f8,bbd7ca98-f6ca-41a4-b036-25b73942b0f4,c1,c3,1778,?,i8,
1769449554.6213913,FORWARDED,7bac1a29-330b-4c78-b23b-8226a861c0f8,bbd7ca98-f6ca-41a4-b036-25b73942b0f4,c1,c3,1778,?,i8,
1769449554.6235385,RECEIVED,35433916-6418-4417-acf3-47030497faa9,96d3cfa7-b784-4225-b6b8-38ec558b8d9f,c2,c1,2458,p2,?,
1769449554.722503,SENT,35433916-6418-4417-acf3-47030497faa9,96d3cfa7-b784-4225-b6b8-38ec558b8d9f,c2,c1,1768,?,i9,
1769449554.7225418,FORWARDED,35433916-6418-4417-acf3-47030497faa9,96d3cfa7-b784-4225-b6b8-38ec558b8d9f,c2,c1,1768,?,i9,
1769449554.7302907,RECEIVED,9f493d1a-9413-4d47-9ac7-5c9262caa650,dac82497-437c-438e-a597-cfc8c1afbddc,c2,c1,2444,p2,?,
1769449554.7581067,RECEIVED,e34c4d57-37c6-447b-9f8e-738e16fea998,f2c89d26-d41e-4c21-b0a4-71b12f1a7db3,c2,DROP,441,x10,?,
1769449554.858769,SENT,9f493d1a-9413-4d47-9ac7-5c9262caa650,dac82497-437c-438e-a597-cfc8c1afbddc,c2,c1,1759,?,i3,
1769449554.858808,FORWARDED,9f493d1a-9413-4d47-9ac7-5c9262caa650,dac82497-437c-438e-a597-cfc8c1afbddc,c2,c1,1759,?,i3,
1769449555.0642107,RECEIVED,be44314b-d8e5-4a17-8fe6-ea6ca2771f39,9b3d077b-d2db-401f-a69d-4adc22f78c3b,c4,c5,2466,p1,?,
1769449555.203993,SENT,6d7395fb-d2f2-4947-b0b2-0930e1b51778,9e86a569-c79b-4160-ab99-68fc868e4210,c2,c1,1762,?,i8,
1769449555.2040336,FORWARDED,6d7395fb-d2f2-4947-b0b2-0930e1b51778,9e86a569-c79b-4160-ab99-68fc868e4210,c2,c1,1762,?,i8,
1769449555.2169487,RECEIVED,a3501d19-eff7-48a5-a1f7-31d63aa75809,66df4c2a-7ead-46be-9c07-1af31b61cdb6,c5,c4,2448,p2,?,
1769449555.2354076,RECEIVED,5b4350c6-c2c9-4765-aef2-2b5015d8be61,900efd48-f5c9-4339-88a8-4da8feb4c61a,c5,DROP,1439,p2,?,
1769449555.2868652,RECEIVED,6355f4d3-e38c-4a4d-8887-55d6d8e0998a,1098f146-448e-4515-8143-dca8eaa28bf4,c1,DROP,442,x12,?,
1769449555.4537516,RECEIVED,76dca8d4-fa31-407f-9119-ac8370677a38,ba1d37d2-3990-4de9-9b17-d158938098a0,c2,c1,2468,p2,?,
1769449555.529562,SENT,76dca8d4-fa31-407f-9119-ac8370677a38,ba1d37d2-3990-4de9-9b17-d158938098a0,c2,c1,1779,?,i3,
1769449555.529602,FORWARDED,76dca8d4-fa31-407f-9119-ac8370677a38,ba1d37d2-3990-4de9-9b17-d158938098a0,c2,c1,1779,?,i3,
1769449555.543479,RECEIVED,6b15855a-5e17-4d18-9c39-3f1df31c9211,a2253403-0368-4bf6-a6c2-583013a5056e,c3,c5,2477,p3,?,
1769449555.6032124,SENT,6b15855a-5e17-4d18-9c39-3f1df31c9211,a2253403-0368-4bf6-a6c2-583013a5056e,c3,c5,1784,?,i12,
1769449555.6033072,FORWARDED,6b15855a-5e17-4d18-9c39-3f1df31c9211,a2253403-0368-4bf6-a6c2-583013a5056e,c3,c5,1784,?,i12,
1769449555.605154,SENT,5b4350c6-c2c9-4765-aef2-2b5015d8be61,900efd48-f5c9-4339-88a8-4da8feb4c61a,c5,DROP,1008,?,i5,
1769449555.6051934,FORWARDED,5b4350c6-c2c9-4765-aef2-2b5015d8be61,900efd48-f5c9-4339-88a8-4da8feb4c61a,c5,DROP,1008,?,i5,
1769449555.617259,SENT,a3501d19-eff7-48a5-a1f7-31d63aa75809,66df4c2a-7ead-46be-9c07-1af31b61cdb6,c5,c4,1763,?,i1,
1769449555.617301,FORWARDED,a3501d19-eff7-48a5-a1f7-31d63aa75809,66df4c2a-7ead-46be-9c07-1af31b61cdb6,c5,c4,1763,?,i1,
1769449555.7560382,RECEIVED,fbec9bd0-d8de-4002-bf73-b093454efdd7,8fe685c0-e61a-490d-aef6-8291679adc1f,c2,c1,2460,p2,?,
1769449555.767966,RECEIVED,893c458c-63a6-4973-9f49-64677e90d5ab,8d02a0b1-388c-46d6-8682-aff1e1da6fd1,c3,DROP,1440,p3,?,
1769449555.8307722,SENT,fbec9bd0-d8de-4002-bf73-b093454efdd7,8fe685c0-e61a-490d-aef6-8291679adc1f,c2,c1,1772,?,i7,
1769449555.83082,FORWARDED,fbec9bd0-d8de-4002-bf73-b093454efdd7,8fe685c0-e61a-490d-aef6-8291679adc1f,c2,c1,1772,?,i7,
1769449556.0485632,SENT,893c458c-63a6-4973-9f49-64677e90d5ab,8d02a0b1-388c-46d6-8682-aff1e1da6fd1,c3,DROP,1007,?,i3,
1769449556.0486045,FORWARDED,893c458c-63a6-4973-9f49-64677e90d5ab,8d02a0b1-388c-46d6-8682-aff1e1da6fd1,c3,DROP,1007,?,i3,
1769449556.0580757,RECEIVED,3e921bdd-fe48-4a51-b0c5-3042737a62ac,a60df458-11ec-4813-9deb-3fc6234644da,c1,DROP,441,x4,?,
1769449556.061229,RECEIVED,086c76ef-d724-4f62-9ca0-b8f3119c269d,bd4e244c-9398-4b11-bd9c-16e8bb4daf2a,c3,DROP,1445,p3,?,
1769449556.1160326,RECEIVED,6cac803d-240c-4aea-833c-130eaf32db7d,687420b7-088f-43b2-9aef-cd4fc0046c33,c2,c1,2451,p2,?,
1769449556.2202592,SENT,086c76ef-d724-4f62-9ca0-b8f3119c269d,bd4e244c-9398-4b11-bd9c-16e8bb4daf2a,c3,DROP,1009,?,i10,
1769449556.220302,FORWARDED,086c76ef-d724-4f62-9ca0-b8f3119c269d,bd4e244c-9398-4b11-bd9c-16e8bb4daf2a,c3,DROP,1009,?,i10,
1769449556.2673225,RECEIVED,7ffa0e08-5d82-40a3-931e-721a4f7e3a5b,a9616996-be43-485e-824e-01532b4c8c54,c4,DROP,1452,p1,?,
1769449556.340209,SENT,6cac803d-240c-4aea-833c-130eaf32db7d,687420b7-088f-43b2-9aef-cd4fc0046c33,c2,c1,1766,?,i4,
1769449556.3402517,FORWARDED,6cac803d-240c-4aea-833c-130eaf32db7d,687420b7-088f-43b2-9aef-cd4fc0046c33,c2,c1,1766,?,i4,
1769449556.3512971,SENT,be44314b-d8e5-4a17-8fe6-ea6ca2771f39,9b3d077b-d2db-401f-a69d-4adc22f78c3b,c4,c5,1777,?,i6,
1769449556.3513343,FORWARDED,be44314b-d8e5-4a17-8fe6-ea6ca2771f39,9b3d077b-d2db-401f-a69d-4adc22f78c3b,c4,c5,1777,?,i6,
1769449556.6295452,SENT,7ffa0e08-5d82-40a3-931e-721a4f7e3a5b,a9616996-be43-485e-824e-01532b4c8c54,c4,DROP,1015,?,i6,
1769449556.6295877,FORWARDED,7ffa0e08-5d82-40a3-931e-721a4f7e3a5b,a9616996-be43-485e-824e-01532b4c8c54,c4,DROP,1015,?,i6,
1769449556.6746042,RECEIVED,031366c4-8714-4abd-b55e-91bab4d5305f,d398354c-b7c9-4f5d-9b1c-3f40de3b209d,c5,DROP,442,x10,?,
1769449556.8642268,RECEIVED,4c141d6b-3713-4074-8e92-27ccb943867a,19155a3b-669c-414b-bedd-dfcf154ffa61,c5,DROP,1439,p2,?,
1769449556.9680157,RECEIVED,332caa22-de92-4915-82dd-be8c9e1fcd8e,0ddac9c3-d1c2-4d9a-ada1-756da562ccda,c4,DROP,1450,p1,?,
1769449557.1866727,RECEIVED,fdc97b6b-3af0-4e80-af7a-e1a0e384328c,3996ca58-17a6-4fb0-a5b1-87fd2a722974,c4,c5,2448,p1,?,
1769449557.3148913,RECEIVED,d822bdfa-2833-437a-9a94-8fdadc818546,dc72a942-c92d-4762-a3bd-bc45272beaa2,c4,DROP,1452,p1,?,
1769449557.320662,SENT,4c141d6b-3713-4074-8e92-27ccb943867a,19155a3b-669c-414b-bedd-dfcf154ffa61,c5,DROP,1007,?,i3,
1769449557.3207278,FORWARDED,4c141d6b-3713-4074-8e92-27ccb943867a,19155a3b-669c-414b-bedd-dfcf154ffa61,c5,DROP,1007,?,i3,
1769449557.4215314,SENT,d822bdfa-2833-437a-9a94-8fdadc818546,dc72a942-c92d-4762-a3bd-bc45272beaa2,c4,DROP,1015,?,i1,
1769449557.4215736,FORWARDED,d822bdfa-2833-437a-9a94-8fdadc818546,dc72a942-c92d-4762-a3bd-bc45272beaa2,c4,DROP,1015,?,i1,
1769449557.5398006,SENT,fdc97b6b-3af0-4e80-af7a-e1a0e384328c,3996ca58-17a6-4fb0-a5b1-87fd2a722974,c4,c5,1763,?,i11,
1769449557.5398424,FORWARDED,fdc97b6b-3af0-4e80-af7a-e1a0e384328c,3996ca58-17a6-4fb0-a5b1-87fd2a722974,c4,c5,1763,?,i11,
1769449557.8968947,RECEIVED,07ba26cd-c355-4b9c-8ce3-b4965b0b110c,464f3c1d-dd0b-4297-9ab7-ff14c10179fa,c4,c5,2465,p1,?,
1769449557.9184036,RECEIVED,6ff18913-7a47-4fbd-88cb-e14943a6372b,be6b842d-989b-420b-83f6-19a029b6b8c8,c1,DROP,445,x8,?,
1769449557.9425793,SENT,07ba26cd-c355-4b9c-8ce3-b4965b0b110c,464f3c1d-dd0b-4297-9ab7-ff14c10179fa,c4,c5,1775,?,i6,
1769449557.9426205,FORWARDED,07ba26cd-c355-4b9c-8ce3-b4965b0b110c,464f3c1d-dd0b-4297-9ab7-ff14c10179fa,c4,c5,1775,?,i6,
1769449557.9652383,RECEIVED,7bbdbbd6-cbd1-434b-91cf-e1ad1cc9f616,8337e03d-f783-4963-a8a5-049d53e3d414,c2,c1,2476,p2,?,
1769449558.014745,RECEIVED,049fc2c0-978d-4738-8e18-affcea382b4e,e6589c6b-1a63-473f-8d5a-45a388c932a6,c1,c3,2459,p1,?,
1769449558.0508475,SENT,332caa22-de92-4915-82dd-be8c9e1fcd8e,0ddac9c3-d1c2-4d9a-ada1-756da562ccda,c4,DROP,1016,?,i9,
1769449558.0508878,FORWARDED,332caa22-de92-4915-82dd-be8c9e1fcd8e,0ddac9c3-d1c2-4d9a-ada1-756da562ccda,c4,DROP,1016,?,i9,
1769449558.4200804,RECEIVED,e0d63c73-f9ef-4949-bd20-8ceb62ff1936,163a9bb2-dc8c-49d3-b7bf-ae404cdb32fe,c3,DROP,1439,p3,?,
1769449558.451921,SENT,7bbdbbd6-cbd1-434b-91cf-e1ad1cc9f616,8337e03d-f783-4963-a8a5-049d53e3d414,c2,c1,1784,?,i10,
1769449558.4519644,FORWARDED,7bbdbbd6-cbd1-434b-91cf-e1ad1cc9f616,8337e03d-f783-4963-a8a5-049d53e3d414,c2,c1,1784,?,i10,
1769449558.5472727,RECEIVED,e18709d3-a445-494b-aec2-f684db6cceb6,aee0c298-7ba9-40b9-af7e-e790794f6e1a,c2,c1,2476,p2,?,
1769449558.7152443,RECEIVED,d84acde8-0f0d-4868-9f0c-0b105b071a39,da314869-ad83-4a87-a8cf-46e1fdc045df,c2,c1,2472,p2,?,
1769449558.7651725,RECEIVED,087086ca-6003-4549-988b-a22cf6ce30a0,b4631d06-572b-48b9-8e96-68b8975817d6,c3,c5,2467,p3,?,
1769449558.8877773,RECEIVED,78503869-94de-4ab2-b8ae-cacb3405335b,6a784493-de9a-45cd-8865-de57ba978c9d,c5,DROP,1441,p2,?,
1769449558.9127383,SENT,087086ca-6003-4549-988b-a22cf6ce30a0,b4631d06-572b-48b9-8e96-68b8975817d6,c3,c5,1779,?,i9,
1769449558.9127772,FORWARDED,087086ca-6003-4549-988b-a22cf6ce30a0,b4631d06-572b-48b9-8e96-68b8975817d6,c3,c5,1779,?,i9,
1769449558.9169788,RECEIVED,845044bf-9ffc-4e8f-804f-68ba31a1e80c,7fdcac75-34f0-4725-86aa-094e705399c6,c1,c3,2465,p1,?,
1769449559.083055,SENT,049fc2c0-978d-4738-8e18-affcea382b4e,e6589c6b-1a63-473f-8d5a-45a388c932a6,c1,c3,1771,?,i6,
1769449559.0840824,FORWARDED,049fc2c0-978d-4738-8e18-affcea382b4e,e6589c6b-1a63-473f-8d5a-45a388c932a6,c1,c3,1771,?,i6,
1769449559.130291,RECEIVED,7acb71bf-9eea-4cbd-b786-36fc4a45e6a3,6f0f01e2-e625-4732-a691-e6ece9d17c36,c1,c3,2452,p1,?,
1769449559.186063,SENT,78503869-94de-4ab2-b8ae-cacb3405335b,6a784493-de9a-45cd-8865-de57ba978c9d,c5,DROP,1008,?,i10,
1769449559.186107,FORWARDED,78503869-94de-4ab2-b8ae-cacb3405335b,6a784493-de9a-45cd-8865-de57ba978c9d,c5,DROP,1008,?,i10,
1769449559.2078507,SENT,845044bf-9ffc-4e8f-804f-68ba31a1e80c,7fdcac75-34f0-4725-86aa-094e705399c6,c1,c3,1775,?,i12,
1769449559.2080224,FORWARDED,845044bf-9ffc-4e8f-804f-68ba31a1e80c,7fdcac75-34f0-4725-86aa-094e705399c6,c1,c3,1775,?,i12,
1769449559.2079685,RECEIVED,ac2128bd-1a89-4d41-ba73-069b2a72fee4,3d608cc9-5869-4d49-a428-0c6412bbc1e1,c1,c3,2455,p1,?,
1769449559.2213824,SENT,d84acde8-0f0d-4868-9f0c-0b105b071a39,da314869-ad83-4a87-a8cf-46e1fdc045df,c2,c1,1781,?,i7,
1769449559.2214258,FORWARDED,d84acde8-0f0d-4868-9f0c-0b105b071a39,da314869-ad83-4a87-a8cf-46e1fdc045df,c2,c1,1781,?,i7,
1769449559.3106334,RECEIVED,adb0f326-bd91-4de9-8773-5e20be755ed1,49ca9e26-4fdd-41db-9967-635ef334dac6,c1,c3,2476,p1,?,
1769449559.362541,SENT,ac2128bd-1a89-4d41-ba73-069b2a72fee4,3d608cc9-5869-4d49-a428-0c6412bbc1e1,c1,c3,1768,?,i4,
1769449559.3625824,FORWARDED,ac2128bd-1a89-4d41-ba73-069b2a72fee4,3d608cc9-5869-4d49-a428-0c6412bbc1e1,c1,c3,1768,?,i4,
1769449559.4335783,SENT,e0d63c73-f9ef-4949-bd20-8ceb62ff1936,163a9bb2-dc8c-49d3-b7bf-ae404cdb32fe,c3,DROP,1008,?,i8,
1769449559.4339118,FORWARDED,e0d63c73-f9ef-4949-bd20-8ceb62ff1936,163a9bb2-dc8c-49d3-b7bf-ae404cdb32fe,c3,DROP,1008,?,i8,
1769449559.4942803,SENT,7acb71bf-9eea-4cbd-b786-36fc4a45e6a3,6f0f01e2-e625-4732-a691-e6ece9d17c36,c1,c3,1767,?,i10,
1769449559.4943202,FORWARDED,7acb71bf-9eea-4cbd-b786-36fc4a45e6a3,6f0f01e2-e625-4732-a691-e6ece9d17c36,c1,c3,1767,?,i10,
1769449559.6789985,RECEIVED,a2c46e3f-7cab-41f5-ab8f-3ce40b30116b,c6a33c5b-d97a-415b-af46-8ce635973c4a,c4,DROP,1459,p1,?,
1769449559.7531993,SENT,e18709d3-a445-494b-aec2-f684db6cceb6,aee0c298-7ba9-40b9-af7e-e790794f6e1a,c2,c1,1784,?,i10,
1769449559.753237,FORWARDED,e18709d3-a445-494b-aec2-f684db6cceb6,aee0c298-7ba9-40b9-af7e-e790794f6e1a,c2,c1,1784,?,i10,
1769449559.7638426,RECEIVED,ff5ef113-1b3e-4053-a954-bb54e456b0fe,56ad87c0-a7bb-4550-bafd-569062cb9813,c5,c4,2464,p2,?,
1769449559.7751625,SENT,adb0f326-bd91-4de9-8773-5e20be755ed1,49ca9e26-4fdd-41db-9967-635ef334dac6,c1,c3,1785,?,i2,
1769449559.7752032,FORWARDED,adb0f326-bd91-4de9-8773-5e20be755ed1,49ca9e26-4fdd-41db-9967-635ef334dac6,c1,c3,1785,?,i2,
1769449559.9264665,RECEIVED,97f52938-9377-4389-8948-bc38003d5f26,79b11e5a-571d-4f5f-87b4-87242d541fab,c5,c4,2452,p2,?,
1769449560.0470088,RECEIVED,68ecd323-edbe-4a57-b9d7-9d02e546aa3d,efaeee58-81e4-481e-b8b4-23e984fa9784,c5,DROP,1447,p2,?,
1769449560.0965512,RECEIVED,bb322c6f-a828-4fba-b813-8e715a6a9254,7fb57fa9-4d4c-490e-acb0-3798d3f129fe,c1,c3,2463,p1,?,
1769449560.1263962,SENT,97f52938-9377-4389-8948-bc38003d5f26,79b11e5a-571d-4f5f-87b4-87242d541fab,c5,c4,1765,?,i1,
1769449560.126438,FORWARDED,97f52938-9377-4389-8948-bc38003d5f26,79b11e5a-571d-4f5f-87b4-87242d541fab,c5,c4,1765,?,i1,
1769449560.139206,RECEIVED,4eed6f97-963b-40eb-b499-8379f9917c92,d6178868-dc3e-4e9c-bbb7-71b32a84a744,c4,DROP,1445,p1,?,
1769449560.2020974,RECEIVED,d7915c92-a790-46fd-9bfd-610800929bdc,efa18810-a34a-4cc0-be99-53021a5ba31b,c3,c5,2460,p3,?,
1769449560.2049973,RECEIVED,0d39030c-5a2c-4d30-9d3b-d8c4c5e3905c,edda05d6-47d4-402d-9e7e-c3e5fd0278f2,c5,DROP,1453,p2,?,
1769449560.229522,SENT,4eed6f97-963b-40eb-b499-8379f9917c92,d6178868-dc3e-4e9c-bbb7-71b32a84a744,c4,DROP,1011,?,i8,
1769449560.2295632,FORWARDED,4eed6f97-963b-40eb-b499-8379f9917c92,d6178868-dc3e-4e9c-bbb7-71b32a84a744,c4,DROP,1011,?,i8,
1769449560.23178,SENT,d7915c92-a790-46fd-9bfd-610800929bdc,efa18810-a34a-4cc0-be99-53021a5ba31b,c3,c5,1771,?,i6,
1769449560.2318287,FORWARDED,d7915c92-a790-46fd-9bfd-610800929bdc,efa18810-a34a-4cc0-be99-53021a5ba31b,c3,c5,1771,?,i6,
1769449560.4064438,SENT,0d39030c-5a2c-4d30-9d3b-d8c4c5e3905c,edda05d6-47d4-402d-9e7e-c3e5fd0278f2,c5,DROP,1016,?,i10,
1769449560.4064841,FORWARDED,0d39030c-5a2c-4d30-9d3b-d8c4c5e3905c,edda05d6-47d4-402d-9e7e-c3e5fd0278f2,c5,DROP,1016,?,i10,
1769449560.5034606,SENT,68ecd323-edbe-4a57-b9d7-9d02e546aa3d,efaeee58-81e4-481e-b8b4-23e984fa9784,c5,DROP,1014,?,i5,
1769449560.5035026,FORWARDED,68ecd323-edbe-4a57-b9d7-9d02e546aa3d,efaeee58-81e4-481e-b8b4-23e984fa9784,c5,DROP,1014,?,i5,
1769449560.5263324,RECEIVED,3a579732-e1cf-4fee-af2e-40ad993fe3da,f9733b2e-d588-4d69-ace9-0dda55cb0d6e,c3,DROP,1456,p3,?,
1769449560.5319881,SENT,ff5ef113-1b3e-4053-a954-bb54e456b0fe,56ad87c0-a7bb-4550-bafd-569062cb9813,c5,c4,1776,?,i11,
1769449560.5320287,FORWARDED,ff5ef113-1b3e-4053-a954-bb54e456b0fe,56ad87c0-a7bb-4550-bafd-569062cb9813,c5,c4,1776,?,i11,
1769449560.5374002,SENT,bb322c6f-a828-4fba-b813-8e715a6a9254,7fb57fa9-4d4c-490e-acb0-3798d3f129fe,c1,c3,1774,?,i1,
1769449560.537442,FORWARDED,bb322c6f-a828-4fba-b813-8e715a6a9254,7fb57fa9-4d4c-490e-acb0-3798d3f129fe,c1,c3,1774,?,i1,
1769449560.5633676,RECEIVED,d437df95-1b35-408c-b630-a20c60cd6164,e92668cd-ae1a-4273-8ae3-ce6529e55d9e,c5,c4,2459,p2,?,
1769449560.6092248,RECEIVED,093db172-c1a5-46fa-a59e-af1545697bd6,d77b8423-3d49-449f-a27a-28b67a3e2a2b,c2,DROP,1455,p2,?,
1769449560.6949008,SENT,3a579732-e1cf-4fee-af2e-40ad993fe3da,f9733b2e-d588-4d69-ace9-0dda55cb0d6e,c3,DROP,1020,?,i9,
1769449560.6949403,FORWARDED,3a579732-e1cf-4fee-af2e-40ad993fe3da,f9733b2e-d588-4d69-ace9-0dda55cb0d6e,c3,DROP,1020,?,i9,
1769449560.7878146,RECEIVED,59b32052-6032-4bae-8c9d-ccc4cfbdf2f6,776382a0-32d4-48b6-9d97-cc6d63c6db8f,c1,DROP,1452,p1,?,
1769449560.8688686,SENT,a2c46e3f-7cab-41f5-ab8f-3ce40b30116b,c6a33c5b-d97a-415b-af46-8ce635973c4a,c4,DROP,1021,?,i1,
1769449560.868912,FORWARDED,a2c46e3f-7cab-41f5-ab8f-3ce40b30116b,c6a33c5b-d97a-415b-af46-8ce635973c4a,c4,DROP,1021,?,i1,
1769449560.9522855,RECEIVED,dee72b61-0339-4cc7-9caf-a6d405379c7b,dc351023-4cdf-45c2-91b6-5f139138e373,c3,DROP,1447,p3,?,
1769449561.0132442,RECEIVED,b59415e6-4f8e-48e2-8baa-ab729b0ec0a0,1289ca91-87b3-491e-898a-f1548f33f2b4,c1,DROP,1440,p1,?,
1769449561.024279,SENT,59b32052-6032-4bae-8c9d-ccc4cfbdf2f6,776382a0-32d4-48b6-9d97-cc6d63c6db8f,c1,DROP,1016,?,i9,
1769449561.024326,FORWARDED,59b32052-6032-4bae-8c9d-ccc4cfbdf2f6,776382a0-32d4-48b6-9d97-cc6d63c6db8f,c1,DROP,1016,?,i9,
1769449561.049207,SENT,b59415e6-4f8e-48e2-8baa-ab729b0ec0a0,1289ca91-87b3-491e-898a-f1548f33f2b4,c1,DROP,1008,?,i6,
1769449561.04925,FORWARDED,b59415e6-4f8e-48e2-8baa-ab729b0ec0a0,1289ca91-87b3-491e-898a-f1548f33f2b4,c1,DROP,1008,?,i6,
1769449561.2460754,RECEIVED,ed3da163-15e4-44b3-b574-af00449d6ca0,bdc57d11-b4fa-429e-b99d-ab92556cdc3b,c5,DROP,1447,p2,?,
1769449561.31127,RECEIVED,c9a8d4bb-6f9e-49a3-af49-a8813fd8ae97,71eb541f-a004-4d3a-843f-0e523474e294,c1,DROP,1440,p1,?,
1769449561.3651123,SENT,dee72b61-0339-4cc7-9caf-a6d405379c7b,dc351023-4cdf-45c2-91b6-5f139138e373,c3,DROP,1012,?,i1,
1769449561.365153,FORWARDED,dee72b61-0339-4cc7-9caf-a6d405379c7b,dc351023-4cdf-45c2-91b6-5f139138e373,c3,DROP,1012,?,i1,
1769449561.3790374,RECEIVED,76f8da49-3167-4afe-b6d2-eda7852b2638,35a52420-3f3a-4890-8bf7-b09c6cf472dd,c4,c5,2464,p1,?,
1769449561.4365816,SENT,c9a8d4bb-6f9e-49a3-af49-a8813fd8ae97,71eb541f-a004-4d3a-843f-0e523474e294,c1,DROP,1007,?,i5,
1769449561.4366243,FORWARDED,c9a8d4bb-6f9e-49a3-af49-a8813fd8ae97,71eb541f-a004-4d3a-843f-0e523474e294,c1,DROP,1007,?,i5,
1769449561.4740255,SENT,d437df95-1b35-408c-b630-a20c60cd6164,e92668cd-ae1a-4273-8ae3-ce6529e55d9e,c5,c4,1773,?,i4,
1769449561.4740813,FORWARDED,d437df95-1b35-408c-b630-a20c60cd6164,e92668cd-ae1a-4273-8ae3-ce6529e55d9e,c5,c4,1773,?,i4,
1769449561.5153794,SENT,093db172-c1a5-46fa-a59e-af1545697bd6,d77b8423-3d49-449f-a27a-28b67a3e2a2b,c2,DROP,1020,?,i3,
1769449561.5154204,FORWARDED,093db172-c1a5-46fa-a59e-af1545697bd6,d77b8423-3d49-449f-a27a-28b67a3e2a2b,c2,DROP,1020,?,i3,
1769449561.7889981,SENT,ed3da163-15e4-44b3-b574-af00449d6ca0,bdc57d11-b4fa-429e-b99d-ab92556cdc3b,c5,DROP,1014,?,i2,
1769449561.7890368,FORWARDED,ed3da163-15e4-44b3-b574-af00449d6ca0,bdc57d11-b4fa-429e-b99d-ab92556cdc3b,c5,DROP,1014,?,i2,
1769449561.8200183,SENT,76f8da49-3167-4afe-b6d2-eda7852b2638,35a52420-3f3a-4890-8bf7-b09c6cf472dd,c4,c5,1775,?,i9,
1769449561.8200614,FORWARDED,76f8da49-3167-4afe-b6d2-eda7852b2638,35a52420-3f3a-4890-8bf7-b09c6cf472dd,c4,c5,1775,?,i9,
1769449562.0276625,RECEIVED,150a6682-9b16-4fad-b33a-a27f2b5254d2,5f460b16-cf1f-4cd6-84a1-c1ae8c5fdcde,c1,DROP,441,x8,?,
1769449562.0834448,RECEIVED,8a566b40-9ec1-4ea5-8efa-ecf1cd128f7f,d93fc3b2-fe82-4eec-ab22-f1030602e77a,c1,c3,2461,p1,?,
1769449562.138437,RECEIVED,73750529-faf2-4ae0-a0b7-70b9b9d58585,4578c092-aebd-46ab-8189-e2155d7c445e,c4,DROP,1451,p1,?,
1769449562.1486661,SENT,8a566b40-9ec1-4ea5-8efa-ecf1cd128f7f,d93fc3b2-fe82-4eec-ab22-f1030602e77a,c1,c3,1771,?,i2,
1769449562.148711,FORWARDED,8a566b40-9ec1-4ea5-8efa-ecf1cd128f7f,d93fc3b2-fe82-4eec-ab22-f1030602e77a,c1,c3,1771,?,i2,
1769449562.154177,RECEIVED,6ced1a12-bbf1-4434-970a-4583f8ff3164,492fe639-7939-4b8d-9a14-061f02e685f6,c3,DROP,1439,p3,?,
1769449562.1828659,RECEIVED,bf01cb25-bdf2-4d77-bc24-734e7f9f3b95,3a032f9d-87f9-4a0d-8c47-cca41c50c294,c2,c1,2463,p2,?,
1769449562.2981658,SENT,73750529-faf2-4ae0-a0b7-70b9b9d58585,4578c092-aebd-46ab-8189-e2155d7c445e,c4,DROP,1017,?,i2,
1769449562.2982821,FORWARDED,73750529-faf2-4ae0-a0b7-70b9b9d58585,4578c092-aebd-46ab-8189-e2155d7c445e,c4,DROP,1017,?,i2,
1769449562.3596518,RECEIVED,718e848f-f4e5-4f84-aa43-bebd9cff2b54,b5576704-010b-4d43-b152-01b07f5f6106,c1,c3,2472,p1,?,
1769449562.4465928,RECEIVED,88fc9d24-38a0-4f79-8527-f2e4f39b9c6c,46d21ac9-358a-42d7-9225-2a456a0c1b01,c2,c1,2448,p2,?,
1769449562.4628026,SENT,718e848f-f4e5-4f84-aa43-bebd9cff2b54,b5576704-010b-4d43-b152-01b07f5f6106,c1,c3,1780,?,i3,
1769449562.4628441,FORWARDED,718e848f-f4e5-4f84-aa43-bebd9cff2b54,b5576704-010b-4d43-b152-01b07f5f6106,c1,c3,1780,?,i3,
1769449562.4952347,RECEIVED,14e068d9-0272-49d0-b0bd-306c260b2bca,f7692e9c-fbeb-46e8-92ff-bb4646f79e86,c1,DROP,1452,p1,?,
1769449562.5079954,RECEIVED,7acd3a1d-54ff-4a71-8bb6-3593267cdaeb,f6c834f6-a4b8-4025-a960-415adaeb5df0,c2,c1,2459,p2,?,
1769449562.5313156,SENT,bf01cb25-bdf2-4d77-bc24-734e7f9f3b95,3a032f9d-87f9-4a0d-8c47-cca41c50c294,c2,c1,1776,?,i6,
1769449562.5313587,FORWARDED,bf01cb25-bdf2-4d77-bc24-734e7f9f3b95,3a032f9d-87f9-4a0d-8c47-cca41c50c294,c2,c1,1776,?,i6,
1769449562.685273,SENT,88fc9d24-38a0-4f79-8527-f2e4f39b9c6c,46d21ac9-358a-42d7-9225-2a456a0c1b01,c2,c1,1764,?,i9,
1769449562.685313,FORWARDED,88fc9d24-38a0-4f79-8527-f2e4f39b9c6c,46d21ac9-358a-42d7-9225-2a456a0c1b01,c2,c1,1764,?,i9,
1769449562.716931,SENT,14e068d9-0272-49d0-b0bd-306c260b2bca,f7692e9c-fbeb-46e8-92ff-bb4646f79e86,c1,DROP,1016,?,i8,
1769449562.7169745,FORWARDED,14e068d9-0272-49d0-b0bd-306c260b2bca,f7692e9c-fbeb-46e8-92ff-bb4646f79e86,c1,DROP,1016,?,i8,
1769449563.0114923,RECEIVED,aaf6b334-2929-4ace-9efc-6314fd939fd8,5b8c328e-009a-4999-8e2e-f8f0372091e4,c1,DROP,1431,p1,?,
1769449563.1141653,SENT,7acd3a1d-54ff-4a71-8bb6-3593267cdaeb,f6c834f6-a4b8-4025-a960-415adaeb5df0,c2,c1,1772,?,i7,
1769449563.1142066,FORWARDED,7acd3a1d-54ff-4a71-8bb6-3593267cdaeb,f6c834f6-a4b8-4025-a960-415adaeb5df0,c2,c1,1772,?,i7,
1769449563.1527412,SENT,aaf6b334-2929-4ace-9efc-6314fd939fd8,5b8c328e-009a-4999-8e2e-f8f0372091e4,c1,DROP,1002,?,i2,
1769449563.1527812,FORWARDED,aaf6b334-2929-4ace-9efc-6314fd939fd8,5b8c328e-009a-4999-8e2e-f8f0372091e4,c1,DROP,1002,?,i2,
1769449563.1587477,RECEIVED,bef97b56-3794-42b6-abb8-643377b612f7,9a6c0c54-46a2-462f-92ad-c5670621942e,c1,c3,2459,p1,?,
1769449563.216466,RECEIVED,76dfa70e-7c37-4e1c-921d-7519e35d03df,10762f99-5835-448b-8d67-ebb848b777c6,c3,c5,2460,p3,?,
1769449563.2717783,RECEIVED,7b4a9416-360a-42f4-9e6e-9e332e961d14,a20afe26-327a-4f6e-bdab-856870d9f1ee,c1,DROP,441,x9,?,
1769449563.3053916,SENT,76dfa70e-7c37-4e1c-921d-7519e35d03df,10762f99-5835-448b-8d67-ebb848b777c6,c3,c5,1771,?,i4,
1769449563.3054323,FORWARDED,76dfa70e-7c37-4e1c-921d-7519e35d03df,10762f99-5835-448b-8d67-ebb848b777c6,c3,c5,1771,?,i4,
1769449563.650257,SENT,6ced1a12-bbf1-4434-970a-4583f8ff3164,492fe639-7939-4b8d-9a14-061f02e685f6,c3,DROP,1008,?,i8,
1769449563.6502974,FORWARDED,6ced1a12-bbf1-4434-970a-4583f8ff3164,492fe639-7939-4b8d-9a14-061f02e685f6,c3,DROP,1008,?,i8,
1769449563.724663,RECEIVED,57336ff0-912b-4d23-a333-cbfce34df9fb,7d5a262b-c3bb-44ff-b267-6235029868da,c1,c3,2449,p1,?,
1769449563.7532763,SENT,57336ff0-912b-4d23-a333-cbfce34df9fb,7d5a262b-c3bb-44ff-b267-6235029868da,c1,c3,1762,?,i1,
1769449563.7533178,FORWARDED,57336ff0-912b-4d23-a333-cbfce34df9fb,7d5a262b-c3bb-44ff-b267-6235029868da,c1,c3,1762,?,i1,
1769449564.0279047,RECEIVED,0a53d110-f0f3-4ba8-9cac-43f80499a78e,53258f05-8fd9-4650-a768-322249101bf7,c1,c3,2443,p1,?,
1769449564.3189375,RECEIVED,0fb495aa-8698-4939-9b5e-a5e790d73e2d,ecefbd41-d4e6-4408-be96-74b4c1b50546,c4,DROP,1439,p1,?,
1769449564.567174,RECEIVED,396314e4-56ff-4589-a2f7-a59228340f15,01b30988-744f-482d-904c-6d5b6789de12,c4,DROP,1441,p1,?,
1769449564.5919771,SENT,396314e4-56ff-4589-a2f7-a59228340f15,01b30988-744f-482d-904c-6d5b6789de12,c4,DROP,1007,?,i12,
1769449564.592021,FORWARDED,396314e4-56ff-4589-a2f7-a59228340f15,01b30988-744f-482d-904c-6d5b6789de12,c4,DROP,1007,?,i12,
1769449564.597666,SENT,0a53d110-f0f3-4ba8-9cac-43f80499a78e,53258f05-8fd9-4650-a768-322249101bf7,c1,c3,1760,?,i9,
1769449564.5977104,FORWARDED,0a53d110-f0f3-4ba8-9cac-43f80499a78e,53258f05-8fd9-4650-a768-322249101bf7,c1,c3,1760,?,i9,
1769449564.9613652,SENT,0fb495aa-8698-4939-9b5e-a5e790d73e2d,ecefbd41-d4e6-4408-be96-74b4c1b50546,c4,DROP,1007,?,i9,
1769449564.9614077,FORWARDED,0fb495aa-8698-4939-9b5e-a5e790d73e2d,ecefbd41-d4e6-4408-be96-74b4c1b50546,c4,DROP,1007,?,i9,
1769449564.9654675,SENT,bef97b56-3794-42b6-abb8-643377b612f7,9a6c0c54-46a2-462f-92ad-c5670621942e,c1,c3,1772,?,i3,
1769449564.9655073,FORWARDED,bef97b56-3794-42b6-abb8-643377b612f7,9a6c0c54-46a2-462f-92ad-c5670621942e,c1,c3,1772,?,i3,
1769449565.2018988,RECEIVED,a0ed3720-6566-4bc8-b523-07daf735b547,6399ab6c-bdb4-4175-b17e-a431ef204fdf,c1,DROP,1439,p1,?,
1769449565.219445,RECEIVED,14018b9b-d0fe-4277-a860-1ff684712a96,4674470f-14e8-4589-a887-f2e612f24e57,c1,c3,2448,p1,?,
1769449565.2652185,RECEIVED,347ba9f4-f393-4da8-9b71-0510f9aca9a5,7540f26c-bc65-446d-b1f3-8110842743c4,c3,c5,2472,p3,?,
1769449565.2728782,RECEIVED,bde23f66-85ef-4e56-b1a1-4837440362c0,cc673204-ad5b-405d-8bca-37d86f7d750c,c2,c1,2459,p2,?,
1769449565.3222668,RECEIVED,a5f3a9f7-23f3-43ec-a994-23d9ae5144c9,27de8b18-b874-4e84-a3c7-2253685c5f1f,c2,DROP,1452,p2,?,
1769449565.3275838,SENT,347ba9f4-f393-4da8-9b71-0510f9aca9a5,7540f26c-bc65-446d-b1f3-8110842743c4,c3,c5,1781,?,i5,
1769449565.3276212,FORWARDED,347ba9f4-f393-4da8-9b71-0510f9aca9a5,7540f26c-bc65-446d-b1f3-8110842743c4,c3,c5,1781,?,i5,
1769449565.3904545,SENT,a5f3a9f7-23f3-43ec-a994-23d9ae5144c9,27de8b18-b874-4e84-a3c7-2253685c5f1f,c2,DROP,1015,?,i7,
1769449565.3904924,FORWARDED,a5f3a9f7-23f3-43ec-a994-23d9ae5144c9,27de8b18-b874-4e84-a3c7-2253685c5f1f,c2,DROP,1015,?,i7,
1769449565.6604116,RECEIVED,759ff457-86c5-4927-80e9-3965b05b8938,5926d0a1-6dc0-4bda-8baf-18321539d9db,c2,c1,2446,p2,?,
1769449565.6728232,RECEIVED,333a2657-ba08-4c93-9e72-2a74832fe168,33f0c6e0-3cf0-40fb-a09d-be5cdfbd5e90,c2,DROP,438,x6,?,
1769449565.8077831,SENT,a0ed3720-6566-4bc8-b523-07daf735b547,6399ab6c-bdb4-4175-b17e-a431ef204fdf,c1,DROP,1006,?,i5,
1769449565.8078253,FORWARDED,a0ed3720-6566-4bc8-b523-07daf735b547,6399ab6c-bdb4-4175-b17e-a431ef204fdf,c1,DROP,1006,?,i5,
1769449565.9163435,SENT,759ff457-86c5-4927-80e9-3965b05b8938,5926d0a1-6dc0-4bda-8baf-18321539d9db,c2,c1,1764,?,i2,
1769449565.916387,FORWARDED,759ff457-86c5-4927-80e9-3965b05b8938,5926d0a1-6dc0-4bda-8baf-18321539d9db,c2,c1,1764,?,i2,
1769449565.9898756,SENT,14018b9b-d0fe-4277-a860-1ff684712a96,4674470f-14e8-4589-a887-f2e612f24e57,c1,c3,1764,?,i10,
1769449565.989916,FORWARDED,14018b9b-d0fe-4277-a860-1ff684712a96,4674470f-14e8-4589-a887-f2e612f24e57,c1,c3,1764,?,i10,
1769449566.096503,RECEIVED,f85746a1-6164-47ff-a76c-d4a80d8d3698,6f809f85-da06-4b42-940c-c75a95010211,c3,DROP,1440,p3,?,
1769449566.1382196,RECEIVED,8b6d5c5f-9a12-4f39-b1d5-3f1dbf200023,6e489d88-eef3-4973-9e7c-08bef57f0cfd,c3,c5,2475,p3,?,
1769449566.1666045,RECEIVED,aaf1cfff-8d52-44de-b16a-6be3c3ade997,2d9ab1b7-79b1-4ce4-a66a-b14ba12053f9,c1,DROP,438,x3,?,
1769449566.1918342,SENT,f85746a1-6164-47ff-a76c-d4a80d8d3698,6f809f85-da06-4b42-940c-c75a95010211,c3,DROP,1007,?,i9,
1769449566.191871,FORWARDED,f85746a1-6164-47ff-a76c-d4a80d8d3698,6f809f85-da06-4b42-940c-c75a95010211,c3,DROP,1007,?,i9,
1769449566.2915883,RECEIVED,060ffda5-95a2-4751-b0bd-4d455a61fd3f,074a5476-4e0e-45e9-a2d9-a9e9e122d424,c1,c3,2459,p1,?,
1769449566.4335158,RECEIVED,ffe6c61e-fe02-4146-a545-fbe67a7297ee,b14b7916-9c97-4e2a-9cd3-71ff1035b381,c5,DROP,1458,p2,?,
1769449566.4343593,SENT,bde23f66-85ef-4e56-b1a1-4837440362c0,cc673204-ad5b-405d-8bca-37d86f7d750c,c2,c1,1771,?,i3,
1769449566.4343991,FORWARDED,bde23f66-85ef-4e56-b1a1-4837440362c0,cc673204-ad5b-405d-8bca-37d86f7d750c,c2,c1,1771,?,i3,
1769449566.4465468,SENT,ffe6c61e-fe02-4146-a545-fbe67a7297ee,b14b7916-9c97-4e2a-9cd3-71ff1035b381,c5,DROP,1018,?,i10,
1769449566.446586,FORWARDED,ffe6c61e-fe02-4146-a545-fbe67a7297ee,b14b7916-9c97-4e2a-9cd3-71ff1035b381,c5,DROP,1018,?,i10,
1769449566.468141,SENT,8b6d5c5f-9a12-4f39-b1d5-3f1dbf200023,6e489d88-eef3-4973-9e7c-08bef57f0cfd,c3,c5,1785,?,i1,
1769449566.468188,FORWARDED,8b6d5c5f-9a12-4f39-b1d5-3f1dbf200023,6e489d88-eef3-4973-9e7c-08bef57f0cfd,c3,c5,1785,?,i1,
1769449566.4709055,SENT,060ffda5-95a2-4751-b0bd-4d455a61fd3f,074a5476-4e0e-45e9-a2d9-a9e9e122d424,c1,c3,1773,?,i4,
1769449566.4709473,FORWARDED,060ffda5-95a2-4751-b0bd-4d455a61fd3f,074a5476-4e0e-45e9-a2d9-a9e9e122d424,c1,c3,1773,?,i4,
1769449566.6472225,RECEIVED,5cd20f57-5863-4924-bbcd-6e2ce17f5069,8473763e-a9b5-4653-ba07-bc7696d9b999,c1,c3,2459,p1,?,
1769449566.8803182,RECEIVED,4a9359ba-4593-45c1-894b-e334dd157080,79f6a0e6-aea0-4e87-8c43-6c5f8dc452a6,c5,c4,2456,p2,?,
1769449566.9852276,SENT,5cd20f57-5863-4924-bbcd-6e2ce17f5069,8473763e-a9b5-4653-ba07-bc7696d9b999,c1,c3,1773,?,i4,
1769449566.985267,FORWARDED,5cd20f57-5863-4924-bbcd-6e2ce17f5069,8473763e-a9b5-4653-ba07-bc7696d9b999,c1,c3,1773,?,i4,
1769449567.0311408,RECEIVED,c8e899db-8f41-4963-a035-eb2a47e9473e,02ec5512-29b9-49ae-aff3-7f292c01213d,c1,c3,2475,p1,?,
1769449567.0349746,RECEIVED,09b6742a-9a21-478c-90d3-858f3206a22a,40a677eb-6fee-42a5-8ade-fd9e5a5b6338,c1,c3,2476,p1,?,
1769449567.1391292,SENT,4a9359ba-4593-45c1-894b-e334dd157080,79f6a0e6-aea0-4e87-8c43-6c5f8dc452a6,c5,c4,1768,?,i3,
1769449567.1391716,FORWARDED,4a9359ba-4593-45c1-894b-e334dd157080,79f6a0e6-aea0-4e87-8c43-6c5f8dc452a6,c5,c4,1768,?,i3,
1769449567.1727588,SENT,09b6742a-9a21-478c-90d3-858f3206a22a,40a677eb-6fee-42a5-8ade-fd9e5a5b6338,c1,c3,1783,?,i7,
1769449567.1728022,FORWARDED,09b6742a-9a21-478c-90d3-858f3206a22a,40a677eb-6fee-42a5-8ade-fd9e5a5b6338,c1,c3,1783,?,i7,
1769449567.233601,RECEIVED,dd816f78-3820-4810-91fa-1e5c05003f17,2eb7dde0-c21c-4ba3-9565-3210416611a2,c5,DROP,1443,p2,?,
1769449567.2347076,SENT,c8e899db-8f41-4963-a035-eb2a47e9473e,02ec5512-29b9-49ae-aff3-7f292c01213d,c1,c3,1784,?,i9,
1769449567.2347476,FORWARDED,c8e899db-8f41-4963-a035-eb2a47e9473e,02ec5512-29b9-49ae-aff3-7f292c01213d,c1,c3,1784,?,i9,
1769449567.526243,RECEIVED,995822c0-a932-43d1-b40f-996c9a3955d2,6f4f20c7-8f64-4cb7-b678-74091213e92b,c1,c3,2480,p1,?,
1769449567.8071637,RECEIVED,827a045f-e782-4d17-a424-febbabcd6d79,c49e3096-fd91-4ae4-a0ad-cd968d68d13d,c4,c5,2464,p1,?,
1769449567.9665072,RECEIVED,e5db0304-24a8-462c-a724-a92756b1bfaf,0442acca-b361-4976-a157-17cac777f34e,c5,c4,2460,p2,?,
1769449568.0814002,SENT,827a045f-e782-4d17-a424-febbabcd6d79,c49e3096-fd91-4ae4-a0ad-cd968d68d13d,c4,c5,1775,?,i6,
1769449568.081441,FORWARDED,827a045f-e782-4d17-a424-febbabcd6d79,c49e3096-fd91-4ae4-a0ad-cd968d68d13d,c4,c5,1775,?,i6,
1769449568.186858,RECEIVED,cee8ee01-b488-4325-841b-ee9e830d7d1e,a326b3a1-be8b-4ad8-b9aa-c9644c81a8ca,c2,c1,2459,p2,?,
1769449568.205909,SENT,995822c0-a932-43d1-b40f-996c9a3955d2,6f4f20c7-8f64-4cb7-b678-74091213e92b,c1,c3,1786,?,i11,
1769449568.205951,FORWARDED,995822c0-a932-43d1-b40f-996c9a3955d2,6f4f20c7-8f64-4cb7-b678-74091213e92b,c1,c3,1786,?,i11,
1769449568.2247303,RECEIVED,0dd526ec-f328-451b-8798-146985a2f155,5b4fff0c-fec9-4828-9d15-97fd4de40194,c4,DROP,1440,p1,?,
1769449568.227735,SENT,dd816f78-3820-4810-91fa-1e5c05003f17,2eb7dde0-c21c-4ba3-9565-3210416611a2,c5,DROP,1009,?,i1,
1769449568.227779,FORWARDED,dd816f78-3820-4810-91fa-1e5c05003f17,2eb7dde0-c21c-4ba3-9565-3210416611a2,c5,DROP,1009,?,i1,
1769449568.280748,RECEIVED,4c4376c9-e15d-4079-9efe-3296bbfec570,15c3f348-0fc3-4047-a366-efd7416ee9f4,c4,DROP,1439,p1,?,
1769449568.3019178,SENT,e5db0304-24a8-462c-a724-a92756b1bfaf,0442acca-b361-4976-a157-17cac777f34e,c5,c4,1772,?,i5,
1769449568.3019605,FORWARDED,e5db0304-24a8-462c-a724-a92756b1bfaf,0442acca-b361-4976-a157-17cac777f34e,c5,c4,1772,?,i5,
1769449568.36986,RECEIVED,e9825391-f045-40b5-bc3a-77ef841fdede,c128b52b-6658-4bfc-89ee-82ece83faf0d,c2,c1,2468,p2,?,
1769449568.3928938,RECEIVED,e388721a-ab37-40c1-95ba-4105f292e4f5,414c6e00-2279-4e7a-8550-96273cf260e7,c4,DROP,1446,p1,?,
1769449568.4549892,SENT,e388721a-ab37-40c1-95ba-4105f292e4f5,414c6e00-2279-4e7a-8550-96273cf260e7,c4,DROP,1011,?,i12,
1769449568.4550326,FORWARDED,e388721a-ab37-40c1-95ba-4105f292e4f5,414c6e00-2279-4e7a-8550-96273cf260e7,c4,DROP,1011,?,i12,
1769449568.4616628,RECEIVED,366fbc82-8e81-4915-9c37-60c23443ee9c,038bc046-f4b1-4eb8-bb87-8803a15e4a91,c3,DROP,441,x3,?,
1769449568.5890663,SENT,0dd526ec-f328-451b-8798-146985a2f155,5b4fff0c-fec9-4828-9d15-97fd4de40194,c4,DROP,1008,?,i6,
1769449568.5891151,FORWARDED,0dd526ec-f328-451b-8798-146985a2f155,5b4fff0c-fec9-4828-9d15-97fd4de40194,c4,DROP,1008,?,i6,
1769449568.6220152,RECEIVED,2b95c91f-5069-477d-8a9a-c1ef558e69d5,8d49a961-8082-40ba-8694-d364ca2e3986,c5,c4,2466,p2,?,
1769449568.6589453,RECEIVED,3fea218c-8dea-4519-a5d5-7dcdcacefca4,bcbeccd8-2adc-4770-ae0a-2839909353ac,c1,c3,2447,p1,?,
1769449568.716154,SENT,cee8ee01-b488-4325-841b-ee9e830d7d1e,a326b3a1-be8b-4ad8-b9aa-c9644c81a8ca,c2,c1,1771,?,i7,
1769449568.716193,FORWARDED,cee8ee01-b488-4325-841b-ee9e830d7d1e,a326b3a1-be8b-4ad8-b9aa-c9644c81a8ca,c2,c1,1771,?,i7,
1769449568.882235,SENT,e9825391-f045-40b5-bc3a-77ef841fdede,c128b52b-6658-4bfc-89ee-82ece83faf0d,c2,c1,1778,?,i12,
1769449568.882276,FORWARDED,e9825391-f045-40b5-bc3a-77ef841fdede,c128b52b-6658-4bfc-89ee-82ece83faf0d,c2,c1,1778,?,i12,
1769449568.9964187,SENT,4c4376c9-e15d-4079-9efe-3296bbfec570,15c3f348-0fc3-4047-a366-efd7416ee9f4,c4,DROP,1008,?,i2,
1769449568.996462,FORWARDED,4c4376c9-e15d-4079-9efe-3296bbfec570,15c3f348-0fc3-4047-a366-efd7416ee9f4,c4,DROP,1008,?,i2,
1769449569.6038322,RECEIVED,74170faf-06be-4a2e-bab2-477660d9d02b,7b7e1f38-af0f-476c-8019-e0879a093005,c4,c5,2447,p1,?,
1769449569.661038,SENT,2b95c91f-5069-477d-8a9a-c1ef558e69d5,8d49a961-8082-40ba-8694-d364ca2e3986,c5,c4,1777,?,i1,
1769449569.6613407,FORWARDED,2b95c91f-5069-477d-8a9a-c1ef558e69d5,8d49a961-8082-40ba-8694-d364ca2e3986,c5,c4,1777,?,i1,
1769449569.8494458,RECEIVED,7fadefab-9195-4ab9-adc2-149abe3da5f6,e07cd42c-097d-4441-925b-394292eb915e,c1,c3,2461,p1,?,
1769449569.9238052,SENT,74170faf-06be-4a2e-bab2-477660d9d02b,7b7e1f38-af0f-476c-8019-e0879a093005,c4,c5,1764,?,i1,
1769449569.9238434,FORWARDED,74170faf-06be-4a2e-bab2-477660d9d02b,7b7e1f38-af0f-476c-8019-e0879a093005,c4,c5,1764,?,i1,
1769449569.957678,RECEIVED,879b4af0-4b4f-4d48-b054-8173dc2b4dff,794af29f-2b74-4caf-a36b-541e90998c04,c3,DROP,1440,p3,?,
1769449570.025137,SENT,879b4af0-4b4f-4d48-b054-8173dc2b4dff,794af29f-2b74-4caf-a36b-541e90998c04,c3,DROP,1007,?,i7,
1769449570.0251849,FORWARDED,879b4af0-4b4f-4d48-b054-8173dc2b4dff,794af29f-2b74-4caf-a36b-541e90998c04,c3,DROP,1007,?,i7,
1769449570.026965,SENT,7fadefab-9195-4ab9-adc2-149abe3da5f6,e07cd42c-097d-4441-925b-394292eb915e,c1,c3,1771,?,i12,
1769449570.0270028,FORWARDED,7fadefab-9195-4ab9-adc2-149abe3da5f6,e07cd42c-097d-4441-925b-394292eb915e,c1,c3,1771,?,i12,
1769449570.0387502,SENT,3fea218c-8dea-4519-a5d5-7dcdcacefca4,bcbeccd8-2adc-4770-ae0a-2839909353ac,c1,c3,1764,?,i8,
1769449570.0387897,FORWARDED,3fea218c-8dea-4519-a5d5-7dcdcacefca4,bcbeccd8-2adc-4770-ae0a-2839909353ac,c1,c3,1764,?,i8,
1769449570.0847049,RECEIVED,0ad01af6-52d0-4888-b434-514b128d6a8c,3e3629ce-9af3-4096-8c98-ee1bd1269bbb,c4,DROP,1441,p1,?,
1769449570.09068,SENT,0ad01af6-52d0-4888-b434-514b128d6a8c,3e3629ce-9af3-4096-8c98-ee1bd1269bbb,c4,DROP,1008,?,i9,
1769449570.0907202,FORWARDED,0ad01af6-52d0-4888-b434-514b128d6a8c,3e3629ce-9af3-4096-8c98-ee1bd1269bbb,c4,DROP,1008,?,i9,
1769449570.1282322,RECEIVED,ce3fc036-15c4-4bfd-9f3c-310931ac34cf,ab26fa10-8809-4a30-979b-8bda0b8cba14,c1,DROP,1434,p1,?,
1769449570.1747198,RECEIVED,a36a1bfa-8a48-4628-92c6-d560bb8e6c42,d617a8cd-c055-4519-9613-c98fd620842f,c3,DROP,1448,p3,?,
1769449570.3399246,SENT,a36a1bfa-8a48-4628-92c6-d560bb8e6c42,d617a8cd-c055-4519-9613-c98fd620842f,c3,DROP,1012,?,i2,
1769449570.3399668,FORWARDED,a36a1bfa-8a48-4628-92c6-d560bb8e6c42,d617a8cd-c055-4519-9613-c98fd620842f,c3,DROP,1012,?,i2,
1769449570.3676457,RECEIVED,3648ffce-841b-4e66-b8b8-fa2979dd6219,ae36367d-d7d5-4f51-b0db-0cc636f9cd9b,c4,c5,2472,p1,?,
1769449570.498984,RECEIVED,37e50c92-b829-4c56-9634-1095023a8da0,d3bb8c2c-4b6b-4d3c-af30-2de88839a7d2,c5,c4,2454,p2,?,
1769449570.516097,RECEIVED,9a4fef1d-0e9d-4879-ad2a-bfb596ba5b92,34bb74b7-62c6-4211-b59a-620d98d8f12b,c3,DROP,1447,p3,?,
1769449570.5420299,SENT,37e50c92-b829-4c56-9634-1095023a8da0,d3bb8c2c-4b6b-4d3c-af30-2de88839a7d2,c5,c4,1767,?,i9,
1769449570.5420828,FORWARDED,37e50c92-b829-4c56-9634-1095023a8da0,d3bb8c2c-4b6b-4d3c-af30-2de88839a7d2,c5,c4,1767,?,i9,
1769449570.5740116,SENT,3648ffce-841b-4e66-b8b8-fa2979dd6219,ae36367d-d7d5-4f51-b0db-0cc636f9cd9b,c4,c5,1780,?,i2,
1769449570.5743637,FORWARDED,3648ffce-841b-4e66-b8b8-fa2979dd6219,ae36367d-d7d5-4f51-b0db-0cc636f9cd9b,c4,c5,1780,?,i2,
1769449570.8872354,RECEIVED,e92b8d7f-2721-4564-b4c2-2a5b59990d17,235b5029-f1eb-40cc-8c56-bd787e568aa2,c3,DROP,1444,p3,?,
1769449570.9104223,RECEIVED,a3fc6a28-a4ec-4ef2-afbf-dd73c9e688ce,0d56c163-dbc2-4551-b112-ed0361f1b9c5,c3,DROP,1450,p3,?,
1769449571.0554507,SENT,a3fc6a28-a4ec-4ef2-afbf-dd73c9e688ce,0d56c163-dbc2-4551-b112-ed0361f1b9c5,c3,DROP,1016,?,i9,
1769449571.055492,FORWARDED,a3fc6a28-a4ec-4ef2-afbf-dd73c9e688ce,0d56c163-dbc2-4551-b112-ed0361f1b9c5,c3,DROP,1016,?,i9,
1769449571.1432903,SENT,e92b8d7f-2721-4564-b4c2-2a5b59990d17,235b5029-f1eb-40cc-8c56-bd787e568aa2,c3,DROP,1011,?,i4,
1769449571.143333,FORWARDED,e92b8d7f-2721-4564-b4c2-2a5b59990d17,235b5029-f1eb-40cc-8c56-bd787e568aa2,c3,DROP,1011,?,i4,
1769449571.3566518,SENT,ce3fc036-15c4-4bfd-9f3c-310931ac34cf,ab26fa10-8809-4a30-979b-8bda0b8cba14,c1,DROP,1005,?,i3,
1769449571.3566928,FORWARDED,ce3fc036-15c4-4bfd-9f3c-310931ac34cf,ab26fa10-8809-4a30-979b-8bda0b8cba14,c1,DROP,1005,?,i3,
1769449571.358397,RECEIVED,8e1e40cc-d138-4d3d-b285-6147b4598598,aecc2fed-b5a3-4946-82fe-6498992de830,c2,DROP,1435,p2,?,
1769449571.41682,SENT,9a4fef1d-0e9d-4879-ad2a-bfb596ba5b92,34bb74b7-62c6-4211-b59a-620d98d8f12b,c3,DROP,1012,?,i5,
1769449571.4168606,FORWARDED,9a4fef1d-0e9d-4879-ad2a-bfb596ba5b92,34bb74b7-62c6-4211-b59a-620d98d8f12b,c3,DROP,1012,?,i5,
1769449571.5050445,RECEIVED,a0e2aced-e1f0-40a1-8cf9-0c5df62efb01,b1939126-81c6-4dfd-b17c-b61678476e69,c2,c1,2459,p2,?,
1769449571.8389099,RECEIVED,bc1e8af6-48ee-4e25-832b-98c9497c3366,70727b72-be32-47d8-8dba-90dc91681d6d,c3,DROP,1445,p3,?,
1769449571.9192598,SENT,bc1e8af6-48ee-4e25-832b-98c9497c3366,70727b72-be32-47d8-8dba-90dc91681d6d,c3,DROP,1011,?,i2,
1769449571.9192994,FORWARDED,bc1e8af6-48ee-4e25-832b-98c9497c3366,70727b72-be32-47d8-8dba-90dc91681d6d,c3,DROP,1011,?,i2,
1769449572.0684664,RECEIVED,13385f0b-370b-4d1b-ac5f-0910ce97ad39,19802e4b-3374-46e5-981e-d58e82c9f6c6,c1,DROP,1447,p1,?,
1769449572.3558233,RECEIVED,516f3055-3172-4194-94cf-c6026093b735,5d6dc0df-23a4-4787-a864-34db0b8c3d92,c4,DROP,1441,p1,?,
1769449572.426361,SENT,516f3055-3172-4194-94cf-c6026093b735,5d6dc0df-23a4-4787-a864-34db0b8c3d92,c4,DROP,1008,?,i6,
1769449572.4264038,FORWARDED,516f3055-3172-4194-94cf-c6026093b735,5d6dc0df-23a4-4787-a864-34db0b8c3d92,c4,DROP,1008,?,i6,
1769449572.5339527,SENT,a0e2aced-e1f0-40a1-8cf9-0c5df62efb01,b1939126-81c6-4dfd-b17c-b61678476e69,c2,c1,1772,?,i7,
1769449572.5339947,FORWARDED,a0e2aced-e1f0-40a1-8cf9-0c5df62efb01,b1939126-81c6-4dfd-b17c-b61678476e69,c2,c1,1772,?,i7,
1769449572.5899303,RECEIVED,b015cc4b-86cc-476c-a1bd-3e01999bbedd,5b47e119-fdfa-433c-b811-61e73941e23d,c4,c5,2453,p1,?,
1769449572.5955353,RECEIVED,61069e5f-e109-4c79-8bfc-0c04044a8867,e2e04876-2d81-40b6-b260-305984d98e91,c4,c5,2450,p1,?,
1769449572.6355324,SENT,b015cc4b-86cc-476c-a1bd-3e01999bbedd,5b47e119-fdfa-433c-b811-61e73941e23d,c4,c5,1767,?,i4,
1769449572.6355753,FORWARDED,b015cc4b-86cc-476c-a1bd-3e01999bbedd,5b47e119-fdfa-433c-b811-61e73941e23d,c4,c5,1767,?,i4,
1769449572.673718,RECEIVED,861022df-070c-4177-aebf-c55ba4581bf2,d07217c0-95eb-449b-90ff-096bfebc4ebd,c4,c5,2464,p1,?,
1769449572.6778398,SENT,13385f0b-370b-4d1b-ac5f-0910ce97ad39,19802e4b-3374-46e5-981e-d58e82c9f6c6,c1,DROP,1014,?,i6,
1769449572.6778777,FORWARDED,13385f0b-370b-4d1b-ac5f-0910ce97ad39,19802e4b-3374-46e5-981e-d58e82c9f6c6,c1,DROP,1014,?,i6,
1769449572.707375,RECEIVED,5de60c37-91e9-41cf-9386-48013444a422,25492121-8e19-44ff-b0a9-126512883b15,c1,DROP,441,x6,?,
1769449572.8002658,RECEIVED,045482a6-eda2-427e-8d59-18d5b344228b,4263aa2f-0703-4281-a050-627ef2a51039,c1,c3,2461,p1,?,
1769449572.822695,RECEIVED,d240e163-63b7-4fb3-8097-3f5f6a2220c9,1afb20db-bc06-4b62-a04d-290caf82bbd7,c5,DROP,1452,p2,?,
1769449572.8825388,RECEIVED,fcc9478f-4045-496a-a1f4-1da192c0742d,25faec80-c439-4e53-8929-5f2cfaea13ab,c3,c5,2460,p3,?,
1769449572.8876207,SENT,8e1e40cc-d138-4d3d-b285-6147b4598598,aecc2fed-b5a3-4946-82fe-6498992de830,c2,DROP,1004,?,i6,
1769449572.8876715,FORWARDED,8e1e40cc-d138-4d3d-b285-6147b4598598,aecc2fed-b5a3-4946-82fe-6498992de830,c2,DROP,1004,?,i6,
1769449572.9315817,SENT,d240e163-63b7-4fb3-8097-3f5f6a2220c9,1afb20db-bc06-4b62-a04d-290caf82bbd7,c5,DROP,1015,?,i7,
1769449572.931625,FORWARDED,d240e163-63b7-4fb3-8097-3f5f6a2220c9,1afb20db-bc06-4b62-a04d-290caf82bbd7,c5,DROP,1015,?,i7,
1769449572.9782238,RECEIVED,fedf8980-afd8-4e7f-a7c7-decdd4bb7a1e,6c62b6b0-afcb-44a8-bf1a-1c37c03eff18,c3,c5,2467,p3,?,
1769449573.0156,RECEIVED,682169fe-c558-4c28-9eec-8d513fbe67c0,542aeab9-f466-425e-b4ce-6e99342616e3,c3,DROP,1446,p3,?,
1769449573.0661085,SENT,045482a6-eda2-427e-8d59-18d5b344228b,4263aa2f-0703-4281-a050-627ef2a51039,c1,c3,1773,?,i11,
1769449573.06615,FORWARDED,045482a6-eda2-427e-8d59-18d5b344228b,4263aa2f-0703-4281-a050-627ef2a51039,c1,c3,1773,?,i11,
1769449573.1117597,RECEIVED,396d947e-c9d9-4232-aa3e-294a0b93f2c5,0389010d-7e14-4a95-bfe0-c8f9369ab54c,c2,DROP,1444,p2,?,
1769449573.1185982,SENT,fcc9478f-4045-496a-a1f4-1da192c0742d,25faec80-c439-4e53-8929-5f2cfaea13ab,c3,c5,1773,?,i8,
1769449573.118638,FORWARDED,fcc9478f-4045-496a-a1f4-1da192c0742d,25faec80-c439-4e53-8929-5f2cfaea13ab,c3,c5,1773,?,i8,
1769449573.188989,RECEIVED,fbf3ccd3-3a46-4144-a026-5a6afd4d25de,9e248536-5472-4f46-aeb5-86318f455b0b,c5,c4,2465,p2,?,
1769449573.2599554,RECEIVED,8fe5daba-4552-4675-ae68-b7dfb637c749,4659b942-a90b-4bc6-85fc-3a1c0d386ce0,c5,DROP,1444,p2,?,
1769449573.2937634,SENT,682169fe-c558-4c28-9eec-8d513fbe67c0,542aeab9-f466-425e-b4ce-6e99342616e3,c3,DROP,1012,?,i4,
1769449573.2938056,FORWARDED,682169fe-c558-4c28-9eec-8d513fbe67c0,542aeab9-f466-425e-b4ce-6e99342616e3,c3,DROP,1012,?,i4,
1769449573.304434,RECEIVED,7e295e42-766a-4f0d-8446-d8585ada195b,869efed7-9bf9-4d9d-813b-ef4ab7359e87,c4,c5,2463,p1,?,
1769449573.3087544,SENT,8fe5daba-4552-4675-ae68-b7dfb637c749,4659b942-a90b-4bc6-85fc-3a1c0d386ce0,c5,DROP,1011,?,i3,
1769449573.3087952,FORWARDED,8fe5daba-4552-4675-ae68-b7dfb637c749,4659b942-a90b-4bc6-85fc-3a1c0d386ce0,c5,DROP,1011,?,i3,
1769449573.3180754,RECEIVED,8a18ac0c-609e-43ea-8d8f-32172b525e85,eed3fdb5-395d-47a2-9961-c76f5865b6a3,c5,DROP,1443,p2,?,
1769449573.3210802,SENT,396d947e-c9d9-4232-aa3e-294a0b93f2c5,0389010d-7e14-4a95-bfe0-c8f9369ab54c,c2,DROP,1011,?,i6,
1769449573.3211215,FORWARDED,396d947e-c9d9-4232-aa3e-294a0b93f2c5,0389010d-7e14-4a95-bfe0-c8f9369ab54c,c2,DROP,1011,?,i6,
1769449573.3531134,RECEIVED,5f03c2ff-7464-46df-99f3-8995723ac347,c99437e5-dd6b-4895-b892-83fc161c8308,c3,c5,2448,p3,?,
1769449573.3585057,RECEIVED,961dd995-964c-4f46-aba3-23aa6c973ae9,3c05503d-6c53-429c-a7a4-b7c5d8bbb404,c2,DROP,1439,p2,?,
1769449573.4022217,SENT,fbf3ccd3-3a46-4144-a026-5a6afd4d25de,9e248536-5472-4f46-aeb5-86318f455b0b,c5,c4,1776,?,i12,
1769449573.402264,FORWARDED,fbf3ccd3-3a46-4144-a026-5a6afd4d25de,9e248536-5472-4f46-aeb5-86318f455b0b,c5,c4,1776,?,i12,
1769449573.4925547,SENT,5f03c2ff-7464-46df-99f3-8995723ac347,c99437e5-dd6b-4895-b892-83fc161c8308,c3,c5,1763,?,i9,
1769449573.4925952,FORWARDED,5f03c2ff-7464-46df-99f3-8995723ac347,c99437e5-dd6b-4895-b892-83fc161c8308,c3,c5,1763,?,i9,
1769449573.5696144,SENT,861022df-070c-4177-aebf-c55ba4581bf2,d07217c0-95eb-449b-90ff-096bfebc4ebd,c4,c5,1775,?,i12,
1769449573.5696535,FORWARDED,861022df-070c-4177-aebf-c55ba4581bf2,d07217c0-95eb-449b-90ff-096bfebc4ebd,c4,c5,1775,?,i12,
1769449573.649121,RECEIVED,22f96cdf-82f0-4d12-88e1-1d34dc353459,60e77fc5-7702-4088-9b27-c87b296fcd49,c2,DROP,1452,p2,?,
1769449573.8949947,SENT,22f96cdf-82f0-4d12-88e1-1d34dc353459,60e77fc5-7702-4088-9b27-c87b296fcd49,c2,DROP,1017,?,i7,
1769449573.8950362,FORWARDED,22f96cdf-82f0-4d12-88e1-1d34dc353459,60e77fc5-7702-4088-9b27-c87b296fcd49,c2,DROP,1017,?,i7,
1769449573.948361,SENT,8a18ac0c-609e-43ea-8d8f-32172b525e85,eed3fdb5-395d-47a2-9961-c76f5865b6a3,c5,DROP,1011,?,i8,
1769449573.948402,FORWARDED,8a18ac0c-609e-43ea-8d8f-32172b525e85,eed3fdb5-395d-47a2-9961-c76f5865b6a3,c5,DROP,1011,?,i8,
1769449574.0661259,SENT,fedf8980-afd8-4e7f-a7c7-decdd4bb7a1e,6c62b6b0-afcb-44a8-bf1a-1c37c03eff18,c3,c5,1779,?,i6,
1769449574.066189,FORWARDED,fedf8980-afd8-4e7f-a7c7-decdd4bb7a1e,6c62b6b0-afcb-44a8-bf1a-1c37c03eff18,c3,c5,1779,?,i6,
1769449574.073979,SENT,61069e5f-e109-4c79-8bfc-0c04044a8867,e2e04876-2d81-40b6-b260-305984d98e91,c4,c5,1767,?,i7,
1769449574.0740201,FORWARDED,61069e5f-e109-4c79-8bfc-0c04044a8867,e2e04876-2d81-40b6-b260-305984d98e91,c4,c5,1767,?,i7,
1769449574.1337297,RECEIVED,db68a9fa-0385-499b-8106-05c110e6cea2,f7468e30-bc12-4802-b670-cd0a4f391716,c3,DROP,1451,p3,?,
1769449574.2609057,RECEIVED,1c3389d1-bb9c-42b6-8140-9ce983c9393b,7e8f36bd-3ed0-416e-a2e7-202d3891185f,c3,DROP,1440,p3,?,
1769449574.2969472,RECEIVED,9d79f5e6-a844-430b-8cf6-3d3adb70a5dd,e64f528f-cc9e-431c-86ab-5539216bb4e3,c5,c4,2464,p2,?,
1769449574.3520825,RECEIVED,61104b48-553a-4d21-96d2-701650a40d3f,d648582f-9f95-49a2-ad5a-dc989bb126b3,c5,c4,2455,p2,?,
1769449574.5693238,RECEIVED,c7ca570d-ca39-44ec-9d36-e28d37adbc15,720a17fe-7402-47c2-b18e-5d04165029a1,c1,DROP,1439,p1,?,
1769449574.6128385,SENT,7e295e42-766a-4f0d-8446-d8585ada195b,869efed7-9bf9-4d9d-813b-ef4ab7359e87,c4,c5,1775,?,i6,
1769449574.6128778,FORWARDED,7e295e42-766a-4f0d-8446-d8585ada195b,869efed7-9bf9-4d9d-813b-ef4ab7359e87,c4,c5,1775,?,i6,
1769449574.687844,RECEIVED,dd181dae-8f85-4cc3-b4cc-a5005a226204,2a77aded-e448-47f4-b93e-db46bde49298,c2,DROP,1440,p2,?,
1769449574.6957147,RECEIVED,64d81deb-6c3d-4f56-acd9-8aad01cb1c37,b74000cc-b6fb-4973-8135-66dfb965c35d,c1,c3,2463,p1,?,
1769449574.7639768,RECEIVED,f9b2447c-75a9-44ca-b196-8bca3d659e78,92316ac4-6d1b-4ffe-83ed-a182b863173d,c2,c1,2472,p2,?,
1769449574.7893944,SENT,9d79f5e6-a844-430b-8cf6-3d3adb70a5dd,e64f528f-cc9e-431c-86ab-5539216bb4e3,c5,c4,1775,?,i2,
1769449574.7894359,FORWARDED,9d79f5e6-a844-430b-8cf6-3d3adb70a5dd,e64f528f-cc9e-431c-86ab-5539216bb4e3,c5,c4,1775,?,i2,
1769449574.8412516,SENT,dd181dae-8f85-4cc3-b4cc-a5005a226204,2a77aded-e448-47f4-b93e-db46bde49298,c2,DROP,1008,?,i1,
1769449574.841291,FORWARDED,dd181dae-8f85-4cc3-b4cc-a5005a226204,2a77aded-e448-47f4-b93e-db46bde49298,c2,DROP,1008,?,i1,
1769449574.8498502,SENT,64d81deb-6c3d-4f56-acd9-8aad01cb1c37,b74000cc-b6fb-4973-8135-66dfb965c35d,c1,c3,1776,?,i7,
1769449574.8498895,FORWARDED,64d81deb-6c3d-4f56-acd9-8aad01cb1c37,b74000cc-b6fb-4973-8135-66dfb965c35d,c1,c3,1776,?,i7,
1769449574.8542967,SENT,c7ca570d-ca39-44ec-9d36-e28d37adbc15,720a17fe-7402-47c2-b18e-5d04165029a1,c1,DROP,1008,?,i6,
1769449574.85434,FORWARDED,c7ca570d-ca39-44ec-9d36-e28d37adbc15,720a17fe-7402-47c2-b18e-5d04165029a1,c1,DROP,1008,?,i6,
1769449574.9011457,SENT,961dd995-964c-4f46-aba3-23aa6c973ae9,3c05503d-6c53-429c-a7a4-b7c5d8bbb404,c2,DROP,1007,?,i5,
1769449574.9011827,FORWARDED,961dd995-964c-4f46-aba3-23aa6c973ae9,3c05503d-6c53-429c-a7a4-b7c5d8bbb404,c2,DROP,1007,?,i5,
1769449574.9542649,SENT,61104b48-553a-4d21-96d2-701650a40d3f,d648582f-9f95-49a2-ad5a-dc989bb126b3,c5,c4,1769,?,i7,
1769449574.9543056,FORWARDED,61104b48-553a-4d21-96d2-701650a40d3f,d648582f-9f95-49a2-ad5a-dc989bb126b3,c5,c4,1769,?,i7,
1769449575.0731094,RECEIVED,5e7a5529-5f9e-48fc-83d5-4da67be8eac9,167f0e53-7ff5-4d9a-8b81-2480e1a9a2b6,c3,c5,2460,p3,?,
1769449575.0856616,SENT,f9b2447c-75a9-44ca-b196-8bca3d659e78,92316ac4-6d1b-4ffe-83ed-a182b863173d,c2,c1,1780,?,i9,
1769449575.0856984,FORWARDED,f9b2447c-75a9-44ca-b196-8bca3d659e78,92316ac4-6d1b-4ffe-83ed-a182b863173d,c2,c1,1780,?,i9,
1769449575.1209843,RECEIVED,3fe044e1-6411-4931-8e3f-5b8d2ef786c5,7d786813-a732-4885-ba12-6080b1af5204,c5,DROP,438,x3,?,
1769449575.1573007,RECEIVED,256601b6-30c1-47b8-ace6-43b394f1c11c,d83dfb61-8daa-4081-83d4-26328e342c29,c3,c5,2472,p3,?,
1769449575.248777,SENT,1c3389d1-bb9c-42b6-8140-9ce983c9393b,7e8f36bd-3ed0-416e-a2e7-202d3891185f,c3,DROP,1006,?,i10,
1769449575.2488186,FORWARDED,1c3389d1-bb9c-42b6-8140-9ce983c9393b,7e8f36bd-3ed0-416e-a2e7-202d3891185f,c3,DROP,1006,?,i10,
1769449575.460286,SENT,5e7a5529-5f9e-48fc-83d5-4da67be8eac9,167f0e53-7ff5-4d9a-8b81-2480e1a9a2b6,c3,c5,1772,?,i3,
1769449575.4603267,FORWARDED,5e7a5529-5f9e-48fc-83d5-4da67be8eac9,167f0e53-7ff5-4d9a-8b81-2480e1a9a2b6,c3,c5,1772,?,i3,
1769449575.5541227,SENT,db68a9fa-0385-499b-8106-05c110e6cea2,f7468e30-bc12-4802-b670-cd0a4f391716,c3,DROP,1016,?,i3,
1769449575.554174,FORWARDED,db68a9fa-0385-499b-8106-05c110e6cea2,f7468e30-bc12-4802-b670-cd0a4f391716,c3,DROP,1016,?,i3,
1769449575.5569882,SENT,256601b6-30c1-47b8-ace6-43b394f1c11c,d83dfb61-8daa-4081-83d4-26328e342c29,c3,c5,1780,?,i7,
1769449575.557029,FORWARDED,256601b6-30c1-47b8-ace6-43b394f1c11c,d83dfb61-8daa-4081-83d4-26328e342c29,c3,c5,1780,?,i7,
1769449575.8828518,RECEIVED,fc24dcf8-1e95-417a-a68d-8dd04cc11d08,f3cfd7da-f1cc-483f-84ef-7ea86f9132f0,c2,c1,2463,p2,?,
1769449575.9366603,RECEIVED,55c15df1-9319-436a-90f7-c629f3054579,9f173794-e60d-4f33-af1c-a3d1e8347577,c3,DROP,1444,p3,?,
1769449575.997441,SENT,55c15df1-9319-436a-90f7-c629f3054579,9f173794-e60d-4f33-af1c-a3d1e8347577,c3,DROP,1011,?,i6,
1769449575.9974835,FORWARDED,55c15df1-9319-436a-90f7-c629f3054579,9f173794-e60d-4f33-af1c-a3d1e8347577,c3,DROP,1011,?,i6,
1769449576.0012004,RECEIVED,89ad07a8-c78d-4ee1-b9b1-e3deb4c3e139,841a6643-f583-4cc1-bcf7-3510f5f24c97,c2,DROP,1447,p2,?,
1769449576.1022635,SENT,89ad07a8-c78d-4ee1-b9b1-e3deb4c3e139,841a6643-f583-4cc1-bcf7-3510f5f24c97,c2,DROP,1012,?,i10,
1769449576.102324,FORWARDED,89ad07a8-c78d-4ee1-b9b1-e3deb4c3e139,841a6643-f583-4cc1-bcf7-3510f5f24c97,c2,DROP,1012,?,i10,
1769449576.130309,RECEIVED,600288e9-2a75-4a79-8101-a1166c57ee35,682f73f5-8896-4f34-ad4b-1221f3d9f203,c3,DROP,1443,p3,?,
1769449576.1636,RECEIVED,aaae77aa-4fb1-43b4-9f6f-802da5168893,42526304-4c0d-45f5-937f-a57af842c2a6,c4,c5,2473,p1,?,
1769449576.206927,SENT,600288e9-2a75-4a79-8101-a1166c57ee35,682f73f5-8896-4f34-ad4b-1221f3d9f203,c3,DROP,1007,?,i12,
1769449576.2069685,FORWARDED,600288e9-2a75-4a79-8101-a1166c57ee35,682f73f5-8896-4f34-ad4b-1221f3d9f203,c3,DROP,1007,?,i12,
1769449576.3524933,RECEIVED,2f6ae50a-cd83-4b4c-891c-54ca4d8716ad,00c27a43-be3d-4c5a-aa72-9e7cecc3b371,c5,DROP,442,x12,?,
1769449576.418218,SENT,fc24dcf8-1e95-417a-a68d-8dd04cc11d08,f3cfd7da-f1cc-483f-84ef-7ea86f9132f0,c2,c1,1775,?,i7,
1769449576.4182584,FORWARDED,fc24dcf8-1e95-417a-a68d-8dd04cc11d08,f3cfd7da-f1cc-483f-84ef-7ea86f9132f0,c2,c1,1775,?,i7,
1769449576.4801817,SENT,aaae77aa-4fb1-43b4-9f6f-802da5168893,42526304-4c0d-45f5-937f-a57af842c2a6,c4,c5,1780,?,i11,
1769449576.4802237,FORWARDED,aaae77aa-4fb1-43b4-9f6f-802da5168893,42526304-4c0d-45f5-937f-a57af842c2a6,c4,c5,1780,?,i11,
1769449576.6803236,RECEIVED,efc9224c-4abf-4939-8c77-a03d3647ed73,0c1ffe99-fd3b-4333-86a8-cf86e1a37a30,c4,DROP,1447,p1,?,
1769449576.9926891,RECEIVED,13b79631-29e6-4855-a3fc-11e94da30479,59285c04-02e8-458b-9a07-0cb6311d7878,c4,DROP,1452,p1,?,
1769449577.030393,RECEIVED,b679edd8-ed80-475d-9ca3-0023f1d3da8f,707e7fee-80cf-4560-b5c4-b0524b1de90a,c3,DROP,1435,p3,?,
1769449577.080331,RECEIVED,682a3d9b-41ba-45a4-96e7-749427f26ce3,7de4a6c9-9655-42ae-8d09-952ae39cbd8a,c2,c1,2467,p2,?,
1769449577.080462,RECEIVED,95e9f4e8-39bc-4197-9ea6-a3de292d64a9,29efd925-b5a1-49de-8d97-a0fb50fa5f5c,c1,DROP,1441,p1,?,
1769449577.1031344,RECEIVED,b8d9b15d-721c-4516-a7c6-2b1e30cae9d7,8749197d-7851-47a6-983d-db0eb76a0cc4,c5,DROP,1440,p2,?,
1769449577.136665,SENT,95e9f4e8-39bc-4197-9ea6-a3de292d64a9,29efd925-b5a1-49de-8d97-a0fb50fa5f5c,c1,DROP,1007,?,i2,
1769449577.1367023,FORWARDED,95e9f4e8-39bc-4197-9ea6-a3de292d64a9,29efd925-b5a1-49de-8d97-a0fb50fa5f5c,c1,DROP,1007,?,i2,
1769449577.2609725,SENT,efc9224c-4abf-4939-8c77-a03d3647ed73,0c1ffe99-fd3b-4333-86a8-cf86e1a37a30,c4,DROP,1012,?,i9,
1769449577.2610164,FORWARDED,efc9224c-4abf-4939-8c77-a03d3647ed73,0c1ffe99-fd3b-4333-86a8-cf86e1a37a30,c4,DROP,1012,?,i9,
1769449577.3077946,SENT,b8d9b15d-721c-4516-a7c6-2b1e30cae9d7,8749197d-7851-47a6-983d-db0eb76a0cc4,c5,DROP,1008,?,i9,
1769449577.3078344,FORWARDED,b8d9b15d-721c-4516-a7c6-2b1e30cae9d7,8749197d-7851-47a6-983d-db0eb76a0cc4,c5,DROP,1008,?,i9,
1769449577.3099878,RECEIVED,e8d42c3b-9ee3-4f81-9bd5-7039496b5dd6,19f636bc-f75a-43e5-9f57-0430b7fa557c,c3,c5,2452,p3,?,
1769449577.356501,RECEIVED,898d243e-cba4-4c4b-a468-224d352efdd2,5e4c8840-1aa1-4e36-bbca-059e011d59a0,c3,DROP,1460,p3,?,
1769449577.4469335,RECEIVED,6ade0c50-1fa4-4a41-b273-6065724feb46,61db3433-6444-4ea4-a3c2-4c9b3c4a73ce,c1,DROP,1436,p1,?,
1769449577.4663687,SENT,682a3d9b-41ba-45a4-96e7-749427f26ce3,7de4a6c9-9655-42ae-8d09-952ae39cbd8a,c2,c1,1777,?,i6,
1769449577.46641,FORWARDED,682a3d9b-41ba-45a4-96e7-749427f26ce3,7de4a6c9-9655-42ae-8d09-952ae39cbd8a,c2,c1,1777,?,i6,
1769449577.4890227,RECEIVED,319f01d3-ba33-4ba3-bb01-823a8f54c785,eeb190f6-3b8d-4953-88d2-8e6a0fd90cd7,c3,DROP,1460,p3,?,
1769449577.513325,SENT,13b79631-29e6-4855-a3fc-11e94da30479,59285c04-02e8-458b-9a07-0cb6311d7878,c4,DROP,1015,?,i10,
1769449577.5133755,FORWARDED,13b79631-29e6-4855-a3fc-11e94da30479,59285c04-02e8-458b-9a07-0cb6311d7878,c4,DROP,1015,?,i10,
1769449577.5837166,SENT,b679edd8-ed80-475d-9ca3-0023f1d3da8f,707e7fee-80cf-4560-b5c4-b0524b1de90a,c3,DROP,1004,?,i4,
1769449577.5837586,FORWARDED,b679edd8-ed80-475d-9ca3-0023f1d3da8f,707e7fee-80cf-4560-b5c4-b0524b1de90a,c3,DROP,1004,?,i4,
1769449577.59987,SENT,6ade0c50-1fa4-4a41-b273-6065724feb46,61db3433-6444-4ea4-a3c2-4c9b3c4a73ce,c1,DROP,1004,?,i8,
1769449577.5999098,FORWARDED,6ade0c50-1fa4-4a41-b273-6065724feb46,61db3433-6444-4ea4-a3c2-4c9b3c4a73ce,c1,DROP,1004,?,i8,
1769449577.8996465,RECEIVED,b2f8962d-d56b-425c-a8c4-a511b5a77f9e,d66d6cd0-5d0f-47a0-8de9-bf7b398aaba2,c2,DROP,1439,p2,?,
1769449578.0559158,RECEIVED,6c9fc73b-22ef-44b9-95b6-e6c7972669bd,7915c8c9-7507-4610-bd7f-f4b800c5b4b1,c4,c5,2460,p1,?,
1769449578.101559,SENT,6c9fc73b-22ef-44b9-95b6-e6c7972669bd,7915c8c9-7507-4610-bd7f-f4b800c5b4b1,c4,c5,1771,?,i8,
1769449578.1016002,FORWARDED,6c9fc73b-22ef-44b9-95b6-e6c7972669bd,7915c8c9-7507-4610-bd7f-f4b800c5b4b1,c4,c5,1771,?,i8,
1769449578.241286,RECEIVED,10ce8a1d-f89b-45ca-8637-81010ac459f4,903b7243-8c99-4171-b0a3-d0318f937560,c2,DROP,1451,p2,?,
1769449578.3505177,RECEIVED,b46dcb6f-726d-4031-9532-b4eebf33bc52,3bb97aa9-9ca4-41b8-a30c-04a484aa8d84,c4,c5,2469,p1,?,
1769449578.4057882,SENT,b46dcb6f-726d-4031-9532-b4eebf33bc52,3bb97aa9-9ca4-41b8-a30c-04a484aa8d84,c4,c5,1779,?,i10,
1769449578.4058301,FORWARDED,b46dcb6f-726d-4031-9532-b4eebf33bc52,3bb97aa9-9ca4-41b8-a30c-04a484aa8d84,c4,c5,1779,?,i10,
1769449578.5405266,SENT,319f01d3-ba33-4ba3-bb01-823a8f54c785,eeb190f6-3b8d-4953-88d2-8e6a0fd90cd7,c3,DROP,1021,?,i10,
1769449578.540568,FORWARDED,319f01d3-ba33-4ba3-bb01-823a8f54c785,eeb190f6-3b8d-4953-88d2-8e6a0fd90cd7,c3,DROP,1021,?,i10,
1769449578.7283611,SENT,898d243e-cba4-4c4b-a468-224d352efdd2,5e4c8840-1aa1-4e36-bbca-059e011d59a0,c3,DROP,1022,?,i12,
1769449578.728404,FORWARDED,898d243e-cba4-4c4b-a468-224d352efdd2,5e4c8840-1aa1-4e36-bbca-059e011d59a0,c3,DROP,1022,?,i12,
1769449578.8409903,RECEIVED,4e9ac2e3-daa4-43ab-a9aa-21dd1c7d0364,238aeef0-ffb9-4d81-bb72-1b9b718b6b06,c1,c3,2448,p1,?,
1769449578.8679645,SENT,e8d42c3b-9ee3-4f81-9bd5-7039496b5dd6,19f636bc-f75a-43e5-9f57-0430b7fa557c,c3,c5,1767,?,i10,
1769449578.8680072,FORWARDED,e8d42c3b-9ee3-4f81-9bd5-7039496b5dd6,19f636bc-f75a-43e5-9f57-0430b7fa557c,c3,c5,1767,?,i10,
1769449578.9104774,RECEIVED,973fb84a-6ef4-4794-b519-a3bf3a79ba57,623fc4b3-c283-4f4c-bc23-15ad5ae110cc,c5,DROP,1439,p2,?,
1769449578.9958062,SENT,b2f8962d-d56b-425c-a8c4-a511b5a77f9e,d66d6cd0-5d0f-47a0-8de9-bf7b398aaba2,c2,DROP,1008,?,i9,
1769449578.9958475,FORWARDED,b2f8962d-d56b-425c-a8c4-a511b5a77f9e,d66d6cd0-5d0f-47a0-8de9-bf7b398aaba2,c2,DROP,1008,?,i9,
1769449579.0084877,SENT,10ce8a1d-f89b-45ca-8637-81010ac459f4,903b7243-8c99-4171-b0a3-d0318f937560,c2,DROP,1015,?,i4,
1769449579.0085282,FORWARDED,10ce8a1d-f89b-45ca-8637-81010ac459f4,903b7243-8c99-4171-b0a3-d0318f937560,c2,DROP,1015,?,i4,
1769449579.0278387,SENT,4e9ac2e3-daa4-43ab-a9aa-21dd1c7d0364,238aeef0-ffb9-4d81-bb72-1b9b718b6b06,c1,c3,1763,?,i2,
1769449579.0278752,FORWARDED,4e9ac2e3-daa4-43ab-a9aa-21dd1c7d0364,238aeef0-ffb9-4d81-bb72-1b9b718b6b06,c1,c3,1763,?,i2,
1769449579.0694673,RECEIVED,34e4cc32-41e7-4593-8a45-7918fec36182,2d10628c-38e7-4243-b5d5-9864e192f8fa,c5,DROP,1439,p2,?,
1769449579.1237068,RECEIVED,2098e02a-1d64-4b5c-9d8b-8b13b3cc585e,28c68f96-0286-497c-ac47-995590f5e7fc,c1,DROP,1448,p1,?,
1769449579.2593148,SENT,2098e02a-1d64-4b5c-9d8b-8b13b3cc585e,28c68f96-0286-497c-ac47-995590f5e7fc,c1,DROP,1012,?,i7,
1769449579.2593672,FORWARDED,2098e02a-1d64-4b5c-9d8b-8b13b3cc585e,28c68f96-0286-497c-ac47-995590f5e7fc,c1,DROP,1012,?,i7,
1769449579.2648292,SENT,973fb84a-6ef4-4794-b519-a3bf3a79ba57,623fc4b3-c283-4f4c-bc23-15ad5ae110cc,c5,DROP,1008,?,i6,
1769449579.265078,FORWARDED,973fb84a-6ef4-4794-b519-a3bf3a79ba57,623fc4b3-c283-4f4c-bc23-15ad5ae110cc,c5,DROP,1008,?,i6,
1769449579.382293,RECEIVED,14910874-58b5-42f4-baec-2f5deaf8f638,d0c1d41d-0d1c-45cb-be83-6d6dcb9c3516,c3,DROP,1441,p3,?,
1769449579.6340063,SENT,14910874-58b5-42f4-baec-2f5deaf8f638,d0c1d41d-0d1c-45cb-be83-6d6dcb9c3516,c3,DROP,1008,?,i11,
1769449579.634068,FORWARDED,14910874-58b5-42f4-baec-2f5deaf8f638,d0c1d41d-0d1c-45cb-be83-6d6dcb9c3516,c3,DROP,1008,?,i11,
1769449579.6467333,RECEIVED,9a46dbed-cae2-4872-8d58-7810a6b39e91,e58bd58e-2b29-4560-a224-aad20b17b54b,c4,DROP,1440,p1,?,
1769449579.805638,RECEIVED,789dc408-20dd-4ca2-b71c-3d6f55a585a5,fa54aa00-6133-4b02-a096-81e8cf646082,c5,DROP,1452,p2,?,
1769449579.853367,SENT,789dc408-20dd-4ca2-b71c-3d6f55a585a5,fa54aa00-6133-4b02-a096-81e8cf646082,c5,DROP,1016,?,i6,
1769449579.8534083,FORWARDED,789dc408-20dd-4ca2-b71c-3d6f55a585a5,fa54aa00-6133-4b02-a096-81e8cf646082,c5,DROP,1016,?,i6,
1769449579.9126108,SENT,34e4cc32-41e7-4593-8a45-7918fec36182,2d10628c-38e7-4243-b5d5-9864e192f8fa,c5,DROP,1008,?,i2,
1769449579.912656,FORWARDED,34e4cc32-41e7-4593-8a45-7918fec36182,2d10628c-38e7-4243-b5d5-9864e192f8fa,c5,DROP,1008,?,i2,
1769449580.0788996,RECEIVED,c1e0ff33-5ae0-4fca-add7-2736760dcde4,129490ef-360c-4d87-91f4-1d2da818ebf2,c4,DROP,1441,p1,?,
1769449580.1796093,SENT,c1e0ff33-5ae0-4fca-add7-2736760dcde4,129490ef-360c-4d87-91f4-1d2da818ebf2,c4,DROP,1008,?,i10,
1769449580.1796467,FORWARDED,c1e0ff33-5ae0-4fca-add7-2736760dcde4,129490ef-360c-4d87-91f4-1d2da818ebf2,c4,DROP,1008,?,i10,
1769449580.1844318,SENT,9a46dbed-cae2-4872-8d58-7810a6b39e91,e58bd58e-2b29-4560-a224-aad20b17b54b,c4,DROP,1007,?,i10,
1769449580.184479,FORWARDED,9a46dbed-cae2-4872-8d58-7810a6b39e91,e58bd58e-2b29-4560-a224-aad20b17b54b,c4,DROP,1007,?,i10,
1769449580.2026901,RECEIVED,b9a7b4e5-e8d9-4d1f-8d8e-f279fe87983f,7db22948-b997-4c46-bb78-6e869f51d290,c1,c3,2464,p1,?,
1769449580.3222613,SENT,b9a7b4e5-e8d9-4d1f-8d8e-f279fe87983f,7db22948-b997-4c46-bb78-6e869f51d290,c1,c3,1775,?,i7,
1769449580.3223016,FORWARDED,b9a7b4e5-e8d9-4d1f-8d8e-f279fe87983f,7db22948-b997-4c46-bb78-6e869f51d290,c1,c3,1775,?,i7,
1769449580.3598008,RECEIVED,684eb16b-e802-4f93-abbb-d788a3014371,5edce46a-f73d-4d32-becd-762f521066b5,c5,DROP,1444,p2,?,
1769449580.4042242,SENT,684eb16b-e802-4f93-abbb-d788a3014371,5edce46a-f73d-4d32-becd-762f521066b5,c5,DROP,1010,?,i1,
1769449580.4042673,FORWARDED,684eb16b-e802-4f93-abbb-d788a3014371,5edce46a-f73d-4d32-becd-762f521066b5,c5,DROP,1010,?,i1,
1769449580.5206938,RECEIVED,59344a55-2eb4-4b32-bee9-cfa33d52bcf0,23941766-4223-4173-a45a-0aa8e57e4801,c5,c4,2469,p2,?,
1769449580.5630567,RECEIVED,c641f538-b6ee-4330-999e-cbb6185b35d7,191a759a-eeec-46a4-b913-6c9d23424cb4,c4,DROP,1457,p1,?,
1769449580.7535539,SENT,59344a55-2eb4-4b32-bee9-cfa33d52bcf0,23941766-4223-4173-a45a-0aa8e57e4801,c5,c4,1777,?,i10,
1769449580.7535975,FORWARDED,59344a55-2eb4-4b32-bee9-cfa33d52bcf0,23941766-4223-4173-a45a-0aa8e57e4801,c5,c4,1777,?,i10,
1769449580.9211073,RECEIVED,940671c4-378a-4e02-858e-b75f6c42bc61,141fb997-2242-41ff-8f2c-e73103e5d8e2,c4,c5,2447,p1,?,
1769449580.9793353,SENT,c641f538-b6ee-4330-999e-cbb6185b35d7,191a759a-eeec-46a4-b913-6c9d23424cb4,c4,DROP,1020,?,i10,
1769449580.9793758,FORWARDED,c641f538-b6ee-4330-999e-cbb6185b35d7,191a759a-eeec-46a4-b913-6c9d23424cb4,c4,DROP,1020,?,i10,
1769449581.0697742,RECEIVED,e05738b2-77a6-430b-a1d5-afa033aab6a9,cdddd6dc-7cdc-4233-9bec-2c2a434ac28e,c2,c1,2463,p2,?,
1769449581.2743142,SENT,940671c4-378a-4e02-858e-b75f6c42bc61,141fb997-2242-41ff-8f2c-e73103e5d8e2,c4,c5,1764,?,i2,
1769449581.2743735,FORWARDED,940671c4-378a-4e02-858e-b75f6c42bc61,141fb997-2242-41ff-8f2c-e73103e5d8e2,c4,c5,1764,?,i2,
1769449581.529662,RECEIVED,3ccc5842-1777-4953-9223-c6cc79ff259d,48f3b27f-9797-4ab9-b238-693e7d10c1ca,c4,DROP,1453,p1,?,
1769449581.5439289,SENT,e05738b2-77a6-430b-a1d5-afa033aab6a9,cdddd6dc-7cdc-4233-9bec-2c2a434ac28e,c2,c1,1776,?,i3,
1769449581.5439744,FORWARDED,e05738b2-77a6-430b-a1d5-afa033aab6a9,cdddd6dc-7cdc-4233-9bec-2c2a434ac28e,c2,c1,1776,?,i3,
1769449581.7808077,RECEIVED,9425a8af-ec2f-456a-b7f1-d10a6938eacb,d2703c14-db9e-471b-8441-32dc0808d5b0,c5,DROP,442,x4,?,
1769449581.855839,SENT,3ccc5842-1777-4953-9223-c6cc79ff259d,48f3b27f-9797-4ab9-b238-693e7d10c1ca,c4,DROP,1015,?,i12,
1769449581.8558776,FORWARDED,3ccc5842-1777-4953-9223-c6cc79ff259d,48f3b27f-9797-4ab9-b238-693e7d10c1ca,c4,DROP,1015,?,i12,
1769449582.1540947,RECEIVED,8534d4c1-d6bd-4b26-9dc3-11e85afce612,1133ca1d-96b8-4cbc-b419-991a44324793,c3,DROP,1443,p3,?,
1769449582.5796247,RECEIVED,7d92d10d-e28a-48e5-9d8e-6461b6b454ec,1e5bd3ac-17b6-4a74-b618-962fd542cb86,c1,DROP,1435,p1,?,
1769449582.76533,SENT,8534d4c1-d6bd-4b26-9dc3-11e85afce612,1133ca1d-96b8-4cbc-b419-991a44324793,c3,DROP,1009,?,i3,
1769449582.7653692,FORWARDED,8534d4c1-d6bd-4b26-9dc3-11e85afce612,1133ca1d-96b8-4cbc-b419-991a44324793,c3,DROP,1009,?,i3,
1769449582.8612843,RECEIVED,3234d3c9-079a-46e2-9c4a-441a3f0b0d78,9e897e33-8e9e-4bf3-904d-342b922191e8,c1,DROP,1451,p1,?,
1769449582.865016,RECEIVED,bdb49f5a-776c-46b6-ac32-3bd33227cb71,dbcf37c9-ac19-4e41-8472-0adbc797b03f,c4,c5,2462,p1,?,
1769449582.8847742,RECEIVED,17ec40d2-260c-4f21-9249-a6fed059acdf,e5ab8058-afc9-4b7e-b987-c930453590f1,c1,DROP,1439,p1,?,
1769449582.9927382,SENT,7d92d10d-e28a-48e5-9d8e-6461b6b454ec,1e5bd3ac-17b6-4a74-b618-962fd542cb86,c1,DROP,1003,?,i9,
1769449582.99278,FORWARDED,7d92d10d-e28a-48e5-9d8e-6461b6b454ec,1e5bd3ac-17b6-4a74-b618-962fd542cb86,c1,DROP,1003,?,i9,
1769449583.0866597,RECEIVED,810ccafc-e2b1-4b0d-b776-bfe0356f7e32,4f397900-30a1-4d67-a082-029fe34882f1,c5,DROP,1439,p2,?,
1769449583.2134593,SENT,17ec40d2-260c-4f21-9249-a6fed059acdf,e5ab8058-afc9-4b7e-b987-c930453590f1,c1,DROP,1007,?,i9,
1769449583.2135012,FORWARDED,17ec40d2-260c-4f21-9249-a6fed059acdf,e5ab8058-afc9-4b7e-b987-c930453590f1,c1,DROP,1007,?,i9,
1769449583.236923,SENT,bdb49f5a-776c-46b6-ac32-3bd33227cb71,dbcf37c9-ac19-4e41-8472-0adbc797b03f,c4,c5,1776,?,i4,
1769449583.236986,FORWARDED,bdb49f5a-776c-46b6-ac32-3bd33227cb71,dbcf37c9-ac19-4e41-8472-0adbc797b03f,c4,c5,1776,?,i4,
1769449583.24643,SENT,3234d3c9-079a-46e2-9c4a-441a3f0b0d78,9e897e33-8e9e-4bf3-904d-342b922191e8,c1,DROP,1016,?,i1,
1769449583.246473,FORWARDED,3234d3c9-079a-46e2-9c4a-441a3f0b0d78,9e897e33-8e9e-4bf3-904d-342b922191e8,c1,DROP,1016,?,i1,
1769449583.48507,RECEIVED,0ca8a90a-cd4b-4a90-8897-909caba0e963,98fb652e-66fa-4fbe-b56a-71a9ea44fe9e,c3,DROP,1455,p3,?,
1769449583.5819097,RECEIVED,e8b438a5-c4f7-4891-9c3e-cbeb5090b077,96edffb4-d060-42c8-8ed1-2057f6c4ee1a,c1,c3,2470,p1,?,
1769449583.6194336,RECEIVED,3e37beca-458c-4761-a4c4-7368279ca563,a9120723-b4dd-42b2-bea0-9af64555fd68,c5,DROP,441,x1,?,
1769449583.6529682,SENT,e8b438a5-c4f7-4891-9c3e-cbeb5090b077,96edffb4-d060-42c8-8ed1-2057f6c4ee1a,c1,c3,1777,?,i5,
1769449583.6530032,FORWARDED,e8b438a5-c4f7-4891-9c3e-cbeb5090b077,96edffb4-d060-42c8-8ed1-2057f6c4ee1a,c1,c3,1777,?,i5,
1769449583.778421,SENT,810ccafc-e2b1-4b0d-b776-bfe0356f7e32,4f397900-30a1-4d67-a082-029fe34882f1,c5,DROP,1007,?,i2,
1769449583.7784612,FORWARDED,810ccafc-e2b1-4b0d-b776-bfe0356f7e32,4f397900-30a1-4d67-a082-029fe34882f1,c5,DROP,1007,?,i2,
1769449583.9664588,RECEIVED,8643484f-857a-4c65-8e19-6496db1ed2cb,39c6b5d4-5c83-4574-b4c4-b004130fe374,c4,c5,2458,p1,?,
1769449583.9814696,RECEIVED,90e4de50-ea5f-4f5e-b918-84053cf03c80,d16afff7-1317-429c-b80b-75360de17b11,c5,DROP,1440,p2,?,
1769449584.0291808,RECEIVED,b164e610-0058-4c90-b87e-3f2e15787750,6e5c64a5-9e94-4018-9bdb-e449e1f55c1f,c5,c4,2461,p2,?,
1769449584.073177,SENT,b164e610-0058-4c90-b87e-3f2e15787750,6e5c64a5-9e94-4018-9bdb-e449e1f55c1f,c5,c4,1772,?,i7,
1769449584.0732214,FORWARDED,b164e610-0058-4c90-b87e-3f2e15787750,6e5c64a5-9e94-4018-9bdb-e449e1f55c1f,c5,c4,1772,?,i7,
1769449584.2118762,SENT,90e4de50-ea5f-4f5e-b918-84053cf03c80,d16afff7-1317-429c-b80b-75360de17b11,c5,DROP,1007,?,i7,
1769449584.2119184,FORWARDED,90e4de50-ea5f-4f5e-b918-84053cf03c80,d16afff7-1317-429c-b80b-75360de17b11,c5,DROP,1007,?,i7,
1769449584.3725314,RECEIVED,decb82aa-2bec-4f21-ab5f-841fe1fc6ff7,d14678fa-d778-4ee6-9f8b-aa3c48c6f5d8,c4,DROP,1439,p1,?,
1769449584.4173717,RECEIVED,7fdab35d-1bdf-4a3a-a039-264b792f45c1,e0b5f7a1-86b0-4d08-8669-625b47c29a14,c3,DROP,1444,p3,?,
1769449584.476588,RECEIVED,b3fb3e09-e971-4189-846e-f78a2f444ca3,c2bca1ef-7722-4e4e-97c5-9ea1077154d9,c5,DROP,1443,p2,?,
1769449584.514354,SENT,7fdab35d-1bdf-4a3a-a039-264b792f45c1,e0b5f7a1-86b0-4d08-8669-625b47c29a14,c3,DROP,1011,?,i1,
1769449584.5143967,FORWARDED,7fdab35d-1bdf-4a3a-a039-264b792f45c1,e0b5f7a1-86b0-4d08-8669-625b47c29a14,c3,DROP,1011,?,i1,
1769449584.7004478,SENT,0ca8a90a-cd4b-4a90-8897-909caba0e963,98fb652e-66fa-4fbe-b56a-71a9ea44fe9e,c3,DROP,1020,?,i8,
1769449584.7004893,FORWARDED,0ca8a90a-cd4b-4a90-8897-909caba0e963,98fb652e-66fa-4fbe-b56a-71a9ea44fe9e,c3,DROP,1020,?,i8,
1769449584.7617085,RECEIVED,2ec5b0b4-a56c-470f-bba8-4185b227adc6,74f26ed6-f68c-4820-a4d3-5f35693e579c,c5,DROP,446,x10,?,
1769449584.9409473,SENT,b3fb3e09-e971-4189-846e-f78a2f444ca3,c2bca1ef-7722-4e4e-97c5-9ea1077154d9,c5,DROP,1009,?,i8,
1769449584.9409902,FORWARDED,b3fb3e09-e971-4189-846e-f78a2f444ca3,c2bca1ef-7722-4e4e-97c5-9ea1077154d9,c5,DROP,1009,?,i8,
1769449584.960181,RECEIVED,292407f4-d45d-4b82-9fde-d12d20687534,db577790-4c58-4739-9655-ce47b16071f4,c3,DROP,1440,p3,?,
1769449585.0184927,RECEIVED,6c5c78ca-46d2-4e69-b205-64849628e04b,3b8eab27-33e9-47a4-8120-ecd7e1bc95d9,c5,DROP,1440,p2,?,
1769449585.0851312,SENT,292407f4-d45d-4b82-9fde-d12d20687534,db577790-4c58-4739-9655-ce47b16071f4,c3,DROP,1007,?,i2,
1769449585.0851715,FORWARDED,292407f4-d45d-4b82-9fde-d12d20687534,db577790-4c58-4739-9655-ce47b16071f4,c3,DROP,1007,?,i2,
1769449585.3148623,SENT,6c5c78ca-46d2-4e69-b205-64849628e04b,3b8eab27-33e9-47a4-8120-ecd7e1bc95d9,c5,DROP,1007,?,i8,
1769449585.3149009,FORWARDED,6c5c78ca-46d2-4e69-b205-64849628e04b,3b8eab27-33e9-47a4-8120-ecd7e1bc95d9,c5,DROP,1007,?,i8,
1769449585.3170195,RECEIVED,56055443-df65-4470-9d9c-1c5f3ac58e8a,070f8639-dc9a-446d-a33b-d926e710410a,c3,c5,2459,p3,?,
1769449585.4195561,SENT,56055443-df65-4470-9d9c-1c5f3ac58e8a,070f8639-dc9a-446d-a33b-d926e710410a,c3,c5,1772,?,i9,
1769449585.4196005,FORWARDED,56055443-df65-4470-9d9c-1c5f3ac58e8a,070f8639-dc9a-446d-a33b-d926e710410a,c3,c5,1772,?,i9,
1769449585.7008753,SENT,decb82aa-2bec-4f21-ab5f-841fe1fc6ff7,d14678fa-d778-4ee6-9f8b-aa3c48c6f5d8,c4,DROP,1007,?,i2,
1769449585.700917,FORWARDED,decb82aa-2bec-4f21-ab5f-841fe1fc6ff7,d14678fa-d778-4ee6-9f8b-aa3c48c6f5d8,c4,DROP,1007,?,i2,
1769449586.0924215,SENT,8643484f-857a-4c65-8e19-6496db1ed2cb,39c6b5d4-5c83-4574-b4c4-b004130fe374,c4,c5,1771,?,i6,
1769449586.0924623,FORWARDED,8643484f-857a-4c65-8e19-6496db1ed2cb,39c6b5d4-5c83-4574-b4c4-b004130fe374,c4,c5,1771,?,i6,
1769449586.2550333,RECEIVED,5c83852b-3c03-48ef-b330-185578cf79a1,5c286030-c01a-416c-87ba-439789b5cfea,c5,DROP,1450,p2,?,
1769449586.2689724,RECEIVED,a8f2eafa-1289-4995-8fce-dc9cc647dc20,7916c3aa-c8a7-46f6-8238-4d0d94a2713e,c5,c4,2463,p2,?,
1769449586.2784123,RECEIVED,66e9452f-8ddf-4d55-9eed-57c78b23c71e,bfd51823-2b51-4f17-b77d-86704d225e45,c2,c1,2462,p2,?,
1769449586.318401,RECEIVED,3ed98d01-38c2-45db-ae64-eca80999f437,baf62822-0d8b-4042-b935-d936632d1f74,c3,c5,2446,p3,?,
1769449586.3667126,SENT,66e9452f-8ddf-4d55-9eed-57c78b23c71e,bfd51823-2b51-4f17-b77d-86704d225e45,c2,c1,1771,?,i12,
1769449586.366752,FORWARDED,66e9452f-8ddf-4d55-9eed-57c78b23c71e,bfd51823-2b51-4f17-b77d-86704d225e45,c2,c1,1771,?,i12,
1769449586.3848395,SENT,3ed98d01-38c2-45db-ae64-eca80999f437,baf62822-0d8b-4042-b935-d936632d1f74,c3,c5,1763,?,i4,
1769449586.3848825,FORWARDED,3ed98d01-38c2-45db-ae64-eca80999f437,baf62822-0d8b-4042-b935-d936632d1f74,c3,c5,1763,?,i4,
1769449586.557991,RECEIVED,b1ed518d-1e47-4efd-a8e7-3153fc528f08,233ff9ca-b48b-469a-b756-945717cc1c4e,c2,c1,2458,p2,?,
1769449586.5623384,RECEIVED,40b73fa5-74d6-497d-8d98-f5f21bfab45b,fa177a4c-c392-41a1-a163-dca1c1ccbbfc,c1,DROP,1438,p1,?,
1769449586.7823014,RECEIVED,37387c4d-5674-442d-9d3e-05a92fab44d6,febc7b0b-9a6d-4ee5-adde-e19bd18e2dce,c3,c5,2463,p3,?,
1769449586.7946172,RECEIVED,ec471ad3-f68a-4b5a-ba92-7cfc105aa7b0,e4ebf8d6-c4a1-44dc-b1c8-2bba0ca69f9c,c2,c1,2449,p2,?,
1769449586.983289,RECEIVED,0a2c659d-9582-4c88-9efd-0fc751704662,520deb08-0f59-4414-bc42-557d58937818,c5,DROP,1448,p2,?,
1769449587.0040379,RECEIVED,87cc4506-a81b-499d-b177-8560e665758d,0916e860-07be-4ce6-9e07-45225613e04b,c1,DROP,441,x6,?,
1769449587.02101,SENT,ec471ad3-f68a-4b5a-ba92-7cfc105aa7b0,e4ebf8d6-c4a1-44dc-b1c8-2bba0ca69f9c,c2,c1,1763,?,i12,
1769449587.0210686,FORWARDED,ec471ad3-f68a-4b5a-ba92-7cfc105aa7b0,e4ebf8d6-c4a1-44dc-b1c8-2bba0ca69f9c,c2,c1,1763,?,i12,
1769449587.0745873,SENT,a8f2eafa-1289-4995-8fce-dc9cc647dc20,7916c3aa-c8a7-46f6-8238-4d0d94a2713e,c5,c4,1775,?,i5,
1769449587.074628,FORWARDED,a8f2eafa-1289-4995-8fce-dc9cc647dc20,7916c3aa-c8a7-46f6-8238-4d0d94a2713e,c5,c4,1775,?,i5,
1769449587.092922,SENT,0a2c659d-9582-4c88-9efd-0fc751704662,520deb08-0f59-4414-bc42-557d58937818,c5,DROP,1014,?,i1,
1769449587.0929615,FORWARDED,0a2c659d-9582-4c88-9efd-0fc751704662,520deb08-0f59-4414-bc42-557d58937818,c5,DROP,1014,?,i1,
1769449587.1073008,SENT,37387c4d-5674-442d-9d3e-05a92fab44d6,febc7b0b-9a6d-4ee5-adde-e19bd18e2dce,c3,c5,1775,?,i6,
1769449587.107536,FORWARDED,37387c4d-5674-442d-9d3e-05a92fab44d6,febc7b0b-9a6d-4ee5-adde-e19bd18e2dce,c3,c5,1775,?,i6,
1769449587.1771593,RECEIVED,79faa954-3415-48c6-a1dd-41784ac08eaf,fac3e477-43f6-450e-8c25-e19e70d85d97,c2,DROP,441,x11,?,
1769449587.1825604,RECEIVED,3361298a-3aef-405b-8f51-c56fddbc8d56,55704f57-7744-4207-8efe-69672836afad,c3,c5,2467,p3,?,
1769449587.2015083,RECEIVED,826410e4-c46f-4b51-8f01-e451fc12ae7a,70f1ae4e-b8f4-4910-88c4-b691ab2bbf6e,c3,c5,2455,p3,?,
1769449587.2139864,SENT,5c83852b-3c03-48ef-b330-185578cf79a1,5c286030-c01a-416c-87ba-439789b5cfea,c5,DROP,1015,?,i8,
1769449587.214092,FORWARDED,5c83852b-3c03-48ef-b330-185578cf79a1,5c286030-c01a-416c-87ba-439789b5cfea,c5,DROP,1015,?,i8,
1769449587.3935056,SENT,40b73fa5-74d6-497d-8d98-f5f21bfab45b,fa177a4c-c392-41a1-a163-dca1c1ccbbfc,c1,DROP,1006,?,i8,
1769449587.3935483,FORWARDED,40b73fa5-74d6-497d-8d98-f5f21bfab45b,fa177a4c-c392-41a1-a163-dca1c1ccbbfc,c1,DROP,1006,?,i8,
1769449587.3999813,RECEIVED,065d0c3c-3f20-4534-b412-58e6ce660cb5,8a1c813b-8385-4dec-a023-52f702c3908c,c2,DROP,1448,p2,?,
1769449587.5283391,SENT,3361298a-3aef-405b-8f51-c56fddbc8d56,55704f57-7744-4207-8efe-69672836afad,c3,c5,1779,?,i9,
1769449587.5283813,FORWARDED,3361298a-3aef-405b-8f51-c56fddbc8d56,55704f57-7744-4207-8efe-69672836afad,c3,c5,1779,?,i9,
1769449587.5398376,RECEIVED,0d16b52d-5b08-471e-8cc8-eb2e14e952eb,80d6eeda-c658-4597-b0f7-4156ea254e87,c1,DROP,441,x12,?,
1769449587.712204,SENT,065d0c3c-3f20-4534-b412-58e6ce660cb5,8a1c813b-8385-4dec-a023-52f702c3908c,c2,DROP,1012,?,i10,
1769449587.7122557,FORWARDED,065d0c3c-3f20-4534-b412-58e6ce660cb5,8a1c813b-8385-4dec-a023-52f702c3908c,c2,DROP,1012,?,i10,
1769449587.730201,RECEIVED,0903db4e-7184-4ba6-9de6-1f65516beab6,b7419e54-701f-49de-ae57-1cd67a2eb837,c1,DROP,1444,p1,?,
1769449587.748039,RECEIVED,51ecd4db-c4bf-4b4a-a826-f1bf97689bda,f88c9147-1d48-4474-af56-e63f0519d213,c1,DROP,441,x1,?,
1769449588.0084693,SENT,0903db4e-7184-4ba6-9de6-1f65516beab6,b7419e54-701f-49de-ae57-1cd67a2eb837,c1,DROP,1010,?,i1,
1769449588.0085087,FORWARDED,0903db4e-7184-4ba6-9de6-1f65516beab6,b7419e54-701f-49de-ae57-1cd67a2eb837,c1,DROP,1010,?,i1,
1769449588.0818434,RECEIVED,283b71b5-efdc-4277-9946-f2275b950c8d,fe85dc06-d178-4787-8d98-b4163787895c,c4,c5,2468,p1,?,
1769449588.1682541,SENT,283b71b5-efdc-4277-9946-f2275b950c8d,fe85dc06-d178-4787-8d98-b4163787895c,c4,c5,1777,?,i5,
1769449588.1682932,FORWARDED,283b71b5-efdc-4277-9946-f2275b950c8d,fe85dc06-d178-4787-8d98-b4163787895c,c4,c5,1777,?,i5,
1769449588.488109,RECEIVED,3c590952-13f4-4555-bc10-67a4b98c1d3f,d0bd8797-8b72-4a9a-99a1-5041110460fb,c1,c3,2459,p1,?,
1769449588.5969574,SENT,b1ed518d-1e47-4efd-a8e7-3153fc528f08,233ff9ca-b48b-469a-b756-945717cc1c4e,c2,c1,1773,?,i4,
1769449588.5970013,FORWARDED,b1ed518d-1e47-4efd-a8e7-3153fc528f08,233ff9ca-b48b-469a-b756-945717cc1c4e,c2,c1,1773,?,i4,
1769449588.6296656,RECEIVED,6b9d6e31-9091-4e97-9eac-32c2870b1491,d35a25b3-3224-475e-b1a6-a3e01f136529,c2,DROP,446,x5,?,
1769449588.629784,RECEIVED,df28fd0c-0f6e-4cba-9f9d-208b1f1a574c,7f288e82-63b1-40de-8d06-d1a0767b3163,c1,c3,2480,p1,?,
1769449588.709458,SENT,826410e4-c46f-4b51-8f01-e451fc12ae7a,70f1ae4e-b8f4-4910-88c4-b691ab2bbf6e,c3,c5,1770,?,i5,
1769449588.7095,FORWARDED,826410e4-c46f-4b51-8f01-e451fc12ae7a,70f1ae4e-b8f4-4910-88c4-b691ab2bbf6e,c3,c5,1770,?,i5,
1769449588.9095342,RECEIVED,d4088da9-188f-4661-b9eb-87c2cc7b5751,7497b072-b81c-4293-b43b-1cc0fa13b061,c3,c5,2455,p3,?,
1769449589.043617,RECEIVED,686f25ec-3e9a-4f44-b88a-a8d2797da835,9be65e9e-4674-4239-a38a-3a36e33849ac,c1,DROP,441,x7,?,
1769449589.0778015,SENT,3c590952-13f4-4555-bc10-67a4b98c1d3f,d0bd8797-8b72-4a9a-99a1-5041110460fb,c1,c3,1771,?,i8,
1769449589.077852,FORWARDED,3c590952-13f4-4555-bc10-67a4b98c1d3f,d0bd8797-8b72-4a9a-99a1-5041110460fb,c1,c3,1771,?,i8,
1769449589.2257106,RECEIVED,f90417ba-6c11-4c46-9e32-f40a574a78a2,db177d42-73d2-4d57-a598-23ca39d58e7e,c2,c1,2471,p2,?,
1769449589.2383442,RECEIVED,37c3d060-59fe-49de-8dc7-fede4e19ad89,ac4e7a29-f4b5-4d47-9638-3d7076d3a5be,c2,c1,2475,p2,?,
1769449589.29158,SENT,df28fd0c-0f6e-4cba-9f9d-208b1f1a574c,7f288e82-63b1-40de-8d06-d1a0767b3163,c1,c3,1787,?,i10,
1769449589.2916224,FORWARDED,df28fd0c-0f6e-4cba-9f9d-208b1f1a574c,7f288e82-63b1-40de-8d06-d1a0767b3163,c1,c3,1787,?,i10,
1769449589.3280272,RECEIVED,00f569b0-e95f-40eb-80ee-5aee66a5d723,ebb9fe84-d9cd-4a86-9a21-dd9b76bb4122,c4,DROP,1448,p1,?,
1769449589.7952464,SENT,00f569b0-e95f-40eb-80ee-5aee66a5d723,ebb9fe84-d9cd-4a86-9a21-dd9b76bb4122,c4,DROP,1012,?,i9,
1769449589.795288,FORWARDED,00f569b0-e95f-40eb-80ee-5aee66a5d723,ebb9fe84-d9cd-4a86-9a21-dd9b76bb4122,c4,DROP,1012,?,i9,
1769449589.9293358,RECEIVED,e95f6ff7-1c51-4659-a10a-5c7a0e66cae8,e58931af-5353-41fd-b276-e4094ecc7f07,c2,c1,2462,p2,?,
1769449589.9722438,SENT,e95f6ff7-1c51-4659-a10a-5c7a0e66cae8,e58931af-5353-41fd-b276-e4094ecc7f07,c2,c1,1771,?,i12,
1769449589.9722857,FORWARDED,e95f6ff7-1c51-4659-a10a-5c7a0e66cae8,e58931af-5353-41fd-b276-e4094ecc7f07,c2,c1,1771,?,i12,
1769449590.0024486,SENT,f90417ba-6c11-4c46-9e32-f40a574a78a2,db177d42-73d2-4d57-a598-23ca39d58e7e,c2,c1,1781,?,i3,
1769449590.002488,FORWARDED,f90417ba-6c11-4c46-9e32-f40a574a78a2,db177d42-73d2-4d57-a598-23ca39d58e7e,c2,c1,1781,?,i3,
1769449590.2868996,SENT,37c3d060-59fe-49de-8dc7-fede4e19ad89,ac4e7a29-f4b5-4d47-9638-3d7076d3a5be,c2,c1,1784,?,i5,
1769449590.2869403,FORWARDED,37c3d060-59fe-49de-8dc7-fede4e19ad89,ac4e7a29-f4b5-4d47-9638-3d7076d3a5be,c2,c1,1784,?,i5,
1769449590.5069318,RECEIVED,50588a77-9466-4c69-924d-f361e1fa9130,a20a1fcc-1f18-4f05-806e-27c79d49e236,c2,c1,2447,p2,?,
1769449590.5541382,SENT,d4088da9-188f-4661-b9eb-87c2cc7b5751,7497b072-b81c-4293-b43b-1cc0fa13b061,c3,c5,1768,?,i4,
1769449590.5541782,FORWARDED,d4088da9-188f-4661-b9eb-87c2cc7b5751,7497b072-b81c-4293-b43b-1cc0fa13b061,c3,c5,1768,?,i4,
1769449590.678297,RECEIVED,82025f1c-bf82-451a-80c7-20f49e567271,daa8283d-f0d0-46d7-b8eb-a5387f620341,c4,DROP,1443,p1,?,
1769449590.7667906,RECEIVED,10a5deff-3589-4773-9d38-be60a6f8d461,e9c0e798-7464-4505-a4f0-ffb79ce6d569,c2,DROP,1439,p2,?,
1769449590.792354,RECEIVED,04f29261-fbf1-4f46-b3d0-17d658c392e1,0093f489-7263-47c9-8caa-043005e2aade,c4,DROP,1457,p1,?,
1769449590.816377,RECEIVED,932bd093-de5e-47de-91d2-e5a313c2a732,e040b560-49bb-4a9d-b7b5-38daa25073ed,c4,DROP,1440,p1,?,
1769449590.8422554,RECEIVED,f3dc3fe7-1b66-435d-9d71-7802b7ba8b0e,321b0b26-bbb5-4ab9-a28f-dd040c73fb80,c1,c3,2446,p1,?,
1769449591.0587018,SENT,04f29261-fbf1-4f46-b3d0-17d658c392e1,0093f489-7263-47c9-8caa-043005e2aade,c4,DROP,1018,?,i12,
1769449591.0587428,FORWARDED,04f29261-fbf1-4f46-b3d0-17d658c392e1,0093f489-7263-47c9-8caa-043005e2aade,c4,DROP,1018,?,i12,
1769449591.203581,SENT,50588a77-9466-4c69-924d-f361e1fa9130,a20a1fcc-1f18-4f05-806e-27c79d49e236,c2,c1,1763,?,i8,
1769449591.2036235,FORWARDED,50588a77-9466-4c69-924d-f361e1fa9130,a20a1fcc-1f18-4f05-806e-27c79d49e236,c2,c1,1763,?,i8,
1769449591.2132869,SENT,82025f1c-bf82-451a-80c7-20f49e567271,daa8283d-f0d0-46d7-b8eb-a5387f620341,c4,DROP,1009,?,i9,
1769449591.2133281,FORWARDED,82025f1c-bf82-451a-80c7-20f49e567271,daa8283d-f0d0-46d7-b8eb-a5387f620341,c4,DROP,1009,?,i9,
1769449591.2455897,RECEIVED,294a7215-bf65-49ed-a0e6-21f193091e85,250af431-d9cd-4bc9-bd7e-53a4aa396e08,c5,DROP,1440,p2,?,
1769449591.3492186,SENT,f3dc3fe7-1b66-435d-9d71-7802b7ba8b0e,321b0b26-bbb5-4ab9-a28f-dd040c73fb80,c1,c3,1764,?,i3,
1769449591.3493028,FORWARDED,f3dc3fe7-1b66-435d-9d71-7802b7ba8b0e,321b0b26-bbb5-4ab9-a28f-dd040c73fb80,c1,c3,1764,?,i3,
1769449591.4592695,SENT,10a5deff-3589-4773-9d38-be60a6f8d461,e9c0e798-7464-4505-a4f0-ffb79ce6d569,c2,DROP,1007,?,i4,
1769449591.4593124,FORWARDED,10a5deff-3589-4773-9d38-be60a6f8d461,e9c0e798-7464-4505-a4f0-ffb79ce6d569,c2,DROP,1007,?,i4,
1769449591.4957783,RECEIVED,13e8d9d5-7bdc-4843-95bb-8ed7bfecc6fd,c1e9ad07-906f-4dd5-a9d4-79d0b624d8a4,c3,c5,2456,p3,?,
1769449591.7981608,RECEIVED,41f0a350-73cb-4990-8b34-0f85e0a15129,a8fe2399-1616-4306-b636-3d25a56666b0,c2,DROP,444,x11,?,
1769449591.8462362,SENT,932bd093-de5e-47de-91d2-e5a313c2a732,e040b560-49bb-4a9d-b7b5-38daa25073ed,c4,DROP,1007,?,i11,
1769449591.8462791,FORWARDED,932bd093-de5e-47de-91d2-e5a313c2a732,e040b560-49bb-4a9d-b7b5-38daa25073ed,c4,DROP,1007,?,i11,
1769449591.8715866,SENT,294a7215-bf65-49ed-a0e6-21f193091e85,250af431-d9cd-4bc9-bd7e-53a4aa396e08,c5,DROP,1007,?,i11,
1769449591.8716276,FORWARDED,294a7215-bf65-49ed-a0e6-21f193091e85,250af431-d9cd-4bc9-bd7e-53a4aa396e08,c5,DROP,1007,?,i11,
1769449591.890029,SENT,13e8d9d5-7bdc-4843-95bb-8ed7bfecc6fd,c1e9ad07-906f-4dd5-a9d4-79d0b624d8a4,c3,c5,1770,?,i4,
1769449591.890249,FORWARDED,13e8d9d5-7bdc-4843-95bb-8ed7bfecc6fd,c1e9ad07-906f-4dd5-a9d4-79d0b624d8a4,c3,c5,1770,?,i4,
1769449592.1094565,RECEIVED,d681ce69-096d-473d-8e7b-b474e52d2bb5,6fa90baf-43d4-40fb-a05d-c569e4ba44da,c3,c5,2448,p3,?,
1769449592.2332065,RECEIVED,4e78ab5c-3e44-4ec2-8ba6-dfa16b49eaa5,3cd84213-0bbd-45f8-bfd0-4897e510b9e6,c3,DROP,1448,p3,?,
1769449592.248138,RECEIVED,b03e7fc2-2dbb-4a43-ad03-1e23cb21a54a,c5137422-5e3e-47bf-94b2-fc16987f10c2,c5,DROP,1439,p2,?,
1769449592.2507992,RECEIVED,40a15265-5e8d-46f0-8d2a-9e3a80d826e5,333c5167-2aaa-407b-b527-bf9259a34757,c3,DROP,1452,p3,?,
1769449592.2983222,SENT,4e78ab5c-3e44-4ec2-8ba6-dfa16b49eaa5,3cd84213-0bbd-45f8-bfd0-4897e510b9e6,c3,DROP,1012,?,i6,
1769449592.2983603,FORWARDED,4e78ab5c-3e44-4ec2-8ba6-dfa16b49eaa5,3cd84213-0bbd-45f8-bfd0-4897e510b9e6,c3,DROP,1012,?,i6,
1769449592.3205569,SENT,40a15265-5e8d-46f0-8d2a-9e3a80d826e5,333c5167-2aaa-407b-b527-bf9259a34757,c3,DROP,1016,?,i6,
1769449592.3205993,FORWARDED,40a15265-5e8d-46f0-8d2a-9e3a80d826e5,333c5167-2aaa-407b-b527-bf9259a34757,c3,DROP,1016,?,i6,
1769449592.4010444,RECEIVED,a2b5b7e7-1a6d-49c4-bdaa-9b8aa64fae8e,f5ba0e96-75ec-4398-896e-9ff8334dcabe,c2,DROP,441,x3,?,
1769449592.4416013,RECEIVED,e53a82bc-b12a-437e-a7b2-6e16d7ad0535,0d7f6713-25bc-419e-be80-475621e612ab,c2,DROP,442,x6,?,
1769449592.5000548,RECEIVED,b50688d4-b8da-4c00-b395-cdad6f272e19,15c3c4e9-931b-433c-baa1-7d38a3c656f3,c3,c5,2447,p3,?,
1769449592.5651586,SENT,b50688d4-b8da-4c00-b395-cdad6f272e19,15c3c4e9-931b-433c-baa1-7d38a3c656f3,c3,c5,1764,?,i4,
1769449592.5651994,FORWARDED,b50688d4-b8da-4c00-b395-cdad6f272e19,15c3c4e9-931b-433c-baa1-7d38a3c656f3,c3,c5,1764,?,i4,
1769449592.6305482,SENT,d681ce69-096d-473d-8e7b-b474e52d2bb5,6fa90baf-43d4-40fb-a05d-c569e4ba44da,c3,c5,1763,?,i11,
1769449592.6305888,FORWARDED,d681ce69-096d-473d-8e7b-b474e52d2bb5,6fa90baf-43d4-40fb-a05d-c569e4ba44da,c3,c5,1763,?,i11,
1769449592.6336126,RECEIVED,70d7025d-9b89-46f6-b281-8bff9a9ed668,449dd590-882b-4a4f-8f94-f8817ad4499e,c5,c4,2480,p2,?,
1769449592.7263165,RECEIVED,acc5c85c-1607-4b51-bf62-09032d2e3e10,d9206f78-9df8-4277-8bd1-975d14f64929,c3,DROP,1444,p3,?,
1769449592.8679383,SENT,acc5c85c-1607-4b51-bf62-09032d2e3e10,d9206f78-9df8-4277-8bd1-975d14f64929,c3,DROP,1011,?,i8,
1769449592.8679793,FORWARDED,acc5c85c-1607-4b51-bf62-09032d2e3e10,d9206f78-9df8-4277-8bd1-975d14f64929,c3,DROP,1011,?,i8,
1769449592.957949,SENT,b03e7fc2-2dbb-4a43-ad03-1e23cb21a54a,c5137422-5e3e-47bf-94b2-fc16987f10c2,c5,DROP,1007,?,i2,
1769449592.957989,FORWARDED,b03e7fc2-2dbb-4a43-ad03-1e23cb21a54a,c5137422-5e3e-47bf-94b2-fc16987f10c2,c5,DROP,1007,?,i2,
1769449593.031507,RECEIVED,f327de0e-ab20-4a72-9439-56e2acdb78ec,2000e749-3670-44fd-8d78-f35c750a4f75,c5,c4,2451,p2,?,
1769449593.1152937,RECEIVED,0f5edf30-44a4-4613-9400-ed994353e812,78fb4446-ad4e-42f3-9615-71568923e621,c2,c1,2476,p2,?,
1769449593.1306937,RECEIVED,76f0268a-86e3-4e44-be31-a7331db5a78e,c5fff555-b15b-4a4d-96e2-07b470014015,c1,c3,2463,p1,?,
1769449593.2557013,SENT,76f0268a-86e3-4e44-be31-a7331db5a78e,c5fff555-b15b-4a4d-96e2-07b470014015,c1,c3,1774,?,i9,
1769449593.255743,FORWARDED,76f0268a-86e3-4e44-be31-a7331db5a78e,c5fff555-b15b-4a4d-96e2-07b470014015,c1,c3,1774,?,i9,
1769449593.4552817,RECEIVED,6d83f25a-6129-4a3f-a135-ee9b24c3cec1,999827af-6136-47d7-bc06-580f13a75bf1,c4,c5,2456,p1,?,
1769449593.495677,RECEIVED,2db4623c-9d99-4a45-b973-bd8d3e9fa751,b69a0152-9da1-4b58-8f3a-c8a71e084291,c5,DROP,441,x12,?,
1769449593.5560186,SENT,0f5edf30-44a4-4613-9400-ed994353e812,78fb4446-ad4e-42f3-9615-71568923e621,c2,c1,1784,?,i8,
1769449593.5560663,FORWARDED,0f5edf30-44a4-4613-9400-ed994353e812,78fb4446-ad4e-42f3-9615-71568923e621,c2,c1,1784,?,i8,
1769449593.5962763,RECEIVED,4b9d51a8-f811-450d-9787-f7474ea391c5,b1888480-4b13-40e9-be9a-b9d917dd1ff7,c4,DROP,1451,p1,?,
1769449593.6867905,SENT,6d83f25a-6129-4a3f-a135-ee9b24c3cec1,999827af-6136-47d7-bc06-580f13a75bf1,c4,c5,1770,?,i9,
1769449593.6868308,FORWARDED,6d83f25a-6129-4a3f-a135-ee9b24c3cec1,999827af-6136-47d7-bc06-580f13a75bf1,c4,c5,1770,?,i9,
1769449593.7253258,RECEIVED,9f2436b9-4565-405b-b1f5-0a64c879fe8a,d4fd0d5d-9383-4c85-9d59-7efe51f71011,c2,DROP,1447,p2,?,
1769449593.7787545,RECEIVED,d2adc5c2-209a-42a9-82a4-e2490f119e46,f4c76ef1-b0f8-479d-95a5-c8263006ff75,c3,c5,2465,p3,?,
1769449593.8478525,SENT,d2adc5c2-209a-42a9-82a4-e2490f119e46,f4c76ef1-b0f8-479d-95a5-c8263006ff75,c3,c5,1775,?,i10,
1769449593.8478856,FORWARDED,d2adc5c2-209a-42a9-82a4-e2490f119e46,f4c76ef1-b0f8-479d-95a5-c8263006ff75,c3,c5,1775,?,i10,
1769449594.0373576,SENT,9f2436b9-4565-405b-b1f5-0a64c879fe8a,d4fd0d5d-9383-4c85-9d59-7efe51f71011,c2,DROP,1012,?,i5,
1769449594.0373988,FORWARDED,9f2436b9-4565-405b-b1f5-0a64c879fe8a,d4fd0d5d-9383-4c85-9d59-7efe51f71011,c2,DROP,1012,?,i5,
1769449594.0985034,SENT,70d7025d-9b89-46f6-b281-8bff9a9ed668,449dd590-882b-4a4f-8f94-f8817ad4499e,c5,c4,1786,?,i11,
1769449594.098545,FORWARDED,70d7025d-9b89-46f6-b281-8bff9a9ed668,449dd590-882b-4a4f-8f94-f8817ad4499e,c5,c4,1786,?,i11,
1769449594.1551898,RECEIVED,bfecec78-8e0c-4420-b03a-41f8261c547b,d6a330b7-c399-451d-806c-d3b59569f2b8,c1,c3,2458,p1,?,
1769449594.1729124,RECEIVED,0a48d951-594b-4609-a23b-92cff5225f56,1452ee4d-1e89-4cc4-a774-eeff43db729c,c2,DROP,1446,p2,?,
1769449594.1959574,RECEIVED,ddb78af7-03a2-433c-b0ed-1abf5004a045,44c89ad1-94ef-4f6f-8af7-65c35670f691,c4,c5,2473,p1,?,
1769449594.3137212,SENT,ddb78af7-03a2-433c-b0ed-1abf5004a045,44c89ad1-94ef-4f6f-8af7-65c35670f691,c4,c5,1781,?,i10,
1769449594.3137653,FORWARDED,ddb78af7-03a2-433c-b0ed-1abf5004a045,44c89ad1-94ef-4f6f-8af7-65c35670f691,c4,c5,1781,?,i10,
1769449594.3356493,SENT,4b9d51a8-f811-450d-9787-f7474ea391c5,b1888480-4b13-40e9-be9a-b9d917dd1ff7,c4,DROP,1016,?,i3,
1769449594.3356898,FORWARDED,4b9d51a8-f811-450d-9787-f7474ea391c5,b1888480-4b13-40e9-be9a-b9d917dd1ff7,c4,DROP,1016,?,i3,
1769449594.6461387,RECEIVED,09737219-5d03-4e13-90a4-13f779bfa18b,6f87e4ce-d05c-4dfb-ba7d-5d7710526d66,c4,c5,2447,p1,?,
1769449594.6531837,RECEIVED,d40dd356-a801-45b1-ab99-b8f760b75a09,e770436a-e361-4bf0-bfc6-86d03b9453e0,c3,DROP,1439,p3,?,
1769449594.7239447,RECEIVED,370c1e7b-27cb-4576-9820-21e00ecf576e,cec69ec3-7c03-45da-8d2a-065864a205bf,c2,DROP,440,x12,?,
1769449594.7343624,SENT,bfecec78-8e0c-4420-b03a-41f8261c547b,d6a330b7-c399-451d-806c-d3b59569f2b8,c1,c3,1773,?,i1,
1769449594.7344038,FORWARDED,bfecec78-8e0c-4420-b03a-41f8261c547b,d6a330b7-c399-451d-806c-d3b59569f2b8,c1,c3,1773,?,i1,
1769449594.7864294,RECEIVED,d7875845-976e-441c-8c31-d7f719e6d1a3,1fb9cc99-8e4d-4a54-a8a2-e848cd8f2a1f,c5,c4,2461,p2,?,
1769449594.8363698,SENT,d7875845-976e-441c-8c31-d7f719e6d1a3,1fb9cc99-8e4d-4a54-a8a2-e848cd8f2a1f,c5,c4,1771,?,i9,
1769449594.8364146,FORWARDED,d7875845-976e-441c-8c31-d7f719e6d1a3,1fb9cc99-8e4d-4a54-a8a2-e848cd8f2a1f,c5,c4,1771,?,i9,
1769449594.8857045,RECEIVED,84b7da11-35bc-4221-8c19-42394512e065,3ec7f142-7c02-4a3f-b1d6-6ee085633cd6,c1,c3,2455,p1,?,
1769449594.8920312,SENT,f327de0e-ab20-4a72-9439-56e2acdb78ec,2000e749-3670-44fd-8d78-f35c750a4f75,c5,c4,1766,?,i1,
1769449594.8920877,FORWARDED,f327de0e-ab20-4a72-9439-56e2acdb78ec,2000e749-3670-44fd-8d78-f35c750a4f75,c5,c4,1766,?,i1,
1769449594.9407356,SENT,0a48d951-594b-4609-a23b-92cff5225f56,1452ee4d-1e89-4cc4-a774-eeff43db729c,c2,DROP,1012,?,i6,
1769449594.9407775,FORWARDED,0a48d951-594b-4609-a23b-92cff5225f56,1452ee4d-1e89-4cc4-a774-eeff43db729c,c2,DROP,1012,?,i6,
1769449594.967182,SENT,d40dd356-a801-45b1-ab99-b8f760b75a09,e770436a-e361-4bf0-bfc6-86d03b9453e0,c3,DROP,1008,?,i7,
1769449594.9672246,FORWARDED,d40dd356-a801-45b1-ab99-b8f760b75a09,e770436a-e361-4bf0-bfc6-86d03b9453e0,c3,DROP,1008,?,i7,
1769449594.9837437,RECEIVED,d87b8566-8ad1-45dd-95a9-c00bc4796c39,a32c6da6-ece6-4a62-b45f-10d3fa34c7f9,c3,DROP,1448,p3,?,
1769449595.122467,SENT,d87b8566-8ad1-45dd-95a9-c00bc4796c39,a32c6da6-ece6-4a62-b45f-10d3fa34c7f9,c3,DROP,1013,?,i3,
1769449595.1225019,FORWARDED,d87b8566-8ad1-45dd-95a9-c00bc4796c39,a32c6da6-ece6-4a62-b45f-10d3fa34c7f9,c3,DROP,1013,?,i3,
1769449595.221825,SENT,09737219-5d03-4e13-90a4-13f779bfa18b,6f87e4ce-d05c-4dfb-ba7d-5d7710526d66,c4,c5,1764,?,i2,
1769449595.2218666,FORWARDED,09737219-5d03-4e13-90a4-13f779bfa18b,6f87e4ce-d05c-4dfb-ba7d-5d7710526d66,c4,c5,1764,?,i2,
1769449595.2276855,RECEIVED,9cddf861-f357-4b1a-9719-999caec07f51,34c94c02-b247-47b5-b8c4-1710eb6f7b03,c5,DROP,1446,p2,?,
1769449595.3544097,SENT,84b7da11-35bc-4221-8c19-42394512e065,3ec7f142-7c02-4a3f-b1d6-6ee085633cd6,c1,c3,1768,?,i3,
1769449595.35445,FORWARDED,84b7da11-35bc-4221-8c19-42394512e065,3ec7f142-7c02-4a3f-b1d6-6ee085633cd6,c1,c3,1768,?,i3,
1769449595.4883437,RECEIVED,766d721f-a360-465d-933e-62b8505a4014,f2c7a822-2ad7-467c-aa59-5a8ea51f1c15,c3,DROP,1448,p3,?,
1769449595.536233,RECEIVED,5b7b4468-fec1-4e43-83a4-22c4f07113b2,0d60b0e8-3607-4f13-bc58-b01f4fd73b08,c4,DROP,1450,p1,?,
1769449595.6416266,RECEIVED,61581c5f-0048-4859-885f-4750b8b1804f,8a7effa8-ef5c-478c-bdfa-f271b970137e,c2,DROP,1444,p2,?,
1769449595.6721296,SENT,766d721f-a360-465d-933e-62b8505a4014,f2c7a822-2ad7-467c-aa59-5a8ea51f1c15,c3,DROP,1014,?,i7,
1769449595.6721714,FORWARDED,766d721f-a360-465d-933e-62b8505a4014,f2c7a822-2ad7-467c-aa59-5a8ea51f1c15,c3,DROP,1014,?,i7,
1769449595.909491,SENT,61581c5f-0048-4859-885f-4750b8b1804f,8a7effa8-ef5c-478c-bdfa-f271b970137e,c2,DROP,1010,?,i1,
1769449595.9095335,FORWARDED,61581c5f-0048-4859-885f-4750b8b1804f,8a7effa8-ef5c-478c-bdfa-f271b970137e,c2,DROP,1010,?,i1,
1769449596.301419,SENT,9cddf861-f357-4b1a-9719-999caec07f51,34c94c02-b247-47b5-b8c4-1710eb6f7b03,c5,DROP,1012,?,i1,
1769449596.301461,FORWARDED,9cddf861-f357-4b1a-9719-999caec07f51,34c94c02-b247-47b5-b8c4-1710eb6f7b03,c5,DROP,1012,?,i1,
1769449596.3545246,SENT,5b7b4468-fec1-4e43-83a4-22c4f07113b2,0d60b0e8-3607-4f13-bc58-b01f4fd73b08,c4,DROP,1016,?,i9,
1769449596.3545666,FORWARDED,5b7b4468-fec1-4e43-83a4-22c4f07113b2,0d60b0e8-3607-4f13-bc58-b01f4fd73b08,c4,DROP,1016,?,i9,
1769449596.405028,RECEIVED,84044b7b-e95d-4e06-93b5-9ac3b629d963,486ff9a0-f6af-41ea-8c74-a6552a0ec64d,c1,c3,2467,p1,?,
1769449596.428555,RECEIVED,ef7ce0ff-e78f-4e1f-8224-31af25f665ca,59507ad2-187c-417a-97e3-88cf6e377c38,c1,c3,2474,p1,?,
1769449596.7077637,RECEIVED,955075d2-c2df-4d0e-8536-2647027bc44a,83f5ca13-b189-40dd-9255-31484aa16c33,c3,DROP,1439,p3,?,
1769449596.7454753,SENT,84044b7b-e95d-4e06-93b5-9ac3b629d963,486ff9a0-f6af-41ea-8c74-a6552a0ec64d,c1,c3,1779,?,i9,
1769449596.7455175,FORWARDED,84044b7b-e95d-4e06-93b5-9ac3b629d963,486ff9a0-f6af-41ea-8c74-a6552a0ec64d,c1,c3,1779,?,i9,
1769449596.8280761,SENT,955075d2-c2df-4d0e-8536-2647027bc44a,83f5ca13-b189-40dd-9255-31484aa16c33,c3,DROP,1007,?,i1,
1769449596.8281205,FORWARDED,955075d2-c2df-4d0e-8536-2647027bc44a,83f5ca13-b189-40dd-9255-31484aa16c33,c3,DROP,1007,?,i1,
1769449597.0401144,RECEIVED,4aca5ebc-97bb-4427-b966-4419bb83f541,918e5aff-09c9-4e9c-8959-ac487725170a,c4,DROP,1444,p1,?,
1769449597.1867206,SENT,4aca5ebc-97bb-4427-b966-4419bb83f541,918e5aff-09c9-4e9c-8959-ac487725170a,c4,DROP,1009,?,i3,
1769449597.1867607,FORWARDED,4aca5ebc-97bb-4427-b966-4419bb83f541,918e5aff-09c9-4e9c-8959-ac487725170a,c4,DROP,1009,?,i3,
1769449597.281752,RECEIVED,93009dc8-cb2a-4fa1-9b63-718307c8078e,c97562ed-ee1c-4026-a828-d3ef1a791c18,c2,DROP,1440,p2,?,
1769449597.4978237,SENT,93009dc8-cb2a-4fa1-9b63-718307c8078e,c97562ed-ee1c-4026-a828-d3ef1a791c18,c2,DROP,1007,?,i6,
1769449597.4978662,FORWARDED,93009dc8-cb2a-4fa1-9b63-718307c8078e,c97562ed-ee1c-4026-a828-d3ef1a791c18,c2,DROP,1007,?,i6,
1769449597.809452,RECEIVED,a05ff5ba-15ad-4cdf-b085-e5a7a6f5a632,38e0fbca-8af8-42e9-b68d-03bd385b2941,c3,DROP,1439,p3,?,
1769449598.2107973,SENT,ef7ce0ff-e78f-4e1f-8224-31af25f665ca,59507ad2-187c-417a-97e3-88cf6e377c38,c1,c3,1784,?,i4,
1769449598.210838,FORWARDED,ef7ce0ff-e78f-4e1f-8224-31af25f665ca,59507ad2-187c-417a-97e3-88cf6e377c38,c1,c3,1784,?,i4,
1769449598.237749,RECEIVED,6b8b5ac9-15af-4304-ad26-55426b250b92,1e7c9b78-9c56-4fce-bbd4-1e4847ca5386,c2,DROP,441,x11,?,
1769449598.3004186,RECEIVED,0142d978-7dd9-4eac-9459-7047aaa666dd,8d3c8b92-4b2f-4ea3-a081-c4250fc57261,c4,DROP,1439,p1,?,
1769449598.3045075,RECEIVED,948cdbda-fbd0-4d47-9da7-2322841960ce,e2b9e423-0e03-4a4e-8f6c-1c58645f790c,c2,c1,2464,p2,?,
1769449598.3600929,SENT,a05ff5ba-15ad-4cdf-b085-e5a7a6f5a632,38e0fbca-8af8-42e9-b68d-03bd385b2941,c3,DROP,1007,?,i8,
1769449598.3601348,FORWARDED,a05ff5ba-15ad-4cdf-b085-e5a7a6f5a632,38e0fbca-8af8-42e9-b68d-03bd385b2941,c3,DROP,1007,?,i8,
1769449598.3758147,SENT,948cdbda-fbd0-4d47-9da7-2322841960ce,e2b9e423-0e03-4a4e-8f6c-1c58645f790c,c2,c1,1776,?,i8,
1769449598.3758557,FORWARDED,948cdbda-fbd0-4d47-9da7-2322841960ce,e2b9e423-0e03-4a4e-8f6c-1c58645f790c,c2,c1,1776,?,i8,
1769449598.4080396,SENT,0142d978-7dd9-4eac-9459-7047aaa666dd,8d3c8b92-4b2f-4ea3-a081-c4250fc57261,c4,DROP,1007,?,i10,
1769449598.408091,FORWARDED,0142d978-7dd9-4eac-9459-7047aaa666dd,8d3c8b92-4b2f-4ea3-a081-c4250fc57261,c4,DROP,1007,?,i10,
1769449598.417664,RECEIVED,3071b7fa-297c-4f26-aaa2-89f91915e163,82c808ae-fe4f-47c5-8609-e5db2b9c9c3a,c3,DROP,1440,p3,?,
1769449598.4535785,RECEIVED,5340c5af-08f2-42e5-9339-03c9ff6edb11,b457a3b9-667d-46dc-9772-2e60afec3314,c1,DROP,1442,p1,?,
1769449598.4851918,RECEIVED,0573d4c0-0be4-4f70-be44-e13c9fb05484,28ac6e5d-1a5c-4ffb-85a5-ce02d2339d96,c4,DROP,1443,p1,?,
1769449598.7160347,SENT,3071b7fa-297c-4f26-aaa2-89f91915e163,82c808ae-fe4f-47c5-8609-e5db2b9c9c3a,c3,DROP,1008,?,i9,
1769449598.7163575,FORWARDED,3071b7fa-297c-4f26-aaa2-89f91915e163,82c808ae-fe4f-47c5-8609-e5db2b9c9c3a,c3,DROP,1008,?,i9,
1769449598.8164642,RECEIVED,54d50cd4-482b-4bbb-a238-6876ddcc47e1,e56addd3-b305-4bd6-9450-05db1cf8a908,c5,DROP,1440,p2,?,
1769449598.9955459,SENT,0573d4c0-0be4-4f70-be44-e13c9fb05484,28ac6e5d-1a5c-4ffb-85a5-ce02d2339d96,c4,DROP,1011,?,i8,
1769449598.9956937,FORWARDED,0573d4c0-0be4-4f70-be44-e13c9fb05484,28ac6e5d-1a5c-4ffb-85a5-ce02d2339d96,c4,DROP,1011,?,i8,
1769449599.0673778,SENT,54d50cd4-482b-4bbb-a238-6876ddcc47e1,e56addd3-b305-4bd6-9450-05db1cf8a908,c5,DROP,1008,?,i8,
1769449599.0674195,FORWARDED,54d50cd4-482b-4bbb-a238-6876ddcc47e1,e56addd3-b305-4bd6-9450-05db1cf8a908,c5,DROP,1008,?,i8,
1769449599.1228645,RECEIVED,58e173d9-898a-47a3-9711-2749fe5bf44a,07f9c628-e0cb-4741-a062-b54d1b3fdae9,c2,DROP,440,x2,?,
1769449599.2115912,RECEIVED,9f3f0206-2e71-4e36-960f-435400d0ddcd,4e581720-d802-462f-9b14-ee2aaf266625,c1,c3,2464,p1,?,
1769449599.3069217,SENT,9f3f0206-2e71-4e36-960f-435400d0ddcd,4e581720-d802-462f-9b14-ee2aaf266625,c1,c3,1776,?,i7,
1769449599.3069634,FORWARDED,9f3f0206-2e71-4e36-960f-435400d0ddcd,4e581720-d802-462f-9b14-ee2aaf266625,c1,c3,1776,?,i7,
1769449599.454304,RECEIVED,7b7e0047-34e9-44b3-b705-1d97e6e2f4d8,bb7b7f22-9177-47a9-8ad2-f6d85fe2cdd4,c2,DROP,1448,p2,?,
1769449599.6142278,RECEIVED,63eb3473-4de3-42eb-b295-687a5eabfcb7,1d11fa7d-b89b-4f15-8167-01e9349a874a,c3,DROP,1454,p3,?,
1769449599.6776502,SENT,63eb3473-4de3-42eb-b295-687a5eabfcb7,1d11fa7d-b89b-4f15-8167-01e9349a874a,c3,DROP,1015,?,i12,
1769449599.6777,FORWARDED,63eb3473-4de3-42eb-b295-687a5eabfcb7,1d11fa7d-b89b-4f15-8167-01e9349a874a,c3,DROP,1015,?,i12,
1769449599.9223025,SENT,7b7e0047-34e9-44b3-b705-1d97e6e2f4d8,bb7b7f22-9177-47a9-8ad2-f6d85fe2cdd4,c2,DROP,1012,?,i5,
1769449599.9223454,FORWARDED,7b7e0047-34e9-44b3-b705-1d97e6e2f4d8,bb7b7f22-9177-47a9-8ad2-f6d85fe2cdd4,c2,DROP,1012,?,i5,
1769449599.9373682,RECEIVED,c39de108-ea69-47da-8cb5-a86531d12124,01fa8ba3-e255-46b1-9a5e-a726e33c60d3,c2,DROP,1449,p2,?,
1769449600.006989,SENT,5340c5af-08f2-42e5-9339-03c9ff6edb11,b457a3b9-667d-46dc-9772-2e60afec3314,c1,DROP,1009,?,i7,
1769449600.0070295,FORWARDED,5340c5af-08f2-42e5-9339-03c9ff6edb11,b457a3b9-667d-46dc-9772-2e60afec3314,c1,DROP,1009,?,i7,
1769449600.03422,SENT,c39de108-ea69-47da-8cb5-a86531d12124,01fa8ba3-e255-46b1-9a5e-a726e33c60d3,c2,DROP,1014,?,i12,
1769449600.0342603,FORWARDED,c39de108-ea69-47da-8cb5-a86531d12124,01fa8ba3-e255-46b1-9a5e-a726e33c60d3,c2,DROP,1014,?,i12,
1769449600.2183893,RECEIVED,ae9e9d54-0554-4536-aae5-7cf20fb169b7,0162658a-a0e2-4e0d-8ed2-eef0b54f5fd0,c2,DROP,1455,p2,?,
1769449600.320463,RECEIVED,15d88d31-c0bd-4a9e-b593-e1fb8cc36a9d,6d2ddb8c-1da9-46a1-817e-28af76d25b86,c5,DROP,1445,p2,?,
1769449600.4186401,RECEIVED,44a3f41e-506b-41c9-bff7-580c57f21010,8c830249-9d4c-4c6c-8547-ca26c1939aa0,c1,DROP,1450,p1,?,
1769449600.5388553,RECEIVED,bc509c8c-d676-4161-ab5b-1d465127e126,1fc51d0e-c3b9-42d3-8091-b9b7439b07f2,c2,c1,2448,p2,?,
1769449600.5712981,RECEIVED,c5fb7b6a-cfa7-481e-89c8-406818aba4d2,4e0e4855-56ba-4469-99fb-908466df6658,c3,DROP,1448,p3,?,
1769449600.630026,SENT,bc509c8c-d676-4161-ab5b-1d465127e126,1fc51d0e-c3b9-42d3-8091-b9b7439b07f2,c2,c1,1764,?,i3,
1769449600.6300817,FORWARDED,bc509c8c-d676-4161-ab5b-1d465127e126,1fc51d0e-c3b9-42d3-8091-b9b7439b07f2,c2,c1,1764,?,i3,
1769449600.6372623,RECEIVED,cc8f28bd-5899-4747-8316-bfb2c86d5417,7c606e05-bff9-41e7-bd1d-f51414a8e7b6,c4,c5,2463,p1,?,
1769449600.7049932,SENT,15d88d31-c0bd-4a9e-b593-e1fb8cc36a9d,6d2ddb8c-1da9-46a1-817e-28af76d25b86,c5,DROP,1010,?,i12,
1769449600.7050366,FORWARDED,15d88d31-c0bd-4a9e-b593-e1fb8cc36a9d,6d2ddb8c-1da9-46a1-817e-28af76d25b86,c5,DROP,1010,?,i12,
1769449600.7164679,SENT,ae9e9d54-0554-4536-aae5-7cf20fb169b7,0162658a-a0e2-4e0d-8ed2-eef0b54f5fd0,c2,DROP,1020,?,i6,
1769449600.716507,FORWARDED,ae9e9d54-0554-4536-aae5-7cf20fb169b7,0162658a-a0e2-4e0d-8ed2-eef0b54f5fd0,c2,DROP,1020,?,i6,
1769449600.8855278,RECEIVED,14d3ba0d-4201-4497-818f-1a9f900cec32,1e99eadb-08ad-494e-b5ca-877c81a4f86c,c3,DROP,1437,p3,?,
1769449600.9353824,SENT,cc8f28bd-5899-4747-8316-bfb2c86d5417,7c606e05-bff9-41e7-bd1d-f51414a8e7b6,c4,c5,1776,?,i5,
1769449600.9354212,FORWARDED,cc8f28bd-5899-4747-8316-bfb2c86d5417,7c606e05-bff9-41e7-bd1d-f51414a8e7b6,c4,c5,1776,?,i5,
1769449600.9917104,RECEIVED,3f0e0f40-14ba-43c2-aa53-15308378a7d3,f90bdac8-b520-4787-b076-4026f3f19e90,c4,DROP,445,x5,?,
1769449601.191908,RECEIVED,63c4a8f6-0434-4b93-936b-a83bf51653c6,71d2c4db-42b4-4bb6-8e81-a2a3a250d0a5,c5,DROP,1452,p2,?,
1769449601.204194,SENT,44a3f41e-506b-41c9-bff7-580c57f21010,8c830249-9d4c-4c6c-8547-ca26c1939aa0,c1,DROP,1016,?,i7,
1769449601.2042356,FORWARDED,44a3f41e-506b-41c9-bff7-580c57f21010,8c830249-9d4c-4c6c-8547-ca26c1939aa0,c1,DROP,1016,?,i7,
1769449601.2213516,SENT,63c4a8f6-0434-4b93-936b-a83bf51653c6,71d2c4db-42b4-4bb6-8e81-a2a3a250d0a5,c5,DROP,1015,?,i2,
1769449601.2213912,FORWARDED,63c4a8f6-0434-4b93-936b-a83bf51653c6,71d2c4db-42b4-4bb6-8e81-a2a3a250d0a5,c5,DROP,1015,?,i2,
1769449601.2620423,RECEIVED,3728997e-ba28-4d7f-ba7b-dea88aa5cd0a,82a88bf9-a9dc-4d00-8911-067421d826e1,c3,DROP,1443,p3,?,
1769449601.2966974,RECEIVED,0a968c46-fd50-4fdb-b584-033c23986ab0,f7304cbb-8a14-4476-8850-0e5da773f8bb,c4,c5,2471,p1,?,
1769449601.2989395,SENT,c5fb7b6a-cfa7-481e-89c8-406818aba4d2,4e0e4855-56ba-4469-99fb-908466df6658,c3,DROP,1012,?,i12,
1769449601.2990928,FORWARDED,c5fb7b6a-cfa7-481e-89c8-406818aba4d2,4e0e4855-56ba-4469-99fb-908466df6658,c3,DROP,1012,?,i12,
1769449601.3209636,RECEIVED,c3507202-4802-4376-9d47-e97a7a69abcc,e51301d4-883e-4997-9962-ba498bc1f86f,c2,DROP,1438,p2,?,
1769449601.326763,RECEIVED,0b8e6235-ebc6-4831-bad8-6ef10b24cb66,d461beae-e421-4325-9ea6-91beedb67ee3,c1,DROP,442,x11,?,
1769449601.4757748,SENT,0a968c46-fd50-4fdb-b584-033c23986ab0,f7304cbb-8a14-4476-8850-0e5da773f8bb,c4,c5,1780,?,i8,
1769449601.4758177,FORWARDED,0a968c46-fd50-4fdb-b584-033c23986ab0,f7304cbb-8a14-4476-8850-0e5da773f8bb,c4,c5,1780,?,i8,
1769449601.5472002,SENT,14d3ba0d-4201-4497-818f-1a9f900cec32,1e99eadb-08ad-494e-b5ca-877c81a4f86c,c3,DROP,1008,?,i9,
1769449601.547244,FORWARDED,14d3ba0d-4201-4497-818f-1a9f900cec32,1e99eadb-08ad-494e-b5ca-877c81a4f86c,c3,DROP,1008,?,i9,
1769449601.5820744,SENT,3728997e-ba28-4d7f-ba7b-dea88aa5cd0a,82a88bf9-a9dc-4d00-8911-067421d826e1,c3,DROP,1011,?,i5,
1769449601.58212,FORWARDED,3728997e-ba28-4d7f-ba7b-dea88aa5cd0a,82a88bf9-a9dc-4d00-8911-067421d826e1,c3,DROP,1011,?,i5,
1769449601.596275,SENT,c3507202-4802-4376-9d47-e97a7a69abcc,e51301d4-883e-4997-9962-ba498bc1f86f,c2,DROP,1008,?,i6,
1769449601.5963163,FORWARDED,c3507202-4802-4376-9d47-e97a7a69abcc,e51301d4-883e-4997-9962-ba498bc1f86f,c2,DROP,1008,?,i6,
1769449601.6241663,RECEIVED,d05b3772-4451-4e15-a828-ee6ff2cf0fd6,f80b30ee-82c4-4e9f-bf38-e27c3eda5f93,c2,DROP,1439,p2,?,
1769449601.7660809,RECEIVED,5b8d7c91-ad98-420e-8ccd-a4389e73bb7c,544a2267-6b0d-465d-b967-a4478c466e2f,c3,c5,2472,p3,?,
1769449602.0009046,SENT,5b8d7c91-ad98-420e-8ccd-a4389e73bb7c,544a2267-6b0d-465d-b967-a4478c466e2f,c3,c5,1781,?,i11,
1769449602.0011778,FORWARDED,5b8d7c91-ad98-420e-8ccd-a4389e73bb7c,544a2267-6b0d-465d-b967-a4478c466e2f,c3,c5,1781,?,i11,
1769449602.1131346,SENT,d05b3772-4451-4e15-a828-ee6ff2cf0fd6,f80b30ee-82c4-4e9f-bf38-e27c3eda5f93,c2,DROP,1007,?,i4,
1769449602.1131709,FORWARDED,d05b3772-4451-4e15-a828-ee6ff2cf0fd6,f80b30ee-82c4-4e9f-bf38-e27c3eda5f93,c2,DROP,1007,?,i4,
1769449602.253577,RECEIVED,3714e1cb-71de-4323-a9de-f92f20d21848,036d60b3-8b0a-438f-876f-a80d65f0448e,c1,DROP,1443,p1,?,
1769449602.675607,RECEIVED,b96fb47d-905b-4430-a4f5-3675288658f9,3eca06a1-1d83-479c-9033-7789733362ee,c3,DROP,1439,p3,?,
1769449602.7679572,RECEIVED,0c05cb4b-5992-4702-aed4-d4a8e5507512,a179a717-b1b2-4f2a-9eb5-f729763c82b8,c5,c4,2464,p2,?,
1769449602.7820106,RECEIVED,cb44e25a-c9c9-45b7-ad51-5ed336a1bc6e,9b5aaf4c-3364-4ed2-8d2d-8c1f2d5977fe,c1,c3,2459,p1,?,
1769449602.8282619,RECEIVED,424db294-dd2a-4e22-9cbf-1e0884b4ede7,fba56643-46d8-4a3c-bb95-56d9ff46b817,c1,DROP,1455,p1,?,
1769449602.8923216,SENT,0c05cb4b-5992-4702-aed4-d4a8e5507512,a179a717-b1b2-4f2a-9eb5-f729763c82b8,c5,c4,1775,?,i2,
1769449602.892363,FORWARDED,0c05cb4b-5992-4702-aed4-d4a8e5507512,a179a717-b1b2-4f2a-9eb5-f729763c82b8,c5,c4,1775,?,i2,
1769449602.9299486,RECEIVED,4f0779f8-5c35-43c1-ac29-541b98d10aa9,89e6a643-ebbd-4f86-87bb-a11ff697a998,c4,c5,2463,p1,?,
1769449603.08388,SENT,b96fb47d-905b-4430-a4f5-3675288658f9,3eca06a1-1d83-479c-9033-7789733362ee,c3,DROP,1008,?,i8,
1769449603.0839214,FORWARDED,b96fb47d-905b-4430-a4f5-3675288658f9,3eca06a1-1d83-479c-9033-7789733362ee,c3,DROP,1008,?,i8,
1769449603.1000643,SENT,cb44e25a-c9c9-45b7-ad51-5ed336a1bc6e,9b5aaf4c-3364-4ed2-8d2d-8c1f2d5977fe,c1,c3,1772,?,i6,
1769449603.1001058,FORWARDED,cb44e25a-c9c9-45b7-ad51-5ed336a1bc6e,9b5aaf4c-3364-4ed2-8d2d-8c1f2d5977fe,c1,c3,1772,?,i6,
1769449603.1512585,SENT,424db294-dd2a-4e22-9cbf-1e0884b4ede7,fba56643-46d8-4a3c-bb95-56d9ff46b817,c1,DROP,1018,?,i6,
1769449603.1512985,FORWARDED,424db294-dd2a-4e22-9cbf-1e0884b4ede7,fba56643-46d8-4a3c-bb95-56d9ff46b817,c1,DROP,1018,?,i6,
1769449603.2549133,SENT,3714e1cb-71de-4323-a9de-f92f20d21848,036d60b3-8b0a-438f-876f-a80d65f0448e,c1,DROP,1011,?,i2,
1769449603.2549543,FORWARDED,3714e1cb-71de-4323-a9de-f92f20d21848,036d60b3-8b0a-438f-876f-a80d65f0448e,c1,DROP,1011,?,i2,
1769449603.260525,RECEIVED,e9095c8e-7bbd-420b-9ec2-a58b8d6a6d15,64c8dd3b-f25e-4cb5-afd9-18e0279b5133,c5,DROP,1439,p2,?,
1769449603.3412206,RECEIVED,e8b4471f-07e2-4e19-9fcb-afced4c2b71d,00ba583d-401b-48ad-9834-7bca8cbb78bf,c2,DROP,1449,p2,?,
1769449603.4359307,SENT,e8b4471f-07e2-4e19-9fcb-afced4c2b71d,00ba583d-401b-48ad-9834-7bca8cbb78bf,c2,DROP,1012,?,i10,
1769449603.4359717,FORWARDED,e8b4471f-07e2-4e19-9fcb-afced4c2b71d,00ba583d-401b-48ad-9834-7bca8cbb78bf,c2,DROP,1012,?,i10,
1769449603.6500092,RECEIVED,2d987581-4f04-40da-8901-44717c30a911,0d630fa2-b8d2-436b-a60d-b637ac306017,c5,c4,2459,p2,?,
1769449603.726651,SENT,2d987581-4f04-40da-8901-44717c30a911,0d630fa2-b8d2-436b-a60d-b637ac306017,c5,c4,1771,?,i7,
1769449603.7266908,FORWARDED,2d987581-4f04-40da-8901-44717c30a911,0d630fa2-b8d2-436b-a60d-b637ac306017,c5,c4,1771,?,i7,
1769449603.7283564,SENT,4f0779f8-5c35-43c1-ac29-541b98d10aa9,89e6a643-ebbd-4f86-87bb-a11ff697a998,c4,c5,1776,?,i8,
1769449603.7283971,FORWARDED,4f0779f8-5c35-43c1-ac29-541b98d10aa9,89e6a643-ebbd-4f86-87bb-a11ff697a998,c4,c5,1776,?,i8,
1769449603.7850964,RECEIVED,db5edb78-853c-46ed-96eb-dd18dfc9deea,a517783b-c814-4ac9-a4a3-fb1baf017c94,c5,DROP,1450,p2,?,
1769449604.03365,RECEIVED,fc7110cc-e0f6-4a1d-9243-c46475a766de,6abada7d-d788-46df-b84a-e87c4508b695,c3,c5,2462,p3,?,
1769449604.1188586,RECEIVED,b35050ce-7ad6-4be9-9236-fb359159c0a7,5c1e4bc5-4527-461c-a986-4d035ec9257d,c5,DROP,1455,p2,?,
1769449604.1921825,SENT,b35050ce-7ad6-4be9-9236-fb359159c0a7,5c1e4bc5-4527-461c-a986-4d035ec9257d,c5,DROP,1019,?,i9,
1769449604.1922338,FORWARDED,b35050ce-7ad6-4be9-9236-fb359159c0a7,5c1e4bc5-4527-461c-a986-4d035ec9257d,c5,DROP,1019,?,i9,
1769449604.3301587,RECEIVED,e5d67fcf-6aae-4c9e-9838-d5eff755d0c6,d8435820-9009-4b39-8ff1-b8fe1752cd82,c3,c5,2444,p3,?,
1769449604.3483658,SENT,e9095c8e-7bbd-420b-9ec2-a58b8d6a6d15,64c8dd3b-f25e-4cb5-afd9-18e0279b5133,c5,DROP,1007,?,i5,
1769449604.3484106,FORWARDED,e9095c8e-7bbd-420b-9ec2-a58b8d6a6d15,64c8dd3b-f25e-4cb5-afd9-18e0279b5133,c5,DROP,1007,?,i5,
1769449604.5410345,SENT,fc7110cc-e0f6-4a1d-9243-c46475a766de,6abada7d-d788-46df-b84a-e87c4508b695,c3,c5,1775,?,i6,
1769449604.5410838,FORWARDED,fc7110cc-e0f6-4a1d-9243-c46475a766de,6abada7d-d788-46df-b84a-e87c4508b695,c3,c5,1775,?,i6,
1769449604.5511982,SENT,e5d67fcf-6aae-4c9e-9838-d5eff755d0c6,d8435820-9009-4b39-8ff1-b8fe1752cd82,c3,c5,1760,?,i7,
1769449604.5512404,FORWARDED,e5d67fcf-6aae-4c9e-9838-d5eff755d0c6,d8435820-9009-4b39-8ff1-b8fe1752cd82,c3,c5,1760,?,i7,
1769449604.7542012,RECEIVED,714a0bec-a96a-42a3-a16c-5c965140369c,8081d1e4-641f-46a3-95df-f346cba560ae,c5,DROP,1444,p2,?,
1769449604.8895133,SENT,714a0bec-a96a-42a3-a16c-5c965140369c,8081d1e4-641f-46a3-95df-f346cba560ae,c5,DROP,1011,?,i4,
1769449604.8895535,FORWARDED,714a0bec-a96a-42a3-a16c-5c965140369c,8081d1e4-641f-46a3-95df-f346cba560ae,c5,DROP,1011,?,i4,
1769449605.0310419,SENT,db5edb78-853c-46ed-96eb-dd18dfc9deea,a517783b-c814-4ac9-a4a3-fb1baf017c94,c5,DROP,1015,?,i7,
1769449605.031095,FORWARDED,db5edb78-853c-46ed-96eb-dd18dfc9deea,a517783b-c814-4ac9-a4a3-fb1baf017c94,c5,DROP,1015,?,i7,
1769449605.2356906,RECEIVED,0a61cd69-f1e0-45d6-8d82-7655350a9edc,65271085-1ab4-4cfc-8959-347ba25e2ed5,c4,DROP,442,x2,?,
1769449605.250698,RECEIVED,c0716fef-2749-41f7-8396-6f8283f22bdf,c00e38dc-ce2d-4349-8c57-a4bbc834e710,c4,c5,2472,p1,?,
1769449605.3837826,SENT,c0716fef-2749-41f7-8396-6f8283f22bdf,c00e38dc-ce2d-4349-8c57-a4bbc834e710,c4,c5,1780,?,i8,
1769449605.3838224,FORWARDED,c0716fef-2749-41f7-8396-6f8283f22bdf,c00e38dc-ce2d-4349-8c57-a4bbc834e710,c4,c5,1780,?,i8,
1769449605.4657977,RECEIVED,175a9c26-5b44-463c-a4bb-0d9f37f2d10d,d96c3bb0-d178-4798-9ea1-4cc9557ea269,c5,DROP,1435,p2,?,
1769449605.68984,RECEIVED,69ae1a02-668b-4174-88fe-7acb7206653c,841bbe0f-2741-4325-b1f8-d45e96b464b5,c4,DROP,1451,p1,?,
1769449605.8933601,RECEIVED,f24fef4e-2691-4a0b-a9c7-1ab8858eecb0,81742df6-7280-4ef2-b1f8-f555cdf8cd7e,c2,c1,2444,p2,?,
1769449605.9086833,RECEIVED,f5cf18d4-913e-41af-aff8-244303ded6b2,b1b6f360-88e1-4f69-b769-5d72939434cf,c1,c3,2448,p1,?,
1769449606.008682,SENT,69ae1a02-668b-4174-88fe-7acb7206653c,841bbe0f-2741-4325-b1f8-d45e96b464b5,c4,DROP,1015,?,i8,
1769449606.0087252,FORWARDED,69ae1a02-668b-4174-88fe-7acb7206653c,841bbe0f-2741-4325-b1f8-d45e96b464b5,c4,DROP,1015,?,i8,
1769449606.0340195,RECEIVED,53ec6ab9-9aec-449f-abde-e25ecaf6ba3c,0fc43c5d-0a5f-40ce-b0fc-9d0c343fccfa,c4,DROP,1439,p1,?,
1769449606.0375025,SENT,f24fef4e-2691-4a0b-a9c7-1ab8858eecb0,81742df6-7280-4ef2-b1f8-f555cdf8cd7e,c2,c1,1761,?,i4,
1769449606.037554,FORWARDED,f24fef4e-2691-4a0b-a9c7-1ab8858eecb0,81742df6-7280-4ef2-b1f8-f555cdf8cd7e,c2,c1,1761,?,i4,
1769449606.1536267,RECEIVED,12134816-4a7f-404f-bd8f-7f5a269e3f74,7092ba65-e940-4381-ac4b-860553bf52bc,c4,DROP,441,x1,?,
1769449606.1886075,RECEIVED,42d012a8-5900-4853-8508-82aa3af333a9,37c10115-3683-4523-b5a3-82f1a3a38c0b,c2,DROP,1456,p2,?,
1769449606.2558155,RECEIVED,859915b9-1d8e-4b14-87e2-40bbbe3052d1,9f055469-8c07-4cc8-b91e-ffb789aac05a,c4,DROP,1451,p1,?,
1769449606.307027,SENT,f5cf18d4-913e-41af-aff8-244303ded6b2,b1b6f360-88e1-4f69-b769-5d72939434cf,c1,c3,1762,?,i7,
1769449606.3070846,FORWARDED,f5cf18d4-913e-41af-aff8-244303ded6b2,b1b6f360-88e1-4f69-b769-5d72939434cf,c1,c3,1762,?,i7,
1769449606.6159863,SENT,175a9c26-5b44-463c-a4bb-0d9f37f2d10d,d96c3bb0-d178-4798-9ea1-4cc9557ea269,c5,DROP,1004,?,i1,
1769449606.6160293,FORWARDED,175a9c26-5b44-463c-a4bb-0d9f37f2d10d,d96c3bb0-d178-4798-9ea1-4cc9557ea269,c5,DROP,1004,?,i1,
1769449606.6442897,SENT,859915b9-1d8e-4b14-87e2-40bbbe3052d1,9f055469-8c07-4cc8-b91e-ffb789aac05a,c4,DROP,1015,?,i2,
1769449606.6443305,FORWARDED,859915b9-1d8e-4b14-87e2-40bbbe3052d1,9f055469-8c07-4cc8-b91e-ffb789aac05a,c4,DROP,1015,?,i2,
1769449607.0202274,SENT,53ec6ab9-9aec-449f-abde-e25ecaf6ba3c,0fc43c5d-0a5f-40ce-b0fc-9d0c343fccfa,c4,DROP,1007,?,i1,
1769449607.0202684,FORWARDED,53ec6ab9-9aec-449f-abde-e25ecaf6ba3c,0fc43c5d-0a5f-40ce-b0fc-9d0c343fccfa,c4,DROP,1007,?,i1,
1769449607.2477467,RECEIVED,165e3137-d702-478d-8f57-4657e6828a22,af8e6ed0-5086-4154-9361-6576e6050586,c4,DROP,1440,p1,?,
1769449607.3864658,SENT,165e3137-d702-478d-8f57-4657e6828a22,af8e6ed0-5086-4154-9361-6576e6050586,c4,DROP,1008,?,i7,
1769449607.3865087,FORWARDED,165e3137-d702-478d-8f57-4657e6828a22,af8e6ed0-5086-4154-9361-6576e6050586,c4,DROP,1008,?,i7,
1769449607.4692116,RECEIVED,4c8d54e9-3014-42c4-a5a3-67187d9107f0,e7f5590d-7b20-4fc7-a4ad-64c0cb9d0d98,c2,c1,2463,p2,?,
1769449607.4777803,SENT,42d012a8-5900-4853-8508-82aa3af333a9,37c10115-3683-4523-b5a3-82f1a3a38c0b,c2,DROP,1020,?,i12,
1769449607.4778235,FORWARDED,42d012a8-5900-4853-8508-82aa3af333a9,37c10115-3683-4523-b5a3-82f1a3a38c0b,c2,DROP,1020,?,i12,
1769449607.609453,RECEIVED,aa837ba1-bf98-4daf-b25f-ac8fc18b92a7,0a6cb7a1-ec77-4c88-a99c-d97de841cfa9,c1,DROP,442,x7,?,
1769449607.8669686,RECEIVED,b8541dcf-8a63-4f0b-8bb3-be7bcde2b7e6,9d24f9f3-6279-4cb5-bb52-29792217c0d6,c4,DROP,441,x5,?,
1769449607.9739034,RECEIVED,5ae4602b-8d90-4574-809c-b408b2a48b56,a43c63e4-5ae1-4a2f-929a-26078bad1e71,c2,DROP,1439,p2,?,
1769449608.0544405,RECEIVED,8744cb68-d5b2-4dc7-b5d6-d7ecbfae51c6,cb9b7035-c8c0-4dc4-98b0-99afa1dee3fe,c1,DROP,1439,p1,?,
1769449608.1427872,RECEIVED,fddde40e-c698-40de-9d4d-4d94a9131558,10101771-74e8-45fe-94a6-03d78c2c0261,c3,c5,2460,p3,?,
1769449608.239401,RECEIVED,cf68a437-c6f2-4ea5-8699-7ea783fe0add,1d966f04-75d1-484b-9868-0dd7286cea66,c1,DROP,441,x12,?,
1769449608.2509363,SENT,4c8d54e9-3014-42c4-a5a3-67187d9107f0,e7f5590d-7b20-4fc7-a4ad-64c0cb9d0d98,c2,c1,1775,?,i4,
1769449608.2511356,FORWARDED,4c8d54e9-3014-42c4-a5a3-67187d9107f0,e7f5590d-7b20-4fc7-a4ad-64c0cb9d0d98,c2,c1,1775,?,i4,
1769449608.3395345,SENT,5ae4602b-8d90-4574-809c-b408b2a48b56,a43c63e4-5ae1-4a2f-929a-26078bad1e71,c2,DROP,1007,?,i11,
1769449608.3400552,FORWARDED,5ae4602b-8d90-4574-809c-b408b2a48b56,a43c63e4-5ae1-4a2f-929a-26078bad1e71,c2,DROP,1007,?,i11,
1769449608.4030826,RECEIVED,b4c21063-7f38-4d3c-9604-a85dbe8e909c,298ef16c-36a2-48e3-9b0e-fc7f5bc9bc61,c4,DROP,1438,p1,?,
1769449608.5424984,SENT,8744cb68-d5b2-4dc7-b5d6-d7ecbfae51c6,cb9b7035-c8c0-4dc4-98b0-99afa1dee3fe,c1,DROP,1007,?,i7,
1769449608.5425384,FORWARDED,8744cb68-d5b2-4dc7-b5d6-d7ecbfae51c6,cb9b7035-c8c0-4dc4-98b0-99afa1dee3fe,c1,DROP,1007,?,i7,
1769449608.6020544,RECEIVED,3419c14a-c63b-4b26-9c46-2457c6905d24,0cede300-7fe5-4053-9254-fb0885f092a1,c3,DROP,1452,p3,?,
1769449608.6448271,SENT,3419c14a-c63b-4b26-9c46-2457c6905d24,0cede300-7fe5-4053-9254-fb0885f092a1,c3,DROP,1016,?,i12,
1769449608.6448631,FORWARDED,3419c14a-c63b-4b26-9c46-2457c6905d24,0cede300-7fe5-4053-9254-fb0885f092a1,c3,DROP,1016,?,i12,
1769449608.7359176,RECEIVED,ce972eb2-f4e8-445a-bd6a-2d6cf5d3a26a,7874eda7-0c56-44d8-914f-17d7101d28dc,c3,c5,2451,p3,?,
1769449608.8500152,RECEIVED,87d42202-8a2e-4e47-9050-810ddb798e6a,659afa6b-f5ec-4394-b086-a64038f3113d,c5,DROP,1456,p2,?,
1769449608.9201477,RECEIVED,e5d84437-1fad-47f4-912a-09772d550aeb,6b7ba2cf-393c-4e1d-92dc-44031ba933e1,c2,DROP,1439,p2,?,
1769449608.931236,RECEIVED,0b5cf556-658d-4226-b147-6b12a646e4be,c78ee7d7-ae5a-4ea7-8c86-7924bae209c3,c3,DROP,1447,p3,?,
1769449608.9383135,RECEIVED,9ae000ae-dc63-4c60-a349-eb4cdfa9f807,441aa78a-a069-4df3-9877-39ab1c062ae6,c3,DROP,1439,p3,?,
1769449609.2400978,SENT,fddde40e-c698-40de-9d4d-4d94a9131558,10101771-74e8-45fe-94a6-03d78c2c0261,c3,c5,1772,?,i12,
1769449609.2401419,FORWARDED,fddde40e-c698-40de-9d4d-4d94a9131558,10101771-74e8-45fe-94a6-03d78c2c0261,c3,c5,1772,?,i12,
1769449609.283909,RECEIVED,e6743ee1-d8ad-4469-89c4-a7c3d7e53a7b,a1a165d2-8470-4780-b645-096839b0a476,c5,DROP,446,x6,?,
1769449609.3193994,SENT,ce972eb2-f4e8-445a-bd6a-2d6cf5d3a26a,7874eda7-0c56-44d8-914f-17d7101d28dc,c3,c5,1766,?,i7,
1769449609.3194401,FORWARDED,ce972eb2-f4e8-445a-bd6a-2d6cf5d3a26a,7874eda7-0c56-44d8-914f-17d7101d28dc,c3,c5,1766,?,i7,
1769449609.3493254,SENT,b4c21063-7f38-4d3c-9604-a85dbe8e909c,298ef16c-36a2-48e3-9b0e-fc7f5bc9bc61,c4,DROP,1007,?,i4,
1769449609.3493652,FORWARDED,b4c21063-7f38-4d3c-9604-a85dbe8e909c,298ef16c-36a2-48e3-9b0e-fc7f5bc9bc61,c4,DROP,1007,?,i4,
1769449609.3831365,SENT,9ae000ae-dc63-4c60-a349-eb4cdfa9f807,441aa78a-a069-4df3-9877-39ab1c062ae6,c3,DROP,1007,?,i5,
1769449609.3831758,FORWARDED,9ae000ae-dc63-4c60-a349-eb4cdfa9f807,441aa78a-a069-4df3-9877-39ab1c062ae6,c3,DROP,1007,?,i5,
1769449609.414928,RECEIVED,e9ef3570-cae4-4d4c-83b3-52878a98edd6,9b54b840-4533-48d0-ac39-76de753140e2,c2,DROP,442,x12,?,
1769449609.438068,RECEIVED,bc854082-69b7-4736-b933-0dc1a94aa576,6bdd679c-0528-46db-9b1d-8b2777054eb0,c4,DROP,442,x3,?,
1769449609.4497356,RECEIVED,5c876665-67da-489d-be41-60a7244aa029,692544bc-6425-4278-a5e8-9dd5d953d634,c3,c5,2455,p3,?,
1769449609.477606,RECEIVED,d35020b6-7180-4ebe-a8ca-5c9a9f657259,90cd0d6e-3993-47df-9b07-0ab50c5a2bb8,c4,DROP,1449,p1,?,
1769449609.5503824,RECEIVED,d4805319-e2d3-463c-b54e-7a58b56ff90a,ac56abbf-8ee9-4524-9378-3e5872a37538,c5,DROP,1444,p2,?,
1769449609.5853195,RECEIVED,cccf3f1c-72b1-4cbb-88fb-c6effa96f2de,0e564752-b27f-4634-9c36-aa2c396e3395,c1,c3,2460,p1,?,
1769449609.6531672,RECEIVED,15eccd56-97c2-423a-a5e1-00b216b289cd,3862f314-3104-464a-a6f0-21e1ffad8a00,c1,c3,2464,p1,?,
1769449609.6977746,SENT,87d42202-8a2e-4e47-9050-810ddb798e6a,659afa6b-f5ec-4394-b086-a64038f3113d,c5,DROP,1019,?,i10,
1769449609.6978168,FORWARDED,87d42202-8a2e-4e47-9050-810ddb798e6a,659afa6b-f5ec-4394-b086-a64038f3113d,c5,DROP,1019,?,i10,
1769449609.7552323,SENT,cccf3f1c-72b1-4cbb-88fb-c6effa96f2de,0e564752-b27f-4634-9c36-aa2c396e3395,c1,c3,1771,?,i4,
1769449609.7552729,FORWARDED,cccf3f1c-72b1-4cbb-88fb-c6effa96f2de,0e564752-b27f-4634-9c36-aa2c396e3395,c1,c3,1771,?,i4,
1769449609.7683764,SENT,d4805319-e2d3-463c-b54e-7a58b56ff90a,ac56abbf-8ee9-4524-9378-3e5872a37538,c5,DROP,1011,?,i9,
1769449609.7684126,FORWARDED,d4805319-e2d3-463c-b54e-7a58b56ff90a,ac56abbf-8ee9-4524-9378-3e5872a37538,c5,DROP,1011,?,i9,
1769449609.8463235,SENT,15eccd56-97c2-423a-a5e1-00b216b289cd,3862f314-3104-464a-a6f0-21e1ffad8a00,c1,c3,1776,?,i9,
1769449609.846361,FORWARDED,15eccd56-97c2-423a-a5e1-00b216b289cd,3862f314-3104-464a-a6f0-21e1ffad8a00,c1,c3,1776,?,i9,
1769449609.9498656,RECEIVED,f733241b-f70a-4f9f-a512-824f8c505a85,0de0f6ff-1316-4827-a2d6-bd05d220bf9f,c4,c5,2467,p1,?,
1769449610.0406005,SENT,e5d84437-1fad-47f4-912a-09772d550aeb,6b7ba2cf-393c-4e1d-92dc-44031ba933e1,c2,DROP,1007,?,i1,
1769449610.0406427,FORWARDED,e5d84437-1fad-47f4-912a-09772d550aeb,6b7ba2cf-393c-4e1d-92dc-44031ba933e1,c2,DROP,1007,?,i1,
1769449610.0759435,SENT,5c876665-67da-489d-be41-60a7244aa029,692544bc-6425-4278-a5e8-9dd5d953d634,c3,c5,1768,?,i5,
1769449610.075987,FORWARDED,5c876665-67da-489d-be41-60a7244aa029,692544bc-6425-4278-a5e8-9dd5d953d634,c3,c5,1768,?,i5,
1769449610.1370425,SENT,0b5cf556-658d-4226-b147-6b12a646e4be,c78ee7d7-ae5a-4ea7-8c86-7924bae209c3,c3,DROP,1012,?,i7,
1769449610.1370995,FORWARDED,0b5cf556-658d-4226-b147-6b12a646e4be,c78ee7d7-ae5a-4ea7-8c86-7924bae209c3,c3,DROP,1012,?,i7,
1769449610.233948,RECEIVED,1202e039-7b31-410c-a579-8894cd436049,14a5a070-daac-4e39-84e3-73631853b707,c3,DROP,1450,p3,?,
1769449610.3561587,RECEIVED,034c730f-9519-4fce-b6db-edd6eeacfac8,bd8af718-35d7-46bd-a269-cf78f2b8e5c0,c5,DROP,442,x7,?,
1769449610.572946,RECEIVED,160d21fc-fb21-4731-8474-b7f439a25d96,bd2714f1-929d-47ed-9135-582466f0744f,c3,DROP,1439,p3,?,
1769449610.5850523,SENT,f733241b-f70a-4f9f-a512-824f8c505a85,0de0f6ff-1316-4827-a2d6-bd05d220bf9f,c4,c5,1777,?,i9,
1769449610.5851772,FORWARDED,f733241b-f70a-4f9f-a512-824f8c505a85,0de0f6ff-1316-4827-a2d6-bd05d220bf9f,c4,c5,1777,?,i9,
1769449610.594337,SENT,d35020b6-7180-4ebe-a8ca-5c9a9f657259,90cd0d6e-3993-47df-9b07-0ab50c5a2bb8,c4,DROP,1017,?,i3,
1769449610.594378,FORWARDED,d35020b6-7180-4ebe-a8ca-5c9a9f657259,90cd0d6e-3993-47df-9b07-0ab50c5a2bb8,c4,DROP,1017,?,i3,
1769449610.9768023,RECEIVED,bbe43d8e-c80a-47ce-b6d4-d120124f80b0,10701a7e-198a-45d0-895d-4f5c7e35125a,c2,DROP,1448,p2,?,
1769449611.0165493,RECEIVED,ca687fa5-b65f-401e-b204-661366b53e9d,0e13a409-3c85-4442-aa5f-def01bc1d6ba,c5,DROP,445,x10,?,
1769449611.07706,RECEIVED,09e65ebc-e7ec-4abf-890d-80cf4270521c,38474ec1-8683-4bf4-ab3b-e6e102a50429,c5,DROP,1435,p2,?,
1769449611.2840636,SENT,160d21fc-fb21-4731-8474-b7f439a25d96,bd2714f1-929d-47ed-9135-582466f0744f,c3,DROP,1008,?,i4,
1769449611.2841043,FORWARDED,160d21fc-fb21-4731-8474-b7f439a25d96,bd2714f1-929d-47ed-9135-582466f0744f,c3,DROP,1008,?,i4,
1769449611.294982,RECEIVED,83e87245-94ab-4541-ab51-e250555e669a,e9a46d0c-0398-4cd9-a762-b25117b60b6f,c5,c4,2463,p2,?,
1769449611.410514,RECEIVED,d29a5c6a-60e2-4952-988b-cb18b09eb7d3,ed2d70b7-baa2-4298-8c88-e5f8490d4fa1,c2,DROP,1447,p2,?,
1769449611.4245272,SENT,83e87245-94ab-4541-ab51-e250555e669a,e9a46d0c-0398-4cd9-a762-b25117b60b6f,c5,c4,1776,?,i4,
1769449611.42457,FORWARDED,83e87245-94ab-4541-ab51-e250555e669a,e9a46d0c-0398-4cd9-a762-b25117b60b6f,c5,c4,1776,?,i4,
1769449611.5137224,SENT,1202e039-7b31-410c-a579-8894cd436049,14a5a070-daac-4e39-84e3-73631853b707,c3,DROP,1015,?,i6,
1769449611.5137615,FORWARDED,1202e039-7b31-410c-a579-8894cd436049,14a5a070-daac-4e39-84e3-73631853b707,c3,DROP,1015,?,i6,
1769449611.514063,RECEIVED,310b5e99-8e0c-40ea-8fd2-a9c082f95f99,2fa849ee-d2bb-4c2a-af55-ae0fff781349,c2,DROP,1452,p2,?,
1769449611.5937028,RECEIVED,844f34da-c743-4994-a757-4e7458f8490c,268be97e-79da-4767-a02c-71b9f4cea141,c2,DROP,1443,p2,?,
1769449611.62231,RECEIVED,2c5ed6b4-63b6-4812-8f02-09cb196da558,8a13390e-1073-45d6-a419-4cb0b1437184,c2,DROP,1445,p2,?,
1769449611.661236,SENT,d29a5c6a-60e2-4952-988b-cb18b09eb7d3,ed2d70b7-baa2-4298-8c88-e5f8490d4fa1,c2,DROP,1014,?,i9,
1769449611.661464,FORWARDED,d29a5c6a-60e2-4952-988b-cb18b09eb7d3,ed2d70b7-baa2-4298-8c88-e5f8490d4fa1,c2,DROP,1014,?,i9,
1769449611.8463464,SENT,bbe43d8e-c80a-47ce-b6d4-d120124f80b0,10701a7e-198a-45d0-895d-4f5c7e35125a,c2,DROP,1014,?,i12,
1769449611.8463838,FORWARDED,bbe43d8e-c80a-47ce-b6d4-d120124f80b0,10701a7e-198a-45d0-895d-4f5c7e35125a,c2,DROP,1014,?,i12,
1769449611.9370313,SENT,2c5ed6b4-63b6-4812-8f02-09cb196da558,8a13390e-1073-45d6-a419-4cb0b1437184,c2,DROP,1011,?,i10,
1769449611.9371438,FORWARDED,2c5ed6b4-63b6-4812-8f02-09cb196da558,8a13390e-1073-45d6-a419-4cb0b1437184,c2,DROP,1011,?,i10,
1769449612.00193,SENT,844f34da-c743-4994-a757-4e7458f8490c,268be97e-79da-4767-a02c-71b9f4cea141,c2,DROP,1011,?,i5,
1769449612.0019717,FORWARDED,844f34da-c743-4994-a757-4e7458f8490c,268be97e-79da-4767-a02c-71b9f4cea141,c2,DROP,1011,?,i5,
1769449612.014709,SENT,310b5e99-8e0c-40ea-8fd2-a9c082f95f99,2fa849ee-d2bb-4c2a-af55-ae0fff781349,c2,DROP,1015,?,i1,
1769449612.014744,FORWARDED,310b5e99-8e0c-40ea-8fd2-a9c082f95f99,2fa849ee-d2bb-4c2a-af55-ae0fff781349,c2,DROP,1015,?,i1,
1769449612.0595276,RECEIVED,125cdc73-3a9d-487b-8c22-623be99a872b,d8f8a30b-8b28-480d-9152-f6b846f7fe7a,c3,c5,2464,p3,?,
1769449612.2063775,RECEIVED,08768723-f831-42b9-a0a6-cd0f51926da1,62e9b7bc-c1fd-47b2-8d64-20ff7b36a021,c4,DROP,1442,p1,?,
1769449612.2177372,SENT,08768723-f831-42b9-a0a6-cd0f51926da1,62e9b7bc-c1fd-47b2-8d64-20ff7b36a021,c4,DROP,1006,?,i12,
1769449612.2182846,FORWARDED,08768723-f831-42b9-a0a6-cd0f51926da1,62e9b7bc-c1fd-47b2-8d64-20ff7b36a021,c4,DROP,1006,?,i12,
1769449612.22318,SENT,09e65ebc-e7ec-4abf-890d-80cf4270521c,38474ec1-8683-4bf4-ab3b-e6e102a50429,c5,DROP,1004,?,i1,
1769449612.2232213,FORWARDED,09e65ebc-e7ec-4abf-890d-80cf4270521c,38474ec1-8683-4bf4-ab3b-e6e102a50429,c5,DROP,1004,?,i1,
1769449612.2237499,RECEIVED,e9a8e654-a456-4ccb-8d10-b1560f30bc9f,a3bdd8f1-17b0-4b21-ba0c-9b2fa877a9f8,c1,c3,2463,p1,?,
1769449612.2346268,RECEIVED,867bc281-2495-4a91-a621-a940590bbe43,3ff441c3-75b6-4f48-bc33-e4c4b6ab1c3b,c1,c3,2468,p1,?,
1769449612.3425822,RECEIVED,7fd4f774-b062-46f8-af66-43e5532d5aba,07bd2a34-3da0-4ddc-af32-3329c87a0d4c,c1,DROP,441,x4,?,
1769449612.488731,SENT,e9a8e654-a456-4ccb-8d10-b1560f30bc9f,a3bdd8f1-17b0-4b21-ba0c-9b2fa877a9f8,c1,c3,1775,?,i8,
1769449612.4887738,FORWARDED,e9a8e654-a456-4ccb-8d10-b1560f30bc9f,a3bdd8f1-17b0-4b21-ba0c-9b2fa877a9f8,c1,c3,1775,?,i8,
1769449612.5141077,SENT,867bc281-2495-4a91-a621-a940590bbe43,3ff441c3-75b6-4f48-bc33-e4c4b6ab1c3b,c1,c3,1779,?,i10,
1769449612.5141492,FORWARDED,867bc281-2495-4a91-a621-a940590bbe43,3ff441c3-75b6-4f48-bc33-e4c4b6ab1c3b,c1,c3,1779,?,i10,
1769449612.560992,SENT,125cdc73-3a9d-487b-8c22-623be99a872b,d8f8a30b-8b28-480d-9152-f6b846f7fe7a,c3,c5,1776,?,i8,
1769449612.561033,FORWARDED,125cdc73-3a9d-487b-8c22-623be99a872b,d8f8a30b-8b28-480d-9152-f6b846f7fe7a,c3,c5,1776,?,i8,
1769449612.6821475,RECEIVED,b9f69e2f-3064-4ddb-b13e-71a062bc8826,3b05e293-15bc-4f15-96e5-3645f12fbe76,c3,DROP,441,x2,?,
1769449612.7312162,RECEIVED,97556239-5f6d-4ea9-b36b-9b871e19aeb7,fc3147dc-6b07-4f12-a5bc-8df9b21069be,c4,c5,2461,p1,?,
1769449613.1169233,RECEIVED,16fccb76-3bc6-4570-af61-c4c61a611e66,6dfc1209-f3e5-4d93-9b20-7a66733fe611,c4,DROP,1452,p1,?,
1769449613.1636162,RECEIVED,daef60d6-203e-43c3-8ee5-b47cfaca7b20,db787c8b-3d8c-4e3d-a603-b60eb2dd3f52,c2,DROP,441,x9,?,
1769449613.1742387,SENT,97556239-5f6d-4ea9-b36b-9b871e19aeb7,fc3147dc-6b07-4f12-a5bc-8df9b21069be,c4,c5,1771,?,i10,
1769449613.1742823,FORWARDED,97556239-5f6d-4ea9-b36b-9b871e19aeb7,fc3147dc-6b07-4f12-a5bc-8df9b21069be,c4,c5,1771,?,i10,
1769449613.5612502,SENT,16fccb76-3bc6-4570-af61-c4c61a611e66,6dfc1209-f3e5-4d93-9b20-7a66733fe611,c4,DROP,1016,?,i8,
1769449613.561293,FORWARDED,16fccb76-3bc6-4570-af61-c4c61a611e66,6dfc1209-f3e5-4d93-9b20-7a66733fe611,c4,DROP,1016,?,i8,
1769449613.6244469,RECEIVED,b52720d0-821d-4065-8954-50a37f81d143,11797e7a-4a2c-4006-936b-35173e917359,c1,DROP,441,x7,?,
1769449613.6273022,RECEIVED,2600d889-2b8f-4548-8c2b-07f4bcb04273,4e4407fd-b6c9-45eb-a61e-32b52ab774d0,c4,c5,2469,p1,?,
1769449613.8253372,RECEIVED,e888d04f-4904-4c8d-8ec8-71fea988d63f,b6aea80e-6025-4e22-9969-6b37222f26bd,c2,c1,2449,p2,?,
1769449613.866149,SENT,e888d04f-4904-4c8d-8ec8-71fea988d63f,b6aea80e-6025-4e22-9969-6b37222f26bd,c2,c1,1763,?,i1,
1769449613.8661997,FORWARDED,e888d04f-4904-4c8d-8ec8-71fea988d63f,b6aea80e-6025-4e22-9969-6b37222f26bd,c2,c1,1763,?,i1,
1769449613.9250202,RECEIVED,b2127850-d569-43c5-90df-11ba7972cc40,2368bc0d-76d5-4db4-84ef-306c7c923f99,c3,DROP,442,x3,?,
1769449614.105128,SENT,2600d889-2b8f-4548-8c2b-07f4bcb04273,4e4407fd-b6c9-45eb-a61e-32b52ab774d0,c4,c5,1779,?,i12,
1769449614.1051705,FORWARDED,2600d889-2b8f-4548-8c2b-07f4bcb04273,4e4407fd-b6c9-45eb-a61e-32b52ab774d0,c4,c5,1779,?,i12,
1769449614.1307833,RECEIVED,77a6e9c3-b6a9-4c7d-a942-4d9560b1efaa,a79cee7a-6817-44ef-9e8c-0ac9e50b78fd,c1,c3,2462,p1,?,
1769449614.6587381,RECEIVED,87538208-782d-42e3-a2b3-0fcbfd74c056,c2b92894-9c75-41d9-b53a-e81299409dec,c4,DROP,1451,p1,?,
1769449614.8208458,RECEIVED,1cf76db6-ccd8-4786-ae15-b2f5aff04df4,066591cc-fb33-44f7-a282-f198131a44d7,c3,c5,2449,p3,?,
1769449614.9053133,SENT,1cf76db6-ccd8-4786-ae15-b2f5aff04df4,066591cc-fb33-44f7-a282-f198131a44d7,c3,c5,1764,?,i5,
1769449614.9053571,FORWARDED,1cf76db6-ccd8-4786-ae15-b2f5aff04df4,066591cc-fb33-44f7-a282-f198131a44d7,c3,c5,1764,?,i5,
1769449615.1048539,SENT,87538208-782d-42e3-a2b3-0fcbfd74c056,c2b92894-9c75-41d9-b53a-e81299409dec,c4,DROP,1016,?,i2,
1769449615.1049097,FORWARDED,87538208-782d-42e3-a2b3-0fcbfd74c056,c2b92894-9c75-41d9-b53a-e81299409dec,c4,DROP,1016,?,i2,
1769449615.1359227,RECEIVED,0d9923a9-e37c-41b8-8745-cb14236d8a6a,8214a1ed-3e61-4c76-a4bc-a26ad6c4aae9,c3,DROP,1444,p3,?,
1769449615.289172,SENT,77a6e9c3-b6a9-4c7d-a942-4d9560b1efaa,a79cee7a-6817-44ef-9e8c-0ac9e50b78fd,c1,c3,1774,?,i3,
1769449615.28922,FORWARDED,77a6e9c3-b6a9-4c7d-a942-4d9560b1efaa,a79cee7a-6817-44ef-9e8c-0ac9e50b78fd,c1,c3,1774,?,i3,
1769449615.3257465,RECEIVED,8740904f-fc7f-4b58-8e4a-2c6b3430fca5,abda122e-454f-4b71-866e-9147e761374c,c1,DROP,1439,p1,?,
1769449615.5978858,RECEIVED,5fd04b55-0fc7-40bf-b967-cb25cf49f69f,3f53dcec-b1cd-4119-b350-c0480b68f8f1,c1,DROP,1440,p1,?,
1769449615.657973,RECEIVED,0083e03d-42b1-44f6-b99c-d94ed891a169,b6303a7e-2ece-4f24-8d89-b6478917aed2,c1,DROP,1454,p1,?,
1769449615.6913452,SENT,5fd04b55-0fc7-40bf-b967-cb25cf49f69f,3f53dcec-b1cd-4119-b350-c0480b68f8f1,c1,DROP,1008,?,i3,
1769449615.6913898,FORWARDED,5fd04b55-0fc7-40bf-b967-cb25cf49f69f,3f53dcec-b1cd-4119-b350-c0480b68f8f1,c1,DROP,1008,?,i3,
1769449615.693183,SENT,0083e03d-42b1-44f6-b99c-d94ed891a169,b6303a7e-2ece-4f24-8d89-b6478917aed2,c1,DROP,1015,?,i4,
1769449615.6932192,FORWARDED,0083e03d-42b1-44f6-b99c-d94ed891a169,b6303a7e-2ece-4f24-8d89-b6478917aed2,c1,DROP,1015,?,i4,
1769449615.7339108,SENT,0d9923a9-e37c-41b8-8745-cb14236d8a6a,8214a1ed-3e61-4c76-a4bc-a26ad6c4aae9,c3,DROP,1011,?,i11,
1769449615.7339542,FORWARDED,0d9923a9-e37c-41b8-8745-cb14236d8a6a,8214a1ed-3e61-4c76-a4bc-a26ad6c4aae9,c3,DROP,1011,?,i11,
1769449615.88436,RECEIVED,4bfdc29a-4c88-4739-94ac-f1f30c60f5ec,ca600f05-63af-4ba8-97dd-416f4e52cdd7,c1,DROP,446,x12,?,
1769449616.2100115,RECEIVED,a42da141-d207-4b07-97a9-2a70c110799f,b0e04314-9468-45db-8225-421dbf311a23,c5,DROP,1439,p2,?,
1769449616.4151888,SENT,8740904f-fc7f-4b58-8e4a-2c6b3430fca5,abda122e-454f-4b71-866e-9147e761374c,c1,DROP,1007,?,i5,
1769449616.4152308,FORWARDED,8740904f-fc7f-4b58-8e4a-2c6b3430fca5,abda122e-454f-4b71-866e-9147e761374c,c1,DROP,1007,?,i5,
1769449616.5833595,RECEIVED,1b081632-0aae-44b2-b4f6-de839fe65ad4,6057a8b5-1756-4468-864c-8b010d7df4fd,c4,c5,2478,p1,?,
1769449616.6170342,SENT,1b081632-0aae-44b2-b4f6-de839fe65ad4,6057a8b5-1756-4468-864c-8b010d7df4fd,c4,c5,1784,?,i11,
1769449616.6170838,FORWARDED,1b081632-0aae-44b2-b4f6-de839fe65ad4,6057a8b5-1756-4468-864c-8b010d7df4fd,c4,c5,1784,?,i11,
1769449616.6729443,RECEIVED,41419fde-8dbd-4efa-ba70-91f62b613b9f,cd136ed2-27d0-4a15-bfc1-201dbb701b9e,c5,c4,2482,p2,?,
1769449616.7189631,SENT,41419fde-8dbd-4efa-ba70-91f62b613b9f,cd136ed2-27d0-4a15-bfc1-201dbb701b9e,c5,c4,1788,?,i11,
1769449616.7190018,FORWARDED,41419fde-8dbd-4efa-ba70-91f62b613b9f,cd136ed2-27d0-4a15-bfc1-201dbb701b9e,c5,c4,1788,?,i11,
1769449616.9523668,RECEIVED,cc626588-d87a-474d-a349-32bdfdd4006f,970801e6-08bd-4b0f-9fa4-e4faf5094ae3,c2,c1,2468,p2,?,
1769449616.9528813,SENT,a42da141-d207-4b07-97a9-2a70c110799f,b0e04314-9468-45db-8225-421dbf311a23,c5,DROP,1007,?,i2,
1769449616.952926,FORWARDED,a42da141-d207-4b07-97a9-2a70c110799f,b0e04314-9468-45db-8225-421dbf311a23,c5,DROP,1007,?,i2,
1769449617.1143212,RECEIVED,00aacd25-ffce-43ab-9a4e-81ef75ff6d70,09989428-fee1-43ec-afc3-26f851e2d472,c5,DROP,1443,p2,?,
1769449617.1660318,RECEIVED,95ba5043-a849-4e9e-af79-2e6ae607d541,bf8e981e-f25f-4a85-818b-7f4ba2ab652b,c4,c5,2446,p1,?,
1769449617.4595516,SENT,00aacd25-ffce-43ab-9a4e-81ef75ff6d70,09989428-fee1-43ec-afc3-26f851e2d472,c5,DROP,1009,?,i1,
1769449617.4595904,FORWARDED,00aacd25-ffce-43ab-9a4e-81ef75ff6d70,09989428-fee1-43ec-afc3-26f851e2d472,c5,DROP,1009,?,i1,
1769449617.60192,RECEIVED,b156b67b-1d96-43d9-b484-8d80bd5845c0,ee1ff3de-99af-4d31-86d5-f6cf4fe11bfd,c5,DROP,1440,p2,?,
1769449617.8770077,SENT,b156b67b-1d96-43d9-b484-8d80bd5845c0,ee1ff3de-99af-4d31-86d5-f6cf4fe11bfd,c5,DROP,1007,?,i5,
1769449617.877064,FORWARDED,b156b67b-1d96-43d9-b484-8d80bd5845c0,ee1ff3de-99af-4d31-86d5-f6cf4fe11bfd,c5,DROP,1007,?,i5,
1769449617.8989377,RECEIVED,f7b07724-12e6-41c8-bd84-d84d2b3d9cc0,eaf77b18-5222-42b9-ad17-ee8932dc15ce,c5,DROP,442,x12,?,
1769449617.9242284,RECEIVED,8b11aa05-2721-4883-9e36-411a8d2a2913,78f97e02-3e4f-4236-a000-8a49d67b396c,c4,c5,2471,p1,?,
1769449618.0175614,RECEIVED,1794161d-cdc7-4179-bf85-2ff470d1ed2a,8e54f372-8747-42b1-9e9e-eacb2d2d94b9,c1,DROP,1439,p1,?,
1769449618.21451,SENT,8b11aa05-2721-4883-9e36-411a8d2a2913,78f97e02-3e4f-4236-a000-8a49d67b396c,c4,c5,1781,?,i8,
1769449618.214552,FORWARDED,8b11aa05-2721-4883-9e36-411a8d2a2913,78f97e02-3e4f-4236-a000-8a49d67b396c,c4,c5,1781,?,i8,
1769449618.2923453,RECEIVED,19de469b-0e5f-44de-ab80-a4913d4bc394,29f91832-2404-4509-89e8-24a545ed904a,c4,c5,2464,p1,?,
1769449618.3971372,SENT,19de469b-0e5f-44de-ab80-a4913d4bc394,29f91832-2404-4509-89e8-24a545ed904a,c4,c5,1776,?,i1,
1769449618.3971803,FORWARDED,19de469b-0e5f-44de-ab80-a4913d4bc394,29f91832-2404-4509-89e8-24a545ed904a,c4,c5,1776,?,i1,
1769449618.397807,RECEIVED,56d5131f-0e10-42c9-938b-be42b5cbd181,0af0e49d-402d-4f55-b82d-fddca23a7282,c3,c5,2471,p3,?,
1769449618.4359684,SENT,cc626588-d87a-474d-a349-32bdfdd4006f,970801e6-08bd-4b0f-9fa4-e4faf5094ae3,c2,c1,1779,?,i12,
1769449618.43601,FORWARDED,cc626588-d87a-474d-a349-32bdfdd4006f,970801e6-08bd-4b0f-9fa4-e4faf5094ae3,c2,c1,1779,?,i12,
1769449618.4427059,RECEIVED,e459fdfb-356a-4bc6-9165-7c9f7037d4ab,8ea582cd-48c8-48b1-903a-8959f3d88d20,c4,c5,2447,p1,?,
1769449618.5728695,RECEIVED,75731461-d59b-4d21-92d5-30227beca391,a0abae03-7a1a-46d5-b15b-6afdff0d6086,c4,c5,2447,p1,?,
1769449618.6692815,RECEIVED,d65d1d08-fb9d-4083-af54-a30a1daf8c26,6fa98907-b8de-40f8-bb1a-939f6793046d,c5,DROP,441,x10,?,
1769449618.7708898,RECEIVED,7bd280e3-f174-4770-83cd-3aad52a494c6,8a0100af-cb30-4c50-a4c6-ce7819347727,c4,c5,2464,p1,?,
1769449618.9612403,SENT,75731461-d59b-4d21-92d5-30227beca391,a0abae03-7a1a-46d5-b15b-6afdff0d6086,c4,c5,1764,?,i7,
1769449618.9612782,FORWARDED,75731461-d59b-4d21-92d5-30227beca391,a0abae03-7a1a-46d5-b15b-6afdff0d6086,c4,c5,1764,?,i7,
1769449619.0144708,SENT,e459fdfb-356a-4bc6-9165-7c9f7037d4ab,8ea582cd-48c8-48b1-903a-8959f3d88d20,c4,c5,1764,?,i4,
1769449619.0145147,FORWARDED,e459fdfb-356a-4bc6-9165-7c9f7037d4ab,8ea582cd-48c8-48b1-903a-8959f3d88d20,c4,c5,1764,?,i4,
1769449619.0514357,SENT,1794161d-cdc7-4179-bf85-2ff470d1ed2a,8e54f372-8747-42b1-9e9e-eacb2d2d94b9,c1,DROP,1007,?,i3,
1769449619.0514858,FORWARDED,1794161d-cdc7-4179-bf85-2ff470d1ed2a,8e54f372-8747-42b1-9e9e-eacb2d2d94b9,c1,DROP,1007,?,i3,
1769449619.0966592,RECEIVED,edba1298-d06e-451e-b51f-af0e6e788769,e3b391fa-c424-46e3-b85c-dcb165d29ebe,c4,DROP,1450,p1,?,
1769449619.1451921,RECEIVED,a25d7ff2-82f1-4f50-a002-a0ca0635c355,410f299d-3a98-4a84-8280-5f8df75883ce,c4,DROP,1439,p1,?,
1769449619.2024148,SENT,56d5131f-0e10-42c9-938b-be42b5cbd181,0af0e49d-402d-4f55-b82d-fddca23a7282,c3,c5,1780,?,i5,
1769449619.2024686,FORWARDED,56d5131f-0e10-42c9-938b-be42b5cbd181,0af0e49d-402d-4f55-b82d-fddca23a7282,c3,c5,1780,?,i5,
1769449619.250478,RECEIVED,8ea9622c-2b47-4d20-abb1-1ec2995ecc9f,c7be6853-e250-4f6c-91e7-a268ce12b88a,c4,c5,2452,p1,?,
1769449619.265869,SENT,edba1298-d06e-451e-b51f-af0e6e788769,e3b391fa-c424-46e3-b85c-dcb165d29ebe,c4,DROP,1016,?,i8,
1769449619.265911,FORWARDED,edba1298-d06e-451e-b51f-af0e6e788769,e3b391fa-c424-46e3-b85c-dcb165d29ebe,c4,DROP,1016,?,i8,
1769449619.3669932,SENT,a25d7ff2-82f1-4f50-a002-a0ca0635c355,410f299d-3a98-4a84-8280-5f8df75883ce,c4,DROP,1006,?,i7,
1769449619.3670325,FORWARDED,a25d7ff2-82f1-4f50-a002-a0ca0635c355,410f299d-3a98-4a84-8280-5f8df75883ce,c4,DROP,1006,?,i7,
1769449619.55121,RECEIVED,f3bc6b37-b4b6-4386-ad8b-e22d3404166b,7aa3e786-d7b0-4931-9ddc-ddcfdf2ad340,c3,DROP,1452,p3,?,
1769449619.669804,RECEIVED,aa473196-fd4c-461c-a8b0-bd4a1b5a7ef5,0a21aa08-8cea-4438-882d-9ef586e272b4,c3,DROP,1447,p3,?,
1769449619.6976738,SENT,f3bc6b37-b4b6-4386-ad8b-e22d3404166b,7aa3e786-d7b0-4931-9ddc-ddcfdf2ad340,c3,DROP,1016,?,i9,
1769449619.6977148,FORWARDED,f3bc6b37-b4b6-4386-ad8b-e22d3404166b,7aa3e786-d7b0-4931-9ddc-ddcfdf2ad340,c3,DROP,1016,?,i9,
1769449619.716365,SENT,8ea9622c-2b47-4d20-abb1-1ec2995ecc9f,c7be6853-e250-4f6c-91e7-a268ce12b88a,c4,c5,1767,?,i5,
1769449619.7164104,FORWARDED,8ea9622c-2b47-4d20-abb1-1ec2995ecc9f,c7be6853-e250-4f6c-91e7-a268ce12b88a,c4,c5,1767,?,i5,
1769449620.0069375,SENT,aa473196-fd4c-461c-a8b0-bd4a1b5a7ef5,0a21aa08-8cea-4438-882d-9ef586e272b4,c3,DROP,1014,?,i1,
1769449620.0069811,FORWARDED,aa473196-fd4c-461c-a8b0-bd4a1b5a7ef5,0a21aa08-8cea-4438-882d-9ef586e272b4,c3,DROP,1014,?,i1,
1769449620.132712,SENT,95ba5043-a849-4e9e-af79-2e6ae607d541,bf8e981e-f25f-4a85-818b-7f4ba2ab652b,c4,c5,1764,?,i7,
1769449620.132754,FORWARDED,95ba5043-a849-4e9e-af79-2e6ae607d541,bf8e981e-f25f-4a85-818b-7f4ba2ab652b,c4,c5,1764,?,i7,
1769449620.2760546,RECEIVED,3d8514c7-76f9-4099-8988-c0d60392e872,d3b4a882-f863-4000-b1a2-63dceab83b91,c3,c5,2474,p3,?,
1769449620.286869,SENT,7bd280e3-f174-4770-83cd-3aad52a494c6,8a0100af-cb30-4c50-a4c6-ce7819347727,c4,c5,1776,?,i12,
1769449620.2869086,FORWARDED,7bd280e3-f174-4770-83cd-3aad52a494c6,8a0100af-cb30-4c50-a4c6-ce7819347727,c4,c5,1776,?,i12,
1769449620.34803,RECEIVED,21c29503-5f15-4a9c-95e8-b919b64b5b95,6298cd16-dcae-4966-9cea-6f8943af7e91,c3,DROP,442,x3,?,
1769449620.4047506,RECEIVED,de6e8c84-c4c6-442d-b526-6e5119f47ad3,80352952-c6b4-4de7-bc37-8cbed9cf019f,c1,DROP,443,x1,?,
1769449620.6935735,RECEIVED,8c2a074a-84ce-4cb4-a5ba-91183f60567b,b7f9bc6f-998b-4abc-af51-7ce36a5aea7d,c4,DROP,1444,p1,?,
1769449620.9890306,RECEIVED,493321c9-a824-4d59-bab3-1afb5623ad9a,9025fb87-d720-457a-ad29-b66564aaedb1,c4,DROP,445,x10,?,
1769449621.0012643,RECEIVED,eaea590a-f923-4f4d-944d-9e54c323e418,dc6c04e0-2692-4c63-b401-239c9f3c9535,c2,DROP,1439,p2,?,
1769449621.1068258,SENT,8c2a074a-84ce-4cb4-a5ba-91183f60567b,b7f9bc6f-998b-4abc-af51-7ce36a5aea7d,c4,DROP,1011,?,i4,
1769449621.1068685,FORWARDED,8c2a074a-84ce-4cb4-a5ba-91183f60567b,b7f9bc6f-998b-4abc-af51-7ce36a5aea7d,c4,DROP,1011,?,i4,
1769449621.180289,RECEIVED,8a0617d2-ba11-410f-b8ed-589a45d2fd46,d5f00166-ca77-4d91-b9ed-0dba6dff1882,c5,DROP,1436,p2,?,
1769449621.2443764,RECEIVED,2fa3efa1-8970-44ab-aec9-c851e0a4b224,3a60ca75-0f10-4b7e-bce0-32bdc503d5e5,c5,DROP,1451,p2,?,
1769449621.3814647,SENT,eaea590a-f923-4f4d-944d-9e54c323e418,dc6c04e0-2692-4c63-b401-239c9f3c9535,c2,DROP,1007,?,i6,
1769449621.3815074,FORWARDED,eaea590a-f923-4f4d-944d-9e54c323e418,dc6c04e0-2692-4c63-b401-239c9f3c9535,c2,DROP,1007,?,i6,
1769449621.4102666,RECEIVED,1ff6456a-b3c0-42cd-892e-bcb693aa207e,ee460d76-d2c3-4f5a-8055-0ff8a82ecbc2,c5,DROP,1457,p2,?,
1769449621.427342,RECEIVED,fdb7d215-65fc-47a0-b7a8-5d07913e5d11,29fe624b-cd73-47ec-8c95-de744f9a5221,c3,DROP,1441,p3,?,
1769449621.4838393,SENT,fdb7d215-65fc-47a0-b7a8-5d07913e5d11,29fe624b-cd73-47ec-8c95-de744f9a5221,c3,DROP,1007,?,i7,
1769449621.4839156,FORWARDED,fdb7d215-65fc-47a0-b7a8-5d07913e5d11,29fe624b-cd73-47ec-8c95-de744f9a5221,c3,DROP,1007,?,i7,
1769449621.5645576,RECEIVED,3361ae43-f892-4fe6-be21-e2cdfc649f33,d97405c0-3fdc-4ea6-88dd-08fa06f979ce,c2,c1,2460,p2,?,
1769449621.5978901,SENT,2fa3efa1-8970-44ab-aec9-c851e0a4b224,3a60ca75-0f10-4b7e-bce0-32bdc503d5e5,c5,DROP,1016,?,i8,
1769449621.597933,FORWARDED,2fa3efa1-8970-44ab-aec9-c851e0a4b224,3a60ca75-0f10-4b7e-bce0-32bdc503d5e5,c5,DROP,1016,?,i8,
1769449621.6351538,SENT,1ff6456a-b3c0-42cd-892e-bcb693aa207e,ee460d76-d2c3-4f5a-8055-0ff8a82ecbc2,c5,DROP,1020,?,i11,
1769449621.635194,FORWARDED,1ff6456a-b3c0-42cd-892e-bcb693aa207e,ee460d76-d2c3-4f5a-8055-0ff8a82ecbc2,c5,DROP,1020,?,i11,
1769449621.670906,SENT,8a0617d2-ba11-410f-b8ed-589a45d2fd46,d5f00166-ca77-4d91-b9ed-0dba6dff1882,c5,DROP,1004,?,i4,
1769449621.6709502,FORWARDED,8a0617d2-ba11-410f-b8ed-589a45d2fd46,d5f00166-ca77-4d91-b9ed-0dba6dff1882,c5,DROP,1004,?,i4,
1769449621.7028632,SENT,3361ae43-f892-4fe6-be21-e2cdfc649f33,d97405c0-3fdc-4ea6-88dd-08fa06f979ce,c2,c1,1771,?,i4,
1769449621.702906,FORWARDED,3361ae43-f892-4fe6-be21-e2cdfc649f33,d97405c0-3fdc-4ea6-88dd-08fa06f979ce,c2,c1,1771,?,i4,
1769449621.7863793,RECEIVED,9e79b89c-2dff-4140-9c5c-d904fb3badf9,b2006c2e-a3fd-489b-8673-400ac2df1586,c2,DROP,1453,p2,?,
1769449621.9362705,SENT,3d8514c7-76f9-4099-8988-c0d60392e872,d3b4a882-f863-4000-b1a2-63dceab83b91,c3,c5,1783,?,i5,
1769449621.936311,FORWARDED,3d8514c7-76f9-4099-8988-c0d60392e872,d3b4a882-f863-4000-b1a2-63dceab83b91,c3,c5,1783,?,i5,
1769449621.9762955,SENT,9e79b89c-2dff-4140-9c5c-d904fb3badf9,b2006c2e-a3fd-489b-8673-400ac2df1586,c2,DROP,1015,?,i10,
1769449621.976335,FORWARDED,9e79b89c-2dff-4140-9c5c-d904fb3badf9,b2006c2e-a3fd-489b-8673-400ac2df1586,c2,DROP,1015,?,i10,
1769449622.0201073,RECEIVED,96fe05bb-f853-46ac-b537-924c3d0c670c,fea00ef4-7cbd-4c5e-a291-48b3b35766f1,c2,c1,2447,p2,?,
1769449622.0683212,RECEIVED,41d69bda-6271-4093-acd1-dbd6c406211e,18d00038-2a3c-4750-a38e-93aa2b698e8d,c1,c3,2463,p1,?,
1769449622.163106,RECEIVED,b2eba105-4055-4502-aab8-b09b7a76c173,652aac76-f20f-4736-99ea-3b5a84566d0d,c4,DROP,1439,p1,?,
1769449622.287685,RECEIVED,6e28ae65-ae7c-45be-b6ab-314d0da7974b,80901157-f6a2-4ec8-98a4-74125acfc495,c2,c1,2461,p2,?,
1769449622.3323476,SENT,6e28ae65-ae7c-45be-b6ab-314d0da7974b,80901157-f6a2-4ec8-98a4-74125acfc495,c2,c1,1771,?,i9,
1769449622.3323889,FORWARDED,6e28ae65-ae7c-45be-b6ab-314d0da7974b,80901157-f6a2-4ec8-98a4-74125acfc495,c2,c1,1771,?,i9,
1769449622.3831053,RECEIVED,ef49f1c1-3b4d-4532-8aa7-36f82c7dd880,fbd8c244-2109-45a2-af50-51666d65abcd,c3,DROP,1448,p3,?,
1769449622.492664,RECEIVED,e566491c-dc7e-45a7-8744-606fcee93432,e4809393-7aea-4f84-a32f-e8e1c71ea906,c2,DROP,443,x3,?,
1769449622.7910075,SENT,ef49f1c1-3b4d-4532-8aa7-36f82c7dd880,fbd8c244-2109-45a2-af50-51666d65abcd,c3,DROP,1014,?,i7,
1769449622.7910707,FORWARDED,ef49f1c1-3b4d-4532-8aa7-36f82c7dd880,fbd8c244-2109-45a2-af50-51666d65abcd,c3,DROP,1014,?,i7,
1769449622.8482425,SENT,41d69bda-6271-4093-acd1-dbd6c406211e,18d00038-2a3c-4750-a38e-93aa2b698e8d,c1,c3,1776,?,i7,
1769449622.8482804,FORWARDED,41d69bda-6271-4093-acd1-dbd6c406211e,18d00038-2a3c-4750-a38e-93aa2b698e8d,c1,c3,1776,?,i7,
1769449622.9807737,RECEIVED,131d42af-7bb9-4ed4-9907-0c106987ab77,64329bb6-3c6d-48d4-bcd5-cdf1dc9435f6,c2,c1,2451,p2,?,
1769449623.1371086,RECEIVED,a2aaa17c-fb6d-4a63-8074-4f0cb23e8a50,fe570922-a1a4-46f3-a3ff-7f563b56cb38,c1,c3,2467,p1,?,
1769449623.262491,RECEIVED,90e2a725-cc4c-4436-bcb3-84ea723aa131,8e0de1f6-f2c2-4523-b71d-14e152b30269,c2,DROP,442,x1,?,
1769449623.3706057,SENT,131d42af-7bb9-4ed4-9907-0c106987ab77,64329bb6-3c6d-48d4-bcd5-cdf1dc9435f6,c2,c1,1767,?,i7,
1769449623.370663,FORWARDED,131d42af-7bb9-4ed4-9907-0c106987ab77,64329bb6-3c6d-48d4-bcd5-cdf1dc9435f6,c2,c1,1767,?,i7,
1769449623.4020839,SENT,b2eba105-4055-4502-aab8-b09b7a76c173,652aac76-f20f-4736-99ea-3b5a84566d0d,c4,DROP,1007,?,i7,
1769449623.4021254,FORWARDED,b2eba105-4055-4502-aab8-b09b7a76c173,652aac76-f20f-4736-99ea-3b5a84566d0d,c4,DROP,1007,?,i7,
1769449623.446017,RECEIVED,84993eda-de03-4ed3-80fb-9725e8250818,b4cdd52e-86cc-4d19-b672-82f23ebf36f6,c4,DROP,446,x12,?,
1769449623.4694428,SENT,96fe05bb-f853-46ac-b537-924c3d0c670c,fea00ef4-7cbd-4c5e-a291-48b3b35766f1,c2,c1,1763,?,i6,
1769449623.469486,FORWARDED,96fe05bb-f853-46ac-b537-924c3d0c670c,fea00ef4-7cbd-4c5e-a291-48b3b35766f1,c2,c1,1763,?,i6,
1769449623.5150967,RECEIVED,ca388171-7b77-49f1-a8ed-08cba7b28570,9af016bf-70d1-421c-a7d4-3dc44ba1e883,c2,DROP,1443,p2,?,
1769449623.5879724,RECEIVED,8d65fd34-dc83-4c9a-bedf-16fc005d774c,7090d5e3-5eeb-46ec-9785-075e06f78fd5,c2,c1,2464,p2,?,
1769449623.6726284,SENT,8d65fd34-dc83-4c9a-bedf-16fc005d774c,7090d5e3-5eeb-46ec-9785-075e06f78fd5,c2,c1,1776,?,i9,
1769449623.672673,FORWARDED,8d65fd34-dc83-4c9a-bedf-16fc005d774c,7090d5e3-5eeb-46ec-9785-075e06f78fd5,c2,c1,1776,?,i9,
1769449623.6994047,RECEIVED,d057db22-c3df-4acc-860a-f4861fe98d32,24a9d631-23a9-46da-bbd1-5613a5460dd9,c1,c3,2468,p1,?,
1769449623.700935,RECEIVED,deda21bd-1165-4c9c-8825-e647f2221cdc,72554647-960d-42a8-9837-b9d6292e4d07,c2,DROP,1443,p2,?,
1769449623.7562864,RECEIVED,27de13ee-bbeb-424a-8a43-dadfc9090fd2,f1e937cc-ddb0-4da7-ace7-e329b8f474ca,c2,c1,2472,p2,?,
1769449623.8150194,SENT,ca388171-7b77-49f1-a8ed-08cba7b28570,9af016bf-70d1-421c-a7d4-3dc44ba1e883,c2,DROP,1011,?,i5,
1769449623.8150733,FORWARDED,ca388171-7b77-49f1-a8ed-08cba7b28570,9af016bf-70d1-421c-a7d4-3dc44ba1e883,c2,DROP,1011,?,i5,
1769449623.8303664,SENT,a2aaa17c-fb6d-4a63-8074-4f0cb23e8a50,fe570922-a1a4-46f3-a3ff-7f563b56cb38,c1,c3,1777,?,i6,
1769449623.830418,FORWARDED,a2aaa17c-fb6d-4a63-8074-4f0cb23e8a50,fe570922-a1a4-46f3-a3ff-7f563b56cb38,c1,c3,1777,?,i6,
1769449623.8386662,RECEIVED,e49d9d7e-8179-417d-91ec-dc98016982aa,bb7e87b0-2fe6-4db8-9eed-6c79e1ebc31a,c4,DROP,445,x12,?,
1769449623.9476612,RECEIVED,ef655459-8aa1-4251-af28-11f574d79bad,f3339019-e877-4d12-b73f-72ce255d7d6d,c5,c4,2467,p2,?,
1769449623.9607315,SENT,d057db22-c3df-4acc-860a-f4861fe98d32,24a9d631-23a9-46da-bbd1-5613a5460dd9,c1,c3,1777,?,i9,
1769449623.9607737,FORWARDED,d057db22-c3df-4acc-860a-f4861fe98d32,24a9d631-23a9-46da-bbd1-5613a5460dd9,c1,c3,1777,?,i9,
1769449623.9983697,RECEIVED,a3e43263-84db-4c87-af2a-cb1b369622d0,4e380306-ab7e-4406-812b-d43e8a4391da,c2,c1,2463,p2,?,
1769449624.0534375,SENT,a3e43263-84db-4c87-af2a-cb1b369622d0,4e380306-ab7e-4406-812b-d43e8a4391da,c2,c1,1772,?,i10,
1769449624.0534773,FORWARDED,a3e43263-84db-4c87-af2a-cb1b369622d0,4e380306-ab7e-4406-812b-d43e8a4391da,c2,c1,1772,?,i10,
1769449624.0558624,SENT,ef655459-8aa1-4251-af28-11f574d79bad,f3339019-e877-4d12-b73f-72ce255d7d6d,c5,c4,1777,?,i11,
1769449624.0558994,FORWARDED,ef655459-8aa1-4251-af28-11f574d79bad,f3339019-e877-4d12-b73f-72ce255d7d6d,c5,c4,1777,?,i11,
1769449624.0778048,RECEIVED,c5ee2945-e568-426c-9a36-666dd4570d04,8d888e29-3cb6-4eb9-a60b-581dc1be21cf,c2,DROP,1444,p2,?,
1769449624.0880816,SENT,27de13ee-bbeb-424a-8a43-dadfc9090fd2,f1e937cc-ddb0-4da7-ace7-e329b8f474ca,c2,c1,1781,?,i3,
1769449624.0881274,FORWARDED,27de13ee-bbeb-424a-8a43-dadfc9090fd2,f1e937cc-ddb0-4da7-ace7-e329b8f474ca,c2,c1,1781,?,i3,
1769449624.1008804,SENT,c5ee2945-e568-426c-9a36-666dd4570d04,8d888e29-3cb6-4eb9-a60b-581dc1be21cf,c2,DROP,1011,?,i8,
1769449624.1009185,FORWARDED,c5ee2945-e568-426c-9a36-666dd4570d04,8d888e29-3cb6-4eb9-a60b-581dc1be21cf,c2,DROP,1011,?,i8,
1769449624.2857292,RECEIVED,a10d8986-460c-4efc-8bed-e2e333e66dfb,84405bc7-1ba1-4f0d-825d-f494d2602378,c4,DROP,1458,p1,?,
1769449624.3023405,SENT,a10d8986-460c-4efc-8bed-e2e333e66dfb,84405bc7-1ba1-4f0d-825d-f494d2602378,c4,DROP,1020,?,i12,
1769449624.3023827,FORWARDED,a10d8986-460c-4efc-8bed-e2e333e66dfb,84405bc7-1ba1-4f0d-825d-f494d2602378,c4,DROP,1020,?,i12,
1769449624.5099003,RECEIVED,81c0cdd1-fe2d-45e0-a52f-9f19d27107e3,68840d82-9a54-41ae-ab54-a0f23cd5e0bd,c5,DROP,441,x5,?,
1769449624.6653976,RECEIVED,ef5c1469-c02b-49b5-8bb0-e24b73af789b,9055bf63-3957-4ee0-a3ae-38f05d846752,c5,DROP,1440,p2,?,
1769449624.7607784,RECEIVED,790c91d9-2e9c-4590-9d44-8577436285c0,27ae5dcd-c036-4ebb-bfcc-a21b0b970168,c4,DROP,442,x7,?,
1769449624.988282,RECEIVED,24485457-68cb-4b21-81d4-c40439d74349,77f172c1-2271-4a25-80dd-6045e1353323,c4,DROP,442,x4,?,
1769449625.001423,RECEIVED,f0eb78b0-af56-4ffe-85b4-77dc4e8ffe19,e8de1cba-d54d-4ddd-ae17-c1e81cccd789,c3,c5,2468,p3,?,
1769449625.0975747,RECEIVED,6a3f391d-037a-4ae3-961e-48ef2f7bfa42,9c25f65f-8e9c-4378-b6dc-64248da68a25,c4,DROP,1451,p1,?,
1769449625.2396774,RECEIVED,64d0e7a5-4563-4f1c-bab3-733db1f8e9d5,3757adee-11e4-405c-a895-55060158377b,c3,DROP,442,x4,?,
1769449625.3251987,RECEIVED,f9e1bcd2-d227-4f81-8635-b8a62ad921b8,140d4c4c-b0fb-474a-af9c-b1e793863f6a,c3,c5,2475,p3,?,
1769449625.3656857,SENT,ef5c1469-c02b-49b5-8bb0-e24b73af789b,9055bf63-3957-4ee0-a3ae-38f05d846752,c5,DROP,1007,?,i12,
1769449625.3657255,FORWARDED,ef5c1469-c02b-49b5-8bb0-e24b73af789b,9055bf63-3957-4ee0-a3ae-38f05d846752,c5,DROP,1007,?,i12,
1769449625.3892174,RECEIVED,eca366ef-4665-42ed-9f1f-642ec1445a1b,0b8b2a66-c7b4-427b-a236-51e05c599240,c4,DROP,1452,p1,?,
1769449625.4553266,RECEIVED,67c31ca0-f3ac-4f64-943a-7d8378b1d5fd,cce3cfc3-f81b-4cb7-8d94-3bdd1d1f36e6,c4,c5,2464,p1,?,
1769449625.458847,RECEIVED,b01fd1f0-7585-472d-adaf-c179ec14bf13,0bf3626f-9d45-4f12-8d01-069ae793b0bd,c1,DROP,445,x10,?,
1769449625.491067,SENT,67c31ca0-f3ac-4f64-943a-7d8378b1d5fd,cce3cfc3-f81b-4cb7-8d94-3bdd1d1f36e6,c4,c5,1774,?,i11,
1769449625.4911084,FORWARDED,67c31ca0-f3ac-4f64-943a-7d8378b1d5fd,cce3cfc3-f81b-4cb7-8d94-3bdd1d1f36e6,c4,c5,1774,?,i11,
1769449625.5582733,SENT,deda21bd-1165-4c9c-8825-e647f2221cdc,72554647-960d-42a8-9837-b9d6292e4d07,c2,DROP,1011,?,i1,
1769449625.558318,FORWARDED,deda21bd-1165-4c9c-8825-e647f2221cdc,72554647-960d-42a8-9837-b9d6292e4d07,c2,DROP,1011,?,i1,
1769449625.624098,RECEIVED,5ba3fc13-abee-4a8d-a98a-8eacbe9230bf,c61482ab-e9cf-40fa-a154-d912dd012ea8,c3,DROP,443,x5,?,
1769449625.6945877,SENT,6a3f391d-037a-4ae3-961e-48ef2f7bfa42,9c25f65f-8e9c-4378-b6dc-64248da68a25,c4,DROP,1015,?,i2,
1769449625.6946287,FORWARDED,6a3f391d-037a-4ae3-961e-48ef2f7bfa42,9c25f65f-8e9c-4378-b6dc-64248da68a25,c4,DROP,1015,?,i2,
1769449625.7316487,SENT,f0eb78b0-af56-4ffe-85b4-77dc4e8ffe19,e8de1cba-d54d-4ddd-ae17-c1e81cccd789,c3,c5,1779,?,i11,
1769449625.7317023,FORWARDED,f0eb78b0-af56-4ffe-85b4-77dc4e8ffe19,e8de1cba-d54d-4ddd-ae17-c1e81cccd789,c3,c5,1779,?,i11,
1769449625.968257,RECEIVED,e07ad121-d1ee-4097-a886-720b6519daff,0d5c5cdc-d027-421f-86ec-872be3801f40,c4,c5,2464,p1,?,
1769449626.0659034,SENT,e07ad121-d1ee-4097-a886-720b6519daff,0d5c5cdc-d027-421f-86ec-872be3801f40,c4,c5,1776,?,i8,
1769449626.0659397,FORWARDED,e07ad121-d1ee-4097-a886-720b6519daff,0d5c5cdc-d027-421f-86ec-872be3801f40,c4,c5,1776,?,i8,
1769449626.0822327,RECEIVED,4afc8adc-091d-4d22-b98b-5de670826c25,5311666a-621f-475a-851f-7e187649a34c,c1,c3,2479,p1,?,
1769449626.194374,SENT,f9e1bcd2-d227-4f81-8635-b8a62ad921b8,140d4c4c-b0fb-474a-af9c-b1e793863f6a,c3,c5,1783,?,i1,
1769449626.194413,FORWARDED,f9e1bcd2-d227-4f81-8635-b8a62ad921b8,140d4c4c-b0fb-474a-af9c-b1e793863f6a,c3,c5,1783,?,i1,
1769449626.295966,RECEIVED,e27c4ccd-8a3e-4912-8442-16f38e13987d,15ecdb6f-d19f-46c4-aa3c-cda3d2a05990,c4,c5,2460,p1,?,
1769449626.6616287,RECEIVED,68b55c86-3049-4336-a94a-6107b15233c9,e2a6e4d2-4d09-4487-9a3c-4915e1a081d2,c4,c5,2463,p1,?,
1769449626.7090797,RECEIVED,d0589d0c-1af7-4f70-a7ac-bd77a7b86b2b,11a319a3-687d-48cc-bc78-f7118fa75fc3,c5,DROP,441,x2,?,
1769449626.7109916,RECEIVED,0c8d6e9e-6ad6-4f80-b409-ae36c06186b8,217709ca-d79a-4485-8db1-54adb7bd2705,c2,DROP,441,x7,?,
1769449626.7465522,RECEIVED,9dc93f88-71bc-475a-afa3-13ec1eb61655,bb8bd8a3-9a3f-443c-a77b-798e2c1fd7cd,c2,DROP,441,x9,?,
1769449626.789873,SENT,e27c4ccd-8a3e-4912-8442-16f38e13987d,15ecdb6f-d19f-46c4-aa3c-cda3d2a05990,c4,c5,1771,?,i10,
1769449626.7899117,FORWARDED,e27c4ccd-8a3e-4912-8442-16f38e13987d,15ecdb6f-d19f-46c4-aa3c-cda3d2a05990,c4,c5,1771,?,i10,
1769449626.8010156,SENT,4afc8adc-091d-4d22-b98b-5de670826c25,5311666a-621f-475a-851f-7e187649a34c,c1,c3,1786,?,i5,
1769449626.8010614,FORWARDED,4afc8adc-091d-4d22-b98b-5de670826c25,5311666a-621f-475a-851f-7e187649a34c,c1,c3,1786,?,i5,
1769449626.824899,RECEIVED,ff5a8fbb-104c-4c51-9381-cafbf7c0b768,b9e73f29-540d-4181-b010-da6e5447a139,c2,DROP,441,x5,?,
1769449626.9120083,SENT,eca366ef-4665-42ed-9f1f-642ec1445a1b,0b8b2a66-c7b4-427b-a236-51e05c599240,c4,DROP,1016,?,i10,
1769449626.912061,FORWARDED,eca366ef-4665-42ed-9f1f-642ec1445a1b,0b8b2a66-c7b4-427b-a236-51e05c599240,c4,DROP,1016,?,i10,
1769449626.9825711,SENT,68b55c86-3049-4336-a94a-6107b15233c9,e2a6e4d2-4d09-4487-9a3c-4915e1a081d2,c4,c5,1775,?,i8,
1769449626.9826114,FORWARDED,68b55c86-3049-4336-a94a-6107b15233c9,e2a6e4d2-4d09-4487-9a3c-4915e1a081d2,c4,c5,1775,?,i8,
1769449627.106231,RECEIVED,df2303df-2ce1-43f7-98a2-2e1d5577c4ed,8eac8a7f-ac70-4476-9797-d8627fa435c2,c1,DROP,1452,p1,?,
1769449627.5383267,RECEIVED,6f6e408f-bd13-41d2-97ff-b48d2d479e6e,e2d8a73c-dea8-46c8-8da2-a05af2ee23ea,c2,DROP,1435,p2,?,
1769449627.820848,RECEIVED,92d1e182-c99e-4359-95a2-4ee0498cffa1,73a49809-fc29-426f-9fb9-31207bdea63e,c1,DROP,1448,p1,?,
1769449627.8649573,RECEIVED,2ed34364-1e21-4dec-ad6d-36ae0d8ee825,13776630-b58b-45bf-9b88-268b09bc4ac2,c1,DROP,1447,p1,?,
1769449627.875291,SENT,df2303df-2ce1-43f7-98a2-2e1d5577c4ed,8eac8a7f-ac70-4476-9797-d8627fa435c2,c1,DROP,1016,?,i10,
1769449627.875336,FORWARDED,df2303df-2ce1-43f7-98a2-2e1d5577c4ed,8eac8a7f-ac70-4476-9797-d8627fa435c2,c1,DROP,1016,?,i10,
1769449627.9312522,SENT,6f6e408f-bd13-41d2-97ff-b48d2d479e6e,e2d8a73c-dea8-46c8-8da2-a05af2ee23ea,c2,DROP,1003,?,i7,
1769449627.931295,FORWARDED,6f6e408f-bd13-41d2-97ff-b48d2d479e6e,e2d8a73c-dea8-46c8-8da2-a05af2ee23ea,c2,DROP,1003,?,i7,
1769449627.9637842,SENT,92d1e182-c99e-4359-95a2-4ee0498cffa1,73a49809-fc29-426f-9fb9-31207bdea63e,c1,DROP,1014,?,i1,
1769449627.9638345,FORWARDED,92d1e182-c99e-4359-95a2-4ee0498cffa1,73a49809-fc29-426f-9fb9-31207bdea63e,c1,DROP,1014,?,i1,
1769449628.0795205,SENT,2ed34364-1e21-4dec-ad6d-36ae0d8ee825,13776630-b58b-45bf-9b88-268b09bc4ac2,c1,DROP,1014,?,i7,
1769449628.0795584,FORWARDED,2ed34364-1e21-4dec-ad6d-36ae0d8ee825,13776630-b58b-45bf-9b88-268b09bc4ac2,c1,DROP,1014,?,i7,
1769449628.1648262,RECEIVED,7a6d615c-de8d-4330-bf03-e18c238278ab,0fffcfb0-2fd6-445c-b2eb-bf5183e2b55d,c3,c5,2447,p3,?,
1769449628.4912183,RECEIVED,027ee4fd-c35d-43dd-8985-2fb242d9f2d3,544e4145-9cb1-4cd5-bf4c-c42af1ab313b,c3,DROP,1440,p3,?,
1769449628.526629,SENT,7a6d615c-de8d-4330-bf03-e18c238278ab,0fffcfb0-2fd6-445c-b2eb-bf5183e2b55d,c3,c5,1763,?,i9,
1769449628.5266676,FORWARDED,7a6d615c-de8d-4330-bf03-e18c238278ab,0fffcfb0-2fd6-445c-b2eb-bf5183e2b55d,c3,c5,1763,?,i9,
1769449628.719066,RECEIVED,9991df43-e8f8-472a-be16-b363bfe34e46,c998af8f-4ef2-4bd6-8e11-358156c50ab7,c3,c5,2472,p3,?,
1769449628.7208192,RECEIVED,00c957c1-93dc-4ae6-8baf-da0a3ddaf5c1,fa8319b8-27db-41a3-8bbe-589aade94c32,c2,DROP,1439,p2,?,
1769449628.85208,RECEIVED,74a1ac98-604a-4a7d-b444-d5366a8aa410,12085b94-c26f-412d-b109-e3575a0c8138,c4,DROP,1439,p1,?,
1769449628.9340608,SENT,027ee4fd-c35d-43dd-8985-2fb242d9f2d3,544e4145-9cb1-4cd5-bf4c-c42af1ab313b,c3,DROP,1007,?,i10,
1769449628.9341063,FORWARDED,027ee4fd-c35d-43dd-8985-2fb242d9f2d3,544e4145-9cb1-4cd5-bf4c-c42af1ab313b,c3,DROP,1007,?,i10,
1769449629.010011,RECEIVED,773dda38-39d9-4114-bcdc-835bfc78d1b1,cdf6a9f6-8873-4273-a5f6-1224b01cabfd,c5,DROP,1444,p2,?,
1769449629.2701359,SENT,773dda38-39d9-4114-bcdc-835bfc78d1b1,cdf6a9f6-8873-4273-a5f6-1224b01cabfd,c5,DROP,1011,?,i9,
1769449629.270178,FORWARDED,773dda38-39d9-4114-bcdc-835bfc78d1b1,cdf6a9f6-8873-4273-a5f6-1224b01cabfd,c5,DROP,1011,?,i9,
1769449629.305879,RECEIVED,98ff4987-dc1e-4cd5-bae7-73ecb53f4b76,556638f2-4bb7-40a7-9c61-da883f9bf7ce,c2,DROP,1439,p2,?,
1769449629.44554,SENT,74a1ac98-604a-4a7d-b444-d5366a8aa410,12085b94-c26f-412d-b109-e3575a0c8138,c4,DROP,1007,?,i4,
1769449629.4455833,FORWARDED,74a1ac98-604a-4a7d-b444-d5366a8aa410,12085b94-c26f-412d-b109-e3575a0c8138,c4,DROP,1007,?,i4,
1769449629.5598497,RECEIVED,c1bae1e3-f21c-485d-a15f-ff934072ccee,6a17d343-8391-46c1-90d4-c08b931f8858,c5,c4,2470,p2,?,
1769449629.5853698,SENT,00c957c1-93dc-4ae6-8baf-da0a3ddaf5c1,fa8319b8-27db-41a3-8bbe-589aade94c32,c2,DROP,1007,?,i8,
1769449629.5854115,FORWARDED,00c957c1-93dc-4ae6-8baf-da0a3ddaf5c1,fa8319b8-27db-41a3-8bbe-589aade94c32,c2,DROP,1007,?,i8,
1769449629.8988156,SENT,98ff4987-dc1e-4cd5-bae7-73ecb53f4b76,556638f2-4bb7-40a7-9c61-da883f9bf7ce,c2,DROP,1008,?,i5,
1769449629.8988569,FORWARDED,98ff4987-dc1e-4cd5-bae7-73ecb53f4b76,556638f2-4bb7-40a7-9c61-da883f9bf7ce,c2,DROP,1008,?,i5,
1769449629.9633925,RECEIVED,5d718fe1-787e-4a09-ac66-e61085e73ab8,30370d97-cedb-4fcb-9e35-3143f73ec365,c4,DROP,1444,p1,?,
1769449629.9753227,RECEIVED,34460d79-0e97-41a0-b9f9-1075c4c6a991,bca46f33-642f-4e10-8dce-42366cc389da,c4,c5,2448,p1,?,
1769449629.981375,RECEIVED,bb752463-721d-4cb4-8245-6a580e5e485b,cc532496-6224-40ae-ae00-fc160672f8f8,c4,DROP,1436,p1,?,
1769449630.034116,SENT,34460d79-0e97-41a0-b9f9-1075c4c6a991,bca46f33-642f-4e10-8dce-42366cc389da,c4,c5,1764,?,i4,
1769449630.0341609,FORWARDED,34460d79-0e97-41a0-b9f9-1075c4c6a991,bca46f33-642f-4e10-8dce-42366cc389da,c4,c5,1764,?,i4,
1769449630.0622897,SENT,bb752463-721d-4cb4-8245-6a580e5e485b,cc532496-6224-40ae-ae00-fc160672f8f8,c4,DROP,1003,?,i9,
1769449630.0623288,FORWARDED,bb752463-721d-4cb4-8245-6a580e5e485b,cc532496-6224-40ae-ae00-fc160672f8f8,c4,DROP,1003,?,i9,
1769449630.098939,RECEIVED,46cc6b96-03f1-4e64-b2f1-c0d33f8be068,38afb3d7-7803-491a-b2bc-1142336696f7,c1,c3,2464,p1,?,
1769449630.1251168,RECEIVED,341e7921-9cd2-4ed4-adc8-c7c6c5989e92,ce2c8fe9-7752-4007-aa22-64f74888a70e,c3,DROP,1445,p3,?,
1769449630.1798663,SENT,341e7921-9cd2-4ed4-adc8-c7c6c5989e92,ce2c8fe9-7752-4007-aa22-64f74888a70e,c3,DROP,1011,?,i6,
1769449630.1799061,FORWARDED,341e7921-9cd2-4ed4-adc8-c7c6c5989e92,ce2c8fe9-7752-4007-aa22-64f74888a70e,c3,DROP,1011,?,i6,
1769449630.2118702,SENT,46cc6b96-03f1-4e64-b2f1-c0d33f8be068,38afb3d7-7803-491a-b2bc-1142336696f7,c1,c3,1775,?,i5,
1769449630.2119164,FORWARDED,46cc6b96-03f1-4e64-b2f1-c0d33f8be068,38afb3d7-7803-491a-b2bc-1142336696f7,c1,c3,1775,?,i5,
1769449630.2347143,SENT,c1bae1e3-f21c-485d-a15f-ff934072ccee,6a17d343-8391-46c1-90d4-c08b931f8858,c5,c4,1782,?,i2,
1769449630.2347505,FORWARDED,c1bae1e3-f21c-485d-a15f-ff934072ccee,6a17d343-8391-46c1-90d4-c08b931f8858,c5,c4,1782,?,i2,
1769449630.3155766,RECEIVED,b9f777e7-f94d-495b-9a74-36e02d96df7e,51a631a5-df36-495a-b3d1-ac77b8e808d9,c5,c4,2464,p2,?,
1769449630.4232998,SENT,b9f777e7-f94d-495b-9a74-36e02d96df7e,51a631a5-df36-495a-b3d1-ac77b8e808d9,c5,c4,1775,?,i1,
1769449630.4233415,FORWARDED,b9f777e7-f94d-495b-9a74-36e02d96df7e,51a631a5-df36-495a-b3d1-ac77b8e808d9,c5,c4,1775,?,i1,
1769449630.4431286,SENT,9991df43-e8f8-472a-be16-b363bfe34e46,c998af8f-4ef2-4bd6-8e11-358156c50ab7,c3,c5,1780,?,i11,
1769449630.4431708,FORWARDED,9991df43-e8f8-472a-be16-b363bfe34e46,c998af8f-4ef2-4bd6-8e11-358156c50ab7,c3,c5,1780,?,i11,
1769449630.5899053,RECEIVED,8c6fa495-e084-4fc6-b4bf-99a695ca7298,b88ac53b-b46b-4983-80e0-d8d9b9b932c0,c5,DROP,1439,p2,?,
1769449630.69179,RECEIVED,62fb250d-2467-4d76-994b-d4a8e52f0494,38e45c3c-d054-4d15-96e3-af876c841245,c3,DROP,1444,p3,?,
1769449630.8138354,RECEIVED,2acd44ee-15e2-4d3c-a80d-2ba78b8d6ac0,8b36d72e-8a41-4511-9650-08292c025ede,c3,DROP,1439,p3,?,
1769449630.8516104,SENT,62fb250d-2467-4d76-994b-d4a8e52f0494,38e45c3c-d054-4d15-96e3-af876c841245,c3,DROP,1009,?,i12,
1769449630.8516498,FORWARDED,62fb250d-2467-4d76-994b-d4a8e52f0494,38e45c3c-d054-4d15-96e3-af876c841245,c3,DROP,1009,?,i12,
1769449630.949557,SENT,8c6fa495-e084-4fc6-b4bf-99a695ca7298,b88ac53b-b46b-4983-80e0-d8d9b9b932c0,c5,DROP,1007,?,i1,
1769449630.9495986,FORWARDED,8c6fa495-e084-4fc6-b4bf-99a695ca7298,b88ac53b-b46b-4983-80e0-d8d9b9b932c0,c5,DROP,1007,?,i1,
1769449631.242178,SENT,5d718fe1-787e-4a09-ac66-e61085e73ab8,30370d97-cedb-4fcb-9e35-3143f73ec365,c4,DROP,1009,?,i10,
1769449631.2422173,FORWARDED,5d718fe1-787e-4a09-ac66-e61085e73ab8,30370d97-cedb-4fcb-9e35-3143f73ec365,c4,DROP,1009,?,i10,
1769449631.3400989,RECEIVED,7232406c-4da2-40fa-beaa-0e8b58dcba65,c10ceb48-f744-4ffe-a17a-8788d8c7509d,c4,DROP,1441,p1,?,
1769449631.4631884,SENT,2acd44ee-15e2-4d3c-a80d-2ba78b8d6ac0,8b36d72e-8a41-4511-9650-08292c025ede,c3,DROP,1008,?,i4,
1769449631.4632292,FORWARDED,2acd44ee-15e2-4d3c-a80d-2ba78b8d6ac0,8b36d72e-8a41-4511-9650-08292c025ede,c3,DROP,1008,?,i4,
1769449631.514967,SENT,7232406c-4da2-40fa-beaa-0e8b58dcba65,c10ceb48-f744-4ffe-a17a-8788d8c7509d,c4,DROP,1006,?,i12,
1769449631.515006,FORWARDED,7232406c-4da2-40fa-beaa-0e8b58dcba65,c10ceb48-f744-4ffe-a17a-8788d8c7509d,c4,DROP,1006,?,i12,
1769449631.6102517,RECEIVED,a64b5c4d-3441-41da-90ad-dd719ad00af6,fa24c0ca-aabd-41cb-99bd-cee68661478d,c3,DROP,1440,p3,?,
1769449631.6605642,RECEIVED,eb104a90-988c-4d5c-9966-dd4a396fc210,aac03cac-32a4-48c7-b8f7-43766f57cd74,c1,c3,2464,p1,?,
1769449631.6999826,RECEIVED,f227e5d3-3880-4fb9-802d-184cfdbdf10a,917854b0-2bea-46eb-9613-4ac382510825,c1,c3,2471,p1,?,
1769449631.7113035,SENT,a64b5c4d-3441-41da-90ad-dd719ad00af6,fa24c0ca-aabd-41cb-99bd-cee68661478d,c3,DROP,1008,?,i7,
1769449631.7113447,FORWARDED,a64b5c4d-3441-41da-90ad-dd719ad00af6,fa24c0ca-aabd-41cb-99bd-cee68661478d,c3,DROP,1008,?,i7,
1769449631.746659,RECEIVED,9cc832b3-8470-440a-ad95-6e3987a2223f,aa9db421-60c3-41d7-a481-884dd72cd1ec,c3,DROP,1450,p3,?,
1769449631.7497914,SENT,eb104a90-988c-4d5c-9966-dd4a396fc210,aac03cac-32a4-48c7-b8f7-43766f57cd74,c1,c3,1776,?,i9,
1769449631.7498302,FORWARDED,eb104a90-988c-4d5c-9966-dd4a396fc210,aac03cac-32a4-48c7-b8f7-43766f57cd74,c1,c3,1776,?,i9,
1769449632.0250163,SENT,f227e5d3-3880-4fb9-802d-184cfdbdf10a,917854b0-2bea-46eb-9613-4ac382510825,c1,c3,1780,?,i2,
1769449632.0250688,FORWARDED,f227e5d3-3880-4fb9-802d-184cfdbdf10a,917854b0-2bea-46eb-9613-4ac382510825,c1,c3,1780,?,i2,
1769449632.0765965,RECEIVED,dd50011c-ab4a-4a49-821b-f45242f77a59,e0e26e82-a93e-43fd-a15f-ae99ff9a2104,c2,c1,2457,p2,?,
1769449632.1281922,SENT,dd50011c-ab4a-4a49-821b-f45242f77a59,e0e26e82-a93e-43fd-a15f-ae99ff9a2104,c2,c1,1768,?,i8,
1769449632.12824,FORWARDED,dd50011c-ab4a-4a49-821b-f45242f77a59,e0e26e82-a93e-43fd-a15f-ae99ff9a2104,c2,c1,1768,?,i8,
1769449632.139023,RECEIVED,232e548a-99e0-4d0a-8a13-e1329c2ec826,3dae8c26-8e9a-4f82-b1bc-a4055f1f831f,c1,c3,2464,p1,?,
1769449632.2611482,RECEIVED,54fbb27e-5341-44b7-bb2a-ab5019f3fe87,4b6c2f65-14b4-4119-83ca-6593f300a85e,c3,DROP,440,x5,?,
1769449632.3190897,SENT,232e548a-99e0-4d0a-8a13-e1329c2ec826,3dae8c26-8e9a-4f82-b1bc-a4055f1f831f,c1,c3,1774,?,i3,
1769449632.3191342,FORWARDED,232e548a-99e0-4d0a-8a13-e1329c2ec826,3dae8c26-8e9a-4f82-b1bc-a4055f1f831f,c1,c3,1774,?,i3,
1769449632.582686,SENT,9cc832b3-8470-440a-ad95-6e3987a2223f,aa9db421-60c3-41d7-a481-884dd72cd1ec,c3,DROP,1015,?,i7,
1769449632.5827308,FORWARDED,9cc832b3-8470-440a-ad95-6e3987a2223f,aa9db421-60c3-41d7-a481-884dd72cd1ec,c3,DROP,1015,?,i7,
1769449632.772754,RECEIVED,441d856f-9a5d-4da1-941a-97bdc93b1c34,b23393a2-9105-4a74-ad6c-f4dcc278d92e,c4,DROP,1439,p1,?,
1769449632.9497755,RECEIVED,14a8d261-b35c-4262-84ee-0cb5f3aca792,f568a10c-efa8-49e7-8593-c34fd5ba3835,c4,DROP,1452,p1,?,
1769449633.086085,SENT,14a8d261-b35c-4262-84ee-0cb5f3aca792,f568a10c-efa8-49e7-8593-c34fd5ba3835,c4,DROP,1016,?,i1,
1769449633.086126,FORWARDED,14a8d261-b35c-4262-84ee-0cb5f3aca792,f568a10c-efa8-49e7-8593-c34fd5ba3835,c4,DROP,1016,?,i1,
1769449633.1198633,RECEIVED,c92bb245-44db-4a63-a738-fc9d5a1d24d7,39c00968-df86-4da6-846a-41c888ff2780,c4,c5,2446,p1,?,
1769449633.264603,SENT,441d856f-9a5d-4da1-941a-97bdc93b1c34,b23393a2-9105-4a74-ad6c-f4dcc278d92e,c4,DROP,1007,?,i7,
1769449633.2646446,FORWARDED,441d856f-9a5d-4da1-941a-97bdc93b1c34,b23393a2-9105-4a74-ad6c-f4dcc278d92e,c4,DROP,1007,?,i7,
1769449633.3022501,RECEIVED,76a2a8ab-6ae1-4214-acc8-3326f1255e87,b0e90cca-867d-4336-b237-a50b3e7b64ef,c5,DROP,1450,p2,?,
1769449633.3926167,RECEIVED,d17689c0-d9bd-4655-96e8-ddbfdbcef640,abb0496c-e14a-457d-955c-71f3ed025204,c3,DROP,1447,p3,?,
1769449633.4170387,RECEIVED,e14bf2ee-2065-4d9d-882a-ce956c72e7fb,05bb9933-2058-4f7c-b78c-ea3938771b10,c1,DROP,438,x5,?,
1769449633.6641748,RECEIVED,599eb87b-d106-4d2f-b882-d1e75a49ae12,22bd9ece-2b0d-4d80-8ecc-cfcfbf625f88,c4,DROP,1447,p1,?,
1769449633.6970673,RECEIVED,406e7198-b806-4c24-b561-8c31f978f957,d011b66f-acf3-4464-acf2-1fd9babf7441,c1,DROP,1447,p1,?,
1769449633.8519535,RECEIVED,90270edb-5118-4f43-b2f9-1ca99520b255,dab534ba-76e7-4bd2-9adc-8e8a2af371cd,c4,c5,2463,p1,?,
1769449634.1741998,SENT,406e7198-b806-4c24-b561-8c31f978f957,d011b66f-acf3-4464-acf2-1fd9babf7441,c1,DROP,1012,?,i7,
1769449634.1742425,FORWARDED,406e7198-b806-4c24-b561-8c31f978f957,d011b66f-acf3-4464-acf2-1fd9babf7441,c1,DROP,1012,?,i7,
1769449634.1801429,RECEIVED,2ec30d18-aec0-4dea-92c6-6948c686675c,500d8150-f783-403e-8302-642f7696f42e,c1,c3,2456,p1,?,
1769449634.1934597,RECEIVED,6b82fde7-49b3-485f-b350-9568bd2f7930,1a7c6f4a-ada6-428f-9789-f0e4cfc69922,c5,DROP,1452,p2,?,
1769449634.2237353,SENT,c92bb245-44db-4a63-a738-fc9d5a1d24d7,39c00968-df86-4da6-846a-41c888ff2780,c4,c5,1763,?,i7,
1769449634.2237775,FORWARDED,c92bb245-44db-4a63-a738-fc9d5a1d24d7,39c00968-df86-4da6-846a-41c888ff2780,c4,c5,1763,?,i7,
1769449634.2782297,SENT,6b82fde7-49b3-485f-b350-9568bd2f7930,1a7c6f4a-ada6-428f-9789-f0e4cfc69922,c5,DROP,1016,?,i9,
1769449634.2782707,FORWARDED,6b82fde7-49b3-485f-b350-9568bd2f7930,1a7c6f4a-ada6-428f-9789-f0e4cfc69922,c5,DROP,1016,?,i9,
1769449634.3117192,SENT,599eb87b-d106-4d2f-b882-d1e75a49ae12,22bd9ece-2b0d-4d80-8ecc-cfcfbf625f88,c4,DROP,1012,?,i8,
1769449634.3117576,FORWARDED,599eb87b-d106-4d2f-b882-d1e75a49ae12,22bd9ece-2b0d-4d80-8ecc-cfcfbf625f88,c4,DROP,1012,?,i8,
1769449634.3244588,RECEIVED,2a8a455e-e68d-4908-b5aa-8754aa91d55f,7422b14c-ab7b-494a-8f16-e4808775a261,c1,c3,2451,p1,?,
1769449634.388944,SENT,2ec30d18-aec0-4dea-92c6-6948c686675c,500d8150-f783-403e-8302-642f7696f42e,c1,c3,1768,?,i1,
1769449634.388986,FORWARDED,2ec30d18-aec0-4dea-92c6-6948c686675c,500d8150-f783-403e-8302-642f7696f42e,c1,c3,1768,?,i1,
1769449634.443795,SENT,76a2a8ab-6ae1-4214-acc8-3326f1255e87,b0e90cca-867d-4336-b237-a50b3e7b64ef,c5,DROP,1015,?,i8,
1769449634.4438426,FORWARDED,76a2a8ab-6ae1-4214-acc8-3326f1255e87,b0e90cca-867d-4336-b237-a50b3e7b64ef,c5,DROP,1015,?,i8,
1769449634.4735637,RECEIVED,a39607e4-ae94-4610-ab8d-635e175d9df6,00a2401f-d668-4e65-9ede-53af462e44d6,c1,c3,2471,p1,?,
1769449634.524552,RECEIVED,28d16b2a-4452-48f6-bb3f-60e5d0c1a435,a91d826a-93bb-4abc-a8f8-af9e77fee29d,c3,DROP,1448,p3,?,
1769449634.6157608,SENT,28d16b2a-4452-48f6-bb3f-60e5d0c1a435,a91d826a-93bb-4abc-a8f8-af9e77fee29d,c3,DROP,1012,?,i6,
1769449634.6158009,FORWARDED,28d16b2a-4452-48f6-bb3f-60e5d0c1a435,a91d826a-93bb-4abc-a8f8-af9e77fee29d,c3,DROP,1012,?,i6,
1769449635.120018,RECEIVED,6b4dacf9-851b-43a3-a032-a2eaeeb46fb1,b1d6527d-1726-474a-8717-671f13be7f02,c2,c1,2448,p2,?,
1769449635.273205,RECEIVED,58a57f1a-5cdc-4c5e-b702-759dd53e6860,92e60d42-35a2-48cc-af7b-3fadd1792945,c4,DROP,1439,p1,?,
1769449635.2828557,RECEIVED,9118e199-f531-45f2-87a7-caa237b41750,0919c2cf-22c1-4ea0-80ab-c964ca9bb36c,c2,DROP,1456,p2,?,
1769449635.3662481,RECEIVED,aab9f1ee-2138-4a80-b10c-ab56156bb8a4,b524b280-0d74-4d6b-96de-b95cd9e031cf,c2,c1,2465,p2,?,
1769449635.4003985,SENT,d17689c0-d9bd-4655-96e8-ddbfdbcef640,abb0496c-e14a-457d-955c-71f3ed025204,c3,DROP,1012,?,i1,
1769449635.4004374,FORWARDED,d17689c0-d9bd-4655-96e8-ddbfdbcef640,abb0496c-e14a-457d-955c-71f3ed025204,c3,DROP,1012,?,i1,
1769449635.4612198,RECEIVED,095b3a69-d321-4c4f-95aa-e589318214cf,f4f25293-1cde-41f2-8625-618c3c1a8ad2,c1,c3,2455,p1,?,
1769449635.5609283,SENT,2a8a455e-e68d-4908-b5aa-8754aa91d55f,7422b14c-ab7b-494a-8f16-e4808775a261,c1,c3,1766,?,i9,
1769449635.560979,FORWARDED,2a8a455e-e68d-4908-b5aa-8754aa91d55f,7422b14c-ab7b-494a-8f16-e4808775a261,c1,c3,1766,?,i9,
1769449635.6127555,RECEIVED,577e8bba-d3cf-4a53-b700-6a2226006505,0ba98c1f-7352-4abc-8e85-fe389ce4d68b,c3,c5,2463,p3,?,
1769449635.6435525,SENT,aab9f1ee-2138-4a80-b10c-ab56156bb8a4,b524b280-0d74-4d6b-96de-b95cd9e031cf,c2,c1,1775,?,i12,
1769449635.643595,FORWARDED,aab9f1ee-2138-4a80-b10c-ab56156bb8a4,b524b280-0d74-4d6b-96de-b95cd9e031cf,c2,c1,1775,?,i12,
1769449635.8792512,SENT,6b4dacf9-851b-43a3-a032-a2eaeeb46fb1,b1d6527d-1726-474a-8717-671f13be7f02,c2,c1,1763,?,i10,
1769449635.8792937,FORWARDED,6b4dacf9-851b-43a3-a032-a2eaeeb46fb1,b1d6527d-1726-474a-8717-671f13be7f02,c2,c1,1763,?,i10,
1769449635.921406,SENT,90270edb-5118-4f43-b2f9-1ca99520b255,dab534ba-76e7-4bd2-9adc-8e8a2af371cd,c4,c5,1776,?,i3,
1769449635.9214482,FORWARDED,90270edb-5118-4f43-b2f9-1ca99520b255,dab534ba-76e7-4bd2-9adc-8e8a2af371cd,c4,c5,1776,?,i3,
1769449636.0551994,RECEIVED,40f3693d-de33-4f2d-b844-a2df7e003d90,d164e4bb-abc1-440e-9876-f20170f99247,c4,DROP,1440,p1,?,
1769449636.113163,SENT,095b3a69-d321-4c4f-95aa-e589318214cf,f4f25293-1cde-41f2-8625-618c3c1a8ad2,c1,c3,1768,?,i8,
1769449636.1132073,FORWARDED,095b3a69-d321-4c4f-95aa-e589318214cf,f4f25293-1cde-41f2-8625-618c3c1a8ad2,c1,c3,1768,?,i8,
1769449636.1559584,SENT,9118e199-f531-45f2-87a7-caa237b41750,0919c2cf-22c1-4ea0-80ab-c964ca9bb36c,c2,DROP,1019,?,i10,
1769449636.1559992,FORWARDED,9118e199-f531-45f2-87a7-caa237b41750,0919c2cf-22c1-4ea0-80ab-c964ca9bb36c,c2,DROP,1019,?,i10,
1769449636.1908545,SENT,58a57f1a-5cdc-4c5e-b702-759dd53e6860,92e60d42-35a2-48cc-af7b-3fadd1792945,c4,DROP,1007,?,i2,
1769449636.1910179,FORWARDED,58a57f1a-5cdc-4c5e-b702-759dd53e6860,92e60d42-35a2-48cc-af7b-3fadd1792945,c4,DROP,1007,?,i2,
1769449636.2031085,SENT,577e8bba-d3cf-4a53-b700-6a2226006505,0ba98c1f-7352-4abc-8e85-fe389ce4d68b,c3,c5,1775,?,i9,
1769449636.2031488,FORWARDED,577e8bba-d3cf-4a53-b700-6a2226006505,0ba98c1f-7352-4abc-8e85-fe389ce4d68b,c3,c5,1775,?,i9,
1769449636.210957,SENT,a39607e4-ae94-4610-ab8d-635e175d9df6,00a2401f-d668-4e65-9ede-53af462e44d6,c1,c3,1781,?,i5,
1769449636.210999,FORWARDED,a39607e4-ae94-4610-ab8d-635e175d9df6,00a2401f-d668-4e65-9ede-53af462e44d6,c1,c3,1781,?,i5,
1769449636.2863276,SENT,40f3693d-de33-4f2d-b844-a2df7e003d90,d164e4bb-abc1-440e-9876-f20170f99247,c4,DROP,1008,?,i9,
1769449636.2863698,FORWARDED,40f3693d-de33-4f2d-b844-a2df7e003d90,d164e4bb-abc1-440e-9876-f20170f99247,c4,DROP,1008,?,i9,
1769449636.6362305,RECEIVED,1945f3c7-f2cc-4b89-bac1-668a4ac7678e,235d5e50-f60e-4198-a614-16e3d9f59ddb,c4,DROP,1439,p1,?,
1769449636.8537948,RECEIVED,ab4baeb4-e050-4a50-8698-4deca1c011b6,e14e3097-0103-4d37-9d23-5712bb75840b,c3,DROP,1451,p3,?,
1769449636.9041302,RECEIVED,928ea3fa-1353-4fe0-8802-f142900ba61e,8e34cdc1-05ac-4505-aa94-2c612c5bcbbb,c4,c5,2449,p1,?,
1769449636.9398615,RECEIVED,8b1b5517-e750-4187-8d69-7f4bc3b6627a,14838506-39d9-4b6e-8494-834f22d2884a,c4,DROP,1452,p1,?,
1769449636.9423096,SENT,ab4baeb4-e050-4a50-8698-4deca1c011b6,e14e3097-0103-4d37-9d23-5712bb75840b,c3,DROP,1012,?,i10,
1769449636.942349,FORWARDED,ab4baeb4-e050-4a50-8698-4deca1c011b6,e14e3097-0103-4d37-9d23-5712bb75840b,c3,DROP,1012,?,i10,
1769449637.0075228,RECEIVED,8b886715-d018-4a1f-8c7d-e04745c4f3d2,45602b5b-1b6b-4d18-87cc-dd66546d87a9,c3,DROP,1460,p3,?,
1769449637.0237663,SENT,1945f3c7-f2cc-4b89-bac1-668a4ac7678e,235d5e50-f60e-4198-a614-16e3d9f59ddb,c4,DROP,1008,?,i5,
1769449637.023978,FORWARDED,1945f3c7-f2cc-4b89-bac1-668a4ac7678e,235d5e50-f60e-4198-a614-16e3d9f59ddb,c4,DROP,1008,?,i5,
1769449637.1587737,RECEIVED,6ff0f6b4-85bb-461e-9c6f-f07b00acb430,23a4a070-ce09-466c-b627-1867325ce21e,c3,DROP,442,x1,?,
1769449637.2701137,RECEIVED,522b1316-c6fd-4733-a921-295682cd216f,cf80d4af-8f73-4c20-a284-166bf4b32e1f,c2,DROP,1440,p2,?,
1769449637.2829893,RECEIVED,4fa1c589-b3f6-4225-b68e-b7af4a36de48,65ce9357-4a55-4d61-8512-e06f30016ada,c5,DROP,1448,p2,?,
1769449637.332771,RECEIVED,9d86a6b0-db68-4d92-9a58-9975ed6bee85,2ec18130-ffd2-4615-b61e-1db026b05655,c4,c5,2468,p1,?,
1769449637.345153,RECEIVED,86e76877-7110-420a-9fde-9bd28ee05e42,8052d0a6-81fa-47ed-985b-07df08743b97,c5,DROP,1439,p2,?,
1769449637.347471,SENT,8b1b5517-e750-4187-8d69-7f4bc3b6627a,14838506-39d9-4b6e-8494-834f22d2884a,c4,DROP,1015,?,i6,
1769449637.3475113,FORWARDED,8b1b5517-e750-4187-8d69-7f4bc3b6627a,14838506-39d9-4b6e-8494-834f22d2884a,c4,DROP,1015,?,i6,
1769449637.4345555,RECEIVED,02eb572e-62e1-4c65-9a6d-81912299225a,535330ac-8796-44cb-94e5-f3bc93c6bc0d,c2,c1,2476,p2,?,
1769449637.5321445,SENT,4fa1c589-b3f6-4225-b68e-b7af4a36de48,65ce9357-4a55-4d61-8512-e06f30016ada,c5,DROP,1012,?,i5,
1769449637.5321853,FORWARDED,4fa1c589-b3f6-4225-b68e-b7af4a36de48,65ce9357-4a55-4d61-8512-e06f30016ada,c5,DROP,1012,?,i5,
1769449637.5862331,SENT,9d86a6b0-db68-4d92-9a58-9975ed6bee85,2ec18130-ffd2-4615-b61e-1db026b05655,c4,c5,1779,?,i7,
1769449637.586275,FORWARDED,9d86a6b0-db68-4d92-9a58-9975ed6bee85,2ec18130-ffd2-4615-b61e-1db026b05655,c4,c5,1779,?,i7,
1769449637.6405663,SENT,522b1316-c6fd-4733-a921-295682cd216f,cf80d4af-8f73-4c20-a284-166bf4b32e1f,c2,DROP,1008,?,i5,
1769449637.640602,FORWARDED,522b1316-c6fd-4733-a921-295682cd216f,cf80d4af-8f73-4c20-a284-166bf4b32e1f,c2,DROP,1008,?,i5,
1769449637.7637813,RECEIVED,879e2f89-b40c-4db7-9b25-9ef11f4013a6,fcfc068a-b1d7-4c68-86e2-a04e2284ebe4,c5,DROP,1436,p2,?,
1769449637.8430047,RECEIVED,a461909e-fd6e-4363-88e4-4eee5a612df2,7d5bda64-d065-49b8-b731-e6d82c5a1fb3,c3,DROP,1451,p3,?,
1769449637.853898,SENT,8b886715-d018-4a1f-8c7d-e04745c4f3d2,45602b5b-1b6b-4d18-87cc-dd66546d87a9,c3,DROP,1021,?,i12,
1769449637.8539398,FORWARDED,8b886715-d018-4a1f-8c7d-e04745c4f3d2,45602b5b-1b6b-4d18-87cc-dd66546d87a9,c3,DROP,1021,?,i12,
1769449637.882971,SENT,86e76877-7110-420a-9fde-9bd28ee05e42,8052d0a6-81fa-47ed-985b-07df08743b97,c5,DROP,1008,?,i10,
1769449637.8830066,FORWARDED,86e76877-7110-420a-9fde-9bd28ee05e42,8052d0a6-81fa-47ed-985b-07df08743b97,c5,DROP,1008,?,i10,
1769449638.0948956,SENT,879e2f89-b40c-4db7-9b25-9ef11f4013a6,fcfc068a-b1d7-4c68-86e2-a04e2284ebe4,c5,DROP,1004,?,i6,
1769449638.094936,FORWARDED,879e2f89-b40c-4db7-9b25-9ef11f4013a6,fcfc068a-b1d7-4c68-86e2-a04e2284ebe4,c5,DROP,1004,?,i6,
1769449638.1263957,RECEIVED,01107669-bae5-4b4b-b5c4-74eb7a25fb22,c4d2ce4f-eee8-4a41-ae23-36b53920e141,c2,c1,2468,p2,?,
1769449638.320178,RECEIVED,171743ff-fb70-4169-a7d0-2d7f4e04a194,9777cbd4-9c1f-4ac0-bc11-893177a5bc3c,c2,DROP,1441,p2,?,
1769449638.3671434,RECEIVED,c7dcfe1e-4773-4a44-b177-2b2c6a135abb,0517e493-a876-40a8-a467-3cb376752625,c3,c5,2464,p3,?,
1769449638.4050589,RECEIVED,6316462d-0b41-45e2-8eb0-224103d79546,32f419a2-caf3-4893-8f72-17470fc74f05,c4,DROP,442,x8,?,
1769449638.4110036,RECEIVED,81e097d1-cf62-47fe-81f0-36e0100ad844,bf206fde-a3d7-4110-9561-ae8929a35be3,c2,DROP,1445,p2,?,
1769449638.4579582,RECEIVED,098c024f-7b37-4101-aabf-08de647d036e,44461f24-4f9e-4c5a-9653-4d9a6f189939,c5,DROP,442,x6,?,
1769449638.4937778,SENT,01107669-bae5-4b4b-b5c4-74eb7a25fb22,c4d2ce4f-eee8-4a41-ae23-36b53920e141,c2,c1,1779,?,i12,
1769449638.4938254,FORWARDED,01107669-bae5-4b4b-b5c4-74eb7a25fb22,c4d2ce4f-eee8-4a41-ae23-36b53920e141,c2,c1,1779,?,i12,
1769449638.6019502,SENT,02eb572e-62e1-4c65-9a6d-81912299225a,535330ac-8796-44cb-94e5-f3bc93c6bc0d,c2,c1,1784,?,i11,
1769449638.6019926,FORWARDED,02eb572e-62e1-4c65-9a6d-81912299225a,535330ac-8796-44cb-94e5-f3bc93c6bc0d,c2,c1,1784,?,i11,
1769449638.648942,SENT,a461909e-fd6e-4363-88e4-4eee5a612df2,7d5bda64-d065-49b8-b731-e6d82c5a1fb3,c3,DROP,1015,?,i8,
1769449638.6489859,FORWARDED,a461909e-fd6e-4363-88e4-4eee5a612df2,7d5bda64-d065-49b8-b731-e6d82c5a1fb3,c3,DROP,1015,?,i8,
1769449638.6858013,SENT,171743ff-fb70-4169-a7d0-2d7f4e04a194,9777cbd4-9c1f-4ac0-bc11-893177a5bc3c,c2,DROP,1007,?,i11,
1769449638.685842,FORWARDED,171743ff-fb70-4169-a7d0-2d7f4e04a194,9777cbd4-9c1f-4ac0-bc11-893177a5bc3c,c2,DROP,1007,?,i11,
1769449638.7352262,SENT,c7dcfe1e-4773-4a44-b177-2b2c6a135abb,0517e493-a876-40a8-a467-3cb376752625,c3,c5,1775,?,i9,
1769449638.7352643,FORWARDED,c7dcfe1e-4773-4a44-b177-2b2c6a135abb,0517e493-a876-40a8-a467-3cb376752625,c3,c5,1775,?,i9,
1769449638.987932,RECEIVED,eba7b3a5-82e1-41a6-bd1d-4fd8a51fa8ce,e3182705-b764-4083-8815-3ad3814f9bfb,c2,c1,2464,p2,?,
1769449639.0257206,RECEIVED,2033c624-834e-4817-b20f-b9080841e049,1c1358b6-d7c9-43bb-9e62-28fa47396961,c2,DROP,442,x4,?,
1769449639.1056287,SENT,eba7b3a5-82e1-41a6-bd1d-4fd8a51fa8ce,e3182705-b764-4083-8815-3ad3814f9bfb,c2,c1,1776,?,i1,
1769449639.1056678,FORWARDED,eba7b3a5-82e1-41a6-bd1d-4fd8a51fa8ce,e3182705-b764-4083-8815-3ad3814f9bfb,c2,c1,1776,?,i1,
1769449639.2062764,SENT,81e097d1-cf62-47fe-81f0-36e0100ad844,bf206fde-a3d7-4110-9561-ae8929a35be3,c2,DROP,1013,?,i5,
1769449639.2063146,FORWARDED,81e097d1-cf62-47fe-81f0-36e0100ad844,bf206fde-a3d7-4110-9561-ae8929a35be3,c2,DROP,1013,?,i5,
1769449639.315126,RECEIVED,348a2d9d-3735-4f4e-a061-ddba112c5769,0bd8ae0d-3914-4095-bb48-653d74d4e08d,c4,c5,2468,p1,?,
1769449639.3671882,RECEIVED,8a79dece-1817-4807-b6b6-73b68a8bb9e3,aa271a8f-99a8-43b5-9803-1c1b3a4bd568,c2,c1,2448,p2,?,
1769449639.418917,SENT,8a79dece-1817-4807-b6b6-73b68a8bb9e3,aa271a8f-99a8-43b5-9803-1c1b3a4bd568,c2,c1,1763,?,i1,
1769449639.4189556,FORWARDED,8a79dece-1817-4807-b6b6-73b68a8bb9e3,aa271a8f-99a8-43b5-9803-1c1b3a4bd568,c2,c1,1763,?,i1,
1769449639.8432717,RECEIVED,f4c4adf1-f379-4e73-ae54-2f4b1728989d,2fa9d436-cea3-4b2b-af9f-4deb2bf467a7,c4,DROP,1436,p1,?,
1769449639.9303946,RECEIVED,3fd99ad3-78d8-4a45-aa8c-cee8d7373c84,a54e9dc2-bd8b-49d3-895c-fa52151ef96e,c3,c5,2464,p3,?,
1769449640.0554247,SENT,f4c4adf1-f379-4e73-ae54-2f4b1728989d,2fa9d436-cea3-4b2b-af9f-4deb2bf467a7,c4,DROP,1004,?,i9,
1769449640.0554645,FORWARDED,f4c4adf1-f379-4e73-ae54-2f4b1728989d,2fa9d436-cea3-4b2b-af9f-4deb2bf467a7,c4,DROP,1004,?,i9,
1769449640.113802,SENT,348a2d9d-3735-4f4e-a061-ddba112c5769,0bd8ae0d-3914-4095-bb48-653d74d4e08d,c4,c5,1779,?,i12,
1769449640.1138453,FORWARDED,348a2d9d-3735-4f4e-a061-ddba112c5769,0bd8ae0d-3914-4095-bb48-653d74d4e08d,c4,c5,1779,?,i12,
1769449640.1665602,RECEIVED,18f96a3c-8e84-4d2d-8c2a-0ced913d10d7,f9eebe3e-5ca0-487e-86c8-4c1a94d91c27,c4,c5,2464,p1,?,
1769449640.228322,SENT,18f96a3c-8e84-4d2d-8c2a-0ced913d10d7,f9eebe3e-5ca0-487e-86c8-4c1a94d91c27,c4,c5,1776,?,i6,
1769449640.228364,FORWARDED,18f96a3c-8e84-4d2d-8c2a-0ced913d10d7,f9eebe3e-5ca0-487e-86c8-4c1a94d91c27,c4,c5,1776,?,i6,
1769449640.2547226,SENT,3fd99ad3-78d8-4a45-aa8c-cee8d7373c84,a54e9dc2-bd8b-49d3-895c-fa52151ef96e,c3,c5,1774,?,i1,
1769449640.254761,FORWARDED,3fd99ad3-78d8-4a45-aa8c-cee8d7373c84,a54e9dc2-bd8b-49d3-895c-fa52151ef96e,c3,c5,1774,?,i1,
1769449640.5988417,RECEIVED,892b3f20-9514-46a0-9ef4-b5490c6d6ea4,64edeaf3-3259-440d-85ee-6fa91cd13586,c4,DROP,442,x7,?,
1769449640.7160957,RECEIVED,0b7bf6f4-ade0-493f-86a1-473c87ecffa9,dd50c72a-5218-4d0b-9623-965e5547dc74,c5,DROP,441,x12,?,
1769449640.8500082,RECEIVED,aa2dd880-fda5-43c1-a01b-f179bb2099b0,095d6ee7-3773-4d76-a7ba-63cf23478a3e,c2,DROP,1439,p2,?,
1769449640.998104,RECEIVED,7b225aaa-3c22-4469-84c8-148a554c3f08,d38f7293-b8a4-455f-98bb-96a29d6dbfeb,c1,DROP,1453,p1,?,
1769449641.0709348,SENT,7b225aaa-3c22-4469-84c8-148a554c3f08,d38f7293-b8a4-455f-98bb-96a29d6dbfeb,c1,DROP,1016,?,i1,
1769449641.0709743,FORWARDED,7b225aaa-3c22-4469-84c8-148a554c3f08,d38f7293-b8a4-455f-98bb-96a29d6dbfeb,c1,DROP,1016,?,i1,
1769449641.1006513,RECEIVED,4c843d83-5eb4-438e-9c28-e806ce2a2081,af94854c-d669-4cb2-9655-e0b19492f145,c1,DROP,1452,p1,?,
1769449641.1485868,RECEIVED,2fb88b3a-8f0d-43cd-966a-286cb86b0455,66d762c8-c182-4c6b-b2f5-83f0ce241ef8,c1,DROP,1439,p1,?,
1769449641.2394025,SENT,4c843d83-5eb4-438e-9c28-e806ce2a2081,af94854c-d669-4cb2-9655-e0b19492f145,c1,DROP,1016,?,i9,
1769449641.239444,FORWARDED,4c843d83-5eb4-438e-9c28-e806ce2a2081,af94854c-d669-4cb2-9655-e0b19492f145,c1,DROP,1016,?,i9,
1769449641.2993147,RECEIVED,8a51afd4-c156-412b-bf35-ad2f63459828,bd4e6539-4ee0-4941-8ec9-01d971b180a2,c5,DROP,441,x4,?,
1769449641.3910694,SENT,928ea3fa-1353-4fe0-8802-f142900ba61e,8e34cdc1-05ac-4505-aa94-2c612c5bcbbb,c4,c5,1767,?,i6,
1769449641.3911092,FORWARDED,928ea3fa-1353-4fe0-8802-f142900ba61e,8e34cdc1-05ac-4505-aa94-2c612c5bcbbb,c4,c5,1767,?,i6,
1769449641.3981934,RECEIVED,fd36159c-f5a3-43c2-a88b-95c77aadbdf9,5ee3ec83-94dc-477f-aa9e-4ec37b5915d1,c2,DROP,1456,p2,?,
1769449641.4279954,RECEIVED,8ee43622-5506-4ff5-a61a-748a453181ec,58c2d213-abe2-43d9-bc4b-a1cbbb8a9d54,c5,DROP,1440,p2,?,
1769449641.4638622,RECEIVED,4c007023-36cc-47cf-87fb-c467afe0d95c,f811142f-4432-40d3-9cf9-e505c18c1368,c5,c4,2453,p2,?,
1769449641.4958963,SENT,4c007023-36cc-47cf-87fb-c467afe0d95c,f811142f-4432-40d3-9cf9-e505c18c1368,c5,c4,1767,?,i6,
1769449641.4959328,FORWARDED,4c007023-36cc-47cf-87fb-c467afe0d95c,f811142f-4432-40d3-9cf9-e505c18c1368,c5,c4,1767,?,i6,
1769449641.701763,SENT,8ee43622-5506-4ff5-a61a-748a453181ec,58c2d213-abe2-43d9-bc4b-a1cbbb8a9d54,c5,DROP,1008,?,i4,
1769449641.7017994,FORWARDED,8ee43622-5506-4ff5-a61a-748a453181ec,58c2d213-abe2-43d9-bc4b-a1cbbb8a9d54,c5,DROP,1008,?,i4,
1769449641.7896206,RECEIVED,c46360fb-1460-4f7f-9f69-98fcc9b5f6f6,4469189d-353f-4030-a3a4-21e0bcae85bc,c1,DROP,1452,p1,?,
1769449641.8533363,RECEIVED,39be54d6-7bba-4d24-b297-d2455cf454e7,b4709be3-08b5-4165-af2d-c8623eebb9a3,c2,DROP,1443,p2,?,
1769449641.8705413,SENT,c46360fb-1460-4f7f-9f69-98fcc9b5f6f6,4469189d-353f-4030-a3a4-21e0bcae85bc,c1,DROP,1015,?,i7,
1769449641.8705823,FORWARDED,c46360fb-1460-4f7f-9f69-98fcc9b5f6f6,4469189d-353f-4030-a3a4-21e0bcae85bc,c1,DROP,1015,?,i7,
1769449641.9103646,SENT,2fb88b3a-8f0d-43cd-966a-286cb86b0455,66d762c8-c182-4c6b-b2f5-83f0ce241ef8,c1,DROP,1007,?,i6,
1769449641.910408,FORWARDED,2fb88b3a-8f0d-43cd-966a-286cb86b0455,66d762c8-c182-4c6b-b2f5-83f0ce241ef8,c1,DROP,1007,?,i6,
1769449642.5094876,RECEIVED,eabe93d0-032d-4416-a18b-98131011ed87,85841b33-0123-4bb8-bac9-eec1643b89ef,c5,DROP,1446,p2,?,
1769449642.5194297,SENT,fd36159c-f5a3-43c2-a88b-95c77aadbdf9,5ee3ec83-94dc-477f-aa9e-4ec37b5915d1,c2,DROP,1019,?,i11,
1769449642.5194716,FORWARDED,fd36159c-f5a3-43c2-a88b-95c77aadbdf9,5ee3ec83-94dc-477f-aa9e-4ec37b5915d1,c2,DROP,1019,?,i11,
1769449642.9137018,SENT,aa2dd880-fda5-43c1-a01b-f179bb2099b0,095d6ee7-3773-4d76-a7ba-63cf23478a3e,c2,DROP,1008,?,i6,
1769449642.9137418,FORWARDED,aa2dd880-fda5-43c1-a01b-f179bb2099b0,095d6ee7-3773-4d76-a7ba-63cf23478a3e,c2,DROP,1008,?,i6,
1769449643.228324,RECEIVED,3aff7052-a7dc-46bf-a5b8-c5f7c2e97c90,bc5fc1df-a8e8-46b2-88d5-107442d771a5,c3,DROP,1452,p3,?,
1769449643.279841,RECEIVED,4232131e-80c6-401e-a939-f6dc7439346a,152153ca-997e-446f-abed-3c8ccb8033a7,c5,DROP,1439,p2,?,
1769449643.315028,SENT,3aff7052-a7dc-46bf-a5b8-c5f7c2e97c90,bc5fc1df-a8e8-46b2-88d5-107442d771a5,c3,DROP,1017,?,i4,
1769449643.315083,FORWARDED,3aff7052-a7dc-46bf-a5b8-c5f7c2e97c90,bc5fc1df-a8e8-46b2-88d5-107442d771a5,c3,DROP,1017,?,i4,
1769449643.3954248,RECEIVED,0d9c7a40-7a3d-4c3f-b4da-c530f092fb31,f0091148-227b-455a-9cef-9257ee511821,c3,DROP,1444,p3,?,
1769449643.626863,SENT,39be54d6-7bba-4d24-b297-d2455cf454e7,b4709be3-08b5-4165-af2d-c8623eebb9a3,c2,DROP,1011,?,i12,
1769449643.626899,FORWARDED,39be54d6-7bba-4d24-b297-d2455cf454e7,b4709be3-08b5-4165-af2d-c8623eebb9a3,c2,DROP,1011,?,i12,
1769449643.6762059,SENT,0d9c7a40-7a3d-4c3f-b4da-c530f092fb31,f0091148-227b-455a-9cef-9257ee511821,c3,DROP,1011,?,i4,
1769449643.6762493,FORWARDED,0d9c7a40-7a3d-4c3f-b4da-c530f092fb31,f0091148-227b-455a-9cef-9257ee511821,c3,DROP,1011,?,i4,
1769449643.699807,RECEIVED,bfcb10a0-9f0c-405c-b377-88c82b5fe2a9,6e36af4d-1961-41d5-87c3-6914bce51b88,c1,c3,2472,p1,?,
1769449643.7110002,RECEIVED,3c84da5e-57e0-4597-8fff-9f4c07444e2d,24549c08-a379-44da-9d60-d88928dfc299,c3,DROP,1439,p3,?,
1769449643.732506,RECEIVED,55c78d89-7571-42ae-8f14-3aa5bcaf81f3,6822d557-41dd-4511-bc89-f8de23bd4093,c2,DROP,1441,p2,?,
1769449643.8383286,RECEIVED,9d00deff-b19d-4459-9e23-c00a75f5f425,195a2522-867c-4523-b1da-94078e93127f,c4,c5,2467,p1,?,
1769449643.8450718,SENT,55c78d89-7571-42ae-8f14-3aa5bcaf81f3,6822d557-41dd-4511-bc89-f8de23bd4093,c2,DROP,1008,?,i10,
1769449643.8451147,FORWARDED,55c78d89-7571-42ae-8f14-3aa5bcaf81f3,6822d557-41dd-4511-bc89-f8de23bd4093,c2,DROP,1008,?,i10,
1769449644.0278552,RECEIVED,d512a143-97da-4a76-b6c6-f1ecef812c53,69581bec-04ce-46e0-add4-3ef0ae6f7779,c1,c3,2448,p1,?,
1769449644.0516222,SENT,bfcb10a0-9f0c-405c-b377-88c82b5fe2a9,6e36af4d-1961-41d5-87c3-6914bce51b88,c1,c3,1780,?,i2,
1769449644.0516658,FORWARDED,bfcb10a0-9f0c-405c-b377-88c82b5fe2a9,6e36af4d-1961-41d5-87c3-6914bce51b88,c1,c3,1780,?,i2,
1769449644.0928087,RECEIVED,43b5d734-149a-48c7-88fb-943d31e856dd,661797fb-5786-4eb6-9f24-8e7de2d1f033,c5,c4,2452,p2,?,
1769449644.1384373,SENT,4232131e-80c6-401e-a939-f6dc7439346a,152153ca-997e-446f-abed-3c8ccb8033a7,c5,DROP,1008,?,i3,
1769449644.1384795,FORWARDED,4232131e-80c6-401e-a939-f6dc7439346a,152153ca-997e-446f-abed-3c8ccb8033a7,c5,DROP,1008,?,i3,
1769449644.242344,RECEIVED,841dede6-6f14-4cce-8e81-68cbe3c933e0,e0ac015a-5781-427f-b9cf-6193bf7fc7a8,c2,DROP,1451,p2,?,
1769449644.242489,RECEIVED,46f8434c-08b8-470d-b7a6-47246b24d78e,8a6db46b-ac39-47b0-ae9f-4d6d318b47d1,c2,DROP,441,x4,?,
1769449644.247025,SENT,43b5d734-149a-48c7-88fb-943d31e856dd,661797fb-5786-4eb6-9f24-8e7de2d1f033,c5,c4,1767,?,i6,
1769449644.2472355,FORWARDED,43b5d734-149a-48c7-88fb-943d31e856dd,661797fb-5786-4eb6-9f24-8e7de2d1f033,c5,c4,1767,?,i6,
1769449644.2535143,RECEIVED,3e5ffd8c-fa3c-43ec-a95c-33fe9672361f,cd7397b2-2811-4101-9278-e93449702dcc,c3,c5,2465,p3,?,
1769449644.2844255,RECEIVED,47b15f07-3d9c-4a95-9f7f-003275c7a6e6,54f1561c-18e4-4b88-96d4-d879269e0909,c2,DROP,1456,p2,?,
1769449644.3088613,RECEIVED,f7d72560-518e-4bf9-a8d6-a1ef7b45b243,35b871eb-de2c-4f7c-b697-57408b49a908,c4,DROP,442,x5,?,
1769449644.3203454,SENT,3e5ffd8c-fa3c-43ec-a95c-33fe9672361f,cd7397b2-2811-4101-9278-e93449702dcc,c3,c5,1774,?,i12,
1769449644.3203857,FORWARDED,3e5ffd8c-fa3c-43ec-a95c-33fe9672361f,cd7397b2-2811-4101-9278-e93449702dcc,c3,c5,1774,?,i12,
1769449644.3456361,RECEIVED,cdc9ae32-606c-4a43-acab-24ae5fffbad1,309e9295-81d5-42d8-81f7-4affe0ba2158,c4,DROP,1442,p1,?,
1769449644.5693228,RECEIVED,866161dc-ef50-4410-965c-5eb61376be4f,963fe8a2-8960-45f1-b64e-bde58d9d2d1b,c3,c5,2463,p3,?,
1769449644.5976484,SENT,cdc9ae32-606c-4a43-acab-24ae5fffbad1,309e9295-81d5-42d8-81f7-4affe0ba2158,c4,DROP,1009,?,i1,
1769449644.5976841,FORWARDED,cdc9ae32-606c-4a43-acab-24ae5fffbad1,309e9295-81d5-42d8-81f7-4affe0ba2158,c4,DROP,1009,?,i1,
1769449644.6174927,RECEIVED,44e869e4-1697-43cc-b8f9-7a9036e4f212,8d076f74-d063-4236-adc9-8ffefb7ae91f,c4,c5,2466,p1,?,
1769449644.6280718,SENT,3c84da5e-57e0-4597-8fff-9f4c07444e2d,24549c08-a379-44da-9d60-d88928dfc299,c3,DROP,1008,?,i5,
1769449644.6281157,FORWARDED,3c84da5e-57e0-4597-8fff-9f4c07444e2d,24549c08-a379-44da-9d60-d88928dfc299,c3,DROP,1008,?,i5,
1769449644.6458194,SENT,44e869e4-1697-43cc-b8f9-7a9036e4f212,8d076f74-d063-4236-adc9-8ffefb7ae91f,c4,c5,1776,?,i10,
1769449644.6458611,FORWARDED,44e869e4-1697-43cc-b8f9-7a9036e4f212,8d076f74-d063-4236-adc9-8ffefb7ae91f,c4,c5,1776,?,i10,
1769449644.6659958,SENT,d512a143-97da-4a76-b6c6-f1ecef812c53,69581bec-04ce-46e0-add4-3ef0ae6f7779,c1,c3,1764,?,i12,
1769449644.6660385,FORWARDED,d512a143-97da-4a76-b6c6-f1ecef812c53,69581bec-04ce-46e0-add4-3ef0ae6f7779,c1,c3,1764,?,i12,
1769449644.6790035,SENT,47b15f07-3d9c-4a95-9f7f-003275c7a6e6,54f1561c-18e4-4b88-96d4-d879269e0909,c2,DROP,1019,?,i10,
1769449644.6791587,FORWARDED,47b15f07-3d9c-4a95-9f7f-003275c7a6e6,54f1561c-18e4-4b88-96d4-d879269e0909,c2,DROP,1019,?,i10,
1769449644.8280172,SENT,841dede6-6f14-4cce-8e81-68cbe3c933e0,e0ac015a-5781-427f-b9cf-6193bf7fc7a8,c2,DROP,1017,?,i4,
1769449644.828083,FORWARDED,841dede6-6f14-4cce-8e81-68cbe3c933e0,e0ac015a-5781-427f-b9cf-6193bf7fc7a8,c2,DROP,1017,?,i4,
1769449644.9083195,SENT,eabe93d0-032d-4416-a18b-98131011ed87,85841b33-0123-4bb8-bac9-eec1643b89ef,c5,DROP,1012,?,i4,
1769449644.9083605,FORWARDED,eabe93d0-032d-4416-a18b-98131011ed87,85841b33-0123-4bb8-bac9-eec1643b89ef,c5,DROP,1012,?,i4,
1769449644.9569778,RECEIVED,b56a16d0-3cee-4e3b-a4dd-1f7deab7376f,664a4448-5d0e-4d3a-82b3-87ac7ac94cdb,c3,c5,2463,p3,?,
1769449645.1531029,SENT,866161dc-ef50-4410-965c-5eb61376be4f,963fe8a2-8960-45f1-b64e-bde58d9d2d1b,c3,c5,1776,?,i1,
1769449645.1531458,FORWARDED,866161dc-ef50-4410-965c-5eb61376be4f,963fe8a2-8960-45f1-b64e-bde58d9d2d1b,c3,c5,1776,?,i1,
1769449645.3135018,RECEIVED,8183e389-4038-4d22-b8f4-7c0aabb1511a,69ae141d-1925-4839-a418-dbcf302e353a,c1,c3,2452,p1,?,
1769449645.3315668,RECEIVED,47ad651a-e92f-4d33-becd-b12047fc4a9e,a2fdd580-8f4d-49dc-9013-abf60af3ecb2,c1,c3,2451,p1,?,
1769449645.3597848,RECEIVED,78659a33-ffc3-41f8-9f36-598e9252a333,5a4136d6-9578-4c3e-8190-97bca19f7c53,c2,DROP,444,x4,?,
1769449645.3855555,RECEIVED,a4136700-48e5-4938-b5ce-a35ed316a70c,861ca564-ba0d-4f46-b33b-07630b7f0e52,c4,c5,2460,p1,?,
1769449645.4313817,RECEIVED,0586a7aa-bbf4-4764-9e15-4ecd274a6782,2e3806ad-85bc-435d-8351-a756776960dc,c2,c1,2463,p2,?,
1769449645.5574522,SENT,8183e389-4038-4d22-b8f4-7c0aabb1511a,69ae141d-1925-4839-a418-dbcf302e353a,c1,c3,1767,?,i3,
1769449645.5575404,FORWARDED,8183e389-4038-4d22-b8f4-7c0aabb1511a,69ae141d-1925-4839-a418-dbcf302e353a,c1,c3,1767,?,i3,
1769449645.579864,RECEIVED,aaea8ef1-1be9-4320-b08a-ee3c4c6bfb63,3e6af44c-0b16-422c-bb8a-10c88c7b3017,c1,DROP,1439,p1,?,
1769449645.7051613,RECEIVED,f6938262-8303-430f-92bc-efc7b68bbf4e,abaaabd6-3750-41fe-907d-2f1ef1a8bfd5,c4,DROP,1439,p1,?,
1769449645.7898192,RECEIVED,992e7523-6956-4c87-b8a3-6e433cfe9541,86304668-64f4-42af-8bc0-96e7283e371d,c2,DROP,1452,p2,?,
1769449645.838762,SENT,a4136700-48e5-4938-b5ce-a35ed316a70c,861ca564-ba0d-4f46-b33b-07630b7f0e52,c4,c5,1771,?,i4,
1769449645.838802,FORWARDED,a4136700-48e5-4938-b5ce-a35ed316a70c,861ca564-ba0d-4f46-b33b-07630b7f0e52,c4,c5,1771,?,i4,
1769449645.8622365,SENT,9d00deff-b19d-4459-9e23-c00a75f5f425,195a2522-867c-4523-b1da-94078e93127f,c4,c5,1777,?,i6,
1769449645.8622801,FORWARDED,9d00deff-b19d-4459-9e23-c00a75f5f425,195a2522-867c-4523-b1da-94078e93127f,c4,c5,1777,?,i6,
1769449645.8702736,SENT,47ad651a-e92f-4d33-becd-b12047fc4a9e,a2fdd580-8f4d-49dc-9013-abf60af3ecb2,c1,c3,1767,?,i2,
1769449645.8703167,FORWARDED,47ad651a-e92f-4d33-becd-b12047fc4a9e,a2fdd580-8f4d-49dc-9013-abf60af3ecb2,c1,c3,1767,?,i2,
1769449645.933354,SENT,0586a7aa-bbf4-4764-9e15-4ecd274a6782,2e3806ad-85bc-435d-8351-a756776960dc,c2,c1,1776,?,i1,
1769449645.9333935,FORWARDED,0586a7aa-bbf4-4764-9e15-4ecd274a6782,2e3806ad-85bc-435d-8351-a756776960dc,c2,c1,1776,?,i1,
1769449646.0082412,SENT,992e7523-6956-4c87-b8a3-6e433cfe9541,86304668-64f4-42af-8bc0-96e7283e371d,c2,DROP,1016,?,i9,
1769449646.0082846,FORWARDED,992e7523-6956-4c87-b8a3-6e433cfe9541,86304668-64f4-42af-8bc0-96e7283e371d,c2,DROP,1016,?,i9,
1769449646.0630546,RECEIVED,eaed4c46-4fdd-4a58-88cf-cc6790671612,65640a37-1302-42e3-a895-f8b313fc36dd,c2,c1,2473,p2,?,
1769449646.1257303,RECEIVED,a719a5bb-0bfd-43b5-948e-beecf92504d9,652d14cf-0ba8-4c1d-a6e2-bb2758a0a72f,c2,DROP,1440,p2,?,
1769449646.1558034,RECEIVED,cf3e9a3e-d404-4a11-a03f-498ca761cb22,67282209-3745-493e-9b23-760b888f7649,c5,c4,2463,p2,?,
1769449646.2530987,RECEIVED,7322d8b3-f496-4d89-92db-623a8e26569a,38d5b41f-1af4-4980-9b93-c6926ee4ca5c,c4,DROP,1452,p1,?,
1769449646.2567685,SENT,eaed4c46-4fdd-4a58-88cf-cc6790671612,65640a37-1302-42e3-a895-f8b313fc36dd,c2,c1,1780,?,i10,
1769449646.256811,FORWARDED,eaed4c46-4fdd-4a58-88cf-cc6790671612,65640a37-1302-42e3-a895-f8b313fc36dd,c2,c1,1780,?,i10,
1769449646.37739,SENT,f6938262-8303-430f-92bc-efc7b68bbf4e,abaaabd6-3750-41fe-907d-2f1ef1a8bfd5,c4,DROP,1008,?,i1,
1769449646.3774357,FORWARDED,f6938262-8303-430f-92bc-efc7b68bbf4e,abaaabd6-3750-41fe-907d-2f1ef1a8bfd5,c4,DROP,1008,?,i1,
1769449646.3910975,RECEIVED,fbe93323-da07-4587-9b27-68057316b0c6,b4ef673d-c995-4e94-8043-a67c8be7e9f6,c4,DROP,1444,p1,?,
1769449646.41298,RECEIVED,9be759ab-32d2-458e-9422-9016e291a3a5,427920ee-d750-4018-84bc-9e0ae8d4eef8,c5,c4,2452,p2,?,
1769449646.4738507,RECEIVED,efecd27e-b3b0-47c7-ad4c-c1d23da3d36b,b0b5a78f-6967-4ff8-8817-d45e5b67c654,c1,DROP,1451,p1,?,
1769449646.4978974,RECEIVED,6cc96b5c-5adf-4313-a0f2-eb5edbe4714a,dd7db6e7-e628-4398-8a4b-89d8c969b3e4,c5,DROP,441,x4,?,
1769449646.53094,SENT,a719a5bb-0bfd-43b5-948e-beecf92504d9,652d14cf-0ba8-4c1d-a6e2-bb2758a0a72f,c2,DROP,1007,?,i10,
1769449646.5309834,FORWARDED,a719a5bb-0bfd-43b5-948e-beecf92504d9,652d14cf-0ba8-4c1d-a6e2-bb2758a0a72f,c2,DROP,1007,?,i10,
1769449646.5462296,RECEIVED,1ed99f6b-e97b-4223-9d2c-e3d3caf5cf8e,99a35ace-c203-4581-8f5b-5d5f843262e9,c5,DROP,445,x5,?,
1769449646.5466664,SENT,aaea8ef1-1be9-4320-b08a-ee3c4c6bfb63,3e6af44c-0b16-422c-bb8a-10c88c7b3017,c1,DROP,1007,?,i2,
1769449646.5467935,FORWARDED,aaea8ef1-1be9-4320-b08a-ee3c4c6bfb63,3e6af44c-0b16-422c-bb8a-10c88c7b3017,c1,DROP,1007,?,i2,
1769449646.5801003,RECEIVED,b72b98d5-b6ea-42a5-b31a-2b717e76c316,5f526951-4b95-47be-a595-bc9dec74b499,c2,DROP,1440,p2,?,
1769449646.7227917,RECEIVED,f8dd1d9d-cbc3-4e64-b602-dd127a8a381d,7ea5d21f-b51a-4c57-985d-674a137f46ea,c2,DROP,1447,p2,?,
1769449646.77262,RECEIVED,a650d3a7-4234-40a6-b914-a70ae273ebfd,cc517cb9-b94a-4323-9dcc-4dc712baf38a,c2,c1,2463,p2,?,
1769449646.7934794,SENT,b72b98d5-b6ea-42a5-b31a-2b717e76c316,5f526951-4b95-47be-a595-bc9dec74b499,c2,DROP,1007,?,i8,
1769449646.7935207,FORWARDED,b72b98d5-b6ea-42a5-b31a-2b717e76c316,5f526951-4b95-47be-a595-bc9dec74b499,c2,DROP,1007,?,i8,
1769449646.903875,SENT,cf3e9a3e-d404-4a11-a03f-498ca761cb22,67282209-3745-493e-9b23-760b888f7649,c5,c4,1776,?,i1,
1769449646.9039173,FORWARDED,cf3e9a3e-d404-4a11-a03f-498ca761cb22,67282209-3745-493e-9b23-760b888f7649,c5,c4,1776,?,i1,
1769449646.9692316,SENT,7322d8b3-f496-4d89-92db-623a8e26569a,38d5b41f-1af4-4980-9b93-c6926ee4ca5c,c4,DROP,1015,?,i10,
1769449646.9692736,FORWARDED,7322d8b3-f496-4d89-92db-623a8e26569a,38d5b41f-1af4-4980-9b93-c6926ee4ca5c,c4,DROP,1015,?,i10,
1769449646.9729905,RECEIVED,d9e6d689-061c-4685-85b0-fa00ac4617c3,241affea-4f2a-47a5-b4d0-6d3467bffca4,c4,DROP,1453,p1,?,
1769449646.984364,RECEIVED,4d32037a-5b5a-4cab-9bc3-641227fba4d3,798dc310-c2cd-41a7-925c-562bf3705747,c1,c3,2463,p1,?,
1769449646.9852433,RECEIVED,2236dfb9-e6a6-49ea-bc08-2a815047a6da,eb3ac1a5-9887-4af6-a962-9201fb43c39a,c1,c3,2450,p1,?,
1769449647.0332153,SENT,2236dfb9-e6a6-49ea-bc08-2a815047a6da,eb3ac1a5-9887-4af6-a962-9201fb43c39a,c1,c3,1764,?,i10,
1769449647.0332656,FORWARDED,2236dfb9-e6a6-49ea-bc08-2a815047a6da,eb3ac1a5-9887-4af6-a962-9201fb43c39a,c1,c3,1764,?,i10,
1769449647.0359228,SENT,efecd27e-b3b0-47c7-ad4c-c1d23da3d36b,b0b5a78f-6967-4ff8-8817-d45e5b67c654,c1,DROP,1015,?,i1,
1769449647.0359647,FORWARDED,efecd27e-b3b0-47c7-ad4c-c1d23da3d36b,b0b5a78f-6967-4ff8-8817-d45e5b67c654,c1,DROP,1015,?,i1,
1769449647.0705667,RECEIVED,d47f0d24-cfa4-42e4-8d50-e46f7b7c64f5,15174e4b-e918-42e0-a1a8-97e72ed678b9,c2,DROP,1443,p2,?,
1769449647.0811195,SENT,f8dd1d9d-cbc3-4e64-b602-dd127a8a381d,7ea5d21f-b51a-4c57-985d-674a137f46ea,c2,DROP,1012,?,i2,
1769449647.0811615,FORWARDED,f8dd1d9d-cbc3-4e64-b602-dd127a8a381d,7ea5d21f-b51a-4c57-985d-674a137f46ea,c2,DROP,1012,?,i2,
1769449647.0836906,SENT,d9e6d689-061c-4685-85b0-fa00ac4617c3,241affea-4f2a-47a5-b4d0-6d3467bffca4,c4,DROP,1016,?,i11,
1769449647.0837305,FORWARDED,d9e6d689-061c-4685-85b0-fa00ac4617c3,241affea-4f2a-47a5-b4d0-6d3467bffca4,c4,DROP,1016,?,i11,
1769449647.1862144,RECEIVED,0012d3d8-04fc-4081-bae2-6458a2cda9b3,6e92b8c2-5b99-4d0f-b373-72b853a9961d,c2,DROP,1439,p2,?,
1769449647.2116895,SENT,4d32037a-5b5a-4cab-9bc3-641227fba4d3,798dc310-c2cd-41a7-925c-562bf3705747,c1,c3,1775,?,i6,
1769449647.2117295,FORWARDED,4d32037a-5b5a-4cab-9bc3-641227fba4d3,798dc310-c2cd-41a7-925c-562bf3705747,c1,c3,1775,?,i6,
1769449647.2352445,RECEIVED,80d330c1-497a-4f42-bdd5-3e4555addb30,9915f5c4-6bed-4de9-b93f-94a0aebf9a95,c5,c4,2443,p2,?,
1769449647.2465334,SENT,b56a16d0-3cee-4e3b-a4dd-1f7deab7376f,664a4448-5d0e-4d3a-82b3-87ac7ac94cdb,c3,c5,1775,?,i5,
1769449647.246576,FORWARDED,b56a16d0-3cee-4e3b-a4dd-1f7deab7376f,664a4448-5d0e-4d3a-82b3-87ac7ac94cdb,c3,c5,1775,?,i5,
1769449647.3410447,RECEIVED,3e128244-452b-47cb-be20-04ff6f10be21,b5da983b-39f7-434c-8672-9f1c2449d2e6,c5,DROP,1455,p2,?,
1769449647.440947,RECEIVED,94daf19c-9456-49be-b180-666eac2168c4,e5d8d9a3-1602-4e25-8092-e14021fd1325,c2,DROP,441,x10,?,
1769449647.523057,SENT,0012d3d8-04fc-4081-bae2-6458a2cda9b3,6e92b8c2-5b99-4d0f-b373-72b853a9961d,c2,DROP,1007,?,i2,
1769449647.5231,FORWARDED,0012d3d8-04fc-4081-bae2-6458a2cda9b3,6e92b8c2-5b99-4d0f-b373-72b853a9961d,c2,DROP,1007,?,i2,
1769449647.669858,RECEIVED,f91995c7-83fa-47b2-a7a1-2dcc0bb54c7a,506384bc-c146-4699-ac6d-ed385ccdba09,c3,c5,2460,p3,?,
1769449647.6859095,RECEIVED,dfb26663-c2d1-4605-8612-e09cf4b45e37,e2687156-d36c-405e-bc45-d98a485ff337,c5,DROP,1440,p2,?,
1769449647.8038647,SENT,a650d3a7-4234-40a6-b914-a70ae273ebfd,cc517cb9-b94a-4323-9dcc-4dc712baf38a,c2,c1,1776,?,i9,
1769449647.8039055,FORWARDED,a650d3a7-4234-40a6-b914-a70ae273ebfd,cc517cb9-b94a-4323-9dcc-4dc712baf38a,c2,c1,1776,?,i9,
1769449647.889252,SENT,80d330c1-497a-4f42-bdd5-3e4555addb30,9915f5c4-6bed-4de9-b93f-94a0aebf9a95,c5,c4,1759,?,i7,
1769449647.8893294,FORWARDED,80d330c1-497a-4f42-bdd5-3e4555addb30,9915f5c4-6bed-4de9-b93f-94a0aebf9a95,c5,c4,1759,?,i7,
1769449647.8962317,SENT,f91995c7-83fa-47b2-a7a1-2dcc0bb54c7a,506384bc-c146-4699-ac6d-ed385ccdba09,c3,c5,1771,?,i5,
1769449647.8962734,FORWARDED,f91995c7-83fa-47b2-a7a1-2dcc0bb54c7a,506384bc-c146-4699-ac6d-ed385ccdba09,c3,c5,1771,?,i5,
1769449647.9076886,SENT,d47f0d24-cfa4-42e4-8d50-e46f7b7c64f5,15174e4b-e918-42e0-a1a8-97e72ed678b9,c2,DROP,1011,?,i6,
1769449647.9077332,FORWARDED,d47f0d24-cfa4-42e4-8d50-e46f7b7c64f5,15174e4b-e918-42e0-a1a8-97e72ed678b9,c2,DROP,1011,?,i6,
1769449647.9814851,SENT,3e128244-452b-47cb-be20-04ff6f10be21,b5da983b-39f7-434c-8672-9f1c2449d2e6,c5,DROP,1020,?,i4,
1769449647.9815273,FORWARDED,3e128244-452b-47cb-be20-04ff6f10be21,b5da983b-39f7-434c-8672-9f1c2449d2e6,c5,DROP,1020,?,i4,
1769449648.0258298,SENT,9be759ab-32d2-458e-9422-9016e291a3a5,427920ee-d750-4018-84bc-9e0ae8d4eef8,c5,c4,1767,?,i10,
1769449648.0258722,FORWARDED,9be759ab-32d2-458e-9422-9016e291a3a5,427920ee-d750-4018-84bc-9e0ae8d4eef8,c5,c4,1767,?,i10,
1769449648.101729,SENT,fbe93323-da07-4587-9b27-68057316b0c6,b4ef673d-c995-4e94-8043-a67c8be7e9f6,c4,DROP,1010,?,i11,
1769449648.1017716,FORWARDED,fbe93323-da07-4587-9b27-68057316b0c6,b4ef673d-c995-4e94-8043-a67c8be7e9f6,c4,DROP,1010,?,i11,
1769449648.1809733,RECEIVED,814c08bc-d626-4c22-bbf0-693a2a58ef33,ff0f5c7d-2f2f-4614-aab5-586ab8173926,c3,c5,2468,p3,?,
1769449648.2035778,SENT,814c08bc-d626-4c22-bbf0-693a2a58ef33,ff0f5c7d-2f2f-4614-aab5-586ab8173926,c3,c5,1777,?,i5,
1769449648.203618,FORWARDED,814c08bc-d626-4c22-bbf0-693a2a58ef33,ff0f5c7d-2f2f-4614-aab5-586ab8173926,c3,c5,1777,?,i5,
1769449648.7065077,RECEIVED,9b92cbaf-6a63-494d-9b90-4979aa08e173,e6cf67cd-5aa1-4243-ae77-6c9ea06e5172,c1,c3,2463,p1,?,
1769449648.9033923,RECEIVED,f3cac922-9a30-42f3-8257-2f604b3566a3,8c86a2ba-a9af-45ad-9f24-17d8aee44774,c3,c5,2451,p3,?,
1769449649.0023174,RECEIVED,c962f0fb-5e0a-4ffb-b759-b9b310f78269,6b5b9603-bc44-40bc-80cd-f78ddcc9f5ee,c5,DROP,1440,p2,?,
1769449649.0653706,RECEIVED,ff03e35c-a5fd-4508-80c6-e1c137fdc94a,57a4a0c2-7ad2-4ece-a90b-8514752df1b6,c2,DROP,1440,p2,?,
1769449649.0687132,SENT,c962f0fb-5e0a-4ffb-b759-b9b310f78269,6b5b9603-bc44-40bc-80cd-f78ddcc9f5ee,c5,DROP,1007,?,i11,
1769449649.068753,FORWARDED,c962f0fb-5e0a-4ffb-b759-b9b310f78269,6b5b9603-bc44-40bc-80cd-f78ddcc9f5ee,c5,DROP,1007,?,i11,
1769449649.122133,SENT,ff03e35c-a5fd-4508-80c6-e1c137fdc94a,57a4a0c2-7ad2-4ece-a90b-8514752df1b6,c2,DROP,1007,?,i7,
1769449649.1221905,FORWARDED,ff03e35c-a5fd-4508-80c6-e1c137fdc94a,57a4a0c2-7ad2-4ece-a90b-8514752df1b6,c2,DROP,1007,?,i7,
1769449649.196154,RECEIVED,0612bc7c-10b0-4793-bb63-52a5874c8701,5a2cfabc-de66-48d1-baab-426702f87e64,c3,c5,2475,p3,?,
1769449649.2387831,SENT,f3cac922-9a30-42f3-8257-2f604b3566a3,8c86a2ba-a9af-45ad-9f24-17d8aee44774,c3,c5,1767,?,i1,
1769449649.2388208,FORWARDED,f3cac922-9a30-42f3-8257-2f604b3566a3,8c86a2ba-a9af-45ad-9f24-17d8aee44774,c3,c5,1767,?,i1,
1769449649.280177,SENT,dfb26663-c2d1-4605-8612-e09cf4b45e37,e2687156-d36c-405e-bc45-d98a485ff337,c5,DROP,1007,?,i10,
1769449649.2802155,FORWARDED,dfb26663-c2d1-4605-8612-e09cf4b45e37,e2687156-d36c-405e-bc45-d98a485ff337,c5,DROP,1007,?,i10,
1769449649.3401964,RECEIVED,bc54108f-8285-4fe5-b2b0-d476f9e16c3b,f8f23ea1-ef69-499c-815b-1047ed40095a,c5,DROP,1440,p2,?,
1769449649.4489033,SENT,9b92cbaf-6a63-494d-9b90-4979aa08e173,e6cf67cd-5aa1-4243-ae77-6c9ea06e5172,c1,c3,1775,?,i1,
1769449649.4489446,FORWARDED,9b92cbaf-6a63-494d-9b90-4979aa08e173,e6cf67cd-5aa1-4243-ae77-6c9ea06e5172,c1,c3,1775,?,i1,
1769449649.5266526,RECEIVED,a5fa40dc-58d4-4da8-b4ad-1ad6e98b7e05,b3e4ac11-5f4f-4aa7-a7e4-8bb1cf8e48f4,c2,DROP,1443,p2,?,
1769449649.5428572,RECEIVED,57539f27-c10a-4ac5-86f0-7252cee37b21,208b50b5-21c0-45f0-8ee8-8d076bb2c1ca,c2,DROP,446,x12,?,
1769449649.5825963,RECEIVED,4ec6c9f1-5b0b-4588-a29d-a50d7083fa99,8f6162af-4f2f-4ff3-a80a-cc3a1ec536a5,c2,DROP,442,x12,?,
1769449649.655369,SENT,bc54108f-8285-4fe5-b2b0-d476f9e16c3b,f8f23ea1-ef69-499c-815b-1047ed40095a,c5,DROP,1006,?,i9,
1769449649.6554112,FORWARDED,bc54108f-8285-4fe5-b2b0-d476f9e16c3b,f8f23ea1-ef69-499c-815b-1047ed40095a,c5,DROP,1006,?,i9,
1769449649.731221,RECEIVED,01dd8cf9-a6ba-411e-b507-c58aaa257616,00291608-49e0-40de-aae2-6da755bf20fa,c4,c5,2443,p1,?,
1769449649.8129756,RECEIVED,e6e82ba9-4e39-427d-953c-af86e568df86,43d8de16-4d56-45cf-be31-60ff3dfffa78,c2,DROP,1440,p2,?,
1769449649.9169967,RECEIVED,b16dc012-db2d-4c9e-bf07-8ab6018bb70d,bb14b9c7-f5e7-4143-b193-4e6e65a2a044,c2,DROP,1452,p2,?,
1769449649.971702,SENT,b16dc012-db2d-4c9e-bf07-8ab6018bb70d,bb14b9c7-f5e7-4143-b193-4e6e65a2a044,c2,DROP,1015,?,i7,
1769449649.9717448,FORWARDED,b16dc012-db2d-4c9e-bf07-8ab6018bb70d,bb14b9c7-f5e7-4143-b193-4e6e65a2a044,c2,DROP,1015,?,i7,
1769449650.0182805,SENT,e6e82ba9-4e39-427d-953c-af86e568df86,43d8de16-4d56-45cf-be31-60ff3dfffa78,c2,DROP,1007,?,i8,
1769449650.018321,FORWARDED,e6e82ba9-4e39-427d-953c-af86e568df86,43d8de16-4d56-45cf-be31-60ff3dfffa78,c2,DROP,1007,?,i8,
1769449650.0322263,SENT,a5fa40dc-58d4-4da8-b4ad-1ad6e98b7e05,b3e4ac11-5f4f-4aa7-a7e4-8bb1cf8e48f4,c2,DROP,1009,?,i7,
1769449650.0322683,FORWARDED,a5fa40dc-58d4-4da8-b4ad-1ad6e98b7e05,b3e4ac11-5f4f-4aa7-a7e4-8bb1cf8e48f4,c2,DROP,1009,?,i7,
1769449650.0340307,SENT,01dd8cf9-a6ba-411e-b507-c58aaa257616,00291608-49e0-40de-aae2-6da755bf20fa,c4,c5,1759,?,i1,
1769449650.0340874,FORWARDED,01dd8cf9-a6ba-411e-b507-c58aaa257616,00291608-49e0-40de-aae2-6da755bf20fa,c4,c5,1759,?,i1,
1769449650.1026957,RECEIVED,96e8408d-e234-4ceb-bf35-7031dd353ce9,b16022df-4a80-476e-9b5e-c8a35bc64606,c1,c3,2472,p1,?,
1769449650.114687,RECEIVED,2e034d9a-4115-4442-9bf3-70ee6db49c00,d3826555-6afc-4af5-b672-2c558ae2f954,c3,c5,2473,p3,?,
1769449650.1982894,SENT,2e034d9a-4115-4442-9bf3-70ee6db49c00,d3826555-6afc-4af5-b672-2c558ae2f954,c3,c5,1781,?,i12,
1769449650.1983285,FORWARDED,2e034d9a-4115-4442-9bf3-70ee6db49c00,d3826555-6afc-4af5-b672-2c558ae2f954,c3,c5,1781,?,i12,
1769449650.2927456,SENT,0612bc7c-10b0-4793-bb63-52a5874c8701,5a2cfabc-de66-48d1-baab-426702f87e64,c3,c5,1784,?,i7,
1769449650.2927854,FORWARDED,0612bc7c-10b0-4793-bb63-52a5874c8701,5a2cfabc-de66-48d1-baab-426702f87e64,c3,c5,1784,?,i7,
1769449650.3169572,RECEIVED,2b015b22-a38f-4de5-886b-62425a6e9160,9ba5f97c-cbb2-4d6f-8a50-d594dc16ddb5,c4,c5,2468,p1,?,
1769449650.481886,SENT,96e8408d-e234-4ceb-bf35-7031dd353ce9,b16022df-4a80-476e-9b5e-c8a35bc64606,c1,c3,1780,?,i12,
1769449650.4819355,FORWARDED,96e8408d-e234-4ceb-bf35-7031dd353ce9,b16022df-4a80-476e-9b5e-c8a35bc64606,c1,c3,1780,?,i12,
1769449650.5047767,RECEIVED,efa11063-fb1a-4dad-b709-29ea5acae6b7,3b49d89f-8b7b-4851-86df-74fe6f3760db,c5,DROP,1441,p2,?,
1769449650.532115,RECEIVED,2755d90c-520b-47ec-ac0c-31c5c4724bd4,46823281-522b-4bde-8ae6-ae8369dc41bc,c3,c5,2448,p3,?,
1769449650.5730608,RECEIVED,2ad6be02-947d-4f7f-80bd-6758d0eb43a1,73456f43-db1a-42e1-a17e-92aef2073f37,c1,DROP,1438,p1,?,
1769449650.583987,SENT,efa11063-fb1a-4dad-b709-29ea5acae6b7,3b49d89f-8b7b-4851-86df-74fe6f3760db,c5,DROP,1007,?,i3,
1769449650.5840278,FORWARDED,efa11063-fb1a-4dad-b709-29ea5acae6b7,3b49d89f-8b7b-4851-86df-74fe6f3760db,c5,DROP,1007,?,i3,
1769449650.6917114,RECEIVED,bf2bdae3-1677-4244-8e1b-fdb8487111dc,c16bd88a-8fdf-463c-8e66-e5293ceec794,c4,DROP,1444,p1,?,
1769449650.7501566,SENT,2b015b22-a38f-4de5-886b-62425a6e9160,9ba5f97c-cbb2-4d6f-8a50-d594dc16ddb5,c4,c5,1779,?,i5,
1769449650.7501996,FORWARDED,2b015b22-a38f-4de5-886b-62425a6e9160,9ba5f97c-cbb2-4d6f-8a50-d594dc16ddb5,c4,c5,1779,?,i5,
1769449650.8115282,RECEIVED,22b0299a-1b5b-4e31-87ce-464a599bc3d9,a0982c0b-577b-439e-9355-d2a1b66a4768,c1,DROP,1435,p1,?,
1769449650.8388274,RECEIVED,1da22a37-4f65-456e-aebd-ee4fb67cffe0,cc86b7ee-fae4-45ca-a397-f3941481b218,c1,DROP,1447,p1,?,
1769449650.930797,SENT,1da22a37-4f65-456e-aebd-ee4fb67cffe0,cc86b7ee-fae4-45ca-a397-f3941481b218,c1,DROP,1012,?,i2,
1769449650.9308403,FORWARDED,1da22a37-4f65-456e-aebd-ee4fb67cffe0,cc86b7ee-fae4-45ca-a397-f3941481b218,c1,DROP,1012,?,i2,
1769449651.0410285,RECEIVED,c110ae97-8f3e-4fe8-88dc-540f6eee3d5a,7d697a6d-61ca-4b3b-8f91-637acd058b13,c5,DROP,444,x10,?,
1769449651.0553474,RECEIVED,77e99e53-84bc-4ea8-b192-95c32df71659,d0368e33-b38b-4939-b1f6-9941fd61f2f7,c2,c1,2463,p2,?,
1769449651.123645,RECEIVED,fa78ac9b-6ebf-449e-8a7b-b0a5eb1b68e0,f7993ca7-f6b5-42f1-aa45-1f623673bf74,c2,c1,2455,p2,?,
1769449651.214585,RECEIVED,9eb4d2f4-7543-4409-b75d-c001efebbf39,536d2b2a-ff32-4af3-81da-c7b24b05ae62,c2,DROP,1448,p2,?,
1769449651.236162,SENT,9eb4d2f4-7543-4409-b75d-c001efebbf39,536d2b2a-ff32-4af3-81da-c7b24b05ae62,c2,DROP,1012,?,i8,
1769449651.2362504,FORWARDED,9eb4d2f4-7543-4409-b75d-c001efebbf39,536d2b2a-ff32-4af3-81da-c7b24b05ae62,c2,DROP,1012,?,i8,
1769449651.313268,RECEIVED,e82a992a-77a7-4ab9-a509-976ea84cb38f,56b57133-0f72-4432-bbb7-38ae6a42cc02,c3,DROP,1452,p3,?,
1769449651.34679,RECEIVED,41a69794-b2e7-4904-a5a4-96610196bdec,7453c197-98bf-4141-9182-54b394f55f4b,c1,c3,2447,p1,?,
1769449651.370879,SENT,77e99e53-84bc-4ea8-b192-95c32df71659,d0368e33-b38b-4939-b1f6-9941fd61f2f7,c2,c1,1776,?,i5,
1769449651.3709254,FORWARDED,77e99e53-84bc-4ea8-b192-95c32df71659,d0368e33-b38b-4939-b1f6-9941fd61f2f7,c2,c1,1776,?,i5,
1769449651.4102228,SENT,22b0299a-1b5b-4e31-87ce-464a599bc3d9,a0982c0b-577b-439e-9355-d2a1b66a4768,c1,DROP,1004,?,i8,
1769449651.410267,FORWARDED,22b0299a-1b5b-4e31-87ce-464a599bc3d9,a0982c0b-577b-439e-9355-d2a1b66a4768,c1,DROP,1004,?,i8,
1769449651.6362014,SENT,e82a992a-77a7-4ab9-a509-976ea84cb38f,56b57133-0f72-4432-bbb7-38ae6a42cc02,c3,DROP,1015,?,i4,
1769449651.6362433,FORWARDED,e82a992a-77a7-4ab9-a509-976ea84cb38f,56b57133-0f72-4432-bbb7-38ae6a42cc02,c3,DROP,1015,?,i4,
1769449651.659073,RECEIVED,0daf7d5d-7653-4f79-b529-af131f4e3023,8ea22c7a-ad52-4a71-b506-76e7f59075ea,c1,DROP,442,x10,?,
1769449651.7219353,RECEIVED,94ba4837-8178-4140-a4ec-3cf34e85867a,d5245cf4-90b0-4c3d-bcf8-78b8662861fe,c1,DROP,1448,p1,?,
1769449651.7945628,SENT,94ba4837-8178-4140-a4ec-3cf34e85867a,d5245cf4-90b0-4c3d-bcf8-78b8662861fe,c1,DROP,1012,?,i3,
1769449651.794606,FORWARDED,94ba4837-8178-4140-a4ec-3cf34e85867a,d5245cf4-90b0-4c3d-bcf8-78b8662861fe,c1,DROP,1012,?,i3,
1769449651.8488283,SENT,2755d90c-520b-47ec-ac0c-31c5c4724bd4,46823281-522b-4bde-8ae6-ae8369dc41bc,c3,c5,1764,?,i10,
1769449651.8488684,FORWARDED,2755d90c-520b-47ec-ac0c-31c5c4724bd4,46823281-522b-4bde-8ae6-ae8369dc41bc,c3,c5,1764,?,i10,
1769449651.9465387,RECEIVED,31ce9127-858a-4dd3-80f0-23101550ed23,a9a0e605-965a-4553-8bbc-1b3009cc8c88,c1,DROP,1441,p1,?,
1769449651.984246,SENT,41a69794-b2e7-4904-a5a4-96610196bdec,7453c197-98bf-4141-9182-54b394f55f4b,c1,c3,1763,?,i3,
1769449651.9842856,FORWARDED,41a69794-b2e7-4904-a5a4-96610196bdec,7453c197-98bf-4141-9182-54b394f55f4b,c1,c3,1763,?,i3,
1769449651.9988465,RECEIVED,9b6757f4-a4d9-452a-b6db-9cfde8424985,94a17d7a-c4c9-4809-9b93-8a87a69c8fbb,c5,DROP,1452,p2,?,
1769449652.0211325,SENT,31ce9127-858a-4dd3-80f0-23101550ed23,a9a0e605-965a-4553-8bbc-1b3009cc8c88,c1,DROP,1006,?,i10,
1769449652.0211732,FORWARDED,31ce9127-858a-4dd3-80f0-23101550ed23,a9a0e605-965a-4553-8bbc-1b3009cc8c88,c1,DROP,1006,?,i10,
1769449652.1424873,SENT,fa78ac9b-6ebf-449e-8a7b-b0a5eb1b68e0,f7993ca7-f6b5-42f1-aa45-1f623673bf74,c2,c1,1768,?,i7,
1769449652.1425283,FORWARDED,fa78ac9b-6ebf-449e-8a7b-b0a5eb1b68e0,f7993ca7-f6b5-42f1-aa45-1f623673bf74,c2,c1,1768,?,i7,
1769449652.1554625,SENT,9b6757f4-a4d9-452a-b6db-9cfde8424985,94a17d7a-c4c9-4809-9b93-8a87a69c8fbb,c5,DROP,1017,?,i6,
1769449652.1555042,FORWARDED,9b6757f4-a4d9-452a-b6db-9cfde8424985,94a17d7a-c4c9-4809-9b93-8a87a69c8fbb,c5,DROP,1017,?,i6,
1769449652.1687024,SENT,bf2bdae3-1677-4244-8e1b-fdb8487111dc,c16bd88a-8fdf-463c-8e66-e5293ceec794,c4,DROP,1009,?,i11,
1769449652.1693213,FORWARDED,bf2bdae3-1677-4244-8e1b-fdb8487111dc,c16bd88a-8fdf-463c-8e66-e5293ceec794,c4,DROP,1009,?,i11,
1769449652.2248824,RECEIVED,d44b8e31-0fbc-4687-8e18-6a98bc5f96a4,7ec3d228-0b62-4f9d-a56a-5233ed4ab0a9,c1,DROP,441,x5,?,
1769449652.2838237,RECEIVED,b1d1a374-39cb-44c2-9ef2-3a6307d2489c,84c1faa8-ac76-4f80-8c78-9067a3724d61,c4,DROP,441,x6,?,
1769449652.2923405,RECEIVED,c60866ca-c987-4f9f-a158-e0e76a930a22,a9d276c4-61d1-40e9-bf91-996102c5ebc9,c4,DROP,1440,p1,?,
1769449652.3857794,RECEIVED,4c739ef2-a17f-44ae-b6f3-e9d30a84bda7,b69185fa-f215-4ff4-82eb-e21158ec3cc3,c1,DROP,1449,p1,?,
1769449652.4118083,RECEIVED,6b22d781-ea20-4229-9f4c-e447167381d9,ec00ab45-7604-4a9d-bc7c-5a297c530c58,c5,DROP,1439,p2,?,
1769449652.4723268,SENT,4c739ef2-a17f-44ae-b6f3-e9d30a84bda7,b69185fa-f215-4ff4-82eb-e21158ec3cc3,c1,DROP,1012,?,i10,
1769449652.4723692,FORWARDED,4c739ef2-a17f-44ae-b6f3-e9d30a84bda7,b69185fa-f215-4ff4-82eb-e21158ec3cc3,c1,DROP,1012,?,i10,
1769449652.5326142,RECEIVED,67d91e08-217a-4e1f-b401-c24384630594,67ec23c9-66ca-4320-ac87-6ec45329c8d6,c1,DROP,1440,p1,?,
1769449652.7106643,SENT,67d91e08-217a-4e1f-b401-c24384630594,67ec23c9-66ca-4320-ac87-6ec45329c8d6,c1,DROP,1008,?,i8,
1769449652.7107084,FORWARDED,67d91e08-217a-4e1f-b401-c24384630594,67ec23c9-66ca-4320-ac87-6ec45329c8d6,c1,DROP,1008,?,i8,
1769449652.7376952,SENT,c60866ca-c987-4f9f-a158-e0e76a930a22,a9d276c4-61d1-40e9-bf91-996102c5ebc9,c4,DROP,1007,?,i1,
1769449652.7377374,FORWARDED,c60866ca-c987-4f9f-a158-e0e76a930a22,a9d276c4-61d1-40e9-bf91-996102c5ebc9,c4,DROP,1007,?,i1,
1769449652.962943,RECEIVED,bbff4e1d-227d-4fec-87b5-d813af124d1f,a0f4e977-3067-4079-b5d6-4c7cb530d8e7,c5,c4,2463,p2,?,
1769449653.0246625,SENT,2ad6be02-947d-4f7f-80bd-6758d0eb43a1,73456f43-db1a-42e1-a17e-92aef2073f37,c1,DROP,1007,?,i7,
1769449653.0247037,FORWARDED,2ad6be02-947d-4f7f-80bd-6758d0eb43a1,73456f43-db1a-42e1-a17e-92aef2073f37,c1,DROP,1007,?,i7,
1769449653.226733,RECEIVED,77b60488-d795-410a-a914-3cd38b199204,7d3073c3-0cf1-4c30-8e10-443407300599,c1,c3,2459,p1,?,
1769449653.2502704,RECEIVED,8a89907b-5032-428f-902d-568c5f689a6f,41960c7d-0552-43ac-9ed6-21b267cd1cf5,c2,DROP,1445,p2,?,
1769449653.3401036,SENT,8a89907b-5032-428f-902d-568c5f689a6f,41960c7d-0552-43ac-9ed6-21b267cd1cf5,c2,DROP,1011,?,i12,
1769449653.3401997,FORWARDED,8a89907b-5032-428f-902d-568c5f689a6f,41960c7d-0552-43ac-9ed6-21b267cd1cf5,c2,DROP,1011,?,i12,
1769449653.3585331,RECEIVED,c11ea9ab-fabf-4f35-ace3-af69fa01a683,b35beffe-ac51-498c-99fb-a856408536f1,c4,c5,2475,p1,?,
1769449653.3595545,RECEIVED,ce9667f3-f2b9-4f62-8096-cbe7f181650e,d4022d0f-2ee3-4d0a-a21e-23c6ad9f3e67,c5,DROP,1452,p2,?,
1769449653.4614174,RECEIVED,bc927bd3-aaf8-481f-a038-3aafdf1e6fbe,6574919f-733a-4846-bdba-a1858f7900cf,c4,DROP,1436,p1,?,
1769449653.5947554,RECEIVED,574ec8bf-a329-4ddd-b783-f3e06adc9f3b,ec3c917b-c66d-4693-beae-1faff5dd534c,c1,c3,2459,p1,?,
1769449653.6063294,SENT,bc927bd3-aaf8-481f-a038-3aafdf1e6fbe,6574919f-733a-4846-bdba-a1858f7900cf,c4,DROP,1003,?,i4,
1769449653.6063797,FORWARDED,bc927bd3-aaf8-481f-a038-3aafdf1e6fbe,6574919f-733a-4846-bdba-a1858f7900cf,c4,DROP,1003,?,i4,
1769449653.7563682,RECEIVED,3c2285ee-3c3c-498d-b509-6145caef0db4,a25b6e15-93bd-4b17-9b64-4198f17d5fee,c5,DROP,1443,p2,?,
1769449653.8119247,SENT,bbff4e1d-227d-4fec-87b5-d813af124d1f,a0f4e977-3067-4079-b5d6-4c7cb530d8e7,c5,c4,1776,?,i3,
1769449653.8119662,FORWARDED,bbff4e1d-227d-4fec-87b5-d813af124d1f,a0f4e977-3067-4079-b5d6-4c7cb530d8e7,c5,c4,1776,?,i3,
1769449653.8769355,SENT,c11ea9ab-fabf-4f35-ace3-af69fa01a683,b35beffe-ac51-498c-99fb-a856408536f1,c4,c5,1785,?,i9,
1769449653.876976,FORWARDED,c11ea9ab-fabf-4f35-ace3-af69fa01a683,b35beffe-ac51-498c-99fb-a856408536f1,c4,c5,1785,?,i9,
1769449654.0186946,RECEIVED,754064c1-71f1-4a84-8e4a-33af95268019,a622acd3-2021-4dc3-8a9b-0df57b644309,c3,DROP,1447,p3,?,
1769449654.0823784,SENT,574ec8bf-a329-4ddd-b783-f3e06adc9f3b,ec3c917b-c66d-4693-beae-1faff5dd534c,c1,c3,1771,?,i9,
1769449654.0824172,FORWARDED,574ec8bf-a329-4ddd-b783-f3e06adc9f3b,ec3c917b-c66d-4693-beae-1faff5dd534c,c1,c3,1771,?,i9,
1769449654.1145976,SENT,754064c1-71f1-4a84-8e4a-33af95268019,a622acd3-2021-4dc3-8a9b-0df57b644309,c3,DROP,1012,?,i8,
1769449654.1146402,FORWARDED,754064c1-71f1-4a84-8e4a-33af95268019,a622acd3-2021-4dc3-8a9b-0df57b644309,c3,DROP,1012,?,i8,
1769449654.243447,SENT,77b60488-d795-410a-a914-3cd38b199204,7d3073c3-0cf1-4c30-8e10-443407300599,c1,c3,1772,?,i7,
1769449654.2434914,FORWARDED,77b60488-d795-410a-a914-3cd38b199204,7d3073c3-0cf1-4c30-8e10-443407300599,c1,c3,1772,?,i7,
1769449654.263511,RECEIVED,928d50d6-ccc1-43eb-9549-ace808ef86b1,5950c993-f8b9-4346-bc1b-b34ac876c2c6,c5,c4,2472,p2,?,
1769449654.267149,SENT,6b22d781-ea20-4229-9f4c-e447167381d9,ec00ab45-7604-4a9d-bc7c-5a297c530c58,c5,DROP,1008,?,i8,
1769449654.2671928,FORWARDED,6b22d781-ea20-4229-9f4c-e447167381d9,ec00ab45-7604-4a9d-bc7c-5a297c530c58,c5,DROP,1008,?,i8,
1769449654.3922555,RECEIVED,1f6bbd38-e30d-4ba9-a515-ec5fc5c8c578,56f7d0dd-c7c1-4f59-9ba8-0cf75e7ee8ea,c1,c3,2471,p1,?,
1769449654.4108756,RECEIVED,c78efbf3-d073-4a34-8196-3aa7833e95b1,ab7f461a-9ec0-4208-a9fa-9e518dcf3a6b,c4,c5,2465,p1,?,
1769449654.4136386,RECEIVED,ffe4a419-11f6-48a0-973c-2367d5130542,9c6910e2-77e3-445f-9bb7-b807b3634789,c5,c4,2449,p2,?,
1769449654.4246666,RECEIVED,4b548fcb-dd5f-4035-899c-4be396205c35,dce78c74-b3cb-4563-babd-c19e9ef33c0c,c5,c4,2460,p2,?,
1769449654.449686,SENT,ffe4a419-11f6-48a0-973c-2367d5130542,9c6910e2-77e3-445f-9bb7-b807b3634789,c5,c4,1764,?,i8,
1769449654.4497266,FORWARDED,ffe4a419-11f6-48a0-973c-2367d5130542,9c6910e2-77e3-445f-9bb7-b807b3634789,c5,c4,1764,?,i8,
1769449654.451738,SENT,3c2285ee-3c3c-498d-b509-6145caef0db4,a25b6e15-93bd-4b17-9b64-4198f17d5fee,c5,DROP,1009,?,i2,
1769449654.4517758,FORWARDED,3c2285ee-3c3c-498d-b509-6145caef0db4,a25b6e15-93bd-4b17-9b64-4198f17d5fee,c5,DROP,1009,?,i2,
1769449654.5962172,SENT,928d50d6-ccc1-43eb-9549-ace808ef86b1,5950c993-f8b9-4346-bc1b-b34ac876c2c6,c5,c4,1780,?,i10,
1769449654.5962522,FORWARDED,928d50d6-ccc1-43eb-9549-ace808ef86b1,5950c993-f8b9-4346-bc1b-b34ac876c2c6,c5,c4,1780,?,i10,
1769449654.6051881,SENT,c78efbf3-d073-4a34-8196-3aa7833e95b1,ab7f461a-9ec0-4208-a9fa-9e518dcf3a6b,c4,c5,1776,?,i10,
1769449654.6052268,FORWARDED,c78efbf3-d073-4a34-8196-3aa7833e95b1,ab7f461a-9ec0-4208-a9fa-9e518dcf3a6b,c4,c5,1776,?,i10,
1769449654.642236,SENT,4b548fcb-dd5f-4035-899c-4be396205c35,dce78c74-b3cb-4563-babd-c19e9ef33c0c,c5,c4,1772,?,i1,
1769449654.6423311,FORWARDED,4b548fcb-dd5f-4035-899c-4be396205c35,dce78c74-b3cb-4563-babd-c19e9ef33c0c,c5,c4,1772,?,i1,
1769449654.6499507,SENT,1f6bbd38-e30d-4ba9-a515-ec5fc5c8c578,56f7d0dd-c7c1-4f59-9ba8-0cf75e7ee8ea,c1,c3,1780,?,i11,
1769449654.6499872,FORWARDED,1f6bbd38-e30d-4ba9-a515-ec5fc5c8c578,56f7d0dd-c7c1-4f59-9ba8-0cf75e7ee8ea,c1,c3,1780,?,i11,
1769449654.6555085,RECEIVED,2fc1ecca-3897-4f56-9600-c1dd0699a438,be256168-8d51-4772-9b26-1531f3c0f8a3,c5,DROP,442,x8,?,
1769449654.6836438,SENT,ce9667f3-f2b9-4f62-8096-cbe7f181650e,d4022d0f-2ee3-4d0a-a21e-23c6ad9f3e67,c5,DROP,1016,?,i12,
1769449654.6836948,FORWARDED,ce9667f3-f2b9-4f62-8096-cbe7f181650e,d4022d0f-2ee3-4d0a-a21e-23c6ad9f3e67,c5,DROP,1016,?,i12,
1769449654.7343245,RECEIVED,8dea28e0-4351-46a6-bc59-2ac9437b78da,0f88df21-b5d5-4f48-9c14-8d87e2c1c37c,c1,DROP,1448,p1,?,
1769449654.8063526,SENT,8dea28e0-4351-46a6-bc59-2ac9437b78da,0f88df21-b5d5-4f48-9c14-8d87e2c1c37c,c1,DROP,1012,?,i1,
1769449654.8063908,FORWARDED,8dea28e0-4351-46a6-bc59-2ac9437b78da,0f88df21-b5d5-4f48-9c14-8d87e2c1c37c,c1,DROP,1012,?,i1,
1769449654.8451993,RECEIVED,9b34d7a6-5fa8-4570-9110-c611889fb60f,fe199efc-1fad-4cd6-a5c0-35abac812ed3,c4,c5,2459,p1,?,
1769449654.9827302,RECEIVED,3af066d5-b6a9-47ed-ae87-a1c257c3cf12,cf628b53-06a1-4155-bda7-c82de8e8f501,c5,DROP,441,x2,?,
1769449655.2353477,RECEIVED,a0f098c2-7b6a-485a-b5bf-b485551814f9,5a3a1f7a-f7b2-4027-a622-67df8acfcb71,c2,c1,2461,p2,?,
1769449655.390431,RECEIVED,7d88ed9c-2298-4ef3-8546-b3206cbddd99,162dd75a-f75f-4791-8ffc-f6c2e7b01da7,c2,c1,2449,p2,?,
1769449655.4824657,SENT,7d88ed9c-2298-4ef3-8546-b3206cbddd99,162dd75a-f75f-4791-8ffc-f6c2e7b01da7,c2,c1,1764,?,i11,
1769449655.4825048,FORWARDED,7d88ed9c-2298-4ef3-8546-b3206cbddd99,162dd75a-f75f-4791-8ffc-f6c2e7b01da7,c2,c1,1764,?,i11,
1769449655.4865577,SENT,a0f098c2-7b6a-485a-b5bf-b485551814f9,5a3a1f7a-f7b2-4027-a622-67df8acfcb71,c2,c1,1773,?,i10,
1769449655.4866104,FORWARDED,a0f098c2-7b6a-485a-b5bf-b485551814f9,5a3a1f7a-f7b2-4027-a622-67df8acfcb71,c2,c1,1773,?,i10,
1769449655.6581376,SENT,9b34d7a6-5fa8-4570-9110-c611889fb60f,fe199efc-1fad-4cd6-a5c0-35abac812ed3,c4,c5,1773,?,i7,
1769449655.6581779,FORWARDED,9b34d7a6-5fa8-4570-9110-c611889fb60f,fe199efc-1fad-4cd6-a5c0-35abac812ed3,c4,c5,1773,?,i7,
1769449655.8417642,RECEIVED,eac3192f-afaa-432d-9260-28d85b504acd,34b0a346-4295-4fa4-828e-02e54bd68a28,c3,c5,2466,p3,?,
1769449655.8897145,RECEIVED,b81ac46b-d6f2-4ffc-b4e2-c9a67d8c10d8,8fbe2305-ca66-4ca8-b2bc-148a85cdc08f,c4,c5,2463,p1,?,
1769449655.9932458,SENT,eac3192f-afaa-432d-9260-28d85b504acd,34b0a346-4295-4fa4-828e-02e54bd68a28,c3,c5,1777,?,i5,
1769449655.993539,FORWARDED,eac3192f-afaa-432d-9260-28d85b504acd,34b0a346-4295-4fa4-828e-02e54bd68a28,c3,c5,1777,?,i5,
1769449655.9953334,RECEIVED,159ce339-98e2-4aed-a6cd-7292512eb030,8cf9fe65-4f24-479e-9183-7c325723e58b,c5,DROP,441,x10,?,
1769449656.0210655,SENT,b81ac46b-d6f2-4ffc-b4e2-c9a67d8c10d8,8fbe2305-ca66-4ca8-b2bc-148a85cdc08f,c4,c5,1775,?,i2,
1769449656.0211027,FORWARDED,b81ac46b-d6f2-4ffc-b4e2-c9a67d8c10d8,8fbe2305-ca66-4ca8-b2bc-148a85cdc08f,c4,c5,1775,?,i2,
1769449656.057878,RECEIVED,b1930369-bb3b-4709-ab99-d995987f1885,548ed362-128c-4a37-9787-3722f4208845,c1,DROP,441,x3,?,
1769449656.1437194,RECEIVED,b9b22be3-fd05-40d9-a418-e03d5e13fd8f,d2e2d90b-cf90-4f33-82d6-fbeb0eaf99a7,c1,DROP,441,x3,?,
1769449656.2377858,RECEIVED,583014d0-e0e8-4ba4-a5f1-f95b1a18d946,2daa3896-4636-430c-9846-c01ffafc9b77,c1,DROP,441,x7,?,
1769449656.385158,RECEIVED,998f61aa-c43b-48f4-b66a-1191697fd2a1,297dced0-cac1-4f7f-9cfb-b15b19d110ef,c5,c4,2475,p2,?,
1769449656.4653244,RECEIVED,8d1d17c8-5c69-4441-8dfc-a8e6e5f89393,c9e36cc3-c00b-4656-b46a-b29ec6e464f3,c3,DROP,1443,p3,?,
1769449656.50973,RECEIVED,29a93ece-fc28-4c51-87a8-f3878262f325,09b3b7a8-c37a-488b-b93e-9daa64692d32,c5,DROP,1441,p2,?,
1769449656.5948224,RECEIVED,1eb3237c-2461-4c3b-9767-9afce574fecf,4b88d1ec-0357-4ae8-8c37-c33d13e2b699,c1,DROP,443,x12,?,
1769449656.6815057,RECEIVED,db3f8918-a962-40c2-8709-a2713ec71638,a8d8005e-a6f8-4df9-81f0-75ce28e6f23c,c2,DROP,1451,p2,?,
1769449656.8522017,RECEIVED,91c237b4-5b0f-415f-aa2e-999b92156022,b1e0989e-9af1-4573-8acf-4dae2d236787,c5,DROP,1443,p2,?,
1769449656.913657,SENT,29a93ece-fc28-4c51-87a8-f3878262f325,09b3b7a8-c37a-488b-b93e-9daa64692d32,c5,DROP,1008,?,i12,
1769449656.9136977,FORWARDED,29a93ece-fc28-4c51-87a8-f3878262f325,09b3b7a8-c37a-488b-b93e-9daa64692d32,c5,DROP,1008,?,i12,
1769449656.9164288,RECEIVED,e968b7b9-b627-4be6-85d0-6a4a34bb05f0,502b8a8d-4b76-476e-9a05-0698f60109e9,c4,DROP,1444,p1,?,
1769449656.9533575,SENT,91c237b4-5b0f-415f-aa2e-999b92156022,b1e0989e-9af1-4573-8acf-4dae2d236787,c5,DROP,1011,?,i7,
1769449656.9533992,FORWARDED,91c237b4-5b0f-415f-aa2e-999b92156022,b1e0989e-9af1-4573-8acf-4dae2d236787,c5,DROP,1011,?,i7,
1769449657.0791929,SENT,e968b7b9-b627-4be6-85d0-6a4a34bb05f0,502b8a8d-4b76-476e-9a05-0698f60109e9,c4,DROP,1009,?,i8,
1769449657.079234,FORWARDED,e968b7b9-b627-4be6-85d0-6a4a34bb05f0,502b8a8d-4b76-476e-9a05-0698f60109e9,c4,DROP,1009,?,i8,
1769449657.148035,SENT,db3f8918-a962-40c2-8709-a2713ec71638,a8d8005e-a6f8-4df9-81f0-75ce28e6f23c,c2,DROP,1015,?,i2,
1769449657.1490123,FORWARDED,db3f8918-a962-40c2-8709-a2713ec71638,a8d8005e-a6f8-4df9-81f0-75ce28e6f23c,c2,DROP,1015,?,i2,
1769449657.162467,SENT,8d1d17c8-5c69-4441-8dfc-a8e6e5f89393,c9e36cc3-c00b-4656-b46a-b29ec6e464f3,c3,DROP,1011,?,i8,
1769449657.1626792,FORWARDED,8d1d17c8-5c69-4441-8dfc-a8e6e5f89393,c9e36cc3-c00b-4656-b46a-b29ec6e464f3,c3,DROP,1011,?,i8,
1769449657.2848775,RECEIVED,e1429241-5bc0-4d4e-bf1c-ee34781b61dd,aab420ac-d795-498c-808d-e7c964199772,c5,DROP,441,x5,?,
1769449657.3925657,RECEIVED,36bd718d-8647-44ff-ac22-777e4989705b,dd2e4168-c813-4b87-af4d-fe03f5079b00,c3,DROP,1449,p3,?,
1769449657.464641,SENT,36bd718d-8647-44ff-ac22-777e4989705b,dd2e4168-c813-4b87-af4d-fe03f5079b00,c3,DROP,1012,?,i5,
1769449657.4646802,FORWARDED,36bd718d-8647-44ff-ac22-777e4989705b,dd2e4168-c813-4b87-af4d-fe03f5079b00,c3,DROP,1012,?,i5,
1769449657.6135252,RECEIVED,f9d7a49c-a4d2-4093-87e8-8cb588515726,4851a02e-2f46-493f-a64e-5bb24dcb4cf3,c4,DROP,1445,p1,?,
1769449657.6666627,SENT,f9d7a49c-a4d2-4093-87e8-8cb588515726,4851a02e-2f46-493f-a64e-5bb24dcb4cf3,c4,DROP,1011,?,i3,
1769449657.6667082,FORWARDED,f9d7a49c-a4d2-4093-87e8-8cb588515726,4851a02e-2f46-493f-a64e-5bb24dcb4cf3,c4,DROP,1011,?,i3,
1769449657.9364362,RECEIVED,0e20698f-ef64-4d55-9c84-2fc05ba2634a,8410f2ab-d285-4e22-b9a4-f8d125d2c36b,c2,DROP,1448,p2,?,
1769449657.9601471,RECEIVED,5ff887fd-f7e2-466d-aca2-d20df4ad147b,8a6006c3-78e5-46a2-8232-7fd02295eb1b,c4,DROP,1452,p1,?,
1769449658.0305188,SENT,0e20698f-ef64-4d55-9c84-2fc05ba2634a,8410f2ab-d285-4e22-b9a4-f8d125d2c36b,c2,DROP,1012,?,i2,
1769449658.030658,FORWARDED,0e20698f-ef64-4d55-9c84-2fc05ba2634a,8410f2ab-d285-4e22-b9a4-f8d125d2c36b,c2,DROP,1012,?,i2,
1769449658.0821412,SENT,5ff887fd-f7e2-466d-aca2-d20df4ad147b,8a6006c3-78e5-46a2-8232-7fd02295eb1b,c4,DROP,1015,?,i9,
1769449658.0821831,FORWARDED,5ff887fd-f7e2-466d-aca2-d20df4ad147b,8a6006c3-78e5-46a2-8232-7fd02295eb1b,c4,DROP,1015,?,i9,
1769449658.111773,RECEIVED,72581b2c-c06d-4b0e-9b43-6e3b603c00d4,a571f145-d20f-4ea5-bbde-9d8b5ae2d089,c5,DROP,1443,p2,?,
1769449658.154188,RECEIVED,a0b2ff10-172a-4eb4-a5eb-0752cafc49a3,b7c78f54-055e-43b9-a712-1cebfac2b863,c1,c3,2476,p1,?,
1769449658.2199159,RECEIVED,ab299cdc-ca7c-453a-9f32-11e66e656dfc,56e84cba-795b-4f0d-88a1-1842db4fc761,c5,DROP,1444,p2,?,
1769449658.3215518,RECEIVED,d6da8fe7-1592-4602-a614-2cf27ee671f5,8a98ac45-0e77-4690-87e3-a356dbecd81c,c3,DROP,441,x5,?,
1769449658.438584,RECEIVED,bf4fad31-a387-4866-95b3-c33016b4fbc4,721705d2-08b2-4e0d-b955-0578fa3106cb,c4,DROP,1455,p1,?,
1769449658.4906218,SENT,bf4fad31-a387-4866-95b3-c33016b4fbc4,721705d2-08b2-4e0d-b955-0578fa3106cb,c4,DROP,1015,?,i12,
1769449658.4906757,FORWARDED,bf4fad31-a387-4866-95b3-c33016b4fbc4,721705d2-08b2-4e0d-b955-0578fa3106cb,c4,DROP,1015,?,i12,
1769449658.4956062,SENT,a0b2ff10-172a-4eb4-a5eb-0752cafc49a3,b7c78f54-055e-43b9-a712-1cebfac2b863,c1,c3,1783,?,i3,
1769449658.4956493,FORWARDED,a0b2ff10-172a-4eb4-a5eb-0752cafc49a3,b7c78f54-055e-43b9-a712-1cebfac2b863,c1,c3,1783,?,i3,
1769449658.5415256,RECEIVED,82e1fead-d664-49f2-8e7f-baf5684434bf,c7e7cf91-c788-4115-a3b4-885dbbd875e7,c4,DROP,1443,p1,?,
1769449658.7658694,SENT,ab299cdc-ca7c-453a-9f32-11e66e656dfc,56e84cba-795b-4f0d-88a1-1842db4fc761,c5,DROP,1009,?,i11,
1769449658.76591,FORWARDED,ab299cdc-ca7c-453a-9f32-11e66e656dfc,56e84cba-795b-4f0d-88a1-1842db4fc761,c5,DROP,1009,?,i11,
1769449658.8697693,SENT,72581b2c-c06d-4b0e-9b43-6e3b603c00d4,a571f145-d20f-4ea5-bbde-9d8b5ae2d089,c5,DROP,1011,?,i7,
1769449658.8698127,FORWARDED,72581b2c-c06d-4b0e-9b43-6e3b603c00d4,a571f145-d20f-4ea5-bbde-9d8b5ae2d089,c5,DROP,1011,?,i7,
1769449658.9316423,RECEIVED,6e0d3fec-74fa-4b53-b315-c9aa7f33ac39,19954a2c-ebc2-4eb1-b5b9-a5277eb6353e,c1,c3,2462,p1,?,
1769449658.972944,RECEIVED,7dfe1adf-3b29-47af-8dc1-38695a61fa26,d276e788-2acb-4107-a0fd-0039faf42fce,c5,c4,2471,p2,?,
1769449659.1479344,RECEIVED,302ab90b-37b7-4a25-993b-b93758da4928,31f6ab09-e6c0-4410-ae37-bd7b778c9972,c2,DROP,1452,p2,?,
1769449659.1641884,RECEIVED,24011d61-3d7f-47b7-8a92-0715bfc5f2ea,f27ed2e7-3e41-441e-a1ae-47eb57f64108,c2,DROP,1445,p2,?,
1769449659.2060037,RECEIVED,61e20bcb-cea0-49fe-a890-f1bd9f78487d,f6795305-d5f9-44a8-aed4-8eb31df35691,c1,c3,2448,p1,?,
1769449659.2575896,RECEIVED,a3654e2a-7900-4612-96c3-745874c5f16e,8385f66b-f982-44e2-8b3c-7c6e4b26c6d6,c1,c3,2465,p1,?,
1769449659.267182,SENT,82e1fead-d664-49f2-8e7f-baf5684434bf,c7e7cf91-c788-4115-a3b4-885dbbd875e7,c4,DROP,1009,?,i4,
1769449659.2672257,FORWARDED,82e1fead-d664-49f2-8e7f-baf5684434bf,c7e7cf91-c788-4115-a3b4-885dbbd875e7,c4,DROP,1009,?,i4,
1769449659.278811,SENT,a3654e2a-7900-4612-96c3-745874c5f16e,8385f66b-f982-44e2-8b3c-7c6e4b26c6d6,c1,c3,1775,?,i5,
1769449659.2788544,FORWARDED,a3654e2a-7900-4612-96c3-745874c5f16e,8385f66b-f982-44e2-8b3c-7c6e4b26c6d6,c1,c3,1775,?,i5,
1769449659.2818038,SENT,6e0d3fec-74fa-4b53-b315-c9aa7f33ac39,19954a2c-ebc2-4eb1-b5b9-a5277eb6353e,c1,c3,1775,?,i4,
1769449659.281845,FORWARDED,6e0d3fec-74fa-4b53-b315-c9aa7f33ac39,19954a2c-ebc2-4eb1-b5b9-a5277eb6353e,c1,c3,1775,?,i4,
1769449659.3503447,SENT,24011d61-3d7f-47b7-8a92-0715bfc5f2ea,f27ed2e7-3e41-441e-a1ae-47eb57f64108,c2,DROP,1009,?,i12,
1769449659.3503854,FORWARDED,24011d61-3d7f-47b7-8a92-0715bfc5f2ea,f27ed2e7-3e41-441e-a1ae-47eb57f64108,c2,DROP,1009,?,i12,
1769449659.3996823,SENT,7dfe1adf-3b29-47af-8dc1-38695a61fa26,d276e788-2acb-4107-a0fd-0039faf42fce,c5,c4,1780,?,i6,
1769449659.399723,FORWARDED,7dfe1adf-3b29-47af-8dc1-38695a61fa26,d276e788-2acb-4107-a0fd-0039faf42fce,c5,c4,1780,?,i6,
1769449659.504715,SENT,61e20bcb-cea0-49fe-a890-f1bd9f78487d,f6795305-d5f9-44a8-aed4-8eb31df35691,c1,c3,1763,?,i8,
1769449659.5047514,FORWARDED,61e20bcb-cea0-49fe-a890-f1bd9f78487d,f6795305-d5f9-44a8-aed4-8eb31df35691,c1,c3,1763,?,i8,
1769449659.678223,RECEIVED,979e2d17-4ca8-4ad3-8f89-1b1e8f8b1031,121243d2-9b01-4b6b-92a3-c4560353c39e,c2,c1,2446,p2,?,
1769449659.797025,SENT,998f61aa-c43b-48f4-b66a-1191697fd2a1,297dced0-cac1-4f7f-9cfb-b15b19d110ef,c5,c4,1784,?,i11,
1769449659.7974653,FORWARDED,998f61aa-c43b-48f4-b66a-1191697fd2a1,297dced0-cac1-4f7f-9cfb-b15b19d110ef,c5,c4,1784,?,i11,
1769449659.84402,RECEIVED,387a2467-756e-4de0-b130-0eee5b1fe004,91e09421-868a-41f7-a960-8582b66c1b06,c1,c3,2459,p1,?,
1769449659.9054606,SENT,302ab90b-37b7-4a25-993b-b93758da4928,31f6ab09-e6c0-4410-ae37-bd7b778c9972,c2,DROP,1015,?,i12,
1769449659.9055026,FORWARDED,302ab90b-37b7-4a25-993b-b93758da4928,31f6ab09-e6c0-4410-ae37-bd7b778c9972,c2,DROP,1015,?,i12,
1769449659.9450848,RECEIVED,9c6355f0-fb06-43e9-8521-df6bf2bde270,3949a4d5-a1ea-4ec2-9cc2-a0bbf2cb4413,c4,DROP,1444,p1,?,
1769449660.2131515,RECEIVED,32753fca-3ec6-49a6-9632-b404deb67487,8f1948d0-5c7a-4233-848c-3293c1d71262,c2,DROP,1451,p2,?,
1769449660.218176,SENT,387a2467-756e-4de0-b130-0eee5b1fe004,91e09421-868a-41f7-a960-8582b66c1b06,c1,c3,1771,?,i5,
1769449660.218217,FORWARDED,387a2467-756e-4de0-b130-0eee5b1fe004,91e09421-868a-41f7-a960-8582b66c1b06,c1,c3,1771,?,i5,
1769449660.676735,SENT,32753fca-3ec6-49a6-9632-b404deb67487,8f1948d0-5c7a-4233-848c-3293c1d71262,c2,DROP,1016,?,i6,
1769449660.6767778,FORWARDED,32753fca-3ec6-49a6-9632-b404deb67487,8f1948d0-5c7a-4233-848c-3293c1d71262,c2,DROP,1016,?,i6,
1769449660.7563732,RECEIVED,1695e9b8-8056-43ab-80b6-0df4161097f0,14e0d0fd-1b5f-4e4f-83f5-2c99ebb76b13,c2,DROP,1451,p2,?,
1769449661.143188,RECEIVED,ed277a88-b917-4f6e-88c7-e7a201b98f6a,9fa89162-47a1-4fd4-8269-6513aaa38b41,c2,DROP,1445,p2,?,
1769449661.1907954,SENT,ed277a88-b917-4f6e-88c7-e7a201b98f6a,9fa89162-47a1-4fd4-8269-6513aaa38b41,c2,DROP,1011,?,i7,
1769449661.1908364,FORWARDED,ed277a88-b917-4f6e-88c7-e7a201b98f6a,9fa89162-47a1-4fd4-8269-6513aaa38b41,c2,DROP,1011,?,i7,
1769449661.1947641,RECEIVED,e90c4d18-6d8d-482a-a5f6-f871d750a34a,0ad2756b-4b23-4cab-81e2-bc4e21f6704f,c5,DROP,1449,p2,?,
1769449661.2463598,RECEIVED,449816e0-3374-4ed6-94d0-7011029cb905,e6006578-6ccb-4032-bf6b-6cb5010cf5ca,c1,DROP,1444,p1,?,
1769449661.293735,SENT,e90c4d18-6d8d-482a-a5f6-f871d750a34a,0ad2756b-4b23-4cab-81e2-bc4e21f6704f,c5,DROP,1012,?,i5,
1769449661.2937715,FORWARDED,e90c4d18-6d8d-482a-a5f6-f871d750a34a,0ad2756b-4b23-4cab-81e2-bc4e21f6704f,c5,DROP,1012,?,i5,
1769449661.296534,SENT,449816e0-3374-4ed6-94d0-7011029cb905,e6006578-6ccb-4032-bf6b-6cb5010cf5ca,c1,DROP,1011,?,i5,
1769449661.296569,FORWARDED,449816e0-3374-4ed6-94d0-7011029cb905,e6006578-6ccb-4032-bf6b-6cb5010cf5ca,c1,DROP,1011,?,i5,
1769449661.3638868,SENT,1695e9b8-8056-43ab-80b6-0df4161097f0,14e0d0fd-1b5f-4e4f-83f5-2c99ebb76b13,c2,DROP,1016,?,i6,
1769449661.3639276,FORWARDED,1695e9b8-8056-43ab-80b6-0df4161097f0,14e0d0fd-1b5f-4e4f-83f5-2c99ebb76b13,c2,DROP,1016,?,i6,
1769449661.4845862,RECEIVED,fbd5ad50-6069-47ce-a83b-f7fce0d22b1b,e8bc24b4-66bb-4d91-be2b-2eb5bd415719,c1,DROP,441,x1,?,
1769449661.4867346,RECEIVED,b21dd82e-084b-4af8-b141-aa4390113478,d73ba52a-65bc-4f72-85eb-b9d535bb5d1c,c1,DROP,1439,p1,?,
1769449661.5098915,RECEIVED,5efdd985-e93c-409b-9755-7b53153fd44a,22e48730-f57b-48ec-b489-ce0528c48c3d,c5,c4,2472,p2,?,
1769449661.5569487,RECEIVED,73973cab-f203-475f-b5ab-e8de55fb2db4,24d0762f-27cf-405e-9d59-69a11208cd86,c3,c5,2463,p3,?,
1769449661.8536234,RECEIVED,62c06b78-2d32-452e-835f-f81a0a80db72,02b6dcbd-5dc8-4c19-8708-92b687814e0b,c3,DROP,441,x9,?,
1769449661.9469464,SENT,b21dd82e-084b-4af8-b141-aa4390113478,d73ba52a-65bc-4f72-85eb-b9d535bb5d1c,c1,DROP,1008,?,i4,
1769449661.9469876,FORWARDED,b21dd82e-084b-4af8-b141-aa4390113478,d73ba52a-65bc-4f72-85eb-b9d535bb5d1c,c1,DROP,1008,?,i4,
1769449661.972536,SENT,979e2d17-4ca8-4ad3-8f89-1b1e8f8b1031,121243d2-9b01-4b6b-92a3-c4560353c39e,c2,c1,1763,?,i2,
1769449661.9725773,FORWARDED,979e2d17-4ca8-4ad3-8f89-1b1e8f8b1031,121243d2-9b01-4b6b-92a3-c4560353c39e,c2,c1,1763,?,i2,
1769449662.0212665,SENT,5efdd985-e93c-409b-9755-7b53153fd44a,22e48730-f57b-48ec-b489-ce0528c48c3d,c5,c4,1780,?,i11,
1769449662.0213075,FORWARDED,5efdd985-e93c-409b-9755-7b53153fd44a,22e48730-f57b-48ec-b489-ce0528c48c3d,c5,c4,1780,?,i11,
1769449662.067733,SENT,9c6355f0-fb06-43e9-8521-df6bf2bde270,3949a4d5-a1ea-4ec2-9cc2-a0bbf2cb4413,c4,DROP,1011,?,i11,
1769449662.0677788,FORWARDED,9c6355f0-fb06-43e9-8521-df6bf2bde270,3949a4d5-a1ea-4ec2-9cc2-a0bbf2cb4413,c4,DROP,1011,?,i11,
1769449662.320413,RECEIVED,85b395a0-f715-4a4b-b80c-96bd5df5689e,b672322c-0617-43ab-9c70-b14bfd733dae,c5,c4,2458,p2,?,
1769449662.376715,SENT,73973cab-f203-475f-b5ab-e8de55fb2db4,24d0762f-27cf-405e-9d59-69a11208cd86,c3,c5,1774,?,i9,
1769449662.3767529,FORWARDED,73973cab-f203-475f-b5ab-e8de55fb2db4,24d0762f-27cf-405e-9d59-69a11208cd86,c3,c5,1774,?,i9,
1769449662.7113423,RECEIVED,d19b8b7b-2175-42bc-929a-f18bc0d659bb,b29fdf0f-c520-4bfb-ae93-83f0a325c853,c1,DROP,1451,p1,?,
1769449663.019352,RECEIVED,d6aeec16-d0e1-4569-a870-520d94d61988,f39f446c-80bb-45bf-9a55-d8081cebc50f,c4,c5,2476,p1,?,
1769449663.216421,SENT,d19b8b7b-2175-42bc-929a-f18bc0d659bb,b29fdf0f-c520-4bfb-ae93-83f0a325c853,c1,DROP,1016,?,i4,
1769449663.2164629,FORWARDED,d19b8b7b-2175-42bc-929a-f18bc0d659bb,b29fdf0f-c520-4bfb-ae93-83f0a325c853,c1,DROP,1016,?,i4,
1769449663.3437452,SENT,85b395a0-f715-4a4b-b80c-96bd5df5689e,b672322c-0617-43ab-9c70-b14bfd733dae,c5,c4,1771,?,i1,
1769449663.3437889,FORWARDED,85b395a0-f715-4a4b-b80c-96bd5df5689e,b672322c-0617-43ab-9c70-b14bfd733dae,c5,c4,1771,?,i1,
1769449663.5067062,RECEIVED,d4fc8cf8-c565-42d2-99db-8d6e44b2def0,49dfc8a7-6f62-4a6d-8fde-ef6585801b91,c2,c1,2459,p2,?,
1769449663.6209664,SENT,d4fc8cf8-c565-42d2-99db-8d6e44b2def0,49dfc8a7-6f62-4a6d-8fde-ef6585801b91,c2,c1,1773,?,i11,
1769449663.6210055,FORWARDED,d4fc8cf8-c565-42d2-99db-8d6e44b2def0,49dfc8a7-6f62-4a6d-8fde-ef6585801b91,c2,c1,1773,?,i11,
1769449663.7021742,SENT,d6aeec16-d0e1-4569-a870-520d94d61988,f39f446c-80bb-45bf-9a55-d8081cebc50f,c4,c5,1784,?,i10,
1769449663.7022164,FORWARDED,d6aeec16-d0e1-4569-a870-520d94d61988,f39f446c-80bb-45bf-9a55-d8081cebc50f,c4,c5,1784,?,i10,
1769449663.959269,RECEIVED,ab135150-09e8-4c5a-a638-6137bf7ce589,c519262d-2674-4546-abaf-acbb6704c24b,c1,c3,2463,p1,?,
1769449663.9815776,RECEIVED,7d0ac084-792c-4b01-9094-4eebc5b9b0b3,5c98160c-dda7-4ae4-a8b3-4a56cec64ea6,c2,c1,2479,p2,?,
1769449664.0094929,RECEIVED,549713b2-491d-4da3-9b1f-41390b797d4c,9e8b4151-8ed4-4332-b6a7-16b480e863a8,c1,c3,2461,p1,?,
1769449664.0548692,RECEIVED,c3da5a7d-5fb7-4290-ab18-d3e476134a1a,25324bd2-2976-40e0-bfc1-b43b030beee4,c1,DROP,1439,p1,?,
1769449664.0678275,SENT,549713b2-491d-4da3-9b1f-41390b797d4c,9e8b4151-8ed4-4332-b6a7-16b480e863a8,c1,c3,1772,?,i5,
1769449664.067872,FORWARDED,549713b2-491d-4da3-9b1f-41390b797d4c,9e8b4151-8ed4-4332-b6a7-16b480e863a8,c1,c3,1772,?,i5,
1769449664.1199806,RECEIVED,03bd5e9a-073f-4fee-b95c-1ffe90b34f18,5b59b840-7a8e-437e-9eb6-65026a360073,c2,DROP,1440,p2,?,
1769449664.1533265,SENT,c3da5a7d-5fb7-4290-ab18-d3e476134a1a,25324bd2-2976-40e0-bfc1-b43b030beee4,c1,DROP,1007,?,i7,
1769449664.1539187,FORWARDED,c3da5a7d-5fb7-4290-ab18-d3e476134a1a,25324bd2-2976-40e0-bfc1-b43b030beee4,c1,DROP,1007,?,i7,
1769449664.1754353,SENT,03bd5e9a-073f-4fee-b95c-1ffe90b34f18,5b59b840-7a8e-437e-9eb6-65026a360073,c2,DROP,1007,?,i9,
1769449664.1754777,FORWARDED,03bd5e9a-073f-4fee-b95c-1ffe90b34f18,5b59b840-7a8e-437e-9eb6-65026a360073,c2,DROP,1007,?,i9,
1769449664.2609687,RECEIVED,16d9dc35-5750-48b0-9775-508eed53e23f,a5226b23-1629-42d6-924f-3905684347a2,c5,c4,2459,p2,?,
1769449664.2799764,RECEIVED,5fbb36f9-ca05-4a5d-9803-a4d324476477,2f1cdb97-dae3-4fa1-8189-0dc134678fb8,c4,c5,2454,p1,?,
1769449664.329328,RECEIVED,e0c61a0e-4d0d-4cfd-ad29-d3daf92e648e,bb5f39ad-6c00-4ad1-9d78-bcfb1ee710ec,c4,DROP,445,x11,?,
1769449664.3421957,RECEIVED,7c27c3d4-deaa-43cd-b671-2c756c492082,dd762355-be0a-414d-b8a8-396fe4c8b2cf,c3,c5,2451,p3,?,
1769449664.5161166,SENT,7d0ac084-792c-4b01-9094-4eebc5b9b0b3,5c98160c-dda7-4ae4-a8b3-4a56cec64ea6,c2,c1,1786,?,i5,
1769449664.5161586,FORWARDED,7d0ac084-792c-4b01-9094-4eebc5b9b0b3,5c98160c-dda7-4ae4-a8b3-4a56cec64ea6,c2,c1,1786,?,i5,
1769449664.5694761,RECEIVED,b12a96ac-e07b-4ca9-ac33-040c28950c4f,1bdbe92b-056e-4b5b-a6ec-976753774898,c4,c5,2461,p1,?,
1769449664.6465948,RECEIVED,48b1df22-707c-4575-ba92-15653c7d0a2f,21a59b4e-1ca3-4520-892b-916ef2d6c1e1,c1,DROP,1442,p1,?,
1769449664.8052764,SENT,ab135150-09e8-4c5a-a638-6137bf7ce589,c519262d-2674-4546-abaf-acbb6704c24b,c1,c3,1776,?,i9,
1769449664.805319,FORWARDED,ab135150-09e8-4c5a-a638-6137bf7ce589,c519262d-2674-4546-abaf-acbb6704c24b,c1,c3,1776,?,i9,
1769449664.8061404,RECEIVED,daf2ff19-11be-4229-9d78-0454a901e82d,9a1d222a-a664-4ea4-b961-db2e533699c7,c2,DROP,1439,p2,?,
1769449664.8287468,SENT,b12a96ac-e07b-4ca9-ac33-040c28950c4f,1bdbe92b-056e-4b5b-a6ec-976753774898,c4,c5,1772,?,i11,
1769449664.8287885,FORWARDED,b12a96ac-e07b-4ca9-ac33-040c28950c4f,1bdbe92b-056e-4b5b-a6ec-976753774898,c4,c5,1772,?,i11,
1769449664.9175358,SENT,16d9dc35-5750-48b0-9775-508eed53e23f,a5226b23-1629-42d6-924f-3905684347a2,c5,c4,1771,?,i9,
1769449664.9175751,FORWARDED,16d9dc35-5750-48b0-9775-508eed53e23f,a5226b23-1629-42d6-924f-3905684347a2,c5,c4,1771,?,i9,
1769449664.936543,RECEIVED,afd72182-aff8-4ff7-8065-b103b299015f,227efc94-19b2-4f60-aade-85769f8f72de,c2,DROP,1444,p2,?,
1769449664.9821496,RECEIVED,b2a4deb1-be8f-45eb-9f09-7192d3d2e837,7b7eeeba-cdd6-403d-bf0e-bb8eee8fa504,c1,DROP,1435,p1,?,
1769449665.0191941,SENT,afd72182-aff8-4ff7-8065-b103b299015f,227efc94-19b2-4f60-aade-85769f8f72de,c2,DROP,1011,?,i4,
1769449665.019412,FORWARDED,afd72182-aff8-4ff7-8065-b103b299015f,227efc94-19b2-4f60-aade-85769f8f72de,c2,DROP,1011,?,i4,
1769449665.0765476,RECEIVED,510f1cf2-a1db-4cad-83ab-430322aa7864,9adccc63-9e19-45f8-abbf-14d1093224b9,c3,c5,2465,p3,?,
1769449665.1118712,SENT,5fbb36f9-ca05-4a5d-9803-a4d324476477,2f1cdb97-dae3-4fa1-8189-0dc134678fb8,c4,c5,1768,?,i4,
1769449665.1119106,FORWARDED,5fbb36f9-ca05-4a5d-9803-a4d324476477,2f1cdb97-dae3-4fa1-8189-0dc134678fb8,c4,c5,1768,?,i4,
1769449665.1327357,SENT,7c27c3d4-deaa-43cd-b671-2c756c492082,dd762355-be0a-414d-b8a8-396fe4c8b2cf,c3,c5,1765,?,i2,
1769449665.1327765,FORWARDED,7c27c3d4-deaa-43cd-b671-2c756c492082,dd762355-be0a-414d-b8a8-396fe4c8b2cf,c3,c5,1765,?,i2,
1769449665.1417978,SENT,510f1cf2-a1db-4cad-83ab-430322aa7864,9adccc63-9e19-45f8-abbf-14d1093224b9,c3,c5,1775,?,i4,
1769449665.1418407,FORWARDED,510f1cf2-a1db-4cad-83ab-430322aa7864,9adccc63-9e19-45f8-abbf-14d1093224b9,c3,c5,1775,?,i4,
1769449665.1865082,SENT,daf2ff19-11be-4229-9d78-0454a901e82d,9a1d222a-a664-4ea4-b961-db2e533699c7,c2,DROP,1008,?,i9,
1769449665.186551,FORWARDED,daf2ff19-11be-4229-9d78-0454a901e82d,9a1d222a-a664-4ea4-b961-db2e533699c7,c2,DROP,1008,?,i9,
1769449665.4068215,RECEIVED,125af131-6f40-410a-8a57-49bc1d4d0583,2f5c6229-8fd4-4e84-bc67-980bf9243570,c2,DROP,1445,p2,?,
1769449665.5858722,SENT,125af131-6f40-410a-8a57-49bc1d4d0583,2f5c6229-8fd4-4e84-bc67-980bf9243570,c2,DROP,1009,?,i10,
1769449665.5859158,FORWARDED,125af131-6f40-410a-8a57-49bc1d4d0583,2f5c6229-8fd4-4e84-bc67-980bf9243570,c2,DROP,1009,?,i10,
1769449665.6729941,RECEIVED,febb5776-f3e2-41d1-b183-62ce850f34e3,9c19cbc9-8d28-4377-8831-75270309bf27,c3,c5,2455,p3,?,
1769449665.7502964,SENT,48b1df22-707c-4575-ba92-15653c7d0a2f,21a59b4e-1ca3-4520-892b-916ef2d6c1e1,c1,DROP,1011,?,i5,
1769449665.7503378,FORWARDED,48b1df22-707c-4575-ba92-15653c7d0a2f,21a59b4e-1ca3-4520-892b-916ef2d6c1e1,c1,DROP,1011,?,i5,
1769449666.1327908,RECEIVED,aa22f702-aa3e-4add-84f4-23243a35fb20,0ebde272-56c5-4090-a10c-6ad64747a588,c4,c5,2475,p1,?,
1769449666.1546717,RECEIVED,7cf6b9e6-0ac6-4024-80de-8fa62ecefa78,df1e2f26-f409-4562-a321-7978a08c9a7b,c5,DROP,1452,p2,?,
1769449666.2454774,RECEIVED,9a5fcdd9-9861-411d-b548-90d987c01478,d423666f-4c90-4c54-85a8-ed3ffdd0d70c,c4,c5,2475,p1,?,
1769449666.2680058,RECEIVED,1a9807d9-0a70-48b0-8a20-eed1801af01f,8cf7edde-7c1f-4305-9b02-a9bd303d9f4a,c3,c5,2463,p3,?,
1769449666.328395,RECEIVED,38dac45b-2aba-4d86-9c5b-9ef1b02e6ca5,0176242b-a766-469a-9613-015630cda38d,c2,DROP,1439,p2,?,
1769449666.3437433,SENT,febb5776-f3e2-41d1-b183-62ce850f34e3,9c19cbc9-8d28-4377-8831-75270309bf27,c3,c5,1768,?,i3,
1769449666.3437836,FORWARDED,febb5776-f3e2-41d1-b183-62ce850f34e3,9c19cbc9-8d28-4377-8831-75270309bf27,c3,c5,1768,?,i3,
1769449666.3507397,RECEIVED,d5d3a1ca-e435-4127-810b-54a3358ff8c3,6e43ac6b-fff6-4a25-9b58-cc1a522c5e88,c4,DROP,1451,p1,?,
1769449666.3597875,SENT,b2a4deb1-be8f-45eb-9f09-7192d3d2e837,7b7eeeba-cdd6-403d-bf0e-bb8eee8fa504,c1,DROP,1003,?,i7,
1769449666.359829,FORWARDED,b2a4deb1-be8f-45eb-9f09-7192d3d2e837,7b7eeeba-cdd6-403d-bf0e-bb8eee8fa504,c1,DROP,1003,?,i7,
1769449666.425236,SENT,d5d3a1ca-e435-4127-810b-54a3358ff8c3,6e43ac6b-fff6-4a25-9b58-cc1a522c5e88,c4,DROP,1015,?,i6,
1769449666.425278,FORWARDED,d5d3a1ca-e435-4127-810b-54a3358ff8c3,6e43ac6b-fff6-4a25-9b58-cc1a522c5e88,c4,DROP,1015,?,i6,
1769449666.4349668,SENT,7cf6b9e6-0ac6-4024-80de-8fa62ecefa78,df1e2f26-f409-4562-a321-7978a08c9a7b,c5,DROP,1016,?,i9,
1769449666.435011,FORWARDED,7cf6b9e6-0ac6-4024-80de-8fa62ecefa78,df1e2f26-f409-4562-a321-7978a08c9a7b,c5,DROP,1016,?,i9,
1769449666.4578784,RECEIVED,cf79ecc4-4564-422c-a6e6-bcbda200b10a,70391572-ebe9-4026-bf27-ea853115489f,c2,DROP,1439,p2,?,
1769449666.6048124,RECEIVED,a8aff5b8-5fc3-4004-b03c-e00a26196e9b,5ef143ff-e3ca-4dd5-baa5-c4b1dceb0b40,c1,DROP,1439,p1,?,
1769449666.716753,SENT,38dac45b-2aba-4d86-9c5b-9ef1b02e6ca5,0176242b-a766-469a-9613-015630cda38d,c2,DROP,1007,?,i4,
1769449666.716796,FORWARDED,38dac45b-2aba-4d86-9c5b-9ef1b02e6ca5,0176242b-a766-469a-9613-015630cda38d,c2,DROP,1007,?,i4,
1769449666.7786624,SENT,1a9807d9-0a70-48b0-8a20-eed1801af01f,8cf7edde-7c1f-4305-9b02-a9bd303d9f4a,c3,c5,1776,?,i6,
1769449666.7787037,FORWARDED,1a9807d9-0a70-48b0-8a20-eed1801af01f,8cf7edde-7c1f-4305-9b02-a9bd303d9f4a,c3,c5,1776,?,i6,
1769449667.0561824,SENT,9a5fcdd9-9861-411d-b548-90d987c01478,d423666f-4c90-4c54-85a8-ed3ffdd0d70c,c4,c5,1784,?,i7,
1769449667.0562236,FORWARDED,9a5fcdd9-9861-411d-b548-90d987c01478,d423666f-4c90-4c54-85a8-ed3ffdd0d70c,c4,c5,1784,?,i7,
1769449667.2009299,SENT,aa22f702-aa3e-4add-84f4-23243a35fb20,0ebde272-56c5-4090-a10c-6ad64747a588,c4,c5,1783,?,i7,
1769449667.2009704,FORWARDED,aa22f702-aa3e-4add-84f4-23243a35fb20,0ebde272-56c5-4090-a10c-6ad64747a588,c4,c5,1783,?,i7,
1769449667.6545212,RECEIVED,bac41e9f-a626-43f2-9ec8-19d35ae803f3,96c9a114-ef28-443a-b812-af1b9e3f10a2,c4,c5,2476,p1,?,
1769449667.8580236,RECEIVED,ddb2e183-516f-4804-be30-6f5ca09a8e63,03cac9d9-01e1-43ab-b41c-6696cd39eb7a,c1,DROP,1453,p1,?,
1769449667.9030306,SENT,ddb2e183-516f-4804-be30-6f5ca09a8e63,03cac9d9-01e1-43ab-b41c-6696cd39eb7a,c1,DROP,1015,?,i4,
1769449667.903257,FORWARDED,ddb2e183-516f-4804-be30-6f5ca09a8e63,03cac9d9-01e1-43ab-b41c-6696cd39eb7a,c1,DROP,1015,?,i4,
1769449667.9285247,SENT,cf79ecc4-4564-422c-a6e6-bcbda200b10a,70391572-ebe9-4026-bf27-ea853115489f,c2,DROP,1007,?,i11,
1769449667.9285667,FORWARDED,cf79ecc4-4564-422c-a6e6-bcbda200b10a,70391572-ebe9-4026-bf27-ea853115489f,c2,DROP,1007,?,i11,
1769449668.0682774,SENT,a8aff5b8-5fc3-4004-b03c-e00a26196e9b,5ef143ff-e3ca-4dd5-baa5-c4b1dceb0b40,c1,DROP,1008,?,i7,
1769449668.0683184,FORWARDED,a8aff5b8-5fc3-4004-b03c-e00a26196e9b,5ef143ff-e3ca-4dd5-baa5-c4b1dceb0b40,c1,DROP,1008,?,i7,
1769449668.0946555,RECEIVED,4a7629be-ee58-425c-a4d6-3c589c3f1295,866ae707-f625-40cb-bd56-ca09ce00919f,c1,c3,2469,p1,?,
1769449668.2992346,SENT,4a7629be-ee58-425c-a4d6-3c589c3f1295,866ae707-f625-40cb-bd56-ca09ce00919f,c1,c3,1779,?,i11,
1769449668.2992744,FORWARDED,4a7629be-ee58-425c-a4d6-3c589c3f1295,866ae707-f625-40cb-bd56-ca09ce00919f,c1,c3,1779,?,i11,
1769449668.4410012,SENT,bac41e9f-a626-43f2-9ec8-19d35ae803f3,96c9a114-ef28-443a-b812-af1b9e3f10a2,c4,c5,1784,?,i11,
1769449668.4410443,FORWARDED,bac41e9f-a626-43f2-9ec8-19d35ae803f3,96c9a114-ef28-443a-b812-af1b9e3f10a2,c4,c5,1784,?,i11,
1769449668.5210166,RECEIVED,7ba8b5e3-9153-4e4d-80b7-806dd86e76ee,42b08506-6724-4106-82a1-b08bbf1daad3,c4,c5,2463,p1,?,
1769449668.702799,RECEIVED,f70cf419-83c4-4482-9d8e-43c64e08cd7c,39f2b48b-7a10-43d7-99bb-61e7530f9fbd,c2,DROP,1440,p2,?,
1769449668.7920978,SENT,f70cf419-83c4-4482-9d8e-43c64e08cd7c,39f2b48b-7a10-43d7-99bb-61e7530f9fbd,c2,DROP,1008,?,i1,
1769449668.7921422,FORWARDED,f70cf419-83c4-4482-9d8e-43c64e08cd7c,39f2b48b-7a10-43d7-99bb-61e7530f9fbd,c2,DROP,1008,?,i1,
1769449668.8260214,RECEIVED,9d4b5915-8c05-4fab-b655-f9917c820bb0,f246910a-5720-4321-a970-bc4b41144a27,c5,c4,2475,p2,?,
1769449668.8874,RECEIVED,1d5bced7-3475-4357-b634-7ec948991541,09d7dd48-48ea-4001-a7de-2b12a5ca7fed,c3,DROP,1446,p3,?,
1769449668.8952816,SENT,1d5bced7-3475-4357-b634-7ec948991541,09d7dd48-48ea-4001-a7de-2b12a5ca7fed,c3,DROP,1010,?,i7,
1769449668.8953218,FORWARDED,1d5bced7-3475-4357-b634-7ec948991541,09d7dd48-48ea-4001-a7de-2b12a5ca7fed,c3,DROP,1010,?,i7,
1769449668.9653342,RECEIVED,9e9f6a6d-3aa4-4ff5-a56a-6d16fc9b0b2c,a1941381-5b64-41c1-8100-a0e5a4325e0e,c5,DROP,1440,p2,?,
1769449669.0184174,RECEIVED,5d36aa12-8640-4263-81ea-bd01c514b9c2,88ac4362-bba0-4b23-bf2c-46ab04210719,c4,c5,2471,p1,?,
1769449669.085072,RECEIVED,48075255-0491-4924-8e4b-b4d341c3498e,bbc600ee-b72c-431f-8e4d-880249990570,c4,DROP,441,x9,?,
1769449669.1270812,RECEIVED,8771daee-2456-4425-9057-6129025c4408,c95233cf-15f6-47e9-893d-e0f64876e3fb,c3,DROP,446,x12,?,
1769449669.1742687,SENT,9e9f6a6d-3aa4-4ff5-a56a-6d16fc9b0b2c,a1941381-5b64-41c1-8100-a0e5a4325e0e,c5,DROP,1007,?,i1,
1769449669.1743958,FORWARDED,9e9f6a6d-3aa4-4ff5-a56a-6d16fc9b0b2c,a1941381-5b64-41c1-8100-a0e5a4325e0e,c5,DROP,1007,?,i1,
1769449669.3711371,SENT,5d36aa12-8640-4263-81ea-bd01c514b9c2,88ac4362-bba0-4b23-bf2c-46ab04210719,c4,c5,1780,?,i4,
1769449669.3711789,FORWARDED,5d36aa12-8640-4263-81ea-bd01c514b9c2,88ac4362-bba0-4b23-bf2c-46ab04210719,c4,c5,1780,?,i4,
1769449669.376304,RECEIVED,18003c01-fea8-487e-a280-eccccde2aa4b,ef2af8ed-e174-4265-ad9f-4cd38d293cb3,c1,DROP,1451,p1,?,
1769449669.3952928,RECEIVED,13767922-1b15-4c60-b240-0335ae18bfac,2938ea84-8026-45fd-a5ca-e8ed7aa32927,c4,c5,2448,p1,?,
1769449669.4825857,SENT,7ba8b5e3-9153-4e4d-80b7-806dd86e76ee,42b08506-6724-4106-82a1-b08bbf1daad3,c4,c5,1776,?,i6,
1769449669.4826257,FORWARDED,7ba8b5e3-9153-4e4d-80b7-806dd86e76ee,42b08506-6724-4106-82a1-b08bbf1daad3,c4,c5,1776,?,i6,
1769449669.5191562,RECEIVED,e4b6f9f2-489f-4b25-921b-13f68bd79859,83a3f055-6b88-477e-a78b-eaebfb14b85d,c1,DROP,1438,p1,?,
1769449669.624713,SENT,9d4b5915-8c05-4fab-b655-f9917c820bb0,f246910a-5720-4321-a970-bc4b41144a27,c5,c4,1783,?,i1,
1769449669.6247668,FORWARDED,9d4b5915-8c05-4fab-b655-f9917c820bb0,f246910a-5720-4321-a970-bc4b41144a27,c5,c4,1783,?,i1,
1769449669.7973652,SENT,13767922-1b15-4c60-b240-0335ae18bfac,2938ea84-8026-45fd-a5ca-e8ed7aa32927,c4,c5,1764,?,i6,
1769449669.7974088,FORWARDED,13767922-1b15-4c60-b240-0335ae18bfac,2938ea84-8026-45fd-a5ca-e8ed7aa32927,c4,c5,1764,?,i6,
1769449670.0690024,SENT,e4b6f9f2-489f-4b25-921b-13f68bd79859,83a3f055-6b88-477e-a78b-eaebfb14b85d,c1,DROP,1008,?,i8,
1769449670.069061,FORWARDED,e4b6f9f2-489f-4b25-921b-13f68bd79859,83a3f055-6b88-477e-a78b-eaebfb14b85d,c1,DROP,1008,?,i8,
1769449670.1893127,SENT,18003c01-fea8-487e-a280-eccccde2aa4b,ef2af8ed-e174-4265-ad9f-4cd38d293cb3,c1,DROP,1016,?,i6,
1769449670.1893568,FORWARDED,18003c01-fea8-487e-a280-eccccde2aa4b,ef2af8ed-e174-4265-ad9f-4cd38d293cb3,c1,DROP,1016,?,i6,
1769449670.2043977,RECEIVED,c869f0a8-d56d-4932-b433-c2fe3173d6d6,9d0eea80-4553-4e45-ad1c-b2f82963c4dc,c1,c3,2454,p1,?,
1769449670.214138,RECEIVED,fba02407-01d8-43fb-8fe7-b9239a8c2966,09cdeee6-0eaa-4ccd-8880-c652bf70cfe3,c5,c4,2464,p2,?,
1769449670.2161646,SENT,c869f0a8-d56d-4932-b433-c2fe3173d6d6,9d0eea80-4553-4e45-ad1c-b2f82963c4dc,c1,c3,1765,?,i8,
1769449670.2162051,FORWARDED,c869f0a8-d56d-4932-b433-c2fe3173d6d6,9d0eea80-4553-4e45-ad1c-b2f82963c4dc,c1,c3,1765,?,i8,
1769449670.4273133,SENT,fba02407-01d8-43fb-8fe7-b9239a8c2966,09cdeee6-0eaa-4ccd-8880-c652bf70cfe3,c5,c4,1776,?,i8,
1769449670.427356,FORWARDED,fba02407-01d8-43fb-8fe7-b9239a8c2966,09cdeee6-0eaa-4ccd-8880-c652bf70cfe3,c5,c4,1776,?,i8,
1769449670.656729,RECEIVED,a2a90ad0-4bd9-4c94-84d1-e53e75907eae,aa140a76-628c-45dc-823e-8243dca83401,c2,DROP,1445,p2,?,
1769449670.7022076,SENT,a2a90ad0-4bd9-4c94-84d1-e53e75907eae,aa140a76-628c-45dc-823e-8243dca83401,c2,DROP,1009,?,i5,
1769449670.7022426,FORWARDED,a2a90ad0-4bd9-4c94-84d1-e53e75907eae,aa140a76-628c-45dc-823e-8243dca83401,c2,DROP,1009,?,i5,
1769449670.7496145,RECEIVED,9f129dc0-2879-4fbc-a468-937517245994,f8f165b7-e2ea-4efb-9adb-bcf6c059c4df,c5,c4,2463,p2,?,
1769449670.7598221,RECEIVED,38502a33-9213-4344-ba8c-3cf4eacbee31,09dd3e6e-9d30-49da-afba-969f1b7ecd00,c5,DROP,1439,p2,?,
1769449671.1292179,SENT,9f129dc0-2879-4fbc-a468-937517245994,f8f165b7-e2ea-4efb-9adb-bcf6c059c4df,c5,c4,1775,?,i1,
1769449671.1292648,FORWARDED,9f129dc0-2879-4fbc-a468-937517245994,f8f165b7-e2ea-4efb-9adb-bcf6c059c4df,c5,c4,1775,?,i1,
1769449671.4804978,SENT,38502a33-9213-4344-ba8c-3cf4eacbee31,09dd3e6e-9d30-49da-afba-969f1b7ecd00,c5,DROP,1007,?,i3,
1769449671.4805446,FORWARDED,38502a33-9213-4344-ba8c-3cf4eacbee31,09dd3e6e-9d30-49da-afba-969f1b7ecd00,c5,DROP,1007,?,i3,
1769449671.677939,RECEIVED,8efc2ae8-be56-4852-a7fd-d02766892f9f,46be57fe-ec71-4084-9af1-ebfe822b2e5c,c4,c5,2471,p1,?,
1769449671.7829306,RECEIVED,bfb6bef0-72e0-40f5-a3e0-ef98335989d9,b0f52922-65e8-438f-a5de-ff5878968c6a,c4,DROP,1439,p1,?,
1769449671.8246622,RECEIVED,4de0ba99-ab0a-4c95-b16f-1908771c3ef3,0af8f00f-1fff-48aa-81ce-8f3320a57640,c3,DROP,1441,p3,?,
1769449671.8475196,RECEIVED,809aef74-1dae-49a3-bb79-c4ef17874951,c2a2843f-4c45-4c4f-bb06-de5bce23c6ce,c1,DROP,1440,p1,?,
1769449671.8834345,SENT,4de0ba99-ab0a-4c95-b16f-1908771c3ef3,0af8f00f-1fff-48aa-81ce-8f3320a57640,c3,DROP,1008,?,i10,
1769449671.8834774,FORWARDED,4de0ba99-ab0a-4c95-b16f-1908771c3ef3,0af8f00f-1fff-48aa-81ce-8f3320a57640,c3,DROP,1008,?,i10,
1769449671.9220612,SENT,8efc2ae8-be56-4852-a7fd-d02766892f9f,46be57fe-ec71-4084-9af1-ebfe822b2e5c,c4,c5,1781,?,i4,
1769449671.9221022,FORWARDED,8efc2ae8-be56-4852-a7fd-d02766892f9f,46be57fe-ec71-4084-9af1-ebfe822b2e5c,c4,c5,1781,?,i4,
1769449672.1980124,SENT,bfb6bef0-72e0-40f5-a3e0-ef98335989d9,b0f52922-65e8-438f-a5de-ff5878968c6a,c4,DROP,1008,?,i8,
1769449672.1980662,FORWARDED,bfb6bef0-72e0-40f5-a3e0-ef98335989d9,b0f52922-65e8-438f-a5de-ff5878968c6a,c4,DROP,1008,?,i8,
1769449672.4111977,RECEIVED,0eacf0a8-5e5a-4ba5-9d0f-cf4b0d595fb8,91d5ba0a-62a4-4784-b628-1399cd41a450,c5,DROP,1451,p2,?,
1769449672.4411936,SENT,809aef74-1dae-49a3-bb79-c4ef17874951,c2a2843f-4c45-4c4f-bb06-de5bce23c6ce,c1,DROP,1008,?,i11,
1769449672.4412467,FORWARDED,809aef74-1dae-49a3-bb79-c4ef17874951,c2a2843f-4c45-4c4f-bb06-de5bce23c6ce,c1,DROP,1008,?,i11,
1769449672.5668755,RECEIVED,1d7ae11f-7115-4dcd-be2c-a3c95ab9306e,ed48ae40-e54a-45dc-b4ea-0a403b820224,c1,DROP,1439,p1,?,
1769449672.6059914,RECEIVED,06a2a119-a556-42a4-be7b-a9e4f7e6a413,65c67e37-e331-43e8-a6b0-d661c0df8909,c2,DROP,1440,p2,?,
1769449672.6607337,SENT,06a2a119-a556-42a4-be7b-a9e4f7e6a413,65c67e37-e331-43e8-a6b0-d661c0df8909,c2,DROP,1007,?,i4,
1769449672.6607769,FORWARDED,06a2a119-a556-42a4-be7b-a9e4f7e6a413,65c67e37-e331-43e8-a6b0-d661c0df8909,c2,DROP,1007,?,i4,
1769449672.6856089,RECEIVED,6942fcae-52f7-40eb-8e69-a1f1a14043d1,d9dc37e3-d327-4503-b342-52632e37e7b1,c1,DROP,1456,p1,?,
1769449672.7035391,RECEIVED,a521cb82-c55a-4c03-9bdb-b85eac6dc15e,54e5a0d9-ed54-4c7c-889f-4a736f71a340,c4,DROP,445,x2,?,
1769449672.9934518,SENT,0eacf0a8-5e5a-4ba5-9d0f-cf4b0d595fb8,91d5ba0a-62a4-4784-b628-1399cd41a450,c5,DROP,1016,?,i3,
1769449672.9934971,FORWARDED,0eacf0a8-5e5a-4ba5-9d0f-cf4b0d595fb8,91d5ba0a-62a4-4784-b628-1399cd41a450,c5,DROP,1016,?,i3,
1769449673.1250317,RECEIVED,1fa730a2-bbf2-40b5-8f0b-2e3155ad2644,febe5f93-76e9-4287-b4ad-3f6ac252efb5,c3,DROP,1443,p3,?,
1769449673.1364858,SENT,1d7ae11f-7115-4dcd-be2c-a3c95ab9306e,ed48ae40-e54a-45dc-b4ea-0a403b820224,c1,DROP,1008,?,i5,
1769449673.1365259,FORWARDED,1d7ae11f-7115-4dcd-be2c-a3c95ab9306e,ed48ae40-e54a-45dc-b4ea-0a403b820224,c1,DROP,1008,?,i5,
1769449673.138374,RECEIVED,e93a725b-557e-46ef-a7ee-7822d7ee25e0,01942b4c-825d-440b-84e6-a88a98afd1cb,c4,DROP,446,x3,?,
1769449673.2170737,RECEIVED,94f09d03-c15e-4404-b371-5591344c4df1,5a040716-7d5b-4932-99cf-669bbe000ef3,c3,DROP,441,x3,?,
1769449673.3111129,RECEIVED,56f367a7-54a4-40b8-b51d-ca06a6203ba2,5eab312b-36a0-4040-b21a-83ad21f9ff6f,c5,c4,2452,p2,?,
1769449673.3928144,SENT,1fa730a2-bbf2-40b5-8f0b-2e3155ad2644,febe5f93-76e9-4287-b4ad-3f6ac252efb5,c3,DROP,1011,?,i5,
1769449673.3928537,FORWARDED,1fa730a2-bbf2-40b5-8f0b-2e3155ad2644,febe5f93-76e9-4287-b4ad-3f6ac252efb5,c3,DROP,1011,?,i5,
1769449673.4151525,RECEIVED,15a4abb1-1884-42d6-a8ce-b9ed22033b17,0e9f28b8-2268-487f-b283-9e3ab197e6b1,c4,DROP,1447,p1,?,
1769449673.4570906,SENT,56f367a7-54a4-40b8-b51d-ca06a6203ba2,5eab312b-36a0-4040-b21a-83ad21f9ff6f,c5,c4,1767,?,i11,
1769449673.4571285,FORWARDED,56f367a7-54a4-40b8-b51d-ca06a6203ba2,5eab312b-36a0-4040-b21a-83ad21f9ff6f,c5,c4,1767,?,i11,
1769449673.6099718,RECEIVED,57678c54-4906-40b5-870f-44f902db989e,af4cf6c6-e047-4baf-87b7-fb8f9cf9a2d1,c2,DROP,1448,p2,?,
1769449673.6499608,SENT,6942fcae-52f7-40eb-8e69-a1f1a14043d1,d9dc37e3-d327-4503-b342-52632e37e7b1,c1,DROP,1020,?,i10,
1769449673.6499999,FORWARDED,6942fcae-52f7-40eb-8e69-a1f1a14043d1,d9dc37e3-d327-4503-b342-52632e37e7b1,c1,DROP,1020,?,i10,
1769449673.6953876,SENT,15a4abb1-1884-42d6-a8ce-b9ed22033b17,0e9f28b8-2268-487f-b283-9e3ab197e6b1,c4,DROP,1012,?,i1,
1769449673.6954305,FORWARDED,15a4abb1-1884-42d6-a8ce-b9ed22033b17,0e9f28b8-2268-487f-b283-9e3ab197e6b1,c4,DROP,1012,?,i1,
1769449673.977451,SENT,57678c54-4906-40b5-870f-44f902db989e,af4cf6c6-e047-4baf-87b7-fb8f9cf9a2d1,c2,DROP,1012,?,i11,
1769449673.9774928,FORWARDED,57678c54-4906-40b5-870f-44f902db989e,af4cf6c6-e047-4baf-87b7-fb8f9cf9a2d1,c2,DROP,1012,?,i11,
1769449674.4266458,RECEIVED,88cdfbf8-2725-48db-b1c1-16ba59e78b70,e8a386ec-b825-4f98-bce5-55e247d5e46b,c1,c3,2447,p1,?,
1769449674.5563896,RECEIVED,dcbeae2a-2183-41f7-aabf-0a68988988ed,7da82756-dbbe-4349-a226-3a459a43060a,c3,DROP,1441,p3,?,
1769449674.5969772,RECEIVED,dd9be986-727c-4b95-b0c7-c9dfda363808,4e199341-c29c-4e02-b5c1-d305dfd68f86,c3,DROP,1444,p3,?,
1769449674.6387684,SENT,dcbeae2a-2183-41f7-aabf-0a68988988ed,7da82756-dbbe-4349-a226-3a459a43060a,c3,DROP,1008,?,i8,
1769449674.638812,FORWARDED,dcbeae2a-2183-41f7-aabf-0a68988988ed,7da82756-dbbe-4349-a226-3a459a43060a,c3,DROP,1008,?,i8,
1769449674.713807,RECEIVED,afdb22ce-6a9c-45c1-864f-631fab4f8850,62575ff1-f3ed-4670-8065-568207015deb,c5,DROP,1450,p2,?,
1769449674.760197,SENT,afdb22ce-6a9c-45c1-864f-631fab4f8850,62575ff1-f3ed-4670-8065-568207015deb,c5,DROP,1013,?,i12,
1769449674.7602334,FORWARDED,afdb22ce-6a9c-45c1-864f-631fab4f8850,62575ff1-f3ed-4670-8065-568207015deb,c5,DROP,1013,?,i12,
1769449674.8769367,RECEIVED,650e3044-ca4e-452e-92f2-7ff47c548d20,26d5e697-7168-46bb-b9d9-bff98ba05e9c,c3,c5,2464,p3,?,
1769449674.8954632,SENT,dd9be986-727c-4b95-b0c7-c9dfda363808,4e199341-c29c-4e02-b5c1-d305dfd68f86,c3,DROP,1009,?,i8,
1769449674.8955033,FORWARDED,dd9be986-727c-4b95-b0c7-c9dfda363808,4e199341-c29c-4e02-b5c1-d305dfd68f86,c3,DROP,1009,?,i8,
1769449674.9810126,SENT,650e3044-ca4e-452e-92f2-7ff47c548d20,26d5e697-7168-46bb-b9d9-bff98ba05e9c,c3,c5,1776,?,i8,
1769449674.9810727,FORWARDED,650e3044-ca4e-452e-92f2-7ff47c548d20,26d5e697-7168-46bb-b9d9-bff98ba05e9c,c3,c5,1776,?,i8,
1769449675.1573198,RECEIVED,69d55045-5bf4-4b43-9826-13765cf73bd4,6e30558c-e774-4829-b530-f479c166495f,c3,DROP,1452,p3,?,
1769449675.3551357,SENT,69d55045-5bf4-4b43-9826-13765cf73bd4,6e30558c-e774-4829-b530-f479c166495f,c3,DROP,1015,?,i12,
1769449675.355181,FORWARDED,69d55045-5bf4-4b43-9826-13765cf73bd4,6e30558c-e774-4829-b530-f479c166495f,c3,DROP,1015,?,i12,
1769449675.5584269,SENT,88cdfbf8-2725-48db-b1c1-16ba59e78b70,e8a386ec-b825-4f98-bce5-55e247d5e46b,c1,c3,1764,?,i3,
1769449675.5584688,FORWARDED,88cdfbf8-2725-48db-b1c1-16ba59e78b70,e8a386ec-b825-4f98-bce5-55e247d5e46b,c1,c3,1764,?,i3,
1769449675.6563325,RECEIVED,625e9bfd-80c4-4cfc-896f-4618c25bc515,259a3da7-3f3f-4a09-9d1c-993b1711f41b,c4,DROP,1447,p1,?,
1769449675.9263139,SENT,625e9bfd-80c4-4cfc-896f-4618c25bc515,259a3da7-3f3f-4a09-9d1c-993b1711f41b,c4,DROP,1012,?,i3,
1769449675.926357,FORWARDED,625e9bfd-80c4-4cfc-896f-4618c25bc515,259a3da7-3f3f-4a09-9d1c-993b1711f41b,c4,DROP,1012,?,i3,
1769449676.0034688,RECEIVED,f812f2db-1c8f-421a-8b63-fb322debed02,0f111794-56e4-48b1-8b31-a5d7510d05ae,c2,c1,2462,p2,?,
1769449676.1233873,RECEIVED,a01cd8d5-149f-449a-8411-3212a218c7e0,3eaf4d02-735c-40e2-bd93-d71a3543005e,c4,c5,2464,p1,?,
1769449676.1574452,RECEIVED,ebf41eb2-c182-4450-a213-3fa460c63c29,c12b21ea-bc9d-4ae6-90aa-cab06eb23468,c5,DROP,442,x3,?,
1769449676.20661,RECEIVED,a1687165-5291-4719-bd7f-79d398f8d0ef,c7df719c-8062-41cd-93c0-6531c31ffe0f,c4,DROP,1448,p1,?,
1769449676.2088456,RECEIVED,368052d4-289b-49a0-a02d-91bc0a29152a,18152fbd-0a0a-494f-8382-42ecf8882bfc,c4,c5,2469,p1,?,
1769449676.2136753,RECEIVED,a20e5c52-9275-453e-86cd-f04f146acef0,80576f66-af99-4e9d-94c9-66c4a4909b64,c2,c1,2460,p2,?,
1769449676.2410717,RECEIVED,34b75dbd-600d-4204-bfc1-125a9f9ceefd,8dff0e6b-e47e-44bd-bdd3-d77b439ea990,c2,c1,2470,p2,?,
1769449676.2531037,SENT,368052d4-289b-49a0-a02d-91bc0a29152a,18152fbd-0a0a-494f-8382-42ecf8882bfc,c4,c5,1779,?,i6,
1769449676.2531462,FORWARDED,368052d4-289b-49a0-a02d-91bc0a29152a,18152fbd-0a0a-494f-8382-42ecf8882bfc,c4,c5,1779,?,i6,
1769449676.2563887,SENT,a01cd8d5-149f-449a-8411-3212a218c7e0,3eaf4d02-735c-40e2-bd93-d71a3543005e,c4,c5,1775,?,i7,
1769449676.2568183,FORWARDED,a01cd8d5-149f-449a-8411-3212a218c7e0,3eaf4d02-735c-40e2-bd93-d71a3543005e,c4,c5,1775,?,i7,
1769449676.2571971,RECEIVED,cd344012-85da-4fc9-879a-7eff85e3fc11,f0884a7f-ca11-4ca3-91d9-35ad5d6a6a64,c4,DROP,1444,p1,?,
1769449676.2756555,SENT,a1687165-5291-4719-bd7f-79d398f8d0ef,c7df719c-8062-41cd-93c0-6531c31ffe0f,c4,DROP,1012,?,i9,
1769449676.2756999,FORWARDED,a1687165-5291-4719-bd7f-79d398f8d0ef,c7df719c-8062-41cd-93c0-6531c31ffe0f,c4,DROP,1012,?,i9,
1769449676.4501584,SENT,cd344012-85da-4fc9-879a-7eff85e3fc11,f0884a7f-ca11-4ca3-91d9-35ad5d6a6a64,c4,DROP,1011,?,i3,
1769449676.4502013,FORWARDED,cd344012-85da-4fc9-879a-7eff85e3fc11,f0884a7f-ca11-4ca3-91d9-35ad5d6a6a64,c4,DROP,1011,?,i3,
1769449676.8704336,RECEIVED,c3667d48-b3db-49c9-a97f-fa6e6d2aa80e,a8c254ce-3f35-45f4-9511-9e1b4fd68716,c3,DROP,1452,p3,?,
1769449676.9858885,RECEIVED,99427e80-e1f0-41dc-869a-0843e9261dc1,21c3550f-8ceb-477f-8a94-6dc444cf0f79,c3,DROP,1438,p3,?,
1769449677.0598173,RECEIVED,6bbcec01-db20-4e71-bec7-20bda390026c,cfa9a227-2482-4710-81f5-c40a5a6c8262,c3,c5,2463,p3,?,
1769449677.0610082,RECEIVED,82fc6ce9-d5c2-4220-ad0f-d48704da6149,9b09d4a3-8e14-42ed-85df-87d3ae4788ba,c2,c1,2472,p2,?,
1769449677.2043788,SENT,a20e5c52-9275-453e-86cd-f04f146acef0,80576f66-af99-4e9d-94c9-66c4a4909b64,c2,c1,1771,?,i12,
1769449677.2044318,FORWARDED,a20e5c52-9275-453e-86cd-f04f146acef0,80576f66-af99-4e9d-94c9-66c4a4909b64,c2,c1,1771,?,i12,
1769449677.2067657,SENT,82fc6ce9-d5c2-4220-ad0f-d48704da6149,9b09d4a3-8e14-42ed-85df-87d3ae4788ba,c2,c1,1780,?,i3,
1769449677.2068076,FORWARDED,82fc6ce9-d5c2-4220-ad0f-d48704da6149,9b09d4a3-8e14-42ed-85df-87d3ae4788ba,c2,c1,1780,?,i3,
1769449677.2189205,SENT,6bbcec01-db20-4e71-bec7-20bda390026c,cfa9a227-2482-4710-81f5-c40a5a6c8262,c3,c5,1775,?,i4,
1769449677.2189615,FORWARDED,6bbcec01-db20-4e71-bec7-20bda390026c,cfa9a227-2482-4710-81f5-c40a5a6c8262,c3,c5,1775,?,i4,
1769449677.251296,SENT,c3667d48-b3db-49c9-a97f-fa6e6d2aa80e,a8c254ce-3f35-45f4-9511-9e1b4fd68716,c3,DROP,1016,?,i2,
1769449677.251338,FORWARDED,c3667d48-b3db-49c9-a97f-fa6e6d2aa80e,a8c254ce-3f35-45f4-9511-9e1b4fd68716,c3,DROP,1016,?,i2,
1769449677.3425615,SENT,f812f2db-1c8f-421a-8b63-fb322debed02,0f111794-56e4-48b1-8b31-a5d7510d05ae,c2,c1,1775,?,i4,
1769449677.3426046,FORWARDED,f812f2db-1c8f-421a-8b63-fb322debed02,0f111794-56e4-48b1-8b31-a5d7510d05ae,c2,c1,1775,?,i4,
1769449677.468919,SENT,99427e80-e1f0-41dc-869a-0843e9261dc1,21c3550f-8ceb-477f-8a94-6dc444cf0f79,c3,DROP,1008,?,i7,
1769449677.4689605,FORWARDED,99427e80-e1f0-41dc-869a-0843e9261dc1,21c3550f-8ceb-477f-8a94-6dc444cf0f79,c3,DROP,1008,?,i7,
1769449677.6594944,RECEIVED,8ae879a1-2402-4d6c-a819-c49f30942cd9,d9b1dd02-247a-41b8-9393-e959cb21c2a9,c5,DROP,1452,p2,?,
1769449677.671672,RECEIVED,0273d747-a7bc-4a02-aecf-d45bf7cf5593,e9c9a8ba-0857-42ad-8d3e-a6090196f27f,c2,DROP,1443,p2,?,
1769449677.6897955,RECEIVED,7693857c-9b2a-416b-bccd-81983ec2fbbc,c8c50bd3-5116-41e5-ae88-f4f8af8db2b5,c3,DROP,1441,p3,?,
1769449677.7554035,SENT,8ae879a1-2402-4d6c-a819-c49f30942cd9,d9b1dd02-247a-41b8-9393-e959cb21c2a9,c5,DROP,1015,?,i3,
1769449677.7554462,FORWARDED,8ae879a1-2402-4d6c-a819-c49f30942cd9,d9b1dd02-247a-41b8-9393-e959cb21c2a9,c5,DROP,1015,?,i3,
1769449677.853857,SENT,7693857c-9b2a-416b-bccd-81983ec2fbbc,c8c50bd3-5116-41e5-ae88-f4f8af8db2b5,c3,DROP,1007,?,i11,
1769449677.8538983,FORWARDED,7693857c-9b2a-416b-bccd-81983ec2fbbc,c8c50bd3-5116-41e5-ae88-f4f8af8db2b5,c3,DROP,1007,?,i11,
1769449678.1499681,RECEIVED,a6f9e372-b202-4740-a544-43ff562d5057,dde6bdd5-de91-4c2e-8368-efa9d6af74b4,c5,DROP,1444,p2,?,
1769449678.2645934,RECEIVED,1f85115f-a828-45ec-b001-0edaa7b19d32,6c2e6e47-046d-44ff-9337-b1e82f2ea72b,c3,DROP,1440,p3,?,
1769449678.274751,SENT,0273d747-a7bc-4a02-aecf-d45bf7cf5593,e9c9a8ba-0857-42ad-8d3e-a6090196f27f,c2,DROP,1009,?,i1,
1769449678.274795,FORWARDED,0273d747-a7bc-4a02-aecf-d45bf7cf5593,e9c9a8ba-0857-42ad-8d3e-a6090196f27f,c2,DROP,1009,?,i1,
1769449678.3241553,RECEIVED,5ece8d25-06df-4226-84fd-3bea179bb9c1,2e2b5e9e-127d-4c08-affe-f5421d520931,c4,DROP,1440,p1,?,
1769449678.333423,RECEIVED,3a58c82f-5beb-4a91-aff6-a92b646d05eb,4735fe09-3a76-4bce-91e8-932870d3ee27,c5,DROP,1455,p2,?,
1769449678.361325,RECEIVED,33647667-9ce4-4d74-bb43-731dce3fedf8,a3fa42d1-c957-4ea9-a7a8-aa7e91cd8f45,c1,DROP,1448,p1,?,
1769449678.373149,RECEIVED,69577af1-2cf1-464b-9e45-55760a0890e4,3916a17e-ea6f-4df7-952f-bd0fc6d5b015,c4,DROP,445,x12,?,
1769449678.5541372,SENT,33647667-9ce4-4d74-bb43-731dce3fedf8,a3fa42d1-c957-4ea9-a7a8-aa7e91cd8f45,c1,DROP,1012,?,i9,
1769449678.554179,FORWARDED,33647667-9ce4-4d74-bb43-731dce3fedf8,a3fa42d1-c957-4ea9-a7a8-aa7e91cd8f45,c1,DROP,1012,?,i9,
1769449678.5605834,SENT,34b75dbd-600d-4204-bfc1-125a9f9ceefd,8dff0e6b-e47e-44bd-bdd3-d77b439ea990,c2,c1,1780,?,i1,
1769449678.5606236,FORWARDED,34b75dbd-600d-4204-bfc1-125a9f9ceefd,8dff0e6b-e47e-44bd-bdd3-d77b439ea990,c2,c1,1780,?,i1,
1769449678.5623503,SENT,5ece8d25-06df-4226-84fd-3bea179bb9c1,2e2b5e9e-127d-4c08-affe-f5421d520931,c4,DROP,1007,?,i4,
1769449678.5623918,FORWARDED,5ece8d25-06df-4226-84fd-3bea179bb9c1,2e2b5e9e-127d-4c08-affe-f5421d520931,c4,DROP,1007,?,i4,
1769449678.5975585,SENT,1f85115f-a828-45ec-b001-0edaa7b19d32,6c2e6e47-046d-44ff-9337-b1e82f2ea72b,c3,DROP,1007,?,i7,
1769449678.5976021,FORWARDED,1f85115f-a828-45ec-b001-0edaa7b19d32,6c2e6e47-046d-44ff-9337-b1e82f2ea72b,c3,DROP,1007,?,i7,
1769449678.6296022,SENT,a6f9e372-b202-4740-a544-43ff562d5057,dde6bdd5-de91-4c2e-8368-efa9d6af74b4,c5,DROP,1011,?,i12,
1769449678.629644,FORWARDED,a6f9e372-b202-4740-a544-43ff562d5057,dde6bdd5-de91-4c2e-8368-efa9d6af74b4,c5,DROP,1011,?,i12,
1769449678.65889,SENT,3a58c82f-5beb-4a91-aff6-a92b646d05eb,4735fe09-3a76-4bce-91e8-932870d3ee27,c5,DROP,1020,?,i8,
1769449678.658932,FORWARDED,3a58c82f-5beb-4a91-aff6-a92b646d05eb,4735fe09-3a76-4bce-91e8-932870d3ee27,c5,DROP,1020,?,i8,
1769449678.835931,RECEIVED,e374897a-079a-4c98-8e0a-8718a9961c41,76be2aea-f27f-44fd-873f-476b40105d12,c5,DROP,1451,p2,?,
1769449679.1163268,RECEIVED,6a1bd032-1679-4b02-8c5a-dede36f6145d,70ad6baa-0f29-4cdf-8d0f-1268e84124a9,c3,DROP,442,x9,?,
1769449679.2297006,RECEIVED,5e48740b-a772-408d-9c81-96ff64aee897,df1b10cb-38eb-44e0-bcbb-a570851e91ca,c3,c5,2459,p3,?,
1769449679.2458386,RECEIVED,03ddcab4-64bf-450e-bb22-f94f9468d8e2,4fe9a471-b65e-4caf-abe6-4f65c9c70419,c3,c5,2453,p3,?,
1769449679.2742627,SENT,03ddcab4-64bf-450e-bb22-f94f9468d8e2,4fe9a471-b65e-4caf-abe6-4f65c9c70419,c3,c5,1767,?,i6,
1769449679.2743042,FORWARDED,03ddcab4-64bf-450e-bb22-f94f9468d8e2,4fe9a471-b65e-4caf-abe6-4f65c9c70419,c3,c5,1767,?,i6,
1769449679.4867077,RECEIVED,a74d70f5-3c02-4d50-9a7d-7d3c3d6fc4b7,570e52be-974f-4d08-a3b1-22c10d7ef12c,c1,DROP,445,x11,?,
1769449679.7654715,SENT,5e48740b-a772-408d-9c81-96ff64aee897,df1b10cb-38eb-44e0-bcbb-a570851e91ca,c3,c5,1772,?,i9,
1769449679.7655149,FORWARDED,5e48740b-a772-408d-9c81-96ff64aee897,df1b10cb-38eb-44e0-bcbb-a570851e91ca,c3,c5,1772,?,i9,
1769449679.9846563,RECEIVED,f66d7aa2-2db1-4635-b8a5-ee85d7d43cf3,1adf29b6-fada-4331-9cff-672833c7fc26,c3,DROP,1440,p3,?,
1769449680.0105402,RECEIVED,40bce0e8-6397-47be-9550-d150b6979622,f2d74e1f-c82f-4a75-988a-06b4ff01c4ac,c2,DROP,441,x12,?,
1769449680.1836982,SENT,e374897a-079a-4c98-8e0a-8718a9961c41,76be2aea-f27f-44fd-873f-476b40105d12,c5,DROP,1017,?,i4,
1769449680.183741,FORWARDED,e374897a-079a-4c98-8e0a-8718a9961c41,76be2aea-f27f-44fd-873f-476b40105d12,c5,DROP,1017,?,i4,
1769449680.2318716,SENT,f66d7aa2-2db1-4635-b8a5-ee85d7d43cf3,1adf29b6-fada-4331-9cff-672833c7fc26,c3,DROP,1007,?,i4,
1769449680.2319124,FORWARDED,f66d7aa2-2db1-4635-b8a5-ee85d7d43cf3,1adf29b6-fada-4331-9cff-672833c7fc26,c3,DROP,1007,?,i4,
1769449680.317833,RECEIVED,5a68bff9-6836-44a5-930b-55451289c5d0,87636ac6-b6d4-4d07-afb8-692f9c886a15,c2,c1,2473,p2,?,
1769449680.5518482,RECEIVED,068cc60d-9a01-45d5-a4ef-0a71d1592f73,cd5bc1a4-2d21-463d-92a6-cf9875e7a31a,c3,DROP,1443,p3,?,
1769449680.5797117,RECEIVED,68507300-390d-4765-8603-6e06a3f38251,6916a1d2-ce88-4101-a628-818db859581c,c2,c1,2464,p2,?,
1769449680.6130235,RECEIVED,ffeaf72e-0ea9-41bd-8c3c-070ff4a9ece2,a97d48c1-f4c8-468e-8fb5-dfac556b40c6,c4,DROP,1448,p1,?,
1769449680.6474252,SENT,5a68bff9-6836-44a5-930b-55451289c5d0,87636ac6-b6d4-4d07-afb8-692f9c886a15,c2,c1,1781,?,i11,
1769449680.6474667,FORWARDED,5a68bff9-6836-44a5-930b-55451289c5d0,87636ac6-b6d4-4d07-afb8-692f9c886a15,c2,c1,1781,?,i11,
1769449680.670253,SENT,68507300-390d-4765-8603-6e06a3f38251,6916a1d2-ce88-4101-a628-818db859581c,c2,c1,1776,?,i3,
1769449680.670299,FORWARDED,68507300-390d-4765-8603-6e06a3f38251,6916a1d2-ce88-4101-a628-818db859581c,c2,c1,1776,?,i3,
1769449680.7305088,RECEIVED,37daa0fe-40af-4fa6-8a1f-e9fdac69acd8,fb153bc7-612e-4fd4-b55c-77a80dab4566,c5,DROP,1440,p2,?,
1769449680.9795017,RECEIVED,3eef812b-d767-4c25-8261-48053f7c9fe5,43e7ebf5-e6a1-443b-a016-7d22124ab7fa,c2,c1,2459,p2,?,
1769449681.0626206,SENT,37daa0fe-40af-4fa6-8a1f-e9fdac69acd8,fb153bc7-612e-4fd4-b55c-77a80dab4566,c5,DROP,1008,?,i12,
1769449681.062662,FORWARDED,37daa0fe-40af-4fa6-8a1f-e9fdac69acd8,fb153bc7-612e-4fd4-b55c-77a80dab4566,c5,DROP,1008,?,i12,
1769449681.0985796,SENT,ffeaf72e-0ea9-41bd-8c3c-070ff4a9ece2,a97d48c1-f4c8-468e-8fb5-dfac556b40c6,c4,DROP,1012,?,i4,
1769449681.0986156,FORWARDED,ffeaf72e-0ea9-41bd-8c3c-070ff4a9ece2,a97d48c1-f4c8-468e-8fb5-dfac556b40c6,c4,DROP,1012,?,i4,
1769449681.1460276,RECEIVED,7b1d9e0f-8965-4f25-97f0-555f029e7df9,003e2c2d-d991-411d-b5c8-b7adf57bb14d,c5,DROP,1452,p2,?,
1769449681.1810734,RECEIVED,a2521a4c-43be-43ab-9d05-81162dce7e74,214cdb83-50d4-4dac-8aa7-333076e1eec1,c2,c1,2463,p2,?,
1769449681.2372222,RECEIVED,8db3eca9-5054-400e-8315-6c82a484b7c5,f4d2049a-2a93-4316-908f-cdad7f9f7ddf,c1,c3,2468,p1,?,
1769449681.239735,SENT,3eef812b-d767-4c25-8261-48053f7c9fe5,43e7ebf5-e6a1-443b-a016-7d22124ab7fa,c2,c1,1772,?,i2,
1769449681.2397766,FORWARDED,3eef812b-d767-4c25-8261-48053f7c9fe5,43e7ebf5-e6a1-443b-a016-7d22124ab7fa,c2,c1,1772,?,i2,
1769449681.2526135,SENT,068cc60d-9a01-45d5-a4ef-0a71d1592f73,cd5bc1a4-2d21-463d-92a6-cf9875e7a31a,c3,DROP,1009,?,i5,
1769449681.2526543,FORWARDED,068cc60d-9a01-45d5-a4ef-0a71d1592f73,cd5bc1a4-2d21-463d-92a6-cf9875e7a31a,c3,DROP,1009,?,i5,
1769449681.4184964,SENT,7b1d9e0f-8965-4f25-97f0-555f029e7df9,003e2c2d-d991-411d-b5c8-b7adf57bb14d,c5,DROP,1015,?,i2,
1769449681.418537,FORWARDED,7b1d9e0f-8965-4f25-97f0-555f029e7df9,003e2c2d-d991-411d-b5c8-b7adf57bb14d,c5,DROP,1015,?,i2,
1769449681.4387746,SENT,8db3eca9-5054-400e-8315-6c82a484b7c5,f4d2049a-2a93-4316-908f-cdad7f9f7ddf,c1,c3,1777,?,i4,
1769449681.438845,FORWARDED,8db3eca9-5054-400e-8315-6c82a484b7c5,f4d2049a-2a93-4316-908f-cdad7f9f7ddf,c1,c3,1777,?,i4,
1769449681.523699,RECEIVED,50fcfbc0-39a5-4bd7-b361-ae6f12e99141,0de4f4cd-e5f3-4a56-b723-5059815725f9,c3,DROP,1460,p3,?,
1769449681.5720658,RECEIVED,d9110294-30af-4ba7-ad96-f0978b78f29d,0b407431-d8eb-4c59-967e-8a70ae012473,c4,c5,2460,p1,?,
1769449681.6420786,SENT,d9110294-30af-4ba7-ad96-f0978b78f29d,0b407431-d8eb-4c59-967e-8a70ae012473,c4,c5,1771,?,i8,
1769449681.6421165,FORWARDED,d9110294-30af-4ba7-ad96-f0978b78f29d,0b407431-d8eb-4c59-967e-8a70ae012473,c4,c5,1771,?,i8,
1769449681.8676543,RECEIVED,c83330a5-eed6-40d5-ae5a-d9db04afbe4b,2f748207-fe03-4895-9ea1-889939b39734,c5,DROP,1446,p2,?,
1769449682.0793474,RECEIVED,ce422846-f933-49f3-b9c4-c77786b5198f,0ecdc1f1-31ea-413b-bdfd-2ceb06082fbd,c4,DROP,1439,p1,?,
1769449682.0972922,RECEIVED,1fff2a79-0ebd-4646-ac9a-fc7aeb604191,7d034daf-91e0-4817-a302-4da21bdcb734,c5,c4,2465,p2,?,
1769449682.1425211,SENT,50fcfbc0-39a5-4bd7-b361-ae6f12e99141,0de4f4cd-e5f3-4a56-b723-5059815725f9,c3,DROP,1021,?,i11,
1769449682.1425638,FORWARDED,50fcfbc0-39a5-4bd7-b361-ae6f12e99141,0de4f4cd-e5f3-4a56-b723-5059815725f9,c3,DROP,1021,?,i11,
1769449682.1496468,SENT,1fff2a79-0ebd-4646-ac9a-fc7aeb604191,7d034daf-91e0-4817-a302-4da21bdcb734,c5,c4,1775,?,i7,
1769449682.1496892,FORWARDED,1fff2a79-0ebd-4646-ac9a-fc7aeb604191,7d034daf-91e0-4817-a302-4da21bdcb734,c5,c4,1775,?,i7,
1769449682.160524,RECEIVED,ca77f613-af8c-4045-a525-1f8996f47456,3cd86d07-85df-484b-96af-87190a6b8e4b,c4,DROP,1449,p1,?,
1769449682.1748497,RECEIVED,d07bdb52-4703-4cc8-b736-56de81f1faca,1aa098e0-a092-4871-a612-c1fdf078789f,c1,DROP,1447,p1,?,
1769449682.2354004,RECEIVED,714dff7a-0b46-4b4d-bd87-bbc0cf576dc8,c2deff04-e519-41e2-b2b5-a3bb725f71f3,c5,DROP,1451,p2,?,
1769449682.2508068,SENT,ca77f613-af8c-4045-a525-1f8996f47456,3cd86d07-85df-484b-96af-87190a6b8e4b,c4,DROP,1014,?,i9,
1769449682.2508454,FORWARDED,ca77f613-af8c-4045-a525-1f8996f47456,3cd86d07-85df-484b-96af-87190a6b8e4b,c4,DROP,1014,?,i9,
1769449682.3861513,SENT,ce422846-f933-49f3-b9c4-c77786b5198f,0ecdc1f1-31ea-413b-bdfd-2ceb06082fbd,c4,DROP,1007,?,i1,
1769449682.3861957,FORWARDED,ce422846-f933-49f3-b9c4-c77786b5198f,0ecdc1f1-31ea-413b-bdfd-2ceb06082fbd,c4,DROP,1007,?,i1,
1769449682.400883,SENT,a2521a4c-43be-43ab-9d05-81162dce7e74,214cdb83-50d4-4dac-8aa7-333076e1eec1,c2,c1,1776,?,i7,
1769449682.4009247,FORWARDED,a2521a4c-43be-43ab-9d05-81162dce7e74,214cdb83-50d4-4dac-8aa7-333076e1eec1,c2,c1,1776,?,i7,
1769449682.500013,RECEIVED,83b30291-64ff-4ede-8a57-9df496d045a3,c66859c1-1cf6-45ae-876e-bc7cd5ab7de0,c5,DROP,441,x3,?,
1769449682.5409522,RECEIVED,e8048bf6-21cb-4cbf-837b-0cf418e2db8b,3d8890f7-499d-40a7-be50-8d4a89d443f3,c4,c5,2464,p1,?,
1769449682.694444,SENT,c83330a5-eed6-40d5-ae5a-d9db04afbe4b,2f748207-fe03-4895-9ea1-889939b39734,c5,DROP,1013,?,i9,
1769449682.6944854,FORWARDED,c83330a5-eed6-40d5-ae5a-d9db04afbe4b,2f748207-fe03-4895-9ea1-889939b39734,c5,DROP,1013,?,i9,
1769449682.7843897,RECEIVED,7fbc7c58-2d5f-49d5-8d65-77729fde119a,ea166f54-b5e7-40cb-b042-f034444ab069,c5,DROP,442,x2,?,
1769449682.8155115,RECEIVED,44f39f75-aac2-4844-b2c6-642184c260ee,8b4b0963-65bc-4b9c-8cd1-2d3087d9f7f1,c1,c3,2463,p1,?,
1769449682.827372,SENT,714dff7a-0b46-4b4d-bd87-bbc0cf576dc8,c2deff04-e519-41e2-b2b5-a3bb725f71f3,c5,DROP,1016,?,i5,
1769449682.82741,FORWARDED,714dff7a-0b46-4b4d-bd87-bbc0cf576dc8,c2deff04-e519-41e2-b2b5-a3bb725f71f3,c5,DROP,1016,?,i5,
1769449682.8671265,RECEIVED,572862fc-a8c8-48cb-9beb-b977d273d522,f23262b0-9b2f-45b5-940f-94a885383426,c3,DROP,1451,p3,?,
1769449682.9155273,RECEIVED,ce5196a7-0ddc-4bcf-b86b-f31ff5e930f5,5ea4ae53-395a-40a6-b143-d09fb0478611,c1,DROP,1444,p1,?,
1769449683.1275687,SENT,d07bdb52-4703-4cc8-b736-56de81f1faca,1aa098e0-a092-4871-a612-c1fdf078789f,c1,DROP,1012,?,i5,
1769449683.1276095,FORWARDED,d07bdb52-4703-4cc8-b736-56de81f1faca,1aa098e0-a092-4871-a612-c1fdf078789f,c1,DROP,1012,?,i5,
1769449683.1826491,SENT,ce5196a7-0ddc-4bcf-b86b-f31ff5e930f5,5ea4ae53-395a-40a6-b143-d09fb0478611,c1,DROP,1009,?,i2,
1769449683.1826901,FORWARDED,ce5196a7-0ddc-4bcf-b86b-f31ff5e930f5,5ea4ae53-395a-40a6-b143-d09fb0478611,c1,DROP,1009,?,i2,
1769449683.1990788,RECEIVED,7d383c5d-7981-45b8-9977-af004f637740,f5b59a36-6748-42ab-b9bd-3fa793add50c,c1,c3,2464,p1,?,
1769449683.2387667,SENT,7d383c5d-7981-45b8-9977-af004f637740,f5b59a36-6748-42ab-b9bd-3fa793add50c,c1,c3,1775,?,i4,
1769449683.2388084,FORWARDED,7d383c5d-7981-45b8-9977-af004f637740,f5b59a36-6748-42ab-b9bd-3fa793add50c,c1,c3,1775,?,i4,
1769449683.2423851,SENT,572862fc-a8c8-48cb-9beb-b977d273d522,f23262b0-9b2f-45b5-940f-94a885383426,c3,DROP,1016,?,i1,
1769449683.2424304,FORWARDED,572862fc-a8c8-48cb-9beb-b977d273d522,f23262b0-9b2f-45b5-940f-94a885383426,c3,DROP,1016,?,i1,
1769449683.321764,RECEIVED,41c3a1f6-30e2-47de-99e1-5ef799d30bfa,ac81d7c7-6172-4f9b-b39c-488667106138,c1,DROP,1438,p1,?,
1769449683.3600955,SENT,44f39f75-aac2-4844-b2c6-642184c260ee,8b4b0963-65bc-4b9c-8cd1-2d3087d9f7f1,c1,c3,1775,?,i6,
1769449683.3601398,FORWARDED,44f39f75-aac2-4844-b2c6-642184c260ee,8b4b0963-65bc-4b9c-8cd1-2d3087d9f7f1,c1,c3,1775,?,i6,
1769449683.5674975,SENT,e8048bf6-21cb-4cbf-837b-0cf418e2db8b,3d8890f7-499d-40a7-be50-8d4a89d443f3,c4,c5,1775,?,i10,
1769449683.567539,FORWARDED,e8048bf6-21cb-4cbf-837b-0cf418e2db8b,3d8890f7-499d-40a7-be50-8d4a89d443f3,c4,c5,1775,?,i10,
1769449683.6128635,RECEIVED,383dc2a2-8508-47db-b0c4-4e96748fd37d,56e3f2ad-c3f8-40a7-9709-0ccda9cb4369,c2,DROP,1441,p2,?,
1769449683.6258526,RECEIVED,66bfbfda-73e5-4c72-8a8f-7744feff7e3a,bde983e5-712a-4631-ac67-abefc2160f4d,c4,DROP,1451,p1,?,
1769449683.6711493,SENT,383dc2a2-8508-47db-b0c4-4e96748fd37d,56e3f2ad-c3f8-40a7-9709-0ccda9cb4369,c2,DROP,1007,?,i1,
1769449683.6711924,FORWARDED,383dc2a2-8508-47db-b0c4-4e96748fd37d,56e3f2ad-c3f8-40a7-9709-0ccda9cb4369,c2,DROP,1007,?,i1,
1769449683.777589,RECEIVED,69b9566f-74cb-4b94-8ae6-cd3fdb0b3bbc,281b9cce-e552-4b83-909a-52f544b4e39b,c5,DROP,441,x9,?,
1769449683.997798,SENT,66bfbfda-73e5-4c72-8a8f-7744feff7e3a,bde983e5-712a-4631-ac67-abefc2160f4d,c4,DROP,1015,?,i3,
1769449683.9978404,FORWARDED,66bfbfda-73e5-4c72-8a8f-7744feff7e3a,bde983e5-712a-4631-ac67-abefc2160f4d,c4,DROP,1015,?,i3,
1769449684.0321386,RECEIVED,96d62423-cc8c-4478-8a32-95095b588f83,e73119ca-bc89-401d-a0b6-eaf567ba10ce,c5,DROP,1445,p2,?,
1769449684.1004336,SENT,96d62423-cc8c-4478-8a32-95095b588f83,e73119ca-bc89-401d-a0b6-eaf567ba10ce,c5,DROP,1011,?,i11,
1769449684.100474,FORWARDED,96d62423-cc8c-4478-8a32-95095b588f83,e73119ca-bc89-401d-a0b6-eaf567ba10ce,c5,DROP,1011,?,i11,
1769449684.166278,RECEIVED,6e7b90c1-13b4-40a7-b07b-43e98f1c28a8,31498f04-f9c7-4097-b51e-475c85bbcb9c,c5,DROP,1459,p2,?,
1769449684.2155578,RECEIVED,4d7d3239-f93c-489b-981d-48898e76936a,c2b91f43-b90a-428b-ad7c-8886f5542e2b,c5,DROP,1439,p2,?,
1769449684.237271,RECEIVED,4734ddb0-4b76-412e-a7d4-40334284038a,f33a86e4-66f5-4283-b051-e81e764c9982,c5,c4,2463,p2,?,
1769449684.2508185,RECEIVED,f802694f-7e64-4292-8342-a5517a920085,15104e64-4667-4770-b485-3100a0d3fd05,c2,c1,2451,p2,?,
1769449684.316357,RECEIVED,c042fcd2-3941-4891-96b1-47061c2d8273,5e049d40-9e62-4ea3-a30d-d7427039c700,c1,c3,2472,p1,?,
1769449684.4522128,SENT,6e7b90c1-13b4-40a7-b07b-43e98f1c28a8,31498f04-f9c7-4097-b51e-475c85bbcb9c,c5,DROP,1021,?,i7,
1769449684.452256,FORWARDED,6e7b90c1-13b4-40a7-b07b-43e98f1c28a8,31498f04-f9c7-4097-b51e-475c85bbcb9c,c5,DROP,1021,?,i7,
1769449684.5267618,SENT,4d7d3239-f93c-489b-981d-48898e76936a,c2b91f43-b90a-428b-ad7c-8886f5542e2b,c5,DROP,1007,?,i7,
1769449684.526805,FORWARDED,4d7d3239-f93c-489b-981d-48898e76936a,c2b91f43-b90a-428b-ad7c-8886f5542e2b,c5,DROP,1007,?,i7,
1769449684.5659063,RECEIVED,4a3cad12-4864-42b6-a34c-a3dda54c6508,978da9db-22bb-4199-9c21-73cd6db79fcc,c3,c5,2468,p3,?,
1769449684.701366,SENT,4a3cad12-4864-42b6-a34c-a3dda54c6508,978da9db-22bb-4199-9c21-73cd6db79fcc,c3,c5,1777,?,i11,
1769449684.7014086,FORWARDED,4a3cad12-4864-42b6-a34c-a3dda54c6508,978da9db-22bb-4199-9c21-73cd6db79fcc,c3,c5,1777,?,i11,
1769449684.7943976,RECEIVED,22fddfaf-ed7b-46f4-b9f9-884b5f429349,97a25d51-089f-4347-9569-9f8688b03413,c4,DROP,1445,p1,?,
1769449684.8494997,SENT,22fddfaf-ed7b-46f4-b9f9-884b5f429349,97a25d51-089f-4347-9569-9f8688b03413,c4,DROP,1011,?,i1,
1769449684.8495517,FORWARDED,22fddfaf-ed7b-46f4-b9f9-884b5f429349,97a25d51-089f-4347-9569-9f8688b03413,c4,DROP,1011,?,i1,
1769449684.869259,RECEIVED,6c388499-5d43-43f6-8cce-17893ac65d8e,a3cf8ab2-fe90-46e2-bdb4-01c9e8ab8dbd,c3,DROP,1445,p3,?,
1769449684.925466,SENT,6c388499-5d43-43f6-8cce-17893ac65d8e,a3cf8ab2-fe90-46e2-bdb4-01c9e8ab8dbd,c3,DROP,1011,?,i9,
1769449684.9255252,FORWARDED,6c388499-5d43-43f6-8cce-17893ac65d8e,a3cf8ab2-fe90-46e2-bdb4-01c9e8ab8dbd,c3,DROP,1011,?,i9,
1769449684.9275835,SENT,c042fcd2-3941-4891-96b1-47061c2d8273,5e049d40-9e62-4ea3-a30d-d7427039c700,c1,c3,1780,?,i11,
1769449684.9276247,FORWARDED,c042fcd2-3941-4891-96b1-47061c2d8273,5e049d40-9e62-4ea3-a30d-d7427039c700,c1,c3,1780,?,i11,
1769449684.9409354,RECEIVED,17994807-90b9-4c65-b0a1-9221f646459f,8ef1b8a1-6ddf-492e-ae27-f7c096d30974,c3,DROP,1444,p3,?,
1769449685.1673303,SENT,17994807-90b9-4c65-b0a1-9221f646459f,8ef1b8a1-6ddf-492e-ae27-f7c096d30974,c3,DROP,1011,?,i10,
1769449685.167374,FORWARDED,17994807-90b9-4c65-b0a1-9221f646459f,8ef1b8a1-6ddf-492e-ae27-f7c096d30974,c3,DROP,1011,?,i10,
1769449685.239606,RECEIVED,c28401f1-bb63-450a-8fa8-7c5b60544d21,f570539e-19ae-44a0-9154-b65003c0c07f,c4,c5,2463,p1,?,
1769449685.3004165,SENT,c28401f1-bb63-450a-8fa8-7c5b60544d21,f570539e-19ae-44a0-9154-b65003c0c07f,c4,c5,1776,?,i9,
1769449685.300455,FORWARDED,c28401f1-bb63-450a-8fa8-7c5b60544d21,f570539e-19ae-44a0-9154-b65003c0c07f,c4,c5,1776,?,i9,
1769449685.3591304,SENT,4734ddb0-4b76-412e-a7d4-40334284038a,f33a86e4-66f5-4283-b051-e81e764c9982,c5,c4,1776,?,i4,
1769449685.3591685,FORWARDED,4734ddb0-4b76-412e-a7d4-40334284038a,f33a86e4-66f5-4283-b051-e81e764c9982,c5,c4,1776,?,i4,
1769449685.4513588,RECEIVED,2192affb-2d00-4314-b031-10eeb83bcdb5,e0acae5d-976d-4dbc-8b6e-9185ccc8381f,c2,c1,2464,p2,?,
1769449685.5053668,RECEIVED,fadef68a-8aa8-46b9-84aa-86bcc0a8becb,9515aa47-656d-4a4a-9e15-f7f48bb5db2a,c5,c4,2463,p2,?,
1769449685.5291488,SENT,41c3a1f6-30e2-47de-99e1-5ef799d30bfa,ac81d7c7-6172-4f9b-b39c-488667106138,c1,DROP,1007,?,i2,
1769449685.5291889,FORWARDED,41c3a1f6-30e2-47de-99e1-5ef799d30bfa,ac81d7c7-6172-4f9b-b39c-488667106138,c1,DROP,1007,?,i2,
1769449685.6343417,RECEIVED,424dc5cd-8cf7-40bc-8a2f-d93ae444d129,304ceacb-32dc-4578-8e11-ae7d8b17ce8f,c2,DROP,441,x9,?,
1769449685.783979,SENT,f802694f-7e64-4292-8342-a5517a920085,15104e64-4667-4770-b485-3100a0d3fd05,c2,c1,1766,?,i4,
1769449685.784023,FORWARDED,f802694f-7e64-4292-8342-a5517a920085,15104e64-4667-4770-b485-3100a0d3fd05,c2,c1,1766,?,i4,
1769449685.8652558,SENT,2192affb-2d00-4314-b031-10eeb83bcdb5,e0acae5d-976d-4dbc-8b6e-9185ccc8381f,c2,c1,1775,?,i10,
1769449685.865299,FORWARDED,2192affb-2d00-4314-b031-10eeb83bcdb5,e0acae5d-976d-4dbc-8b6e-9185ccc8381f,c2,c1,1775,?,i10,
1769449685.904205,RECEIVED,66a581c7-e213-40c8-855f-63b5ea081f45,2214b8d1-2ef9-484f-9936-c4ac3d7aeff0,c5,DROP,1443,p2,?,
1769449685.9889436,SENT,66a581c7-e213-40c8-855f-63b5ea081f45,2214b8d1-2ef9-484f-9936-c4ac3d7aeff0,c5,DROP,1011,?,i3,
1769449685.9889834,FORWARDED,66a581c7-e213-40c8-855f-63b5ea081f45,2214b8d1-2ef9-484f-9936-c4ac3d7aeff0,c5,DROP,1011,?,i3,
1769449686.1058705,RECEIVED,53fa3ced-6c78-4bec-bba9-adfeca3af6b3,b637e9ee-c9ce-4ff3-8626-c66fa90e6838,c4,DROP,1440,p1,?,
1769449686.2121062,RECEIVED,7254cec6-d541-4549-9028-c1740e78ba90,2993a362-20c2-4f02-8341-14cb0c944ab0,c2,DROP,1444,p2,?,
1769449686.2457788,RECEIVED,fa8969af-0155-4ec5-816c-769bf3fbdf22,2ec8a2e4-583a-4ea5-be67-1a16a46eb87d,c3,c5,2458,p3,?,
1769449686.269633,RECEIVED,0c33b2d2-2780-4326-9718-0197a4a899ba,79ff564d-96be-4849-93d0-3b7e68f7f650,c4,DROP,1443,p1,?,
1769449686.2960007,SENT,fa8969af-0155-4ec5-816c-769bf3fbdf22,2ec8a2e4-583a-4ea5-be67-1a16a46eb87d,c3,c5,1769,?,i10,
1769449686.2960386,FORWARDED,fa8969af-0155-4ec5-816c-769bf3fbdf22,2ec8a2e4-583a-4ea5-be67-1a16a46eb87d,c3,c5,1769,?,i10,
1769449686.3461375,SENT,53fa3ced-6c78-4bec-bba9-adfeca3af6b3,b637e9ee-c9ce-4ff3-8626-c66fa90e6838,c4,DROP,1006,?,i6,
1769449686.3461812,FORWARDED,53fa3ced-6c78-4bec-bba9-adfeca3af6b3,b637e9ee-c9ce-4ff3-8626-c66fa90e6838,c4,DROP,1006,?,i6,
1769449686.4493296,SENT,0c33b2d2-2780-4326-9718-0197a4a899ba,79ff564d-96be-4849-93d0-3b7e68f7f650,c4,DROP,1009,?,i1,
1769449686.4493735,FORWARDED,0c33b2d2-2780-4326-9718-0197a4a899ba,79ff564d-96be-4849-93d0-3b7e68f7f650,c4,DROP,1009,?,i1,
1769449686.561009,RECEIVED,39306a9b-be96-46ce-a05a-3f2f658f0fdb,b67735ef-dab9-4d70-b4a7-a1b91f9b77f6,c1,DROP,1444,p1,?,
1769449686.639827,SENT,fadef68a-8aa8-46b9-84aa-86bcc0a8becb,9515aa47-656d-4a4a-9e15-f7f48bb5db2a,c5,c4,1776,?,i1,
1769449686.6398685,FORWARDED,fadef68a-8aa8-46b9-84aa-86bcc0a8becb,9515aa47-656d-4a4a-9e15-f7f48bb5db2a,c5,c4,1776,?,i1,
1769449686.6905706,RECEIVED,3979af13-6f7a-44f3-b26e-7b2553b41358,f37c385e-4000-41c0-aee3-e955114b1d01,c1,DROP,1452,p1,?,
1769449686.8996623,RECEIVED,55e1e3e0-1bad-4e8b-84f4-998c70c2433e,46bdc992-a82d-4f45-b748-37cce2ee70d3,c4,DROP,1443,p1,?,
1769449686.9159994,SENT,39306a9b-be96-46ce-a05a-3f2f658f0fdb,b67735ef-dab9-4d70-b4a7-a1b91f9b77f6,c1,DROP,1011,?,i10,
1769449686.9160411,FORWARDED,39306a9b-be96-46ce-a05a-3f2f658f0fdb,b67735ef-dab9-4d70-b4a7-a1b91f9b77f6,c1,DROP,1011,?,i10,
1769449686.937931,SENT,3979af13-6f7a-44f3-b26e-7b2553b41358,f37c385e-4000-41c0-aee3-e955114b1d01,c1,DROP,1017,?,i1,
1769449686.9379818,FORWARDED,3979af13-6f7a-44f3-b26e-7b2553b41358,f37c385e-4000-41c0-aee3-e955114b1d01,c1,DROP,1017,?,i1,
1769449687.0402718,RECEIVED,d26e7678-dcaf-4986-9a3f-e48b70d3c88e,4a0b7f03-972c-4a19-8276-56853a0aab3c,c4,c5,2483,p1,?,
1769449687.2142699,SENT,d26e7678-dcaf-4986-9a3f-e48b70d3c88e,4a0b7f03-972c-4a19-8276-56853a0aab3c,c4,c5,1789,?,i9,
1769449687.2143118,FORWARDED,d26e7678-dcaf-4986-9a3f-e48b70d3c88e,4a0b7f03-972c-4a19-8276-56853a0aab3c,c4,c5,1789,?,i9,
1769449687.4213037,RECEIVED,2f93d52e-598c-46f5-91f4-4e0951e8b657,a99292f1-1b08-4b3e-998d-0b542c5f45a6,c2,DROP,1452,p2,?,
1769449687.4333556,RECEIVED,6f63fda6-f8ef-4e7c-8a91-21725e2c3770,3a7184f0-a5f1-45f7-8619-ba99d3ed2c27,c2,DROP,1447,p2,?,
1769449687.4914117,SENT,7254cec6-d541-4549-9028-c1740e78ba90,2993a362-20c2-4f02-8341-14cb0c944ab0,c2,DROP,1011,?,i10,
1769449687.4914541,FORWARDED,7254cec6-d541-4549-9028-c1740e78ba90,2993a362-20c2-4f02-8341-14cb0c944ab0,c2,DROP,1011,?,i10,
1769449687.5505123,RECEIVED,1056c15b-634e-4bae-87f4-5e264ab28e6a,56ccdcd8-8f08-4474-a22c-bef387033d6a,c3,c5,2468,p3,?,
1769449687.600267,RECEIVED,2ff266b4-7f12-4929-b6fd-eacf8c0cb4d6,910fb595-6b29-4acb-97db-be618e542fc6,c5,DROP,1427,p2,?,
1769449687.7074637,RECEIVED,70c3e25b-fd58-45e6-87b1-0fc52f4b8488,a5e5bff1-0a02-4402-98e3-2aefbb38c54d,c1,c3,2456,p1,?,
1769449687.7194252,SENT,1056c15b-634e-4bae-87f4-5e264ab28e6a,56ccdcd8-8f08-4474-a22c-bef387033d6a,c3,c5,1777,?,i2,
1769449687.7194636,FORWARDED,1056c15b-634e-4bae-87f4-5e264ab28e6a,56ccdcd8-8f08-4474-a22c-bef387033d6a,c3,c5,1777,?,i2,
1769449687.8104963,SENT,2f93d52e-598c-46f5-91f4-4e0951e8b657,a99292f1-1b08-4b3e-998d-0b542c5f45a6,c2,DROP,1017,?,i11,
1769449687.8105354,FORWARDED,2f93d52e-598c-46f5-91f4-4e0951e8b657,a99292f1-1b08-4b3e-998d-0b542c5f45a6,c2,DROP,1017,?,i11,
1769449687.9696763,SENT,70c3e25b-fd58-45e6-87b1-0fc52f4b8488,a5e5bff1-0a02-4402-98e3-2aefbb38c54d,c1,c3,1769,?,i5,
1769449687.969729,FORWARDED,70c3e25b-fd58-45e6-87b1-0fc52f4b8488,a5e5bff1-0a02-4402-98e3-2aefbb38c54d,c1,c3,1769,?,i5,
1769449688.1186643,RECEIVED,9e401400-c00c-41bc-8cba-f3cd09c33656,940a4288-3340-4b9f-a5fa-61b999b5a815,c1,c3,2463,p1,?,
1769449688.2357166,SENT,55e1e3e0-1bad-4e8b-84f4-998c70c2433e,46bdc992-a82d-4f45-b748-37cce2ee70d3,c4,DROP,1011,?,i2,
1769449688.2357564,FORWARDED,55e1e3e0-1bad-4e8b-84f4-998c70c2433e,46bdc992-a82d-4f45-b748-37cce2ee70d3,c4,DROP,1011,?,i2,
1769449688.248527,RECEIVED,74557be9-23d1-485f-9ed2-7e209a377fac,12697a78-1905-4359-97db-e4f9feb18c71,c5,DROP,1442,p2,?,
1769449688.3120277,RECEIVED,f7f506ba-0e56-468b-9c67-f247674f4f31,9a05123d-f651-496c-90e5-5a0ca06a8ce4,c5,DROP,1451,p2,?,
1769449688.3373246,SENT,74557be9-23d1-485f-9ed2-7e209a377fac,12697a78-1905-4359-97db-e4f9feb18c71,c5,DROP,1007,?,i11,
1769449688.3373625,FORWARDED,74557be9-23d1-485f-9ed2-7e209a377fac,12697a78-1905-4359-97db-e4f9feb18c71,c5,DROP,1007,?,i11,
1769449688.6452043,RECEIVED,ea355177-1c02-44c4-a258-e435178150e5,8ebb3cfd-1c36-42c4-9612-737fbb87f10f,c5,c4,2454,p2,?,
1769449688.6802828,SENT,f7f506ba-0e56-468b-9c67-f247674f4f31,9a05123d-f651-496c-90e5-5a0ca06a8ce4,c5,DROP,1015,?,i4,
1769449688.680323,FORWARDED,f7f506ba-0e56-468b-9c67-f247674f4f31,9a05123d-f651-496c-90e5-5a0ca06a8ce4,c5,DROP,1015,?,i4,
1769449688.6917586,RECEIVED,6c1eefee-986c-49f9-864f-437396c1c9dd,a4e36b7a-7ccd-421a-b5d9-61bba44b6b14,c4,DROP,1440,p1,?,
1769449688.8424585,SENT,2ff266b4-7f12-4929-b6fd-eacf8c0cb4d6,910fb595-6b29-4acb-97db-be618e542fc6,c5,DROP,998,?,i7,
1769449688.8424997,FORWARDED,2ff266b4-7f12-4929-b6fd-eacf8c0cb4d6,910fb595-6b29-4acb-97db-be618e542fc6,c5,DROP,998,?,i7,
1769449688.9686968,SENT,9e401400-c00c-41bc-8cba-f3cd09c33656,940a4288-3340-4b9f-a5fa-61b999b5a815,c1,c3,1776,?,i3,
1769449688.9687388,FORWARDED,9e401400-c00c-41bc-8cba-f3cd09c33656,940a4288-3340-4b9f-a5fa-61b999b5a815,c1,c3,1776,?,i3,
1769449689.012419,SENT,6f63fda6-f8ef-4e7c-8a91-21725e2c3770,3a7184f0-a5f1-45f7-8619-ba99d3ed2c27,c2,DROP,1013,?,i4,
1769449689.0124633,FORWARDED,6f63fda6-f8ef-4e7c-8a91-21725e2c3770,3a7184f0-a5f1-45f7-8619-ba99d3ed2c27,c2,DROP,1013,?,i4,
1769449689.0917754,RECEIVED,619ee934-4576-4a80-bc97-3f798dbb22a3,71c4c17d-f16d-4321-87b1-f7b77e111198,c4,DROP,1439,p1,?,
1769449689.129702,SENT,6c1eefee-986c-49f9-864f-437396c1c9dd,a4e36b7a-7ccd-421a-b5d9-61bba44b6b14,c4,DROP,1008,?,i7,
1769449689.1297386,FORWARDED,6c1eefee-986c-49f9-864f-437396c1c9dd,a4e36b7a-7ccd-421a-b5d9-61bba44b6b14,c4,DROP,1008,?,i7,
1769449689.1921911,RECEIVED,46984092-7b29-4533-bfd6-b0547454d49b,db450736-004f-4e5d-8d9d-dea410b83990,c5,c4,2460,p2,?,
1769449689.2419686,RECEIVED,a5d450f3-e57e-4f98-b61f-3966754d8be2,2bbb52a9-2439-461a-a00e-96693c7f777e,c1,DROP,1440,p1,?,
1769449689.3352382,SENT,a5d450f3-e57e-4f98-b61f-3966754d8be2,2bbb52a9-2439-461a-a00e-96693c7f777e,c1,DROP,1008,?,i6,
1769449689.3352776,FORWARDED,a5d450f3-e57e-4f98-b61f-3966754d8be2,2bbb52a9-2439-461a-a00e-96693c7f777e,c1,DROP,1008,?,i6,
1769449689.4835992,RECEIVED,1251c876-e566-46f1-a2ce-5d79840ea2ce,c20a5a73-4f8e-4f3f-b2fd-4fb4ea46e1b3,c5,c4,2452,p2,?,
1769449689.5755057,RECEIVED,ce1db255-784c-4fe5-8840-68c06f04282f,edfb20fe-399c-4524-90cc-1f0203a9cc61,c3,c5,2464,p3,?,
1769449689.6289635,SENT,ea355177-1c02-44c4-a258-e435178150e5,8ebb3cfd-1c36-42c4-9612-737fbb87f10f,c5,c4,1768,?,i3,
1769449689.6290035,FORWARDED,ea355177-1c02-44c4-a258-e435178150e5,8ebb3cfd-1c36-42c4-9612-737fbb87f10f,c5,c4,1768,?,i3,
1769449689.6494575,SENT,1251c876-e566-46f1-a2ce-5d79840ea2ce,c20a5a73-4f8e-4f3f-b2fd-4fb4ea46e1b3,c5,c4,1765,?,i7,
1769449689.6495,FORWARDED,1251c876-e566-46f1-a2ce-5d79840ea2ce,c20a5a73-4f8e-4f3f-b2fd-4fb4ea46e1b3,c5,c4,1765,?,i7,
1769449689.653398,SENT,46984092-7b29-4533-bfd6-b0547454d49b,db450736-004f-4e5d-8d9d-dea410b83990,c5,c4,1771,?,i3,
1769449689.6534343,FORWARDED,46984092-7b29-4533-bfd6-b0547454d49b,db450736-004f-4e5d-8d9d-dea410b83990,c5,c4,1771,?,i3,
1769449689.6829593,SENT,ce1db255-784c-4fe5-8840-68c06f04282f,edfb20fe-399c-4524-90cc-1f0203a9cc61,c3,c5,1776,?,i7,
1769449689.6830025,FORWARDED,ce1db255-784c-4fe5-8840-68c06f04282f,edfb20fe-399c-4524-90cc-1f0203a9cc61,c3,c5,1776,?,i7,
1769449689.7530408,SENT,619ee934-4576-4a80-bc97-3f798dbb22a3,71c4c17d-f16d-4321-87b1-f7b77e111198,c4,DROP,1007,?,i3,
1769449689.7530918,FORWARDED,619ee934-4576-4a80-bc97-3f798dbb22a3,71c4c17d-f16d-4321-87b1-f7b77e111198,c4,DROP,1007,?,i3,
1769449689.9868355,RECEIVED,6368279d-e3d4-447c-ba09-5fe90c871e1a,d1190aa2-a7eb-4578-a725-cf607ef83cd3,c3,DROP,1452,p3,?,
1769449690.083889,RECEIVED,9d2cc458-e225-4f85-b5e4-ef30b12837b6,f5ffe48d-a96f-447c-802a-63c88162c63a,c5,DROP,1448,p2,?,
1769449690.1670234,SENT,6368279d-e3d4-447c-ba09-5fe90c871e1a,d1190aa2-a7eb-4578-a725-cf607ef83cd3,c3,DROP,1015,?,i8,
1769449690.1670744,FORWARDED,6368279d-e3d4-447c-ba09-5fe90c871e1a,d1190aa2-a7eb-4578-a725-cf607ef83cd3,c3,DROP,1015,?,i8,
1769449690.2640574,SENT,9d2cc458-e225-4f85-b5e4-ef30b12837b6,f5ffe48d-a96f-447c-802a-63c88162c63a,c5,DROP,1012,?,i6,
1769449690.2640996,FORWARDED,9d2cc458-e225-4f85-b5e4-ef30b12837b6,f5ffe48d-a96f-447c-802a-63c88162c63a,c5,DROP,1012,?,i6,
1769449690.2896903,RECEIVED,1dfaabb5-60ed-42d2-a831-7def3b7de569,b25da2c8-0658-4f6f-92a3-00083438bcd2,c1,c3,2477,p1,?,
1769449690.3664188,SENT,1dfaabb5-60ed-42d2-a831-7def3b7de569,b25da2c8-0658-4f6f-92a3-00083438bcd2,c1,c3,1785,?,i10,
1769449690.3667817,FORWARDED,1dfaabb5-60ed-42d2-a831-7def3b7de569,b25da2c8-0658-4f6f-92a3-00083438bcd2,c1,c3,1785,?,i10,
1769449690.5449045,RECEIVED,a20bc96a-3147-474a-8ef4-c7bc7fea4d51,bf7832c4-3225-43e9-a5c5-59d6070ca7e9,c5,DROP,445,x10,?,
1769449690.8556569,RECEIVED,a4d76070-d765-4912-a4a7-8c728fdd251b,cbff46d9-723e-451e-aa3e-91708b7acf8f,c5,DROP,1446,p2,?,
1769449691.207819,RECEIVED,1eb1dad5-5be3-479b-8bb4-a0d5b3b183ab,85d84fd5-a8e7-44c0-9e3f-85834f1de779,c3,DROP,442,x6,?,
1769449691.2420688,RECEIVED,f5dc6a14-6929-45b4-a4d6-10544defbf53,c935f14d-f52b-45ca-8541-f1c8cd7d6c29,c2,c1,2473,p2,?,
1769449691.2443511,RECEIVED,7b7568ed-f74e-4605-83d6-8633920c309f,dbd00059-358f-410b-9d4b-64a4a592aee6,c1,DROP,1444,p1,?,
1769449691.2906027,SENT,f5dc6a14-6929-45b4-a4d6-10544defbf53,c935f14d-f52b-45ca-8541-f1c8cd7d6c29,c2,c1,1780,?,i12,
1769449691.2906468,FORWARDED,f5dc6a14-6929-45b4-a4d6-10544defbf53,c935f14d-f52b-45ca-8541-f1c8cd7d6c29,c2,c1,1780,?,i12,
1769449691.3104997,RECEIVED,88bd0681-6812-4f75-a3d7-7290f2ca0883,03e1601f-4945-4a4d-a226-2b5711533ebc,c3,c5,2460,p3,?,
1769449691.3706973,RECEIVED,a69a227e-79ce-4375-8689-087f6dbddd3d,c768c86a-e53c-4593-bc57-820f8b33d497,c2,c1,2471,p2,?,
1769449691.4653604,SENT,7b7568ed-f74e-4605-83d6-8633920c309f,dbd00059-358f-410b-9d4b-64a4a592aee6,c1,DROP,1009,?,i2,
1769449691.4654016,FORWARDED,7b7568ed-f74e-4605-83d6-8633920c309f,dbd00059-358f-410b-9d4b-64a4a592aee6,c1,DROP,1009,?,i2,
1769449691.4989579,SENT,88bd0681-6812-4f75-a3d7-7290f2ca0883,03e1601f-4945-4a4d-a226-2b5711533ebc,c3,c5,1771,?,i8,
1769449691.4990013,FORWARDED,88bd0681-6812-4f75-a3d7-7290f2ca0883,03e1601f-4945-4a4d-a226-2b5711533ebc,c3,c5,1771,?,i8,
1769449691.5717137,SENT,a4d76070-d765-4912-a4a7-8c728fdd251b,cbff46d9-723e-451e-aa3e-91708b7acf8f,c5,DROP,1013,?,i2,
1769449691.5717545,FORWARDED,a4d76070-d765-4912-a4a7-8c728fdd251b,cbff46d9-723e-451e-aa3e-91708b7acf8f,c5,DROP,1013,?,i2,
1769449691.602686,RECEIVED,40aae700-5dcb-4993-9221-d7ffe75b31ff,b535b748-0f38-4b9d-8771-a5106c2c3a6d,c5,c4,2452,p2,?,
1769449692.058591,RECEIVED,93af773f-4427-47ea-9ed9-ae53ae4f7810,8a8b848a-54ae-4783-b1d0-f9a7952d3afc,c5,DROP,1447,p2,?,
1769449692.2534442,SENT,a69a227e-79ce-4375-8689-087f6dbddd3d,c768c86a-e53c-4593-bc57-820f8b33d497,c2,c1,1780,?,i8,
1769449692.2538211,FORWARDED,a69a227e-79ce-4375-8689-087f6dbddd3d,c768c86a-e53c-4593-bc57-820f8b33d497,c2,c1,1780,?,i8,
1769449692.367393,RECEIVED,ade0850e-c8a1-4967-96b1-4f0f8bccf40a,0ecce176-2c0e-4f9d-a22c-399e83f8b538,c1,c3,2469,p1,?,
1769449692.390207,SENT,93af773f-4427-47ea-9ed9-ae53ae4f7810,8a8b848a-54ae-4783-b1d0-f9a7952d3afc,c5,DROP,1012,?,i5,
1769449692.390249,FORWARDED,93af773f-4427-47ea-9ed9-ae53ae4f7810,8a8b848a-54ae-4783-b1d0-f9a7952d3afc,c5,DROP,1012,?,i5,
1769449692.447516,SENT,ade0850e-c8a1-4967-96b1-4f0f8bccf40a,0ecce176-2c0e-4f9d-a22c-399e83f8b538,c1,c3,1779,?,i10,
1769449692.4475718,FORWARDED,ade0850e-c8a1-4967-96b1-4f0f8bccf40a,0ecce176-2c0e-4f9d-a22c-399e83f8b538,c1,c3,1779,?,i10,
1769449692.486067,SENT,40aae700-5dcb-4993-9221-d7ffe75b31ff,b535b748-0f38-4b9d-8771-a5106c2c3a6d,c5,c4,1767,?,i10,
1769449692.4861093,FORWARDED,40aae700-5dcb-4993-9221-d7ffe75b31ff,b535b748-0f38-4b9d-8771-a5106c2c3a6d,c5,c4,1767,?,i10,
1769449692.6136703,RECEIVED,b8411b63-53e7-4e9d-9666-af5da44954c1,5366e600-a569-4312-aabc-67f1be11d5f3,c5,DROP,1444,p2,?,
1769449692.7241707,RECEIVED,2695b56f-57c7-4142-981a-88b69e05ca89,760dcb59-4244-4b32-93c1-9f271f0aa245,c2,DROP,443,x2,?,
1769449692.7350345,RECEIVED,249cdbd1-167e-464d-be3e-cd38bb154a9b,c693611d-7603-44ea-a9b6-83377e436c8a,c1,DROP,1456,p1,?,
1769449692.7410896,SENT,b8411b63-53e7-4e9d-9666-af5da44954c1,5366e600-a569-4312-aabc-67f1be11d5f3,c5,DROP,1009,?,i4,
1769449692.7411318,FORWARDED,b8411b63-53e7-4e9d-9666-af5da44954c1,5366e600-a569-4312-aabc-67f1be11d5f3,c5,DROP,1009,?,i4,
1769449692.9593697,RECEIVED,49a816d6-cb5f-403f-8f3c-f7511c62808d,c745353e-0edb-4ebd-a967-b529eb06adbd,c2,c1,2476,p2,?,
1769449693.265875,RECEIVED,34b79f12-eac1-4efc-acd1-6edabfa6731b,42c38274-9759-4078-9038-ece04ec40aa0,c5,DROP,1453,p2,?,
1769449693.3031375,RECEIVED,aacf5a03-3ffa-41d0-8550-3d4467ba2361,780a61a0-1355-4f0f-9c3f-b3e0ca7aa69a,c2,c1,2464,p2,?,
1769449693.319629,RECEIVED,4dc3428f-a1f1-400e-914d-bf34f1ecb5b2,92742191-b7ec-4959-9062-2108b4a48a99,c5,c4,2455,p2,?,
1769449693.3211765,RECEIVED,b66c511d-39d6-4f75-bf70-f4748eff65a1,362628ba-3f4d-40a3-abf3-0a7ec36093a9,c4,c5,2468,p1,?,
1769449693.3745031,RECEIVED,054d3712-7215-4d68-82c6-527f05b53b99,a6bb5bd6-6009-4f6e-a0c9-009133df7ce8,c4,DROP,440,x6,?,
1769449693.4361565,SENT,34b79f12-eac1-4efc-acd1-6edabfa6731b,42c38274-9759-4078-9038-ece04ec40aa0,c5,DROP,1015,?,i10,
1769449693.4361982,FORWARDED,34b79f12-eac1-4efc-acd1-6edabfa6731b,42c38274-9759-4078-9038-ece04ec40aa0,c5,DROP,1015,?,i10,
1769449693.4493296,SENT,249cdbd1-167e-464d-be3e-cd38bb154a9b,c693611d-7603-44ea-a9b6-83377e436c8a,c1,DROP,1020,?,i12,
1769449693.4493635,FORWARDED,249cdbd1-167e-464d-be3e-cd38bb154a9b,c693611d-7603-44ea-a9b6-83377e436c8a,c1,DROP,1020,?,i12,
1769449693.5113964,RECEIVED,f581fd98-eafb-41ad-a98d-373b65199c3f,2e19b354-ad5f-4fe4-9c3b-7dd8e987c45e,c5,c4,2459,p2,?,
1769449693.532365,RECEIVED,9361fa1d-2bf6-4b29-8995-8f87f90413ee,6e239316-29e3-4ad3-8424-df234664e584,c2,c1,2464,p2,?,
1769449693.665624,SENT,aacf5a03-3ffa-41d0-8550-3d4467ba2361,780a61a0-1355-4f0f-9c3f-b3e0ca7aa69a,c2,c1,1775,?,i3,
1769449693.6656647,FORWARDED,aacf5a03-3ffa-41d0-8550-3d4467ba2361,780a61a0-1355-4f0f-9c3f-b3e0ca7aa69a,c2,c1,1775,?,i3,
1769449693.7286139,SENT,b66c511d-39d6-4f75-bf70-f4748eff65a1,362628ba-3f4d-40a3-abf3-0a7ec36093a9,c4,c5,1778,?,i8,
1769449693.728656,FORWARDED,b66c511d-39d6-4f75-bf70-f4748eff65a1,362628ba-3f4d-40a3-abf3-0a7ec36093a9,c4,c5,1778,?,i8,
1769449693.8302152,SENT,49a816d6-cb5f-403f-8f3c-f7511c62808d,c745353e-0edb-4ebd-a967-b529eb06adbd,c2,c1,1784,?,i11,
1769449693.830255,FORWARDED,49a816d6-cb5f-403f-8f3c-f7511c62808d,c745353e-0edb-4ebd-a967-b529eb06adbd,c2,c1,1784,?,i11,
1769449694.1396646,SENT,4dc3428f-a1f1-400e-914d-bf34f1ecb5b2,92742191-b7ec-4959-9062-2108b4a48a99,c5,c4,1768,?,i9,
1769449694.141542,FORWARDED,4dc3428f-a1f1-400e-914d-bf34f1ecb5b2,92742191-b7ec-4959-9062-2108b4a48a99,c5,c4,1768,?,i9,
1769449694.1669345,RECEIVED,fc8525d5-66b5-43a9-8a42-facd6ebe8756,c7dad7b1-d547-44a6-839d-ffa926209d7f,c3,c5,2464,p3,?,
1769449694.177277,RECEIVED,e40f8393-1efd-43fd-924c-ce68feddf817,6ae96c05-94ba-4136-b7ac-936f62249c43,c1,DROP,447,x1,?,
1769449694.2432313,SENT,fc8525d5-66b5-43a9-8a42-facd6ebe8756,c7dad7b1-d547-44a6-839d-ffa926209d7f,c3,c5,1774,?,i7,
1769449694.243273,FORWARDED,fc8525d5-66b5-43a9-8a42-facd6ebe8756,c7dad7b1-d547-44a6-839d-ffa926209d7f,c3,c5,1774,?,i7,
1769449694.285107,RECEIVED,da2e9acb-b1fc-4532-b7b4-32fa0f939d4f,1240c784-b034-448d-b55d-a27e3e5151c6,c5,c4,2449,p2,?,
1769449694.3088913,RECEIVED,4a2d76c4-61b4-4aed-9b2d-4b353b591ea5,3ca3ccd3-64d9-4bc9-9a44-b38359c546dc,c3,c5,2464,p3,?,
1769449694.3477445,SENT,4a2d76c4-61b4-4aed-9b2d-4b353b591ea5,3ca3ccd3-64d9-4bc9-9a44-b38359c546dc,c3,c5,1775,?,i9,
1769449694.3477955,FORWARDED,4a2d76c4-61b4-4aed-9b2d-4b353b591ea5,3ca3ccd3-64d9-4bc9-9a44-b38359c546dc,c3,c5,1775,?,i9,
1769449694.4227684,RECEIVED,4073720f-e248-4639-89a4-d784daed1351,9ead7032-a706-4cc9-a188-0edddb4dc6c1,c5,c4,2464,p2,?,
1769449694.550309,SENT,4073720f-e248-4639-89a4-d784daed1351,9ead7032-a706-4cc9-a188-0edddb4dc6c1,c5,c4,1776,?,i4,
1769449694.5503466,FORWARDED,4073720f-e248-4639-89a4-d784daed1351,9ead7032-a706-4cc9-a188-0edddb4dc6c1,c5,c4,1776,?,i4,
1769449694.5984018,SENT,f581fd98-eafb-41ad-a98d-373b65199c3f,2e19b354-ad5f-4fe4-9c3b-7dd8e987c45e,c5,c4,1772,?,i3,
1769449694.5984373,FORWARDED,f581fd98-eafb-41ad-a98d-373b65199c3f,2e19b354-ad5f-4fe4-9c3b-7dd8e987c45e,c5,c4,1772,?,i3,
1769449694.6209395,SENT,da2e9acb-b1fc-4532-b7b4-32fa0f939d4f,1240c784-b034-448d-b55d-a27e3e5151c6,c5,c4,1763,?,i10,
1769449694.6209817,FORWARDED,da2e9acb-b1fc-4532-b7b4-32fa0f939d4f,1240c784-b034-448d-b55d-a27e3e5151c6,c5,c4,1763,?,i10,
1769449694.7285721,RECEIVED,a5bf1038-d0df-4886-9e76-41f4022122df,f300ad02-9d95-4c41-be88-1ed735f04252,c5,DROP,1451,p2,?,
1769449694.9408016,RECEIVED,6558bbd0-5e79-4db4-a8f3-8ec428d71bb4,8542d42c-b97f-4a38-aded-466e8df402c0,c4,c5,2455,p1,?,
1769449694.9641597,RECEIVED,95264fdc-26fb-44a2-af27-3c2c7dc40e75,75f14982-f158-4069-8247-a7e87aa2d454,c4,c5,2460,p1,?,
1769449695.0939114,SENT,95264fdc-26fb-44a2-af27-3c2c7dc40e75,75f14982-f158-4069-8247-a7e87aa2d454,c4,c5,1772,?,i1,
1769449695.0939517,FORWARDED,95264fdc-26fb-44a2-af27-3c2c7dc40e75,75f14982-f158-4069-8247-a7e87aa2d454,c4,c5,1772,?,i1,
1769449695.14936,SENT,9361fa1d-2bf6-4b29-8995-8f87f90413ee,6e239316-29e3-4ad3-8424-df234664e584,c2,c1,1776,?,i11,
1769449695.149401,FORWARDED,9361fa1d-2bf6-4b29-8995-8f87f90413ee,6e239316-29e3-4ad3-8424-df234664e584,c2,c1,1776,?,i11,
1769449695.2192895,SENT,6558bbd0-5e79-4db4-a8f3-8ec428d71bb4,8542d42c-b97f-4a38-aded-466e8df402c0,c4,c5,1769,?,i1,
1769449695.2193315,FORWARDED,6558bbd0-5e79-4db4-a8f3-8ec428d71bb4,8542d42c-b97f-4a38-aded-466e8df402c0,c4,c5,1769,?,i1,
1769449695.421214,RECEIVED,5c5a0da0-f5c4-4b11-b159-77da4d2d6540,603c6f76-79b1-4c1c-8871-b1db3d37a3b7,c1,DROP,1441,p1,?,
1769449695.5218253,SENT,5c5a0da0-f5c4-4b11-b159-77da4d2d6540,603c6f76-79b1-4c1c-8871-b1db3d37a3b7,c1,DROP,1008,?,i8,
1769449695.521872,FORWARDED,5c5a0da0-f5c4-4b11-b159-77da4d2d6540,603c6f76-79b1-4c1c-8871-b1db3d37a3b7,c1,DROP,1008,?,i8,
1769449695.5846725,SENT,a5bf1038-d0df-4886-9e76-41f4022122df,f300ad02-9d95-4c41-be88-1ed735f04252,c5,DROP,1016,?,i2,
1769449695.584713,FORWARDED,a5bf1038-d0df-4886-9e76-41f4022122df,f300ad02-9d95-4c41-be88-1ed735f04252,c5,DROP,1016,?,i2,
1769449695.6742141,RECEIVED,5210c499-257f-40af-a8b5-499b0cf3b1a9,6ed0a68f-e086-4442-bea5-6f434907bd40,c5,c4,2463,p2,?,
1769449695.8103523,RECEIVED,689a044b-e69c-4af1-b45c-f9633a8a7b35,407ea472-7019-4776-b911-5f5eba870b21,c3,c5,2471,p3,?,
1769449695.876352,RECEIVED,f3617cf8-0424-495f-88f6-0413dae20777,687169c4-300f-4a12-baba-cc4402af1881,c1,DROP,1441,p1,?,
1769449695.9289722,RECEIVED,a10b6661-60da-4e77-9404-382134d14ced,9aa2af4d-88f9-469f-8b16-c0dc710fb476,c1,DROP,442,x11,?,
1769449695.9694052,RECEIVED,ba6ac276-8d4c-43ba-a701-b563d944588f,b748b486-3ef1-44ff-91fe-d5395daa98a9,c3,c5,2485,p3,?,
1769449695.979847,SENT,f3617cf8-0424-495f-88f6-0413dae20777,687169c4-300f-4a12-baba-cc4402af1881,c1,DROP,1007,?,i11,
1769449695.9798956,FORWARDED,f3617cf8-0424-495f-88f6-0413dae20777,687169c4-300f-4a12-baba-cc4402af1881,c1,DROP,1007,?,i11,
1769449696.0753088,RECEIVED,e9997a68-98e1-4815-8547-17ef3fd275a5,acf4c37e-9659-44f3-a1f2-5121b8f4bfb4,c3,c5,2464,p3,?,
1769449696.1058972,RECEIVED,2020761a-34c0-4fea-9972-fe4676c836d0,ee24309c-41cf-484f-b734-5e3239a75c22,c4,c5,2468,p1,?,
1769449696.173391,SENT,ba6ac276-8d4c-43ba-a701-b563d944588f,b748b486-3ef1-44ff-91fe-d5395daa98a9,c3,c5,1789,?,i10,
1769449696.173432,FORWARDED,ba6ac276-8d4c-43ba-a701-b563d944588f,b748b486-3ef1-44ff-91fe-d5395daa98a9,c3,c5,1789,?,i10,
1769449696.175923,SENT,2020761a-34c0-4fea-9972-fe4676c836d0,ee24309c-41cf-484f-b734-5e3239a75c22,c4,c5,1777,?,i1,
1769449696.1759734,FORWARDED,2020761a-34c0-4fea-9972-fe4676c836d0,ee24309c-41cf-484f-b734-5e3239a75c22,c4,c5,1777,?,i1,
1769449696.2218218,RECEIVED,eb20ef91-7365-4667-bd9d-0cdb96bf1227,40a98875-e2f4-4de0-880c-6a18cc29725f,c3,c5,2464,p3,?,
1769449696.2347686,RECEIVED,28a227b5-e288-4ca2-8fb8-87df4c76a7d8,8dbbe9ef-8cc0-4674-b36c-0976a64feffb,c3,DROP,441,x1,?,
1769449696.267434,SENT,e9997a68-98e1-4815-8547-17ef3fd275a5,acf4c37e-9659-44f3-a1f2-5121b8f4bfb4,c3,c5,1776,?,i12,
1769449696.2674816,FORWARDED,e9997a68-98e1-4815-8547-17ef3fd275a5,acf4c37e-9659-44f3-a1f2-5121b8f4bfb4,c3,c5,1776,?,i12,
1769449696.442623,SENT,eb20ef91-7365-4667-bd9d-0cdb96bf1227,40a98875-e2f4-4de0-880c-6a18cc29725f,c3,c5,1776,?,i6,
1769449696.4426627,FORWARDED,eb20ef91-7365-4667-bd9d-0cdb96bf1227,40a98875-e2f4-4de0-880c-6a18cc29725f,c3,c5,1776,?,i6,
1769449696.4784856,RECEIVED,d31dfc86-7120-42a7-b701-6e9d23478149,20497844-5f32-4a1e-8af9-1c779dda38c6,c3,DROP,442,x1,?,
1769449696.497829,SENT,5210c499-257f-40af-a8b5-499b0cf3b1a9,6ed0a68f-e086-4442-bea5-6f434907bd40,c5,c4,1776,?,i3,
1769449696.4978716,FORWARDED,5210c499-257f-40af-a8b5-499b0cf3b1a9,6ed0a68f-e086-4442-bea5-6f434907bd40,c5,c4,1776,?,i3,
1769449696.575784,RECEIVED,213aed33-6f65-4b34-9d9a-d9e0b6244349,20308bbb-472d-4406-b000-ad09d139a6be,c2,c1,2459,p2,?,
1769449696.6689537,RECEIVED,ded6b910-1f4e-4d70-aa75-87d85bc2c56f,fcbfb34e-56e7-4919-80cc-0da4024e6f69,c3,c5,2476,p3,?,
1769449696.8511229,RECEIVED,5973a52e-a8bf-42f1-a8ed-73d41f2f31f0,48a64a2c-c66a-4c94-abe8-2adfc8070b0f,c2,c1,2463,p2,?,
1769449697.0729764,SENT,ded6b910-1f4e-4d70-aa75-87d85bc2c56f,fcbfb34e-56e7-4919-80cc-0da4024e6f69,c3,c5,1784,?,i10,
1769449697.073018,FORWARDED,ded6b910-1f4e-4d70-aa75-87d85bc2c56f,fcbfb34e-56e7-4919-80cc-0da4024e6f69,c3,c5,1784,?,i10,
1769449697.1082747,RECEIVED,3c5b1402-587e-4143-ba93-b3ca288df97c,9c27a8df-a30a-48bd-92a4-d42eac62535c,c1,DROP,1443,p1,?,
1769449697.2489674,RECEIVED,92f9c067-06ef-4140-8118-27ad107bf61b,22de87c9-4f7b-4727-8923-03a1f9a49dfd,c4,DROP,1453,p1,?,
1769449697.2692757,RECEIVED,72739a7e-08a1-425e-8484-1650a70797be,a2275550-9126-4868-ab11-1f59ae88d033,c4,DROP,1439,p1,?,
1769449697.2819438,SENT,92f9c067-06ef-4140-8118-27ad107bf61b,22de87c9-4f7b-4727-8923-03a1f9a49dfd,c4,DROP,1016,?,i10,
1769449697.2819865,FORWARDED,92f9c067-06ef-4140-8118-27ad107bf61b,22de87c9-4f7b-4727-8923-03a1f9a49dfd,c4,DROP,1016,?,i10,
1769449697.4317102,RECEIVED,a4154174-4ca3-435b-80e6-62d1f417e5cd,2a3732ea-64e6-4c35-9338-5a96a5bcb66e,c3,c5,2465,p3,?,
1769449697.4637196,RECEIVED,90245f82-03f7-4454-8326-f64eee87f673,ef3bfbec-5d61-445a-8c77-ddb8abbbe66c,c5,DROP,440,x4,?,
1769449697.4739318,SENT,213aed33-6f65-4b34-9d9a-d9e0b6244349,20308bbb-472d-4406-b000-ad09d139a6be,c2,c1,1772,?,i7,
1769449697.473973,FORWARDED,213aed33-6f65-4b34-9d9a-d9e0b6244349,20308bbb-472d-4406-b000-ad09d139a6be,c2,c1,1772,?,i7,
1769449697.6404188,RECEIVED,0262a6d5-3975-4380-b7d5-975e042cec3f,c1466e9b-c279-4195-9b14-4444e442cbb5,c3,c5,2448,p3,?,
1769449697.646787,SENT,72739a7e-08a1-425e-8484-1650a70797be,a2275550-9126-4868-ab11-1f59ae88d033,c4,DROP,1007,?,i8,
1769449697.646837,FORWARDED,72739a7e-08a1-425e-8484-1650a70797be,a2275550-9126-4868-ab11-1f59ae88d033,c4,DROP,1007,?,i8,
1769449697.6662757,RECEIVED,8fa3b9fd-e743-4b31-a9f7-018b68e61ec1,f1735dbe-b235-4df8-a293-b0d1692a6967,c1,DROP,1439,p1,?,
1769449697.6755795,SENT,a4154174-4ca3-435b-80e6-62d1f417e5cd,2a3732ea-64e6-4c35-9338-5a96a5bcb66e,c3,c5,1776,?,i11,
1769449697.675624,FORWARDED,a4154174-4ca3-435b-80e6-62d1f417e5cd,2a3732ea-64e6-4c35-9338-5a96a5bcb66e,c3,c5,1776,?,i11,
1769449697.718284,RECEIVED,992b1a84-525e-49ab-ab1c-5dc2eebf2f6a,aee41281-2b49-4e82-b6be-10ef4fdd9b34,c2,DROP,1439,p2,?,
1769449697.729661,RECEIVED,71f40e41-dcee-4ce8-9e4a-4f384ff3e520,f4d39f86-7094-4ab2-9dd6-cebcd693436c,c4,DROP,1441,p1,?,
1769449697.7775812,SENT,71f40e41-dcee-4ce8-9e4a-4f384ff3e520,f4d39f86-7094-4ab2-9dd6-cebcd693436c,c4,DROP,1008,?,i1,
1769449697.777623,FORWARDED,71f40e41-dcee-4ce8-9e4a-4f384ff3e520,f4d39f86-7094-4ab2-9dd6-cebcd693436c,c4,DROP,1008,?,i1,
1769449697.8763568,SENT,689a044b-e69c-4af1-b45c-f9633a8a7b35,407ea472-7019-4776-b911-5f5eba870b21,c3,c5,1780,?,i1,
1769449697.8764088,FORWARDED,689a044b-e69c-4af1-b45c-f9633a8a7b35,407ea472-7019-4776-b911-5f5eba870b21,c3,c5,1780,?,i1,
1769449698.0328474,SENT,5973a52e-a8bf-42f1-a8ed-73d41f2f31f0,48a64a2c-c66a-4c94-abe8-2adfc8070b0f,c2,c1,1776,?,i6,
1769449698.0328834,FORWARDED,5973a52e-a8bf-42f1-a8ed-73d41f2f31f0,48a64a2c-c66a-4c94-abe8-2adfc8070b0f,c2,c1,1776,?,i6,
1769449698.1190772,SENT,0262a6d5-3975-4380-b7d5-975e042cec3f,c1466e9b-c279-4195-9b14-4444e442cbb5,c3,c5,1763,?,i5,
1769449698.119124,FORWARDED,0262a6d5-3975-4380-b7d5-975e042cec3f,c1466e9b-c279-4195-9b14-4444e442cbb5,c3,c5,1763,?,i5,
1769449698.2389095,SENT,8fa3b9fd-e743-4b31-a9f7-018b68e61ec1,f1735dbe-b235-4df8-a293-b0d1692a6967,c1,DROP,1007,?,i3,
1769449698.238952,FORWARDED,8fa3b9fd-e743-4b31-a9f7-018b68e61ec1,f1735dbe-b235-4df8-a293-b0d1692a6967,c1,DROP,1007,?,i3,
1769449698.4576907,RECEIVED,309d48a3-9659-44e7-82e9-76203906b336,3187a7f7-e3ee-4cc6-808e-39733ef05e5d,c5,c4,2460,p2,?,
1769449698.5439112,SENT,309d48a3-9659-44e7-82e9-76203906b336,3187a7f7-e3ee-4cc6-808e-39733ef05e5d,c5,c4,1772,?,i3,
1769449698.543954,FORWARDED,309d48a3-9659-44e7-82e9-76203906b336,3187a7f7-e3ee-4cc6-808e-39733ef05e5d,c5,c4,1772,?,i3,
1769449698.5487862,SENT,3c5b1402-587e-4143-ba93-b3ca288df97c,9c27a8df-a30a-48bd-92a4-d42eac62535c,c1,DROP,1011,?,i1,
1769449698.5488255,FORWARDED,3c5b1402-587e-4143-ba93-b3ca288df97c,9c27a8df-a30a-48bd-92a4-d42eac62535c,c1,DROP,1011,?,i1,
1769449698.7584305,RECEIVED,de5ba397-dd9f-41a1-a063-e98764614c02,9ae8a8d5-707e-427a-87aa-ca660ed6000c,c5,DROP,441,x2,?,
1769449698.821576,RECEIVED,7fdbf9b5-7096-484e-ab02-8f8e06b9d9d6,2cebb014-34e4-4106-9dcb-eb90d282c4d6,c5,DROP,1441,p2,?,
1769449698.8523538,SENT,7fdbf9b5-7096-484e-ab02-8f8e06b9d9d6,2cebb014-34e4-4106-9dcb-eb90d282c4d6,c5,DROP,1008,?,i2,
1769449698.8523939,FORWARDED,7fdbf9b5-7096-484e-ab02-8f8e06b9d9d6,2cebb014-34e4-4106-9dcb-eb90d282c4d6,c5,DROP,1008,?,i2,
1769449699.3868623,RECEIVED,598aa38f-5b30-4ff5-96d1-9c86101138e6,bf9a5bf5-9ea6-4b09-b98e-66b15cb7dd73,c3,DROP,1452,p3,?,
1769449699.521266,RECEIVED,73d57eb8-a591-4849-9efb-8080f9bf98bd,617649fb-d059-4b0c-95a4-c08669448dd9,c5,c4,2476,p2,?,
1769449699.5826786,RECEIVED,d4d9d685-e90e-40a7-ad13-2d64aa6756ef,82bf90b4-9b44-415f-b6ac-752380305489,c4,c5,2448,p1,?,
1769449699.6669824,SENT,d4d9d685-e90e-40a7-ad13-2d64aa6756ef,82bf90b4-9b44-415f-b6ac-752380305489,c4,c5,1762,?,i4,
1769449699.6670241,FORWARDED,d4d9d685-e90e-40a7-ad13-2d64aa6756ef,82bf90b4-9b44-415f-b6ac-752380305489,c4,c5,1762,?,i4,
1769449699.6771088,SENT,598aa38f-5b30-4ff5-96d1-9c86101138e6,bf9a5bf5-9ea6-4b09-b98e-66b15cb7dd73,c3,DROP,1015,?,i1,
1769449699.6771479,FORWARDED,598aa38f-5b30-4ff5-96d1-9c86101138e6,bf9a5bf5-9ea6-4b09-b98e-66b15cb7dd73,c3,DROP,1015,?,i1,
1769449699.678335,RECEIVED,d253de01-944f-4490-85f0-286c168d5016,48790c34-449e-4daa-afb2-d585fc998443,c2,DROP,1439,p2,?,
1769449699.753481,RECEIVED,7530626c-0492-480b-8d0c-d5de17d57583,9d42dd9e-7c25-42fb-8f34-832866a351c5,c1,DROP,1457,p1,?,
1769449699.7569976,RECEIVED,7adb476f-fa1a-4af6-9fa5-0e4585885265,0756c2fb-126d-4d3a-a4ae-edb6c124915b,c2,c1,2455,p2,?,
1769449699.8153846,SENT,7530626c-0492-480b-8d0c-d5de17d57583,9d42dd9e-7c25-42fb-8f34-832866a351c5,c1,DROP,1020,?,i11,
1769449699.8154283,FORWARDED,7530626c-0492-480b-8d0c-d5de17d57583,9d42dd9e-7c25-42fb-8f34-832866a351c5,c1,DROP,1020,?,i11,
1769449700.0240917,SENT,992b1a84-525e-49ab-ab1c-5dc2eebf2f6a,aee41281-2b49-4e82-b6be-10ef4fdd9b34,c2,DROP,1008,?,i2,
1769449700.024135,FORWARDED,992b1a84-525e-49ab-ab1c-5dc2eebf2f6a,aee41281-2b49-4e82-b6be-10ef4fdd9b34,c2,DROP,1008,?,i2,
1769449700.049763,RECEIVED,83a0cb1b-8544-4bc7-9255-d1ad9aa2ef47,65425fd6-7462-4107-bf07-5c9411e78390,c4,DROP,1448,p1,?,
1769449700.0693014,RECEIVED,1e767711-4120-43ce-aaaf-58a67ed8b0e4,ab74616b-8616-4353-896e-f4c961f4401c,c3,c5,2460,p3,?,
1769449700.0774388,SENT,d253de01-944f-4490-85f0-286c168d5016,48790c34-449e-4daa-afb2-d585fc998443,c2,DROP,1008,?,i4,
1769449700.0774765,FORWARDED,d253de01-944f-4490-85f0-286c168d5016,48790c34-449e-4daa-afb2-d585fc998443,c2,DROP,1008,?,i4,
1769449700.1149256,RECEIVED,bef85850-b5eb-42d8-b825-0d75a2e39a82,f7409e49-f4c2-47b3-af14-998afc1c10e0,c4,DROP,1440,p1,?,
1769449700.152523,SENT,73d57eb8-a591-4849-9efb-8080f9bf98bd,617649fb-d059-4b0c-95a4-c08669448dd9,c5,c4,1785,?,i11,
1769449700.1525624,FORWARDED,73d57eb8-a591-4849-9efb-8080f9bf98bd,617649fb-d059-4b0c-95a4-c08669448dd9,c5,c4,1785,?,i11,
1769449700.345595,SENT,7adb476f-fa1a-4af6-9fa5-0e4585885265,0756c2fb-126d-4d3a-a4ae-edb6c124915b,c2,c1,1770,?,i5,
1769449700.345637,FORWARDED,7adb476f-fa1a-4af6-9fa5-0e4585885265,0756c2fb-126d-4d3a-a4ae-edb6c124915b,c2,c1,1770,?,i5,
1769449700.459337,SENT,1e767711-4120-43ce-aaaf-58a67ed8b0e4,ab74616b-8616-4353-896e-f4c961f4401c,c3,c5,1772,?,i3,
1769449700.4593766,FORWARDED,1e767711-4120-43ce-aaaf-58a67ed8b0e4,ab74616b-8616-4353-896e-f4c961f4401c,c3,c5,1772,?,i3,
1769449700.6333838,SENT,bef85850-b5eb-42d8-b825-0d75a2e39a82,f7409e49-f4c2-47b3-af14-998afc1c10e0,c4,DROP,1007,?,i12,
1769449700.6334252,FORWARDED,bef85850-b5eb-42d8-b825-0d75a2e39a82,f7409e49-f4c2-47b3-af14-998afc1c10e0,c4,DROP,1007,?,i12,
1769449700.6865263,RECEIVED,b4546758-8bed-488c-a610-20011abba377,d6dacc27-ceee-42f2-a355-ef39d9df75e8,c4,DROP,1452,p1,?,
1769449700.8017578,RECEIVED,2feb4292-cd12-44e7-bb21-3c1b156d6c7a,2650089e-07ba-4efb-b13c-1107dbc5a4a6,c3,DROP,1439,p3,?,
1769449700.8066275,SENT,83a0cb1b-8544-4bc7-9255-d1ad9aa2ef47,65425fd6-7462-4107-bf07-5c9411e78390,c4,DROP,1012,?,i11,
1769449700.8066697,FORWARDED,83a0cb1b-8544-4bc7-9255-d1ad9aa2ef47,65425fd6-7462-4107-bf07-5c9411e78390,c4,DROP,1012,?,i11,
1769449700.8491354,SENT,b4546758-8bed-488c-a610-20011abba377,d6dacc27-ceee-42f2-a355-ef39d9df75e8,c4,DROP,1016,?,i6,
1769449700.8491745,FORWARDED,b4546758-8bed-488c-a610-20011abba377,d6dacc27-ceee-42f2-a355-ef39d9df75e8,c4,DROP,1016,?,i6,
1769449700.875852,RECEIVED,587b7882-74ec-4262-a786-e5ee8c987f7c,23be3fb3-a5d3-42c3-bd97-f68c0d1a284c,c2,DROP,1439,p2,?,
1769449700.8994389,RECEIVED,ffee2b83-e0af-4ea9-8768-c211e66b7ff9,ef5e1159-a892-4f2e-b9e8-f3aaca36c1aa,c4,DROP,1440,p1,?,
1769449700.9303339,RECEIVED,b3ad2ca8-96d4-4a21-be66-e9c3be697ba0,0846e6ce-faf5-46b6-a690-336252ec87bf,c4,DROP,1455,p1,?,
1769449700.9337883,RECEIVED,f2f29c8f-ea0d-4b32-a461-94c5b8e2bdf2,6e467218-fd47-487c-be08-d69956dbaa5e,c5,DROP,446,x10,?,
1769449700.963737,SENT,ffee2b83-e0af-4ea9-8768-c211e66b7ff9,ef5e1159-a892-4f2e-b9e8-f3aaca36c1aa,c4,DROP,1008,?,i5,
1769449700.9637806,FORWARDED,ffee2b83-e0af-4ea9-8768-c211e66b7ff9,ef5e1159-a892-4f2e-b9e8-f3aaca36c1aa,c4,DROP,1008,?,i5,
1769449701.300259,RECEIVED,803c1ee2-dc6b-49f3-95e5-669852d2fcf0,49741df6-28d0-4b5c-83e5-291c05dc1cd9,c2,c1,2453,p2,?,
1769449701.3592846,SENT,803c1ee2-dc6b-49f3-95e5-669852d2fcf0,49741df6-28d0-4b5c-83e5-291c05dc1cd9,c2,c1,1767,?,i4,
1769449701.3593285,FORWARDED,803c1ee2-dc6b-49f3-95e5-669852d2fcf0,49741df6-28d0-4b5c-83e5-291c05dc1cd9,c2,c1,1767,?,i4,
1769449701.4956827,SENT,2feb4292-cd12-44e7-bb21-3c1b156d6c7a,2650089e-07ba-4efb-b13c-1107dbc5a4a6,c3,DROP,1008,?,i3,
1769449701.4957266,FORWARDED,2feb4292-cd12-44e7-bb21-3c1b156d6c7a,2650089e-07ba-4efb-b13c-1107dbc5a4a6,c3,DROP,1008,?,i3,
1769449701.6527905,RECEIVED,5f57588e-8faf-4d1f-97ba-1fa968686015,7134f131-d448-4585-81fd-cf03546b6ed2,c1,DROP,1440,p1,?,
1769449701.718497,SENT,5f57588e-8faf-4d1f-97ba-1fa968686015,7134f131-d448-4585-81fd-cf03546b6ed2,c1,DROP,1007,?,i7,
1769449701.7185357,FORWARDED,5f57588e-8faf-4d1f-97ba-1fa968686015,7134f131-d448-4585-81fd-cf03546b6ed2,c1,DROP,1007,?,i7,
1769449701.7581902,RECEIVED,e5f8f7e8-968c-43c6-90ab-dd08a97387e4,d987eee6-6e9d-4c8c-bc7e-2c0c6abb88b9,c3,DROP,1443,p3,?,
1769449701.7603674,SENT,587b7882-74ec-4262-a786-e5ee8c987f7c,23be3fb3-a5d3-42c3-bd97-f68c0d1a284c,c2,DROP,1008,?,i1,
1769449701.7604067,FORWARDED,587b7882-74ec-4262-a786-e5ee8c987f7c,23be3fb3-a5d3-42c3-bd97-f68c0d1a284c,c2,DROP,1008,?,i1,
1769449701.7810524,RECEIVED,ad0edd4a-180a-4adb-a78d-7466d33c821c,ab461142-9a1e-4ce8-b7b4-4e7658f16a28,c2,DROP,1441,p2,?,
1769449701.7812042,SENT,b3ad2ca8-96d4-4a21-be66-e9c3be697ba0,0846e6ce-faf5-46b6-a690-336252ec87bf,c4,DROP,1020,?,i12,
1769449701.7814913,FORWARDED,b3ad2ca8-96d4-4a21-be66-e9c3be697ba0,0846e6ce-faf5-46b6-a690-336252ec87bf,c4,DROP,1020,?,i12,
1769449701.8120213,RECEIVED,ee91bc3d-9f31-410d-870b-d5af811c9336,48ce263a-80c6-4bdc-a06f-0b38057a26ad,c1,DROP,1443,p1,?,
1769449701.8182774,SENT,ad0edd4a-180a-4adb-a78d-7466d33c821c,ab461142-9a1e-4ce8-b7b4-4e7658f16a28,c2,DROP,1007,?,i1,
1769449701.8183222,FORWARDED,ad0edd4a-180a-4adb-a78d-7466d33c821c,ab461142-9a1e-4ce8-b7b4-4e7658f16a28,c2,DROP,1007,?,i1,
1769449702.4623654,RECEIVED,476c2b94-b2c7-4a7c-a31d-a49d06bdee24,b7b27cdb-cb36-4f45-b604-b2f5dbea924c,c3,c5,2459,p3,?,
1769449702.526442,RECEIVED,ba0db2cd-924e-4695-8098-408e2493e9b1,eed64693-f44b-4708-9a35-7a803c576560,c2,DROP,1441,p2,?,
1769449702.5843246,SENT,ba0db2cd-924e-4695-8098-408e2493e9b1,eed64693-f44b-4708-9a35-7a803c576560,c2,DROP,1007,?,i5,
1769449702.584366,FORWARDED,ba0db2cd-924e-4695-8098-408e2493e9b1,eed64693-f44b-4708-9a35-7a803c576560,c2,DROP,1007,?,i5,
1769449702.5859616,SENT,ee91bc3d-9f31-410d-870b-d5af811c9336,48ce263a-80c6-4bdc-a06f-0b38057a26ad,c1,DROP,1011,?,i3,
1769449702.586004,FORWARDED,ee91bc3d-9f31-410d-870b-d5af811c9336,48ce263a-80c6-4bdc-a06f-0b38057a26ad,c1,DROP,1011,?,i3,
1769449702.6800807,SENT,e5f8f7e8-968c-43c6-90ab-dd08a97387e4,d987eee6-6e9d-4c8c-bc7e-2c0c6abb88b9,c3,DROP,1011,?,i8,
1769449702.680127,FORWARDED,e5f8f7e8-968c-43c6-90ab-dd08a97387e4,d987eee6-6e9d-4c8c-bc7e-2c0c6abb88b9,c3,DROP,1011,?,i8,
1769449702.7935429,SENT,476c2b94-b2c7-4a7c-a31d-a49d06bdee24,b7b27cdb-cb36-4f45-b604-b2f5dbea924c,c3,c5,1773,?,i4,
1769449702.7935853,FORWARDED,476c2b94-b2c7-4a7c-a31d-a49d06bdee24,b7b27cdb-cb36-4f45-b604-b2f5dbea924c,c3,c5,1773,?,i4,
1769449703.035787,RECEIVED,ffa2dfa5-3760-4f7d-a405-fdf101d428f4,3cf5565e-7f59-4923-ac22-dd16c6bb50c3,c4,c5,2464,p1,?,
1769449703.0571046,RECEIVED,429e569a-189a-44dd-a294-9e57610a54a2,fa24374c-93ec-4a2f-921c-128ba4f2e625,c1,DROP,1439,p1,?,
1769449703.081585,RECEIVED,fe8ee5ba-2202-4e00-b8a5-4a7a7bcdf8ad,1c4feb80-7cb1-4f81-851d-3726038804df,c5,DROP,442,x5,?,
1769449703.1034381,RECEIVED,0e85c02c-a909-4ceb-a2d7-9a7ffe0784ae,967cd25a-488a-48ca-b331-fb61adab78b7,c5,c4,2455,p2,?,
1769449703.1147223,SENT,ffa2dfa5-3760-4f7d-a405-fdf101d428f4,3cf5565e-7f59-4923-ac22-dd16c6bb50c3,c4,c5,1775,?,i8,
1769449703.1147616,FORWARDED,ffa2dfa5-3760-4f7d-a405-fdf101d428f4,3cf5565e-7f59-4923-ac22-dd16c6bb50c3,c4,c5,1775,?,i8,
1769449703.1336594,SENT,429e569a-189a-44dd-a294-9e57610a54a2,fa24374c-93ec-4a2f-921c-128ba4f2e625,c1,DROP,1008,?,i2,
1769449703.1336977,FORWARDED,429e569a-189a-44dd-a294-9e57610a54a2,fa24374c-93ec-4a2f-921c-128ba4f2e625,c1,DROP,1008,?,i2,
1769449703.5858588,RECEIVED,f70f6bca-b6bf-4826-bb12-59308cbb3a3f,a0428e60-1fd3-4b6b-af90-183ec8ba7496,c3,DROP,1444,p3,?,
1769449703.6367016,SENT,f70f6bca-b6bf-4826-bb12-59308cbb3a3f,a0428e60-1fd3-4b6b-af90-183ec8ba7496,c3,DROP,1009,?,i8,
1769449703.6367438,FORWARDED,f70f6bca-b6bf-4826-bb12-59308cbb3a3f,a0428e60-1fd3-4b6b-af90-183ec8ba7496,c3,DROP,1009,?,i8,
1769449703.659389,RECEIVED,7e9f6ec3-ff40-4800-aeff-fb20c3e54ef1,7abed427-c7e7-4955-b0cd-dd3fe6d012cb,c3,DROP,1439,p3,?,
1769449703.708646,RECEIVED,5d5106bd-becb-44e8-afb6-2c4ced7b0fd6,d10763f4-65a4-4894-877d-f2520da5b1ef,c5,c4,2447,p2,?,
1769449703.997002,RECEIVED,2b7465ff-ddbc-48d5-85bb-61d9dfb29073,9b7cb027-f168-4d15-ade3-5c4952653274,c2,DROP,1439,p2,?,
1769449704.046532,SENT,0e85c02c-a909-4ceb-a2d7-9a7ffe0784ae,967cd25a-488a-48ca-b331-fb61adab78b7,c5,c4,1770,?,i2,
1769449704.0465724,FORWARDED,0e85c02c-a909-4ceb-a2d7-9a7ffe0784ae,967cd25a-488a-48ca-b331-fb61adab78b7,c5,c4,1770,?,i2,
1769449704.1033316,SENT,5d5106bd-becb-44e8-afb6-2c4ced7b0fd6,d10763f4-65a4-4894-877d-f2520da5b1ef,c5,c4,1763,?,i6,
1769449704.1033735,FORWARDED,5d5106bd-becb-44e8-afb6-2c4ced7b0fd6,d10763f4-65a4-4894-877d-f2520da5b1ef,c5,c4,1763,?,i6,
1769449704.1444254,RECEIVED,cf409317-3a88-4fd4-9d49-ca66217c95b2,242b6b1b-27f8-4d28-8c3b-6de2757b95ee,c3,c5,2475,p3,?,
1769449704.1998332,RECEIVED,3f96bd23-106d-47cb-9e51-14e456cfb473,d52f10e4-a128-4c0e-ba6a-023ab4868fe0,c2,DROP,1443,p2,?,
1769449704.3955855,RECEIVED,6115dcd8-0884-4ccb-8799-758685d6e7d2,c4b541fc-4fdb-454a-9fb2-9f95d524e92e,c2,DROP,1439,p2,?,
1769449704.4964,RECEIVED,2b70e5a2-484f-4b82-9f04-4cfbbad1ea49,59110b54-e9f7-4d02-811b-3f40ce6353c9,c4,DROP,1455,p1,?,
1769449704.6137514,RECEIVED,88ca5e6c-369f-49f0-922e-017aa3785a90,d084a98a-5b11-4e0a-99b5-e02e6cb62c1c,c3,DROP,1451,p3,?,
1769449704.6154747,SENT,cf409317-3a88-4fd4-9d49-ca66217c95b2,242b6b1b-27f8-4d28-8c3b-6de2757b95ee,c3,c5,1785,?,i3,
1769449704.615516,FORWARDED,cf409317-3a88-4fd4-9d49-ca66217c95b2,242b6b1b-27f8-4d28-8c3b-6de2757b95ee,c3,c5,1785,?,i3,
1769449704.6472404,RECEIVED,9d8ffbbd-21a6-4cb3-ae25-9b573390105c,2c60f742-adc0-4ee3-ab16-55fd884e8446,c5,DROP,441,x12,?,
1769449704.6593053,SENT,3f96bd23-106d-47cb-9e51-14e456cfb473,d52f10e4-a128-4c0e-ba6a-023ab4868fe0,c2,DROP,1009,?,i2,
1769449704.6593401,FORWARDED,3f96bd23-106d-47cb-9e51-14e456cfb473,d52f10e4-a128-4c0e-ba6a-023ab4868fe0,c2,DROP,1009,?,i2,
1769449704.66367,SENT,6115dcd8-0884-4ccb-8799-758685d6e7d2,c4b541fc-4fdb-454a-9fb2-9f95d524e92e,c2,DROP,1008,?,i1,
1769449704.6637115,FORWARDED,6115dcd8-0884-4ccb-8799-758685d6e7d2,c4b541fc-4fdb-454a-9fb2-9f95d524e92e,c2,DROP,1008,?,i1,
1769449704.7741613,RECEIVED,2efde7be-e5e3-43b0-8598-1667b5d18cf8,503e2b5d-1163-4811-87f2-06ed6285f3d2,c2,DROP,1439,p2,?,
1769449704.895487,RECEIVED,b51fa467-356c-4b74-88ba-f333c0466a90,b05ee087-eef4-4034-80a8-a810a8d27e9e,c2,DROP,1453,p2,?,
1769449704.9241393,SENT,b51fa467-356c-4b74-88ba-f333c0466a90,b05ee087-eef4-4034-80a8-a810a8d27e9e,c2,DROP,1017,?,i4,
1769449704.92418,FORWARDED,b51fa467-356c-4b74-88ba-f333c0466a90,b05ee087-eef4-4034-80a8-a810a8d27e9e,c2,DROP,1017,?,i4,
1769449704.9264894,SENT,2b7465ff-ddbc-48d5-85bb-61d9dfb29073,9b7cb027-f168-4d15-ade3-5c4952653274,c2,DROP,1007,?,i6,
1769449704.9265277,FORWARDED,2b7465ff-ddbc-48d5-85bb-61d9dfb29073,9b7cb027-f168-4d15-ade3-5c4952653274,c2,DROP,1007,?,i6,
1769449704.928546,RECEIVED,7a5ce2d5-729a-4c2b-80e4-d9789ed291ab,7d9434ea-f05b-43c5-bfa6-60426354e2c9,c4,DROP,1439,p1,?,
1769449705.0136044,RECEIVED,b61ed347-9062-46b9-8e64-f91d4d80ab55,6b20dedd-7eff-436a-9a63-eb87b2093377,c5,c4,2447,p2,?,
1769449705.0739312,RECEIVED,c1864d2a-9b38-4480-ab69-8ecea405fa3b,f661c131-385b-4033-99ad-b7c6bce6f303,c1,c3,2450,p1,?,
1769449705.2921026,SENT,88ca5e6c-369f-49f0-922e-017aa3785a90,d084a98a-5b11-4e0a-99b5-e02e6cb62c1c,c3,DROP,1015,?,i1,
1769449705.2921422,FORWARDED,88ca5e6c-369f-49f0-922e-017aa3785a90,d084a98a-5b11-4e0a-99b5-e02e6cb62c1c,c3,DROP,1015,?,i1,
1769449705.3181748,RECEIVED,bd7ff5ff-8046-40fa-9c90-f246a03003e6,8874e804-84bc-49ff-88ef-d477358aacd6,c1,c3,2454,p1,?,
1769449705.3725579,RECEIVED,a87e3d38-6081-4ce1-8cae-1aacc634662d,75a8401b-5a91-410d-91b6-f14a567450ea,c1,DROP,439,x5,?,
1769449705.3952365,SENT,bd7ff5ff-8046-40fa-9c90-f246a03003e6,8874e804-84bc-49ff-88ef-d477358aacd6,c1,c3,1767,?,i11,
1769449705.3952765,FORWARDED,bd7ff5ff-8046-40fa-9c90-f246a03003e6,8874e804-84bc-49ff-88ef-d477358aacd6,c1,c3,1767,?,i11,
1769449705.4728827,SENT,2b70e5a2-484f-4b82-9f04-4cfbbad1ea49,59110b54-e9f7-4d02-811b-3f40ce6353c9,c4,DROP,1020,?,i12,
1769449705.472923,FORWARDED,2b70e5a2-484f-4b82-9f04-4cfbbad1ea49,59110b54-e9f7-4d02-811b-3f40ce6353c9,c4,DROP,1020,?,i12,
1769449705.4744847,RECEIVED,5ee760d1-8b79-4201-abcb-1e3834e4110a,90ffb7d3-8883-4ff5-88ea-947568976c19,c2,DROP,441,x7,?,
1769449705.5228744,SENT,7e9f6ec3-ff40-4800-aeff-fb20c3e54ef1,7abed427-c7e7-4955-b0cd-dd3fe6d012cb,c3,DROP,1008,?,i9,
1769449705.5229237,FORWARDED,7e9f6ec3-ff40-4800-aeff-fb20c3e54ef1,7abed427-c7e7-4955-b0cd-dd3fe6d012cb,c3,DROP,1008,?,i9,
1769449705.536623,SENT,c1864d2a-9b38-4480-ab69-8ecea405fa3b,f661c131-385b-4033-99ad-b7c6bce6f303,c1,c3,1767,?,i6,
1769449705.5366607,FORWARDED,c1864d2a-9b38-4480-ab69-8ecea405fa3b,f661c131-385b-4033-99ad-b7c6bce6f303,c1,c3,1767,?,i6,
1769449705.6380708,SENT,7a5ce2d5-729a-4c2b-80e4-d9789ed291ab,7d9434ea-f05b-43c5-bfa6-60426354e2c9,c4,DROP,1007,?,i1,
1769449705.6381094,FORWARDED,7a5ce2d5-729a-4c2b-80e4-d9789ed291ab,7d9434ea-f05b-43c5-bfa6-60426354e2c9,c4,DROP,1007,?,i1,
1769449705.7070053,RECEIVED,8e1b3898-cd9e-4e90-9471-f5be9387577b,299ea8c7-ca73-4588-86af-e621ab3b405f,c3,c5,2447,p3,?,
1769449705.7412438,RECEIVED,d2c16f4a-5565-4d59-96a5-f488255a9b3a,4f3c4071-4f3f-4147-bec4-bdf57ee10413,c3,c5,2448,p3,?,
1769449705.7762818,SENT,b61ed347-9062-46b9-8e64-f91d4d80ab55,6b20dedd-7eff-436a-9a63-eb87b2093377,c5,c4,1764,?,i3,
1769449705.7763252,FORWARDED,b61ed347-9062-46b9-8e64-f91d4d80ab55,6b20dedd-7eff-436a-9a63-eb87b2093377,c5,c4,1764,?,i3,
1769449705.810785,SENT,d2c16f4a-5565-4d59-96a5-f488255a9b3a,4f3c4071-4f3f-4147-bec4-bdf57ee10413,c3,c5,1764,?,i9,
1769449705.8108277,FORWARDED,d2c16f4a-5565-4d59-96a5-f488255a9b3a,4f3c4071-4f3f-4147-bec4-bdf57ee10413,c3,c5,1764,?,i9,
1769449705.822736,RECEIVED,857dd00d-6c6f-4c2d-8f6e-4ec1b5f8535e,ff2deb13-3629-4181-924a-5d51e8542c2d,c3,c5,2447,p3,?,
1769449705.8734758,SENT,8e1b3898-cd9e-4e90-9471-f5be9387577b,299ea8c7-ca73-4588-86af-e621ab3b405f,c3,c5,1763,?,i8,
1769449705.8735175,FORWARDED,8e1b3898-cd9e-4e90-9471-f5be9387577b,299ea8c7-ca73-4588-86af-e621ab3b405f,c3,c5,1763,?,i8,
1769449705.8904989,RECEIVED,d1677753-4705-4598-bd0d-0ab554fe5f05,797116e5-faaa-405b-8677-2cd6582b8c8d,c3,DROP,1440,p3,?,
1769449705.9494581,RECEIVED,246b1214-3bac-4b03-9ab5-b4c390d2df55,11bc3931-9efe-4cfc-b393-9215c2c59d1a,c4,DROP,1445,p1,?,
1769449705.9742794,RECEIVED,0bee60cf-b7e8-43c9-919f-a0fbac2ea0b3,75f609af-0c6d-4f6b-9d8b-0ba9e8593c6a,c1,DROP,1440,p1,?,
1769449706.0689642,RECEIVED,5ba7c266-59e5-460b-b873-06fb417e84be,ae9d5dca-c06e-46cc-b8fa-cc92abb6bcbf,c4,DROP,1451,p1,?,
1769449706.0938125,SENT,2efde7be-e5e3-43b0-8598-1667b5d18cf8,503e2b5d-1163-4811-87f2-06ed6285f3d2,c2,DROP,1008,?,i6,
1769449706.0938513,FORWARDED,2efde7be-e5e3-43b0-8598-1667b5d18cf8,503e2b5d-1163-4811-87f2-06ed6285f3d2,c2,DROP,1008,?,i6,
1769449706.1486073,SENT,246b1214-3bac-4b03-9ab5-b4c390d2df55,11bc3931-9efe-4cfc-b393-9215c2c59d1a,c4,DROP,1009,?,i11,
1769449706.1486425,FORWARDED,246b1214-3bac-4b03-9ab5-b4c390d2df55,11bc3931-9efe-4cfc-b393-9215c2c59d1a,c4,DROP,1009,?,i11,
1769449706.1816921,SENT,857dd00d-6c6f-4c2d-8f6e-4ec1b5f8535e,ff2deb13-3629-4181-924a-5d51e8542c2d,c3,c5,1763,?,i4,
1769449706.1817336,FORWARDED,857dd00d-6c6f-4c2d-8f6e-4ec1b5f8535e,ff2deb13-3629-4181-924a-5d51e8542c2d,c3,c5,1763,?,i4,
1769449706.3739972,SENT,d1677753-4705-4598-bd0d-0ab554fe5f05,797116e5-faaa-405b-8677-2cd6582b8c8d,c3,DROP,1008,?,i5,
1769449706.374039,FORWARDED,d1677753-4705-4598-bd0d-0ab554fe5f05,797116e5-faaa-405b-8677-2cd6582b8c8d,c3,DROP,1008,?,i5,
1769449706.4260557,RECEIVED,1a2508a1-c84b-4818-9722-7b737c36e319,999d3234-f688-4988-9067-73e3643c0c9d,c3,DROP,1451,p3,?,
1769449706.4961233,SENT,0bee60cf-b7e8-43c9-919f-a0fbac2ea0b3,75f609af-0c6d-4f6b-9d8b-0ba9e8593c6a,c1,DROP,1008,?,i11,
1769449706.496166,FORWARDED,0bee60cf-b7e8-43c9-919f-a0fbac2ea0b3,75f609af-0c6d-4f6b-9d8b-0ba9e8593c6a,c1,DROP,1008,?,i11,
1769449706.574909,SENT,5ba7c266-59e5-460b-b873-06fb417e84be,ae9d5dca-c06e-46cc-b8fa-cc92abb6bcbf,c4,DROP,1016,?,i9,
1769449706.5749507,FORWARDED,5ba7c266-59e5-460b-b873-06fb417e84be,ae9d5dca-c06e-46cc-b8fa-cc92abb6bcbf,c4,DROP,1016,?,i9,
1769449706.6095474,RECEIVED,f03cef21-96ee-438d-93d1-09737bf72157,b283eee5-2b6b-4857-a9ee-c59698d67d1d,c2,DROP,1439,p2,?,
1769449706.9879787,RECEIVED,7684208e-3095-4230-993d-491265d71e0c,1da570f2-0e86-4824-b792-8279a9b7a069,c3,DROP,1446,p3,?,
1769449707.0455139,RECEIVED,ce406f2b-a865-4841-8902-515222637a8e,458f3ba4-10b2-4dd8-a8a5-67d1c0b168f8,c2,DROP,1439,p2,?,
1769449707.051246,SENT,7684208e-3095-4230-993d-491265d71e0c,1da570f2-0e86-4824-b792-8279a9b7a069,c3,DROP,1009,?,i11,
1769449707.051286,FORWARDED,7684208e-3095-4230-993d-491265d71e0c,1da570f2-0e86-4824-b792-8279a9b7a069,c3,DROP,1009,?,i11,
1769449707.0814662,SENT,f03cef21-96ee-438d-93d1-09737bf72157,b283eee5-2b6b-4857-a9ee-c59698d67d1d,c2,DROP,1008,?,i6,
1769449707.0815089,FORWARDED,f03cef21-96ee-438d-93d1-09737bf72157,b283eee5-2b6b-4857-a9ee-c59698d67d1d,c2,DROP,1008,?,i6,
1769449707.1062634,SENT,1a2508a1-c84b-4818-9722-7b737c36e319,999d3234-f688-4988-9067-73e3643c0c9d,c3,DROP,1015,?,i8,
1769449707.1063066,FORWARDED,1a2508a1-c84b-4818-9722-7b737c36e319,999d3234-f688-4988-9067-73e3643c0c9d,c3,DROP,1015,?,i8,
1769449707.3564541,RECEIVED,5d7dc531-39a4-4bee-8f4a-57812dcf092a,61ea7b91-006b-4085-9751-63b67305b801,c4,DROP,1451,p1,?,
1769449707.4249814,RECEIVED,ed04ef52-9d75-43ab-bec3-7b9124c02cd8,71e829ab-3bd1-4559-a7d6-eb00f1319e87,c3,c5,2465,p3,?,
1769449707.573386,RECEIVED,25515659-5c02-4443-adf1-b91eedbed4f7,7bd8b915-9457-4a29-b9f8-8874f3f648b0,c4,DROP,1451,p1,?,
1769449707.6244755,SENT,ed04ef52-9d75-43ab-bec3-7b9124c02cd8,71e829ab-3bd1-4559-a7d6-eb00f1319e87,c3,c5,1775,?,i10,
1769449707.6245153,FORWARDED,ed04ef52-9d75-43ab-bec3-7b9124c02cd8,71e829ab-3bd1-4559-a7d6-eb00f1319e87,c3,c5,1775,?,i10,
1769449707.6481566,RECEIVED,fb0dd58c-748f-4737-81aa-aa186ff05742,c6de2ea1-f44d-4a4d-a3be-c7e409528fa4,c5,c4,2460,p2,?,
1769449707.7479007,SENT,fb0dd58c-748f-4737-81aa-aa186ff05742,c6de2ea1-f44d-4a4d-a3be-c7e409528fa4,c5,c4,1772,?,i8,
1769449707.7479415,FORWARDED,fb0dd58c-748f-4737-81aa-aa186ff05742,c6de2ea1-f44d-4a4d-a3be-c7e409528fa4,c5,c4,1772,?,i8,
1769449707.7999935,SENT,5d7dc531-39a4-4bee-8f4a-57812dcf092a,61ea7b91-006b-4085-9751-63b67305b801,c4,DROP,1015,?,i7,
1769449707.8001387,FORWARDED,5d7dc531-39a4-4bee-8f4a-57812dcf092a,61ea7b91-006b-4085-9751-63b67305b801,c4,DROP,1015,?,i7,
1769449707.8830268,SENT,25515659-5c02-4443-adf1-b91eedbed4f7,7bd8b915-9457-4a29-b9f8-8874f3f648b0,c4,DROP,1015,?,i8,
1769449707.8830783,FORWARDED,25515659-5c02-4443-adf1-b91eedbed4f7,7bd8b915-9457-4a29-b9f8-8874f3f648b0,c4,DROP,1015,?,i8,
1769449707.962798,RECEIVED,ba62decc-d861-40ef-bad6-5af33576707a,bd5edd06-4f8f-49f4-aade-cab7413a0235,c2,DROP,441,x3,?,
1769449708.6630123,SENT,ce406f2b-a865-4841-8902-515222637a8e,458f3ba4-10b2-4dd8-a8a5-67d1c0b168f8,c2,DROP,1006,?,i2,
1769449708.663057,FORWARDED,ce406f2b-a865-4841-8902-515222637a8e,458f3ba4-10b2-4dd8-a8a5-67d1c0b168f8,c2,DROP,1006,?,i2,
1769449708.7983587,RECEIVED,0bd2634d-c855-4d85-b888-d0278eb71905,6b7313f6-f4aa-4749-9a3a-e6d2057f02d2,c5,DROP,1439,p2,?,
1769449708.9863167,RECEIVED,f5cf67b4-aa81-4aea-b252-5ef20221e1a0,284a077c-8586-431b-9594-e01d8d38b060,c1,DROP,1452,p1,?,
1769449709.0210693,RECEIVED,14c77571-9217-447d-919d-62a0a5efb812,614dbb83-97f8-4964-8e95-749d5ec9a4e0,c3,c5,2464,p3,?,
1769449709.1157782,RECEIVED,80b90505-2d6a-4653-8735-15facb38e270,0c68deef-7cce-4bbc-a7e6-577eb4ffbbe3,c4,DROP,1448,p1,?,
1769449709.1540306,SENT,f5cf67b4-aa81-4aea-b252-5ef20221e1a0,284a077c-8586-431b-9594-e01d8d38b060,c1,DROP,1017,?,i6,
1769449709.1540847,FORWARDED,f5cf67b4-aa81-4aea-b252-5ef20221e1a0,284a077c-8586-431b-9594-e01d8d38b060,c1,DROP,1017,?,i6,
1769449709.1835966,SENT,80b90505-2d6a-4653-8735-15facb38e270,0c68deef-7cce-4bbc-a7e6-577eb4ffbbe3,c4,DROP,1012,?,i1,
1769449709.1836357,FORWARDED,80b90505-2d6a-4653-8735-15facb38e270,0c68deef-7cce-4bbc-a7e6-577eb4ffbbe3,c4,DROP,1012,?,i1,
1769449709.2219307,RECEIVED,1b0dfdeb-1804-43b4-b887-d9177bd5f1ed,c4872147-960d-42f5-86ba-f70f91e22112,c1,c3,2456,p1,?,
1769449709.262066,RECEIVED,71ff4665-8760-47f0-a7de-14e3060f7800,370defa5-0334-4f9f-b02d-d95845e55a82,c3,DROP,1440,p3,?,
1769449709.2869852,SENT,0bd2634d-c855-4d85-b888-d0278eb71905,6b7313f6-f4aa-4749-9a3a-e6d2057f02d2,c5,DROP,1007,?,i6,
1769449709.287027,FORWARDED,0bd2634d-c855-4d85-b888-d0278eb71905,6b7313f6-f4aa-4749-9a3a-e6d2057f02d2,c5,DROP,1007,?,i6,
1769449709.2962408,RECEIVED,1dd9b745-ee3d-454b-b932-70e42c1d6063,ebf42638-e954-4011-9862-ec99a12040f3,c4,DROP,440,x1,?,
1769449709.4057574,RECEIVED,1dcf2384-0b62-43e7-82ad-7fd2a7eae2c3,b4b2b787-6839-4396-8011-1087985cb4b9,c4,c5,2452,p1,?,
1769449709.4161093,RECEIVED,afcddcfd-ce8e-4bd9-ab11-48ad695dccbd,f25f9689-9d4b-42bd-946a-e1f0d94d6dd7,c3,c5,2467,p3,?,
1769449709.437848,SENT,14c77571-9217-447d-919d-62a0a5efb812,614dbb83-97f8-4964-8e95-749d5ec9a4e0,c3,c5,1775,?,i12,
1769449709.437891,FORWARDED,14c77571-9217-447d-919d-62a0a5efb812,614dbb83-97f8-4964-8e95-749d5ec9a4e0,c3,c5,1775,?,i12,
1769449709.5080254,SENT,1dcf2384-0b62-43e7-82ad-7fd2a7eae2c3,b4b2b787-6839-4396-8011-1087985cb4b9,c4,c5,1766,?,i9,
1769449709.5080743,FORWARDED,1dcf2384-0b62-43e7-82ad-7fd2a7eae2c3,b4b2b787-6839-4396-8011-1087985cb4b9,c4,c5,1766,?,i9,
1769449709.5415635,SENT,1b0dfdeb-1804-43b4-b887-d9177bd5f1ed,c4872147-960d-42f5-86ba-f70f91e22112,c1,c3,1770,?,i12,
1769449709.54161,FORWARDED,1b0dfdeb-1804-43b4-b887-d9177bd5f1ed,c4872147-960d-42f5-86ba-f70f91e22112,c1,c3,1770,?,i12,
1769449709.5429003,RECEIVED,ad2671fa-ad95-4bc5-803c-a79ba4be29cf,8b4dcdea-7a02-4e85-8f6b-200d8367eeda,c3,c5,2451,p3,?,
1769449709.6449237,RECEIVED,2bbd8283-6c10-4303-8ff6-945fb1322e3b,e7835e11-422f-4942-bbbc-9f36b2fe3c20,c1,c3,2451,p1,?,
1769449709.6797132,SENT,71ff4665-8760-47f0-a7de-14e3060f7800,370defa5-0334-4f9f-b02d-d95845e55a82,c3,DROP,1007,?,i6,
1769449709.6797516,FORWARDED,71ff4665-8760-47f0-a7de-14e3060f7800,370defa5-0334-4f9f-b02d-d95845e55a82,c3,DROP,1007,?,i6,
1769449709.707597,RECEIVED,b02af44a-1cd5-4a5c-916a-757f1f041667,c2da0ca1-ae4b-4423-9362-7ea3bd247f93,c1,c3,2475,p1,?,
1769449709.8266423,SENT,b02af44a-1cd5-4a5c-916a-757f1f041667,c2da0ca1-ae4b-4423-9362-7ea3bd247f93,c1,c3,1784,?,i8,
1769449709.826684,FORWARDED,b02af44a-1cd5-4a5c-916a-757f1f041667,c2da0ca1-ae4b-4423-9362-7ea3bd247f93,c1,c3,1784,?,i8,
1769449709.8397918,RECEIVED,e0222239-5948-4c86-b4f7-3c846bd81d69,b9263581-4797-4a0f-a8db-a22f6c683bd8,c2,c1,2465,p2,?,
1769449709.8520744,RECEIVED,538fad9f-b13c-4244-a81d-8071e80ed80c,adabe1ff-cd9b-4220-b422-6f0865737550,c4,c5,2460,p1,?,
1769449709.8805385,RECEIVED,431385f0-5ef1-4fac-9990-f024c9b9d426,944181b6-5fdd-4d63-9eaf-6137e0d43c68,c3,DROP,1453,p3,?,
1769449709.9254715,SENT,538fad9f-b13c-4244-a81d-8071e80ed80c,adabe1ff-cd9b-4220-b422-6f0865737550,c4,c5,1772,?,i5,
1769449709.925513,FORWARDED,538fad9f-b13c-4244-a81d-8071e80ed80c,adabe1ff-cd9b-4220-b422-6f0865737550,c4,c5,1772,?,i5,
1769449709.9283102,SENT,afcddcfd-ce8e-4bd9-ab11-48ad695dccbd,f25f9689-9d4b-42bd-946a-e1f0d94d6dd7,c3,c5,1779,?,i3,
1769449709.9283526,FORWARDED,afcddcfd-ce8e-4bd9-ab11-48ad695dccbd,f25f9689-9d4b-42bd-946a-e1f0d94d6dd7,c3,c5,1779,?,i3,
1769449709.966299,RECEIVED,cb41c971-3453-43f6-9760-636ad41d9bca,bb72e429-1e58-4524-852b-9bee717cf08d,c4,c5,2465,p1,?,
1769449709.997467,RECEIVED,24bfac9e-d37c-4124-8eb0-3ec156e18adf,121bfdc3-3a48-44af-a7b5-636ce6661879,c4,c5,2454,p1,?,
1769449710.019863,SENT,431385f0-5ef1-4fac-9990-f024c9b9d426,944181b6-5fdd-4d63-9eaf-6137e0d43c68,c3,DROP,1015,?,i11,
1769449710.0199058,FORWARDED,431385f0-5ef1-4fac-9990-f024c9b9d426,944181b6-5fdd-4d63-9eaf-6137e0d43c68,c3,DROP,1015,?,i11,
1769449710.0749824,SENT,e0222239-5948-4c86-b4f7-3c846bd81d69,b9263581-4797-4a0f-a8db-a22f6c683bd8,c2,c1,1775,?,i11,
1769449710.0750217,FORWARDED,e0222239-5948-4c86-b4f7-3c846bd81d69,b9263581-4797-4a0f-a8db-a22f6c683bd8,c2,c1,1775,?,i11,
1769449710.0832877,RECEIVED,f18fac53-3e42-4e77-bd74-c39d98387324,76b81cc8-3cfa-48e0-a51b-79ad2a212b84,c3,DROP,1460,p3,?,
1769449710.097082,RECEIVED,f1757398-ac1a-4394-8ac6-f2f8d0054cf4,963655c8-cb28-4756-b6b6-7850ee03f0ea,c3,DROP,1444,p3,?,
1769449710.1367686,SENT,cb41c971-3453-43f6-9760-636ad41d9bca,bb72e429-1e58-4524-852b-9bee717cf08d,c4,c5,1776,?,i12,
1769449710.1368082,FORWARDED,cb41c971-3453-43f6-9760-636ad41d9bca,bb72e429-1e58-4524-852b-9bee717cf08d,c4,c5,1776,?,i12,
1769449710.18353,RECEIVED,9dbe700a-426e-4ae5-b446-600c7d440e71,24368b0b-13a0-4b98-a8ab-149ad4b63646,c5,DROP,442,x2,?,
1769449710.3664432,RECEIVED,c8bf79c6-25ca-4498-a147-06c9b8eccf34,ab598c8c-3ef3-4d5e-8e04-cdfe8ca8ed03,c4,DROP,1447,p1,?,
1769449710.5178535,SENT,24bfac9e-d37c-4124-8eb0-3ec156e18adf,121bfdc3-3a48-44af-a7b5-636ce6661879,c4,c5,1768,?,i5,
1769449710.5178936,FORWARDED,24bfac9e-d37c-4124-8eb0-3ec156e18adf,121bfdc3-3a48-44af-a7b5-636ce6661879,c4,c5,1768,?,i5,
1769449710.5259042,RECEIVED,136361b3-2169-46f8-8f3a-8de80b8d5f4b,460123b2-db3d-417d-b13c-daaa6ffb6615,c1,DROP,1457,p1,?,
1769449710.5637715,SENT,ad2671fa-ad95-4bc5-803c-a79ba4be29cf,8b4dcdea-7a02-4e85-8f6b-200d8367eeda,c3,c5,1765,?,i6,
1769449710.5638108,FORWARDED,ad2671fa-ad95-4bc5-803c-a79ba4be29cf,8b4dcdea-7a02-4e85-8f6b-200d8367eeda,c3,c5,1765,?,i6,
1769449710.6249545,SENT,f18fac53-3e42-4e77-bd74-c39d98387324,76b81cc8-3cfa-48e0-a51b-79ad2a212b84,c3,DROP,1021,?,i12,
1769449710.6249971,FORWARDED,f18fac53-3e42-4e77-bd74-c39d98387324,76b81cc8-3cfa-48e0-a51b-79ad2a212b84,c3,DROP,1021,?,i12,
1769449710.6576126,SENT,c8bf79c6-25ca-4498-a147-06c9b8eccf34,ab598c8c-3ef3-4d5e-8e04-cdfe8ca8ed03,c4,DROP,1013,?,i8,
1769449710.6576538,FORWARDED,c8bf79c6-25ca-4498-a147-06c9b8eccf34,ab598c8c-3ef3-4d5e-8e04-cdfe8ca8ed03,c4,DROP,1013,?,i8,
1769449710.6638935,RECEIVED,5f63ed18-56a9-4af9-984b-31b5a4e387f9,b63f0206-0c2c-47a8-b168-4b75bf70196f,c1,DROP,1456,p1,?,
1769449710.686351,SENT,2bbd8283-6c10-4303-8ff6-945fb1322e3b,e7835e11-422f-4942-bbbc-9f36b2fe3c20,c1,c3,1766,?,i8,
1769449710.6863916,FORWARDED,2bbd8283-6c10-4303-8ff6-945fb1322e3b,e7835e11-422f-4942-bbbc-9f36b2fe3c20,c1,c3,1766,?,i8,
1769449710.904991,SENT,136361b3-2169-46f8-8f3a-8de80b8d5f4b,460123b2-db3d-417d-b13c-daaa6ffb6615,c1,DROP,1020,?,i11,
1769449710.9050303,FORWARDED,136361b3-2169-46f8-8f3a-8de80b8d5f4b,460123b2-db3d-417d-b13c-daaa6ffb6615,c1,DROP,1020,?,i11,
1769449711.0973995,RECEIVED,fa3cb50e-fa03-4473-8213-18a2b6e23a5e,0f4fdb16-6b7f-4e32-b24d-f30aaf8c79db,c5,DROP,441,x3,?,
1769449711.111231,SENT,f1757398-ac1a-4394-8ac6-f2f8d0054cf4,963655c8-cb28-4756-b6b6-7850ee03f0ea,c3,DROP,1011,?,i12,
1769449711.1112711,FORWARDED,f1757398-ac1a-4394-8ac6-f2f8d0054cf4,963655c8-cb28-4756-b6b6-7850ee03f0ea,c3,DROP,1011,?,i12,
1769449711.154705,SENT,5f63ed18-56a9-4af9-984b-31b5a4e387f9,b63f0206-0c2c-47a8-b168-4b75bf70196f,c1,DROP,1020,?,i12,
1769449711.1547468,FORWARDED,5f63ed18-56a9-4af9-984b-31b5a4e387f9,b63f0206-0c2c-47a8-b168-4b75bf70196f,c1,DROP,1020,?,i12,
1769449711.8877294,RECEIVED,6fcf834b-b04c-4e05-aa61-1a97e7677783,76b4ba02-7688-41d9-8eed-7a1ac790a4f8,c4,DROP,1439,p1,?,
1769449712.137462,RECEIVED,b339c099-6a9a-493b-a8d1-640c78c9ccd2,7010d63e-213b-40fe-aaee-7407cddb5aef,c3,DROP,441,x11,?,
1769449712.2508008,RECEIVED,ab111661-65ab-40c8-8d50-e1fa527cb682,1dfc06df-42ac-4672-97a9-e4ebe290f73b,c1,c3,2448,p1,?,
1769449712.3815172,SENT,6fcf834b-b04c-4e05-aa61-1a97e7677783,76b4ba02-7688-41d9-8eed-7a1ac790a4f8,c4,DROP,1007,?,i7,
1769449712.381558,FORWARDED,6fcf834b-b04c-4e05-aa61-1a97e7677783,76b4ba02-7688-41d9-8eed-7a1ac790a4f8,c4,DROP,1007,?,i7,
1769449712.3915958,SENT,ab111661-65ab-40c8-8d50-e1fa527cb682,1dfc06df-42ac-4672-97a9-e4ebe290f73b,c1,c3,1763,?,i3,
1769449712.3916376,FORWARDED,ab111661-65ab-40c8-8d50-e1fa527cb682,1dfc06df-42ac-4672-97a9-e4ebe290f73b,c1,c3,1763,?,i3,
1769449712.5267267,RECEIVED,e00180d0-804e-4e1c-a194-ce0a9a367044,c42c3bed-a770-4e7b-96e4-2f67760074db,c4,c5,2477,p1,?,
1769449712.6842847,RECEIVED,d317eba5-6f27-4b1a-8ce2-646616cde81f,7b452381-5d34-4ad5-97de-533877b7c2ab,c5,DROP,1443,p2,?,
1769449712.7389235,RECEIVED,d62a0a41-83c5-4c09-8cc2-eb6a024842ea,9b68a9ff-7d90-46fb-a379-ea54d30ef29a,c3,DROP,1441,p3,?,
1769449712.7467265,RECEIVED,34f9c0c4-f0e9-4a38-9908-6f38fb97cafb,7803ae52-89c5-45d5-994d-4a3ccb49d2c1,c5,DROP,441,x11,?,
1769449712.8136954,RECEIVED,8c4322c0-3639-4fcc-807b-c2841eed0c65,647ea47f-c42a-46c0-b18a-83ef7d14164d,c2,DROP,1444,p2,?,
1769449712.880466,RECEIVED,75c16bc4-e0a3-4425-8423-af3f6d196c8a,17c11430-435d-4bb9-a523-0476c278a72c,c5,DROP,1452,p2,?,
1769449712.94011,SENT,e00180d0-804e-4e1c-a194-ce0a9a367044,c42c3bed-a770-4e7b-96e4-2f67760074db,c4,c5,1783,?,i11,
1769449712.9401536,FORWARDED,e00180d0-804e-4e1c-a194-ce0a9a367044,c42c3bed-a770-4e7b-96e4-2f67760074db,c4,c5,1783,?,i11,
1769449712.9967198,SENT,d62a0a41-83c5-4c09-8cc2-eb6a024842ea,9b68a9ff-7d90-46fb-a379-ea54d30ef29a,c3,DROP,1007,?,i11,
1769449712.9967632,FORWARDED,d62a0a41-83c5-4c09-8cc2-eb6a024842ea,9b68a9ff-7d90-46fb-a379-ea54d30ef29a,c3,DROP,1007,?,i11,
1769449713.0026712,SENT,8c4322c0-3639-4fcc-807b-c2841eed0c65,647ea47f-c42a-46c0-b18a-83ef7d14164d,c2,DROP,1009,?,i2,
1769449713.0027146,FORWARDED,8c4322c0-3639-4fcc-807b-c2841eed0c65,647ea47f-c42a-46c0-b18a-83ef7d14164d,c2,DROP,1009,?,i2,
1769449713.1265643,SENT,75c16bc4-e0a3-4425-8423-af3f6d196c8a,17c11430-435d-4bb9-a523-0476c278a72c,c5,DROP,1016,?,i5,
1769449713.126606,FORWARDED,75c16bc4-e0a3-4425-8423-af3f6d196c8a,17c11430-435d-4bb9-a523-0476c278a72c,c5,DROP,1016,?,i5,
1769449713.1686416,RECEIVED,e9ab9495-85f5-404c-a785-eecdf874873e,9e6a18a9-1ffa-4fbe-aca4-b7bf2e1ceb85,c3,c5,2469,p3,?,
1769449713.4868927,SENT,e9ab9495-85f5-404c-a785-eecdf874873e,9e6a18a9-1ffa-4fbe-aca4-b7bf2e1ceb85,c3,c5,1779,?,i12,
1769449713.4869373,FORWARDED,e9ab9495-85f5-404c-a785-eecdf874873e,9e6a18a9-1ffa-4fbe-aca4-b7bf2e1ceb85,c3,c5,1779,?,i12,
1769449713.5079813,SENT,d317eba5-6f27-4b1a-8ce2-646616cde81f,7b452381-5d34-4ad5-97de-533877b7c2ab,c5,DROP,1011,?,i6,
1769449713.508022,FORWARDED,d317eba5-6f27-4b1a-8ce2-646616cde81f,7b452381-5d34-4ad5-97de-533877b7c2ab,c5,DROP,1011,?,i6,
1769449713.51087,RECEIVED,467cad6a-4844-46e6-8972-834b522ff7aa,0fb95e06-0b4b-432e-afe9-711f9f4ae665,c4,DROP,442,x3,?,
1769449713.7232964,RECEIVED,3794e13d-8ef7-409f-a33b-f26a011e9a53,b9b0b0bf-ccab-4def-a2de-f4f53f97fa2f,c5,DROP,1452,p2,?,
1769449713.7937918,RECEIVED,3c34f37d-fba9-4ebb-8e1f-cd17e0644eaf,ce177502-5bef-4ba8-8a67-e3f0b3f84e6d,c1,DROP,1443,p1,?,
1769449714.1221032,RECEIVED,f419a222-b988-4ce8-896b-07ba687c782d,931e7fb7-73db-4bc2-bbd2-9c14b7905738,c1,DROP,1443,p1,?,
1769449714.1525884,RECEIVED,50f83ca1-68ea-408f-bb19-c07dd3daff00,d858bedf-9ecc-4988-a502-81085ffcc974,c2,c1,2459,p2,?,
1769449714.330684,SENT,f419a222-b988-4ce8-896b-07ba687c782d,931e7fb7-73db-4bc2-bbd2-9c14b7905738,c1,DROP,1010,?,i3,
1769449714.3307269,FORWARDED,f419a222-b988-4ce8-896b-07ba687c782d,931e7fb7-73db-4bc2-bbd2-9c14b7905738,c1,DROP,1010,?,i3,
1769449714.410519,SENT,3794e13d-8ef7-409f-a33b-f26a011e9a53,b9b0b0bf-ccab-4def-a2de-f4f53f97fa2f,c5,DROP,1017,?,i12,
1769449714.410561,FORWARDED,3794e13d-8ef7-409f-a33b-f26a011e9a53,b9b0b0bf-ccab-4def-a2de-f4f53f97fa2f,c5,DROP,1017,?,i12,
1769449714.4573321,SENT,50f83ca1-68ea-408f-bb19-c07dd3daff00,d858bedf-9ecc-4988-a502-81085ffcc974,c2,c1,1772,?,i4,
1769449714.4573712,FORWARDED,50f83ca1-68ea-408f-bb19-c07dd3daff00,d858bedf-9ecc-4988-a502-81085ffcc974,c2,c1,1772,?,i4,
1769449714.6533356,RECEIVED,c38874e9-4348-43fe-9e72-4d0e8e9b07a6,7ab0f161-c1ff-46ac-b8ed-fffbd4f5252d,c4,DROP,441,x5,?,
1769449714.7064893,RECEIVED,7c84db41-a7ab-48f1-806d-ab77311d1f0a,3197bfa6-c2e1-4c8c-a0cc-9cce958a1b10,c5,DROP,441,x6,?,
1769449714.8378732,SENT,3c34f37d-fba9-4ebb-8e1f-cd17e0644eaf,ce177502-5bef-4ba8-8a67-e3f0b3f84e6d,c1,DROP,1010,?,i1,
1769449714.837911,FORWARDED,3c34f37d-fba9-4ebb-8e1f-cd17e0644eaf,ce177502-5bef-4ba8-8a67-e3f0b3f84e6d,c1,DROP,1010,?,i1,
1769449714.9669023,RECEIVED,73ed9e38-968e-4fd3-bc76-39690fc1d8d3,68dc9ce8-de08-4822-a998-b71c80a061a1,c1,DROP,1447,p1,?,
1769449715.2518945,RECEIVED,c2d1ae2a-151a-45cd-b337-84dd35c29294,16e43278-f5b1-47ce-b58d-e30763ae2ba0,c2,c1,2463,p2,?,
1769449715.4720254,SENT,73ed9e38-968e-4fd3-bc76-39690fc1d8d3,68dc9ce8-de08-4822-a998-b71c80a061a1,c1,DROP,1012,?,i6,
1769449715.4720783,FORWARDED,73ed9e38-968e-4fd3-bc76-39690fc1d8d3,68dc9ce8-de08-4822-a998-b71c80a061a1,c1,DROP,1012,?,i6,
1769449715.9536114,RECEIVED,ddc57110-26f7-4c0b-9abd-d410e7524cfe,524947b6-f3e3-42f6-8337-381157e43cf2,c5,DROP,1452,p2,?,
1769449716.0095546,RECEIVED,d1a70d13-2b47-49db-bf87-f98cb66bffd0,dfbfebf6-01ca-46cf-8d1b-337dc1ae1197,c1,DROP,1451,p1,?,
1769449716.0199678,RECEIVED,963a0c50-6516-45e2-9af3-ed85cc9398d1,66d9c016-4af4-4f19-8127-a2fad00817fd,c4,c5,2456,p1,?,
1769449716.0448115,SENT,ddc57110-26f7-4c0b-9abd-d410e7524cfe,524947b6-f3e3-42f6-8337-381157e43cf2,c5,DROP,1015,?,i1,
1769449716.0448537,FORWARDED,ddc57110-26f7-4c0b-9abd-d410e7524cfe,524947b6-f3e3-42f6-8337-381157e43cf2,c5,DROP,1015,?,i1,
1769449716.2189517,SENT,c2d1ae2a-151a-45cd-b337-84dd35c29294,16e43278-f5b1-47ce-b58d-e30763ae2ba0,c2,c1,1774,?,i5,
1769449716.2189925,FORWARDED,c2d1ae2a-151a-45cd-b337-84dd35c29294,16e43278-f5b1-47ce-b58d-e30763ae2ba0,c2,c1,1774,?,i5,
1769449716.3835766,SENT,963a0c50-6516-45e2-9af3-ed85cc9398d1,66d9c016-4af4-4f19-8127-a2fad00817fd,c4,c5,1770,?,i2,
1769449716.383615,FORWARDED,963a0c50-6516-45e2-9af3-ed85cc9398d1,66d9c016-4af4-4f19-8127-a2fad00817fd,c4,c5,1770,?,i2,
1769449716.4619217,RECEIVED,ace25dda-19c8-43e8-8eb7-fde594aed788,2500e8d2-7758-4d72-a49a-34d334e51f04,c3,c5,2472,p3,?,
1769449716.6102834,RECEIVED,a34249f8-4ded-4591-8701-25a13739f93e,383484c7-97fe-45cc-a925-0a5379df4a21,c1,c3,2456,p1,?,
1769449716.709858,SENT,ace25dda-19c8-43e8-8eb7-fde594aed788,2500e8d2-7758-4d72-a49a-34d334e51f04,c3,c5,1781,?,i4,
1769449716.7099123,FORWARDED,ace25dda-19c8-43e8-8eb7-fde594aed788,2500e8d2-7758-4d72-a49a-34d334e51f04,c3,c5,1781,?,i4,
1769449716.9537354,SENT,a34249f8-4ded-4591-8701-25a13739f93e,383484c7-97fe-45cc-a925-0a5379df4a21,c1,c3,1768,?,i1,
1769449716.9537754,FORWARDED,a34249f8-4ded-4591-8701-25a13739f93e,383484c7-97fe-45cc-a925-0a5379df4a21,c1,c3,1768,?,i1,
1769449717.0288944,SENT,d1a70d13-2b47-49db-bf87-f98cb66bffd0,dfbfebf6-01ca-46cf-8d1b-337dc1ae1197,c1,DROP,1015,?,i6,
1769449717.0289361,FORWARDED,d1a70d13-2b47-49db-bf87-f98cb66bffd0,dfbfebf6-01ca-46cf-8d1b-337dc1ae1197,c1,DROP,1015,?,i6,
1769449717.046409,RECEIVED,85bc6f6e-e440-4a32-a19e-121966a66f87,f620d661-1448-4f30-85e3-e33641a08e54,c2,c1,2460,p2,?,
1769449717.1881938,SENT,85bc6f6e-e440-4a32-a19e-121966a66f87,f620d661-1448-4f30-85e3-e33641a08e54,c2,c1,1771,?,i3,
1769449717.1882358,FORWARDED,85bc6f6e-e440-4a32-a19e-121966a66f87,f620d661-1448-4f30-85e3-e33641a08e54,c2,c1,1771,?,i3,
1769449717.2777474,RECEIVED,39256c84-2a59-4902-9e59-4482db190d3d,26133c65-d088-433e-9d05-8d07059e301c,c5,c4,2472,p2,?,
1769449717.2966654,RECEIVED,933e1b44-d640-4963-b59b-bf677cb499f1,956f91da-571e-445f-b582-28c57aea8ad0,c3,DROP,1441,p3,?,
1769449717.38656,SENT,933e1b44-d640-4963-b59b-bf677cb499f1,956f91da-571e-445f-b582-28c57aea8ad0,c3,DROP,1007,?,i7,
1769449717.386602,FORWARDED,933e1b44-d640-4963-b59b-bf677cb499f1,956f91da-571e-445f-b582-28c57aea8ad0,c3,DROP,1007,?,i7,
1769449717.40075,RECEIVED,16d4b87d-77ae-482e-8c84-d8368dbe707b,23bceee1-1adb-4711-84e0-e63dbbf7be34,c2,DROP,1443,p2,?,
1769449717.5175862,RECEIVED,b6172a7d-f5c8-4ec8-874f-673e637fe9a5,295f03db-08a6-4939-8f67-dc9d01c3f266,c3,DROP,1444,p3,?,
1769449717.562591,RECEIVED,654ba415-30a3-44dc-9ecb-52c7ffe9ff40,81760ebf-b895-4fc4-9a8d-ba3102035f25,c5,c4,2459,p2,?,
1769449717.6175885,SENT,b6172a7d-f5c8-4ec8-874f-673e637fe9a5,295f03db-08a6-4939-8f67-dc9d01c3f266,c3,DROP,1011,?,i8,
1769449717.6176257,FORWARDED,b6172a7d-f5c8-4ec8-874f-673e637fe9a5,295f03db-08a6-4939-8f67-dc9d01c3f266,c3,DROP,1011,?,i8,
1769449717.7019892,RECEIVED,ee8e9454-d2ae-4191-833e-96a8af253c5b,aee46cd8-0f04-4b66-80b8-9c31a33a759f,c1,c3,2451,p1,?,
1769449717.9147682,SENT,16d4b87d-77ae-482e-8c84-d8368dbe707b,23bceee1-1adb-4711-84e0-e63dbbf7be34,c2,DROP,1011,?,i9,
1769449717.914812,FORWARDED,16d4b87d-77ae-482e-8c84-d8368dbe707b,23bceee1-1adb-4711-84e0-e63dbbf7be34,c2,DROP,1011,?,i9,
1769449717.928778,SENT,39256c84-2a59-4902-9e59-4482db190d3d,26133c65-d088-433e-9d05-8d07059e301c,c5,c4,1781,?,i11,
1769449717.9288163,FORWARDED,39256c84-2a59-4902-9e59-4482db190d3d,26133c65-d088-433e-9d05-8d07059e301c,c5,c4,1781,?,i11,
1769449718.2655447,RECEIVED,aa324be0-dce9-49c8-bd2e-881b81b40379,407809f5-1d29-4a0e-bec5-ef92db423f7f,c1,c3,2463,p1,?,
1769449718.3006487,RECEIVED,ca0c7fa4-b24c-482a-aeaa-677b1fb2f5be,7f5cb3bd-3c7b-4bbc-a645-f0a1e9cfb357,c5,DROP,1446,p2,?,
1769449718.3322492,RECEIVED,c50d39dd-44ea-4c4e-9651-2faf6553d3da,283bbb8d-8321-4147-9077-3db15d750840,c3,DROP,1440,p3,?,
1769449718.5015647,SENT,ca0c7fa4-b24c-482a-aeaa-677b1fb2f5be,7f5cb3bd-3c7b-4bbc-a645-f0a1e9cfb357,c5,DROP,1012,?,i4,
1769449718.501604,FORWARDED,ca0c7fa4-b24c-482a-aeaa-677b1fb2f5be,7f5cb3bd-3c7b-4bbc-a645-f0a1e9cfb357,c5,DROP,1012,?,i4,
1769449718.5140939,SENT,ee8e9454-d2ae-4191-833e-96a8af253c5b,aee46cd8-0f04-4b66-80b8-9c31a33a759f,c1,c3,1765,?,i1,
1769449718.5141325,FORWARDED,ee8e9454-d2ae-4191-833e-96a8af253c5b,aee46cd8-0f04-4b66-80b8-9c31a33a759f,c1,c3,1765,?,i1,
1769449718.6911855,RECEIVED,e6c7f99a-b70a-4087-8406-940aee11795b,0bdad507-e3e9-4779-9d28-5c8efc1a7a41,c5,c4,2463,p2,?,
1769449718.8244076,SENT,c50d39dd-44ea-4c4e-9651-2faf6553d3da,283bbb8d-8321-4147-9077-3db15d750840,c3,DROP,1007,?,i12,
1769449718.8244476,FORWARDED,c50d39dd-44ea-4c4e-9651-2faf6553d3da,283bbb8d-8321-4147-9077-3db15d750840,c3,DROP,1007,?,i12,
1769449718.9518692,RECEIVED,22bcc6eb-4982-4c2c-b643-829dcfa670af,13b78a77-5a10-4dd9-9e93-e843fab63d9d,c5,DROP,1458,p2,?,
1769449718.962938,RECEIVED,4b382bde-f37a-4b4e-835e-4749feb74d5c,1eacc02b-4a35-46c5-b148-9f330fdf8e91,c2,c1,2473,p2,?,
1769449719.007193,RECEIVED,5d5c74b6-ea0a-4282-bbdd-a3a34017f2ac,358dabf8-0f03-41c7-86ae-3671e14856d7,c3,DROP,445,x6,?,
1769449719.0283883,SENT,22bcc6eb-4982-4c2c-b643-829dcfa670af,13b78a77-5a10-4dd9-9e93-e843fab63d9d,c5,DROP,1020,?,i12,
1769449719.0284278,FORWARDED,22bcc6eb-4982-4c2c-b643-829dcfa670af,13b78a77-5a10-4dd9-9e93-e843fab63d9d,c5,DROP,1020,?,i12,
1769449719.0784228,SENT,4b382bde-f37a-4b4e-835e-4749feb74d5c,1eacc02b-4a35-46c5-b148-9f330fdf8e91,c2,c1,1780,?,i11,
1769449719.0784643,FORWARDED,4b382bde-f37a-4b4e-835e-4749feb74d5c,1eacc02b-4a35-46c5-b148-9f330fdf8e91,c2,c1,1780,?,i11,
1769449719.3771083,RECEIVED,ff976c01-3eed-471d-bc09-b4cd8b66199e,4bd664b0-1797-4dfb-9eec-05aa9c09dc17,c3,DROP,1442,p3,?,
1769449719.387493,SENT,ff976c01-3eed-471d-bc09-b4cd8b66199e,4bd664b0-1797-4dfb-9eec-05aa9c09dc17,c3,DROP,1008,?,i12,
1769449719.387533,FORWARDED,ff976c01-3eed-471d-bc09-b4cd8b66199e,4bd664b0-1797-4dfb-9eec-05aa9c09dc17,c3,DROP,1008,?,i12,
1769449719.4283414,RECEIVED,bce21ea5-1f65-4d46-8d2f-1eba79c1e5bf,15c5f826-e09c-4a5a-b63f-7250f7def647,c4,c5,2461,p1,?,
1769449719.490631,SENT,bce21ea5-1f65-4d46-8d2f-1eba79c1e5bf,15c5f826-e09c-4a5a-b63f-7250f7def647,c4,c5,1771,?,i6,
1769449719.4906719,FORWARDED,bce21ea5-1f65-4d46-8d2f-1eba79c1e5bf,15c5f826-e09c-4a5a-b63f-7250f7def647,c4,c5,1771,?,i6,
1769449719.5256295,SENT,654ba415-30a3-44dc-9ecb-52c7ffe9ff40,81760ebf-b895-4fc4-9a8d-ba3102035f25,c5,c4,1772,?,i9,
1769449719.5256758,FORWARDED,654ba415-30a3-44dc-9ecb-52c7ffe9ff40,81760ebf-b895-4fc4-9a8d-ba3102035f25,c5,c4,1772,?,i9,
1769449719.5793755,SENT,e6c7f99a-b70a-4087-8406-940aee11795b,0bdad507-e3e9-4779-9d28-5c8efc1a7a41,c5,c4,1776,?,i8,
1769449719.579416,FORWARDED,e6c7f99a-b70a-4087-8406-940aee11795b,0bdad507-e3e9-4779-9d28-5c8efc1a7a41,c5,c4,1776,?,i8,
1769449719.83648,RECEIVED,14e0fa2f-c5b1-48d8-b01e-bbe8c43a1674,d090ef48-a515-40d9-b682-1209e24f5c77,c1,DROP,1451,p1,?,
1769449719.8483315,RECEIVED,3776ccd5-3e45-4de1-b263-8607d817fc1b,7711ad6a-b81f-4fab-a239-daab2a587020,c4,DROP,1435,p1,?,
1769449719.9763355,SENT,aa324be0-dce9-49c8-bd2e-881b81b40379,407809f5-1d29-4a0e-bec5-ef92db423f7f,c1,c3,1775,?,i2,
1769449719.9763737,FORWARDED,aa324be0-dce9-49c8-bd2e-881b81b40379,407809f5-1d29-4a0e-bec5-ef92db423f7f,c1,c3,1775,?,i2,
1769449720.2166107,SENT,14e0fa2f-c5b1-48d8-b01e-bbe8c43a1674,d090ef48-a515-40d9-b682-1209e24f5c77,c1,DROP,1015,?,i8,
1769449720.2166512,FORWARDED,14e0fa2f-c5b1-48d8-b01e-bbe8c43a1674,d090ef48-a515-40d9-b682-1209e24f5c77,c1,DROP,1015,?,i8,
1769449720.3303883,RECEIVED,a1c3778a-e515-49f9-b1f0-42fe645c7d5a,efaeb3ac-a284-4b63-a08b-b7b96d1a266d,c3,DROP,1440,p3,?,
1769449720.3679001,RECEIVED,5530f0d0-dbf0-44d0-8070-c15f35cf2629,98767008-92b0-4747-acdf-1f79d66214ca,c4,c5,2461,p1,?,
1769449720.445309,SENT,a1c3778a-e515-49f9-b1f0-42fe645c7d5a,efaeb3ac-a284-4b63-a08b-b7b96d1a266d,c3,DROP,1006,?,i5,
1769449720.4453511,FORWARDED,a1c3778a-e515-49f9-b1f0-42fe645c7d5a,efaeb3ac-a284-4b63-a08b-b7b96d1a266d,c3,DROP,1006,?,i5,
1769449720.49218,RECEIVED,be614561-aa10-466b-a6cc-33677ab9b38e,cc408203-ebb8-4839-b2ae-76af522eb86f,c1,DROP,441,x11,?,
1769449720.597498,SENT,5530f0d0-dbf0-44d0-8070-c15f35cf2629,98767008-92b0-4747-acdf-1f79d66214ca,c4,c5,1773,?,i11,
1769449720.5975387,FORWARDED,5530f0d0-dbf0-44d0-8070-c15f35cf2629,98767008-92b0-4747-acdf-1f79d66214ca,c4,c5,1773,?,i11,
1769449720.6234193,RECEIVED,daefecb5-7e3c-485a-984d-ee9c6ea0235f,c887dfbc-366a-4063-9ffe-8efdc6fad137,c1,DROP,1446,p1,?,
1769449720.8481278,RECEIVED,d2d39359-893f-4048-b970-9d9e3463c1cb,783dec9a-f632-4765-bda5-e31a2920287f,c3,DROP,444,x11,?,
1769449720.941409,RECEIVED,a2d3de2b-d398-4b30-8f6c-e1f069f2795a,1ece7a91-fca5-405a-b302-945a09ac8444,c3,DROP,1441,p3,?,
1769449721.0147724,RECEIVED,7f5f4821-5ef0-43f8-b352-1b72803aadee,2181de27-f56c-4191-8ab1-c14430893ba8,c2,DROP,1440,p2,?,
1769449721.0249572,RECEIVED,f3998f3c-4f35-4e81-b78a-a9dca1a0b6f4,699e60c4-d9ff-45f9-872c-04a270cbd4f1,c3,c5,2463,p3,?,
1769449721.0525079,SENT,3776ccd5-3e45-4de1-b263-8607d817fc1b,7711ad6a-b81f-4fab-a239-daab2a587020,c4,DROP,1004,?,i5,
1769449721.052548,FORWARDED,3776ccd5-3e45-4de1-b263-8607d817fc1b,7711ad6a-b81f-4fab-a239-daab2a587020,c4,DROP,1004,?,i5,
1769449721.0648549,RECEIVED,7cc226d9-51b5-4d38-b600-1ad4061f257f,89abf7a9-0f98-43fe-924c-ec0a23143ae0,c4,c5,2459,p1,?,
1769449721.1544921,RECEIVED,8d44c253-99ed-468b-9482-7df0009a6870,34e91e5f-00c0-493a-8955-0c119c758038,c3,c5,2464,p3,?,
1769449721.1900094,RECEIVED,f91e9b58-35aa-4e59-8e2e-84b8b3d6db1f,2b71c24f-c7b4-48cb-903c-8fe992ba7c62,c5,DROP,1440,p2,?,
1769449721.2555647,SENT,daefecb5-7e3c-485a-984d-ee9c6ea0235f,c887dfbc-366a-4063-9ffe-8efdc6fad137,c1,DROP,1013,?,i4,
1769449721.2556021,FORWARDED,daefecb5-7e3c-485a-984d-ee9c6ea0235f,c887dfbc-366a-4063-9ffe-8efdc6fad137,c1,DROP,1013,?,i4,
1769449721.2693954,SENT,a2d3de2b-d398-4b30-8f6c-e1f069f2795a,1ece7a91-fca5-405a-b302-945a09ac8444,c3,DROP,1007,?,i10,
1769449721.2694364,FORWARDED,a2d3de2b-d398-4b30-8f6c-e1f069f2795a,1ece7a91-fca5-405a-b302-945a09ac8444,c3,DROP,1007,?,i10,
1769449721.3303587,RECEIVED,4f820e04-7117-4afb-afcb-bc6bc3a8c140,18d048cf-e474-4a16-a869-1e976a061392,c2,c1,2447,p2,?,
1769449721.3801992,SENT,f91e9b58-35aa-4e59-8e2e-84b8b3d6db1f,2b71c24f-c7b4-48cb-903c-8fe992ba7c62,c5,DROP,1008,?,i3,
1769449721.3802423,FORWARDED,f91e9b58-35aa-4e59-8e2e-84b8b3d6db1f,2b71c24f-c7b4-48cb-903c-8fe992ba7c62,c5,DROP,1008,?,i3,
1769449721.4159849,SENT,7f5f4821-5ef0-43f8-b352-1b72803aadee,2181de27-f56c-4191-8ab1-c14430893ba8,c2,DROP,1008,?,i12,
1769449721.4160647,FORWARDED,7f5f4821-5ef0-43f8-b352-1b72803aadee,2181de27-f56c-4191-8ab1-c14430893ba8,c2,DROP,1008,?,i12,
1769449721.427327,SENT,f3998f3c-4f35-4e81-b78a-a9dca1a0b6f4,699e60c4-d9ff-45f9-872c-04a270cbd4f1,c3,c5,1776,?,i3,
1769449721.427367,FORWARDED,f3998f3c-4f35-4e81-b78a-a9dca1a0b6f4,699e60c4-d9ff-45f9-872c-04a270cbd4f1,c3,c5,1776,?,i3,
1769449721.8178322,RECEIVED,d054c0c0-e428-4498-a83e-6c5cf38e9192,27b075fe-fb3b-4250-8eb7-279630774ce5,c4,c5,2464,p1,?,
1769449721.8852997,SENT,4f820e04-7117-4afb-afcb-bc6bc3a8c140,18d048cf-e474-4a16-a869-1e976a061392,c2,c1,1764,?,i4,
1769449721.88534,FORWARDED,4f820e04-7117-4afb-afcb-bc6bc3a8c140,18d048cf-e474-4a16-a869-1e976a061392,c2,c1,1764,?,i4,
1769449721.9424567,SENT,8d44c253-99ed-468b-9482-7df0009a6870,34e91e5f-00c0-493a-8955-0c119c758038,c3,c5,1776,?,i10,
1769449721.9424973,FORWARDED,8d44c253-99ed-468b-9482-7df0009a6870,34e91e5f-00c0-493a-8955-0c119c758038,c3,c5,1776,?,i10,
1769449721.9442286,RECEIVED,08930ff7-4a66-4d03-96d4-5a886dcf3f1a,adccff5c-f55b-4844-ad43-04f98ae6d0d2,c3,c5,2459,p3,?,
1769449721.9481773,RECEIVED,9cc474b0-3859-4252-85e1-c8adf716b80f,e3fb950a-7dbf-41ef-839e-7267dbbb0809,c4,DROP,1440,p1,?,
1769449722.078682,RECEIVED,3675620f-d5b5-458f-853b-7581ccadb1e0,4569bae6-3ddd-486f-b4b1-c739f814621a,c1,DROP,1439,p1,?,
1769449722.0876546,SENT,7cc226d9-51b5-4d38-b600-1ad4061f257f,89abf7a9-0f98-43fe-924c-ec0a23143ae0,c4,c5,1773,?,i3,
1769449722.0876951,FORWARDED,7cc226d9-51b5-4d38-b600-1ad4061f257f,89abf7a9-0f98-43fe-924c-ec0a23143ae0,c4,c5,1773,?,i3,
1769449722.1986623,RECEIVED,2493fc38-9b80-47c7-9f50-b6f0ab6ff2db,a4b55066-a6da-494f-9a40-e66f9213928e,c3,DROP,1448,p3,?,
1769449722.2230897,RECEIVED,99c59d19-95f2-428c-9084-32e533aceb70,3650cc32-1df5-4f7e-ad6b-fa125e5c11dc,c4,DROP,1452,p1,?,
1769449722.2300448,RECEIVED,192730c1-7b3b-4fc0-a09f-2aa5f5ada09f,4dfc1aee-15d2-42cd-a500-395d36a1af58,c4,DROP,1452,p1,?,
1769449722.3041744,SENT,d054c0c0-e428-4498-a83e-6c5cf38e9192,27b075fe-fb3b-4250-8eb7-279630774ce5,c4,c5,1774,?,i4,
1769449722.304215,FORWARDED,d054c0c0-e428-4498-a83e-6c5cf38e9192,27b075fe-fb3b-4250-8eb7-279630774ce5,c4,c5,1774,?,i4,
1769449722.3090348,SENT,99c59d19-95f2-428c-9084-32e533aceb70,3650cc32-1df5-4f7e-ad6b-fa125e5c11dc,c4,DROP,1016,?,i8,
1769449722.3090868,FORWARDED,99c59d19-95f2-428c-9084-32e533aceb70,3650cc32-1df5-4f7e-ad6b-fa125e5c11dc,c4,DROP,1016,?,i8,
1769449722.3292098,SENT,9cc474b0-3859-4252-85e1-c8adf716b80f,e3fb950a-7dbf-41ef-839e-7267dbbb0809,c4,DROP,1007,?,i1,
1769449722.329251,FORWARDED,9cc474b0-3859-4252-85e1-c8adf716b80f,e3fb950a-7dbf-41ef-839e-7267dbbb0809,c4,DROP,1007,?,i1,
1769449722.37288,SENT,3675620f-d5b5-458f-853b-7581ccadb1e0,4569bae6-3ddd-486f-b4b1-c739f814621a,c1,DROP,1008,?,i6,
1769449722.3729336,FORWARDED,3675620f-d5b5-458f-853b-7581ccadb1e0,4569bae6-3ddd-486f-b4b1-c739f814621a,c1,DROP,1008,?,i6,
1769449722.5931773,SENT,192730c1-7b3b-4fc0-a09f-2aa5f5ada09f,4dfc1aee-15d2-42cd-a500-395d36a1af58,c4,DROP,1016,?,i8,
1769449722.5932193,FORWARDED,192730c1-7b3b-4fc0-a09f-2aa5f5ada09f,4dfc1aee-15d2-42cd-a500-395d36a1af58,c4,DROP,1016,?,i8,
1769449722.6155088,RECEIVED,83910dfb-c1d8-4845-980a-de4dea86caf4,dd5e2d83-024b-45c7-83c2-e0c1004aaeae,c4,DROP,442,x3,?,
1769449722.6387541,SENT,08930ff7-4a66-4d03-96d4-5a886dcf3f1a,adccff5c-f55b-4844-ad43-04f98ae6d0d2,c3,c5,1771,?,i12,
1769449722.6387887,FORWARDED,08930ff7-4a66-4d03-96d4-5a886dcf3f1a,adccff5c-f55b-4844-ad43-04f98ae6d0d2,c3,c5,1771,?,i12,
1769449722.7309937,SENT,2493fc38-9b80-47c7-9f50-b6f0ab6ff2db,a4b55066-a6da-494f-9a40-e66f9213928e,c3,DROP,1012,?,i11,
1769449722.7310343,FORWARDED,2493fc38-9b80-47c7-9f50-b6f0ab6ff2db,a4b55066-a6da-494f-9a40-e66f9213928e,c3,DROP,1012,?,i11,
1769449723.1127226,RECEIVED,7e5b4f0b-ede6-474f-a0c7-e750c7e3da7c,9c0a7259-f22c-46e7-a347-ce635e33f235,c4,DROP,1440,p1,?,
1769449723.3563662,RECEIVED,53ef0708-c9a9-434c-b21e-63603a7229fd,e016a357-e295-4463-9b31-667c3322f7c5,c1,DROP,1447,p1,?,
1769449723.3916407,RECEIVED,8c24b46d-e429-4fa1-b6f8-75d38657c760,1c234e3f-ff39-4594-9101-baa142181b9c,c3,DROP,1440,p3,?,
1769449723.602946,RECEIVED,b075311f-e02d-491d-bbbb-c88a3d22d5b0,4783323b-bc4d-4d26-a8df-2e35b73a0e26,c4,DROP,441,x9,?,
1769449723.6181548,RECEIVED,d126e6cb-413d-453a-abfe-5050aeae5df0,89ef05d6-4eae-41bd-a9bf-40e1ce5bf7da,c2,DROP,1452,p2,?,
1769449723.6418629,SENT,7e5b4f0b-ede6-474f-a0c7-e750c7e3da7c,9c0a7259-f22c-46e7-a347-ce635e33f235,c4,DROP,1007,?,i10,
1769449723.641905,FORWARDED,7e5b4f0b-ede6-474f-a0c7-e750c7e3da7c,9c0a7259-f22c-46e7-a347-ce635e33f235,c4,DROP,1007,?,i10,
1769449723.7601144,SENT,8c24b46d-e429-4fa1-b6f8-75d38657c760,1c234e3f-ff39-4594-9101-baa142181b9c,c3,DROP,1007,?,i2,
1769449723.7601817,FORWARDED,8c24b46d-e429-4fa1-b6f8-75d38657c760,1c234e3f-ff39-4594-9101-baa142181b9c,c3,DROP,1007,?,i2,
1769449723.7714248,RECEIVED,06fa2e1e-a36a-45e7-88a9-768808343dfd,f634c1e6-eb0f-496a-bda7-1cb2d18e31ea,c4,DROP,1460,p1,?,
1769449723.9189782,RECEIVED,d8179bbb-e970-4aca-91cc-26edc72ba88a,d04c6f23-8010-42ba-a924-bba5035301fe,c5,DROP,1435,p2,?,
1769449724.1005843,SENT,06fa2e1e-a36a-45e7-88a9-768808343dfd,f634c1e6-eb0f-496a-bda7-1cb2d18e31ea,c4,DROP,1021,?,i12,
1769449724.100623,FORWARDED,06fa2e1e-a36a-45e7-88a9-768808343dfd,f634c1e6-eb0f-496a-bda7-1cb2d18e31ea,c4,DROP,1021,?,i12,
1769449724.2468057,RECEIVED,2a096831-a76d-40bb-b836-3561ed7e864c,7045b98d-afc9-468a-a82b-857072671799,c3,c5,2475,p3,?,
1769449724.2843657,SENT,d126e6cb-413d-453a-abfe-5050aeae5df0,89ef05d6-4eae-41bd-a9bf-40e1ce5bf7da,c2,DROP,1017,?,i12,
1769449724.284407,FORWARDED,d126e6cb-413d-453a-abfe-5050aeae5df0,89ef05d6-4eae-41bd-a9bf-40e1ce5bf7da,c2,DROP,1017,?,i12,
1769449724.383565,RECEIVED,a8366856-8307-4920-9d3c-d3e311fc253b,1a946c8d-7acf-4899-8546-c9a5f9b3d455,c1,DROP,1452,p1,?,
1769449724.5033195,SENT,a8366856-8307-4920-9d3c-d3e311fc253b,1a946c8d-7acf-4899-8546-c9a5f9b3d455,c1,DROP,1017,?,i9,
1769449724.5033598,FORWARDED,a8366856-8307-4920-9d3c-d3e311fc253b,1a946c8d-7acf-4899-8546-c9a5f9b3d455,c1,DROP,1017,?,i9,
1769449724.5526488,RECEIVED,78248b33-5fbf-43c9-9346-2f0a3c7c11eb,35b8a99d-096d-4467-997c-bd3950aac55a,c3,DROP,1443,p3,?,
1769449724.7527761,SENT,53ef0708-c9a9-434c-b21e-63603a7229fd,e016a357-e295-4463-9b31-667c3322f7c5,c1,DROP,1012,?,i5,
1769449724.7528255,FORWARDED,53ef0708-c9a9-434c-b21e-63603a7229fd,e016a357-e295-4463-9b31-667c3322f7c5,c1,DROP,1012,?,i5,
1769449724.9558809,RECEIVED,fdedf03a-ea76-4eb4-8b18-3e67f5952262,f8653629-371b-43b1-b052-d7c19666495d,c5,c4,2468,p2,?,
1769449724.960334,SENT,78248b33-5fbf-43c9-9346-2f0a3c7c11eb,35b8a99d-096d-4467-997c-bd3950aac55a,c3,DROP,1009,?,i3,
1769449724.9603767,FORWARDED,78248b33-5fbf-43c9-9346-2f0a3c7c11eb,35b8a99d-096d-4467-997c-bd3950aac55a,c3,DROP,1009,?,i3,
1769449724.9707565,SENT,2a096831-a76d-40bb-b836-3561ed7e864c,7045b98d-afc9-468a-a82b-857072671799,c3,c5,1783,?,i2,
1769449724.9708004,FORWARDED,2a096831-a76d-40bb-b836-3561ed7e864c,7045b98d-afc9-468a-a82b-857072671799,c3,c5,1783,?,i2,
1769449725.0728443,RECEIVED,29560ddf-2e71-41c6-9b2f-2ab1cb27d3c5,1830269d-bdb1-4b87-8771-f395703c6e4d,c2,c1,2467,p2,?,
1769449725.425755,RECEIVED,ed159d5a-0617-470f-b32e-4a2de489c2a9,48e90a64-fee0-4c2f-a064-f94a9c295126,c4,DROP,1435,p1,?,
1769449725.515697,RECEIVED,e3fa1d6e-735a-40e7-8290-1f975195a1a5,ad2bd5ad-e24e-4117-87c1-8e2968b7ebd6,c5,c4,2463,p2,?,
1769449725.5212145,SENT,29560ddf-2e71-41c6-9b2f-2ab1cb27d3c5,1830269d-bdb1-4b87-8771-f395703c6e4d,c2,c1,1779,?,i7,
1769449725.521254,FORWARDED,29560ddf-2e71-41c6-9b2f-2ab1cb27d3c5,1830269d-bdb1-4b87-8771-f395703c6e4d,c2,c1,1779,?,i7,
1769449725.6407306,RECEIVED,12d9f43a-dea9-4f5c-b3f7-87e68ac1af90,4572cfb8-c441-48e2-a61b-298af38433c1,c3,DROP,1448,p3,?,
1769449725.694042,SENT,fdedf03a-ea76-4eb4-8b18-3e67f5952262,f8653629-371b-43b1-b052-d7c19666495d,c5,c4,1779,?,i12,
1769449725.6940982,FORWARDED,fdedf03a-ea76-4eb4-8b18-3e67f5952262,f8653629-371b-43b1-b052-d7c19666495d,c5,c4,1779,?,i12,
1769449725.9446495,SENT,12d9f43a-dea9-4f5c-b3f7-87e68ac1af90,4572cfb8-c441-48e2-a61b-298af38433c1,c3,DROP,1012,?,i6,
1769449725.9446967,FORWARDED,12d9f43a-dea9-4f5c-b3f7-87e68ac1af90,4572cfb8-c441-48e2-a61b-298af38433c1,c3,DROP,1012,?,i6,
1769449726.001103,SENT,e3fa1d6e-735a-40e7-8290-1f975195a1a5,ad2bd5ad-e24e-4117-87c1-8e2968b7ebd6,c5,c4,1776,?,i1,
1769449726.0011477,FORWARDED,e3fa1d6e-735a-40e7-8290-1f975195a1a5,ad2bd5ad-e24e-4117-87c1-8e2968b7ebd6,c5,c4,1776,?,i1,
1769449726.0815647,RECEIVED,d9735a92-9c04-4819-80b7-ab7a13095ae9,c873ff3f-f6f9-4dbb-a218-038b531e1831,c3,DROP,437,x3,?,
1769449726.129639,RECEIVED,743c1733-40c3-45a2-9e4d-58797cbd805f,a8e1db88-59fe-4c08-b120-b68e4c036cd6,c5,c4,2451,p2,?,
1769449726.1573038,SENT,d8179bbb-e970-4aca-91cc-26edc72ba88a,d04c6f23-8010-42ba-a924-bba5035301fe,c5,DROP,1004,?,i4,
1769449726.1573446,FORWARDED,d8179bbb-e970-4aca-91cc-26edc72ba88a,d04c6f23-8010-42ba-a924-bba5035301fe,c5,DROP,1004,?,i4,
1769449726.187988,RECEIVED,5b5fab23-8781-4509-8693-596da615225d,69422fcb-f2a5-4d21-b9f6-e9ea8cbf388a,c2,DROP,441,x1,?,
1769449726.20517,RECEIVED,6726845c-78a9-43b1-811c-4234d95b1f53,b30212f5-1aad-4ade-a627-9ce2de7ae2e0,c2,c1,2464,p2,?,
1769449726.4396002,SENT,ed159d5a-0617-470f-b32e-4a2de489c2a9,48e90a64-fee0-4c2f-a064-f94a9c295126,c4,DROP,1005,?,i9,
1769449726.4396417,FORWARDED,ed159d5a-0617-470f-b32e-4a2de489c2a9,48e90a64-fee0-4c2f-a064-f94a9c295126,c4,DROP,1005,?,i9,
1769449726.5278423,RECEIVED,64653abc-3334-4008-aa0d-53eb1a7a1111,e6a45ab7-f51f-42e7-bfc8-f14503c2c437,c4,DROP,1442,p1,?,
1769449726.769533,RECEIVED,4445cebe-1f38-48c1-a59d-82221bd5f193,4ce5475b-ceda-4231-9e27-b1a8def9a092,c4,DROP,1452,p1,?,
1769449726.8267395,SENT,4445cebe-1f38-48c1-a59d-82221bd5f193,4ce5475b-ceda-4231-9e27-b1a8def9a092,c4,DROP,1015,?,i2,
1769449726.8267848,FORWARDED,4445cebe-1f38-48c1-a59d-82221bd5f193,4ce5475b-ceda-4231-9e27-b1a8def9a092,c4,DROP,1015,?,i2,
1769449727.1619601,SENT,743c1733-40c3-45a2-9e4d-58797cbd805f,a8e1db88-59fe-4c08-b120-b68e4c036cd6,c5,c4,1765,?,i6,
1769449727.1620352,FORWARDED,743c1733-40c3-45a2-9e4d-58797cbd805f,a8e1db88-59fe-4c08-b120-b68e4c036cd6,c5,c4,1765,?,i6,
1769449727.2476633,RECEIVED,5c0f3294-cffb-4283-a333-3b569347fbec,b20dc8ba-f7fa-48e2-badd-420ce355e936,c3,DROP,1454,p3,?,
1769449727.2785609,SENT,5c0f3294-cffb-4283-a333-3b569347fbec,b20dc8ba-f7fa-48e2-badd-420ce355e936,c3,DROP,1016,?,i10,
1769449727.278602,FORWARDED,5c0f3294-cffb-4283-a333-3b569347fbec,b20dc8ba-f7fa-48e2-badd-420ce355e936,c3,DROP,1016,?,i10,
1769449727.3493001,RECEIVED,83e91cf5-f288-4bb9-9a81-e2eb41b1052e,dad59336-8f86-4988-9161-86909188e000,c1,c3,2463,p1,?,
1769449727.3623037,RECEIVED,ab0476fc-6951-4426-8229-f7f067507e34,14b3841c-a74a-4a25-96ce-e1eb2ce694fa,c1,c3,2464,p1,?,
1769449727.4088736,RECEIVED,ba8c2038-1841-4d50-b0f0-d01d7e9fbd46,5f0507a9-7ae0-44e5-b967-bcd5a095b79a,c5,DROP,1452,p2,?,
1769449727.4206414,RECEIVED,b36bd7f4-3081-4799-845e-230815c7fe44,85862f63-6fb9-4eca-b11c-fb8061727148,c5,DROP,1439,p2,?,
1769449727.464787,SENT,64653abc-3334-4008-aa0d-53eb1a7a1111,e6a45ab7-f51f-42e7-bfc8-f14503c2c437,c4,DROP,1011,?,i3,
1769449727.4648404,FORWARDED,64653abc-3334-4008-aa0d-53eb1a7a1111,e6a45ab7-f51f-42e7-bfc8-f14503c2c437,c4,DROP,1011,?,i3,
1769449727.4905713,SENT,ab0476fc-6951-4426-8229-f7f067507e34,14b3841c-a74a-4a25-96ce-e1eb2ce694fa,c1,c3,1775,?,i9,
1769449727.4906132,FORWARDED,ab0476fc-6951-4426-8229-f7f067507e34,14b3841c-a74a-4a25-96ce-e1eb2ce694fa,c1,c3,1775,?,i9,
1769449727.5021904,SENT,ba8c2038-1841-4d50-b0f0-d01d7e9fbd46,5f0507a9-7ae0-44e5-b967-bcd5a095b79a,c5,DROP,1016,?,i4,
1769449727.5022323,FORWARDED,ba8c2038-1841-4d50-b0f0-d01d7e9fbd46,5f0507a9-7ae0-44e5-b967-bcd5a095b79a,c5,DROP,1016,?,i4,
1769449727.6027045,RECEIVED,a08ea64b-c331-4499-b8db-60d6bc5b1026,64f18a2f-ff2e-4bac-a04c-b61f574ad963,c5,DROP,1447,p2,?,
1769449727.6816723,SENT,6726845c-78a9-43b1-811c-4234d95b1f53,b30212f5-1aad-4ade-a627-9ce2de7ae2e0,c2,c1,1776,?,i11,
1769449727.6817126,FORWARDED,6726845c-78a9-43b1-811c-4234d95b1f53,b30212f5-1aad-4ade-a627-9ce2de7ae2e0,c2,c1,1776,?,i11,
1769449727.9613283,SENT,83e91cf5-f288-4bb9-9a81-e2eb41b1052e,dad59336-8f86-4988-9161-86909188e000,c1,c3,1776,?,i1,
1769449727.9613695,FORWARDED,83e91cf5-f288-4bb9-9a81-e2eb41b1052e,dad59336-8f86-4988-9161-86909188e000,c1,c3,1776,?,i1,
1769449728.2318876,SENT,a08ea64b-c331-4499-b8db-60d6bc5b1026,64f18a2f-ff2e-4bac-a04c-b61f574ad963,c5,DROP,1012,?,i2,
1769449728.2319314,FORWARDED,a08ea64b-c331-4499-b8db-60d6bc5b1026,64f18a2f-ff2e-4bac-a04c-b61f574ad963,c5,DROP,1012,?,i2,
1769449728.2460022,RECEIVED,752dda80-d11c-4b6f-a0c7-0ba75e0fe20a,8076cb1b-0f72-4afc-9258-bf144581e1d0,c3,c5,2470,p3,?,
1769449728.4461384,RECEIVED,7fa996ba-34f2-4aca-88de-cb206ec5a3e1,34deac00-e352-49bd-8a01-a5e9a2f24b68,c4,DROP,442,x8,?,
1769449728.479565,RECEIVED,b6db58de-a9b2-4ce2-8107-37bb2a190e13,3493786a-beab-4854-b645-a490308a4422,c5,c4,2463,p2,?,
1769449728.5050843,SENT,b36bd7f4-3081-4799-845e-230815c7fe44,85862f63-6fb9-4eca-b11c-fb8061727148,c5,DROP,1008,?,i1,
1769449728.5051441,FORWARDED,b36bd7f4-3081-4799-845e-230815c7fe44,85862f63-6fb9-4eca-b11c-fb8061727148,c5,DROP,1008,?,i1,
1769449728.846808,SENT,752dda80-d11c-4b6f-a0c7-0ba75e0fe20a,8076cb1b-0f72-4afc-9258-bf144581e1d0,c3,c5,1780,?,i3,
1769449728.8468587,FORWARDED,752dda80-d11c-4b6f-a0c7-0ba75e0fe20a,8076cb1b-0f72-4afc-9258-bf144581e1d0,c3,c5,1780,?,i3,
1769449728.9035132,SENT,b6db58de-a9b2-4ce2-8107-37bb2a190e13,3493786a-beab-4854-b645-a490308a4422,c5,c4,1776,?,i8,
1769449728.903554,FORWARDED,b6db58de-a9b2-4ce2-8107-37bb2a190e13,3493786a-beab-4854-b645-a490308a4422,c5,c4,1776,?,i8,
1769449729.0061028,RECEIVED,0c999112-eb9a-46e3-81c8-71262e2b44f7,28502264-42ec-49fd-aae2-83614fc10190,c3,DROP,1437,p3,?,
1769449729.11721,RECEIVED,4b65ea08-16db-4e3b-858f-26c997413011,6a83ca5f-eb26-4c16-a12b-b66879306aaf,c3,c5,2465,p3,?,
1769449729.2327008,RECEIVED,691fa574-478d-469c-8047-854afad43ea0,e901a621-18d6-4647-88e4-05329c262da2,c1,DROP,1434,p1,?,
1769449729.2656043,RECEIVED,a395d376-f16c-493a-80de-3f51ed9e9062,f652d9d1-9fbe-45c4-b8bf-3670b0338bd9,c3,c5,2461,p3,?,
1769449729.2790146,RECEIVED,6341e181-3645-44e5-979f-43e4aece14ec,bd5197d6-12be-4250-8333-340827656a1f,c3,DROP,442,x3,?,
1769449729.30796,SENT,4b65ea08-16db-4e3b-858f-26c997413011,6a83ca5f-eb26-4c16-a12b-b66879306aaf,c3,c5,1775,?,i12,
1769449729.3080616,FORWARDED,4b65ea08-16db-4e3b-858f-26c997413011,6a83ca5f-eb26-4c16-a12b-b66879306aaf,c3,c5,1775,?,i12,
1769449729.3684146,SENT,a395d376-f16c-493a-80de-3f51ed9e9062,f652d9d1-9fbe-45c4-b8bf-3670b0338bd9,c3,c5,1772,?,i10,
1769449729.3685155,FORWARDED,a395d376-f16c-493a-80de-3f51ed9e9062,f652d9d1-9fbe-45c4-b8bf-3670b0338bd9,c3,c5,1772,?,i10,
1769449729.3884072,RECEIVED,e2eb9722-7d46-4a85-a68d-10766aaf9962,d2eeaf96-e3d2-4c8b-85d3-dfabf84e51e7,c2,c1,2464,p2,?,
1769449729.5485418,SENT,e2eb9722-7d46-4a85-a68d-10766aaf9962,d2eeaf96-e3d2-4c8b-85d3-dfabf84e51e7,c2,c1,1775,?,i1,
1769449729.5485942,FORWARDED,e2eb9722-7d46-4a85-a68d-10766aaf9962,d2eeaf96-e3d2-4c8b-85d3-dfabf84e51e7,c2,c1,1775,?,i1,
1769449729.7532492,RECEIVED,bdf45263-288c-4f23-a946-5246686cb1fa,a91f6672-e804-4639-8197-b09459b57e7f,c5,c4,2461,p2,?,
1769449729.7914336,RECEIVED,3378a611-8281-4f4a-b230-a624ec929fb4,9e3e9aaa-8af6-44d5-a986-8f7e6b89bb0a,c4,DROP,1443,p1,?,
1769449729.800424,RECEIVED,ada7f593-b137-4f73-afc3-7993602a7572,f0d1e7bc-e0e6-486a-8fed-893c5da88a4a,c1,DROP,1436,p1,?,
1769449729.8101063,SENT,bdf45263-288c-4f23-a946-5246686cb1fa,a91f6672-e804-4639-8197-b09459b57e7f,c5,c4,1772,?,i3,
1769449729.8101532,FORWARDED,bdf45263-288c-4f23-a946-5246686cb1fa,a91f6672-e804-4639-8197-b09459b57e7f,c5,c4,1772,?,i3,
1769449729.868671,SENT,ada7f593-b137-4f73-afc3-7993602a7572,f0d1e7bc-e0e6-486a-8fed-893c5da88a4a,c1,DROP,1003,?,i4,
1769449729.8687122,FORWARDED,ada7f593-b137-4f73-afc3-7993602a7572,f0d1e7bc-e0e6-486a-8fed-893c5da88a4a,c1,DROP,1003,?,i4,
1769449729.874585,RECEIVED,d3240605-0778-45ee-a8d9-012c1c46c966,ff7eff2e-eff0-4f4e-93ba-8d8387e148b6,c4,c5,2460,p1,?,
1769449729.894883,RECEIVED,a7cb17ea-7f49-4387-86e3-8d6a9ed8bb10,f8dc3b61-cc0e-4b01-b956-e38125c8a138,c3,DROP,442,x2,?,
1769449729.9192934,SENT,3378a611-8281-4f4a-b230-a624ec929fb4,9e3e9aaa-8af6-44d5-a986-8f7e6b89bb0a,c4,DROP,1011,?,i1,
1769449729.9193354,FORWARDED,3378a611-8281-4f4a-b230-a624ec929fb4,9e3e9aaa-8af6-44d5-a986-8f7e6b89bb0a,c4,DROP,1011,?,i1,
1769449729.9345388,RECEIVED,119af957-4c6d-486e-b935-b1afcc258a30,c0abadf5-d482-458f-ac18-c950e8ca551c,c2,c1,2451,p2,?,
1769449729.9533918,SENT,119af957-4c6d-486e-b935-b1afcc258a30,c0abadf5-d482-458f-ac18-c950e8ca551c,c2,c1,1766,?,i4,
1769449729.9534318,FORWARDED,119af957-4c6d-486e-b935-b1afcc258a30,c0abadf5-d482-458f-ac18-c950e8ca551c,c2,c1,1766,?,i4,
1769449729.9664836,SENT,0c999112-eb9a-46e3-81c8-71262e2b44f7,28502264-42ec-49fd-aae2-83614fc10190,c3,DROP,1008,?,i8,
1769449729.9665222,FORWARDED,0c999112-eb9a-46e3-81c8-71262e2b44f7,28502264-42ec-49fd-aae2-83614fc10190,c3,DROP,1008,?,i8,
1769449729.9964075,RECEIVED,c41e1074-32eb-408f-9e6d-c5b4faf01bd3,ef6eaf39-1d2e-4b18-8868-720e6cc0bdb6,c2,c1,2451,p2,?,
1769449730.0616732,SENT,d3240605-0778-45ee-a8d9-012c1c46c966,ff7eff2e-eff0-4f4e-93ba-8d8387e148b6,c4,c5,1771,?,i3,
1769449730.061717,FORWARDED,d3240605-0778-45ee-a8d9-012c1c46c966,ff7eff2e-eff0-4f4e-93ba-8d8387e148b6,c4,c5,1771,?,i3,
1769449730.1271734,SENT,691fa574-478d-469c-8047-854afad43ea0,e901a621-18d6-4647-88e4-05329c262da2,c1,DROP,1004,?,i5,
1769449730.1272151,FORWARDED,691fa574-478d-469c-8047-854afad43ea0,e901a621-18d6-4647-88e4-05329c262da2,c1,DROP,1004,?,i5,
1769449730.1552317,RECEIVED,dd854a6e-1fc6-4938-8b8f-6413c68dcd7c,20e02876-c344-4b58-bc96-c87dc4954d8e,c1,DROP,1438,p1,?,
1769449730.2471042,RECEIVED,ed781fbb-154d-43c4-b830-edcdc3a6a8cf,f3f594c9-fc07-4115-a175-0b5d9365eb6e,c4,DROP,1436,p1,?,
1769449730.2482688,SENT,c41e1074-32eb-408f-9e6d-c5b4faf01bd3,ef6eaf39-1d2e-4b18-8868-720e6cc0bdb6,c2,c1,1766,?,i7,
1769449730.248308,FORWARDED,c41e1074-32eb-408f-9e6d-c5b4faf01bd3,ef6eaf39-1d2e-4b18-8868-720e6cc0bdb6,c2,c1,1766,?,i7,
1769449730.2920527,RECEIVED,1cfb765b-e3fa-45e5-8c3c-db882b8cbe18,1d859ea7-b015-4464-b7b8-5a026c716530,c4,c5,2480,p1,?,
1769449730.3989549,SENT,ed781fbb-154d-43c4-b830-edcdc3a6a8cf,f3f594c9-fc07-4115-a175-0b5d9365eb6e,c4,DROP,1004,?,i4,
1769449730.399477,FORWARDED,ed781fbb-154d-43c4-b830-edcdc3a6a8cf,f3f594c9-fc07-4115-a175-0b5d9365eb6e,c4,DROP,1004,?,i4,
1769449730.4112384,RECEIVED,b56ca650-7378-4697-b109-6cad48069a7d,dd18a015-1c1a-4ff6-bcaf-2a955fa7bc4e,c2,DROP,1443,p2,?,
1769449730.4677386,RECEIVED,21edf5ce-54b3-4500-8ea2-ebba20eb12d6,28a9444c-9157-4706-b6b8-8ef604790e76,c1,DROP,443,x3,?,
1769449730.617431,SENT,b56ca650-7378-4697-b109-6cad48069a7d,dd18a015-1c1a-4ff6-bcaf-2a955fa7bc4e,c2,DROP,1009,?,i8,
1769449730.6174748,FORWARDED,b56ca650-7378-4697-b109-6cad48069a7d,dd18a015-1c1a-4ff6-bcaf-2a955fa7bc4e,c2,DROP,1009,?,i8,
1769449730.6784327,SENT,dd854a6e-1fc6-4938-8b8f-6413c68dcd7c,20e02876-c344-4b58-bc96-c87dc4954d8e,c1,DROP,1007,?,i1,
1769449730.6784687,FORWARDED,dd854a6e-1fc6-4938-8b8f-6413c68dcd7c,20e02876-c344-4b58-bc96-c87dc4954d8e,c1,DROP,1007,?,i1,
1769449730.681828,SENT,1cfb765b-e3fa-45e5-8c3c-db882b8cbe18,1d859ea7-b015-4464-b7b8-5a026c716530,c4,c5,1787,?,i9,
1769449730.6818695,FORWARDED,1cfb765b-e3fa-45e5-8c3c-db882b8cbe18,1d859ea7-b015-4464-b7b8-5a026c716530,c4,c5,1787,?,i9,
1769449730.8482928,RECEIVED,3ebfc5fe-a30b-4e73-a6a6-f1424f8cb14e,eff122f6-b3cf-46c8-9535-b9ac2e64579e,c5,DROP,1440,p2,?,
1769449730.8523889,RECEIVED,f0c9ce15-3d3e-4583-a02e-4f162c7ce4eb,a5319a8b-a66f-4711-86c7-96c0f3fd4add,c5,DROP,1452,p2,?,
1769449730.8998806,SENT,3ebfc5fe-a30b-4e73-a6a6-f1424f8cb14e,eff122f6-b3cf-46c8-9535-b9ac2e64579e,c5,DROP,1008,?,i2,
1769449730.8999214,FORWARDED,3ebfc5fe-a30b-4e73-a6a6-f1424f8cb14e,eff122f6-b3cf-46c8-9535-b9ac2e64579e,c5,DROP,1008,?,i2,
1769449731.1486394,SENT,f0c9ce15-3d3e-4583-a02e-4f162c7ce4eb,a5319a8b-a66f-4711-86c7-96c0f3fd4add,c5,DROP,1016,?,i11,
1769449731.1486766,FORWARDED,f0c9ce15-3d3e-4583-a02e-4f162c7ce4eb,a5319a8b-a66f-4711-86c7-96c0f3fd4add,c5,DROP,1016,?,i11,
1769449731.1701612,RECEIVED,b23c181b-19cf-4f95-b2db-6f069b571fab,cc13805e-5fc9-4be0-a615-5907939c4689,c5,DROP,1444,p2,?,
1769449731.2392697,SENT,b23c181b-19cf-4f95-b2db-6f069b571fab,cc13805e-5fc9-4be0-a615-5907939c4689,c5,DROP,1011,?,i9,
1769449731.239315,FORWARDED,b23c181b-19cf-4f95-b2db-6f069b571fab,cc13805e-5fc9-4be0-a615-5907939c4689,c5,DROP,1011,?,i9,
1769449731.2825046,RECEIVED,cf1dc5d2-c93c-408d-b5d4-014707d74d90,cf8c0d60-4b70-49e1-a8c0-0f1965458652,c4,DROP,1455,p1,?,
1769449731.5529573,SENT,cf1dc5d2-c93c-408d-b5d4-014707d74d90,cf8c0d60-4b70-49e1-a8c0-0f1965458652,c4,DROP,1020,?,i6,
1769449731.552999,FORWARDED,cf1dc5d2-c93c-408d-b5d4-014707d74d90,cf8c0d60-4b70-49e1-a8c0-0f1965458652,c4,DROP,1020,?,i6,
1769449731.6645067,RECEIVED,7af7eafb-be70-4664-b324-061efc576c1b,f0306be1-4281-4ef8-b90c-365da9e0cb54,c1,DROP,1452,p1,?,
1769449731.7046833,RECEIVED,61085b1c-2973-4fe5-909a-eeb64a4833a5,62bb81d3-8302-42dd-8fa0-8ced2e862bd8,c5,c4,2464,p2,?,
1769449731.8082743,SENT,61085b1c-2973-4fe5-909a-eeb64a4833a5,62bb81d3-8302-42dd-8fa0-8ced2e862bd8,c5,c4,1776,?,i8,
1769449731.8083177,FORWARDED,61085b1c-2973-4fe5-909a-eeb64a4833a5,62bb81d3-8302-42dd-8fa0-8ced2e862bd8,c5,c4,1776,?,i8,
1769449732.0997567,SENT,7af7eafb-be70-4664-b324-061efc576c1b,f0306be1-4281-4ef8-b90c-365da9e0cb54,c1,DROP,1015,?,i10,
1769449732.0998,FORWARDED,7af7eafb-be70-4664-b324-061efc576c1b,f0306be1-4281-4ef8-b90c-365da9e0cb54,c1,DROP,1015,?,i10,
1769449732.137997,RECEIVED,ff726bed-7f96-49cb-b8aa-81c214bc27c7,b4f08f59-4b71-4586-bfa0-885dbffca889,c2,c1,2469,p2,?,
1769449732.1507301,RECEIVED,467461d5-4544-441f-aa36-9abeca6db1c1,ef9236fc-04c0-415e-8db2-f9959daf401d,c2,c1,2456,p2,?,
1769449732.2208056,RECEIVED,57a7e0e4-e2c6-4f58-bf60-010ae2f2356c,b3635064-68bf-495b-be0a-941946577f5f,c1,c3,2467,p1,?,
1769449732.3616846,RECEIVED,8f7c8ea2-8bbb-4948-8ab7-8f849c8d80bd,40e1b050-9495-48fb-aab5-56a610d2ca87,c1,c3,2459,p1,?,
1769449732.3937476,SENT,467461d5-4544-441f-aa36-9abeca6db1c1,ef9236fc-04c0-415e-8db2-f9959daf401d,c2,c1,1768,?,i3,
1769449732.3937893,FORWARDED,467461d5-4544-441f-aa36-9abeca6db1c1,ef9236fc-04c0-415e-8db2-f9959daf401d,c2,c1,1768,?,i3,
1769449732.5594442,SENT,ff726bed-7f96-49cb-b8aa-81c214bc27c7,b4f08f59-4b71-4586-bfa0-885dbffca889,c2,c1,1779,?,i11,
1769449732.5594897,FORWARDED,ff726bed-7f96-49cb-b8aa-81c214bc27c7,b4f08f59-4b71-4586-bfa0-885dbffca889,c2,c1,1779,?,i11,
1769449732.573266,SENT,57a7e0e4-e2c6-4f58-bf60-010ae2f2356c,b3635064-68bf-495b-be0a-941946577f5f,c1,c3,1779,?,i12,
1769449732.5733078,FORWARDED,57a7e0e4-e2c6-4f58-bf60-010ae2f2356c,b3635064-68bf-495b-be0a-941946577f5f,c1,c3,1779,?,i12,
1769449732.5994077,RECEIVED,0f7f784f-cbbf-4fdc-9300-267be4460d39,1810c05c-c789-4879-926b-66178b105fe6,c3,DROP,442,x3,?,
1769449732.6557412,RECEIVED,3c1b35bb-b208-4f22-9b74-0894d91205f1,a60774e7-792b-4a75-bc05-fe5ebd332e6b,c2,c1,2459,p2,?,
1769449732.683624,RECEIVED,71950037-439e-4c12-a0fa-b1af835dff44,9d67af32-26b1-46e1-83b8-76b472e99e38,c4,DROP,441,x12,?,
1769449732.9371758,RECEIVED,387ae936-1bde-4aed-b3b5-a4543b15451d,a8daf608-69f1-42f6-a151-c8736ec86c6d,c3,DROP,1440,p3,?,
1769449733.0781724,RECEIVED,edd5fa22-6efe-4d59-a53e-388dc590bf40,f439d562-df8b-4b88-a6ec-199cdf83f8d6,c3,c5,2476,p3,?,
1769449733.0851505,SENT,387ae936-1bde-4aed-b3b5-a4543b15451d,a8daf608-69f1-42f6-a151-c8736ec86c6d,c3,DROP,1007,?,i9,
1769449733.0851986,FORWARDED,387ae936-1bde-4aed-b3b5-a4543b15451d,a8daf608-69f1-42f6-a151-c8736ec86c6d,c3,DROP,1007,?,i9,
1769449733.113291,RECEIVED,020f6945-c953-44e5-81d6-be0a7d64eeaf,ce76ff57-5f33-476f-8357-64e1b3432e50,c5,DROP,442,x3,?,
1769449733.2853603,RECEIVED,204d9ffd-99cb-4efb-8025-bb243d55bdd3,5ecc6d56-f43e-44fd-a1d8-7e22372fd9a3,c1,DROP,1457,p1,?,
1769449733.3280451,SENT,3c1b35bb-b208-4f22-9b74-0894d91205f1,a60774e7-792b-4a75-bc05-fe5ebd332e6b,c2,c1,1772,?,i9,
1769449733.3280907,FORWARDED,3c1b35bb-b208-4f22-9b74-0894d91205f1,a60774e7-792b-4a75-bc05-fe5ebd332e6b,c2,c1,1772,?,i9,
1769449733.4638538,RECEIVED,62ec3fac-0958-4a8c-a41a-9f3a8a4f21e2,09a679bc-5f44-457b-a3b2-69d439ad3730,c5,c4,2448,p2,?,
1769449733.5527482,RECEIVED,cf34066e-1565-4310-8e98-97681d2c8255,483f33b3-9725-4052-9073-6d1b81aa63c1,c2,c1,2447,p2,?,
1769449733.6381345,SENT,cf34066e-1565-4310-8e98-97681d2c8255,483f33b3-9725-4052-9073-6d1b81aa63c1,c2,c1,1763,?,i9,
1769449733.6381714,FORWARDED,cf34066e-1565-4310-8e98-97681d2c8255,483f33b3-9725-4052-9073-6d1b81aa63c1,c2,c1,1763,?,i9,
1769449733.6488438,SENT,62ec3fac-0958-4a8c-a41a-9f3a8a4f21e2,09a679bc-5f44-457b-a3b2-69d439ad3730,c5,c4,1763,?,i8,
1769449733.6488864,FORWARDED,62ec3fac-0958-4a8c-a41a-9f3a8a4f21e2,09a679bc-5f44-457b-a3b2-69d439ad3730,c5,c4,1763,?,i8,
1769449733.6605198,SENT,204d9ffd-99cb-4efb-8025-bb243d55bdd3,5ecc6d56-f43e-44fd-a1d8-7e22372fd9a3,c1,DROP,1019,?,i12,
1769449733.6605656,FORWARDED,204d9ffd-99cb-4efb-8025-bb243d55bdd3,5ecc6d56-f43e-44fd-a1d8-7e22372fd9a3,c1,DROP,1019,?,i12,
1769449733.740446,SENT,edd5fa22-6efe-4d59-a53e-388dc590bf40,f439d562-df8b-4b88-a6ec-199cdf83f8d6,c3,c5,1783,?,i12,
1769449733.7404885,FORWARDED,edd5fa22-6efe-4d59-a53e-388dc590bf40,f439d562-df8b-4b88-a6ec-199cdf83f8d6,c3,c5,1783,?,i12,
1769449733.8348432,RECEIVED,053d5af8-2bb8-4c90-91a4-9753ce82b7bd,2c62d04b-c306-40c9-af1c-42b21c6a7ad2,c1,DROP,1440,p1,?,
1769449733.9159722,SENT,053d5af8-2bb8-4c90-91a4-9753ce82b7bd,2c62d04b-c306-40c9-af1c-42b21c6a7ad2,c1,DROP,1008,?,i9,
1769449733.9162023,FORWARDED,053d5af8-2bb8-4c90-91a4-9753ce82b7bd,2c62d04b-c306-40c9-af1c-42b21c6a7ad2,c1,DROP,1008,?,i9,
1769449733.920413,RECEIVED,f7807d46-5ce3-4a15-8f15-d880e3fada4d,08cfef4e-c9ed-40fd-8a71-4c84a28b8aea,c3,DROP,1436,p3,?,
1769449734.007338,SENT,8f7c8ea2-8bbb-4948-8ab7-8f849c8d80bd,40e1b050-9495-48fb-aab5-56a610d2ca87,c1,c3,1771,?,i11,
1769449734.0073807,FORWARDED,8f7c8ea2-8bbb-4948-8ab7-8f849c8d80bd,40e1b050-9495-48fb-aab5-56a610d2ca87,c1,c3,1771,?,i11,
1769449734.0362303,RECEIVED,6e08f5ee-2102-45ec-9902-45b1444fbd3e,0c9c16e8-7b54-4795-9245-fe693a841177,c5,DROP,1463,p2,?,
1769449734.1492717,SENT,f7807d46-5ce3-4a15-8f15-d880e3fada4d,08cfef4e-c9ed-40fd-8a71-4c84a28b8aea,c3,DROP,1005,?,i7,
1769449734.1493149,FORWARDED,f7807d46-5ce3-4a15-8f15-d880e3fada4d,08cfef4e-c9ed-40fd-8a71-4c84a28b8aea,c3,DROP,1005,?,i7,
1769449734.4138465,RECEIVED,a65becbf-26d8-4f87-ba4a-af73942cec1e,1f4969bf-cb06-44f1-8ddf-99fae6a68eee,c2,DROP,1448,p2,?,
1769449734.427689,RECEIVED,434fce4e-6e72-4e04-8a7c-65968e67fd59,b24abfe8-26f3-45de-9524-3ab56f50be03,c5,DROP,1456,p2,?,
1769449734.4507756,SENT,a65becbf-26d8-4f87-ba4a-af73942cec1e,1f4969bf-cb06-44f1-8ddf-99fae6a68eee,c2,DROP,1012,?,i2,
1769449734.450816,FORWARDED,a65becbf-26d8-4f87-ba4a-af73942cec1e,1f4969bf-cb06-44f1-8ddf-99fae6a68eee,c2,DROP,1012,?,i2,
1769449734.5969145,SENT,6e08f5ee-2102-45ec-9902-45b1444fbd3e,0c9c16e8-7b54-4795-9245-fe693a841177,c5,DROP,1025,?,i6,
1769449734.596955,FORWARDED,6e08f5ee-2102-45ec-9902-45b1444fbd3e,0c9c16e8-7b54-4795-9245-fe693a841177,c5,DROP,1025,?,i6,
1769449734.6319687,RECEIVED,563591d2-33ee-48b6-8273-7341edcfd705,af11229d-823a-4212-8460-9663555d0797,c3,c5,2470,p3,?,
1769449734.8418772,RECEIVED,b556aa66-f01d-4a35-9337-0026f73b1b84,6b95d18b-5494-4431-8e8a-9629205c157d,c1,DROP,1445,p1,?,
1769449734.843928,SENT,434fce4e-6e72-4e04-8a7c-65968e67fd59,b24abfe8-26f3-45de-9524-3ab56f50be03,c5,DROP,1020,?,i12,
1769449734.8439672,FORWARDED,434fce4e-6e72-4e04-8a7c-65968e67fd59,b24abfe8-26f3-45de-9524-3ab56f50be03,c5,DROP,1020,?,i12,
1769449734.8663213,RECEIVED,f53ba051-9d09-4f7e-aa1b-6f174c665766,076908bd-85ab-4760-91d6-2aac091c98dc,c3,DROP,1445,p3,?,
1769449734.9456537,SENT,f53ba051-9d09-4f7e-aa1b-6f174c665766,076908bd-85ab-4760-91d6-2aac091c98dc,c3,DROP,1011,?,i10,
1769449734.9456983,FORWARDED,f53ba051-9d09-4f7e-aa1b-6f174c665766,076908bd-85ab-4760-91d6-2aac091c98dc,c3,DROP,1011,?,i10,
1769449734.968269,RECEIVED,c222e436-2667-4dcb-bc79-4ca6ac4dcfb2,d40c136d-98cf-4de9-9019-543db18f1f0c,c2,DROP,1439,p2,?,
1769449735.0869868,RECEIVED,ff061783-e99b-4263-a0db-336e71e92b68,fba77c3c-b2cc-40d4-a26c-33e13e774a94,c5,DROP,441,x9,?,
1769449735.1074297,SENT,b556aa66-f01d-4a35-9337-0026f73b1b84,6b95d18b-5494-4431-8e8a-9629205c157d,c1,DROP,1011,?,i11,
1769449735.1074727,FORWARDED,b556aa66-f01d-4a35-9337-0026f73b1b84,6b95d18b-5494-4431-8e8a-9629205c157d,c1,DROP,1011,?,i11,
1769449735.1104321,SENT,c222e436-2667-4dcb-bc79-4ca6ac4dcfb2,d40c136d-98cf-4de9-9019-543db18f1f0c,c2,DROP,1008,?,i8,
1769449735.1104739,FORWARDED,c222e436-2667-4dcb-bc79-4ca6ac4dcfb2,d40c136d-98cf-4de9-9019-543db18f1f0c,c2,DROP,1008,?,i8,
1769449735.338261,RECEIVED,3b4a4af2-213a-42f6-ab5b-2dcbd1cd6d49,29e831a1-95fb-4994-9ec8-ff62e4b91840,c1,c3,2460,p1,?,
1769449735.41461,SENT,3b4a4af2-213a-42f6-ab5b-2dcbd1cd6d49,29e831a1-95fb-4994-9ec8-ff62e4b91840,c1,c3,1772,?,i2,
1769449735.4146898,FORWARDED,3b4a4af2-213a-42f6-ab5b-2dcbd1cd6d49,29e831a1-95fb-4994-9ec8-ff62e4b91840,c1,c3,1772,?,i2,
1769449735.4740148,RECEIVED,a1936967-5d6e-4ba9-936e-1ca4c9c55bc0,5a5096fa-7476-4374-8e56-2c969d9e8818,c5,c4,2461,p2,?,
1769449735.517604,SENT,a1936967-5d6e-4ba9-936e-1ca4c9c55bc0,5a5096fa-7476-4374-8e56-2c969d9e8818,c5,c4,1772,?,i4,
1769449735.517646,FORWARDED,a1936967-5d6e-4ba9-936e-1ca4c9c55bc0,5a5096fa-7476-4374-8e56-2c969d9e8818,c5,c4,1772,?,i4,
1769449735.552386,RECEIVED,c8b683d1-62ed-4eeb-9831-d88e5a4829cf,9e7d5632-1c4b-4119-9f58-2d793ecc9783,c3,c5,2464,p3,?,
1769449735.618814,SENT,c8b683d1-62ed-4eeb-9831-d88e5a4829cf,9e7d5632-1c4b-4119-9f58-2d793ecc9783,c3,c5,1776,?,i3,
1769449735.6188548,FORWARDED,c8b683d1-62ed-4eeb-9831-d88e5a4829cf,9e7d5632-1c4b-4119-9f58-2d793ecc9783,c3,c5,1776,?,i3,
1769449735.7287996,SENT,563591d2-33ee-48b6-8273-7341edcfd705,af11229d-823a-4212-8460-9663555d0797,c3,c5,1781,?,i7,
1769449735.7288415,FORWARDED,563591d2-33ee-48b6-8273-7341edcfd705,af11229d-823a-4212-8460-9663555d0797,c3,c5,1781,?,i7,
1769449735.832643,RECEIVED,c4a68309-9aae-4c1d-a115-a759fc3b03ea,fe583974-ed46-4d90-8dcf-f7348f776c0b,c4,DROP,1439,p1,?,
1769449735.8355844,RECEIVED,296915d7-77ce-4e61-b04f-ac46781534f6,f4a37bd0-a4b5-408a-8fa7-8c2c0533a960,c1,DROP,1439,p1,?,
1769449736.2753608,RECEIVED,b670b822-7f7c-4ba2-b7e3-7011a52cdec9,8aefba47-8fd2-4c1c-9f31-37bae4019972,c4,DROP,1451,p1,?,
1769449736.4366276,RECEIVED,2f3535d3-a072-4163-9a6b-24fcb4b2bba4,9f0d997a-e0dd-41d2-890f-b9ddd2f57bee,c4,DROP,1440,p1,?,
1769449736.7391317,SENT,c4a68309-9aae-4c1d-a115-a759fc3b03ea,fe583974-ed46-4d90-8dcf-f7348f776c0b,c4,DROP,1008,?,i7,
1769449736.7391725,FORWARDED,c4a68309-9aae-4c1d-a115-a759fc3b03ea,fe583974-ed46-4d90-8dcf-f7348f776c0b,c4,DROP,1008,?,i7,
1769449736.8154666,RECEIVED,051aef98-f21b-4790-bedb-e54a8bdfd5d6,f6dd6f0f-50f8-424d-88af-2d822813deff,c1,c3,2464,p1,?,
1769449736.8908248,SENT,2f3535d3-a072-4163-9a6b-24fcb4b2bba4,9f0d997a-e0dd-41d2-890f-b9ddd2f57bee,c4,DROP,1008,?,i7,
1769449736.8908687,FORWARDED,2f3535d3-a072-4163-9a6b-24fcb4b2bba4,9f0d997a-e0dd-41d2-890f-b9ddd2f57bee,c4,DROP,1008,?,i7,
1769449736.913512,SENT,296915d7-77ce-4e61-b04f-ac46781534f6,f4a37bd0-a4b5-408a-8fa7-8c2c0533a960,c1,DROP,1007,?,i9,
1769449736.9135516,FORWARDED,296915d7-77ce-4e61-b04f-ac46781534f6,f4a37bd0-a4b5-408a-8fa7-8c2c0533a960,c1,DROP,1007,?,i9,
1769449737.2799044,SENT,051aef98-f21b-4790-bedb-e54a8bdfd5d6,f6dd6f0f-50f8-424d-88af-2d822813deff,c1,c3,1775,?,i6,
1769449737.2799392,FORWARDED,051aef98-f21b-4790-bedb-e54a8bdfd5d6,f6dd6f0f-50f8-424d-88af-2d822813deff,c1,c3,1775,?,i6,
1769449737.4239762,RECEIVED,01f79ea1-08d7-4280-be22-3f7bebb44831,07289de5-72b2-4e31-8e77-155ebed406df,c4,DROP,1440,p1,?,
1769449737.5676317,RECEIVED,0ee6532e-6743-4a84-ade9-4dda0df6936d,d07a06bc-b57f-4c74-9fbb-2f48357d66d2,c5,DROP,1439,p2,?,
1769449737.6926494,SENT,01f79ea1-08d7-4280-be22-3f7bebb44831,07289de5-72b2-4e31-8e77-155ebed406df,c4,DROP,1008,?,i5,
1769449737.692691,FORWARDED,01f79ea1-08d7-4280-be22-3f7bebb44831,07289de5-72b2-4e31-8e77-155ebed406df,c4,DROP,1008,?,i5,
1769449737.6950626,RECEIVED,0db224cc-d1e4-4019-83bf-ee09bb521764,02806923-3d1d-4d64-b091-388950626fe9,c5,DROP,1439,p2,?,
1769449737.8941696,RECEIVED,58ed942f-c8ee-4eb4-9bf5-2d1f14341fa1,80c8b4c3-6488-4a64-8b8b-966960599966,c2,c1,2459,p2,?,
1769449737.9264016,SENT,0db224cc-d1e4-4019-83bf-ee09bb521764,02806923-3d1d-4d64-b091-388950626fe9,c5,DROP,1007,?,i5,
1769449737.9264443,FORWARDED,0db224cc-d1e4-4019-83bf-ee09bb521764,02806923-3d1d-4d64-b091-388950626fe9,c5,DROP,1007,?,i5,
1769449738.0008743,SENT,0ee6532e-6743-4a84-ade9-4dda0df6936d,d07a06bc-b57f-4c74-9fbb-2f48357d66d2,c5,DROP,1007,?,i2,
1769449738.0009158,FORWARDED,0ee6532e-6743-4a84-ade9-4dda0df6936d,d07a06bc-b57f-4c74-9fbb-2f48357d66d2,c5,DROP,1007,?,i2,
1769449738.067085,SENT,b670b822-7f7c-4ba2-b7e3-7011a52cdec9,8aefba47-8fd2-4c1c-9f31-37bae4019972,c4,DROP,1015,?,i4,
1769449738.067126,FORWARDED,b670b822-7f7c-4ba2-b7e3-7011a52cdec9,8aefba47-8fd2-4c1c-9f31-37bae4019972,c4,DROP,1015,?,i4,
1769449738.2087586,RECEIVED,2cfebd7a-3561-4d17-9bf5-969ba48a358c,92f1880d-5472-47a9-9159-78b253a39bb7,c1,c3,2475,p1,?,
1769449738.35478,RECEIVED,ae695113-152a-4851-a141-59b73d461373,4ef89bfe-92dc-4e28-92a3-1651eed5ef07,c5,c4,2480,p2,?,
1769449738.4726336,SENT,2cfebd7a-3561-4d17-9bf5-969ba48a358c,92f1880d-5472-47a9-9159-78b253a39bb7,c1,c3,1784,?,i10,
1769449738.4726758,FORWARDED,2cfebd7a-3561-4d17-9bf5-969ba48a358c,92f1880d-5472-47a9-9159-78b253a39bb7,c1,c3,1784,?,i10,
1769449738.4965603,RECEIVED,82388ba1-1fc8-4b02-801c-26b64437ed00,d39aaf3e-2e1a-4e98-af9b-a4f6a64d7673,c4,c5,2476,p1,?,
1769449738.5026865,SENT,58ed942f-c8ee-4eb4-9bf5-2d1f14341fa1,80c8b4c3-6488-4a64-8b8b-966960599966,c2,c1,1772,?,i9,
1769449738.5027268,FORWARDED,58ed942f-c8ee-4eb4-9bf5-2d1f14341fa1,80c8b4c3-6488-4a64-8b8b-966960599966,c2,c1,1772,?,i9,
1769449738.59151,SENT,ae695113-152a-4851-a141-59b73d461373,4ef89bfe-92dc-4e28-92a3-1651eed5ef07,c5,c4,1788,?,i8,
1769449738.591545,FORWARDED,ae695113-152a-4851-a141-59b73d461373,4ef89bfe-92dc-4e28-92a3-1651eed5ef07,c5,c4,1788,?,i8,
1769449738.686987,RECEIVED,8aeaeba2-926c-401b-8fc0-f75ecf0478b9,fa9257e8-cda6-446b-a583-22ee186fd717,c1,DROP,443,x8,?,
1769449738.7560966,RECEIVED,81620f2f-49a8-4585-bbcd-88b41f5df117,ed4a6158-ae26-4150-bd32-b169aa7f1f3c,c4,c5,2472,p1,?,
1769449738.9753175,SENT,82388ba1-1fc8-4b02-801c-26b64437ed00,d39aaf3e-2e1a-4e98-af9b-a4f6a64d7673,c4,c5,1783,?,i9,
1769449738.975362,FORWARDED,82388ba1-1fc8-4b02-801c-26b64437ed00,d39aaf3e-2e1a-4e98-af9b-a4f6a64d7673,c4,c5,1783,?,i9,
1769449739.0342019,RECEIVED,c7d8438f-1cf3-466d-9c5a-786d17263107,9eb8e47f-c129-4bd6-ac2e-a7ff1d42d86a,c4,DROP,1452,p1,?,
1769449739.083504,SENT,81620f2f-49a8-4585-bbcd-88b41f5df117,ed4a6158-ae26-4150-bd32-b169aa7f1f3c,c4,c5,1780,?,i10,
1769449739.0835469,FORWARDED,81620f2f-49a8-4585-bbcd-88b41f5df117,ed4a6158-ae26-4150-bd32-b169aa7f1f3c,c4,c5,1780,?,i10,
1769449739.0847495,RECEIVED,9d86c98b-3358-4f52-92c6-961c0b9c091d,b828a8f3-4c49-48f3-92cb-57c66be87bb5,c4,DROP,441,x6,?,
1769449739.156365,RECEIVED,8b8c46ae-8cb7-40c8-af48-81a603050883,9b47ffa5-7d79-41bd-a9e7-a95febd60d88,c4,c5,2469,p1,?,
1769449739.1819432,SENT,c7d8438f-1cf3-466d-9c5a-786d17263107,9eb8e47f-c129-4bd6-ac2e-a7ff1d42d86a,c4,DROP,1015,?,i6,
1769449739.181983,FORWARDED,c7d8438f-1cf3-466d-9c5a-786d17263107,9eb8e47f-c129-4bd6-ac2e-a7ff1d42d86a,c4,DROP,1015,?,i6,
1769449739.3684962,SENT,8b8c46ae-8cb7-40c8-af48-81a603050883,9b47ffa5-7d79-41bd-a9e7-a95febd60d88,c4,c5,1777,?,i12,
1769449739.3685377,FORWARDED,8b8c46ae-8cb7-40c8-af48-81a603050883,9b47ffa5-7d79-41bd-a9e7-a95febd60d88,c4,c5,1777,?,i12,
1769449739.4549413,RECEIVED,154d1c52-4646-4513-8d39-54a13661bd05,7780c3bf-6652-4aa3-b13e-c91dc6b50afe,c2,DROP,1452,p2,?,
1769449739.528216,SENT,154d1c52-4646-4513-8d39-54a13661bd05,7780c3bf-6652-4aa3-b13e-c91dc6b50afe,c2,DROP,1016,?,i8,
1769449739.528255,FORWARDED,154d1c52-4646-4513-8d39-54a13661bd05,7780c3bf-6652-4aa3-b13e-c91dc6b50afe,c2,DROP,1016,?,i8,
1769449739.5741737,RECEIVED,1a88fda5-39c1-4cb3-bdc5-66f2b1fdcc70,61776b26-1ba5-4ec3-95ac-2ca36830528c,c4,c5,2468,p1,?,
1769449739.6086974,RECEIVED,525209c8-88bc-4514-a2df-593c2d1ab214,7c53c3f1-534e-42dc-afb7-7e584f45bc2c,c1,DROP,1459,p1,?,
1769449739.6329603,RECEIVED,65fd91d8-ebe8-406a-a08e-7c03db89682e,24c2ac12-32e6-4f81-9f94-9b889ffc6193,c3,DROP,1451,p3,?,
1769449739.7519338,RECEIVED,8b57a4df-d28b-40ae-85ff-949e8b6e9a8b,7693c03a-dea9-4807-b1e7-89965fa10335,c2,DROP,441,x2,?,
1769449739.8593292,RECEIVED,e4afdbff-5ce9-4cd8-a6fc-f9dd30a2a48f,cf1307ec-df77-4623-8b9d-8dba62dc967c,c3,DROP,442,x10,?,
1769449739.909961,SENT,1a88fda5-39c1-4cb3-bdc5-66f2b1fdcc70,61776b26-1ba5-4ec3-95ac-2ca36830528c,c4,c5,1779,?,i5,
1769449739.9099958,FORWARDED,1a88fda5-39c1-4cb3-bdc5-66f2b1fdcc70,61776b26-1ba5-4ec3-95ac-2ca36830528c,c4,c5,1779,?,i5,
1769449739.9199374,RECEIVED,b84ae5d4-42b7-4c7d-a3c7-bf4db550451b,fa000e68-832b-421e-98c0-21bff9e9bd6a,c4,DROP,1439,p1,?,
1769449739.9202356,RECEIVED,0c89d91f-9b79-43ec-8ad2-5cbceaa42a99,3c0e772f-5b8f-40b0-b27e-a95a8d6d5c81,c3,DROP,1451,p3,?,
1769449740.0549018,SENT,525209c8-88bc-4514-a2df-593c2d1ab214,7c53c3f1-534e-42dc-afb7-7e584f45bc2c,c1,DROP,1021,?,i8,
1769449740.0549421,FORWARDED,525209c8-88bc-4514-a2df-593c2d1ab214,7c53c3f1-534e-42dc-afb7-7e584f45bc2c,c1,DROP,1021,?,i8,
1769449740.1926556,RECEIVED,a246c34f-bd6f-4ba5-ac69-8407f86d052f,f2765f91-ba2c-44e7-b05b-48bd4f40dd6c,c2,DROP,1455,p2,?,
1769449740.3177092,RECEIVED,756f1ef1-62aa-4d93-b895-c2bc50b2bb14,d936edc0-9dd7-4c99-8d16-ff8418258bf8,c1,DROP,1451,p1,?,
1769449740.3486383,SENT,65fd91d8-ebe8-406a-a08e-7c03db89682e,24c2ac12-32e6-4f81-9f94-9b889ffc6193,c3,DROP,1016,?,i6,
1769449740.3486733,FORWARDED,65fd91d8-ebe8-406a-a08e-7c03db89682e,24c2ac12-32e6-4f81-9f94-9b889ffc6193,c3,DROP,1016,?,i6,
1769449740.3517466,RECEIVED,2350cee8-6411-41d6-8ae8-49c06f14a417,4d3a4ea3-6d24-4f29-bee7-d2f355d5d2ba,c2,DROP,1438,p2,?,
1769449740.4048336,SENT,a246c34f-bd6f-4ba5-ac69-8407f86d052f,f2765f91-ba2c-44e7-b05b-48bd4f40dd6c,c2,DROP,1018,?,i6,
1769449740.404876,FORWARDED,a246c34f-bd6f-4ba5-ac69-8407f86d052f,f2765f91-ba2c-44e7-b05b-48bd4f40dd6c,c2,DROP,1018,?,i6,
1769449740.4423392,SENT,b84ae5d4-42b7-4c7d-a3c7-bf4db550451b,fa000e68-832b-421e-98c0-21bff9e9bd6a,c4,DROP,1008,?,i5,
1769449740.442382,FORWARDED,b84ae5d4-42b7-4c7d-a3c7-bf4db550451b,fa000e68-832b-421e-98c0-21bff9e9bd6a,c4,DROP,1008,?,i5,
1769449740.559658,RECEIVED,760f74fd-348a-4e83-86a1-e497506bfe43,e9c106a1-f7a7-4281-930f-2949680ebf7b,c4,DROP,1449,p1,?,
1769449740.6308436,SENT,760f74fd-348a-4e83-86a1-e497506bfe43,e9c106a1-f7a7-4281-930f-2949680ebf7b,c4,DROP,1014,?,i10,
1769449740.6308868,FORWARDED,760f74fd-348a-4e83-86a1-e497506bfe43,e9c106a1-f7a7-4281-930f-2949680ebf7b,c4,DROP,1014,?,i10,
1769449740.833797,SENT,756f1ef1-62aa-4d93-b895-c2bc50b2bb14,d936edc0-9dd7-4c99-8d16-ff8418258bf8,c1,DROP,1016,?,i6,
1769449740.8338392,FORWARDED,756f1ef1-62aa-4d93-b895-c2bc50b2bb14,d936edc0-9dd7-4c99-8d16-ff8418258bf8,c1,DROP,1016,?,i6,
1769449740.8984897,RECEIVED,f9e8a2b2-cc8a-422e-b33a-f632b9be5d2f,4416ef13-bcb0-4090-94cf-6bfcd9723969,c2,DROP,437,x8,?,
1769449740.898816,RECEIVED,5c1a1427-6146-4f7a-8489-842111d2dbd9,5a0c4edf-11e8-4318-beea-4fdaa24d8394,c1,DROP,441,x2,?,
1769449740.970593,RECEIVED,500eaf3c-3432-4ffe-84d7-fc3487ff782a,55dad2c2-c2fa-4843-9bf7-2650c2d6da9d,c5,DROP,1438,p2,?,
1769449741.1918728,SENT,0c89d91f-9b79-43ec-8ad2-5cbceaa42a99,3c0e772f-5b8f-40b0-b27e-a95a8d6d5c81,c3,DROP,1016,?,i2,
1769449741.191917,FORWARDED,0c89d91f-9b79-43ec-8ad2-5cbceaa42a99,3c0e772f-5b8f-40b0-b27e-a95a8d6d5c81,c3,DROP,1016,?,i2,
1769449741.217417,RECEIVED,544b761d-b9ac-454c-9997-373d742c6f73,3928fa2e-237a-46c7-bf39-2d5dd51c954c,c3,DROP,1439,p3,?,
1769449741.3115463,SENT,2350cee8-6411-41d6-8ae8-49c06f14a417,4d3a4ea3-6d24-4f29-bee7-d2f355d5d2ba,c2,DROP,1008,?,i2,
1769449741.3115888,FORWARDED,2350cee8-6411-41d6-8ae8-49c06f14a417,4d3a4ea3-6d24-4f29-bee7-d2f355d5d2ba,c2,DROP,1008,?,i2,
1769449741.3549469,RECEIVED,5911296b-2a31-4b4a-8c54-b47d38a6fbee,fe99c898-6f4d-4b30-a2ca-da180018d1e1,c3,c5,2465,p3,?,
1769449741.4997265,SENT,544b761d-b9ac-454c-9997-373d742c6f73,3928fa2e-237a-46c7-bf39-2d5dd51c954c,c3,DROP,1008,?,i3,
1769449741.499766,FORWARDED,544b761d-b9ac-454c-9997-373d742c6f73,3928fa2e-237a-46c7-bf39-2d5dd51c954c,c3,DROP,1008,?,i3,
1769449741.520467,SENT,5911296b-2a31-4b4a-8c54-b47d38a6fbee,fe99c898-6f4d-4b30-a2ca-da180018d1e1,c3,c5,1776,?,i10,
1769449741.5205095,FORWARDED,5911296b-2a31-4b4a-8c54-b47d38a6fbee,fe99c898-6f4d-4b30-a2ca-da180018d1e1,c3,c5,1776,?,i10,
1769449741.6631188,RECEIVED,b6d5e3e6-a3b3-4b94-92b4-787c196cc8fc,b1a2f3ec-65f6-4e49-a6fc-3bd4eac0fd31,c1,DROP,441,x11,?,
1769449741.67114,RECEIVED,b701bdd5-a19e-4119-bc41-1ec244da8423,90d51e46-da33-44bc-a5e6-3f2ead95e92d,c2,c1,2468,p2,?,
1769449741.7912903,SENT,500eaf3c-3432-4ffe-84d7-fc3487ff782a,55dad2c2-c2fa-4843-9bf7-2650c2d6da9d,c5,DROP,1007,?,i5,
1769449741.7913318,FORWARDED,500eaf3c-3432-4ffe-84d7-fc3487ff782a,55dad2c2-c2fa-4843-9bf7-2650c2d6da9d,c5,DROP,1007,?,i5,
1769449741.8099103,RECEIVED,d46340e4-3e56-47a9-8906-753f65baef13,798d2df5-e30c-4f3e-a3af-3dda723e48b2,c1,DROP,1455,p1,?,
1769449742.0158558,RECEIVED,f0f85e8c-ed14-459e-9d9a-0bc037c4d21b,b2e622d5-c963-42d8-b5da-526a9b417890,c5,DROP,1440,p2,?,
1769449742.2258394,SENT,b701bdd5-a19e-4119-bc41-1ec244da8423,90d51e46-da33-44bc-a5e6-3f2ead95e92d,c2,c1,1779,?,i12,
1769449742.225878,FORWARDED,b701bdd5-a19e-4119-bc41-1ec244da8423,90d51e46-da33-44bc-a5e6-3f2ead95e92d,c2,c1,1779,?,i12,
1769449742.4791548,RECEIVED,348c808e-056c-41cd-b123-9ae20a09d231,055fd832-4d0d-411e-8186-c06470b540e2,c4,c5,2447,p1,?,
1769449742.4926188,SENT,f0f85e8c-ed14-459e-9d9a-0bc037c4d21b,b2e622d5-c963-42d8-b5da-526a9b417890,c5,DROP,1006,?,i3,
1769449742.4926543,FORWARDED,f0f85e8c-ed14-459e-9d9a-0bc037c4d21b,b2e622d5-c963-42d8-b5da-526a9b417890,c5,DROP,1006,?,i3,
1769449742.5516567,RECEIVED,7f732815-c13c-49df-a156-837ab2504e85,a6683ba7-38e8-4c8e-95f6-f81385797287,c2,c1,2474,p2,?,
1769449742.7104619,SENT,d46340e4-3e56-47a9-8906-753f65baef13,798d2df5-e30c-4f3e-a3af-3dda723e48b2,c1,DROP,1020,?,i1,
1769449742.7105033,FORWARDED,d46340e4-3e56-47a9-8906-753f65baef13,798d2df5-e30c-4f3e-a3af-3dda723e48b2,c1,DROP,1020,?,i1,
1769449743.1512403,SENT,348c808e-056c-41cd-b123-9ae20a09d231,055fd832-4d0d-411e-8186-c06470b540e2,c4,c5,1763,?,i8,
1769449743.1512814,FORWARDED,348c808e-056c-41cd-b123-9ae20a09d231,055fd832-4d0d-411e-8186-c06470b540e2,c4,c5,1763,?,i8,
1769449743.4696937,RECEIVED,15cf7d95-c595-4ff0-a371-4648edefc001,33a674c1-7f21-40fc-81d9-44aa891e9375,c3,c5,2439,p3,?,
1769449743.504256,RECEIVED,956389f9-bfbe-47e0-a922-f65a9005b225,04394aa7-2245-4528-8450-f3ce70df725d,c3,DROP,441,x9,?,
1769449743.6911008,RECEIVED,dbf64d7d-586a-445e-ba49-823666495779,81c6b8e9-a56c-4192-bc7a-63489fa8e8ef,c3,DROP,440,x11,?,
1769449743.6947968,RECEIVED,917d09ba-51d1-42ca-baff-4a71badfdd85,e76d52d6-f1d5-4f94-9c18-3a1fc758412e,c1,DROP,1443,p1,?,
1769449743.9508004,RECEIVED,45f9d292-2833-4c33-9815-6b69ad33ab90,b3ef0be7-3238-4959-9c6c-eff1146c891b,c1,DROP,441,x6,?,
1769449744.0572472,RECEIVED,9f45ee57-1286-4f36-9855-5f00f762d520,b19b278a-2d31-4b91-9bd3-5d619cc8e831,c1,DROP,441,x4,?,
1769449744.1805427,RECEIVED,3b4089c8-c16b-47b2-a469-a79a14c38587,80d1524a-6d63-461e-a1cc-6cd39dd6cf79,c5,DROP,438,x1,?,
1769449744.3945153,RECEIVED,1158458b-1a82-497a-bb0f-36f2f704324b,cf01bd1c-0fde-46a0-81c4-099801d1bcf6,c1,c3,2462,p1,?,
1769449744.4729917,SENT,7f732815-c13c-49df-a156-837ab2504e85,a6683ba7-38e8-4c8e-95f6-f81385797287,c2,c1,1784,?,i10,
1769449744.4730356,FORWARDED,7f732815-c13c-49df-a156-837ab2504e85,a6683ba7-38e8-4c8e-95f6-f81385797287,c2,c1,1784,?,i10,
1769449744.512178,RECEIVED,1fa976e4-bea3-4f7f-bbd9-5e902c8cf2a9,83315c78-0840-408d-8cb9-16f5bbc76414,c2,DROP,1444,p2,?,
1769449744.7002873,SENT,1158458b-1a82-497a-bb0f-36f2f704324b,cf01bd1c-0fde-46a0-81c4-099801d1bcf6,c1,c3,1775,?,i2,
1769449744.7003298,FORWARDED,1158458b-1a82-497a-bb0f-36f2f704324b,cf01bd1c-0fde-46a0-81c4-099801d1bcf6,c1,c3,1775,?,i2,
1769449744.7071903,RECEIVED,e163e58c-28ae-4a21-93a8-1380200603e8,6d5528a7-75df-405d-b079-ebea8b3f2420,c5,c4,2473,p2,?,
1769449744.8054967,SENT,e163e58c-28ae-4a21-93a8-1380200603e8,6d5528a7-75df-405d-b079-ebea8b3f2420,c5,c4,1781,?,i12,
1769449744.8055375,FORWARDED,e163e58c-28ae-4a21-93a8-1380200603e8,6d5528a7-75df-405d-b079-ebea8b3f2420,c5,c4,1781,?,i12,
1769449744.871155,RECEIVED,e7dda54d-8885-4809-b961-870c818fb582,4c37b11c-a7c6-4aae-ad3e-08e5ea643940,c1,c3,2469,p1,?,
1769449744.879237,SENT,1fa976e4-bea3-4f7f-bbd9-5e902c8cf2a9,83315c78-0840-408d-8cb9-16f5bbc76414,c2,DROP,1010,?,i3,
1769449744.8792777,FORWARDED,1fa976e4-bea3-4f7f-bbd9-5e902c8cf2a9,83315c78-0840-408d-8cb9-16f5bbc76414,c2,DROP,1010,?,i3,
1769449744.8906565,SENT,15cf7d95-c595-4ff0-a371-4648edefc001,33a674c1-7f21-40fc-81d9-44aa891e9375,c3,c5,1758,?,i6,
1769449744.8906991,FORWARDED,15cf7d95-c595-4ff0-a371-4648edefc001,33a674c1-7f21-40fc-81d9-44aa891e9375,c3,c5,1758,?,i6,
1769449745.120463,RECEIVED,35826d96-1682-4fde-8f7e-727cf60680dc,8c1437c0-84a8-4e27-9d48-90fc3d403aa2,c2,DROP,445,x1,?,
1769449745.178011,SENT,917d09ba-51d1-42ca-baff-4a71badfdd85,e76d52d6-f1d5-4f94-9c18-3a1fc758412e,c1,DROP,1009,?,i2,
1769449745.1780632,FORWARDED,917d09ba-51d1-42ca-baff-4a71badfdd85,e76d52d6-f1d5-4f94-9c18-3a1fc758412e,c1,DROP,1009,?,i2,
1769449745.3165092,SENT,e7dda54d-8885-4809-b961-870c818fb582,4c37b11c-a7c6-4aae-ad3e-08e5ea643940,c1,c3,1779,?,i10,
1769449745.3165493,FORWARDED,e7dda54d-8885-4809-b961-870c818fb582,4c37b11c-a7c6-4aae-ad3e-08e5ea643940,c1,c3,1779,?,i10,
1769449745.4633157,RECEIVED,c26ef8d7-4408-44b8-9121-4a79164bb201,68259655-5aff-461a-acd3-40d18ca61b19,c4,c5,2467,p1,?,
1769449745.5093877,RECEIVED,f94a2d88-46ac-4810-ac94-26776b726c86,e91d9338-3092-4d69-8521-3fc3ab546f9b,c3,DROP,1451,p3,?,
1769449745.6465197,SENT,f94a2d88-46ac-4810-ac94-26776b726c86,e91d9338-3092-4d69-8521-3fc3ab546f9b,c3,DROP,1017,?,i6,
1769449745.6465821,FORWARDED,f94a2d88-46ac-4810-ac94-26776b726c86,e91d9338-3092-4d69-8521-3fc3ab546f9b,c3,DROP,1017,?,i6,
1769449745.7782626,RECEIVED,b4a618ad-03b8-4f1c-a45c-a1ff568fe3fc,b7034306-f410-475c-89bd-f592648cd8fe,c2,DROP,441,x5,?,
1769449745.9453378,SENT,c26ef8d7-4408-44b8-9121-4a79164bb201,68259655-5aff-461a-acd3-40d18ca61b19,c4,c5,1779,?,i1,
1769449745.9453745,FORWARDED,c26ef8d7-4408-44b8-9121-4a79164bb201,68259655-5aff-461a-acd3-40d18ca61b19,c4,c5,1779,?,i1,
1769449746.0470026,RECEIVED,e613309c-c566-4702-b341-c7f73acd0415,1beb3b0a-379d-4fe0-ada8-bad6c6683300,c2,c1,2480,p2,?,
1769449746.2648396,RECEIVED,c4f82168-d7a9-4586-8f8c-20ea4d84cda8,c74a91f4-8450-433d-8713-af6d0d8e1c55,c5,c4,2464,p2,?,
1769449746.2670367,RECEIVED,4ce72a5d-9c1d-4af0-88bb-8a68407a9858,73b51ec5-e9fe-49ae-8d97-7156b67587dc,c2,c1,2468,p2,?,
1769449746.3463552,SENT,e613309c-c566-4702-b341-c7f73acd0415,1beb3b0a-379d-4fe0-ada8-bad6c6683300,c2,c1,1788,?,i10,
1769449746.346397,FORWARDED,e613309c-c566-4702-b341-c7f73acd0415,1beb3b0a-379d-4fe0-ada8-bad6c6683300,c2,c1,1788,?,i10,
1769449746.3850117,RECEIVED,ad58ec75-b054-49d1-bd08-a63953a1ed79,2128acfa-ee6c-455a-92d7-8f28cd68f6b5,c4,DROP,1444,p1,?,
1769449746.4187648,SENT,4ce72a5d-9c1d-4af0-88bb-8a68407a9858,73b51ec5-e9fe-49ae-8d97-7156b67587dc,c2,c1,1779,?,i1,
1769449746.4188066,FORWARDED,4ce72a5d-9c1d-4af0-88bb-8a68407a9858,73b51ec5-e9fe-49ae-8d97-7156b67587dc,c2,c1,1779,?,i1,
1769449746.5083582,RECEIVED,8583bc1e-6b57-450f-96c6-dc579313a97e,c59daaa8-31a1-42f1-a267-751e35b5f8ea,c1,DROP,446,x3,?,
1769449746.5743694,RECEIVED,5f16c597-b997-4e39-b232-b1e5c7df1603,b0f1c7f0-0e6a-47d9-bb04-f1b334a6c987,c4,DROP,1439,p1,?,
1769449746.5835958,SENT,c4f82168-d7a9-4586-8f8c-20ea4d84cda8,c74a91f4-8450-433d-8713-af6d0d8e1c55,c5,c4,1775,?,i10,
1769449746.5836377,FORWARDED,c4f82168-d7a9-4586-8f8c-20ea4d84cda8,c74a91f4-8450-433d-8713-af6d0d8e1c55,c5,c4,1775,?,i10,
1769449746.6421258,RECEIVED,26beda19-5288-40bf-98a1-365e2863ea1f,ec66aa87-300c-419d-8b99-07c5948506a9,c4,c5,2460,p1,?,
1769449746.6854794,SENT,26beda19-5288-40bf-98a1-365e2863ea1f,ec66aa87-300c-419d-8b99-07c5948506a9,c4,c5,1771,?,i1,
1769449746.6855266,FORWARDED,26beda19-5288-40bf-98a1-365e2863ea1f,ec66aa87-300c-419d-8b99-07c5948506a9,c4,c5,1771,?,i1,
1769449747.1186152,RECEIVED,bc7d89ad-f7d8-4d38-8c95-223b75b9e04e,f3a438e0-56ff-4ef8-a221-9ac6a25bb469,c4,DROP,1440,p1,?,
1769449747.1228046,RECEIVED,8e8d0e9c-28fa-47d2-8145-bd9875a42a97,9ec4860a-7f9b-4163-8df8-3ffe964884de,c4,c5,2463,p1,?,
1769449747.1802871,SENT,5f16c597-b997-4e39-b232-b1e5c7df1603,b0f1c7f0-0e6a-47d9-bb04-f1b334a6c987,c4,DROP,1006,?,i9,
1769449747.18033,FORWARDED,5f16c597-b997-4e39-b232-b1e5c7df1603,b0f1c7f0-0e6a-47d9-bb04-f1b334a6c987,c4,DROP,1006,?,i9,
1769449747.225964,RECEIVED,ba02ef99-06aa-4d07-8f53-790d58337d0b,b4d4124a-4ac6-4c2a-8ff2-b704b857deeb,c1,c3,2462,p1,?,
1769449747.283306,SENT,ba02ef99-06aa-4d07-8f53-790d58337d0b,b4d4124a-4ac6-4c2a-8ff2-b704b857deeb,c1,c3,1771,?,i12,
1769449747.283349,FORWARDED,ba02ef99-06aa-4d07-8f53-790d58337d0b,b4d4124a-4ac6-4c2a-8ff2-b704b857deeb,c1,c3,1771,?,i12,
1769449747.3178093,RECEIVED,f0f996b1-0415-45ad-b7b8-8770eeb6a081,c4e25712-3fb6-45a9-89c9-6c4ef6f9275e,c2,c1,2460,p2,?,
1769449747.340073,RECEIVED,b7ee030a-eed2-4c2b-99ef-2c09af15e4df,6ad99f1d-4d76-43f9-a5aa-7ee2584400dd,c5,DROP,1444,p2,?,
1769449747.450449,SENT,bc7d89ad-f7d8-4d38-8c95-223b75b9e04e,f3a438e0-56ff-4ef8-a221-9ac6a25bb469,c4,DROP,1008,?,i9,
1769449747.4504924,FORWARDED,bc7d89ad-f7d8-4d38-8c95-223b75b9e04e,f3a438e0-56ff-4ef8-a221-9ac6a25bb469,c4,DROP,1008,?,i9,
1769449747.4622083,SENT,f0f996b1-0415-45ad-b7b8-8770eeb6a081,c4e25712-3fb6-45a9-89c9-6c4ef6f9275e,c2,c1,1771,?,i3,
1769449747.46225,FORWARDED,f0f996b1-0415-45ad-b7b8-8770eeb6a081,c4e25712-3fb6-45a9-89c9-6c4ef6f9275e,c2,c1,1771,?,i3,
1769449747.591305,RECEIVED,54218fd7-21a4-4e9b-bf44-e2109292e542,336e9034-6cdb-449a-97e8-1227437dfe0e,c1,c3,2463,p1,?,
1769449747.6403937,RECEIVED,3b571098-3fbf-4af4-9dfa-746781b6c019,5cc9b1e5-d64a-4277-b7a2-55d6a120eef5,c3,DROP,1444,p3,?,
1769449747.698133,RECEIVED,10c7795c-84ba-49fe-aa1c-a4208b426262,d49c3089-faab-43c4-8fba-df6e26ae7fdd,c1,DROP,441,x9,?,
1769449747.7941732,RECEIVED,a399f3d2-004f-4d70-adf9-6da047eb208e,c15fe596-617f-4271-ade1-086d26fe2363,c5,c4,2468,p2,?,
1769449747.8392894,RECEIVED,3b401dd7-99f5-4964-bca7-d25c266db98a,962f4fa3-182d-47b0-a770-a2c32c2c949a,c3,DROP,441,x4,?,
1769449747.8741114,SENT,8e8d0e9c-28fa-47d2-8145-bd9875a42a97,9ec4860a-7f9b-4163-8df8-3ffe964884de,c4,c5,1775,?,i6,
1769449747.874155,FORWARDED,8e8d0e9c-28fa-47d2-8145-bd9875a42a97,9ec4860a-7f9b-4163-8df8-3ffe964884de,c4,c5,1775,?,i6,
1769449747.9764879,SENT,ad58ec75-b054-49d1-bd08-a63953a1ed79,2128acfa-ee6c-455a-92d7-8f28cd68f6b5,c4,DROP,1011,?,i12,
1769449747.9765246,FORWARDED,ad58ec75-b054-49d1-bd08-a63953a1ed79,2128acfa-ee6c-455a-92d7-8f28cd68f6b5,c4,DROP,1011,?,i12,
1769449747.9873264,SENT,a399f3d2-004f-4d70-adf9-6da047eb208e,c15fe596-617f-4271-ade1-086d26fe2363,c5,c4,1778,?,i11,
1769449747.9873657,FORWARDED,a399f3d2-004f-4d70-adf9-6da047eb208e,c15fe596-617f-4271-ade1-086d26fe2363,c5,c4,1778,?,i11,
1769449748.0822046,SENT,b7ee030a-eed2-4c2b-99ef-2c09af15e4df,6ad99f1d-4d76-43f9-a5aa-7ee2584400dd,c5,DROP,1011,?,i12,
1769449748.0822423,FORWARDED,b7ee030a-eed2-4c2b-99ef-2c09af15e4df,6ad99f1d-4d76-43f9-a5aa-7ee2584400dd,c5,DROP,1011,?,i12,
1769449748.120453,SENT,3b571098-3fbf-4af4-9dfa-746781b6c019,5cc9b1e5-d64a-4277-b7a2-55d6a120eef5,c3,DROP,1011,?,i9,
1769449748.1204927,FORWARDED,3b571098-3fbf-4af4-9dfa-746781b6c019,5cc9b1e5-d64a-4277-b7a2-55d6a120eef5,c3,DROP,1011,?,i9,
1769449748.1575365,SENT,54218fd7-21a4-4e9b-bf44-e2109292e542,336e9034-6cdb-449a-97e8-1227437dfe0e,c1,c3,1776,?,i7,
1769449748.1575716,FORWARDED,54218fd7-21a4-4e9b-bf44-e2109292e542,336e9034-6cdb-449a-97e8-1227437dfe0e,c1,c3,1776,?,i7,
1769449748.2932014,RECEIVED,f6c04315-1249-4ee0-b955-6309e41180fc,fe6d5ac3-be14-4e02-ba08-5682831593cb,c2,DROP,1448,p2,?,
1769449748.3008687,RECEIVED,355b9f22-fa4b-4dfc-9840-d282012b29da,ad787cdb-7e7b-4b6a-8541-97c7bac032eb,c3,DROP,442,x3,?,
1769449748.3148794,RECEIVED,10008f39-4d7a-4c81-a516-0a83c9c193d4,2f80077b-e436-4576-acf6-8853214a6cbe,c3,c5,2459,p3,?,
1769449748.3908637,RECEIVED,da28859a-305c-49ea-987c-8834523b070f,e3abde50-c5b2-4c44-af3d-48fa5e7480c6,c2,DROP,1440,p2,?,
1769449748.4166749,RECEIVED,b3f9ab23-a5fc-4fb8-91de-481d1143c17a,d8a673e7-8dbb-4c30-8414-ec0bcb7fe9ba,c4,DROP,1452,p1,?,
1769449748.478233,SENT,da28859a-305c-49ea-987c-8834523b070f,e3abde50-c5b2-4c44-af3d-48fa5e7480c6,c2,DROP,1008,?,i1,
1769449748.4783657,FORWARDED,da28859a-305c-49ea-987c-8834523b070f,e3abde50-c5b2-4c44-af3d-48fa5e7480c6,c2,DROP,1008,?,i1,
1769449748.5489664,SENT,f6c04315-1249-4ee0-b955-6309e41180fc,fe6d5ac3-be14-4e02-ba08-5682831593cb,c2,DROP,1012,?,i7,
1769449748.549005,FORWARDED,f6c04315-1249-4ee0-b955-6309e41180fc,fe6d5ac3-be14-4e02-ba08-5682831593cb,c2,DROP,1012,?,i7,
1769449748.6820223,RECEIVED,fefc640f-1808-4b71-bf53-aa337ca61193,ad3e6e24-7be3-4743-b160-c3e5b0b7d6be,c2,DROP,1457,p2,?,
1769449748.7503648,SENT,fefc640f-1808-4b71-bf53-aa337ca61193,ad3e6e24-7be3-4743-b160-c3e5b0b7d6be,c2,DROP,1020,?,i3,
1769449748.7504046,FORWARDED,fefc640f-1808-4b71-bf53-aa337ca61193,ad3e6e24-7be3-4743-b160-c3e5b0b7d6be,c2,DROP,1020,?,i3,
1769449748.8315275,RECEIVED,67e0aa07-0b4b-459b-a562-a38f8373fab8,71e32195-2d1a-45a7-98aa-97de35fbb570,c3,c5,2452,p3,?,
1769449748.8364139,RECEIVED,b82a3e0f-2e6f-470b-8da1-5e4bee1336f0,466e678f-9d09-4397-bc94-540abb4d0488,c5,c4,2461,p2,?,
1769449748.890633,SENT,b3f9ab23-a5fc-4fb8-91de-481d1143c17a,d8a673e7-8dbb-4c30-8414-ec0bcb7fe9ba,c4,DROP,1015,?,i6,
1769449748.8906758,FORWARDED,b3f9ab23-a5fc-4fb8-91de-481d1143c17a,d8a673e7-8dbb-4c30-8414-ec0bcb7fe9ba,c4,DROP,1015,?,i6,
1769449748.8932228,RECEIVED,a750f8c5-4c17-4ec9-b269-22785198e992,ce508661-27a8-41e6-a50a-f1e91da278ac,c5,DROP,1447,p2,?,
1769449748.8947983,SENT,b82a3e0f-2e6f-470b-8da1-5e4bee1336f0,466e678f-9d09-4397-bc94-540abb4d0488,c5,c4,1771,?,i8,
1769449748.894839,FORWARDED,b82a3e0f-2e6f-470b-8da1-5e4bee1336f0,466e678f-9d09-4397-bc94-540abb4d0488,c5,c4,1771,?,i8,
1769449749.0393434,SENT,67e0aa07-0b4b-459b-a562-a38f8373fab8,71e32195-2d1a-45a7-98aa-97de35fbb570,c3,c5,1765,?,i6,
1769449749.0393848,FORWARDED,67e0aa07-0b4b-459b-a562-a38f8373fab8,71e32195-2d1a-45a7-98aa-97de35fbb570,c3,c5,1765,?,i6,
1769449749.1602888,RECEIVED,74469883-35ad-44ea-ae90-730dd204e133,47872e0b-8e97-4ad0-905b-11f37c4cc3ed,c4,DROP,1444,p1,?,
1769449749.3227506,RECEIVED,d272ea05-c324-45a7-94c4-13e9ae0fac51,25c25bcb-00d1-4a21-8a0e-d9e38d03d199,c1,DROP,1439,p1,?,
1769449749.337991,SENT,a750f8c5-4c17-4ec9-b269-22785198e992,ce508661-27a8-41e6-a50a-f1e91da278ac,c5,DROP,1012,?,i9,
1769449749.3380325,FORWARDED,a750f8c5-4c17-4ec9-b269-22785198e992,ce508661-27a8-41e6-a50a-f1e91da278ac,c5,DROP,1012,?,i9,
1769449749.711458,RECEIVED,4b372f1f-638a-4291-8a9d-724888087b51,35fee8a8-4d5a-494e-bf5f-c6303743069f,c1,c3,2448,p1,?,
1769449749.7299662,RECEIVED,54e3ff78-ef54-478a-97cc-7bb644add23f,128086ed-e9b1-40e5-9c56-d6c789d5950d,c2,c1,2446,p2,?,
1769449749.8007793,RECEIVED,b1b1046a-19ef-41b9-9b53-f1de60298e65,017cf184-1788-4269-8265-54dfa880f301,c3,c5,2472,p3,?,
1769449749.8722477,SENT,d272ea05-c324-45a7-94c4-13e9ae0fac51,25c25bcb-00d1-4a21-8a0e-d9e38d03d199,c1,DROP,1008,?,i2,
1769449749.8722923,FORWARDED,d272ea05-c324-45a7-94c4-13e9ae0fac51,25c25bcb-00d1-4a21-8a0e-d9e38d03d199,c1,DROP,1008,?,i2,
1769449749.8793707,RECEIVED,60643f5a-756c-4445-a213-2638ef068e97,6277501d-6fd4-43a3-b464-f09f58028c57,c5,c4,2475,p2,?,
1769449749.8849149,SENT,74469883-35ad-44ea-ae90-730dd204e133,47872e0b-8e97-4ad0-905b-11f37c4cc3ed,c4,DROP,1009,?,i10,
1769449749.8849952,FORWARDED,74469883-35ad-44ea-ae90-730dd204e133,47872e0b-8e97-4ad0-905b-11f37c4cc3ed,c4,DROP,1009,?,i10,
1769449749.8992343,RECEIVED,54eaac5a-ee77-4ac8-ad7d-9ffee10e79ce,01fc3ab9-2cdd-4522-b260-8fd0d9da66c0,c3,DROP,1442,p3,?,
1769449749.910392,RECEIVED,9713fd8e-3c50-4c78-9f04-d670668f7df2,fca9f86c-f175-4128-96db-66686e4d146d,c2,c1,2459,p2,?,
1769449749.9871633,SENT,54eaac5a-ee77-4ac8-ad7d-9ffee10e79ce,01fc3ab9-2cdd-4522-b260-8fd0d9da66c0,c3,DROP,1006,?,i11,
1769449749.9872053,FORWARDED,54eaac5a-ee77-4ac8-ad7d-9ffee10e79ce,01fc3ab9-2cdd-4522-b260-8fd0d9da66c0,c3,DROP,1006,?,i11,
1769449749.9898598,SENT,9713fd8e-3c50-4c78-9f04-d670668f7df2,fca9f86c-f175-4128-96db-66686e4d146d,c2,c1,1773,?,i8,
1769449749.9899025,FORWARDED,9713fd8e-3c50-4c78-9f04-d670668f7df2,fca9f86c-f175-4128-96db-66686e4d146d,c2,c1,1773,?,i8,
1769449750.1005263,RECEIVED,1171e8d6-e023-4542-8a13-a7a4eeb6463d,54dcc93a-69af-464d-a886-280d4acd6377,c5,c4,2473,p2,?,
1769449750.1205528,RECEIVED,f192c5ee-c8e6-41c7-91b6-08a84814bc53,7f9cea77-70ae-4038-a13f-7c14c3f5780e,c2,DROP,441,x5,?,
1769449750.2397053,SENT,4b372f1f-638a-4291-8a9d-724888087b51,35fee8a8-4d5a-494e-bf5f-c6303743069f,c1,c3,1763,?,i11,
1769449750.2397802,FORWARDED,4b372f1f-638a-4291-8a9d-724888087b51,35fee8a8-4d5a-494e-bf5f-c6303743069f,c1,c3,1763,?,i11,
1769449750.2801611,SENT,10008f39-4d7a-4c81-a516-0a83c9c193d4,2f80077b-e436-4576-acf6-8853214a6cbe,c3,c5,1772,?,i8,
1769449750.2802036,FORWARDED,10008f39-4d7a-4c81-a516-0a83c9c193d4,2f80077b-e436-4576-acf6-8853214a6cbe,c3,c5,1772,?,i8,
1769449750.323572,SENT,1171e8d6-e023-4542-8a13-a7a4eeb6463d,54dcc93a-69af-464d-a886-280d4acd6377,c5,c4,1781,?,i11,
1769449750.3236153,FORWARDED,1171e8d6-e023-4542-8a13-a7a4eeb6463d,54dcc93a-69af-464d-a886-280d4acd6377,c5,c4,1781,?,i11,
1769449750.422914,RECEIVED,bf4e4d62-fcc1-4956-8be5-cbf4d99e67a6,95ef4f2d-0c35-4412-86a0-ae7b607bcf8d,c4,DROP,1451,p1,?,
1769449750.4529505,SENT,b1b1046a-19ef-41b9-9b53-f1de60298e65,017cf184-1788-4269-8265-54dfa880f301,c3,c5,1780,?,i10,
1769449750.452994,FORWARDED,b1b1046a-19ef-41b9-9b53-f1de60298e65,017cf184-1788-4269-8265-54dfa880f301,c3,c5,1780,?,i10,
1769449750.7312949,RECEIVED,67dc64b6-7ab1-4836-bf14-9639fba1be5b,386ece1a-b1d1-42b6-85ce-ad39e28d90cc,c1,c3,2478,p1,?,
1769449750.7397141,RECEIVED,c582dd9a-090f-4384-8e33-295349230b54,9b38e5c7-b230-40e4-8da6-d3fb682467dc,c4,DROP,1440,p1,?,
1769449750.744587,RECEIVED,5e2a5357-cd72-4603-957e-f29920df48f8,afddb8b7-45df-497d-a897-56931f21e82d,c3,DROP,1452,p3,?,
1769449750.7846196,SENT,67dc64b6-7ab1-4836-bf14-9639fba1be5b,386ece1a-b1d1-42b6-85ce-ad39e28d90cc,c1,c3,1785,?,i12,
1769449750.784661,FORWARDED,67dc64b6-7ab1-4836-bf14-9639fba1be5b,386ece1a-b1d1-42b6-85ce-ad39e28d90cc,c1,c3,1785,?,i12,
1769449750.7885263,RECEIVED,6df4f482-ba09-470e-a51f-4386218e0a65,3f430ec3-ab57-485f-a340-b9e83e0e87fe,c5,c4,2464,p2,?,
1769449750.8144932,RECEIVED,b6c4f6c4-f041-4442-939f-cefade6d8e9c,d9fa5759-4154-4ccc-9258-d9ad0bf4ba03,c1,DROP,1440,p1,?,
1769449750.8228242,RECEIVED,a06bee54-ebd7-4af5-aee9-1da908fd55ab,1ea81363-c5f2-4b0f-8d73-85aa06529abd,c4,c5,2462,p1,?,
1769449750.8519533,SENT,54e3ff78-ef54-478a-97cc-7bb644add23f,128086ed-e9b1-40e5-9c56-d6c789d5950d,c2,c1,1763,?,i1,
1769449750.851993,FORWARDED,54e3ff78-ef54-478a-97cc-7bb644add23f,128086ed-e9b1-40e5-9c56-d6c789d5950d,c2,c1,1763,?,i1,
1769449750.858991,SENT,c582dd9a-090f-4384-8e33-295349230b54,9b38e5c7-b230-40e4-8da6-d3fb682467dc,c4,DROP,1008,?,i1,
1769449750.8590412,FORWARDED,c582dd9a-090f-4384-8e33-295349230b54,9b38e5c7-b230-40e4-8da6-d3fb682467dc,c4,DROP,1008,?,i1,
1769449750.95954,SENT,b6c4f6c4-f041-4442-939f-cefade6d8e9c,d9fa5759-4154-4ccc-9258-d9ad0bf4ba03,c1,DROP,1008,?,i5,
1769449750.959575,FORWARDED,b6c4f6c4-f041-4442-939f-cefade6d8e9c,d9fa5759-4154-4ccc-9258-d9ad0bf4ba03,c1,DROP,1008,?,i5,
1769449750.9739144,SENT,5e2a5357-cd72-4603-957e-f29920df48f8,afddb8b7-45df-497d-a897-56931f21e82d,c3,DROP,1015,?,i8,
1769449750.973957,FORWARDED,5e2a5357-cd72-4603-957e-f29920df48f8,afddb8b7-45df-497d-a897-56931f21e82d,c3,DROP,1015,?,i8,
1769449750.9852316,RECEIVED,fd1075c1-3036-4311-aa0e-21b07945b3fb,94181b7b-ef6f-4cce-a7c1-36677363ddbb,c2,DROP,1441,p2,?,
1769449751.0211213,RECEIVED,4b3aae69-47ca-447f-b7d9-3acb82575e29,b30e5569-0b5f-48bc-9e82-0c51b8904b30,c2,c1,2459,p2,?,
1769449751.1695864,SENT,fd1075c1-3036-4311-aa0e-21b07945b3fb,94181b7b-ef6f-4cce-a7c1-36677363ddbb,c2,DROP,1008,?,i11,
1769449751.169627,FORWARDED,fd1075c1-3036-4311-aa0e-21b07945b3fb,94181b7b-ef6f-4cce-a7c1-36677363ddbb,c2,DROP,1008,?,i11,
1769449751.1987703,RECEIVED,5b605d1b-3cdb-4eab-92bb-c3757a6738cb,d420634b-6b43-4ca9-9959-c8761645b2fa,c2,c1,2464,p2,?,
1769449751.199022,SENT,4b3aae69-47ca-447f-b7d9-3acb82575e29,b30e5569-0b5f-48bc-9e82-0c51b8904b30,c2,c1,1771,?,i5,
1769449751.1992702,FORWARDED,4b3aae69-47ca-447f-b7d9-3acb82575e29,b30e5569-0b5f-48bc-9e82-0c51b8904b30,c2,c1,1771,?,i5,
1769449751.3532038,SENT,6df4f482-ba09-470e-a51f-4386218e0a65,3f430ec3-ab57-485f-a340-b9e83e0e87fe,c5,c4,1776,?,i10,
1769449751.3532555,FORWARDED,6df4f482-ba09-470e-a51f-4386218e0a65,3f430ec3-ab57-485f-a340-b9e83e0e87fe,c5,c4,1776,?,i10,
1769449751.3743553,SENT,5b605d1b-3cdb-4eab-92bb-c3757a6738cb,d420634b-6b43-4ca9-9959-c8761645b2fa,c2,c1,1775,?,i9,
1769449751.3743963,FORWARDED,5b605d1b-3cdb-4eab-92bb-c3757a6738cb,d420634b-6b43-4ca9-9959-c8761645b2fa,c2,c1,1775,?,i9,
1769449751.4039257,RECEIVED,3e9a494a-0a35-474f-be99-14d1c660753f,9c688cdc-080c-49a5-9142-3a15748f8dea,c3,c5,2465,p3,?,
1769449751.450774,SENT,60643f5a-756c-4445-a213-2638ef068e97,6277501d-6fd4-43a3-b464-f09f58028c57,c5,c4,1784,?,i1,
1769449751.450816,FORWARDED,60643f5a-756c-4445-a213-2638ef068e97,6277501d-6fd4-43a3-b464-f09f58028c57,c5,c4,1784,?,i1,
1769449751.5626957,SENT,bf4e4d62-fcc1-4956-8be5-cbf4d99e67a6,95ef4f2d-0c35-4412-86a0-ae7b607bcf8d,c4,DROP,1015,?,i8,
1769449751.5627358,FORWARDED,bf4e4d62-fcc1-4956-8be5-cbf4d99e67a6,95ef4f2d-0c35-4412-86a0-ae7b607bcf8d,c4,DROP,1015,?,i8,
1769449751.7820346,SENT,3e9a494a-0a35-474f-be99-14d1c660753f,9c688cdc-080c-49a5-9142-3a15748f8dea,c3,c5,1776,?,i11,
1769449751.7820904,FORWARDED,3e9a494a-0a35-474f-be99-14d1c660753f,9c688cdc-080c-49a5-9142-3a15748f8dea,c3,c5,1776,?,i11,
1769449751.808393,RECEIVED,0d6b3ee6-588b-4e2f-917a-d020b98bafb7,572ecadc-223c-479f-8cb9-f5d246568317,c2,c1,2451,p2,?,
1769449751.9318268,RECEIVED,0be27cd2-dafb-4c56-bac2-83e9a05a9611,872de1ff-80ef-4e68-ac68-1e7ea96370eb,c2,DROP,1444,p2,?,
1769449751.9634054,RECEIVED,0229fb7a-a7d0-4163-95f0-cada11ea1d3c,cd4925b3-b1f8-48c4-8d4b-bad296517c38,c4,DROP,1455,p1,?,
1769449752.00268,RECEIVED,d485abfc-758f-4828-85e7-8d529a9d9010,58451a3e-261a-4164-ab69-ad1b5ded6c24,c5,DROP,1439,p2,?,
1769449752.1479683,RECEIVED,3010cde3-b02d-44d1-9eed-b8bb6bbf7c41,d4539751-061c-4ab0-8de4-7d771030a935,c1,DROP,441,x4,?,
1769449752.2176461,SENT,0be27cd2-dafb-4c56-bac2-83e9a05a9611,872de1ff-80ef-4e68-ac68-1e7ea96370eb,c2,DROP,1011,?,i12,
1769449752.217686,FORWARDED,0be27cd2-dafb-4c56-bac2-83e9a05a9611,872de1ff-80ef-4e68-ac68-1e7ea96370eb,c2,DROP,1011,?,i12,
1769449752.2485392,RECEIVED,078b6cc4-5574-4ba9-83fc-ec16d3590360,ff5915f5-46d4-4043-93c3-4de6545c4f7e,c2,c1,2455,p2,?,
1769449752.2879193,RECEIVED,97261367-76fa-43cd-bf1b-cc2504dfbeea,37a37cf8-a329-4fb3-98f9-4e196761f868,c2,c1,2464,p2,?,
1769449752.394636,RECEIVED,52787631-09fb-4b67-af8b-c2cb35b549b7,5d68c5d6-a53f-4aa1-bbfa-3e0a79567ff9,c3,DROP,1441,p3,?,
1769449752.43112,SENT,97261367-76fa-43cd-bf1b-cc2504dfbeea,37a37cf8-a329-4fb3-98f9-4e196761f868,c2,c1,1776,?,i11,
1769449752.4311626,FORWARDED,97261367-76fa-43cd-bf1b-cc2504dfbeea,37a37cf8-a329-4fb3-98f9-4e196761f868,c2,c1,1776,?,i11,
1769449752.4494889,RECEIVED,024cae54-436c-4b0b-a454-24d75787af48,49cbd2df-3394-4630-9252-0b73a6a61206,c1,DROP,1452,p1,?,
1769449752.508079,SENT,0d6b3ee6-588b-4e2f-917a-d020b98bafb7,572ecadc-223c-479f-8cb9-f5d246568317,c2,c1,1765,?,i2,
1769449752.5081174,FORWARDED,0d6b3ee6-588b-4e2f-917a-d020b98bafb7,572ecadc-223c-479f-8cb9-f5d246568317,c2,c1,1765,?,i2,
1769449752.5200288,SENT,078b6cc4-5574-4ba9-83fc-ec16d3590360,ff5915f5-46d4-4043-93c3-4de6545c4f7e,c2,c1,1770,?,i4,
1769449752.5200777,FORWARDED,078b6cc4-5574-4ba9-83fc-ec16d3590360,ff5915f5-46d4-4043-93c3-4de6545c4f7e,c2,c1,1770,?,i4,
1769449752.5216794,RECEIVED,f6dcd22d-ddfe-4575-90e2-3ac9e3023aae,9763ab85-056f-48a7-9ce3-021c3cd77403,c5,c4,2480,p2,?,
1769449752.5243347,SENT,d485abfc-758f-4828-85e7-8d529a9d9010,58451a3e-261a-4164-ab69-ad1b5ded6c24,c5,DROP,1007,?,i7,
1769449752.5243983,FORWARDED,d485abfc-758f-4828-85e7-8d529a9d9010,58451a3e-261a-4164-ab69-ad1b5ded6c24,c5,DROP,1007,?,i7,
1769449752.662064,SENT,52787631-09fb-4b67-af8b-c2cb35b549b7,5d68c5d6-a53f-4aa1-bbfa-3e0a79567ff9,c3,DROP,1007,?,i11,
1769449752.662107,FORWARDED,52787631-09fb-4b67-af8b-c2cb35b549b7,5d68c5d6-a53f-4aa1-bbfa-3e0a79567ff9,c3,DROP,1007,?,i11,
1769449752.6960895,RECEIVED,44511756-8fa3-4054-a882-e705bb4873a1,10b76274-3d3e-41f8-9f2e-5f70e79368cb,c3,c5,2468,p3,?,
1769449752.7655544,SENT,44511756-8fa3-4054-a882-e705bb4873a1,10b76274-3d3e-41f8-9f2e-5f70e79368cb,c3,c5,1779,?,i4,
1769449752.765598,FORWARDED,44511756-8fa3-4054-a882-e705bb4873a1,10b76274-3d3e-41f8-9f2e-5f70e79368cb,c3,c5,1779,?,i4,
1769449752.7980783,SENT,a06bee54-ebd7-4af5-aee9-1da908fd55ab,1ea81363-c5f2-4b0f-8d73-85aa06529abd,c4,c5,1776,?,i1,
1769449752.7981224,FORWARDED,a06bee54-ebd7-4af5-aee9-1da908fd55ab,1ea81363-c5f2-4b0f-8d73-85aa06529abd,c4,c5,1776,?,i1,
1769449752.9038332,SENT,f6dcd22d-ddfe-4575-90e2-3ac9e3023aae,9763ab85-056f-48a7-9ce3-021c3cd77403,c5,c4,1786,?,i11,
1769449752.903873,FORWARDED,f6dcd22d-ddfe-4575-90e2-3ac9e3023aae,9763ab85-056f-48a7-9ce3-021c3cd77403,c5,c4,1786,?,i11,
1769449752.9140031,SENT,0229fb7a-a7d0-4163-95f0-cada11ea1d3c,cd4925b3-b1f8-48c4-8d4b-bad296517c38,c4,DROP,1019,?,i3,
1769449752.9140546,FORWARDED,0229fb7a-a7d0-4163-95f0-cada11ea1d3c,cd4925b3-b1f8-48c4-8d4b-bad296517c38,c4,DROP,1019,?,i3,
1769449752.9587991,RECEIVED,984808a1-e192-4ae0-b7b9-1083dbd92206,33fac61c-8f52-457c-90c4-063946a72c35,c2,DROP,437,x7,?,
1769449753.0117571,SENT,024cae54-436c-4b0b-a454-24d75787af48,49cbd2df-3394-4630-9252-0b73a6a61206,c1,DROP,1017,?,i12,
1769449753.0117974,FORWARDED,024cae54-436c-4b0b-a454-24d75787af48,49cbd2df-3394-4630-9252-0b73a6a61206,c1,DROP,1017,?,i12,
1769449753.204972,RECEIVED,0adc2fec-7f4c-48d5-92e2-d0164f52cb11,c853b78e-43f5-4419-a71c-7a5db137d8ba,c5,DROP,1439,p2,?,
1769449753.2317414,RECEIVED,0085ddb2-d17d-4243-b6d6-07292b9dcb21,c26f71cb-4508-471e-a223-02b865f1f38c,c5,DROP,1449,p2,?,
1769449753.2887654,RECEIVED,aba1d683-d5ed-4055-bfdc-2a7ef6038040,6520f720-e3a9-43c6-95e6-473e6d963822,c3,c5,2463,p3,?,
1769449753.4246628,RECEIVED,36d72143-e35a-4c25-94b3-8e69dc9f253a,570c4c01-9df3-4bbe-baea-7759f96cfc09,c5,c4,2456,p2,?,
1769449753.4600072,SENT,0085ddb2-d17d-4243-b6d6-07292b9dcb21,c26f71cb-4508-471e-a223-02b865f1f38c,c5,DROP,1012,?,i11,
1769449753.4601483,FORWARDED,0085ddb2-d17d-4243-b6d6-07292b9dcb21,c26f71cb-4508-471e-a223-02b865f1f38c,c5,DROP,1012,?,i11,
1769449753.462012,SENT,36d72143-e35a-4c25-94b3-8e69dc9f253a,570c4c01-9df3-4bbe-baea-7759f96cfc09,c5,c4,1770,?,i2,
1769449753.4620717,FORWARDED,36d72143-e35a-4c25-94b3-8e69dc9f253a,570c4c01-9df3-4bbe-baea-7759f96cfc09,c5,c4,1770,?,i2,
1769449753.608905,RECEIVED,2a06dd6f-93c0-4fe2-bb60-a0ab8841d5c6,663b5d6b-cb2f-4dd1-ab5b-f12d44f370b2,c2,DROP,442,x4,?,
1769449753.63725,RECEIVED,cdadb1e7-4ecf-47eb-8f5c-021690cfa540,15e82143-420e-467f-9bf5-3fd5698b2715,c5,c4,2465,p2,?,
1769449753.6497047,RECEIVED,c61dccd9-fa8c-48a4-a207-b2619bab103e,5f806bcc-15fd-4ff1-960d-11d92b200083,c2,DROP,1439,p2,?,
1769449753.6662807,SENT,cdadb1e7-4ecf-47eb-8f5c-021690cfa540,15e82143-420e-467f-9bf5-3fd5698b2715,c5,c4,1775,?,i4,
1769449753.6663218,FORWARDED,cdadb1e7-4ecf-47eb-8f5c-021690cfa540,15e82143-420e-467f-9bf5-3fd5698b2715,c5,c4,1775,?,i4,
1769449753.7535732,SENT,aba1d683-d5ed-4055-bfdc-2a7ef6038040,6520f720-e3a9-43c6-95e6-473e6d963822,c3,c5,1776,?,i1,
1769449753.7536147,FORWARDED,aba1d683-d5ed-4055-bfdc-2a7ef6038040,6520f720-e3a9-43c6-95e6-473e6d963822,c3,c5,1776,?,i1,
1769449753.85273,RECEIVED,afe81e9e-77f8-470d-9017-7fb00c504eba,8e724a68-13d9-4153-a2ed-389b896a4f83,c4,c5,2468,p1,?,
1769449753.9033728,RECEIVED,04b61c8b-d268-4683-b3e4-7f564d471236,e8200f82-42c9-4528-9015-907a809a9ea8,c4,c5,2465,p1,?,
1769449753.9563084,SENT,04b61c8b-d268-4683-b3e4-7f564d471236,e8200f82-42c9-4528-9015-907a809a9ea8,c4,c5,1775,?,i8,
1769449753.956351,FORWARDED,04b61c8b-d268-4683-b3e4-7f564d471236,e8200f82-42c9-4528-9015-907a809a9ea8,c4,c5,1775,?,i8,
1769449753.9576108,RECEIVED,26d8025b-4e2e-46e9-bc85-1aea85db89c3,9a2532a7-fd30-483e-9e02-bf4461e0c4aa,c4,c5,2471,p1,?,
1769449753.968805,RECEIVED,6d257b5f-e61d-44a5-89bb-a4f618382a09,92acd509-033c-484c-8d1c-900a7b48b8c5,c3,c5,2471,p3,?,
1769449754.0794172,SENT,0adc2fec-7f4c-48d5-92e2-d0164f52cb11,c853b78e-43f5-4419-a71c-7a5db137d8ba,c5,DROP,1008,?,i2,
1769449754.079456,FORWARDED,0adc2fec-7f4c-48d5-92e2-d0164f52cb11,c853b78e-43f5-4419-a71c-7a5db137d8ba,c5,DROP,1008,?,i2,
1769449754.0978436,RECEIVED,441178ac-717b-4324-8bf5-a1afbedf94f9,fda3da58-eb9a-49a2-869a-bf373edb88f1,c5,DROP,1444,p2,?,
1769449754.1121442,RECEIVED,6b0b86a6-1a78-4e29-9195-87e67d56f93f,a4c775a4-1aad-4ae1-a87f-cb3cfa0deb7b,c3,c5,2464,p3,?,
1769449754.2167068,SENT,c61dccd9-fa8c-48a4-a207-b2619bab103e,5f806bcc-15fd-4ff1-960d-11d92b200083,c2,DROP,1007,?,i4,
1769449754.2169433,FORWARDED,c61dccd9-fa8c-48a4-a207-b2619bab103e,5f806bcc-15fd-4ff1-960d-11d92b200083,c2,DROP,1007,?,i4,
1769449754.3718925,SENT,441178ac-717b-4324-8bf5-a1afbedf94f9,fda3da58-eb9a-49a2-869a-bf373edb88f1,c5,DROP,1011,?,i3,
1769449754.3719344,FORWARDED,441178ac-717b-4324-8bf5-a1afbedf94f9,fda3da58-eb9a-49a2-869a-bf373edb88f1,c5,DROP,1011,?,i3,
1769449754.3859115,SENT,26d8025b-4e2e-46e9-bc85-1aea85db89c3,9a2532a7-fd30-483e-9e02-bf4461e0c4aa,c4,c5,1782,?,i4,
1769449754.3859544,FORWARDED,26d8025b-4e2e-46e9-bc85-1aea85db89c3,9a2532a7-fd30-483e-9e02-bf4461e0c4aa,c4,c5,1782,?,i4,
1769449754.488611,SENT,6d257b5f-e61d-44a5-89bb-a4f618382a09,92acd509-033c-484c-8d1c-900a7b48b8c5,c3,c5,1782,?,i8,
1769449754.4886484,FORWARDED,6d257b5f-e61d-44a5-89bb-a4f618382a09,92acd509-033c-484c-8d1c-900a7b48b8c5,c3,c5,1782,?,i8,
1769449754.6041257,RECEIVED,73ea2b05-248b-45cf-8aea-120d1df325d6,dfb983d5-1221-4b8e-b979-4334cf08753e,c5,DROP,1447,p2,?,
1769449754.7425113,RECEIVED,0aae9d22-af04-48fe-a2f7-89cd33386d64,f428d727-76bf-4274-a36e-648518cb00fd,c3,DROP,1448,p3,?,
1769449754.7742991,RECEIVED,0e12d8ab-b536-4652-8ff3-e635e2c0159a,0b9c7f45-cb8d-46cd-92f5-bb1c759e1871,c1,DROP,1439,p1,?,
1769449754.9576714,RECEIVED,a833b9de-c2ba-47db-9b7f-354aa8563fde,7f7db43a-b4dc-4583-8c2c-31049dbd7bc2,c2,DROP,445,x11,?,
1769449754.9701822,SENT,0aae9d22-af04-48fe-a2f7-89cd33386d64,f428d727-76bf-4274-a36e-648518cb00fd,c3,DROP,1012,?,i2,
1769449754.970223,FORWARDED,0aae9d22-af04-48fe-a2f7-89cd33386d64,f428d727-76bf-4274-a36e-648518cb00fd,c3,DROP,1012,?,i2,
1769449755.0230365,SENT,73ea2b05-248b-45cf-8aea-120d1df325d6,dfb983d5-1221-4b8e-b979-4334cf08753e,c5,DROP,1013,?,i6,
1769449755.0230923,FORWARDED,73ea2b05-248b-45cf-8aea-120d1df325d6,dfb983d5-1221-4b8e-b979-4334cf08753e,c5,DROP,1013,?,i6,
1769449755.0686793,SENT,afe81e9e-77f8-470d-9017-7fb00c504eba,8e724a68-13d9-4153-a2ed-389b896a4f83,c4,c5,1777,?,i10,
1769449755.068721,FORWARDED,afe81e9e-77f8-470d-9017-7fb00c504eba,8e724a68-13d9-4153-a2ed-389b896a4f83,c4,c5,1777,?,i10,
1769449755.0703456,RECEIVED,35c08659-6178-4159-b8a6-facb3b12ccd3,1740003f-b8cf-44dd-a6ef-a0a714cc1990,c4,DROP,1447,p1,?,
1769449755.1491933,RECEIVED,56cd59fc-4ca3-4554-a2ea-262a04c7ae29,8a9f8143-954e-4ad6-8c69-d84c7996dfc0,c1,c3,2464,p1,?,
1769449755.2203336,RECEIVED,e69b09fc-16a9-409b-aae0-1376d4c356d5,14e21cdb-101e-4ac6-8ac6-f315e5f1714b,c1,c3,2446,p1,?,
1769449755.2378109,SENT,0e12d8ab-b536-4652-8ff3-e635e2c0159a,0b9c7f45-cb8d-46cd-92f5-bb1c759e1871,c1,DROP,1008,?,i4,
1769449755.2378533,FORWARDED,0e12d8ab-b536-4652-8ff3-e635e2c0159a,0b9c7f45-cb8d-46cd-92f5-bb1c759e1871,c1,DROP,1008,?,i4,
1769449755.3759873,SENT,56cd59fc-4ca3-4554-a2ea-262a04c7ae29,8a9f8143-954e-4ad6-8c69-d84c7996dfc0,c1,c3,1775,?,i1,
1769449755.376027,FORWARDED,56cd59fc-4ca3-4554-a2ea-262a04c7ae29,8a9f8143-954e-4ad6-8c69-d84c7996dfc0,c1,c3,1775,?,i1,
1769449755.3839703,SENT,35c08659-6178-4159-b8a6-facb3b12ccd3,1740003f-b8cf-44dd-a6ef-a0a714cc1990,c4,DROP,1013,?,i5,
1769449755.38401,FORWARDED,35c08659-6178-4159-b8a6-facb3b12ccd3,1740003f-b8cf-44dd-a6ef-a0a714cc1990,c4,DROP,1013,?,i5,
1769449755.4599643,RECEIVED,7a851355-ce13-40f8-b7b0-65e319811378,3a93d5b5-b945-4a75-b902-0cbb02d38471,c3,DROP,441,x7,?,
1769449755.4674332,RECEIVED,2b393528-ef85-433b-ab6d-bd9ceee4589f,3e5762e2-e34b-4952-a541-8bacbf80a26f,c4,DROP,1444,p1,?,
1769449755.527955,SENT,6b0b86a6-1a78-4e29-9195-87e67d56f93f,a4c775a4-1aad-4ae1-a87f-cb3cfa0deb7b,c3,c5,1776,?,i10,
1769449755.5279913,FORWARDED,6b0b86a6-1a78-4e29-9195-87e67d56f93f,a4c775a4-1aad-4ae1-a87f-cb3cfa0deb7b,c3,c5,1776,?,i10,
1769449755.5575247,RECEIVED,d6dba23c-6df7-429f-a418-8c1fc4fe7af8,ecb14e5e-737e-42d0-a2ed-ef36360c6053,c4,c5,2459,p1,?,
1769449755.6154878,RECEIVED,0487d973-e800-49f2-9af5-c25c83d0cf2f,b6a06369-cb4f-4f1d-9471-b2cd4dcecd43,c1,DROP,1447,p1,?,
1769449755.7473207,SENT,e69b09fc-16a9-409b-aae0-1376d4c356d5,14e21cdb-101e-4ac6-8ac6-f315e5f1714b,c1,c3,1763,?,i9,
1769449755.747374,FORWARDED,e69b09fc-16a9-409b-aae0-1376d4c356d5,14e21cdb-101e-4ac6-8ac6-f315e5f1714b,c1,c3,1763,?,i9,
1769449755.7588341,SENT,2b393528-ef85-433b-ab6d-bd9ceee4589f,3e5762e2-e34b-4952-a541-8bacbf80a26f,c4,DROP,1011,?,i12,
1769449755.7588754,FORWARDED,2b393528-ef85-433b-ab6d-bd9ceee4589f,3e5762e2-e34b-4952-a541-8bacbf80a26f,c4,DROP,1011,?,i12,
1769449755.8896616,RECEIVED,28ebdfe7-8c46-4c27-a704-0b9dfb25fe7d,ceb51310-58fe-48dd-9b91-6a6483869634,c4,c5,2464,p1,?,
1769449755.9003918,RECEIVED,7e17b4ed-9950-4f92-b355-8b187b0967da,321c8b40-3ba3-4d46-be1f-86175f50b9f2,c5,c4,2462,p2,?,
1769449755.937211,SENT,0487d973-e800-49f2-9af5-c25c83d0cf2f,b6a06369-cb4f-4f1d-9471-b2cd4dcecd43,c1,DROP,1012,?,i3,
1769449755.9372501,FORWARDED,0487d973-e800-49f2-9af5-c25c83d0cf2f,b6a06369-cb4f-4f1d-9471-b2cd4dcecd43,c1,DROP,1012,?,i3,
1769449756.341313,RECEIVED,2cbe7aa1-fec6-4eba-8a07-24aa82920e03,515c765a-19a5-4720-bb78-3d10ad0b55cf,c2,DROP,443,x10,?,
1769449756.3648193,RECEIVED,c5aecb9e-54b5-421f-814a-2e5df1fa65e4,e73c9114-7c94-4744-ac3c-1f20385759dc,c1,DROP,1439,p1,?,
1769449756.4686067,SENT,d6dba23c-6df7-429f-a418-8c1fc4fe7af8,ecb14e5e-737e-42d0-a2ed-ef36360c6053,c4,c5,1772,?,i12,
1769449756.4686463,FORWARDED,d6dba23c-6df7-429f-a418-8c1fc4fe7af8,ecb14e5e-737e-42d0-a2ed-ef36360c6053,c4,c5,1772,?,i12,
1769449756.5459914,RECEIVED,2ccb1769-a692-453e-891a-9e5f5f01f9ef,c7c7ab2b-7878-41a2-a987-863565a80e1a,c1,DROP,1445,p1,?,
1769449756.6254637,RECEIVED,07caa4c3-c9b7-4cce-a140-4d36411acf7a,f4790187-b79e-4c81-acfc-34d5ddc2d8ef,c3,DROP,1440,p3,?,
1769449756.6859362,SENT,07caa4c3-c9b7-4cce-a140-4d36411acf7a,f4790187-b79e-4c81-acfc-34d5ddc2d8ef,c3,DROP,1008,?,i7,
1769449756.6859796,FORWARDED,07caa4c3-c9b7-4cce-a140-4d36411acf7a,f4790187-b79e-4c81-acfc-34d5ddc2d8ef,c3,DROP,1008,?,i7,
1769449756.7382064,SENT,2ccb1769-a692-453e-891a-9e5f5f01f9ef,c7c7ab2b-7878-41a2-a987-863565a80e1a,c1,DROP,1009,?,i12,
1769449756.7382607,FORWARDED,2ccb1769-a692-453e-891a-9e5f5f01f9ef,c7c7ab2b-7878-41a2-a987-863565a80e1a,c1,DROP,1009,?,i12,
1769449756.7829473,RECEIVED,b94c53b3-2bab-44d4-a02e-4bae4f9b9af2,6626bf82-5397-4f5a-8ae8-b5ecb2b3f749,c3,DROP,1447,p3,?,
1769449756.8789737,RECEIVED,e5399c8a-484a-4b03-83ac-01536147cc45,e56ba187-aa9d-4c39-991d-4094094ff5bb,c5,c4,2474,p2,?,
1769449757.1897652,RECEIVED,37a8dc06-a8cd-4796-a384-72c9cfc9a9f1,a8683584-aafb-4a5c-84aa-bcc418285517,c3,DROP,1452,p3,?,
1769449757.2326777,SENT,c5aecb9e-54b5-421f-814a-2e5df1fa65e4,e73c9114-7c94-4744-ac3c-1f20385759dc,c1,DROP,1008,?,i1,
1769449757.2327209,FORWARDED,c5aecb9e-54b5-421f-814a-2e5df1fa65e4,e73c9114-7c94-4744-ac3c-1f20385759dc,c1,DROP,1008,?,i1,
1769449757.3680825,SENT,37a8dc06-a8cd-4796-a384-72c9cfc9a9f1,a8683584-aafb-4a5c-84aa-bcc418285517,c3,DROP,1015,?,i5,
1769449757.368131,FORWARDED,37a8dc06-a8cd-4796-a384-72c9cfc9a9f1,a8683584-aafb-4a5c-84aa-bcc418285517,c3,DROP,1015,?,i5,
1769449757.3729837,RECEIVED,6bf9ab69-683d-4ed8-9949-22554f5baf28,b1ea769c-d93a-4c90-8015-8e43767682a3,c4,c5,2471,p1,?,
1769449757.4333174,SENT,e5399c8a-484a-4b03-83ac-01536147cc45,e56ba187-aa9d-4c39-991d-4094094ff5bb,c5,c4,1783,?,i1,
1769449757.4333568,FORWARDED,e5399c8a-484a-4b03-83ac-01536147cc45,e56ba187-aa9d-4c39-991d-4094094ff5bb,c5,c4,1783,?,i1,
1769449757.456796,RECEIVED,6903d995-a969-462a-9021-833f6615d28c,2118a208-4006-4dc8-8c4c-50e5089017fe,c3,c5,2476,p3,?,
1769449757.5079288,RECEIVED,fac5df80-d819-41ab-a240-45304bc755f2,118120af-9c1f-4655-99d6-f1d0f6cd7712,c4,DROP,1444,p1,?,
1769449757.5892892,RECEIVED,7631a7ea-5791-49f5-b783-58cac6fe8ab4,ae44c7a5-e4db-4eb2-a87c-334259f62169,c3,c5,2463,p3,?,
1769449757.6743877,RECEIVED,000a96a2-b15c-4032-9683-10218f5e6b30,ad9dafc3-1871-433e-a11f-119bb921664d,c5,DROP,1439,p2,?,
1769449757.7524817,RECEIVED,e012c500-00a4-4a2a-9f13-66fe17456e6e,48ca0a1a-fcbe-4e84-84c5-7c256fc1ff3e,c1,c3,2463,p1,?,
1769449757.7967916,SENT,28ebdfe7-8c46-4c27-a704-0b9dfb25fe7d,ceb51310-58fe-48dd-9b91-6a6483869634,c4,c5,1776,?,i10,
1769449757.7968338,FORWARDED,28ebdfe7-8c46-4c27-a704-0b9dfb25fe7d,ceb51310-58fe-48dd-9b91-6a6483869634,c4,c5,1776,?,i10,
1769449757.799649,RECEIVED,6bdb2e89-8d44-462d-90f8-bae96d6e11f2,085a6aba-7c12-40d5-ace7-3019e04046d2,c5,DROP,1441,p2,?,
1769449757.8775475,SENT,6bdb2e89-8d44-462d-90f8-bae96d6e11f2,085a6aba-7c12-40d5-ace7-3019e04046d2,c5,DROP,1006,?,i8,
1769449757.8775856,FORWARDED,6bdb2e89-8d44-462d-90f8-bae96d6e11f2,085a6aba-7c12-40d5-ace7-3019e04046d2,c5,DROP,1006,?,i8,
1769449757.8830593,SENT,6bf9ab69-683d-4ed8-9949-22554f5baf28,b1ea769c-d93a-4c90-8015-8e43767682a3,c4,c5,1781,?,i1,
1769449757.8831007,FORWARDED,6bf9ab69-683d-4ed8-9949-22554f5baf28,b1ea769c-d93a-4c90-8015-8e43767682a3,c4,c5,1781,?,i1,
1769449757.9917831,RECEIVED,5e6052bf-a61c-4cfe-9617-a51f83142e1e,9c0f3100-540d-4e97-ac61-f617f6104e7f,c2,c1,2467,p2,?,
1769449757.9995759,RECEIVED,a41d0484-ada7-4798-8163-502252e1d3ac,aeef4fd1-506f-461b-93ea-f590a8dd32d7,c5,DROP,1460,p2,?,
1769449758.0131464,RECEIVED,1f8d17f1-3d53-491a-ab16-56f850ef8534,4bd7491d-f9dd-4959-9e2b-dcb77912bef5,c1,c3,2448,p1,?,
1769449758.0944495,SENT,e012c500-00a4-4a2a-9f13-66fe17456e6e,48ca0a1a-fcbe-4e84-84c5-7c256fc1ff3e,c1,c3,1776,?,i6,
1769449758.0944843,FORWARDED,e012c500-00a4-4a2a-9f13-66fe17456e6e,48ca0a1a-fcbe-4e84-84c5-7c256fc1ff3e,c1,c3,1776,?,i6,
1769449758.106157,SENT,fac5df80-d819-41ab-a240-45304bc755f2,118120af-9c1f-4655-99d6-f1d0f6cd7712,c4,DROP,1011,?,i11,
1769449758.1062028,FORWARDED,fac5df80-d819-41ab-a240-45304bc755f2,118120af-9c1f-4655-99d6-f1d0f6cd7712,c4,DROP,1011,?,i11,
1769449758.1694944,SENT,b94c53b3-2bab-44d4-a02e-4bae4f9b9af2,6626bf82-5397-4f5a-8ae8-b5ecb2b3f749,c3,DROP,1013,?,i5,
1769449758.1695344,FORWARDED,b94c53b3-2bab-44d4-a02e-4bae4f9b9af2,6626bf82-5397-4f5a-8ae8-b5ecb2b3f749,c3,DROP,1013,?,i5,
1769449758.208231,SENT,5e6052bf-a61c-4cfe-9617-a51f83142e1e,9c0f3100-540d-4e97-ac61-f617f6104e7f,c2,c1,1779,?,i2,
1769449758.2082715,FORWARDED,5e6052bf-a61c-4cfe-9617-a51f83142e1e,9c0f3100-540d-4e97-ac61-f617f6104e7f,c2,c1,1779,?,i2,
1769449758.2206986,RECEIVED,94fb24c4-1012-4d65-a356-8f0f770fcc89,5ed42ad8-7bb4-4f7d-9233-81c8d0f956c8,c1,c3,2448,p1,?,
1769449758.2272499,SENT,6903d995-a969-462a-9021-833f6615d28c,2118a208-4006-4dc8-8c4c-50e5089017fe,c3,c5,1783,?,i11,
1769449758.2272966,FORWARDED,6903d995-a969-462a-9021-833f6615d28c,2118a208-4006-4dc8-8c4c-50e5089017fe,c3,c5,1783,?,i11,
1769449758.2619188,RECEIVED,e5b09093-0006-4afc-8530-584dcd74438d,e791eb61-91ad-4741-8fd3-8e67d8070321,c4,DROP,1439,p1,?,
1769449758.266877,SENT,94fb24c4-1012-4d65-a356-8f0f770fcc89,5ed42ad8-7bb4-4f7d-9233-81c8d0f956c8,c1,c3,1763,?,i6,
1769449758.2669199,FORWARDED,94fb24c4-1012-4d65-a356-8f0f770fcc89,5ed42ad8-7bb4-4f7d-9233-81c8d0f956c8,c1,c3,1763,?,i6,
1769449758.38295,SENT,000a96a2-b15c-4032-9683-10218f5e6b30,ad9dafc3-1871-433e-a11f-119bb921664d,c5,DROP,1006,?,i3,
1769449758.3829892,FORWARDED,000a96a2-b15c-4032-9683-10218f5e6b30,ad9dafc3-1871-433e-a11f-119bb921664d,c5,DROP,1006,?,i3,
1769449758.3856394,SENT,7631a7ea-5791-49f5-b783-58cac6fe8ab4,ae44c7a5-e4db-4eb2-a87c-334259f62169,c3,c5,1775,?,i4,
1769449758.3856776,FORWARDED,7631a7ea-5791-49f5-b783-58cac6fe8ab4,ae44c7a5-e4db-4eb2-a87c-334259f62169,c3,c5,1775,?,i4,
1769449758.4458323,SENT,1f8d17f1-3d53-491a-ab16-56f850ef8534,4bd7491d-f9dd-4959-9e2b-dcb77912bef5,c1,c3,1763,?,i1,
1769449758.4458716,FORWARDED,1f8d17f1-3d53-491a-ab16-56f850ef8534,4bd7491d-f9dd-4959-9e2b-dcb77912bef5,c1,c3,1763,?,i1,
1769449758.4703653,SENT,e5b09093-0006-4afc-8530-584dcd74438d,e791eb61-91ad-4741-8fd3-8e67d8070321,c4,DROP,1008,?,i2,
1769449758.4704297,FORWARDED,e5b09093-0006-4afc-8530-584dcd74438d,e791eb61-91ad-4741-8fd3-8e67d8070321,c4,DROP,1008,?,i2,
1769449758.4935434,RECEIVED,abc3c12d-bb49-40ba-8292-3bb4d6512e89,0e6168bb-613f-4217-a28e-703c694bedb5,c5,c4,2465,p2,?,
1769449758.5041423,SENT,a41d0484-ada7-4798-8163-502252e1d3ac,aeef4fd1-506f-461b-93ea-f590a8dd32d7,c5,DROP,1021,?,i10,
1769449758.5041838,FORWARDED,a41d0484-ada7-4798-8163-502252e1d3ac,aeef4fd1-506f-461b-93ea-f590a8dd32d7,c5,DROP,1021,?,i10,
1769449758.5965228,RECEIVED,a5f85934-185f-4e1c-a882-f8e32d2b2e35,240aab26-e8ef-4b6b-b8c6-5693690e2756,c1,DROP,1453,p1,?,
1769449758.625361,RECEIVED,22f58006-ca1d-4492-bef5-cfab27e29cbe,141e6176-97c7-4a8f-b82b-314e34c3e1e2,c4,DROP,1447,p1,?,
1769449758.7973318,RECEIVED,958a3d05-3b87-469c-a5c2-4c6b8542b964,f29b0de5-60df-4bb4-bade-405250ee7b04,c5,DROP,443,x9,?,
1769449758.8651266,RECEIVED,a44e3924-1e4e-425e-84fa-088a1b608bce,5a09e139-e384-45b5-9b05-aadaed71141a,c1,DROP,1439,p1,?,
1769449758.870541,SENT,a5f85934-185f-4e1c-a882-f8e32d2b2e35,240aab26-e8ef-4b6b-b8c6-5693690e2756,c1,DROP,1015,?,i12,
1769449758.87058,FORWARDED,a5f85934-185f-4e1c-a882-f8e32d2b2e35,240aab26-e8ef-4b6b-b8c6-5693690e2756,c1,DROP,1015,?,i12,
1769449758.8948057,SENT,abc3c12d-bb49-40ba-8292-3bb4d6512e89,0e6168bb-613f-4217-a28e-703c694bedb5,c5,c4,1775,?,i12,
1769449758.8948464,FORWARDED,abc3c12d-bb49-40ba-8292-3bb4d6512e89,0e6168bb-613f-4217-a28e-703c694bedb5,c5,c4,1775,?,i12,
1769449758.9378927,RECEIVED,5db2752d-0a42-4331-8ea3-f8f19cc173f6,8d425218-8d4f-4b0f-b8cb-3dce07697230,c1,c3,2460,p1,?,
1769449759.0555842,SENT,5db2752d-0a42-4331-8ea3-f8f19cc173f6,8d425218-8d4f-4b0f-b8cb-3dce07697230,c1,c3,1771,?,i4,
1769449759.055628,FORWARDED,5db2752d-0a42-4331-8ea3-f8f19cc173f6,8d425218-8d4f-4b0f-b8cb-3dce07697230,c1,c3,1771,?,i4,
1769449759.4373074,RECEIVED,a02982b0-afce-4ceb-a843-be40f22c98e3,e55eb166-b2d6-4adb-b9b3-b22a96eb4cae,c3,DROP,1454,p3,?,
1769449759.6515026,SENT,a44e3924-1e4e-425e-84fa-088a1b608bce,5a09e139-e384-45b5-9b05-aadaed71141a,c1,DROP,1007,?,i7,
1769449759.6515467,FORWARDED,a44e3924-1e4e-425e-84fa-088a1b608bce,5a09e139-e384-45b5-9b05-aadaed71141a,c1,DROP,1007,?,i7,
1769449759.6569698,RECEIVED,8dd3285f-b045-4857-941c-fd97b9387a04,e0375e43-c248-45fa-8463-7e9956fd42fa,c1,DROP,1448,p1,?,
1769449759.7197475,SENT,a02982b0-afce-4ceb-a843-be40f22c98e3,e55eb166-b2d6-4adb-b9b3-b22a96eb4cae,c3,DROP,1020,?,i3,
1769449759.7197864,FORWARDED,a02982b0-afce-4ceb-a843-be40f22c98e3,e55eb166-b2d6-4adb-b9b3-b22a96eb4cae,c3,DROP,1020,?,i3,
1769449759.742253,SENT,8dd3285f-b045-4857-941c-fd97b9387a04,e0375e43-c248-45fa-8463-7e9956fd42fa,c1,DROP,1014,?,i4,
1769449759.742293,FORWARDED,8dd3285f-b045-4857-941c-fd97b9387a04,e0375e43-c248-45fa-8463-7e9956fd42fa,c1,DROP,1014,?,i4,
1769449759.9206638,RECEIVED,37474134-2004-46df-bd9a-c1ecc3322ceb,e96bae9e-2735-4535-8ecf-044de38c5fb1,c4,DROP,442,x9,?,
1769449759.963181,RECEIVED,b482ca6e-c6a6-4ee2-a9e8-79f574b391d9,786e9e9d-2252-4392-853f-7ca2220dab7c,c3,DROP,1440,p3,?,
1769449760.0679839,RECEIVED,17201657-285a-46d9-8500-3234ae789958,b13d0bcf-ff9c-4858-8796-9a08104941d7,c3,c5,2463,p3,?,
1769449760.082865,RECEIVED,df036962-225c-4967-9df8-a15b96d3fc1f,fa829e85-975e-4d3c-8f73-04c70193652c,c2,DROP,1452,p2,?,
1769449760.1011212,SENT,7e17b4ed-9950-4f92-b355-8b187b0967da,321c8b40-3ba3-4d46-be1f-86175f50b9f2,c5,c4,1775,?,i1,
1769449760.101163,FORWARDED,7e17b4ed-9950-4f92-b355-8b187b0967da,321c8b40-3ba3-4d46-be1f-86175f50b9f2,c5,c4,1775,?,i1,
1769449760.167823,SENT,df036962-225c-4967-9df8-a15b96d3fc1f,fa829e85-975e-4d3c-8f73-04c70193652c,c2,DROP,1015,?,i1,
1769449760.1678638,FORWARDED,df036962-225c-4967-9df8-a15b96d3fc1f,fa829e85-975e-4d3c-8f73-04c70193652c,c2,DROP,1015,?,i1,
1769449760.189725,RECEIVED,0297df32-40ce-494e-a6a3-5eb9303e0e22,f06468b0-4517-4140-b7f2-6d2ff0930d46,c1,c3,2464,p1,?,
1769449760.2942443,SENT,22f58006-ca1d-4492-bef5-cfab27e29cbe,141e6176-97c7-4a8f-b82b-314e34c3e1e2,c4,DROP,1012,?,i8,
1769449760.2942858,FORWARDED,22f58006-ca1d-4492-bef5-cfab27e29cbe,141e6176-97c7-4a8f-b82b-314e34c3e1e2,c4,DROP,1012,?,i8,
1769449760.3702874,RECEIVED,c546c421-725b-466c-9c3a-5442740e3a0e,336a00fc-0728-447e-8470-457c2085bc8e,c4,DROP,441,x1,?,
1769449760.4427497,RECEIVED,24ac73cd-c6a5-4cec-829e-45c57d249f2b,cd9665b6-b22a-469a-bc93-1a3581cac8de,c5,c4,2469,p2,?,
1769449760.4435666,SENT,b482ca6e-c6a6-4ee2-a9e8-79f574b391d9,786e9e9d-2252-4392-853f-7ca2220dab7c,c3,DROP,1008,?,i1,
1769449760.4436111,FORWARDED,b482ca6e-c6a6-4ee2-a9e8-79f574b391d9,786e9e9d-2252-4392-853f-7ca2220dab7c,c3,DROP,1008,?,i1,
1769449760.4640062,SENT,24ac73cd-c6a5-4cec-829e-45c57d249f2b,cd9665b6-b22a-469a-bc93-1a3581cac8de,c5,c4,1777,?,i3,
1769449760.4640603,FORWARDED,24ac73cd-c6a5-4cec-829e-45c57d249f2b,cd9665b6-b22a-469a-bc93-1a3581cac8de,c5,c4,1777,?,i3,
1769449760.7272596,RECEIVED,67638da2-cb25-4857-a29a-6e8a5250b947,f374b353-0d0a-411f-be9b-ed1d812e418a,c5,DROP,1447,p2,?,
1769449760.8173056,SENT,17201657-285a-46d9-8500-3234ae789958,b13d0bcf-ff9c-4858-8796-9a08104941d7,c3,c5,1776,?,i3,
1769449760.8173501,FORWARDED,17201657-285a-46d9-8500-3234ae789958,b13d0bcf-ff9c-4858-8796-9a08104941d7,c3,c5,1776,?,i3,
1769449760.8417923,SENT,67638da2-cb25-4857-a29a-6e8a5250b947,f374b353-0d0a-411f-be9b-ed1d812e418a,c5,DROP,1012,?,i8,
1769449760.8418398,FORWARDED,67638da2-cb25-4857-a29a-6e8a5250b947,f374b353-0d0a-411f-be9b-ed1d812e418a,c5,DROP,1012,?,i8,
1769449760.8673468,RECEIVED,4cb85f6f-6768-49b1-bbb4-acb89a32c8e1,87f571a1-a2db-4a16-9161-b27c9badd0f5,c3,DROP,445,x6,?,
1769449760.9398239,SENT,0297df32-40ce-494e-a6a3-5eb9303e0e22,f06468b0-4517-4140-b7f2-6d2ff0930d46,c1,c3,1776,?,i10,
1769449760.9398615,FORWARDED,0297df32-40ce-494e-a6a3-5eb9303e0e22,f06468b0-4517-4140-b7f2-6d2ff0930d46,c1,c3,1776,?,i10,
1769449761.0271583,RECEIVED,767a04ac-837e-46a0-bca7-13d0e8dcdfa3,c056fed7-b393-4021-b8db-32a9084409f3,c1,c3,2444,p1,?,
1769449761.167215,RECEIVED,1b4d0fdb-ce5a-4494-962b-0b2fe4a90e5b,3bed1371-b528-42b6-bb01-4428e623252e,c5,c4,2473,p2,?,
1769449761.1935582,RECEIVED,0001ee8b-6926-4939-a4b3-ce272ab317f1,fa724b1f-7dda-4d34-be71-5f238aeed520,c4,DROP,1451,p1,?,
1769449761.2518659,SENT,767a04ac-837e-46a0-bca7-13d0e8dcdfa3,c056fed7-b393-4021-b8db-32a9084409f3,c1,c3,1760,?,i1,
1769449761.2519085,FORWARDED,767a04ac-837e-46a0-bca7-13d0e8dcdfa3,c056fed7-b393-4021-b8db-32a9084409f3,c1,c3,1760,?,i1,
1769449761.3137088,SENT,1b4d0fdb-ce5a-4494-962b-0b2fe4a90e5b,3bed1371-b528-42b6-bb01-4428e623252e,c5,c4,1780,?,i10,
1769449761.3137448,FORWARDED,1b4d0fdb-ce5a-4494-962b-0b2fe4a90e5b,3bed1371-b528-42b6-bb01-4428e623252e,c5,c4,1780,?,i10,
1769449761.326457,RECEIVED,446dfbe5-43ad-4610-b85a-6fee8c1f87b1,d33aa9d8-43d8-42f3-a391-6de03e160e17,c1,c3,2472,p1,?,
1769449761.4160326,SENT,446dfbe5-43ad-4610-b85a-6fee8c1f87b1,d33aa9d8-43d8-42f3-a391-6de03e160e17,c1,c3,1780,?,i7,
1769449761.4160814,FORWARDED,446dfbe5-43ad-4610-b85a-6fee8c1f87b1,d33aa9d8-43d8-42f3-a391-6de03e160e17,c1,c3,1780,?,i7,
1769449761.4178715,RECEIVED,29e8ed15-a552-4db0-b8f0-6bc4decec517,e775b69a-2578-46eb-b203-2e9fd8c9635c,c2,c1,2447,p2,?,
1769449761.4279122,RECEIVED,bfe5a6d6-3f27-42b6-b7c4-a52228711419,bb7b3d50-4cf9-4ce2-a7fb-997c04e06dcf,c4,c5,2448,p1,?,
1769449761.5175977,SENT,bfe5a6d6-3f27-42b6-b7c4-a52228711419,bb7b3d50-4cf9-4ce2-a7fb-997c04e06dcf,c4,c5,1763,?,i5,
1769449761.517637,FORWARDED,bfe5a6d6-3f27-42b6-b7c4-a52228711419,bb7b3d50-4cf9-4ce2-a7fb-997c04e06dcf,c4,c5,1763,?,i5,
1769449761.5248191,RECEIVED,e1934967-f069-4d18-88a6-cac2a4bfbc1d,9face04b-c691-440e-93ac-c339ed1cfe2c,c4,c5,2451,p1,?,
1769449761.6367056,RECEIVED,e271caa4-3b75-4691-a0d9-7618fb539f3e,59ed4026-38ed-4910-ab55-6f5bc92ce63d,c1,DROP,445,x12,?,
1769449761.8046057,SENT,e1934967-f069-4d18-88a6-cac2a4bfbc1d,9face04b-c691-440e-93ac-c339ed1cfe2c,c4,c5,1767,?,i1,
1769449761.804648,FORWARDED,e1934967-f069-4d18-88a6-cac2a4bfbc1d,9face04b-c691-440e-93ac-c339ed1cfe2c,c4,c5,1767,?,i1,
1769449761.9055142,SENT,0001ee8b-6926-4939-a4b3-ce272ab317f1,fa724b1f-7dda-4d34-be71-5f238aeed520,c4,DROP,1015,?,i2,
1769449761.9055586,FORWARDED,0001ee8b-6926-4939-a4b3-ce272ab317f1,fa724b1f-7dda-4d34-be71-5f238aeed520,c4,DROP,1015,?,i2,
1769449762.0956156,RECEIVED,89079f15-8d90-4182-b19a-e1cf66c205de,b0a4bc5c-34a0-4984-bd56-444c956fb8a1,c4,DROP,1448,p1,?,
1769449762.1350808,RECEIVED,e1f70a67-213f-4fe5-9b97-e2f86a13946a,f0b2648f-66b8-48f0-81d9-d65f6220bae3,c5,DROP,1452,p2,?,
1769449762.1640756,RECEIVED,a8fcc2ab-e2a8-4f43-92d6-61321a122c30,60aa9643-f0f0-47f2-90a1-8064855b13a3,c3,DROP,1453,p3,?,
1769449762.2110627,SENT,a8fcc2ab-e2a8-4f43-92d6-61321a122c30,60aa9643-f0f0-47f2-90a1-8064855b13a3,c3,DROP,1015,?,i3,
1769449762.211104,FORWARDED,a8fcc2ab-e2a8-4f43-92d6-61321a122c30,60aa9643-f0f0-47f2-90a1-8064855b13a3,c3,DROP,1015,?,i3,
1769449762.330108,RECEIVED,030f134b-f9d3-411a-ba29-7afbd9c1ca34,09d3ad5b-a894-42c7-a328-7e4d91d85c42,c4,c5,2460,p1,?,
1769449762.3412764,SENT,e1f70a67-213f-4fe5-9b97-e2f86a13946a,f0b2648f-66b8-48f0-81d9-d65f6220bae3,c5,DROP,1016,?,i5,
1769449762.3413286,FORWARDED,e1f70a67-213f-4fe5-9b97-e2f86a13946a,f0b2648f-66b8-48f0-81d9-d65f6220bae3,c5,DROP,1016,?,i5,
1769449762.370834,SENT,030f134b-f9d3-411a-ba29-7afbd9c1ca34,09d3ad5b-a894-42c7-a328-7e4d91d85c42,c4,c5,1771,?,i6,
1769449762.3708746,FORWARDED,030f134b-f9d3-411a-ba29-7afbd9c1ca34,09d3ad5b-a894-42c7-a328-7e4d91d85c42,c4,c5,1771,?,i6,
1769449762.4819713,RECEIVED,7a755677-8bcf-4204-b03d-6b39d5ab48ea,db5d1cff-7850-43d6-9560-38c64592d362,c2,DROP,1443,p2,?,
1769449762.5669014,SENT,29e8ed15-a552-4db0-b8f0-6bc4decec517,e775b69a-2578-46eb-b203-2e9fd8c9635c,c2,c1,1764,?,i2,
1769449762.5669434,FORWARDED,29e8ed15-a552-4db0-b8f0-6bc4decec517,e775b69a-2578-46eb-b203-2e9fd8c9635c,c2,c1,1764,?,i2,
1769449762.569757,RECEIVED,a0a03979-e4e1-4fed-8466-7b7e50f141b6,28229189-5477-4b15-ab48-8455f82bd8d7,c4,c5,2473,p1,?,
1769449762.6148496,RECEIVED,afcfaaef-37b6-41ae-a6a3-a9149d5155a0,44f52fe0-0757-43eb-88bb-34d3e58c14d1,c2,DROP,1452,p2,?,
1769449762.7982488,RECEIVED,06edced6-9010-498e-a0b0-dbcf6456391a,84dee47f-8063-45a2-92cc-5b8194cec792,c5,DROP,1452,p2,?,
1769449762.8871734,RECEIVED,bf549297-5360-489b-ae86-5597f8af6433,8d329fdd-1528-4c59-b27a-c5d6b8422d59,c5,DROP,1451,p2,?,
1769449763.0102303,RECEIVED,c30d4df5-d0a2-4720-a090-7996f64f620c,af3c7b10-695e-411e-93dc-31360a442963,c2,DROP,1439,p2,?,
1769449763.048169,SENT,a0a03979-e4e1-4fed-8466-7b7e50f141b6,28229189-5477-4b15-ab48-8455f82bd8d7,c4,c5,1781,?,i11,
1769449763.0482097,FORWARDED,a0a03979-e4e1-4fed-8466-7b7e50f141b6,28229189-5477-4b15-ab48-8455f82bd8d7,c4,c5,1781,?,i11,
1769449763.0977814,SENT,afcfaaef-37b6-41ae-a6a3-a9149d5155a0,44f52fe0-0757-43eb-88bb-34d3e58c14d1,c2,DROP,1016,?,i5,
1769449763.0978239,FORWARDED,afcfaaef-37b6-41ae-a6a3-a9149d5155a0,44f52fe0-0757-43eb-88bb-34d3e58c14d1,c2,DROP,1016,?,i5,
1769449763.2044277,RECEIVED,e6d4d30a-d4ef-4710-87b6-3d2c86b0eeb8,0e31ca86-c724-40bf-8dc8-5724bc0cea1b,c5,DROP,1445,p2,?,
1769449763.2172344,SENT,7a755677-8bcf-4204-b03d-6b39d5ab48ea,db5d1cff-7850-43d6-9560-38c64592d362,c2,DROP,1011,?,i3,
1769449763.217275,FORWARDED,7a755677-8bcf-4204-b03d-6b39d5ab48ea,db5d1cff-7850-43d6-9560-38c64592d362,c2,DROP,1011,?,i3,
1769449763.246181,RECEIVED,c51b931d-aba6-419f-8fd9-094689a99343,5041af37-ffa6-4eea-a2a7-4b6eab9687da,c5,c4,2471,p2,?,
1769449763.2525642,SENT,06edced6-9010-498e-a0b0-dbcf6456391a,84dee47f-8063-45a2-92cc-5b8194cec792,c5,DROP,1015,?,i3,
1769449763.2526054,FORWARDED,06edced6-9010-498e-a0b0-dbcf6456391a,84dee47f-8063-45a2-92cc-5b8194cec792,c5,DROP,1015,?,i3,
1769449763.3180192,RECEIVED,d077025f-8b87-4962-b794-1d60d8b147a7,8ed0709e-89ec-4e8d-a81c-8cd442d429ad,c5,c4,2447,p2,?,
1769449763.3301928,RECEIVED,b3f41760-a44a-4ab6-baba-b943a443cc1f,641d82a2-154a-421a-9683-911aa43639b5,c1,c3,2463,p1,?,
1769449763.429753,SENT,e6d4d30a-d4ef-4710-87b6-3d2c86b0eeb8,0e31ca86-c724-40bf-8dc8-5724bc0cea1b,c5,DROP,1011,?,i11,
1769449763.4297931,FORWARDED,e6d4d30a-d4ef-4710-87b6-3d2c86b0eeb8,0e31ca86-c724-40bf-8dc8-5724bc0cea1b,c5,DROP,1011,?,i11,
1769449763.4524484,SENT,b3f41760-a44a-4ab6-baba-b943a443cc1f,641d82a2-154a-421a-9683-911aa43639b5,c1,c3,1776,?,i2,
1769449763.4524837,FORWARDED,b3f41760-a44a-4ab6-baba-b943a443cc1f,641d82a2-154a-421a-9683-911aa43639b5,c1,c3,1776,?,i2,
1769449763.503117,RECEIVED,449dc8c2-a567-48c5-af61-47dcbaf8ea55,e4b1fe4f-6162-41d9-8bc0-fe9f1532dfab,c1,DROP,1447,p1,?,
1769449763.5336664,SENT,89079f15-8d90-4182-b19a-e1cf66c205de,b0a4bc5c-34a0-4984-bd56-444c956fb8a1,c4,DROP,1012,?,i12,
1769449763.5337064,FORWARDED,89079f15-8d90-4182-b19a-e1cf66c205de,b0a4bc5c-34a0-4984-bd56-444c956fb8a1,c4,DROP,1012,?,i12,
1769449763.5665195,RECEIVED,d86249de-f7ee-4b30-8cc8-3101a61b91ce,92b18faa-bd38-4fa9-b6f5-46c8e554f450,c4,DROP,441,x8,?,
1769449763.6276603,SENT,c30d4df5-d0a2-4720-a090-7996f64f620c,af3c7b10-695e-411e-93dc-31360a442963,c2,DROP,1008,?,i2,
1769449763.6276994,FORWARDED,c30d4df5-d0a2-4720-a090-7996f64f620c,af3c7b10-695e-411e-93dc-31360a442963,c2,DROP,1008,?,i2,
1769449763.6628716,RECEIVED,134e9f6a-2300-439b-b0ac-632219eedb14,49ca0fd9-9dba-4182-8d0f-fe3f9b3ea1b9,c3,DROP,445,x12,?,
1769449763.713984,RECEIVED,7e766e76-5f6b-441c-88d5-152c8268fc88,72a1a926-afb8-4e34-9f08-e86fda4a1e8c,c2,DROP,1451,p2,?,
1769449763.756416,SENT,bf549297-5360-489b-ae86-5597f8af6433,8d329fdd-1528-4c59-b27a-c5d6b8422d59,c5,DROP,1017,?,i7,
1769449763.7564578,FORWARDED,bf549297-5360-489b-ae86-5597f8af6433,8d329fdd-1528-4c59-b27a-c5d6b8422d59,c5,DROP,1017,?,i7,
1769449763.792344,RECEIVED,0b26e2c1-7646-47d0-8bdf-852a80300466,1c204dc9-cfb4-4e1e-afe0-7f520c6446dc,c5,DROP,1436,p2,?,
1769449763.819028,RECEIVED,46c222d6-1a51-4c82-9f5d-14bf6e988337,47a53201-4ac5-4baf-b50c-6a6c3b84249c,c2,c1,2459,p2,?,
1769449763.8650424,RECEIVED,7aef2a2e-c14c-433c-93fc-02e500349178,33517ed9-6456-47e5-8c45-ce2f52c00c8f,c5,DROP,1444,p2,?,
1769449763.9781468,SENT,c51b931d-aba6-419f-8fd9-094689a99343,5041af37-ffa6-4eea-a2a7-4b6eab9687da,c5,c4,1781,?,i9,
1769449763.9781857,FORWARDED,c51b931d-aba6-419f-8fd9-094689a99343,5041af37-ffa6-4eea-a2a7-4b6eab9687da,c5,c4,1781,?,i9,
1769449763.987611,SENT,7aef2a2e-c14c-433c-93fc-02e500349178,33517ed9-6456-47e5-8c45-ce2f52c00c8f,c5,DROP,1011,?,i1,
1769449763.9876497,FORWARDED,7aef2a2e-c14c-433c-93fc-02e500349178,33517ed9-6456-47e5-8c45-ce2f52c00c8f,c5,DROP,1011,?,i1,
1769449764.0034716,RECEIVED,25384a1d-ccb7-40d8-85ff-ab704bc28c64,9ffd7ff3-ff0f-4a8a-bf8d-4948beb55331,c3,DROP,441,x3,?,
1769449764.010039,SENT,d077025f-8b87-4962-b794-1d60d8b147a7,8ed0709e-89ec-4e8d-a81c-8cd442d429ad,c5,c4,1764,?,i6,
1769449764.0105193,FORWARDED,d077025f-8b87-4962-b794-1d60d8b147a7,8ed0709e-89ec-4e8d-a81c-8cd442d429ad,c5,c4,1764,?,i6,
1769449764.041996,RECEIVED,33a4e05c-fe9c-4b68-9fe5-22747585c398,5d57d58c-7973-4a10-80da-9a443552e934,c5,DROP,1436,p2,?,
1769449764.0501528,SENT,0b26e2c1-7646-47d0-8bdf-852a80300466,1c204dc9-cfb4-4e1e-afe0-7f520c6446dc,c5,DROP,1004,?,i8,
1769449764.0501928,FORWARDED,0b26e2c1-7646-47d0-8bdf-852a80300466,1c204dc9-cfb4-4e1e-afe0-7f520c6446dc,c5,DROP,1004,?,i8,
1769449764.1251419,SENT,33a4e05c-fe9c-4b68-9fe5-22747585c398,5d57d58c-7973-4a10-80da-9a443552e934,c5,DROP,1003,?,i4,
1769449764.1251833,FORWARDED,33a4e05c-fe9c-4b68-9fe5-22747585c398,5d57d58c-7973-4a10-80da-9a443552e934,c5,DROP,1003,?,i4,
1769449764.134245,SENT,449dc8c2-a567-48c5-af61-47dcbaf8ea55,e4b1fe4f-6162-41d9-8bc0-fe9f1532dfab,c1,DROP,1012,?,i3,
1769449764.1342864,FORWARDED,449dc8c2-a567-48c5-af61-47dcbaf8ea55,e4b1fe4f-6162-41d9-8bc0-fe9f1532dfab,c1,DROP,1012,?,i3,
1769449764.2811854,RECEIVED,a78c4a03-c6b1-4829-820c-a10b9afdc846,768f2214-5861-44ff-91a5-eb1d515b2b1c,c2,c1,2464,p2,?,
1769449764.33575,SENT,a78c4a03-c6b1-4829-820c-a10b9afdc846,768f2214-5861-44ff-91a5-eb1d515b2b1c,c2,c1,1775,?,i1,
1769449764.3357906,FORWARDED,a78c4a03-c6b1-4829-820c-a10b9afdc846,768f2214-5861-44ff-91a5-eb1d515b2b1c,c2,c1,1775,?,i1,
1769449764.379653,RECEIVED,216e81c2-5219-4713-89df-157b93c48b0c,257b569f-0a74-4bcc-ad9f-758b2310df24,c2,DROP,1448,p2,?,
1769449764.40755,RECEIVED,071109fc-94c9-4213-ac32-4c816edc818e,15f43c95-4775-42ac-ad96-91191e8d4ba3,c1,DROP,1443,p1,?,
1769449764.418069,RECEIVED,420b7734-c3d6-4c0a-8bea-2930d2917542,82fa8e5c-1794-49e7-a757-00f995380e9c,c5,c4,2472,p2,?,
1769449764.4220393,SENT,46c222d6-1a51-4c82-9f5d-14bf6e988337,47a53201-4ac5-4baf-b50c-6a6c3b84249c,c2,c1,1771,?,i8,
1769449764.4220877,FORWARDED,46c222d6-1a51-4c82-9f5d-14bf6e988337,47a53201-4ac5-4baf-b50c-6a6c3b84249c,c2,c1,1771,?,i8,
1769449764.4809737,RECEIVED,f4ec9ff0-e045-4508-98b4-482b5d7d9341,0f5dcdaa-7708-4d78-81d7-efcd6ff0b6bf,c3,DROP,1443,p3,?,
1769449764.4972317,SENT,7e766e76-5f6b-441c-88d5-152c8268fc88,72a1a926-afb8-4e34-9f08-e86fda4a1e8c,c2,DROP,1015,?,i4,
1769449764.4972742,FORWARDED,7e766e76-5f6b-441c-88d5-152c8268fc88,72a1a926-afb8-4e34-9f08-e86fda4a1e8c,c2,DROP,1015,?,i4,
1769449764.5392737,RECEIVED,f2b4c432-dd90-4a2e-81f2-24e6c746560b,b38dd4b4-a83e-4c3b-b4cc-01088706ab2a,c2,DROP,1452,p2,?,
1769449764.5872386,SENT,420b7734-c3d6-4c0a-8bea-2930d2917542,82fa8e5c-1794-49e7-a757-00f995380e9c,c5,c4,1782,?,i9,
1769449764.5872815,FORWARDED,420b7734-c3d6-4c0a-8bea-2930d2917542,82fa8e5c-1794-49e7-a757-00f995380e9c,c5,c4,1782,?,i9,
1769449764.683905,SENT,216e81c2-5219-4713-89df-157b93c48b0c,257b569f-0a74-4bcc-ad9f-758b2310df24,c2,DROP,1013,?,i7,
1769449764.683953,FORWARDED,216e81c2-5219-4713-89df-157b93c48b0c,257b569f-0a74-4bcc-ad9f-758b2310df24,c2,DROP,1013,?,i7,
1769449764.8747225,SENT,f2b4c432-dd90-4a2e-81f2-24e6c746560b,b38dd4b4-a83e-4c3b-b4cc-01088706ab2a,c2,DROP,1015,?,i7,
1769449764.874764,FORWARDED,f2b4c432-dd90-4a2e-81f2-24e6c746560b,b38dd4b4-a83e-4c3b-b4cc-01088706ab2a,c2,DROP,1015,?,i7,
1769449764.8985367,RECEIVED,a3a8c5f2-d19f-4ca2-96bf-ec13b85fc294,7dbb8669-d1c0-4fb2-9a2b-883d1bdc4e81,c5,DROP,1441,p2,?,
1769449764.975605,SENT,a3a8c5f2-d19f-4ca2-96bf-ec13b85fc294,7dbb8669-d1c0-4fb2-9a2b-883d1bdc4e81,c5,DROP,1007,?,i9,
1769449764.9756463,FORWARDED,a3a8c5f2-d19f-4ca2-96bf-ec13b85fc294,7dbb8669-d1c0-4fb2-9a2b-883d1bdc4e81,c5,DROP,1007,?,i9,
1769449765.0032856,RECEIVED,8a171be5-82ff-4e84-b199-5feb48c1a52f,f1e0d756-a923-41d8-852e-18ef179291bf,c5,DROP,1452,p2,?,
1769449765.0796587,SENT,f4ec9ff0-e045-4508-98b4-482b5d7d9341,0f5dcdaa-7708-4d78-81d7-efcd6ff0b6bf,c3,DROP,1011,?,i6,
1769449765.079706,FORWARDED,f4ec9ff0-e045-4508-98b4-482b5d7d9341,0f5dcdaa-7708-4d78-81d7-efcd6ff0b6bf,c3,DROP,1011,?,i6,
1769449765.1390345,RECEIVED,6ed28bc2-b1e2-404c-aa54-705b3b9ef111,060285f2-1425-4321-bf14-ef3dc2230cdb,c3,DROP,1440,p3,?,
1769449765.1783168,RECEIVED,d33d3790-6208-40e3-b43e-58e8bfbbc13b,5c9278b0-bc60-48e7-93de-1b985e66adf4,c3,c5,2455,p3,?,
1769449765.1854694,SENT,071109fc-94c9-4213-ac32-4c816edc818e,15f43c95-4775-42ac-ad96-91191e8d4ba3,c1,DROP,1009,?,i7,
1769449765.1855114,FORWARDED,071109fc-94c9-4213-ac32-4c816edc818e,15f43c95-4775-42ac-ad96-91191e8d4ba3,c1,DROP,1009,?,i7,
1769449765.2381997,RECEIVED,5f4a9fc8-10d4-4091-a671-1bac6053bc42,a987ed5c-fbe1-442d-be70-5215cc341184,c4,c5,2463,p1,?,
1769449765.3122225,RECEIVED,7ceca48e-13f2-42f3-8d00-9d445d2dffb3,80276e74-8fd6-44dc-a860-6f4db110955b,c3,c5,2477,p3,?,
1769449765.432958,RECEIVED,5d214c8a-84bf-488a-9607-9efc2b68cc8e,5cbbb638-be99-45e5-b45b-7a3ae4d1e1a7,c1,DROP,441,x5,?,
1769449765.451975,RECEIVED,87985aeb-13a3-4389-9827-efe82a1bf47a,2fa724b8-8215-41e1-9b60-bd7137726c94,c4,c5,2464,p1,?,
1769449765.490721,SENT,8a171be5-82ff-4e84-b199-5feb48c1a52f,f1e0d756-a923-41d8-852e-18ef179291bf,c5,DROP,1015,?,i9,
1769449765.490763,FORWARDED,8a171be5-82ff-4e84-b199-5feb48c1a52f,f1e0d756-a923-41d8-852e-18ef179291bf,c5,DROP,1015,?,i9,
1769449765.5262697,SENT,6ed28bc2-b1e2-404c-aa54-705b3b9ef111,060285f2-1425-4321-bf14-ef3dc2230cdb,c3,DROP,1007,?,i5,
1769449765.5263116,FORWARDED,6ed28bc2-b1e2-404c-aa54-705b3b9ef111,060285f2-1425-4321-bf14-ef3dc2230cdb,c3,DROP,1007,?,i5,
1769449765.570555,SENT,87985aeb-13a3-4389-9827-efe82a1bf47a,2fa724b8-8215-41e1-9b60-bd7137726c94,c4,c5,1775,?,i8,
1769449765.5705993,FORWARDED,87985aeb-13a3-4389-9827-efe82a1bf47a,2fa724b8-8215-41e1-9b60-bd7137726c94,c4,c5,1775,?,i8,
1769449765.632244,RECEIVED,6cdbe557-ab73-441e-ad27-b742a2f88a18,9124a7d8-260e-4c70-a7ea-b702015f6be0,c2,c1,2464,p2,?,
1769449765.6401718,SENT,5f4a9fc8-10d4-4091-a671-1bac6053bc42,a987ed5c-fbe1-442d-be70-5215cc341184,c4,c5,1775,?,i3,
1769449765.6402154,FORWARDED,5f4a9fc8-10d4-4091-a671-1bac6053bc42,a987ed5c-fbe1-442d-be70-5215cc341184,c4,c5,1775,?,i3,
1769449765.7232077,SENT,7ceca48e-13f2-42f3-8d00-9d445d2dffb3,80276e74-8fd6-44dc-a860-6f4db110955b,c3,c5,1783,?,i10,
1769449765.7232513,FORWARDED,7ceca48e-13f2-42f3-8d00-9d445d2dffb3,80276e74-8fd6-44dc-a860-6f4db110955b,c3,c5,1783,?,i10,
1769449765.7664087,SENT,6cdbe557-ab73-441e-ad27-b742a2f88a18,9124a7d8-260e-4c70-a7ea-b702015f6be0,c2,c1,1775,?,i1,
1769449765.766449,FORWARDED,6cdbe557-ab73-441e-ad27-b742a2f88a18,9124a7d8-260e-4c70-a7ea-b702015f6be0,c2,c1,1775,?,i1,
1769449765.801979,RECEIVED,9e4b8f54-15eb-4a35-8392-73a6af9098f0,52be1f2c-aff5-4f46-b6aa-e360175b86cd,c5,DROP,1435,p2,?,
1769449765.9909754,RECEIVED,9f45235f-e136-460e-b152-1587bfbb01e1,13d6f258-a0b7-4221-86fc-8809f2a18a04,c2,DROP,1466,p2,?,
1769449766.035464,SENT,9f45235f-e136-460e-b152-1587bfbb01e1,13d6f258-a0b7-4221-86fc-8809f2a18a04,c2,DROP,1024,?,i12,
1769449766.035506,FORWARDED,9f45235f-e136-460e-b152-1587bfbb01e1,13d6f258-a0b7-4221-86fc-8809f2a18a04,c2,DROP,1024,?,i12,
1769449766.2883413,RECEIVED,89930b4e-352a-4b37-bd09-f2a871dc85eb,f17a7745-e306-49f1-956e-8a6320cb9429,c1,c3,2465,p1,?,
1769449766.3377297,SENT,89930b4e-352a-4b37-bd09-f2a871dc85eb,f17a7745-e306-49f1-956e-8a6320cb9429,c1,c3,1775,?,i6,
1769449766.3377714,FORWARDED,89930b4e-352a-4b37-bd09-f2a871dc85eb,f17a7745-e306-49f1-956e-8a6320cb9429,c1,c3,1775,?,i6,
1769449766.4021313,RECEIVED,c2c0c490-54ba-4ff7-ac01-947b48a04b05,55678664-48bc-4c7b-87d8-605e9386836b,c5,DROP,1451,p2,?,
1769449766.4097095,RECEIVED,d9932639-3387-4ee8-b625-2405d643320d,6f738535-dbe6-486f-ae5f-89f2f5df1429,c1,c3,2467,p1,?,
1769449766.4152477,RECEIVED,27e5d990-8660-4505-b531-abf630ff07de,23a51f22-afd7-49bd-99ac-5192b5df9360,c2,DROP,1438,p2,?,
1769449766.4226847,SENT,d33d3790-6208-40e3-b43e-58e8bfbbc13b,5c9278b0-bc60-48e7-93de-1b985e66adf4,c3,c5,1769,?,i4,
1769449766.422727,FORWARDED,d33d3790-6208-40e3-b43e-58e8bfbbc13b,5c9278b0-bc60-48e7-93de-1b985e66adf4,c3,c5,1769,?,i4,
1769449766.475392,RECEIVED,23433180-9fdc-41fa-b837-1b2a74c2a9a1,177a9f06-874f-4822-987d-d347516771fc,c2,DROP,1450,p2,?,
1769449766.4869041,RECEIVED,8fae5b80-3b31-48f4-aec7-88bb5d6eafc5,392cc338-6c1e-4ad0-aa74-f670ae5b6df1,c1,c3,2448,p1,?,
1769449766.5326803,SENT,8fae5b80-3b31-48f4-aec7-88bb5d6eafc5,392cc338-6c1e-4ad0-aa74-f670ae5b6df1,c1,c3,1763,?,i8,
1769449766.5327196,FORWARDED,8fae5b80-3b31-48f4-aec7-88bb5d6eafc5,392cc338-6c1e-4ad0-aa74-f670ae5b6df1,c1,c3,1763,?,i8,
1769449766.6893606,RECEIVED,141e9b71-5c28-4e67-b6d5-77f7ecd624e6,3e6172e2-eafb-47f3-9008-79b00c0352d5,c4,DROP,1456,p1,?,
1769449766.6951184,RECEIVED,c078d53a-2566-420d-800f-a904dd7bb4e3,9a003985-a7c5-4fdd-befa-ae7d80f14abe,c2,DROP,1439,p2,?,
1769449766.8126504,RECEIVED,2d494285-9647-4be8-8c8f-f5c21fde6292,1bff2d15-1d24-40a1-9502-ef75d60206fc,c3,DROP,1449,p3,?,
1769449766.8381336,SENT,2d494285-9647-4be8-8c8f-f5c21fde6292,1bff2d15-1d24-40a1-9502-ef75d60206fc,c3,DROP,1012,?,i2,
1769449766.8381705,FORWARDED,2d494285-9647-4be8-8c8f-f5c21fde6292,1bff2d15-1d24-40a1-9502-ef75d60206fc,c3,DROP,1012,?,i2,
1769449766.9201777,RECEIVED,9fd45e03-b804-497e-a43b-66b8f5965206,021128e8-b6b3-4291-b7ef-3da47ae54c7b,c4,DROP,1439,p1,?,
1769449766.932146,SENT,c078d53a-2566-420d-800f-a904dd7bb4e3,9a003985-a7c5-4fdd-befa-ae7d80f14abe,c2,DROP,1007,?,i9,
1769449766.9321852,FORWARDED,c078d53a-2566-420d-800f-a904dd7bb4e3,9a003985-a7c5-4fdd-befa-ae7d80f14abe,c2,DROP,1007,?,i9,
1769449766.9711418,SENT,9e4b8f54-15eb-4a35-8392-73a6af9098f0,52be1f2c-aff5-4f46-b6aa-e360175b86cd,c5,DROP,1003,?,i3,
1769449766.9711883,FORWARDED,9e4b8f54-15eb-4a35-8392-73a6af9098f0,52be1f2c-aff5-4f46-b6aa-e360175b86cd,c5,DROP,1003,?,i3,
1769449767.033999,SENT,d9932639-3387-4ee8-b625-2405d643320d,6f738535-dbe6-486f-ae5f-89f2f5df1429,c1,c3,1779,?,i8,
1769449767.0340393,FORWARDED,d9932639-3387-4ee8-b625-2405d643320d,6f738535-dbe6-486f-ae5f-89f2f5df1429,c1,c3,1779,?,i8,
1769449767.156724,RECEIVED,b042d7e9-e063-4720-a4c0-ecdbacf52f1e,251db9d1-6b3e-4aed-9e1e-702bdeb16832,c2,c1,2475,p2,?,
1769449767.1731787,RECEIVED,ce9d2f8d-0f52-49f9-ae75-d8cae3a4659e,5e79d0a9-c7b5-42b9-816e-8cb1f5512236,c4,DROP,1444,p1,?,
1769449767.2448924,RECEIVED,448a3986-a39c-4aee-9c90-382c6c482e55,df251738-4e07-4bc7-a10d-bc55fc3944be,c2,DROP,1459,p2,?,
1769449767.3497336,RECEIVED,8e0aecbc-107a-4151-bdf8-837e2b67f672,9109a347-79fe-47c3-a064-4d39c62c755a,c2,DROP,1460,p2,?,
1769449767.378796,RECEIVED,83063d2e-e215-40da-b723-10f6402280fa,1dace290-342c-417d-ad55-9958ceba8134,c3,c5,2467,p3,?,
1769449767.4256053,SENT,ce9d2f8d-0f52-49f9-ae75-d8cae3a4659e,5e79d0a9-c7b5-42b9-816e-8cb1f5512236,c4,DROP,1011,?,i5,
1769449767.4256468,FORWARDED,ce9d2f8d-0f52-49f9-ae75-d8cae3a4659e,5e79d0a9-c7b5-42b9-816e-8cb1f5512236,c4,DROP,1011,?,i5,
1769449767.4367847,SENT,8e0aecbc-107a-4151-bdf8-837e2b67f672,9109a347-79fe-47c3-a064-4d39c62c755a,c2,DROP,1021,?,i1,
1769449767.4368284,FORWARDED,8e0aecbc-107a-4151-bdf8-837e2b67f672,9109a347-79fe-47c3-a064-4d39c62c755a,c2,DROP,1021,?,i1,
1769449767.4654577,SENT,448a3986-a39c-4aee-9c90-382c6c482e55,df251738-4e07-4bc7-a10d-bc55fc3944be,c2,DROP,1021,?,i7,
1769449767.4654987,FORWARDED,448a3986-a39c-4aee-9c90-382c6c482e55,df251738-4e07-4bc7-a10d-bc55fc3944be,c2,DROP,1021,?,i7,
1769449767.4721558,RECEIVED,4196f416-ebd0-48ff-9515-b8f47359b2c2,f634e247-22b8-4d2f-992b-532d8b645647,c4,DROP,1443,p1,?,
1769449767.5204444,SENT,9fd45e03-b804-497e-a43b-66b8f5965206,021128e8-b6b3-4291-b7ef-3da47ae54c7b,c4,DROP,1008,?,i5,
1769449767.520479,FORWARDED,9fd45e03-b804-497e-a43b-66b8f5965206,021128e8-b6b3-4291-b7ef-3da47ae54c7b,c4,DROP,1008,?,i5,
1769449767.542738,RECEIVED,0cd51d14-4838-4339-98c5-7bb610c26e8c,51c24239-6ad2-4b73-8473-89063b20af39,c2,c1,2448,p2,?,
1769449767.667204,RECEIVED,126e5777-1586-4a04-8460-20377b5964cc,805d7f3d-0560-4f30-8b73-a12ce20eb287,c4,DROP,441,x5,?,
1769449767.7273166,RECEIVED,4921de49-88b4-40cc-bd27-9f714a518b44,aa259ada-54e4-4e20-91b5-c37724f14a10,c1,c3,2463,p1,?,
1769449767.7873704,RECEIVED,ae6b3646-b6c0-4bdd-80f7-72ed86595bc7,22dfc17f-333b-4d53-afcf-1690ddaa5bb5,c3,DROP,442,x4,?,
1769449767.838785,SENT,27e5d990-8660-4505-b531-abf630ff07de,23a51f22-afd7-49bd-99ac-5192b5df9360,c2,DROP,1007,?,i3,
1769449767.838826,FORWARDED,27e5d990-8660-4505-b531-abf630ff07de,23a51f22-afd7-49bd-99ac-5192b5df9360,c2,DROP,1007,?,i3,
1769449767.8642929,RECEIVED,1d13fd32-7e9b-49c9-9a7b-5d863da4bb6b,2d6eeeb3-7611-4321-b8b3-8eb15f47ff41,c5,c4,2459,p2,?,
1769449767.8782492,RECEIVED,dfc5b407-b664-49f4-ac5b-12595a87f611,0e26e9d2-609e-4c6d-a26e-6b04a04f4654,c5,DROP,1449,p2,?,
1769449767.965856,SENT,0cd51d14-4838-4339-98c5-7bb610c26e8c,51c24239-6ad2-4b73-8473-89063b20af39,c2,c1,1764,?,i9,
1769449767.965899,FORWARDED,0cd51d14-4838-4339-98c5-7bb610c26e8c,51c24239-6ad2-4b73-8473-89063b20af39,c2,c1,1764,?,i9,
1769449767.9975848,SENT,141e9b71-5c28-4e67-b6d5-77f7ecd624e6,3e6172e2-eafb-47f3-9008-79b00c0352d5,c4,DROP,1020,?,i10,
1769449767.997626,FORWARDED,141e9b71-5c28-4e67-b6d5-77f7ecd624e6,3e6172e2-eafb-47f3-9008-79b00c0352d5,c4,DROP,1020,?,i10,
1769449768.045184,SENT,c2c0c490-54ba-4ff7-ac01-947b48a04b05,55678664-48bc-4c7b-87d8-605e9386836b,c5,DROP,1016,?,i6,
1769449768.045226,FORWARDED,c2c0c490-54ba-4ff7-ac01-947b48a04b05,55678664-48bc-4c7b-87d8-605e9386836b,c5,DROP,1016,?,i6,
1769449768.0463288,RECEIVED,feb921be-f6eb-4731-8184-d2c4cf23f8a8,50091d55-987a-4dea-a18a-1e0073e164c2,c3,DROP,1443,p3,?,
1769449768.0856347,SENT,dfc5b407-b664-49f4-ac5b-12595a87f611,0e26e9d2-609e-4c6d-a26e-6b04a04f4654,c5,DROP,1014,?,i12,
1769449768.085675,FORWARDED,dfc5b407-b664-49f4-ac5b-12595a87f611,0e26e9d2-609e-4c6d-a26e-6b04a04f4654,c5,DROP,1014,?,i12,
1769449768.1139448,SENT,b042d7e9-e063-4720-a4c0-ecdbacf52f1e,251db9d1-6b3e-4aed-9e1e-702bdeb16832,c2,c1,1784,?,i6,
1769449768.1139853,FORWARDED,b042d7e9-e063-4720-a4c0-ecdbacf52f1e,251db9d1-6b3e-4aed-9e1e-702bdeb16832,c2,c1,1784,?,i6,
1769449768.255143,SENT,83063d2e-e215-40da-b723-10f6402280fa,1dace290-342c-417d-ad55-9958ceba8134,c3,c5,1777,?,i4,
1769449768.255182,FORWARDED,83063d2e-e215-40da-b723-10f6402280fa,1dace290-342c-417d-ad55-9958ceba8134,c3,c5,1777,?,i4,
1769449768.317188,RECEIVED,b0ed4ccf-c5b9-4cb9-ad6b-78f2f43ebdc1,c1cccdc0-a8c6-4123-a83a-f677b7bf61d2,c4,DROP,1441,p1,?,
1769449768.3723376,SENT,b0ed4ccf-c5b9-4cb9-ad6b-78f2f43ebdc1,c1cccdc0-a8c6-4123-a83a-f677b7bf61d2,c4,DROP,1007,?,i1,
1769449768.3723795,FORWARDED,b0ed4ccf-c5b9-4cb9-ad6b-78f2f43ebdc1,c1cccdc0-a8c6-4123-a83a-f677b7bf61d2,c4,DROP,1007,?,i1,
1769449768.4394836,SENT,feb921be-f6eb-4731-8184-d2c4cf23f8a8,50091d55-987a-4dea-a18a-1e0073e164c2,c3,DROP,1011,?,i3,
1769449768.4395263,FORWARDED,feb921be-f6eb-4731-8184-d2c4cf23f8a8,50091d55-987a-4dea-a18a-1e0073e164c2,c3,DROP,1011,?,i3,
1769449768.511735,SENT,4921de49-88b4-40cc-bd27-9f714a518b44,aa259ada-54e4-4e20-91b5-c37724f14a10,c1,c3,1776,?,i7,
1769449768.5117786,FORWARDED,4921de49-88b4-40cc-bd27-9f714a518b44,aa259ada-54e4-4e20-91b5-c37724f14a10,c1,c3,1776,?,i7,
1769449768.6403944,RECEIVED,e2d4be19-6390-4122-b0ae-85dafe35c83e,ee71f542-0e0e-4ea9-b9dd-fab29b657b7a,c1,DROP,1448,p1,?,
1769449768.7896771,SENT,e2d4be19-6390-4122-b0ae-85dafe35c83e,ee71f542-0e0e-4ea9-b9dd-fab29b657b7a,c1,DROP,1012,?,i7,
1769449768.7897165,FORWARDED,e2d4be19-6390-4122-b0ae-85dafe35c83e,ee71f542-0e0e-4ea9-b9dd-fab29b657b7a,c1,DROP,1012,?,i7,
1769449768.9141843,SENT,23433180-9fdc-41fa-b837-1b2a74c2a9a1,177a9f06-874f-4822-987d-d347516771fc,c2,DROP,1016,?,i1,
1769449768.914228,FORWARDED,23433180-9fdc-41fa-b837-1b2a74c2a9a1,177a9f06-874f-4822-987d-d347516771fc,c2,DROP,1016,?,i1,
1769449769.0207286,SENT,4196f416-ebd0-48ff-9515-b8f47359b2c2,f634e247-22b8-4d2f-992b-532d8b645647,c4,DROP,1009,?,i8,
1769449769.020768,FORWARDED,4196f416-ebd0-48ff-9515-b8f47359b2c2,f634e247-22b8-4d2f-992b-532d8b645647,c4,DROP,1009,?,i8,
1769449769.1128,RECEIVED,a1af0a7e-de27-4871-b604-5b70837c0492,b1cea802-f133-4acb-aeae-a1681d76f3d0,c1,DROP,1449,p1,?,
1769449769.117932,RECEIVED,c63c7728-4d07-4fbd-ab09-725783b16511,8628c15e-df95-4d45-aed3-8216187db240,c2,c1,2459,p2,?,
1769449769.1713486,SENT,a1af0a7e-de27-4871-b604-5b70837c0492,b1cea802-f133-4acb-aeae-a1681d76f3d0,c1,DROP,1012,?,i3,
1769449769.1713917,FORWARDED,a1af0a7e-de27-4871-b604-5b70837c0492,b1cea802-f133-4acb-aeae-a1681d76f3d0,c1,DROP,1012,?,i3,
1769449769.2957926,SENT,1d13fd32-7e9b-49c9-9a7b-5d863da4bb6b,2d6eeeb3-7611-4321-b8b3-8eb15f47ff41,c5,c4,1773,?,i11,
1769449769.2958283,FORWARDED,1d13fd32-7e9b-49c9-9a7b-5d863da4bb6b,2d6eeeb3-7611-4321-b8b3-8eb15f47ff41,c5,c4,1773,?,i11,
1769449769.4699109,RECEIVED,4834ccc4-e4fb-4394-8c99-59d895d572cc,07205cff-055d-418b-a9b9-d1dfbf13f9e3,c1,c3,2456,p1,?,
1769449769.6938078,SENT,4834ccc4-e4fb-4394-8c99-59d895d572cc,07205cff-055d-418b-a9b9-d1dfbf13f9e3,c1,c3,1768,?,i6,
1769449769.6938486,FORWARDED,4834ccc4-e4fb-4394-8c99-59d895d572cc,07205cff-055d-418b-a9b9-d1dfbf13f9e3,c1,c3,1768,?,i6,
1769449769.7819424,RECEIVED,d96edaec-a0ed-4bcb-9a11-81ddbcd56ba6,9e615db1-a549-4aa3-aefd-b0ab8038c2a5,c1,DROP,1456,p1,?,
1769449769.8071237,RECEIVED,1455bc29-766a-4fa2-a270-b88ffb49be9a,65a16cb4-b87e-466f-a7ef-764ef74588fb,c4,DROP,1430,p1,?,
1769449769.8724964,RECEIVED,6cde53fe-d240-4e2a-b48f-96cb80617e10,a582438a-97c3-40de-b4ba-e1cf934f3282,c2,c1,2468,p2,?,
1769449769.8889089,SENT,d96edaec-a0ed-4bcb-9a11-81ddbcd56ba6,9e615db1-a549-4aa3-aefd-b0ab8038c2a5,c1,DROP,1020,?,i8,
1769449769.888948,FORWARDED,d96edaec-a0ed-4bcb-9a11-81ddbcd56ba6,9e615db1-a549-4aa3-aefd-b0ab8038c2a5,c1,DROP,1020,?,i8,
1769449769.913517,RECEIVED,98883624-a7e1-451e-9ee2-784392733032,3573ae35-99a8-4d0b-a534-0e0c0ca4b6c0,c5,DROP,1444,p2,?,
1769449769.9150357,RECEIVED,5c6b6fad-70e9-4afc-a614-19bae8c4687b,fceeb14a-69d5-4d42-be9e-099ab9561439,c4,c5,2475,p1,?,
1769449769.9746737,RECEIVED,f089ef22-7df7-44ea-b43a-00fb6e533dd3,9235d991-f733-473e-b71f-7ba890a93712,c2,DROP,1442,p2,?,
1769449769.9911406,SENT,f089ef22-7df7-44ea-b43a-00fb6e533dd3,9235d991-f733-473e-b71f-7ba890a93712,c2,DROP,1007,?,i8,
1769449769.9911828,FORWARDED,f089ef22-7df7-44ea-b43a-00fb6e533dd3,9235d991-f733-473e-b71f-7ba890a93712,c2,DROP,1007,?,i8,
1769449770.036619,SENT,6cde53fe-d240-4e2a-b48f-96cb80617e10,a582438a-97c3-40de-b4ba-e1cf934f3282,c2,c1,1779,?,i3,
1769449770.036717,FORWARDED,6cde53fe-d240-4e2a-b48f-96cb80617e10,a582438a-97c3-40de-b4ba-e1cf934f3282,c2,c1,1779,?,i3,
1769449770.173975,SENT,c63c7728-4d07-4fbd-ab09-725783b16511,8628c15e-df95-4d45-aed3-8216187db240,c2,c1,1773,?,i9,
1769449770.1740153,FORWARDED,c63c7728-4d07-4fbd-ab09-725783b16511,8628c15e-df95-4d45-aed3-8216187db240,c2,c1,1773,?,i9,
1769449770.225317,RECEIVED,7133eb5d-2b7d-448f-be8c-6c85b13d6c3e,cea38351-4500-433b-86be-e3a2e46ab295,c1,DROP,1441,p1,?,
1769449770.2557545,SENT,5c6b6fad-70e9-4afc-a614-19bae8c4687b,fceeb14a-69d5-4d42-be9e-099ab9561439,c4,c5,1783,?,i7,
1769449770.2557938,FORWARDED,5c6b6fad-70e9-4afc-a614-19bae8c4687b,fceeb14a-69d5-4d42-be9e-099ab9561439,c4,c5,1783,?,i7,
1769449770.2630155,SENT,7133eb5d-2b7d-448f-be8c-6c85b13d6c3e,cea38351-4500-433b-86be-e3a2e46ab295,c1,DROP,1006,?,i7,
1769449770.2630641,FORWARDED,7133eb5d-2b7d-448f-be8c-6c85b13d6c3e,cea38351-4500-433b-86be-e3a2e46ab295,c1,DROP,1006,?,i7,
1769449770.2864108,RECEIVED,2152f6d5-74cd-4839-9241-e588e4233bab,bbd37c0a-657a-4afb-96b0-43f9a7950ce4,c1,DROP,1440,p1,?,
1769449770.3901007,SENT,98883624-a7e1-451e-9ee2-784392733032,3573ae35-99a8-4d0b-a534-0e0c0ca4b6c0,c5,DROP,1011,?,i12,
1769449770.3901443,FORWARDED,98883624-a7e1-451e-9ee2-784392733032,3573ae35-99a8-4d0b-a534-0e0c0ca4b6c0,c5,DROP,1011,?,i12,
1769449770.406352,SENT,2152f6d5-74cd-4839-9241-e588e4233bab,bbd37c0a-657a-4afb-96b0-43f9a7950ce4,c1,DROP,1007,?,i9,
1769449770.4063933,FORWARDED,2152f6d5-74cd-4839-9241-e588e4233bab,bbd37c0a-657a-4afb-96b0-43f9a7950ce4,c1,DROP,1007,?,i9,
1769449770.9223473,RECEIVED,470fae88-5dbd-4a12-a46a-9beefa002154,cdadfc0b-d8dc-4f2a-b9e3-f24ef31c959e,c5,DROP,1452,p2,?,
1769449770.9612825,RECEIVED,e4ba92c3-fd8b-4b02-9ef4-c33abb549f92,6ac30589-3d19-4f23-a26c-94ac8e431fc3,c4,DROP,1439,p1,?,
1769449771.0004027,RECEIVED,db779f5d-eef7-4b20-913c-5b258ea02aa9,ecef6ff4-7762-4ebe-ae9b-9c40945292ff,c5,DROP,1440,p2,?,
1769449771.0398958,RECEIVED,e1482704-c640-407d-a5e9-cb0fbf15c59c,b4905788-027e-4214-ba19-3b8547285251,c4,c5,2464,p1,?,
1769449771.0920928,RECEIVED,a60cdbad-9074-4ca7-b987-624f6cdad4d7,7c449575-c766-4f25-a5cb-f33341df25ed,c2,DROP,444,x11,?,
1769449771.1061418,RECEIVED,eef791a5-20d8-4948-8c00-11d89ae96679,3b3bdbca-23fd-4aef-a791-ff3cd6b20acf,c1,c3,2468,p1,?,
1769449771.1306314,RECEIVED,864e4854-2a08-42c6-82db-813c52b5647e,af8c1b62-db5f-47d8-9242-912a7c3038f8,c4,c5,2470,p1,?,
1769449771.1585963,SENT,db779f5d-eef7-4b20-913c-5b258ea02aa9,ecef6ff4-7762-4ebe-ae9b-9c40945292ff,c5,DROP,1008,?,i1,
1769449771.158638,FORWARDED,db779f5d-eef7-4b20-913c-5b258ea02aa9,ecef6ff4-7762-4ebe-ae9b-9c40945292ff,c5,DROP,1008,?,i1,
1769449771.165838,SENT,470fae88-5dbd-4a12-a46a-9beefa002154,cdadfc0b-d8dc-4f2a-b9e3-f24ef31c959e,c5,DROP,1015,?,i6,
1769449771.165878,FORWARDED,470fae88-5dbd-4a12-a46a-9beefa002154,cdadfc0b-d8dc-4f2a-b9e3-f24ef31c959e,c5,DROP,1015,?,i6,
1769449771.2733397,SENT,e1482704-c640-407d-a5e9-cb0fbf15c59c,b4905788-027e-4214-ba19-3b8547285251,c4,c5,1775,?,i8,
1769449771.2733765,FORWARDED,e1482704-c640-407d-a5e9-cb0fbf15c59c,b4905788-027e-4214-ba19-3b8547285251,c4,c5,1775,?,i8,
1769449771.2833784,RECEIVED,71777a95-4695-48ab-88ab-91421166a378,f0847ace-cd3f-4d8c-b8c2-4e880869a8c8,c1,c3,2462,p1,?,
1769449771.3298142,RECEIVED,4610d624-cc9b-43b6-87b7-5decaf97d734,f5f58c47-1f23-438b-858b-39c3acf64155,c1,DROP,1443,p1,?,
1769449771.4028819,SENT,4610d624-cc9b-43b6-87b7-5decaf97d734,f5f58c47-1f23-438b-858b-39c3acf64155,c1,DROP,1011,?,i5,
1769449771.4029205,FORWARDED,4610d624-cc9b-43b6-87b7-5decaf97d734,f5f58c47-1f23-438b-858b-39c3acf64155,c1,DROP,1011,?,i5,
1769449771.4142218,RECEIVED,11162d08-8c90-449b-a739-dccb6b0fd059,c151acd8-1615-4c6f-bcfd-4764549700db,c2,DROP,1441,p2,?,
1769449771.480689,SENT,e4ba92c3-fd8b-4b02-9ef4-c33abb549f92,6ac30589-3d19-4f23-a26c-94ac8e431fc3,c4,DROP,1006,?,i12,
1769449771.4808042,FORWARDED,e4ba92c3-fd8b-4b02-9ef4-c33abb549f92,6ac30589-3d19-4f23-a26c-94ac8e431fc3,c4,DROP,1006,?,i12,
1769449771.4896262,SENT,1455bc29-766a-4fa2-a270-b88ffb49be9a,65a16cb4-b87e-466f-a7ef-764ef74588fb,c4,DROP,1002,?,i7,
1769449771.4896693,FORWARDED,1455bc29-766a-4fa2-a270-b88ffb49be9a,65a16cb4-b87e-466f-a7ef-764ef74588fb,c4,DROP,1002,?,i7,
1769449771.568064,SENT,11162d08-8c90-449b-a739-dccb6b0fd059,c151acd8-1615-4c6f-bcfd-4764549700db,c2,DROP,1007,?,i11,
1769449771.5681062,FORWARDED,11162d08-8c90-449b-a739-dccb6b0fd059,c151acd8-1615-4c6f-bcfd-4764549700db,c2,DROP,1007,?,i11,
1769449771.9390259,SENT,864e4854-2a08-42c6-82db-813c52b5647e,af8c1b62-db5f-47d8-9242-912a7c3038f8,c4,c5,1780,?,i2,
1769449771.9390767,FORWARDED,864e4854-2a08-42c6-82db-813c52b5647e,af8c1b62-db5f-47d8-9242-912a7c3038f8,c4,c5,1780,?,i2,
1769449772.1299193,RECEIVED,1e0312be-b294-465b-96a1-01442126cb23,42795194-1d10-46c1-a495-b8357f35be59,c5,DROP,1443,p2,?,
1769449772.2122176,SENT,eef791a5-20d8-4948-8c00-11d89ae96679,3b3bdbca-23fd-4aef-a791-ff3cd6b20acf,c1,c3,1779,?,i12,
1769449772.2122548,FORWARDED,eef791a5-20d8-4948-8c00-11d89ae96679,3b3bdbca-23fd-4aef-a791-ff3cd6b20acf,c1,c3,1779,?,i12,
1769449772.7020898,RECEIVED,9f865a51-bc31-4c1e-bd8f-6d24568cbb35,b5beb511-6da8-430a-9f5f-e406fb974f59,c2,DROP,1440,p2,?,
1769449772.7238379,RECEIVED,30dc4fae-3ec4-4c0c-bb78-223bb908c7b1,97ff70eb-0594-4674-b225-433ff15f6bb3,c4,c5,2467,p1,?,
1769449772.9921267,SENT,9f865a51-bc31-4c1e-bd8f-6d24568cbb35,b5beb511-6da8-430a-9f5f-e406fb974f59,c2,DROP,1008,?,i12,
1769449772.99218,FORWARDED,9f865a51-bc31-4c1e-bd8f-6d24568cbb35,b5beb511-6da8-430a-9f5f-e406fb974f59,c2,DROP,1008,?,i12,
1769449773.0878887,RECEIVED,4082b6f9-8c26-40a5-80a2-89d4afb0a016,120fab03-4dda-4ffd-b957-e89d04909a4a,c5,DROP,1440,p2,?,
1769449773.127441,SENT,1e0312be-b294-465b-96a1-01442126cb23,42795194-1d10-46c1-a495-b8357f35be59,c5,DROP,1009,?,i8,
1769449773.1274817,FORWARDED,1e0312be-b294-465b-96a1-01442126cb23,42795194-1d10-46c1-a495-b8357f35be59,c5,DROP,1009,?,i8,
1769449773.20456,SENT,4082b6f9-8c26-40a5-80a2-89d4afb0a016,120fab03-4dda-4ffd-b957-e89d04909a4a,c5,DROP,1007,?,i4,
1769449773.2046046,FORWARDED,4082b6f9-8c26-40a5-80a2-89d4afb0a016,120fab03-4dda-4ffd-b957-e89d04909a4a,c5,DROP,1007,?,i4,
1769449773.2493007,SENT,30dc4fae-3ec4-4c0c-bb78-223bb908c7b1,97ff70eb-0594-4674-b225-433ff15f6bb3,c4,c5,1777,?,i1,
1769449773.2493436,FORWARDED,30dc4fae-3ec4-4c0c-bb78-223bb908c7b1,97ff70eb-0594-4674-b225-433ff15f6bb3,c4,c5,1777,?,i1,
1769449773.500566,SENT,71777a95-4695-48ab-88ab-91421166a378,f0847ace-cd3f-4d8c-b8c2-4e880869a8c8,c1,c3,1776,?,i8,
1769449773.5006025,FORWARDED,71777a95-4695-48ab-88ab-91421166a378,f0847ace-cd3f-4d8c-b8c2-4e880869a8c8,c1,c3,1776,?,i8,
1769449773.5717337,RECEIVED,cca0054d-3eb3-4d35-a78d-98960f3b03ae,b19dd549-eff1-40f1-b6e1-f558f2dcb963,c2,DROP,1443,p2,?,
1769449773.6555007,RECEIVED,3128b56b-2541-420c-8748-50062992270a,bf737277-3c40-40e6-98c7-0b593dc4fcd3,c5,c4,2449,p2,?,
1769449773.6867926,SENT,3128b56b-2541-420c-8748-50062992270a,bf737277-3c40-40e6-98c7-0b593dc4fcd3,c5,c4,1764,?,i9,
1769449773.6868353,FORWARDED,3128b56b-2541-420c-8748-50062992270a,bf737277-3c40-40e6-98c7-0b593dc4fcd3,c5,c4,1764,?,i9,
1769449773.7087684,SENT,cca0054d-3eb3-4d35-a78d-98960f3b03ae,b19dd549-eff1-40f1-b6e1-f558f2dcb963,c2,DROP,1011,?,i3,
1769449773.7088122,FORWARDED,cca0054d-3eb3-4d35-a78d-98960f3b03ae,b19dd549-eff1-40f1-b6e1-f558f2dcb963,c2,DROP,1011,?,i3,
1769449773.83685,RECEIVED,084edc1d-4d40-4e43-8bc7-ee28081b4a95,b3dabd03-9c1e-4e20-948d-d965fe81832b,c4,c5,2477,p1,?,
1769449773.8536162,SENT,084edc1d-4d40-4e43-8bc7-ee28081b4a95,b3dabd03-9c1e-4e20-948d-d965fe81832b,c4,c5,1783,?,i2,
1769449773.853659,FORWARDED,084edc1d-4d40-4e43-8bc7-ee28081b4a95,b3dabd03-9c1e-4e20-948d-d965fe81832b,c4,c5,1783,?,i2,
1769449774.2073896,RECEIVED,2b805ce3-65b5-4d25-9393-6533e4e85c58,21dfbb60-3b1e-4ad2-8c39-1923bc179fcc,c3,DROP,442,x5,?,
1769449774.2410164,RECEIVED,53ab503c-7a30-4260-94a4-e240381e8516,980a11b2-43ce-45b3-88ae-5fdfd989a249,c3,DROP,1447,p3,?,
1769449774.3120036,RECEIVED,00fbad5e-4fa0-497a-b229-da775ac2ed34,a7cb13f0-2f41-45b2-984e-6dc78e3ac753,c2,c1,2460,p2,?,
1769449774.4019613,RECEIVED,21f1aa5d-7610-474e-8759-9ab205feb198,25d43e05-ec93-4c8e-994f-c4b233ddecef,c1,DROP,1441,p1,?,
1769449774.4612072,SENT,21f1aa5d-7610-474e-8759-9ab205feb198,25d43e05-ec93-4c8e-994f-c4b233ddecef,c1,DROP,1007,?,i7,
1769449774.4612434,FORWARDED,21f1aa5d-7610-474e-8759-9ab205feb198,25d43e05-ec93-4c8e-994f-c4b233ddecef,c1,DROP,1007,?,i7,
1769449774.7354143,SENT,53ab503c-7a30-4260-94a4-e240381e8516,980a11b2-43ce-45b3-88ae-5fdfd989a249,c3,DROP,1012,?,i7,
1769449774.7354534,FORWARDED,53ab503c-7a30-4260-94a4-e240381e8516,980a11b2-43ce-45b3-88ae-5fdfd989a249,c3,DROP,1012,?,i7,
1769449774.794563,RECEIVED,ff25de3a-4507-4299-99d3-73cb793b03ec,308527bc-17e3-4612-a63e-10edaea0fbde,c4,c5,2459,p1,?,
1769449775.1380167,RECEIVED,c79c18e0-ab89-47a3-bfe9-69ec8c2cb81a,8edbcdf6-d3af-4d34-b1ce-8f163b8f9404,c4,c5,2465,p1,?,
1769449775.2385106,SENT,c79c18e0-ab89-47a3-bfe9-69ec8c2cb81a,8edbcdf6-d3af-4d34-b1ce-8f163b8f9404,c4,c5,1776,?,i6,
1769449775.2385511,FORWARDED,c79c18e0-ab89-47a3-bfe9-69ec8c2cb81a,8edbcdf6-d3af-4d34-b1ce-8f163b8f9404,c4,c5,1776,?,i6,
1769449775.3287113,SENT,00fbad5e-4fa0-497a-b229-da775ac2ed34,a7cb13f0-2f41-45b2-984e-6dc78e3ac753,c2,c1,1773,?,i12,
1769449775.32875,FORWARDED,00fbad5e-4fa0-497a-b229-da775ac2ed34,a7cb13f0-2f41-45b2-984e-6dc78e3ac753,c2,c1,1773,?,i12,
1769449775.342515,SENT,ff25de3a-4507-4299-99d3-73cb793b03ec,308527bc-17e3-4612-a63e-10edaea0fbde,c4,c5,1772,?,i4,
1769449775.342561,FORWARDED,ff25de3a-4507-4299-99d3-73cb793b03ec,308527bc-17e3-4612-a63e-10edaea0fbde,c4,c5,1772,?,i4,
1769449775.4115481,RECEIVED,414d4e0f-f50b-42f2-931c-f096db746236,00b02c94-2b51-4ba2-9bbf-fb7c02449548,c2,c1,2472,p2,?,
1769449775.4491649,RECEIVED,aa8031bb-13f6-43df-b953-1f4ab08a353d,29875470-ae3b-4833-9cca-186be03b9f0c,c4,c5,2456,p1,?,
1769449775.6323483,RECEIVED,0e2ab4e7-4c3c-447b-8ec4-7e1bcc8cfe34,f81f7dad-2d4e-4e92-afb8-07ed79292b3c,c1,c3,2463,p1,?,
1769449775.6451693,SENT,aa8031bb-13f6-43df-b953-1f4ab08a353d,29875470-ae3b-4833-9cca-186be03b9f0c,c4,c5,1768,?,i2,
1769449775.6452103,FORWARDED,aa8031bb-13f6-43df-b953-1f4ab08a353d,29875470-ae3b-4833-9cca-186be03b9f0c,c4,c5,1768,?,i2,
1769449775.7641406,RECEIVED,a4cb487b-d111-4ee2-8276-6abec1aeb5cd,a7840b65-8a2f-49be-829f-8cd91a449d42,c1,DROP,443,x1,?,
1769449775.7814894,SENT,414d4e0f-f50b-42f2-931c-f096db746236,00b02c94-2b51-4ba2-9bbf-fb7c02449548,c2,c1,1780,?,i2,
1769449775.7815313,FORWARDED,414d4e0f-f50b-42f2-931c-f096db746236,00b02c94-2b51-4ba2-9bbf-fb7c02449548,c2,c1,1780,?,i2,
1769449775.8579426,RECEIVED,80541a66-1db6-48e3-bb35-d2f44b4c2e03,86ff4eff-a4b3-4aa6-baf7-a1d0ec10309e,c3,c5,2453,p3,?,
1769449776.0941145,SENT,80541a66-1db6-48e3-bb35-d2f44b4c2e03,86ff4eff-a4b3-4aa6-baf7-a1d0ec10309e,c3,c5,1765,?,i10,
1769449776.094157,FORWARDED,80541a66-1db6-48e3-bb35-d2f44b4c2e03,86ff4eff-a4b3-4aa6-baf7-a1d0ec10309e,c3,c5,1765,?,i10,
1769449776.1352358,RECEIVED,0e67bf7a-2f11-466a-b47f-ac28682aba74,2571df2f-0704-4972-81aa-077185f8cce0,c3,DROP,1453,p3,?,
1769449776.4019773,RECEIVED,812be521-3164-477c-9377-40f62ff16d50,b3c35625-9e10-4c46-ae8d-19d67cf7f64d,c5,DROP,442,x11,?,
1769449776.4292686,RECEIVED,9277bde3-c235-40e4-9193-3a9b0b143a47,9cd029aa-6b3e-4427-aed4-131f9ddb89c9,c4,c5,2453,p1,?,
1769449776.4486263,SENT,0e67bf7a-2f11-466a-b47f-ac28682aba74,2571df2f-0704-4972-81aa-077185f8cce0,c3,DROP,1016,?,i12,
1769449776.4486701,FORWARDED,0e67bf7a-2f11-466a-b47f-ac28682aba74,2571df2f-0704-4972-81aa-077185f8cce0,c3,DROP,1016,?,i12,
1769449776.5084777,SENT,0e2ab4e7-4c3c-447b-8ec4-7e1bcc8cfe34,f81f7dad-2d4e-4e92-afb8-07ed79292b3c,c1,c3,1776,?,i7,
1769449776.5085173,FORWARDED,0e2ab4e7-4c3c-447b-8ec4-7e1bcc8cfe34,f81f7dad-2d4e-4e92-afb8-07ed79292b3c,c1,c3,1776,?,i7,
1769449776.5474374,RECEIVED,7195f387-636c-43da-b3ee-36cd7170b38f,90757654-b8c5-4501-8b2d-d07a7fe9f375,c3,DROP,1447,p3,?,
1769449776.6327698,SENT,9277bde3-c235-40e4-9193-3a9b0b143a47,9cd029aa-6b3e-4427-aed4-131f9ddb89c9,c4,c5,1765,?,i11,
1769449776.632812,FORWARDED,9277bde3-c235-40e4-9193-3a9b0b143a47,9cd029aa-6b3e-4427-aed4-131f9ddb89c9,c4,c5,1765,?,i11,
1769449776.7407596,RECEIVED,9986ec54-13d1-4386-a51d-e3e5bda33d82,f18b8abf-c2c2-42d2-a871-f207e2dfe34b,c4,DROP,441,x4,?,
1769449776.885522,RECEIVED,c0746951-a353-4c40-98d4-9cbfee64feac,31c966cb-0887-44d3-b310-be8470d35767,c2,c1,2462,p2,?,
1769449776.9630306,SENT,7195f387-636c-43da-b3ee-36cd7170b38f,90757654-b8c5-4501-8b2d-d07a7fe9f375,c3,DROP,1012,?,i3,
1769449776.9630806,FORWARDED,7195f387-636c-43da-b3ee-36cd7170b38f,90757654-b8c5-4501-8b2d-d07a7fe9f375,c3,DROP,1012,?,i3,
1769449777.0223973,RECEIVED,241f2e62-bd06-41d7-8a0b-a8cb7570e60f,b90a373d-7fe8-4a70-aa69-1175cb445b50,c2,c1,2456,p2,?,
1769449777.0683994,SENT,c0746951-a353-4c40-98d4-9cbfee64feac,31c966cb-0887-44d3-b310-be8470d35767,c2,c1,1776,?,i8,
1769449777.0684407,FORWARDED,c0746951-a353-4c40-98d4-9cbfee64feac,31c966cb-0887-44d3-b310-be8470d35767,c2,c1,1776,?,i8,
1769449777.222984,SENT,241f2e62-bd06-41d7-8a0b-a8cb7570e60f,b90a373d-7fe8-4a70-aa69-1175cb445b50,c2,c1,1768,?,i2,
1769449777.2230253,FORWARDED,241f2e62-bd06-41d7-8a0b-a8cb7570e60f,b90a373d-7fe8-4a70-aa69-1175cb445b50,c2,c1,1768,?,i2,
1769449777.2475877,RECEIVED,8da62148-9f04-4767-a51c-ccca9c99ac40,1e35f23c-a89c-48ce-8246-72ee03df49b6,c2,c1,2449,p2,?,
1769449777.2995963,RECEIVED,bc0aada6-8111-498d-83fb-d01d305e5d0e,df322296-8961-4760-a5dd-12975ff0ff9f,c3,c5,2477,p3,?,
1769449777.314637,RECEIVED,9a5d638d-1b8a-451d-99c2-cde9d730aa25,2d237add-bf28-42ea-bf7d-22fdbe89f7ec,c1,c3,2476,p1,?,
1769449777.4560747,SENT,bc0aada6-8111-498d-83fb-d01d305e5d0e,df322296-8961-4760-a5dd-12975ff0ff9f,c3,c5,1784,?,i11,
1769449777.4561276,FORWARDED,bc0aada6-8111-498d-83fb-d01d305e5d0e,df322296-8961-4760-a5dd-12975ff0ff9f,c3,c5,1784,?,i11,
1769449777.5676813,SENT,9a5d638d-1b8a-451d-99c2-cde9d730aa25,2d237add-bf28-42ea-bf7d-22fdbe89f7ec,c1,c3,1784,?,i3,
1769449777.5677226,FORWARDED,9a5d638d-1b8a-451d-99c2-cde9d730aa25,2d237add-bf28-42ea-bf7d-22fdbe89f7ec,c1,c3,1784,?,i3,
1769449777.5785367,SENT,8da62148-9f04-4767-a51c-ccca9c99ac40,1e35f23c-a89c-48ce-8246-72ee03df49b6,c2,c1,1763,?,i11,
1769449777.5785792,FORWARDED,8da62148-9f04-4767-a51c-ccca9c99ac40,1e35f23c-a89c-48ce-8246-72ee03df49b6,c2,c1,1763,?,i11,
1769449777.8571439,RECEIVED,0c3589b5-e881-4d3b-b82c-2d2a7d188070,4201bf7d-6dd4-48df-bd84-7a7aed90b269,c3,DROP,1451,p3,?,
1769449778.0357697,RECEIVED,0805062b-ee78-41a7-9af1-df337121b7e7,0cc44c9d-3dc1-4049-b854-7a40fb54f09c,c3,DROP,1439,p3,?,
1769449778.1845078,SENT,0c3589b5-e881-4d3b-b82c-2d2a7d188070,4201bf7d-6dd4-48df-bd84-7a7aed90b269,c3,DROP,1015,?,i6,
1769449778.184551,FORWARDED,0c3589b5-e881-4d3b-b82c-2d2a7d188070,4201bf7d-6dd4-48df-bd84-7a7aed90b269,c3,DROP,1015,?,i6,
1769449778.4801905,RECEIVED,0c5979d5-2411-4a1e-b998-c3755ef1b80c,e5568620-62d1-4920-8840-17e944cf841b,c1,c3,2448,p1,?,
1769449778.5858243,RECEIVED,3ea9cfce-d58b-4a6d-8d9c-3773a7df99e0,b505d599-380a-412d-b6ec-0014bfca9b54,c3,c5,2463,p3,?,
1769449778.7645626,RECEIVED,af55474b-53b9-4dd2-8c78-e0641a66051d,1d864ac4-4e7b-4619-932f-f8cdaf389315,c2,DROP,1439,p2,?,
1769449778.8689039,RECEIVED,20f15a81-0060-42c3-b505-efba9361c008,8b8b4b50-2a83-46aa-b76c-d4594ef108e9,c3,c5,2472,p3,?,
1769449778.8853335,SENT,3ea9cfce-d58b-4a6d-8d9c-3773a7df99e0,b505d599-380a-412d-b6ec-0014bfca9b54,c3,c5,1776,?,i4,
1769449778.885377,FORWARDED,3ea9cfce-d58b-4a6d-8d9c-3773a7df99e0,b505d599-380a-412d-b6ec-0014bfca9b54,c3,c5,1776,?,i4,
1769449779.0585134,SENT,0c5979d5-2411-4a1e-b998-c3755ef1b80c,e5568620-62d1-4920-8840-17e944cf841b,c1,c3,1764,?,i10,
1769449779.0585546,FORWARDED,0c5979d5-2411-4a1e-b998-c3755ef1b80c,e5568620-62d1-4920-8840-17e944cf841b,c1,c3,1764,?,i10,
1769449779.0614357,SENT,20f15a81-0060-42c3-b505-efba9361c008,8b8b4b50-2a83-46aa-b76c-d4594ef108e9,c3,c5,1780,?,i1,
1769449779.061475,FORWARDED,20f15a81-0060-42c3-b505-efba9361c008,8b8b4b50-2a83-46aa-b76c-d4594ef108e9,c3,c5,1780,?,i1,
1769449779.0701065,SENT,af55474b-53b9-4dd2-8c78-e0641a66051d,1d864ac4-4e7b-4619-932f-f8cdaf389315,c2,DROP,1008,?,i5,
1769449779.0701487,FORWARDED,af55474b-53b9-4dd2-8c78-e0641a66051d,1d864ac4-4e7b-4619-932f-f8cdaf389315,c2,DROP,1008,?,i5,
1769449779.1419532,SENT,0805062b-ee78-41a7-9af1-df337121b7e7,0cc44c9d-3dc1-4049-b854-7a40fb54f09c,c3,DROP,1007,?,i2,
1769449779.1419985,FORWARDED,0805062b-ee78-41a7-9af1-df337121b7e7,0cc44c9d-3dc1-4049-b854-7a40fb54f09c,c3,DROP,1007,?,i2,
1769449779.2165108,RECEIVED,80354b32-93af-4c20-aaa0-03ecd57b0330,09b7ffa7-1414-4fda-aba9-9ce03edcebf6,c1,DROP,445,x5,?,
1769449779.2578256,RECEIVED,ab6576f7-4e59-4d90-949a-b6bcb0ed1e4d,375ee02d-47df-44fa-a7d7-58a95c705bab,c4,DROP,1440,p1,?,
1769449779.312477,RECEIVED,242f7213-727e-41ea-b4f0-c2942d2f2ee8,d4d0cc92-67fd-436f-bc90-6ff282f4d8f0,c2,c1,2466,p2,?,
1769449779.3504908,RECEIVED,db03cb2c-2830-4bd6-8d85-f7a5a4067b18,6365b91a-8b13-4453-b50b-7f79e2322763,c4,c5,2464,p1,?,
1769449779.4383583,SENT,db03cb2c-2830-4bd6-8d85-f7a5a4067b18,6365b91a-8b13-4453-b50b-7f79e2322763,c4,c5,1775,?,i3,
1769449779.4384072,FORWARDED,db03cb2c-2830-4bd6-8d85-f7a5a4067b18,6365b91a-8b13-4453-b50b-7f79e2322763,c4,c5,1775,?,i3,
1769449779.502318,RECEIVED,344a1d97-f0d6-4efe-8f84-591c06103a57,c594e991-e66b-4cf5-b30b-d9828f2ed802,c1,c3,2464,p1,?,
1769449779.5064833,SENT,ab6576f7-4e59-4d90-949a-b6bcb0ed1e4d,375ee02d-47df-44fa-a7d7-58a95c705bab,c4,DROP,1008,?,i5,
1769449779.5065255,FORWARDED,ab6576f7-4e59-4d90-949a-b6bcb0ed1e4d,375ee02d-47df-44fa-a7d7-58a95c705bab,c4,DROP,1008,?,i5,
1769449779.6253862,RECEIVED,ea698ae7-9728-403a-952f-e386f6c73aa8,802b78d1-d01f-4166-b7ad-f6892a6c6b00,c2,DROP,1443,p2,?,
1769449779.8705535,SENT,344a1d97-f0d6-4efe-8f84-591c06103a57,c594e991-e66b-4cf5-b30b-d9828f2ed802,c1,c3,1775,?,i10,
1769449779.870812,FORWARDED,344a1d97-f0d6-4efe-8f84-591c06103a57,c594e991-e66b-4cf5-b30b-d9828f2ed802,c1,c3,1775,?,i10,
1769449780.138744,RECEIVED,abbf803a-172c-495f-8bc7-b00d7213280d,4cfcd6c0-0d24-40b7-8b41-28518fe220d8,c2,DROP,1441,p2,?,
1769449780.1736033,SENT,abbf803a-172c-495f-8bc7-b00d7213280d,4cfcd6c0-0d24-40b7-8b41-28518fe220d8,c2,DROP,1007,?,i3,
1769449780.1736457,FORWARDED,abbf803a-172c-495f-8bc7-b00d7213280d,4cfcd6c0-0d24-40b7-8b41-28518fe220d8,c2,DROP,1007,?,i3,
1769449780.4505928,SENT,ea698ae7-9728-403a-952f-e386f6c73aa8,802b78d1-d01f-4166-b7ad-f6892a6c6b00,c2,DROP,1011,?,i3,
1769449780.450632,FORWARDED,ea698ae7-9728-403a-952f-e386f6c73aa8,802b78d1-d01f-4166-b7ad-f6892a6c6b00,c2,DROP,1011,?,i3,
1769449780.4995563,SENT,242f7213-727e-41ea-b4f0-c2942d2f2ee8,d4d0cc92-67fd-436f-bc90-6ff282f4d8f0,c2,c1,1779,?,i7,
1769449780.4995978,FORWARDED,242f7213-727e-41ea-b4f0-c2942d2f2ee8,d4d0cc92-67fd-436f-bc90-6ff282f4d8f0,c2,c1,1779,?,i7,
1769449780.5567079,RECEIVED,1bb1c889-7b14-4948-b5d7-bfbd94b93f68,e6555103-c2b4-4580-a2ec-7d58afcfad50,c1,DROP,1445,p1,?,
1769449780.5956252,SENT,1bb1c889-7b14-4948-b5d7-bfbd94b93f68,e6555103-c2b4-4580-a2ec-7d58afcfad50,c1,DROP,1011,?,i11,
1769449780.5956664,FORWARDED,1bb1c889-7b14-4948-b5d7-bfbd94b93f68,e6555103-c2b4-4580-a2ec-7d58afcfad50,c1,DROP,1011,?,i11,
1769449780.6861024,RECEIVED,9d28e9f1-1cc6-4d20-8a1f-085905e7af9a,7d8b962e-6cac-4566-93e2-ae5ab1494d2f,c3,c5,2473,p3,?,
1769449780.7019572,RECEIVED,559aa651-d5e7-46ba-9883-7da763541003,3ad90964-fbc5-4b7b-86b0-2e10b2d3b288,c2,DROP,1448,p2,?,
1769449780.7454934,SENT,9d28e9f1-1cc6-4d20-8a1f-085905e7af9a,7d8b962e-6cac-4566-93e2-ae5ab1494d2f,c3,c5,1780,?,i12,
1769449780.7455604,FORWARDED,9d28e9f1-1cc6-4d20-8a1f-085905e7af9a,7d8b962e-6cac-4566-93e2-ae5ab1494d2f,c3,c5,1780,?,i12,
1769449780.8591406,SENT,559aa651-d5e7-46ba-9883-7da763541003,3ad90964-fbc5-4b7b-86b0-2e10b2d3b288,c2,DROP,1012,?,i7,
1769449780.8591824,FORWARDED,559aa651-d5e7-46ba-9883-7da763541003,3ad90964-fbc5-4b7b-86b0-2e10b2d3b288,c2,DROP,1012,?,i7,
1769449780.9551437,RECEIVED,2e9c90b0-2274-4ecd-989c-b319fcdf966b,dbd8efe0-3efd-4f08-b59f-d6aa43ac5cb0,c3,DROP,1456,p3,?,
1769449781.2847428,RECEIVED,378422f7-99e4-449d-9f2d-9805be96b27a,1fcc40f8-b2d4-4a1b-bcb8-36c1fe57f53c,c1,c3,2467,p1,?,
1769449781.3658268,RECEIVED,d56d0d13-4ae8-42bd-8b81-801cfed2dc76,071ff2c0-045d-47eb-9890-11d50f4fa909,c5,c4,2458,p2,?,
1769449781.5070624,SENT,2e9c90b0-2274-4ecd-989c-b319fcdf966b,dbd8efe0-3efd-4f08-b59f-d6aa43ac5cb0,c3,DROP,1019,?,i11,
1769449781.5071065,FORWARDED,2e9c90b0-2274-4ecd-989c-b319fcdf966b,dbd8efe0-3efd-4f08-b59f-d6aa43ac5cb0,c3,DROP,1019,?,i11,
1769449781.5325682,RECEIVED,cb49ca5c-b834-4f96-8122-bd4fba8f1bae,b82d3a61-67ba-4a2a-b08e-63d6a619e5a1,c1,c3,2451,p1,?,
1769449781.5441842,RECEIVED,53996b10-bc45-4365-9d31-7783fa7b0b5c,d476d6cc-bf9b-4e04-86d9-3a2aa204c3fc,c4,DROP,1435,p1,?,
1769449781.591765,RECEIVED,ab42d78d-ccd8-4ab9-8027-9d8ae29f5c18,3f55f8f8-e454-4012-bae9-5f62a5813d47,c1,c3,2463,p1,?,
1769449781.6063874,SENT,378422f7-99e4-449d-9f2d-9805be96b27a,1fcc40f8-b2d4-4a1b-bcb8-36c1fe57f53c,c1,c3,1779,?,i10,
1769449781.6064296,FORWARDED,378422f7-99e4-449d-9f2d-9805be96b27a,1fcc40f8-b2d4-4a1b-bcb8-36c1fe57f53c,c1,c3,1779,?,i10,
1769449781.6556818,RECEIVED,bef8ff49-f1d7-4252-81be-592257088513,e60cff0e-dbdc-4b9c-9f03-babfd4e9b85e,c1,c3,2460,p1,?,
1769449781.8706677,RECEIVED,92321c37-82ec-4dc9-9ad2-a2f8e56d2afb,708a6008-93fc-4b0e-be44-f2dcf85a831c,c4,DROP,1451,p1,?,
1769449781.8891425,SENT,bef8ff49-f1d7-4252-81be-592257088513,e60cff0e-dbdc-4b9c-9f03-babfd4e9b85e,c1,c3,1771,?,i9,
1769449781.8891792,FORWARDED,bef8ff49-f1d7-4252-81be-592257088513,e60cff0e-dbdc-4b9c-9f03-babfd4e9b85e,c1,c3,1771,?,i9,
1769449782.2518752,SENT,53996b10-bc45-4365-9d31-7783fa7b0b5c,d476d6cc-bf9b-4e04-86d9-3a2aa204c3fc,c4,DROP,1003,?,i2,
1769449782.2519176,FORWARDED,53996b10-bc45-4365-9d31-7783fa7b0b5c,d476d6cc-bf9b-4e04-86d9-3a2aa204c3fc,c4,DROP,1003,?,i2,
1769449782.345447,SENT,cb49ca5c-b834-4f96-8122-bd4fba8f1bae,b82d3a61-67ba-4a2a-b08e-63d6a619e5a1,c1,c3,1767,?,i1,
1769449782.345488,FORWARDED,cb49ca5c-b834-4f96-8122-bd4fba8f1bae,b82d3a61-67ba-4a2a-b08e-63d6a619e5a1,c1,c3,1767,?,i1,
1769449782.395764,SENT,d56d0d13-4ae8-42bd-8b81-801cfed2dc76,071ff2c0-045d-47eb-9890-11d50f4fa909,c5,c4,1771,?,i2,
1769449782.3958035,FORWARDED,d56d0d13-4ae8-42bd-8b81-801cfed2dc76,071ff2c0-045d-47eb-9890-11d50f4fa909,c5,c4,1771,?,i2,
1769449782.4779372,RECEIVED,0fad49e3-b600-4a67-9f28-42795ca97b9b,48b9cca4-21ec-4a1a-b26d-a62bfd4f0105,c1,c3,2456,p1,?,
1769449782.5663238,SENT,92321c37-82ec-4dc9-9ad2-a2f8e56d2afb,708a6008-93fc-4b0e-be44-f2dcf85a831c,c4,DROP,1015,?,i1,
1769449782.5663629,FORWARDED,92321c37-82ec-4dc9-9ad2-a2f8e56d2afb,708a6008-93fc-4b0e-be44-f2dcf85a831c,c4,DROP,1015,?,i1,
1769449782.6472404,SENT,ab42d78d-ccd8-4ab9-8027-9d8ae29f5c18,3f55f8f8-e454-4012-bae9-5f62a5813d47,c1,c3,1774,?,i1,
1769449782.6472826,FORWARDED,ab42d78d-ccd8-4ab9-8027-9d8ae29f5c18,3f55f8f8-e454-4012-bae9-5f62a5813d47,c1,c3,1774,?,i1,
1769449782.6577382,RECEIVED,821b8652-61f5-4392-b5a7-d513631377f6,81d0aa04-4380-47f6-869b-f35b64409632,c2,DROP,1440,p2,?,
1769449782.764133,RECEIVED,a06b2506-91a4-4637-bf1d-b36bebb091ed,72980c3a-99a1-4dff-8679-01b5fdb4f176,c5,c4,2464,p2,?,
1769449782.7792873,SENT,0fad49e3-b600-4a67-9f28-42795ca97b9b,48b9cca4-21ec-4a1a-b26d-a62bfd4f0105,c1,c3,1768,?,i9,
1769449782.7793286,FORWARDED,0fad49e3-b600-4a67-9f28-42795ca97b9b,48b9cca4-21ec-4a1a-b26d-a62bfd4f0105,c1,c3,1768,?,i9,
1769449782.8260615,RECEIVED,57c0beb2-fe7c-4792-972a-9369845f83cf,ce8dedcd-88ad-4e5c-8393-e54aaed29dae,c4,c5,2464,p1,?,
1769449782.9446223,SENT,a06b2506-91a4-4637-bf1d-b36bebb091ed,72980c3a-99a1-4dff-8679-01b5fdb4f176,c5,c4,1775,?,i6,
1769449782.9446626,FORWARDED,a06b2506-91a4-4637-bf1d-b36bebb091ed,72980c3a-99a1-4dff-8679-01b5fdb4f176,c5,c4,1775,?,i6,
1769449783.1430542,RECEIVED,2642b587-65a4-4298-9555-64c9dc72f837,ea1cac04-d92e-4586-9944-f4777d0760d2,c5,DROP,441,x4,?,
1769449783.4360917,RECEIVED,141abecf-5edd-46a8-a962-37a679dc74d0,bf3c7390-8992-49c6-aa74-762c459c127b,c5,DROP,441,x5,?,
1769449783.4825892,RECEIVED,f4364cad-732f-4705-9cad-b18ff8c53559,7d3f97a6-b4f2-4188-8c5b-923c408d0bf7,c2,c1,2477,p2,?,
1769449783.607562,SENT,f4364cad-732f-4705-9cad-b18ff8c53559,7d3f97a6-b4f2-4188-8c5b-923c408d0bf7,c2,c1,1785,?,i10,
1769449783.607604,FORWARDED,f4364cad-732f-4705-9cad-b18ff8c53559,7d3f97a6-b4f2-4188-8c5b-923c408d0bf7,c2,c1,1785,?,i10,
1769449783.7286797,RECEIVED,1f73d1e5-bcb3-4dc2-a07e-b2989676a3e8,d4db6b5f-a60d-47c8-83b7-2b78693e9817,c5,DROP,1438,p2,?,
1769449783.7979486,SENT,57c0beb2-fe7c-4792-972a-9369845f83cf,ce8dedcd-88ad-4e5c-8393-e54aaed29dae,c4,c5,1775,?,i12,
1769449783.7979908,FORWARDED,57c0beb2-fe7c-4792-972a-9369845f83cf,ce8dedcd-88ad-4e5c-8393-e54aaed29dae,c4,c5,1775,?,i12,
1769449784.1039915,RECEIVED,93c9fa0c-895a-4e9e-afd2-eae045e8c9dc,e07cc084-383e-44c6-9a8e-d12f85dabce4,c5,DROP,441,x2,?,
1769449784.1646836,RECEIVED,1f9cbdad-34fa-4745-8cf3-2bc465a80045,feed1343-839c-41ed-87f0-e07f8685bc1e,c3,DROP,1448,p3,?,
1769449784.2244308,SENT,821b8652-61f5-4392-b5a7-d513631377f6,81d0aa04-4380-47f6-869b-f35b64409632,c2,DROP,1008,?,i12,
1769449784.2244732,FORWARDED,821b8652-61f5-4392-b5a7-d513631377f6,81d0aa04-4380-47f6-869b-f35b64409632,c2,DROP,1008,?,i12,
1769449784.2633743,SENT,1f9cbdad-34fa-4745-8cf3-2bc465a80045,feed1343-839c-41ed-87f0-e07f8685bc1e,c3,DROP,1012,?,i8,
1769449784.2634103,FORWARDED,1f9cbdad-34fa-4745-8cf3-2bc465a80045,feed1343-839c-41ed-87f0-e07f8685bc1e,c3,DROP,1012,?,i8,
1769449784.3113554,RECEIVED,80ceea55-1344-4145-b630-834cf31b8473,24d3d134-e924-4c8e-89cb-32831cf80ae4,c1,DROP,1439,p1,?,
1769449784.3911536,RECEIVED,8e606d50-f486-4740-881d-de1ff65c5c8c,bec6a94d-a66f-4219-9631-96986154685c,c5,c4,2460,p2,?,
1769449784.4508216,SENT,8e606d50-f486-4740-881d-de1ff65c5c8c,bec6a94d-a66f-4219-9631-96986154685c,c5,c4,1773,?,i6,
1769449784.4508631,FORWARDED,8e606d50-f486-4740-881d-de1ff65c5c8c,bec6a94d-a66f-4219-9631-96986154685c,c5,c4,1773,?,i6,
1769449784.588501,RECEIVED,51484ca0-014e-47ae-8341-db034a39caac,941818ed-54af-4d99-ac99-b28ef63ba9a1,c2,c1,2464,p2,?,
1769449784.7855747,RECEIVED,ed57356e-51fd-4911-bb68-aab4688b9ca0,060dc1f4-3aa4-4877-aaff-3f8674d23c7e,c2,DROP,1439,p2,?,
1769449784.8186586,SENT,51484ca0-014e-47ae-8341-db034a39caac,941818ed-54af-4d99-ac99-b28ef63ba9a1,c2,c1,1775,?,i3,
1769449784.8187022,FORWARDED,51484ca0-014e-47ae-8341-db034a39caac,941818ed-54af-4d99-ac99-b28ef63ba9a1,c2,c1,1775,?,i3,
1769449784.942592,RECEIVED,daaa36ce-991c-4a78-a5ab-eb201c9b2832,23d6787e-f995-4040-babe-828fad6ec01b,c5,DROP,1442,p2,?,
1769449785.0021706,SENT,1f73d1e5-bcb3-4dc2-a07e-b2989676a3e8,d4db6b5f-a60d-47c8-83b7-2b78693e9817,c5,DROP,1008,?,i6,
1769449785.0022125,FORWARDED,1f73d1e5-bcb3-4dc2-a07e-b2989676a3e8,d4db6b5f-a60d-47c8-83b7-2b78693e9817,c5,DROP,1008,?,i6,
1769449785.1169279,SENT,daaa36ce-991c-4a78-a5ab-eb201c9b2832,23d6787e-f995-4040-babe-828fad6ec01b,c5,DROP,1009,?,i2,
1769449785.1169684,FORWARDED,daaa36ce-991c-4a78-a5ab-eb201c9b2832,23d6787e-f995-4040-babe-828fad6ec01b,c5,DROP,1009,?,i2,
1769449785.124279,RECEIVED,9a7bf94e-1f97-496e-877b-c9756e12a28d,bd14138b-6975-4222-b6de-3d4fbcebfa5e,c3,DROP,440,x10,?,
1769449785.2319348,SENT,80ceea55-1344-4145-b630-834cf31b8473,24d3d134-e924-4c8e-89cb-32831cf80ae4,c1,DROP,1008,?,i8,
1769449785.231972,FORWARDED,80ceea55-1344-4145-b630-834cf31b8473,24d3d134-e924-4c8e-89cb-32831cf80ae4,c1,DROP,1008,?,i8,
1769449785.2638488,RECEIVED,75d88f30-8139-4343-8682-f5a04ed3dbf1,55fd8e8a-b48e-40c7-bc0e-e6b3572a020b,c5,DROP,440,x3,?,
1769449785.5033002,RECEIVED,c8a2991d-3445-47e0-ac25-1e693cd0875c,30b2d051-d752-4d32-b64d-ae7a2a53dcb6,c3,c5,2464,p3,?,
1769449785.6724923,RECEIVED,5fe31ea3-8f2f-4ac8-815e-a76240541c99,76b13419-98d8-4c7d-9844-3f20fb733b96,c2,c1,2464,p2,?,
1769449785.7402096,SENT,c8a2991d-3445-47e0-ac25-1e693cd0875c,30b2d051-d752-4d32-b64d-ae7a2a53dcb6,c3,c5,1776,?,i8,
1769449785.7402494,FORWARDED,c8a2991d-3445-47e0-ac25-1e693cd0875c,30b2d051-d752-4d32-b64d-ae7a2a53dcb6,c3,c5,1776,?,i8,
1769449785.762895,SENT,5fe31ea3-8f2f-4ac8-815e-a76240541c99,76b13419-98d8-4c7d-9844-3f20fb733b96,c2,c1,1774,?,i4,
1769449785.7629354,FORWARDED,5fe31ea3-8f2f-4ac8-815e-a76240541c99,76b13419-98d8-4c7d-9844-3f20fb733b96,c2,c1,1774,?,i4,
1769449785.8196821,RECEIVED,3f9dc33d-588f-433b-9600-c94ef991c68b,b800cfd3-2d49-49cb-88ab-c877dc1d6323,c3,DROP,1445,p3,?,
1769449785.8241818,RECEIVED,f8c9aa24-8a5a-4fd2-b750-4b22bec9fd07,8679878e-8c4d-4129-9b8c-6fe3524f6027,c1,c3,2456,p1,?,
1769449785.8642478,SENT,3f9dc33d-588f-433b-9600-c94ef991c68b,b800cfd3-2d49-49cb-88ab-c877dc1d6323,c3,DROP,1010,?,i10,
1769449785.8642862,FORWARDED,3f9dc33d-588f-433b-9600-c94ef991c68b,b800cfd3-2d49-49cb-88ab-c877dc1d6323,c3,DROP,1010,?,i10,
1769449785.9849393,RECEIVED,386b1d80-b2eb-4c1d-bca2-4657fd1939c3,51c900ae-45e8-4593-876a-eb08ac10290f,c1,DROP,1443,p1,?,
1769449786.0775661,RECEIVED,012a0c6c-79f8-4d93-b41c-5ba6659891b6,4b161ec7-6874-47c9-8934-ace38757dc49,c1,c3,2465,p1,?,
1769449786.0860019,RECEIVED,426d49bd-967a-463c-9a9d-c9d062adca82,e72005ac-3111-4f03-85f0-640608e15a9a,c3,DROP,441,x5,?,
1769449786.1493049,RECEIVED,082f2fed-04ad-44ed-898d-6330e185425c,95cb7fed-be69-451e-9198-e145761848a1,c4,DROP,1454,p1,?,
1769449786.1658275,SENT,012a0c6c-79f8-4d93-b41c-5ba6659891b6,4b161ec7-6874-47c9-8934-ace38757dc49,c1,c3,1776,?,i7,
1769449786.1658685,FORWARDED,012a0c6c-79f8-4d93-b41c-5ba6659891b6,4b161ec7-6874-47c9-8934-ace38757dc49,c1,c3,1776,?,i7,
1769449786.2238505,SENT,f8c9aa24-8a5a-4fd2-b750-4b22bec9fd07,8679878e-8c4d-4129-9b8c-6fe3524f6027,c1,c3,1768,?,i3,
1769449786.223891,FORWARDED,f8c9aa24-8a5a-4fd2-b750-4b22bec9fd07,8679878e-8c4d-4129-9b8c-6fe3524f6027,c1,c3,1768,?,i3,
1769449786.4030113,RECEIVED,52c56879-c243-4f9b-9929-a288bdd012e0,35b004f3-53ca-4c69-bc50-04fefd7e05e8,c2,c1,2462,p2,?,
1769449786.5163078,SENT,386b1d80-b2eb-4c1d-bca2-4657fd1939c3,51c900ae-45e8-4593-876a-eb08ac10290f,c1,DROP,1009,?,i8,
1769449786.5163507,FORWARDED,386b1d80-b2eb-4c1d-bca2-4657fd1939c3,51c900ae-45e8-4593-876a-eb08ac10290f,c1,DROP,1009,?,i8,
1769449786.6106415,RECEIVED,e453b19d-882a-4633-b9d8-8809d6fab911,edaf9e4d-6da4-4e69-b5d6-066cf6b80588,c1,c3,2475,p1,?,
1769449786.645026,RECEIVED,d8e6f814-edcd-4749-bd00-d33fa7211cfe,7f599be7-c0a8-47b9-9ea0-5de832113f98,c1,c3,2448,p1,?,
1769449786.720486,RECEIVED,d8655557-3f67-404c-8567-f9f08334cf6e,62141346-0292-4d87-916d-113433b22dbc,c5,c4,2463,p2,?,
1769449786.743055,RECEIVED,472059cc-234a-4b67-8fbc-e22d89f1f18a,7a699ad0-2684-438b-9660-86ec4738f00b,c4,c5,2459,p1,?,
1769449786.7876654,RECEIVED,02980971-09f9-4bd3-887c-a18a1f52aeae,1d19e0c7-cf67-49a8-8d15-3c7cb4e279e8,c3,DROP,1440,p3,?,
1769449786.7980423,RECEIVED,a57a4410-6fe5-471b-bc53-9cfc73000696,b681d16e-05be-4d24-9b40-bc1f5e157c13,c3,DROP,1438,p3,?,
1769449786.824354,SENT,ed57356e-51fd-4911-bb68-aab4688b9ca0,060dc1f4-3aa4-4877-aaff-3f8674d23c7e,c2,DROP,1008,?,i8,
1769449786.8243966,FORWARDED,ed57356e-51fd-4911-bb68-aab4688b9ca0,060dc1f4-3aa4-4877-aaff-3f8674d23c7e,c2,DROP,1008,?,i8,
1769449786.8473427,SENT,02980971-09f9-4bd3-887c-a18a1f52aeae,1d19e0c7-cf67-49a8-8d15-3c7cb4e279e8,c3,DROP,1006,?,i4,
1769449786.847384,FORWARDED,02980971-09f9-4bd3-887c-a18a1f52aeae,1d19e0c7-cf67-49a8-8d15-3c7cb4e279e8,c3,DROP,1006,?,i4,
1769449786.8731873,SENT,d8e6f814-edcd-4749-bd00-d33fa7211cfe,7f599be7-c0a8-47b9-9ea0-5de832113f98,c1,c3,1764,?,i3,
1769449786.8732283,FORWARDED,d8e6f814-edcd-4749-bd00-d33fa7211cfe,7f599be7-c0a8-47b9-9ea0-5de832113f98,c1,c3,1764,?,i3,
1769449786.957285,SENT,e453b19d-882a-4633-b9d8-8809d6fab911,edaf9e4d-6da4-4e69-b5d6-066cf6b80588,c1,c3,1784,?,i6,
1769449786.9573278,FORWARDED,e453b19d-882a-4633-b9d8-8809d6fab911,edaf9e4d-6da4-4e69-b5d6-066cf6b80588,c1,c3,1784,?,i6,
1769449786.9631283,RECEIVED,31d1d14d-b4e9-4cc7-abbb-35d747296c1d,c9e6418b-2539-4f3c-bbec-6e8028c4a031,c3,c5,2473,p3,?,
1769449787.0621736,SENT,31d1d14d-b4e9-4cc7-abbb-35d747296c1d,c9e6418b-2539-4f3c-bbec-6e8028c4a031,c3,c5,1780,?,i10,
1769449787.062207,FORWARDED,31d1d14d-b4e9-4cc7-abbb-35d747296c1d,c9e6418b-2539-4f3c-bbec-6e8028c4a031,c3,c5,1780,?,i10,
1769449787.099648,SENT,52c56879-c243-4f9b-9929-a288bdd012e0,35b004f3-53ca-4c69-bc50-04fefd7e05e8,c2,c1,1775,?,i5,
1769449787.099688,FORWARDED,52c56879-c243-4f9b-9929-a288bdd012e0,35b004f3-53ca-4c69-bc50-04fefd7e05e8,c2,c1,1775,?,i5,
1769449787.3458643,RECEIVED,73e126cc-eb56-49a3-80d0-861dadfeb2df,634a8f89-62d4-4646-9195-285af8e1d527,c5,c4,2471,p2,?,
1769449787.3466148,RECEIVED,80c8c1d6-ed35-4465-b8a4-49ae2ea0805d,467a7440-017c-44df-a2fa-32020545b955,c5,DROP,441,x8,?,
1769449787.438141,RECEIVED,5e4dcaf8-4813-4e62-9a78-67375fa89a0a,3205f225-6790-4cda-b6d8-089b25b5b7eb,c1,c3,2464,p1,?,
1769449787.4691648,SENT,472059cc-234a-4b67-8fbc-e22d89f1f18a,7a699ad0-2684-438b-9660-86ec4738f00b,c4,c5,1772,?,i9,
1769449787.4693544,FORWARDED,472059cc-234a-4b67-8fbc-e22d89f1f18a,7a699ad0-2684-438b-9660-86ec4738f00b,c4,c5,1772,?,i9,
1769449787.5683482,SENT,5e4dcaf8-4813-4e62-9a78-67375fa89a0a,3205f225-6790-4cda-b6d8-089b25b5b7eb,c1,c3,1776,?,i11,
1769449787.5683877,FORWARDED,5e4dcaf8-4813-4e62-9a78-67375fa89a0a,3205f225-6790-4cda-b6d8-089b25b5b7eb,c1,c3,1776,?,i11,
1769449787.6076763,RECEIVED,0a1e5fb3-0bd5-4a37-8d5c-63b10196d7de,64084367-2c13-4c1f-9f93-5b6a78efe885,c4,c5,2463,p1,?,
1769449787.6390755,RECEIVED,8130dd5a-8d35-42d1-9d4e-e261cf1ab732,74785588-039f-4b2f-9d4c-6095d4c2cb26,c5,DROP,1436,p2,?,
1769449787.6991117,SENT,8130dd5a-8d35-42d1-9d4e-e261cf1ab732,74785588-039f-4b2f-9d4c-6095d4c2cb26,c5,DROP,1004,?,i6,
1769449787.6991541,FORWARDED,8130dd5a-8d35-42d1-9d4e-e261cf1ab732,74785588-039f-4b2f-9d4c-6095d4c2cb26,c5,DROP,1004,?,i6,
1769449787.852413,RECEIVED,8c434b05-6774-4721-8cc6-b174285b16aa,e0b164be-5ddb-4d4e-860b-2fb2e80cb402,c5,DROP,1449,p2,?,
1769449787.8931258,SENT,a57a4410-6fe5-471b-bc53-9cfc73000696,b681d16e-05be-4d24-9b40-bc1f5e157c13,c3,DROP,1008,?,i2,
1769449787.893679,FORWARDED,a57a4410-6fe5-471b-bc53-9cfc73000696,b681d16e-05be-4d24-9b40-bc1f5e157c13,c3,DROP,1008,?,i2,
1769449787.9716127,SENT,d8655557-3f67-404c-8567-f9f08334cf6e,62141346-0292-4d87-916d-113433b22dbc,c5,c4,1775,?,i4,
1769449787.9716537,FORWARDED,d8655557-3f67-404c-8567-f9f08334cf6e,62141346-0292-4d87-916d-113433b22dbc,c5,c4,1775,?,i4,
1769449788.103178,RECEIVED,4a74fc15-82da-4ceb-bdc1-7927a80d022e,eb0cbbf1-6957-4e43-a639-d2ef30e2b559,c5,DROP,1461,p2,?,
1769449788.175447,SENT,4a74fc15-82da-4ceb-bdc1-7927a80d022e,eb0cbbf1-6957-4e43-a639-d2ef30e2b559,c5,DROP,1022,?,i10,
1769449788.1755004,FORWARDED,4a74fc15-82da-4ceb-bdc1-7927a80d022e,eb0cbbf1-6957-4e43-a639-d2ef30e2b559,c5,DROP,1022,?,i10,
1769449788.2895498,RECEIVED,c48e1e40-4e2a-420d-b936-4411dd2312aa,407e3dc6-964a-4e8d-b627-0d186960a32f,c1,DROP,1439,p1,?,
1769449788.3163073,SENT,8c434b05-6774-4721-8cc6-b174285b16aa,e0b164be-5ddb-4d4e-860b-2fb2e80cb402,c5,DROP,1012,?,i12,
1769449788.316351,FORWARDED,8c434b05-6774-4721-8cc6-b174285b16aa,e0b164be-5ddb-4d4e-860b-2fb2e80cb402,c5,DROP,1012,?,i12,
1769449788.4845517,SENT,082f2fed-04ad-44ed-898d-6330e185425c,95cb7fed-be69-451e-9198-e145761848a1,c4,DROP,1020,?,i9,
1769449788.484592,FORWARDED,082f2fed-04ad-44ed-898d-6330e185425c,95cb7fed-be69-451e-9198-e145761848a1,c4,DROP,1020,?,i9,
1769449788.6524832,SENT,73e126cc-eb56-49a3-80d0-861dadfeb2df,634a8f89-62d4-4646-9195-285af8e1d527,c5,c4,1780,?,i5,
1769449788.6525192,FORWARDED,73e126cc-eb56-49a3-80d0-861dadfeb2df,634a8f89-62d4-4646-9195-285af8e1d527,c5,c4,1780,?,i5,
1769449788.833607,SENT,c48e1e40-4e2a-420d-b936-4411dd2312aa,407e3dc6-964a-4e8d-b627-0d186960a32f,c1,DROP,1008,?,i4,
1769449788.8336482,FORWARDED,c48e1e40-4e2a-420d-b936-4411dd2312aa,407e3dc6-964a-4e8d-b627-0d186960a32f,c1,DROP,1008,?,i4,
1769449788.8696852,RECEIVED,e7c7bf42-52da-4282-a165-658982105242,3f850b30-79fa-4b85-9502-22048ed51b8b,c3,c5,2448,p3,?,
1769449789.009694,RECEIVED,686b44cb-25a0-4b2e-ab84-eb2f2501d598,98e1b2b1-4790-4e05-9bd0-97b923eef68b,c1,c3,2447,p1,?,
1769449789.2219918,SENT,0a1e5fb3-0bd5-4a37-8d5c-63b10196d7de,64084367-2c13-4c1f-9f93-5b6a78efe885,c4,c5,1775,?,i4,
1769449789.222032,FORWARDED,0a1e5fb3-0bd5-4a37-8d5c-63b10196d7de,64084367-2c13-4c1f-9f93-5b6a78efe885,c4,c5,1775,?,i4,
1769449789.2378855,RECEIVED,1f23d31b-b729-42ee-aaa3-383e14978882,cad2bd08-3544-47f6-adf5-76fe5159942d,c5,DROP,1445,p2,?,
1769449789.323223,SENT,1f23d31b-b729-42ee-aaa3-383e14978882,cad2bd08-3544-47f6-adf5-76fe5159942d,c5,DROP,1011,?,i4,
1769449789.323265,FORWARDED,1f23d31b-b729-42ee-aaa3-383e14978882,cad2bd08-3544-47f6-adf5-76fe5159942d,c5,DROP,1011,?,i4,
1769449789.3728924,RECEIVED,1e3232da-bc3d-4dc5-bf7f-fed0ac4cdd52,08eae841-9633-48cb-8071-eda824a86420,c1,c3,2446,p1,?,
1769449789.3833075,RECEIVED,6825b00d-3439-46fd-ad40-991b796c4959,e79eb1a9-065a-4a90-8ee0-8fcbc8bc4fb4,c2,DROP,1456,p2,?,
1769449789.5093734,SENT,e7c7bf42-52da-4282-a165-658982105242,3f850b30-79fa-4b85-9502-22048ed51b8b,c3,c5,1764,?,i12,
1769449789.509412,FORWARDED,e7c7bf42-52da-4282-a165-658982105242,3f850b30-79fa-4b85-9502-22048ed51b8b,c3,c5,1764,?,i12,
1769449789.6608117,RECEIVED,bb9e5691-57bd-41b0-a4e9-d84a548439cc,03132fb2-38b2-4930-a178-95ad2815d756,c1,c3,2462,p1,?,
1769449789.8718777,SENT,686b44cb-25a0-4b2e-ab84-eb2f2501d598,98e1b2b1-4790-4e05-9bd0-97b923eef68b,c1,c3,1763,?,i7,
1769449789.871919,FORWARDED,686b44cb-25a0-4b2e-ab84-eb2f2501d598,98e1b2b1-4790-4e05-9bd0-97b923eef68b,c1,c3,1763,?,i7,
1769449789.8751028,RECEIVED,d362b895-3915-4961-8de4-1131111612b0,021eb5bd-c3c3-4ea6-bef1-d4e6aee5538d,c4,DROP,1452,p1,?,
1769449790.2800684,RECEIVED,b27429fc-d466-4742-bc51-cd02f74976b0,01f03e28-5345-48bd-96b5-ddad8e15556a,c3,DROP,1435,p3,?,
1769449790.3966923,SENT,6825b00d-3439-46fd-ad40-991b796c4959,e79eb1a9-065a-4a90-8ee0-8fcbc8bc4fb4,c2,DROP,1020,?,i10,
1769449790.3967333,FORWARDED,6825b00d-3439-46fd-ad40-991b796c4959,e79eb1a9-065a-4a90-8ee0-8fcbc8bc4fb4,c2,DROP,1020,?,i10,
1769449790.7026763,SENT,d362b895-3915-4961-8de4-1131111612b0,021eb5bd-c3c3-4ea6-bef1-d4e6aee5538d,c4,DROP,1015,?,i10,
1769449790.7027166,FORWARDED,d362b895-3915-4961-8de4-1131111612b0,021eb5bd-c3c3-4ea6-bef1-d4e6aee5538d,c4,DROP,1015,?,i10,
1769449790.7563174,RECEIVED,53322060-876c-4e56-9ffb-4220430d293f,5314ca12-cdfd-4b64-b922-c75475d29e9b,c3,DROP,441,x4,?,
1769449790.7844017,RECEIVED,303cc2de-b98d-4ff5-8a03-3e56e0ac2beb,0fc1ca3d-43d5-4652-b726-5734fbac14a9,c3,DROP,1440,p3,?,
1769449790.804982,SENT,bb9e5691-57bd-41b0-a4e9-d84a548439cc,03132fb2-38b2-4930-a178-95ad2815d756,c1,c3,1775,?,i9,
1769449790.8050227,FORWARDED,bb9e5691-57bd-41b0-a4e9-d84a548439cc,03132fb2-38b2-4930-a178-95ad2815d756,c1,c3,1775,?,i9,
1769449790.8192668,SENT,1e3232da-bc3d-4dc5-bf7f-fed0ac4cdd52,08eae841-9633-48cb-8071-eda824a86420,c1,c3,1764,?,i7,
1769449790.8193102,FORWARDED,1e3232da-bc3d-4dc5-bf7f-fed0ac4cdd52,08eae841-9633-48cb-8071-eda824a86420,c1,c3,1764,?,i7,
1769449790.9399204,RECEIVED,2c25a0d0-4362-49f2-90b6-171e68ab3133,6ed3f1d7-8b8c-4f41-b00d-74fab8ef1f24,c5,DROP,1447,p2,?,
1769449791.0441375,SENT,b27429fc-d466-4742-bc51-cd02f74976b0,01f03e28-5345-48bd-96b5-ddad8e15556a,c3,DROP,1003,?,i1,
1769449791.0441806,FORWARDED,b27429fc-d466-4742-bc51-cd02f74976b0,01f03e28-5345-48bd-96b5-ddad8e15556a,c3,DROP,1003,?,i1,
1769449791.1499763,SENT,303cc2de-b98d-4ff5-8a03-3e56e0ac2beb,0fc1ca3d-43d5-4652-b726-5734fbac14a9,c3,DROP,1008,?,i1,
1769449791.1500185,FORWARDED,303cc2de-b98d-4ff5-8a03-3e56e0ac2beb,0fc1ca3d-43d5-4652-b726-5734fbac14a9,c3,DROP,1008,?,i1,
1769449791.2824678,RECEIVED,c9539a41-613f-48e0-9bdc-801adce2fc3f,e70f180d-e841-49c5-b461-d7a5f3e217d6,c3,DROP,440,x8,?,
1769449791.3209205,RECEIVED,f1889f7b-94a9-4f67-830b-51f83ebafa16,d800d52e-8cb2-4e17-b8d0-c4f6c1c3dcd3,c4,DROP,442,x5,?,
1769449791.5223062,SENT,2c25a0d0-4362-49f2-90b6-171e68ab3133,6ed3f1d7-8b8c-4f41-b00d-74fab8ef1f24,c5,DROP,1012,?,i8,
1769449791.5223458,FORWARDED,2c25a0d0-4362-49f2-90b6-171e68ab3133,6ed3f1d7-8b8c-4f41-b00d-74fab8ef1f24,c5,DROP,1012,?,i8,
1769449792.0098188,RECEIVED,ab71b697-e930-47c9-a20f-7a81a2998f71,57de1e12-024c-480f-8ac5-cb84ef3f18ac,c3,c5,2464,p3,?,
1769449792.0240178,RECEIVED,0c94467e-700a-429c-ae7e-16e22dd3a690,86eaf862-c43c-4739-8a5d-870abacdb5b6,c1,DROP,442,x7,?,
1769449792.0848505,SENT,ab71b697-e930-47c9-a20f-7a81a2998f71,57de1e12-024c-480f-8ac5-cb84ef3f18ac,c3,c5,1775,?,i9,
1769449792.0848823,FORWARDED,ab71b697-e930-47c9-a20f-7a81a2998f71,57de1e12-024c-480f-8ac5-cb84ef3f18ac,c3,c5,1775,?,i9,
1769449792.0856645,RECEIVED,b244c1cb-c5d3-4fc3-913a-f996cd29a8ef,2e8a9c14-b545-4631-b0db-d45593964358,c4,DROP,1443,p1,?,
1769449792.2546322,RECEIVED,2c2a2233-de41-4c24-83d9-1724e3a24c78,7b8aa1c2-1294-482b-bae1-fddccb582028,c2,c1,2471,p2,?,
1769449792.351294,RECEIVED,e08659a1-36cf-4af0-bf92-f1a50220c043,625d45c1-d5d0-446e-ab1c-a5ab8c79445b,c4,DROP,1439,p1,?,
1769449792.389987,RECEIVED,7985ab7f-61bf-46e1-82ca-cde629e4ed3a,922ec415-a99a-4895-985c-6ec213c17018,c1,DROP,1458,p1,?,
1769449792.404114,SENT,7985ab7f-61bf-46e1-82ca-cde629e4ed3a,922ec415-a99a-4895-985c-6ec213c17018,c1,DROP,1020,?,i7,
1769449792.4041476,FORWARDED,7985ab7f-61bf-46e1-82ca-cde629e4ed3a,922ec415-a99a-4895-985c-6ec213c17018,c1,DROP,1020,?,i7,
1769449792.4715722,SENT,2c2a2233-de41-4c24-83d9-1724e3a24c78,7b8aa1c2-1294-482b-bae1-fddccb582028,c2,c1,1780,?,i7,
1769449792.4716117,FORWARDED,2c2a2233-de41-4c24-83d9-1724e3a24c78,7b8aa1c2-1294-482b-bae1-fddccb582028,c2,c1,1780,?,i7,
1769449792.5532675,RECEIVED,37890f28-ec5f-4d71-9e49-634c4a0060ec,88f0c7ae-20d8-4af2-b4d9-41caf21f1f3a,c5,c4,2472,p2,?,
1769449792.6476011,RECEIVED,fbdbf50f-ef10-4dd3-93bc-a2f2d7841e3b,b6a3a489-c118-4062-94b5-9802a9ae4876,c5,c4,2459,p2,?,
1769449792.6512604,SENT,e08659a1-36cf-4af0-bf92-f1a50220c043,625d45c1-d5d0-446e-ab1c-a5ab8c79445b,c4,DROP,1007,?,i4,
1769449792.6512995,FORWARDED,e08659a1-36cf-4af0-bf92-f1a50220c043,625d45c1-d5d0-446e-ab1c-a5ab8c79445b,c4,DROP,1007,?,i4,
1769449792.6639135,RECEIVED,13d375a8-36e1-43cc-8b6f-63aec9b0fd61,853b0a95-4a3c-45a8-bc52-9df3394775de,c2,DROP,1450,p2,?,
1769449792.8365362,RECEIVED,e5326903-c641-4fd7-a021-71021d4ddcc7,11700ee2-550c-419c-889f-557904d92dcd,c2,DROP,1443,p2,?,
1769449793.1661313,RECEIVED,2bf6d1ae-1adf-41ec-a83d-b721122dc502,bd6c0a91-aa6a-4ba9-8ba9-41da2be3cae6,c4,c5,2459,p1,?,
1769449793.2538447,RECEIVED,07eae241-3d56-4a23-a582-29f56de5e433,620f281c-f8e4-4a68-a262-e5256ac60235,c5,DROP,1441,p2,?,
1769449793.3573506,SENT,07eae241-3d56-4a23-a582-29f56de5e433,620f281c-f8e4-4a68-a262-e5256ac60235,c5,DROP,1008,?,i11,
1769449793.3573906,FORWARDED,07eae241-3d56-4a23-a582-29f56de5e433,620f281c-f8e4-4a68-a262-e5256ac60235,c5,DROP,1008,?,i11,
1769449793.4141774,SENT,13d375a8-36e1-43cc-8b6f-63aec9b0fd61,853b0a95-4a3c-45a8-bc52-9df3394775de,c2,DROP,1015,?,i4,
1769449793.4142208,FORWARDED,13d375a8-36e1-43cc-8b6f-63aec9b0fd61,853b0a95-4a3c-45a8-bc52-9df3394775de,c2,DROP,1015,?,i4,
1769449793.4630032,RECEIVED,063aaa8f-d3ac-4a39-890e-f96dffe55105,c7063910-0cd2-4ec2-b38b-c1627f009059,c4,DROP,1433,p1,?,
1769449793.526255,SENT,063aaa8f-d3ac-4a39-890e-f96dffe55105,c7063910-0cd2-4ec2-b38b-c1627f009059,c4,DROP,1002,?,i7,
1769449793.5262985,FORWARDED,063aaa8f-d3ac-4a39-890e-f96dffe55105,c7063910-0cd2-4ec2-b38b-c1627f009059,c4,DROP,1002,?,i7,
1769449793.6096845,SENT,e5326903-c641-4fd7-a021-71021d4ddcc7,11700ee2-550c-419c-889f-557904d92dcd,c2,DROP,1011,?,i5,
1769449793.6097248,FORWARDED,e5326903-c641-4fd7-a021-71021d4ddcc7,11700ee2-550c-419c-889f-557904d92dcd,c2,DROP,1011,?,i5,
1769449793.6271987,SENT,b244c1cb-c5d3-4fc3-913a-f996cd29a8ef,2e8a9c14-b545-4631-b0db-d45593964358,c4,DROP,1010,?,i10,
1769449793.627243,FORWARDED,b244c1cb-c5d3-4fc3-913a-f996cd29a8ef,2e8a9c14-b545-4631-b0db-d45593964358,c4,DROP,1010,?,i10,
1769449793.6422727,SENT,fbdbf50f-ef10-4dd3-93bc-a2f2d7841e3b,b6a3a489-c118-4062-94b5-9802a9ae4876,c5,c4,1771,?,i9,
1769449793.6423206,FORWARDED,fbdbf50f-ef10-4dd3-93bc-a2f2d7841e3b,b6a3a489-c118-4062-94b5-9802a9ae4876,c5,c4,1771,?,i9,
1769449793.904237,RECEIVED,6949f90b-10bd-4449-9201-29c6008d2399,05428deb-2e1e-412a-835e-6b8c62027bc6,c1,DROP,1453,p1,?,
1769449793.9299388,SENT,37890f28-ec5f-4d71-9e49-634c4a0060ec,88f0c7ae-20d8-4af2-b4d9-41caf21f1f3a,c5,c4,1781,?,i11,
1769449793.9299805,FORWARDED,37890f28-ec5f-4d71-9e49-634c4a0060ec,88f0c7ae-20d8-4af2-b4d9-41caf21f1f3a,c5,c4,1781,?,i11,
1769449793.971789,RECEIVED,e473259b-447f-4370-8bfb-cfe4d42c8685,f30778fa-47d4-4955-842b-97bf1fa2ce04,c1,c3,2475,p1,?,
1769449794.0216753,SENT,2bf6d1ae-1adf-41ec-a83d-b721122dc502,bd6c0a91-aa6a-4ba9-8ba9-41da2be3cae6,c4,c5,1772,?,i4,
1769449794.021718,FORWARDED,2bf6d1ae-1adf-41ec-a83d-b721122dc502,bd6c0a91-aa6a-4ba9-8ba9-41da2be3cae6,c4,c5,1772,?,i4,
1769449794.0623064,RECEIVED,ca175f6d-3e5b-4326-8b4f-3f244975f820,9752dcd2-baef-47a6-ad88-96b74730329f,c4,c5,2472,p1,?,
1769449794.1050024,RECEIVED,03b9e6fa-db45-4ee5-8413-5ebdb0737c72,75faecab-9e90-4172-b552-d11848bcc27c,c5,DROP,1449,p2,?,
1769449794.1225483,SENT,6949f90b-10bd-4449-9201-29c6008d2399,05428deb-2e1e-412a-835e-6b8c62027bc6,c1,DROP,1017,?,i12,
1769449794.1225922,FORWARDED,6949f90b-10bd-4449-9201-29c6008d2399,05428deb-2e1e-412a-835e-6b8c62027bc6,c1,DROP,1017,?,i12,
1769449794.2876115,RECEIVED,b0c2d9d9-842b-4251-a8a4-26dd54461d7e,458c796c-107f-4295-9583-0da60889335e,c5,DROP,1440,p2,?,
1769449794.3150578,SENT,ca175f6d-3e5b-4326-8b4f-3f244975f820,9752dcd2-baef-47a6-ad88-96b74730329f,c4,c5,1780,?,i11,
1769449794.315098,FORWARDED,ca175f6d-3e5b-4326-8b4f-3f244975f820,9752dcd2-baef-47a6-ad88-96b74730329f,c4,c5,1780,?,i11,
1769449794.3967836,SENT,03b9e6fa-db45-4ee5-8413-5ebdb0737c72,75faecab-9e90-4172-b552-d11848bcc27c,c5,DROP,1013,?,i12,
1769449794.3968375,FORWARDED,03b9e6fa-db45-4ee5-8413-5ebdb0737c72,75faecab-9e90-4172-b552-d11848bcc27c,c5,DROP,1013,?,i12,
1769449794.4053192,RECEIVED,a390f7db-fc07-499c-9723-e24a269c963d,dd316e68-7040-4188-b237-96da257c34ef,c3,DROP,1440,p3,?,
1769449794.5441406,RECEIVED,f4a2c39e-379f-445f-8642-e02f46ea17f1,22ae60bb-9c8b-48f3-a339-2c5a1c3d2c12,c1,c3,2457,p1,?,
1769449794.5565984,RECEIVED,ad2d31ad-019a-4b6b-b48c-c76b6e76166d,11e01520-08c4-45dd-b5eb-3408a24d0624,c2,DROP,1452,p2,?,
1769449794.57967,RECEIVED,264cf50b-11ce-4372-852b-fedb0d287961,82f8f5de-8a5a-4e93-9b0c-63771e0a460d,c4,DROP,1443,p1,?,
1769449794.5991368,SENT,f4a2c39e-379f-445f-8642-e02f46ea17f1,22ae60bb-9c8b-48f3-a339-2c5a1c3d2c12,c1,c3,1770,?,i3,
1769449794.5991793,FORWARDED,f4a2c39e-379f-445f-8642-e02f46ea17f1,22ae60bb-9c8b-48f3-a339-2c5a1c3d2c12,c1,c3,1770,?,i3,
1769449794.6851978,RECEIVED,b561ed4d-7224-4be5-8674-bf406b460759,3d1270e6-ee8a-4d34-9771-268c26fd6b4e,c3,c5,2465,p3,?,
1769449794.774658,RECEIVED,36396368-936d-49e2-9014-61db326214b5,5444e492-3fc0-407f-b85a-176168febe14,c5,DROP,1443,p2,?,
1769449794.850122,SENT,ad2d31ad-019a-4b6b-b48c-c76b6e76166d,11e01520-08c4-45dd-b5eb-3408a24d0624,c2,DROP,1016,?,i4,
1769449794.8501565,FORWARDED,ad2d31ad-019a-4b6b-b48c-c76b6e76166d,11e01520-08c4-45dd-b5eb-3408a24d0624,c2,DROP,1016,?,i4,
1769449794.8654268,RECEIVED,b9811683-1b33-4afa-9cfa-10badb144936,c99312c0-0bcd-41d5-a8a5-5cbab93153c4,c3,DROP,1439,p3,?,
1769449794.9058151,SENT,b0c2d9d9-842b-4251-a8a4-26dd54461d7e,458c796c-107f-4295-9583-0da60889335e,c5,DROP,1007,?,i11,
1769449794.9058564,FORWARDED,b0c2d9d9-842b-4251-a8a4-26dd54461d7e,458c796c-107f-4295-9583-0da60889335e,c5,DROP,1007,?,i11,
1769449794.9333634,SENT,b561ed4d-7224-4be5-8674-bf406b460759,3d1270e6-ee8a-4d34-9771-268c26fd6b4e,c3,c5,1775,?,i10,
1769449794.9334047,FORWARDED,b561ed4d-7224-4be5-8674-bf406b460759,3d1270e6-ee8a-4d34-9771-268c26fd6b4e,c3,c5,1775,?,i10,
1769449795.1239502,SENT,a390f7db-fc07-499c-9723-e24a269c963d,dd316e68-7040-4188-b237-96da257c34ef,c3,DROP,1008,?,i12,
1769449795.1239915,FORWARDED,a390f7db-fc07-499c-9723-e24a269c963d,dd316e68-7040-4188-b237-96da257c34ef,c3,DROP,1008,?,i12,
1769449795.190901,RECEIVED,12ac9e9a-d0d1-4f84-b54b-b72f33aa3043,cb2e5d4b-f7ef-438c-8717-3d027a00c20d,c5,DROP,1443,p2,?,
1769449795.365254,RECEIVED,90ba52fc-2240-4cf1-b5bb-68f4cfe170e5,076d26c4-319a-468a-a90e-3ab3b1bf9f01,c4,DROP,1440,p1,?,
1769449795.4045217,SENT,36396368-936d-49e2-9014-61db326214b5,5444e492-3fc0-407f-b85a-176168febe14,c5,DROP,1009,?,i3,
1769449795.4045637,FORWARDED,36396368-936d-49e2-9014-61db326214b5,5444e492-3fc0-407f-b85a-176168febe14,c5,DROP,1009,?,i3,
1769449795.4544127,SENT,90ba52fc-2240-4cf1-b5bb-68f4cfe170e5,076d26c4-319a-468a-a90e-3ab3b1bf9f01,c4,DROP,1008,?,i8,
1769449795.454455,FORWARDED,90ba52fc-2240-4cf1-b5bb-68f4cfe170e5,076d26c4-319a-468a-a90e-3ab3b1bf9f01,c4,DROP,1008,?,i8,
1769449795.4718318,SENT,b9811683-1b33-4afa-9cfa-10badb144936,c99312c0-0bcd-41d5-a8a5-5cbab93153c4,c3,DROP,1008,?,i3,
1769449795.4718728,FORWARDED,b9811683-1b33-4afa-9cfa-10badb144936,c99312c0-0bcd-41d5-a8a5-5cbab93153c4,c3,DROP,1008,?,i3,
1769449795.5588818,SENT,12ac9e9a-d0d1-4f84-b54b-b72f33aa3043,cb2e5d4b-f7ef-438c-8717-3d027a00c20d,c5,DROP,1011,?,i8,
1769449795.5589266,FORWARDED,12ac9e9a-d0d1-4f84-b54b-b72f33aa3043,cb2e5d4b-f7ef-438c-8717-3d027a00c20d,c5,DROP,1011,?,i8,
1769449795.641901,SENT,e473259b-447f-4370-8bfb-cfe4d42c8685,f30778fa-47d4-4955-842b-97bf1fa2ce04,c1,c3,1784,?,i9,
1769449795.6419446,FORWARDED,e473259b-447f-4370-8bfb-cfe4d42c8685,f30778fa-47d4-4955-842b-97bf1fa2ce04,c1,c3,1784,?,i9,
1769449795.7024515,RECEIVED,99cd31fb-9adc-45b5-a5d1-18421259fbe5,eb7cc127-74cc-4fab-964d-241e3e36b608,c5,DROP,1443,p2,?,
1769449795.9317462,RECEIVED,f5d97849-59c5-454f-94d4-7f0f722c08a8,db5f92ca-2ec5-4030-874c-5b73e258377d,c4,DROP,441,x7,?,
1769449795.9754949,SENT,264cf50b-11ce-4372-852b-fedb0d287961,82f8f5de-8a5a-4e93-9b0c-63771e0a460d,c4,DROP,1011,?,i3,
1769449795.9755378,FORWARDED,264cf50b-11ce-4372-852b-fedb0d287961,82f8f5de-8a5a-4e93-9b0c-63771e0a460d,c4,DROP,1011,?,i3,
1769449796.1842139,RECEIVED,27f6c399-3a12-4b8a-adf0-3046577b3371,3ddc758d-cb82-4140-986d-73f64efd7f99,c4,c5,2473,p1,?,
1769449796.2719371,SENT,27f6c399-3a12-4b8a-adf0-3046577b3371,3ddc758d-cb82-4140-986d-73f64efd7f99,c4,c5,1781,?,i10,
1769449796.271973,FORWARDED,27f6c399-3a12-4b8a-adf0-3046577b3371,3ddc758d-cb82-4140-986d-73f64efd7f99,c4,c5,1781,?,i10,
1769449796.2944582,RECEIVED,9f33cc27-5a39-497f-bae5-d4d8156adb3d,7cbab1fc-be7f-4cde-a7d8-42d5b651ca8d,c3,DROP,1460,p3,?,
1769449796.584308,RECEIVED,9e4689f0-ef18-4cb6-9f35-53c8a00a6977,473ef0f6-1845-4b89-a066-3b18ac68c255,c5,DROP,1451,p2,?,
1769449796.7233007,RECEIVED,35414252-747b-41b8-843d-efa343e07f46,700bc0a5-8848-4231-8b3f-d2f3649c5c56,c4,DROP,1444,p1,?,
1769449796.7519088,RECEIVED,8cdb8eaa-bef4-4ecd-bb6f-99b9d18bf9fc,ce993c72-5609-4cef-8407-878d6a77064f,c1,DROP,1438,p1,?,
1769449796.8469765,SENT,9e4689f0-ef18-4cb6-9f35-53c8a00a6977,473ef0f6-1845-4b89-a066-3b18ac68c255,c5,DROP,1016,?,i5,
1769449796.8470168,FORWARDED,9e4689f0-ef18-4cb6-9f35-53c8a00a6977,473ef0f6-1845-4b89-a066-3b18ac68c255,c5,DROP,1016,?,i5,
1769449796.9604099,RECEIVED,fad35214-3911-4f10-8b21-f59002f2325f,2988d3b2-722f-4123-b08c-c19b2bcec18c,c5,DROP,1439,p2,?,
1769449797.0441656,SENT,9f33cc27-5a39-497f-bae5-d4d8156adb3d,7cbab1fc-be7f-4cde-a7d8-42d5b651ca8d,c3,DROP,1021,?,i10,
1769449797.0442073,FORWARDED,9f33cc27-5a39-497f-bae5-d4d8156adb3d,7cbab1fc-be7f-4cde-a7d8-42d5b651ca8d,c3,DROP,1021,?,i10,
1769449797.0461473,RECEIVED,4d1fa5ea-7573-4c21-a878-2f37d6dc1bff,16acf5b0-7450-4f92-b895-1798a1eedfca,c1,DROP,1439,p1,?,
1769449797.0562234,SENT,35414252-747b-41b8-843d-efa343e07f46,700bc0a5-8848-4231-8b3f-d2f3649c5c56,c4,DROP,1011,?,i1,
1769449797.056263,FORWARDED,35414252-747b-41b8-843d-efa343e07f46,700bc0a5-8848-4231-8b3f-d2f3649c5c56,c4,DROP,1011,?,i1,
1769449797.0770037,SENT,fad35214-3911-4f10-8b21-f59002f2325f,2988d3b2-722f-4123-b08c-c19b2bcec18c,c5,DROP,1008,?,i1,
1769449797.0770576,FORWARDED,fad35214-3911-4f10-8b21-f59002f2325f,2988d3b2-722f-4123-b08c-c19b2bcec18c,c5,DROP,1008,?,i1,
1769449797.1529284,RECEIVED,fef7dcdb-689c-423f-b776-98533e6dca08,9a18b9bc-1b2f-400b-960b-78bd5c797dbb,c4,c5,2456,p1,?,
1769449797.19303,SENT,fef7dcdb-689c-423f-b776-98533e6dca08,9a18b9bc-1b2f-400b-960b-78bd5c797dbb,c4,c5,1768,?,i8,
1769449797.1930797,FORWARDED,fef7dcdb-689c-423f-b776-98533e6dca08,9a18b9bc-1b2f-400b-960b-78bd5c797dbb,c4,c5,1768,?,i8,
1769449797.339064,RECEIVED,491b2b16-6ec5-46cb-92f9-ca5d3d449ab3,efcc58d6-47e5-4c62-b39b-5688a290d520,c1,DROP,442,x11,?,
1769449797.587229,RECEIVED,8166f5f7-fc9c-4bd9-914c-dce068185b50,c2e76d24-bee0-4b61-acce-632a77f0735a,c1,c3,2471,p1,?,
1769449797.6514692,RECEIVED,fe39e727-0626-460c-8086-bc7fe5b2e378,6e58ffdf-2f7b-44ed-8b03-6f2a12b08f7e,c3,DROP,1439,p3,?,
1769449797.7751303,RECEIVED,aa4af028-290b-47e7-aef2-c022c135afc6,2cdede95-dcc8-4027-a130-f29693275d19,c5,DROP,1444,p2,?,
1769449797.7759383,SENT,99cd31fb-9adc-45b5-a5d1-18421259fbe5,eb7cc127-74cc-4fab-964d-241e3e36b608,c5,DROP,1009,?,i9,
1769449797.776223,FORWARDED,99cd31fb-9adc-45b5-a5d1-18421259fbe5,eb7cc127-74cc-4fab-964d-241e3e36b608,c5,DROP,1009,?,i9,
1769449797.840762,SENT,8166f5f7-fc9c-4bd9-914c-dce068185b50,c2e76d24-bee0-4b61-acce-632a77f0735a,c1,c3,1780,?,i8,
1769449797.8408134,FORWARDED,8166f5f7-fc9c-4bd9-914c-dce068185b50,c2e76d24-bee0-4b61-acce-632a77f0735a,c1,c3,1780,?,i8,
1769449797.9210985,RECEIVED,ca8269f6-5a83-47eb-a43c-03aeb44196dd,cc3df907-a8f4-439d-8e47-f85b1c7579de,c2,c1,2480,p2,?,
1769449797.9239516,SENT,aa4af028-290b-47e7-aef2-c022c135afc6,2cdede95-dcc8-4027-a130-f29693275d19,c5,DROP,1011,?,i7,
1769449797.9239933,FORWARDED,aa4af028-290b-47e7-aef2-c022c135afc6,2cdede95-dcc8-4027-a130-f29693275d19,c5,DROP,1011,?,i7,
1769449797.9881907,SENT,ca8269f6-5a83-47eb-a43c-03aeb44196dd,cc3df907-a8f4-439d-8e47-f85b1c7579de,c2,c1,1786,?,i5,
1769449797.9882293,FORWARDED,ca8269f6-5a83-47eb-a43c-03aeb44196dd,cc3df907-a8f4-439d-8e47-f85b1c7579de,c2,c1,1786,?,i5,
1769449798.0014794,RECEIVED,733d1a4e-c205-42a2-8fcd-8a63f13062f2,d59608a9-0ff6-4183-8c6a-7bdde30b59ca,c1,c3,2460,p1,?,
1769449798.1271713,SENT,4d1fa5ea-7573-4c21-a878-2f37d6dc1bff,16acf5b0-7450-4f92-b895-1798a1eedfca,c1,DROP,1008,?,i8,
1769449798.1272159,FORWARDED,4d1fa5ea-7573-4c21-a878-2f37d6dc1bff,16acf5b0-7450-4f92-b895-1798a1eedfca,c1,DROP,1008,?,i8,
1769449798.130178,RECEIVED,3708d221-aa8e-4458-a73a-529615890e99,15690098-9c5b-4c12-ab02-219831f2a052,c3,DROP,1440,p3,?,
1769449798.2172296,SENT,733d1a4e-c205-42a2-8fcd-8a63f13062f2,d59608a9-0ff6-4183-8c6a-7bdde30b59ca,c1,c3,1773,?,i4,
1769449798.217273,FORWARDED,733d1a4e-c205-42a2-8fcd-8a63f13062f2,d59608a9-0ff6-4183-8c6a-7bdde30b59ca,c1,c3,1773,?,i4,
1769449798.2326171,SENT,3708d221-aa8e-4458-a73a-529615890e99,15690098-9c5b-4c12-ab02-219831f2a052,c3,DROP,1008,?,i5,
1769449798.2326555,FORWARDED,3708d221-aa8e-4458-a73a-529615890e99,15690098-9c5b-4c12-ab02-219831f2a052,c3,DROP,1008,?,i5,
1769449798.279883,RECEIVED,91b00525-9748-4260-a599-0f91f1b899ef,668fb6b0-508d-464f-a37e-1dcf953accb1,c4,c5,2473,p1,?,
1769449798.6190674,SENT,91b00525-9748-4260-a599-0f91f1b899ef,668fb6b0-508d-464f-a37e-1dcf953accb1,c4,c5,1782,?,i10,
1769449798.6191092,FORWARDED,91b00525-9748-4260-a599-0f91f1b899ef,668fb6b0-508d-464f-a37e-1dcf953accb1,c4,c5,1782,?,i10,
1769449798.6737459,RECEIVED,6c390578-04fc-474d-a848-d8c174527687,4e420e68-f2f5-4308-b70b-1522db3e86b4,c4,DROP,1439,p1,?,
1769449798.6822336,RECEIVED,cd0cd329-d85a-44df-b701-88cb97b1668a,6f2c87b4-e54c-41cd-be24-43c6536ec76c,c4,DROP,1447,p1,?,
1769449798.7562337,SENT,fe39e727-0626-460c-8086-bc7fe5b2e378,6e58ffdf-2f7b-44ed-8b03-6f2a12b08f7e,c3,DROP,1007,?,i1,
1769449798.7563283,FORWARDED,fe39e727-0626-460c-8086-bc7fe5b2e378,6e58ffdf-2f7b-44ed-8b03-6f2a12b08f7e,c3,DROP,1007,?,i1,
1769449798.8091304,RECEIVED,cf967fac-bdb1-447f-83d3-1b99842008c8,8c5322c7-1de6-46e2-af1e-21ec6fb29e12,c1,DROP,1449,p1,?,
1769449798.887927,SENT,cf967fac-bdb1-447f-83d3-1b99842008c8,8c5322c7-1de6-46e2-af1e-21ec6fb29e12,c1,DROP,1013,?,i12,
1769449798.887969,FORWARDED,cf967fac-bdb1-447f-83d3-1b99842008c8,8c5322c7-1de6-46e2-af1e-21ec6fb29e12,c1,DROP,1013,?,i12,
1769449798.937019,RECEIVED,034d454f-221f-47ee-b831-949924fed2fc,53334eac-50a8-4730-a784-09b374bc02f1,c4,DROP,1448,p1,?,
1769449799.0876203,RECEIVED,483e10d2-ad17-47e0-8f3c-c1a39bfe8eb6,9d1b1ee0-f251-4609-b9da-ef9550aa71ab,c1,c3,2471,p1,?,
1769449799.2262607,SENT,034d454f-221f-47ee-b831-949924fed2fc,53334eac-50a8-4730-a784-09b374bc02f1,c4,DROP,1012,?,i8,
1769449799.226301,FORWARDED,034d454f-221f-47ee-b831-949924fed2fc,53334eac-50a8-4730-a784-09b374bc02f1,c4,DROP,1012,?,i8,
1769449799.268165,RECEIVED,9d6e09d4-b0e9-4397-89fc-0ecc6e0eaf5c,22f3d911-5f51-4568-80a2-208d51d06c0c,c4,c5,2464,p1,?,
1769449799.3276584,RECEIVED,34af2612-835d-4c2e-bf17-4551d142880b,ada687e1-494b-444d-b82c-a1eec6ad17c5,c2,c1,2476,p2,?,
1769449799.328413,SENT,9d6e09d4-b0e9-4397-89fc-0ecc6e0eaf5c,22f3d911-5f51-4568-80a2-208d51d06c0c,c4,c5,1775,?,i4,
1769449799.3284519,FORWARDED,9d6e09d4-b0e9-4397-89fc-0ecc6e0eaf5c,22f3d911-5f51-4568-80a2-208d51d06c0c,c4,c5,1775,?,i4,
1769449799.4398198,SENT,8cdb8eaa-bef4-4ecd-bb6f-99b9d18bf9fc,ce993c72-5609-4cef-8407-878d6a77064f,c1,DROP,1007,?,i9,
1769449799.4398928,FORWARDED,8cdb8eaa-bef4-4ecd-bb6f-99b9d18bf9fc,ce993c72-5609-4cef-8407-878d6a77064f,c1,DROP,1007,?,i9,
1769449799.5446763,SENT,34af2612-835d-4c2e-bf17-4551d142880b,ada687e1-494b-444d-b82c-a1eec6ad17c5,c2,c1,1784,?,i2,
1769449799.5447202,FORWARDED,34af2612-835d-4c2e-bf17-4551d142880b,ada687e1-494b-444d-b82c-a1eec6ad17c5,c2,c1,1784,?,i2,
1769449799.5866644,SENT,cd0cd329-d85a-44df-b701-88cb97b1668a,6f2c87b4-e54c-41cd-be24-43c6536ec76c,c4,DROP,1013,?,i6,
1769449799.5867069,FORWARDED,cd0cd329-d85a-44df-b701-88cb97b1668a,6f2c87b4-e54c-41cd-be24-43c6536ec76c,c4,DROP,1013,?,i6,
1769449799.6706915,RECEIVED,b39de1da-e7f8-4f69-85b8-8718edd8a701,ecf1bafd-d347-4c8f-9d84-98fbc146d5df,c3,DROP,442,x3,?,
1769449799.7302415,SENT,483e10d2-ad17-47e0-8f3c-c1a39bfe8eb6,9d1b1ee0-f251-4609-b9da-ef9550aa71ab,c1,c3,1780,?,i2,
1769449799.730283,FORWARDED,483e10d2-ad17-47e0-8f3c-c1a39bfe8eb6,9d1b1ee0-f251-4609-b9da-ef9550aa71ab,c1,c3,1780,?,i2,
1769449800.2146688,RECEIVED,c2b722d2-03cb-4c02-b337-c3fdcba10205,386d99aa-d6f9-4f85-a9fb-a16375304ee7,c1,DROP,1440,p1,?,
1769449800.3138523,RECEIVED,63fe0abe-e2e6-4153-aa20-780fcc4bae26,8a44080c-64e8-4f91-8110-fb342a4427d9,c1,c3,2461,p1,?,
1769449800.3189218,SENT,6c390578-04fc-474d-a848-d8c174527687,4e420e68-f2f5-4308-b70b-1522db3e86b4,c4,DROP,1008,?,i5,
1769449800.3189578,FORWARDED,6c390578-04fc-474d-a848-d8c174527687,4e420e68-f2f5-4308-b70b-1522db3e86b4,c4,DROP,1008,?,i5,
1769449800.4597723,RECEIVED,15bf02da-ba79-495b-8912-f07e44706779,8a72b6d4-9b37-4ebb-841b-8384d5c8ead9,c2,DROP,1450,p2,?,
1769449800.470169,SENT,c2b722d2-03cb-4c02-b337-c3fdcba10205,386d99aa-d6f9-4f85-a9fb-a16375304ee7,c1,DROP,1008,?,i4,
1769449800.4702125,FORWARDED,c2b722d2-03cb-4c02-b337-c3fdcba10205,386d99aa-d6f9-4f85-a9fb-a16375304ee7,c1,DROP,1008,?,i4,
1769449800.5406566,SENT,63fe0abe-e2e6-4153-aa20-780fcc4bae26,8a44080c-64e8-4f91-8110-fb342a4427d9,c1,c3,1772,?,i12,
1769449800.5406964,FORWARDED,63fe0abe-e2e6-4153-aa20-780fcc4bae26,8a44080c-64e8-4f91-8110-fb342a4427d9,c1,c3,1772,?,i12,
1769449800.5936635,RECEIVED,d08d6c8a-a011-4d42-95e1-581217fe0c6d,efb8fa01-cf9a-4693-90c8-b6fc122eb60d,c3,DROP,1448,p3,?,
1769449800.7921665,SENT,15bf02da-ba79-495b-8912-f07e44706779,8a72b6d4-9b37-4ebb-841b-8384d5c8ead9,c2,DROP,1015,?,i5,
1769449800.7922578,FORWARDED,15bf02da-ba79-495b-8912-f07e44706779,8a72b6d4-9b37-4ebb-841b-8384d5c8ead9,c2,DROP,1015,?,i5,
1769449800.8069453,RECEIVED,61d78727-391d-457a-b646-ac7ae3ded50e,2f23f1b7-989b-4b68-96f8-fa131dd0cf3c,c2,DROP,1441,p2,?,
1769449800.8975813,SENT,61d78727-391d-457a-b646-ac7ae3ded50e,2f23f1b7-989b-4b68-96f8-fa131dd0cf3c,c2,DROP,1008,?,i7,
1769449800.8981013,FORWARDED,61d78727-391d-457a-b646-ac7ae3ded50e,2f23f1b7-989b-4b68-96f8-fa131dd0cf3c,c2,DROP,1008,?,i7,
1769449800.9300017,RECEIVED,83b7bc64-b3d6-4808-851e-629c78d9a22f,5f264dfc-6a3a-4241-9a38-8f1a6eea99fc,c3,DROP,1451,p3,?,
1769449800.9569006,RECEIVED,0bf88983-efa4-4351-8e26-a72105cff942,ef42915d-9fed-4994-a503-fec120046915,c3,c5,2448,p3,?,
1769449801.0760965,SENT,0bf88983-efa4-4351-8e26-a72105cff942,ef42915d-9fed-4994-a503-fec120046915,c3,c5,1764,?,i8,
1769449801.0761392,FORWARDED,0bf88983-efa4-4351-8e26-a72105cff942,ef42915d-9fed-4994-a503-fec120046915,c3,c5,1764,?,i8,
1769449801.0871263,SENT,d08d6c8a-a011-4d42-95e1-581217fe0c6d,efb8fa01-cf9a-4693-90c8-b6fc122eb60d,c3,DROP,1014,?,i5,
1769449801.0871646,FORWARDED,d08d6c8a-a011-4d42-95e1-581217fe0c6d,efb8fa01-cf9a-4693-90c8-b6fc122eb60d,c3,DROP,1014,?,i5,
1769449801.099083,RECEIVED,d0f15805-bb32-4cc3-9553-068f5b9cd53d,c2278de5-79db-43ff-9ee1-a19ae41e6606,c5,c4,2454,p2,?,
1769449801.2122018,RECEIVED,dc75c969-7ec6-4a74-b919-cd769efcd0b4,cb5ce80b-f90d-4fb2-a360-59284d6c6683,c1,c3,2464,p1,?,
1769449801.2741213,RECEIVED,6f653172-838d-4d22-9f31-970f339033b5,87cf6496-b3b9-448e-8cd2-233742cf7878,c5,c4,2463,p2,?,
1769449801.3416007,RECEIVED,e5c2729c-5a39-46b3-a45b-5d3cb062c19a,eb8148fd-2989-4992-a792-bf271e497366,c2,c1,2443,p2,?,
1769449801.4034407,SENT,83b7bc64-b3d6-4808-851e-629c78d9a22f,5f264dfc-6a3a-4241-9a38-8f1a6eea99fc,c3,DROP,1016,?,i6,
1769449801.4034834,FORWARDED,83b7bc64-b3d6-4808-851e-629c78d9a22f,5f264dfc-6a3a-4241-9a38-8f1a6eea99fc,c3,DROP,1016,?,i6,
1769449801.4310417,RECEIVED,6f670ad1-5b53-4a76-a8d4-d41fd5ab88c0,53023679-95a6-4286-9c9f-684e88757fad,c2,DROP,1445,p2,?,
1769449801.5069842,SENT,6f670ad1-5b53-4a76-a8d4-d41fd5ab88c0,53023679-95a6-4286-9c9f-684e88757fad,c2,DROP,1011,?,i11,
1769449801.5070245,FORWARDED,6f670ad1-5b53-4a76-a8d4-d41fd5ab88c0,53023679-95a6-4286-9c9f-684e88757fad,c2,DROP,1011,?,i11,
1769449801.5869164,RECEIVED,0572832c-61d6-4787-b299-7dd64940e5ed,99d60c33-eb52-4fcb-ad0b-1ded59deaa16,c3,DROP,1440,p3,?,
1769449801.710364,SENT,6f653172-838d-4d22-9f31-970f339033b5,87cf6496-b3b9-448e-8cd2-233742cf7878,c5,c4,1776,?,i9,
1769449801.710405,FORWARDED,6f653172-838d-4d22-9f31-970f339033b5,87cf6496-b3b9-448e-8cd2-233742cf7878,c5,c4,1776,?,i9,
1769449801.7261248,SENT,dc75c969-7ec6-4a74-b919-cd769efcd0b4,cb5ce80b-f90d-4fb2-a360-59284d6c6683,c1,c3,1775,?,i10,
1769449801.7261646,FORWARDED,dc75c969-7ec6-4a74-b919-cd769efcd0b4,cb5ce80b-f90d-4fb2-a360-59284d6c6683,c1,c3,1775,?,i10,
1769449801.8555655,SENT,0572832c-61d6-4787-b299-7dd64940e5ed,99d60c33-eb52-4fcb-ad0b-1ded59deaa16,c3,DROP,1007,?,i6,
1769449801.8556056,FORWARDED,0572832c-61d6-4787-b299-7dd64940e5ed,99d60c33-eb52-4fcb-ad0b-1ded59deaa16,c3,DROP,1007,?,i6,
1769449801.919821,RECEIVED,70cd6e1f-52fc-4610-a779-7fe6f14bf955,1645ddcd-6fdf-4ed8-beba-49f3aadfa80e,c2,c1,2464,p2,?,
1769449802.012714,RECEIVED,b594abe2-3f7b-4e90-952e-a13e755bc6ac,15ac9464-5bf3-457b-b12d-a04c008bc34b,c2,DROP,442,x7,?,
1769449802.0702665,SENT,e5c2729c-5a39-46b3-a45b-5d3cb062c19a,eb8148fd-2989-4992-a792-bf271e497366,c2,c1,1760,?,i6,
1769449802.0703058,FORWARDED,e5c2729c-5a39-46b3-a45b-5d3cb062c19a,eb8148fd-2989-4992-a792-bf271e497366,c2,c1,1760,?,i6,
1769449802.0721958,RECEIVED,83ff1c7d-d4f1-4504-b31b-942fe814403c,c491f302-47bb-4171-8d0a-4685d4ab7cad,c5,DROP,1441,p2,?,
1769449802.1726081,SENT,83ff1c7d-d4f1-4504-b31b-942fe814403c,c491f302-47bb-4171-8d0a-4685d4ab7cad,c5,DROP,1007,?,i3,
1769449802.1726515,FORWARDED,83ff1c7d-d4f1-4504-b31b-942fe814403c,c491f302-47bb-4171-8d0a-4685d4ab7cad,c5,DROP,1007,?,i3,
1769449802.2665741,RECEIVED,3c290115-e40b-4851-a47a-cd9774995245,66db5c1e-7af5-4071-9f1b-b2f78232a37f,c4,c5,2447,p1,?,
1769449802.311566,RECEIVED,5f2ce438-cc59-4a02-bfda-0eabb3678ba4,90129a30-d189-4266-937b-e6c926863484,c1,DROP,441,x4,?,
1769449802.373101,SENT,70cd6e1f-52fc-4610-a779-7fe6f14bf955,1645ddcd-6fdf-4ed8-beba-49f3aadfa80e,c2,c1,1775,?,i5,
1769449802.3731508,FORWARDED,70cd6e1f-52fc-4610-a779-7fe6f14bf955,1645ddcd-6fdf-4ed8-beba-49f3aadfa80e,c2,c1,1775,?,i5,
1769449802.5648787,SENT,3c290115-e40b-4851-a47a-cd9774995245,66db5c1e-7af5-4071-9f1b-b2f78232a37f,c4,c5,1763,?,i1,
1769449802.5649197,FORWARDED,3c290115-e40b-4851-a47a-cd9774995245,66db5c1e-7af5-4071-9f1b-b2f78232a37f,c4,c5,1763,?,i1,
1769449802.586193,RECEIVED,bf500fe1-9816-4bf4-ba5c-8a20dcf4d979,1a3c7d25-fca7-436c-8418-e2a8f31b2cdc,c4,c5,2453,p1,?,
1769449802.5981865,RECEIVED,872aa08d-6656-4245-9f7c-c33ac490e1e5,60ecca01-c34e-4919-9f79-8421285ffaca,c5,c4,2468,p2,?,
1769449802.6226408,RECEIVED,2c9f9650-6046-43b9-bf94-899e4d8694c8,7af60418-8a04-4b6d-be2f-513f86eef83b,c4,c5,2459,p1,?,
1769449802.6704357,SENT,bf500fe1-9816-4bf4-ba5c-8a20dcf4d979,1a3c7d25-fca7-436c-8418-e2a8f31b2cdc,c4,c5,1765,?,i2,
1769449802.6704779,FORWARDED,bf500fe1-9816-4bf4-ba5c-8a20dcf4d979,1a3c7d25-fca7-436c-8418-e2a8f31b2cdc,c4,c5,1765,?,i2,
1769449802.6916287,SENT,872aa08d-6656-4245-9f7c-c33ac490e1e5,60ecca01-c34e-4919-9f79-8421285ffaca,c5,c4,1779,?,i4,
1769449802.6916678,FORWARDED,872aa08d-6656-4245-9f7c-c33ac490e1e5,60ecca01-c34e-4919-9f79-8421285ffaca,c5,c4,1779,?,i4,
1769449802.7126987,RECEIVED,f353f70b-cea9-40fc-a8d6-53be59f6d517,66dd8214-8667-493f-8fb3-364b887c6758,c3,DROP,1439,p3,?,
1769449802.7773578,RECEIVED,fd98dfff-da40-47b1-a7cc-f757dce45652,93622ee6-744d-41b7-9491-4dc9f46f7367,c4,c5,2463,p1,?,
1769449802.8084862,SENT,2c9f9650-6046-43b9-bf94-899e4d8694c8,7af60418-8a04-4b6d-be2f-513f86eef83b,c4,c5,1771,?,i8,
1769449802.808527,FORWARDED,2c9f9650-6046-43b9-bf94-899e4d8694c8,7af60418-8a04-4b6d-be2f-513f86eef83b,c4,c5,1771,?,i8,
1769449803.4577534,SENT,f353f70b-cea9-40fc-a8d6-53be59f6d517,66dd8214-8667-493f-8fb3-364b887c6758,c3,DROP,1008,?,i3,
1769449803.4577959,FORWARDED,f353f70b-cea9-40fc-a8d6-53be59f6d517,66dd8214-8667-493f-8fb3-364b887c6758,c3,DROP,1008,?,i3,
1769449803.4646206,RECEIVED,adf7a490-fadb-4b9e-9c38-92dbc8103348,1be301dd-e0a3-4999-a66f-656781493047,c2,c1,2452,p2,?,
1769449803.7596,RECEIVED,2ab842a6-062c-4a2f-a783-ee67681921e9,146b0868-147e-4573-9898-0f37f2000db9,c2,DROP,1447,p2,?,
1769449803.7853806,SENT,fd98dfff-da40-47b1-a7cc-f757dce45652,93622ee6-744d-41b7-9491-4dc9f46f7367,c4,c5,1776,?,i6,
1769449803.7854226,FORWARDED,fd98dfff-da40-47b1-a7cc-f757dce45652,93622ee6-744d-41b7-9491-4dc9f46f7367,c4,c5,1776,?,i6,
1769449803.7976003,SENT,adf7a490-fadb-4b9e-9c38-92dbc8103348,1be301dd-e0a3-4999-a66f-656781493047,c2,c1,1767,?,i12,
1769449803.797642,FORWARDED,adf7a490-fadb-4b9e-9c38-92dbc8103348,1be301dd-e0a3-4999-a66f-656781493047,c2,c1,1767,?,i12,
1769449803.8441863,SENT,d0f15805-bb32-4cc3-9553-068f5b9cd53d,c2278de5-79db-43ff-9ee1-a19ae41e6606,c5,c4,1769,?,i7,
1769449803.8442516,FORWARDED,d0f15805-bb32-4cc3-9553-068f5b9cd53d,c2278de5-79db-43ff-9ee1-a19ae41e6606,c5,c4,1769,?,i7,
1769449804.0461304,RECEIVED,5991b38a-2623-493a-b836-8f7e385e592a,a386edae-fa36-4d67-bdf3-504022c81798,c2,c1,2473,p2,?,
1769449804.1314695,RECEIVED,caa90aa6-8965-4447-90bc-22ba98c96770,1379080b-8283-4d48-a43f-0f739e2789aa,c2,c1,2475,p2,?,
1769449804.2814202,RECEIVED,d55a4e13-2e00-48d6-b5cb-58425a4cef4f,d1cd410d-0443-475b-a934-67497e87c6f0,c2,DROP,442,x9,?,
1769449804.3779664,SENT,5991b38a-2623-493a-b836-8f7e385e592a,a386edae-fa36-4d67-bdf3-504022c81798,c2,c1,1781,?,i11,
1769449804.378013,FORWARDED,5991b38a-2623-493a-b836-8f7e385e592a,a386edae-fa36-4d67-bdf3-504022c81798,c2,c1,1781,?,i11,
1769449804.4323258,RECEIVED,1c556403-405e-41e1-bd89-be85f9e33f1b,20a1a637-4a29-4017-ad7e-c1ed1cf4ffc6,c4,DROP,1455,p1,?,
1769449804.585663,SENT,1c556403-405e-41e1-bd89-be85f9e33f1b,20a1a637-4a29-4017-ad7e-c1ed1cf4ffc6,c4,DROP,1020,?,i3,
1769449804.5857027,FORWARDED,1c556403-405e-41e1-bd89-be85f9e33f1b,20a1a637-4a29-4017-ad7e-c1ed1cf4ffc6,c4,DROP,1020,?,i3,
1769449804.5976284,RECEIVED,f5d9042a-ff52-42a9-b502-ffc0de37c731,60b9307b-cb23-485e-871e-80c9988d856e,c3,c5,2466,p3,?,
1769449804.7221465,SENT,caa90aa6-8965-4447-90bc-22ba98c96770,1379080b-8283-4d48-a43f-0f739e2789aa,c2,c1,1783,?,i11,
1769449804.7221987,FORWARDED,caa90aa6-8965-4447-90bc-22ba98c96770,1379080b-8283-4d48-a43f-0f739e2789aa,c2,c1,1783,?,i11,
1769449804.8699682,SENT,2ab842a6-062c-4a2f-a783-ee67681921e9,146b0868-147e-4573-9898-0f37f2000db9,c2,DROP,1014,?,i8,
1769449804.8701746,FORWARDED,2ab842a6-062c-4a2f-a783-ee67681921e9,146b0868-147e-4573-9898-0f37f2000db9,c2,DROP,1014,?,i8,
1769449804.8840153,RECEIVED,4f892dc9-0e52-4476-b22e-b1eab855d689,6a07368f-0d90-4053-a217-678f9e674f56,c3,c5,2447,p3,?,
1769449804.8892546,RECEIVED,064c985a-06bd-43c6-9826-8f5c18a5808f,529bb055-15f7-4186-b15a-515c305f18cc,c5,c4,2472,p2,?,
1769449805.0573552,RECEIVED,55a7b1ef-54c9-40cc-942f-a40f8f66582c,e8b6a711-0493-4866-bfab-6238a611288a,c2,c1,2444,p2,?,
1769449805.1514258,SENT,4f892dc9-0e52-4476-b22e-b1eab855d689,6a07368f-0d90-4053-a217-678f9e674f56,c3,c5,1763,?,i4,
1769449805.1514666,FORWARDED,4f892dc9-0e52-4476-b22e-b1eab855d689,6a07368f-0d90-4053-a217-678f9e674f56,c3,c5,1763,?,i4,
1769449805.1638317,RECEIVED,3db37fb4-c70d-4e13-9b8f-ff8cbf6dce58,1a9d90a7-a2f0-4dac-bd40-7738fe4cb4f9,c4,DROP,1439,p1,?,
1769449805.2041452,RECEIVED,fa1195ab-247d-4b7e-8379-5702335aafab,350e7f7a-fa6d-4084-a716-8ee799790c50,c1,DROP,442,x1,?,
1769449805.294916,SENT,3db37fb4-c70d-4e13-9b8f-ff8cbf6dce58,1a9d90a7-a2f0-4dac-bd40-7738fe4cb4f9,c4,DROP,1007,?,i8,
1769449805.2949593,FORWARDED,3db37fb4-c70d-4e13-9b8f-ff8cbf6dce58,1a9d90a7-a2f0-4dac-bd40-7738fe4cb4f9,c4,DROP,1007,?,i8,
1769449805.334827,SENT,55a7b1ef-54c9-40cc-942f-a40f8f66582c,e8b6a711-0493-4866-bfab-6238a611288a,c2,c1,1759,?,i1,
1769449805.3348699,FORWARDED,55a7b1ef-54c9-40cc-942f-a40f8f66582c,e8b6a711-0493-4866-bfab-6238a611288a,c2,c1,1759,?,i1,
1769449805.3454776,RECEIVED,613e7016-2396-432b-a492-b487c373b4e5,b3b7f4bd-d4db-401f-9728-80d99fec64d7,c4,DROP,1439,p1,?,
1769449805.5532775,RECEIVED,a8e4652a-fe0a-4fc8-befd-2ff65dd183f0,19e4e5a1-c799-4797-8fae-41730f78ddbd,c1,DROP,447,x1,?,
1769449805.5958776,RECEIVED,e9aae982-e968-4ddc-b898-1cbfe5e9f08b,72ec87b2-c059-412c-a751-955d06f40176,c2,DROP,1438,p2,?,
1769449805.6701987,SENT,f5d9042a-ff52-42a9-b502-ffc0de37c731,60b9307b-cb23-485e-871e-80c9988d856e,c3,c5,1779,?,i7,
1769449805.6702461,FORWARDED,f5d9042a-ff52-42a9-b502-ffc0de37c731,60b9307b-cb23-485e-871e-80c9988d856e,c3,c5,1779,?,i7,
1769449805.7229176,RECEIVED,5df87af5-4ee5-47fa-afb4-7e9010a4ff4b,261746af-07ef-41fb-a500-eb50cddb0dab,c2,DROP,1449,p2,?,
1769449805.8283718,RECEIVED,24b4008e-8f58-4e22-88b2-e0d23dae96a9,c8cf95c8-6d23-4f85-b762-df6187d4b466,c3,DROP,1440,p3,?,
1769449805.8748112,RECEIVED,a7f18d24-0c6e-44a7-ab27-02d229b174ad,99217bd3-451a-48ed-80d5-67518e565e79,c3,c5,2475,p3,?,
1769449805.8885496,SENT,5df87af5-4ee5-47fa-afb4-7e9010a4ff4b,261746af-07ef-41fb-a500-eb50cddb0dab,c2,DROP,1013,?,i12,
1769449805.8885899,FORWARDED,5df87af5-4ee5-47fa-afb4-7e9010a4ff4b,261746af-07ef-41fb-a500-eb50cddb0dab,c2,DROP,1013,?,i12,
1769449805.9538178,RECEIVED,1c35ee8c-f205-46d3-be91-f6c0ac4b4d14,fd0914c1-2ab7-428b-a579-6e8a93d6f3a9,c3,DROP,1438,p3,?,
1769449805.976828,SENT,613e7016-2396-432b-a492-b487c373b4e5,b3b7f4bd-d4db-401f-9728-80d99fec64d7,c4,DROP,1007,?,i1,
1769449805.9768684,FORWARDED,613e7016-2396-432b-a492-b487c373b4e5,b3b7f4bd-d4db-401f-9728-80d99fec64d7,c4,DROP,1007,?,i1,
1769449806.001982,RECEIVED,bdea24ce-3a20-457f-9275-1b02cdb5f43d,0252a0c8-98ba-4df9-87e8-656ee97018dc,c1,DROP,441,x7,?,
1769449806.0405743,RECEIVED,3d1436ad-fc17-45f7-833b-7c95a53e3a88,9402f3c0-6a6c-4af5-953f-0e69c5fd3fe3,c2,DROP,1444,p2,?,
1769449806.0678797,SENT,064c985a-06bd-43c6-9826-8f5c18a5808f,529bb055-15f7-4186-b15a-515c305f18cc,c5,c4,1780,?,i11,
1769449806.0679202,FORWARDED,064c985a-06bd-43c6-9826-8f5c18a5808f,529bb055-15f7-4186-b15a-515c305f18cc,c5,c4,1780,?,i11,
1769449806.1184893,RECEIVED,7bae8f55-2137-4c3f-b649-2a8e78af946b,8bcb2d42-8c96-4381-9199-7c3b2370acd7,c5,DROP,1439,p2,?,
1769449806.2062907,SENT,a7f18d24-0c6e-44a7-ab27-02d229b174ad,99217bd3-451a-48ed-80d5-67518e565e79,c3,c5,1783,?,i5,
1769449806.2063327,FORWARDED,a7f18d24-0c6e-44a7-ab27-02d229b174ad,99217bd3-451a-48ed-80d5-67518e565e79,c3,c5,1783,?,i5,
1769449806.259798,SENT,3d1436ad-fc17-45f7-833b-7c95a53e3a88,9402f3c0-6a6c-4af5-953f-0e69c5fd3fe3,c2,DROP,1009,?,i3,
1769449806.2598517,FORWARDED,3d1436ad-fc17-45f7-833b-7c95a53e3a88,9402f3c0-6a6c-4af5-953f-0e69c5fd3fe3,c2,DROP,1009,?,i3,
1769449806.2932963,SENT,24b4008e-8f58-4e22-88b2-e0d23dae96a9,c8cf95c8-6d23-4f85-b762-df6187d4b466,c3,DROP,1007,?,i10,
1769449806.2933388,FORWARDED,24b4008e-8f58-4e22-88b2-e0d23dae96a9,c8cf95c8-6d23-4f85-b762-df6187d4b466,c3,DROP,1007,?,i10,
1769449806.4783118,SENT,1c35ee8c-f205-46d3-be91-f6c0ac4b4d14,fd0914c1-2ab7-428b-a579-6e8a93d6f3a9,c3,DROP,1007,?,i4,
1769449806.4783542,FORWARDED,1c35ee8c-f205-46d3-be91-f6c0ac4b4d14,fd0914c1-2ab7-428b-a579-6e8a93d6f3a9,c3,DROP,1007,?,i4,
1769449806.777215,RECEIVED,2aa24ce5-aa05-4de0-96aa-e04f7ea426fe,ed611928-1656-4039-a946-a31ce82e9222,c1,c3,2463,p1,?,
1769449806.884272,SENT,e9aae982-e968-4ddc-b898-1cbfe5e9f08b,72ec87b2-c059-412c-a751-955d06f40176,c2,DROP,1007,?,i9,
1769449806.8843086,FORWARDED,e9aae982-e968-4ddc-b898-1cbfe5e9f08b,72ec87b2-c059-412c-a751-955d06f40176,c2,DROP,1007,?,i9,
1769449806.9084177,RECEIVED,ac9429f9-061d-4d66-8e86-d6ae7ea586db,74410f1a-4135-413b-9612-792810316717,c3,c5,2456,p3,?,
1769449806.936833,SENT,2aa24ce5-aa05-4de0-96aa-e04f7ea426fe,ed611928-1656-4039-a946-a31ce82e9222,c1,c3,1776,?,i8,
1769449806.9368744,FORWARDED,2aa24ce5-aa05-4de0-96aa-e04f7ea426fe,ed611928-1656-4039-a946-a31ce82e9222,c1,c3,1776,?,i8,
1769449806.9643137,RECEIVED,e82e2377-1285-43cb-a66c-1b090a8effcb,94dc3aae-b594-4a56-8af8-e632e4c0fee7,c1,c3,2463,p1,?,
1769449806.9851224,RECEIVED,eeda499d-80b8-4c4c-839d-79eb983c9b55,5d8651a3-5a48-4c60-9a83-f3205b7133d8,c3,c5,2471,p3,?,
1769449807.0117939,RECEIVED,e7de2ea2-7d6b-44f2-a401-38c2aba17535,7973a736-9982-4933-af06-f77e78849b47,c3,DROP,1440,p3,?,
1769449807.1461704,SENT,7bae8f55-2137-4c3f-b649-2a8e78af946b,8bcb2d42-8c96-4381-9199-7c3b2370acd7,c5,DROP,1007,?,i4,
1769449807.146212,FORWARDED,7bae8f55-2137-4c3f-b649-2a8e78af946b,8bcb2d42-8c96-4381-9199-7c3b2370acd7,c5,DROP,1007,?,i4,
1769449807.2658734,SENT,e7de2ea2-7d6b-44f2-a401-38c2aba17535,7973a736-9982-4933-af06-f77e78849b47,c3,DROP,1007,?,i4,
1769449807.2659159,FORWARDED,e7de2ea2-7d6b-44f2-a401-38c2aba17535,7973a736-9982-4933-af06-f77e78849b47,c3,DROP,1007,?,i4,
1769449807.2897263,SENT,eeda499d-80b8-4c4c-839d-79eb983c9b55,5d8651a3-5a48-4c60-9a83-f3205b7133d8,c3,c5,1780,?,i8,
1769449807.2897677,FORWARDED,eeda499d-80b8-4c4c-839d-79eb983c9b55,5d8651a3-5a48-4c60-9a83-f3205b7133d8,c3,c5,1780,?,i8,
1769449807.3007703,RECEIVED,e5d1c1d0-01ca-45ab-bb5f-ef7cd155b85b,ca02efcd-31bb-4ae5-9f63-136238ecd45d,c4,c5,2463,p1,?,
1769449807.4313989,RECEIVED,7eee7500-5a92-4bd2-9bd0-a4c1d21c113c,1397d487-69cb-4659-94f3-fc4868179545,c2,DROP,441,x10,?,
1769449807.552765,RECEIVED,0e1e7efb-ca35-47d3-8459-131af92d7eec,60f594a6-56c3-41be-bd1b-eb608183c6d3,c2,DROP,442,x1,?,
1769449807.6750102,SENT,e82e2377-1285-43cb-a66c-1b090a8effcb,94dc3aae-b594-4a56-8af8-e632e4c0fee7,c1,c3,1776,?,i9,
1769449807.6750596,FORWARDED,e82e2377-1285-43cb-a66c-1b090a8effcb,94dc3aae-b594-4a56-8af8-e632e4c0fee7,c1,c3,1776,?,i9,
1769449807.6848896,RECEIVED,eaaca598-a28d-4262-8afd-8c321f54bf0f,8cc68604-7877-44ff-a7f4-a015472299da,c1,c3,2477,p1,?,
1769449807.8649588,SENT,ac9429f9-061d-4d66-8e86-d6ae7ea586db,74410f1a-4135-413b-9612-792810316717,c3,c5,1769,?,i10,
1769449807.8650014,FORWARDED,ac9429f9-061d-4d66-8e86-d6ae7ea586db,74410f1a-4135-413b-9612-792810316717,c3,c5,1769,?,i10,
1769449807.8880847,SENT,eaaca598-a28d-4262-8afd-8c321f54bf0f,8cc68604-7877-44ff-a7f4-a015472299da,c1,c3,1785,?,i11,
1769449807.8881207,FORWARDED,eaaca598-a28d-4262-8afd-8c321f54bf0f,8cc68604-7877-44ff-a7f4-a015472299da,c1,c3,1785,?,i11,
1769449807.9785562,RECEIVED,8d3c170b-a029-4493-b842-1f3e4d7a022a,85676207-5221-4ed1-9f57-a634ec72e15f,c2,DROP,1440,p2,?,
1769449808.0090392,RECEIVED,678fb892-c5bd-4518-9106-49f7d510bce1,913f1fe8-2d1d-416e-bba3-ce39136505ce,c1,DROP,1448,p1,?,
1769449808.0906878,SENT,678fb892-c5bd-4518-9106-49f7d510bce1,913f1fe8-2d1d-416e-bba3-ce39136505ce,c1,DROP,1012,?,i4,
1769449808.0907302,FORWARDED,678fb892-c5bd-4518-9106-49f7d510bce1,913f1fe8-2d1d-416e-bba3-ce39136505ce,c1,DROP,1012,?,i4,
1769449808.219795,RECEIVED,1c789f0f-ec51-40f6-a916-268de16bcb0d,2bf86633-bbad-4d15-a107-c016f2cca57b,c2,DROP,1452,p2,?,
1769449808.27353,SENT,e5d1c1d0-01ca-45ab-bb5f-ef7cd155b85b,ca02efcd-31bb-4ae5-9f63-136238ecd45d,c4,c5,1775,?,i9,
1769449808.2735693,FORWARDED,e5d1c1d0-01ca-45ab-bb5f-ef7cd155b85b,ca02efcd-31bb-4ae5-9f63-136238ecd45d,c4,c5,1775,?,i9,
1769449808.2804825,RECEIVED,f604bde0-ab3c-40bf-932f-0e7e98a550c8,a30d23cd-0ed2-433d-84ee-c4f60fe9cc22,c4,c5,2460,p1,?,
1769449808.333992,RECEIVED,4c2fd61a-e1dd-4862-944f-0156f6a1d52d,80816e2c-2a40-4be5-b8c1-ee5fc00fe590,c3,DROP,1452,p3,?,
1769449808.3864732,SENT,f604bde0-ab3c-40bf-932f-0e7e98a550c8,a30d23cd-0ed2-433d-84ee-c4f60fe9cc22,c4,c5,1772,?,i3,
1769449808.3865113,FORWARDED,f604bde0-ab3c-40bf-932f-0e7e98a550c8,a30d23cd-0ed2-433d-84ee-c4f60fe9cc22,c4,c5,1772,?,i3,
1769449808.4089074,SENT,4c2fd61a-e1dd-4862-944f-0156f6a1d52d,80816e2c-2a40-4be5-b8c1-ee5fc00fe590,c3,DROP,1015,?,i5,
1769449808.4089491,FORWARDED,4c2fd61a-e1dd-4862-944f-0156f6a1d52d,80816e2c-2a40-4be5-b8c1-ee5fc00fe590,c3,DROP,1015,?,i5,
1769449808.4280212,RECEIVED,c16d3d2f-899e-4280-8e3f-42512b482a8d,a880505b-4631-44fc-a477-c1204e500a68,c5,c4,2463,p2,?,
1769449808.439814,RECEIVED,cc81db24-f4f6-448c-8683-324d2f9a300a,366e3d99-6c18-4dd7-94ef-eb49fdb6657b,c3,DROP,1457,p3,?,
1769449808.4561834,SENT,1c789f0f-ec51-40f6-a916-268de16bcb0d,2bf86633-bbad-4d15-a107-c016f2cca57b,c2,DROP,1016,?,i3,
1769449808.4562266,FORWARDED,1c789f0f-ec51-40f6-a916-268de16bcb0d,2bf86633-bbad-4d15-a107-c016f2cca57b,c2,DROP,1016,?,i3,
1769449808.4662552,SENT,8d3c170b-a029-4493-b842-1f3e4d7a022a,85676207-5221-4ed1-9f57-a634ec72e15f,c2,DROP,1008,?,i2,
1769449808.466298,FORWARDED,8d3c170b-a029-4493-b842-1f3e4d7a022a,85676207-5221-4ed1-9f57-a634ec72e15f,c2,DROP,1008,?,i2,
1769449808.4777544,RECEIVED,e5bc00c4-7535-41d3-a97b-ac8e6753ae97,36831158-dcfd-4c78-8ba4-b6fbcf59d080,c4,c5,2463,p1,?,
1769449808.5275912,SENT,cc81db24-f4f6-448c-8683-324d2f9a300a,366e3d99-6c18-4dd7-94ef-eb49fdb6657b,c3,DROP,1020,?,i10,
1769449808.527627,FORWARDED,cc81db24-f4f6-448c-8683-324d2f9a300a,366e3d99-6c18-4dd7-94ef-eb49fdb6657b,c3,DROP,1020,?,i10,
1769449808.767921,RECEIVED,5c25cb24-382f-423b-985c-83e2e19390fc,c1678da5-fd98-456f-8083-2cd84bdc554f,c4,c5,2467,p1,?,
1769449808.8757412,RECEIVED,cefdb3af-ca5e-4520-8080-387cece3d098,e4a07eea-b59d-45da-a707-478cc432abfc,c2,DROP,1457,p2,?,
1769449808.8858168,RECEIVED,be1325f9-42b3-4b91-980f-986fb06da0ee,83b6e288-b13a-45f3-8597-86c025ea2a7c,c3,DROP,1442,p3,?,
1769449808.9146485,RECEIVED,93aa5613-daf0-43b1-b8c8-410cd9b6d402,25ddfc4f-19ac-4177-b54d-71a5c156eef2,c2,DROP,441,x12,?,
1769449808.9479682,SENT,cefdb3af-ca5e-4520-8080-387cece3d098,e4a07eea-b59d-45da-a707-478cc432abfc,c2,DROP,1019,?,i12,
1769449808.9480102,FORWARDED,cefdb3af-ca5e-4520-8080-387cece3d098,e4a07eea-b59d-45da-a707-478cc432abfc,c2,DROP,1019,?,i12,
1769449809.2685692,SENT,e5bc00c4-7535-41d3-a97b-ac8e6753ae97,36831158-dcfd-4c78-8ba4-b6fbcf59d080,c4,c5,1775,?,i2,
1769449809.2686095,FORWARDED,e5bc00c4-7535-41d3-a97b-ac8e6753ae97,36831158-dcfd-4c78-8ba4-b6fbcf59d080,c4,c5,1775,?,i2,
1769449809.276968,SENT,be1325f9-42b3-4b91-980f-986fb06da0ee,83b6e288-b13a-45f3-8597-86c025ea2a7c,c3,DROP,1010,?,i2,
1769449809.2770197,FORWARDED,be1325f9-42b3-4b91-980f-986fb06da0ee,83b6e288-b13a-45f3-8597-86c025ea2a7c,c3,DROP,1010,?,i2,
1769449809.3022478,RECEIVED,76930688-3200-44c6-817b-0ba0f4b45d11,fead2cae-be4d-49ae-bb09-ab49c7d0cb76,c2,DROP,1453,p2,?,
1769449809.3160226,SENT,76930688-3200-44c6-817b-0ba0f4b45d11,fead2cae-be4d-49ae-bb09-ab49c7d0cb76,c2,DROP,1016,?,i9,
1769449809.3160686,FORWARDED,76930688-3200-44c6-817b-0ba0f4b45d11,fead2cae-be4d-49ae-bb09-ab49c7d0cb76,c2,DROP,1016,?,i9,
1769449809.3190084,SENT,c16d3d2f-899e-4280-8e3f-42512b482a8d,a880505b-4631-44fc-a477-c1204e500a68,c5,c4,1776,?,i7,
1769449809.3195674,FORWARDED,c16d3d2f-899e-4280-8e3f-42512b482a8d,a880505b-4631-44fc-a477-c1204e500a68,c5,c4,1776,?,i7,
1769449809.7335172,RECEIVED,0b707d35-a7bb-44fb-a0be-77039d39f5b6,e643253c-819f-4863-9628-d43a82fe2b12,c4,c5,2459,p1,?,
1769449809.7874093,RECEIVED,aad738e2-9499-4c62-b127-b8d2c69c165a,07042f24-5f23-4e0e-bc19-5eedad59f37e,c4,DROP,1436,p1,?,
1769449809.8399312,SENT,5c25cb24-382f-423b-985c-83e2e19390fc,c1678da5-fd98-456f-8083-2cd84bdc554f,c4,c5,1779,?,i7,
1769449809.8399723,FORWARDED,5c25cb24-382f-423b-985c-83e2e19390fc,c1678da5-fd98-456f-8083-2cd84bdc554f,c4,c5,1779,?,i7,
1769449809.8521025,SENT,0b707d35-a7bb-44fb-a0be-77039d39f5b6,e643253c-819f-4863-9628-d43a82fe2b12,c4,c5,1771,?,i1,
1769449809.852145,FORWARDED,0b707d35-a7bb-44fb-a0be-77039d39f5b6,e643253c-819f-4863-9628-d43a82fe2b12,c4,c5,1771,?,i1,
1769449809.8582072,RECEIVED,42b88fca-da2d-4b4c-9fd5-2c8d3ef3a145,9bc488c6-bcdc-45bf-9f78-7ee742367d2c,c4,DROP,1442,p1,?,
1769449809.945835,SENT,42b88fca-da2d-4b4c-9fd5-2c8d3ef3a145,9bc488c6-bcdc-45bf-9f78-7ee742367d2c,c4,DROP,1008,?,i2,
1769449809.9458787,FORWARDED,42b88fca-da2d-4b4c-9fd5-2c8d3ef3a145,9bc488c6-bcdc-45bf-9f78-7ee742367d2c,c4,DROP,1008,?,i2,
1769449809.949024,SENT,aad738e2-9499-4c62-b127-b8d2c69c165a,07042f24-5f23-4e0e-bc19-5eedad59f37e,c4,DROP,1004,?,i9,
1769449809.949081,FORWARDED,aad738e2-9499-4c62-b127-b8d2c69c165a,07042f24-5f23-4e0e-bc19-5eedad59f37e,c4,DROP,1004,?,i9,
1769449810.1186724,RECEIVED,9e142ad5-0e38-44d5-ba28-2537a93557bb,996886e9-c0cb-42d8-9497-d562eac87c10,c1,c3,2458,p1,?,
1769449810.20373,RECEIVED,b52f39e9-d4ba-4066-8870-52d1f312ba3b,1f56801d-f554-473c-9347-1e73caa88e69,c1,c3,2456,p1,?,
1769449810.2558942,RECEIVED,1937723d-ca32-4b6b-9118-061e265cedba,01363e7b-d0e3-446b-97fe-3aadfdaa994a,c4,DROP,1442,p1,?,
1769449810.4209979,RECEIVED,c329526b-383b-472d-bbd2-f19cb88af103,514cf4b0-0258-4dc7-8f65-6c4476f142aa,c2,DROP,441,x4,?,
1769449810.5337794,RECEIVED,bfc2d86d-98ba-4e25-843b-2d4083f0a3e8,4ada1083-5d4f-4af9-9adb-c6a871829ebc,c4,c5,2467,p1,?,
1769449810.6008852,RECEIVED,ea1d304b-1e5a-47f8-8b3b-51973baebcf4,a0b1621b-4dda-458f-ab84-966b387ea4a4,c4,c5,2453,p1,?,
1769449810.6468463,SENT,ea1d304b-1e5a-47f8-8b3b-51973baebcf4,a0b1621b-4dda-458f-ab84-966b387ea4a4,c4,c5,1767,?,i11,
1769449810.6468897,FORWARDED,ea1d304b-1e5a-47f8-8b3b-51973baebcf4,a0b1621b-4dda-458f-ab84-966b387ea4a4,c4,c5,1767,?,i11,
1769449810.672258,RECEIVED,9cf23667-6d9a-431a-b322-58af954274dc,3e703ca3-bacf-43d9-9329-0f3e2fbe62f6,c1,DROP,1439,p1,?,
1769449810.7020245,SENT,b52f39e9-d4ba-4066-8870-52d1f312ba3b,1f56801d-f554-473c-9347-1e73caa88e69,c1,c3,1768,?,i4,
1769449810.7023747,FORWARDED,b52f39e9-d4ba-4066-8870-52d1f312ba3b,1f56801d-f554-473c-9347-1e73caa88e69,c1,c3,1768,?,i4,
1769449810.8398015,RECEIVED,ad0196ec-15e2-453e-a860-281e74de9f20,7252fa6b-e9ae-4ab8-b25d-17bed532a809,c2,DROP,1450,p2,?,
1769449810.8443224,RECEIVED,5c7502b5-6020-4cfb-825f-bb204d1596f8,776ef34b-1b45-43b9-832d-c5349e0fd91b,c2,DROP,1439,p2,?,
1769449810.8941767,RECEIVED,13b1233f-e68d-4a17-adf1-b29c633898b7,378242d6-26ae-4711-8d7f-939be9742bd6,c1,c3,2449,p1,?,
1769449810.9254942,SENT,13b1233f-e68d-4a17-adf1-b29c633898b7,378242d6-26ae-4711-8d7f-939be9742bd6,c1,c3,1764,?,i6,
1769449810.9255369,FORWARDED,13b1233f-e68d-4a17-adf1-b29c633898b7,378242d6-26ae-4711-8d7f-939be9742bd6,c1,c3,1764,?,i6,
1769449811.000577,SENT,bfc2d86d-98ba-4e25-843b-2d4083f0a3e8,4ada1083-5d4f-4af9-9adb-c6a871829ebc,c4,c5,1777,?,i6,
1769449811.0006206,FORWARDED,bfc2d86d-98ba-4e25-843b-2d4083f0a3e8,4ada1083-5d4f-4af9-9adb-c6a871829ebc,c4,c5,1777,?,i6,
1769449811.0502706,SENT,9cf23667-6d9a-431a-b322-58af954274dc,3e703ca3-bacf-43d9-9329-0f3e2fbe62f6,c1,DROP,1007,?,i7,
1769449811.050315,FORWARDED,9cf23667-6d9a-431a-b322-58af954274dc,3e703ca3-bacf-43d9-9329-0f3e2fbe62f6,c1,DROP,1007,?,i7,
1769449811.0682375,RECEIVED,41159268-5ae1-4b67-b431-344b70a28d2a,3b813c9a-b765-44a1-83b5-f1402f6aeb2b,c5,DROP,1448,p2,?,
1769449811.0891848,SENT,9e142ad5-0e38-44d5-ba28-2537a93557bb,996886e9-c0cb-42d8-9497-d562eac87c10,c1,c3,1771,?,i5,
1769449811.0892272,FORWARDED,9e142ad5-0e38-44d5-ba28-2537a93557bb,996886e9-c0cb-42d8-9497-d562eac87c10,c1,c3,1771,?,i5,
1769449811.1066055,RECEIVED,c945dfec-7e96-4840-a72e-954c9af9cf71,d9d11915-f8ab-4cb3-aea5-4240db522b7a,c1,DROP,1452,p1,?,
1769449811.1500165,SENT,ad0196ec-15e2-453e-a860-281e74de9f20,7252fa6b-e9ae-4ab8-b25d-17bed532a809,c2,DROP,1016,?,i5,
1769449811.1501076,FORWARDED,ad0196ec-15e2-453e-a860-281e74de9f20,7252fa6b-e9ae-4ab8-b25d-17bed532a809,c2,DROP,1016,?,i5,
1769449811.2382958,SENT,c945dfec-7e96-4840-a72e-954c9af9cf71,d9d11915-f8ab-4cb3-aea5-4240db522b7a,c1,DROP,1015,?,i9,
1769449811.2383368,FORWARDED,c945dfec-7e96-4840-a72e-954c9af9cf71,d9d11915-f8ab-4cb3-aea5-4240db522b7a,c1,DROP,1015,?,i9,
1769449811.328531,SENT,1937723d-ca32-4b6b-9118-061e265cedba,01363e7b-d0e3-446b-97fe-3aadfdaa994a,c4,DROP,1011,?,i6,
1769449811.3285708,FORWARDED,1937723d-ca32-4b6b-9118-061e265cedba,01363e7b-d0e3-446b-97fe-3aadfdaa994a,c4,DROP,1011,?,i6,
1769449811.502148,RECEIVED,4f06c45d-8e0b-40f8-a756-cc6e15d50127,11c2c7c5-cd2e-446b-bd0a-4cf98b0ad750,c4,DROP,1469,p1,?,
1769449811.5302072,SENT,4f06c45d-8e0b-40f8-a756-cc6e15d50127,11c2c7c5-cd2e-446b-bd0a-4cf98b0ad750,c4,DROP,1028,?,i10,
1769449811.53025,FORWARDED,4f06c45d-8e0b-40f8-a756-cc6e15d50127,11c2c7c5-cd2e-446b-bd0a-4cf98b0ad750,c4,DROP,1028,?,i10,
1769449811.561908,SENT,41159268-5ae1-4b67-b431-344b70a28d2a,3b813c9a-b765-44a1-83b5-f1402f6aeb2b,c5,DROP,1013,?,i12,
1769449811.5621414,FORWARDED,41159268-5ae1-4b67-b431-344b70a28d2a,3b813c9a-b765-44a1-83b5-f1402f6aeb2b,c5,DROP,1013,?,i12,
1769449811.5976374,RECEIVED,ab84ceb6-2709-4e65-a414-698621d07b67,b80ab949-a0bd-4787-b875-be6e27367d51,c4,DROP,1451,p1,?,
1769449811.6442215,RECEIVED,9fa73df8-2616-4f2a-9196-a56a9b746243,fbffbfa7-981d-4632-9a7e-9f4e0752158e,c3,DROP,1442,p3,?,
1769449811.6743326,SENT,9fa73df8-2616-4f2a-9196-a56a9b746243,fbffbfa7-981d-4632-9a7e-9f4e0752158e,c3,DROP,1007,?,i10,
1769449811.6743755,FORWARDED,9fa73df8-2616-4f2a-9196-a56a9b746243,fbffbfa7-981d-4632-9a7e-9f4e0752158e,c3,DROP,1007,?,i10,
1769449811.7705703,RECEIVED,b4c6b5e8-2e62-47bc-a32c-0ad63508fccb,62283097-1223-49ac-a72c-17ba51c85aee,c2,DROP,441,x5,?,
1769449811.7723575,RECEIVED,4b1da8e8-b623-45cb-b0d2-7b475e1b61fd,8bde1e3b-df03-4f16-8176-1a9603757a69,c5,DROP,441,x3,?,
1769449811.7808757,RECEIVED,41cd08b8-8357-4306-9b1c-48e6c19cc6d6,21d9eda6-7fd2-4257-9769-3032c53b560e,c2,c1,2459,p2,?,
1769449811.944897,SENT,41cd08b8-8357-4306-9b1c-48e6c19cc6d6,21d9eda6-7fd2-4257-9769-3032c53b560e,c2,c1,1772,?,i5,
1769449811.9449384,FORWARDED,41cd08b8-8357-4306-9b1c-48e6c19cc6d6,21d9eda6-7fd2-4257-9769-3032c53b560e,c2,c1,1772,?,i5,
1769449811.998708,SENT,5c7502b5-6020-4cfb-825f-bb204d1596f8,776ef34b-1b45-43b9-832d-c5349e0fd91b,c2,DROP,1007,?,i12,
1769449811.9987476,FORWARDED,5c7502b5-6020-4cfb-825f-bb204d1596f8,776ef34b-1b45-43b9-832d-c5349e0fd91b,c2,DROP,1007,?,i12,
1769449812.1767063,SENT,ab84ceb6-2709-4e65-a414-698621d07b67,b80ab949-a0bd-4787-b875-be6e27367d51,c4,DROP,1016,?,i6,
1769449812.176746,FORWARDED,ab84ceb6-2709-4e65-a414-698621d07b67,b80ab949-a0bd-4787-b875-be6e27367d51,c4,DROP,1016,?,i6,
1769449812.333625,RECEIVED,d6371fd0-f1ac-457a-8f6e-4555aa77e0a6,981528a3-65a6-4e82-9362-3856422623ae,c1,DROP,1453,p1,?,
1769449812.3858488,SENT,d6371fd0-f1ac-457a-8f6e-4555aa77e0a6,981528a3-65a6-4e82-9362-3856422623ae,c1,DROP,1017,?,i3,
1769449812.3858914,FORWARDED,d6371fd0-f1ac-457a-8f6e-4555aa77e0a6,981528a3-65a6-4e82-9362-3856422623ae,c1,DROP,1017,?,i3,
1769449812.4239433,RECEIVED,1d6cbe16-ca42-4125-8293-90ba7d2da89e,8a88ddb9-cfd2-4970-b9cb-210e4ee8c4a7,c1,DROP,1457,p1,?,
1769449812.6990147,RECEIVED,d5f49821-30e0-4117-83ff-6aaf70b49877,bfa080d5-165b-4a48-8a93-a8ef0f999075,c4,c5,2456,p1,?,
1769449812.7720816,SENT,1d6cbe16-ca42-4125-8293-90ba7d2da89e,8a88ddb9-cfd2-4970-b9cb-210e4ee8c4a7,c1,DROP,1020,?,i10,
1769449812.772123,FORWARDED,1d6cbe16-ca42-4125-8293-90ba7d2da89e,8a88ddb9-cfd2-4970-b9cb-210e4ee8c4a7,c1,DROP,1020,?,i10,
1769449812.811041,RECEIVED,609dfeef-bd71-414e-a6c4-d889ccd9f209,71403fe9-a636-4647-ac6a-ad4f339e7965,c2,DROP,1451,p2,?,
1769449812.8476224,SENT,d5f49821-30e0-4117-83ff-6aaf70b49877,bfa080d5-165b-4a48-8a93-a8ef0f999075,c4,c5,1769,?,i7,
1769449812.8476646,FORWARDED,d5f49821-30e0-4117-83ff-6aaf70b49877,bfa080d5-165b-4a48-8a93-a8ef0f999075,c4,c5,1769,?,i7,
1769449812.9780314,RECEIVED,fc358c66-3bd6-46df-a4d6-d03c4bd97507,bec31565-ffce-4861-b682-6a6e1bc0c571,c2,c1,2463,p2,?,
1769449813.0824366,RECEIVED,45fce29a-d816-4935-973c-01881c8e7ef3,7018a55e-2ea5-4165-b3cc-c6db1755b66a,c5,DROP,1440,p2,?,
1769449813.1931436,SENT,609dfeef-bd71-414e-a6c4-d889ccd9f209,71403fe9-a636-4647-ac6a-ad4f339e7965,c2,DROP,1015,?,i4,
1769449813.1931846,FORWARDED,609dfeef-bd71-414e-a6c4-d889ccd9f209,71403fe9-a636-4647-ac6a-ad4f339e7965,c2,DROP,1015,?,i4,
1769449813.3269072,SENT,45fce29a-d816-4935-973c-01881c8e7ef3,7018a55e-2ea5-4165-b3cc-c6db1755b66a,c5,DROP,1008,?,i3,
1769449813.3269546,FORWARDED,45fce29a-d816-4935-973c-01881c8e7ef3,7018a55e-2ea5-4165-b3cc-c6db1755b66a,c5,DROP,1008,?,i3,
1769449813.4129274,RECEIVED,182525ff-7f35-4058-b745-fe6682a657cb,efa49258-0112-4f39-9aa3-0282b500abaa,c2,DROP,1447,p2,?,
1769449813.5195346,RECEIVED,579bdf97-bb07-4dcc-b596-f91aeeb0480f,c712892d-febe-40e5-bff6-d3a5004f0f28,c5,c4,2470,p2,?,
1769449813.5811048,SENT,579bdf97-bb07-4dcc-b596-f91aeeb0480f,c712892d-febe-40e5-bff6-d3a5004f0f28,c5,c4,1779,?,i12,
1769449813.5813549,FORWARDED,579bdf97-bb07-4dcc-b596-f91aeeb0480f,c712892d-febe-40e5-bff6-d3a5004f0f28,c5,c4,1779,?,i12,
1769449813.6256955,RECEIVED,8dd29131-489c-4bd9-b453-0405bb9991a7,fc35cba7-f1f8-4a11-a1fc-317d4f61d9a2,c2,c1,2460,p2,?,
1769449813.7110434,RECEIVED,a6a01179-46af-4ecd-a915-36efb3de769d,8c821837-0bb1-48ca-a748-e063a28e4569,c2,DROP,1443,p2,?,
1769449813.8590646,SENT,8dd29131-489c-4bd9-b453-0405bb9991a7,fc35cba7-f1f8-4a11-a1fc-317d4f61d9a2,c2,c1,1771,?,i8,
1769449813.8591056,FORWARDED,8dd29131-489c-4bd9-b453-0405bb9991a7,fc35cba7-f1f8-4a11-a1fc-317d4f61d9a2,c2,c1,1771,?,i8,
1769449814.028154,RECEIVED,d2ef4e1f-50a5-4cfb-b14b-7963d687036c,7121cc67-d06a-4481-b016-5ccd86370daf,c1,c3,2463,p1,?,
1769449814.03517,SENT,182525ff-7f35-4058-b745-fe6682a657cb,efa49258-0112-4f39-9aa3-0282b500abaa,c2,DROP,1012,?,i2,
1769449814.035212,FORWARDED,182525ff-7f35-4058-b745-fe6682a657cb,efa49258-0112-4f39-9aa3-0282b500abaa,c2,DROP,1012,?,i2,
1769449814.0745494,RECEIVED,0552a168-a483-4793-997e-d4aac5c38f64,77e02aca-f51f-4ba0-b4ee-bb796ca887e2,c2,DROP,1455,p2,?,
1769449814.2063365,RECEIVED,b3e49b6b-4ae5-4bde-9898-344f6fa9e700,be41d866-a833-42dd-bc83-a993e2b184bb,c4,DROP,441,x10,?,
1769449814.2807975,RECEIVED,ed91e9cd-6389-49e3-a9eb-34271add8293,b3ae415a-8c04-4fda-af46-d72e6af670b1,c3,DROP,1443,p3,?,
1769449814.4906297,SENT,0552a168-a483-4793-997e-d4aac5c38f64,77e02aca-f51f-4ba0-b4ee-bb796ca887e2,c2,DROP,1020,?,i6,
1769449814.4906712,FORWARDED,0552a168-a483-4793-997e-d4aac5c38f64,77e02aca-f51f-4ba0-b4ee-bb796ca887e2,c2,DROP,1020,?,i6,
1769449814.5759013,SENT,fc358c66-3bd6-46df-a4d6-d03c4bd97507,bec31565-ffce-4861-b682-6a6e1bc0c571,c2,c1,1775,?,i7,
1769449814.5759485,FORWARDED,fc358c66-3bd6-46df-a4d6-d03c4bd97507,bec31565-ffce-4861-b682-6a6e1bc0c571,c2,c1,1775,?,i7,
1769449814.6814437,RECEIVED,98af968d-ca79-48c6-bc07-d02f0fa094c2,9eb3ae03-ad84-4bb2-b263-4d35a98d4b68,c4,DROP,1452,p1,?,
1769449814.7094672,RECEIVED,38ce038e-2da7-483b-aff4-5a3193ea9fb6,0fd9452b-18f9-471e-826b-ce8239fa62bf,c1,DROP,441,x9,?,
1769449814.796296,RECEIVED,cf95b784-e642-4133-9adf-6c7cb114c118,68559967-03a0-49a5-93cc-b2abfa9b5bd7,c2,DROP,1442,p2,?,
1769449814.7988267,RECEIVED,f96ce079-01ad-453c-b3d2-361e2449b055,db3d0d9a-03df-4b2c-bf90-d944bb6ae85a,c3,DROP,446,x11,?,
1769449814.8226187,SENT,98af968d-ca79-48c6-bc07-d02f0fa094c2,9eb3ae03-ad84-4bb2-b263-4d35a98d4b68,c4,DROP,1015,?,i3,
1769449814.8226607,FORWARDED,98af968d-ca79-48c6-bc07-d02f0fa094c2,9eb3ae03-ad84-4bb2-b263-4d35a98d4b68,c4,DROP,1015,?,i3,
1769449814.843653,SENT,cf95b784-e642-4133-9adf-6c7cb114c118,68559967-03a0-49a5-93cc-b2abfa9b5bd7,c2,DROP,1007,?,i12,
1769449814.843694,FORWARDED,cf95b784-e642-4133-9adf-6c7cb114c118,68559967-03a0-49a5-93cc-b2abfa9b5bd7,c2,DROP,1007,?,i12,
1769449814.8696728,RECEIVED,88a99584-e05f-49ee-82eb-f7b4094b6f2f,ec25bd60-3fc2-458e-9b41-ae8c5fb9b477,c4,DROP,1453,p1,?,
1769449814.8746068,SENT,ed91e9cd-6389-49e3-a9eb-34271add8293,b3ae415a-8c04-4fda-af46-d72e6af670b1,c3,DROP,1011,?,i7,
1769449814.8746483,FORWARDED,ed91e9cd-6389-49e3-a9eb-34271add8293,b3ae415a-8c04-4fda-af46-d72e6af670b1,c3,DROP,1011,?,i7,
1769449814.9298818,RECEIVED,b0085278-d5e1-40a6-9a4d-a42f934fa82c,63262714-1ddf-4627-8f33-db18ca9e91d6,c5,DROP,1445,p2,?,
1769449815.0674503,RECEIVED,19158644-af82-41d0-bd5b-466f59e8ef78,79f45290-3a37-43ee-8c0b-767ae7aa3020,c4,DROP,443,x2,?,
1769449815.2449355,SENT,88a99584-e05f-49ee-82eb-f7b4094b6f2f,ec25bd60-3fc2-458e-9b41-ae8c5fb9b477,c4,DROP,1015,?,i10,
1769449815.244976,FORWARDED,88a99584-e05f-49ee-82eb-f7b4094b6f2f,ec25bd60-3fc2-458e-9b41-ae8c5fb9b477,c4,DROP,1015,?,i10,
1769449815.248267,SENT,b0085278-d5e1-40a6-9a4d-a42f934fa82c,63262714-1ddf-4627-8f33-db18ca9e91d6,c5,DROP,1011,?,i11,
1769449815.248309,FORWARDED,b0085278-d5e1-40a6-9a4d-a42f934fa82c,63262714-1ddf-4627-8f33-db18ca9e91d6,c5,DROP,1011,?,i11,
1769449815.369889,RECEIVED,ab6ed4a6-5405-4506-a401-8a9dd0cb1c71,1944eba3-e8df-4556-bf5f-0eeb59660080,c3,DROP,1447,p3,?,
1769449815.5317972,SENT,d2ef4e1f-50a5-4cfb-b14b-7963d687036c,7121cc67-d06a-4481-b016-5ccd86370daf,c1,c3,1774,?,i9,
1769449815.5318468,FORWARDED,d2ef4e1f-50a5-4cfb-b14b-7963d687036c,7121cc67-d06a-4481-b016-5ccd86370daf,c1,c3,1774,?,i9,
1769449815.701167,RECEIVED,958b8457-0da0-44b1-ab60-e2483e63b643,07379eea-2432-4944-9fd2-a758dbdf99ff,c3,DROP,1452,p3,?,
1769449815.7440767,SENT,ab6ed4a6-5405-4506-a401-8a9dd0cb1c71,1944eba3-e8df-4556-bf5f-0eeb59660080,c3,DROP,1012,?,i1,
1769449815.7441213,FORWARDED,ab6ed4a6-5405-4506-a401-8a9dd0cb1c71,1944eba3-e8df-4556-bf5f-0eeb59660080,c3,DROP,1012,?,i1,
1769449815.9410398,SENT,958b8457-0da0-44b1-ab60-e2483e63b643,07379eea-2432-4944-9fd2-a758dbdf99ff,c3,DROP,1016,?,i6,
1769449815.9411054,FORWARDED,958b8457-0da0-44b1-ab60-e2483e63b643,07379eea-2432-4944-9fd2-a758dbdf99ff,c3,DROP,1016,?,i6,
1769449816.0947075,RECEIVED,b22410d6-eec1-4df5-9e92-77a214cbb80b,b6bf6f6b-93a8-4e31-9406-45bd4ed11ccd,c5,DROP,1456,p2,?,
1769449816.1962478,SENT,a6a01179-46af-4ecd-a915-36efb3de769d,8c821837-0bb1-48ca-a748-e063a28e4569,c2,DROP,1011,?,i8,
1769449816.196289,FORWARDED,a6a01179-46af-4ecd-a915-36efb3de769d,8c821837-0bb1-48ca-a748-e063a28e4569,c2,DROP,1011,?,i8,
1769449816.4445035,RECEIVED,4de8d282-7542-4e0f-ac8f-36f36bbc69fe,01f1aa56-b74a-475b-bffc-e888cf2e4f6f,c3,DROP,442,x5,?,
1769449816.5803492,RECEIVED,56f6816e-6ba7-426a-81c9-2ff04f3aca35,10491685-7866-4ec2-9ce3-2a14405bf8e2,c1,DROP,1440,p1,?,
1769449816.6311738,SENT,56f6816e-6ba7-426a-81c9-2ff04f3aca35,10491685-7866-4ec2-9ce3-2a14405bf8e2,c1,DROP,1007,?,i4,
1769449816.6312163,FORWARDED,56f6816e-6ba7-426a-81c9-2ff04f3aca35,10491685-7866-4ec2-9ce3-2a14405bf8e2,c1,DROP,1007,?,i4,
1769449816.6781945,RECEIVED,2520b417-b6af-4e65-b955-26172731f421,904aceb4-c087-49fd-93eb-be4991d03b35,c3,c5,2459,p3,?,
1769449817.043699,RECEIVED,5acf2d50-fc0f-4bac-be28-b7bbbaf3332c,44231fbf-f81b-4cc4-a240-750e29b34ec5,c2,c1,2472,p2,?,
1769449817.0968862,RECEIVED,6ee2710e-339d-48ba-8319-93684ca52131,f4d84b2a-5dff-423b-899c-9c5ecc53436c,c3,c5,2465,p3,?,
1769449817.132915,SENT,6ee2710e-339d-48ba-8319-93684ca52131,f4d84b2a-5dff-423b-899c-9c5ecc53436c,c3,c5,1775,?,i1,
1769449817.1329544,FORWARDED,6ee2710e-339d-48ba-8319-93684ca52131,f4d84b2a-5dff-423b-899c-9c5ecc53436c,c3,c5,1775,?,i1,
1769449817.213466,SENT,5acf2d50-fc0f-4bac-be28-b7bbbaf3332c,44231fbf-f81b-4cc4-a240-750e29b34ec5,c2,c1,1781,?,i8,
1769449817.2135036,FORWARDED,5acf2d50-fc0f-4bac-be28-b7bbbaf3332c,44231fbf-f81b-4cc4-a240-750e29b34ec5,c2,c1,1781,?,i8,
1769449817.2597122,SENT,2520b417-b6af-4e65-b955-26172731f421,904aceb4-c087-49fd-93eb-be4991d03b35,c3,c5,1773,?,i8,
1769449817.2597492,FORWARDED,2520b417-b6af-4e65-b955-26172731f421,904aceb4-c087-49fd-93eb-be4991d03b35,c3,c5,1773,?,i8,
1769449817.2598526,RECEIVED,3e134db7-abf4-4336-a60a-a34381694fac,bfaa4d2e-3b7f-4e2a-b088-1472b8f6c38f,c2,DROP,1451,p2,?,
1769449817.3394456,RECEIVED,7a927259-e2e9-423e-adce-baf9614969ae,030e39fa-4dcb-4966-b886-a4589ac7d392,c3,c5,2475,p3,?,
1769449817.511297,SENT,b22410d6-eec1-4df5-9e92-77a214cbb80b,b6bf6f6b-93a8-4e31-9406-45bd4ed11ccd,c5,DROP,1020,?,i11,
1769449817.5113394,FORWARDED,b22410d6-eec1-4df5-9e92-77a214cbb80b,b6bf6f6b-93a8-4e31-9406-45bd4ed11ccd,c5,DROP,1020,?,i11,
1769449817.6778755,RECEIVED,7f5b9c4e-1cbc-49b0-854d-f23459152340,36f71a01-8956-4da7-89fb-53aed3f8e694,c3,c5,2475,p3,?,
1769449817.7976298,RECEIVED,2e658242-19a5-4a48-83df-030b24be384d,687c64f7-d003-4b69-a100-0b1782334e49,c4,DROP,1453,p1,?,
1769449817.852934,SENT,2e658242-19a5-4a48-83df-030b24be384d,687c64f7-d003-4b69-a100-0b1782334e49,c4,DROP,1015,?,i10,
1769449817.8529751,FORWARDED,2e658242-19a5-4a48-83df-030b24be384d,687c64f7-d003-4b69-a100-0b1782334e49,c4,DROP,1015,?,i10,
1769449817.9061441,RECEIVED,f7188603-6b45-48ef-8297-df8406a2fc0b,93c6358d-6754-4d66-b8d7-514a24e977b3,c4,c5,2463,p1,?,
1769449818.141654,RECEIVED,d31d1bd1-1e0e-4d85-b43a-540fba394844,e3593847-397e-4900-9561-5bbe1c8f5846,c2,DROP,1451,p2,?,
1769449818.1462908,RECEIVED,afb65744-ce1b-432c-92b6-071b23de4003,dc9a73e5-8a76-4581-bfdc-93cd8d8185fb,c1,DROP,440,x6,?,
1769449818.2786605,SENT,3e134db7-abf4-4336-a60a-a34381694fac,bfaa4d2e-3b7f-4e2a-b088-1472b8f6c38f,c2,DROP,1015,?,i9,
1769449818.278704,FORWARDED,3e134db7-abf4-4336-a60a-a34381694fac,bfaa4d2e-3b7f-4e2a-b088-1472b8f6c38f,c2,DROP,1015,?,i9,
1769449818.4188006,RECEIVED,710377d1-4f15-4cf6-974e-4b4638ab420b,f95ae860-8dd9-458a-9883-29f5de8b86e9,c5,c4,2465,p2,?,
1769449818.5065389,SENT,7f5b9c4e-1cbc-49b0-854d-f23459152340,36f71a01-8956-4da7-89fb-53aed3f8e694,c3,c5,1785,?,i9,
1769449818.5065818,FORWARDED,7f5b9c4e-1cbc-49b0-854d-f23459152340,36f71a01-8956-4da7-89fb-53aed3f8e694,c3,c5,1785,?,i9,
1769449818.6887536,SENT,710377d1-4f15-4cf6-974e-4b4638ab420b,f95ae860-8dd9-458a-9883-29f5de8b86e9,c5,c4,1775,?,i11,
1769449818.6887915,FORWARDED,710377d1-4f15-4cf6-974e-4b4638ab420b,f95ae860-8dd9-458a-9883-29f5de8b86e9,c5,c4,1775,?,i11,
1769449818.8684294,RECEIVED,0a471f9e-70b5-4dd9-92e8-d7ebde20d5e1,89cd2558-91b0-4bcd-9628-e0b9d1b76b73,c3,DROP,1444,p3,?,
1769449819.2256737,SENT,7a927259-e2e9-423e-adce-baf9614969ae,030e39fa-4dcb-4966-b886-a4589ac7d392,c3,c5,1784,?,i5,
1769449819.2257102,FORWARDED,7a927259-e2e9-423e-adce-baf9614969ae,030e39fa-4dcb-4966-b886-a4589ac7d392,c3,c5,1784,?,i5,
1769449819.304157,SENT,0a471f9e-70b5-4dd9-92e8-d7ebde20d5e1,89cd2558-91b0-4bcd-9628-e0b9d1b76b73,c3,DROP,1011,?,i7,
1769449819.3041935,FORWARDED,0a471f9e-70b5-4dd9-92e8-d7ebde20d5e1,89cd2558-91b0-4bcd-9628-e0b9d1b76b73,c3,DROP,1011,?,i7,
1769449819.4393582,SENT,d31d1bd1-1e0e-4d85-b43a-540fba394844,e3593847-397e-4900-9561-5bbe1c8f5846,c2,DROP,1017,?,i4,
1769449819.4393964,FORWARDED,d31d1bd1-1e0e-4d85-b43a-540fba394844,e3593847-397e-4900-9561-5bbe1c8f5846,c2,DROP,1017,?,i4,
1769449819.4669878,SENT,f7188603-6b45-48ef-8297-df8406a2fc0b,93c6358d-6754-4d66-b8d7-514a24e977b3,c4,c5,1776,?,i9,
1769449819.4670234,FORWARDED,f7188603-6b45-48ef-8297-df8406a2fc0b,93c6358d-6754-4d66-b8d7-514a24e977b3,c4,c5,1776,?,i9,
1769449819.5186603,RECEIVED,66fa9963-8eca-4a6c-95a1-383db2ac2b96,f05bb3a4-d6ff-4801-ad23-ca0b5302b439,c3,DROP,1451,p3,?,
1769449819.610594,RECEIVED,5222c9c7-acf9-40bd-bab3-fbfb5fb8fa09,63dc9142-7e19-49c6-8ffc-15089922fbcd,c1,DROP,1437,p1,?,
1769449819.6913025,RECEIVED,0a690c12-d988-4c95-9861-19364bdd7a97,e53db56a-f2a5-422a-8c85-48a4cd5ce5c3,c5,DROP,1445,p2,?,
1769449819.819982,SENT,66fa9963-8eca-4a6c-95a1-383db2ac2b96,f05bb3a4-d6ff-4801-ad23-ca0b5302b439,c3,DROP,1015,?,i6,
1769449819.8201344,FORWARDED,66fa9963-8eca-4a6c-95a1-383db2ac2b96,f05bb3a4-d6ff-4801-ad23-ca0b5302b439,c3,DROP,1015,?,i6,
1769449819.9308043,RECEIVED,41b6b3c7-bb43-42f4-988f-0313a95a22bb,bd31c5dc-72f5-4792-a2ae-a3a3b2f2aa9e,c3,DROP,1451,p3,?,
1769449820.0493538,SENT,0a690c12-d988-4c95-9861-19364bdd7a97,e53db56a-f2a5-422a-8c85-48a4cd5ce5c3,c5,DROP,1009,?,i11,
1769449820.0493894,FORWARDED,0a690c12-d988-4c95-9861-19364bdd7a97,e53db56a-f2a5-422a-8c85-48a4cd5ce5c3,c5,DROP,1009,?,i11,
1769449820.12044,RECEIVED,8a421e6c-b9e0-4973-a8ac-2d5192445779,0e7fe625-de9f-42de-afda-c478074e45de,c5,c4,2455,p2,?,
1769449820.17559,RECEIVED,79722a45-6d0a-4c07-b13f-7f273fea27c7,53729666-2413-48d1-9a54-2d5234544998,c4,c5,2460,p1,?,
1769449820.2740989,RECEIVED,e0ceed8c-19bf-4059-9e0f-0afd80389639,9967fda5-0a99-44cc-baa6-25b0bf57b154,c3,c5,2447,p3,?,
1769449820.2855566,RECEIVED,1c23854f-dffa-4d05-bdd6-1522adad47cf,0ba4e7bc-4b19-4c2e-9e00-425efbbc818b,c3,c5,2467,p3,?,
1769449820.2997255,RECEIVED,ccbcd000-dccc-4047-80f9-8c3042330fd0,b2e7404d-ccdb-4714-8922-779f562b642c,c1,c3,2452,p1,?,
1769449820.389171,RECEIVED,5568b5ae-3b8a-4e1d-aef9-749c7d194b3c,a5a5d96f-b675-4937-8d0f-b7081a49ea4c,c4,DROP,1440,p1,?,
1769449820.4023855,RECEIVED,645e4d5d-53aa-4222-8112-0536327c73a1,31851a73-1a60-4eae-9850-0f60bfc7254a,c3,c5,2451,p3,?,
1769449820.4026043,SENT,79722a45-6d0a-4c07-b13f-7f273fea27c7,53729666-2413-48d1-9a54-2d5234544998,c4,c5,1771,?,i4,
1769449820.4033177,FORWARDED,79722a45-6d0a-4c07-b13f-7f273fea27c7,53729666-2413-48d1-9a54-2d5234544998,c4,c5,1771,?,i4,
1769449820.464214,RECEIVED,74e9956d-69f9-4cdf-ac21-be03964eb13a,af732331-ab05-41a2-a2d6-1e92eb307cc2,c1,c3,2477,p1,?,
1769449820.475245,RECEIVED,3ebfb276-c490-4b9a-aa21-3eb5262b34b7,b1ae373c-434f-48b7-a3aa-35c2083091c5,c4,DROP,1441,p1,?,
1769449820.4939435,RECEIVED,33c4d8f5-6fba-4e62-9390-536941099e18,c9163851-acc0-4208-9c9b-da6135340430,c3,DROP,1447,p3,?,
1769449820.5028174,SENT,41b6b3c7-bb43-42f4-988f-0313a95a22bb,bd31c5dc-72f5-4792-a2ae-a3a3b2f2aa9e,c3,DROP,1015,?,i8,
1769449820.502859,FORWARDED,41b6b3c7-bb43-42f4-988f-0313a95a22bb,bd31c5dc-72f5-4792-a2ae-a3a3b2f2aa9e,c3,DROP,1015,?,i8,
1769449820.5168097,SENT,8a421e6c-b9e0-4973-a8ac-2d5192445779,0e7fe625-de9f-42de-afda-c478074e45de,c5,c4,1768,?,i5,
1769449820.5168526,FORWARDED,8a421e6c-b9e0-4973-a8ac-2d5192445779,0e7fe625-de9f-42de-afda-c478074e45de,c5,c4,1768,?,i5,
1769449820.5271358,SENT,ccbcd000-dccc-4047-80f9-8c3042330fd0,b2e7404d-ccdb-4714-8922-779f562b642c,c1,c3,1767,?,i1,
1769449820.5271761,FORWARDED,ccbcd000-dccc-4047-80f9-8c3042330fd0,b2e7404d-ccdb-4714-8922-779f562b642c,c1,c3,1767,?,i1,
1769449820.5305161,SENT,5568b5ae-3b8a-4e1d-aef9-749c7d194b3c,a5a5d96f-b675-4937-8d0f-b7081a49ea4c,c4,DROP,1007,?,i4,
1769449820.5305593,FORWARDED,5568b5ae-3b8a-4e1d-aef9-749c7d194b3c,a5a5d96f-b675-4937-8d0f-b7081a49ea4c,c4,DROP,1007,?,i4,
1769449820.5521965,SENT,74e9956d-69f9-4cdf-ac21-be03964eb13a,af732331-ab05-41a2-a2d6-1e92eb307cc2,c1,c3,1784,?,i12,
1769449820.5524125,FORWARDED,74e9956d-69f9-4cdf-ac21-be03964eb13a,af732331-ab05-41a2-a2d6-1e92eb307cc2,c1,c3,1784,?,i12,
1769449820.5584383,SENT,3ebfb276-c490-4b9a-aa21-3eb5262b34b7,b1ae373c-434f-48b7-a3aa-35c2083091c5,c4,DROP,1008,?,i12,
1769449820.5584795,FORWARDED,3ebfb276-c490-4b9a-aa21-3eb5262b34b7,b1ae373c-434f-48b7-a3aa-35c2083091c5,c4,DROP,1008,?,i12,
1769449820.6753194,RECEIVED,b76e5f4e-8484-43f2-9089-4d384008b079,847e5c84-1f15-4e4c-9111-e0d9b12fd267,c5,c4,2463,p2,?,
1769449820.6849267,SENT,1c23854f-dffa-4d05-bdd6-1522adad47cf,0ba4e7bc-4b19-4c2e-9e00-425efbbc818b,c3,c5,1779,?,i1,
1769449820.6849694,FORWARDED,1c23854f-dffa-4d05-bdd6-1522adad47cf,0ba4e7bc-4b19-4c2e-9e00-425efbbc818b,c3,c5,1779,?,i1,
1769449820.7294729,RECEIVED,714c057c-4aab-428e-86c9-c379f9d3b7d7,8acdfd10-1239-4c78-a8be-7927c7a894a1,c3,c5,2468,p3,?,
1769449820.7820292,RECEIVED,e994f243-0252-494d-89fa-7c9802061a7d,bc150b31-bb9c-47ca-be4d-80b35da565f3,c1,DROP,1443,p1,?,
1769449820.865534,SENT,5222c9c7-acf9-40bd-bab3-fbfb5fb8fa09,63dc9142-7e19-49c6-8ffc-15089922fbcd,c1,DROP,1008,?,i6,
1769449820.865577,FORWARDED,5222c9c7-acf9-40bd-bab3-fbfb5fb8fa09,63dc9142-7e19-49c6-8ffc-15089922fbcd,c1,DROP,1008,?,i6,
1769449821.0709555,RECEIVED,13b31e9a-3eb4-443e-96b2-05ab25739b57,97041042-6f95-4f9a-aa20-2a3708c9c2e4,c1,c3,2471,p1,?,
1769449821.1081653,SENT,e0ceed8c-19bf-4059-9e0f-0afd80389639,9967fda5-0a99-44cc-baa6-25b0bf57b154,c3,c5,1762,?,i8,
1769449821.108208,FORWARDED,e0ceed8c-19bf-4059-9e0f-0afd80389639,9967fda5-0a99-44cc-baa6-25b0bf57b154,c3,c5,1762,?,i8,
1769449821.3029666,RECEIVED,e7b21dcc-6f17-450f-9234-49b9be0ba9c7,31e7e328-3518-4bde-a177-11c05f265d25,c3,c5,2463,p3,?,
1769449821.3286788,RECEIVED,68b10749-94cd-41d8-beaa-181199b067bf,d78fdb5f-5730-4bb9-85fb-544021c30574,c5,c4,2456,p2,?,
1769449821.3686988,SENT,b76e5f4e-8484-43f2-9089-4d384008b079,847e5c84-1f15-4e4c-9111-e0d9b12fd267,c5,c4,1776,?,i7,
1769449821.3687384,FORWARDED,b76e5f4e-8484-43f2-9089-4d384008b079,847e5c84-1f15-4e4c-9111-e0d9b12fd267,c5,c4,1776,?,i7,
1769449821.4496183,SENT,714c057c-4aab-428e-86c9-c379f9d3b7d7,8acdfd10-1239-4c78-a8be-7927c7a894a1,c3,c5,1779,?,i10,
1769449821.44967,FORWARDED,714c057c-4aab-428e-86c9-c379f9d3b7d7,8acdfd10-1239-4c78-a8be-7927c7a894a1,c3,c5,1779,?,i10,
1769449821.4801903,RECEIVED,fe737842-fedf-4a0d-a73e-0562d4461a4e,8f90840b-f12f-41da-9d04-8c26c7ba733f,c2,c1,2467,p2,?,
1769449821.4950447,SENT,645e4d5d-53aa-4222-8112-0536327c73a1,31851a73-1a60-4eae-9850-0f60bfc7254a,c3,c5,1767,?,i4,
1769449821.495135,FORWARDED,645e4d5d-53aa-4222-8112-0536327c73a1,31851a73-1a60-4eae-9850-0f60bfc7254a,c3,c5,1767,?,i4,
1769449821.659949,SENT,13b31e9a-3eb4-443e-96b2-05ab25739b57,97041042-6f95-4f9a-aa20-2a3708c9c2e4,c1,c3,1780,?,i1,
1769449821.6599896,FORWARDED,13b31e9a-3eb4-443e-96b2-05ab25739b57,97041042-6f95-4f9a-aa20-2a3708c9c2e4,c1,c3,1780,?,i1,
1769449821.721883,SENT,33c4d8f5-6fba-4e62-9390-536941099e18,c9163851-acc0-4208-9c9b-da6135340430,c3,DROP,1012,?,i2,
1769449821.721925,FORWARDED,33c4d8f5-6fba-4e62-9390-536941099e18,c9163851-acc0-4208-9c9b-da6135340430,c3,DROP,1012,?,i2,
1769449821.841371,SENT,68b10749-94cd-41d8-beaa-181199b067bf,d78fdb5f-5730-4bb9-85fb-544021c30574,c5,c4,1768,?,i10,
1769449821.841408,FORWARDED,68b10749-94cd-41d8-beaa-181199b067bf,d78fdb5f-5730-4bb9-85fb-544021c30574,c5,c4,1768,?,i10,
1769449821.8808274,SENT,e994f243-0252-494d-89fa-7c9802061a7d,bc150b31-bb9c-47ca-be4d-80b35da565f3,c1,DROP,1011,?,i3,
1769449821.8808699,FORWARDED,e994f243-0252-494d-89fa-7c9802061a7d,bc150b31-bb9c-47ca-be4d-80b35da565f3,c1,DROP,1011,?,i3,
1769449822.0436199,SENT,e7b21dcc-6f17-450f-9234-49b9be0ba9c7,31e7e328-3518-4bde-a177-11c05f265d25,c3,c5,1775,?,i1,
1769449822.0436606,FORWARDED,e7b21dcc-6f17-450f-9234-49b9be0ba9c7,31e7e328-3518-4bde-a177-11c05f265d25,c3,c5,1775,?,i1,
1769449822.0511944,RECEIVED,835b6f8e-3c9e-4df7-8a42-9997683d2e17,a29f6559-b8d8-4963-b6dc-6cd3fdb90e43,c1,c3,2463,p1,?,
1769449822.2607315,RECEIVED,80f51ab3-ff42-45e4-8ff8-2142183c87d9,2ac23e6a-62b6-408d-b6fe-783e79e68f2b,c5,DROP,1435,p2,?,
1769449822.3608341,RECEIVED,abcbf7f7-a346-4bae-b126-217324a905b4,13fc6c82-18c8-491d-9ffa-9d829ca8a06d,c5,c4,2461,p2,?,
1769449822.3935616,SENT,835b6f8e-3c9e-4df7-8a42-9997683d2e17,a29f6559-b8d8-4963-b6dc-6cd3fdb90e43,c1,c3,1775,?,i5,
1769449822.3936021,FORWARDED,835b6f8e-3c9e-4df7-8a42-9997683d2e17,a29f6559-b8d8-4963-b6dc-6cd3fdb90e43,c1,c3,1775,?,i5,
1769449822.5796378,SENT,abcbf7f7-a346-4bae-b126-217324a905b4,13fc6c82-18c8-491d-9ffa-9d829ca8a06d,c5,c4,1772,?,i10,
1769449822.579679,FORWARDED,abcbf7f7-a346-4bae-b126-217324a905b4,13fc6c82-18c8-491d-9ffa-9d829ca8a06d,c5,c4,1772,?,i10,
1769449822.7977242,RECEIVED,b2615d1d-db37-402c-8096-52f34e2a1b47,4816fcb7-1513-4790-984c-ca39d904a02e,c5,DROP,1443,p2,?,
1769449822.8259757,SENT,80f51ab3-ff42-45e4-8ff8-2142183c87d9,2ac23e6a-62b6-408d-b6fe-783e79e68f2b,c5,DROP,1003,?,i8,
1769449822.8260283,FORWARDED,80f51ab3-ff42-45e4-8ff8-2142183c87d9,2ac23e6a-62b6-408d-b6fe-783e79e68f2b,c5,DROP,1003,?,i8,
1769449822.9024136,RECEIVED,5ada34df-224a-4b94-adf4-8cfdb3ce8e07,4fee2368-c54f-4fd2-8cac-97489bc2fa38,c4,c5,2455,p1,?,
1769449823.1055005,RECEIVED,89e99e71-2283-4501-897f-bb9b38aa7644,2239be8f-c496-433a-8aab-194b6cbd31f5,c2,c1,2485,p2,?,
1769449823.1703718,RECEIVED,fcb9dd43-310e-456d-9066-c3791f6cfd25,39aac448-101c-42d3-902e-33e7c8c4b6e7,c2,DROP,1441,p2,?,
1769449823.2304742,SENT,89e99e71-2283-4501-897f-bb9b38aa7644,2239be8f-c496-433a-8aab-194b6cbd31f5,c2,c1,1791,?,i11,
1769449823.2305138,FORWARDED,89e99e71-2283-4501-897f-bb9b38aa7644,2239be8f-c496-433a-8aab-194b6cbd31f5,c2,c1,1791,?,i11,
1769449823.3046048,SENT,b2615d1d-db37-402c-8096-52f34e2a1b47,4816fcb7-1513-4790-984c-ca39d904a02e,c5,DROP,1009,?,i3,
1769449823.3046465,FORWARDED,b2615d1d-db37-402c-8096-52f34e2a1b47,4816fcb7-1513-4790-984c-ca39d904a02e,c5,DROP,1009,?,i3,
1769449823.3426793,SENT,fcb9dd43-310e-456d-9066-c3791f6cfd25,39aac448-101c-42d3-902e-33e7c8c4b6e7,c2,DROP,1007,?,i10,
1769449823.3427198,FORWARDED,fcb9dd43-310e-456d-9066-c3791f6cfd25,39aac448-101c-42d3-902e-33e7c8c4b6e7,c2,DROP,1007,?,i10,
1769449823.430066,SENT,fe737842-fedf-4a0d-a73e-0562d4461a4e,8f90840b-f12f-41da-9d04-8c26c7ba733f,c2,c1,1779,?,i3,
1769449823.4301183,FORWARDED,fe737842-fedf-4a0d-a73e-0562d4461a4e,8f90840b-f12f-41da-9d04-8c26c7ba733f,c2,c1,1779,?,i3,
1769449823.4436042,RECEIVED,9aab4325-c0c5-4b24-9d75-19efad678dcd,2e8c7124-3dda-4c7a-825d-398a62efdf77,c5,c4,2459,p2,?,
1769449823.457108,RECEIVED,fcaead13-10b2-4ce7-9b92-ae774ee99452,23b31e9a-172c-43fb-bfda-310c808a5884,c2,c1,2477,p2,?,
1769449823.532988,SENT,fcaead13-10b2-4ce7-9b92-ae774ee99452,23b31e9a-172c-43fb-bfda-310c808a5884,c2,c1,1783,?,i12,
1769449823.5330298,FORWARDED,fcaead13-10b2-4ce7-9b92-ae774ee99452,23b31e9a-172c-43fb-bfda-310c808a5884,c2,c1,1783,?,i12,
1769449823.5595477,RECEIVED,7a9605d5-5901-45ec-b95b-006f180ae21b,277d68aa-e951-4ba2-a919-081c71cddd98,c5,DROP,1444,p2,?,
1769449823.6158953,RECEIVED,f7d21983-708b-4350-b400-d4715230acb7,ddf1e3e3-6c63-4035-aead-a82e271c376d,c3,DROP,1448,p3,?,
1769449823.7503834,SENT,f7d21983-708b-4350-b400-d4715230acb7,ddf1e3e3-6c63-4035-aead-a82e271c376d,c3,DROP,1012,?,i5,
1769449823.7504253,FORWARDED,f7d21983-708b-4350-b400-d4715230acb7,ddf1e3e3-6c63-4035-aead-a82e271c376d,c3,DROP,1012,?,i5,
1769449823.9208617,RECEIVED,2c7a89d2-ad6e-42dd-bb84-538e31938213,d311378c-6619-4d17-8794-599400211f38,c1,DROP,1442,p1,?,
1769449824.0387127,RECEIVED,7028d6da-d173-4be6-afd1-f07db1058799,56751954-7ef7-4475-8a66-9e4f4c562946,c3,DROP,1447,p3,?,
1769449824.0854254,SENT,9aab4325-c0c5-4b24-9d75-19efad678dcd,2e8c7124-3dda-4c7a-825d-398a62efdf77,c5,c4,1772,?,i6,
1769449824.0854673,FORWARDED,9aab4325-c0c5-4b24-9d75-19efad678dcd,2e8c7124-3dda-4c7a-825d-398a62efdf77,c5,c4,1772,?,i6,
1769449824.102503,SENT,7a9605d5-5901-45ec-b95b-006f180ae21b,277d68aa-e951-4ba2-a919-081c71cddd98,c5,DROP,1011,?,i12,
1769449824.1025436,FORWARDED,7a9605d5-5901-45ec-b95b-006f180ae21b,277d68aa-e951-4ba2-a919-081c71cddd98,c5,DROP,1011,?,i12,
1769449824.525089,RECEIVED,c13a1324-c79b-4678-a4a8-70a0b99af09e,9d6c20ea-eeac-4d97-b383-c5a1e997bcb7,c5,DROP,1443,p2,?,
1769449824.5373194,SENT,5ada34df-224a-4b94-adf4-8cfdb3ce8e07,4fee2368-c54f-4fd2-8cac-97489bc2fa38,c4,c5,1769,?,i7,
1769449824.5373611,FORWARDED,5ada34df-224a-4b94-adf4-8cfdb3ce8e07,4fee2368-c54f-4fd2-8cac-97489bc2fa38,c4,c5,1769,?,i7,
1769449824.6531754,SENT,7028d6da-d173-4be6-afd1-f07db1058799,56751954-7ef7-4475-8a66-9e4f4c562946,c3,DROP,1012,?,i5,
1769449824.6532187,FORWARDED,7028d6da-d173-4be6-afd1-f07db1058799,56751954-7ef7-4475-8a66-9e4f4c562946,c3,DROP,1012,?,i5,
1769449824.9295373,RECEIVED,45193660-2610-4a33-a1d0-b372b5c1e8fc,ba801141-2aad-4a6a-828c-2fc1f6c6dbd1,c4,c5,2471,p1,?,
1769449825.0325139,SENT,2c7a89d2-ad6e-42dd-bb84-538e31938213,d311378c-6619-4d17-8794-599400211f38,c1,DROP,1011,?,i1,
1769449825.0325563,FORWARDED,2c7a89d2-ad6e-42dd-bb84-538e31938213,d311378c-6619-4d17-8794-599400211f38,c1,DROP,1011,?,i1,
1769449825.0400264,RECEIVED,936c9171-7454-4c4d-8684-3e84acfe0433,739f7321-49ea-48d7-933b-1e4242b26249,c1,c3,2448,p1,?,
1769449825.0658863,RECEIVED,a3819aa0-500b-4113-8ff5-42ca9f1e8d42,7d153f0b-5548-49b5-8575-280f5bf02983,c5,DROP,1444,p2,?,
1769449825.103235,RECEIVED,6a667bd4-3b34-46d7-aba9-2f8b3b025d41,82749b97-58d6-42e0-9484-570794e0a4a2,c2,DROP,1451,p2,?,
1769449825.109145,RECEIVED,740159fc-9762-4dc1-a973-bc31afe1d2cf,4ed61f09-21eb-4d4c-bdff-c216ec58fd94,c5,DROP,1440,p2,?,
1769449825.1964808,SENT,740159fc-9762-4dc1-a973-bc31afe1d2cf,4ed61f09-21eb-4d4c-bdff-c216ec58fd94,c5,DROP,1007,?,i9,
1769449825.1965256,FORWARDED,740159fc-9762-4dc1-a973-bc31afe1d2cf,4ed61f09-21eb-4d4c-bdff-c216ec58fd94,c5,DROP,1007,?,i9,
1769449825.2060127,SENT,936c9171-7454-4c4d-8684-3e84acfe0433,739f7321-49ea-48d7-933b-1e4242b26249,c1,c3,1764,?,i1,
1769449825.2060666,FORWARDED,936c9171-7454-4c4d-8684-3e84acfe0433,739f7321-49ea-48d7-933b-1e4242b26249,c1,c3,1764,?,i1,
1769449825.220531,RECEIVED,7a29a678-baaa-4d2a-8e96-db223e3807ca,4d3e70ff-19a1-4a1f-8a98-147ac3f72107,c4,c5,2464,p1,?,
1769449825.317725,SENT,45193660-2610-4a33-a1d0-b372b5c1e8fc,ba801141-2aad-4a6a-828c-2fc1f6c6dbd1,c4,c5,1780,?,i1,
1769449825.3177633,FORWARDED,45193660-2610-4a33-a1d0-b372b5c1e8fc,ba801141-2aad-4a6a-828c-2fc1f6c6dbd1,c4,c5,1780,?,i1,
1769449825.320345,RECEIVED,aa25e4f3-09aa-49cb-948e-ae218c142ff2,8c4b9b06-130d-4ddd-8055-dc643a71c52d,c2,DROP,1443,p2,?,
1769449825.4235983,SENT,7a29a678-baaa-4d2a-8e96-db223e3807ca,4d3e70ff-19a1-4a1f-8a98-147ac3f72107,c4,c5,1775,?,i6,
1769449825.42364,FORWARDED,7a29a678-baaa-4d2a-8e96-db223e3807ca,4d3e70ff-19a1-4a1f-8a98-147ac3f72107,c4,c5,1775,?,i6,
1769449825.472195,SENT,c13a1324-c79b-4678-a4a8-70a0b99af09e,9d6c20ea-eeac-4d97-b383-c5a1e997bcb7,c5,DROP,1010,?,i5,
1769449825.4722357,FORWARDED,c13a1324-c79b-4678-a4a8-70a0b99af09e,9d6c20ea-eeac-4d97-b383-c5a1e997bcb7,c5,DROP,1010,?,i5,
1769449825.5146685,SENT,a3819aa0-500b-4113-8ff5-42ca9f1e8d42,7d153f0b-5548-49b5-8575-280f5bf02983,c5,DROP,1011,?,i8,
1769449825.5147772,FORWARDED,a3819aa0-500b-4113-8ff5-42ca9f1e8d42,7d153f0b-5548-49b5-8575-280f5bf02983,c5,DROP,1011,?,i8,
1769449825.5521142,RECEIVED,d24b1979-5cfb-4337-8a9f-0530f6953412,91faf8ce-3d67-442b-91c8-a47c9a17073b,c4,DROP,1439,p1,?,
1769449825.6806524,SENT,aa25e4f3-09aa-49cb-948e-ae218c142ff2,8c4b9b06-130d-4ddd-8055-dc643a71c52d,c2,DROP,1009,?,i6,
1769449825.6806908,FORWARDED,aa25e4f3-09aa-49cb-948e-ae218c142ff2,8c4b9b06-130d-4ddd-8055-dc643a71c52d,c2,DROP,1009,?,i6,
1769449825.7556238,RECEIVED,72921291-c5b1-47bc-b594-0aa4d2acef7e,4cc6fe30-0425-4c00-9637-31c64e40b686,c1,c3,2468,p1,?,
1769449825.8428748,SENT,d24b1979-5cfb-4337-8a9f-0530f6953412,91faf8ce-3d67-442b-91c8-a47c9a17073b,c4,DROP,1007,?,i9,
1769449825.842918,FORWARDED,d24b1979-5cfb-4337-8a9f-0530f6953412,91faf8ce-3d67-442b-91c8-a47c9a17073b,c4,DROP,1007,?,i9,
1769449825.9295638,SENT,6a667bd4-3b34-46d7-aba9-2f8b3b025d41,82749b97-58d6-42e0-9484-570794e0a4a2,c2,DROP,1016,?,i8,
1769449825.929607,FORWARDED,6a667bd4-3b34-46d7-aba9-2f8b3b025d41,82749b97-58d6-42e0-9484-570794e0a4a2,c2,DROP,1016,?,i8,
1769449825.9309099,RECEIVED,12117380-dd74-40f6-a562-55915dbd5263,d9e044e8-8798-4b9d-a707-c05cba2ab134,c3,DROP,1448,p3,?,
1769449825.9763145,SENT,72921291-c5b1-47bc-b594-0aa4d2acef7e,4cc6fe30-0425-4c00-9637-31c64e40b686,c1,c3,1779,?,i2,
1769449825.9763565,FORWARDED,72921291-c5b1-47bc-b594-0aa4d2acef7e,4cc6fe30-0425-4c00-9637-31c64e40b686,c1,c3,1779,?,i2,
1769449826.0782006,SENT,12117380-dd74-40f6-a562-55915dbd5263,d9e044e8-8798-4b9d-a707-c05cba2ab134,c3,DROP,1012,?,i9,
1769449826.0782423,FORWARDED,12117380-dd74-40f6-a562-55915dbd5263,d9e044e8-8798-4b9d-a707-c05cba2ab134,c3,DROP,1012,?,i9,
1769449826.0878425,RECEIVED,76910537-9c37-4643-aa1e-31a53afa5bc4,97a5d790-a151-4425-9f05-27da18039836,c1,DROP,1436,p1,?,
1769449826.218887,RECEIVED,3bc4d0e3-75d3-4ac3-8fff-bf9b991de8f3,e5843fab-f9e2-4011-9d64-6fec0a5ebd68,c3,c5,2456,p3,?,
1769449826.2772684,RECEIVED,9566f283-491c-4e17-bbe4-bbb620749871,e82a0430-4416-402a-bcf5-065d2f0f40f7,c5,c4,2468,p2,?,
1769449826.327153,SENT,9566f283-491c-4e17-bbe4-bbb620749871,e82a0430-4416-402a-bcf5-065d2f0f40f7,c5,c4,1777,?,i7,
1769449826.3271902,FORWARDED,9566f283-491c-4e17-bbe4-bbb620749871,e82a0430-4416-402a-bcf5-065d2f0f40f7,c5,c4,1777,?,i7,
1769449826.3656044,SENT,76910537-9c37-4643-aa1e-31a53afa5bc4,97a5d790-a151-4425-9f05-27da18039836,c1,DROP,1003,?,i3,
1769449826.36564,FORWARDED,76910537-9c37-4643-aa1e-31a53afa5bc4,97a5d790-a151-4425-9f05-27da18039836,c1,DROP,1003,?,i3,
1769449826.3900893,SENT,3bc4d0e3-75d3-4ac3-8fff-bf9b991de8f3,e5843fab-f9e2-4011-9d64-6fec0a5ebd68,c3,c5,1768,?,i2,
1769449826.3901339,FORWARDED,3bc4d0e3-75d3-4ac3-8fff-bf9b991de8f3,e5843fab-f9e2-4011-9d64-6fec0a5ebd68,c3,c5,1768,?,i2,
1769449826.5822356,RECEIVED,666a3bdc-5e72-4f80-89f8-945df17cd02c,c0cce7a6-350c-40e6-844f-34b06e367e4a,c1,DROP,1447,p1,?,
1769449826.8574836,RECEIVED,9c0c3505-3dea-47a5-a001-6c4291100244,d4b85538-07c9-46ac-bba3-272dcacc6643,c4,DROP,1445,p1,?,
1769449826.880811,RECEIVED,1ed4df00-83cd-4777-a9be-9ea10e3d1c14,00ae5dbf-dfc6-4ccd-9ce5-3fc8729a155e,c5,DROP,442,x8,?,
1769449826.9196148,SENT,9c0c3505-3dea-47a5-a001-6c4291100244,d4b85538-07c9-46ac-bba3-272dcacc6643,c4,DROP,1011,?,i11,
1769449826.9197166,FORWARDED,9c0c3505-3dea-47a5-a001-6c4291100244,d4b85538-07c9-46ac-bba3-272dcacc6643,c4,DROP,1011,?,i11,
1769449827.056399,RECEIVED,15ff1402-c898-4958-b5d7-a7dfbdb0fe46,6b2a2050-0b83-44f1-a2ea-4cc93edbf877,c4,c5,2468,p1,?,
1769449827.2905416,SENT,15ff1402-c898-4958-b5d7-a7dfbdb0fe46,6b2a2050-0b83-44f1-a2ea-4cc93edbf877,c4,c5,1777,?,i5,
1769449827.2905803,FORWARDED,15ff1402-c898-4958-b5d7-a7dfbdb0fe46,6b2a2050-0b83-44f1-a2ea-4cc93edbf877,c4,c5,1777,?,i5,
1769449827.3113296,RECEIVED,d89ad696-22e5-47ea-b224-688cdfe942cd,db35c1fb-03a4-47b9-b745-04b8b1062066,c3,c5,2471,p3,?,
1769449827.385804,SENT,666a3bdc-5e72-4f80-89f8-945df17cd02c,c0cce7a6-350c-40e6-844f-34b06e367e4a,c1,DROP,1013,?,i1,
1769449827.385847,FORWARDED,666a3bdc-5e72-4f80-89f8-945df17cd02c,c0cce7a6-350c-40e6-844f-34b06e367e4a,c1,DROP,1013,?,i1,
1769449827.4959593,RECEIVED,511bbebd-f712-486f-a592-c06d5d754d92,026738ac-d05e-4b8b-a2e7-dadf37fe8651,c5,c4,2456,p2,?,
1769449827.5945745,RECEIVED,67227d49-5562-4f56-a10a-2d2ce54a3400,28d7f2dd-aa93-4cbb-8016-e53253b97cff,c3,DROP,1452,p3,?,
1769449827.654416,RECEIVED,6ebfd2d6-3590-4fb0-bbc4-6929d0aaf908,4056cddc-3449-4ff0-b9dd-b7d1d3790a9c,c1,c3,2466,p1,?,
1769449827.6909018,SENT,6ebfd2d6-3590-4fb0-bbc4-6929d0aaf908,4056cddc-3449-4ff0-b9dd-b7d1d3790a9c,c1,c3,1775,?,i6,
1769449827.6909454,FORWARDED,6ebfd2d6-3590-4fb0-bbc4-6929d0aaf908,4056cddc-3449-4ff0-b9dd-b7d1d3790a9c,c1,c3,1775,?,i6,
1769449827.6972885,SENT,511bbebd-f712-486f-a592-c06d5d754d92,026738ac-d05e-4b8b-a2e7-dadf37fe8651,c5,c4,1770,?,i4,
1769449827.6973317,FORWARDED,511bbebd-f712-486f-a592-c06d5d754d92,026738ac-d05e-4b8b-a2e7-dadf37fe8651,c5,c4,1770,?,i4,
1769449827.7294416,SENT,d89ad696-22e5-47ea-b224-688cdfe942cd,db35c1fb-03a4-47b9-b745-04b8b1062066,c3,c5,1781,?,i8,
1769449827.7294824,FORWARDED,d89ad696-22e5-47ea-b224-688cdfe942cd,db35c1fb-03a4-47b9-b745-04b8b1062066,c3,c5,1781,?,i8,
1769449827.7965565,RECEIVED,c5fee085-e274-4f76-a0e6-d2b5d42604af,3973225a-cb1d-440c-aec0-fcc91b2b6b78,c1,c3,2461,p1,?,
1769449827.8418298,RECEIVED,a120c1f4-6889-4b66-9d4f-347212fefba3,039f7db7-b7c3-4c71-b9b9-a95eaf29d36f,c4,DROP,1448,p1,?,
1769449827.9691298,SENT,67227d49-5562-4f56-a10a-2d2ce54a3400,28d7f2dd-aa93-4cbb-8016-e53253b97cff,c3,DROP,1015,?,i3,
1769449827.969168,FORWARDED,67227d49-5562-4f56-a10a-2d2ce54a3400,28d7f2dd-aa93-4cbb-8016-e53253b97cff,c3,DROP,1015,?,i3,
1769449828.0423417,RECEIVED,43e6d6dd-e43a-468d-a4b0-b006c1af75ad,a0934d04-52a9-413f-af0f-9529df8199f5,c4,DROP,1436,p1,?,
1769449828.0559175,SENT,a120c1f4-6889-4b66-9d4f-347212fefba3,039f7db7-b7c3-4c71-b9b9-a95eaf29d36f,c4,DROP,1012,?,i5,
1769449828.0559604,FORWARDED,a120c1f4-6889-4b66-9d4f-347212fefba3,039f7db7-b7c3-4c71-b9b9-a95eaf29d36f,c4,DROP,1012,?,i5,
1769449828.21259,SENT,c5fee085-e274-4f76-a0e6-d2b5d42604af,3973225a-cb1d-440c-aec0-fcc91b2b6b78,c1,c3,1771,?,i11,
1769449828.2126322,FORWARDED,c5fee085-e274-4f76-a0e6-d2b5d42604af,3973225a-cb1d-440c-aec0-fcc91b2b6b78,c1,c3,1771,?,i11,
1769449828.267907,SENT,43e6d6dd-e43a-468d-a4b0-b006c1af75ad,a0934d04-52a9-413f-af0f-9529df8199f5,c4,DROP,1004,?,i5,
1769449828.267949,FORWARDED,43e6d6dd-e43a-468d-a4b0-b006c1af75ad,a0934d04-52a9-413f-af0f-9529df8199f5,c4,DROP,1004,?,i5,
1769449828.3248827,RECEIVED,c07bd3a9-7cf2-4be3-8d51-af0f0688fe40,aacc4a44-c599-496f-b1fd-d0f6f14e348d,c5,c4,2464,p2,?,
1769449828.3397768,RECEIVED,1292c034-c7aa-4767-91f6-4750f5da45eb,304d6574-6674-45da-a09b-c1ff5a07a189,c5,DROP,1439,p2,?,
1769449828.3458822,RECEIVED,8641bb42-b5d4-46f3-b92b-273c30db93b7,4cddfc1f-01b2-4b32-a580-63bc501961d9,c2,DROP,1440,p2,?,
1769449828.5593987,SENT,c07bd3a9-7cf2-4be3-8d51-af0f0688fe40,aacc4a44-c599-496f-b1fd-d0f6f14e348d,c5,c4,1776,?,i1,
1769449828.5594435,FORWARDED,c07bd3a9-7cf2-4be3-8d51-af0f0688fe40,aacc4a44-c599-496f-b1fd-d0f6f14e348d,c5,c4,1776,?,i1,
1769449828.576585,RECEIVED,11cbb6bc-6961-4354-afa0-887cf3418099,5320e776-b880-4025-9cf9-cc3cbd6dcdb9,c3,DROP,1441,p3,?,
1769449828.763307,SENT,8641bb42-b5d4-46f3-b92b-273c30db93b7,4cddfc1f-01b2-4b32-a580-63bc501961d9,c2,DROP,1007,?,i10,
1769449828.7633498,FORWARDED,8641bb42-b5d4-46f3-b92b-273c30db93b7,4cddfc1f-01b2-4b32-a580-63bc501961d9,c2,DROP,1007,?,i10,
1769449828.7928407,SENT,11cbb6bc-6961-4354-afa0-887cf3418099,5320e776-b880-4025-9cf9-cc3cbd6dcdb9,c3,DROP,1007,?,i11,
1769449828.7928822,FORWARDED,11cbb6bc-6961-4354-afa0-887cf3418099,5320e776-b880-4025-9cf9-cc3cbd6dcdb9,c3,DROP,1007,?,i11,
1769449828.811993,RECEIVED,e0c6734b-11dc-4d3a-9652-bbdce713e00b,b2f32ed7-f816-4b31-9dad-a9f10228f399,c3,c5,2461,p3,?,
1769449828.841872,RECEIVED,74ba3a81-213d-4145-a04b-88e925fb97f8,7af845d4-53da-45d1-b2b8-584bc0009059,c1,DROP,1456,p1,?,
1769449828.8677568,RECEIVED,aa523e3d-2b51-4208-906b-391722714490,89a598ec-bb4d-4190-8ab2-a9b54340ea69,c4,c5,2463,p1,?,
1769449828.955682,RECEIVED,3d5b2b87-d09d-4d3e-9dea-bd223f51806c,94718088-1fc4-494a-8d41-0c2406e0b60a,c2,c1,2460,p2,?,
1769449829.0271826,SENT,1292c034-c7aa-4767-91f6-4750f5da45eb,304d6574-6674-45da-a09b-c1ff5a07a189,c5,DROP,1007,?,i7,
1769449829.0272243,FORWARDED,1292c034-c7aa-4767-91f6-4750f5da45eb,304d6574-6674-45da-a09b-c1ff5a07a189,c5,DROP,1007,?,i7,
1769449829.0697155,RECEIVED,f47557f4-78f2-4027-ab82-c668f297d355,bb110da0-a9d0-4e2c-b0be-5c3781268d5e,c5,c4,2457,p2,?,
1769449829.0798802,SENT,e0c6734b-11dc-4d3a-9652-bbdce713e00b,b2f32ed7-f816-4b31-9dad-a9f10228f399,c3,c5,1772,?,i12,
1769449829.0799236,FORWARDED,e0c6734b-11dc-4d3a-9652-bbdce713e00b,b2f32ed7-f816-4b31-9dad-a9f10228f399,c3,c5,1772,?,i12,
1769449829.0919645,RECEIVED,80dea831-0880-4595-9994-ecc62a6554d4,aa50f78e-62a7-405f-a808-bb9ba99114b1,c1,DROP,1439,p1,?,
1769449829.1208363,SENT,3d5b2b87-d09d-4d3e-9dea-bd223f51806c,94718088-1fc4-494a-8d41-0c2406e0b60a,c2,c1,1771,?,i8,
1769449829.120974,FORWARDED,3d5b2b87-d09d-4d3e-9dea-bd223f51806c,94718088-1fc4-494a-8d41-0c2406e0b60a,c2,c1,1771,?,i8,
1769449829.180899,RECEIVED,798b11f6-be1d-4464-9cb8-2be7adfb9ec6,59346a28-09d5-4c10-8664-52b5d6bf3f0d,c2,DROP,1440,p2,?,
1769449829.2540348,SENT,aa523e3d-2b51-4208-906b-391722714490,89a598ec-bb4d-4190-8ab2-a9b54340ea69,c4,c5,1775,?,i10,
1769449829.254088,FORWARDED,aa523e3d-2b51-4208-906b-391722714490,89a598ec-bb4d-4190-8ab2-a9b54340ea69,c4,c5,1775,?,i10,
1769449829.4103677,SENT,f47557f4-78f2-4027-ab82-c668f297d355,bb110da0-a9d0-4e2c-b0be-5c3781268d5e,c5,c4,1769,?,i12,
1769449829.4104092,FORWARDED,f47557f4-78f2-4027-ab82-c668f297d355,bb110da0-a9d0-4e2c-b0be-5c3781268d5e,c5,c4,1769,?,i12,
1769449829.4292116,SENT,798b11f6-be1d-4464-9cb8-2be7adfb9ec6,59346a28-09d5-4c10-8664-52b5d6bf3f0d,c2,DROP,1008,?,i1,
1769449829.4292536,FORWARDED,798b11f6-be1d-4464-9cb8-2be7adfb9ec6,59346a28-09d5-4c10-8664-52b5d6bf3f0d,c2,DROP,1008,?,i1,
1769449829.5584786,SENT,74ba3a81-213d-4145-a04b-88e925fb97f8,7af845d4-53da-45d1-b2b8-584bc0009059,c1,DROP,1020,?,i10,
1769449829.5585127,FORWARDED,74ba3a81-213d-4145-a04b-88e925fb97f8,7af845d4-53da-45d1-b2b8-584bc0009059,c1,DROP,1020,?,i10,
1769449829.6254807,SENT,80dea831-0880-4595-9994-ecc62a6554d4,aa50f78e-62a7-405f-a808-bb9ba99114b1,c1,DROP,1008,?,i9,
1769449829.625525,FORWARDED,80dea831-0880-4595-9994-ecc62a6554d4,aa50f78e-62a7-405f-a808-bb9ba99114b1,c1,DROP,1008,?,i9,
1769449829.778996,RECEIVED,55ece418-c8b5-4506-a16f-ba11651cd577,d4e1ea4b-bc2f-44ec-ba0b-3f80f3d05570,c5,DROP,1441,p2,?,
1769449829.8040042,SENT,55ece418-c8b5-4506-a16f-ba11651cd577,d4e1ea4b-bc2f-44ec-ba0b-3f80f3d05570,c5,DROP,1007,?,i11,
1769449829.804055,FORWARDED,55ece418-c8b5-4506-a16f-ba11651cd577,d4e1ea4b-bc2f-44ec-ba0b-3f80f3d05570,c5,DROP,1007,?,i11,
1769449829.8138301,RECEIVED,8e1eca42-7a6d-495e-9cc9-8cb84e849480,4ecb16e9-54d1-44e5-b6d6-86479c7ceacd,c2,DROP,1447,p2,?,
1769449829.8856683,RECEIVED,292df94b-5901-4989-83fa-e90a846c04c3,4f6772e8-27dd-435b-b852-1843f9459210,c3,DROP,1439,p3,?,
1769449829.9563692,RECEIVED,cdbb12a1-ea10-4f57-ad85-de2731d3fbef,77685fd7-d3ae-4ba8-b031-750a7a1bd61e,c4,DROP,1439,p1,?,
1769449830.049757,RECEIVED,4b3694cc-9b7e-44b3-b97f-bba7c779e52c,6c6c41f0-3227-4403-a521-a21c6927888c,c2,DROP,1444,p2,?,
1769449830.0832496,SENT,292df94b-5901-4989-83fa-e90a846c04c3,4f6772e8-27dd-435b-b852-1843f9459210,c3,DROP,1008,?,i7,
1769449830.0832942,FORWARDED,292df94b-5901-4989-83fa-e90a846c04c3,4f6772e8-27dd-435b-b852-1843f9459210,c3,DROP,1008,?,i7,
1769449830.436999,RECEIVED,8f63bb3b-bd99-439b-b4ea-ea54a009e0b2,42c3a385-fefb-4bea-b7a6-14bd12b4ec2d,c1,DROP,1456,p1,?,
1769449830.5059016,SENT,cdbb12a1-ea10-4f57-ad85-de2731d3fbef,77685fd7-d3ae-4ba8-b031-750a7a1bd61e,c4,DROP,1007,?,i1,
1769449830.5059557,FORWARDED,cdbb12a1-ea10-4f57-ad85-de2731d3fbef,77685fd7-d3ae-4ba8-b031-750a7a1bd61e,c4,DROP,1007,?,i1,
1769449830.532681,SENT,4b3694cc-9b7e-44b3-b97f-bba7c779e52c,6c6c41f0-3227-4403-a521-a21c6927888c,c2,DROP,1011,?,i6,
1769449830.5327234,FORWARDED,4b3694cc-9b7e-44b3-b97f-bba7c779e52c,6c6c41f0-3227-4403-a521-a21c6927888c,c2,DROP,1011,?,i6,
1769449830.9449458,RECEIVED,1068fa62-9770-45a1-a8fe-7e91bf999768,6b1af5d7-0174-49c7-b71a-68ea0e6ba73c,c3,DROP,1447,p3,?,
1769449830.9862285,SENT,8f63bb3b-bd99-439b-b4ea-ea54a009e0b2,42c3a385-fefb-4bea-b7a6-14bd12b4ec2d,c1,DROP,1020,?,i11,
1769449830.986271,FORWARDED,8f63bb3b-bd99-439b-b4ea-ea54a009e0b2,42c3a385-fefb-4bea-b7a6-14bd12b4ec2d,c1,DROP,1020,?,i11,
1769449831.1494236,SENT,8e1eca42-7a6d-495e-9cc9-8cb84e849480,4ecb16e9-54d1-44e5-b6d6-86479c7ceacd,c2,DROP,1013,?,i7,
1769449831.1494675,FORWARDED,8e1eca42-7a6d-495e-9cc9-8cb84e849480,4ecb16e9-54d1-44e5-b6d6-86479c7ceacd,c2,DROP,1013,?,i7,
1769449831.23174,RECEIVED,14141825-0ba1-4747-9ee8-b0e250194a19,6c8a5dfe-61e9-4b35-952a-0a33fbef807f,c2,DROP,1444,p2,?,
1769449831.3652515,SENT,14141825-0ba1-4747-9ee8-b0e250194a19,6c8a5dfe-61e9-4b35-952a-0a33fbef807f,c2,DROP,1009,?,i6,
1769449831.3652942,FORWARDED,14141825-0ba1-4747-9ee8-b0e250194a19,6c8a5dfe-61e9-4b35-952a-0a33fbef807f,c2,DROP,1009,?,i6,
1769449831.4607232,RECEIVED,9c4296bc-44a5-41fa-8a76-976b35353b1e,096d6abe-9254-45c5-a8bd-915005d093fa,c3,DROP,1439,p3,?,
1769449831.606533,RECEIVED,79d50e99-f77b-470b-9e96-474c54fc2a29,359f9c14-273b-4abf-a77f-b897817492f6,c4,DROP,1456,p1,?,
1769449831.7023375,SENT,1068fa62-9770-45a1-a8fe-7e91bf999768,6b1af5d7-0174-49c7-b71a-68ea0e6ba73c,c3,DROP,1012,?,i3,
1769449831.7023814,FORWARDED,1068fa62-9770-45a1-a8fe-7e91bf999768,6b1af5d7-0174-49c7-b71a-68ea0e6ba73c,c3,DROP,1012,?,i3,
1769449832.0973294,SENT,79d50e99-f77b-470b-9e96-474c54fc2a29,359f9c14-273b-4abf-a77f-b897817492f6,c4,DROP,1020,?,i12,
1769449832.097376,FORWARDED,79d50e99-f77b-470b-9e96-474c54fc2a29,359f9c14-273b-4abf-a77f-b897817492f6,c4,DROP,1020,?,i12,
1769449832.231756,RECEIVED,72e1881f-807b-44eb-8c3b-fee876b84007,12c19fbd-aa3d-4eea-af7d-3b6fe0f7fee6,c2,DROP,1442,p2,?,
1769449832.3672915,RECEIVED,c201b6a9-8b64-4109-bab5-fafdea1fd1af,e6443f31-7613-489a-bea4-86bb5be23143,c2,c1,2464,p2,?,
1769449832.3705769,SENT,72e1881f-807b-44eb-8c3b-fee876b84007,12c19fbd-aa3d-4eea-af7d-3b6fe0f7fee6,c2,DROP,1011,?,i5,
1769449832.3706179,FORWARDED,72e1881f-807b-44eb-8c3b-fee876b84007,12c19fbd-aa3d-4eea-af7d-3b6fe0f7fee6,c2,DROP,1011,?,i5,
1769449832.4042175,SENT,9c4296bc-44a5-41fa-8a76-976b35353b1e,096d6abe-9254-45c5-a8bd-915005d093fa,c3,DROP,1007,?,i8,
1769449832.404264,FORWARDED,9c4296bc-44a5-41fa-8a76-976b35353b1e,096d6abe-9254-45c5-a8bd-915005d093fa,c3,DROP,1007,?,i8,
1769449832.4441016,RECEIVED,b89e702a-26a2-41b0-95b6-1d04949b0b76,91f16a27-9c12-40fd-92e1-2708104e212c,c4,c5,2476,p1,?,
1769449832.599712,SENT,c201b6a9-8b64-4109-bab5-fafdea1fd1af,e6443f31-7613-489a-bea4-86bb5be23143,c2,c1,1776,?,i3,
1769449832.5997598,FORWARDED,c201b6a9-8b64-4109-bab5-fafdea1fd1af,e6443f31-7613-489a-bea4-86bb5be23143,c2,c1,1776,?,i3,
1769449832.618905,RECEIVED,b2822707-fdd0-487b-b09a-f13d018dbb66,a9ba0d43-6b7d-4a1a-af09-b567a265909d,c4,c5,2455,p1,?,
1769449832.709096,RECEIVED,395e3513-94a5-4dcf-bf62-eceaf4217f5c,c456b1e4-2d93-493e-9531-300517ae3959,c5,DROP,1447,p2,?,
1769449832.7242992,RECEIVED,b14b8718-09ac-4faf-a42e-b0a80fb34d75,19b6163b-3aeb-48dc-8f7b-7352f2f0f771,c2,c1,2459,p2,?,
1769449832.7799015,RECEIVED,e3957982-2c02-4649-b55c-fb4b841c3ed3,fdb4da52-eac5-494d-b9a5-1bc3d356b005,c2,DROP,1440,p2,?,
1769449832.7937593,RECEIVED,84d44eed-8bad-4f13-b626-6cdce5324345,affa26ce-2b44-4c09-bc73-41844ba64d95,c2,c1,2459,p2,?,
1769449832.8144507,RECEIVED,e9f3296f-f805-40b4-8462-0d36d6f1ddc7,d231cdf4-62dc-44d2-b0e9-6af95e9e290f,c4,c5,2447,p1,?,
1769449832.8178742,SENT,e3957982-2c02-4649-b55c-fb4b841c3ed3,fdb4da52-eac5-494d-b9a5-1bc3d356b005,c2,DROP,1008,?,i2,
1769449832.817917,FORWARDED,e3957982-2c02-4649-b55c-fb4b841c3ed3,fdb4da52-eac5-494d-b9a5-1bc3d356b005,c2,DROP,1008,?,i2,
1769449832.8300123,SENT,395e3513-94a5-4dcf-bf62-eceaf4217f5c,c456b1e4-2d93-493e-9531-300517ae3959,c5,DROP,1012,?,i5,
1769449832.830215,FORWARDED,395e3513-94a5-4dcf-bf62-eceaf4217f5c,c456b1e4-2d93-493e-9531-300517ae3959,c5,DROP,1012,?,i5,
1769449832.8623803,RECEIVED,01c13948-e601-411a-87b6-ec979edca217,ee674b32-8132-4455-9ea1-683b603a92bf,c1,DROP,441,x6,?,
1769449833.0537646,RECEIVED,496e349a-f65c-46c0-bfc2-67bb1da45eb0,f5ff6900-901c-4a6b-952b-65c0e963236f,c4,DROP,1448,p1,?,
1769449833.0753102,RECEIVED,5b4ad2d6-117b-41dc-a876-e71838c092c5,aa1c28e4-c172-470e-8107-3256f0b0c8e5,c2,c1,2443,p2,?,
1769449833.078097,RECEIVED,4549ec93-38b4-41e6-ab6a-a23c01594692,1e33ed78-870c-41ed-90c8-ba1f6d341007,c3,c5,2463,p3,?,
1769449833.103243,RECEIVED,52513e4e-26e6-4845-8a1f-4ec680110aa1,72b328d9-7c84-4dca-9655-b4f703738870,c4,DROP,1442,p1,?,
1769449833.113903,RECEIVED,034e7430-bd5b-44f3-a1f0-247eb7d1399b,8fe59d96-e6f6-4af3-9507-8e1dab0c789d,c2,c1,2447,p2,?,
1769449833.1580164,RECEIVED,40abe409-823b-4e69-9b65-3c99106d8ecd,303ccac4-6923-4a9c-b994-e49293714832,c3,DROP,1451,p3,?,
1769449833.2270873,SENT,84d44eed-8bad-4f13-b626-6cdce5324345,affa26ce-2b44-4c09-bc73-41844ba64d95,c2,c1,1771,?,i3,
1769449833.2271307,FORWARDED,84d44eed-8bad-4f13-b626-6cdce5324345,affa26ce-2b44-4c09-bc73-41844ba64d95,c2,c1,1771,?,i3,
1769449833.2695649,SENT,496e349a-f65c-46c0-bfc2-67bb1da45eb0,f5ff6900-901c-4a6b-952b-65c0e963236f,c4,DROP,1012,?,i3,
1769449833.2696176,FORWARDED,496e349a-f65c-46c0-bfc2-67bb1da45eb0,f5ff6900-901c-4a6b-952b-65c0e963236f,c4,DROP,1012,?,i3,
1769449833.3284326,RECEIVED,30494fd5-ccc2-4833-8028-225b49054582,73574092-75ee-4125-82c5-7302ace8c63b,c4,c5,2471,p1,?,
1769449833.330783,SENT,e9f3296f-f805-40b4-8462-0d36d6f1ddc7,d231cdf4-62dc-44d2-b0e9-6af95e9e290f,c4,c5,1764,?,i1,
1769449833.3308272,FORWARDED,e9f3296f-f805-40b4-8462-0d36d6f1ddc7,d231cdf4-62dc-44d2-b0e9-6af95e9e290f,c4,c5,1764,?,i1,
1769449833.3539195,SENT,b2822707-fdd0-487b-b09a-f13d018dbb66,a9ba0d43-6b7d-4a1a-af09-b567a265909d,c4,c5,1770,?,i8,
1769449833.35396,FORWARDED,b2822707-fdd0-487b-b09a-f13d018dbb66,a9ba0d43-6b7d-4a1a-af09-b567a265909d,c4,c5,1770,?,i8,
1769449833.4518154,RECEIVED,d6d369b0-bc66-4ef1-8863-5eee68cd61a9,fd24df53-06fe-4ea7-a3c9-68c970d395ea,c3,DROP,441,x7,?,
1769449833.4624574,SENT,30494fd5-ccc2-4833-8028-225b49054582,73574092-75ee-4125-82c5-7302ace8c63b,c4,c5,1781,?,i7,
1769449833.4624994,FORWARDED,30494fd5-ccc2-4833-8028-225b49054582,73574092-75ee-4125-82c5-7302ace8c63b,c4,c5,1781,?,i7,
1769449833.5349355,RECEIVED,09483e1e-5f22-416a-91c3-8036898cdad7,bb47c7bd-0597-422b-bfb1-01a6bc87015f,c1,c3,2463,p1,?,
1769449833.6192322,SENT,b14b8718-09ac-4faf-a42e-b0a80fb34d75,19b6163b-3aeb-48dc-8f7b-7352f2f0f771,c2,c1,1771,?,i2,
1769449833.6192713,FORWARDED,b14b8718-09ac-4faf-a42e-b0a80fb34d75,19b6163b-3aeb-48dc-8f7b-7352f2f0f771,c2,c1,1771,?,i2,
1769449833.6303654,SENT,40abe409-823b-4e69-9b65-3c99106d8ecd,303ccac4-6923-4a9c-b994-e49293714832,c3,DROP,1017,?,i6,
1769449833.6304085,FORWARDED,40abe409-823b-4e69-9b65-3c99106d8ecd,303ccac4-6923-4a9c-b994-e49293714832,c3,DROP,1017,?,i6,
1769449833.631149,RECEIVED,64ecac11-ea6f-4e20-9e44-25d3f6c99b1f,91d5c12e-082b-48a6-922c-8afc5c8d12f8,c5,c4,2460,p2,?,
1769449833.642589,SENT,034e7430-bd5b-44f3-a1f0-247eb7d1399b,8fe59d96-e6f6-4af3-9507-8e1dab0c789d,c2,c1,1764,?,i2,
1769449833.6426303,FORWARDED,034e7430-bd5b-44f3-a1f0-247eb7d1399b,8fe59d96-e6f6-4af3-9507-8e1dab0c789d,c2,c1,1764,?,i2,
1769449833.6634707,RECEIVED,220d23e0-c4b8-4615-8211-203b46258147,fbb343f9-8a4a-45fe-aeb0-59c44b566f13,c2,c1,2447,p2,?,
1769449833.7344973,SENT,4549ec93-38b4-41e6-ab6a-a23c01594692,1e33ed78-870c-41ed-90c8-ba1f6d341007,c3,c5,1774,?,i7,
1769449833.734535,FORWARDED,4549ec93-38b4-41e6-ab6a-a23c01594692,1e33ed78-870c-41ed-90c8-ba1f6d341007,c3,c5,1774,?,i7,
1769449833.8008566,SENT,b89e702a-26a2-41b0-95b6-1d04949b0b76,91f16a27-9c12-40fd-92e1-2708104e212c,c4,c5,1784,?,i10,
1769449833.8008974,FORWARDED,b89e702a-26a2-41b0-95b6-1d04949b0b76,91f16a27-9c12-40fd-92e1-2708104e212c,c4,c5,1784,?,i10,
1769449833.8236718,SENT,5b4ad2d6-117b-41dc-a876-e71838c092c5,aa1c28e4-c172-470e-8107-3256f0b0c8e5,c2,c1,1759,?,i2,
1769449833.823724,FORWARDED,5b4ad2d6-117b-41dc-a876-e71838c092c5,aa1c28e4-c172-470e-8107-3256f0b0c8e5,c2,c1,1759,?,i2,
1769449833.8340154,SENT,64ecac11-ea6f-4e20-9e44-25d3f6c99b1f,91d5c12e-082b-48a6-922c-8afc5c8d12f8,c5,c4,1771,?,i2,
1769449833.834061,FORWARDED,64ecac11-ea6f-4e20-9e44-25d3f6c99b1f,91d5c12e-082b-48a6-922c-8afc5c8d12f8,c5,c4,1771,?,i2,
1769449833.8383493,RECEIVED,dcc285cf-eb88-4186-9cf3-9d149277b365,28433e2e-c12f-4534-ab39-9274b8becb8f,c5,DROP,1444,p2,?,
1769449833.8955128,RECEIVED,ab35c4e4-400e-4c0f-9e25-d531ad73d7ca,f6def427-25fb-44e7-8bbd-edbcdfa2dd6d,c5,DROP,1444,p2,?,
1769449833.9379406,RECEIVED,4c279c1b-303c-4882-aa42-33adbd19e69b,3c1e5fc7-5cdb-4b96-bc2f-24c4cd00e660,c5,DROP,1454,p2,?,
1769449834.0357435,SENT,4c279c1b-303c-4882-aa42-33adbd19e69b,3c1e5fc7-5cdb-4b96-bc2f-24c4cd00e660,c5,DROP,1015,?,i10,
1769449834.0357864,FORWARDED,4c279c1b-303c-4882-aa42-33adbd19e69b,3c1e5fc7-5cdb-4b96-bc2f-24c4cd00e660,c5,DROP,1015,?,i10,
1769449834.094286,SENT,ab35c4e4-400e-4c0f-9e25-d531ad73d7ca,f6def427-25fb-44e7-8bbd-edbcdfa2dd6d,c5,DROP,1009,?,i5,
1769449834.0943253,FORWARDED,ab35c4e4-400e-4c0f-9e25-d531ad73d7ca,f6def427-25fb-44e7-8bbd-edbcdfa2dd6d,c5,DROP,1009,?,i5,
1769449834.1387267,SENT,dcc285cf-eb88-4186-9cf3-9d149277b365,28433e2e-c12f-4534-ab39-9274b8becb8f,c5,DROP,1009,?,i7,
1769449834.138768,FORWARDED,dcc285cf-eb88-4186-9cf3-9d149277b365,28433e2e-c12f-4534-ab39-9274b8becb8f,c5,DROP,1009,?,i7,
1769449834.238006,SENT,52513e4e-26e6-4845-8a1f-4ec680110aa1,72b328d9-7c84-4dca-9655-b4f703738870,c4,DROP,1011,?,i3,
1769449834.2380679,FORWARDED,52513e4e-26e6-4845-8a1f-4ec680110aa1,72b328d9-7c84-4dca-9655-b4f703738870,c4,DROP,1011,?,i3,
1769449834.2497494,SENT,09483e1e-5f22-416a-91c3-8036898cdad7,bb47c7bd-0597-422b-bfb1-01a6bc87015f,c1,c3,1775,?,i6,
1769449834.2497933,FORWARDED,09483e1e-5f22-416a-91c3-8036898cdad7,bb47c7bd-0597-422b-bfb1-01a6bc87015f,c1,c3,1775,?,i6,
1769449834.259439,RECEIVED,06624a02-f924-4dda-8fff-cdede2fe3155,cee05fe7-254c-4a90-baa6-27f6bc047221,c3,DROP,441,x4,?,
1769449834.271695,RECEIVED,3879bc02-8cb8-42ac-8e28-18134476c689,275cf1ae-1b4d-4e8c-aef5-756d5191c78c,c1,DROP,1442,p1,?,
1769449834.3517802,SENT,3879bc02-8cb8-42ac-8e28-18134476c689,275cf1ae-1b4d-4e8c-aef5-756d5191c78c,c1,DROP,1007,?,i11,
1769449834.3518207,FORWARDED,3879bc02-8cb8-42ac-8e28-18134476c689,275cf1ae-1b4d-4e8c-aef5-756d5191c78c,c1,DROP,1007,?,i11,
1769449834.5386384,RECEIVED,584e4d17-9fee-4e5c-8d88-8acef637446e,2843d972-477b-4e59-89c4-7638fc1c683b,c3,DROP,1439,p3,?,
1769449834.7415726,RECEIVED,4b3a1bf8-1277-48f8-9c3f-035a6456891e,f5f19ae8-f226-4af4-9254-67cbe7459546,c1,c3,2464,p1,?,
1769449834.8015969,RECEIVED,b9b99d25-8ed6-4c04-a755-6d9204cf670d,374e4f80-8cce-4d8f-9a5c-1682647f0c0d,c1,c3,2460,p1,?,
1769449834.816739,RECEIVED,cfad4e13-00df-4045-9460-4e28646a008e,711f9881-56bc-43e3-ad0f-0d9b151c7dcf,c5,c4,2456,p2,?,
1769449834.9170148,RECEIVED,497e597d-bad1-4fca-8001-9a385e8f504d,889a2664-a472-4eaa-a18d-6cf3d71f3dc2,c5,DROP,1443,p2,?,
1769449834.9836855,RECEIVED,06992cc6-5b2e-45fe-b4ea-8850d7138653,6ac0dbec-1c99-4bd6-8259-ef409c733a29,c3,c5,2463,p3,?,
1769449835.0246108,RECEIVED,1ebb7abe-b3d2-4f0b-8bc5-99439b9be906,ce2f64d5-eb70-40db-8b13-1179ffe1f8f4,c4,DROP,1451,p1,?,
1769449835.0515378,SENT,220d23e0-c4b8-4615-8211-203b46258147,fbb343f9-8a4a-45fe-aeb0-59c44b566f13,c2,c1,1763,?,i8,
1769449835.051577,FORWARDED,220d23e0-c4b8-4615-8211-203b46258147,fbb343f9-8a4a-45fe-aeb0-59c44b566f13,c2,c1,1763,?,i8,
1769449835.0881953,SENT,584e4d17-9fee-4e5c-8d88-8acef637446e,2843d972-477b-4e59-89c4-7638fc1c683b,c3,DROP,1008,?,i1,
1769449835.088603,FORWARDED,584e4d17-9fee-4e5c-8d88-8acef637446e,2843d972-477b-4e59-89c4-7638fc1c683b,c3,DROP,1008,?,i1,
1769449835.1319313,RECEIVED,7b57d05b-35a1-43b3-ba62-a8e90f92ab64,3b91f9d4-a760-4559-bc58-a86316aca9e7,c2,DROP,438,x8,?,
1769449835.1391397,SENT,4b3a1bf8-1277-48f8-9c3f-035a6456891e,f5f19ae8-f226-4af4-9254-67cbe7459546,c1,c3,1776,?,i3,
1769449835.139182,FORWARDED,4b3a1bf8-1277-48f8-9c3f-035a6456891e,f5f19ae8-f226-4af4-9254-67cbe7459546,c1,c3,1776,?,i3,
1769449835.272769,RECEIVED,7deb9381-6c65-4aa2-a2e9-81de1a463ded,fcd65b1a-b70a-4a2a-84d2-c99e98c7845f,c5,DROP,1439,p2,?,
1769449835.2837775,SENT,cfad4e13-00df-4045-9460-4e28646a008e,711f9881-56bc-43e3-ad0f-0d9b151c7dcf,c5,c4,1768,?,i5,
1769449835.2838185,FORWARDED,cfad4e13-00df-4045-9460-4e28646a008e,711f9881-56bc-43e3-ad0f-0d9b151c7dcf,c5,c4,1768,?,i5,
1769449835.307631,RECEIVED,8fae9c11-49c5-4dc6-9a67-2d37012dbaf3,7ffe71fb-0a82-4bd5-bf63-12df183b38cc,c2,c1,2464,p2,?,
1769449835.3384395,RECEIVED,17920123-1394-4236-851a-6b590878e3d7,6794b663-abd0-4d5f-93f4-2012c64650ec,c2,DROP,442,x1,?,
1769449835.4158902,SENT,1ebb7abe-b3d2-4f0b-8bc5-99439b9be906,ce2f64d5-eb70-40db-8b13-1179ffe1f8f4,c4,DROP,1015,?,i2,
1769449835.4159331,FORWARDED,1ebb7abe-b3d2-4f0b-8bc5-99439b9be906,ce2f64d5-eb70-40db-8b13-1179ffe1f8f4,c4,DROP,1015,?,i2,
1769449835.4513483,RECEIVED,7ebd60d0-f959-41d8-955a-0460904e8e8e,72f5a448-e156-44dd-a5bd-0e298bf12b8a,c1,DROP,441,x6,?,
1769449835.451801,SENT,8fae9c11-49c5-4dc6-9a67-2d37012dbaf3,7ffe71fb-0a82-4bd5-bf63-12df183b38cc,c2,c1,1775,?,i9,
1769449835.4518356,FORWARDED,8fae9c11-49c5-4dc6-9a67-2d37012dbaf3,7ffe71fb-0a82-4bd5-bf63-12df183b38cc,c2,c1,1775,?,i9,
1769449835.6024787,RECEIVED,b2869bd8-d602-454f-a081-257b64d924b7,3dc9cc5e-7c56-4a5d-937b-8bd52efdd14e,c5,DROP,1448,p2,?,
1769449835.6684568,SENT,b9b99d25-8ed6-4c04-a755-6d9204cf670d,374e4f80-8cce-4d8f-9a5c-1682647f0c0d,c1,c3,1772,?,i11,
1769449835.6685002,FORWARDED,b9b99d25-8ed6-4c04-a755-6d9204cf670d,374e4f80-8cce-4d8f-9a5c-1682647f0c0d,c1,c3,1772,?,i11,
1769449835.7043536,RECEIVED,03d5c7ee-f589-42dc-ae82-b5aba2ca3126,835b28e7-6ef4-4c02-b9fb-196178999882,c2,DROP,1439,p2,?,
1769449835.705227,RECEIVED,96d763e8-9537-48d0-8ba3-621a26ccecb6,0ce1e4e8-434d-43a4-9a71-c54d48ce6a5c,c4,DROP,1451,p1,?,
1769449835.821776,RECEIVED,32e29c61-c8b8-4716-bd49-b338dfe491e0,f83afa74-5271-4f0f-adec-96aba4600ecb,c1,DROP,1444,p1,?,
1769449835.8537486,SENT,32e29c61-c8b8-4716-bd49-b338dfe491e0,f83afa74-5271-4f0f-adec-96aba4600ecb,c1,DROP,1011,?,i3,
1769449835.8537915,FORWARDED,32e29c61-c8b8-4716-bd49-b338dfe491e0,f83afa74-5271-4f0f-adec-96aba4600ecb,c1,DROP,1011,?,i3,
1769449835.8566844,SENT,b2869bd8-d602-454f-a081-257b64d924b7,3dc9cc5e-7c56-4a5d-937b-8bd52efdd14e,c5,DROP,1013,?,i2,
1769449835.8567238,FORWARDED,b2869bd8-d602-454f-a081-257b64d924b7,3dc9cc5e-7c56-4a5d-937b-8bd52efdd14e,c5,DROP,1013,?,i2,
1769449835.877707,RECEIVED,4537b48a-5e35-49e2-8bb0-ec1a6c497696,53428c7f-1f7c-4106-9e7c-504c10775ccf,c5,c4,2469,p2,?,
1769449835.9665928,SENT,4537b48a-5e35-49e2-8bb0-ec1a6c497696,53428c7f-1f7c-4106-9e7c-504c10775ccf,c5,c4,1777,?,i1,
1769449835.9666333,FORWARDED,4537b48a-5e35-49e2-8bb0-ec1a6c497696,53428c7f-1f7c-4106-9e7c-504c10775ccf,c5,c4,1777,?,i1,
1769449835.9794707,RECEIVED,fe6392cf-096e-452f-a1b7-2cfb784d6993,90cfb9eb-6c7f-43a3-8bb2-70b638191d0a,c4,DROP,437,x1,?,
1769449836.0294409,SENT,7deb9381-6c65-4aa2-a2e9-81de1a463ded,fcd65b1a-b70a-4a2a-84d2-c99e98c7845f,c5,DROP,1007,?,i4,
1769449836.0294847,FORWARDED,7deb9381-6c65-4aa2-a2e9-81de1a463ded,fcd65b1a-b70a-4a2a-84d2-c99e98c7845f,c5,DROP,1007,?,i4,
1769449836.0849905,RECEIVED,7600ae08-09b2-4d30-bc09-96bb5be6a3f8,ba4b5321-823b-4fc8-be22-d7ddda5b2360,c3,DROP,1440,p3,?,
1769449836.1533813,SENT,03d5c7ee-f589-42dc-ae82-b5aba2ca3126,835b28e7-6ef4-4c02-b9fb-196178999882,c2,DROP,1007,?,i7,
1769449836.1534255,FORWARDED,03d5c7ee-f589-42dc-ae82-b5aba2ca3126,835b28e7-6ef4-4c02-b9fb-196178999882,c2,DROP,1007,?,i7,
1769449836.192803,SENT,06992cc6-5b2e-45fe-b4ea-8850d7138653,6ac0dbec-1c99-4bd6-8259-ef409c733a29,c3,c5,1776,?,i5,
1769449836.1928432,FORWARDED,06992cc6-5b2e-45fe-b4ea-8850d7138653,6ac0dbec-1c99-4bd6-8259-ef409c733a29,c3,c5,1776,?,i5,
1769449836.3241496,SENT,7600ae08-09b2-4d30-bc09-96bb5be6a3f8,ba4b5321-823b-4fc8-be22-d7ddda5b2360,c3,DROP,1008,?,i7,
1769449836.324376,FORWARDED,7600ae08-09b2-4d30-bc09-96bb5be6a3f8,ba4b5321-823b-4fc8-be22-d7ddda5b2360,c3,DROP,1008,?,i7,
1769449836.6237526,RECEIVED,975d44e7-2f47-4663-a415-24e68a84a116,067c2045-4cdc-4203-8110-b77886590f78,c1,DROP,1445,p1,?,
1769449836.659498,SENT,975d44e7-2f47-4663-a415-24e68a84a116,067c2045-4cdc-4203-8110-b77886590f78,c1,DROP,1011,?,i12,
1769449836.6595497,FORWARDED,975d44e7-2f47-4663-a415-24e68a84a116,067c2045-4cdc-4203-8110-b77886590f78,c1,DROP,1011,?,i12,
1769449836.873685,SENT,96d763e8-9537-48d0-8ba3-621a26ccecb6,0ce1e4e8-434d-43a4-9a71-c54d48ce6a5c,c4,DROP,1016,?,i7,
1769449836.8737288,FORWARDED,96d763e8-9537-48d0-8ba3-621a26ccecb6,0ce1e4e8-434d-43a4-9a71-c54d48ce6a5c,c4,DROP,1016,?,i7,
1769449836.8850102,SENT,497e597d-bad1-4fca-8001-9a385e8f504d,889a2664-a472-4eaa-a18d-6cf3d71f3dc2,c5,DROP,1011,?,i7,
1769449836.8853283,FORWARDED,497e597d-bad1-4fca-8001-9a385e8f504d,889a2664-a472-4eaa-a18d-6cf3d71f3dc2,c5,DROP,1011,?,i7,
1769449837.0647268,RECEIVED,3d60f346-f141-40bc-950b-6552fbf5be86,a72af04c-b11c-4a05-9439-7564166c7aa2,c4,DROP,441,x6,?,
1769449837.2523618,RECEIVED,a02eebfa-b43a-488e-9ada-367c254197f2,ce819178-4437-461b-a7c7-02d9ac236fb4,c2,c1,2463,p2,?,
1769449837.3056555,RECEIVED,8b6053a8-5d82-4013-bdcf-cc9525112449,be6f385b-abc0-4953-a0e0-a8770bd58dfd,c5,DROP,1443,p2,?,
1769449837.4127722,RECEIVED,f26b0d8e-f971-4abf-b4d7-dce21dce748c,58cca382-2b5e-4381-868e-0bdb76a37d52,c2,DROP,441,x11,?,
1769449837.4897203,RECEIVED,5bf36367-1acf-42e9-be64-5762e3b6d50d,c8e0b022-798a-47c5-b2ac-43c4abb25517,c3,c5,2459,p3,?,
1769449837.6663206,RECEIVED,2ac178ee-fcde-40dd-aaec-0383bf19afa5,07ff77fa-ebe0-4d36-8323-9e1d11b2307d,c3,DROP,1456,p3,?,
1769449837.733677,RECEIVED,86a41773-56c7-49ef-8d53-5f13d6767223,b4c6760e-037d-41c8-b1b3-2350dbbb8156,c4,DROP,1452,p1,?,
1769449837.8249502,SENT,8b6053a8-5d82-4013-bdcf-cc9525112449,be6f385b-abc0-4953-a0e0-a8770bd58dfd,c5,DROP,1009,?,i1,
1769449837.8249936,FORWARDED,8b6053a8-5d82-4013-bdcf-cc9525112449,be6f385b-abc0-4953-a0e0-a8770bd58dfd,c5,DROP,1009,?,i1,
1769449837.8789563,SENT,86a41773-56c7-49ef-8d53-5f13d6767223,b4c6760e-037d-41c8-b1b3-2350dbbb8156,c4,DROP,1015,?,i4,
1769449837.878998,FORWARDED,86a41773-56c7-49ef-8d53-5f13d6767223,b4c6760e-037d-41c8-b1b3-2350dbbb8156,c4,DROP,1015,?,i4,
1769449837.914559,RECEIVED,f528faff-3b01-4bbc-851c-1a908b79c497,b7e50446-9246-4bc9-b8f1-1cd44cd9a43c,c5,c4,2473,p2,?,
1769449837.9811146,SENT,f528faff-3b01-4bbc-851c-1a908b79c497,b7e50446-9246-4bc9-b8f1-1cd44cd9a43c,c5,c4,1781,?,i9,
1769449837.9811566,FORWARDED,f528faff-3b01-4bbc-851c-1a908b79c497,b7e50446-9246-4bc9-b8f1-1cd44cd9a43c,c5,c4,1781,?,i9,
1769449838.248164,SENT,2ac178ee-fcde-40dd-aaec-0383bf19afa5,07ff77fa-ebe0-4d36-8323-9e1d11b2307d,c3,DROP,1018,?,i11,
1769449838.2482054,FORWARDED,2ac178ee-fcde-40dd-aaec-0383bf19afa5,07ff77fa-ebe0-4d36-8323-9e1d11b2307d,c3,DROP,1018,?,i11,
1769449838.274103,RECEIVED,cf40e31e-8b17-4cf3-b9ff-41740a631ad2,22097ab3-8b70-4ee0-b656-478027c91148,c1,c3,2452,p1,?,
1769449838.316384,SENT,a02eebfa-b43a-488e-9ada-367c254197f2,ce819178-4437-461b-a7c7-02d9ac236fb4,c2,c1,1775,?,i6,
1769449838.316427,FORWARDED,a02eebfa-b43a-488e-9ada-367c254197f2,ce819178-4437-461b-a7c7-02d9ac236fb4,c2,c1,1775,?,i6,
1769449838.569115,SENT,5bf36367-1acf-42e9-be64-5762e3b6d50d,c8e0b022-798a-47c5-b2ac-43c4abb25517,c3,c5,1771,?,i2,
1769449838.569156,FORWARDED,5bf36367-1acf-42e9-be64-5762e3b6d50d,c8e0b022-798a-47c5-b2ac-43c4abb25517,c3,c5,1771,?,i2,
1769449838.643907,SENT,cf40e31e-8b17-4cf3-b9ff-41740a631ad2,22097ab3-8b70-4ee0-b656-478027c91148,c1,c3,1767,?,i11,
1769449838.6439495,FORWARDED,cf40e31e-8b17-4cf3-b9ff-41740a631ad2,22097ab3-8b70-4ee0-b656-478027c91148,c1,c3,1767,?,i11,
1769449838.7434304,RECEIVED,ec12d8dc-e4a8-4a1d-ae9b-e3c386a39e4e,c8a70315-fafe-4783-a23e-ec31919fe994,c2,c1,2463,p2,?,
1769449838.769112,RECEIVED,3c20267d-2642-4728-8f95-bde92d86ce28,1ce3ba52-6c81-4645-8e3d-751fe5cb793f,c1,c3,2448,p1,?,
1769449838.7770953,RECEIVED,90bd7661-b3ca-41ad-9cb7-b0d3aece6f2c,e3cc8e32-14e3-448b-b1f9-4e08e7bfacc7,c5,c4,2464,p2,?,
1769449838.8374195,RECEIVED,7aabb8e2-6956-4273-9faf-9ebc2000ab5e,00fcfe32-b1f3-4ce4-a972-65ebc1a718de,c1,DROP,1451,p1,?,
1769449838.8498468,SENT,90bd7661-b3ca-41ad-9cb7-b0d3aece6f2c,e3cc8e32-14e3-448b-b1f9-4e08e7bfacc7,c5,c4,1776,?,i8,
1769449838.8498871,FORWARDED,90bd7661-b3ca-41ad-9cb7-b0d3aece6f2c,e3cc8e32-14e3-448b-b1f9-4e08e7bfacc7,c5,c4,1776,?,i8,
1769449838.9046497,RECEIVED,aa5bd990-1864-44a1-9ac8-ff2c87afcf06,74aa40c2-c219-451e-a13d-2df021897edf,c2,DROP,1440,p2,?,
1769449838.906847,SENT,3c20267d-2642-4728-8f95-bde92d86ce28,1ce3ba52-6c81-4645-8e3d-751fe5cb793f,c1,c3,1764,?,i1,
1769449838.9068887,FORWARDED,3c20267d-2642-4728-8f95-bde92d86ce28,1ce3ba52-6c81-4645-8e3d-751fe5cb793f,c1,c3,1764,?,i1,
1769449839.1092222,RECEIVED,dcab40b6-5f55-419a-8715-8c43fe92d7ad,48f78903-9c6f-4fef-9cb8-3c489b813250,c5,DROP,1448,p2,?,
1769449839.1381683,RECEIVED,215b4d96-c5e5-4e7a-946d-5e48100e7fc7,5dc93535-c59b-4b8a-94f1-df5f4589341c,c3,DROP,444,x11,?,
1769449839.1884644,RECEIVED,ec83a497-791c-48cc-9f14-a9060abf6bc1,8af1b832-dd8a-41bd-8113-788d6f10f181,c1,DROP,1440,p1,?,
1769449839.200025,SENT,dcab40b6-5f55-419a-8715-8c43fe92d7ad,48f78903-9c6f-4fef-9cb8-3c489b813250,c5,DROP,1012,?,i5,
1769449839.2000873,FORWARDED,dcab40b6-5f55-419a-8715-8c43fe92d7ad,48f78903-9c6f-4fef-9cb8-3c489b813250,c5,DROP,1012,?,i5,
1769449839.2031245,SENT,aa5bd990-1864-44a1-9ac8-ff2c87afcf06,74aa40c2-c219-451e-a13d-2df021897edf,c2,DROP,1008,?,i7,
1769449839.2031686,FORWARDED,aa5bd990-1864-44a1-9ac8-ff2c87afcf06,74aa40c2-c219-451e-a13d-2df021897edf,c2,DROP,1008,?,i7,
1769449839.252071,RECEIVED,32df66cb-53be-4cc5-a0d9-4eada0c490d7,5aeff885-d730-48ad-80be-2b911dc02d00,c3,c5,2473,p3,?,
1769449839.3506875,RECEIVED,9469d7af-3c2a-44f9-8a15-ce44b1debea1,40c8f029-3474-4088-89be-28dbb64a44c2,c3,c5,2463,p3,?,
1769449839.4067397,SENT,ec12d8dc-e4a8-4a1d-ae9b-e3c386a39e4e,c8a70315-fafe-4783-a23e-ec31919fe994,c2,c1,1774,?,i6,
1769449839.40678,FORWARDED,ec12d8dc-e4a8-4a1d-ae9b-e3c386a39e4e,c8a70315-fafe-4783-a23e-ec31919fe994,c2,c1,1774,?,i6,
1769449839.411502,SENT,32df66cb-53be-4cc5-a0d9-4eada0c490d7,5aeff885-d730-48ad-80be-2b911dc02d00,c3,c5,1782,?,i11,
1769449839.411542,FORWARDED,32df66cb-53be-4cc5-a0d9-4eada0c490d7,5aeff885-d730-48ad-80be-2b911dc02d00,c3,c5,1782,?,i11,
1769449839.4421475,SENT,9469d7af-3c2a-44f9-8a15-ce44b1debea1,40c8f029-3474-4088-89be-28dbb64a44c2,c3,c5,1775,?,i4,
1769449839.4421902,FORWARDED,9469d7af-3c2a-44f9-8a15-ce44b1debea1,40c8f029-3474-4088-89be-28dbb64a44c2,c3,c5,1775,?,i4,
1769449839.454571,SENT,ec83a497-791c-48cc-9f14-a9060abf6bc1,8af1b832-dd8a-41bd-8113-788d6f10f181,c1,DROP,1008,?,i2,
1769449839.4546127,FORWARDED,ec83a497-791c-48cc-9f14-a9060abf6bc1,8af1b832-dd8a-41bd-8113-788d6f10f181,c1,DROP,1008,?,i2,
1769449839.7406435,RECEIVED,b1420c28-277f-4df9-9f5b-e34781f0d807,c0b091d9-10c9-4264-8e99-3709a4b99e91,c4,DROP,1449,p1,?,
1769449839.8527122,RECEIVED,e895e096-3219-4ea9-a9a1-e479b7d1c37c,c4a66286-95db-4cc5-92ae-87f152e941a9,c4,DROP,1447,p1,?,
1769449840.1058025,SENT,7aabb8e2-6956-4273-9faf-9ebc2000ab5e,00fcfe32-b1f3-4ce4-a972-65ebc1a718de,c1,DROP,1015,?,i10,
1769449840.1058447,FORWARDED,7aabb8e2-6956-4273-9faf-9ebc2000ab5e,00fcfe32-b1f3-4ce4-a972-65ebc1a718de,c1,DROP,1015,?,i10,
1769449840.1720316,SENT,b1420c28-277f-4df9-9f5b-e34781f0d807,c0b091d9-10c9-4264-8e99-3709a4b99e91,c4,DROP,1014,?,i12,
1769449840.1721587,FORWARDED,b1420c28-277f-4df9-9f5b-e34781f0d807,c0b091d9-10c9-4264-8e99-3709a4b99e91,c4,DROP,1014,?,i12,
1769449840.2701957,RECEIVED,0140f09e-ea6b-45c2-8e0b-1226af39b45b,24670ffd-52d3-4282-b36a-0a947abb3ca2,c2,c1,2456,p2,?,
1769449840.4038458,RECEIVED,3f1cb74d-35bb-4626-b39d-25706c8a5156,6dd977be-972a-413b-8f76-f73579d39db5,c4,c5,2467,p1,?,
1769449840.5806768,RECEIVED,a63e4722-6e8a-4998-89d9-46c01d5a50fe,0fcb493e-9350-4890-a10f-cc3f8dc7b12b,c2,c1,2449,p2,?,
1769449840.6026292,SENT,a63e4722-6e8a-4998-89d9-46c01d5a50fe,0fcb493e-9350-4890-a10f-cc3f8dc7b12b,c2,c1,1764,?,i9,
1769449840.602672,FORWARDED,a63e4722-6e8a-4998-89d9-46c01d5a50fe,0fcb493e-9350-4890-a10f-cc3f8dc7b12b,c2,c1,1764,?,i9,
1769449840.604281,SENT,0140f09e-ea6b-45c2-8e0b-1226af39b45b,24670ffd-52d3-4282-b36a-0a947abb3ca2,c2,c1,1768,?,i11,
1769449840.6043177,FORWARDED,0140f09e-ea6b-45c2-8e0b-1226af39b45b,24670ffd-52d3-4282-b36a-0a947abb3ca2,c2,c1,1768,?,i11,
1769449840.814649,RECEIVED,f16b4ce2-db8b-4003-8899-250d286efecc,e56d8824-5fcf-44bc-803f-844fbdb76c44,c5,DROP,1442,p2,?,
1769449840.9056866,SENT,f16b4ce2-db8b-4003-8899-250d286efecc,e56d8824-5fcf-44bc-803f-844fbdb76c44,c5,DROP,1008,?,i5,
1769449840.9057386,FORWARDED,f16b4ce2-db8b-4003-8899-250d286efecc,e56d8824-5fcf-44bc-803f-844fbdb76c44,c5,DROP,1008,?,i5,
1769449841.0663486,SENT,3f1cb74d-35bb-4626-b39d-25706c8a5156,6dd977be-972a-413b-8f76-f73579d39db5,c4,c5,1777,?,i8,
1769449841.0663905,FORWARDED,3f1cb74d-35bb-4626-b39d-25706c8a5156,6dd977be-972a-413b-8f76-f73579d39db5,c4,c5,1777,?,i8,
1769449841.4012735,RECEIVED,3b4fc719-634f-42f4-8be1-30a388d7e7e6,04a6d2c5-1a3e-4e5f-8e2f-5ee4c2d82371,c1,DROP,1456,p1,?,
1769449841.46129,RECEIVED,e2de2de7-f79a-4224-b580-66911fe6b15d,ed2c9f8b-2425-4bd2-88dd-ecc399b0857c,c3,DROP,1464,p3,?,
1769449841.4696085,SENT,3b4fc719-634f-42f4-8be1-30a388d7e7e6,04a6d2c5-1a3e-4e5f-8e2f-5ee4c2d82371,c1,DROP,1020,?,i5,
1769449841.469649,FORWARDED,3b4fc719-634f-42f4-8be1-30a388d7e7e6,04a6d2c5-1a3e-4e5f-8e2f-5ee4c2d82371,c1,DROP,1020,?,i5,
1769449841.6055427,SENT,e2de2de7-f79a-4224-b580-66911fe6b15d,ed2c9f8b-2425-4bd2-88dd-ecc399b0857c,c3,DROP,1024,?,i1,
1769449841.6055849,FORWARDED,e2de2de7-f79a-4224-b580-66911fe6b15d,ed2c9f8b-2425-4bd2-88dd-ecc399b0857c,c3,DROP,1024,?,i1,
1769449841.643237,RECEIVED,a212af4c-f14c-4e1f-b4b5-bc1a2ed20889,97461b96-1e65-46b2-88e6-0b686ccf8c66,c4,DROP,1445,p1,?,
1769449841.6698022,RECEIVED,14c90016-e6d4-48e0-9cd4-23cfc095ae2a,935cd0b0-6b44-421a-aee6-7185d5807007,c3,DROP,1441,p3,?,
1769449841.6947634,RECEIVED,2ecfa876-4946-4ed1-ac45-5b7f4f0df21b,efc90f7b-131c-4999-acd4-6315fb7a309f,c5,DROP,443,x2,?,
1769449841.7069116,SENT,a212af4c-f14c-4e1f-b4b5-bc1a2ed20889,97461b96-1e65-46b2-88e6-0b686ccf8c66,c4,DROP,1009,?,i4,
1769449841.7069523,FORWARDED,a212af4c-f14c-4e1f-b4b5-bc1a2ed20889,97461b96-1e65-46b2-88e6-0b686ccf8c66,c4,DROP,1009,?,i4,
1769449841.7617245,RECEIVED,50245f1c-594f-4adf-b606-bd3dcb0cb22d,6e095a7e-9200-4f55-920b-c1f22b12f102,c4,DROP,1452,p1,?,
1769449841.8995533,SENT,e895e096-3219-4ea9-a9a1-e479b7d1c37c,c4a66286-95db-4cc5-92ae-87f152e941a9,c4,DROP,1013,?,i2,
1769449841.8996003,FORWARDED,e895e096-3219-4ea9-a9a1-e479b7d1c37c,c4a66286-95db-4cc5-92ae-87f152e941a9,c4,DROP,1013,?,i2,
1769449841.9834557,RECEIVED,b78b8657-61f8-4fdd-9add-62f739ede91a,ba99c2bf-14c9-4279-bd85-bab7b08f2870,c2,DROP,1443,p2,?,
1769449842.0461175,SENT,14c90016-e6d4-48e0-9cd4-23cfc095ae2a,935cd0b0-6b44-421a-aee6-7185d5807007,c3,DROP,1007,?,i10,
1769449842.0461605,FORWARDED,14c90016-e6d4-48e0-9cd4-23cfc095ae2a,935cd0b0-6b44-421a-aee6-7185d5807007,c3,DROP,1007,?,i10,
1769449842.2088642,SENT,50245f1c-594f-4adf-b606-bd3dcb0cb22d,6e095a7e-9200-4f55-920b-c1f22b12f102,c4,DROP,1016,?,i9,
1769449842.2089052,FORWARDED,50245f1c-594f-4adf-b606-bd3dcb0cb22d,6e095a7e-9200-4f55-920b-c1f22b12f102,c4,DROP,1016,?,i9,
1769449842.2491746,RECEIVED,718a6d5f-8f30-421b-a77e-be0cff536156,e56d9bf0-5dc8-47f7-a279-6de393a61978,c5,DROP,441,x4,?,
1769449842.5239573,SENT,b78b8657-61f8-4fdd-9add-62f739ede91a,ba99c2bf-14c9-4279-bd85-bab7b08f2870,c2,DROP,1011,?,i5,
1769449842.5239966,FORWARDED,b78b8657-61f8-4fdd-9add-62f739ede91a,ba99c2bf-14c9-4279-bd85-bab7b08f2870,c2,DROP,1011,?,i5,
1769449842.6055088,RECEIVED,f12edabb-5b4e-4145-9036-d1f6f4361f81,08c99564-bc4e-42d7-ac07-32ac3a10159a,c3,DROP,441,x4,?,
1769449842.8171477,RECEIVED,4ee10368-56ed-4288-971c-60550e05b4e6,ab9dcee3-9cf7-4092-bc41-2cf4fc451103,c2,DROP,1456,p2,?,
1769449842.8229754,RECEIVED,0c8d3e3d-10d3-452b-a8b9-f4c56606a1d4,4458a8a1-9d74-4168-be5e-9836b5a99c44,c2,c1,2451,p2,?,
1769449843.0128946,RECEIVED,839059d6-9f1c-40df-9f25-6e9dbb91748d,a414e161-b999-4ee1-84e3-5a78071f27b3,c3,DROP,1439,p3,?,
1769449843.0154736,SENT,4ee10368-56ed-4288-971c-60550e05b4e6,ab9dcee3-9cf7-4092-bc41-2cf4fc451103,c2,DROP,1020,?,i7,
1769449843.015514,FORWARDED,4ee10368-56ed-4288-971c-60550e05b4e6,ab9dcee3-9cf7-4092-bc41-2cf4fc451103,c2,DROP,1020,?,i7,
1769449843.090612,SENT,0c8d3e3d-10d3-452b-a8b9-f4c56606a1d4,4458a8a1-9d74-4168-be5e-9836b5a99c44,c2,c1,1767,?,i4,
1769449843.090652,FORWARDED,0c8d3e3d-10d3-452b-a8b9-f4c56606a1d4,4458a8a1-9d74-4168-be5e-9836b5a99c44,c2,c1,1767,?,i4,
1769449843.3814607,RECEIVED,a8764e7c-76ce-4fe8-99ab-60dbf1178924,3776320c-4d04-4f61-a6c4-4c3c426461ea,c4,DROP,1446,p1,?,
1769449843.4869576,RECEIVED,3bf11c01-75c6-4ba4-a3f1-c01e38878b56,cfcce112-5071-41a5-8545-00d8b694f175,c1,c3,2475,p1,?,
1769449843.5072994,RECEIVED,0401101d-f246-4777-97ba-d09e64966d81,1b9230d2-d166-4c0d-b6b9-ac09d2aeaaa8,c3,DROP,442,x12,?,
1769449843.518743,RECEIVED,4959b1ad-8cbc-447f-9b9f-3a9842e29da9,639310fd-cac5-4e45-9c1f-91cba0e4651a,c2,DROP,1440,p2,?,
1769449843.7374344,SENT,3bf11c01-75c6-4ba4-a3f1-c01e38878b56,cfcce112-5071-41a5-8545-00d8b694f175,c1,c3,1784,?,i9,
1769449843.737473,FORWARDED,3bf11c01-75c6-4ba4-a3f1-c01e38878b56,cfcce112-5071-41a5-8545-00d8b694f175,c1,c3,1784,?,i9,
1769449843.9094598,SENT,839059d6-9f1c-40df-9f25-6e9dbb91748d,a414e161-b999-4ee1-84e3-5a78071f27b3,c3,DROP,1008,?,i2,
1769449843.9095092,FORWARDED,839059d6-9f1c-40df-9f25-6e9dbb91748d,a414e161-b999-4ee1-84e3-5a78071f27b3,c3,DROP,1008,?,i2,
1769449843.956913,SENT,4959b1ad-8cbc-447f-9b9f-3a9842e29da9,639310fd-cac5-4e45-9c1f-91cba0e4651a,c2,DROP,1008,?,i4,
1769449843.957016,FORWARDED,4959b1ad-8cbc-447f-9b9f-3a9842e29da9,639310fd-cac5-4e45-9c1f-91cba0e4651a,c2,DROP,1008,?,i4,
1769449844.0010052,RECEIVED,1728b9c9-e3ac-4239-acd4-c48dc14a10f7,e7466522-fa7d-41cf-8f6f-a336075cc5f5,c2,c1,2451,p2,?,
1769449844.0838954,RECEIVED,4eaa625a-0de7-4117-bf8e-5f7ff8091777,3a53c81c-f31c-4af2-849b-2899fbb04f62,c3,DROP,441,x4,?,
1769449844.5045736,SENT,1728b9c9-e3ac-4239-acd4-c48dc14a10f7,e7466522-fa7d-41cf-8f6f-a336075cc5f5,c2,c1,1765,?,i6,
1769449844.5046153,FORWARDED,1728b9c9-e3ac-4239-acd4-c48dc14a10f7,e7466522-fa7d-41cf-8f6f-a336075cc5f5,c2,c1,1765,?,i6,
1769449844.5096796,RECEIVED,911f009f-80f8-4a94-a7c5-2c7dd380d3c5,c76129cc-3438-41b4-a9f5-026ddcb93aed,c1,DROP,1440,p1,?,
1769449844.606798,RECEIVED,b6c5b9fc-5416-41fa-9d75-43a300702501,4c6d3a35-7c5b-4f25-9300-b4ea39f13ee1,c5,DROP,1450,p2,?,
1769449844.6871424,SENT,b6c5b9fc-5416-41fa-9d75-43a300702501,4c6d3a35-7c5b-4f25-9300-b4ea39f13ee1,c5,DROP,1012,?,i3,
1769449844.6871848,FORWARDED,b6c5b9fc-5416-41fa-9d75-43a300702501,4c6d3a35-7c5b-4f25-9300-b4ea39f13ee1,c5,DROP,1012,?,i3,
1769449844.6906564,SENT,911f009f-80f8-4a94-a7c5-2c7dd380d3c5,c76129cc-3438-41b4-a9f5-026ddcb93aed,c1,DROP,1007,?,i11,
1769449844.6906905,FORWARDED,911f009f-80f8-4a94-a7c5-2c7dd380d3c5,c76129cc-3438-41b4-a9f5-026ddcb93aed,c1,DROP,1007,?,i11,
1769449844.9007611,SENT,a8764e7c-76ce-4fe8-99ab-60dbf1178924,3776320c-4d04-4f61-a6c4-4c3c426461ea,c4,DROP,1012,?,i9,
1769449844.900796,FORWARDED,a8764e7c-76ce-4fe8-99ab-60dbf1178924,3776320c-4d04-4f61-a6c4-4c3c426461ea,c4,DROP,1012,?,i9,
1769449844.91596,RECEIVED,0a378a0c-d2e5-4d55-b134-b0acd37eb2e6,efdc20bd-823c-4243-9ef9-4ab1be17e26c,c4,c5,2456,p1,?,
1769449845.031221,RECEIVED,5452aa72-594f-4050-b221-d4a2d61310f1,6a336a17-3114-4719-9247-296df62c3956,c5,DROP,1452,p2,?,
1769449845.145156,SENT,5452aa72-594f-4050-b221-d4a2d61310f1,6a336a17-3114-4719-9247-296df62c3956,c5,DROP,1017,?,i2,
1769449845.1452496,FORWARDED,5452aa72-594f-4050-b221-d4a2d61310f1,6a336a17-3114-4719-9247-296df62c3956,c5,DROP,1017,?,i2,
1769449845.179442,RECEIVED,fed920d4-21c3-402b-a52e-e677fa8e1520,c8ff64cc-0cdc-468b-ba1a-cc18c4b2e8c5,c3,DROP,1439,p3,?,
1769449845.2007563,RECEIVED,deeb3c71-da0d-4314-9440-e5b25e6065f9,cd7fd576-d058-42b4-b021-aa13db6da71a,c1,c3,2472,p1,?,
1769449845.2144573,RECEIVED,6e9ea710-0738-4549-9b55-7dbfc298f779,ba14cea6-e0d7-4617-964c-9dc152b86d69,c4,DROP,1439,p1,?,
1769449845.2284935,RECEIVED,9c434c19-067d-4741-b9fb-8335f1513d56,97744956-485a-4fe0-8406-b2edb2fac903,c3,DROP,1435,p3,?,
1769449845.3327708,SENT,0a378a0c-d2e5-4d55-b134-b0acd37eb2e6,efdc20bd-823c-4243-9ef9-4ab1be17e26c,c4,c5,1769,?,i2,
1769449845.3328218,FORWARDED,0a378a0c-d2e5-4d55-b134-b0acd37eb2e6,efdc20bd-823c-4243-9ef9-4ab1be17e26c,c4,c5,1769,?,i2,
1769449845.4532714,SENT,deeb3c71-da0d-4314-9440-e5b25e6065f9,cd7fd576-d058-42b4-b021-aa13db6da71a,c1,c3,1780,?,i12,
1769449845.4533124,FORWARDED,deeb3c71-da0d-4314-9440-e5b25e6065f9,cd7fd576-d058-42b4-b021-aa13db6da71a,c1,c3,1780,?,i12,
1769449845.5311553,SENT,6e9ea710-0738-4549-9b55-7dbfc298f779,ba14cea6-e0d7-4617-964c-9dc152b86d69,c4,DROP,1007,?,i12,
1769449845.5312173,FORWARDED,6e9ea710-0738-4549-9b55-7dbfc298f779,ba14cea6-e0d7-4617-964c-9dc152b86d69,c4,DROP,1007,?,i12,
1769449845.566133,RECEIVED,39daafe0-b9a3-4248-9011-a384a60a1d06,58cb866d-4e89-48db-b5fa-974e85a4c631,c4,c5,2471,p1,?,
1769449845.618314,RECEIVED,d921b5bf-a60e-4d04-999c-705246fb27cf,4c2cd75f-cfa8-4bd5-87a8-adc89a3e4664,c1,DROP,1457,p1,?,
1769449845.8000772,SENT,d921b5bf-a60e-4d04-999c-705246fb27cf,4c2cd75f-cfa8-4bd5-87a8-adc89a3e4664,c1,DROP,1020,?,i10,
1769449845.8001206,FORWARDED,d921b5bf-a60e-4d04-999c-705246fb27cf,4c2cd75f-cfa8-4bd5-87a8-adc89a3e4664,c1,DROP,1020,?,i10,
1769449845.9475803,SENT,9c434c19-067d-4741-b9fb-8335f1513d56,97744956-485a-4fe0-8406-b2edb2fac903,c3,DROP,1004,?,i4,
1769449845.9476223,FORWARDED,9c434c19-067d-4741-b9fb-8335f1513d56,97744956-485a-4fe0-8406-b2edb2fac903,c3,DROP,1004,?,i4,
1769449845.998571,RECEIVED,d32fa802-1c87-444a-a70c-b8698a41cadc,81106f65-cc68-4def-bb1d-1b591f6377bc,c1,c3,2447,p1,?,
1769449846.087634,RECEIVED,edc98e2e-0bf4-4775-a053-38daeb2b2095,6d8932ed-908f-4686-822c-7b4caabf4595,c2,DROP,1440,p2,?,
1769449846.1118715,RECEIVED,9857e118-caee-4d05-8f5c-b381c0ba4c18,15061dfd-f111-4851-a5e9-66144dd20181,c4,c5,2464,p1,?,
1769449846.1151407,SENT,fed920d4-21c3-402b-a52e-e677fa8e1520,c8ff64cc-0cdc-468b-ba1a-cc18c4b2e8c5,c3,DROP,1008,?,i2,
1769449846.115183,FORWARDED,fed920d4-21c3-402b-a52e-e677fa8e1520,c8ff64cc-0cdc-468b-ba1a-cc18c4b2e8c5,c3,DROP,1008,?,i2,
1769449846.1176655,RECEIVED,9a4ecf42-59ee-4d27-bd91-1a29979bb340,8ccb03c9-a4af-47ab-a286-ec1481f55c15,c5,c4,2451,p2,?,
1769449846.123683,RECEIVED,d1c26214-e734-4900-9914-c12962927a11,cba35a2a-cfc2-4337-8ad6-830e0889b544,c1,DROP,1439,p1,?,
1769449846.1592326,RECEIVED,9bad0f96-652f-4af4-a06f-f88c31b0702d,b1aa7a0b-1a79-4c08-af26-f33fc6a5e767,c3,c5,2465,p3,?,
1769449846.1946352,RECEIVED,95a497a8-9a3a-4962-a398-6ecfe9980b5c,311fe688-0cf0-43d1-8a58-7d196058d815,c5,c4,2457,p2,?,
1769449846.2171202,SENT,9bad0f96-652f-4af4-a06f-f88c31b0702d,b1aa7a0b-1a79-4c08-af26-f33fc6a5e767,c3,c5,1775,?,i10,
1769449846.217162,FORWARDED,9bad0f96-652f-4af4-a06f-f88c31b0702d,b1aa7a0b-1a79-4c08-af26-f33fc6a5e767,c3,c5,1775,?,i10,
1769449846.231967,RECEIVED,4078da5b-625b-4a59-9bb9-14b4a524e4e0,93544d23-a2d2-4f40-b551-5728f6fb584e,c1,DROP,442,x9,?,
1769449846.3532655,SENT,9a4ecf42-59ee-4d27-bd91-1a29979bb340,8ccb03c9-a4af-47ab-a286-ec1481f55c15,c5,c4,1767,?,i3,
1769449846.3533075,FORWARDED,9a4ecf42-59ee-4d27-bd91-1a29979bb340,8ccb03c9-a4af-47ab-a286-ec1481f55c15,c5,c4,1767,?,i3,
1769449846.402928,SENT,edc98e2e-0bf4-4775-a053-38daeb2b2095,6d8932ed-908f-4686-822c-7b4caabf4595,c2,DROP,1007,?,i7,
1769449846.4029727,FORWARDED,edc98e2e-0bf4-4775-a053-38daeb2b2095,6d8932ed-908f-4686-822c-7b4caabf4595,c2,DROP,1007,?,i7,
1769449846.4396842,SENT,d32fa802-1c87-444a-a70c-b8698a41cadc,81106f65-cc68-4def-bb1d-1b591f6377bc,c1,c3,1764,?,i1,
1769449846.4397268,FORWARDED,d32fa802-1c87-444a-a70c-b8698a41cadc,81106f65-cc68-4def-bb1d-1b591f6377bc,c1,c3,1764,?,i1,
1769449846.495588,SENT,95a497a8-9a3a-4962-a398-6ecfe9980b5c,311fe688-0cf0-43d1-8a58-7d196058d815,c5,c4,1770,?,i12,
1769449846.4956286,FORWARDED,95a497a8-9a3a-4962-a398-6ecfe9980b5c,311fe688-0cf0-43d1-8a58-7d196058d815,c5,c4,1770,?,i12,
1769449846.5169733,RECEIVED,dcbb927d-5e98-4675-b8d7-bd783e45f732,a9834e74-a236-4c3c-b0c4-d0f066308b0a,c1,c3,2461,p1,?,
1769449846.5537431,SENT,dcbb927d-5e98-4675-b8d7-bd783e45f732,a9834e74-a236-4c3c-b0c4-d0f066308b0a,c1,c3,1772,?,i8,
1769449846.553785,FORWARDED,dcbb927d-5e98-4675-b8d7-bd783e45f732,a9834e74-a236-4c3c-b0c4-d0f066308b0a,c1,c3,1772,?,i8,
1769449846.5557277,SENT,9857e118-caee-4d05-8f5c-b381c0ba4c18,15061dfd-f111-4851-a5e9-66144dd20181,c4,c5,1775,?,i7,
1769449846.5557647,FORWARDED,9857e118-caee-4d05-8f5c-b381c0ba4c18,15061dfd-f111-4851-a5e9-66144dd20181,c4,c5,1775,?,i7,
1769449846.567795,RECEIVED,2dcb2a4a-470d-434a-89ce-e80ec94d99b4,d7fb9a58-42cc-4497-9fa9-eaebf7fc5e54,c4,DROP,1453,p1,?,
1769449846.6239865,SENT,d1c26214-e734-4900-9914-c12962927a11,cba35a2a-cfc2-4337-8ad6-830e0889b544,c1,DROP,1008,?,i1,
1769449846.6240313,FORWARDED,d1c26214-e734-4900-9914-c12962927a11,cba35a2a-cfc2-4337-8ad6-830e0889b544,c1,DROP,1008,?,i1,
1769449846.632664,RECEIVED,8e3749ca-57fb-4f59-a476-d16a7c5f41a0,7ee3e5f4-0d41-4be4-8c2c-0454b9228908,c1,DROP,1461,p1,?,
1769449846.7267702,SENT,8e3749ca-57fb-4f59-a476-d16a7c5f41a0,7ee3e5f4-0d41-4be4-8c2c-0454b9228908,c1,DROP,1021,?,i10,
1769449846.7268112,FORWARDED,8e3749ca-57fb-4f59-a476-d16a7c5f41a0,7ee3e5f4-0d41-4be4-8c2c-0454b9228908,c1,DROP,1021,?,i10,
1769449846.8072886,RECEIVED,03231ebc-1872-4144-9796-f7410ee82553,916476c9-8462-43e9-8853-665355c9e6cb,c5,DROP,1448,p2,?,
1769449846.8219144,RECEIVED,65a700f6-c338-479d-8ea2-25d7ecbd2974,1143183a-1974-42da-a13c-402a72128b85,c3,c5,2467,p3,?,
1769449846.8569124,SENT,39daafe0-b9a3-4248-9011-a384a60a1d06,58cb866d-4e89-48db-b5fa-974e85a4c631,c4,c5,1780,?,i3,
1769449846.8569915,FORWARDED,39daafe0-b9a3-4248-9011-a384a60a1d06,58cb866d-4e89-48db-b5fa-974e85a4c631,c4,c5,1780,?,i3,
1769449846.9793456,SENT,65a700f6-c338-479d-8ea2-25d7ecbd2974,1143183a-1974-42da-a13c-402a72128b85,c3,c5,1777,?,i4,
1769449846.9793866,FORWARDED,65a700f6-c338-479d-8ea2-25d7ecbd2974,1143183a-1974-42da-a13c-402a72128b85,c3,c5,1777,?,i4,
1769449847.0159402,SENT,2dcb2a4a-470d-434a-89ce-e80ec94d99b4,d7fb9a58-42cc-4497-9fa9-eaebf7fc5e54,c4,DROP,1016,?,i10,
1769449847.015984,FORWARDED,2dcb2a4a-470d-434a-89ce-e80ec94d99b4,d7fb9a58-42cc-4497-9fa9-eaebf7fc5e54,c4,DROP,1016,?,i10,
1769449847.0568178,RECEIVED,955dd060-3bae-4bb5-bf54-266dcbc2c892,6b0369f6-ec04-4a73-9d05-9181860bf899,c4,c5,2460,p1,?,
1769449847.1793804,SENT,03231ebc-1872-4144-9796-f7410ee82553,916476c9-8462-43e9-8853-665355c9e6cb,c5,DROP,1012,?,i10,
1769449847.1794248,FORWARDED,03231ebc-1872-4144-9796-f7410ee82553,916476c9-8462-43e9-8853-665355c9e6cb,c5,DROP,1012,?,i10,
1769449847.2339015,SENT,955dd060-3bae-4bb5-bf54-266dcbc2c892,6b0369f6-ec04-4a73-9d05-9181860bf899,c4,c5,1772,?,i5,
1769449847.2339435,FORWARDED,955dd060-3bae-4bb5-bf54-266dcbc2c892,6b0369f6-ec04-4a73-9d05-9181860bf899,c4,c5,1772,?,i5,
1769449847.3436563,RECEIVED,a0548b43-0420-451b-ba90-bb95c3ba0d8a,c3d62bc0-dcc4-4632-983e-7c5944579f94,c4,DROP,1440,p1,?,
1769449847.4691472,RECEIVED,dc463947-971c-44d4-80b0-3b82caaae3d3,35ecd8d1-fe9e-4a15-9887-159bf28b11db,c4,c5,2469,p1,?,
1769449847.503873,RECEIVED,809a83cd-a2d9-461c-9673-01ed980daa33,875502fb-2f86-4742-8831-55e25f98cce9,c1,c3,2473,p1,?,
1769449847.5264685,RECEIVED,507e76aa-4906-4aa1-bbc8-1feadffa8d42,1e955309-b5b2-4b36-b7f1-781b82908fc4,c5,DROP,1460,p2,?,
1769449847.5300207,RECEIVED,e6a81667-b608-4fb6-a0fa-4bff49e03f6e,ed8b2b46-417b-4951-b5e0-be288ef60bdf,c5,DROP,1435,p2,?,
1769449847.5971313,SENT,809a83cd-a2d9-461c-9673-01ed980daa33,875502fb-2f86-4742-8831-55e25f98cce9,c1,c3,1781,?,i10,
1769449847.5971737,FORWARDED,809a83cd-a2d9-461c-9673-01ed980daa33,875502fb-2f86-4742-8831-55e25f98cce9,c1,c3,1781,?,i10,
1769449847.6655188,SENT,507e76aa-4906-4aa1-bbc8-1feadffa8d42,1e955309-b5b2-4b36-b7f1-781b82908fc4,c5,DROP,1021,?,i1,
1769449847.6655614,FORWARDED,507e76aa-4906-4aa1-bbc8-1feadffa8d42,1e955309-b5b2-4b36-b7f1-781b82908fc4,c5,DROP,1021,?,i1,
1769449847.7460043,RECEIVED,4f764616-5d41-4cba-af35-2b4b3080e81e,4b114ada-73bd-4aad-be57-ac9f46826596,c3,c5,2459,p3,?,
1769449847.7517037,RECEIVED,9178a8b0-8a4a-45b5-bbc1-46d57124f0cf,9230b17c-1de2-4630-a168-8625ae4ff5fc,c1,DROP,1440,p1,?,
1769449847.7525153,RECEIVED,01055539-b2fa-4617-815c-093f1b13ba11,24a0480d-20cc-43c1-a090-8daac6162c75,c5,DROP,1455,p2,?,
1769449847.8756514,SENT,dc463947-971c-44d4-80b0-3b82caaae3d3,35ecd8d1-fe9e-4a15-9887-159bf28b11db,c4,c5,1779,?,i11,
1769449847.8756933,FORWARDED,dc463947-971c-44d4-80b0-3b82caaae3d3,35ecd8d1-fe9e-4a15-9887-159bf28b11db,c4,c5,1779,?,i11,
1769449847.8912187,SENT,01055539-b2fa-4617-815c-093f1b13ba11,24a0480d-20cc-43c1-a090-8daac6162c75,c5,DROP,1018,?,i5,
1769449847.89126,FORWARDED,01055539-b2fa-4617-815c-093f1b13ba11,24a0480d-20cc-43c1-a090-8daac6162c75,c5,DROP,1018,?,i5,
1769449847.929009,SENT,a0548b43-0420-451b-ba90-bb95c3ba0d8a,c3d62bc0-dcc4-4632-983e-7c5944579f94,c4,DROP,1007,?,i11,
1769449847.9290628,FORWARDED,a0548b43-0420-451b-ba90-bb95c3ba0d8a,c3d62bc0-dcc4-4632-983e-7c5944579f94,c4,DROP,1007,?,i11,
1769449848.0083013,RECEIVED,62253834-c78c-4d8b-8a17-1255ec6725d3,6b52b9ea-9229-4740-9c90-e932d59d856c,c1,DROP,1451,p1,?,
1769449848.032168,SENT,9178a8b0-8a4a-45b5-bbc1-46d57124f0cf,9230b17c-1de2-4630-a168-8625ae4ff5fc,c1,DROP,1007,?,i4,
1769449848.0322099,FORWARDED,9178a8b0-8a4a-45b5-bbc1-46d57124f0cf,9230b17c-1de2-4630-a168-8625ae4ff5fc,c1,DROP,1007,?,i4,
1769449848.2389429,SENT,e6a81667-b608-4fb6-a0fa-4bff49e03f6e,ed8b2b46-417b-4951-b5e0-be288ef60bdf,c5,DROP,1005,?,i5,
1769449848.2389836,FORWARDED,e6a81667-b608-4fb6-a0fa-4bff49e03f6e,ed8b2b46-417b-4951-b5e0-be288ef60bdf,c5,DROP,1005,?,i5,
1769449848.2721946,RECEIVED,2115acd2-b758-4b93-9dbb-621c6c7fad9f,a4289b50-7ee8-4b91-ae8f-a64d28c01ee0,c1,c3,2459,p1,?,
1769449848.3586917,RECEIVED,6351cb73-4f5e-48fc-bf71-3440f74ce81e,9c077fdb-68cf-4379-b3d6-4d4d49453502,c5,DROP,1443,p2,?,
1769449848.370815,RECEIVED,bf008562-6da5-46ae-a207-2484e2fab0dc,41eef740-0b55-49a7-9a83-a0f777dc7e2c,c1,c3,2476,p1,?,
1769449848.4117444,SENT,62253834-c78c-4d8b-8a17-1255ec6725d3,6b52b9ea-9229-4740-9c90-e932d59d856c,c1,DROP,1015,?,i8,
1769449848.4117785,FORWARDED,62253834-c78c-4d8b-8a17-1255ec6725d3,6b52b9ea-9229-4740-9c90-e932d59d856c,c1,DROP,1015,?,i8,
1769449848.5145328,SENT,2115acd2-b758-4b93-9dbb-621c6c7fad9f,a4289b50-7ee8-4b91-ae8f-a64d28c01ee0,c1,c3,1771,?,i9,
1769449848.514586,FORWARDED,2115acd2-b758-4b93-9dbb-621c6c7fad9f,a4289b50-7ee8-4b91-ae8f-a64d28c01ee0,c1,c3,1771,?,i9,
1769449848.5369828,RECEIVED,157f275e-d906-4f01-b23e-f3cf62436f3f,3b440dbf-413d-401d-a3cd-cd24ac4b2ab5,c5,DROP,1456,p2,?,
1769449848.5818985,SENT,bf008562-6da5-46ae-a207-2484e2fab0dc,41eef740-0b55-49a7-9a83-a0f777dc7e2c,c1,c3,1784,?,i12,
1769449848.581937,FORWARDED,bf008562-6da5-46ae-a207-2484e2fab0dc,41eef740-0b55-49a7-9a83-a0f777dc7e2c,c1,c3,1784,?,i12,
1769449848.705731,SENT,157f275e-d906-4f01-b23e-f3cf62436f3f,3b440dbf-413d-401d-a3cd-cd24ac4b2ab5,c5,DROP,1019,?,i2,
1769449848.7057667,FORWARDED,157f275e-d906-4f01-b23e-f3cf62436f3f,3b440dbf-413d-401d-a3cd-cd24ac4b2ab5,c5,DROP,1019,?,i2,
1769449848.8183544,RECEIVED,ea0e5fe1-8846-460f-8a4a-705de303e66a,4df48bd4-5a1d-4bbb-adb0-5734408a6ec6,c3,c5,2459,p3,?,
1769449848.8569465,RECEIVED,64c860f1-1ff6-4798-835d-640b88cff350,4a416463-d1c5-4b9b-aeac-a552510f5e87,c5,c4,2463,p2,?,
1769449848.9423573,SENT,64c860f1-1ff6-4798-835d-640b88cff350,4a416463-d1c5-4b9b-aeac-a552510f5e87,c5,c4,1775,?,i6,
1769449848.942399,FORWARDED,64c860f1-1ff6-4798-835d-640b88cff350,4a416463-d1c5-4b9b-aeac-a552510f5e87,c5,c4,1775,?,i6,
1769449849.2003753,RECEIVED,7175d9af-216a-4cb6-83f6-ae90c63b0bff,631ce425-16fc-4ee7-993d-664f9fc9a141,c4,DROP,1449,p1,?,
1769449849.363026,SENT,6351cb73-4f5e-48fc-bf71-3440f74ce81e,9c077fdb-68cf-4379-b3d6-4d4d49453502,c5,DROP,1011,?,i4,
1769449849.3630748,FORWARDED,6351cb73-4f5e-48fc-bf71-3440f74ce81e,9c077fdb-68cf-4379-b3d6-4d4d49453502,c5,DROP,1011,?,i4,
1769449849.3634791,RECEIVED,a19ff448-af87-4442-81a0-bc907e0b91c7,3fe297a0-8636-4ec6-a8a7-a3fd5cc6f33d,c3,c5,2448,p3,?,
1769449849.3803265,SENT,7175d9af-216a-4cb6-83f6-ae90c63b0bff,631ce425-16fc-4ee7-993d-664f9fc9a141,c4,DROP,1013,?,i11,
1769449849.380426,FORWARDED,7175d9af-216a-4cb6-83f6-ae90c63b0bff,631ce425-16fc-4ee7-993d-664f9fc9a141,c4,DROP,1013,?,i11,
1769449849.391668,RECEIVED,ddefbf73-2802-4a43-928f-b376f6e22ba0,19622728-66a8-4dd8-a678-7ad370b8e53e,c4,DROP,1439,p1,?,
1769449849.4108086,RECEIVED,4bad7ca1-2599-4157-8de4-274088428c9e,1c0e5db8-78b8-4252-8cda-3d2b48054b0f,c4,c5,2449,p1,?,
1769449849.4823601,SENT,4bad7ca1-2599-4157-8de4-274088428c9e,1c0e5db8-78b8-4252-8cda-3d2b48054b0f,c4,c5,1763,?,i9,
1769449849.4824016,FORWARDED,4bad7ca1-2599-4157-8de4-274088428c9e,1c0e5db8-78b8-4252-8cda-3d2b48054b0f,c4,c5,1763,?,i9,
1769449849.495664,SENT,ea0e5fe1-8846-460f-8a4a-705de303e66a,4df48bd4-5a1d-4bbb-adb0-5734408a6ec6,c3,c5,1772,?,i6,
1769449849.4957066,FORWARDED,ea0e5fe1-8846-460f-8a4a-705de303e66a,4df48bd4-5a1d-4bbb-adb0-5734408a6ec6,c3,c5,1772,?,i6,
1769449849.516405,RECEIVED,d963bbcf-f600-4f04-81c6-c45820faf91a,f67f7df4-5bc6-4af5-9d4b-34e9c4a31ec4,c1,DROP,1441,p1,?,
1769449849.5278769,SENT,a19ff448-af87-4442-81a0-bc907e0b91c7,3fe297a0-8636-4ec6-a8a7-a3fd5cc6f33d,c3,c5,1764,?,i6,
1769449849.5279279,FORWARDED,a19ff448-af87-4442-81a0-bc907e0b91c7,3fe297a0-8636-4ec6-a8a7-a3fd5cc6f33d,c3,c5,1764,?,i6,
1769449849.5877566,RECEIVED,7d204227-e4da-4a88-ace2-6381b294e39d,1d77840d-a897-47ce-9b1c-9487f5b27180,c3,DROP,1439,p3,?,
1769449849.6745436,SENT,ddefbf73-2802-4a43-928f-b376f6e22ba0,19622728-66a8-4dd8-a678-7ad370b8e53e,c4,DROP,1007,?,i9,
1769449849.674586,FORWARDED,ddefbf73-2802-4a43-928f-b376f6e22ba0,19622728-66a8-4dd8-a678-7ad370b8e53e,c4,DROP,1007,?,i9,
1769449849.793989,SENT,d963bbcf-f600-4f04-81c6-c45820faf91a,f67f7df4-5bc6-4af5-9d4b-34e9c4a31ec4,c1,DROP,1008,?,i11,
1769449849.7940307,FORWARDED,d963bbcf-f600-4f04-81c6-c45820faf91a,f67f7df4-5bc6-4af5-9d4b-34e9c4a31ec4,c1,DROP,1008,?,i11,
1769449849.970441,RECEIVED,0d157005-6c69-4531-85ef-9ecb40467bd5,81876b5d-2aa5-4a9c-b076-b04eed7e5336,c1,DROP,445,x11,?,
1769449850.1180239,RECEIVED,cd9ae613-b35a-48b8-ac03-c14c68ca07e0,611ae583-17ea-416c-a410-252348e3dfa4,c5,c4,2451,p2,?,
1769449850.2540922,SENT,cd9ae613-b35a-48b8-ac03-c14c68ca07e0,611ae583-17ea-416c-a410-252348e3dfa4,c5,c4,1765,?,i4,
1769449850.2541375,FORWARDED,cd9ae613-b35a-48b8-ac03-c14c68ca07e0,611ae583-17ea-416c-a410-252348e3dfa4,c5,c4,1765,?,i4,
1769449850.417995,SENT,4f764616-5d41-4cba-af35-2b4b3080e81e,4b114ada-73bd-4aad-be57-ac9f46826596,c3,c5,1771,?,i9,
1769449850.4180326,FORWARDED,4f764616-5d41-4cba-af35-2b4b3080e81e,4b114ada-73bd-4aad-be57-ac9f46826596,c3,c5,1771,?,i9,
1769449850.5855186,RECEIVED,49035500-14a4-42d1-98b4-97c616afe9dd,d60daed9-c124-4530-b856-c8408143151c,c5,DROP,445,x10,?,
1769449850.6351554,RECEIVED,5805fe96-3ce0-452b-89ac-5e5bca146664,3be9586b-490a-4e28-81b4-102db2abe755,c2,c1,2479,p2,?,
1769449850.7311673,RECEIVED,e67ccff0-4f17-4de6-adcc-e2fb9721879e,16e7b4e5-a96e-4a2e-9c36-02ad40d46281,c1,DROP,1440,p1,?,
1769449850.9085324,SENT,e67ccff0-4f17-4de6-adcc-e2fb9721879e,16e7b4e5-a96e-4a2e-9c36-02ad40d46281,c1,DROP,1007,?,i2,
1769449850.9085715,FORWARDED,e67ccff0-4f17-4de6-adcc-e2fb9721879e,16e7b4e5-a96e-4a2e-9c36-02ad40d46281,c1,DROP,1007,?,i2,
1769449851.039197,RECEIVED,187f24a1-300e-455f-8393-23c9106e3ab5,c14161f3-7118-4d06-9000-5b76109b1e75,c4,DROP,1439,p1,?,
1769449851.1599004,RECEIVED,9c589f5b-1ed4-42b4-96be-8c1e7870fd48,7fd19122-2f9a-40a2-90d2-cfb58e08eb23,c5,c4,2457,p2,?,
1769449851.206379,SENT,7d204227-e4da-4a88-ace2-6381b294e39d,1d77840d-a897-47ce-9b1c-9487f5b27180,c3,DROP,1008,?,i2,
1769449851.2066135,FORWARDED,7d204227-e4da-4a88-ace2-6381b294e39d,1d77840d-a897-47ce-9b1c-9487f5b27180,c3,DROP,1008,?,i2,
1769449851.3941107,SENT,9c589f5b-1ed4-42b4-96be-8c1e7870fd48,7fd19122-2f9a-40a2-90d2-cfb58e08eb23,c5,c4,1768,?,i10,
1769449851.3941479,FORWARDED,9c589f5b-1ed4-42b4-96be-8c1e7870fd48,7fd19122-2f9a-40a2-90d2-cfb58e08eb23,c5,c4,1768,?,i10,
1769449851.4048436,RECEIVED,b71e87fa-5b8c-4588-83f7-7d0e840ae1c3,657eaa62-0787-48d8-88f3-4624d1af99db,c4,DROP,1439,p1,?,
1769449851.687531,RECEIVED,9bb66c4e-66d3-4f20-9f60-e8a45f5c36e5,7ad6e9a6-df24-4b48-a523-ca8a6cd20262,c2,c1,2459,p2,?,
1769449851.7758067,RECEIVED,9c0b915d-8df7-4e1e-8ad8-ab023503f570,e4d334cf-dbe1-443c-9fde-80c4583cf609,c5,DROP,1444,p2,?,
1769449851.822528,SENT,9bb66c4e-66d3-4f20-9f60-e8a45f5c36e5,7ad6e9a6-df24-4b48-a523-ca8a6cd20262,c2,c1,1773,?,i6,
1769449851.8225653,FORWARDED,9bb66c4e-66d3-4f20-9f60-e8a45f5c36e5,7ad6e9a6-df24-4b48-a523-ca8a6cd20262,c2,c1,1773,?,i6,
1769449851.8854809,RECEIVED,574efcd7-95da-460a-8173-a221ab923e8e,ac4452fe-2120-49b1-b5c3-0a85cadd87e1,c2,DROP,1460,p2,?,
1769449851.940875,SENT,5805fe96-3ce0-452b-89ac-5e5bca146664,3be9586b-490a-4e28-81b4-102db2abe755,c2,c1,1788,?,i6,
1769449851.940911,FORWARDED,5805fe96-3ce0-452b-89ac-5e5bca146664,3be9586b-490a-4e28-81b4-102db2abe755,c2,c1,1788,?,i6,
1769449851.955945,SENT,b71e87fa-5b8c-4588-83f7-7d0e840ae1c3,657eaa62-0787-48d8-88f3-4624d1af99db,c4,DROP,1007,?,i3,
1769449851.9559865,FORWARDED,b71e87fa-5b8c-4588-83f7-7d0e840ae1c3,657eaa62-0787-48d8-88f3-4624d1af99db,c4,DROP,1007,?,i3,
1769449852.061733,SENT,574efcd7-95da-460a-8173-a221ab923e8e,ac4452fe-2120-49b1-b5c3-0a85cadd87e1,c2,DROP,1021,?,i2,
1769449852.0620384,FORWARDED,574efcd7-95da-460a-8173-a221ab923e8e,ac4452fe-2120-49b1-b5c3-0a85cadd87e1,c2,DROP,1021,?,i2,
1769449852.1841118,SENT,187f24a1-300e-455f-8393-23c9106e3ab5,c14161f3-7118-4d06-9000-5b76109b1e75,c4,DROP,1007,?,i8,
1769449852.1841545,FORWARDED,187f24a1-300e-455f-8393-23c9106e3ab5,c14161f3-7118-4d06-9000-5b76109b1e75,c4,DROP,1007,?,i8,
1769449852.1947272,RECEIVED,2ba79f8b-7860-42bb-931b-9eaf342536b0,f30cb04c-571c-429c-b676-4f66b510c084,c2,c1,2457,p2,?,
1769449852.3068037,SENT,9c0b915d-8df7-4e1e-8ad8-ab023503f570,e4d334cf-dbe1-443c-9fde-80c4583cf609,c5,DROP,1009,?,i12,
1769449852.306846,FORWARDED,9c0b915d-8df7-4e1e-8ad8-ab023503f570,e4d334cf-dbe1-443c-9fde-80c4583cf609,c5,DROP,1009,?,i12,
1769449852.4157834,SENT,2ba79f8b-7860-42bb-931b-9eaf342536b0,f30cb04c-571c-429c-b676-4f66b510c084,c2,c1,1768,?,i11,
1769449852.4158225,FORWARDED,2ba79f8b-7860-42bb-931b-9eaf342536b0,f30cb04c-571c-429c-b676-4f66b510c084,c2,c1,1768,?,i11,
1769449852.5698178,RECEIVED,fed03566-9014-42c5-a370-be7220552b08,fb77e17e-f59b-4767-8c4b-411460f6095b,c1,DROP,1441,p1,?,
1769449852.616563,SENT,fed03566-9014-42c5-a370-be7220552b08,fb77e17e-f59b-4767-8c4b-411460f6095b,c1,DROP,1007,?,i7,
1769449852.616605,FORWARDED,fed03566-9014-42c5-a370-be7220552b08,fb77e17e-f59b-4767-8c4b-411460f6095b,c1,DROP,1007,?,i7,
1769449852.674235,RECEIVED,f2da6d58-0362-43da-8796-a0eefc3ed6de,ceb22a16-17a7-4ecb-9586-0956f0d96fda,c3,c5,2456,p3,?,
1769449852.83234,SENT,f2da6d58-0362-43da-8796-a0eefc3ed6de,ceb22a16-17a7-4ecb-9586-0956f0d96fda,c3,c5,1770,?,i7,
1769449852.832382,FORWARDED,f2da6d58-0362-43da-8796-a0eefc3ed6de,ceb22a16-17a7-4ecb-9586-0956f0d96fda,c3,c5,1770,?,i7,
1769449852.844847,RECEIVED,21c712bd-663c-4a53-a822-ebbab7f772fa,d565e1cc-154a-402e-86dd-a88414862f0f,c5,c4,2463,p2,?,
1769449853.0261972,RECEIVED,14858e1c-9c00-4ef5-b6d5-3e11e3c66e77,41957f42-d779-46c2-9527-8a2405f278fc,c3,DROP,1452,p3,?,
1769449853.0647714,RECEIVED,6351a500-fc74-40a2-be83-54fc522d4320,4647bdf9-45cd-446a-9447-7ec07f73834a,c5,c4,2459,p2,?,
1769449853.175714,SENT,14858e1c-9c00-4ef5-b6d5-3e11e3c66e77,41957f42-d779-46c2-9527-8a2405f278fc,c3,DROP,1015,?,i1,
1769449853.17577,FORWARDED,14858e1c-9c00-4ef5-b6d5-3e11e3c66e77,41957f42-d779-46c2-9527-8a2405f278fc,c3,DROP,1015,?,i1,
1769449853.2460365,RECEIVED,b3b5eb53-7613-4224-a7f1-b431685e8193,039ba582-6b07-4807-8440-d6aa44caf433,c2,DROP,1447,p2,?,
1769449853.4886136,RECEIVED,b60ebe57-7f0e-4507-b1c5-363722036872,dcc35734-cd06-457d-a297-89fa8f77a729,c4,c5,2462,p1,?,
1769449853.6006417,SENT,21c712bd-663c-4a53-a822-ebbab7f772fa,d565e1cc-154a-402e-86dd-a88414862f0f,c5,c4,1776,?,i5,
1769449853.60072,FORWARDED,21c712bd-663c-4a53-a822-ebbab7f772fa,d565e1cc-154a-402e-86dd-a88414862f0f,c5,c4,1776,?,i5,
1769449853.6510143,SENT,6351a500-fc74-40a2-be83-54fc522d4320,4647bdf9-45cd-446a-9447-7ec07f73834a,c5,c4,1771,?,i8,
1769449853.651069,FORWARDED,6351a500-fc74-40a2-be83-54fc522d4320,4647bdf9-45cd-446a-9447-7ec07f73834a,c5,c4,1771,?,i8,
1769449853.6766565,RECEIVED,867f611b-d81c-4cb2-8da1-12ba1d16c9dc,d7aedffa-b482-47fe-a5c7-a213f7aa16e2,c1,DROP,1439,p1,?,
1769449853.7231274,SENT,b3b5eb53-7613-4224-a7f1-b431685e8193,039ba582-6b07-4807-8440-d6aa44caf433,c2,DROP,1012,?,i8,
1769449853.7231672,FORWARDED,b3b5eb53-7613-4224-a7f1-b431685e8193,039ba582-6b07-4807-8440-d6aa44caf433,c2,DROP,1012,?,i8,
1769449853.7360942,RECEIVED,0b9b893b-f456-456f-9014-c8332ad882a5,a26b87e1-157c-458d-b394-7f911ab311db,c5,DROP,1450,p2,?,
1769449853.7915394,RECEIVED,4ef3416e-22d8-4291-8442-c4861b3062c4,60031720-b510-473c-8340-490ba64e6363,c5,DROP,1439,p2,?,
1769449853.8451655,RECEIVED,ab50a16c-dbb4-4517-ac84-f6494a4dccad,1f7ab6fd-23c5-4eee-a3aa-5c5a4de23b89,c1,DROP,1460,p1,?,
1769449853.959254,RECEIVED,2763d9ed-10e0-4f4c-b45d-e4ab1efb69cb,7aa29e57-9690-4ca5-b6e4-1d0c71891ecd,c5,c4,2477,p2,?,
1769449854.0163968,SENT,2763d9ed-10e0-4f4c-b45d-e4ab1efb69cb,7aa29e57-9690-4ca5-b6e4-1d0c71891ecd,c5,c4,1785,?,i4,
1769449854.0164385,FORWARDED,2763d9ed-10e0-4f4c-b45d-e4ab1efb69cb,7aa29e57-9690-4ca5-b6e4-1d0c71891ecd,c5,c4,1785,?,i4,
1769449854.019466,SENT,0b9b893b-f456-456f-9014-c8332ad882a5,a26b87e1-157c-458d-b394-7f911ab311db,c5,DROP,1017,?,i6,
1769449854.0195184,FORWARDED,0b9b893b-f456-456f-9014-c8332ad882a5,a26b87e1-157c-458d-b394-7f911ab311db,c5,DROP,1017,?,i6,
1769449854.0438654,SENT,b60ebe57-7f0e-4507-b1c5-363722036872,dcc35734-cd06-457d-a297-89fa8f77a729,c4,c5,1775,?,i5,
1769449854.0439057,FORWARDED,b60ebe57-7f0e-4507-b1c5-363722036872,dcc35734-cd06-457d-a297-89fa8f77a729,c4,c5,1775,?,i5,
1769449854.1641414,RECEIVED,5067a56a-b516-4254-9e2d-fb3c8c7da4e5,808f0f4c-43d1-47f5-85eb-81afd78040c5,c5,c4,2459,p2,?,
1769449854.2899704,RECEIVED,6e859eec-2364-4eb2-872c-fb93a00d47e1,a00cdd01-4c1e-46fe-888c-acc1268fd71b,c1,DROP,1451,p1,?,
1769449854.5884252,RECEIVED,6af55b7d-a2b3-4875-8960-b1e933a8245d,3a89937a-b632-400a-9663-6ed9287217f9,c4,c5,2447,p1,?,
1769449854.59416,SENT,ab50a16c-dbb4-4517-ac84-f6494a4dccad,1f7ab6fd-23c5-4eee-a3aa-5c5a4de23b89,c1,DROP,1021,?,i11,
1769449854.5941992,FORWARDED,ab50a16c-dbb4-4517-ac84-f6494a4dccad,1f7ab6fd-23c5-4eee-a3aa-5c5a4de23b89,c1,DROP,1021,?,i11,
1769449854.674439,SENT,867f611b-d81c-4cb2-8da1-12ba1d16c9dc,d7aedffa-b482-47fe-a5c7-a213f7aa16e2,c1,DROP,1008,?,i1,
1769449854.6744888,FORWARDED,867f611b-d81c-4cb2-8da1-12ba1d16c9dc,d7aedffa-b482-47fe-a5c7-a213f7aa16e2,c1,DROP,1008,?,i1,
1769449854.708764,SENT,4ef3416e-22d8-4291-8442-c4861b3062c4,60031720-b510-473c-8340-490ba64e6363,c5,DROP,1007,?,i9,
1769449854.708804,FORWARDED,4ef3416e-22d8-4291-8442-c4861b3062c4,60031720-b510-473c-8340-490ba64e6363,c5,DROP,1007,?,i9,
1769449854.7877848,RECEIVED,e894fec4-14a0-4b5a-9ba9-2081b5d15c6c,c1d81e61-1ffd-4908-b3f8-dc3d34f80610,c5,DROP,1444,p2,?,
1769449854.939615,SENT,6af55b7d-a2b3-4875-8960-b1e933a8245d,3a89937a-b632-400a-9663-6ed9287217f9,c4,c5,1764,?,i8,
1769449854.939669,FORWARDED,6af55b7d-a2b3-4875-8960-b1e933a8245d,3a89937a-b632-400a-9663-6ed9287217f9,c4,c5,1764,?,i8,
1769449854.9528189,RECEIVED,617ae15c-7fea-4c96-8c41-8f456dc15b00,a3f06bc3-c7db-4449-a6cc-8a2823df6598,c5,c4,2461,p2,?,
1769449855.0504773,SENT,617ae15c-7fea-4c96-8c41-8f456dc15b00,a3f06bc3-c7db-4449-a6cc-8a2823df6598,c5,c4,1771,?,i10,
1769449855.0505176,FORWARDED,617ae15c-7fea-4c96-8c41-8f456dc15b00,a3f06bc3-c7db-4449-a6cc-8a2823df6598,c5,c4,1771,?,i10,
1769449855.087334,RECEIVED,d962fe98-ed9f-4a8d-9b46-044ac1005330,072e230d-af65-4e40-b093-eec981c18293,c2,DROP,441,x2,?,
1769449855.1459625,RECEIVED,78418f5f-e4bd-4750-9a4d-02b81bb01b82,45dc8831-836a-47fa-8439-607f85648b3b,c4,c5,2475,p1,?,
1769449855.1760283,SENT,5067a56a-b516-4254-9e2d-fb3c8c7da4e5,808f0f4c-43d1-47f5-85eb-81afd78040c5,c5,c4,1771,?,i11,
1769449855.1760807,FORWARDED,5067a56a-b516-4254-9e2d-fb3c8c7da4e5,808f0f4c-43d1-47f5-85eb-81afd78040c5,c5,c4,1771,?,i11,
1769449855.1800685,SENT,e894fec4-14a0-4b5a-9ba9-2081b5d15c6c,c1d81e61-1ffd-4908-b3f8-dc3d34f80610,c5,DROP,1011,?,i5,
1769449855.1801085,FORWARDED,e894fec4-14a0-4b5a-9ba9-2081b5d15c6c,c1d81e61-1ffd-4908-b3f8-dc3d34f80610,c5,DROP,1011,?,i5,
1769449855.4319696,RECEIVED,76d26ef5-54da-4d19-85f8-18cda38596be,d75392aa-cf70-48d7-944d-40052c8723e8,c1,DROP,1452,p1,?,
1769449855.7174845,SENT,6e859eec-2364-4eb2-872c-fb93a00d47e1,a00cdd01-4c1e-46fe-888c-acc1268fd71b,c1,DROP,1016,?,i8,
1769449855.7175212,FORWARDED,6e859eec-2364-4eb2-872c-fb93a00d47e1,a00cdd01-4c1e-46fe-888c-acc1268fd71b,c1,DROP,1016,?,i8,
1769449856.0071316,RECEIVED,803914bc-8126-4ac2-94ad-c08d809a9a29,bfbae5d6-768d-46cc-a6a1-c3f145ac1e08,c1,c3,2450,p1,?,
1769449856.019477,SENT,803914bc-8126-4ac2-94ad-c08d809a9a29,bfbae5d6-768d-46cc-a6a1-c3f145ac1e08,c1,c3,1763,?,i4,
1769449856.019517,FORWARDED,803914bc-8126-4ac2-94ad-c08d809a9a29,bfbae5d6-768d-46cc-a6a1-c3f145ac1e08,c1,c3,1763,?,i4,
1769449856.042083,SENT,78418f5f-e4bd-4750-9a4d-02b81bb01b82,45dc8831-836a-47fa-8439-607f85648b3b,c4,c5,1784,?,i8,
1769449856.0421252,FORWARDED,78418f5f-e4bd-4750-9a4d-02b81bb01b82,45dc8831-836a-47fa-8439-607f85648b3b,c4,c5,1784,?,i8,
1769449856.100356,RECEIVED,49ea4b79-30d7-4aeb-8602-7c0cf988967f,309c6732-544d-425b-bab8-d7a7adfd8b95,c5,c4,2459,p2,?,
1769449856.197578,RECEIVED,f865e7df-3e12-4b07-8a94-0e551af5985d,b46b4f5c-f6e3-4693-b1a0-dff14e077e77,c4,DROP,1443,p1,?,
1769449856.2225823,RECEIVED,48a19f4c-9443-46ac-aae1-6533d8803d2d,7487cd08-8113-49e3-a16c-81c8c1446eb1,c5,c4,2464,p2,?,
1769449856.2452643,RECEIVED,3fc630ae-eaa7-443f-899b-58847f3ae25e,9a72e158-04d1-40a1-bf7d-65c0e9546ea3,c1,c3,2465,p1,?,
1769449856.3442092,SENT,3fc630ae-eaa7-443f-899b-58847f3ae25e,9a72e158-04d1-40a1-bf7d-65c0e9546ea3,c1,c3,1776,?,i10,
1769449856.3442519,FORWARDED,3fc630ae-eaa7-443f-899b-58847f3ae25e,9a72e158-04d1-40a1-bf7d-65c0e9546ea3,c1,c3,1776,?,i10,
1769449856.402069,RECEIVED,62dd9a49-4f1b-4a23-aa6d-f162c555b36b,b548ad00-d0d3-44c8-ad04-3ed7b92192d3,c5,c4,2465,p2,?,
1769449856.4209828,SENT,49ea4b79-30d7-4aeb-8602-7c0cf988967f,309c6732-544d-425b-bab8-d7a7adfd8b95,c5,c4,1771,?,i1,
1769449856.4210222,FORWARDED,49ea4b79-30d7-4aeb-8602-7c0cf988967f,309c6732-544d-425b-bab8-d7a7adfd8b95,c5,c4,1771,?,i1,
1769449856.431519,SENT,62dd9a49-4f1b-4a23-aa6d-f162c555b36b,b548ad00-d0d3-44c8-ad04-3ed7b92192d3,c5,c4,1775,?,i4,
1769449856.431558,FORWARDED,62dd9a49-4f1b-4a23-aa6d-f162c555b36b,b548ad00-d0d3-44c8-ad04-3ed7b92192d3,c5,c4,1775,?,i4,
1769449856.6049545,SENT,76d26ef5-54da-4d19-85f8-18cda38596be,d75392aa-cf70-48d7-944d-40052c8723e8,c1,DROP,1015,?,i11,
1769449856.6049979,FORWARDED,76d26ef5-54da-4d19-85f8-18cda38596be,d75392aa-cf70-48d7-944d-40052c8723e8,c1,DROP,1015,?,i11,
1769449856.6662242,SENT,48a19f4c-9443-46ac-aae1-6533d8803d2d,7487cd08-8113-49e3-a16c-81c8c1446eb1,c5,c4,1775,?,i5,
1769449856.6662786,FORWARDED,48a19f4c-9443-46ac-aae1-6533d8803d2d,7487cd08-8113-49e3-a16c-81c8c1446eb1,c5,c4,1775,?,i5,
1769449857.2446148,RECEIVED,36055a7a-799e-4aa9-b3e0-fe9c16bdf072,1d66a412-3f20-4d13-b873-336cc13a4f93,c2,c1,2475,p2,?,
1769449857.2585578,RECEIVED,30ae1cc7-c9c4-4b78-b5ae-a6122941be25,34506fc9-f7e1-4fca-a920-f261533e3af4,c3,DROP,1436,p3,?,
1769449857.339325,SENT,30ae1cc7-c9c4-4b78-b5ae-a6122941be25,34506fc9-f7e1-4fca-a920-f261533e3af4,c3,DROP,1004,?,i7,
1769449857.3393672,FORWARDED,30ae1cc7-c9c4-4b78-b5ae-a6122941be25,34506fc9-f7e1-4fca-a920-f261533e3af4,c3,DROP,1004,?,i7,
1769449857.3836122,RECEIVED,3659df0e-42ab-40aa-add4-167db7eea035,4ae8d8d8-d1a0-433f-89d8-d0028632a072,c3,DROP,1451,p3,?,
1769449857.422143,RECEIVED,75a598fc-ec5e-41e6-92d7-88e82c9b67ef,bd3e7c55-3180-474a-bf17-7ffca540e497,c4,c5,2453,p1,?,
1769449857.4456007,RECEIVED,9704422a-66e5-4b77-94ce-41bf205330bd,e7c12460-7769-46a6-aac4-7606ac877d04,c4,c5,2463,p1,?,
1769449857.5021389,RECEIVED,1a9e3b9b-2e94-4294-91ab-3c5d0fe552c1,f9410326-fa60-4f0f-ae5a-930fb857cb4e,c2,c1,2462,p2,?,
1769449857.6942184,RECEIVED,c68d0ada-3a15-4a57-a295-5ac9d65bdbd7,8ed35067-c5a0-40e1-8076-5a1e18f93e35,c1,c3,2464,p1,?,
1769449857.7726202,RECEIVED,b110c8ad-32f5-4e8d-8178-77d2c66debe8,c5b34826-d43f-472b-afda-49f82f522af8,c4,c5,2463,p1,?,
1769449857.817346,RECEIVED,86a1596d-bd6b-4b71-9af6-625e14b5905f,93820da9-d8f6-4804-af80-865d8bc9efbd,c5,c4,2460,p2,?,
1769449857.8344045,SENT,c68d0ada-3a15-4a57-a295-5ac9d65bdbd7,8ed35067-c5a0-40e1-8076-5a1e18f93e35,c1,c3,1775,?,i2,
1769449857.8346221,FORWARDED,c68d0ada-3a15-4a57-a295-5ac9d65bdbd7,8ed35067-c5a0-40e1-8076-5a1e18f93e35,c1,c3,1775,?,i2,
1769449857.847899,SENT,f865e7df-3e12-4b07-8a94-0e551af5985d,b46b4f5c-f6e3-4693-b1a0-dff14e077e77,c4,DROP,1011,?,i9,
1769449857.847942,FORWARDED,f865e7df-3e12-4b07-8a94-0e551af5985d,b46b4f5c-f6e3-4693-b1a0-dff14e077e77,c4,DROP,1011,?,i9,
1769449857.8595679,SENT,86a1596d-bd6b-4b71-9af6-625e14b5905f,93820da9-d8f6-4804-af80-865d8bc9efbd,c5,c4,1772,?,i7,
1769449857.8596113,FORWARDED,86a1596d-bd6b-4b71-9af6-625e14b5905f,93820da9-d8f6-4804-af80-865d8bc9efbd,c5,c4,1772,?,i7,
1769449857.9228659,SENT,75a598fc-ec5e-41e6-92d7-88e82c9b67ef,bd3e7c55-3180-474a-bf17-7ffca540e497,c4,c5,1766,?,i11,
1769449857.9229076,FORWARDED,75a598fc-ec5e-41e6-92d7-88e82c9b67ef,bd3e7c55-3180-474a-bf17-7ffca540e497,c4,c5,1766,?,i11,
1769449858.0332448,SENT,1a9e3b9b-2e94-4294-91ab-3c5d0fe552c1,f9410326-fa60-4f0f-ae5a-930fb857cb4e,c2,c1,1775,?,i6,
1769449858.0332866,FORWARDED,1a9e3b9b-2e94-4294-91ab-3c5d0fe552c1,f9410326-fa60-4f0f-ae5a-930fb857cb4e,c2,c1,1775,?,i6,
1769449858.1080968,SENT,9704422a-66e5-4b77-94ce-41bf205330bd,e7c12460-7769-46a6-aac4-7606ac877d04,c4,c5,1775,?,i5,
1769449858.1082084,FORWARDED,9704422a-66e5-4b77-94ce-41bf205330bd,e7c12460-7769-46a6-aac4-7606ac877d04,c4,c5,1775,?,i5,
1769449858.4604843,SENT,36055a7a-799e-4aa9-b3e0-fe9c16bdf072,1d66a412-3f20-4d13-b873-336cc13a4f93,c2,c1,1783,?,i11,
1769449858.460526,FORWARDED,36055a7a-799e-4aa9-b3e0-fe9c16bdf072,1d66a412-3f20-4d13-b873-336cc13a4f93,c2,c1,1783,?,i11,
1769449858.538906,RECEIVED,4f64a0ec-6f73-41d0-bc2e-64e06d69a09f,5729ac10-96b2-4f36-af6d-6d018a4514b2,c4,DROP,1448,p1,?,
1769449858.595726,RECEIVED,30b613c1-60e5-448b-8e22-ec624d8f8225,e7d18e47-116d-4c3b-81a0-f3f2e5932cb1,c4,c5,2463,p1,?,
1769449858.6084895,RECEIVED,5bc306de-b93e-45a6-a18e-7b3319b42c50,6c72c848-05c3-4a09-a26d-b13892439012,c3,DROP,1440,p3,?,
1769449858.6491392,RECEIVED,0b4d3db8-4f74-451b-89c0-3fe5d3d158cc,1cbf4b7b-a0c8-4d4c-ac05-8fd86573d40d,c1,c3,2456,p1,?,
1769449858.7846887,SENT,4f64a0ec-6f73-41d0-bc2e-64e06d69a09f,5729ac10-96b2-4f36-af6d-6d018a4514b2,c4,DROP,1013,?,i2,
1769449858.7847311,FORWARDED,4f64a0ec-6f73-41d0-bc2e-64e06d69a09f,5729ac10-96b2-4f36-af6d-6d018a4514b2,c4,DROP,1013,?,i2,
1769449858.7891445,SENT,0b4d3db8-4f74-451b-89c0-3fe5d3d158cc,1cbf4b7b-a0c8-4d4c-ac05-8fd86573d40d,c1,c3,1768,?,i6,
1769449858.7891927,FORWARDED,0b4d3db8-4f74-451b-89c0-3fe5d3d158cc,1cbf4b7b-a0c8-4d4c-ac05-8fd86573d40d,c1,c3,1768,?,i6,
1769449858.8884964,SENT,b110c8ad-32f5-4e8d-8178-77d2c66debe8,c5b34826-d43f-472b-afda-49f82f522af8,c4,c5,1775,?,i3,
1769449858.8885329,FORWARDED,b110c8ad-32f5-4e8d-8178-77d2c66debe8,c5b34826-d43f-472b-afda-49f82f522af8,c4,c5,1775,?,i3,
1769449859.060845,SENT,5bc306de-b93e-45a6-a18e-7b3319b42c50,6c72c848-05c3-4a09-a26d-b13892439012,c3,DROP,1008,?,i1,
1769449859.060886,FORWARDED,5bc306de-b93e-45a6-a18e-7b3319b42c50,6c72c848-05c3-4a09-a26d-b13892439012,c3,DROP,1008,?,i1,
1769449859.098304,RECEIVED,4af9589e-58af-47e0-b2c2-b03b4a8e6307,94f2c9b9-0099-4b5b-98ad-09e33d95a7bc,c2,c1,2468,p2,?,
1769449859.1734836,RECEIVED,4bd83ed4-3ea9-45d1-bad0-23981040daf8,a6deed06-331c-40e5-9d65-0d0ee19c95eb,c2,c1,2463,p2,?,
1769449859.319915,SENT,30b613c1-60e5-448b-8e22-ec624d8f8225,e7d18e47-116d-4c3b-81a0-f3f2e5932cb1,c4,c5,1775,?,i4,
1769449859.319956,FORWARDED,30b613c1-60e5-448b-8e22-ec624d8f8225,e7d18e47-116d-4c3b-81a0-f3f2e5932cb1,c4,c5,1775,?,i4,
1769449859.323136,RECEIVED,be471ea5-6300-49a4-b408-c61bb8fe2873,94397e5f-f22e-4ea1-baaf-2f285059c084,c4,c5,2482,p1,?,
1769449859.4428756,SENT,3659df0e-42ab-40aa-add4-167db7eea035,4ae8d8d8-d1a0-433f-89d8-d0028632a072,c3,DROP,1015,?,i3,
1769449859.4429164,FORWARDED,3659df0e-42ab-40aa-add4-167db7eea035,4ae8d8d8-d1a0-433f-89d8-d0028632a072,c3,DROP,1015,?,i3,
1769449859.4562345,RECEIVED,21e4b489-cb20-43ae-bd77-4cfb3bde71f3,473bb318-9815-48bf-86e7-cd7a572a5e81,c3,DROP,1444,p3,?,
1769449859.4706466,RECEIVED,3d8f7def-92cb-4769-8b08-9fa1baa885d1,bd6c7265-fe86-4245-a4e9-d2566b284563,c1,DROP,1452,p1,?,
1769449859.5217578,RECEIVED,7e371101-18c6-4b95-90be-1e5b878dcde8,c06e0891-f598-45e6-a9a7-5bb75a2b7be7,c5,DROP,1440,p2,?,
1769449859.5347366,SENT,4bd83ed4-3ea9-45d1-bad0-23981040daf8,a6deed06-331c-40e5-9d65-0d0ee19c95eb,c2,c1,1776,?,i4,
1769449859.5347793,FORWARDED,4bd83ed4-3ea9-45d1-bad0-23981040daf8,a6deed06-331c-40e5-9d65-0d0ee19c95eb,c2,c1,1776,?,i4,
1769449859.572889,RECEIVED,367acb3c-05e2-4d07-9922-9e09994feac8,3f0d043c-97ca-4db1-8f68-2bac806ca7f9,c3,c5,2472,p3,?,
1769449859.5844557,SENT,3d8f7def-92cb-4769-8b08-9fa1baa885d1,bd6c7265-fe86-4245-a4e9-d2566b284563,c1,DROP,1015,?,i7,
1769449859.5844994,FORWARDED,3d8f7def-92cb-4769-8b08-9fa1baa885d1,bd6c7265-fe86-4245-a4e9-d2566b284563,c1,DROP,1015,?,i7,
1769449859.634104,SENT,7e371101-18c6-4b95-90be-1e5b878dcde8,c06e0891-f598-45e6-a9a7-5bb75a2b7be7,c5,DROP,1007,?,i6,
1769449859.6341465,FORWARDED,7e371101-18c6-4b95-90be-1e5b878dcde8,c06e0891-f598-45e6-a9a7-5bb75a2b7be7,c5,DROP,1007,?,i6,
1769449859.6959715,SENT,4af9589e-58af-47e0-b2c2-b03b4a8e6307,94f2c9b9-0099-4b5b-98ad-09e33d95a7bc,c2,c1,1779,?,i11,
1769449859.6960356,FORWARDED,4af9589e-58af-47e0-b2c2-b03b4a8e6307,94f2c9b9-0099-4b5b-98ad-09e33d95a7bc,c2,c1,1779,?,i11,
1769449859.6975386,RECEIVED,60b8d450-1209-4a4a-a432-9eef9c908087,68e84a69-42f9-4856-ae69-0195e3df9f4f,c3,c5,2472,p3,?,
1769449859.8326392,SENT,367acb3c-05e2-4d07-9922-9e09994feac8,3f0d043c-97ca-4db1-8f68-2bac806ca7f9,c3,c5,1781,?,i10,
1769449859.8326817,FORWARDED,367acb3c-05e2-4d07-9922-9e09994feac8,3f0d043c-97ca-4db1-8f68-2bac806ca7f9,c3,c5,1781,?,i10,
1769449859.9032383,RECEIVED,62d53765-afe6-4310-97b2-2429cdc4b023,6285ecca-31df-43ee-8b10-24b1093927aa,c4,DROP,1443,p1,?,
1769449859.9197705,SENT,60b8d450-1209-4a4a-a432-9eef9c908087,68e84a69-42f9-4856-ae69-0195e3df9f4f,c3,c5,1780,?,i5,
1769449859.9198103,FORWARDED,60b8d450-1209-4a4a-a432-9eef9c908087,68e84a69-42f9-4856-ae69-0195e3df9f4f,c3,c5,1780,?,i5,
1769449860.2060337,RECEIVED,d37b8501-037f-42a3-bd85-96ea86001e88,3267eb3c-e688-419a-a242-f1058082bdce,c1,c3,2475,p1,?,
1769449860.2957149,RECEIVED,1ab54495-9924-4439-aca6-8ef7035408d6,e00fa5ef-d0ab-4b65-b1f7-ecc75f43ae53,c1,c3,2480,p1,?,
1769449860.619666,SENT,be471ea5-6300-49a4-b408-c61bb8fe2873,94397e5f-f22e-4ea1-baaf-2f285059c084,c4,c5,1789,?,i3,
1769449860.619712,FORWARDED,be471ea5-6300-49a4-b408-c61bb8fe2873,94397e5f-f22e-4ea1-baaf-2f285059c084,c4,c5,1789,?,i3,
1769449860.6463675,RECEIVED,00e9277f-9df8-40a5-bc07-670e5145c0f3,a1f39b30-0026-49fb-832f-773e8e72c3d7,c5,DROP,442,x2,?,
1769449860.6724079,SENT,62d53765-afe6-4310-97b2-2429cdc4b023,6285ecca-31df-43ee-8b10-24b1093927aa,c4,DROP,1010,?,i3,
1769449860.6724524,FORWARDED,62d53765-afe6-4310-97b2-2429cdc4b023,6285ecca-31df-43ee-8b10-24b1093927aa,c4,DROP,1010,?,i3,
1769449860.708402,RECEIVED,79982586-a5ff-4012-a780-8c08cc54c4c2,c8b3a3f9-0170-4462-805b-776b1f6deb49,c4,DROP,445,x11,?,
1769449860.7817583,SENT,d37b8501-037f-42a3-bd85-96ea86001e88,3267eb3c-e688-419a-a242-f1058082bdce,c1,c3,1783,?,i5,
1769449860.7818012,FORWARDED,d37b8501-037f-42a3-bd85-96ea86001e88,3267eb3c-e688-419a-a242-f1058082bdce,c1,c3,1783,?,i5,
1769449860.7856379,RECEIVED,a32f7837-4474-4d3c-8dd1-33f7f81ef3ae,9f4c06db-0bdf-4a27-9e10-c0094cf3bf50,c3,c5,2464,p3,?,
1769449860.9533787,RECEIVED,85ff2f46-0238-4573-8be9-256b5974cf42,7ba8ea68-340c-48f9-8c0e-77c469827d34,c4,DROP,1443,p1,?,
1769449860.9661756,RECEIVED,a1062eef-758e-42a3-9417-85d14581fd84,c7bb4601-bbca-4764-b796-cc2c753037dc,c4,DROP,1448,p1,?,
1769449861.0278246,SENT,a1062eef-758e-42a3-9417-85d14581fd84,c7bb4601-bbca-4764-b796-cc2c753037dc,c4,DROP,1012,?,i2,
1769449861.0278676,FORWARDED,a1062eef-758e-42a3-9417-85d14581fd84,c7bb4601-bbca-4764-b796-cc2c753037dc,c4,DROP,1012,?,i2,
1769449861.0912223,SENT,a32f7837-4474-4d3c-8dd1-33f7f81ef3ae,9f4c06db-0bdf-4a27-9e10-c0094cf3bf50,c3,c5,1776,?,i5,
1769449861.0912652,FORWARDED,a32f7837-4474-4d3c-8dd1-33f7f81ef3ae,9f4c06db-0bdf-4a27-9e10-c0094cf3bf50,c3,c5,1776,?,i5,
1769449861.0926983,RECEIVED,353b0dae-a082-409a-9e6f-0b6e86140303,e2f30cb5-7a12-41ae-a90e-bd5c8f0bc7e0,c1,c3,2459,p1,?,
1769449861.2705421,RECEIVED,ec86ead4-29cd-447b-ad62-941afa53dd9d,07cdf077-a4a4-417b-a147-6c4c6df3ff37,c3,DROP,1443,p3,?,
1769449861.3154793,RECEIVED,0fcf73a1-6707-4b59-88dd-0c39d66bcd7f,0099d4d1-f40c-4196-b3d7-2cd9123467ac,c4,DROP,1445,p1,?,
1769449861.4545279,SENT,1ab54495-9924-4439-aca6-8ef7035408d6,e00fa5ef-d0ab-4b65-b1f7-ecc75f43ae53,c1,c3,1787,?,i10,
1769449861.4545689,FORWARDED,1ab54495-9924-4439-aca6-8ef7035408d6,e00fa5ef-d0ab-4b65-b1f7-ecc75f43ae53,c1,c3,1787,?,i10,
1769449861.471595,SENT,21e4b489-cb20-43ae-bd77-4cfb3bde71f3,473bb318-9815-48bf-86e7-cd7a572a5e81,c3,DROP,1009,?,i12,
1769449861.471638,FORWARDED,21e4b489-cb20-43ae-bd77-4cfb3bde71f3,473bb318-9815-48bf-86e7-cd7a572a5e81,c3,DROP,1009,?,i12,
1769449861.6103413,SENT,0fcf73a1-6707-4b59-88dd-0c39d66bcd7f,0099d4d1-f40c-4196-b3d7-2cd9123467ac,c4,DROP,1009,?,i10,
1769449861.6103864,FORWARDED,0fcf73a1-6707-4b59-88dd-0c39d66bcd7f,0099d4d1-f40c-4196-b3d7-2cd9123467ac,c4,DROP,1009,?,i10,
1769449861.6455379,SENT,353b0dae-a082-409a-9e6f-0b6e86140303,e2f30cb5-7a12-41ae-a90e-bd5c8f0bc7e0,c1,c3,1771,?,i3,
1769449861.6455858,FORWARDED,353b0dae-a082-409a-9e6f-0b6e86140303,e2f30cb5-7a12-41ae-a90e-bd5c8f0bc7e0,c1,c3,1771,?,i3,
1769449861.6891918,RECEIVED,54dcfdd0-8761-4525-83fd-07aa048062a1,d4a2d7cf-e80f-47ea-948c-eb2f0a1a524b,c3,c5,2451,p3,?,
1769449861.6955323,SENT,85ff2f46-0238-4573-8be9-256b5974cf42,7ba8ea68-340c-48f9-8c0e-77c469827d34,c4,DROP,1009,?,i8,
1769449861.6955824,FORWARDED,85ff2f46-0238-4573-8be9-256b5974cf42,7ba8ea68-340c-48f9-8c0e-77c469827d34,c4,DROP,1009,?,i8,
1769449861.7106864,RECEIVED,8bbdc66b-c5c7-4cee-85d7-ad4574b74153,e711b034-15ba-4307-ab6d-277c05ff84ef,c1,c3,2460,p1,?,
1769449861.7744403,SENT,ec86ead4-29cd-447b-ad62-941afa53dd9d,07cdf077-a4a4-417b-a147-6c4c6df3ff37,c3,DROP,1009,?,i8,
1769449861.7744842,FORWARDED,ec86ead4-29cd-447b-ad62-941afa53dd9d,07cdf077-a4a4-417b-a147-6c4c6df3ff37,c3,DROP,1009,?,i8,
1769449861.9343936,RECEIVED,e844c5bb-dd64-4c79-8156-60a815518e75,a9e0675b-7bb7-47bb-a249-c39d265deb41,c1,c3,2468,p1,?,
1769449862.0876002,RECEIVED,ecc25096-4db9-4fec-a97e-aa2b68a76e90,bae450fd-8b2e-4525-ab03-6c9ac2e10726,c2,c1,2447,p2,?,
1769449862.200166,SENT,54dcfdd0-8761-4525-83fd-07aa048062a1,d4a2d7cf-e80f-47ea-948c-eb2f0a1a524b,c3,c5,1767,?,i10,
1769449862.2002053,FORWARDED,54dcfdd0-8761-4525-83fd-07aa048062a1,d4a2d7cf-e80f-47ea-948c-eb2f0a1a524b,c3,c5,1767,?,i10,
1769449862.2786574,RECEIVED,f72d2054-ea0f-4344-ac03-38e3f29759cb,dac92226-3638-4edc-8075-74ab9556bde7,c5,DROP,441,x3,?,
1769449862.386245,SENT,e844c5bb-dd64-4c79-8156-60a815518e75,a9e0675b-7bb7-47bb-a249-c39d265deb41,c1,c3,1779,?,i12,
1769449862.3862913,FORWARDED,e844c5bb-dd64-4c79-8156-60a815518e75,a9e0675b-7bb7-47bb-a249-c39d265deb41,c1,c3,1779,?,i12,
1769449862.44436,RECEIVED,082308a9-3ca1-4f54-b7d5-b5b39e1d996e,cab10b14-3bd2-4628-9209-5ff567251eec,c3,c5,2453,p3,?,
1769449862.5282092,SENT,082308a9-3ca1-4f54-b7d5-b5b39e1d996e,cab10b14-3bd2-4628-9209-5ff567251eec,c3,c5,1767,?,i12,
1769449862.5282512,FORWARDED,082308a9-3ca1-4f54-b7d5-b5b39e1d996e,cab10b14-3bd2-4628-9209-5ff567251eec,c3,c5,1767,?,i12,
1769449862.5697417,SENT,8bbdc66b-c5c7-4cee-85d7-ad4574b74153,e711b034-15ba-4307-ab6d-277c05ff84ef,c1,c3,1771,?,i12,
1769449862.5697832,FORWARDED,8bbdc66b-c5c7-4cee-85d7-ad4574b74153,e711b034-15ba-4307-ab6d-277c05ff84ef,c1,c3,1771,?,i12,
1769449862.8127053,SENT,ecc25096-4db9-4fec-a97e-aa2b68a76e90,bae450fd-8b2e-4525-ab03-6c9ac2e10726,c2,c1,1763,?,i2,
1769449862.8127475,FORWARDED,ecc25096-4db9-4fec-a97e-aa2b68a76e90,bae450fd-8b2e-4525-ab03-6c9ac2e10726,c2,c1,1763,?,i2,
1769449862.8976018,RECEIVED,900ef752-0e92-40d3-938e-07eb5ba4e81d,8a0aa656-dc01-415e-ad9e-49953726cfa1,c4,DROP,1457,p1,?,
1769449862.96767,SENT,900ef752-0e92-40d3-938e-07eb5ba4e81d,8a0aa656-dc01-415e-ad9e-49953726cfa1,c4,DROP,1020,?,i11,
1769449862.967713,FORWARDED,900ef752-0e92-40d3-938e-07eb5ba4e81d,8a0aa656-dc01-415e-ad9e-49953726cfa1,c4,DROP,1020,?,i11,
1769449863.187937,RECEIVED,27891c20-897a-4839-9f39-ed4f5a3fe59e,da1fb0f2-63a5-4d82-ad25-454472f91fac,c4,DROP,1439,p1,?,
1769449863.2110937,RECEIVED,2206b585-9890-4494-bc46-2e23dedd8968,f672ee2b-667c-4c48-8f55-76ea9d912f8f,c1,DROP,1439,p1,?,
1769449863.3303347,RECEIVED,2b26956a-a6ac-46c3-9f29-5902902a943b,9bfa5f62-81d6-4f6b-887a-38cd5ff15d03,c3,DROP,1440,p3,?,
1769449863.361495,RECEIVED,e6ccb9ce-9df9-4bcb-822e-04502bef7bdb,62c3017a-e991-44ac-a979-a1addfa374ba,c5,DROP,1452,p2,?,
1769449863.3849354,RECEIVED,8c7a60a4-ef12-48a4-bfb7-783bc04b210a,1605cdac-ba23-424e-aa6b-8e846156ac18,c1,c3,2478,p1,?,
1769449863.4213107,SENT,8c7a60a4-ef12-48a4-bfb7-783bc04b210a,1605cdac-ba23-424e-aa6b-8e846156ac18,c1,c3,1784,?,i11,
1769449863.4214127,FORWARDED,8c7a60a4-ef12-48a4-bfb7-783bc04b210a,1605cdac-ba23-424e-aa6b-8e846156ac18,c1,c3,1784,?,i11,
1769449863.5211387,SENT,e6ccb9ce-9df9-4bcb-822e-04502bef7bdb,62c3017a-e991-44ac-a979-a1addfa374ba,c5,DROP,1016,?,i7,
1769449863.5211856,FORWARDED,e6ccb9ce-9df9-4bcb-822e-04502bef7bdb,62c3017a-e991-44ac-a979-a1addfa374ba,c5,DROP,1016,?,i7,
1769449863.7184293,RECEIVED,9dd1dd4b-0b35-4b2e-9db0-4e57122eb789,b9eaf6b1-1b25-4fd6-965c-80d6601f0658,c5,DROP,1451,p2,?,
1769449863.8507957,SENT,2206b585-9890-4494-bc46-2e23dedd8968,f672ee2b-667c-4c48-8f55-76ea9d912f8f,c1,DROP,1008,?,i4,
1769449863.8508382,FORWARDED,2206b585-9890-4494-bc46-2e23dedd8968,f672ee2b-667c-4c48-8f55-76ea9d912f8f,c1,DROP,1008,?,i4,
1769449864.057434,RECEIVED,05c2e72f-52c9-4095-9d6a-048f1ed3f46e,33cfa9d6-b71f-4c96-a4c2-a3a878f70e31,c2,c1,2475,p2,?,
1769449864.1840405,RECEIVED,754de58a-ded8-4277-b62d-724fc0481679,cfbdd1e8-bc6f-4be4-941d-5ffec7e4f077,c1,c3,2460,p1,?,
1769449864.2453902,RECEIVED,978ef85c-bbf4-4694-81b0-982b445dcc76,1b3d751b-118e-4cbe-97f6-fcff603279d5,c5,c4,2464,p2,?,
1769449864.3145525,SENT,27891c20-897a-4839-9f39-ed4f5a3fe59e,da1fb0f2-63a5-4d82-ad25-454472f91fac,c4,DROP,1007,?,i6,
1769449864.3145938,FORWARDED,27891c20-897a-4839-9f39-ed4f5a3fe59e,da1fb0f2-63a5-4d82-ad25-454472f91fac,c4,DROP,1007,?,i6,
1769449864.4257648,SENT,2b26956a-a6ac-46c3-9f29-5902902a943b,9bfa5f62-81d6-4f6b-887a-38cd5ff15d03,c3,DROP,1007,?,i10,
1769449864.4258044,FORWARDED,2b26956a-a6ac-46c3-9f29-5902902a943b,9bfa5f62-81d6-4f6b-887a-38cd5ff15d03,c3,DROP,1007,?,i10,
1769449864.4666715,SENT,978ef85c-bbf4-4694-81b0-982b445dcc76,1b3d751b-118e-4cbe-97f6-fcff603279d5,c5,c4,1775,?,i3,
1769449864.4667132,FORWARDED,978ef85c-bbf4-4694-81b0-982b445dcc76,1b3d751b-118e-4cbe-97f6-fcff603279d5,c5,c4,1775,?,i3,
1769449864.6135116,SENT,754de58a-ded8-4277-b62d-724fc0481679,cfbdd1e8-bc6f-4be4-941d-5ffec7e4f077,c1,c3,1771,?,i8,
1769449864.6135492,FORWARDED,754de58a-ded8-4277-b62d-724fc0481679,cfbdd1e8-bc6f-4be4-941d-5ffec7e4f077,c1,c3,1771,?,i8,
1769449864.6664925,RECEIVED,1d3c385a-a1c1-4f17-9b62-d882f1f25048,7c2aad41-8108-400a-96d4-a719e08df268,c2,DROP,1440,p2,?,
1769449864.6687284,RECEIVED,339394ee-7f55-4d30-a3bb-5c71ff1f16e1,643e5e85-6ed6-4c51-8e56-d1c74586b52e,c3,c5,2449,p3,?,
1769449864.6808398,RECEIVED,866f9a9a-7e13-4ddb-bfae-9862c218e21a,4d90f96c-0f9a-49a8-a6e3-feb8dfac0f3e,c2,DROP,1453,p2,?,
1769449864.6900165,SENT,339394ee-7f55-4d30-a3bb-5c71ff1f16e1,643e5e85-6ed6-4c51-8e56-d1c74586b52e,c3,c5,1764,?,i2,
1769449864.6900716,FORWARDED,339394ee-7f55-4d30-a3bb-5c71ff1f16e1,643e5e85-6ed6-4c51-8e56-d1c74586b52e,c3,c5,1764,?,i2,
1769449864.6928713,SENT,9dd1dd4b-0b35-4b2e-9db0-4e57122eb789,b9eaf6b1-1b25-4fd6-965c-80d6601f0658,c5,DROP,1015,?,i4,
1769449864.6929119,FORWARDED,9dd1dd4b-0b35-4b2e-9db0-4e57122eb789,b9eaf6b1-1b25-4fd6-965c-80d6601f0658,c5,DROP,1015,?,i4,
1769449864.7057803,SENT,866f9a9a-7e13-4ddb-bfae-9862c218e21a,4d90f96c-0f9a-49a8-a6e3-feb8dfac0f3e,c2,DROP,1016,?,i1,
1769449864.7058196,FORWARDED,866f9a9a-7e13-4ddb-bfae-9862c218e21a,4d90f96c-0f9a-49a8-a6e3-feb8dfac0f3e,c2,DROP,1016,?,i1,
1769449864.7161438,SENT,05c2e72f-52c9-4095-9d6a-048f1ed3f46e,33cfa9d6-b71f-4c96-a4c2-a3a878f70e31,c2,c1,1783,?,i8,
1769449864.716186,FORWARDED,05c2e72f-52c9-4095-9d6a-048f1ed3f46e,33cfa9d6-b71f-4c96-a4c2-a3a878f70e31,c2,c1,1783,?,i8,
1769449864.894045,RECEIVED,f6f1a710-18c0-42d0-b07a-b96c1d3ba5b0,478911b6-7dd2-4976-b343-80a4085d37b0,c1,DROP,442,x11,?,
1769449865.070467,RECEIVED,4cc5c3b2-84d8-49a5-913d-5410f991219e,62fa4784-a212-4479-baa5-d09838c83ed4,c5,DROP,1439,p2,?,
1769449865.1041493,SENT,1d3c385a-a1c1-4f17-9b62-d882f1f25048,7c2aad41-8108-400a-96d4-a719e08df268,c2,DROP,1007,?,i7,
1769449865.1041882,FORWARDED,1d3c385a-a1c1-4f17-9b62-d882f1f25048,7c2aad41-8108-400a-96d4-a719e08df268,c2,DROP,1007,?,i7,
1769449865.1262207,RECEIVED,788fd1c7-ff49-49f9-a33c-15fdd0c94f13,02e2c347-9ea6-42ef-b0c8-ce175c0f1ab1,c5,DROP,441,x11,?,
1769449865.2933464,RECEIVED,1dd1e265-1d2c-45ec-b36c-6d9afbdfe86b,42d37b3a-27ef-40fd-870c-0a7db9669041,c1,c3,2469,p1,?,
1769449865.3810658,SENT,1dd1e265-1d2c-45ec-b36c-6d9afbdfe86b,42d37b3a-27ef-40fd-870c-0a7db9669041,c1,c3,1777,?,i6,
1769449865.3811111,FORWARDED,1dd1e265-1d2c-45ec-b36c-6d9afbdfe86b,42d37b3a-27ef-40fd-870c-0a7db9669041,c1,c3,1777,?,i6,
1769449865.3924477,RECEIVED,c2b97c4a-c889-40bf-b1b3-2ec636659bc3,1309667c-4191-493e-9dea-20249fe29aad,c1,DROP,1457,p1,?,
1769449865.5737057,SENT,4cc5c3b2-84d8-49a5-913d-5410f991219e,62fa4784-a212-4479-baa5-d09838c83ed4,c5,DROP,1008,?,i9,
1769449865.5737462,FORWARDED,4cc5c3b2-84d8-49a5-913d-5410f991219e,62fa4784-a212-4479-baa5-d09838c83ed4,c5,DROP,1008,?,i9,
1769449865.6523001,RECEIVED,9baeb86d-dd2c-4d97-a70b-f6e8a6e15ff5,269c57d6-3d35-4334-8d34-4d41ed1cf4d8,c4,DROP,446,x12,?,
1769449865.664514,SENT,c2b97c4a-c889-40bf-b1b3-2ec636659bc3,1309667c-4191-493e-9dea-20249fe29aad,c1,DROP,1020,?,i11,
1769449865.6645477,FORWARDED,c2b97c4a-c889-40bf-b1b3-2ec636659bc3,1309667c-4191-493e-9dea-20249fe29aad,c1,DROP,1020,?,i11,
1769449865.6993506,RECEIVED,ae985973-495c-48bb-a6cc-06c3245edcfe,d7e5b6b4-b325-49c7-9718-9c417fb73969,c4,DROP,442,x4,?,
1769449865.7538097,RECEIVED,2764db47-4b98-4229-8d2f-4e6bcf0b22ac,0683ff3e-9054-4a3f-a7ad-fa35427002e1,c4,c5,2464,p1,?,
1769449865.7950182,RECEIVED,094df5e0-1d6b-4827-8618-e8621d89ecb2,cf21ea2f-08bf-4ece-a697-1ccb1c50aac6,c2,DROP,1440,p2,?,
1769449865.8795948,RECEIVED,2eca9ffc-18ba-47ca-be90-b5826c5363d3,ae8274ec-a642-4746-8ab4-6ddc789e9b45,c3,DROP,1441,p3,?,
1769449865.955501,RECEIVED,43c79626-bd08-440f-a1fa-c6ef8878f741,625fa474-1395-49ee-b3a8-03ce2a272c1f,c2,DROP,1447,p2,?,
1769449865.9578733,SENT,2eca9ffc-18ba-47ca-be90-b5826c5363d3,ae8274ec-a642-4746-8ab4-6ddc789e9b45,c3,DROP,1007,?,i4,
1769449865.957979,FORWARDED,2eca9ffc-18ba-47ca-be90-b5826c5363d3,ae8274ec-a642-4746-8ab4-6ddc789e9b45,c3,DROP,1007,?,i4,
1769449865.9820898,RECEIVED,429ac846-ea7f-4ba7-97d6-cb78d5f92bd0,78eaefbb-1ede-46f1-ba07-a3e158f60400,c4,c5,2469,p1,?,
1769449866.061903,RECEIVED,51576162-ffa3-40e8-a2aa-6bd2ba4db4ac,2e43e556-7ca0-4899-af01-8fcbe247dc04,c2,DROP,1448,p2,?,
1769449866.1071563,SENT,51576162-ffa3-40e8-a2aa-6bd2ba4db4ac,2e43e556-7ca0-4899-af01-8fcbe247dc04,c2,DROP,1012,?,i4,
1769449866.1071959,FORWARDED,51576162-ffa3-40e8-a2aa-6bd2ba4db4ac,2e43e556-7ca0-4899-af01-8fcbe247dc04,c2,DROP,1012,?,i4,
1769449866.111845,SENT,094df5e0-1d6b-4827-8618-e8621d89ecb2,cf21ea2f-08bf-4ece-a697-1ccb1c50aac6,c2,DROP,1008,?,i4,
1769449866.1118858,FORWARDED,094df5e0-1d6b-4827-8618-e8621d89ecb2,cf21ea2f-08bf-4ece-a697-1ccb1c50aac6,c2,DROP,1008,?,i4,
1769449866.1843765,RECEIVED,9a1d5f0d-8b09-4526-b077-cfcf544da4ec,b29f318c-5ade-41a3-a35e-de98165145a2,c2,DROP,1451,p2,?,
1769449866.2525356,RECEIVED,5af826dd-fdd8-4fb2-8e45-5ff32683e2aa,518a1844-f9da-436b-8791-e651bab33fb5,c3,c5,2446,p3,?,
1769449866.3059328,RECEIVED,d85008ec-e465-4cfc-9e1a-107f18c9a5a8,e199aabf-23f1-47ad-ada3-71c472eee929,c2,DROP,1444,p2,?,
1769449866.333895,SENT,2764db47-4b98-4229-8d2f-4e6bcf0b22ac,0683ff3e-9054-4a3f-a7ad-fa35427002e1,c4,c5,1776,?,i10,
1769449866.3339355,FORWARDED,2764db47-4b98-4229-8d2f-4e6bcf0b22ac,0683ff3e-9054-4a3f-a7ad-fa35427002e1,c4,c5,1776,?,i10,
1769449866.3736315,RECEIVED,a321e767-c46d-437e-b306-b5ad55b283d9,28ade096-c94f-47d7-a925-b5dfb8149fd2,c3,DROP,1439,p3,?,
1769449866.374449,SENT,429ac846-ea7f-4ba7-97d6-cb78d5f92bd0,78eaefbb-1ede-46f1-ba07-a3e158f60400,c4,c5,1779,?,i12,
1769449866.3744893,FORWARDED,429ac846-ea7f-4ba7-97d6-cb78d5f92bd0,78eaefbb-1ede-46f1-ba07-a3e158f60400,c4,c5,1779,?,i12,
1769449866.5170612,RECEIVED,318f6f64-5ae4-42a8-a28d-f25d44036fb2,14053450-bf07-4477-a98b-757bf1d3af29,c5,DROP,1440,p2,?,
1769449866.5564172,SENT,9a1d5f0d-8b09-4526-b077-cfcf544da4ec,b29f318c-5ade-41a3-a35e-de98165145a2,c2,DROP,1017,?,i4,
1769449866.5564675,FORWARDED,9a1d5f0d-8b09-4526-b077-cfcf544da4ec,b29f318c-5ade-41a3-a35e-de98165145a2,c2,DROP,1017,?,i4,
1769449866.5681047,SENT,318f6f64-5ae4-42a8-a28d-f25d44036fb2,14053450-bf07-4477-a98b-757bf1d3af29,c5,DROP,1007,?,i2,
1769449866.5681477,FORWARDED,318f6f64-5ae4-42a8-a28d-f25d44036fb2,14053450-bf07-4477-a98b-757bf1d3af29,c5,DROP,1007,?,i2,
1769449866.684723,RECEIVED,2c92accf-9612-4452-b035-6795e7386fc3,8e88de76-dfb5-46fd-8c3b-4a5ae9632f03,c1,DROP,1456,p1,?,
1769449866.736891,SENT,d85008ec-e465-4cfc-9e1a-107f18c9a5a8,e199aabf-23f1-47ad-ada3-71c472eee929,c2,DROP,1009,?,i10,
1769449866.736934,FORWARDED,d85008ec-e465-4cfc-9e1a-107f18c9a5a8,e199aabf-23f1-47ad-ada3-71c472eee929,c2,DROP,1009,?,i10,
1769449866.811318,SENT,43c79626-bd08-440f-a1fa-c6ef8878f741,625fa474-1395-49ee-b3a8-03ce2a272c1f,c2,DROP,1012,?,i1,
1769449866.8113613,FORWARDED,43c79626-bd08-440f-a1fa-c6ef8878f741,625fa474-1395-49ee-b3a8-03ce2a272c1f,c2,DROP,1012,?,i1,
1769449866.8177762,RECEIVED,50384f6b-3b87-4f78-94ed-9b11cc010a33,88bece07-65be-4715-a02c-6efed7044721,c2,DROP,1440,p2,?,
1769449866.875662,RECEIVED,94469cab-9f06-4ab7-a66e-19f3c16371a2,02ee701e-9948-4ccc-94c4-c501bf1d30ba,c1,DROP,1439,p1,?,
1769449866.8958533,RECEIVED,57607db6-beb3-4b7f-903b-0ec0f8d75622,f719be33-34a6-41c3-a347-124914872a5e,c5,c4,2463,p2,?,
1769449867.0931304,RECEIVED,d561bae9-3441-41b4-8bfe-8707d2fd9486,a9444258-15ca-4821-a089-26aaef8c91ff,c5,DROP,1444,p2,?,
1769449867.107488,RECEIVED,824af984-05aa-4dbe-8c52-a27eb16e4a52,dda5e142-ed14-483e-a7e1-ba151dc0f06a,c2,DROP,443,x7,?,
1769449867.117378,SENT,50384f6b-3b87-4f78-94ed-9b11cc010a33,88bece07-65be-4715-a02c-6efed7044721,c2,DROP,1007,?,i11,
1769449867.117419,FORWARDED,50384f6b-3b87-4f78-94ed-9b11cc010a33,88bece07-65be-4715-a02c-6efed7044721,c2,DROP,1007,?,i11,
1769449867.364356,RECEIVED,9855afee-3d14-4afa-b9db-acf757fdb893,db6dc918-1691-4829-8418-51e5f0020d70,c2,c1,2456,p2,?,
1769449867.4171128,RECEIVED,316bb168-c244-431a-8986-1673c2aab264,0012bc46-cd22-4fa5-8ace-5d0bc42364f2,c4,DROP,1440,p1,?,
1769449867.432498,SENT,2c92accf-9612-4452-b035-6795e7386fc3,8e88de76-dfb5-46fd-8c3b-4a5ae9632f03,c1,DROP,1020,?,i11,
1769449867.4325378,FORWARDED,2c92accf-9612-4452-b035-6795e7386fc3,8e88de76-dfb5-46fd-8c3b-4a5ae9632f03,c1,DROP,1020,?,i11,
1769449867.4360025,SENT,d561bae9-3441-41b4-8bfe-8707d2fd9486,a9444258-15ca-4821-a089-26aaef8c91ff,c5,DROP,1011,?,i11,
1769449867.4360397,FORWARDED,d561bae9-3441-41b4-8bfe-8707d2fd9486,a9444258-15ca-4821-a089-26aaef8c91ff,c5,DROP,1011,?,i11,
1769449867.4570668,SENT,316bb168-c244-431a-8986-1673c2aab264,0012bc46-cd22-4fa5-8ace-5d0bc42364f2,c4,DROP,1007,?,i8,
1769449867.4571078,FORWARDED,316bb168-c244-431a-8986-1673c2aab264,0012bc46-cd22-4fa5-8ace-5d0bc42364f2,c4,DROP,1007,?,i8,
1769449867.5043528,RECEIVED,8b20bbf5-f29a-411f-8a5a-5b5d2241d469,9b098f61-fc57-4c04-a3de-a612f880ac8d,c1,DROP,1461,p1,?,
1769449867.5279949,SENT,57607db6-beb3-4b7f-903b-0ec0f8d75622,f719be33-34a6-41c3-a347-124914872a5e,c5,c4,1776,?,i6,
1769449867.528035,FORWARDED,57607db6-beb3-4b7f-903b-0ec0f8d75622,f719be33-34a6-41c3-a347-124914872a5e,c5,c4,1776,?,i6,
1769449867.5525675,SENT,8b20bbf5-f29a-411f-8a5a-5b5d2241d469,9b098f61-fc57-4c04-a3de-a612f880ac8d,c1,DROP,1021,?,i4,
1769449867.5526102,FORWARDED,8b20bbf5-f29a-411f-8a5a-5b5d2241d469,9b098f61-fc57-4c04-a3de-a612f880ac8d,c1,DROP,1021,?,i4,
1769449867.565779,SENT,9855afee-3d14-4afa-b9db-acf757fdb893,db6dc918-1691-4829-8418-51e5f0020d70,c2,c1,1770,?,i6,
1769449867.5658207,FORWARDED,9855afee-3d14-4afa-b9db-acf757fdb893,db6dc918-1691-4829-8418-51e5f0020d70,c2,c1,1770,?,i6,
1769449867.6541393,SENT,a321e767-c46d-437e-b306-b5ad55b283d9,28ade096-c94f-47d7-a925-b5dfb8149fd2,c3,DROP,1008,?,i10,
1769449867.6541786,FORWARDED,a321e767-c46d-437e-b306-b5ad55b283d9,28ade096-c94f-47d7-a925-b5dfb8149fd2,c3,DROP,1008,?,i10,
1769449867.757402,SENT,94469cab-9f06-4ab7-a66e-19f3c16371a2,02ee701e-9948-4ccc-94c4-c501bf1d30ba,c1,DROP,1007,?,i12,
1769449867.7574444,FORWARDED,94469cab-9f06-4ab7-a66e-19f3c16371a2,02ee701e-9948-4ccc-94c4-c501bf1d30ba,c1,DROP,1007,?,i12,
1769449868.140377,RECEIVED,51367b6c-d27f-49f3-aa5c-b844ecdb90c3,9bfc1c75-4034-494c-9482-2dac7e5a43a0,c3,c5,2464,p3,?,
1769449868.3296618,SENT,51367b6c-d27f-49f3-aa5c-b844ecdb90c3,9bfc1c75-4034-494c-9482-2dac7e5a43a0,c3,c5,1776,?,i2,
1769449868.3297021,FORWARDED,51367b6c-d27f-49f3-aa5c-b844ecdb90c3,9bfc1c75-4034-494c-9482-2dac7e5a43a0,c3,c5,1776,?,i2,
1769449868.5455256,RECEIVED,1dec2246-70b3-4110-883f-3a8939b30d9b,db1b8145-8840-4c94-a714-09a997801513,c3,DROP,442,x9,?,
1769449868.5702262,RECEIVED,572a7a0d-eb61-4bb5-a644-d3f1a049f717,a954581f-4bd4-4b58-be3b-a94ca5d04427,c2,DROP,1439,p2,?,
1769449868.6371503,RECEIVED,2c268a60-5b54-4416-95a0-595961ad1ae9,fed2e068-591d-4d20-a792-36db9dd61473,c3,DROP,1436,p3,?,
1769449868.680661,RECEIVED,9a9c65ab-0686-4c04-a7d2-68d61fab1bf0,96b8a570-1733-49de-995a-83051307b495,c2,DROP,440,x1,?,
1769449868.7175903,SENT,572a7a0d-eb61-4bb5-a644-d3f1a049f717,a954581f-4bd4-4b58-be3b-a94ca5d04427,c2,DROP,1008,?,i1,
1769449868.7176347,FORWARDED,572a7a0d-eb61-4bb5-a644-d3f1a049f717,a954581f-4bd4-4b58-be3b-a94ca5d04427,c2,DROP,1008,?,i1,
1769449868.8641932,RECEIVED,ae601ea2-8c92-467b-a75d-71ad7c7c33b3,f5c0e3c1-dba7-45aa-859e-5eb56ecdd504,c1,DROP,1439,p1,?,
1769449868.92425,SENT,5af826dd-fdd8-4fb2-8e45-5ff32683e2aa,518a1844-f9da-436b-8791-e651bab33fb5,c3,c5,1763,?,i8,
1769449868.924291,FORWARDED,5af826dd-fdd8-4fb2-8e45-5ff32683e2aa,518a1844-f9da-436b-8791-e651bab33fb5,c3,c5,1763,?,i8,
1769449868.993352,SENT,2c268a60-5b54-4416-95a0-595961ad1ae9,fed2e068-591d-4d20-a792-36db9dd61473,c3,DROP,1003,?,i8,
1769449868.9933934,FORWARDED,2c268a60-5b54-4416-95a0-595961ad1ae9,fed2e068-591d-4d20-a792-36db9dd61473,c3,DROP,1003,?,i8,
1769449869.0819607,RECEIVED,e0aac0e9-93ee-4e9f-b09c-209fb09e35fd,37728db2-d3d4-46fb-9a17-c9efae2c4979,c5,c4,2457,p2,?,
1769449869.1491861,SENT,e0aac0e9-93ee-4e9f-b09c-209fb09e35fd,37728db2-d3d4-46fb-9a17-c9efae2c4979,c5,c4,1770,?,i1,
1769449869.1492283,FORWARDED,e0aac0e9-93ee-4e9f-b09c-209fb09e35fd,37728db2-d3d4-46fb-9a17-c9efae2c4979,c5,c4,1770,?,i1,
1769449869.1659582,RECEIVED,addbaa73-e3c3-4b55-8a56-59f0af471df3,36451a4a-7759-4339-8ee4-6e4c0477b369,c3,DROP,1448,p3,?,
1769449869.1853476,SENT,ae601ea2-8c92-467b-a75d-71ad7c7c33b3,f5c0e3c1-dba7-45aa-859e-5eb56ecdd504,c1,DROP,1007,?,i3,
1769449869.1858034,FORWARDED,ae601ea2-8c92-467b-a75d-71ad7c7c33b3,f5c0e3c1-dba7-45aa-859e-5eb56ecdd504,c1,DROP,1007,?,i3,
1769449869.475029,RECEIVED,1e0e0a1f-54dc-4e93-96c8-90a37e6c977b,a8815119-e181-46e8-8b55-e4549544922b,c3,DROP,442,x1,?,
1769449869.5425072,RECEIVED,ebbc9671-200b-43f0-b169-5fca66dedf5c,3c5f7e28-3515-4506-ae0a-169757ade44e,c4,DROP,1447,p1,?,
1769449869.6081533,RECEIVED,8d9d4412-1376-4046-a628-88b1bdd90947,a5071685-f41a-4dfd-bbff-d48d206ff659,c2,c1,2465,p2,?,
1769449869.7587342,RECEIVED,5f2ca77c-c86c-451d-97ef-5a85adce5fc0,eafd9cc2-e5d8-4fcd-91de-d3f08df86033,c5,c4,2475,p2,?,
1769449869.826061,SENT,8d9d4412-1376-4046-a628-88b1bdd90947,a5071685-f41a-4dfd-bbff-d48d206ff659,c2,c1,1776,?,i11,
1769449869.826106,FORWARDED,8d9d4412-1376-4046-a628-88b1bdd90947,a5071685-f41a-4dfd-bbff-d48d206ff659,c2,c1,1776,?,i11,
1769449869.840985,RECEIVED,953963dd-a320-4c1d-b64a-40f24ed9fab1,aaaf2a49-9f25-4ce1-98a2-7e7833e6ae6d,c3,DROP,1451,p3,?,
1769449869.8684502,SENT,5f2ca77c-c86c-451d-97ef-5a85adce5fc0,eafd9cc2-e5d8-4fcd-91de-d3f08df86033,c5,c4,1785,?,i1,
1769449869.868491,FORWARDED,5f2ca77c-c86c-451d-97ef-5a85adce5fc0,eafd9cc2-e5d8-4fcd-91de-d3f08df86033,c5,c4,1785,?,i1,
1769449869.8865962,SENT,addbaa73-e3c3-4b55-8a56-59f0af471df3,36451a4a-7759-4339-8ee4-6e4c0477b369,c3,DROP,1012,?,i12,
1769449869.886638,FORWARDED,addbaa73-e3c3-4b55-8a56-59f0af471df3,36451a4a-7759-4339-8ee4-6e4c0477b369,c3,DROP,1012,?,i12,
1769449869.9236832,SENT,ebbc9671-200b-43f0-b169-5fca66dedf5c,3c5f7e28-3515-4506-ae0a-169757ade44e,c4,DROP,1012,?,i6,
1769449869.923725,FORWARDED,ebbc9671-200b-43f0-b169-5fca66dedf5c,3c5f7e28-3515-4506-ae0a-169757ade44e,c4,DROP,1012,?,i6,
1769449869.956492,RECEIVED,8011898f-701e-4f08-a188-ab7fa1f175d6,be0fcae7-b1cd-4a7d-a17d-e12322e154d0,c2,c1,2463,p2,?,
1769449870.0409262,RECEIVED,ddd5f93e-48c3-4435-b241-a0caddb073a3,b82d3792-d7d5-4aa4-9048-5b71d02427b9,c5,c4,2451,p2,?,
1769449870.134363,RECEIVED,9b672dd1-aa9b-420b-829a-2a9151e360b9,aa2b06b9-c944-4464-a8a9-0b9d99598370,c4,DROP,1461,p1,?,
1769449870.225663,SENT,9b672dd1-aa9b-420b-829a-2a9151e360b9,aa2b06b9-c944-4464-a8a9-0b9d99598370,c4,DROP,1021,?,i11,
1769449870.225702,FORWARDED,9b672dd1-aa9b-420b-829a-2a9151e360b9,aa2b06b9-c944-4464-a8a9-0b9d99598370,c4,DROP,1021,?,i11,
1769449870.2351434,SENT,ddd5f93e-48c3-4435-b241-a0caddb073a3,b82d3792-d7d5-4aa4-9048-5b71d02427b9,c5,c4,1766,?,i3,
1769449870.2351866,FORWARDED,ddd5f93e-48c3-4435-b241-a0caddb073a3,b82d3792-d7d5-4aa4-9048-5b71d02427b9,c5,c4,1766,?,i3,
1769449870.5248938,SENT,8011898f-701e-4f08-a188-ab7fa1f175d6,be0fcae7-b1cd-4a7d-a17d-e12322e154d0,c2,c1,1775,?,i6,
1769449870.5249372,FORWARDED,8011898f-701e-4f08-a188-ab7fa1f175d6,be0fcae7-b1cd-4a7d-a17d-e12322e154d0,c2,c1,1775,?,i6,
1769449870.6884098,RECEIVED,18387465-374f-4d6d-9b27-393cfcd3245f,3f0982cd-48c2-4221-ae80-9cc86a900dec,c4,DROP,1440,p1,?,
1769449870.7965102,SENT,18387465-374f-4d6d-9b27-393cfcd3245f,3f0982cd-48c2-4221-ae80-9cc86a900dec,c4,DROP,1008,?,i4,
1769449870.7965653,FORWARDED,18387465-374f-4d6d-9b27-393cfcd3245f,3f0982cd-48c2-4221-ae80-9cc86a900dec,c4,DROP,1008,?,i4,
1769449870.8308961,RECEIVED,d90a1eb6-b196-4afe-b186-90f93b029915,e5fb5c28-7643-4324-803b-8d44707ef001,c4,DROP,442,x10,?,
1769449870.9415052,RECEIVED,7e0ba869-77fd-4fc6-a5c6-d02793118f24,ffa9eb40-8814-4ae7-9ae8-5b262de3b68b,c4,DROP,1456,p1,?,
1769449871.0237186,SENT,7e0ba869-77fd-4fc6-a5c6-d02793118f24,ffa9eb40-8814-4ae7-9ae8-5b262de3b68b,c4,DROP,1020,?,i2,
1769449871.0237606,FORWARDED,7e0ba869-77fd-4fc6-a5c6-d02793118f24,ffa9eb40-8814-4ae7-9ae8-5b262de3b68b,c4,DROP,1020,?,i2,
1769449871.029817,RECEIVED,02a1857b-4f11-4213-96dd-d2da38148ae4,5e9e668c-0de8-411a-9c3c-998ec27fce71,c1,c3,2451,p1,?,
1769449871.067236,RECEIVED,87a09d38-e8db-4157-8930-71f0eef2e55b,4c88b17d-4c1a-4601-9977-d3b068f1ab61,c3,DROP,1439,p3,?,
1769449871.3739364,SENT,953963dd-a320-4c1d-b64a-40f24ed9fab1,aaaf2a49-9f25-4ce1-98a2-7e7833e6ae6d,c3,DROP,1016,?,i6,
1769449871.373979,FORWARDED,953963dd-a320-4c1d-b64a-40f24ed9fab1,aaaf2a49-9f25-4ce1-98a2-7e7833e6ae6d,c3,DROP,1016,?,i6,
1769449871.4702764,SENT,87a09d38-e8db-4157-8930-71f0eef2e55b,4c88b17d-4c1a-4601-9977-d3b068f1ab61,c3,DROP,1008,?,i2,
1769449871.4703176,FORWARDED,87a09d38-e8db-4157-8930-71f0eef2e55b,4c88b17d-4c1a-4601-9977-d3b068f1ab61,c3,DROP,1008,?,i2,
1769449871.600231,SENT,02a1857b-4f11-4213-96dd-d2da38148ae4,5e9e668c-0de8-411a-9c3c-998ec27fce71,c1,c3,1765,?,i4,
1769449871.6002698,FORWARDED,02a1857b-4f11-4213-96dd-d2da38148ae4,5e9e668c-0de8-411a-9c3c-998ec27fce71,c1,c3,1765,?,i4,
1769449871.6053557,RECEIVED,8e33d72f-05fa-480d-bf07-67d5197d7595,a3c216e7-e3d7-45f4-858f-ef312f005a70,c4,c5,2462,p1,?,
1769449871.6396751,RECEIVED,e7e60773-e0b3-48f2-bcbe-5e05a9c8f12e,278a0ed6-8d55-496d-ad7e-ccd793c68b8a,c3,DROP,1449,p3,?,
1769449871.7013261,RECEIVED,841c0864-6c10-4b2d-89fb-0f9af5d0f6f7,f68182fd-97ce-4628-87d8-bc88813f2944,c3,c5,2468,p3,?,
1769449871.7041385,RECEIVED,75b4a25a-8d9e-4b80-be90-a4dda674ef24,be22cbe9-5d4d-49ef-896e-8ba8af5ba4b0,c4,c5,2447,p1,?,
1769449871.8263931,RECEIVED,e5ac6dc6-68aa-4688-928e-2df36f8aa85d,51da9cb4-2996-4c26-adb4-15d95800c86c,c2,c1,2464,p2,?,
1769449871.8536735,SENT,841c0864-6c10-4b2d-89fb-0f9af5d0f6f7,f68182fd-97ce-4628-87d8-bc88813f2944,c3,c5,1778,?,i1,
1769449871.8537154,FORWARDED,841c0864-6c10-4b2d-89fb-0f9af5d0f6f7,f68182fd-97ce-4628-87d8-bc88813f2944,c3,c5,1778,?,i1,
1769449871.8767712,SENT,e7e60773-e0b3-48f2-bcbe-5e05a9c8f12e,278a0ed6-8d55-496d-ad7e-ccd793c68b8a,c3,DROP,1012,?,i10,
1769449871.87681,FORWARDED,e7e60773-e0b3-48f2-bcbe-5e05a9c8f12e,278a0ed6-8d55-496d-ad7e-ccd793c68b8a,c3,DROP,1012,?,i10,
1769449871.9504726,SENT,8e33d72f-05fa-480d-bf07-67d5197d7595,a3c216e7-e3d7-45f4-858f-ef312f005a70,c4,c5,1776,?,i4,
1769449871.9505093,FORWARDED,8e33d72f-05fa-480d-bf07-67d5197d7595,a3c216e7-e3d7-45f4-858f-ef312f005a70,c4,c5,1776,?,i4,
1769449872.1576295,RECEIVED,38f2d080-2838-467e-b510-75266b43ebec,ee5571e3-c0ee-4243-8195-551961bbf3a7,c4,c5,2447,p1,?,
1769449872.3242834,RECEIVED,dd8ecd25-1ee7-448d-bee7-fc6c491f5f26,ac330692-f078-4513-b00e-8b2f255bf70b,c2,DROP,1452,p2,?,
1769449872.3974323,SENT,75b4a25a-8d9e-4b80-be90-a4dda674ef24,be22cbe9-5d4d-49ef-896e-8ba8af5ba4b0,c4,c5,1764,?,i7,
1769449872.397471,FORWARDED,75b4a25a-8d9e-4b80-be90-a4dda674ef24,be22cbe9-5d4d-49ef-896e-8ba8af5ba4b0,c4,c5,1764,?,i7,
1769449872.5155458,SENT,38f2d080-2838-467e-b510-75266b43ebec,ee5571e3-c0ee-4243-8195-551961bbf3a7,c4,c5,1764,?,i8,
1769449872.515587,FORWARDED,38f2d080-2838-467e-b510-75266b43ebec,ee5571e3-c0ee-4243-8195-551961bbf3a7,c4,c5,1764,?,i8,
1769449872.7325,SENT,e5ac6dc6-68aa-4688-928e-2df36f8aa85d,51da9cb4-2996-4c26-adb4-15d95800c86c,c2,c1,1775,?,i12,
1769449872.7325606,FORWARDED,e5ac6dc6-68aa-4688-928e-2df36f8aa85d,51da9cb4-2996-4c26-adb4-15d95800c86c,c2,c1,1775,?,i12,
1769449872.781837,SENT,dd8ecd25-1ee7-448d-bee7-fc6c491f5f26,ac330692-f078-4513-b00e-8b2f255bf70b,c2,DROP,1015,?,i10,
1769449872.7818801,FORWARDED,dd8ecd25-1ee7-448d-bee7-fc6c491f5f26,ac330692-f078-4513-b00e-8b2f255bf70b,c2,DROP,1015,?,i10,
1769449872.90122,RECEIVED,d6665869-f8cc-488a-bbea-e624c47236dd,190f431d-1249-47a9-a487-1882935e3a98,c2,c1,2463,p2,?,
1769449873.0084946,RECEIVED,29a7a3fa-53e5-48ea-bcff-142f5ee3eb11,545d4e96-c604-45be-961e-5af77d78af7a,c1,DROP,1445,p1,?,
1769449873.034077,RECEIVED,ac31a642-be7d-4656-9581-92d1f154d453,29afe5b2-749d-4e48-95fa-6d6b7bc52675,c4,DROP,1434,p1,?,
1769449873.125214,RECEIVED,43eb397c-0042-4338-950f-dcd8d67860fe,e4b79c18-9103-43f2-baef-b51a1e05ce81,c3,c5,2475,p3,?,
1769449873.125482,RECEIVED,a63dec10-9e5d-43eb-9b70-4534e9c14bb8,b99f3bdd-6635-471d-a28a-135fcddfdfd2,c2,c1,2471,p2,?,
1769449873.1818416,SENT,d6665869-f8cc-488a-bbea-e624c47236dd,190f431d-1249-47a9-a487-1882935e3a98,c2,c1,1775,?,i8,
1769449873.1818817,FORWARDED,d6665869-f8cc-488a-bbea-e624c47236dd,190f431d-1249-47a9-a487-1882935e3a98,c2,c1,1775,?,i8,
1769449873.184168,RECEIVED,a0ae1dcc-969c-4a70-b81f-211a6c355f39,2fedba6e-4e04-43d3-a4f0-c0c7a69bdb3b,c5,DROP,1437,p2,?,
1769449873.2586796,RECEIVED,e8b96432-9176-440d-8432-177fcac7330a,1e2f2f53-5075-41e8-a2ca-f81797dec7e9,c1,DROP,1447,p1,?,
1769449873.2695167,SENT,29a7a3fa-53e5-48ea-bcff-142f5ee3eb11,545d4e96-c604-45be-961e-5af77d78af7a,c1,DROP,1011,?,i10,
1769449873.2695599,FORWARDED,29a7a3fa-53e5-48ea-bcff-142f5ee3eb11,545d4e96-c604-45be-961e-5af77d78af7a,c1,DROP,1011,?,i10,
1769449873.3221633,RECEIVED,a16e0e91-fc2a-4b80-89d5-22894b4d56e5,12fd4f45-ee71-4bb2-8e3d-c377d225c6ea,c4,c5,2471,p1,?,
1769449873.4003322,RECEIVED,537367d5-b20c-456c-8748-8d9c484a0782,b6edc6fc-a7cc-44e4-8664-db665a3cf99c,c2,DROP,1452,p2,?,
1769449873.5281935,SENT,537367d5-b20c-456c-8748-8d9c484a0782,b6edc6fc-a7cc-44e4-8664-db665a3cf99c,c2,DROP,1017,?,i2,
1769449873.5282369,FORWARDED,537367d5-b20c-456c-8748-8d9c484a0782,b6edc6fc-a7cc-44e4-8664-db665a3cf99c,c2,DROP,1017,?,i2,
1769449873.5855806,SENT,e8b96432-9176-440d-8432-177fcac7330a,1e2f2f53-5075-41e8-a2ca-f81797dec7e9,c1,DROP,1012,?,i11,
1769449873.5856202,FORWARDED,e8b96432-9176-440d-8432-177fcac7330a,1e2f2f53-5075-41e8-a2ca-f81797dec7e9,c1,DROP,1012,?,i11,
1769449873.6207178,RECEIVED,7e963602-f40e-409d-9c2c-0bebb8a427ad,6b127cc3-625d-4d7d-96fa-d9c47dbfc1e5,c5,DROP,1440,p2,?,
1769449873.7414227,SENT,43eb397c-0042-4338-950f-dcd8d67860fe,e4b79c18-9103-43f2-baef-b51a1e05ce81,c3,c5,1785,?,i2,
1769449873.741466,FORWARDED,43eb397c-0042-4338-950f-dcd8d67860fe,e4b79c18-9103-43f2-baef-b51a1e05ce81,c3,c5,1785,?,i2,
1769449873.8709354,RECEIVED,acb49925-2235-49ac-a5b0-0a2aa3601557,ea763081-02f6-417a-9562-f6e91017f3c2,c5,DROP,441,x3,?,
1769449873.9308696,RECEIVED,e8be7cf4-94ab-4313-833e-b6804ac42154,c79269b8-9b2d-49a1-8f11-ce6dcdd2eea5,c3,DROP,1451,p3,?,
1769449874.0654635,RECEIVED,22fa2d7c-de47-4097-bc2f-9c9d918e2f1e,285326a6-c980-4175-b6c9-9a8864a9879d,c2,DROP,1440,p2,?,
1769449874.137234,SENT,7e963602-f40e-409d-9c2c-0bebb8a427ad,6b127cc3-625d-4d7d-96fa-d9c47dbfc1e5,c5,DROP,1007,?,i11,
1769449874.137275,FORWARDED,7e963602-f40e-409d-9c2c-0bebb8a427ad,6b127cc3-625d-4d7d-96fa-d9c47dbfc1e5,c5,DROP,1007,?,i11,
1769449874.192709,SENT,a63dec10-9e5d-43eb-9b70-4534e9c14bb8,b99f3bdd-6635-471d-a28a-135fcddfdfd2,c2,c1,1782,?,i8,
1769449874.19275,FORWARDED,a63dec10-9e5d-43eb-9b70-4534e9c14bb8,b99f3bdd-6635-471d-a28a-135fcddfdfd2,c2,c1,1782,?,i8,
1769449874.2079701,SENT,22fa2d7c-de47-4097-bc2f-9c9d918e2f1e,285326a6-c980-4175-b6c9-9a8864a9879d,c2,DROP,1008,?,i8,
1769449874.208007,FORWARDED,22fa2d7c-de47-4097-bc2f-9c9d918e2f1e,285326a6-c980-4175-b6c9-9a8864a9879d,c2,DROP,1008,?,i8,
1769449874.2210763,RECEIVED,1be9ce4b-7845-4279-b2a2-645e82b0c8c4,4b86eb4e-09b2-477b-b0d6-ea86780e92b7,c1,DROP,1443,p1,?,
1769449874.322999,RECEIVED,d1d56210-7e60-4f63-859b-0a887ef15df6,289818a6-175f-4900-a880-4cfa1b9912cd,c3,c5,2447,p3,?,
1769449874.547785,RECEIVED,1452b763-638a-404a-a5b9-4c23c75b8dfa,50c04705-8bce-4f40-b0db-5453d8bee363,c4,DROP,1443,p1,?,
1769449874.5778198,SENT,a16e0e91-fc2a-4b80-89d5-22894b4d56e5,12fd4f45-ee71-4bb2-8e3d-c377d225c6ea,c4,c5,1780,?,i5,
1769449874.5778623,FORWARDED,a16e0e91-fc2a-4b80-89d5-22894b4d56e5,12fd4f45-ee71-4bb2-8e3d-c377d225c6ea,c4,c5,1780,?,i5,
1769449874.6010323,SENT,1be9ce4b-7845-4279-b2a2-645e82b0c8c4,4b86eb4e-09b2-477b-b0d6-ea86780e92b7,c1,DROP,1009,?,i1,
1769449874.6010902,FORWARDED,1be9ce4b-7845-4279-b2a2-645e82b0c8c4,4b86eb4e-09b2-477b-b0d6-ea86780e92b7,c1,DROP,1009,?,i1,
1769449874.6213799,SENT,e8be7cf4-94ab-4313-833e-b6804ac42154,c79269b8-9b2d-49a1-8f11-ce6dcdd2eea5,c3,DROP,1015,?,i6,
1769449874.621422,FORWARDED,e8be7cf4-94ab-4313-833e-b6804ac42154,c79269b8-9b2d-49a1-8f11-ce6dcdd2eea5,c3,DROP,1015,?,i6,
1769449874.624789,RECEIVED,050611dc-3047-473b-beb4-986328e1b257,667b65c8-962e-40b8-9e91-46bed21331d1,c4,c5,2465,p1,?,
1769449874.7222703,SENT,050611dc-3047-473b-beb4-986328e1b257,667b65c8-962e-40b8-9e91-46bed21331d1,c4,c5,1776,?,i3,
1769449874.722312,FORWARDED,050611dc-3047-473b-beb4-986328e1b257,667b65c8-962e-40b8-9e91-46bed21331d1,c4,c5,1776,?,i3,
1769449874.7309752,SENT,ac31a642-be7d-4656-9581-92d1f154d453,29afe5b2-749d-4e48-95fa-6d6b7bc52675,c4,DROP,1004,?,i12,
1769449874.7310164,FORWARDED,ac31a642-be7d-4656-9581-92d1f154d453,29afe5b2-749d-4e48-95fa-6d6b7bc52675,c4,DROP,1004,?,i12,
1769449874.7470775,RECEIVED,0b634d46-fde6-4416-8d7e-76abd6a189a6,5c33b669-9434-4094-b2df-14a53812c1c5,c1,c3,2464,p1,?,
1769449874.8029516,RECEIVED,e3d384e4-aca6-4928-81c3-af5f5f4bfc53,c10a086d-2f1e-439f-90f7-1b7173a062af,c1,DROP,441,x9,?,
1769449874.8128035,SENT,1452b763-638a-404a-a5b9-4c23c75b8dfa,50c04705-8bce-4f40-b0db-5453d8bee363,c4,DROP,1009,?,i7,
1769449874.812847,FORWARDED,1452b763-638a-404a-a5b9-4c23c75b8dfa,50c04705-8bce-4f40-b0db-5453d8bee363,c4,DROP,1009,?,i7,
1769449874.8258202,SENT,0b634d46-fde6-4416-8d7e-76abd6a189a6,5c33b669-9434-4094-b2df-14a53812c1c5,c1,c3,1775,?,i2,
1769449874.8258598,FORWARDED,0b634d46-fde6-4416-8d7e-76abd6a189a6,5c33b669-9434-4094-b2df-14a53812c1c5,c1,c3,1775,?,i2,
1769449874.8415039,RECEIVED,c9150281-783c-432e-a692-ad87fb900349,132962c7-7b13-44be-9951-2419b2afed6c,c5,c4,2473,p2,?,
1769449874.9763656,RECEIVED,26b5853c-ed89-44f6-8585-9ff08db087a9,d7153ce0-369d-496f-9524-93dced41fbef,c4,c5,2460,p1,?,
1769449875.053548,RECEIVED,d7055270-fa8d-440b-a18e-4d84d7a7feb4,37f5036f-c5cf-4e06-92dc-4eaa9c577c63,c5,DROP,1448,p2,?,
1769449875.1882854,SENT,d1d56210-7e60-4f63-859b-0a887ef15df6,289818a6-175f-4900-a880-4cfa1b9912cd,c3,c5,1763,?,i1,
1769449875.1883202,FORWARDED,d1d56210-7e60-4f63-859b-0a887ef15df6,289818a6-175f-4900-a880-4cfa1b9912cd,c3,c5,1763,?,i1,
1769449875.221345,SENT,c9150281-783c-432e-a692-ad87fb900349,132962c7-7b13-44be-9951-2419b2afed6c,c5,c4,1780,?,i12,
1769449875.2213802,FORWARDED,c9150281-783c-432e-a692-ad87fb900349,132962c7-7b13-44be-9951-2419b2afed6c,c5,c4,1780,?,i12,
1769449875.2311525,RECEIVED,4c4d6fe7-8451-4df9-b823-5dff910f9541,38ccaa1e-abbe-4b2b-af6e-ddb571bc3d72,c4,DROP,442,x12,?,
1769449875.3267887,SENT,26b5853c-ed89-44f6-8585-9ff08db087a9,d7153ce0-369d-496f-9524-93dced41fbef,c4,c5,1771,?,i8,
1769449875.326829,FORWARDED,26b5853c-ed89-44f6-8585-9ff08db087a9,d7153ce0-369d-496f-9524-93dced41fbef,c4,c5,1771,?,i8,
1769449875.4668052,RECEIVED,31ab4470-d850-42b4-8026-51cb49e0b53e,3212c1cf-4630-403c-878f-2981ac0ad16d,c2,c1,2460,p2,?,
1769449875.492143,SENT,d7055270-fa8d-440b-a18e-4d84d7a7feb4,37f5036f-c5cf-4e06-92dc-4eaa9c577c63,c5,DROP,1012,?,i8,
1769449875.4921856,FORWARDED,d7055270-fa8d-440b-a18e-4d84d7a7feb4,37f5036f-c5cf-4e06-92dc-4eaa9c577c63,c5,DROP,1012,?,i8,
1769449875.528414,SENT,31ab4470-d850-42b4-8026-51cb49e0b53e,3212c1cf-4630-403c-878f-2981ac0ad16d,c2,c1,1772,?,i8,
1769449875.5284555,FORWARDED,31ab4470-d850-42b4-8026-51cb49e0b53e,3212c1cf-4630-403c-878f-2981ac0ad16d,c2,c1,1772,?,i8,
1769449875.6362233,RECEIVED,c78a6768-cfca-4a87-b9e5-eff7bead1890,de6a072d-ab4f-4b0b-8d5d-5b7c297a2ee6,c2,DROP,438,x4,?,
1769449875.7378767,SENT,a0ae1dcc-969c-4a70-b81f-211a6c355f39,2fedba6e-4e04-43d3-a4f0-c0c7a69bdb3b,c5,DROP,1007,?,i4,
1769449875.7379203,FORWARDED,a0ae1dcc-969c-4a70-b81f-211a6c355f39,2fedba6e-4e04-43d3-a4f0-c0c7a69bdb3b,c5,DROP,1007,?,i4,
1769449875.8956738,RECEIVED,d3d93621-a8bc-4b7e-b0c2-d42c7f2a2657,19b929e5-629d-4fc9-b315-f7646b8172eb,c2,DROP,1452,p2,?,
1769449875.9503818,RECEIVED,bf09ef8c-db7e-42fa-98e0-3da30e89a2a9,f6960929-bc84-4233-b5c8-53c901d93e81,c3,c5,2464,p3,?,
1769449875.9890292,RECEIVED,aadc44ca-5175-4f12-b016-fee6dc215c7f,04166426-3812-4925-9f71-a9c898e91f6e,c2,DROP,445,x4,?,
1769449876.0128245,SENT,d3d93621-a8bc-4b7e-b0c2-d42c7f2a2657,19b929e5-629d-4fc9-b315-f7646b8172eb,c2,DROP,1015,?,i1,
1769449876.0128596,FORWARDED,d3d93621-a8bc-4b7e-b0c2-d42c7f2a2657,19b929e5-629d-4fc9-b315-f7646b8172eb,c2,DROP,1015,?,i1,
1769449876.0307708,RECEIVED,2eea6f8a-a476-4d71-a8fd-39fef8cb4608,e1764f9e-1857-4942-b61e-7f74bb80ec2a,c4,DROP,1448,p1,?,
1769449876.133514,SENT,bf09ef8c-db7e-42fa-98e0-3da30e89a2a9,f6960929-bc84-4233-b5c8-53c901d93e81,c3,c5,1776,?,i3,
1769449876.133558,FORWARDED,bf09ef8c-db7e-42fa-98e0-3da30e89a2a9,f6960929-bc84-4233-b5c8-53c901d93e81,c3,c5,1776,?,i3,
1769449876.2688198,RECEIVED,60a97a53-4fc9-41ba-84ae-eae85089bccd,6dce7302-00e7-4c1a-b6e7-7bb250bf2755,c5,DROP,1445,p2,?,
1769449876.2799838,SENT,2eea6f8a-a476-4d71-a8fd-39fef8cb4608,e1764f9e-1857-4942-b61e-7f74bb80ec2a,c4,DROP,1014,?,i5,
1769449876.2800364,FORWARDED,2eea6f8a-a476-4d71-a8fd-39fef8cb4608,e1764f9e-1857-4942-b61e-7f74bb80ec2a,c4,DROP,1014,?,i5,
1769449876.2855868,SENT,60a97a53-4fc9-41ba-84ae-eae85089bccd,6dce7302-00e7-4c1a-b6e7-7bb250bf2755,c5,DROP,1009,?,i4,
1769449876.2856221,FORWARDED,60a97a53-4fc9-41ba-84ae-eae85089bccd,6dce7302-00e7-4c1a-b6e7-7bb250bf2755,c5,DROP,1009,?,i4,
1769449876.4234998,RECEIVED,b66a059d-4414-4524-b866-b90f5c993d6f,6c862d62-d741-4614-af4b-a060926fdfd6,c5,DROP,445,x12,?,
1769449876.4372022,RECEIVED,97222cbf-e893-45bc-8b6f-9be4d24a2680,27b61e13-965e-44f9-8435-b58dcbabfa21,c4,c5,2451,p1,?,
1769449876.4438262,RECEIVED,0217a52a-c464-41e0-825a-7dd37bca4c59,2844cfab-149e-4508-8fdc-746067210b40,c1,c3,2475,p1,?,
1769449876.536017,RECEIVED,83ae2a05-9d0b-48cc-9b8e-b88bbe3fb5e0,8031a6a5-1d6f-4973-ba65-c1d600481bb4,c2,DROP,441,x3,?,
1769449876.6313908,RECEIVED,41131aca-c1a1-46bd-a1e8-ebcd2fb6e7e9,367c4020-871c-4db1-a45e-50b036c3b29b,c5,DROP,1455,p2,?,
1769449876.7012532,RECEIVED,1de8156c-b0b5-463d-a30c-205542b26bed,b3f49f21-8dd9-4337-bfff-f059d296e241,c5,DROP,1439,p2,?,
1769449876.8464296,RECEIVED,c8a41d28-8521-47bd-8585-198ea09822bf,5623e19c-6d23-4805-b431-bf0f78bacb28,c4,c5,2453,p1,?,
1769449876.9428153,SENT,0217a52a-c464-41e0-825a-7dd37bca4c59,2844cfab-149e-4508-8fdc-746067210b40,c1,c3,1784,?,i1,
1769449876.9428551,FORWARDED,0217a52a-c464-41e0-825a-7dd37bca4c59,2844cfab-149e-4508-8fdc-746067210b40,c1,c3,1784,?,i1,
1769449876.964593,RECEIVED,1692475a-c834-4064-8f83-19c394cee2e3,099aafca-729e-40a1-85c9-e481f9371f03,c4,DROP,442,x4,?,
1769449877.1564243,RECEIVED,f37f30ab-3f85-4524-bd57-6252ce1a9821,a7deed03-80b0-48c1-ac8f-af51d0a91a9f,c5,DROP,1439,p2,?,
1769449877.1902988,SENT,c8a41d28-8521-47bd-8585-198ea09822bf,5623e19c-6d23-4805-b431-bf0f78bacb28,c4,c5,1767,?,i11,
1769449877.1903367,FORWARDED,c8a41d28-8521-47bd-8585-198ea09822bf,5623e19c-6d23-4805-b431-bf0f78bacb28,c4,c5,1767,?,i11,
1769449877.19819,RECEIVED,fe21cfe4-4d2e-4b77-aa08-76607d75f39b,d31b0227-9ee9-4601-9802-4928320176a3,c2,DROP,1456,p2,?,
1769449877.3321204,SENT,f37f30ab-3f85-4524-bd57-6252ce1a9821,a7deed03-80b0-48c1-ac8f-af51d0a91a9f,c5,DROP,1008,?,i7,
1769449877.332161,FORWARDED,f37f30ab-3f85-4524-bd57-6252ce1a9821,a7deed03-80b0-48c1-ac8f-af51d0a91a9f,c5,DROP,1008,?,i7,
1769449877.4897082,SENT,41131aca-c1a1-46bd-a1e8-ebcd2fb6e7e9,367c4020-871c-4db1-a45e-50b036c3b29b,c5,DROP,1020,?,i11,
1769449877.4897494,FORWARDED,41131aca-c1a1-46bd-a1e8-ebcd2fb6e7e9,367c4020-871c-4db1-a45e-50b036c3b29b,c5,DROP,1020,?,i11,
1769449877.5780237,RECEIVED,fe27bfec-220e-404c-b120-6eadd02dc811,8742ac85-1fba-472d-a436-b5ea7b04c314,c5,c4,2463,p2,?,
1769449877.6897254,SENT,1de8156c-b0b5-463d-a30c-205542b26bed,b3f49f21-8dd9-4337-bfff-f059d296e241,c5,DROP,1007,?,i9,
1769449877.6897688,FORWARDED,1de8156c-b0b5-463d-a30c-205542b26bed,b3f49f21-8dd9-4337-bfff-f059d296e241,c5,DROP,1007,?,i9,
1769449877.7166362,RECEIVED,72e20b20-6053-45d6-a4ef-8fc9cf70810e,f0fcd112-5335-4747-b340-707012d52af3,c1,DROP,1440,p1,?,
1769449877.7783606,SENT,fe27bfec-220e-404c-b120-6eadd02dc811,8742ac85-1fba-472d-a436-b5ea7b04c314,c5,c4,1775,?,i5,
1769449877.7784047,FORWARDED,fe27bfec-220e-404c-b120-6eadd02dc811,8742ac85-1fba-472d-a436-b5ea7b04c314,c5,c4,1775,?,i5,
1769449877.7939131,RECEIVED,e9c7b5cf-99a5-4735-adff-569ecb4e34c6,46b817cd-e1fe-4fe0-810c-4134a9dccb2d,c4,c5,2460,p1,?,
1769449877.8070862,RECEIVED,d8ce1450-3244-44c2-9ae0-f590037fdcca,5c4c97fa-7c26-455f-b469-56427fec4ce3,c4,c5,2447,p1,?,
1769449877.8963888,SENT,72e20b20-6053-45d6-a4ef-8fc9cf70810e,f0fcd112-5335-4747-b340-707012d52af3,c1,DROP,1007,?,i6,
1769449877.8964298,FORWARDED,72e20b20-6053-45d6-a4ef-8fc9cf70810e,f0fcd112-5335-4747-b340-707012d52af3,c1,DROP,1007,?,i6,
1769449878.1199481,SENT,97222cbf-e893-45bc-8b6f-9be4d24a2680,27b61e13-965e-44f9-8435-b58dcbabfa21,c4,c5,1765,?,i5,
1769449878.1199913,FORWARDED,97222cbf-e893-45bc-8b6f-9be4d24a2680,27b61e13-965e-44f9-8435-b58dcbabfa21,c4,c5,1765,?,i5,
1769449878.146667,SENT,fe21cfe4-4d2e-4b77-aa08-76607d75f39b,d31b0227-9ee9-4601-9802-4928320176a3,c2,DROP,1019,?,i11,
1769449878.1467052,FORWARDED,fe21cfe4-4d2e-4b77-aa08-76607d75f39b,d31b0227-9ee9-4601-9802-4928320176a3,c2,DROP,1019,?,i11,
1769449878.255734,SENT,e9c7b5cf-99a5-4735-adff-569ecb4e34c6,46b817cd-e1fe-4fe0-810c-4134a9dccb2d,c4,c5,1772,?,i2,
1769449878.2557762,FORWARDED,e9c7b5cf-99a5-4735-adff-569ecb4e34c6,46b817cd-e1fe-4fe0-810c-4134a9dccb2d,c4,c5,1772,?,i2,
1769449878.4921784,RECEIVED,8949ec97-9119-400d-a78e-12bf538ef2a0,f07ad92e-f31d-487e-bf1f-c23ebee28652,c2,DROP,1441,p2,?,
1769449878.5586257,SENT,8949ec97-9119-400d-a78e-12bf538ef2a0,f07ad92e-f31d-487e-bf1f-c23ebee28652,c2,DROP,1008,?,i7,
1769449878.558669,FORWARDED,8949ec97-9119-400d-a78e-12bf538ef2a0,f07ad92e-f31d-487e-bf1f-c23ebee28652,c2,DROP,1008,?,i7,
1769449878.5933855,SENT,d8ce1450-3244-44c2-9ae0-f590037fdcca,5c4c97fa-7c26-455f-b469-56427fec4ce3,c4,c5,1763,?,i3,
1769449878.5934274,FORWARDED,d8ce1450-3244-44c2-9ae0-f590037fdcca,5c4c97fa-7c26-455f-b469-56427fec4ce3,c4,c5,1763,?,i3,
1769449878.595084,RECEIVED,d6936827-f46b-423d-99d2-873f678a3194,7a99ae9d-b599-4e57-8738-ca8df3718e86,c1,DROP,1452,p1,?,
1769449878.6572704,RECEIVED,5ea97002-2597-4966-a44c-d24820197eb7,5f574eb8-95e2-414e-9fca-c1ee511924d3,c5,c4,2460,p2,?,
1769449878.7845902,RECEIVED,0a015ecf-5651-455d-9842-3b30e808524f,ad3288aa-44a4-4ba4-a8ab-2f30e762a9b1,c5,c4,2477,p2,?,
1769449878.8033044,RECEIVED,469adbcc-8c53-4d78-b1f9-ef3d9b07a4e1,82c50d9e-b59c-4b67-9d6b-a8815871ff78,c4,c5,2456,p1,?,
1769449878.8359375,SENT,0a015ecf-5651-455d-9842-3b30e808524f,ad3288aa-44a4-4ba4-a8ab-2f30e762a9b1,c5,c4,1784,?,i8,
1769449878.8359787,FORWARDED,0a015ecf-5651-455d-9842-3b30e808524f,ad3288aa-44a4-4ba4-a8ab-2f30e762a9b1,c5,c4,1784,?,i8,
1769449878.8412023,RECEIVED,44352683-4783-4452-acff-6af7bcf480eb,a417a551-b17e-4a75-b3cc-ffedf46a9a01,c2,c1,2464,p2,?,
1769449878.8913157,SENT,469adbcc-8c53-4d78-b1f9-ef3d9b07a4e1,82c50d9e-b59c-4b67-9d6b-a8815871ff78,c4,c5,1769,?,i7,
1769449878.8913567,FORWARDED,469adbcc-8c53-4d78-b1f9-ef3d9b07a4e1,82c50d9e-b59c-4b67-9d6b-a8815871ff78,c4,c5,1769,?,i7,
1769449878.9142292,SENT,5ea97002-2597-4966-a44c-d24820197eb7,5f574eb8-95e2-414e-9fca-c1ee511924d3,c5,c4,1772,?,i10,
1769449878.9142716,FORWARDED,5ea97002-2597-4966-a44c-d24820197eb7,5f574eb8-95e2-414e-9fca-c1ee511924d3,c5,c4,1772,?,i10,
1769449878.9651232,SENT,44352683-4783-4452-acff-6af7bcf480eb,a417a551-b17e-4a75-b3cc-ffedf46a9a01,c2,c1,1776,?,i8,
1769449878.9651623,FORWARDED,44352683-4783-4452-acff-6af7bcf480eb,a417a551-b17e-4a75-b3cc-ffedf46a9a01,c2,c1,1776,?,i8,
1769449878.981005,SENT,d6936827-f46b-423d-99d2-873f678a3194,7a99ae9d-b599-4e57-8738-ca8df3718e86,c1,DROP,1015,?,i5,
1769449878.9810653,FORWARDED,d6936827-f46b-423d-99d2-873f678a3194,7a99ae9d-b599-4e57-8738-ca8df3718e86,c1,DROP,1015,?,i5,
1769449879.1069906,RECEIVED,ee867608-be89-43e8-b539-c84409be7b99,ab831b06-4b3c-4dec-82e9-24e90b9d6a9e,c5,c4,2464,p2,?,
1769449879.15576,RECEIVED,71025c4a-2e5f-4d93-8b4e-83a6f674a5be,688a5772-cdad-47cf-a8b4-c9337340e98a,c1,DROP,1447,p1,?,
1769449879.254229,RECEIVED,5c796ef9-9aca-42fd-b611-e503fa5cf69d,779dd898-181c-4abd-85ae-75d8bb1c7841,c2,c1,2464,p2,?,
1769449879.409649,SENT,5c796ef9-9aca-42fd-b611-e503fa5cf69d,779dd898-181c-4abd-85ae-75d8bb1c7841,c2,c1,1775,?,i5,
1769449879.4096897,FORWARDED,5c796ef9-9aca-42fd-b611-e503fa5cf69d,779dd898-181c-4abd-85ae-75d8bb1c7841,c2,c1,1775,?,i5,
1769449879.4413593,SENT,71025c4a-2e5f-4d93-8b4e-83a6f674a5be,688a5772-cdad-47cf-a8b4-c9337340e98a,c1,DROP,1013,?,i1,
1769449879.4413998,FORWARDED,71025c4a-2e5f-4d93-8b4e-83a6f674a5be,688a5772-cdad-47cf-a8b4-c9337340e98a,c1,DROP,1013,?,i1,
1769449879.5333822,RECEIVED,fcfd5269-165f-4826-a7df-a1bc86689c75,1cd8f76f-6dcc-4a9c-a79f-79b55975f1d6,c1,DROP,1439,p1,?,
1769449879.5844753,RECEIVED,6092c32c-12ee-442d-a676-0e72b12daea1,253a26bb-df46-4d3e-8061-ccb15df6bd04,c1,c3,2461,p1,?,
1769449879.5878866,RECEIVED,5d7ffd3b-93e8-457a-9690-ea4034e18be6,37d263e1-18b3-4b4f-8986-8c970d8e2756,c3,c5,2464,p3,?,
1769449879.6499617,SENT,6092c32c-12ee-442d-a676-0e72b12daea1,253a26bb-df46-4d3e-8061-ccb15df6bd04,c1,c3,1771,?,i10,
1769449879.6501353,FORWARDED,6092c32c-12ee-442d-a676-0e72b12daea1,253a26bb-df46-4d3e-8061-ccb15df6bd04,c1,c3,1771,?,i10,
1769449879.6596115,SENT,5d7ffd3b-93e8-457a-9690-ea4034e18be6,37d263e1-18b3-4b4f-8986-8c970d8e2756,c3,c5,1775,?,i7,
1769449879.6598895,FORWARDED,5d7ffd3b-93e8-457a-9690-ea4034e18be6,37d263e1-18b3-4b4f-8986-8c970d8e2756,c3,c5,1775,?,i7,
1769449879.881106,SENT,fcfd5269-165f-4826-a7df-a1bc86689c75,1cd8f76f-6dcc-4a9c-a79f-79b55975f1d6,c1,DROP,1007,?,i2,
1769449879.8811514,FORWARDED,fcfd5269-165f-4826-a7df-a1bc86689c75,1cd8f76f-6dcc-4a9c-a79f-79b55975f1d6,c1,DROP,1007,?,i2,
1769449879.8831656,RECEIVED,63a100d1-e58c-447e-ac20-4f118ab04ecb,a21bf237-6f29-4f95-9f7e-3e93afa46e94,c1,DROP,1464,p1,?,
1769449879.9952073,RECEIVED,ad3a7d8e-69c5-4660-94f7-e24fd97607ea,c5e7afbb-7188-4b3c-a934-047c7e67c727,c4,DROP,1440,p1,?,
1769449880.181086,RECEIVED,9a460c90-24a8-4e5a-906c-c4a0b1e23b14,6e9af8e7-0f0c-4d42-81a1-ab2365b5d182,c2,c1,2452,p2,?,
1769449880.2203064,SENT,ee867608-be89-43e8-b539-c84409be7b99,ab831b06-4b3c-4dec-82e9-24e90b9d6a9e,c5,c4,1776,?,i11,
1769449880.220355,FORWARDED,ee867608-be89-43e8-b539-c84409be7b99,ab831b06-4b3c-4dec-82e9-24e90b9d6a9e,c5,c4,1776,?,i11,
1769449880.2695782,RECEIVED,73d8fa60-7f5a-4c0b-bf1d-dfd326ad0013,80d1080d-40e9-4aad-bf22-53f6e388b950,c5,DROP,1444,p2,?,
1769449880.3112273,SENT,ad3a7d8e-69c5-4660-94f7-e24fd97607ea,c5e7afbb-7188-4b3c-a934-047c7e67c727,c4,DROP,1007,?,i3,
1769449880.3112667,FORWARDED,ad3a7d8e-69c5-4660-94f7-e24fd97607ea,c5e7afbb-7188-4b3c-a934-047c7e67c727,c4,DROP,1007,?,i3,
1769449880.6614943,SENT,63a100d1-e58c-447e-ac20-4f118ab04ecb,a21bf237-6f29-4f95-9f7e-3e93afa46e94,c1,DROP,1024,?,i12,
1769449880.6615665,FORWARDED,63a100d1-e58c-447e-ac20-4f118ab04ecb,a21bf237-6f29-4f95-9f7e-3e93afa46e94,c1,DROP,1024,?,i12,
1769449880.6911504,SENT,73d8fa60-7f5a-4c0b-bf1d-dfd326ad0013,80d1080d-40e9-4aad-bf22-53f6e388b950,c5,DROP,1011,?,i3,
1769449880.691192,FORWARDED,73d8fa60-7f5a-4c0b-bf1d-dfd326ad0013,80d1080d-40e9-4aad-bf22-53f6e388b950,c5,DROP,1011,?,i3,
1769449880.7545323,RECEIVED,7ceeddc8-bb29-4792-92f8-5f2cb40df4ce,1d6d06f8-efeb-4dee-b5a2-d0e66c6e1ba1,c4,DROP,1452,p1,?,
1769449880.7854774,SENT,9a460c90-24a8-4e5a-906c-c4a0b1e23b14,6e9af8e7-0f0c-4d42-81a1-ab2365b5d182,c2,c1,1765,?,i11,
1769449880.7855191,FORWARDED,9a460c90-24a8-4e5a-906c-c4a0b1e23b14,6e9af8e7-0f0c-4d42-81a1-ab2365b5d182,c2,c1,1765,?,i11,
1769449880.9943967,RECEIVED,8a5048eb-d910-45b8-96f1-4a39c340b170,c8796c4f-b810-49f6-89b2-b79f867ea620,c5,c4,2460,p2,?,
1769449881.0258107,SENT,7ceeddc8-bb29-4792-92f8-5f2cb40df4ce,1d6d06f8-efeb-4dee-b5a2-d0e66c6e1ba1,c4,DROP,1015,?,i10,
1769449881.0258527,FORWARDED,7ceeddc8-bb29-4792-92f8-5f2cb40df4ce,1d6d06f8-efeb-4dee-b5a2-d0e66c6e1ba1,c4,DROP,1015,?,i10,
1769449881.1682718,SENT,8a5048eb-d910-45b8-96f1-4a39c340b170,c8796c4f-b810-49f6-89b2-b79f867ea620,c5,c4,1771,?,i9,
1769449881.1683145,FORWARDED,8a5048eb-d910-45b8-96f1-4a39c340b170,c8796c4f-b810-49f6-89b2-b79f867ea620,c5,c4,1771,?,i9,
1769449881.1938517,RECEIVED,e33d2319-b5c6-4c3e-9383-a08ac431f985,1957dea7-0093-4a1e-86ed-c79101a0f3ea,c1,DROP,441,x12,?,
1769449881.213878,RECEIVED,8b6fbe84-e568-4ef2-bd82-c5db18faa67c,4da9ee0b-0d22-4c58-a777-60d6f4378c81,c2,c1,2476,p2,?,
1769449881.3056116,RECEIVED,9b3be988-00a4-405b-9865-539068665a53,fd0a8983-8b68-40cc-9b01-5fb7970e105d,c2,DROP,1441,p2,?,
1769449881.4008706,SENT,9b3be988-00a4-405b-9865-539068665a53,fd0a8983-8b68-40cc-9b01-5fb7970e105d,c2,DROP,1007,?,i11,
1769449881.4009159,FORWARDED,9b3be988-00a4-405b-9865-539068665a53,fd0a8983-8b68-40cc-9b01-5fb7970e105d,c2,DROP,1007,?,i11,
1769449881.4286292,SENT,8b6fbe84-e568-4ef2-bd82-c5db18faa67c,4da9ee0b-0d22-4c58-a777-60d6f4378c81,c2,c1,1784,?,i1,
1769449881.4286704,FORWARDED,8b6fbe84-e568-4ef2-bd82-c5db18faa67c,4da9ee0b-0d22-4c58-a777-60d6f4378c81,c2,c1,1784,?,i1,
1769449881.6348486,RECEIVED,0d385665-ec5f-457f-ba44-689a0c0ca7b4,76155343-5300-4688-88d2-66e30ace79bd,c3,DROP,1448,p3,?,
1769449881.739523,RECEIVED,0ec6f85c-1d46-46b8-9e87-6729f652f7bb,dec88c3b-5e71-4b92-b92b-31f264bdb134,c1,DROP,442,x12,?,
1769449881.770822,SENT,0d385665-ec5f-457f-ba44-689a0c0ca7b4,76155343-5300-4688-88d2-66e30ace79bd,c3,DROP,1012,?,i3,
1769449881.7708662,FORWARDED,0d385665-ec5f-457f-ba44-689a0c0ca7b4,76155343-5300-4688-88d2-66e30ace79bd,c3,DROP,1012,?,i3,
1769449882.0307763,RECEIVED,b389b69d-9104-4125-b0dd-85bda42d5002,7136408b-c949-4a17-be1f-8ece2eb7e21a,c1,c3,2474,p1,?,
1769449882.0758781,RECEIVED,3c82b4b6-dbd2-4048-8453-7e04f4adce85,38d4291b-5106-4bc0-a740-0de654f5d4c0,c1,DROP,1439,p1,?,
1769449882.3704343,RECEIVED,d38b1cf9-a585-4101-9706-58eff7170dae,5ccb3736-9015-4e17-acd9-624caad051da,c3,c5,2451,p3,?,
1769449882.473682,SENT,d38b1cf9-a585-4101-9706-58eff7170dae,5ccb3736-9015-4e17-acd9-624caad051da,c3,c5,1766,?,i6,
1769449882.4737215,FORWARDED,d38b1cf9-a585-4101-9706-58eff7170dae,5ccb3736-9015-4e17-acd9-624caad051da,c3,c5,1766,?,i6,
1769449882.5015273,RECEIVED,a3d174e5-daa6-467d-959b-1e0220f48cd8,afc41034-a604-4600-8502-7166940ca659,c4,DROP,1444,p1,?,
1769449882.5910292,RECEIVED,a46942e2-9407-461b-a5b2-e7eb03cba074,dac81571-f676-455d-b201-fcbb851438fb,c1,DROP,1456,p1,?,
1769449882.874856,RECEIVED,a01545cb-d2cf-44d3-99f3-70f8c64f8f50,2348592b-cc0f-4e64-9893-2abcb62f26e5,c3,DROP,1438,p3,?,
1769449882.910058,RECEIVED,e24150ab-b67b-4be6-8884-71019b37074d,2e4eb2d3-f85b-4443-af42-791b18a6d060,c1,c3,2463,p1,?,
1769449882.9231808,RECEIVED,b2932ac7-6129-4268-9df6-5ecbe954a953,4650f2f5-aa83-489c-b4c3-51f8b01c957d,c1,DROP,1440,p1,?,
1769449882.9700582,RECEIVED,56fb7263-169a-4ae6-84b6-1a001fa878ef,16d4f9c2-8dc8-4604-bc8b-da63a5551428,c2,DROP,1448,p2,?,
1769449883.1663601,SENT,56fb7263-169a-4ae6-84b6-1a001fa878ef,16d4f9c2-8dc8-4604-bc8b-da63a5551428,c2,DROP,1012,?,i7,
1769449883.1664038,FORWARDED,56fb7263-169a-4ae6-84b6-1a001fa878ef,16d4f9c2-8dc8-4604-bc8b-da63a5551428,c2,DROP,1012,?,i7,
1769449883.2367125,RECEIVED,8e759e27-0351-4fec-bdf4-56105feca40e,0198bfa5-943a-4762-9611-6572f96549b8,c2,DROP,442,x10,?,
1769449883.3199599,SENT,a3d174e5-daa6-467d-959b-1e0220f48cd8,afc41034-a604-4600-8502-7166940ca659,c4,DROP,1011,?,i10,
1769449883.3199942,FORWARDED,a3d174e5-daa6-467d-959b-1e0220f48cd8,afc41034-a604-4600-8502-7166940ca659,c4,DROP,1011,?,i10,
1769449883.3806624,SENT,b2932ac7-6129-4268-9df6-5ecbe954a953,4650f2f5-aa83-489c-b4c3-51f8b01c957d,c1,DROP,1008,?,i8,
1769449883.3807063,FORWARDED,b2932ac7-6129-4268-9df6-5ecbe954a953,4650f2f5-aa83-489c-b4c3-51f8b01c957d,c1,DROP,1008,?,i8,
1769449883.3833463,RECEIVED,e864f123-de95-4342-8712-efec9263b58a,8da0aca4-793d-4754-995b-8a034d19883d,c2,DROP,442,x10,?,
1769449883.3999722,SENT,3c82b4b6-dbd2-4048-8453-7e04f4adce85,38d4291b-5106-4bc0-a740-0de654f5d4c0,c1,DROP,1007,?,i3,
1769449883.4000142,FORWARDED,3c82b4b6-dbd2-4048-8453-7e04f4adce85,38d4291b-5106-4bc0-a740-0de654f5d4c0,c1,DROP,1007,?,i3,
1769449883.4230855,RECEIVED,72d927b2-c44d-4b34-87a9-0283f5d40713,1763245a-cc82-4173-8143-a8f80526ef5e,c5,c4,2460,p2,?,
1769449883.4992986,RECEIVED,1376b84e-feb2-4b68-b423-ed88301fafe8,76ab9d84-b3df-4845-b9c8-e2c6c6229483,c5,DROP,1447,p2,?,
1769449883.5355136,RECEIVED,85816faf-ec95-43b0-9828-03760fefb305,bed7f0c2-42c7-4e9d-8a6e-61163d379378,c1,c3,2463,p1,?,
1769449883.540282,RECEIVED,f3dd213a-ec96-4ba6-8f9d-a994e2129a66,4affa804-ec66-43a7-941b-591751cd796f,c5,c4,2464,p2,?,
1769449883.592376,SENT,a46942e2-9407-461b-a5b2-e7eb03cba074,dac81571-f676-455d-b201-fcbb851438fb,c1,DROP,1020,?,i11,
1769449883.5924215,FORWARDED,a46942e2-9407-461b-a5b2-e7eb03cba074,dac81571-f676-455d-b201-fcbb851438fb,c1,DROP,1020,?,i11,
1769449883.6280394,SENT,b389b69d-9104-4125-b0dd-85bda42d5002,7136408b-c949-4a17-be1f-8ece2eb7e21a,c1,c3,1784,?,i9,
1769449883.628135,FORWARDED,b389b69d-9104-4125-b0dd-85bda42d5002,7136408b-c949-4a17-be1f-8ece2eb7e21a,c1,c3,1784,?,i9,
1769449883.6564834,RECEIVED,af99a816-a65e-421b-932f-e2795142b640,86a3d491-1bda-432f-9918-b65d2f33a17d,c5,DROP,1441,p2,?,
1769449883.7295685,SENT,1376b84e-feb2-4b68-b423-ed88301fafe8,76ab9d84-b3df-4845-b9c8-e2c6c6229483,c5,DROP,1014,?,i4,
1769449883.729611,FORWARDED,1376b84e-feb2-4b68-b423-ed88301fafe8,76ab9d84-b3df-4845-b9c8-e2c6c6229483,c5,DROP,1014,?,i4,
1769449883.808956,SENT,72d927b2-c44d-4b34-87a9-0283f5d40713,1763245a-cc82-4173-8143-a8f80526ef5e,c5,c4,1772,?,i12,
1769449883.8089907,FORWARDED,72d927b2-c44d-4b34-87a9-0283f5d40713,1763245a-cc82-4173-8143-a8f80526ef5e,c5,c4,1772,?,i12,
1769449883.866727,RECEIVED,5cc3934e-f5a6-42d9-b1b2-b1d8b73d91ea,8fc178bf-4331-401b-af00-89b0272d8019,c2,DROP,1439,p2,?,
1769449883.9742815,SENT,f3dd213a-ec96-4ba6-8f9d-a994e2129a66,4affa804-ec66-43a7-941b-591751cd796f,c5,c4,1775,?,i2,
1769449883.974323,FORWARDED,f3dd213a-ec96-4ba6-8f9d-a994e2129a66,4affa804-ec66-43a7-941b-591751cd796f,c5,c4,1775,?,i2,
1769449884.0385425,RECEIVED,583c2c01-7e59-445f-9304-0f2dda50c43a,8b3c1a31-dad7-406b-8f3b-a7add27c9f41,c3,c5,2469,p3,?,
1769449884.0390723,SENT,af99a816-a65e-421b-932f-e2795142b640,86a3d491-1bda-432f-9918-b65d2f33a17d,c5,DROP,1007,?,i12,
1769449884.0391133,FORWARDED,af99a816-a65e-421b-932f-e2795142b640,86a3d491-1bda-432f-9918-b65d2f33a17d,c5,DROP,1007,?,i12,
1769449884.049752,RECEIVED,6105b6d9-a2a6-45cc-a85c-83fb7eb523db,edc4695b-0dfa-408b-8f49-bd972a3e7212,c5,c4,2457,p2,?,
1769449884.074458,SENT,e24150ab-b67b-4be6-8884-71019b37074d,2e4eb2d3-f85b-4443-af42-791b18a6d060,c1,c3,1776,?,i7,
1769449884.0745,FORWARDED,e24150ab-b67b-4be6-8884-71019b37074d,2e4eb2d3-f85b-4443-af42-791b18a6d060,c1,c3,1776,?,i7,
1769449884.089989,SENT,6105b6d9-a2a6-45cc-a85c-83fb7eb523db,edc4695b-0dfa-408b-8f49-bd972a3e7212,c5,c4,1769,?,i2,
1769449884.0900288,FORWARDED,6105b6d9-a2a6-45cc-a85c-83fb7eb523db,edc4695b-0dfa-408b-8f49-bd972a3e7212,c5,c4,1769,?,i2,
1769449884.1028004,SENT,85816faf-ec95-43b0-9828-03760fefb305,bed7f0c2-42c7-4e9d-8a6e-61163d379378,c1,c3,1776,?,i2,
1769449884.1028473,FORWARDED,85816faf-ec95-43b0-9828-03760fefb305,bed7f0c2-42c7-4e9d-8a6e-61163d379378,c1,c3,1776,?,i2,
1769449884.1259098,RECEIVED,f27abaab-37cd-4164-a6c9-30f30669151b,e3682646-1897-4774-914b-a218886e4d9f,c2,DROP,1452,p2,?,
1769449884.139848,SENT,a01545cb-d2cf-44d3-99f3-70f8c64f8f50,2348592b-cc0f-4e64-9893-2abcb62f26e5,c3,DROP,1008,?,i12,
1769449884.1398914,FORWARDED,a01545cb-d2cf-44d3-99f3-70f8c64f8f50,2348592b-cc0f-4e64-9893-2abcb62f26e5,c3,DROP,1008,?,i12,
1769449884.1734712,SENT,f27abaab-37cd-4164-a6c9-30f30669151b,e3682646-1897-4774-914b-a218886e4d9f,c2,DROP,1015,?,i8,
1769449884.173515,FORWARDED,f27abaab-37cd-4164-a6c9-30f30669151b,e3682646-1897-4774-914b-a218886e4d9f,c2,DROP,1015,?,i8,
1769449884.1988506,SENT,583c2c01-7e59-445f-9304-0f2dda50c43a,8b3c1a31-dad7-406b-8f3b-a7add27c9f41,c3,c5,1779,?,i11,
1769449884.1988897,FORWARDED,583c2c01-7e59-445f-9304-0f2dda50c43a,8b3c1a31-dad7-406b-8f3b-a7add27c9f41,c3,c5,1779,?,i11,
1769449884.5657976,RECEIVED,cbb1c270-c5be-44fa-9799-00d2f9f21d74,71a024d2-5921-443d-992e-3edb7bf5bc22,c4,c5,2464,p1,?,
1769449884.6213803,SENT,cbb1c270-c5be-44fa-9799-00d2f9f21d74,71a024d2-5921-443d-992e-3edb7bf5bc22,c4,c5,1775,?,i6,
1769449884.6214225,FORWARDED,cbb1c270-c5be-44fa-9799-00d2f9f21d74,71a024d2-5921-443d-992e-3edb7bf5bc22,c4,c5,1775,?,i6,
1769449884.6734917,RECEIVED,fd4274c4-60fb-42e7-a0c0-d6e233dd9211,db985b68-3708-48dc-9b0f-5252626642a5,c2,c1,2472,p2,?,
1769449884.675294,SENT,5cc3934e-f5a6-42d9-b1b2-b1d8b73d91ea,8fc178bf-4331-401b-af00-89b0272d8019,c2,DROP,1006,?,i6,
1769449884.675334,FORWARDED,5cc3934e-f5a6-42d9-b1b2-b1d8b73d91ea,8fc178bf-4331-401b-af00-89b0272d8019,c2,DROP,1006,?,i6,
1769449884.8401275,RECEIVED,b5b0c558-0da8-4253-a6c8-10ae69ffa610,81588d5b-6dde-4e57-ac0f-64f628fdb987,c3,DROP,442,x1,?,
1769449884.8802667,SENT,fd4274c4-60fb-42e7-a0c0-d6e233dd9211,db985b68-3708-48dc-9b0f-5252626642a5,c2,c1,1780,?,i4,
1769449884.8803105,FORWARDED,fd4274c4-60fb-42e7-a0c0-d6e233dd9211,db985b68-3708-48dc-9b0f-5252626642a5,c2,c1,1780,?,i4,
1769449885.2397227,RECEIVED,20a4cbb7-422a-4050-a2db-e6182c4d1e81,f0d62adf-4360-46eb-bfb1-830c11bb9c25,c1,DROP,1447,p1,?,
1769449885.2843761,RECEIVED,339c4397-d3a2-4bf4-9ce7-78e57d34ed21,9053efb5-6196-4137-ae2c-266ce4141b6e,c3,c5,2456,p3,?,
1769449885.3391552,SENT,20a4cbb7-422a-4050-a2db-e6182c4d1e81,f0d62adf-4360-46eb-bfb1-830c11bb9c25,c1,DROP,1012,?,i8,
1769449885.339198,FORWARDED,20a4cbb7-422a-4050-a2db-e6182c4d1e81,f0d62adf-4360-46eb-bfb1-830c11bb9c25,c1,DROP,1012,?,i8,
1769449885.5026174,RECEIVED,f8be12ed-6094-49f1-9b68-690f71ce6f7b,df7796f6-4968-4d8f-8cc9-8c12d2f67011,c3,DROP,1457,p3,?,
1769449885.5195854,SENT,339c4397-d3a2-4bf4-9ce7-78e57d34ed21,9053efb5-6196-4137-ae2c-266ce4141b6e,c3,c5,1769,?,i9,
1769449885.5196261,FORWARDED,339c4397-d3a2-4bf4-9ce7-78e57d34ed21,9053efb5-6196-4137-ae2c-266ce4141b6e,c3,c5,1769,?,i9,
1769449885.5505128,SENT,f8be12ed-6094-49f1-9b68-690f71ce6f7b,df7796f6-4968-4d8f-8cc9-8c12d2f67011,c3,DROP,1019,?,i10,
1769449885.5505486,FORWARDED,f8be12ed-6094-49f1-9b68-690f71ce6f7b,df7796f6-4968-4d8f-8cc9-8c12d2f67011,c3,DROP,1019,?,i10,
1769449885.801859,RECEIVED,0830fa97-038d-4abc-892e-e13832cd563c,517ac3d3-4b43-41b5-b75b-ff6e5bb78623,c3,DROP,441,x11,?,
1769449885.8408566,RECEIVED,61ea901b-e897-4a41-8cb0-73e8d55375b9,d8e05156-cbdb-4a46-b423-5ce8b07025e4,c2,DROP,1451,p2,?,
1769449886.2154512,RECEIVED,457f3e9c-0463-477b-80ea-a44f175f91e5,12ee5457-69cd-47dd-ab5e-71dad93ca313,c1,DROP,441,x10,?,
1769449886.270547,RECEIVED,b30cae7d-e72f-4f5c-85ca-c4eadfd73a72,12c30c21-76ff-40b2-9338-50f0c63d9528,c3,DROP,1453,p3,?,
1769449886.3784976,RECEIVED,8cbfeb20-ab94-418c-a343-bca51a327dc5,fac73f75-1dd7-4ffe-9bc4-4be35e73fc52,c1,DROP,1450,p1,?,
1769449886.4989452,SENT,b30cae7d-e72f-4f5c-85ca-c4eadfd73a72,12c30c21-76ff-40b2-9338-50f0c63d9528,c3,DROP,1015,?,i11,
1769449886.4989848,FORWARDED,b30cae7d-e72f-4f5c-85ca-c4eadfd73a72,12c30c21-76ff-40b2-9338-50f0c63d9528,c3,DROP,1015,?,i11,
1769449886.578488,RECEIVED,abc0c571-0675-44bd-94a4-55839bf66f36,dc939419-3e10-464a-bef7-4f08811e3906,c3,DROP,1438,p3,?,
1769449886.6214623,SENT,61ea901b-e897-4a41-8cb0-73e8d55375b9,d8e05156-cbdb-4a46-b423-5ce8b07025e4,c2,DROP,1016,?,i8,
1769449886.6215045,FORWARDED,61ea901b-e897-4a41-8cb0-73e8d55375b9,d8e05156-cbdb-4a46-b423-5ce8b07025e4,c2,DROP,1016,?,i8,
1769449886.6478357,RECEIVED,2c90ce40-4654-4d11-9041-26363ff686af,f6d0b1c5-8333-4344-9aa8-e3eb23dd9903,c4,DROP,442,x7,?,
1769449886.7007732,RECEIVED,a54a5ac5-3461-440e-9a9c-3090ba94291b,3507507a-10b8-4d98-bbdd-8de8cc350b6c,c4,DROP,1438,p1,?,
1769449886.8105342,RECEIVED,450e8ade-de2a-4d9e-a797-8a87de6cc569,85c7cff8-3781-4d3b-bc4d-5c1a3117d092,c5,c4,2465,p2,?,
1769449886.8218663,RECEIVED,103f4954-7e45-4590-bce4-12d5a9dd26cc,e2e048b4-11be-4f80-addd-9dacdbfed71f,c2,DROP,1444,p2,?,
1769449886.89891,RECEIVED,a19d0770-4240-4ad2-9ba6-801a6783e1a0,827a0fbd-ff26-401c-9bd0-53f1794e2581,c4,c5,2468,p1,?,
1769449886.9309304,RECEIVED,bff47c95-2d6f-45d2-bf54-34a1c77175ae,1cb433cd-834f-4105-838e-029085da080f,c4,DROP,447,x12,?,
1769449886.9687216,SENT,a19d0770-4240-4ad2-9ba6-801a6783e1a0,827a0fbd-ff26-401c-9bd0-53f1794e2581,c4,c5,1777,?,i7,
1769449886.9687638,FORWARDED,a19d0770-4240-4ad2-9ba6-801a6783e1a0,827a0fbd-ff26-401c-9bd0-53f1794e2581,c4,c5,1777,?,i7,
1769449887.0087082,SENT,450e8ade-de2a-4d9e-a797-8a87de6cc569,85c7cff8-3781-4d3b-bc4d-5c1a3117d092,c5,c4,1775,?,i10,
1769449887.008751,FORWARDED,450e8ade-de2a-4d9e-a797-8a87de6cc569,85c7cff8-3781-4d3b-bc4d-5c1a3117d092,c5,c4,1775,?,i10,
1769449887.0264063,RECEIVED,6b40b334-bac6-48de-9e05-36bdd5f93189,00ab99c6-1e79-45cf-a8da-d0ac43751f3e,c3,c5,2440,p3,?,
1769449887.0282266,SENT,103f4954-7e45-4590-bce4-12d5a9dd26cc,e2e048b4-11be-4f80-addd-9dacdbfed71f,c2,DROP,1011,?,i4,
1769449887.028267,FORWARDED,103f4954-7e45-4590-bce4-12d5a9dd26cc,e2e048b4-11be-4f80-addd-9dacdbfed71f,c2,DROP,1011,?,i4,
1769449887.0499365,RECEIVED,4c408955-ace0-4fe5-be49-ef9865b40915,eb102e97-81c7-424f-b4a5-8405b8141ee1,c2,DROP,1440,p2,?,
1769449887.064948,RECEIVED,f1bfcba6-91f4-419f-b623-a1c441aebb3a,f3964d3c-c2d2-4934-af1a-c40c06146c92,c3,DROP,1439,p3,?,
1769449887.0897472,RECEIVED,22c5e800-beed-44f7-a3ed-2305d4999a52,056b4b71-8798-47fb-b757-e4645a6bf565,c1,DROP,1449,p1,?,
1769449887.108684,SENT,22c5e800-beed-44f7-a3ed-2305d4999a52,056b4b71-8798-47fb-b757-e4645a6bf565,c1,DROP,1012,?,i3,
1769449887.108722,FORWARDED,22c5e800-beed-44f7-a3ed-2305d4999a52,056b4b71-8798-47fb-b757-e4645a6bf565,c1,DROP,1012,?,i3,
1769449887.1139355,SENT,abc0c571-0675-44bd-94a4-55839bf66f36,dc939419-3e10-464a-bef7-4f08811e3906,c3,DROP,1007,?,i9,
1769449887.1139758,FORWARDED,abc0c571-0675-44bd-94a4-55839bf66f36,dc939419-3e10-464a-bef7-4f08811e3906,c3,DROP,1007,?,i9,
1769449887.144738,SENT,8cbfeb20-ab94-418c-a343-bca51a327dc5,fac73f75-1dd7-4ffe-9bc4-4be35e73fc52,c1,DROP,1015,?,i3,
1769449887.1450326,FORWARDED,8cbfeb20-ab94-418c-a343-bca51a327dc5,fac73f75-1dd7-4ffe-9bc4-4be35e73fc52,c1,DROP,1015,?,i3,
1769449887.1847663,RECEIVED,966e2dbf-fa56-4e55-8ee9-f772d19a77d1,3de1142a-3a26-4aec-8799-4212fcf4c566,c1,DROP,1440,p1,?,
1769449887.249915,SENT,4c408955-ace0-4fe5-be49-ef9865b40915,eb102e97-81c7-424f-b4a5-8405b8141ee1,c2,DROP,1007,?,i8,
1769449887.2499554,FORWARDED,4c408955-ace0-4fe5-be49-ef9865b40915,eb102e97-81c7-424f-b4a5-8405b8141ee1,c2,DROP,1007,?,i8,
1769449887.3037152,RECEIVED,0df52005-5493-4756-a81e-dca3b0ef1d43,3eae6abe-231b-4d41-8aec-e4c532ec45c3,c5,DROP,1440,p2,?,
1769449887.3725367,RECEIVED,0f25d3d0-085c-4f00-8ecf-6f1a2ca0fde7,d4bc686d-7d52-432c-b5a9-a3bfefdf389b,c5,c4,2467,p2,?,
1769449887.3834987,SENT,6b40b334-bac6-48de-9e05-36bdd5f93189,00ab99c6-1e79-45cf-a8da-d0ac43751f3e,c3,c5,1758,?,i3,
1769449887.3835425,FORWARDED,6b40b334-bac6-48de-9e05-36bdd5f93189,00ab99c6-1e79-45cf-a8da-d0ac43751f3e,c3,c5,1758,?,i3,
1769449887.4516633,RECEIVED,94b41320-0710-4a12-a2f4-5a6d7a18c0f1,9dcb7036-0b33-4792-8afd-983e192f7c9f,c2,DROP,442,x8,?,
1769449887.499325,RECEIVED,ed3e14a7-7b06-407f-8a32-b46e1593cac5,bfd35d9e-b10a-4212-9f1d-b14970abe907,c1,DROP,1451,p1,?,
1769449887.6659803,SENT,966e2dbf-fa56-4e55-8ee9-f772d19a77d1,3de1142a-3a26-4aec-8799-4212fcf4c566,c1,DROP,1007,?,i2,
1769449887.6660175,FORWARDED,966e2dbf-fa56-4e55-8ee9-f772d19a77d1,3de1142a-3a26-4aec-8799-4212fcf4c566,c1,DROP,1007,?,i2,
1769449887.6793904,RECEIVED,288c60d0-9262-45bc-8a0a-7100a9a98e7a,1032df94-5144-4b7f-9ad0-1b0e59989661,c2,DROP,442,x2,?,
1769449887.7981925,RECEIVED,bd13e418-f6aa-47a2-b666-9da1c938799f,d2bbc605-bb04-4127-b940-aded36284d76,c2,DROP,441,x10,?,
1769449887.7991424,RECEIVED,0d7d8311-f46b-438f-b623-56abece47de4,fc5bb414-7d75-4c0a-a535-ec93e785711a,c3,DROP,1444,p3,?,
1769449887.9603968,SENT,0d7d8311-f46b-438f-b623-56abece47de4,fc5bb414-7d75-4c0a-a535-ec93e785711a,c3,DROP,1011,?,i4,
1769449887.9604347,FORWARDED,0d7d8311-f46b-438f-b623-56abece47de4,fc5bb414-7d75-4c0a-a535-ec93e785711a,c3,DROP,1011,?,i4,
1769449887.986219,RECEIVED,3c8faab1-5cd7-422d-bc5d-990d5dd99085,4b9dba05-8019-4184-9bb4-3aecc99cc27c,c1,c3,2463,p1,?,
1769449888.0002475,SENT,f1bfcba6-91f4-419f-b623-a1c441aebb3a,f3964d3c-c2d2-4934-af1a-c40c06146c92,c3,DROP,1007,?,i9,
1769449888.0002897,FORWARDED,f1bfcba6-91f4-419f-b623-a1c441aebb3a,f3964d3c-c2d2-4934-af1a-c40c06146c92,c3,DROP,1007,?,i9,
1769449888.0156476,RECEIVED,e7ab6f35-59c1-4803-98e6-bc127d65bff0,2e75fa09-a1da-4949-8bd5-17eda58b6069,c3,DROP,1439,p3,?,
1769449888.058615,SENT,0f25d3d0-085c-4f00-8ecf-6f1a2ca0fde7,d4bc686d-7d52-432c-b5a9-a3bfefdf389b,c5,c4,1779,?,i7,
1769449888.0586514,FORWARDED,0f25d3d0-085c-4f00-8ecf-6f1a2ca0fde7,d4bc686d-7d52-432c-b5a9-a3bfefdf389b,c5,c4,1779,?,i7,
1769449888.0824435,SENT,0df52005-5493-4756-a81e-dca3b0ef1d43,3eae6abe-231b-4d41-8aec-e4c532ec45c3,c5,DROP,1006,?,i11,
1769449888.0824854,FORWARDED,0df52005-5493-4756-a81e-dca3b0ef1d43,3eae6abe-231b-4d41-8aec-e4c532ec45c3,c5,DROP,1006,?,i11,
1769449888.34673,RECEIVED,15120efc-be16-4bd2-ab3c-df5ab475e6c7,f5c87a43-bb7c-4aca-9375-0b9c40a31d25,c2,DROP,1439,p2,?,
1769449888.3823614,RECEIVED,8f923824-8c4e-4afc-82ad-59082de1ed4c,3367253b-72ad-41bc-bc7c-2fdb532911a0,c2,DROP,1447,p2,?,
1769449888.5771058,RECEIVED,20748de7-44d9-4ccc-8a40-469aae7a7e99,80475669-a49b-4edc-b29f-ebd7e1af1c03,c1,DROP,1439,p1,?,
1769449888.6128561,SENT,15120efc-be16-4bd2-ab3c-df5ab475e6c7,f5c87a43-bb7c-4aca-9375-0b9c40a31d25,c2,DROP,1007,?,i7,
1769449888.612894,FORWARDED,15120efc-be16-4bd2-ab3c-df5ab475e6c7,f5c87a43-bb7c-4aca-9375-0b9c40a31d25,c2,DROP,1007,?,i7,
1769449888.6876876,RECEIVED,ad69f3e7-66a8-4e45-930e-2560aea7175f,145d5c2d-04b3-45e6-ad97-9806bc466bac,c5,DROP,1447,p2,?,
1769449888.6908407,RECEIVED,f75c30d6-25b1-487c-977a-169d9438e915,a2628e08-64f7-4f89-bcfc-d67564f442e8,c1,DROP,1444,p1,?,
1769449888.8207476,RECEIVED,c4ca2963-c251-4954-ae8b-589d0b9e0a7e,fa449671-d99f-481f-926e-4e07e6bc183e,c2,c1,2459,p2,?,
1769449888.8707185,SENT,f75c30d6-25b1-487c-977a-169d9438e915,a2628e08-64f7-4f89-bcfc-d67564f442e8,c1,DROP,1009,?,i6,
1769449888.8707602,FORWARDED,f75c30d6-25b1-487c-977a-169d9438e915,a2628e08-64f7-4f89-bcfc-d67564f442e8,c1,DROP,1009,?,i6,
1769449888.9281487,SENT,8f923824-8c4e-4afc-82ad-59082de1ed4c,3367253b-72ad-41bc-bc7c-2fdb532911a0,c2,DROP,1014,?,i1,
1769449888.9281895,FORWARDED,8f923824-8c4e-4afc-82ad-59082de1ed4c,3367253b-72ad-41bc-bc7c-2fdb532911a0,c2,DROP,1014,?,i1,
1769449888.9406202,SENT,3c8faab1-5cd7-422d-bc5d-990d5dd99085,4b9dba05-8019-4184-9bb4-3aecc99cc27c,c1,c3,1776,?,i7,
1769449888.94066,FORWARDED,3c8faab1-5cd7-422d-bc5d-990d5dd99085,4b9dba05-8019-4184-9bb4-3aecc99cc27c,c1,c3,1776,?,i7,
1769449889.0548954,SENT,a54a5ac5-3461-440e-9a9c-3090ba94291b,3507507a-10b8-4d98-bbdd-8de8cc350b6c,c4,DROP,1008,?,i8,
1769449889.0549383,FORWARDED,a54a5ac5-3461-440e-9a9c-3090ba94291b,3507507a-10b8-4d98-bbdd-8de8cc350b6c,c4,DROP,1008,?,i8,
1769449889.1092985,RECEIVED,feba65ad-c8a2-429d-8e57-f71fc62881e2,5af70f42-d659-4fa7-ba17-d0981f344b0e,c4,c5,2460,p1,?,
1769449889.1436234,SENT,20748de7-44d9-4ccc-8a40-469aae7a7e99,80475669-a49b-4edc-b29f-ebd7e1af1c03,c1,DROP,1007,?,i4,
1769449889.143661,FORWARDED,20748de7-44d9-4ccc-8a40-469aae7a7e99,80475669-a49b-4edc-b29f-ebd7e1af1c03,c1,DROP,1007,?,i4,
1769449889.1649442,SENT,e7ab6f35-59c1-4803-98e6-bc127d65bff0,2e75fa09-a1da-4949-8bd5-17eda58b6069,c3,DROP,1007,?,i6,
1769449889.1649837,FORWARDED,e7ab6f35-59c1-4803-98e6-bc127d65bff0,2e75fa09-a1da-4949-8bd5-17eda58b6069,c3,DROP,1007,?,i6,
1769449889.252412,SENT,feba65ad-c8a2-429d-8e57-f71fc62881e2,5af70f42-d659-4fa7-ba17-d0981f344b0e,c4,c5,1773,?,i8,
1769449889.2524536,FORWARDED,feba65ad-c8a2-429d-8e57-f71fc62881e2,5af70f42-d659-4fa7-ba17-d0981f344b0e,c4,c5,1773,?,i8,
1769449889.2768586,RECEIVED,ebf03776-dd18-4bc8-aeb1-d57f47aaacbd,8971693a-29d0-40e3-8f86-4707fa8e3633,c5,c4,2469,p2,?,
1769449889.30403,RECEIVED,c49cad20-c376-442c-9984-c162f971d2b6,13b89846-3df5-4d8d-a86f-2f445088ac9a,c2,DROP,1441,p2,?,
1769449889.3369114,SENT,ebf03776-dd18-4bc8-aeb1-d57f47aaacbd,8971693a-29d0-40e3-8f86-4707fa8e3633,c5,c4,1779,?,i8,
1769449889.3369493,FORWARDED,ebf03776-dd18-4bc8-aeb1-d57f47aaacbd,8971693a-29d0-40e3-8f86-4707fa8e3633,c5,c4,1779,?,i8,
1769449889.338463,SENT,c49cad20-c376-442c-9984-c162f971d2b6,13b89846-3df5-4d8d-a86f-2f445088ac9a,c2,DROP,1008,?,i3,
1769449889.3385017,FORWARDED,c49cad20-c376-442c-9984-c162f971d2b6,13b89846-3df5-4d8d-a86f-2f445088ac9a,c2,DROP,1008,?,i3,
1769449889.3440337,SENT,ad69f3e7-66a8-4e45-930e-2560aea7175f,145d5c2d-04b3-45e6-ad97-9806bc466bac,c5,DROP,1012,?,i9,
1769449889.344085,FORWARDED,ad69f3e7-66a8-4e45-930e-2560aea7175f,145d5c2d-04b3-45e6-ad97-9806bc466bac,c5,DROP,1012,?,i9,
1769449889.3878746,RECEIVED,3dd6aa60-eccd-45f2-b1bc-c5fc1021348b,fb2eb165-11ed-47de-83b3-7bb2e18a627d,c2,c1,2463,p2,?,
1769449889.5929008,SENT,c4ca2963-c251-4954-ae8b-589d0b9e0a7e,fa449671-d99f-481f-926e-4e07e6bc183e,c2,c1,1772,?,i7,
1769449889.5929506,FORWARDED,c4ca2963-c251-4954-ae8b-589d0b9e0a7e,fa449671-d99f-481f-926e-4e07e6bc183e,c2,c1,1772,?,i7,
1769449889.7894416,RECEIVED,ac3b4181-ded6-4471-a5d6-c9803a0a2a39,0fcb17f7-e666-4583-8cad-dbaf884dfac5,c2,DROP,442,x1,?,
1769449889.9239895,SENT,ed3e14a7-7b06-407f-8a32-b46e1593cac5,bfd35d9e-b10a-4212-9f1d-b14970abe907,c1,DROP,1017,?,i3,
1769449889.92404,FORWARDED,ed3e14a7-7b06-407f-8a32-b46e1593cac5,bfd35d9e-b10a-4212-9f1d-b14970abe907,c1,DROP,1017,?,i3,
1769449889.9719262,SENT,3dd6aa60-eccd-45f2-b1bc-c5fc1021348b,fb2eb165-11ed-47de-83b3-7bb2e18a627d,c2,c1,1775,?,i5,
1769449889.971973,FORWARDED,3dd6aa60-eccd-45f2-b1bc-c5fc1021348b,fb2eb165-11ed-47de-83b3-7bb2e18a627d,c2,c1,1775,?,i5,
1769449889.97228,RECEIVED,2ec0f09e-43aa-4755-879c-9d3455354783,403d37ae-707a-475f-8261-80dc3f8c9e9e,c5,DROP,1446,p2,?,
1769449890.2221723,RECEIVED,3f3e4e4d-d879-4e62-8264-61963b183caf,5cd46acc-29f4-4867-b2f2-a40ee5b0471b,c4,DROP,1447,p1,?,
1769449890.2338858,SENT,2ec0f09e-43aa-4755-879c-9d3455354783,403d37ae-707a-475f-8261-80dc3f8c9e9e,c5,DROP,1012,?,i8,
1769449890.2339294,FORWARDED,2ec0f09e-43aa-4755-879c-9d3455354783,403d37ae-707a-475f-8261-80dc3f8c9e9e,c5,DROP,1012,?,i8,
1769449890.5949156,SENT,3f3e4e4d-d879-4e62-8264-61963b183caf,5cd46acc-29f4-4867-b2f2-a40ee5b0471b,c4,DROP,1013,?,i8,
1769449890.594959,FORWARDED,3f3e4e4d-d879-4e62-8264-61963b183caf,5cd46acc-29f4-4867-b2f2-a40ee5b0471b,c4,DROP,1013,?,i8,
1769449890.8479333,RECEIVED,17311079-aea6-436f-8d80-c1276176bc0e,f1700f19-ae14-4ed3-80ef-f3c49480d276,c5,DROP,1439,p2,?,
1769449890.8997226,RECEIVED,dd8ae12a-1561-4fd5-ad1b-5c99bdeefad1,93ced82b-ab7e-49b6-ab7e-2f5ec2360548,c4,c5,2458,p1,?,
1769449891.0257745,RECEIVED,e4e23bcb-f94a-42cb-b593-b4cb63da2833,6066152e-3bc0-4bfb-ba45-d600ebaddf79,c5,DROP,442,x1,?,
1769449891.175253,RECEIVED,b98cb681-4755-461e-af59-33bb9723e6e7,89bf780b-1114-4c75-bca8-4738c34f54c4,c3,DROP,1436,p3,?,
1769449891.2477558,SENT,b98cb681-4755-461e-af59-33bb9723e6e7,89bf780b-1114-4c75-bca8-4738c34f54c4,c3,DROP,1004,?,i2,
1769449891.2477903,FORWARDED,b98cb681-4755-461e-af59-33bb9723e6e7,89bf780b-1114-4c75-bca8-4738c34f54c4,c3,DROP,1004,?,i2,
1769449891.6847696,SENT,17311079-aea6-436f-8d80-c1276176bc0e,f1700f19-ae14-4ed3-80ef-f3c49480d276,c5,DROP,1007,?,i2,
1769449891.6848133,FORWARDED,17311079-aea6-436f-8d80-c1276176bc0e,f1700f19-ae14-4ed3-80ef-f3c49480d276,c5,DROP,1007,?,i2,
1769449891.9182236,RECEIVED,2125a0ca-ab65-4aa7-bec9-aba0b07f2dcc,914f0576-3e7a-444d-9458-f475b346b661,c4,c5,2466,p1,?,
1769449891.9375129,RECEIVED,9f1c622f-b4ce-4145-b0b7-e050da7e7d18,50c9179a-379e-4082-a518-5617d827114a,c3,DROP,1439,p3,?,
1769449892.010299,RECEIVED,95830696-9f34-408e-8bb2-3a3535ef008a,fa1b2cd2-f40e-4bfb-b048-430e0b5a817c,c4,DROP,1445,p1,?,
1769449892.0796022,RECEIVED,8ddd9797-2c0d-48d9-8da5-55ac339769e3,8844af92-fbbc-4a53-af08-863d76e7f18f,c4,DROP,1443,p1,?,
1769449892.1064913,SENT,95830696-9f34-408e-8bb2-3a3535ef008a,fa1b2cd2-f40e-4bfb-b048-430e0b5a817c,c4,DROP,1009,?,i12,
1769449892.1065342,FORWARDED,95830696-9f34-408e-8bb2-3a3535ef008a,fa1b2cd2-f40e-4bfb-b048-430e0b5a817c,c4,DROP,1009,?,i12,
1769449892.5257084,RECEIVED,b0138ad9-9305-4a53-b893-87805f41f1ac,72843955-75e6-4fa7-8217-bc5c6ed0dd13,c4,c5,2460,p1,?,
1769449892.763388,SENT,8ddd9797-2c0d-48d9-8da5-55ac339769e3,8844af92-fbbc-4a53-af08-863d76e7f18f,c4,DROP,1011,?,i3,
1769449892.7634294,FORWARDED,8ddd9797-2c0d-48d9-8da5-55ac339769e3,8844af92-fbbc-4a53-af08-863d76e7f18f,c4,DROP,1011,?,i3,
1769449892.8317604,SENT,b0138ad9-9305-4a53-b893-87805f41f1ac,72843955-75e6-4fa7-8217-bc5c6ed0dd13,c4,c5,1771,?,i9,
1769449892.8318026,FORWARDED,b0138ad9-9305-4a53-b893-87805f41f1ac,72843955-75e6-4fa7-8217-bc5c6ed0dd13,c4,c5,1771,?,i9,
1769449892.878031,SENT,9f1c622f-b4ce-4145-b0b7-e050da7e7d18,50c9179a-379e-4082-a518-5617d827114a,c3,DROP,1007,?,i9,
1769449892.8780918,FORWARDED,9f1c622f-b4ce-4145-b0b7-e050da7e7d18,50c9179a-379e-4082-a518-5617d827114a,c3,DROP,1007,?,i9,
1769449892.970309,RECEIVED,185cd156-4b6a-46e4-9c52-d6aaf1bb6b1a,dd93a28e-6696-417d-896f-4e76a052ea02,c2,c1,2472,p2,?,
1769449893.059403,RECEIVED,aba7b869-b8b3-476c-a35b-8a5ad6d4d117,01eb810c-4c76-4bfd-aba3-2cb2f851f44f,c2,c1,2460,p2,?,
1769449893.1095808,RECEIVED,d4d4f957-7a1c-4dde-89b0-67e8fa146685,a62ab9d3-3f16-4134-9a2a-5efd20268d1c,c3,DROP,1443,p3,?,
1769449893.1201963,SENT,185cd156-4b6a-46e4-9c52-d6aaf1bb6b1a,dd93a28e-6696-417d-896f-4e76a052ea02,c2,c1,1781,?,i9,
1769449893.1202474,FORWARDED,185cd156-4b6a-46e4-9c52-d6aaf1bb6b1a,dd93a28e-6696-417d-896f-4e76a052ea02,c2,c1,1781,?,i9,
1769449893.2054763,SENT,2125a0ca-ab65-4aa7-bec9-aba0b07f2dcc,914f0576-3e7a-444d-9458-f475b346b661,c4,c5,1777,?,i3,
1769449893.2055144,FORWARDED,2125a0ca-ab65-4aa7-bec9-aba0b07f2dcc,914f0576-3e7a-444d-9458-f475b346b661,c4,c5,1777,?,i3,
1769449893.23385,SENT,aba7b869-b8b3-476c-a35b-8a5ad6d4d117,01eb810c-4c76-4bfd-aba3-2cb2f851f44f,c2,c1,1771,?,i9,
1769449893.2338982,FORWARDED,aba7b869-b8b3-476c-a35b-8a5ad6d4d117,01eb810c-4c76-4bfd-aba3-2cb2f851f44f,c2,c1,1771,?,i9,
1769449893.4407063,RECEIVED,f3130c54-5011-45ee-b71b-4eef272ff636,0cd37ad2-bb78-4aa3-91d7-6dee8067a35c,c1,DROP,1451,p1,?,
1769449893.4627478,RECEIVED,2298ddb7-e086-4e11-b5e7-245f42e8cbfe,3d338f41-c9f0-4edd-b364-1fa578a7d8c1,c1,DROP,1444,p1,?,
1769449893.535426,SENT,dd8ae12a-1561-4fd5-ad1b-5c99bdeefad1,93ced82b-ab7e-49b6-ab7e-2f5ec2360548,c4,c5,1771,?,i8,
1769449893.5354688,FORWARDED,dd8ae12a-1561-4fd5-ad1b-5c99bdeefad1,93ced82b-ab7e-49b6-ab7e-2f5ec2360548,c4,c5,1771,?,i8,
1769449893.7956169,RECEIVED,ca6af891-5046-4b2c-a0e3-23792b7f4de8,ad2ea7f6-1126-42fe-bc87-8672efa4be23,c5,c4,2471,p2,?,
1769449893.806428,SENT,d4d4f957-7a1c-4dde-89b0-67e8fa146685,a62ab9d3-3f16-4134-9a2a-5efd20268d1c,c3,DROP,1009,?,i7,
1769449893.8064706,FORWARDED,d4d4f957-7a1c-4dde-89b0-67e8fa146685,a62ab9d3-3f16-4134-9a2a-5efd20268d1c,c3,DROP,1009,?,i7,
1769449893.9419348,SENT,ca6af891-5046-4b2c-a0e3-23792b7f4de8,ad2ea7f6-1126-42fe-bc87-8672efa4be23,c5,c4,1781,?,i9,
1769449893.9419725,FORWARDED,ca6af891-5046-4b2c-a0e3-23792b7f4de8,ad2ea7f6-1126-42fe-bc87-8672efa4be23,c5,c4,1781,?,i9,
1769449894.1757522,RECEIVED,45e76481-5bb3-4aaa-a3d1-678efb5d83a7,9b1ac19e-bd38-433a-a275-f6f4f95bedf8,c4,c5,2463,p1,?,
1769449894.4473357,RECEIVED,42ec5c0e-56b9-4a39-be60-75febdf07add,cbf26f52-97b8-4cd7-aeae-a693c68b823d,c4,DROP,1448,p1,?,
1769449894.4662158,RECEIVED,a5863e2d-0193-46cb-99a6-5f5b72308e17,5dbbbc26-cbd5-4970-868c-8cb5ea831944,c4,DROP,1441,p1,?,
1769449894.5195715,RECEIVED,c9c16d04-c9a7-4de9-a1fe-b5dd13937ae2,41f6804a-9f70-4783-b6d8-b4527e22d17e,c1,c3,2467,p1,?,
1769449894.5461283,SENT,a5863e2d-0193-46cb-99a6-5f5b72308e17,5dbbbc26-cbd5-4970-868c-8cb5ea831944,c4,DROP,1007,?,i7,
1769449894.5461686,FORWARDED,a5863e2d-0193-46cb-99a6-5f5b72308e17,5dbbbc26-cbd5-4970-868c-8cb5ea831944,c4,DROP,1007,?,i7,
1769449894.6773853,SENT,45e76481-5bb3-4aaa-a3d1-678efb5d83a7,9b1ac19e-bd38-433a-a275-f6f4f95bedf8,c4,c5,1775,?,i9,
1769449894.6774352,FORWARDED,45e76481-5bb3-4aaa-a3d1-678efb5d83a7,9b1ac19e-bd38-433a-a275-f6f4f95bedf8,c4,c5,1775,?,i9,
1769449894.7892895,RECEIVED,83936a82-b98a-480e-9b66-ca6675b70bd5,17f00985-c9fc-4d96-a226-945a5197f436,c1,c3,2468,p1,?,
1769449894.8586824,RECEIVED,265c60b8-c7ca-4995-975e-65a4708ab940,138f56ea-64bc-418c-8b9b-bdd7d82878b3,c4,DROP,442,x12,?,
1769449894.8661358,RECEIVED,71959265-dcbe-42e6-a314-c1e3b4b7541b,587b63c2-ac6d-4b30-abd4-199b9c077a89,c2,DROP,1449,p2,?,
1769449894.8785074,SENT,2298ddb7-e086-4e11-b5e7-245f42e8cbfe,3d338f41-c9f0-4edd-b364-1fa578a7d8c1,c1,DROP,1011,?,i11,
1769449894.87855,FORWARDED,2298ddb7-e086-4e11-b5e7-245f42e8cbfe,3d338f41-c9f0-4edd-b364-1fa578a7d8c1,c1,DROP,1011,?,i11,
1769449895.0228403,SENT,83936a82-b98a-480e-9b66-ca6675b70bd5,17f00985-c9fc-4d96-a226-945a5197f436,c1,c3,1779,?,i5,
1769449895.022882,FORWARDED,83936a82-b98a-480e-9b66-ca6675b70bd5,17f00985-c9fc-4d96-a226-945a5197f436,c1,c3,1779,?,i5,
1769449895.0836225,RECEIVED,4c9337d9-14f0-48b5-85f6-bb1c063bf1b4,1f646428-4b29-44fe-8d7b-9098cfde07b3,c5,c4,2462,p2,?,
1769449895.0850654,SENT,c9c16d04-c9a7-4de9-a1fe-b5dd13937ae2,41f6804a-9f70-4783-b6d8-b4527e22d17e,c1,c3,1777,?,i1,
1769449895.0851085,FORWARDED,c9c16d04-c9a7-4de9-a1fe-b5dd13937ae2,41f6804a-9f70-4783-b6d8-b4527e22d17e,c1,c3,1777,?,i1,
1769449895.1791224,SENT,71959265-dcbe-42e6-a314-c1e3b4b7541b,587b63c2-ac6d-4b30-abd4-199b9c077a89,c2,DROP,1013,?,i11,
1769449895.1791654,FORWARDED,71959265-dcbe-42e6-a314-c1e3b4b7541b,587b63c2-ac6d-4b30-abd4-199b9c077a89,c2,DROP,1013,?,i11,
1769449895.2044725,SENT,42ec5c0e-56b9-4a39-be60-75febdf07add,cbf26f52-97b8-4cd7-aeae-a693c68b823d,c4,DROP,1012,?,i11,
1769449895.2045236,FORWARDED,42ec5c0e-56b9-4a39-be60-75febdf07add,cbf26f52-97b8-4cd7-aeae-a693c68b823d,c4,DROP,1012,?,i11,
1769449895.3979435,SENT,f3130c54-5011-45ee-b71b-4eef272ff636,0cd37ad2-bb78-4aa3-91d7-6dee8067a35c,c1,DROP,1016,?,i5,
1769449895.3979888,FORWARDED,f3130c54-5011-45ee-b71b-4eef272ff636,0cd37ad2-bb78-4aa3-91d7-6dee8067a35c,c1,DROP,1016,?,i5,
1769449895.452989,RECEIVED,9c2191c9-dab3-4fd0-b2df-56aaf6062ea9,d4290bc1-ed10-4da6-9336-3c6373e6cb12,c5,DROP,445,x11,?,
1769449895.5270128,RECEIVED,48f3fdd2-c579-4aa2-bf85-4258075b3f7f,e7517128-0d08-435a-926b-27e5fa9cd848,c3,c5,2475,p3,?,
1769449895.589986,RECEIVED,5636f499-0c67-45f2-bd67-8c91e1624d51,dc70159c-cd96-41a2-945c-7d778b7e3129,c1,c3,2477,p1,?,
1769449895.7201738,SENT,4c9337d9-14f0-48b5-85f6-bb1c063bf1b4,1f646428-4b29-44fe-8d7b-9098cfde07b3,c5,c4,1776,?,i4,
1769449895.7202134,FORWARDED,4c9337d9-14f0-48b5-85f6-bb1c063bf1b4,1f646428-4b29-44fe-8d7b-9098cfde07b3,c5,c4,1776,?,i4,
1769449895.7499852,RECEIVED,1ea34275-6464-49f0-ac2e-9039d232bcf7,6b376fb0-c0a9-41d8-8fe6-5cf7c55be1c7,c2,DROP,1448,p2,?,
1769449895.7647831,RECEIVED,f3bd1e73-3082-4163-a827-f28aefa9af17,d44f5ffe-491f-4df3-95db-a15967634b0a,c5,c4,2473,p2,?,
1769449895.7824223,SENT,5636f499-0c67-45f2-bd67-8c91e1624d51,dc70159c-cd96-41a2-945c-7d778b7e3129,c1,c3,1783,?,i10,
1769449895.7824607,FORWARDED,5636f499-0c67-45f2-bd67-8c91e1624d51,dc70159c-cd96-41a2-945c-7d778b7e3129,c1,c3,1783,?,i10,
1769449895.852741,SENT,f3bd1e73-3082-4163-a827-f28aefa9af17,d44f5ffe-491f-4df3-95db-a15967634b0a,c5,c4,1780,?,i11,
1769449895.8527813,FORWARDED,f3bd1e73-3082-4163-a827-f28aefa9af17,d44f5ffe-491f-4df3-95db-a15967634b0a,c5,c4,1780,?,i11,
1769449895.8634696,RECEIVED,34a78223-5e40-4359-81c4-df980170281e,33433dd4-2542-4559-9594-c4621245bf8f,c2,c1,2447,p2,?,
1769449895.899255,RECEIVED,db531751-744d-4e01-8801-335af7366d49,eea8f2d9-f27f-43c2-9cd6-e697718835c2,c4,DROP,1442,p1,?,
1769449895.9453173,SENT,48f3fdd2-c579-4aa2-bf85-4258075b3f7f,e7517128-0d08-435a-926b-27e5fa9cd848,c3,c5,1783,?,i2,
1769449895.9454653,FORWARDED,48f3fdd2-c579-4aa2-bf85-4258075b3f7f,e7517128-0d08-435a-926b-27e5fa9cd848,c3,c5,1783,?,i2,
1769449895.9815936,RECEIVED,a89f0e3c-8280-42da-979d-05708fb1b805,fa9bc108-8df8-412d-ad8b-2ba7465605d2,c3,c5,2455,p3,?,
1769449896.0448973,SENT,1ea34275-6464-49f0-ac2e-9039d232bcf7,6b376fb0-c0a9-41d8-8fe6-5cf7c55be1c7,c2,DROP,1012,?,i11,
1769449896.0449386,FORWARDED,1ea34275-6464-49f0-ac2e-9039d232bcf7,6b376fb0-c0a9-41d8-8fe6-5cf7c55be1c7,c2,DROP,1012,?,i11,
1769449896.094641,RECEIVED,80570c69-2b48-467a-9446-540acec97b82,2de9535f-1b3f-49c0-a79a-5bc4dc9b456a,c5,c4,2463,p2,?,
1769449896.3075855,SENT,a89f0e3c-8280-42da-979d-05708fb1b805,fa9bc108-8df8-412d-ad8b-2ba7465605d2,c3,c5,1769,?,i5,
1769449896.307627,FORWARDED,a89f0e3c-8280-42da-979d-05708fb1b805,fa9bc108-8df8-412d-ad8b-2ba7465605d2,c3,c5,1769,?,i5,
1769449896.3094122,RECEIVED,807dc902-0a68-43da-ad62-8ed06f568785,d2446e75-baa9-4c60-8c89-6e84d4c1af2b,c1,c3,2464,p1,?,
1769449896.4914021,SENT,807dc902-0a68-43da-ad62-8ed06f568785,d2446e75-baa9-4c60-8c89-6e84d4c1af2b,c1,c3,1775,?,i2,
1769449896.4914439,FORWARDED,807dc902-0a68-43da-ad62-8ed06f568785,d2446e75-baa9-4c60-8c89-6e84d4c1af2b,c1,c3,1775,?,i2,
1769449896.498653,SENT,34a78223-5e40-4359-81c4-df980170281e,33433dd4-2542-4559-9594-c4621245bf8f,c2,c1,1763,?,i4,
1769449896.4988008,FORWARDED,34a78223-5e40-4359-81c4-df980170281e,33433dd4-2542-4559-9594-c4621245bf8f,c2,c1,1763,?,i4,
1769449896.6107583,RECEIVED,77b947ff-b92e-4f2b-b119-a46166101805,17c766a4-39ed-4cc7-83d9-c1531eb07318,c1,c3,2468,p1,?,
1769449896.6697323,RECEIVED,71da7409-123a-4c76-9ad1-46abc769b8fb,74d09d80-836d-4182-ad5f-4453f8e35acd,c2,DROP,1445,p2,?,
1769449896.7233355,SENT,77b947ff-b92e-4f2b-b119-a46166101805,17c766a4-39ed-4cc7-83d9-c1531eb07318,c1,c3,1777,?,i1,
1769449896.7233863,FORWARDED,77b947ff-b92e-4f2b-b119-a46166101805,17c766a4-39ed-4cc7-83d9-c1531eb07318,c1,c3,1777,?,i1,
1769449896.813483,SENT,db531751-744d-4e01-8801-335af7366d49,eea8f2d9-f27f-43c2-9cd6-e697718835c2,c4,DROP,1010,?,i5,
1769449896.8135362,FORWARDED,db531751-744d-4e01-8801-335af7366d49,eea8f2d9-f27f-43c2-9cd6-e697718835c2,c4,DROP,1010,?,i5,
1769449896.8874433,SENT,80570c69-2b48-467a-9446-540acec97b82,2de9535f-1b3f-49c0-a79a-5bc4dc9b456a,c5,c4,1775,?,i2,
1769449896.8874834,FORWARDED,80570c69-2b48-467a-9446-540acec97b82,2de9535f-1b3f-49c0-a79a-5bc4dc9b456a,c5,c4,1775,?,i2,
1769449897.0622578,RECEIVED,c2c39b48-d218-4d4a-8358-e44ab3a241dd,47cacd56-d752-4165-b59f-5b9c6a81eb66,c4,DROP,1443,p1,?,
1769449897.1149406,RECEIVED,19e03c95-a335-4924-85a9-c46e0606f6b5,801269e2-bff9-4feb-9dfc-d831e1c2e32f,c5,c4,2460,p2,?,
1769449897.1311657,SENT,71da7409-123a-4c76-9ad1-46abc769b8fb,74d09d80-836d-4182-ad5f-4453f8e35acd,c2,DROP,1011,?,i12,
1769449897.1312006,FORWARDED,71da7409-123a-4c76-9ad1-46abc769b8fb,74d09d80-836d-4182-ad5f-4453f8e35acd,c2,DROP,1011,?,i12,
1769449897.2485774,SENT,c2c39b48-d218-4d4a-8358-e44ab3a241dd,47cacd56-d752-4165-b59f-5b9c6a81eb66,c4,DROP,1011,?,i7,
1769449897.2486207,FORWARDED,c2c39b48-d218-4d4a-8358-e44ab3a241dd,47cacd56-d752-4165-b59f-5b9c6a81eb66,c4,DROP,1011,?,i7,
1769449897.26151,SENT,19e03c95-a335-4924-85a9-c46e0606f6b5,801269e2-bff9-4feb-9dfc-d831e1c2e32f,c5,c4,1771,?,i6,
1769449897.2615516,FORWARDED,19e03c95-a335-4924-85a9-c46e0606f6b5,801269e2-bff9-4feb-9dfc-d831e1c2e32f,c5,c4,1771,?,i6,
1769449897.3769956,RECEIVED,93a44de6-c0de-40a7-891b-492cb93c3e5b,df8ec91f-6e33-4d71-b150-ed2af0f4fc44,c1,DROP,1440,p1,?,
1769449897.4158523,SENT,93a44de6-c0de-40a7-891b-492cb93c3e5b,df8ec91f-6e33-4d71-b150-ed2af0f4fc44,c1,DROP,1008,?,i2,
1769449897.4158933,FORWARDED,93a44de6-c0de-40a7-891b-492cb93c3e5b,df8ec91f-6e33-4d71-b150-ed2af0f4fc44,c1,DROP,1008,?,i2,
1769449897.7285628,RECEIVED,bde7c3b3-b770-40dc-bda7-4790c8400580,2787058a-2c27-4bee-9df9-b2c6e867d002,c1,DROP,1452,p1,?,
1769449897.8576248,SENT,bde7c3b3-b770-40dc-bda7-4790c8400580,2787058a-2c27-4bee-9df9-b2c6e867d002,c1,DROP,1016,?,i6,
1769449897.8576667,FORWARDED,bde7c3b3-b770-40dc-bda7-4790c8400580,2787058a-2c27-4bee-9df9-b2c6e867d002,c1,DROP,1016,?,i6,
1769449897.930937,RECEIVED,e15c1d8a-cc8f-403d-84b5-cd7611646290,92a561ad-2cc0-415c-9122-19d66df50082,c5,c4,2459,p2,?,
1769449897.9883914,RECEIVED,cbafa90c-7c89-4411-8572-3c26a682afc7,5fa51517-0c14-4726-ac12-908766dcb10c,c2,DROP,1445,p2,?,
1769449898.0433247,SENT,cbafa90c-7c89-4411-8572-3c26a682afc7,5fa51517-0c14-4726-ac12-908766dcb10c,c2,DROP,1009,?,i6,
1769449898.0433612,FORWARDED,cbafa90c-7c89-4411-8572-3c26a682afc7,5fa51517-0c14-4726-ac12-908766dcb10c,c2,DROP,1009,?,i6,
1769449898.049076,RECEIVED,751160c8-1a54-4d97-9176-201a99e44c95,d6b9e669-b419-43a3-8232-21c007915eab,c2,DROP,1452,p2,?,
1769449898.1475923,SENT,e15c1d8a-cc8f-403d-84b5-cd7611646290,92a561ad-2cc0-415c-9122-19d66df50082,c5,c4,1772,?,i4,
1769449898.1476333,FORWARDED,e15c1d8a-cc8f-403d-84b5-cd7611646290,92a561ad-2cc0-415c-9122-19d66df50082,c5,c4,1772,?,i4,
1769449898.219727,RECEIVED,2a40e432-71f8-4773-9048-369b0b8ec2e1,ac295a90-9cb9-4d7e-b8df-efa72e55af91,c3,DROP,1440,p3,?,
1769449898.254648,RECEIVED,748848a8-f899-474d-a3a8-a6ffd7186842,540cac10-915b-4623-ba97-33e16afacbd5,c3,DROP,1455,p3,?,
1769449898.3965096,RECEIVED,96b4308d-56da-48b7-8c29-e51b1f86d005,9a37a7e1-66fa-45dc-9a06-3061b83307e1,c5,DROP,1454,p2,?,
1769449898.4156778,SENT,96b4308d-56da-48b7-8c29-e51b1f86d005,9a37a7e1-66fa-45dc-9a06-3061b83307e1,c5,DROP,1017,?,i10,
1769449898.4157207,FORWARDED,96b4308d-56da-48b7-8c29-e51b1f86d005,9a37a7e1-66fa-45dc-9a06-3061b83307e1,c5,DROP,1017,?,i10,
1769449898.4186513,SENT,2a40e432-71f8-4773-9048-369b0b8ec2e1,ac295a90-9cb9-4d7e-b8df-efa72e55af91,c3,DROP,1007,?,i2,
1769449898.4186904,FORWARDED,2a40e432-71f8-4773-9048-369b0b8ec2e1,ac295a90-9cb9-4d7e-b8df-efa72e55af91,c3,DROP,1007,?,i2,
1769449898.4514034,RECEIVED,0e6f094d-a9e5-4de8-8c34-f11c6cf97424,f038ce0b-22b4-4d7d-9ee0-232572d1acac,c4,DROP,1440,p1,?,
1769449898.477854,SENT,751160c8-1a54-4d97-9176-201a99e44c95,d6b9e669-b419-43a3-8232-21c007915eab,c2,DROP,1016,?,i6,
1769449898.4778967,FORWARDED,751160c8-1a54-4d97-9176-201a99e44c95,d6b9e669-b419-43a3-8232-21c007915eab,c2,DROP,1016,?,i6,
1769449898.5312178,RECEIVED,fd28cf10-db1a-44c2-b559-bea7c0d30bd6,8675ddbb-1a26-4121-a741-ba70db8db5da,c3,c5,2480,p3,?,
1769449898.5340223,SENT,0e6f094d-a9e5-4de8-8c34-f11c6cf97424,f038ce0b-22b4-4d7d-9ee0-232572d1acac,c4,DROP,1008,?,i5,
1769449898.5340803,FORWARDED,0e6f094d-a9e5-4de8-8c34-f11c6cf97424,f038ce0b-22b4-4d7d-9ee0-232572d1acac,c4,DROP,1008,?,i5,
1769449898.738749,SENT,748848a8-f899-474d-a3a8-a6ffd7186842,540cac10-915b-4623-ba97-33e16afacbd5,c3,DROP,1019,?,i6,
1769449898.73879,FORWARDED,748848a8-f899-474d-a3a8-a6ffd7186842,540cac10-915b-4623-ba97-33e16afacbd5,c3,DROP,1019,?,i6,
1769449898.783546,RECEIVED,a458875f-5e7a-4213-9af8-ab7454c266a6,7ec77e1b-8f87-415c-9ffc-b6652e5cc1b2,c5,c4,2463,p2,?,
1769449898.852629,RECEIVED,6d9684e3-1f84-4e1d-801a-10deb579cfac,53021880-56c3-4dcd-abaa-96d6f550a438,c3,DROP,1443,p3,?,
1769449899.1148212,SENT,6d9684e3-1f84-4e1d-801a-10deb579cfac,53021880-56c3-4dcd-abaa-96d6f550a438,c3,DROP,1011,?,i9,
1769449899.1148634,FORWARDED,6d9684e3-1f84-4e1d-801a-10deb579cfac,53021880-56c3-4dcd-abaa-96d6f550a438,c3,DROP,1011,?,i9,
1769449899.1251502,SENT,a458875f-5e7a-4213-9af8-ab7454c266a6,7ec77e1b-8f87-415c-9ffc-b6652e5cc1b2,c5,c4,1776,?,i8,
1769449899.1251929,FORWARDED,a458875f-5e7a-4213-9af8-ab7454c266a6,7ec77e1b-8f87-415c-9ffc-b6652e5cc1b2,c5,c4,1776,?,i8,
1769449899.216756,SENT,fd28cf10-db1a-44c2-b559-bea7c0d30bd6,8675ddbb-1a26-4121-a741-ba70db8db5da,c3,c5,1787,?,i10,
1769449899.2167954,FORWARDED,fd28cf10-db1a-44c2-b559-bea7c0d30bd6,8675ddbb-1a26-4121-a741-ba70db8db5da,c3,c5,1787,?,i10,
1769449899.5406547,RECEIVED,732b7b4f-076e-4192-828c-d8ef45be94fd,42ecfcfb-da7c-49b7-ae2a-11e4cb053b08,c2,DROP,1439,p2,?,
1769449899.5668569,RECEIVED,e9807ec6-2230-47fe-b2a9-6e16b6796af5,3a1c9ce1-b0ed-4f37-a1bf-19be26f865e1,c2,DROP,438,x9,?,
1769449899.8427162,SENT,732b7b4f-076e-4192-828c-d8ef45be94fd,42ecfcfb-da7c-49b7-ae2a-11e4cb053b08,c2,DROP,1008,?,i4,
1769449899.8427505,FORWARDED,732b7b4f-076e-4192-828c-d8ef45be94fd,42ecfcfb-da7c-49b7-ae2a-11e4cb053b08,c2,DROP,1008,?,i4,
1769449899.9349382,RECEIVED,f14f7ce6-8ab9-4fba-a750-39885fdd21a3,0afcda69-4956-44c5-863e-f0a40c08f10f,c4,DROP,441,x6,?,
1769449899.9959373,RECEIVED,8ffde5df-55cc-4424-94dc-3f59831e587b,e57fef99-30cf-410a-9bac-446dd01ad653,c5,c4,2459,p2,?,
1769449900.0965254,RECEIVED,93716877-a6a7-45fd-a18c-c2fe5056b3d6,062d7f57-f63d-4e81-ad35-0681105a7144,c5,c4,2462,p2,?,
1769449900.1933234,RECEIVED,12e9fe34-62fc-4b41-acbc-7a2b48454da2,5ea67238-99bf-4160-9e2c-53ca1e191797,c5,c4,2459,p2,?,
1769449900.6121643,SENT,8ffde5df-55cc-4424-94dc-3f59831e587b,e57fef99-30cf-410a-9bac-446dd01ad653,c5,c4,1771,?,i3,
1769449900.612208,FORWARDED,8ffde5df-55cc-4424-94dc-3f59831e587b,e57fef99-30cf-410a-9bac-446dd01ad653,c5,c4,1771,?,i3,
1769449900.631841,RECEIVED,c3c83ba7-3237-4709-b26a-1a9b544e23da,c41eb15f-acfa-473a-a53c-ace5a8dbb07a,c1,c3,2460,p1,?,
1769449900.6859589,RECEIVED,19a654f3-ed16-413b-a53f-fe24a6b1e87a,3f1bad13-5eaf-4910-9a86-03deb6718b93,c3,DROP,1440,p3,?,
1769449900.6964629,SENT,12e9fe34-62fc-4b41-acbc-7a2b48454da2,5ea67238-99bf-4160-9e2c-53ca1e191797,c5,c4,1771,?,i4,
1769449900.6965044,FORWARDED,12e9fe34-62fc-4b41-acbc-7a2b48454da2,5ea67238-99bf-4160-9e2c-53ca1e191797,c5,c4,1771,?,i4,
1769449900.7236795,SENT,93716877-a6a7-45fd-a18c-c2fe5056b3d6,062d7f57-f63d-4e81-ad35-0681105a7144,c5,c4,1775,?,i7,
1769449900.7237246,FORWARDED,93716877-a6a7-45fd-a18c-c2fe5056b3d6,062d7f57-f63d-4e81-ad35-0681105a7144,c5,c4,1775,?,i7,
1769449900.866963,RECEIVED,81893b4b-7e45-4679-adea-7593933ad491,f7cd3b97-598a-4a67-b99f-d94a01ee9df4,c2,DROP,1439,p2,?,
1769449900.9163833,RECEIVED,6a9979fb-f42a-40f5-b953-9e025c429d00,fdc1d1e6-67ca-4f17-ae7d-0d9ae8dabb45,c4,DROP,1451,p1,?,
1769449901.0702124,RECEIVED,4aff9712-fe4e-40ab-81b0-b80f8dbfad4b,aeddfedb-5a1c-459b-8b12-ce8737a70701,c3,DROP,1443,p3,?,
1769449901.0991917,SENT,19a654f3-ed16-413b-a53f-fe24a6b1e87a,3f1bad13-5eaf-4910-9a86-03deb6718b93,c3,DROP,1007,?,i1,
1769449901.0992343,FORWARDED,19a654f3-ed16-413b-a53f-fe24a6b1e87a,3f1bad13-5eaf-4910-9a86-03deb6718b93,c3,DROP,1007,?,i1,
1769449901.4189188,RECEIVED,d73725f1-1947-4b97-8ea2-c7413a471d13,4bb37d44-7a36-4301-b5a6-4d90d2e411f2,c5,c4,2461,p2,?,
1769449901.4264898,RECEIVED,dd4c6f6e-554f-48b6-83e5-9c2b5e37ff42,8a4e2545-7737-4d4e-b5df-a5a6b1a0226a,c4,DROP,1445,p1,?,
1769449901.4635694,SENT,d73725f1-1947-4b97-8ea2-c7413a471d13,4bb37d44-7a36-4301-b5a6-4d90d2e411f2,c5,c4,1771,?,i7,
1769449901.4636118,FORWARDED,d73725f1-1947-4b97-8ea2-c7413a471d13,4bb37d44-7a36-4301-b5a6-4d90d2e411f2,c5,c4,1771,?,i7,
1769449901.4657285,SENT,c3c83ba7-3237-4709-b26a-1a9b544e23da,c41eb15f-acfa-473a-a53c-ace5a8dbb07a,c1,c3,1772,?,i10,
1769449901.4657712,FORWARDED,c3c83ba7-3237-4709-b26a-1a9b544e23da,c41eb15f-acfa-473a-a53c-ace5a8dbb07a,c1,c3,1772,?,i10,
1769449901.486044,SENT,81893b4b-7e45-4679-adea-7593933ad491,f7cd3b97-598a-4a67-b99f-d94a01ee9df4,c2,DROP,1008,?,i9,
1769449901.4860964,FORWARDED,81893b4b-7e45-4679-adea-7593933ad491,f7cd3b97-598a-4a67-b99f-d94a01ee9df4,c2,DROP,1008,?,i9,
1769449901.566618,SENT,4aff9712-fe4e-40ab-81b0-b80f8dbfad4b,aeddfedb-5a1c-459b-8b12-ce8737a70701,c3,DROP,1009,?,i8,
1769449901.5666583,FORWARDED,4aff9712-fe4e-40ab-81b0-b80f8dbfad4b,aeddfedb-5a1c-459b-8b12-ce8737a70701,c3,DROP,1009,?,i8,
1769449901.7913103,RECEIVED,e9b8cf3a-41b2-4bf7-bb47-48e1ca15f2ab,7218d28c-b80d-4beb-bed7-3844aa454584,c4,DROP,1440,p1,?,
1769449901.814243,RECEIVED,022d689f-05a2-49f4-ba8e-41cf43c96fc7,df42ab8d-cc43-4292-b87d-9452217b0c4b,c3,DROP,1449,p3,?,
1769449901.8558438,SENT,e9b8cf3a-41b2-4bf7-bb47-48e1ca15f2ab,7218d28c-b80d-4beb-bed7-3844aa454584,c4,DROP,1007,?,i9,
1769449901.855887,FORWARDED,e9b8cf3a-41b2-4bf7-bb47-48e1ca15f2ab,7218d28c-b80d-4beb-bed7-3844aa454584,c4,DROP,1007,?,i9,
1769449901.8575246,SENT,6a9979fb-f42a-40f5-b953-9e025c429d00,fdc1d1e6-67ca-4f17-ae7d-0d9ae8dabb45,c4,DROP,1015,?,i8,
1769449901.857562,FORWARDED,6a9979fb-f42a-40f5-b953-9e025c429d00,fdc1d1e6-67ca-4f17-ae7d-0d9ae8dabb45,c4,DROP,1015,?,i8,
1769449901.889511,SENT,dd4c6f6e-554f-48b6-83e5-9c2b5e37ff42,8a4e2545-7737-4d4e-b5df-a5a6b1a0226a,c4,DROP,1009,?,i12,
1769449901.8895543,FORWARDED,dd4c6f6e-554f-48b6-83e5-9c2b5e37ff42,8a4e2545-7737-4d4e-b5df-a5a6b1a0226a,c4,DROP,1009,?,i12,
1769449902.0379543,SENT,022d689f-05a2-49f4-ba8e-41cf43c96fc7,df42ab8d-cc43-4292-b87d-9452217b0c4b,c3,DROP,1012,?,i10,
1769449902.0379965,FORWARDED,022d689f-05a2-49f4-ba8e-41cf43c96fc7,df42ab8d-cc43-4292-b87d-9452217b0c4b,c3,DROP,1012,?,i10,
1769449902.0459797,RECEIVED,23a69b9f-9dfb-4d55-953b-bf9c3894ab4a,1ee22921-9be6-4b35-b7e1-cc483192ea19,c5,c4,2468,p2,?,
1769449902.1340036,RECEIVED,b8ab67f6-144b-4c4c-a65d-b4855178ea3c,a6bb5cb8-463b-4344-a10f-4bd3069a9dea,c1,c3,2444,p1,?,
1769449902.1464748,RECEIVED,f2ceb83b-2cb4-410c-a96b-ea82908182a4,72379066-3815-466f-b1d7-a8eb7c17afe8,c2,DROP,1440,p2,?,
1769449902.1680806,SENT,f2ceb83b-2cb4-410c-a96b-ea82908182a4,72379066-3815-466f-b1d7-a8eb7c17afe8,c2,DROP,1008,?,i9,
1769449902.1681213,FORWARDED,f2ceb83b-2cb4-410c-a96b-ea82908182a4,72379066-3815-466f-b1d7-a8eb7c17afe8,c2,DROP,1008,?,i9,
1769449902.2227468,SENT,23a69b9f-9dfb-4d55-953b-bf9c3894ab4a,1ee22921-9be6-4b35-b7e1-cc483192ea19,c5,c4,1777,?,i2,
1769449902.2227924,FORWARDED,23a69b9f-9dfb-4d55-953b-bf9c3894ab4a,1ee22921-9be6-4b35-b7e1-cc483192ea19,c5,c4,1777,?,i2,
1769449902.226264,RECEIVED,7468daf5-b654-4502-9224-9bc24d37efb3,de110f51-ef92-4c28-b4a5-f2ec2a09f1fd,c2,c1,2460,p2,?,
1769449902.2472832,RECEIVED,3258ca5b-9295-4019-b504-1fe7666c5231,708e9a97-29cf-4a60-8df2-e56de6eef800,c2,DROP,1439,p2,?,
1769449902.3116605,RECEIVED,4b0fdacc-b4b6-4338-a8d7-5ce1a9657298,e8aac4b0-2613-4bf5-ad43-ac144ce27486,c4,DROP,442,x10,?,
1769449902.3124132,SENT,b8ab67f6-144b-4c4c-a65d-b4855178ea3c,a6bb5cb8-463b-4344-a10f-4bd3069a9dea,c1,c3,1759,?,i3,
1769449902.3124516,FORWARDED,b8ab67f6-144b-4c4c-a65d-b4855178ea3c,a6bb5cb8-463b-4344-a10f-4bd3069a9dea,c1,c3,1759,?,i3,
1769449902.4156585,SENT,7468daf5-b654-4502-9224-9bc24d37efb3,de110f51-ef92-4c28-b4a5-f2ec2a09f1fd,c2,c1,1771,?,i7,
1769449902.4156988,FORWARDED,7468daf5-b654-4502-9224-9bc24d37efb3,de110f51-ef92-4c28-b4a5-f2ec2a09f1fd,c2,c1,1771,?,i7,
1769449902.4751296,RECEIVED,83322756-6409-4929-90e6-e49eb926aaa0,31137d7c-0cce-4c3e-bdad-a1037c9b90f5,c4,DROP,1448,p1,?,
1769449902.5063744,RECEIVED,a5baef76-6d73-4826-9793-9b8dc9fc6e88,5a09860c-1bac-4f2f-9953-8fa79813fc90,c1,DROP,1447,p1,?,
1769449902.670873,RECEIVED,55491970-3544-4cfc-a045-0b6772ab4898,697c1390-17e6-40b0-980f-b85486608d2e,c2,c1,2468,p2,?,
1769449902.697974,SENT,55491970-3544-4cfc-a045-0b6772ab4898,697c1390-17e6-40b0-980f-b85486608d2e,c2,c1,1777,?,i6,
1769449902.6980188,FORWARDED,55491970-3544-4cfc-a045-0b6772ab4898,697c1390-17e6-40b0-980f-b85486608d2e,c2,c1,1777,?,i6,
1769449902.9362133,RECEIVED,249f78e4-fc53-4b42-965c-e38982d2145b,442fc604-62c0-46e8-b2fa-27e5ae648298,c5,DROP,441,x7,?,
1769449903.0119674,RECEIVED,ae5c9121-483f-447f-a9b7-a9cc7f0a635f,900afdce-9f4e-4a0d-8e51-84fee79e14b8,c1,DROP,1452,p1,?,
1769449903.0867102,SENT,a5baef76-6d73-4826-9793-9b8dc9fc6e88,5a09860c-1bac-4f2f-9953-8fa79813fc90,c1,DROP,1013,?,i4,
1769449903.0867503,FORWARDED,a5baef76-6d73-4826-9793-9b8dc9fc6e88,5a09860c-1bac-4f2f-9953-8fa79813fc90,c1,DROP,1013,?,i4,
1769449903.1474087,RECEIVED,a5bbd151-bdb6-4341-a242-4a586c352ce9,f69209f7-637d-4865-a096-b7c8d4604ad6,c3,DROP,441,x11,?,
1769449903.298084,SENT,83322756-6409-4929-90e6-e49eb926aaa0,31137d7c-0cce-4c3e-bdad-a1037c9b90f5,c4,DROP,1012,?,i11,
1769449903.2981255,FORWARDED,83322756-6409-4929-90e6-e49eb926aaa0,31137d7c-0cce-4c3e-bdad-a1037c9b90f5,c4,DROP,1012,?,i11,
1769449903.3139055,RECEIVED,94406c56-3f0e-4813-8c53-c4fa07625229,22ec4443-787e-45f9-ba51-eca1c1858180,c4,c5,2464,p1,?,
1769449903.314913,SENT,3258ca5b-9295-4019-b504-1fe7666c5231,708e9a97-29cf-4a60-8df2-e56de6eef800,c2,DROP,1007,?,i3,
1769449903.3149543,FORWARDED,3258ca5b-9295-4019-b504-1fe7666c5231,708e9a97-29cf-4a60-8df2-e56de6eef800,c2,DROP,1007,?,i3,
1769449903.3348718,RECEIVED,35e8f232-ad82-43c4-9922-e97cd0888a1c,b028662a-4690-4a6f-bce2-a82e9d466a44,c3,DROP,441,x3,?,
1769449903.3883648,SENT,94406c56-3f0e-4813-8c53-c4fa07625229,22ec4443-787e-45f9-ba51-eca1c1858180,c4,c5,1776,?,i4,
1769449903.3884065,FORWARDED,94406c56-3f0e-4813-8c53-c4fa07625229,22ec4443-787e-45f9-ba51-eca1c1858180,c4,c5,1776,?,i4,
1769449903.5071278,RECEIVED,600703b3-400c-4685-898a-71a7570f05b4,98745b61-4ce6-4386-8092-743aab7b4a1e,c5,DROP,445,x6,?,
1769449903.6344469,RECEIVED,5fcb55f3-289d-4d16-91e8-f62ecd0b0636,68ebbcf9-3021-4c7e-b330-4cb4ee7abbbd,c5,DROP,1447,p2,?,
1769449903.6886973,RECEIVED,3acab1e4-ddef-499a-8261-78b25f66e6d9,00296a79-99f3-4116-8846-1db6070f05f2,c3,c5,2464,p3,?,
1769449903.863185,RECEIVED,6064c994-8249-4bf4-97ad-09f96d3e68a5,cc29f832-9acb-4dc2-a912-bb612e93e6d8,c2,DROP,1439,p2,?,
1769449903.9305542,SENT,3acab1e4-ddef-499a-8261-78b25f66e6d9,00296a79-99f3-4116-8846-1db6070f05f2,c3,c5,1775,?,i7,
1769449903.930596,FORWARDED,3acab1e4-ddef-499a-8261-78b25f66e6d9,00296a79-99f3-4116-8846-1db6070f05f2,c3,c5,1775,?,i7,
1769449903.9665759,RECEIVED,73db2262-0747-4db2-8d4c-34c1ae37da1d,3a057e75-a197-4ac5-bfae-cdbb4207ecc4,c1,c3,2464,p1,?,
1769449904.0760224,SENT,5fcb55f3-289d-4d16-91e8-f62ecd0b0636,68ebbcf9-3021-4c7e-b330-4cb4ee7abbbd,c5,DROP,1013,?,i4,
1769449904.0760715,FORWARDED,5fcb55f3-289d-4d16-91e8-f62ecd0b0636,68ebbcf9-3021-4c7e-b330-4cb4ee7abbbd,c5,DROP,1013,?,i4,
1769449904.1574843,SENT,ae5c9121-483f-447f-a9b7-a9cc7f0a635f,900afdce-9f4e-4a0d-8e51-84fee79e14b8,c1,DROP,1016,?,i12,
1769449904.157525,FORWARDED,ae5c9121-483f-447f-a9b7-a9cc7f0a635f,900afdce-9f4e-4a0d-8e51-84fee79e14b8,c1,DROP,1016,?,i12,
1769449904.433828,RECEIVED,a86db3b0-e115-4c9c-8c67-3edde84a6dae,ec9e7947-8bd2-4a22-a162-6c5c2de84a17,c5,c4,2460,p2,?,
1769449904.4562647,SENT,6064c994-8249-4bf4-97ad-09f96d3e68a5,cc29f832-9acb-4dc2-a912-bb612e93e6d8,c2,DROP,1007,?,i8,
1769449904.4563074,FORWARDED,6064c994-8249-4bf4-97ad-09f96d3e68a5,cc29f832-9acb-4dc2-a912-bb612e93e6d8,c2,DROP,1007,?,i8,
1769449904.483131,SENT,73db2262-0747-4db2-8d4c-34c1ae37da1d,3a057e75-a197-4ac5-bfae-cdbb4207ecc4,c1,c3,1775,?,i10,
1769449904.4831738,FORWARDED,73db2262-0747-4db2-8d4c-34c1ae37da1d,3a057e75-a197-4ac5-bfae-cdbb4207ecc4,c1,c3,1775,?,i10,
1769449904.5040698,RECEIVED,4e3d560c-1c79-40d0-a582-5f0bc4e11a1d,de93cddc-2cd6-454b-8c69-1d412e1b35bf,c4,DROP,442,x5,?,
1769449904.583063,RECEIVED,3a1beba8-cc52-4c0e-8f26-7b54a17a6c24,f11da2c8-368d-4f66-89c3-788c696f3b8f,c5,c4,2447,p2,?,
1769449904.658704,SENT,3a1beba8-cc52-4c0e-8f26-7b54a17a6c24,f11da2c8-368d-4f66-89c3-788c696f3b8f,c5,c4,1763,?,i4,
1769449904.6587493,FORWARDED,3a1beba8-cc52-4c0e-8f26-7b54a17a6c24,f11da2c8-368d-4f66-89c3-788c696f3b8f,c5,c4,1763,?,i4,
1769449904.6818206,SENT,a86db3b0-e115-4c9c-8c67-3edde84a6dae,ec9e7947-8bd2-4a22-a162-6c5c2de84a17,c5,c4,1772,?,i5,
1769449904.6818573,FORWARDED,a86db3b0-e115-4c9c-8c67-3edde84a6dae,ec9e7947-8bd2-4a22-a162-6c5c2de84a17,c5,c4,1772,?,i5,
1769449904.8671286,RECEIVED,cbca8bdf-57d3-4d5e-bb4e-2912de1cb3d9,a7e17ee5-3fa9-42ad-8514-aafeff501509,c1,c3,2460,p1,?,
1769449904.8793864,RECEIVED,4fb1fa92-372c-407e-bad4-4e160ff4a3f3,e532a8b3-a36f-4981-b09f-a29f1d96a788,c1,c3,2462,p1,?,
1769449905.2937806,RECEIVED,cd15160d-0c8c-49f4-80f0-b705b977fd0d,41ce6f21-f13d-4797-9364-ccede4cac95c,c4,DROP,1444,p1,?,
1769449905.3150003,RECEIVED,7b724244-697e-408e-9fee-01a52986517c,676daa73-02b9-4a7d-a008-bdae086db735,c5,c4,2464,p2,?,
1769449905.3932896,SENT,cbca8bdf-57d3-4d5e-bb4e-2912de1cb3d9,a7e17ee5-3fa9-42ad-8514-aafeff501509,c1,c3,1772,?,i10,
1769449905.393325,FORWARDED,cbca8bdf-57d3-4d5e-bb4e-2912de1cb3d9,a7e17ee5-3fa9-42ad-8514-aafeff501509,c1,c3,1772,?,i10,
1769449905.4195614,SENT,4fb1fa92-372c-407e-bad4-4e160ff4a3f3,e532a8b3-a36f-4981-b09f-a29f1d96a788,c1,c3,1776,?,i2,
1769449905.4195993,FORWARDED,4fb1fa92-372c-407e-bad4-4e160ff4a3f3,e532a8b3-a36f-4981-b09f-a29f1d96a788,c1,c3,1776,?,i2,
1769449905.592493,RECEIVED,fa67a4aa-4225-4001-a9c9-b84898644645,fa32c272-faf7-4fa9-849d-eb387e2591c4,c3,c5,2472,p3,?,
1769449905.6598666,RECEIVED,d29a05b3-59f4-4ea9-bcec-a87523d7a260,0b6bf382-5158-41cc-bcf7-e6d4775950e3,c2,c1,2464,p2,?,
1769449905.6824262,SENT,cd15160d-0c8c-49f4-80f0-b705b977fd0d,41ce6f21-f13d-4797-9364-ccede4cac95c,c4,DROP,1011,?,i11,
1769449905.6824617,FORWARDED,cd15160d-0c8c-49f4-80f0-b705b977fd0d,41ce6f21-f13d-4797-9364-ccede4cac95c,c4,DROP,1011,?,i11,
1769449905.721667,SENT,d29a05b3-59f4-4ea9-bcec-a87523d7a260,0b6bf382-5158-41cc-bcf7-e6d4775950e3,c2,c1,1776,?,i6,
1769449905.7217078,FORWARDED,d29a05b3-59f4-4ea9-bcec-a87523d7a260,0b6bf382-5158-41cc-bcf7-e6d4775950e3,c2,c1,1776,?,i6,
1769449905.7440696,RECEIVED,3b71330f-2f21-46bb-9336-c882471178a3,935aad86-1528-48b1-9499-6fdd5ba373d5,c4,DROP,441,x10,?,
1769449905.8113697,SENT,fa67a4aa-4225-4001-a9c9-b84898644645,fa32c272-faf7-4fa9-849d-eb387e2591c4,c3,c5,1782,?,i9,
1769449905.8114033,FORWARDED,fa67a4aa-4225-4001-a9c9-b84898644645,fa32c272-faf7-4fa9-849d-eb387e2591c4,c3,c5,1782,?,i9,
1769449905.8934171,RECEIVED,5ede9dca-c9f7-4357-bafe-8940ca1a3909,87a21e3e-4171-4c69-9fc2-861dba7ce26f,c5,DROP,1439,p2,?,
1769449905.9870625,RECEIVED,a9f35e04-3021-4a20-948d-53e4dffacb88,6495a378-a9e9-4c3f-a96f-ad8ec1c36992,c1,DROP,440,x5,?,
1769449906.0129557,RECEIVED,4e837a0e-fa28-4136-aa33-6bbe3d0ee1fb,9ed2195b-0f7b-4e5b-918f-997189de1e8a,c5,DROP,1452,p2,?,
1769449906.116895,SENT,4e837a0e-fa28-4136-aa33-6bbe3d0ee1fb,9ed2195b-0f7b-4e5b-918f-997189de1e8a,c5,DROP,1016,?,i2,
1769449906.1169357,FORWARDED,4e837a0e-fa28-4136-aa33-6bbe3d0ee1fb,9ed2195b-0f7b-4e5b-918f-997189de1e8a,c5,DROP,1016,?,i2,
1769449906.1456878,RECEIVED,2cec72ab-6f6e-4912-a8ee-c47313686cef,efa2d038-dd62-4c7c-9956-0642facb4777,c1,DROP,1452,p1,?,
1769449906.152918,RECEIVED,2a2a2e76-b8ff-4a75-964d-a84b6121161b,93b89c47-0e88-413c-88ff-32c2a4cd2791,c5,c4,2442,p2,?,
1769449906.1902297,SENT,5ede9dca-c9f7-4357-bafe-8940ca1a3909,87a21e3e-4171-4c69-9fc2-861dba7ce26f,c5,DROP,1008,?,i5,
1769449906.1902714,FORWARDED,5ede9dca-c9f7-4357-bafe-8940ca1a3909,87a21e3e-4171-4c69-9fc2-861dba7ce26f,c5,DROP,1008,?,i5,
1769449906.2497756,RECEIVED,f6b93943-1e05-4877-bd9d-48022182ed3a,a8d0ec32-79a4-4a48-be9e-abf002e8fc74,c5,DROP,1452,p2,?,
1769449906.324573,RECEIVED,ac1b03f3-5e61-4ee2-aac0-6cacc41182b3,1b410e52-f6c1-4c35-9dcb-c7ef34b50da1,c3,c5,2476,p3,?,
1769449906.3805788,RECEIVED,ddd475ca-599c-4b26-97fe-13c6bb4a944a,9059f00e-0f11-4afe-a4c3-bdefd9dcbd34,c1,c3,2451,p1,?,
1769449906.4644368,RECEIVED,d9532bee-5ebd-4621-b77f-8f62e1ea29c5,be6092c1-3e4f-42af-81bb-df365138a510,c2,DROP,441,x1,?,
1769449906.544239,SENT,2cec72ab-6f6e-4912-a8ee-c47313686cef,efa2d038-dd62-4c7c-9956-0642facb4777,c1,DROP,1017,?,i9,
1769449906.5442822,FORWARDED,2cec72ab-6f6e-4912-a8ee-c47313686cef,efa2d038-dd62-4c7c-9956-0642facb4777,c1,DROP,1017,?,i9,
1769449906.6566224,SENT,f6b93943-1e05-4877-bd9d-48022182ed3a,a8d0ec32-79a4-4a48-be9e-abf002e8fc74,c5,DROP,1016,?,i9,
1769449906.6566563,FORWARDED,f6b93943-1e05-4877-bd9d-48022182ed3a,a8d0ec32-79a4-4a48-be9e-abf002e8fc74,c5,DROP,1016,?,i9,
1769449906.7713368,RECEIVED,6f603406-4c77-4556-9994-139a6021a873,44e0ba7c-2928-4a95-961f-f1990d405331,c3,DROP,441,x6,?,
1769449906.7878222,SENT,2a2a2e76-b8ff-4a75-964d-a84b6121161b,93b89c47-0e88-413c-88ff-32c2a4cd2791,c5,c4,1759,?,i3,
1769449906.7878647,FORWARDED,2a2a2e76-b8ff-4a75-964d-a84b6121161b,93b89c47-0e88-413c-88ff-32c2a4cd2791,c5,c4,1759,?,i3,
1769449906.832533,SENT,ac1b03f3-5e61-4ee2-aac0-6cacc41182b3,1b410e52-f6c1-4c35-9dcb-c7ef34b50da1,c3,c5,1784,?,i12,
1769449906.8326042,FORWARDED,ac1b03f3-5e61-4ee2-aac0-6cacc41182b3,1b410e52-f6c1-4c35-9dcb-c7ef34b50da1,c3,c5,1784,?,i12,
1769449907.000224,RECEIVED,d8ee271f-3e8d-43f4-a7b0-331c97be62ec,49c43e55-6823-4c7c-b251-e3baf6e063d9,c5,c4,2452,p2,?,
1769449907.0054123,RECEIVED,52170ce4-e748-4c6b-b7d9-f008f5ed2a89,ad59c765-db26-4e80-be9f-45dbcdb7eea1,c3,c5,2471,p3,?,
1769449907.0808637,RECEIVED,598f39a7-4f84-4b87-ac83-620d29f45572,47dd0c47-096f-4c41-8ef7-7ae7292236ac,c2,DROP,1443,p2,?,
1769449907.2673523,SENT,52170ce4-e748-4c6b-b7d9-f008f5ed2a89,ad59c765-db26-4e80-be9f-45dbcdb7eea1,c3,c5,1781,?,i9,
1769449907.2673912,FORWARDED,52170ce4-e748-4c6b-b7d9-f008f5ed2a89,ad59c765-db26-4e80-be9f-45dbcdb7eea1,c3,c5,1781,?,i9,
1769449907.3625507,SENT,d8ee271f-3e8d-43f4-a7b0-331c97be62ec,49c43e55-6823-4c7c-b251-e3baf6e063d9,c5,c4,1767,?,i1,
1769449907.362592,FORWARDED,d8ee271f-3e8d-43f4-a7b0-331c97be62ec,49c43e55-6823-4c7c-b251-e3baf6e063d9,c5,c4,1767,?,i1,
1769449907.4009008,SENT,7b724244-697e-408e-9fee-01a52986517c,676daa73-02b9-4a7d-a008-bdae086db735,c5,c4,1774,?,i11,
1769449907.4009385,FORWARDED,7b724244-697e-408e-9fee-01a52986517c,676daa73-02b9-4a7d-a008-bdae086db735,c5,c4,1774,?,i11,
1769449907.4337878,SENT,ddd475ca-599c-4b26-97fe-13c6bb4a944a,9059f00e-0f11-4afe-a4c3-bdefd9dcbd34,c1,c3,1765,?,i3,
1769449907.4338307,FORWARDED,ddd475ca-599c-4b26-97fe-13c6bb4a944a,9059f00e-0f11-4afe-a4c3-bdefd9dcbd34,c1,c3,1765,?,i3,
1769449907.4958558,RECEIVED,67cb1acf-957e-4376-ae8c-800b6804523b,5252bc69-b305-4b94-aa5c-6349311870a3,c5,c4,2453,p2,?,
1769449907.5354042,RECEIVED,4e0bb4d5-6e9b-4881-b39c-4bbf8277e1e4,471cecff-d016-42b4-887e-58ad5d797648,c1,c3,2475,p1,?,
1769449907.5497825,SENT,67cb1acf-957e-4376-ae8c-800b6804523b,5252bc69-b305-4b94-aa5c-6349311870a3,c5,c4,1767,?,i7,
1769449907.5498235,FORWARDED,67cb1acf-957e-4376-ae8c-800b6804523b,5252bc69-b305-4b94-aa5c-6349311870a3,c5,c4,1767,?,i7,
1769449907.5561259,SENT,598f39a7-4f84-4b87-ac83-620d29f45572,47dd0c47-096f-4c41-8ef7-7ae7292236ac,c2,DROP,1011,?,i3,
1769449907.5561678,FORWARDED,598f39a7-4f84-4b87-ac83-620d29f45572,47dd0c47-096f-4c41-8ef7-7ae7292236ac,c2,DROP,1011,?,i3,
1769449907.8849072,RECEIVED,795d7a24-077e-4c20-bd87-3be7875720ab,da0f1d48-122d-4ac7-a5ff-b24ce929e882,c4,c5,2455,p1,?,
1769449908.1097791,SENT,795d7a24-077e-4c20-bd87-3be7875720ab,da0f1d48-122d-4ac7-a5ff-b24ce929e882,c4,c5,1770,?,i8,
1769449908.1098204,FORWARDED,795d7a24-077e-4c20-bd87-3be7875720ab,da0f1d48-122d-4ac7-a5ff-b24ce929e882,c4,c5,1770,?,i8,
1769449908.1435034,RECEIVED,85d7ba89-1422-4cd6-98d5-33cd9c9da111,a313a4ed-4217-4d53-9891-d0ea17c5ec28,c4,c5,2444,p1,?,
1769449908.2149887,SENT,4e0bb4d5-6e9b-4881-b39c-4bbf8277e1e4,471cecff-d016-42b4-887e-58ad5d797648,c1,c3,1784,?,i8,
1769449908.2150257,FORWARDED,4e0bb4d5-6e9b-4881-b39c-4bbf8277e1e4,471cecff-d016-42b4-887e-58ad5d797648,c1,c3,1784,?,i8,
1769449908.2298737,RECEIVED,69c3aa3a-e644-44bd-a50d-ffef08599fb7,dbf35b7a-595c-4a28-9ae1-ce3305e68c86,c5,DROP,1451,p2,?,
1769449908.3492517,RECEIVED,f7c459ef-3bc4-4379-adcb-5958e19c73b5,8de2f684-a994-4db5-a6be-dfc225587015,c1,DROP,1452,p1,?,
1769449908.4153361,SENT,85d7ba89-1422-4cd6-98d5-33cd9c9da111,a313a4ed-4217-4d53-9891-d0ea17c5ec28,c4,c5,1759,?,i6,
1769449908.4153953,FORWARDED,85d7ba89-1422-4cd6-98d5-33cd9c9da111,a313a4ed-4217-4d53-9891-d0ea17c5ec28,c4,c5,1759,?,i6,
1769449908.4164393,RECEIVED,315ca26e-153d-43c0-9d7d-f68c4fc8446d,cc04e9cf-cb32-45ab-85c8-62fa10d7f1d3,c3,c5,2447,p3,?,
1769449908.4763594,SENT,f7c459ef-3bc4-4379-adcb-5958e19c73b5,8de2f684-a994-4db5-a6be-dfc225587015,c1,DROP,1016,?,i3,
1769449908.4764035,FORWARDED,f7c459ef-3bc4-4379-adcb-5958e19c73b5,8de2f684-a994-4db5-a6be-dfc225587015,c1,DROP,1016,?,i3,
1769449908.5504284,RECEIVED,2581d801-a3d7-4829-9c0e-ed57b434f3ab,0caa11f9-c211-43e9-9017-39db0fea7adf,c1,DROP,1442,p1,?,
1769449908.6334217,SENT,69c3aa3a-e644-44bd-a50d-ffef08599fb7,dbf35b7a-595c-4a28-9ae1-ce3305e68c86,c5,DROP,1016,?,i9,
1769449908.6334658,FORWARDED,69c3aa3a-e644-44bd-a50d-ffef08599fb7,dbf35b7a-595c-4a28-9ae1-ce3305e68c86,c5,DROP,1016,?,i9,
1769449908.640007,RECEIVED,dce48bf8-844a-4fcf-a37c-ea993451ede0,f4f89bdc-86d4-4493-87d3-ca2a72eda9cb,c1,c3,2464,p1,?,
1769449908.7218876,RECEIVED,67b6a53e-0c0c-481d-8f46-0ac96851455a,c7dfab8e-043a-4b5c-be38-a4f6d39c8933,c1,c3,2465,p1,?,
1769449909.0179853,SENT,dce48bf8-844a-4fcf-a37c-ea993451ede0,f4f89bdc-86d4-4493-87d3-ca2a72eda9cb,c1,c3,1776,?,i1,
1769449909.0180268,FORWARDED,dce48bf8-844a-4fcf-a37c-ea993451ede0,f4f89bdc-86d4-4493-87d3-ca2a72eda9cb,c1,c3,1776,?,i1,
1769449909.13169,RECEIVED,9f40b68c-cba1-4317-b1b6-bd1098a53592,6c04301d-a3e4-4b79-b4aa-189db8792dc2,c4,c5,2463,p1,?,
1769449909.1722426,SENT,67b6a53e-0c0c-481d-8f46-0ac96851455a,c7dfab8e-043a-4b5c-be38-a4f6d39c8933,c1,c3,1775,?,i10,
1769449909.1722775,FORWARDED,67b6a53e-0c0c-481d-8f46-0ac96851455a,c7dfab8e-043a-4b5c-be38-a4f6d39c8933,c1,c3,1775,?,i10,
1769449909.4024985,RECEIVED,76bd9164-e11a-4052-95db-6119dd2dc283,e6729d33-4a60-4750-af11-f8dabda21bf7,c3,DROP,1438,p3,?,
1769449909.415442,SENT,2581d801-a3d7-4829-9c0e-ed57b434f3ab,0caa11f9-c211-43e9-9017-39db0fea7adf,c1,DROP,1011,?,i3,
1769449909.4154842,FORWARDED,2581d801-a3d7-4829-9c0e-ed57b434f3ab,0caa11f9-c211-43e9-9017-39db0fea7adf,c1,DROP,1011,?,i3,
1769449909.542975,RECEIVED,8a636de0-ab5a-405a-8102-206905a26a52,d3e3bc78-e450-4e3e-a5d5-9126400dd3eb,c5,DROP,1438,p2,?,
1769449909.5674322,RECEIVED,976b743c-47bb-4fe4-84b0-649da2945b02,fc29a66e-d940-4dab-9cc3-8c37ee1afffc,c5,DROP,1423,p2,?,
1769449909.6157117,RECEIVED,e9250802-94b2-4617-9b4d-1cf12d065295,bc5b8832-65b5-4317-bb64-dcd8bea6c17c,c3,c5,2459,p3,?,
1769449909.6268036,RECEIVED,e5abf6a0-7ad5-42c7-a9ac-82b37fa6c47a,7afcd41f-ce4a-4f49-9e47-75aa649d162f,c1,DROP,440,x1,?,
1769449909.7475634,RECEIVED,feb42ded-30c7-473b-a109-95b14d0db98a,de10678a-f90b-4ec9-b94e-5decc54a4028,c2,c1,2455,p2,?,
1769449909.8126109,RECEIVED,0d3eb917-83e3-451e-a081-6244fc1b25c4,651e4fbd-0c5f-4971-a2e9-1cfa6f706cfd,c5,DROP,441,x10,?,
1769449909.839293,SENT,315ca26e-153d-43c0-9d7d-f68c4fc8446d,cc04e9cf-cb32-45ab-85c8-62fa10d7f1d3,c3,c5,1763,?,i9,
1769449909.8393347,FORWARDED,315ca26e-153d-43c0-9d7d-f68c4fc8446d,cc04e9cf-cb32-45ab-85c8-62fa10d7f1d3,c3,c5,1763,?,i9,
1769449909.9282029,RECEIVED,a7fe8ae7-79fe-4559-8e3e-065963550579,28f19d8b-c68a-4d5f-9cc2-1ffb8879d3c3,c5,DROP,1441,p2,?,
1769449909.9523306,RECEIVED,2bf6d766-715a-4262-828c-7df0c2fa44cd,ca875c5c-f5cc-41dc-a071-f162e5b9eeb1,c4,DROP,1444,p1,?,
1769449910.0540395,SENT,976b743c-47bb-4fe4-84b0-649da2945b02,fc29a66e-d940-4dab-9cc3-8c37ee1afffc,c5,DROP,995,?,i7,
1769449910.0540934,FORWARDED,976b743c-47bb-4fe4-84b0-649da2945b02,fc29a66e-d940-4dab-9cc3-8c37ee1afffc,c5,DROP,995,?,i7,
1769449910.0797122,SENT,feb42ded-30c7-473b-a109-95b14d0db98a,de10678a-f90b-4ec9-b94e-5decc54a4028,c2,c1,1768,?,i1,
1769449910.0797558,FORWARDED,feb42ded-30c7-473b-a109-95b14d0db98a,de10678a-f90b-4ec9-b94e-5decc54a4028,c2,c1,1768,?,i1,
1769449910.0889912,RECEIVED,5bbf7774-f26b-472e-9d2b-3183e3bf07db,ab34f11a-e167-4117-8231-d74d633f02ba,c4,c5,2467,p1,?,
1769449910.1030161,SENT,a7fe8ae7-79fe-4559-8e3e-065963550579,28f19d8b-c68a-4d5f-9cc2-1ffb8879d3c3,c5,DROP,1008,?,i11,
1769449910.1030736,FORWARDED,a7fe8ae7-79fe-4559-8e3e-065963550579,28f19d8b-c68a-4d5f-9cc2-1ffb8879d3c3,c5,DROP,1008,?,i11,
1769449910.1143582,SENT,9f40b68c-cba1-4317-b1b6-bd1098a53592,6c04301d-a3e4-4b79-b4aa-189db8792dc2,c4,c5,1776,?,i8,
1769449910.114396,FORWARDED,9f40b68c-cba1-4317-b1b6-bd1098a53592,6c04301d-a3e4-4b79-b4aa-189db8792dc2,c4,c5,1776,?,i8,
1769449910.1423576,SENT,2bf6d766-715a-4262-828c-7df0c2fa44cd,ca875c5c-f5cc-41dc-a071-f162e5b9eeb1,c4,DROP,1011,?,i11,
1769449910.1423993,FORWARDED,2bf6d766-715a-4262-828c-7df0c2fa44cd,ca875c5c-f5cc-41dc-a071-f162e5b9eeb1,c4,DROP,1011,?,i11,
1769449910.2635655,RECEIVED,a47b7769-bb1b-446b-b2ba-173afa669604,d8c778f7-9ca5-4662-aa63-74ccd750f4ef,c1,c3,2479,p1,?,
1769449910.2654152,SENT,5bbf7774-f26b-472e-9d2b-3183e3bf07db,ab34f11a-e167-4117-8231-d74d633f02ba,c4,c5,1779,?,i4,
1769449910.2654567,FORWARDED,5bbf7774-f26b-472e-9d2b-3183e3bf07db,ab34f11a-e167-4117-8231-d74d633f02ba,c4,c5,1779,?,i4,
1769449910.2901826,RECEIVED,768b2125-420f-4d1e-8b30-abeb3d41b513,439d98ae-37a3-44fb-935b-5302df67099c,c2,DROP,1439,p2,?,
1769449910.3070421,RECEIVED,1c1beb5c-2e65-46fb-9ed7-539c0cd60c52,b9c52fb6-bf41-4861-bfe8-097bbfb870c9,c2,DROP,1455,p2,?,
1769449910.4006891,SENT,76bd9164-e11a-4052-95db-6119dd2dc283,e6729d33-4a60-4750-af11-f8dabda21bf7,c3,DROP,1008,?,i1,
1769449910.4007432,FORWARDED,76bd9164-e11a-4052-95db-6119dd2dc283,e6729d33-4a60-4750-af11-f8dabda21bf7,c3,DROP,1008,?,i1,
1769449910.4033866,RECEIVED,fc855dc5-d68c-4892-96a9-93a38731e3b6,4e0bae83-94a0-4b78-917e-e64fbe262b7d,c2,DROP,1443,p2,?,
1769449910.6834543,SENT,8a636de0-ab5a-405a-8102-206905a26a52,d3e3bc78-e450-4e3e-a5d5-9126400dd3eb,c5,DROP,1007,?,i5,
1769449910.6834936,FORWARDED,8a636de0-ab5a-405a-8102-206905a26a52,d3e3bc78-e450-4e3e-a5d5-9126400dd3eb,c5,DROP,1007,?,i5,
1769449910.758805,RECEIVED,d7cf605e-895c-42a4-9748-ef948cbba782,0db373d4-7990-4054-ad2e-f993801c3052,c2,DROP,1451,p2,?,
1769449910.8683171,SENT,e9250802-94b2-4617-9b4d-1cf12d065295,bc5b8832-65b5-4317-bb64-dcd8bea6c17c,c3,c5,1771,?,i5,
1769449910.8683586,FORWARDED,e9250802-94b2-4617-9b4d-1cf12d065295,bc5b8832-65b5-4317-bb64-dcd8bea6c17c,c3,c5,1771,?,i5,
1769449910.9760275,SENT,fc855dc5-d68c-4892-96a9-93a38731e3b6,4e0bae83-94a0-4b78-917e-e64fbe262b7d,c2,DROP,1011,?,i5,
1769449910.976151,FORWARDED,fc855dc5-d68c-4892-96a9-93a38731e3b6,4e0bae83-94a0-4b78-917e-e64fbe262b7d,c2,DROP,1011,?,i5,
1769449911.0337405,RECEIVED,b73c77a1-c53d-4691-b191-e171ab9131dc,dc38f49a-6094-46c1-9762-00c5595978fb,c2,DROP,1452,p2,?,
1769449911.1334915,SENT,d7cf605e-895c-42a4-9748-ef948cbba782,0db373d4-7990-4054-ad2e-f993801c3052,c2,DROP,1016,?,i8,
1769449911.1335316,FORWARDED,d7cf605e-895c-42a4-9748-ef948cbba782,0db373d4-7990-4054-ad2e-f993801c3052,c2,DROP,1016,?,i8,
1769449911.2270327,SENT,1c1beb5c-2e65-46fb-9ed7-539c0cd60c52,b9c52fb6-bf41-4861-bfe8-097bbfb870c9,c2,DROP,1020,?,i9,
1769449911.2270813,FORWARDED,1c1beb5c-2e65-46fb-9ed7-539c0cd60c52,b9c52fb6-bf41-4861-bfe8-097bbfb870c9,c2,DROP,1020,?,i9,
1769449911.2664394,SENT,768b2125-420f-4d1e-8b30-abeb3d41b513,439d98ae-37a3-44fb-935b-5302df67099c,c2,DROP,1008,?,i6,
1769449911.2664886,FORWARDED,768b2125-420f-4d1e-8b30-abeb3d41b513,439d98ae-37a3-44fb-935b-5302df67099c,c2,DROP,1008,?,i6,
1769449911.2780092,SENT,b73c77a1-c53d-4691-b191-e171ab9131dc,dc38f49a-6094-46c1-9762-00c5595978fb,c2,DROP,1015,?,i5,
1769449911.2780588,FORWARDED,b73c77a1-c53d-4691-b191-e171ab9131dc,dc38f49a-6094-46c1-9762-00c5595978fb,c2,DROP,1015,?,i5,
1769449911.4562685,RECEIVED,f1ddb14d-4537-4b82-9f80-0c180802f687,9d205ea2-8191-4374-93c3-d64bf66f1e6d,c4,c5,2472,p1,?,
1769449911.4598167,RECEIVED,005d0974-d3f1-48ef-b2f1-819da16009e9,183ad251-3c4f-4d10-8d71-2613871894ae,c1,DROP,1444,p1,?,
1769449911.5072036,RECEIVED,22d9820d-c96c-4e1c-b281-d1f6a1db15cb,b9d386ff-aa3f-4f3c-bab7-5a7f830d2a8d,c2,DROP,1440,p2,?,
1769449911.548623,RECEIVED,2e08f2e4-bf42-46d5-9c46-bceb6b89eae6,ce60c964-9cef-431a-a08a-48a0407918e2,c1,DROP,1444,p1,?,
1769449911.5799553,SENT,22d9820d-c96c-4e1c-b281-d1f6a1db15cb,b9d386ff-aa3f-4f3c-bab7-5a7f830d2a8d,c2,DROP,1008,?,i9,
1769449911.5799983,FORWARDED,22d9820d-c96c-4e1c-b281-d1f6a1db15cb,b9d386ff-aa3f-4f3c-bab7-5a7f830d2a8d,c2,DROP,1008,?,i9,
1769449911.5891323,SENT,2e08f2e4-bf42-46d5-9c46-bceb6b89eae6,ce60c964-9cef-431a-a08a-48a0407918e2,c1,DROP,1011,?,i2,
1769449911.5891743,FORWARDED,2e08f2e4-bf42-46d5-9c46-bceb6b89eae6,ce60c964-9cef-431a-a08a-48a0407918e2,c1,DROP,1011,?,i2,
1769449911.5958946,SENT,f1ddb14d-4537-4b82-9f80-0c180802f687,9d205ea2-8191-4374-93c3-d64bf66f1e6d,c4,c5,1780,?,i2,
1769449911.5959344,FORWARDED,f1ddb14d-4537-4b82-9f80-0c180802f687,9d205ea2-8191-4374-93c3-d64bf66f1e6d,c4,c5,1780,?,i2,
1769449911.7143466,RECEIVED,356b3f96-a37f-49af-81d1-72720910b516,68b7064c-df55-4e42-b0e8-f85da84fdc85,c3,DROP,1435,p3,?,
1769449912.1049628,RECEIVED,d5af955d-ff7d-4906-a212-c21a4ef1b72c,63e9ee67-0d26-413e-95e0-5b2931eaf2f2,c1,DROP,1440,p1,?,
1769449912.200741,SENT,d5af955d-ff7d-4906-a212-c21a4ef1b72c,63e9ee67-0d26-413e-95e0-5b2931eaf2f2,c1,DROP,1007,?,i9,
1769449912.2007823,FORWARDED,d5af955d-ff7d-4906-a212-c21a4ef1b72c,63e9ee67-0d26-413e-95e0-5b2931eaf2f2,c1,DROP,1007,?,i9,
1769449912.3187566,RECEIVED,ede65320-5e45-4d1c-8515-3aaf13a8e119,a30bc145-f760-4ca6-958e-34d164e3ab48,c5,c4,2477,p2,?,
1769449912.405373,SENT,ede65320-5e45-4d1c-8515-3aaf13a8e119,a30bc145-f760-4ca6-958e-34d164e3ab48,c5,c4,1784,?,i12,
1769449912.405416,FORWARDED,ede65320-5e45-4d1c-8515-3aaf13a8e119,a30bc145-f760-4ca6-958e-34d164e3ab48,c5,c4,1784,?,i12,
1769449912.4648027,SENT,005d0974-d3f1-48ef-b2f1-819da16009e9,183ad251-3c4f-4d10-8d71-2613871894ae,c1,DROP,1010,?,i10,
1769449912.4648428,FORWARDED,005d0974-d3f1-48ef-b2f1-819da16009e9,183ad251-3c4f-4d10-8d71-2613871894ae,c1,DROP,1010,?,i10,
1769449912.5905554,SENT,356b3f96-a37f-49af-81d1-72720910b516,68b7064c-df55-4e42-b0e8-f85da84fdc85,c3,DROP,1005,?,i3,
1769449912.5905976,FORWARDED,356b3f96-a37f-49af-81d1-72720910b516,68b7064c-df55-4e42-b0e8-f85da84fdc85,c3,DROP,1005,?,i3,
1769449912.6692266,SENT,a47b7769-bb1b-446b-b2ba-173afa669604,d8c778f7-9ca5-4662-aa63-74ccd750f4ef,c1,c3,1787,?,i1,
1769449912.6692677,FORWARDED,a47b7769-bb1b-446b-b2ba-173afa669604,d8c778f7-9ca5-4662-aa63-74ccd750f4ef,c1,c3,1787,?,i1,
1769449913.0373306,RECEIVED,3b4bf26f-c479-4ad2-b5b2-d4a94ce3d1f4,863ecc09-ae5d-4a6e-866f-ee5164052ea4,c5,DROP,1451,p2,?,
1769449913.0510662,RECEIVED,533c3747-e597-4c4c-bbbe-6ba2cde4845a,2aed4486-3bc2-413e-bfd5-759b0d18adc0,c2,c1,2459,p2,?,
1769449913.2536604,RECEIVED,729272f6-6928-4f90-a735-d2c3198e10c8,41b45af5-ca59-43d0-ab11-6161a41f06c8,c2,c1,2467,p2,?,
1769449913.289707,RECEIVED,2ca72411-43ac-434c-8387-65f07dd9d222,fa107534-2006-4b72-b301-41b0002a1cbc,c3,DROP,1448,p3,?,
1769449913.350437,SENT,2ca72411-43ac-434c-8387-65f07dd9d222,fa107534-2006-4b72-b301-41b0002a1cbc,c3,DROP,1012,?,i4,
1769449913.350479,FORWARDED,2ca72411-43ac-434c-8387-65f07dd9d222,fa107534-2006-4b72-b301-41b0002a1cbc,c3,DROP,1012,?,i4,
1769449913.4648433,SENT,533c3747-e597-4c4c-bbbe-6ba2cde4845a,2aed4486-3bc2-413e-bfd5-759b0d18adc0,c2,c1,1772,?,i8,
1769449913.4648814,FORWARDED,533c3747-e597-4c4c-bbbe-6ba2cde4845a,2aed4486-3bc2-413e-bfd5-759b0d18adc0,c2,c1,1772,?,i8,
1769449913.5064564,RECEIVED,1f6a28e5-bec9-409d-b6de-6e00f0020840,a40a2b58-4140-4324-8b3c-a6e2795e2df9,c5,c4,2455,p2,?,
1769449913.7091358,RECEIVED,c9b42bbd-cd24-4379-b220-412193ac8dd6,8308b334-84de-4b1a-a9a4-06c38adf214e,c3,DROP,1439,p3,?,
1769449913.888015,SENT,729272f6-6928-4f90-a735-d2c3198e10c8,41b45af5-ca59-43d0-ab11-6161a41f06c8,c2,c1,1777,?,i1,
1769449913.8880792,FORWARDED,729272f6-6928-4f90-a735-d2c3198e10c8,41b45af5-ca59-43d0-ab11-6161a41f06c8,c2,c1,1777,?,i1,
1769449913.9312944,SENT,1f6a28e5-bec9-409d-b6de-6e00f0020840,a40a2b58-4140-4324-8b3c-a6e2795e2df9,c5,c4,1769,?,i5,
1769449913.9313354,FORWARDED,1f6a28e5-bec9-409d-b6de-6e00f0020840,a40a2b58-4140-4324-8b3c-a6e2795e2df9,c5,c4,1769,?,i5,
1769449913.9611106,RECEIVED,9da219e6-5e80-4fa5-aa3c-ec9c62cfe7cc,a4cdcac2-3a2c-4334-82c9-ac83307e08a6,c5,DROP,441,x6,?,
1769449914.0756395,SENT,c9b42bbd-cd24-4379-b220-412193ac8dd6,8308b334-84de-4b1a-a9a4-06c38adf214e,c3,DROP,1007,?,i2,
1769449914.0756998,FORWARDED,c9b42bbd-cd24-4379-b220-412193ac8dd6,8308b334-84de-4b1a-a9a4-06c38adf214e,c3,DROP,1007,?,i2,
1769449914.1619155,RECEIVED,85b2b021-c10d-423c-94b5-36e0cd98aa78,1bf6f630-d51a-4e38-bcef-1ac238b8468e,c4,c5,2459,p1,?,
1769449914.1750977,RECEIVED,a9f1a0aa-11cb-4c46-ad43-bc492cb40655,fd28ff39-e9a1-4169-9b57-cddf3bdf4d62,c1,DROP,440,x3,?,
1769449914.319738,SENT,85b2b021-c10d-423c-94b5-36e0cd98aa78,1bf6f630-d51a-4e38-bcef-1ac238b8468e,c4,c5,1773,?,i9,
1769449914.3197777,FORWARDED,85b2b021-c10d-423c-94b5-36e0cd98aa78,1bf6f630-d51a-4e38-bcef-1ac238b8468e,c4,c5,1773,?,i9,
1769449914.4517057,RECEIVED,f5db74c4-1a2e-4623-9892-e2708128feca,e21359fc-64d4-47de-8005-6a7bf376e711,c3,c5,2443,p3,?,
1769449914.5992084,RECEIVED,c3838bae-3376-4cb3-bb92-b1f98aaaf33d,bed9e3d1-efeb-45c8-a41e-6e0a9f1a5de7,c3,DROP,1440,p3,?,
1769449914.6621256,SENT,c3838bae-3376-4cb3-bb92-b1f98aaaf33d,bed9e3d1-efeb-45c8-a41e-6e0a9f1a5de7,c3,DROP,1006,?,i8,
1769449914.662166,FORWARDED,c3838bae-3376-4cb3-bb92-b1f98aaaf33d,bed9e3d1-efeb-45c8-a41e-6e0a9f1a5de7,c3,DROP,1006,?,i8,
1769449914.845359,SENT,3b4bf26f-c479-4ad2-b5b2-d4a94ce3d1f4,863ecc09-ae5d-4a6e-866f-ee5164052ea4,c5,DROP,1017,?,i2,
1769449914.8454003,FORWARDED,3b4bf26f-c479-4ad2-b5b2-d4a94ce3d1f4,863ecc09-ae5d-4a6e-866f-ee5164052ea4,c5,DROP,1017,?,i2,
1769449914.9754388,RECEIVED,0ee8f939-de7b-4858-9f13-78d2dba2d91b,c29d5025-199d-41e7-a75f-6fda558429ef,c4,c5,2443,p1,?,
1769449915.109093,SENT,f5db74c4-1a2e-4623-9892-e2708128feca,e21359fc-64d4-47de-8005-6a7bf376e711,c3,c5,1760,?,i2,
1769449915.1091285,FORWARDED,f5db74c4-1a2e-4623-9892-e2708128feca,e21359fc-64d4-47de-8005-6a7bf376e711,c3,c5,1760,?,i2,
1769449915.1123512,RECEIVED,f2e6b7f2-1ca9-4247-a621-5d4f189f6b84,d1c76b3c-bb8a-465c-92db-7729f93536ab,c4,c5,2455,p1,?,
1769449915.3209527,SENT,f2e6b7f2-1ca9-4247-a621-5d4f189f6b84,d1c76b3c-bb8a-465c-92db-7729f93536ab,c4,c5,1770,?,i4,
1769449915.3209922,FORWARDED,f2e6b7f2-1ca9-4247-a621-5d4f189f6b84,d1c76b3c-bb8a-465c-92db-7729f93536ab,c4,c5,1770,?,i4,
1769449915.360638,RECEIVED,371eca20-f927-461a-b87d-b3c3ced92303,131c2738-a0ca-40a6-ad46-3e1629d77f5c,c2,DROP,445,x12,?,
1769449915.407176,RECEIVED,cb8ba7af-d3e3-4e1b-9b60-71b3455aacc0,3f7a2d4a-e097-405c-9a03-6d23adc5d92d,c1,c3,2463,p1,?,
1769449915.4911435,RECEIVED,c576a9e6-8828-4e79-81fe-99bcd849fd63,8df8973d-0f92-4255-9135-dc3b6ffb282a,c5,c4,2456,p2,?,
1769449915.498618,SENT,0ee8f939-de7b-4858-9f13-78d2dba2d91b,c29d5025-199d-41e7-a75f-6fda558429ef,c4,c5,1760,?,i9,
1769449915.4986598,FORWARDED,0ee8f939-de7b-4858-9f13-78d2dba2d91b,c29d5025-199d-41e7-a75f-6fda558429ef,c4,c5,1760,?,i9,
1769449915.5111997,RECEIVED,147a9852-3fd3-40d4-aeeb-ebe3e2076d06,be1ad7d0-ed54-4b36-9765-eed76fae50c2,c5,c4,2472,p2,?,
1769449915.8271763,SENT,147a9852-3fd3-40d4-aeeb-ebe3e2076d06,be1ad7d0-ed54-4b36-9765-eed76fae50c2,c5,c4,1780,?,i2,
1769449915.8272166,FORWARDED,147a9852-3fd3-40d4-aeeb-ebe3e2076d06,be1ad7d0-ed54-4b36-9765-eed76fae50c2,c5,c4,1780,?,i2,
1769449915.8294036,RECEIVED,9868ff97-3f4d-4509-8e2e-a304f32035b5,8d1fb304-c7ba-4b52-b083-efff878fffc8,c4,c5,2463,p1,?,
1769449915.8421788,RECEIVED,ab467788-39cb-44f7-ba1d-f4450e8807f0,9fd8a834-9470-42eb-b471-ec712bfa63ee,c4,c5,2463,p1,?,
1769449915.895678,RECEIVED,90f85f4d-e4fc-4cc9-ae07-15ca357c0fa0,892ad759-dc2b-4870-8d5b-c68a5351ebba,c1,DROP,1457,p1,?,
1769449915.9459708,SENT,c576a9e6-8828-4e79-81fe-99bcd849fd63,8df8973d-0f92-4255-9135-dc3b6ffb282a,c5,c4,1770,?,i5,
1769449915.946009,FORWARDED,c576a9e6-8828-4e79-81fe-99bcd849fd63,8df8973d-0f92-4255-9135-dc3b6ffb282a,c5,c4,1770,?,i5,
1769449915.9489412,SENT,9868ff97-3f4d-4509-8e2e-a304f32035b5,8d1fb304-c7ba-4b52-b083-efff878fffc8,c4,c5,1775,?,i3,
1769449915.948986,FORWARDED,9868ff97-3f4d-4509-8e2e-a304f32035b5,8d1fb304-c7ba-4b52-b083-efff878fffc8,c4,c5,1775,?,i3,
1769449915.9811854,SENT,90f85f4d-e4fc-4cc9-ae07-15ca357c0fa0,892ad759-dc2b-4870-8d5b-c68a5351ebba,c1,DROP,1020,?,i11,
1769449915.9812276,FORWARDED,90f85f4d-e4fc-4cc9-ae07-15ca357c0fa0,892ad759-dc2b-4870-8d5b-c68a5351ebba,c1,DROP,1020,?,i11,
1769449916.3772218,SENT,cb8ba7af-d3e3-4e1b-9b60-71b3455aacc0,3f7a2d4a-e097-405c-9a03-6d23adc5d92d,c1,c3,1776,?,i8,
1769449916.3772616,FORWARDED,cb8ba7af-d3e3-4e1b-9b60-71b3455aacc0,3f7a2d4a-e097-405c-9a03-6d23adc5d92d,c1,c3,1776,?,i8,
1769449916.3890386,RECEIVED,4cc9600e-edd5-420a-bd00-0627c8ffff3f,7b5c7f9b-73e9-42f4-92db-503f5d4f0658,c1,DROP,1447,p1,?,
1769449916.4007378,RECEIVED,b967f97a-9b91-4a1b-a4e9-7e83ed7a008a,953ae36b-ee22-485a-a672-7855beddd24b,c3,c5,2458,p3,?,
1769449916.4258497,RECEIVED,1fed8b47-49fb-4953-8ab9-33163b0bc3f5,f4c8ebc5-a0b0-4129-b4b5-efaded7f40a5,c2,c1,2476,p2,?,
1769449916.4410763,RECEIVED,aa1314f5-196d-4781-bbdc-4b4d336e4611,40ec54d3-54f4-40ee-8c3c-380c6fc4b587,c1,DROP,1447,p1,?,
1769449916.476179,SENT,aa1314f5-196d-4781-bbdc-4b4d336e4611,40ec54d3-54f4-40ee-8c3c-380c6fc4b587,c1,DROP,1010,?,i10,
1769449916.476221,FORWARDED,aa1314f5-196d-4781-bbdc-4b4d336e4611,40ec54d3-54f4-40ee-8c3c-380c6fc4b587,c1,DROP,1010,?,i10,
1769449916.4801657,SENT,ab467788-39cb-44f7-ba1d-f4450e8807f0,9fd8a834-9470-42eb-b471-ec712bfa63ee,c4,c5,1776,?,i3,
1769449916.4802082,FORWARDED,ab467788-39cb-44f7-ba1d-f4450e8807f0,9fd8a834-9470-42eb-b471-ec712bfa63ee,c4,c5,1776,?,i3,
1769449916.5317166,RECEIVED,c5171d23-422a-45ac-bc7d-e0a995b59699,b2c3a2ac-c8dd-4d45-aed1-4276e924bf28,c3,DROP,441,x1,?,
1769449916.5625722,SENT,4cc9600e-edd5-420a-bd00-0627c8ffff3f,7b5c7f9b-73e9-42f4-92db-503f5d4f0658,c1,DROP,1012,?,i6,
1769449916.56261,FORWARDED,4cc9600e-edd5-420a-bd00-0627c8ffff3f,7b5c7f9b-73e9-42f4-92db-503f5d4f0658,c1,DROP,1012,?,i6,
1769449916.6371884,SENT,1fed8b47-49fb-4953-8ab9-33163b0bc3f5,f4c8ebc5-a0b0-4129-b4b5-efaded7f40a5,c2,c1,1784,?,i7,
1769449916.6372302,FORWARDED,1fed8b47-49fb-4953-8ab9-33163b0bc3f5,f4c8ebc5-a0b0-4129-b4b5-efaded7f40a5,c2,c1,1784,?,i7,
1769449916.7080195,RECEIVED,99b55fb4-555b-49f6-8487-c8cfdca6ebc4,78d74013-36ac-4cb8-b451-5b9e6a344d92,c3,DROP,1441,p3,?,
1769449916.7495697,RECEIVED,e901af1b-2ef0-4b42-8de6-eb62240b69b3,fbda3bf5-a175-4460-823d-79166b062b23,c5,DROP,1448,p2,?,
1769449916.7806115,SENT,99b55fb4-555b-49f6-8487-c8cfdca6ebc4,78d74013-36ac-4cb8-b451-5b9e6a344d92,c3,DROP,1007,?,i12,
1769449916.7806532,FORWARDED,99b55fb4-555b-49f6-8487-c8cfdca6ebc4,78d74013-36ac-4cb8-b451-5b9e6a344d92,c3,DROP,1007,?,i12,
1769449916.8589945,RECEIVED,652ed9aa-d1eb-4a47-9f87-03acb16c72a3,3553d361-d619-4df8-b24d-d641af63d55f,c5,c4,2475,p2,?,
1769449916.8608942,RECEIVED,e4d46b3d-67c9-456b-b258-4e90e07c07b8,b03d348d-1bce-47dc-b381-b42129049527,c5,c4,2470,p2,?,
1769449916.8849714,RECEIVED,9220bc6c-8236-4ffb-a0f6-5f4279a3730c,c5fab3c1-f471-424f-81b7-aa0f4e0451db,c5,c4,2455,p2,?,
1769449916.885408,SENT,e4d46b3d-67c9-456b-b258-4e90e07c07b8,b03d348d-1bce-47dc-b381-b42129049527,c5,c4,1779,?,i10,
1769449916.8854454,FORWARDED,e4d46b3d-67c9-456b-b258-4e90e07c07b8,b03d348d-1bce-47dc-b381-b42129049527,c5,c4,1779,?,i10,
1769449916.8986032,RECEIVED,bbbf4ead-226a-4fc5-b4fd-93643e859a19,aa77214c-1d03-4dd0-bfd5-2dbf2ed822a4,c3,c5,2460,p3,?,
1769449917.2511225,RECEIVED,a7192212-3252-4eb3-b3bc-ba796d262187,b21d9702-2836-493a-9c7a-7452a2d2488a,c1,DROP,1453,p1,?,
1769449917.2867067,RECEIVED,fffe1e89-8538-4a31-9116-945b27794b1c,15813231-0109-44fd-b24d-15f630da7a38,c2,DROP,441,x10,?,
1769449917.3247511,RECEIVED,feb0d789-5394-4ac1-8af1-244952ec9749,3f2a21b1-c41e-4fac-accd-f05257daa34a,c4,DROP,1440,p1,?,
1769449917.345343,SENT,bbbf4ead-226a-4fc5-b4fd-93643e859a19,aa77214c-1d03-4dd0-bfd5-2dbf2ed822a4,c3,c5,1772,?,i5,
1769449917.3453927,FORWARDED,bbbf4ead-226a-4fc5-b4fd-93643e859a19,aa77214c-1d03-4dd0-bfd5-2dbf2ed822a4,c3,c5,1772,?,i5,
1769449917.3599665,SENT,a7192212-3252-4eb3-b3bc-ba796d262187,b21d9702-2836-493a-9c7a-7452a2d2488a,c1,DROP,1016,?,i11,
1769449917.3600059,FORWARDED,a7192212-3252-4eb3-b3bc-ba796d262187,b21d9702-2836-493a-9c7a-7452a2d2488a,c1,DROP,1016,?,i11,
1769449917.3698652,SENT,e901af1b-2ef0-4b42-8de6-eb62240b69b3,fbda3bf5-a175-4460-823d-79166b062b23,c5,DROP,1012,?,i12,
1769449917.3699093,FORWARDED,e901af1b-2ef0-4b42-8de6-eb62240b69b3,fbda3bf5-a175-4460-823d-79166b062b23,c5,DROP,1012,?,i12,
1769449917.4469275,RECEIVED,9942d0f7-93f8-44f7-9a6f-28e4e36be539,9836b2c3-8abc-4491-8f7f-ef669d5e7567,c5,c4,2460,p2,?,
1769449917.4765046,SENT,feb0d789-5394-4ac1-8af1-244952ec9749,3f2a21b1-c41e-4fac-accd-f05257daa34a,c4,DROP,1006,?,i3,
1769449917.476543,FORWARDED,feb0d789-5394-4ac1-8af1-244952ec9749,3f2a21b1-c41e-4fac-accd-f05257daa34a,c4,DROP,1006,?,i3,
1769449917.574147,RECEIVED,4130515b-6cb0-41b3-ab71-54ebd6c705f9,b6159912-528d-413e-a3d1-c966d7c887e2,c4,DROP,1440,p1,?,
1769449917.6233637,SENT,9942d0f7-93f8-44f7-9a6f-28e4e36be539,9836b2c3-8abc-4491-8f7f-ef669d5e7567,c5,c4,1773,?,i5,
1769449917.6234047,FORWARDED,9942d0f7-93f8-44f7-9a6f-28e4e36be539,9836b2c3-8abc-4491-8f7f-ef669d5e7567,c5,c4,1773,?,i5,
1769449917.6291356,RECEIVED,1b34d4e8-5ad3-4416-82c7-8a8f65fc5d33,5bf747e1-9857-41b2-86ba-eeacacef9737,c5,c4,2456,p2,?,
1769449917.65607,RECEIVED,317524b5-5ab9-4135-872e-db79f0cc72b3,e2a2b6f2-e047-4a03-8186-fd44ac16d4ce,c4,DROP,1443,p1,?,
1769449917.6803362,RECEIVED,c766e8cf-5a64-409b-bfec-013253523524,2a23d920-a920-4be4-8a24-abe3492ddea9,c3,c5,2459,p3,?,
1769449917.7005088,SENT,1b34d4e8-5ad3-4416-82c7-8a8f65fc5d33,5bf747e1-9857-41b2-86ba-eeacacef9737,c5,c4,1768,?,i9,
1769449917.7005506,FORWARDED,1b34d4e8-5ad3-4416-82c7-8a8f65fc5d33,5bf747e1-9857-41b2-86ba-eeacacef9737,c5,c4,1768,?,i9,
1769449917.7024577,SENT,317524b5-5ab9-4135-872e-db79f0cc72b3,e2a2b6f2-e047-4a03-8186-fd44ac16d4ce,c4,DROP,1011,?,i7,
1769449917.7024922,FORWARDED,317524b5-5ab9-4135-872e-db79f0cc72b3,e2a2b6f2-e047-4a03-8186-fd44ac16d4ce,c4,DROP,1011,?,i7,
1769449917.7049031,SENT,652ed9aa-d1eb-4a47-9f87-03acb16c72a3,3553d361-d619-4df8-b24d-d641af63d55f,c5,c4,1784,?,i7,
1769449917.7049434,FORWARDED,652ed9aa-d1eb-4a47-9f87-03acb16c72a3,3553d361-d619-4df8-b24d-d641af63d55f,c5,c4,1784,?,i7,
1769449917.7412498,RECEIVED,6ddf396b-78ff-4fd5-b3c9-b1ca4951893d,23012fd1-3235-45af-89bc-0dccbe4c1d8a,c3,c5,2461,p3,?,
1769449917.8078132,SENT,4130515b-6cb0-41b3-ab71-54ebd6c705f9,b6159912-528d-413e-a3d1-c966d7c887e2,c4,DROP,1008,?,i7,
1769449917.807854,FORWARDED,4130515b-6cb0-41b3-ab71-54ebd6c705f9,b6159912-528d-413e-a3d1-c966d7c887e2,c4,DROP,1008,?,i7,
1769449917.8192024,SENT,c766e8cf-5a64-409b-bfec-013253523524,2a23d920-a920-4be4-8a24-abe3492ddea9,c3,c5,1772,?,i1,
1769449917.819238,FORWARDED,c766e8cf-5a64-409b-bfec-013253523524,2a23d920-a920-4be4-8a24-abe3492ddea9,c3,c5,1772,?,i1,
1769449917.840066,SENT,9220bc6c-8236-4ffb-a0f6-5f4279a3730c,c5fab3c1-f471-424f-81b7-aa0f4e0451db,c5,c4,1768,?,i8,
1769449917.8401103,FORWARDED,9220bc6c-8236-4ffb-a0f6-5f4279a3730c,c5fab3c1-f471-424f-81b7-aa0f4e0451db,c5,c4,1768,?,i8,
1769449917.8811643,SENT,6ddf396b-78ff-4fd5-b3c9-b1ca4951893d,23012fd1-3235-45af-89bc-0dccbe4c1d8a,c3,c5,1772,?,i11,
1769449917.8812058,FORWARDED,6ddf396b-78ff-4fd5-b3c9-b1ca4951893d,23012fd1-3235-45af-89bc-0dccbe4c1d8a,c3,c5,1772,?,i11,
1769449917.9599237,RECEIVED,8515250c-2b84-4ee0-98c4-9f8851944f87,b3ab11ac-43c2-4ccc-b15c-be47e7f23f61,c1,DROP,442,x10,?,
1769449917.9795732,RECEIVED,6965a77b-2808-40ff-9c62-c10ebed4ab3b,3f6faf5e-5789-4b9b-8abc-f75c8aa1439f,c3,c5,2455,p3,?,
1769449918.1100373,RECEIVED,651666db-ef99-42d3-b1fa-606dc57a0dec,1b71143b-2b43-4505-818b-4736b9ed4705,c5,DROP,1455,p2,?,
1769449918.324541,RECEIVED,1c8fce35-5734-4388-8a5a-77015313fe32,79976c3a-f01a-408c-92de-a3051a87aa8e,c3,DROP,1447,p3,?,
1769449918.3336973,RECEIVED,47f25cb4-0a09-4222-acdc-639c770755dc,a2e7a34a-b707-4645-8a83-2c8944b4c701,c3,DROP,1441,p3,?,
1769449918.3343618,RECEIVED,2d8889e9-bdec-42fa-bb53-1869bd17a0de,d3a6da39-478f-4408-b6be-ba829caa0a24,c2,DROP,1447,p2,?,
1769449918.3862674,RECEIVED,74dc16da-54e5-45fa-a963-cb3da61ecf49,2baba6a6-f4d2-48c2-816c-f41519ff914b,c1,c3,2459,p1,?,
1769449918.398921,RECEIVED,e9fe62c9-98bd-4cf9-8037-cdca89c4af0c,f4f539e2-fbf5-408a-b076-1ebfa47164b8,c1,c3,2460,p1,?,
1769449918.4974887,SENT,e9fe62c9-98bd-4cf9-8037-cdca89c4af0c,f4f539e2-fbf5-408a-b076-1ebfa47164b8,c1,c3,1773,?,i4,
1769449918.4975293,FORWARDED,e9fe62c9-98bd-4cf9-8037-cdca89c4af0c,f4f539e2-fbf5-408a-b076-1ebfa47164b8,c1,c3,1773,?,i4,
1769449918.5830445,SENT,47f25cb4-0a09-4222-acdc-639c770755dc,a2e7a34a-b707-4645-8a83-2c8944b4c701,c3,DROP,1007,?,i10,
1769449918.5830991,FORWARDED,47f25cb4-0a09-4222-acdc-639c770755dc,a2e7a34a-b707-4645-8a83-2c8944b4c701,c3,DROP,1007,?,i10,
1769449918.6351388,SENT,6965a77b-2808-40ff-9c62-c10ebed4ab3b,3f6faf5e-5789-4b9b-8abc-f75c8aa1439f,c3,c5,1768,?,i4,
1769449918.635205,FORWARDED,6965a77b-2808-40ff-9c62-c10ebed4ab3b,3f6faf5e-5789-4b9b-8abc-f75c8aa1439f,c3,c5,1768,?,i4,
1769449918.6841638,RECEIVED,53c311fa-074e-41af-8d17-8bd0965d2530,64546513-8af9-429c-81bb-ed1f537c620a,c1,DROP,1451,p1,?,
1769449918.6895082,RECEIVED,0a820c7b-4f3c-4b1b-8a6c-45fe5003316b,4c356d00-9489-4d19-aade-4b9d97325a40,c2,DROP,1452,p2,?,
1769449918.7114232,RECEIVED,5019313b-4963-4a11-a0f8-8f203dee8b32,ac2d93fa-9e82-418e-b9e8-060ce7f5abe4,c2,DROP,1449,p2,?,
1769449918.7367578,SENT,5019313b-4963-4a11-a0f8-8f203dee8b32,ac2d93fa-9e82-418e-b9e8-060ce7f5abe4,c2,DROP,1012,?,i12,
1769449918.736798,FORWARDED,5019313b-4963-4a11-a0f8-8f203dee8b32,ac2d93fa-9e82-418e-b9e8-060ce7f5abe4,c2,DROP,1012,?,i12,
1769449918.7399726,RECEIVED,d78d7e49-5e8e-424e-b20f-577b280d9c62,a48c9537-cc9d-42e4-88a2-1b7a39ef49c8,c2,c1,2467,p2,?,
1769449918.805724,RECEIVED,73543d6c-a88f-443d-98b9-d424ead927b6,e3658fbc-387d-4473-bc0f-f32d262ee6b1,c5,DROP,443,x3,?,
1769449918.9494805,SENT,74dc16da-54e5-45fa-a963-cb3da61ecf49,2baba6a6-f4d2-48c2-816c-f41519ff914b,c1,c3,1771,?,i4,
1769449918.9495237,FORWARDED,74dc16da-54e5-45fa-a963-cb3da61ecf49,2baba6a6-f4d2-48c2-816c-f41519ff914b,c1,c3,1771,?,i4,
1769449919.0151353,SENT,d78d7e49-5e8e-424e-b20f-577b280d9c62,a48c9537-cc9d-42e4-88a2-1b7a39ef49c8,c2,c1,1779,?,i11,
1769449919.0151796,FORWARDED,d78d7e49-5e8e-424e-b20f-577b280d9c62,a48c9537-cc9d-42e4-88a2-1b7a39ef49c8,c2,c1,1779,?,i11,
1769449919.0302315,SENT,651666db-ef99-42d3-b1fa-606dc57a0dec,1b71143b-2b43-4505-818b-4736b9ed4705,c5,DROP,1020,?,i10,
1769449919.0302699,FORWARDED,651666db-ef99-42d3-b1fa-606dc57a0dec,1b71143b-2b43-4505-818b-4736b9ed4705,c5,DROP,1020,?,i10,
1769449919.0332057,SENT,2d8889e9-bdec-42fa-bb53-1869bd17a0de,d3a6da39-478f-4408-b6be-ba829caa0a24,c2,DROP,1013,?,i5,
1769449919.033246,FORWARDED,2d8889e9-bdec-42fa-bb53-1869bd17a0de,d3a6da39-478f-4408-b6be-ba829caa0a24,c2,DROP,1013,?,i5,
1769449919.054829,RECEIVED,eb8dfb5c-373a-451c-9075-17601766e2a4,0b13ed7b-1f66-4e81-b431-809daa318137,c1,DROP,1447,p1,?,
1769449919.0752165,SENT,eb8dfb5c-373a-451c-9075-17601766e2a4,0b13ed7b-1f66-4e81-b431-809daa318137,c1,DROP,1011,?,i11,
1769449919.0752578,FORWARDED,eb8dfb5c-373a-451c-9075-17601766e2a4,0b13ed7b-1f66-4e81-b431-809daa318137,c1,DROP,1011,?,i11,
1769449919.082449,SENT,0a820c7b-4f3c-4b1b-8a6c-45fe5003316b,4c356d00-9489-4d19-aade-4b9d97325a40,c2,DROP,1015,?,i9,
1769449919.082491,FORWARDED,0a820c7b-4f3c-4b1b-8a6c-45fe5003316b,4c356d00-9489-4d19-aade-4b9d97325a40,c2,DROP,1015,?,i9,
1769449919.0948808,SENT,1c8fce35-5734-4388-8a5a-77015313fe32,79976c3a-f01a-408c-92de-a3051a87aa8e,c3,DROP,1012,?,i9,
1769449919.0949166,FORWARDED,1c8fce35-5734-4388-8a5a-77015313fe32,79976c3a-f01a-408c-92de-a3051a87aa8e,c3,DROP,1012,?,i9,
1769449919.0984735,RECEIVED,89fde319-d78d-421d-825b-d3f0e1c8ede9,f2fdcabf-84d1-42de-9ded-f719cb3c0bd1,c3,c5,2478,p3,?,
1769449919.0993779,RECEIVED,8de367d6-f18b-45f4-ae25-fc43d287a39a,ab9fbfb8-d0a5-47cc-8b74-86fa1a6a71bf,c1,DROP,1456,p1,?,
1769449919.1107068,RECEIVED,e4e71e74-746c-4c95-b5de-47fbe9487f88,6ec37e97-cec7-4d24-9644-77ce01a17391,c3,DROP,1440,p3,?,
1769449919.1346405,RECEIVED,fa32f871-50d5-426e-a280-d5d8f1ec8d62,400572d5-92b2-4e00-907e-ab5ba1650893,c1,DROP,1451,p1,?,
1769449919.1727786,RECEIVED,246a694e-be09-4696-9245-30b22eb8c627,78d790ec-b81d-45bc-b30a-63e42a9e2fdc,c4,DROP,445,x10,?,
1769449919.1971915,SENT,89fde319-d78d-421d-825b-d3f0e1c8ede9,f2fdcabf-84d1-42de-9ded-f719cb3c0bd1,c3,c5,1785,?,i11,
1769449919.197233,FORWARDED,89fde319-d78d-421d-825b-d3f0e1c8ede9,f2fdcabf-84d1-42de-9ded-f719cb3c0bd1,c3,c5,1785,?,i11,
1769449919.2217567,SENT,e4e71e74-746c-4c95-b5de-47fbe9487f88,6ec37e97-cec7-4d24-9644-77ce01a17391,c3,DROP,1007,?,i5,
1769449919.2217968,FORWARDED,e4e71e74-746c-4c95-b5de-47fbe9487f88,6ec37e97-cec7-4d24-9644-77ce01a17391,c3,DROP,1007,?,i5,
1769449919.254256,SENT,8de367d6-f18b-45f4-ae25-fc43d287a39a,ab9fbfb8-d0a5-47cc-8b74-86fa1a6a71bf,c1,DROP,1020,?,i10,
1769449919.2542987,FORWARDED,8de367d6-f18b-45f4-ae25-fc43d287a39a,ab9fbfb8-d0a5-47cc-8b74-86fa1a6a71bf,c1,DROP,1020,?,i10,
1769449919.3704824,RECEIVED,70bdd625-24b2-4e06-b161-bb4d2c1c455f,940278ed-8560-4258-bd53-de6ead8275c1,c3,DROP,441,x1,?,
1769449919.4882107,RECEIVED,71e0af44-f724-4ab2-97ce-c4ac00c58023,13761962-0670-4a41-95bc-0bcbc12a4782,c3,DROP,441,x2,?,
1769449919.4992778,SENT,53c311fa-074e-41af-8d17-8bd0965d2530,64546513-8af9-429c-81bb-ed1f537c620a,c1,DROP,1015,?,i7,
1769449919.4993181,FORWARDED,53c311fa-074e-41af-8d17-8bd0965d2530,64546513-8af9-429c-81bb-ed1f537c620a,c1,DROP,1015,?,i7,
1769449919.6313117,SENT,fa32f871-50d5-426e-a280-d5d8f1ec8d62,400572d5-92b2-4e00-907e-ab5ba1650893,c1,DROP,1017,?,i4,
1769449919.6313565,FORWARDED,fa32f871-50d5-426e-a280-d5d8f1ec8d62,400572d5-92b2-4e00-907e-ab5ba1650893,c1,DROP,1017,?,i4,
1769449919.699769,RECEIVED,52711a68-393e-4666-9edb-a6e2265ec821,d7adc45f-c97a-4ce5-9dfc-ff7f2eb7168b,c4,c5,2447,p1,?,
1769449919.8075824,RECEIVED,b60ce61a-7d73-4b36-9ebd-c08a448d81fe,e1b87c3b-8d92-4e9a-9b91-bf098570be2c,c4,DROP,1439,p1,?,
1769449919.8734522,SENT,52711a68-393e-4666-9edb-a6e2265ec821,d7adc45f-c97a-4ce5-9dfc-ff7f2eb7168b,c4,c5,1763,?,i2,
1769449919.873494,FORWARDED,52711a68-393e-4666-9edb-a6e2265ec821,d7adc45f-c97a-4ce5-9dfc-ff7f2eb7168b,c4,c5,1763,?,i2,
1769449919.8868277,RECEIVED,45a81002-030f-4cec-a244-d267135bc2e5,fd6b4002-fe1d-44ec-8ed2-4e24574cf425,c4,DROP,1451,p1,?,
1769449920.0196915,SENT,b60ce61a-7d73-4b36-9ebd-c08a448d81fe,e1b87c3b-8d92-4e9a-9b91-bf098570be2c,c4,DROP,1008,?,i1,
1769449920.019743,FORWARDED,b60ce61a-7d73-4b36-9ebd-c08a448d81fe,e1b87c3b-8d92-4e9a-9b91-bf098570be2c,c4,DROP,1008,?,i1,
1769449920.0332887,SENT,b967f97a-9b91-4a1b-a4e9-7e83ed7a008a,953ae36b-ee22-485a-a672-7855beddd24b,c3,c5,1772,?,i7,
1769449920.0333285,FORWARDED,b967f97a-9b91-4a1b-a4e9-7e83ed7a008a,953ae36b-ee22-485a-a672-7855beddd24b,c3,c5,1772,?,i7,
1769449920.1496074,SENT,45a81002-030f-4cec-a244-d267135bc2e5,fd6b4002-fe1d-44ec-8ed2-4e24574cf425,c4,DROP,1017,?,i10,
1769449920.1496491,FORWARDED,45a81002-030f-4cec-a244-d267135bc2e5,fd6b4002-fe1d-44ec-8ed2-4e24574cf425,c4,DROP,1017,?,i10,
1769449920.2382636,RECEIVED,bc60c582-31b7-4540-8c1c-641403cd4945,d7e9cf63-ebc6-46fb-bffc-3734afa34fc4,c4,c5,2463,p1,?,
1769449920.4673505,RECEIVED,165a50ee-ded2-4914-9240-25803043d1b5,cc1b8725-3a36-49ad-b7ef-c717ceb0f206,c1,DROP,1439,p1,?,
1769449920.6090593,SENT,165a50ee-ded2-4914-9240-25803043d1b5,cc1b8725-3a36-49ad-b7ef-c717ceb0f206,c1,DROP,1007,?,i2,
1769449920.6091037,FORWARDED,165a50ee-ded2-4914-9240-25803043d1b5,cc1b8725-3a36-49ad-b7ef-c717ceb0f206,c1,DROP,1007,?,i2,
1769449920.6603756,RECEIVED,4e02f9f2-6cfd-4dbc-901f-5358a61f2d22,7de650ae-3185-49f4-bbdb-70473b932865,c1,DROP,1444,p1,?,
1769449920.6655354,RECEIVED,699218b1-ac5c-41c2-b940-930f466a3028,1bbd5396-8bd4-45bc-824b-8771aa682dff,c5,DROP,1448,p2,?,
1769449920.7560875,SENT,4e02f9f2-6cfd-4dbc-901f-5358a61f2d22,7de650ae-3185-49f4-bbdb-70473b932865,c1,DROP,1010,?,i3,
1769449920.7561257,FORWARDED,4e02f9f2-6cfd-4dbc-901f-5358a61f2d22,7de650ae-3185-49f4-bbdb-70473b932865,c1,DROP,1010,?,i3,
1769449920.824758,RECEIVED,cba144ba-c5d5-4ba0-986b-1b1a035660a7,632328b5-b560-44e1-9be9-97e93e8aa225,c3,DROP,1444,p3,?,
1769449920.847821,SENT,699218b1-ac5c-41c2-b940-930f466a3028,1bbd5396-8bd4-45bc-824b-8771aa682dff,c5,DROP,1012,?,i8,
1769449920.8478634,FORWARDED,699218b1-ac5c-41c2-b940-930f466a3028,1bbd5396-8bd4-45bc-824b-8771aa682dff,c5,DROP,1012,?,i8,
1769449921.1362784,RECEIVED,5d7d56a2-54c2-4eff-96c4-5768b5396b30,9aa094b9-ea37-4aee-9d28-6b8038a13cea,c3,c5,2467,p3,?,
1769449921.1998851,RECEIVED,dc1eaf7f-8598-4cd6-b50c-1c8d5fb2d7d3,aabb47ab-f396-4c9a-a1b6-eb8f0fc230df,c5,c4,2463,p2,?,
1769449921.207043,SENT,cba144ba-c5d5-4ba0-986b-1b1a035660a7,632328b5-b560-44e1-9be9-97e93e8aa225,c3,DROP,1011,?,i11,
1769449921.2071116,FORWARDED,cba144ba-c5d5-4ba0-986b-1b1a035660a7,632328b5-b560-44e1-9be9-97e93e8aa225,c3,DROP,1011,?,i11,
1769449921.3817775,RECEIVED,24e6c57d-10e0-4b8f-8185-135b8e0488c4,7e230a8d-c67c-4061-b690-1275eb776465,c5,DROP,1442,p2,?,
1769449921.4562037,RECEIVED,9c7bcc64-a269-444e-bcf6-95f3a916de68,35e8cbb9-5415-42b8-a08c-cbb0a1fb7634,c4,c5,2452,p1,?,
1769449921.501386,RECEIVED,43114bd3-93f2-462e-9726-750c8dfc9f90,49993b60-bdc0-41bf-920d-b24e26945e64,c5,DROP,1457,p2,?,
1769449921.6166592,RECEIVED,a0e6bd74-57b6-4dd5-a61e-777dd6f8be1e,396dc4c5-5ead-4529-94f9-31778c54e530,c3,c5,2476,p3,?,
1769449921.6421056,SENT,43114bd3-93f2-462e-9726-750c8dfc9f90,49993b60-bdc0-41bf-920d-b24e26945e64,c5,DROP,1020,?,i11,
1769449921.6421509,FORWARDED,43114bd3-93f2-462e-9726-750c8dfc9f90,49993b60-bdc0-41bf-920d-b24e26945e64,c5,DROP,1020,?,i11,
1769449921.6698236,RECEIVED,7ba979ba-da7b-4bf4-8888-83cc8b6567fd,1a6fa639-f481-4bcd-ab3e-dac88d13705b,c2,DROP,1448,p2,?,
1769449921.6838143,SENT,9c7bcc64-a269-444e-bcf6-95f3a916de68,35e8cbb9-5415-42b8-a08c-cbb0a1fb7634,c4,c5,1767,?,i2,
1769449921.6838553,FORWARDED,9c7bcc64-a269-444e-bcf6-95f3a916de68,35e8cbb9-5415-42b8-a08c-cbb0a1fb7634,c4,c5,1767,?,i2,
1769449921.7697353,RECEIVED,305ae9b9-8030-48c8-b984-6475f63e17a6,e4d3a290-adbe-46c0-b237-4b19fedfc071,c4,c5,2473,p1,?,
1769449921.8221886,RECEIVED,2af17997-1896-46c9-a633-806658a41730,6ad69700-dae1-4759-b62a-011ecafb429f,c3,DROP,1451,p3,?,
1769449921.8381414,RECEIVED,83074c78-a4fa-42fe-9e59-381d0c5a0b16,d26ef6ff-4b12-4619-814a-19302b81f6ab,c4,c5,2456,p1,?,
1769449921.846352,RECEIVED,eb5503be-4578-4249-9ccb-4c6b858068ba,7ffaebed-8654-4e6d-8313-20c3ebdbad3b,c2,DROP,1457,p2,?,
1769449921.8894506,SENT,dc1eaf7f-8598-4cd6-b50c-1c8d5fb2d7d3,aabb47ab-f396-4c9a-a1b6-eb8f0fc230df,c5,c4,1775,?,i4,
1769449921.8894887,FORWARDED,dc1eaf7f-8598-4cd6-b50c-1c8d5fb2d7d3,aabb47ab-f396-4c9a-a1b6-eb8f0fc230df,c5,c4,1775,?,i4,
1769449922.0639617,SENT,7ba979ba-da7b-4bf4-8888-83cc8b6567fd,1a6fa639-f481-4bcd-ab3e-dac88d13705b,c2,DROP,1012,?,i3,
1769449922.064005,FORWARDED,7ba979ba-da7b-4bf4-8888-83cc8b6567fd,1a6fa639-f481-4bcd-ab3e-dac88d13705b,c2,DROP,1012,?,i3,
1769449922.0766475,SENT,eb5503be-4578-4249-9ccb-4c6b858068ba,7ffaebed-8654-4e6d-8313-20c3ebdbad3b,c2,DROP,1020,?,i10,
1769449922.0766892,FORWARDED,eb5503be-4578-4249-9ccb-4c6b858068ba,7ffaebed-8654-4e6d-8313-20c3ebdbad3b,c2,DROP,1020,?,i10,
1769449922.102437,SENT,83074c78-a4fa-42fe-9e59-381d0c5a0b16,d26ef6ff-4b12-4619-814a-19302b81f6ab,c4,c5,1770,?,i3,
1769449922.1024897,FORWARDED,83074c78-a4fa-42fe-9e59-381d0c5a0b16,d26ef6ff-4b12-4619-814a-19302b81f6ab,c4,c5,1770,?,i3,
1769449922.1855335,RECEIVED,06c5bbb9-cc81-44d4-a6de-43a2767d2619,488189bf-edff-4210-9ad1-d9a71f6a637c,c1,c3,2447,p1,?,
1769449922.223943,SENT,305ae9b9-8030-48c8-b984-6475f63e17a6,e4d3a290-adbe-46c0-b237-4b19fedfc071,c4,c5,1780,?,i12,
1769449922.2239814,FORWARDED,305ae9b9-8030-48c8-b984-6475f63e17a6,e4d3a290-adbe-46c0-b237-4b19fedfc071,c4,c5,1780,?,i12,
1769449922.358875,SENT,5d7d56a2-54c2-4eff-96c4-5768b5396b30,9aa094b9-ea37-4aee-9d28-6b8038a13cea,c3,c5,1779,?,i8,
1769449922.3589177,FORWARDED,5d7d56a2-54c2-4eff-96c4-5768b5396b30,9aa094b9-ea37-4aee-9d28-6b8038a13cea,c3,c5,1779,?,i8,
1769449922.379028,RECEIVED,0a15d48c-ddb0-4e9b-bf20-c36b96aff6ed,dbd4b968-0fcc-4a5c-a74c-9a91cf4ce4be,c2,DROP,442,x11,?,
1769449922.6505039,RECEIVED,4c815571-46f9-41a9-aed0-756ebc2d9677,fbe9f5a8-9ab6-4983-8d7d-1e9563f88bdc,c1,c3,2458,p1,?,
1769449922.7359672,SENT,24e6c57d-10e0-4b8f-8185-135b8e0488c4,7e230a8d-c67c-4061-b690-1275eb776465,c5,DROP,1009,?,i9,
1769449922.7360117,FORWARDED,24e6c57d-10e0-4b8f-8185-135b8e0488c4,7e230a8d-c67c-4061-b690-1275eb776465,c5,DROP,1009,?,i9,
1769449922.7743683,SENT,a0e6bd74-57b6-4dd5-a61e-777dd6f8be1e,396dc4c5-5ead-4529-94f9-31778c54e530,c3,c5,1784,?,i11,
1769449922.7744095,FORWARDED,a0e6bd74-57b6-4dd5-a61e-777dd6f8be1e,396dc4c5-5ead-4529-94f9-31778c54e530,c3,c5,1784,?,i11,
1769449922.8653898,RECEIVED,25a4e08f-79fe-4b83-8318-a1e585ae7e7b,93fd211b-20e3-4840-b24f-f97522009dea,c4,DROP,1440,p1,?,
1769449922.913985,RECEIVED,e3e7d051-dab4-474c-aa02-2a2dcf59ca24,7bbc3d45-7fd5-49b8-82ac-b8936ae9f704,c1,c3,2464,p1,?,
1769449922.9185953,SENT,25a4e08f-79fe-4b83-8318-a1e585ae7e7b,93fd211b-20e3-4840-b24f-f97522009dea,c4,DROP,1008,?,i2,
1769449922.9186354,FORWARDED,25a4e08f-79fe-4b83-8318-a1e585ae7e7b,93fd211b-20e3-4840-b24f-f97522009dea,c4,DROP,1008,?,i2,
1769449922.9996705,SENT,e3e7d051-dab4-474c-aa02-2a2dcf59ca24,7bbc3d45-7fd5-49b8-82ac-b8936ae9f704,c1,c3,1776,?,i2,
1769449922.999725,FORWARDED,e3e7d051-dab4-474c-aa02-2a2dcf59ca24,7bbc3d45-7fd5-49b8-82ac-b8936ae9f704,c1,c3,1776,?,i2,
1769449923.0535347,SENT,2af17997-1896-46c9-a633-806658a41730,6ad69700-dae1-4759-b62a-011ecafb429f,c3,DROP,1015,?,i7,
1769449923.0535748,FORWARDED,2af17997-1896-46c9-a633-806658a41730,6ad69700-dae1-4759-b62a-011ecafb429f,c3,DROP,1015,?,i7,
1769449923.1647906,RECEIVED,44b2dc48-e7f2-478b-a863-7ddb4428aa56,62174cb8-a00c-4eb2-87a5-9c7332ec72e5,c1,c3,2452,p1,?,
1769449923.4864867,SENT,4c815571-46f9-41a9-aed0-756ebc2d9677,fbe9f5a8-9ab6-4983-8d7d-1e9563f88bdc,c1,c3,1772,?,i9,
1769449923.4865277,FORWARDED,4c815571-46f9-41a9-aed0-756ebc2d9677,fbe9f5a8-9ab6-4983-8d7d-1e9563f88bdc,c1,c3,1772,?,i9,
1769449923.488834,RECEIVED,7d25da24-6443-4f4c-8dc8-98cde504b961,54d57068-a4aa-40f6-96bb-991eb2ce581d,c1,DROP,1443,p1,?,
1769449923.4914184,SENT,44b2dc48-e7f2-478b-a863-7ddb4428aa56,62174cb8-a00c-4eb2-87a5-9c7332ec72e5,c1,c3,1767,?,i8,
1769449923.49146,FORWARDED,44b2dc48-e7f2-478b-a863-7ddb4428aa56,62174cb8-a00c-4eb2-87a5-9c7332ec72e5,c1,c3,1767,?,i8,
1769449923.5742707,RECEIVED,c2bbd011-cabd-46e2-9618-f95f4152385b,2af65d15-9f3a-49a2-8f42-ba0beaa885a0,c4,c5,2480,p1,?,
1769449923.5767274,SENT,06c5bbb9-cc81-44d4-a6de-43a2767d2619,488189bf-edff-4210-9ad1-d9a71f6a637c,c1,c3,1763,?,i8,
1769449923.5767674,FORWARDED,06c5bbb9-cc81-44d4-a6de-43a2767d2619,488189bf-edff-4210-9ad1-d9a71f6a637c,c1,c3,1763,?,i8,
1769449923.8014812,RECEIVED,bf8da15e-5633-4be8-997e-e2cf4af9a02c,bb6ad292-5fbf-48d0-932e-bdd5f47646a2,c2,c1,2464,p2,?,
1769449923.8822682,SENT,bf8da15e-5633-4be8-997e-e2cf4af9a02c,bb6ad292-5fbf-48d0-932e-bdd5f47646a2,c2,c1,1776,?,i6,
1769449923.8823106,FORWARDED,bf8da15e-5633-4be8-997e-e2cf4af9a02c,bb6ad292-5fbf-48d0-932e-bdd5f47646a2,c2,c1,1776,?,i6,
1769449923.998669,RECEIVED,a20d1760-46b2-4f15-8ba6-a04db49156ce,6d4f521a-757f-4c54-801f-c59247883a4a,c4,DROP,1451,p1,?,
1769449924.144061,SENT,bc60c582-31b7-4540-8c1c-641403cd4945,d7e9cf63-ebc6-46fb-bffc-3734afa34fc4,c4,c5,1775,?,i12,
1769449924.1440985,FORWARDED,bc60c582-31b7-4540-8c1c-641403cd4945,d7e9cf63-ebc6-46fb-bffc-3734afa34fc4,c4,c5,1775,?,i12,
1769449924.1662116,RECEIVED,dcca0683-5ceb-4e56-bc71-60f60348f4ad,562d7aab-d48e-401d-9979-b56e29cd76b3,c1,c3,2449,p1,?,
1769449924.2248652,RECEIVED,029b3814-7576-41cf-ba1f-ed05136eec17,6de510e3-e757-4ed7-8cf9-2611e2f21b0b,c4,DROP,1439,p1,?,
1769449924.2397978,RECEIVED,e9183506-d1e3-46d7-8096-c85240978e37,86da3b30-3b79-4b17-8715-f1108d1a5dc3,c4,c5,2459,p1,?,
1769449924.245687,SENT,dcca0683-5ceb-4e56-bc71-60f60348f4ad,562d7aab-d48e-401d-9979-b56e29cd76b3,c1,c3,1763,?,i10,
1769449924.2457273,FORWARDED,dcca0683-5ceb-4e56-bc71-60f60348f4ad,562d7aab-d48e-401d-9979-b56e29cd76b3,c1,c3,1763,?,i10,
1769449924.278915,RECEIVED,c65df64a-585d-4ee8-bd91-31b5688a6f4c,3e34eece-a640-4e9f-9dc0-7a4affe2d1d2,c3,c5,2463,p3,?,
1769449924.3161047,RECEIVED,0e4db4e4-e99c-4d27-8e6a-ec8a3de9170d,98ec7b81-f3b2-41b8-b22f-a76a9ec1bd8a,c5,DROP,1448,p2,?,
1769449924.4019663,SENT,7d25da24-6443-4f4c-8dc8-98cde504b961,54d57068-a4aa-40f6-96bb-991eb2ce581d,c1,DROP,1011,?,i4,
1769449924.4020078,FORWARDED,7d25da24-6443-4f4c-8dc8-98cde504b961,54d57068-a4aa-40f6-96bb-991eb2ce581d,c1,DROP,1011,?,i4,
1769449924.47258,RECEIVED,efd41ef7-7e95-4f52-8b0a-7a721520426c,1e105cb2-5b63-4d23-a0b0-8d06e77883aa,c5,DROP,1439,p2,?,
1769449924.5167742,SENT,029b3814-7576-41cf-ba1f-ed05136eec17,6de510e3-e757-4ed7-8cf9-2611e2f21b0b,c4,DROP,1007,?,i5,
1769449924.5168166,FORWARDED,029b3814-7576-41cf-ba1f-ed05136eec17,6de510e3-e757-4ed7-8cf9-2611e2f21b0b,c4,DROP,1007,?,i5,
1769449924.5234892,RECEIVED,8d6cb176-e444-4884-a2c9-ebeff3a05b6e,6c88b14e-9b3a-46b5-89a3-126fda7a83b0,c1,c3,2471,p1,?,
1769449924.57625,SENT,c2bbd011-cabd-46e2-9618-f95f4152385b,2af65d15-9f3a-49a2-8f42-ba0beaa885a0,c4,c5,1786,?,i10,
1769449924.576287,FORWARDED,c2bbd011-cabd-46e2-9618-f95f4152385b,2af65d15-9f3a-49a2-8f42-ba0beaa885a0,c4,c5,1786,?,i10,
1769449924.7149246,RECEIVED,2406800b-891d-469d-ba86-a234b64007a0,c64504f7-5ec0-493f-8046-7974c92d54e0,c1,c3,2452,p1,?,
1769449924.7269924,SENT,8d6cb176-e444-4884-a2c9-ebeff3a05b6e,6c88b14e-9b3a-46b5-89a3-126fda7a83b0,c1,c3,1781,?,i8,
1769449924.7270417,FORWARDED,8d6cb176-e444-4884-a2c9-ebeff3a05b6e,6c88b14e-9b3a-46b5-89a3-126fda7a83b0,c1,c3,1781,?,i8,
1769449924.7569962,RECEIVED,ffdff50e-a77f-4e6e-ac3c-e1460c9d6d34,1bf72c46-7dfa-4837-9c73-20848eedadc4,c2,DROP,1440,p2,?,
1769449924.8909485,SENT,e9183506-d1e3-46d7-8096-c85240978e37,86da3b30-3b79-4b17-8715-f1108d1a5dc3,c4,c5,1771,?,i6,
1769449924.8909888,FORWARDED,e9183506-d1e3-46d7-8096-c85240978e37,86da3b30-3b79-4b17-8715-f1108d1a5dc3,c4,c5,1771,?,i6,
1769449924.8975377,SENT,a20d1760-46b2-4f15-8ba6-a04db49156ce,6d4f521a-757f-4c54-801f-c59247883a4a,c4,DROP,1015,?,i8,
1769449924.8975806,FORWARDED,a20d1760-46b2-4f15-8ba6-a04db49156ce,6d4f521a-757f-4c54-801f-c59247883a4a,c4,DROP,1015,?,i8,
1769449924.9417994,SENT,ffdff50e-a77f-4e6e-ac3c-e1460c9d6d34,1bf72c46-7dfa-4837-9c73-20848eedadc4,c2,DROP,1007,?,i6,
1769449924.9418366,FORWARDED,ffdff50e-a77f-4e6e-ac3c-e1460c9d6d34,1bf72c46-7dfa-4837-9c73-20848eedadc4,c2,DROP,1007,?,i6,
1769449925.1756938,RECEIVED,bec8014e-2779-4e8d-ae1e-a1a28fa331ba,c1288355-9140-411d-b5f8-ac91d55842db,c5,DROP,1440,p2,?,
1769449925.1969342,RECEIVED,c29b198d-48ee-426b-9ab4-3dfb95235790,e6c0ece9-572c-4a37-80c6-5a20a333dcb3,c2,c1,2461,p2,?,
1769449925.2536018,SENT,c29b198d-48ee-426b-9ab4-3dfb95235790,e6c0ece9-572c-4a37-80c6-5a20a333dcb3,c2,c1,1773,?,i7,
1769449925.253643,FORWARDED,c29b198d-48ee-426b-9ab4-3dfb95235790,e6c0ece9-572c-4a37-80c6-5a20a333dcb3,c2,c1,1773,?,i7,
1769449925.2995338,SENT,2406800b-891d-469d-ba86-a234b64007a0,c64504f7-5ec0-493f-8046-7974c92d54e0,c1,c3,1767,?,i12,
1769449925.2995818,FORWARDED,2406800b-891d-469d-ba86-a234b64007a0,c64504f7-5ec0-493f-8046-7974c92d54e0,c1,c3,1767,?,i12,
1769449925.3231664,SENT,efd41ef7-7e95-4f52-8b0a-7a721520426c,1e105cb2-5b63-4d23-a0b0-8d06e77883aa,c5,DROP,1008,?,i1,
1769449925.3232076,FORWARDED,efd41ef7-7e95-4f52-8b0a-7a721520426c,1e105cb2-5b63-4d23-a0b0-8d06e77883aa,c5,DROP,1008,?,i1,
1769449925.3269987,RECEIVED,01525232-e668-4bf8-b057-7bf92ec4b0af,df8bbbae-2c95-4cf8-ae6a-b0fcaad3dfbd,c3,DROP,1448,p3,?,
1769449925.5302508,SENT,0e4db4e4-e99c-4d27-8e6a-ec8a3de9170d,98ec7b81-f3b2-41b8-b22f-a76a9ec1bd8a,c5,DROP,1014,?,i10,
1769449925.5302913,FORWARDED,0e4db4e4-e99c-4d27-8e6a-ec8a3de9170d,98ec7b81-f3b2-41b8-b22f-a76a9ec1bd8a,c5,DROP,1014,?,i10,
1769449925.5437257,RECEIVED,db463f39-fa28-48a6-ba4c-b9fac0a2ea5b,b640b351-d618-4e0a-a0ee-f01224e0b9b2,c3,c5,2447,p3,?,
1769449925.5468602,SENT,bec8014e-2779-4e8d-ae1e-a1a28fa331ba,c1288355-9140-411d-b5f8-ac91d55842db,c5,DROP,1008,?,i2,
1769449925.5469022,FORWARDED,bec8014e-2779-4e8d-ae1e-a1a28fa331ba,c1288355-9140-411d-b5f8-ac91d55842db,c5,DROP,1008,?,i2,
1769449925.5590444,RECEIVED,833d1cfa-5fe6-4582-95ff-af09ebca23b8,9da93bd3-2fdb-48cb-9462-30011c8948cb,c4,DROP,1438,p1,?,
1769449925.7025676,RECEIVED,45e1097f-adc0-4df5-9ed7-8e57b9b62abc,903ae1df-d303-4de9-a194-41fab635fdc9,c1,DROP,1452,p1,?,
1769449925.7898598,SENT,45e1097f-adc0-4df5-9ed7-8e57b9b62abc,903ae1df-d303-4de9-a194-41fab635fdc9,c1,DROP,1015,?,i9,
1769449925.7898996,FORWARDED,45e1097f-adc0-4df5-9ed7-8e57b9b62abc,903ae1df-d303-4de9-a194-41fab635fdc9,c1,DROP,1015,?,i9,
1769449925.90944,RECEIVED,831ca476-b456-4ef4-8bf2-5af25cc74609,e8ec6336-e356-455e-a0d7-9d4a9c11e2a4,c4,c5,2469,p1,?,
1769449925.9517927,RECEIVED,43b36ee8-e14d-45f9-8871-819709d97190,9cb45f43-e32d-4b81-8cee-8539b764bb27,c2,DROP,1443,p2,?,
1769449926.0086849,SENT,833d1cfa-5fe6-4582-95ff-af09ebca23b8,9da93bd3-2fdb-48cb-9462-30011c8948cb,c4,DROP,1008,?,i7,
1769449926.0087273,FORWARDED,833d1cfa-5fe6-4582-95ff-af09ebca23b8,9da93bd3-2fdb-48cb-9462-30011c8948cb,c4,DROP,1008,?,i7,
1769449926.023453,SENT,831ca476-b456-4ef4-8bf2-5af25cc74609,e8ec6336-e356-455e-a0d7-9d4a9c11e2a4,c4,c5,1779,?,i12,
1769449926.0234952,FORWARDED,831ca476-b456-4ef4-8bf2-5af25cc74609,e8ec6336-e356-455e-a0d7-9d4a9c11e2a4,c4,c5,1779,?,i12,
1769449926.0343537,SENT,01525232-e668-4bf8-b057-7bf92ec4b0af,df8bbbae-2c95-4cf8-ae6a-b0fcaad3dfbd,c3,DROP,1014,?,i11,
1769449926.034395,FORWARDED,01525232-e668-4bf8-b057-7bf92ec4b0af,df8bbbae-2c95-4cf8-ae6a-b0fcaad3dfbd,c3,DROP,1014,?,i11,
1769449926.3198051,RECEIVED,c6a86cd1-1efe-4f3f-bada-ea74c4d22577,7ec9d69a-7236-4969-8da2-261859588bb8,c5,c4,2475,p2,?,
1769449926.4000916,SENT,db463f39-fa28-48a6-ba4c-b9fac0a2ea5b,b640b351-d618-4e0a-a0ee-f01224e0b9b2,c3,c5,1764,?,i4,
1769449926.4001312,FORWARDED,db463f39-fa28-48a6-ba4c-b9fac0a2ea5b,b640b351-d618-4e0a-a0ee-f01224e0b9b2,c3,c5,1764,?,i4,
1769449926.580686,SENT,43b36ee8-e14d-45f9-8871-819709d97190,9cb45f43-e32d-4b81-8cee-8539b764bb27,c2,DROP,1011,?,i4,
1769449926.5807288,FORWARDED,43b36ee8-e14d-45f9-8871-819709d97190,9cb45f43-e32d-4b81-8cee-8539b764bb27,c2,DROP,1011,?,i4,
1769449926.7354705,RECEIVED,11adab2f-a187-4b8d-95ec-15777965c942,b36a4b48-bfad-4329-93ed-01e0a4935d9f,c4,c5,2447,p1,?,
1769449926.7684867,SENT,c6a86cd1-1efe-4f3f-bada-ea74c4d22577,7ec9d69a-7236-4969-8da2-261859588bb8,c5,c4,1784,?,i2,
1769449926.768526,FORWARDED,c6a86cd1-1efe-4f3f-bada-ea74c4d22577,7ec9d69a-7236-4969-8da2-261859588bb8,c5,c4,1784,?,i2,
1769449926.9213634,RECEIVED,bf701ef7-d5fb-4417-8f4b-f3f0c792a693,627ea5de-8399-4194-b114-b94618e5328b,c2,c1,2475,p2,?,
1769449926.9434228,RECEIVED,b2cf36c1-05df-4f07-aa22-a64ba18ebb25,db133a28-ff67-4400-8e7f-3bff50a54af8,c1,DROP,1440,p1,?,
1769449927.097064,RECEIVED,c484832f-f2d7-4440-94ec-d48bf3ec08ce,9ea5898e-4eaf-47cf-bbd2-7874bd6d239b,c2,DROP,1443,p2,?,
1769449927.1814334,SENT,b2cf36c1-05df-4f07-aa22-a64ba18ebb25,db133a28-ff67-4400-8e7f-3bff50a54af8,c1,DROP,1008,?,i4,
1769449927.181476,FORWARDED,b2cf36c1-05df-4f07-aa22-a64ba18ebb25,db133a28-ff67-4400-8e7f-3bff50a54af8,c1,DROP,1008,?,i4,
1769449927.1999395,RECEIVED,0f015ab1-d3f7-40be-8fe4-1203a1089b62,a7dfed4c-655c-4ce7-affc-dabd7e744345,c4,DROP,1449,p1,?,
1769449927.3058033,RECEIVED,fe188961-c062-4c5c-bd6b-152a9c03ac7f,97adb9d9-0960-4010-b214-fbe56bce49ce,c4,DROP,1448,p1,?,
1769449927.4120193,SENT,0f015ab1-d3f7-40be-8fe4-1203a1089b62,a7dfed4c-655c-4ce7-affc-dabd7e744345,c4,DROP,1012,?,i11,
1769449927.412218,FORWARDED,0f015ab1-d3f7-40be-8fe4-1203a1089b62,a7dfed4c-655c-4ce7-affc-dabd7e744345,c4,DROP,1012,?,i11,
1769449927.5131629,RECEIVED,1da2d461-e582-46e6-b759-cdff6394f553,0ce7e6a4-f8ea-47d9-8f14-1c295bd486bd,c4,DROP,1446,p1,?,
1769449927.6072402,SENT,bf701ef7-d5fb-4417-8f4b-f3f0c792a693,627ea5de-8399-4194-b114-b94618e5328b,c2,c1,1784,?,i1,
1769449927.607283,FORWARDED,bf701ef7-d5fb-4417-8f4b-f3f0c792a693,627ea5de-8399-4194-b114-b94618e5328b,c2,c1,1784,?,i1,
1769449927.6335459,SENT,11adab2f-a187-4b8d-95ec-15777965c942,b36a4b48-bfad-4329-93ed-01e0a4935d9f,c4,c5,1763,?,i7,
1769449927.6335862,FORWARDED,11adab2f-a187-4b8d-95ec-15777965c942,b36a4b48-bfad-4329-93ed-01e0a4935d9f,c4,c5,1763,?,i7,
1769449927.6458929,SENT,c484832f-f2d7-4440-94ec-d48bf3ec08ce,9ea5898e-4eaf-47cf-bbd2-7874bd6d239b,c2,DROP,1011,?,i8,
1769449927.6459346,FORWARDED,c484832f-f2d7-4440-94ec-d48bf3ec08ce,9ea5898e-4eaf-47cf-bbd2-7874bd6d239b,c2,DROP,1011,?,i8,
1769449927.652086,SENT,c65df64a-585d-4ee8-bd91-31b5688a6f4c,3e34eece-a640-4e9f-9dc0-7a4affe2d1d2,c3,c5,1775,?,i7,
1769449927.6521282,FORWARDED,c65df64a-585d-4ee8-bd91-31b5688a6f4c,3e34eece-a640-4e9f-9dc0-7a4affe2d1d2,c3,c5,1775,?,i7,
1769449927.9720283,SENT,fe188961-c062-4c5c-bd6b-152a9c03ac7f,97adb9d9-0960-4010-b214-fbe56bce49ce,c4,DROP,1013,?,i10,
1769449927.9720817,FORWARDED,fe188961-c062-4c5c-bd6b-152a9c03ac7f,97adb9d9-0960-4010-b214-fbe56bce49ce,c4,DROP,1013,?,i10,
1769449927.980687,RECEIVED,dc34027a-30c5-415a-a963-63a1bf0cfc83,1e91e405-289e-4c01-9332-341da1f69018,c3,c5,2464,p3,?,
1769449928.0129087,RECEIVED,ce2d06dd-2d7d-436b-99ba-fd01b3c9070d,c297d8bb-4071-4b46-8f26-918ace9701ed,c3,c5,2459,p3,?,
1769449928.0236263,RECEIVED,2ac1a546-49c9-4e66-bb4c-172a57242aa1,94e4c7dc-c3fd-45fd-9102-e44d736c4e40,c1,c3,2464,p1,?,
1769449928.033562,RECEIVED,4c0e0138-ae9e-4e15-87e9-fcdfa885daff,9829276d-94b0-4969-8fec-c5827506f7f2,c3,c5,2463,p3,?,
1769449928.089617,SENT,dc34027a-30c5-415a-a963-63a1bf0cfc83,1e91e405-289e-4c01-9332-341da1f69018,c3,c5,1775,?,i9,
1769449928.0896592,FORWARDED,dc34027a-30c5-415a-a963-63a1bf0cfc83,1e91e405-289e-4c01-9332-341da1f69018,c3,c5,1775,?,i9,
1769449928.259903,SENT,1da2d461-e582-46e6-b759-cdff6394f553,0ce7e6a4-f8ea-47d9-8f14-1c295bd486bd,c4,DROP,1012,?,i7,
1769449928.2599576,FORWARDED,1da2d461-e582-46e6-b759-cdff6394f553,0ce7e6a4-f8ea-47d9-8f14-1c295bd486bd,c4,DROP,1012,?,i7,
1769449928.30034,RECEIVED,03bacac7-26e6-49eb-a38d-cd5e2f9cda10,e762f0c4-be77-4bf3-84b3-0e44ddea1e12,c2,c1,2461,p2,?,
1769449928.3385665,RECEIVED,44a3aa32-fb10-4366-bc74-992450430048,8c9bc75f-4eaf-4e2d-a3ce-eeaad2563e9a,c3,c5,2464,p3,?,
1769449928.3641937,SENT,03bacac7-26e6-49eb-a38d-cd5e2f9cda10,e762f0c4-be77-4bf3-84b3-0e44ddea1e12,c2,c1,1772,?,i6,
1769449928.3642328,FORWARDED,03bacac7-26e6-49eb-a38d-cd5e2f9cda10,e762f0c4-be77-4bf3-84b3-0e44ddea1e12,c2,c1,1772,?,i6,
1769449928.3891098,SENT,ce2d06dd-2d7d-436b-99ba-fd01b3c9070d,c297d8bb-4071-4b46-8f26-918ace9701ed,c3,c5,1771,?,i7,
1769449928.3891532,FORWARDED,ce2d06dd-2d7d-436b-99ba-fd01b3c9070d,c297d8bb-4071-4b46-8f26-918ace9701ed,c3,c5,1771,?,i7,
1769449928.431831,RECEIVED,107ab078-1e81-4162-9c80-b31a9044442c,ba9daf29-4a77-4882-99f0-caa8d739007f,c2,c1,2475,p2,?,
1769449928.5047755,RECEIVED,2f873144-038f-4a50-b54b-c6032331d510,52b01f5f-d0d9-4172-bae8-ce8773c965a4,c3,c5,2451,p3,?,
1769449928.520876,RECEIVED,0df4b040-44be-419a-9a56-891701d78782,591a43d5-3072-4ad0-bf92-20683ce43796,c1,DROP,445,x10,?,
1769449928.5407188,SENT,44a3aa32-fb10-4366-bc74-992450430048,8c9bc75f-4eaf-4e2d-a3ce-eeaad2563e9a,c3,c5,1775,?,i3,
1769449928.5407565,FORWARDED,44a3aa32-fb10-4366-bc74-992450430048,8c9bc75f-4eaf-4e2d-a3ce-eeaad2563e9a,c3,c5,1775,?,i3,
1769449928.589951,RECEIVED,f4ea718f-4439-49a9-8bba-3af2346a1f57,e7335b2d-11e2-4d01-afde-7eaa8a854be0,c2,c1,2471,p2,?,
1769449928.6296132,SENT,2ac1a546-49c9-4e66-bb4c-172a57242aa1,94e4c7dc-c3fd-45fd-9102-e44d736c4e40,c1,c3,1776,?,i10,
1769449928.6296546,FORWARDED,2ac1a546-49c9-4e66-bb4c-172a57242aa1,94e4c7dc-c3fd-45fd-9102-e44d736c4e40,c1,c3,1776,?,i10,
1769449928.6440806,RECEIVED,b6f4e395-a895-4fbf-8b85-a0be785b658b,6dffb193-88f9-41a7-bee4-c669d70018c7,c4,DROP,1440,p1,?,
1769449928.8493726,RECEIVED,4457567c-a956-4e40-a62d-7dc9004d6709,48504aa0-0fac-4a44-b66c-a8539b08a0d5,c4,c5,2451,p1,?,
1769449928.8729837,SENT,b6f4e395-a895-4fbf-8b85-a0be785b658b,6dffb193-88f9-41a7-bee4-c669d70018c7,c4,DROP,1007,?,i2,
1769449928.8730235,FORWARDED,b6f4e395-a895-4fbf-8b85-a0be785b658b,6dffb193-88f9-41a7-bee4-c669d70018c7,c4,DROP,1007,?,i2,
1769449929.4211273,SENT,4c0e0138-ae9e-4e15-87e9-fcdfa885daff,9829276d-94b0-4969-8fec-c5827506f7f2,c3,c5,1776,?,i6,
1769449929.4211686,FORWARDED,4c0e0138-ae9e-4e15-87e9-fcdfa885daff,9829276d-94b0-4969-8fec-c5827506f7f2,c3,c5,1776,?,i6,
1769449929.4314904,RECEIVED,e011846d-1d48-46c9-b5b1-d8ae0e841627,9764b96d-671c-4c60-941a-ec327d2c706c,c3,DROP,1451,p3,?,
1769449929.449241,SENT,f4ea718f-4439-49a9-8bba-3af2346a1f57,e7335b2d-11e2-4d01-afde-7eaa8a854be0,c2,c1,1782,?,i2,
1769449929.4493487,FORWARDED,f4ea718f-4439-49a9-8bba-3af2346a1f57,e7335b2d-11e2-4d01-afde-7eaa8a854be0,c2,c1,1782,?,i2,
1769449929.581791,SENT,107ab078-1e81-4162-9c80-b31a9044442c,ba9daf29-4a77-4882-99f0-caa8d739007f,c2,c1,1783,?,i1,
1769449929.5818305,FORWARDED,107ab078-1e81-4162-9c80-b31a9044442c,ba9daf29-4a77-4882-99f0-caa8d739007f,c2,c1,1783,?,i1,
1769449929.7542722,RECEIVED,ac583958-460f-4979-a055-13cbea781510,54016f48-fee8-4d2d-9d5b-fddb9ed09484,c3,c5,2451,p3,?,
1769449929.8290951,SENT,2f873144-038f-4a50-b54b-c6032331d510,52b01f5f-d0d9-4172-bae8-ce8773c965a4,c3,c5,1766,?,i6,
1769449929.8291373,FORWARDED,2f873144-038f-4a50-b54b-c6032331d510,52b01f5f-d0d9-4172-bae8-ce8773c965a4,c3,c5,1766,?,i6,
1769449929.8832927,RECEIVED,bf1e71dd-a12a-4774-bd52-3d132b647326,fd626f29-2eee-4948-a407-867a2765a496,c4,DROP,1440,p1,?,
1769449929.9860382,SENT,bf1e71dd-a12a-4774-bd52-3d132b647326,fd626f29-2eee-4948-a407-867a2765a496,c4,DROP,1008,?,i6,
1769449929.986096,FORWARDED,bf1e71dd-a12a-4774-bd52-3d132b647326,fd626f29-2eee-4948-a407-867a2765a496,c4,DROP,1008,?,i6,
1769449930.0015633,SENT,4457567c-a956-4e40-a62d-7dc9004d6709,48504aa0-0fac-4a44-b66c-a8539b08a0d5,c4,c5,1767,?,i5,
1769449930.0016046,FORWARDED,4457567c-a956-4e40-a62d-7dc9004d6709,48504aa0-0fac-4a44-b66c-a8539b08a0d5,c4,c5,1767,?,i5,
1769449930.011387,RECEIVED,aab0ec42-7e68-4c10-ba12-c442bf9189db,fea88a84-0439-49bb-a5ae-c4f4186e4f11,c1,DROP,1452,p1,?,
1769449930.1065013,SENT,aab0ec42-7e68-4c10-ba12-c442bf9189db,fea88a84-0439-49bb-a5ae-c4f4186e4f11,c1,DROP,1016,?,i6,
1769449930.106545,FORWARDED,aab0ec42-7e68-4c10-ba12-c442bf9189db,fea88a84-0439-49bb-a5ae-c4f4186e4f11,c1,DROP,1016,?,i6,
1769449930.272347,SENT,ac583958-460f-4979-a055-13cbea781510,54016f48-fee8-4d2d-9d5b-fddb9ed09484,c3,c5,1765,?,i2,
1769449930.272387,FORWARDED,ac583958-460f-4979-a055-13cbea781510,54016f48-fee8-4d2d-9d5b-fddb9ed09484,c3,c5,1765,?,i2,
1769449930.3156073,RECEIVED,add5922e-5841-45f0-9d80-256cb9148ce2,232e5662-7763-4f0b-98df-489744d329ac,c3,DROP,1439,p3,?,
1769449930.3364947,SENT,e011846d-1d48-46c9-b5b1-d8ae0e841627,9764b96d-671c-4c60-941a-ec327d2c706c,c3,DROP,1015,?,i3,
1769449930.3365314,FORWARDED,e011846d-1d48-46c9-b5b1-d8ae0e841627,9764b96d-671c-4c60-941a-ec327d2c706c,c3,DROP,1015,?,i3,
1769449930.8271074,RECEIVED,58db19cb-4537-4266-a5db-543c0fe149a5,ca68ac84-a2fb-4227-a509-064384c30672,c5,DROP,1448,p2,?,
1769449930.9446192,SENT,add5922e-5841-45f0-9d80-256cb9148ce2,232e5662-7763-4f0b-98df-489744d329ac,c3,DROP,1007,?,i2,
1769449930.9446619,FORWARDED,add5922e-5841-45f0-9d80-256cb9148ce2,232e5662-7763-4f0b-98df-489744d329ac,c3,DROP,1007,?,i2,
1769449930.962761,SENT,58db19cb-4537-4266-a5db-543c0fe149a5,ca68ac84-a2fb-4227-a509-064384c30672,c5,DROP,1014,?,i1,
1769449930.962803,FORWARDED,58db19cb-4537-4266-a5db-543c0fe149a5,ca68ac84-a2fb-4227-a509-064384c30672,c5,DROP,1014,?,i1,
1769449930.9757612,RECEIVED,82540ae0-0354-4da4-8f20-cea28e0ba0b2,615e6550-0c9f-42e7-93c3-66d752000465,c3,DROP,441,x8,?,
1769449931.317925,RECEIVED,fb1f02cb-0e36-4831-ac48-f7386376c459,1fa10089-fe70-47f5-919f-1a9c78217c4c,c5,DROP,1439,p2,?,
1769449931.5628257,RECEIVED,5641a90b-58be-4d1c-b2b2-4fe709f090ce,2f2dbb05-eb0f-44c5-a45c-76ec492fa89d,c5,DROP,1449,p2,?,
1769449931.5848439,SENT,5641a90b-58be-4d1c-b2b2-4fe709f090ce,2f2dbb05-eb0f-44c5-a45c-76ec492fa89d,c5,DROP,1012,?,i6,
1769449931.5848844,FORWARDED,5641a90b-58be-4d1c-b2b2-4fe709f090ce,2f2dbb05-eb0f-44c5-a45c-76ec492fa89d,c5,DROP,1012,?,i6,
1769449931.772767,RECEIVED,fa10782d-1409-45d7-9a17-9d8b40b04572,2ce8c139-525e-4c20-ab54-fd99bf461084,c4,DROP,1447,p1,?,
1769449931.9687114,RECEIVED,e18bb79c-ea04-4d79-85d9-373d158b496f,6eea8bc0-da24-4c22-8b48-bf6cc8d3fc37,c2,c1,2461,p2,?,
1769449931.9988346,SENT,fa10782d-1409-45d7-9a17-9d8b40b04572,2ce8c139-525e-4c20-ab54-fd99bf461084,c4,DROP,1012,?,i10,
1769449931.9989815,FORWARDED,fa10782d-1409-45d7-9a17-9d8b40b04572,2ce8c139-525e-4c20-ab54-fd99bf461084,c4,DROP,1012,?,i10,
1769449932.0101001,SENT,e18bb79c-ea04-4d79-85d9-373d158b496f,6eea8bc0-da24-4c22-8b48-bf6cc8d3fc37,c2,c1,1771,?,i3,
1769449932.010143,FORWARDED,e18bb79c-ea04-4d79-85d9-373d158b496f,6eea8bc0-da24-4c22-8b48-bf6cc8d3fc37,c2,c1,1771,?,i3,
1769449932.253951,RECEIVED,60f4ae68-589d-45e3-9f36-9fb0140661b1,4ea9a37a-57f6-4646-b62c-ee8066fda600,c2,c1,2460,p2,?,
1769449932.3990226,SENT,60f4ae68-589d-45e3-9f36-9fb0140661b1,4ea9a37a-57f6-4646-b62c-ee8066fda600,c2,c1,1771,?,i5,
1769449932.3990736,FORWARDED,60f4ae68-589d-45e3-9f36-9fb0140661b1,4ea9a37a-57f6-4646-b62c-ee8066fda600,c2,c1,1771,?,i5,
1769449932.5139322,SENT,fb1f02cb-0e36-4831-ac48-f7386376c459,1fa10089-fe70-47f5-919f-1a9c78217c4c,c5,DROP,1008,?,i2,
1769449932.5139687,FORWARDED,fb1f02cb-0e36-4831-ac48-f7386376c459,1fa10089-fe70-47f5-919f-1a9c78217c4c,c5,DROP,1008,?,i2,
1769449932.5166938,RECEIVED,77ed13be-7007-46a6-a8c4-c4942627ae3f,6335bfa5-7118-4de8-b298-65174da904d3,c4,c5,2461,p1,?,
1769449932.619,SENT,77ed13be-7007-46a6-a8c4-c4942627ae3f,6335bfa5-7118-4de8-b298-65174da904d3,c4,c5,1772,?,i9,
1769449932.619041,FORWARDED,77ed13be-7007-46a6-a8c4-c4942627ae3f,6335bfa5-7118-4de8-b298-65174da904d3,c4,c5,1772,?,i9,
1769449932.8398829,RECEIVED,9531050b-ed38-4879-a7d5-75b31774afaa,b40e9876-ca39-42a4-967d-f6628786aa06,c2,DROP,1434,p2,?,
1769449933.3628416,RECEIVED,a3d0e700-70e2-47f2-ac62-8238b07ad4a0,a0ccf27d-5452-4d08-b5ac-e3e8cf589099,c3,DROP,1453,p3,?,
1769449933.4569058,SENT,a3d0e700-70e2-47f2-ac62-8238b07ad4a0,a0ccf27d-5452-4d08-b5ac-e3e8cf589099,c3,DROP,1015,?,i10,
1769449933.457006,FORWARDED,a3d0e700-70e2-47f2-ac62-8238b07ad4a0,a0ccf27d-5452-4d08-b5ac-e3e8cf589099,c3,DROP,1015,?,i10,
1769449933.50616,RECEIVED,7df601fc-61d4-47ab-a12e-bee06201de06,bb8a7471-6b04-4676-9d55-4a8e81f68386,c3,DROP,1445,p3,?,
1769449933.5601974,SENT,7df601fc-61d4-47ab-a12e-bee06201de06,bb8a7471-6b04-4676-9d55-4a8e81f68386,c3,DROP,1011,?,i1,
1769449933.560239,FORWARDED,7df601fc-61d4-47ab-a12e-bee06201de06,bb8a7471-6b04-4676-9d55-4a8e81f68386,c3,DROP,1011,?,i1,
1769449933.665939,RECEIVED,b2f65e46-f3f6-46c1-87e4-109f06a883cf,ff99768c-8022-470c-a88e-cbca9e7f0a12,c2,c1,2477,p2,?,
1769449933.6928887,SENT,9531050b-ed38-4879-a7d5-75b31774afaa,b40e9876-ca39-42a4-967d-f6628786aa06,c2,DROP,1004,?,i6,
1769449933.6929235,FORWARDED,9531050b-ed38-4879-a7d5-75b31774afaa,b40e9876-ca39-42a4-967d-f6628786aa06,c2,DROP,1004,?,i6,
1769449933.8494406,SENT,b2f65e46-f3f6-46c1-87e4-109f06a883cf,ff99768c-8022-470c-a88e-cbca9e7f0a12,c2,c1,1784,?,i11,
1769449933.849482,FORWARDED,b2f65e46-f3f6-46c1-87e4-109f06a883cf,ff99768c-8022-470c-a88e-cbca9e7f0a12,c2,c1,1784,?,i11,
1769449933.8499196,RECEIVED,be8b7b72-ede5-4beb-88da-ef1879fe1f01,bc4ad72e-4bf0-44e7-834c-6dc71d9e59c7,c5,DROP,445,x12,?,
1769449933.9906468,RECEIVED,039437a6-99f4-4878-9a2a-abae7cc2e407,92f9ad12-3394-4ddd-beee-e6fbf2e61a86,c4,DROP,1439,p1,?,
1769449934.2970102,RECEIVED,363341d3-3283-4bdb-8abc-fd7a039161bb,6db0fe2d-3027-45a2-9ed0-9daa80d7ab2b,c5,DROP,440,x4,?,
1769449934.3443127,RECEIVED,e7bfa57d-0524-4d70-b6ca-f6d631cc9fc7,8d1e2800-377f-4548-b7c0-f25c24dd1357,c5,DROP,1440,p2,?,
1769449934.479362,SENT,e7bfa57d-0524-4d70-b6ca-f6d631cc9fc7,8d1e2800-377f-4548-b7c0-f25c24dd1357,c5,DROP,1008,?,i3,
1769449934.4794044,FORWARDED,e7bfa57d-0524-4d70-b6ca-f6d631cc9fc7,8d1e2800-377f-4548-b7c0-f25c24dd1357,c5,DROP,1008,?,i3,
1769449934.562949,RECEIVED,3cb7965e-f5ee-42e7-bca2-e174f323cb26,2b2bd03b-38f5-4dc0-b9d2-79d6610fc805,c2,DROP,1448,p2,?,
1769449934.6194267,SENT,039437a6-99f4-4878-9a2a-abae7cc2e407,92f9ad12-3394-4ddd-beee-e6fbf2e61a86,c4,DROP,1007,?,i7,
1769449934.61947,FORWARDED,039437a6-99f4-4878-9a2a-abae7cc2e407,92f9ad12-3394-4ddd-beee-e6fbf2e61a86,c4,DROP,1007,?,i7,
1769449934.7368739,RECEIVED,0b0f3c05-6189-44b0-9551-f86405019c28,caeba9c7-50ed-4521-9676-cfb1c5411c49,c1,DROP,1447,p1,?,
1769449934.7625396,RECEIVED,7ef274e1-77bd-46b6-b104-bbd3051bc85a,4611ab38-6899-4650-9c19-b46694697df6,c1,c3,2452,p1,?,
1769449934.8393445,SENT,7ef274e1-77bd-46b6-b104-bbd3051bc85a,4611ab38-6899-4650-9c19-b46694697df6,c1,c3,1766,?,i2,
1769449934.8393867,FORWARDED,7ef274e1-77bd-46b6-b104-bbd3051bc85a,4611ab38-6899-4650-9c19-b46694697df6,c1,c3,1766,?,i2,
1769449934.8868887,RECEIVED,3ecbff19-c16f-4177-be9c-7eb52419434a,d542e20e-2af1-49d5-ba46-4a975be2a5ec,c1,c3,2447,p1,?,
1769449934.953189,RECEIVED,b07b0840-e5cb-4ff6-ae9e-0bd0d5a2ab39,4007fbad-2941-4137-ac0a-7b80f9b533ca,c4,DROP,1444,p1,?,
1769449934.9830306,RECEIVED,c05627da-847b-444c-8b33-5ff287ce761c,38fd36e9-bf1c-493f-87fd-f5e3289831ac,c2,DROP,445,x5,?,
1769449935.019105,RECEIVED,7781a755-6390-478f-a83b-ce88abc37845,7ee8991c-dd85-480e-b882-a9a7aa8d3d08,c5,c4,2475,p2,?,
1769449935.020638,SENT,3cb7965e-f5ee-42e7-bca2-e174f323cb26,2b2bd03b-38f5-4dc0-b9d2-79d6610fc805,c2,DROP,1012,?,i12,
1769449935.0206792,FORWARDED,3cb7965e-f5ee-42e7-bca2-e174f323cb26,2b2bd03b-38f5-4dc0-b9d2-79d6610fc805,c2,DROP,1012,?,i12,
1769449935.1717398,RECEIVED,c2984b78-890a-4aa4-a0e3-46efa822561f,d60350be-3858-449c-9924-87935a645bfd,c5,c4,2472,p2,?,
1769449935.2101073,SENT,3ecbff19-c16f-4177-be9c-7eb52419434a,d542e20e-2af1-49d5-ba46-4a975be2a5ec,c1,c3,1764,?,i9,
1769449935.2101493,FORWARDED,3ecbff19-c16f-4177-be9c-7eb52419434a,d542e20e-2af1-49d5-ba46-4a975be2a5ec,c1,c3,1764,?,i9,
1769449935.3352253,RECEIVED,b90c82ac-cbe0-4778-afe2-ec98e54d408e,e235c667-95b1-49a5-845b-e81b1562d89d,c2,c1,2467,p2,?,
1769449935.3651881,RECEIVED,169565f4-c72d-42e2-95f8-02297e5bac94,1e7aba72-71a6-4886-a5f6-6ae7485fb314,c2,c1,2448,p2,?,
1769449935.4521353,RECEIVED,0a7c9bfd-ce94-4949-bcb9-e208d569fae8,7189ed51-5843-4ff1-a76e-1ac1e871d5a1,c1,DROP,1449,p1,?,
1769449935.4698458,SENT,0a7c9bfd-ce94-4949-bcb9-e208d569fae8,7189ed51-5843-4ff1-a76e-1ac1e871d5a1,c1,DROP,1013,?,i7,
1769449935.469886,FORWARDED,0a7c9bfd-ce94-4949-bcb9-e208d569fae8,7189ed51-5843-4ff1-a76e-1ac1e871d5a1,c1,DROP,1013,?,i7,
1769449935.4719744,SENT,169565f4-c72d-42e2-95f8-02297e5bac94,1e7aba72-71a6-4886-a5f6-6ae7485fb314,c2,c1,1764,?,i2,
1769449935.4720137,FORWARDED,169565f4-c72d-42e2-95f8-02297e5bac94,1e7aba72-71a6-4886-a5f6-6ae7485fb314,c2,c1,1764,?,i2,
1769449935.4913373,SENT,b90c82ac-cbe0-4778-afe2-ec98e54d408e,e235c667-95b1-49a5-845b-e81b1562d89d,c2,c1,1777,?,i9,
1769449935.4917424,FORWARDED,b90c82ac-cbe0-4778-afe2-ec98e54d408e,e235c667-95b1-49a5-845b-e81b1562d89d,c2,c1,1777,?,i9,
1769449935.5139072,SENT,b07b0840-e5cb-4ff6-ae9e-0bd0d5a2ab39,4007fbad-2941-4137-ac0a-7b80f9b533ca,c4,DROP,1009,?,i11,
1769449935.5139508,FORWARDED,b07b0840-e5cb-4ff6-ae9e-0bd0d5a2ab39,4007fbad-2941-4137-ac0a-7b80f9b533ca,c4,DROP,1009,?,i11,
1769449935.7611816,SENT,0b0f3c05-6189-44b0-9551-f86405019c28,caeba9c7-50ed-4521-9676-cfb1c5411c49,c1,DROP,1014,?,i8,
1769449935.7612257,FORWARDED,0b0f3c05-6189-44b0-9551-f86405019c28,caeba9c7-50ed-4521-9676-cfb1c5411c49,c1,DROP,1014,?,i8,
1769449935.8017597,RECEIVED,e0cbdfa0-bf84-47f7-a76c-c17bd6a1d0e1,8e2c2356-0184-480d-b792-02aaa8db18a6,c3,c5,2472,p3,?,
1769449935.8666332,SENT,7781a755-6390-478f-a83b-ce88abc37845,7ee8991c-dd85-480e-b882-a9a7aa8d3d08,c5,c4,1784,?,i5,
1769449935.8666713,FORWARDED,7781a755-6390-478f-a83b-ce88abc37845,7ee8991c-dd85-480e-b882-a9a7aa8d3d08,c5,c4,1784,?,i5,
1769449935.9312422,RECEIVED,30a52387-1e82-4ad4-948c-586c68bf599c,7f227e7e-76aa-4be5-9b4f-9e18c021c752,c4,DROP,1447,p1,?,
1769449936.0803657,SENT,c2984b78-890a-4aa4-a0e3-46efa822561f,d60350be-3858-449c-9924-87935a645bfd,c5,c4,1780,?,i12,
1769449936.080404,FORWARDED,c2984b78-890a-4aa4-a0e3-46efa822561f,d60350be-3858-449c-9924-87935a645bfd,c5,c4,1780,?,i12,
1769449936.109808,RECEIVED,f0710a09-dcb1-431b-aa7f-455f64a5fec9,9860fb3e-a1e1-4bb5-b92d-b6ab40a699a8,c1,DROP,441,x11,?,
1769449936.2150025,RECEIVED,e05a7974-5b3e-489b-a59d-cc8025429e37,d66a28eb-31e4-4aab-b110-ebdda3acf048,c5,c4,2465,p2,?,
1769449936.2423546,RECEIVED,cb6a57c3-781e-401b-b95a-7c75548d9a8b,957cf2af-eb41-4fa4-8916-195285b19e7b,c5,c4,2464,p2,?,
1769449936.4511142,RECEIVED,79b349d1-7831-4e42-befb-d12b2050fe18,303ad41e-c71f-4277-9438-6f3208336311,c1,c3,2452,p1,?,
1769449936.4638407,SENT,cb6a57c3-781e-401b-b95a-7c75548d9a8b,957cf2af-eb41-4fa4-8916-195285b19e7b,c5,c4,1776,?,i8,
1769449936.4638808,FORWARDED,cb6a57c3-781e-401b-b95a-7c75548d9a8b,957cf2af-eb41-4fa4-8916-195285b19e7b,c5,c4,1776,?,i8,
1769449936.5554945,RECEIVED,6b5908d9-29b1-4ce7-b8b0-d0a5317dceed,7ff703fe-3a01-4c4a-bd19-251d5a167169,c3,DROP,1439,p3,?,
1769449936.5811615,SENT,30a52387-1e82-4ad4-948c-586c68bf599c,7f227e7e-76aa-4be5-9b4f-9e18c021c752,c4,DROP,1012,?,i4,
1769449936.5811958,FORWARDED,30a52387-1e82-4ad4-948c-586c68bf599c,7f227e7e-76aa-4be5-9b4f-9e18c021c752,c4,DROP,1012,?,i4,
1769449936.7304623,SENT,e05a7974-5b3e-489b-a59d-cc8025429e37,d66a28eb-31e4-4aab-b110-ebdda3acf048,c5,c4,1777,?,i9,
1769449936.7305007,FORWARDED,e05a7974-5b3e-489b-a59d-cc8025429e37,d66a28eb-31e4-4aab-b110-ebdda3acf048,c5,c4,1777,?,i9,
1769449936.7361948,RECEIVED,dc0e71df-2f16-4cd7-9539-90d8bbc58c54,bc84b327-fd0f-4d7a-bf98-baeedf462f3c,c1,DROP,1440,p1,?,
1769449936.7669628,SENT,e0cbdfa0-bf84-47f7-a76c-c17bd6a1d0e1,8e2c2356-0184-480d-b792-02aaa8db18a6,c3,c5,1780,?,i11,
1769449936.7670045,FORWARDED,e0cbdfa0-bf84-47f7-a76c-c17bd6a1d0e1,8e2c2356-0184-480d-b792-02aaa8db18a6,c3,c5,1780,?,i11,
1769449936.7689855,RECEIVED,ea85b979-302c-4409-ad6c-904da208617e,40751817-52cb-4a56-8d32-78225d05a002,c2,c1,2451,p2,?,
1769449936.895023,SENT,79b349d1-7831-4e42-befb-d12b2050fe18,303ad41e-c71f-4277-9438-6f3208336311,c1,c3,1767,?,i12,
1769449936.895074,FORWARDED,79b349d1-7831-4e42-befb-d12b2050fe18,303ad41e-c71f-4277-9438-6f3208336311,c1,c3,1767,?,i12,
1769449937.2082338,SENT,dc0e71df-2f16-4cd7-9539-90d8bbc58c54,bc84b327-fd0f-4d7a-bf98-baeedf462f3c,c1,DROP,1007,?,i1,
1769449937.2082734,FORWARDED,dc0e71df-2f16-4cd7-9539-90d8bbc58c54,bc84b327-fd0f-4d7a-bf98-baeedf462f3c,c1,DROP,1007,?,i1,
1769449937.4379506,RECEIVED,8df3402b-cdfe-475f-95f5-64ad112288d3,6770eda7-7139-4951-bc10-19f0ac1b9763,c2,DROP,1439,p2,?,
1769449937.4456494,SENT,6b5908d9-29b1-4ce7-b8b0-d0a5317dceed,7ff703fe-3a01-4c4a-bd19-251d5a167169,c3,DROP,1008,?,i3,
1769449937.4456909,FORWARDED,6b5908d9-29b1-4ce7-b8b0-d0a5317dceed,7ff703fe-3a01-4c4a-bd19-251d5a167169,c3,DROP,1008,?,i3,
1769449937.5584602,SENT,ea85b979-302c-4409-ad6c-904da208617e,40751817-52cb-4a56-8d32-78225d05a002,c2,c1,1765,?,i9,
1769449937.558503,FORWARDED,ea85b979-302c-4409-ad6c-904da208617e,40751817-52cb-4a56-8d32-78225d05a002,c2,c1,1765,?,i9,
1769449937.6557112,RECEIVED,27467037-9583-4b18-986f-db1527cda76f,58539cc3-f012-4e21-abb6-b9e6fbec2147,c2,c1,2464,p2,?,
1769449937.6691499,RECEIVED,83d19e31-09e8-4edf-9e47-cac743a73aac,2692d644-070d-4550-b21e-d986268c18c1,c1,DROP,441,x12,?,
1769449937.7841716,RECEIVED,58f67eb7-74e7-4f7e-a650-6389965d1752,85bab0a8-e01f-4d93-9c33-c7da80026429,c3,c5,2459,p3,?,
1769449937.8441997,RECEIVED,b851098c-3058-4bb6-946a-534f651ac4de,c916c657-9ae4-447f-b1e0-0de7d843d68b,c5,DROP,1452,p2,?,
1769449937.925001,SENT,8df3402b-cdfe-475f-95f5-64ad112288d3,6770eda7-7139-4951-bc10-19f0ac1b9763,c2,DROP,1007,?,i8,
1769449937.9250412,FORWARDED,8df3402b-cdfe-475f-95f5-64ad112288d3,6770eda7-7139-4951-bc10-19f0ac1b9763,c2,DROP,1007,?,i8,
1769449938.1429272,SENT,27467037-9583-4b18-986f-db1527cda76f,58539cc3-f012-4e21-abb6-b9e6fbec2147,c2,c1,1776,?,i6,
1769449938.1429687,FORWARDED,27467037-9583-4b18-986f-db1527cda76f,58539cc3-f012-4e21-abb6-b9e6fbec2147,c2,c1,1776,?,i6,
1769449938.150411,RECEIVED,efef26b2-b986-4209-90ef-bf445c7d840e,a18be66c-6ff8-42de-a29d-c1da4d0bb156,c3,DROP,1443,p3,?,
1769449938.2403083,SENT,b851098c-3058-4bb6-946a-534f651ac4de,c916c657-9ae4-447f-b1e0-0de7d843d68b,c5,DROP,1016,?,i2,
1769449938.2403507,FORWARDED,b851098c-3058-4bb6-946a-534f651ac4de,c916c657-9ae4-447f-b1e0-0de7d843d68b,c5,DROP,1016,?,i2,
1769449938.254748,SENT,58f67eb7-74e7-4f7e-a650-6389965d1752,85bab0a8-e01f-4d93-9c33-c7da80026429,c3,c5,1772,?,i3,
1769449938.2547863,FORWARDED,58f67eb7-74e7-4f7e-a650-6389965d1752,85bab0a8-e01f-4d93-9c33-c7da80026429,c3,c5,1772,?,i3,
1769449938.2991781,RECEIVED,8965f83d-62f8-4aa2-a7cc-8e51b51e5f3e,eb21320e-1d47-41ac-8c75-a5dff788c910,c1,DROP,1443,p1,?,
1769449938.3406332,RECEIVED,099a00f3-499f-4240-88bb-45da2da67362,897fa91b-ede0-4630-a908-9ac2c119939d,c1,DROP,1452,p1,?,
1769449938.443069,RECEIVED,986aa5bf-798d-41f1-9736-940366123030,5bb7534f-9d47-4c1c-914b-5a97d1c8d8d8,c1,c3,2447,p1,?,
1769449938.4995732,SENT,efef26b2-b986-4209-90ef-bf445c7d840e,a18be66c-6ff8-42de-a29d-c1da4d0bb156,c3,DROP,1009,?,i7,
1769449938.4996145,FORWARDED,efef26b2-b986-4209-90ef-bf445c7d840e,a18be66c-6ff8-42de-a29d-c1da4d0bb156,c3,DROP,1009,?,i7,
1769449938.6132712,SENT,099a00f3-499f-4240-88bb-45da2da67362,897fa91b-ede0-4630-a908-9ac2c119939d,c1,DROP,1017,?,i6,
1769449938.613313,FORWARDED,099a00f3-499f-4240-88bb-45da2da67362,897fa91b-ede0-4630-a908-9ac2c119939d,c1,DROP,1017,?,i6,
1769449938.6833057,RECEIVED,5667991c-38eb-481e-a285-590c33022393,9b66c94c-fe79-47e3-9003-ee511d4e3ca0,c4,DROP,446,x3,?,
1769449938.7371936,SENT,986aa5bf-798d-41f1-9736-940366123030,5bb7534f-9d47-4c1c-914b-5a97d1c8d8d8,c1,c3,1762,?,i6,
1769449938.7372296,FORWARDED,986aa5bf-798d-41f1-9736-940366123030,5bb7534f-9d47-4c1c-914b-5a97d1c8d8d8,c1,c3,1762,?,i6,
1769449938.754754,RECEIVED,14945235-ef3d-4ca4-a5d5-c097a5caac20,8057a9ff-a2b0-427c-ba8f-762a7e010352,c3,c5,2468,p3,?,
1769449938.9052079,RECEIVED,b2a21ac0-8e89-46f5-bdb9-21ac68b6daad,40714dad-c66e-4963-9199-b90e5510656a,c2,c1,2464,p2,?,
1769449939.144845,RECEIVED,4fe9991c-1a7a-47ec-b337-b3763bce13b0,8a5c4bf0-80c1-4b47-b56b-4fa6ccff998c,c5,c4,2455,p2,?,
1769449939.1571252,RECEIVED,ab223c08-cb08-4c96-9daf-e5dea5f72599,7fad35f9-7c4d-4788-af5a-ef239e503a72,c3,c5,2460,p3,?,
1769449939.162719,SENT,8965f83d-62f8-4aa2-a7cc-8e51b51e5f3e,eb21320e-1d47-41ac-8c75-a5dff788c910,c1,DROP,1011,?,i3,
1769449939.162762,FORWARDED,8965f83d-62f8-4aa2-a7cc-8e51b51e5f3e,eb21320e-1d47-41ac-8c75-a5dff788c910,c1,DROP,1011,?,i3,
1769449939.5336676,SENT,ab223c08-cb08-4c96-9daf-e5dea5f72599,7fad35f9-7c4d-4788-af5a-ef239e503a72,c3,c5,1771,?,i12,
1769449939.5337076,FORWARDED,ab223c08-cb08-4c96-9daf-e5dea5f72599,7fad35f9-7c4d-4788-af5a-ef239e503a72,c3,c5,1771,?,i12,
1769449939.752919,RECEIVED,1afc4810-21d5-4715-9786-f43bf1493938,4f8ccf1d-a278-4c93-a513-358df2ab5829,c4,DROP,445,x7,?,
1769449939.763874,RECEIVED,2bf8b971-2c48-4a45-b9b1-dd5258d54337,58fa057f-af7a-458c-8974-c83921b180c0,c3,DROP,1439,p3,?,
1769449939.8164117,RECEIVED,3d6dc439-ebd1-43cf-b764-b5ed5aeda5c2,bc799a6c-5418-4ed0-a95a-a4a95d682648,c3,c5,2451,p3,?,
1769449939.8311996,SENT,14945235-ef3d-4ca4-a5d5-c097a5caac20,8057a9ff-a2b0-427c-ba8f-762a7e010352,c3,c5,1777,?,i12,
1769449939.8312395,FORWARDED,14945235-ef3d-4ca4-a5d5-c097a5caac20,8057a9ff-a2b0-427c-ba8f-762a7e010352,c3,c5,1777,?,i12,
1769449940.0304272,RECEIVED,541f528f-699f-487e-b1c6-5cbb7fbe4e69,7854dae0-b182-4e6d-b4bd-b23b1f457f73,c5,DROP,442,x3,?,
1769449940.0969145,RECEIVED,bd7e893b-25e4-485b-8d90-065ef64eea06,f685bc3c-c129-4bf5-bab8-e3c0b850940b,c3,c5,2463,p3,?,
1769449940.1615224,SENT,4fe9991c-1a7a-47ec-b337-b3763bce13b0,8a5c4bf0-80c1-4b47-b56b-4fa6ccff998c,c5,c4,1768,?,i6,
1769449940.161561,FORWARDED,4fe9991c-1a7a-47ec-b337-b3763bce13b0,8a5c4bf0-80c1-4b47-b56b-4fa6ccff998c,c5,c4,1768,?,i6,
1769449940.2731924,SENT,b2a21ac0-8e89-46f5-bdb9-21ac68b6daad,40714dad-c66e-4963-9199-b90e5510656a,c2,c1,1775,?,i12,
1769449940.2732313,FORWARDED,b2a21ac0-8e89-46f5-bdb9-21ac68b6daad,40714dad-c66e-4963-9199-b90e5510656a,c2,c1,1775,?,i12,
1769449940.42774,SENT,3d6dc439-ebd1-43cf-b764-b5ed5aeda5c2,bc799a6c-5418-4ed0-a95a-a4a95d682648,c3,c5,1765,?,i3,
1769449940.4277816,FORWARDED,3d6dc439-ebd1-43cf-b764-b5ed5aeda5c2,bc799a6c-5418-4ed0-a95a-a4a95d682648,c3,c5,1765,?,i3,
1769449940.4734461,RECEIVED,424f6f4f-1c2e-4534-a2cb-a21aa62832f5,2aea1698-555e-4c91-864b-bb01e7f25e90,c1,c3,2447,p1,?,
1769449940.5321372,SENT,2bf8b971-2c48-4a45-b9b1-dd5258d54337,58fa057f-af7a-458c-8974-c83921b180c0,c3,DROP,1008,?,i11,
1769449940.5321803,FORWARDED,2bf8b971-2c48-4a45-b9b1-dd5258d54337,58fa057f-af7a-458c-8974-c83921b180c0,c3,DROP,1008,?,i11,
1769449940.6153917,RECEIVED,8c6d6848-017a-4ab9-ba07-72b271c98e81,b2822c56-2138-4498-ba8f-ccbb437fc2f4,c5,DROP,1440,p2,?,
1769449940.630899,RECEIVED,d862127b-a048-468c-b53a-036ac9252e68,5264159f-9505-469b-9853-b6662ab7634a,c2,DROP,1456,p2,?,
1769449940.7096093,SENT,8c6d6848-017a-4ab9-ba07-72b271c98e81,b2822c56-2138-4498-ba8f-ccbb437fc2f4,c5,DROP,1008,?,i8,
1769449940.7096531,FORWARDED,8c6d6848-017a-4ab9-ba07-72b271c98e81,b2822c56-2138-4498-ba8f-ccbb437fc2f4,c5,DROP,1008,?,i8,
1769449940.7239466,RECEIVED,4de419e7-1ecb-4d06-ba38-accbf0b1ca16,2cac8b51-4684-4d6d-b8c4-3a66760781c9,c5,DROP,1460,p2,?,
1769449940.8465695,RECEIVED,d42ba42c-f06a-49f4-9b4d-c113b088e3f5,5f274fad-0f4c-484b-bdc2-f32a86e83e56,c3,DROP,446,x11,?,
1769449940.947596,SENT,424f6f4f-1c2e-4534-a2cb-a21aa62832f5,2aea1698-555e-4c91-864b-bb01e7f25e90,c1,c3,1764,?,i4,
1769449940.9476364,FORWARDED,424f6f4f-1c2e-4534-a2cb-a21aa62832f5,2aea1698-555e-4c91-864b-bb01e7f25e90,c1,c3,1764,?,i4,
1769449941.188447,SENT,bd7e893b-25e4-485b-8d90-065ef64eea06,f685bc3c-c129-4bf5-bab8-e3c0b850940b,c3,c5,1775,?,i1,
1769449941.188495,FORWARDED,bd7e893b-25e4-485b-8d90-065ef64eea06,f685bc3c-c129-4bf5-bab8-e3c0b850940b,c3,c5,1775,?,i1,
1769449941.3197608,SENT,4de419e7-1ecb-4d06-ba38-accbf0b1ca16,2cac8b51-4684-4d6d-b8c4-3a66760781c9,c5,DROP,1022,?,i11,
1769449941.3198082,FORWARDED,4de419e7-1ecb-4d06-ba38-accbf0b1ca16,2cac8b51-4684-4d6d-b8c4-3a66760781c9,c5,DROP,1022,?,i11,
1769449941.33713,SENT,d862127b-a048-468c-b53a-036ac9252e68,5264159f-9505-469b-9853-b6662ab7634a,c2,DROP,1020,?,i10,
1769449941.3371713,FORWARDED,d862127b-a048-468c-b53a-036ac9252e68,5264159f-9505-469b-9853-b6662ab7634a,c2,DROP,1020,?,i10,
1769449941.411633,RECEIVED,340c535f-7b81-4634-9955-ab55ce6360bc,e009d47b-f0e7-428d-aadf-9c43d6648a43,c2,c1,2452,p2,?,
1769449941.4953797,SENT,340c535f-7b81-4634-9955-ab55ce6360bc,e009d47b-f0e7-428d-aadf-9c43d6648a43,c2,c1,1767,?,i8,
1769449941.4954221,FORWARDED,340c535f-7b81-4634-9955-ab55ce6360bc,e009d47b-f0e7-428d-aadf-9c43d6648a43,c2,c1,1767,?,i8,
1769449941.4972124,RECEIVED,6354d933-70c7-4b3e-892d-dad944401d29,2341603f-b8e8-4513-92be-6fa8984d4c72,c1,DROP,440,x8,?,
1769449941.8144326,RECEIVED,6cf9c123-8b81-4acb-8863-96d9b788145a,f3b16ed4-f227-4dfc-8747-09b5e115c220,c1,DROP,441,x6,?,
1769449941.960927,RECEIVED,af24d0c8-1e34-420c-a314-3878896f77be,e14866b1-15f5-4b90-b512-4729c85be630,c3,c5,2463,p3,?,
1769449942.001162,RECEIVED,54fb0d31-843e-4253-91ba-f9a6de72b9f7,29b8ded8-586b-48cf-9dce-e9ba44c12b83,c2,c1,2453,p2,?,
1769449942.0699458,RECEIVED,4831e700-307e-49f8-a393-5a02af283e5b,4aa8cc78-3645-4feb-9a4c-3983fa7f9adb,c2,DROP,1436,p2,?,
1769449942.3738635,SENT,54fb0d31-843e-4253-91ba-f9a6de72b9f7,29b8ded8-586b-48cf-9dce-e9ba44c12b83,c2,c1,1767,?,i12,
1769449942.3739045,FORWARDED,54fb0d31-843e-4253-91ba-f9a6de72b9f7,29b8ded8-586b-48cf-9dce-e9ba44c12b83,c2,c1,1767,?,i12,
1769449942.4831054,SENT,af24d0c8-1e34-420c-a314-3878896f77be,e14866b1-15f5-4b90-b512-4729c85be630,c3,c5,1776,?,i7,
1769449942.4831493,FORWARDED,af24d0c8-1e34-420c-a314-3878896f77be,e14866b1-15f5-4b90-b512-4729c85be630,c3,c5,1776,?,i7,
1769449942.5259326,SENT,4831e700-307e-49f8-a393-5a02af283e5b,4aa8cc78-3645-4feb-9a4c-3983fa7f9adb,c2,DROP,1004,?,i7,
1769449942.5259745,FORWARDED,4831e700-307e-49f8-a393-5a02af283e5b,4aa8cc78-3645-4feb-9a4c-3983fa7f9adb,c2,DROP,1004,?,i7,
1769449942.5877159,RECEIVED,5d53202b-ae91-4cc9-bcd4-719fd8d56efd,03b30b32-8769-439e-8c09-87708000842f,c3,c5,2452,p3,?,
1769449942.6378174,RECEIVED,5a0f51db-3a11-4aa0-a724-9ae3abbb4e4f,8f1fe6db-11b8-4739-85fc-b235a46779ac,c4,DROP,1440,p1,?,
1769449942.6911979,RECEIVED,ab38c4fa-5aa6-4e64-a7be-03016c405a70,5c40bfb7-db9d-42f3-a684-7721de64a3cc,c2,c1,2447,p2,?,
1769449942.7660294,SENT,5d53202b-ae91-4cc9-bcd4-719fd8d56efd,03b30b32-8769-439e-8c09-87708000842f,c3,c5,1767,?,i3,
1769449942.7660904,FORWARDED,5d53202b-ae91-4cc9-bcd4-719fd8d56efd,03b30b32-8769-439e-8c09-87708000842f,c3,c5,1767,?,i3,
1769449942.798223,RECEIVED,b690c22b-899b-428c-b71b-02c21fcca756,98bc8b0d-c35a-4432-a1ae-66b2bc7e170d,c1,DROP,442,x6,?,
1769449942.804256,RECEIVED,2ce5fac5-1baf-4360-b4a8-7b9c53fa88c5,645b732c-1790-4d24-b6ae-f355592bad9c,c3,DROP,1439,p3,?,
1769449942.8447306,SENT,5a0f51db-3a11-4aa0-a724-9ae3abbb4e4f,8f1fe6db-11b8-4739-85fc-b235a46779ac,c4,DROP,1008,?,i4,
1769449942.8447819,FORWARDED,5a0f51db-3a11-4aa0-a724-9ae3abbb4e4f,8f1fe6db-11b8-4739-85fc-b235a46779ac,c4,DROP,1008,?,i4,
1769449943.0229433,RECEIVED,8ba0ed2b-076a-4b4d-ab81-2e30d86d9914,49f08721-e943-4596-9b52-4d832b137dd5,c2,c1,2443,p2,?,
1769449943.1488822,SENT,ab38c4fa-5aa6-4e64-a7be-03016c405a70,5c40bfb7-db9d-42f3-a684-7721de64a3cc,c2,c1,1764,?,i5,
1769449943.148925,FORWARDED,ab38c4fa-5aa6-4e64-a7be-03016c405a70,5c40bfb7-db9d-42f3-a684-7721de64a3cc,c2,c1,1764,?,i5,
1769449943.193861,SENT,2ce5fac5-1baf-4360-b4a8-7b9c53fa88c5,645b732c-1790-4d24-b6ae-f355592bad9c,c3,DROP,1008,?,i8,
1769449943.1939003,FORWARDED,2ce5fac5-1baf-4360-b4a8-7b9c53fa88c5,645b732c-1790-4d24-b6ae-f355592bad9c,c3,DROP,1008,?,i8,
1769449943.3171005,RECEIVED,8abae740-bb11-4085-89c0-9334b1096b07,25df1759-6b7f-43c4-bd91-66aeff89dcc6,c3,c5,2448,p3,?,
1769449943.407652,RECEIVED,24d49500-5ca7-4641-9f53-39c6e4a6398e,b3b24b7b-fef8-4ad8-b845-286eb8cf934f,c5,c4,2463,p2,?,
1769449943.4080791,SENT,8abae740-bb11-4085-89c0-9334b1096b07,25df1759-6b7f-43c4-bd91-66aeff89dcc6,c3,c5,1762,?,i8,
1769449943.4081204,FORWARDED,8abae740-bb11-4085-89c0-9334b1096b07,25df1759-6b7f-43c4-bd91-66aeff89dcc6,c3,c5,1762,?,i8,
1769449943.5508513,RECEIVED,21ff5565-a431-46cc-89f9-a4e6e92c7741,77623a4b-984b-4fb8-b07b-0c0c228f4fee,c4,c5,2468,p1,?,
1769449943.6113312,SENT,21ff5565-a431-46cc-89f9-a4e6e92c7741,77623a4b-984b-4fb8-b07b-0c0c228f4fee,c4,c5,1777,?,i1,
1769449943.6113713,FORWARDED,21ff5565-a431-46cc-89f9-a4e6e92c7741,77623a4b-984b-4fb8-b07b-0c0c228f4fee,c4,c5,1777,?,i1,
1769449943.7813833,SENT,8ba0ed2b-076a-4b4d-ab81-2e30d86d9914,49f08721-e943-4596-9b52-4d832b137dd5,c2,c1,1759,?,i6,
1769449943.781424,FORWARDED,8ba0ed2b-076a-4b4d-ab81-2e30d86d9914,49f08721-e943-4596-9b52-4d832b137dd5,c2,c1,1759,?,i6,
1769449943.8898575,RECEIVED,e60d2ffc-ea75-4a96-9afd-4a3e4ff6c2e0,f7a3dd67-9c72-4fed-b6ad-ff6293635d77,c4,DROP,1451,p1,?,
1769449944.1026697,SENT,24d49500-5ca7-4641-9f53-39c6e4a6398e,b3b24b7b-fef8-4ad8-b845-286eb8cf934f,c5,c4,1775,?,i2,
1769449944.1027126,FORWARDED,24d49500-5ca7-4641-9f53-39c6e4a6398e,b3b24b7b-fef8-4ad8-b845-286eb8cf934f,c5,c4,1775,?,i2,
1769449944.4823053,RECEIVED,64ea2ade-eb50-44a4-8659-d6dd5cf3ecf7,40f831aa-0a69-477d-994e-bc7a1e9c8719,c5,c4,2459,p2,?,
1769449944.4975047,RECEIVED,31b27cb8-8178-446a-b9f1-d3a3236bc523,6eb3a2d4-6f30-4107-9179-43e93ac3ed84,c4,DROP,1452,p1,?,
1769449944.5376506,RECEIVED,a0b0acfc-a4de-4b32-b7e4-f306702bd15c,be9fa391-d909-4eb1-b40d-d67a0b891177,c1,DROP,1438,p1,?,
1769449944.6107135,SENT,31b27cb8-8178-446a-b9f1-d3a3236bc523,6eb3a2d4-6f30-4107-9179-43e93ac3ed84,c4,DROP,1015,?,i7,
1769449944.6107566,FORWARDED,31b27cb8-8178-446a-b9f1-d3a3236bc523,6eb3a2d4-6f30-4107-9179-43e93ac3ed84,c4,DROP,1015,?,i7,
1769449944.7693431,RECEIVED,20b89088-e329-42b5-aaf6-558150997a77,3e2c3e98-afa6-4a5a-af76-5a8c098e5cd9,c1,DROP,1440,p1,?,
1769449944.9281626,SENT,e60d2ffc-ea75-4a96-9afd-4a3e4ff6c2e0,f7a3dd67-9c72-4fed-b6ad-ff6293635d77,c4,DROP,1015,?,i10,
1769449944.9282043,FORWARDED,e60d2ffc-ea75-4a96-9afd-4a3e4ff6c2e0,f7a3dd67-9c72-4fed-b6ad-ff6293635d77,c4,DROP,1015,?,i10,
1769449944.9822814,RECEIVED,84a77847-b001-4a26-a9b3-323b4c83273f,829239c8-89d1-45fb-8cee-90a91fd314cb,c2,DROP,1460,p2,?,
1769449945.095998,SENT,a0b0acfc-a4de-4b32-b7e4-f306702bd15c,be9fa391-d909-4eb1-b40d-d67a0b891177,c1,DROP,1008,?,i5,
1769449945.09604,FORWARDED,a0b0acfc-a4de-4b32-b7e4-f306702bd15c,be9fa391-d909-4eb1-b40d-d67a0b891177,c1,DROP,1008,?,i5,
1769449945.174385,SENT,20b89088-e329-42b5-aaf6-558150997a77,3e2c3e98-afa6-4a5a-af76-5a8c098e5cd9,c1,DROP,1007,?,i7,
1769449945.174427,FORWARDED,20b89088-e329-42b5-aaf6-558150997a77,3e2c3e98-afa6-4a5a-af76-5a8c098e5cd9,c1,DROP,1007,?,i7,
1769449945.2808843,SENT,64ea2ade-eb50-44a4-8659-d6dd5cf3ecf7,40f831aa-0a69-477d-994e-bc7a1e9c8719,c5,c4,1772,?,i3,
1769449945.2809272,FORWARDED,64ea2ade-eb50-44a4-8659-d6dd5cf3ecf7,40f831aa-0a69-477d-994e-bc7a1e9c8719,c5,c4,1772,?,i3,
1769449945.6293473,SENT,84a77847-b001-4a26-a9b3-323b4c83273f,829239c8-89d1-45fb-8cee-90a91fd314cb,c2,DROP,1021,?,i12,
1769449945.6293886,FORWARDED,84a77847-b001-4a26-a9b3-323b4c83273f,829239c8-89d1-45fb-8cee-90a91fd314cb,c2,DROP,1021,?,i12,
1769449945.6840587,RECEIVED,0d35edc5-664b-46f5-a648-c85c8d3f5fe0,658c1d37-9b9b-4287-b571-9012bb30ee64,c5,DROP,1451,p2,?,
1769449945.8518484,RECEIVED,260bdb8d-c24b-4cbc-9f59-e043f5471c02,483a142d-2bd8-44c1-b995-cca0b7b8f768,c4,c5,2462,p1,?,
1769449945.8606017,RECEIVED,7b8c2f0a-398e-43ff-93f3-5cf80fc65fd0,a3011419-7add-4e35-8608-cfdac469e3ed,c2,DROP,1427,p2,?,
1769449945.909044,RECEIVED,cd6e490f-9c54-4eaf-8fef-eecc39fb7771,503ae836-49f1-4c09-af12-36d2f80855d1,c5,DROP,1454,p2,?,
1769449945.991929,SENT,cd6e490f-9c54-4eaf-8fef-eecc39fb7771,503ae836-49f1-4c09-af12-36d2f80855d1,c5,DROP,1015,?,i10,
1769449945.9919705,FORWARDED,cd6e490f-9c54-4eaf-8fef-eecc39fb7771,503ae836-49f1-4c09-af12-36d2f80855d1,c5,DROP,1015,?,i10,
1769449946.0784426,RECEIVED,1ce5b613-e07e-43a1-99c8-c54ef8e79c49,13d1023f-a5a5-47c0-9260-feac4315b3f9,c5,c4,2465,p2,?,
1769449946.0937886,SENT,1ce5b613-e07e-43a1-99c8-c54ef8e79c49,13d1023f-a5a5-47c0-9260-feac4315b3f9,c5,c4,1775,?,i5,
1769449946.093831,FORWARDED,1ce5b613-e07e-43a1-99c8-c54ef8e79c49,13d1023f-a5a5-47c0-9260-feac4315b3f9,c5,c4,1775,?,i5,
1769449946.263371,RECEIVED,a2927350-d465-4be0-8583-a24d9cced097,6bfff855-9346-44e9-9def-528d03f7869e,c5,c4,2475,p2,?,
1769449946.2896883,RECEIVED,dacdda75-c6fb-4d43-b70c-a4ba96983661,7f6186a9-88a7-4c4a-93d4-0656037b36f4,c5,c4,2477,p2,?,
1769449946.413843,RECEIVED,7d44e3c6-c4a6-4166-94d5-4f7b48294406,1ba448ab-9223-478e-b977-e3309cfc0894,c2,c1,2461,p2,?,
1769449946.4359019,SENT,0d35edc5-664b-46f5-a648-c85c8d3f5fe0,658c1d37-9b9b-4287-b571-9012bb30ee64,c5,DROP,1015,?,i12,
1769449946.4359405,FORWARDED,0d35edc5-664b-46f5-a648-c85c8d3f5fe0,658c1d37-9b9b-4287-b571-9012bb30ee64,c5,DROP,1015,?,i12,
1769449946.5608506,SENT,7d44e3c6-c4a6-4166-94d5-4f7b48294406,1ba448ab-9223-478e-b977-e3309cfc0894,c2,c1,1771,?,i11,
1769449946.5608916,FORWARDED,7d44e3c6-c4a6-4166-94d5-4f7b48294406,1ba448ab-9223-478e-b977-e3309cfc0894,c2,c1,1771,?,i11,
1769449946.5726807,SENT,dacdda75-c6fb-4d43-b70c-a4ba96983661,7f6186a9-88a7-4c4a-93d4-0656037b36f4,c5,c4,1784,?,i12,
1769449946.5727224,FORWARDED,dacdda75-c6fb-4d43-b70c-a4ba96983661,7f6186a9-88a7-4c4a-93d4-0656037b36f4,c5,c4,1784,?,i12,
1769449946.5770888,RECEIVED,b8a9f97e-b501-4773-a6db-2d9bf28e7579,10e1d462-649c-42b6-bdb4-884d4f694190,c5,c4,2477,p2,?,
1769449946.6752026,SENT,b8a9f97e-b501-4773-a6db-2d9bf28e7579,10e1d462-649c-42b6-bdb4-884d4f694190,c5,c4,1784,?,i10,
1769449946.6752453,FORWARDED,b8a9f97e-b501-4773-a6db-2d9bf28e7579,10e1d462-649c-42b6-bdb4-884d4f694190,c5,c4,1784,?,i10,
1769449946.7387924,RECEIVED,8da26cde-e70e-49ec-9056-da47a37678ec,6fc0ba95-487f-4665-ac81-46132eecb9e5,c3,DROP,1443,p3,?,
1769449946.7704916,RECEIVED,607f7359-a404-4a00-a77d-f2277ff80f41,bbfbe2cb-9dee-4859-b9da-83bd1c77ff02,c1,DROP,442,x12,?,
1769449946.8446999,RECEIVED,09cf70e2-cc4c-4df9-8ad4-3f16b42b03e6,4bfe0de2-afbc-403b-941b-71c474b6794d,c3,DROP,1443,p3,?,
1769449946.8940024,RECEIVED,1f03bfa2-1189-4e4b-8fd5-0ce24bd0afd3,d8b21376-cbee-4056-9d37-49d89d4d0b7e,c2,c1,2463,p2,?,
1769449946.9035606,RECEIVED,2b62fdf1-e85f-454e-95a0-cfe61b55ebda,7c8c9540-2d98-409c-9af1-5cd454cd419a,c1,c3,2471,p1,?,
1769449946.9748065,RECEIVED,a3ff8221-1cdf-4930-98de-c41472d6c38d,1e447799-adad-485d-a3c5-008ff010548e,c2,DROP,442,x2,?,
1769449947.007479,SENT,8da26cde-e70e-49ec-9056-da47a37678ec,6fc0ba95-487f-4665-ac81-46132eecb9e5,c3,DROP,1009,?,i7,
1769449947.0075207,FORWARDED,8da26cde-e70e-49ec-9056-da47a37678ec,6fc0ba95-487f-4665-ac81-46132eecb9e5,c3,DROP,1009,?,i7,
1769449947.1190417,RECEIVED,11a83978-35aa-435a-8fa2-fb0d69d3ee74,a87c7dee-1046-4e52-8e7e-9f56f4466abc,c1,c3,2449,p1,?,
1769449947.140015,RECEIVED,5eac7450-d6f7-49a3-86a9-9d2e3dcae29e,31054277-a3ba-47d7-b56a-ad784cc2223e,c3,DROP,1444,p3,?,
1769449947.1654367,RECEIVED,d1c3e1e0-9b00-4168-8764-ec2d6c60f408,081beb10-571b-4275-a96d-10e29daf8e49,c1,c3,2463,p1,?,
1769449947.2095366,SENT,11a83978-35aa-435a-8fa2-fb0d69d3ee74,a87c7dee-1046-4e52-8e7e-9f56f4466abc,c1,c3,1763,?,i7,
1769449947.2095778,FORWARDED,11a83978-35aa-435a-8fa2-fb0d69d3ee74,a87c7dee-1046-4e52-8e7e-9f56f4466abc,c1,c3,1763,?,i7,
1769449947.29915,SENT,1f03bfa2-1189-4e4b-8fd5-0ce24bd0afd3,d8b21376-cbee-4056-9d37-49d89d4d0b7e,c2,c1,1775,?,i3,
1769449947.299193,FORWARDED,1f03bfa2-1189-4e4b-8fd5-0ce24bd0afd3,d8b21376-cbee-4056-9d37-49d89d4d0b7e,c2,c1,1775,?,i3,
1769449947.3579357,RECEIVED,ca3957b1-506d-4cf3-a1b4-8e6cba754620,1e291a55-195a-4cd4-9c91-aa85c80fe3f5,c5,DROP,1439,p2,?,
1769449947.3601303,SENT,7b8c2f0a-398e-43ff-93f3-5cf80fc65fd0,a3011419-7add-4e35-8608-cfdac469e3ed,c2,DROP,999,?,i2,
1769449947.3601725,FORWARDED,7b8c2f0a-398e-43ff-93f3-5cf80fc65fd0,a3011419-7add-4e35-8608-cfdac469e3ed,c2,DROP,999,?,i2,
1769449947.382936,RECEIVED,b09aa428-8e19-4859-baef-fb9e1f1e649f,f50aba32-796e-41de-841d-a3705c64f3df,c3,DROP,441,x8,?,
1769449947.4376893,SENT,2b62fdf1-e85f-454e-95a0-cfe61b55ebda,7c8c9540-2d98-409c-9af1-5cd454cd419a,c1,c3,1781,?,i1,
1769449947.437731,FORWARDED,2b62fdf1-e85f-454e-95a0-cfe61b55ebda,7c8c9540-2d98-409c-9af1-5cd454cd419a,c1,c3,1781,?,i1,
1769449947.4863548,RECEIVED,90e47bb8-6f6e-4e7e-994e-6ddeb68b6054,a5ba35d8-c9c8-4faa-a792-07f09c3abb69,c3,DROP,1443,p3,?,
1769449947.537732,RECEIVED,c584f02c-cee0-4f28-8330-2931dc159553,604a3ff0-0d6c-443e-ab20-91cebc6ddd88,c2,DROP,441,x5,?,
1769449947.6836874,SENT,5eac7450-d6f7-49a3-86a9-9d2e3dcae29e,31054277-a3ba-47d7-b56a-ad784cc2223e,c3,DROP,1011,?,i10,
1769449947.6837268,FORWARDED,5eac7450-d6f7-49a3-86a9-9d2e3dcae29e,31054277-a3ba-47d7-b56a-ad784cc2223e,c3,DROP,1011,?,i10,
1769449947.6999311,SENT,ca3957b1-506d-4cf3-a1b4-8e6cba754620,1e291a55-195a-4cd4-9c91-aa85c80fe3f5,c5,DROP,1008,?,i5,
1769449947.6999733,FORWARDED,ca3957b1-506d-4cf3-a1b4-8e6cba754620,1e291a55-195a-4cd4-9c91-aa85c80fe3f5,c5,DROP,1008,?,i5,
1769449947.7348413,SENT,a2927350-d465-4be0-8583-a24d9cced097,6bfff855-9346-44e9-9def-528d03f7869e,c5,c4,1784,?,i1,
1769449947.7348895,FORWARDED,a2927350-d465-4be0-8583-a24d9cced097,6bfff855-9346-44e9-9def-528d03f7869e,c5,c4,1784,?,i1,
1769449947.7479815,RECEIVED,df9c44bb-73e3-460c-ac07-9d5fce82e45e,ac8de798-cadb-4860-b091-3520c915bc80,c4,DROP,1460,p1,?,
1769449947.8519464,SENT,260bdb8d-c24b-4cbc-9f59-e043f5471c02,483a142d-2bd8-44c1-b995-cca0b7b8f768,c4,c5,1776,?,i9,
1769449947.8519897,FORWARDED,260bdb8d-c24b-4cbc-9f59-e043f5471c02,483a142d-2bd8-44c1-b995-cca0b7b8f768,c4,c5,1776,?,i9,
1769449947.9569497,RECEIVED,beba3691-6d53-470e-99b3-9517cf1edeb8,0bc889a7-8536-43f4-b489-6e1e33c32f99,c5,DROP,1439,p2,?,
1769449948.0520933,SENT,d1c3e1e0-9b00-4168-8764-ec2d6c60f408,081beb10-571b-4275-a96d-10e29daf8e49,c1,c3,1775,?,i9,
1769449948.0521338,FORWARDED,d1c3e1e0-9b00-4168-8764-ec2d6c60f408,081beb10-571b-4275-a96d-10e29daf8e49,c1,c3,1775,?,i9,
1769449948.0775068,RECEIVED,26eae1e6-72ae-45b9-a960-213175be64bc,2a1944d0-b953-498f-b0e2-7fc3af82f1eb,c1,DROP,1444,p1,?,
1769449948.0797963,RECEIVED,ee4e51bc-f3aa-4a9c-a00a-830b353b0502,baccc9b0-62be-4c59-8965-1f97e013e642,c4,DROP,1460,p1,?,
1769449948.1333885,RECEIVED,66a37e9f-616d-46b9-80d3-27c77f3a05da,8b0356f5-c02d-43f6-80d6-475a7650bc4b,c4,c5,2459,p1,?,
1769449948.4025779,RECEIVED,52431786-5ae2-46a8-9b90-2d7f3032e43f,8824d8d3-ad1e-4fa5-bd15-f427d33ab17c,c4,DROP,1461,p1,?,
1769449948.4370928,SENT,beba3691-6d53-470e-99b3-9517cf1edeb8,0bc889a7-8536-43f4-b489-6e1e33c32f99,c5,DROP,1008,?,i6,
1769449948.437144,FORWARDED,beba3691-6d53-470e-99b3-9517cf1edeb8,0bc889a7-8536-43f4-b489-6e1e33c32f99,c5,DROP,1008,?,i6,
1769449948.444106,SENT,52431786-5ae2-46a8-9b90-2d7f3032e43f,8824d8d3-ad1e-4fa5-bd15-f427d33ab17c,c4,DROP,1021,?,i11,
1769449948.4441473,FORWARDED,52431786-5ae2-46a8-9b90-2d7f3032e43f,8824d8d3-ad1e-4fa5-bd15-f427d33ab17c,c4,DROP,1021,?,i11,
1769449948.4847481,RECEIVED,6e6075ba-57ef-44a8-943a-aa26767e64e5,23858184-8c5f-4ae4-8d65-2c15f8c2b636,c1,DROP,1445,p1,?,
1769449948.4895995,SENT,26eae1e6-72ae-45b9-a960-213175be64bc,2a1944d0-b953-498f-b0e2-7fc3af82f1eb,c1,DROP,1011,?,i9,
1769449948.489641,FORWARDED,26eae1e6-72ae-45b9-a960-213175be64bc,2a1944d0-b953-498f-b0e2-7fc3af82f1eb,c1,DROP,1011,?,i9,
1769449948.5045958,RECEIVED,ae29b89c-788e-42cd-af96-14030565f633,c718bc3d-9c46-4552-8929-083a92492d21,c1,DROP,1445,p1,?,
1769449948.5058684,SENT,df9c44bb-73e3-460c-ac07-9d5fce82e45e,ac8de798-cadb-4860-b091-3520c915bc80,c4,DROP,1021,?,i12,
1769449948.5059092,FORWARDED,df9c44bb-73e3-460c-ac07-9d5fce82e45e,ac8de798-cadb-4860-b091-3520c915bc80,c4,DROP,1021,?,i12,
1769449948.562472,SENT,66a37e9f-616d-46b9-80d3-27c77f3a05da,8b0356f5-c02d-43f6-80d6-475a7650bc4b,c4,c5,1771,?,i3,
1769449948.5625112,FORWARDED,66a37e9f-616d-46b9-80d3-27c77f3a05da,8b0356f5-c02d-43f6-80d6-475a7650bc4b,c4,c5,1771,?,i3,
1769449948.6165738,SENT,6e6075ba-57ef-44a8-943a-aa26767e64e5,23858184-8c5f-4ae4-8d65-2c15f8c2b636,c1,DROP,1009,?,i11,
1769449948.6166174,FORWARDED,6e6075ba-57ef-44a8-943a-aa26767e64e5,23858184-8c5f-4ae4-8d65-2c15f8c2b636,c1,DROP,1009,?,i11,
1769449948.667749,RECEIVED,9e9c18ec-3396-4b7d-a253-89cd9e7f2dec,4ee8e4f0-e356-43f3-a9d5-9801f179b4ee,c3,DROP,1446,p3,?,
1769449948.6927884,SENT,90e47bb8-6f6e-4e7e-994e-6ddeb68b6054,a5ba35d8-c9c8-4faa-a792-07f09c3abb69,c3,DROP,1011,?,i7,
1769449948.6928287,FORWARDED,90e47bb8-6f6e-4e7e-994e-6ddeb68b6054,a5ba35d8-c9c8-4faa-a792-07f09c3abb69,c3,DROP,1011,?,i7,
1769449948.703212,RECEIVED,2d7770b4-6e06-40bb-91ca-d8c8c2f80c40,23dbf09c-b341-4af3-b3c6-e8d5bbffd5ff,c5,DROP,1440,p2,?,
1769449948.7180796,SENT,ae29b89c-788e-42cd-af96-14030565f633,c718bc3d-9c46-4552-8929-083a92492d21,c1,DROP,1009,?,i12,
1769449948.7181222,FORWARDED,ae29b89c-788e-42cd-af96-14030565f633,c718bc3d-9c46-4552-8929-083a92492d21,c1,DROP,1009,?,i12,
1769449948.7408543,RECEIVED,df3a4727-d465-4bf4-a3cf-8d814f862a06,6c2f3a12-90ca-4d5a-82dd-985f9eceffb2,c2,DROP,1440,p2,?,
1769449948.882624,SENT,2d7770b4-6e06-40bb-91ca-d8c8c2f80c40,23dbf09c-b341-4af3-b3c6-e8d5bbffd5ff,c5,DROP,1008,?,i9,
1769449948.8826659,FORWARDED,2d7770b4-6e06-40bb-91ca-d8c8c2f80c40,23dbf09c-b341-4af3-b3c6-e8d5bbffd5ff,c5,DROP,1008,?,i9,
1769449948.8982472,SENT,09cf70e2-cc4c-4df9-8ad4-3f16b42b03e6,4bfe0de2-afbc-403b-941b-71c474b6794d,c3,DROP,1009,?,i2,
1769449948.898296,FORWARDED,09cf70e2-cc4c-4df9-8ad4-3f16b42b03e6,4bfe0de2-afbc-403b-941b-71c474b6794d,c3,DROP,1009,?,i2,
1769449948.9376602,SENT,ee4e51bc-f3aa-4a9c-a00a-830b353b0502,baccc9b0-62be-4c59-8965-1f97e013e642,c4,DROP,1021,?,i12,
1769449948.9377034,FORWARDED,ee4e51bc-f3aa-4a9c-a00a-830b353b0502,baccc9b0-62be-4c59-8965-1f97e013e642,c4,DROP,1021,?,i12,
1769449949.042154,RECEIVED,337e91a9-12f4-44c8-b494-d2d6ef1fe786,e0a41d2c-3656-4cd2-b915-82148c3b88da,c5,c4,2458,p2,?,
1769449949.0462143,SENT,df3a4727-d465-4bf4-a3cf-8d814f862a06,6c2f3a12-90ca-4d5a-82dd-985f9eceffb2,c2,DROP,1007,?,i4,
1769449949.0462563,FORWARDED,df3a4727-d465-4bf4-a3cf-8d814f862a06,6c2f3a12-90ca-4d5a-82dd-985f9eceffb2,c2,DROP,1007,?,i4,
1769449949.0913508,RECEIVED,e9e86573-3267-489d-bc87-775693e43285,dc0630d7-d0c2-4253-bcff-77a922f50ef9,c2,c1,2451,p2,?,
1769449949.6689713,SENT,e9e86573-3267-489d-bc87-775693e43285,dc0630d7-d0c2-4253-bcff-77a922f50ef9,c2,c1,1767,?,i1,
1769449949.6690147,FORWARDED,e9e86573-3267-489d-bc87-775693e43285,dc0630d7-d0c2-4253-bcff-77a922f50ef9,c2,c1,1767,?,i1,
1769449949.6871922,SENT,337e91a9-12f4-44c8-b494-d2d6ef1fe786,e0a41d2c-3656-4cd2-b915-82148c3b88da,c5,c4,1771,?,i5,
1769449949.6872337,FORWARDED,337e91a9-12f4-44c8-b494-d2d6ef1fe786,e0a41d2c-3656-4cd2-b915-82148c3b88da,c5,c4,1771,?,i5,
1769449949.946931,RECEIVED,da6b3ffb-339d-4f49-8df0-d3b5d9322f81,2bbc5397-eb8b-4df3-b9fc-ef2c2abf4354,c2,DROP,1443,p2,?,
1769449950.1131902,RECEIVED,9b74950c-b3a8-4c26-9b89-4f7e21425a74,6781d12a-42c3-49d2-bca7-a13dbf0b1b29,c4,DROP,1435,p1,?,
1769449950.1979156,RECEIVED,e45f975b-eb37-433a-a98d-7a89590d6b0d,a4b92662-f7fc-414c-9d67-47d1cf5db3aa,c1,c3,2475,p1,?,
1769449950.2003038,RECEIVED,d9e754ed-6da8-4022-b88f-fb25faf65ff2,46971a77-6d5b-46ea-b338-577871f5ec43,c2,DROP,1443,p2,?,
1769449950.2339952,SENT,da6b3ffb-339d-4f49-8df0-d3b5d9322f81,2bbc5397-eb8b-4df3-b9fc-ef2c2abf4354,c2,DROP,1011,?,i5,
1769449950.2340355,FORWARDED,da6b3ffb-339d-4f49-8df0-d3b5d9322f81,2bbc5397-eb8b-4df3-b9fc-ef2c2abf4354,c2,DROP,1011,?,i5,
1769449950.4621925,RECEIVED,d1ba7b54-f82b-4cb7-8193-710e8438683b,0b06a530-3fcf-404a-9c10-7d728dee953c,c4,c5,2463,p1,?,
1769449950.714174,SENT,e45f975b-eb37-433a-a98d-7a89590d6b0d,a4b92662-f7fc-414c-9d67-47d1cf5db3aa,c1,c3,1784,?,i9,
1769449950.714213,FORWARDED,e45f975b-eb37-433a-a98d-7a89590d6b0d,a4b92662-f7fc-414c-9d67-47d1cf5db3aa,c1,c3,1784,?,i9,
1769449950.8229105,RECEIVED,a258f5b0-5d2e-4fc0-8847-4330c838b719,54c58692-e3b1-4e73-a163-ae81321b0987,c4,c5,2459,p1,?,
1769449950.8328753,SENT,9b74950c-b3a8-4c26-9b89-4f7e21425a74,6781d12a-42c3-49d2-bca7-a13dbf0b1b29,c4,DROP,1003,?,i6,
1769449950.8329163,FORWARDED,9b74950c-b3a8-4c26-9b89-4f7e21425a74,6781d12a-42c3-49d2-bca7-a13dbf0b1b29,c4,DROP,1003,?,i6,
1769449950.8482683,RECEIVED,1cacc92c-f6ac-4d31-8407-56ef574262cd,59177b13-762a-4b5f-b379-46db946509be,c3,DROP,1444,p3,?,
1769449950.9352052,RECEIVED,a5d58d76-f7d7-4fb8-bc98-9568ca14e596,32b9226b-21bc-4a7d-999b-5124f9bbd7c0,c1,DROP,441,x11,?,
1769449950.9438088,SENT,d1ba7b54-f82b-4cb7-8193-710e8438683b,0b06a530-3fcf-404a-9c10-7d728dee953c,c4,c5,1775,?,i4,
1769449950.9438884,FORWARDED,d1ba7b54-f82b-4cb7-8193-710e8438683b,0b06a530-3fcf-404a-9c10-7d728dee953c,c4,c5,1775,?,i4,
1769449951.0317698,SENT,9e9c18ec-3396-4b7d-a253-89cd9e7f2dec,4ee8e4f0-e356-43f3-a9d5-9801f179b4ee,c3,DROP,1012,?,i4,
1769449951.0318127,FORWARDED,9e9c18ec-3396-4b7d-a253-89cd9e7f2dec,4ee8e4f0-e356-43f3-a9d5-9801f179b4ee,c3,DROP,1012,?,i4,
1769449951.0861375,SENT,d9e754ed-6da8-4022-b88f-fb25faf65ff2,46971a77-6d5b-46ea-b338-577871f5ec43,c2,DROP,1011,?,i9,
1769449951.0861793,FORWARDED,d9e754ed-6da8-4022-b88f-fb25faf65ff2,46971a77-6d5b-46ea-b338-577871f5ec43,c2,DROP,1011,?,i9,
1769449951.5544245,SENT,1cacc92c-f6ac-4d31-8407-56ef574262cd,59177b13-762a-4b5f-b379-46db946509be,c3,DROP,1009,?,i10,
1769449951.5544646,FORWARDED,1cacc92c-f6ac-4d31-8407-56ef574262cd,59177b13-762a-4b5f-b379-46db946509be,c3,DROP,1009,?,i10,
1769449951.596708,RECEIVED,45931294-7715-45b3-a5ee-020bcad5dce6,858e4b36-f8c3-4132-a0d3-5789404545b2,c1,DROP,1440,p1,?,
1769449951.5981886,RECEIVED,b9102812-810e-4ce4-89e4-2e12d9f27fe0,90426c66-6830-4188-a078-3d1a66d0762f,c2,c1,2460,p2,?,
1769449951.606745,RECEIVED,7ffe7780-0743-438d-b9f0-8331686a963f,ef48a5a7-ee2f-49c4-a2c1-989c426ce2e6,c1,DROP,442,x4,?,
1769449951.835651,RECEIVED,4cf45c09-057c-40fc-9294-461c894242b2,6063f388-6522-4514-8571-3c621c27e2e5,c5,c4,2446,p2,?,
1769449951.864597,SENT,a258f5b0-5d2e-4fc0-8847-4330c838b719,54c58692-e3b1-4e73-a163-ae81321b0987,c4,c5,1771,?,i9,
1769449951.86464,FORWARDED,a258f5b0-5d2e-4fc0-8847-4330c838b719,54c58692-e3b1-4e73-a163-ae81321b0987,c4,c5,1771,?,i9,
1769449952.0908566,RECEIVED,830c5aed-0f00-41c7-855e-8160dc960340,4da97c1c-6564-4deb-b415-d6d120446a84,c3,DROP,445,x11,?,
1769449952.2328384,SENT,45931294-7715-45b3-a5ee-020bcad5dce6,858e4b36-f8c3-4132-a0d3-5789404545b2,c1,DROP,1008,?,i10,
1769449952.232887,FORWARDED,45931294-7715-45b3-a5ee-020bcad5dce6,858e4b36-f8c3-4132-a0d3-5789404545b2,c1,DROP,1008,?,i10,
1769449952.357432,SENT,b9102812-810e-4ce4-89e4-2e12d9f27fe0,90426c66-6830-4188-a078-3d1a66d0762f,c2,c1,1772,?,i12,
1769449952.3574731,FORWARDED,b9102812-810e-4ce4-89e4-2e12d9f27fe0,90426c66-6830-4188-a078-3d1a66d0762f,c2,c1,1772,?,i12,
1769449952.5073555,RECEIVED,49b267cd-a39c-4ba3-ab9e-2f101ee915fc,8ecaaa7f-be56-4011-a662-0e25d3f35162,c4,DROP,1440,p1,?,
1769449952.597092,SENT,49b267cd-a39c-4ba3-ab9e-2f101ee915fc,8ecaaa7f-be56-4011-a662-0e25d3f35162,c4,DROP,1007,?,i8,
1769449952.5971367,FORWARDED,49b267cd-a39c-4ba3-ab9e-2f101ee915fc,8ecaaa7f-be56-4011-a662-0e25d3f35162,c4,DROP,1007,?,i8,
1769449952.8720434,RECEIVED,4fbec66e-8fc0-414c-a4e3-24e07cf09f5d,174455db-591d-4c34-8de7-4ab9828a43a7,c5,DROP,1440,p2,?,
1769449952.8886437,SENT,4cf45c09-057c-40fc-9294-461c894242b2,6063f388-6522-4514-8571-3c621c27e2e5,c5,c4,1763,?,i3,
1769449952.8886867,FORWARDED,4cf45c09-057c-40fc-9294-461c894242b2,6063f388-6522-4514-8571-3c621c27e2e5,c5,c4,1763,?,i3,
1769449952.9656389,SENT,4fbec66e-8fc0-414c-a4e3-24e07cf09f5d,174455db-591d-4c34-8de7-4ab9828a43a7,c5,DROP,1008,?,i5,
1769449952.9656825,FORWARDED,4fbec66e-8fc0-414c-a4e3-24e07cf09f5d,174455db-591d-4c34-8de7-4ab9828a43a7,c5,DROP,1008,?,i5,
1769449953.2838116,RECEIVED,02170410-d6f3-4817-957a-40991ec7c371,5cc86a3b-b754-4ac4-b3af-c198bc82406a,c2,DROP,441,x4,?,
1769449953.2948472,RECEIVED,e6058d61-4774-4bfd-9ac4-07a4ed65965c,1d285f1a-4242-400e-938b-cb1ca0e0f45b,c2,DROP,441,x7,?,
1769449953.4258657,RECEIVED,0a0b231e-7ef6-485c-b90a-ca520b754463,07451fbd-04e0-4656-90b8-73405048f762,c5,c4,2455,p2,?,
1769449953.4997566,RECEIVED,864958be-0081-46d8-9f29-8b839fb9c2ed,6ff51657-9c37-4b95-8396-b02fe45b7ebb,c2,DROP,1436,p2,?,
1769449953.605009,SENT,864958be-0081-46d8-9f29-8b839fb9c2ed,6ff51657-9c37-4b95-8396-b02fe45b7ebb,c2,DROP,1004,?,i7,
1769449953.6053028,FORWARDED,864958be-0081-46d8-9f29-8b839fb9c2ed,6ff51657-9c37-4b95-8396-b02fe45b7ebb,c2,DROP,1004,?,i7,
1769449953.7272427,RECEIVED,b398f1f8-b2b7-4636-ae96-a264b8a11fbf,01156537-c910-4060-98d4-50dc6d7ed318,c4,c5,2459,p1,?,
1769449953.7296658,RECEIVED,db7bd26d-54a8-4be6-8ab3-78e8eeda0c6a,d1b72528-0f6f-436f-91fa-d068cd308af1,c1,DROP,1443,p1,?,
1769449953.7505834,RECEIVED,2b5f897e-ec84-423c-bd8c-42faff9c57f6,0f753148-b5fd-4625-ad7d-48478581a3b7,c2,DROP,1449,p2,?,
1769449953.7539597,RECEIVED,fcf13418-6a98-4961-bb5d-16d8630c2794,42729513-21e3-470c-88a3-b16351464763,c2,DROP,1458,p2,?,
1769449953.7634683,RECEIVED,0b62ed6a-3455-4f21-9a34-331fc6f94366,f2010d1b-6370-4453-b489-6981925a20e4,c3,DROP,1447,p3,?,
1769449953.8109863,SENT,fcf13418-6a98-4961-bb5d-16d8630c2794,42729513-21e3-470c-88a3-b16351464763,c2,DROP,1020,?,i11,
1769449953.811029,FORWARDED,fcf13418-6a98-4961-bb5d-16d8630c2794,42729513-21e3-470c-88a3-b16351464763,c2,DROP,1020,?,i11,
1769449953.8145478,SENT,2b5f897e-ec84-423c-bd8c-42faff9c57f6,0f753148-b5fd-4625-ad7d-48478581a3b7,c2,DROP,1013,?,i11,
1769449953.814591,FORWARDED,2b5f897e-ec84-423c-bd8c-42faff9c57f6,0f753148-b5fd-4625-ad7d-48478581a3b7,c2,DROP,1013,?,i11,
1769449953.8382356,RECEIVED,b7814421-3257-41a6-ba7f-3694e12f0935,d95c3446-b6bc-4406-ad93-de245713f500,c1,c3,2463,p1,?,
1769449954.0075681,SENT,0b62ed6a-3455-4f21-9a34-331fc6f94366,f2010d1b-6370-4453-b489-6981925a20e4,c3,DROP,1014,?,i8,
1769449954.0076087,FORWARDED,0b62ed6a-3455-4f21-9a34-331fc6f94366,f2010d1b-6370-4453-b489-6981925a20e4,c3,DROP,1014,?,i8,
1769449954.054589,SENT,db7bd26d-54a8-4be6-8ab3-78e8eeda0c6a,d1b72528-0f6f-436f-91fa-d068cd308af1,c1,DROP,1010,?,i3,
1769449954.0546377,FORWARDED,db7bd26d-54a8-4be6-8ab3-78e8eeda0c6a,d1b72528-0f6f-436f-91fa-d068cd308af1,c1,DROP,1010,?,i3,
1769449954.0698097,RECEIVED,5bd48ccb-1792-4312-950c-47f56100e990,8a92e03f-0d6d-4edf-9907-6dec1523ca01,c5,DROP,1452,p2,?,
1769449954.079475,SENT,0a0b231e-7ef6-485c-b90a-ca520b754463,07451fbd-04e0-4656-90b8-73405048f762,c5,c4,1768,?,i5,
1769449954.0795164,FORWARDED,0a0b231e-7ef6-485c-b90a-ca520b754463,07451fbd-04e0-4656-90b8-73405048f762,c5,c4,1768,?,i5,
1769449954.1271505,RECEIVED,585e78e4-0b8b-4bdb-8ff5-7614d1a54f12,8d596f0f-a741-4cd8-9a20-13c7972a8783,c2,DROP,1439,p2,?,
1769449954.130969,RECEIVED,652f3a66-d213-48c7-ac9e-da5acb28c6e9,952ad3ee-224e-46c1-8d64-e85d25caf982,c5,DROP,1432,p2,?,
1769449954.2225718,SENT,b7814421-3257-41a6-ba7f-3694e12f0935,d95c3446-b6bc-4406-ad93-de245713f500,c1,c3,1775,?,i8,
1769449954.2226157,FORWARDED,b7814421-3257-41a6-ba7f-3694e12f0935,d95c3446-b6bc-4406-ad93-de245713f500,c1,c3,1775,?,i8,
1769449954.2876475,RECEIVED,58b02004-81dc-4f39-b3ed-34e7cc455412,49450ba3-c29f-4b84-b3cc-d138ae97e76a,c2,c1,2476,p2,?,
1769449954.2982142,SENT,652f3a66-d213-48c7-ac9e-da5acb28c6e9,952ad3ee-224e-46c1-8d64-e85d25caf982,c5,DROP,1002,?,i1,
1769449954.2982564,FORWARDED,652f3a66-d213-48c7-ac9e-da5acb28c6e9,952ad3ee-224e-46c1-8d64-e85d25caf982,c5,DROP,1002,?,i1,
1769449954.5511558,RECEIVED,07b1d42c-9e9b-479e-a1a7-95552c8e454a,c1709005-d549-4225-8aef-3920c2ae89cb,c3,DROP,1442,p3,?,
1769449954.5621758,RECEIVED,98318ba8-e4a9-459a-b35a-ad31cb5be00d,babf194e-49df-4131-b629-d18c3b47339f,c3,DROP,1453,p3,?,
1769449954.600529,SENT,98318ba8-e4a9-459a-b35a-ad31cb5be00d,babf194e-49df-4131-b629-d18c3b47339f,c3,DROP,1016,?,i1,
1769449954.600569,FORWARDED,98318ba8-e4a9-459a-b35a-ad31cb5be00d,babf194e-49df-4131-b629-d18c3b47339f,c3,DROP,1016,?,i1,
1769449954.6017683,SENT,07b1d42c-9e9b-479e-a1a7-95552c8e454a,c1709005-d549-4225-8aef-3920c2ae89cb,c3,DROP,1007,?,i12,
1769449954.601805,FORWARDED,07b1d42c-9e9b-479e-a1a7-95552c8e454a,c1709005-d549-4225-8aef-3920c2ae89cb,c3,DROP,1007,?,i12,
1769449954.6254904,SENT,b398f1f8-b2b7-4636-ae96-a264b8a11fbf,01156537-c910-4060-98d4-50dc6d7ed318,c4,c5,1771,?,i7,
1769449954.6255326,FORWARDED,b398f1f8-b2b7-4636-ae96-a264b8a11fbf,01156537-c910-4060-98d4-50dc6d7ed318,c4,c5,1771,?,i7,
1769449954.633557,SENT,5bd48ccb-1792-4312-950c-47f56100e990,8a92e03f-0d6d-4edf-9907-6dec1523ca01,c5,DROP,1016,?,i11,
1769449954.6335976,FORWARDED,5bd48ccb-1792-4312-950c-47f56100e990,8a92e03f-0d6d-4edf-9907-6dec1523ca01,c5,DROP,1016,?,i11,
1769449954.670919,RECEIVED,59a876d4-ab89-477f-988d-5892401ff14e,1f103541-0e1f-448e-b816-24ce5ffef825,c4,c5,2447,p1,?,
1769449954.8107526,SENT,59a876d4-ab89-477f-988d-5892401ff14e,1f103541-0e1f-448e-b816-24ce5ffef825,c4,c5,1762,?,i6,
1769449954.811202,FORWARDED,59a876d4-ab89-477f-988d-5892401ff14e,1f103541-0e1f-448e-b816-24ce5ffef825,c4,c5,1762,?,i6,
1769449955.0394294,RECEIVED,20441d59-799e-4950-bc77-bb17e682550a,b1fd96c0-96c1-4c70-bad8-ab0b13fe7cca,c1,DROP,1451,p1,?,
1769449955.0635684,SENT,585e78e4-0b8b-4bdb-8ff5-7614d1a54f12,8d596f0f-a741-4cd8-9a20-13c7972a8783,c2,DROP,1007,?,i6,
1769449955.0636718,FORWARDED,585e78e4-0b8b-4bdb-8ff5-7614d1a54f12,8d596f0f-a741-4cd8-9a20-13c7972a8783,c2,DROP,1007,?,i6,
1769449955.0637977,RECEIVED,b77f1653-717f-41c3-bc05-085104bb52e6,da7f1bd1-0dfd-4b87-a772-7bd749dafcf2,c3,DROP,441,x10,?,
1769449955.1645892,RECEIVED,073f9768-3bce-4ffa-a426-eef1665fa0cd,2f9e7d49-4fa9-4afa-9710-f4a9edbf0f3b,c4,DROP,1457,p1,?,
1769449955.1963778,RECEIVED,c22690a1-3589-4bba-9421-c361f6f9cabd,84b7e55b-c8b2-47f3-845b-e347fa5d36b9,c2,DROP,441,x8,?,
1769449955.265565,SENT,073f9768-3bce-4ffa-a426-eef1665fa0cd,2f9e7d49-4fa9-4afa-9710-f4a9edbf0f3b,c4,DROP,1019,?,i11,
1769449955.2656188,FORWARDED,073f9768-3bce-4ffa-a426-eef1665fa0cd,2f9e7d49-4fa9-4afa-9710-f4a9edbf0f3b,c4,DROP,1019,?,i11,
1769449955.4848356,SENT,20441d59-799e-4950-bc77-bb17e682550a,b1fd96c0-96c1-4c70-bad8-ab0b13fe7cca,c1,DROP,1016,?,i2,
1769449955.4848778,FORWARDED,20441d59-799e-4950-bc77-bb17e682550a,b1fd96c0-96c1-4c70-bad8-ab0b13fe7cca,c1,DROP,1016,?,i2,
1769449955.7418065,RECEIVED,db78d36e-cc26-4d57-989c-f320139a6050,de7bbb1b-9b4e-4360-acb6-d23202b0e276,c5,DROP,1453,p2,?,
1769449955.757853,RECEIVED,efd40d8a-73c7-4cc9-847a-c0b533bda3d6,2d672054-0278-41e4-9d37-fbdc340e700f,c1,c3,2463,p1,?,
1769449955.792562,SENT,58b02004-81dc-4f39-b3ed-34e7cc455412,49450ba3-c29f-4b84-b3cc-d138ae97e76a,c2,c1,1783,?,i11,
1769449955.7925994,FORWARDED,58b02004-81dc-4f39-b3ed-34e7cc455412,49450ba3-c29f-4b84-b3cc-d138ae97e76a,c2,c1,1783,?,i11,
1769449955.8069007,RECEIVED,08b0962b-6bc1-475e-a6f6-495599f6b590,fc6d7178-1af3-48a9-986a-4240a32edf4c,c5,DROP,1440,p2,?,
1769449955.9007332,RECEIVED,5e930622-8681-4793-9be1-e93916d9dd6e,6c79dfd2-5824-4dea-9c9a-013746f1d7f0,c5,DROP,441,x7,?,
1769449956.0306497,RECEIVED,32a8af39-ad99-4908-a557-624f03974b1d,207382fd-79bf-463b-ad85-7207b971aec8,c3,DROP,1439,p3,?,
1769449956.094121,RECEIVED,213de87c-c6aa-4970-88e0-34616c66b1bf,2b3da376-2fc0-4ed3-bfc8-2ed6a1361a92,c2,DROP,442,x7,?,
1769449956.1037734,SENT,db78d36e-cc26-4d57-989c-f320139a6050,de7bbb1b-9b4e-4360-acb6-d23202b0e276,c5,DROP,1016,?,i12,
1769449956.1038089,FORWARDED,db78d36e-cc26-4d57-989c-f320139a6050,de7bbb1b-9b4e-4360-acb6-d23202b0e276,c5,DROP,1016,?,i12,
1769449956.1642847,RECEIVED,7b5b1122-d353-4124-bedb-f22bb060ed0e,48fd19b6-5d02-47f5-9b24-8747e3469b1d,c2,DROP,440,x3,?,
1769449956.2740111,RECEIVED,3d0fcfd2-9bf9-41d0-9bf4-979f4cb464b6,a470712c-81bd-4766-90fa-f8b926fa5668,c5,DROP,442,x7,?,
1769449956.28528,RECEIVED,2f6812da-e6bd-4b0d-9f9c-a4eec77d2f0d,608239eb-3cab-4411-b403-718741a94fdb,c4,DROP,1443,p1,?,
1769449956.3370936,RECEIVED,96f0336c-869b-486c-b64e-9d40de4c79f3,501ff5a3-1b65-45b0-9469-4496b77466d0,c3,DROP,1440,p3,?,
1769449956.4157887,RECEIVED,27d8adb3-208e-4696-a023-fbf93b87a21a,2e3ba0ba-15ca-48cf-be80-c1989be3f0d6,c1,DROP,1452,p1,?,
1769449956.4513452,RECEIVED,6332f44d-83dc-4cdb-89a1-df26db7376a3,41da0ed3-783b-4510-b626-0515f1a4ae9a,c4,DROP,1440,p1,?,
1769449956.484465,RECEIVED,64dcaffc-af71-45f7-a7d3-e22e339d0d76,19193f53-ffd5-4745-a9e6-10590210c45c,c3,c5,2468,p3,?,
1769449956.4972744,RECEIVED,4abb9a2f-76d4-4de6-b6d7-a810427eac9d,29a6429c-bbe5-4e33-8cbb-08f2a6c1c256,c1,DROP,1437,p1,?,
1769449956.550511,SENT,32a8af39-ad99-4908-a557-624f03974b1d,207382fd-79bf-463b-ad85-7207b971aec8,c3,DROP,1007,?,i3,
1769449956.5505524,FORWARDED,32a8af39-ad99-4908-a557-624f03974b1d,207382fd-79bf-463b-ad85-7207b971aec8,c3,DROP,1007,?,i3,
1769449956.581006,SENT,6332f44d-83dc-4cdb-89a1-df26db7376a3,41da0ed3-783b-4510-b626-0515f1a4ae9a,c4,DROP,1007,?,i9,
1769449956.581057,FORWARDED,6332f44d-83dc-4cdb-89a1-df26db7376a3,41da0ed3-783b-4510-b626-0515f1a4ae9a,c4,DROP,1007,?,i9,
1769449956.599273,SENT,27d8adb3-208e-4696-a023-fbf93b87a21a,2e3ba0ba-15ca-48cf-be80-c1989be3f0d6,c1,DROP,1015,?,i6,
1769449956.5993128,FORWARDED,27d8adb3-208e-4696-a023-fbf93b87a21a,2e3ba0ba-15ca-48cf-be80-c1989be3f0d6,c1,DROP,1015,?,i6,
1769449956.6317976,RECEIVED,58ffb571-3ea1-4970-bfba-d9147044f365,1cc5cada-086b-443b-a502-e958c4eb44d0,c4,DROP,1444,p1,?,
1769449956.6322713,RECEIVED,661c1131-1d0c-42ab-aa8d-d252dbf9e09f,98ae380c-ee0a-4d28-9e84-7e9ea1f92ece,c5,DROP,1456,p2,?,
1769449956.6659198,SENT,96f0336c-869b-486c-b64e-9d40de4c79f3,501ff5a3-1b65-45b0-9469-4496b77466d0,c3,DROP,1007,?,i4,
1769449956.6659622,FORWARDED,96f0336c-869b-486c-b64e-9d40de4c79f3,501ff5a3-1b65-45b0-9469-4496b77466d0,c3,DROP,1007,?,i4,
1769449956.6844654,SENT,efd40d8a-73c7-4cc9-847a-c0b533bda3d6,2d672054-0278-41e4-9d37-fbdc340e700f,c1,c3,1775,?,i5,
1769449956.6845078,FORWARDED,efd40d8a-73c7-4cc9-847a-c0b533bda3d6,2d672054-0278-41e4-9d37-fbdc340e700f,c1,c3,1775,?,i5,
1769449956.6918354,SENT,661c1131-1d0c-42ab-aa8d-d252dbf9e09f,98ae380c-ee0a-4d28-9e84-7e9ea1f92ece,c5,DROP,1020,?,i3,
1769449956.6918826,FORWARDED,661c1131-1d0c-42ab-aa8d-d252dbf9e09f,98ae380c-ee0a-4d28-9e84-7e9ea1f92ece,c5,DROP,1020,?,i3,
1769449956.7935152,SENT,08b0962b-6bc1-475e-a6f6-495599f6b590,fc6d7178-1af3-48a9-986a-4240a32edf4c,c5,DROP,1007,?,i10,
1769449956.7935557,FORWARDED,08b0962b-6bc1-475e-a6f6-495599f6b590,fc6d7178-1af3-48a9-986a-4240a32edf4c,c5,DROP,1007,?,i10,
1769449956.797549,RECEIVED,62667ba2-4822-4c6c-a298-7164b7cb41dd,371ebc49-7f78-48ae-b631-c1233e741328,c1,DROP,1443,p1,?,
1769449956.8456185,SENT,64dcaffc-af71-45f7-a7d3-e22e339d0d76,19193f53-ffd5-4745-a9e6-10590210c45c,c3,c5,1779,?,i11,
1769449956.8456724,FORWARDED,64dcaffc-af71-45f7-a7d3-e22e339d0d76,19193f53-ffd5-4745-a9e6-10590210c45c,c3,c5,1779,?,i11,
1769449956.923636,RECEIVED,20bd291d-e925-462e-95d3-887512d093ba,9d55146f-11fd-424d-8e37-2e797bcf5642,c5,DROP,1452,p2,?,
1769449956.9461296,RECEIVED,a2866378-3fc8-4067-89e8-f606f29dbce4,79e0129b-1d88-42a0-8754-06ef982497cf,c1,c3,2448,p1,?,
1769449957.003231,SENT,20bd291d-e925-462e-95d3-887512d093ba,9d55146f-11fd-424d-8e37-2e797bcf5642,c5,DROP,1015,?,i4,
1769449957.0032732,FORWARDED,20bd291d-e925-462e-95d3-887512d093ba,9d55146f-11fd-424d-8e37-2e797bcf5642,c5,DROP,1015,?,i4,
1769449957.0384295,SENT,62667ba2-4822-4c6c-a298-7164b7cb41dd,371ebc49-7f78-48ae-b631-c1233e741328,c1,DROP,1011,?,i7,
1769449957.0384712,FORWARDED,62667ba2-4822-4c6c-a298-7164b7cb41dd,371ebc49-7f78-48ae-b631-c1233e741328,c1,DROP,1011,?,i7,
1769449957.0545666,RECEIVED,f52d22be-acb5-4efe-8c7e-81f631656063,7112e223-96ec-4a5e-83b3-7666fea86632,c2,DROP,1439,p2,?,
1769449957.113462,RECEIVED,ccf0fd82-1322-462a-a012-991e6daf5c71,0be5bf83-b2f2-4787-8010-ebd38f8a0ceb,c1,DROP,1439,p1,?,
1769449957.1323578,RECEIVED,701df289-607e-4407-b3a0-a1146e5c371d,211ebc50-a250-40b1-9f08-1f49057c1d46,c5,DROP,442,x8,?,
1769449957.150549,RECEIVED,b7bd8d93-36be-40b7-994a-12cf357fcfb5,4e6275d3-ccdd-41c6-bf73-e42d07209cf7,c1,c3,2470,p1,?,
1769449957.1582453,SENT,58ffb571-3ea1-4970-bfba-d9147044f365,1cc5cada-086b-443b-a502-e958c4eb44d0,c4,DROP,1011,?,i11,
1769449957.1582866,FORWARDED,58ffb571-3ea1-4970-bfba-d9147044f365,1cc5cada-086b-443b-a502-e958c4eb44d0,c4,DROP,1011,?,i11,
1769449957.178175,SENT,b7bd8d93-36be-40b7-994a-12cf357fcfb5,4e6275d3-ccdd-41c6-bf73-e42d07209cf7,c1,c3,1777,?,i12,
1769449957.1782167,FORWARDED,b7bd8d93-36be-40b7-994a-12cf357fcfb5,4e6275d3-ccdd-41c6-bf73-e42d07209cf7,c1,c3,1777,?,i12,
1769449957.2021625,RECEIVED,56e3258c-14cd-4747-b604-54c2ab705bbd,46b7e1b3-924b-4d28-91fa-86a689d59e0a,c4,c5,2471,p1,?,
1769449957.258669,SENT,a2866378-3fc8-4067-89e8-f606f29dbce4,79e0129b-1d88-42a0-8754-06ef982497cf,c1,c3,1764,?,i5,
1769449957.2587106,FORWARDED,a2866378-3fc8-4067-89e8-f606f29dbce4,79e0129b-1d88-42a0-8754-06ef982497cf,c1,c3,1764,?,i5,
1769449957.3556025,SENT,2f6812da-e6bd-4b0d-9f9c-a4eec77d2f0d,608239eb-3cab-4411-b403-718741a94fdb,c4,DROP,1009,?,i9,
1769449957.3556452,FORWARDED,2f6812da-e6bd-4b0d-9f9c-a4eec77d2f0d,608239eb-3cab-4411-b403-718741a94fdb,c4,DROP,1009,?,i9,
1769449957.4116647,SENT,ccf0fd82-1322-462a-a012-991e6daf5c71,0be5bf83-b2f2-4787-8010-ebd38f8a0ceb,c1,DROP,1007,?,i3,
1769449957.4117012,FORWARDED,ccf0fd82-1322-462a-a012-991e6daf5c71,0be5bf83-b2f2-4787-8010-ebd38f8a0ceb,c1,DROP,1007,?,i3,
1769449957.5040398,RECEIVED,65e72c97-f4cd-41e1-ad6f-a9a4438d3e8c,60cb3ba5-e7e1-475a-b92a-c084d6bc919c,c2,c1,2447,p2,?,
1769449957.731188,SENT,f52d22be-acb5-4efe-8c7e-81f631656063,7112e223-96ec-4a5e-83b3-7666fea86632,c2,DROP,1007,?,i6,
1769449957.7312305,FORWARDED,f52d22be-acb5-4efe-8c7e-81f631656063,7112e223-96ec-4a5e-83b3-7666fea86632,c2,DROP,1007,?,i6,
1769449957.7536864,SENT,4abb9a2f-76d4-4de6-b6d7-a810427eac9d,29a6429c-bbe5-4e33-8cbb-08f2a6c1c256,c1,DROP,1008,?,i2,
1769449957.7537267,FORWARDED,4abb9a2f-76d4-4de6-b6d7-a810427eac9d,29a6429c-bbe5-4e33-8cbb-08f2a6c1c256,c1,DROP,1008,?,i2,
1769449957.9542675,RECEIVED,ff3f3ae6-aa1d-423e-b2af-84e0260d5693,f6b6e4d4-2811-4119-a21f-369d1c911f97,c1,DROP,1439,p1,?,
1769449958.2300155,RECEIVED,8538a9e5-ecf7-43df-ace2-be0e8a2a6931,d84fbd70-6257-4f82-8b83-ed77e09e4ebf,c1,DROP,1451,p1,?,
1769449958.2496753,RECEIVED,6f884590-b5f3-4dbf-b85e-ee5ec5775f6f,73646de3-b804-4e68-bb35-0947042b2fe4,c3,DROP,1448,p3,?,
1769449958.379901,SENT,65e72c97-f4cd-41e1-ad6f-a9a4438d3e8c,60cb3ba5-e7e1-475a-b92a-c084d6bc919c,c2,c1,1763,?,i5,
1769449958.3799436,FORWARDED,65e72c97-f4cd-41e1-ad6f-a9a4438d3e8c,60cb3ba5-e7e1-475a-b92a-c084d6bc919c,c2,c1,1763,?,i5,
1769449958.3900077,RECEIVED,531c168f-a040-4895-a3b6-341ea0a9c258,f1ff729c-04fb-401b-bf6b-2619aa5eee46,c2,DROP,1443,p2,?,
1769449958.4041593,SENT,6f884590-b5f3-4dbf-b85e-ee5ec5775f6f,73646de3-b804-4e68-bb35-0947042b2fe4,c3,DROP,1013,?,i3,
1769449958.4041922,FORWARDED,6f884590-b5f3-4dbf-b85e-ee5ec5775f6f,73646de3-b804-4e68-bb35-0947042b2fe4,c3,DROP,1013,?,i3,
1769449958.43208,RECEIVED,2c62ab5f-d23e-48ec-8ec3-3c0260cc2e55,578def87-6b24-406f-ab6e-49d50522b45e,c5,DROP,1439,p2,?,
1769449958.4978006,RECEIVED,277869ad-f48e-475e-b738-f87c4812d40b,94c0131e-d484-4293-a948-ca0aa0c2b364,c2,DROP,1452,p2,?,
1769449958.5919523,SENT,ff3f3ae6-aa1d-423e-b2af-84e0260d5693,f6b6e4d4-2811-4119-a21f-369d1c911f97,c1,DROP,1008,?,i2,
1769449958.5919938,FORWARDED,ff3f3ae6-aa1d-423e-b2af-84e0260d5693,f6b6e4d4-2811-4119-a21f-369d1c911f97,c1,DROP,1008,?,i2,
1769449958.6887305,RECEIVED,33588000-27ae-4a1d-b608-8c1842c28153,6d853cd5-7a58-4b38-a2bf-7e7ef2c91c4d,c4,c5,2475,p1,?,
1769449958.8588908,RECEIVED,4f290331-6ecd-4078-9187-efd2d622a9f0,8934f74b-ff50-47e8-a3cf-5516a6f2d559,c4,c5,2463,p1,?,
1769449958.8856032,SENT,56e3258c-14cd-4747-b604-54c2ab705bbd,46b7e1b3-924b-4d28-91fa-86a689d59e0a,c4,c5,1780,?,i3,
1769449958.8856459,FORWARDED,56e3258c-14cd-4747-b604-54c2ab705bbd,46b7e1b3-924b-4d28-91fa-86a689d59e0a,c4,c5,1780,?,i3,
1769449958.9273086,RECEIVED,a0868b27-55d2-477b-888c-b38eaeec5247,3ee4690f-933c-45d5-9a61-4b93bf1f6565,c2,DROP,441,x1,?,
1769449958.9335933,SENT,277869ad-f48e-475e-b738-f87c4812d40b,94c0131e-d484-4293-a948-ca0aa0c2b364,c2,DROP,1015,?,i2,
1769449958.9336345,FORWARDED,277869ad-f48e-475e-b738-f87c4812d40b,94c0131e-d484-4293-a948-ca0aa0c2b364,c2,DROP,1015,?,i2,
1769449958.969691,SENT,33588000-27ae-4a1d-b608-8c1842c28153,6d853cd5-7a58-4b38-a2bf-7e7ef2c91c4d,c4,c5,1785,?,i7,
1769449958.9697335,FORWARDED,33588000-27ae-4a1d-b608-8c1842c28153,6d853cd5-7a58-4b38-a2bf-7e7ef2c91c4d,c4,c5,1785,?,i7,
1769449959.0044932,RECEIVED,263e3d50-f421-4066-9160-35b073590304,8a5d69b0-9e12-4bd1-969d-0e78e6df2ff7,c2,DROP,1448,p2,?,
1769449959.071879,SENT,263e3d50-f421-4066-9160-35b073590304,8a5d69b0-9e12-4bd1-969d-0e78e6df2ff7,c2,DROP,1012,?,i8,
1769449959.071917,FORWARDED,263e3d50-f421-4066-9160-35b073590304,8a5d69b0-9e12-4bd1-969d-0e78e6df2ff7,c2,DROP,1012,?,i8,
1769449959.0800624,SENT,8538a9e5-ecf7-43df-ace2-be0e8a2a6931,d84fbd70-6257-4f82-8b83-ed77e09e4ebf,c1,DROP,1017,?,i6,
1769449959.080104,FORWARDED,8538a9e5-ecf7-43df-ace2-be0e8a2a6931,d84fbd70-6257-4f82-8b83-ed77e09e4ebf,c1,DROP,1017,?,i6,
1769449959.0920134,SENT,531c168f-a040-4895-a3b6-341ea0a9c258,f1ff729c-04fb-401b-bf6b-2619aa5eee46,c2,DROP,1011,?,i3,
1769449959.0920694,FORWARDED,531c168f-a040-4895-a3b6-341ea0a9c258,f1ff729c-04fb-401b-bf6b-2619aa5eee46,c2,DROP,1011,?,i3,
1769449959.1939516,RECEIVED,83c414bd-b5f8-4981-a793-3eb10b6ec6d8,ce531c23-e118-420e-8476-19be33f8e565,c1,DROP,442,x7,?,
1769449959.2412658,SENT,2c62ab5f-d23e-48ec-8ec3-3c0260cc2e55,578def87-6b24-406f-ab6e-49d50522b45e,c5,DROP,1007,?,i8,
1769449959.2413096,FORWARDED,2c62ab5f-d23e-48ec-8ec3-3c0260cc2e55,578def87-6b24-406f-ab6e-49d50522b45e,c5,DROP,1007,?,i8,
1769449959.253697,SENT,4f290331-6ecd-4078-9187-efd2d622a9f0,8934f74b-ff50-47e8-a3cf-5516a6f2d559,c4,c5,1775,?,i1,
1769449959.2537346,FORWARDED,4f290331-6ecd-4078-9187-efd2d622a9f0,8934f74b-ff50-47e8-a3cf-5516a6f2d559,c4,c5,1775,?,i1,
1769449959.2585866,RECEIVED,f0a6a4b2-efb1-4756-afeb-726d48e544f1,63a26775-8eee-4c55-9929-6b0d45b9d5a2,c4,DROP,1440,p1,?,
1769449959.2663224,RECEIVED,0922a127-72a5-4cc1-82bf-e1b68b4926d8,a2a77365-744c-458a-bd0e-400e76461802,c5,c4,2450,p2,?,
1769449959.4931617,RECEIVED,e8fb3320-155a-4e11-9a07-85861a38c1fb,3e8d3ac1-5300-41ad-8d72-bbe593a2399c,c5,DROP,442,x8,?,
1769449959.5226343,RECEIVED,b10ee3bc-4a51-49cc-8f73-9b06aa332af0,10aa2c69-322e-40d2-acaf-93dd57bcaec1,c5,DROP,1460,p2,?,
1769449959.669572,SENT,b10ee3bc-4a51-49cc-8f73-9b06aa332af0,10aa2c69-322e-40d2-acaf-93dd57bcaec1,c5,DROP,1021,?,i11,
1769449959.669615,FORWARDED,b10ee3bc-4a51-49cc-8f73-9b06aa332af0,10aa2c69-322e-40d2-acaf-93dd57bcaec1,c5,DROP,1021,?,i11,
1769449959.7587292,SENT,f0a6a4b2-efb1-4756-afeb-726d48e544f1,63a26775-8eee-4c55-9929-6b0d45b9d5a2,c4,DROP,1007,?,i3,
1769449959.758769,FORWARDED,f0a6a4b2-efb1-4756-afeb-726d48e544f1,63a26775-8eee-4c55-9929-6b0d45b9d5a2,c4,DROP,1007,?,i3,
1769449959.8089075,SENT,0922a127-72a5-4cc1-82bf-e1b68b4926d8,a2a77365-744c-458a-bd0e-400e76461802,c5,c4,1767,?,i5,
1769449959.8089485,FORWARDED,0922a127-72a5-4cc1-82bf-e1b68b4926d8,a2a77365-744c-458a-bd0e-400e76461802,c5,c4,1767,?,i5,
1769449959.8967137,RECEIVED,b5394e59-0f34-4cd7-bfdf-81c8cd8ec525,1a231b5f-c5bd-4a87-8526-25833b107d05,c2,c1,2467,p2,?,
1769449960.0253916,RECEIVED,2961edfe-1b28-4ddf-b986-9489772c1a34,ca2a9135-63eb-44cc-b8d5-ea6dddb2e9c7,c4,c5,2460,p1,?,
1769449960.145223,SENT,2961edfe-1b28-4ddf-b986-9489772c1a34,ca2a9135-63eb-44cc-b8d5-ea6dddb2e9c7,c4,c5,1771,?,i4,
1769449960.1452658,FORWARDED,2961edfe-1b28-4ddf-b986-9489772c1a34,ca2a9135-63eb-44cc-b8d5-ea6dddb2e9c7,c4,c5,1771,?,i4,
1769449960.1836107,RECEIVED,9c690d7d-9450-44ce-bec9-7b5727af9088,5f4b19d6-de50-46ed-8660-2ad3a76ad323,c1,DROP,1453,p1,?,
1769449960.2491624,SENT,9c690d7d-9450-44ce-bec9-7b5727af9088,5f4b19d6-de50-46ed-8660-2ad3a76ad323,c1,DROP,1016,?,i4,
1769449960.2492034,FORWARDED,9c690d7d-9450-44ce-bec9-7b5727af9088,5f4b19d6-de50-46ed-8660-2ad3a76ad323,c1,DROP,1016,?,i4,
1769449960.3456166,RECEIVED,f663de4f-c813-4d5f-84f5-2a33397cb1bd,53bdba6c-2108-4984-91af-135c139f9ff6,c2,DROP,1444,p2,?,
1769449960.3998766,RECEIVED,a84bb979-345c-4896-9aad-c247556d4f0a,38bc26a4-7494-42c9-a224-d5ebdb8d9db6,c3,DROP,443,x7,?,
1769449960.5988762,SENT,f663de4f-c813-4d5f-84f5-2a33397cb1bd,53bdba6c-2108-4984-91af-135c139f9ff6,c2,DROP,1011,?,i1,
1769449960.5989144,FORWARDED,f663de4f-c813-4d5f-84f5-2a33397cb1bd,53bdba6c-2108-4984-91af-135c139f9ff6,c2,DROP,1011,?,i1,
1769449960.6956823,RECEIVED,19b045fd-726e-4346-9f0f-239b64b2eee1,ba665d54-2453-4fa9-bc0f-1c58a78642fa,c1,DROP,441,x1,?,
1769449960.7085025,RECEIVED,1d795bf5-9f15-4191-830a-5bbbb8e9df7b,0b3f2724-ed5c-4a00-a897-0d23a4b33236,c2,c1,2472,p2,?,
1769449960.73983,RECEIVED,1ed4e068-1c1f-443b-a57b-98d2af8dfe5a,090c9923-c908-4b7e-ae40-a0b81a7f915e,c4,c5,2451,p1,?,
1769449960.7515268,SENT,b5394e59-0f34-4cd7-bfdf-81c8cd8ec525,1a231b5f-c5bd-4a87-8526-25833b107d05,c2,c1,1777,?,i6,
1769449960.7515633,FORWARDED,b5394e59-0f34-4cd7-bfdf-81c8cd8ec525,1a231b5f-c5bd-4a87-8526-25833b107d05,c2,c1,1777,?,i6,
1769449960.775034,RECEIVED,16e45105-5647-42be-a13d-7e2b636e78ac,b07f0ebc-8814-4610-bc22-508f1663b609,c5,DROP,1445,p2,?,
1769449960.852265,SENT,1d795bf5-9f15-4191-830a-5bbbb8e9df7b,0b3f2724-ed5c-4a00-a897-0d23a4b33236,c2,c1,1781,?,i8,
1769449960.8523066,FORWARDED,1d795bf5-9f15-4191-830a-5bbbb8e9df7b,0b3f2724-ed5c-4a00-a897-0d23a4b33236,c2,c1,1781,?,i8,
1769449960.9478896,SENT,16e45105-5647-42be-a13d-7e2b636e78ac,b07f0ebc-8814-4610-bc22-508f1663b609,c5,DROP,1011,?,i11,
1769449960.947933,FORWARDED,16e45105-5647-42be-a13d-7e2b636e78ac,b07f0ebc-8814-4610-bc22-508f1663b609,c5,DROP,1011,?,i11,
1769449960.9623017,RECEIVED,5c73a6ca-9dcc-45f1-8525-cfa32a9ef2f3,c30188d8-f1df-40d1-9500-56bea308792e,c4,DROP,1447,p1,?,
1769449961.318145,SENT,1ed4e068-1c1f-443b-a57b-98d2af8dfe5a,090c9923-c908-4b7e-ae40-a0b81a7f915e,c4,c5,1767,?,i7,
1769449961.3182092,FORWARDED,1ed4e068-1c1f-443b-a57b-98d2af8dfe5a,090c9923-c908-4b7e-ae40-a0b81a7f915e,c4,c5,1767,?,i7,
1769449961.8355503,RECEIVED,3efb31af-16e7-49f3-9a83-5f7ab37a7d8f,7bf86261-4a15-4352-a91b-fe45bea2963b,c4,DROP,1440,p1,?,
1769449961.9067962,RECEIVED,f84d7eda-dc2a-4f4d-87ad-d60bc14b16d6,140b6d57-5dd0-48d4-9899-40e194661ddc,c4,DROP,1451,p1,?,
1769449961.9203045,SENT,3efb31af-16e7-49f3-9a83-5f7ab37a7d8f,7bf86261-4a15-4352-a91b-fe45bea2963b,c4,DROP,1008,?,i7,
1769449961.920348,FORWARDED,3efb31af-16e7-49f3-9a83-5f7ab37a7d8f,7bf86261-4a15-4352-a91b-fe45bea2963b,c4,DROP,1008,?,i7,
1769449962.3410285,RECEIVED,087f3411-455f-4db4-9f1c-e07e0628eeab,33e0dfa3-8c7a-43f5-9455-5a8d8b30a4e5,c2,DROP,1444,p2,?,
1769449962.380948,RECEIVED,a8a2a58c-03f1-410f-824d-52d2b2bbf3cf,62edfee5-6bf2-433d-a70a-afa2c72252a0,c3,DROP,1443,p3,?,
1769449962.4237912,SENT,087f3411-455f-4db4-9f1c-e07e0628eeab,33e0dfa3-8c7a-43f5-9455-5a8d8b30a4e5,c2,DROP,1010,?,i4,
1769449962.42383,FORWARDED,087f3411-455f-4db4-9f1c-e07e0628eeab,33e0dfa3-8c7a-43f5-9455-5a8d8b30a4e5,c2,DROP,1010,?,i4,
1769449962.4627287,RECEIVED,969f9e75-e9f2-405b-8dd8-9aeb32271c31,2e45e01e-9c1d-487e-94b0-0d8e85f5038a,c3,c5,2461,p3,?,
1769449962.4643662,SENT,a8a2a58c-03f1-410f-824d-52d2b2bbf3cf,62edfee5-6bf2-433d-a70a-afa2c72252a0,c3,DROP,1010,?,i4,
1769449962.4644089,FORWARDED,a8a2a58c-03f1-410f-824d-52d2b2bbf3cf,62edfee5-6bf2-433d-a70a-afa2c72252a0,c3,DROP,1010,?,i4,
1769449962.6333392,RECEIVED,c8a228f7-bbb8-45f5-98ee-0e765fd71a52,8a14ae63-4462-480a-b6a2-184590d55355,c4,DROP,441,x8,?,
1769449962.669198,SENT,969f9e75-e9f2-405b-8dd8-9aeb32271c31,2e45e01e-9c1d-487e-94b0-0d8e85f5038a,c3,c5,1771,?,i12,
1769449962.6692398,FORWARDED,969f9e75-e9f2-405b-8dd8-9aeb32271c31,2e45e01e-9c1d-487e-94b0-0d8e85f5038a,c3,c5,1771,?,i12,
1769449962.6693487,RECEIVED,9bca1ec6-6d12-4657-81e7-1315fe6754a2,b1fe4f5f-5c78-4d90-89ad-7b2df9101548,c1,DROP,440,x7,?,
1769449962.7407207,RECEIVED,2ad758ac-e087-4ee9-9dad-05cb039cd319,317a538d-67a2-43bc-8f5b-2a9ee4c7b271,c3,c5,2446,p3,?,
1769449962.7619624,SENT,f84d7eda-dc2a-4f4d-87ad-d60bc14b16d6,140b6d57-5dd0-48d4-9899-40e194661ddc,c4,DROP,1015,?,i8,
1769449962.7620099,FORWARDED,f84d7eda-dc2a-4f4d-87ad-d60bc14b16d6,140b6d57-5dd0-48d4-9899-40e194661ddc,c4,DROP,1015,?,i8,
1769449962.8155472,RECEIVED,3ad86050-18cd-4e6b-bb50-e2a291269a23,6d3fe34d-2488-4e89-b7fa-30841aa6cdde,c4,c5,2465,p1,?,
1769449962.8233123,SENT,5c73a6ca-9dcc-45f1-8525-cfa32a9ef2f3,c30188d8-f1df-40d1-9500-56bea308792e,c4,DROP,1013,?,i8,
1769449962.8233547,FORWARDED,5c73a6ca-9dcc-45f1-8525-cfa32a9ef2f3,c30188d8-f1df-40d1-9500-56bea308792e,c4,DROP,1013,?,i8,
1769449962.8834238,RECEIVED,0a5081b9-194b-404c-9827-6f8175140f1b,bf6e7262-39fe-42d7-8060-3d9d0bd6ed27,c2,DROP,1439,p2,?,
1769449962.9334693,SENT,3ad86050-18cd-4e6b-bb50-e2a291269a23,6d3fe34d-2488-4e89-b7fa-30841aa6cdde,c4,c5,1775,?,i11,
1769449962.9335117,FORWARDED,3ad86050-18cd-4e6b-bb50-e2a291269a23,6d3fe34d-2488-4e89-b7fa-30841aa6cdde,c4,c5,1775,?,i11,
1769449962.982055,RECEIVED,d4e27e67-53f7-4c31-a548-6c4963ecfc5b,086b7389-fc9e-4c0e-9453-8fd9c603ecdf,c3,DROP,1451,p3,?,
1769449962.9863918,RECEIVED,f7982e92-d009-4000-bd2e-dc16d803fc2e,3df33029-ff68-4342-9e82-5bba47f52657,c3,c5,2452,p3,?,
1769449963.1471455,SENT,f7982e92-d009-4000-bd2e-dc16d803fc2e,3df33029-ff68-4342-9e82-5bba47f52657,c3,c5,1765,?,i3,
1769449963.1473322,FORWARDED,f7982e92-d009-4000-bd2e-dc16d803fc2e,3df33029-ff68-4342-9e82-5bba47f52657,c3,c5,1765,?,i3,
1769449963.1636505,RECEIVED,4c117ef9-5634-48fb-8548-3405767c082f,ebb45e9f-9a8b-43d6-8ea8-329ca14ac7ef,c3,DROP,1445,p3,?,
1769449963.249547,SENT,4c117ef9-5634-48fb-8548-3405767c082f,ebb45e9f-9a8b-43d6-8ea8-329ca14ac7ef,c3,DROP,1009,?,i3,
1769449963.2495873,FORWARDED,4c117ef9-5634-48fb-8548-3405767c082f,ebb45e9f-9a8b-43d6-8ea8-329ca14ac7ef,c3,DROP,1009,?,i3,
1769449963.3265977,SENT,2ad758ac-e087-4ee9-9dad-05cb039cd319,317a538d-67a2-43bc-8f5b-2a9ee4c7b271,c3,c5,1763,?,i7,
1769449963.3266392,FORWARDED,2ad758ac-e087-4ee9-9dad-05cb039cd319,317a538d-67a2-43bc-8f5b-2a9ee4c7b271,c3,c5,1763,?,i7,
1769449963.4956133,RECEIVED,d9d41872-60f1-4c15-87d1-8a5176a99074,23f890cd-c24a-4f13-9809-ea9f9f5dc8cc,c2,c1,2460,p2,?,
1769449963.7975657,SENT,0a5081b9-194b-404c-9827-6f8175140f1b,bf6e7262-39fe-42d7-8060-3d9d0bd6ed27,c2,DROP,1008,?,i8,
1769449963.7976081,FORWARDED,0a5081b9-194b-404c-9827-6f8175140f1b,bf6e7262-39fe-42d7-8060-3d9d0bd6ed27,c2,DROP,1008,?,i8,
1769449963.9065492,SENT,d4e27e67-53f7-4c31-a548-6c4963ecfc5b,086b7389-fc9e-4c0e-9453-8fd9c603ecdf,c3,DROP,1017,?,i7,
1769449963.9065926,FORWARDED,d4e27e67-53f7-4c31-a548-6c4963ecfc5b,086b7389-fc9e-4c0e-9453-8fd9c603ecdf,c3,DROP,1017,?,i7,
1769449963.9760094,RECEIVED,ef54fa20-6f05-4598-ba6e-46b71d2a088f,15008a02-7a39-442b-9c51-3a8c6c13da5f,c3,DROP,1457,p3,?,
1769449963.9908965,SENT,d9d41872-60f1-4c15-87d1-8a5176a99074,23f890cd-c24a-4f13-9809-ea9f9f5dc8cc,c2,c1,1771,?,i8,
1769449963.9909365,FORWARDED,d9d41872-60f1-4c15-87d1-8a5176a99074,23f890cd-c24a-4f13-9809-ea9f9f5dc8cc,c2,c1,1771,?,i8,
1769449964.0453246,RECEIVED,00ed3045-9184-4255-9186-d03703b0cd2d,ff1ab0a4-99a5-4654-a1f9-b6d19f211185,c1,DROP,1460,p1,?,
1769449964.080316,SENT,ef54fa20-6f05-4598-ba6e-46b71d2a088f,15008a02-7a39-442b-9c51-3a8c6c13da5f,c3,DROP,1020,?,i12,
1769449964.0803597,FORWARDED,ef54fa20-6f05-4598-ba6e-46b71d2a088f,15008a02-7a39-442b-9c51-3a8c6c13da5f,c3,DROP,1020,?,i12,
1769449964.1096194,RECEIVED,18ae1f05-f785-4622-af73-84af9abdcfab,a5494648-2518-423a-886f-be598a7f464a,c3,DROP,441,x4,?,
1769449964.575018,RECEIVED,8f23b270-e575-481e-83ea-6eaa3ac3f9a8,adf63e77-eddb-46f6-a704-804c78ece694,c4,c5,2472,p1,?,
1769449964.6811922,RECEIVED,47ac26af-eb61-4fd0-936b-7925799733dc,3b2529cc-c700-4bd4-8d02-e7842ef57d87,c1,c3,2463,p1,?,
1769449964.6953142,RECEIVED,729676c7-42ec-423c-8899-352c3082434e,9d44b3fd-276c-4288-a1a3-4e1ce2619569,c1,DROP,1443,p1,?,
1769449964.721788,RECEIVED,65990793-3b9f-4d3a-b7db-d8de983f93a1,fa6780ac-0bb6-4973-a003-e611caa7839a,c1,c3,2460,p1,?,
1769449964.7606113,RECEIVED,59eebe43-52b6-490e-b39c-df73f5d125af,9d421bdf-d624-4798-81bd-ce25ee8e3bf0,c1,DROP,442,x3,?,
1769449964.8879287,RECEIVED,ecda5420-b3b6-4e65-8b24-c9f3e3855301,37cf9a3d-002f-4d1a-a5f2-4e7affac30d9,c3,DROP,1449,p3,?,
1769449964.8942482,SENT,8f23b270-e575-481e-83ea-6eaa3ac3f9a8,adf63e77-eddb-46f6-a704-804c78ece694,c4,c5,1780,?,i10,
1769449964.8942897,FORWARDED,8f23b270-e575-481e-83ea-6eaa3ac3f9a8,adf63e77-eddb-46f6-a704-804c78ece694,c4,c5,1780,?,i10,
1769449965.005638,RECEIVED,f264ccfe-97ed-47a8-b878-370f41a033e4,7ab26f90-7df4-4e52-806a-0af9f5a371c9,c3,c5,2463,p3,?,
1769449965.0477433,SENT,ecda5420-b3b6-4e65-8b24-c9f3e3855301,37cf9a3d-002f-4d1a-a5f2-4e7affac30d9,c3,DROP,1012,?,i10,
1769449965.0477858,FORWARDED,ecda5420-b3b6-4e65-8b24-c9f3e3855301,37cf9a3d-002f-4d1a-a5f2-4e7affac30d9,c3,DROP,1012,?,i10,
1769449965.0661354,RECEIVED,32fcb7e8-3fe0-40b6-927f-998c0d77a797,93112b34-7001-40cd-9409-b1a5886501fd,c2,DROP,1439,p2,?,
1769449965.0851197,RECEIVED,fb59e5f5-784c-4027-9e28-d8ccddd96862,d6d893cd-e6a5-4d5c-b05c-08bc00d336a7,c2,DROP,1439,p2,?,
1769449965.1465945,SENT,65990793-3b9f-4d3a-b7db-d8de983f93a1,fa6780ac-0bb6-4973-a003-e611caa7839a,c1,c3,1772,?,i9,
1769449965.1466331,FORWARDED,65990793-3b9f-4d3a-b7db-d8de983f93a1,fa6780ac-0bb6-4973-a003-e611caa7839a,c1,c3,1772,?,i9,
1769449965.1573653,SENT,47ac26af-eb61-4fd0-936b-7925799733dc,3b2529cc-c700-4bd4-8d02-e7842ef57d87,c1,c3,1775,?,i7,
1769449965.1574075,FORWARDED,47ac26af-eb61-4fd0-936b-7925799733dc,3b2529cc-c700-4bd4-8d02-e7842ef57d87,c1,c3,1775,?,i7,
1769449965.2618382,RECEIVED,a479407d-7da2-475b-bb8e-3e17235f52a5,96af8893-72c4-4682-a97f-253e6f77340a,c1,c3,2471,p1,?,
1769449965.283541,RECEIVED,e5d490e7-ef79-42a2-ab19-8f9de52c8cca,253b4461-b807-4866-8942-e931e70a7747,c2,DROP,1439,p2,?,
1769449965.2856238,RECEIVED,b41693c9-05c0-43c4-8729-2f20fb2ded33,8d90830a-e661-47a9-b442-6f1d919f2a61,c1,DROP,1448,p1,?,
1769449965.3392856,SENT,f264ccfe-97ed-47a8-b878-370f41a033e4,7ab26f90-7df4-4e52-806a-0af9f5a371c9,c3,c5,1776,?,i1,
1769449965.339326,FORWARDED,f264ccfe-97ed-47a8-b878-370f41a033e4,7ab26f90-7df4-4e52-806a-0af9f5a371c9,c3,c5,1776,?,i1,
1769449965.342365,RECEIVED,7cb210e1-68ba-476e-8a55-a33fb3e81830,505c4498-f34a-45bc-8588-74a25acda48b,c1,DROP,1440,p1,?,
1769449965.4120302,SENT,e5d490e7-ef79-42a2-ab19-8f9de52c8cca,253b4461-b807-4866-8942-e931e70a7747,c2,DROP,1008,?,i1,
1769449965.412085,FORWARDED,e5d490e7-ef79-42a2-ab19-8f9de52c8cca,253b4461-b807-4866-8942-e931e70a7747,c2,DROP,1008,?,i1,
1769449965.4932609,SENT,b41693c9-05c0-43c4-8729-2f20fb2ded33,8d90830a-e661-47a9-b442-6f1d919f2a61,c1,DROP,1014,?,i6,
1769449965.4933052,FORWARDED,b41693c9-05c0-43c4-8729-2f20fb2ded33,8d90830a-e661-47a9-b442-6f1d919f2a61,c1,DROP,1014,?,i6,
1769449965.573998,SENT,a479407d-7da2-475b-bb8e-3e17235f52a5,96af8893-72c4-4682-a97f-253e6f77340a,c1,c3,1782,?,i2,
1769449965.5740635,FORWARDED,a479407d-7da2-475b-bb8e-3e17235f52a5,96af8893-72c4-4682-a97f-253e6f77340a,c1,c3,1782,?,i2,
1769449965.6232402,SENT,729676c7-42ec-423c-8899-352c3082434e,9d44b3fd-276c-4288-a1a3-4e1ce2619569,c1,DROP,1011,?,i6,
1769449965.6232793,FORWARDED,729676c7-42ec-423c-8899-352c3082434e,9d44b3fd-276c-4288-a1a3-4e1ce2619569,c1,DROP,1011,?,i6,
1769449965.744425,SENT,fb59e5f5-784c-4027-9e28-d8ccddd96862,d6d893cd-e6a5-4d5c-b05c-08bc00d336a7,c2,DROP,1008,?,i9,
1769449965.7444642,FORWARDED,fb59e5f5-784c-4027-9e28-d8ccddd96862,d6d893cd-e6a5-4d5c-b05c-08bc00d336a7,c2,DROP,1008,?,i9,
1769449965.7652192,RECEIVED,ecb3c958-c1b9-4246-b245-17577e2399b0,70b4ecad-ad3e-48ae-8ab5-4f3f8ea32a9d,c3,DROP,1443,p3,?,
1769449965.7909036,RECEIVED,99567d37-a5fa-41c2-b413-42635d78ef38,ae9fa37a-8198-459c-91df-6a57a4931cee,c2,DROP,1440,p2,?,
1769449965.7913558,SENT,7cb210e1-68ba-476e-8a55-a33fb3e81830,505c4498-f34a-45bc-8588-74a25acda48b,c1,DROP,1008,?,i6,
1769449965.79139,FORWARDED,7cb210e1-68ba-476e-8a55-a33fb3e81830,505c4498-f34a-45bc-8588-74a25acda48b,c1,DROP,1008,?,i6,
1769449965.835627,RECEIVED,da54d734-37c8-402b-93cb-cb030b0cde1f,7155c4eb-1264-401d-89ec-e19c093623b2,c2,c1,2455,p2,?,
1769449965.9402344,SENT,00ed3045-9184-4255-9186-d03703b0cd2d,ff1ab0a4-99a5-4654-a1f9-b6d19f211185,c1,DROP,1021,?,i10,
1769449965.9402745,FORWARDED,00ed3045-9184-4255-9186-d03703b0cd2d,ff1ab0a4-99a5-4654-a1f9-b6d19f211185,c1,DROP,1021,?,i10,
1769449965.9643283,SENT,99567d37-a5fa-41c2-b413-42635d78ef38,ae9fa37a-8198-459c-91df-6a57a4931cee,c2,DROP,1008,?,i4,
1769449965.9643683,FORWARDED,99567d37-a5fa-41c2-b413-42635d78ef38,ae9fa37a-8198-459c-91df-6a57a4931cee,c2,DROP,1008,?,i4,
1769449965.9768224,SENT,32fcb7e8-3fe0-40b6-927f-998c0d77a797,93112b34-7001-40cd-9409-b1a5886501fd,c2,DROP,1008,?,i9,
1769449965.976865,FORWARDED,32fcb7e8-3fe0-40b6-927f-998c0d77a797,93112b34-7001-40cd-9409-b1a5886501fd,c2,DROP,1008,?,i9,
1769449966.0440812,RECEIVED,d5056295-632e-430e-b19a-8edd2f499fa3,53b37f7b-841a-4b24-9978-235a51f19297,c5,c4,2459,p2,?,
1769449966.0976436,RECEIVED,bbfa4387-f10b-464a-a7fa-1286aac4ce31,92a0f02b-73f6-44c0-bf37-414f1f41d257,c4,DROP,1441,p1,?,
1769449966.1445036,RECEIVED,bd325dd8-8312-425c-a9ee-b8e3424a3f81,77ef8a00-f756-4c88-81cf-09e82d41c4bd,c4,DROP,1451,p1,?,
1769449966.1588418,RECEIVED,317cf644-74f5-4df4-8735-4ee11da8752f,be7c05f2-4a1f-4920-90f3-cc013158f872,c2,DROP,442,x7,?,
1769449966.2561824,SENT,bbfa4387-f10b-464a-a7fa-1286aac4ce31,92a0f02b-73f6-44c0-bf37-414f1f41d257,c4,DROP,1008,?,i12,
1769449966.256224,FORWARDED,bbfa4387-f10b-464a-a7fa-1286aac4ce31,92a0f02b-73f6-44c0-bf37-414f1f41d257,c4,DROP,1008,?,i12,
1769449966.3491843,SENT,ecb3c958-c1b9-4246-b245-17577e2399b0,70b4ecad-ad3e-48ae-8ab5-4f3f8ea32a9d,c3,DROP,1009,?,i4,
1769449966.3492286,FORWARDED,ecb3c958-c1b9-4246-b245-17577e2399b0,70b4ecad-ad3e-48ae-8ab5-4f3f8ea32a9d,c3,DROP,1009,?,i4,
1769449966.449076,SENT,da54d734-37c8-402b-93cb-cb030b0cde1f,7155c4eb-1264-401d-89ec-e19c093623b2,c2,c1,1769,?,i6,
1769449966.4491181,FORWARDED,da54d734-37c8-402b-93cb-cb030b0cde1f,7155c4eb-1264-401d-89ec-e19c093623b2,c2,c1,1769,?,i6,
1769449966.6139572,SENT,d5056295-632e-430e-b19a-8edd2f499fa3,53b37f7b-841a-4b24-9978-235a51f19297,c5,c4,1771,?,i8,
1769449966.6139956,FORWARDED,d5056295-632e-430e-b19a-8edd2f499fa3,53b37f7b-841a-4b24-9978-235a51f19297,c5,c4,1771,?,i8,
1769449966.7236884,RECEIVED,deedbd82-acc0-4c30-b3d2-7b81bac663c4,8cbe0d20-4213-427d-acc2-353a8c423e13,c4,c5,2459,p1,?,
1769449966.8545103,RECEIVED,5700d46f-29be-4548-bad1-262dc8fc09ff,78bac46e-15f0-43eb-9ee2-eac42fae5d78,c4,DROP,440,x6,?,
1769449966.9021497,RECEIVED,9b492a3e-53fa-4f43-a5ba-8c157119c56f,4eda2c7f-5528-4967-a96c-c1c9f4f92b06,c1,DROP,438,x8,?,
1769449966.9999645,SENT,bd325dd8-8312-425c-a9ee-b8e3424a3f81,77ef8a00-f756-4c88-81cf-09e82d41c4bd,c4,DROP,1016,?,i3,
1769449967.000005,FORWARDED,bd325dd8-8312-425c-a9ee-b8e3424a3f81,77ef8a00-f756-4c88-81cf-09e82d41c4bd,c4,DROP,1016,?,i3,
1769449967.1570387,RECEIVED,6048e93b-190c-4c95-9aaf-e67c9794083b,f8be0bb5-d76f-4c98-8b48-4822eae40504,c4,DROP,441,x2,?,
1769449967.3340023,SENT,deedbd82-acc0-4c30-b3d2-7b81bac663c4,8cbe0d20-4213-427d-acc2-353a8c423e13,c4,c5,1772,?,i9,
1769449967.334065,FORWARDED,deedbd82-acc0-4c30-b3d2-7b81bac663c4,8cbe0d20-4213-427d-acc2-353a8c423e13,c4,c5,1772,?,i9,
1769449967.6522803,RECEIVED,b07ff7db-5880-4117-8061-c9e9a5047048,a9251bb4-28ff-4f08-abc6-e56ba7d25136,c5,c4,2460,p2,?,
1769449967.7091436,RECEIVED,8212dd7a-35af-4a6e-86df-d40f147e9cda,96d893fc-92fe-4905-8ae1-fcfd80c46ccf,c2,DROP,1443,p2,?,
1769449967.7203853,RECEIVED,a77e4306-d48a-482c-8530-8c2782312d1c,97360342-64b4-4882-be8c-37163f8ef810,c2,c1,2476,p2,?,
1769449967.76048,SENT,b07ff7db-5880-4117-8061-c9e9a5047048,a9251bb4-28ff-4f08-abc6-e56ba7d25136,c5,c4,1772,?,i5,
1769449967.760518,FORWARDED,b07ff7db-5880-4117-8061-c9e9a5047048,a9251bb4-28ff-4f08-abc6-e56ba7d25136,c5,c4,1772,?,i5,
1769449967.7811773,RECEIVED,a3727955-fc64-43c0-a9f1-09578864b79f,35186941-9b06-4d6d-b51e-b7e025d86140,c1,DROP,440,x4,?,
1769449967.7864583,RECEIVED,8c333f8e-f1ea-4a1e-93b7-b370fbbbcae0,7864c174-3c5a-4984-9c0b-358b41fa9657,c5,DROP,1448,p2,?,
1769449967.8683052,SENT,a77e4306-d48a-482c-8530-8c2782312d1c,97360342-64b4-4882-be8c-37163f8ef810,c2,c1,1784,?,i8,
1769449967.8683417,FORWARDED,a77e4306-d48a-482c-8530-8c2782312d1c,97360342-64b4-4882-be8c-37163f8ef810,c2,c1,1784,?,i8,
1769449967.9736547,SENT,8c333f8e-f1ea-4a1e-93b7-b370fbbbcae0,7864c174-3c5a-4984-9c0b-358b41fa9657,c5,DROP,1012,?,i5,
1769449967.9736953,FORWARDED,8c333f8e-f1ea-4a1e-93b7-b370fbbbcae0,7864c174-3c5a-4984-9c0b-358b41fa9657,c5,DROP,1012,?,i5,
1769449968.0272236,RECEIVED,a3d041a2-5db2-4acc-b94f-11a69e8d211e,dffb3588-e7dd-4163-8e29-4dc31b7a7477,c1,DROP,1445,p1,?,
1769449968.0443156,RECEIVED,f96ff4b7-e0ee-44d7-a9a4-b19a95550ec7,b9ce4554-43c6-4a7a-83b6-c278ccc5e58d,c5,DROP,1439,p2,?,
1769449968.1604097,SENT,8212dd7a-35af-4a6e-86df-d40f147e9cda,96d893fc-92fe-4905-8ae1-fcfd80c46ccf,c2,DROP,1011,?,i6,
1769449968.1604555,FORWARDED,8212dd7a-35af-4a6e-86df-d40f147e9cda,96d893fc-92fe-4905-8ae1-fcfd80c46ccf,c2,DROP,1011,?,i6,
1769449968.1837792,SENT,a3d041a2-5db2-4acc-b94f-11a69e8d211e,dffb3588-e7dd-4163-8e29-4dc31b7a7477,c1,DROP,1011,?,i11,
1769449968.183819,FORWARDED,a3d041a2-5db2-4acc-b94f-11a69e8d211e,dffb3588-e7dd-4163-8e29-4dc31b7a7477,c1,DROP,1011,?,i11,
1769449968.4364932,SENT,f96ff4b7-e0ee-44d7-a9a4-b19a95550ec7,b9ce4554-43c6-4a7a-83b6-c278ccc5e58d,c5,DROP,1007,?,i8,
1769449968.4365358,FORWARDED,f96ff4b7-e0ee-44d7-a9a4-b19a95550ec7,b9ce4554-43c6-4a7a-83b6-c278ccc5e58d,c5,DROP,1007,?,i8,
1769449968.4656146,RECEIVED,019ce0a7-0ea9-4726-aec3-7778eece63b8,a3a19518-bd96-4a7f-b5ff-4e10798b3010,c5,c4,2456,p2,?,
1769449968.4670732,RECEIVED,1543328f-a0b1-4ac6-b484-084e8e53efc3,dbeff427-e13b-4659-a848-8b019b1fba3a,c4,c5,2447,p1,?,
1769449968.4780097,RECEIVED,8bb96643-43e3-4c2d-bfbc-177fa2358360,4037ab14-5a70-4740-9864-2c35e9f90521,c2,DROP,1443,p2,?,
1769449968.6945753,RECEIVED,08127299-a691-4bec-a801-26009ae2cea5,4fffe3e0-7402-4895-8c2a-fc092b3a30f2,c1,c3,2446,p1,?,
1769449968.764365,SENT,019ce0a7-0ea9-4726-aec3-7778eece63b8,a3a19518-bd96-4a7f-b5ff-4e10798b3010,c5,c4,1768,?,i2,
1769449968.764408,FORWARDED,019ce0a7-0ea9-4726-aec3-7778eece63b8,a3a19518-bd96-4a7f-b5ff-4e10798b3010,c5,c4,1768,?,i2,
1769449969.1300228,SENT,8bb96643-43e3-4c2d-bfbc-177fa2358360,4037ab14-5a70-4740-9864-2c35e9f90521,c2,DROP,1011,?,i6,
1769449969.1302257,FORWARDED,8bb96643-43e3-4c2d-bfbc-177fa2358360,4037ab14-5a70-4740-9864-2c35e9f90521,c2,DROP,1011,?,i6,
1769449969.1440046,RECEIVED,984eac7a-aae5-4512-bfb1-a9cc0c6ad262,08dba8ce-a988-4f61-ac43-3f05777df649,c4,DROP,1439,p1,?,
1769449969.2631202,RECEIVED,e64fa70b-d7a3-42ae-9944-a06051b8d290,6a3a6732-ea47-4831-bceb-26f9b7b83c20,c2,DROP,1451,p2,?,
1769449969.4677315,SENT,1543328f-a0b1-4ac6-b484-084e8e53efc3,dbeff427-e13b-4659-a848-8b019b1fba3a,c4,c5,1764,?,i4,
1769449969.4677713,FORWARDED,1543328f-a0b1-4ac6-b484-084e8e53efc3,dbeff427-e13b-4659-a848-8b019b1fba3a,c4,c5,1764,?,i4,
1769449969.6269794,SENT,984eac7a-aae5-4512-bfb1-a9cc0c6ad262,08dba8ce-a988-4f61-ac43-3f05777df649,c4,DROP,1008,?,i6,
1769449969.6270218,FORWARDED,984eac7a-aae5-4512-bfb1-a9cc0c6ad262,08dba8ce-a988-4f61-ac43-3f05777df649,c4,DROP,1008,?,i6,
1769449969.644857,SENT,08127299-a691-4bec-a801-26009ae2cea5,4fffe3e0-7402-4895-8c2a-fc092b3a30f2,c1,c3,1763,?,i9,
1769449969.644902,FORWARDED,08127299-a691-4bec-a801-26009ae2cea5,4fffe3e0-7402-4895-8c2a-fc092b3a30f2,c1,c3,1763,?,i9,
1769449969.6900814,RECEIVED,33a8c54c-2fdf-4869-b441-2531c7f0ff47,3ff32c80-91a1-4338-979e-9fd2e0400677,c1,c3,2447,p1,?,
1769449969.843917,SENT,e64fa70b-d7a3-42ae-9944-a06051b8d290,6a3a6732-ea47-4831-bceb-26f9b7b83c20,c2,DROP,1015,?,i3,
1769449969.8439567,FORWARDED,e64fa70b-d7a3-42ae-9944-a06051b8d290,6a3a6732-ea47-4831-bceb-26f9b7b83c20,c2,DROP,1015,?,i3,
1769449969.8524106,RECEIVED,5b758b86-7ae6-4111-8b53-9caf25e467b7,ac33761f-73aa-49fb-b034-38ab612bfd9f,c4,DROP,1438,p1,?,
1769449969.9931948,RECEIVED,757f0b67-f665-4e20-9583-fe4391880885,6ae76db4-ea81-4fae-9007-9318d42c9236,c3,DROP,1450,p3,?,
1769449970.2782938,RECEIVED,56153808-ed4c-4638-80cf-6c28e9f39784,52bb7940-b225-435d-b118-c5a8d405f98e,c4,DROP,441,x11,?,
1769449970.3235462,RECEIVED,78313c25-34ed-4804-8c9d-09919ac54eab,a86a12c4-9a18-44bf-ab96-8c03990b0fa5,c2,DROP,1441,p2,?,
1769449970.3363395,SENT,757f0b67-f665-4e20-9583-fe4391880885,6ae76db4-ea81-4fae-9007-9318d42c9236,c3,DROP,1015,?,i3,
1769449970.3363798,FORWARDED,757f0b67-f665-4e20-9583-fe4391880885,6ae76db4-ea81-4fae-9007-9318d42c9236,c3,DROP,1015,?,i3,
1769449970.5345044,RECEIVED,dddfe3c5-3270-470d-ad3b-43bcc415fbd8,5dd3937e-4e25-49a6-8e49-af21fc326ec5,c3,DROP,1440,p3,?,
1769449970.5518615,RECEIVED,60627550-0a03-44db-bfa0-fe44d445b50c,960f5be8-3dba-4f84-b55f-3ec200941d55,c1,DROP,1460,p1,?,
1769449970.6525638,RECEIVED,42583483-14fb-46a7-9f1b-af15158a3cc7,a7260c70-4f36-482d-bce0-fa5752206317,c4,DROP,1439,p1,?,
1769449970.6876419,SENT,33a8c54c-2fdf-4869-b441-2531c7f0ff47,3ff32c80-91a1-4338-979e-9fd2e0400677,c1,c3,1764,?,i3,
1769449970.6876822,FORWARDED,33a8c54c-2fdf-4869-b441-2531c7f0ff47,3ff32c80-91a1-4338-979e-9fd2e0400677,c1,c3,1764,?,i3,
1769449970.701781,SENT,dddfe3c5-3270-470d-ad3b-43bcc415fbd8,5dd3937e-4e25-49a6-8e49-af21fc326ec5,c3,DROP,1006,?,i1,
1769449970.7018223,FORWARDED,dddfe3c5-3270-470d-ad3b-43bcc415fbd8,5dd3937e-4e25-49a6-8e49-af21fc326ec5,c3,DROP,1006,?,i1,
1769449970.774302,SENT,78313c25-34ed-4804-8c9d-09919ac54eab,a86a12c4-9a18-44bf-ab96-8c03990b0fa5,c2,DROP,1008,?,i11,
1769449970.7743423,FORWARDED,78313c25-34ed-4804-8c9d-09919ac54eab,a86a12c4-9a18-44bf-ab96-8c03990b0fa5,c2,DROP,1008,?,i11,
1769449970.7939308,RECEIVED,1f2440a4-7dab-421a-854d-0c27d106c91f,6db75682-d90e-4922-a9f4-23cf106e2c14,c3,c5,2463,p3,?,
1769449970.923032,RECEIVED,72651637-fd34-42a0-bc32-0126538d4c40,26656eb1-29b1-49d3-819d-f5fe2170f151,c4,DROP,1451,p1,?,
1769449970.9811046,RECEIVED,292e1e30-46d5-4906-983c-9288770ab591,60f9543d-5819-42cc-87be-81d5fb8cb796,c4,DROP,1443,p1,?,
1769449971.1508327,SENT,60627550-0a03-44db-bfa0-fe44d445b50c,960f5be8-3dba-4f84-b55f-3ec200941d55,c1,DROP,1021,?,i12,
1769449971.150871,FORWARDED,60627550-0a03-44db-bfa0-fe44d445b50c,960f5be8-3dba-4f84-b55f-3ec200941d55,c1,DROP,1021,?,i12,
1769449971.2371852,SENT,292e1e30-46d5-4906-983c-9288770ab591,60f9543d-5819-42cc-87be-81d5fb8cb796,c4,DROP,1009,?,i1,
1769449971.2372236,FORWARDED,292e1e30-46d5-4906-983c-9288770ab591,60f9543d-5819-42cc-87be-81d5fb8cb796,c4,DROP,1009,?,i1,
1769449971.322429,SENT,72651637-fd34-42a0-bc32-0126538d4c40,26656eb1-29b1-49d3-819d-f5fe2170f151,c4,DROP,1017,?,i8,
1769449971.322466,FORWARDED,72651637-fd34-42a0-bc32-0126538d4c40,26656eb1-29b1-49d3-819d-f5fe2170f151,c4,DROP,1017,?,i8,
1769449971.343696,SENT,42583483-14fb-46a7-9f1b-af15158a3cc7,a7260c70-4f36-482d-bce0-fa5752206317,c4,DROP,1007,?,i2,
1769449971.3437338,FORWARDED,42583483-14fb-46a7-9f1b-af15158a3cc7,a7260c70-4f36-482d-bce0-fa5752206317,c4,DROP,1007,?,i2,
1769449971.3917885,RECEIVED,c74f1ceb-94b9-45c3-bcc8-68bb1c533def,bd8410a6-b0db-4814-b73d-da594660ba7a,c3,DROP,1444,p3,?,
1769449971.3923779,RECEIVED,31030fcb-6ed3-4dfb-b1ae-c793ac991c75,3cc665fe-1e29-4787-a55a-7fae19787c7c,c1,c3,2468,p1,?,
1769449971.519677,RECEIVED,4563567a-b26f-42f2-a63c-bf1e53a1fa29,472f6a1b-0f0f-4cd4-a505-eb373839432d,c5,DROP,446,x11,?,
1769449971.547445,SENT,1f2440a4-7dab-421a-854d-0c27d106c91f,6db75682-d90e-4922-a9f4-23cf106e2c14,c3,c5,1774,?,i4,
1769449971.5474901,FORWARDED,1f2440a4-7dab-421a-854d-0c27d106c91f,6db75682-d90e-4922-a9f4-23cf106e2c14,c3,c5,1774,?,i4,
1769449971.560573,SENT,31030fcb-6ed3-4dfb-b1ae-c793ac991c75,3cc665fe-1e29-4787-a55a-7fae19787c7c,c1,c3,1779,?,i3,
1769449971.5610275,FORWARDED,31030fcb-6ed3-4dfb-b1ae-c793ac991c75,3cc665fe-1e29-4787-a55a-7fae19787c7c,c1,c3,1779,?,i3,
1769449971.71917,RECEIVED,3a8dac27-778b-4413-9228-fb518ef2b513,e8c9386c-d490-414f-96bb-c9f8618bca19,c3,DROP,1451,p3,?,
1769449971.8688843,RECEIVED,6d2ffc70-f350-422d-a760-992f3222c115,89d0fed6-eba4-48e3-aeff-fc50444a24f2,c2,DROP,1448,p2,?,
1769449971.8804395,RECEIVED,834fb9a1-016b-4550-b5da-ed23def85012,50998f4f-f5c5-4991-bd3d-b80834614199,c1,DROP,444,x1,?,
1769449972.0504973,RECEIVED,c7dede52-ebc3-489a-b0f8-d330d5e70032,42987390-38fb-43a9-89f3-bd9337385e72,c3,DROP,1460,p3,?,
1769449972.124956,RECEIVED,8bb9bbcd-90db-43b8-b3f8-f9f3e2985f4a,557ffc9b-c0ed-4801-9631-3fc83fb2ae90,c2,c1,2464,p2,?,
1769449972.2060146,SENT,c74f1ceb-94b9-45c3-bcc8-68bb1c533def,bd8410a6-b0db-4814-b73d-da594660ba7a,c3,DROP,1011,?,i11,
1769449972.206068,FORWARDED,c74f1ceb-94b9-45c3-bcc8-68bb1c533def,bd8410a6-b0db-4814-b73d-da594660ba7a,c3,DROP,1011,?,i11,
1769449972.2228427,SENT,c7dede52-ebc3-489a-b0f8-d330d5e70032,42987390-38fb-43a9-89f3-bd9337385e72,c3,DROP,1021,?,i3,
1769449972.2228796,FORWARDED,c7dede52-ebc3-489a-b0f8-d330d5e70032,42987390-38fb-43a9-89f3-bd9337385e72,c3,DROP,1021,?,i3,
1769449972.3205614,SENT,8bb9bbcd-90db-43b8-b3f8-f9f3e2985f4a,557ffc9b-c0ed-4801-9631-3fc83fb2ae90,c2,c1,1774,?,i6,
1769449972.3205993,FORWARDED,8bb9bbcd-90db-43b8-b3f8-f9f3e2985f4a,557ffc9b-c0ed-4801-9631-3fc83fb2ae90,c2,c1,1774,?,i6,
1769449972.337402,SENT,6d2ffc70-f350-422d-a760-992f3222c115,89d0fed6-eba4-48e3-aeff-fc50444a24f2,c2,DROP,1013,?,i5,
1769449972.3374424,FORWARDED,6d2ffc70-f350-422d-a760-992f3222c115,89d0fed6-eba4-48e3-aeff-fc50444a24f2,c2,DROP,1013,?,i5,
1769449972.3402011,RECEIVED,0302ee81-2e41-49be-bae4-db1bb26869e8,7d509434-cd4b-4e93-854f-5dfff6da7f91,c1,DROP,441,x10,?,
1769449972.5105412,SENT,3a8dac27-778b-4413-9228-fb518ef2b513,e8c9386c-d490-414f-96bb-c9f8618bca19,c3,DROP,1015,?,i2,
1769449972.510583,FORWARDED,3a8dac27-778b-4413-9228-fb518ef2b513,e8c9386c-d490-414f-96bb-c9f8618bca19,c3,DROP,1015,?,i2,
1769449972.7468984,SENT,5b758b86-7ae6-4111-8b53-9caf25e467b7,ac33761f-73aa-49fb-b034-38ab612bfd9f,c4,DROP,1008,?,i8,
1769449972.7469409,FORWARDED,5b758b86-7ae6-4111-8b53-9caf25e467b7,ac33761f-73aa-49fb-b034-38ab612bfd9f,c4,DROP,1008,?,i8,
1769449972.900337,RECEIVED,20455aee-6206-478c-94d3-de36aac8ca1d,beffe900-5c82-4e13-9808-e6b64cc9ed8f,c2,DROP,1439,p2,?,
1769449972.9099965,RECEIVED,e009a30f-185a-44ef-90c8-6463ec230b61,f77b1305-0e23-4006-9a46-a88144885f52,c3,c5,2452,p3,?,
1769449973.0442522,SENT,e009a30f-185a-44ef-90c8-6463ec230b61,f77b1305-0e23-4006-9a46-a88144885f52,c3,c5,1767,?,i6,
1769449973.044295,FORWARDED,e009a30f-185a-44ef-90c8-6463ec230b61,f77b1305-0e23-4006-9a46-a88144885f52,c3,c5,1767,?,i6,
1769449973.0499895,RECEIVED,0e4c6d74-6033-40d7-8095-0cccfe225e0b,45ac38c0-c127-4f80-8fe9-f8eec5eac910,c5,DROP,1439,p2,?,
1769449973.12062,RECEIVED,71f2682b-09a3-4d31-a5aa-df61d712cb6b,97ecee7a-ff05-404f-9f7a-91e5c48946d3,c5,c4,2471,p2,?,
1769449973.1549673,SENT,0e4c6d74-6033-40d7-8095-0cccfe225e0b,45ac38c0-c127-4f80-8fe9-f8eec5eac910,c5,DROP,1008,?,i1,
1769449973.15501,FORWARDED,0e4c6d74-6033-40d7-8095-0cccfe225e0b,45ac38c0-c127-4f80-8fe9-f8eec5eac910,c5,DROP,1008,?,i1,
1769449973.1956105,SENT,20455aee-6206-478c-94d3-de36aac8ca1d,beffe900-5c82-4e13-9808-e6b64cc9ed8f,c2,DROP,1008,?,i8,
1769449973.1956506,FORWARDED,20455aee-6206-478c-94d3-de36aac8ca1d,beffe900-5c82-4e13-9808-e6b64cc9ed8f,c2,DROP,1008,?,i8,
1769449973.2413027,SENT,71f2682b-09a3-4d31-a5aa-df61d712cb6b,97ecee7a-ff05-404f-9f7a-91e5c48946d3,c5,c4,1780,?,i6,
1769449973.2413437,FORWARDED,71f2682b-09a3-4d31-a5aa-df61d712cb6b,97ecee7a-ff05-404f-9f7a-91e5c48946d3,c5,c4,1780,?,i6,
1769449973.2565289,RECEIVED,03b27c62-5cf8-4fc6-8db3-3936bfcc6e3d,0136b1f9-f47c-4ef5-8813-94be9fe85148,c4,c5,2447,p1,?,
1769449973.3324816,SENT,03b27c62-5cf8-4fc6-8db3-3936bfcc6e3d,0136b1f9-f47c-4ef5-8813-94be9fe85148,c4,c5,1764,?,i2,
1769449973.3325245,FORWARDED,03b27c62-5cf8-4fc6-8db3-3936bfcc6e3d,0136b1f9-f47c-4ef5-8813-94be9fe85148,c4,c5,1764,?,i2,
1769449973.356582,RECEIVED,84d89db1-0827-46af-a606-4644bd1af8e8,dd3f6527-6bcb-4167-ab5b-ce4037e92f35,c5,c4,2448,p2,?,
1769449973.4096954,SENT,84d89db1-0827-46af-a606-4644bd1af8e8,dd3f6527-6bcb-4167-ab5b-ce4037e92f35,c5,c4,1763,?,i8,
1769449973.4097385,FORWARDED,84d89db1-0827-46af-a606-4644bd1af8e8,dd3f6527-6bcb-4167-ab5b-ce4037e92f35,c5,c4,1763,?,i8,
1769449973.5368483,RECEIVED,3a2f00ca-7b60-48d1-87a8-04f3c05de72a,d68d23db-1779-4fe1-b57e-25dea1a345ee,c4,DROP,446,x11,?,
1769449973.6945093,RECEIVED,ab9d6dc5-885d-48de-8b6d-dae135b1f6f5,f7a6ae8e-d603-4b64-9f10-d24ea97e2d30,c5,DROP,1452,p2,?,
1769449973.6949368,RECEIVED,16a2bb4c-88a6-40a9-a9b2-f8892f77b41b,b1a37c37-74ab-44db-b51d-71d79e2021a7,c3,DROP,446,x10,?,
1769449973.9152627,SENT,ab9d6dc5-885d-48de-8b6d-dae135b1f6f5,f7a6ae8e-d603-4b64-9f10-d24ea97e2d30,c5,DROP,1015,?,i9,
1769449973.9153016,FORWARDED,ab9d6dc5-885d-48de-8b6d-dae135b1f6f5,f7a6ae8e-d603-4b64-9f10-d24ea97e2d30,c5,DROP,1015,?,i9,
1769449974.008808,RECEIVED,cc77b3d0-27db-4a80-bf42-c8c1d3ec4b07,fccc276b-97c3-4d93-a239-431783a1f570,c1,DROP,1454,p1,?,
1769449974.020325,SENT,cc77b3d0-27db-4a80-bf42-c8c1d3ec4b07,fccc276b-97c3-4d93-a239-431783a1f570,c1,DROP,1016,?,i12,
1769449974.0203686,FORWARDED,cc77b3d0-27db-4a80-bf42-c8c1d3ec4b07,fccc276b-97c3-4d93-a239-431783a1f570,c1,DROP,1016,?,i12,
1769449974.2350302,RECEIVED,36cad4da-e600-40af-af3d-fe9e73ec9321,b5cea3e9-5330-40a8-b45e-e3886de8a169,c5,DROP,1447,p2,?,
1769449974.4217548,RECEIVED,ecaa9543-0bdf-4180-a380-a9865b8273f4,03bfa39d-d715-4e62-9387-4ee89b61daf9,c2,DROP,1441,p2,?,
1769449974.4402113,RECEIVED,1e4c41ab-64c6-428d-8cb5-b8b221d4e8d3,00e30c58-89fc-4952-bdc4-064a46840226,c3,DROP,441,x3,?,
1769449974.4480383,SENT,ecaa9543-0bdf-4180-a380-a9865b8273f4,03bfa39d-d715-4e62-9387-4ee89b61daf9,c2,DROP,1007,?,i7,
1769449974.4480984,FORWARDED,ecaa9543-0bdf-4180-a380-a9865b8273f4,03bfa39d-d715-4e62-9387-4ee89b61daf9,c2,DROP,1007,?,i7,
1769449974.7659779,RECEIVED,567c9442-a182-4ec4-97df-aef77c39031d,fda2cdc1-f053-43c1-8d3a-125a588d3dbd,c1,DROP,1439,p1,?,
1769449974.7900913,RECEIVED,6b05ea81-16df-4315-8768-6616429460fe,56443a1f-1b92-4347-9e7c-f665a312f2c5,c5,DROP,1442,p2,?,
1769449974.8501418,SENT,6b05ea81-16df-4315-8768-6616429460fe,56443a1f-1b92-4347-9e7c-f665a312f2c5,c5,DROP,1007,?,i12,
1769449974.8501797,FORWARDED,6b05ea81-16df-4315-8768-6616429460fe,56443a1f-1b92-4347-9e7c-f665a312f2c5,c5,DROP,1007,?,i12,
1769449974.9005094,SENT,567c9442-a182-4ec4-97df-aef77c39031d,fda2cdc1-f053-43c1-8d3a-125a588d3dbd,c1,DROP,1007,?,i7,
1769449974.9005525,FORWARDED,567c9442-a182-4ec4-97df-aef77c39031d,fda2cdc1-f053-43c1-8d3a-125a588d3dbd,c1,DROP,1007,?,i7,
1769449975.0278823,RECEIVED,5a14fdd9-be4b-481c-9d14-b55a18764d4a,2fe24f0d-7538-483f-af13-4c5e2d76d68d,c4,c5,2473,p1,?,
1769449975.1432574,SENT,36cad4da-e600-40af-af3d-fe9e73ec9321,b5cea3e9-5330-40a8-b45e-e3886de8a169,c5,DROP,1012,?,i1,
1769449975.1433008,FORWARDED,36cad4da-e600-40af-af3d-fe9e73ec9321,b5cea3e9-5330-40a8-b45e-e3886de8a169,c5,DROP,1012,?,i1,
1769449975.1546245,SENT,5a14fdd9-be4b-481c-9d14-b55a18764d4a,2fe24f0d-7538-483f-af13-4c5e2d76d68d,c4,c5,1780,?,i10,
1769449975.154667,FORWARDED,5a14fdd9-be4b-481c-9d14-b55a18764d4a,2fe24f0d-7538-483f-af13-4c5e2d76d68d,c4,c5,1780,?,i10,
1769449975.1692603,RECEIVED,ca205734-400a-4923-a975-feae9a43273d,3ee2dcb7-d38c-4733-9402-8c6fa37676aa,c4,DROP,1445,p1,?,
1769449975.235521,RECEIVED,ce155849-4c72-42ef-ba61-3a937627536e,fccd19fc-d65d-4aac-8845-157884ccc68c,c5,DROP,1446,p2,?,
1769449975.279302,SENT,ce155849-4c72-42ef-ba61-3a937627536e,fccd19fc-d65d-4aac-8845-157884ccc68c,c5,DROP,1011,?,i5,
1769449975.2793446,FORWARDED,ce155849-4c72-42ef-ba61-3a937627536e,fccd19fc-d65d-4aac-8845-157884ccc68c,c5,DROP,1011,?,i5,
1769449975.294664,SENT,ca205734-400a-4923-a975-feae9a43273d,3ee2dcb7-d38c-4733-9402-8c6fa37676aa,c4,DROP,1009,?,i12,
1769449975.294716,FORWARDED,ca205734-400a-4923-a975-feae9a43273d,3ee2dcb7-d38c-4733-9402-8c6fa37676aa,c4,DROP,1009,?,i12,
1769449975.309365,RECEIVED,394c3c46-e39e-4eb4-a77e-6c7be4c3a7f6,7f095438-fa96-48eb-a960-8c2c98b54cdb,c1,DROP,1447,p1,?,
1769449975.5135367,RECEIVED,0b063851-1ea2-42ea-a4ee-0d73d4200202,fb600de8-4a0f-44e0-a936-3bdb0eacce0a,c1,c3,2463,p1,?,
1769449975.6818333,RECEIVED,8b2ca9f9-8263-4180-a795-f1a2f5910353,8628360b-f2d6-4ac0-81ee-959c38a34e60,c5,c4,2476,p2,?,
1769449975.6942499,SENT,394c3c46-e39e-4eb4-a77e-6c7be4c3a7f6,7f095438-fa96-48eb-a960-8c2c98b54cdb,c1,DROP,1013,?,i8,
1769449975.6942914,FORWARDED,394c3c46-e39e-4eb4-a77e-6c7be4c3a7f6,7f095438-fa96-48eb-a960-8c2c98b54cdb,c1,DROP,1013,?,i8,
1769449975.8220277,RECEIVED,016bee9a-2650-4158-9286-64a6f90f1b7c,ba235685-22fc-4a6f-977d-4bbb99363c33,c2,DROP,1453,p2,?,
1769449975.8451848,SENT,8b2ca9f9-8263-4180-a795-f1a2f5910353,8628360b-f2d6-4ac0-81ee-959c38a34e60,c5,c4,1784,?,i5,
1769449975.8452277,FORWARDED,8b2ca9f9-8263-4180-a795-f1a2f5910353,8628360b-f2d6-4ac0-81ee-959c38a34e60,c5,c4,1784,?,i5,
1769449975.9187133,SENT,0b063851-1ea2-42ea-a4ee-0d73d4200202,fb600de8-4a0f-44e0-a936-3bdb0eacce0a,c1,c3,1775,?,i6,
1769449975.9187539,FORWARDED,0b063851-1ea2-42ea-a4ee-0d73d4200202,fb600de8-4a0f-44e0-a936-3bdb0eacce0a,c1,c3,1775,?,i6,
1769449975.9407053,SENT,016bee9a-2650-4158-9286-64a6f90f1b7c,ba235685-22fc-4a6f-977d-4bbb99363c33,c2,DROP,1017,?,i12,
1769449975.9407482,FORWARDED,016bee9a-2650-4158-9286-64a6f90f1b7c,ba235685-22fc-4a6f-977d-4bbb99363c33,c2,DROP,1017,?,i12,
1769449976.7792957,RECEIVED,e9c20d11-4d96-417c-bc25-c96bc9af8e20,2a66787e-7452-4320-ab01-1960f2baa4b7,c4,DROP,441,x9,?,
1769449977.0852973,RECEIVED,62f6bd3f-f9e3-4055-8ba0-93b6d7857f39,1613e2f8-1057-4d58-b2f7-940654596906,c3,DROP,1440,p3,?,
1769449977.5155008,RECEIVED,2b4f9fe8-23ff-4a91-89ca-78d561fae6f5,c8594956-c5f3-4870-9fba-6ae0a0b6c450,c2,c1,2470,p2,?,
1769449977.569775,SENT,2b4f9fe8-23ff-4a91-89ca-78d561fae6f5,c8594956-c5f3-4870-9fba-6ae0a0b6c450,c2,c1,1779,?,i10,
1769449977.5698195,FORWARDED,2b4f9fe8-23ff-4a91-89ca-78d561fae6f5,c8594956-c5f3-4870-9fba-6ae0a0b6c450,c2,c1,1779,?,i10,
1769449977.8945959,RECEIVED,0115b2ff-f5de-4e77-af7b-9e6d71dde6c9,89b82a4a-25f4-47d9-85b0-bcc61682c8f6,c4,DROP,1439,p1,?,
1769449977.93442,RECEIVED,35806c43-efa7-4907-b9e8-303cc870c6c3,b05e2db6-7cf5-47ec-94c3-a288d2675a80,c5,DROP,1448,p2,?,
1769449977.9612954,RECEIVED,e9f85a44-86a3-4631-bc2a-eaa72f943e16,96e2cc6f-64d6-41d6-807b-91ad165da809,c5,c4,2451,p2,?,
1769449978.0397468,SENT,62f6bd3f-f9e3-4055-8ba0-93b6d7857f39,1613e2f8-1057-4d58-b2f7-940654596906,c3,DROP,1006,?,i12,
1769449978.039787,FORWARDED,62f6bd3f-f9e3-4055-8ba0-93b6d7857f39,1613e2f8-1057-4d58-b2f7-940654596906,c3,DROP,1006,?,i12,
1769449978.1785762,SENT,35806c43-efa7-4907-b9e8-303cc870c6c3,b05e2db6-7cf5-47ec-94c3-a288d2675a80,c5,DROP,1013,?,i5,
1769449978.178618,FORWARDED,35806c43-efa7-4907-b9e8-303cc870c6c3,b05e2db6-7cf5-47ec-94c3-a288d2675a80,c5,DROP,1013,?,i5,
1769449978.4022546,RECEIVED,4a8899cb-4965-4b1e-8cd9-e5ae12c43894,4938023d-cb99-4473-9613-9d5337543b46,c4,c5,2467,p1,?,
1769449978.4104257,SENT,e9f85a44-86a3-4631-bc2a-eaa72f943e16,96e2cc6f-64d6-41d6-807b-91ad165da809,c5,c4,1767,?,i1,
1769449978.4104676,FORWARDED,e9f85a44-86a3-4631-bc2a-eaa72f943e16,96e2cc6f-64d6-41d6-807b-91ad165da809,c5,c4,1767,?,i1,
1769449978.6283643,RECEIVED,a3368322-9962-4d34-b4c1-4600383ad494,3503924d-f793-4243-b72e-1694a356663b,c3,DROP,1447,p3,?,
1769449978.9136004,RECEIVED,4c75789a-1160-4b81-ad03-04965f05376f,beb217e4-32b6-46f8-a3c2-ea63ac248b27,c4,DROP,442,x9,?,
1769449978.980777,SENT,0115b2ff-f5de-4e77-af7b-9e6d71dde6c9,89b82a4a-25f4-47d9-85b0-bcc61682c8f6,c4,DROP,1007,?,i5,
1769449978.9808195,FORWARDED,0115b2ff-f5de-4e77-af7b-9e6d71dde6c9,89b82a4a-25f4-47d9-85b0-bcc61682c8f6,c4,DROP,1007,?,i5,
1769449979.183878,SENT,4a8899cb-4965-4b1e-8cd9-e5ae12c43894,4938023d-cb99-4473-9613-9d5337543b46,c4,c5,1777,?,i3,
1769449979.183919,FORWARDED,4a8899cb-4965-4b1e-8cd9-e5ae12c43894,4938023d-cb99-4473-9613-9d5337543b46,c4,c5,1777,?,i3,
1769449979.243777,RECEIVED,cdd82e05-21ae-45f4-87a5-1597508fbbf5,9d5dd9ff-1d27-4c83-a92b-21ef1310216e,c1,DROP,1435,p1,?,
1769449979.2543015,SENT,a3368322-9962-4d34-b4c1-4600383ad494,3503924d-f793-4243-b72e-1694a356663b,c3,DROP,1013,?,i2,
1769449979.2543423,FORWARDED,a3368322-9962-4d34-b4c1-4600383ad494,3503924d-f793-4243-b72e-1694a356663b,c3,DROP,1013,?,i2,
1769449979.613389,RECEIVED,1bedac41-57b0-4c92-a942-8b69fb81d5d0,09f4fa8f-e54f-423b-bb77-3037e6456862,c4,DROP,1439,p1,?,
1769449979.6575434,RECEIVED,e8effd8f-4bf9-4fc3-84dc-078297e2d31d,f2cd7d2d-c113-4f6d-b244-28a35c117d33,c4,DROP,1459,p1,?,
1769449979.7339864,RECEIVED,df3e3bc8-d88f-4593-a91b-6cce6ca43486,3cb3e397-a6f9-45bc-81a3-bf855ef809b7,c2,c1,2459,p2,?,
1769449979.8561401,RECEIVED,81048dbf-477e-4312-95ef-8c6f916f249f,293c62bf-2ab1-43ca-8127-7e944dddfce0,c3,c5,2476,p3,?,
1769449979.8660176,SENT,cdd82e05-21ae-45f4-87a5-1597508fbbf5,9d5dd9ff-1d27-4c83-a92b-21ef1310216e,c1,DROP,1003,?,i9,
1769449979.8660727,FORWARDED,cdd82e05-21ae-45f4-87a5-1597508fbbf5,9d5dd9ff-1d27-4c83-a92b-21ef1310216e,c1,DROP,1003,?,i9,
1769449980.1337695,SENT,df3e3bc8-d88f-4593-a91b-6cce6ca43486,3cb3e397-a6f9-45bc-81a3-bf855ef809b7,c2,c1,1771,?,i6,
1769449980.1338096,FORWARDED,df3e3bc8-d88f-4593-a91b-6cce6ca43486,3cb3e397-a6f9-45bc-81a3-bf855ef809b7,c2,c1,1771,?,i6,
1769449980.280545,SENT,81048dbf-477e-4312-95ef-8c6f916f249f,293c62bf-2ab1-43ca-8127-7e944dddfce0,c3,c5,1784,?,i11,
1769449980.2805874,FORWARDED,81048dbf-477e-4312-95ef-8c6f916f249f,293c62bf-2ab1-43ca-8127-7e944dddfce0,c3,c5,1784,?,i11,
1769449980.303311,RECEIVED,09b03a1c-b210-41f8-9eff-2d719d05658e,9a18c8a6-e1b3-4600-88b1-1cab8b87655f,c1,DROP,1442,p1,?,
1769449980.3827674,SENT,09b03a1c-b210-41f8-9eff-2d719d05658e,9a18c8a6-e1b3-4600-88b1-1cab8b87655f,c1,DROP,1007,?,i10,
1769449980.3828056,FORWARDED,09b03a1c-b210-41f8-9eff-2d719d05658e,9a18c8a6-e1b3-4600-88b1-1cab8b87655f,c1,DROP,1007,?,i10,
1769449980.4679925,RECEIVED,55d04dca-e783-4b8d-bb84-ccf4752b9541,12e5d834-0b87-42ab-9e53-577138b3430c,c1,DROP,1456,p1,?,
1769449980.548644,RECEIVED,ace25614-387c-4746-b2b4-a200bff0c2a6,8c16eae2-59e7-429b-8245-0982bdc08f6f,c4,DROP,1460,p1,?,
1769449980.6716006,RECEIVED,609afddb-a5a4-4cb5-886a-2c23eb54e77d,ee08a0cf-0ca3-47bf-8c84-73cbffd3a981,c3,DROP,1449,p3,?,
1769449980.7137353,SENT,609afddb-a5a4-4cb5-886a-2c23eb54e77d,ee08a0cf-0ca3-47bf-8c84-73cbffd3a981,c3,DROP,1012,?,i12,
1769449980.7137768,FORWARDED,609afddb-a5a4-4cb5-886a-2c23eb54e77d,ee08a0cf-0ca3-47bf-8c84-73cbffd3a981,c3,DROP,1012,?,i12,
1769449980.7283282,RECEIVED,2757080d-d059-4269-8f10-32e025cf1535,54b5c34c-dc47-4036-9d2b-c351d146d932,c4,DROP,1449,p1,?,
1769449980.77698,RECEIVED,aa5f949a-077d-48af-9ea7-ee5b6caef43f,5c9bb5c1-ca43-4d89-b96c-5da34cc210d7,c3,c5,2456,p3,?,
1769449980.8187811,SENT,2757080d-d059-4269-8f10-32e025cf1535,54b5c34c-dc47-4036-9d2b-c351d146d932,c4,DROP,1012,?,i4,
1769449980.818824,FORWARDED,2757080d-d059-4269-8f10-32e025cf1535,54b5c34c-dc47-4036-9d2b-c351d146d932,c4,DROP,1012,?,i4,
1769449980.8430133,SENT,aa5f949a-077d-48af-9ea7-ee5b6caef43f,5c9bb5c1-ca43-4d89-b96c-5da34cc210d7,c3,c5,1768,?,i5,
1769449980.843062,FORWARDED,aa5f949a-077d-48af-9ea7-ee5b6caef43f,5c9bb5c1-ca43-4d89-b96c-5da34cc210d7,c3,c5,1768,?,i5,
1769449980.8484128,RECEIVED,1afbf4fb-7959-4cfa-a535-2308d887e943,9f3b73ec-d724-4e9a-a851-f56e759249d4,c4,c5,2455,p1,?,
1769449981.017171,RECEIVED,f0d417f0-3244-4197-8d2a-aa1fb05e854b,70b25bd9-93f5-4b7b-a689-51bd2a1256c7,c5,DROP,1439,p2,?,
1769449981.0926032,SENT,55d04dca-e783-4b8d-bb84-ccf4752b9541,12e5d834-0b87-42ab-9e53-577138b3430c,c1,DROP,1020,?,i12,
1769449981.092645,FORWARDED,55d04dca-e783-4b8d-bb84-ccf4752b9541,12e5d834-0b87-42ab-9e53-577138b3430c,c1,DROP,1020,?,i12,
1769449981.2245104,RECEIVED,de142cc7-2a0c-44f2-9ab3-198185ce466b,f7a32d36-57bb-4f6d-a4b7-3713e936335c,c4,DROP,1448,p1,?,
1769449981.266005,RECEIVED,e7e3668e-3d53-49fe-9b6e-e2143f6bc251,9d47da3b-435b-4ba3-8412-f72ca8e902ab,c3,c5,2460,p3,?,
1769449981.3045053,SENT,1bedac41-57b0-4c92-a942-8b69fb81d5d0,09f4fa8f-e54f-423b-bb77-3037e6456862,c4,DROP,1008,?,i1,
1769449981.3050265,FORWARDED,1bedac41-57b0-4c92-a942-8b69fb81d5d0,09f4fa8f-e54f-423b-bb77-3037e6456862,c4,DROP,1008,?,i1,
1769449981.3134954,SENT,de142cc7-2a0c-44f2-9ab3-198185ce466b,f7a32d36-57bb-4f6d-a4b7-3713e936335c,c4,DROP,1014,?,i5,
1769449981.3135302,FORWARDED,de142cc7-2a0c-44f2-9ab3-198185ce466b,f7a32d36-57bb-4f6d-a4b7-3713e936335c,c4,DROP,1014,?,i5,
1769449981.343225,SENT,e7e3668e-3d53-49fe-9b6e-e2143f6bc251,9d47da3b-435b-4ba3-8412-f72ca8e902ab,c3,c5,1772,?,i4,
1769449981.3432653,FORWARDED,e7e3668e-3d53-49fe-9b6e-e2143f6bc251,9d47da3b-435b-4ba3-8412-f72ca8e902ab,c3,c5,1772,?,i4,
1769449981.3700144,SENT,1afbf4fb-7959-4cfa-a535-2308d887e943,9f3b73ec-d724-4e9a-a851-f56e759249d4,c4,c5,1770,?,i5,
1769449981.370088,FORWARDED,1afbf4fb-7959-4cfa-a535-2308d887e943,9f3b73ec-d724-4e9a-a851-f56e759249d4,c4,c5,1770,?,i5,
1769449981.4047544,RECEIVED,78c610ad-dc2f-4460-aee3-8240c1b725b1,da11cfec-5865-421e-a4f2-b1769fb74e58,c5,c4,2463,p2,?,
1769449981.516466,SENT,e8effd8f-4bf9-4fc3-84dc-078297e2d31d,f2cd7d2d-c113-4f6d-b244-28a35c117d33,c4,DROP,1021,?,i1,
1769449981.5165086,FORWARDED,e8effd8f-4bf9-4fc3-84dc-078297e2d31d,f2cd7d2d-c113-4f6d-b244-28a35c117d33,c4,DROP,1021,?,i1,
1769449981.7135088,SENT,ace25614-387c-4746-b2b4-a200bff0c2a6,8c16eae2-59e7-429b-8245-0982bdc08f6f,c4,DROP,1021,?,i10,
1769449981.7135472,FORWARDED,ace25614-387c-4746-b2b4-a200bff0c2a6,8c16eae2-59e7-429b-8245-0982bdc08f6f,c4,DROP,1021,?,i10,
1769449981.799974,RECEIVED,564f64ff-9f64-45a2-b807-e94d8e735192,b0d555c9-2e88-4ec0-be46-6fe534a35636,c3,DROP,1440,p3,?,
1769449981.801755,RECEIVED,66080e09-b9f1-4786-b6e2-717f048216a2,1d6aa8ad-6ffd-42ab-bc5e-afc9bc08f107,c5,DROP,1440,p2,?,
1769449981.8706234,RECEIVED,d4c93b47-f3f6-4a64-81ef-2252a4bcdddb,71caaae0-002c-49d1-a429-57897e794a33,c5,c4,2467,p2,?,
1769449981.8768935,RECEIVED,5ec2fc99-0287-4890-ac0e-87205ea6395d,3bdf031a-5339-4656-a839-b09e80741464,c2,DROP,445,x11,?,
1769449981.9448547,RECEIVED,abddabe4-f8e9-45fb-8307-1015512888a2,b977c80a-532b-4dca-9ba6-e79c62d9074b,c4,DROP,1445,p1,?,
1769449982.0195868,SENT,66080e09-b9f1-4786-b6e2-717f048216a2,1d6aa8ad-6ffd-42ab-bc5e-afc9bc08f107,c5,DROP,1006,?,i8,
1769449982.019628,FORWARDED,66080e09-b9f1-4786-b6e2-717f048216a2,1d6aa8ad-6ffd-42ab-bc5e-afc9bc08f107,c5,DROP,1006,?,i8,
1769449982.2347317,SENT,abddabe4-f8e9-45fb-8307-1015512888a2,b977c80a-532b-4dca-9ba6-e79c62d9074b,c4,DROP,1011,?,i12,
1769449982.234773,FORWARDED,abddabe4-f8e9-45fb-8307-1015512888a2,b977c80a-532b-4dca-9ba6-e79c62d9074b,c4,DROP,1011,?,i12,
1769449982.332375,RECEIVED,28cb3c95-b2bf-40b7-b65c-4b2a7d0dfba1,4f8b03eb-6aff-458a-9ccc-d050560be6f3,c4,DROP,1452,p1,?,
1769449982.6835237,SENT,28cb3c95-b2bf-40b7-b65c-4b2a7d0dfba1,4f8b03eb-6aff-458a-9ccc-d050560be6f3,c4,DROP,1017,?,i7,
1769449982.6835635,FORWARDED,28cb3c95-b2bf-40b7-b65c-4b2a7d0dfba1,4f8b03eb-6aff-458a-9ccc-d050560be6f3,c4,DROP,1017,?,i7,
1769449982.7157116,SENT,f0d417f0-3244-4197-8d2a-aa1fb05e854b,70b25bd9-93f5-4b7b-a689-51bd2a1256c7,c5,DROP,1008,?,i1,
1769449982.7157547,FORWARDED,f0d417f0-3244-4197-8d2a-aa1fb05e854b,70b25bd9-93f5-4b7b-a689-51bd2a1256c7,c5,DROP,1008,?,i1,
1769449982.7246754,SENT,d4c93b47-f3f6-4a64-81ef-2252a4bcdddb,71caaae0-002c-49d1-a429-57897e794a33,c5,c4,1777,?,i4,
1769449982.7247112,FORWARDED,d4c93b47-f3f6-4a64-81ef-2252a4bcdddb,71caaae0-002c-49d1-a429-57897e794a33,c5,c4,1777,?,i4,
1769449982.7627456,RECEIVED,c1ba06c7-d25d-4a75-82bb-3c729621f879,d1249a83-a5e0-4705-8530-80a2b05b209d,c1,c3,2471,p1,?,
1769449982.8765047,RECEIVED,c29387b4-40a8-44d8-a4d0-dc59fd8bd63a,914f2aff-bd16-4732-aeb7-21e6b1e61556,c2,c1,2460,p2,?,
1769449982.8776195,RECEIVED,746d246b-ae21-4bfb-b048-9bd4fb750dde,cc18995f-dbd1-4077-b68e-eafca9fa1b6a,c3,c5,2475,p3,?,
1769449982.993148,RECEIVED,b937daeb-9329-468c-b8c2-d513803cae05,42693d19-4aab-4493-9355-cb906b20be8e,c1,c3,2451,p1,?,
1769449983.018559,RECEIVED,1b239645-96da-4440-877d-1a7b3528365d,ab535679-15e9-44df-9e12-7bb8b7f93997,c3,c5,2448,p3,?,
1769449983.0712228,SENT,78c610ad-dc2f-4460-aee3-8240c1b725b1,da11cfec-5865-421e-a4f2-b1769fb74e58,c5,c4,1776,?,i1,
1769449983.0712645,FORWARDED,78c610ad-dc2f-4460-aee3-8240c1b725b1,da11cfec-5865-421e-a4f2-b1769fb74e58,c5,c4,1776,?,i1,
1769449983.098289,SENT,1b239645-96da-4440-877d-1a7b3528365d,ab535679-15e9-44df-9e12-7bb8b7f93997,c3,c5,1762,?,i1,
1769449983.09833,FORWARDED,1b239645-96da-4440-877d-1a7b3528365d,ab535679-15e9-44df-9e12-7bb8b7f93997,c3,c5,1762,?,i1,
1769449983.1443853,SENT,c1ba06c7-d25d-4a75-82bb-3c729621f879,d1249a83-a5e0-4705-8530-80a2b05b209d,c1,c3,1780,?,i11,
1769449983.1444287,FORWARDED,c1ba06c7-d25d-4a75-82bb-3c729621f879,d1249a83-a5e0-4705-8530-80a2b05b209d,c1,c3,1780,?,i11,
1769449983.15626,SENT,b937daeb-9329-468c-b8c2-d513803cae05,42693d19-4aab-4493-9355-cb906b20be8e,c1,c3,1767,?,i2,
1769449983.156302,FORWARDED,b937daeb-9329-468c-b8c2-d513803cae05,42693d19-4aab-4493-9355-cb906b20be8e,c1,c3,1767,?,i2,
1769449983.2586007,RECEIVED,8ef728b9-8d02-41ea-83a6-f619f704bc1f,3fe88214-a23e-4b74-a300-ff3b63462b7b,c5,c4,2464,p2,?,
1769449983.3419106,SENT,c29387b4-40a8-44d8-a4d0-dc59fd8bd63a,914f2aff-bd16-4732-aeb7-21e6b1e61556,c2,c1,1772,?,i7,
1769449983.3419526,FORWARDED,c29387b4-40a8-44d8-a4d0-dc59fd8bd63a,914f2aff-bd16-4732-aeb7-21e6b1e61556,c2,c1,1772,?,i7,
1769449983.4030287,RECEIVED,50aa4a70-f49f-47bc-810b-d20eb2013f67,1ddf5d62-2124-45ca-9dde-668516047984,c1,c3,2468,p1,?,
1769449983.4410374,SENT,8ef728b9-8d02-41ea-83a6-f619f704bc1f,3fe88214-a23e-4b74-a300-ff3b63462b7b,c5,c4,1775,?,i1,
1769449983.4410932,FORWARDED,8ef728b9-8d02-41ea-83a6-f619f704bc1f,3fe88214-a23e-4b74-a300-ff3b63462b7b,c5,c4,1775,?,i1,
1769449983.4505634,SENT,564f64ff-9f64-45a2-b807-e94d8e735192,b0d555c9-2e88-4ec0-be46-6fe534a35636,c3,DROP,1007,?,i11,
1769449983.4506066,FORWARDED,564f64ff-9f64-45a2-b807-e94d8e735192,b0d555c9-2e88-4ec0-be46-6fe534a35636,c3,DROP,1007,?,i11,
1769449983.5321429,RECEIVED,c02b6a48-23af-4f08-a809-f2c36c499707,5f26e0c8-3127-4229-9c38-b9300b073c38,c4,c5,2457,p1,?,
1769449983.545842,SENT,c02b6a48-23af-4f08-a809-f2c36c499707,5f26e0c8-3127-4229-9c38-b9300b073c38,c4,c5,1768,?,i2,
1769449983.545884,FORWARDED,c02b6a48-23af-4f08-a809-f2c36c499707,5f26e0c8-3127-4229-9c38-b9300b073c38,c4,c5,1768,?,i2,
1769449983.5521457,SENT,50aa4a70-f49f-47bc-810b-d20eb2013f67,1ddf5d62-2124-45ca-9dde-668516047984,c1,c3,1778,?,i3,
1769449983.5521874,FORWARDED,50aa4a70-f49f-47bc-810b-d20eb2013f67,1ddf5d62-2124-45ca-9dde-668516047984,c1,c3,1778,?,i3,
1769449983.7497144,SENT,746d246b-ae21-4bfb-b048-9bd4fb750dde,cc18995f-dbd1-4077-b68e-eafca9fa1b6a,c3,c5,1783,?,i7,
1769449983.7497568,FORWARDED,746d246b-ae21-4bfb-b048-9bd4fb750dde,cc18995f-dbd1-4077-b68e-eafca9fa1b6a,c3,c5,1783,?,i7,
1769449984.1244483,RECEIVED,245210d9-6762-4cb1-a12c-dd698b8df7a0,e9efa6cc-9ee9-4fc9-9c77-c008f688ca1a,c1,DROP,1459,p1,?,
1769449984.4464452,RECEIVED,3367b7c1-dd6d-4dba-b138-fc2ab25e64a9,f79d53b7-c061-4716-b416-dc16f5d7e8e5,c3,DROP,1447,p3,?,
1769449984.4483976,RECEIVED,36b20e86-df1a-4a87-a374-98c6bfcc5d85,06a18550-8926-4dc8-bdfa-bf7b9a284766,c1,c3,2459,p1,?,
1769449984.6641698,RECEIVED,ed5d1b2c-9203-422b-a3e9-d269e49d6cc8,e81e4175-78dc-4a3b-ae8c-3bd77a16e387,c4,DROP,441,x7,?,
1769449984.9063234,SENT,245210d9-6762-4cb1-a12c-dd698b8df7a0,e9efa6cc-9ee9-4fc9-9c77-c008f688ca1a,c1,DROP,1021,?,i2,
1769449984.906368,FORWARDED,245210d9-6762-4cb1-a12c-dd698b8df7a0,e9efa6cc-9ee9-4fc9-9c77-c008f688ca1a,c1,DROP,1021,?,i2,
1769449985.037767,RECEIVED,46800437-2222-4d9d-a200-99c4f85fc83e,096fbebf-097a-4117-adac-e9736239305a,c3,DROP,1439,p3,?,
1769449985.1250257,RECEIVED,57320c0d-1942-40bd-98f8-3eb610046ab1,2eae835b-d3f0-4b88-ad2c-be5afef004c7,c3,DROP,1440,p3,?,
1769449985.2096064,SENT,57320c0d-1942-40bd-98f8-3eb610046ab1,2eae835b-d3f0-4b88-ad2c-be5afef004c7,c3,DROP,1007,?,i8,
1769449985.209651,FORWARDED,57320c0d-1942-40bd-98f8-3eb610046ab1,2eae835b-d3f0-4b88-ad2c-be5afef004c7,c3,DROP,1007,?,i8,
1769449985.256743,SENT,36b20e86-df1a-4a87-a374-98c6bfcc5d85,06a18550-8926-4dc8-bdfa-bf7b9a284766,c1,c3,1772,?,i2,
1769449985.2567844,FORWARDED,36b20e86-df1a-4a87-a374-98c6bfcc5d85,06a18550-8926-4dc8-bdfa-bf7b9a284766,c1,c3,1772,?,i2,
1769449985.365823,SENT,46800437-2222-4d9d-a200-99c4f85fc83e,096fbebf-097a-4117-adac-e9736239305a,c3,DROP,1007,?,i5,
1769449985.365866,FORWARDED,46800437-2222-4d9d-a200-99c4f85fc83e,096fbebf-097a-4117-adac-e9736239305a,c3,DROP,1007,?,i5,
1769449985.4623132,RECEIVED,6b10dda8-f167-484a-a92e-3558d6530a66,2fa3d6f0-be65-419b-8795-1784c20fcff8,c1,DROP,1439,p1,?,
1769449985.4943037,SENT,3367b7c1-dd6d-4dba-b138-fc2ab25e64a9,f79d53b7-c061-4716-b416-dc16f5d7e8e5,c3,DROP,1012,?,i5,
1769449985.4943464,FORWARDED,3367b7c1-dd6d-4dba-b138-fc2ab25e64a9,f79d53b7-c061-4716-b416-dc16f5d7e8e5,c3,DROP,1012,?,i5,
1769449986.1898518,RECEIVED,7478382a-760a-4658-ac39-d92e3bde5863,fd6caa44-d247-41f3-9351-ebed1a7df291,c3,c5,2459,p3,?,
1769449986.4954906,SENT,6b10dda8-f167-484a-a92e-3558d6530a66,2fa3d6f0-be65-419b-8795-1784c20fcff8,c1,DROP,1007,?,i6,
1769449986.4955301,FORWARDED,6b10dda8-f167-484a-a92e-3558d6530a66,2fa3d6f0-be65-419b-8795-1784c20fcff8,c1,DROP,1007,?,i6,
1769449986.6335278,RECEIVED,a959f4c6-e0d3-4231-99e9-ed0b149b0c12,3d9e9766-eadf-4ac4-8eef-07ad2c5f3f95,c4,c5,2455,p1,?,
1769449986.6850169,SENT,7478382a-760a-4658-ac39-d92e3bde5863,fd6caa44-d247-41f3-9351-ebed1a7df291,c3,c5,1771,?,i3,
1769449986.685069,FORWARDED,7478382a-760a-4658-ac39-d92e3bde5863,fd6caa44-d247-41f3-9351-ebed1a7df291,c3,c5,1771,?,i3,
1769449986.6950119,RECEIVED,9e0cd548-f23d-4f47-abaa-a37bc3e44c31,41f29662-efaa-4587-9f61-777f00e19838,c1,c3,2462,p1,?,
1769449986.786571,SENT,9e0cd548-f23d-4f47-abaa-a37bc3e44c31,41f29662-efaa-4587-9f61-777f00e19838,c1,c3,1772,?,i12,
1769449986.7866123,FORWARDED,9e0cd548-f23d-4f47-abaa-a37bc3e44c31,41f29662-efaa-4587-9f61-777f00e19838,c1,c3,1772,?,i12,
1769449986.9864473,RECEIVED,cd0449f7-975b-40c6-b175-36099c90faf2,a74da686-5ad4-4e2a-9406-6d849fbbe27f,c3,DROP,1451,p3,?,
1769449987.0085764,SENT,a959f4c6-e0d3-4231-99e9-ed0b149b0c12,3d9e9766-eadf-4ac4-8eef-07ad2c5f3f95,c4,c5,1768,?,i8,
1769449987.0086186,FORWARDED,a959f4c6-e0d3-4231-99e9-ed0b149b0c12,3d9e9766-eadf-4ac4-8eef-07ad2c5f3f95,c4,c5,1768,?,i8,
1769449987.190822,SENT,cd0449f7-975b-40c6-b175-36099c90faf2,a74da686-5ad4-4e2a-9406-6d849fbbe27f,c3,DROP,1015,?,i9,
1769449987.190863,FORWARDED,cd0449f7-975b-40c6-b175-36099c90faf2,a74da686-5ad4-4e2a-9406-6d849fbbe27f,c3,DROP,1015,?,i9,
1769449987.280373,RECEIVED,44c80554-f8e6-4cc4-85a2-f7f5d52783be,b9d5e1a2-c445-442a-ac96-fcb8f4e5542f,c1,DROP,1440,p1,?,
1769449987.4036636,RECEIVED,535f0099-b90b-432f-b059-b3c386ef5b45,19e25848-46b7-4261-a3ff-2215c4363fdd,c1,DROP,442,x12,?,
1769449987.44687,SENT,44c80554-f8e6-4cc4-85a2-f7f5d52783be,b9d5e1a2-c445-442a-ac96-fcb8f4e5542f,c1,DROP,1008,?,i9,
1769449987.4469113,FORWARDED,44c80554-f8e6-4cc4-85a2-f7f5d52783be,b9d5e1a2-c445-442a-ac96-fcb8f4e5542f,c1,DROP,1008,?,i9,
1769449987.4815784,RECEIVED,adef3684-b87d-4a5e-a2eb-246ed75826be,53362940-3d73-4924-a50f-96197c60be0a,c4,DROP,1439,p1,?,
1769449987.5628035,RECEIVED,52f81d0e-eab7-45a0-bce6-7994fdc56778,b5d9e8e0-d7a5-492e-bdd6-63af1a8a2691,c5,DROP,1435,p2,?,
1769449987.6586306,RECEIVED,82fa4cef-0d73-4f44-a994-239d2d08319d,a4d15d09-78d8-42ad-8293-4d862b9c06b4,c1,DROP,1440,p1,?,
1769449987.672632,SENT,adef3684-b87d-4a5e-a2eb-246ed75826be,53362940-3d73-4924-a50f-96197c60be0a,c4,DROP,1007,?,i2,
1769449987.6726747,FORWARDED,adef3684-b87d-4a5e-a2eb-246ed75826be,53362940-3d73-4924-a50f-96197c60be0a,c4,DROP,1007,?,i2,
1769449987.703895,RECEIVED,79223486-5e74-4033-8aa2-c66479c4b53f,9a88abd2-0f62-40c2-855d-ebbe12e9dbe5,c4,DROP,1439,p1,?,
1769449987.897748,RECEIVED,70deac1d-a5fb-4a0f-8668-97d0a739bd34,d4ea1a31-07cd-4862-b4ec-5c81b5359cd8,c4,DROP,1441,p1,?,
1769449987.907656,RECEIVED,22f4f29b-569c-46a5-b91f-bc0fdc8a7260,175f4bc8-b3b9-4826-b0a0-c14e8589cd57,c1,DROP,437,x9,?,
1769449987.9213579,RECEIVED,fa62f64d-e220-4737-b7db-8dbacde26077,a4935a8c-ce4a-4bae-b5ae-3d8bfe240887,c1,DROP,1450,p1,?,
1769449987.9453745,RECEIVED,b0c7d2ad-28ed-4313-8e4e-b11c0fd2df48,45a90426-318a-402e-93be-430684815728,c3,c5,2463,p3,?,
1769449987.9461818,SENT,70deac1d-a5fb-4a0f-8668-97d0a739bd34,d4ea1a31-07cd-4862-b4ec-5c81b5359cd8,c4,DROP,1007,?,i1,
1769449987.9462228,FORWARDED,70deac1d-a5fb-4a0f-8668-97d0a739bd34,d4ea1a31-07cd-4862-b4ec-5c81b5359cd8,c4,DROP,1007,?,i1,
1769449987.9493165,SENT,52f81d0e-eab7-45a0-bce6-7994fdc56778,b5d9e8e0-d7a5-492e-bdd6-63af1a8a2691,c5,DROP,1003,?,i3,
1769449987.9493694,FORWARDED,52f81d0e-eab7-45a0-bce6-7994fdc56778,b5d9e8e0-d7a5-492e-bdd6-63af1a8a2691,c5,DROP,1003,?,i3,
1769449988.0824103,RECEIVED,a8e29988-bce0-4ffd-9d6f-da01fe71f84a,e8c3541f-842c-4c42-a8a4-4bb9aa535f56,c2,DROP,441,x11,?,
1769449988.1312208,RECEIVED,1a04a09d-bac3-4a6f-b6ee-1a6c0f47fe3b,4dd0e386-a4fa-4ae0-8a73-09d476726663,c5,c4,2475,p2,?,
1769449988.1891067,SENT,b0c7d2ad-28ed-4313-8e4e-b11c0fd2df48,45a90426-318a-402e-93be-430684815728,c3,c5,1775,?,i5,
1769449988.1891425,FORWARDED,b0c7d2ad-28ed-4313-8e4e-b11c0fd2df48,45a90426-318a-402e-93be-430684815728,c3,c5,1775,?,i5,
1769449988.409232,RECEIVED,d2ff2077-a717-443d-8302-14760a28d52b,3f654a21-eb78-4036-9abd-46e96c46a14e,c1,c3,2463,p1,?,
1769449988.4217463,RECEIVED,e23f6344-7842-4043-94f2-ab1d91f47238,83330388-e6ac-48b5-b41a-785018d3cfea,c5,DROP,1451,p2,?,
1769449988.4431734,SENT,e23f6344-7842-4043-94f2-ab1d91f47238,83330388-e6ac-48b5-b41a-785018d3cfea,c5,DROP,1012,?,i12,
1769449988.4432216,FORWARDED,e23f6344-7842-4043-94f2-ab1d91f47238,83330388-e6ac-48b5-b41a-785018d3cfea,c5,DROP,1012,?,i12,
1769449988.4447143,SENT,82fa4cef-0d73-4f44-a994-239d2d08319d,a4d15d09-78d8-42ad-8293-4d862b9c06b4,c1,DROP,1008,?,i11,
1769449988.4447544,FORWARDED,82fa4cef-0d73-4f44-a994-239d2d08319d,a4d15d09-78d8-42ad-8293-4d862b9c06b4,c1,DROP,1008,?,i11,
1769449988.5509791,SENT,1a04a09d-bac3-4a6f-b6ee-1a6c0f47fe3b,4dd0e386-a4fa-4ae0-8a73-09d476726663,c5,c4,1785,?,i5,
1769449988.5510237,FORWARDED,1a04a09d-bac3-4a6f-b6ee-1a6c0f47fe3b,4dd0e386-a4fa-4ae0-8a73-09d476726663,c5,c4,1785,?,i5,
1769449988.9943295,RECEIVED,0e247422-d31f-4cb3-a869-81a32aad0bc3,b1b56cee-89db-4cf9-b294-d8e51032da77,c2,DROP,1447,p2,?,
1769449989.0210564,SENT,79223486-5e74-4033-8aa2-c66479c4b53f,9a88abd2-0f62-40c2-855d-ebbe12e9dbe5,c4,DROP,1008,?,i9,
1769449989.0211012,FORWARDED,79223486-5e74-4033-8aa2-c66479c4b53f,9a88abd2-0f62-40c2-855d-ebbe12e9dbe5,c4,DROP,1008,?,i9,
1769449989.1254797,RECEIVED,d18feab2-e9cf-4465-8015-872dfae88b5d,5e90d163-4935-431b-98ff-841c047434c8,c4,c5,2451,p1,?,
1769449989.2613964,SENT,d18feab2-e9cf-4465-8015-872dfae88b5d,5e90d163-4935-431b-98ff-841c047434c8,c4,c5,1765,?,i9,
1769449989.2614386,FORWARDED,d18feab2-e9cf-4465-8015-872dfae88b5d,5e90d163-4935-431b-98ff-841c047434c8,c4,c5,1765,?,i9,
1769449989.34425,SENT,d2ff2077-a717-443d-8302-14760a28d52b,3f654a21-eb78-4036-9abd-46e96c46a14e,c1,c3,1776,?,i4,
1769449989.344292,FORWARDED,d2ff2077-a717-443d-8302-14760a28d52b,3f654a21-eb78-4036-9abd-46e96c46a14e,c1,c3,1776,?,i4,
1769449989.6153202,SENT,0e247422-d31f-4cb3-a869-81a32aad0bc3,b1b56cee-89db-4cf9-b294-d8e51032da77,c2,DROP,1012,?,i9,
1769449989.6153617,FORWARDED,0e247422-d31f-4cb3-a869-81a32aad0bc3,b1b56cee-89db-4cf9-b294-d8e51032da77,c2,DROP,1012,?,i9,
1769449989.7461631,SENT,fa62f64d-e220-4737-b7db-8dbacde26077,a4935a8c-ce4a-4bae-b5ae-3d8bfe240887,c1,DROP,1016,?,i9,
1769449989.7462046,FORWARDED,fa62f64d-e220-4737-b7db-8dbacde26077,a4935a8c-ce4a-4bae-b5ae-3d8bfe240887,c1,DROP,1016,?,i9,
1769449989.7918591,RECEIVED,ddd607fb-4dc6-4a17-b818-646df7e675bf,c556534b-d061-4016-b426-d4894ab3b54f,c5,c4,2459,p2,?,
1769449989.8374891,RECEIVED,c697e1de-352a-49ae-81cb-51c4e1fe7889,c97642c5-3397-4b14-b662-27516464518d,c1,c3,2464,p1,?,
1769449989.9420733,SENT,ddd607fb-4dc6-4a17-b818-646df7e675bf,c556534b-d061-4016-b426-d4894ab3b54f,c5,c4,1771,?,i1,
1769449989.9421172,FORWARDED,ddd607fb-4dc6-4a17-b818-646df7e675bf,c556534b-d061-4016-b426-d4894ab3b54f,c5,c4,1771,?,i1,
1769449990.0300705,RECEIVED,248aa149-8241-4b9f-a297-aa3babe71aaa,ade99c02-6d51-4192-bfdc-48a3f85e8a94,c2,c1,2456,p2,?,
1769449990.1621277,RECEIVED,d3c6e11e-352c-48d9-ac21-3d178d862906,15c9d0a4-6191-4dbf-95fe-a8d3093eeea8,c1,DROP,1435,p1,?,
1769449990.1802793,SENT,248aa149-8241-4b9f-a297-aa3babe71aaa,ade99c02-6d51-4192-bfdc-48a3f85e8a94,c2,c1,1768,?,i5,
1769449990.1803198,FORWARDED,248aa149-8241-4b9f-a297-aa3babe71aaa,ade99c02-6d51-4192-bfdc-48a3f85e8a94,c2,c1,1768,?,i5,
1769449990.3234608,RECEIVED,6dd25366-bf73-4d69-a49e-14be4d695558,de5a106b-dc5a-4b3f-833b-2dd4a3eb7af3,c2,DROP,1441,p2,?,
1769449990.3864172,SENT,6dd25366-bf73-4d69-a49e-14be4d695558,de5a106b-dc5a-4b3f-833b-2dd4a3eb7af3,c2,DROP,1008,?,i4,
1769449990.3864799,FORWARDED,6dd25366-bf73-4d69-a49e-14be4d695558,de5a106b-dc5a-4b3f-833b-2dd4a3eb7af3,c2,DROP,1008,?,i4,
1769449990.4015582,RECEIVED,e9803d69-eb46-4860-ba21-a005b945923d,8fca94f2-8e49-4d1c-bd4a-dfffa8cfb602,c2,DROP,1452,p2,?,
1769449990.430753,SENT,d3c6e11e-352c-48d9-ac21-3d178d862906,15c9d0a4-6191-4dbf-95fe-a8d3093eeea8,c1,DROP,1004,?,i8,
1769449990.430795,FORWARDED,d3c6e11e-352c-48d9-ac21-3d178d862906,15c9d0a4-6191-4dbf-95fe-a8d3093eeea8,c1,DROP,1004,?,i8,
1769449990.6375954,RECEIVED,c1e5a191-8042-429c-9aa2-649c77fabf7f,f3343b4b-766c-454d-97d6-b99313700c5e,c4,DROP,1451,p1,?,
1769449990.7008293,SENT,c697e1de-352a-49ae-81cb-51c4e1fe7889,c97642c5-3397-4b14-b662-27516464518d,c1,c3,1775,?,i11,
1769449990.7008686,FORWARDED,c697e1de-352a-49ae-81cb-51c4e1fe7889,c97642c5-3397-4b14-b662-27516464518d,c1,c3,1775,?,i11,
1769449990.7249012,SENT,e9803d69-eb46-4860-ba21-a005b945923d,8fca94f2-8e49-4d1c-bd4a-dfffa8cfb602,c2,DROP,1015,?,i12,
1769449990.724941,FORWARDED,e9803d69-eb46-4860-ba21-a005b945923d,8fca94f2-8e49-4d1c-bd4a-dfffa8cfb602,c2,DROP,1015,?,i12,
1769449990.8443904,RECEIVED,e636ea85-099e-4a4c-a161-e0aff94ecd1a,f93f1795-25df-4c0a-a9b5-a3b4ddab9beb,c3,c5,2471,p3,?,
1769449990.9824362,SENT,e636ea85-099e-4a4c-a161-e0aff94ecd1a,f93f1795-25df-4c0a-a9b5-a3b4ddab9beb,c3,c5,1780,?,i8,
1769449990.9824762,FORWARDED,e636ea85-099e-4a4c-a161-e0aff94ecd1a,f93f1795-25df-4c0a-a9b5-a3b4ddab9beb,c3,c5,1780,?,i8,
1769449991.003666,RECEIVED,0111e73b-4e6b-4f50-b029-41544b284ef5,ae2144fa-4d29-451f-91b3-129e00166207,c4,c5,2455,p1,?,
1769449991.006732,RECEIVED,b0649b62-84f0-4689-931a-b9a136110e1c,dffe109b-8d12-4002-ac2a-b3087bce4bf2,c2,DROP,1451,p2,?,
1769449991.063725,SENT,c1e5a191-8042-429c-9aa2-649c77fabf7f,f3343b4b-766c-454d-97d6-b99313700c5e,c4,DROP,1016,?,i5,
1769449991.0637598,FORWARDED,c1e5a191-8042-429c-9aa2-649c77fabf7f,f3343b4b-766c-454d-97d6-b99313700c5e,c4,DROP,1016,?,i5,
1769449991.3205602,RECEIVED,9a11cc56-b727-4c20-b9fa-ff433b69cff8,4fc39ea6-5215-4791-a742-d177a8b97857,c5,DROP,1447,p2,?,
1769449991.4185977,RECEIVED,c74d913e-ab74-47df-9982-91ae6462d210,0390c995-853d-4ab7-8e5f-cf584016d6ef,c5,c4,2459,p2,?,
1769449991.5502315,RECEIVED,249f4654-97f7-406a-a69c-53b9da70222b,bcbdb27f-2727-4c7e-9057-53a92f125b2e,c3,c5,2461,p3,?,
1769449991.5714931,SENT,249f4654-97f7-406a-a69c-53b9da70222b,bcbdb27f-2727-4c7e-9057-53a92f125b2e,c3,c5,1772,?,i6,
1769449991.5715349,FORWARDED,249f4654-97f7-406a-a69c-53b9da70222b,bcbdb27f-2727-4c7e-9057-53a92f125b2e,c3,c5,1772,?,i6,
1769449991.8159347,SENT,b0649b62-84f0-4689-931a-b9a136110e1c,dffe109b-8d12-4002-ac2a-b3087bce4bf2,c2,DROP,1017,?,i7,
1769449991.815976,FORWARDED,b0649b62-84f0-4689-931a-b9a136110e1c,dffe109b-8d12-4002-ac2a-b3087bce4bf2,c2,DROP,1017,?,i7,
1769449991.84299,RECEIVED,9fa92543-ac44-4fc6-8022-6966691ff8ed,9eaf71b2-77ab-4ba3-a749-10038e4bd56f,c4,DROP,1461,p1,?,
1769449992.0214238,SENT,9fa92543-ac44-4fc6-8022-6966691ff8ed,9eaf71b2-77ab-4ba3-a749-10038e4bd56f,c4,DROP,1021,?,i10,
1769449992.0215101,FORWARDED,9fa92543-ac44-4fc6-8022-6966691ff8ed,9eaf71b2-77ab-4ba3-a749-10038e4bd56f,c4,DROP,1021,?,i10,
1769449992.1921985,SENT,c74d913e-ab74-47df-9982-91ae6462d210,0390c995-853d-4ab7-8e5f-cf584016d6ef,c5,c4,1771,?,i2,
1769449992.1922386,FORWARDED,c74d913e-ab74-47df-9982-91ae6462d210,0390c995-853d-4ab7-8e5f-cf584016d6ef,c5,c4,1771,?,i2,
1769449992.239652,RECEIVED,40342f4a-91b9-4867-8ff4-4ad15a7f9546,41b457de-12ae-4d2b-a298-407028623c7c,c1,DROP,1452,p1,?,
1769449992.2637973,SENT,0111e73b-4e6b-4f50-b029-41544b284ef5,ae2144fa-4d29-451f-91b3-129e00166207,c4,c5,1768,?,i9,
1769449992.2638395,FORWARDED,0111e73b-4e6b-4f50-b029-41544b284ef5,ae2144fa-4d29-451f-91b3-129e00166207,c4,c5,1768,?,i9,
1769449992.3039212,RECEIVED,bb4acd88-4d58-4a39-80f1-ef64ffffb6b4,e9bce022-7fd7-418f-9c3f-6dd49ff393c8,c2,c1,2459,p2,?,
1769449992.4774127,SENT,bb4acd88-4d58-4a39-80f1-ef64ffffb6b4,e9bce022-7fd7-418f-9c3f-6dd49ff393c8,c2,c1,1772,?,i7,
1769449992.4774544,FORWARDED,bb4acd88-4d58-4a39-80f1-ef64ffffb6b4,e9bce022-7fd7-418f-9c3f-6dd49ff393c8,c2,c1,1772,?,i7,
1769449992.5334277,RECEIVED,64c42eba-115d-410c-adcb-f30c96b5ede6,9651dc81-bb35-469a-8cb2-d2b259886f51,c2,DROP,1451,p2,?,
1769449992.5758767,SENT,40342f4a-91b9-4867-8ff4-4ad15a7f9546,41b457de-12ae-4d2b-a298-407028623c7c,c1,DROP,1016,?,i3,
1769449992.5762997,FORWARDED,40342f4a-91b9-4867-8ff4-4ad15a7f9546,41b457de-12ae-4d2b-a298-407028623c7c,c1,DROP,1016,?,i3,
1769449992.78421,RECEIVED,e3a632cb-f990-4f6e-9b6d-f4c2c6684f5e,1be76e6f-c0dc-47d8-b2c7-86e656271eef,c2,c1,2447,p2,?,
1769449992.8114257,SENT,64c42eba-115d-410c-adcb-f30c96b5ede6,9651dc81-bb35-469a-8cb2-d2b259886f51,c2,DROP,1015,?,i6,
1769449992.8114617,FORWARDED,64c42eba-115d-410c-adcb-f30c96b5ede6,9651dc81-bb35-469a-8cb2-d2b259886f51,c2,DROP,1015,?,i6,
1769449992.8291006,RECEIVED,88c7d85b-3d54-4252-b869-10c2cfe2c9ba,eaca564a-4f22-413d-95d0-41d6c70adbb1,c1,c3,2477,p1,?,
1769449992.8399096,RECEIVED,4423291f-4e53-4750-b247-8c0357495baf,c813b832-1196-4220-8d86-9a2ae7f8f7bf,c2,DROP,1447,p2,?,
1769449992.914234,SENT,88c7d85b-3d54-4252-b869-10c2cfe2c9ba,eaca564a-4f22-413d-95d0-41d6c70adbb1,c1,c3,1785,?,i10,
1769449992.9144056,FORWARDED,88c7d85b-3d54-4252-b869-10c2cfe2c9ba,eaca564a-4f22-413d-95d0-41d6c70adbb1,c1,c3,1785,?,i10,
1769449992.9518661,RECEIVED,d3e5d46a-6da7-4332-ab39-210d517ff845,d1d99bea-ccdb-47b4-ade8-7fe51f4351ec,c2,DROP,1435,p2,?,
1769449992.9781609,RECEIVED,8c40a0a4-2a0b-45ba-b53d-0c4b15de0a31,0931a77d-5f2a-44fe-ab27-91e3518e4cbb,c1,DROP,1440,p1,?,
1769449992.9942431,RECEIVED,09d53a8f-d7f4-437d-aa6f-bf1d96002a0b,f24a30ac-8149-45d5-9bbb-12b8fc2492fa,c4,c5,2463,p1,?,
1769449993.0008461,RECEIVED,ddbded67-aa65-4433-b210-0cbe5e8b68e1,03fe7651-1c21-4987-b95e-a48e9dba3bf1,c4,c5,2468,p1,?,
1769449993.0444436,RECEIVED,6c590a1a-62c5-402a-a5af-aafb65c4fd9c,bade0aa5-a283-4be5-8ef6-a7ea3eb9b708,c3,DROP,1440,p3,?,
1769449993.0795078,SENT,ddbded67-aa65-4433-b210-0cbe5e8b68e1,03fe7651-1c21-4987-b95e-a48e9dba3bf1,c4,c5,1777,?,i7,
1769449993.0795503,FORWARDED,ddbded67-aa65-4433-b210-0cbe5e8b68e1,03fe7651-1c21-4987-b95e-a48e9dba3bf1,c4,c5,1777,?,i7,
1769449993.1089907,SENT,6c590a1a-62c5-402a-a5af-aafb65c4fd9c,bade0aa5-a283-4be5-8ef6-a7ea3eb9b708,c3,DROP,1008,?,i6,
1769449993.1090305,FORWARDED,6c590a1a-62c5-402a-a5af-aafb65c4fd9c,bade0aa5-a283-4be5-8ef6-a7ea3eb9b708,c3,DROP,1008,?,i6,
1769449993.1614685,RECEIVED,4ebb4144-76d0-4c74-906e-d5d7529ee426,e0bc2055-570e-4dd4-b0df-c2cd0888cff0,c3,DROP,1448,p3,?,
1769449993.1840239,RECEIVED,99691a99-b5f8-4811-b30f-08db7483612b,9d644807-662e-40ab-9603-2cc3753d6c8c,c1,c3,2447,p1,?,
1769449993.2373438,RECEIVED,c4b5efdc-d269-4d9d-af6d-ea9b0ba6957a,b8c08db8-2f71-49c2-a3d1-adb3a2beb56c,c4,DROP,1452,p1,?,
1769449993.2816663,SENT,09d53a8f-d7f4-437d-aa6f-bf1d96002a0b,f24a30ac-8149-45d5-9bbb-12b8fc2492fa,c4,c5,1775,?,i12,
1769449993.2817106,FORWARDED,09d53a8f-d7f4-437d-aa6f-bf1d96002a0b,f24a30ac-8149-45d5-9bbb-12b8fc2492fa,c4,c5,1775,?,i12,
1769449993.2965758,SENT,4ebb4144-76d0-4c74-906e-d5d7529ee426,e0bc2055-570e-4dd4-b0df-c2cd0888cff0,c3,DROP,1013,?,i5,
1769449993.296613,FORWARDED,4ebb4144-76d0-4c74-906e-d5d7529ee426,e0bc2055-570e-4dd4-b0df-c2cd0888cff0,c3,DROP,1013,?,i5,
1769449993.3998969,SENT,9a11cc56-b727-4c20-b9fa-ff433b69cff8,4fc39ea6-5215-4791-a742-d177a8b97857,c5,DROP,1012,?,i4,
1769449993.3999352,FORWARDED,9a11cc56-b727-4c20-b9fa-ff433b69cff8,4fc39ea6-5215-4791-a742-d177a8b97857,c5,DROP,1012,?,i4,
1769449993.41502,RECEIVED,8891b534-d375-4d07-bab6-5d0cd3e19e71,07c6c32f-17a8-4b01-a240-cf9115884022,c5,DROP,1461,p2,?,
1769449993.5023239,SENT,8891b534-d375-4d07-bab6-5d0cd3e19e71,07c6c32f-17a8-4b01-a240-cf9115884022,c5,DROP,1021,?,i12,
1769449993.5023654,FORWARDED,8891b534-d375-4d07-bab6-5d0cd3e19e71,07c6c32f-17a8-4b01-a240-cf9115884022,c5,DROP,1021,?,i12,
1769449993.519282,SENT,e3a632cb-f990-4f6e-9b6d-f4c2c6684f5e,1be76e6f-c0dc-47d8-b2c7-86e656271eef,c2,c1,1764,?,i1,
1769449993.5193183,FORWARDED,e3a632cb-f990-4f6e-9b6d-f4c2c6684f5e,1be76e6f-c0dc-47d8-b2c7-86e656271eef,c2,c1,1764,?,i1,
1769449993.647204,SENT,c4b5efdc-d269-4d9d-af6d-ea9b0ba6957a,b8c08db8-2f71-49c2-a3d1-adb3a2beb56c,c4,DROP,1016,?,i5,
1769449993.647256,FORWARDED,c4b5efdc-d269-4d9d-af6d-ea9b0ba6957a,b8c08db8-2f71-49c2-a3d1-adb3a2beb56c,c4,DROP,1016,?,i5,
1769449993.6545649,SENT,8c40a0a4-2a0b-45ba-b53d-0c4b15de0a31,0931a77d-5f2a-44fe-ab27-91e3518e4cbb,c1,DROP,1007,?,i12,
1769449993.654604,FORWARDED,8c40a0a4-2a0b-45ba-b53d-0c4b15de0a31,0931a77d-5f2a-44fe-ab27-91e3518e4cbb,c1,DROP,1007,?,i12,
1769449993.725578,RECEIVED,3f4b4687-8e3c-41ce-997b-05eb0bf43ecf,aa103678-895a-4e83-8cf7-2cf6e37e49d7,c5,DROP,1448,p2,?,
1769449993.761396,SENT,d3e5d46a-6da7-4332-ab39-210d517ff845,d1d99bea-ccdb-47b4-ade8-7fe51f4351ec,c2,DROP,1004,?,i1,
1769449993.761436,FORWARDED,d3e5d46a-6da7-4332-ab39-210d517ff845,d1d99bea-ccdb-47b4-ade8-7fe51f4351ec,c2,DROP,1004,?,i1,
1769449993.8145752,SENT,4423291f-4e53-4750-b247-8c0357495baf,c813b832-1196-4220-8d86-9a2ae7f8f7bf,c2,DROP,1012,?,i4,
1769449993.8146186,FORWARDED,4423291f-4e53-4750-b247-8c0357495baf,c813b832-1196-4220-8d86-9a2ae7f8f7bf,c2,DROP,1012,?,i4,
1769449993.9226887,RECEIVED,b079c101-2f49-4bd9-a936-865e64c1c594,7de3d7ea-a258-4398-ad83-f62fa7eec28c,c3,DROP,1451,p3,?,
1769449994.0909424,RECEIVED,97f0e209-14ef-43f6-9710-638ea9dc109b,59952c0b-88bf-4d77-956a-20c7292b2d70,c4,DROP,1452,p1,?,
1769449994.1741645,RECEIVED,352474d5-c497-4627-b2c1-7f41a05bce82,95217587-8375-4329-80c0-2f90404259d1,c3,DROP,1452,p3,?,
1769449994.2282355,SENT,97f0e209-14ef-43f6-9710-638ea9dc109b,59952c0b-88bf-4d77-956a-20c7292b2d70,c4,DROP,1015,?,i7,
1769449994.228282,FORWARDED,97f0e209-14ef-43f6-9710-638ea9dc109b,59952c0b-88bf-4d77-956a-20c7292b2d70,c4,DROP,1015,?,i7,
1769449994.2418404,SENT,352474d5-c497-4627-b2c1-7f41a05bce82,95217587-8375-4329-80c0-2f90404259d1,c3,DROP,1017,?,i9,
1769449994.2418842,FORWARDED,352474d5-c497-4627-b2c1-7f41a05bce82,95217587-8375-4329-80c0-2f90404259d1,c3,DROP,1017,?,i9,
1769449994.3029273,RECEIVED,754a58b1-c56c-4333-8d2f-885c1ccb5f5b,c2f6fd0e-d8f4-4415-9311-52c4841ff008,c4,c5,2475,p1,?,
1769449994.5250142,SENT,3f4b4687-8e3c-41ce-997b-05eb0bf43ecf,aa103678-895a-4e83-8cf7-2cf6e37e49d7,c5,DROP,1012,?,i11,
1769449994.5250816,FORWARDED,3f4b4687-8e3c-41ce-997b-05eb0bf43ecf,aa103678-895a-4e83-8cf7-2cf6e37e49d7,c5,DROP,1012,?,i11,
1769449994.535205,SENT,99691a99-b5f8-4811-b30f-08db7483612b,9d644807-662e-40ab-9603-2cc3753d6c8c,c1,c3,1763,?,i8,
1769449994.5352466,FORWARDED,99691a99-b5f8-4811-b30f-08db7483612b,9d644807-662e-40ab-9603-2cc3753d6c8c,c1,c3,1763,?,i8,
1769449994.5766866,RECEIVED,b335f6d2-64e3-4027-a96f-1be07813708c,c51c987c-425b-4aca-9281-0fb1b3c5c7d6,c5,DROP,1447,p2,?,
1769449994.6119022,RECEIVED,d438b8e9-23c5-465c-92ab-ae4eddadd445,b52c7321-e34f-4c3d-b0e2-77b317b7f53f,c5,DROP,442,x12,?,
1769449994.6145923,RECEIVED,b889e118-9c9e-4c48-b161-657843227ef6,c5e0de0e-a932-46eb-bb5c-7882522801a4,c2,c1,2462,p2,?,
1769449994.628533,RECEIVED,c75869dc-4ead-4e68-a8e7-95a503d996fa,89370634-7735-4cf3-8432-1eb41c76f3fe,c1,DROP,1456,p1,?,
1769449994.7172165,SENT,b079c101-2f49-4bd9-a936-865e64c1c594,7de3d7ea-a258-4398-ad83-f62fa7eec28c,c3,DROP,1016,?,i1,
1769449994.7172585,FORWARDED,b079c101-2f49-4bd9-a936-865e64c1c594,7de3d7ea-a258-4398-ad83-f62fa7eec28c,c3,DROP,1016,?,i1,
1769449994.7417955,RECEIVED,1c950e65-374e-4fe9-8bba-f341e3437238,02d03585-4b51-445b-9272-450f00b41bfd,c5,c4,2463,p2,?,
1769449994.8529131,RECEIVED,a356770b-1534-4854-922d-7af56ef73a9e,bdfe9136-61db-448a-8df5-4b19fffbc6bc,c3,DROP,1451,p3,?,
1769449994.8823514,RECEIVED,10693ffe-ea02-43ab-b21e-7794b5565b24,34aacc32-6697-4ebd-9940-4d2d284feb95,c3,c5,2459,p3,?,
1769449994.9320083,RECEIVED,55cb1e70-4d54-42a3-8109-e62040358a9f,ae13964a-cbe1-4676-a675-81b754437e7f,c1,DROP,1441,p1,?,
1769449995.0173903,SENT,55cb1e70-4d54-42a3-8109-e62040358a9f,ae13964a-cbe1-4676-a675-81b754437e7f,c1,DROP,1007,?,i12,
1769449995.0174313,FORWARDED,55cb1e70-4d54-42a3-8109-e62040358a9f,ae13964a-cbe1-4676-a675-81b754437e7f,c1,DROP,1007,?,i12,
1769449995.0196362,SENT,c75869dc-4ead-4e68-a8e7-95a503d996fa,89370634-7735-4cf3-8432-1eb41c76f3fe,c1,DROP,1020,?,i10,
1769449995.0196755,FORWARDED,c75869dc-4ead-4e68-a8e7-95a503d996fa,89370634-7735-4cf3-8432-1eb41c76f3fe,c1,DROP,1020,?,i10,
1769449995.0768602,RECEIVED,1fe5f5b9-4e77-4648-a5a2-bd53221b08b4,cc567288-8b5e-4554-a9a6-810d820fccf3,c1,c3,2447,p1,?,
1769449995.0812738,SENT,1c950e65-374e-4fe9-8bba-f341e3437238,02d03585-4b51-445b-9272-450f00b41bfd,c5,c4,1776,?,i9,
1769449995.0813136,FORWARDED,1c950e65-374e-4fe9-8bba-f341e3437238,02d03585-4b51-445b-9272-450f00b41bfd,c5,c4,1776,?,i9,
1769449995.1346,SENT,b335f6d2-64e3-4027-a96f-1be07813708c,c51c987c-425b-4aca-9281-0fb1b3c5c7d6,c5,DROP,1012,?,i5,
1769449995.1346416,FORWARDED,b335f6d2-64e3-4027-a96f-1be07813708c,c51c987c-425b-4aca-9281-0fb1b3c5c7d6,c5,DROP,1012,?,i5,
1769449995.1884313,SENT,754a58b1-c56c-4333-8d2f-885c1ccb5f5b,c2f6fd0e-d8f4-4415-9311-52c4841ff008,c4,c5,1784,?,i2,
1769449995.188472,FORWARDED,754a58b1-c56c-4333-8d2f-885c1ccb5f5b,c2f6fd0e-d8f4-4415-9311-52c4841ff008,c4,c5,1784,?,i2,
1769449995.203732,SENT,10693ffe-ea02-43ab-b21e-7794b5565b24,34aacc32-6697-4ebd-9940-4d2d284feb95,c3,c5,1771,?,i4,
1769449995.2037709,FORWARDED,10693ffe-ea02-43ab-b21e-7794b5565b24,34aacc32-6697-4ebd-9940-4d2d284feb95,c3,c5,1771,?,i4,
1769449995.3568704,RECEIVED,2484dd41-ea71-4bbb-b629-26acf8468a38,f25d7100-b3ff-478b-817c-41cc62c89df5,c4,DROP,441,x6,?,
1769449995.6410005,SENT,1fe5f5b9-4e77-4648-a5a2-bd53221b08b4,cc567288-8b5e-4554-a9a6-810d820fccf3,c1,c3,1764,?,i6,
1769449995.6410422,FORWARDED,1fe5f5b9-4e77-4648-a5a2-bd53221b08b4,cc567288-8b5e-4554-a9a6-810d820fccf3,c1,c3,1764,?,i6,
1769449995.6448104,RECEIVED,092e38d3-9901-43ba-bf27-05c395bed3b2,3f090cee-e9ab-4157-9133-96cc2f304b13,c3,DROP,1440,p3,?,
1769449995.6908877,RECEIVED,4927bdcf-8346-41f0-9516-b67557ec9187,c404ed19-8fc7-4974-bf8f-de15a009985d,c4,c5,2463,p1,?,
1769449995.7263117,RECEIVED,b242f58f-50a4-439e-909e-263451af7300,628d7006-88a0-4f3f-8160-601f3bd9600f,c3,c5,2460,p3,?,
1769449995.8156965,RECEIVED,55cd4597-5ce0-4c5e-881b-90290d9aca69,7805f0fe-38ff-426d-b97c-6cbe3a5bb6f3,c3,c5,2463,p3,?,
1769449995.8600726,RECEIVED,fd2dc35b-6472-4411-a74c-6962e85a69c7,b0753018-c900-47e8-bed1-914d71f90f29,c5,c4,2464,p2,?,
1769449995.872138,RECEIVED,2a33dcec-bc1d-4767-a94c-b1c915300de8,d7898388-cbe1-4867-95c0-207061f308bc,c1,DROP,1435,p1,?,
1769449995.92184,RECEIVED,e51fd428-34d1-49cd-a235-f0c3f4517d5f,3e726690-2e72-4257-8788-afb7862626df,c4,DROP,1440,p1,?,
1769449995.9698348,SENT,092e38d3-9901-43ba-bf27-05c395bed3b2,3f090cee-e9ab-4157-9133-96cc2f304b13,c3,DROP,1007,?,i3,
1769449995.969877,FORWARDED,092e38d3-9901-43ba-bf27-05c395bed3b2,3f090cee-e9ab-4157-9133-96cc2f304b13,c3,DROP,1007,?,i3,
1769449995.995291,SENT,e51fd428-34d1-49cd-a235-f0c3f4517d5f,3e726690-2e72-4257-8788-afb7862626df,c4,DROP,1007,?,i7,
1769449995.995331,FORWARDED,e51fd428-34d1-49cd-a235-f0c3f4517d5f,3e726690-2e72-4257-8788-afb7862626df,c4,DROP,1007,?,i7,
1769449996.0121183,SENT,b242f58f-50a4-439e-909e-263451af7300,628d7006-88a0-4f3f-8160-601f3bd9600f,c3,c5,1772,?,i8,
1769449996.0121586,FORWARDED,b242f58f-50a4-439e-909e-263451af7300,628d7006-88a0-4f3f-8160-601f3bd9600f,c3,c5,1772,?,i8,
1769449996.0460587,RECEIVED,64c8dc01-5ddd-4e10-8b5a-8d69f28d9979,3e9159d4-6c1c-453d-8dc6-40394d5d4bc0,c3,c5,2443,p3,?,
1769449996.146662,SENT,fd2dc35b-6472-4411-a74c-6962e85a69c7,b0753018-c900-47e8-bed1-914d71f90f29,c5,c4,1776,?,i3,
1769449996.1467004,FORWARDED,fd2dc35b-6472-4411-a74c-6962e85a69c7,b0753018-c900-47e8-bed1-914d71f90f29,c5,c4,1776,?,i3,
1769449996.286399,SENT,2a33dcec-bc1d-4767-a94c-b1c915300de8,d7898388-cbe1-4867-95c0-207061f308bc,c1,DROP,1003,?,i5,
1769449996.286438,FORWARDED,2a33dcec-bc1d-4767-a94c-b1c915300de8,d7898388-cbe1-4867-95c0-207061f308bc,c1,DROP,1003,?,i5,
1769449996.3587592,SENT,a356770b-1534-4854-922d-7af56ef73a9e,bdfe9136-61db-448a-8df5-4b19fffbc6bc,c3,DROP,1016,?,i8,
1769449996.3588002,FORWARDED,a356770b-1534-4854-922d-7af56ef73a9e,bdfe9136-61db-448a-8df5-4b19fffbc6bc,c3,DROP,1016,?,i8,
1769449996.5083795,SENT,64c8dc01-5ddd-4e10-8b5a-8d69f28d9979,3e9159d4-6c1c-453d-8dc6-40394d5d4bc0,c3,c5,1760,?,i8,
1769449996.508418,FORWARDED,64c8dc01-5ddd-4e10-8b5a-8d69f28d9979,3e9159d4-6c1c-453d-8dc6-40394d5d4bc0,c3,c5,1760,?,i8,
1769449996.5333605,RECEIVED,268c6f54-5546-4df6-9338-8d9ad295e72e,a6e3857a-1009-4f62-b334-942ab27883ea,c4,c5,2476,p1,?,
1769449996.594037,SENT,4927bdcf-8346-41f0-9516-b67557ec9187,c404ed19-8fc7-4974-bf8f-de15a009985d,c4,c5,1775,?,i8,
1769449996.5941353,FORWARDED,4927bdcf-8346-41f0-9516-b67557ec9187,c404ed19-8fc7-4974-bf8f-de15a009985d,c4,c5,1775,?,i8,
1769449996.617894,SENT,55cd4597-5ce0-4c5e-881b-90290d9aca69,7805f0fe-38ff-426d-b97c-6cbe3a5bb6f3,c3,c5,1776,?,i6,
1769449996.6179373,FORWARDED,55cd4597-5ce0-4c5e-881b-90290d9aca69,7805f0fe-38ff-426d-b97c-6cbe3a5bb6f3,c3,c5,1776,?,i6,
1769449996.6746922,RECEIVED,dfbb59b4-c484-4a04-bf49-6939afbcc600,bc470632-b178-490e-953c-0671d2981aec,c1,DROP,1440,p1,?,
1769449996.7380443,RECEIVED,0b104e56-a954-4689-9ea1-d0843b87d4c6,5b092802-a39c-43ee-b4d0-1306051f3b61,c2,DROP,1439,p2,?,
1769449996.7748778,RECEIVED,677539e9-9a95-4ef6-a1d4-f0ace5376bae,a6ae68d5-16bd-4570-9699-f3ee3eb02b6b,c4,c5,2461,p1,?,
1769449996.7861054,RECEIVED,0f1d43e8-c27a-453c-a1f8-cc817d0dc30c,09e8127a-9e68-4a62-816c-d784f6f2ee33,c3,c5,2465,p3,?,
1769449996.788501,RECEIVED,2f98e61c-16a2-490b-adc4-26b93f850aef,712e0044-fe87-402a-b0af-36ce9e9d2611,c1,c3,2452,p1,?,
1769449996.8224885,SENT,677539e9-9a95-4ef6-a1d4-f0ace5376bae,a6ae68d5-16bd-4570-9699-f3ee3eb02b6b,c4,c5,1772,?,i5,
1769449996.8225396,FORWARDED,677539e9-9a95-4ef6-a1d4-f0ace5376bae,a6ae68d5-16bd-4570-9699-f3ee3eb02b6b,c4,c5,1772,?,i5,
1769449996.8254142,SENT,0f1d43e8-c27a-453c-a1f8-cc817d0dc30c,09e8127a-9e68-4a62-816c-d784f6f2ee33,c3,c5,1775,?,i9,
1769449996.825455,FORWARDED,0f1d43e8-c27a-453c-a1f8-cc817d0dc30c,09e8127a-9e68-4a62-816c-d784f6f2ee33,c3,c5,1775,?,i9,
1769449996.908495,SENT,dfbb59b4-c484-4a04-bf49-6939afbcc600,bc470632-b178-490e-953c-0671d2981aec,c1,DROP,1008,?,i7,
1769449996.908536,FORWARDED,dfbb59b4-c484-4a04-bf49-6939afbcc600,bc470632-b178-490e-953c-0671d2981aec,c1,DROP,1008,?,i7,
1769449997.043949,SENT,0b104e56-a954-4689-9ea1-d0843b87d4c6,5b092802-a39c-43ee-b4d0-1306051f3b61,c2,DROP,1007,?,i3,
1769449997.0439918,FORWARDED,0b104e56-a954-4689-9ea1-d0843b87d4c6,5b092802-a39c-43ee-b4d0-1306051f3b61,c2,DROP,1007,?,i3,
1769449997.1047688,RECEIVED,fc440e59-d024-4877-ad63-28191581fe9d,23e105e0-6af4-42e6-9491-80340e5f9dd0,c2,DROP,441,x1,?,
1769449997.3283868,SENT,268c6f54-5546-4df6-9338-8d9ad295e72e,a6e3857a-1009-4f62-b334-942ab27883ea,c4,c5,1784,?,i11,
1769449997.328428,FORWARDED,268c6f54-5546-4df6-9338-8d9ad295e72e,a6e3857a-1009-4f62-b334-942ab27883ea,c4,c5,1784,?,i11,
1769449997.4183981,SENT,2f98e61c-16a2-490b-adc4-26b93f850aef,712e0044-fe87-402a-b0af-36ce9e9d2611,c1,c3,1765,?,i11,
1769449997.4184332,FORWARDED,2f98e61c-16a2-490b-adc4-26b93f850aef,712e0044-fe87-402a-b0af-36ce9e9d2611,c1,c3,1765,?,i11,
1769449997.6707726,RECEIVED,fb92f282-6d84-4a73-9dbd-7340b6cd1d98,8695dfe2-22f0-4495-a48c-3cc8800ddc2f,c3,DROP,1443,p3,?,
1769449997.696407,RECEIVED,51c95ad2-ac1e-401c-b5df-06fe8a1587fd,e63a7414-43d4-40e6-920e-ae8a3cd9aa29,c4,c5,2463,p1,?,
1769449998.0494518,SENT,b889e118-9c9e-4c48-b161-657843227ef6,c5e0de0e-a932-46eb-bb5c-7882522801a4,c2,c1,1776,?,i3,
1769449998.0494926,FORWARDED,b889e118-9c9e-4c48-b161-657843227ef6,c5e0de0e-a932-46eb-bb5c-7882522801a4,c2,c1,1776,?,i3,
1769449998.292707,SENT,fb92f282-6d84-4a73-9dbd-7340b6cd1d98,8695dfe2-22f0-4495-a48c-3cc8800ddc2f,c3,DROP,1010,?,i1,
1769449998.292743,FORWARDED,fb92f282-6d84-4a73-9dbd-7340b6cd1d98,8695dfe2-22f0-4495-a48c-3cc8800ddc2f,c3,DROP,1010,?,i1,
1769449998.4091263,RECEIVED,6d07ca72-abe9-4bc2-9ed5-46e19316caec,5b5390cb-63fa-478a-af17-dd45a2f5fc50,c4,c5,2475,p1,?,
1769449998.4584203,RECEIVED,03ec45a4-262c-41b4-8230-d87843537cdb,4c95a56b-92a0-457d-b4d9-1706503cdaaf,c5,c4,2480,p2,?,
1769449998.4822001,RECEIVED,03ce1dcf-c6af-451f-bdbf-eed4a2111e36,b731ba1f-52a2-4b68-ae4b-7d55498b0ce4,c4,DROP,445,x12,?,
1769449998.5367677,RECEIVED,b55cbd03-31ac-44b6-a98b-65c7869af77d,6a63a43a-c93c-4001-84ad-476ac0570aaa,c4,c5,2459,p1,?,
1769449998.6549132,SENT,51c95ad2-ac1e-401c-b5df-06fe8a1587fd,e63a7414-43d4-40e6-920e-ae8a3cd9aa29,c4,c5,1776,?,i4,
1769449998.654956,FORWARDED,51c95ad2-ac1e-401c-b5df-06fe8a1587fd,e63a7414-43d4-40e6-920e-ae8a3cd9aa29,c4,c5,1776,?,i4,
1769449998.7261515,SENT,6d07ca72-abe9-4bc2-9ed5-46e19316caec,5b5390cb-63fa-478a-af17-dd45a2f5fc50,c4,c5,1783,?,i2,
1769449998.726205,FORWARDED,6d07ca72-abe9-4bc2-9ed5-46e19316caec,5b5390cb-63fa-478a-af17-dd45a2f5fc50,c4,c5,1783,?,i2,
1769449998.8400702,SENT,03ec45a4-262c-41b4-8230-d87843537cdb,4c95a56b-92a0-457d-b4d9-1706503cdaaf,c5,c4,1788,?,i1,
1769449998.8401134,FORWARDED,03ec45a4-262c-41b4-8230-d87843537cdb,4c95a56b-92a0-457d-b4d9-1706503cdaaf,c5,c4,1788,?,i1,
1769449999.0025883,RECEIVED,70ec6a63-54dd-41d6-a878-f53ab64cf88c,7b6d8160-f88a-4c84-9a99-86f2aa5a1aaf,c2,DROP,1446,p2,?,
1769449999.0565581,SENT,70ec6a63-54dd-41d6-a878-f53ab64cf88c,7b6d8160-f88a-4c84-9a99-86f2aa5a1aaf,c2,DROP,1011,?,i10,
1769449999.056598,FORWARDED,70ec6a63-54dd-41d6-a878-f53ab64cf88c,7b6d8160-f88a-4c84-9a99-86f2aa5a1aaf,c2,DROP,1011,?,i10,
1769449999.089539,SENT,b55cbd03-31ac-44b6-a98b-65c7869af77d,6a63a43a-c93c-4001-84ad-476ac0570aaa,c4,c5,1771,?,i8,
1769449999.0895796,FORWARDED,b55cbd03-31ac-44b6-a98b-65c7869af77d,6a63a43a-c93c-4001-84ad-476ac0570aaa,c4,c5,1771,?,i8,
1769449999.0906825,RECEIVED,7a034962-728a-4a2d-91ea-2e9c8a3e57f2,80cc0ef8-4e51-4485-9a17-b688922c63c7,c1,DROP,1447,p1,?,
1769449999.1188455,RECEIVED,f7097287-631c-4e2c-b8f8-7dd404d3319d,af77bc90-0278-4f87-a9bd-db154ef940ee,c3,c5,2465,p3,?,
1769449999.1327417,RECEIVED,de594518-5869-4364-8e77-325f9af4efa5,572bc2a8-e49f-4591-b7ca-2c1aa78e3476,c4,c5,2455,p1,?,
1769449999.2052898,SENT,f7097287-631c-4e2c-b8f8-7dd404d3319d,af77bc90-0278-4f87-a9bd-db154ef940ee,c3,c5,1775,?,i9,
1769449999.2053256,FORWARDED,f7097287-631c-4e2c-b8f8-7dd404d3319d,af77bc90-0278-4f87-a9bd-db154ef940ee,c3,c5,1775,?,i9,
1769449999.2060177,RECEIVED,86fcfb48-d1ff-4a7a-b1e8-4d1f8cd42b37,6ebb3ce4-460b-416a-8f57-89595c33f3de,c4,DROP,437,x9,?,
1769449999.3122833,RECEIVED,fd7008dd-7eb4-4699-8841-7364083dfd85,85c6919d-d87c-4b97-a82e-a30d249a1adb,c2,DROP,1452,p2,?,
1769449999.5013506,RECEIVED,7e23858d-aa30-4683-be72-a396fa61cf63,d1e8c9e4-13c2-4036-afbf-52ccf74130cd,c3,DROP,1451,p3,?,
1769449999.539308,RECEIVED,af12751f-6a02-47e0-bc6f-d5f9426686eb,bd3d5439-9918-41bf-a9ee-c78fa5a554cf,c1,DROP,1440,p1,?,
1769449999.6396832,RECEIVED,6f2877df-8589-4a5c-9610-427d7d8110e7,28e83f5a-aff9-460e-9b68-71caf7dd3ea1,c2,c1,2447,p2,?,
1769449999.744998,SENT,de594518-5869-4364-8e77-325f9af4efa5,572bc2a8-e49f-4591-b7ca-2c1aa78e3476,c4,c5,1769,?,i2,
1769449999.7450378,FORWARDED,de594518-5869-4364-8e77-325f9af4efa5,572bc2a8-e49f-4591-b7ca-2c1aa78e3476,c4,c5,1769,?,i2,
1769449999.7882013,SENT,fd7008dd-7eb4-4699-8841-7364083dfd85,85c6919d-d87c-4b97-a82e-a30d249a1adb,c2,DROP,1015,?,i10,
1769449999.788244,FORWARDED,fd7008dd-7eb4-4699-8841-7364083dfd85,85c6919d-d87c-4b97-a82e-a30d249a1adb,c2,DROP,1015,?,i10,
1769449999.8125255,RECEIVED,afe9b36f-3c8b-413d-a790-66cf744032ef,ba975c4b-bebb-4ac0-90c0-094aa4c0e5e9,c2,c1,2463,p2,?,
1769449999.8452394,SENT,af12751f-6a02-47e0-bc6f-d5f9426686eb,bd3d5439-9918-41bf-a9ee-c78fa5a554cf,c1,DROP,1008,?,i1,
1769449999.8452816,FORWARDED,af12751f-6a02-47e0-bc6f-d5f9426686eb,bd3d5439-9918-41bf-a9ee-c78fa5a554cf,c1,DROP,1008,?,i1,
1769449999.9142985,SENT,7e23858d-aa30-4683-be72-a396fa61cf63,d1e8c9e4-13c2-4036-afbf-52ccf74130cd,c3,DROP,1017,?,i2,
1769449999.9143398,FORWARDED,7e23858d-aa30-4683-be72-a396fa61cf63,d1e8c9e4-13c2-4036-afbf-52ccf74130cd,c3,DROP,1017,?,i2,
1769450000.033924,RECEIVED,cca3669c-b38c-4dc7-8298-7f00f5e01549,b093d965-507a-4fc5-a806-73a0dd8e0fd4,c1,c3,2474,p1,?,
1769450000.0486295,RECEIVED,a3b45b2d-045c-4218-b940-d301ca36c381,1848fa0c-4fc0-4a17-8cfa-a4666fd44f3e,c1,DROP,1453,p1,?,
1769450000.0677536,SENT,cca3669c-b38c-4dc7-8298-7f00f5e01549,b093d965-507a-4fc5-a806-73a0dd8e0fd4,c1,c3,1780,?,i8,
1769450000.0677955,FORWARDED,cca3669c-b38c-4dc7-8298-7f00f5e01549,b093d965-507a-4fc5-a806-73a0dd8e0fd4,c1,c3,1780,?,i8,
1769450000.0717523,SENT,7a034962-728a-4a2d-91ea-2e9c8a3e57f2,80cc0ef8-4e51-4485-9a17-b688922c63c7,c1,DROP,1012,?,i8,
1769450000.0717945,FORWARDED,7a034962-728a-4a2d-91ea-2e9c8a3e57f2,80cc0ef8-4e51-4485-9a17-b688922c63c7,c1,DROP,1012,?,i8,
1769450000.0882962,RECEIVED,7c573498-3b00-4e09-a275-25d8b2b6ad06,6b1d79db-e5b5-40e7-b28c-3b14f3cd9e9e,c5,DROP,1440,p2,?,
1769450000.2461355,SENT,7c573498-3b00-4e09-a275-25d8b2b6ad06,6b1d79db-e5b5-40e7-b28c-3b14f3cd9e9e,c5,DROP,1008,?,i12,
1769450000.246175,FORWARDED,7c573498-3b00-4e09-a275-25d8b2b6ad06,6b1d79db-e5b5-40e7-b28c-3b14f3cd9e9e,c5,DROP,1008,?,i12,
1769450000.341574,SENT,afe9b36f-3c8b-413d-a790-66cf744032ef,ba975c4b-bebb-4ac0-90c0-094aa4c0e5e9,c2,c1,1775,?,i5,
1769450000.341614,FORWARDED,afe9b36f-3c8b-413d-a790-66cf744032ef,ba975c4b-bebb-4ac0-90c0-094aa4c0e5e9,c2,c1,1775,?,i5,
1769450000.3749568,SENT,a3b45b2d-045c-4218-b940-d301ca36c381,1848fa0c-4fc0-4a17-8cfa-a4666fd44f3e,c1,DROP,1015,?,i11,
1769450000.3749967,FORWARDED,a3b45b2d-045c-4218-b940-d301ca36c381,1848fa0c-4fc0-4a17-8cfa-a4666fd44f3e,c1,DROP,1015,?,i11,
1769450000.4518557,RECEIVED,44340920-e90e-4fa2-9e1b-83f11b070fd6,43a852a7-16b9-4bff-aaae-958d27523627,c2,DROP,441,x12,?,
1769450000.4523559,RECEIVED,4ccf243e-1e27-4fe2-a744-d0e770137491,56de2c13-f31b-4510-9a7b-1bdd74975cb5,c3,DROP,442,x1,?,
1769450000.4700744,RECEIVED,4cba33db-218a-472c-85b7-a795ab4c4193,2224eed2-2551-465e-848e-d858a6efeb2d,c1,DROP,1452,p1,?,
1769450000.5466444,RECEIVED,f8bd317c-7865-4e7b-a904-3bc4a64b1e68,87fa3196-6a31-494f-ae56-5ae4f7bb94fc,c2,c1,2461,p2,?,
1769450000.5802944,SENT,f8bd317c-7865-4e7b-a904-3bc4a64b1e68,87fa3196-6a31-494f-ae56-5ae4f7bb94fc,c2,c1,1772,?,i7,
1769450000.5803356,FORWARDED,f8bd317c-7865-4e7b-a904-3bc4a64b1e68,87fa3196-6a31-494f-ae56-5ae4f7bb94fc,c2,c1,1772,?,i7,
1769450000.593265,RECEIVED,88646b0f-3677-448d-87a9-d5bb99ddd515,34f94c39-212a-47a3-bcb8-3411f3ce300d,c1,DROP,442,x8,?,
1769450000.6177304,RECEIVED,09f8f06a-99b4-4a8c-8681-91bbae3e9489,346aaa7e-436d-4cda-aef8-787b122727f8,c3,DROP,1443,p3,?,
1769450000.6782846,SENT,4cba33db-218a-472c-85b7-a795ab4c4193,2224eed2-2551-465e-848e-d858a6efeb2d,c1,DROP,1015,?,i5,
1769450000.6783245,FORWARDED,4cba33db-218a-472c-85b7-a795ab4c4193,2224eed2-2551-465e-848e-d858a6efeb2d,c1,DROP,1015,?,i5,
1769450001.0095057,SENT,6f2877df-8589-4a5c-9610-427d7d8110e7,28e83f5a-aff9-460e-9b68-71caf7dd3ea1,c2,c1,1764,?,i4,
1769450001.0095456,FORWARDED,6f2877df-8589-4a5c-9610-427d7d8110e7,28e83f5a-aff9-460e-9b68-71caf7dd3ea1,c2,c1,1764,?,i4,
1769450001.0826797,RECEIVED,2bc61483-8a8b-4912-a25f-c341f8c2f669,2b551b88-403c-4a93-8955-211a8f2e6788,c2,c1,2463,p2,?,
1769450001.3270817,SENT,09f8f06a-99b4-4a8c-8681-91bbae3e9489,346aaa7e-436d-4cda-aef8-787b122727f8,c3,DROP,1011,?,i2,
1769450001.3271208,FORWARDED,09f8f06a-99b4-4a8c-8681-91bbae3e9489,346aaa7e-436d-4cda-aef8-787b122727f8,c3,DROP,1011,?,i2,
1769450001.4941933,RECEIVED,ddcfe4d3-adad-4291-aa07-fa27147e681f,0a0503ef-1709-4967-aacb-c591a60b81ab,c4,DROP,1437,p1,?,
1769450001.6889694,SENT,ddcfe4d3-adad-4291-aa07-fa27147e681f,0a0503ef-1709-4967-aacb-c591a60b81ab,c4,DROP,1003,?,i10,
1769450001.6890116,FORWARDED,ddcfe4d3-adad-4291-aa07-fa27147e681f,0a0503ef-1709-4967-aacb-c591a60b81ab,c4,DROP,1003,?,i10,
1769450001.7985647,RECEIVED,4498ace9-31fa-4926-9d5a-2b31eb322ed7,d52bd449-6bc9-4112-9f46-d1e4acd38915,c2,DROP,444,x11,?,
1769450001.8440835,RECEIVED,eae09ec3-5b0d-4272-8808-9f612d938c8b,f661456e-457c-42da-912c-03e45755ab18,c5,DROP,1452,p2,?,
1769450002.0741503,SENT,eae09ec3-5b0d-4272-8808-9f612d938c8b,f661456e-457c-42da-912c-03e45755ab18,c5,DROP,1015,?,i3,
1769450002.0741947,FORWARDED,eae09ec3-5b0d-4272-8808-9f612d938c8b,f661456e-457c-42da-912c-03e45755ab18,c5,DROP,1015,?,i3,
1769450002.5692985,RECEIVED,3caf1fab-9c66-4c09-a831-9606005ae5fe,06ad426c-2ddc-4656-b4e7-b3ad782dc6dd,c3,c5,2477,p3,?,
1769450002.5754063,RECEIVED,034d24a3-dc55-456d-a098-f214805ae93f,afa4ff0b-1a9e-4200-a90b-3427b5bfecfb,c4,c5,2458,p1,?,
1769450002.7250986,RECEIVED,71bfc735-8fc0-4341-8edf-66b394c6beca,53b6b94d-1291-4ca2-8c13-e217a9070f2a,c1,DROP,1442,p1,?,
1769450002.7988672,SENT,71bfc735-8fc0-4341-8edf-66b394c6beca,53b6b94d-1291-4ca2-8c13-e217a9070f2a,c1,DROP,1008,?,i12,
1769450002.7989202,FORWARDED,71bfc735-8fc0-4341-8edf-66b394c6beca,53b6b94d-1291-4ca2-8c13-e217a9070f2a,c1,DROP,1008,?,i12,
1769450002.804912,SENT,2bc61483-8a8b-4912-a25f-c341f8c2f669,2b551b88-403c-4a93-8955-211a8f2e6788,c2,c1,1776,?,i10,
1769450002.804954,FORWARDED,2bc61483-8a8b-4912-a25f-c341f8c2f669,2b551b88-403c-4a93-8955-211a8f2e6788,c2,c1,1776,?,i10,
1769450002.8673384,SENT,034d24a3-dc55-456d-a098-f214805ae93f,afa4ff0b-1a9e-4200-a90b-3427b5bfecfb,c4,c5,1771,?,i4,
1769450002.8673754,FORWARDED,034d24a3-dc55-456d-a098-f214805ae93f,afa4ff0b-1a9e-4200-a90b-3427b5bfecfb,c4,c5,1771,?,i4,
1769450002.959373,RECEIVED,16bd9336-b0b9-48e3-9d54-4e6a71432e36,7d374175-3f7a-403c-a3d1-7758a40175eb,c5,DROP,1452,p2,?,
1769450003.0680757,SENT,3caf1fab-9c66-4c09-a831-9606005ae5fe,06ad426c-2ddc-4656-b4e7-b3ad782dc6dd,c3,c5,1784,?,i12,
1769450003.0681818,FORWARDED,3caf1fab-9c66-4c09-a831-9606005ae5fe,06ad426c-2ddc-4656-b4e7-b3ad782dc6dd,c3,c5,1784,?,i12,
1769450003.13474,RECEIVED,52969b16-d910-4206-81fb-a68c363687eb,b946ed98-8208-49f5-a097-25be24acbacf,c3,c5,2467,p3,?,
1769450003.379357,RECEIVED,8cab9f23-c694-432e-b87b-845ba082cadd,390cc7e4-3ecb-4b74-8198-fff81c3f681e,c2,DROP,1449,p2,?,
1769450003.4183877,SENT,16bd9336-b0b9-48e3-9d54-4e6a71432e36,7d374175-3f7a-403c-a3d1-7758a40175eb,c5,DROP,1016,?,i5,
1769450003.418429,FORWARDED,16bd9336-b0b9-48e3-9d54-4e6a71432e36,7d374175-3f7a-403c-a3d1-7758a40175eb,c5,DROP,1016,?,i5,
1769450003.441881,SENT,8cab9f23-c694-432e-b87b-845ba082cadd,390cc7e4-3ecb-4b74-8198-fff81c3f681e,c2,DROP,1012,?,i1,
1769450003.4419186,FORWARDED,8cab9f23-c694-432e-b87b-845ba082cadd,390cc7e4-3ecb-4b74-8198-fff81c3f681e,c2,DROP,1012,?,i1,
1769450003.6196256,RECEIVED,f15fcd94-b67f-483e-b1ca-efe455900b22,49e2c49b-dd69-44f2-9a3b-738b782e4c85,c2,DROP,1452,p2,?,
1769450003.856081,RECEIVED,ea69469b-aff2-406c-ba6d-9fdf132b1793,516ef633-80a4-4cf5-a8b6-e62d47fb5904,c2,DROP,441,x5,?,
1769450003.8982978,SENT,f15fcd94-b67f-483e-b1ca-efe455900b22,49e2c49b-dd69-44f2-9a3b-738b782e4c85,c2,DROP,1015,?,i3,
1769450003.898342,FORWARDED,f15fcd94-b67f-483e-b1ca-efe455900b22,49e2c49b-dd69-44f2-9a3b-738b782e4c85,c2,DROP,1015,?,i3,
1769450004.074536,SENT,52969b16-d910-4206-81fb-a68c363687eb,b946ed98-8208-49f5-a097-25be24acbacf,c3,c5,1779,?,i1,
1769450004.0745769,FORWARDED,52969b16-d910-4206-81fb-a68c363687eb,b946ed98-8208-49f5-a097-25be24acbacf,c3,c5,1779,?,i1,
1769450004.2043746,RECEIVED,34bfa6a6-a029-4e32-a359-7a8f46b91812,31f78641-ddcb-48b2-9f7a-fd3e2db20368,c2,DROP,443,x6,?,
1769450004.2113998,RECEIVED,8cdfa5e3-8f1f-4c1f-994c-e3810b65da50,12d324ed-2b97-455b-b7b6-11e27fc321d4,c5,DROP,442,x6,?,
1769450004.3093452,RECEIVED,8b2fed90-9c16-4129-85ca-8edcaf67c336,08846950-c4a6-4300-b46b-e659b8d4b49e,c5,DROP,1448,p2,?,
1769450004.4626334,RECEIVED,486e5fde-f594-43fb-99f3-1627d4845368,70634e09-e6d7-4ba4-8ef7-f68c3277b130,c3,c5,2463,p3,?,
1769450004.5621512,SENT,8b2fed90-9c16-4129-85ca-8edcaf67c336,08846950-c4a6-4300-b46b-e659b8d4b49e,c5,DROP,1012,?,i1,
1769450004.5623112,FORWARDED,8b2fed90-9c16-4129-85ca-8edcaf67c336,08846950-c4a6-4300-b46b-e659b8d4b49e,c5,DROP,1012,?,i1,
1769450004.5749722,RECEIVED,d549355c-c1db-48ad-9311-d2f26dd28cab,711e0985-d261-45ee-9348-c8b9cda16b9f,c2,DROP,1451,p2,?,
1769450004.593365,RECEIVED,fa286d51-5efd-409a-aaa4-59c499691c94,e6334304-5116-4df7-ab46-0c557db09e83,c4,DROP,441,x3,?,
1769450004.6501768,SENT,486e5fde-f594-43fb-99f3-1627d4845368,70634e09-e6d7-4ba4-8ef7-f68c3277b130,c3,c5,1774,?,i4,
1769450004.6502185,FORWARDED,486e5fde-f594-43fb-99f3-1627d4845368,70634e09-e6d7-4ba4-8ef7-f68c3277b130,c3,c5,1774,?,i4,
1769450004.8291347,SENT,d549355c-c1db-48ad-9311-d2f26dd28cab,711e0985-d261-45ee-9348-c8b9cda16b9f,c2,DROP,1015,?,i9,
1769450004.829179,FORWARDED,d549355c-c1db-48ad-9311-d2f26dd28cab,711e0985-d261-45ee-9348-c8b9cda16b9f,c2,DROP,1015,?,i9,
1769450004.9399688,RECEIVED,1be86ccf-88fe-4615-a156-83b01ea8ccdc,bbb1cb78-db00-4b8c-bf47-f34a14f39d5c,c4,c5,2449,p1,?,
1769450005.0253484,RECEIVED,4f3580ca-57db-4788-9c6f-44d5a596ec71,ef79ada6-1234-426d-ae47-8a1ddf429afc,c4,c5,2473,p1,?,
1769450005.0363371,SENT,1be86ccf-88fe-4615-a156-83b01ea8ccdc,bbb1cb78-db00-4b8c-bf47-f34a14f39d5c,c4,c5,1763,?,i6,
1769450005.03638,FORWARDED,1be86ccf-88fe-4615-a156-83b01ea8ccdc,bbb1cb78-db00-4b8c-bf47-f34a14f39d5c,c4,c5,1763,?,i6,
1769450005.3606484,RECEIVED,f9601c1e-fa66-4cf3-b118-a7d6370b56c4,fc84a0a1-d47d-4c42-89c9-390a78665444,c2,DROP,442,x9,?,
1769450005.3915265,SENT,4f3580ca-57db-4788-9c6f-44d5a596ec71,ef79ada6-1234-426d-ae47-8a1ddf429afc,c4,c5,1780,?,i11,
1769450005.391563,FORWARDED,4f3580ca-57db-4788-9c6f-44d5a596ec71,ef79ada6-1234-426d-ae47-8a1ddf429afc,c4,c5,1780,?,i11,
1769450006.2366245,RECEIVED,78d08722-9a9a-41c9-af5f-ba61f64a378e,204560a9-158e-442f-bb83-b7380f87fbdb,c2,DROP,1457,p2,?,
1769450006.2595763,RECEIVED,647ed0e7-bb5e-4023-94a7-1dfb7da51272,3cff8cb5-7689-41e3-9ad5-4f2eb76eb4e4,c2,c1,2464,p2,?,
1769450006.3471231,SENT,647ed0e7-bb5e-4023-94a7-1dfb7da51272,3cff8cb5-7689-41e3-9ad5-4f2eb76eb4e4,c2,c1,1775,?,i9,
1769450006.3471708,FORWARDED,647ed0e7-bb5e-4023-94a7-1dfb7da51272,3cff8cb5-7689-41e3-9ad5-4f2eb76eb4e4,c2,c1,1775,?,i9,
1769450006.3801816,SENT,78d08722-9a9a-41c9-af5f-ba61f64a378e,204560a9-158e-442f-bb83-b7380f87fbdb,c2,DROP,1020,?,i11,
1769450006.3802223,FORWARDED,78d08722-9a9a-41c9-af5f-ba61f64a378e,204560a9-158e-442f-bb83-b7380f87fbdb,c2,DROP,1020,?,i11,
1769450006.5552683,RECEIVED,a9ee6d5b-167c-4d6a-be86-fe93f6b2a378,ee4f996c-1910-4916-bd9d-e547aa9f5d01,c4,DROP,1457,p1,?,
1769450006.6562366,SENT,a9ee6d5b-167c-4d6a-be86-fe93f6b2a378,ee4f996c-1910-4916-bd9d-e547aa9f5d01,c4,DROP,1019,?,i10,
1769450006.6562774,FORWARDED,a9ee6d5b-167c-4d6a-be86-fe93f6b2a378,ee4f996c-1910-4916-bd9d-e547aa9f5d01,c4,DROP,1019,?,i10,
1769450006.7531953,RECEIVED,6ac46f66-85ac-4f84-990e-ccaac0dd84f0,031654df-ea8a-4242-a525-c3410ac2f306,c3,DROP,1440,p3,?,
1769450006.8377984,RECEIVED,81fb3ec3-72a6-47fc-8cf3-8f9aa71e106f,15497580-a02a-4421-9dca-3d95ca97e2cc,c5,c4,2472,p2,?,
1769450006.8645136,RECEIVED,b8e7a913-0bcc-4287-b259-eaa51d2f340f,54513f3a-c6e1-4917-b85c-dc8fd7d694a4,c3,DROP,1440,p3,?,
1769450006.884929,SENT,6ac46f66-85ac-4f84-990e-ccaac0dd84f0,031654df-ea8a-4242-a525-c3410ac2f306,c3,DROP,1007,?,i4,
1769450006.8849707,FORWARDED,6ac46f66-85ac-4f84-990e-ccaac0dd84f0,031654df-ea8a-4242-a525-c3410ac2f306,c3,DROP,1007,?,i4,
1769450006.887837,RECEIVED,737a0538-417c-4ca1-8b23-88c26bd30e43,964fbf3e-5890-464b-b30d-c69d851f3d28,c5,DROP,1457,p2,?,
1769450006.9327393,RECEIVED,7f04ba3b-5dd6-481f-8047-fb98fd2b29ba,6dcea06c-f74e-4955-bb9a-33a945b4bb33,c5,DROP,1451,p2,?,
1769450006.952707,SENT,b8e7a913-0bcc-4287-b259-eaa51d2f340f,54513f3a-c6e1-4917-b85c-dc8fd7d694a4,c3,DROP,1008,?,i6,
1769450006.9527476,FORWARDED,b8e7a913-0bcc-4287-b259-eaa51d2f340f,54513f3a-c6e1-4917-b85c-dc8fd7d694a4,c3,DROP,1008,?,i6,
1769450007.0237222,SENT,81fb3ec3-72a6-47fc-8cf3-8f9aa71e106f,15497580-a02a-4421-9dca-3d95ca97e2cc,c5,c4,1780,?,i2,
1769450007.0237644,FORWARDED,81fb3ec3-72a6-47fc-8cf3-8f9aa71e106f,15497580-a02a-4421-9dca-3d95ca97e2cc,c5,c4,1780,?,i2,
1769450007.1376178,SENT,737a0538-417c-4ca1-8b23-88c26bd30e43,964fbf3e-5890-464b-b30d-c69d851f3d28,c5,DROP,1020,?,i11,
1769450007.1376603,FORWARDED,737a0538-417c-4ca1-8b23-88c26bd30e43,964fbf3e-5890-464b-b30d-c69d851f3d28,c5,DROP,1020,?,i11,
1769450007.1611886,RECEIVED,1dd50252-bada-4e1f-b5f5-47bf86f96c5f,92e23c0b-8528-4711-8acd-ed489de90904,c3,DROP,1448,p3,?,
1769450007.2826664,SENT,1dd50252-bada-4e1f-b5f5-47bf86f96c5f,92e23c0b-8528-4711-8acd-ed489de90904,c3,DROP,1012,?,i3,
1769450007.2827063,FORWARDED,1dd50252-bada-4e1f-b5f5-47bf86f96c5f,92e23c0b-8528-4711-8acd-ed489de90904,c3,DROP,1012,?,i3,
1769450007.335214,RECEIVED,d1eeb8c1-412b-4878-b2d0-fe4155482445,27c14dc1-bd92-43dc-9e43-23f776cf68da,c4,DROP,1439,p1,?,
1769450007.5143044,SENT,d1eeb8c1-412b-4878-b2d0-fe4155482445,27c14dc1-bd92-43dc-9e43-23f776cf68da,c4,DROP,1007,?,i12,
1769450007.514346,FORWARDED,d1eeb8c1-412b-4878-b2d0-fe4155482445,27c14dc1-bd92-43dc-9e43-23f776cf68da,c4,DROP,1007,?,i12,
1769450007.5668209,RECEIVED,045b6b25-a392-478c-b95a-370dc7bb01fa,3c5f08c7-3ab4-4905-8fa4-1b377bb5a437,c2,DROP,441,x6,?,
1769450007.7752192,RECEIVED,9e1c324c-9825-430e-82b3-79f687f413ba,19934430-d7e0-4614-9a58-99142178dc74,c4,DROP,1448,p1,?,
1769450007.8191578,SENT,9e1c324c-9825-430e-82b3-79f687f413ba,19934430-d7e0-4614-9a58-99142178dc74,c4,DROP,1012,?,i4,
1769450007.8191943,FORWARDED,9e1c324c-9825-430e-82b3-79f687f413ba,19934430-d7e0-4614-9a58-99142178dc74,c4,DROP,1012,?,i4,
1769450007.9009678,RECEIVED,214cfe50-aa31-4a3d-9e64-244dbe621f0b,37383f43-446b-40b4-8a58-987edbef38a7,c3,DROP,1443,p3,?,
1769450007.9503667,SENT,7f04ba3b-5dd6-481f-8047-fb98fd2b29ba,6dcea06c-f74e-4955-bb9a-33a945b4bb33,c5,DROP,1017,?,i10,
1769450007.950416,FORWARDED,7f04ba3b-5dd6-481f-8047-fb98fd2b29ba,6dcea06c-f74e-4955-bb9a-33a945b4bb33,c5,DROP,1017,?,i10,
1769450007.9962726,RECEIVED,f4954a7c-f301-47b5-a85d-73fb62771c59,738d3e98-44b7-4c3a-86b0-a494ef4a2a9a,c1,c3,2465,p1,?,
1769450008.0846336,SENT,f4954a7c-f301-47b5-a85d-73fb62771c59,738d3e98-44b7-4c3a-86b0-a494ef4a2a9a,c1,c3,1776,?,i11,
1769450008.084675,FORWARDED,f4954a7c-f301-47b5-a85d-73fb62771c59,738d3e98-44b7-4c3a-86b0-a494ef4a2a9a,c1,c3,1776,?,i11,
1769450008.1793826,SENT,214cfe50-aa31-4a3d-9e64-244dbe621f0b,37383f43-446b-40b4-8a58-987edbef38a7,c3,DROP,1010,?,i5,
1769450008.1794183,FORWARDED,214cfe50-aa31-4a3d-9e64-244dbe621f0b,37383f43-446b-40b4-8a58-987edbef38a7,c3,DROP,1010,?,i5,
1769450008.5533345,RECEIVED,efa5a629-2523-4024-8db5-c0d4d4bb1029,8c677b51-373e-4cdb-8278-64f5318ab77d,c5,DROP,1439,p2,?,
1769450008.603916,RECEIVED,cf2908ce-a9de-4f61-902d-374588a21c60,dc3c09cc-e9ce-485b-98c3-b2620e8d8f2a,c1,DROP,1441,p1,?,
1769450008.7933216,RECEIVED,ae03bad2-96ef-44f5-9b29-57f9c4e5a49d,d0a7bfb0-64bc-4a70-a4c3-3c0b496b5861,c4,DROP,1451,p1,?,
1769450008.9965413,RECEIVED,2454f8d9-7499-4878-9f37-14dc2637a7a0,e1841ba6-95ad-4a35-a371-0d7adedcea29,c2,DROP,1445,p2,?,
1769450009.0175474,SENT,ae03bad2-96ef-44f5-9b29-57f9c4e5a49d,d0a7bfb0-64bc-4a70-a4c3-3c0b496b5861,c4,DROP,1016,?,i3,
1769450009.0175908,FORWARDED,ae03bad2-96ef-44f5-9b29-57f9c4e5a49d,d0a7bfb0-64bc-4a70-a4c3-3c0b496b5861,c4,DROP,1016,?,i3,
1769450009.0444748,SENT,2454f8d9-7499-4878-9f37-14dc2637a7a0,e1841ba6-95ad-4a35-a371-0d7adedcea29,c2,DROP,1011,?,i9,
1769450009.044701,FORWARDED,2454f8d9-7499-4878-9f37-14dc2637a7a0,e1841ba6-95ad-4a35-a371-0d7adedcea29,c2,DROP,1011,?,i9,
1769450009.0583017,SENT,cf2908ce-a9de-4f61-902d-374588a21c60,dc3c09cc-e9ce-485b-98c3-b2620e8d8f2a,c1,DROP,1008,?,i12,
1769450009.0584567,FORWARDED,cf2908ce-a9de-4f61-902d-374588a21c60,dc3c09cc-e9ce-485b-98c3-b2620e8d8f2a,c1,DROP,1008,?,i12,
1769450009.1671455,RECEIVED,3b2b007c-ec50-4229-99a7-7de3e064af33,f04873a5-ab55-481d-85b0-140cb0fbeba1,c4,DROP,1452,p1,?,
1769450009.2702672,RECEIVED,a50484c9-d946-453e-9168-798dae68182e,c25ba2da-dcaa-45ce-9ea3-ee7871274699,c3,DROP,1452,p3,?,
1769450009.3411193,SENT,3b2b007c-ec50-4229-99a7-7de3e064af33,f04873a5-ab55-481d-85b0-140cb0fbeba1,c4,DROP,1016,?,i7,
1769450009.3411567,FORWARDED,3b2b007c-ec50-4229-99a7-7de3e064af33,f04873a5-ab55-481d-85b0-140cb0fbeba1,c4,DROP,1016,?,i7,
1769450009.3471086,RECEIVED,fbb02881-9da6-4688-bdbb-54b8e8348632,a431722b-8e29-4d11-b6d1-db2ec2d5e13b,c5,c4,2467,p2,?,
1769450009.384241,RECEIVED,94f9b699-6289-4810-80b1-9d9ab882ea7c,5f4fd599-949b-4a02-8f5a-ad3b967e0ed1,c2,DROP,1445,p2,?,
1769450009.5023127,SENT,efa5a629-2523-4024-8db5-c0d4d4bb1029,8c677b51-373e-4cdb-8278-64f5318ab77d,c5,DROP,1008,?,i1,
1769450009.5023546,FORWARDED,efa5a629-2523-4024-8db5-c0d4d4bb1029,8c677b51-373e-4cdb-8278-64f5318ab77d,c5,DROP,1008,?,i1,
1769450009.5977757,SENT,94f9b699-6289-4810-80b1-9d9ab882ea7c,5f4fd599-949b-4a02-8f5a-ad3b967e0ed1,c2,DROP,1011,?,i12,
1769450009.5978103,FORWARDED,94f9b699-6289-4810-80b1-9d9ab882ea7c,5f4fd599-949b-4a02-8f5a-ad3b967e0ed1,c2,DROP,1011,?,i12,
1769450009.6976378,SENT,a50484c9-d946-453e-9168-798dae68182e,c25ba2da-dcaa-45ce-9ea3-ee7871274699,c3,DROP,1015,?,i8,
1769450009.6976888,FORWARDED,a50484c9-d946-453e-9168-798dae68182e,c25ba2da-dcaa-45ce-9ea3-ee7871274699,c3,DROP,1015,?,i8,
1769450009.716005,RECEIVED,d1e601bb-d883-47b7-a3ee-7670fc8fb5cb,af8433a9-1679-405f-af15-a2ff3a6f0d07,c5,DROP,1439,p2,?,
1769450010.0573578,RECEIVED,f591d49b-623c-4aee-9d77-ab8cc0e2c85c,fcfe19d3-8136-4826-b462-465bd93c3d98,c4,DROP,1440,p1,?,
1769450010.081489,RECEIVED,a0c1c5ee-8d1e-43e0-b2e5-4e1e0229a198,26689786-6cce-4c66-9ef6-67310df182a7,c4,DROP,1451,p1,?,
1769450010.2642083,SENT,f591d49b-623c-4aee-9d77-ab8cc0e2c85c,fcfe19d3-8136-4826-b462-465bd93c3d98,c4,DROP,1008,?,i2,
1769450010.2642615,FORWARDED,f591d49b-623c-4aee-9d77-ab8cc0e2c85c,fcfe19d3-8136-4826-b462-465bd93c3d98,c4,DROP,1008,?,i2,
1769450010.3271148,RECEIVED,ad6f8017-1ae7-4642-964e-0977f5aad5ec,cc93b9cf-0224-48d7-9dc1-b014557ec5e4,c1,DROP,1440,p1,?,
1769450010.3658001,SENT,ad6f8017-1ae7-4642-964e-0977f5aad5ec,cc93b9cf-0224-48d7-9dc1-b014557ec5e4,c1,DROP,1008,?,i2,
1769450010.3658412,FORWARDED,ad6f8017-1ae7-4642-964e-0977f5aad5ec,cc93b9cf-0224-48d7-9dc1-b014557ec5e4,c1,DROP,1008,?,i2,
1769450010.4332337,SENT,a0c1c5ee-8d1e-43e0-b2e5-4e1e0229a198,26689786-6cce-4c66-9ef6-67310df182a7,c4,DROP,1015,?,i8,
1769450010.4332743,FORWARDED,a0c1c5ee-8d1e-43e0-b2e5-4e1e0229a198,26689786-6cce-4c66-9ef6-67310df182a7,c4,DROP,1015,?,i8,
1769450010.4630928,RECEIVED,465433f5-01a6-4084-89a2-20dc427ded6f,a630f39b-ecd3-4881-bb01-023a21dd049c,c3,c5,2472,p3,?,
1769450010.5187132,RECEIVED,fb673684-d7ed-4abc-b8e1-618ac107a5e5,afacab8f-ba4d-4091-aae5-3c0fe93d4b95,c3,c5,2471,p3,?,
1769450010.7773902,RECEIVED,ff3cfd01-728a-4859-b8f2-6a6eb05bb606,6e716fa0-2787-436e-9f36-b355b0c6ecb2,c3,c5,2463,p3,?,
1769450010.8424954,SENT,fb673684-d7ed-4abc-b8e1-618ac107a5e5,afacab8f-ba4d-4091-aae5-3c0fe93d4b95,c3,c5,1781,?,i2,
1769450010.842537,FORWARDED,fb673684-d7ed-4abc-b8e1-618ac107a5e5,afacab8f-ba4d-4091-aae5-3c0fe93d4b95,c3,c5,1781,?,i2,
1769450010.8972726,SENT,465433f5-01a6-4084-89a2-20dc427ded6f,a630f39b-ecd3-4881-bb01-023a21dd049c,c3,c5,1782,?,i10,
1769450010.897313,FORWARDED,465433f5-01a6-4084-89a2-20dc427ded6f,a630f39b-ecd3-4881-bb01-023a21dd049c,c3,c5,1782,?,i10,
1769450011.0744257,SENT,ff3cfd01-728a-4859-b8f2-6a6eb05bb606,6e716fa0-2787-436e-9f36-b355b0c6ecb2,c3,c5,1776,?,i2,
1769450011.0744658,FORWARDED,ff3cfd01-728a-4859-b8f2-6a6eb05bb606,6e716fa0-2787-436e-9f36-b355b0c6ecb2,c3,c5,1776,?,i2,
1769450011.2237878,RECEIVED,5ee0f165-138a-4f18-92b9-c34531b5a4a8,7f6be18d-4279-4a11-95b8-f66b87cbcecd,c3,DROP,1435,p3,?,
1769450011.3842642,SENT,fbb02881-9da6-4688-bdbb-54b8e8348632,a431722b-8e29-4d11-b6d1-db2ec2d5e13b,c5,c4,1779,?,i11,
1769450011.3843083,FORWARDED,fbb02881-9da6-4688-bdbb-54b8e8348632,a431722b-8e29-4d11-b6d1-db2ec2d5e13b,c5,c4,1779,?,i11,
1769450011.4586945,RECEIVED,8150acd1-3282-4e67-847a-0df908e79c38,5970bf54-0f88-490f-87d7-7e084d07841e,c1,DROP,1453,p1,?,
1769450011.5468223,SENT,5ee0f165-138a-4f18-92b9-c34531b5a4a8,7f6be18d-4279-4a11-95b8-f66b87cbcecd,c3,DROP,1004,?,i5,
1769450011.5473766,FORWARDED,5ee0f165-138a-4f18-92b9-c34531b5a4a8,7f6be18d-4279-4a11-95b8-f66b87cbcecd,c3,DROP,1004,?,i5,
1769450011.6991456,SENT,8150acd1-3282-4e67-847a-0df908e79c38,5970bf54-0f88-490f-87d7-7e084d07841e,c1,DROP,1017,?,i12,
1769450011.6992385,FORWARDED,8150acd1-3282-4e67-847a-0df908e79c38,5970bf54-0f88-490f-87d7-7e084d07841e,c1,DROP,1017,?,i12,
1769450011.7820663,SENT,d1e601bb-d883-47b7-a3ee-7670fc8fb5cb,af8433a9-1679-405f-af15-a2ff3a6f0d07,c5,DROP,1006,?,i2,
1769450011.782111,FORWARDED,d1e601bb-d883-47b7-a3ee-7670fc8fb5cb,af8433a9-1679-405f-af15-a2ff3a6f0d07,c5,DROP,1006,?,i2,
1769450011.7854476,RECEIVED,7b445673-1696-4d6e-aaa2-a16819bb6284,a715a59c-741d-41b5-a929-c14e4a60c398,c4,c5,2464,p1,?,
1769450011.9671843,SENT,7b445673-1696-4d6e-aaa2-a16819bb6284,a715a59c-741d-41b5-a929-c14e4a60c398,c4,c5,1776,?,i9,
1769450011.967229,FORWARDED,7b445673-1696-4d6e-aaa2-a16819bb6284,a715a59c-741d-41b5-a929-c14e4a60c398,c4,c5,1776,?,i9,
1769450011.996662,RECEIVED,7eb70bb3-97d6-4968-8eba-90172af5ad03,cdb9bed3-b899-4d26-8901-a507fae5cb43,c5,c4,2447,p2,?,
1769450012.0169644,RECEIVED,2f94f667-b562-46ed-b958-348bb3b10662,ec9fc5fc-1d12-4310-a91c-f818b05bd9fd,c4,DROP,446,x12,?,
1769450012.1468794,SENT,7eb70bb3-97d6-4968-8eba-90172af5ad03,cdb9bed3-b899-4d26-8901-a507fae5cb43,c5,c4,1762,?,i8,
1769450012.1469219,FORWARDED,7eb70bb3-97d6-4968-8eba-90172af5ad03,cdb9bed3-b899-4d26-8901-a507fae5cb43,c5,c4,1762,?,i8,
1769450012.4119403,RECEIVED,17e5a7b9-9c99-497c-9bb1-cfa328689a0c,de9dfeef-879f-4124-a0be-461a0f4881e3,c5,DROP,1452,p2,?,
1769450012.8610127,RECEIVED,f5ccf319-399d-4fcd-b95a-d53c3ac3b361,60d3e0f7-d1da-4039-8f34-328dd0ccbb71,c3,DROP,1456,p3,?,
1769450012.9864933,RECEIVED,aae639f5-d930-4989-90fb-8d04bca0cb1b,d785d5e6-6d21-40cd-b5ec-822aca291d05,c4,c5,2468,p1,?,
1769450013.089269,SENT,aae639f5-d930-4989-90fb-8d04bca0cb1b,d785d5e6-6d21-40cd-b5ec-822aca291d05,c4,c5,1777,?,i8,
1769450013.0893106,FORWARDED,aae639f5-d930-4989-90fb-8d04bca0cb1b,d785d5e6-6d21-40cd-b5ec-822aca291d05,c4,c5,1777,?,i8,
1769450013.1043122,RECEIVED,f668c616-c844-486b-ade4-7087be25ca4c,87250fb6-b6e9-44c4-b509-2f5d0cf0b4c3,c3,DROP,1440,p3,?,
1769450013.1548243,RECEIVED,55fb5f13-6855-48a4-9ed4-18b1cdc3e1ca,688fe70f-ac60-4c6c-a279-e4a3810e3eb5,c4,DROP,442,x9,?,
1769450013.1956336,RECEIVED,f5adea6b-fb9e-4251-a450-ad5cae9cbeb4,a5e65cad-f917-48a0-8e98-a724cf0b4e3e,c3,c5,2463,p3,?,
1769450013.2561772,SENT,17e5a7b9-9c99-497c-9bb1-cfa328689a0c,de9dfeef-879f-4124-a0be-461a0f4881e3,c5,DROP,1017,?,i11,
1769450013.2562184,FORWARDED,17e5a7b9-9c99-497c-9bb1-cfa328689a0c,de9dfeef-879f-4124-a0be-461a0f4881e3,c5,DROP,1017,?,i11,
1769450013.3042674,RECEIVED,e6f4a772-c5ce-489e-b3dc-11e9acbdf3c5,aadf9909-5a98-4ad0-9441-1dc57e910ed6,c3,c5,2480,p3,?,
1769450013.429908,SENT,f5adea6b-fb9e-4251-a450-ad5cae9cbeb4,a5e65cad-f917-48a0-8e98-a724cf0b4e3e,c3,c5,1775,?,i1,
1769450013.429948,FORWARDED,f5adea6b-fb9e-4251-a450-ad5cae9cbeb4,a5e65cad-f917-48a0-8e98-a724cf0b4e3e,c3,c5,1775,?,i1,
1769450013.4458847,SENT,f5ccf319-399d-4fcd-b95a-d53c3ac3b361,60d3e0f7-d1da-4039-8f34-328dd0ccbb71,c3,DROP,1020,?,i12,
1769450013.4459255,FORWARDED,f5ccf319-399d-4fcd-b95a-d53c3ac3b361,60d3e0f7-d1da-4039-8f34-328dd0ccbb71,c3,DROP,1020,?,i12,
1769450013.5277963,RECEIVED,47f3f24c-fea1-488c-84e1-9310f4b55fbd,60fe97ed-29ae-4fb0-8283-cbcb7b6f9fbc,c3,DROP,1435,p3,?,
1769450013.5281763,SENT,f668c616-c844-486b-ade4-7087be25ca4c,87250fb6-b6e9-44c4-b509-2f5d0cf0b4c3,c3,DROP,1007,?,i7,
1769450013.5282183,FORWARDED,f668c616-c844-486b-ade4-7087be25ca4c,87250fb6-b6e9-44c4-b509-2f5d0cf0b4c3,c3,DROP,1007,?,i7,
1769450013.6196654,RECEIVED,8f1e5492-040a-4298-a47b-b82086ddff2d,96091bad-6e02-4aa8-8268-56b10e14c9f3,c2,DROP,1448,p2,?,
1769450013.651661,RECEIVED,ddcf3354-ccb8-49b6-9951-bd4a44e0e562,49ba3073-9f60-4c1d-8f4e-2981871ed77a,c5,DROP,441,x3,?,
1769450013.6894324,RECEIVED,98d9c5d9-a89a-4246-84b9-b2027df9afdb,82de427f-c59c-4aaa-b316-407f1686ae71,c3,c5,2464,p3,?,
1769450013.7311525,SENT,98d9c5d9-a89a-4246-84b9-b2027df9afdb,82de427f-c59c-4aaa-b316-407f1686ae71,c3,c5,1776,?,i5,
1769450013.731196,FORWARDED,98d9c5d9-a89a-4246-84b9-b2027df9afdb,82de427f-c59c-4aaa-b316-407f1686ae71,c3,c5,1776,?,i5,
1769450013.7356977,SENT,e6f4a772-c5ce-489e-b3dc-11e9acbdf3c5,aadf9909-5a98-4ad0-9441-1dc57e910ed6,c3,c5,1786,?,i12,
1769450013.7357378,FORWARDED,e6f4a772-c5ce-489e-b3dc-11e9acbdf3c5,aadf9909-5a98-4ad0-9441-1dc57e910ed6,c3,c5,1786,?,i12,
1769450013.7601671,SENT,8f1e5492-040a-4298-a47b-b82086ddff2d,96091bad-6e02-4aa8-8268-56b10e14c9f3,c2,DROP,1012,?,i7,
1769450013.7602077,FORWARDED,8f1e5492-040a-4298-a47b-b82086ddff2d,96091bad-6e02-4aa8-8268-56b10e14c9f3,c2,DROP,1012,?,i7,
1769450013.831688,SENT,47f3f24c-fea1-488c-84e1-9310f4b55fbd,60fe97ed-29ae-4fb0-8283-cbcb7b6f9fbc,c3,DROP,1003,?,i6,
1769450013.8318865,FORWARDED,47f3f24c-fea1-488c-84e1-9310f4b55fbd,60fe97ed-29ae-4fb0-8283-cbcb7b6f9fbc,c3,DROP,1003,?,i6,
1769450013.845427,RECEIVED,29c473db-d3a0-4aaf-89e8-aa5cdfb23148,5f71c3f2-3050-4b8e-93d8-66e77d9f8af1,c5,c4,2463,p2,?,
1769450014.0971167,SENT,29c473db-d3a0-4aaf-89e8-aa5cdfb23148,5f71c3f2-3050-4b8e-93d8-66e77d9f8af1,c5,c4,1776,?,i1,
1769450014.0971665,FORWARDED,29c473db-d3a0-4aaf-89e8-aa5cdfb23148,5f71c3f2-3050-4b8e-93d8-66e77d9f8af1,c5,c4,1776,?,i1,
1769450014.8418689,RECEIVED,082e1825-e77e-4ecc-b7db-cf610ec38bfd,192bad20-db26-47a6-95e9-bf2f522478c5,c3,DROP,1439,p3,?,
1769450015.1003253,RECEIVED,dc716f7d-c6a8-418c-8088-21b6e367e760,b1156b10-0195-4354-a331-125ed9e7ff32,c2,c1,2475,p2,?,
1769450015.1591058,RECEIVED,010f4c7d-4368-4b7a-b8a7-109ff9f80c9c,b55c231e-1e28-4c41-bd27-03679e526980,c1,DROP,1439,p1,?,
1769450015.216083,SENT,dc716f7d-c6a8-418c-8088-21b6e367e760,b1156b10-0195-4354-a331-125ed9e7ff32,c2,c1,1785,?,i6,
1769450015.2161245,FORWARDED,dc716f7d-c6a8-418c-8088-21b6e367e760,b1156b10-0195-4354-a331-125ed9e7ff32,c2,c1,1785,?,i6,
1769450015.40722,RECEIVED,a41c1eae-d2dc-456d-957f-1f1ba4dfdc6c,7dc436e7-6427-49bf-a25f-565d1beb3ea2,c4,c5,2443,p1,?,
1769450015.5356438,SENT,010f4c7d-4368-4b7a-b8a7-109ff9f80c9c,b55c231e-1e28-4c41-bd27-03679e526980,c1,DROP,1008,?,i6,
1769450015.5356872,FORWARDED,010f4c7d-4368-4b7a-b8a7-109ff9f80c9c,b55c231e-1e28-4c41-bd27-03679e526980,c1,DROP,1008,?,i6,
1769450015.6614053,SENT,082e1825-e77e-4ecc-b7db-cf610ec38bfd,192bad20-db26-47a6-95e9-bf2f522478c5,c3,DROP,1008,?,i9,
1769450015.6615188,FORWARDED,082e1825-e77e-4ecc-b7db-cf610ec38bfd,192bad20-db26-47a6-95e9-bf2f522478c5,c3,DROP,1008,?,i9,
1769450015.7901802,RECEIVED,b981e88b-2a46-4464-ae9c-fefc38bf8183,b5ba6c54-db90-4f6e-bfa7-4c5600bc25e2,c1,DROP,1439,p1,?,
1769450015.8128712,SENT,a41c1eae-d2dc-456d-957f-1f1ba4dfdc6c,7dc436e7-6427-49bf-a25f-565d1beb3ea2,c4,c5,1759,?,i4,
1769450015.8129072,FORWARDED,a41c1eae-d2dc-456d-957f-1f1ba4dfdc6c,7dc436e7-6427-49bf-a25f-565d1beb3ea2,c4,c5,1759,?,i4,
1769450016.1934378,RECEIVED,2192d9f1-7cbc-4023-9285-3fbc0818b76c,c8aef9ec-d71c-49b8-807f-169495fc1a32,c4,DROP,1435,p1,?,
1769450016.2260013,RECEIVED,ed675d51-d9f5-4b07-b920-7be187cd8a52,82f044a8-4bde-4dc6-884e-4bc9c8c3e34d,c4,DROP,1451,p1,?,
1769450016.2299485,RECEIVED,aee8901a-96b0-4d3c-b5d2-2def0a4751de,6389442f-2522-4f9b-bbc9-f7a89abff331,c4,DROP,1450,p1,?,
1769450016.5333283,SENT,b981e88b-2a46-4464-ae9c-fefc38bf8183,b5ba6c54-db90-4f6e-bfa7-4c5600bc25e2,c1,DROP,1008,?,i8,
1769450016.5333695,FORWARDED,b981e88b-2a46-4464-ae9c-fefc38bf8183,b5ba6c54-db90-4f6e-bfa7-4c5600bc25e2,c1,DROP,1008,?,i8,
1769450016.891514,SENT,ed675d51-d9f5-4b07-b920-7be187cd8a52,82f044a8-4bde-4dc6-884e-4bc9c8c3e34d,c4,DROP,1015,?,i7,
1769450016.8915548,FORWARDED,ed675d51-d9f5-4b07-b920-7be187cd8a52,82f044a8-4bde-4dc6-884e-4bc9c8c3e34d,c4,DROP,1015,?,i7,
1769450017.0308564,SENT,2192d9f1-7cbc-4023-9285-3fbc0818b76c,c8aef9ec-d71c-49b8-807f-169495fc1a32,c4,DROP,1003,?,i5,
1769450017.0308936,FORWARDED,2192d9f1-7cbc-4023-9285-3fbc0818b76c,c8aef9ec-d71c-49b8-807f-169495fc1a32,c4,DROP,1003,?,i5,
1769450017.038979,RECEIVED,a66ae5a1-537c-4a48-a6dd-2a336069837a,37b8bc20-6bc4-4839-aff5-4beff4893d68,c4,DROP,1439,p1,?,
1769450017.0628226,RECEIVED,537daf38-c100-4288-a2fc-949ca74980d5,c7231484-abc6-4c56-bb76-b04060f810a6,c4,c5,2447,p1,?,
1769450017.1101983,RECEIVED,1b994ead-6511-41e8-8597-0d46b0c98a49,1c01b0aa-7604-4d45-b3ea-2c7a719dc1e0,c2,c1,2464,p2,?,
1769450017.1587071,RECEIVED,06009614-8d94-4ed8-b17a-eea050e53995,eedb2764-735b-4317-a591-966c6a45f998,c1,c3,2475,p1,?,
1769450017.3242366,RECEIVED,a08c4dda-ecee-4deb-954f-2520a72eea52,35f04685-bbfb-4c07-9a9f-c3f916b9a68c,c1,DROP,1438,p1,?,
1769450017.4501526,SENT,06009614-8d94-4ed8-b17a-eea050e53995,eedb2764-735b-4317-a591-966c6a45f998,c1,c3,1784,?,i5,
1769450017.4501932,FORWARDED,06009614-8d94-4ed8-b17a-eea050e53995,eedb2764-735b-4317-a591-966c6a45f998,c1,c3,1784,?,i5,
1769450017.4729934,RECEIVED,d350fb8e-031a-452a-8b65-94ff135025ac,2ef83748-e4c9-4efe-bf2d-ff298eaac8f5,c4,c5,2443,p1,?,
1769450017.5399435,SENT,aee8901a-96b0-4d3c-b5d2-2def0a4751de,6389442f-2522-4f9b-bbc9-f7a89abff331,c4,DROP,1016,?,i2,
1769450017.5399845,FORWARDED,aee8901a-96b0-4d3c-b5d2-2def0a4751de,6389442f-2522-4f9b-bbc9-f7a89abff331,c4,DROP,1016,?,i2,
1769450017.5477874,RECEIVED,25728cdf-c986-4066-b901-cc58e4c89860,b3af6f91-6908-4f14-87a1-b5b3d7aa6d31,c1,DROP,1439,p1,?,
1769450017.6257374,SENT,1b994ead-6511-41e8-8597-0d46b0c98a49,1c01b0aa-7604-4d45-b3ea-2c7a719dc1e0,c2,c1,1776,?,i12,
1769450017.6257777,FORWARDED,1b994ead-6511-41e8-8597-0d46b0c98a49,1c01b0aa-7604-4d45-b3ea-2c7a719dc1e0,c2,c1,1776,?,i12,
1769450017.9437392,RECEIVED,4e2e511f-4abc-4ba6-8953-b05dcb6343f1,5ed45b8b-2f9a-4c7f-b2dc-46735842088d,c1,DROP,1441,p1,?,
1769450017.9590378,RECEIVED,a63e8bb3-0a60-4c1f-a22e-979c61c474ce,16b7c496-434a-49e0-9adb-6be831defbda,c4,c5,2451,p1,?,
1769450018.0536292,SENT,537daf38-c100-4288-a2fc-949ca74980d5,c7231484-abc6-4c56-bb76-b04060f810a6,c4,c5,1764,?,i6,
1769450018.053671,FORWARDED,537daf38-c100-4288-a2fc-949ca74980d5,c7231484-abc6-4c56-bb76-b04060f810a6,c4,c5,1764,?,i6,
1769450018.068087,SENT,a66ae5a1-537c-4a48-a6dd-2a336069837a,37b8bc20-6bc4-4839-aff5-4beff4893d68,c4,DROP,1008,?,i1,
1769450018.068138,FORWARDED,a66ae5a1-537c-4a48-a6dd-2a336069837a,37b8bc20-6bc4-4839-aff5-4beff4893d68,c4,DROP,1008,?,i1,
1769450018.071953,RECEIVED,0280e985-2f96-4ead-b568-4d3073d8a28a,2561b068-19e7-4e86-95d3-9ac7a596ffac,c1,c3,2476,p1,?,
1769450018.197044,SENT,0280e985-2f96-4ead-b568-4d3073d8a28a,2561b068-19e7-4e86-95d3-9ac7a596ffac,c1,c3,1784,?,i3,
1769450018.1970997,FORWARDED,0280e985-2f96-4ead-b568-4d3073d8a28a,2561b068-19e7-4e86-95d3-9ac7a596ffac,c1,c3,1784,?,i3,
1769450018.2221527,SENT,4e2e511f-4abc-4ba6-8953-b05dcb6343f1,5ed45b8b-2f9a-4c7f-b2dc-46735842088d,c1,DROP,1008,?,i12,
1769450018.2221956,FORWARDED,4e2e511f-4abc-4ba6-8953-b05dcb6343f1,5ed45b8b-2f9a-4c7f-b2dc-46735842088d,c1,DROP,1008,?,i12,
1769450018.291878,RECEIVED,cd0f09e4-39d9-4fd8-b0e7-1ef837c068d5,9b1d72c0-a8d4-4970-94f1-4f587b7f17a3,c5,DROP,442,x1,?,
1769450018.6003416,RECEIVED,2bf2531a-6baa-46f5-8579-38d1f8dba1a6,a8f1fe0e-0d1d-4a08-b52d-a6f55306fd9f,c2,DROP,1444,p2,?,
1769450018.64697,SENT,a63e8bb3-0a60-4c1f-a22e-979c61c474ce,16b7c496-434a-49e0-9adb-6be831defbda,c4,c5,1767,?,i3,
1769450018.6470068,FORWARDED,a63e8bb3-0a60-4c1f-a22e-979c61c474ce,16b7c496-434a-49e0-9adb-6be831defbda,c4,c5,1767,?,i3,
1769450018.6480224,RECEIVED,441cebd0-7ffd-477d-b434-8879984c4ba3,9a8ec7c9-004b-4bd1-a18b-e3ead1a8e007,c3,DROP,1441,p3,?,
1769450018.769218,SENT,441cebd0-7ffd-477d-b434-8879984c4ba3,9a8ec7c9-004b-4bd1-a18b-e3ead1a8e007,c3,DROP,1008,?,i11,
1769450018.7692575,FORWARDED,441cebd0-7ffd-477d-b434-8879984c4ba3,9a8ec7c9-004b-4bd1-a18b-e3ead1a8e007,c3,DROP,1008,?,i11,
1769450018.8266842,RECEIVED,73e0865b-d77c-425e-9179-ddb0e2684e7b,3f790549-5d54-4b80-8555-6a1673379869,c4,c5,2448,p1,?,
1769450018.8347592,RECEIVED,7513d3aa-b6af-4040-9db8-eb70b8dec482,9a845d97-e92d-42a6-838a-75fd9872e25d,c1,DROP,1440,p1,?,
1769450018.9033952,RECEIVED,09cce02c-4a7e-4a0e-85f4-3a22316d69b0,f7ead609-3d07-4c74-9fe5-34e63bf21d7d,c3,DROP,1439,p3,?,
1769450018.9472115,RECEIVED,13902c32-18cc-4e50-823e-0f8d36f6753e,73e2cfb3-d01c-4b71-8850-f815d7882f46,c4,c5,2469,p1,?,
1769450019.0733335,RECEIVED,3e5cd3f0-68f4-4098-ac11-985a0da3f564,afb57dff-2dae-44cd-b5bc-6743dec37c46,c4,DROP,1452,p1,?,
1769450019.0746052,SENT,73e0865b-d77c-425e-9179-ddb0e2684e7b,3f790549-5d54-4b80-8555-6a1673379869,c4,c5,1764,?,i7,
1769450019.074647,FORWARDED,73e0865b-d77c-425e-9179-ddb0e2684e7b,3f790549-5d54-4b80-8555-6a1673379869,c4,c5,1764,?,i7,
1769450019.1695144,SENT,25728cdf-c986-4066-b901-cc58e4c89860,b3af6f91-6908-4f14-87a1-b5b3d7aa6d31,c1,DROP,1008,?,i2,
1769450019.1695542,FORWARDED,25728cdf-c986-4066-b901-cc58e4c89860,b3af6f91-6908-4f14-87a1-b5b3d7aa6d31,c1,DROP,1008,?,i2,
1769450019.1728072,SENT,13902c32-18cc-4e50-823e-0f8d36f6753e,73e2cfb3-d01c-4b71-8850-f815d7882f46,c4,c5,1779,?,i12,
1769450019.1728473,FORWARDED,13902c32-18cc-4e50-823e-0f8d36f6753e,73e2cfb3-d01c-4b71-8850-f815d7882f46,c4,c5,1779,?,i12,
1769450019.18128,SENT,3e5cd3f0-68f4-4098-ac11-985a0da3f564,afb57dff-2dae-44cd-b5bc-6743dec37c46,c4,DROP,1016,?,i9,
1769450019.1813197,FORWARDED,3e5cd3f0-68f4-4098-ac11-985a0da3f564,afb57dff-2dae-44cd-b5bc-6743dec37c46,c4,DROP,1016,?,i9,
1769450019.310521,RECEIVED,e7c265fc-1ac7-4723-9d7e-139bc8cf75a9,bbcb4521-51f7-4cc5-a511-0627a2ee2fbf,c2,c1,2460,p2,?,
1769450019.3126178,SENT,09cce02c-4a7e-4a0e-85f4-3a22316d69b0,f7ead609-3d07-4c74-9fe5-34e63bf21d7d,c3,DROP,1007,?,i7,
1769450019.3126595,FORWARDED,09cce02c-4a7e-4a0e-85f4-3a22316d69b0,f7ead609-3d07-4c74-9fe5-34e63bf21d7d,c3,DROP,1007,?,i7,
1769450019.324453,RECEIVED,08b44681-699f-42bc-ae90-2325787a814f,8c94582a-6f5f-4572-8894-e9865343c268,c5,DROP,441,x1,?,
1769450019.4768987,RECEIVED,e41393e6-3271-4d3c-b608-7957152bc983,f9c9239d-457b-4dd8-9dbc-658c2cbbfb31,c3,c5,2455,p3,?,
1769450019.5719738,SENT,e7c265fc-1ac7-4723-9d7e-139bc8cf75a9,bbcb4521-51f7-4cc5-a511-0627a2ee2fbf,c2,c1,1772,?,i5,
1769450019.5720096,FORWARDED,e7c265fc-1ac7-4723-9d7e-139bc8cf75a9,bbcb4521-51f7-4cc5-a511-0627a2ee2fbf,c2,c1,1772,?,i5,
1769450019.6310136,SENT,2bf2531a-6baa-46f5-8579-38d1f8dba1a6,a8f1fe0e-0d1d-4a08-b52d-a6f55306fd9f,c2,DROP,1011,?,i11,
1769450019.6315968,FORWARDED,2bf2531a-6baa-46f5-8579-38d1f8dba1a6,a8f1fe0e-0d1d-4a08-b52d-a6f55306fd9f,c2,DROP,1011,?,i11,
1769450019.6457498,RECEIVED,2c115ef8-7174-4c72-ac2a-f1572de9a684,c647900d-c4b7-4de7-9018-b6cb5a2ce035,c5,DROP,1452,p2,?,
1769450019.7321637,SENT,d350fb8e-031a-452a-8b65-94ff135025ac,2ef83748-e4c9-4efe-bf2d-ff298eaac8f5,c4,c5,1759,?,i9,
1769450019.7322023,FORWARDED,d350fb8e-031a-452a-8b65-94ff135025ac,2ef83748-e4c9-4efe-bf2d-ff298eaac8f5,c4,c5,1759,?,i9,
1769450019.8207738,RECEIVED,5c376261-d5b8-4313-bb69-e407ac17d069,3d4ad998-acac-42b2-9276-fb2bbaf3627b,c4,DROP,1448,p1,?,
1769450019.831544,SENT,2c115ef8-7174-4c72-ac2a-f1572de9a684,c647900d-c4b7-4de7-9018-b6cb5a2ce035,c5,DROP,1016,?,i1,
1769450019.831585,FORWARDED,2c115ef8-7174-4c72-ac2a-f1572de9a684,c647900d-c4b7-4de7-9018-b6cb5a2ce035,c5,DROP,1016,?,i1,
1769450019.8625126,RECEIVED,643b36a2-6f2d-480c-bd8d-828fce372295,85071001-3b91-4634-92c5-7552b2903ee9,c2,DROP,1447,p2,?,
1769450019.8981166,RECEIVED,899448db-1d0f-40fc-84dd-e31601dc87c0,54d92ddd-e5bd-440f-97f8-26fc84e5711b,c4,c5,2460,p1,?,
1769450019.9007702,RECEIVED,8865ab9a-90ef-46e6-8fa8-f43031711917,79061a2f-1c60-4402-af7c-3161615b70f4,c5,c4,2477,p2,?,
1769450019.9187665,SENT,5c376261-d5b8-4313-bb69-e407ac17d069,3d4ad998-acac-42b2-9276-fb2bbaf3627b,c4,DROP,1012,?,i2,
1769450019.9188015,FORWARDED,5c376261-d5b8-4313-bb69-e407ac17d069,3d4ad998-acac-42b2-9276-fb2bbaf3627b,c4,DROP,1012,?,i2,
1769450019.937211,SENT,899448db-1d0f-40fc-84dd-e31601dc87c0,54d92ddd-e5bd-440f-97f8-26fc84e5711b,c4,c5,1771,?,i4,
1769450019.9372516,FORWARDED,899448db-1d0f-40fc-84dd-e31601dc87c0,54d92ddd-e5bd-440f-97f8-26fc84e5711b,c4,c5,1771,?,i4,
1769450020.0045483,SENT,643b36a2-6f2d-480c-bd8d-828fce372295,85071001-3b91-4634-92c5-7552b2903ee9,c2,DROP,1012,?,i7,
1769450020.0045886,FORWARDED,643b36a2-6f2d-480c-bd8d-828fce372295,85071001-3b91-4634-92c5-7552b2903ee9,c2,DROP,1012,?,i7,
1769450020.05475,SENT,a08c4dda-ecee-4deb-954f-2520a72eea52,35f04685-bbfb-4c07-9a9f-c3f916b9a68c,c1,DROP,1008,?,i6,
1769450020.0547903,FORWARDED,a08c4dda-ecee-4deb-954f-2520a72eea52,35f04685-bbfb-4c07-9a9f-c3f916b9a68c,c1,DROP,1008,?,i6,
1769450020.094006,SENT,8865ab9a-90ef-46e6-8fa8-f43031711917,79061a2f-1c60-4402-af7c-3161615b70f4,c5,c4,1783,?,i12,
1769450020.0940611,FORWARDED,8865ab9a-90ef-46e6-8fa8-f43031711917,79061a2f-1c60-4402-af7c-3161615b70f4,c5,c4,1783,?,i12,
1769450020.1763723,RECEIVED,b05febec-ab97-499d-8c43-f62bcbc6a69a,52682c14-6e77-41d6-8491-cfb99bb60859,c2,c1,2459,p2,?,
1769450020.2130911,RECEIVED,7eec2931-71d7-4238-8d45-97055a8fe075,42c6e427-b671-4132-92dc-218188b36ab8,c3,DROP,1448,p3,?,
1769450020.2189548,SENT,7513d3aa-b6af-4040-9db8-eb70b8dec482,9a845d97-e92d-42a6-838a-75fd9872e25d,c1,DROP,1007,?,i10,
1769450020.218995,FORWARDED,7513d3aa-b6af-4040-9db8-eb70b8dec482,9a845d97-e92d-42a6-838a-75fd9872e25d,c1,DROP,1007,?,i10,
1769450020.2296767,RECEIVED,332cd830-6d4d-491e-9f04-5085a1c897da,6aed4903-c93e-4d4d-891e-73a3dda646fe,c3,c5,2459,p3,?,
1769450020.264854,SENT,7eec2931-71d7-4238-8d45-97055a8fe075,42c6e427-b671-4132-92dc-218188b36ab8,c3,DROP,1012,?,i9,
1769450020.2648976,FORWARDED,7eec2931-71d7-4238-8d45-97055a8fe075,42c6e427-b671-4132-92dc-218188b36ab8,c3,DROP,1012,?,i9,
1769450020.475681,RECEIVED,36624bc9-2d5e-482e-87fe-a89504656adb,9d0d8dc8-eabc-4de7-a3f9-748a416b3940,c2,c1,2455,p2,?,
1769450020.4758441,RECEIVED,a5450f57-e742-474a-a74d-6e39e7c13834,f50739c8-560e-4def-a135-35344f687e97,c1,DROP,1440,p1,?,
1769450020.5106604,RECEIVED,8c658dfe-20f1-49e0-99de-287e5b467ee2,1622a520-0db8-48b8-8ebd-d59b6cef87fd,c1,c3,2467,p1,?,
1769450020.6218023,RECEIVED,34887800-75bb-49e8-b861-9b6767e6da53,a0494d51-d6b2-4a87-861c-4ed1b72c9325,c5,c4,2457,p2,?,
1769450020.6526701,RECEIVED,c574095c-4b2f-4616-8eb3-7fc67b0f1c84,623f13f8-dd90-4328-84a3-41ac1b1fe122,c1,DROP,441,x4,?,
1769450020.7109191,SENT,34887800-75bb-49e8-b861-9b6767e6da53,a0494d51-d6b2-4a87-861c-4ed1b72c9325,c5,c4,1768,?,i10,
1769450020.7109604,FORWARDED,34887800-75bb-49e8-b861-9b6767e6da53,a0494d51-d6b2-4a87-861c-4ed1b72c9325,c5,c4,1768,?,i10,
1769450020.7696502,SENT,b05febec-ab97-499d-8c43-f62bcbc6a69a,52682c14-6e77-41d6-8491-cfb99bb60859,c2,c1,1772,?,i7,
1769450020.769703,FORWARDED,b05febec-ab97-499d-8c43-f62bcbc6a69a,52682c14-6e77-41d6-8491-cfb99bb60859,c2,c1,1772,?,i7,
1769450020.786697,SENT,a5450f57-e742-474a-a74d-6e39e7c13834,f50739c8-560e-4def-a135-35344f687e97,c1,DROP,1006,?,i3,
1769450020.7867384,FORWARDED,a5450f57-e742-474a-a74d-6e39e7c13834,f50739c8-560e-4def-a135-35344f687e97,c1,DROP,1006,?,i3,
1769450020.9035873,SENT,36624bc9-2d5e-482e-87fe-a89504656adb,9d0d8dc8-eabc-4de7-a3f9-748a416b3940,c2,c1,1768,?,i8,
1769450020.9037116,FORWARDED,36624bc9-2d5e-482e-87fe-a89504656adb,9d0d8dc8-eabc-4de7-a3f9-748a416b3940,c2,c1,1768,?,i8,
1769450020.974317,RECEIVED,16fb1e9a-7542-4a0f-865b-88ddd33084fd,a46dcf9a-82f1-4792-8f64-51fef225d849,c5,DROP,1456,p2,?,
1769450020.991938,SENT,332cd830-6d4d-491e-9f04-5085a1c897da,6aed4903-c93e-4d4d-891e-73a3dda646fe,c3,c5,1771,?,i9,
1769450020.9919784,FORWARDED,332cd830-6d4d-491e-9f04-5085a1c897da,6aed4903-c93e-4d4d-891e-73a3dda646fe,c3,c5,1771,?,i9,
1769450021.0671048,RECEIVED,0ce67d84-56df-48e8-a882-e93dbf34a9f4,3f0bc5ea-641f-46dc-bf31-5a78c4a1f3e8,c4,c5,2460,p1,?,
1769450021.1304274,RECEIVED,78b849e3-0936-4e93-b80a-bb63fb99f9c9,7bb0fc1d-ece8-402d-bab3-d83427cc9352,c4,c5,2465,p1,?,
1769450021.2237225,SENT,78b849e3-0936-4e93-b80a-bb63fb99f9c9,7bb0fc1d-ece8-402d-bab3-d83427cc9352,c4,c5,1776,?,i12,
1769450021.2237628,FORWARDED,78b849e3-0936-4e93-b80a-bb63fb99f9c9,7bb0fc1d-ece8-402d-bab3-d83427cc9352,c4,c5,1776,?,i12,
1769450021.2447188,RECEIVED,d951b5aa-b40f-492a-98a3-5022c0becb72,2bb7db5b-7a3b-4f7e-8806-61625ea57e6d,c5,DROP,441,x2,?,
1769450021.3279133,RECEIVED,f73c94b6-cbe8-479f-97a5-97ccd4b702ce,eebe631d-cb65-4bae-999f-acd150e72f0d,c5,DROP,442,x6,?,
1769450021.3880541,SENT,0ce67d84-56df-48e8-a882-e93dbf34a9f4,3f0bc5ea-641f-46dc-bf31-5a78c4a1f3e8,c4,c5,1772,?,i5,
1769450021.3881097,FORWARDED,0ce67d84-56df-48e8-a882-e93dbf34a9f4,3f0bc5ea-641f-46dc-bf31-5a78c4a1f3e8,c4,c5,1772,?,i5,
1769450021.4465702,RECEIVED,1ad49c46-f48b-4a3a-b157-6762d405c554,28d5ee45-2d6c-462d-92c7-9bc4779a5664,c1,DROP,440,x11,?,
1769450021.458852,SENT,16fb1e9a-7542-4a0f-865b-88ddd33084fd,a46dcf9a-82f1-4792-8f64-51fef225d849,c5,DROP,1020,?,i11,
1769450021.458891,FORWARDED,16fb1e9a-7542-4a0f-865b-88ddd33084fd,a46dcf9a-82f1-4792-8f64-51fef225d849,c5,DROP,1020,?,i11,
1769450021.4748254,RECEIVED,4214a6fa-0516-47dd-8c80-9e8e4617ca20,bbe21e91-b6b7-43d2-a753-a1aec40635de,c1,c3,2469,p1,?,
1769450021.49671,RECEIVED,c0d0afe7-e65d-4dac-a6e2-1c60a64249d4,f34cddc9-ee4b-4a9a-9efb-7c543ce1cb07,c2,DROP,1441,p2,?,
1769450021.5555239,RECEIVED,d8bc3795-5853-4c19-9f1e-872e36c9a28e,50e6328c-1032-4b31-8d44-25a2d88e4916,c2,c1,2456,p2,?,
1769450021.6890376,SENT,4214a6fa-0516-47dd-8c80-9e8e4617ca20,bbe21e91-b6b7-43d2-a753-a1aec40635de,c1,c3,1779,?,i11,
1769450021.6890888,FORWARDED,4214a6fa-0516-47dd-8c80-9e8e4617ca20,bbe21e91-b6b7-43d2-a753-a1aec40635de,c1,c3,1779,?,i11,
1769450021.7141442,SENT,c0d0afe7-e65d-4dac-a6e2-1c60a64249d4,f34cddc9-ee4b-4a9a-9efb-7c543ce1cb07,c2,DROP,1008,?,i11,
1769450021.7141867,FORWARDED,c0d0afe7-e65d-4dac-a6e2-1c60a64249d4,f34cddc9-ee4b-4a9a-9efb-7c543ce1cb07,c2,DROP,1008,?,i11,
1769450021.903585,SENT,8c658dfe-20f1-49e0-99de-287e5b467ee2,1622a520-0db8-48b8-8ebd-d59b6cef87fd,c1,c3,1779,?,i3,
1769450021.9036272,FORWARDED,8c658dfe-20f1-49e0-99de-287e5b467ee2,1622a520-0db8-48b8-8ebd-d59b6cef87fd,c1,c3,1779,?,i3,
1769450021.9577248,SENT,d8bc3795-5853-4c19-9f1e-872e36c9a28e,50e6328c-1032-4b31-8d44-25a2d88e4916,c2,c1,1769,?,i3,
1769450021.9577684,FORWARDED,d8bc3795-5853-4c19-9f1e-872e36c9a28e,50e6328c-1032-4b31-8d44-25a2d88e4916,c2,c1,1769,?,i3,
1769450022.2326381,RECEIVED,648eba16-2c0b-4ed7-a707-a714ca34648e,ecfc9ea7-5554-4e62-9b5a-772cfc4ba496,c2,c1,2472,p2,?,
1769450022.3644943,RECEIVED,2593e272-edd4-4aa1-ba0e-60d428f74d90,cab8b81d-2140-4f1d-952c-2a2a17996f5b,c2,c1,2455,p2,?,
1769450022.3845882,RECEIVED,61a98e7b-c6cf-4309-8b0c-9b5c53629e48,29a27178-289f-4b48-95ce-5cb95f7c1ed6,c3,c5,2460,p3,?,
1769450022.4496558,SENT,e41393e6-3271-4d3c-b608-7957152bc983,f9c9239d-457b-4dd8-9dbc-658c2cbbfb31,c3,c5,1768,?,i8,
1769450022.4497082,FORWARDED,e41393e6-3271-4d3c-b608-7957152bc983,f9c9239d-457b-4dd8-9dbc-658c2cbbfb31,c3,c5,1768,?,i8,
1769450022.4639199,SENT,648eba16-2c0b-4ed7-a707-a714ca34648e,ecfc9ea7-5554-4e62-9b5a-772cfc4ba496,c2,c1,1780,?,i1,
1769450022.4639637,FORWARDED,648eba16-2c0b-4ed7-a707-a714ca34648e,ecfc9ea7-5554-4e62-9b5a-772cfc4ba496,c2,c1,1780,?,i1,
1769450022.5226192,SENT,61a98e7b-c6cf-4309-8b0c-9b5c53629e48,29a27178-289f-4b48-95ce-5cb95f7c1ed6,c3,c5,1771,?,i1,
1769450022.52266,FORWARDED,61a98e7b-c6cf-4309-8b0c-9b5c53629e48,29a27178-289f-4b48-95ce-5cb95f7c1ed6,c3,c5,1771,?,i1,
1769450022.5608256,RECEIVED,82d14f02-e1b4-4991-89b2-ff44ac9efbdc,163cd04d-1d27-44c9-8a01-fd6cbcc67abc,c5,c4,2467,p2,?,
1769450022.873353,RECEIVED,520dde55-f4e1-40b3-a829-de62a0a31fc3,1e5f1679-6eeb-43af-b5d0-c2ccff0cd76c,c2,c1,2469,p2,?,
1769450022.8798153,SENT,82d14f02-e1b4-4991-89b2-ff44ac9efbdc,163cd04d-1d27-44c9-8a01-fd6cbcc67abc,c5,c4,1777,?,i1,
1769450022.8798583,FORWARDED,82d14f02-e1b4-4991-89b2-ff44ac9efbdc,163cd04d-1d27-44c9-8a01-fd6cbcc67abc,c5,c4,1777,?,i1,
1769450023.043795,SENT,520dde55-f4e1-40b3-a829-de62a0a31fc3,1e5f1679-6eeb-43af-b5d0-c2ccff0cd76c,c2,c1,1779,?,i10,
1769450023.0438364,FORWARDED,520dde55-f4e1-40b3-a829-de62a0a31fc3,1e5f1679-6eeb-43af-b5d0-c2ccff0cd76c,c2,c1,1779,?,i10,
1769450023.1028605,RECEIVED,b5a422fb-b7b1-4e5f-bdd0-2d5f065724ca,f82adcfd-4242-42d6-a0f0-f6788cabbcb2,c3,c5,2464,p3,?,
1769450023.1046152,RECEIVED,c24e1027-e15f-43d8-b8a3-a5bb6b1de5ff,d91f4acf-02d3-4c07-a715-e85471f742d0,c5,c4,2460,p2,?,
1769450023.1410434,RECEIVED,9d0190a6-b26a-47b5-ae0a-9d02ce17877e,4a5cd12c-50ba-4358-bd0e-f69a98b7d208,c4,DROP,1452,p1,?,
1769450023.2401667,SENT,b5a422fb-b7b1-4e5f-bdd0-2d5f065724ca,f82adcfd-4242-42d6-a0f0-f6788cabbcb2,c3,c5,1776,?,i2,
1769450023.2402089,FORWARDED,b5a422fb-b7b1-4e5f-bdd0-2d5f065724ca,f82adcfd-4242-42d6-a0f0-f6788cabbcb2,c3,c5,1776,?,i2,
1769450023.2423317,RECEIVED,25bd83e9-9397-4ff9-b168-78b52c5172e7,9480a870-8692-4986-b3ef-20fbc186ea2b,c2,DROP,1451,p2,?,
1769450023.2517066,SENT,c24e1027-e15f-43d8-b8a3-a5bb6b1de5ff,d91f4acf-02d3-4c07-a715-e85471f742d0,c5,c4,1771,?,i9,
1769450023.251749,FORWARDED,c24e1027-e15f-43d8-b8a3-a5bb6b1de5ff,d91f4acf-02d3-4c07-a715-e85471f742d0,c5,c4,1771,?,i9,
1769450023.5146754,SENT,2593e272-edd4-4aa1-ba0e-60d428f74d90,cab8b81d-2140-4f1d-952c-2a2a17996f5b,c2,c1,1768,?,i3,
1769450023.5147154,FORWARDED,2593e272-edd4-4aa1-ba0e-60d428f74d90,cab8b81d-2140-4f1d-952c-2a2a17996f5b,c2,c1,1768,?,i3,
1769450023.5694547,RECEIVED,da9b498d-78bd-4763-9922-34f80ebe94cd,e9e201da-7b64-4cae-b64a-81e94d3ea73c,c1,DROP,1456,p1,?,
1769450023.6366966,SENT,9d0190a6-b26a-47b5-ae0a-9d02ce17877e,4a5cd12c-50ba-4358-bd0e-f69a98b7d208,c4,DROP,1015,?,i1,
1769450023.6367362,FORWARDED,9d0190a6-b26a-47b5-ae0a-9d02ce17877e,4a5cd12c-50ba-4358-bd0e-f69a98b7d208,c4,DROP,1015,?,i1,
1769450023.7227614,RECEIVED,f336f57d-00fe-419f-afa1-c55b0c3bd90b,e64cba0b-ebe2-43f7-89a5-ac59924be00b,c5,DROP,441,x12,?,
1769450023.7519605,RECEIVED,142479e7-b2fc-4268-93ca-df78807ce632,4cfcb4d3-c465-439f-86e5-8f381035e156,c2,c1,2475,p2,?,
1769450023.7725344,RECEIVED,cce30f0c-1a05-4fcc-97aa-5d019aac100c,8716623c-15e6-4692-bccc-404238b1d70f,c3,DROP,1439,p3,?,
1769450023.928375,RECEIVED,d93c29a7-2cf9-4757-8c8f-6198b2ec4104,ef8ef3eb-9681-489f-a26d-46e90ff72390,c4,DROP,1439,p1,?,
1769450024.2195828,SENT,cce30f0c-1a05-4fcc-97aa-5d019aac100c,8716623c-15e6-4692-bccc-404238b1d70f,c3,DROP,1007,?,i4,
1769450024.2196257,FORWARDED,cce30f0c-1a05-4fcc-97aa-5d019aac100c,8716623c-15e6-4692-bccc-404238b1d70f,c3,DROP,1007,?,i4,
1769450024.4197762,RECEIVED,0337def4-f24b-4012-a81e-536ecdff4bc0,3b8fab02-b536-4c03-a32c-ffd841951954,c1,DROP,1447,p1,?,
1769450024.5476065,RECEIVED,f23fd50c-a05f-47dc-802a-9359fb5ca215,2a915bdf-8146-4858-bdff-0734431099c9,c2,DROP,1440,p2,?,
1769450024.6137261,SENT,142479e7-b2fc-4268-93ca-df78807ce632,4cfcb4d3-c465-439f-86e5-8f381035e156,c2,c1,1785,?,i6,
1769450024.6137648,FORWARDED,142479e7-b2fc-4268-93ca-df78807ce632,4cfcb4d3-c465-439f-86e5-8f381035e156,c2,c1,1785,?,i6,
1769450024.6698322,SENT,f23fd50c-a05f-47dc-802a-9359fb5ca215,2a915bdf-8146-4858-bdff-0734431099c9,c2,DROP,1007,?,i3,
1769450024.6698847,FORWARDED,f23fd50c-a05f-47dc-802a-9359fb5ca215,2a915bdf-8146-4858-bdff-0734431099c9,c2,DROP,1007,?,i3,
1769450024.8131576,SENT,d93c29a7-2cf9-4757-8c8f-6198b2ec4104,ef8ef3eb-9681-489f-a26d-46e90ff72390,c4,DROP,1007,?,i8,
1769450024.8132048,FORWARDED,d93c29a7-2cf9-4757-8c8f-6198b2ec4104,ef8ef3eb-9681-489f-a26d-46e90ff72390,c4,DROP,1007,?,i8,
1769450024.8488765,SENT,da9b498d-78bd-4763-9922-34f80ebe94cd,e9e201da-7b64-4cae-b64a-81e94d3ea73c,c1,DROP,1020,?,i10,
1769450024.8489192,FORWARDED,da9b498d-78bd-4763-9922-34f80ebe94cd,e9e201da-7b64-4cae-b64a-81e94d3ea73c,c1,DROP,1020,?,i10,
1769450024.9974492,RECEIVED,f8d1ff79-2325-49ff-af61-56dd282c1f8e,02a31a22-e9db-4bff-a8ba-01d42f656675,c5,DROP,1450,p2,?,
1769450025.0111518,RECEIVED,0e8b8dae-5d13-4e61-bdd9-21c8fbd16d67,4ae9a775-9b6b-459c-8e46-129ce0531f12,c5,DROP,1441,p2,?,
1769450025.0349286,SENT,0337def4-f24b-4012-a81e-536ecdff4bc0,3b8fab02-b536-4c03-a32c-ffd841951954,c1,DROP,1012,?,i1,
1769450025.0349705,FORWARDED,0337def4-f24b-4012-a81e-536ecdff4bc0,3b8fab02-b536-4c03-a32c-ffd841951954,c1,DROP,1012,?,i1,
1769450025.0509765,RECEIVED,9a6d87f5-4c53-48dc-9be9-ce3609b7ee39,45c84e7e-0c21-4e50-9570-8663583e8515,c2,DROP,1444,p2,?,
1769450025.1323009,RECEIVED,d48b075a-e818-4d71-b108-4c68b804ce15,4a3d90c6-83f7-4632-886a-4fc18042cfd7,c1,DROP,1439,p1,?,
1769450025.1567574,SENT,0e8b8dae-5d13-4e61-bdd9-21c8fbd16d67,4ae9a775-9b6b-459c-8e46-129ce0531f12,c5,DROP,1008,?,i12,
1769450025.156799,FORWARDED,0e8b8dae-5d13-4e61-bdd9-21c8fbd16d67,4ae9a775-9b6b-459c-8e46-129ce0531f12,c5,DROP,1008,?,i12,
1769450025.2503934,SENT,9a6d87f5-4c53-48dc-9be9-ce3609b7ee39,45c84e7e-0c21-4e50-9570-8663583e8515,c2,DROP,1011,?,i7,
1769450025.2504356,FORWARDED,9a6d87f5-4c53-48dc-9be9-ce3609b7ee39,45c84e7e-0c21-4e50-9570-8663583e8515,c2,DROP,1011,?,i7,
1769450025.3369405,RECEIVED,3cd6471f-3f72-4780-a6e1-66adf77a6434,8c6b61c9-9e25-41ab-99c0-265c2d683ccf,c4,DROP,441,x4,?,
1769450025.3568196,SENT,25bd83e9-9397-4ff9-b168-78b52c5172e7,9480a870-8692-4986-b3ef-20fbc186ea2b,c2,DROP,1015,?,i3,
1769450025.356859,FORWARDED,25bd83e9-9397-4ff9-b168-78b52c5172e7,9480a870-8692-4986-b3ef-20fbc186ea2b,c2,DROP,1015,?,i3,
1769450025.3707497,RECEIVED,d894de94-8dce-49b8-ba3a-44dfb873f3b4,8405f1a8-94d4-4077-bba4-c84d8a71eb8f,c3,DROP,1452,p3,?,
1769450025.392834,RECEIVED,92b60243-2a66-4cd9-9d0a-de4f646080c8,556219ee-a6bb-4675-a747-42bba06f0df4,c3,DROP,442,x5,?,
1769450025.600429,RECEIVED,9b4a7368-bf63-4699-a0a8-cf1d52a2f666,a89fd184-efb6-429e-a8b7-4b92351b8fb9,c4,c5,2453,p1,?,
1769450025.6267061,SENT,9b4a7368-bf63-4699-a0a8-cf1d52a2f666,a89fd184-efb6-429e-a8b7-4b92351b8fb9,c4,c5,1765,?,i2,
1769450025.6267474,FORWARDED,9b4a7368-bf63-4699-a0a8-cf1d52a2f666,a89fd184-efb6-429e-a8b7-4b92351b8fb9,c4,c5,1765,?,i2,
1769450025.6939762,RECEIVED,b34f94ef-2841-42c9-9ea5-145c649540a0,4b686e3a-31af-4934-94c3-c7ec86b16cbe,c4,DROP,441,x5,?,
1769450025.6969986,SENT,d48b075a-e818-4d71-b108-4c68b804ce15,4a3d90c6-83f7-4632-886a-4fc18042cfd7,c1,DROP,1007,?,i12,
1769450025.6970417,FORWARDED,d48b075a-e818-4d71-b108-4c68b804ce15,4a3d90c6-83f7-4632-886a-4fc18042cfd7,c1,DROP,1007,?,i12,
1769450025.7159853,RECEIVED,bf9caf70-599d-4401-b8c6-6bca77e685f4,4673983f-a62b-41ed-9f4d-6198fa607aa2,c1,c3,2463,p1,?,
1769450025.7558177,RECEIVED,ede1f8e4-0be7-443b-b863-c96e578970cb,1365533b-fcb3-4021-bf3c-a8649b9048fe,c3,c5,2452,p3,?,
1769450025.7982244,SENT,ede1f8e4-0be7-443b-b863-c96e578970cb,1365533b-fcb3-4021-bf3c-a8649b9048fe,c3,c5,1765,?,i7,
1769450025.7982671,FORWARDED,ede1f8e4-0be7-443b-b863-c96e578970cb,1365533b-fcb3-4021-bf3c-a8649b9048fe,c3,c5,1765,?,i7,
1769450025.8386998,SENT,d894de94-8dce-49b8-ba3a-44dfb873f3b4,8405f1a8-94d4-4077-bba4-c84d8a71eb8f,c3,DROP,1015,?,i1,
1769450025.838741,FORWARDED,d894de94-8dce-49b8-ba3a-44dfb873f3b4,8405f1a8-94d4-4077-bba4-c84d8a71eb8f,c3,DROP,1015,?,i1,
1769450025.8388302,RECEIVED,e8aa3a88-dbb1-4c0d-b042-d41ea5a541d3,3bc70c1e-83c8-4634-8c2f-5471bbba16ac,c5,DROP,1451,p2,?,
1769450025.9328067,SENT,f8d1ff79-2325-49ff-af61-56dd282c1f8e,02a31a22-e9db-4bff-a8ba-01d42f656675,c5,DROP,1015,?,i4,
1769450025.93286,FORWARDED,f8d1ff79-2325-49ff-af61-56dd282c1f8e,02a31a22-e9db-4bff-a8ba-01d42f656675,c5,DROP,1015,?,i4,
1769450026.1313443,RECEIVED,f0d33103-b247-4112-b933-bed9256e1dfe,491818c6-4cc0-4b99-9b7a-c4e55e27d244,c2,DROP,442,x1,?,
1769450026.2417152,RECEIVED,2835e81e-f4aa-4bbd-b5e7-b53b07937575,560a159d-6363-43f7-b66d-18bc4e37639f,c3,DROP,1459,p3,?,
1769450026.4476001,RECEIVED,6e886768-f81d-4dfa-9066-817ab7420087,43c132a0-c9a3-4c9e-9960-90a8cd4121a4,c1,DROP,1444,p1,?,
1769450026.4534452,RECEIVED,72d29b15-e66f-4f4f-b55c-a47659ef5e2c,5225d298-6f7a-4895-a9eb-f00f8f989cfd,c1,c3,2460,p1,?,
1769450026.5418441,RECEIVED,15c442c3-7b7d-45b1-956c-6d42078aeb15,35813f3f-43ea-42b2-87f6-7e93264f5ba4,c4,c5,2448,p1,?,
1769450026.5560396,RECEIVED,bed25149-61e4-4260-af93-cabb4cccc9dd,388d7c93-b29b-403d-a3fa-0c11ecaf4fe1,c2,DROP,1448,p2,?,
1769450026.6355464,SENT,6e886768-f81d-4dfa-9066-817ab7420087,43c132a0-c9a3-4c9e-9960-90a8cd4121a4,c1,DROP,1009,?,i5,
1769450026.6355891,FORWARDED,6e886768-f81d-4dfa-9066-817ab7420087,43c132a0-c9a3-4c9e-9960-90a8cd4121a4,c1,DROP,1009,?,i5,
1769450026.6790566,SENT,bf9caf70-599d-4401-b8c6-6bca77e685f4,4673983f-a62b-41ed-9f4d-6198fa607aa2,c1,c3,1775,?,i1,
1769450026.679101,FORWARDED,bf9caf70-599d-4401-b8c6-6bca77e685f4,4673983f-a62b-41ed-9f4d-6198fa607aa2,c1,c3,1775,?,i1,
1769450026.7011263,SENT,bed25149-61e4-4260-af93-cabb4cccc9dd,388d7c93-b29b-403d-a3fa-0c11ecaf4fe1,c2,DROP,1012,?,i8,
1769450026.701165,FORWARDED,bed25149-61e4-4260-af93-cabb4cccc9dd,388d7c93-b29b-403d-a3fa-0c11ecaf4fe1,c2,DROP,1012,?,i8,
1769450026.714274,RECEIVED,69de65ad-3fb4-4bb8-9508-bbc4deaee436,cccafcc9-381c-4ff2-ac5c-ca95b69cb661,c3,DROP,1431,p3,?,
1769450026.74632,SENT,72d29b15-e66f-4f4f-b55c-a47659ef5e2c,5225d298-6f7a-4895-a9eb-f00f8f989cfd,c1,c3,1771,?,i8,
1769450026.7463615,FORWARDED,72d29b15-e66f-4f4f-b55c-a47659ef5e2c,5225d298-6f7a-4895-a9eb-f00f8f989cfd,c1,c3,1771,?,i8,
1769450026.867823,SENT,15c442c3-7b7d-45b1-956c-6d42078aeb15,35813f3f-43ea-42b2-87f6-7e93264f5ba4,c4,c5,1763,?,i3,
1769450026.8678813,FORWARDED,15c442c3-7b7d-45b1-956c-6d42078aeb15,35813f3f-43ea-42b2-87f6-7e93264f5ba4,c4,c5,1763,?,i3,
1769450027.1104367,SENT,e8aa3a88-dbb1-4c0d-b042-d41ea5a541d3,3bc70c1e-83c8-4634-8c2f-5471bbba16ac,c5,DROP,1016,?,i2,
1769450027.1104836,FORWARDED,e8aa3a88-dbb1-4c0d-b042-d41ea5a541d3,3bc70c1e-83c8-4634-8c2f-5471bbba16ac,c5,DROP,1016,?,i2,
1769450027.351765,RECEIVED,c5eb656d-6148-4607-9614-97a3a61361ee,504061a5-91ae-4b5d-b83e-ed89de42b7c9,c2,DROP,1460,p2,?,
1769450027.4515104,RECEIVED,91b41e3c-812c-4efd-9103-587fecb21b77,c1880bbf-6038-4075-bddd-a869ba470eef,c4,DROP,1436,p1,?,
1769450027.5493786,RECEIVED,70664765-5132-4fcb-a15b-81dc89c71cfa,569e9fd9-feee-477a-96ef-f5611a2662ad,c2,DROP,442,x1,?,
1769450027.8436089,RECEIVED,ddf91edc-dc72-41df-b7ea-e203929b0e63,e01f5c5f-ba98-417e-85a0-d59ae3669f68,c2,DROP,1441,p2,?,
1769450027.853666,SENT,91b41e3c-812c-4efd-9103-587fecb21b77,c1880bbf-6038-4075-bddd-a869ba470eef,c4,DROP,1003,?,i3,
1769450027.8537073,FORWARDED,91b41e3c-812c-4efd-9103-587fecb21b77,c1880bbf-6038-4075-bddd-a869ba470eef,c4,DROP,1003,?,i3,
1769450027.8744495,SENT,69de65ad-3fb4-4bb8-9508-bbc4deaee436,cccafcc9-381c-4ff2-ac5c-ca95b69cb661,c3,DROP,1002,?,i6,
1769450027.8744924,FORWARDED,69de65ad-3fb4-4bb8-9508-bbc4deaee436,cccafcc9-381c-4ff2-ac5c-ca95b69cb661,c3,DROP,1002,?,i6,
1769450028.0050106,RECEIVED,a449d425-6d27-431a-8d4b-84e2b2c0931b,7036d2c9-b161-4ba6-ae1c-d190e3796d88,c1,DROP,1449,p1,?,
1769450028.1506534,RECEIVED,edcdd97f-8c2b-45fa-affc-eb64a362c541,315f44f1-b3cc-4549-91f7-e243d54f08f4,c2,DROP,1440,p2,?,
1769450028.1818259,SENT,ddf91edc-dc72-41df-b7ea-e203929b0e63,e01f5c5f-ba98-417e-85a0-d59ae3669f68,c2,DROP,1008,?,i10,
1769450028.1818702,FORWARDED,ddf91edc-dc72-41df-b7ea-e203929b0e63,e01f5c5f-ba98-417e-85a0-d59ae3669f68,c2,DROP,1008,?,i10,
1769450028.1972826,RECEIVED,b9215bb5-9191-450a-b433-f4e554a217c3,99c0dd55-71e5-4c9b-be9e-c8610404d9a5,c1,DROP,1443,p1,?,
1769450028.2103367,SENT,2835e81e-f4aa-4bbd-b5e7-b53b07937575,560a159d-6363-43f7-b66d-18bc4e37639f,c3,DROP,1021,?,i5,
1769450028.2103896,FORWARDED,2835e81e-f4aa-4bbd-b5e7-b53b07937575,560a159d-6363-43f7-b66d-18bc4e37639f,c3,DROP,1021,?,i5,
1769450028.2588706,SENT,a449d425-6d27-431a-8d4b-84e2b2c0931b,7036d2c9-b161-4ba6-ae1c-d190e3796d88,c1,DROP,1012,?,i12,
1769450028.2589133,FORWARDED,a449d425-6d27-431a-8d4b-84e2b2c0931b,7036d2c9-b161-4ba6-ae1c-d190e3796d88,c1,DROP,1012,?,i12,
1769450028.4031746,SENT,c5eb656d-6148-4607-9614-97a3a61361ee,504061a5-91ae-4b5d-b83e-ed89de42b7c9,c2,DROP,1021,?,i10,
1769450028.4032166,FORWARDED,c5eb656d-6148-4607-9614-97a3a61361ee,504061a5-91ae-4b5d-b83e-ed89de42b7c9,c2,DROP,1021,?,i10,
1769450028.5561552,RECEIVED,3aea079d-3466-4d3d-be3a-4e61354c4f3c,1cb4fb33-a003-4d49-bac2-f2b3bc4a79ce,c2,DROP,1450,p2,?,
1769450028.7254605,SENT,edcdd97f-8c2b-45fa-affc-eb64a362c541,315f44f1-b3cc-4549-91f7-e243d54f08f4,c2,DROP,1008,?,i11,
1769450028.725502,FORWARDED,edcdd97f-8c2b-45fa-affc-eb64a362c541,315f44f1-b3cc-4549-91f7-e243d54f08f4,c2,DROP,1008,?,i11,
1769450028.8370547,RECEIVED,bc5377a3-e258-4795-9e89-a4d4f087f75b,2721e435-e9eb-4f66-af6c-d9811903d403,c5,DROP,1439,p2,?,
1769450028.83837,RECEIVED,fb335076-c90c-4270-90e0-30ca34bbae18,3a31525d-7b90-4c32-83a5-5f4d13c53bb9,c3,c5,2448,p3,?,
1769450028.9684668,SENT,b9215bb5-9191-450a-b433-f4e554a217c3,99c0dd55-71e5-4c9b-be9e-c8610404d9a5,c1,DROP,1011,?,i8,
1769450028.9685106,FORWARDED,b9215bb5-9191-450a-b433-f4e554a217c3,99c0dd55-71e5-4c9b-be9e-c8610404d9a5,c1,DROP,1011,?,i8,
1769450029.0053086,RECEIVED,d7b8dfd5-2717-4326-add4-0693a5684e28,95a777b4-c0a0-48fa-ba48-2f6d81131b83,c4,DROP,1449,p1,?,
1769450029.0701978,SENT,d7b8dfd5-2717-4326-add4-0693a5684e28,95a777b4-c0a0-48fa-ba48-2f6d81131b83,c4,DROP,1014,?,i8,
1769450029.0702426,FORWARDED,d7b8dfd5-2717-4326-add4-0693a5684e28,95a777b4-c0a0-48fa-ba48-2f6d81131b83,c4,DROP,1014,?,i8,
1769450029.1511571,SENT,3aea079d-3466-4d3d-be3a-4e61354c4f3c,1cb4fb33-a003-4d49-bac2-f2b3bc4a79ce,c2,DROP,1016,?,i7,
1769450029.1511981,FORWARDED,3aea079d-3466-4d3d-be3a-4e61354c4f3c,1cb4fb33-a003-4d49-bac2-f2b3bc4a79ce,c2,DROP,1016,?,i7,
1769450029.1852694,SENT,fb335076-c90c-4270-90e0-30ca34bbae18,3a31525d-7b90-4c32-83a5-5f4d13c53bb9,c3,c5,1763,?,i9,
1769450029.185312,FORWARDED,fb335076-c90c-4270-90e0-30ca34bbae18,3a31525d-7b90-4c32-83a5-5f4d13c53bb9,c3,c5,1763,?,i9,
1769450029.1966603,RECEIVED,06179693-b4b6-44a4-a4ae-d8dddcc1c6eb,8c012380-89e6-408f-a3be-201023d0d67f,c4,DROP,1436,p1,?,
1769450029.273167,RECEIVED,37fb6427-f67d-4112-9f77-9dc860ec570c,810fe561-01b5-43ad-b979-cf5eeaece5ed,c2,DROP,1441,p2,?,
1769450029.5654318,SENT,37fb6427-f67d-4112-9f77-9dc860ec570c,810fe561-01b5-43ad-b979-cf5eeaece5ed,c2,DROP,1008,?,i12,
1769450029.5654752,FORWARDED,37fb6427-f67d-4112-9f77-9dc860ec570c,810fe561-01b5-43ad-b979-cf5eeaece5ed,c2,DROP,1008,?,i12,
1769450029.7449973,RECEIVED,0221f391-427f-4e2f-8cb7-7bba8221c145,088dba99-ff1e-4718-9f08-b092313cf3ec,c1,c3,2459,p1,?,
1769450029.9334803,RECEIVED,19b1b138-98a5-4f16-8091-6d20ff7d300d,51d0ddb9-feea-4bdf-a375-6ec6f0abb554,c1,DROP,441,x8,?,
1769450030.0507925,RECEIVED,58737075-c7d5-4bdc-907b-77203af34ed7,f3ad4489-5a18-4367-8310-793dfae3909e,c3,DROP,1439,p3,?,
1769450030.1201177,SENT,06179693-b4b6-44a4-a4ae-d8dddcc1c6eb,8c012380-89e6-408f-a3be-201023d0d67f,c4,DROP,1004,?,i11,
1769450030.1201591,FORWARDED,06179693-b4b6-44a4-a4ae-d8dddcc1c6eb,8c012380-89e6-408f-a3be-201023d0d67f,c4,DROP,1004,?,i11,
1769450030.2267761,SENT,0221f391-427f-4e2f-8cb7-7bba8221c145,088dba99-ff1e-4718-9f08-b092313cf3ec,c1,c3,1771,?,i9,
1769450030.2268183,FORWARDED,0221f391-427f-4e2f-8cb7-7bba8221c145,088dba99-ff1e-4718-9f08-b092313cf3ec,c1,c3,1771,?,i9,
1769450030.3549058,RECEIVED,303fc262-c7fa-44bf-a97e-b231fb83b576,a98ef316-3227-41e9-835f-57be21d10e8d,c5,DROP,1439,p2,?,
1769450030.3623753,SENT,bc5377a3-e258-4795-9e89-a4d4f087f75b,2721e435-e9eb-4f66-af6c-d9811903d403,c5,DROP,1008,?,i3,
1769450030.3624172,FORWARDED,bc5377a3-e258-4795-9e89-a4d4f087f75b,2721e435-e9eb-4f66-af6c-d9811903d403,c5,DROP,1008,?,i3,
1769450030.486001,RECEIVED,4ac05a7d-19dd-45b0-b0f7-c2060f6a7a5c,b933ed80-9622-4b36-a2d9-d2b2331c8151,c3,DROP,1441,p3,?,
1769450030.527842,RECEIVED,6c9c6c96-d148-46ab-84d6-f2aa8db00dff,57be50fd-78c3-4249-90f4-6f510a618835,c2,c1,2464,p2,?,
1769450030.5638282,SENT,4ac05a7d-19dd-45b0-b0f7-c2060f6a7a5c,b933ed80-9622-4b36-a2d9-d2b2331c8151,c3,DROP,1008,?,i12,
1769450030.5638702,FORWARDED,4ac05a7d-19dd-45b0-b0f7-c2060f6a7a5c,b933ed80-9622-4b36-a2d9-d2b2331c8151,c3,DROP,1008,?,i12,
1769450030.6297128,RECEIVED,61512533-fbac-468f-a013-34c5e21b8cb0,d105db0b-9dbc-40b7-b812-dae3391bf338,c5,DROP,1439,p2,?,
1769450030.6762106,SENT,58737075-c7d5-4bdc-907b-77203af34ed7,f3ad4489-5a18-4367-8310-793dfae3909e,c3,DROP,1007,?,i6,
1769450030.6762547,FORWARDED,58737075-c7d5-4bdc-907b-77203af34ed7,f3ad4489-5a18-4367-8310-793dfae3909e,c3,DROP,1007,?,i6,
1769450030.7742875,SENT,6c9c6c96-d148-46ab-84d6-f2aa8db00dff,57be50fd-78c3-4249-90f4-6f510a618835,c2,c1,1776,?,i4,
1769450030.7743282,FORWARDED,6c9c6c96-d148-46ab-84d6-f2aa8db00dff,57be50fd-78c3-4249-90f4-6f510a618835,c2,c1,1776,?,i4,
1769450030.7884934,SENT,303fc262-c7fa-44bf-a97e-b231fb83b576,a98ef316-3227-41e9-835f-57be21d10e8d,c5,DROP,1008,?,i4,
1769450030.788534,FORWARDED,303fc262-c7fa-44bf-a97e-b231fb83b576,a98ef316-3227-41e9-835f-57be21d10e8d,c5,DROP,1008,?,i4,
1769450030.9759903,SENT,61512533-fbac-468f-a013-34c5e21b8cb0,d105db0b-9dbc-40b7-b812-dae3391bf338,c5,DROP,1008,?,i6,
1769450030.9760232,FORWARDED,61512533-fbac-468f-a013-34c5e21b8cb0,d105db0b-9dbc-40b7-b812-dae3391bf338,c5,DROP,1008,?,i6,
1769450031.2772899,RECEIVED,52801c16-fe85-406b-a854-34752f080a53,03da3472-8108-4a51-963f-91c4da6f19d8,c2,DROP,437,x11,?,
1769450031.4084578,RECEIVED,5b199456-f33e-4bc1-85c6-be64e181f36f,cfd5cd09-89fb-4799-90df-869419a6d0c2,c1,DROP,1450,p1,?,
1769450031.4662807,RECEIVED,0423c98f-bbbd-4091-995d-8b63d21d7b3a,95762c8e-9500-48a8-acb5-29086983d00b,c4,DROP,443,x1,?,
1769450031.559862,SENT,5b199456-f33e-4bc1-85c6-be64e181f36f,cfd5cd09-89fb-4799-90df-869419a6d0c2,c1,DROP,1015,?,i9,
1769450031.5598989,FORWARDED,5b199456-f33e-4bc1-85c6-be64e181f36f,cfd5cd09-89fb-4799-90df-869419a6d0c2,c1,DROP,1015,?,i9,
1769450031.789518,RECEIVED,6bc34dbf-34e9-49c6-bc9c-09b889829ea3,06be773b-a5e2-4124-8679-4fa68861170d,c4,c5,2477,p1,?,
1769450031.9683077,SENT,6bc34dbf-34e9-49c6-bc9c-09b889829ea3,06be773b-a5e2-4124-8679-4fa68861170d,c4,c5,1784,?,i10,
1769450031.968352,FORWARDED,6bc34dbf-34e9-49c6-bc9c-09b889829ea3,06be773b-a5e2-4124-8679-4fa68861170d,c4,c5,1784,?,i10,
1769450032.4686763,RECEIVED,0471e700-5567-4302-ad3c-438ebde92634,6c4242a1-036d-461b-8105-b99fb24d44e5,c1,DROP,438,x9,?,
