timestamp,event_type,packet_id,message_id,src,dst,size,prev_hop,next_hop,flags
1768856811.8445106,RECEIVED,0eb92425-c206-47d5-8ab2-30690d2759d4,55cec132-9df7-4153-b04e-2324c03dbd4b,c2,c1,1460,e10,?,
1768856811.9963439,SENT,0eb92425-c206-47d5-8ab2-30690d2759d4,55cec132-9df7-4153-b04e-2324c03dbd4b,c2,c1,1023,?,x5,
1768856811.9964843,FORWARDED,0eb92425-c206-47d5-8ab2-30690d2759d4,55cec132-9df7-4153-b04e-2324c03dbd4b,c2,c1,1023,?,x5,
1768856812.3580744,RECEIVED,c30b41fb-08da-4a0a-9a2f-8d1b9915185a,e43dca14-52e3-40c1-b97f-c033e9d10d10,c5,c3,1459,e8,?,
1768856812.8337035,RECEIVED,44e0ab00-b491-4368-807d-0bbd19b18d75,c7f54078-bf12-473a-bc28-879d9a50c036,c5,DROP,1019,e11,?,
1768856812.8977766,SENT,c30b41fb-08da-4a0a-9a2f-8d1b9915185a,e43dca14-52e3-40c1-b97f-c033e9d10d10,c5,c3,1023,?,x4,
1768856812.897901,FORWARDED,c30b41fb-08da-4a0a-9a2f-8d1b9915185a,e43dca14-52e3-40c1-b97f-c033e9d10d10,c5,c3,1023,?,x4,
1768856813.5154374,SENT,44e0ab00-b491-4368-807d-0bbd19b18d75,c7f54078-bf12-473a-bc28-879d9a50c036,c5,DROP,691,?,x3,
1768856813.5161934,FORWARDED,44e0ab00-b491-4368-807d-0bbd19b18d75,c7f54078-bf12-473a-bc28-879d9a50c036,c5,DROP,691,?,x3,
1768856813.5279644,RECEIVED,a75746f0-0439-4232-a911-1d6166cbcfaf,29e15a50-d543-4952-a97e-e56e7f502ee6,c1,c2,1585,e7,?,
1768856813.6543326,RECEIVED,bb8ead04-fbcd-469d-bae7-86684df7b1d1,277d7390-752d-4062-afdf-47c5c12485ce,c4,DROP,1008,e6,?,
1768856813.7522838,SENT,bb8ead04-fbcd-469d-bae7-86684df7b1d1,277d7390-752d-4062-afdf-47c5c12485ce,c4,DROP,683,?,x8,
1768856813.752433,FORWARDED,bb8ead04-fbcd-469d-bae7-86684df7b1d1,277d7390-752d-4062-afdf-47c5c12485ce,c4,DROP,683,?,x8,
1768856813.7745063,SENT,a75746f0-0439-4232-a911-1d6166cbcfaf,29e15a50-d543-4952-a97e-e56e7f502ee6,c1,c2,1116,?,x11,
1768856813.7746396,FORWARDED,a75746f0-0439-4232-a911-1d6166cbcfaf,29e15a50-d543-4952-a97e-e56e7f502ee6,c1,c2,1116,?,x11,
1768856813.9649036,RECEIVED,53f59701-08f4-41db-afe8-53ea112529e3,05ad320a-3ae2-4bdc-96e2-4ec352e5e8da,c5,c3,1452,e6,?,
1768856814.133141,SENT,53f59701-08f4-41db-afe8-53ea112529e3,05ad320a-3ae2-4bdc-96e2-4ec352e5e8da,c5,c3,1015,?,x7,
1768856814.1332238,FORWARDED,53f59701-08f4-41db-afe8-53ea112529e3,05ad320a-3ae2-4bdc-96e2-4ec352e5e8da,c5,c3,1015,?,x7,
1768856815.223122,RECEIVED,e90b2b06-177f-4eaa-862f-3c2debe54104,6aa97088-46fa-476b-9b14-b3d737eab901,c2,c1,1459,e3,?,
1768856815.3302364,RECEIVED,06f7f5f6-220d-4252-9d8e-17a00bd8d0c6,46c054e5-edf4-4a02-a67e-df28a5348700,c4,c5,1451,e5,?,
1768856815.3344395,RECEIVED,60e3f48a-9ef9-4f80-998c-933f3ace6b01,8d5e91e7-ee89-4294-a800-a9b389993f29,c1,c5,1458,e6,?,
1768856815.4287648,SENT,60e3f48a-9ef9-4f80-998c-933f3ace6b01,8d5e91e7-ee89-4294-a800-a9b389993f29,c1,c5,1020,?,x10,
1768856815.428827,FORWARDED,60e3f48a-9ef9-4f80-998c-933f3ace6b01,8d5e91e7-ee89-4294-a800-a9b389993f29,c1,c5,1020,?,x10,
1768856815.5446088,RECEIVED,a7b5fd8b-998a-45ef-94c7-11375976c9d3,7fdfc055-16bc-45d5-a798-12b192c2c944,c1,DROP,1011,e5,?,
1768856815.6299798,SENT,e90b2b06-177f-4eaa-862f-3c2debe54104,6aa97088-46fa-476b-9b14-b3d737eab901,c2,c1,1023,?,x11,
1768856815.6300862,FORWARDED,e90b2b06-177f-4eaa-862f-3c2debe54104,6aa97088-46fa-476b-9b14-b3d737eab901,c2,c1,1023,?,x11,
1768856815.818787,SENT,06f7f5f6-220d-4252-9d8e-17a00bd8d0c6,46c054e5-edf4-4a02-a67e-df28a5348700,c4,c5,1015,?,x6,
1768856815.8189173,FORWARDED,06f7f5f6-220d-4252-9d8e-17a00bd8d0c6,46c054e5-edf4-4a02-a67e-df28a5348700,c4,c5,1015,?,x6,
1768856815.8235044,RECEIVED,07cc91ea-722a-4b4e-b2a6-452f86168299,be0743ec-f93d-4f11-9e2a-9a55ffccb72a,c4,c5,1459,e7,?,
1768856815.82878,RECEIVED,3abfe1d0-4e8e-4bfc-b70d-a44725822705,3d1d1840-741d-42c7-8c98-04d4c446fd76,c2,c1,1459,e5,?,
1768856815.8347397,RECEIVED,574cb4f2-0d8d-438f-a6ae-f7816c27d691,4e9ee7ae-73e1-4b82-aaa2-ecd0eec4fb45,c5,c3,1456,e4,?,
1768856816.070453,RECEIVED,68fe6f93-bb03-456c-b863-d71e0996734f,753d002a-eadd-495f-abb0-d1856c420fc6,c2,c1,1444,e12,?,
1768856816.1507852,SENT,574cb4f2-0d8d-438f-a6ae-f7816c27d691,4e9ee7ae-73e1-4b82-aaa2-ecd0eec4fb45,c5,c3,1019,?,x5,
1768856816.1508315,FORWARDED,574cb4f2-0d8d-438f-a6ae-f7816c27d691,4e9ee7ae-73e1-4b82-aaa2-ecd0eec4fb45,c5,c3,1019,?,x5,
1768856816.185095,SENT,a7b5fd8b-998a-45ef-94c7-11375976c9d3,7fdfc055-16bc-45d5-a798-12b192c2c944,c1,DROP,687,?,x4,
1768856816.1852152,FORWARDED,a7b5fd8b-998a-45ef-94c7-11375976c9d3,7fdfc055-16bc-45d5-a798-12b192c2c944,c1,DROP,687,?,x4,
1768856816.2417116,RECEIVED,d8a75dbe-c164-498d-8f88-3a66c6b3984b,8f6d2cc8-9f9f-4d07-91ec-639852b073f7,c5,c1,1584,e8,?,
1768856816.3611734,SENT,68fe6f93-bb03-456c-b863-d71e0996734f,753d002a-eadd-495f-abb0-d1856c420fc6,c2,c1,1011,?,x6,
1768856816.3612263,FORWARDED,68fe6f93-bb03-456c-b863-d71e0996734f,753d002a-eadd-495f-abb0-d1856c420fc6,c2,c1,1011,?,x6,
1768856816.407015,SENT,3abfe1d0-4e8e-4bfc-b70d-a44725822705,3d1d1840-741d-42c7-8c98-04d4c446fd76,c2,c1,1021,?,x9,
1768856816.4070826,FORWARDED,3abfe1d0-4e8e-4bfc-b70d-a44725822705,3d1d1840-741d-42c7-8c98-04d4c446fd76,c2,c1,1021,?,x9,
1768856816.5759797,RECEIVED,b02fcc20-f8eb-4abe-b250-843799551695,be7e24f8-56ea-4124-914e-8dcfabfc22ee,c1,c5,1455,e2,?,
1768856816.635256,SENT,d8a75dbe-c164-498d-8f88-3a66c6b3984b,8f6d2cc8-9f9f-4d07-91ec-639852b073f7,c5,c1,1114,?,x12,
1768856816.6353073,FORWARDED,d8a75dbe-c164-498d-8f88-3a66c6b3984b,8f6d2cc8-9f9f-4d07-91ec-639852b073f7,c5,c1,1114,?,x12,
1768856816.8171527,RECEIVED,3a40f39e-e0bd-44d4-b505-f52ca6c3d1dc,a521d618-fa68-4a08-b754-f93c8f430230,c3,c5,1444,e4,?,
1768856816.920643,SENT,3a40f39e-e0bd-44d4-b505-f52ca6c3d1dc,a521d618-fa68-4a08-b754-f93c8f430230,c3,c5,1011,?,x5,
1768856816.921107,FORWARDED,3a40f39e-e0bd-44d4-b505-f52ca6c3d1dc,a521d618-fa68-4a08-b754-f93c8f430230,c3,c5,1011,?,x5,
1768856816.943995,RECEIVED,5fa1cae9-30c4-4ea7-9d48-d30f92055660,a8ead86e-e4aa-4cfb-9e9b-7af61e0b4ef9,c1,c2,1583,e1,?,
1768856816.970221,SENT,b02fcc20-f8eb-4abe-b250-843799551695,be7e24f8-56ea-4124-914e-8dcfabfc22ee,c1,c5,1019,?,x7,
1768856816.970276,FORWARDED,b02fcc20-f8eb-4abe-b250-843799551695,be7e24f8-56ea-4124-914e-8dcfabfc22ee,c1,c5,1019,?,x7,
1768856816.988095,RECEIVED,225b939d-4aee-45dd-9467-a1bf9852d1b1,6a02cd21-8118-4fa5-a1d9-247fd24c811a,c5,c3,1576,e2,?,
1768856816.9898982,RECEIVED,65a887d6-f29c-47a9-8b2e-f5039b0e1533,dd024492-d647-4f24-b776-8ba35c825380,c3,c5,1583,e11,?,
1768856817.1504467,SENT,225b939d-4aee-45dd-9467-a1bf9852d1b1,6a02cd21-8118-4fa5-a1d9-247fd24c811a,c5,c3,1110,?,x3,
1768856817.150485,FORWARDED,225b939d-4aee-45dd-9467-a1bf9852d1b1,6a02cd21-8118-4fa5-a1d9-247fd24c811a,c5,c3,1110,?,x3,
1768856817.1612957,RECEIVED,c86ae0a2-e042-4e5e-b583-3125319b910b,60fee53f-b996-4edb-bddc-ab05e20ecdcd,c5,c4,1579,e5,?,
1768856817.246095,RECEIVED,5edc735c-d383-4b56-b279-fcc864a19bb5,b82c5f57-4c01-4638-9107-32187033824d,c4,c5,1455,e4,?,
1768856817.391614,RECEIVED,67dab5fd-6bc6-4dcf-8e0b-b0def3ae73a7,6ab436cb-c7b3-4404-8a74-c2137c6ba21b,c1,c2,1584,e10,?,
1768856817.4383876,SENT,07cc91ea-722a-4b4e-b2a6-452f86168299,be0743ec-f93d-4f11-9e2a-9a55ffccb72a,c4,c5,1023,?,x4,
1768856817.438433,FORWARDED,07cc91ea-722a-4b4e-b2a6-452f86168299,be0743ec-f93d-4f11-9e2a-9a55ffccb72a,c4,c5,1023,?,x4,
1768856817.5126405,RECEIVED,2be07ea6-a35b-4cce-a8db-b218428c893c,550468e4-3dfc-41d3-9d91-84162fc7f37a,c1,c5,1460,e8,?,
1768856817.5430112,SENT,5fa1cae9-30c4-4ea7-9d48-d30f92055660,a8ead86e-e4aa-4cfb-9e9b-7af61e0b4ef9,c1,c2,1116,?,x8,
1768856817.5430648,FORWARDED,5fa1cae9-30c4-4ea7-9d48-d30f92055660,a8ead86e-e4aa-4cfb-9e9b-7af61e0b4ef9,c1,c2,1116,?,x8,
1768856817.5530963,SENT,65a887d6-f29c-47a9-8b2e-f5039b0e1533,dd024492-d647-4f24-b776-8ba35c825380,c3,c5,1115,?,x7,
1768856817.5531356,FORWARDED,65a887d6-f29c-47a9-8b2e-f5039b0e1533,dd024492-d647-4f24-b776-8ba35c825380,c3,c5,1115,?,x7,
1768856817.9777646,SENT,5edc735c-d383-4b56-b279-fcc864a19bb5,b82c5f57-4c01-4638-9107-32187033824d,c4,c5,1020,?,x9,
1768856817.9778063,FORWARDED,5edc735c-d383-4b56-b279-fcc864a19bb5,b82c5f57-4c01-4638-9107-32187033824d,c4,c5,1020,?,x9,
1768856817.981223,SENT,67dab5fd-6bc6-4dcf-8e0b-b0def3ae73a7,6ab436cb-c7b3-4404-8a74-c2137c6ba21b,c1,c2,1116,?,x12,
1768856817.9812634,FORWARDED,67dab5fd-6bc6-4dcf-8e0b-b0def3ae73a7,6ab436cb-c7b3-4404-8a74-c2137c6ba21b,c1,c2,1116,?,x12,
1768856818.0057008,RECEIVED,d74484a1-6b5f-47c2-8ff2-d39f2ccf65ca,cd2e7192-34fd-4bbf-8933-c73dc4f298f1,c3,c5,1460,e10,?,
1768856818.1755438,SENT,d74484a1-6b5f-47c2-8ff2-d39f2ccf65ca,cd2e7192-34fd-4bbf-8933-c73dc4f298f1,c3,c5,1023,?,x5,
1768856818.17559,FORWARDED,d74484a1-6b5f-47c2-8ff2-d39f2ccf65ca,cd2e7192-34fd-4bbf-8933-c73dc4f298f1,c3,c5,1023,?,x5,
1768856818.3417022,SENT,c86ae0a2-e042-4e5e-b583-3125319b910b,60fee53f-b996-4edb-bddc-ab05e20ecdcd,c5,c4,1112,?,x10,
1768856818.3417418,FORWARDED,c86ae0a2-e042-4e5e-b583-3125319b910b,60fee53f-b996-4edb-bddc-ab05e20ecdcd,c5,c4,1112,?,x10,
1768856818.4480772,RECEIVED,1801d505-8e44-4afc-984e-78b51140823b,003580a9-3205-452f-b32e-c5fd65785e5d,c4,DROP,1014,e1,?,
1768856818.8608172,RECEIVED,e5751583-b148-4667-adb1-7a3340e45a7f,8adebdf0-1509-4a2c-b327-f3b3b0d46794,c5,c4,1584,e6,?,
1768856819.0597703,SENT,e5751583-b148-4667-adb1-7a3340e45a7f,8adebdf0-1509-4a2c-b327-f3b3b0d46794,c5,c4,1115,?,x3,
1768856819.0598264,FORWARDED,e5751583-b148-4667-adb1-7a3340e45a7f,8adebdf0-1509-4a2c-b327-f3b3b0d46794,c5,c4,1115,?,x3,
1768856819.1032574,RECEIVED,4dec472c-4516-4b6c-8d38-0c465c32e87c,c2d6612a-5e8a-4bca-b6ee-01f462e5114b,c5,c1,1577,e1,?,
1768856819.198487,SENT,4dec472c-4516-4b6c-8d38-0c465c32e87c,c2d6612a-5e8a-4bca-b6ee-01f462e5114b,c5,c1,1108,?,x10,
1768856819.1985283,FORWARDED,4dec472c-4516-4b6c-8d38-0c465c32e87c,c2d6612a-5e8a-4bca-b6ee-01f462e5114b,c5,c1,1108,?,x10,
1768856819.2115998,SENT,2be07ea6-a35b-4cce-a8db-b218428c893c,550468e4-3dfc-41d3-9d91-84162fc7f37a,c1,c5,1023,?,x11,
1768856819.2116408,FORWARDED,2be07ea6-a35b-4cce-a8db-b218428c893c,550468e4-3dfc-41d3-9d91-84162fc7f37a,c1,c5,1023,?,x11,
1768856819.8771613,RECEIVED,d9c219b2-1b6d-4e06-943b-7ef2c166f4e9,9ca2008d-5e74-4a10-8de3-900db50f2f69,c5,c4,1583,e9,?,
1768856819.900334,SENT,1801d505-8e44-4afc-984e-78b51140823b,003580a9-3205-452f-b32e-c5fd65785e5d,c4,DROP,688,?,x2,
1768856819.900375,FORWARDED,1801d505-8e44-4afc-984e-78b51140823b,003580a9-3205-452f-b32e-c5fd65785e5d,c4,DROP,688,?,x2,
1768856819.9566247,RECEIVED,f6b09096-4d75-44fa-8dad-c923a59b6f15,40f32b15-9df2-489b-bc60-7b9bd5ef7a8e,c3,c5,1583,e9,?,
1768856820.1947646,SENT,d9c219b2-1b6d-4e06-943b-7ef2c166f4e9,9ca2008d-5e74-4a10-8de3-900db50f2f69,c5,c4,1115,?,x1,
1768856820.194807,FORWARDED,d9c219b2-1b6d-4e06-943b-7ef2c166f4e9,9ca2008d-5e74-4a10-8de3-900db50f2f69,c5,c4,1115,?,x1,
1768856820.3358579,RECEIVED,e2a9a75a-81f1-489e-a574-2b39a80992e0,4e8b56cc-e047-448a-8a67-fdf74d0bc7c0,c2,DROP,1015,e5,?,
1768856820.3627892,RECEIVED,8ed0a7fe-0f1b-40b9-87d5-aeec2a6cb823,b74f4e50-9580-4a7d-a3c0-74d358d1c310,c1,c5,1448,e6,?,
1768856820.447552,SENT,e2a9a75a-81f1-489e-a574-2b39a80992e0,4e8b56cc-e047-448a-8a67-fdf74d0bc7c0,c2,DROP,689,?,x4,
1768856820.4475927,FORWARDED,e2a9a75a-81f1-489e-a574-2b39a80992e0,4e8b56cc-e047-448a-8a67-fdf74d0bc7c0,c2,DROP,689,?,x4,
1768856820.450621,RECEIVED,8ea8e86d-2893-4d33-b301-1af724f88803,06ce3f40-d4e5-48c2-94c1-f382fbbcaefa,c1,c2,1585,e10,?,
1768856820.54908,SENT,8ea8e86d-2893-4d33-b301-1af724f88803,06ce3f40-d4e5-48c2-94c1-f382fbbcaefa,c1,c2,1116,?,x5,
1768856820.5491204,FORWARDED,8ea8e86d-2893-4d33-b301-1af724f88803,06ce3f40-d4e5-48c2-94c1-f382fbbcaefa,c1,c2,1116,?,x5,
1768856820.6039834,SENT,8ed0a7fe-0f1b-40b9-87d5-aeec2a6cb823,b74f4e50-9580-4a7d-a3c0-74d358d1c310,c1,c5,1012,?,x11,
1768856820.6040235,FORWARDED,8ed0a7fe-0f1b-40b9-87d5-aeec2a6cb823,b74f4e50-9580-4a7d-a3c0-74d358d1c310,c1,c5,1012,?,x11,
1768856820.727233,RECEIVED,a186968e-d8b8-425c-a130-57e41e7daf69,a50d0059-bf30-4804-ba33-0d52d892f6dd,c4,c5,1457,e5,?,
1768856820.8059204,SENT,a186968e-d8b8-425c-a130-57e41e7daf69,a50d0059-bf30-4804-ba33-0d52d892f6dd,c4,c5,1019,?,x1,
1768856820.8059595,FORWARDED,a186968e-d8b8-425c-a130-57e41e7daf69,a50d0059-bf30-4804-ba33-0d52d892f6dd,c4,c5,1019,?,x1,
1768856820.9811287,RECEIVED,f1205bd8-175a-47bc-9497-47f937ef0588,b933af68-378c-4ab5-87e3-7338bbaa8023,c5,c1,1573,e4,?,
1768856821.0347729,SENT,f1205bd8-175a-47bc-9497-47f937ef0588,b933af68-378c-4ab5-87e3-7338bbaa8023,c5,c1,1106,?,x6,
1768856821.0348141,FORWARDED,f1205bd8-175a-47bc-9497-47f937ef0588,b933af68-378c-4ab5-87e3-7338bbaa8023,c5,c1,1106,?,x6,
1768856821.4075553,RECEIVED,f8955bd6-3c7c-41c9-841d-1cc1a45b0311,0c1ca7df-5a2c-4d6d-b1ac-a18cc1ee4deb,c1,c2,1583,e7,?,
1768856821.6565948,SENT,f6b09096-4d75-44fa-8dad-c923a59b6f15,40f32b15-9df2-489b-bc60-7b9bd5ef7a8e,c3,c5,1114,?,x7,
1768856821.656634,FORWARDED,f6b09096-4d75-44fa-8dad-c923a59b6f15,40f32b15-9df2-489b-bc60-7b9bd5ef7a8e,c3,c5,1114,?,x7,
1768856821.752718,SENT,f8955bd6-3c7c-41c9-841d-1cc1a45b0311,0c1ca7df-5a2c-4d6d-b1ac-a18cc1ee4deb,c1,c2,1116,?,x9,
1768856821.752758,FORWARDED,f8955bd6-3c7c-41c9-841d-1cc1a45b0311,0c1ca7df-5a2c-4d6d-b1ac-a18cc1ee4deb,c1,c2,1116,?,x9,
1768856821.7703102,RECEIVED,64fe5cfc-9e4a-4536-8971-3a8ea6cad2d6,e2eefea3-3db9-471b-a389-e1530303db65,c3,c5,1566,e2,?,
1768856822.0224092,RECEIVED,eea8d5f4-56a2-4560-9a84-25bbf883b752,50a2304f-8487-43e9-a028-097de9156834,c1,c2,1585,e11,?,
1768856822.0552063,RECEIVED,091ca932-7a22-404f-8043-bed7262a3d54,f1bb7990-1ffb-49bf-836c-494a808dbe31,c4,c5,1455,e11,?,
1768856822.1936736,SENT,eea8d5f4-56a2-4560-9a84-25bbf883b752,50a2304f-8487-43e9-a028-097de9156834,c1,c2,1116,?,x10,
1768856822.193713,FORWARDED,eea8d5f4-56a2-4560-9a84-25bbf883b752,50a2304f-8487-43e9-a028-097de9156834,c1,c2,1116,?,x10,
1768856822.257677,RECEIVED,37a7e62b-f789-4f95-9044-864fb1738f09,5828b188-6861-4d9a-9ace-ace2fcca1a6b,c5,c3,1572,e1,?,
1768856822.3646479,SENT,37a7e62b-f789-4f95-9044-864fb1738f09,5828b188-6861-4d9a-9ace-ace2fcca1a6b,c5,c3,1107,?,x2,
1768856822.3646898,FORWARDED,37a7e62b-f789-4f95-9044-864fb1738f09,5828b188-6861-4d9a-9ace-ace2fcca1a6b,c5,c3,1107,?,x2,
1768856822.4289725,SENT,091ca932-7a22-404f-8043-bed7262a3d54,f1bb7990-1ffb-49bf-836c-494a808dbe31,c4,c5,1018,?,x1,
1768856822.4290204,FORWARDED,091ca932-7a22-404f-8043-bed7262a3d54,f1bb7990-1ffb-49bf-836c-494a808dbe31,c4,c5,1018,?,x1,
1768856822.5051224,SENT,64fe5cfc-9e4a-4536-8971-3a8ea6cad2d6,e2eefea3-3db9-471b-a389-e1530303db65,c3,c5,1104,?,x6,
1768856822.505163,FORWARDED,64fe5cfc-9e4a-4536-8971-3a8ea6cad2d6,e2eefea3-3db9-471b-a389-e1530303db65,c3,c5,1104,?,x6,
1768856822.563883,RECEIVED,028be5cf-a3ea-446f-968e-cd49af619c6d,58331610-a638-41dc-8426-50a2908ea527,c3,c5,1463,e1,?,
1768856822.629035,RECEIVED,0441d302-68e6-49a9-ab51-3e0b084618a1,bcb5a17e-ae78-423e-bab1-85ef8d819a7a,c3,c5,1583,e12,?,
1768856822.6348293,RECEIVED,2c3b6736-0c92-46b4-b6e9-e7b5f295d0af,c7af0d71-f624-4dae-9600-8d6b3a26b0ac,c3,c5,1572,e8,?,
1768856822.7946546,SENT,0441d302-68e6-49a9-ab51-3e0b084618a1,bcb5a17e-ae78-423e-bab1-85ef8d819a7a,c3,c5,1116,?,x4,
1768856822.7946942,FORWARDED,0441d302-68e6-49a9-ab51-3e0b084618a1,bcb5a17e-ae78-423e-bab1-85ef8d819a7a,c3,c5,1116,?,x4,
1768856822.9450626,SENT,2c3b6736-0c92-46b4-b6e9-e7b5f295d0af,c7af0d71-f624-4dae-9600-8d6b3a26b0ac,c3,c5,1106,?,x2,
1768856822.9451056,FORWARDED,2c3b6736-0c92-46b4-b6e9-e7b5f295d0af,c7af0d71-f624-4dae-9600-8d6b3a26b0ac,c3,c5,1106,?,x2,
1768856822.9568114,SENT,028be5cf-a3ea-446f-968e-cd49af619c6d,58331610-a638-41dc-8426-50a2908ea527,c3,c5,1024,?,x1,
1768856822.9568517,FORWARDED,028be5cf-a3ea-446f-968e-cd49af619c6d,58331610-a638-41dc-8426-50a2908ea527,c3,c5,1024,?,x1,
1768856822.96942,RECEIVED,4fe8c8ab-d234-4f81-b969-c263359f035c,aa8fb480-0f27-4e60-95f1-304afb1a6500,c2,c1,1463,e5,?,
1768856823.0040545,RECEIVED,08d6f990-c750-4629-875c-034e41992f26,658e3c8f-6f7e-4af7-b5c8-fe1e55e0e47a,c5,c3,1451,e8,?,
1768856823.0069044,RECEIVED,c48f7cb9-77d9-4209-a494-ee481a6c27d5,80567f0a-6585-45d7-8a50-ad533f26a093,c5,c3,1457,e3,?,
1768856823.0887816,SENT,c48f7cb9-77d9-4209-a494-ee481a6c27d5,80567f0a-6585-45d7-8a50-ad533f26a093,c5,c3,1019,?,x2,
1768856823.0888915,FORWARDED,c48f7cb9-77d9-4209-a494-ee481a6c27d5,80567f0a-6585-45d7-8a50-ad533f26a093,c5,c3,1019,?,x2,
1768856823.485384,SENT,4fe8c8ab-d234-4f81-b969-c263359f035c,aa8fb480-0f27-4e60-95f1-304afb1a6500,c2,c1,1025,?,x3,
1768856823.4854236,FORWARDED,4fe8c8ab-d234-4f81-b969-c263359f035c,aa8fb480-0f27-4e60-95f1-304afb1a6500,c2,c1,1025,?,x3,
1768856824.0353367,RECEIVED,d15e4035-e1c5-400d-8197-123c49fd7f83,d79a32b2-547c-4a72-ab35-e22ac067c058,c5,c1,1568,e5,?,
1768856824.1953142,SENT,d15e4035-e1c5-400d-8197-123c49fd7f83,d79a32b2-547c-4a72-ab35-e22ac067c058,c5,c1,1104,?,x4,
1768856824.195352,FORWARDED,d15e4035-e1c5-400d-8197-123c49fd7f83,d79a32b2-547c-4a72-ab35-e22ac067c058,c5,c1,1104,?,x4,
1768856824.4107513,RECEIVED,48087791-d072-40cd-8b4a-35f27fe7605f,a934fe10-6d7b-42da-a2a1-16b588fdee61,c1,c2,1584,e6,?,
1768856824.5561595,SENT,48087791-d072-40cd-8b4a-35f27fe7605f,a934fe10-6d7b-42da-a2a1-16b588fdee61,c1,c2,1115,?,x1,
1768856824.5562057,FORWARDED,48087791-d072-40cd-8b4a-35f27fe7605f,a934fe10-6d7b-42da-a2a1-16b588fdee61,c1,c2,1115,?,x1,
1768856824.7819889,RECEIVED,43ae4c2d-87d5-436d-aac9-4116df0b8ed1,06616526-d9cf-4f5b-803f-faa75239ebef,c3,c5,1584,e10,?,
1768856824.8249204,RECEIVED,963b1aee-49e3-4c5e-a319-8f5149c77fd2,0923a1b0-764e-4349-b88d-6f1659e89734,c1,c5,1455,e11,?,
1768856824.8577895,SENT,43ae4c2d-87d5-436d-aac9-4116df0b8ed1,06616526-d9cf-4f5b-803f-faa75239ebef,c3,c5,1116,?,x8,
1768856824.8578303,FORWARDED,43ae4c2d-87d5-436d-aac9-4116df0b8ed1,06616526-d9cf-4f5b-803f-faa75239ebef,c3,c5,1116,?,x8,
1768856825.2806604,RECEIVED,b91a0df2-7b99-4690-862e-fe6466a02c1e,a2a409ca-4534-4afe-a54b-09d7ef607a65,c3,c5,1457,e2,?,
1768856825.35985,RECEIVED,20d1e307-027a-40e3-a61b-f83b210778eb,67fab508-19b3-4f7f-8a2f-4bfd92925c0b,c2,DROP,1007,e9,?,
1768856825.3611765,SENT,b91a0df2-7b99-4690-862e-fe6466a02c1e,a2a409ca-4534-4afe-a54b-09d7ef607a65,c3,c5,1019,?,x10,
1768856825.3612165,FORWARDED,b91a0df2-7b99-4690-862e-fe6466a02c1e,a2a409ca-4534-4afe-a54b-09d7ef607a65,c3,c5,1019,?,x10,
1768856825.3837266,RECEIVED,1f14d540-96c0-4d1b-b9a3-e965c4c52e39,1ff2f702-3ddd-4a2e-90f2-7d46b099f572,c3,c5,1584,e11,?,
1768856825.4000406,SENT,08d6f990-c750-4629-875c-034e41992f26,658e3c8f-6f7e-4af7-b5c8-fe1e55e0e47a,c5,c3,1015,?,x5,
1768856825.4001026,FORWARDED,08d6f990-c750-4629-875c-034e41992f26,658e3c8f-6f7e-4af7-b5c8-fe1e55e0e47a,c5,c3,1015,?,x5,
1768856825.4849794,SENT,1f14d540-96c0-4d1b-b9a3-e965c4c52e39,1ff2f702-3ddd-4a2e-90f2-7d46b099f572,c3,c5,1115,?,x4,
1768856825.4850206,FORWARDED,1f14d540-96c0-4d1b-b9a3-e965c4c52e39,1ff2f702-3ddd-4a2e-90f2-7d46b099f572,c3,c5,1115,?,x4,
1768856825.7499704,RECEIVED,752de56f-98a3-48e1-9dc5-4e429777d0e5,0c103f7e-ae44-4e20-b9ea-f4ce17a36097,c1,c5,1454,e8,?,
1768856825.7939343,RECEIVED,cb1d68d7-ece9-4ef8-8220-879944a42259,5ba25296-120c-4794-bcaf-1725ce48f7d7,c5,DROP,1012,e6,?,
1768856825.7972124,RECEIVED,55283b7f-5ce0-4f8b-87f7-34ea71837ff4,40816cf9-c8e4-4470-b928-fa95b2c96cba,c3,c5,1584,e6,?,
1768856825.8543074,RECEIVED,8f7dc089-7a44-4767-ac87-d2bf370a6e04,60c127b3-5e7f-465e-a6df-4717b5d033b1,c5,c3,1456,e3,?,
1768856825.8845663,SENT,963b1aee-49e3-4c5e-a319-8f5149c77fd2,0923a1b0-764e-4349-b88d-6f1659e89734,c1,c5,1020,?,x3,
1768856825.8846054,FORWARDED,963b1aee-49e3-4c5e-a319-8f5149c77fd2,0923a1b0-764e-4349-b88d-6f1659e89734,c1,c5,1020,?,x3,
1768856825.9937928,SENT,55283b7f-5ce0-4f8b-87f7-34ea71837ff4,40816cf9-c8e4-4470-b928-fa95b2c96cba,c3,c5,1116,?,x10,
1768856825.993842,FORWARDED,55283b7f-5ce0-4f8b-87f7-34ea71837ff4,40816cf9-c8e4-4470-b928-fa95b2c96cba,c3,c5,1116,?,x10,
1768856826.0258777,SENT,8f7dc089-7a44-4767-ac87-d2bf370a6e04,60c127b3-5e7f-465e-a6df-4717b5d033b1,c5,c3,1019,?,x2,
1768856826.0259182,FORWARDED,8f7dc089-7a44-4767-ac87-d2bf370a6e04,60c127b3-5e7f-465e-a6df-4717b5d033b1,c5,c3,1019,?,x2,
1768856826.169841,RECEIVED,9f7c6162-3d30-433c-80b3-f74731f3ba49,03d46254-b789-4145-bb29-f63a4abb1581,c5,c3,1444,e3,?,
1768856826.2295961,SENT,9f7c6162-3d30-433c-80b3-f74731f3ba49,03d46254-b789-4145-bb29-f63a4abb1581,c5,c3,1011,?,x8,
1768856826.229638,FORWARDED,9f7c6162-3d30-433c-80b3-f74731f3ba49,03d46254-b789-4145-bb29-f63a4abb1581,c5,c3,1011,?,x8,
1768856826.2895188,RECEIVED,1e15dbe0-9811-4164-ae91-c16997ef27f6,186c6ce6-6c6f-4f76-8fce-4e656906d61a,c4,c5,1460,e3,?,
1768856826.503241,SENT,1e15dbe0-9811-4164-ae91-c16997ef27f6,186c6ce6-6c6f-4f76-8fce-4e656906d61a,c4,c5,1023,?,x8,
1768856826.5032802,FORWARDED,1e15dbe0-9811-4164-ae91-c16997ef27f6,186c6ce6-6c6f-4f76-8fce-4e656906d61a,c4,c5,1023,?,x8,
1768856826.5350118,RECEIVED,38a1ae4a-8927-4e9f-9510-174e3858e3aa,c17b578b-6dce-4ddc-b1b0-4b2cad450e6b,c1,c5,1460,e12,?,
1768856826.6114125,RECEIVED,231f1cb4-b675-473a-b841-1a762bc94269,267ac5e8-8b58-49da-94c9-a97aa41c2a3e,c5,c3,1456,e8,?,
1768856826.672036,RECEIVED,eb85f403-a3bb-46eb-baf4-643a088a1719,52d80e3b-9a1e-4689-8557-79605b3859fe,c2,c1,1461,e7,?,
1768856826.6912057,RECEIVED,f6725b1e-1a8f-4bb1-9af6-cfc8312484c1,5dc1bf10-0fc8-4dd1-b185-34bd1716ca86,c1,c2,1588,e3,?,
1768856826.6941745,SENT,38a1ae4a-8927-4e9f-9510-174e3858e3aa,c17b578b-6dce-4ddc-b1b0-4b2cad450e6b,c1,c5,1023,?,x5,
1768856826.694213,FORWARDED,38a1ae4a-8927-4e9f-9510-174e3858e3aa,c17b578b-6dce-4ddc-b1b0-4b2cad450e6b,c1,c5,1023,?,x5,
1768856826.700115,RECEIVED,3e23ea2e-0ad6-4251-80d7-799655b1792d,ecbb45cc-b7cf-4007-a9f8-479a50971d6e,c5,c4,1583,e3,?,
1768856826.798538,SENT,eb85f403-a3bb-46eb-baf4-643a088a1719,52d80e3b-9a1e-4689-8557-79605b3859fe,c2,c1,1023,?,x10,
1768856826.7985783,FORWARDED,eb85f403-a3bb-46eb-baf4-643a088a1719,52d80e3b-9a1e-4689-8557-79605b3859fe,c2,c1,1023,?,x10,
1768856826.8487895,SENT,f6725b1e-1a8f-4bb1-9af6-cfc8312484c1,5dc1bf10-0fc8-4dd1-b185-34bd1716ca86,c1,c2,1117,?,x2,
1768856826.8488278,FORWARDED,f6725b1e-1a8f-4bb1-9af6-cfc8312484c1,5dc1bf10-0fc8-4dd1-b185-34bd1716ca86,c1,c2,1117,?,x2,
1768856827.1394238,SENT,cb1d68d7-ece9-4ef8-8220-879944a42259,5ba25296-120c-4794-bcaf-1725ce48f7d7,c5,DROP,687,?,x10,
1768856827.1394644,FORWARDED,cb1d68d7-ece9-4ef8-8220-879944a42259,5ba25296-120c-4794-bcaf-1725ce48f7d7,c5,DROP,687,?,x10,
1768856827.2131238,RECEIVED,1c6fac9b-2d85-4707-9fe8-62732a61d298,59a219d7-44f0-4c5e-90ec-961726cef16c,c3,c5,1579,e7,?,
1768856827.2699676,SENT,752de56f-98a3-48e1-9dc5-4e429777d0e5,0c103f7e-ae44-4e20-b9ea-f4ce17a36097,c1,c5,1020,?,x1,
1768856827.270008,FORWARDED,752de56f-98a3-48e1-9dc5-4e429777d0e5,0c103f7e-ae44-4e20-b9ea-f4ce17a36097,c1,c5,1020,?,x1,
1768856827.3409808,RECEIVED,60ee1720-200b-4135-9cea-cf969e22a41c,622016f4-43ea-480a-a036-93a387d5211b,c1,c2,1584,e11,?,
1768856827.5839627,RECEIVED,14f066c7-5b05-47ab-b62f-eb58d7ff04c1,9fa747bf-6819-4882-a934-c4bab6186cd5,c3,c5,1459,e11,?,
1768856827.6410089,RECEIVED,1c39596c-b4da-4ad1-a88a-45f9ee4b4101,12bf0761-a7b5-4547-8fe1-499aa10732d2,c1,c5,1470,e2,?,
1768856827.674013,SENT,1c39596c-b4da-4ad1-a88a-45f9ee4b4101,12bf0761-a7b5-4547-8fe1-499aa10732d2,c1,c5,1028,?,x12,
1768856827.6743524,FORWARDED,1c39596c-b4da-4ad1-a88a-45f9ee4b4101,12bf0761-a7b5-4547-8fe1-499aa10732d2,c1,c5,1028,?,x12,
1768856827.7141888,SENT,3e23ea2e-0ad6-4251-80d7-799655b1792d,ecbb45cc-b7cf-4007-a9f8-479a50971d6e,c5,c4,1115,?,x12,
1768856827.7142293,FORWARDED,3e23ea2e-0ad6-4251-80d7-799655b1792d,ecbb45cc-b7cf-4007-a9f8-479a50971d6e,c5,c4,1115,?,x12,
1768856827.858019,SENT,60ee1720-200b-4135-9cea-cf969e22a41c,622016f4-43ea-480a-a036-93a387d5211b,c1,c2,1116,?,x12,
1768856827.8580887,FORWARDED,60ee1720-200b-4135-9cea-cf969e22a41c,622016f4-43ea-480a-a036-93a387d5211b,c1,c2,1116,?,x12,
1768856827.900181,SENT,14f066c7-5b05-47ab-b62f-eb58d7ff04c1,9fa747bf-6819-4882-a934-c4bab6186cd5,c3,c5,1023,?,x8,
1768856827.9002225,FORWARDED,14f066c7-5b05-47ab-b62f-eb58d7ff04c1,9fa747bf-6819-4882-a934-c4bab6186cd5,c3,c5,1023,?,x8,
1768856828.0854008,SENT,20d1e307-027a-40e3-a61b-f83b210778eb,67fab508-19b3-4f7f-8a2f-4bfd92925c0b,c2,DROP,684,?,x9,
1768856828.085441,FORWARDED,20d1e307-027a-40e3-a61b-f83b210778eb,67fab508-19b3-4f7f-8a2f-4bfd92925c0b,c2,DROP,684,?,x9,
1768856828.1279895,RECEIVED,b5f5504c-4efa-475f-b7df-0b9d5316423b,58c7b258-d8b7-4706-9595-72211096ec46,c4,c5,1451,e9,?,
1768856828.1452842,RECEIVED,7f00364b-826a-40ca-a5d6-5e4aee988b49,36d23599-114b-4e02-b40e-aa8411530723,c1,c2,1583,e11,?,
1768856828.222423,RECEIVED,9833dd8e-fcb0-4a22-bef5-5d8e4e618e1b,90842236-aea8-4924-8282-9d1d51631d72,c1,DROP,1021,e3,?,
1768856828.5789738,SENT,9833dd8e-fcb0-4a22-bef5-5d8e4e618e1b,90842236-aea8-4924-8282-9d1d51631d72,c1,DROP,691,?,x11,
1768856828.5790117,FORWARDED,9833dd8e-fcb0-4a22-bef5-5d8e4e618e1b,90842236-aea8-4924-8282-9d1d51631d72,c1,DROP,691,?,x11,
1768856828.6745055,SENT,231f1cb4-b675-473a-b841-1a762bc94269,267ac5e8-8b58-49da-94c9-a97aa41c2a3e,c5,c3,1019,?,x12,
1768856828.6745467,FORWARDED,231f1cb4-b675-473a-b841-1a762bc94269,267ac5e8-8b58-49da-94c9-a97aa41c2a3e,c5,c3,1019,?,x12,
1768856828.6900198,SENT,1c6fac9b-2d85-4707-9fe8-62732a61d298,59a219d7-44f0-4c5e-90ec-961726cef16c,c3,c5,1111,?,x2,
1768856828.6900792,FORWARDED,1c6fac9b-2d85-4707-9fe8-62732a61d298,59a219d7-44f0-4c5e-90ec-961726cef16c,c3,c5,1111,?,x2,
1768856828.7078192,SENT,7f00364b-826a-40ca-a5d6-5e4aee988b49,36d23599-114b-4e02-b40e-aa8411530723,c1,c2,1116,?,x7,
1768856828.7078578,FORWARDED,7f00364b-826a-40ca-a5d6-5e4aee988b49,36d23599-114b-4e02-b40e-aa8411530723,c1,c2,1116,?,x7,
1768856828.8831706,RECEIVED,dce5e633-8975-423d-94f4-6ab272fd34cf,44a1ffb3-35cb-483c-a578-a116cb943d04,c5,c1,1582,e2,?,
1768856828.8836756,RECEIVED,ac69e0c2-9d8a-487c-a594-bd97586dc6f2,7983bc5c-7025-4c15-a65a-a180cc4e645d,c5,c1,1582,e3,?,
1768856829.1239731,RECEIVED,66370390-4a0a-4546-86f9-99782738a21b,624c1b41-aeec-49c9-bf3a-b9d09f2b3f36,c2,DROP,1020,e11,?,
1768856829.508457,RECEIVED,5c2e17cd-37f5-4ea1-93cc-d49bf86e841a,0e0c6fb4-a3a0-4b6b-ab03-4cf1ba009338,c5,c4,1582,e10,?,
1768856829.6421258,SENT,66370390-4a0a-4546-86f9-99782738a21b,624c1b41-aeec-49c9-bf3a-b9d09f2b3f36,c2,DROP,692,?,x11,
1768856829.6421666,FORWARDED,66370390-4a0a-4546-86f9-99782738a21b,624c1b41-aeec-49c9-bf3a-b9d09f2b3f36,c2,DROP,692,?,x11,
1768856829.654885,RECEIVED,04e5d562-ef23-4bda-a988-0b71d6fb08b3,406ae5dd-dc74-4ff5-bfad-f99464f25817,c1,DROP,1020,e10,?,
1768856829.6782587,RECEIVED,ea6a18e3-1312-4e61-ae46-89afd8f8b5e8,d3b19a0a-cf31-4142-8039-930de70eb3f8,c1,c2,1584,e1,?,
1768856829.7444184,SENT,ea6a18e3-1312-4e61-ae46-89afd8f8b5e8,d3b19a0a-cf31-4142-8039-930de70eb3f8,c1,c2,1115,?,x1,
1768856829.744458,FORWARDED,ea6a18e3-1312-4e61-ae46-89afd8f8b5e8,d3b19a0a-cf31-4142-8039-930de70eb3f8,c1,c2,1115,?,x1,
1768856829.750999,RECEIVED,0c23efb6-83cc-46b5-a4f5-2ccf3499c119,206d01c1-7179-4765-9d85-24fd45ecc3f6,c4,c5,1446,e5,?,
1768856829.8075888,SENT,b5f5504c-4efa-475f-b7df-0b9d5316423b,58c7b258-d8b7-4706-9595-72211096ec46,c4,c5,1016,?,x2,
1768856829.8076336,FORWARDED,b5f5504c-4efa-475f-b7df-0b9d5316423b,58c7b258-d8b7-4706-9595-72211096ec46,c4,c5,1016,?,x2,
1768856829.8324654,SENT,dce5e633-8975-423d-94f4-6ab272fd34cf,44a1ffb3-35cb-483c-a578-a116cb943d04,c5,c1,1115,?,x4,
1768856829.8325057,FORWARDED,dce5e633-8975-423d-94f4-6ab272fd34cf,44a1ffb3-35cb-483c-a578-a116cb943d04,c5,c1,1115,?,x4,
1768856829.881998,RECEIVED,dd8d8ffc-b141-4683-b42a-d88a10370206,321b4f0e-0424-4c9f-8d9a-49b9ef328496,c5,c4,1584,e11,?,
1768856830.0515153,SENT,dd8d8ffc-b141-4683-b42a-d88a10370206,321b4f0e-0424-4c9f-8d9a-49b9ef328496,c5,c4,1115,?,x8,
1768856830.051557,FORWARDED,dd8d8ffc-b141-4683-b42a-d88a10370206,321b4f0e-0424-4c9f-8d9a-49b9ef328496,c5,c4,1115,?,x8,
1768856830.3168766,RECEIVED,748d4e49-62c5-4454-a8f9-f5c2fe03bdce,3ca0f6c8-4320-434d-a64f-1cece26a7bee,c5,c1,1583,e3,?,
1768856830.5326133,RECEIVED,dd11f301-fe45-41b7-954b-c630e8e2a8ab,be14cd9e-2381-43d9-98ba-3e450b873593,c5,c1,1585,e6,?,
1768856830.644811,SENT,04e5d562-ef23-4bda-a988-0b71d6fb08b3,406ae5dd-dc74-4ff5-bfad-f99464f25817,c1,DROP,691,?,x11,
1768856830.6448529,FORWARDED,04e5d562-ef23-4bda-a988-0b71d6fb08b3,406ae5dd-dc74-4ff5-bfad-f99464f25817,c1,DROP,691,?,x11,
1768856830.776881,SENT,dd11f301-fe45-41b7-954b-c630e8e2a8ab,be14cd9e-2381-43d9-98ba-3e450b873593,c5,c1,1115,?,x12,
1768856830.7769227,FORWARDED,dd11f301-fe45-41b7-954b-c630e8e2a8ab,be14cd9e-2381-43d9-98ba-3e450b873593,c5,c1,1115,?,x12,
1768856830.9538622,RECEIVED,4764890b-f5b5-4c27-acd6-50a54c806ab9,d04f481b-8339-4285-8385-a6689624fcd4,c3,c5,1586,e9,?,
1768856830.9857905,SENT,0c23efb6-83cc-46b5-a4f5-2ccf3499c119,206d01c1-7179-4765-9d85-24fd45ecc3f6,c4,c5,1014,?,x1,
1768856830.985832,FORWARDED,0c23efb6-83cc-46b5-a4f5-2ccf3499c119,206d01c1-7179-4765-9d85-24fd45ecc3f6,c4,c5,1014,?,x1,
1768856831.2089784,SENT,ac69e0c2-9d8a-487c-a594-bd97586dc6f2,7983bc5c-7025-4c15-a65a-a180cc4e645d,c5,c1,1115,?,x3,
1768856831.2090175,FORWARDED,ac69e0c2-9d8a-487c-a594-bd97586dc6f2,7983bc5c-7025-4c15-a65a-a180cc4e645d,c5,c1,1115,?,x3,
1768856831.2602,SENT,748d4e49-62c5-4454-a8f9-f5c2fe03bdce,3ca0f6c8-4320-434d-a64f-1cece26a7bee,c5,c1,1116,?,x8,
1768856831.2602475,FORWARDED,748d4e49-62c5-4454-a8f9-f5c2fe03bdce,3ca0f6c8-4320-434d-a64f-1cece26a7bee,c5,c1,1116,?,x8,
1768856831.2640138,RECEIVED,64fd67c5-87a3-44b4-9479-8dd366644d6e,ce39a2a6-1987-4e85-94d5-ec9bb8338757,c5,c3,1568,e7,?,
1768856831.3269389,RECEIVED,2c66a1c4-6bc6-4857-aa49-232d43291115,7da9e0e4-5712-4845-a4dd-6c90a11ec163,c4,c5,1463,e7,?,
1768856831.352855,RECEIVED,5cefd9d1-08db-4699-b16c-dcde3e9fe5bc,f17f1eeb-2943-4370-b0c6-f7a97f392f79,c3,c5,1458,e10,?,
1768856831.3628178,SENT,64fd67c5-87a3-44b4-9479-8dd366644d6e,ce39a2a6-1987-4e85-94d5-ec9bb8338757,c5,c3,1103,?,x9,
1768856831.362863,FORWARDED,64fd67c5-87a3-44b4-9479-8dd366644d6e,ce39a2a6-1987-4e85-94d5-ec9bb8338757,c5,c3,1103,?,x9,
1768856831.4468083,SENT,4764890b-f5b5-4c27-acd6-50a54c806ab9,d04f481b-8339-4285-8385-a6689624fcd4,c3,c5,1117,?,x4,
1768856831.446851,FORWARDED,4764890b-f5b5-4c27-acd6-50a54c806ab9,d04f481b-8339-4285-8385-a6689624fcd4,c3,c5,1117,?,x4,
1768856831.6094286,SENT,5c2e17cd-37f5-4ea1-93cc-d49bf86e841a,0e0c6fb4-a3a0-4b6b-ab03-4cf1ba009338,c5,c4,1116,?,x1,
1768856831.6094685,FORWARDED,5c2e17cd-37f5-4ea1-93cc-d49bf86e841a,0e0c6fb4-a3a0-4b6b-ab03-4cf1ba009338,c5,c4,1116,?,x1,
1768856831.701962,RECEIVED,c10087eb-b23c-4a01-9440-e0e1d5b15ee7,a08f911f-49c8-4113-af92-b693110d9bd0,c4,c5,1456,e10,?,
1768856831.7337213,SENT,5cefd9d1-08db-4699-b16c-dcde3e9fe5bc,f17f1eeb-2943-4370-b0c6-f7a97f392f79,c3,c5,1022,?,x9,
1768856831.7337613,FORWARDED,5cefd9d1-08db-4699-b16c-dcde3e9fe5bc,f17f1eeb-2943-4370-b0c6-f7a97f392f79,c3,c5,1022,?,x9,
1768856831.7838507,SENT,c10087eb-b23c-4a01-9440-e0e1d5b15ee7,a08f911f-49c8-4113-af92-b693110d9bd0,c4,c5,1020,?,x3,
1768856831.7838876,FORWARDED,c10087eb-b23c-4a01-9440-e0e1d5b15ee7,a08f911f-49c8-4113-af92-b693110d9bd0,c4,c5,1020,?,x3,
1768856831.9179044,RECEIVED,7ee0942b-a58e-41b1-a5f1-e09b8dece1d8,b9f3e8bc-8ab2-4b8d-945f-3e7c8599e3c1,c3,DROP,1018,e3,?,
1768856831.9283442,RECEIVED,52365792-e976-4082-b8a2-96834beb4b8c,16a97675-957f-44b7-ba10-025982f976e6,c5,c3,1456,e7,?,
1768856831.9860303,RECEIVED,1849291a-2907-467e-9b0e-aaf6872b61bf,c0a3056c-a970-44fb-b236-6f2607761048,c3,c5,1452,e8,?,
1768856832.0627153,SENT,2c66a1c4-6bc6-4857-aa49-232d43291115,7da9e0e4-5712-4845-a4dd-6c90a11ec163,c4,c5,1024,?,x1,
1768856832.0627558,FORWARDED,2c66a1c4-6bc6-4857-aa49-232d43291115,7da9e0e4-5712-4845-a4dd-6c90a11ec163,c4,c5,1024,?,x1,
1768856832.0767667,SENT,1849291a-2907-467e-9b0e-aaf6872b61bf,c0a3056c-a970-44fb-b236-6f2607761048,c3,c5,1016,?,x1,
1768856832.076801,FORWARDED,1849291a-2907-467e-9b0e-aaf6872b61bf,c0a3056c-a970-44fb-b236-6f2607761048,c3,c5,1016,?,x1,
1768856832.2321682,SENT,52365792-e976-4082-b8a2-96834beb4b8c,16a97675-957f-44b7-ba10-025982f976e6,c5,c3,1019,?,x11,
1768856832.232215,FORWARDED,52365792-e976-4082-b8a2-96834beb4b8c,16a97675-957f-44b7-ba10-025982f976e6,c5,c3,1019,?,x11,
1768856832.2465932,RECEIVED,707c51e0-63a6-4bb7-83db-96170f60f1ac,b51c274a-3f1a-4c24-b559-be08459f81ce,c5,c3,1585,e5,?,
1768856832.334504,SENT,707c51e0-63a6-4bb7-83db-96170f60f1ac,b51c274a-3f1a-4c24-b559-be08459f81ce,c5,c3,1115,?,x6,
1768856832.334545,FORWARDED,707c51e0-63a6-4bb7-83db-96170f60f1ac,b51c274a-3f1a-4c24-b559-be08459f81ce,c5,c3,1115,?,x6,
1768856832.4525292,RECEIVED,b7e05bcb-bb5d-4bd7-a25e-52ba1cad3faf,6c34833c-daec-4cb9-a6c4-9db8104b3169,c1,c5,1452,e5,?,
1768856832.5220666,RECEIVED,f14aeae0-f46a-4f2d-803c-556fb13cac37,3c70fcf0-2cc0-433d-a0b2-24a437ce95f1,c3,c5,1452,e2,?,
1768856832.7440982,SENT,f14aeae0-f46a-4f2d-803c-556fb13cac37,3c70fcf0-2cc0-433d-a0b2-24a437ce95f1,c3,c5,1016,?,x6,
1768856832.74419,FORWARDED,f14aeae0-f46a-4f2d-803c-556fb13cac37,3c70fcf0-2cc0-433d-a0b2-24a437ce95f1,c3,c5,1016,?,x6,
1768856832.8373363,SENT,b7e05bcb-bb5d-4bd7-a25e-52ba1cad3faf,6c34833c-daec-4cb9-a6c4-9db8104b3169,c1,c5,1017,?,x9,
1768856832.837375,FORWARDED,b7e05bcb-bb5d-4bd7-a25e-52ba1cad3faf,6c34833c-daec-4cb9-a6c4-9db8104b3169,c1,c5,1017,?,x9,
1768856832.8579273,SENT,7ee0942b-a58e-41b1-a5f1-e09b8dece1d8,b9f3e8bc-8ab2-4b8d-945f-3e7c8599e3c1,c3,DROP,691,?,x10,
1768856832.8579676,FORWARDED,7ee0942b-a58e-41b1-a5f1-e09b8dece1d8,b9f3e8bc-8ab2-4b8d-945f-3e7c8599e3c1,c3,DROP,691,?,x10,
1768856833.1222687,RECEIVED,6c33692f-94cf-46bb-89f5-ab8672874440,f96482e1-306e-4bdb-bec8-82905cf69c57,c3,c5,1583,e2,?,
1768856833.1415918,RECEIVED,265eae1b-4643-4f85-ae6f-361dad1ae36e,e044c583-04ff-4c5e-8eb2-f2cf68623485,c1,c2,1584,e7,?,
1768856833.3019545,RECEIVED,14965e9d-6163-4d12-8068-862103d09f27,64e674ad-af3e-4bf1-843b-d60946dc37e3,c5,c3,1456,e11,?,
1768856833.4956763,RECEIVED,ffae1be5-82c1-4a17-85f0-50bfb94cb17a,c03483d2-22d7-42af-9acc-e285728478a5,c5,c3,1582,e11,?,
1768856833.496102,SENT,14965e9d-6163-4d12-8068-862103d09f27,64e674ad-af3e-4bf1-843b-d60946dc37e3,c5,c3,1019,?,x1,
1768856833.4961524,FORWARDED,14965e9d-6163-4d12-8068-862103d09f27,64e674ad-af3e-4bf1-843b-d60946dc37e3,c5,c3,1019,?,x1,
1768856833.7281415,RECEIVED,9294ebc7-9cc2-4364-8fc1-a7a1bbd17501,66b96204-d4ef-42b4-86ca-84f1bdc331ac,c5,c3,1442,e2,?,
1768856833.797197,RECEIVED,54a91b04-3c3a-47a0-b518-80b945c6e64b,10905ea0-b492-40ea-ad34-fffa89a45263,c5,c3,1455,e2,?,
1768856833.9024,SENT,ffae1be5-82c1-4a17-85f0-50bfb94cb17a,c03483d2-22d7-42af-9acc-e285728478a5,c5,c3,1115,?,x2,
1768856833.9024398,FORWARDED,ffae1be5-82c1-4a17-85f0-50bfb94cb17a,c03483d2-22d7-42af-9acc-e285728478a5,c5,c3,1115,?,x2,
1768856834.1538434,SENT,6c33692f-94cf-46bb-89f5-ab8672874440,f96482e1-306e-4bdb-bec8-82905cf69c57,c3,c5,1116,?,x3,
1768856834.1538894,FORWARDED,6c33692f-94cf-46bb-89f5-ab8672874440,f96482e1-306e-4bdb-bec8-82905cf69c57,c3,c5,1116,?,x3,
1768856834.4571807,SENT,265eae1b-4643-4f85-ae6f-361dad1ae36e,e044c583-04ff-4c5e-8eb2-f2cf68623485,c1,c2,1115,?,x11,
1768856834.457222,FORWARDED,265eae1b-4643-4f85-ae6f-361dad1ae36e,e044c583-04ff-4c5e-8eb2-f2cf68623485,c1,c2,1115,?,x11,
1768856835.1814213,RECEIVED,9a10b826-1d72-45d3-852a-06d732312762,cb36e716-7829-4a32-b225-ba3cadfc28e0,c3,c5,1465,e4,?,
1768856835.2146711,SENT,54a91b04-3c3a-47a0-b518-80b945c6e64b,10905ea0-b492-40ea-ad34-fffa89a45263,c5,c3,1019,?,x10,
1768856835.2147079,FORWARDED,54a91b04-3c3a-47a0-b518-80b945c6e64b,10905ea0-b492-40ea-ad34-fffa89a45263,c5,c3,1019,?,x10,
1768856835.4212425,SENT,9294ebc7-9cc2-4364-8fc1-a7a1bbd17501,66b96204-d4ef-42b4-86ca-84f1bdc331ac,c5,c3,1011,?,x8,
1768856835.4212828,FORWARDED,9294ebc7-9cc2-4364-8fc1-a7a1bbd17501,66b96204-d4ef-42b4-86ca-84f1bdc331ac,c5,c3,1011,?,x8,
1768856835.5202277,RECEIVED,efbeb4a7-b3be-4c33-a00a-7cc1023367d5,8c76d02d-46e4-4aee-856e-455f39617cb7,c1,c2,1567,e5,?,
1768856835.572558,SENT,9a10b826-1d72-45d3-852a-06d732312762,cb36e716-7829-4a32-b225-ba3cadfc28e0,c3,c5,1024,?,x10,
1768856835.572593,FORWARDED,9a10b826-1d72-45d3-852a-06d732312762,cb36e716-7829-4a32-b225-ba3cadfc28e0,c3,c5,1024,?,x10,
1768856836.2738128,SENT,efbeb4a7-b3be-4c33-a00a-7cc1023367d5,8c76d02d-46e4-4aee-856e-455f39617cb7,c1,c2,1103,?,x9,
1768856836.2738526,FORWARDED,efbeb4a7-b3be-4c33-a00a-7cc1023367d5,8c76d02d-46e4-4aee-856e-455f39617cb7,c1,c2,1103,?,x9,
1768856836.333456,RECEIVED,a9fcf97b-e6eb-40b1-92dc-9abc1471245c,b79d0e8d-782b-4f2e-b456-db8c123995d0,c2,DROP,1019,e9,?,
1768856836.6592517,RECEIVED,197ebedb-f169-4c4b-9e0d-fe20d6df563d,6c61bcc7-2c87-40f4-b960-d2cb8cf8ec62,c5,c4,1583,e4,?,
1768856836.7059376,RECEIVED,038fe80d-9a13-47cc-80dc-d5addf880380,7e5c7488-58a5-49fe-931b-d9177044ed21,c4,c5,1444,e3,?,
1768856836.8722117,SENT,038fe80d-9a13-47cc-80dc-d5addf880380,7e5c7488-58a5-49fe-931b-d9177044ed21,c4,c5,1011,?,x2,
1768856836.872252,FORWARDED,038fe80d-9a13-47cc-80dc-d5addf880380,7e5c7488-58a5-49fe-931b-d9177044ed21,c4,c5,1011,?,x2,
1768856836.9268215,RECEIVED,e6964b32-ee15-4d61-b710-db7e42848ab0,5e14cd3c-2d5b-43ed-a8d0-aa91bdf28892,c2,c1,1459,e7,?,
1768856836.9486182,RECEIVED,f797f219-ea5b-4d78-b09e-32a0d41c8586,e54efd8f-6332-4126-9c96-5712a9054293,c1,c2,1585,e2,?,
1768856837.0114124,SENT,a9fcf97b-e6eb-40b1-92dc-9abc1471245c,b79d0e8d-782b-4f2e-b456-db8c123995d0,c2,DROP,692,?,x9,
1768856837.0114534,FORWARDED,a9fcf97b-e6eb-40b1-92dc-9abc1471245c,b79d0e8d-782b-4f2e-b456-db8c123995d0,c2,DROP,692,?,x9,
1768856837.1756525,SENT,f797f219-ea5b-4d78-b09e-32a0d41c8586,e54efd8f-6332-4126-9c96-5712a9054293,c1,c2,1114,?,x11,
1768856837.1756935,FORWARDED,f797f219-ea5b-4d78-b09e-32a0d41c8586,e54efd8f-6332-4126-9c96-5712a9054293,c1,c2,1114,?,x11,
1768856837.3748658,RECEIVED,ed145aeb-77c7-4e50-91f9-b3528d02ea0b,00b2cc3f-579d-4f66-8883-2302df2053d3,c1,c2,1579,e6,?,
1768856837.434463,RECEIVED,1067c08d-c340-4bd4-92d4-40b76755b656,1633667a-2f96-4f34-abd6-69544eb5fbc9,c5,c3,1460,e6,?,
1768856837.4941132,RECEIVED,a869463a-4644-42ed-9493-dd902444ff16,45875b0c-e45a-4e3b-b086-2dc22eb81e86,c1,c5,1455,e12,?,
1768856837.5920951,SENT,a869463a-4644-42ed-9493-dd902444ff16,45875b0c-e45a-4e3b-b086-2dc22eb81e86,c1,c5,1020,?,x8,
1768856837.5921366,FORWARDED,a869463a-4644-42ed-9493-dd902444ff16,45875b0c-e45a-4e3b-b086-2dc22eb81e86,c1,c5,1020,?,x8,
1768856837.6809592,RECEIVED,a6f1c3fe-67ec-4de0-b9ef-2f1b47456a69,8601a55f-0fe8-4255-82e9-d375427c30f5,c1,c5,1465,e10,?,
1768856837.7068217,SENT,a6f1c3fe-67ec-4de0-b9ef-2f1b47456a69,8601a55f-0fe8-4255-82e9-d375427c30f5,c1,c5,1024,?,x10,
1768856837.7068598,FORWARDED,a6f1c3fe-67ec-4de0-b9ef-2f1b47456a69,8601a55f-0fe8-4255-82e9-d375427c30f5,c1,c5,1024,?,x10,
1768856837.7671402,RECEIVED,2509f911-92ae-4394-899b-c3722ad6a8ac,6a9f6706-7500-42b0-a18e-52dcdc748304,c5,c3,1456,e9,?,
1768856837.8361657,SENT,1067c08d-c340-4bd4-92d4-40b76755b656,1633667a-2f96-4f34-abd6-69544eb5fbc9,c5,c3,1023,?,x12,
1768856837.8362057,FORWARDED,1067c08d-c340-4bd4-92d4-40b76755b656,1633667a-2f96-4f34-abd6-69544eb5fbc9,c5,c3,1023,?,x12,
1768856837.9054315,SENT,197ebedb-f169-4c4b-9e0d-fe20d6df563d,6c61bcc7-2c87-40f4-b960-d2cb8cf8ec62,c5,c4,1115,?,x3,
1768856837.9054792,FORWARDED,197ebedb-f169-4c4b-9e0d-fe20d6df563d,6c61bcc7-2c87-40f4-b960-d2cb8cf8ec62,c5,c4,1115,?,x3,
1768856838.196772,RECEIVED,6507ae0f-b43c-4061-9b33-918b24db3abb,f47c9a0f-659d-4b22-ac2c-1e8a3c9dd4e4,c2,c1,1461,e3,?,
1768856838.19778,RECEIVED,5626ae24-8383-45d3-a756-09f6799c58cf,92fe9a4f-546a-4e91-8c2a-badfa59c7403,c4,c5,1455,e1,?,
1768856838.205691,SENT,e6964b32-ee15-4d61-b710-db7e42848ab0,5e14cd3c-2d5b-43ed-a8d0-aa91bdf28892,c2,c1,1021,?,x12,
1768856838.2057314,FORWARDED,e6964b32-ee15-4d61-b710-db7e42848ab0,5e14cd3c-2d5b-43ed-a8d0-aa91bdf28892,c2,c1,1021,?,x12,
1768856838.2889051,RECEIVED,9116faa9-ab3d-48c2-a2ec-e9d695855a86,9cf02caf-623a-4987-9190-7ab1a2878af0,c5,c1,1584,e5,?,
1768856838.301666,RECEIVED,e67420e4-d2ea-4c4c-b81b-fb812dea39ff,3d3d86a2-6406-4558-ad6a-67ff4f8237d7,c4,DROP,1020,e3,?,
1768856838.3185658,SENT,2509f911-92ae-4394-899b-c3722ad6a8ac,6a9f6706-7500-42b0-a18e-52dcdc748304,c5,c3,1020,?,x11,
1768856838.318605,FORWARDED,2509f911-92ae-4394-899b-c3722ad6a8ac,6a9f6706-7500-42b0-a18e-52dcdc748304,c5,c3,1020,?,x11,
1768856838.34135,SENT,6507ae0f-b43c-4061-9b33-918b24db3abb,f47c9a0f-659d-4b22-ac2c-1e8a3c9dd4e4,c2,c1,1024,?,x5,
1768856838.3413873,FORWARDED,6507ae0f-b43c-4061-9b33-918b24db3abb,f47c9a0f-659d-4b22-ac2c-1e8a3c9dd4e4,c2,c1,1024,?,x5,
1768856838.3670974,RECEIVED,a2c1606d-7e32-48ae-95dc-f3f825bdadac,0939c671-38a5-453e-a911-d979f5a7f8ad,c1,c5,1464,e3,?,
1768856838.713237,RECEIVED,79a98985-49eb-4c6a-a22a-b756acfd41d8,094395cd-42e2-4bba-8079-cbca2e8aa7c2,c5,c4,1586,e5,?,
1768856838.7431524,SENT,79a98985-49eb-4c6a-a22a-b756acfd41d8,094395cd-42e2-4bba-8079-cbca2e8aa7c2,c5,c4,1115,?,x12,
1768856838.7431953,FORWARDED,79a98985-49eb-4c6a-a22a-b756acfd41d8,094395cd-42e2-4bba-8079-cbca2e8aa7c2,c5,c4,1115,?,x12,
1768856838.7813685,SENT,ed145aeb-77c7-4e50-91f9-b3528d02ea0b,00b2cc3f-579d-4f66-8883-2302df2053d3,c1,c2,1112,?,x1,
1768856838.7814093,FORWARDED,ed145aeb-77c7-4e50-91f9-b3528d02ea0b,00b2cc3f-579d-4f66-8883-2302df2053d3,c1,c2,1112,?,x1,
1768856838.7852304,SENT,9116faa9-ab3d-48c2-a2ec-e9d695855a86,9cf02caf-623a-4987-9190-7ab1a2878af0,c5,c1,1116,?,x10,
1768856838.7852693,FORWARDED,9116faa9-ab3d-48c2-a2ec-e9d695855a86,9cf02caf-623a-4987-9190-7ab1a2878af0,c5,c1,1116,?,x10,
1768856838.8644657,SENT,5626ae24-8383-45d3-a756-09f6799c58cf,92fe9a4f-546a-4e91-8c2a-badfa59c7403,c4,c5,1018,?,x12,
1768856838.8645065,FORWARDED,5626ae24-8383-45d3-a756-09f6799c58cf,92fe9a4f-546a-4e91-8c2a-badfa59c7403,c4,c5,1018,?,x12,
1768856838.8912504,SENT,a2c1606d-7e32-48ae-95dc-f3f825bdadac,0939c671-38a5-453e-a911-d979f5a7f8ad,c1,c5,1024,?,x12,
1768856838.8912888,FORWARDED,a2c1606d-7e32-48ae-95dc-f3f825bdadac,0939c671-38a5-453e-a911-d979f5a7f8ad,c1,c5,1024,?,x12,
1768856838.964945,SENT,e67420e4-d2ea-4c4c-b81b-fb812dea39ff,3d3d86a2-6406-4558-ad6a-67ff4f8237d7,c4,DROP,692,?,x11,
1768856838.964994,FORWARDED,e67420e4-d2ea-4c4c-b81b-fb812dea39ff,3d3d86a2-6406-4558-ad6a-67ff4f8237d7,c4,DROP,692,?,x11,
1768856839.1060789,RECEIVED,7f8203fa-b3ad-4ab0-bf77-601c83b0cb0d,d41f5984-23fc-495f-959f-d9623effceea,c5,c1,1585,e3,?,
1768856839.1132486,SENT,7f8203fa-b3ad-4ab0-bf77-601c83b0cb0d,d41f5984-23fc-495f-959f-d9623effceea,c5,c1,1115,?,x2,
1768856839.1132884,FORWARDED,7f8203fa-b3ad-4ab0-bf77-601c83b0cb0d,d41f5984-23fc-495f-959f-d9623effceea,c5,c1,1115,?,x2,
1768856839.4352205,RECEIVED,aed25e5a-ebb1-433a-badf-559ee293a9de,847f5c10-e08b-427d-b1ac-676e669d95d9,c3,c5,1588,e1,?,
1768856839.580228,RECEIVED,7e4f7a5a-32ee-4949-92d1-68bafc21a049,23a6b5af-1803-4710-a70d-3bb6b85db756,c1,c2,1584,e8,?,
1768856839.6191566,RECEIVED,ee2b7991-3623-4272-a450-d8502111eeb5,764e96d2-38ff-4a69-977e-7eca1111f717,c5,c3,1443,e6,?,
1768856839.835926,SENT,7e4f7a5a-32ee-4949-92d1-68bafc21a049,23a6b5af-1803-4710-a70d-3bb6b85db756,c1,c2,1115,?,x10,
1768856839.8361058,FORWARDED,7e4f7a5a-32ee-4949-92d1-68bafc21a049,23a6b5af-1803-4710-a70d-3bb6b85db756,c1,c2,1115,?,x10,
1768856840.1863344,SENT,aed25e5a-ebb1-433a-badf-559ee293a9de,847f5c10-e08b-427d-b1ac-676e669d95d9,c3,c5,1117,?,x10,
1768856840.186368,FORWARDED,aed25e5a-ebb1-433a-badf-559ee293a9de,847f5c10-e08b-427d-b1ac-676e669d95d9,c3,c5,1117,?,x10,
1768856840.395768,SENT,ee2b7991-3623-4272-a450-d8502111eeb5,764e96d2-38ff-4a69-977e-7eca1111f717,c5,c3,1011,?,x9,
1768856840.39639,FORWARDED,ee2b7991-3623-4272-a450-d8502111eeb5,764e96d2-38ff-4a69-977e-7eca1111f717,c5,c3,1011,?,x9,
1768856840.4459853,RECEIVED,ad53190d-b6a5-4b52-a576-3ac74d4f4ec9,549dc96f-db65-463e-9ef1-0394d9ac0237,c3,c5,1451,e5,?,
1768856840.713787,RECEIVED,9b3c4731-12ab-40eb-9bdd-055eaa5175b3,de4c9588-b4ff-48b4-898e-f5942fae78a6,c5,DROP,445,x12,?,
1768856840.7805588,RECEIVED,bd26a8d9-5441-4877-a581-e12e45e7b672,429c1b60-24ce-4396-8b08-ce9028bba0d0,c1,c2,1588,e8,?,
1768856840.8248284,RECEIVED,1ec8d486-fcc0-4445-949d-68ab1149b18f,9d513064-91f7-4f6a-94b2-773c05a66202,c3,c5,1583,e6,?,
1768856841.0021217,SENT,1ec8d486-fcc0-4445-949d-68ab1149b18f,9d513064-91f7-4f6a-94b2-773c05a66202,c3,c5,1116,?,x2,
1768856841.0021634,FORWARDED,1ec8d486-fcc0-4445-949d-68ab1149b18f,9d513064-91f7-4f6a-94b2-773c05a66202,c3,c5,1116,?,x2,
1768856841.0409276,RECEIVED,4e7ab81e-0941-40ad-97d4-1fa9384ebfb9,6c440b5a-56cd-4527-8b8b-f231d0d138a5,c1,c5,1443,e4,?,
1768856841.1733541,SENT,ad53190d-b6a5-4b52-a576-3ac74d4f4ec9,549dc96f-db65-463e-9ef1-0394d9ac0237,c3,c5,1017,?,x3,
1768856841.1733944,FORWARDED,ad53190d-b6a5-4b52-a576-3ac74d4f4ec9,549dc96f-db65-463e-9ef1-0394d9ac0237,c3,c5,1017,?,x3,
1768856841.179755,RECEIVED,c4accc5f-9fce-4a70-87b6-2cdefdc329fb,7f56c209-a698-4a87-862c-d046920b6fba,c3,c5,1571,e7,?,
1768856841.2250214,SENT,bd26a8d9-5441-4877-a581-e12e45e7b672,429c1b60-24ce-4396-8b08-ce9028bba0d0,c1,c2,1117,?,x3,
1768856841.22507,FORWARDED,bd26a8d9-5441-4877-a581-e12e45e7b672,429c1b60-24ce-4396-8b08-ce9028bba0d0,c1,c2,1117,?,x3,
1768856841.2766435,RECEIVED,aaf44084-5e14-4ff4-91d1-7b592af0e34d,4e348e66-e140-4647-93be-7ccb2d98f3b6,c2,c1,1452,e1,?,
1768856841.30996,RECEIVED,88a1bc85-d7e3-483a-8d97-4b40f3567647,fa87968e-a7a7-4f8c-93ed-5d4707f924bd,c1,c5,1463,e10,?,
1768856841.44409,RECEIVED,dbf8f5a5-6119-4090-98b5-a5f2c639f138,89f3eb7f-9a7f-43fc-86e4-6cd01723578c,c2,c1,1457,e2,?,
1768856841.528161,SENT,dbf8f5a5-6119-4090-98b5-a5f2c639f138,89f3eb7f-9a7f-43fc-86e4-6cd01723578c,c2,c1,1019,?,x2,
1768856841.5281997,FORWARDED,dbf8f5a5-6119-4090-98b5-a5f2c639f138,89f3eb7f-9a7f-43fc-86e4-6cd01723578c,c2,c1,1019,?,x2,
1768856841.5950007,RECEIVED,d9778d7f-4fd2-4990-ba94-625a29713f1b,6d815ef7-bba9-4ac1-b9a4-6131d7f9bb57,c1,c5,1456,e7,?,
1768856841.6771305,SENT,d9778d7f-4fd2-4990-ba94-625a29713f1b,6d815ef7-bba9-4ac1-b9a4-6131d7f9bb57,c1,c5,1018,?,x4,
1768856841.677166,FORWARDED,d9778d7f-4fd2-4990-ba94-625a29713f1b,6d815ef7-bba9-4ac1-b9a4-6131d7f9bb57,c1,c5,1018,?,x4,
1768856841.7233684,SENT,aaf44084-5e14-4ff4-91d1-7b592af0e34d,4e348e66-e140-4647-93be-7ccb2d98f3b6,c2,c1,1015,?,x1,
1768856841.7234175,FORWARDED,aaf44084-5e14-4ff4-91d1-7b592af0e34d,4e348e66-e140-4647-93be-7ccb2d98f3b6,c2,c1,1015,?,x1,
1768856841.7333193,RECEIVED,1b43328d-7dc1-45a5-b68f-81e0d0ba9000,61a8c52c-ceea-490f-9d98-918a6ec5c6e3,c2,c1,1462,e8,?,
1768856841.7835894,RECEIVED,d9999125-cc84-4b8a-84ac-dbe26cf2eeec,e0ebaf9a-55f6-4ffa-8fb2-9a30a9b36be0,c1,c5,1458,e8,?,
1768856841.8269453,SENT,d9999125-cc84-4b8a-84ac-dbe26cf2eeec,e0ebaf9a-55f6-4ffa-8fb2-9a30a9b36be0,c1,c5,1020,?,x10,
1768856841.8269768,FORWARDED,d9999125-cc84-4b8a-84ac-dbe26cf2eeec,e0ebaf9a-55f6-4ffa-8fb2-9a30a9b36be0,c1,c5,1020,?,x10,
1768856841.8813224,RECEIVED,be0ed20f-d681-455f-8707-fd98018a26ba,b7a5fc78-4618-4ead-aac4-6ba55fe25d4c,c5,c4,1584,e10,?,
1768856842.0374,SENT,be0ed20f-d681-455f-8707-fd98018a26ba,b7a5fc78-4618-4ead-aac4-6ba55fe25d4c,c5,c4,1116,?,x7,
1768856842.0374393,FORWARDED,be0ed20f-d681-455f-8707-fd98018a26ba,b7a5fc78-4618-4ead-aac4-6ba55fe25d4c,c5,c4,1116,?,x7,
1768856842.0500102,SENT,1b43328d-7dc1-45a5-b68f-81e0d0ba9000,61a8c52c-ceea-490f-9d98-918a6ec5c6e3,c2,c1,1024,?,x2,
1768856842.0500612,FORWARDED,1b43328d-7dc1-45a5-b68f-81e0d0ba9000,61a8c52c-ceea-490f-9d98-918a6ec5c6e3,c2,c1,1024,?,x2,
1768856842.1717885,RECEIVED,1add6b53-e653-4ff6-a5c4-209397d93d68,e3f52dfe-04af-4da7-9e6e-32edfe67d940,c5,c3,1584,e12,?,
1768856842.1738288,SENT,88a1bc85-d7e3-483a-8d97-4b40f3567647,fa87968e-a7a7-4f8c-93ed-5d4707f924bd,c1,c5,1025,?,x4,
1768856842.173871,FORWARDED,88a1bc85-d7e3-483a-8d97-4b40f3567647,fa87968e-a7a7-4f8c-93ed-5d4707f924bd,c1,c5,1025,?,x4,
1768856842.2248378,SENT,4e7ab81e-0941-40ad-97d4-1fa9384ebfb9,6c440b5a-56cd-4527-8b8b-f231d0d138a5,c1,c5,1011,?,x4,
1768856842.2248778,FORWARDED,4e7ab81e-0941-40ad-97d4-1fa9384ebfb9,6c440b5a-56cd-4527-8b8b-f231d0d138a5,c1,c5,1011,?,x4,
1768856842.2728162,SENT,1add6b53-e653-4ff6-a5c4-209397d93d68,e3f52dfe-04af-4da7-9e6e-32edfe67d940,c5,c3,1115,?,x9,
1768856842.272858,FORWARDED,1add6b53-e653-4ff6-a5c4-209397d93d68,e3f52dfe-04af-4da7-9e6e-32edfe67d940,c5,c3,1115,?,x9,
1768856842.360858,RECEIVED,8499c83c-c65b-4d6a-ba4d-b534090c2e30,cdbe0ae8-c66d-4d8f-b20f-b442ef697914,c3,c5,1456,e6,?,
1768856842.5055935,RECEIVED,56e16a6f-d301-432a-b3b2-f20197a89c18,a8c1be9e-4d39-4b8e-a60d-a325a341793c,c2,c1,1465,e10,?,
1768856842.5188668,SENT,8499c83c-c65b-4d6a-ba4d-b534090c2e30,cdbe0ae8-c66d-4d8f-b20f-b442ef697914,c3,c5,1019,?,x8,
1768856842.5189054,FORWARDED,8499c83c-c65b-4d6a-ba4d-b534090c2e30,cdbe0ae8-c66d-4d8f-b20f-b442ef697914,c3,c5,1019,?,x8,
1768856842.5739074,SENT,c4accc5f-9fce-4a70-87b6-2cdefdc329fb,7f56c209-a698-4a87-862c-d046920b6fba,c3,c5,1107,?,x8,
1768856842.5739465,FORWARDED,c4accc5f-9fce-4a70-87b6-2cdefdc329fb,7f56c209-a698-4a87-862c-d046920b6fba,c3,c5,1107,?,x8,
1768856842.6993334,RECEIVED,cde8ca24-2093-448b-b383-986ee5700c01,f354eb2f-343d-4456-97c4-42d866373a4d,c1,c5,1451,e6,?,
1768856842.7585027,SENT,56e16a6f-d301-432a-b3b2-f20197a89c18,a8c1be9e-4d39-4b8e-a60d-a325a341793c,c2,c1,1024,?,x11,
1768856842.758544,FORWARDED,56e16a6f-d301-432a-b3b2-f20197a89c18,a8c1be9e-4d39-4b8e-a60d-a325a341793c,c2,c1,1024,?,x11,
1768856842.8143451,RECEIVED,1b68c8cb-1d62-4846-8642-5727563fe750,28a60c6b-e9b4-4949-a94d-125225275708,c5,c3,1585,e9,?,
1768856842.8274791,RECEIVED,e7db0258-acab-46a8-a5f2-36c108b9837a,88db2567-c209-4d37-b0ae-4e2cd36f8967,c5,c1,1576,e12,?,
1768856842.9368665,SENT,1b68c8cb-1d62-4846-8642-5727563fe750,28a60c6b-e9b4-4949-a94d-125225275708,c5,c3,1116,?,x12,
1768856842.936908,FORWARDED,1b68c8cb-1d62-4846-8642-5727563fe750,28a60c6b-e9b4-4949-a94d-125225275708,c5,c3,1116,?,x12,
1768856842.9370003,RECEIVED,5fe01ad5-640e-4b2f-972b-0dd8fe7583b1,f0507fcb-5cc2-4f0d-9e73-10da1b700a07,c3,c5,1583,e8,?,
1768856842.9396775,RECEIVED,dc56831c-1bfd-4bce-a22b-bef57a7d9a21,767ffb26-65a7-4bdc-9432-d71c01d821cd,c5,c1,1585,e3,?,
1768856843.042529,SENT,dc56831c-1bfd-4bce-a22b-bef57a7d9a21,767ffb26-65a7-4bdc-9432-d71c01d821cd,c5,c1,1115,?,x5,
1768856843.0425687,FORWARDED,dc56831c-1bfd-4bce-a22b-bef57a7d9a21,767ffb26-65a7-4bdc-9432-d71c01d821cd,c5,c1,1115,?,x5,
1768856843.2525022,RECEIVED,b3452a5c-f9f2-4d8a-b8e6-f0e56430d715,2b9f76e6-aa33-4c91-a193-e8f929dcd389,c5,c1,1584,e7,?,
1768856843.3473372,SENT,b3452a5c-f9f2-4d8a-b8e6-f0e56430d715,2b9f76e6-aa33-4c91-a193-e8f929dcd389,c5,c1,1116,?,x1,
1768856843.347376,FORWARDED,b3452a5c-f9f2-4d8a-b8e6-f0e56430d715,2b9f76e6-aa33-4c91-a193-e8f929dcd389,c5,c1,1116,?,x1,
1768856843.4507337,SENT,e7db0258-acab-46a8-a5f2-36c108b9837a,88db2567-c209-4d37-b0ae-4e2cd36f8967,c5,c1,1110,?,x10,
1768856843.4507742,FORWARDED,e7db0258-acab-46a8-a5f2-36c108b9837a,88db2567-c209-4d37-b0ae-4e2cd36f8967,c5,c1,1110,?,x10,
1768856843.6749086,SENT,cde8ca24-2093-448b-b383-986ee5700c01,f354eb2f-343d-4456-97c4-42d866373a4d,c1,c5,1016,?,x1,
1768856843.674953,FORWARDED,cde8ca24-2093-448b-b383-986ee5700c01,f354eb2f-343d-4456-97c4-42d866373a4d,c1,c5,1016,?,x1,
1768856843.6961613,RECEIVED,58829e78-9f29-4a39-a35f-e26ec260cfe4,e3c2528f-a191-4529-ac93-16f15a20c8ec,c2,c1,1461,e1,?,
1768856843.9652665,SENT,58829e78-9f29-4a39-a35f-e26ec260cfe4,e3c2528f-a191-4529-ac93-16f15a20c8ec,c2,c1,1023,?,x12,
1768856843.965309,FORWARDED,58829e78-9f29-4a39-a35f-e26ec260cfe4,e3c2528f-a191-4529-ac93-16f15a20c8ec,c2,c1,1023,?,x12,
1768856844.1669853,SENT,5fe01ad5-640e-4b2f-972b-0dd8fe7583b1,f0507fcb-5cc2-4f0d-9e73-10da1b700a07,c3,c5,1115,?,x8,
1768856844.167032,FORWARDED,5fe01ad5-640e-4b2f-972b-0dd8fe7583b1,f0507fcb-5cc2-4f0d-9e73-10da1b700a07,c3,c5,1115,?,x8,
1768856844.1958148,RECEIVED,bcb2fe18-b7c3-4efb-b9cb-a7f427ebf400,4924d7e7-c368-4129-85f2-629708e7cca6,c2,c1,1460,e6,?,
1768856844.2370083,RECEIVED,be963959-4e43-487f-95de-ae64f03dffde,7ad79db8-41af-4f3d-8512-2c0581b73cb2,c5,c3,1588,e2,?,
1768856844.2373822,RECEIVED,a2c88cee-a002-4bc8-b27c-e876469d50af,3fee6e59-e2a3-4bf3-a874-700e35778244,c3,c5,1460,e10,?,
1768856844.356913,SENT,a2c88cee-a002-4bc8-b27c-e876469d50af,3fee6e59-e2a3-4bf3-a874-700e35778244,c3,c5,1023,?,x5,
1768856844.3569558,FORWARDED,a2c88cee-a002-4bc8-b27c-e876469d50af,3fee6e59-e2a3-4bf3-a874-700e35778244,c3,c5,1023,?,x5,
1768856844.5556893,SENT,be963959-4e43-487f-95de-ae64f03dffde,7ad79db8-41af-4f3d-8512-2c0581b73cb2,c5,c3,1119,?,x7,
1768856844.5557299,FORWARDED,be963959-4e43-487f-95de-ae64f03dffde,7ad79db8-41af-4f3d-8512-2c0581b73cb2,c5,c3,1119,?,x7,
1768856844.5862455,RECEIVED,1a5240d2-680e-4bb1-a28c-d03a0c391d51,35a9677d-2904-4ae6-a5f6-8e2bb78cd991,c3,DROP,1016,e5,?,
1768856844.631815,RECEIVED,dc0ae84d-d922-4b71-adf7-d398b09efb8a,18829ae7-e06d-41ec-8b39-238a455b6925,c5,c3,1584,e9,?,
1768856844.6941063,SENT,1a5240d2-680e-4bb1-a28c-d03a0c391d51,35a9677d-2904-4ae6-a5f6-8e2bb78cd991,c3,DROP,689,?,x9,
1768856844.6941469,FORWARDED,1a5240d2-680e-4bb1-a28c-d03a0c391d51,35a9677d-2904-4ae6-a5f6-8e2bb78cd991,c3,DROP,689,?,x9,
1768856844.7499192,SENT,bcb2fe18-b7c3-4efb-b9cb-a7f427ebf400,4924d7e7-c368-4129-85f2-629708e7cca6,c2,c1,1023,?,x10,
1768856844.7499638,FORWARDED,bcb2fe18-b7c3-4efb-b9cb-a7f427ebf400,4924d7e7-c368-4129-85f2-629708e7cca6,c2,c1,1023,?,x10,
1768856844.7642097,RECEIVED,c6dd1c97-b166-474d-b461-5e5bcb790570,a383192a-016a-4313-8665-7c4a1258504a,c2,c1,1456,e2,?,
1768856844.8521767,SENT,c6dd1c97-b166-474d-b461-5e5bcb790570,a383192a-016a-4313-8665-7c4a1258504a,c2,c1,1019,?,x2,
1768856844.8522174,FORWARDED,c6dd1c97-b166-474d-b461-5e5bcb790570,a383192a-016a-4313-8665-7c4a1258504a,c2,c1,1019,?,x2,
1768856844.9112608,RECEIVED,b24deae1-ef7c-42a8-8491-a69605077bf1,cdab2587-64ec-4fde-9be4-f91e0b13f611,c2,c1,1459,e9,?,
1768856844.9937472,SENT,dc0ae84d-d922-4b71-adf7-d398b09efb8a,18829ae7-e06d-41ec-8b39-238a455b6925,c5,c3,1116,?,x3,
1768856844.9937878,FORWARDED,dc0ae84d-d922-4b71-adf7-d398b09efb8a,18829ae7-e06d-41ec-8b39-238a455b6925,c5,c3,1116,?,x3,
1768856845.1182578,RECEIVED,b87e298b-1163-4fac-866b-945d451c8069,978c0d76-4b45-4035-ad71-312e3745e770,c3,c5,1585,e8,?,
1768856845.4574606,RECEIVED,e1e3e5ca-081e-4fa6-ab17-b7eb129519fa,686eaaea-3b22-40aa-bbf5-3f9b83c2ad8f,c5,c4,1585,e12,?,
1768856845.4978936,SENT,e1e3e5ca-081e-4fa6-ab17-b7eb129519fa,686eaaea-3b22-40aa-bbf5-3f9b83c2ad8f,c5,c4,1115,?,x5,
1768856845.497935,FORWARDED,e1e3e5ca-081e-4fa6-ab17-b7eb129519fa,686eaaea-3b22-40aa-bbf5-3f9b83c2ad8f,c5,c4,1115,?,x5,
1768856845.499959,SENT,b87e298b-1163-4fac-866b-945d451c8069,978c0d76-4b45-4035-ad71-312e3745e770,c3,c5,1115,?,x11,
1768856845.500002,FORWARDED,b87e298b-1163-4fac-866b-945d451c8069,978c0d76-4b45-4035-ad71-312e3745e770,c3,c5,1115,?,x11,
1768856845.5728862,SENT,b24deae1-ef7c-42a8-8491-a69605077bf1,cdab2587-64ec-4fde-9be4-f91e0b13f611,c2,c1,1023,?,x3,
1768856845.572925,FORWARDED,b24deae1-ef7c-42a8-8491-a69605077bf1,cdab2587-64ec-4fde-9be4-f91e0b13f611,c2,c1,1023,?,x3,
1768856845.658748,RECEIVED,6eb56e18-b574-4f74-be1a-266cc5485dd5,51fd7174-f86b-44b9-906e-162d4f2daeaf,c4,c5,1460,e7,?,
1768856845.768471,SENT,6eb56e18-b574-4f74-be1a-266cc5485dd5,51fd7174-f86b-44b9-906e-162d4f2daeaf,c4,c5,1023,?,x2,
1768856845.7685187,FORWARDED,6eb56e18-b574-4f74-be1a-266cc5485dd5,51fd7174-f86b-44b9-906e-162d4f2daeaf,c4,c5,1023,?,x2,
1768856846.7463012,RECEIVED,3e2a5192-9be0-45f1-9b65-b9560abce2c7,aa3433f4-25d6-4823-9211-8d8329fe6c53,c1,c5,1461,e3,?,
1768856846.7763197,SENT,3e2a5192-9be0-45f1-9b65-b9560abce2c7,aa3433f4-25d6-4823-9211-8d8329fe6c53,c1,c5,1022,?,x7,
1768856846.7763593,FORWARDED,3e2a5192-9be0-45f1-9b65-b9560abce2c7,aa3433f4-25d6-4823-9211-8d8329fe6c53,c1,c5,1022,?,x7,
1768856846.9229748,RECEIVED,6c48b50d-3ff7-45c1-8b1d-45fb9ef27c65,5e0e06e2-8320-4f00-8d83-c3845554ca3d,c5,c3,1583,e9,?,
1768856847.1307302,RECEIVED,d30545bc-a59d-4b85-873e-b032d5a75264,820e8124-0e7a-44c6-80fe-b8417f108f06,c2,c1,1456,e5,?,
1768856847.1436195,SENT,6c48b50d-3ff7-45c1-8b1d-45fb9ef27c65,5e0e06e2-8320-4f00-8d83-c3845554ca3d,c5,c3,1115,?,x6,
1768856847.1436687,FORWARDED,6c48b50d-3ff7-45c1-8b1d-45fb9ef27c65,5e0e06e2-8320-4f00-8d83-c3845554ca3d,c5,c3,1115,?,x6,
1768856847.1781363,RECEIVED,42adf49e-c3af-4e7e-8ec6-36b8f8e3489d,92662bfe-a5bc-4947-be8c-024ee0fdb822,c2,DROP,445,x12,?,
1768856847.1932402,RECEIVED,a57fb9e5-59f1-4652-897b-e3d5a16d06e5,e614308c-8de3-42a4-8cea-0916000c299b,c5,c3,1455,e2,?,
1768856847.1956944,RECEIVED,9a4f85f9-3da7-4097-895b-8c2c4eea91a6,9205ecba-babd-402f-810d-de4b616060bc,c4,c5,1447,e5,?,
1768856847.317585,SENT,d30545bc-a59d-4b85-873e-b032d5a75264,820e8124-0e7a-44c6-80fe-b8417f108f06,c2,c1,1019,?,x3,
1768856847.3176274,FORWARDED,d30545bc-a59d-4b85-873e-b032d5a75264,820e8124-0e7a-44c6-80fe-b8417f108f06,c2,c1,1019,?,x3,
1768856847.4108071,RECEIVED,2faa0f88-2bd3-4725-b7c2-d63c8b237ebd,921162aa-1554-458c-b824-814e25396682,c5,c3,1465,e11,?,
1768856847.4434874,RECEIVED,fdd237e7-f7c4-4624-8b11-cb73cf94cc41,d7a7245c-1ba6-4d77-861a-ec5cf4714cb5,c1,c2,1572,e10,?,
1768856847.4680407,RECEIVED,da877c60-3712-4d89-a604-31b671c8fc83,21751c53-4ece-4d8c-9699-72fd7b47f9cd,c3,c5,1455,e4,?,
1768856847.5293305,RECEIVED,9bb49ecf-78be-4b8f-94b1-9471a32b8783,1e670701-ed9d-48f5-ac14-84f637048039,c5,c4,1579,e3,?,
1768856847.57696,SENT,2faa0f88-2bd3-4725-b7c2-d63c8b237ebd,921162aa-1554-458c-b824-814e25396682,c5,c3,1025,?,x12,
1768856847.5770063,FORWARDED,2faa0f88-2bd3-4725-b7c2-d63c8b237ebd,921162aa-1554-458c-b824-814e25396682,c5,c3,1025,?,x12,
1768856847.799695,SENT,fdd237e7-f7c4-4624-8b11-cb73cf94cc41,d7a7245c-1ba6-4d77-861a-ec5cf4714cb5,c1,c2,1107,?,x8,
1768856847.7997363,FORWARDED,fdd237e7-f7c4-4624-8b11-cb73cf94cc41,d7a7245c-1ba6-4d77-861a-ec5cf4714cb5,c1,c2,1107,?,x8,
1768856848.024748,SENT,a57fb9e5-59f1-4652-897b-e3d5a16d06e5,e614308c-8de3-42a4-8cea-0916000c299b,c5,c3,1020,?,x3,
1768856848.02479,FORWARDED,a57fb9e5-59f1-4652-897b-e3d5a16d06e5,e614308c-8de3-42a4-8cea-0916000c299b,c5,c3,1020,?,x3,
1768856848.1149206,SENT,9a4f85f9-3da7-4097-895b-8c2c4eea91a6,9205ecba-babd-402f-810d-de4b616060bc,c4,c5,1012,?,x1,
1768856848.1149602,FORWARDED,9a4f85f9-3da7-4097-895b-8c2c4eea91a6,9205ecba-babd-402f-810d-de4b616060bc,c4,c5,1012,?,x1,
1768856848.3993578,SENT,9bb49ecf-78be-4b8f-94b1-9471a32b8783,1e670701-ed9d-48f5-ac14-84f637048039,c5,c4,1113,?,x1,
1768856848.3994472,FORWARDED,9bb49ecf-78be-4b8f-94b1-9471a32b8783,1e670701-ed9d-48f5-ac14-84f637048039,c5,c4,1113,?,x1,
1768856848.6131516,SENT,da877c60-3712-4d89-a604-31b671c8fc83,21751c53-4ece-4d8c-9699-72fd7b47f9cd,c3,c5,1019,?,x7,
1768856848.6131918,FORWARDED,da877c60-3712-4d89-a604-31b671c8fc83,21751c53-4ece-4d8c-9699-72fd7b47f9cd,c3,c5,1019,?,x7,
1768856848.6270616,RECEIVED,0d599323-2b9b-4eb0-b1ae-1b35050b6ccc,351401f0-1f42-4fbb-b91a-49ded780f6f0,c1,c5,1457,e12,?,
1768856848.649676,SENT,0d599323-2b9b-4eb0-b1ae-1b35050b6ccc,351401f0-1f42-4fbb-b91a-49ded780f6f0,c1,c5,1020,?,x9,
1768856848.649718,FORWARDED,0d599323-2b9b-4eb0-b1ae-1b35050b6ccc,351401f0-1f42-4fbb-b91a-49ded780f6f0,c1,c5,1020,?,x9,
1768856848.6922843,RECEIVED,3ec8c1a6-7628-4dfb-8155-fdf3afe1b8b7,a4f85a43-3f16-43cd-a159-37f256186a6c,c1,c5,1454,e10,?,
1768856848.6977198,RECEIVED,d560666e-6d48-45e9-acab-e7253949c2a2,c8ffe253-d39a-46c1-bb2b-51566d290b8d,c3,DROP,1015,e9,?,
1768856848.9404159,RECEIVED,d8e502f3-6e11-4630-9d0e-72101380e364,df1af673-26ed-43bf-9328-71559d3050e9,c4,c5,1441,e10,?,
1768856849.1468346,RECEIVED,0acd4985-7a2c-4217-bb65-6c9b84f5e7b9,8fc978b4-0f34-4499-b712-d23ca0f3a286,c1,c5,1455,e1,?,
1768856849.1792755,RECEIVED,858868b4-6254-4b65-bc05-03d5ecb3d1aa,aff61297-39f2-4e33-9bdc-7e13debe6f9a,c5,c1,1585,e8,?,
1768856849.2024112,SENT,858868b4-6254-4b65-bc05-03d5ecb3d1aa,aff61297-39f2-4e33-9bdc-7e13debe6f9a,c5,c1,1115,?,x3,
1768856849.20245,FORWARDED,858868b4-6254-4b65-bc05-03d5ecb3d1aa,aff61297-39f2-4e33-9bdc-7e13debe6f9a,c5,c1,1115,?,x3,
1768856849.294088,RECEIVED,3bb8597e-dc44-4824-bff6-09e929b12acf,10d830f7-e000-494b-af88-3f4caf9e2a24,c5,c4,1584,e5,?,
1768856849.3456235,RECEIVED,d3a7e154-99eb-4de2-b74a-ec36f6a75822,1c624c15-20b5-482d-9617-5f8df5b506d5,c1,c5,1454,e10,?,
1768856849.4502091,SENT,3bb8597e-dc44-4824-bff6-09e929b12acf,10d830f7-e000-494b-af88-3f4caf9e2a24,c5,c4,1115,?,x4,
1768856849.450252,FORWARDED,3bb8597e-dc44-4824-bff6-09e929b12acf,10d830f7-e000-494b-af88-3f4caf9e2a24,c5,c4,1115,?,x4,
1768856849.509682,SENT,d560666e-6d48-45e9-acab-e7253949c2a2,c8ffe253-d39a-46c1-bb2b-51566d290b8d,c3,DROP,688,?,x8,
1768856849.5097241,FORWARDED,d560666e-6d48-45e9-acab-e7253949c2a2,c8ffe253-d39a-46c1-bb2b-51566d290b8d,c3,DROP,688,?,x8,
1768856849.5906065,SENT,d8e502f3-6e11-4630-9d0e-72101380e364,df1af673-26ed-43bf-9328-71559d3050e9,c4,c5,1011,?,x5,
1768856849.5906458,FORWARDED,d8e502f3-6e11-4630-9d0e-72101380e364,df1af673-26ed-43bf-9328-71559d3050e9,c4,c5,1011,?,x5,
1768856849.6845396,SENT,0acd4985-7a2c-4217-bb65-6c9b84f5e7b9,8fc978b4-0f34-4499-b712-d23ca0f3a286,c1,c5,1020,?,x5,
1768856849.68458,FORWARDED,0acd4985-7a2c-4217-bb65-6c9b84f5e7b9,8fc978b4-0f34-4499-b712-d23ca0f3a286,c1,c5,1020,?,x5,
1768856849.835803,RECEIVED,3676525e-6660-49a5-9758-8e6b16186a4a,6c73b20f-6f7b-4b3c-bf1e-dd43b6d78c24,c5,DROP,1012,e8,?,
1768856850.0962696,RECEIVED,2683afe3-63a9-42e5-8b12-60f7d8f081cd,f7219857-eb54-4791-85bb-921540c0a7c1,c4,c5,1444,e11,?,
1768856850.1075966,RECEIVED,73043949-ada8-4a52-be99-007bd2be532e,9a824755-55bd-4d62-83b5-f2b6a5ebc46a,c5,c1,1567,e5,?,
1768856850.1210682,SENT,3676525e-6660-49a5-9758-8e6b16186a4a,6c73b20f-6f7b-4b3c-bf1e-dd43b6d78c24,c5,DROP,687,?,x4,
1768856850.1211405,FORWARDED,3676525e-6660-49a5-9758-8e6b16186a4a,6c73b20f-6f7b-4b3c-bf1e-dd43b6d78c24,c5,DROP,687,?,x4,
1768856850.127223,SENT,73043949-ada8-4a52-be99-007bd2be532e,9a824755-55bd-4d62-83b5-f2b6a5ebc46a,c5,c1,1103,?,x4,
1768856850.127263,FORWARDED,73043949-ada8-4a52-be99-007bd2be532e,9a824755-55bd-4d62-83b5-f2b6a5ebc46a,c5,c1,1103,?,x4,
1768856850.173947,RECEIVED,c2ce2fe8-1d13-4bdc-a530-99b2224c751f,5968a718-6a01-46cc-a8fb-74ff76869d01,c2,c1,1463,e10,?,
1768856850.1929216,SENT,2683afe3-63a9-42e5-8b12-60f7d8f081cd,f7219857-eb54-4791-85bb-921540c0a7c1,c4,c5,1011,?,x9,
1768856850.192963,FORWARDED,2683afe3-63a9-42e5-8b12-60f7d8f081cd,f7219857-eb54-4791-85bb-921540c0a7c1,c4,c5,1011,?,x9,
1768856850.246326,RECEIVED,30182c07-03d7-449c-ab6c-f311d94392e6,8738e0a5-d955-45e9-b660-c5db3bd422ea,c1,c2,1585,e3,?,
1768856850.5066214,RECEIVED,172b7c29-6abe-424f-9696-e8d4fa5b7a93,1487a7fc-1fcf-4ea3-8343-ba9804a55ff8,c5,c1,1586,e8,?,
1768856850.5615194,SENT,172b7c29-6abe-424f-9696-e8d4fa5b7a93,1487a7fc-1fcf-4ea3-8343-ba9804a55ff8,c5,c1,1116,?,x11,
1768856850.5615602,FORWARDED,172b7c29-6abe-424f-9696-e8d4fa5b7a93,1487a7fc-1fcf-4ea3-8343-ba9804a55ff8,c5,c1,1116,?,x11,
1768856850.5648708,SENT,c2ce2fe8-1d13-4bdc-a530-99b2224c751f,5968a718-6a01-46cc-a8fb-74ff76869d01,c2,c1,1024,?,x1,
1768856850.56492,FORWARDED,c2ce2fe8-1d13-4bdc-a530-99b2224c751f,5968a718-6a01-46cc-a8fb-74ff76869d01,c2,c1,1024,?,x1,
1768856850.5833974,RECEIVED,1f599767-d934-450c-baa4-6dae9c90abba,82074465-962e-47ec-973b-c89b11c88d45,c2,c1,1459,e11,?,
1768856850.604229,SENT,30182c07-03d7-449c-ab6c-f311d94392e6,8738e0a5-d955-45e9-b660-c5db3bd422ea,c1,c2,1115,?,x10,
1768856850.6042686,FORWARDED,30182c07-03d7-449c-ab6c-f311d94392e6,8738e0a5-d955-45e9-b660-c5db3bd422ea,c1,c2,1115,?,x10,
1768856850.73923,RECEIVED,3547e02e-11c0-4626-9f2e-7b2d5d0571d2,b8717bbf-3faa-49f4-b2f7-2a52d6d6d9c1,c5,c1,1572,e9,?,
1768856850.9326873,SENT,d3a7e154-99eb-4de2-b74a-ec36f6a75822,1c624c15-20b5-482d-9617-5f8df5b506d5,c1,c5,1019,?,x7,
1768856850.9327269,FORWARDED,d3a7e154-99eb-4de2-b74a-ec36f6a75822,1c624c15-20b5-482d-9617-5f8df5b506d5,c1,c5,1019,?,x7,
1768856850.959962,RECEIVED,abc0391f-9b11-441a-b56c-ab04cbbc05db,4d49fc54-4e52-4149-8601-14ef229b3011,c3,c5,1455,e2,?,
1768856850.9968507,RECEIVED,680c1087-2917-45e6-8e05-d1b9ae05f1ac,6c67a3df-7c50-49c3-b8b5-5e8cc25978f9,c3,c5,1587,e1,?,
1768856851.199701,SENT,3ec8c1a6-7628-4dfb-8155-fdf3afe1b8b7,a4f85a43-3f16-43cd-a159-37f256186a6c,c1,c5,1019,?,x5,
1768856851.1997404,FORWARDED,3ec8c1a6-7628-4dfb-8155-fdf3afe1b8b7,a4f85a43-3f16-43cd-a159-37f256186a6c,c1,c5,1019,?,x5,
1768856851.2082973,SENT,3547e02e-11c0-4626-9f2e-7b2d5d0571d2,b8717bbf-3faa-49f4-b2f7-2a52d6d6d9c1,c5,c1,1105,?,x7,
1768856851.2083356,FORWARDED,3547e02e-11c0-4626-9f2e-7b2d5d0571d2,b8717bbf-3faa-49f4-b2f7-2a52d6d6d9c1,c5,c1,1105,?,x7,
1768856851.5715756,SENT,680c1087-2917-45e6-8e05-d1b9ae05f1ac,6c67a3df-7c50-49c3-b8b5-5e8cc25978f9,c3,c5,1117,?,x5,
1768856851.5716164,FORWARDED,680c1087-2917-45e6-8e05-d1b9ae05f1ac,6c67a3df-7c50-49c3-b8b5-5e8cc25978f9,c3,c5,1117,?,x5,
1768856851.608702,SENT,1f599767-d934-450c-baa4-6dae9c90abba,82074465-962e-47ec-973b-c89b11c88d45,c2,c1,1023,?,x8,
1768856851.6087425,FORWARDED,1f599767-d934-450c-baa4-6dae9c90abba,82074465-962e-47ec-973b-c89b11c88d45,c2,c1,1023,?,x8,
1768856851.719911,RECEIVED,90647468-91d2-430b-8b51-898d70788825,d91effe8-3825-43ce-98af-160cdb1685e1,c5,c3,1584,e5,?,
1768856851.8135142,SENT,90647468-91d2-430b-8b51-898d70788825,d91effe8-3825-43ce-98af-160cdb1685e1,c5,c3,1116,?,x7,
1768856851.8135533,FORWARDED,90647468-91d2-430b-8b51-898d70788825,d91effe8-3825-43ce-98af-160cdb1685e1,c5,c3,1116,?,x7,
1768856851.9132478,SENT,abc0391f-9b11-441a-b56c-ab04cbbc05db,4d49fc54-4e52-4149-8601-14ef229b3011,c3,c5,1019,?,x4,
1768856851.9132886,FORWARDED,abc0391f-9b11-441a-b56c-ab04cbbc05db,4d49fc54-4e52-4149-8601-14ef229b3011,c3,c5,1019,?,x4,
1768856852.0453532,RECEIVED,a79f2298-c328-4c62-b354-325d990c3b05,b0af33d3-e73b-4310-860b-172ad540d4c5,c3,c5,1459,e10,?,
1768856852.0603504,RECEIVED,46ca59a1-7dd0-4da9-926a-3ff09dc1f36b,32ab0441-3221-43df-b27c-fe5505eb1544,c1,c5,1456,e8,?,
1768856852.1804004,SENT,46ca59a1-7dd0-4da9-926a-3ff09dc1f36b,32ab0441-3221-43df-b27c-fe5505eb1544,c1,c5,1020,?,x6,
1768856852.1804383,FORWARDED,46ca59a1-7dd0-4da9-926a-3ff09dc1f36b,32ab0441-3221-43df-b27c-fe5505eb1544,c1,c5,1020,?,x6,
1768856852.657673,SENT,a79f2298-c328-4c62-b354-325d990c3b05,b0af33d3-e73b-4310-860b-172ad540d4c5,c3,c5,1023,?,x6,
1768856852.657717,FORWARDED,a79f2298-c328-4c62-b354-325d990c3b05,b0af33d3-e73b-4310-860b-172ad540d4c5,c3,c5,1023,?,x6,
1768856852.6616592,RECEIVED,4d76fc19-df51-440f-acc1-91927901eb3b,54d6cd31-f42b-48f7-84f9-8b062a13da15,c3,c5,1457,e5,?,
1768856852.7144346,RECEIVED,79b4d498-1f97-48ea-bdf0-da60a0a1f530,f36c67de-bf1a-418a-b1f5-096518625fad,c3,DROP,1019,e11,?,
1768856852.7218766,SENT,4d76fc19-df51-440f-acc1-91927901eb3b,54d6cd31-f42b-48f7-84f9-8b062a13da15,c3,c5,1019,?,x12,
1768856852.721916,FORWARDED,4d76fc19-df51-440f-acc1-91927901eb3b,54d6cd31-f42b-48f7-84f9-8b062a13da15,c3,c5,1019,?,x12,
1768856852.891239,RECEIVED,923c2d21-11eb-456d-90c3-25100ec73d1a,a5f3e3f5-0c20-4148-a5b9-293357dc147f,c3,c5,1584,e2,?,
1768856853.0815165,RECEIVED,2c77eff9-aa1f-4424-a84c-1a0d02d86357,84b6cb4e-76ed-49f6-a361-a2ec58299088,c3,c5,1582,e4,?,
1768856853.193943,SENT,923c2d21-11eb-456d-90c3-25100ec73d1a,a5f3e3f5-0c20-4148-a5b9-293357dc147f,c3,c5,1116,?,x1,
1768856853.1939912,FORWARDED,923c2d21-11eb-456d-90c3-25100ec73d1a,a5f3e3f5-0c20-4148-a5b9-293357dc147f,c3,c5,1116,?,x1,
1768856853.2202897,RECEIVED,cfffa9e6-c2c0-47db-94f9-f9c12ea8bf72,4c046b90-428f-4ce4-9577-ecb9033382a6,c4,DROP,1008,e3,?,
1768856853.2279584,SENT,2c77eff9-aa1f-4424-a84c-1a0d02d86357,84b6cb4e-76ed-49f6-a361-a2ec58299088,c3,c5,1115,?,x5,
1768856853.2279983,FORWARDED,2c77eff9-aa1f-4424-a84c-1a0d02d86357,84b6cb4e-76ed-49f6-a361-a2ec58299088,c3,c5,1115,?,x5,
1768856853.3004568,SENT,cfffa9e6-c2c0-47db-94f9-f9c12ea8bf72,4c046b90-428f-4ce4-9577-ecb9033382a6,c4,DROP,684,?,x5,
1768856853.3004951,FORWARDED,cfffa9e6-c2c0-47db-94f9-f9c12ea8bf72,4c046b90-428f-4ce4-9577-ecb9033382a6,c4,DROP,684,?,x5,
1768856853.402267,SENT,79b4d498-1f97-48ea-bdf0-da60a0a1f530,f36c67de-bf1a-418a-b1f5-096518625fad,c3,DROP,692,?,x1,
1768856853.4023066,FORWARDED,79b4d498-1f97-48ea-bdf0-da60a0a1f530,f36c67de-bf1a-418a-b1f5-096518625fad,c3,DROP,692,?,x1,
1768856853.4797935,RECEIVED,ec20dfa2-2ef1-44c1-8a72-e9b0b329e0f1,40f89983-e58b-4b31-8541-9cac39e2762c,c1,c5,1444,e3,?,
1768856853.6181722,SENT,ec20dfa2-2ef1-44c1-8a72-e9b0b329e0f1,40f89983-e58b-4b31-8541-9cac39e2762c,c1,c5,1011,?,x3,
1768856853.6182113,FORWARDED,ec20dfa2-2ef1-44c1-8a72-e9b0b329e0f1,40f89983-e58b-4b31-8541-9cac39e2762c,c1,c5,1011,?,x3,
1768856853.8142223,RECEIVED,27808479-3b3f-47b2-b147-af7baf0e2767,f057d8fe-a23f-49e7-9083-fcdd32ac9ea6,c3,c5,1588,e1,?,
1768856854.126329,RECEIVED,40404c7a-caaf-4659-b74c-519f7a5fb584,671341ba-d710-4435-a048-9dd7ae56b1ad,c1,DROP,442,x6,?,
1768856854.1377878,SENT,27808479-3b3f-47b2-b147-af7baf0e2767,f057d8fe-a23f-49e7-9083-fcdd32ac9ea6,c3,c5,1117,?,x2,
1768856854.1378293,FORWARDED,27808479-3b3f-47b2-b147-af7baf0e2767,f057d8fe-a23f-49e7-9083-fcdd32ac9ea6,c3,c5,1117,?,x2,
1768856854.3229735,RECEIVED,533bc0fe-916a-4278-bbf6-f81e4179e732,317a565f-3ab3-4098-be6c-d8995baf46a5,c5,DROP,446,x7,?,
1768856854.7654195,RECEIVED,449c8528-a447-4c56-94ac-e606ac0b9367,573a4a08-3d56-4296-a4a6-e48da85f73a3,c5,c4,1584,e6,?,
1768856855.2161682,RECEIVED,fab73e94-36fb-4a39-84b7-7bb3a485e282,7fbe3ca5-cbaf-4783-8890-c10480358ba7,c1,c5,1456,e12,?,
1768856855.2931643,SENT,fab73e94-36fb-4a39-84b7-7bb3a485e282,7fbe3ca5-cbaf-4783-8890-c10480358ba7,c1,c5,1018,?,x6,
1768856855.2932048,FORWARDED,fab73e94-36fb-4a39-84b7-7bb3a485e282,7fbe3ca5-cbaf-4783-8890-c10480358ba7,c1,c5,1018,?,x6,
1768856855.4191635,RECEIVED,702f6b6e-7044-4e0d-a598-4c18100ec934,79037f81-b164-44c5-a70d-4f6f045180d7,c5,c4,1580,e11,?,
1768856855.4412637,SENT,449c8528-a447-4c56-94ac-e606ac0b9367,573a4a08-3d56-4296-a4a6-e48da85f73a3,c5,c4,1116,?,x12,
1768856855.4413059,FORWARDED,449c8528-a447-4c56-94ac-e606ac0b9367,573a4a08-3d56-4296-a4a6-e48da85f73a3,c5,c4,1116,?,x12,
1768856855.6342292,SENT,702f6b6e-7044-4e0d-a598-4c18100ec934,79037f81-b164-44c5-a70d-4f6f045180d7,c5,c4,1111,?,x11,
1768856855.6342692,FORWARDED,702f6b6e-7044-4e0d-a598-4c18100ec934,79037f81-b164-44c5-a70d-4f6f045180d7,c5,c4,1111,?,x11,
1768856855.6453424,RECEIVED,857673b1-347e-4416-9922-128a281e07a3,f2b04309-e45c-48f5-935a-e0223db57bd4,c4,c5,1456,e6,?,
1768856855.8832164,SENT,857673b1-347e-4416-9922-128a281e07a3,f2b04309-e45c-48f5-935a-e0223db57bd4,c4,c5,1018,?,x3,
1768856855.8832548,FORWARDED,857673b1-347e-4416-9922-128a281e07a3,f2b04309-e45c-48f5-935a-e0223db57bd4,c4,c5,1018,?,x3,
1768856856.463712,RECEIVED,5ae218de-d697-47c4-bd70-2b8e1753beaa,da4850eb-4432-43af-a0d1-3234bae0c106,c5,c1,1579,e9,?,
1768856856.6108785,RECEIVED,a17c0099-aa0e-43b0-9750-4cffa916882a,c2196d13-5fe3-40e0-bfa8-dbe3fe7b681b,c3,c5,1452,e2,?,
1768856857.1649477,RECEIVED,b8ad2680-3376-48df-b99d-0a95ac35317d,bfc9d04d-6418-4dcb-8d1c-f3549f527cfb,c5,c3,1587,e2,?,
1768856857.1964781,RECEIVED,ea592e38-2692-40cc-87e1-6f4a36437fa0,eaced5e7-eb47-4b8d-9d2e-8e864c36d38c,c5,c4,1568,e6,?,
1768856857.272009,RECEIVED,12a26266-5228-490b-9884-dcfe877ae0a7,4bb6e9f6-16db-4068-9fc3-5ff41f40ebd5,c1,c2,1584,e12,?,
1768856857.349329,SENT,b8ad2680-3376-48df-b99d-0a95ac35317d,bfc9d04d-6418-4dcb-8d1c-f3549f527cfb,c5,c3,1117,?,x4,
1768856857.3493683,FORWARDED,b8ad2680-3376-48df-b99d-0a95ac35317d,bfc9d04d-6418-4dcb-8d1c-f3549f527cfb,c5,c3,1117,?,x4,
1768856857.4686522,SENT,5ae218de-d697-47c4-bd70-2b8e1753beaa,da4850eb-4432-43af-a0d1-3234bae0c106,c5,c1,1111,?,x6,
1768856857.4686923,FORWARDED,5ae218de-d697-47c4-bd70-2b8e1753beaa,da4850eb-4432-43af-a0d1-3234bae0c106,c5,c1,1111,?,x6,
1768856857.5028687,RECEIVED,8fa2aa26-f42e-4150-b362-c9f5f9791d04,de82a75d-e2ae-4e98-817f-9554165b2f2c,c5,c3,1583,e7,?,
1768856857.5559983,SENT,a17c0099-aa0e-43b0-9750-4cffa916882a,c2196d13-5fe3-40e0-bfa8-dbe3fe7b681b,c3,c5,1017,?,x11,
1768856857.5560381,FORWARDED,a17c0099-aa0e-43b0-9750-4cffa916882a,c2196d13-5fe3-40e0-bfa8-dbe3fe7b681b,c3,c5,1017,?,x11,
1768856857.7654924,RECEIVED,8c971d42-7834-43e2-9a0d-e6ce74a50807,d1f21947-75c4-49bc-bca1-f94b53efe43c,c5,c3,1456,e10,?,
1768856857.858075,SENT,8c971d42-7834-43e2-9a0d-e6ce74a50807,d1f21947-75c4-49bc-bca1-f94b53efe43c,c5,c3,1019,?,x1,
1768856857.8581183,FORWARDED,8c971d42-7834-43e2-9a0d-e6ce74a50807,d1f21947-75c4-49bc-bca1-f94b53efe43c,c5,c3,1019,?,x1,
1768856857.9385784,SENT,ea592e38-2692-40cc-87e1-6f4a36437fa0,eaced5e7-eb47-4b8d-9d2e-8e864c36d38c,c5,c4,1103,?,x11,
1768856857.938618,FORWARDED,ea592e38-2692-40cc-87e1-6f4a36437fa0,eaced5e7-eb47-4b8d-9d2e-8e864c36d38c,c5,c4,1103,?,x11,
1768856858.169174,RECEIVED,80a42d7a-6ac8-42ed-b2af-b90d20cce156,977e1c04-3559-4c5e-b6d4-9da63186d1ac,c1,c5,1451,e2,?,
1768856858.175505,RECEIVED,3f2ef98d-ab5d-4c54-a4ee-ae5235b6d20b,a0dc2acb-289b-49fe-9bf0-082e16483751,c5,c3,1452,e8,?,
1768856858.2975776,SENT,80a42d7a-6ac8-42ed-b2af-b90d20cce156,977e1c04-3559-4c5e-b6d4-9da63186d1ac,c1,c5,1016,?,x2,
1768856858.2976198,FORWARDED,80a42d7a-6ac8-42ed-b2af-b90d20cce156,977e1c04-3559-4c5e-b6d4-9da63186d1ac,c1,c5,1016,?,x2,
1768856858.382563,SENT,3f2ef98d-ab5d-4c54-a4ee-ae5235b6d20b,a0dc2acb-289b-49fe-9bf0-082e16483751,c5,c3,1016,?,x4,
1768856858.3826008,FORWARDED,3f2ef98d-ab5d-4c54-a4ee-ae5235b6d20b,a0dc2acb-289b-49fe-9bf0-082e16483751,c5,c3,1016,?,x4,
1768856858.394356,SENT,12a26266-5228-490b-9884-dcfe877ae0a7,4bb6e9f6-16db-4068-9fc3-5ff41f40ebd5,c1,c2,1116,?,x11,
1768856858.3943949,FORWARDED,12a26266-5228-490b-9884-dcfe877ae0a7,4bb6e9f6-16db-4068-9fc3-5ff41f40ebd5,c1,c2,1116,?,x11,
1768856858.4553149,RECEIVED,7d137b89-5894-4496-b901-52cdae02690b,f8a3469b-4236-4790-b00c-2fe16247ee3c,c3,c5,1456,e4,?,
1768856858.4989283,RECEIVED,8fa60d2c-abd4-48b5-baee-c9e0783700fb,379d11e9-e87a-4467-9f96-a243d7475ac3,c1,c5,1459,e10,?,
1768856858.6502988,SENT,8fa60d2c-abd4-48b5-baee-c9e0783700fb,379d11e9-e87a-4467-9f96-a243d7475ac3,c1,c5,1023,?,x3,
1768856858.6503398,FORWARDED,8fa60d2c-abd4-48b5-baee-c9e0783700fb,379d11e9-e87a-4467-9f96-a243d7475ac3,c1,c5,1023,?,x3,
1768856858.6768968,SENT,7d137b89-5894-4496-b901-52cdae02690b,f8a3469b-4236-4790-b00c-2fe16247ee3c,c3,c5,1020,?,x7,
1768856858.676937,FORWARDED,7d137b89-5894-4496-b901-52cdae02690b,f8a3469b-4236-4790-b00c-2fe16247ee3c,c3,c5,1020,?,x7,
1768856858.710434,RECEIVED,9af337e3-c60e-4535-88df-5c6aea458f69,a07ad61e-a97c-4d18-9016-6f8352e0caf3,c3,c5,1584,e2,?,
1768856858.9198227,SENT,8fa2aa26-f42e-4150-b362-c9f5f9791d04,de82a75d-e2ae-4e98-817f-9554165b2f2c,c5,c3,1116,?,x7,
1768856858.9201093,FORWARDED,8fa2aa26-f42e-4150-b362-c9f5f9791d04,de82a75d-e2ae-4e98-817f-9554165b2f2c,c5,c3,1116,?,x7,
1768856859.011192,RECEIVED,f2020e86-703c-4ac8-ae6d-386de8137970,1ca58981-0f38-4764-b08f-9be4a77b7ede,c2,DROP,443,x4,?,
1768856859.0460782,RECEIVED,cb2348ec-34ba-44c0-a74f-0a620e64f7e5,3acae69b-25aa-40ef-b81e-b34221506910,c2,DROP,1019,e5,?,
1768856859.0500817,SENT,9af337e3-c60e-4535-88df-5c6aea458f69,a07ad61e-a97c-4d18-9016-6f8352e0caf3,c3,c5,1115,?,x11,
1768856859.0510144,FORWARDED,9af337e3-c60e-4535-88df-5c6aea458f69,a07ad61e-a97c-4d18-9016-6f8352e0caf3,c3,c5,1115,?,x11,
1768856859.311895,SENT,cb2348ec-34ba-44c0-a74f-0a620e64f7e5,3acae69b-25aa-40ef-b81e-b34221506910,c2,DROP,692,?,x7,
1768856859.3119335,FORWARDED,cb2348ec-34ba-44c0-a74f-0a620e64f7e5,3acae69b-25aa-40ef-b81e-b34221506910,c2,DROP,692,?,x7,
1768856859.3350306,RECEIVED,b2a5f372-6b6a-4cc3-810b-48eca6df284a,255136d7-240c-4d6e-b22e-8a20b9bcbc35,c5,c4,1585,e1,?,
1768856859.409531,RECEIVED,b1018aa2-41f6-4d4d-9339-89222de01959,790296fd-eebc-4b76-a826-aadf7111e946,c1,c5,1455,e6,?,
1768856859.5355592,SENT,b2a5f372-6b6a-4cc3-810b-48eca6df284a,255136d7-240c-4d6e-b22e-8a20b9bcbc35,c5,c4,1115,?,x10,
1768856859.535602,FORWARDED,b2a5f372-6b6a-4cc3-810b-48eca6df284a,255136d7-240c-4d6e-b22e-8a20b9bcbc35,c5,c4,1115,?,x10,
1768856859.7415073,RECEIVED,ef2941c8-a505-4ceb-a0ac-740ab6160baa,d074e017-5d81-4c75-8ea6-9916c20e14b0,c1,c5,1451,e4,?,
1768856859.882697,RECEIVED,fffb5139-0d29-422d-8e80-8278dbbb1d43,fe0404f5-d41a-4b83-9cd7-7de240c18763,c5,c3,1583,e6,?,
1768856859.9173214,SENT,b1018aa2-41f6-4d4d-9339-89222de01959,790296fd-eebc-4b76-a826-aadf7111e946,c1,c5,1018,?,x9,
1768856859.9173625,FORWARDED,b1018aa2-41f6-4d4d-9339-89222de01959,790296fd-eebc-4b76-a826-aadf7111e946,c1,c5,1018,?,x9,
1768856859.953753,RECEIVED,e78c9d71-0a45-43f0-9485-2e54b2e0f2c8,8f51c378-0dc1-4612-a5b5-501b7d8a7a27,c5,DROP,1007,e5,?,
1768856860.067952,RECEIVED,2b91b016-4a6a-4a5c-829b-fe1777c157cd,2c14d638-f858-4d3f-83d8-3db17d2b39f9,c2,c1,1456,e9,?,
1768856860.1212215,SENT,2b91b016-4a6a-4a5c-829b-fe1777c157cd,2c14d638-f858-4d3f-83d8-3db17d2b39f9,c2,c1,1019,?,x9,
1768856860.121266,FORWARDED,2b91b016-4a6a-4a5c-829b-fe1777c157cd,2c14d638-f858-4d3f-83d8-3db17d2b39f9,c2,c1,1019,?,x9,
1768856860.1380067,RECEIVED,eb23173c-335e-4f5c-8750-0ae788643d0c,95140c3b-6d55-4d39-8452-207ffaa8c5c6,c2,c1,1465,e2,?,
1768856860.1517098,RECEIVED,ae9f5bfa-7a71-40fa-a617-e8d011f1bb4e,03fb67c3-e40f-4572-ba74-416ad734e1bb,c2,c1,1444,e7,?,
1768856860.2229261,SENT,eb23173c-335e-4f5c-8750-0ae788643d0c,95140c3b-6d55-4d39-8452-207ffaa8c5c6,c2,c1,1024,?,x2,
1768856860.222968,FORWARDED,eb23173c-335e-4f5c-8750-0ae788643d0c,95140c3b-6d55-4d39-8452-207ffaa8c5c6,c2,c1,1024,?,x2,
1768856860.2403836,SENT,ae9f5bfa-7a71-40fa-a617-e8d011f1bb4e,03fb67c3-e40f-4572-ba74-416ad734e1bb,c2,c1,1011,?,x1,
1768856860.2404244,FORWARDED,ae9f5bfa-7a71-40fa-a617-e8d011f1bb4e,03fb67c3-e40f-4572-ba74-416ad734e1bb,c2,c1,1011,?,x1,
1768856860.3220396,SENT,ef2941c8-a505-4ceb-a0ac-740ab6160baa,d074e017-5d81-4c75-8ea6-9916c20e14b0,c1,c5,1015,?,x4,
1768856860.322138,FORWARDED,ef2941c8-a505-4ceb-a0ac-740ab6160baa,d074e017-5d81-4c75-8ea6-9916c20e14b0,c1,c5,1015,?,x4,
1768856860.412324,SENT,e78c9d71-0a45-43f0-9485-2e54b2e0f2c8,8f51c378-0dc1-4612-a5b5-501b7d8a7a27,c5,DROP,684,?,x4,
1768856860.4123673,FORWARDED,e78c9d71-0a45-43f0-9485-2e54b2e0f2c8,8f51c378-0dc1-4612-a5b5-501b7d8a7a27,c5,DROP,684,?,x4,
1768856860.6392832,RECEIVED,00f7fca2-ab84-492d-af26-e3a442b7c205,1a3c10e7-cbcf-4864-b491-4ca7e835a15f,c5,c1,1585,e7,?,
1768856860.7150767,SENT,00f7fca2-ab84-492d-af26-e3a442b7c205,1a3c10e7-cbcf-4864-b491-4ca7e835a15f,c5,c1,1115,?,x9,
1768856860.7151196,FORWARDED,00f7fca2-ab84-492d-af26-e3a442b7c205,1a3c10e7-cbcf-4864-b491-4ca7e835a15f,c5,c1,1115,?,x9,
1768856860.8672535,RECEIVED,4555a9da-0849-4a22-a945-3935b3525262,7fd3c5a4-9e0b-4660-83f2-856f0d4a5488,c3,c5,1583,e6,?,
1768856860.970747,SENT,fffb5139-0d29-422d-8e80-8278dbbb1d43,fe0404f5-d41a-4b83-9cd7-7de240c18763,c5,c3,1115,?,x7,
1768856860.9707875,FORWARDED,fffb5139-0d29-422d-8e80-8278dbbb1d43,fe0404f5-d41a-4b83-9cd7-7de240c18763,c5,c3,1115,?,x7,
1768856861.018742,RECEIVED,ed41d605-6081-4623-b0bd-aab53bd34129,088dc93f-8e1a-4514-899d-d9ff1eed0578,c5,c3,1451,e8,?,
1768856861.2112083,RECEIVED,32ce0c41-266a-46c8-b39e-6e2a1bb5848f,a81c0ed1-cfb1-4dbc-bdbc-41577fbca748,c5,c3,1588,e11,?,
1768856861.3901558,SENT,32ce0c41-266a-46c8-b39e-6e2a1bb5848f,a81c0ed1-cfb1-4dbc-bdbc-41577fbca748,c5,c3,1117,?,x3,
1768856861.3901918,FORWARDED,32ce0c41-266a-46c8-b39e-6e2a1bb5848f,a81c0ed1-cfb1-4dbc-bdbc-41577fbca748,c5,c3,1117,?,x3,
1768856861.4400342,RECEIVED,69dd460c-503b-4526-8b31-8d85a15195b2,108bce0b-f409-4395-bd05-916b8d086789,c2,c1,1459,e10,?,
1768856861.7599103,RECEIVED,44e63259-9172-4967-9540-000e5dbe5760,fd11cee0-2bd2-4c4e-91f1-0d6756499099,c3,c5,1591,e5,?,
1768856861.8949249,SENT,ed41d605-6081-4623-b0bd-aab53bd34129,088dc93f-8e1a-4514-899d-d9ff1eed0578,c5,c3,1015,?,x8,
1768856861.8949661,FORWARDED,ed41d605-6081-4623-b0bd-aab53bd34129,088dc93f-8e1a-4514-899d-d9ff1eed0578,c5,c3,1015,?,x8,
1768856861.899932,RECEIVED,77502215-eb62-4196-abac-35c999148782,1de6fa19-57d5-4c7b-8965-bfd8c1ce2ec6,c4,c5,1448,e1,?,
1768856861.9619455,SENT,4555a9da-0849-4a22-a945-3935b3525262,7fd3c5a4-9e0b-4660-83f2-856f0d4a5488,c3,c5,1115,?,x7,
1768856861.9619946,FORWARDED,4555a9da-0849-4a22-a945-3935b3525262,7fd3c5a4-9e0b-4660-83f2-856f0d4a5488,c3,c5,1115,?,x7,
1768856862.0349925,SENT,77502215-eb62-4196-abac-35c999148782,1de6fa19-57d5-4c7b-8965-bfd8c1ce2ec6,c4,c5,1012,?,x7,
1768856862.0350332,FORWARDED,77502215-eb62-4196-abac-35c999148782,1de6fa19-57d5-4c7b-8965-bfd8c1ce2ec6,c4,c5,1012,?,x7,
1768856862.1458414,RECEIVED,a57f7bc9-6788-4a16-a305-91b72edd4178,9f40dc32-9a39-4753-ba28-9c44ee04cd19,c5,c3,1463,e2,?,
1768856862.390298,SENT,69dd460c-503b-4526-8b31-8d85a15195b2,108bce0b-f409-4395-bd05-916b8d086789,c2,c1,1023,?,x4,
1768856862.3903456,FORWARDED,69dd460c-503b-4526-8b31-8d85a15195b2,108bce0b-f409-4395-bd05-916b8d086789,c2,c1,1023,?,x4,
1768856862.6098938,RECEIVED,506b7252-c134-446e-a6a3-43ec95d9fd35,d01f92de-4351-4020-be77-3d53164846e7,c5,c4,1583,e6,?,
1768856862.9044456,SENT,506b7252-c134-446e-a6a3-43ec95d9fd35,d01f92de-4351-4020-be77-3d53164846e7,c5,c4,1115,?,x6,
1768856862.9044878,FORWARDED,506b7252-c134-446e-a6a3-43ec95d9fd35,d01f92de-4351-4020-be77-3d53164846e7,c5,c4,1115,?,x6,
1768856863.0099225,RECEIVED,79758c94-5525-470f-be32-578e409dfded,dd7c492a-b59d-4216-8fc4-45b34ec5bf30,c3,c5,1459,e7,?,
1768856863.401572,SENT,79758c94-5525-470f-be32-578e409dfded,dd7c492a-b59d-4216-8fc4-45b34ec5bf30,c3,c5,1023,?,x7,
1768856863.4016144,FORWARDED,79758c94-5525-470f-be32-578e409dfded,dd7c492a-b59d-4216-8fc4-45b34ec5bf30,c3,c5,1023,?,x7,
1768856863.5584295,RECEIVED,63407d43-ce6a-4045-9821-58bc51276d84,3d4052c2-da33-48b4-97e9-455455eefea4,c5,c4,1583,e11,?,
1768856863.5631962,SENT,44e63259-9172-4967-9540-000e5dbe5760,fd11cee0-2bd2-4c4e-91f1-0d6756499099,c3,c5,1120,?,x9,
1768856863.5632381,FORWARDED,44e63259-9172-4967-9540-000e5dbe5760,fd11cee0-2bd2-4c4e-91f1-0d6756499099,c3,c5,1120,?,x9,
1768856863.7879667,RECEIVED,abaa80b5-15de-4315-b0c5-599c84b53bac,63f28ae4-e387-4a67-aef7-28027596994f,c1,c5,1459,e11,?,
1768856863.886066,RECEIVED,587c2331-f334-4321-bf13-6579445ef84a,8403a79e-396f-42a9-9e1a-abd649fa76b4,c4,c5,1452,e1,?,
1768856863.943026,SENT,63407d43-ce6a-4045-9821-58bc51276d84,3d4052c2-da33-48b4-97e9-455455eefea4,c5,c4,1115,?,x6,
1768856863.9430807,FORWARDED,63407d43-ce6a-4045-9821-58bc51276d84,3d4052c2-da33-48b4-97e9-455455eefea4,c5,c4,1115,?,x6,
1768856863.9842799,SENT,abaa80b5-15de-4315-b0c5-599c84b53bac,63f28ae4-e387-4a67-aef7-28027596994f,c1,c5,1023,?,x2,
1768856863.9843216,FORWARDED,abaa80b5-15de-4315-b0c5-599c84b53bac,63f28ae4-e387-4a67-aef7-28027596994f,c1,c5,1023,?,x2,
1768856864.0177228,RECEIVED,43c98f87-13ab-47f8-b0ad-4c1d55fbc164,40e0495b-0acf-4c5f-b434-935bb5f39ce0,c5,c1,1582,e11,?,
1768856864.0197012,RECEIVED,5acedaf1-cf8d-4722-9e33-2c2d8f5023ea,6150124f-8ac2-48a2-aeef-a00aa6e5abcb,c3,c5,1575,e5,?,
1768856864.0368679,RECEIVED,82cc086b-220c-4cfa-9190-3d4c68257a51,fbe6f063-5dae-4bc9-91a0-333a96d59caa,c5,c3,1584,e4,?,
1768856864.0878737,RECEIVED,3d40961a-d22e-4e5e-a5ab-17f9c9c0b424,716dcbe3-5e4e-43e7-bad5-0fcf7f00ccce,c5,c3,1456,e4,?,
1768856864.190005,RECEIVED,8c3cce89-bc6b-45ae-b938-461268162a8c,e7454f4d-dbab-41f7-a864-c5442bd46d7a,c3,c5,1456,e6,?,
1768856864.2485113,SENT,587c2331-f334-4321-bf13-6579445ef84a,8403a79e-396f-42a9-9e1a-abd649fa76b4,c4,c5,1015,?,x3,
1768856864.2485604,FORWARDED,587c2331-f334-4321-bf13-6579445ef84a,8403a79e-396f-42a9-9e1a-abd649fa76b4,c4,c5,1015,?,x3,
1768856864.2820327,SENT,8c3cce89-bc6b-45ae-b938-461268162a8c,e7454f4d-dbab-41f7-a864-c5442bd46d7a,c3,c5,1019,?,x9,
1768856864.2820883,FORWARDED,8c3cce89-bc6b-45ae-b938-461268162a8c,e7454f4d-dbab-41f7-a864-c5442bd46d7a,c3,c5,1019,?,x9,
1768856864.2928574,SENT,a57f7bc9-6788-4a16-a305-91b72edd4178,9f40dc32-9a39-4753-ba28-9c44ee04cd19,c5,c3,1024,?,x7,
1768856864.2929008,FORWARDED,a57f7bc9-6788-4a16-a305-91b72edd4178,9f40dc32-9a39-4753-ba28-9c44ee04cd19,c5,c3,1024,?,x7,
1768856864.3034194,SENT,82cc086b-220c-4cfa-9190-3d4c68257a51,fbe6f063-5dae-4bc9-91a0-333a96d59caa,c5,c3,1115,?,x4,
1768856864.3034887,FORWARDED,82cc086b-220c-4cfa-9190-3d4c68257a51,fbe6f063-5dae-4bc9-91a0-333a96d59caa,c5,c3,1115,?,x4,
1768856864.6327913,SENT,3d40961a-d22e-4e5e-a5ab-17f9c9c0b424,716dcbe3-5e4e-43e7-bad5-0fcf7f00ccce,c5,c3,1019,?,x11,
1768856864.6328313,FORWARDED,3d40961a-d22e-4e5e-a5ab-17f9c9c0b424,716dcbe3-5e4e-43e7-bad5-0fcf7f00ccce,c5,c3,1019,?,x11,
1768856864.6646762,RECEIVED,8216512a-e48d-4bbf-a51f-ecacc4f231d9,01fd75a6-818a-43f8-be29-5c778389a233,c4,c5,1457,e1,?,
1768856864.7493374,SENT,43c98f87-13ab-47f8-b0ad-4c1d55fbc164,40e0495b-0acf-4c5f-b434-935bb5f39ce0,c5,c1,1116,?,x6,
1768856864.7494175,FORWARDED,43c98f87-13ab-47f8-b0ad-4c1d55fbc164,40e0495b-0acf-4c5f-b434-935bb5f39ce0,c5,c1,1116,?,x6,
1768856864.8757234,SENT,5acedaf1-cf8d-4722-9e33-2c2d8f5023ea,6150124f-8ac2-48a2-aeef-a00aa6e5abcb,c3,c5,1110,?,x9,
1768856864.8757656,FORWARDED,5acedaf1-cf8d-4722-9e33-2c2d8f5023ea,6150124f-8ac2-48a2-aeef-a00aa6e5abcb,c3,c5,1110,?,x9,
1768856865.0415208,SENT,8216512a-e48d-4bbf-a51f-ecacc4f231d9,01fd75a6-818a-43f8-be29-5c778389a233,c4,c5,1020,?,x11,
1768856865.041564,FORWARDED,8216512a-e48d-4bbf-a51f-ecacc4f231d9,01fd75a6-818a-43f8-be29-5c778389a233,c4,c5,1020,?,x11,
1768856865.0625086,RECEIVED,3223fce7-d158-4bb0-8ee5-52d18bde7e5c,bfbcdc2d-342b-494e-b7fd-53a7fd406524,c2,c1,1463,e10,?,
1768856865.300448,RECEIVED,adfaf4f2-801b-4b8b-b818-ac67f8880d2e,ee93f7f5-f533-4bf0-a584-7b156b116f23,c3,c5,1455,e12,?,
1768856865.3888943,RECEIVED,0cb54b78-002b-422c-bd14-5c4fabaa1ad6,dc716784-eb96-49f8-bc84-25bddf2cc744,c5,c4,1584,e2,?,
1768856865.421452,RECEIVED,605c05ed-650e-4a58-bcc0-4dd88e1965b0,473d5524-703b-4d3d-8912-43674d84c59b,c2,c1,1457,e7,?,
1768856865.4759805,SENT,0cb54b78-002b-422c-bd14-5c4fabaa1ad6,dc716784-eb96-49f8-bc84-25bddf2cc744,c5,c4,1115,?,x9,
1768856865.4760234,FORWARDED,0cb54b78-002b-422c-bd14-5c4fabaa1ad6,dc716784-eb96-49f8-bc84-25bddf2cc744,c5,c4,1115,?,x9,
1768856865.4814265,SENT,605c05ed-650e-4a58-bcc0-4dd88e1965b0,473d5524-703b-4d3d-8912-43674d84c59b,c2,c1,1019,?,x10,
1768856865.4814792,FORWARDED,605c05ed-650e-4a58-bcc0-4dd88e1965b0,473d5524-703b-4d3d-8912-43674d84c59b,c2,c1,1019,?,x10,
1768856866.0210578,SENT,3223fce7-d158-4bb0-8ee5-52d18bde7e5c,bfbcdc2d-342b-494e-b7fd-53a7fd406524,c2,c1,1024,?,x4,
1768856866.0210974,FORWARDED,3223fce7-d158-4bb0-8ee5-52d18bde7e5c,bfbcdc2d-342b-494e-b7fd-53a7fd406524,c2,c1,1024,?,x4,
1768856866.1491358,RECEIVED,884e1b68-d99f-4e76-b8f1-ccd0ff156668,578b2779-401c-4c17-9ea0-87cfb4dfa7df,c3,c5,1584,e8,?,
1768856866.2200885,RECEIVED,688766d6-7f69-40d8-ab00-a517a94c74d6,22dd14a4-b8f3-46fa-bc35-7c039580f76b,c5,c1,1567,e3,?,
1768856866.3146029,SENT,adfaf4f2-801b-4b8b-b818-ac67f8880d2e,ee93f7f5-f533-4bf0-a584-7b156b116f23,c3,c5,1020,?,x10,
1768856866.3146396,FORWARDED,adfaf4f2-801b-4b8b-b818-ac67f8880d2e,ee93f7f5-f533-4bf0-a584-7b156b116f23,c3,c5,1020,?,x10,
1768856866.3628259,RECEIVED,86ce3b6b-903e-471a-9c6b-6da0ba653882,818cbbf5-1a45-48c9-a3f4-ea57b166766c,c2,c1,1460,e7,?,
1768856866.3903186,SENT,884e1b68-d99f-4e76-b8f1-ccd0ff156668,578b2779-401c-4c17-9ea0-87cfb4dfa7df,c3,c5,1115,?,x4,
1768856866.3903596,FORWARDED,884e1b68-d99f-4e76-b8f1-ccd0ff156668,578b2779-401c-4c17-9ea0-87cfb4dfa7df,c3,c5,1115,?,x4,
1768856866.4166331,RECEIVED,de7a317d-4e7b-4ca9-b9dc-9efd96b7dbaa,5f602d9d-df08-4d42-804b-f24ab7bac7df,c2,c1,1457,e10,?,
1768856866.5038679,SENT,de7a317d-4e7b-4ca9-b9dc-9efd96b7dbaa,5f602d9d-df08-4d42-804b-f24ab7bac7df,c2,c1,1019,?,x11,
1768856866.5039086,FORWARDED,de7a317d-4e7b-4ca9-b9dc-9efd96b7dbaa,5f602d9d-df08-4d42-804b-f24ab7bac7df,c2,c1,1019,?,x11,
1768856866.886337,SENT,86ce3b6b-903e-471a-9c6b-6da0ba653882,818cbbf5-1a45-48c9-a3f4-ea57b166766c,c2,c1,1022,?,x10,
1768856866.8863769,FORWARDED,86ce3b6b-903e-471a-9c6b-6da0ba653882,818cbbf5-1a45-48c9-a3f4-ea57b166766c,c2,c1,1022,?,x10,
1768856866.9578388,SENT,688766d6-7f69-40d8-ab00-a517a94c74d6,22dd14a4-b8f3-46fa-bc35-7c039580f76b,c5,c1,1103,?,x3,
1768856866.9578774,FORWARDED,688766d6-7f69-40d8-ab00-a517a94c74d6,22dd14a4-b8f3-46fa-bc35-7c039580f76b,c5,c1,1103,?,x3,
1768856867.469731,RECEIVED,21735cc2-2201-4455-bb1d-2b7e722cf57d,412bd35d-d68f-45a8-abc4-d2b3a4c58a23,c1,c5,1456,e7,?,
1768856867.4727008,RECEIVED,00ad9376-ef9c-405e-afd7-0b2e7b0fd8f9,8a3b7ca9-e0ae-4133-ba13-11dc44aa224a,c5,c3,1461,e6,?,
1768856867.4743142,RECEIVED,abe8400e-88fc-4ffb-9c2c-5b04ba003004,beb196b2-eb2d-4fef-a772-1102b020e40c,c4,c5,1453,e3,?,
1768856867.5740917,SENT,00ad9376-ef9c-405e-afd7-0b2e7b0fd8f9,8a3b7ca9-e0ae-4133-ba13-11dc44aa224a,c5,c3,1023,?,x4,
1768856867.5741332,FORWARDED,00ad9376-ef9c-405e-afd7-0b2e7b0fd8f9,8a3b7ca9-e0ae-4133-ba13-11dc44aa224a,c5,c3,1023,?,x4,
1768856867.5758011,SENT,abe8400e-88fc-4ffb-9c2c-5b04ba003004,beb196b2-eb2d-4fef-a772-1102b020e40c,c4,c5,1015,?,x8,
1768856867.5758376,FORWARDED,abe8400e-88fc-4ffb-9c2c-5b04ba003004,beb196b2-eb2d-4fef-a772-1102b020e40c,c4,c5,1015,?,x8,
1768856867.9841115,RECEIVED,11a34804-4686-4d79-9191-22c866474519,9915934c-e718-4d23-b842-7afe7aebf60b,c3,DROP,1020,e12,?,
1768856868.059255,RECEIVED,2aa9b18f-3249-4c56-971b-9ae25af7ee2f,4ff87f67-0936-453f-af50-e4685edd95f1,c5,c1,1573,e6,?,
1768856868.0803041,SENT,2aa9b18f-3249-4c56-971b-9ae25af7ee2f,4ff87f67-0936-453f-af50-e4685edd95f1,c5,c1,1107,?,x10,
1768856868.080346,FORWARDED,2aa9b18f-3249-4c56-971b-9ae25af7ee2f,4ff87f67-0936-453f-af50-e4685edd95f1,c5,c1,1107,?,x10,
1768856868.0912182,RECEIVED,d7e9342a-0d96-4c5d-ab30-adac16b5a91f,a88da237-0fa8-44ee-811e-f8252e974c37,c5,c1,1583,e6,?,
1768856868.1410184,SENT,21735cc2-2201-4455-bb1d-2b7e722cf57d,412bd35d-d68f-45a8-abc4-d2b3a4c58a23,c1,c5,1019,?,x10,
1768856868.141071,FORWARDED,21735cc2-2201-4455-bb1d-2b7e722cf57d,412bd35d-d68f-45a8-abc4-d2b3a4c58a23,c1,c5,1019,?,x10,
1768856868.2072568,RECEIVED,6e0184e7-e228-405d-ba87-46d2ee9d251f,85daf7cc-fe8e-4453-8a74-c1b2cfb57ceb,c3,c5,1584,e2,?,
1768856868.3169768,SENT,11a34804-4686-4d79-9191-22c866474519,9915934c-e718-4d23-b842-7afe7aebf60b,c3,DROP,692,?,x9,
1768856868.3170176,FORWARDED,11a34804-4686-4d79-9191-22c866474519,9915934c-e718-4d23-b842-7afe7aebf60b,c3,DROP,692,?,x9,
1768856868.3866334,SENT,6e0184e7-e228-405d-ba87-46d2ee9d251f,85daf7cc-fe8e-4453-8a74-c1b2cfb57ceb,c3,c5,1116,?,x1,
1768856868.3866742,FORWARDED,6e0184e7-e228-405d-ba87-46d2ee9d251f,85daf7cc-fe8e-4453-8a74-c1b2cfb57ceb,c3,c5,1116,?,x1,
1768856868.552973,SENT,d7e9342a-0d96-4c5d-ab30-adac16b5a91f,a88da237-0fa8-44ee-811e-f8252e974c37,c5,c1,1115,?,x5,
1768856868.55301,FORWARDED,d7e9342a-0d96-4c5d-ab30-adac16b5a91f,a88da237-0fa8-44ee-811e-f8252e974c37,c5,c1,1115,?,x5,
1768856868.580705,RECEIVED,93a7d96e-a6d3-43f1-91c2-93014b112c48,234143a4-0425-4ddd-9406-3000275d6096,c5,c3,1575,e3,?,
1768856868.6424532,RECEIVED,9e945fa3-205a-4f86-8d48-201343b51580,ae60b06a-b069-414a-8dab-503c929ed21c,c5,c3,1583,e5,?,
1768856868.7639954,SENT,93a7d96e-a6d3-43f1-91c2-93014b112c48,234143a4-0425-4ddd-9406-3000275d6096,c5,c3,1110,?,x5,
1768856868.7640324,FORWARDED,93a7d96e-a6d3-43f1-91c2-93014b112c48,234143a4-0425-4ddd-9406-3000275d6096,c5,c3,1110,?,x5,
1768856868.9157474,RECEIVED,cb0352c9-2123-42e6-ae5f-7aae858baef0,d1dddc62-41bf-44c0-b50e-d6647bc87530,c1,c2,1583,e7,?,
1768856868.980867,RECEIVED,2e6f8077-810a-4d66-81f1-e7e19a51b969,b87b30dd-cb83-4c2e-a731-1983b9ce7eb5,c4,c5,1460,e1,?,
1768856869.0165296,SENT,cb0352c9-2123-42e6-ae5f-7aae858baef0,d1dddc62-41bf-44c0-b50e-d6647bc87530,c1,c2,1115,?,x8,
1768856869.0165722,FORWARDED,cb0352c9-2123-42e6-ae5f-7aae858baef0,d1dddc62-41bf-44c0-b50e-d6647bc87530,c1,c2,1115,?,x8,
1768856869.2043128,RECEIVED,692dcb8c-92a9-458c-a258-54e5b46a8204,56cd75f2-b1db-4a9d-83fe-0dbf9355d670,c1,c2,1580,e2,?,
1768856869.2445662,SENT,692dcb8c-92a9-458c-a258-54e5b46a8204,56cd75f2-b1db-4a9d-83fe-0dbf9355d670,c1,c2,1112,?,x3,
1768856869.244608,FORWARDED,692dcb8c-92a9-458c-a258-54e5b46a8204,56cd75f2-b1db-4a9d-83fe-0dbf9355d670,c1,c2,1112,?,x3,
1768856869.2536652,RECEIVED,b2bb4740-e50e-4bb7-88e7-8ab11cd2b3dd,747519fe-d13f-47e7-9203-a2072f3bb470,c5,c3,1451,e2,?,
1768856869.3595297,RECEIVED,484cef77-7cc8-47ce-859a-f40bc89fe2a9,d69ae6db-8a7e-44aa-90dd-309e55c47a09,c1,c2,1584,e11,?,
1768856869.525572,SENT,484cef77-7cc8-47ce-859a-f40bc89fe2a9,d69ae6db-8a7e-44aa-90dd-309e55c47a09,c1,c2,1116,?,x1,
1768856869.5256202,FORWARDED,484cef77-7cc8-47ce-859a-f40bc89fe2a9,d69ae6db-8a7e-44aa-90dd-309e55c47a09,c1,c2,1116,?,x1,
1768856869.7059047,RECEIVED,de1a7910-8518-4206-8daa-719621ee227c,cebd83da-9ad5-4ff3-a98d-1407a0f0bf8d,c5,c3,1580,e8,?,
1768856869.7382205,SENT,de1a7910-8518-4206-8daa-719621ee227c,cebd83da-9ad5-4ff3-a98d-1407a0f0bf8d,c5,c3,1111,?,x3,
1768856869.7382576,FORWARDED,de1a7910-8518-4206-8daa-719621ee227c,cebd83da-9ad5-4ff3-a98d-1407a0f0bf8d,c5,c3,1111,?,x3,
1768856869.8333473,SENT,b2bb4740-e50e-4bb7-88e7-8ab11cd2b3dd,747519fe-d13f-47e7-9203-a2072f3bb470,c5,c3,1016,?,x3,
1768856869.833383,FORWARDED,b2bb4740-e50e-4bb7-88e7-8ab11cd2b3dd,747519fe-d13f-47e7-9203-a2072f3bb470,c5,c3,1016,?,x3,
1768856869.903224,SENT,9e945fa3-205a-4f86-8d48-201343b51580,ae60b06a-b069-414a-8dab-503c929ed21c,c5,c3,1116,?,x1,
1768856869.9032671,FORWARDED,9e945fa3-205a-4f86-8d48-201343b51580,ae60b06a-b069-414a-8dab-503c929ed21c,c5,c3,1116,?,x1,
1768856869.9047146,RECEIVED,d257e3d1-7067-4fa0-a057-b75b84ad5df7,16edb6f5-8b94-43bf-a43b-a9b350d27b0a,c1,c5,1460,e7,?,
1768856870.0294423,RECEIVED,3ce25e90-7c26-4897-9427-6cdce12d2d4e,3d0572e1-02c8-47b8-9d4d-fe7efe009c66,c3,c5,1459,e4,?,
1768856870.0433614,RECEIVED,451affe1-7ef9-4e63-9cb1-54d9415b3d06,e3e80d78-b60e-4d1d-a6e2-7fdb8f296359,c4,c5,1463,e8,?,
1768856870.0970576,RECEIVED,158d5948-5399-4dd7-8804-f587bec25090,c0413525-0587-4330-980a-290548da276a,c2,c1,1461,e6,?,
1768856870.1279964,SENT,451affe1-7ef9-4e63-9cb1-54d9415b3d06,e3e80d78-b60e-4d1d-a6e2-7fdb8f296359,c4,c5,1024,?,x4,
1768856870.1280384,FORWARDED,451affe1-7ef9-4e63-9cb1-54d9415b3d06,e3e80d78-b60e-4d1d-a6e2-7fdb8f296359,c4,c5,1024,?,x4,
1768856870.1312768,SENT,d257e3d1-7067-4fa0-a057-b75b84ad5df7,16edb6f5-8b94-43bf-a43b-a9b350d27b0a,c1,c5,1021,?,x2,
1768856870.131318,FORWARDED,d257e3d1-7067-4fa0-a057-b75b84ad5df7,16edb6f5-8b94-43bf-a43b-a9b350d27b0a,c1,c5,1021,?,x2,
1768856870.2169218,SENT,2e6f8077-810a-4d66-81f1-e7e19a51b969,b87b30dd-cb83-4c2e-a731-1983b9ce7eb5,c4,c5,1023,?,x11,
1768856870.2169642,FORWARDED,2e6f8077-810a-4d66-81f1-e7e19a51b969,b87b30dd-cb83-4c2e-a731-1983b9ce7eb5,c4,c5,1023,?,x11,
1768856870.5856063,SENT,158d5948-5399-4dd7-8804-f587bec25090,c0413525-0587-4330-980a-290548da276a,c2,c1,1023,?,x10,
1768856870.5856495,FORWARDED,158d5948-5399-4dd7-8804-f587bec25090,c0413525-0587-4330-980a-290548da276a,c2,c1,1023,?,x10,
1768856870.6411536,SENT,3ce25e90-7c26-4897-9427-6cdce12d2d4e,3d0572e1-02c8-47b8-9d4d-fe7efe009c66,c3,c5,1023,?,x11,
1768856870.641196,FORWARDED,3ce25e90-7c26-4897-9427-6cdce12d2d4e,3d0572e1-02c8-47b8-9d4d-fe7efe009c66,c3,c5,1023,?,x11,
1768856871.0962183,RECEIVED,344a6e83-1c89-479f-9232-dd8c74773a69,92b08890-a8dd-45e5-8940-505df40ec59c,c2,c1,1463,e6,?,
1768856871.1688771,RECEIVED,999d35d6-89e7-4701-8d9b-d6316033c735,c15785e3-2224-4870-aa4a-c4a3830bd415,c4,DROP,1020,e7,?,
1768856871.2098517,SENT,999d35d6-89e7-4701-8d9b-d6316033c735,c15785e3-2224-4870-aa4a-c4a3830bd415,c4,DROP,692,?,x8,
1768856871.209898,FORWARDED,999d35d6-89e7-4701-8d9b-d6316033c735,c15785e3-2224-4870-aa4a-c4a3830bd415,c4,DROP,692,?,x8,
1768856871.6655667,SENT,344a6e83-1c89-479f-9232-dd8c74773a69,92b08890-a8dd-45e5-8940-505df40ec59c,c2,c1,1024,?,x6,
1768856871.6656036,FORWARDED,344a6e83-1c89-479f-9232-dd8c74773a69,92b08890-a8dd-45e5-8940-505df40ec59c,c2,c1,1024,?,x6,
1768856871.820807,RECEIVED,62e3a37e-ac44-45b7-a4ef-69a3a7578911,eb8b8491-c477-4440-af74-97946e09114c,c5,c4,1583,e5,?,
1768856871.8342328,RECEIVED,4a246206-b16a-4002-8ea4-ed77992d2cb6,d596ea12-acc9-447a-8ad7-83316e917e6f,c3,DROP,441,x1,?,
1768856872.4095376,RECEIVED,bc50c021-e12d-4241-9824-8188a64bc164,b484cb8b-14b3-45a5-b7c8-3f8be2091140,c2,c1,1443,e6,?,
1768856872.5255928,RECEIVED,c8992bc5-f4e4-45e8-a36b-111dd669f899,060dd652-6ea6-44b9-bda9-c13b7be1fab1,c5,c4,1582,e1,?,
1768856872.6810892,SENT,62e3a37e-ac44-45b7-a4ef-69a3a7578911,eb8b8491-c477-4440-af74-97946e09114c,c5,c4,1116,?,x9,
1768856872.6811304,FORWARDED,62e3a37e-ac44-45b7-a4ef-69a3a7578911,eb8b8491-c477-4440-af74-97946e09114c,c5,c4,1116,?,x9,
1768856872.8854463,RECEIVED,a1c59fa6-b21d-4538-926f-267a3405a7cd,431cdacc-2084-4e3d-844f-f3639f6bc673,c4,c5,1444,e1,?,
1768856873.168042,SENT,bc50c021-e12d-4241-9824-8188a64bc164,b484cb8b-14b3-45a5-b7c8-3f8be2091140,c2,c1,1009,?,x6,
1768856873.1681008,FORWARDED,bc50c021-e12d-4241-9824-8188a64bc164,b484cb8b-14b3-45a5-b7c8-3f8be2091140,c2,c1,1009,?,x6,
1768856873.3722024,RECEIVED,e3260aed-da9a-4187-b737-d6391189a612,232566cc-a4a2-41de-be8b-87bcbbc394ac,c1,c2,1584,e6,?,
1768856873.3953817,SENT,a1c59fa6-b21d-4538-926f-267a3405a7cd,431cdacc-2084-4e3d-844f-f3639f6bc673,c4,c5,1010,?,x12,
1768856873.3954215,FORWARDED,a1c59fa6-b21d-4538-926f-267a3405a7cd,431cdacc-2084-4e3d-844f-f3639f6bc673,c4,c5,1010,?,x12,
1768856873.4061952,RECEIVED,086d599f-909f-444b-9b55-d6ea975abdfa,fca091c6-ce22-47a3-84fc-038db403a3f9,c5,c4,1584,e10,?,
1768856873.453317,RECEIVED,f56452c3-1a27-4e87-a8a5-cd45bfefff34,71907d66-bcac-4718-a41c-74380090ad6d,c5,c4,1586,e5,?,
1768856873.497711,SENT,f56452c3-1a27-4e87-a8a5-cd45bfefff34,71907d66-bcac-4718-a41c-74380090ad6d,c5,c4,1115,?,x11,
1768856873.4977527,FORWARDED,f56452c3-1a27-4e87-a8a5-cd45bfefff34,71907d66-bcac-4718-a41c-74380090ad6d,c5,c4,1115,?,x11,
1768856873.559517,SENT,c8992bc5-f4e4-45e8-a36b-111dd669f899,060dd652-6ea6-44b9-bda9-c13b7be1fab1,c5,c4,1115,?,x1,
1768856873.5595806,FORWARDED,c8992bc5-f4e4-45e8-a36b-111dd669f899,060dd652-6ea6-44b9-bda9-c13b7be1fab1,c5,c4,1115,?,x1,
1768856873.71885,SENT,e3260aed-da9a-4187-b737-d6391189a612,232566cc-a4a2-41de-be8b-87bcbbc394ac,c1,c2,1116,?,x4,
1768856873.7188897,FORWARDED,e3260aed-da9a-4187-b737-d6391189a612,232566cc-a4a2-41de-be8b-87bcbbc394ac,c1,c2,1116,?,x4,
1768856873.8697927,RECEIVED,8fe4c071-2657-48b6-b52b-570f1354335b,a8a7219f-2b79-4536-9018-7989b5c7a36b,c1,c5,1465,e11,?,
1768856874.0878708,SENT,8fe4c071-2657-48b6-b52b-570f1354335b,a8a7219f-2b79-4536-9018-7989b5c7a36b,c1,c5,1024,?,x10,
1768856874.0879211,FORWARDED,8fe4c071-2657-48b6-b52b-570f1354335b,a8a7219f-2b79-4536-9018-7989b5c7a36b,c1,c5,1024,?,x10,
1768856874.425016,SENT,086d599f-909f-444b-9b55-d6ea975abdfa,fca091c6-ce22-47a3-84fc-038db403a3f9,c5,c4,1115,?,x10,
1768856874.4250722,FORWARDED,086d599f-909f-444b-9b55-d6ea975abdfa,fca091c6-ce22-47a3-84fc-038db403a3f9,c5,c4,1115,?,x10,
1768856874.5619323,RECEIVED,ceaf1afe-8edb-4948-a135-75eefe5e8249,96337d4f-3b3f-4af7-b8d9-f94c89987e78,c1,c5,1465,e4,?,
1768856874.591961,SENT,ceaf1afe-8edb-4948-a135-75eefe5e8249,96337d4f-3b3f-4af7-b8d9-f94c89987e78,c1,c5,1024,?,x9,
1768856874.5920012,FORWARDED,ceaf1afe-8edb-4948-a135-75eefe5e8249,96337d4f-3b3f-4af7-b8d9-f94c89987e78,c1,c5,1024,?,x9,
1768856875.0773506,RECEIVED,7d3ac40c-b82a-4ee5-9f61-bb4e74f09b18,a6243147-5de8-4839-b4c4-66dae6c57907,c5,c3,1452,e7,?,
1768856875.221295,SENT,7d3ac40c-b82a-4ee5-9f61-bb4e74f09b18,a6243147-5de8-4839-b4c4-66dae6c57907,c5,c3,1015,?,x2,
1768856875.221337,FORWARDED,7d3ac40c-b82a-4ee5-9f61-bb4e74f09b18,a6243147-5de8-4839-b4c4-66dae6c57907,c5,c3,1015,?,x2,
1768856875.4932,RECEIVED,d51cf734-0c9e-4e15-9386-559a8b2eda09,c2e115ad-9019-4ce4-b554-1f143355b75c,c3,c5,1452,e1,?,
1768856875.6745858,SENT,d51cf734-0c9e-4e15-9386-559a8b2eda09,c2e115ad-9019-4ce4-b554-1f143355b75c,c3,c5,1016,?,x6,
1768856875.6746304,FORWARDED,d51cf734-0c9e-4e15-9386-559a8b2eda09,c2e115ad-9019-4ce4-b554-1f143355b75c,c3,c5,1016,?,x6,
1768856876.2343245,RECEIVED,d8f91778-6d17-4e83-bb95-e734715f4e2d,416c22d3-f64a-46bd-9d8b-6a0bb90b4d99,c4,c5,1447,e7,?,
1768856876.579101,SENT,d8f91778-6d17-4e83-bb95-e734715f4e2d,416c22d3-f64a-46bd-9d8b-6a0bb90b4d99,c4,c5,1014,?,x5,
1768856876.579146,FORWARDED,d8f91778-6d17-4e83-bb95-e734715f4e2d,416c22d3-f64a-46bd-9d8b-6a0bb90b4d99,c4,c5,1014,?,x5,
1768856876.9041617,RECEIVED,3c8e84fa-2f59-4e98-8cbc-0f582e5a66c9,9b5dac30-ec50-4e6c-a3b1-0e1a78feb5e8,c1,c5,1459,e6,?,
1768856877.4670415,RECEIVED,2ad958fb-3e30-49bc-90fd-e108feb59bbc,def5e948-6c49-42a9-b0f2-ebc124fb0d2c,c5,c3,1459,e5,?,
1768856877.538979,SENT,3c8e84fa-2f59-4e98-8cbc-0f582e5a66c9,9b5dac30-ec50-4e6c-a3b1-0e1a78feb5e8,c1,c5,1023,?,x4,
1768856877.5390189,FORWARDED,3c8e84fa-2f59-4e98-8cbc-0f582e5a66c9,9b5dac30-ec50-4e6c-a3b1-0e1a78feb5e8,c1,c5,1023,?,x4,
1768856877.79727,RECEIVED,bf402a92-7f33-4e62-bac1-4ecc1bfdac24,1e30d46e-314f-4194-a51c-a054daf03881,c2,c1,1435,e4,?,
1768856877.9013438,RECEIVED,d72f1e36-6c79-4397-b61d-534f059d45a8,bbbad282-4691-4a35-ac23-b0bff161c6f3,c2,c1,1448,e6,?,
1768856878.0191412,SENT,d72f1e36-6c79-4397-b61d-534f059d45a8,bbbad282-4691-4a35-ac23-b0bff161c6f3,c2,c1,1012,?,x4,
1768856878.0191839,FORWARDED,d72f1e36-6c79-4397-b61d-534f059d45a8,bbbad282-4691-4a35-ac23-b0bff161c6f3,c2,c1,1012,?,x4,
1768856878.1198568,SENT,bf402a92-7f33-4e62-bac1-4ecc1bfdac24,1e30d46e-314f-4194-a51c-a054daf03881,c2,c1,1003,?,x6,
1768856878.1198907,FORWARDED,bf402a92-7f33-4e62-bac1-4ecc1bfdac24,1e30d46e-314f-4194-a51c-a054daf03881,c2,c1,1003,?,x6,
1768856878.428425,RECEIVED,850151f5-a1b5-4df2-a0ce-07160095b8a8,31327054-cc00-4c01-9076-0aedb8f86236,c5,c3,1458,e2,?,
1768856878.4398103,RECEIVED,0f5a4ad8-72ef-48d2-9c08-8cc1b101c471,a899ac08-e513-4d7e-a863-1e0b5864e1ee,c5,c4,1583,e3,?,
1768856878.5217986,SENT,850151f5-a1b5-4df2-a0ce-07160095b8a8,31327054-cc00-4c01-9076-0aedb8f86236,c5,c3,1020,?,x11,
1768856878.5218387,FORWARDED,850151f5-a1b5-4df2-a0ce-07160095b8a8,31327054-cc00-4c01-9076-0aedb8f86236,c5,c3,1020,?,x11,
1768856878.7702022,RECEIVED,5a1a0e74-a633-44dd-98d7-19037936cbf7,26cedff3-d205-44ca-8b32-510778eaf589,c4,c5,1457,e11,?,
1768856878.8077722,RECEIVED,65effc52-cd2b-4de0-8417-18c63f7f95e1,f5d0f771-44fd-4b78-9c9a-6573e328baac,c5,c3,1580,e12,?,
1768856878.8941166,SENT,2ad958fb-3e30-49bc-90fd-e108feb59bbc,def5e948-6c49-42a9-b0f2-ebc124fb0d2c,c5,c3,1023,?,x3,
1768856878.8941734,FORWARDED,2ad958fb-3e30-49bc-90fd-e108feb59bbc,def5e948-6c49-42a9-b0f2-ebc124fb0d2c,c5,c3,1023,?,x3,
1768856878.9645581,SENT,65effc52-cd2b-4de0-8417-18c63f7f95e1,f5d0f771-44fd-4b78-9c9a-6573e328baac,c5,c3,1113,?,x2,
1768856878.9645984,FORWARDED,65effc52-cd2b-4de0-8417-18c63f7f95e1,f5d0f771-44fd-4b78-9c9a-6573e328baac,c5,c3,1113,?,x2,
1768856879.0370991,SENT,0f5a4ad8-72ef-48d2-9c08-8cc1b101c471,a899ac08-e513-4d7e-a863-1e0b5864e1ee,c5,c4,1116,?,x6,
1768856879.0371428,FORWARDED,0f5a4ad8-72ef-48d2-9c08-8cc1b101c471,a899ac08-e513-4d7e-a863-1e0b5864e1ee,c5,c4,1116,?,x6,
1768856879.0671983,SENT,5a1a0e74-a633-44dd-98d7-19037936cbf7,26cedff3-d205-44ca-8b32-510778eaf589,c4,c5,1019,?,x11,
1768856879.0672407,FORWARDED,5a1a0e74-a633-44dd-98d7-19037936cbf7,26cedff3-d205-44ca-8b32-510778eaf589,c4,c5,1019,?,x11,
1768856879.173426,RECEIVED,8667f929-d757-4f93-b8d6-2ee6a5f078b8,848fb2e4-98d8-4651-916c-b58fc41d6016,c3,c5,1448,e7,?,
1768856879.2969687,SENT,8667f929-d757-4f93-b8d6-2ee6a5f078b8,848fb2e4-98d8-4651-916c-b58fc41d6016,c3,c5,1012,?,x8,
1768856879.2970102,FORWARDED,8667f929-d757-4f93-b8d6-2ee6a5f078b8,848fb2e4-98d8-4651-916c-b58fc41d6016,c3,c5,1012,?,x8,
1768856879.4169137,RECEIVED,a5ae8cb9-7171-4f57-9881-0b685b1f6f54,78f2426b-2104-4397-8385-2423a47cb84b,c5,c3,1457,e5,?,
1768856879.5792377,RECEIVED,b07ffbe8-4ef9-4d89-82d1-bbc47f465f20,d5709c3a-910b-443b-b649-ad4133d32380,c4,DROP,1019,e2,?,
1768856879.6919436,RECEIVED,3ded0ca7-7847-4dfb-b298-349ded069e86,fd9f31fb-e104-4ce7-91c5-febf15d24476,c3,c5,1459,e7,?,
1768856879.823783,RECEIVED,35feb516-054c-45f5-9278-d6485bec5b59,2bf474ab-d052-41ad-87b0-92291e5920bb,c2,DROP,1009,e6,?,
1768856879.8367329,SENT,b07ffbe8-4ef9-4d89-82d1-bbc47f465f20,d5709c3a-910b-443b-b649-ad4133d32380,c4,DROP,692,?,x7,
1768856879.8367777,FORWARDED,b07ffbe8-4ef9-4d89-82d1-bbc47f465f20,d5709c3a-910b-443b-b649-ad4133d32380,c4,DROP,692,?,x7,
1768856879.9094126,SENT,35feb516-054c-45f5-9278-d6485bec5b59,2bf474ab-d052-41ad-87b0-92291e5920bb,c2,DROP,683,?,x11,
1768856879.909454,FORWARDED,35feb516-054c-45f5-9278-d6485bec5b59,2bf474ab-d052-41ad-87b0-92291e5920bb,c2,DROP,683,?,x11,
1768856880.0600262,SENT,a5ae8cb9-7171-4f57-9881-0b685b1f6f54,78f2426b-2104-4397-8385-2423a47cb84b,c5,c3,1023,?,x11,
1768856880.0600774,FORWARDED,a5ae8cb9-7171-4f57-9881-0b685b1f6f54,78f2426b-2104-4397-8385-2423a47cb84b,c5,c3,1023,?,x11,
1768856880.3027349,RECEIVED,33388f57-4406-42ae-95c1-77770df00230,59882105-6b04-442f-8365-6081bebe9fdf,c5,c1,1583,e11,?,
1768856880.3656602,SENT,33388f57-4406-42ae-95c1-77770df00230,59882105-6b04-442f-8365-6081bebe9fdf,c5,c1,1116,?,x4,
1768856880.3657126,FORWARDED,33388f57-4406-42ae-95c1-77770df00230,59882105-6b04-442f-8365-6081bebe9fdf,c5,c1,1116,?,x4,
1768856880.6105092,RECEIVED,e951f355-8a89-4edd-9953-02e823f7b161,5d401a8d-b9c7-42fa-aa1b-e5831e7e0287,c4,c5,1467,e4,?,
1768856880.6299536,RECEIVED,d1e9f191-9b73-4443-a643-f972e2d108cc,54cc7108-e006-4c85-acda-c6e7e2d7d1e6,c1,c2,1577,e11,?,
1768856880.6674798,SENT,d1e9f191-9b73-4443-a643-f972e2d108cc,54cc7108-e006-4c85-acda-c6e7e2d7d1e6,c1,c2,1108,?,x4,
1768856880.667521,FORWARDED,d1e9f191-9b73-4443-a643-f972e2d108cc,54cc7108-e006-4c85-acda-c6e7e2d7d1e6,c1,c2,1108,?,x4,
1768856880.8589563,RECEIVED,a5f2d21b-4e45-4649-99b5-50e28d736b9e,99023b6c-d81c-4929-a6a6-c447c74e9246,c5,c4,1583,e10,?,
1768856880.9896092,RECEIVED,b150be1d-2e50-4b97-83e3-279ad7bc05e8,184557f3-b13a-4a2d-a2a0-c9cc4ee28665,c1,c5,1450,e3,?,
1768856881.1139033,SENT,a5f2d21b-4e45-4649-99b5-50e28d736b9e,99023b6c-d81c-4929-a6a6-c447c74e9246,c5,c4,1114,?,x2,
1768856881.1139452,FORWARDED,a5f2d21b-4e45-4649-99b5-50e28d736b9e,99023b6c-d81c-4929-a6a6-c447c74e9246,c5,c4,1114,?,x2,
1768856881.1399176,SENT,3ded0ca7-7847-4dfb-b298-349ded069e86,fd9f31fb-e104-4ce7-91c5-febf15d24476,c3,c5,1021,?,x12,
1768856881.1399655,FORWARDED,3ded0ca7-7847-4dfb-b298-349ded069e86,fd9f31fb-e104-4ce7-91c5-febf15d24476,c3,c5,1021,?,x12,
1768856881.181948,SENT,e951f355-8a89-4edd-9953-02e823f7b161,5d401a8d-b9c7-42fa-aa1b-e5831e7e0287,c4,c5,1027,?,x2,
1768856881.1819904,FORWARDED,e951f355-8a89-4edd-9953-02e823f7b161,5d401a8d-b9c7-42fa-aa1b-e5831e7e0287,c4,c5,1027,?,x2,
1768856881.5252202,RECEIVED,aac2d7b4-0849-420c-94d9-1ba8aa1bfe32,b9a98064-a0e3-4338-895c-620cb2717e3f,c1,c5,1459,e3,?,
1768856881.8085313,RECEIVED,a1d9d594-4806-482f-b875-6ba0c0ad8a1a,b246d6ff-dbfc-47b2-af4a-ff4d12ba0452,c1,c2,1584,e8,?,
1768856881.9457083,RECEIVED,6d5e6c49-ceb3-4644-81c8-2323775df649,b5066ef2-979f-4bfb-a143-6ae89b257f38,c5,c3,1584,e7,?,
1768856881.9493742,RECEIVED,53586091-474a-408b-abaf-a5c0d1d9dc4c,cbebd4b7-7b11-4830-90ac-63aa071abc21,c1,c2,1587,e10,?,
1768856881.9646072,RECEIVED,015c724c-e36d-4433-86c6-02808a536fd1,8f0443fb-893f-430c-8767-c67fc31820e2,c4,c5,1460,e10,?,
1768856882.202968,SENT,b150be1d-2e50-4b97-83e3-279ad7bc05e8,184557f3-b13a-4a2d-a2a0-c9cc4ee28665,c1,c5,1016,?,x8,
1768856882.2030096,FORWARDED,b150be1d-2e50-4b97-83e3-279ad7bc05e8,184557f3-b13a-4a2d-a2a0-c9cc4ee28665,c1,c5,1016,?,x8,
1768856882.2152643,RECEIVED,03daaa3c-d42f-4d49-a6ab-42aaebe7591c,026e2c0b-4735-4e2e-bcb2-c8817a7610ea,c4,DROP,442,x5,?,
1768856882.2168443,RECEIVED,09d49ec2-6546-4771-a97c-6f73eff6a22d,b42cd52d-0073-4f0a-82e4-bfd2b52542f8,c1,c5,1455,e12,?,
1768856882.2993264,SENT,53586091-474a-408b-abaf-a5c0d1d9dc4c,cbebd4b7-7b11-4830-90ac-63aa071abc21,c1,c2,1118,?,x1,
1768856882.2993698,FORWARDED,53586091-474a-408b-abaf-a5c0d1d9dc4c,cbebd4b7-7b11-4830-90ac-63aa071abc21,c1,c2,1118,?,x1,
1768856882.309632,SENT,a1d9d594-4806-482f-b875-6ba0c0ad8a1a,b246d6ff-dbfc-47b2-af4a-ff4d12ba0452,c1,c2,1114,?,x11,
1768856882.3096745,FORWARDED,a1d9d594-4806-482f-b875-6ba0c0ad8a1a,b246d6ff-dbfc-47b2-af4a-ff4d12ba0452,c1,c2,1114,?,x11,
1768856882.310739,RECEIVED,51d31059-65a8-4967-ad46-6c96fe11819e,efb03013-fe7e-4ad5-b99a-d6207e6f5b55,c4,c5,1454,e11,?,
1768856882.3253405,SENT,015c724c-e36d-4433-86c6-02808a536fd1,8f0443fb-893f-430c-8767-c67fc31820e2,c4,c5,1023,?,x7,
1768856882.325381,FORWARDED,015c724c-e36d-4433-86c6-02808a536fd1,8f0443fb-893f-430c-8767-c67fc31820e2,c4,c5,1023,?,x7,
1768856882.5856745,SENT,51d31059-65a8-4967-ad46-6c96fe11819e,efb03013-fe7e-4ad5-b99a-d6207e6f5b55,c4,c5,1020,?,x4,
1768856882.5857158,FORWARDED,51d31059-65a8-4967-ad46-6c96fe11819e,efb03013-fe7e-4ad5-b99a-d6207e6f5b55,c4,c5,1020,?,x4,
1768856882.6184978,SENT,6d5e6c49-ceb3-4644-81c8-2323775df649,b5066ef2-979f-4bfb-a143-6ae89b257f38,c5,c3,1116,?,x10,
1768856882.618541,FORWARDED,6d5e6c49-ceb3-4644-81c8-2323775df649,b5066ef2-979f-4bfb-a143-6ae89b257f38,c5,c3,1116,?,x10,
1768856882.8633776,RECEIVED,56e800de-4e85-48f9-98fa-49828747aabc,77947ce8-38a7-4ab0-88f4-8717ed9c1104,c2,c1,1452,e11,?,
1768856882.9244554,SENT,09d49ec2-6546-4771-a97c-6f73eff6a22d,b42cd52d-0073-4f0a-82e4-bfd2b52542f8,c1,c5,1019,?,x4,
1768856882.9249222,FORWARDED,09d49ec2-6546-4771-a97c-6f73eff6a22d,b42cd52d-0073-4f0a-82e4-bfd2b52542f8,c1,c5,1019,?,x4,
1768856882.9358723,SENT,56e800de-4e85-48f9-98fa-49828747aabc,77947ce8-38a7-4ab0-88f4-8717ed9c1104,c2,c1,1017,?,x7,
1768856882.9359133,FORWARDED,56e800de-4e85-48f9-98fa-49828747aabc,77947ce8-38a7-4ab0-88f4-8717ed9c1104,c2,c1,1017,?,x7,
1768856883.2158842,RECEIVED,bc3d02eb-31d2-4aba-87a6-cce2f2321c57,8db4617c-97c7-44d7-8e2c-972bff529a2e,c5,c1,1584,e3,?,
1768856883.2403984,RECEIVED,fdfe7679-79e4-41f9-a8f1-47ad9095e19b,7cdbb781-4348-4878-891e-a355e543f133,c1,c5,1459,e10,?,
1768856883.2561924,RECEIVED,5dcc406c-83ad-428a-966e-d863f03e2f28,98cc8bf5-3998-4da7-b469-f30fa03b994b,c4,c5,1456,e3,?,
1768856883.3696287,SENT,bc3d02eb-31d2-4aba-87a6-cce2f2321c57,8db4617c-97c7-44d7-8e2c-972bff529a2e,c5,c1,1114,?,x8,
1768856883.369673,FORWARDED,bc3d02eb-31d2-4aba-87a6-cce2f2321c57,8db4617c-97c7-44d7-8e2c-972bff529a2e,c5,c1,1114,?,x8,
1768856883.461206,RECEIVED,10d00638-6196-4379-a03e-ca23847caf99,b4b716ad-8157-41fb-bfb4-d1d20cb427e7,c5,c3,1580,e4,?,
1768856883.6562598,SENT,fdfe7679-79e4-41f9-a8f1-47ad9095e19b,7cdbb781-4348-4878-891e-a355e543f133,c1,c5,1023,?,x8,
1768856883.6563008,FORWARDED,fdfe7679-79e4-41f9-a8f1-47ad9095e19b,7cdbb781-4348-4878-891e-a355e543f133,c1,c5,1023,?,x8,
1768856883.74951,SENT,aac2d7b4-0849-420c-94d9-1ba8aa1bfe32,b9a98064-a0e3-4338-895c-620cb2717e3f,c1,c5,1023,?,x9,
1768856883.7495515,FORWARDED,aac2d7b4-0849-420c-94d9-1ba8aa1bfe32,b9a98064-a0e3-4338-895c-620cb2717e3f,c1,c5,1023,?,x9,
1768856883.824211,SENT,10d00638-6196-4379-a03e-ca23847caf99,b4b716ad-8157-41fb-bfb4-d1d20cb427e7,c5,c3,1111,?,x5,
1768856883.8242483,FORWARDED,10d00638-6196-4379-a03e-ca23847caf99,b4b716ad-8157-41fb-bfb4-d1d20cb427e7,c5,c3,1111,?,x5,
1768856884.0920873,SENT,5dcc406c-83ad-428a-966e-d863f03e2f28,98cc8bf5-3998-4da7-b469-f30fa03b994b,c4,c5,1018,?,x10,
1768856884.0921297,FORWARDED,5dcc406c-83ad-428a-966e-d863f03e2f28,98cc8bf5-3998-4da7-b469-f30fa03b994b,c4,c5,1018,?,x10,
1768856884.377262,RECEIVED,b77f72ce-61c9-4a3d-b709-ad836a9a343d,3a0b6d3c-152c-4bf3-8052-c0ee80e4eb26,c4,c5,1462,e11,?,
1768856884.4346373,RECEIVED,fd6b3baa-463a-432a-bd0a-0919cfdfeb85,a392def6-ad66-40d9-a3a1-e0415f562818,c5,c3,1584,e1,?,
1768856884.4904642,SENT,fd6b3baa-463a-432a-bd0a-0919cfdfeb85,a392def6-ad66-40d9-a3a1-e0415f562818,c5,c3,1116,?,x8,
1768856884.4905071,FORWARDED,fd6b3baa-463a-432a-bd0a-0919cfdfeb85,a392def6-ad66-40d9-a3a1-e0415f562818,c5,c3,1116,?,x8,
1768856884.5063384,RECEIVED,2a625fbc-fbe9-4b19-8a06-be1744b749d8,206bdf87-2934-4e1d-b772-52214289ba29,c1,DROP,1017,e12,?,
1768856884.5606568,RECEIVED,f26f12ee-f7a2-4449-b7c8-abdb25f7e0d9,1e12fb45-7960-4c1e-871c-42a6aabb45fa,c3,c5,1455,e5,?,
1768856884.5928495,SENT,2a625fbc-fbe9-4b19-8a06-be1744b749d8,206bdf87-2934-4e1d-b772-52214289ba29,c1,DROP,690,?,x10,
1768856884.5928907,FORWARDED,2a625fbc-fbe9-4b19-8a06-be1744b749d8,206bdf87-2934-4e1d-b772-52214289ba29,c1,DROP,690,?,x10,
1768856884.6263273,RECEIVED,d7a87be3-a71d-45f5-977b-7e8eaf89ca74,32bd079c-aaa3-4cca-873e-5cd61f8ef18e,c4,c5,1465,e12,?,
1768856884.7794065,SENT,f26f12ee-f7a2-4449-b7c8-abdb25f7e0d9,1e12fb45-7960-4c1e-871c-42a6aabb45fa,c3,c5,1019,?,x4,
1768856884.7794483,FORWARDED,f26f12ee-f7a2-4449-b7c8-abdb25f7e0d9,1e12fb45-7960-4c1e-871c-42a6aabb45fa,c3,c5,1019,?,x4,
1768856884.7907712,RECEIVED,69d8f4b7-2c96-40a3-9030-6cb49d83435c,47a2cde9-f89a-4511-a51c-4de3eae32721,c4,c5,1443,e8,?,
1768856884.7937458,RECEIVED,f6bb9347-06e4-4e88-bef3-3700631966c9,45f10f1d-41f6-48be-872b-27905bc1f001,c1,c2,1585,e12,?,
1768856884.847906,RECEIVED,66800a3d-15f6-40c3-8de0-8db151352e84,44e3a34c-3f5d-4d4c-b02b-3576060c27d6,c2,c1,1455,e6,?,
1768856884.984563,RECEIVED,bbc708ae-1d75-4181-9a96-cf8fc577299e,8c399770-5750-45b2-b4da-dbf2bbfdd4d0,c3,c5,1451,e1,?,
1768856885.0735912,SENT,d7a87be3-a71d-45f5-977b-7e8eaf89ca74,32bd079c-aaa3-4cca-873e-5cd61f8ef18e,c4,c5,1024,?,x10,
1768856885.0736287,FORWARDED,d7a87be3-a71d-45f5-977b-7e8eaf89ca74,32bd079c-aaa3-4cca-873e-5cd61f8ef18e,c4,c5,1024,?,x10,
1768856885.0769947,RECEIVED,a16b2ecc-4ab8-4abe-9c34-a78f90d0e739,c77a5588-fd17-475f-98da-7531fbd1c83b,c3,c5,1461,e7,?,
1768856885.1379347,SENT,a16b2ecc-4ab8-4abe-9c34-a78f90d0e739,c77a5588-fd17-475f-98da-7531fbd1c83b,c3,c5,1021,?,x8,
1768856885.1379771,FORWARDED,a16b2ecc-4ab8-4abe-9c34-a78f90d0e739,c77a5588-fd17-475f-98da-7531fbd1c83b,c3,c5,1021,?,x8,
1768856885.140842,SENT,f6bb9347-06e4-4e88-bef3-3700631966c9,45f10f1d-41f6-48be-872b-27905bc1f001,c1,c2,1116,?,x12,
1768856885.1408834,FORWARDED,f6bb9347-06e4-4e88-bef3-3700631966c9,45f10f1d-41f6-48be-872b-27905bc1f001,c1,c2,1116,?,x12,
1768856885.2329724,RECEIVED,b054912c-f655-4fa7-9859-3beedeec5a1d,fc525b6a-ff8e-4003-8d13-09fe8d53f787,c5,c4,1583,e4,?,
1768856885.3259342,RECEIVED,252f7c31-2e9f-422e-ab77-c24c1dbba3a6,3f7fd019-ace5-4486-9ce4-032f0b60ba86,c1,c5,1451,e7,?,
1768856885.359566,SENT,69d8f4b7-2c96-40a3-9030-6cb49d83435c,47a2cde9-f89a-4511-a51c-4de3eae32721,c4,c5,1011,?,x2,
1768856885.3596082,FORWARDED,69d8f4b7-2c96-40a3-9030-6cb49d83435c,47a2cde9-f89a-4511-a51c-4de3eae32721,c4,c5,1011,?,x2,
1768856885.3802493,RECEIVED,19460041-030c-4a18-84d1-61376cc9645e,a659659a-34cb-4963-9e59-223fa9a70a60,c5,c3,1583,e12,?,
1768856885.3931649,RECEIVED,67073644-8c38-494f-b636-d3a043b8f9f5,6b3e7827-70ea-44c4-ab7f-79ca76cb4d56,c1,c2,1584,e1,?,
1768856885.4632473,SENT,19460041-030c-4a18-84d1-61376cc9645e,a659659a-34cb-4963-9e59-223fa9a70a60,c5,c3,1115,?,x6,
1768856885.4632885,FORWARDED,19460041-030c-4a18-84d1-61376cc9645e,a659659a-34cb-4963-9e59-223fa9a70a60,c5,c3,1115,?,x6,
1768856885.5080178,SENT,252f7c31-2e9f-422e-ab77-c24c1dbba3a6,3f7fd019-ace5-4486-9ce4-032f0b60ba86,c1,c5,1016,?,x7,
1768856885.5081143,FORWARDED,252f7c31-2e9f-422e-ab77-c24c1dbba3a6,3f7fd019-ace5-4486-9ce4-032f0b60ba86,c1,c5,1016,?,x7,
1768856885.652295,SENT,b77f72ce-61c9-4a3d-b709-ad836a9a343d,3a0b6d3c-152c-4bf3-8052-c0ee80e4eb26,c4,c5,1024,?,x9,
1768856885.652336,FORWARDED,b77f72ce-61c9-4a3d-b709-ad836a9a343d,3a0b6d3c-152c-4bf3-8052-c0ee80e4eb26,c4,c5,1024,?,x9,
1768856885.7353566,SENT,66800a3d-15f6-40c3-8de0-8db151352e84,44e3a34c-3f5d-4d4c-b02b-3576060c27d6,c2,c1,1020,?,x4,
1768856885.7353973,FORWARDED,66800a3d-15f6-40c3-8de0-8db151352e84,44e3a34c-3f5d-4d4c-b02b-3576060c27d6,c2,c1,1020,?,x4,
1768856885.7424555,RECEIVED,9b3bc7f5-9431-4342-9301-84ce321763df,c6f65c03-6d7c-473a-9f31-66d2f6300eef,c5,DROP,1008,e3,?,
1768856885.7691197,SENT,bbc708ae-1d75-4181-9a96-cf8fc577299e,8c399770-5750-45b2-b4da-dbf2bbfdd4d0,c3,c5,1015,?,x5,
1768856885.7691612,FORWARDED,bbc708ae-1d75-4181-9a96-cf8fc577299e,8c399770-5750-45b2-b4da-dbf2bbfdd4d0,c3,c5,1015,?,x5,
1768856885.7869182,SENT,b054912c-f655-4fa7-9859-3beedeec5a1d,fc525b6a-ff8e-4003-8d13-09fe8d53f787,c5,c4,1115,?,x7,
1768856885.7869606,FORWARDED,b054912c-f655-4fa7-9859-3beedeec5a1d,fc525b6a-ff8e-4003-8d13-09fe8d53f787,c5,c4,1115,?,x7,
1768856885.82293,RECEIVED,425d7173-fc4c-4278-a6a8-9c379b59183e,744ecd98-8128-4d9d-8b01-c879387c43fc,c5,c4,1581,e5,?,
1768856885.845542,RECEIVED,40656ad4-ff07-4ee7-8b45-f847c53f9215,a58ce70f-9673-4ce3-ae83-3dcc1353e796,c5,c4,1571,e4,?,
1768856885.890013,SENT,425d7173-fc4c-4278-a6a8-9c379b59183e,744ecd98-8128-4d9d-8b01-c879387c43fc,c5,c4,1112,?,x8,
1768856885.8905046,FORWARDED,425d7173-fc4c-4278-a6a8-9c379b59183e,744ecd98-8128-4d9d-8b01-c879387c43fc,c5,c4,1112,?,x8,
1768856885.992424,SENT,40656ad4-ff07-4ee7-8b45-f847c53f9215,a58ce70f-9673-4ce3-ae83-3dcc1353e796,c5,c4,1107,?,x10,
1768856885.992495,FORWARDED,40656ad4-ff07-4ee7-8b45-f847c53f9215,a58ce70f-9673-4ce3-ae83-3dcc1353e796,c5,c4,1107,?,x10,
1768856886.084979,SENT,9b3bc7f5-9431-4342-9301-84ce321763df,c6f65c03-6d7c-473a-9f31-66d2f6300eef,c5,DROP,684,?,x6,
1768856886.0854137,FORWARDED,9b3bc7f5-9431-4342-9301-84ce321763df,c6f65c03-6d7c-473a-9f31-66d2f6300eef,c5,DROP,684,?,x6,
1768856886.1262922,RECEIVED,b0efb064-584d-4da7-9224-60a43fc85d71,6c3a3fc5-5836-4982-a172-f4fe3726b8f3,c1,c5,1465,e3,?,
1768856886.2699788,RECEIVED,834777b2-2b91-4c3d-a1ea-1524db241482,5aa3336e-6efa-4188-9947-18b80e5c1670,c3,c5,1583,e1,?,
1768856886.2864428,SENT,b0efb064-584d-4da7-9224-60a43fc85d71,6c3a3fc5-5836-4982-a172-f4fe3726b8f3,c1,c5,1024,?,x11,
1768856886.2864919,FORWARDED,b0efb064-584d-4da7-9224-60a43fc85d71,6c3a3fc5-5836-4982-a172-f4fe3726b8f3,c1,c5,1024,?,x11,
1768856886.323154,RECEIVED,2172ab22-dccc-4e6a-8d38-efee459f65bd,30c300fb-687e-4167-a5fa-fa07403cf8c5,c1,c2,1587,e3,?,
1768856886.4333236,SENT,834777b2-2b91-4c3d-a1ea-1524db241482,5aa3336e-6efa-4188-9947-18b80e5c1670,c3,c5,1115,?,x3,
1768856886.4333634,FORWARDED,834777b2-2b91-4c3d-a1ea-1524db241482,5aa3336e-6efa-4188-9947-18b80e5c1670,c3,c5,1115,?,x3,
1768856886.4878113,RECEIVED,4d02fd08-bb13-4d72-899b-1c7cb1e01060,caeccf7a-e59a-4214-989f-945d9059a678,c1,c5,1463,e10,?,
1768856886.5346208,SENT,67073644-8c38-494f-b636-d3a043b8f9f5,6b3e7827-70ea-44c4-ab7f-79ca76cb4d56,c1,c2,1116,?,x11,
1768856886.534663,FORWARDED,67073644-8c38-494f-b636-d3a043b8f9f5,6b3e7827-70ea-44c4-ab7f-79ca76cb4d56,c1,c2,1116,?,x11,
1768856886.7633886,SENT,4d02fd08-bb13-4d72-899b-1c7cb1e01060,caeccf7a-e59a-4214-989f-945d9059a678,c1,c5,1024,?,x1,
1768856886.7634304,FORWARDED,4d02fd08-bb13-4d72-899b-1c7cb1e01060,caeccf7a-e59a-4214-989f-945d9059a678,c1,c5,1024,?,x1,
1768856887.4491253,RECEIVED,1b0ddf69-8d26-433b-9ee5-6e5f3076d48e,7ab518c5-bce2-433e-ab32-9f2cbbb9e42e,c3,c5,1448,e1,?,
1768856887.495695,RECEIVED,cc6627a5-ee4d-4699-a474-6628b039ec4f,105a5cd5-3c97-4a24-8f95-e5a023a6bf23,c4,c5,1463,e12,?,
1768856887.6405685,SENT,1b0ddf69-8d26-433b-9ee5-6e5f3076d48e,7ab518c5-bce2-433e-ab32-9f2cbbb9e42e,c3,c5,1012,?,x3,
1768856887.6406114,FORWARDED,1b0ddf69-8d26-433b-9ee5-6e5f3076d48e,7ab518c5-bce2-433e-ab32-9f2cbbb9e42e,c3,c5,1012,?,x3,
1768856887.7057106,SENT,2172ab22-dccc-4e6a-8d38-efee459f65bd,30c300fb-687e-4167-a5fa-fa07403cf8c5,c1,c2,1117,?,x2,
1768856887.7057524,FORWARDED,2172ab22-dccc-4e6a-8d38-efee459f65bd,30c300fb-687e-4167-a5fa-fa07403cf8c5,c1,c2,1117,?,x2,
1768856887.71359,RECEIVED,cb11487f-76a4-4e30-88ec-6996d903349a,62ac4934-d87a-4225-b29b-898e5ee253e2,c5,c3,1580,e11,?,
1768856887.722504,RECEIVED,a7dda08d-2117-400e-b5a6-6f786e121c60,33759bc5-247f-4312-a814-0913901119cc,c5,c3,1455,e10,?,
1768856887.841341,SENT,cb11487f-76a4-4e30-88ec-6996d903349a,62ac4934-d87a-4225-b29b-898e5ee253e2,c5,c3,1112,?,x1,
1768856887.8413813,FORWARDED,cb11487f-76a4-4e30-88ec-6996d903349a,62ac4934-d87a-4225-b29b-898e5ee253e2,c5,c3,1112,?,x1,
1768856887.9586382,RECEIVED,0e631ad3-25bc-4720-8100-57cca0493665,453f87bd-071b-42df-b885-27e0467df891,c2,DROP,440,x2,?,
1768856887.9903672,RECEIVED,614ec503-58bc-46eb-a310-6c39c29556d5,1127bd9c-a432-4295-a69a-9aa77d276c3e,c5,c3,1459,e3,?,
1768856888.0858955,RECEIVED,4488ceb7-afd7-4c7e-b557-4053dd677e46,dc0c02b6-f26a-49d0-b3dc-2dc4325344df,c3,DROP,1008,e6,?,
1768856888.1238515,RECEIVED,ca0aa562-95b1-4d09-8a7d-22e59d58a51a,3c510dc8-5af9-40c8-b0cb-d2149d76206a,c1,c2,1587,e12,?,
1768856888.2304823,RECEIVED,a120f30d-d284-469d-9770-855b803d0d87,a6683c3a-ee55-4481-80b3-f7b766f26375,c5,c3,1456,e8,?,
1768856888.266391,RECEIVED,03d4a7a0-23f7-4a0f-8188-6daa56e48c48,ad67e747-634d-4fe8-b702-fb7ada923c15,c5,c3,1579,e12,?,
1768856888.3157663,RECEIVED,beee0eab-eaed-4512-b9e1-bc4d70c33f44,b363d567-5931-462e-91d7-44624bab70d1,c3,DROP,442,x6,?,
1768856888.3180346,SENT,4488ceb7-afd7-4c7e-b557-4053dd677e46,dc0c02b6-f26a-49d0-b3dc-2dc4325344df,c3,DROP,684,?,x9,
1768856888.3180907,FORWARDED,4488ceb7-afd7-4c7e-b557-4053dd677e46,dc0c02b6-f26a-49d0-b3dc-2dc4325344df,c3,DROP,684,?,x9,
1768856888.5091434,SENT,cc6627a5-ee4d-4699-a474-6628b039ec4f,105a5cd5-3c97-4a24-8f95-e5a023a6bf23,c4,c5,1024,?,x8,
1768856888.509192,FORWARDED,cc6627a5-ee4d-4699-a474-6628b039ec4f,105a5cd5-3c97-4a24-8f95-e5a023a6bf23,c4,c5,1024,?,x8,
1768856888.6485283,RECEIVED,4b5b133f-5473-498a-912f-dcc4547d77f7,7454d88b-18b3-476c-9df1-2150ddc9a1ef,c4,c5,1453,e5,?,
1768856888.7055392,SENT,4b5b133f-5473-498a-912f-dcc4547d77f7,7454d88b-18b3-476c-9df1-2150ddc9a1ef,c4,c5,1017,?,x11,
1768856888.7055829,FORWARDED,4b5b133f-5473-498a-912f-dcc4547d77f7,7454d88b-18b3-476c-9df1-2150ddc9a1ef,c4,c5,1017,?,x11,
1768856888.7078333,SENT,ca0aa562-95b1-4d09-8a7d-22e59d58a51a,3c510dc8-5af9-40c8-b0cb-d2149d76206a,c1,c2,1117,?,x5,
1768856888.7079685,FORWARDED,ca0aa562-95b1-4d09-8a7d-22e59d58a51a,3c510dc8-5af9-40c8-b0cb-d2149d76206a,c1,c2,1117,?,x5,
1768856888.8454564,SENT,a7dda08d-2117-400e-b5a6-6f786e121c60,33759bc5-247f-4312-a814-0913901119cc,c5,c3,1019,?,x8,
1768856888.8454986,FORWARDED,a7dda08d-2117-400e-b5a6-6f786e121c60,33759bc5-247f-4312-a814-0913901119cc,c5,c3,1019,?,x8,
1768856888.8952694,RECEIVED,554603ee-3b80-4878-925e-263fd8e4f4aa,1215ce07-856b-42df-a745-fbf025a7a71b,c3,c5,1459,e2,?,
1768856888.9053738,SENT,a120f30d-d284-469d-9770-855b803d0d87,a6683c3a-ee55-4481-80b3-f7b766f26375,c5,c3,1020,?,x12,
1768856888.9054103,FORWARDED,a120f30d-d284-469d-9770-855b803d0d87,a6683c3a-ee55-4481-80b3-f7b766f26375,c5,c3,1020,?,x12,
1768856888.9976068,SENT,03d4a7a0-23f7-4a0f-8188-6daa56e48c48,ad67e747-634d-4fe8-b702-fb7ada923c15,c5,c3,1112,?,x7,
1768856888.9976506,FORWARDED,03d4a7a0-23f7-4a0f-8188-6daa56e48c48,ad67e747-634d-4fe8-b702-fb7ada923c15,c5,c3,1112,?,x7,
1768856889.1571705,SENT,614ec503-58bc-46eb-a310-6c39c29556d5,1127bd9c-a432-4295-a69a-9aa77d276c3e,c5,c3,1023,?,x10,
1768856889.1572046,FORWARDED,614ec503-58bc-46eb-a310-6c39c29556d5,1127bd9c-a432-4295-a69a-9aa77d276c3e,c5,c3,1023,?,x10,
1768856889.4021325,RECEIVED,7fe7d3ed-48b1-4b23-ad4f-b985c0d108f1,4f9d675a-6433-4daf-83a2-3627c257a24b,c3,c5,1464,e4,?,
1768856889.4890609,SENT,7fe7d3ed-48b1-4b23-ad4f-b985c0d108f1,4f9d675a-6433-4daf-83a2-3627c257a24b,c3,c5,1024,?,x9,
1768856889.489102,FORWARDED,7fe7d3ed-48b1-4b23-ad4f-b985c0d108f1,4f9d675a-6433-4daf-83a2-3627c257a24b,c3,c5,1024,?,x9,
1768856889.7503588,RECEIVED,ccdf5e26-b48f-4672-a889-c4cfd8ae411d,6feeb215-78a2-4be7-bdd2-a847121bc5ed,c4,DROP,445,x12,?,
1768856889.9969854,SENT,554603ee-3b80-4878-925e-263fd8e4f4aa,1215ce07-856b-42df-a745-fbf025a7a71b,c3,c5,1023,?,x7,
1768856889.997593,FORWARDED,554603ee-3b80-4878-925e-263fd8e4f4aa,1215ce07-856b-42df-a745-fbf025a7a71b,c3,c5,1023,?,x7,
1768856890.0408802,RECEIVED,2c7c57d4-9788-4fe8-9d24-62c8876c8c34,b0fa2444-e3c4-46d8-a2ca-62da505dec5b,c3,c5,1468,e11,?,
1768856890.055093,RECEIVED,42851b74-a627-45e4-94fd-dfe3df335378,03d6d73c-474c-4b7c-9328-9ab9ca362c60,c4,c5,1448,e8,?,
1768856890.1053913,SENT,42851b74-a627-45e4-94fd-dfe3df335378,03d6d73c-474c-4b7c-9328-9ab9ca362c60,c4,c5,1013,?,x7,
1768856890.1054406,FORWARDED,42851b74-a627-45e4-94fd-dfe3df335378,03d6d73c-474c-4b7c-9328-9ab9ca362c60,c4,c5,1013,?,x7,
1768856890.1069987,RECEIVED,44af20ba-cd29-4cd3-8685-233573e4545c,a997b6e7-8c2e-4e41-99ff-dc6d183a04e9,c2,c1,1456,e3,?,
1768856890.117542,SENT,2c7c57d4-9788-4fe8-9d24-62c8876c8c34,b0fa2444-e3c4-46d8-a2ca-62da505dec5b,c3,c5,1028,?,x5,
1768856890.1175823,FORWARDED,2c7c57d4-9788-4fe8-9d24-62c8876c8c34,b0fa2444-e3c4-46d8-a2ca-62da505dec5b,c3,c5,1028,?,x5,
1768856890.3583426,RECEIVED,8c7dfc00-2916-48df-8ebd-8a00ab85720d,54dec337-676a-4120-a332-6e83eb78a6e1,c5,c4,1584,e3,?,
1768856890.3631132,RECEIVED,497e6a8f-4b07-4b3e-b70e-0e140621a9d6,8902706e-e057-4e6c-b52a-9ffe8ddcb0b5,c2,c1,1456,e3,?,
1768856890.4423006,RECEIVED,8b94f255-d268-44de-a8ee-0274aa655e9f,22f911dc-02ec-4364-aff6-ed6edb7ba400,c1,c5,1455,e10,?,
1768856890.4472795,SENT,497e6a8f-4b07-4b3e-b70e-0e140621a9d6,8902706e-e057-4e6c-b52a-9ffe8ddcb0b5,c2,c1,1019,?,x5,
1768856890.4473217,FORWARDED,497e6a8f-4b07-4b3e-b70e-0e140621a9d6,8902706e-e057-4e6c-b52a-9ffe8ddcb0b5,c2,c1,1019,?,x5,
1768856890.4989526,SENT,44af20ba-cd29-4cd3-8685-233573e4545c,a997b6e7-8c2e-4e41-99ff-dc6d183a04e9,c2,c1,1020,?,x12,
1768856890.4989932,FORWARDED,44af20ba-cd29-4cd3-8685-233573e4545c,a997b6e7-8c2e-4e41-99ff-dc6d183a04e9,c2,c1,1020,?,x12,
1768856890.509634,SENT,8b94f255-d268-44de-a8ee-0274aa655e9f,22f911dc-02ec-4364-aff6-ed6edb7ba400,c1,c5,1019,?,x6,
1768856890.509671,FORWARDED,8b94f255-d268-44de-a8ee-0274aa655e9f,22f911dc-02ec-4364-aff6-ed6edb7ba400,c1,c5,1019,?,x6,
1768856890.599885,RECEIVED,14a8aedb-6cc9-4f0b-af72-85259615de9e,68421cf9-91a6-4239-acce-e5b79b0cba8a,c4,c5,1462,e8,?,
1768856890.8151011,RECEIVED,d3319a54-e628-4629-b77e-9126ad5804eb,9afdadba-f399-4f1d-88fd-9c4ac6268a26,c3,c5,1455,e5,?,
1768856890.8784404,SENT,14a8aedb-6cc9-4f0b-af72-85259615de9e,68421cf9-91a6-4239-acce-e5b79b0cba8a,c4,c5,1025,?,x2,
1768856890.8784926,FORWARDED,14a8aedb-6cc9-4f0b-af72-85259615de9e,68421cf9-91a6-4239-acce-e5b79b0cba8a,c4,c5,1025,?,x2,
1768856890.9523306,SENT,8c7dfc00-2916-48df-8ebd-8a00ab85720d,54dec337-676a-4120-a332-6e83eb78a6e1,c5,c4,1115,?,x10,
1768856890.9523687,FORWARDED,8c7dfc00-2916-48df-8ebd-8a00ab85720d,54dec337-676a-4120-a332-6e83eb78a6e1,c5,c4,1115,?,x10,
1768856890.9972956,RECEIVED,8c933e84-909b-40fb-b9bb-97526ad327c6,eff580a5-3f0f-4276-a39c-396cbbec3173,c2,c1,1444,e6,?,
1768856891.054285,SENT,8c933e84-909b-40fb-b9bb-97526ad327c6,eff580a5-3f0f-4276-a39c-396cbbec3173,c2,c1,1010,?,x8,
1768856891.0543246,FORWARDED,8c933e84-909b-40fb-b9bb-97526ad327c6,eff580a5-3f0f-4276-a39c-396cbbec3173,c2,c1,1010,?,x8,
1768856891.1743612,RECEIVED,79838e31-bc35-49d6-9c00-34a795e3cf2b,8e2c896f-59a6-469d-92a7-8c88c32eaaed,c1,c2,1575,e3,?,
1768856891.2593124,RECEIVED,f7bf065b-4799-41d8-9b11-e00330a5098b,a3c379d0-d22c-4d07-bbd5-e627b6259bb7,c5,c3,1455,e7,?,
1768856891.4168694,RECEIVED,da5352f4-8f23-4e3b-9664-6d2122ffa908,b0621db9-7846-4793-84ec-a7c869a479d6,c3,c5,1460,e7,?,
1768856891.5001166,RECEIVED,09807038-e2c3-48b8-a35f-2c40ccddf060,f39b4bde-87c8-49f3-bafe-7b9e9198d79c,c5,c3,1452,e11,?,
1768856891.533597,SENT,d3319a54-e628-4629-b77e-9126ad5804eb,9afdadba-f399-4f1d-88fd-9c4ac6268a26,c3,c5,1019,?,x9,
1768856891.533637,FORWARDED,d3319a54-e628-4629-b77e-9126ad5804eb,9afdadba-f399-4f1d-88fd-9c4ac6268a26,c3,c5,1019,?,x9,
1768856891.5588636,SENT,f7bf065b-4799-41d8-9b11-e00330a5098b,a3c379d0-d22c-4d07-bbd5-e627b6259bb7,c5,c3,1019,?,x5,
1768856891.5589025,FORWARDED,f7bf065b-4799-41d8-9b11-e00330a5098b,a3c379d0-d22c-4d07-bbd5-e627b6259bb7,c5,c3,1019,?,x5,
1768856891.5949507,SENT,da5352f4-8f23-4e3b-9664-6d2122ffa908,b0621db9-7846-4793-84ec-a7c869a479d6,c3,c5,1023,?,x6,
1768856891.595002,FORWARDED,da5352f4-8f23-4e3b-9664-6d2122ffa908,b0621db9-7846-4793-84ec-a7c869a479d6,c3,c5,1023,?,x6,
1768856891.6706042,SENT,79838e31-bc35-49d6-9c00-34a795e3cf2b,8e2c896f-59a6-469d-92a7-8c88c32eaaed,c1,c2,1110,?,x8,
1768856891.670653,FORWARDED,79838e31-bc35-49d6-9c00-34a795e3cf2b,8e2c896f-59a6-469d-92a7-8c88c32eaaed,c1,c2,1110,?,x8,
1768856891.7965057,RECEIVED,7cc72e23-7475-4988-a96a-ff3a545e367c,f3771d7c-8b4b-4e50-851e-46ef416560b6,c5,c4,1583,e5,?,
1768856891.8213885,SENT,09807038-e2c3-48b8-a35f-2c40ccddf060,f39b4bde-87c8-49f3-bafe-7b9e9198d79c,c5,c3,1017,?,x5,
1768856891.82143,FORWARDED,09807038-e2c3-48b8-a35f-2c40ccddf060,f39b4bde-87c8-49f3-bafe-7b9e9198d79c,c5,c3,1017,?,x5,
1768856892.1886635,RECEIVED,b7d0d54f-c1de-49b9-be37-b6bbaed6ad65,6b3c937c-0b7e-4666-aea0-d5baa00f15cf,c3,c5,1584,e10,?,
1768856892.3884997,RECEIVED,aa94c33d-24ef-4a92-a40b-4ab73aadcc62,9b404e3a-aa6e-4823-8168-323534027f04,c5,DROP,442,x4,?,
1768856892.433684,SENT,b7d0d54f-c1de-49b9-be37-b6bbaed6ad65,6b3c937c-0b7e-4666-aea0-d5baa00f15cf,c3,c5,1115,?,x4,
1768856892.4337232,FORWARDED,b7d0d54f-c1de-49b9-be37-b6bbaed6ad65,6b3c937c-0b7e-4666-aea0-d5baa00f15cf,c3,c5,1115,?,x4,
1768856892.6286366,SENT,7cc72e23-7475-4988-a96a-ff3a545e367c,f3771d7c-8b4b-4e50-851e-46ef416560b6,c5,c4,1115,?,x12,
1768856892.628675,FORWARDED,7cc72e23-7475-4988-a96a-ff3a545e367c,f3771d7c-8b4b-4e50-851e-46ef416560b6,c5,c4,1115,?,x12,
1768856892.7955391,RECEIVED,86ca27ad-8f26-443c-a60b-c8a7ad39e1af,956fc53d-464f-4ae6-9109-0b40407c7337,c3,c5,1447,e5,?,
1768856893.051634,SENT,86ca27ad-8f26-443c-a60b-c8a7ad39e1af,956fc53d-464f-4ae6-9109-0b40407c7337,c3,c5,1012,?,x2,
1768856893.0516756,FORWARDED,86ca27ad-8f26-443c-a60b-c8a7ad39e1af,956fc53d-464f-4ae6-9109-0b40407c7337,c3,c5,1012,?,x2,
1768856893.1871448,RECEIVED,86a5ebb7-b03d-44ef-b2bd-34dadfb42fa6,c493bee0-537e-4275-a9a1-89af8957e07a,c3,c5,1460,e7,?,
1768856893.2986927,RECEIVED,d0326d6c-4e76-4f25-8309-9ecbafa13be8,7976c492-95ee-4f9a-8ec2-61066e9fc0d2,c5,c4,1576,e3,?,
1768856893.383529,SENT,d0326d6c-4e76-4f25-8309-9ecbafa13be8,7976c492-95ee-4f9a-8ec2-61066e9fc0d2,c5,c4,1109,?,x1,
1768856893.3835711,FORWARDED,d0326d6c-4e76-4f25-8309-9ecbafa13be8,7976c492-95ee-4f9a-8ec2-61066e9fc0d2,c5,c4,1109,?,x1,
1768856893.3856902,SENT,86a5ebb7-b03d-44ef-b2bd-34dadfb42fa6,c493bee0-537e-4275-a9a1-89af8957e07a,c3,c5,1023,?,x3,
1768856893.3857377,FORWARDED,86a5ebb7-b03d-44ef-b2bd-34dadfb42fa6,c493bee0-537e-4275-a9a1-89af8957e07a,c3,c5,1023,?,x3,
1768856893.490829,RECEIVED,3bddf1c8-4a0a-4cc1-98cd-ba73d79be5df,838f8e8a-3522-47fc-a451-39cd338a2fec,c5,c4,1584,e11,?,
1768856893.5316443,RECEIVED,2031dd37-de27-4d8a-918f-7e863d6c77ca,382d127e-f944-4b72-b8b4-6c60ba1250fc,c1,c5,1456,e8,?,
1768856893.590192,RECEIVED,595dea75-1c99-46fc-af40-8e1c8e0b5c15,26c7c949-6efa-459a-9d95-1acde0cd024c,c5,DROP,1008,e2,?,
1768856893.6452973,SENT,2031dd37-de27-4d8a-918f-7e863d6c77ca,382d127e-f944-4b72-b8b4-6c60ba1250fc,c1,c5,1019,?,x4,
1768856893.6453347,FORWARDED,2031dd37-de27-4d8a-918f-7e863d6c77ca,382d127e-f944-4b72-b8b4-6c60ba1250fc,c1,c5,1019,?,x4,
1768856893.8849306,RECEIVED,77e10252-f87b-4672-8ece-189bd1c79dd6,e0e1b142-0ab3-44bb-b438-2acb94a57a92,c1,c2,1581,e10,?,
1768856893.9487448,SENT,77e10252-f87b-4672-8ece-189bd1c79dd6,e0e1b142-0ab3-44bb-b438-2acb94a57a92,c1,c2,1112,?,x4,
1768856893.9487953,FORWARDED,77e10252-f87b-4672-8ece-189bd1c79dd6,e0e1b142-0ab3-44bb-b438-2acb94a57a92,c1,c2,1112,?,x4,
1768856894.1153476,RECEIVED,b81d3eaf-d5d3-45ac-bc22-3deb898f4332,0d465e87-7cd0-46f7-aba6-f5998f418eb6,c4,c5,1451,e2,?,
1768856894.4547102,RECEIVED,1138aad6-4070-4d52-8f95-223e41e9070c,2890fae1-8b4e-4574-84d7-c00295225425,c5,c3,1585,e1,?,
1768856894.4945705,SENT,b81d3eaf-d5d3-45ac-bc22-3deb898f4332,0d465e87-7cd0-46f7-aba6-f5998f418eb6,c4,c5,1015,?,x9,
1768856894.4946094,FORWARDED,b81d3eaf-d5d3-45ac-bc22-3deb898f4332,0d465e87-7cd0-46f7-aba6-f5998f418eb6,c4,c5,1015,?,x9,
1768856894.620735,SENT,1138aad6-4070-4d52-8f95-223e41e9070c,2890fae1-8b4e-4574-84d7-c00295225425,c5,c3,1115,?,x12,
1768856894.6213284,FORWARDED,1138aad6-4070-4d52-8f95-223e41e9070c,2890fae1-8b4e-4574-84d7-c00295225425,c5,c3,1115,?,x12,
1768856894.773894,SENT,595dea75-1c99-46fc-af40-8e1c8e0b5c15,26c7c949-6efa-459a-9d95-1acde0cd024c,c5,DROP,684,?,x11,
1768856894.7739353,FORWARDED,595dea75-1c99-46fc-af40-8e1c8e0b5c15,26c7c949-6efa-459a-9d95-1acde0cd024c,c5,DROP,684,?,x11,
1768856894.9817877,SENT,3bddf1c8-4a0a-4cc1-98cd-ba73d79be5df,838f8e8a-3522-47fc-a451-39cd338a2fec,c5,c4,1116,?,x11,
1768856894.9818263,FORWARDED,3bddf1c8-4a0a-4cc1-98cd-ba73d79be5df,838f8e8a-3522-47fc-a451-39cd338a2fec,c5,c4,1116,?,x11,
1768856895.3092694,RECEIVED,d66fc1d2-c3d4-4dbe-a911-a4141ab5ef85,9d85e4e2-8802-4e8c-b826-8df4dc08c666,c2,c1,1455,e10,?,
1768856895.3612628,RECEIVED,63aafe5b-7234-4286-a1ec-a3a13148a364,550551f9-e8d0-4672-b0e2-98ba67ee7eeb,c1,c5,1448,e8,?,
1768856895.6068027,SENT,d66fc1d2-c3d4-4dbe-a911-a4141ab5ef85,9d85e4e2-8802-4e8c-b826-8df4dc08c666,c2,c1,1019,?,x9,
1768856895.6068444,FORWARDED,d66fc1d2-c3d4-4dbe-a911-a4141ab5ef85,9d85e4e2-8802-4e8c-b826-8df4dc08c666,c2,c1,1019,?,x9,
1768856895.683898,RECEIVED,e6f5ec9e-46dd-4ec4-bd28-fc45531820c2,c72052ed-2f43-4e20-a27f-bc48d430c708,c5,c4,1582,e1,?,
1768856895.746898,RECEIVED,bfc46c7e-4c3e-467f-9887-18a8031d2030,22121083-b4c8-41d2-ba90-744d88e439dd,c1,c2,1567,e6,?,
1768856895.9239728,SENT,bfc46c7e-4c3e-467f-9887-18a8031d2030,22121083-b4c8-41d2-ba90-744d88e439dd,c1,c2,1104,?,x4,
1768856895.9241848,FORWARDED,bfc46c7e-4c3e-467f-9887-18a8031d2030,22121083-b4c8-41d2-ba90-744d88e439dd,c1,c2,1104,?,x4,
1768856896.0670233,SENT,e6f5ec9e-46dd-4ec4-bd28-fc45531820c2,c72052ed-2f43-4e20-a27f-bc48d430c708,c5,c4,1114,?,x7,
1768856896.067072,FORWARDED,e6f5ec9e-46dd-4ec4-bd28-fc45531820c2,c72052ed-2f43-4e20-a27f-bc48d430c708,c5,c4,1114,?,x7,
1768856896.2060146,RECEIVED,3bb5879c-b2b6-4b92-90ec-9155d2bc2ebe,080e9385-717c-428b-974c-2134202cef53,c5,c3,1455,e5,?,
1768856896.354805,SENT,3bb5879c-b2b6-4b92-90ec-9155d2bc2ebe,080e9385-717c-428b-974c-2134202cef53,c5,c3,1020,?,x6,
1768856896.3548472,FORWARDED,3bb5879c-b2b6-4b92-90ec-9155d2bc2ebe,080e9385-717c-428b-974c-2134202cef53,c5,c3,1020,?,x6,
1768856896.4192233,SENT,63aafe5b-7234-4286-a1ec-a3a13148a364,550551f9-e8d0-4672-b0e2-98ba67ee7eeb,c1,c5,1014,?,x11,
1768856896.4192615,FORWARDED,63aafe5b-7234-4286-a1ec-a3a13148a364,550551f9-e8d0-4672-b0e2-98ba67ee7eeb,c1,c5,1014,?,x11,
1768856896.70795,RECEIVED,aef77125-cfe2-4d7f-8542-199fe308941b,974bff64-1bfd-4f4f-8477-d30ddc97f557,c2,c1,1455,e3,?,
1768856896.9991243,RECEIVED,23104bc8-05a3-438d-b6c8-65587abecf62,ca982e6f-c341-4932-b011-261d1ce55a35,c3,c5,1584,e6,?,
1768856897.0795033,RECEIVED,99b00917-4625-4e47-9123-397f2f998372,c0fff87b-afd5-4b4d-a4ce-84552e43eb8a,c1,c5,1461,e2,?,
1768856897.172337,SENT,99b00917-4625-4e47-9123-397f2f998372,c0fff87b-afd5-4b4d-a4ce-84552e43eb8a,c1,c5,1023,?,x12,
1768856897.1723788,FORWARDED,99b00917-4625-4e47-9123-397f2f998372,c0fff87b-afd5-4b4d-a4ce-84552e43eb8a,c1,c5,1023,?,x12,
1768856897.2767756,SENT,aef77125-cfe2-4d7f-8542-199fe308941b,974bff64-1bfd-4f4f-8477-d30ddc97f557,c2,c1,1020,?,x2,
1768856897.276816,FORWARDED,aef77125-cfe2-4d7f-8542-199fe308941b,974bff64-1bfd-4f4f-8477-d30ddc97f557,c2,c1,1020,?,x2,
1768856897.389191,SENT,23104bc8-05a3-438d-b6c8-65587abecf62,ca982e6f-c341-4932-b011-261d1ce55a35,c3,c5,1115,?,x10,
1768856897.3892326,FORWARDED,23104bc8-05a3-438d-b6c8-65587abecf62,ca982e6f-c341-4932-b011-261d1ce55a35,c3,c5,1115,?,x10,
1768856897.7857168,RECEIVED,ae905e90-fa2b-4102-83e7-7af483947e9a,956070ba-da7a-4dc1-b2e9-5b3133b73511,c5,c4,1584,e6,?,
1768856897.9255178,SENT,ae905e90-fa2b-4102-83e7-7af483947e9a,956070ba-da7a-4dc1-b2e9-5b3133b73511,c5,c4,1115,?,x2,
1768856897.92556,FORWARDED,ae905e90-fa2b-4102-83e7-7af483947e9a,956070ba-da7a-4dc1-b2e9-5b3133b73511,c5,c4,1115,?,x2,
1768856898.320144,RECEIVED,6c4dc99d-b302-45b3-9e51-dc0e79611007,eb369351-f985-4823-ac25-d4f10cf6c890,c1,c5,1460,e1,?,
1768856898.3587642,SENT,6c4dc99d-b302-45b3-9e51-dc0e79611007,eb369351-f985-4823-ac25-d4f10cf6c890,c1,c5,1022,?,x2,
1768856898.3588033,FORWARDED,6c4dc99d-b302-45b3-9e51-dc0e79611007,eb369351-f985-4823-ac25-d4f10cf6c890,c1,c5,1022,?,x2,
1768856898.580414,RECEIVED,8b739966-353d-4981-915b-a7fdd443f3d5,8f9deea7-14e5-4398-babd-3ae59ee45f4f,c3,c5,1584,e1,?,
1768856898.9444492,RECEIVED,4d5ecf60-2513-4890-a17b-1c26416a1258,04db76ab-f97f-4fb8-8d7c-5ad841c61e3a,c3,c5,1575,e3,?,
1768856899.0043368,SENT,8b739966-353d-4981-915b-a7fdd443f3d5,8f9deea7-14e5-4398-babd-3ae59ee45f4f,c3,c5,1116,?,x11,
1768856899.0043776,FORWARDED,8b739966-353d-4981-915b-a7fdd443f3d5,8f9deea7-14e5-4398-babd-3ae59ee45f4f,c3,c5,1116,?,x11,
1768856899.4305031,RECEIVED,6fa17615-1708-441e-bd5b-e2d856ed8a87,f24d8de2-1bf4-49b2-998c-70c53786714b,c1,c2,1583,e12,?,
1768856899.6662953,RECEIVED,129b9f35-acce-43eb-9f74-1b0c336b4045,20faae80-268d-4178-b151-5a7fdcee76b5,c5,c3,1584,e4,?,
1768856899.7084785,SENT,129b9f35-acce-43eb-9f74-1b0c336b4045,20faae80-268d-4178-b151-5a7fdcee76b5,c5,c3,1115,?,x6,
1768856899.708523,FORWARDED,129b9f35-acce-43eb-9f74-1b0c336b4045,20faae80-268d-4178-b151-5a7fdcee76b5,c5,c3,1115,?,x6,
1768856899.7367883,SENT,6fa17615-1708-441e-bd5b-e2d856ed8a87,f24d8de2-1bf4-49b2-998c-70c53786714b,c1,c2,1116,?,x2,
1768856899.73683,FORWARDED,6fa17615-1708-441e-bd5b-e2d856ed8a87,f24d8de2-1bf4-49b2-998c-70c53786714b,c1,c2,1116,?,x2,
1768856899.7636569,SENT,4d5ecf60-2513-4890-a17b-1c26416a1258,04db76ab-f97f-4fb8-8d7c-5ad841c61e3a,c3,c5,1110,?,x1,
1768856899.7636986,FORWARDED,4d5ecf60-2513-4890-a17b-1c26416a1258,04db76ab-f97f-4fb8-8d7c-5ad841c61e3a,c3,c5,1110,?,x1,
1768856900.734713,RECEIVED,e9fe76b4-6087-4b18-9706-2e3a53afc399,31b1891c-519a-47b7-97a9-cf29e0d85e57,c5,c3,1567,e8,?,
1768856901.0309174,RECEIVED,8a4b6100-04dd-4364-b1d7-d35951647bf6,973953c6-d918-4542-a8b2-02b9f2ebf784,c4,c5,1464,e1,?,
1768856901.1001065,RECEIVED,932b2f96-dbaa-46dc-a5ea-30d7964fc3fe,88a88eca-1716-4fb2-90dd-aeaea81b3290,c2,c1,1451,e2,?,
1768856901.1082733,SENT,e9fe76b4-6087-4b18-9706-2e3a53afc399,31b1891c-519a-47b7-97a9-cf29e0d85e57,c5,c3,1104,?,x2,
1768856901.1083167,FORWARDED,e9fe76b4-6087-4b18-9706-2e3a53afc399,31b1891c-519a-47b7-97a9-cf29e0d85e57,c5,c3,1104,?,x2,
1768856901.3562777,SENT,932b2f96-dbaa-46dc-a5ea-30d7964fc3fe,88a88eca-1716-4fb2-90dd-aeaea81b3290,c2,c1,1016,?,x3,
1768856901.3563192,FORWARDED,932b2f96-dbaa-46dc-a5ea-30d7964fc3fe,88a88eca-1716-4fb2-90dd-aeaea81b3290,c2,c1,1016,?,x3,
1768856901.8091109,RECEIVED,2e68ca0c-fdda-4970-b7ce-b9b5aebf7ce3,7173b9b4-dd5c-4465-9ba5-cdebc92c7942,c1,c5,1457,e10,?,
1768856901.8157356,SENT,8a4b6100-04dd-4364-b1d7-d35951647bf6,973953c6-d918-4542-a8b2-02b9f2ebf784,c4,c5,1024,?,x12,
1768856901.815777,FORWARDED,8a4b6100-04dd-4364-b1d7-d35951647bf6,973953c6-d918-4542-a8b2-02b9f2ebf784,c4,c5,1024,?,x12,
1768856901.9809654,RECEIVED,3df6776e-e6bc-4831-b9a6-d1bf180f8f06,90956e77-7457-4be9-93ef-890c0fcc2290,c3,c5,1459,e12,?,
1768856901.9998543,SENT,2e68ca0c-fdda-4970-b7ce-b9b5aebf7ce3,7173b9b4-dd5c-4465-9ba5-cdebc92c7942,c1,c5,1020,?,x10,
1768856901.999897,FORWARDED,2e68ca0c-fdda-4970-b7ce-b9b5aebf7ce3,7173b9b4-dd5c-4465-9ba5-cdebc92c7942,c1,c5,1020,?,x10,
1768856902.8260336,SENT,3df6776e-e6bc-4831-b9a6-d1bf180f8f06,90956e77-7457-4be9-93ef-890c0fcc2290,c3,c5,1023,?,x5,
1768856902.8260887,FORWARDED,3df6776e-e6bc-4831-b9a6-d1bf180f8f06,90956e77-7457-4be9-93ef-890c0fcc2290,c3,c5,1023,?,x5,
1768856903.2819734,RECEIVED,51011a03-55fd-44fc-ba96-e6cf3b63d3d2,8fba690d-cdcd-493d-8dc2-3fe3847b7cab,c5,c3,1448,e3,?,
1768856903.414546,RECEIVED,2791c5d6-7e01-4ee0-a5bb-db5adae05ff2,107f36d9-ff3b-4538-8162-649d0342d230,c1,DROP,1015,e1,?,
1768856903.4509807,SENT,51011a03-55fd-44fc-ba96-e6cf3b63d3d2,8fba690d-cdcd-493d-8dc2-3fe3847b7cab,c5,c3,1012,?,x5,
1768856903.4510236,FORWARDED,51011a03-55fd-44fc-ba96-e6cf3b63d3d2,8fba690d-cdcd-493d-8dc2-3fe3847b7cab,c5,c3,1012,?,x5,
1768856903.4731019,RECEIVED,07515697-de54-4d90-be2c-d9c03293adc2,cbd30a7a-dd14-4062-bbed-3f6ae4344fda,c3,c5,1580,e6,?,
1768856903.5661051,SENT,07515697-de54-4d90-be2c-d9c03293adc2,cbd30a7a-dd14-4062-bbed-3f6ae4344fda,c3,c5,1111,?,x9,
1768856903.5661492,FORWARDED,07515697-de54-4d90-be2c-d9c03293adc2,cbd30a7a-dd14-4062-bbed-3f6ae4344fda,c3,c5,1111,?,x9,
1768856903.8847232,RECEIVED,4cdc7e32-c6df-4029-abb4-ba1f7414419d,b002fd2b-2d4e-4589-b26e-33517384cbdf,c3,c5,1451,e11,?,
1768856904.0261965,SENT,2791c5d6-7e01-4ee0-a5bb-db5adae05ff2,107f36d9-ff3b-4538-8162-649d0342d230,c1,DROP,689,?,x4,
1768856904.0262382,FORWARDED,2791c5d6-7e01-4ee0-a5bb-db5adae05ff2,107f36d9-ff3b-4538-8162-649d0342d230,c1,DROP,689,?,x4,
1768856904.1994524,SENT,4cdc7e32-c6df-4029-abb4-ba1f7414419d,b002fd2b-2d4e-4589-b26e-33517384cbdf,c3,c5,1016,?,x9,
1768856904.1994953,FORWARDED,4cdc7e32-c6df-4029-abb4-ba1f7414419d,b002fd2b-2d4e-4589-b26e-33517384cbdf,c3,c5,1016,?,x9,
1768856904.8480916,RECEIVED,d8bb2a09-e894-4a41-97c2-34d681f3ed70,e529f329-1088-4625-ae7a-d5457b948458,c2,c1,1464,e11,?,
1768856904.9760783,RECEIVED,48331830-10b4-4064-b8f0-a968ed804c91,ddeed627-0aa8-4c75-97b0-96261cc2bd44,c1,c2,1587,e2,?,
1768856905.0320451,RECEIVED,e6946dc5-7e35-4ad7-bcbf-547bb1e0e70f,9bd16567-61f2-4b59-ae89-749e6237eaad,c1,DROP,442,x11,?,
1768856905.0386486,RECEIVED,c51dc153-2ada-439a-a21a-f1fcab642767,659975dd-aad9-4f72-9fa1-c378bab4557f,c3,c5,1583,e1,?,
1768856905.143024,RECEIVED,d06f5812-d77a-41a2-974c-a274027e00bd,8d9acfb4-4891-40ad-bb79-88f9e7b47d0e,c5,c4,1584,e2,?,
1768856905.2007656,RECEIVED,f717f19e-e789-47b5-ac7b-d6452d56db61,c60fbb01-74f0-42de-a2fb-fe0a98bb13a2,c4,c5,1447,e7,?,
1768856905.2331512,SENT,d06f5812-d77a-41a2-974c-a274027e00bd,8d9acfb4-4891-40ad-bb79-88f9e7b47d0e,c5,c4,1115,?,x1,
1768856905.233191,FORWARDED,d06f5812-d77a-41a2-974c-a274027e00bd,8d9acfb4-4891-40ad-bb79-88f9e7b47d0e,c5,c4,1115,?,x1,
1768856905.242561,SENT,48331830-10b4-4064-b8f0-a968ed804c91,ddeed627-0aa8-4c75-97b0-96261cc2bd44,c1,c2,1117,?,x5,
1768856905.2426038,FORWARDED,48331830-10b4-4064-b8f0-a968ed804c91,ddeed627-0aa8-4c75-97b0-96261cc2bd44,c1,c2,1117,?,x5,
1768856905.3293586,RECEIVED,44426755-1c38-4b69-867b-88637a7572ff,93e061f6-7f11-45d7-920f-c2f8663f15ef,c5,c3,1464,e6,?,
1768856905.3839164,RECEIVED,4ded7277-33a2-40b1-bbe1-6635852be7e9,d2ed1363-1efb-47f7-84de-d23112b4c39a,c1,c2,1587,e6,?,
1768856905.4051366,RECEIVED,80b32f32-622e-497e-9133-0a3d46622af4,c3694f56-e162-4c56-a6c1-884d514cd798,c3,c5,1444,e7,?,
1768856905.6137173,SENT,c51dc153-2ada-439a-a21a-f1fcab642767,659975dd-aad9-4f72-9fa1-c378bab4557f,c3,c5,1115,?,x5,
1768856905.6137688,FORWARDED,c51dc153-2ada-439a-a21a-f1fcab642767,659975dd-aad9-4f72-9fa1-c378bab4557f,c3,c5,1115,?,x5,
1768856905.6542175,SENT,80b32f32-622e-497e-9133-0a3d46622af4,c3694f56-e162-4c56-a6c1-884d514cd798,c3,c5,1010,?,x4,
1768856905.6542788,FORWARDED,80b32f32-622e-497e-9133-0a3d46622af4,c3694f56-e162-4c56-a6c1-884d514cd798,c3,c5,1010,?,x4,
1768856905.685077,RECEIVED,385d2bb9-39dc-4ec1-8c36-ba6bae884133,6084f327-ab6e-4f3c-86f5-8a9534bacc13,c2,c1,1462,e12,?,
1768856905.9031894,RECEIVED,b6e0b199-299f-490d-a73b-84e559fc166b,afd22fc5-2510-4a6a-a1f2-c60cfccc0f1d,c5,c1,1572,e4,?,
1768856905.9532542,RECEIVED,c4c891c1-3ef5-454d-81a1-61e8fe18cac7,e025e2cc-c0e3-42bf-913a-438c7b2e42c3,c1,c5,1447,e5,?,
1768856905.963916,SENT,4ded7277-33a2-40b1-bbe1-6635852be7e9,d2ed1363-1efb-47f7-84de-d23112b4c39a,c1,c2,1117,?,x5,
1768856905.9639583,FORWARDED,4ded7277-33a2-40b1-bbe1-6635852be7e9,d2ed1363-1efb-47f7-84de-d23112b4c39a,c1,c2,1117,?,x5,
1768856905.9911904,SENT,c4c891c1-3ef5-454d-81a1-61e8fe18cac7,e025e2cc-c0e3-42bf-913a-438c7b2e42c3,c1,c5,1012,?,x2,
1768856905.991233,FORWARDED,c4c891c1-3ef5-454d-81a1-61e8fe18cac7,e025e2cc-c0e3-42bf-913a-438c7b2e42c3,c1,c5,1012,?,x2,
1768856906.0764122,SENT,b6e0b199-299f-490d-a73b-84e559fc166b,afd22fc5-2510-4a6a-a1f2-c60cfccc0f1d,c5,c1,1107,?,x7,
1768856906.0764534,FORWARDED,b6e0b199-299f-490d-a73b-84e559fc166b,afd22fc5-2510-4a6a-a1f2-c60cfccc0f1d,c5,c1,1107,?,x7,
1768856906.0878386,RECEIVED,9cb63531-35d1-4e11-b255-7f9b89e1aed4,c3eaf252-3ea2-4b76-96f3-ec5923027f16,c1,c5,1463,e10,?,
1768856906.10969,RECEIVED,f8f3a7cd-fe34-4a63-ac27-4a45e2a5ea52,a07dc947-faf7-4659-900c-97d036c74f2c,c1,c2,1584,e3,?,
1768856906.1393151,SENT,d8bb2a09-e894-4a41-97c2-34d681f3ed70,e529f329-1088-4625-ae7a-d5457b948458,c2,c1,1024,?,x10,
1768856906.1393566,FORWARDED,d8bb2a09-e894-4a41-97c2-34d681f3ed70,e529f329-1088-4625-ae7a-d5457b948458,c2,c1,1024,?,x10,
1768856906.2813635,SENT,44426755-1c38-4b69-867b-88637a7572ff,93e061f6-7f11-45d7-920f-c2f8663f15ef,c5,c3,1024,?,x11,
1768856906.2814052,FORWARDED,44426755-1c38-4b69-867b-88637a7572ff,93e061f6-7f11-45d7-920f-c2f8663f15ef,c5,c3,1024,?,x11,
1768856906.42809,SENT,f717f19e-e789-47b5-ac7b-d6452d56db61,c60fbb01-74f0-42de-a2fb-fe0a98bb13a2,c4,c5,1012,?,x8,
1768856906.428132,FORWARDED,f717f19e-e789-47b5-ac7b-d6452d56db61,c60fbb01-74f0-42de-a2fb-fe0a98bb13a2,c4,c5,1012,?,x8,
1768856906.571286,RECEIVED,651a9cf5-787e-44d8-a105-80a00cf737ea,90aa9487-66b9-4e19-af01-3d6318502ef4,c1,c5,1447,e5,?,
1768856906.6053367,SENT,f8f3a7cd-fe34-4a63-ac27-4a45e2a5ea52,a07dc947-faf7-4659-900c-97d036c74f2c,c1,c2,1115,?,x1,
1768856906.605377,FORWARDED,f8f3a7cd-fe34-4a63-ac27-4a45e2a5ea52,a07dc947-faf7-4659-900c-97d036c74f2c,c1,c2,1115,?,x1,
1768856906.7174246,SENT,385d2bb9-39dc-4ec1-8c36-ba6bae884133,6084f327-ab6e-4f3c-86f5-8a9534bacc13,c2,c1,1024,?,x1,
1768856906.7174656,FORWARDED,385d2bb9-39dc-4ec1-8c36-ba6bae884133,6084f327-ab6e-4f3c-86f5-8a9534bacc13,c2,c1,1024,?,x1,
1768856906.7664542,RECEIVED,e2182f4b-efea-4d4a-a1c4-108076965805,99c4720c-d455-4af1-abb7-a5dd86eb00e5,c3,c5,1461,e10,?,
1768856906.8970714,RECEIVED,99c1f018-0545-486f-8dad-4bdd7b261ea7,70213ec2-4aef-4688-b898-6eaf5b3371a5,c2,c1,1456,e6,?,
1768856906.9309444,RECEIVED,0dc615f1-f5bc-47b0-a8ee-2f0bcdf13fa5,b8e04378-cd0d-43d9-9145-ca63dc60ab2a,c5,c3,1579,e5,?,
1768856906.9329789,SENT,e2182f4b-efea-4d4a-a1c4-108076965805,99c4720c-d455-4af1-abb7-a5dd86eb00e5,c3,c5,1023,?,x12,
1768856906.9330204,FORWARDED,e2182f4b-efea-4d4a-a1c4-108076965805,99c4720c-d455-4af1-abb7-a5dd86eb00e5,c3,c5,1023,?,x12,
1768856907.233303,RECEIVED,4d9f29a7-076f-4499-b852-fda586bba098,69233f60-0f4e-441b-a2e9-a001dfc0cde2,c1,DROP,1011,e12,?,
1768856907.3551912,SENT,0dc615f1-f5bc-47b0-a8ee-2f0bcdf13fa5,b8e04378-cd0d-43d9-9145-ca63dc60ab2a,c5,c3,1111,?,x2,
1768856907.355261,FORWARDED,0dc615f1-f5bc-47b0-a8ee-2f0bcdf13fa5,b8e04378-cd0d-43d9-9145-ca63dc60ab2a,c5,c3,1111,?,x2,
1768856907.401342,SENT,651a9cf5-787e-44d8-a105-80a00cf737ea,90aa9487-66b9-4e19-af01-3d6318502ef4,c1,c5,1012,?,x8,
1768856907.4013834,FORWARDED,651a9cf5-787e-44d8-a105-80a00cf737ea,90aa9487-66b9-4e19-af01-3d6318502ef4,c1,c5,1012,?,x8,
1768856907.5609136,SENT,99c1f018-0545-486f-8dad-4bdd7b261ea7,70213ec2-4aef-4688-b898-6eaf5b3371a5,c2,c1,1020,?,x12,
1768856907.5609503,FORWARDED,99c1f018-0545-486f-8dad-4bdd7b261ea7,70213ec2-4aef-4688-b898-6eaf5b3371a5,c2,c1,1020,?,x12,
1768856907.6667323,SENT,4d9f29a7-076f-4499-b852-fda586bba098,69233f60-0f4e-441b-a2e9-a001dfc0cde2,c1,DROP,687,?,x3,
1768856907.6667762,FORWARDED,4d9f29a7-076f-4499-b852-fda586bba098,69233f60-0f4e-441b-a2e9-a001dfc0cde2,c1,DROP,687,?,x3,
1768856907.6900816,RECEIVED,e02b1149-ac02-4cc5-8ff0-28e97f1c5eb3,80e5a1c3-682b-4976-8c5d-c801a1afbcc3,c5,c3,1460,e5,?,
1768856907.7093108,RECEIVED,c3527f1c-a965-421d-b80d-cb084a56b9a5,70c35b48-ffbd-418e-bead-c2dbc864d126,c5,DROP,1022,e12,?,
1768856907.7713192,SENT,c3527f1c-a965-421d-b80d-cb084a56b9a5,70c35b48-ffbd-418e-bead-c2dbc864d126,c5,DROP,691,?,x10,
1768856907.7713614,FORWARDED,c3527f1c-a965-421d-b80d-cb084a56b9a5,70c35b48-ffbd-418e-bead-c2dbc864d126,c5,DROP,691,?,x10,
1768856907.783875,RECEIVED,c1c43a70-5f20-4bb4-9505-8c7a6b151869,9f4a3c46-3344-4e96-b641-6d8b2ccefa13,c5,c3,1459,e7,?,
1768856907.83422,RECEIVED,01582e2c-38a1-4dd6-83bd-7e5e12199842,bea42c1c-96eb-445d-a701-db8dc2aa1ebe,c3,c5,1463,e12,?,
1768856907.9197133,RECEIVED,b7bd3fe1-bac8-4a77-a1f6-e2bb9d54f31b,2aa856cf-9da5-46e3-9070-511215bc0ab2,c3,c5,1455,e6,?,
1768856907.9916651,SENT,c1c43a70-5f20-4bb4-9505-8c7a6b151869,9f4a3c46-3344-4e96-b641-6d8b2ccefa13,c5,c3,1023,?,x2,
1768856907.991709,FORWARDED,c1c43a70-5f20-4bb4-9505-8c7a6b151869,9f4a3c46-3344-4e96-b641-6d8b2ccefa13,c5,c3,1023,?,x2,
1768856908.048491,SENT,01582e2c-38a1-4dd6-83bd-7e5e12199842,bea42c1c-96eb-445d-a701-db8dc2aa1ebe,c3,c5,1024,?,x6,
1768856908.048532,FORWARDED,01582e2c-38a1-4dd6-83bd-7e5e12199842,bea42c1c-96eb-445d-a701-db8dc2aa1ebe,c3,c5,1024,?,x6,
1768856908.1417456,SENT,e02b1149-ac02-4cc5-8ff0-28e97f1c5eb3,80e5a1c3-682b-4976-8c5d-c801a1afbcc3,c5,c3,1023,?,x4,
1768856908.1417868,FORWARDED,e02b1149-ac02-4cc5-8ff0-28e97f1c5eb3,80e5a1c3-682b-4976-8c5d-c801a1afbcc3,c5,c3,1023,?,x4,
1768856908.187423,SENT,9cb63531-35d1-4e11-b255-7f9b89e1aed4,c3eaf252-3ea2-4b76-96f3-ec5923027f16,c1,c5,1025,?,x5,
1768856908.1874657,FORWARDED,9cb63531-35d1-4e11-b255-7f9b89e1aed4,c3eaf252-3ea2-4b76-96f3-ec5923027f16,c1,c5,1025,?,x5,
1768856908.218118,RECEIVED,3ef4c9db-31cf-4e3e-9b72-44a2f6e180b4,376a49cd-c4e4-4c5c-bee4-294bb81e89b5,c5,c4,1566,e3,?,
1768856908.4247468,SENT,b7bd3fe1-bac8-4a77-a1f6-e2bb9d54f31b,2aa856cf-9da5-46e3-9070-511215bc0ab2,c3,c5,1020,?,x7,
1768856908.4247878,FORWARDED,b7bd3fe1-bac8-4a77-a1f6-e2bb9d54f31b,2aa856cf-9da5-46e3-9070-511215bc0ab2,c3,c5,1020,?,x7,
1768856908.744443,SENT,3ef4c9db-31cf-4e3e-9b72-44a2f6e180b4,376a49cd-c4e4-4c5c-bee4-294bb81e89b5,c5,c4,1103,?,x1,
1768856908.7444854,FORWARDED,3ef4c9db-31cf-4e3e-9b72-44a2f6e180b4,376a49cd-c4e4-4c5c-bee4-294bb81e89b5,c5,c4,1103,?,x1,
1768856908.9544592,RECEIVED,b0ab6253-9bd4-4094-bf4e-a7dab8e8725f,baece2ae-b32a-441e-953e-f41da47b136a,c1,c5,1458,e7,?,
1768856908.9620728,SENT,b0ab6253-9bd4-4094-bf4e-a7dab8e8725f,baece2ae-b32a-441e-953e-f41da47b136a,c1,c5,1019,?,x8,
1768856908.9621172,FORWARDED,b0ab6253-9bd4-4094-bf4e-a7dab8e8725f,baece2ae-b32a-441e-953e-f41da47b136a,c1,c5,1019,?,x8,
1768856908.974177,RECEIVED,123c49b3-c232-48c6-9dba-7a8726c76d16,1d21a1d8-3131-40c9-9749-9843ad140e06,c1,c2,1584,e4,?,
1768856909.1751232,SENT,123c49b3-c232-48c6-9dba-7a8726c76d16,1d21a1d8-3131-40c9-9749-9843ad140e06,c1,c2,1115,?,x4,
1768856909.1751642,FORWARDED,123c49b3-c232-48c6-9dba-7a8726c76d16,1d21a1d8-3131-40c9-9749-9843ad140e06,c1,c2,1115,?,x4,
1768856909.675224,RECEIVED,c1fb3a34-6147-4e52-9f8c-0e9afcb9e57f,c9f34a16-84f7-4ec2-b3d2-47f49f4c5d6c,c5,c1,1584,e3,?,
1768856909.7875423,SENT,c1fb3a34-6147-4e52-9f8c-0e9afcb9e57f,c9f34a16-84f7-4ec2-b3d2-47f49f4c5d6c,c5,c1,1116,?,x5,
1768856909.787586,FORWARDED,c1fb3a34-6147-4e52-9f8c-0e9afcb9e57f,c9f34a16-84f7-4ec2-b3d2-47f49f4c5d6c,c5,c1,1116,?,x5,
1768856910.2163749,RECEIVED,54144f80-845a-4a8e-8147-710baad7a745,0f531830-eaed-4b65-a086-15693531a39f,c4,c5,1463,e4,?,
1768856910.5350869,SENT,54144f80-845a-4a8e-8147-710baad7a745,0f531830-eaed-4b65-a086-15693531a39f,c4,c5,1024,?,x5,
1768856910.53513,FORWARDED,54144f80-845a-4a8e-8147-710baad7a745,0f531830-eaed-4b65-a086-15693531a39f,c4,c5,1024,?,x5,
1768856910.6589837,RECEIVED,cbd6e0d3-e293-4c00-b413-4c350851edf7,840c8647-6d2b-479b-bc91-50df3b408c0e,c3,c5,1455,e12,?,
1768856910.7471817,RECEIVED,b94cdf41-8507-4c61-a7ce-07bf9dba12df,6e8086f4-84bf-46f6-a17a-d82c5da1b490,c5,DROP,1020,e11,?,
1768856910.8293743,SENT,cbd6e0d3-e293-4c00-b413-4c350851edf7,840c8647-6d2b-479b-bc91-50df3b408c0e,c3,c5,1020,?,x5,
1768856910.8294163,FORWARDED,cbd6e0d3-e293-4c00-b413-4c350851edf7,840c8647-6d2b-479b-bc91-50df3b408c0e,c3,c5,1020,?,x5,
1768856911.1032941,RECEIVED,3fe76f26-5dc8-4e8a-9f2a-bfac7149220c,29bc32d0-006e-4bf0-8ee9-bf21174fe0c5,c5,c3,1584,e2,?,
1768856911.2001824,SENT,b94cdf41-8507-4c61-a7ce-07bf9dba12df,6e8086f4-84bf-46f6-a17a-d82c5da1b490,c5,DROP,691,?,x9,
1768856911.2002492,FORWARDED,b94cdf41-8507-4c61-a7ce-07bf9dba12df,6e8086f4-84bf-46f6-a17a-d82c5da1b490,c5,DROP,691,?,x9,
1768856911.2909598,RECEIVED,8285fd6b-e508-4379-9273-183716866e30,bec9c1a7-14b8-4bed-a071-05d19c5735fe,c1,c5,1447,e3,?,
1768856911.6545696,SENT,8285fd6b-e508-4379-9273-183716866e30,bec9c1a7-14b8-4bed-a071-05d19c5735fe,c1,c5,1012,?,x6,
1768856911.654611,FORWARDED,8285fd6b-e508-4379-9273-183716866e30,bec9c1a7-14b8-4bed-a071-05d19c5735fe,c1,c5,1012,?,x6,
1768856911.817289,SENT,3fe76f26-5dc8-4e8a-9f2a-bfac7149220c,29bc32d0-006e-4bf0-8ee9-bf21174fe0c5,c5,c3,1115,?,x10,
1768856911.81733,FORWARDED,3fe76f26-5dc8-4e8a-9f2a-bfac7149220c,29bc32d0-006e-4bf0-8ee9-bf21174fe0c5,c5,c3,1115,?,x10,
1768856912.022859,RECEIVED,181f7468-6420-4117-a138-2dfe07f3c704,ffa407b1-481f-4cc4-9880-1298d86407c2,c1,c5,1460,e11,?,
1768856912.207004,SENT,181f7468-6420-4117-a138-2dfe07f3c704,ffa407b1-481f-4cc4-9880-1298d86407c2,c1,c5,1023,?,x8,
1768856912.2071283,FORWARDED,181f7468-6420-4117-a138-2dfe07f3c704,ffa407b1-481f-4cc4-9880-1298d86407c2,c1,c5,1023,?,x8,
1768856912.7787402,RECEIVED,69a9750d-9933-4f7f-99d7-20f06c679f15,7d0df49b-4872-4d44-b0c9-b5eadf1c6a7d,c5,DROP,1016,e1,?,
1768856912.8768814,RECEIVED,eebc0aab-6430-4eda-8c29-c5d7695143a3,18db0e6d-e7df-4057-8bc2-02eb3c9d3510,c1,DROP,1010,e2,?,
1768856912.9186587,RECEIVED,13d209a1-ed5c-4576-8893-8a790ec62e50,d4c2ac6e-531c-4b40-894d-56f8124dd1c0,c3,c5,1583,e11,?,
1768856912.9956686,SENT,69a9750d-9933-4f7f-99d7-20f06c679f15,7d0df49b-4872-4d44-b0c9-b5eadf1c6a7d,c5,DROP,688,?,x4,
1768856912.995708,FORWARDED,69a9750d-9933-4f7f-99d7-20f06c679f15,7d0df49b-4872-4d44-b0c9-b5eadf1c6a7d,c5,DROP,688,?,x4,
1768856913.0737312,SENT,13d209a1-ed5c-4576-8893-8a790ec62e50,d4c2ac6e-531c-4b40-894d-56f8124dd1c0,c3,c5,1116,?,x3,
1768856913.0737712,FORWARDED,13d209a1-ed5c-4576-8893-8a790ec62e50,d4c2ac6e-531c-4b40-894d-56f8124dd1c0,c3,c5,1116,?,x3,
1768856913.3904402,RECEIVED,f9123f31-6035-4172-825e-1271002557c0,447a91f0-45b1-4d94-96c6-7ae718b533bf,c2,c1,1461,e2,?,
1768856913.4143724,RECEIVED,c986acb7-8f02-4bcd-88b9-82c9226aa692,9ab0bf40-a25d-4585-afd5-86d73ad7fc37,c3,c5,1457,e6,?,
1768856913.4756074,SENT,f9123f31-6035-4172-825e-1271002557c0,447a91f0-45b1-4d94-96c6-7ae718b533bf,c2,c1,1022,?,x11,
1768856913.4756465,FORWARDED,f9123f31-6035-4172-825e-1271002557c0,447a91f0-45b1-4d94-96c6-7ae718b533bf,c2,c1,1022,?,x11,
1768856913.4827456,SENT,c986acb7-8f02-4bcd-88b9-82c9226aa692,9ab0bf40-a25d-4585-afd5-86d73ad7fc37,c3,c5,1020,?,x12,
1768856913.482789,FORWARDED,c986acb7-8f02-4bcd-88b9-82c9226aa692,9ab0bf40-a25d-4585-afd5-86d73ad7fc37,c3,c5,1020,?,x12,
1768856913.5464554,RECEIVED,a035c438-8190-4271-9190-f000cee9cfc6,b5e6ef2c-298a-4232-b404-0f15078b4db9,c5,c3,1443,e7,?,
1768856913.9588718,RECEIVED,e93fab0e-a4b5-420d-a8e2-3f021fcf9b4e,0b04fb87-af9b-41b5-88e4-6d15538bc60b,c3,c5,1460,e11,?,
1768856914.0361924,SENT,a035c438-8190-4271-9190-f000cee9cfc6,b5e6ef2c-298a-4232-b404-0f15078b4db9,c5,c3,1011,?,x6,
1768856914.0362341,FORWARDED,a035c438-8190-4271-9190-f000cee9cfc6,b5e6ef2c-298a-4232-b404-0f15078b4db9,c5,c3,1011,?,x6,
1768856914.0851157,RECEIVED,324c451f-57f9-4f12-8eab-d6ae0b8b4849,6eac7c0c-0d6e-4544-b50b-75e6010384e0,c3,DROP,439,x7,?,
1768856914.0932403,RECEIVED,2b80657e-86bb-4b6c-bb6f-b017dfbe0f70,d2de9d5c-eb4c-4e79-bd68-bdbfabfd3125,c3,c5,1455,e12,?,
1768856914.2370014,RECEIVED,96b980ea-ef00-4201-b62d-3c278929869a,eb2a23e0-3b6d-4c2f-af4d-99d2abf5f3a9,c5,c3,1583,e4,?,
1768856914.3176792,SENT,e93fab0e-a4b5-420d-a8e2-3f021fcf9b4e,0b04fb87-af9b-41b5-88e4-6d15538bc60b,c3,c5,1023,?,x3,
1768856914.3177216,FORWARDED,e93fab0e-a4b5-420d-a8e2-3f021fcf9b4e,0b04fb87-af9b-41b5-88e4-6d15538bc60b,c3,c5,1023,?,x3,
1768856914.4984114,SENT,eebc0aab-6430-4eda-8c29-c5d7695143a3,18db0e6d-e7df-4057-8bc2-02eb3c9d3510,c1,DROP,687,?,x5,
1768856914.4984596,FORWARDED,eebc0aab-6430-4eda-8c29-c5d7695143a3,18db0e6d-e7df-4057-8bc2-02eb3c9d3510,c1,DROP,687,?,x5,
1768856914.5928965,RECEIVED,0232259b-d3b8-4da6-baac-02b9f0bf905b,8d840a58-503f-4fb3-b15c-72542c4b7671,c1,c5,1456,e1,?,
1768856914.6861012,SENT,2b80657e-86bb-4b6c-bb6f-b017dfbe0f70,d2de9d5c-eb4c-4e79-bd68-bdbfabfd3125,c3,c5,1020,?,x9,
1768856914.686245,FORWARDED,2b80657e-86bb-4b6c-bb6f-b017dfbe0f70,d2de9d5c-eb4c-4e79-bd68-bdbfabfd3125,c3,c5,1020,?,x9,
1768856915.2939377,SENT,96b980ea-ef00-4201-b62d-3c278929869a,eb2a23e0-3b6d-4c2f-af4d-99d2abf5f3a9,c5,c3,1115,?,x10,
1768856915.2939792,FORWARDED,96b980ea-ef00-4201-b62d-3c278929869a,eb2a23e0-3b6d-4c2f-af4d-99d2abf5f3a9,c5,c3,1115,?,x10,
1768856915.2952352,RECEIVED,66a23b4e-3326-4dd2-a915-158d2358b663,2435eb0e-3111-43d1-95b9-fa63d0b3392a,c1,c2,1582,e6,?,
1768856915.5581534,SENT,0232259b-d3b8-4da6-baac-02b9f0bf905b,8d840a58-503f-4fb3-b15c-72542c4b7671,c1,c5,1019,?,x10,
1768856915.558197,FORWARDED,0232259b-d3b8-4da6-baac-02b9f0bf905b,8d840a58-503f-4fb3-b15c-72542c4b7671,c1,c5,1019,?,x10,
1768856915.5921671,RECEIVED,780993e2-b21b-4771-af07-3af2667ff096,6546306a-2970-4db3-8b51-3b966aa65ad6,c5,c3,1456,e12,?,
1768856915.789483,RECEIVED,205ecaca-72e1-470a-9cfe-5fb9abdad22a,9b6bf0a3-de1b-48b2-aacb-0f6446e77f89,c5,c4,1584,e2,?,
1768856915.798539,SENT,780993e2-b21b-4771-af07-3af2667ff096,6546306a-2970-4db3-8b51-3b966aa65ad6,c5,c3,1020,?,x7,
1768856915.7985814,FORWARDED,780993e2-b21b-4771-af07-3af2667ff096,6546306a-2970-4db3-8b51-3b966aa65ad6,c5,c3,1020,?,x7,
1768856915.928441,SENT,205ecaca-72e1-470a-9cfe-5fb9abdad22a,9b6bf0a3-de1b-48b2-aacb-0f6446e77f89,c5,c4,1115,?,x5,
1768856915.9284887,FORWARDED,205ecaca-72e1-470a-9cfe-5fb9abdad22a,9b6bf0a3-de1b-48b2-aacb-0f6446e77f89,c5,c4,1115,?,x5,
1768856916.0362284,RECEIVED,775e5fd3-e203-4a2a-920a-0bc2d3aab628,39293197-8d41-43cd-9287-6704ea535cdf,c2,DROP,1008,e6,?,
1768856916.5296266,SENT,775e5fd3-e203-4a2a-920a-0bc2d3aab628,39293197-8d41-43cd-9287-6704ea535cdf,c2,DROP,684,?,x6,
1768856916.5296726,FORWARDED,775e5fd3-e203-4a2a-920a-0bc2d3aab628,39293197-8d41-43cd-9287-6704ea535cdf,c2,DROP,684,?,x6,
1768856916.7845197,SENT,66a23b4e-3326-4dd2-a915-158d2358b663,2435eb0e-3111-43d1-95b9-fa63d0b3392a,c1,c2,1115,?,x1,
1768856916.7845652,FORWARDED,66a23b4e-3326-4dd2-a915-158d2358b663,2435eb0e-3111-43d1-95b9-fa63d0b3392a,c1,c2,1115,?,x1,
1768856917.748543,RECEIVED,78bae316-5a5f-4b2b-8432-8cc044d70a2e,0190d7c0-6d10-4402-a74e-fc97b783c8fd,c3,DROP,441,x8,?,
1768856917.8682656,RECEIVED,d3fa5113-52a5-4357-a3de-88e1e9c23d6f,e8e91f4a-eb54-49f7-a216-17341832fad1,c3,c5,1461,e4,?,
1768856917.875979,RECEIVED,88a39102-0f29-4799-8b6d-43dd419f3572,10d92e82-0e49-43d1-9763-009c0a254d4e,c3,c5,1456,e12,?,
1768856918.0258472,RECEIVED,5c60a890-c918-4713-91ad-c1937fa09ce6,eef1f6a4-a34d-4697-8021-d5405cfa3b36,c3,c5,1568,e7,?,
1768856918.1680167,RECEIVED,5d9078a6-7556-4708-8b9c-750037096f21,f421f512-9263-4ce9-acf2-66797ecc3704,c5,c4,1583,e12,?,
1768856918.2534907,SENT,5c60a890-c918-4713-91ad-c1937fa09ce6,eef1f6a4-a34d-4697-8021-d5405cfa3b36,c3,c5,1102,?,x3,
1768856918.253531,FORWARDED,5c60a890-c918-4713-91ad-c1937fa09ce6,eef1f6a4-a34d-4697-8021-d5405cfa3b36,c3,c5,1102,?,x3,
1768856918.2725487,SENT,d3fa5113-52a5-4357-a3de-88e1e9c23d6f,e8e91f4a-eb54-49f7-a216-17341832fad1,c3,c5,1022,?,x11,
1768856918.2725906,FORWARDED,d3fa5113-52a5-4357-a3de-88e1e9c23d6f,e8e91f4a-eb54-49f7-a216-17341832fad1,c3,c5,1022,?,x11,
1768856918.333279,SENT,88a39102-0f29-4799-8b6d-43dd419f3572,10d92e82-0e49-43d1-9763-009c0a254d4e,c3,c5,1019,?,x4,
1768856918.3333364,FORWARDED,88a39102-0f29-4799-8b6d-43dd419f3572,10d92e82-0e49-43d1-9763-009c0a254d4e,c3,c5,1019,?,x4,
1768856918.477793,RECEIVED,d9c0446f-3e6f-421a-921c-c18b6205a373,9a2ff20e-6f06-41f5-a426-73edd3e14d52,c3,c5,1456,e2,?,
1768856918.534781,SENT,d9c0446f-3e6f-421a-921c-c18b6205a373,9a2ff20e-6f06-41f5-a426-73edd3e14d52,c3,c5,1019,?,x9,
1768856918.5348203,FORWARDED,d9c0446f-3e6f-421a-921c-c18b6205a373,9a2ff20e-6f06-41f5-a426-73edd3e14d52,c3,c5,1019,?,x9,
1768856919.167946,RECEIVED,2bbb8d10-7695-42de-bd03-b962d027223d,a59683f1-9c03-4b41-b9cc-b0cbd382e7c9,c1,c5,1455,e6,?,
1768856919.3288658,SENT,2bbb8d10-7695-42de-bd03-b962d027223d,a59683f1-9c03-4b41-b9cc-b0cbd382e7c9,c1,c5,1019,?,x5,
1768856919.3289075,FORWARDED,2bbb8d10-7695-42de-bd03-b962d027223d,a59683f1-9c03-4b41-b9cc-b0cbd382e7c9,c1,c5,1019,?,x5,
1768856919.7036827,RECEIVED,b5b393d7-c9df-42ef-b652-4982472e3b69,bdcf4302-631a-40e5-baf0-36f5227dabf0,c5,c3,1587,e8,?,
1768856919.7341719,SENT,b5b393d7-c9df-42ef-b652-4982472e3b69,bdcf4302-631a-40e5-baf0-36f5227dabf0,c5,c3,1115,?,x12,
1768856919.7343297,FORWARDED,b5b393d7-c9df-42ef-b652-4982472e3b69,bdcf4302-631a-40e5-baf0-36f5227dabf0,c5,c3,1115,?,x12,
1768856919.7473795,RECEIVED,c217a300-25e9-4001-919a-5a00abf6cf56,faaa5f55-eeda-4cbc-a3ec-d8070a2b849a,c5,c1,1584,e6,?,
1768856919.8227427,SENT,5d9078a6-7556-4708-8b9c-750037096f21,f421f512-9263-4ce9-acf2-66797ecc3704,c5,c4,1116,?,x2,
1768856919.8227866,FORWARDED,5d9078a6-7556-4708-8b9c-750037096f21,f421f512-9263-4ce9-acf2-66797ecc3704,c5,c4,1116,?,x2,
1768856920.021946,RECEIVED,c736cf43-494d-4723-b9f0-f0683660cf3f,78bdba36-7576-4aad-b908-85cb39b1b170,c5,c3,1459,e2,?,
1768856920.7048085,SENT,c736cf43-494d-4723-b9f0-f0683660cf3f,78bdba36-7576-4aad-b908-85cb39b1b170,c5,c3,1022,?,x6,
1768856920.7048504,FORWARDED,c736cf43-494d-4723-b9f0-f0683660cf3f,78bdba36-7576-4aad-b908-85cb39b1b170,c5,c3,1022,?,x6,
1768856920.7333114,SENT,c217a300-25e9-4001-919a-5a00abf6cf56,faaa5f55-eeda-4cbc-a3ec-d8070a2b849a,c5,c1,1116,?,x12,
1768856920.7333531,FORWARDED,c217a300-25e9-4001-919a-5a00abf6cf56,faaa5f55-eeda-4cbc-a3ec-d8070a2b849a,c5,c1,1116,?,x12,
1768856921.287768,RECEIVED,6036d654-dd5c-489a-b47f-35d734608f01,d248d1fe-8cbe-4702-8d29-efeca9072daa,c5,c4,1571,e6,?,
1768856922.0010936,RECEIVED,94320056-fdd9-4db4-8450-f707f2d18374,ae0634b2-e228-4bd9-8485-4c53b3640d3d,c1,c2,1571,e1,?,
1768856922.0838196,SENT,6036d654-dd5c-489a-b47f-35d734608f01,d248d1fe-8cbe-4702-8d29-efeca9072daa,c5,c4,1107,?,x9,
1768856922.0838606,FORWARDED,6036d654-dd5c-489a-b47f-35d734608f01,d248d1fe-8cbe-4702-8d29-efeca9072daa,c5,c4,1107,?,x9,
1768856922.385458,RECEIVED,d7aa7f94-c586-493f-8ce9-0663a1399b02,07a69b0c-613a-47a8-b0c2-42afe4fbe7c6,c5,c1,1585,e12,?,
1768856922.486592,SENT,d7aa7f94-c586-493f-8ce9-0663a1399b02,07a69b0c-613a-47a8-b0c2-42afe4fbe7c6,c5,c1,1116,?,x4,
1768856922.4866273,FORWARDED,d7aa7f94-c586-493f-8ce9-0663a1399b02,07a69b0c-613a-47a8-b0c2-42afe4fbe7c6,c5,c1,1116,?,x4,
1768856922.5019155,RECEIVED,a7913725-82f3-4ebf-a42f-f667ddc17a10,400b39e2-5268-4e2e-9089-c83cf6c009a0,c4,DROP,1012,e7,?,
1768856922.6029778,SENT,94320056-fdd9-4db4-8450-f707f2d18374,ae0634b2-e228-4bd9-8485-4c53b3640d3d,c1,c2,1107,?,x5,
1768856922.6030202,FORWARDED,94320056-fdd9-4db4-8450-f707f2d18374,ae0634b2-e228-4bd9-8485-4c53b3640d3d,c1,c2,1107,?,x5,
1768856922.6984513,RECEIVED,eb3dd222-6824-4146-bd9c-990e97763fb8,a18ecdc1-6083-44bc-9269-938876bf2f57,c3,c5,1587,e12,?,
1768856922.7144527,RECEIVED,9acad2c4-12ac-4cb5-9919-7609abb693be,091ad21e-fb75-42f4-ab2a-bf7523964732,c5,c3,1461,e7,?,
1768856922.805769,SENT,9acad2c4-12ac-4cb5-9919-7609abb693be,091ad21e-fb75-42f4-ab2a-bf7523964732,c5,c3,1022,?,x3,
1768856922.8058097,FORWARDED,9acad2c4-12ac-4cb5-9919-7609abb693be,091ad21e-fb75-42f4-ab2a-bf7523964732,c5,c3,1022,?,x3,
1768856922.8067095,RECEIVED,90ca9b7c-9d9f-4961-9cf1-648104b10d70,795c585e-842e-429d-9d63-10f61d7ceafc,c2,c1,1465,e11,?,
1768856922.9088438,SENT,90ca9b7c-9d9f-4961-9cf1-648104b10d70,795c585e-842e-429d-9d63-10f61d7ceafc,c2,c1,1024,?,x12,
1768856922.9088883,FORWARDED,90ca9b7c-9d9f-4961-9cf1-648104b10d70,795c585e-842e-429d-9d63-10f61d7ceafc,c2,c1,1024,?,x12,
1768856922.9913538,RECEIVED,4f63474d-72cc-48c9-8244-7a2ef9c6d3e3,a78ec37f-6dc3-4524-8f75-ec37ade66f55,c3,c5,1455,e4,?,
1768856923.0694377,SENT,eb3dd222-6824-4146-bd9c-990e97763fb8,a18ecdc1-6083-44bc-9269-938876bf2f57,c3,c5,1117,?,x9,
1768856923.069477,FORWARDED,eb3dd222-6824-4146-bd9c-990e97763fb8,a18ecdc1-6083-44bc-9269-938876bf2f57,c3,c5,1117,?,x9,
1768856923.2478614,SENT,a7913725-82f3-4ebf-a42f-f667ddc17a10,400b39e2-5268-4e2e-9089-c83cf6c009a0,c4,DROP,685,?,x10,
1768856923.2479026,FORWARDED,a7913725-82f3-4ebf-a42f-f667ddc17a10,400b39e2-5268-4e2e-9089-c83cf6c009a0,c4,DROP,685,?,x10,
1768856923.309959,RECEIVED,6ca51128-e71f-4bf7-8eb3-37bfe00e67ec,a1acffd9-9732-46f9-9d34-08f08544e3b3,c5,c4,1584,e10,?,
1768856923.3498044,SENT,6ca51128-e71f-4bf7-8eb3-37bfe00e67ec,a1acffd9-9732-46f9-9d34-08f08544e3b3,c5,c4,1115,?,x7,
1768856923.3498452,FORWARDED,6ca51128-e71f-4bf7-8eb3-37bfe00e67ec,a1acffd9-9732-46f9-9d34-08f08544e3b3,c5,c4,1115,?,x7,
1768856923.895534,SENT,4f63474d-72cc-48c9-8244-7a2ef9c6d3e3,a78ec37f-6dc3-4524-8f75-ec37ade66f55,c3,c5,1020,?,x5,
1768856923.8955767,FORWARDED,4f63474d-72cc-48c9-8244-7a2ef9c6d3e3,a78ec37f-6dc3-4524-8f75-ec37ade66f55,c3,c5,1020,?,x5,
1768856923.9133754,RECEIVED,4ac0e937-55bb-45d1-a552-483a0f30296c,fe5c64ea-8e9b-4db7-b9d2-44331ee139b3,c2,DROP,1019,e4,?,
1768856924.016929,RECEIVED,801b51ba-828f-4a50-b264-d5cc2d6840e8,1f1b11ad-8990-4752-b499-96d15b4d43c9,c4,DROP,1016,e12,?,
1768856924.4802306,SENT,4ac0e937-55bb-45d1-a552-483a0f30296c,fe5c64ea-8e9b-4db7-b9d2-44331ee139b3,c2,DROP,692,?,x7,
1768856924.4802697,FORWARDED,4ac0e937-55bb-45d1-a552-483a0f30296c,fe5c64ea-8e9b-4db7-b9d2-44331ee139b3,c2,DROP,692,?,x7,
1768856924.4977381,RECEIVED,170475d3-b8af-4b05-80aa-8e95883fbcb3,a2d59e14-367f-44a8-a3ab-8ee0c0d04963,c3,c5,1583,e12,?,
1768856924.6572537,SENT,801b51ba-828f-4a50-b264-d5cc2d6840e8,1f1b11ad-8990-4752-b499-96d15b4d43c9,c4,DROP,688,?,x10,
1768856924.657295,FORWARDED,801b51ba-828f-4a50-b264-d5cc2d6840e8,1f1b11ad-8990-4752-b499-96d15b4d43c9,c4,DROP,688,?,x10,
1768856924.9173837,RECEIVED,87413b26-db59-4377-9f66-5a1bd113bdcb,b5a7c195-4913-4fb3-9ef7-a75d001d2de4,c4,c5,1449,e7,?,
1768856924.959771,SENT,87413b26-db59-4377-9f66-5a1bd113bdcb,b5a7c195-4913-4fb3-9ef7-a75d001d2de4,c4,c5,1012,?,x9,
1768856924.959813,FORWARDED,87413b26-db59-4377-9f66-5a1bd113bdcb,b5a7c195-4913-4fb3-9ef7-a75d001d2de4,c4,c5,1012,?,x9,
1768856925.131386,RECEIVED,a3544e5c-5916-4ced-af9d-0baf78708ed0,91fcaf2b-efa6-45f1-9574-710ff103e0de,c4,c5,1456,e2,?,
1768856925.1392558,RECEIVED,2ccae65f-ab3e-4aac-895d-1035fb432a3a,9abb45c2-653c-4d9c-9e93-b987797e1f05,c2,c1,1452,e1,?,
1768856925.1984549,SENT,2ccae65f-ab3e-4aac-895d-1035fb432a3a,9abb45c2-653c-4d9c-9e93-b987797e1f05,c2,c1,1015,?,x6,
1768856925.1984982,FORWARDED,2ccae65f-ab3e-4aac-895d-1035fb432a3a,9abb45c2-653c-4d9c-9e93-b987797e1f05,c2,c1,1015,?,x6,
1768856925.2013757,RECEIVED,0f6049a2-2b66-43d4-b9f0-9c0fb98cf8f4,f8e491e5-d265-49fd-ae5c-061ec7cdbafc,c1,c5,1448,e8,?,
1768856925.2098892,SENT,170475d3-b8af-4b05-80aa-8e95883fbcb3,a2d59e14-367f-44a8-a3ab-8ee0c0d04963,c3,c5,1115,?,x2,
1768856925.2099414,FORWARDED,170475d3-b8af-4b05-80aa-8e95883fbcb3,a2d59e14-367f-44a8-a3ab-8ee0c0d04963,c3,c5,1115,?,x2,
1768856925.2145321,SENT,a3544e5c-5916-4ced-af9d-0baf78708ed0,91fcaf2b-efa6-45f1-9574-710ff103e0de,c4,c5,1019,?,x8,
1768856925.2145724,FORWARDED,a3544e5c-5916-4ced-af9d-0baf78708ed0,91fcaf2b-efa6-45f1-9574-710ff103e0de,c4,c5,1019,?,x8,
1768856925.2378657,RECEIVED,9946fccb-dff0-4bd6-aa67-9feb25b968c8,831f59f6-0679-4fc6-be2d-638e1bb73db3,c3,c5,1464,e5,?,
1768856925.5725422,SENT,9946fccb-dff0-4bd6-aa67-9feb25b968c8,831f59f6-0679-4fc6-be2d-638e1bb73db3,c3,c5,1025,?,x10,
1768856925.572584,FORWARDED,9946fccb-dff0-4bd6-aa67-9feb25b968c8,831f59f6-0679-4fc6-be2d-638e1bb73db3,c3,c5,1025,?,x10,
1768856925.73328,SENT,0f6049a2-2b66-43d4-b9f0-9c0fb98cf8f4,f8e491e5-d265-49fd-ae5c-061ec7cdbafc,c1,c5,1014,?,x11,
1768856925.733324,FORWARDED,0f6049a2-2b66-43d4-b9f0-9c0fb98cf8f4,f8e491e5-d265-49fd-ae5c-061ec7cdbafc,c1,c5,1014,?,x11,
1768856925.897859,RECEIVED,bb67c9ed-17be-4139-83c7-87eb63dcde1f,a2152c6f-c4e4-420a-9b19-778b47d6df18,c3,c5,1455,e5,?,
1768856926.0672088,RECEIVED,2c392714-a8df-4be5-8e1c-e00894ae1d14,886902b0-77d6-4918-9bac-e3a3230a6585,c5,c3,1583,e3,?,
1768856926.5248342,SENT,bb67c9ed-17be-4139-83c7-87eb63dcde1f,a2152c6f-c4e4-420a-9b19-778b47d6df18,c3,c5,1019,?,x3,
1768856926.5248775,FORWARDED,bb67c9ed-17be-4139-83c7-87eb63dcde1f,a2152c6f-c4e4-420a-9b19-778b47d6df18,c3,c5,1019,?,x3,
1768856926.9072716,RECEIVED,ce6edbe0-1e5c-41a9-bfca-2c032660c769,85cbf5ef-76f9-4474-aeff-b457fd0aad06,c5,c3,1451,e5,?,
1768856927.1433485,RECEIVED,7e85a2db-6e16-444c-857b-a2c0a0470199,99a028bc-db73-47ed-9c0c-a50d16e37e69,c5,c3,1584,e2,?,
1768856927.2500181,SENT,7e85a2db-6e16-444c-857b-a2c0a0470199,99a028bc-db73-47ed-9c0c-a50d16e37e69,c5,c3,1115,?,x8,
1768856927.250101,FORWARDED,7e85a2db-6e16-444c-857b-a2c0a0470199,99a028bc-db73-47ed-9c0c-a50d16e37e69,c5,c3,1115,?,x8,
1768856927.261918,RECEIVED,ecea496b-c5d6-4213-b554-e960605e0169,c64a612a-a79b-4090-8959-ae558d98b4bb,c1,c5,1463,e3,?,
1768856927.356637,SENT,2c392714-a8df-4be5-8e1c-e00894ae1d14,886902b0-77d6-4918-9bac-e3a3230a6585,c5,c3,1115,?,x3,
1768856927.35668,FORWARDED,2c392714-a8df-4be5-8e1c-e00894ae1d14,886902b0-77d6-4918-9bac-e3a3230a6585,c5,c3,1115,?,x3,
1768856927.4009044,RECEIVED,5010b7f6-8237-4842-a53e-0dc996bf2846,0d380d62-af1d-4b42-b920-f6d92f67a8a3,c2,c1,1455,e2,?,
1768856927.592596,SENT,ce6edbe0-1e5c-41a9-bfca-2c032660c769,85cbf5ef-76f9-4474-aeff-b457fd0aad06,c5,c3,1017,?,x1,
1768856927.5926354,FORWARDED,ce6edbe0-1e5c-41a9-bfca-2c032660c769,85cbf5ef-76f9-4474-aeff-b457fd0aad06,c5,c3,1017,?,x1,
1768856927.8767312,SENT,ecea496b-c5d6-4213-b554-e960605e0169,c64a612a-a79b-4090-8959-ae558d98b4bb,c1,c5,1024,?,x8,
1768856927.876777,FORWARDED,ecea496b-c5d6-4213-b554-e960605e0169,c64a612a-a79b-4090-8959-ae558d98b4bb,c1,c5,1024,?,x8,
1768856928.0511086,SENT,5010b7f6-8237-4842-a53e-0dc996bf2846,0d380d62-af1d-4b42-b920-f6d92f67a8a3,c2,c1,1020,?,x11,
1768856928.0514898,FORWARDED,5010b7f6-8237-4842-a53e-0dc996bf2846,0d380d62-af1d-4b42-b920-f6d92f67a8a3,c2,c1,1020,?,x11,
1768856928.0521295,RECEIVED,73beb541-4c78-4fa4-99f1-d57b089559c5,72fe936b-bda3-427e-9779-2f2d4b5a6578,c1,c2,1586,e3,?,
1768856928.068214,SENT,73beb541-4c78-4fa4-99f1-d57b089559c5,72fe936b-bda3-427e-9779-2f2d4b5a6578,c1,c2,1116,?,x11,
1768856928.068255,FORWARDED,73beb541-4c78-4fa4-99f1-d57b089559c5,72fe936b-bda3-427e-9779-2f2d4b5a6578,c1,c2,1116,?,x11,
1768856928.2895591,RECEIVED,8593a8ca-78a5-496f-b895-fee4a05a6ad5,53fa8230-ef4a-4d22-87f1-f319018c725a,c2,c1,1452,e3,?,
1768856928.3346686,RECEIVED,9fc74ce1-a3e0-469c-8c44-9b0b286d5d18,a7d7e410-ab5c-4bd9-b7d1-882bfbe97069,c5,c3,1461,e12,?,
1768856928.3960981,SENT,9fc74ce1-a3e0-469c-8c44-9b0b286d5d18,a7d7e410-ab5c-4bd9-b7d1-882bfbe97069,c5,c3,1023,?,x7,
1768856928.396145,FORWARDED,9fc74ce1-a3e0-469c-8c44-9b0b286d5d18,a7d7e410-ab5c-4bd9-b7d1-882bfbe97069,c5,c3,1023,?,x7,
1768856928.524818,SENT,8593a8ca-78a5-496f-b895-fee4a05a6ad5,53fa8230-ef4a-4d22-87f1-f319018c725a,c2,c1,1015,?,x7,
1768856928.5248551,FORWARDED,8593a8ca-78a5-496f-b895-fee4a05a6ad5,53fa8230-ef4a-4d22-87f1-f319018c725a,c2,c1,1015,?,x7,
1768856928.6534598,RECEIVED,62c0be03-e95e-4c42-abdb-97f8e8a39945,7e4cf3df-a691-4226-9dde-8aba6a00705c,c2,c1,1444,e7,?,
1768856928.690548,RECEIVED,34b9732a-ad89-4e0d-8988-d36b625a9fa2,f941f644-0f63-49b6-927c-a71e499aef1c,c1,c2,1583,e7,?,
1768856928.809742,RECEIVED,31977f05-3971-4229-b4c3-707d628fd6c1,ca7ce5bc-ad54-4609-875e-525d53823442,c1,c5,1455,e11,?,
1768856928.8819845,RECEIVED,f216aac5-c728-4044-976a-116e417d2156,a05e8900-958a-403e-a31b-a235618f74e7,c5,c3,1459,e6,?,
1768856929.0394711,RECEIVED,b00108f0-b5a5-42da-a6df-75b1b52a6248,08bd6981-3428-42d0-bc36-413305a0331c,c1,c2,1584,e2,?,
1768856929.0958545,SENT,b00108f0-b5a5-42da-a6df-75b1b52a6248,08bd6981-3428-42d0-bc36-413305a0331c,c1,c2,1115,?,x4,
1768856929.095898,FORWARDED,b00108f0-b5a5-42da-a6df-75b1b52a6248,08bd6981-3428-42d0-bc36-413305a0331c,c1,c2,1115,?,x4,
1768856929.1488354,SENT,62c0be03-e95e-4c42-abdb-97f8e8a39945,7e4cf3df-a691-4226-9dde-8aba6a00705c,c2,c1,1011,?,x9,
1768856929.1488776,FORWARDED,62c0be03-e95e-4c42-abdb-97f8e8a39945,7e4cf3df-a691-4226-9dde-8aba6a00705c,c2,c1,1011,?,x9,
1768856929.1771002,SENT,31977f05-3971-4229-b4c3-707d628fd6c1,ca7ce5bc-ad54-4609-875e-525d53823442,c1,c5,1019,?,x6,
1768856929.1771529,FORWARDED,31977f05-3971-4229-b4c3-707d628fd6c1,ca7ce5bc-ad54-4609-875e-525d53823442,c1,c5,1019,?,x6,
1768856929.343984,RECEIVED,be3666a1-5446-4d26-859a-2a30589003e2,ae18da69-dbb9-4f18-aa0f-45892578aa75,c5,c3,1584,e4,?,
1768856929.4818342,RECEIVED,e604e9e3-2b58-43da-a3fa-9e791228d1f3,f93ad3ed-79db-4c5e-8374-a1de9643a3d1,c1,c5,1460,e2,?,
1768856929.4835477,SENT,f216aac5-c728-4044-976a-116e417d2156,a05e8900-958a-403e-a31b-a235618f74e7,c5,c3,1023,?,x9,
1768856929.4835885,FORWARDED,f216aac5-c728-4044-976a-116e417d2156,a05e8900-958a-403e-a31b-a235618f74e7,c5,c3,1023,?,x9,
1768856929.7839942,SENT,be3666a1-5446-4d26-859a-2a30589003e2,ae18da69-dbb9-4f18-aa0f-45892578aa75,c5,c3,1116,?,x10,
1768856929.784036,FORWARDED,be3666a1-5446-4d26-859a-2a30589003e2,ae18da69-dbb9-4f18-aa0f-45892578aa75,c5,c3,1116,?,x10,
1768856930.0199811,RECEIVED,02d60f56-93fd-450c-b3e9-96f11893a9f6,ce4d2606-eac9-4ad7-9804-fdd710e03801,c5,c1,1581,e10,?,
1768856930.0492244,SENT,34b9732a-ad89-4e0d-8988-d36b625a9fa2,f941f644-0f63-49b6-927c-a71e499aef1c,c1,c2,1115,?,x4,
1768856930.0492654,FORWARDED,34b9732a-ad89-4e0d-8988-d36b625a9fa2,f941f644-0f63-49b6-927c-a71e499aef1c,c1,c2,1115,?,x4,
1768856930.201774,RECEIVED,2f2ba7a7-8c0b-4f2d-914d-838e3e731896,1e01f111-3917-457f-877b-43326dcc0a8a,c2,DROP,1021,e4,?,
1768856930.2471163,SENT,02d60f56-93fd-450c-b3e9-96f11893a9f6,ce4d2606-eac9-4ad7-9804-fdd710e03801,c5,c1,1113,?,x10,
1768856930.2471588,FORWARDED,02d60f56-93fd-450c-b3e9-96f11893a9f6,ce4d2606-eac9-4ad7-9804-fdd710e03801,c5,c1,1113,?,x10,
1768856930.3807986,SENT,2f2ba7a7-8c0b-4f2d-914d-838e3e731896,1e01f111-3917-457f-877b-43326dcc0a8a,c2,DROP,691,?,x10,
1768856930.38085,FORWARDED,2f2ba7a7-8c0b-4f2d-914d-838e3e731896,1e01f111-3917-457f-877b-43326dcc0a8a,c2,DROP,691,?,x10,
1768856930.5144207,RECEIVED,05b51157-ae6d-41de-9a35-ec28458b4aa5,0bcaeb22-d438-4b14-8238-dd34ba972a25,c1,c2,1583,e4,?,
1768856930.5734136,RECEIVED,1cf75e00-340e-49d5-8a0a-4c3873e131a1,147e6b6f-99d8-4370-bd1c-13895d035e24,c3,c5,1571,e8,?,
1768856930.836774,RECEIVED,f764469d-bef1-4281-ab02-b9b5fc582c67,dcc4f6b8-4f57-4eb0-8107-ca10160ce8c8,c5,c4,1584,e3,?,
1768856931.22735,SENT,1cf75e00-340e-49d5-8a0a-4c3873e131a1,147e6b6f-99d8-4370-bd1c-13895d035e24,c3,c5,1107,?,x4,
1768856931.22739,FORWARDED,1cf75e00-340e-49d5-8a0a-4c3873e131a1,147e6b6f-99d8-4370-bd1c-13895d035e24,c3,c5,1107,?,x4,
1768856931.2347934,SENT,f764469d-bef1-4281-ab02-b9b5fc582c67,dcc4f6b8-4f57-4eb0-8107-ca10160ce8c8,c5,c4,1114,?,x9,
1768856931.2348323,FORWARDED,f764469d-bef1-4281-ab02-b9b5fc582c67,dcc4f6b8-4f57-4eb0-8107-ca10160ce8c8,c5,c4,1114,?,x9,
1768856931.3401723,RECEIVED,d1242be7-f4be-4660-b1b6-28c50f756741,1d1f974d-102a-48df-a541-746200f31da2,c1,c2,1586,e4,?,
1768856931.3763041,SENT,e604e9e3-2b58-43da-a3fa-9e791228d1f3,f93ad3ed-79db-4c5e-8374-a1de9643a3d1,c1,c5,1023,?,x10,
1768856931.3763542,FORWARDED,e604e9e3-2b58-43da-a3fa-9e791228d1f3,f93ad3ed-79db-4c5e-8374-a1de9643a3d1,c1,c5,1023,?,x10,
1768856931.395719,SENT,d1242be7-f4be-4660-b1b6-28c50f756741,1d1f974d-102a-48df-a541-746200f31da2,c1,c2,1114,?,x11,
1768856931.395754,FORWARDED,d1242be7-f4be-4660-b1b6-28c50f756741,1d1f974d-102a-48df-a541-746200f31da2,c1,c2,1114,?,x11,
1768856931.7106555,RECEIVED,aab9a605-6ddb-4dc2-8f54-33d2b193efbd,b040db87-afb2-47f9-bff3-4d4bbad2f254,c3,c5,1452,e5,?,
1768856931.7825172,RECEIVED,07628641-2281-468f-81de-99057ba852eb,df02c024-dd94-4b7c-a174-56bbb089ce27,c2,c1,1455,e4,?,
1768856931.8301704,RECEIVED,d0c9f84f-9233-4676-84ae-dfe579ffb4ab,7e16ca6d-cd5c-419f-9074-c0aec178f14d,c3,c5,1452,e5,?,
1768856931.8851745,SENT,aab9a605-6ddb-4dc2-8f54-33d2b193efbd,b040db87-afb2-47f9-bff3-4d4bbad2f254,c3,c5,1016,?,x8,
1768856931.8852174,FORWARDED,aab9a605-6ddb-4dc2-8f54-33d2b193efbd,b040db87-afb2-47f9-bff3-4d4bbad2f254,c3,c5,1016,?,x8,
1768856931.8875546,SENT,d0c9f84f-9233-4676-84ae-dfe579ffb4ab,7e16ca6d-cd5c-419f-9074-c0aec178f14d,c3,c5,1017,?,x2,
1768856931.8875945,FORWARDED,d0c9f84f-9233-4676-84ae-dfe579ffb4ab,7e16ca6d-cd5c-419f-9074-c0aec178f14d,c3,c5,1017,?,x2,
1768856931.920489,RECEIVED,cecbde73-724e-4d0a-8890-733f350fc7a5,e1cf9d4a-68a3-43fa-b8ac-b23cb64657db,c5,c3,1451,e11,?,
1768856932.00051,RECEIVED,0856fd9e-451c-4f20-b33b-5c3184162ebc,bbfe6fb6-8521-476f-8f54-c2e4388f6fc1,c5,c4,1584,e3,?,
1768856932.0201359,SENT,05b51157-ae6d-41de-9a35-ec28458b4aa5,0bcaeb22-d438-4b14-8238-dd34ba972a25,c1,c2,1115,?,x4,
1768856932.020178,FORWARDED,05b51157-ae6d-41de-9a35-ec28458b4aa5,0bcaeb22-d438-4b14-8238-dd34ba972a25,c1,c2,1115,?,x4,
1768856932.1523097,SENT,0856fd9e-451c-4f20-b33b-5c3184162ebc,bbfe6fb6-8521-476f-8f54-c2e4388f6fc1,c5,c4,1115,?,x4,
1768856932.1523576,FORWARDED,0856fd9e-451c-4f20-b33b-5c3184162ebc,bbfe6fb6-8521-476f-8f54-c2e4388f6fc1,c5,c4,1115,?,x4,
1768856932.7449405,RECEIVED,9b674624-2de5-41be-afe2-e2095b1e9f94,f09c475f-5d1b-4d1c-b458-d954a636f059,c3,c5,1584,e11,?,
1768856932.8539567,SENT,cecbde73-724e-4d0a-8890-733f350fc7a5,e1cf9d4a-68a3-43fa-b8ac-b23cb64657db,c5,c3,1015,?,x4,
1768856932.854022,FORWARDED,cecbde73-724e-4d0a-8890-733f350fc7a5,e1cf9d4a-68a3-43fa-b8ac-b23cb64657db,c5,c3,1015,?,x4,
1768856932.8599164,RECEIVED,a3aee0fa-d4a1-4b4f-be42-42fcf33de518,66ed030f-5960-4809-b8b7-2b73ebb7eec0,c3,c5,1584,e1,?,
1768856932.8791585,SENT,9b674624-2de5-41be-afe2-e2095b1e9f94,f09c475f-5d1b-4d1c-b458-d954a636f059,c3,c5,1115,?,x5,
1768856932.8792052,FORWARDED,9b674624-2de5-41be-afe2-e2095b1e9f94,f09c475f-5d1b-4d1c-b458-d954a636f059,c3,c5,1115,?,x5,
1768856932.8989425,SENT,a3aee0fa-d4a1-4b4f-be42-42fcf33de518,66ed030f-5960-4809-b8b7-2b73ebb7eec0,c3,c5,1115,?,x1,
1768856932.8989837,FORWARDED,a3aee0fa-d4a1-4b4f-be42-42fcf33de518,66ed030f-5960-4809-b8b7-2b73ebb7eec0,c3,c5,1115,?,x1,
1768856932.9649165,RECEIVED,6353676a-85a9-429c-a838-63177c7ae2c5,661253ea-4938-40ea-a389-d0c1109aadbe,c5,c3,1576,e3,?,
1768856933.2547948,RECEIVED,df8ae3bd-34d8-4d27-acd1-6569ee1a1311,e02fe688-93cd-4573-9e67-2918eb6be230,c5,c1,1576,e11,?,
1768856933.3369646,RECEIVED,9f00682c-c96c-4068-851d-26579ab50e67,ba0169a2-d8c4-4ba0-9823-5f21bce433e1,c2,c1,1465,e8,?,
1768856933.4484785,SENT,6353676a-85a9-429c-a838-63177c7ae2c5,661253ea-4938-40ea-a389-d0c1109aadbe,c5,c3,1110,?,x6,
1768856933.4490745,FORWARDED,6353676a-85a9-429c-a838-63177c7ae2c5,661253ea-4938-40ea-a389-d0c1109aadbe,c5,c3,1110,?,x6,
1768856933.4855998,RECEIVED,c8e93a65-a6f2-4fde-8a21-c0ff29e24e48,210e085d-511e-4a6a-9832-00f0e41e823f,c5,c1,1572,e12,?,
1768856933.4911346,RECEIVED,d250f783-6450-4cd1-8577-54aefd43ce09,d0c7e4d2-873e-4543-89c1-ef6841fd09c4,c5,c4,1584,e12,?,
1768856933.5266724,SENT,9f00682c-c96c-4068-851d-26579ab50e67,ba0169a2-d8c4-4ba0-9823-5f21bce433e1,c2,c1,1024,?,x11,
1768856933.526713,FORWARDED,9f00682c-c96c-4068-851d-26579ab50e67,ba0169a2-d8c4-4ba0-9823-5f21bce433e1,c2,c1,1024,?,x11,
1768856933.541843,SENT,07628641-2281-468f-81de-99057ba852eb,df02c024-dd94-4b7c-a174-56bbb089ce27,c2,c1,1019,?,x2,
1768856933.5418773,FORWARDED,07628641-2281-468f-81de-99057ba852eb,df02c024-dd94-4b7c-a174-56bbb089ce27,c2,c1,1019,?,x2,
1768856933.610758,SENT,d250f783-6450-4cd1-8577-54aefd43ce09,d0c7e4d2-873e-4543-89c1-ef6841fd09c4,c5,c4,1116,?,x6,
1768856933.6108408,FORWARDED,d250f783-6450-4cd1-8577-54aefd43ce09,d0c7e4d2-873e-4543-89c1-ef6841fd09c4,c5,c4,1116,?,x6,
1768856933.6577206,SENT,c8e93a65-a6f2-4fde-8a21-c0ff29e24e48,210e085d-511e-4a6a-9832-00f0e41e823f,c5,c1,1107,?,x11,
1768856933.6577632,FORWARDED,c8e93a65-a6f2-4fde-8a21-c0ff29e24e48,210e085d-511e-4a6a-9832-00f0e41e823f,c5,c1,1107,?,x11,
1768856933.733356,RECEIVED,e121147f-0b87-4f07-9999-06a19994909e,d22421be-012e-4aa5-9b42-e97b6c9639c8,c2,c1,1460,e4,?,
1768856933.7635493,RECEIVED,3f13fa50-7f69-4d51-a81c-877f7c568861,66ec2ddf-ddef-4c7a-912b-9e0abc461b62,c5,c1,1571,e3,?,
1768856933.7747684,SENT,df8ae3bd-34d8-4d27-acd1-6569ee1a1311,e02fe688-93cd-4573-9e67-2918eb6be230,c5,c1,1108,?,x11,
1768856933.7748094,FORWARDED,df8ae3bd-34d8-4d27-acd1-6569ee1a1311,e02fe688-93cd-4573-9e67-2918eb6be230,c5,c1,1108,?,x11,
1768856933.9949338,RECEIVED,c1d0cd01-a8ff-4dea-b566-6874c6de84d2,04eaceaa-6fe8-43ea-8917-8ad6009060a8,c1,c2,1585,e2,?,
1768856934.0423188,SENT,e121147f-0b87-4f07-9999-06a19994909e,d22421be-012e-4aa5-9b42-e97b6c9639c8,c2,c1,1023,?,x6,
1768856934.0423954,FORWARDED,e121147f-0b87-4f07-9999-06a19994909e,d22421be-012e-4aa5-9b42-e97b6c9639c8,c2,c1,1023,?,x6,
1768856934.0545163,SENT,c1d0cd01-a8ff-4dea-b566-6874c6de84d2,04eaceaa-6fe8-43ea-8917-8ad6009060a8,c1,c2,1116,?,x8,
1768856934.0545707,FORWARDED,c1d0cd01-a8ff-4dea-b566-6874c6de84d2,04eaceaa-6fe8-43ea-8917-8ad6009060a8,c1,c2,1116,?,x8,
1768856934.1796472,RECEIVED,0d0dce21-58ae-471b-a020-21d1091bab5e,7d24407d-9a40-4588-9e21-3c6092c754df,c2,c1,1444,e6,?,
1768856934.240096,RECEIVED,47189759-10ca-4ea6-8f08-2380639cdc14,467e4d74-62a3-4ea2-886e-867a161ccf26,c4,c5,1456,e7,?,
1768856934.258822,SENT,0d0dce21-58ae-471b-a020-21d1091bab5e,7d24407d-9a40-4588-9e21-3c6092c754df,c2,c1,1011,?,x3,
1768856934.258864,FORWARDED,0d0dce21-58ae-471b-a020-21d1091bab5e,7d24407d-9a40-4588-9e21-3c6092c754df,c2,c1,1011,?,x3,
1768856934.2802885,RECEIVED,1ed6a417-3665-4e4e-a65c-1422859cadaf,7399b039-178d-4b85-aaf2-c38ed3638be2,c1,DROP,1007,e10,?,
1768856934.3265245,SENT,3f13fa50-7f69-4d51-a81c-877f7c568861,66ec2ddf-ddef-4c7a-912b-9e0abc461b62,c5,c1,1106,?,x4,
1768856934.3265662,FORWARDED,3f13fa50-7f69-4d51-a81c-877f7c568861,66ec2ddf-ddef-4c7a-912b-9e0abc461b62,c5,c1,1106,?,x4,
1768856934.568307,SENT,1ed6a417-3665-4e4e-a65c-1422859cadaf,7399b039-178d-4b85-aaf2-c38ed3638be2,c1,DROP,684,?,x1,
1768856934.5683453,FORWARDED,1ed6a417-3665-4e4e-a65c-1422859cadaf,7399b039-178d-4b85-aaf2-c38ed3638be2,c1,DROP,684,?,x1,
1768856934.6055787,RECEIVED,7cadd335-2c6b-45c8-b288-6fbd5aeeac62,1129b8c0-ff34-4a56-aae2-ffe7af20eb49,c1,DROP,440,x8,?,
1768856934.6073651,SENT,47189759-10ca-4ea6-8f08-2380639cdc14,467e4d74-62a3-4ea2-886e-867a161ccf26,c4,c5,1019,?,x2,
1768856934.6074545,FORWARDED,47189759-10ca-4ea6-8f08-2380639cdc14,467e4d74-62a3-4ea2-886e-867a161ccf26,c4,c5,1019,?,x2,
1768856934.6860034,RECEIVED,e2acb53d-37ea-421d-8aec-3e3a4ccaaf86,2c7bf698-a786-41ce-8672-37357ea9e73d,c5,c3,1452,e5,?,
1768856934.7412388,SENT,e2acb53d-37ea-421d-8aec-3e3a4ccaaf86,2c7bf698-a786-41ce-8672-37357ea9e73d,c5,c3,1016,?,x3,
1768856934.7412832,FORWARDED,e2acb53d-37ea-421d-8aec-3e3a4ccaaf86,2c7bf698-a786-41ce-8672-37357ea9e73d,c5,c3,1016,?,x3,
1768856934.9011216,RECEIVED,d9788329-63e7-4e9b-9096-110714714d20,49295447-c258-4a7a-a8f3-de933a891342,c1,c5,1451,e2,?,
1768856935.0723271,RECEIVED,e1017b09-f383-4012-b841-15e3bdcd2342,b5065827-84d8-4723-9eba-4232fc1a03f9,c1,c2,1567,e8,?,
1768856935.217319,SENT,e1017b09-f383-4012-b841-15e3bdcd2342,b5065827-84d8-4723-9eba-4232fc1a03f9,c1,c2,1104,?,x8,
1768856935.2173622,FORWARDED,e1017b09-f383-4012-b841-15e3bdcd2342,b5065827-84d8-4723-9eba-4232fc1a03f9,c1,c2,1104,?,x8,
1768856935.5944908,RECEIVED,d5899155-92d3-4aa0-be7a-5ea7befcbe1c,62244a0d-6fc5-4f31-a870-cdec59186d34,c5,c3,1584,e5,?,
1768856935.6676166,RECEIVED,0ae49525-a882-4faf-945e-d93c56a8c80f,373cf396-942c-4b4c-b3bb-c561d4e3a27e,c3,c5,1573,e5,?,
1768856935.6989255,RECEIVED,98d690ca-68bd-471f-b2a5-21820d3a6c73,17759817-64b0-49a8-a222-0001fd6aed24,c2,DROP,1008,e4,?,
1768856935.730914,SENT,0ae49525-a882-4faf-945e-d93c56a8c80f,373cf396-942c-4b4c-b3bb-c561d4e3a27e,c3,c5,1107,?,x2,
1768856935.730957,FORWARDED,0ae49525-a882-4faf-945e-d93c56a8c80f,373cf396-942c-4b4c-b3bb-c561d4e3a27e,c3,c5,1107,?,x2,
1768856935.8342924,SENT,d5899155-92d3-4aa0-be7a-5ea7befcbe1c,62244a0d-6fc5-4f31-a870-cdec59186d34,c5,c3,1116,?,x12,
1768856935.8343344,FORWARDED,d5899155-92d3-4aa0-be7a-5ea7befcbe1c,62244a0d-6fc5-4f31-a870-cdec59186d34,c5,c3,1116,?,x12,
1768856935.9738312,RECEIVED,2b5d5e3d-9657-4668-8e8f-0f94f4c1bd54,cc85f893-c1e4-4b53-8a45-59643ae11db4,c5,c3,1456,e4,?,
1768856936.0024533,SENT,d9788329-63e7-4e9b-9096-110714714d20,49295447-c258-4a7a-a8f3-de933a891342,c1,c5,1016,?,x6,
1768856936.0024948,FORWARDED,d9788329-63e7-4e9b-9096-110714714d20,49295447-c258-4a7a-a8f3-de933a891342,c1,c5,1016,?,x6,
1768856936.007836,RECEIVED,73e6cc09-987b-4d5b-966b-c71c16d46f5a,6357de2e-fc0b-4a37-bd8c-7099c21df4ba,c5,c3,1584,e2,?,
1768856936.0651097,SENT,98d690ca-68bd-471f-b2a5-21820d3a6c73,17759817-64b0-49a8-a222-0001fd6aed24,c2,DROP,683,?,x5,
1768856936.0651495,FORWARDED,98d690ca-68bd-471f-b2a5-21820d3a6c73,17759817-64b0-49a8-a222-0001fd6aed24,c2,DROP,683,?,x5,
1768856936.088642,SENT,73e6cc09-987b-4d5b-966b-c71c16d46f5a,6357de2e-fc0b-4a37-bd8c-7099c21df4ba,c5,c3,1114,?,x3,
1768856936.088682,FORWARDED,73e6cc09-987b-4d5b-966b-c71c16d46f5a,6357de2e-fc0b-4a37-bd8c-7099c21df4ba,c5,c3,1114,?,x3,
1768856936.6217353,RECEIVED,9cbdbace-4fdc-4111-aec0-c466de50de9a,a7d1fa4e-f97c-426d-9fe2-d3fc1512258b,c2,c1,1456,e11,?,
1768856936.8441026,RECEIVED,b3a147fe-aeac-40ee-8d21-521761c372ea,67ef29ec-a347-4778-8916-07f331f13cbb,c1,c5,1463,e5,?,
1768856937.0293312,SENT,9cbdbace-4fdc-4111-aec0-c466de50de9a,a7d1fa4e-f97c-426d-9fe2-d3fc1512258b,c2,c1,1019,?,x9,
1768856937.0293725,FORWARDED,9cbdbace-4fdc-4111-aec0-c466de50de9a,a7d1fa4e-f97c-426d-9fe2-d3fc1512258b,c2,c1,1019,?,x9,
1768856937.1079984,SENT,2b5d5e3d-9657-4668-8e8f-0f94f4c1bd54,cc85f893-c1e4-4b53-8a45-59643ae11db4,c5,c3,1019,?,x11,
1768856937.108041,FORWARDED,2b5d5e3d-9657-4668-8e8f-0f94f4c1bd54,cc85f893-c1e4-4b53-8a45-59643ae11db4,c5,c3,1019,?,x11,
1768856937.209246,RECEIVED,e0909605-ab53-43f8-b461-95260e707e78,edfd7176-78ca-44ba-9521-19faf97ab2a0,c1,c5,1452,e2,?,
1768856937.3104143,SENT,e0909605-ab53-43f8-b461-95260e707e78,edfd7176-78ca-44ba-9521-19faf97ab2a0,c1,c5,1015,?,x2,
1768856937.3104517,FORWARDED,e0909605-ab53-43f8-b461-95260e707e78,edfd7176-78ca-44ba-9521-19faf97ab2a0,c1,c5,1015,?,x2,
1768856937.4899023,RECEIVED,b3efb881-4c29-431c-a5cb-d0281ca4a3ba,1bdb7ac0-e717-4e7a-876d-b1e10b4fd91e,c3,c5,1584,e1,?,
1768856937.5126574,SENT,b3a147fe-aeac-40ee-8d21-521761c372ea,67ef29ec-a347-4778-8916-07f331f13cbb,c1,c5,1024,?,x8,
1768856937.512723,FORWARDED,b3a147fe-aeac-40ee-8d21-521761c372ea,67ef29ec-a347-4778-8916-07f331f13cbb,c1,c5,1024,?,x8,
1768856937.6564596,RECEIVED,4ebc180c-75fc-4d2b-9046-0cb0cadf2afb,5824f6c8-5c99-4d07-a5ff-f5e58f6a2a2d,c3,DROP,1008,e2,?,
1768856937.7511666,SENT,4ebc180c-75fc-4d2b-9046-0cb0cadf2afb,5824f6c8-5c99-4d07-a5ff-f5e58f6a2a2d,c3,DROP,684,?,x8,
1768856937.7512085,FORWARDED,4ebc180c-75fc-4d2b-9046-0cb0cadf2afb,5824f6c8-5c99-4d07-a5ff-f5e58f6a2a2d,c3,DROP,684,?,x8,
1768856938.173629,RECEIVED,e84da2eb-ed1c-4ee9-a5dd-28e8e71555e8,b6be2b65-10c8-4d0d-b3a8-684e8dc05fbf,c1,c2,1588,e2,?,
1768856938.2536488,SENT,e84da2eb-ed1c-4ee9-a5dd-28e8e71555e8,b6be2b65-10c8-4d0d-b3a8-684e8dc05fbf,c1,c2,1118,?,x4,
1768856938.2536907,FORWARDED,e84da2eb-ed1c-4ee9-a5dd-28e8e71555e8,b6be2b65-10c8-4d0d-b3a8-684e8dc05fbf,c1,c2,1118,?,x4,
1768856938.6557806,RECEIVED,3e96a348-386a-4704-ba78-b66dfb94a023,9715532e-074b-4ab8-9e75-41d9616e16f5,c1,c5,1457,e3,?,
1768856938.810841,SENT,3e96a348-386a-4704-ba78-b66dfb94a023,9715532e-074b-4ab8-9e75-41d9616e16f5,c1,c5,1020,?,x10,
1768856938.8108814,FORWARDED,3e96a348-386a-4704-ba78-b66dfb94a023,9715532e-074b-4ab8-9e75-41d9616e16f5,c1,c5,1020,?,x10,
1768856938.8576994,RECEIVED,26436ac1-932a-43d5-8670-9b55c49ed944,758843a5-2758-4ee5-87e3-7536acdf4ad7,c5,c3,1457,e3,?,
1768856938.9497688,SENT,26436ac1-932a-43d5-8670-9b55c49ed944,758843a5-2758-4ee5-87e3-7536acdf4ad7,c5,c3,1019,?,x11,
1768856938.9498122,FORWARDED,26436ac1-932a-43d5-8670-9b55c49ed944,758843a5-2758-4ee5-87e3-7536acdf4ad7,c5,c3,1019,?,x11,
1768856938.9712565,SENT,b3efb881-4c29-431c-a5cb-d0281ca4a3ba,1bdb7ac0-e717-4e7a-876d-b1e10b4fd91e,c3,c5,1115,?,x10,
1768856938.9712992,FORWARDED,b3efb881-4c29-431c-a5cb-d0281ca4a3ba,1bdb7ac0-e717-4e7a-876d-b1e10b4fd91e,c3,c5,1115,?,x10,
1768856939.0760298,RECEIVED,e6713b72-5f86-4509-8f48-04d94b801126,51493b0c-a7d9-4c8c-a186-96981d895a20,c5,c3,1455,e10,?,
1768856939.1396465,RECEIVED,fa1abbd2-9d37-4320-a164-8ff8c1835f4d,d42cc4b6-a018-4f93-bbe0-22e5a9b30736,c5,c1,1571,e4,?,
1768856939.652807,RECEIVED,61f1bb32-bb8b-4b93-b7ce-282b008c2e13,e9dc217f-81b6-400a-99dc-9b86f40237ca,c5,c3,1584,e12,?,
1768856939.7954118,SENT,fa1abbd2-9d37-4320-a164-8ff8c1835f4d,d42cc4b6-a018-4f93-bbe0-22e5a9b30736,c5,c1,1107,?,x1,
1768856939.7954545,FORWARDED,fa1abbd2-9d37-4320-a164-8ff8c1835f4d,d42cc4b6-a018-4f93-bbe0-22e5a9b30736,c5,c1,1107,?,x1,
1768856939.8565397,SENT,e6713b72-5f86-4509-8f48-04d94b801126,51493b0c-a7d9-4c8c-a186-96981d895a20,c5,c3,1019,?,x2,
1768856939.8565829,FORWARDED,e6713b72-5f86-4509-8f48-04d94b801126,51493b0c-a7d9-4c8c-a186-96981d895a20,c5,c3,1019,?,x2,
1768856939.939643,RECEIVED,6fcda583-b52f-40c4-819e-f742be0924c0,619ca8ff-bf53-4af2-bb18-c836bea86625,c4,DROP,1007,e4,?,
1768856940.1300576,RECEIVED,7aa2ad7a-85bb-45a1-b198-76931ddb0db8,6d16e50a-0a73-4f64-8628-78d044e39480,c1,c2,1568,e5,?,
1768856940.2289524,SENT,7aa2ad7a-85bb-45a1-b198-76931ddb0db8,6d16e50a-0a73-4f64-8628-78d044e39480,c1,c2,1103,?,x1,
1768856940.2289937,FORWARDED,7aa2ad7a-85bb-45a1-b198-76931ddb0db8,6d16e50a-0a73-4f64-8628-78d044e39480,c1,c2,1103,?,x1,
1768856940.3456657,RECEIVED,58825853-5d43-4bec-ae06-b9d4e7cc4a9f,6c0ba35d-cf2f-459c-8b85-cd014485206a,c5,c1,1575,e10,?,
1768856940.4243343,RECEIVED,8de3d078-0650-45f5-a52c-009470a4aaa9,d1677580-ed80-4175-9220-39361f470ef6,c5,c1,1579,e6,?,
1768856940.60589,SENT,6fcda583-b52f-40c4-819e-f742be0924c0,619ca8ff-bf53-4af2-bb18-c836bea86625,c4,DROP,682,?,x9,
1768856940.605933,FORWARDED,6fcda583-b52f-40c4-819e-f742be0924c0,619ca8ff-bf53-4af2-bb18-c836bea86625,c4,DROP,682,?,x9,
1768856940.9119644,SENT,61f1bb32-bb8b-4b93-b7ce-282b008c2e13,e9dc217f-81b6-400a-99dc-9b86f40237ca,c5,c3,1114,?,x10,
1768856940.9120064,FORWARDED,61f1bb32-bb8b-4b93-b7ce-282b008c2e13,e9dc217f-81b6-400a-99dc-9b86f40237ca,c5,c3,1114,?,x10,
1768856941.20014,SENT,8de3d078-0650-45f5-a52c-009470a4aaa9,d1677580-ed80-4175-9220-39361f470ef6,c5,c1,1112,?,x1,
1768856941.200182,FORWARDED,8de3d078-0650-45f5-a52c-009470a4aaa9,d1677580-ed80-4175-9220-39361f470ef6,c5,c1,1112,?,x1,
1768856941.360439,RECEIVED,8f8ad2cd-e9f0-43f9-84fa-0f1d7dd8d739,31dee99f-2efc-484f-86ee-b73a8ff56467,c5,c4,1578,e4,?,
1768856941.3915775,SENT,8f8ad2cd-e9f0-43f9-84fa-0f1d7dd8d739,31dee99f-2efc-484f-86ee-b73a8ff56467,c5,c4,1108,?,x9,
1768856941.3916256,FORWARDED,8f8ad2cd-e9f0-43f9-84fa-0f1d7dd8d739,31dee99f-2efc-484f-86ee-b73a8ff56467,c5,c4,1108,?,x9,
1768856941.3962162,SENT,58825853-5d43-4bec-ae06-b9d4e7cc4a9f,6c0ba35d-cf2f-459c-8b85-cd014485206a,c5,c1,1108,?,x5,
1768856941.3962564,FORWARDED,58825853-5d43-4bec-ae06-b9d4e7cc4a9f,6c0ba35d-cf2f-459c-8b85-cd014485206a,c5,c1,1108,?,x5,
1768856941.451366,RECEIVED,c8274f14-2df6-4998-82bb-a4abd2d0dd99,ab0e1638-efea-4424-9623-6205d5200b06,c4,DROP,1019,e10,?,
1768856941.4702551,RECEIVED,8b969467-4375-42fb-abd9-35a7c6ec59c7,9f2e7250-21c2-476e-a41a-deeda1bd1ccc,c3,c5,1567,e8,?,
1768856941.914353,SENT,8b969467-4375-42fb-abd9-35a7c6ec59c7,9f2e7250-21c2-476e-a41a-deeda1bd1ccc,c3,c5,1104,?,x6,
1768856941.914396,FORWARDED,8b969467-4375-42fb-abd9-35a7c6ec59c7,9f2e7250-21c2-476e-a41a-deeda1bd1ccc,c3,c5,1104,?,x6,
1768856942.0536551,RECEIVED,056cf3b1-b731-4122-a79b-1c7f074de592,6d23ba7f-1a73-4dad-a5ef-0f6932ce3acd,c5,c4,1585,e7,?,
1768856942.1068742,SENT,056cf3b1-b731-4122-a79b-1c7f074de592,6d23ba7f-1a73-4dad-a5ef-0f6932ce3acd,c5,c4,1114,?,x1,
1768856942.1069162,FORWARDED,056cf3b1-b731-4122-a79b-1c7f074de592,6d23ba7f-1a73-4dad-a5ef-0f6932ce3acd,c5,c4,1114,?,x1,
1768856942.109236,SENT,c8274f14-2df6-4998-82bb-a4abd2d0dd99,ab0e1638-efea-4424-9623-6205d5200b06,c4,DROP,692,?,x8,
1768856942.109328,FORWARDED,c8274f14-2df6-4998-82bb-a4abd2d0dd99,ab0e1638-efea-4424-9623-6205d5200b06,c4,DROP,692,?,x8,
1768856942.8402064,RECEIVED,0be7b6d5-e5cf-4611-b966-d90619b0d0e3,36f72e6a-4c92-4cd5-b94c-4e2d531f4cb8,c2,c1,1460,e1,?,
1768856942.908744,SENT,0be7b6d5-e5cf-4611-b966-d90619b0d0e3,36f72e6a-4c92-4cd5-b94c-4e2d531f4cb8,c2,c1,1021,?,x4,
1768856942.908783,FORWARDED,0be7b6d5-e5cf-4611-b966-d90619b0d0e3,36f72e6a-4c92-4cd5-b94c-4e2d531f4cb8,c2,c1,1021,?,x4,
1768856943.0491824,RECEIVED,5a9ba869-4038-441a-974f-7cbc8260a296,7d648a28-08d8-4265-af8e-691d01ddfcd9,c5,c3,1451,e3,?,
1768856944.0125406,RECEIVED,127f2959-d12f-4f2a-84e4-ac84802c6d5a,801a22c3-5bb6-4167-b82b-37bb2b96fa88,c1,c2,1584,e12,?,
1768856944.1104038,SENT,127f2959-d12f-4f2a-84e4-ac84802c6d5a,801a22c3-5bb6-4167-b82b-37bb2b96fa88,c1,c2,1116,?,x11,
1768856944.1104577,FORWARDED,127f2959-d12f-4f2a-84e4-ac84802c6d5a,801a22c3-5bb6-4167-b82b-37bb2b96fa88,c1,c2,1116,?,x11,
1768856944.2103066,SENT,5a9ba869-4038-441a-974f-7cbc8260a296,7d648a28-08d8-4265-af8e-691d01ddfcd9,c5,c3,1015,?,x6,
1768856944.210378,FORWARDED,5a9ba869-4038-441a-974f-7cbc8260a296,7d648a28-08d8-4265-af8e-691d01ddfcd9,c5,c3,1015,?,x6,
1768856944.615918,RECEIVED,593ee532-ecb0-4185-b1db-d1593c8d54d5,607684f5-f530-45f4-82e7-8f1f06c6713e,c2,c1,1452,e7,?,
1768856944.891077,RECEIVED,c46fbce6-eb36-4098-914a-0754a865d77d,d596c176-45f4-493f-8860-cb9ca698f244,c5,c3,1456,e8,?,
1768856944.9483984,SENT,c46fbce6-eb36-4098-914a-0754a865d77d,d596c176-45f4-493f-8860-cb9ca698f244,c5,c3,1020,?,x8,
1768856944.9484682,FORWARDED,c46fbce6-eb36-4098-914a-0754a865d77d,d596c176-45f4-493f-8860-cb9ca698f244,c5,c3,1020,?,x8,
1768856945.2622976,RECEIVED,763101ff-cca4-4928-9c2e-6debca7c4ead,74e3dad8-e9eb-4c63-89ae-9315be1e5624,c3,c5,1456,e4,?,
1768856945.4231904,RECEIVED,1aeffc98-9c3a-49d6-9d59-50b25ecb6d0d,1d611450-81d9-45f9-a1a6-03a292938f70,c3,DROP,1007,e5,?,
1768856945.5960999,SENT,593ee532-ecb0-4185-b1db-d1593c8d54d5,607684f5-f530-45f4-82e7-8f1f06c6713e,c2,c1,1015,?,x11,
1768856945.596143,FORWARDED,593ee532-ecb0-4185-b1db-d1593c8d54d5,607684f5-f530-45f4-82e7-8f1f06c6713e,c2,c1,1015,?,x11,
1768856945.673981,RECEIVED,7135c8c7-4585-4d7c-be04-5e33079593f8,4eda6ce0-2eb1-429e-9bd7-28667c21d31e,c3,c5,1447,e5,?,
1768856945.8403008,RECEIVED,e2f6c4ab-c9e4-4f82-9f1c-c687f3e1ae2c,b9ecf585-e200-45dd-b121-a141eb73bdd0,c5,c1,1572,e6,?,
1768856945.9222255,SENT,763101ff-cca4-4928-9c2e-6debca7c4ead,74e3dad8-e9eb-4c63-89ae-9315be1e5624,c3,c5,1019,?,x12,
1768856945.922267,FORWARDED,763101ff-cca4-4928-9c2e-6debca7c4ead,74e3dad8-e9eb-4c63-89ae-9315be1e5624,c3,c5,1019,?,x12,
1768856945.9885716,SENT,e2f6c4ab-c9e4-4f82-9f1c-c687f3e1ae2c,b9ecf585-e200-45dd-b121-a141eb73bdd0,c5,c1,1105,?,x3,
1768856945.988616,FORWARDED,e2f6c4ab-c9e4-4f82-9f1c-c687f3e1ae2c,b9ecf585-e200-45dd-b121-a141eb73bdd0,c5,c1,1105,?,x3,
1768856946.1185849,RECEIVED,a0c3276d-a423-4c2a-ab0f-622dd6adfa5c,4cffdef0-7880-4afe-90ee-565659fd50e0,c1,c2,1584,e4,?,
1768856946.159092,RECEIVED,747c8b4c-ec99-4711-a24f-1837d319b679,f26174ef-f61e-4a29-b19f-58a095d7499f,c3,c5,1586,e3,?,
1768856946.2169151,SENT,747c8b4c-ec99-4711-a24f-1837d319b679,f26174ef-f61e-4a29-b19f-58a095d7499f,c3,c5,1115,?,x10,
1768856946.2169633,FORWARDED,747c8b4c-ec99-4711-a24f-1837d319b679,f26174ef-f61e-4a29-b19f-58a095d7499f,c3,c5,1115,?,x10,
1768856946.263709,RECEIVED,eff1d3e2-7693-4180-886d-f0705604ac3b,d0a38a60-5427-4b14-aba8-2d81bbf85d2f,c3,DROP,1011,e5,?,
1768856946.3891623,RECEIVED,bd427602-a867-4368-aeca-64ac3c5d1016,727753d6-fcdb-49ec-93e5-a35a6f6c0bc6,c4,c5,1455,e7,?,
1768856946.4255269,RECEIVED,3d11500a-1894-4cbd-a4e0-5af8bbf12108,cd79e610-e3b2-480a-ae7a-f01219ca2257,c5,c4,1583,e10,?,
1768856946.4319086,RECEIVED,f864ca71-0bce-4a73-9bc8-1ef9e6ab6533,ae370fc4-131b-431e-9a63-6e2b01ee7487,c3,c5,1456,e5,?,
1768856946.524477,SENT,1aeffc98-9c3a-49d6-9d59-50b25ecb6d0d,1d611450-81d9-45f9-a1a6-03a292938f70,c3,DROP,684,?,x5,
1768856946.5245178,FORWARDED,1aeffc98-9c3a-49d6-9d59-50b25ecb6d0d,1d611450-81d9-45f9-a1a6-03a292938f70,c3,DROP,684,?,x5,
1768856946.5352893,RECEIVED,b0b5eeac-e2ec-46c7-9289-31c3d1b6babb,bdcad75b-adc5-4e53-80d3-ec969cc3d4f8,c5,c3,1463,e4,?,
1768856946.611255,SENT,a0c3276d-a423-4c2a-ab0f-622dd6adfa5c,4cffdef0-7880-4afe-90ee-565659fd50e0,c1,c2,1116,?,x7,
1768856946.6112976,FORWARDED,a0c3276d-a423-4c2a-ab0f-622dd6adfa5c,4cffdef0-7880-4afe-90ee-565659fd50e0,c1,c2,1116,?,x7,
1768856946.6206455,RECEIVED,29de5587-3611-4ead-821a-16edc29e79cd,579b8aef-4b85-4fd7-93a9-f3f3e9776eea,c2,c1,1456,e8,?,
1768856946.6738992,SENT,7135c8c7-4585-4d7c-be04-5e33079593f8,4eda6ce0-2eb1-429e-9bd7-28667c21d31e,c3,c5,1012,?,x1,
1768856946.6741784,FORWARDED,7135c8c7-4585-4d7c-be04-5e33079593f8,4eda6ce0-2eb1-429e-9bd7-28667c21d31e,c3,c5,1012,?,x1,
1768856946.8793697,RECEIVED,56a33346-4772-4bfb-8aa9-8649248d5a46,de2350f7-2bb8-4d3d-bc05-734554a9295a,c1,c5,1456,e12,?,
1768856946.8900018,SENT,29de5587-3611-4ead-821a-16edc29e79cd,579b8aef-4b85-4fd7-93a9-f3f3e9776eea,c2,c1,1020,?,x1,
1768856946.8900826,FORWARDED,29de5587-3611-4ead-821a-16edc29e79cd,579b8aef-4b85-4fd7-93a9-f3f3e9776eea,c2,c1,1020,?,x1,
1768856946.972869,SENT,f864ca71-0bce-4a73-9bc8-1ef9e6ab6533,ae370fc4-131b-431e-9a63-6e2b01ee7487,c3,c5,1019,?,x10,
1768856946.9729223,FORWARDED,f864ca71-0bce-4a73-9bc8-1ef9e6ab6533,ae370fc4-131b-431e-9a63-6e2b01ee7487,c3,c5,1019,?,x10,
1768856946.993336,SENT,eff1d3e2-7693-4180-886d-f0705604ac3b,d0a38a60-5427-4b14-aba8-2d81bbf85d2f,c3,DROP,686,?,x3,
1768856946.9933782,FORWARDED,eff1d3e2-7693-4180-886d-f0705604ac3b,d0a38a60-5427-4b14-aba8-2d81bbf85d2f,c3,DROP,686,?,x3,
1768856947.0975952,SENT,bd427602-a867-4368-aeca-64ac3c5d1016,727753d6-fcdb-49ec-93e5-a35a6f6c0bc6,c4,c5,1020,?,x10,
1768856947.0976486,FORWARDED,bd427602-a867-4368-aeca-64ac3c5d1016,727753d6-fcdb-49ec-93e5-a35a6f6c0bc6,c4,c5,1020,?,x10,
1768856947.098898,RECEIVED,38feea95-98fc-47d0-8de2-c3d61fc8044c,d10677a4-27a1-46bd-b198-52c39f3651b4,c4,DROP,1007,e2,?,
1768856947.1424985,SENT,3d11500a-1894-4cbd-a4e0-5af8bbf12108,cd79e610-e3b2-480a-ae7a-f01219ca2257,c5,c4,1116,?,x1,
1768856947.1425462,FORWARDED,3d11500a-1894-4cbd-a4e0-5af8bbf12108,cd79e610-e3b2-480a-ae7a-f01219ca2257,c5,c4,1116,?,x1,
1768856947.2172022,SENT,b0b5eeac-e2ec-46c7-9289-31c3d1b6babb,bdcad75b-adc5-4e53-80d3-ec969cc3d4f8,c5,c3,1024,?,x6,
1768856947.2172453,FORWARDED,b0b5eeac-e2ec-46c7-9289-31c3d1b6babb,bdcad75b-adc5-4e53-80d3-ec969cc3d4f8,c5,c3,1024,?,x6,
1768856947.219601,RECEIVED,545d88c4-24bd-4e16-ab03-a126196587a4,f525c6ac-ed2f-494f-8e93-ee993faf7a1b,c5,c1,1569,e4,?,
1768856947.3202035,SENT,545d88c4-24bd-4e16-ab03-a126196587a4,f525c6ac-ed2f-494f-8e93-ee993faf7a1b,c5,c1,1104,?,x2,
1768856947.320247,FORWARDED,545d88c4-24bd-4e16-ab03-a126196587a4,f525c6ac-ed2f-494f-8e93-ee993faf7a1b,c5,c1,1104,?,x2,
1768856947.3492513,SENT,56a33346-4772-4bfb-8aa9-8649248d5a46,de2350f7-2bb8-4d3d-bc05-734554a9295a,c1,c5,1020,?,x7,
1768856947.3492935,FORWARDED,56a33346-4772-4bfb-8aa9-8649248d5a46,de2350f7-2bb8-4d3d-bc05-734554a9295a,c1,c5,1020,?,x7,
1768856947.4118657,RECEIVED,36f09f8e-b1de-46eb-8ac7-2524b5c0ee95,e8918ad9-436b-4904-b685-0cefed0c1090,c3,c5,1460,e7,?,
1768856947.4490979,RECEIVED,8f224434-d5d7-4e5d-8ae5-fa906b23e988,3a29b539-de6f-4753-a979-b213f4cf2189,c5,c3,1583,e4,?,
1768856947.4824631,RECEIVED,3f46abad-1275-4d5a-badb-c7ab0a29a4c2,642cac1d-334b-49dc-93c4-93ac79c5a4a2,c5,c1,1583,e12,?,
1768856947.555866,RECEIVED,1be92bf8-db45-4930-b177-8543692f018d,48d243d1-e2d9-4247-90ce-c2b8c9b5a461,c3,c5,1464,e6,?,
1768856947.6264777,SENT,36f09f8e-b1de-46eb-8ac7-2524b5c0ee95,e8918ad9-436b-4904-b685-0cefed0c1090,c3,c5,1021,?,x3,
1768856947.6265137,FORWARDED,36f09f8e-b1de-46eb-8ac7-2524b5c0ee95,e8918ad9-436b-4904-b685-0cefed0c1090,c3,c5,1021,?,x3,
1768856947.6376686,SENT,1be92bf8-db45-4930-b177-8543692f018d,48d243d1-e2d9-4247-90ce-c2b8c9b5a461,c3,c5,1024,?,x12,
1768856947.637709,FORWARDED,1be92bf8-db45-4930-b177-8543692f018d,48d243d1-e2d9-4247-90ce-c2b8c9b5a461,c3,c5,1024,?,x12,
1768856947.7082462,SENT,3f46abad-1275-4d5a-badb-c7ab0a29a4c2,642cac1d-334b-49dc-93c4-93ac79c5a4a2,c5,c1,1116,?,x2,
1768856947.7082882,FORWARDED,3f46abad-1275-4d5a-badb-c7ab0a29a4c2,642cac1d-334b-49dc-93c4-93ac79c5a4a2,c5,c1,1116,?,x2,
1768856947.7463865,RECEIVED,a5c36811-ad6d-46be-9444-f67c2e9dcc6f,843df743-a8cf-4f6f-9a21-e93446f7828f,c1,c5,1461,e12,?,
1768856947.8121161,SENT,a5c36811-ad6d-46be-9444-f67c2e9dcc6f,843df743-a8cf-4f6f-9a21-e93446f7828f,c1,c5,1023,?,x8,
1768856947.812158,FORWARDED,a5c36811-ad6d-46be-9444-f67c2e9dcc6f,843df743-a8cf-4f6f-9a21-e93446f7828f,c1,c5,1023,?,x8,
1768856947.8641672,SENT,38feea95-98fc-47d0-8de2-c3d61fc8044c,d10677a4-27a1-46bd-b198-52c39f3651b4,c4,DROP,684,?,x9,
1768856947.8642087,FORWARDED,38feea95-98fc-47d0-8de2-c3d61fc8044c,d10677a4-27a1-46bd-b198-52c39f3651b4,c4,DROP,684,?,x9,
1768856948.0987468,RECEIVED,435d275e-492e-455c-be47-bfe02f5d507e,7752c347-0599-4af6-b2cd-c9aab14cb777,c3,c5,1452,e12,?,
1768856948.301658,RECEIVED,3c34bff5-0eb3-4fa3-b9ed-d8fb7a950bb0,99a5d453-d3d0-468b-886e-c75f9c737ec3,c2,DROP,1019,e6,?,
1768856948.3119726,RECEIVED,b12c4ef1-7ae7-4d73-88fc-06a3eaaf640c,a34ab6e6-f1fb-4766-87ab-114a4de88eeb,c4,c5,1465,e7,?,
1768856948.4234662,SENT,435d275e-492e-455c-be47-bfe02f5d507e,7752c347-0599-4af6-b2cd-c9aab14cb777,c3,c5,1015,?,x9,
1768856948.423508,FORWARDED,435d275e-492e-455c-be47-bfe02f5d507e,7752c347-0599-4af6-b2cd-c9aab14cb777,c3,c5,1015,?,x9,
1768856948.4496524,RECEIVED,4f56e6d3-ccf9-4537-b3e9-4978f42267d5,7dcc350d-dcea-4109-8210-d1dbb4d9bc6c,c5,c3,1448,e4,?,
1768856948.4815426,SENT,8f224434-d5d7-4e5d-8ae5-fa906b23e988,3a29b539-de6f-4753-a979-b213f4cf2189,c5,c3,1115,?,x3,
1768856948.4815843,FORWARDED,8f224434-d5d7-4e5d-8ae5-fa906b23e988,3a29b539-de6f-4753-a979-b213f4cf2189,c5,c3,1115,?,x3,
1768856948.5962238,SENT,b12c4ef1-7ae7-4d73-88fc-06a3eaaf640c,a34ab6e6-f1fb-4766-87ab-114a4de88eeb,c4,c5,1024,?,x10,
1768856948.5962658,FORWARDED,b12c4ef1-7ae7-4d73-88fc-06a3eaaf640c,a34ab6e6-f1fb-4766-87ab-114a4de88eeb,c4,c5,1024,?,x10,
1768856948.617918,SENT,3c34bff5-0eb3-4fa3-b9ed-d8fb7a950bb0,99a5d453-d3d0-468b-886e-c75f9c737ec3,c2,DROP,693,?,x10,
1768856948.6179607,FORWARDED,3c34bff5-0eb3-4fa3-b9ed-d8fb7a950bb0,99a5d453-d3d0-468b-886e-c75f9c737ec3,c2,DROP,693,?,x10,
1768856948.7078946,SENT,4f56e6d3-ccf9-4537-b3e9-4978f42267d5,7dcc350d-dcea-4109-8210-d1dbb4d9bc6c,c5,c3,1012,?,x5,
1768856948.707937,FORWARDED,4f56e6d3-ccf9-4537-b3e9-4978f42267d5,7dcc350d-dcea-4109-8210-d1dbb4d9bc6c,c5,c3,1012,?,x5,
1768856948.9912088,RECEIVED,762fc537-cd21-4b62-bce7-3265d33cc716,f4b4ae57-6263-41c7-81f9-f560d4f94b3a,c5,c4,1584,e10,?,
1768856949.0530243,SENT,762fc537-cd21-4b62-bce7-3265d33cc716,f4b4ae57-6263-41c7-81f9-f560d4f94b3a,c5,c4,1116,?,x6,
1768856949.053072,FORWARDED,762fc537-cd21-4b62-bce7-3265d33cc716,f4b4ae57-6263-41c7-81f9-f560d4f94b3a,c5,c4,1116,?,x6,
1768856949.2345154,RECEIVED,e03a8283-6e03-4ef6-83e6-fbd79397c7d4,0701f57f-4d6a-455f-9df7-3da46c0c2f84,c3,c5,1584,e3,?,
1768856949.3469224,RECEIVED,d5af9517-4950-4d8d-8d34-7f956614848b,9b32cfcb-1daf-4803-82b2-12b3080b042b,c5,c3,1454,e12,?,
1768856949.4022028,RECEIVED,3f576a60-1df1-4543-a96f-a75c8fea415b,92fcaf3f-090a-42dc-9c2b-b5e3e69ce3e4,c2,c1,1455,e7,?,
1768856949.5168607,RECEIVED,3b0252dd-2e17-499a-adfb-6b8a5b19715a,b427ae8a-e4f8-4808-9788-68464498a5a3,c1,DROP,441,x5,?,
1768856949.5803404,SENT,e03a8283-6e03-4ef6-83e6-fbd79397c7d4,0701f57f-4d6a-455f-9df7-3da46c0c2f84,c3,c5,1116,?,x9,
1768856949.580375,FORWARDED,e03a8283-6e03-4ef6-83e6-fbd79397c7d4,0701f57f-4d6a-455f-9df7-3da46c0c2f84,c3,c5,1116,?,x9,
1768856949.878938,RECEIVED,b89812e1-ddc6-4915-90e5-bc3bbf953fce,c6567efb-33fc-4106-a483-30ee614c4682,c5,c4,1584,e1,?,
1768856949.9377134,SENT,b89812e1-ddc6-4915-90e5-bc3bbf953fce,c6567efb-33fc-4106-a483-30ee614c4682,c5,c4,1115,?,x7,
1768856949.9377475,FORWARDED,b89812e1-ddc6-4915-90e5-bc3bbf953fce,c6567efb-33fc-4106-a483-30ee614c4682,c5,c4,1115,?,x7,
1768856949.982917,SENT,3f576a60-1df1-4543-a96f-a75c8fea415b,92fcaf3f-090a-42dc-9c2b-b5e3e69ce3e4,c2,c1,1020,?,x4,
1768856949.9829588,FORWARDED,3f576a60-1df1-4543-a96f-a75c8fea415b,92fcaf3f-090a-42dc-9c2b-b5e3e69ce3e4,c2,c1,1020,?,x4,
1768856950.1538675,RECEIVED,dd8acce5-e545-49fb-8e20-0338fc62792f,321514a4-a0d1-4e70-b698-e94e8059a338,c2,c1,1459,e8,?,
1768856950.4390082,SENT,d5af9517-4950-4d8d-8d34-7f956614848b,9b32cfcb-1daf-4803-82b2-12b3080b042b,c5,c3,1019,?,x4,
1768856950.439066,FORWARDED,d5af9517-4950-4d8d-8d34-7f956614848b,9b32cfcb-1daf-4803-82b2-12b3080b042b,c5,c3,1019,?,x4,
1768856950.7827442,RECEIVED,17b0b476-7c19-4db6-890c-2a6ab915220a,ed4ab4d3-d376-4156-ba9a-3cae64c7942a,c2,c1,1444,e6,?,
1768856951.0575414,RECEIVED,80c1dadc-9f13-46fb-ad3e-afbfdc5968ce,f2f1ac60-a5ec-45b6-80dd-abc51164f775,c2,c1,1455,e12,?,
1768856951.0893602,SENT,dd8acce5-e545-49fb-8e20-0338fc62792f,321514a4-a0d1-4e70-b698-e94e8059a338,c2,c1,1021,?,x2,
1768856951.0894074,FORWARDED,dd8acce5-e545-49fb-8e20-0338fc62792f,321514a4-a0d1-4e70-b698-e94e8059a338,c2,c1,1021,?,x2,
1768856951.1664782,RECEIVED,2b0b0740-b2a6-4158-81b1-7512cfac04db,9b28b18f-a614-445e-95cb-3aff90fb5ea0,c5,c3,1455,e1,?,
1768856951.2151306,RECEIVED,b4a2f9a4-5a82-4b4a-b856-5b4c59366931,bf0b66b1-6d46-4546-bf38-f572526255e5,c5,c3,1584,e7,?,
1768856951.3250978,SENT,b4a2f9a4-5a82-4b4a-b856-5b4c59366931,bf0b66b1-6d46-4546-bf38-f572526255e5,c5,c3,1115,?,x3,
1768856951.325147,FORWARDED,b4a2f9a4-5a82-4b4a-b856-5b4c59366931,bf0b66b1-6d46-4546-bf38-f572526255e5,c5,c3,1115,?,x3,
1768856951.368564,RECEIVED,b10fab49-7bd4-472e-b4f7-3dab33751109,86f500db-9ab9-47bf-a2f6-4fc89a5125a3,c3,c5,1585,e5,?,
1768856951.4112127,RECEIVED,d26b2b4b-5dad-4237-a92a-ad6bcbead681,d4cd7d2a-8bd7-4a20-b75d-3f24ff4ae09f,c3,c5,1583,e1,?,
1768856951.4335124,RECEIVED,65f7146c-18f3-4e47-9221-5e238c41eb47,672750c5-bca5-42c5-9e49-09a1f19775d1,c5,c1,1583,e12,?,
1768856951.4662917,SENT,80c1dadc-9f13-46fb-ad3e-afbfdc5968ce,f2f1ac60-a5ec-45b6-80dd-abc51164f775,c2,c1,1020,?,x3,
1768856951.4663422,FORWARDED,80c1dadc-9f13-46fb-ad3e-afbfdc5968ce,f2f1ac60-a5ec-45b6-80dd-abc51164f775,c2,c1,1020,?,x3,
1768856951.5034,SENT,b10fab49-7bd4-472e-b4f7-3dab33751109,86f500db-9ab9-47bf-a2f6-4fc89a5125a3,c3,c5,1115,?,x10,
1768856951.5034451,FORWARDED,b10fab49-7bd4-472e-b4f7-3dab33751109,86f500db-9ab9-47bf-a2f6-4fc89a5125a3,c3,c5,1115,?,x10,
1768856951.5695636,SENT,2b0b0740-b2a6-4158-81b1-7512cfac04db,9b28b18f-a614-445e-95cb-3aff90fb5ea0,c5,c3,1019,?,x7,
1768856951.5696144,FORWARDED,2b0b0740-b2a6-4158-81b1-7512cfac04db,9b28b18f-a614-445e-95cb-3aff90fb5ea0,c5,c3,1019,?,x7,
1768856951.7564437,SENT,65f7146c-18f3-4e47-9221-5e238c41eb47,672750c5-bca5-42c5-9e49-09a1f19775d1,c5,c1,1115,?,x7,
1768856951.7564862,FORWARDED,65f7146c-18f3-4e47-9221-5e238c41eb47,672750c5-bca5-42c5-9e49-09a1f19775d1,c5,c1,1115,?,x7,
1768856951.8116598,SENT,d26b2b4b-5dad-4237-a92a-ad6bcbead681,d4cd7d2a-8bd7-4a20-b75d-3f24ff4ae09f,c3,c5,1115,?,x8,
1768856951.8117015,FORWARDED,d26b2b4b-5dad-4237-a92a-ad6bcbead681,d4cd7d2a-8bd7-4a20-b75d-3f24ff4ae09f,c3,c5,1115,?,x8,
1768856951.9030445,RECEIVED,d6408628-3977-49ee-8f0b-20815be2edb5,7365d684-4a86-4dc1-a6d5-e0614d497c6b,c1,c5,1464,e4,?,
1768856951.956838,SENT,d6408628-3977-49ee-8f0b-20815be2edb5,7365d684-4a86-4dc1-a6d5-e0614d497c6b,c1,c5,1024,?,x1,
1768856951.9568806,FORWARDED,d6408628-3977-49ee-8f0b-20815be2edb5,7365d684-4a86-4dc1-a6d5-e0614d497c6b,c1,c5,1024,?,x1,
1768856952.456747,RECEIVED,f4509153-9c6a-46e9-847e-009e6f166c70,ca54da43-b5a6-40b4-900e-b868805d7291,c5,c4,1583,e8,?,
1768856952.4676669,RECEIVED,8aeeefe7-6f9d-4731-948a-9b4ef244cb4b,7f450ddf-06ea-45b6-800f-d355d9a337bd,c3,c5,1455,e1,?,
1768856952.6687095,SENT,8aeeefe7-6f9d-4731-948a-9b4ef244cb4b,7f450ddf-06ea-45b6-800f-d355d9a337bd,c3,c5,1018,?,x8,
1768856952.668749,FORWARDED,8aeeefe7-6f9d-4731-948a-9b4ef244cb4b,7f450ddf-06ea-45b6-800f-d355d9a337bd,c3,c5,1018,?,x8,
1768856952.9048197,SENT,17b0b476-7c19-4db6-890c-2a6ab915220a,ed4ab4d3-d376-4156-ba9a-3cae64c7942a,c2,c1,1011,?,x11,
1768856952.9048612,FORWARDED,17b0b476-7c19-4db6-890c-2a6ab915220a,ed4ab4d3-d376-4156-ba9a-3cae64c7942a,c2,c1,1011,?,x11,
1768856953.0155737,RECEIVED,226bba53-f0e1-4615-89ef-734ce3921716,65df12bf-81fe-4594-972e-efb8f2358c17,c3,DROP,1012,e12,?,
1768856953.0767179,RECEIVED,595fd44d-147b-4796-b81c-fa5fe4877876,1857b743-8106-4062-813e-5d10815b9089,c5,c1,1576,e10,?,
1768856953.1203983,SENT,226bba53-f0e1-4615-89ef-734ce3921716,65df12bf-81fe-4594-972e-efb8f2358c17,c3,DROP,687,?,x12,
1768856953.1205504,FORWARDED,226bba53-f0e1-4615-89ef-734ce3921716,65df12bf-81fe-4594-972e-efb8f2358c17,c3,DROP,687,?,x12,
1768856953.1551225,RECEIVED,19494771-d2a1-4712-8768-7f174e56a780,a347809e-3269-4a97-a056-36bdc8b95bf7,c1,DROP,1016,e2,?,
1768856953.343668,RECEIVED,9418081a-904f-49b6-a75b-53cf2a0f226f,4cf86ccc-e749-42cc-b9a0-18a53cae3806,c3,c5,1466,e7,?,
1768856953.3505151,SENT,19494771-d2a1-4712-8768-7f174e56a780,a347809e-3269-4a97-a056-36bdc8b95bf7,c1,DROP,688,?,x8,
1768856953.3505588,FORWARDED,19494771-d2a1-4712-8768-7f174e56a780,a347809e-3269-4a97-a056-36bdc8b95bf7,c1,DROP,688,?,x8,
1768856953.3879824,SENT,9418081a-904f-49b6-a75b-53cf2a0f226f,4cf86ccc-e749-42cc-b9a0-18a53cae3806,c3,c5,1024,?,x10,
1768856953.3880208,FORWARDED,9418081a-904f-49b6-a75b-53cf2a0f226f,4cf86ccc-e749-42cc-b9a0-18a53cae3806,c3,c5,1024,?,x10,
1768856953.7746038,SENT,f4509153-9c6a-46e9-847e-009e6f166c70,ca54da43-b5a6-40b4-900e-b868805d7291,c5,c4,1116,?,x8,
1768856953.7746458,FORWARDED,f4509153-9c6a-46e9-847e-009e6f166c70,ca54da43-b5a6-40b4-900e-b868805d7291,c5,c4,1116,?,x8,
1768856953.7853146,RECEIVED,84e319c9-d184-4ba5-a62d-e797667092dd,5282671c-1114-4079-b07f-7d2c3db3fd40,c3,c5,1454,e12,?,
1768856953.9535737,RECEIVED,3bdf2e05-3ec7-4661-ab72-7aa353a5d02e,394d8f4d-1d10-4e39-93ae-4dc32f61fecf,c5,c3,1455,e10,?,
1768856954.0454519,RECEIVED,fca884f3-41e8-478e-aac0-32bbf25e7838,1064a0e4-cea0-41b5-a7ff-21299920256c,c3,c5,1584,e12,?,
1768856954.0887048,SENT,84e319c9-d184-4ba5-a62d-e797667092dd,5282671c-1114-4079-b07f-7d2c3db3fd40,c3,c5,1019,?,x9,
1768856954.0887494,FORWARDED,84e319c9-d184-4ba5-a62d-e797667092dd,5282671c-1114-4079-b07f-7d2c3db3fd40,c3,c5,1019,?,x9,
1768856954.1289954,RECEIVED,836de158-0162-4804-b565-82d9b3edc866,4dc923b2-3bd2-4432-a2c7-2a2769c88e16,c3,c5,1452,e10,?,
1768856954.1761608,SENT,fca884f3-41e8-478e-aac0-32bbf25e7838,1064a0e4-cea0-41b5-a7ff-21299920256c,c3,c5,1115,?,x8,
1768856954.1762218,FORWARDED,fca884f3-41e8-478e-aac0-32bbf25e7838,1064a0e4-cea0-41b5-a7ff-21299920256c,c3,c5,1115,?,x8,
1768856954.2666297,SENT,836de158-0162-4804-b565-82d9b3edc866,4dc923b2-3bd2-4432-a2c7-2a2769c88e16,c3,c5,1015,?,x9,
1768856954.266676,FORWARDED,836de158-0162-4804-b565-82d9b3edc866,4dc923b2-3bd2-4432-a2c7-2a2769c88e16,c3,c5,1015,?,x9,
1768856954.5520751,SENT,595fd44d-147b-4796-b81c-fa5fe4877876,1857b743-8106-4062-813e-5d10815b9089,c5,c1,1110,?,x10,
1768856954.5521226,FORWARDED,595fd44d-147b-4796-b81c-fa5fe4877876,1857b743-8106-4062-813e-5d10815b9089,c5,c1,1110,?,x10,
1768856954.613332,RECEIVED,cab40fd4-5e4b-4035-96f4-ee1a859450ce,805022ca-6bed-4de8-b349-3adfca873af8,c5,c3,1460,e5,?,
1768856954.717464,RECEIVED,7269365d-869a-4322-b3d8-5fd3c0742845,a03d6733-2e63-4434-9986-fcadfad1420d,c5,c3,1584,e6,?,
1768856954.8276033,SENT,3bdf2e05-3ec7-4661-ab72-7aa353a5d02e,394d8f4d-1d10-4e39-93ae-4dc32f61fecf,c5,c3,1020,?,x6,
1768856954.8276458,FORWARDED,3bdf2e05-3ec7-4661-ab72-7aa353a5d02e,394d8f4d-1d10-4e39-93ae-4dc32f61fecf,c5,c3,1020,?,x6,
1768856955.1763716,SENT,7269365d-869a-4322-b3d8-5fd3c0742845,a03d6733-2e63-4434-9986-fcadfad1420d,c5,c3,1115,?,x12,
1768856955.1765027,FORWARDED,7269365d-869a-4322-b3d8-5fd3c0742845,a03d6733-2e63-4434-9986-fcadfad1420d,c5,c3,1115,?,x12,
1768856955.4594905,RECEIVED,b517295b-9285-4d1d-aaf7-531928e59d28,85c1ac10-b843-4ccb-a739-168bc7b271f5,c5,c3,1456,e3,?,
1768856955.582304,RECEIVED,2e14b0d7-0c33-4bad-8cfb-2585ded07514,b66bae81-c957-4a26-965a-b1ccf78793d1,c5,c4,1584,e6,?,
1768856955.7427948,SENT,b517295b-9285-4d1d-aaf7-531928e59d28,85c1ac10-b843-4ccb-a739-168bc7b271f5,c5,c3,1020,?,x5,
1768856955.7428353,FORWARDED,b517295b-9285-4d1d-aaf7-531928e59d28,85c1ac10-b843-4ccb-a739-168bc7b271f5,c5,c3,1020,?,x5,
1768856956.1834652,SENT,2e14b0d7-0c33-4bad-8cfb-2585ded07514,b66bae81-c957-4a26-965a-b1ccf78793d1,c5,c4,1115,?,x12,
1768856956.1835063,FORWARDED,2e14b0d7-0c33-4bad-8cfb-2585ded07514,b66bae81-c957-4a26-965a-b1ccf78793d1,c5,c4,1115,?,x12,
1768856956.5726404,RECEIVED,d1a957da-1a1b-4ddc-8d65-b1aea02ced57,206eb807-f01a-4c13-8d0b-cdae600c4e51,c5,c3,1469,e4,?,
1768856956.6948621,SENT,cab40fd4-5e4b-4035-96f4-ee1a859450ce,805022ca-6bed-4de8-b349-3adfca873af8,c5,c3,1023,?,x10,
1768856956.6949117,FORWARDED,cab40fd4-5e4b-4035-96f4-ee1a859450ce,805022ca-6bed-4de8-b349-3adfca873af8,c5,c3,1023,?,x10,
1768856956.803507,SENT,d1a957da-1a1b-4ddc-8d65-b1aea02ced57,206eb807-f01a-4c13-8d0b-cdae600c4e51,c5,c3,1027,?,x11,
1768856956.8036153,FORWARDED,d1a957da-1a1b-4ddc-8d65-b1aea02ced57,206eb807-f01a-4c13-8d0b-cdae600c4e51,c5,c3,1027,?,x11,
1768856956.8886561,RECEIVED,5cfde3f3-e31f-41db-8774-80666d167060,4791e646-aa15-46e6-8cc9-8b5089e3a3da,c5,c3,1583,e4,?,
1768856957.3447301,RECEIVED,3e61dce9-4e1b-41d0-b99c-329ca4850539,84527340-d5fa-4c62-9fd7-21b22e612218,c4,c5,1451,e5,?,
1768856957.5318558,SENT,3e61dce9-4e1b-41d0-b99c-329ca4850539,84527340-d5fa-4c62-9fd7-21b22e612218,c4,c5,1016,?,x1,
1768856957.531899,FORWARDED,3e61dce9-4e1b-41d0-b99c-329ca4850539,84527340-d5fa-4c62-9fd7-21b22e612218,c4,c5,1016,?,x1,
1768856957.6688864,SENT,5cfde3f3-e31f-41db-8774-80666d167060,4791e646-aa15-46e6-8cc9-8b5089e3a3da,c5,c3,1115,?,x1,
1768856957.6689281,FORWARDED,5cfde3f3-e31f-41db-8774-80666d167060,4791e646-aa15-46e6-8cc9-8b5089e3a3da,c5,c3,1115,?,x1,
1768856958.341208,RECEIVED,1bcdddc5-a15f-4a64-9e3c-dec660c8c7bc,8636045c-669f-43c6-8cfc-3cb528d466de,c5,c1,1569,e6,?,
1768856958.354384,SENT,1bcdddc5-a15f-4a64-9e3c-dec660c8c7bc,8636045c-669f-43c6-8cfc-3cb528d466de,c5,c1,1103,?,x9,
1768856958.354426,FORWARDED,1bcdddc5-a15f-4a64-9e3c-dec660c8c7bc,8636045c-669f-43c6-8cfc-3cb528d466de,c5,c1,1103,?,x9,
1768856958.7541914,RECEIVED,63fa3f14-25de-4991-8600-3087efabc386,0e60bbdd-6257-4584-aeef-e930c5f81d1f,c3,c5,1455,e5,?,
1768856959.0475378,RECEIVED,07ec7452-8c76-416e-9e75-39ac40bfc1c8,bd052eb9-bbf9-4838-aa10-97f1c369a12d,c3,DROP,1012,e6,?,
1768856959.1123378,SENT,07ec7452-8c76-416e-9e75-39ac40bfc1c8,bd052eb9-bbf9-4838-aa10-97f1c369a12d,c3,DROP,687,?,x8,
1768856959.1123843,FORWARDED,07ec7452-8c76-416e-9e75-39ac40bfc1c8,bd052eb9-bbf9-4838-aa10-97f1c369a12d,c3,DROP,687,?,x8,
1768856959.1639898,RECEIVED,07bec315-5c9e-4467-93b4-2a044ef157a0,f45967bd-4a79-4c09-9c80-35b491759513,c5,c3,1444,e6,?,
1768856959.3208482,SENT,07bec315-5c9e-4467-93b4-2a044ef157a0,f45967bd-4a79-4c09-9c80-35b491759513,c5,c3,1010,?,x1,
1768856959.3208914,FORWARDED,07bec315-5c9e-4467-93b4-2a044ef157a0,f45967bd-4a79-4c09-9c80-35b491759513,c5,c3,1010,?,x1,
1768856959.4372265,SENT,63fa3f14-25de-4991-8600-3087efabc386,0e60bbdd-6257-4584-aeef-e930c5f81d1f,c3,c5,1019,?,x11,
1768856959.4372678,FORWARDED,63fa3f14-25de-4991-8600-3087efabc386,0e60bbdd-6257-4584-aeef-e930c5f81d1f,c3,c5,1019,?,x11,
1768856959.481907,RECEIVED,fcf4fc70-5d2f-4c4d-8f43-3db0e6c6ffaa,78879909-eedd-49c3-9840-92bbe31654c6,c1,DROP,1007,e12,?,
1768856959.5727792,SENT,fcf4fc70-5d2f-4c4d-8f43-3db0e6c6ffaa,78879909-eedd-49c3-9840-92bbe31654c6,c1,DROP,683,?,x4,
1768856959.5728195,FORWARDED,fcf4fc70-5d2f-4c4d-8f43-3db0e6c6ffaa,78879909-eedd-49c3-9840-92bbe31654c6,c1,DROP,683,?,x4,
1768856959.5901046,RECEIVED,6e7894a7-3918-49b7-8012-53b2a58d593a,ebef49bd-b4e3-48ef-86e6-de213e6d7164,c5,c3,1584,e10,?,
1768856959.6145468,SENT,6e7894a7-3918-49b7-8012-53b2a58d593a,ebef49bd-b4e3-48ef-86e6-de213e6d7164,c5,c3,1115,?,x8,
1768856959.6145868,FORWARDED,6e7894a7-3918-49b7-8012-53b2a58d593a,ebef49bd-b4e3-48ef-86e6-de213e6d7164,c5,c3,1115,?,x8,
1768856959.8267174,RECEIVED,91cc2f27-c0d2-4fb5-b622-e3780c04fd1d,b9bcd767-363f-4eab-87cd-9919d8fa8b9e,c5,c3,1579,e11,?,
1768856959.9739416,RECEIVED,1392b951-afc8-4681-8158-5ba21e159156,3dcd9598-2b15-46fb-a13f-8925f76cbfd4,c5,c3,1450,e2,?,
1768856960.0964098,RECEIVED,aaeae9ee-098e-4bee-ac40-aad4e5a25473,506b14d0-c954-4951-a90d-f1820e143b6d,c2,DROP,1011,e3,?,
1768856960.1592438,SENT,91cc2f27-c0d2-4fb5-b622-e3780c04fd1d,b9bcd767-363f-4eab-87cd-9919d8fa8b9e,c5,c3,1111,?,x9,
1768856960.1592927,FORWARDED,91cc2f27-c0d2-4fb5-b622-e3780c04fd1d,b9bcd767-363f-4eab-87cd-9919d8fa8b9e,c5,c3,1111,?,x9,
1768856960.2970068,RECEIVED,63273192-612c-414f-8ff7-6d3f888b86b6,1aa2f114-83e8-4309-8243-0446218bd93c,c5,c1,1578,e5,?,
1768856960.5833054,RECEIVED,20375ac8-ec3c-422e-ab3a-fdab457dbc56,7a96b344-1a53-4fb9-933c-b98ddb1738e4,c5,c3,1447,e5,?,
1768856960.607921,RECEIVED,2e5c3008-84d1-4100-8e86-efd49bce6d56,a3363948-f5ec-4420-b472-6c638209759d,c5,c1,1579,e6,?,
1768856960.6753013,SENT,1392b951-afc8-4681-8158-5ba21e159156,3dcd9598-2b15-46fb-a13f-8925f76cbfd4,c5,c3,1015,?,x8,
1768856960.6753457,FORWARDED,1392b951-afc8-4681-8158-5ba21e159156,3dcd9598-2b15-46fb-a13f-8925f76cbfd4,c5,c3,1015,?,x8,
1768856960.7210627,RECEIVED,30daeb68-f1ec-47f7-ac30-b23372e4c6d9,99bdf0d8-c34f-4178-b2a8-08ed70cea9e8,c2,DROP,1014,e8,?,
1768856960.9332917,SENT,2e5c3008-84d1-4100-8e86-efd49bce6d56,a3363948-f5ec-4420-b472-6c638209759d,c5,c1,1111,?,x6,
1768856960.933334,FORWARDED,2e5c3008-84d1-4100-8e86-efd49bce6d56,a3363948-f5ec-4420-b472-6c638209759d,c5,c1,1111,?,x6,
1768856961.0456705,RECEIVED,79e89629-31f6-4ddb-8e2e-c66eb559f0d2,dbfc8e3a-f061-431b-81c1-322dcad43342,c1,c2,1583,e2,?,
1768856961.0748286,SENT,30daeb68-f1ec-47f7-ac30-b23372e4c6d9,99bdf0d8-c34f-4178-b2a8-08ed70cea9e8,c2,DROP,688,?,x8,
1768856961.074869,FORWARDED,30daeb68-f1ec-47f7-ac30-b23372e4c6d9,99bdf0d8-c34f-4178-b2a8-08ed70cea9e8,c2,DROP,688,?,x8,
1768856961.1992362,RECEIVED,5513b754-70cf-49c4-b9a5-bb0f4dafcf04,3bba61b1-60a3-450f-896b-acf40fb7460b,c5,c3,1463,e3,?,
1768856961.267825,RECEIVED,84e24927-22a0-4d5f-b147-75762b3d53e2,94aa9abc-eea6-408d-aa7c-b6e47d2fbf6e,c1,c5,1457,e10,?,
1768856961.2766352,RECEIVED,993ac9f4-e53e-4b9a-8608-3ac42f0f703f,53118ef0-9d07-4423-b7c0-ba059c215069,c5,c1,1583,e12,?,
1768856961.499888,SENT,aaeae9ee-098e-4bee-ac40-aad4e5a25473,506b14d0-c954-4951-a90d-f1820e143b6d,c2,DROP,687,?,x4,
1768856961.4999251,FORWARDED,aaeae9ee-098e-4bee-ac40-aad4e5a25473,506b14d0-c954-4951-a90d-f1820e143b6d,c2,DROP,687,?,x4,
1768856961.668594,SENT,84e24927-22a0-4d5f-b147-75762b3d53e2,94aa9abc-eea6-408d-aa7c-b6e47d2fbf6e,c1,c5,1020,?,x11,
1768856961.6686413,FORWARDED,84e24927-22a0-4d5f-b147-75762b3d53e2,94aa9abc-eea6-408d-aa7c-b6e47d2fbf6e,c1,c5,1020,?,x11,
1768856961.8457994,SENT,63273192-612c-414f-8ff7-6d3f888b86b6,1aa2f114-83e8-4309-8243-0446218bd93c,c5,c1,1111,?,x2,
1768856961.8458414,FORWARDED,63273192-612c-414f-8ff7-6d3f888b86b6,1aa2f114-83e8-4309-8243-0446218bd93c,c5,c1,1111,?,x2,
1768856961.8988764,RECEIVED,6a060b3b-276d-40f9-bc5e-96833e831ee3,032787f3-26de-4ab3-993e-f44f4babb6ea,c5,c1,1588,e5,?,
1768856961.912817,RECEIVED,61d294c0-712f-44f8-9ab2-e9dbc905cacb,b35ec2af-328c-4667-abb3-18488e7d0abc,c4,DROP,1020,e8,?,
1768856961.947823,SENT,6a060b3b-276d-40f9-bc5e-96833e831ee3,032787f3-26de-4ab3-993e-f44f4babb6ea,c5,c1,1117,?,x2,
1768856961.9478629,FORWARDED,6a060b3b-276d-40f9-bc5e-96833e831ee3,032787f3-26de-4ab3-993e-f44f4babb6ea,c5,c1,1117,?,x2,
1768856962.053656,RECEIVED,2c45f456-59b4-43d9-b389-2775a1962436,df9a5252-077b-48b1-bc50-90b7dfcf4852,c3,c5,1584,e11,?,
1768856962.0557487,RECEIVED,a75b0d68-ce67-4d07-a7f0-7da7b1e6645b,2e556a08-82c1-457a-a79c-9ef67e8a87d7,c1,c5,1456,e12,?,
1768856962.1725757,SENT,2c45f456-59b4-43d9-b389-2775a1962436,df9a5252-077b-48b1-bc50-90b7dfcf4852,c3,c5,1116,?,x7,
1768856962.172612,FORWARDED,2c45f456-59b4-43d9-b389-2775a1962436,df9a5252-077b-48b1-bc50-90b7dfcf4852,c3,c5,1116,?,x7,
1768856962.228475,SENT,a75b0d68-ce67-4d07-a7f0-7da7b1e6645b,2e556a08-82c1-457a-a79c-9ef67e8a87d7,c1,c5,1020,?,x3,
1768856962.2285187,FORWARDED,a75b0d68-ce67-4d07-a7f0-7da7b1e6645b,2e556a08-82c1-457a-a79c-9ef67e8a87d7,c1,c5,1020,?,x3,
1768856962.236569,RECEIVED,a14189c7-5994-4ede-a1c7-b140aaee5640,215f265d-7265-44a6-a244-cabc7eaab7a8,c3,c5,1464,e12,?,
1768856962.2474225,SENT,61d294c0-712f-44f8-9ab2-e9dbc905cacb,b35ec2af-328c-4667-abb3-18488e7d0abc,c4,DROP,692,?,x11,
1768856962.2474647,FORWARDED,61d294c0-712f-44f8-9ab2-e9dbc905cacb,b35ec2af-328c-4667-abb3-18488e7d0abc,c4,DROP,692,?,x11,
1768856962.3832316,SENT,5513b754-70cf-49c4-b9a5-bb0f4dafcf04,3bba61b1-60a3-450f-896b-acf40fb7460b,c5,c3,1024,?,x12,
1768856962.3832743,FORWARDED,5513b754-70cf-49c4-b9a5-bb0f4dafcf04,3bba61b1-60a3-450f-896b-acf40fb7460b,c5,c3,1024,?,x12,
1768856962.4380395,SENT,79e89629-31f6-4ddb-8e2e-c66eb559f0d2,dbfc8e3a-f061-431b-81c1-322dcad43342,c1,c2,1116,?,x1,
1768856962.4380922,FORWARDED,79e89629-31f6-4ddb-8e2e-c66eb559f0d2,dbfc8e3a-f061-431b-81c1-322dcad43342,c1,c2,1116,?,x1,
1768856962.5384336,SENT,20375ac8-ec3c-422e-ab3a-fdab457dbc56,7a96b344-1a53-4fb9-933c-b98ddb1738e4,c5,c3,1013,?,x7,
1768856962.5384724,FORWARDED,20375ac8-ec3c-422e-ab3a-fdab457dbc56,7a96b344-1a53-4fb9-933c-b98ddb1738e4,c5,c3,1013,?,x7,
1768856962.6638534,RECEIVED,91a2233f-0559-4e77-9316-65ebd443af74,aae9e1cf-5f83-4d62-9526-601e2d664b54,c5,c1,1567,e4,?,
1768856962.7400367,SENT,a14189c7-5994-4ede-a1c7-b140aaee5640,215f265d-7265-44a6-a244-cabc7eaab7a8,c3,c5,1024,?,x6,
1768856962.740217,FORWARDED,a14189c7-5994-4ede-a1c7-b140aaee5640,215f265d-7265-44a6-a244-cabc7eaab7a8,c3,c5,1024,?,x6,
1768856963.217709,SENT,993ac9f4-e53e-4b9a-8608-3ac42f0f703f,53118ef0-9d07-4423-b7c0-ba059c215069,c5,c1,1115,?,x1,
1768856963.2177515,FORWARDED,993ac9f4-e53e-4b9a-8608-3ac42f0f703f,53118ef0-9d07-4423-b7c0-ba059c215069,c5,c1,1115,?,x1,
1768856963.2797377,RECEIVED,33dbdee0-6a02-4eca-b254-25a59e4eaa3d,9bb31f91-1624-4dd4-897c-3f245e84d724,c5,c3,1461,e6,?,
1768856963.404717,RECEIVED,d8688efe-a6ec-4e8a-8dbd-49092709810f,bff960ec-cd2d-45b9-986c-8b8932ded4e6,c1,DROP,442,x8,?,
1768856963.5249586,SENT,33dbdee0-6a02-4eca-b254-25a59e4eaa3d,9bb31f91-1624-4dd4-897c-3f245e84d724,c5,c3,1023,?,x10,
1768856963.5250123,FORWARDED,33dbdee0-6a02-4eca-b254-25a59e4eaa3d,9bb31f91-1624-4dd4-897c-3f245e84d724,c5,c3,1023,?,x10,
1768856963.714599,SENT,91a2233f-0559-4e77-9316-65ebd443af74,aae9e1cf-5f83-4d62-9526-601e2d664b54,c5,c1,1103,?,x1,
1768856963.714641,FORWARDED,91a2233f-0559-4e77-9316-65ebd443af74,aae9e1cf-5f83-4d62-9526-601e2d664b54,c5,c1,1103,?,x1,
1768856964.010463,RECEIVED,8b611503-56dc-4943-abe8-bf08e32f2099,dcf06fe7-a744-410a-a8e9-03776544c4d8,c3,c5,1583,e3,?,
1768856964.1022284,SENT,8b611503-56dc-4943-abe8-bf08e32f2099,dcf06fe7-a744-410a-a8e9-03776544c4d8,c3,c5,1115,?,x4,
1768856964.10227,FORWARDED,8b611503-56dc-4943-abe8-bf08e32f2099,dcf06fe7-a744-410a-a8e9-03776544c4d8,c3,c5,1115,?,x4,
1768856965.3760238,RECEIVED,62296857-d126-4f08-9f39-991c91330b42,3881b837-d32c-428c-a9fa-8768d7fe83b9,c5,c3,1458,e6,?,
1768856965.406206,SENT,62296857-d126-4f08-9f39-991c91330b42,3881b837-d32c-428c-a9fa-8768d7fe83b9,c5,c3,1020,?,x12,
1768856965.4062495,FORWARDED,62296857-d126-4f08-9f39-991c91330b42,3881b837-d32c-428c-a9fa-8768d7fe83b9,c5,c3,1020,?,x12,
1768856965.5666788,RECEIVED,7f1d1ba8-87f7-42f3-9103-ea2d4889aa70,b5645ca3-088e-4750-96df-3bf0d201eb6c,c5,c3,1451,e5,?,
1768856965.7548122,RECEIVED,b70dd47e-2e4d-4975-b305-72866b48875a,52ff3f20-de15-45e5-b7d3-0518dffc3b72,c1,c2,1576,e4,?,
1768856965.8991406,SENT,b70dd47e-2e4d-4975-b305-72866b48875a,52ff3f20-de15-45e5-b7d3-0518dffc3b72,c1,c2,1108,?,x1,
1768856965.899182,FORWARDED,b70dd47e-2e4d-4975-b305-72866b48875a,52ff3f20-de15-45e5-b7d3-0518dffc3b72,c1,c2,1108,?,x1,
1768856965.9112906,SENT,7f1d1ba8-87f7-42f3-9103-ea2d4889aa70,b5645ca3-088e-4750-96df-3bf0d201eb6c,c5,c3,1015,?,x6,
1768856965.9113312,FORWARDED,7f1d1ba8-87f7-42f3-9103-ea2d4889aa70,b5645ca3-088e-4750-96df-3bf0d201eb6c,c5,c3,1015,?,x6,
1768856966.0497265,RECEIVED,b41592cf-678b-4115-a466-b508eb2fc928,00c5a22c-74a1-4d3e-9260-d6d7ce98854a,c5,c4,1592,e6,?,
1768856966.1194546,SENT,b41592cf-678b-4115-a466-b508eb2fc928,00c5a22c-74a1-4d3e-9260-d6d7ce98854a,c5,c4,1120,?,x6,
1768856966.1194959,FORWARDED,b41592cf-678b-4115-a466-b508eb2fc928,00c5a22c-74a1-4d3e-9260-d6d7ce98854a,c5,c4,1120,?,x6,
1768856966.2668102,RECEIVED,50e20077-82bc-4ac9-8d91-da238f25a650,8f8ddfb1-0d88-4456-9fc9-bff76b8e5bb6,c4,c5,1451,e3,?,
1768856966.4363325,RECEIVED,9acd9163-1fb3-4139-b2eb-3a8a5938a21e,df64d4e8-f5a6-4dee-a072-29ffc6d01c86,c3,c5,1459,e2,?,
1768856966.4738214,SENT,9acd9163-1fb3-4139-b2eb-3a8a5938a21e,df64d4e8-f5a6-4dee-a072-29ffc6d01c86,c3,c5,1020,?,x10,
1768856966.4738631,FORWARDED,9acd9163-1fb3-4139-b2eb-3a8a5938a21e,df64d4e8-f5a6-4dee-a072-29ffc6d01c86,c3,c5,1020,?,x10,
1768856966.515249,RECEIVED,e55db996-9613-46ba-98ab-c52bc392b58c,aa8950f6-bc76-4538-9f98-e1c30c170bae,c3,c5,1567,e5,?,
1768856966.59802,SENT,50e20077-82bc-4ac9-8d91-da238f25a650,8f8ddfb1-0d88-4456-9fc9-bff76b8e5bb6,c4,c5,1015,?,x5,
1768856966.598073,FORWARDED,50e20077-82bc-4ac9-8d91-da238f25a650,8f8ddfb1-0d88-4456-9fc9-bff76b8e5bb6,c4,c5,1015,?,x5,
1768856966.7720234,RECEIVED,41a10b57-85b1-4f6d-a10a-0a5a2e28473f,93aa0c25-fc99-4efe-b7fd-7d2dc25edceb,c2,c1,1457,e1,?,
1768856966.8118398,SENT,41a10b57-85b1-4f6d-a10a-0a5a2e28473f,93aa0c25-fc99-4efe-b7fd-7d2dc25edceb,c2,c1,1019,?,x1,
1768856966.8118837,FORWARDED,41a10b57-85b1-4f6d-a10a-0a5a2e28473f,93aa0c25-fc99-4efe-b7fd-7d2dc25edceb,c2,c1,1019,?,x1,
1768856967.0740135,RECEIVED,e27b8714-8158-4d4f-a203-4b585a710e88,f6914409-f4dc-437d-87a1-56e82c23836b,c5,c1,1581,e6,?,
1768856967.1165,SENT,e27b8714-8158-4d4f-a203-4b585a710e88,f6914409-f4dc-437d-87a1-56e82c23836b,c5,c1,1112,?,x8,
1768856967.1166174,FORWARDED,e27b8714-8158-4d4f-a203-4b585a710e88,f6914409-f4dc-437d-87a1-56e82c23836b,c5,c1,1112,?,x8,
1768856967.1203036,SENT,e55db996-9613-46ba-98ab-c52bc392b58c,aa8950f6-bc76-4538-9f98-e1c30c170bae,c3,c5,1104,?,x9,
1768856967.1203823,FORWARDED,e55db996-9613-46ba-98ab-c52bc392b58c,aa8950f6-bc76-4538-9f98-e1c30c170bae,c3,c5,1104,?,x9,
1768856967.1787348,RECEIVED,13807a0f-1137-4164-af9c-6d6ffcb72a17,7817d38c-b98a-4f1b-b709-f5cd79577ab6,c4,c5,1459,e3,?,
1768856967.508272,SENT,13807a0f-1137-4164-af9c-6d6ffcb72a17,7817d38c-b98a-4f1b-b709-f5cd79577ab6,c4,c5,1023,?,x2,
1768856967.508319,FORWARDED,13807a0f-1137-4164-af9c-6d6ffcb72a17,7817d38c-b98a-4f1b-b709-f5cd79577ab6,c4,c5,1023,?,x2,
1768856967.8327572,RECEIVED,7dd307ba-66bc-4714-982f-7ccb05f0b5e0,91e5f939-39cd-4345-94f9-e5712943de3d,c1,c5,1464,e6,?,
1768856967.9742339,RECEIVED,af26cdb4-1724-433c-abcc-91897018c33c,8574ef8e-35cb-4539-b66d-596e3e720919,c3,c5,1575,e6,?,
1768856968.27911,RECEIVED,d82b2d1a-44b3-4686-8480-2bcddc8fa570,b0bfe64d-7c5d-403b-afbe-d1b89a7f1b45,c5,c3,1459,e3,?,
1768856968.2807286,SENT,7dd307ba-66bc-4714-982f-7ccb05f0b5e0,91e5f939-39cd-4345-94f9-e5712943de3d,c1,c5,1024,?,x10,
1768856968.2807713,FORWARDED,7dd307ba-66bc-4714-982f-7ccb05f0b5e0,91e5f939-39cd-4345-94f9-e5712943de3d,c1,c5,1024,?,x10,
1768856968.461419,SENT,d82b2d1a-44b3-4686-8480-2bcddc8fa570,b0bfe64d-7c5d-403b-afbe-d1b89a7f1b45,c5,c3,1022,?,x8,
1768856968.4614606,FORWARDED,d82b2d1a-44b3-4686-8480-2bcddc8fa570,b0bfe64d-7c5d-403b-afbe-d1b89a7f1b45,c5,c3,1022,?,x8,
1768856968.529197,RECEIVED,bad2a3ff-1ae4-4dee-8c78-4e27ed5a510f,98051e79-dc47-4c18-abc5-37b7786fa70f,c2,DROP,1017,e12,?,
1768856968.5921526,RECEIVED,ad525c1c-3a32-4d03-a1f2-c5f49b75e00b,751655e4-e645-4818-8224-4e8071104cb0,c5,c3,1584,e10,?,
1768856968.7571821,SENT,bad2a3ff-1ae4-4dee-8c78-4e27ed5a510f,98051e79-dc47-4c18-abc5-37b7786fa70f,c2,DROP,688,?,x10,
1768856968.7575774,FORWARDED,bad2a3ff-1ae4-4dee-8c78-4e27ed5a510f,98051e79-dc47-4c18-abc5-37b7786fa70f,c2,DROP,688,?,x10,
1768856968.9734807,RECEIVED,38124df2-8a44-46c4-b392-34d699c42130,784d48a4-490d-41b7-8f95-4f2103327c83,c2,c1,1455,e11,?,
1768856968.9751582,RECEIVED,8b8eb9dc-e768-468a-915a-6f7c750b2ae6,0d6f76fc-2b6f-48e1-8200-9916f1c05f68,c3,c5,1448,e1,?,
1768856968.986128,SENT,af26cdb4-1724-433c-abcc-91897018c33c,8574ef8e-35cb-4539-b66d-596e3e720919,c3,c5,1108,?,x9,
1768856968.9861717,FORWARDED,af26cdb4-1724-433c-abcc-91897018c33c,8574ef8e-35cb-4539-b66d-596e3e720919,c3,c5,1108,?,x9,
1768856969.0666323,RECEIVED,dd5b1597-40ad-46d7-9411-bcd6bd6f10f1,d173fd88-7667-4646-aae5-4e402a5ac3d0,c3,DROP,1016,e4,?,
1768856969.2100096,SENT,dd5b1597-40ad-46d7-9411-bcd6bd6f10f1,d173fd88-7667-4646-aae5-4e402a5ac3d0,c3,DROP,688,?,x6,
1768856969.2100658,FORWARDED,dd5b1597-40ad-46d7-9411-bcd6bd6f10f1,d173fd88-7667-4646-aae5-4e402a5ac3d0,c3,DROP,688,?,x6,
1768856969.244108,RECEIVED,4f1ad7da-ffa4-4eae-a4c6-b1f6015fa34d,0a58a3b1-602a-4679-ad74-2e7341a5cf9e,c2,DROP,1011,e1,?,
1768856969.3490202,SENT,8b8eb9dc-e768-468a-915a-6f7c750b2ae6,0d6f76fc-2b6f-48e1-8200-9916f1c05f68,c3,c5,1012,?,x11,
1768856969.3490782,FORWARDED,8b8eb9dc-e768-468a-915a-6f7c750b2ae6,0d6f76fc-2b6f-48e1-8200-9916f1c05f68,c3,c5,1012,?,x11,
1768856969.5031462,SENT,4f1ad7da-ffa4-4eae-a4c6-b1f6015fa34d,0a58a3b1-602a-4679-ad74-2e7341a5cf9e,c2,DROP,687,?,x7,
1768856969.5031874,FORWARDED,4f1ad7da-ffa4-4eae-a4c6-b1f6015fa34d,0a58a3b1-602a-4679-ad74-2e7341a5cf9e,c2,DROP,687,?,x7,
1768856969.593771,SENT,ad525c1c-3a32-4d03-a1f2-c5f49b75e00b,751655e4-e645-4818-8224-4e8071104cb0,c5,c3,1115,?,x11,
1768856969.5938141,FORWARDED,ad525c1c-3a32-4d03-a1f2-c5f49b75e00b,751655e4-e645-4818-8224-4e8071104cb0,c5,c3,1115,?,x11,
1768856969.6350107,SENT,38124df2-8a44-46c4-b392-34d699c42130,784d48a4-490d-41b7-8f95-4f2103327c83,c2,c1,1020,?,x4,
1768856969.6350636,FORWARDED,38124df2-8a44-46c4-b392-34d699c42130,784d48a4-490d-41b7-8f95-4f2103327c83,c2,c1,1020,?,x4,
1768856969.7316792,RECEIVED,bf2b4035-f114-4d93-af3a-a2a64ffd8521,ae46ec96-930a-4f9a-a003-2e270a2ed76c,c5,c3,1456,e7,?,
1768856970.2170875,RECEIVED,99861e72-537a-4aa7-9ff4-995218ff7ff7,cda2cbc6-fdac-4367-8a8a-156f443d28ee,c3,DROP,1008,e8,?,
1768856970.229292,RECEIVED,2c723ba3-59f2-4c36-bc30-bfabaa41199d,d9f71766-4591-460a-9d62-029afb189ea9,c3,c5,1461,e8,?,
1768856970.581883,SENT,2c723ba3-59f2-4c36-bc30-bfabaa41199d,d9f71766-4591-460a-9d62-029afb189ea9,c3,c5,1023,?,x11,
1768856970.5819235,FORWARDED,2c723ba3-59f2-4c36-bc30-bfabaa41199d,d9f71766-4591-460a-9d62-029afb189ea9,c3,c5,1023,?,x11,
1768856970.7994556,RECEIVED,c18ca4b8-9d77-4739-9e2e-f2c09c28582a,c69108f0-4a5d-4f18-9a64-9cbd0b2b0187,c1,c2,1568,e4,?,
1768856970.8360605,SENT,bf2b4035-f114-4d93-af3a-a2a64ffd8521,ae46ec96-930a-4f9a-a003-2e270a2ed76c,c5,c3,1019,?,x10,
1768856970.8361177,FORWARDED,bf2b4035-f114-4d93-af3a-a2a64ffd8521,ae46ec96-930a-4f9a-a003-2e270a2ed76c,c5,c3,1019,?,x10,
1768856970.8973455,RECEIVED,0184513c-3c61-4aaf-95ad-4b0f5df05bb1,a2919547-1599-4b14-a800-aebce9f1dd22,c4,c5,1459,e11,?,
1768856970.9778702,SENT,c18ca4b8-9d77-4739-9e2e-f2c09c28582a,c69108f0-4a5d-4f18-9a64-9cbd0b2b0187,c1,c2,1104,?,x4,
1768856970.977913,FORWARDED,c18ca4b8-9d77-4739-9e2e-f2c09c28582a,c69108f0-4a5d-4f18-9a64-9cbd0b2b0187,c1,c2,1104,?,x4,
1768856970.9842162,RECEIVED,979de274-45f7-4d2b-8524-daa2169eb637,bc9e6318-fa8a-4c79-9ad5-27c3f72786ca,c3,c5,1455,e4,?,
1768856971.175931,RECEIVED,2263ba09-0bfb-4e83-b3fd-2ac099ca1e4e,f1cf6ce4-cd95-4709-8d6f-95ce31420984,c5,c4,1584,e11,?,
1768856971.2258737,SENT,2263ba09-0bfb-4e83-b3fd-2ac099ca1e4e,f1cf6ce4-cd95-4709-8d6f-95ce31420984,c5,c4,1115,?,x2,
1768856971.2259114,FORWARDED,2263ba09-0bfb-4e83-b3fd-2ac099ca1e4e,f1cf6ce4-cd95-4709-8d6f-95ce31420984,c5,c4,1115,?,x2,
1768856971.274557,SENT,99861e72-537a-4aa7-9ff4-995218ff7ff7,cda2cbc6-fdac-4367-8a8a-156f443d28ee,c3,DROP,683,?,x12,
1768856971.2745986,FORWARDED,99861e72-537a-4aa7-9ff4-995218ff7ff7,cda2cbc6-fdac-4367-8a8a-156f443d28ee,c3,DROP,683,?,x12,
1768856971.4203482,RECEIVED,c139df83-4ab1-48e9-934a-3836a67be927,652fbde6-7fe3-47c0-a595-24a433be6348,c5,c1,1582,e4,?,
1768856971.4932706,SENT,979de274-45f7-4d2b-8524-daa2169eb637,bc9e6318-fa8a-4c79-9ad5-27c3f72786ca,c3,c5,1020,?,x2,
1768856971.493661,FORWARDED,979de274-45f7-4d2b-8524-daa2169eb637,bc9e6318-fa8a-4c79-9ad5-27c3f72786ca,c3,c5,1020,?,x2,
1768856971.6802037,SENT,0184513c-3c61-4aaf-95ad-4b0f5df05bb1,a2919547-1599-4b14-a800-aebce9f1dd22,c4,c5,1023,?,x8,
1768856971.6802464,FORWARDED,0184513c-3c61-4aaf-95ad-4b0f5df05bb1,a2919547-1599-4b14-a800-aebce9f1dd22,c4,c5,1023,?,x8,
1768856971.745467,RECEIVED,7152c741-2910-4534-a23d-4d7c5bb22cab,a0e100da-b20e-41c6-9304-46b816dded27,c5,c3,1584,e1,?,
1768856971.7841878,RECEIVED,3f22af87-a5ca-4137-b22d-a199c29bf0c1,d45ab879-9aa7-40d8-b923-21f2cae0679d,c5,c3,1455,e10,?,
1768856971.7938855,SENT,7152c741-2910-4534-a23d-4d7c5bb22cab,a0e100da-b20e-41c6-9304-46b816dded27,c5,c3,1116,?,x6,
1768856971.7939332,FORWARDED,7152c741-2910-4534-a23d-4d7c5bb22cab,a0e100da-b20e-41c6-9304-46b816dded27,c5,c3,1116,?,x6,
1768856971.9336421,RECEIVED,95f27bc7-f936-4938-ac93-63e09760406b,aabe846d-5750-4116-922d-956a7a489ec0,c5,c4,1575,e1,?,
1768856972.000664,RECEIVED,61e9585a-67d4-4b8c-b272-3e8090c336fa,36b2b39b-600d-4b71-83d7-6e023bb71330,c3,c5,1464,e8,?,
1768856972.004152,RECEIVED,ab8eead0-00fb-4b36-aa64-cb6114b595ef,857822bc-dec5-454e-a20f-d915a11111bb,c5,c1,1568,e1,?,
1768856972.097019,SENT,ab8eead0-00fb-4b36-aa64-cb6114b595ef,857822bc-dec5-454e-a20f-d915a11111bb,c5,c1,1104,?,x5,
1768856972.0970747,FORWARDED,ab8eead0-00fb-4b36-aa64-cb6114b595ef,857822bc-dec5-454e-a20f-d915a11111bb,c5,c1,1104,?,x5,
1768856972.2131238,SENT,c139df83-4ab1-48e9-934a-3836a67be927,652fbde6-7fe3-47c0-a595-24a433be6348,c5,c1,1116,?,x1,
1768856972.2131677,FORWARDED,c139df83-4ab1-48e9-934a-3836a67be927,652fbde6-7fe3-47c0-a595-24a433be6348,c5,c1,1116,?,x1,
1768856972.2166643,SENT,95f27bc7-f936-4938-ac93-63e09760406b,aabe846d-5750-4116-922d-956a7a489ec0,c5,c4,1108,?,x9,
1768856972.216706,FORWARDED,95f27bc7-f936-4938-ac93-63e09760406b,aabe846d-5750-4116-922d-956a7a489ec0,c5,c4,1108,?,x9,
1768856972.3332436,RECEIVED,058c7d8a-1b72-474a-ac7d-0ab33bfa1662,931530b4-d1fc-4ad9-9c02-d9df3d240e55,c3,c5,1583,e3,?,
1768856972.3573642,SENT,61e9585a-67d4-4b8c-b272-3e8090c336fa,36b2b39b-600d-4b71-83d7-6e023bb71330,c3,c5,1024,?,x3,
1768856972.3574066,FORWARDED,61e9585a-67d4-4b8c-b272-3e8090c336fa,36b2b39b-600d-4b71-83d7-6e023bb71330,c3,c5,1024,?,x3,
1768856972.4668016,SENT,3f22af87-a5ca-4137-b22d-a199c29bf0c1,d45ab879-9aa7-40d8-b923-21f2cae0679d,c5,c3,1018,?,x6,
1768856972.466844,FORWARDED,3f22af87-a5ca-4137-b22d-a199c29bf0c1,d45ab879-9aa7-40d8-b923-21f2cae0679d,c5,c3,1018,?,x6,
1768856972.645526,RECEIVED,39014bb7-0910-4c0d-86f8-bef3596a3dde,c41522b7-7c2b-4ad9-8ad9-7224ea5f6004,c4,c5,1460,e10,?,
1768856972.7163577,SENT,39014bb7-0910-4c0d-86f8-bef3596a3dde,c41522b7-7c2b-4ad9-8ad9-7224ea5f6004,c4,c5,1021,?,x2,
1768856972.716401,FORWARDED,39014bb7-0910-4c0d-86f8-bef3596a3dde,c41522b7-7c2b-4ad9-8ad9-7224ea5f6004,c4,c5,1021,?,x2,
1768856972.8658378,RECEIVED,f54fc827-42bd-444c-89b6-3ad3a924e4ba,1bc0a88f-2bdf-4baa-a964-48a0a528e309,c5,c3,1582,e10,?,
1768856973.0199502,RECEIVED,9e2c9ccb-2a01-471e-ae42-58a84dab7260,8d77a593-2dd1-435b-abeb-973914334c29,c3,c5,1587,e6,?,
1768856973.0664766,RECEIVED,e64eeb12-069b-4c75-b96b-ce01574e78d9,6a206978-d652-4262-a01c-41bafe926d8f,c3,c5,1583,e11,?,
1768856973.068927,RECEIVED,e02d3b58-ed46-484f-aefd-c4a558cd6327,216a79ed-81d5-4f36-9620-39ed86628914,c3,c5,1460,e10,?,
1768856973.1448133,SENT,e02d3b58-ed46-484f-aefd-c4a558cd6327,216a79ed-81d5-4f36-9620-39ed86628914,c3,c5,1022,?,x7,
1768856973.144854,FORWARDED,e02d3b58-ed46-484f-aefd-c4a558cd6327,216a79ed-81d5-4f36-9620-39ed86628914,c3,c5,1022,?,x7,
1768856973.1519942,SENT,9e2c9ccb-2a01-471e-ae42-58a84dab7260,8d77a593-2dd1-435b-abeb-973914334c29,c3,c5,1118,?,x9,
1768856973.1520362,FORWARDED,9e2c9ccb-2a01-471e-ae42-58a84dab7260,8d77a593-2dd1-435b-abeb-973914334c29,c3,c5,1118,?,x9,
1768856973.1552942,SENT,e64eeb12-069b-4c75-b96b-ce01574e78d9,6a206978-d652-4262-a01c-41bafe926d8f,c3,c5,1115,?,x9,
1768856973.1553369,FORWARDED,e64eeb12-069b-4c75-b96b-ce01574e78d9,6a206978-d652-4262-a01c-41bafe926d8f,c3,c5,1115,?,x9,
1768856973.1736062,RECEIVED,bf86865c-e53b-49d6-9c38-166f68dcfdc1,3d26431e-bb75-44c6-8d34-e787beb91ecd,c3,c5,1584,e8,?,
1768856973.1971164,RECEIVED,c7ca53f8-3199-4385-b4a3-b0762f2ac725,a32bf267-be24-46f4-a496-846174038f1c,c1,c5,1458,e1,?,
1768856973.2296638,RECEIVED,cc460f5e-f0d8-4a9c-885d-9a7daa2d1ff2,3d237ee4-4004-4a9a-b74d-77f0b2c20d06,c5,c3,1572,e2,?,
1768856973.246243,RECEIVED,21267105-dd13-44eb-bd6f-ed3624b726fc,a74f3f4d-fa20-40b7-a4a5-1aa9540be8a3,c5,c3,1456,e2,?,
1768856973.2626414,SENT,c7ca53f8-3199-4385-b4a3-b0762f2ac725,a32bf267-be24-46f4-a496-846174038f1c,c1,c5,1019,?,x3,
1768856973.2626839,FORWARDED,c7ca53f8-3199-4385-b4a3-b0762f2ac725,a32bf267-be24-46f4-a496-846174038f1c,c1,c5,1019,?,x3,
1768856973.3603566,SENT,cc460f5e-f0d8-4a9c-885d-9a7daa2d1ff2,3d237ee4-4004-4a9a-b74d-77f0b2c20d06,c5,c3,1107,?,x9,
1768856973.3604007,FORWARDED,cc460f5e-f0d8-4a9c-885d-9a7daa2d1ff2,3d237ee4-4004-4a9a-b74d-77f0b2c20d06,c5,c3,1107,?,x9,
1768856973.3618813,SENT,058c7d8a-1b72-474a-ac7d-0ab33bfa1662,931530b4-d1fc-4ad9-9c02-d9df3d240e55,c3,c5,1116,?,x2,
1768856973.3619187,FORWARDED,058c7d8a-1b72-474a-ac7d-0ab33bfa1662,931530b4-d1fc-4ad9-9c02-d9df3d240e55,c3,c5,1116,?,x2,
1768856973.4725237,SENT,bf86865c-e53b-49d6-9c38-166f68dcfdc1,3d26431e-bb75-44c6-8d34-e787beb91ecd,c3,c5,1115,?,x5,
1768856973.4725595,FORWARDED,bf86865c-e53b-49d6-9c38-166f68dcfdc1,3d26431e-bb75-44c6-8d34-e787beb91ecd,c3,c5,1115,?,x5,
1768856973.7738972,SENT,21267105-dd13-44eb-bd6f-ed3624b726fc,a74f3f4d-fa20-40b7-a4a5-1aa9540be8a3,c5,c3,1019,?,x11,
1768856973.7742453,FORWARDED,21267105-dd13-44eb-bd6f-ed3624b726fc,a74f3f4d-fa20-40b7-a4a5-1aa9540be8a3,c5,c3,1019,?,x11,
1768856973.8098829,SENT,f54fc827-42bd-444c-89b6-3ad3a924e4ba,1bc0a88f-2bdf-4baa-a964-48a0a528e309,c5,c3,1115,?,x3,
1768856973.8099256,FORWARDED,f54fc827-42bd-444c-89b6-3ad3a924e4ba,1bc0a88f-2bdf-4baa-a964-48a0a528e309,c5,c3,1115,?,x3,
1768856974.9458492,RECEIVED,7d8706c8-ce0f-4e39-84fc-9350eefed4d4,017b1a63-311a-44d8-95cf-2a516cb5493f,c5,c3,1452,e10,?,
1768856975.1141741,SENT,7d8706c8-ce0f-4e39-84fc-9350eefed4d4,017b1a63-311a-44d8-95cf-2a516cb5493f,c5,c3,1016,?,x9,
1768856975.1142173,FORWARDED,7d8706c8-ce0f-4e39-84fc-9350eefed4d4,017b1a63-311a-44d8-95cf-2a516cb5493f,c5,c3,1016,?,x9,
1768856975.4500964,RECEIVED,bfd7c151-8658-4896-a5f3-47d573c71b1d,bdad2bc7-e4cf-40ea-9cb8-038472c3cf8f,c5,c3,1585,e4,?,
1768856975.5074234,SENT,bfd7c151-8658-4896-a5f3-47d573c71b1d,bdad2bc7-e4cf-40ea-9cb8-038472c3cf8f,c5,c3,1115,?,x9,
1768856975.5074751,FORWARDED,bfd7c151-8658-4896-a5f3-47d573c71b1d,bdad2bc7-e4cf-40ea-9cb8-038472c3cf8f,c5,c3,1115,?,x9,
1768856975.685225,RECEIVED,c65f81d2-45d3-4adc-93a6-764b08da833c,a5218c0a-a379-4313-803a-c87b5113d2ef,c1,c2,1572,e8,?,
1768856975.6974084,RECEIVED,ee965187-ba24-401c-8589-b2642e8cc983,4151210b-0ba0-4f88-82a2-f21fb87e6954,c5,c4,1572,e4,?,
1768856975.7815752,SENT,c65f81d2-45d3-4adc-93a6-764b08da833c,a5218c0a-a379-4313-803a-c87b5113d2ef,c1,c2,1107,?,x11,
1768856975.7816172,FORWARDED,c65f81d2-45d3-4adc-93a6-764b08da833c,a5218c0a-a379-4313-803a-c87b5113d2ef,c1,c2,1107,?,x11,
1768856975.9360049,SENT,ee965187-ba24-401c-8589-b2642e8cc983,4151210b-0ba0-4f88-82a2-f21fb87e6954,c5,c4,1106,?,x12,
1768856975.9360616,FORWARDED,ee965187-ba24-401c-8589-b2642e8cc983,4151210b-0ba0-4f88-82a2-f21fb87e6954,c5,c4,1106,?,x12,
1768856976.121747,RECEIVED,e0f98b29-1339-4491-9885-5e0c1616f553,d71ebb7b-c1e5-40d4-9d5a-4e09a0d8cd33,c5,c1,1586,e10,?,
1768856976.1460729,SENT,e0f98b29-1339-4491-9885-5e0c1616f553,d71ebb7b-c1e5-40d4-9d5a-4e09a0d8cd33,c5,c1,1116,?,x10,
1768856976.1461148,FORWARDED,e0f98b29-1339-4491-9885-5e0c1616f553,d71ebb7b-c1e5-40d4-9d5a-4e09a0d8cd33,c5,c1,1116,?,x10,
1768856976.3481627,RECEIVED,495d486e-a553-40d1-8d56-51b879a01972,4962ce1b-34ca-4a50-96ae-74024e0ec61b,c5,c3,1584,e12,?,
1768856976.378786,RECEIVED,70763284-5e49-4b05-be0b-2ff870d5f997,60439b71-2b5b-4f60-846d-c7d491eca46c,c5,c4,1575,e3,?,
1768856976.3829544,RECEIVED,fce29faa-7279-4302-9883-41e16ef8488b,0b68e526-5649-417e-a835-8e815d79efde,c1,c5,1451,e2,?,
1768856976.5816998,SENT,495d486e-a553-40d1-8d56-51b879a01972,4962ce1b-34ca-4a50-96ae-74024e0ec61b,c5,c3,1115,?,x12,
1768856976.581742,FORWARDED,495d486e-a553-40d1-8d56-51b879a01972,4962ce1b-34ca-4a50-96ae-74024e0ec61b,c5,c3,1115,?,x12,
1768856976.7016003,RECEIVED,6ee83c89-06e1-4141-adf3-19be5e7a1bf5,6b74b680-ab40-4dcb-8fa3-faef758fa800,c5,c4,1583,e11,?,
1768856976.9606807,RECEIVED,10cb22a1-b03e-4b30-976a-517b26f27da9,cd5fe324-762c-4940-98e0-57bb60d15647,c1,c2,1579,e2,?,
1768856977.083259,RECEIVED,f31a23ce-acdc-46ad-973d-5bb37b09c5e7,20c50ffa-dc21-404b-bf1b-d86828b51097,c5,c1,1579,e10,?,
1768856977.1731257,SENT,fce29faa-7279-4302-9883-41e16ef8488b,0b68e526-5649-417e-a835-8e815d79efde,c1,c5,1015,?,x4,
1768856977.1731727,FORWARDED,fce29faa-7279-4302-9883-41e16ef8488b,0b68e526-5649-417e-a835-8e815d79efde,c1,c5,1015,?,x4,
1768856977.233985,RECEIVED,f2d9c3b3-cf6d-468e-9ab4-de9e210dacfa,d09771ec-b59d-49a7-94b3-af256db06716,c3,c5,1583,e5,?,
1768856977.3869727,SENT,70763284-5e49-4b05-be0b-2ff870d5f997,60439b71-2b5b-4f60-846d-c7d491eca46c,c5,c4,1108,?,x1,
1768856977.387019,FORWARDED,70763284-5e49-4b05-be0b-2ff870d5f997,60439b71-2b5b-4f60-846d-c7d491eca46c,c5,c4,1108,?,x1,
1768856977.4935327,SENT,f2d9c3b3-cf6d-468e-9ab4-de9e210dacfa,d09771ec-b59d-49a7-94b3-af256db06716,c3,c5,1116,?,x8,
1768856977.4935658,FORWARDED,f2d9c3b3-cf6d-468e-9ab4-de9e210dacfa,d09771ec-b59d-49a7-94b3-af256db06716,c3,c5,1116,?,x8,
1768856977.5573437,SENT,6ee83c89-06e1-4141-adf3-19be5e7a1bf5,6b74b680-ab40-4dcb-8fa3-faef758fa800,c5,c4,1114,?,x3,
1768856977.5577252,FORWARDED,6ee83c89-06e1-4141-adf3-19be5e7a1bf5,6b74b680-ab40-4dcb-8fa3-faef758fa800,c5,c4,1114,?,x3,
1768856977.6641674,SENT,10cb22a1-b03e-4b30-976a-517b26f27da9,cd5fe324-762c-4940-98e0-57bb60d15647,c1,c2,1111,?,x3,
1768856977.6642115,FORWARDED,10cb22a1-b03e-4b30-976a-517b26f27da9,cd5fe324-762c-4940-98e0-57bb60d15647,c1,c2,1111,?,x3,
1768856977.942605,RECEIVED,ed58fe58-b6c2-4002-8748-446220f77a03,53fa8081-191d-4c6c-ad92-6b5b94e0a142,c3,c5,1584,e2,?,
1768856978.0574234,RECEIVED,90069d2a-8193-439f-9400-65d650180a6c,b5d58701-e752-4c4d-9153-ca4dde13b3a5,c5,c4,1580,e6,?,
1768856978.2618666,SENT,90069d2a-8193-439f-9400-65d650180a6c,b5d58701-e752-4c4d-9153-ca4dde13b3a5,c5,c4,1112,?,x7,
1768856978.2619083,FORWARDED,90069d2a-8193-439f-9400-65d650180a6c,b5d58701-e752-4c4d-9153-ca4dde13b3a5,c5,c4,1112,?,x7,
1768856978.4018133,SENT,ed58fe58-b6c2-4002-8748-446220f77a03,53fa8081-191d-4c6c-ad92-6b5b94e0a142,c3,c5,1116,?,x10,
1768856978.4018552,FORWARDED,ed58fe58-b6c2-4002-8748-446220f77a03,53fa8081-191d-4c6c-ad92-6b5b94e0a142,c3,c5,1116,?,x10,
1768856978.433003,RECEIVED,7bcedb11-5014-41ca-aab6-35296c3a6881,e80fb625-bd79-4dd9-8d81-dea6e6ad0875,c5,DROP,1021,e12,?,
1768856978.7331758,SENT,7bcedb11-5014-41ca-aab6-35296c3a6881,e80fb625-bd79-4dd9-8d81-dea6e6ad0875,c5,DROP,691,?,x11,
1768856978.733219,FORWARDED,7bcedb11-5014-41ca-aab6-35296c3a6881,e80fb625-bd79-4dd9-8d81-dea6e6ad0875,c5,DROP,691,?,x11,
1768856978.8011153,SENT,f31a23ce-acdc-46ad-973d-5bb37b09c5e7,20c50ffa-dc21-404b-bf1b-d86828b51097,c5,c1,1111,?,x9,
1768856978.8011556,FORWARDED,f31a23ce-acdc-46ad-973d-5bb37b09c5e7,20c50ffa-dc21-404b-bf1b-d86828b51097,c5,c1,1111,?,x9,
1768856978.89463,RECEIVED,b63182a7-9d43-4c01-9e66-02693ac549d2,15915a02-d36e-47ec-b200-723b3b56b94d,c3,c5,1456,e12,?,
1768856978.9833992,SENT,b63182a7-9d43-4c01-9e66-02693ac549d2,15915a02-d36e-47ec-b200-723b3b56b94d,c3,c5,1019,?,x6,
1768856978.9834409,FORWARDED,b63182a7-9d43-4c01-9e66-02693ac549d2,15915a02-d36e-47ec-b200-723b3b56b94d,c3,c5,1019,?,x6,
1768856979.0072236,RECEIVED,d90799b6-dac6-4633-9eb3-22b175ca5f2b,9c7ab6e0-4248-44cd-b6dd-1b4d34d51042,c1,c2,1584,e6,?,
1768856979.194059,RECEIVED,b1f53164-d5ea-4ec6-ae9d-76df1ca5030f,d727ecbb-70c9-41eb-b392-9a094f2cea25,c1,c5,1458,e2,?,
1768856979.2274966,SENT,b1f53164-d5ea-4ec6-ae9d-76df1ca5030f,d727ecbb-70c9-41eb-b392-9a094f2cea25,c1,c5,1020,?,x11,
1768856979.22754,FORWARDED,b1f53164-d5ea-4ec6-ae9d-76df1ca5030f,d727ecbb-70c9-41eb-b392-9a094f2cea25,c1,c5,1020,?,x11,
1768856979.2961636,RECEIVED,add8bfc7-f8d1-4137-918a-f5578641db0f,d4d0189c-aca2-45ca-8264-42a47a8c0400,c5,c3,1457,e10,?,
1768856979.4182277,SENT,d90799b6-dac6-4633-9eb3-22b175ca5f2b,9c7ab6e0-4248-44cd-b6dd-1b4d34d51042,c1,c2,1116,?,x6,
1768856979.4182713,FORWARDED,d90799b6-dac6-4633-9eb3-22b175ca5f2b,9c7ab6e0-4248-44cd-b6dd-1b4d34d51042,c1,c2,1116,?,x6,
1768856979.4377296,SENT,add8bfc7-f8d1-4137-918a-f5578641db0f,d4d0189c-aca2-45ca-8264-42a47a8c0400,c5,c3,1019,?,x10,
1768856979.4380662,FORWARDED,add8bfc7-f8d1-4137-918a-f5578641db0f,d4d0189c-aca2-45ca-8264-42a47a8c0400,c5,c3,1019,?,x10,
1768856979.9790852,RECEIVED,c956e506-2f17-4e65-a109-38d30c4cd5fc,2c8a58a7-c8cd-4e6f-b3cc-f2aaa3cc4f21,c1,c2,1571,e5,?,
1768856980.084775,RECEIVED,5d44db27-9c5e-4ec9-8080-7a329df52ff4,38e57f61-5033-4897-8de7-acf222d33d86,c1,c5,1452,e5,?,
1768856980.1881166,SENT,5d44db27-9c5e-4ec9-8080-7a329df52ff4,38e57f61-5033-4897-8de7-acf222d33d86,c1,c5,1016,?,x5,
1768856980.1881685,FORWARDED,5d44db27-9c5e-4ec9-8080-7a329df52ff4,38e57f61-5033-4897-8de7-acf222d33d86,c1,c5,1016,?,x5,
1768856980.2574422,RECEIVED,06a296e7-46d5-42a7-be74-9bf04728be7c,87ef54d8-68c8-4423-a970-40e5ecd7b488,c3,c5,1464,e11,?,
1768856980.3141239,RECEIVED,8e7c4e65-3b63-4663-92c2-094e914be934,42e310e3-e107-489c-b939-a0d842c6bb9d,c1,c5,1451,e8,?,
1768856980.3236623,SENT,c956e506-2f17-4e65-a109-38d30c4cd5fc,2c8a58a7-c8cd-4e6f-b3cc-f2aaa3cc4f21,c1,c2,1107,?,x9,
1768856980.3237047,FORWARDED,c956e506-2f17-4e65-a109-38d30c4cd5fc,2c8a58a7-c8cd-4e6f-b3cc-f2aaa3cc4f21,c1,c2,1107,?,x9,
1768856980.5407922,SENT,06a296e7-46d5-42a7-be74-9bf04728be7c,87ef54d8-68c8-4423-a970-40e5ecd7b488,c3,c5,1024,?,x12,
1768856980.5408359,FORWARDED,06a296e7-46d5-42a7-be74-9bf04728be7c,87ef54d8-68c8-4423-a970-40e5ecd7b488,c3,c5,1024,?,x12,
1768856980.737319,RECEIVED,3011220d-5e69-405b-bb94-6f5f1de1f420,17521465-7eb5-4c33-9a3d-d6445bbb6455,c1,c2,1585,e11,?,
1768856980.8869255,RECEIVED,809b78b6-75c2-4593-bd60-4aa89f56bc18,c2f2b1b4-a463-429f-b994-a6c22cef0479,c2,c1,1451,e1,?,
1768856980.9635718,SENT,809b78b6-75c2-4593-bd60-4aa89f56bc18,c2f2b1b4-a463-429f-b994-a6c22cef0479,c2,c1,1016,?,x7,
1768856980.963611,FORWARDED,809b78b6-75c2-4593-bd60-4aa89f56bc18,c2f2b1b4-a463-429f-b994-a6c22cef0479,c2,c1,1016,?,x7,
1768856981.1303875,SENT,3011220d-5e69-405b-bb94-6f5f1de1f420,17521465-7eb5-4c33-9a3d-d6445bbb6455,c1,c2,1114,?,x11,
1768856981.1304288,FORWARDED,3011220d-5e69-405b-bb94-6f5f1de1f420,17521465-7eb5-4c33-9a3d-d6445bbb6455,c1,c2,1114,?,x11,
1768856981.441264,RECEIVED,2f6bed59-f9f5-4e59-88b9-f52adfc427d3,4bd339c4-e088-4f32-955f-f1ea699c9b2a,c3,c5,1583,e7,?,
1768856981.4531376,RECEIVED,ceb606bb-f35f-4138-afc7-a2b0ef3bea9a,84e6ceef-b58b-4271-9b4b-201a75cfdb94,c5,c4,1583,e10,?,
1768856981.8192844,SENT,2f6bed59-f9f5-4e59-88b9-f52adfc427d3,4bd339c4-e088-4f32-955f-f1ea699c9b2a,c3,c5,1115,?,x8,
1768856981.8193355,FORWARDED,2f6bed59-f9f5-4e59-88b9-f52adfc427d3,4bd339c4-e088-4f32-955f-f1ea699c9b2a,c3,c5,1115,?,x8,
1768856981.8455436,SENT,8e7c4e65-3b63-4663-92c2-094e914be934,42e310e3-e107-489c-b939-a0d842c6bb9d,c1,c5,1017,?,x4,
1768856981.8455815,FORWARDED,8e7c4e65-3b63-4663-92c2-094e914be934,42e310e3-e107-489c-b939-a0d842c6bb9d,c1,c5,1017,?,x4,
1768856981.8746617,SENT,ceb606bb-f35f-4138-afc7-a2b0ef3bea9a,84e6ceef-b58b-4271-9b4b-201a75cfdb94,c5,c4,1115,?,x1,
1768856981.8747036,FORWARDED,ceb606bb-f35f-4138-afc7-a2b0ef3bea9a,84e6ceef-b58b-4271-9b4b-201a75cfdb94,c5,c4,1115,?,x1,
1768856981.9917505,RECEIVED,de4c6096-0a0f-436e-841d-150124395a47,db0f3423-9976-4156-9ef7-d6bc96f8cd50,c3,c5,1456,e3,?,
1768856981.9953737,RECEIVED,e3cfc96a-accc-412b-a043-d770dc6b4769,ddf652a7-94d1-4586-b71e-dab95ff4a366,c5,c4,1586,e5,?,
1768856982.0396843,SENT,de4c6096-0a0f-436e-841d-150124395a47,db0f3423-9976-4156-9ef7-d6bc96f8cd50,c3,c5,1018,?,x6,
1768856982.0397258,FORWARDED,de4c6096-0a0f-436e-841d-150124395a47,db0f3423-9976-4156-9ef7-d6bc96f8cd50,c3,c5,1018,?,x6,
1768856982.0494294,SENT,e3cfc96a-accc-412b-a043-d770dc6b4769,ddf652a7-94d1-4586-b71e-dab95ff4a366,c5,c4,1114,?,x12,
1768856982.0494683,FORWARDED,e3cfc96a-accc-412b-a043-d770dc6b4769,ddf652a7-94d1-4586-b71e-dab95ff4a366,c5,c4,1114,?,x12,
1768856982.0544434,RECEIVED,5a976d08-baa8-4e5d-8bfb-d7beec4d89ed,4ee90afd-ba46-4b9e-bb3f-5304697faefa,c2,c1,1456,e7,?,
1768856982.3575313,RECEIVED,1c900e0e-a427-4ccf-bb63-5f8827062ca2,36054103-ceab-4088-9d74-f3b1f462d242,c5,c3,1456,e7,?,
1768856982.3753252,RECEIVED,5460c7a0-a730-4c26-a2b5-47ee8109b33b,028c64bf-79f2-4519-91ab-90649bf0c8b6,c3,c5,1447,e1,?,
1768856982.3871758,RECEIVED,e1ecb2b4-6db8-4582-8e0f-c643b24f7bf6,9cbda102-f924-405b-b5da-eb60ad2d241c,c1,c2,1584,e6,?,
1768856982.4200299,SENT,1c900e0e-a427-4ccf-bb63-5f8827062ca2,36054103-ceab-4088-9d74-f3b1f462d242,c5,c3,1020,?,x1,
1768856982.4200847,FORWARDED,1c900e0e-a427-4ccf-bb63-5f8827062ca2,36054103-ceab-4088-9d74-f3b1f462d242,c5,c3,1020,?,x1,
1768856982.4599776,RECEIVED,c531d307-dda9-4f82-9b6a-d295c9d6d585,2f7ee83a-8e7a-4f58-8f53-f01b06308f3f,c5,c1,1586,e12,?,
1768856982.5247414,SENT,c531d307-dda9-4f82-9b6a-d295c9d6d585,2f7ee83a-8e7a-4f58-8f53-f01b06308f3f,c5,c1,1115,?,x10,
1768856982.524784,FORWARDED,c531d307-dda9-4f82-9b6a-d295c9d6d585,2f7ee83a-8e7a-4f58-8f53-f01b06308f3f,c5,c1,1115,?,x10,
1768856982.533689,SENT,5a976d08-baa8-4e5d-8bfb-d7beec4d89ed,4ee90afd-ba46-4b9e-bb3f-5304697faefa,c2,c1,1018,?,x11,
1768856982.5337298,FORWARDED,5a976d08-baa8-4e5d-8bfb-d7beec4d89ed,4ee90afd-ba46-4b9e-bb3f-5304697faefa,c2,c1,1018,?,x11,
1768856982.5562146,RECEIVED,7b46427d-00bc-4026-a724-1cc2f1a89257,973502e5-1abb-4fad-91df-8a54f0b0c974,c2,DROP,1016,e5,?,
1768856982.6113045,RECEIVED,9fb067fd-6077-4a42-93a6-ebc48db1d3c3,15eed47c-a00b-40b3-a1ac-2ffa142dac88,c2,c1,1464,e2,?,
1768856982.6361432,SENT,5460c7a0-a730-4c26-a2b5-47ee8109b33b,028c64bf-79f2-4519-91ab-90649bf0c8b6,c3,c5,1012,?,x5,
1768856982.636187,FORWARDED,5460c7a0-a730-4c26-a2b5-47ee8109b33b,028c64bf-79f2-4519-91ab-90649bf0c8b6,c3,c5,1012,?,x5,
1768856982.6650374,SENT,7b46427d-00bc-4026-a724-1cc2f1a89257,973502e5-1abb-4fad-91df-8a54f0b0c974,c2,DROP,688,?,x2,
1768856982.6651032,FORWARDED,7b46427d-00bc-4026-a724-1cc2f1a89257,973502e5-1abb-4fad-91df-8a54f0b0c974,c2,DROP,688,?,x2,
1768856982.7527144,RECEIVED,d9132d21-aa7c-4970-a9e1-2195fa1ba85f,959b6b9c-6dd9-4ceb-9479-f291b61b8315,c2,c1,1451,e3,?,
1768856982.7711875,SENT,9fb067fd-6077-4a42-93a6-ebc48db1d3c3,15eed47c-a00b-40b3-a1ac-2ffa142dac88,c2,c1,1024,?,x2,
1768856982.7712295,FORWARDED,9fb067fd-6077-4a42-93a6-ebc48db1d3c3,15eed47c-a00b-40b3-a1ac-2ffa142dac88,c2,c1,1024,?,x2,
1768856983.2128193,RECEIVED,3616c4b8-f4a0-42d5-bfb1-2170ab766b54,61cea0d2-5aa8-4a16-bb9d-a1d3d047824a,c3,DROP,1017,e1,?,
1768856983.2501311,RECEIVED,5221732d-0c31-40d8-ba07-f17b70a301ba,2bf07214-409c-4815-a65e-eeb64080b090,c2,c1,1455,e4,?,
1768856983.3991275,SENT,e1ecb2b4-6db8-4582-8e0f-c643b24f7bf6,9cbda102-f924-405b-b5da-eb60ad2d241c,c1,c2,1115,?,x10,
1768856983.3994517,FORWARDED,e1ecb2b4-6db8-4582-8e0f-c643b24f7bf6,9cbda102-f924-405b-b5da-eb60ad2d241c,c1,c2,1115,?,x10,
1768856983.5617604,RECEIVED,800f67b9-7e70-49cd-96d9-0ea2972e362b,9f7186f1-cdb4-4e24-8221-8ee8edd4a33f,c2,c1,1464,e10,?,
1768856983.7067158,SENT,3616c4b8-f4a0-42d5-bfb1-2170ab766b54,61cea0d2-5aa8-4a16-bb9d-a1d3d047824a,c3,DROP,690,?,x11,
1768856983.7067566,FORWARDED,3616c4b8-f4a0-42d5-bfb1-2170ab766b54,61cea0d2-5aa8-4a16-bb9d-a1d3d047824a,c3,DROP,690,?,x11,
1768856983.763071,SENT,d9132d21-aa7c-4970-a9e1-2195fa1ba85f,959b6b9c-6dd9-4ceb-9479-f291b61b8315,c2,c1,1015,?,x5,
1768856983.763117,FORWARDED,d9132d21-aa7c-4970-a9e1-2195fa1ba85f,959b6b9c-6dd9-4ceb-9479-f291b61b8315,c2,c1,1015,?,x5,
1768856984.0502882,SENT,800f67b9-7e70-49cd-96d9-0ea2972e362b,9f7186f1-cdb4-4e24-8221-8ee8edd4a33f,c2,c1,1024,?,x2,
1768856984.0503268,FORWARDED,800f67b9-7e70-49cd-96d9-0ea2972e362b,9f7186f1-cdb4-4e24-8221-8ee8edd4a33f,c2,c1,1024,?,x2,
1768856984.4413695,SENT,5221732d-0c31-40d8-ba07-f17b70a301ba,2bf07214-409c-4815-a65e-eeb64080b090,c2,c1,1020,?,x4,
1768856984.441411,FORWARDED,5221732d-0c31-40d8-ba07-f17b70a301ba,2bf07214-409c-4815-a65e-eeb64080b090,c2,c1,1020,?,x4,
1768856984.4564366,RECEIVED,d4afb4e2-87cc-4527-aaf5-fdcb2a2bbb4a,5e04ed93-3917-478f-862c-10b5e0e44d11,c4,c5,1454,e12,?,
1768856984.6876254,RECEIVED,7cb591f6-c16f-4818-8e17-908ba598a162,f2a66eb7-6a46-4954-b115-92f94e782cdd,c1,c5,1456,e5,?,
1768856984.7664495,SENT,7cb591f6-c16f-4818-8e17-908ba598a162,f2a66eb7-6a46-4954-b115-92f94e782cdd,c1,c5,1020,?,x1,
1768856984.766578,FORWARDED,7cb591f6-c16f-4818-8e17-908ba598a162,f2a66eb7-6a46-4954-b115-92f94e782cdd,c1,c5,1020,?,x1,
1768856984.7877128,RECEIVED,8d3259ee-dc3d-47fe-b740-d1c0b1fa7dce,9495903d-57d5-486a-87c0-4168b38b4340,c1,c2,1583,e7,?,
1768856984.9192576,RECEIVED,8d0407e6-d9e5-44a3-91af-b9dd7019a354,c345b057-f795-4d1e-8541-5c72574ba898,c1,c2,1584,e3,?,
1768856984.9312122,RECEIVED,22827873-2421-495f-8474-20f835d3fa63,6fd91cde-5ca6-4c3d-b847-83f428badd0c,c5,c1,1588,e2,?,
1768856984.9704218,SENT,d4afb4e2-87cc-4527-aaf5-fdcb2a2bbb4a,5e04ed93-3917-478f-862c-10b5e0e44d11,c4,c5,1019,?,x4,
1768856984.9704661,FORWARDED,d4afb4e2-87cc-4527-aaf5-fdcb2a2bbb4a,5e04ed93-3917-478f-862c-10b5e0e44d11,c4,c5,1019,?,x4,
1768856984.987186,RECEIVED,39c07831-8aec-4caa-b6f8-ff63ab566b7e,39bd3467-6d14-4d4d-bb49-3729ea9493bf,c5,c3,1584,e11,?,
1768856985.0217967,SENT,8d0407e6-d9e5-44a3-91af-b9dd7019a354,c345b057-f795-4d1e-8541-5c72574ba898,c1,c2,1115,?,x7,
1768856985.0218387,FORWARDED,8d0407e6-d9e5-44a3-91af-b9dd7019a354,c345b057-f795-4d1e-8541-5c72574ba898,c1,c2,1115,?,x7,
1768856985.0903559,RECEIVED,6bd0575e-e236-46b8-ac61-b1749dc4d936,3736f753-e083-4b8d-ac0e-83cf620f5515,c5,c3,1457,e10,?,
1768856985.1415138,SENT,22827873-2421-495f-8474-20f835d3fa63,6fd91cde-5ca6-4c3d-b847-83f428badd0c,c5,c1,1117,?,x9,
1768856985.1415558,FORWARDED,22827873-2421-495f-8474-20f835d3fa63,6fd91cde-5ca6-4c3d-b847-83f428badd0c,c5,c1,1117,?,x9,
1768856985.1513166,SENT,39c07831-8aec-4caa-b6f8-ff63ab566b7e,39bd3467-6d14-4d4d-bb49-3729ea9493bf,c5,c3,1115,?,x9,
1768856985.1513627,FORWARDED,39c07831-8aec-4caa-b6f8-ff63ab566b7e,39bd3467-6d14-4d4d-bb49-3729ea9493bf,c5,c3,1115,?,x9,
1768856985.2396495,SENT,6bd0575e-e236-46b8-ac61-b1749dc4d936,3736f753-e083-4b8d-ac0e-83cf620f5515,c5,c3,1019,?,x11,
1768856985.239691,FORWARDED,6bd0575e-e236-46b8-ac61-b1749dc4d936,3736f753-e083-4b8d-ac0e-83cf620f5515,c5,c3,1019,?,x11,
1768856985.3351989,RECEIVED,0ec2970c-71ed-4c9c-9afd-4790b38c6f15,660b0c0b-5c16-489c-9543-5c54fc75348b,c5,c3,1444,e6,?,
1768856985.681376,SENT,0ec2970c-71ed-4c9c-9afd-4790b38c6f15,660b0c0b-5c16-489c-9543-5c54fc75348b,c5,c3,1011,?,x3,
1768856985.6814275,FORWARDED,0ec2970c-71ed-4c9c-9afd-4790b38c6f15,660b0c0b-5c16-489c-9543-5c54fc75348b,c5,c3,1011,?,x3,
1768856986.0298407,SENT,8d3259ee-dc3d-47fe-b740-d1c0b1fa7dce,9495903d-57d5-486a-87c0-4168b38b4340,c1,c2,1115,?,x8,
1768856986.0298839,FORWARDED,8d3259ee-dc3d-47fe-b740-d1c0b1fa7dce,9495903d-57d5-486a-87c0-4168b38b4340,c1,c2,1115,?,x8,
1768856986.3935165,RECEIVED,14cf3e79-5aab-4c02-a8af-9d2cc265b2e7,a52f369c-c6c6-4b0c-a3be-3ac9ae5c59a4,c3,c5,1567,e1,?,
1768856986.5228748,RECEIVED,35a2b749-0a17-4eee-b4a6-abeddbd41224,b34077b8-7551-4bff-9606-52bcb5933e81,c3,c5,1572,e7,?,
1768856986.5952804,SENT,35a2b749-0a17-4eee-b4a6-abeddbd41224,b34077b8-7551-4bff-9606-52bcb5933e81,c3,c5,1107,?,x4,
1768856986.5953224,FORWARDED,35a2b749-0a17-4eee-b4a6-abeddbd41224,b34077b8-7551-4bff-9606-52bcb5933e81,c3,c5,1107,?,x4,
1768856986.6622512,SENT,14cf3e79-5aab-4c02-a8af-9d2cc265b2e7,a52f369c-c6c6-4b0c-a3be-3ac9ae5c59a4,c3,c5,1103,?,x5,
1768856986.6622937,FORWARDED,14cf3e79-5aab-4c02-a8af-9d2cc265b2e7,a52f369c-c6c6-4b0c-a3be-3ac9ae5c59a4,c3,c5,1103,?,x5,
1768856986.682313,RECEIVED,d44f73c6-a6df-4469-b831-7988f7860ef8,c514e1f2-b9f5-4321-87be-d6446ec8d444,c1,c5,1456,e11,?,
1768856986.8450935,RECEIVED,d4e84ba5-4e9d-4ee1-8788-272cd562c3c1,9b3db6f8-95cb-47e0-b90d-9a449d4f6bf8,c2,c1,1460,e8,?,
1768856986.888417,RECEIVED,5f405d82-52c8-484b-9239-d6588fa0884b,08e645c1-b73a-4b83-a26b-08d151004249,c5,c3,1455,e11,?,
1768856986.9889581,RECEIVED,6e5322a2-b8e5-4568-b196-029e684dc541,c5104b66-2da1-40b0-955b-49ff0ac1ebbe,c4,c5,1463,e6,?,
1768856987.075026,SENT,d4e84ba5-4e9d-4ee1-8788-272cd562c3c1,9b3db6f8-95cb-47e0-b90d-9a449d4f6bf8,c2,c1,1023,?,x1,
1768856987.0754776,FORWARDED,d4e84ba5-4e9d-4ee1-8788-272cd562c3c1,9b3db6f8-95cb-47e0-b90d-9a449d4f6bf8,c2,c1,1023,?,x1,
1768856987.1854749,SENT,d44f73c6-a6df-4469-b831-7988f7860ef8,c514e1f2-b9f5-4321-87be-d6446ec8d444,c1,c5,1020,?,x6,
1768856987.1855252,FORWARDED,d44f73c6-a6df-4469-b831-7988f7860ef8,c514e1f2-b9f5-4321-87be-d6446ec8d444,c1,c5,1020,?,x6,
1768856987.1922734,SENT,5f405d82-52c8-484b-9239-d6588fa0884b,08e645c1-b73a-4b83-a26b-08d151004249,c5,c3,1020,?,x9,
1768856987.1923149,FORWARDED,5f405d82-52c8-484b-9239-d6588fa0884b,08e645c1-b73a-4b83-a26b-08d151004249,c5,c3,1020,?,x9,
1768856987.302517,RECEIVED,ea30b71a-d8ff-4f46-93a6-8dcdfa3ced9d,259c6ec4-b9db-4bcb-a22f-5ad5db86420d,c3,c5,1459,e12,?,
1768856987.8057888,SENT,ea30b71a-d8ff-4f46-93a6-8dcdfa3ced9d,259c6ec4-b9db-4bcb-a22f-5ad5db86420d,c3,c5,1021,?,x12,
1768856987.8058307,FORWARDED,ea30b71a-d8ff-4f46-93a6-8dcdfa3ced9d,259c6ec4-b9db-4bcb-a22f-5ad5db86420d,c3,c5,1021,?,x12,
1768856987.819977,SENT,6e5322a2-b8e5-4568-b196-029e684dc541,c5104b66-2da1-40b0-955b-49ff0ac1ebbe,c4,c5,1024,?,x6,
1768856987.8200195,FORWARDED,6e5322a2-b8e5-4568-b196-029e684dc541,c5104b66-2da1-40b0-955b-49ff0ac1ebbe,c4,c5,1024,?,x6,
1768856988.0416603,RECEIVED,cb6f5afc-417c-4479-9742-cf6fa57ca6fb,4f8d241c-66b1-42a8-9533-1a7ee0a83cae,c3,DROP,1007,e11,?,
1768856988.2697372,RECEIVED,09f10bdc-0e90-4241-8d05-ea3b5db0da7c,8476a5fa-b5c7-44de-986b-870c6742a7c3,c3,c5,1588,e6,?,
1768856988.3917792,RECEIVED,6859a2b2-972f-4ca1-b768-38707ed23dec,76ec2ef8-cd0b-4ea7-bb7a-760474745f77,c3,c5,1455,e10,?,
1768856988.5371292,SENT,09f10bdc-0e90-4241-8d05-ea3b5db0da7c,8476a5fa-b5c7-44de-986b-870c6742a7c3,c3,c5,1117,?,x2,
1768856988.5374472,FORWARDED,09f10bdc-0e90-4241-8d05-ea3b5db0da7c,8476a5fa-b5c7-44de-986b-870c6742a7c3,c3,c5,1117,?,x2,
1768856988.5903707,RECEIVED,ef879acb-ebdb-41ef-abd5-647ce6a70b31,bc4ee8e9-3e63-4298-b4e7-7c7ac1693542,c1,c5,1452,e5,?,
1768856988.7265673,RECEIVED,ae3716d3-653d-42df-878f-c0fb26ceac4d,fd73943f-6ab1-435a-888a-793746aa0557,c5,DROP,1007,e5,?,
1768856988.7849877,SENT,cb6f5afc-417c-4479-9742-cf6fa57ca6fb,4f8d241c-66b1-42a8-9533-1a7ee0a83cae,c3,DROP,684,?,x9,
1768856988.7850356,FORWARDED,cb6f5afc-417c-4479-9742-cf6fa57ca6fb,4f8d241c-66b1-42a8-9533-1a7ee0a83cae,c3,DROP,684,?,x9,
1768856988.8630297,RECEIVED,d86b6d00-7d90-4f98-9945-9185db2d51c0,759e83b4-e03b-4ad1-9c77-14238f8b04e1,c5,c4,1570,e5,?,
1768856988.9562707,RECEIVED,2b7b0bd1-ca72-4db0-b3f9-94845066b3a5,f9eb56b6-c6f5-4d9f-81cc-5adda99d360d,c2,c1,1463,e11,?,
1768856988.9943056,SENT,ef879acb-ebdb-41ef-abd5-647ce6a70b31,bc4ee8e9-3e63-4298-b4e7-7c7ac1693542,c1,c5,1015,?,x7,
1768856988.9943476,FORWARDED,ef879acb-ebdb-41ef-abd5-647ce6a70b31,bc4ee8e9-3e63-4298-b4e7-7c7ac1693542,c1,c5,1015,?,x7,
1768856989.0730042,RECEIVED,d16a8511-5e6e-4b96-9407-c0abd611e4bf,8a779557-0b5b-44f8-a739-3eaf0ec7d5a3,c5,c3,1584,e4,?,
1768856989.119197,SENT,d86b6d00-7d90-4f98-9945-9185db2d51c0,759e83b4-e03b-4ad1-9c77-14238f8b04e1,c5,c4,1107,?,x4,
1768856989.1192513,FORWARDED,d86b6d00-7d90-4f98-9945-9185db2d51c0,759e83b4-e03b-4ad1-9c77-14238f8b04e1,c5,c4,1107,?,x4,
1768856989.2238264,SENT,d16a8511-5e6e-4b96-9407-c0abd611e4bf,8a779557-0b5b-44f8-a739-3eaf0ec7d5a3,c5,c3,1116,?,x9,
1768856989.2238708,FORWARDED,d16a8511-5e6e-4b96-9407-c0abd611e4bf,8a779557-0b5b-44f8-a739-3eaf0ec7d5a3,c5,c3,1116,?,x9,
1768856989.3556488,SENT,6859a2b2-972f-4ca1-b768-38707ed23dec,76ec2ef8-cd0b-4ea7-bb7a-760474745f77,c3,c5,1020,?,x3,
1768856989.3556871,FORWARDED,6859a2b2-972f-4ca1-b768-38707ed23dec,76ec2ef8-cd0b-4ea7-bb7a-760474745f77,c3,c5,1020,?,x3,
1768856989.4788334,RECEIVED,95eaf7ed-626f-4257-88df-2d88915cd17c,396f7970-ff81-4328-a6a4-52b92711c512,c1,c5,1461,e3,?,
1768856989.6037347,SENT,95eaf7ed-626f-4257-88df-2d88915cd17c,396f7970-ff81-4328-a6a4-52b92711c512,c1,c5,1022,?,x10,
1768856989.6037776,FORWARDED,95eaf7ed-626f-4257-88df-2d88915cd17c,396f7970-ff81-4328-a6a4-52b92711c512,c1,c5,1022,?,x10,
1768856989.940357,SENT,2b7b0bd1-ca72-4db0-b3f9-94845066b3a5,f9eb56b6-c6f5-4d9f-81cc-5adda99d360d,c2,c1,1024,?,x4,
1768856989.940398,FORWARDED,2b7b0bd1-ca72-4db0-b3f9-94845066b3a5,f9eb56b6-c6f5-4d9f-81cc-5adda99d360d,c2,c1,1024,?,x4,
1768856990.0185277,RECEIVED,ef4ab2b0-9875-4bbb-9049-38e9be5e7fbe,d1ce8aa4-80a9-4071-8157-b3c7bb16aa3f,c2,c1,1461,e4,?,
1768856990.1562903,RECEIVED,e1252f36-6070-4875-b647-60623d6786d0,07f2dbe8-155d-4b6c-acf8-6fb2eaa177b7,c2,c1,1460,e7,?,
1768856990.1727288,SENT,ae3716d3-653d-42df-878f-c0fb26ceac4d,fd73943f-6ab1-435a-888a-793746aa0557,c5,DROP,683,?,x3,
1768856990.1727707,FORWARDED,ae3716d3-653d-42df-878f-c0fb26ceac4d,fd73943f-6ab1-435a-888a-793746aa0557,c5,DROP,683,?,x3,
1768856990.1927922,SENT,e1252f36-6070-4875-b647-60623d6786d0,07f2dbe8-155d-4b6c-acf8-6fb2eaa177b7,c2,c1,1021,?,x8,
1768856990.1928358,FORWARDED,e1252f36-6070-4875-b647-60623d6786d0,07f2dbe8-155d-4b6c-acf8-6fb2eaa177b7,c2,c1,1021,?,x8,
1768856990.516511,RECEIVED,69764375-5d80-4d46-bb6f-5aa8cc6242ea,ee5c9202-7639-4911-85b0-c495988bb7a1,c5,c3,1452,e1,?,
1768856990.5973833,SENT,69764375-5d80-4d46-bb6f-5aa8cc6242ea,ee5c9202-7639-4911-85b0-c495988bb7a1,c5,c3,1015,?,x3,
1768856990.597428,FORWARDED,69764375-5d80-4d46-bb6f-5aa8cc6242ea,ee5c9202-7639-4911-85b0-c495988bb7a1,c5,c3,1015,?,x3,
1768856990.906376,RECEIVED,5787983f-2140-4b51-bb88-31edea9b6a4e,65b13a4c-0c7d-4000-a0e8-c908c8eb5908,c4,c5,1459,e2,?,
1768856991.2049913,SENT,ef4ab2b0-9875-4bbb-9049-38e9be5e7fbe,d1ce8aa4-80a9-4071-8157-b3c7bb16aa3f,c2,c1,1024,?,x2,
1768856991.20504,FORWARDED,ef4ab2b0-9875-4bbb-9049-38e9be5e7fbe,d1ce8aa4-80a9-4071-8157-b3c7bb16aa3f,c2,c1,1024,?,x2,
1768856991.218933,SENT,5787983f-2140-4b51-bb88-31edea9b6a4e,65b13a4c-0c7d-4000-a0e8-c908c8eb5908,c4,c5,1021,?,x5,
1768856991.2189713,FORWARDED,5787983f-2140-4b51-bb88-31edea9b6a4e,65b13a4c-0c7d-4000-a0e8-c908c8eb5908,c4,c5,1021,?,x5,
1768856991.374766,RECEIVED,3c53622c-b9a9-4a19-bc7c-54a3b25ba04e,914bea9a-8681-4272-b7c6-a3cd79d1c1a8,c3,c5,1459,e10,?,
1768856991.4717252,RECEIVED,6da7af67-f2de-44a1-b19e-8cf8475763ea,e32ada61-f9e6-46c0-99a1-acd4e8378dc1,c1,c2,1583,e5,?,
1768856991.9086554,RECEIVED,e766e707-4ff4-42b6-bd99-38e5329ec5f4,c76d77e1-c4c5-4bb0-85c1-54cd4f708f15,c3,c5,1584,e8,?,
1768856991.9656851,RECEIVED,a471b460-a4e0-4f75-a375-0ba442052398,2075f3ea-4e98-4b6e-8fd9-4e7fa804b405,c5,DROP,442,x6,?,
1768856991.9943056,SENT,3c53622c-b9a9-4a19-bc7c-54a3b25ba04e,914bea9a-8681-4272-b7c6-a3cd79d1c1a8,c3,c5,1023,?,x4,
1768856991.9944859,FORWARDED,3c53622c-b9a9-4a19-bc7c-54a3b25ba04e,914bea9a-8681-4272-b7c6-a3cd79d1c1a8,c3,c5,1023,?,x4,
1768856992.0130937,SENT,e766e707-4ff4-42b6-bd99-38e5329ec5f4,c76d77e1-c4c5-4bb0-85c1-54cd4f708f15,c3,c5,1114,?,x6,
1768856992.0131352,FORWARDED,e766e707-4ff4-42b6-bd99-38e5329ec5f4,c76d77e1-c4c5-4bb0-85c1-54cd4f708f15,c3,c5,1114,?,x6,
1768856992.3027034,RECEIVED,d21c5388-86d8-4887-a54f-8346906ea29c,77ee8c55-18d6-49a5-a5b6-b77f1d515ac7,c1,c5,1464,e10,?,
1768856992.4683719,SENT,d21c5388-86d8-4887-a54f-8346906ea29c,77ee8c55-18d6-49a5-a5b6-b77f1d515ac7,c1,c5,1025,?,x8,
1768856992.4684126,FORWARDED,d21c5388-86d8-4887-a54f-8346906ea29c,77ee8c55-18d6-49a5-a5b6-b77f1d515ac7,c1,c5,1025,?,x8,
1768856992.617222,SENT,6da7af67-f2de-44a1-b19e-8cf8475763ea,e32ada61-f9e6-46c0-99a1-acd4e8378dc1,c1,c2,1116,?,x5,
1768856992.617277,FORWARDED,6da7af67-f2de-44a1-b19e-8cf8475763ea,e32ada61-f9e6-46c0-99a1-acd4e8378dc1,c1,c2,1116,?,x5,
1768856992.7455604,RECEIVED,2c28dc57-9126-47db-acb6-0d54bf506128,3d6c0331-860e-4667-9781-fa707844988f,c3,c5,1452,e7,?,
1768856993.001073,RECEIVED,ec50204a-87ac-4ca1-8884-14adf4e584b2,a1a608c3-805c-4687-85f4-ccde2bc1c5ee,c1,c5,1451,e2,?,
1768856993.0159125,SENT,2c28dc57-9126-47db-acb6-0d54bf506128,3d6c0331-860e-4667-9781-fa707844988f,c3,c5,1015,?,x12,
1768856993.015955,FORWARDED,2c28dc57-9126-47db-acb6-0d54bf506128,3d6c0331-860e-4667-9781-fa707844988f,c3,c5,1015,?,x12,
1768856993.0361927,RECEIVED,f6bffba2-6c19-4a18-b114-9083a3bef8ce,5b0d1596-8f76-495e-8ab1-b53d4ed966d9,c3,c5,1452,e1,?,
1768856993.1910894,SENT,f6bffba2-6c19-4a18-b114-9083a3bef8ce,5b0d1596-8f76-495e-8ab1-b53d4ed966d9,c3,c5,1015,?,x6,
1768856993.191132,FORWARDED,f6bffba2-6c19-4a18-b114-9083a3bef8ce,5b0d1596-8f76-495e-8ab1-b53d4ed966d9,c3,c5,1015,?,x6,
1768856993.5340953,SENT,ec50204a-87ac-4ca1-8884-14adf4e584b2,a1a608c3-805c-4687-85f4-ccde2bc1c5ee,c1,c5,1016,?,x8,
1768856993.5341322,FORWARDED,ec50204a-87ac-4ca1-8884-14adf4e584b2,a1a608c3-805c-4687-85f4-ccde2bc1c5ee,c1,c5,1016,?,x8,
1768856993.6299133,RECEIVED,187b5f12-8b7a-44e2-837e-2958c7ed47da,275e724a-d22c-48eb-b7ae-fa32736895e5,c5,DROP,446,x8,?,
1768856993.6845534,RECEIVED,b5a2feb5-b4c8-4cda-974f-1e17605146c5,56bd3445-14e4-4860-b2c1-934d0689542e,c5,c4,1587,e6,?,
1768856993.7513256,RECEIVED,715c30bc-29e5-4fc2-988c-ef0945056b6c,8f10ea39-83d7-4bb3-86f0-0ed36658b6b7,c5,c4,1584,e7,?,
1768856993.8791296,RECEIVED,ab8d875f-b0cb-46e8-af59-f2f2f333923d,e6beb972-1038-46d7-b85f-35477ea45e17,c5,c1,1584,e7,?,
1768856993.9034064,SENT,715c30bc-29e5-4fc2-988c-ef0945056b6c,8f10ea39-83d7-4bb3-86f0-0ed36658b6b7,c5,c4,1116,?,x8,
1768856993.9034445,FORWARDED,715c30bc-29e5-4fc2-988c-ef0945056b6c,8f10ea39-83d7-4bb3-86f0-0ed36658b6b7,c5,c4,1116,?,x8,
1768856993.930181,SENT,ab8d875f-b0cb-46e8-af59-f2f2f333923d,e6beb972-1038-46d7-b85f-35477ea45e17,c5,c1,1115,?,x8,
1768856993.9302278,FORWARDED,ab8d875f-b0cb-46e8-af59-f2f2f333923d,e6beb972-1038-46d7-b85f-35477ea45e17,c5,c1,1115,?,x8,
1768856994.0167835,SENT,b5a2feb5-b4c8-4cda-974f-1e17605146c5,56bd3445-14e4-4860-b2c1-934d0689542e,c5,c4,1118,?,x5,
1768856994.0168247,FORWARDED,b5a2feb5-b4c8-4cda-974f-1e17605146c5,56bd3445-14e4-4860-b2c1-934d0689542e,c5,c4,1118,?,x5,
1768856994.6874604,RECEIVED,a8d61222-56b8-4a69-911b-cb5886240748,f13e5320-8fed-405c-a855-9d73e1183976,c5,c4,1583,e5,?,
1768856994.7551546,RECEIVED,d3730802-1840-4fa8-9828-73f21faea911,6f148e96-7368-4412-88da-31aaac783129,c4,c5,1456,e11,?,
1768856994.909861,SENT,d3730802-1840-4fa8-9828-73f21faea911,6f148e96-7368-4412-88da-31aaac783129,c4,c5,1019,?,x1,
1768856994.9099202,FORWARDED,d3730802-1840-4fa8-9828-73f21faea911,6f148e96-7368-4412-88da-31aaac783129,c4,c5,1019,?,x1,
1768856994.9787412,RECEIVED,37a343a4-c02f-4df9-b445-7fc31aef5a2c,f22e88db-3c96-4a38-92ee-01b543160e7e,c3,DROP,1011,e8,?,
1768856995.0902317,RECEIVED,553362e4-2dc8-4e3d-a770-59b49cd47dc7,eba05b56-2ed2-4a1f-8467-1d146534a546,c1,c5,1456,e10,?,
1768856995.1261973,RECEIVED,c26e0d2e-b1a1-4378-9f26-de5d543ec940,2d3b99bd-5cdd-4cd0-89be-ef76e522f949,c3,c5,1457,e6,?,
1768856995.1382442,SENT,c26e0d2e-b1a1-4378-9f26-de5d543ec940,2d3b99bd-5cdd-4cd0-89be-ef76e522f949,c3,c5,1020,?,x5,
1768856995.1382837,FORWARDED,c26e0d2e-b1a1-4378-9f26-de5d543ec940,2d3b99bd-5cdd-4cd0-89be-ef76e522f949,c3,c5,1020,?,x5,
1768856995.1418312,SENT,a8d61222-56b8-4a69-911b-cb5886240748,f13e5320-8fed-405c-a855-9d73e1183976,c5,c4,1116,?,x5,
1768856995.141873,FORWARDED,a8d61222-56b8-4a69-911b-cb5886240748,f13e5320-8fed-405c-a855-9d73e1183976,c5,c4,1116,?,x5,
1768856995.2098932,RECEIVED,7b87d4d8-3a0f-4e4b-974c-a7bcd7d15c51,176333fe-f238-421a-b2a4-cd2d9234f286,c5,c3,1583,e5,?,
1768856995.2108634,SENT,37a343a4-c02f-4df9-b445-7fc31aef5a2c,f22e88db-3c96-4a38-92ee-01b543160e7e,c3,DROP,685,?,x6,
1768856995.2109194,FORWARDED,37a343a4-c02f-4df9-b445-7fc31aef5a2c,f22e88db-3c96-4a38-92ee-01b543160e7e,c3,DROP,685,?,x6,
1768856995.294097,SENT,553362e4-2dc8-4e3d-a770-59b49cd47dc7,eba05b56-2ed2-4a1f-8467-1d146534a546,c1,c5,1018,?,x2,
1768856995.2941368,FORWARDED,553362e4-2dc8-4e3d-a770-59b49cd47dc7,eba05b56-2ed2-4a1f-8467-1d146534a546,c1,c5,1018,?,x2,
1768856995.4569836,RECEIVED,d5691ddf-6932-4ffc-bc4b-323f59fb5e2a,96cf9c6d-970d-47ce-90cc-e8ab4c2daf1d,c5,c3,1446,e6,?,
1768856995.4626675,RECEIVED,01e850ce-1205-44ed-8624-70d4e034beb4,4e6ce87f-5916-4fde-8094-3fb25fd7461a,c2,c1,1460,e10,?,
1768856995.4861157,RECEIVED,0bbdd8fb-0b19-4040-b2b6-5681c59c1de1,a5ec2269-60f9-4fd0-a827-6c5ecd8d63a0,c4,c5,1455,e10,?,
1768856995.5694795,SENT,01e850ce-1205-44ed-8624-70d4e034beb4,4e6ce87f-5916-4fde-8094-3fb25fd7461a,c2,c1,1023,?,x4,
1768856995.5695202,FORWARDED,01e850ce-1205-44ed-8624-70d4e034beb4,4e6ce87f-5916-4fde-8094-3fb25fd7461a,c2,c1,1023,?,x4,
1768856995.6139808,SENT,0bbdd8fb-0b19-4040-b2b6-5681c59c1de1,a5ec2269-60f9-4fd0-a827-6c5ecd8d63a0,c4,c5,1019,?,x9,
1768856995.6140265,FORWARDED,0bbdd8fb-0b19-4040-b2b6-5681c59c1de1,a5ec2269-60f9-4fd0-a827-6c5ecd8d63a0,c4,c5,1019,?,x9,
1768856995.6251318,RECEIVED,5f223d27-5770-4a1d-81e1-740ea7ebf981,79cc62e6-6125-4703-b581-9cca3d767806,c5,c3,1568,e5,?,
1768856995.690503,RECEIVED,a53df73f-c82b-41b2-9d40-ccd5401f0e62,958f7aad-6cae-43ef-8812-b96427b40cbc,c5,c3,1455,e3,?,
1768856995.8300414,SENT,5f223d27-5770-4a1d-81e1-740ea7ebf981,79cc62e6-6125-4703-b581-9cca3d767806,c5,c3,1103,?,x4,
1768856995.8300915,FORWARDED,5f223d27-5770-4a1d-81e1-740ea7ebf981,79cc62e6-6125-4703-b581-9cca3d767806,c5,c3,1103,?,x4,
1768856995.881289,RECEIVED,0ef31f23-d384-4482-be56-ab25093e6f1b,09fb1108-e3fd-4ba7-964e-ae95449c6586,c1,c2,1585,e2,?,
1768856995.9314394,SENT,0ef31f23-d384-4482-be56-ab25093e6f1b,09fb1108-e3fd-4ba7-964e-ae95449c6586,c1,c2,1114,?,x4,
1768856995.9314787,FORWARDED,0ef31f23-d384-4482-be56-ab25093e6f1b,09fb1108-e3fd-4ba7-964e-ae95449c6586,c1,c2,1114,?,x4,
1768856996.204288,SENT,a53df73f-c82b-41b2-9d40-ccd5401f0e62,958f7aad-6cae-43ef-8812-b96427b40cbc,c5,c3,1020,?,x2,
1768856996.2043293,FORWARDED,a53df73f-c82b-41b2-9d40-ccd5401f0e62,958f7aad-6cae-43ef-8812-b96427b40cbc,c5,c3,1020,?,x2,
1768856996.4436579,RECEIVED,f1fb500e-126b-4cc2-90d9-557157e7dff8,473dae00-1fe2-426f-859f-9c1441b25dd8,c3,DROP,1019,e6,?,
1768856996.5441422,RECEIVED,a192bb77-e6bc-46f3-ab13-c352bc225c37,2cb578b4-74e3-4c98-9191-3f3e078c4649,c1,c2,1584,e12,?,
1768856996.6363623,SENT,7b87d4d8-3a0f-4e4b-974c-a7bcd7d15c51,176333fe-f238-421a-b2a4-cd2d9234f286,c5,c3,1115,?,x6,
1768856996.6366043,FORWARDED,7b87d4d8-3a0f-4e4b-974c-a7bcd7d15c51,176333fe-f238-421a-b2a4-cd2d9234f286,c5,c3,1115,?,x6,
1768856996.6938407,SENT,a192bb77-e6bc-46f3-ab13-c352bc225c37,2cb578b4-74e3-4c98-9191-3f3e078c4649,c1,c2,1115,?,x9,
1768856996.6938822,FORWARDED,a192bb77-e6bc-46f3-ab13-c352bc225c37,2cb578b4-74e3-4c98-9191-3f3e078c4649,c1,c2,1115,?,x9,
1768856996.8318224,RECEIVED,3d406ce9-7d7f-4342-9fc1-daa7b4c72de6,84775ac0-a31c-47e6-bf50-33364ee070ad,c3,c5,1461,e10,?,
1768856996.8687344,RECEIVED,71e47ffb-627c-441e-a660-62efde8baf40,9c6a4ddf-e861-4ab3-9109-4b7d8e3ae5b2,c3,c5,1452,e6,?,
1768856996.9755867,SENT,3d406ce9-7d7f-4342-9fc1-daa7b4c72de6,84775ac0-a31c-47e6-bf50-33364ee070ad,c3,c5,1023,?,x12,
1768856996.9756255,FORWARDED,3d406ce9-7d7f-4342-9fc1-daa7b4c72de6,84775ac0-a31c-47e6-bf50-33364ee070ad,c3,c5,1023,?,x12,
1768856996.9807096,RECEIVED,c452aa79-8247-460b-a17a-2704a8b739cb,b190bb64-9a6f-418b-b1e4-172e503cd453,c3,DROP,1016,e8,?,
1768856997.0325959,SENT,71e47ffb-627c-441e-a660-62efde8baf40,9c6a4ddf-e861-4ab3-9109-4b7d8e3ae5b2,c3,c5,1015,?,x8,
1768856997.0326385,FORWARDED,71e47ffb-627c-441e-a660-62efde8baf40,9c6a4ddf-e861-4ab3-9109-4b7d8e3ae5b2,c3,c5,1015,?,x8,
1768856997.0416589,SENT,f1fb500e-126b-4cc2-90d9-557157e7dff8,473dae00-1fe2-426f-859f-9c1441b25dd8,c3,DROP,692,?,x12,
1768856997.0417035,FORWARDED,f1fb500e-126b-4cc2-90d9-557157e7dff8,473dae00-1fe2-426f-859f-9c1441b25dd8,c3,DROP,692,?,x12,
1768856997.1562235,SENT,c452aa79-8247-460b-a17a-2704a8b739cb,b190bb64-9a6f-418b-b1e4-172e503cd453,c3,DROP,688,?,x8,
1768856997.1562767,FORWARDED,c452aa79-8247-460b-a17a-2704a8b739cb,b190bb64-9a6f-418b-b1e4-172e503cd453,c3,DROP,688,?,x8,
1768856997.1684809,RECEIVED,a5ff6830-b2b5-477a-af6d-4beab5532080,62f83d5a-5206-43ed-b25c-c409eeb43676,c2,DROP,1020,e3,?,
1768856997.2388296,RECEIVED,1da919c3-c48a-4aaa-b9c5-37603a3b683a,3a7bc7f2-370e-42a9-b72a-7c846adad897,c2,c1,1457,e10,?,
1768856997.3476229,SENT,1da919c3-c48a-4aaa-b9c5-37603a3b683a,3a7bc7f2-370e-42a9-b72a-7c846adad897,c2,c1,1018,?,x10,
1768856997.3476636,FORWARDED,1da919c3-c48a-4aaa-b9c5-37603a3b683a,3a7bc7f2-370e-42a9-b72a-7c846adad897,c2,c1,1018,?,x10,
1768856997.3594456,RECEIVED,50f278d6-e836-4c65-a496-3cf24431557d,e05604c5-b93d-4341-ac2a-59af179cb4c0,c5,c3,1574,e1,?,
1768856997.3627217,RECEIVED,3e79d6d4-354e-4c40-b31f-d8cab66405e9,a3c558a7-9016-4bac-ab73-4599a465e3c2,c5,c4,1583,e7,?,
1768856997.4278991,RECEIVED,7573ce82-f3a0-4c58-8f5b-cf511345c70a,bca0db80-7e32-41db-be10-d843120b4a93,c3,c5,1462,e2,?,
1768856997.462579,SENT,7573ce82-f3a0-4c58-8f5b-cf511345c70a,bca0db80-7e32-41db-be10-d843120b4a93,c3,c5,1023,?,x10,
1768856997.4626212,FORWARDED,7573ce82-f3a0-4c58-8f5b-cf511345c70a,bca0db80-7e32-41db-be10-d843120b4a93,c3,c5,1023,?,x10,
1768856997.6729577,SENT,a5ff6830-b2b5-477a-af6d-4beab5532080,62f83d5a-5206-43ed-b25c-c409eeb43676,c2,DROP,691,?,x12,
1768856997.6730025,FORWARDED,a5ff6830-b2b5-477a-af6d-4beab5532080,62f83d5a-5206-43ed-b25c-c409eeb43676,c2,DROP,691,?,x12,
1768856997.7080657,SENT,d5691ddf-6932-4ffc-bc4b-323f59fb5e2a,96cf9c6d-970d-47ce-90cc-e8ab4c2daf1d,c5,c3,1012,?,x8,
1768856997.7081106,FORWARDED,d5691ddf-6932-4ffc-bc4b-323f59fb5e2a,96cf9c6d-970d-47ce-90cc-e8ab4c2daf1d,c5,c3,1012,?,x8,
1768856997.7286148,SENT,3e79d6d4-354e-4c40-b31f-d8cab66405e9,a3c558a7-9016-4bac-ab73-4599a465e3c2,c5,c4,1115,?,x5,
1768856997.7286577,FORWARDED,3e79d6d4-354e-4c40-b31f-d8cab66405e9,a3c558a7-9016-4bac-ab73-4599a465e3c2,c5,c4,1115,?,x5,
1768856997.88796,RECEIVED,ea1e79a5-332b-425e-b4d9-24cd34532301,04fb4e40-6e16-49b6-b1ff-2a70ae64dc22,c1,c2,1584,e1,?,
1768856998.136649,RECEIVED,00dceb98-bc00-413f-ae29-ca36a6c46ea0,8f712830-9c2b-4f00-9b94-7bcb82b23bf9,c5,c3,1573,e6,?,
1768856998.2318747,SENT,00dceb98-bc00-413f-ae29-ca36a6c46ea0,8f712830-9c2b-4f00-9b94-7bcb82b23bf9,c5,c3,1107,?,x10,
1768856998.231916,FORWARDED,00dceb98-bc00-413f-ae29-ca36a6c46ea0,8f712830-9c2b-4f00-9b94-7bcb82b23bf9,c5,c3,1107,?,x10,
1768856998.3186471,SENT,ea1e79a5-332b-425e-b4d9-24cd34532301,04fb4e40-6e16-49b6-b1ff-2a70ae64dc22,c1,c2,1116,?,x1,
1768856998.318689,FORWARDED,ea1e79a5-332b-425e-b4d9-24cd34532301,04fb4e40-6e16-49b6-b1ff-2a70ae64dc22,c1,c2,1116,?,x1,
1768856998.6667995,RECEIVED,222210ba-4b97-4c97-9aab-faf820185944,c8e5d536-8299-4feb-babb-9bf98e0d0d3e,c1,c5,1463,e10,?,
1768856999.2668796,RECEIVED,30d5218e-9613-4275-98f9-7b219dee18a0,903ad135-60f5-4ba9-8e63-592e3ac86269,c3,c5,1581,e6,?,
1768856999.2935054,SENT,50f278d6-e836-4c65-a496-3cf24431557d,e05604c5-b93d-4341-ac2a-59af179cb4c0,c5,c3,1108,?,x4,
1768856999.2935479,FORWARDED,50f278d6-e836-4c65-a496-3cf24431557d,e05604c5-b93d-4341-ac2a-59af179cb4c0,c5,c3,1108,?,x4,
1768856999.3298595,SENT,30d5218e-9613-4275-98f9-7b219dee18a0,903ad135-60f5-4ba9-8e63-592e3ac86269,c3,c5,1111,?,x3,
1768856999.3299007,FORWARDED,30d5218e-9613-4275-98f9-7b219dee18a0,903ad135-60f5-4ba9-8e63-592e3ac86269,c3,c5,1111,?,x3,
1768856999.4947588,SENT,222210ba-4b97-4c97-9aab-faf820185944,c8e5d536-8299-4feb-babb-9bf98e0d0d3e,c1,c5,1024,?,x1,
1768856999.4948018,FORWARDED,222210ba-4b97-4c97-9aab-faf820185944,c8e5d536-8299-4feb-babb-9bf98e0d0d3e,c1,c5,1024,?,x1,
1768857000.7668478,RECEIVED,9a461f94-7aa7-4ac9-9f02-0f47e0083a36,3147c496-6f4a-407c-b155-799c1f31d09c,c1,c2,1584,e10,?,
1768857000.7791736,RECEIVED,556c8b89-4256-47c9-b732-aa0054cb56ae,9b53935b-41bd-4796-8c98-da754706d584,c1,c2,1584,e2,?,
1768857000.8971941,SENT,556c8b89-4256-47c9-b732-aa0054cb56ae,9b53935b-41bd-4796-8c98-da754706d584,c1,c2,1116,?,x8,
1768857000.8972354,FORWARDED,556c8b89-4256-47c9-b732-aa0054cb56ae,9b53935b-41bd-4796-8c98-da754706d584,c1,c2,1116,?,x8,
1768857000.907139,RECEIVED,77515f68-8dda-40c7-a349-26eca32c5d20,cf102b50-71de-4c84-9d82-9dd1d3694385,c1,c2,1584,e1,?,
1768857001.0534375,SENT,9a461f94-7aa7-4ac9-9f02-0f47e0083a36,3147c496-6f4a-407c-b155-799c1f31d09c,c1,c2,1116,?,x10,
1768857001.053479,FORWARDED,9a461f94-7aa7-4ac9-9f02-0f47e0083a36,3147c496-6f4a-407c-b155-799c1f31d09c,c1,c2,1116,?,x10,
1768857001.1606207,SENT,77515f68-8dda-40c7-a349-26eca32c5d20,cf102b50-71de-4c84-9d82-9dd1d3694385,c1,c2,1115,?,x12,
1768857001.1606638,FORWARDED,77515f68-8dda-40c7-a349-26eca32c5d20,cf102b50-71de-4c84-9d82-9dd1d3694385,c1,c2,1115,?,x12,
1768857001.249903,RECEIVED,f5c71152-7d37-4097-ad1c-5f694395185e,5b334bce-15d4-452d-8bfc-5689cab82156,c5,c4,1583,e2,?,
1768857001.5692658,SENT,f5c71152-7d37-4097-ad1c-5f694395185e,5b334bce-15d4-452d-8bfc-5689cab82156,c5,c4,1115,?,x7,
1768857001.5693069,FORWARDED,f5c71152-7d37-4097-ad1c-5f694395185e,5b334bce-15d4-452d-8bfc-5689cab82156,c5,c4,1115,?,x7,
1768857001.764986,RECEIVED,56d9851d-6c60-4f05-b4ee-098272a5ef38,35cc5523-9f2c-4a4b-b6bf-d6c078ccd7c2,c3,c5,1575,e3,?,
1768857001.8183403,RECEIVED,043514fc-43dd-4e0d-a46a-2992fff9bce2,ea079dac-db9b-4093-94e1-52e2d0b9a615,c3,c5,1584,e12,?,
1768857001.8298707,RECEIVED,9bf01731-0582-49fe-9caf-0030a68dd589,32f2ecf1-7356-46d3-b847-c69f52764d8b,c3,c5,1585,e8,?,
1768857001.8472905,RECEIVED,b3427e3f-e6d8-47a2-89c3-e786c1b901f7,a6314cbf-a7be-40d2-a511-bf51b7743610,c5,c4,1584,e5,?,
1768857001.885296,SENT,043514fc-43dd-4e0d-a46a-2992fff9bce2,ea079dac-db9b-4093-94e1-52e2d0b9a615,c3,c5,1115,?,x4,
1768857001.8853395,FORWARDED,043514fc-43dd-4e0d-a46a-2992fff9bce2,ea079dac-db9b-4093-94e1-52e2d0b9a615,c3,c5,1115,?,x4,
1768857001.932658,SENT,56d9851d-6c60-4f05-b4ee-098272a5ef38,35cc5523-9f2c-4a4b-b6bf-d6c078ccd7c2,c3,c5,1108,?,x3,
1768857001.9327,FORWARDED,56d9851d-6c60-4f05-b4ee-098272a5ef38,35cc5523-9f2c-4a4b-b6bf-d6c078ccd7c2,c3,c5,1108,?,x3,
1768857002.0220187,SENT,9bf01731-0582-49fe-9caf-0030a68dd589,32f2ecf1-7356-46d3-b847-c69f52764d8b,c3,c5,1115,?,x11,
1768857002.0220788,FORWARDED,9bf01731-0582-49fe-9caf-0030a68dd589,32f2ecf1-7356-46d3-b847-c69f52764d8b,c3,c5,1115,?,x11,
1768857002.2723594,RECEIVED,543cf0f6-9098-409b-8e6c-3ff7f132bd22,747c23b7-7efc-4763-a796-259548b0175d,c5,c3,1448,e11,?,
1768857002.3433514,RECEIVED,6dea847c-c238-48f5-8060-e62594ceb507,e12717a7-8f70-4e37-a972-c3bacb143945,c1,c5,1459,e10,?,
1768857002.4003787,SENT,b3427e3f-e6d8-47a2-89c3-e786c1b901f7,a6314cbf-a7be-40d2-a511-bf51b7743610,c5,c4,1116,?,x11,
1768857002.4004207,FORWARDED,b3427e3f-e6d8-47a2-89c3-e786c1b901f7,a6314cbf-a7be-40d2-a511-bf51b7743610,c5,c4,1116,?,x11,
1768857002.4917388,SENT,6dea847c-c238-48f5-8060-e62594ceb507,e12717a7-8f70-4e37-a972-c3bacb143945,c1,c5,1023,?,x8,
1768857002.4917824,FORWARDED,6dea847c-c238-48f5-8060-e62594ceb507,e12717a7-8f70-4e37-a972-c3bacb143945,c1,c5,1023,?,x8,
1768857002.5980656,SENT,543cf0f6-9098-409b-8e6c-3ff7f132bd22,747c23b7-7efc-4763-a796-259548b0175d,c5,c3,1014,?,x7,
1768857002.5981092,FORWARDED,543cf0f6-9098-409b-8e6c-3ff7f132bd22,747c23b7-7efc-4763-a796-259548b0175d,c5,c3,1014,?,x7,
1768857002.671525,RECEIVED,74f75658-1db6-44c7-b968-8565860dfe35,2de38d8a-eb2a-47f0-984b-53bc00fd4c87,c4,c5,1456,e12,?,
1768857002.6978128,SENT,74f75658-1db6-44c7-b968-8565860dfe35,2de38d8a-eb2a-47f0-984b-53bc00fd4c87,c4,c5,1019,?,x1,
1768857002.697854,FORWARDED,74f75658-1db6-44c7-b968-8565860dfe35,2de38d8a-eb2a-47f0-984b-53bc00fd4c87,c4,c5,1019,?,x1,
1768857003.2371979,RECEIVED,e9ab8521-05e5-496d-b581-dbd387dad7d7,d5c70fba-bd54-4eae-bce4-f2f0aeada6b6,c1,c2,1585,e8,?,
1768857003.3834093,RECEIVED,4f3a13df-6813-47bc-a144-03afe58e7509,7819f015-4e22-43f1-8da7-c2e6575cfbf1,c5,c3,1460,e6,?,
1768857003.466573,SENT,e9ab8521-05e5-496d-b581-dbd387dad7d7,d5c70fba-bd54-4eae-bce4-f2f0aeada6b6,c1,c2,1116,?,x10,
1768857003.4666133,FORWARDED,e9ab8521-05e5-496d-b581-dbd387dad7d7,d5c70fba-bd54-4eae-bce4-f2f0aeada6b6,c1,c2,1116,?,x10,
1768857003.4836009,RECEIVED,c8dac296-d99a-4776-ad09-7988c1dce0fe,660a3d1c-6f8c-447e-9739-4a4db422ddc6,c1,c2,1579,e6,?,
1768857003.5706527,SENT,4f3a13df-6813-47bc-a144-03afe58e7509,7819f015-4e22-43f1-8da7-c2e6575cfbf1,c5,c3,1023,?,x4,
1768857003.570703,FORWARDED,4f3a13df-6813-47bc-a144-03afe58e7509,7819f015-4e22-43f1-8da7-c2e6575cfbf1,c5,c3,1023,?,x4,
1768857003.8683536,RECEIVED,942d6f18-d4f1-4992-b424-55220c022870,9ae07d05-a13a-4978-83a7-9dd9e4be6d8d,c5,c1,1579,e8,?,
1768857003.9529173,SENT,c8dac296-d99a-4776-ad09-7988c1dce0fe,660a3d1c-6f8c-447e-9739-4a4db422ddc6,c1,c2,1112,?,x8,
1768857003.952958,FORWARDED,c8dac296-d99a-4776-ad09-7988c1dce0fe,660a3d1c-6f8c-447e-9739-4a4db422ddc6,c1,c2,1112,?,x8,
1768857003.9645982,RECEIVED,a6bde7b1-3a89-49af-a753-0eb73f2aa505,c64dbf58-c868-4e10-8580-9f2db365655f,c2,c1,1464,e12,?,
1768857004.1068714,SENT,a6bde7b1-3a89-49af-a753-0eb73f2aa505,c64dbf58-c868-4e10-8580-9f2db365655f,c2,c1,1024,?,x3,
1768857004.1069155,FORWARDED,a6bde7b1-3a89-49af-a753-0eb73f2aa505,c64dbf58-c868-4e10-8580-9f2db365655f,c2,c1,1024,?,x3,
1768857004.2042506,RECEIVED,9cd2101e-8633-4e47-9ebf-d6f0eead6dc8,ab6e267b-1722-4741-a68b-32565719cdfd,c5,c3,1582,e7,?,
1768857004.5433156,SENT,9cd2101e-8633-4e47-9ebf-d6f0eead6dc8,ab6e267b-1722-4741-a68b-32565719cdfd,c5,c3,1116,?,x4,
1768857004.543357,FORWARDED,9cd2101e-8633-4e47-9ebf-d6f0eead6dc8,ab6e267b-1722-4741-a68b-32565719cdfd,c5,c3,1116,?,x4,
1768857004.5901058,SENT,942d6f18-d4f1-4992-b424-55220c022870,9ae07d05-a13a-4978-83a7-9dd9e4be6d8d,c5,c1,1111,?,x7,
1768857004.5901473,FORWARDED,942d6f18-d4f1-4992-b424-55220c022870,9ae07d05-a13a-4978-83a7-9dd9e4be6d8d,c5,c1,1111,?,x7,
1768857004.9697542,RECEIVED,0a3dc039-9144-4bd5-b755-4cd23b323021,b68119b9-7220-428b-b0b8-51f94aa7eebd,c5,c4,1584,e6,?,
1768857005.055711,SENT,0a3dc039-9144-4bd5-b755-4cd23b323021,b68119b9-7220-428b-b0b8-51f94aa7eebd,c5,c4,1115,?,x8,
1768857005.0557508,FORWARDED,0a3dc039-9144-4bd5-b755-4cd23b323021,b68119b9-7220-428b-b0b8-51f94aa7eebd,c5,c4,1115,?,x8,
1768857005.1541095,RECEIVED,693f2602-cbdd-4dfe-86e5-7781db722dde,0b9ce477-87b9-4dda-8539-ad70fbe4a320,c5,c1,1587,e8,?,
1768857005.878972,RECEIVED,c5383800-586d-40b4-a86b-ad91b8a5eed3,a6be1e12-14c0-4e8f-930a-f147fb379c4d,c3,c5,1585,e5,?,
1768857005.9518514,SENT,693f2602-cbdd-4dfe-86e5-7781db722dde,0b9ce477-87b9-4dda-8539-ad70fbe4a320,c5,c1,1117,?,x3,
1768857005.9518936,FORWARDED,693f2602-cbdd-4dfe-86e5-7781db722dde,0b9ce477-87b9-4dda-8539-ad70fbe4a320,c5,c1,1117,?,x3,
1768857006.1951096,RECEIVED,3d4640c3-eaf0-4691-9212-d159f3154db8,087b26e4-d354-4ba8-8706-3354bf817aa7,c1,c2,1582,e11,?,
1768857006.315753,SENT,c5383800-586d-40b4-a86b-ad91b8a5eed3,a6be1e12-14c0-4e8f-930a-f147fb379c4d,c3,c5,1114,?,x10,
1768857006.3157942,FORWARDED,c5383800-586d-40b4-a86b-ad91b8a5eed3,a6be1e12-14c0-4e8f-930a-f147fb379c4d,c3,c5,1114,?,x10,
1768857006.6292922,SENT,3d4640c3-eaf0-4691-9212-d159f3154db8,087b26e4-d354-4ba8-8706-3354bf817aa7,c1,c2,1116,?,x2,
1768857006.6293356,FORWARDED,3d4640c3-eaf0-4691-9212-d159f3154db8,087b26e4-d354-4ba8-8706-3354bf817aa7,c1,c2,1116,?,x2,
1768857006.799113,RECEIVED,a11fb4cb-9298-4bb0-aff9-71f0e0d1a67c,a2756932-8b8a-4a84-a81c-d16b445d9496,c2,c1,1463,e1,?,
1768857006.8956041,RECEIVED,1469eed6-6667-4a41-a87e-54685fde66b5,e243b9e1-6e21-443b-9303-f2d4f923e484,c4,c5,1459,e5,?,
1768857007.2317564,RECEIVED,5c27528f-40fc-4a2a-a5ef-6bbc5ad6673d,d046a791-30af-4bd9-aced-d84089344b39,c5,c3,1465,e7,?,
1768857007.3471189,RECEIVED,f877ae2c-455d-402d-810f-dce8543309cf,1a6e9507-6b57-4f6f-bba7-151a127e1a86,c4,c5,1456,e8,?,
1768857007.3734715,RECEIVED,926f809d-bec5-40f6-b3bc-df1e192b298e,c5e5a3e4-74b0-4b63-a563-5088464c40d1,c5,DROP,1007,e12,?,
1768857007.4015973,SENT,1469eed6-6667-4a41-a87e-54685fde66b5,e243b9e1-6e21-443b-9303-f2d4f923e484,c4,c5,1023,?,x8,
1768857007.401641,FORWARDED,1469eed6-6667-4a41-a87e-54685fde66b5,e243b9e1-6e21-443b-9303-f2d4f923e484,c4,c5,1023,?,x8,
1768857007.5046828,SENT,5c27528f-40fc-4a2a-a5ef-6bbc5ad6673d,d046a791-30af-4bd9-aced-d84089344b39,c5,c3,1024,?,x10,
1768857007.5047271,FORWARDED,5c27528f-40fc-4a2a-a5ef-6bbc5ad6673d,d046a791-30af-4bd9-aced-d84089344b39,c5,c3,1024,?,x10,
1768857007.6564817,SENT,a11fb4cb-9298-4bb0-aff9-71f0e0d1a67c,a2756932-8b8a-4a84-a81c-d16b445d9496,c2,c1,1024,?,x7,
1768857007.6565979,FORWARDED,a11fb4cb-9298-4bb0-aff9-71f0e0d1a67c,a2756932-8b8a-4a84-a81c-d16b445d9496,c2,c1,1024,?,x7,
1768857007.6953764,RECEIVED,c6060b32-87f2-4002-9669-0680711060e6,a4f0796e-3dbb-4992-b6f0-a3f11beb6321,c3,c5,1584,e5,?,
1768857007.758648,SENT,c6060b32-87f2-4002-9669-0680711060e6,a4f0796e-3dbb-4992-b6f0-a3f11beb6321,c3,c5,1115,?,x7,
1768857007.758691,FORWARDED,c6060b32-87f2-4002-9669-0680711060e6,a4f0796e-3dbb-4992-b6f0-a3f11beb6321,c3,c5,1115,?,x7,
1768857007.8070161,SENT,f877ae2c-455d-402d-810f-dce8543309cf,1a6e9507-6b57-4f6f-bba7-151a127e1a86,c4,c5,1020,?,x11,
1768857007.8070745,FORWARDED,f877ae2c-455d-402d-810f-dce8543309cf,1a6e9507-6b57-4f6f-bba7-151a127e1a86,c4,c5,1020,?,x11,
1768857007.8766553,RECEIVED,ecff6f44-74be-4a84-806c-f70b7d889551,8a5188a5-8821-4d28-818d-634b0b4530ac,c5,c3,1463,e1,?,
1768857008.0023777,SENT,ecff6f44-74be-4a84-806c-f70b7d889551,8a5188a5-8821-4d28-818d-634b0b4530ac,c5,c3,1024,?,x6,
1768857008.0024195,FORWARDED,ecff6f44-74be-4a84-806c-f70b7d889551,8a5188a5-8821-4d28-818d-634b0b4530ac,c5,c3,1024,?,x6,
1768857008.0655875,RECEIVED,69ff2d52-cc75-47cd-8094-0cb0bc998da8,4ebea82f-2162-4672-b9b3-6e4780f51070,c1,DROP,1015,e8,?,
1768857008.1968768,RECEIVED,74f1c538-8896-433b-b857-2b12c72d9874,2595a6b1-e2e2-488f-8cec-cc3d7d7199a5,c5,c3,1585,e5,?,
1768857008.4255352,SENT,74f1c538-8896-433b-b857-2b12c72d9874,2595a6b1-e2e2-488f-8cec-cc3d7d7199a5,c5,c3,1116,?,x12,
1768857008.425577,FORWARDED,74f1c538-8896-433b-b857-2b12c72d9874,2595a6b1-e2e2-488f-8cec-cc3d7d7199a5,c5,c3,1116,?,x12,
1768857008.616519,RECEIVED,494d3c7a-18d7-4a4e-8142-e57257119fd4,c5a11add-c4e9-4513-936b-716e6fd29966,c2,c1,1460,e5,?,
1768857008.7311556,RECEIVED,0ef77a15-1da3-48d2-9bfb-d966c36df12d,659aa985-888e-4a4e-9f86-980a4248dc0e,c3,c5,1584,e4,?,
1768857008.9864697,RECEIVED,0c4c22f0-ce63-4763-895b-22bbb07f3629,7d573f51-2756-4a77-8916-e8f2b9d6703a,c1,c5,1456,e7,?,
1768857008.9962926,SENT,494d3c7a-18d7-4a4e-8142-e57257119fd4,c5a11add-c4e9-4513-936b-716e6fd29966,c2,c1,1023,?,x7,
1768857008.9963348,FORWARDED,494d3c7a-18d7-4a4e-8142-e57257119fd4,c5a11add-c4e9-4513-936b-716e6fd29966,c2,c1,1023,?,x7,
1768857009.0970826,SENT,0c4c22f0-ce63-4763-895b-22bbb07f3629,7d573f51-2756-4a77-8916-e8f2b9d6703a,c1,c5,1020,?,x3,
1768857009.0971272,FORWARDED,0c4c22f0-ce63-4763-895b-22bbb07f3629,7d573f51-2756-4a77-8916-e8f2b9d6703a,c1,c5,1020,?,x3,
1768857009.1192827,SENT,69ff2d52-cc75-47cd-8094-0cb0bc998da8,4ebea82f-2162-4672-b9b3-6e4780f51070,c1,DROP,688,?,x4,
1768857009.1193278,FORWARDED,69ff2d52-cc75-47cd-8094-0cb0bc998da8,4ebea82f-2162-4672-b9b3-6e4780f51070,c1,DROP,688,?,x4,
1768857009.1874173,RECEIVED,2f3692c5-526f-4cea-81e3-0a518cc17315,89ac9504-cf5c-44a4-b2cf-c394d5277f95,c1,c5,1465,e11,?,
1768857009.333616,RECEIVED,9ec8972d-9db1-4ebb-be28-80e4bb224f04,72e5dd1e-c6e2-431a-8768-5936587373a3,c5,c3,1455,e6,?,
1768857009.3402116,SENT,0ef77a15-1da3-48d2-9bfb-d966c36df12d,659aa985-888e-4a4e-9f86-980a4248dc0e,c3,c5,1115,?,x12,
1768857009.340253,FORWARDED,0ef77a15-1da3-48d2-9bfb-d966c36df12d,659aa985-888e-4a4e-9f86-980a4248dc0e,c3,c5,1115,?,x12,
1768857009.455393,SENT,926f809d-bec5-40f6-b3bc-df1e192b298e,c5e5a3e4-74b0-4b63-a563-5088464c40d1,c5,DROP,682,?,x6,
1768857009.4554384,FORWARDED,926f809d-bec5-40f6-b3bc-df1e192b298e,c5e5a3e4-74b0-4b63-a563-5088464c40d1,c5,DROP,682,?,x6,
1768857009.4869401,SENT,2f3692c5-526f-4cea-81e3-0a518cc17315,89ac9504-cf5c-44a4-b2cf-c394d5277f95,c1,c5,1024,?,x10,
1768857009.4869823,FORWARDED,2f3692c5-526f-4cea-81e3-0a518cc17315,89ac9504-cf5c-44a4-b2cf-c394d5277f95,c1,c5,1024,?,x10,
1768857009.5222516,RECEIVED,57ced1af-713d-4591-8b45-bf017934aabb,85ab4b36-d7c1-4064-8dbc-920255e61070,c1,c5,1448,e6,?,
1768857009.5488722,RECEIVED,c2ec998c-2f66-4d3c-8589-39425f65ea1b,779e8179-8de4-486d-b040-6ea5e410a80b,c5,c4,1584,e8,?,
1768857009.651315,SENT,57ced1af-713d-4591-8b45-bf017934aabb,85ab4b36-d7c1-4064-8dbc-920255e61070,c1,c5,1012,?,x2,
1768857009.6515765,FORWARDED,57ced1af-713d-4591-8b45-bf017934aabb,85ab4b36-d7c1-4064-8dbc-920255e61070,c1,c5,1012,?,x2,
1768857009.6842394,SENT,c2ec998c-2f66-4d3c-8589-39425f65ea1b,779e8179-8de4-486d-b040-6ea5e410a80b,c5,c4,1116,?,x2,
1768857009.6842885,FORWARDED,c2ec998c-2f66-4d3c-8589-39425f65ea1b,779e8179-8de4-486d-b040-6ea5e410a80b,c5,c4,1116,?,x2,
1768857009.9754548,RECEIVED,d61b0ac6-4523-4300-878e-00525fd8624a,edceb424-e938-480c-b59f-ab4ac07934bc,c3,c5,1455,e7,?,
1768857010.081461,SENT,9ec8972d-9db1-4ebb-be28-80e4bb224f04,72e5dd1e-c6e2-431a-8768-5936587373a3,c5,c3,1019,?,x3,
1768857010.0815027,FORWARDED,9ec8972d-9db1-4ebb-be28-80e4bb224f04,72e5dd1e-c6e2-431a-8768-5936587373a3,c5,c3,1019,?,x3,
1768857010.1571057,RECEIVED,7103ea63-cc08-48b0-a6d1-81a82c96f528,0070ea7a-a531-4e0f-897a-e1d06b49777b,c2,c1,1455,e8,?,
1768857010.4368486,SENT,7103ea63-cc08-48b0-a6d1-81a82c96f528,0070ea7a-a531-4e0f-897a-e1d06b49777b,c2,c1,1019,?,x2,
1768857010.43689,FORWARDED,7103ea63-cc08-48b0-a6d1-81a82c96f528,0070ea7a-a531-4e0f-897a-e1d06b49777b,c2,c1,1019,?,x2,
1768857010.5065176,RECEIVED,8393e710-083a-4dfa-a944-ecda2a973998,94f2e12d-7373-4916-aec2-99705fd727bc,c1,DROP,439,x5,?,
1768857010.610666,RECEIVED,e680fbf9-caf2-43f3-bb34-2fb3764593d4,f5de16d1-ce1e-4dcb-b5dd-e6e6cce939c9,c5,c3,1584,e7,?,
1768857010.6330025,RECEIVED,fa6dd8ff-fd4d-4a14-b841-e9b20c790695,48c3af1b-6602-4fae-8349-42c16b06e371,c5,c4,1589,e12,?,
1768857010.673936,SENT,d61b0ac6-4523-4300-878e-00525fd8624a,edceb424-e938-480c-b59f-ab4ac07934bc,c3,c5,1019,?,x4,
1768857010.673977,FORWARDED,d61b0ac6-4523-4300-878e-00525fd8624a,edceb424-e938-480c-b59f-ab4ac07934bc,c3,c5,1019,?,x4,
1768857010.6855848,SENT,fa6dd8ff-fd4d-4a14-b841-e9b20c790695,48c3af1b-6602-4fae-8349-42c16b06e371,c5,c4,1119,?,x7,
1768857010.685624,FORWARDED,fa6dd8ff-fd4d-4a14-b841-e9b20c790695,48c3af1b-6602-4fae-8349-42c16b06e371,c5,c4,1119,?,x7,
1768857010.8214931,SENT,e680fbf9-caf2-43f3-bb34-2fb3764593d4,f5de16d1-ce1e-4dcb-b5dd-e6e6cce939c9,c5,c3,1116,?,x1,
1768857010.8215425,FORWARDED,e680fbf9-caf2-43f3-bb34-2fb3764593d4,f5de16d1-ce1e-4dcb-b5dd-e6e6cce939c9,c5,c3,1116,?,x1,
1768857011.1523979,RECEIVED,1303c22c-2425-4e65-973c-ebc98ff044fc,610aa970-1e76-40c7-b0ee-2bc83fe93281,c3,c5,1463,e10,?,
1768857011.3122518,RECEIVED,d31d7d63-cead-4fe0-beef-776648101eef,6df368e0-08cb-4e98-806c-fdd4907e2d68,c1,c2,1571,e3,?,
1768857011.4452207,RECEIVED,2e1b7289-dae8-4ad5-9877-cc7c334f92be,89a59b38-6083-4e88-9cef-757e27315568,c5,c4,1585,e3,?,
1768857011.570927,SENT,2e1b7289-dae8-4ad5-9877-cc7c334f92be,89a59b38-6083-4e88-9cef-757e27315568,c5,c4,1116,?,x10,
1768857011.570968,FORWARDED,2e1b7289-dae8-4ad5-9877-cc7c334f92be,89a59b38-6083-4e88-9cef-757e27315568,c5,c4,1116,?,x10,
1768857011.6529694,SENT,d31d7d63-cead-4fe0-beef-776648101eef,6df368e0-08cb-4e98-806c-fdd4907e2d68,c1,c2,1107,?,x9,
1768857011.6530094,FORWARDED,d31d7d63-cead-4fe0-beef-776648101eef,6df368e0-08cb-4e98-806c-fdd4907e2d68,c1,c2,1107,?,x9,
1768857011.8321836,RECEIVED,7000bb63-1e7a-47ca-999e-8eccb603ac79,fdb3505f-19fb-4861-a134-f003c9488e40,c1,c5,1453,e6,?,
1768857011.891208,SENT,7000bb63-1e7a-47ca-999e-8eccb603ac79,fdb3505f-19fb-4861-a134-f003c9488e40,c1,c5,1017,?,x3,
1768857011.8912492,FORWARDED,7000bb63-1e7a-47ca-999e-8eccb603ac79,fdb3505f-19fb-4861-a134-f003c9488e40,c1,c5,1017,?,x3,
1768857011.9739459,SENT,1303c22c-2425-4e65-973c-ebc98ff044fc,610aa970-1e76-40c7-b0ee-2bc83fe93281,c3,c5,1024,?,x11,
1768857011.9740276,FORWARDED,1303c22c-2425-4e65-973c-ebc98ff044fc,610aa970-1e76-40c7-b0ee-2bc83fe93281,c3,c5,1024,?,x11,
1768857012.0351048,RECEIVED,d94ec5df-4ed8-4882-9bdf-5937e8ee97fd,fbbfd512-3b38-45ab-afcf-eba4604e3367,c5,c3,1567,e3,?,
1768857012.349475,RECEIVED,522de16e-5c2b-4018-abd3-a6334957bf60,9c31e03b-ee07-44a5-9eb4-8a47f8b37b41,c1,c5,1463,e3,?,
1768857012.4055748,RECEIVED,3f26db24-5b13-4fad-aec3-3c9cca091758,4ef64eae-fe7c-48e2-ba76-8c2907272a67,c5,c1,1582,e1,?,
1768857012.4470189,SENT,3f26db24-5b13-4fad-aec3-3c9cca091758,4ef64eae-fe7c-48e2-ba76-8c2907272a67,c5,c1,1111,?,x4,
1768857012.4470758,FORWARDED,3f26db24-5b13-4fad-aec3-3c9cca091758,4ef64eae-fe7c-48e2-ba76-8c2907272a67,c5,c1,1111,?,x4,
1768857012.453471,SENT,522de16e-5c2b-4018-abd3-a6334957bf60,9c31e03b-ee07-44a5-9eb4-8a47f8b37b41,c1,c5,1024,?,x7,
1768857012.4535084,FORWARDED,522de16e-5c2b-4018-abd3-a6334957bf60,9c31e03b-ee07-44a5-9eb4-8a47f8b37b41,c1,c5,1024,?,x7,
1768857012.4988089,RECEIVED,4f7936bd-0b3f-421d-8017-1c8ef3e7d896,48f39a97-9d77-479a-9f82-2a7756cdc6a2,c4,DROP,1008,e6,?,
1768857012.5650187,RECEIVED,ad5f37f2-dfac-42f4-9f79-dcb67e411944,6dd437c5-9aa9-4dbb-814a-8518ecb6fc48,c5,c4,1583,e7,?,
1768857012.6374838,SENT,4f7936bd-0b3f-421d-8017-1c8ef3e7d896,48f39a97-9d77-479a-9f82-2a7756cdc6a2,c4,DROP,684,?,x9,
1768857012.637518,FORWARDED,4f7936bd-0b3f-421d-8017-1c8ef3e7d896,48f39a97-9d77-479a-9f82-2a7756cdc6a2,c4,DROP,684,?,x9,
1768857012.743803,SENT,d94ec5df-4ed8-4882-9bdf-5937e8ee97fd,fbbfd512-3b38-45ab-afcf-eba4604e3367,c5,c3,1103,?,x1,
1768857012.743843,FORWARDED,d94ec5df-4ed8-4882-9bdf-5937e8ee97fd,fbbfd512-3b38-45ab-afcf-eba4604e3367,c5,c3,1103,?,x1,
1768857012.8171198,SENT,ad5f37f2-dfac-42f4-9f79-dcb67e411944,6dd437c5-9aa9-4dbb-814a-8518ecb6fc48,c5,c4,1115,?,x6,
1768857012.8171618,FORWARDED,ad5f37f2-dfac-42f4-9f79-dcb67e411944,6dd437c5-9aa9-4dbb-814a-8518ecb6fc48,c5,c4,1115,?,x6,
1768857013.1733794,RECEIVED,29677663-3820-493e-8968-2dc05037137b,7659a4fe-33ce-42b4-b0f0-2f2ef3b059b3,c5,c1,1587,e8,?,
1768857013.8029695,RECEIVED,c54b47e0-be57-4894-a84d-9c69e09a395c,d23a2d35-23e7-42ef-97be-d92e84602b25,c3,c5,1585,e1,?,
1768857014.1297133,SENT,c54b47e0-be57-4894-a84d-9c69e09a395c,d23a2d35-23e7-42ef-97be-d92e84602b25,c3,c5,1116,?,x12,
1768857014.1297479,FORWARDED,c54b47e0-be57-4894-a84d-9c69e09a395c,d23a2d35-23e7-42ef-97be-d92e84602b25,c3,c5,1116,?,x12,
1768857014.1545885,RECEIVED,92f187ae-c6b4-426f-a1af-466de822a996,c73ab70b-6176-4a19-9290-f80aa4cec2e3,c2,c1,1443,e6,?,
1768857014.231356,RECEIVED,accd0ac7-f0eb-4ff8-96f6-99da8bf1f4e0,929e7474-0a51-466b-95bc-2287b396eef4,c3,c5,1463,e7,?,
1768857014.2461817,RECEIVED,de7ae002-9873-4405-a836-a66217c1c77f,f7933b30-164b-4fd2-bebb-db9813f94763,c2,c1,1444,e2,?,
1768857014.3210833,RECEIVED,19790015-a74f-4f0e-936a-0e7dc5955e6e,57904673-041c-4c54-8bf3-ba304df05180,c1,c5,1463,e12,?,
1768857014.3696654,SENT,29677663-3820-493e-8968-2dc05037137b,7659a4fe-33ce-42b4-b0f0-2f2ef3b059b3,c5,c1,1118,?,x5,
1768857014.3697078,FORWARDED,29677663-3820-493e-8968-2dc05037137b,7659a4fe-33ce-42b4-b0f0-2f2ef3b059b3,c5,c1,1118,?,x5,
1768857014.4740257,SENT,de7ae002-9873-4405-a836-a66217c1c77f,f7933b30-164b-4fd2-bebb-db9813f94763,c2,c1,1009,?,x5,
1768857014.4740868,FORWARDED,de7ae002-9873-4405-a836-a66217c1c77f,f7933b30-164b-4fd2-bebb-db9813f94763,c2,c1,1009,?,x5,
1768857014.50036,SENT,92f187ae-c6b4-426f-a1af-466de822a996,c73ab70b-6176-4a19-9290-f80aa4cec2e3,c2,c1,1011,?,x9,
1768857014.5006452,FORWARDED,92f187ae-c6b4-426f-a1af-466de822a996,c73ab70b-6176-4a19-9290-f80aa4cec2e3,c2,c1,1011,?,x9,
1768857014.6381493,SENT,19790015-a74f-4f0e-936a-0e7dc5955e6e,57904673-041c-4c54-8bf3-ba304df05180,c1,c5,1025,?,x3,
1768857014.6381927,FORWARDED,19790015-a74f-4f0e-936a-0e7dc5955e6e,57904673-041c-4c54-8bf3-ba304df05180,c1,c5,1025,?,x3,
1768857014.8222425,RECEIVED,d8f077b4-302f-491f-876d-84eac8d9e15c,edc91c9c-c1c5-4a5c-89f0-33d68feab950,c1,DROP,1019,e12,?,
1768857015.952145,SENT,d8f077b4-302f-491f-876d-84eac8d9e15c,edc91c9c-c1c5-4a5c-89f0-33d68feab950,c1,DROP,691,?,x9,
1768857015.9521859,FORWARDED,d8f077b4-302f-491f-876d-84eac8d9e15c,edc91c9c-c1c5-4a5c-89f0-33d68feab950,c1,DROP,691,?,x9,
1768857016.0003636,SENT,accd0ac7-f0eb-4ff8-96f6-99da8bf1f4e0,929e7474-0a51-466b-95bc-2287b396eef4,c3,c5,1024,?,x2,
1768857016.0004082,FORWARDED,accd0ac7-f0eb-4ff8-96f6-99da8bf1f4e0,929e7474-0a51-466b-95bc-2287b396eef4,c3,c5,1024,?,x2,
1768857016.018286,RECEIVED,79d5d26f-7aa9-4710-988b-644b85b78e96,a5e2f157-d2d9-47f2-8d3a-bbeafc8a905a,c2,c1,1451,e7,?,
1768857016.4919722,RECEIVED,193b6de3-5da5-448f-bb18-f24d5828dab7,edc0abe4-a09a-4e14-9f3f-922d413056e7,c3,c5,1582,e4,?,
1768857017.049251,RECEIVED,8556bf96-9233-4b2e-b9a5-d4ffcc4fe1a9,54fb7acf-657c-4f26-a55d-ee3d9627d230,c5,c4,1584,e10,?,
1768857017.0591276,RECEIVED,875e4059-7a2e-4da7-ab45-718240305e16,db9ac7f0-99ef-4422-b44a-28f587132cf4,c3,c5,1463,e6,?,
1768857017.1942055,SENT,193b6de3-5da5-448f-bb18-f24d5828dab7,edc0abe4-a09a-4e14-9f3f-922d413056e7,c3,c5,1116,?,x5,
1768857017.1942475,FORWARDED,193b6de3-5da5-448f-bb18-f24d5828dab7,edc0abe4-a09a-4e14-9f3f-922d413056e7,c3,c5,1116,?,x5,
1768857017.2690175,SENT,875e4059-7a2e-4da7-ab45-718240305e16,db9ac7f0-99ef-4422-b44a-28f587132cf4,c3,c5,1024,?,x3,
1768857017.269077,FORWARDED,875e4059-7a2e-4da7-ab45-718240305e16,db9ac7f0-99ef-4422-b44a-28f587132cf4,c3,c5,1024,?,x3,
1768857017.3116283,RECEIVED,1bdedab0-58c6-4e71-950a-af10e7988e0a,70804996-4fd4-4157-aa97-81976e8e7fed,c5,c3,1455,e8,?,
1768857017.4056087,RECEIVED,bc6bd60f-ec85-42b5-b742-c1920d91acd8,239dbd57-aa16-46f9-8512-8cff6432158e,c1,c5,1451,e1,?,
1768857017.4513168,SENT,bc6bd60f-ec85-42b5-b742-c1920d91acd8,239dbd57-aa16-46f9-8512-8cff6432158e,c1,c5,1016,?,x4,
1768857017.4513645,FORWARDED,bc6bd60f-ec85-42b5-b742-c1920d91acd8,239dbd57-aa16-46f9-8512-8cff6432158e,c1,c5,1016,?,x4,
1768857017.4546962,SENT,8556bf96-9233-4b2e-b9a5-d4ffcc4fe1a9,54fb7acf-657c-4f26-a55d-ee3d9627d230,c5,c4,1116,?,x12,
1768857017.4547398,FORWARDED,8556bf96-9233-4b2e-b9a5-d4ffcc4fe1a9,54fb7acf-657c-4f26-a55d-ee3d9627d230,c5,c4,1116,?,x12,
1768857017.4672701,SENT,79d5d26f-7aa9-4710-988b-644b85b78e96,a5e2f157-d2d9-47f2-8d3a-bbeafc8a905a,c2,c1,1015,?,x5,
1768857017.4673119,FORWARDED,79d5d26f-7aa9-4710-988b-644b85b78e96,a5e2f157-d2d9-47f2-8d3a-bbeafc8a905a,c2,c1,1015,?,x5,
1768857017.61769,RECEIVED,fa8cdd35-055e-4d99-88d2-0544bd4aa8a6,410ab170-70d5-44bb-b6f3-4053706f1dc9,c5,c3,1461,e8,?,
1768857017.6473053,RECEIVED,2a1351bb-3635-4e96-ac1c-e8ee0f775f7a,b6220f96-c46d-4989-b8fb-0b36949d567d,c3,c5,1583,e8,?,
1768857017.7085476,SENT,fa8cdd35-055e-4d99-88d2-0544bd4aa8a6,410ab170-70d5-44bb-b6f3-4053706f1dc9,c5,c3,1022,?,x10,
1768857017.7085893,FORWARDED,fa8cdd35-055e-4d99-88d2-0544bd4aa8a6,410ab170-70d5-44bb-b6f3-4053706f1dc9,c5,c3,1022,?,x10,
1768857017.7393618,SENT,1bdedab0-58c6-4e71-950a-af10e7988e0a,70804996-4fd4-4157-aa97-81976e8e7fed,c5,c3,1019,?,x4,
1768857017.7394035,FORWARDED,1bdedab0-58c6-4e71-950a-af10e7988e0a,70804996-4fd4-4157-aa97-81976e8e7fed,c5,c3,1019,?,x4,
1768857017.8027127,SENT,2a1351bb-3635-4e96-ac1c-e8ee0f775f7a,b6220f96-c46d-4989-b8fb-0b36949d567d,c3,c5,1115,?,x2,
1768857017.8027563,FORWARDED,2a1351bb-3635-4e96-ac1c-e8ee0f775f7a,b6220f96-c46d-4989-b8fb-0b36949d567d,c3,c5,1115,?,x2,
1768857017.8962007,RECEIVED,21478920-32d9-4bd9-b085-f3f8bd616102,3a5ace82-edee-45b9-8837-f4f858377be5,c1,c2,1587,e1,?,
1768857017.9843895,RECEIVED,2450ef5f-21be-42c1-961c-84d32229d1ff,8b34aee5-88ea-4a60-942e-aed3ba577ccd,c1,DROP,1015,e4,?,
1768857018.2044961,SENT,21478920-32d9-4bd9-b085-f3f8bd616102,3a5ace82-edee-45b9-8837-f4f858377be5,c1,c2,1117,?,x10,
1768857018.2045386,FORWARDED,21478920-32d9-4bd9-b085-f3f8bd616102,3a5ace82-edee-45b9-8837-f4f858377be5,c1,c2,1117,?,x10,
1768857018.3797238,RECEIVED,355a4b88-dd1d-4df2-8742-50770e16c94d,1da21d8b-eb99-435c-8a7e-ef7c55eaadd2,c3,c5,1584,e2,?,
1768857018.680437,SENT,355a4b88-dd1d-4df2-8742-50770e16c94d,1da21d8b-eb99-435c-8a7e-ef7c55eaadd2,c3,c5,1116,?,x9,
1768857018.680479,FORWARDED,355a4b88-dd1d-4df2-8742-50770e16c94d,1da21d8b-eb99-435c-8a7e-ef7c55eaadd2,c3,c5,1116,?,x9,
1768857018.7967503,RECEIVED,62196a20-a2bf-4515-8957-b84299bbda98,fc975d5f-dc1a-4e61-8e6a-3114a853cd5c,c1,c5,1454,e2,?,
1768857018.7974775,RECEIVED,62f31390-78a6-48ed-a307-08475fec1e2f,0e597bf3-56a3-48af-b6d1-589f7e25be11,c5,c4,1584,e10,?,
1768857018.8830316,SENT,62196a20-a2bf-4515-8957-b84299bbda98,fc975d5f-dc1a-4e61-8e6a-3114a853cd5c,c1,c5,1017,?,x11,
1768857018.8831108,FORWARDED,62196a20-a2bf-4515-8957-b84299bbda98,fc975d5f-dc1a-4e61-8e6a-3114a853cd5c,c1,c5,1017,?,x11,
1768857018.9697847,SENT,62f31390-78a6-48ed-a307-08475fec1e2f,0e597bf3-56a3-48af-b6d1-589f7e25be11,c5,c4,1116,?,x3,
1768857018.9698265,FORWARDED,62f31390-78a6-48ed-a307-08475fec1e2f,0e597bf3-56a3-48af-b6d1-589f7e25be11,c5,c4,1116,?,x3,
1768857019.3301635,RECEIVED,b332b960-dc87-4c4c-bc03-57b836d4cf4e,bec62d32-31e5-40b7-a906-bfb822990626,c3,c5,1456,e1,?,
1768857019.3584697,RECEIVED,947679ff-c551-4f6e-9172-489205c215ad,ca176399-1084-47e5-88ee-9ad5e5bb6dc2,c5,c3,1451,e6,?,
1768857019.4747734,SENT,b332b960-dc87-4c4c-bc03-57b836d4cf4e,bec62d32-31e5-40b7-a906-bfb822990626,c3,c5,1019,?,x6,
1768857019.4748104,FORWARDED,b332b960-dc87-4c4c-bc03-57b836d4cf4e,bec62d32-31e5-40b7-a906-bfb822990626,c3,c5,1019,?,x6,
1768857019.4961596,SENT,2450ef5f-21be-42c1-961c-84d32229d1ff,8b34aee5-88ea-4a60-942e-aed3ba577ccd,c1,DROP,689,?,x3,
1768857019.496201,FORWARDED,2450ef5f-21be-42c1-961c-84d32229d1ff,8b34aee5-88ea-4a60-942e-aed3ba577ccd,c1,DROP,689,?,x3,
1768857019.6129534,SENT,947679ff-c551-4f6e-9172-489205c215ad,ca176399-1084-47e5-88ee-9ad5e5bb6dc2,c5,c3,1016,?,x6,
1768857019.6129968,FORWARDED,947679ff-c551-4f6e-9172-489205c215ad,ca176399-1084-47e5-88ee-9ad5e5bb6dc2,c5,c3,1016,?,x6,
1768857019.741796,RECEIVED,707f00cc-5fac-46de-8328-84041beca3a8,100a27f6-5249-4557-be01-cadd9031705b,c1,c2,1583,e11,?,
1768857019.8610415,RECEIVED,8c269b2e-6310-437a-8a20-d8c745c8282b,c7fbd9b4-aea6-4f72-9a47-ccb1d51034c9,c1,c2,1575,e4,?,
1768857020.491982,SENT,8c269b2e-6310-437a-8a20-d8c745c8282b,c7fbd9b4-aea6-4f72-9a47-ccb1d51034c9,c1,c2,1108,?,x6,
1768857020.4920251,FORWARDED,8c269b2e-6310-437a-8a20-d8c745c8282b,c7fbd9b4-aea6-4f72-9a47-ccb1d51034c9,c1,c2,1108,?,x6,
1768857020.781921,RECEIVED,af4fe0f3-50d1-4398-b976-77f94414a3eb,f1da1e11-3cbf-4edc-963d-40785682c9aa,c1,c5,1452,e5,?,
1768857020.8523035,SENT,af4fe0f3-50d1-4398-b976-77f94414a3eb,f1da1e11-3cbf-4edc-963d-40785682c9aa,c1,c5,1016,?,x8,
1768857020.8523433,FORWARDED,af4fe0f3-50d1-4398-b976-77f94414a3eb,f1da1e11-3cbf-4edc-963d-40785682c9aa,c1,c5,1016,?,x8,
1768857020.944998,RECEIVED,cb851c81-d57d-435e-90e4-cc0a964fed9a,90539e77-a93b-4b8f-bed7-12bd3267e058,c3,c5,1454,e11,?,
1768857021.0821536,SENT,707f00cc-5fac-46de-8328-84041beca3a8,100a27f6-5249-4557-be01-cadd9031705b,c1,c2,1116,?,x10,
1768857021.082197,FORWARDED,707f00cc-5fac-46de-8328-84041beca3a8,100a27f6-5249-4557-be01-cadd9031705b,c1,c2,1116,?,x10,
1768857021.1118345,RECEIVED,1bd4be73-82e7-4236-a645-834e2a5d9671,c08c00a1-a077-4cc6-b41f-5d9a59e2ac5a,c3,c5,1583,e10,?,
1768857021.2469375,RECEIVED,e34c3ce0-f37e-4146-8536-c706926e288d,7130963b-6233-44dd-9637-0e981b3ccbe7,c5,DROP,1007,e7,?,
1768857021.271355,RECEIVED,28f1f1a4-5b5d-4222-a0d9-ecc5170caf3c,4c62973b-f9cb-4d28-9717-fe312ee6484a,c4,DROP,1003,e7,?,
1768857021.3417573,RECEIVED,fe3573e9-533f-4e1c-8567-9a6838590743,30638131-ab3f-48f1-b2be-ac27de179369,c1,c2,1584,e11,?,
1768857021.4762678,SENT,1bd4be73-82e7-4236-a645-834e2a5d9671,c08c00a1-a077-4cc6-b41f-5d9a59e2ac5a,c3,c5,1115,?,x1,
1768857021.476314,FORWARDED,1bd4be73-82e7-4236-a645-834e2a5d9671,c08c00a1-a077-4cc6-b41f-5d9a59e2ac5a,c3,c5,1115,?,x1,
1768857021.5308216,SENT,fe3573e9-533f-4e1c-8567-9a6838590743,30638131-ab3f-48f1-b2be-ac27de179369,c1,c2,1116,?,x4,
1768857021.5308616,FORWARDED,fe3573e9-533f-4e1c-8567-9a6838590743,30638131-ab3f-48f1-b2be-ac27de179369,c1,c2,1116,?,x4,
1768857021.6502316,SENT,cb851c81-d57d-435e-90e4-cc0a964fed9a,90539e77-a93b-4b8f-bed7-12bd3267e058,c3,c5,1018,?,x6,
1768857021.6502748,FORWARDED,cb851c81-d57d-435e-90e4-cc0a964fed9a,90539e77-a93b-4b8f-bed7-12bd3267e058,c3,c5,1018,?,x6,
1768857021.6614177,RECEIVED,bcb529ac-23d5-45cc-a928-d8394f91bd9f,335ebe0d-616b-4af7-bd9a-0b388da901b6,c2,DROP,1016,e5,?,
1768857021.6920154,SENT,e34c3ce0-f37e-4146-8536-c706926e288d,7130963b-6233-44dd-9637-0e981b3ccbe7,c5,DROP,683,?,x2,
1768857021.692064,FORWARDED,e34c3ce0-f37e-4146-8536-c706926e288d,7130963b-6233-44dd-9637-0e981b3ccbe7,c5,DROP,683,?,x2,
1768857021.703537,SENT,28f1f1a4-5b5d-4222-a0d9-ecc5170caf3c,4c62973b-f9cb-4d28-9717-fe312ee6484a,c4,DROP,681,?,x4,
1768857021.7035785,FORWARDED,28f1f1a4-5b5d-4222-a0d9-ecc5170caf3c,4c62973b-f9cb-4d28-9717-fe312ee6484a,c4,DROP,681,?,x4,
1768857022.4042478,SENT,bcb529ac-23d5-45cc-a928-d8394f91bd9f,335ebe0d-616b-4af7-bd9a-0b388da901b6,c2,DROP,688,?,x12,
1768857022.4042983,FORWARDED,bcb529ac-23d5-45cc-a928-d8394f91bd9f,335ebe0d-616b-4af7-bd9a-0b388da901b6,c2,DROP,688,?,x12,
1768857022.82647,RECEIVED,991cb0b6-c1b2-464e-bfe6-d3b3514f265c,0f2677c9-8f4a-4b92-98a4-4e82e52f6c28,c5,c3,1457,e11,?,
1768857022.8459797,RECEIVED,635fe462-7bce-49dd-a1dc-6ee1714493dc,3dc82a9f-5903-441c-b260-965dbe137bf4,c1,c5,1461,e7,?,
1768857022.9296784,SENT,635fe462-7bce-49dd-a1dc-6ee1714493dc,3dc82a9f-5903-441c-b260-965dbe137bf4,c1,c5,1022,?,x4,
1768857022.929728,FORWARDED,635fe462-7bce-49dd-a1dc-6ee1714493dc,3dc82a9f-5903-441c-b260-965dbe137bf4,c1,c5,1022,?,x4,
1768857022.9832413,SENT,991cb0b6-c1b2-464e-bfe6-d3b3514f265c,0f2677c9-8f4a-4b92-98a4-4e82e52f6c28,c5,c3,1019,?,x10,
1768857022.983285,FORWARDED,991cb0b6-c1b2-464e-bfe6-d3b3514f265c,0f2677c9-8f4a-4b92-98a4-4e82e52f6c28,c5,c3,1019,?,x10,
1768857024.7613935,RECEIVED,d9db1f50-c362-44c4-a68c-276f229fca53,743cd735-045f-442c-b4c7-e7e09a278371,c1,DROP,440,x9,?,
1768857025.3582911,RECEIVED,011d766f-3d96-42d2-9970-2231a11de64d,83f55536-40d8-41bf-b2de-fae60b512365,c3,c5,1461,e12,?,
1768857025.7229612,SENT,011d766f-3d96-42d2-9970-2231a11de64d,83f55536-40d8-41bf-b2de-fae60b512365,c3,c5,1023,?,x12,
1768857025.7230017,FORWARDED,011d766f-3d96-42d2-9970-2231a11de64d,83f55536-40d8-41bf-b2de-fae60b512365,c3,c5,1023,?,x12,
1768857025.816272,RECEIVED,989da822-7481-4c97-ad2e-8e676bc3265b,193f2757-db73-4314-83d2-a5a718a75d3c,c4,c5,1449,e8,?,
1768857025.8618639,SENT,989da822-7481-4c97-ad2e-8e676bc3265b,193f2757-db73-4314-83d2-a5a718a75d3c,c4,c5,1012,?,x5,
1768857025.8619044,FORWARDED,989da822-7481-4c97-ad2e-8e676bc3265b,193f2757-db73-4314-83d2-a5a718a75d3c,c4,c5,1012,?,x5,
1768857025.9759307,RECEIVED,30221291-fde2-4c1e-86cd-da99ac4948f2,6bb45d0d-026a-4499-811f-a091f7d49877,c5,DROP,1017,e12,?,
1768857026.0674953,SENT,30221291-fde2-4c1e-86cd-da99ac4948f2,6bb45d0d-026a-4499-811f-a091f7d49877,c5,DROP,690,?,x10,
1768857026.0675366,FORWARDED,30221291-fde2-4c1e-86cd-da99ac4948f2,6bb45d0d-026a-4499-811f-a091f7d49877,c5,DROP,690,?,x10,
1768857026.153937,RECEIVED,62bd268d-b715-4ce3-b8d6-def6ce06ec68,e2798662-0856-4452-ad32-f3a25c147217,c4,DROP,1022,e11,?,
1768857026.17273,SENT,62bd268d-b715-4ce3-b8d6-def6ce06ec68,e2798662-0856-4452-ad32-f3a25c147217,c4,DROP,692,?,x11,
1768857026.1727736,FORWARDED,62bd268d-b715-4ce3-b8d6-def6ce06ec68,e2798662-0856-4452-ad32-f3a25c147217,c4,DROP,692,?,x11,
1768857026.3725035,RECEIVED,a3a7a2fe-472b-471c-a733-411f70976ce5,d60e1d7b-7817-4681-9ad6-92e8e4acc5cb,c5,c3,1583,e1,?,
1768857026.4466848,SENT,a3a7a2fe-472b-471c-a733-411f70976ce5,d60e1d7b-7817-4681-9ad6-92e8e4acc5cb,c5,c3,1115,?,x1,
1768857026.4467208,FORWARDED,a3a7a2fe-472b-471c-a733-411f70976ce5,d60e1d7b-7817-4681-9ad6-92e8e4acc5cb,c5,c3,1115,?,x1,
1768857026.9454713,RECEIVED,be0055bc-8a96-47f1-854e-c20ad43fd0dd,96007dc3-4123-47d2-a955-807e72ed817f,c2,c1,1460,e11,?,
1768857027.0987353,RECEIVED,fc7a13d2-f28a-492c-9c8d-1db3048e16f0,c9b8b419-6c0a-4053-991c-879857de5e41,c3,c5,1456,e11,?,
1768857027.157168,SENT,fc7a13d2-f28a-492c-9c8d-1db3048e16f0,c9b8b419-6c0a-4053-991c-879857de5e41,c3,c5,1019,?,x11,
1768857027.1572104,FORWARDED,fc7a13d2-f28a-492c-9c8d-1db3048e16f0,c9b8b419-6c0a-4053-991c-879857de5e41,c3,c5,1019,?,x11,
1768857027.2051992,RECEIVED,aee16f78-defb-4af8-852a-b77a5b3a5d34,b566f3ca-a5d9-4dde-815f-aabd770be4a9,c4,c5,1461,e7,?,
1768857027.3388476,RECEIVED,8c6d433b-549a-43a5-8bf4-df979f64e91d,5655d728-72a8-42d3-8d20-9d36a39d0ad3,c5,DROP,1017,e7,?,
1768857027.3601956,SENT,8c6d433b-549a-43a5-8bf4-df979f64e91d,5655d728-72a8-42d3-8d20-9d36a39d0ad3,c5,DROP,689,?,x8,
1768857027.3602352,FORWARDED,8c6d433b-549a-43a5-8bf4-df979f64e91d,5655d728-72a8-42d3-8d20-9d36a39d0ad3,c5,DROP,689,?,x8,
1768857027.5548608,SENT,be0055bc-8a96-47f1-854e-c20ad43fd0dd,96007dc3-4123-47d2-a955-807e72ed817f,c2,c1,1021,?,x11,
1768857027.5549035,FORWARDED,be0055bc-8a96-47f1-854e-c20ad43fd0dd,96007dc3-4123-47d2-a955-807e72ed817f,c2,c1,1021,?,x11,
1768857027.6029809,SENT,aee16f78-defb-4af8-852a-b77a5b3a5d34,b566f3ca-a5d9-4dde-815f-aabd770be4a9,c4,c5,1023,?,x12,
1768857027.6030161,FORWARDED,aee16f78-defb-4af8-852a-b77a5b3a5d34,b566f3ca-a5d9-4dde-815f-aabd770be4a9,c4,c5,1023,?,x12,
1768857027.9905965,RECEIVED,a2df9af5-bd0f-4203-8d58-491000ee501b,6c970b89-a8d7-4e68-949f-e6d6906106d6,c4,c5,1457,e10,?,
1768857028.1973746,SENT,a2df9af5-bd0f-4203-8d58-491000ee501b,6c970b89-a8d7-4e68-949f-e6d6906106d6,c4,c5,1020,?,x12,
1768857028.1974173,FORWARDED,a2df9af5-bd0f-4203-8d58-491000ee501b,6c970b89-a8d7-4e68-949f-e6d6906106d6,c4,c5,1020,?,x12,
1768857028.2223728,RECEIVED,5e595314-478c-4332-9c6c-301adb15879e,0e46c7bf-4eff-4ee3-bdaf-4aeb4b18e203,c5,c1,1590,e8,?,
1768857028.234274,SENT,5e595314-478c-4332-9c6c-301adb15879e,0e46c7bf-4eff-4ee3-bdaf-4aeb4b18e203,c5,c1,1117,?,x1,
1768857028.2343142,FORWARDED,5e595314-478c-4332-9c6c-301adb15879e,0e46c7bf-4eff-4ee3-bdaf-4aeb4b18e203,c5,c1,1117,?,x1,
1768857028.3708181,RECEIVED,57a390ef-1f84-476f-830f-a8f9ae342112,4dd79418-c801-4550-9871-a26395842068,c3,c5,1456,e11,?,
1768857028.8137736,RECEIVED,9ad2150a-2cb6-4935-85c3-18fb23ad870d,80317bb5-36e0-4b76-a2ec-5a4c5d3ea129,c1,c2,1585,e8,?,
1768857028.958838,SENT,9ad2150a-2cb6-4935-85c3-18fb23ad870d,80317bb5-36e0-4b76-a2ec-5a4c5d3ea129,c1,c2,1116,?,x11,
1768857028.9588783,FORWARDED,9ad2150a-2cb6-4935-85c3-18fb23ad870d,80317bb5-36e0-4b76-a2ec-5a4c5d3ea129,c1,c2,1116,?,x11,
1768857029.571444,RECEIVED,bbe2f6f6-91b0-4560-a32d-a2633811aafd,4824a19f-f665-4cdb-ab6e-132eb68b24b9,c2,c1,1455,e8,?,
1768857029.6594496,RECEIVED,180f13b5-8bab-4a96-83db-d7ec1acb53ed,24cb78f8-ae9a-4a82-bf32-89dace8226ce,c5,c1,1584,e11,?,
1768857029.9253452,RECEIVED,86a5c07a-1186-4717-89eb-59f97d2dd0d0,65035296-75a6-4747-9f36-affbbb885185,c3,c5,1457,e8,?,
1768857029.9319835,SENT,180f13b5-8bab-4a96-83db-d7ec1acb53ed,24cb78f8-ae9a-4a82-bf32-89dace8226ce,c5,c1,1115,?,x6,
1768857029.9320247,FORWARDED,180f13b5-8bab-4a96-83db-d7ec1acb53ed,24cb78f8-ae9a-4a82-bf32-89dace8226ce,c5,c1,1115,?,x6,
1768857030.0374274,SENT,bbe2f6f6-91b0-4560-a32d-a2633811aafd,4824a19f-f665-4cdb-ab6e-132eb68b24b9,c2,c1,1019,?,x8,
1768857030.0374672,FORWARDED,bbe2f6f6-91b0-4560-a32d-a2633811aafd,4824a19f-f665-4cdb-ab6e-132eb68b24b9,c2,c1,1019,?,x8,
1768857030.0798647,SENT,86a5c07a-1186-4717-89eb-59f97d2dd0d0,65035296-75a6-4747-9f36-affbbb885185,c3,c5,1019,?,x12,
1768857030.079906,FORWARDED,86a5c07a-1186-4717-89eb-59f97d2dd0d0,65035296-75a6-4747-9f36-affbbb885185,c3,c5,1019,?,x12,
1768857030.1286137,SENT,57a390ef-1f84-476f-830f-a8f9ae342112,4dd79418-c801-4550-9871-a26395842068,c3,c5,1019,?,x12,
1768857030.1286545,FORWARDED,57a390ef-1f84-476f-830f-a8f9ae342112,4dd79418-c801-4550-9871-a26395842068,c3,c5,1019,?,x12,
1768857030.4177473,RECEIVED,1cd3ce82-6406-4066-b705-781143a50588,404ff683-49da-4ab4-b143-4a834e6de43d,c5,c1,1570,e6,?,
1768857030.4264095,SENT,1cd3ce82-6406-4066-b705-781143a50588,404ff683-49da-4ab4-b143-4a834e6de43d,c5,c1,1103,?,x3,
1768857030.4264526,FORWARDED,1cd3ce82-6406-4066-b705-781143a50588,404ff683-49da-4ab4-b143-4a834e6de43d,c5,c1,1103,?,x3,
1768857030.491395,RECEIVED,d5275448-1d88-4c26-b195-806d199028b2,c6975905-7234-4a50-afdd-6663818c91ed,c1,c5,1463,e4,?,
1768857031.273108,RECEIVED,84c5c1e9-d084-4424-a6e8-03c49584de6f,0b8a151d-d420-4bd1-86da-182ada88f07f,c2,c1,1442,e1,?,
1768857031.628595,RECEIVED,e0a8b329-6424-4ada-b6ad-a1f28fef86c4,142ba7d2-d070-4274-aa2c-ae0025c139f4,c3,c5,1456,e5,?,
1768857031.7438302,SENT,e0a8b329-6424-4ada-b6ad-a1f28fef86c4,142ba7d2-d070-4274-aa2c-ae0025c139f4,c3,c5,1019,?,x7,
1768857031.7438645,FORWARDED,e0a8b329-6424-4ada-b6ad-a1f28fef86c4,142ba7d2-d070-4274-aa2c-ae0025c139f4,c3,c5,1019,?,x7,
1768857031.924197,SENT,84c5c1e9-d084-4424-a6e8-03c49584de6f,0b8a151d-d420-4bd1-86da-182ada88f07f,c2,c1,1011,?,x9,
1768857031.924238,FORWARDED,84c5c1e9-d084-4424-a6e8-03c49584de6f,0b8a151d-d420-4bd1-86da-182ada88f07f,c2,c1,1011,?,x9,
1768857031.946778,RECEIVED,f172e922-f340-44bf-afe7-2893b7c7dd75,498fa478-4fb9-4923-ab3a-5fa9318ca98c,c1,c5,1448,e7,?,
1768857032.0272028,SENT,f172e922-f340-44bf-afe7-2893b7c7dd75,498fa478-4fb9-4923-ab3a-5fa9318ca98c,c1,c5,1012,?,x1,
1768857032.0272377,FORWARDED,f172e922-f340-44bf-afe7-2893b7c7dd75,498fa478-4fb9-4923-ab3a-5fa9318ca98c,c1,c5,1012,?,x1,
1768857032.0571415,RECEIVED,d660673f-7c45-4038-bae9-1e77aed79d2b,62ba4cc1-2513-472f-b200-45312d1b6d2a,c3,c5,1457,e3,?,
1768857032.1555166,SENT,d660673f-7c45-4038-bae9-1e77aed79d2b,62ba4cc1-2513-472f-b200-45312d1b6d2a,c3,c5,1020,?,x12,
1768857032.1555567,FORWARDED,d660673f-7c45-4038-bae9-1e77aed79d2b,62ba4cc1-2513-472f-b200-45312d1b6d2a,c3,c5,1020,?,x12,
1768857032.1669364,RECEIVED,7d203ccc-938b-4080-8301-d843dea0f216,dc753663-4ce0-410b-932c-8a5b2041fc86,c2,c1,1448,e3,?,
1768857032.2577531,RECEIVED,d216f91d-40c6-458a-a6c5-df93e10474b1,f6843f5e-4378-42fe-9e6c-65229a59c6b5,c5,c3,1455,e12,?,
1768857032.2871585,SENT,7d203ccc-938b-4080-8301-d843dea0f216,dc753663-4ce0-410b-932c-8a5b2041fc86,c2,c1,1012,?,x8,
1768857032.2871962,FORWARDED,7d203ccc-938b-4080-8301-d843dea0f216,dc753663-4ce0-410b-932c-8a5b2041fc86,c2,c1,1012,?,x8,
1768857032.4270022,RECEIVED,e7f06937-1d38-4733-b5af-988312cb09f2,bea7bb12-278c-43b0-8b20-d262f19c706f,c5,c4,1583,e6,?,
1768857032.6831176,SENT,d5275448-1d88-4c26-b195-806d199028b2,c6975905-7234-4a50-afdd-6663818c91ed,c1,c5,1024,?,x11,
1768857032.6831908,FORWARDED,d5275448-1d88-4c26-b195-806d199028b2,c6975905-7234-4a50-afdd-6663818c91ed,c1,c5,1024,?,x11,
1768857032.7119665,SENT,e7f06937-1d38-4733-b5af-988312cb09f2,bea7bb12-278c-43b0-8b20-d262f19c706f,c5,c4,1114,?,x8,
1768857032.712004,FORWARDED,e7f06937-1d38-4733-b5af-988312cb09f2,bea7bb12-278c-43b0-8b20-d262f19c706f,c5,c4,1114,?,x8,
1768857033.1278594,RECEIVED,e1c6861d-2558-4486-96f4-7d62effb121a,32beb586-ef39-474a-887b-c0527034bd4c,c4,c5,1456,e11,?,
1768857033.2375257,SENT,d216f91d-40c6-458a-a6c5-df93e10474b1,f6843f5e-4378-42fe-9e6c-65229a59c6b5,c5,c3,1019,?,x12,
1768857033.2375662,FORWARDED,d216f91d-40c6-458a-a6c5-df93e10474b1,f6843f5e-4378-42fe-9e6c-65229a59c6b5,c5,c3,1019,?,x12,
1768857033.2746189,RECEIVED,d7e3d6b7-3de2-4a23-be5c-df2cd3856cd8,b3765f30-372b-41e9-a0f1-876c0d27ebf1,c2,c1,1452,e4,?,
1768857033.365909,SENT,d7e3d6b7-3de2-4a23-be5c-df2cd3856cd8,b3765f30-372b-41e9-a0f1-876c0d27ebf1,c2,c1,1015,?,x8,
1768857033.3659513,FORWARDED,d7e3d6b7-3de2-4a23-be5c-df2cd3856cd8,b3765f30-372b-41e9-a0f1-876c0d27ebf1,c2,c1,1015,?,x8,
1768857033.5337327,SENT,e1c6861d-2558-4486-96f4-7d62effb121a,32beb586-ef39-474a-887b-c0527034bd4c,c4,c5,1019,?,x1,
1768857033.5337722,FORWARDED,e1c6861d-2558-4486-96f4-7d62effb121a,32beb586-ef39-474a-887b-c0527034bd4c,c4,c5,1019,?,x1,
1768857034.4581518,RECEIVED,594c0c2b-a5d0-4426-9a1c-ae41763e59fb,c996024f-a1f7-4253-ae75-caa195140755,c1,c5,1463,e2,?,
1768857034.6089287,RECEIVED,87ae5649-a4dc-465b-a2ca-c8bb48e8fed2,f0914f01-1c2b-476b-873f-80e9854bc332,c5,c1,1583,e11,?,
1768857034.638389,RECEIVED,c55477ae-1243-4b5d-a78b-de68aeb953b9,48e3d5bd-2170-4e7f-8709-f83f99c79c6b,c2,c1,1457,e3,?,
1768857034.6648335,SENT,87ae5649-a4dc-465b-a2ca-c8bb48e8fed2,f0914f01-1c2b-476b-873f-80e9854bc332,c5,c1,1115,?,x8,
1768857034.6648757,FORWARDED,87ae5649-a4dc-465b-a2ca-c8bb48e8fed2,f0914f01-1c2b-476b-873f-80e9854bc332,c5,c1,1115,?,x8,
1768857034.6903322,RECEIVED,8f41282a-309a-4f22-8ef5-483c75602768,d4f69f14-ad90-4a09-9661-b9b129660211,c4,DROP,445,x12,?,
1768857034.7975216,RECEIVED,baf19ae0-bb14-43ff-84af-7cd7ba486ccd,95ec086a-dc54-4430-b8b7-1862a39ec876,c1,DROP,1019,e10,?,
1768857034.8864837,RECEIVED,6f091654-3600-478d-8e35-1fb276e93c8d,1c365b31-d54f-4fb9-b3e9-b1e0748cc8b7,c1,c2,1583,e6,?,
1768857035.0172672,RECEIVED,579d49ae-1d99-48da-bb5f-526c13ffa8da,d6967bec-9aa2-4d44-9fd0-580fed468174,c1,c5,1456,e7,?,
1768857035.067119,SENT,c55477ae-1243-4b5d-a78b-de68aeb953b9,48e3d5bd-2170-4e7f-8709-f83f99c79c6b,c2,c1,1020,?,x11,
1768857035.0671945,FORWARDED,c55477ae-1243-4b5d-a78b-de68aeb953b9,48e3d5bd-2170-4e7f-8709-f83f99c79c6b,c2,c1,1020,?,x11,
1768857035.0845947,RECEIVED,f078f2af-899f-460e-a50d-dac1150aee00,33756b65-1aa7-4653-a6f8-37f8f637e716,c5,c3,1579,e5,?,
1768857035.0883589,RECEIVED,1893f8ce-94bd-40f1-be5e-66f255a787bb,c303600c-f1bf-4166-9587-2cc3ea9c3927,c5,c1,1583,e5,?,
1768857035.1467881,RECEIVED,8666b69d-d83b-4ee9-9707-4332b1464402,4f796983-c11d-45b4-8c61-ecdd2b6e6769,c5,c3,1572,e5,?,
1768857035.2213194,SENT,579d49ae-1d99-48da-bb5f-526c13ffa8da,d6967bec-9aa2-4d44-9fd0-580fed468174,c1,c5,1019,?,x11,
1768857035.2213612,FORWARDED,579d49ae-1d99-48da-bb5f-526c13ffa8da,d6967bec-9aa2-4d44-9fd0-580fed468174,c1,c5,1019,?,x11,
1768857035.25261,SENT,8666b69d-d83b-4ee9-9707-4332b1464402,4f796983-c11d-45b4-8c61-ecdd2b6e6769,c5,c3,1106,?,x6,
1768857035.252654,FORWARDED,8666b69d-d83b-4ee9-9707-4332b1464402,4f796983-c11d-45b4-8c61-ecdd2b6e6769,c5,c3,1106,?,x6,
1768857035.3744493,RECEIVED,d7c37893-1eba-4d7f-926a-162af37b0c15,b5575fb5-20f5-4a6d-a4b9-bd5ddf84e58e,c5,c4,1588,e12,?,
1768857035.4415011,SENT,baf19ae0-bb14-43ff-84af-7cd7ba486ccd,95ec086a-dc54-4430-b8b7-1862a39ec876,c1,DROP,693,?,x4,
1768857035.441543,FORWARDED,baf19ae0-bb14-43ff-84af-7cd7ba486ccd,95ec086a-dc54-4430-b8b7-1862a39ec876,c1,DROP,693,?,x4,
1768857035.572886,SENT,d7c37893-1eba-4d7f-926a-162af37b0c15,b5575fb5-20f5-4a6d-a4b9-bd5ddf84e58e,c5,c4,1117,?,x6,
1768857035.5729296,FORWARDED,d7c37893-1eba-4d7f-926a-162af37b0c15,b5575fb5-20f5-4a6d-a4b9-bd5ddf84e58e,c5,c4,1117,?,x6,
1768857035.6813772,RECEIVED,2f517cac-ceaf-40d9-844a-6aaafa3abe86,74a57e52-0b03-4d20-b63f-9cb200e007ca,c2,c1,1455,e10,?,
1768857035.888919,SENT,2f517cac-ceaf-40d9-844a-6aaafa3abe86,74a57e52-0b03-4d20-b63f-9cb200e007ca,c2,c1,1020,?,x9,
1768857035.8889604,FORWARDED,2f517cac-ceaf-40d9-844a-6aaafa3abe86,74a57e52-0b03-4d20-b63f-9cb200e007ca,c2,c1,1020,?,x9,
1768857035.936805,SENT,6f091654-3600-478d-8e35-1fb276e93c8d,1c365b31-d54f-4fb9-b3e9-b1e0748cc8b7,c1,c2,1115,?,x6,
1768857035.93685,FORWARDED,6f091654-3600-478d-8e35-1fb276e93c8d,1c365b31-d54f-4fb9-b3e9-b1e0748cc8b7,c1,c2,1115,?,x6,
1768857035.9902582,RECEIVED,db588a93-6c17-457c-9872-74b684d0988e,5aea4dac-5100-4527-ace4-5627bb0e075c,c5,c4,1585,e2,?,
1768857036.0461397,SENT,db588a93-6c17-457c-9872-74b684d0988e,5aea4dac-5100-4527-ace4-5627bb0e075c,c5,c4,1115,?,x12,
1768857036.0461872,FORWARDED,db588a93-6c17-457c-9872-74b684d0988e,5aea4dac-5100-4527-ace4-5627bb0e075c,c5,c4,1115,?,x12,
1768857036.0685296,SENT,f078f2af-899f-460e-a50d-dac1150aee00,33756b65-1aa7-4653-a6f8-37f8f637e716,c5,c3,1111,?,x7,
1768857036.068566,FORWARDED,f078f2af-899f-460e-a50d-dac1150aee00,33756b65-1aa7-4653-a6f8-37f8f637e716,c5,c3,1111,?,x7,
1768857036.1741493,RECEIVED,d3241038-090c-49cd-bae5-7ad6d61012e9,63e917a7-8179-44f9-b9cc-b60ed93522d0,c5,c4,1584,e8,?,
1768857036.4054272,SENT,1893f8ce-94bd-40f1-be5e-66f255a787bb,c303600c-f1bf-4166-9587-2cc3ea9c3927,c5,c1,1115,?,x11,
1768857036.4054697,FORWARDED,1893f8ce-94bd-40f1-be5e-66f255a787bb,c303600c-f1bf-4166-9587-2cc3ea9c3927,c5,c1,1115,?,x11,
1768857036.4751472,SENT,594c0c2b-a5d0-4426-9a1c-ae41763e59fb,c996024f-a1f7-4253-ae75-caa195140755,c1,c5,1024,?,x9,
1768857036.475191,FORWARDED,594c0c2b-a5d0-4426-9a1c-ae41763e59fb,c996024f-a1f7-4253-ae75-caa195140755,c1,c5,1024,?,x9,
1768857036.503719,SENT,d3241038-090c-49cd-bae5-7ad6d61012e9,63e917a7-8179-44f9-b9cc-b60ed93522d0,c5,c4,1115,?,x4,
1768857036.5037591,FORWARDED,d3241038-090c-49cd-bae5-7ad6d61012e9,63e917a7-8179-44f9-b9cc-b60ed93522d0,c5,c4,1115,?,x4,
1768857036.6853502,RECEIVED,65ae7ed3-78ee-487e-ad48-7653bc01fd3b,ffa815e6-df6f-40f5-8b58-1f096548de74,c1,c5,1447,e5,?,
1768857036.771587,SENT,65ae7ed3-78ee-487e-ad48-7653bc01fd3b,ffa815e6-df6f-40f5-8b58-1f096548de74,c1,c5,1012,?,x3,
1768857036.771629,FORWARDED,65ae7ed3-78ee-487e-ad48-7653bc01fd3b,ffa815e6-df6f-40f5-8b58-1f096548de74,c1,c5,1012,?,x3,
1768857036.7801287,RECEIVED,80eee2cc-9ef3-409d-98ce-4d3d5876d036,d44d7532-b710-42ad-b7ac-f76b9fdcfb74,c5,c4,1584,e5,?,
1768857036.8551238,RECEIVED,10e00c19-928a-4844-92f6-87391bf2b97c,f9fc3864-8c9f-4f9b-990b-ac320c5263da,c5,c3,1455,e2,?,
1768857037.1386554,RECEIVED,c69c858d-bfc5-4ae1-a6bc-ad6f62fdf311,269160c2-225c-43c9-8932-6e811d67fa87,c5,DROP,1020,e10,?,
1768857037.2448258,SENT,c69c858d-bfc5-4ae1-a6bc-ad6f62fdf311,269160c2-225c-43c9-8932-6e811d67fa87,c5,DROP,692,?,x4,
1768857037.2448652,FORWARDED,c69c858d-bfc5-4ae1-a6bc-ad6f62fdf311,269160c2-225c-43c9-8932-6e811d67fa87,c5,DROP,692,?,x4,
1768857037.3831906,RECEIVED,f89d3186-082c-4355-87b3-fbdbabd8fa62,0ed5309d-e36d-4fdc-80b0-239e9ee096a1,c4,c5,1452,e1,?,
1768857037.6061394,SENT,f89d3186-082c-4355-87b3-fbdbabd8fa62,0ed5309d-e36d-4fdc-80b0-239e9ee096a1,c4,c5,1015,?,x8,
1768857037.6061945,FORWARDED,f89d3186-082c-4355-87b3-fbdbabd8fa62,0ed5309d-e36d-4fdc-80b0-239e9ee096a1,c4,c5,1015,?,x8,
1768857037.698453,SENT,80eee2cc-9ef3-409d-98ce-4d3d5876d036,d44d7532-b710-42ad-b7ac-f76b9fdcfb74,c5,c4,1116,?,x12,
1768857037.6985865,FORWARDED,80eee2cc-9ef3-409d-98ce-4d3d5876d036,d44d7532-b710-42ad-b7ac-f76b9fdcfb74,c5,c4,1116,?,x12,
1768857037.830767,RECEIVED,310b4f4a-ecd2-4b4a-9b75-8bfd93c4302f,68be2369-535f-43a1-8ea9-2a5c309ee9fe,c2,c1,1459,e2,?,
1768857038.0170162,RECEIVED,a54ee30f-1799-46bd-8e8c-70a13597766f,d19de3fa-7513-448a-88cd-adecbc68a59c,c5,DROP,1017,e12,?,
1768857038.10163,SENT,a54ee30f-1799-46bd-8e8c-70a13597766f,d19de3fa-7513-448a-88cd-adecbc68a59c,c5,DROP,690,?,x7,
1768857038.1016824,FORWARDED,a54ee30f-1799-46bd-8e8c-70a13597766f,d19de3fa-7513-448a-88cd-adecbc68a59c,c5,DROP,690,?,x7,
1768857038.1459415,SENT,310b4f4a-ecd2-4b4a-9b75-8bfd93c4302f,68be2369-535f-43a1-8ea9-2a5c309ee9fe,c2,c1,1023,?,x8,
1768857038.1459806,FORWARDED,310b4f4a-ecd2-4b4a-9b75-8bfd93c4302f,68be2369-535f-43a1-8ea9-2a5c309ee9fe,c2,c1,1023,?,x8,
1768857038.9072547,RECEIVED,92601934-ca84-4b6a-9cc0-988dd0fa5dd0,d53b1992-e92a-4d45-9b6f-f14adf2c5ccd,c5,c1,1584,e11,?,
1768857038.9391336,SENT,10e00c19-928a-4844-92f6-87391bf2b97c,f9fc3864-8c9f-4f9b-990b-ac320c5263da,c5,c3,1019,?,x7,
1768857038.9391747,FORWARDED,10e00c19-928a-4844-92f6-87391bf2b97c,f9fc3864-8c9f-4f9b-990b-ac320c5263da,c5,c3,1019,?,x7,
1768857039.0190806,SENT,92601934-ca84-4b6a-9cc0-988dd0fa5dd0,d53b1992-e92a-4d45-9b6f-f14adf2c5ccd,c5,c1,1115,?,x8,
1768857039.0191236,FORWARDED,92601934-ca84-4b6a-9cc0-988dd0fa5dd0,d53b1992-e92a-4d45-9b6f-f14adf2c5ccd,c5,c1,1115,?,x8,
1768857039.0745037,RECEIVED,dc48de37-00f2-45b4-b87a-95a1e78f1d23,b046c3dd-73da-4230-befc-cc97954ad8bb,c3,c5,1451,e10,?,
1768857039.142408,SENT,dc48de37-00f2-45b4-b87a-95a1e78f1d23,b046c3dd-73da-4230-befc-cc97954ad8bb,c3,c5,1016,?,x1,
1768857039.1424592,FORWARDED,dc48de37-00f2-45b4-b87a-95a1e78f1d23,b046c3dd-73da-4230-befc-cc97954ad8bb,c3,c5,1016,?,x1,
1768857040.0257304,RECEIVED,f4865e10-8617-4262-89a9-10fc9b983acb,c20e814a-0410-4729-a6ec-4fd9cfbce895,c5,c4,1585,e11,?,
1768857040.1515312,SENT,f4865e10-8617-4262-89a9-10fc9b983acb,c20e814a-0410-4729-a6ec-4fd9cfbce895,c5,c4,1116,?,x12,
1768857040.1515753,FORWARDED,f4865e10-8617-4262-89a9-10fc9b983acb,c20e814a-0410-4729-a6ec-4fd9cfbce895,c5,c4,1116,?,x12,
1768857040.3707097,RECEIVED,5c894c02-3d3e-4155-8461-ff3e799006fe,428f873f-729e-47f1-bad7-88e262421109,c2,c1,1457,e2,?,
1768857040.4389076,RECEIVED,23f3e5f0-3116-4726-9157-49c18a9df5ee,95698187-a1b0-4367-92d7-acd4b156ef0b,c5,c3,1585,e3,?,
1768857040.4791179,SENT,23f3e5f0-3116-4726-9157-49c18a9df5ee,95698187-a1b0-4367-92d7-acd4b156ef0b,c5,c3,1116,?,x6,
1768857040.4791594,FORWARDED,23f3e5f0-3116-4726-9157-49c18a9df5ee,95698187-a1b0-4367-92d7-acd4b156ef0b,c5,c3,1116,?,x6,
1768857040.762589,RECEIVED,09916f11-498d-4a26-9510-31e2eb71c8ee,b989bcb2-d7d2-447c-a66e-9ad10cca7b89,c5,c3,1456,e3,?,
1768857040.7909043,RECEIVED,1af97950-2ac5-49a9-9f59-ee8a165f7db1,f79cdd00-6ac5-4a4a-9f42-1fdd7b2827a7,c1,c2,1584,e7,?,
1768857040.7964685,SENT,5c894c02-3d3e-4155-8461-ff3e799006fe,428f873f-729e-47f1-bad7-88e262421109,c2,c1,1019,?,x11,
1768857040.7970276,FORWARDED,5c894c02-3d3e-4155-8461-ff3e799006fe,428f873f-729e-47f1-bad7-88e262421109,c2,c1,1019,?,x11,
1768857040.913565,SENT,09916f11-498d-4a26-9510-31e2eb71c8ee,b989bcb2-d7d2-447c-a66e-9ad10cca7b89,c5,c3,1019,?,x5,
1768857040.913604,FORWARDED,09916f11-498d-4a26-9510-31e2eb71c8ee,b989bcb2-d7d2-447c-a66e-9ad10cca7b89,c5,c3,1019,?,x5,
1768857040.919801,SENT,1af97950-2ac5-49a9-9f59-ee8a165f7db1,f79cdd00-6ac5-4a4a-9f42-1fdd7b2827a7,c1,c2,1115,?,x7,
1768857040.9198446,FORWARDED,1af97950-2ac5-49a9-9f59-ee8a165f7db1,f79cdd00-6ac5-4a4a-9f42-1fdd7b2827a7,c1,c2,1115,?,x7,
1768857040.99135,RECEIVED,f16666fb-0ce9-4858-9d4c-2dbb4a9a801b,ac3baaaa-246b-4e1e-b0fb-c6352c2c91c5,c3,c5,1585,e4,?,
1768857041.366766,SENT,f16666fb-0ce9-4858-9d4c-2dbb4a9a801b,ac3baaaa-246b-4e1e-b0fb-c6352c2c91c5,c3,c5,1116,?,x11,
1768857041.3668087,FORWARDED,f16666fb-0ce9-4858-9d4c-2dbb4a9a801b,ac3baaaa-246b-4e1e-b0fb-c6352c2c91c5,c3,c5,1116,?,x11,
1768857041.4253962,RECEIVED,d650ddb8-418d-462f-b913-09f9a97d5d3a,7c333687-b51c-4bc3-b07a-17dcc32c57a3,c1,c2,1585,e10,?,
1768857041.5863318,RECEIVED,68c2e53d-4da3-420e-8f0a-cce251d04c50,d50b9303-2ac9-4fb3-a3fe-24927c5ceb58,c3,c5,1586,e11,?,
1768857041.62924,SENT,68c2e53d-4da3-420e-8f0a-cce251d04c50,d50b9303-2ac9-4fb3-a3fe-24927c5ceb58,c3,c5,1115,?,x11,
1768857041.629293,FORWARDED,68c2e53d-4da3-420e-8f0a-cce251d04c50,d50b9303-2ac9-4fb3-a3fe-24927c5ceb58,c3,c5,1115,?,x11,
1768857041.670632,SENT,d650ddb8-418d-462f-b913-09f9a97d5d3a,7c333687-b51c-4bc3-b07a-17dcc32c57a3,c1,c2,1115,?,x11,
1768857041.6706738,FORWARDED,d650ddb8-418d-462f-b913-09f9a97d5d3a,7c333687-b51c-4bc3-b07a-17dcc32c57a3,c1,c2,1115,?,x11,
1768857042.7537744,RECEIVED,a2545def-df76-472a-be05-3ce5a5167148,bb2235a5-aea1-472c-a083-866a55fa4fd2,c4,c5,1464,e2,?,
1768857042.8962715,RECEIVED,f685da92-76ed-41ba-81c5-8e75f43d77fb,873943cd-457a-4890-8816-52f8f644bc37,c3,c5,1456,e3,?,
1768857042.9772985,SENT,a2545def-df76-472a-be05-3ce5a5167148,bb2235a5-aea1-472c-a083-866a55fa4fd2,c4,c5,1024,?,x9,
1768857042.9773414,FORWARDED,a2545def-df76-472a-be05-3ce5a5167148,bb2235a5-aea1-472c-a083-866a55fa4fd2,c4,c5,1024,?,x9,
1768857043.138717,RECEIVED,b841e2d7-56c6-44dd-8aec-1a149dc8db56,bbb14696-edf8-4fb3-8a93-414a82a99a28,c3,c5,1583,e8,?,
1768857043.2010617,RECEIVED,6c418dce-c052-4cdc-a5d2-edc24d9b0b03,6508c919-3406-4480-bc5c-dfa9cd873567,c3,c5,1584,e3,?,
1768857043.2808864,SENT,6c418dce-c052-4cdc-a5d2-edc24d9b0b03,6508c919-3406-4480-bc5c-dfa9cd873567,c3,c5,1115,?,x2,
1768857043.2809296,FORWARDED,6c418dce-c052-4cdc-a5d2-edc24d9b0b03,6508c919-3406-4480-bc5c-dfa9cd873567,c3,c5,1115,?,x2,
1768857043.2926903,SENT,f685da92-76ed-41ba-81c5-8e75f43d77fb,873943cd-457a-4890-8816-52f8f644bc37,c3,c5,1019,?,x5,
1768857043.2927415,FORWARDED,f685da92-76ed-41ba-81c5-8e75f43d77fb,873943cd-457a-4890-8816-52f8f644bc37,c3,c5,1019,?,x5,
1768857043.4286876,SENT,b841e2d7-56c6-44dd-8aec-1a149dc8db56,bbb14696-edf8-4fb3-8a93-414a82a99a28,c3,c5,1115,?,x2,
1768857043.4287412,FORWARDED,b841e2d7-56c6-44dd-8aec-1a149dc8db56,bbb14696-edf8-4fb3-8a93-414a82a99a28,c3,c5,1115,?,x2,
1768857043.4463365,RECEIVED,43d15dc7-dda2-4a18-82a2-700e0364fbb1,161632ad-a343-44e1-9d01-aa68745420fc,c5,c3,1454,e3,?,
1768857043.5258384,RECEIVED,5a51fa51-200a-4248-8cae-0e9efd01838d,5fc0c826-55e2-431e-9c9c-79b9906670ca,c3,c5,1583,e10,?,
1768857043.6059577,RECEIVED,0690d6e7-4112-4846-a0b8-fd9331888ea7,68855dd9-a7e2-4dca-86ca-cce22fe7dd23,c2,c1,1456,e3,?,
1768857043.6448576,RECEIVED,bf5e9773-5d17-4a3c-b353-ab08e02cfe0d,6f7d50e2-268c-47ba-812a-2a365eb2d270,c5,c3,1456,e1,?,
1768857043.6814265,RECEIVED,27849a23-ba32-4fce-bc58-99558c86268e,ca5c03a6-f765-4319-bd9c-615b8543b790,c1,c5,1468,e6,?,
1768857043.7791412,SENT,43d15dc7-dda2-4a18-82a2-700e0364fbb1,161632ad-a343-44e1-9d01-aa68745420fc,c5,c3,1019,?,x9,
1768857043.7791848,FORWARDED,43d15dc7-dda2-4a18-82a2-700e0364fbb1,161632ad-a343-44e1-9d01-aa68745420fc,c5,c3,1019,?,x9,
1768857043.8565836,RECEIVED,87035763-65d5-4c68-bb83-3c34af1596a9,1315394e-27f6-4520-97fc-5afb09f38dc4,c5,c1,1567,e6,?,
1768857043.958526,SENT,27849a23-ba32-4fce-bc58-99558c86268e,ca5c03a6-f765-4319-bd9c-615b8543b790,c1,c5,1028,?,x8,
1768857043.958569,FORWARDED,27849a23-ba32-4fce-bc58-99558c86268e,ca5c03a6-f765-4319-bd9c-615b8543b790,c1,c5,1028,?,x8,
1768857043.9860766,SENT,87035763-65d5-4c68-bb83-3c34af1596a9,1315394e-27f6-4520-97fc-5afb09f38dc4,c5,c1,1104,?,x3,
1768857043.9861217,FORWARDED,87035763-65d5-4c68-bb83-3c34af1596a9,1315394e-27f6-4520-97fc-5afb09f38dc4,c5,c1,1104,?,x3,
1768857043.9872422,RECEIVED,922974c4-c651-4ffe-a179-9979f8af9103,ab25a6b8-ea86-4f18-a476-cfc83291e589,c5,c3,1455,e3,?,
1768857044.0964081,SENT,0690d6e7-4112-4846-a0b8-fd9331888ea7,68855dd9-a7e2-4dca-86ca-cce22fe7dd23,c2,c1,1019,?,x10,
1768857044.0964499,FORWARDED,0690d6e7-4112-4846-a0b8-fd9331888ea7,68855dd9-a7e2-4dca-86ca-cce22fe7dd23,c2,c1,1019,?,x10,
1768857044.1613655,SENT,922974c4-c651-4ffe-a179-9979f8af9103,ab25a6b8-ea86-4f18-a476-cfc83291e589,c5,c3,1020,?,x6,
1768857044.1614063,FORWARDED,922974c4-c651-4ffe-a179-9979f8af9103,ab25a6b8-ea86-4f18-a476-cfc83291e589,c5,c3,1020,?,x6,
1768857044.2705584,SENT,bf5e9773-5d17-4a3c-b353-ab08e02cfe0d,6f7d50e2-268c-47ba-812a-2a365eb2d270,c5,c3,1020,?,x12,
1768857044.270592,FORWARDED,bf5e9773-5d17-4a3c-b353-ab08e02cfe0d,6f7d50e2-268c-47ba-812a-2a365eb2d270,c5,c3,1020,?,x12,
1768857044.7262762,RECEIVED,66001ebe-7b2b-4003-9d1d-308d7b278d39,de92d28b-fcc7-4842-a8ae-fcd06204f49a,c5,c3,1583,e8,?,
1768857044.7318132,RECEIVED,cc32d135-705b-4372-a509-f0eea6b5261f,ca5f5d23-0d5f-4941-b68d-8898d6b3f49c,c1,c2,1582,e11,?,
1768857044.9067047,RECEIVED,701adaba-e695-4063-b961-2a18f1046b54,a6f3250a-e9c1-43d3-a9d2-d06072868ac1,c5,c4,1584,e11,?,
1768857045.3177679,SENT,cc32d135-705b-4372-a509-f0eea6b5261f,ca5f5d23-0d5f-4941-b68d-8898d6b3f49c,c1,c2,1115,?,x8,
1768857045.3178115,FORWARDED,cc32d135-705b-4372-a509-f0eea6b5261f,ca5f5d23-0d5f-4941-b68d-8898d6b3f49c,c1,c2,1115,?,x8,
1768857045.3928018,RECEIVED,f3179edd-083f-4147-a0f2-1ff49572cd3a,b32c40d3-2197-4ed6-aacc-dcd3e2841fc8,c3,c5,1448,e7,?,
1768857045.4443955,SENT,f3179edd-083f-4147-a0f2-1ff49572cd3a,b32c40d3-2197-4ed6-aacc-dcd3e2841fc8,c3,c5,1012,?,x1,
1768857045.444437,FORWARDED,f3179edd-083f-4147-a0f2-1ff49572cd3a,b32c40d3-2197-4ed6-aacc-dcd3e2841fc8,c3,c5,1012,?,x1,
1768857045.4587634,RECEIVED,2f741f06-a56e-484e-807b-070f18c4d05f,47239250-6ebc-4793-9917-c28c8abc6643,c4,c5,1455,e7,?,
1768857045.463645,RECEIVED,345cc94e-5088-4d89-8844-be369875e1a9,4b1ef7cf-9b91-4432-bf86-69d4180a3af9,c5,c4,1583,e11,?,
1768857045.4681406,SENT,701adaba-e695-4063-b961-2a18f1046b54,a6f3250a-e9c1-43d3-a9d2-d06072868ac1,c5,c4,1115,?,x10,
1768857045.4681878,FORWARDED,701adaba-e695-4063-b961-2a18f1046b54,a6f3250a-e9c1-43d3-a9d2-d06072868ac1,c5,c4,1115,?,x10,
1768857045.5323045,SENT,66001ebe-7b2b-4003-9d1d-308d7b278d39,de92d28b-fcc7-4842-a8ae-fcd06204f49a,c5,c3,1115,?,x1,
1768857045.532348,FORWARDED,66001ebe-7b2b-4003-9d1d-308d7b278d39,de92d28b-fcc7-4842-a8ae-fcd06204f49a,c5,c3,1115,?,x1,
1768857045.5553966,SENT,5a51fa51-200a-4248-8cae-0e9efd01838d,5fc0c826-55e2-431e-9c9c-79b9906670ca,c3,c5,1115,?,x4,
1768857045.5554385,FORWARDED,5a51fa51-200a-4248-8cae-0e9efd01838d,5fc0c826-55e2-431e-9c9c-79b9906670ca,c3,c5,1115,?,x4,
1768857045.6337113,RECEIVED,a26f55f3-5ce5-433e-8b78-b80dab6ef37b,0ec62ece-99b4-4dc5-ac3e-ad118ff56301,c3,c5,1463,e7,?,
1768857045.6569679,SENT,2f741f06-a56e-484e-807b-070f18c4d05f,47239250-6ebc-4793-9917-c28c8abc6643,c4,c5,1019,?,x2,
1768857045.6570103,FORWARDED,2f741f06-a56e-484e-807b-070f18c4d05f,47239250-6ebc-4793-9917-c28c8abc6643,c4,c5,1019,?,x2,
1768857045.7106538,RECEIVED,00b8d491-93d1-4196-9cea-766cbba6b95d,3f862694-6bdc-4028-acdb-1c7940bc3ecb,c4,DROP,1007,e7,?,
1768857046.2249038,RECEIVED,3496f159-13d6-4e9b-ada9-20f79628de71,8d217c4f-3ddb-4aac-9d1f-ea9607a15a4e,c5,c3,1583,e10,?,
1768857046.2626648,RECEIVED,e155cdf6-57a1-4582-8bc9-6e6995912f46,412b282b-3e28-4911-80e5-6080a97470cf,c4,DROP,1020,e4,?,
1768857046.3283372,RECEIVED,d68b4749-c5e6-452a-9d5b-5bea0cc61639,7b81507e-6ac0-44b8-8763-f8e8d1b1f701,c5,c3,1453,e10,?,
1768857046.3930073,SENT,a26f55f3-5ce5-433e-8b78-b80dab6ef37b,0ec62ece-99b4-4dc5-ac3e-ad118ff56301,c3,c5,1024,?,x3,
1768857046.393056,FORWARDED,a26f55f3-5ce5-433e-8b78-b80dab6ef37b,0ec62ece-99b4-4dc5-ac3e-ad118ff56301,c3,c5,1024,?,x3,
1768857046.4050114,SENT,00b8d491-93d1-4196-9cea-766cbba6b95d,3f862694-6bdc-4028-acdb-1c7940bc3ecb,c4,DROP,684,?,x4,
1768857046.4054227,FORWARDED,00b8d491-93d1-4196-9cea-766cbba6b95d,3f862694-6bdc-4028-acdb-1c7940bc3ecb,c4,DROP,684,?,x4,
1768857046.445322,RECEIVED,322a016c-3fd9-495b-938a-e296b37d72eb,110400c8-5417-4df5-abc6-76db078816ab,c4,c5,1457,e10,?,
1768857046.489817,SENT,322a016c-3fd9-495b-938a-e296b37d72eb,110400c8-5417-4df5-abc6-76db078816ab,c4,c5,1019,?,x6,
1768857046.489862,FORWARDED,322a016c-3fd9-495b-938a-e296b37d72eb,110400c8-5417-4df5-abc6-76db078816ab,c4,c5,1019,?,x6,
1768857046.4935358,SENT,d68b4749-c5e6-452a-9d5b-5bea0cc61639,7b81507e-6ac0-44b8-8763-f8e8d1b1f701,c5,c3,1020,?,x4,
1768857046.4935796,FORWARDED,d68b4749-c5e6-452a-9d5b-5bea0cc61639,7b81507e-6ac0-44b8-8763-f8e8d1b1f701,c5,c3,1020,?,x4,
1768857046.8513439,SENT,e155cdf6-57a1-4582-8bc9-6e6995912f46,412b282b-3e28-4911-80e5-6080a97470cf,c4,DROP,693,?,x10,
1768857046.8513887,FORWARDED,e155cdf6-57a1-4582-8bc9-6e6995912f46,412b282b-3e28-4911-80e5-6080a97470cf,c4,DROP,693,?,x10,
1768857046.8636465,RECEIVED,d06948ea-5b86-4be1-9368-575336c61fac,75265ae7-36f6-45ba-9663-2b03e89227ae,c5,c1,1585,e5,?,
1768857046.9562302,SENT,d06948ea-5b86-4be1-9368-575336c61fac,75265ae7-36f6-45ba-9663-2b03e89227ae,c5,c1,1116,?,x3,
1768857046.9563935,FORWARDED,d06948ea-5b86-4be1-9368-575336c61fac,75265ae7-36f6-45ba-9663-2b03e89227ae,c5,c1,1116,?,x3,
1768857046.9692967,SENT,3496f159-13d6-4e9b-ada9-20f79628de71,8d217c4f-3ddb-4aac-9d1f-ea9607a15a4e,c5,c3,1116,?,x8,
1768857046.969339,FORWARDED,3496f159-13d6-4e9b-ada9-20f79628de71,8d217c4f-3ddb-4aac-9d1f-ea9607a15a4e,c5,c3,1116,?,x8,
1768857047.3137116,RECEIVED,594cf494-08f7-46ba-96dc-b59c2e3ddfcb,88deebec-0cc3-4509-8b50-bcb504cc89a0,c4,c5,1463,e12,?,
1768857047.5174918,RECEIVED,b3ca3d17-39e1-4ec9-b450-cc1e770e8399,600a9f90-c9f7-4803-93fc-9070c9efd6e5,c5,c3,1456,e1,?,
1768857047.672668,SENT,345cc94e-5088-4d89-8844-be369875e1a9,4b1ef7cf-9b91-4432-bf86-69d4180a3af9,c5,c4,1114,?,x12,
1768857047.6727104,FORWARDED,345cc94e-5088-4d89-8844-be369875e1a9,4b1ef7cf-9b91-4432-bf86-69d4180a3af9,c5,c4,1114,?,x12,
1768857047.761686,SENT,594cf494-08f7-46ba-96dc-b59c2e3ddfcb,88deebec-0cc3-4509-8b50-bcb504cc89a0,c4,c5,1024,?,x5,
1768857047.7617261,FORWARDED,594cf494-08f7-46ba-96dc-b59c2e3ddfcb,88deebec-0cc3-4509-8b50-bcb504cc89a0,c4,c5,1024,?,x5,
1768857047.9330983,SENT,b3ca3d17-39e1-4ec9-b450-cc1e770e8399,600a9f90-c9f7-4803-93fc-9070c9efd6e5,c5,c3,1019,?,x4,
1768857047.9331596,FORWARDED,b3ca3d17-39e1-4ec9-b450-cc1e770e8399,600a9f90-c9f7-4803-93fc-9070c9efd6e5,c5,c3,1019,?,x4,
1768857047.9782283,RECEIVED,6dd50fc2-7b78-4037-8433-095b146761d1,089b9046-1d93-4420-b8a5-f1be4b77aa7f,c5,DROP,1012,e10,?,
1768857048.1303887,RECEIVED,d4ef37ac-0eb3-47fb-8888-98b7c7fbfbdf,a856c68d-7a71-4a51-b0b0-b1fc83ada4ed,c5,c4,1584,e4,?,
1768857048.1941407,RECEIVED,4d61a7b9-9c87-4b8b-84d7-b8de3f39dfc6,bc74cdd9-457f-4aa2-8578-a2ef8f11e658,c1,c2,1584,e3,?,
1768857048.443801,SENT,6dd50fc2-7b78-4037-8433-095b146761d1,089b9046-1d93-4420-b8a5-f1be4b77aa7f,c5,DROP,687,?,x8,
1768857048.4438467,FORWARDED,6dd50fc2-7b78-4037-8433-095b146761d1,089b9046-1d93-4420-b8a5-f1be4b77aa7f,c5,DROP,687,?,x8,
1768857048.6911616,RECEIVED,43a8ac94-c57d-45c5-aff0-09583f56d232,d05b11db-5427-4179-9726-18b08d4de777,c5,c1,1577,e10,?,
1768857048.7322736,SENT,4d61a7b9-9c87-4b8b-84d7-b8de3f39dfc6,bc74cdd9-457f-4aa2-8578-a2ef8f11e658,c1,c2,1116,?,x12,
1768857048.7323153,FORWARDED,4d61a7b9-9c87-4b8b-84d7-b8de3f39dfc6,bc74cdd9-457f-4aa2-8578-a2ef8f11e658,c1,c2,1116,?,x12,
1768857048.7906568,RECEIVED,554983d1-6212-465e-8066-fa8c59b8812b,4319faff-67e8-460f-ae7f-dbaf57d66524,c4,c5,1469,e11,?,
1768857048.8348641,SENT,554983d1-6212-465e-8066-fa8c59b8812b,4319faff-67e8-460f-ae7f-dbaf57d66524,c4,c5,1027,?,x5,
1768857048.835765,FORWARDED,554983d1-6212-465e-8066-fa8c59b8812b,4319faff-67e8-460f-ae7f-dbaf57d66524,c4,c5,1027,?,x5,
1768857048.8766327,RECEIVED,373e5101-9365-4ad1-9f8b-5ceec59a9681,f84b33fb-efe4-4d7b-9cea-38c33bac9cca,c5,c1,1585,e4,?,
1768857048.8816674,SENT,43a8ac94-c57d-45c5-aff0-09583f56d232,d05b11db-5427-4179-9726-18b08d4de777,c5,c1,1108,?,x12,
1768857048.8817093,FORWARDED,43a8ac94-c57d-45c5-aff0-09583f56d232,d05b11db-5427-4179-9726-18b08d4de777,c5,c1,1108,?,x12,
1768857049.015175,SENT,d4ef37ac-0eb3-47fb-8888-98b7c7fbfbdf,a856c68d-7a71-4a51-b0b0-b1fc83ada4ed,c5,c4,1116,?,x12,
1768857049.0152256,FORWARDED,d4ef37ac-0eb3-47fb-8888-98b7c7fbfbdf,a856c68d-7a71-4a51-b0b0-b1fc83ada4ed,c5,c4,1116,?,x12,
1768857049.0976634,SENT,373e5101-9365-4ad1-9f8b-5ceec59a9681,f84b33fb-efe4-4d7b-9cea-38c33bac9cca,c5,c1,1116,?,x11,
1768857049.0977051,FORWARDED,373e5101-9365-4ad1-9f8b-5ceec59a9681,f84b33fb-efe4-4d7b-9cea-38c33bac9cca,c5,c1,1116,?,x11,
1768857049.4036124,RECEIVED,579b10ae-ed74-40e1-9447-642bfc46be37,1d5d85c1-131d-43ef-83cc-ddb1dc405844,c5,c3,1584,e1,?,
1768857049.473883,RECEIVED,468a134d-5074-4cbd-a2a1-b6867d19adc3,4bf60d4e-ab36-4bde-b23a-371e1e169ce1,c1,c5,1460,e2,?,
1768857049.5842123,RECEIVED,6d4fee50-aba7-4002-9ebf-094eac955369,6766f758-4c1d-45ee-9d38-2e18300d9b27,c5,c3,1584,e3,?,
1768857049.613333,SENT,6d4fee50-aba7-4002-9ebf-094eac955369,6766f758-4c1d-45ee-9d38-2e18300d9b27,c5,c3,1115,?,x9,
1768857049.613375,FORWARDED,6d4fee50-aba7-4002-9ebf-094eac955369,6766f758-4c1d-45ee-9d38-2e18300d9b27,c5,c3,1115,?,x9,
1768857049.6294007,RECEIVED,b9cbd1af-ff87-4119-88c4-b8e270c07308,4601be35-f810-4a43-94ca-632e297725db,c4,c5,1448,e4,?,
1768857049.800274,SENT,468a134d-5074-4cbd-a2a1-b6867d19adc3,4bf60d4e-ab36-4bde-b23a-371e1e169ce1,c1,c5,1023,?,x1,
1768857049.8003175,FORWARDED,468a134d-5074-4cbd-a2a1-b6867d19adc3,4bf60d4e-ab36-4bde-b23a-371e1e169ce1,c1,c5,1023,?,x1,
1768857049.873245,SENT,b9cbd1af-ff87-4119-88c4-b8e270c07308,4601be35-f810-4a43-94ca-632e297725db,c4,c5,1012,?,x8,
1768857049.8732872,FORWARDED,b9cbd1af-ff87-4119-88c4-b8e270c07308,4601be35-f810-4a43-94ca-632e297725db,c4,c5,1012,?,x8,
1768857049.9419577,RECEIVED,05df57b6-6893-4a31-9ade-7cc7bca512c9,cd530f0c-6513-4a9a-9365-73a972116c45,c3,c5,1585,e4,?,
1768857049.9745681,SENT,05df57b6-6893-4a31-9ade-7cc7bca512c9,cd530f0c-6513-4a9a-9365-73a972116c45,c3,c5,1115,?,x4,
1768857049.9747894,FORWARDED,05df57b6-6893-4a31-9ade-7cc7bca512c9,cd530f0c-6513-4a9a-9365-73a972116c45,c3,c5,1115,?,x4,
1768857050.0762203,RECEIVED,1b985994-ad20-4301-81db-86096855c714,e79cf21e-830c-4351-9c85-f784cf743511,c5,c3,1583,e12,?,
1768857050.1535127,SENT,579b10ae-ed74-40e1-9447-642bfc46be37,1d5d85c1-131d-43ef-83cc-ddb1dc405844,c5,c3,1115,?,x10,
1768857050.1535532,FORWARDED,579b10ae-ed74-40e1-9447-642bfc46be37,1d5d85c1-131d-43ef-83cc-ddb1dc405844,c5,c3,1115,?,x10,
1768857050.5079906,RECEIVED,babf6412-5a17-407f-b1f4-c0992ecce4ea,cdf602c0-a976-4451-9258-a01e4ce7588a,c1,DROP,445,x6,?,
1768857050.8895094,SENT,1b985994-ad20-4301-81db-86096855c714,e79cf21e-830c-4351-9c85-f784cf743511,c5,c3,1116,?,x4,
1768857050.889553,FORWARDED,1b985994-ad20-4301-81db-86096855c714,e79cf21e-830c-4351-9c85-f784cf743511,c5,c3,1116,?,x4,
1768857050.936119,RECEIVED,7fede16f-1967-43dc-b15d-05ec87a47304,f9d87314-8fd7-4ec5-8ba6-0c95dfe5a452,c3,c5,1455,e11,?,
1768857051.0887961,SENT,7fede16f-1967-43dc-b15d-05ec87a47304,f9d87314-8fd7-4ec5-8ba6-0c95dfe5a452,c3,c5,1019,?,x8,
1768857051.0888386,FORWARDED,7fede16f-1967-43dc-b15d-05ec87a47304,f9d87314-8fd7-4ec5-8ba6-0c95dfe5a452,c3,c5,1019,?,x8,
1768857051.3825383,RECEIVED,357f1517-2ec5-4557-bd7e-da24e64785d6,362b79e3-f3a7-4f20-9ce2-a997cd7b0d0a,c5,c4,1572,e5,?,
1768857051.4155765,RECEIVED,d0c775b5-bc4d-485b-8fab-4f6e51ed2234,986194e6-2ed0-4fee-9389-453642dcefc5,c3,c5,1583,e10,?,
1768857051.4576285,SENT,357f1517-2ec5-4557-bd7e-da24e64785d6,362b79e3-f3a7-4f20-9ce2-a997cd7b0d0a,c5,c4,1107,?,x6,
1768857051.4576676,FORWARDED,357f1517-2ec5-4557-bd7e-da24e64785d6,362b79e3-f3a7-4f20-9ce2-a997cd7b0d0a,c5,c4,1107,?,x6,
1768857051.5673316,RECEIVED,818e8baf-ca7f-4114-87c3-765b345b7a31,87e05101-34f3-497a-a5ef-d5fd421b7fa0,c5,c4,1584,e5,?,
1768857052.0264804,RECEIVED,a9ed5a01-68df-43ab-9662-4f9dbe1a1455,1673646b-31ef-4a94-9e42-8432e2b3b808,c3,DROP,441,x4,?,
1768857052.0671923,RECEIVED,d01d7ed6-bcb3-4623-b236-c6b2800effd5,adcc6287-5d9a-4a81-9a71-304eaffed205,c3,c5,1583,e10,?,
1768857052.3738632,RECEIVED,8275ce65-d20a-499a-b0d4-856d051201e6,b12c0894-2a92-465a-a4e0-11827abb4d3a,c3,c5,1452,e2,?,
1768857052.5383997,SENT,d01d7ed6-bcb3-4623-b236-c6b2800effd5,adcc6287-5d9a-4a81-9a71-304eaffed205,c3,c5,1115,?,x2,
1768857052.5384412,FORWARDED,d01d7ed6-bcb3-4623-b236-c6b2800effd5,adcc6287-5d9a-4a81-9a71-304eaffed205,c3,c5,1115,?,x2,
1768857052.629671,RECEIVED,9b36bf92-49f6-46b0-934c-2596d7050599,02cddf75-59b0-43ec-b720-bc3530089585,c1,DROP,1015,e2,?,
1768857052.7584953,RECEIVED,97e4d85c-ca26-4a04-8356-edde3bcea17b,79388233-45b5-49ab-a330-e0315c73a25a,c1,DROP,1016,e7,?,
1768857052.770725,SENT,d0c775b5-bc4d-485b-8fab-4f6e51ed2234,986194e6-2ed0-4fee-9389-453642dcefc5,c3,c5,1115,?,x4,
1768857052.7710354,FORWARDED,d0c775b5-bc4d-485b-8fab-4f6e51ed2234,986194e6-2ed0-4fee-9389-453642dcefc5,c3,c5,1115,?,x4,
1768857052.7933667,RECEIVED,00ce2fcb-39ee-4e99-b1b1-1a56d6720f6c,95c7e65a-9a2e-4f86-acc4-11983168cc8c,c5,c3,1444,e6,?,
1768857052.8699718,SENT,818e8baf-ca7f-4114-87c3-765b345b7a31,87e05101-34f3-497a-a5ef-d5fd421b7fa0,c5,c4,1116,?,x10,
1768857052.8700202,FORWARDED,818e8baf-ca7f-4114-87c3-765b345b7a31,87e05101-34f3-497a-a5ef-d5fd421b7fa0,c5,c4,1116,?,x10,
1768857052.9265766,RECEIVED,7b71a9c8-10a0-4ede-b93c-7344ba6e4628,8ac0f971-f173-451e-8c41-f09b00e7045c,c4,c5,1456,e1,?,
1768857052.9822266,SENT,9b36bf92-49f6-46b0-934c-2596d7050599,02cddf75-59b0-43ec-b720-bc3530089585,c1,DROP,689,?,x4,
1768857052.98227,FORWARDED,9b36bf92-49f6-46b0-934c-2596d7050599,02cddf75-59b0-43ec-b720-bc3530089585,c1,DROP,689,?,x4,
1768857053.0161176,SENT,97e4d85c-ca26-4a04-8356-edde3bcea17b,79388233-45b5-49ab-a330-e0315c73a25a,c1,DROP,688,?,x7,
1768857053.0161607,FORWARDED,97e4d85c-ca26-4a04-8356-edde3bcea17b,79388233-45b5-49ab-a330-e0315c73a25a,c1,DROP,688,?,x7,
1768857053.1492367,RECEIVED,9414695a-68be-426c-9bf6-31f859cbfab0,7459a910-cfb2-4ad9-838d-99b1104d64e5,c3,c5,1450,e3,?,
1768857053.15062,SENT,7b71a9c8-10a0-4ede-b93c-7344ba6e4628,8ac0f971-f173-451e-8c41-f09b00e7045c,c4,c5,1020,?,x9,
1768857053.1506603,FORWARDED,7b71a9c8-10a0-4ede-b93c-7344ba6e4628,8ac0f971-f173-451e-8c41-f09b00e7045c,c4,c5,1020,?,x9,
1768857053.1615689,RECEIVED,d95f4288-e482-430a-88ff-3f2ff72d2de9,e3e82629-aba5-41b9-9967-e26c9c117bf4,c4,c5,1453,e6,?,
1768857053.1641285,SENT,8275ce65-d20a-499a-b0d4-856d051201e6,b12c0894-2a92-465a-a4e0-11827abb4d3a,c3,c5,1015,?,x10,
1768857053.164172,FORWARDED,8275ce65-d20a-499a-b0d4-856d051201e6,b12c0894-2a92-465a-a4e0-11827abb4d3a,c3,c5,1015,?,x10,
1768857053.2844672,SENT,00ce2fcb-39ee-4e99-b1b1-1a56d6720f6c,95c7e65a-9a2e-4f86-acc4-11983168cc8c,c5,c3,1011,?,x7,
1768857053.28451,FORWARDED,00ce2fcb-39ee-4e99-b1b1-1a56d6720f6c,95c7e65a-9a2e-4f86-acc4-11983168cc8c,c5,c3,1011,?,x7,
1768857053.3133466,SENT,d95f4288-e482-430a-88ff-3f2ff72d2de9,e3e82629-aba5-41b9-9967-e26c9c117bf4,c4,c5,1016,?,x12,
1768857053.3133862,FORWARDED,d95f4288-e482-430a-88ff-3f2ff72d2de9,e3e82629-aba5-41b9-9967-e26c9c117bf4,c4,c5,1016,?,x12,
1768857053.3607593,RECEIVED,f7cdf9d9-e6f3-43e2-ab02-f84769e4b46d,6cbf11be-8b20-44ad-a980-e2b86268ddaf,c1,c5,1452,e3,?,
1768857053.3701174,RECEIVED,5387185f-f5f7-435a-b502-d1c58fbf3814,a0e18dfe-ce87-4012-92e4-ecb4cbcce6a7,c5,c1,1589,e4,?,
1768857053.53754,RECEIVED,72e66c96-471c-4b40-9dcb-1e2c8c35cc52,cedf74a8-7a91-44cf-8fca-a9dada105d2c,c5,c3,1456,e3,?,
1768857053.640705,RECEIVED,219e8f6b-7171-4909-b7a0-6fc63f1730ad,2a91edd7-d043-4eea-ac4f-1a886288b5bf,c3,c5,1452,e2,?,
1768857053.7748682,RECEIVED,ff165d42-429c-415f-935e-6202c59cd253,41762a91-ca8d-4f10-86f6-af0ae8255b14,c5,c3,1583,e6,?,
1768857053.7929835,SENT,219e8f6b-7171-4909-b7a0-6fc63f1730ad,2a91edd7-d043-4eea-ac4f-1a886288b5bf,c3,c5,1015,?,x1,
1768857053.7930272,FORWARDED,219e8f6b-7171-4909-b7a0-6fc63f1730ad,2a91edd7-d043-4eea-ac4f-1a886288b5bf,c3,c5,1015,?,x1,
1768857053.8299453,SENT,5387185f-f5f7-435a-b502-d1c58fbf3814,a0e18dfe-ce87-4012-92e4-ecb4cbcce6a7,c5,c1,1119,?,x11,
1768857053.829991,FORWARDED,5387185f-f5f7-435a-b502-d1c58fbf3814,a0e18dfe-ce87-4012-92e4-ecb4cbcce6a7,c5,c1,1119,?,x11,
1768857053.8969123,SENT,9414695a-68be-426c-9bf6-31f859cbfab0,7459a910-cfb2-4ad9-838d-99b1104d64e5,c3,c5,1015,?,x9,
1768857053.8969579,FORWARDED,9414695a-68be-426c-9bf6-31f859cbfab0,7459a910-cfb2-4ad9-838d-99b1104d64e5,c3,c5,1015,?,x9,
1768857053.9047832,RECEIVED,2f61e1d1-c07e-4519-b5ba-4fd9bf782447,a7192965-7276-4bbe-9aa0-18510dfbca7b,c1,c5,1464,e8,?,
1768857053.9595323,SENT,72e66c96-471c-4b40-9dcb-1e2c8c35cc52,cedf74a8-7a91-44cf-8fca-a9dada105d2c,c5,c3,1020,?,x6,
1768857053.9597294,FORWARDED,72e66c96-471c-4b40-9dcb-1e2c8c35cc52,cedf74a8-7a91-44cf-8fca-a9dada105d2c,c5,c3,1020,?,x6,
1768857054.1177778,RECEIVED,47f70011-523c-4205-bd0e-957951152af2,dd430a37-92c7-4e71-999c-ce58efcf2f2b,c2,c1,1455,e8,?,
1768857054.2834322,SENT,ff165d42-429c-415f-935e-6202c59cd253,41762a91-ca8d-4f10-86f6-af0ae8255b14,c5,c3,1115,?,x5,
1768857054.2834737,FORWARDED,ff165d42-429c-415f-935e-6202c59cd253,41762a91-ca8d-4f10-86f6-af0ae8255b14,c5,c3,1115,?,x5,
1768857054.3068204,SENT,47f70011-523c-4205-bd0e-957951152af2,dd430a37-92c7-4e71-999c-ce58efcf2f2b,c2,c1,1019,?,x9,
1768857054.3068604,FORWARDED,47f70011-523c-4205-bd0e-957951152af2,dd430a37-92c7-4e71-999c-ce58efcf2f2b,c2,c1,1019,?,x9,
1768857054.391572,RECEIVED,028052b0-7be9-4bae-9a9d-91846ded842b,4120254e-023a-48b6-b6f9-ca3df187999f,c5,c3,1586,e10,?,
1768857054.490505,RECEIVED,c00572f6-f0fc-4d80-a87f-7a89f03c6d4b,d2fada8c-9b80-43bd-adfc-e221b12f428d,c3,DROP,1020,e10,?,
1768857054.579023,SENT,2f61e1d1-c07e-4519-b5ba-4fd9bf782447,a7192965-7276-4bbe-9aa0-18510dfbca7b,c1,c5,1024,?,x10,
1768857054.5791204,FORWARDED,2f61e1d1-c07e-4519-b5ba-4fd9bf782447,a7192965-7276-4bbe-9aa0-18510dfbca7b,c1,c5,1024,?,x10,
1768857054.8654823,RECEIVED,c4d8ad28-920e-4c15-aec2-891299783844,8dfd8e0c-4cfd-4e96-a056-929b49098589,c2,c1,1467,e11,?,
1768857055.0522518,RECEIVED,1d1413f5-b870-45fa-a988-37d2b6b02650,941e24f0-19d5-435e-8f13-c5794eca0f84,c3,c5,1460,e7,?,
1768857055.1302764,RECEIVED,df507fdd-1c3b-402d-a217-a2698e17104e,f1296ef8-e93e-492a-989c-e527c1559594,c3,c5,1587,e6,?,
1768857055.220289,SENT,1d1413f5-b870-45fa-a988-37d2b6b02650,941e24f0-19d5-435e-8f13-c5794eca0f84,c3,c5,1023,?,x12,
1768857055.2203288,FORWARDED,1d1413f5-b870-45fa-a988-37d2b6b02650,941e24f0-19d5-435e-8f13-c5794eca0f84,c3,c5,1023,?,x12,
1768857055.2753847,RECEIVED,4700c884-731f-4ae7-a2af-7420c28d5831,a42de4b7-0dcd-4567-9883-4c6930178d40,c5,c3,1445,e7,?,
1768857055.375496,RECEIVED,4d4830f3-dc31-46cb-8526-afe9875a7f32,3cfeaa59-4f39-411b-8496-af835a8e691d,c5,c1,1580,e4,?,
1768857055.3823447,SENT,028052b0-7be9-4bae-9a9d-91846ded842b,4120254e-023a-48b6-b6f9-ca3df187999f,c5,c3,1117,?,x6,
1768857055.3823886,FORWARDED,028052b0-7be9-4bae-9a9d-91846ded842b,4120254e-023a-48b6-b6f9-ca3df187999f,c5,c3,1117,?,x6,
1768857055.3847475,RECEIVED,e8091224-03f2-4391-a117-c18788cb9833,d565ec0a-ffb3-49a5-be40-7b7051383fa6,c5,c3,1584,e4,?,
1768857055.7382305,SENT,c4d8ad28-920e-4c15-aec2-891299783844,8dfd8e0c-4cfd-4e96-a056-929b49098589,c2,c1,1027,?,x8,
1768857055.7382758,FORWARDED,c4d8ad28-920e-4c15-aec2-891299783844,8dfd8e0c-4cfd-4e96-a056-929b49098589,c2,c1,1027,?,x8,
1768857055.7732384,RECEIVED,26d9c14b-80e3-4cc0-aab1-dfde63f285ed,2063aaee-2176-46ab-939e-99dfec49a40b,c5,c3,1456,e7,?,
1768857055.796601,SENT,f7cdf9d9-e6f3-43e2-ab02-f84769e4b46d,6cbf11be-8b20-44ad-a980-e2b86268ddaf,c1,c5,1017,?,x11,
1768857055.7966385,FORWARDED,f7cdf9d9-e6f3-43e2-ab02-f84769e4b46d,6cbf11be-8b20-44ad-a980-e2b86268ddaf,c1,c5,1017,?,x11,
1768857055.8675869,RECEIVED,aacdb368-2c26-4207-8b17-3fdd03f3ca5b,955f7613-73bf-4d71-a752-765553a918eb,c1,c5,1462,e1,?,
1768857055.8989966,SENT,aacdb368-2c26-4207-8b17-3fdd03f3ca5b,955f7613-73bf-4d71-a752-765553a918eb,c1,c5,1023,?,x11,
1768857055.8990366,FORWARDED,aacdb368-2c26-4207-8b17-3fdd03f3ca5b,955f7613-73bf-4d71-a752-765553a918eb,c1,c5,1023,?,x11,
1768857055.9637618,SENT,26d9c14b-80e3-4cc0-aab1-dfde63f285ed,2063aaee-2176-46ab-939e-99dfec49a40b,c5,c3,1019,?,x7,
1768857055.9637985,FORWARDED,26d9c14b-80e3-4cc0-aab1-dfde63f285ed,2063aaee-2176-46ab-939e-99dfec49a40b,c5,c3,1019,?,x7,
1768857056.309542,SENT,e8091224-03f2-4391-a117-c18788cb9833,d565ec0a-ffb3-49a5-be40-7b7051383fa6,c5,c3,1116,?,x12,
1768857056.3095844,FORWARDED,e8091224-03f2-4391-a117-c18788cb9833,d565ec0a-ffb3-49a5-be40-7b7051383fa6,c5,c3,1116,?,x12,
1768857056.5599532,RECEIVED,470ae48a-0d04-46bb-b579-ff9cb201f732,c660f14b-637f-406f-9c35-c1c0a56c0224,c5,c3,1444,e11,?,
1768857056.6113012,SENT,470ae48a-0d04-46bb-b579-ff9cb201f732,c660f14b-637f-406f-9c35-c1c0a56c0224,c5,c3,1011,?,x8,
1768857056.611344,FORWARDED,470ae48a-0d04-46bb-b579-ff9cb201f732,c660f14b-637f-406f-9c35-c1c0a56c0224,c5,c3,1011,?,x8,
1768857056.6577652,RECEIVED,07d51f5d-6f56-4165-9675-dac6ce4a7f6f,a67b913b-259a-4ad9-b5e9-1ccc90cbf6a2,c5,c1,1583,e11,?,
1768857056.7622244,RECEIVED,dcbe5874-4a87-4aab-89cc-4f59094e76ff,10cf577c-8e8d-4ac8-bfb7-a8f575150784,c1,c5,1455,e7,?,
1768857056.9532857,SENT,c00572f6-f0fc-4d80-a87f-7a89f03c6d4b,d2fada8c-9b80-43bd-adfc-e221b12f428d,c3,DROP,691,?,x11,
1768857056.953327,FORWARDED,c00572f6-f0fc-4d80-a87f-7a89f03c6d4b,d2fada8c-9b80-43bd-adfc-e221b12f428d,c3,DROP,691,?,x11,
1768857057.0602107,RECEIVED,59d43423-c023-47b8-aab0-07b0ccf570c9,5c3fbb91-aeb4-4e79-97a8-3095a24e2e05,c5,c3,1451,e1,?,
1768857057.060504,SENT,dcbe5874-4a87-4aab-89cc-4f59094e76ff,10cf577c-8e8d-4ac8-bfb7-a8f575150784,c1,c5,1020,?,x8,
1768857057.0605462,FORWARDED,dcbe5874-4a87-4aab-89cc-4f59094e76ff,10cf577c-8e8d-4ac8-bfb7-a8f575150784,c1,c5,1020,?,x8,
1768857057.0770705,RECEIVED,99fd40b5-ba3d-4e3d-98f2-d81c33885e2e,c2020c46-d540-42ed-9a35-713dd58253c3,c1,c5,1460,e7,?,
1768857057.0800877,RECEIVED,62daf2b5-b7f0-4bd8-9e27-d4708247ce0a,9a6e180b-ee3d-4324-936d-aa5b32dbdce2,c4,c5,1467,e12,?,
1768857057.1677716,SENT,99fd40b5-ba3d-4e3d-98f2-d81c33885e2e,c2020c46-d540-42ed-9a35-713dd58253c3,c1,c5,1023,?,x2,
1768857057.1678123,FORWARDED,99fd40b5-ba3d-4e3d-98f2-d81c33885e2e,c2020c46-d540-42ed-9a35-713dd58253c3,c1,c5,1023,?,x2,
1768857057.2677913,SENT,4d4830f3-dc31-46cb-8526-afe9875a7f32,3cfeaa59-4f39-411b-8496-af835a8e691d,c5,c1,1111,?,x10,
1768857057.2678347,FORWARDED,4d4830f3-dc31-46cb-8526-afe9875a7f32,3cfeaa59-4f39-411b-8496-af835a8e691d,c5,c1,1111,?,x10,
1768857057.2979937,RECEIVED,56d12860-332e-4656-bebe-b2eaa2e9ff57,99aa6c97-c6ee-4fb2-8579-d8bc900e62cd,c5,c1,1584,e3,?,
1768857057.3101602,SENT,df507fdd-1c3b-402d-a217-a2698e17104e,f1296ef8-e93e-492a-989c-e527c1559594,c3,c5,1118,?,x8,
1768857057.3102024,FORWARDED,df507fdd-1c3b-402d-a217-a2698e17104e,f1296ef8-e93e-492a-989c-e527c1559594,c3,c5,1118,?,x8,
1768857057.422581,RECEIVED,5393219e-d70e-4a7c-84dd-347f5cd9d5b4,e6713d2b-0f19-4ab0-8b46-8dcbd9a30ac5,c2,DROP,442,x8,?,
1768857057.4853542,SENT,56d12860-332e-4656-bebe-b2eaa2e9ff57,99aa6c97-c6ee-4fb2-8579-d8bc900e62cd,c5,c1,1116,?,x6,
1768857057.4853978,FORWARDED,56d12860-332e-4656-bebe-b2eaa2e9ff57,99aa6c97-c6ee-4fb2-8579-d8bc900e62cd,c5,c1,1116,?,x6,
1768857057.5276983,SENT,59d43423-c023-47b8-aab0-07b0ccf570c9,5c3fbb91-aeb4-4e79-97a8-3095a24e2e05,c5,c3,1017,?,x5,
1768857057.5277407,FORWARDED,59d43423-c023-47b8-aab0-07b0ccf570c9,5c3fbb91-aeb4-4e79-97a8-3095a24e2e05,c5,c3,1017,?,x5,
1768857057.6643114,RECEIVED,af20a153-1288-435a-b82f-a6ab7b2a5927,96e570f1-b3e2-4219-a773-031092825514,c5,c3,1583,e2,?,
1768857057.7604961,SENT,4700c884-731f-4ae7-a2af-7420c28d5831,a42de4b7-0dcd-4567-9883-4c6930178d40,c5,c3,1012,?,x3,
1768857057.760536,FORWARDED,4700c884-731f-4ae7-a2af-7420c28d5831,a42de4b7-0dcd-4567-9883-4c6930178d40,c5,c3,1012,?,x3,
1768857057.7892866,SENT,62daf2b5-b7f0-4bd8-9e27-d4708247ce0a,9a6e180b-ee3d-4324-936d-aa5b32dbdce2,c4,c5,1028,?,x7,
1768857057.789329,FORWARDED,62daf2b5-b7f0-4bd8-9e27-d4708247ce0a,9a6e180b-ee3d-4324-936d-aa5b32dbdce2,c4,c5,1028,?,x7,
1768857057.8729227,SENT,af20a153-1288-435a-b82f-a6ab7b2a5927,96e570f1-b3e2-4219-a773-031092825514,c5,c3,1116,?,x6,
1768857057.8729641,FORWARDED,af20a153-1288-435a-b82f-a6ab7b2a5927,96e570f1-b3e2-4219-a773-031092825514,c5,c3,1116,?,x6,
1768857058.0014853,RECEIVED,f6936e61-63a7-4fcd-a1e4-3e78472e9e7f,0634ead5-3f9b-4dbb-a662-b722afc3bd19,c5,c4,1569,e1,?,
1768857058.0033739,RECEIVED,664d0b64-4068-49af-b05b-3acaa7e56998,c8c23d1d-a12a-4952-9340-8e14dbd9a774,c5,c1,1585,e1,?,
1768857058.0514908,RECEIVED,ccc07def-c86c-4ea5-91ce-cd76e37b097c,ae8de704-5134-4b35-b831-2f1b0ece77d3,c5,c4,1583,e2,?,
1768857058.074221,SENT,f6936e61-63a7-4fcd-a1e4-3e78472e9e7f,0634ead5-3f9b-4dbb-a662-b722afc3bd19,c5,c4,1104,?,x3,
1768857058.0742607,FORWARDED,f6936e61-63a7-4fcd-a1e4-3e78472e9e7f,0634ead5-3f9b-4dbb-a662-b722afc3bd19,c5,c4,1104,?,x3,
1768857058.1074426,RECEIVED,30bfbfe9-e527-4b46-b938-8117df80e506,ff051d00-1eb9-4dcc-86ad-0a01d3e6b8f4,c4,c5,1462,e12,?,
1768857058.1252882,SENT,664d0b64-4068-49af-b05b-3acaa7e56998,c8c23d1d-a12a-4952-9340-8e14dbd9a774,c5,c1,1116,?,x10,
1768857058.1253335,FORWARDED,664d0b64-4068-49af-b05b-3acaa7e56998,c8c23d1d-a12a-4952-9340-8e14dbd9a774,c5,c1,1116,?,x10,
1768857058.1585772,SENT,30bfbfe9-e527-4b46-b938-8117df80e506,ff051d00-1eb9-4dcc-86ad-0a01d3e6b8f4,c4,c5,1023,?,x12,
1768857058.158619,FORWARDED,30bfbfe9-e527-4b46-b938-8117df80e506,ff051d00-1eb9-4dcc-86ad-0a01d3e6b8f4,c4,c5,1023,?,x12,
1768857058.423829,RECEIVED,bbd71cdb-97a9-45a9-82b9-0c21dbdec3d2,91a855cb-3a82-45f6-a468-9692bd23e4db,c1,c5,1452,e1,?,
1768857058.468749,SENT,bbd71cdb-97a9-45a9-82b9-0c21dbdec3d2,91a855cb-3a82-45f6-a468-9692bd23e4db,c1,c5,1016,?,x7,
1768857058.4687862,FORWARDED,bbd71cdb-97a9-45a9-82b9-0c21dbdec3d2,91a855cb-3a82-45f6-a468-9692bd23e4db,c1,c5,1016,?,x7,
1768857058.47625,SENT,07d51f5d-6f56-4165-9675-dac6ce4a7f6f,a67b913b-259a-4ad9-b5e9-1ccc90cbf6a2,c5,c1,1116,?,x8,
1768857058.4763258,FORWARDED,07d51f5d-6f56-4165-9675-dac6ce4a7f6f,a67b913b-259a-4ad9-b5e9-1ccc90cbf6a2,c5,c1,1116,?,x8,
1768857058.6930091,SENT,ccc07def-c86c-4ea5-91ce-cd76e37b097c,ae8de704-5134-4b35-b831-2f1b0ece77d3,c5,c4,1115,?,x1,
1768857058.6930714,FORWARDED,ccc07def-c86c-4ea5-91ce-cd76e37b097c,ae8de704-5134-4b35-b831-2f1b0ece77d3,c5,c4,1115,?,x1,
1768857058.7603202,RECEIVED,6364d3fa-83fc-46ce-8001-b65290d92003,fb444a75-6aa3-42e5-9808-ca4f5c9c8d8b,c5,c4,1583,e12,?,
1768857058.771669,RECEIVED,b9379ed8-b66d-4d13-b812-76f8ca38c1e9,43ed6c70-77d3-432d-8d18-20d28238e1b8,c3,c5,1451,e11,?,
1768857058.984931,RECEIVED,d2dfed0f-a4b5-4933-acbb-79d5e26e965f,f164bfb7-8973-41ad-8aff-ff71c3cdf8d5,c4,c5,1459,e5,?,
1768857059.0763147,RECEIVED,73519ba8-c60f-439b-bcfe-29434109199f,21bfe153-86f6-47f3-96fb-d1642b61f3ed,c3,c5,1579,e3,?,
1768857059.1415765,SENT,b9379ed8-b66d-4d13-b812-76f8ca38c1e9,43ed6c70-77d3-432d-8d18-20d28238e1b8,c3,c5,1015,?,x4,
1768857059.141618,FORWARDED,b9379ed8-b66d-4d13-b812-76f8ca38c1e9,43ed6c70-77d3-432d-8d18-20d28238e1b8,c3,c5,1015,?,x4,
1768857059.3546948,SENT,73519ba8-c60f-439b-bcfe-29434109199f,21bfe153-86f6-47f3-96fb-d1642b61f3ed,c3,c5,1112,?,x5,
1768857059.3547363,FORWARDED,73519ba8-c60f-439b-bcfe-29434109199f,21bfe153-86f6-47f3-96fb-d1642b61f3ed,c3,c5,1112,?,x5,
1768857059.3977096,SENT,d2dfed0f-a4b5-4933-acbb-79d5e26e965f,f164bfb7-8973-41ad-8aff-ff71c3cdf8d5,c4,c5,1023,?,x8,
1768857059.3977525,FORWARDED,d2dfed0f-a4b5-4933-acbb-79d5e26e965f,f164bfb7-8973-41ad-8aff-ff71c3cdf8d5,c4,c5,1023,?,x8,
1768857059.4442706,SENT,6364d3fa-83fc-46ce-8001-b65290d92003,fb444a75-6aa3-42e5-9808-ca4f5c9c8d8b,c5,c4,1114,?,x4,
1768857059.44432,FORWARDED,6364d3fa-83fc-46ce-8001-b65290d92003,fb444a75-6aa3-42e5-9808-ca4f5c9c8d8b,c5,c4,1114,?,x4,
1768857059.5233622,RECEIVED,acb6ca70-9b11-471b-9eeb-1d66850fb491,04bdda45-76cf-45d5-96d0-5543a86bac00,c1,c5,1452,e1,?,
1768857059.6602073,RECEIVED,bd283f9b-cddf-40bc-8122-04e097fde41f,5063ff30-19b1-4ce5-b2ef-08c252efe980,c3,c5,1457,e11,?,
1768857059.6792574,SENT,acb6ca70-9b11-471b-9eeb-1d66850fb491,04bdda45-76cf-45d5-96d0-5543a86bac00,c1,c5,1015,?,x9,
1768857059.6792994,FORWARDED,acb6ca70-9b11-471b-9eeb-1d66850fb491,04bdda45-76cf-45d5-96d0-5543a86bac00,c1,c5,1015,?,x9,
1768857059.748867,SENT,bd283f9b-cddf-40bc-8122-04e097fde41f,5063ff30-19b1-4ce5-b2ef-08c252efe980,c3,c5,1019,?,x10,
1768857059.7489088,FORWARDED,bd283f9b-cddf-40bc-8122-04e097fde41f,5063ff30-19b1-4ce5-b2ef-08c252efe980,c3,c5,1019,?,x10,
1768857060.3126338,RECEIVED,aed4694d-b710-4270-a6d2-4136df460f9e,6d7f3b15-da6e-4ca2-807f-ef7af289813e,c3,c5,1443,e1,?,
1768857060.634246,SENT,aed4694d-b710-4270-a6d2-4136df460f9e,6d7f3b15-da6e-4ca2-807f-ef7af289813e,c3,c5,1011,?,x3,
1768857060.6342897,FORWARDED,aed4694d-b710-4270-a6d2-4136df460f9e,6d7f3b15-da6e-4ca2-807f-ef7af289813e,c3,c5,1011,?,x3,
1768857060.706447,RECEIVED,f786a647-9d3d-431e-bb44-0a1336cd050e,eae1819d-0afb-44b6-a565-0efde4050372,c4,c5,1469,e1,?,
1768857060.7160208,SENT,f786a647-9d3d-431e-bb44-0a1336cd050e,eae1819d-0afb-44b6-a565-0efde4050372,c4,c5,1027,?,x5,
1768857060.7161403,FORWARDED,f786a647-9d3d-431e-bb44-0a1336cd050e,eae1819d-0afb-44b6-a565-0efde4050372,c4,c5,1027,?,x5,
1768857060.901459,RECEIVED,bbd6d299-d8da-4bc2-a8e5-1b4b24cb96c3,c1029554-fcc5-4f0b-b63e-cc9737feeaa7,c3,c5,1579,e5,?,
1768857061.413957,RECEIVED,c5db990d-dfb1-4d18-b43e-c8285f7de1d4,0abab314-318c-45f7-a330-5f079df730d9,c5,c3,1458,e5,?,
1768857061.5125303,RECEIVED,351309d2-def1-4901-98c1-0fdb9de44b37,9ef15115-fae5-447a-aec2-51d0bc1de790,c5,c3,1583,e4,?,
1768857061.631936,SENT,c5db990d-dfb1-4d18-b43e-c8285f7de1d4,0abab314-318c-45f7-a330-5f079df730d9,c5,c3,1023,?,x5,
1768857061.6319792,FORWARDED,c5db990d-dfb1-4d18-b43e-c8285f7de1d4,0abab314-318c-45f7-a330-5f079df730d9,c5,c3,1023,?,x5,
1768857061.6658697,RECEIVED,3bf32548-477f-4b89-a1a5-8c2a4a0fe86b,f90ca20d-174e-4032-9ddd-5a41dbb1276b,c4,c5,1461,e1,?,
1768857061.788188,SENT,bbd6d299-d8da-4bc2-a8e5-1b4b24cb96c3,c1029554-fcc5-4f0b-b63e-cc9737feeaa7,c3,c5,1111,?,x1,
1768857061.7882311,FORWARDED,bbd6d299-d8da-4bc2-a8e5-1b4b24cb96c3,c1029554-fcc5-4f0b-b63e-cc9737feeaa7,c3,c5,1111,?,x1,
1768857061.8208873,SENT,3bf32548-477f-4b89-a1a5-8c2a4a0fe86b,f90ca20d-174e-4032-9ddd-5a41dbb1276b,c4,c5,1023,?,x12,
1768857061.820946,FORWARDED,3bf32548-477f-4b89-a1a5-8c2a4a0fe86b,f90ca20d-174e-4032-9ddd-5a41dbb1276b,c4,c5,1023,?,x12,
1768857061.8431818,RECEIVED,7986d4a4-d035-4703-9385-e46020306a3c,5c170fae-0b06-4c46-a1db-482bbdd2df1b,c1,c5,1463,e11,?,
1768857061.956383,RECEIVED,19af0706-c064-4047-af25-971cd34aff09,f1a4aae5-f905-4a46-9b33-d1fc6a5c37bf,c1,c2,1584,e7,?,
1768857062.0367362,RECEIVED,d9b0304f-a69b-4a30-a7c7-c67a03fe0707,d700203f-5977-49fd-924a-fcb64041e78d,c5,c3,1465,e6,?,
1768857062.1360204,SENT,351309d2-def1-4901-98c1-0fdb9de44b37,9ef15115-fae5-447a-aec2-51d0bc1de790,c5,c3,1115,?,x4,
1768857062.1360729,FORWARDED,351309d2-def1-4901-98c1-0fdb9de44b37,9ef15115-fae5-447a-aec2-51d0bc1de790,c5,c3,1115,?,x4,
1768857062.2866466,SENT,19af0706-c064-4047-af25-971cd34aff09,f1a4aae5-f905-4a46-9b33-d1fc6a5c37bf,c1,c2,1116,?,x1,
1768857062.2866898,FORWARDED,19af0706-c064-4047-af25-971cd34aff09,f1a4aae5-f905-4a46-9b33-d1fc6a5c37bf,c1,c2,1116,?,x1,
1768857062.3190734,RECEIVED,f31b613c-6578-4528-b590-90ed3cb653b9,3a506bc4-f318-4ef5-9ed9-1cf73a75c2a9,c1,c5,1454,e2,?,
1768857062.3420408,RECEIVED,4d637162-be79-432e-a0b7-d152c7f0a0d2,99553b99-70d6-4b77-9ba4-6422ea00826e,c1,c5,1451,e5,?,
1768857062.3864217,SENT,d9b0304f-a69b-4a30-a7c7-c67a03fe0707,d700203f-5977-49fd-924a-fcb64041e78d,c5,c3,1024,?,x10,
1768857062.3864634,FORWARDED,d9b0304f-a69b-4a30-a7c7-c67a03fe0707,d700203f-5977-49fd-924a-fcb64041e78d,c5,c3,1024,?,x10,
1768857062.5547924,SENT,f31b613c-6578-4528-b590-90ed3cb653b9,3a506bc4-f318-4ef5-9ed9-1cf73a75c2a9,c1,c5,1020,?,x8,
1768857062.554834,FORWARDED,f31b613c-6578-4528-b590-90ed3cb653b9,3a506bc4-f318-4ef5-9ed9-1cf73a75c2a9,c1,c5,1020,?,x8,
1768857062.6419082,SENT,7986d4a4-d035-4703-9385-e46020306a3c,5c170fae-0b06-4c46-a1db-482bbdd2df1b,c1,c5,1025,?,x6,
1768857062.641953,FORWARDED,7986d4a4-d035-4703-9385-e46020306a3c,5c170fae-0b06-4c46-a1db-482bbdd2df1b,c1,c5,1025,?,x6,
1768857062.685767,RECEIVED,01a03a61-2f84-40da-9832-3a561a7feda2,da151bd7-3a77-43cf-9ff5-cfccd293f409,c2,c1,1456,e10,?,
1768857062.86672,SENT,01a03a61-2f84-40da-9832-3a561a7feda2,da151bd7-3a77-43cf-9ff5-cfccd293f409,c2,c1,1019,?,x11,
1768857062.8667603,FORWARDED,01a03a61-2f84-40da-9832-3a561a7feda2,da151bd7-3a77-43cf-9ff5-cfccd293f409,c2,c1,1019,?,x11,
1768857063.2073581,SENT,4d637162-be79-432e-a0b7-d152c7f0a0d2,99553b99-70d6-4b77-9ba4-6422ea00826e,c1,c5,1015,?,x2,
1768857063.2074008,FORWARDED,4d637162-be79-432e-a0b7-d152c7f0a0d2,99553b99-70d6-4b77-9ba4-6422ea00826e,c1,c5,1015,?,x2,
1768857063.4949539,RECEIVED,826cf5a2-c3bf-4d94-80d4-63ebcaf48264,bb34f89c-df24-4b23-8cef-921ccd6d8c92,c2,c1,1465,e3,?,
1768857063.5496912,RECEIVED,c3430013-2f68-4f63-954a-9ef21e243f5a,4dd907ee-add4-474b-ad5a-90adc1a81349,c2,c1,1456,e6,?,
1768857063.5881438,SENT,826cf5a2-c3bf-4d94-80d4-63ebcaf48264,bb34f89c-df24-4b23-8cef-921ccd6d8c92,c2,c1,1024,?,x11,
1768857063.5881839,FORWARDED,826cf5a2-c3bf-4d94-80d4-63ebcaf48264,bb34f89c-df24-4b23-8cef-921ccd6d8c92,c2,c1,1024,?,x11,
1768857063.86834,RECEIVED,a491cac6-fa5c-45f6-bfb9-33ee507db528,703b2862-701b-431d-8539-fa58d497ec00,c5,c3,1460,e3,?,
1768857064.0299916,SENT,c3430013-2f68-4f63-954a-9ef21e243f5a,4dd907ee-add4-474b-ad5a-90adc1a81349,c2,c1,1020,?,x10,
1768857064.0300333,FORWARDED,c3430013-2f68-4f63-954a-9ef21e243f5a,4dd907ee-add4-474b-ad5a-90adc1a81349,c2,c1,1020,?,x10,
1768857064.0633419,RECEIVED,98d0f044-bb83-4e81-8d13-504d178eec59,0a7a684c-aee8-4344-be69-fcafa49e13fc,c4,c5,1463,e10,?,
1768857064.1733947,RECEIVED,7a3f9ae7-8854-4048-9369-238c6810b6ee,c0fabc39-8031-4fe7-9df5-ccb1111b92aa,c1,c5,1459,e11,?,
1768857064.2038724,RECEIVED,e823bc02-8153-4c97-aeaa-1889cb6c3672,b3832392-9b86-4b47-99ed-d119591fc2fc,c3,c5,1463,e5,?,
1768857064.7281144,SENT,98d0f044-bb83-4e81-8d13-504d178eec59,0a7a684c-aee8-4344-be69-fcafa49e13fc,c4,c5,1024,?,x2,
1768857064.728159,FORWARDED,98d0f044-bb83-4e81-8d13-504d178eec59,0a7a684c-aee8-4344-be69-fcafa49e13fc,c4,c5,1024,?,x2,
1768857064.7812097,SENT,7a3f9ae7-8854-4048-9369-238c6810b6ee,c0fabc39-8031-4fe7-9df5-ccb1111b92aa,c1,c5,1023,?,x4,
1768857064.7812636,FORWARDED,7a3f9ae7-8854-4048-9369-238c6810b6ee,c0fabc39-8031-4fe7-9df5-ccb1111b92aa,c1,c5,1023,?,x4,
1768857064.7855527,RECEIVED,5ecccc6b-c94b-4786-acac-dce0c210ed31,17b4073d-05d8-4313-97a6-f2fb99349e5c,c3,c5,1583,e3,?,
1768857064.7966473,SENT,a491cac6-fa5c-45f6-bfb9-33ee507db528,703b2862-701b-431d-8539-fa58d497ec00,c5,c3,1021,?,x11,
1768857064.796688,FORWARDED,a491cac6-fa5c-45f6-bfb9-33ee507db528,703b2862-701b-431d-8539-fa58d497ec00,c5,c3,1021,?,x11,
1768857064.8415709,RECEIVED,5832cf50-12a9-4237-948d-6ceb7a01caf5,97fd1793-5224-46d2-9c48-df06a91011de,c4,c5,1455,e1,?,
1768857065.0986829,SENT,e823bc02-8153-4c97-aeaa-1889cb6c3672,b3832392-9b86-4b47-99ed-d119591fc2fc,c3,c5,1024,?,x8,
1768857065.0987246,FORWARDED,e823bc02-8153-4c97-aeaa-1889cb6c3672,b3832392-9b86-4b47-99ed-d119591fc2fc,c3,c5,1024,?,x8,
1768857065.1778214,RECEIVED,6d1e88e5-37f1-40f3-b95a-f3d14df7bca5,9680c547-baae-4cb7-a300-1ae5cd2d2c5e,c3,c5,1572,e5,?,
1768857065.347852,SENT,6d1e88e5-37f1-40f3-b95a-f3d14df7bca5,9680c547-baae-4cb7-a300-1ae5cd2d2c5e,c3,c5,1107,?,x6,
1768857065.3478978,FORWARDED,6d1e88e5-37f1-40f3-b95a-f3d14df7bca5,9680c547-baae-4cb7-a300-1ae5cd2d2c5e,c3,c5,1107,?,x6,
1768857065.3872707,RECEIVED,a8037152-afb4-4d60-9266-38c58a9f696b,86a7b03f-d320-48fa-bd7b-7c213eb03fc3,c5,c1,1576,e6,?,
1768857065.423163,SENT,5ecccc6b-c94b-4786-acac-dce0c210ed31,17b4073d-05d8-4313-97a6-f2fb99349e5c,c3,c5,1115,?,x9,
1768857065.4232059,FORWARDED,5ecccc6b-c94b-4786-acac-dce0c210ed31,17b4073d-05d8-4313-97a6-f2fb99349e5c,c3,c5,1115,?,x9,
1768857065.5054975,RECEIVED,b8303f15-f4da-4090-b8b9-fa2df911fc9e,e17c37f5-9da2-4a2e-a3c0-e55984d20aa1,c1,c2,1587,e2,?,
1768857065.51878,RECEIVED,c009b8c6-ac9c-44ab-a41c-21f78c5828e6,437bc2a7-c5ce-4aae-bdf9-3c9240a1831c,c5,c3,1456,e12,?,
1768857065.5201857,SENT,a8037152-afb4-4d60-9266-38c58a9f696b,86a7b03f-d320-48fa-bd7b-7c213eb03fc3,c5,c1,1108,?,x6,
1768857065.520226,FORWARDED,a8037152-afb4-4d60-9266-38c58a9f696b,86a7b03f-d320-48fa-bd7b-7c213eb03fc3,c5,c1,1108,?,x6,
1768857065.7350912,SENT,b8303f15-f4da-4090-b8b9-fa2df911fc9e,e17c37f5-9da2-4a2e-a3c0-e55984d20aa1,c1,c2,1117,?,x7,
1768857065.7351396,FORWARDED,b8303f15-f4da-4090-b8b9-fa2df911fc9e,e17c37f5-9da2-4a2e-a3c0-e55984d20aa1,c1,c2,1117,?,x7,
1768857065.8017058,SENT,5832cf50-12a9-4237-948d-6ceb7a01caf5,97fd1793-5224-46d2-9c48-df06a91011de,c4,c5,1019,?,x3,
1768857065.80175,FORWARDED,5832cf50-12a9-4237-948d-6ceb7a01caf5,97fd1793-5224-46d2-9c48-df06a91011de,c4,c5,1019,?,x3,
1768857065.914024,RECEIVED,fb8709c8-c20e-4254-8806-1f2bb6c57342,58e12690-2c29-4706-bfff-461355f175ed,c1,c2,1584,e6,?,
1768857066.2189648,SENT,fb8709c8-c20e-4254-8806-1f2bb6c57342,58e12690-2c29-4706-bfff-461355f175ed,c1,c2,1116,?,x9,
1768857066.2190087,FORWARDED,fb8709c8-c20e-4254-8806-1f2bb6c57342,58e12690-2c29-4706-bfff-461355f175ed,c1,c2,1116,?,x9,
1768857066.3677747,SENT,c009b8c6-ac9c-44ab-a41c-21f78c5828e6,437bc2a7-c5ce-4aae-bdf9-3c9240a1831c,c5,c3,1020,?,x12,
1768857066.3678155,FORWARDED,c009b8c6-ac9c-44ab-a41c-21f78c5828e6,437bc2a7-c5ce-4aae-bdf9-3c9240a1831c,c5,c3,1020,?,x12,
1768857066.4681518,RECEIVED,45f098ad-794f-4576-93bf-80e9a47bca10,1b29efba-ba39-4a86-aa13-cdb08c279292,c5,c3,1587,e8,?,
1768857066.5639672,RECEIVED,6ad0726f-0690-4270-adda-92a9b848776c,11877e84-4050-4207-9366-b849679a81f7,c4,c5,1460,e5,?,
1768857066.8086643,RECEIVED,4fb54169-00bd-403a-b0ef-2ffc40cf64a8,fac0676f-3aca-4cbd-8eed-76531202a6c7,c5,DROP,1015,e8,?,
1768857067.0062103,SENT,6ad0726f-0690-4270-adda-92a9b848776c,11877e84-4050-4207-9366-b849679a81f7,c4,c5,1023,?,x10,
1768857067.0062516,FORWARDED,6ad0726f-0690-4270-adda-92a9b848776c,11877e84-4050-4207-9366-b849679a81f7,c4,c5,1023,?,x10,
1768857067.050785,RECEIVED,5817a57d-0a17-4174-9900-5ed168eda901,f33f33e2-58da-4397-84ca-894152f84ed7,c1,DROP,1007,e4,?,
1768857067.0664062,SENT,4fb54169-00bd-403a-b0ef-2ffc40cf64a8,fac0676f-3aca-4cbd-8eed-76531202a6c7,c5,DROP,688,?,x4,
1768857067.0664477,FORWARDED,4fb54169-00bd-403a-b0ef-2ffc40cf64a8,fac0676f-3aca-4cbd-8eed-76531202a6c7,c5,DROP,688,?,x4,
1768857067.0765855,RECEIVED,4d9bb797-1b72-4042-8dd0-c39116cb9fd8,5a9f0572-ff4b-40a5-8fe0-b2de9f970429,c1,DROP,1020,e12,?,
1768857067.084555,RECEIVED,3914bf60-3081-4b98-add8-1b231f730044,97e59c39-c390-4e24-b37c-5b21a06ea5da,c3,c5,1584,e4,?,
1768857067.3220208,RECEIVED,d298a8b1-feab-4d54-8b5e-6a021586f97b,027c7717-13bb-46b5-b292-d20e91803b37,c1,c2,1583,e2,?,
1768857067.3484178,SENT,3914bf60-3081-4b98-add8-1b231f730044,97e59c39-c390-4e24-b37c-5b21a06ea5da,c3,c5,1116,?,x1,
1768857067.3484595,FORWARDED,3914bf60-3081-4b98-add8-1b231f730044,97e59c39-c390-4e24-b37c-5b21a06ea5da,c3,c5,1116,?,x1,
1768857067.396109,RECEIVED,8afadb1a-7c66-4ee8-b4f0-be34621cf75e,ec0aecdb-51a4-4f29-a589-4817ab472da4,c3,c5,1456,e11,?,
1768857067.5162342,SENT,d298a8b1-feab-4d54-8b5e-6a021586f97b,027c7717-13bb-46b5-b292-d20e91803b37,c1,c2,1116,?,x3,
1768857067.516278,FORWARDED,d298a8b1-feab-4d54-8b5e-6a021586f97b,027c7717-13bb-46b5-b292-d20e91803b37,c1,c2,1116,?,x3,
1768857067.5246189,RECEIVED,ad5ec109-0edd-45e0-aa1a-356796ca201f,22410631-5022-4576-bd13-95ffcbce59bd,c3,c5,1583,e4,?,
1768857067.5660574,SENT,8afadb1a-7c66-4ee8-b4f0-be34621cf75e,ec0aecdb-51a4-4f29-a589-4817ab472da4,c3,c5,1019,?,x4,
1768857067.5661018,FORWARDED,8afadb1a-7c66-4ee8-b4f0-be34621cf75e,ec0aecdb-51a4-4f29-a589-4817ab472da4,c3,c5,1019,?,x4,
1768857067.6602101,RECEIVED,bf263201-4e42-45e1-9d27-c1ccbf2baa98,00d3f8b9-f9ca-4ebd-95a5-265e73c43e6f,c5,DROP,1020,e7,?,
1768857067.8030984,SENT,45f098ad-794f-4576-93bf-80e9a47bca10,1b29efba-ba39-4a86-aa13-cdb08c279292,c5,c3,1119,?,x7,
1768857067.8031433,FORWARDED,45f098ad-794f-4576-93bf-80e9a47bca10,1b29efba-ba39-4a86-aa13-cdb08c279292,c5,c3,1119,?,x7,
1768857067.8879352,SENT,bf263201-4e42-45e1-9d27-c1ccbf2baa98,00d3f8b9-f9ca-4ebd-95a5-265e73c43e6f,c5,DROP,692,?,x2,
1768857067.8879762,FORWARDED,bf263201-4e42-45e1-9d27-c1ccbf2baa98,00d3f8b9-f9ca-4ebd-95a5-265e73c43e6f,c5,DROP,692,?,x2,
1768857068.0354028,RECEIVED,99d96d87-e9a3-4bc7-988a-b4c953df41bf,58caa975-4145-4252-8f47-cf2ac79b967f,c3,c5,1583,e10,?,
1768857068.088548,RECEIVED,90a77913-bf05-43b7-94c5-b9535de26716,37503fac-09a7-480d-9e60-cf8bb20a82b2,c3,c5,1452,e7,?,
1768857068.1763666,SENT,5817a57d-0a17-4174-9900-5ed168eda901,f33f33e2-58da-4397-84ca-894152f84ed7,c1,DROP,683,?,x6,
1768857068.1764088,FORWARDED,5817a57d-0a17-4174-9900-5ed168eda901,f33f33e2-58da-4397-84ca-894152f84ed7,c1,DROP,683,?,x6,
1768857068.1871052,SENT,90a77913-bf05-43b7-94c5-b9535de26716,37503fac-09a7-480d-9e60-cf8bb20a82b2,c3,c5,1016,?,x7,
1768857068.1871474,FORWARDED,90a77913-bf05-43b7-94c5-b9535de26716,37503fac-09a7-480d-9e60-cf8bb20a82b2,c3,c5,1016,?,x7,
1768857068.2469332,SENT,4d9bb797-1b72-4042-8dd0-c39116cb9fd8,5a9f0572-ff4b-40a5-8fe0-b2de9f970429,c1,DROP,691,?,x11,
1768857068.2469733,FORWARDED,4d9bb797-1b72-4042-8dd0-c39116cb9fd8,5a9f0572-ff4b-40a5-8fe0-b2de9f970429,c1,DROP,691,?,x11,
1768857068.2876358,RECEIVED,2a6be564-0e75-46f3-bb2a-9f427ecbc6ce,ffd9323e-3f59-4853-91e4-65698c76545c,c5,c1,1584,e3,?,
1768857068.4861479,SENT,2a6be564-0e75-46f3-bb2a-9f427ecbc6ce,ffd9323e-3f59-4853-91e4-65698c76545c,c5,c1,1114,?,x4,
1768857068.4861875,FORWARDED,2a6be564-0e75-46f3-bb2a-9f427ecbc6ce,ffd9323e-3f59-4853-91e4-65698c76545c,c5,c1,1114,?,x4,
1768857068.6663878,SENT,ad5ec109-0edd-45e0-aa1a-356796ca201f,22410631-5022-4576-bd13-95ffcbce59bd,c3,c5,1115,?,x8,
1768857068.6664305,FORWARDED,ad5ec109-0edd-45e0-aa1a-356796ca201f,22410631-5022-4576-bd13-95ffcbce59bd,c3,c5,1115,?,x8,
1768857068.9652522,SENT,99d96d87-e9a3-4bc7-988a-b4c953df41bf,58caa975-4145-4252-8f47-cf2ac79b967f,c3,c5,1115,?,x9,
1768857068.965299,FORWARDED,99d96d87-e9a3-4bc7-988a-b4c953df41bf,58caa975-4145-4252-8f47-cf2ac79b967f,c3,c5,1115,?,x9,
1768857069.070889,RECEIVED,6fb67239-74dc-4fd8-ae40-ff59d7e7c67b,d0c4c0ee-90ce-4c17-8750-0df56aea84b5,c1,c5,1464,e1,?,
1768857069.207553,SENT,6fb67239-74dc-4fd8-ae40-ff59d7e7c67b,d0c4c0ee-90ce-4c17-8750-0df56aea84b5,c1,c5,1024,?,x8,
1768857069.2076063,FORWARDED,6fb67239-74dc-4fd8-ae40-ff59d7e7c67b,d0c4c0ee-90ce-4c17-8750-0df56aea84b5,c1,c5,1024,?,x8,
1768857070.6498425,RECEIVED,4eac5bf9-20c1-40a6-9f37-954cc1d794b8,cf62c4bf-355d-4c3c-aa4c-0087e41df949,c5,c1,1585,e2,?,
1768857070.6661253,RECEIVED,14e56373-80b0-49da-bfa5-33f258d452bc,64af767e-43a7-47de-be5b-73496471cfd5,c5,c3,1456,e2,?,
1768857070.7840762,SENT,4eac5bf9-20c1-40a6-9f37-954cc1d794b8,cf62c4bf-355d-4c3c-aa4c-0087e41df949,c5,c1,1116,?,x11,
1768857070.7841227,FORWARDED,4eac5bf9-20c1-40a6-9f37-954cc1d794b8,cf62c4bf-355d-4c3c-aa4c-0087e41df949,c5,c1,1116,?,x11,
1768857071.408875,SENT,14e56373-80b0-49da-bfa5-33f258d452bc,64af767e-43a7-47de-be5b-73496471cfd5,c5,c3,1020,?,x12,
1768857071.4089186,FORWARDED,14e56373-80b0-49da-bfa5-33f258d452bc,64af767e-43a7-47de-be5b-73496471cfd5,c5,c3,1020,?,x12,
1768857071.4405026,RECEIVED,b3ea0185-de6a-4e23-89f4-195bc278454b,7237ddbc-1905-44af-a7eb-406e9a3c1809,c3,c5,1452,e1,?,
1768857071.5979724,SENT,b3ea0185-de6a-4e23-89f4-195bc278454b,7237ddbc-1905-44af-a7eb-406e9a3c1809,c3,c5,1015,?,x2,
1768857071.598016,FORWARDED,b3ea0185-de6a-4e23-89f4-195bc278454b,7237ddbc-1905-44af-a7eb-406e9a3c1809,c3,c5,1015,?,x2,
1768857072.1677861,RECEIVED,27d12a3a-7946-4ce0-88d0-bfb460978f2b,68024f41-74f7-491f-9001-cd9522fce750,c5,c3,1456,e1,?,
1768857072.3613908,SENT,27d12a3a-7946-4ce0-88d0-bfb460978f2b,68024f41-74f7-491f-9001-cd9522fce750,c5,c3,1020,?,x7,
1768857072.3614318,FORWARDED,27d12a3a-7946-4ce0-88d0-bfb460978f2b,68024f41-74f7-491f-9001-cd9522fce750,c5,c3,1020,?,x7,
1768857072.5261736,RECEIVED,9b597c7f-0217-479f-9291-7398c29d3c75,6b744e82-318b-434c-87fe-f8018f871822,c1,c5,1463,e8,?,
1768857072.6332881,RECEIVED,8e55b030-5092-4b81-8d78-8a1e0a77880c,0c907abe-73ba-496c-89ef-0db050e896b2,c4,c5,1459,e11,?,
1768857072.6761,RECEIVED,ba746cd1-eb46-4421-8427-9d8eb3bfe42f,4abe12e1-5243-4998-a90a-3b4bfce97e5d,c5,c4,1583,e10,?,
1768857072.7405136,SENT,9b597c7f-0217-479f-9291-7398c29d3c75,6b744e82-318b-434c-87fe-f8018f871822,c1,c5,1024,?,x5,
1768857072.7405562,FORWARDED,9b597c7f-0217-479f-9291-7398c29d3c75,6b744e82-318b-434c-87fe-f8018f871822,c1,c5,1024,?,x5,
1768857073.0539954,RECEIVED,e7d43978-c2b3-4130-bb0f-590bf50bc2dd,90d8ab04-d274-4a66-8de3-9d1731380043,c5,c4,1568,e12,?,
1768857073.1493208,SENT,8e55b030-5092-4b81-8d78-8a1e0a77880c,0c907abe-73ba-496c-89ef-0db050e896b2,c4,c5,1023,?,x3,
1768857073.1493566,FORWARDED,8e55b030-5092-4b81-8d78-8a1e0a77880c,0c907abe-73ba-496c-89ef-0db050e896b2,c4,c5,1023,?,x3,
1768857073.1608279,SENT,e7d43978-c2b3-4130-bb0f-590bf50bc2dd,90d8ab04-d274-4a66-8de3-9d1731380043,c5,c4,1103,?,x7,
1768857073.1608703,FORWARDED,e7d43978-c2b3-4130-bb0f-590bf50bc2dd,90d8ab04-d274-4a66-8de3-9d1731380043,c5,c4,1103,?,x7,
1768857073.5731893,RECEIVED,5a7dad9c-7296-4878-9bd4-7af0a12a1b52,209139f7-20d8-4509-a8a4-7d00c365cfb4,c5,c4,1574,e7,?,
1768857073.6117136,RECEIVED,ae10e5d3-d617-4006-801a-f8e4e3ff88dd,cc680195-d13c-440e-bcbb-7d201bb694dc,c1,c5,1466,e3,?,
1768857073.6276295,RECEIVED,e98a7a9c-ac17-4412-83ae-8687b504890f,acdea7cf-3563-4298-b3b2-52092dbe5a8f,c3,c5,1568,e3,?,
1768857073.634582,RECEIVED,aa9be255-44c3-48b7-90e3-f3f0a61ef345,e067b359-127a-468c-bc04-14eb09bfef1c,c5,DROP,1020,e2,?,
1768857073.6645532,SENT,ae10e5d3-d617-4006-801a-f8e4e3ff88dd,cc680195-d13c-440e-bcbb-7d201bb694dc,c1,c5,1024,?,x11,
1768857073.6645944,FORWARDED,ae10e5d3-d617-4006-801a-f8e4e3ff88dd,cc680195-d13c-440e-bcbb-7d201bb694dc,c1,c5,1024,?,x11,
1768857073.8077352,SENT,ba746cd1-eb46-4421-8427-9d8eb3bfe42f,4abe12e1-5243-4998-a90a-3b4bfce97e5d,c5,c4,1116,?,x9,
1768857073.807779,FORWARDED,ba746cd1-eb46-4421-8427-9d8eb3bfe42f,4abe12e1-5243-4998-a90a-3b4bfce97e5d,c5,c4,1116,?,x9,
1768857073.8681595,SENT,e98a7a9c-ac17-4412-83ae-8687b504890f,acdea7cf-3563-4298-b3b2-52092dbe5a8f,c3,c5,1103,?,x4,
1768857073.8682008,FORWARDED,e98a7a9c-ac17-4412-83ae-8687b504890f,acdea7cf-3563-4298-b3b2-52092dbe5a8f,c3,c5,1103,?,x4,
1768857073.8717546,RECEIVED,3b14fab9-7e6f-4c08-b8ab-ff9c8bd32c48,22976685-b1c7-49e1-bcb9-a833fa2c1d74,c1,c5,1447,e8,?,
1768857073.9102578,SENT,aa9be255-44c3-48b7-90e3-f3f0a61ef345,e067b359-127a-468c-bc04-14eb09bfef1c,c5,DROP,692,?,x5,
1768857073.9103026,FORWARDED,aa9be255-44c3-48b7-90e3-f3f0a61ef345,e067b359-127a-468c-bc04-14eb09bfef1c,c5,DROP,692,?,x5,
1768857074.0582035,SENT,3b14fab9-7e6f-4c08-b8ab-ff9c8bd32c48,22976685-b1c7-49e1-bcb9-a833fa2c1d74,c1,c5,1012,?,x2,
1768857074.0582569,FORWARDED,3b14fab9-7e6f-4c08-b8ab-ff9c8bd32c48,22976685-b1c7-49e1-bcb9-a833fa2c1d74,c1,c5,1012,?,x2,
1768857074.169672,RECEIVED,0264e077-53de-47c7-bec8-de535351d765,1e07097e-aa6d-4028-80b0-c211469220d3,c1,c5,1455,e7,?,
1768857074.1860878,RECEIVED,12fba0c8-048e-40e0-9380-86f96b3874b7,05672d93-0138-4df4-b406-f6ad68a68e55,c5,c4,1584,e12,?,
1768857074.262959,SENT,12fba0c8-048e-40e0-9380-86f96b3874b7,05672d93-0138-4df4-b406-f6ad68a68e55,c5,c4,1116,?,x2,
1768857074.2630014,FORWARDED,12fba0c8-048e-40e0-9380-86f96b3874b7,05672d93-0138-4df4-b406-f6ad68a68e55,c5,c4,1116,?,x2,
1768857074.5533226,RECEIVED,b31559b5-6a95-4b0c-b52e-beeddfe95069,af30ef3e-eb1c-4341-a845-7b57439e46ca,c1,DROP,442,x5,?,
1768857074.5847335,RECEIVED,9690b2f7-5b26-4bdb-b3d1-98ee0c8ca276,a917be12-dfba-413f-bf14-6733ab54e3a6,c4,c5,1447,e7,?,
1768857074.6529863,RECEIVED,83afe2b3-4d1a-40f4-9a0b-574db5414da2,77b5d22e-e134-4ccc-bb8d-ac905c489c59,c2,c1,1460,e6,?,
1768857074.6704926,SENT,5a7dad9c-7296-4878-9bd4-7af0a12a1b52,209139f7-20d8-4509-a8a4-7d00c365cfb4,c5,c4,1108,?,x5,
1768857074.6705403,FORWARDED,5a7dad9c-7296-4878-9bd4-7af0a12a1b52,209139f7-20d8-4509-a8a4-7d00c365cfb4,c5,c4,1108,?,x5,
1768857074.8095846,RECEIVED,c97da273-8d8d-4072-8b2d-b838fd1a5c9f,dabaabf3-0691-4b6e-b6af-1dde4c81896d,c5,c3,1571,e7,?,
1768857074.9837692,SENT,83afe2b3-4d1a-40f4-9a0b-574db5414da2,77b5d22e-e134-4ccc-bb8d-ac905c489c59,c2,c1,1023,?,x1,
1768857074.9838092,FORWARDED,83afe2b3-4d1a-40f4-9a0b-574db5414da2,77b5d22e-e134-4ccc-bb8d-ac905c489c59,c2,c1,1023,?,x1,
1768857075.3938484,SENT,c97da273-8d8d-4072-8b2d-b838fd1a5c9f,dabaabf3-0691-4b6e-b6af-1dde4c81896d,c5,c3,1107,?,x6,
1768857075.3938904,FORWARDED,c97da273-8d8d-4072-8b2d-b838fd1a5c9f,dabaabf3-0691-4b6e-b6af-1dde4c81896d,c5,c3,1107,?,x6,
1768857075.3977804,SENT,0264e077-53de-47c7-bec8-de535351d765,1e07097e-aa6d-4028-80b0-c211469220d3,c1,c5,1020,?,x8,
1768857075.3978212,FORWARDED,0264e077-53de-47c7-bec8-de535351d765,1e07097e-aa6d-4028-80b0-c211469220d3,c1,c5,1020,?,x8,
1768857075.6202276,RECEIVED,2294ed59-ec7f-49a9-9b1c-8bfba624cdc4,d271cd25-5a28-4581-b1d9-5f9ba730ac61,c5,c3,1454,e8,?,
1768857075.6271036,RECEIVED,be9dcb47-6920-43ed-b1ac-7239e8aec742,2b7b09e4-b1db-4859-98b1-472f6e460666,c2,c1,1453,e8,?,
1768857075.6935089,SENT,be9dcb47-6920-43ed-b1ac-7239e8aec742,2b7b09e4-b1db-4859-98b1-472f6e460666,c2,c1,1016,?,x1,
1768857075.6935508,FORWARDED,be9dcb47-6920-43ed-b1ac-7239e8aec742,2b7b09e4-b1db-4859-98b1-472f6e460666,c2,c1,1016,?,x1,
1768857075.696436,SENT,9690b2f7-5b26-4bdb-b3d1-98ee0c8ca276,a917be12-dfba-413f-bf14-6733ab54e3a6,c4,c5,1012,?,x7,
1768857075.6964736,FORWARDED,9690b2f7-5b26-4bdb-b3d1-98ee0c8ca276,a917be12-dfba-413f-bf14-6733ab54e3a6,c4,c5,1012,?,x7,
1768857075.9389741,SENT,2294ed59-ec7f-49a9-9b1c-8bfba624cdc4,d271cd25-5a28-4581-b1d9-5f9ba730ac61,c5,c3,1020,?,x2,
1768857075.939558,FORWARDED,2294ed59-ec7f-49a9-9b1c-8bfba624cdc4,d271cd25-5a28-4581-b1d9-5f9ba730ac61,c5,c3,1020,?,x2,
1768857076.0465813,RECEIVED,f609e498-486f-42f5-9295-5efcebc54492,e8ba995e-aad7-4d3e-9ee6-52a082f8d4f2,c2,c1,1467,e3,?,
1768857076.149907,RECEIVED,a66556c2-9dcb-40dc-8d27-f88a7acd7d26,ee283e1a-66cb-4502-8df8-b077de8d01a5,c5,c4,1588,e11,?,
1768857076.353717,SENT,a66556c2-9dcb-40dc-8d27-f88a7acd7d26,ee283e1a-66cb-4502-8df8-b077de8d01a5,c5,c4,1117,?,x9,
1768857076.3537595,FORWARDED,a66556c2-9dcb-40dc-8d27-f88a7acd7d26,ee283e1a-66cb-4502-8df8-b077de8d01a5,c5,c4,1117,?,x9,
1768857076.373785,RECEIVED,1ed10b3e-922e-4e38-8653-ccacd0cfb945,56607ebc-d48e-4885-b888-aa9119938483,c3,c5,1455,e2,?,
1768857076.4926116,SENT,f609e498-486f-42f5-9295-5efcebc54492,e8ba995e-aad7-4d3e-9ee6-52a082f8d4f2,c2,c1,1027,?,x3,
1768857076.4926531,FORWARDED,f609e498-486f-42f5-9295-5efcebc54492,e8ba995e-aad7-4d3e-9ee6-52a082f8d4f2,c2,c1,1027,?,x3,
1768857076.5246928,RECEIVED,3da5f243-b329-481d-a510-0bf7a662ad45,79616199-c948-4722-a179-8cdd957f568c,c4,c5,1464,e8,?,
1768857076.5666242,RECEIVED,692046e6-bafe-40ba-8067-fd045c28bc83,aafd460a-8ca5-46e7-bfe7-651193c8aec4,c5,c3,1585,e6,?,
1768857076.584326,RECEIVED,b4800619-d64e-4895-98ea-fc46e214bc8b,377be05d-7338-47cb-82c2-f8894de36580,c2,c1,1461,e6,?,
1768857076.6593926,SENT,b4800619-d64e-4895-98ea-fc46e214bc8b,377be05d-7338-47cb-82c2-f8894de36580,c2,c1,1023,?,x10,
1768857076.6595592,FORWARDED,b4800619-d64e-4895-98ea-fc46e214bc8b,377be05d-7338-47cb-82c2-f8894de36580,c2,c1,1023,?,x10,
1768857076.8624272,SENT,692046e6-bafe-40ba-8067-fd045c28bc83,aafd460a-8ca5-46e7-bfe7-651193c8aec4,c5,c3,1115,?,x12,
1768857076.862467,FORWARDED,692046e6-bafe-40ba-8067-fd045c28bc83,aafd460a-8ca5-46e7-bfe7-651193c8aec4,c5,c3,1115,?,x12,
1768857077.04123,RECEIVED,3752a5a1-aac0-446d-b4a2-0afc6f37c93b,3c188fc8-603c-4672-82a1-6ddde35b070f,c1,c5,1463,e12,?,
1768857077.1892838,RECEIVED,efabbd1a-9e84-477c-bf6a-efea2d7b43d8,227f29e1-e371-4e4d-8a6f-0f2d28ac40fd,c1,c2,1585,e5,?,
1768857077.2661133,SENT,efabbd1a-9e84-477c-bf6a-efea2d7b43d8,227f29e1-e371-4e4d-8a6f-0f2d28ac40fd,c1,c2,1116,?,x2,
1768857077.2661686,FORWARDED,efabbd1a-9e84-477c-bf6a-efea2d7b43d8,227f29e1-e371-4e4d-8a6f-0f2d28ac40fd,c1,c2,1116,?,x2,
1768857077.2768385,SENT,1ed10b3e-922e-4e38-8653-ccacd0cfb945,56607ebc-d48e-4885-b888-aa9119938483,c3,c5,1020,?,x2,
1768857077.276883,FORWARDED,1ed10b3e-922e-4e38-8653-ccacd0cfb945,56607ebc-d48e-4885-b888-aa9119938483,c3,c5,1020,?,x2,
1768857077.4044979,RECEIVED,2f6d658c-1c36-47ca-94fa-9d113bb755ab,6aafc661-113b-47b7-9331-e30fd76b106a,c5,c3,1440,e1,?,
1768857077.4595208,SENT,3da5f243-b329-481d-a510-0bf7a662ad45,79616199-c948-4722-a179-8cdd957f568c,c4,c5,1024,?,x11,
1768857077.4595625,FORWARDED,3da5f243-b329-481d-a510-0bf7a662ad45,79616199-c948-4722-a179-8cdd957f568c,c4,c5,1024,?,x11,
1768857077.6183558,SENT,2f6d658c-1c36-47ca-94fa-9d113bb755ab,6aafc661-113b-47b7-9331-e30fd76b106a,c5,c3,1007,?,x8,
1768857077.618404,FORWARDED,2f6d658c-1c36-47ca-94fa-9d113bb755ab,6aafc661-113b-47b7-9331-e30fd76b106a,c5,c3,1007,?,x8,
1768857077.6441364,RECEIVED,38fc78ad-87d2-47c9-871f-546b139377af,d15ff9db-b7f6-44e0-9778-2ead71926c8d,c5,c4,1584,e12,?,
1768857077.7085984,RECEIVED,094f171e-d1d1-44a1-aa47-f2075993f59e,33cb91d0-c28a-4b44-b654-30c0bcb0e823,c5,c1,1585,e8,?,
1768857077.7845917,SENT,094f171e-d1d1-44a1-aa47-f2075993f59e,33cb91d0-c28a-4b44-b654-30c0bcb0e823,c5,c1,1115,?,x10,
1768857077.7846384,FORWARDED,094f171e-d1d1-44a1-aa47-f2075993f59e,33cb91d0-c28a-4b44-b654-30c0bcb0e823,c5,c1,1115,?,x10,
1768857078.0085566,SENT,38fc78ad-87d2-47c9-871f-546b139377af,d15ff9db-b7f6-44e0-9778-2ead71926c8d,c5,c4,1116,?,x7,
1768857078.008599,FORWARDED,38fc78ad-87d2-47c9-871f-546b139377af,d15ff9db-b7f6-44e0-9778-2ead71926c8d,c5,c4,1116,?,x7,
1768857078.3984737,RECEIVED,1cc7bdf3-59e6-4b6f-a0dc-6fef0154d728,0eda2d45-1812-4773-8bb3-f67f41c63fc2,c1,c5,1443,e11,?,
1768857078.6106265,SENT,3752a5a1-aac0-446d-b4a2-0afc6f37c93b,3c188fc8-603c-4672-82a1-6ddde35b070f,c1,c5,1024,?,x9,
1768857078.6106682,FORWARDED,3752a5a1-aac0-446d-b4a2-0afc6f37c93b,3c188fc8-603c-4672-82a1-6ddde35b070f,c1,c5,1024,?,x9,
1768857078.6573842,SENT,1cc7bdf3-59e6-4b6f-a0dc-6fef0154d728,0eda2d45-1812-4773-8bb3-f67f41c63fc2,c1,c5,1011,?,x9,
1768857078.6574254,FORWARDED,1cc7bdf3-59e6-4b6f-a0dc-6fef0154d728,0eda2d45-1812-4773-8bb3-f67f41c63fc2,c1,c5,1011,?,x9,
1768857078.8087277,RECEIVED,7a97b305-1180-41e3-a19b-b4d12071e315,ddee0711-c063-4607-95b4-ea2a521bd262,c4,c5,1455,e12,?,
1768857078.882835,SENT,7a97b305-1180-41e3-a19b-b4d12071e315,ddee0711-c063-4607-95b4-ea2a521bd262,c4,c5,1020,?,x9,
1768857078.8828766,FORWARDED,7a97b305-1180-41e3-a19b-b4d12071e315,ddee0711-c063-4607-95b4-ea2a521bd262,c4,c5,1020,?,x9,
1768857079.0926018,RECEIVED,50937e2c-1487-4907-896f-00e088850dd6,caf0ae42-c7f8-44a4-a131-079ae2626412,c2,c1,1459,e12,?,
1768857079.2233248,RECEIVED,d55fc7c6-6a9c-4f87-94f4-d3f86075a312,315122c2-2da6-45de-bce7-3d2cb7e3fe4e,c3,c5,1458,e8,?,
1768857079.261672,RECEIVED,6b0341de-5f29-482d-acfb-c8977f57def6,82168cde-17c8-440a-a4c1-8979b06880ac,c1,c5,1447,e4,?,
1768857079.2971745,SENT,d55fc7c6-6a9c-4f87-94f4-d3f86075a312,315122c2-2da6-45de-bce7-3d2cb7e3fe4e,c3,c5,1019,?,x12,
1768857079.2972217,FORWARDED,d55fc7c6-6a9c-4f87-94f4-d3f86075a312,315122c2-2da6-45de-bce7-3d2cb7e3fe4e,c3,c5,1019,?,x12,
1768857079.5112736,RECEIVED,3fea876e-3efc-4119-bd61-47746bc9922f,fdb85596-dcca-4515-9de0-2a091bbeaf52,c1,c5,1443,e3,?,
1768857079.6717255,SENT,6b0341de-5f29-482d-acfb-c8977f57def6,82168cde-17c8-440a-a4c1-8979b06880ac,c1,c5,1012,?,x7,
1768857079.6717672,FORWARDED,6b0341de-5f29-482d-acfb-c8977f57def6,82168cde-17c8-440a-a4c1-8979b06880ac,c1,c5,1012,?,x7,
1768857079.7756023,SENT,3fea876e-3efc-4119-bd61-47746bc9922f,fdb85596-dcca-4515-9de0-2a091bbeaf52,c1,c5,1011,?,x6,
1768857079.7756433,FORWARDED,3fea876e-3efc-4119-bd61-47746bc9922f,fdb85596-dcca-4515-9de0-2a091bbeaf52,c1,c5,1011,?,x6,
1768857079.7788243,RECEIVED,34bc9699-8c8e-4571-9db1-98e45f78cb70,0a59cd55-f2ae-45e8-99cc-3f4b8e70b54e,c4,c5,1459,e4,?,
1768857080.1702206,RECEIVED,7804ee47-26b9-43ae-9e2e-7f77c7868acb,84bc0486-19bf-4fe9-b002-2a5cf957c783,c3,c5,1587,e2,?,
1768857080.2826002,SENT,50937e2c-1487-4907-896f-00e088850dd6,caf0ae42-c7f8-44a4-a131-079ae2626412,c2,c1,1023,?,x10,
1768857080.2826426,FORWARDED,50937e2c-1487-4907-896f-00e088850dd6,caf0ae42-c7f8-44a4-a131-079ae2626412,c2,c1,1023,?,x10,
1768857080.2923634,SENT,34bc9699-8c8e-4571-9db1-98e45f78cb70,0a59cd55-f2ae-45e8-99cc-3f4b8e70b54e,c4,c5,1023,?,x5,
1768857080.2924047,FORWARDED,34bc9699-8c8e-4571-9db1-98e45f78cb70,0a59cd55-f2ae-45e8-99cc-3f4b8e70b54e,c4,c5,1023,?,x5,
1768857080.6086524,RECEIVED,a43660c0-8ae9-457d-a81c-ce6c7f9a8736,95f66f4e-6254-4faf-8084-8541a4fda804,c5,c1,1583,e2,?,
1768857080.7286382,RECEIVED,c5acde73-073e-43f2-8963-e1ad7091661f,48a477c5-63e5-4b96-be87-7ff40bc6c011,c3,c5,1452,e8,?,
1768857080.7940655,SENT,c5acde73-073e-43f2-8963-e1ad7091661f,48a477c5-63e5-4b96-be87-7ff40bc6c011,c3,c5,1015,?,x2,
1768857080.7941096,FORWARDED,c5acde73-073e-43f2-8963-e1ad7091661f,48a477c5-63e5-4b96-be87-7ff40bc6c011,c3,c5,1015,?,x2,
1768857080.89178,RECEIVED,93e0ce9d-6700-4de8-94c5-27e3043f3ff9,2f28babf-a692-4e64-b9b6-869cb763a856,c4,c5,1461,e8,?,
1768857080.9373024,SENT,7804ee47-26b9-43ae-9e2e-7f77c7868acb,84bc0486-19bf-4fe9-b002-2a5cf957c783,c3,c5,1117,?,x2,
1768857080.9373536,FORWARDED,7804ee47-26b9-43ae-9e2e-7f77c7868acb,84bc0486-19bf-4fe9-b002-2a5cf957c783,c3,c5,1117,?,x2,
1768857080.945951,RECEIVED,0a65805a-89fc-45ea-a86b-8a256900406d,6c11be18-8da8-429a-9664-fdcd27dd7bcf,c5,c4,1585,e11,?,
1768857081.092763,RECEIVED,2ac7b2b2-c527-4b44-990b-2867d26801f4,cdb2f229-ff9e-47df-89fc-f65af3ef5e47,c5,DROP,1021,e4,?,
1768857081.1207705,SENT,93e0ce9d-6700-4de8-94c5-27e3043f3ff9,2f28babf-a692-4e64-b9b6-869cb763a856,c4,c5,1021,?,x11,
1768857081.1208134,FORWARDED,93e0ce9d-6700-4de8-94c5-27e3043f3ff9,2f28babf-a692-4e64-b9b6-869cb763a856,c4,c5,1021,?,x11,
1768857081.139768,RECEIVED,9a14f228-8edc-4c02-b1a8-4e4270950b8c,cdbc461d-cd5f-4833-8704-894ff7b131bb,c2,c1,1463,e3,?,
1768857081.2332282,SENT,0a65805a-89fc-45ea-a86b-8a256900406d,6c11be18-8da8-429a-9664-fdcd27dd7bcf,c5,c4,1115,?,x11,
1768857081.2332695,FORWARDED,0a65805a-89fc-45ea-a86b-8a256900406d,6c11be18-8da8-429a-9664-fdcd27dd7bcf,c5,c4,1115,?,x11,
1768857081.3017406,RECEIVED,4e342f00-cf03-4158-91c1-27bf44b3e086,a29c996d-98fb-4f42-af9b-72e51400e57a,c1,c5,1460,e8,?,
1768857081.305847,SENT,2ac7b2b2-c527-4b44-990b-2867d26801f4,cdb2f229-ff9e-47df-89fc-f65af3ef5e47,c5,DROP,692,?,x10,
1768857081.3058887,FORWARDED,2ac7b2b2-c527-4b44-990b-2867d26801f4,cdb2f229-ff9e-47df-89fc-f65af3ef5e47,c5,DROP,692,?,x10,
1768857081.3866644,SENT,4e342f00-cf03-4158-91c1-27bf44b3e086,a29c996d-98fb-4f42-af9b-72e51400e57a,c1,c5,1022,?,x9,
1768857081.3867118,FORWARDED,4e342f00-cf03-4158-91c1-27bf44b3e086,a29c996d-98fb-4f42-af9b-72e51400e57a,c1,c5,1022,?,x9,
1768857081.402642,SENT,a43660c0-8ae9-457d-a81c-ce6c7f9a8736,95f66f4e-6254-4faf-8084-8541a4fda804,c5,c1,1115,?,x8,
1768857081.402684,FORWARDED,a43660c0-8ae9-457d-a81c-ce6c7f9a8736,95f66f4e-6254-4faf-8084-8541a4fda804,c5,c1,1115,?,x8,
1768857081.9125793,RECEIVED,4ae36d3b-8d73-4be5-b84b-f762b57a151f,827365d2-69e6-448a-883b-80df87754431,c5,c3,1583,e2,?,
1768857081.9627037,SENT,9a14f228-8edc-4c02-b1a8-4e4270950b8c,cdbc461d-cd5f-4833-8704-894ff7b131bb,c2,c1,1024,?,x5,
1768857081.9627469,FORWARDED,9a14f228-8edc-4c02-b1a8-4e4270950b8c,cdbc461d-cd5f-4833-8704-894ff7b131bb,c2,c1,1024,?,x5,
1768857082.02301,RECEIVED,3c175551-696d-45bb-96a7-d691e96e34f0,a266c0f3-d076-4175-a94a-c45491733053,c1,c2,1583,e2,?,
1768857082.061364,RECEIVED,58815b0c-166d-4ff4-ae72-798b642e01b8,52dc522b-32d5-4d5c-ae8e-60db6994df33,c5,c3,1584,e7,?,
1768857082.0896845,SENT,58815b0c-166d-4ff4-ae72-798b642e01b8,52dc522b-32d5-4d5c-ae8e-60db6994df33,c5,c3,1115,?,x9,
1768857082.0897257,FORWARDED,58815b0c-166d-4ff4-ae72-798b642e01b8,52dc522b-32d5-4d5c-ae8e-60db6994df33,c5,c3,1115,?,x9,
1768857082.110982,RECEIVED,b43acd4c-dc89-4c48-b01e-95be3505965e,37a250d0-1820-444d-8fb2-2115a7158cda,c3,c5,1584,e6,?,
1768857082.1494942,RECEIVED,932c0047-1566-4b9b-a4d5-0f6a04744420,52bcba2e-c063-4ae8-b03c-196e998390b0,c5,DROP,441,x1,?,
1768857082.2093868,SENT,b43acd4c-dc89-4c48-b01e-95be3505965e,37a250d0-1820-444d-8fb2-2115a7158cda,c3,c5,1115,?,x4,
1768857082.2094274,FORWARDED,b43acd4c-dc89-4c48-b01e-95be3505965e,37a250d0-1820-444d-8fb2-2115a7158cda,c3,c5,1115,?,x4,
1768857082.3872657,RECEIVED,e326a0f0-cf2e-410a-9528-0a786d41aabf,d92d2ab9-e906-40ef-ac4c-7814d53ace1a,c1,c5,1450,e3,?,
1768857082.4156427,RECEIVED,d74c326b-a126-40b0-b150-10ed1101457a,3ac260b9-39f7-4aef-9e04-14c823a63204,c5,c3,1457,e4,?,
1768857082.510893,SENT,d74c326b-a126-40b0-b150-10ed1101457a,3ac260b9-39f7-4aef-9e04-14c823a63204,c5,c3,1019,?,x8,
1768857082.510936,FORWARDED,d74c326b-a126-40b0-b150-10ed1101457a,3ac260b9-39f7-4aef-9e04-14c823a63204,c5,c3,1019,?,x8,
1768857082.5440843,SENT,4ae36d3b-8d73-4be5-b84b-f762b57a151f,827365d2-69e6-448a-883b-80df87754431,c5,c3,1115,?,x5,
1768857082.5441287,FORWARDED,4ae36d3b-8d73-4be5-b84b-f762b57a151f,827365d2-69e6-448a-883b-80df87754431,c5,c3,1115,?,x5,
1768857083.2572525,SENT,e326a0f0-cf2e-410a-9528-0a786d41aabf,d92d2ab9-e906-40ef-ac4c-7814d53ace1a,c1,c5,1015,?,x3,
1768857083.257295,FORWARDED,e326a0f0-cf2e-410a-9528-0a786d41aabf,d92d2ab9-e906-40ef-ac4c-7814d53ace1a,c1,c5,1015,?,x3,
1768857083.3684797,RECEIVED,d8e53656-347f-4bd6-af13-cb81dffbc6cc,c33ad3af-ffd1-45d8-a52b-a40b5d3e2f0b,c2,c1,1456,e10,?,
1768857083.4805536,SENT,d8e53656-347f-4bd6-af13-cb81dffbc6cc,c33ad3af-ffd1-45d8-a52b-a40b5d3e2f0b,c2,c1,1020,?,x1,
1768857083.4806027,FORWARDED,d8e53656-347f-4bd6-af13-cb81dffbc6cc,c33ad3af-ffd1-45d8-a52b-a40b5d3e2f0b,c2,c1,1020,?,x1,
1768857083.498527,SENT,3c175551-696d-45bb-96a7-d691e96e34f0,a266c0f3-d076-4175-a94a-c45491733053,c1,c2,1115,?,x4,
1768857083.498569,FORWARDED,3c175551-696d-45bb-96a7-d691e96e34f0,a266c0f3-d076-4175-a94a-c45491733053,c1,c2,1115,?,x4,
1768857084.0127485,RECEIVED,5ba1622a-69e2-4e7a-9bd5-577d23bd1d92,035509f7-37b8-4592-afd6-c26ff2dcc224,c4,c5,1457,e8,?,
1768857084.0651271,SENT,5ba1622a-69e2-4e7a-9bd5-577d23bd1d92,035509f7-37b8-4592-afd6-c26ff2dcc224,c4,c5,1020,?,x10,
1768857084.0651762,FORWARDED,5ba1622a-69e2-4e7a-9bd5-577d23bd1d92,035509f7-37b8-4592-afd6-c26ff2dcc224,c4,c5,1020,?,x10,
1768857084.3700256,RECEIVED,64d78477-33e2-4132-bd8d-07c4dcd7484f,10022be3-64e7-48e7-8840-24e3f19a6f0f,c5,c3,1463,e7,?,
1768857084.6935759,RECEIVED,7a41cf91-1ebe-4b4b-8228-ef9f3a7fbbec,09ed5b05-3648-4280-b4f6-b0ed770fa5a7,c4,c5,1460,e1,?,
1768857084.7331195,SENT,64d78477-33e2-4132-bd8d-07c4dcd7484f,10022be3-64e7-48e7-8840-24e3f19a6f0f,c5,c3,1024,?,x8,
1768857084.7331638,FORWARDED,64d78477-33e2-4132-bd8d-07c4dcd7484f,10022be3-64e7-48e7-8840-24e3f19a6f0f,c5,c3,1024,?,x8,
1768857084.7587876,RECEIVED,7e29ba32-1e58-45bc-bc86-e2a1ff1b0579,fdcbcb6d-92c5-4731-aa2f-2e84cf732cfd,c5,c4,1568,e5,?,
1768857084.8636422,SENT,7e29ba32-1e58-45bc-bc86-e2a1ff1b0579,fdcbcb6d-92c5-4731-aa2f-2e84cf732cfd,c5,c4,1104,?,x5,
1768857084.863691,FORWARDED,7e29ba32-1e58-45bc-bc86-e2a1ff1b0579,fdcbcb6d-92c5-4731-aa2f-2e84cf732cfd,c5,c4,1104,?,x5,
1768857084.9530284,SENT,7a41cf91-1ebe-4b4b-8228-ef9f3a7fbbec,09ed5b05-3648-4280-b4f6-b0ed770fa5a7,c4,c5,1023,?,x6,
1768857084.9530842,FORWARDED,7a41cf91-1ebe-4b4b-8228-ef9f3a7fbbec,09ed5b05-3648-4280-b4f6-b0ed770fa5a7,c4,c5,1023,?,x6,
1768857085.1578348,RECEIVED,c8209f2b-d127-4ef2-9793-cd774925e450,06dc8186-f66a-4973-ba01-d9f00f5f9f4f,c5,c3,1456,e2,?,
1768857085.4001327,RECEIVED,c0506680-c350-4477-9d73-643916a54bd2,a67deab9-84a7-47c3-b5cd-30c09676bfce,c5,c3,1584,e4,?,
1768857085.415874,RECEIVED,56b1b622-2d92-4947-a58e-126030b6de2e,379a83b7-4a96-4b54-a168-129b58a50b0e,c3,c5,1584,e6,?,
1768857085.5556617,SENT,c8209f2b-d127-4ef2-9793-cd774925e450,06dc8186-f66a-4973-ba01-d9f00f5f9f4f,c5,c3,1019,?,x12,
1768857085.555704,FORWARDED,c8209f2b-d127-4ef2-9793-cd774925e450,06dc8186-f66a-4973-ba01-d9f00f5f9f4f,c5,c3,1019,?,x12,
1768857085.63162,RECEIVED,568a7abe-b281-4524-af31-876fa8314741,e63d0a60-6920-4b7f-9188-22c686f0d083,c3,c5,1453,e2,?,
1768857085.7495365,RECEIVED,4bdcb356-94e9-4377-890e-66fa57e2d5b9,603246d5-b121-49fe-8095-2f6d2840e70f,c5,c3,1585,e11,?,
1768857085.7673361,SENT,4bdcb356-94e9-4377-890e-66fa57e2d5b9,603246d5-b121-49fe-8095-2f6d2840e70f,c5,c3,1115,?,x3,
1768857085.7673767,FORWARDED,4bdcb356-94e9-4377-890e-66fa57e2d5b9,603246d5-b121-49fe-8095-2f6d2840e70f,c5,c3,1115,?,x3,
1768857085.8672068,SENT,568a7abe-b281-4524-af31-876fa8314741,e63d0a60-6920-4b7f-9188-22c686f0d083,c3,c5,1015,?,x12,
1768857085.8672748,FORWARDED,568a7abe-b281-4524-af31-876fa8314741,e63d0a60-6920-4b7f-9188-22c686f0d083,c3,c5,1015,?,x12,
1768857085.9543834,SENT,56b1b622-2d92-4947-a58e-126030b6de2e,379a83b7-4a96-4b54-a168-129b58a50b0e,c3,c5,1115,?,x11,
1768857085.954437,FORWARDED,56b1b622-2d92-4947-a58e-126030b6de2e,379a83b7-4a96-4b54-a168-129b58a50b0e,c3,c5,1115,?,x11,
1768857086.6545432,SENT,c0506680-c350-4477-9d73-643916a54bd2,a67deab9-84a7-47c3-b5cd-30c09676bfce,c5,c3,1116,?,x11,
1768857086.6545842,FORWARDED,c0506680-c350-4477-9d73-643916a54bd2,a67deab9-84a7-47c3-b5cd-30c09676bfce,c5,c3,1116,?,x11,
1768857086.9328806,RECEIVED,def0a9ec-ba3d-4d51-8be6-e88ccaae4552,b262bb53-8fb3-439e-9ce2-13b26db7ddf8,c4,DROP,1016,e6,?,
1768857087.2178156,SENT,def0a9ec-ba3d-4d51-8be6-e88ccaae4552,b262bb53-8fb3-439e-9ce2-13b26db7ddf8,c4,DROP,688,?,x3,
1768857087.2178586,FORWARDED,def0a9ec-ba3d-4d51-8be6-e88ccaae4552,b262bb53-8fb3-439e-9ce2-13b26db7ddf8,c4,DROP,688,?,x3,
1768857087.2515252,RECEIVED,7e9cc462-3993-40f4-a54d-80db14177141,08ad165d-486a-4d73-94a0-37c04f7825d0,c5,c3,1464,e12,?,
1768857087.3519332,RECEIVED,700a0e26-feb5-4153-b63b-c6b0a80446b2,2f73e3dd-288e-4c40-9caf-2fe4cc4fbdab,c5,c3,1568,e2,?,
1768857087.358198,RECEIVED,84b8c39b-d948-47ba-9a57-0bce33524505,9b4b135e-97fa-4580-b762-c9c99d8c4887,c3,c5,1452,e10,?,
1768857087.399445,SENT,84b8c39b-d948-47ba-9a57-0bce33524505,9b4b135e-97fa-4580-b762-c9c99d8c4887,c3,c5,1016,?,x8,
1768857087.3994853,FORWARDED,84b8c39b-d948-47ba-9a57-0bce33524505,9b4b135e-97fa-4580-b762-c9c99d8c4887,c3,c5,1016,?,x8,
1768857087.4030008,RECEIVED,7ec4f000-e417-4b5e-b699-4c6db10befa7,ea8d3235-c7e3-4f3f-8586-0f0b4f2a54f3,c3,c5,1584,e2,?,
1768857087.5502446,SENT,7e9cc462-3993-40f4-a54d-80db14177141,08ad165d-486a-4d73-94a0-37c04f7825d0,c5,c3,1024,?,x4,
1768857087.5502858,FORWARDED,7e9cc462-3993-40f4-a54d-80db14177141,08ad165d-486a-4d73-94a0-37c04f7825d0,c5,c3,1024,?,x4,
1768857087.5936513,SENT,700a0e26-feb5-4153-b63b-c6b0a80446b2,2f73e3dd-288e-4c40-9caf-2fe4cc4fbdab,c5,c3,1103,?,x4,
1768857087.593693,FORWARDED,700a0e26-feb5-4153-b63b-c6b0a80446b2,2f73e3dd-288e-4c40-9caf-2fe4cc4fbdab,c5,c3,1103,?,x4,
1768857087.7524288,RECEIVED,86abce52-50a0-4791-be8c-d4a77104fd81,863bfcbc-8cc1-4cb9-83eb-d59af4473214,c2,c1,1455,e8,?,
1768857087.7526715,RECEIVED,9f188ca8-62bb-432e-be2b-f41a5ece6d1c,2de4b396-dd4b-4812-8fa0-cb1cae0a6662,c5,c3,1456,e6,?,
1768857087.8476827,RECEIVED,e863b8d7-05c8-40c1-a655-7d1e39320ef0,77e2bc74-8aac-435e-87cd-09e9f4da9295,c4,c5,1453,e4,?,
1768857087.8894155,RECEIVED,04c75a59-2861-412a-9af8-54c43ed3d7f2,151c4c70-8586-433e-8644-d9bdb54cf76e,c5,c4,1584,e3,?,
1768857087.8957117,SENT,e863b8d7-05c8-40c1-a655-7d1e39320ef0,77e2bc74-8aac-435e-87cd-09e9f4da9295,c4,c5,1015,?,x8,
1768857087.895753,FORWARDED,e863b8d7-05c8-40c1-a655-7d1e39320ef0,77e2bc74-8aac-435e-87cd-09e9f4da9295,c4,c5,1015,?,x8,
1768857087.998642,SENT,86abce52-50a0-4791-be8c-d4a77104fd81,863bfcbc-8cc1-4cb9-83eb-d59af4473214,c2,c1,1019,?,x3,
1768857087.9986823,FORWARDED,86abce52-50a0-4791-be8c-d4a77104fd81,863bfcbc-8cc1-4cb9-83eb-d59af4473214,c2,c1,1019,?,x3,
1768857088.1870024,SENT,04c75a59-2861-412a-9af8-54c43ed3d7f2,151c4c70-8586-433e-8644-d9bdb54cf76e,c5,c4,1116,?,x7,
1768857088.1870432,FORWARDED,04c75a59-2861-412a-9af8-54c43ed3d7f2,151c4c70-8586-433e-8644-d9bdb54cf76e,c5,c4,1116,?,x7,
1768857088.6097615,SENT,7ec4f000-e417-4b5e-b699-4c6db10befa7,ea8d3235-c7e3-4f3f-8586-0f0b4f2a54f3,c3,c5,1116,?,x11,
1768857088.6098025,FORWARDED,7ec4f000-e417-4b5e-b699-4c6db10befa7,ea8d3235-c7e3-4f3f-8586-0f0b4f2a54f3,c3,c5,1116,?,x11,
1768857088.669698,RECEIVED,8c365680-6e36-47d8-be8b-c5520f863deb,22c7185a-da61-409f-b447-07de2c0dbf03,c5,c1,1568,e7,?,
1768857089.1796906,SENT,9f188ca8-62bb-432e-be2b-f41a5ece6d1c,2de4b396-dd4b-4812-8fa0-cb1cae0a6662,c5,c3,1019,?,x12,
1768857089.1797323,FORWARDED,9f188ca8-62bb-432e-be2b-f41a5ece6d1c,2de4b396-dd4b-4812-8fa0-cb1cae0a6662,c5,c3,1019,?,x12,
1768857089.1940093,SENT,8c365680-6e36-47d8-be8b-c5520f863deb,22c7185a-da61-409f-b447-07de2c0dbf03,c5,c1,1103,?,x10,
1768857089.19409,FORWARDED,8c365680-6e36-47d8-be8b-c5520f863deb,22c7185a-da61-409f-b447-07de2c0dbf03,c5,c1,1103,?,x10,
1768857089.2831488,RECEIVED,049a7621-f0c3-4581-b31b-826dbe0a6d48,44509ac0-7720-4c8b-b4b0-cc6314e55300,c1,c5,1451,e1,?,
1768857089.6548882,RECEIVED,5e329dee-1970-4e6f-8172-12052ae6ca3e,35db5dd2-b1a3-43ca-976e-a3bb23a5b06d,c2,c1,1455,e1,?,
1768857089.7519443,SENT,5e329dee-1970-4e6f-8172-12052ae6ca3e,35db5dd2-b1a3-43ca-976e-a3bb23a5b06d,c2,c1,1020,?,x9,
1768857089.751993,FORWARDED,5e329dee-1970-4e6f-8172-12052ae6ca3e,35db5dd2-b1a3-43ca-976e-a3bb23a5b06d,c2,c1,1020,?,x9,
1768857089.8342185,SENT,049a7621-f0c3-4581-b31b-826dbe0a6d48,44509ac0-7720-4c8b-b4b0-cc6314e55300,c1,c5,1016,?,x7,
1768857089.8342633,FORWARDED,049a7621-f0c3-4581-b31b-826dbe0a6d48,44509ac0-7720-4c8b-b4b0-cc6314e55300,c1,c5,1016,?,x7,
1768857089.84918,RECEIVED,d2ff2ad5-8340-46e2-9e57-07f195c7f14b,56010a4b-df03-40e4-a387-a0b675834ee5,c3,c5,1460,e1,?,
1768857089.8896735,RECEIVED,deb73b34-d438-44ab-af5f-84451b37197d,ac42f382-6439-4af4-be41-3dd777c7edcc,c5,DROP,1007,e11,?,
1768857089.9932368,RECEIVED,59ef665e-eacb-47dc-9a97-784185603376,594510cb-6069-490e-ad02-e9aa6be0b52a,c5,c3,1583,e1,?,
1768857090.2151742,SENT,d2ff2ad5-8340-46e2-9e57-07f195c7f14b,56010a4b-df03-40e4-a387-a0b675834ee5,c3,c5,1023,?,x12,
1768857090.2152162,FORWARDED,d2ff2ad5-8340-46e2-9e57-07f195c7f14b,56010a4b-df03-40e4-a387-a0b675834ee5,c3,c5,1023,?,x12,
1768857090.3838258,SENT,deb73b34-d438-44ab-af5f-84451b37197d,ac42f382-6439-4af4-be41-3dd777c7edcc,c5,DROP,684,?,x6,
1768857090.3838687,FORWARDED,deb73b34-d438-44ab-af5f-84451b37197d,ac42f382-6439-4af4-be41-3dd777c7edcc,c5,DROP,684,?,x6,
1768857090.651296,RECEIVED,5eaa5a1a-815c-4cb6-bc69-b6d4dbfff165,ae6b5671-4412-4538-a3f0-ad2688b6cd66,c3,DROP,442,x7,?,
1768857090.7125285,RECEIVED,35fc7199-a069-429c-a55b-8027e9374df3,ae06aa30-4110-4105-a06f-9a96a8ccdc5f,c1,c5,1456,e11,?,
1768857091.0604498,SENT,35fc7199-a069-429c-a55b-8027e9374df3,ae06aa30-4110-4105-a06f-9a96a8ccdc5f,c1,c5,1020,?,x11,
1768857091.0604928,FORWARDED,35fc7199-a069-429c-a55b-8027e9374df3,ae06aa30-4110-4105-a06f-9a96a8ccdc5f,c1,c5,1020,?,x11,
1768857091.0630097,RECEIVED,fdd63796-d682-436a-8fef-a566161bd720,217b026e-1bdb-4abf-89b6-1a969c39c511,c1,c5,1463,e10,?,
1768857091.110304,RECEIVED,40d4d3a6-4794-4f34-a650-41165aecbf04,babe7115-eb1d-4b6b-a7f0-5daa073fa531,c3,c5,1459,e8,?,
1768857091.3629794,RECEIVED,d531a6e8-22a4-4c9f-bf40-b80f5ff59dd1,52aa3d21-8dc0-47e7-88c3-92f32f228666,c4,c5,1463,e7,?,
1768857091.4425876,RECEIVED,02a45b83-94b0-43d9-942e-ba2972275316,46f1ffd7-3583-4df5-9d35-b1d8135971ca,c5,c3,1584,e6,?,
1768857091.5854547,SENT,02a45b83-94b0-43d9-942e-ba2972275316,46f1ffd7-3583-4df5-9d35-b1d8135971ca,c5,c3,1116,?,x2,
1768857091.5854924,FORWARDED,02a45b83-94b0-43d9-942e-ba2972275316,46f1ffd7-3583-4df5-9d35-b1d8135971ca,c5,c3,1116,?,x2,
1768857091.593854,RECEIVED,b14c6c43-57dd-4441-9159-c3bc69164f94,cf0ebb5e-fdd0-485d-a6ee-8e6355ffe3eb,c4,c5,1451,e3,?,
1768857091.703772,SENT,fdd63796-d682-436a-8fef-a566161bd720,217b026e-1bdb-4abf-89b6-1a969c39c511,c1,c5,1024,?,x4,
1768857091.7038112,FORWARDED,fdd63796-d682-436a-8fef-a566161bd720,217b026e-1bdb-4abf-89b6-1a969c39c511,c1,c5,1024,?,x4,
1768857091.7213635,SENT,d531a6e8-22a4-4c9f-bf40-b80f5ff59dd1,52aa3d21-8dc0-47e7-88c3-92f32f228666,c4,c5,1025,?,x1,
1768857091.721405,FORWARDED,d531a6e8-22a4-4c9f-bf40-b80f5ff59dd1,52aa3d21-8dc0-47e7-88c3-92f32f228666,c4,c5,1025,?,x1,
1768857091.8124347,RECEIVED,97c9c756-58a4-4873-b194-948e89b11441,6709047a-d0e7-4871-8609-74e295c7ffd7,c4,c5,1457,e10,?,
1768857091.957893,SENT,97c9c756-58a4-4873-b194-948e89b11441,6709047a-d0e7-4871-8609-74e295c7ffd7,c4,c5,1020,?,x12,
1768857091.9579318,FORWARDED,97c9c756-58a4-4873-b194-948e89b11441,6709047a-d0e7-4871-8609-74e295c7ffd7,c4,c5,1020,?,x12,
1768857091.9884367,RECEIVED,0259720c-3640-4d4a-ab6f-c387a7207637,67ab5e36-20ab-44c0-bc69-915f024dff30,c5,c3,1571,e8,?,
1768857092.3728826,SENT,40d4d3a6-4794-4f34-a650-41165aecbf04,babe7115-eb1d-4b6b-a7f0-5daa073fa531,c3,c5,1023,?,x3,
1768857092.3729265,FORWARDED,40d4d3a6-4794-4f34-a650-41165aecbf04,babe7115-eb1d-4b6b-a7f0-5daa073fa531,c3,c5,1023,?,x3,
1768857092.5023618,SENT,0259720c-3640-4d4a-ab6f-c387a7207637,67ab5e36-20ab-44c0-bc69-915f024dff30,c5,c3,1107,?,x6,
1768857092.5024045,FORWARDED,0259720c-3640-4d4a-ab6f-c387a7207637,67ab5e36-20ab-44c0-bc69-915f024dff30,c5,c3,1107,?,x6,
1768857092.699409,SENT,59ef665e-eacb-47dc-9a97-784185603376,594510cb-6069-490e-ad02-e9aa6be0b52a,c5,c3,1116,?,x7,
1768857092.6994503,FORWARDED,59ef665e-eacb-47dc-9a97-784185603376,594510cb-6069-490e-ad02-e9aa6be0b52a,c5,c3,1116,?,x7,
1768857092.7785635,RECEIVED,83bded3c-5cfd-4b8b-bc0f-edb9358e9e60,cb5cfbb3-42f9-4f2f-9ec7-1ca46c2571fb,c4,c5,1455,e8,?,
1768857092.8455198,SENT,b14c6c43-57dd-4441-9159-c3bc69164f94,cf0ebb5e-fdd0-485d-a6ee-8e6355ffe3eb,c4,c5,1015,?,x2,
1768857092.84556,FORWARDED,b14c6c43-57dd-4441-9159-c3bc69164f94,cf0ebb5e-fdd0-485d-a6ee-8e6355ffe3eb,c4,c5,1015,?,x2,
1768857093.135141,SENT,83bded3c-5cfd-4b8b-bc0f-edb9358e9e60,cb5cfbb3-42f9-4f2f-9ec7-1ca46c2571fb,c4,c5,1019,?,x2,
1768857093.1351845,FORWARDED,83bded3c-5cfd-4b8b-bc0f-edb9358e9e60,cb5cfbb3-42f9-4f2f-9ec7-1ca46c2571fb,c4,c5,1019,?,x2,
1768857093.3132203,RECEIVED,3ea8ea45-0bb0-4f5d-b687-e314a16aa5ee,3b8cd6c8-4be6-4ccf-9432-a740d4785cc6,c5,c1,1588,e3,?,
1768857093.3859766,SENT,3ea8ea45-0bb0-4f5d-b687-e314a16aa5ee,3b8cd6c8-4be6-4ccf-9432-a740d4785cc6,c5,c1,1117,?,x10,
1768857093.386027,FORWARDED,3ea8ea45-0bb0-4f5d-b687-e314a16aa5ee,3b8cd6c8-4be6-4ccf-9432-a740d4785cc6,c5,c1,1117,?,x10,
1768857093.6046443,RECEIVED,c12f793c-3700-4f42-927a-0fa60d7d0313,373b0505-5cfa-434e-a610-aa59daea2fb3,c3,c5,1455,e1,?,
1768857093.6830034,RECEIVED,e3ee5b42-3f41-4ceb-85b2-71083d98d2bb,4fbffb70-3506-4be4-87f2-402be07faf23,c2,c1,1459,e7,?,
1768857093.9270828,RECEIVED,9003f6f6-e477-430b-bdfe-32e94b3a8276,ddac1bc0-f80a-429c-a4e9-41c45e4c8dd3,c1,c5,1455,e11,?,
1768857093.99406,SENT,c12f793c-3700-4f42-927a-0fa60d7d0313,373b0505-5cfa-434e-a610-aa59daea2fb3,c3,c5,1020,?,x6,
1768857093.9941041,FORWARDED,c12f793c-3700-4f42-927a-0fa60d7d0313,373b0505-5cfa-434e-a610-aa59daea2fb3,c3,c5,1020,?,x6,
1768857094.0165596,RECEIVED,5bf03ca0-aee6-4503-806b-5a77e5cdc5ce,47cdee5c-c8be-4699-b8e5-40a4e2f7e315,c5,c3,1451,e4,?,
1768857094.061365,SENT,9003f6f6-e477-430b-bdfe-32e94b3a8276,ddac1bc0-f80a-429c-a4e9-41c45e4c8dd3,c1,c5,1019,?,x1,
1768857094.061416,FORWARDED,9003f6f6-e477-430b-bdfe-32e94b3a8276,ddac1bc0-f80a-429c-a4e9-41c45e4c8dd3,c1,c5,1019,?,x1,
1768857094.3337624,RECEIVED,d50ebb5e-c52d-4a0c-acf0-bafc28aa6e18,1b7d5475-fc7c-42ab-831d-0234344354e3,c5,c4,1587,e5,?,
1768857094.408417,RECEIVED,acdff341-221b-431f-886c-96eb0df4a268,8b821154-1a94-4ecf-b83b-f58cc6d905ef,c5,c3,1459,e2,?,
1768857094.493774,RECEIVED,4539bfa6-fd30-40fe-a404-f4948f810865,759d9e24-cd03-4bb0-8153-78715355933e,c3,c5,1464,e11,?,
1768857094.5237162,SENT,5bf03ca0-aee6-4503-806b-5a77e5cdc5ce,47cdee5c-c8be-4699-b8e5-40a4e2f7e315,c5,c3,1016,?,x3,
1768857094.523756,FORWARDED,5bf03ca0-aee6-4503-806b-5a77e5cdc5ce,47cdee5c-c8be-4699-b8e5-40a4e2f7e315,c5,c3,1016,?,x3,
1768857094.5987084,RECEIVED,b64fd860-6786-4d79-b5b8-86f837046c53,7c632bb3-4b97-43cf-876f-c8b111db34ee,c3,c5,1454,e12,?,
1768857094.6644857,SENT,acdff341-221b-431f-886c-96eb0df4a268,8b821154-1a94-4ecf-b83b-f58cc6d905ef,c5,c3,1023,?,x8,
1768857094.664526,FORWARDED,acdff341-221b-431f-886c-96eb0df4a268,8b821154-1a94-4ecf-b83b-f58cc6d905ef,c5,c3,1023,?,x8,
1768857094.742562,RECEIVED,da0bc006-532f-4b8e-952e-4142f6d56d6f,e17b8a7f-c440-41bf-8af7-f0d4ff4a540b,c1,c5,1460,e1,?,
1768857094.8793292,RECEIVED,f8fbe46c-b08d-40ef-967c-6a1eae2d4ecd,e641070b-2ee1-4b61-bf0c-15e7076b5afb,c1,c5,1461,e7,?,
1768857094.8892267,SENT,d50ebb5e-c52d-4a0c-acf0-bafc28aa6e18,1b7d5475-fc7c-42ab-831d-0234344354e3,c5,c4,1117,?,x1,
1768857094.8892665,FORWARDED,d50ebb5e-c52d-4a0c-acf0-bafc28aa6e18,1b7d5475-fc7c-42ab-831d-0234344354e3,c5,c4,1117,?,x1,
1768857095.000503,SENT,f8fbe46c-b08d-40ef-967c-6a1eae2d4ecd,e641070b-2ee1-4b61-bf0c-15e7076b5afb,c1,c5,1023,?,x10,
1768857095.0005486,FORWARDED,f8fbe46c-b08d-40ef-967c-6a1eae2d4ecd,e641070b-2ee1-4b61-bf0c-15e7076b5afb,c1,c5,1023,?,x10,
1768857095.065747,RECEIVED,3c026dec-e48d-42ce-b9b1-ffdb40ddfbed,97fff1ef-4410-4da1-9526-466c004c9ca8,c2,c1,1452,e4,?,
1768857095.0691745,SENT,e3ee5b42-3f41-4ceb-85b2-71083d98d2bb,4fbffb70-3506-4be4-87f2-402be07faf23,c2,c1,1022,?,x2,
1768857095.069215,FORWARDED,e3ee5b42-3f41-4ceb-85b2-71083d98d2bb,4fbffb70-3506-4be4-87f2-402be07faf23,c2,c1,1022,?,x2,
1768857095.0717688,SENT,4539bfa6-fd30-40fe-a404-f4948f810865,759d9e24-cd03-4bb0-8153-78715355933e,c3,c5,1024,?,x11,
1768857095.0718138,FORWARDED,4539bfa6-fd30-40fe-a404-f4948f810865,759d9e24-cd03-4bb0-8153-78715355933e,c3,c5,1024,?,x11,
1768857095.158228,SENT,da0bc006-532f-4b8e-952e-4142f6d56d6f,e17b8a7f-c440-41bf-8af7-f0d4ff4a540b,c1,c5,1023,?,x10,
1768857095.1582701,FORWARDED,da0bc006-532f-4b8e-952e-4142f6d56d6f,e17b8a7f-c440-41bf-8af7-f0d4ff4a540b,c1,c5,1023,?,x10,
1768857095.217922,RECEIVED,ea2d0467-6d6d-42ee-ae63-c084a60a16ef,27bc66a5-70c6-4d6c-8762-93ebabf00d3a,c4,c5,1451,e7,?,
1768857095.2204235,RECEIVED,5f3d88f1-368a-4a0b-9b89-177dcd6d485d,179d01c0-6cc7-4ac9-a3cb-8f48ab700d75,c1,c5,1457,e1,?,
1768857095.261459,SENT,5f3d88f1-368a-4a0b-9b89-177dcd6d485d,179d01c0-6cc7-4ac9-a3cb-8f48ab700d75,c1,c5,1020,?,x4,
1768857095.2615006,FORWARDED,5f3d88f1-368a-4a0b-9b89-177dcd6d485d,179d01c0-6cc7-4ac9-a3cb-8f48ab700d75,c1,c5,1020,?,x4,
1768857095.3535135,SENT,3c026dec-e48d-42ce-b9b1-ffdb40ddfbed,97fff1ef-4410-4da1-9526-466c004c9ca8,c2,c1,1015,?,x11,
1768857095.3535478,FORWARDED,3c026dec-e48d-42ce-b9b1-ffdb40ddfbed,97fff1ef-4410-4da1-9526-466c004c9ca8,c2,c1,1015,?,x11,
1768857095.4022436,RECEIVED,a8cad84b-5f8b-4e57-8457-7e7e1dd35d42,eca0a78e-9f24-4208-a793-65f83e2866bd,c5,c3,1448,e4,?,
1768857095.5685809,SENT,b64fd860-6786-4d79-b5b8-86f837046c53,7c632bb3-4b97-43cf-876f-c8b111db34ee,c3,c5,1020,?,x2,
1768857095.568622,FORWARDED,b64fd860-6786-4d79-b5b8-86f837046c53,7c632bb3-4b97-43cf-876f-c8b111db34ee,c3,c5,1020,?,x2,
1768857095.6836135,SENT,ea2d0467-6d6d-42ee-ae63-c084a60a16ef,27bc66a5-70c6-4d6c-8762-93ebabf00d3a,c4,c5,1016,?,x6,
1768857095.6836545,FORWARDED,ea2d0467-6d6d-42ee-ae63-c084a60a16ef,27bc66a5-70c6-4d6c-8762-93ebabf00d3a,c4,c5,1016,?,x6,
1768857095.69634,SENT,a8cad84b-5f8b-4e57-8457-7e7e1dd35d42,eca0a78e-9f24-4208-a793-65f83e2866bd,c5,c3,1012,?,x5,
1768857095.6963859,FORWARDED,a8cad84b-5f8b-4e57-8457-7e7e1dd35d42,eca0a78e-9f24-4208-a793-65f83e2866bd,c5,c3,1012,?,x5,
1768857095.7007017,RECEIVED,aa745881-9864-418a-a5e1-7ab7834ae8ef,c71f1504-9633-4ada-abdb-a0ef4e59bb4a,c5,c4,1584,e3,?,
1768857095.809972,SENT,aa745881-9864-418a-a5e1-7ab7834ae8ef,c71f1504-9633-4ada-abdb-a0ef4e59bb4a,c5,c4,1116,?,x4,
1768857095.8100114,FORWARDED,aa745881-9864-418a-a5e1-7ab7834ae8ef,c71f1504-9633-4ada-abdb-a0ef4e59bb4a,c5,c4,1116,?,x4,
1768857096.061372,RECEIVED,eb997d89-aa73-4630-b2df-db88ec4e421b,12b8a97c-96fd-4175-8ad9-cd8a79688981,c3,c5,1459,e3,?,
1768857096.1515987,RECEIVED,6c62ec56-d0ad-4791-bad2-3c5cdb455f36,0e90adc5-5f61-48d8-af2c-5a65a722616a,c3,c5,1455,e8,?,
1768857096.1816304,RECEIVED,2243588f-6778-495c-935c-292cde6c398f,3ddfb269-7313-4a8d-9248-12b220eca994,c3,c5,1443,e3,?,
1768857096.2876923,RECEIVED,2f3269ed-b0a1-4911-96a9-90d0816cf32e,03dfd23d-b119-4668-80a4-d504b18f434e,c5,c3,1583,e2,?,
1768857096.300318,RECEIVED,e9c5109a-b1be-4d51-8a23-3db0b2a62af4,0350a0f4-6b35-489f-b41e-ee5689e19c9a,c1,c2,1579,e2,?,
1768857096.4512935,SENT,2243588f-6778-495c-935c-292cde6c398f,3ddfb269-7313-4a8d-9248-12b220eca994,c3,c5,1011,?,x1,
1768857096.4513364,FORWARDED,2243588f-6778-495c-935c-292cde6c398f,3ddfb269-7313-4a8d-9248-12b220eca994,c3,c5,1011,?,x1,
1768857096.5153337,SENT,e9c5109a-b1be-4d51-8a23-3db0b2a62af4,0350a0f4-6b35-489f-b41e-ee5689e19c9a,c1,c2,1111,?,x3,
1768857096.5153782,FORWARDED,e9c5109a-b1be-4d51-8a23-3db0b2a62af4,0350a0f4-6b35-489f-b41e-ee5689e19c9a,c1,c2,1111,?,x3,
1768857096.708823,SENT,6c62ec56-d0ad-4791-bad2-3c5cdb455f36,0e90adc5-5f61-48d8-af2c-5a65a722616a,c3,c5,1020,?,x2,
1768857096.708863,FORWARDED,6c62ec56-d0ad-4791-bad2-3c5cdb455f36,0e90adc5-5f61-48d8-af2c-5a65a722616a,c3,c5,1020,?,x2,
1768857097.0006642,SENT,eb997d89-aa73-4630-b2df-db88ec4e421b,12b8a97c-96fd-4175-8ad9-cd8a79688981,c3,c5,1023,?,x6,
1768857097.0007749,FORWARDED,eb997d89-aa73-4630-b2df-db88ec4e421b,12b8a97c-96fd-4175-8ad9-cd8a79688981,c3,c5,1023,?,x6,
1768857097.2899697,RECEIVED,6f5a22c7-a33d-4ccd-a01e-cac5cbba8974,39d72f3b-1119-437c-8709-f6d7e16d66ce,c1,c5,1467,e3,?,
1768857097.300309,RECEIVED,dd3df270-bd3e-49f6-90bc-faf2fb3855db,b3972f4c-860a-49cf-9c8a-f3c39c87f3b9,c5,c4,1567,e7,?,
1768857097.6455762,RECEIVED,85949815-852a-40e9-a83e-478f2ab0d6af,7bdb2641-0565-4c7d-a3c5-bfe878b18d76,c2,c1,1459,e11,?,
1768857097.6768928,SENT,2f3269ed-b0a1-4911-96a9-90d0816cf32e,03dfd23d-b119-4668-80a4-d504b18f434e,c5,c3,1115,?,x7,
1768857097.6769345,FORWARDED,2f3269ed-b0a1-4911-96a9-90d0816cf32e,03dfd23d-b119-4668-80a4-d504b18f434e,c5,c3,1115,?,x7,
1768857097.7572362,RECEIVED,4000da6e-e9ec-4a93-bbfc-3277c625c5bf,c276116d-5bae-47f8-a24b-e2a32c8bd830,c3,c5,1583,e1,?,
1768857097.7951035,RECEIVED,634869cd-a55d-4889-9f61-bc7920493288,f42a154e-0912-48c2-8fca-0a01f2b744b6,c2,DROP,447,x10,?,
1768857098.000779,SENT,6f5a22c7-a33d-4ccd-a01e-cac5cbba8974,39d72f3b-1119-437c-8709-f6d7e16d66ce,c1,c5,1029,?,x6,
1768857098.0008206,FORWARDED,6f5a22c7-a33d-4ccd-a01e-cac5cbba8974,39d72f3b-1119-437c-8709-f6d7e16d66ce,c1,c5,1029,?,x6,
1768857098.194216,RECEIVED,127d9286-6dfe-4f06-99d2-13057a8013de,4e8d214a-7642-4e5a-ae62-b401dfc3b2dc,c5,c3,1584,e1,?,
1768857098.2340124,SENT,85949815-852a-40e9-a83e-478f2ab0d6af,7bdb2641-0565-4c7d-a3c5-bfe878b18d76,c2,c1,1022,?,x1,
1768857098.2340636,FORWARDED,85949815-852a-40e9-a83e-478f2ab0d6af,7bdb2641-0565-4c7d-a3c5-bfe878b18d76,c2,c1,1022,?,x1,
1768857098.434148,RECEIVED,96b94450-bb92-48df-94fb-6b6287d748d5,aa1057c7-5dd1-46c9-8e66-bae969b01c0c,c3,c5,1464,e11,?,
1768857098.528686,SENT,96b94450-bb92-48df-94fb-6b6287d748d5,aa1057c7-5dd1-46c9-8e66-bae969b01c0c,c3,c5,1025,?,x1,
1768857098.5287278,FORWARDED,96b94450-bb92-48df-94fb-6b6287d748d5,aa1057c7-5dd1-46c9-8e66-bae969b01c0c,c3,c5,1025,?,x1,
1768857098.5495858,SENT,127d9286-6dfe-4f06-99d2-13057a8013de,4e8d214a-7642-4e5a-ae62-b401dfc3b2dc,c5,c3,1115,?,x1,
1768857098.549742,FORWARDED,127d9286-6dfe-4f06-99d2-13057a8013de,4e8d214a-7642-4e5a-ae62-b401dfc3b2dc,c5,c3,1115,?,x1,
1768857098.6857052,SENT,4000da6e-e9ec-4a93-bbfc-3277c625c5bf,c276116d-5bae-47f8-a24b-e2a32c8bd830,c3,c5,1114,?,x3,
1768857098.6857479,FORWARDED,4000da6e-e9ec-4a93-bbfc-3277c625c5bf,c276116d-5bae-47f8-a24b-e2a32c8bd830,c3,c5,1114,?,x3,
1768857098.9396815,SENT,dd3df270-bd3e-49f6-90bc-faf2fb3855db,b3972f4c-860a-49cf-9c8a-f3c39c87f3b9,c5,c4,1103,?,x1,
1768857098.940287,FORWARDED,dd3df270-bd3e-49f6-90bc-faf2fb3855db,b3972f4c-860a-49cf-9c8a-f3c39c87f3b9,c5,c4,1103,?,x1,
1768857100.6214724,RECEIVED,fb6e1c8d-74eb-4228-9be0-ef6d4d5a2859,00cab022-aad4-4d6c-ab34-cc719ad27cb8,c1,c5,1444,e1,?,
1768857100.7379665,SENT,fb6e1c8d-74eb-4228-9be0-ef6d4d5a2859,00cab022-aad4-4d6c-ab34-cc719ad27cb8,c1,c5,1011,?,x4,
1768857100.7380095,FORWARDED,fb6e1c8d-74eb-4228-9be0-ef6d4d5a2859,00cab022-aad4-4d6c-ab34-cc719ad27cb8,c1,c5,1011,?,x4,
1768857101.4827046,RECEIVED,cebfd7bc-19c1-4801-a7f7-abeba3be1237,44463070-8a0b-444e-81f5-11c7128a5125,c3,c5,1463,e12,?,
1768857101.5554209,RECEIVED,baef0c0b-3ea5-4cfc-939e-28b5d4ead8ef,b2fedfa7-1fc4-400a-9ae7-fa1e3eeaf996,c5,c1,1583,e5,?,
1768857101.5869188,RECEIVED,d60fbb71-8d76-4d6e-ae8a-c6dbc07546ab,7e9a12dd-e01b-4a3f-9a43-3c816baf95f2,c1,c5,1460,e1,?,
1768857101.682698,RECEIVED,aa99bd4d-ce24-4e4c-9dcd-e7fd941d412c,d9cd0580-429c-4715-bc0f-c3820e673348,c5,c4,1571,e12,?,
1768857101.6872554,SENT,d60fbb71-8d76-4d6e-ae8a-c6dbc07546ab,7e9a12dd-e01b-4a3f-9a43-3c816baf95f2,c1,c5,1023,?,x7,
1768857101.6872933,FORWARDED,d60fbb71-8d76-4d6e-ae8a-c6dbc07546ab,7e9a12dd-e01b-4a3f-9a43-3c816baf95f2,c1,c5,1023,?,x7,
1768857101.857363,SENT,aa99bd4d-ce24-4e4c-9dcd-e7fd941d412c,d9cd0580-429c-4715-bc0f-c3820e673348,c5,c4,1106,?,x1,
1768857101.8574076,FORWARDED,aa99bd4d-ce24-4e4c-9dcd-e7fd941d412c,d9cd0580-429c-4715-bc0f-c3820e673348,c5,c4,1106,?,x1,
1768857101.9600298,RECEIVED,23825734-1d87-474c-9bf3-8c2139a3aa34,a95feef2-71d7-488c-a5c4-a8d3530c65b8,c2,c1,1464,e6,?,
1768857102.0656717,SENT,cebfd7bc-19c1-4801-a7f7-abeba3be1237,44463070-8a0b-444e-81f5-11c7128a5125,c3,c5,1025,?,x8,
1768857102.0657084,FORWARDED,cebfd7bc-19c1-4801-a7f7-abeba3be1237,44463070-8a0b-444e-81f5-11c7128a5125,c3,c5,1025,?,x8,
1768857102.2005017,RECEIVED,d3d2784d-ce49-40f5-8b53-9c9649fb86bc,24dfa4bc-fabf-4caa-9bd2-7be51351a54b,c3,c5,1584,e10,?,
1768857102.2227597,RECEIVED,08e48086-7cca-4389-ad74-1078280adfac,9d5072d1-2f3c-4898-b88c-9ded8edf8dee,c1,DROP,1008,e3,?,
1768857102.2698133,SENT,d3d2784d-ce49-40f5-8b53-9c9649fb86bc,24dfa4bc-fabf-4caa-9bd2-7be51351a54b,c3,c5,1114,?,x9,
1768857102.2698581,FORWARDED,d3d2784d-ce49-40f5-8b53-9c9649fb86bc,24dfa4bc-fabf-4caa-9bd2-7be51351a54b,c3,c5,1114,?,x9,
1768857102.3397975,SENT,23825734-1d87-474c-9bf3-8c2139a3aa34,a95feef2-71d7-488c-a5c4-a8d3530c65b8,c2,c1,1024,?,x12,
1768857102.3398402,FORWARDED,23825734-1d87-474c-9bf3-8c2139a3aa34,a95feef2-71d7-488c-a5c4-a8d3530c65b8,c2,c1,1024,?,x12,
1768857102.4441345,RECEIVED,b7a92082-911b-4f9f-b2cd-35722fb39c46,2ccadb3f-8b7b-402f-92c2-32fe70982418,c4,c5,1448,e2,?,
1768857102.4442327,SENT,08e48086-7cca-4389-ad74-1078280adfac,9d5072d1-2f3c-4898-b88c-9ded8edf8dee,c1,DROP,683,?,x6,
1768857102.4444852,FORWARDED,08e48086-7cca-4389-ad74-1078280adfac,9d5072d1-2f3c-4898-b88c-9ded8edf8dee,c1,DROP,683,?,x6,
1768857102.5507677,RECEIVED,0eddd554-5c5d-4cbd-990a-dd9ba0197cd1,65d10d7b-8290-494f-9cde-dbbf1476c27c,c3,c5,1456,e5,?,
1768857102.5830688,SENT,baef0c0b-3ea5-4cfc-939e-28b5d4ead8ef,b2fedfa7-1fc4-400a-9ae7-fa1e3eeaf996,c5,c1,1116,?,x2,
1768857102.5831132,FORWARDED,baef0c0b-3ea5-4cfc-939e-28b5d4ead8ef,b2fedfa7-1fc4-400a-9ae7-fa1e3eeaf996,c5,c1,1116,?,x2,
1768857102.6706247,SENT,b7a92082-911b-4f9f-b2cd-35722fb39c46,2ccadb3f-8b7b-402f-92c2-32fe70982418,c4,c5,1012,?,x7,
1768857102.6706665,FORWARDED,b7a92082-911b-4f9f-b2cd-35722fb39c46,2ccadb3f-8b7b-402f-92c2-32fe70982418,c4,c5,1012,?,x7,
1768857102.7406714,RECEIVED,be6f5f7f-64c3-45c0-92bb-ca6de8c89cff,ad6de98b-f508-412e-928e-5bfa217822a6,c3,c5,1455,e3,?,
1768857102.7918966,SENT,0eddd554-5c5d-4cbd-990a-dd9ba0197cd1,65d10d7b-8290-494f-9cde-dbbf1476c27c,c3,c5,1020,?,x12,
1768857102.7919369,FORWARDED,0eddd554-5c5d-4cbd-990a-dd9ba0197cd1,65d10d7b-8290-494f-9cde-dbbf1476c27c,c3,c5,1020,?,x12,
1768857103.1854033,RECEIVED,c22cbc12-681b-47b2-b4a6-e190194d152c,438a45c8-ee98-437f-b3c2-20b09085bacd,c5,c1,1583,e12,?,
1768857103.6626737,SENT,be6f5f7f-64c3-45c0-92bb-ca6de8c89cff,ad6de98b-f508-412e-928e-5bfa217822a6,c3,c5,1020,?,x9,
1768857103.6627164,FORWARDED,be6f5f7f-64c3-45c0-92bb-ca6de8c89cff,ad6de98b-f508-412e-928e-5bfa217822a6,c3,c5,1020,?,x9,
1768857103.8189046,RECEIVED,fc501948-c37d-46f4-9d74-920ed1d1bbe9,c020b30c-960e-4f49-bcd9-126e1a2a0572,c4,c5,1456,e5,?,
1768857104.047852,SENT,fc501948-c37d-46f4-9d74-920ed1d1bbe9,c020b30c-960e-4f49-bcd9-126e1a2a0572,c4,c5,1019,?,x6,
1768857104.0478938,FORWARDED,fc501948-c37d-46f4-9d74-920ed1d1bbe9,c020b30c-960e-4f49-bcd9-126e1a2a0572,c4,c5,1019,?,x6,
1768857104.217941,SENT,c22cbc12-681b-47b2-b4a6-e190194d152c,438a45c8-ee98-437f-b3c2-20b09085bacd,c5,c1,1114,?,x5,
1768857104.2179859,FORWARDED,c22cbc12-681b-47b2-b4a6-e190194d152c,438a45c8-ee98-437f-b3c2-20b09085bacd,c5,c1,1114,?,x5,
1768857104.533221,RECEIVED,ceda1dd5-f3e3-422e-8462-7ed7507eebed,d782b761-34e8-4002-be7f-81008b6e4ca4,c4,c5,1455,e10,?,
1768857104.571975,RECEIVED,c4afd3e8-e994-4f4e-8f75-a3f855df609b,8eb45625-dab6-4a7d-ae6a-a772064fac29,c2,c1,1452,e4,?,
1768857104.5826159,RECEIVED,65ff94d6-c4bb-4d21-8d61-34365144964f,7ebf792f-a7c1-4e3a-ae4c-3949820a4138,c2,c1,1444,e7,?,
1768857104.624812,RECEIVED,3dc03446-77fb-4db6-b134-7cbd6af6163f,27241513-befa-47db-a9a5-a34ba3e2ec13,c5,c3,1584,e11,?,
1768857104.6869662,SENT,65ff94d6-c4bb-4d21-8d61-34365144964f,7ebf792f-a7c1-4e3a-ae4c-3949820a4138,c2,c1,1010,?,x8,
1768857104.6870072,FORWARDED,65ff94d6-c4bb-4d21-8d61-34365144964f,7ebf792f-a7c1-4e3a-ae4c-3949820a4138,c2,c1,1010,?,x8,
1768857104.7472863,RECEIVED,ea2a715d-8fb2-4df8-9a92-447763a8de53,25e37e3c-0c91-4555-b88d-eea59cda7c66,c2,DROP,1024,e1,?,
1768857104.7579029,SENT,c4afd3e8-e994-4f4e-8f75-a3f855df609b,8eb45625-dab6-4a7d-ae6a-a772064fac29,c2,c1,1016,?,x3,
1768857104.7579439,FORWARDED,c4afd3e8-e994-4f4e-8f75-a3f855df609b,8eb45625-dab6-4a7d-ae6a-a772064fac29,c2,c1,1016,?,x3,
1768857104.7930694,RECEIVED,fded6c7b-ad21-4386-a07e-340ed7d45d17,5400362c-3168-4d2f-9ecd-5c72081d153b,c3,c5,1461,e8,?,
1768857104.859928,SENT,fded6c7b-ad21-4386-a07e-340ed7d45d17,5400362c-3168-4d2f-9ecd-5c72081d153b,c3,c5,1023,?,x10,
1768857104.8599675,FORWARDED,fded6c7b-ad21-4386-a07e-340ed7d45d17,5400362c-3168-4d2f-9ecd-5c72081d153b,c3,c5,1023,?,x10,
1768857104.8724306,SENT,ea2a715d-8fb2-4df8-9a92-447763a8de53,25e37e3c-0c91-4555-b88d-eea59cda7c66,c2,DROP,694,?,x5,
1768857104.8724718,FORWARDED,ea2a715d-8fb2-4df8-9a92-447763a8de53,25e37e3c-0c91-4555-b88d-eea59cda7c66,c2,DROP,694,?,x5,
1768857104.9297328,RECEIVED,8f5dbd71-c2d5-433b-b8cb-f01d51e58716,d0d174b8-54ba-411e-8e9a-23907c861cc4,c4,c5,1456,e12,?,
1768857105.1268268,SENT,3dc03446-77fb-4db6-b134-7cbd6af6163f,27241513-befa-47db-a9a5-a34ba3e2ec13,c5,c3,1116,?,x10,
1768857105.1268673,FORWARDED,3dc03446-77fb-4db6-b134-7cbd6af6163f,27241513-befa-47db-a9a5-a34ba3e2ec13,c5,c3,1116,?,x10,
1768857105.2973733,SENT,ceda1dd5-f3e3-422e-8462-7ed7507eebed,d782b761-34e8-4002-be7f-81008b6e4ca4,c4,c5,1020,?,x8,
1768857105.2974257,FORWARDED,ceda1dd5-f3e3-422e-8462-7ed7507eebed,d782b761-34e8-4002-be7f-81008b6e4ca4,c4,c5,1020,?,x8,
1768857105.3091652,SENT,8f5dbd71-c2d5-433b-b8cb-f01d51e58716,d0d174b8-54ba-411e-8e9a-23907c861cc4,c4,c5,1020,?,x8,
1768857105.3092072,FORWARDED,8f5dbd71-c2d5-433b-b8cb-f01d51e58716,d0d174b8-54ba-411e-8e9a-23907c861cc4,c4,c5,1020,?,x8,
1768857105.5649207,RECEIVED,1a9f2355-fbc6-45ef-9d11-1109ac0365c6,96f3d43d-af74-4a9f-834a-879354a92d4b,c5,c3,1464,e1,?,
1768857105.7578952,SENT,1a9f2355-fbc6-45ef-9d11-1109ac0365c6,96f3d43d-af74-4a9f-834a-879354a92d4b,c5,c3,1024,?,x9,
1768857105.757937,FORWARDED,1a9f2355-fbc6-45ef-9d11-1109ac0365c6,96f3d43d-af74-4a9f-834a-879354a92d4b,c5,c3,1024,?,x9,
1768857106.1295784,RECEIVED,c937d760-f2f0-4288-a8bd-2cad0a096449,19d41e5d-4778-4a68-92e8-27a4793acd18,c1,c5,1457,e1,?,
1768857106.5898068,SENT,c937d760-f2f0-4288-a8bd-2cad0a096449,19d41e5d-4778-4a68-92e8-27a4793acd18,c1,c5,1020,?,x10,
1768857106.5898485,FORWARDED,c937d760-f2f0-4288-a8bd-2cad0a096449,19d41e5d-4778-4a68-92e8-27a4793acd18,c1,c5,1020,?,x10,
1768857106.6239412,RECEIVED,f8aed6f0-a79d-4650-9847-e3960fc0aade,a762b857-c0de-4890-99c3-a2f3ff9e394b,c2,DROP,1020,e5,?,
1768857106.9986148,RECEIVED,683fe7ca-c69e-4674-998c-cdba741ef8a1,ed3401cb-03dc-4a80-9d44-c548831d024b,c2,c1,1448,e8,?,
1768857107.1763682,RECEIVED,3140aa2e-6201-4661-b5bd-8b114a7a159d,a182a30a-8813-4fcb-8346-be25aa7d20ba,c3,c5,1583,e6,?,
1768857107.19091,SENT,683fe7ca-c69e-4674-998c-cdba741ef8a1,ed3401cb-03dc-4a80-9d44-c548831d024b,c2,c1,1012,?,x6,
1768857107.190951,FORWARDED,683fe7ca-c69e-4674-998c-cdba741ef8a1,ed3401cb-03dc-4a80-9d44-c548831d024b,c2,c1,1012,?,x6,
1768857107.3398476,SENT,f8aed6f0-a79d-4650-9847-e3960fc0aade,a762b857-c0de-4890-99c3-a2f3ff9e394b,c2,DROP,692,?,x10,
1768857107.3398902,FORWARDED,f8aed6f0-a79d-4650-9847-e3960fc0aade,a762b857-c0de-4890-99c3-a2f3ff9e394b,c2,DROP,692,?,x10,
1768857107.3536112,RECEIVED,4c24ba0d-be98-4381-8f55-1f015d72cd76,623b82f0-9d1a-479e-a594-37823312ba41,c5,c3,1456,e2,?,
1768857107.6457374,SENT,4c24ba0d-be98-4381-8f55-1f015d72cd76,623b82f0-9d1a-479e-a594-37823312ba41,c5,c3,1018,?,x4,
1768857107.645772,FORWARDED,4c24ba0d-be98-4381-8f55-1f015d72cd76,623b82f0-9d1a-479e-a594-37823312ba41,c5,c3,1018,?,x4,
1768857107.771966,RECEIVED,473ce8e3-dd0e-48ca-93b6-516fcbce1a1b,5dd1018a-ea34-428f-9665-bda54b4d2942,c3,c5,1576,e3,?,
1768857108.1714242,RECEIVED,ec356666-aa4a-4e97-9fee-19f8d3df756e,59b6ea05-2dbb-4c36-87d4-5c0039610ac5,c4,DROP,1019,e12,?,
1768857108.2055442,SENT,473ce8e3-dd0e-48ca-93b6-516fcbce1a1b,5dd1018a-ea34-428f-9665-bda54b4d2942,c3,c5,1108,?,x12,
1768857108.2055838,FORWARDED,473ce8e3-dd0e-48ca-93b6-516fcbce1a1b,5dd1018a-ea34-428f-9665-bda54b4d2942,c3,c5,1108,?,x12,
1768857108.2703557,RECEIVED,fb83708e-5887-4f53-b66c-1a164be27f5f,4711ea65-fa28-4619-afd8-ad4c41842088,c3,c5,1447,e6,?,
1768857108.443949,RECEIVED,6d691363-b3f0-4f4d-916d-9d1414ceacf6,34a8aab3-2757-4ece-8f4c-777750c83670,c1,c5,1464,e10,?,
1768857108.8330703,RECEIVED,5fb181af-b781-49ab-9668-bda64cb27cc2,02ae633e-a070-4a54-9bae-75e98715fb96,c3,c5,1584,e7,?,
1768857108.8878162,SENT,fb83708e-5887-4f53-b66c-1a164be27f5f,4711ea65-fa28-4619-afd8-ad4c41842088,c3,c5,1012,?,x9,
1768857108.8878577,FORWARDED,fb83708e-5887-4f53-b66c-1a164be27f5f,4711ea65-fa28-4619-afd8-ad4c41842088,c3,c5,1012,?,x9,
1768857108.8881202,RECEIVED,00ac5ae5-0f18-430e-be39-45005289b527,7c840d22-4a76-4230-97a6-a6ca177a4ca0,c5,c1,1584,e5,?,
1768857108.9347284,SENT,5fb181af-b781-49ab-9668-bda64cb27cc2,02ae633e-a070-4a54-9bae-75e98715fb96,c3,c5,1114,?,x9,
1768857108.9347713,FORWARDED,5fb181af-b781-49ab-9668-bda64cb27cc2,02ae633e-a070-4a54-9bae-75e98715fb96,c3,c5,1114,?,x9,
1768857108.9880016,SENT,00ac5ae5-0f18-430e-be39-45005289b527,7c840d22-4a76-4230-97a6-a6ca177a4ca0,c5,c1,1115,?,x10,
1768857108.988055,FORWARDED,00ac5ae5-0f18-430e-be39-45005289b527,7c840d22-4a76-4230-97a6-a6ca177a4ca0,c5,c1,1115,?,x10,
1768857109.1983886,SENT,ec356666-aa4a-4e97-9fee-19f8d3df756e,59b6ea05-2dbb-4c36-87d4-5c0039610ac5,c4,DROP,693,?,x1,
1768857109.1984313,FORWARDED,ec356666-aa4a-4e97-9fee-19f8d3df756e,59b6ea05-2dbb-4c36-87d4-5c0039610ac5,c4,DROP,693,?,x1,
1768857109.270071,RECEIVED,36a7e034-1105-4140-9d86-1edf3b0c8d70,d987c223-d9bb-424e-a1e6-08781c6ac432,c5,DROP,1016,e8,?,
1768857109.3271832,SENT,6d691363-b3f0-4f4d-916d-9d1414ceacf6,34a8aab3-2757-4ece-8f4c-777750c83670,c1,c5,1024,?,x10,
1768857109.3272262,FORWARDED,6d691363-b3f0-4f4d-916d-9d1414ceacf6,34a8aab3-2757-4ece-8f4c-777750c83670,c1,c5,1024,?,x10,
1768857109.3364534,SENT,3140aa2e-6201-4661-b5bd-8b114a7a159d,a182a30a-8813-4fcb-8346-be25aa7d20ba,c3,c5,1116,?,x8,
1768857109.336496,FORWARDED,3140aa2e-6201-4661-b5bd-8b114a7a159d,a182a30a-8813-4fcb-8346-be25aa7d20ba,c3,c5,1116,?,x8,
1768857109.4976945,SENT,36a7e034-1105-4140-9d86-1edf3b0c8d70,d987c223-d9bb-424e-a1e6-08781c6ac432,c5,DROP,688,?,x7,
1768857109.4977367,FORWARDED,36a7e034-1105-4140-9d86-1edf3b0c8d70,d987c223-d9bb-424e-a1e6-08781c6ac432,c5,DROP,688,?,x7,
1768857109.8129122,RECEIVED,f5d7fb27-ab5a-4958-8d0e-a9e03b2f797c,49175a1b-54f2-4817-b48e-b36c882c5594,c2,DROP,1021,e10,?,
1768857110.026482,SENT,f5d7fb27-ab5a-4958-8d0e-a9e03b2f797c,49175a1b-54f2-4817-b48e-b36c882c5594,c2,DROP,692,?,x11,
1768857110.026528,FORWARDED,f5d7fb27-ab5a-4958-8d0e-a9e03b2f797c,49175a1b-54f2-4817-b48e-b36c882c5594,c2,DROP,692,?,x11,
1768857110.0718267,RECEIVED,a5940a71-4a2b-4904-bfc2-9e1bc3cf354a,efe1445b-8c61-4323-b6d7-dc4b1f063280,c5,c4,1585,e2,?,
1768857110.089996,SENT,a5940a71-4a2b-4904-bfc2-9e1bc3cf354a,efe1445b-8c61-4323-b6d7-dc4b1f063280,c5,c4,1115,?,x3,
1768857110.0900395,FORWARDED,a5940a71-4a2b-4904-bfc2-9e1bc3cf354a,efe1445b-8c61-4323-b6d7-dc4b1f063280,c5,c4,1115,?,x3,
1768857110.1698527,RECEIVED,0c0bb2a8-0af5-450e-8c35-ffda0c998b39,afae31b3-4467-4735-b752-7f296837c5a2,c4,c5,1452,e4,?,
1768857110.2590134,SENT,0c0bb2a8-0af5-450e-8c35-ffda0c998b39,afae31b3-4467-4735-b752-7f296837c5a2,c4,c5,1015,?,x9,
1768857110.259064,FORWARDED,0c0bb2a8-0af5-450e-8c35-ffda0c998b39,afae31b3-4467-4735-b752-7f296837c5a2,c4,c5,1015,?,x9,
1768857110.3919184,RECEIVED,3c1b4626-cbf5-4fb3-b25c-14795310e63c,4f2e2b9b-c513-4324-bcc8-496f5a370742,c5,c3,1459,e5,?,
1768857110.8369064,RECEIVED,b506531c-7531-411c-9d05-8d4fec1ba5dd,b53a65b9-e2ab-4b4e-a6c7-24a5ebad3fc6,c2,c1,1447,e2,?,
1768857111.0005648,RECEIVED,76ec479f-e907-432a-8e04-c0b7794e354b,eef314d9-c9bd-46ec-9208-063851a8b894,c3,c5,1583,e3,?,
1768857111.0513475,RECEIVED,0958bd60-31d6-4b7c-956b-f35de8d94bf6,596e3213-f46d-405e-9b58-c11803f3358e,c5,c4,1585,e5,?,
1768857111.2153265,SENT,0958bd60-31d6-4b7c-956b-f35de8d94bf6,596e3213-f46d-405e-9b58-c11803f3358e,c5,c4,1115,?,x12,
1768857111.2153778,FORWARDED,0958bd60-31d6-4b7c-956b-f35de8d94bf6,596e3213-f46d-405e-9b58-c11803f3358e,c5,c4,1115,?,x12,
1768857111.3589773,RECEIVED,7a3d3090-cb98-4d99-bae2-beac52caface,2065af04-c1fc-4e2f-a334-a5bd090abc5f,c1,c2,1585,e5,?,
1768857111.42315,RECEIVED,79c103b0-7fba-47d4-aa28-b49c8ee57fd8,4648d3d5-2926-4457-a523-90146047f922,c3,c5,1585,e5,?,
1768857111.4306355,SENT,7a3d3090-cb98-4d99-bae2-beac52caface,2065af04-c1fc-4e2f-a334-a5bd090abc5f,c1,c2,1115,?,x12,
1768857111.4306784,FORWARDED,7a3d3090-cb98-4d99-bae2-beac52caface,2065af04-c1fc-4e2f-a334-a5bd090abc5f,c1,c2,1115,?,x12,
1768857111.4816716,SENT,79c103b0-7fba-47d4-aa28-b49c8ee57fd8,4648d3d5-2926-4457-a523-90146047f922,c3,c5,1116,?,x4,
1768857111.481725,FORWARDED,79c103b0-7fba-47d4-aa28-b49c8ee57fd8,4648d3d5-2926-4457-a523-90146047f922,c3,c5,1116,?,x4,
1768857111.5159845,RECEIVED,f1d5669f-cb30-48db-9e94-58e6248e473d,2400f6f5-ab8a-4814-b074-5764c10e7a92,c1,DROP,1012,e6,?,
1768857111.5692272,SENT,b506531c-7531-411c-9d05-8d4fec1ba5dd,b53a65b9-e2ab-4b4e-a6c7-24a5ebad3fc6,c2,c1,1012,?,x7,
1768857111.5692704,FORWARDED,b506531c-7531-411c-9d05-8d4fec1ba5dd,b53a65b9-e2ab-4b4e-a6c7-24a5ebad3fc6,c2,c1,1012,?,x7,
1768857111.6032832,SENT,f1d5669f-cb30-48db-9e94-58e6248e473d,2400f6f5-ab8a-4814-b074-5764c10e7a92,c1,DROP,685,?,x7,
1768857111.6033287,FORWARDED,f1d5669f-cb30-48db-9e94-58e6248e473d,2400f6f5-ab8a-4814-b074-5764c10e7a92,c1,DROP,685,?,x7,
1768857111.6176105,RECEIVED,61c3f34b-56b2-4202-b1bf-e2f8ce2d3404,cb9fbd3c-2674-4fbd-8446-50f007c22bda,c5,c3,1459,e11,?,
1768857111.8208575,SENT,76ec479f-e907-432a-8e04-c0b7794e354b,eef314d9-c9bd-46ec-9208-063851a8b894,c3,c5,1115,?,x3,
1768857111.8209088,FORWARDED,76ec479f-e907-432a-8e04-c0b7794e354b,eef314d9-c9bd-46ec-9208-063851a8b894,c3,c5,1115,?,x3,
1768857112.2222633,SENT,3c1b4626-cbf5-4fb3-b25c-14795310e63c,4f2e2b9b-c513-4324-bcc8-496f5a370742,c5,c3,1023,?,x9,
1768857112.2223032,FORWARDED,3c1b4626-cbf5-4fb3-b25c-14795310e63c,4f2e2b9b-c513-4324-bcc8-496f5a370742,c5,c3,1023,?,x9,
1768857112.4799047,RECEIVED,10f9eaa3-2aee-42a6-baca-a1f14946ca02,38f01a71-dab7-4d23-abd5-1726338094b0,c5,c3,1584,e10,?,
1768857112.5246015,SENT,10f9eaa3-2aee-42a6-baca-a1f14946ca02,38f01a71-dab7-4d23-abd5-1726338094b0,c5,c3,1115,?,x9,
1768857112.5247424,FORWARDED,10f9eaa3-2aee-42a6-baca-a1f14946ca02,38f01a71-dab7-4d23-abd5-1726338094b0,c5,c3,1115,?,x9,
1768857112.5441616,RECEIVED,5bda6161-8cc1-48aa-b774-10a1575acbbe,91a5e02e-3121-4a54-9b95-81aed75ed1bf,c5,c4,1580,e6,?,
1768857112.809344,SENT,5bda6161-8cc1-48aa-b774-10a1575acbbe,91a5e02e-3121-4a54-9b95-81aed75ed1bf,c5,c4,1112,?,x11,
1768857112.8093865,FORWARDED,5bda6161-8cc1-48aa-b774-10a1575acbbe,91a5e02e-3121-4a54-9b95-81aed75ed1bf,c5,c4,1112,?,x11,
1768857112.9906538,SENT,61c3f34b-56b2-4202-b1bf-e2f8ce2d3404,cb9fbd3c-2674-4fbd-8446-50f007c22bda,c5,c3,1023,?,x5,
1768857112.9906943,FORWARDED,61c3f34b-56b2-4202-b1bf-e2f8ce2d3404,cb9fbd3c-2674-4fbd-8446-50f007c22bda,c5,c3,1023,?,x5,
1768857113.188438,RECEIVED,b4f2e013-fdf5-467f-bc6b-df03759ff43e,0df225bc-5afb-40d9-bd6f-5b42ee27ad94,c3,c5,1584,e3,?,
1768857113.3118696,SENT,b4f2e013-fdf5-467f-bc6b-df03759ff43e,0df225bc-5afb-40d9-bd6f-5b42ee27ad94,c3,c5,1115,?,x3,
1768857113.3119113,FORWARDED,b4f2e013-fdf5-467f-bc6b-df03759ff43e,0df225bc-5afb-40d9-bd6f-5b42ee27ad94,c3,c5,1115,?,x3,
1768857114.7433531,RECEIVED,5ea3d55e-c112-4327-a1c7-00d6e18d4bec,5e8e49cb-732a-4cd6-a76c-7330bd1ca31c,c5,c1,1578,e2,?,
1768857114.8269172,RECEIVED,9f7ad976-3114-4236-bf7e-b11c7df7c1f3,34528d1a-12c4-44e5-88c7-58d411143d7c,c1,c5,1465,e8,?,
1768857114.8781955,SENT,9f7ad976-3114-4236-bf7e-b11c7df7c1f3,34528d1a-12c4-44e5-88c7-58d411143d7c,c1,c5,1024,?,x12,
1768857114.878236,FORWARDED,9f7ad976-3114-4236-bf7e-b11c7df7c1f3,34528d1a-12c4-44e5-88c7-58d411143d7c,c1,c5,1024,?,x12,
1768857115.144303,RECEIVED,2a42137b-1582-4d41-95f3-a680817b92c2,8e5de449-013c-429f-b5a1-22698edc78e2,c4,DROP,441,x10,?,
1768857115.2823038,RECEIVED,10cad833-8f47-4a60-aa1a-5e11803fe1cc,041ef27c-41f1-4937-94c3-3f7a8bc7dca3,c1,c5,1444,e12,?,
1768857115.4287152,SENT,10cad833-8f47-4a60-aa1a-5e11803fe1cc,041ef27c-41f1-4937-94c3-3f7a8bc7dca3,c1,c5,1011,?,x8,
1768857115.4287562,FORWARDED,10cad833-8f47-4a60-aa1a-5e11803fe1cc,041ef27c-41f1-4937-94c3-3f7a8bc7dca3,c1,c5,1011,?,x8,
1768857115.7172143,SENT,5ea3d55e-c112-4327-a1c7-00d6e18d4bec,5e8e49cb-732a-4cd6-a76c-7330bd1ca31c,c5,c1,1111,?,x4,
1768857115.7172546,FORWARDED,5ea3d55e-c112-4327-a1c7-00d6e18d4bec,5e8e49cb-732a-4cd6-a76c-7330bd1ca31c,c5,c1,1111,?,x4,
1768857116.2771933,RECEIVED,12ebf966-fbf3-46f7-a638-d7922252ba4a,213b4d8e-9614-4462-98ea-d18da85a9e34,c2,c1,1459,e12,?,
1768857116.5740774,RECEIVED,9acaf948-7903-4bed-b99a-8e7a6ef9bd32,36a4bf98-9357-4dd2-b50b-8c62bbd22a33,c4,c5,1464,e4,?,
1768857117.0435584,SENT,12ebf966-fbf3-46f7-a638-d7922252ba4a,213b4d8e-9614-4462-98ea-d18da85a9e34,c2,c1,1023,?,x4,
1768857117.0435998,FORWARDED,12ebf966-fbf3-46f7-a638-d7922252ba4a,213b4d8e-9614-4462-98ea-d18da85a9e34,c2,c1,1023,?,x4,
1768857117.1669674,RECEIVED,391b0276-29f2-413b-9c18-f8135f0c3d10,6ec22c0b-9572-40e4-9b96-61744b490bc4,c1,c5,1455,e4,?,
1768857117.2695353,RECEIVED,17b100ea-4481-4226-9f1a-045573742aaf,94ffaee5-80fc-474a-80e5-e22a293ce383,c5,c1,1583,e4,?,
1768857117.6705606,RECEIVED,2c9ef769-9c54-4f7c-a084-dd1a26df3ece,9276bec7-d8f4-4644-84fd-236306158890,c5,c3,1567,e8,?,
1768857117.7926095,SENT,17b100ea-4481-4226-9f1a-045573742aaf,94ffaee5-80fc-474a-80e5-e22a293ce383,c5,c1,1115,?,x2,
1768857117.792656,FORWARDED,17b100ea-4481-4226-9f1a-045573742aaf,94ffaee5-80fc-474a-80e5-e22a293ce383,c5,c1,1115,?,x2,
1768857117.8169556,SENT,2c9ef769-9c54-4f7c-a084-dd1a26df3ece,9276bec7-d8f4-4644-84fd-236306158890,c5,c3,1103,?,x1,
1768857117.8170052,FORWARDED,2c9ef769-9c54-4f7c-a084-dd1a26df3ece,9276bec7-d8f4-4644-84fd-236306158890,c5,c3,1103,?,x1,
1768857117.906365,SENT,391b0276-29f2-413b-9c18-f8135f0c3d10,6ec22c0b-9572-40e4-9b96-61744b490bc4,c1,c5,1020,?,x11,
1768857117.9064069,FORWARDED,391b0276-29f2-413b-9c18-f8135f0c3d10,6ec22c0b-9572-40e4-9b96-61744b490bc4,c1,c5,1020,?,x11,
1768857117.9912739,RECEIVED,1001d23a-1f5c-498f-88c0-f5bf6ac55c35,237b19ec-3027-4671-b22e-77061a859c7d,c4,c5,1455,e7,?,
1768857118.3426263,SENT,9acaf948-7903-4bed-b99a-8e7a6ef9bd32,36a4bf98-9357-4dd2-b50b-8c62bbd22a33,c4,c5,1024,?,x10,
1768857118.342667,FORWARDED,9acaf948-7903-4bed-b99a-8e7a6ef9bd32,36a4bf98-9357-4dd2-b50b-8c62bbd22a33,c4,c5,1024,?,x10,
1768857118.4051244,RECEIVED,25a6a76c-c9e1-4d3b-a9da-6eac994e0563,d4957cfa-b857-4564-b3b2-9f9e87b7b11e,c5,c1,1587,e12,?,
1768857118.5042727,RECEIVED,da3b95a2-bace-4fa4-9690-05d968aae0a8,4834190c-4375-47c1-a1b9-98b7f5f58a66,c5,c1,1585,e8,?,
1768857118.5463502,SENT,da3b95a2-bace-4fa4-9690-05d968aae0a8,4834190c-4375-47c1-a1b9-98b7f5f58a66,c5,c1,1114,?,x6,
1768857118.5463927,FORWARDED,da3b95a2-bace-4fa4-9690-05d968aae0a8,4834190c-4375-47c1-a1b9-98b7f5f58a66,c5,c1,1114,?,x6,
1768857118.7420197,RECEIVED,a790edd4-8914-4df0-9636-b08c0c50a751,a35420e1-db9c-4141-9e43-4d36181fac17,c2,c1,1456,e3,?,
1768857118.8290126,SENT,a790edd4-8914-4df0-9636-b08c0c50a751,a35420e1-db9c-4141-9e43-4d36181fac17,c2,c1,1020,?,x7,
1768857118.8290646,FORWARDED,a790edd4-8914-4df0-9636-b08c0c50a751,a35420e1-db9c-4141-9e43-4d36181fac17,c2,c1,1020,?,x7,
1768857118.8755922,RECEIVED,8c28389a-adc6-4997-99a0-eeabf786557c,662e0208-b0a4-4b68-8f85-807ccfa36cb8,c1,c2,1584,e5,?,
1768857118.888007,RECEIVED,75957af3-9812-4a76-a1e8-e74111e3bbcc,53d54169-ef01-4c59-8efa-61bf75066744,c4,DROP,1015,e2,?,
1768857119.0916412,RECEIVED,88695867-7efe-4fee-a1e2-3b549f542a5a,37cf6e28-db6e-417d-9b2d-90d3cffe0e88,c5,c3,1450,e8,?,
1768857119.1037345,SENT,8c28389a-adc6-4997-99a0-eeabf786557c,662e0208-b0a4-4b68-8f85-807ccfa36cb8,c1,c2,1115,?,x6,
1768857119.1037896,FORWARDED,8c28389a-adc6-4997-99a0-eeabf786557c,662e0208-b0a4-4b68-8f85-807ccfa36cb8,c1,c2,1115,?,x6,
1768857119.1237094,RECEIVED,2b2dbe07-8f00-4c2f-95af-e8f004e49729,85c73e70-943f-4348-ba0f-621c8d4c35f2,c5,c4,1586,e12,?,
1768857119.2034419,SENT,2b2dbe07-8f00-4c2f-95af-e8f004e49729,85c73e70-943f-4348-ba0f-621c8d4c35f2,c5,c4,1116,?,x10,
1768857119.2034843,FORWARDED,2b2dbe07-8f00-4c2f-95af-e8f004e49729,85c73e70-943f-4348-ba0f-621c8d4c35f2,c5,c4,1116,?,x10,
1768857119.2061672,SENT,25a6a76c-c9e1-4d3b-a9da-6eac994e0563,d4957cfa-b857-4564-b3b2-9f9e87b7b11e,c5,c1,1117,?,x9,
1768857119.2062516,FORWARDED,25a6a76c-c9e1-4d3b-a9da-6eac994e0563,d4957cfa-b857-4564-b3b2-9f9e87b7b11e,c5,c1,1117,?,x9,
1768857119.2387881,SENT,1001d23a-1f5c-498f-88c0-f5bf6ac55c35,237b19ec-3027-4671-b22e-77061a859c7d,c4,c5,1020,?,x3,
1768857119.2388287,FORWARDED,1001d23a-1f5c-498f-88c0-f5bf6ac55c35,237b19ec-3027-4671-b22e-77061a859c7d,c4,c5,1020,?,x3,
1768857119.2588997,RECEIVED,4992a783-b94d-4910-9b9e-8ab44cf47a74,96fc897d-11a1-4481-997c-606a8f108f8c,c2,c1,1457,e12,?,
1768857119.4864612,SENT,4992a783-b94d-4910-9b9e-8ab44cf47a74,96fc897d-11a1-4481-997c-606a8f108f8c,c2,c1,1018,?,x12,
1768857119.4865031,FORWARDED,4992a783-b94d-4910-9b9e-8ab44cf47a74,96fc897d-11a1-4481-997c-606a8f108f8c,c2,c1,1018,?,x12,
1768857119.6378999,RECEIVED,dbbd29f2-6d8c-4822-addd-d5d38304ff7d,3c5b96db-fbbf-4629-9cc3-62330a136b52,c2,c1,1460,e6,?,
1768857119.656832,SENT,75957af3-9812-4a76-a1e8-e74111e3bbcc,53d54169-ef01-4c59-8efa-61bf75066744,c4,DROP,688,?,x9,
1768857119.656991,FORWARDED,75957af3-9812-4a76-a1e8-e74111e3bbcc,53d54169-ef01-4c59-8efa-61bf75066744,c4,DROP,688,?,x9,
1768857119.6602948,SENT,dbbd29f2-6d8c-4822-addd-d5d38304ff7d,3c5b96db-fbbf-4629-9cc3-62330a136b52,c2,c1,1021,?,x4,
1768857119.6603487,FORWARDED,dbbd29f2-6d8c-4822-addd-d5d38304ff7d,3c5b96db-fbbf-4629-9cc3-62330a136b52,c2,c1,1021,?,x4,
1768857119.8197286,SENT,88695867-7efe-4fee-a1e2-3b549f542a5a,37cf6e28-db6e-417d-9b2d-90d3cffe0e88,c5,c3,1016,?,x9,
1768857119.819773,FORWARDED,88695867-7efe-4fee-a1e2-3b549f542a5a,37cf6e28-db6e-417d-9b2d-90d3cffe0e88,c5,c3,1016,?,x9,
1768857120.1574593,RECEIVED,9bcfbb19-b22b-482f-be28-d81889ef0240,d8e77214-f847-487d-9298-acc15582cfb4,c4,c5,1460,e3,?,
1768857120.2305949,SENT,9bcfbb19-b22b-482f-be28-d81889ef0240,d8e77214-f847-487d-9298-acc15582cfb4,c4,c5,1023,?,x3,
1768857120.2306378,FORWARDED,9bcfbb19-b22b-482f-be28-d81889ef0240,d8e77214-f847-487d-9298-acc15582cfb4,c4,c5,1023,?,x3,
1768857120.621588,RECEIVED,0e04f86f-32ee-4de1-a0af-5bb6d800336b,e46bbcf3-4742-4d4c-aaa3-bbf24d5a411a,c4,c5,1460,e6,?,
1768857120.6304436,RECEIVED,58c96be8-85bd-4f1d-996b-652033c95ded,cc9cb1e7-1ff6-4d29-a184-7b07b266f253,c1,c5,1456,e4,?,
1768857120.8470385,SENT,58c96be8-85bd-4f1d-996b-652033c95ded,cc9cb1e7-1ff6-4d29-a184-7b07b266f253,c1,c5,1020,?,x9,
1768857120.8474147,FORWARDED,58c96be8-85bd-4f1d-996b-652033c95ded,cc9cb1e7-1ff6-4d29-a184-7b07b266f253,c1,c5,1020,?,x9,
1768857120.885109,SENT,0e04f86f-32ee-4de1-a0af-5bb6d800336b,e46bbcf3-4742-4d4c-aaa3-bbf24d5a411a,c4,c5,1023,?,x2,
1768857120.8851526,FORWARDED,0e04f86f-32ee-4de1-a0af-5bb6d800336b,e46bbcf3-4742-4d4c-aaa3-bbf24d5a411a,c4,c5,1023,?,x2,
1768857120.926274,RECEIVED,2f525153-4f4f-4534-92cd-6392d0478f59,f4811841-a294-4f70-9835-74cd8aad08f8,c5,c3,1585,e8,?,
1768857121.1286077,RECEIVED,0c5a26d4-0c56-43b6-885e-3a31cbdd78aa,1c39eb05-0b9d-4a79-b510-41af25e0740c,c5,DROP,1020,e2,?,
1768857121.2413929,SENT,2f525153-4f4f-4534-92cd-6392d0478f59,f4811841-a294-4f70-9835-74cd8aad08f8,c5,c3,1116,?,x10,
1768857121.2414353,FORWARDED,2f525153-4f4f-4534-92cd-6392d0478f59,f4811841-a294-4f70-9835-74cd8aad08f8,c5,c3,1116,?,x10,
1768857121.6102326,RECEIVED,a8dbe045-ae6c-42bf-a88d-f63101f4fa65,52a29ac0-c608-4b9d-955b-0a8eebfca79d,c4,c5,1454,e4,?,
1768857121.8384306,RECEIVED,1755b5d9-9fae-4e69-965b-df67cd7f9b48,1e721a21-3562-4b09-9e4f-15b9f6d5c96f,c1,c5,1455,e12,?,
1768857121.8769767,SENT,0c5a26d4-0c56-43b6-885e-3a31cbdd78aa,1c39eb05-0b9d-4a79-b510-41af25e0740c,c5,DROP,691,?,x12,
1768857121.8770173,FORWARDED,0c5a26d4-0c56-43b6-885e-3a31cbdd78aa,1c39eb05-0b9d-4a79-b510-41af25e0740c,c5,DROP,691,?,x12,
1768857121.8967195,RECEIVED,e27f6bd9-c7a8-4489-b402-c1b56b2eb8fa,4e8ce0e2-ee49-40e4-8e5a-0ece9a322b00,c1,c2,1584,e4,?,
1768857121.9391944,RECEIVED,0bafbf97-161c-4d27-b4e3-443a3b310b05,c05dd952-0be7-47a2-a340-379c9e623151,c5,c3,1443,e7,?,
1768857122.054175,SENT,1755b5d9-9fae-4e69-965b-df67cd7f9b48,1e721a21-3562-4b09-9e4f-15b9f6d5c96f,c1,c5,1020,?,x6,
1768857122.0543685,FORWARDED,1755b5d9-9fae-4e69-965b-df67cd7f9b48,1e721a21-3562-4b09-9e4f-15b9f6d5c96f,c1,c5,1020,?,x6,
1768857122.200406,SENT,e27f6bd9-c7a8-4489-b402-c1b56b2eb8fa,4e8ce0e2-ee49-40e4-8e5a-0ece9a322b00,c1,c2,1116,?,x6,
1768857122.2004466,FORWARDED,e27f6bd9-c7a8-4489-b402-c1b56b2eb8fa,4e8ce0e2-ee49-40e4-8e5a-0ece9a322b00,c1,c2,1116,?,x6,
1768857122.3667314,RECEIVED,e1b57dd6-6e78-4ca9-97a8-f67750ac880a,40aa671e-0f36-4a76-bcff-4db01e992833,c1,c2,1568,e6,?,
1768857122.6067212,SENT,0bafbf97-161c-4d27-b4e3-443a3b310b05,c05dd952-0be7-47a2-a340-379c9e623151,c5,c3,1011,?,x7,
1768857122.6067634,FORWARDED,0bafbf97-161c-4d27-b4e3-443a3b310b05,c05dd952-0be7-47a2-a340-379c9e623151,c5,c3,1011,?,x7,
1768857122.7674315,RECEIVED,acf5aed3-ec12-4be5-80a4-13b58d614dc8,460928c2-3105-4b00-b631-0358f0b0f621,c1,c2,1581,e10,?,
1768857122.857368,SENT,e1b57dd6-6e78-4ca9-97a8-f67750ac880a,40aa671e-0f36-4a76-bcff-4db01e992833,c1,c2,1104,?,x4,
1768857122.857417,FORWARDED,e1b57dd6-6e78-4ca9-97a8-f67750ac880a,40aa671e-0f36-4a76-bcff-4db01e992833,c1,c2,1104,?,x4,
1768857122.9041116,SENT,acf5aed3-ec12-4be5-80a4-13b58d614dc8,460928c2-3105-4b00-b631-0358f0b0f621,c1,c2,1111,?,x12,
1768857122.9041584,FORWARDED,acf5aed3-ec12-4be5-80a4-13b58d614dc8,460928c2-3105-4b00-b631-0358f0b0f621,c1,c2,1111,?,x12,
1768857123.2410758,SENT,a8dbe045-ae6c-42bf-a88d-f63101f4fa65,52a29ac0-c608-4b9d-955b-0a8eebfca79d,c4,c5,1019,?,x2,
1768857123.2411175,FORWARDED,a8dbe045-ae6c-42bf-a88d-f63101f4fa65,52a29ac0-c608-4b9d-955b-0a8eebfca79d,c4,c5,1019,?,x2,
1768857123.296541,RECEIVED,dacedf2b-01a1-43d8-a21a-72a219028add,73bc72c9-e3d9-4523-9a95-13366740b83e,c5,c1,1584,e11,?,
1768857123.4263155,SENT,dacedf2b-01a1-43d8-a21a-72a219028add,73bc72c9-e3d9-4523-9a95-13366740b83e,c5,c1,1115,?,x4,
1768857123.4263706,FORWARDED,dacedf2b-01a1-43d8-a21a-72a219028add,73bc72c9-e3d9-4523-9a95-13366740b83e,c5,c1,1115,?,x4,
1768857123.5430222,RECEIVED,f4609db3-4356-46a5-b501-af6b4575fb1d,f2324441-964f-4779-973a-28aa35ae1360,c5,c1,1571,e5,?,
1768857123.9370573,RECEIVED,a321ec73-bf86-4c46-be93-49a8ca4920b6,afb2884e-7f63-4252-8891-99a04f4f6927,c5,c3,1460,e7,?,
1768857123.9940138,SENT,f4609db3-4356-46a5-b501-af6b4575fb1d,f2324441-964f-4779-973a-28aa35ae1360,c5,c1,1107,?,x4,
1768857123.9940674,FORWARDED,f4609db3-4356-46a5-b501-af6b4575fb1d,f2324441-964f-4779-973a-28aa35ae1360,c5,c1,1107,?,x4,
1768857124.179823,RECEIVED,db0f42f5-622d-47e9-9877-60923d2f6f84,51e02832-e6ab-45c6-a896-e3758da37032,c3,c5,1585,e8,?,
1768857124.1965728,SENT,db0f42f5-622d-47e9-9877-60923d2f6f84,51e02832-e6ab-45c6-a896-e3758da37032,c3,c5,1115,?,x6,
1768857124.1966157,FORWARDED,db0f42f5-622d-47e9-9877-60923d2f6f84,51e02832-e6ab-45c6-a896-e3758da37032,c3,c5,1115,?,x6,
1768857124.2508855,RECEIVED,d68a8bbb-e247-45ba-a294-83ccde6426eb,59a9f02f-8963-4e97-9750-f23bb090534b,c1,DROP,446,x12,?,
1768857124.795135,RECEIVED,ca816d35-363e-4712-8d83-47bbe6e5d048,fcd23ec0-6187-42b2-ad32-c55f666da9e0,c3,DROP,1020,e6,?,
1768857125.1002593,RECEIVED,7cd352dd-7b58-4539-98cd-c5c4a55fd072,396ad9fd-2a33-443d-893a-26933931630d,c1,c5,1461,e4,?,
1768857125.4582007,SENT,ca816d35-363e-4712-8d83-47bbe6e5d048,fcd23ec0-6187-42b2-ad32-c55f666da9e0,c3,DROP,691,?,x11,
1768857125.458238,FORWARDED,ca816d35-363e-4712-8d83-47bbe6e5d048,fcd23ec0-6187-42b2-ad32-c55f666da9e0,c3,DROP,691,?,x11,
1768857125.4968681,SENT,7cd352dd-7b58-4539-98cd-c5c4a55fd072,396ad9fd-2a33-443d-893a-26933931630d,c1,c5,1023,?,x12,
1768857125.496909,FORWARDED,7cd352dd-7b58-4539-98cd-c5c4a55fd072,396ad9fd-2a33-443d-893a-26933931630d,c1,c5,1023,?,x12,
1768857125.6336899,RECEIVED,923db489-02b3-4926-977a-d3b269732b3d,363f0102-7fbe-4a0e-8c8f-5c6219ba1618,c5,c1,1583,e5,?,
1768857125.6708896,RECEIVED,7ec5154e-bcc5-4218-9ef8-09daf59dd98a,b1a2e85f-4996-4e59-b9d3-9c796aafff52,c5,c4,1584,e10,?,
1768857125.679657,RECEIVED,a2f34470-2800-463c-9c99-71c4deaf59ce,07e79857-be8f-49f5-a758-27f5e7c288b0,c1,c5,1461,e10,?,
1768857125.7563846,SENT,7ec5154e-bcc5-4218-9ef8-09daf59dd98a,b1a2e85f-4996-4e59-b9d3-9c796aafff52,c5,c4,1116,?,x1,
1768857125.7564242,FORWARDED,7ec5154e-bcc5-4218-9ef8-09daf59dd98a,b1a2e85f-4996-4e59-b9d3-9c796aafff52,c5,c4,1116,?,x1,
1768857125.778605,RECEIVED,98dac846-0cd2-4722-856c-a2f98c1c65ef,d5d4c137-e589-4cba-ab36-29c88133e8bb,c5,c1,1585,e11,?,
1768857125.891692,SENT,98dac846-0cd2-4722-856c-a2f98c1c65ef,d5d4c137-e589-4cba-ab36-29c88133e8bb,c5,c1,1116,?,x10,
1768857125.8917344,FORWARDED,98dac846-0cd2-4722-856c-a2f98c1c65ef,d5d4c137-e589-4cba-ab36-29c88133e8bb,c5,c1,1116,?,x10,
1768857125.906587,RECEIVED,0a62975a-550b-42f1-9fd0-cac7929182f0,6e6e2c62-2c61-41e7-92e2-d7e81d6fbcfc,c4,c5,1455,e10,?,
1768857125.979171,RECEIVED,f6115a3f-4da6-4df3-9c6b-fe41f32ce348,80da2713-fbd5-4841-af5a-1b49b4cf188e,c5,c3,1455,e2,?,
1768857126.0396397,SENT,a2f34470-2800-463c-9c99-71c4deaf59ce,07e79857-be8f-49f5-a758-27f5e7c288b0,c1,c5,1023,?,x12,
1768857126.0396879,FORWARDED,a2f34470-2800-463c-9c99-71c4deaf59ce,07e79857-be8f-49f5-a758-27f5e7c288b0,c1,c5,1023,?,x12,
1768857126.0976346,RECEIVED,3878aa3f-f059-4ae9-9d48-8927c041fb94,ce24cd1a-31f5-43ef-bff7-f8980a96dee1,c3,DROP,1015,e8,?,
1768857126.2047186,RECEIVED,981b7639-b95a-4cb2-bca7-90fd50d8c6a4,2829d8dd-2243-495c-9990-22d79fc17513,c4,DROP,1011,e7,?,
1768857126.464414,SENT,3878aa3f-f059-4ae9-9d48-8927c041fb94,ce24cd1a-31f5-43ef-bff7-f8980a96dee1,c3,DROP,689,?,x5,
1768857126.4644954,FORWARDED,3878aa3f-f059-4ae9-9d48-8927c041fb94,ce24cd1a-31f5-43ef-bff7-f8980a96dee1,c3,DROP,689,?,x5,
1768857126.6429462,RECEIVED,20af28eb-d149-4fae-afc4-2e965692ac64,8d0dbad2-c685-48c1-9007-2b01df31a9cd,c1,c5,1457,e1,?,
1768857126.7985666,SENT,a321ec73-bf86-4c46-be93-49a8ca4920b6,afb2884e-7f63-4252-8891-99a04f4f6927,c5,c3,1023,?,x12,
1768857126.7990808,FORWARDED,a321ec73-bf86-4c46-be93-49a8ca4920b6,afb2884e-7f63-4252-8891-99a04f4f6927,c5,c3,1023,?,x12,
1768857126.8288138,SENT,20af28eb-d149-4fae-afc4-2e965692ac64,8d0dbad2-c685-48c1-9007-2b01df31a9cd,c1,c5,1020,?,x10,
1768857126.8288589,FORWARDED,20af28eb-d149-4fae-afc4-2e965692ac64,8d0dbad2-c685-48c1-9007-2b01df31a9cd,c1,c5,1020,?,x10,
1768857126.8411574,SENT,f6115a3f-4da6-4df3-9c6b-fe41f32ce348,80da2713-fbd5-4841-af5a-1b49b4cf188e,c5,c3,1019,?,x10,
1768857126.8411968,FORWARDED,f6115a3f-4da6-4df3-9c6b-fe41f32ce348,80da2713-fbd5-4841-af5a-1b49b4cf188e,c5,c3,1019,?,x10,
1768857126.8690941,RECEIVED,c3124f78-26d9-4545-8c9a-bef12bdc3358,94bb68dc-485c-4296-8139-2d215dfaf0b5,c3,c5,1583,e6,?,
1768857126.9256127,RECEIVED,664087d3-dc75-431a-b14b-65bf8bfde1bd,9c917217-ce1b-41cc-a74d-b1e592472352,c3,c5,1444,e7,?,
1768857127.0143425,RECEIVED,e2b18e4d-46c4-4ab1-a73f-b4b91275d040,d8396422-374e-424b-8a1f-517bc8d76df3,c2,DROP,445,x3,?,
1768857127.0937328,RECEIVED,d68fd444-a61f-4989-9193-154d79249383,7a4bb092-a016-402b-b6b6-7c9b07e198cb,c5,c1,1567,e7,?,
1768857127.1239626,RECEIVED,153e29d7-35fd-4ac5-9226-8dc4f7f24b38,e22a42e0-98c5-47c1-b079-8d1abe4f986c,c5,c3,1465,e3,?,
1768857127.2538514,SENT,664087d3-dc75-431a-b14b-65bf8bfde1bd,9c917217-ce1b-41cc-a74d-b1e592472352,c3,c5,1011,?,x9,
1768857127.253893,FORWARDED,664087d3-dc75-431a-b14b-65bf8bfde1bd,9c917217-ce1b-41cc-a74d-b1e592472352,c3,c5,1011,?,x9,
1768857127.2777228,SENT,153e29d7-35fd-4ac5-9226-8dc4f7f24b38,e22a42e0-98c5-47c1-b079-8d1abe4f986c,c5,c3,1024,?,x10,
1768857127.2778132,FORWARDED,153e29d7-35fd-4ac5-9226-8dc4f7f24b38,e22a42e0-98c5-47c1-b079-8d1abe4f986c,c5,c3,1024,?,x10,
1768857127.3192592,SENT,c3124f78-26d9-4545-8c9a-bef12bdc3358,94bb68dc-485c-4296-8139-2d215dfaf0b5,c3,c5,1114,?,x9,
1768857127.3198175,FORWARDED,c3124f78-26d9-4545-8c9a-bef12bdc3358,94bb68dc-485c-4296-8139-2d215dfaf0b5,c3,c5,1114,?,x9,
1768857127.5833204,RECEIVED,9f27b364-c5b9-4c61-9788-0e60e1d4c3cb,5ce38ae5-f06b-4211-9cdc-4dd907e7d678,c5,c1,1579,e10,?,
1768857127.70969,SENT,981b7639-b95a-4cb2-bca7-90fd50d8c6a4,2829d8dd-2243-495c-9990-22d79fc17513,c4,DROP,687,?,x8,
1768857127.709741,FORWARDED,981b7639-b95a-4cb2-bca7-90fd50d8c6a4,2829d8dd-2243-495c-9990-22d79fc17513,c4,DROP,687,?,x8,
1768857127.8025267,RECEIVED,bd1d4758-4ed4-424a-8250-21a9187810ac,91b05473-d002-4ae8-99a8-db38cb0b0f06,c5,c4,1584,e10,?,
1768857127.8914034,SENT,bd1d4758-4ed4-424a-8250-21a9187810ac,91b05473-d002-4ae8-99a8-db38cb0b0f06,c5,c4,1116,?,x6,
1768857127.8914444,FORWARDED,bd1d4758-4ed4-424a-8250-21a9187810ac,91b05473-d002-4ae8-99a8-db38cb0b0f06,c5,c4,1116,?,x6,
1768857128.0589187,SENT,d68fd444-a61f-4989-9193-154d79249383,7a4bb092-a016-402b-b6b6-7c9b07e198cb,c5,c1,1103,?,x3,
1768857128.0589585,FORWARDED,d68fd444-a61f-4989-9193-154d79249383,7a4bb092-a016-402b-b6b6-7c9b07e198cb,c5,c1,1103,?,x3,
1768857128.0830102,SENT,0a62975a-550b-42f1-9fd0-cac7929182f0,6e6e2c62-2c61-41e7-92e2-d7e81d6fbcfc,c4,c5,1020,?,x4,
1768857128.0830634,FORWARDED,0a62975a-550b-42f1-9fd0-cac7929182f0,6e6e2c62-2c61-41e7-92e2-d7e81d6fbcfc,c4,c5,1020,?,x4,
1768857128.1637797,RECEIVED,34120f9d-1ac8-46e4-965e-02c177cdd181,1266a334-5664-4cd2-914f-fc209e009511,c5,c1,1566,e6,?,
1768857128.3165078,RECEIVED,b576dcb5-82f6-40ef-a51f-cc78bd4472fa,4aeb06e9-27e0-425f-8c96-0c994aaf642d,c1,DROP,445,x4,?,
1768857128.3912828,RECEIVED,bdbae8f1-d275-42b3-b472-593ffc0dd3bf,2166bf2a-bea7-44ac-b841-fb66b8bcc662,c5,c3,1463,e11,?,
1768857128.405488,RECEIVED,ee503eac-e7be-40df-8119-9db8f87bd830,30f3f978-57f3-4f07-bbf0-0e06d5a382ae,c5,c3,1442,e6,?,
1768857128.467869,SENT,923db489-02b3-4926-977a-d3b269732b3d,363f0102-7fbe-4a0e-8c8f-5c6219ba1618,c5,c1,1115,?,x5,
1768857128.4679115,FORWARDED,923db489-02b3-4926-977a-d3b269732b3d,363f0102-7fbe-4a0e-8c8f-5c6219ba1618,c5,c1,1115,?,x5,
1768857128.5773463,RECEIVED,a825136a-5418-4468-a9be-dbffb87f63ee,46de438a-5388-4e3d-a6bb-e66998d111a8,c4,c5,1447,e1,?,
1768857128.9882545,SENT,a825136a-5418-4468-a9be-dbffb87f63ee,46de438a-5388-4e3d-a6bb-e66998d111a8,c4,c5,1012,?,x1,
1768857128.988297,FORWARDED,a825136a-5418-4468-a9be-dbffb87f63ee,46de438a-5388-4e3d-a6bb-e66998d111a8,c4,c5,1012,?,x1,
1768857129.000845,SENT,9f27b364-c5b9-4c61-9788-0e60e1d4c3cb,5ce38ae5-f06b-4211-9cdc-4dd907e7d678,c5,c1,1111,?,x6,
1768857129.0008883,FORWARDED,9f27b364-c5b9-4c61-9788-0e60e1d4c3cb,5ce38ae5-f06b-4211-9cdc-4dd907e7d678,c5,c1,1111,?,x6,
1768857129.0018063,RECEIVED,a63428ef-bf8f-4be9-8b59-904eb746594c,55c99c63-4b64-43c4-9427-85a10c65745a,c2,DROP,446,x10,?,
1768857129.2125432,SENT,ee503eac-e7be-40df-8119-9db8f87bd830,30f3f978-57f3-4f07-bbf0-0e06d5a382ae,c5,c3,1011,?,x9,
1768857129.2125854,FORWARDED,ee503eac-e7be-40df-8119-9db8f87bd830,30f3f978-57f3-4f07-bbf0-0e06d5a382ae,c5,c3,1011,?,x9,
1768857129.2667327,RECEIVED,955598f7-8b70-4679-952d-98334d8186d4,f04e4242-fb55-4305-b6c7-6c1531e6aac2,c3,DROP,445,x10,?,
1768857129.3952184,SENT,bdbae8f1-d275-42b3-b472-593ffc0dd3bf,2166bf2a-bea7-44ac-b841-fb66b8bcc662,c5,c3,1024,?,x4,
1768857129.3952608,FORWARDED,bdbae8f1-d275-42b3-b472-593ffc0dd3bf,2166bf2a-bea7-44ac-b841-fb66b8bcc662,c5,c3,1024,?,x4,
1768857129.4432054,RECEIVED,fdd9ac4a-5cf8-4d6b-90ad-1920b7d27ff5,994afa9c-d267-4f98-b071-53d2943f5383,c4,c5,1461,e1,?,
1768857129.5344734,SENT,fdd9ac4a-5cf8-4d6b-90ad-1920b7d27ff5,994afa9c-d267-4f98-b071-53d2943f5383,c4,c5,1021,?,x10,
1768857129.534514,FORWARDED,fdd9ac4a-5cf8-4d6b-90ad-1920b7d27ff5,994afa9c-d267-4f98-b071-53d2943f5383,c4,c5,1021,?,x10,
1768857129.5648375,SENT,34120f9d-1ac8-46e4-965e-02c177cdd181,1266a334-5664-4cd2-914f-fc209e009511,c5,c1,1102,?,x6,
1768857129.5648844,FORWARDED,34120f9d-1ac8-46e4-965e-02c177cdd181,1266a334-5664-4cd2-914f-fc209e009511,c5,c1,1102,?,x6,
1768857129.6298704,RECEIVED,d9d02748-fb58-4614-9428-25bfda4e5e58,ac7550ac-4c0e-45a1-9e1b-335aa4886d32,c2,c1,1452,e8,?,
1768857129.6962457,RECEIVED,0a1f5be4-12d4-4141-808e-8362495e7466,d9a73d32-8259-401d-8516-1d2337903019,c4,c5,1464,e7,?,
1768857129.7300339,SENT,d9d02748-fb58-4614-9428-25bfda4e5e58,ac7550ac-4c0e-45a1-9e1b-335aa4886d32,c2,c1,1015,?,x3,
1768857129.7301028,FORWARDED,d9d02748-fb58-4614-9428-25bfda4e5e58,ac7550ac-4c0e-45a1-9e1b-335aa4886d32,c2,c1,1015,?,x3,
1768857129.7846365,RECEIVED,cce61807-6303-4196-b3a2-eeeaa401ad5a,a5460510-a63a-4d61-a067-a0a20b69f743,c3,DROP,1007,e1,?,
1768857130.0675948,SENT,cce61807-6303-4196-b3a2-eeeaa401ad5a,a5460510-a63a-4d61-a067-a0a20b69f743,c3,DROP,683,?,x9,
1768857130.0676434,FORWARDED,cce61807-6303-4196-b3a2-eeeaa401ad5a,a5460510-a63a-4d61-a067-a0a20b69f743,c3,DROP,683,?,x9,
1768857130.6711416,RECEIVED,4d65adbe-a826-4f72-a7fc-bc5ab33f5452,a8693b9c-8336-42ce-8e34-abae90bd8462,c3,c5,1451,e1,?,
1768857130.696085,RECEIVED,0921afc0-8b75-4ba6-b1a3-916cd4632955,98aad2af-7cec-4b3a-bc02-b3308619b6b4,c5,c4,1582,e10,?,
1768857130.7835784,SENT,0a1f5be4-12d4-4141-808e-8362495e7466,d9a73d32-8259-401d-8516-1d2337903019,c4,c5,1024,?,x11,
1768857130.783621,FORWARDED,0a1f5be4-12d4-4141-808e-8362495e7466,d9a73d32-8259-401d-8516-1d2337903019,c4,c5,1024,?,x11,
1768857130.8450775,RECEIVED,de6cb5a5-e501-4fe9-81e5-02a9e95a9f83,dbf8523e-3587-4d3b-9ea4-62451af66135,c5,DROP,1008,e6,?,
1768857130.9738863,RECEIVED,1525ff42-7abd-4d48-986b-a5ff43ce40c0,e1c6cd7e-9f95-493c-bccb-63ec73653d45,c1,c2,1585,e8,?,
1768857131.0001447,SENT,1525ff42-7abd-4d48-986b-a5ff43ce40c0,e1c6cd7e-9f95-493c-bccb-63ec73653d45,c1,c2,1116,?,x2,
1768857131.0001876,FORWARDED,1525ff42-7abd-4d48-986b-a5ff43ce40c0,e1c6cd7e-9f95-493c-bccb-63ec73653d45,c1,c2,1116,?,x2,
1768857131.01579,RECEIVED,4bc7cd5e-0dee-4b6a-af35-1d40feadb22d,18bdb6a5-332e-4c5d-b039-2bfe9c234cc1,c3,c5,1457,e5,?,
1768857131.0586772,RECEIVED,0da1ddf4-5575-49f9-b3c5-3fc0bb0fad63,19c573db-0e56-4853-bb4a-4e13d11cf3b9,c5,c4,1584,e6,?,
1768857131.0675957,SENT,de6cb5a5-e501-4fe9-81e5-02a9e95a9f83,dbf8523e-3587-4d3b-9ea4-62451af66135,c5,DROP,682,?,x4,
1768857131.067695,FORWARDED,de6cb5a5-e501-4fe9-81e5-02a9e95a9f83,dbf8523e-3587-4d3b-9ea4-62451af66135,c5,DROP,682,?,x4,
1768857131.2426684,SENT,4bc7cd5e-0dee-4b6a-af35-1d40feadb22d,18bdb6a5-332e-4c5d-b039-2bfe9c234cc1,c3,c5,1019,?,x12,
1768857131.2427106,FORWARDED,4bc7cd5e-0dee-4b6a-af35-1d40feadb22d,18bdb6a5-332e-4c5d-b039-2bfe9c234cc1,c3,c5,1019,?,x12,
1768857131.4787965,RECEIVED,95d215f1-28a8-4cde-bc1e-14c65ec26e70,0afacbb2-af60-4fe6-9f64-ee4b45fdcace,c5,c4,1588,e7,?,
1768857131.5986001,SENT,0da1ddf4-5575-49f9-b3c5-3fc0bb0fad63,19c573db-0e56-4853-bb4a-4e13d11cf3b9,c5,c4,1115,?,x10,
1768857131.598641,FORWARDED,0da1ddf4-5575-49f9-b3c5-3fc0bb0fad63,19c573db-0e56-4853-bb4a-4e13d11cf3b9,c5,c4,1115,?,x10,
1768857131.8698573,SENT,4d65adbe-a826-4f72-a7fc-bc5ab33f5452,a8693b9c-8336-42ce-8e34-abae90bd8462,c3,c5,1015,?,x7,
1768857131.8698978,FORWARDED,4d65adbe-a826-4f72-a7fc-bc5ab33f5452,a8693b9c-8336-42ce-8e34-abae90bd8462,c3,c5,1015,?,x7,
1768857132.043175,RECEIVED,048adc06-17ab-43bc-b762-1e28f7b4a6c4,c67e103b-20c3-4019-8ea3-3452aaee8d7e,c3,c5,1452,e10,?,
1768857132.128879,SENT,048adc06-17ab-43bc-b762-1e28f7b4a6c4,c67e103b-20c3-4019-8ea3-3452aaee8d7e,c3,c5,1016,?,x2,
1768857132.1289282,FORWARDED,048adc06-17ab-43bc-b762-1e28f7b4a6c4,c67e103b-20c3-4019-8ea3-3452aaee8d7e,c3,c5,1016,?,x2,
1768857132.1355312,RECEIVED,b77c911e-6268-46b0-b31d-f463a234866c,186f618d-a2ff-40bc-8a69-064ef4d7e2ff,c5,c3,1456,e2,?,
1768857132.2869022,RECEIVED,6b7cbd0e-6443-4075-aeda-4553c9bdcef6,841dfe02-d02f-406e-9589-bd0dc73bd22d,c3,c5,1588,e3,?,
1768857132.3485558,SENT,b77c911e-6268-46b0-b31d-f463a234866c,186f618d-a2ff-40bc-8a69-064ef4d7e2ff,c5,c3,1020,?,x2,
1768857132.3485966,FORWARDED,b77c911e-6268-46b0-b31d-f463a234866c,186f618d-a2ff-40bc-8a69-064ef4d7e2ff,c5,c3,1020,?,x2,
1768857133.0234215,SENT,0921afc0-8b75-4ba6-b1a3-916cd4632955,98aad2af-7cec-4b3a-bc02-b3308619b6b4,c5,c4,1116,?,x9,
1768857133.0234632,FORWARDED,0921afc0-8b75-4ba6-b1a3-916cd4632955,98aad2af-7cec-4b3a-bc02-b3308619b6b4,c5,c4,1116,?,x9,
1768857133.195113,SENT,6b7cbd0e-6443-4075-aeda-4553c9bdcef6,841dfe02-d02f-406e-9589-bd0dc73bd22d,c3,c5,1117,?,x11,
1768857133.1951585,FORWARDED,6b7cbd0e-6443-4075-aeda-4553c9bdcef6,841dfe02-d02f-406e-9589-bd0dc73bd22d,c3,c5,1117,?,x11,
1768857133.2708628,RECEIVED,7e432db7-2be4-4dd7-af30-0aa711369f7a,9653f52d-03b8-4362-890d-e736ec47ed8f,c5,c3,1584,e10,?,
1768857133.3239768,RECEIVED,e6abe3b9-ca86-41f1-a3b1-e8512b7c232f,9f643437-07f2-4300-ad32-3f38168a11b1,c1,DROP,441,x1,?,
1768857133.3431935,SENT,95d215f1-28a8-4cde-bc1e-14c65ec26e70,0afacbb2-af60-4fe6-9f64-ee4b45fdcace,c5,c4,1119,?,x11,
1768857133.3432374,FORWARDED,95d215f1-28a8-4cde-bc1e-14c65ec26e70,0afacbb2-af60-4fe6-9f64-ee4b45fdcace,c5,c4,1119,?,x11,
1768857133.5322251,RECEIVED,0f7c8e38-3605-4395-8053-324e144130b6,632e0972-5444-4f80-8787-63be693d494b,c5,c3,1584,e6,?,
1768857133.7782617,SENT,0f7c8e38-3605-4395-8053-324e144130b6,632e0972-5444-4f80-8787-63be693d494b,c5,c3,1116,?,x5,
1768857133.7783122,FORWARDED,0f7c8e38-3605-4395-8053-324e144130b6,632e0972-5444-4f80-8787-63be693d494b,c5,c3,1116,?,x5,
1768857133.830359,RECEIVED,79016d39-8f38-4870-85ff-903a7b4a4a8a,b8072d08-f5b7-427d-9454-75075e8dbe75,c1,c5,1464,e10,?,
1768857133.9925556,RECEIVED,d5d46040-843f-41d5-acde-28d351c676ff,f2c39f63-3a30-4412-b8a5-7e6c160dd4c7,c1,c5,1456,e6,?,
1768857134.0249903,RECEIVED,125fae5b-a7dd-4750-9655-bbd58a649d49,93ea0ad2-94a2-492b-ad1f-688786302778,c3,c5,1464,e12,?,
1768857134.0536613,SENT,79016d39-8f38-4870-85ff-903a7b4a4a8a,b8072d08-f5b7-427d-9454-75075e8dbe75,c1,c5,1024,?,x5,
1768857134.0537045,FORWARDED,79016d39-8f38-4870-85ff-903a7b4a4a8a,b8072d08-f5b7-427d-9454-75075e8dbe75,c1,c5,1024,?,x5,
1768857134.0672581,SENT,125fae5b-a7dd-4750-9655-bbd58a649d49,93ea0ad2-94a2-492b-ad1f-688786302778,c3,c5,1024,?,x4,
1768857134.067301,FORWARDED,125fae5b-a7dd-4750-9655-bbd58a649d49,93ea0ad2-94a2-492b-ad1f-688786302778,c3,c5,1024,?,x4,
1768857134.1546204,RECEIVED,92be80b0-2e9e-41e8-9c00-045205351f72,038f1bc6-969a-4f46-905f-f6e0d53b8a44,c5,c3,1584,e5,?,
1768857134.298172,SENT,92be80b0-2e9e-41e8-9c00-045205351f72,038f1bc6-969a-4f46-905f-f6e0d53b8a44,c5,c3,1115,?,x4,
1768857134.2982137,FORWARDED,92be80b0-2e9e-41e8-9c00-045205351f72,038f1bc6-969a-4f46-905f-f6e0d53b8a44,c5,c3,1115,?,x4,
1768857134.486304,SENT,7e432db7-2be4-4dd7-af30-0aa711369f7a,9653f52d-03b8-4362-890d-e736ec47ed8f,c5,c3,1114,?,x11,
1768857134.4863465,FORWARDED,7e432db7-2be4-4dd7-af30-0aa711369f7a,9653f52d-03b8-4362-890d-e736ec47ed8f,c5,c3,1114,?,x11,
1768857134.631499,RECEIVED,ada65b4e-ec3a-48a6-848d-c0dd9cac533a,38474506-752a-410d-a35f-e64b191065ef,c3,c5,1584,e3,?,
1768857134.7372758,SENT,ada65b4e-ec3a-48a6-848d-c0dd9cac533a,38474506-752a-410d-a35f-e64b191065ef,c3,c5,1115,?,x8,
1768857134.7373161,FORWARDED,ada65b4e-ec3a-48a6-848d-c0dd9cac533a,38474506-752a-410d-a35f-e64b191065ef,c3,c5,1115,?,x8,
1768857134.924868,RECEIVED,6a321005-ebb9-427d-a990-317413342534,308884a4-7f75-4af2-8b06-57939f5fe05e,c1,c2,1585,e1,?,
1768857134.9800005,RECEIVED,64dfa229-08e6-410c-a535-98f6d9f10d67,445e787c-1192-48d4-9dcb-43f523429c4e,c2,DROP,1009,e2,?,
1768857135.0140815,RECEIVED,de12b7fc-c74f-4bfc-91e7-1b69e5efd9d7,22bfd42b-6253-45b3-9546-e93cda04556c,c2,c1,1464,e5,?,
1768857135.0401065,SENT,64dfa229-08e6-410c-a535-98f6d9f10d67,445e787c-1192-48d4-9dcb-43f523429c4e,c2,DROP,682,?,x3,
1768857135.040157,FORWARDED,64dfa229-08e6-410c-a535-98f6d9f10d67,445e787c-1192-48d4-9dcb-43f523429c4e,c2,DROP,682,?,x3,
1768857135.0875318,RECEIVED,164f6638-1c29-4b8f-bdf6-a61c9209112e,03abbe6f-76d1-4003-820f-2d3f3b93e43f,c1,c5,1452,e1,?,
1768857135.1450741,SENT,6a321005-ebb9-427d-a990-317413342534,308884a4-7f75-4af2-8b06-57939f5fe05e,c1,c2,1115,?,x10,
1768857135.145116,FORWARDED,6a321005-ebb9-427d-a990-317413342534,308884a4-7f75-4af2-8b06-57939f5fe05e,c1,c2,1115,?,x10,
1768857135.21245,RECEIVED,20f4bf3e-deb6-4ef6-a0df-1d2af87e6eec,c11c00a9-a5bb-48d8-be22-426c73135477,c5,c1,1584,e10,?,
1768857135.2583718,RECEIVED,7a3888c8-2763-482c-a340-34aaa81711ab,60d93fe3-2179-4040-9d6b-ef64bac6b9fe,c4,c5,1464,e3,?,
1768857135.2917774,RECEIVED,f49b1c65-47c3-4189-9916-357639cdea83,881d4ae5-870c-4c9a-8e57-329b0e10de42,c1,c5,1448,e1,?,
1768857135.381435,SENT,7a3888c8-2763-482c-a340-34aaa81711ab,60d93fe3-2179-4040-9d6b-ef64bac6b9fe,c4,c5,1024,?,x11,
1768857135.3814776,FORWARDED,7a3888c8-2763-482c-a340-34aaa81711ab,60d93fe3-2179-4040-9d6b-ef64bac6b9fe,c4,c5,1024,?,x11,
1768857135.4097846,SENT,f49b1c65-47c3-4189-9916-357639cdea83,881d4ae5-870c-4c9a-8e57-329b0e10de42,c1,c5,1012,?,x7,
1768857135.409837,FORWARDED,f49b1c65-47c3-4189-9916-357639cdea83,881d4ae5-870c-4c9a-8e57-329b0e10de42,c1,c5,1012,?,x7,
1768857135.4642038,SENT,164f6638-1c29-4b8f-bdf6-a61c9209112e,03abbe6f-76d1-4003-820f-2d3f3b93e43f,c1,c5,1016,?,x1,
1768857135.4642448,FORWARDED,164f6638-1c29-4b8f-bdf6-a61c9209112e,03abbe6f-76d1-4003-820f-2d3f3b93e43f,c1,c5,1016,?,x1,
1768857135.5063248,SENT,de12b7fc-c74f-4bfc-91e7-1b69e5efd9d7,22bfd42b-6253-45b3-9546-e93cda04556c,c2,c1,1024,?,x5,
1768857135.506367,FORWARDED,de12b7fc-c74f-4bfc-91e7-1b69e5efd9d7,22bfd42b-6253-45b3-9546-e93cda04556c,c2,c1,1024,?,x5,
1768857135.5255256,SENT,20f4bf3e-deb6-4ef6-a0df-1d2af87e6eec,c11c00a9-a5bb-48d8-be22-426c73135477,c5,c1,1115,?,x11,
1768857135.5255668,FORWARDED,20f4bf3e-deb6-4ef6-a0df-1d2af87e6eec,c11c00a9-a5bb-48d8-be22-426c73135477,c5,c1,1115,?,x11,
1768857135.7745621,RECEIVED,0c43545c-9dc3-4933-8b25-d891dd04c2f7,e636f8e5-ce2f-4116-8f6c-dc5b3a62bb59,c2,c1,1451,e6,?,
1768857136.3742204,SENT,0c43545c-9dc3-4933-8b25-d891dd04c2f7,e636f8e5-ce2f-4116-8f6c-dc5b3a62bb59,c2,c1,1015,?,x1,
1768857136.374281,FORWARDED,0c43545c-9dc3-4933-8b25-d891dd04c2f7,e636f8e5-ce2f-4116-8f6c-dc5b3a62bb59,c2,c1,1015,?,x1,
1768857136.4682186,RECEIVED,1ccc2cf4-9ad4-46f6-9b73-305bb53274b8,edb11c93-67ff-43b9-97e7-966ff159875e,c2,c1,1456,e1,?,
1768857136.5111983,SENT,d5d46040-843f-41d5-acde-28d351c676ff,f2c39f63-3a30-4412-b8a5-7e6c160dd4c7,c1,c5,1019,?,x11,
1768857136.5112402,FORWARDED,d5d46040-843f-41d5-acde-28d351c676ff,f2c39f63-3a30-4412-b8a5-7e6c160dd4c7,c1,c5,1019,?,x11,
1768857136.5511267,SENT,1ccc2cf4-9ad4-46f6-9b73-305bb53274b8,edb11c93-67ff-43b9-97e7-966ff159875e,c2,c1,1019,?,x3,
1768857136.55116,FORWARDED,1ccc2cf4-9ad4-46f6-9b73-305bb53274b8,edb11c93-67ff-43b9-97e7-966ff159875e,c2,c1,1019,?,x3,
1768857137.2335606,RECEIVED,537d18b4-0eb9-45b3-a96f-a588535aa8ba,66932f6b-d3f3-4525-ae44-44a4fd18301d,c1,DROP,1017,e11,?,
1768857137.2440903,RECEIVED,33637d43-4381-41fa-8d92-d3b002ad4108,a4e31382-e3e1-42c1-9e54-4a6b2ec0acec,c2,c1,1464,e2,?,
1768857137.281915,SENT,537d18b4-0eb9-45b3-a96f-a588535aa8ba,66932f6b-d3f3-4525-ae44-44a4fd18301d,c1,DROP,688,?,x6,
1768857137.282115,FORWARDED,537d18b4-0eb9-45b3-a96f-a588535aa8ba,66932f6b-d3f3-4525-ae44-44a4fd18301d,c1,DROP,688,?,x6,
1768857137.3299348,SENT,33637d43-4381-41fa-8d92-d3b002ad4108,a4e31382-e3e1-42c1-9e54-4a6b2ec0acec,c2,c1,1024,?,x2,
1768857137.3299692,FORWARDED,33637d43-4381-41fa-8d92-d3b002ad4108,a4e31382-e3e1-42c1-9e54-4a6b2ec0acec,c2,c1,1024,?,x2,
1768857137.3497727,RECEIVED,3367a658-2948-4f14-96f7-b86187046e17,d5a5e728-f422-4680-b224-16e3b4c5a886,c3,c5,1455,e12,?,
1768857137.607808,RECEIVED,18d3a9aa-567d-47d3-828c-cf3f08866548,7faa29e7-314c-4068-bf53-4b333c99932d,c4,c5,1460,e11,?,
1768857137.665773,SENT,3367a658-2948-4f14-96f7-b86187046e17,d5a5e728-f422-4680-b224-16e3b4c5a886,c3,c5,1020,?,x11,
1768857137.665815,FORWARDED,3367a658-2948-4f14-96f7-b86187046e17,d5a5e728-f422-4680-b224-16e3b4c5a886,c3,c5,1020,?,x11,
1768857137.6752234,SENT,18d3a9aa-567d-47d3-828c-cf3f08866548,7faa29e7-314c-4068-bf53-4b333c99932d,c4,c5,1023,?,x7,
1768857137.6752677,FORWARDED,18d3a9aa-567d-47d3-828c-cf3f08866548,7faa29e7-314c-4068-bf53-4b333c99932d,c4,c5,1023,?,x7,
1768857137.7179825,RECEIVED,7d03985e-8536-412e-b4d8-1374a32b8c36,3f35f158-b339-427c-b40e-486eb5a263ca,c1,c5,1455,e11,?,
1768857137.750406,RECEIVED,ad381afa-f3d8-448e-bd4a-895ca7982193,18582fa1-e86b-46d1-b493-c83337d57457,c5,c1,1584,e11,?,
1768857137.9211423,SENT,ad381afa-f3d8-448e-bd4a-895ca7982193,18582fa1-e86b-46d1-b493-c83337d57457,c5,c1,1116,?,x8,
1768857137.921185,FORWARDED,ad381afa-f3d8-448e-bd4a-895ca7982193,18582fa1-e86b-46d1-b493-c83337d57457,c5,c1,1116,?,x8,
1768857137.964742,SENT,7d03985e-8536-412e-b4d8-1374a32b8c36,3f35f158-b339-427c-b40e-486eb5a263ca,c1,c5,1019,?,x2,
1768857137.9647825,FORWARDED,7d03985e-8536-412e-b4d8-1374a32b8c36,3f35f158-b339-427c-b40e-486eb5a263ca,c1,c5,1019,?,x2,
1768857138.0595782,RECEIVED,e927b613-df19-4eb3-9f64-4436733a5b4d,6ea8867e-6afb-47e5-b4e6-57ebf434458b,c1,c5,1460,e10,?,
1768857138.2357175,SENT,e927b613-df19-4eb3-9f64-4436733a5b4d,6ea8867e-6afb-47e5-b4e6-57ebf434458b,c1,c5,1023,?,x7,
1768857138.2357643,FORWARDED,e927b613-df19-4eb3-9f64-4436733a5b4d,6ea8867e-6afb-47e5-b4e6-57ebf434458b,c1,c5,1023,?,x7,
1768857138.5791519,RECEIVED,d293ed94-6eaa-455f-9fa2-820b66a4d416,e95715a8-0cf5-4d7f-ba59-10f000c3ea81,c1,c5,1454,e10,?,
1768857138.9132838,RECEIVED,1fa145af-42d2-41b5-b540-d11e39be8d11,b90165d1-4843-4dd8-8a0c-068bca1610c5,c5,c4,1586,e6,?,
1768857138.9251032,SENT,1fa145af-42d2-41b5-b540-d11e39be8d11,b90165d1-4843-4dd8-8a0c-068bca1610c5,c5,c4,1115,?,x8,
1768857138.9251456,FORWARDED,1fa145af-42d2-41b5-b540-d11e39be8d11,b90165d1-4843-4dd8-8a0c-068bca1610c5,c5,c4,1115,?,x8,
1768857138.927236,SENT,d293ed94-6eaa-455f-9fa2-820b66a4d416,e95715a8-0cf5-4d7f-ba59-10f000c3ea81,c1,c5,1019,?,x8,
1768857138.9272776,FORWARDED,d293ed94-6eaa-455f-9fa2-820b66a4d416,e95715a8-0cf5-4d7f-ba59-10f000c3ea81,c1,c5,1019,?,x8,
1768857139.0500765,RECEIVED,0ef97923-b2f0-4b08-ae40-e3353b79fa34,2023d14c-f5dd-46d7-9371-5467ae23c754,c5,c4,1584,e12,?,
1768857139.3586311,RECEIVED,9cf54269-4710-48f1-b1fe-6607ffb21843,3bdf32e7-f75e-42e7-9075-35c534d13631,c5,c4,1583,e3,?,
1768857139.4097638,SENT,0ef97923-b2f0-4b08-ae40-e3353b79fa34,2023d14c-f5dd-46d7-9371-5467ae23c754,c5,c4,1115,?,x8,
1768857139.409812,FORWARDED,0ef97923-b2f0-4b08-ae40-e3353b79fa34,2023d14c-f5dd-46d7-9371-5467ae23c754,c5,c4,1115,?,x8,
1768857139.6009178,RECEIVED,41969dde-0754-4a6d-afd8-488788168525,d32ab806-3095-4502-93e5-9416dc390cb6,c5,c1,1583,e11,?,
1768857139.611057,SENT,9cf54269-4710-48f1-b1fe-6607ffb21843,3bdf32e7-f75e-42e7-9075-35c534d13631,c5,c4,1115,?,x6,
1768857139.6110976,FORWARDED,9cf54269-4710-48f1-b1fe-6607ffb21843,3bdf32e7-f75e-42e7-9075-35c534d13631,c5,c4,1115,?,x6,
1768857139.8732002,RECEIVED,8f0a488b-9b6d-44a8-b2eb-12480993e50a,b2dd89ae-255f-4b4a-9c8d-588ad17b7c02,c5,c3,1448,e12,?,
1768857139.9957206,SENT,41969dde-0754-4a6d-afd8-488788168525,d32ab806-3095-4502-93e5-9416dc390cb6,c5,c1,1115,?,x5,
1768857139.995765,FORWARDED,41969dde-0754-4a6d-afd8-488788168525,d32ab806-3095-4502-93e5-9416dc390cb6,c5,c1,1115,?,x5,
1768857140.2553103,RECEIVED,73b1ea87-0a40-4ab9-912e-f66635df07b2,71d5fc5a-2bf1-4d14-8bc5-e961622daaec,c5,c1,1584,e11,?,
1768857140.3134139,SENT,8f0a488b-9b6d-44a8-b2eb-12480993e50a,b2dd89ae-255f-4b4a-9c8d-588ad17b7c02,c5,c3,1012,?,x4,
1768857140.3134599,FORWARDED,8f0a488b-9b6d-44a8-b2eb-12480993e50a,b2dd89ae-255f-4b4a-9c8d-588ad17b7c02,c5,c3,1012,?,x4,
1768857140.3543887,RECEIVED,bc23c06b-cc59-4b15-afb8-4b098abfd69f,124743a1-e009-42d1-9ed3-cca2bac3c937,c1,DROP,1015,e3,?,
1768857140.4178584,RECEIVED,b493b004-42a7-444f-bd79-5fd3e957a1af,862c4299-0de6-4b39-962a-438c68c09e19,c2,c1,1453,e1,?,
1768857140.5120206,SENT,73b1ea87-0a40-4ab9-912e-f66635df07b2,71d5fc5a-2bf1-4d14-8bc5-e961622daaec,c5,c1,1116,?,x12,
1768857140.5120757,FORWARDED,73b1ea87-0a40-4ab9-912e-f66635df07b2,71d5fc5a-2bf1-4d14-8bc5-e961622daaec,c5,c1,1116,?,x12,
1768857140.5756106,RECEIVED,a0e64e0d-e78a-4aef-b807-299d66241903,861d2c99-28f3-48bc-8e70-34c6b4194164,c1,c5,1451,e1,?,
1768857140.6015234,SENT,b493b004-42a7-444f-bd79-5fd3e957a1af,862c4299-0de6-4b39-962a-438c68c09e19,c2,c1,1015,?,x11,
1768857140.6015651,FORWARDED,b493b004-42a7-444f-bd79-5fd3e957a1af,862c4299-0de6-4b39-962a-438c68c09e19,c2,c1,1015,?,x11,
1768857141.0172417,SENT,bc23c06b-cc59-4b15-afb8-4b098abfd69f,124743a1-e009-42d1-9ed3-cca2bac3c937,c1,DROP,688,?,x4,
1768857141.0172842,FORWARDED,bc23c06b-cc59-4b15-afb8-4b098abfd69f,124743a1-e009-42d1-9ed3-cca2bac3c937,c1,DROP,688,?,x4,
1768857141.1234975,RECEIVED,b0445960-8122-4527-837d-28f8f7dddc49,edca7669-6949-4294-a03c-757be1dee419,c1,c2,1584,e7,?,
1768857141.1422324,RECEIVED,8b2d1026-5c6f-4d7e-901e-5b339c628291,e41d2b2e-411d-4ac3-9248-dce51ed3181a,c5,c3,1455,e7,?,
1768857141.3153882,RECEIVED,cec4acaf-7c1c-460b-beb5-954687037e25,45f0fc4a-afd6-479d-b874-bde57289262c,c5,c3,1571,e5,?,
1768857141.5365374,SENT,a0e64e0d-e78a-4aef-b807-299d66241903,861d2c99-28f3-48bc-8e70-34c6b4194164,c1,c5,1016,?,x2,
1768857141.5365756,FORWARDED,a0e64e0d-e78a-4aef-b807-299d66241903,861d2c99-28f3-48bc-8e70-34c6b4194164,c1,c5,1016,?,x2,
1768857141.566889,SENT,b0445960-8122-4527-837d-28f8f7dddc49,edca7669-6949-4294-a03c-757be1dee419,c1,c2,1116,?,x10,
1768857141.5669434,FORWARDED,b0445960-8122-4527-837d-28f8f7dddc49,edca7669-6949-4294-a03c-757be1dee419,c1,c2,1116,?,x10,
1768857141.7781563,RECEIVED,95294bb8-1a24-4a1a-8a5a-4436391132ff,b15c156f-c5ac-4c24-89d5-47b3d9b4ab34,c1,c2,1583,e12,?,
1768857141.799386,RECEIVED,fbd4be93-c6d4-4acf-8fcb-eea4dbe4763b,da2fa046-8d63-4089-82a0-ed00a6f8b678,c5,c3,1456,e4,?,
1768857141.8519232,SENT,8b2d1026-5c6f-4d7e-901e-5b339c628291,e41d2b2e-411d-4ac3-9248-dce51ed3181a,c5,c3,1019,?,x1,
1768857141.8519597,FORWARDED,8b2d1026-5c6f-4d7e-901e-5b339c628291,e41d2b2e-411d-4ac3-9248-dce51ed3181a,c5,c3,1019,?,x1,
1768857141.8804202,RECEIVED,b68d5285-1346-48b7-87d2-e6b6a19b106a,eb129148-d470-4e4c-bdc2-3134759d2c8a,c4,c5,1465,e5,?,
1768857142.0639393,SENT,b68d5285-1346-48b7-87d2-e6b6a19b106a,eb129148-d470-4e4c-bdc2-3134759d2c8a,c4,c5,1024,?,x10,
1768857142.0639777,FORWARDED,b68d5285-1346-48b7-87d2-e6b6a19b106a,eb129148-d470-4e4c-bdc2-3134759d2c8a,c4,c5,1024,?,x10,
1768857142.1058784,RECEIVED,2f606009-08c5-4cd9-bf19-0ab9b43c893e,3b73008e-ddf6-491e-8857-5a303a9c89fa,c5,c4,1584,e10,?,
1768857142.155906,SENT,95294bb8-1a24-4a1a-8a5a-4436391132ff,b15c156f-c5ac-4c24-89d5-47b3d9b4ab34,c1,c2,1115,?,x5,
1768857142.1559465,FORWARDED,95294bb8-1a24-4a1a-8a5a-4436391132ff,b15c156f-c5ac-4c24-89d5-47b3d9b4ab34,c1,c2,1115,?,x5,
1768857142.2576559,SENT,fbd4be93-c6d4-4acf-8fcb-eea4dbe4763b,da2fa046-8d63-4089-82a0-ed00a6f8b678,c5,c3,1019,?,x10,
1768857142.2577047,FORWARDED,fbd4be93-c6d4-4acf-8fcb-eea4dbe4763b,da2fa046-8d63-4089-82a0-ed00a6f8b678,c5,c3,1019,?,x10,
1768857142.2913988,SENT,2f606009-08c5-4cd9-bf19-0ab9b43c893e,3b73008e-ddf6-491e-8857-5a303a9c89fa,c5,c4,1116,?,x7,
1768857142.2914503,FORWARDED,2f606009-08c5-4cd9-bf19-0ab9b43c893e,3b73008e-ddf6-491e-8857-5a303a9c89fa,c5,c4,1116,?,x7,
1768857142.392784,RECEIVED,28d2dcf8-9116-4128-9943-b2ed12ca44f0,b3a7a61e-ca56-4f6d-b98b-866c4e6444c8,c5,c3,1584,e5,?,
1768857142.496812,SENT,28d2dcf8-9116-4128-9943-b2ed12ca44f0,b3a7a61e-ca56-4f6d-b98b-866c4e6444c8,c5,c3,1116,?,x7,
1768857142.4968598,FORWARDED,28d2dcf8-9116-4128-9943-b2ed12ca44f0,b3a7a61e-ca56-4f6d-b98b-866c4e6444c8,c5,c3,1116,?,x7,
1768857142.522614,RECEIVED,2318d261-7c48-4352-a928-94a62a273053,97dce94f-c568-46ee-bbdd-262514ab62b4,c1,c5,1455,e5,?,
1768857142.8047588,RECEIVED,c314d7fd-f3cf-4bcd-8573-ec3abfe8715e,021e140d-052f-47b0-96cf-29d13d405663,c5,c4,1583,e12,?,
1768857143.1596327,SENT,cec4acaf-7c1c-460b-beb5-954687037e25,45f0fc4a-afd6-479d-b874-bde57289262c,c5,c3,1107,?,x4,
1768857143.1596909,FORWARDED,cec4acaf-7c1c-460b-beb5-954687037e25,45f0fc4a-afd6-479d-b874-bde57289262c,c5,c3,1107,?,x4,
1768857143.2291267,RECEIVED,a3d6bbad-b597-4161-bad3-7f4424060f3a,fcb115b6-3692-4d9b-a67b-cfb7ca009f52,c4,c5,1461,e12,?,
1768857143.278162,RECEIVED,176ec09d-e371-430b-b879-cfacbf3cb32c,6b43548c-011e-4bfe-9c66-228e0da86369,c5,c3,1584,e8,?,
1768857143.529793,SENT,a3d6bbad-b597-4161-bad3-7f4424060f3a,fcb115b6-3692-4d9b-a67b-cfb7ca009f52,c4,c5,1023,?,x11,
1768857143.5298653,FORWARDED,a3d6bbad-b597-4161-bad3-7f4424060f3a,fcb115b6-3692-4d9b-a67b-cfb7ca009f52,c4,c5,1023,?,x11,
1768857143.5972505,SENT,176ec09d-e371-430b-b879-cfacbf3cb32c,6b43548c-011e-4bfe-9c66-228e0da86369,c5,c3,1114,?,x3,
1768857143.5980856,FORWARDED,176ec09d-e371-430b-b879-cfacbf3cb32c,6b43548c-011e-4bfe-9c66-228e0da86369,c5,c3,1114,?,x3,
1768857143.6593776,RECEIVED,2543f34a-fbb3-4d39-8d95-dfdf6a446309,5f9b8c69-ea79-4da9-8557-04d97f365716,c1,c2,1567,e1,?,
1768857143.7097945,SENT,2318d261-7c48-4352-a928-94a62a273053,97dce94f-c568-46ee-bbdd-262514ab62b4,c1,c5,1019,?,x2,
1768857143.7098389,FORWARDED,2318d261-7c48-4352-a928-94a62a273053,97dce94f-c568-46ee-bbdd-262514ab62b4,c1,c5,1019,?,x2,
1768857144.0148766,SENT,c314d7fd-f3cf-4bcd-8573-ec3abfe8715e,021e140d-052f-47b0-96cf-29d13d405663,c5,c4,1116,?,x8,
1768857144.0149167,FORWARDED,c314d7fd-f3cf-4bcd-8573-ec3abfe8715e,021e140d-052f-47b0-96cf-29d13d405663,c5,c4,1116,?,x8,
1768857144.016403,RECEIVED,b05a58f0-1472-4e19-921f-bad7b77a7ec1,be6223f3-b425-4435-959a-91ba241df78c,c2,c1,1459,e1,?,
1768857144.3084955,SENT,2543f34a-fbb3-4d39-8d95-dfdf6a446309,5f9b8c69-ea79-4da9-8557-04d97f365716,c1,c2,1104,?,x3,
1768857144.3085766,FORWARDED,2543f34a-fbb3-4d39-8d95-dfdf6a446309,5f9b8c69-ea79-4da9-8557-04d97f365716,c1,c2,1104,?,x3,
1768857144.7327237,SENT,b05a58f0-1472-4e19-921f-bad7b77a7ec1,be6223f3-b425-4435-959a-91ba241df78c,c2,c1,1023,?,x7,
1768857144.7327673,FORWARDED,b05a58f0-1472-4e19-921f-bad7b77a7ec1,be6223f3-b425-4435-959a-91ba241df78c,c2,c1,1023,?,x7,
1768857144.9109397,RECEIVED,ddf444ab-23c1-4227-aa86-f74a53566ece,1d68a39f-6a33-4b2a-8466-45f164985ba0,c1,c5,1451,e6,?,
1768857145.517979,RECEIVED,6b978e8b-2587-4f90-808d-7297d4adb8e1,0b02384b-9fc8-4efd-9ee1-137c3d435433,c3,c5,1455,e7,?,
1768857145.5597959,RECEIVED,11923b7c-71e1-47ac-aee6-5f499ce347fe,df5e0bcc-b92a-4aed-afe6-9c0206180875,c5,DROP,1008,e1,?,
1768857145.5710182,SENT,ddf444ab-23c1-4227-aa86-f74a53566ece,1d68a39f-6a33-4b2a-8466-45f164985ba0,c1,c5,1016,?,x1,
1768857145.5710733,FORWARDED,ddf444ab-23c1-4227-aa86-f74a53566ece,1d68a39f-6a33-4b2a-8466-45f164985ba0,c1,c5,1016,?,x1,
1768857145.770111,SENT,11923b7c-71e1-47ac-aee6-5f499ce347fe,df5e0bcc-b92a-4aed-afe6-9c0206180875,c5,DROP,684,?,x8,
1768857145.7702727,FORWARDED,11923b7c-71e1-47ac-aee6-5f499ce347fe,df5e0bcc-b92a-4aed-afe6-9c0206180875,c5,DROP,684,?,x8,
1768857146.081884,RECEIVED,4849bfb8-5bc8-4b14-a064-6b8b1f74fb27,3da5dc09-ac56-40bc-a671-42f802a97023,c3,c5,1451,e3,?,
1768857146.2323601,SENT,6b978e8b-2587-4f90-808d-7297d4adb8e1,0b02384b-9fc8-4efd-9ee1-137c3d435433,c3,c5,1020,?,x6,
1768857146.2324014,FORWARDED,6b978e8b-2587-4f90-808d-7297d4adb8e1,0b02384b-9fc8-4efd-9ee1-137c3d435433,c3,c5,1020,?,x6,
1768857146.7058709,RECEIVED,ed4026cc-c534-4a10-aa70-ed8d39145a68,35015c00-a33e-4f38-ab9a-8a5e44145c7b,c1,c2,1585,e8,?,
1768857146.7902658,SENT,ed4026cc-c534-4a10-aa70-ed8d39145a68,35015c00-a33e-4f38-ab9a-8a5e44145c7b,c1,c2,1115,?,x10,
1768857146.7903087,FORWARDED,ed4026cc-c534-4a10-aa70-ed8d39145a68,35015c00-a33e-4f38-ab9a-8a5e44145c7b,c1,c2,1115,?,x10,
1768857147.0029106,RECEIVED,050c1165-dfc2-474c-b23b-226403241f9f,1897453f-1c58-4325-827f-d69aac0cd7d9,c5,c3,1584,e12,?,
1768857147.0130613,SENT,4849bfb8-5bc8-4b14-a064-6b8b1f74fb27,3da5dc09-ac56-40bc-a671-42f802a97023,c3,c5,1015,?,x2,
1768857147.0131047,FORWARDED,4849bfb8-5bc8-4b14-a064-6b8b1f74fb27,3da5dc09-ac56-40bc-a671-42f802a97023,c3,c5,1015,?,x2,
1768857147.014435,RECEIVED,d82760b4-608c-4042-9795-8b69ec7ff4d2,9477813e-f435-4ffc-8da8-0e1e73c45fd8,c4,DROP,1021,e11,?,
1768857147.1182592,SENT,050c1165-dfc2-474c-b23b-226403241f9f,1897453f-1c58-4325-827f-d69aac0cd7d9,c5,c3,1115,?,x9,
1768857147.1182945,FORWARDED,050c1165-dfc2-474c-b23b-226403241f9f,1897453f-1c58-4325-827f-d69aac0cd7d9,c5,c3,1115,?,x9,
1768857147.2327275,SENT,d82760b4-608c-4042-9795-8b69ec7ff4d2,9477813e-f435-4ffc-8da8-0e1e73c45fd8,c4,DROP,692,?,x12,
1768857147.2327762,FORWARDED,d82760b4-608c-4042-9795-8b69ec7ff4d2,9477813e-f435-4ffc-8da8-0e1e73c45fd8,c4,DROP,692,?,x12,
1768857147.349551,RECEIVED,41982ee8-e982-4945-a045-8a0728a723b3,30d93af3-d94e-4fb0-8cb3-d32949176981,c3,c5,1457,e10,?,
1768857147.5100954,RECEIVED,1c27b67e-ea9d-4e89-9630-2339245478af,51d31130-63c4-4b48-92ad-87b50905ec56,c5,c3,1455,e10,?,
1768857147.5458295,SENT,41982ee8-e982-4945-a045-8a0728a723b3,30d93af3-d94e-4fb0-8cb3-d32949176981,c3,c5,1018,?,x10,
1768857147.5458806,FORWARDED,41982ee8-e982-4945-a045-8a0728a723b3,30d93af3-d94e-4fb0-8cb3-d32949176981,c3,c5,1018,?,x10,
1768857147.8554952,RECEIVED,b0907887-8984-4362-a18a-40b0c410e8df,377bebca-fdf0-462b-8b20-57c4b729f7af,c4,c5,1465,e10,?,
1768857147.9480283,SENT,b0907887-8984-4362-a18a-40b0c410e8df,377bebca-fdf0-462b-8b20-57c4b729f7af,c4,c5,1024,?,x4,
1768857147.9480824,FORWARDED,b0907887-8984-4362-a18a-40b0c410e8df,377bebca-fdf0-462b-8b20-57c4b729f7af,c4,c5,1024,?,x4,
1768857148.1662786,SENT,1c27b67e-ea9d-4e89-9630-2339245478af,51d31130-63c4-4b48-92ad-87b50905ec56,c5,c3,1019,?,x3,
1768857148.1663146,FORWARDED,1c27b67e-ea9d-4e89-9630-2339245478af,51d31130-63c4-4b48-92ad-87b50905ec56,c5,c3,1019,?,x3,
1768857148.1729295,RECEIVED,013e6253-f105-4ef6-9e81-10a8d3d08c16,a6a013bf-7d09-4c3f-bf83-b709b047823c,c3,c5,1583,e11,?,
1768857148.2993062,RECEIVED,6619e48a-6808-4e8d-b095-0df7821ac773,4c77409c-2177-476d-af4c-39fc04b80f92,c1,c5,1468,e10,?,
1768857148.3758059,RECEIVED,95b52884-ad51-4455-a05c-4986728b4bb9,716c48b4-35c7-4597-b367-bd6f320bc0be,c4,DROP,1015,e5,?,
1768857148.788294,RECEIVED,ecc95faa-29c8-45a7-bd67-31d25d1f7cd4,8f4d6661-380a-4760-a44a-7b1ee261aa1e,c2,c1,1464,e6,?,
1768857148.8446102,RECEIVED,a1d98328-1a16-4296-afbb-d851a0d9d0db,d6f1d656-a57c-43f7-87ed-e32504932270,c4,c5,1459,e2,?,
1768857148.9156883,SENT,013e6253-f105-4ef6-9e81-10a8d3d08c16,a6a013bf-7d09-4c3f-bf83-b709b047823c,c3,c5,1116,?,x3,
1768857148.915729,FORWARDED,013e6253-f105-4ef6-9e81-10a8d3d08c16,a6a013bf-7d09-4c3f-bf83-b709b047823c,c3,c5,1116,?,x3,
1768857148.9558587,RECEIVED,3dac7813-9a90-4a18-ba74-91cb10420140,c0855763-6cbe-43a1-bc99-ba8c216161fe,c2,c1,1457,e12,?,
1768857149.043091,SENT,3dac7813-9a90-4a18-ba74-91cb10420140,c0855763-6cbe-43a1-bc99-ba8c216161fe,c2,c1,1020,?,x12,
1768857149.0436401,FORWARDED,3dac7813-9a90-4a18-ba74-91cb10420140,c0855763-6cbe-43a1-bc99-ba8c216161fe,c2,c1,1020,?,x12,
1768857149.053337,SENT,ecc95faa-29c8-45a7-bd67-31d25d1f7cd4,8f4d6661-380a-4760-a44a-7b1ee261aa1e,c2,c1,1024,?,x6,
1768857149.0533776,FORWARDED,ecc95faa-29c8-45a7-bd67-31d25d1f7cd4,8f4d6661-380a-4760-a44a-7b1ee261aa1e,c2,c1,1024,?,x6,
1768857149.0695775,SENT,6619e48a-6808-4e8d-b095-0df7821ac773,4c77409c-2177-476d-af4c-39fc04b80f92,c1,c5,1028,?,x10,
1768857149.069619,FORWARDED,6619e48a-6808-4e8d-b095-0df7821ac773,4c77409c-2177-476d-af4c-39fc04b80f92,c1,c5,1028,?,x10,
1768857149.4542952,RECEIVED,511032b6-b2a1-4584-abcc-c1d1f9ea29aa,5cb21827-834d-4ca3-91ac-aa40d4b48996,c3,c5,1443,e2,?,
1768857149.5240102,SENT,95b52884-ad51-4455-a05c-4986728b4bb9,716c48b4-35c7-4597-b367-bd6f320bc0be,c4,DROP,688,?,x4,
1768857149.5240605,FORWARDED,95b52884-ad51-4455-a05c-4986728b4bb9,716c48b4-35c7-4597-b367-bd6f320bc0be,c4,DROP,688,?,x4,
1768857149.678874,RECEIVED,12c537f0-5342-49ed-88b7-e787b8dda177,6839775e-50ef-421b-98ad-d707a3efdf26,c4,c5,1456,e3,?,
1768857150.3993857,SENT,a1d98328-1a16-4296-afbb-d851a0d9d0db,d6f1d656-a57c-43f7-87ed-e32504932270,c4,c5,1023,?,x3,
1768857150.3994274,FORWARDED,a1d98328-1a16-4296-afbb-d851a0d9d0db,d6f1d656-a57c-43f7-87ed-e32504932270,c4,c5,1023,?,x3,
1768857150.4539647,SENT,12c537f0-5342-49ed-88b7-e787b8dda177,6839775e-50ef-421b-98ad-d707a3efdf26,c4,c5,1019,?,x10,
1768857150.4540067,FORWARDED,12c537f0-5342-49ed-88b7-e787b8dda177,6839775e-50ef-421b-98ad-d707a3efdf26,c4,c5,1019,?,x10,
1768857150.5592465,RECEIVED,d51e4b97-8261-4c7c-9dc0-7a0d11c718c9,779e6454-9a2c-4aff-bdd6-5cefcb7a4493,c5,c3,1458,e7,?,
1768857150.565155,SENT,511032b6-b2a1-4584-abcc-c1d1f9ea29aa,5cb21827-834d-4ca3-91ac-aa40d4b48996,c3,c5,1011,?,x9,
1768857150.5652006,FORWARDED,511032b6-b2a1-4584-abcc-c1d1f9ea29aa,5cb21827-834d-4ca3-91ac-aa40d4b48996,c3,c5,1011,?,x9,
1768857150.611109,RECEIVED,c900cff3-e857-46f7-a9b5-436486f92f7c,4e447b47-7456-4cc2-99a1-eb968a709b9f,c3,c5,1456,e4,?,
1768857150.7246532,SENT,c900cff3-e857-46f7-a9b5-436486f92f7c,4e447b47-7456-4cc2-99a1-eb968a709b9f,c3,c5,1020,?,x1,
1768857150.7246947,FORWARDED,c900cff3-e857-46f7-a9b5-436486f92f7c,4e447b47-7456-4cc2-99a1-eb968a709b9f,c3,c5,1020,?,x1,
1768857151.2472339,RECEIVED,efcac6e3-c815-4d30-aee3-afa77217762f,e1bd2790-3c98-4dd2-afff-a64941225955,c5,c1,1584,e12,?,
1768857151.2748873,RECEIVED,bb561148-6744-457b-9130-a4b95226c70a,4917f7c8-e854-4455-a46a-feeab5a344fe,c5,c3,1452,e11,?,
1768857151.3607762,SENT,efcac6e3-c815-4d30-aee3-afa77217762f,e1bd2790-3c98-4dd2-afff-a64941225955,c5,c1,1115,?,x1,
1768857151.3608198,FORWARDED,efcac6e3-c815-4d30-aee3-afa77217762f,e1bd2790-3c98-4dd2-afff-a64941225955,c5,c1,1115,?,x1,
1768857151.5802824,RECEIVED,62f1cdd5-d0c2-47f3-a61e-6e316b779c01,9fe39b9d-2482-4f88-8cd2-4e0676f711ff,c5,c3,1584,e6,?,
1768857151.6668818,SENT,62f1cdd5-d0c2-47f3-a61e-6e316b779c01,9fe39b9d-2482-4f88-8cd2-4e0676f711ff,c5,c3,1115,?,x1,
1768857151.6669211,FORWARDED,62f1cdd5-d0c2-47f3-a61e-6e316b779c01,9fe39b9d-2482-4f88-8cd2-4e0676f711ff,c5,c3,1115,?,x1,
1768857152.0064085,RECEIVED,b159132e-0518-491e-8c76-7e346bd12ea9,a59c4a1d-8f74-4c30-b950-f81b754b1dd5,c3,c5,1584,e5,?,
1768857152.0750678,RECEIVED,ba03769e-1460-421c-ac19-b4653a126d9a,f63a72e5-c2a9-4edf-9796-dfc48af2f52c,c1,c5,1460,e4,?,
1768857152.1232002,SENT,ba03769e-1460-421c-ac19-b4653a126d9a,f63a72e5-c2a9-4edf-9796-dfc48af2f52c,c1,c5,1023,?,x2,
1768857152.1232414,FORWARDED,ba03769e-1460-421c-ac19-b4653a126d9a,f63a72e5-c2a9-4edf-9796-dfc48af2f52c,c1,c5,1023,?,x2,
1768857152.1249862,SENT,d51e4b97-8261-4c7c-9dc0-7a0d11c718c9,779e6454-9a2c-4aff-bdd6-5cefcb7a4493,c5,c3,1023,?,x4,
1768857152.1250236,FORWARDED,d51e4b97-8261-4c7c-9dc0-7a0d11c718c9,779e6454-9a2c-4aff-bdd6-5cefcb7a4493,c5,c3,1023,?,x4,
1768857152.1745632,RECEIVED,9f12ebdb-3d98-4f20-8fa6-af745d4f371d,a87d90c9-2e11-4d48-9fd1-4ed8893e89d3,c5,c3,1460,e3,?,
1768857152.2433438,SENT,9f12ebdb-3d98-4f20-8fa6-af745d4f371d,a87d90c9-2e11-4d48-9fd1-4ed8893e89d3,c5,c3,1022,?,x8,
1768857152.2433856,FORWARDED,9f12ebdb-3d98-4f20-8fa6-af745d4f371d,a87d90c9-2e11-4d48-9fd1-4ed8893e89d3,c5,c3,1022,?,x8,
1768857152.2503374,SENT,b159132e-0518-491e-8c76-7e346bd12ea9,a59c4a1d-8f74-4c30-b950-f81b754b1dd5,c3,c5,1116,?,x5,
1768857152.2503765,FORWARDED,b159132e-0518-491e-8c76-7e346bd12ea9,a59c4a1d-8f74-4c30-b950-f81b754b1dd5,c3,c5,1116,?,x5,
1768857152.798999,RECEIVED,cf1ff5a2-63e1-4ac2-85eb-44a1c8b1fd5e,e5aa69a7-5f1f-4399-940d-f7d8fa6f0c4a,c5,c3,1570,e5,?,
1768857152.8314528,RECEIVED,7842a08e-6844-40e5-9012-e8607e3123a4,b6f4c678-a93c-4fd7-ad8e-8096239ded01,c3,c5,1454,e11,?,
1768857153.129547,RECEIVED,86bd0e35-82db-4a7c-a3dd-e15061f63afa,f93a6696-8ade-4a56-ae2e-5a1b1982bd56,c3,c5,1585,e1,?,
1768857153.1408765,SENT,cf1ff5a2-63e1-4ac2-85eb-44a1c8b1fd5e,e5aa69a7-5f1f-4399-940d-f7d8fa6f0c4a,c5,c3,1106,?,x6,
1768857153.1409206,FORWARDED,cf1ff5a2-63e1-4ac2-85eb-44a1c8b1fd5e,e5aa69a7-5f1f-4399-940d-f7d8fa6f0c4a,c5,c3,1106,?,x6,
1768857153.363973,SENT,86bd0e35-82db-4a7c-a3dd-e15061f63afa,f93a6696-8ade-4a56-ae2e-5a1b1982bd56,c3,c5,1115,?,x10,
1768857153.3640149,FORWARDED,86bd0e35-82db-4a7c-a3dd-e15061f63afa,f93a6696-8ade-4a56-ae2e-5a1b1982bd56,c3,c5,1115,?,x10,
1768857153.4002135,SENT,bb561148-6744-457b-9130-a4b95226c70a,4917f7c8-e854-4455-a46a-feeab5a344fe,c5,c3,1016,?,x11,
1768857153.4002564,FORWARDED,bb561148-6744-457b-9130-a4b95226c70a,4917f7c8-e854-4455-a46a-feeab5a344fe,c5,c3,1016,?,x11,
1768857153.5587604,RECEIVED,2ead825b-08a5-4445-b608-18dc2751f70a,ce4d5b5d-3962-42f2-9cca-fe9666d8c770,c3,c5,1585,e12,?,
1768857153.605247,SENT,2ead825b-08a5-4445-b608-18dc2751f70a,ce4d5b5d-3962-42f2-9cca-fe9666d8c770,c3,c5,1116,?,x10,
1768857153.6055293,FORWARDED,2ead825b-08a5-4445-b608-18dc2751f70a,ce4d5b5d-3962-42f2-9cca-fe9666d8c770,c3,c5,1116,?,x10,
1768857153.634186,RECEIVED,5b4bd410-57d2-4d50-8fdc-23e5b04709f3,3dfa9796-cf5a-4f66-99bc-eb938e269b35,c5,c1,1583,e10,?,
1768857153.6577277,RECEIVED,fe03e75e-95f1-4131-a38e-2ca832570117,726c20b1-ae10-4a92-8d34-bf8eecd8c014,c4,DROP,1007,e8,?,
1768857154.2005239,RECEIVED,7f56c8aa-abcb-42bc-9e15-c927a4f6616b,a543107f-276d-4ad9-9d2f-e74d210bee19,c5,c3,1455,e1,?,
1768857154.20083,SENT,5b4bd410-57d2-4d50-8fdc-23e5b04709f3,3dfa9796-cf5a-4f66-99bc-eb938e269b35,c5,c1,1116,?,x3,
1768857154.20087,FORWARDED,5b4bd410-57d2-4d50-8fdc-23e5b04709f3,3dfa9796-cf5a-4f66-99bc-eb938e269b35,c5,c1,1116,?,x3,
1768857154.2904668,SENT,fe03e75e-95f1-4131-a38e-2ca832570117,726c20b1-ae10-4a92-8d34-bf8eecd8c014,c4,DROP,683,?,x6,
1768857154.2905087,FORWARDED,fe03e75e-95f1-4131-a38e-2ca832570117,726c20b1-ae10-4a92-8d34-bf8eecd8c014,c4,DROP,683,?,x6,
1768857154.5253363,RECEIVED,ebafd9d0-8004-4f9c-bbda-336f90cce049,df625cdd-4bbd-4ec6-8ff6-93605ce0d4f2,c5,c4,1583,e1,?,
1768857154.6590562,RECEIVED,53d7b20c-6a5f-4814-bf83-a8e20d244805,45b3d31c-670f-4c1c-84f6-df9dd06c0ed7,c1,c2,1567,e5,?,
1768857154.7127423,SENT,ebafd9d0-8004-4f9c-bbda-336f90cce049,df625cdd-4bbd-4ec6-8ff6-93605ce0d4f2,c5,c4,1115,?,x7,
1768857154.7127829,FORWARDED,ebafd9d0-8004-4f9c-bbda-336f90cce049,df625cdd-4bbd-4ec6-8ff6-93605ce0d4f2,c5,c4,1115,?,x7,
1768857154.8676193,SENT,7842a08e-6844-40e5-9012-e8607e3123a4,b6f4c678-a93c-4fd7-ad8e-8096239ded01,c3,c5,1020,?,x6,
1768857154.8676598,FORWARDED,7842a08e-6844-40e5-9012-e8607e3123a4,b6f4c678-a93c-4fd7-ad8e-8096239ded01,c3,c5,1020,?,x6,
1768857155.0730689,SENT,7f56c8aa-abcb-42bc-9e15-c927a4f6616b,a543107f-276d-4ad9-9d2f-e74d210bee19,c5,c3,1019,?,x7,
1768857155.0731077,FORWARDED,7f56c8aa-abcb-42bc-9e15-c927a4f6616b,a543107f-276d-4ad9-9d2f-e74d210bee19,c5,c3,1019,?,x7,
1768857155.215136,SENT,53d7b20c-6a5f-4814-bf83-a8e20d244805,45b3d31c-670f-4c1c-84f6-df9dd06c0ed7,c1,c2,1103,?,x9,
1768857155.215178,FORWARDED,53d7b20c-6a5f-4814-bf83-a8e20d244805,45b3d31c-670f-4c1c-84f6-df9dd06c0ed7,c1,c2,1103,?,x9,
1768857155.2875636,RECEIVED,95d4116d-a615-4db8-9ee9-801dcbb33c5f,b2ab790b-10d0-4993-b01f-51e008a05813,c4,DROP,1006,e8,?,
1768857155.5583243,RECEIVED,48d425af-0def-4fe8-bd05-626555ad62da,2937abcb-0a9d-4c93-91f7-0dcc7e1d5ad4,c3,c5,1585,e12,?,
1768857155.6097817,SENT,48d425af-0def-4fe8-bd05-626555ad62da,2937abcb-0a9d-4c93-91f7-0dcc7e1d5ad4,c3,c5,1115,?,x12,
1768857155.609821,FORWARDED,48d425af-0def-4fe8-bd05-626555ad62da,2937abcb-0a9d-4c93-91f7-0dcc7e1d5ad4,c3,c5,1115,?,x12,
1768857155.7293007,RECEIVED,8597391b-6573-4bb3-9468-3151576f58ca,ff43c1ce-b8bd-4b4b-a428-41492061dc4a,c5,c1,1584,e10,?,
1768857155.811258,SENT,8597391b-6573-4bb3-9468-3151576f58ca,ff43c1ce-b8bd-4b4b-a428-41492061dc4a,c5,c1,1115,?,x1,
1768857155.8112996,FORWARDED,8597391b-6573-4bb3-9468-3151576f58ca,ff43c1ce-b8bd-4b4b-a428-41492061dc4a,c5,c1,1115,?,x1,
1768857155.9325192,RECEIVED,4db00261-6b9a-402d-b72f-f2500a08221d,24134698-c567-4c5a-b4a8-effb33d054e8,c1,DROP,1011,e4,?,
1768857156.188045,SENT,4db00261-6b9a-402d-b72f-f2500a08221d,24134698-c567-4c5a-b4a8-effb33d054e8,c1,DROP,687,?,x1,
1768857156.188274,FORWARDED,4db00261-6b9a-402d-b72f-f2500a08221d,24134698-c567-4c5a-b4a8-effb33d054e8,c1,DROP,687,?,x1,
1768857156.2755558,RECEIVED,a1d09f0f-22b6-4d8d-a8e9-994fca9714ca,76779631-57ad-4c2a-add1-4a551dfb42b3,c3,c5,1452,e10,?,
1768857156.4314585,SENT,a1d09f0f-22b6-4d8d-a8e9-994fca9714ca,76779631-57ad-4c2a-add1-4a551dfb42b3,c3,c5,1016,?,x3,
1768857156.4314992,FORWARDED,a1d09f0f-22b6-4d8d-a8e9-994fca9714ca,76779631-57ad-4c2a-add1-4a551dfb42b3,c3,c5,1016,?,x3,
1768857156.4360182,RECEIVED,7ac90f0a-951b-4f22-8ed4-d52a68df38f8,1e445b8a-ba70-4eb0-a08e-b2bfc0c0a8c9,c2,DROP,1008,e12,?,
1768857156.5363984,SENT,7ac90f0a-951b-4f22-8ed4-d52a68df38f8,1e445b8a-ba70-4eb0-a08e-b2bfc0c0a8c9,c2,DROP,684,?,x2,
1768857156.536445,FORWARDED,7ac90f0a-951b-4f22-8ed4-d52a68df38f8,1e445b8a-ba70-4eb0-a08e-b2bfc0c0a8c9,c2,DROP,684,?,x2,
1768857156.7112544,RECEIVED,996fa958-7f26-4029-b495-d2877f7aaa6d,94642a1d-4ba1-4a54-881c-fefce24c587a,c5,c3,1452,e8,?,
1768857156.8335166,SENT,95d4116d-a615-4db8-9ee9-801dcbb33c5f,b2ab790b-10d0-4993-b01f-51e008a05813,c4,DROP,683,?,x9,
1768857156.833718,FORWARDED,95d4116d-a615-4db8-9ee9-801dcbb33c5f,b2ab790b-10d0-4993-b01f-51e008a05813,c4,DROP,683,?,x9,
1768857156.9522662,RECEIVED,7825d95e-efea-40c1-b9c3-d4d5d3988fbe,13e149c3-e6c7-4d88-883e-074a469663e1,c4,c5,1447,e8,?,
1768857157.2053394,SENT,996fa958-7f26-4029-b495-d2877f7aaa6d,94642a1d-4ba1-4a54-881c-fefce24c587a,c5,c3,1016,?,x4,
1768857157.2053816,FORWARDED,996fa958-7f26-4029-b495-d2877f7aaa6d,94642a1d-4ba1-4a54-881c-fefce24c587a,c5,c3,1016,?,x4,
1768857157.556218,SENT,7825d95e-efea-40c1-b9c3-d4d5d3988fbe,13e149c3-e6c7-4d88-883e-074a469663e1,c4,c5,1012,?,x5,
1768857157.5562613,FORWARDED,7825d95e-efea-40c1-b9c3-d4d5d3988fbe,13e149c3-e6c7-4d88-883e-074a469663e1,c4,c5,1012,?,x5,
1768857157.6402283,RECEIVED,d6ccb8a4-efb5-4090-a609-2391b634e068,77a58674-0bb3-4d16-82e4-0c01cb4c29de,c2,c1,1464,e7,?,
1768857157.6901593,SENT,d6ccb8a4-efb5-4090-a609-2391b634e068,77a58674-0bb3-4d16-82e4-0c01cb4c29de,c2,c1,1024,?,x9,
1768857157.6902,FORWARDED,d6ccb8a4-efb5-4090-a609-2391b634e068,77a58674-0bb3-4d16-82e4-0c01cb4c29de,c2,c1,1024,?,x9,
1768857157.9638631,RECEIVED,f7ccd36c-4856-432f-9119-0b6f5d7e6f9f,2b14eceb-10ae-4cfe-8ea1-19ea2d44d96e,c5,DROP,1007,e3,?,
1768857158.7594984,SENT,f7ccd36c-4856-432f-9119-0b6f5d7e6f9f,2b14eceb-10ae-4cfe-8ea1-19ea2d44d96e,c5,DROP,684,?,x9,
1768857158.7595432,FORWARDED,f7ccd36c-4856-432f-9119-0b6f5d7e6f9f,2b14eceb-10ae-4cfe-8ea1-19ea2d44d96e,c5,DROP,684,?,x9,
1768857160.2396283,RECEIVED,5a5b1919-d086-4095-8654-b6abd91246ba,2bb7a95e-8f48-4f0a-b20f-451d0b79166f,c2,c1,1456,e10,?,
1768857160.465002,RECEIVED,b1790fab-2467-4205-af59-2ec7231c7efd,ebc092b0-5480-43ff-94f6-b8013a125b61,c2,DROP,442,x1,?,
1768857160.4797928,RECEIVED,d82ff385-41a3-4820-8528-9fb4b7d9cfd8,e5c910ca-1cb3-4de4-bbd7-67a835b1ea65,c5,c4,1586,e3,?,
1768857160.4953837,SENT,d82ff385-41a3-4820-8528-9fb4b7d9cfd8,e5c910ca-1cb3-4de4-bbd7-67a835b1ea65,c5,c4,1115,?,x9,
1768857160.4954255,FORWARDED,d82ff385-41a3-4820-8528-9fb4b7d9cfd8,e5c910ca-1cb3-4de4-bbd7-67a835b1ea65,c5,c4,1115,?,x9,
1768857160.497213,SENT,5a5b1919-d086-4095-8654-b6abd91246ba,2bb7a95e-8f48-4f0a-b20f-451d0b79166f,c2,c1,1020,?,x2,
1768857160.497254,FORWARDED,5a5b1919-d086-4095-8654-b6abd91246ba,2bb7a95e-8f48-4f0a-b20f-451d0b79166f,c2,c1,1020,?,x2,
1768857160.6918194,RECEIVED,4fcdf26e-27b1-4376-9a9a-9adf53dd450d,2522c33e-7dec-4369-9e90-09f7fa5aa876,c4,DROP,445,x10,?,
1768857161.0928206,RECEIVED,9f520e66-131e-43f3-8a23-4464ae251604,2442b0fc-77c8-46b5-8296-3ff852502112,c1,c5,1457,e5,?,
1768857161.120662,SENT,9f520e66-131e-43f3-8a23-4464ae251604,2442b0fc-77c8-46b5-8296-3ff852502112,c1,c5,1018,?,x4,
1768857161.1207092,FORWARDED,9f520e66-131e-43f3-8a23-4464ae251604,2442b0fc-77c8-46b5-8296-3ff852502112,c1,c5,1018,?,x4,
1768857161.2316172,RECEIVED,635f8f8d-9c3d-47f0-9f48-b425433c51cc,61446d08-51d5-4ce2-82b2-7596c18e0945,c3,c5,1463,e6,?,
1768857161.3445659,RECEIVED,27ca39d2-ccc4-4ead-8e3e-97d9da6deec8,3835f4c3-d8a9-4706-9520-aeb49d1c06c9,c5,c3,1461,e11,?,
1768857161.5768347,RECEIVED,b508a56b-d916-4549-96a9-496bc467256a,0da96781-80ab-4a2b-8ed9-a2c17d44df98,c5,c1,1584,e12,?,
1768857161.6457858,RECEIVED,d56c78ed-b0d4-4a8c-8164-db5d865cc6e6,6963dca4-c547-4d36-a2a3-96119b96c0b6,c1,c5,1438,e3,?,
1768857161.699727,RECEIVED,e3458a87-1bd9-47f9-aba9-0dea4f7431f4,2d954687-3427-4f18-820b-efc5a7d635ac,c2,c1,1456,e11,?,
1768857161.7484028,RECEIVED,d6e83e59-0fba-47d8-9bcc-cebc0e640641,e2a669eb-f571-43c7-b5b4-6ed7488b3d92,c5,c1,1579,e3,?,
1768857161.750235,SENT,27ca39d2-ccc4-4ead-8e3e-97d9da6deec8,3835f4c3-d8a9-4706-9520-aeb49d1c06c9,c5,c3,1022,?,x12,
1768857161.7502763,FORWARDED,27ca39d2-ccc4-4ead-8e3e-97d9da6deec8,3835f4c3-d8a9-4706-9520-aeb49d1c06c9,c5,c3,1022,?,x12,
1768857161.7586243,SENT,635f8f8d-9c3d-47f0-9f48-b425433c51cc,61446d08-51d5-4ce2-82b2-7596c18e0945,c3,c5,1024,?,x3,
1768857161.7586641,FORWARDED,635f8f8d-9c3d-47f0-9f48-b425433c51cc,61446d08-51d5-4ce2-82b2-7596c18e0945,c3,c5,1024,?,x3,
1768857161.8368642,SENT,b508a56b-d916-4549-96a9-496bc467256a,0da96781-80ab-4a2b-8ed9-a2c17d44df98,c5,c1,1116,?,x6,
1768857161.8369055,FORWARDED,b508a56b-d916-4549-96a9-496bc467256a,0da96781-80ab-4a2b-8ed9-a2c17d44df98,c5,c1,1116,?,x6,
1768857161.8895767,SENT,e3458a87-1bd9-47f9-aba9-0dea4f7431f4,2d954687-3427-4f18-820b-efc5a7d635ac,c2,c1,1019,?,x1,
1768857161.8896205,FORWARDED,e3458a87-1bd9-47f9-aba9-0dea4f7431f4,2d954687-3427-4f18-820b-efc5a7d635ac,c2,c1,1019,?,x1,
1768857161.9176521,SENT,d56c78ed-b0d4-4a8c-8164-db5d865cc6e6,6963dca4-c547-4d36-a2a3-96119b96c0b6,c1,c5,1008,?,x2,
1768857161.9176946,FORWARDED,d56c78ed-b0d4-4a8c-8164-db5d865cc6e6,6963dca4-c547-4d36-a2a3-96119b96c0b6,c1,c5,1008,?,x2,
1768857162.2807822,RECEIVED,96295321-c6b0-428c-8d9e-af71622e54a0,5ae68256-77f5-4dff-b4a3-e53a3c0a2eaa,c3,c5,1455,e7,?,
1768857162.3908515,RECEIVED,bc157e56-8b67-4d37-8391-86b1432b100e,fe0d1e6d-d35e-4a6c-91f3-840f6dab0c18,c2,c1,1455,e2,?,
1768857162.7313006,RECEIVED,6ae316e0-42d9-48f5-a49c-812a85a308f6,db997368-a438-40d6-8cb9-6a0d13871700,c3,DROP,445,x10,?,
1768857162.875012,RECEIVED,695b7d19-281b-460e-abb9-7405927c8ec9,3d8cfbe5-3399-4756-b484-30e321b701f7,c2,c1,1459,e2,?,
1768857163.0418873,SENT,d6e83e59-0fba-47d8-9bcc-cebc0e640641,e2a669eb-f571-43c7-b5b4-6ed7488b3d92,c5,c1,1112,?,x3,
1768857163.041928,FORWARDED,d6e83e59-0fba-47d8-9bcc-cebc0e640641,e2a669eb-f571-43c7-b5b4-6ed7488b3d92,c5,c1,1112,?,x3,
1768857163.148738,SENT,96295321-c6b0-428c-8d9e-af71622e54a0,5ae68256-77f5-4dff-b4a3-e53a3c0a2eaa,c3,c5,1020,?,x7,
1768857163.1495204,FORWARDED,96295321-c6b0-428c-8d9e-af71622e54a0,5ae68256-77f5-4dff-b4a3-e53a3c0a2eaa,c3,c5,1020,?,x7,
1768857163.274344,SENT,bc157e56-8b67-4d37-8391-86b1432b100e,fe0d1e6d-d35e-4a6c-91f3-840f6dab0c18,c2,c1,1019,?,x6,
1768857163.2743866,FORWARDED,bc157e56-8b67-4d37-8391-86b1432b100e,fe0d1e6d-d35e-4a6c-91f3-840f6dab0c18,c2,c1,1019,?,x6,
1768857163.6790006,SENT,695b7d19-281b-460e-abb9-7405927c8ec9,3d8cfbe5-3399-4756-b484-30e321b701f7,c2,c1,1023,?,x1,
1768857163.6790447,FORWARDED,695b7d19-281b-460e-abb9-7405927c8ec9,3d8cfbe5-3399-4756-b484-30e321b701f7,c2,c1,1023,?,x1,
1768857163.693371,RECEIVED,e2feb97f-8198-41ad-8b41-11d24969d0af,deefd068-8fe7-4a49-b724-b15cc18b65ea,c2,c1,1455,e2,?,
1768857163.7282689,RECEIVED,6e9955cf-b066-4382-943c-80bb7c16ef56,ea528192-a8c5-4de4-8dcb-f913a7cd5b88,c1,c2,1584,e11,?,
1768857163.8795674,RECEIVED,5c906d07-4de9-4d18-b41d-7fcfacb15e7c,ec7d49e1-8e7f-4e1e-bef7-690d706558e3,c2,c1,1458,e10,?,
1768857163.9771063,SENT,5c906d07-4de9-4d18-b41d-7fcfacb15e7c,ec7d49e1-8e7f-4e1e-bef7-690d706558e3,c2,c1,1019,?,x1,
1768857163.9771485,FORWARDED,5c906d07-4de9-4d18-b41d-7fcfacb15e7c,ec7d49e1-8e7f-4e1e-bef7-690d706558e3,c2,c1,1019,?,x1,
1768857164.136301,SENT,e2feb97f-8198-41ad-8b41-11d24969d0af,deefd068-8fe7-4a49-b724-b15cc18b65ea,c2,c1,1018,?,x9,
1768857164.1363423,FORWARDED,e2feb97f-8198-41ad-8b41-11d24969d0af,deefd068-8fe7-4a49-b724-b15cc18b65ea,c2,c1,1018,?,x9,
1768857164.1838183,SENT,6e9955cf-b066-4382-943c-80bb7c16ef56,ea528192-a8c5-4de4-8dcb-f913a7cd5b88,c1,c2,1115,?,x2,
1768857164.1838605,FORWARDED,6e9955cf-b066-4382-943c-80bb7c16ef56,ea528192-a8c5-4de4-8dcb-f913a7cd5b88,c1,c2,1115,?,x2,
1768857165.5274823,RECEIVED,5836945c-3906-4615-8d4f-6c0d4ec07da3,cb6dfb1c-9869-4d3c-9bb3-d86a354951e1,c1,c5,1455,e11,?,
1768857165.6632493,RECEIVED,be6b4505-284e-4050-891d-ce05472dddd5,ea7b9d40-8d0c-48e9-b217-47fc8f740dd9,c4,c5,1463,e7,?,
1768857165.7232437,RECEIVED,a2b102dd-09cd-4052-97bb-ead17f4c6872,871d4832-c53c-4b29-8970-5659c6244a6a,c2,c1,1456,e6,?,
1768857165.8604062,RECEIVED,25afc379-db6f-46cc-8fce-34641bd4d7bd,4f39ffd1-e0bc-45c3-8764-5426f67be9ec,c1,c2,1584,e6,?,
1768857165.9419787,SENT,25afc379-db6f-46cc-8fce-34641bd4d7bd,4f39ffd1-e0bc-45c3-8764-5426f67be9ec,c1,c2,1116,?,x4,
1768857165.942025,FORWARDED,25afc379-db6f-46cc-8fce-34641bd4d7bd,4f39ffd1-e0bc-45c3-8764-5426f67be9ec,c1,c2,1116,?,x4,
1768857166.1591418,RECEIVED,21fdf76d-15b4-4d0d-a280-9fb19854ae56,bcc53cc0-b487-4e54-a978-327e9c3c28a7,c1,c5,1459,e11,?,
1768857166.1926167,SENT,5836945c-3906-4615-8d4f-6c0d4ec07da3,cb6dfb1c-9869-4d3c-9bb3-d86a354951e1,c1,c5,1020,?,x8,
1768857166.1927805,FORWARDED,5836945c-3906-4615-8d4f-6c0d4ec07da3,cb6dfb1c-9869-4d3c-9bb3-d86a354951e1,c1,c5,1020,?,x8,
1768857166.2204416,SENT,a2b102dd-09cd-4052-97bb-ead17f4c6872,871d4832-c53c-4b29-8970-5659c6244a6a,c2,c1,1020,?,x11,
1768857166.220484,FORWARDED,a2b102dd-09cd-4052-97bb-ead17f4c6872,871d4832-c53c-4b29-8970-5659c6244a6a,c2,c1,1020,?,x11,
1768857166.6025846,RECEIVED,fb8ca65d-d739-4a2e-b0e5-feccb073abad,f3f813a3-4d22-4441-a503-1ebd17282abe,c3,c5,1584,e12,?,
1768857166.671496,SENT,be6b4505-284e-4050-891d-ce05472dddd5,ea7b9d40-8d0c-48e9-b217-47fc8f740dd9,c4,c5,1024,?,x1,
1768857166.6715367,FORWARDED,be6b4505-284e-4050-891d-ce05472dddd5,ea7b9d40-8d0c-48e9-b217-47fc8f740dd9,c4,c5,1024,?,x1,
1768857166.7209425,RECEIVED,9b7e7148-cf7b-4912-9d36-74ff3bf1206d,cfc70626-cfa6-4438-8823-12cac0583645,c5,c1,1583,e12,?,
1768857166.858678,RECEIVED,ec3a7e79-fccd-4d9f-817f-ba7eb9d12391,c24e43b7-12c8-45e8-956a-4d61bc121aec,c3,c5,1587,e10,?,
1768857166.8643913,SENT,fb8ca65d-d739-4a2e-b0e5-feccb073abad,f3f813a3-4d22-4441-a503-1ebd17282abe,c3,c5,1115,?,x10,
1768857166.864432,FORWARDED,fb8ca65d-d739-4a2e-b0e5-feccb073abad,f3f813a3-4d22-4441-a503-1ebd17282abe,c3,c5,1115,?,x10,
1768857167.164748,SENT,21fdf76d-15b4-4d0d-a280-9fb19854ae56,bcc53cc0-b487-4e54-a978-327e9c3c28a7,c1,c5,1023,?,x4,
1768857167.164791,FORWARDED,21fdf76d-15b4-4d0d-a280-9fb19854ae56,bcc53cc0-b487-4e54-a978-327e9c3c28a7,c1,c5,1023,?,x4,
1768857167.3003097,RECEIVED,c3235bb1-8032-433c-9997-110de3c6f3c5,fb64be73-9bbc-4fc6-b98a-66cc62d1cdff,c1,c5,1452,e7,?,
1768857167.3119335,RECEIVED,3c38875f-88f3-40fd-8f71-e6cf4de9c9c3,40ce279a-5ab7-4db2-8e5a-a9e0d95b7fed,c5,c3,1586,e10,?,
1768857167.37945,SENT,c3235bb1-8032-433c-9997-110de3c6f3c5,fb64be73-9bbc-4fc6-b98a-66cc62d1cdff,c1,c5,1015,?,x4,
1768857167.3795078,FORWARDED,c3235bb1-8032-433c-9997-110de3c6f3c5,fb64be73-9bbc-4fc6-b98a-66cc62d1cdff,c1,c5,1015,?,x4,
1768857167.4471807,RECEIVED,32909a1b-4ebb-4def-9961-abeeed570db4,d44a8ed4-7eef-4ec8-a7a4-ce9830afe3d0,c5,c3,1456,e10,?,
1768857167.4750013,SENT,9b7e7148-cf7b-4912-9d36-74ff3bf1206d,cfc70626-cfa6-4438-8823-12cac0583645,c5,c1,1116,?,x6,
1768857167.4750419,FORWARDED,9b7e7148-cf7b-4912-9d36-74ff3bf1206d,cfc70626-cfa6-4438-8823-12cac0583645,c5,c1,1116,?,x6,
1768857167.5536692,SENT,32909a1b-4ebb-4def-9961-abeeed570db4,d44a8ed4-7eef-4ec8-a7a4-ce9830afe3d0,c5,c3,1019,?,x8,
1768857167.553711,FORWARDED,32909a1b-4ebb-4def-9961-abeeed570db4,d44a8ed4-7eef-4ec8-a7a4-ce9830afe3d0,c5,c3,1019,?,x8,
1768857167.762057,SENT,ec3a7e79-fccd-4d9f-817f-ba7eb9d12391,c24e43b7-12c8-45e8-956a-4d61bc121aec,c3,c5,1117,?,x2,
1768857167.7621026,FORWARDED,ec3a7e79-fccd-4d9f-817f-ba7eb9d12391,c24e43b7-12c8-45e8-956a-4d61bc121aec,c3,c5,1117,?,x2,
1768857167.883112,RECEIVED,50678cef-1638-4e30-affe-ab0c79831bc0,a089cdc6-5629-4173-8726-91dc785fc21c,c3,c5,1567,e7,?,
1768857168.0586715,RECEIVED,276505d8-e0f9-407c-92df-ebbb85d6ee85,e2a65599-1a70-4b35-a143-3cfefbe69e4c,c4,DROP,1009,e1,?,
1768857168.2688906,RECEIVED,78780271-dd7b-46ab-a50c-78f352b48232,a22559b1-e9ae-4c37-8947-313651294495,c5,c3,1447,e4,?,
1768857168.2854788,SENT,50678cef-1638-4e30-affe-ab0c79831bc0,a089cdc6-5629-4173-8726-91dc785fc21c,c3,c5,1103,?,x1,
1768857168.2855206,FORWARDED,50678cef-1638-4e30-affe-ab0c79831bc0,a089cdc6-5629-4173-8726-91dc785fc21c,c3,c5,1103,?,x1,
1768857168.3165507,RECEIVED,efc35d23-a6d7-4e8d-8151-cbeaa5bb34b3,28f30bba-5a73-43ea-9f79-442b82a1e272,c2,c1,1455,e12,?,
1768857168.3997526,RECEIVED,cab73ced-0818-4b76-b4a9-1d1475772711,89b87713-40c4-4d53-82b9-2f168f52a6f2,c3,c5,1466,e1,?,
1768857168.466706,RECEIVED,da6c2247-38f3-4c33-8dd5-739963b05bdc,99f75959-a810-464c-b07c-8a819f3370d9,c4,c5,1447,e7,?,
1768857168.4882646,SENT,cab73ced-0818-4b76-b4a9-1d1475772711,89b87713-40c4-4d53-82b9-2f168f52a6f2,c3,c5,1024,?,x12,
1768857168.4883063,FORWARDED,cab73ced-0818-4b76-b4a9-1d1475772711,89b87713-40c4-4d53-82b9-2f168f52a6f2,c3,c5,1024,?,x12,
1768857168.4996881,SENT,276505d8-e0f9-407c-92df-ebbb85d6ee85,e2a65599-1a70-4b35-a143-3cfefbe69e4c,c4,DROP,683,?,x11,
1768857168.4997323,FORWARDED,276505d8-e0f9-407c-92df-ebbb85d6ee85,e2a65599-1a70-4b35-a143-3cfefbe69e4c,c4,DROP,683,?,x11,
1768857168.5389254,RECEIVED,679bb187-7f83-4924-bbbd-0d16f1bb40e9,8f942a6f-12ca-4a18-b083-8bba1ebae8d2,c4,c5,1447,e1,?,
1768857168.6827166,SENT,3c38875f-88f3-40fd-8f71-e6cf4de9c9c3,40ce279a-5ab7-4db2-8e5a-a9e0d95b7fed,c5,c3,1117,?,x2,
1768857168.6832387,FORWARDED,3c38875f-88f3-40fd-8f71-e6cf4de9c9c3,40ce279a-5ab7-4db2-8e5a-a9e0d95b7fed,c5,c3,1117,?,x2,
1768857168.7341774,RECEIVED,e808218c-cb15-48ab-9fe2-c241b1e20ccf,6d7be011-271a-474d-bdac-9168c81deda8,c3,c5,1452,e8,?,
1768857168.8129783,SENT,e808218c-cb15-48ab-9fe2-c241b1e20ccf,6d7be011-271a-474d-bdac-9168c81deda8,c3,c5,1015,?,x4,
1768857168.8130198,FORWARDED,e808218c-cb15-48ab-9fe2-c241b1e20ccf,6d7be011-271a-474d-bdac-9168c81deda8,c3,c5,1015,?,x4,
1768857168.9132197,SENT,679bb187-7f83-4924-bbbd-0d16f1bb40e9,8f942a6f-12ca-4a18-b083-8bba1ebae8d2,c4,c5,1012,?,x5,
1768857168.91327,FORWARDED,679bb187-7f83-4924-bbbd-0d16f1bb40e9,8f942a6f-12ca-4a18-b083-8bba1ebae8d2,c4,c5,1012,?,x5,
1768857169.002857,SENT,efc35d23-a6d7-4e8d-8151-cbeaa5bb34b3,28f30bba-5a73-43ea-9f79-442b82a1e272,c2,c1,1020,?,x6,
1768857169.0038579,FORWARDED,efc35d23-a6d7-4e8d-8151-cbeaa5bb34b3,28f30bba-5a73-43ea-9f79-442b82a1e272,c2,c1,1020,?,x6,
1768857169.2532983,SENT,da6c2247-38f3-4c33-8dd5-739963b05bdc,99f75959-a810-464c-b07c-8a819f3370d9,c4,c5,1012,?,x7,
1768857169.25334,FORWARDED,da6c2247-38f3-4c33-8dd5-739963b05bdc,99f75959-a810-464c-b07c-8a819f3370d9,c4,c5,1012,?,x7,
1768857169.5311954,RECEIVED,ebe0c8f3-e6eb-4054-93d5-b9157ad7bbcc,0d7d8ed0-1800-40dd-b88d-375c1d972f42,c5,c3,1583,e5,?,
1768857169.542309,RECEIVED,72b14614-ccc0-4f64-8e14-03fe799c732e,adc03d86-94f5-4cf0-bb0d-af42f924d2ba,c2,c1,1463,e11,?,
1768857169.7528522,SENT,78780271-dd7b-46ab-a50c-78f352b48232,a22559b1-e9ae-4c37-8947-313651294495,c5,c3,1012,?,x2,
1768857169.7529027,FORWARDED,78780271-dd7b-46ab-a50c-78f352b48232,a22559b1-e9ae-4c37-8947-313651294495,c5,c3,1012,?,x2,
1768857169.8151565,RECEIVED,258db4d0-3cc4-4215-a8e6-7ef9116f4f01,83e19533-87f1-451a-936b-ee5dae8f7e15,c5,c3,1448,e3,?,
1768857169.923348,RECEIVED,ce29f842-e09b-4e14-985c-48b730555006,029a2692-3bf1-4965-b32c-18f5e87a669a,c5,c3,1588,e1,?,
1768857169.990702,SENT,258db4d0-3cc4-4215-a8e6-7ef9116f4f01,83e19533-87f1-451a-936b-ee5dae8f7e15,c5,c3,1012,?,x6,
1768857169.9907427,FORWARDED,258db4d0-3cc4-4215-a8e6-7ef9116f4f01,83e19533-87f1-451a-936b-ee5dae8f7e15,c5,c3,1012,?,x6,
1768857170.0397685,SENT,ce29f842-e09b-4e14-985c-48b730555006,029a2692-3bf1-4965-b32c-18f5e87a669a,c5,c3,1119,?,x7,
1768857170.0398111,FORWARDED,ce29f842-e09b-4e14-985c-48b730555006,029a2692-3bf1-4965-b32c-18f5e87a669a,c5,c3,1119,?,x7,
1768857170.1614363,RECEIVED,2231b50e-f70a-4248-a254-7bd3e8372f73,05772b95-3508-4afe-ba09-2c09305553c5,c5,c4,1583,e11,?,
1768857170.2055233,RECEIVED,4f5d7258-9576-4854-be9f-ab6ab93d63cc,d872ce57-1191-4e21-b645-173410cdf51e,c3,c5,1447,e4,?,
1768857170.382172,RECEIVED,af18f7d5-267f-45e8-8231-b033c8a3ab70,6a328c91-95d3-4266-be80-df27555e4bdc,c2,c1,1443,e6,?,
1768857170.3990695,SENT,4f5d7258-9576-4854-be9f-ab6ab93d63cc,d872ce57-1191-4e21-b645-173410cdf51e,c3,c5,1012,?,x7,
1768857170.3991184,FORWARDED,4f5d7258-9576-4854-be9f-ab6ab93d63cc,d872ce57-1191-4e21-b645-173410cdf51e,c3,c5,1012,?,x7,
1768857170.478126,SENT,ebe0c8f3-e6eb-4054-93d5-b9157ad7bbcc,0d7d8ed0-1800-40dd-b88d-375c1d972f42,c5,c3,1115,?,x5,
1768857170.4781837,FORWARDED,ebe0c8f3-e6eb-4054-93d5-b9157ad7bbcc,0d7d8ed0-1800-40dd-b88d-375c1d972f42,c5,c3,1115,?,x5,
1768857170.930368,RECEIVED,58e41818-fb3c-4994-b762-df4016dd63bd,84bbc1c4-6174-4b5b-ab3e-72a8a4e95a84,c4,c5,1464,e10,?,
1768857171.1696222,SENT,58e41818-fb3c-4994-b762-df4016dd63bd,84bbc1c4-6174-4b5b-ab3e-72a8a4e95a84,c4,c5,1024,?,x6,
1768857171.169665,FORWARDED,58e41818-fb3c-4994-b762-df4016dd63bd,84bbc1c4-6174-4b5b-ab3e-72a8a4e95a84,c4,c5,1024,?,x6,
1768857171.212828,SENT,2231b50e-f70a-4248-a254-7bd3e8372f73,05772b95-3508-4afe-ba09-2c09305553c5,c5,c4,1115,?,x8,
1768857171.212869,FORWARDED,2231b50e-f70a-4248-a254-7bd3e8372f73,05772b95-3508-4afe-ba09-2c09305553c5,c5,c4,1115,?,x8,
1768857171.3233442,SENT,af18f7d5-267f-45e8-8231-b033c8a3ab70,6a328c91-95d3-4266-be80-df27555e4bdc,c2,c1,1010,?,x4,
1768857171.3233845,FORWARDED,af18f7d5-267f-45e8-8231-b033c8a3ab70,6a328c91-95d3-4266-be80-df27555e4bdc,c2,c1,1010,?,x4,
1768857171.40486,RECEIVED,ddb4b498-67e8-4bc6-ad5c-f6b7be910010,bfc91af3-6cff-439f-82f6-7f8d4af739a4,c5,c3,1456,e4,?,
1768857171.4498358,RECEIVED,2f1a2c32-a275-437f-b38b-966c525046f8,c6e50e54-b555-4657-a6f2-7b19ec28f3e1,c5,c1,1572,e3,?,
1768857171.5566432,SENT,ddb4b498-67e8-4bc6-ad5c-f6b7be910010,bfc91af3-6cff-439f-82f6-7f8d4af739a4,c5,c3,1018,?,x1,
1768857171.556686,FORWARDED,ddb4b498-67e8-4bc6-ad5c-f6b7be910010,bfc91af3-6cff-439f-82f6-7f8d4af739a4,c5,c3,1018,?,x1,
1768857171.5859823,RECEIVED,d9263eac-a373-46a9-bab2-60f7f8721169,c41d944b-e355-4222-997c-b8ba307ebb90,c2,c1,1444,e6,?,
1768857171.736748,SENT,72b14614-ccc0-4f64-8e14-03fe799c732e,adc03d86-94f5-4cf0-bb0d-af42f924d2ba,c2,c1,1025,?,x5,
1768857171.736788,FORWARDED,72b14614-ccc0-4f64-8e14-03fe799c732e,adc03d86-94f5-4cf0-bb0d-af42f924d2ba,c2,c1,1025,?,x5,
1768857171.8107796,RECEIVED,f4db70f0-20d1-4f52-8343-22090e4e20ad,df04de6e-c046-4850-88c5-3f530f66fcae,c3,c5,1455,e10,?,
1768857171.847404,SENT,d9263eac-a373-46a9-bab2-60f7f8721169,c41d944b-e355-4222-997c-b8ba307ebb90,c2,c1,1011,?,x2,
1768857171.8474457,FORWARDED,d9263eac-a373-46a9-bab2-60f7f8721169,c41d944b-e355-4222-997c-b8ba307ebb90,c2,c1,1011,?,x2,
1768857171.8635418,SENT,2f1a2c32-a275-437f-b38b-966c525046f8,c6e50e54-b555-4657-a6f2-7b19ec28f3e1,c5,c1,1105,?,x8,
1768857171.863678,FORWARDED,2f1a2c32-a275-437f-b38b-966c525046f8,c6e50e54-b555-4657-a6f2-7b19ec28f3e1,c5,c1,1105,?,x8,
1768857172.3831856,RECEIVED,03354a3b-ecf8-4cf2-9237-2051dcece7a5,e6278fdd-4af2-47d7-854a-24448e512a9c,c3,c5,1578,e4,?,
1768857172.3973167,SENT,f4db70f0-20d1-4f52-8343-22090e4e20ad,df04de6e-c046-4850-88c5-3f530f66fcae,c3,c5,1020,?,x8,
1768857172.3973565,FORWARDED,f4db70f0-20d1-4f52-8343-22090e4e20ad,df04de6e-c046-4850-88c5-3f530f66fcae,c3,c5,1020,?,x8,
1768857172.434228,RECEIVED,de856e7f-b22b-49d8-8f07-51a48bcc81fd,bc9841e8-a8b2-4398-a77f-81fa7fb7e131,c1,c2,1580,e5,?,
1768857172.586926,SENT,de856e7f-b22b-49d8-8f07-51a48bcc81fd,bc9841e8-a8b2-4398-a77f-81fa7fb7e131,c1,c2,1112,?,x7,
1768857172.5869727,FORWARDED,de856e7f-b22b-49d8-8f07-51a48bcc81fd,bc9841e8-a8b2-4398-a77f-81fa7fb7e131,c1,c2,1112,?,x7,
1768857172.617655,RECEIVED,f6bb96c0-0ab5-4362-882f-287ef11af157,e48edf12-e957-4882-94ce-fe3c3422efff,c3,c5,1463,e6,?,
1768857172.8436396,SENT,03354a3b-ecf8-4cf2-9237-2051dcece7a5,e6278fdd-4af2-47d7-854a-24448e512a9c,c3,c5,1111,?,x9,
1768857172.8436825,FORWARDED,03354a3b-ecf8-4cf2-9237-2051dcece7a5,e6278fdd-4af2-47d7-854a-24448e512a9c,c3,c5,1111,?,x9,
1768857172.930942,RECEIVED,fd08cc3c-cdf8-4eb0-9240-e3e095290632,c4798776-933f-438b-a4b9-65673cda19a7,c5,c3,1584,e10,?,
1768857173.097643,RECEIVED,77f0e642-afb6-4ab8-84a3-b259ab1af9f6,8c6faedc-7bb8-4489-ae09-d70457446deb,c2,c1,1456,e11,?,
1768857173.2557244,SENT,fd08cc3c-cdf8-4eb0-9240-e3e095290632,c4798776-933f-438b-a4b9-65673cda19a7,c5,c3,1114,?,x2,
1768857173.2557673,FORWARDED,fd08cc3c-cdf8-4eb0-9240-e3e095290632,c4798776-933f-438b-a4b9-65673cda19a7,c5,c3,1114,?,x2,
1768857173.346441,SENT,77f0e642-afb6-4ab8-84a3-b259ab1af9f6,8c6faedc-7bb8-4489-ae09-d70457446deb,c2,c1,1019,?,x6,
1768857173.3464801,FORWARDED,77f0e642-afb6-4ab8-84a3-b259ab1af9f6,8c6faedc-7bb8-4489-ae09-d70457446deb,c2,c1,1019,?,x6,
1768857173.4754038,RECEIVED,585f465f-2d8a-430a-81be-d05f1a30c1cf,94e5516c-a071-42e1-99da-e163bf3ab4c9,c2,c1,1454,e1,?,
1768857173.6438725,SENT,f6bb96c0-0ab5-4362-882f-287ef11af157,e48edf12-e957-4882-94ce-fe3c3422efff,c3,c5,1024,?,x9,
1768857173.6439145,FORWARDED,f6bb96c0-0ab5-4362-882f-287ef11af157,e48edf12-e957-4882-94ce-fe3c3422efff,c3,c5,1024,?,x9,
1768857173.7323105,SENT,585f465f-2d8a-430a-81be-d05f1a30c1cf,94e5516c-a071-42e1-99da-e163bf3ab4c9,c2,c1,1019,?,x6,
1768857173.7323527,FORWARDED,585f465f-2d8a-430a-81be-d05f1a30c1cf,94e5516c-a071-42e1-99da-e163bf3ab4c9,c2,c1,1019,?,x6,
1768857173.8018382,RECEIVED,7a472c20-ac2e-4e3f-ab64-ed09e54f0e2e,e520e69b-377f-4390-b0f4-5659533477e9,c5,c4,1581,e5,?,
1768857173.9550107,SENT,7a472c20-ac2e-4e3f-ab64-ed09e54f0e2e,e520e69b-377f-4390-b0f4-5659533477e9,c5,c4,1111,?,x10,
1768857173.9550626,FORWARDED,7a472c20-ac2e-4e3f-ab64-ed09e54f0e2e,e520e69b-377f-4390-b0f4-5659533477e9,c5,c4,1111,?,x10,
1768857174.0086567,RECEIVED,a535d6d2-d930-4322-9ccd-d3df159df4dd,296e3242-127c-4b61-bb95-73c45f326f13,c3,c5,1584,e8,?,
1768857174.166759,RECEIVED,80d84af1-56ad-4750-8424-fe3980fb3596,e8f94d46-7113-46bd-af19-ee7fdcf16af1,c2,c1,1460,e11,?,
1768857174.177321,SENT,a535d6d2-d930-4322-9ccd-d3df159df4dd,296e3242-127c-4b61-bb95-73c45f326f13,c3,c5,1115,?,x2,
1768857174.1773612,FORWARDED,a535d6d2-d930-4322-9ccd-d3df159df4dd,296e3242-127c-4b61-bb95-73c45f326f13,c3,c5,1115,?,x2,
1768857174.3114054,RECEIVED,22af2f73-17d5-4790-9225-3cebc7042196,e5f9696d-f3a5-4576-869b-86db93e5c8e1,c5,c1,1568,e7,?,
1768857174.3362956,SENT,80d84af1-56ad-4750-8424-fe3980fb3596,e8f94d46-7113-46bd-af19-ee7fdcf16af1,c2,c1,1023,?,x12,
1768857174.3363392,FORWARDED,80d84af1-56ad-4750-8424-fe3980fb3596,e8f94d46-7113-46bd-af19-ee7fdcf16af1,c2,c1,1023,?,x12,
1768857174.366287,RECEIVED,615b22eb-f762-4cb7-8773-67740748cdd0,49c56a86-705b-44f6-aaf2-c6f57bdf4e06,c4,c5,1457,e1,?,
1768857174.441525,SENT,615b22eb-f762-4cb7-8773-67740748cdd0,49c56a86-705b-44f6-aaf2-c6f57bdf4e06,c4,c5,1019,?,x1,
1768857174.4415677,FORWARDED,615b22eb-f762-4cb7-8773-67740748cdd0,49c56a86-705b-44f6-aaf2-c6f57bdf4e06,c4,c5,1019,?,x1,
1768857174.7389693,SENT,22af2f73-17d5-4790-9225-3cebc7042196,e5f9696d-f3a5-4576-869b-86db93e5c8e1,c5,c1,1104,?,x9,
1768857174.7390082,FORWARDED,22af2f73-17d5-4790-9225-3cebc7042196,e5f9696d-f3a5-4576-869b-86db93e5c8e1,c5,c1,1104,?,x9,
1768857174.89637,RECEIVED,2e5953ab-864e-4044-a0c2-955b53cdb1da,161a48f3-9fc2-40b7-8562-aa5bc55018db,c5,c3,1583,e1,?,
1768857175.386747,SENT,2e5953ab-864e-4044-a0c2-955b53cdb1da,161a48f3-9fc2-40b7-8562-aa5bc55018db,c5,c3,1116,?,x9,
1768857175.3867881,FORWARDED,2e5953ab-864e-4044-a0c2-955b53cdb1da,161a48f3-9fc2-40b7-8562-aa5bc55018db,c5,c3,1116,?,x9,
1768857175.424425,RECEIVED,2bc86c75-646e-4edc-b009-3016daa4a946,f4d4048e-51bc-41ac-bc02-fec41e1f9d24,c1,c5,1457,e2,?,
1768857175.4591503,RECEIVED,c82e7ab0-ee9c-4d40-8e18-14a8260037db,a8032e3d-f00b-40f7-b3cf-a06c87f9365b,c1,c2,1579,e7,?,
1768857175.4994779,SENT,2bc86c75-646e-4edc-b009-3016daa4a946,f4d4048e-51bc-41ac-bc02-fec41e1f9d24,c1,c5,1019,?,x10,
1768857175.499529,FORWARDED,2bc86c75-646e-4edc-b009-3016daa4a946,f4d4048e-51bc-41ac-bc02-fec41e1f9d24,c1,c5,1019,?,x10,
1768857175.9929738,RECEIVED,a059e645-456d-4a1e-aab6-ab33b858aca8,23c8b092-460f-486d-930b-4c7020d4d422,c4,DROP,1019,e1,?,
1768857176.0960777,SENT,c82e7ab0-ee9c-4d40-8e18-14a8260037db,a8032e3d-f00b-40f7-b3cf-a06c87f9365b,c1,c2,1112,?,x2,
1768857176.096137,FORWARDED,c82e7ab0-ee9c-4d40-8e18-14a8260037db,a8032e3d-f00b-40f7-b3cf-a06c87f9365b,c1,c2,1112,?,x2,
1768857176.1051147,RECEIVED,272887da-45e1-4fe2-9f8b-52bbcbcc403f,cbae2655-b28c-4123-b208-6914254fcbf2,c1,DROP,1016,e10,?,
1768857176.2211623,SENT,272887da-45e1-4fe2-9f8b-52bbcbcc403f,cbae2655-b28c-4123-b208-6914254fcbf2,c1,DROP,690,?,x3,
1768857176.221204,FORWARDED,272887da-45e1-4fe2-9f8b-52bbcbcc403f,cbae2655-b28c-4123-b208-6914254fcbf2,c1,DROP,690,?,x3,
1768857176.3873398,RECEIVED,6289422e-e9c6-4488-8498-8a62efd33c88,c2ef0c30-29da-478f-b18a-9eceb193c5bb,c2,DROP,1020,e2,?,
1768857176.9011953,SENT,6289422e-e9c6-4488-8498-8a62efd33c88,c2ef0c30-29da-478f-b18a-9eceb193c5bb,c2,DROP,692,?,x11,
1768857176.9012358,FORWARDED,6289422e-e9c6-4488-8498-8a62efd33c88,c2ef0c30-29da-478f-b18a-9eceb193c5bb,c2,DROP,692,?,x11,
1768857176.9529986,RECEIVED,5fa89408-b583-47c1-97ab-5442c1a5e25a,2be3bdd8-f63b-496b-8b1e-832c3fafe666,c3,c5,1455,e12,?,
1768857177.0898898,RECEIVED,3f8a173b-290d-47c4-86ee-8e26f0546a1c,bc60e72f-cf7c-46bc-900a-98f187b5590b,c4,c5,1457,e3,?,
1768857177.1777678,SENT,a059e645-456d-4a1e-aab6-ab33b858aca8,23c8b092-460f-486d-930b-4c7020d4d422,c4,DROP,692,?,x11,
1768857177.1778102,FORWARDED,a059e645-456d-4a1e-aab6-ab33b858aca8,23c8b092-460f-486d-930b-4c7020d4d422,c4,DROP,692,?,x11,
1768857177.188864,SENT,3f8a173b-290d-47c4-86ee-8e26f0546a1c,bc60e72f-cf7c-46bc-900a-98f187b5590b,c4,c5,1019,?,x10,
1768857177.1889024,FORWARDED,3f8a173b-290d-47c4-86ee-8e26f0546a1c,bc60e72f-cf7c-46bc-900a-98f187b5590b,c4,c5,1019,?,x10,
1768857177.38995,SENT,5fa89408-b583-47c1-97ab-5442c1a5e25a,2be3bdd8-f63b-496b-8b1e-832c3fafe666,c3,c5,1019,?,x7,
1768857177.389993,FORWARDED,5fa89408-b583-47c1-97ab-5442c1a5e25a,2be3bdd8-f63b-496b-8b1e-832c3fafe666,c3,c5,1019,?,x7,
1768857177.5173702,RECEIVED,7354fe74-c2f9-4c77-a793-5debdd767c3d,9f727758-9f3f-4247-ad09-b8810cf8d395,c5,c1,1582,e4,?,
1768857178.1403062,RECEIVED,d7d99ce1-715e-4a68-892b-d68bbaafba90,4f83c405-14c7-48db-b1b4-6693ace450a7,c1,c5,1447,e3,?,
1768857178.6442032,SENT,7354fe74-c2f9-4c77-a793-5debdd767c3d,9f727758-9f3f-4247-ad09-b8810cf8d395,c5,c1,1116,?,x9,
1768857178.644246,FORWARDED,7354fe74-c2f9-4c77-a793-5debdd767c3d,9f727758-9f3f-4247-ad09-b8810cf8d395,c5,c1,1116,?,x9,
1768857178.6889744,SENT,d7d99ce1-715e-4a68-892b-d68bbaafba90,4f83c405-14c7-48db-b1b4-6693ace450a7,c1,c5,1012,?,x6,
1768857178.689232,FORWARDED,d7d99ce1-715e-4a68-892b-d68bbaafba90,4f83c405-14c7-48db-b1b4-6693ace450a7,c1,c5,1012,?,x6,
1768857178.7281046,RECEIVED,52fa90c5-5c65-405d-bab6-32c293bc3316,18cf071a-225e-42ff-b741-b0be294375f2,c4,DROP,441,x8,?,
1768857178.9204586,RECEIVED,1940ad14-8aaf-4dab-bf3a-2e6f94ae69bf,41722466-5c20-4f7b-88b6-9ab6d31cd170,c3,DROP,1008,e7,?,
1768857179.1390364,SENT,1940ad14-8aaf-4dab-bf3a-2e6f94ae69bf,41722466-5c20-4f7b-88b6-9ab6d31cd170,c3,DROP,683,?,x6,
1768857179.1390889,FORWARDED,1940ad14-8aaf-4dab-bf3a-2e6f94ae69bf,41722466-5c20-4f7b-88b6-9ab6d31cd170,c3,DROP,683,?,x6,
1768857179.1453316,RECEIVED,1f36d27f-eb5d-44fa-a2f3-dbf15c13007e,f4e24a30-86de-477e-a1b9-0bfd5b8029a8,c3,c5,1573,e4,?,
1768857179.2082734,SENT,1f36d27f-eb5d-44fa-a2f3-dbf15c13007e,f4e24a30-86de-477e-a1b9-0bfd5b8029a8,c3,c5,1107,?,x2,
1768857179.208655,FORWARDED,1f36d27f-eb5d-44fa-a2f3-dbf15c13007e,f4e24a30-86de-477e-a1b9-0bfd5b8029a8,c3,c5,1107,?,x2,
1768857179.5352247,RECEIVED,caaad0f9-f3c7-479b-98e5-97bfefeffe1a,629a6608-f967-477c-a9c9-1aeb9378b581,c3,c5,1585,e7,?,
1768857179.6783113,RECEIVED,056e9ff1-f6ec-4169-9f7f-1d8cd54c9a73,c703bfa3-8293-4179-bd76-55820c370aec,c5,c3,1460,e7,?,
1768857179.7659163,SENT,caaad0f9-f3c7-479b-98e5-97bfefeffe1a,629a6608-f967-477c-a9c9-1aeb9378b581,c3,c5,1116,?,x11,
1768857179.7659578,FORWARDED,caaad0f9-f3c7-479b-98e5-97bfefeffe1a,629a6608-f967-477c-a9c9-1aeb9378b581,c3,c5,1116,?,x11,
1768857179.9386592,RECEIVED,2530d13b-597a-49f1-83d8-8b7644c858da,43dc7399-e89b-45f9-9363-67da6b4a7f83,c3,c5,1456,e12,?,
1768857180.104744,SENT,2530d13b-597a-49f1-83d8-8b7644c858da,43dc7399-e89b-45f9-9363-67da6b4a7f83,c3,c5,1019,?,x7,
1768857180.1047828,FORWARDED,2530d13b-597a-49f1-83d8-8b7644c858da,43dc7399-e89b-45f9-9363-67da6b4a7f83,c3,c5,1019,?,x7,
1768857180.4432309,SENT,056e9ff1-f6ec-4169-9f7f-1d8cd54c9a73,c703bfa3-8293-4179-bd76-55820c370aec,c5,c3,1023,?,x10,
1768857180.443272,FORWARDED,056e9ff1-f6ec-4169-9f7f-1d8cd54c9a73,c703bfa3-8293-4179-bd76-55820c370aec,c5,c3,1023,?,x10,
1768857181.2569876,RECEIVED,f4d13158-c557-4426-8001-3de1212db541,491b1db0-61a7-499c-b1e8-8a937d74da5b,c5,c3,1456,e8,?,
1768857181.3064682,RECEIVED,92e61c3e-3212-4204-bd8e-c0b85d769eb7,8ee24058-2711-4edc-996d-e643fec7d6d8,c2,c1,1466,e10,?,
1768857181.3622725,SENT,92e61c3e-3212-4204-bd8e-c0b85d769eb7,8ee24058-2711-4edc-996d-e643fec7d6d8,c2,c1,1024,?,x10,
1768857181.3623161,FORWARDED,92e61c3e-3212-4204-bd8e-c0b85d769eb7,8ee24058-2711-4edc-996d-e643fec7d6d8,c2,c1,1024,?,x10,
1768857181.5686672,RECEIVED,73b69e20-8cc9-45d6-aae9-487ff45a4921,a5923127-7bf4-45a6-8e1f-d0a13438553d,c2,c1,1444,e7,?,
1768857181.6095207,SENT,f4d13158-c557-4426-8001-3de1212db541,491b1db0-61a7-499c-b1e8-8a937d74da5b,c5,c3,1019,?,x1,
1768857181.6095634,FORWARDED,f4d13158-c557-4426-8001-3de1212db541,491b1db0-61a7-499c-b1e8-8a937d74da5b,c5,c3,1019,?,x1,
1768857181.7537298,RECEIVED,de67228b-e6e5-4d05-902e-a173f7b474f7,fa198774-e099-4c9d-ae60-72dc904f741f,c3,c5,1442,e6,?,
1768857181.753994,RECEIVED,7a5af80d-6b8d-4ce4-b4df-bf2a2f9e8d77,7a7be314-5e09-458a-a4a7-b3b1eab89c73,c1,c2,1584,e11,?,
1768857181.7622316,SENT,73b69e20-8cc9-45d6-aae9-487ff45a4921,a5923127-7bf4-45a6-8e1f-d0a13438553d,c2,c1,1010,?,x3,
1768857181.762273,FORWARDED,73b69e20-8cc9-45d6-aae9-487ff45a4921,a5923127-7bf4-45a6-8e1f-d0a13438553d,c2,c1,1010,?,x3,
1768857181.8272161,RECEIVED,b58dcb89-2c51-4c2b-9138-d6f76f3d116d,f0c9f92f-4e3f-4f82-b249-7d70beed8814,c2,c1,1464,e1,?,
1768857181.9220676,SENT,7a5af80d-6b8d-4ce4-b4df-bf2a2f9e8d77,7a7be314-5e09-458a-a4a7-b3b1eab89c73,c1,c2,1116,?,x3,
1768857181.9221194,FORWARDED,7a5af80d-6b8d-4ce4-b4df-bf2a2f9e8d77,7a7be314-5e09-458a-a4a7-b3b1eab89c73,c1,c2,1116,?,x3,
1768857182.1012924,SENT,b58dcb89-2c51-4c2b-9138-d6f76f3d116d,f0c9f92f-4e3f-4f82-b249-7d70beed8814,c2,c1,1024,?,x11,
1768857182.1013339,FORWARDED,b58dcb89-2c51-4c2b-9138-d6f76f3d116d,f0c9f92f-4e3f-4f82-b249-7d70beed8814,c2,c1,1024,?,x11,
1768857182.73272,RECEIVED,e127cebb-7745-4464-aaf6-e75fc6368283,4d474b9a-4574-40ab-a2e6-ac97e7221b4c,c1,c5,1460,e6,?,
1768857182.7719872,RECEIVED,72169271-e6f8-4c72-bca9-672649176a81,b6b4eec7-de85-4f93-9264-028efd3016a3,c4,c5,1465,e8,?,
1768857182.914284,RECEIVED,ccbc35ca-ee51-460a-a7c9-53d3a1e26510,690c83df-6355-4574-9d69-80cd3150d25a,c2,c1,1456,e7,?,
1768857182.9169283,SENT,e127cebb-7745-4464-aaf6-e75fc6368283,4d474b9a-4574-40ab-a2e6-ac97e7221b4c,c1,c5,1023,?,x6,
1768857182.91697,FORWARDED,e127cebb-7745-4464-aaf6-e75fc6368283,4d474b9a-4574-40ab-a2e6-ac97e7221b4c,c1,c5,1023,?,x6,
1768857182.9914696,SENT,72169271-e6f8-4c72-bca9-672649176a81,b6b4eec7-de85-4f93-9264-028efd3016a3,c4,c5,1024,?,x10,
1768857182.9915123,FORWARDED,72169271-e6f8-4c72-bca9-672649176a81,b6b4eec7-de85-4f93-9264-028efd3016a3,c4,c5,1024,?,x10,
1768857183.160706,SENT,de67228b-e6e5-4d05-902e-a173f7b474f7,fa198774-e099-4c9d-ae60-72dc904f741f,c3,c5,1011,?,x1,
1768857183.160748,FORWARDED,de67228b-e6e5-4d05-902e-a173f7b474f7,fa198774-e099-4c9d-ae60-72dc904f741f,c3,c5,1011,?,x1,
1768857183.2049305,SENT,ccbc35ca-ee51-460a-a7c9-53d3a1e26510,690c83df-6355-4574-9d69-80cd3150d25a,c2,c1,1019,?,x2,
1768857183.2049732,FORWARDED,ccbc35ca-ee51-460a-a7c9-53d3a1e26510,690c83df-6355-4574-9d69-80cd3150d25a,c2,c1,1019,?,x2,
1768857183.2153165,RECEIVED,25f08d9b-3687-4a50-887a-809489050ca9,444f89b4-a275-4fe3-93ca-d871343c25bd,c2,c1,1456,e5,?,
1768857183.2344396,SENT,25f08d9b-3687-4a50-887a-809489050ca9,444f89b4-a275-4fe3-93ca-d871343c25bd,c2,c1,1020,?,x4,
1768857183.2344816,FORWARDED,25f08d9b-3687-4a50-887a-809489050ca9,444f89b4-a275-4fe3-93ca-d871343c25bd,c2,c1,1020,?,x4,
1768857183.306088,RECEIVED,d5ae6282-136b-491b-866a-6eae48670c9b,68172faa-8b60-4de8-8167-b5dd589b0412,c1,c2,1580,e5,?,
1768857183.5501213,SENT,d5ae6282-136b-491b-866a-6eae48670c9b,68172faa-8b60-4de8-8167-b5dd589b0412,c1,c2,1111,?,x6,
1768857183.5501742,FORWARDED,d5ae6282-136b-491b-866a-6eae48670c9b,68172faa-8b60-4de8-8167-b5dd589b0412,c1,c2,1111,?,x6,
1768857183.6177032,RECEIVED,76db89a0-04fc-4c86-801e-395d6257062a,fbe19e00-7667-471e-9471-9639ab2451ae,c3,c5,1584,e1,?,
1768857183.7445433,RECEIVED,6a9ae0e3-9bfd-432f-b4d9-4fabf9dfc8ee,6ee51a6c-c5f9-48b5-afa8-c65b1d567098,c3,c5,1456,e12,?,
1768857183.7869816,SENT,76db89a0-04fc-4c86-801e-395d6257062a,fbe19e00-7667-471e-9471-9639ab2451ae,c3,c5,1116,?,x2,
1768857183.7870235,FORWARDED,76db89a0-04fc-4c86-801e-395d6257062a,fbe19e00-7667-471e-9471-9639ab2451ae,c3,c5,1116,?,x2,
1768857183.9380684,RECEIVED,26bfc09f-8796-4fc6-9117-098100cc71df,5ade2132-e57c-4fab-b9b8-999dcc0b1c1f,c3,c5,1585,e12,?,
1768857184.0425045,SENT,6a9ae0e3-9bfd-432f-b4d9-4fabf9dfc8ee,6ee51a6c-c5f9-48b5-afa8-c65b1d567098,c3,c5,1018,?,x9,
1768857184.042546,FORWARDED,6a9ae0e3-9bfd-432f-b4d9-4fabf9dfc8ee,6ee51a6c-c5f9-48b5-afa8-c65b1d567098,c3,c5,1018,?,x9,
1768857184.092677,SENT,26bfc09f-8796-4fc6-9117-098100cc71df,5ade2132-e57c-4fab-b9b8-999dcc0b1c1f,c3,c5,1116,?,x12,
1768857184.092719,FORWARDED,26bfc09f-8796-4fc6-9117-098100cc71df,5ade2132-e57c-4fab-b9b8-999dcc0b1c1f,c3,c5,1116,?,x12,
1768857184.198399,RECEIVED,13def603-15fb-41c6-9099-a9ed43029c4e,db80232d-ba63-49c3-b93e-a64ff9d94ef1,c3,c5,1455,e11,?,
1768857184.3231277,RECEIVED,364fd9b3-e6f6-4317-b2d9-5b8edaa9f0d2,57696d32-23cd-49dd-a9dc-c0ec717d1734,c5,c4,1583,e1,?,
1768857184.5397484,SENT,364fd9b3-e6f6-4317-b2d9-5b8edaa9f0d2,57696d32-23cd-49dd-a9dc-c0ec717d1734,c5,c4,1115,?,x8,
1768857184.5397923,FORWARDED,364fd9b3-e6f6-4317-b2d9-5b8edaa9f0d2,57696d32-23cd-49dd-a9dc-c0ec717d1734,c5,c4,1115,?,x8,
1768857184.6483054,RECEIVED,75782512-158d-4aad-91ca-922877ddcfb8,79e50062-a5bb-4282-a787-0162a5dca272,c3,c5,1455,e8,?,
1768857184.6838348,RECEIVED,75c58d3b-a754-4c85-89a7-c36bffcadb96,823cbce8-16be-4931-84d5-59d4ebc67beb,c5,c3,1588,e10,?,
1768857184.8125734,SENT,75c58d3b-a754-4c85-89a7-c36bffcadb96,823cbce8-16be-4931-84d5-59d4ebc67beb,c5,c3,1119,?,x8,
1768857184.8126142,FORWARDED,75c58d3b-a754-4c85-89a7-c36bffcadb96,823cbce8-16be-4931-84d5-59d4ebc67beb,c5,c3,1119,?,x8,
1768857184.8608477,RECEIVED,890024b3-59c7-4290-844a-acc1b052dc3b,addb4ac4-802e-413c-8dc5-18f4373b6c76,c3,c5,1456,e5,?,
1768857184.8765705,RECEIVED,07134714-834a-439f-ae20-f78556f1264f,2318122c-4e30-4c7b-86cf-94f66c02b6b7,c1,c5,1454,e3,?,
1768857184.9454741,RECEIVED,5855e005-d14d-4298-acbe-5a7039db8f0f,0722b035-0daf-46cf-9e8a-44ee51a0478f,c1,c2,1584,e2,?,
1768857185.0668929,SENT,5855e005-d14d-4298-acbe-5a7039db8f0f,0722b035-0daf-46cf-9e8a-44ee51a0478f,c1,c2,1116,?,x5,
1768857185.0669339,FORWARDED,5855e005-d14d-4298-acbe-5a7039db8f0f,0722b035-0daf-46cf-9e8a-44ee51a0478f,c1,c2,1116,?,x5,
1768857185.2711544,SENT,890024b3-59c7-4290-844a-acc1b052dc3b,addb4ac4-802e-413c-8dc5-18f4373b6c76,c3,c5,1019,?,x2,
1768857185.2711957,FORWARDED,890024b3-59c7-4290-844a-acc1b052dc3b,addb4ac4-802e-413c-8dc5-18f4373b6c76,c3,c5,1019,?,x2,
1768857185.326924,RECEIVED,7c2ef18a-dc92-4584-b671-eea70d42b90d,933e39ac-2159-4b67-985e-c051c467e38c,c3,c5,1584,e11,?,
1768857185.3980277,RECEIVED,215695a4-f7a9-4608-a519-b275413d5483,d5d41197-e5c8-48fe-8aa1-d2a1b06e303f,c5,c1,1585,e12,?,
1768857185.4590251,SENT,215695a4-f7a9-4608-a519-b275413d5483,d5d41197-e5c8-48fe-8aa1-d2a1b06e303f,c5,c1,1116,?,x11,
1768857185.4590724,FORWARDED,215695a4-f7a9-4608-a519-b275413d5483,d5d41197-e5c8-48fe-8aa1-d2a1b06e303f,c5,c1,1116,?,x11,
1768857185.462674,SENT,75782512-158d-4aad-91ca-922877ddcfb8,79e50062-a5bb-4282-a787-0162a5dca272,c3,c5,1019,?,x5,
1768857185.4627168,FORWARDED,75782512-158d-4aad-91ca-922877ddcfb8,79e50062-a5bb-4282-a787-0162a5dca272,c3,c5,1019,?,x5,
1768857185.532869,RECEIVED,cd0e789d-3798-4a87-9c74-399bcb9957ef,85523acc-798d-4a5a-8444-0aa280366b10,c2,c1,1455,e7,?,
1768857185.5744662,RECEIVED,0ebbed0a-50e6-4994-800a-e43ef7572487,b524bbe0-2241-4d0a-976b-3e4ce24e8e4f,c3,c5,1455,e8,?,
1768857185.7609134,SENT,13def603-15fb-41c6-9099-a9ed43029c4e,db80232d-ba63-49c3-b93e-a64ff9d94ef1,c3,c5,1020,?,x7,
1768857185.760954,FORWARDED,13def603-15fb-41c6-9099-a9ed43029c4e,db80232d-ba63-49c3-b93e-a64ff9d94ef1,c3,c5,1020,?,x7,
1768857186.0678587,RECEIVED,19cffa8f-a50a-4a56-90cb-d0864cc031b3,dc5dba8f-0acf-4d20-8238-cb666ab3e4db,c5,c3,1583,e10,?,
1768857186.7007887,RECEIVED,99deb940-8d2d-4e5c-977c-88006a59332a,b9020a0e-f7f5-45fa-834a-0dddc0e9d51a,c5,c4,1583,e10,?,
1768857186.7295613,SENT,cd0e789d-3798-4a87-9c74-399bcb9957ef,85523acc-798d-4a5a-8444-0aa280366b10,c2,c1,1019,?,x10,
1768857186.7296047,FORWARDED,cd0e789d-3798-4a87-9c74-399bcb9957ef,85523acc-798d-4a5a-8444-0aa280366b10,c2,c1,1019,?,x10,
1768857186.770231,SENT,07134714-834a-439f-ae20-f78556f1264f,2318122c-4e30-4c7b-86cf-94f66c02b6b7,c1,c5,1020,?,x7,
1768857186.7702723,FORWARDED,07134714-834a-439f-ae20-f78556f1264f,2318122c-4e30-4c7b-86cf-94f66c02b6b7,c1,c5,1020,?,x7,
1768857186.8267534,RECEIVED,bfde1907-19d3-4293-9e81-66c7590ed902,a97e1289-300f-4da1-b292-834a7a2cdbe4,c3,c5,1461,e1,?,
1768857186.8358526,SENT,0ebbed0a-50e6-4994-800a-e43ef7572487,b524bbe0-2241-4d0a-976b-3e4ce24e8e4f,c3,c5,1020,?,x7,
1768857186.8358948,FORWARDED,0ebbed0a-50e6-4994-800a-e43ef7572487,b524bbe0-2241-4d0a-976b-3e4ce24e8e4f,c3,c5,1020,?,x7,
1768857186.852186,SENT,bfde1907-19d3-4293-9e81-66c7590ed902,a97e1289-300f-4da1-b292-834a7a2cdbe4,c3,c5,1023,?,x2,
1768857186.852227,FORWARDED,bfde1907-19d3-4293-9e81-66c7590ed902,a97e1289-300f-4da1-b292-834a7a2cdbe4,c3,c5,1023,?,x2,
1768857187.0996363,SENT,19cffa8f-a50a-4a56-90cb-d0864cc031b3,dc5dba8f-0acf-4d20-8238-cb666ab3e4db,c5,c3,1114,?,x6,
1768857187.0996766,FORWARDED,19cffa8f-a50a-4a56-90cb-d0864cc031b3,dc5dba8f-0acf-4d20-8238-cb666ab3e4db,c5,c3,1114,?,x6,
1768857187.192275,SENT,7c2ef18a-dc92-4584-b671-eea70d42b90d,933e39ac-2159-4b67-985e-c051c467e38c,c3,c5,1116,?,x11,
1768857187.1923168,FORWARDED,7c2ef18a-dc92-4584-b671-eea70d42b90d,933e39ac-2159-4b67-985e-c051c467e38c,c3,c5,1116,?,x11,
1768857187.3768804,RECEIVED,a3afcf8f-fda7-49ad-9aac-fedd2067e042,d7e41e37-a576-4dc4-befe-9e8879a9aed1,c5,c3,1568,e3,?,
1768857187.4398549,SENT,99deb940-8d2d-4e5c-977c-88006a59332a,b9020a0e-f7f5-45fa-834a-0dddc0e9d51a,c5,c4,1116,?,x11,
1768857187.4398966,FORWARDED,99deb940-8d2d-4e5c-977c-88006a59332a,b9020a0e-f7f5-45fa-834a-0dddc0e9d51a,c5,c4,1116,?,x11,
1768857187.4929497,SENT,a3afcf8f-fda7-49ad-9aac-fedd2067e042,d7e41e37-a576-4dc4-befe-9e8879a9aed1,c5,c3,1103,?,x8,
1768857187.4929929,FORWARDED,a3afcf8f-fda7-49ad-9aac-fedd2067e042,d7e41e37-a576-4dc4-befe-9e8879a9aed1,c5,c3,1103,?,x8,
1768857187.4958003,RECEIVED,af8236c1-41cd-45aa-b1b3-814fc610ff56,d12c4dd9-97e9-406d-9cc3-1fd2f99e7637,c1,c5,1456,e5,?,
1768857187.5701354,SENT,af8236c1-41cd-45aa-b1b3-814fc610ff56,d12c4dd9-97e9-406d-9cc3-1fd2f99e7637,c1,c5,1018,?,x5,
1768857187.5701768,FORWARDED,af8236c1-41cd-45aa-b1b3-814fc610ff56,d12c4dd9-97e9-406d-9cc3-1fd2f99e7637,c1,c5,1018,?,x5,
1768857187.5890708,RECEIVED,68064216-d74c-4004-a34d-5cffd1573f17,f84d0fc2-9510-4577-8c08-bdc21e6b1fce,c5,c3,1453,e3,?,
1768857187.6878505,RECEIVED,e37f68f3-b845-43de-a6b3-aa7b0c4a70dd,03bd2b9a-ccc5-4b10-936d-ca49f5f375b2,c5,DROP,441,x10,?,
1768857187.7793255,RECEIVED,8fc3c152-317a-46fe-b812-a2c9921ea586,f337afdd-738b-4f63-89a1-db7ac77436e6,c1,c2,1584,e3,?,
1768857187.8021297,RECEIVED,300f7b23-c523-488d-8a42-e24a2587f7b0,1e5026da-c3a4-4c1b-9a19-05c8c6422fee,c1,c5,1455,e8,?,
1768857187.8813002,SENT,8fc3c152-317a-46fe-b812-a2c9921ea586,f337afdd-738b-4f63-89a1-db7ac77436e6,c1,c2,1116,?,x3,
1768857187.8813481,FORWARDED,8fc3c152-317a-46fe-b812-a2c9921ea586,f337afdd-738b-4f63-89a1-db7ac77436e6,c1,c2,1116,?,x3,
1768857188.1250603,SENT,68064216-d74c-4004-a34d-5cffd1573f17,f84d0fc2-9510-4577-8c08-bdc21e6b1fce,c5,c3,1020,?,x5,
1768857188.125105,FORWARDED,68064216-d74c-4004-a34d-5cffd1573f17,f84d0fc2-9510-4577-8c08-bdc21e6b1fce,c5,c3,1020,?,x5,
1768857188.2039025,RECEIVED,0577c34d-992c-4f46-9c38-be668e35dbac,f79ce4a5-e26c-4862-b416-4d0f216720c5,c3,c5,1583,e11,?,
1768857188.3903375,RECEIVED,c66ad2bd-d92c-4791-ad59-aa9462decbc5,1baf792b-8632-4cb1-8694-91dd3a4f7ea9,c4,c5,1444,e6,?,
1768857188.4533257,SENT,0577c34d-992c-4f46-9c38-be668e35dbac,f79ce4a5-e26c-4862-b416-4d0f216720c5,c3,c5,1116,?,x12,
1768857188.4533687,FORWARDED,0577c34d-992c-4f46-9c38-be668e35dbac,f79ce4a5-e26c-4862-b416-4d0f216720c5,c3,c5,1116,?,x12,
1768857188.5138824,RECEIVED,0c3b52c1-7894-4d84-a399-db606cb7b0a9,ffd42f46-813f-4735-9674-2386dddc8ec9,c2,c1,1456,e8,?,
1768857188.6774492,SENT,300f7b23-c523-488d-8a42-e24a2587f7b0,1e5026da-c3a4-4c1b-9a19-05c8c6422fee,c1,c5,1020,?,x2,
1768857188.67749,FORWARDED,300f7b23-c523-488d-8a42-e24a2587f7b0,1e5026da-c3a4-4c1b-9a19-05c8c6422fee,c1,c5,1020,?,x2,
1768857188.7025392,SENT,c66ad2bd-d92c-4791-ad59-aa9462decbc5,1baf792b-8632-4cb1-8694-91dd3a4f7ea9,c4,c5,1011,?,x3,
1768857188.7025816,FORWARDED,c66ad2bd-d92c-4791-ad59-aa9462decbc5,1baf792b-8632-4cb1-8694-91dd3a4f7ea9,c4,c5,1011,?,x3,
1768857188.897707,RECEIVED,8059e543-aef7-4c0e-9eb5-9d56f9edc007,62eefa92-52a5-4e86-83e8-4ed08fb47aef,c5,c4,1584,e1,?,
1768857188.9499123,RECEIVED,78b365c4-bf03-44b8-81b2-41f556a96cd0,9a26e0b2-7799-4cc6-af23-adc1bfc53937,c1,c5,1456,e1,?,
1768857189.115292,SENT,0c3b52c1-7894-4d84-a399-db606cb7b0a9,ffd42f46-813f-4735-9674-2386dddc8ec9,c2,c1,1019,?,x11,
1768857189.1153355,FORWARDED,0c3b52c1-7894-4d84-a399-db606cb7b0a9,ffd42f46-813f-4735-9674-2386dddc8ec9,c2,c1,1019,?,x11,
1768857189.1259072,RECEIVED,baf887df-361d-4c65-81a0-5849a505988b,b849dd6d-c685-4ce9-a7b7-7860b94b737c,c1,c5,1457,e6,?,
1768857189.14324,SENT,78b365c4-bf03-44b8-81b2-41f556a96cd0,9a26e0b2-7799-4cc6-af23-adc1bfc53937,c1,c5,1019,?,x9,
1768857189.1432877,FORWARDED,78b365c4-bf03-44b8-81b2-41f556a96cd0,9a26e0b2-7799-4cc6-af23-adc1bfc53937,c1,c5,1019,?,x9,
1768857189.2831733,RECEIVED,47279686-aac2-4fa7-a87a-b36da68980bf,9cc009e1-8c66-498a-b4e8-4a7d921870dd,c5,c4,1587,e2,?,
1768857189.471084,SENT,8059e543-aef7-4c0e-9eb5-9d56f9edc007,62eefa92-52a5-4e86-83e8-4ed08fb47aef,c5,c4,1116,?,x11,
1768857189.4711254,FORWARDED,8059e543-aef7-4c0e-9eb5-9d56f9edc007,62eefa92-52a5-4e86-83e8-4ed08fb47aef,c5,c4,1116,?,x11,
1768857189.477818,SENT,baf887df-361d-4c65-81a0-5849a505988b,b849dd6d-c685-4ce9-a7b7-7860b94b737c,c1,c5,1019,?,x11,
1768857189.477859,FORWARDED,baf887df-361d-4c65-81a0-5849a505988b,b849dd6d-c685-4ce9-a7b7-7860b94b737c,c1,c5,1019,?,x11,
1768857189.6843517,RECEIVED,f398e552-19cd-4ecf-a0d5-c82817ca3cb1,6c787b69-27a8-47e5-a2bc-2eaf1c9b9d2e,c4,c5,1456,e2,?,
1768857189.9854786,SENT,f398e552-19cd-4ecf-a0d5-c82817ca3cb1,6c787b69-27a8-47e5-a2bc-2eaf1c9b9d2e,c4,c5,1019,?,x10,
1768857189.985521,FORWARDED,f398e552-19cd-4ecf-a0d5-c82817ca3cb1,6c787b69-27a8-47e5-a2bc-2eaf1c9b9d2e,c4,c5,1019,?,x10,
1768857190.0590281,SENT,47279686-aac2-4fa7-a87a-b36da68980bf,9cc009e1-8c66-498a-b4e8-4a7d921870dd,c5,c4,1117,?,x6,
1768857190.0590794,FORWARDED,47279686-aac2-4fa7-a87a-b36da68980bf,9cc009e1-8c66-498a-b4e8-4a7d921870dd,c5,c4,1117,?,x6,
1768857190.2981198,RECEIVED,3f6e1472-d32a-462b-98a0-53ab8cbef388,032e1b01-e3c6-475d-a4c4-97934bd98276,c4,DROP,1015,e10,?,
1768857190.365731,RECEIVED,46c4c6ac-cbab-421d-8d50-3e46e9e220c6,b53e1f8c-badc-4458-a8cc-3c0475b4c158,c5,c4,1588,e7,?,
1768857190.4026842,RECEIVED,8cd6a3ba-469e-4a51-a8d8-8aacb2c0cb26,22266bf4-b4e2-4463-83f3-23b90dc330a8,c3,c5,1464,e10,?,
1768857190.5862303,SENT,3f6e1472-d32a-462b-98a0-53ab8cbef388,032e1b01-e3c6-475d-a4c4-97934bd98276,c4,DROP,688,?,x1,
1768857190.5862722,FORWARDED,3f6e1472-d32a-462b-98a0-53ab8cbef388,032e1b01-e3c6-475d-a4c4-97934bd98276,c4,DROP,688,?,x1,
1768857190.724736,RECEIVED,e85333e5-3a9f-4370-a879-d5a931aa5050,726e09cf-c75a-468b-97bd-74b8286bd14b,c2,DROP,446,x5,?,
1768857190.7472677,RECEIVED,06bc6dad-5946-4e51-838e-f1e2cd8e31e9,2d6e5449-04f9-4d91-9779-31a730106a3d,c3,c5,1458,e11,?,
1768857190.7909453,SENT,06bc6dad-5946-4e51-838e-f1e2cd8e31e9,2d6e5449-04f9-4d91-9779-31a730106a3d,c3,c5,1019,?,x2,
1768857190.7909877,FORWARDED,06bc6dad-5946-4e51-838e-f1e2cd8e31e9,2d6e5449-04f9-4d91-9779-31a730106a3d,c3,c5,1019,?,x2,
1768857190.8331118,SENT,46c4c6ac-cbab-421d-8d50-3e46e9e220c6,b53e1f8c-badc-4458-a8cc-3c0475b4c158,c5,c4,1117,?,x1,
1768857190.833161,FORWARDED,46c4c6ac-cbab-421d-8d50-3e46e9e220c6,b53e1f8c-badc-4458-a8cc-3c0475b4c158,c5,c4,1117,?,x1,
1768857190.9529963,SENT,8cd6a3ba-469e-4a51-a8d8-8aacb2c0cb26,22266bf4-b4e2-4463-83f3-23b90dc330a8,c3,c5,1024,?,x11,
1768857190.9530377,FORWARDED,8cd6a3ba-469e-4a51-a8d8-8aacb2c0cb26,22266bf4-b4e2-4463-83f3-23b90dc330a8,c3,c5,1024,?,x11,
1768857191.150692,RECEIVED,efc27ed9-374d-4109-b4e5-d9406985deca,4fd68f02-a486-47a2-94c3-8e67fc4c4c44,c5,c3,1459,e6,?,
1768857191.201797,RECEIVED,82ba6c29-9d3c-4b6e-bd50-f077442c7335,d85163c2-c098-4702-9f29-5ab67ca3f877,c3,c5,1588,e10,?,
1768857191.2338986,RECEIVED,d709f30b-e7d1-4752-8fa4-8e5be4f86684,4afe188b-af03-4142-96a7-be02293e0785,c1,c2,1572,e4,?,
1768857191.2916536,SENT,d709f30b-e7d1-4752-8fa4-8e5be4f86684,4afe188b-af03-4142-96a7-be02293e0785,c1,c2,1105,?,x3,
1768857191.2916965,FORWARDED,d709f30b-e7d1-4752-8fa4-8e5be4f86684,4afe188b-af03-4142-96a7-be02293e0785,c1,c2,1105,?,x3,
1768857191.4815009,RECEIVED,21c0d68a-ce60-4154-b471-763a67915fdf,f8688e26-05a8-44a7-9307-7e6713dce4e1,c3,c5,1448,e1,?,
1768857191.4825764,SENT,efc27ed9-374d-4109-b4e5-d9406985deca,4fd68f02-a486-47a2-94c3-8e67fc4c4c44,c5,c3,1022,?,x1,
1768857191.4826164,FORWARDED,efc27ed9-374d-4109-b4e5-d9406985deca,4fd68f02-a486-47a2-94c3-8e67fc4c4c44,c5,c3,1022,?,x1,
1768857191.4957128,SENT,82ba6c29-9d3c-4b6e-bd50-f077442c7335,d85163c2-c098-4702-9f29-5ab67ca3f877,c3,c5,1117,?,x7,
1768857191.4957492,FORWARDED,82ba6c29-9d3c-4b6e-bd50-f077442c7335,d85163c2-c098-4702-9f29-5ab67ca3f877,c3,c5,1117,?,x7,
1768857191.5019572,RECEIVED,a3593590-4ffc-4cbd-ac06-dc54139dbf24,b8d266ea-7182-48ab-949c-af68e90cc988,c2,c1,1456,e6,?,
1768857191.6418908,SENT,21c0d68a-ce60-4154-b471-763a67915fdf,f8688e26-05a8-44a7-9307-7e6713dce4e1,c3,c5,1014,?,x5,
1768857191.6419337,FORWARDED,21c0d68a-ce60-4154-b471-763a67915fdf,f8688e26-05a8-44a7-9307-7e6713dce4e1,c3,c5,1014,?,x5,
1768857191.6921256,SENT,a3593590-4ffc-4cbd-ac06-dc54139dbf24,b8d266ea-7182-48ab-949c-af68e90cc988,c2,c1,1019,?,x12,
1768857191.692164,FORWARDED,a3593590-4ffc-4cbd-ac06-dc54139dbf24,b8d266ea-7182-48ab-949c-af68e90cc988,c2,c1,1019,?,x12,
1768857192.288098,RECEIVED,1097163e-9375-4c45-9f56-821795a004d6,9b837983-a155-4000-bfec-0784e11bfb59,c3,c5,1585,e3,?,
1768857192.3561656,RECEIVED,a51cbf12-43c6-4272-9f2f-1294b2775623,771cf480-9807-4859-a0aa-1d4a0d319028,c1,c2,1588,e5,?,
1768857192.391576,SENT,1097163e-9375-4c45-9f56-821795a004d6,9b837983-a155-4000-bfec-0784e11bfb59,c3,c5,1116,?,x10,
1768857192.391804,FORWARDED,1097163e-9375-4c45-9f56-821795a004d6,9b837983-a155-4000-bfec-0784e11bfb59,c3,c5,1116,?,x10,
1768857192.4370337,RECEIVED,f52ed87d-859a-4937-a299-7d624ddded37,0081cb21-d6cf-4830-9233-2da139f881e4,c1,DROP,445,x6,?,
1768857192.439365,RECEIVED,55c33139-86b1-41ae-8624-41db738a86c5,9146bda3-4c6b-4d9a-acd7-d8fc507b88c6,c1,c2,1583,e6,?,
1768857192.4544337,SENT,a51cbf12-43c6-4272-9f2f-1294b2775623,771cf480-9807-4859-a0aa-1d4a0d319028,c1,c2,1117,?,x1,
1768857192.4544766,FORWARDED,a51cbf12-43c6-4272-9f2f-1294b2775623,771cf480-9807-4859-a0aa-1d4a0d319028,c1,c2,1117,?,x1,
1768857192.622452,RECEIVED,98f53a6c-dba0-40e9-b15f-0b8d85667f91,7b554285-5852-49ae-9017-42c88d530616,c5,c3,1461,e12,?,
1768857192.6577086,SENT,98f53a6c-dba0-40e9-b15f-0b8d85667f91,7b554285-5852-49ae-9017-42c88d530616,c5,c3,1023,?,x10,
1768857192.6577616,FORWARDED,98f53a6c-dba0-40e9-b15f-0b8d85667f91,7b554285-5852-49ae-9017-42c88d530616,c5,c3,1023,?,x10,
1768857192.6793253,RECEIVED,e613bed0-c512-4d6c-a290-b38324d5bd42,3ba4cdc9-90d8-4cae-8dae-e6e196669283,c5,DROP,441,x3,?,
1768857192.6831417,RECEIVED,3a266986-3e0c-442c-b524-936208e548db,8cf694be-ce1d-4a1e-ab04-f1b1655824e9,c3,c5,1457,e2,?,
1768857192.754292,RECEIVED,6511e374-4ee9-4b52-a8c5-21bca9ce5033,93e55f9f-f896-4ea1-adb4-0b319c3e388a,c3,c5,1446,e5,?,
1768857192.807507,SENT,6511e374-4ee9-4b52-a8c5-21bca9ce5033,93e55f9f-f896-4ea1-adb4-0b319c3e388a,c3,c5,1014,?,x4,
1768857192.8075461,FORWARDED,6511e374-4ee9-4b52-a8c5-21bca9ce5033,93e55f9f-f896-4ea1-adb4-0b319c3e388a,c3,c5,1014,?,x4,
1768857192.8555129,SENT,3a266986-3e0c-442c-b524-936208e548db,8cf694be-ce1d-4a1e-ab04-f1b1655824e9,c3,c5,1020,?,x12,
1768857192.8555517,FORWARDED,3a266986-3e0c-442c-b524-936208e548db,8cf694be-ce1d-4a1e-ab04-f1b1655824e9,c3,c5,1020,?,x12,
1768857193.128622,SENT,55c33139-86b1-41ae-8624-41db738a86c5,9146bda3-4c6b-4d9a-acd7-d8fc507b88c6,c1,c2,1115,?,x5,
1768857193.1286638,FORWARDED,55c33139-86b1-41ae-8624-41db738a86c5,9146bda3-4c6b-4d9a-acd7-d8fc507b88c6,c1,c2,1115,?,x5,
1768857193.1961954,RECEIVED,a7de24fe-135b-4815-ae7e-809c8aa2302e,306aaa54-8595-4f6c-9a4a-d464cb2f2cb6,c1,c5,1461,e7,?,
1768857193.2305098,SENT,a7de24fe-135b-4815-ae7e-809c8aa2302e,306aaa54-8595-4f6c-9a4a-d464cb2f2cb6,c1,c5,1023,?,x6,
1768857193.2305512,FORWARDED,a7de24fe-135b-4815-ae7e-809c8aa2302e,306aaa54-8595-4f6c-9a4a-d464cb2f2cb6,c1,c5,1023,?,x6,
1768857193.2769406,RECEIVED,15052b88-d1e5-4575-acab-591c1eb49a34,7bae8e6d-990d-4e35-b751-c4a336576439,c5,c3,1583,e1,?,
1768857193.4594545,RECEIVED,4f39a0bc-7846-4e93-b3d6-6325891d0508,b68c4ea0-5b49-4203-bb90-698e7f9c9e9f,c4,c5,1457,e8,?,
1768857193.486699,RECEIVED,c85fdd12-3218-4c4f-a946-a079867f9bcc,5b9f4b5a-afe6-4dba-be81-0267e4ce1a37,c3,c5,1456,e3,?,
1768857193.5275714,SENT,4f39a0bc-7846-4e93-b3d6-6325891d0508,b68c4ea0-5b49-4203-bb90-698e7f9c9e9f,c4,c5,1019,?,x6,
1768857193.527614,FORWARDED,4f39a0bc-7846-4e93-b3d6-6325891d0508,b68c4ea0-5b49-4203-bb90-698e7f9c9e9f,c4,c5,1019,?,x6,
1768857193.9308975,RECEIVED,e720f90f-2dd2-4efd-967d-6571c17ad5b3,6ab8ad04-6d0f-4ee3-afe4-d871599b0a73,c1,c2,1584,e4,?,
1768857194.1187222,SENT,c85fdd12-3218-4c4f-a946-a079867f9bcc,5b9f4b5a-afe6-4dba-be81-0267e4ce1a37,c3,c5,1019,?,x10,
1768857194.1187637,FORWARDED,c85fdd12-3218-4c4f-a946-a079867f9bcc,5b9f4b5a-afe6-4dba-be81-0267e4ce1a37,c3,c5,1019,?,x10,
1768857194.128348,RECEIVED,66146499-7662-4d4e-aaf7-43f98e44087a,19aa9b7b-395e-4923-9046-e99a2e477930,c4,c5,1460,e2,?,
1768857194.1644504,SENT,15052b88-d1e5-4575-acab-591c1eb49a34,7bae8e6d-990d-4e35-b751-c4a336576439,c5,c3,1115,?,x3,
1768857194.1645055,FORWARDED,15052b88-d1e5-4575-acab-591c1eb49a34,7bae8e6d-990d-4e35-b751-c4a336576439,c5,c3,1115,?,x3,
1768857194.2655463,SENT,66146499-7662-4d4e-aaf7-43f98e44087a,19aa9b7b-395e-4923-9046-e99a2e477930,c4,c5,1023,?,x1,
1768857194.2655973,FORWARDED,66146499-7662-4d4e-aaf7-43f98e44087a,19aa9b7b-395e-4923-9046-e99a2e477930,c4,c5,1023,?,x1,
1768857194.414686,SENT,e720f90f-2dd2-4efd-967d-6571c17ad5b3,6ab8ad04-6d0f-4ee3-afe4-d871599b0a73,c1,c2,1116,?,x4,
1768857194.4147263,FORWARDED,e720f90f-2dd2-4efd-967d-6571c17ad5b3,6ab8ad04-6d0f-4ee3-afe4-d871599b0a73,c1,c2,1116,?,x4,
1768857194.5191364,RECEIVED,3527d18f-f262-4c2e-9a09-a4b0eb48e9b4,663da231-6e1a-4e95-aeb0-245f5d19feff,c5,c3,1583,e10,?,
1768857194.745764,SENT,3527d18f-f262-4c2e-9a09-a4b0eb48e9b4,663da231-6e1a-4e95-aeb0-245f5d19feff,c5,c3,1115,?,x8,
1768857194.7458172,FORWARDED,3527d18f-f262-4c2e-9a09-a4b0eb48e9b4,663da231-6e1a-4e95-aeb0-245f5d19feff,c5,c3,1115,?,x8,
1768857194.9658215,RECEIVED,43e71fda-5df5-422c-b0a6-1bdfb8591c4e,a2082908-71d9-4500-a195-f97a274e9c93,c2,c1,1455,e1,?,
1768857195.5157511,SENT,43e71fda-5df5-422c-b0a6-1bdfb8591c4e,a2082908-71d9-4500-a195-f97a274e9c93,c2,c1,1019,?,x7,
1768857195.5158021,FORWARDED,43e71fda-5df5-422c-b0a6-1bdfb8591c4e,a2082908-71d9-4500-a195-f97a274e9c93,c2,c1,1019,?,x7,
1768857195.7712228,RECEIVED,2d98d760-32ca-46fd-b14f-864dece53fd5,19dee266-7507-4207-891b-1257c5be0f04,c5,DROP,1016,e5,?,
1768857195.8218973,SENT,2d98d760-32ca-46fd-b14f-864dece53fd5,19dee266-7507-4207-891b-1257c5be0f04,c5,DROP,688,?,x4,
1768857195.821937,FORWARDED,2d98d760-32ca-46fd-b14f-864dece53fd5,19dee266-7507-4207-891b-1257c5be0f04,c5,DROP,688,?,x4,
1768857195.89496,RECEIVED,9aa29cb3-8a0b-4b41-9ef0-03437917ea90,279b8690-bdee-4a8c-abbc-56f9d91c97e5,c3,c5,1585,e10,?,
1768857195.984451,SENT,9aa29cb3-8a0b-4b41-9ef0-03437917ea90,279b8690-bdee-4a8c-abbc-56f9d91c97e5,c3,c5,1115,?,x12,
1768857195.9844933,FORWARDED,9aa29cb3-8a0b-4b41-9ef0-03437917ea90,279b8690-bdee-4a8c-abbc-56f9d91c97e5,c3,c5,1115,?,x12,
1768857196.3233202,RECEIVED,488b97de-400c-4b4b-8f2a-f34fe142f101,402bc08c-453e-4952-91d8-b669a210ec28,c5,c3,1569,e4,?,
1768857196.3506792,SENT,488b97de-400c-4b4b-8f2a-f34fe142f101,402bc08c-453e-4952-91d8-b669a210ec28,c5,c3,1104,?,x4,
1768857196.3507211,FORWARDED,488b97de-400c-4b4b-8f2a-f34fe142f101,402bc08c-453e-4952-91d8-b669a210ec28,c5,c3,1104,?,x4,
1768857196.357573,RECEIVED,7b319e9a-7b44-4e81-aed6-e1cca2e1f5fd,be53ed1c-21bf-45c9-b2af-0e530bdc9bf7,c1,c2,1584,e5,?,
1768857196.7647655,SENT,7b319e9a-7b44-4e81-aed6-e1cca2e1f5fd,be53ed1c-21bf-45c9-b2af-0e530bdc9bf7,c1,c2,1115,?,x8,
1768857196.7648046,FORWARDED,7b319e9a-7b44-4e81-aed6-e1cca2e1f5fd,be53ed1c-21bf-45c9-b2af-0e530bdc9bf7,c1,c2,1115,?,x8,
1768857197.5506654,RECEIVED,88727de8-4e16-4497-a3a7-b1735fc020cf,b9110310-08e8-4609-9979-74a0a08514b4,c3,DROP,1019,e12,?,
1768857197.5532012,RECEIVED,93ed4e4f-12f3-4915-a564-b485677d8fa1,91e425d0-0d76-4616-a646-ad35c91388ef,c2,c1,1456,e3,?,
1768857197.8015056,RECEIVED,fa8bd1ac-4170-4fad-bad7-4cf1e2fed4b9,99acd6a2-f276-4862-a7fb-ee4a6ae03021,c1,c5,1460,e11,?,
1768857197.8840878,RECEIVED,45f6ff12-4b6d-43f2-9ee4-ac0a8d8557b6,b235b905-c2a1-4d05-a75c-04f32c0cc3e3,c3,DROP,440,x9,?,
1768857197.8869448,SENT,93ed4e4f-12f3-4915-a564-b485677d8fa1,91e425d0-0d76-4616-a646-ad35c91388ef,c2,c1,1019,?,x2,
1768857197.8869858,FORWARDED,93ed4e4f-12f3-4915-a564-b485677d8fa1,91e425d0-0d76-4616-a646-ad35c91388ef,c2,c1,1019,?,x2,
1768857198.250624,SENT,88727de8-4e16-4497-a3a7-b1735fc020cf,b9110310-08e8-4609-9979-74a0a08514b4,c3,DROP,692,?,x5,
1768857198.2506654,FORWARDED,88727de8-4e16-4497-a3a7-b1735fc020cf,b9110310-08e8-4609-9979-74a0a08514b4,c3,DROP,692,?,x5,
1768857198.3124495,RECEIVED,2540aa83-af52-42b0-a3d5-f1ded8bd5e2b,4ab7d93e-45b4-4c3f-9cfe-4a253e4e2696,c4,c5,1456,e12,?,
1768857198.4977562,SENT,fa8bd1ac-4170-4fad-bad7-4cf1e2fed4b9,99acd6a2-f276-4862-a7fb-ee4a6ae03021,c1,c5,1021,?,x11,
1768857198.4977984,FORWARDED,fa8bd1ac-4170-4fad-bad7-4cf1e2fed4b9,99acd6a2-f276-4862-a7fb-ee4a6ae03021,c1,c5,1021,?,x11,
1768857199.6048267,RECEIVED,939fad69-d7fd-4bba-a647-90740a1409e3,0ca97ff2-25d5-479e-8817-d5d211f52413,c5,c1,1580,e7,?,
1768857199.6524262,RECEIVED,efb967f6-3c6f-475b-8df3-23882216a5dd,14aff394-b6d3-42d1-96b7-91d819f4b660,c5,c1,1583,e1,?,
1768857200.0297813,RECEIVED,7621febc-d953-4ae1-a77c-64fca8a42cd8,eda68a05-afbb-4e24-bcd6-a20624f11552,c5,DROP,1013,e7,?,
1768857200.0841212,SENT,7621febc-d953-4ae1-a77c-64fca8a42cd8,eda68a05-afbb-4e24-bcd6-a20624f11552,c5,DROP,687,?,x5,
1768857200.084164,FORWARDED,7621febc-d953-4ae1-a77c-64fca8a42cd8,eda68a05-afbb-4e24-bcd6-a20624f11552,c5,DROP,687,?,x5,
1768857200.0904458,SENT,939fad69-d7fd-4bba-a647-90740a1409e3,0ca97ff2-25d5-479e-8817-d5d211f52413,c5,c1,1113,?,x7,
1768857200.0904884,FORWARDED,939fad69-d7fd-4bba-a647-90740a1409e3,0ca97ff2-25d5-479e-8817-d5d211f52413,c5,c1,1113,?,x7,
1768857200.1111007,SENT,2540aa83-af52-42b0-a3d5-f1ded8bd5e2b,4ab7d93e-45b4-4c3f-9cfe-4a253e4e2696,c4,c5,1018,?,x10,
1768857200.1112647,FORWARDED,2540aa83-af52-42b0-a3d5-f1ded8bd5e2b,4ab7d93e-45b4-4c3f-9cfe-4a253e4e2696,c4,c5,1018,?,x10,
1768857200.1873512,SENT,efb967f6-3c6f-475b-8df3-23882216a5dd,14aff394-b6d3-42d1-96b7-91d819f4b660,c5,c1,1115,?,x1,
1768857200.187394,FORWARDED,efb967f6-3c6f-475b-8df3-23882216a5dd,14aff394-b6d3-42d1-96b7-91d819f4b660,c5,c1,1115,?,x1,
1768857200.2184527,RECEIVED,2b3c9d6e-ba8b-45cd-b93f-e2edbd35a072,e5cef70d-e4b7-4265-af7a-cc5c690d419f,c1,c2,1587,e7,?,
1768857200.2780774,RECEIVED,c7a81536-cfd6-4522-97ea-d746252380b5,f2a44626-f7f0-405e-9871-442da3ebcd83,c2,c1,1460,e1,?,
1768857200.383003,RECEIVED,f6f99b6d-2c3e-4ba4-96cc-c0ceaaaea9c1,61d7bd47-cbf1-4729-9906-34164ae06952,c5,c1,1583,e2,?,
1768857200.3951523,SENT,c7a81536-cfd6-4522-97ea-d746252380b5,f2a44626-f7f0-405e-9871-442da3ebcd83,c2,c1,1022,?,x4,
1768857200.3951952,FORWARDED,c7a81536-cfd6-4522-97ea-d746252380b5,f2a44626-f7f0-405e-9871-442da3ebcd83,c2,c1,1022,?,x4,
1768857200.4008708,RECEIVED,4f121783-696d-48fa-8bf7-07a5a5153aa7,eb5cef70-9b7f-411c-9b89-0b87aabbc1d0,c3,c5,1457,e7,?,
1768857200.4430897,RECEIVED,78eed4fa-4261-45e5-a17f-8f1906405e91,8c60a1ab-da63-4008-a2db-2ca85526dd72,c5,c3,1584,e10,?,
1768857200.5274396,SENT,78eed4fa-4261-45e5-a17f-8f1906405e91,8c60a1ab-da63-4008-a2db-2ca85526dd72,c5,c3,1115,?,x5,
1768857200.5274842,FORWARDED,78eed4fa-4261-45e5-a17f-8f1906405e91,8c60a1ab-da63-4008-a2db-2ca85526dd72,c5,c3,1115,?,x5,
1768857200.5393934,SENT,4f121783-696d-48fa-8bf7-07a5a5153aa7,eb5cef70-9b7f-411c-9b89-0b87aabbc1d0,c3,c5,1019,?,x10,
1768857200.5394468,FORWARDED,4f121783-696d-48fa-8bf7-07a5a5153aa7,eb5cef70-9b7f-411c-9b89-0b87aabbc1d0,c3,c5,1019,?,x10,
1768857200.6454072,RECEIVED,06d964ac-4655-4dad-92b9-88aec8ca1834,22009b2f-301e-4528-b793-7f2832442895,c1,c5,1460,e7,?,
1768857200.7381692,RECEIVED,25a616e6-45ee-4f31-9ea5-699f3f2445a2,23127a34-a684-4ce4-a80d-e817860f003e,c5,c3,1584,e5,?,
1768857201.0277514,SENT,f6f99b6d-2c3e-4ba4-96cc-c0ceaaaea9c1,61d7bd47-cbf1-4729-9906-34164ae06952,c5,c1,1115,?,x1,
1768857201.0278006,FORWARDED,f6f99b6d-2c3e-4ba4-96cc-c0ceaaaea9c1,61d7bd47-cbf1-4729-9906-34164ae06952,c5,c1,1115,?,x1,
1768857201.1048143,SENT,25a616e6-45ee-4f31-9ea5-699f3f2445a2,23127a34-a684-4ce4-a80d-e817860f003e,c5,c3,1116,?,x12,
1768857201.1048558,FORWARDED,25a616e6-45ee-4f31-9ea5-699f3f2445a2,23127a34-a684-4ce4-a80d-e817860f003e,c5,c3,1116,?,x12,
1768857201.3601782,SENT,06d964ac-4655-4dad-92b9-88aec8ca1834,22009b2f-301e-4528-b793-7f2832442895,c1,c5,1023,?,x12,
1768857201.3602183,FORWARDED,06d964ac-4655-4dad-92b9-88aec8ca1834,22009b2f-301e-4528-b793-7f2832442895,c1,c5,1023,?,x12,
1768857201.3727558,RECEIVED,f5297346-f175-4c49-8af1-28a137ca5559,b9ea686b-4411-4101-a1bc-8fc14fb2cdc7,c5,c3,1458,e8,?,
1768857201.384757,RECEIVED,94bc7f49-1bcb-41fc-b50b-fbf20f82bb24,e3c0b4df-423e-42b1-b377-d05b09285508,c5,c3,1466,e4,?,
1768857201.4609315,SENT,94bc7f49-1bcb-41fc-b50b-fbf20f82bb24,e3c0b4df-423e-42b1-b377-d05b09285508,c5,c3,1024,?,x11,
1768857201.460975,FORWARDED,94bc7f49-1bcb-41fc-b50b-fbf20f82bb24,e3c0b4df-423e-42b1-b377-d05b09285508,c5,c3,1024,?,x11,
1768857201.463257,SENT,f5297346-f175-4c49-8af1-28a137ca5559,b9ea686b-4411-4101-a1bc-8fc14fb2cdc7,c5,c3,1019,?,x12,
1768857201.4632974,FORWARDED,f5297346-f175-4c49-8af1-28a137ca5559,b9ea686b-4411-4101-a1bc-8fc14fb2cdc7,c5,c3,1019,?,x12,
1768857201.468166,SENT,2b3c9d6e-ba8b-45cd-b93f-e2edbd35a072,e5cef70d-e4b7-4265-af7a-cc5c690d419f,c1,c2,1117,?,x8,
1768857201.4682105,FORWARDED,2b3c9d6e-ba8b-45cd-b93f-e2edbd35a072,e5cef70d-e4b7-4265-af7a-cc5c690d419f,c1,c2,1117,?,x8,
1768857201.6910152,RECEIVED,ed64aadd-7094-48ff-b63e-7454623ea18a,7ef64fe5-934e-4c35-a9ea-c22b085718a4,c5,DROP,446,x11,?,
1768857202.243524,RECEIVED,4c2d5f25-72f4-4db7-b726-bd1715fb1a5d,66ac1110-d687-4fa8-b202-24245104109f,c5,c3,1456,e3,?,
1768857202.3618674,SENT,4c2d5f25-72f4-4db7-b726-bd1715fb1a5d,66ac1110-d687-4fa8-b202-24245104109f,c5,c3,1019,?,x10,
1768857202.361907,FORWARDED,4c2d5f25-72f4-4db7-b726-bd1715fb1a5d,66ac1110-d687-4fa8-b202-24245104109f,c5,c3,1019,?,x10,
1768857202.513464,RECEIVED,70daf276-bef6-4cca-9727-6286e03ed339,95400005-e265-4bfb-afa7-85ce4ecb44d7,c5,c3,1463,e2,?,
1768857202.592127,SENT,70daf276-bef6-4cca-9727-6286e03ed339,95400005-e265-4bfb-afa7-85ce4ecb44d7,c5,c3,1025,?,x8,
1768857202.5922053,FORWARDED,70daf276-bef6-4cca-9727-6286e03ed339,95400005-e265-4bfb-afa7-85ce4ecb44d7,c5,c3,1025,?,x8,
1768857202.7280142,RECEIVED,b192daca-de33-4ffa-b5ad-6735ffd3edc7,a904dd81-eb56-4af0-aa23-279a010f7868,c1,c5,1455,e11,?,
1768857202.917101,RECEIVED,306f5247-d2ee-403c-8ce8-7019d22c2f54,093dca39-0503-466d-bcc5-1249d4155e30,c4,c5,1460,e11,?,
1768857203.0676668,SENT,306f5247-d2ee-403c-8ce8-7019d22c2f54,093dca39-0503-466d-bcc5-1249d4155e30,c4,c5,1021,?,x4,
1768857203.0677083,FORWARDED,306f5247-d2ee-403c-8ce8-7019d22c2f54,093dca39-0503-466d-bcc5-1249d4155e30,c4,c5,1021,?,x4,
1768857203.1833467,RECEIVED,509d1f0e-a303-4e90-8a1f-45f6c3736c50,8876a981-467a-497d-8c41-ebc95b67a39b,c3,c5,1583,e1,?,
1768857203.187849,SENT,b192daca-de33-4ffa-b5ad-6735ffd3edc7,a904dd81-eb56-4af0-aa23-279a010f7868,c1,c5,1019,?,x1,
1768857203.1878865,FORWARDED,b192daca-de33-4ffa-b5ad-6735ffd3edc7,a904dd81-eb56-4af0-aa23-279a010f7868,c1,c5,1019,?,x1,
1768857203.5062656,SENT,509d1f0e-a303-4e90-8a1f-45f6c3736c50,8876a981-467a-497d-8c41-ebc95b67a39b,c3,c5,1115,?,x7,
1768857203.5067232,FORWARDED,509d1f0e-a303-4e90-8a1f-45f6c3736c50,8876a981-467a-497d-8c41-ebc95b67a39b,c3,c5,1115,?,x7,
1768857203.6488461,RECEIVED,dcc5bed0-608d-4ad5-9603-5c9b5d41f761,1b1884f8-1810-461c-9f0a-3acab931b3e1,c3,DROP,1011,e4,?,
1768857203.844864,RECEIVED,08fc9009-35fd-4c68-87df-d80438b03a60,457ab287-0d6e-4d32-9632-01757650374a,c4,c5,1458,e6,?,
1768857203.9394324,RECEIVED,14e0da76-1130-4c30-bfde-afb77d694cad,979fadd2-c89d-488d-8e21-d98b43721975,c3,c5,1463,e1,?,
1768857204.0831046,RECEIVED,73eea368-100f-4efd-a709-0d7289d316f1,9d5a118f-2500-461b-82b0-ce8b699906c2,c2,c1,1459,e10,?,
1768857204.2997794,RECEIVED,2f7c4dd7-abcb-4d90-9198-ac4750c3116c,38a37587-1e7d-4f2b-a1c0-8ba91777dc7a,c4,c5,1457,e1,?,
1768857204.3034408,SENT,08fc9009-35fd-4c68-87df-d80438b03a60,457ab287-0d6e-4d32-9632-01757650374a,c4,c5,1021,?,x8,
1768857204.3034832,FORWARDED,08fc9009-35fd-4c68-87df-d80438b03a60,457ab287-0d6e-4d32-9632-01757650374a,c4,c5,1021,?,x8,
1768857204.61102,SENT,2f7c4dd7-abcb-4d90-9198-ac4750c3116c,38a37587-1e7d-4f2b-a1c0-8ba91777dc7a,c4,c5,1019,?,x10,
1768857204.6110737,FORWARDED,2f7c4dd7-abcb-4d90-9198-ac4750c3116c,38a37587-1e7d-4f2b-a1c0-8ba91777dc7a,c4,c5,1019,?,x10,
1768857204.6759853,SENT,dcc5bed0-608d-4ad5-9603-5c9b5d41f761,1b1884f8-1810-461c-9f0a-3acab931b3e1,c3,DROP,685,?,x7,
1768857204.6760848,FORWARDED,dcc5bed0-608d-4ad5-9603-5c9b5d41f761,1b1884f8-1810-461c-9f0a-3acab931b3e1,c3,DROP,685,?,x7,
1768857204.7162802,RECEIVED,2e02c134-240f-4071-a518-c5f7de5a953d,d9d79748-ab19-4c15-b4dc-5c8dc9f4fd5c,c1,c5,1464,e1,?,
1768857204.745638,RECEIVED,11263190-8625-46e1-9ec4-5f7927738ca8,9f51f1d0-6d3d-49b1-b3bf-16c4fd79be54,c3,c5,1452,e5,?,
1768857204.8097816,SENT,11263190-8625-46e1-9ec4-5f7927738ca8,9f51f1d0-6d3d-49b1-b3bf-16c4fd79be54,c3,c5,1017,?,x5,
1768857204.809827,FORWARDED,11263190-8625-46e1-9ec4-5f7927738ca8,9f51f1d0-6d3d-49b1-b3bf-16c4fd79be54,c3,c5,1017,?,x5,
1768857204.9059513,RECEIVED,2348ac1d-18f8-44e1-9c3a-6351cf369017,b4c20084-639c-4048-9428-d29d857dc76c,c3,c5,1583,e5,?,
1768857204.9969823,SENT,2e02c134-240f-4071-a518-c5f7de5a953d,d9d79748-ab19-4c15-b4dc-5c8dc9f4fd5c,c1,c5,1024,?,x11,
1768857204.997033,FORWARDED,2e02c134-240f-4071-a518-c5f7de5a953d,d9d79748-ab19-4c15-b4dc-5c8dc9f4fd5c,c1,c5,1024,?,x11,
1768857205.008547,SENT,14e0da76-1130-4c30-bfde-afb77d694cad,979fadd2-c89d-488d-8e21-d98b43721975,c3,c5,1024,?,x12,
1768857205.0085967,FORWARDED,14e0da76-1130-4c30-bfde-afb77d694cad,979fadd2-c89d-488d-8e21-d98b43721975,c3,c5,1024,?,x12,
1768857205.2023582,RECEIVED,91d05b90-4416-4746-9489-599d0d8e36d3,0f962e1c-4543-412f-9f0c-7d1420529e59,c5,c1,1585,e8,?,
1768857205.2665446,SENT,91d05b90-4416-4746-9489-599d0d8e36d3,0f962e1c-4543-412f-9f0c-7d1420529e59,c5,c1,1115,?,x10,
1768857205.2665834,FORWARDED,91d05b90-4416-4746-9489-599d0d8e36d3,0f962e1c-4543-412f-9f0c-7d1420529e59,c5,c1,1115,?,x10,
1768857205.3668249,RECEIVED,ec531ed3-402c-4f2f-ab5f-71d041776147,a8202cbe-e18b-4d6d-a00b-f0f4d1bbd1f6,c1,c2,1583,e11,?,
1768857205.469749,SENT,ec531ed3-402c-4f2f-ab5f-71d041776147,a8202cbe-e18b-4d6d-a00b-f0f4d1bbd1f6,c1,c2,1115,?,x5,
1768857205.4697876,FORWARDED,ec531ed3-402c-4f2f-ab5f-71d041776147,a8202cbe-e18b-4d6d-a00b-f0f4d1bbd1f6,c1,c2,1115,?,x5,
1768857205.969295,SENT,2348ac1d-18f8-44e1-9c3a-6351cf369017,b4c20084-639c-4048-9428-d29d857dc76c,c3,c5,1115,?,x3,
1768857205.9693336,FORWARDED,2348ac1d-18f8-44e1-9c3a-6351cf369017,b4c20084-639c-4048-9428-d29d857dc76c,c3,c5,1115,?,x3,
1768857205.9907517,RECEIVED,97b75a46-77c3-463e-b738-d2a5bc4877df,37898e98-a9dc-437d-af88-bae3cbf62213,c3,c5,1575,e4,?,
1768857205.9914227,RECEIVED,d2fb0d4c-21a2-4124-b755-b612413794c8,fcb2e69d-d16f-435a-ad92-493dca9627d9,c4,c5,1457,e6,?,
1768857206.0387704,SENT,73eea368-100f-4efd-a709-0d7289d316f1,9d5a118f-2500-461b-82b0-ce8b699906c2,c2,c1,1023,?,x2,
1768857206.03911,FORWARDED,73eea368-100f-4efd-a709-0d7289d316f1,9d5a118f-2500-461b-82b0-ce8b699906c2,c2,c1,1023,?,x2,
1768857206.218292,SENT,d2fb0d4c-21a2-4124-b755-b612413794c8,fcb2e69d-d16f-435a-ad92-493dca9627d9,c4,c5,1019,?,x11,
1768857206.2183325,FORWARDED,d2fb0d4c-21a2-4124-b755-b612413794c8,fcb2e69d-d16f-435a-ad92-493dca9627d9,c4,c5,1019,?,x11,
1768857206.3155646,RECEIVED,1c166632-2dc6-4fe5-9984-83bba8ca71ac,1cd36755-914a-4576-9cc9-90ef828a8fc3,c5,c3,1456,e10,?,
1768857206.3514946,SENT,1c166632-2dc6-4fe5-9984-83bba8ca71ac,1cd36755-914a-4576-9cc9-90ef828a8fc3,c5,c3,1019,?,x8,
1768857206.3515368,FORWARDED,1c166632-2dc6-4fe5-9984-83bba8ca71ac,1cd36755-914a-4576-9cc9-90ef828a8fc3,c5,c3,1019,?,x8,
1768857206.6917245,SENT,97b75a46-77c3-463e-b738-d2a5bc4877df,37898e98-a9dc-437d-af88-bae3cbf62213,c3,c5,1108,?,x2,
1768857206.6922603,FORWARDED,97b75a46-77c3-463e-b738-d2a5bc4877df,37898e98-a9dc-437d-af88-bae3cbf62213,c3,c5,1108,?,x2,
1768857206.7326686,RECEIVED,0b2e6331-a96e-4a68-8925-178f29b8bd74,80ffc510-03be-465e-8ede-ebbb3bd95aaa,c3,c5,1443,e5,?,
1768857206.8082693,RECEIVED,bb7a2ad2-0b1f-4775-b175-864b20671a5d,adeb1155-f59d-4b32-acf2-400e22e0d389,c1,c2,1585,e3,?,
1768857206.868456,SENT,bb7a2ad2-0b1f-4775-b175-864b20671a5d,adeb1155-f59d-4b32-acf2-400e22e0d389,c1,c2,1115,?,x11,
1768857206.8685,FORWARDED,bb7a2ad2-0b1f-4775-b175-864b20671a5d,adeb1155-f59d-4b32-acf2-400e22e0d389,c1,c2,1115,?,x11,
1768857206.8836172,SENT,0b2e6331-a96e-4a68-8925-178f29b8bd74,80ffc510-03be-465e-8ede-ebbb3bd95aaa,c3,c5,1011,?,x4,
1768857206.8836617,FORWARDED,0b2e6331-a96e-4a68-8925-178f29b8bd74,80ffc510-03be-465e-8ede-ebbb3bd95aaa,c3,c5,1011,?,x4,
1768857207.5167851,RECEIVED,ecabd905-f21b-445b-a81d-a8b985da0c1e,80737f27-8264-4efc-8879-ffeba4a30261,c5,c4,1580,e5,?,
1768857207.6751451,RECEIVED,104e8394-4da5-445f-9574-1fc722123673,b37ace56-4096-42e9-b355-969c9eafbe4a,c5,c4,1586,e12,?,
1768857207.722108,SENT,104e8394-4da5-445f-9574-1fc722123673,b37ace56-4096-42e9-b355-969c9eafbe4a,c5,c4,1115,?,x2,
1768857207.7221515,FORWARDED,104e8394-4da5-445f-9574-1fc722123673,b37ace56-4096-42e9-b355-969c9eafbe4a,c5,c4,1115,?,x2,
1768857207.7523525,RECEIVED,7c8eb0d0-113a-4dd6-bf2e-d1eb3935b382,5284fd82-4d73-4366-b759-b533bd416f99,c3,c5,1586,e7,?,
1768857207.9726934,SENT,ecabd905-f21b-445b-a81d-a8b985da0c1e,80737f27-8264-4efc-8879-ffeba4a30261,c5,c4,1112,?,x9,
1768857207.972735,FORWARDED,ecabd905-f21b-445b-a81d-a8b985da0c1e,80737f27-8264-4efc-8879-ffeba4a30261,c5,c4,1112,?,x9,
1768857208.020769,RECEIVED,216e3a31-e193-4aef-bad5-cf6f92c7b87f,c7e08c9d-ba10-4bb4-ba69-892241c30560,c4,c5,1448,e8,?,
1768857208.0782886,SENT,216e3a31-e193-4aef-bad5-cf6f92c7b87f,c7e08c9d-ba10-4bb4-ba69-892241c30560,c4,c5,1012,?,x6,
1768857208.0783317,FORWARDED,216e3a31-e193-4aef-bad5-cf6f92c7b87f,c7e08c9d-ba10-4bb4-ba69-892241c30560,c4,c5,1012,?,x6,
1768857209.0866113,RECEIVED,ed5b4195-09a0-4608-8e07-8109ac8f142a,9440bf4e-39ae-4cb3-a77e-ce630a7b7588,c5,c1,1580,e4,?,
1768857209.099271,RECEIVED,476ca790-4253-445e-8aaf-361bf7506eac,cae2819c-9c2d-4e0e-9bea-2844922abbad,c3,c5,1460,e4,?,
1768857209.3092754,RECEIVED,14d1646c-f1f9-45bf-88c2-e606456cc17a,7f01ee6c-deb2-436e-8c90-94889da0972e,c5,c3,1465,e6,?,
1768857209.4026766,RECEIVED,8c225d97-f56e-4a5f-a56a-9c24f8aa8580,b688d821-d1eb-4d29-89b5-6e7986eb8eb7,c5,c3,1456,e8,?,
1768857209.4283514,RECEIVED,4660049d-7806-4512-9d95-0470eedaeabe,15e82a80-6621-40bf-a695-8b6524166314,c4,c5,1456,e11,?,
1768857209.4994502,SENT,14d1646c-f1f9-45bf-88c2-e606456cc17a,7f01ee6c-deb2-436e-8c90-94889da0972e,c5,c3,1024,?,x12,
1768857209.4994886,FORWARDED,14d1646c-f1f9-45bf-88c2-e606456cc17a,7f01ee6c-deb2-436e-8c90-94889da0972e,c5,c3,1024,?,x12,
1768857209.5184226,SENT,476ca790-4253-445e-8aaf-361bf7506eac,cae2819c-9c2d-4e0e-9bea-2844922abbad,c3,c5,1022,?,x2,
1768857209.518466,FORWARDED,476ca790-4253-445e-8aaf-361bf7506eac,cae2819c-9c2d-4e0e-9bea-2844922abbad,c3,c5,1022,?,x2,
1768857209.5305858,SENT,4660049d-7806-4512-9d95-0470eedaeabe,15e82a80-6621-40bf-a695-8b6524166314,c4,c5,1020,?,x5,
1768857209.5306275,FORWARDED,4660049d-7806-4512-9d95-0470eedaeabe,15e82a80-6621-40bf-a695-8b6524166314,c4,c5,1020,?,x5,
1768857209.661765,SENT,8c225d97-f56e-4a5f-a56a-9c24f8aa8580,b688d821-d1eb-4d29-89b5-6e7986eb8eb7,c5,c3,1019,?,x4,
1768857209.6618052,FORWARDED,8c225d97-f56e-4a5f-a56a-9c24f8aa8580,b688d821-d1eb-4d29-89b5-6e7986eb8eb7,c5,c3,1019,?,x4,
1768857209.6657267,RECEIVED,f7e6e33f-90a6-4f0a-8325-e2e2baf51114,4c52a1d7-3508-45f2-898d-26edeafeabed,c1,c5,1459,e5,?,
1768857209.6825044,SENT,ed5b4195-09a0-4608-8e07-8109ac8f142a,9440bf4e-39ae-4cb3-a77e-ce630a7b7588,c5,c1,1111,?,x11,
1768857209.682546,FORWARDED,ed5b4195-09a0-4608-8e07-8109ac8f142a,9440bf4e-39ae-4cb3-a77e-ce630a7b7588,c5,c1,1111,?,x11,
1768857209.8021076,RECEIVED,600e602a-bc1f-4025-998a-ff226f00334f,6514cb6c-de31-4fa4-96fa-b1272a07cfeb,c2,c1,1456,e11,?,
1768857209.812646,RECEIVED,d7ed8200-a357-43fd-bb20-8e32c9a697fc,d62dd04f-e9d5-4f8a-8d26-29d302d53238,c1,c2,1584,e6,?,
1768857209.8871484,SENT,600e602a-bc1f-4025-998a-ff226f00334f,6514cb6c-de31-4fa4-96fa-b1272a07cfeb,c2,c1,1018,?,x4,
1768857209.8871891,FORWARDED,600e602a-bc1f-4025-998a-ff226f00334f,6514cb6c-de31-4fa4-96fa-b1272a07cfeb,c2,c1,1018,?,x4,
1768857209.9568439,RECEIVED,0ca1210c-1d51-4ded-b00a-25bef44878b4,c2b95cd5-ac4d-4f3f-9afa-e80e32f4e30c,c5,c3,1585,e7,?,
1768857209.9886458,SENT,0ca1210c-1d51-4ded-b00a-25bef44878b4,c2b95cd5-ac4d-4f3f-9afa-e80e32f4e30c,c5,c3,1115,?,x5,
1768857209.9886858,FORWARDED,0ca1210c-1d51-4ded-b00a-25bef44878b4,c2b95cd5-ac4d-4f3f-9afa-e80e32f4e30c,c5,c3,1115,?,x5,
1768857210.1309476,SENT,d7ed8200-a357-43fd-bb20-8e32c9a697fc,d62dd04f-e9d5-4f8a-8d26-29d302d53238,c1,c2,1115,?,x6,
1768857210.1309888,FORWARDED,d7ed8200-a357-43fd-bb20-8e32c9a697fc,d62dd04f-e9d5-4f8a-8d26-29d302d53238,c1,c2,1115,?,x6,
1768857210.3337994,SENT,f7e6e33f-90a6-4f0a-8325-e2e2baf51114,4c52a1d7-3508-45f2-898d-26edeafeabed,c1,c5,1023,?,x9,
1768857210.3338408,FORWARDED,f7e6e33f-90a6-4f0a-8325-e2e2baf51114,4c52a1d7-3508-45f2-898d-26edeafeabed,c1,c5,1023,?,x9,
1768857210.3744986,SENT,7c8eb0d0-113a-4dd6-bf2e-d1eb3935b382,5284fd82-4d73-4366-b759-b533bd416f99,c3,c5,1117,?,x6,
1768857210.3745394,FORWARDED,7c8eb0d0-113a-4dd6-bf2e-d1eb3935b382,5284fd82-4d73-4366-b759-b533bd416f99,c3,c5,1117,?,x6,
1768857210.8145738,RECEIVED,839567f8-f47e-426f-b838-966bf1d1e329,67126be2-15ff-4f8f-a0d7-4a96c80205f7,c4,c5,1452,e1,?,
1768857210.9389718,RECEIVED,7ceea232-6589-4b61-a63b-fcbddfb0cc3a,2a48efa8-e938-4cf7-badd-a0108583a9f6,c1,c5,1463,e1,?,
1768857211.1276453,SENT,839567f8-f47e-426f-b838-966bf1d1e329,67126be2-15ff-4f8f-a0d7-4a96c80205f7,c4,c5,1016,?,x1,
1768857211.1276853,FORWARDED,839567f8-f47e-426f-b838-966bf1d1e329,67126be2-15ff-4f8f-a0d7-4a96c80205f7,c4,c5,1016,?,x1,
1768857211.232551,SENT,7ceea232-6589-4b61-a63b-fcbddfb0cc3a,2a48efa8-e938-4cf7-badd-a0108583a9f6,c1,c5,1024,?,x8,
1768857211.2326026,FORWARDED,7ceea232-6589-4b61-a63b-fcbddfb0cc3a,2a48efa8-e938-4cf7-badd-a0108583a9f6,c1,c5,1024,?,x8,
1768857211.3332114,RECEIVED,8537a77b-b4d4-40b9-b16f-3e18b0b9fd59,43f017b6-3899-458a-ba39-24b8b13deaed,c5,c3,1567,e2,?,
1768857211.8275056,SENT,8537a77b-b4d4-40b9-b16f-3e18b0b9fd59,43f017b6-3899-458a-ba39-24b8b13deaed,c5,c3,1104,?,x9,
1768857211.8275511,FORWARDED,8537a77b-b4d4-40b9-b16f-3e18b0b9fd59,43f017b6-3899-458a-ba39-24b8b13deaed,c5,c3,1104,?,x9,
1768857211.9207368,RECEIVED,9ab915f1-07aa-41dd-8d0f-8e6170362a38,c40d7c66-2c41-43c6-8cf2-195cc61ee804,c3,c5,1455,e6,?,
1768857211.9298759,RECEIVED,46b55472-b542-4889-8251-d1cc0d4aa6e1,95190a8e-e8b2-4520-bf09-b98d4d53f035,c5,c3,1585,e7,?,
1768857212.2563028,RECEIVED,192d525d-84be-4a2e-98b0-0607b582917f,68ac82c0-2154-4a46-ad02-289483b71568,c1,c2,1575,e10,?,
1768857212.2994368,SENT,46b55472-b542-4889-8251-d1cc0d4aa6e1,95190a8e-e8b2-4520-bf09-b98d4d53f035,c5,c3,1116,?,x11,
1768857212.2994905,FORWARDED,46b55472-b542-4889-8251-d1cc0d4aa6e1,95190a8e-e8b2-4520-bf09-b98d4d53f035,c5,c3,1116,?,x11,
1768857212.367132,SENT,9ab915f1-07aa-41dd-8d0f-8e6170362a38,c40d7c66-2c41-43c6-8cf2-195cc61ee804,c3,c5,1020,?,x3,
1768857212.3671713,FORWARDED,9ab915f1-07aa-41dd-8d0f-8e6170362a38,c40d7c66-2c41-43c6-8cf2-195cc61ee804,c3,c5,1020,?,x3,
1768857212.5524209,RECEIVED,800da423-9a8e-4bdc-9843-22cb500012f5,c6794972-12f0-4f2e-86df-ce7fa1225457,c3,c5,1587,e10,?,
1768857212.7832491,SENT,800da423-9a8e-4bdc-9843-22cb500012f5,c6794972-12f0-4f2e-86df-ce7fa1225457,c3,c5,1117,?,x7,
1768857212.7832909,FORWARDED,800da423-9a8e-4bdc-9843-22cb500012f5,c6794972-12f0-4f2e-86df-ce7fa1225457,c3,c5,1117,?,x7,
1768857213.305866,SENT,192d525d-84be-4a2e-98b0-0607b582917f,68ac82c0-2154-4a46-ad02-289483b71568,c1,c2,1108,?,x6,
1768857213.3059077,FORWARDED,192d525d-84be-4a2e-98b0-0607b582917f,68ac82c0-2154-4a46-ad02-289483b71568,c1,c2,1108,?,x6,
1768857213.6188252,RECEIVED,2ebf717a-ae7e-412d-9d8d-05bd6c1efde2,dc67f164-a2d0-41ab-a7d3-ecf59afc83fe,c5,c4,1583,e7,?,
1768857213.81958,RECEIVED,5ef4d60a-7584-49f7-8bf4-2fe765ac753f,3ece1029-76f9-4212-8d72-cd1aef9bb0eb,c2,c1,1457,e10,?,
1768857213.8551984,SENT,5ef4d60a-7584-49f7-8bf4-2fe765ac753f,3ece1029-76f9-4212-8d72-cd1aef9bb0eb,c2,c1,1020,?,x3,
1768857213.85524,FORWARDED,5ef4d60a-7584-49f7-8bf4-2fe765ac753f,3ece1029-76f9-4212-8d72-cd1aef9bb0eb,c2,c1,1020,?,x3,
1768857214.3162987,RECEIVED,e09e0800-f7ea-47ff-94d1-739f00796084,9c21bc14-2c49-4b63-a081-b97315be39b2,c1,c5,1455,e11,?,
1768857214.3924189,SENT,e09e0800-f7ea-47ff-94d1-739f00796084,9c21bc14-2c49-4b63-a081-b97315be39b2,c1,c5,1019,?,x3,
1768857214.3924603,FORWARDED,e09e0800-f7ea-47ff-94d1-739f00796084,9c21bc14-2c49-4b63-a081-b97315be39b2,c1,c5,1019,?,x3,
1768857214.5725932,RECEIVED,40440bb5-2fa1-473e-8ff2-620c13ed6aa1,000c833c-7dce-46b7-9d2e-259d8815825d,c5,c3,1584,e5,?,
1768857214.787586,RECEIVED,21f18de3-b927-4a99-9665-4761b0a26069,e9f423de-278c-42bf-807e-ff9724aedc00,c1,c2,1584,e4,?,
1768857214.872805,RECEIVED,0bb34dda-46eb-4a0e-8abd-c07fdba447e7,8afc2d1c-f9f6-4113-94e6-f852341f1736,c3,c5,1580,e2,?,
1768857214.9218035,SENT,2ebf717a-ae7e-412d-9d8d-05bd6c1efde2,dc67f164-a2d0-41ab-a7d3-ecf59afc83fe,c5,c4,1116,?,x7,
1768857214.9218442,FORWARDED,2ebf717a-ae7e-412d-9d8d-05bd6c1efde2,dc67f164-a2d0-41ab-a7d3-ecf59afc83fe,c5,c4,1116,?,x7,
1768857214.949844,RECEIVED,bb3be08e-589b-48ca-a39b-eba558cdc613,1b2299ae-9819-4f36-991f-0b58933c5729,c3,c5,1455,e8,?,
1768857215.0548606,SENT,21f18de3-b927-4a99-9665-4761b0a26069,e9f423de-278c-42bf-807e-ff9724aedc00,c1,c2,1116,?,x9,
1768857215.0549269,FORWARDED,21f18de3-b927-4a99-9665-4761b0a26069,e9f423de-278c-42bf-807e-ff9724aedc00,c1,c2,1116,?,x9,
1768857215.0630429,SENT,40440bb5-2fa1-473e-8ff2-620c13ed6aa1,000c833c-7dce-46b7-9d2e-259d8815825d,c5,c3,1116,?,x10,
1768857215.0632544,FORWARDED,40440bb5-2fa1-473e-8ff2-620c13ed6aa1,000c833c-7dce-46b7-9d2e-259d8815825d,c5,c3,1116,?,x10,
1768857215.1184108,RECEIVED,cf6f430c-13dd-4942-a0ed-93d01d7533a9,c1ec6f24-217d-486b-982d-6671e276841b,c5,c1,1579,e12,?,
1768857215.2661715,RECEIVED,16398c31-935a-4aa4-b3c2-9528807725b3,f194ae38-a188-462a-86a4-35cdad057da9,c3,c5,1584,e3,?,
1768857215.552002,SENT,bb3be08e-589b-48ca-a39b-eba558cdc613,1b2299ae-9819-4f36-991f-0b58933c5729,c3,c5,1019,?,x5,
1768857215.5520582,FORWARDED,bb3be08e-589b-48ca-a39b-eba558cdc613,1b2299ae-9819-4f36-991f-0b58933c5729,c3,c5,1019,?,x5,
1768857215.638605,SENT,cf6f430c-13dd-4942-a0ed-93d01d7533a9,c1ec6f24-217d-486b-982d-6671e276841b,c5,c1,1111,?,x7,
1768857215.6386433,FORWARDED,cf6f430c-13dd-4942-a0ed-93d01d7533a9,c1ec6f24-217d-486b-982d-6671e276841b,c5,c1,1111,?,x7,
1768857215.6578095,SENT,16398c31-935a-4aa4-b3c2-9528807725b3,f194ae38-a188-462a-86a4-35cdad057da9,c3,c5,1116,?,x8,
1768857215.6578515,FORWARDED,16398c31-935a-4aa4-b3c2-9528807725b3,f194ae38-a188-462a-86a4-35cdad057da9,c3,c5,1116,?,x8,
1768857215.659464,RECEIVED,50db44b5-8e41-46c6-aff2-1cf714617199,6db4d8ea-4375-4697-9e5a-5a4ca2dd1160,c5,c3,1579,e1,?,
1768857215.825354,RECEIVED,9cc4afc7-2fcb-4808-b867-0dec92b54872,f75defa4-7aba-460d-a0f7-1c8f7f8f1066,c1,c2,1583,e11,?,
1768857215.9246292,RECEIVED,614c60f1-3daa-4e40-8705-b7a0268f2e41,a5567d8b-dfb6-476f-b5cf-3d4be99d4afd,c5,c3,1568,e7,?,
1768857215.9784634,SENT,0bb34dda-46eb-4a0e-8abd-c07fdba447e7,8afc2d1c-f9f6-4113-94e6-f852341f1736,c3,c5,1111,?,x10,
1768857215.9785051,FORWARDED,0bb34dda-46eb-4a0e-8abd-c07fdba447e7,8afc2d1c-f9f6-4113-94e6-f852341f1736,c3,c5,1111,?,x10,
1768857215.9904215,RECEIVED,4679ed88-0657-4f30-b050-02dffa4d4b72,46e006ca-d62e-47c0-baf9-43e5967c6803,c3,DROP,446,x2,?,
1768857216.196087,RECEIVED,8d34b59b-86d9-4713-9dd4-bb5a35d15d46,e120140e-5d73-4f54-963c-b90f6a77d077,c5,c4,1568,e8,?,
1768857216.2640076,SENT,50db44b5-8e41-46c6-aff2-1cf714617199,6db4d8ea-4375-4697-9e5a-5a4ca2dd1160,c5,c3,1111,?,x3,
1768857216.2640543,FORWARDED,50db44b5-8e41-46c6-aff2-1cf714617199,6db4d8ea-4375-4697-9e5a-5a4ca2dd1160,c5,c3,1111,?,x3,
1768857216.2686512,SENT,8d34b59b-86d9-4713-9dd4-bb5a35d15d46,e120140e-5d73-4f54-963c-b90f6a77d077,c5,c4,1104,?,x4,
1768857216.2686932,FORWARDED,8d34b59b-86d9-4713-9dd4-bb5a35d15d46,e120140e-5d73-4f54-963c-b90f6a77d077,c5,c4,1104,?,x4,
1768857216.2760649,SENT,614c60f1-3daa-4e40-8705-b7a0268f2e41,a5567d8b-dfb6-476f-b5cf-3d4be99d4afd,c5,c3,1103,?,x4,
1768857216.276102,FORWARDED,614c60f1-3daa-4e40-8705-b7a0268f2e41,a5567d8b-dfb6-476f-b5cf-3d4be99d4afd,c5,c3,1103,?,x4,
1768857216.364772,SENT,9cc4afc7-2fcb-4808-b867-0dec92b54872,f75defa4-7aba-460d-a0f7-1c8f7f8f1066,c1,c2,1115,?,x7,
1768857216.364814,FORWARDED,9cc4afc7-2fcb-4808-b867-0dec92b54872,f75defa4-7aba-460d-a0f7-1c8f7f8f1066,c1,c2,1115,?,x7,
1768857216.3657558,RECEIVED,57e83265-2f0d-4ad7-becd-01b9277c8ed7,9f94e2d4-6b21-4e99-acae-a8e443319e8e,c2,c1,1457,e10,?,
1768857216.3772516,SENT,57e83265-2f0d-4ad7-becd-01b9277c8ed7,9f94e2d4-6b21-4e99-acae-a8e443319e8e,c2,c1,1020,?,x6,
1768857216.3773015,FORWARDED,57e83265-2f0d-4ad7-becd-01b9277c8ed7,9f94e2d4-6b21-4e99-acae-a8e443319e8e,c2,c1,1020,?,x6,
1768857216.497733,RECEIVED,2b285726-d816-478e-8e90-e0852fe411cb,c17938ae-b08e-4c9b-955e-cc0fb78feea9,c3,c5,1582,e11,?,
1768857216.585888,RECEIVED,9278ac56-27d4-4815-93f6-b0255b4bfbd2,b4267d58-ed84-47ee-aa75-4458b7d13630,c2,c1,1451,e4,?,
1768857216.9394157,SENT,2b285726-d816-478e-8e90-e0852fe411cb,c17938ae-b08e-4c9b-955e-cc0fb78feea9,c3,c5,1115,?,x2,
1768857216.9394581,FORWARDED,2b285726-d816-478e-8e90-e0852fe411cb,c17938ae-b08e-4c9b-955e-cc0fb78feea9,c3,c5,1115,?,x2,
1768857217.0565772,SENT,9278ac56-27d4-4815-93f6-b0255b4bfbd2,b4267d58-ed84-47ee-aa75-4458b7d13630,c2,c1,1015,?,x7,
1768857217.057021,FORWARDED,9278ac56-27d4-4815-93f6-b0255b4bfbd2,b4267d58-ed84-47ee-aa75-4458b7d13630,c2,c1,1015,?,x7,
1768857217.1384032,RECEIVED,95ebddba-3618-45a5-b254-097abb639c0a,1808a5aa-775f-4d0b-afaa-d17e9e761eda,c3,c5,1455,e12,?,
1768857217.3878837,RECEIVED,e3fec6a6-e08e-4cd9-bfce-e6053dad41ae,d0663478-f398-476e-8edc-00489f171f85,c5,c4,1583,e2,?,
1768857217.4084656,RECEIVED,88a833b3-b156-4d33-9eae-a9c9b50b7f13,e7f3c416-21ed-4b48-841e-995347aa8976,c4,c5,1455,e11,?,
1768857218.003635,SENT,88a833b3-b156-4d33-9eae-a9c9b50b7f13,e7f3c416-21ed-4b48-841e-995347aa8976,c4,c5,1020,?,x2,
1768857218.003667,FORWARDED,88a833b3-b156-4d33-9eae-a9c9b50b7f13,e7f3c416-21ed-4b48-841e-995347aa8976,c4,c5,1020,?,x2,
1768857218.0141118,RECEIVED,31a841d8-9eab-4b3a-b0db-8950b485cfb2,31e59c67-560b-4019-ae97-337186e1dbc0,c3,c5,1567,e1,?,
1768857218.0991714,RECEIVED,46059bcd-f82e-4915-ba37-a7b034e19c96,f9243311-e497-4735-a72f-f65058a892a4,c5,c3,1567,e7,?,
1768857218.2123866,SENT,31a841d8-9eab-4b3a-b0db-8950b485cfb2,31e59c67-560b-4019-ae97-337186e1dbc0,c3,c5,1104,?,x6,
1768857218.212428,FORWARDED,31a841d8-9eab-4b3a-b0db-8950b485cfb2,31e59c67-560b-4019-ae97-337186e1dbc0,c3,c5,1104,?,x6,
1768857218.3180416,RECEIVED,9fd94bbe-d1af-4452-b7d5-3f422ac0134f,4f69dba7-ed1c-444f-ae7e-a4de65a4e1a0,c3,DROP,1006,e6,?,
1768857218.4301684,RECEIVED,8764aa94-eb0b-427e-85cf-8ee9749ef881,9ba9e97f-db53-424a-950b-6e22dfa4af0c,c2,c1,1465,e3,?,
1768857218.5145674,SENT,8764aa94-eb0b-427e-85cf-8ee9749ef881,9ba9e97f-db53-424a-950b-6e22dfa4af0c,c2,c1,1026,?,x12,
1768857218.5146096,FORWARDED,8764aa94-eb0b-427e-85cf-8ee9749ef881,9ba9e97f-db53-424a-950b-6e22dfa4af0c,c2,c1,1026,?,x12,
1768857218.6745098,SENT,46059bcd-f82e-4915-ba37-a7b034e19c96,f9243311-e497-4735-a72f-f65058a892a4,c5,c3,1103,?,x4,
1768857218.6745522,FORWARDED,46059bcd-f82e-4915-ba37-a7b034e19c96,f9243311-e497-4735-a72f-f65058a892a4,c5,c3,1103,?,x4,
1768857218.7300382,SENT,e3fec6a6-e08e-4cd9-bfce-e6053dad41ae,d0663478-f398-476e-8edc-00489f171f85,c5,c4,1116,?,x1,
1768857218.7300928,FORWARDED,e3fec6a6-e08e-4cd9-bfce-e6053dad41ae,d0663478-f398-476e-8edc-00489f171f85,c5,c4,1116,?,x1,
1768857218.9078937,SENT,95ebddba-3618-45a5-b254-097abb639c0a,1808a5aa-775f-4d0b-afaa-d17e9e761eda,c3,c5,1019,?,x1,
1768857218.9079344,FORWARDED,95ebddba-3618-45a5-b254-097abb639c0a,1808a5aa-775f-4d0b-afaa-d17e9e761eda,c3,c5,1019,?,x1,
1768857219.0406551,RECEIVED,0a0b0ad4-ac9c-4dfb-a4ea-538b2e0153f1,cb614c43-484f-44cc-a2bb-84e0b8c4611a,c5,c4,1585,e2,?,
1768857219.2839468,SENT,0a0b0ad4-ac9c-4dfb-a4ea-538b2e0153f1,cb614c43-484f-44cc-a2bb-84e0b8c4611a,c5,c4,1116,?,x11,
1768857219.2839887,FORWARDED,0a0b0ad4-ac9c-4dfb-a4ea-538b2e0153f1,cb614c43-484f-44cc-a2bb-84e0b8c4611a,c5,c4,1116,?,x11,
1768857219.422739,RECEIVED,578708a3-f07c-40c4-b730-465841dfa368,58e0d7ab-dc60-49f0-b8ef-b530f64e23a9,c1,c2,1584,e4,?,
1768857219.4874136,SENT,578708a3-f07c-40c4-b730-465841dfa368,58e0d7ab-dc60-49f0-b8ef-b530f64e23a9,c1,c2,1116,?,x3,
1768857219.4874556,FORWARDED,578708a3-f07c-40c4-b730-465841dfa368,58e0d7ab-dc60-49f0-b8ef-b530f64e23a9,c1,c2,1116,?,x3,
1768857219.64294,RECEIVED,91a42153-fe1b-43fb-8094-77bb30660ce3,cb315037-aa03-4983-9bc9-35f1cc78af2e,c3,c5,1583,e8,?,
1768857219.7770238,RECEIVED,886ebf61-b758-47fa-9f5b-df84feb00857,2e630b29-18e4-4abd-be61-91f640bdc9f5,c5,DROP,1015,e7,?,
1768857219.9802887,RECEIVED,b8b0d82d-b86c-40a7-bc57-ee98a990a42d,3e2e55dd-a4bf-45ca-b437-e4bcb062a59b,c1,c5,1460,e1,?,
1768857220.023548,SENT,886ebf61-b758-47fa-9f5b-df84feb00857,2e630b29-18e4-4abd-be61-91f640bdc9f5,c5,DROP,689,?,x7,
1768857220.0235891,FORWARDED,886ebf61-b758-47fa-9f5b-df84feb00857,2e630b29-18e4-4abd-be61-91f640bdc9f5,c5,DROP,689,?,x7,
1768857220.226466,RECEIVED,2e7339fe-d457-4d0b-9cd6-8bcafca7bf6c,c9e05a2e-55e7-424e-9260-8d54649b07c3,c1,c2,1583,e4,?,
1768857220.2367442,SENT,b8b0d82d-b86c-40a7-bc57-ee98a990a42d,3e2e55dd-a4bf-45ca-b437-e4bcb062a59b,c1,c5,1023,?,x12,
1768857220.2367828,FORWARDED,b8b0d82d-b86c-40a7-bc57-ee98a990a42d,3e2e55dd-a4bf-45ca-b437-e4bcb062a59b,c1,c5,1023,?,x12,
1768857220.2816806,RECEIVED,17c6f6d2-a8d8-4e2d-b072-3e5aae504b40,265deedf-c2c4-414c-9c29-492dd79b5f95,c4,DROP,1021,e5,?,
1768857220.3401384,SENT,17c6f6d2-a8d8-4e2d-b072-3e5aae504b40,265deedf-c2c4-414c-9c29-492dd79b5f95,c4,DROP,692,?,x4,
1768857220.340184,FORWARDED,17c6f6d2-a8d8-4e2d-b072-3e5aae504b40,265deedf-c2c4-414c-9c29-492dd79b5f95,c4,DROP,692,?,x4,
1768857220.5318315,SENT,91a42153-fe1b-43fb-8094-77bb30660ce3,cb315037-aa03-4983-9bc9-35f1cc78af2e,c3,c5,1116,?,x4,
1768857220.5318737,FORWARDED,91a42153-fe1b-43fb-8094-77bb30660ce3,cb315037-aa03-4983-9bc9-35f1cc78af2e,c3,c5,1116,?,x4,
1768857220.7145023,SENT,9fd94bbe-d1af-4452-b7d5-3f422ac0134f,4f69dba7-ed1c-444f-ae7e-a4de65a4e1a0,c3,DROP,684,?,x6,
1768857220.7145452,FORWARDED,9fd94bbe-d1af-4452-b7d5-3f422ac0134f,4f69dba7-ed1c-444f-ae7e-a4de65a4e1a0,c3,DROP,684,?,x6,
1768857220.8469806,RECEIVED,eaec7a4b-3bb1-4226-a904-9b0517f4c00e,2a3702f4-ad5b-4be3-b60e-7ac384882c20,c3,c5,1455,e11,?,
1768857221.0861845,SENT,2e7339fe-d457-4d0b-9cd6-8bcafca7bf6c,c9e05a2e-55e7-424e-9260-8d54649b07c3,c1,c2,1115,?,x6,
1768857221.0862443,FORWARDED,2e7339fe-d457-4d0b-9cd6-8bcafca7bf6c,c9e05a2e-55e7-424e-9260-8d54649b07c3,c1,c2,1115,?,x6,
1768857221.248628,RECEIVED,6f53b134-af04-4353-883e-084e4dcb8aa0,0af351ae-c0ad-4dbf-bb61-115ac5a968cc,c3,c5,1452,e1,?,
1768857221.8531075,SENT,6f53b134-af04-4353-883e-084e4dcb8aa0,0af351ae-c0ad-4dbf-bb61-115ac5a968cc,c3,c5,1015,?,x10,
1768857221.8531497,FORWARDED,6f53b134-af04-4353-883e-084e4dcb8aa0,0af351ae-c0ad-4dbf-bb61-115ac5a968cc,c3,c5,1015,?,x10,
1768857221.8961468,RECEIVED,1b183cb0-1708-40bf-9db0-f006f8acdd6a,7821dacb-a87d-4d49-b086-9e90bcb6b5eb,c2,c1,1460,e11,?,
1768857221.9453878,SENT,eaec7a4b-3bb1-4226-a904-9b0517f4c00e,2a3702f4-ad5b-4be3-b60e-7ac384882c20,c3,c5,1020,?,x5,
1768857221.9454312,FORWARDED,eaec7a4b-3bb1-4226-a904-9b0517f4c00e,2a3702f4-ad5b-4be3-b60e-7ac384882c20,c3,c5,1020,?,x5,
1768857222.5064397,RECEIVED,ac95bd48-0f09-4727-98a6-4c973366fd5d,cbb54071-cfb1-4049-96bc-e91c6f8ce06a,c5,c3,1570,e3,?,
1768857222.567169,RECEIVED,c4faf1b2-3238-40f4-9f11-2cdfd72783de,266e4843-c698-4a73-ab0a-2db2b79cd209,c4,DROP,1011,e2,?,
1768857222.6817615,SENT,c4faf1b2-3238-40f4-9f11-2cdfd72783de,266e4843-c698-4a73-ab0a-2db2b79cd209,c4,DROP,687,?,x3,
1768857222.6818056,FORWARDED,c4faf1b2-3238-40f4-9f11-2cdfd72783de,266e4843-c698-4a73-ab0a-2db2b79cd209,c4,DROP,687,?,x3,
1768857222.7317991,RECEIVED,e8528b3e-6bc6-4774-a080-5d2ea25bfc4b,8da9ac29-0399-4637-a987-34ea2970f89a,c4,c5,1447,e6,?,
1768857222.8883505,RECEIVED,d55fd6fc-ff23-406b-81f8-454afa79944d,cc47013f-96d8-40de-907a-ec30125fafae,c5,c1,1583,e3,?,
1768857222.9199653,SENT,1b183cb0-1708-40bf-9db0-f006f8acdd6a,7821dacb-a87d-4d49-b086-9e90bcb6b5eb,c2,c1,1022,?,x10,
1768857222.9200544,FORWARDED,1b183cb0-1708-40bf-9db0-f006f8acdd6a,7821dacb-a87d-4d49-b086-9e90bcb6b5eb,c2,c1,1022,?,x10,
1768857222.9745674,RECEIVED,9596403e-d589-4294-85ea-59ed747ecc18,89d581e2-c84c-4be3-92a2-66cbf067739c,c4,c5,1459,e7,?,
1768857223.0360217,SENT,ac95bd48-0f09-4727-98a6-4c973366fd5d,cbb54071-cfb1-4049-96bc-e91c6f8ce06a,c5,c3,1107,?,x4,
1768857223.0360835,FORWARDED,ac95bd48-0f09-4727-98a6-4c973366fd5d,cbb54071-cfb1-4049-96bc-e91c6f8ce06a,c5,c3,1107,?,x4,
1768857223.161469,RECEIVED,16ffb5f6-40f1-42c3-a611-f19b5852bfc1,218fb3e4-3a01-4f2b-98e6-f358cc178807,c5,c3,1464,e6,?,
1768857223.3537612,SENT,e8528b3e-6bc6-4774-a080-5d2ea25bfc4b,8da9ac29-0399-4637-a987-34ea2970f89a,c4,c5,1013,?,x1,
1768857223.353804,FORWARDED,e8528b3e-6bc6-4774-a080-5d2ea25bfc4b,8da9ac29-0399-4637-a987-34ea2970f89a,c4,c5,1013,?,x1,
1768857223.4767342,RECEIVED,5585ee12-48ea-4ad1-b6af-820a941f16cb,5066b9c6-b75e-4c6c-af74-3a92391bb545,c3,DROP,1019,e10,?,
1768857223.6664152,SENT,9596403e-d589-4294-85ea-59ed747ecc18,89d581e2-c84c-4be3-92a2-66cbf067739c,c4,c5,1023,?,x3,
1768857223.6664557,FORWARDED,9596403e-d589-4294-85ea-59ed747ecc18,89d581e2-c84c-4be3-92a2-66cbf067739c,c4,c5,1023,?,x3,
1768857223.6849475,SENT,16ffb5f6-40f1-42c3-a611-f19b5852bfc1,218fb3e4-3a01-4f2b-98e6-f358cc178807,c5,c3,1024,?,x10,
1768857223.6857424,FORWARDED,16ffb5f6-40f1-42c3-a611-f19b5852bfc1,218fb3e4-3a01-4f2b-98e6-f358cc178807,c5,c3,1024,?,x10,
1768857223.7677693,SENT,d55fd6fc-ff23-406b-81f8-454afa79944d,cc47013f-96d8-40de-907a-ec30125fafae,c5,c1,1116,?,x2,
1768857223.7678125,FORWARDED,d55fd6fc-ff23-406b-81f8-454afa79944d,cc47013f-96d8-40de-907a-ec30125fafae,c5,c1,1116,?,x2,
1768857224.103269,SENT,5585ee12-48ea-4ad1-b6af-820a941f16cb,5066b9c6-b75e-4c6c-af74-3a92391bb545,c3,DROP,692,?,x6,
1768857224.10331,FORWARDED,5585ee12-48ea-4ad1-b6af-820a941f16cb,5066b9c6-b75e-4c6c-af74-3a92391bb545,c3,DROP,692,?,x6,
1768857224.5239773,RECEIVED,12fe37eb-d878-4a8b-ada4-53809da4c126,92a63e68-1059-4195-a9b8-14fd7bbf7864,c1,c2,1568,e5,?,
1768857224.7023516,SENT,12fe37eb-d878-4a8b-ada4-53809da4c126,92a63e68-1059-4195-a9b8-14fd7bbf7864,c1,c2,1104,?,x9,
1768857224.702395,FORWARDED,12fe37eb-d878-4a8b-ada4-53809da4c126,92a63e68-1059-4195-a9b8-14fd7bbf7864,c1,c2,1104,?,x9,
1768857224.8541944,RECEIVED,9a595900-6871-4b71-ae5a-adcaef227734,2674942b-0f20-4d49-a0fe-723e5b3808b0,c2,DROP,1007,e6,?,
1768857225.1698227,RECEIVED,eda0c7c1-ea21-4f19-a2d0-aed1b3f51010,de61a484-19db-4d39-850a-965123f912bf,c5,c3,1457,e11,?,
1768857225.3465788,RECEIVED,2e1123a3-da39-41c8-bbf7-852004a04045,ae830d0f-0f37-4e63-8827-7e94f975a2d8,c1,c2,1583,e4,?,
1768857225.3787017,RECEIVED,45b667e9-5678-4144-bbc8-d13befd28db6,b00fb90e-4151-4434-a06f-1f3d1ed51179,c1,c5,1452,e7,?,
1768857225.421594,SENT,eda0c7c1-ea21-4f19-a2d0-aed1b3f51010,de61a484-19db-4d39-850a-965123f912bf,c5,c3,1019,?,x10,
1768857225.4216378,FORWARDED,eda0c7c1-ea21-4f19-a2d0-aed1b3f51010,de61a484-19db-4d39-850a-965123f912bf,c5,c3,1019,?,x10,
1768857225.6632931,RECEIVED,20c2f81a-5166-47ad-abcc-6360dd1a99a4,581aaf13-f40d-4ddf-9f23-94aca5129c24,c5,c3,1454,e12,?,
1768857225.6674027,SENT,9a595900-6871-4b71-ae5a-adcaef227734,2674942b-0f20-4d49-a0fe-723e5b3808b0,c2,DROP,683,?,x9,
1768857225.667446,FORWARDED,9a595900-6871-4b71-ae5a-adcaef227734,2674942b-0f20-4d49-a0fe-723e5b3808b0,c2,DROP,683,?,x9,
1768857225.6741703,SENT,2e1123a3-da39-41c8-bbf7-852004a04045,ae830d0f-0f37-4e63-8827-7e94f975a2d8,c1,c2,1115,?,x3,
1768857225.6742136,FORWARDED,2e1123a3-da39-41c8-bbf7-852004a04045,ae830d0f-0f37-4e63-8827-7e94f975a2d8,c1,c2,1115,?,x3,
1768857225.8365986,SENT,45b667e9-5678-4144-bbc8-d13befd28db6,b00fb90e-4151-4434-a06f-1f3d1ed51179,c1,c5,1016,?,x5,
1768857225.8366392,FORWARDED,45b667e9-5678-4144-bbc8-d13befd28db6,b00fb90e-4151-4434-a06f-1f3d1ed51179,c1,c5,1016,?,x5,
1768857225.926937,RECEIVED,6eb71a6f-7bc7-4d05-981c-c4c10e7b0673,8a180bbc-c318-465f-a061-b7d15e46e3af,c5,c3,1459,e12,?,
1768857226.0850854,SENT,6eb71a6f-7bc7-4d05-981c-c4c10e7b0673,8a180bbc-c318-465f-a061-b7d15e46e3af,c5,c3,1021,?,x1,
1768857226.085127,FORWARDED,6eb71a6f-7bc7-4d05-981c-c4c10e7b0673,8a180bbc-c318-465f-a061-b7d15e46e3af,c5,c3,1021,?,x1,
1768857226.0974069,SENT,20c2f81a-5166-47ad-abcc-6360dd1a99a4,581aaf13-f40d-4ddf-9f23-94aca5129c24,c5,c3,1018,?,x7,
1768857226.0974503,FORWARDED,20c2f81a-5166-47ad-abcc-6360dd1a99a4,581aaf13-f40d-4ddf-9f23-94aca5129c24,c5,c3,1018,?,x7,
1768857226.134882,RECEIVED,bd2271d1-54f0-41b2-80b8-80c4ccd2eb52,3465a37d-6520-47f0-82f4-62fef34b282c,c2,c1,1460,e7,?,
1768857226.155212,RECEIVED,24ed91de-aa00-4861-bda1-10c514d97481,5f7c3856-14f2-425b-af50-d4b872bbd049,c3,c5,1458,e7,?,
1768857226.1966617,RECEIVED,b99229ac-97ed-436a-bb94-47a128a521d1,f9b085af-3f64-4d8e-964f-4e03ce2061a1,c5,c4,1584,e10,?,
1768857226.2436395,SENT,24ed91de-aa00-4861-bda1-10c514d97481,5f7c3856-14f2-425b-af50-d4b872bbd049,c3,c5,1019,?,x12,
1768857226.243675,FORWARDED,24ed91de-aa00-4861-bda1-10c514d97481,5f7c3856-14f2-425b-af50-d4b872bbd049,c3,c5,1019,?,x12,
1768857226.4303892,RECEIVED,91df65d5-39e9-4ba5-aed4-fff7fbb046b8,934e2eff-5f03-40c7-b461-d17842251905,c4,DROP,1012,e7,?,
1768857226.5344677,SENT,91df65d5-39e9-4ba5-aed4-fff7fbb046b8,934e2eff-5f03-40c7-b461-d17842251905,c4,DROP,687,?,x7,
1768857226.5345082,FORWARDED,91df65d5-39e9-4ba5-aed4-fff7fbb046b8,934e2eff-5f03-40c7-b461-d17842251905,c4,DROP,687,?,x7,
1768857226.543274,SENT,b99229ac-97ed-436a-bb94-47a128a521d1,f9b085af-3f64-4d8e-964f-4e03ce2061a1,c5,c4,1115,?,x12,
1768857226.5433135,FORWARDED,b99229ac-97ed-436a-bb94-47a128a521d1,f9b085af-3f64-4d8e-964f-4e03ce2061a1,c5,c4,1115,?,x12,
1768857227.266875,RECEIVED,43455aaa-00a2-41d9-935b-fca8467ad974,eb5870a3-085d-4f09-a9a4-471eea6efbac,c4,DROP,1016,e8,?,
1768857227.4039135,SENT,43455aaa-00a2-41d9-935b-fca8467ad974,eb5870a3-085d-4f09-a9a4-471eea6efbac,c4,DROP,688,?,x2,
1768857227.403947,FORWARDED,43455aaa-00a2-41d9-935b-fca8467ad974,eb5870a3-085d-4f09-a9a4-471eea6efbac,c4,DROP,688,?,x2,
1768857227.5008874,SENT,bd2271d1-54f0-41b2-80b8-80c4ccd2eb52,3465a37d-6520-47f0-82f4-62fef34b282c,c2,c1,1022,?,x12,
1768857227.5009298,FORWARDED,bd2271d1-54f0-41b2-80b8-80c4ccd2eb52,3465a37d-6520-47f0-82f4-62fef34b282c,c2,c1,1022,?,x12,
1768857227.643635,RECEIVED,1f4246e5-d37a-4893-8ff1-ed673090cd89,605f8e11-6802-4afd-be50-2011f6b167a8,c1,c5,1455,e1,?,
1768857227.9246657,SENT,1f4246e5-d37a-4893-8ff1-ed673090cd89,605f8e11-6802-4afd-be50-2011f6b167a8,c1,c5,1019,?,x3,
1768857227.924702,FORWARDED,1f4246e5-d37a-4893-8ff1-ed673090cd89,605f8e11-6802-4afd-be50-2011f6b167a8,c1,c5,1019,?,x3,
1768857228.1609814,RECEIVED,e37df380-3b1f-4329-9407-97b35db53594,89694e71-074b-4464-b708-5eb4481062dd,c5,c3,1456,e10,?,
1768857228.2632227,RECEIVED,b59092c1-738a-4099-88ce-6c0c2f10e625,50d354a8-eec3-4cca-b2e2-9fd3100c60c2,c3,c5,1584,e1,?,
1768857228.2754269,SENT,e37df380-3b1f-4329-9407-97b35db53594,89694e71-074b-4464-b708-5eb4481062dd,c5,c3,1019,?,x7,
1768857228.2754717,FORWARDED,e37df380-3b1f-4329-9407-97b35db53594,89694e71-074b-4464-b708-5eb4481062dd,c5,c3,1019,?,x7,
1768857228.4807644,RECEIVED,d1c50f8a-0b8f-48e7-a118-8524ac030417,ac779b20-33ef-45a3-be67-28f576516440,c1,c2,1585,e6,?,
1768857228.5564802,RECEIVED,a4e01d74-295b-4931-bb86-a46604b4ebec,c5c0343c-8805-4475-bbab-963cb6a46058,c5,c3,1583,e8,?,
1768857228.5794458,SENT,d1c50f8a-0b8f-48e7-a118-8524ac030417,ac779b20-33ef-45a3-be67-28f576516440,c1,c2,1115,?,x11,
1768857228.5794864,FORWARDED,d1c50f8a-0b8f-48e7-a118-8524ac030417,ac779b20-33ef-45a3-be67-28f576516440,c1,c2,1115,?,x11,
1768857228.8087726,RECEIVED,f330f328-594e-422d-9279-45744a37015d,4bc7a648-db68-4bb5-9ffb-13b8ebaad362,c4,c5,1455,e10,?,
1768857228.8429627,RECEIVED,01acc11e-71e9-4083-88d2-d1b9b8cdf03b,52f1e8ad-4b0c-4c00-ae7b-a0b805d1df1c,c5,c4,1585,e3,?,
1768857228.8666854,SENT,f330f328-594e-422d-9279-45744a37015d,4bc7a648-db68-4bb5-9ffb-13b8ebaad362,c4,c5,1020,?,x9,
1768857228.8667264,FORWARDED,f330f328-594e-422d-9279-45744a37015d,4bc7a648-db68-4bb5-9ffb-13b8ebaad362,c4,c5,1020,?,x9,
1768857228.872283,SENT,b59092c1-738a-4099-88ce-6c0c2f10e625,50d354a8-eec3-4cca-b2e2-9fd3100c60c2,c3,c5,1114,?,x11,
1768857228.872331,FORWARDED,b59092c1-738a-4099-88ce-6c0c2f10e625,50d354a8-eec3-4cca-b2e2-9fd3100c60c2,c3,c5,1114,?,x11,
1768857228.9639304,SENT,01acc11e-71e9-4083-88d2-d1b9b8cdf03b,52f1e8ad-4b0c-4c00-ae7b-a0b805d1df1c,c5,c4,1114,?,x12,
1768857228.9639714,FORWARDED,01acc11e-71e9-4083-88d2-d1b9b8cdf03b,52f1e8ad-4b0c-4c00-ae7b-a0b805d1df1c,c5,c4,1114,?,x12,
1768857228.967151,RECEIVED,04c312f1-ade9-4168-8d25-4fba9e4bdfd0,f48a9053-8384-4d1c-9048-aa80035a62dd,c1,c5,1459,e4,?,
1768857229.0960352,SENT,a4e01d74-295b-4931-bb86-a46604b4ebec,c5c0343c-8805-4475-bbab-963cb6a46058,c5,c3,1116,?,x9,
1768857229.0960896,FORWARDED,a4e01d74-295b-4931-bb86-a46604b4ebec,c5c0343c-8805-4475-bbab-963cb6a46058,c5,c3,1116,?,x9,
1768857229.5339901,RECEIVED,898fd791-7f45-4fb0-9b76-c0a30f60d723,94e666eb-d839-48e7-8f3c-368854439666,c4,c5,1455,e12,?,
1768857229.5739295,SENT,04c312f1-ade9-4168-8d25-4fba9e4bdfd0,f48a9053-8384-4d1c-9048-aa80035a62dd,c1,c5,1023,?,x1,
1768857229.5739694,FORWARDED,04c312f1-ade9-4168-8d25-4fba9e4bdfd0,f48a9053-8384-4d1c-9048-aa80035a62dd,c1,c5,1023,?,x1,
1768857229.5864065,RECEIVED,3c28f4d2-cadc-49b5-a68d-4c9060a46f72,4e253555-9581-4bc0-941b-430898d3e86b,c2,c1,1451,e2,?,
1768857229.7538795,RECEIVED,77b6b3d3-4769-48b5-b775-675ce8d3298c,5f0c0bf7-102d-4035-a8b0-a6d121a1fb74,c5,c3,1583,e1,?,
1768857229.8237472,RECEIVED,2a5dd13c-0477-4724-94e2-091528cc8d57,6d7c378c-e655-4a1d-a096-b2496d9c0ab8,c3,c5,1448,e10,?,
1768857229.868618,RECEIVED,98eda706-40aa-4d35-bd91-1f88efc4867e,94858fc0-3bf8-433b-aff0-7dbd41a292ed,c3,c5,1567,e8,?,
1768857229.9325905,SENT,2a5dd13c-0477-4724-94e2-091528cc8d57,6d7c378c-e655-4a1d-a096-b2496d9c0ab8,c3,c5,1012,?,x9,
1768857229.9326332,FORWARDED,2a5dd13c-0477-4724-94e2-091528cc8d57,6d7c378c-e655-4a1d-a096-b2496d9c0ab8,c3,c5,1012,?,x9,
1768857230.009277,SENT,898fd791-7f45-4fb0-9b76-c0a30f60d723,94e666eb-d839-48e7-8f3c-368854439666,c4,c5,1018,?,x3,
1768857230.0093148,FORWARDED,898fd791-7f45-4fb0-9b76-c0a30f60d723,94e666eb-d839-48e7-8f3c-368854439666,c4,c5,1018,?,x3,
1768857230.280669,RECEIVED,d4813f27-02e8-41da-840f-ff2f52b7da66,5ef64f8d-f2e4-464d-b2a3-fa7d5e410de4,c4,c5,1456,e8,?,
1768857230.281666,SENT,3c28f4d2-cadc-49b5-a68d-4c9060a46f72,4e253555-9581-4bc0-941b-430898d3e86b,c2,c1,1017,?,x7,
1768857230.281706,FORWARDED,3c28f4d2-cadc-49b5-a68d-4c9060a46f72,4e253555-9581-4bc0-941b-430898d3e86b,c2,c1,1017,?,x7,
1768857230.916567,RECEIVED,dd1ede76-589d-4774-80a0-df4268c3b13e,199b6e63-a0f3-40d1-8a97-9f5ce565d8df,c4,DROP,448,x11,?,
1768857231.0176823,RECEIVED,8d43fb95-7836-4460-960f-b445ace22526,ca3be068-35d7-4cfc-8712-cc9f1553445c,c5,c1,1583,e7,?,
1768857231.0770073,SENT,77b6b3d3-4769-48b5-b775-675ce8d3298c,5f0c0bf7-102d-4035-a8b0-a6d121a1fb74,c5,c3,1116,?,x3,
1768857231.0770607,FORWARDED,77b6b3d3-4769-48b5-b775-675ce8d3298c,5f0c0bf7-102d-4035-a8b0-a6d121a1fb74,c5,c3,1116,?,x3,
1768857231.1318653,RECEIVED,d40c7dea-2f38-4ae0-950b-bc73c926bb9f,be257526-fd4b-4de8-8f27-5b3537ada0f6,c2,c1,1463,e7,?,
1768857231.1433737,RECEIVED,c8144ad9-6eac-45dd-b74f-13f8705048b2,0f42d2f7-db15-4a5f-9ab7-7ba530498e52,c3,c5,1567,e8,?,
1768857231.2237253,SENT,d40c7dea-2f38-4ae0-950b-bc73c926bb9f,be257526-fd4b-4de8-8f27-5b3537ada0f6,c2,c1,1024,?,x8,
1768857231.2237782,FORWARDED,d40c7dea-2f38-4ae0-950b-bc73c926bb9f,be257526-fd4b-4de8-8f27-5b3537ada0f6,c2,c1,1024,?,x8,
1768857231.34122,SENT,8d43fb95-7836-4460-960f-b445ace22526,ca3be068-35d7-4cfc-8712-cc9f1553445c,c5,c1,1115,?,x2,
1768857231.341262,FORWARDED,8d43fb95-7836-4460-960f-b445ace22526,ca3be068-35d7-4cfc-8712-cc9f1553445c,c5,c1,1115,?,x2,
1768857231.3584435,SENT,c8144ad9-6eac-45dd-b74f-13f8705048b2,0f42d2f7-db15-4a5f-9ab7-7ba530498e52,c3,c5,1104,?,x6,
1768857231.3584857,FORWARDED,c8144ad9-6eac-45dd-b74f-13f8705048b2,0f42d2f7-db15-4a5f-9ab7-7ba530498e52,c3,c5,1104,?,x6,
1768857231.4550788,SENT,d4813f27-02e8-41da-840f-ff2f52b7da66,5ef64f8d-f2e4-464d-b2a3-fa7d5e410de4,c4,c5,1020,?,x10,
1768857231.4551222,FORWARDED,d4813f27-02e8-41da-840f-ff2f52b7da66,5ef64f8d-f2e4-464d-b2a3-fa7d5e410de4,c4,c5,1020,?,x10,
1768857231.9229178,RECEIVED,de601ec0-0d87-48ca-b9b2-29a4ffe06442,2f530d3a-7d94-4c95-b9aa-f91c3805f7bc,c5,c1,1584,e5,?,
1768857232.2648797,RECEIVED,145574de-75f8-4abb-a5e1-e062ee20cf31,56013625-0339-400e-bed1-88cf6e6227c1,c3,c5,1587,e12,?,
1768857232.291518,SENT,98eda706-40aa-4d35-bd91-1f88efc4867e,94858fc0-3bf8-433b-aff0-7dbd41a292ed,c3,c5,1103,?,x5,
1768857232.291562,FORWARDED,98eda706-40aa-4d35-bd91-1f88efc4867e,94858fc0-3bf8-433b-aff0-7dbd41a292ed,c3,c5,1103,?,x5,
1768857232.3190145,SENT,de601ec0-0d87-48ca-b9b2-29a4ffe06442,2f530d3a-7d94-4c95-b9aa-f91c3805f7bc,c5,c1,1116,?,x9,
1768857232.3190687,FORWARDED,de601ec0-0d87-48ca-b9b2-29a4ffe06442,2f530d3a-7d94-4c95-b9aa-f91c3805f7bc,c5,c1,1116,?,x9,
1768857232.348154,RECEIVED,1ec64491-0548-41dc-81a0-222dfbdac821,0f2664c7-69a7-450c-8500-7b7c49c3a62d,c4,DROP,1020,e2,?,
1768857232.470656,RECEIVED,f1cba3cd-a287-4d7c-9a54-b2ab71f28a71,688f4d03-3727-4c61-9733-7d0750bcdf9a,c3,c5,1455,e12,?,
1768857232.653404,RECEIVED,eb0cfdf0-63a8-4d42-8d6d-da5165e41584,488af670-1d63-4ff9-8de2-4bcc51eb1a26,c5,c3,1460,e10,?,
1768857232.8070405,SENT,eb0cfdf0-63a8-4d42-8d6d-da5165e41584,488af670-1d63-4ff9-8de2-4bcc51eb1a26,c5,c3,1021,?,x3,
1768857232.8070939,FORWARDED,eb0cfdf0-63a8-4d42-8d6d-da5165e41584,488af670-1d63-4ff9-8de2-4bcc51eb1a26,c5,c3,1021,?,x3,
1768857233.0035799,RECEIVED,4b73d8a2-308c-4881-bc40-74b0f2f3491c,0b1637dd-5ef1-44b1-8265-65b1d10eea74,c3,c5,1583,e3,?,
1768857233.0939038,RECEIVED,5759df2c-521c-4ba0-975b-40c75085a084,6eb5991b-b758-42e0-8768-78c2ed78cf5e,c5,c4,1584,e12,?,
1768857233.291109,SENT,5759df2c-521c-4ba0-975b-40c75085a084,6eb5991b-b758-42e0-8768-78c2ed78cf5e,c5,c4,1114,?,x7,
1768857233.291149,FORWARDED,5759df2c-521c-4ba0-975b-40c75085a084,6eb5991b-b758-42e0-8768-78c2ed78cf5e,c5,c4,1114,?,x7,
1768857233.317964,SENT,f1cba3cd-a287-4d7c-9a54-b2ab71f28a71,688f4d03-3727-4c61-9733-7d0750bcdf9a,c3,c5,1019,?,x9,
1768857233.3180044,FORWARDED,f1cba3cd-a287-4d7c-9a54-b2ab71f28a71,688f4d03-3727-4c61-9733-7d0750bcdf9a,c3,c5,1019,?,x9,
1768857233.6129613,SENT,4b73d8a2-308c-4881-bc40-74b0f2f3491c,0b1637dd-5ef1-44b1-8265-65b1d10eea74,c3,c5,1115,?,x6,
1768857233.613003,FORWARDED,4b73d8a2-308c-4881-bc40-74b0f2f3491c,0b1637dd-5ef1-44b1-8265-65b1d10eea74,c3,c5,1115,?,x6,
1768857233.8057988,RECEIVED,e9e8f7b4-5e6a-4932-abd1-59510df98731,09446f25-75b9-47a1-8655-154191690182,c5,c3,1445,e5,?,
1768857233.8941114,SENT,145574de-75f8-4abb-a5e1-e062ee20cf31,56013625-0339-400e-bed1-88cf6e6227c1,c3,c5,1117,?,x2,
1768857233.8941545,FORWARDED,145574de-75f8-4abb-a5e1-e062ee20cf31,56013625-0339-400e-bed1-88cf6e6227c1,c3,c5,1117,?,x2,
1768857233.9333196,SENT,e9e8f7b4-5e6a-4932-abd1-59510df98731,09446f25-75b9-47a1-8655-154191690182,c5,c3,1011,?,x10,
1768857233.9333699,FORWARDED,e9e8f7b4-5e6a-4932-abd1-59510df98731,09446f25-75b9-47a1-8655-154191690182,c5,c3,1011,?,x10,
1768857234.2006903,RECEIVED,6c08755d-2777-45f1-9836-5534047def8f,69e356f5-87b0-441f-970a-19cca2c589fc,c3,DROP,440,x9,?,
1768857234.3292625,RECEIVED,aa4f4812-c052-49d7-a17c-c6a1c759040c,a6da0eb4-cea0-4c0b-bd52-b78d63fe5f27,c5,c3,1460,e1,?,
1768857234.4321165,SENT,1ec64491-0548-41dc-81a0-222dfbdac821,0f2664c7-69a7-450c-8500-7b7c49c3a62d,c4,DROP,691,?,x10,
1768857234.4321682,FORWARDED,1ec64491-0548-41dc-81a0-222dfbdac821,0f2664c7-69a7-450c-8500-7b7c49c3a62d,c4,DROP,691,?,x10,
1768857234.6121316,RECEIVED,188387ca-5155-41b1-a159-5ec4d57288c4,f1e6ad08-4b7d-4077-8e01-8fc2249a593b,c5,c3,1586,e5,?,
1768857234.6386397,SENT,188387ca-5155-41b1-a159-5ec4d57288c4,f1e6ad08-4b7d-4077-8e01-8fc2249a593b,c5,c3,1116,?,x11,
1768857234.638681,FORWARDED,188387ca-5155-41b1-a159-5ec4d57288c4,f1e6ad08-4b7d-4077-8e01-8fc2249a593b,c5,c3,1116,?,x11,
1768857234.8902278,RECEIVED,a484355d-5734-4ff4-a4ed-9ef2b24923be,662a6660-1a5a-4267-91d2-512f29da74b9,c4,c5,1461,e6,?,
1768857235.0104446,SENT,a484355d-5734-4ff4-a4ed-9ef2b24923be,662a6660-1a5a-4267-91d2-512f29da74b9,c4,c5,1023,?,x10,
1768857235.010487,FORWARDED,a484355d-5734-4ff4-a4ed-9ef2b24923be,662a6660-1a5a-4267-91d2-512f29da74b9,c4,c5,1023,?,x10,
1768857235.5823796,RECEIVED,963b6c2a-2b89-4d65-a767-c6ab25b77c3b,e54a7222-fbd1-46ae-9478-6d418c0c1156,c3,c5,1462,e12,?,
1768857235.6163628,SENT,963b6c2a-2b89-4d65-a767-c6ab25b77c3b,e54a7222-fbd1-46ae-9478-6d418c0c1156,c3,c5,1023,?,x11,
1768857235.616404,FORWARDED,963b6c2a-2b89-4d65-a767-c6ab25b77c3b,e54a7222-fbd1-46ae-9478-6d418c0c1156,c3,c5,1023,?,x11,
1768857235.7074254,RECEIVED,9a42a729-8255-4888-b0a2-9d76e3dbc90b,1db3cc96-17f4-4471-8063-5885695a3499,c5,DROP,1018,e2,?,
1768857235.8539984,SENT,aa4f4812-c052-49d7-a17c-c6a1c759040c,a6da0eb4-cea0-4c0b-bd52-b78d63fe5f27,c5,c3,1023,?,x12,
1768857235.8541133,FORWARDED,aa4f4812-c052-49d7-a17c-c6a1c759040c,a6da0eb4-cea0-4c0b-bd52-b78d63fe5f27,c5,c3,1023,?,x12,
1768857235.9920182,SENT,9a42a729-8255-4888-b0a2-9d76e3dbc90b,1db3cc96-17f4-4471-8063-5885695a3499,c5,DROP,692,?,x7,
1768857235.9922178,FORWARDED,9a42a729-8255-4888-b0a2-9d76e3dbc90b,1db3cc96-17f4-4471-8063-5885695a3499,c5,DROP,692,?,x7,
1768857236.054122,RECEIVED,c566378d-da2a-485e-9b5a-e58d757fac6a,2c9b2527-b40e-43e7-a674-016493b1d799,c5,c3,1456,e7,?,
1768857236.106099,RECEIVED,c468a417-363d-48e3-a6ad-b81a208e900f,dacb0fa0-7741-4b4b-9c4b-efae563f2618,c3,c5,1443,e3,?,
1768857236.2725768,SENT,c566378d-da2a-485e-9b5a-e58d757fac6a,2c9b2527-b40e-43e7-a674-016493b1d799,c5,c3,1019,?,x6,
1768857236.2726166,FORWARDED,c566378d-da2a-485e-9b5a-e58d757fac6a,2c9b2527-b40e-43e7-a674-016493b1d799,c5,c3,1019,?,x6,
1768857236.5282068,RECEIVED,83183dd4-1464-4174-b466-ab6ac5619af8,9218f3c0-ec38-4195-a801-c692456f5e7e,c3,DROP,445,x4,?,
1768857236.7219281,RECEIVED,97fa39b1-f6d0-48f5-88b6-9c380f8422fc,d4338b5e-fda9-4929-964c-0b506f2ddba7,c1,c5,1459,e1,?,
1768857236.774042,RECEIVED,65dff05c-061d-4b01-a457-04350c7b82f7,f655fe4d-d0a8-4115-b132-5d4627ac1e42,c3,c5,1455,e6,?,
1768857236.8311982,RECEIVED,fa7e3579-91dd-4ad2-8b37-ebff4c3f7b2d,c5baec49-f8a8-4579-9add-0818c80c186f,c2,c1,1458,e8,?,
1768857236.846466,RECEIVED,d8ac0f26-17db-4f1e-9278-e5190afb04a2,f2ec6974-54ec-4762-8ce5-d51fb5cd3307,c4,c5,1460,e3,?,
1768857236.9251654,RECEIVED,27498a75-8999-450e-ba58-fde03116ecc4,74da55d7-68bc-4806-ae9b-9d83b424724a,c5,c1,1583,e8,?,
1768857236.933422,SENT,c468a417-363d-48e3-a6ad-b81a208e900f,dacb0fa0-7741-4b4b-9c4b-efae563f2618,c3,c5,1011,?,x1,
1768857236.9334614,FORWARDED,c468a417-363d-48e3-a6ad-b81a208e900f,dacb0fa0-7741-4b4b-9c4b-efae563f2618,c3,c5,1011,?,x1,
1768857236.9809065,RECEIVED,1dac0c78-3fe5-4456-b8ee-683ab314b68b,ebec4b11-1c14-4d92-bf97-cb16566ae02c,c3,DROP,1005,e7,?,
1768857236.9821243,RECEIVED,82f1af70-f40a-4887-ae06-c5a23361dc30,0a6a5c1b-84b9-43a1-acb0-57aa9570b88f,c5,c3,1583,e3,?,
1768857237.0221486,SENT,97fa39b1-f6d0-48f5-88b6-9c380f8422fc,d4338b5e-fda9-4929-964c-0b506f2ddba7,c1,c5,1023,?,x8,
1768857237.022191,FORWARDED,97fa39b1-f6d0-48f5-88b6-9c380f8422fc,d4338b5e-fda9-4929-964c-0b506f2ddba7,c1,c5,1023,?,x8,
1768857237.1275659,SENT,d8ac0f26-17db-4f1e-9278-e5190afb04a2,f2ec6974-54ec-4762-8ce5-d51fb5cd3307,c4,c5,1023,?,x12,
1768857237.1276069,FORWARDED,d8ac0f26-17db-4f1e-9278-e5190afb04a2,f2ec6974-54ec-4762-8ce5-d51fb5cd3307,c4,c5,1023,?,x12,
1768857237.2363229,SENT,27498a75-8999-450e-ba58-fde03116ecc4,74da55d7-68bc-4806-ae9b-9d83b424724a,c5,c1,1115,?,x8,
1768857237.236365,FORWARDED,27498a75-8999-450e-ba58-fde03116ecc4,74da55d7-68bc-4806-ae9b-9d83b424724a,c5,c1,1115,?,x8,
1768857237.3960392,SENT,82f1af70-f40a-4887-ae06-c5a23361dc30,0a6a5c1b-84b9-43a1-acb0-57aa9570b88f,c5,c3,1116,?,x6,
1768857237.3960962,FORWARDED,82f1af70-f40a-4887-ae06-c5a23361dc30,0a6a5c1b-84b9-43a1-acb0-57aa9570b88f,c5,c3,1116,?,x6,
1768857237.4078279,SENT,fa7e3579-91dd-4ad2-8b37-ebff4c3f7b2d,c5baec49-f8a8-4579-9add-0818c80c186f,c2,c1,1023,?,x8,
1768857237.4078696,FORWARDED,fa7e3579-91dd-4ad2-8b37-ebff4c3f7b2d,c5baec49-f8a8-4579-9add-0818c80c186f,c2,c1,1023,?,x8,
1768857237.619659,RECEIVED,4dd7f5d6-01d5-4dc0-af3e-6e73296757fd,b7be5298-4f2b-4aff-8e85-c2938839b58a,c4,c5,1459,e5,?,
1768857238.1268735,SENT,4dd7f5d6-01d5-4dc0-af3e-6e73296757fd,b7be5298-4f2b-4aff-8e85-c2938839b58a,c4,c5,1023,?,x2,
1768857238.1269171,FORWARDED,4dd7f5d6-01d5-4dc0-af3e-6e73296757fd,b7be5298-4f2b-4aff-8e85-c2938839b58a,c4,c5,1023,?,x2,
1768857238.154265,RECEIVED,078fea1f-3b94-45b0-99c2-ac890eaee5b8,6e4f8afa-d359-4d86-90cb-552572ca38e9,c3,c5,1455,e12,?,
1768857238.2295904,RECEIVED,f09c48df-5bc8-4c6d-8791-c53f59eb5ac8,614d47d1-d6de-4b4c-ac1b-a968bbdc25bd,c2,c1,1444,e3,?,
1768857238.2564323,SENT,078fea1f-3b94-45b0-99c2-ac890eaee5b8,6e4f8afa-d359-4d86-90cb-552572ca38e9,c3,c5,1020,?,x2,
1768857238.2569003,FORWARDED,078fea1f-3b94-45b0-99c2-ac890eaee5b8,6e4f8afa-d359-4d86-90cb-552572ca38e9,c3,c5,1020,?,x2,
1768857238.3439329,SENT,f09c48df-5bc8-4c6d-8791-c53f59eb5ac8,614d47d1-d6de-4b4c-ac1b-a968bbdc25bd,c2,c1,1011,?,x1,
1768857238.3439748,FORWARDED,f09c48df-5bc8-4c6d-8791-c53f59eb5ac8,614d47d1-d6de-4b4c-ac1b-a968bbdc25bd,c2,c1,1011,?,x1,
1768857238.5723462,SENT,65dff05c-061d-4b01-a457-04350c7b82f7,f655fe4d-d0a8-4115-b132-5d4627ac1e42,c3,c5,1019,?,x2,
1768857238.5723867,FORWARDED,65dff05c-061d-4b01-a457-04350c7b82f7,f655fe4d-d0a8-4115-b132-5d4627ac1e42,c3,c5,1019,?,x2,
1768857238.850503,SENT,1dac0c78-3fe5-4456-b8ee-683ab314b68b,ebec4b11-1c14-4d92-bf97-cb16566ae02c,c3,DROP,683,?,x1,
1768857238.8505445,FORWARDED,1dac0c78-3fe5-4456-b8ee-683ab314b68b,ebec4b11-1c14-4d92-bf97-cb16566ae02c,c3,DROP,683,?,x1,
1768857238.8653557,RECEIVED,f0a80316-9de4-4cda-95f6-438520d6f99b,78d12e3c-e5ca-4f2e-8edc-8da7130be459,c4,c5,1462,e8,?,
1768857238.9121034,RECEIVED,296f9330-47c2-4f50-b0d2-dd13a9639b55,08e75bf7-c6d7-4471-8c0d-8fb0652093af,c4,DROP,1024,e5,?,
1768857239.026835,RECEIVED,52f9ae09-0dc6-484d-a98d-f421acd54c1e,ea700b4d-ed52-4d01-8af1-b102ba589125,c5,c3,1454,e5,?,
1768857239.0542362,SENT,296f9330-47c2-4f50-b0d2-dd13a9639b55,08e75bf7-c6d7-4471-8c0d-8fb0652093af,c4,DROP,694,?,x6,
1768857239.0542784,FORWARDED,296f9330-47c2-4f50-b0d2-dd13a9639b55,08e75bf7-c6d7-4471-8c0d-8fb0652093af,c4,DROP,694,?,x6,
1768857239.1163242,RECEIVED,afbecf10-03ee-45a9-9f1e-589fc88966c5,bde37c61-0c93-433f-a308-4fb6ed33a97e,c4,c5,1463,e12,?,
1768857239.274039,RECEIVED,a4097aa6-bc38-4cd5-bcb7-d942771f5077,381151cf-3407-4391-a6c4-0691ccd3fc1f,c5,c4,1583,e1,?,
1768857239.2907412,RECEIVED,e54ddd15-b198-4233-ad3d-c2b600bcc962,836690c4-4539-4b9d-89b5-9de602c9a8df,c1,c5,1448,e2,?,
1768857239.5024025,RECEIVED,a28930d8-0518-45de-b868-fdce24eb49aa,9b81fd62-5ecb-4e5d-9d9c-0542519c827e,c1,c5,1462,e5,?,
1768857239.5437667,SENT,e54ddd15-b198-4233-ad3d-c2b600bcc962,836690c4-4539-4b9d-89b5-9de602c9a8df,c1,c5,1012,?,x9,
1768857239.5441992,FORWARDED,e54ddd15-b198-4233-ad3d-c2b600bcc962,836690c4-4539-4b9d-89b5-9de602c9a8df,c1,c5,1012,?,x9,
1768857239.6011086,RECEIVED,11f0aa9e-5b04-458f-a3c8-ed80cbe102d1,cb7a29ff-bc89-491f-bdb0-e3a56cd8e920,c5,c1,1583,e7,?,
1768857239.620907,SENT,f0a80316-9de4-4cda-95f6-438520d6f99b,78d12e3c-e5ca-4f2e-8edc-8da7130be459,c4,c5,1024,?,x3,
1768857239.6209474,FORWARDED,f0a80316-9de4-4cda-95f6-438520d6f99b,78d12e3c-e5ca-4f2e-8edc-8da7130be459,c4,c5,1024,?,x3,
1768857239.7648368,SENT,afbecf10-03ee-45a9-9f1e-589fc88966c5,bde37c61-0c93-433f-a308-4fb6ed33a97e,c4,c5,1024,?,x1,
1768857239.76488,FORWARDED,afbecf10-03ee-45a9-9f1e-589fc88966c5,bde37c61-0c93-433f-a308-4fb6ed33a97e,c4,c5,1024,?,x1,
1768857239.866769,SENT,a4097aa6-bc38-4cd5-bcb7-d942771f5077,381151cf-3407-4391-a6c4-0691ccd3fc1f,c5,c4,1114,?,x8,
1768857239.8668113,FORWARDED,a4097aa6-bc38-4cd5-bcb7-d942771f5077,381151cf-3407-4391-a6c4-0691ccd3fc1f,c5,c4,1114,?,x8,
1768857239.8778584,RECEIVED,2866bd81-66b2-4b18-86b9-5f3dfd5da0b4,913d8e3c-fd95-489e-98bd-861489b3898b,c2,c1,1463,e4,?,
1768857239.8978734,RECEIVED,59bcdea0-01cf-4ab6-8f78-527ec81a8eea,1e6c33d5-cbda-4ac3-a338-711fcd553f3a,c3,c5,1445,e10,?,
1768857239.9686403,SENT,59bcdea0-01cf-4ab6-8f78-527ec81a8eea,1e6c33d5-cbda-4ac3-a338-711fcd553f3a,c3,c5,1011,?,x5,
1768857239.9686806,FORWARDED,59bcdea0-01cf-4ab6-8f78-527ec81a8eea,1e6c33d5-cbda-4ac3-a338-711fcd553f3a,c3,c5,1011,?,x5,
1768857240.0229087,RECEIVED,74f5e51a-3841-4d60-9561-c154e635410b,c550f61c-e6b6-4da7-b55b-af8c10ab0147,c5,c4,1576,e7,?,
1768857240.175056,SENT,74f5e51a-3841-4d60-9561-c154e635410b,c550f61c-e6b6-4da7-b55b-af8c10ab0147,c5,c4,1108,?,x1,
1768857240.1752353,FORWARDED,74f5e51a-3841-4d60-9561-c154e635410b,c550f61c-e6b6-4da7-b55b-af8c10ab0147,c5,c4,1108,?,x1,
1768857240.1839645,SENT,a28930d8-0518-45de-b868-fdce24eb49aa,9b81fd62-5ecb-4e5d-9d9c-0542519c827e,c1,c5,1024,?,x4,
1768857240.1840057,FORWARDED,a28930d8-0518-45de-b868-fdce24eb49aa,9b81fd62-5ecb-4e5d-9d9c-0542519c827e,c1,c5,1024,?,x4,
1768857240.2471113,SENT,11f0aa9e-5b04-458f-a3c8-ed80cbe102d1,cb7a29ff-bc89-491f-bdb0-e3a56cd8e920,c5,c1,1115,?,x7,
1768857240.247155,FORWARDED,11f0aa9e-5b04-458f-a3c8-ed80cbe102d1,cb7a29ff-bc89-491f-bdb0-e3a56cd8e920,c5,c1,1115,?,x7,
1768857240.302554,SENT,2866bd81-66b2-4b18-86b9-5f3dfd5da0b4,913d8e3c-fd95-489e-98bd-861489b3898b,c2,c1,1024,?,x9,
1768857240.3026614,FORWARDED,2866bd81-66b2-4b18-86b9-5f3dfd5da0b4,913d8e3c-fd95-489e-98bd-861489b3898b,c2,c1,1024,?,x9,
1768857240.8148153,SENT,52f9ae09-0dc6-484d-a98d-f421acd54c1e,ea700b4d-ed52-4d01-8af1-b102ba589125,c5,c3,1019,?,x6,
1768857240.8148715,FORWARDED,52f9ae09-0dc6-484d-a98d-f421acd54c1e,ea700b4d-ed52-4d01-8af1-b102ba589125,c5,c3,1019,?,x6,
1768857241.4637282,RECEIVED,15fd75d5-33d1-48d1-bde1-07b319d65f82,d928734a-bda4-4090-96d6-ec4d14005deb,c5,c3,1456,e2,?,
1768857241.5423994,RECEIVED,166dae8a-fe11-43cd-8d2f-6169e0f63ec5,ec376fd0-ad53-42c6-a20c-b107e0a36c70,c5,c4,1585,e3,?,
1768857241.5733862,SENT,166dae8a-fe11-43cd-8d2f-6169e0f63ec5,ec376fd0-ad53-42c6-a20c-b107e0a36c70,c5,c4,1114,?,x2,
1768857241.5734277,FORWARDED,166dae8a-fe11-43cd-8d2f-6169e0f63ec5,ec376fd0-ad53-42c6-a20c-b107e0a36c70,c5,c4,1114,?,x2,
1768857241.676862,RECEIVED,a970e98b-0d12-420d-8446-6de34d7c3be8,aab699d4-7a67-4e42-83fe-65261c6c6656,c1,c2,1579,e2,?,
1768857241.8361173,RECEIVED,e3278ead-dbd7-4d2c-b865-45e0c834dfc1,7030377f-caa5-41db-92f6-9f971d1758bc,c5,c1,1584,e2,?,
1768857241.9777794,RECEIVED,18db2cd6-82d1-4a05-b0e0-a2f9a3f0feb0,ee659f7d-671f-4827-9c32-c500a975e631,c3,c5,1455,e6,?,
1768857242.0086863,SENT,e3278ead-dbd7-4d2c-b865-45e0c834dfc1,7030377f-caa5-41db-92f6-9f971d1758bc,c5,c1,1115,?,x1,
1768857242.008728,FORWARDED,e3278ead-dbd7-4d2c-b865-45e0c834dfc1,7030377f-caa5-41db-92f6-9f971d1758bc,c5,c1,1115,?,x1,
1768857242.1083732,SENT,15fd75d5-33d1-48d1-bde1-07b319d65f82,d928734a-bda4-4090-96d6-ec4d14005deb,c5,c3,1019,?,x11,
1768857242.1084156,FORWARDED,15fd75d5-33d1-48d1-bde1-07b319d65f82,d928734a-bda4-4090-96d6-ec4d14005deb,c5,c3,1019,?,x11,
1768857242.3030865,RECEIVED,a32db740-d788-447f-88d9-59c567ec7cf2,fed0c8ef-471c-4a3a-9ffe-2a429ee50802,c4,c5,1460,e4,?,
1768857242.486288,SENT,18db2cd6-82d1-4a05-b0e0-a2f9a3f0feb0,ee659f7d-671f-4827-9c32-c500a975e631,c3,c5,1020,?,x12,
1768857242.48633,FORWARDED,18db2cd6-82d1-4a05-b0e0-a2f9a3f0feb0,ee659f7d-671f-4827-9c32-c500a975e631,c3,c5,1020,?,x12,
1768857242.5600364,SENT,a32db740-d788-447f-88d9-59c567ec7cf2,fed0c8ef-471c-4a3a-9ffe-2a429ee50802,c4,c5,1023,?,x3,
1768857242.5600903,FORWARDED,a32db740-d788-447f-88d9-59c567ec7cf2,fed0c8ef-471c-4a3a-9ffe-2a429ee50802,c4,c5,1023,?,x3,
1768857242.669419,SENT,a970e98b-0d12-420d-8446-6de34d7c3be8,aab699d4-7a67-4e42-83fe-65261c6c6656,c1,c2,1112,?,x3,
1768857242.6694634,FORWARDED,a970e98b-0d12-420d-8446-6de34d7c3be8,aab699d4-7a67-4e42-83fe-65261c6c6656,c1,c2,1112,?,x3,
1768857242.6829164,RECEIVED,8b28f33d-8e1b-464b-87dc-4f9c457acda2,9d5cbe31-ae37-4de7-9df9-49b927c5c211,c3,c5,1456,e8,?,
1768857242.7572997,RECEIVED,ab351564-0fc0-4c49-a851-58d015c81817,7a37297c-b006-4a6f-af16-92f4c4bf1ae1,c2,c1,1457,e4,?,
1768857242.7911205,SENT,ab351564-0fc0-4c49-a851-58d015c81817,7a37297c-b006-4a6f-af16-92f4c4bf1ae1,c2,c1,1019,?,x9,
1768857242.791164,FORWARDED,ab351564-0fc0-4c49-a851-58d015c81817,7a37297c-b006-4a6f-af16-92f4c4bf1ae1,c2,c1,1019,?,x9,
1768857242.833597,SENT,8b28f33d-8e1b-464b-87dc-4f9c457acda2,9d5cbe31-ae37-4de7-9df9-49b927c5c211,c3,c5,1020,?,x7,
1768857242.8336377,FORWARDED,8b28f33d-8e1b-464b-87dc-4f9c457acda2,9d5cbe31-ae37-4de7-9df9-49b927c5c211,c3,c5,1020,?,x7,
1768857243.2446682,RECEIVED,422ca184-24e1-4651-b26c-af38a9463ca6,9e6f9daa-5b00-439b-a316-fd8f0c73589a,c4,c5,1458,e4,?,
1768857243.2449691,RECEIVED,099c8c9e-3edb-4ffc-bd02-721fa874f563,a96ee760-6b6d-4eda-ba62-c454e90b5487,c1,c2,1583,e12,?,
1768857243.7892509,SENT,422ca184-24e1-4651-b26c-af38a9463ca6,9e6f9daa-5b00-439b-a316-fd8f0c73589a,c4,c5,1023,?,x2,
1768857243.7892923,FORWARDED,422ca184-24e1-4651-b26c-af38a9463ca6,9e6f9daa-5b00-439b-a316-fd8f0c73589a,c4,c5,1023,?,x2,
1768857243.8486834,RECEIVED,0830e50d-29f6-4d67-be13-a636ee84fd07,811af73e-ebda-4560-b92b-7365cb6f38fa,c1,c5,1457,e4,?,
1768857243.894763,SENT,0830e50d-29f6-4d67-be13-a636ee84fd07,811af73e-ebda-4560-b92b-7365cb6f38fa,c1,c5,1020,?,x9,
1768857243.8948085,FORWARDED,0830e50d-29f6-4d67-be13-a636ee84fd07,811af73e-ebda-4560-b92b-7365cb6f38fa,c1,c5,1020,?,x9,
1768857244.0383291,RECEIVED,a5735191-07d0-4f96-8ff9-bbbceda74969,52682083-12e8-4253-8790-6babb97b0273,c5,c4,1584,e8,?,
1768857244.09626,SENT,a5735191-07d0-4f96-8ff9-bbbceda74969,52682083-12e8-4253-8790-6babb97b0273,c5,c4,1116,?,x9,
1768857244.0963027,FORWARDED,a5735191-07d0-4f96-8ff9-bbbceda74969,52682083-12e8-4253-8790-6babb97b0273,c5,c4,1116,?,x9,
1768857244.2456353,RECEIVED,bd6887e3-ccc6-431a-bfb0-56ccbee6835d,af159eda-2fe2-430b-9075-042c073f1962,c5,c1,1584,e5,?,
1768857244.299578,SENT,bd6887e3-ccc6-431a-bfb0-56ccbee6835d,af159eda-2fe2-430b-9075-042c073f1962,c5,c1,1115,?,x1,
1768857244.2996206,FORWARDED,bd6887e3-ccc6-431a-bfb0-56ccbee6835d,af159eda-2fe2-430b-9075-042c073f1962,c5,c1,1115,?,x1,
1768857244.3114882,SENT,099c8c9e-3edb-4ffc-bd02-721fa874f563,a96ee760-6b6d-4eda-ba62-c454e90b5487,c1,c2,1115,?,x6,
1768857244.3115304,FORWARDED,099c8c9e-3edb-4ffc-bd02-721fa874f563,a96ee760-6b6d-4eda-ba62-c454e90b5487,c1,c2,1115,?,x6,
1768857244.611187,RECEIVED,6d0655cd-ca3a-49bf-8f43-7886d56af461,fd6da951-d33a-4d9d-af15-c1df90d050f4,c5,c3,1460,e8,?,
1768857244.6913085,SENT,6d0655cd-ca3a-49bf-8f43-7886d56af461,fd6da951-d33a-4d9d-af15-c1df90d050f4,c5,c3,1023,?,x3,
1768857244.6913621,FORWARDED,6d0655cd-ca3a-49bf-8f43-7886d56af461,fd6da951-d33a-4d9d-af15-c1df90d050f4,c5,c3,1023,?,x3,
1768857244.746144,RECEIVED,67e7bce9-ac9a-47f9-ae6a-306e59313139,1ad9ee45-c9d2-493f-8fb3-1ff193f194a9,c2,c1,1456,e3,?,
1768857244.9474237,RECEIVED,c3cda8a6-a54f-4e0c-9b93-02e9cd1e5bcb,0a7e2626-e9f6-4929-9a74-a2a3c6f62f96,c1,c5,1456,e10,?,
1768857244.9737747,SENT,67e7bce9-ac9a-47f9-ae6a-306e59313139,1ad9ee45-c9d2-493f-8fb3-1ff193f194a9,c2,c1,1020,?,x11,
1768857244.9739323,FORWARDED,67e7bce9-ac9a-47f9-ae6a-306e59313139,1ad9ee45-c9d2-493f-8fb3-1ff193f194a9,c2,c1,1020,?,x11,
1768857245.0365894,SENT,c3cda8a6-a54f-4e0c-9b93-02e9cd1e5bcb,0a7e2626-e9f6-4929-9a74-a2a3c6f62f96,c1,c5,1019,?,x8,
1768857245.0366318,FORWARDED,c3cda8a6-a54f-4e0c-9b93-02e9cd1e5bcb,0a7e2626-e9f6-4929-9a74-a2a3c6f62f96,c1,c5,1019,?,x8,
1768857245.155148,RECEIVED,62685ece-b287-4460-b2e1-eed60e16c186,ac7e80df-fb3c-4104-8da7-59fe851de439,c5,c4,1585,e3,?,
1768857245.1934597,SENT,62685ece-b287-4460-b2e1-eed60e16c186,ac7e80df-fb3c-4104-8da7-59fe851de439,c5,c4,1116,?,x10,
1768857245.1935017,FORWARDED,62685ece-b287-4460-b2e1-eed60e16c186,ac7e80df-fb3c-4104-8da7-59fe851de439,c5,c4,1116,?,x10,
1768857245.4932723,RECEIVED,04d76fc6-2393-4621-830c-110bf595eab6,ef094950-0d23-412a-a11e-356e9490836c,c2,DROP,437,x8,?,
1768857245.5813582,RECEIVED,fba0e8b5-668c-411a-b7f8-c7bc32429cbf,2de4f136-5cab-4994-a745-5279629b91e9,c4,DROP,1025,e3,?,
1768857245.686193,RECEIVED,9895ce5b-78f5-492e-ab3b-028544b27bea,ffa7573c-f25d-456f-899f-46381d4407b9,c5,c3,1457,e12,?,
1768857245.7870803,SENT,fba0e8b5-668c-411a-b7f8-c7bc32429cbf,2de4f136-5cab-4994-a745-5279629b91e9,c4,DROP,696,?,x11,
1768857245.787291,FORWARDED,fba0e8b5-668c-411a-b7f8-c7bc32429cbf,2de4f136-5cab-4994-a745-5279629b91e9,c4,DROP,696,?,x11,
1768857245.8222873,SENT,9895ce5b-78f5-492e-ab3b-028544b27bea,ffa7573c-f25d-456f-899f-46381d4407b9,c5,c3,1019,?,x12,
1768857245.82233,FORWARDED,9895ce5b-78f5-492e-ab3b-028544b27bea,ffa7573c-f25d-456f-899f-46381d4407b9,c5,c3,1019,?,x12,
1768857245.9261522,RECEIVED,f42e4d4f-e9ca-4092-8469-aa7602fbe7af,df0a80a4-85ea-4ac3-8609-4bccfde1f7e6,c3,c5,1584,e12,?,
1768857246.6910274,RECEIVED,cf03b580-0425-4427-8f06-a5fb89b24af5,021ccc87-e923-4cf2-b2c7-a0c2a9540b46,c1,c2,1583,e2,?,
1768857246.8600097,RECEIVED,354a8a40-e372-49bb-9a20-7ff4ac27579f,e100f516-9717-442b-8ea4-2b008cb6f603,c1,c5,1456,e1,?,
1768857247.0053086,SENT,cf03b580-0425-4427-8f06-a5fb89b24af5,021ccc87-e923-4cf2-b2c7-a0c2a9540b46,c1,c2,1115,?,x1,
1768857247.0053525,FORWARDED,cf03b580-0425-4427-8f06-a5fb89b24af5,021ccc87-e923-4cf2-b2c7-a0c2a9540b46,c1,c2,1115,?,x1,
1768857247.174732,SENT,f42e4d4f-e9ca-4092-8469-aa7602fbe7af,df0a80a4-85ea-4ac3-8609-4bccfde1f7e6,c3,c5,1116,?,x10,
1768857247.1747723,FORWARDED,f42e4d4f-e9ca-4092-8469-aa7602fbe7af,df0a80a4-85ea-4ac3-8609-4bccfde1f7e6,c3,c5,1116,?,x10,
1768857247.3594782,RECEIVED,c161a0be-cdab-4a02-a77f-a789b714edb7,8e6c6de3-363d-436a-b689-239760ba6f75,c3,c5,1583,e3,?,
1768857247.5903344,RECEIVED,e07c37f7-de10-4045-a674-70480d819c2e,53b2421d-9a9f-4519-b6c0-ea940c9de42a,c2,c1,1459,e8,?,
1768857247.8748746,RECEIVED,91888101-d896-4ccb-9c34-b1945a339430,3bb219e6-8efa-442d-b259-096827fda4a7,c5,DROP,1007,e5,?,
1768857247.9571986,SENT,354a8a40-e372-49bb-9a20-7ff4ac27579f,e100f516-9717-442b-8ea4-2b008cb6f603,c1,c5,1019,?,x12,
1768857247.9572396,FORWARDED,354a8a40-e372-49bb-9a20-7ff4ac27579f,e100f516-9717-442b-8ea4-2b008cb6f603,c1,c5,1019,?,x12,
1768857248.0086768,RECEIVED,7a3d1798-ce56-42f0-abb2-524d5c15b99b,0d549dbe-acc0-43e8-a8ce-7b4f6085ba43,c4,c5,1461,e1,?,
1768857248.1224372,RECEIVED,e001b8a1-1b27-42d3-81c4-973685cf056d,cd80de33-b455-4f42-ab0e-e58f5896b151,c4,c5,1457,e8,?,
1768857248.177176,SENT,e07c37f7-de10-4045-a674-70480d819c2e,53b2421d-9a9f-4519-b6c0-ea940c9de42a,c2,c1,1023,?,x9,
1768857248.1772177,FORWARDED,e07c37f7-de10-4045-a674-70480d819c2e,53b2421d-9a9f-4519-b6c0-ea940c9de42a,c2,c1,1023,?,x9,
1768857248.2072132,SENT,c161a0be-cdab-4a02-a77f-a789b714edb7,8e6c6de3-363d-436a-b689-239760ba6f75,c3,c5,1114,?,x9,
1768857248.207259,FORWARDED,c161a0be-cdab-4a02-a77f-a789b714edb7,8e6c6de3-363d-436a-b689-239760ba6f75,c3,c5,1114,?,x9,
1768857248.2374113,SENT,e001b8a1-1b27-42d3-81c4-973685cf056d,cd80de33-b455-4f42-ab0e-e58f5896b151,c4,c5,1019,?,x11,
1768857248.2374525,FORWARDED,e001b8a1-1b27-42d3-81c4-973685cf056d,cd80de33-b455-4f42-ab0e-e58f5896b151,c4,c5,1019,?,x11,
1768857248.345631,SENT,7a3d1798-ce56-42f0-abb2-524d5c15b99b,0d549dbe-acc0-43e8-a8ce-7b4f6085ba43,c4,c5,1023,?,x10,
1768857248.3456733,FORWARDED,7a3d1798-ce56-42f0-abb2-524d5c15b99b,0d549dbe-acc0-43e8-a8ce-7b4f6085ba43,c4,c5,1023,?,x10,
1768857248.6331508,RECEIVED,8f843a0d-15c6-41e3-a8c3-5e54b43b38d0,e6217eb6-d480-4830-886c-104c2f552cce,c5,c4,1584,e10,?,
1768857248.8966203,RECEIVED,46968fc3-a12b-4ad7-933f-e26142d97f3b,b53389b6-7290-499b-81ea-2c59dd753ec8,c1,c2,1584,e4,?,
1768857248.9493039,SENT,8f843a0d-15c6-41e3-a8c3-5e54b43b38d0,e6217eb6-d480-4830-886c-104c2f552cce,c5,c4,1114,?,x6,
1768857248.9493444,FORWARDED,8f843a0d-15c6-41e3-a8c3-5e54b43b38d0,e6217eb6-d480-4830-886c-104c2f552cce,c5,c4,1114,?,x6,
1768857249.3638659,SENT,91888101-d896-4ccb-9c34-b1945a339430,3bb219e6-8efa-442d-b259-096827fda4a7,c5,DROP,683,?,x9,
1768857249.3639038,FORWARDED,91888101-d896-4ccb-9c34-b1945a339430,3bb219e6-8efa-442d-b259-096827fda4a7,c5,DROP,683,?,x9,
1768857249.393227,SENT,46968fc3-a12b-4ad7-933f-e26142d97f3b,b53389b6-7290-499b-81ea-2c59dd753ec8,c1,c2,1115,?,x3,
1768857249.3932695,FORWARDED,46968fc3-a12b-4ad7-933f-e26142d97f3b,b53389b6-7290-499b-81ea-2c59dd753ec8,c1,c2,1115,?,x3,
1768857249.72804,RECEIVED,59ffe4f4-9073-47dc-952d-156113777cd1,7076c25c-d912-4244-b7dc-797b034b2443,c4,c5,1455,e5,?,
1768857249.8438222,RECEIVED,f9e58ac6-8226-4fe0-9c49-45d2346f60b2,d54f4acc-20df-4e1d-9bc2-2c0462ddfa0f,c1,c2,1583,e11,?,
1768857250.1950445,RECEIVED,4916e633-1458-46c0-90d8-ca3e16509d60,e2355957-7a5f-492c-9a8f-df2f1a1fda1d,c1,c5,1451,e5,?,
1768857250.3565843,RECEIVED,ebf1330b-d254-4642-a47f-7d18211b5dab,cf280f38-c9ac-40d2-a1c3-62cc5f259456,c5,c1,1579,e5,?,
1768857250.4436538,RECEIVED,d5cf392a-3673-4dee-afd7-a0ab54cc42cb,ae35f387-d8eb-4358-b280-c960bba3c331,c1,c5,1455,e3,?,
1768857250.6517472,SENT,4916e633-1458-46c0-90d8-ca3e16509d60,e2355957-7a5f-492c-9a8f-df2f1a1fda1d,c1,c5,1017,?,x3,
1768857250.6517887,FORWARDED,4916e633-1458-46c0-90d8-ca3e16509d60,e2355957-7a5f-492c-9a8f-df2f1a1fda1d,c1,c5,1017,?,x3,
1768857250.6612315,SENT,59ffe4f4-9073-47dc-952d-156113777cd1,7076c25c-d912-4244-b7dc-797b034b2443,c4,c5,1019,?,x6,
1768857250.661274,FORWARDED,59ffe4f4-9073-47dc-952d-156113777cd1,7076c25c-d912-4244-b7dc-797b034b2443,c4,c5,1019,?,x6,
1768857250.7190943,RECEIVED,51cf06fe-8ccf-4186-82a2-9f2a8de837cc,9d0b82cf-34b8-42bb-8e63-df3001b1f973,c5,c3,1460,e4,?,
1768857250.741488,RECEIVED,78c90f31-3a34-4dc0-900e-5ad338517366,1031bceb-4027-459a-9e4c-3c30f54532e0,c4,DROP,446,x12,?,
1768857250.7561429,RECEIVED,13b114c1-5841-4a20-b4c4-62c9b68191df,3d8ef984-c608-4265-86b3-229e9b564d9d,c4,c5,1451,e1,?,
1768857250.8176875,SENT,ebf1330b-d254-4642-a47f-7d18211b5dab,cf280f38-c9ac-40d2-a1c3-62cc5f259456,c5,c1,1111,?,x7,
1768857250.8177252,FORWARDED,ebf1330b-d254-4642-a47f-7d18211b5dab,cf280f38-c9ac-40d2-a1c3-62cc5f259456,c5,c1,1111,?,x7,
1768857250.8691633,SENT,d5cf392a-3673-4dee-afd7-a0ab54cc42cb,ae35f387-d8eb-4358-b280-c960bba3c331,c1,c5,1019,?,x4,
1768857250.869215,FORWARDED,d5cf392a-3673-4dee-afd7-a0ab54cc42cb,ae35f387-d8eb-4358-b280-c960bba3c331,c1,c5,1019,?,x4,
1768857250.9785988,SENT,51cf06fe-8ccf-4186-82a2-9f2a8de837cc,9d0b82cf-34b8-42bb-8e63-df3001b1f973,c5,c3,1023,?,x11,
1768857250.9786592,FORWARDED,51cf06fe-8ccf-4186-82a2-9f2a8de837cc,9d0b82cf-34b8-42bb-8e63-df3001b1f973,c5,c3,1023,?,x11,
1768857251.0928543,SENT,f9e58ac6-8226-4fe0-9c49-45d2346f60b2,d54f4acc-20df-4e1d-9bc2-2c0462ddfa0f,c1,c2,1115,?,x3,
1768857251.0928946,FORWARDED,f9e58ac6-8226-4fe0-9c49-45d2346f60b2,d54f4acc-20df-4e1d-9bc2-2c0462ddfa0f,c1,c2,1115,?,x3,
1768857251.3676257,RECEIVED,d258f539-70e7-4746-a5f8-f6cc5e92aff1,3bfe3ee2-8aec-4381-816d-e148fe5be861,c4,c5,1447,e5,?,
1768857251.5515347,RECEIVED,65a7598c-586e-4bc8-ac6d-5ecf465ea988,dcf5ddb7-9bfc-400a-bfbf-86e5a1d6351f,c5,c1,1584,e12,?,
1768857251.5990098,SENT,65a7598c-586e-4bc8-ac6d-5ecf465ea988,dcf5ddb7-9bfc-400a-bfbf-86e5a1d6351f,c5,c1,1116,?,x5,
1768857251.5990715,FORWARDED,65a7598c-586e-4bc8-ac6d-5ecf465ea988,dcf5ddb7-9bfc-400a-bfbf-86e5a1d6351f,c5,c1,1116,?,x5,
1768857251.6140544,RECEIVED,dd702b0f-9656-423d-b5c2-b6e839253f07,69876623-9b25-4782-8217-7c42057cdd69,c4,c5,1448,e4,?,
1768857251.636067,RECEIVED,2a0d0295-450a-4bf1-a788-c50518c20bf7,eddc66af-f108-477d-8c9d-5b79b00ffd65,c5,c4,1583,e11,?,
1768857251.7375965,SENT,dd702b0f-9656-423d-b5c2-b6e839253f07,69876623-9b25-4782-8217-7c42057cdd69,c4,c5,1014,?,x9,
1768857251.7376437,FORWARDED,dd702b0f-9656-423d-b5c2-b6e839253f07,69876623-9b25-4782-8217-7c42057cdd69,c4,c5,1014,?,x9,
1768857251.8839626,RECEIVED,26a70b1d-91f4-4449-a011-ce8d872c20ca,3d54e5ae-c5b8-4fff-8b6a-682523a78622,c3,c5,1444,e6,?,
1768857252.0007188,SENT,13b114c1-5841-4a20-b4c4-62c9b68191df,3d8ef984-c608-4265-86b3-229e9b564d9d,c4,c5,1015,?,x3,
1768857252.0007608,FORWARDED,13b114c1-5841-4a20-b4c4-62c9b68191df,3d8ef984-c608-4265-86b3-229e9b564d9d,c4,c5,1015,?,x3,
1768857252.3469656,SENT,26a70b1d-91f4-4449-a011-ce8d872c20ca,3d54e5ae-c5b8-4fff-8b6a-682523a78622,c3,c5,1010,?,x7,
1768857252.3473077,FORWARDED,26a70b1d-91f4-4449-a011-ce8d872c20ca,3d54e5ae-c5b8-4fff-8b6a-682523a78622,c3,c5,1010,?,x7,
1768857252.5997481,RECEIVED,587d1159-32a2-4dbb-a157-a5abbc2de253,3fe37c2d-dfa0-4497-8644-bc39fb1302fa,c5,c3,1584,e10,?,
1768857252.7359169,SENT,587d1159-32a2-4dbb-a157-a5abbc2de253,3fe37c2d-dfa0-4497-8644-bc39fb1302fa,c5,c3,1115,?,x1,
1768857252.7359746,FORWARDED,587d1159-32a2-4dbb-a157-a5abbc2de253,3fe37c2d-dfa0-4497-8644-bc39fb1302fa,c5,c3,1115,?,x1,
1768857252.7928803,RECEIVED,54eaf2fe-b48a-4a60-8945-cc038232ddd5,ca7b749b-bf56-4fe6-abf0-2be2f85eada7,c1,c2,1583,e4,?,
1768857252.973525,SENT,2a0d0295-450a-4bf1-a788-c50518c20bf7,eddc66af-f108-477d-8c9d-5b79b00ffd65,c5,c4,1115,?,x4,
1768857252.9735684,FORWARDED,2a0d0295-450a-4bf1-a788-c50518c20bf7,eddc66af-f108-477d-8c9d-5b79b00ffd65,c5,c4,1115,?,x4,
1768857253.14923,RECEIVED,2986bbc3-33b9-4e97-b0b0-805ef6284a9c,9180b36d-fc62-4e1a-8e05-b014ea359fe4,c2,c1,1455,e4,?,
1768857253.1733184,RECEIVED,b4a62b08-3d5a-404f-8df9-ab1867e4fd85,f57f6670-8927-4166-9e21-65729fc5d5e9,c5,c3,1459,e4,?,
1768857253.2445052,SENT,d258f539-70e7-4746-a5f8-f6cc5e92aff1,3bfe3ee2-8aec-4381-816d-e148fe5be861,c4,c5,1012,?,x9,
1768857253.244556,FORWARDED,d258f539-70e7-4746-a5f8-f6cc5e92aff1,3bfe3ee2-8aec-4381-816d-e148fe5be861,c4,c5,1012,?,x9,
1768857253.285129,SENT,2986bbc3-33b9-4e97-b0b0-805ef6284a9c,9180b36d-fc62-4e1a-8e05-b014ea359fe4,c2,c1,1019,?,x6,
1768857253.285171,FORWARDED,2986bbc3-33b9-4e97-b0b0-805ef6284a9c,9180b36d-fc62-4e1a-8e05-b014ea359fe4,c2,c1,1019,?,x6,
1768857253.3834279,RECEIVED,f9fdd477-182f-4198-bacb-dfe452fdbfb1,3c51f6cf-f996-4096-b4c3-6a8504de98d0,c1,c5,1459,e8,?,
1768857253.4758208,SENT,f9fdd477-182f-4198-bacb-dfe452fdbfb1,3c51f6cf-f996-4096-b4c3-6a8504de98d0,c1,c5,1023,?,x11,
1768857253.4760988,FORWARDED,f9fdd477-182f-4198-bacb-dfe452fdbfb1,3c51f6cf-f996-4096-b4c3-6a8504de98d0,c1,c5,1023,?,x11,
1768857253.5275478,RECEIVED,8ba4befd-4c46-474e-a9bb-8fafd8c3f76b,e18f5cb2-3211-462b-a835-d742d07ba33b,c1,c5,1460,e4,?,
1768857253.5609074,SENT,b4a62b08-3d5a-404f-8df9-ab1867e4fd85,f57f6670-8927-4166-9e21-65729fc5d5e9,c5,c3,1023,?,x9,
1768857253.560948,FORWARDED,b4a62b08-3d5a-404f-8df9-ab1867e4fd85,f57f6670-8927-4166-9e21-65729fc5d5e9,c5,c3,1023,?,x9,
1768857253.5818105,SENT,8ba4befd-4c46-474e-a9bb-8fafd8c3f76b,e18f5cb2-3211-462b-a835-d742d07ba33b,c1,c5,1021,?,x3,
1768857253.5819027,FORWARDED,8ba4befd-4c46-474e-a9bb-8fafd8c3f76b,e18f5cb2-3211-462b-a835-d742d07ba33b,c1,c5,1021,?,x3,
1768857254.2289479,RECEIVED,4e34ad81-30e9-463f-8360-2af73e1956a5,8cb7cb45-e402-4e68-bc95-ce8034403e33,c1,c5,1456,e4,?,
1768857254.3795147,SENT,4e34ad81-30e9-463f-8360-2af73e1956a5,8cb7cb45-e402-4e68-bc95-ce8034403e33,c1,c5,1019,?,x1,
1768857254.379555,FORWARDED,4e34ad81-30e9-463f-8360-2af73e1956a5,8cb7cb45-e402-4e68-bc95-ce8034403e33,c1,c5,1019,?,x1,
1768857254.4918075,SENT,54eaf2fe-b48a-4a60-8945-cc038232ddd5,ca7b749b-bf56-4fe6-abf0-2be2f85eada7,c1,c2,1116,?,x5,
1768857254.491849,FORWARDED,54eaf2fe-b48a-4a60-8945-cc038232ddd5,ca7b749b-bf56-4fe6-abf0-2be2f85eada7,c1,c2,1116,?,x5,
1768857254.5682209,RECEIVED,68c35abb-9768-4174-9175-d491952d2859,c4438ba3-4144-466c-8426-f4210b7151a8,c5,c3,1452,e3,?,
1768857255.1438212,RECEIVED,ae6433f7-2986-43a6-b4d1-b53a3b575f65,93312481-b04e-4a4d-abaf-8ce1ea7042a1,c5,c1,1588,e6,?,
1768857255.2271764,RECEIVED,54a5bb5e-a6c3-4214-89f5-d65b2e32cb40,df7d7841-cafb-4980-ad70-6cede1449134,c1,c2,1583,e4,?,
1768857255.2444487,RECEIVED,d8ffdec7-3933-4205-bfac-7272dafd2718,1ed2c311-8a19-453e-88e9-10772a913e92,c4,c5,1455,e1,?,
1768857255.2458718,SENT,68c35abb-9768-4174-9175-d491952d2859,c4438ba3-4144-466c-8426-f4210b7151a8,c5,c3,1015,?,x11,
1768857255.2459126,FORWARDED,68c35abb-9768-4174-9175-d491952d2859,c4438ba3-4144-466c-8426-f4210b7151a8,c5,c3,1015,?,x11,
1768857255.482156,SENT,ae6433f7-2986-43a6-b4d1-b53a3b575f65,93312481-b04e-4a4d-abaf-8ce1ea7042a1,c5,c1,1117,?,x3,
1768857255.482201,FORWARDED,ae6433f7-2986-43a6-b4d1-b53a3b575f65,93312481-b04e-4a4d-abaf-8ce1ea7042a1,c5,c1,1117,?,x3,
1768857255.5563648,RECEIVED,eee3299d-7c78-46c3-9450-23e42433fd11,2d7e17b3-46d8-4d61-8f2f-7b3a688b5635,c5,c4,1568,e4,?,
1768857255.5850146,SENT,d8ffdec7-3933-4205-bfac-7272dafd2718,1ed2c311-8a19-453e-88e9-10772a913e92,c4,c5,1020,?,x7,
1768857255.5850728,FORWARDED,d8ffdec7-3933-4205-bfac-7272dafd2718,1ed2c311-8a19-453e-88e9-10772a913e92,c4,c5,1020,?,x7,
1768857255.6233387,SENT,eee3299d-7c78-46c3-9450-23e42433fd11,2d7e17b3-46d8-4d61-8f2f-7b3a688b5635,c5,c4,1103,?,x12,
1768857255.6233823,FORWARDED,eee3299d-7c78-46c3-9450-23e42433fd11,2d7e17b3-46d8-4d61-8f2f-7b3a688b5635,c5,c4,1103,?,x12,
1768857256.0202296,SENT,54a5bb5e-a6c3-4214-89f5-d65b2e32cb40,df7d7841-cafb-4980-ad70-6cede1449134,c1,c2,1115,?,x1,
1768857256.0202713,FORWARDED,54a5bb5e-a6c3-4214-89f5-d65b2e32cb40,df7d7841-cafb-4980-ad70-6cede1449134,c1,c2,1115,?,x1,
1768857256.0516806,RECEIVED,6b4531b1-44ec-4261-94d9-c8167112d70d,fde58cfd-217a-4312-8547-c4da62721410,c5,c4,1570,e5,?,
1768857256.0621154,SENT,6b4531b1-44ec-4261-94d9-c8167112d70d,fde58cfd-217a-4312-8547-c4da62721410,c5,c4,1103,?,x5,
1768857256.0621574,FORWARDED,6b4531b1-44ec-4261-94d9-c8167112d70d,fde58cfd-217a-4312-8547-c4da62721410,c5,c4,1103,?,x5,
1768857256.1239805,RECEIVED,d0a303ba-a38f-4fe5-b259-2b54ac0f249e,c0dffb5c-8f0c-4a53-bfde-c93add03083e,c3,c5,1454,e8,?,
1768857256.7214787,RECEIVED,9459163c-23d5-4eaf-9f0d-fac54dea5bbc,54d7077c-a2e7-43a8-8b21-cc838dade760,c5,c4,1583,e10,?,
1768857256.7908401,RECEIVED,23400e95-06d1-4a44-a50e-e2d478efc512,11642425-a216-4328-a2c4-496ca85a9750,c4,DROP,1016,e1,?,
1768857256.8246398,SENT,d0a303ba-a38f-4fe5-b259-2b54ac0f249e,c0dffb5c-8f0c-4a53-bfde-c93add03083e,c3,c5,1020,?,x6,
1768857256.824678,FORWARDED,d0a303ba-a38f-4fe5-b259-2b54ac0f249e,c0dffb5c-8f0c-4a53-bfde-c93add03083e,c3,c5,1020,?,x6,
1768857257.0067236,SENT,23400e95-06d1-4a44-a50e-e2d478efc512,11642425-a216-4328-a2c4-496ca85a9750,c4,DROP,688,?,x8,
1768857257.006928,FORWARDED,23400e95-06d1-4a44-a50e-e2d478efc512,11642425-a216-4328-a2c4-496ca85a9750,c4,DROP,688,?,x8,
1768857257.0107222,RECEIVED,d5723d93-9b12-4e15-8698-a0d4a6de3880,63634cd3-e10e-4722-91a0-27af7d36a655,c3,c5,1568,e2,?,
1768857257.0294688,RECEIVED,672adb48-efd3-492a-b9c4-cebfd5db82b0,127807ab-3109-4dcb-9d76-f5a72a19e784,c4,c5,1459,e5,?,
1768857257.1778252,SENT,d5723d93-9b12-4e15-8698-a0d4a6de3880,63634cd3-e10e-4722-91a0-27af7d36a655,c3,c5,1103,?,x1,
1768857257.1778684,FORWARDED,d5723d93-9b12-4e15-8698-a0d4a6de3880,63634cd3-e10e-4722-91a0-27af7d36a655,c3,c5,1103,?,x1,
1768857257.247248,SENT,9459163c-23d5-4eaf-9f0d-fac54dea5bbc,54d7077c-a2e7-43a8-8b21-cc838dade760,c5,c4,1115,?,x2,
1768857257.2472925,FORWARDED,9459163c-23d5-4eaf-9f0d-fac54dea5bbc,54d7077c-a2e7-43a8-8b21-cc838dade760,c5,c4,1115,?,x2,
1768857258.1952407,RECEIVED,2f4a6e11-df92-4496-971d-6c6599251924,4ba1cb20-ab00-42af-94f0-c2aded02f105,c3,c5,1570,e2,?,
1768857258.2979274,RECEIVED,045a5a61-3f02-4efe-9899-7c7cda0ae6c0,5be0f37c-ba24-417c-83c2-ece17dc53e4a,c3,DROP,441,x6,?,
1768857258.7647452,SENT,2f4a6e11-df92-4496-971d-6c6599251924,4ba1cb20-ab00-42af-94f0-c2aded02f105,c3,c5,1107,?,x3,
1768857258.7647862,FORWARDED,2f4a6e11-df92-4496-971d-6c6599251924,4ba1cb20-ab00-42af-94f0-c2aded02f105,c3,c5,1107,?,x3,
1768857258.8086538,RECEIVED,ace21e65-11e6-45f3-a0f0-4743de8f22ea,71626719-fe83-4e01-a3f5-9b1830d4cd37,c1,c5,1455,e3,?,
1768857258.8892255,SENT,ace21e65-11e6-45f3-a0f0-4743de8f22ea,71626719-fe83-4e01-a3f5-9b1830d4cd37,c1,c5,1019,?,x8,
1768857258.8892617,FORWARDED,ace21e65-11e6-45f3-a0f0-4743de8f22ea,71626719-fe83-4e01-a3f5-9b1830d4cd37,c1,c5,1019,?,x8,
1768857258.9784582,SENT,672adb48-efd3-492a-b9c4-cebfd5db82b0,127807ab-3109-4dcb-9d76-f5a72a19e784,c4,c5,1022,?,x9,
1768857258.9784992,FORWARDED,672adb48-efd3-492a-b9c4-cebfd5db82b0,127807ab-3109-4dcb-9d76-f5a72a19e784,c4,c5,1022,?,x9,
1768857259.0568233,RECEIVED,6e24ff5a-7c2c-4a10-adf9-1a634651f263,8f065bbd-c98a-4443-b9cb-d83033a9d7b2,c3,c5,1457,e12,?,
1768857259.2836523,SENT,6e24ff5a-7c2c-4a10-adf9-1a634651f263,8f065bbd-c98a-4443-b9cb-d83033a9d7b2,c3,c5,1019,?,x11,
1768857259.2836945,FORWARDED,6e24ff5a-7c2c-4a10-adf9-1a634651f263,8f065bbd-c98a-4443-b9cb-d83033a9d7b2,c3,c5,1019,?,x11,
1768857259.5925424,RECEIVED,fefd2291-04b3-4b5e-a2f1-c3e10758e0fa,2eff44fc-052a-4f3f-a963-e431bcdc4139,c4,c5,1455,e4,?,
1768857259.8050017,RECEIVED,f76a7182-afd5-4b3a-9d05-df9cc0dc261e,7025e905-4925-4050-a52f-c39bfc27fb40,c1,c5,1456,e11,?,
1768857259.8142602,RECEIVED,bd4a46ae-5c2d-4a3d-8301-afb2ade071ef,bd5696d7-0095-4a1d-8fe3-fb2ea5d41bfb,c5,c4,1585,e8,?,
1768857259.947111,SENT,bd4a46ae-5c2d-4a3d-8301-afb2ade071ef,bd5696d7-0095-4a1d-8fe3-fb2ea5d41bfb,c5,c4,1114,?,x12,
1768857259.9471643,FORWARDED,bd4a46ae-5c2d-4a3d-8301-afb2ade071ef,bd5696d7-0095-4a1d-8fe3-fb2ea5d41bfb,c5,c4,1114,?,x12,
1768857259.9681478,SENT,f76a7182-afd5-4b3a-9d05-df9cc0dc261e,7025e905-4925-4050-a52f-c39bfc27fb40,c1,c5,1019,?,x7,
1768857259.9681869,FORWARDED,f76a7182-afd5-4b3a-9d05-df9cc0dc261e,7025e905-4925-4050-a52f-c39bfc27fb40,c1,c5,1019,?,x7,
1768857260.1391087,RECEIVED,ac0c88ec-092d-4b0e-8cf3-ba154dd7dfa9,d306b626-ca0a-4ec3-935e-189084e5795a,c5,c3,1459,e6,?,
1768857260.1532013,SENT,fefd2291-04b3-4b5e-a2f1-c3e10758e0fa,2eff44fc-052a-4f3f-a963-e431bcdc4139,c4,c5,1019,?,x2,
1768857260.1532428,FORWARDED,fefd2291-04b3-4b5e-a2f1-c3e10758e0fa,2eff44fc-052a-4f3f-a963-e431bcdc4139,c4,c5,1019,?,x2,
1768857260.4092753,SENT,ac0c88ec-092d-4b0e-8cf3-ba154dd7dfa9,d306b626-ca0a-4ec3-935e-189084e5795a,c5,c3,1023,?,x9,
1768857260.409318,FORWARDED,ac0c88ec-092d-4b0e-8cf3-ba154dd7dfa9,d306b626-ca0a-4ec3-935e-189084e5795a,c5,c3,1023,?,x9,
1768857260.491337,RECEIVED,5be06f7d-bb31-4711-a2be-ef1176efacbb,2d3da19f-c7c1-40ab-b340-08a5064575ff,c3,c5,1579,e10,?,
1768857260.7565448,RECEIVED,d18d5047-5cef-49ed-adf3-74c2df9e1ee1,1bb2ace5-2c6d-444b-80a0-765004fe52ae,c4,c5,1467,e1,?,
1768857260.8039854,RECEIVED,b1c0b7dd-177d-49ce-b249-fab046f93113,dfe980f7-c077-4b38-8751-77b8e94f9863,c2,c1,1455,e12,?,
1768857260.8438318,RECEIVED,8ab76cb6-c77a-4728-99cf-56d93ba6309a,75c0a4e8-3dbe-4b9c-802d-7a8521757eba,c3,c5,1585,e8,?,
1768857260.8897297,RECEIVED,1fde593a-ac2f-42bc-8bd4-23a789b605e5,4202cdcf-e0af-4c1f-af01-6c5d23280f29,c5,c4,1568,e6,?,
1768857260.9065392,RECEIVED,9cf7594a-d832-4ce0-9a68-3849c2c1f39d,afc8f613-a3d5-4c67-819b-11f916f4282b,c5,c4,1582,e7,?,
1768857261.1029458,SENT,8ab76cb6-c77a-4728-99cf-56d93ba6309a,75c0a4e8-3dbe-4b9c-802d-7a8521757eba,c3,c5,1115,?,x11,
1768857261.1029842,FORWARDED,8ab76cb6-c77a-4728-99cf-56d93ba6309a,75c0a4e8-3dbe-4b9c-802d-7a8521757eba,c3,c5,1115,?,x11,
1768857261.220106,SENT,1fde593a-ac2f-42bc-8bd4-23a789b605e5,4202cdcf-e0af-4c1f-af01-6c5d23280f29,c5,c4,1103,?,x9,
1768857261.2201486,FORWARDED,1fde593a-ac2f-42bc-8bd4-23a789b605e5,4202cdcf-e0af-4c1f-af01-6c5d23280f29,c5,c4,1103,?,x9,
1768857261.2866905,RECEIVED,6758fba4-a828-4e6a-975d-417fc3e8d7f2,ed21aa78-0cae-4f21-bd6d-17d8d7ae8f5d,c1,c5,1455,e11,?,
1768857261.31644,SENT,5be06f7d-bb31-4711-a2be-ef1176efacbb,2d3da19f-c7c1-40ab-b340-08a5064575ff,c3,c5,1111,?,x5,
1768857261.3164809,FORWARDED,5be06f7d-bb31-4711-a2be-ef1176efacbb,2d3da19f-c7c1-40ab-b340-08a5064575ff,c3,c5,1111,?,x5,
1768857261.382521,SENT,b1c0b7dd-177d-49ce-b249-fab046f93113,dfe980f7-c077-4b38-8751-77b8e94f9863,c2,c1,1019,?,x2,
1768857261.3825614,FORWARDED,b1c0b7dd-177d-49ce-b249-fab046f93113,dfe980f7-c077-4b38-8751-77b8e94f9863,c2,c1,1019,?,x2,
1768857261.6578662,RECEIVED,82ff4e16-f147-4e34-b117-ca162b6da923,3f0b39eb-3d4e-4fd1-adfa-ef99465c2322,c1,c5,1443,e10,?,
1768857261.6645405,SENT,6758fba4-a828-4e6a-975d-417fc3e8d7f2,ed21aa78-0cae-4f21-bd6d-17d8d7ae8f5d,c1,c5,1019,?,x3,
1768857261.6645834,FORWARDED,6758fba4-a828-4e6a-975d-417fc3e8d7f2,ed21aa78-0cae-4f21-bd6d-17d8d7ae8f5d,c1,c5,1019,?,x3,
1768857261.9435081,RECEIVED,391e56b2-c7e0-473f-9679-9386256d4dc2,0976ff36-6a47-45ea-860a-16e2619d93f5,c5,c4,1585,e5,?,
1768857261.9612722,SENT,82ff4e16-f147-4e34-b117-ca162b6da923,3f0b39eb-3d4e-4fd1-adfa-ef99465c2322,c1,c5,1011,?,x6,
1768857261.9613156,FORWARDED,82ff4e16-f147-4e34-b117-ca162b6da923,3f0b39eb-3d4e-4fd1-adfa-ef99465c2322,c1,c5,1011,?,x6,
1768857262.0789862,RECEIVED,9e1fa59a-cf68-41f9-8c8d-41f920849647,030cc1c4-ab91-4f38-bebf-88c384772330,c5,c4,1583,e5,?,
1768857262.0918763,SENT,391e56b2-c7e0-473f-9679-9386256d4dc2,0976ff36-6a47-45ea-860a-16e2619d93f5,c5,c4,1116,?,x11,
1768857262.0919173,FORWARDED,391e56b2-c7e0-473f-9679-9386256d4dc2,0976ff36-6a47-45ea-860a-16e2619d93f5,c5,c4,1116,?,x11,
1768857262.3011818,SENT,d18d5047-5cef-49ed-adf3-74c2df9e1ee1,1bb2ace5-2c6d-444b-80a0-765004fe52ae,c4,c5,1027,?,x9,
1768857262.3012276,FORWARDED,d18d5047-5cef-49ed-adf3-74c2df9e1ee1,1bb2ace5-2c6d-444b-80a0-765004fe52ae,c4,c5,1027,?,x9,
1768857262.6894786,RECEIVED,eafd7dd3-8bdb-40da-ba12-757da7c9d5b5,ea1cb095-551e-41c5-82a7-b4d39cac7549,c1,DROP,1007,e12,?,
1768857262.697661,RECEIVED,db634548-52b7-40ec-befd-9bc70dd76005,2c0d2419-62a7-4e65-863c-aa039f6e099d,c1,c5,1457,e12,?,
1768857262.8197966,SENT,db634548-52b7-40ec-befd-9bc70dd76005,2c0d2419-62a7-4e65-863c-aa039f6e099d,c1,c5,1019,?,x11,
1768857262.8198385,FORWARDED,db634548-52b7-40ec-befd-9bc70dd76005,2c0d2419-62a7-4e65-863c-aa039f6e099d,c1,c5,1019,?,x11,
1768857263.107788,SENT,eafd7dd3-8bdb-40da-ba12-757da7c9d5b5,ea1cb095-551e-41c5-82a7-b4d39cac7549,c1,DROP,682,?,x9,
1768857263.107831,FORWARDED,eafd7dd3-8bdb-40da-ba12-757da7c9d5b5,ea1cb095-551e-41c5-82a7-b4d39cac7549,c1,DROP,682,?,x9,
1768857263.2212567,SENT,9cf7594a-d832-4ce0-9a68-3849c2c1f39d,afc8f613-a3d5-4c67-819b-11f916f4282b,c5,c4,1116,?,x9,
1768857263.2212994,FORWARDED,9cf7594a-d832-4ce0-9a68-3849c2c1f39d,afc8f613-a3d5-4c67-819b-11f916f4282b,c5,c4,1116,?,x9,
1768857263.3342657,RECEIVED,0062f42c-4607-4ddb-83aa-c47ad82b02be,d4f68d32-05c5-47cb-b969-91b7366a1731,c2,c1,1456,e2,?,
1768857263.3345692,SENT,9e1fa59a-cf68-41f9-8c8d-41f920849647,030cc1c4-ab91-4f38-bebf-88c384772330,c5,c4,1115,?,x3,
1768857263.3346062,FORWARDED,9e1fa59a-cf68-41f9-8c8d-41f920849647,030cc1c4-ab91-4f38-bebf-88c384772330,c5,c4,1115,?,x3,
1768857263.3443844,RECEIVED,d3086c0f-3e5c-4ba9-ab7b-8c4158025ad7,58fdbd9c-7841-44d3-8300-f36b41c4f13b,c4,c5,1458,e11,?,
1768857263.5231125,SENT,0062f42c-4607-4ddb-83aa-c47ad82b02be,d4f68d32-05c5-47cb-b969-91b7366a1731,c2,c1,1020,?,x3,
1768857263.5231643,FORWARDED,0062f42c-4607-4ddb-83aa-c47ad82b02be,d4f68d32-05c5-47cb-b969-91b7366a1731,c2,c1,1020,?,x3,
1768857263.5471313,RECEIVED,a33e1eaa-a582-49a3-858b-f0560cb813e4,1fe3f862-50d1-4c2c-822b-9331eab33ba9,c1,c2,1582,e11,?,
1768857263.916124,RECEIVED,89dec55c-6b81-4a21-8cab-73766a211480,21074dfe-1faf-41c5-a1eb-7a11dadc1bfa,c3,c5,1568,e5,?,
1768857263.9183009,RECEIVED,b03034c6-979f-48d2-98e7-85b2b215a9ae,d030439a-998c-40e6-9a03-61318d9adfac,c5,c4,1568,e5,?,
1768857263.9806418,SENT,b03034c6-979f-48d2-98e7-85b2b215a9ae,d030439a-998c-40e6-9a03-61318d9adfac,c5,c4,1104,?,x4,
1768857263.9806845,FORWARDED,b03034c6-979f-48d2-98e7-85b2b215a9ae,d030439a-998c-40e6-9a03-61318d9adfac,c5,c4,1104,?,x4,
1768857264.1707237,RECEIVED,81fbbcc3-62f2-4018-8cfb-3b176d6f8f33,3e34e371-e759-4284-a82f-f2e1ef17a835,c1,c5,1455,e12,?,
1768857264.2764204,SENT,89dec55c-6b81-4a21-8cab-73766a211480,21074dfe-1faf-41c5-a1eb-7a11dadc1bfa,c3,c5,1104,?,x4,
1768857264.276461,FORWARDED,89dec55c-6b81-4a21-8cab-73766a211480,21074dfe-1faf-41c5-a1eb-7a11dadc1bfa,c3,c5,1104,?,x4,
1768857264.2943187,SENT,a33e1eaa-a582-49a3-858b-f0560cb813e4,1fe3f862-50d1-4c2c-822b-9331eab33ba9,c1,c2,1115,?,x6,
1768857264.2943554,FORWARDED,a33e1eaa-a582-49a3-858b-f0560cb813e4,1fe3f862-50d1-4c2c-822b-9331eab33ba9,c1,c2,1115,?,x6,
1768857264.4136198,RECEIVED,311733fc-78ec-46a0-9f1c-d419f080e88e,21b8bb2e-f102-409d-aabe-fd30af15be4b,c3,DROP,1012,e2,?,
1768857264.4965003,SENT,311733fc-78ec-46a0-9f1c-d419f080e88e,21b8bb2e-f102-409d-aabe-fd30af15be4b,c3,DROP,687,?,x1,
1768857264.496594,FORWARDED,311733fc-78ec-46a0-9f1c-d419f080e88e,21b8bb2e-f102-409d-aabe-fd30af15be4b,c3,DROP,687,?,x1,
1768857264.5402572,RECEIVED,a29525a8-6c83-4270-9b5e-4956f1e733b1,f1847630-e847-456a-b6ad-cfc33adeab5b,c1,DROP,445,x12,?,
1768857264.9131942,SENT,81fbbcc3-62f2-4018-8cfb-3b176d6f8f33,3e34e371-e759-4284-a82f-f2e1ef17a835,c1,c5,1019,?,x4,
1768857264.9132457,FORWARDED,81fbbcc3-62f2-4018-8cfb-3b176d6f8f33,3e34e371-e759-4284-a82f-f2e1ef17a835,c1,c5,1019,?,x4,
1768857265.0881078,RECEIVED,ce7eb426-6a28-46a2-86f7-658902d79561,f16ad97c-9b39-4f2d-9739-acee0550246f,c1,c2,1583,e1,?,
1768857265.1073709,RECEIVED,5fdedfee-70cb-47b5-8fd6-c615dc0c74d2,5e839387-168b-4706-8684-dff46e987e7f,c5,c1,1587,e5,?,
1768857265.245064,RECEIVED,83db8f6a-1790-438d-ac2b-ac19ec9d4d1c,8d2440c4-330c-41c6-a562-8bc117f1bbea,c3,c5,1585,e4,?,
1768857265.286357,RECEIVED,01bf1a79-d7ab-44fc-9943-b9b990ae2eb6,8c94ca10-2156-4bd7-a905-6a67101684e3,c3,c5,1443,e5,?,
1768857265.3591022,SENT,d3086c0f-3e5c-4ba9-ab7b-8c4158025ad7,58fdbd9c-7841-44d3-8300-f36b41c4f13b,c4,c5,1023,?,x6,
1768857265.3591423,FORWARDED,d3086c0f-3e5c-4ba9-ab7b-8c4158025ad7,58fdbd9c-7841-44d3-8300-f36b41c4f13b,c4,c5,1023,?,x6,
1768857265.5318825,SENT,83db8f6a-1790-438d-ac2b-ac19ec9d4d1c,8d2440c4-330c-41c6-a562-8bc117f1bbea,c3,c5,1116,?,x12,
1768857265.5319233,FORWARDED,83db8f6a-1790-438d-ac2b-ac19ec9d4d1c,8d2440c4-330c-41c6-a562-8bc117f1bbea,c3,c5,1116,?,x12,
1768857265.5702457,SENT,5fdedfee-70cb-47b5-8fd6-c615dc0c74d2,5e839387-168b-4706-8684-dff46e987e7f,c5,c1,1118,?,x7,
1768857265.5702875,FORWARDED,5fdedfee-70cb-47b5-8fd6-c615dc0c74d2,5e839387-168b-4706-8684-dff46e987e7f,c5,c1,1118,?,x7,
1768857265.5827477,SENT,ce7eb426-6a28-46a2-86f7-658902d79561,f16ad97c-9b39-4f2d-9739-acee0550246f,c1,c2,1115,?,x5,
1768857265.582791,FORWARDED,ce7eb426-6a28-46a2-86f7-658902d79561,f16ad97c-9b39-4f2d-9739-acee0550246f,c1,c2,1115,?,x5,
1768857265.604168,RECEIVED,e1eee51d-2160-4ffe-aea0-e0238f3d19f2,411bd4c5-4508-4047-93de-f59f7312e8da,c5,c3,1583,e6,?,
1768857265.7631907,RECEIVED,92719b83-d1ea-46d2-a78e-6f7400a4f40c,338d898e-6462-49e4-a2a8-e84a8268236b,c1,c5,1464,e12,?,
1768857265.8780591,RECEIVED,2f084d60-d378-446e-8a1c-e3a4b6c7872c,789681f6-f87a-4ad7-a845-bf220b970f1e,c5,c1,1583,e8,?,
1768857265.8983178,SENT,e1eee51d-2160-4ffe-aea0-e0238f3d19f2,411bd4c5-4508-4047-93de-f59f7312e8da,c5,c3,1116,?,x3,
1768857265.8983595,FORWARDED,e1eee51d-2160-4ffe-aea0-e0238f3d19f2,411bd4c5-4508-4047-93de-f59f7312e8da,c5,c3,1116,?,x3,
1768857265.928619,SENT,92719b83-d1ea-46d2-a78e-6f7400a4f40c,338d898e-6462-49e4-a2a8-e84a8268236b,c1,c5,1024,?,x8,
1768857265.9286613,FORWARDED,92719b83-d1ea-46d2-a78e-6f7400a4f40c,338d898e-6462-49e4-a2a8-e84a8268236b,c1,c5,1024,?,x8,
1768857265.962088,SENT,2f084d60-d378-446e-8a1c-e3a4b6c7872c,789681f6-f87a-4ad7-a845-bf220b970f1e,c5,c1,1116,?,x6,
1768857265.9621308,FORWARDED,2f084d60-d378-446e-8a1c-e3a4b6c7872c,789681f6-f87a-4ad7-a845-bf220b970f1e,c5,c1,1116,?,x6,
1768857266.1023774,SENT,01bf1a79-d7ab-44fc-9943-b9b990ae2eb6,8c94ca10-2156-4bd7-a905-6a67101684e3,c3,c5,1011,?,x9,
1768857266.102421,FORWARDED,01bf1a79-d7ab-44fc-9943-b9b990ae2eb6,8c94ca10-2156-4bd7-a905-6a67101684e3,c3,c5,1011,?,x9,
1768857266.8815985,RECEIVED,d27ee589-dd37-4288-8c27-20cc470a5b08,d5bde476-3665-4cef-80bb-4b28a7f89053,c1,c5,1460,e7,?,
1768857266.980295,RECEIVED,7d792184-bf41-4390-822b-794135d45c7f,b8f182f4-18e5-4dbe-b120-8a61cc294e29,c5,c1,1568,e1,?,
1768857267.059066,SENT,7d792184-bf41-4390-822b-794135d45c7f,b8f182f4-18e5-4dbe-b120-8a61cc294e29,c5,c1,1103,?,x6,
1768857267.0591116,FORWARDED,7d792184-bf41-4390-822b-794135d45c7f,b8f182f4-18e5-4dbe-b120-8a61cc294e29,c5,c1,1103,?,x6,
1768857267.256922,RECEIVED,93fc9a7c-c82a-48cd-bf28-e8c55e308eb1,f62b475f-681a-4484-81ed-bee869983510,c3,c5,1458,e6,?,
1768857267.47104,RECEIVED,4ebc176c-c695-4dde-b5e4-8715048c0f85,77df6a75-1237-4dfc-b153-1ad955fd97a2,c3,c5,1584,e6,?,
1768857267.5660079,SENT,4ebc176c-c695-4dde-b5e4-8715048c0f85,77df6a75-1237-4dfc-b153-1ad955fd97a2,c3,c5,1116,?,x8,
1768857267.566043,FORWARDED,4ebc176c-c695-4dde-b5e4-8715048c0f85,77df6a75-1237-4dfc-b153-1ad955fd97a2,c3,c5,1116,?,x8,
1768857267.6718247,SENT,93fc9a7c-c82a-48cd-bf28-e8c55e308eb1,f62b475f-681a-4484-81ed-bee869983510,c3,c5,1023,?,x7,
1768857267.6718671,FORWARDED,93fc9a7c-c82a-48cd-bf28-e8c55e308eb1,f62b475f-681a-4484-81ed-bee869983510,c3,c5,1023,?,x7,
1768857267.675611,RECEIVED,025d3827-cd41-4570-963e-f0f44f84d844,8b1fd8a5-27af-4c61-b504-a2bc7dd9d017,c4,c5,1451,e3,?,
1768857267.9535477,RECEIVED,b1041da2-0ccf-4081-af13-be58209f7592,1c85cc6c-601a-4edb-b554-4617b9749219,c2,c1,1451,e12,?,
1768857268.0363517,SENT,d27ee589-dd37-4288-8c27-20cc470a5b08,d5bde476-3665-4cef-80bb-4b28a7f89053,c1,c5,1023,?,x12,
1768857268.036394,FORWARDED,d27ee589-dd37-4288-8c27-20cc470a5b08,d5bde476-3665-4cef-80bb-4b28a7f89053,c1,c5,1023,?,x12,
1768857268.1773558,RECEIVED,4c091eda-002b-4242-8d70-29f880795727,8b55a22c-502a-4404-a053-4109164f2f64,c3,c5,1456,e8,?,
1768857268.1970277,SENT,025d3827-cd41-4570-963e-f0f44f84d844,8b1fd8a5-27af-4c61-b504-a2bc7dd9d017,c4,c5,1016,?,x6,
1768857268.1970804,FORWARDED,025d3827-cd41-4570-963e-f0f44f84d844,8b1fd8a5-27af-4c61-b504-a2bc7dd9d017,c4,c5,1016,?,x6,
1768857268.2736914,RECEIVED,58dd4915-2760-4cb9-bf44-8308e3d965ba,f806d9eb-180f-4ea0-9a1b-2fc193d91a55,c3,c5,1455,e7,?,
1768857268.329303,RECEIVED,91bfe6f8-9c91-4a0f-a58a-49739879de4e,67f0fe49-2e81-44a4-a146-3d375c866c38,c5,c3,1457,e2,?,
1768857268.3601518,SENT,b1041da2-0ccf-4081-af13-be58209f7592,1c85cc6c-601a-4edb-b554-4617b9749219,c2,c1,1016,?,x8,
1768857268.36019,FORWARDED,b1041da2-0ccf-4081-af13-be58209f7592,1c85cc6c-601a-4edb-b554-4617b9749219,c2,c1,1016,?,x8,
1768857268.4050322,SENT,91bfe6f8-9c91-4a0f-a58a-49739879de4e,67f0fe49-2e81-44a4-a146-3d375c866c38,c5,c3,1019,?,x11,
1768857268.4053366,FORWARDED,91bfe6f8-9c91-4a0f-a58a-49739879de4e,67f0fe49-2e81-44a4-a146-3d375c866c38,c5,c3,1019,?,x11,
1768857268.4250312,RECEIVED,54db7d56-4f57-4852-adfc-de18e2f47a9b,bd25e724-9893-49b9-9867-0fb9cc9dec59,c5,c3,1457,e10,?,
1768857268.7191565,RECEIVED,8a618b65-892d-4f67-81b7-66c97beb783a,528428d4-1774-4946-8e49-e1d881eaabf7,c4,c5,1459,e5,?,
1768857268.751797,RECEIVED,dc002631-49a3-4540-8b83-77529c7499a9,98f37b44-665c-4bd6-833f-7ef5acf02734,c3,c5,1455,e10,?,
1768857268.7627912,SENT,54db7d56-4f57-4852-adfc-de18e2f47a9b,bd25e724-9893-49b9-9867-0fb9cc9dec59,c5,c3,1019,?,x12,
1768857268.7628336,FORWARDED,54db7d56-4f57-4852-adfc-de18e2f47a9b,bd25e724-9893-49b9-9867-0fb9cc9dec59,c5,c3,1019,?,x12,
1768857268.788242,SENT,4c091eda-002b-4242-8d70-29f880795727,8b55a22c-502a-4404-a053-4109164f2f64,c3,c5,1019,?,x11,
1768857268.7882838,FORWARDED,4c091eda-002b-4242-8d70-29f880795727,8b55a22c-502a-4404-a053-4109164f2f64,c3,c5,1019,?,x11,
1768857268.941845,SENT,58dd4915-2760-4cb9-bf44-8308e3d965ba,f806d9eb-180f-4ea0-9a1b-2fc193d91a55,c3,c5,1019,?,x1,
1768857268.9418864,FORWARDED,58dd4915-2760-4cb9-bf44-8308e3d965ba,f806d9eb-180f-4ea0-9a1b-2fc193d91a55,c3,c5,1019,?,x1,
1768857269.2459342,SENT,8a618b65-892d-4f67-81b7-66c97beb783a,528428d4-1774-4946-8e49-e1d881eaabf7,c4,c5,1023,?,x10,
1768857269.2459748,FORWARDED,8a618b65-892d-4f67-81b7-66c97beb783a,528428d4-1774-4946-8e49-e1d881eaabf7,c4,c5,1023,?,x10,
1768857269.640328,RECEIVED,416f1790-3ce0-49d0-9cb9-6510bc9f8e7c,e8e5730f-0257-4f9e-a560-da21b64a9790,c5,c1,1583,e1,?,
1768857269.710233,SENT,dc002631-49a3-4540-8b83-77529c7499a9,98f37b44-665c-4bd6-833f-7ef5acf02734,c3,c5,1019,?,x4,
1768857269.710276,FORWARDED,dc002631-49a3-4540-8b83-77529c7499a9,98f37b44-665c-4bd6-833f-7ef5acf02734,c3,c5,1019,?,x4,
1768857269.7664318,RECEIVED,215b39de-2ab5-4d4b-999d-8474f64b38ae,b669943b-bb9b-403a-b78d-69a8ded67783,c5,c3,1460,e10,?,
1768857269.8225408,RECEIVED,f23cf03e-e87b-4c12-b2e2-d550ff2f0e6f,52f7339b-dfb1-440e-86ce-3b6974b39b00,c1,c2,1583,e10,?,
1768857269.8815446,RECEIVED,b724a950-bc6a-4db0-b3aa-8ab520f3e6ee,8988d780-66db-450d-8977-9d864d851b03,c1,c2,1583,e7,?,
1768857269.9093435,SENT,215b39de-2ab5-4d4b-999d-8474f64b38ae,b669943b-bb9b-403a-b78d-69a8ded67783,c5,c3,1022,?,x8,
1768857269.9093862,FORWARDED,215b39de-2ab5-4d4b-999d-8474f64b38ae,b669943b-bb9b-403a-b78d-69a8ded67783,c5,c3,1022,?,x8,
1768857269.9528685,RECEIVED,c5973b78-dce8-4d6e-a377-a7986207bbb5,3c5beb55-dabd-4d39-a57b-53248f7a3960,c1,c2,1579,e12,?,
1768857270.0673163,RECEIVED,9496b779-dbf8-4975-9870-e98bfcbe99be,e9c7717d-af25-413f-ae47-127521982aa3,c5,c4,1588,e3,?,
1768857270.0890665,RECEIVED,56a60870-54b4-4283-9c16-e92d706d5406,e964ae5c-59b2-4a02-b22a-4f2415feaaca,c3,c5,1451,e1,?,
1768857270.2693863,SENT,9496b779-dbf8-4975-9870-e98bfcbe99be,e9c7717d-af25-413f-ae47-127521982aa3,c5,c4,1119,?,x2,
1768857270.2694283,FORWARDED,9496b779-dbf8-4975-9870-e98bfcbe99be,e9c7717d-af25-413f-ae47-127521982aa3,c5,c4,1119,?,x2,
1768857270.283348,SENT,c5973b78-dce8-4d6e-a377-a7986207bbb5,3c5beb55-dabd-4d39-a57b-53248f7a3960,c1,c2,1111,?,x1,
1768857270.2833898,FORWARDED,c5973b78-dce8-4d6e-a377-a7986207bbb5,3c5beb55-dabd-4d39-a57b-53248f7a3960,c1,c2,1111,?,x1,
1768857270.284803,RECEIVED,e454aa1c-cca4-4978-bfa3-fca4f24bcf9f,56aa0fba-5b27-482c-9114-72ff31cb99e2,c5,c3,1584,e12,?,
1768857270.435173,SENT,b724a950-bc6a-4db0-b3aa-8ab520f3e6ee,8988d780-66db-450d-8977-9d864d851b03,c1,c2,1115,?,x5,
1768857270.435248,FORWARDED,b724a950-bc6a-4db0-b3aa-8ab520f3e6ee,8988d780-66db-450d-8977-9d864d851b03,c1,c2,1115,?,x5,
1768857270.4525685,RECEIVED,7438f1eb-81e9-48e2-ac3d-51bf83be4f5a,89b8710b-411c-4cb7-afcc-7a9ae60e0b84,c5,c3,1584,e2,?,
1768857270.6117334,SENT,416f1790-3ce0-49d0-9cb9-6510bc9f8e7c,e8e5730f-0257-4f9e-a560-da21b64a9790,c5,c1,1114,?,x2,
1768857270.6117768,FORWARDED,416f1790-3ce0-49d0-9cb9-6510bc9f8e7c,e8e5730f-0257-4f9e-a560-da21b64a9790,c5,c1,1114,?,x2,
1768857270.6327653,SENT,e454aa1c-cca4-4978-bfa3-fca4f24bcf9f,56aa0fba-5b27-482c-9114-72ff31cb99e2,c5,c3,1115,?,x4,
1768857270.6328063,FORWARDED,e454aa1c-cca4-4978-bfa3-fca4f24bcf9f,56aa0fba-5b27-482c-9114-72ff31cb99e2,c5,c3,1115,?,x4,
1768857270.6526504,SENT,f23cf03e-e87b-4c12-b2e2-d550ff2f0e6f,52f7339b-dfb1-440e-86ce-3b6974b39b00,c1,c2,1114,?,x4,
1768857270.6526914,FORWARDED,f23cf03e-e87b-4c12-b2e2-d550ff2f0e6f,52f7339b-dfb1-440e-86ce-3b6974b39b00,c1,c2,1114,?,x4,
1768857270.7816148,SENT,56a60870-54b4-4283-9c16-e92d706d5406,e964ae5c-59b2-4a02-b22a-4f2415feaaca,c3,c5,1015,?,x3,
1768857270.7816527,FORWARDED,56a60870-54b4-4283-9c16-e92d706d5406,e964ae5c-59b2-4a02-b22a-4f2415feaaca,c3,c5,1015,?,x3,
1768857270.803921,SENT,7438f1eb-81e9-48e2-ac3d-51bf83be4f5a,89b8710b-411c-4cb7-afcc-7a9ae60e0b84,c5,c3,1116,?,x10,
1768857270.8039625,FORWARDED,7438f1eb-81e9-48e2-ac3d-51bf83be4f5a,89b8710b-411c-4cb7-afcc-7a9ae60e0b84,c5,c3,1116,?,x10,
1768857270.8247159,RECEIVED,23a1247b-09c0-471f-b132-159e65be08c4,3a3b99da-e990-44a2-ba29-38f29767bd30,c1,DROP,1021,e6,?,
1768857270.9878333,RECEIVED,3ef56ce8-4074-4609-ba02-25ed959f4ab3,6d7a52de-223b-43ad-bd6d-daacd82fbce8,c5,c1,1585,e3,?,
1768857271.0364912,SENT,3ef56ce8-4074-4609-ba02-25ed959f4ab3,6d7a52de-223b-43ad-bd6d-daacd82fbce8,c5,c1,1115,?,x7,
1768857271.0365326,FORWARDED,3ef56ce8-4074-4609-ba02-25ed959f4ab3,6d7a52de-223b-43ad-bd6d-daacd82fbce8,c5,c1,1115,?,x7,
1768857271.150305,RECEIVED,d32d9fea-aed1-4644-97fb-accddd6f9ce0,eea71d39-3e3f-43b7-bea7-d4e72f38a229,c1,c2,1585,e6,?,
1768857271.1771812,SENT,23a1247b-09c0-471f-b132-159e65be08c4,3a3b99da-e990-44a2-ba29-38f29767bd30,c1,DROP,692,?,x11,
1768857271.177225,FORWARDED,23a1247b-09c0-471f-b132-159e65be08c4,3a3b99da-e990-44a2-ba29-38f29767bd30,c1,DROP,692,?,x11,
1768857271.3348558,SENT,d32d9fea-aed1-4644-97fb-accddd6f9ce0,eea71d39-3e3f-43b7-bea7-d4e72f38a229,c1,c2,1116,?,x11,
1768857271.3348975,FORWARDED,d32d9fea-aed1-4644-97fb-accddd6f9ce0,eea71d39-3e3f-43b7-bea7-d4e72f38a229,c1,c2,1116,?,x11,
1768857271.4175825,RECEIVED,133654b3-539e-49d9-be57-e0029a934258,58e96f81-8d95-4fe5-baf6-218a0012326e,c2,c1,1452,e12,?,
1768857271.477335,RECEIVED,4a1f8549-4f52-4313-8eff-60f485bc021c,a729d456-a42f-4b87-8975-3acfda8ce55f,c5,c3,1464,e10,?,
1768857271.6131835,SENT,133654b3-539e-49d9-be57-e0029a934258,58e96f81-8d95-4fe5-baf6-218a0012326e,c2,c1,1015,?,x3,
1768857271.6132336,FORWARDED,133654b3-539e-49d9-be57-e0029a934258,58e96f81-8d95-4fe5-baf6-218a0012326e,c2,c1,1015,?,x3,
1768857271.6725366,SENT,4a1f8549-4f52-4313-8eff-60f485bc021c,a729d456-a42f-4b87-8975-3acfda8ce55f,c5,c3,1026,?,x3,
1768857271.6725836,FORWARDED,4a1f8549-4f52-4313-8eff-60f485bc021c,a729d456-a42f-4b87-8975-3acfda8ce55f,c5,c3,1026,?,x3,
1768857272.105571,RECEIVED,a739ec40-0184-43ba-b623-c339f3f6ed08,3082878c-7ec4-4a9b-871c-df40265e8174,c3,c5,1457,e4,?,
1768857272.2818685,RECEIVED,6d75819e-13eb-4a6a-a6f8-395de680000e,1f284f13-508e-4d2a-90d0-567e65fa72f8,c1,c5,1463,e12,?,
1768857272.4932775,SENT,a739ec40-0184-43ba-b623-c339f3f6ed08,3082878c-7ec4-4a9b-871c-df40265e8174,c3,c5,1018,?,x12,
1768857272.4933195,FORWARDED,a739ec40-0184-43ba-b623-c339f3f6ed08,3082878c-7ec4-4a9b-871c-df40265e8174,c3,c5,1018,?,x12,
1768857272.850235,SENT,6d75819e-13eb-4a6a-a6f8-395de680000e,1f284f13-508e-4d2a-90d0-567e65fa72f8,c1,c5,1024,?,x4,
1768857272.8502743,FORWARDED,6d75819e-13eb-4a6a-a6f8-395de680000e,1f284f13-508e-4d2a-90d0-567e65fa72f8,c1,c5,1024,?,x4,
1768857273.0911424,RECEIVED,2684a356-7464-4b7e-8b1c-c65dce000ad6,2883d0a4-0904-4900-8b08-04f4a03c85fe,c5,c1,1567,e3,?,
1768857273.5813851,RECEIVED,d0a9397f-bfce-47fa-a647-00d7d734a6b2,7489eceb-50bb-4bcd-8633-62d3c9eedbcb,c3,c5,1462,e11,?,
1768857273.7142608,SENT,2684a356-7464-4b7e-8b1c-c65dce000ad6,2883d0a4-0904-4900-8b08-04f4a03c85fe,c5,c1,1103,?,x2,
1768857273.7143347,FORWARDED,2684a356-7464-4b7e-8b1c-c65dce000ad6,2883d0a4-0904-4900-8b08-04f4a03c85fe,c5,c1,1103,?,x2,
1768857273.999355,RECEIVED,c9c399bc-2f62-421b-aa54-1f435cad7e8e,d79d188b-39ab-4e42-b05d-f7c1a5a5b02d,c4,c5,1455,e2,?,
1768857274.0933914,SENT,c9c399bc-2f62-421b-aa54-1f435cad7e8e,d79d188b-39ab-4e42-b05d-f7c1a5a5b02d,c4,c5,1020,?,x9,
1768857274.093433,FORWARDED,c9c399bc-2f62-421b-aa54-1f435cad7e8e,d79d188b-39ab-4e42-b05d-f7c1a5a5b02d,c4,c5,1020,?,x9,
1768857274.2985227,RECEIVED,8dba3e29-86ac-4774-aeeb-bac09c85cf0c,2a014b59-0298-42be-81c6-fc672cc4d713,c5,c3,1452,e5,?,
1768857274.3986967,SENT,8dba3e29-86ac-4774-aeeb-bac09c85cf0c,2a014b59-0298-42be-81c6-fc672cc4d713,c5,c3,1015,?,x5,
1768857274.398739,FORWARDED,8dba3e29-86ac-4774-aeeb-bac09c85cf0c,2a014b59-0298-42be-81c6-fc672cc4d713,c5,c3,1015,?,x5,
1768857275.1862926,RECEIVED,4604dd31-bde2-45ec-a0a0-f05ffe896c80,2f7d4525-79aa-4db1-a20d-6596123d893a,c1,c5,1464,e11,?,
1768857275.3035865,RECEIVED,3a102e1a-9311-434c-b3bd-fff2320c96ef,89d8e227-8a71-4fe6-8b66-769207abb54f,c4,DROP,441,x7,?,
1768857275.3325386,RECEIVED,bb88d218-717f-4b9b-aa43-da11bc8002a5,5d83e6f1-d01a-47c7-b49c-84301987a265,c2,DROP,1021,e2,?,
1768857275.6418726,SENT,4604dd31-bde2-45ec-a0a0-f05ffe896c80,2f7d4525-79aa-4db1-a20d-6596123d893a,c1,c5,1024,?,x1,
1768857275.6419141,FORWARDED,4604dd31-bde2-45ec-a0a0-f05ffe896c80,2f7d4525-79aa-4db1-a20d-6596123d893a,c1,c5,1024,?,x1,
1768857275.7857776,SENT,bb88d218-717f-4b9b-aa43-da11bc8002a5,5d83e6f1-d01a-47c7-b49c-84301987a265,c2,DROP,692,?,x12,
1768857275.7858217,FORWARDED,bb88d218-717f-4b9b-aa43-da11bc8002a5,5d83e6f1-d01a-47c7-b49c-84301987a265,c2,DROP,692,?,x12,
1768857276.075815,RECEIVED,38be75dc-b42a-42cc-9796-e3f0c8d2db66,555d7cb5-dcbd-4ce9-85ed-1241b44308cc,c5,c3,1459,e7,?,
1768857276.1089702,SENT,d0a9397f-bfce-47fa-a647-00d7d734a6b2,7489eceb-50bb-4bcd-8633-62d3c9eedbcb,c3,c5,1024,?,x6,
1768857276.1090107,FORWARDED,d0a9397f-bfce-47fa-a647-00d7d734a6b2,7489eceb-50bb-4bcd-8633-62d3c9eedbcb,c3,c5,1024,?,x6,
1768857276.1309748,RECEIVED,90620f06-d4c1-4643-9f24-382070bcb376,98327a7a-b9d2-48eb-b1d4-1fdf1e9f950c,c3,c5,1580,e2,?,
1768857276.1888473,RECEIVED,01a3d2fa-0a8d-49db-907f-976f15ee6958,56634f67-5d19-4a56-912f-e2cffb014036,c3,c5,1568,e7,?,
1768857276.4437335,SENT,90620f06-d4c1-4643-9f24-382070bcb376,98327a7a-b9d2-48eb-b1d4-1fdf1e9f950c,c3,c5,1111,?,x11,
1768857276.443777,FORWARDED,90620f06-d4c1-4643-9f24-382070bcb376,98327a7a-b9d2-48eb-b1d4-1fdf1e9f950c,c3,c5,1111,?,x11,
1768857276.5272539,SENT,01a3d2fa-0a8d-49db-907f-976f15ee6958,56634f67-5d19-4a56-912f-e2cffb014036,c3,c5,1104,?,x8,
1768857276.5272968,FORWARDED,01a3d2fa-0a8d-49db-907f-976f15ee6958,56634f67-5d19-4a56-912f-e2cffb014036,c3,c5,1104,?,x8,
1768857276.9055777,RECEIVED,0e6d1508-6573-4f74-925f-90fef58f51a9,28cb2e1c-5317-4a4b-bafd-b3b69146156b,c1,c5,1459,e5,?,
1768857276.9071035,RECEIVED,6697d794-1ad2-48fe-88ba-04dc7e8fd4b2,997dc464-2cc4-4e00-a217-ef3106ce3d97,c1,c2,1585,e12,?,
1768857277.0267408,SENT,0e6d1508-6573-4f74-925f-90fef58f51a9,28cb2e1c-5317-4a4b-bafd-b3b69146156b,c1,c5,1023,?,x2,
1768857277.0267966,FORWARDED,0e6d1508-6573-4f74-925f-90fef58f51a9,28cb2e1c-5317-4a4b-bafd-b3b69146156b,c1,c5,1023,?,x2,
1768857277.077877,RECEIVED,98725044-9028-4d59-ae23-b3edc2dc6b63,de18d8a2-5cdb-439f-989c-19ba46e2a3d4,c5,c3,1463,e6,?,
1768857277.1439698,RECEIVED,19e9bb2c-3702-44d4-b1b1-8190f2106b72,acbdfb75-d47f-4f2d-988c-4fd142c91c0f,c3,c5,1457,e3,?,
1768857277.215218,SENT,19e9bb2c-3702-44d4-b1b1-8190f2106b72,acbdfb75-d47f-4f2d-988c-4fd142c91c0f,c3,c5,1020,?,x1,
1768857277.215254,FORWARDED,19e9bb2c-3702-44d4-b1b1-8190f2106b72,acbdfb75-d47f-4f2d-988c-4fd142c91c0f,c3,c5,1020,?,x1,
1768857277.2227318,SENT,6697d794-1ad2-48fe-88ba-04dc7e8fd4b2,997dc464-2cc4-4e00-a217-ef3106ce3d97,c1,c2,1115,?,x10,
1768857277.222774,FORWARDED,6697d794-1ad2-48fe-88ba-04dc7e8fd4b2,997dc464-2cc4-4e00-a217-ef3106ce3d97,c1,c2,1115,?,x10,
1768857277.2778013,RECEIVED,a0d6cd9b-3d08-400b-a0b3-153782e55dda,1ebf8acb-7f08-43f7-bac9-9d2dfd46bb38,c1,c5,1444,e7,?,
1768857277.3249063,SENT,a0d6cd9b-3d08-400b-a0b3-153782e55dda,1ebf8acb-7f08-43f7-bac9-9d2dfd46bb38,c1,c5,1011,?,x3,
1768857277.3249493,FORWARDED,a0d6cd9b-3d08-400b-a0b3-153782e55dda,1ebf8acb-7f08-43f7-bac9-9d2dfd46bb38,c1,c5,1011,?,x3,
1768857277.3956652,SENT,38be75dc-b42a-42cc-9796-e3f0c8d2db66,555d7cb5-dcbd-4ce9-85ed-1241b44308cc,c5,c3,1023,?,x3,
1768857277.3957047,FORWARDED,38be75dc-b42a-42cc-9796-e3f0c8d2db66,555d7cb5-dcbd-4ce9-85ed-1241b44308cc,c5,c3,1023,?,x3,
1768857277.4076464,RECEIVED,3e729d0c-cd8d-4d51-8a3c-84491d29eaaa,11b7a1c1-e963-45cd-a136-1f0b5e52e318,c5,c4,1583,e10,?,
1768857277.513011,RECEIVED,8584d85d-6dee-43c2-b2eb-c66e976cb47f,e007c8fd-3bf9-4086-b92b-cfbad7a2024d,c5,c3,1459,e10,?,
1768857277.58499,RECEIVED,d81fc1f3-1bf6-40b5-a435-b308dcd4c575,1c9a5feb-e6d5-4ab2-bf99-a4736dadadf0,c1,c2,1576,e6,?,
1768857277.7814384,RECEIVED,0c5b6478-e17d-4314-ac29-763d45344ecd,3d328e7e-0e58-4e5b-99b2-6e1799f0fcd8,c1,c5,1445,e8,?,
1768857277.8101406,SENT,98725044-9028-4d59-ae23-b3edc2dc6b63,de18d8a2-5cdb-439f-989c-19ba46e2a3d4,c5,c3,1024,?,x6,
1768857277.8101816,FORWARDED,98725044-9028-4d59-ae23-b3edc2dc6b63,de18d8a2-5cdb-439f-989c-19ba46e2a3d4,c5,c3,1024,?,x6,
1768857277.8245022,SENT,0c5b6478-e17d-4314-ac29-763d45344ecd,3d328e7e-0e58-4e5b-99b2-6e1799f0fcd8,c1,c5,1011,?,x8,
1768857277.8245444,FORWARDED,0c5b6478-e17d-4314-ac29-763d45344ecd,3d328e7e-0e58-4e5b-99b2-6e1799f0fcd8,c1,c5,1011,?,x8,
1768857277.99021,RECEIVED,6f9f9627-2bc7-4cff-b202-77346047135b,f4dc48dc-27a1-47bf-913f-d6f82305b2e4,c3,c5,1452,e6,?,
1768857278.0388901,SENT,6f9f9627-2bc7-4cff-b202-77346047135b,f4dc48dc-27a1-47bf-913f-d6f82305b2e4,c3,c5,1015,?,x11,
1768857278.038931,FORWARDED,6f9f9627-2bc7-4cff-b202-77346047135b,f4dc48dc-27a1-47bf-913f-d6f82305b2e4,c3,c5,1015,?,x11,
1768857278.2255328,SENT,3e729d0c-cd8d-4d51-8a3c-84491d29eaaa,11b7a1c1-e963-45cd-a136-1f0b5e52e318,c5,c4,1116,?,x7,
1768857278.2255738,FORWARDED,3e729d0c-cd8d-4d51-8a3c-84491d29eaaa,11b7a1c1-e963-45cd-a136-1f0b5e52e318,c5,c4,1116,?,x7,
1768857278.293318,SENT,d81fc1f3-1bf6-40b5-a435-b308dcd4c575,1c9a5feb-e6d5-4ab2-bf99-a4736dadadf0,c1,c2,1110,?,x10,
1768857278.2935367,FORWARDED,d81fc1f3-1bf6-40b5-a435-b308dcd4c575,1c9a5feb-e6d5-4ab2-bf99-a4736dadadf0,c1,c2,1110,?,x10,
1768857278.3848233,RECEIVED,9d3e42fc-05ef-42db-91a3-3ccf23e54a82,867daa98-c500-41cf-8710-7d2281329ba8,c3,c5,1461,e4,?,
1768857278.5399992,SENT,9d3e42fc-05ef-42db-91a3-3ccf23e54a82,867daa98-c500-41cf-8710-7d2281329ba8,c3,c5,1021,?,x10,
1768857278.5400414,FORWARDED,9d3e42fc-05ef-42db-91a3-3ccf23e54a82,867daa98-c500-41cf-8710-7d2281329ba8,c3,c5,1021,?,x10,
1768857278.750828,RECEIVED,214dae2c-ef98-4dc0-ae01-191dfa579903,76944c23-cbcc-4731-aa5b-76c6afa6385e,c4,c5,1464,e11,?,
1768857278.8454616,SENT,214dae2c-ef98-4dc0-ae01-191dfa579903,76944c23-cbcc-4731-aa5b-76c6afa6385e,c4,c5,1024,?,x7,
1768857278.845504,FORWARDED,214dae2c-ef98-4dc0-ae01-191dfa579903,76944c23-cbcc-4731-aa5b-76c6afa6385e,c4,c5,1024,?,x7,
1768857278.8788948,RECEIVED,2f185ce1-a833-468f-a703-1140836636ca,a2c7a2bf-be4e-4e13-bc04-e56b00bf5af9,c2,c1,1463,e1,?,
1768857279.057596,SENT,8584d85d-6dee-43c2-b2eb-c66e976cb47f,e007c8fd-3bf9-4086-b92b-cfbad7a2024d,c5,c3,1022,?,x1,
1768857279.0576365,FORWARDED,8584d85d-6dee-43c2-b2eb-c66e976cb47f,e007c8fd-3bf9-4086-b92b-cfbad7a2024d,c5,c3,1022,?,x1,
1768857279.1446576,SENT,2f185ce1-a833-468f-a703-1140836636ca,a2c7a2bf-be4e-4e13-bc04-e56b00bf5af9,c2,c1,1025,?,x3,
1768857279.1446998,FORWARDED,2f185ce1-a833-468f-a703-1140836636ca,a2c7a2bf-be4e-4e13-bc04-e56b00bf5af9,c2,c1,1025,?,x3,
1768857279.473608,RECEIVED,7f92ad89-bf8c-4465-9319-d3fddec0020c,ba0e0c4d-e336-4d6a-9ba8-411a8a46c40e,c3,c5,1589,e3,?,
1768857279.487398,RECEIVED,14f8f004-a5b8-41a0-964b-e46ecb64ddbc,64e0c881-a14b-47bc-86b2-270412c69e86,c5,c4,1584,e5,?,
1768857279.5371802,SENT,7f92ad89-bf8c-4465-9319-d3fddec0020c,ba0e0c4d-e336-4d6a-9ba8-411a8a46c40e,c3,c5,1117,?,x11,
1768857279.537221,FORWARDED,7f92ad89-bf8c-4465-9319-d3fddec0020c,ba0e0c4d-e336-4d6a-9ba8-411a8a46c40e,c3,c5,1117,?,x11,
1768857279.7950048,RECEIVED,4e29058b-4d76-4728-9cd8-396eef4a3331,4af9b22b-35a3-4c8c-a442-42047cd55ea6,c2,DROP,1007,e4,?,
1768857279.8722491,SENT,14f8f004-a5b8-41a0-964b-e46ecb64ddbc,64e0c881-a14b-47bc-86b2-270412c69e86,c5,c4,1115,?,x2,
1768857279.8722916,FORWARDED,14f8f004-a5b8-41a0-964b-e46ecb64ddbc,64e0c881-a14b-47bc-86b2-270412c69e86,c5,c4,1115,?,x2,
1768857279.8734176,RECEIVED,3cfbc60a-e22a-4129-a487-812abca52bfa,4674d807-b772-4071-9f59-76cce844d2d3,c5,c4,1583,e10,?,
1768857279.881482,RECEIVED,22ed8e40-acde-4db8-9849-62c97214d2ae,aa7666ac-4c50-4a59-bb90-17ee17213143,c5,c1,1585,e5,?,
1768857280.0390124,RECEIVED,d1152f65-61db-4071-a3d4-b0c002208800,105c605f-9959-4c37-8e73-4fec68b8bd89,c3,c5,1455,e3,?,
1768857280.0588531,RECEIVED,46f51b0f-a851-485e-961b-88bf98c74311,1181f726-db52-40bf-867c-ff5b8eddb52a,c5,DROP,1007,e1,?,
1768857280.0690622,SENT,22ed8e40-acde-4db8-9849-62c97214d2ae,aa7666ac-4c50-4a59-bb90-17ee17213143,c5,c1,1115,?,x12,
1768857280.069105,FORWARDED,22ed8e40-acde-4db8-9849-62c97214d2ae,aa7666ac-4c50-4a59-bb90-17ee17213143,c5,c1,1115,?,x12,
1768857280.1519163,RECEIVED,f55af41f-b25d-4c35-8c07-8fcc2ad2127f,7b7f3bab-e9a6-4fd8-9946-75a7b85918e2,c5,c1,1584,e4,?,
1768857280.1973205,RECEIVED,55317afb-fc30-443b-83ba-42120e901857,bedb5a5a-982c-4206-87d0-7c0950613333,c3,c5,1584,e4,?,
1768857280.307899,SENT,4e29058b-4d76-4728-9cd8-396eef4a3331,4af9b22b-35a3-4c8c-a442-42047cd55ea6,c2,DROP,684,?,x7,
1768857280.3079488,FORWARDED,4e29058b-4d76-4728-9cd8-396eef4a3331,4af9b22b-35a3-4c8c-a442-42047cd55ea6,c2,DROP,684,?,x7,
1768857280.3271713,SENT,d1152f65-61db-4071-a3d4-b0c002208800,105c605f-9959-4c37-8e73-4fec68b8bd89,c3,c5,1020,?,x5,
1768857280.3272774,FORWARDED,d1152f65-61db-4071-a3d4-b0c002208800,105c605f-9959-4c37-8e73-4fec68b8bd89,c3,c5,1020,?,x5,
1768857280.3550382,SENT,f55af41f-b25d-4c35-8c07-8fcc2ad2127f,7b7f3bab-e9a6-4fd8-9946-75a7b85918e2,c5,c1,1115,?,x4,
1768857280.3551009,FORWARDED,f55af41f-b25d-4c35-8c07-8fcc2ad2127f,7b7f3bab-e9a6-4fd8-9946-75a7b85918e2,c5,c1,1115,?,x4,
1768857280.363406,SENT,55317afb-fc30-443b-83ba-42120e901857,bedb5a5a-982c-4206-87d0-7c0950613333,c3,c5,1115,?,x4,
1768857280.363449,FORWARDED,55317afb-fc30-443b-83ba-42120e901857,bedb5a5a-982c-4206-87d0-7c0950613333,c3,c5,1115,?,x4,
1768857280.443428,RECEIVED,4c18d1cf-2d3a-437b-a276-fb87d72a675c,b10927f4-94ab-4e9c-832e-1c7798e8d517,c5,DROP,1008,e1,?,
1768857280.4626942,SENT,3cfbc60a-e22a-4129-a487-812abca52bfa,4674d807-b772-4071-9f59-76cce844d2d3,c5,c4,1115,?,x3,
1768857280.4627364,FORWARDED,3cfbc60a-e22a-4129-a487-812abca52bfa,4674d807-b772-4071-9f59-76cce844d2d3,c5,c4,1115,?,x3,
1768857280.5357323,SENT,4c18d1cf-2d3a-437b-a276-fb87d72a675c,b10927f4-94ab-4e9c-832e-1c7798e8d517,c5,DROP,684,?,x1,
1768857280.535773,FORWARDED,4c18d1cf-2d3a-437b-a276-fb87d72a675c,b10927f4-94ab-4e9c-832e-1c7798e8d517,c5,DROP,684,?,x1,
1768857280.6743126,SENT,46f51b0f-a851-485e-961b-88bf98c74311,1181f726-db52-40bf-867c-ff5b8eddb52a,c5,DROP,683,?,x3,
1768857280.6743553,FORWARDED,46f51b0f-a851-485e-961b-88bf98c74311,1181f726-db52-40bf-867c-ff5b8eddb52a,c5,DROP,683,?,x3,
1768857280.8569703,RECEIVED,a0f64286-91de-4374-86b7-eaab1cc9e61a,85511ac2-964d-44a5-b281-7aba4a8ec96b,c3,c5,1568,e6,?,
1768857280.9234564,SENT,a0f64286-91de-4374-86b7-eaab1cc9e61a,85511ac2-964d-44a5-b281-7aba4a8ec96b,c3,c5,1104,?,x8,
1768857280.9234972,FORWARDED,a0f64286-91de-4374-86b7-eaab1cc9e61a,85511ac2-964d-44a5-b281-7aba4a8ec96b,c3,c5,1104,?,x8,
1768857280.9922729,RECEIVED,a106e7a2-b523-4de5-83f9-a79b8b4675fc,409f12ca-2a80-48d2-96db-5ec95795887b,c2,c1,1455,e6,?,
1768857281.0118406,RECEIVED,d4adab46-8f39-495f-988c-356e15cad249,c1004dfe-ba73-4598-80d3-e1f259ef6eab,c2,DROP,1009,e4,?,
1768857281.0972333,SENT,d4adab46-8f39-495f-988c-356e15cad249,c1004dfe-ba73-4598-80d3-e1f259ef6eab,c2,DROP,683,?,x8,
1768857281.097272,FORWARDED,d4adab46-8f39-495f-988c-356e15cad249,c1004dfe-ba73-4598-80d3-e1f259ef6eab,c2,DROP,683,?,x8,
1768857281.3747833,SENT,a106e7a2-b523-4de5-83f9-a79b8b4675fc,409f12ca-2a80-48d2-96db-5ec95795887b,c2,c1,1020,?,x5,
1768857281.3748257,FORWARDED,a106e7a2-b523-4de5-83f9-a79b8b4675fc,409f12ca-2a80-48d2-96db-5ec95795887b,c2,c1,1020,?,x5,
1768857281.646754,RECEIVED,f033c174-dfce-45f2-b35a-65012164eb39,c38e541f-c1b0-4ac6-89b6-0bb96a905993,c3,c5,1457,e2,?,
1768857281.6574554,SENT,f033c174-dfce-45f2-b35a-65012164eb39,c38e541f-c1b0-4ac6-89b6-0bb96a905993,c3,c5,1019,?,x1,
1768857281.6575012,FORWARDED,f033c174-dfce-45f2-b35a-65012164eb39,c38e541f-c1b0-4ac6-89b6-0bb96a905993,c3,c5,1019,?,x1,
1768857281.7611344,RECEIVED,054ec294-5968-4eb0-aaea-74a15d3de9b9,273a02d1-620e-4c69-84e4-616af3d0f9af,c4,c5,1465,e4,?,
1768857281.799443,SENT,054ec294-5968-4eb0-aaea-74a15d3de9b9,273a02d1-620e-4c69-84e4-616af3d0f9af,c4,c5,1024,?,x12,
1768857281.7994843,FORWARDED,054ec294-5968-4eb0-aaea-74a15d3de9b9,273a02d1-620e-4c69-84e4-616af3d0f9af,c4,c5,1024,?,x12,
1768857282.35133,RECEIVED,c552a06f-224d-48aa-895e-e4aff91642e4,6b440962-66d4-4796-8db9-c8d198d4e858,c5,c4,1583,e7,?,
1768857282.6966891,RECEIVED,575700ff-d14c-41a4-a4a0-7edce270be15,2021303a-e473-45de-9278-a2c6dbf6a20e,c5,c3,1567,e2,?,
1768857282.719514,RECEIVED,fc80ea0a-058c-4671-b57f-a8c55943b7d2,f9225d37-7782-430a-8b2c-7762db3d2cab,c5,c4,1584,e1,?,
1768857282.9138713,SENT,fc80ea0a-058c-4671-b57f-a8c55943b7d2,f9225d37-7782-430a-8b2c-7762db3d2cab,c5,c4,1115,?,x8,
1768857282.9139135,FORWARDED,fc80ea0a-058c-4671-b57f-a8c55943b7d2,f9225d37-7782-430a-8b2c-7762db3d2cab,c5,c4,1115,?,x8,
1768857283.1430104,SENT,c552a06f-224d-48aa-895e-e4aff91642e4,6b440962-66d4-4796-8db9-c8d198d4e858,c5,c4,1115,?,x8,
1768857283.1430645,FORWARDED,c552a06f-224d-48aa-895e-e4aff91642e4,6b440962-66d4-4796-8db9-c8d198d4e858,c5,c4,1115,?,x8,
1768857283.5083106,RECEIVED,bbc82c4e-7745-445a-94df-30d78eb458e9,72007292-591b-4096-88e8-646cdf852099,c4,c5,1455,e6,?,
1768857283.5201843,SENT,575700ff-d14c-41a4-a4a0-7edce270be15,2021303a-e473-45de-9278-a2c6dbf6a20e,c5,c3,1104,?,x1,
1768857283.520227,FORWARDED,575700ff-d14c-41a4-a4a0-7edce270be15,2021303a-e473-45de-9278-a2c6dbf6a20e,c5,c3,1104,?,x1,
1768857283.5773745,RECEIVED,cacb7f68-b1cd-46e4-a9e7-a86e8a34dc02,e3a7620f-2726-4673-8e42-a63e146611d8,c5,c3,1451,e3,?,
1768857283.7638574,RECEIVED,ebaa3cf1-f3e0-4695-a182-bbf16c7c9e9b,abeaa31e-7293-49ab-9aea-97feac3f1bf3,c5,c3,1579,e7,?,
1768857283.776941,SENT,bbc82c4e-7745-445a-94df-30d78eb458e9,72007292-591b-4096-88e8-646cdf852099,c4,c5,1019,?,x2,
1768857283.7769902,FORWARDED,bbc82c4e-7745-445a-94df-30d78eb458e9,72007292-591b-4096-88e8-646cdf852099,c4,c5,1019,?,x2,
1768857283.999798,SENT,cacb7f68-b1cd-46e4-a9e7-a86e8a34dc02,e3a7620f-2726-4673-8e42-a63e146611d8,c5,c3,1015,?,x2,
1768857283.999839,FORWARDED,cacb7f68-b1cd-46e4-a9e7-a86e8a34dc02,e3a7620f-2726-4673-8e42-a63e146611d8,c5,c3,1015,?,x2,
1768857284.3276231,RECEIVED,c18add5a-4ff6-4409-a933-9465294bbdd4,e3c7fc0d-63c0-4fc3-ad35-e171b80c8493,c5,c3,1455,e6,?,
1768857284.5917509,RECEIVED,46b28b45-99fe-4b01-b23b-065663528508,0ae4a26c-4c28-4e99-b1e0-144a2102491a,c4,c5,1456,e5,?,
1768857284.640685,SENT,c18add5a-4ff6-4409-a933-9465294bbdd4,e3c7fc0d-63c0-4fc3-ad35-e171b80c8493,c5,c3,1019,?,x6,
1768857284.6407278,FORWARDED,c18add5a-4ff6-4409-a933-9465294bbdd4,e3c7fc0d-63c0-4fc3-ad35-e171b80c8493,c5,c3,1019,?,x6,
1768857284.7007012,RECEIVED,d9f57cb1-fb9b-45e2-a6ca-f395e37b3a71,73bffe32-45a7-47c7-b3c1-89275fe4012e,c4,c5,1460,e6,?,
1768857284.7239387,SENT,46b28b45-99fe-4b01-b23b-065663528508,0ae4a26c-4c28-4e99-b1e0-144a2102491a,c4,c5,1019,?,x3,
1768857284.723975,FORWARDED,46b28b45-99fe-4b01-b23b-065663528508,0ae4a26c-4c28-4e99-b1e0-144a2102491a,c4,c5,1019,?,x3,
1768857284.8781757,SENT,d9f57cb1-fb9b-45e2-a6ca-f395e37b3a71,73bffe32-45a7-47c7-b3c1-89275fe4012e,c4,c5,1023,?,x3,
1768857284.8782187,FORWARDED,d9f57cb1-fb9b-45e2-a6ca-f395e37b3a71,73bffe32-45a7-47c7-b3c1-89275fe4012e,c4,c5,1023,?,x3,
1768857285.0372195,RECEIVED,e93d044c-af30-4a59-ba2e-9aacc4365fd0,2bfc4eda-e933-4240-8826-e734eaa02da8,c3,c5,1460,e2,?,
1768857285.1025546,RECEIVED,a3c94b4e-0bd0-46ce-8555-f17512e2c496,aec3037b-0c21-4e50-92ce-35a483973b58,c2,c1,1452,e5,?,
1768857285.1710367,RECEIVED,3947d111-a3c4-4a3b-9965-327fc1cd074e,ae7bcfb5-23cb-4ee8-975f-b0e4a406c2f7,c3,c5,1452,e1,?,
1768857285.1716633,SENT,ebaa3cf1-f3e0-4695-a182-bbf16c7c9e9b,abeaa31e-7293-49ab-9aea-97feac3f1bf3,c5,c3,1111,?,x1,
1768857285.1717863,FORWARDED,ebaa3cf1-f3e0-4695-a182-bbf16c7c9e9b,abeaa31e-7293-49ab-9aea-97feac3f1bf3,c5,c3,1111,?,x1,
1768857285.1851723,RECEIVED,7f887bc1-f4e9-404a-a129-1465e75e1bf6,7aba2dba-8bad-41a0-9fbf-66a289fd157b,c1,c2,1585,e1,?,
1768857285.2102356,SENT,a3c94b4e-0bd0-46ce-8555-f17512e2c496,aec3037b-0c21-4e50-92ce-35a483973b58,c2,c1,1015,?,x6,
1768857285.2102766,FORWARDED,a3c94b4e-0bd0-46ce-8555-f17512e2c496,aec3037b-0c21-4e50-92ce-35a483973b58,c2,c1,1015,?,x6,
1768857285.2672436,SENT,7f887bc1-f4e9-404a-a129-1465e75e1bf6,7aba2dba-8bad-41a0-9fbf-66a289fd157b,c1,c2,1115,?,x10,
1768857285.2672896,FORWARDED,7f887bc1-f4e9-404a-a129-1465e75e1bf6,7aba2dba-8bad-41a0-9fbf-66a289fd157b,c1,c2,1115,?,x10,
1768857285.286565,RECEIVED,13c788fc-6c10-44e2-9b87-02462859ae5c,7dc33834-d321-4f7b-98a1-93ce490588aa,c3,DROP,442,x8,?,
1768857285.4070969,SENT,3947d111-a3c4-4a3b-9965-327fc1cd074e,ae7bcfb5-23cb-4ee8-975f-b0e4a406c2f7,c3,c5,1016,?,x2,
1768857285.407141,FORWARDED,3947d111-a3c4-4a3b-9965-327fc1cd074e,ae7bcfb5-23cb-4ee8-975f-b0e4a406c2f7,c3,c5,1016,?,x2,
1768857285.4604893,RECEIVED,e6c7901c-7872-473a-8309-c4d3aa20cba3,e725efab-f48e-4bdc-b7d0-b6d91e6243e6,c4,c5,1443,e3,?,
1768857285.7196143,RECEIVED,bc11aa79-faa0-4e75-86ab-ddfc43f09fbd,4e7a61e1-88bf-4bf2-9642-549c31a54b24,c5,c3,1454,e3,?,
1768857285.7295847,RECEIVED,86d7ffc3-2994-44c0-b188-ec5952305cf0,73fe933c-2244-47a9-90e1-ebaf8cab1f64,c2,c1,1460,e4,?,
1768857285.9534042,SENT,86d7ffc3-2994-44c0-b188-ec5952305cf0,73fe933c-2244-47a9-90e1-ebaf8cab1f64,c2,c1,1023,?,x5,
1768857285.95344,FORWARDED,86d7ffc3-2994-44c0-b188-ec5952305cf0,73fe933c-2244-47a9-90e1-ebaf8cab1f64,c2,c1,1023,?,x5,
1768857286.229898,RECEIVED,401fead9-df13-44af-b2f7-40f7a4a00e81,c6228a30-1f81-4e10-bed9-b297765eaa54,c1,c5,1460,e10,?,
1768857286.2562656,SENT,e6c7901c-7872-473a-8309-c4d3aa20cba3,e725efab-f48e-4bdc-b7d0-b6d91e6243e6,c4,c5,1011,?,x9,
1768857286.2563076,FORWARDED,e6c7901c-7872-473a-8309-c4d3aa20cba3,e725efab-f48e-4bdc-b7d0-b6d91e6243e6,c4,c5,1011,?,x9,
1768857286.3103275,SENT,401fead9-df13-44af-b2f7-40f7a4a00e81,c6228a30-1f81-4e10-bed9-b297765eaa54,c1,c5,1023,?,x8,
1768857286.3103685,FORWARDED,401fead9-df13-44af-b2f7-40f7a4a00e81,c6228a30-1f81-4e10-bed9-b297765eaa54,c1,c5,1023,?,x8,
1768857286.6059198,SENT,e93d044c-af30-4a59-ba2e-9aacc4365fd0,2bfc4eda-e933-4240-8826-e734eaa02da8,c3,c5,1023,?,x12,
1768857286.6059613,FORWARDED,e93d044c-af30-4a59-ba2e-9aacc4365fd0,2bfc4eda-e933-4240-8826-e734eaa02da8,c3,c5,1023,?,x12,
1768857286.6277223,RECEIVED,8a92fec9-36f3-4c62-9fef-f69497500af4,ef35b90e-3d50-4eb0-8d7e-6a712601adc1,c5,c4,1583,e7,?,
1768857286.8188906,SENT,bc11aa79-faa0-4e75-86ab-ddfc43f09fbd,4e7a61e1-88bf-4bf2-9642-549c31a54b24,c5,c3,1019,?,x3,
1768857286.8189335,FORWARDED,bc11aa79-faa0-4e75-86ab-ddfc43f09fbd,4e7a61e1-88bf-4bf2-9642-549c31a54b24,c5,c3,1019,?,x3,
1768857287.4315386,RECEIVED,564392ff-5caa-4e6a-804a-57ad9e3b1a32,c00643fd-6b54-4089-9397-e858f5a34dc0,c2,c1,1460,e12,?,
1768857287.5219824,SENT,564392ff-5caa-4e6a-804a-57ad9e3b1a32,c00643fd-6b54-4089-9397-e858f5a34dc0,c2,c1,1023,?,x2,
1768857287.5220215,FORWARDED,564392ff-5caa-4e6a-804a-57ad9e3b1a32,c00643fd-6b54-4089-9397-e858f5a34dc0,c2,c1,1023,?,x2,
1768857287.5566306,RECEIVED,5870f973-4e17-459d-9e5e-01f966f149fa,0fa45ed4-cdd5-4049-b99c-6699cc669547,c2,DROP,1015,e8,?,
1768857287.732961,SENT,5870f973-4e17-459d-9e5e-01f966f149fa,0fa45ed4-cdd5-4049-b99c-6699cc669547,c2,DROP,688,?,x1,
1768857287.7330015,FORWARDED,5870f973-4e17-459d-9e5e-01f966f149fa,0fa45ed4-cdd5-4049-b99c-6699cc669547,c2,DROP,688,?,x1,
1768857287.794395,SENT,8a92fec9-36f3-4c62-9fef-f69497500af4,ef35b90e-3d50-4eb0-8d7e-6a712601adc1,c5,c4,1116,?,x2,
1768857287.794439,FORWARDED,8a92fec9-36f3-4c62-9fef-f69497500af4,ef35b90e-3d50-4eb0-8d7e-6a712601adc1,c5,c4,1116,?,x2,
1768857288.030349,RECEIVED,9e346282-8949-46bc-8667-dcaf081e7ffc,0150bcf6-b99f-4dbc-a70c-430bcc2b947b,c3,c5,1451,e6,?,
1768857288.1617613,RECEIVED,a8300422-fddd-44d7-9fd0-677894246cbd,8b0e608b-d28b-4c96-aa5d-d848d704a6ac,c5,c1,1580,e2,?,
1768857288.2313015,RECEIVED,8c085a4c-44b0-4b56-a8d8-edbddd290ee2,476d9b75-b2b9-4a51-9ea3-e7e6a1356d36,c2,DROP,1008,e3,?,
1768857288.39796,SENT,a8300422-fddd-44d7-9fd0-677894246cbd,8b0e608b-d28b-4c96-aa5d-d848d704a6ac,c5,c1,1111,?,x1,
1768857288.398231,FORWARDED,a8300422-fddd-44d7-9fd0-677894246cbd,8b0e608b-d28b-4c96-aa5d-d848d704a6ac,c5,c1,1111,?,x1,
1768857288.415254,SENT,8c085a4c-44b0-4b56-a8d8-edbddd290ee2,476d9b75-b2b9-4a51-9ea3-e7e6a1356d36,c2,DROP,683,?,x8,
1768857288.4152992,FORWARDED,8c085a4c-44b0-4b56-a8d8-edbddd290ee2,476d9b75-b2b9-4a51-9ea3-e7e6a1356d36,c2,DROP,683,?,x8,
1768857288.6252563,SENT,9e346282-8949-46bc-8667-dcaf081e7ffc,0150bcf6-b99f-4dbc-a70c-430bcc2b947b,c3,c5,1016,?,x1,
1768857288.625319,FORWARDED,9e346282-8949-46bc-8667-dcaf081e7ffc,0150bcf6-b99f-4dbc-a70c-430bcc2b947b,c3,c5,1016,?,x1,
1768857288.9490583,RECEIVED,4db06413-7a4c-41c3-ae21-1e26fef23f5c,f44c173c-97ca-47d3-894e-a478e20680e4,c1,c2,1580,e5,?,
1768857289.0661795,RECEIVED,1cbff4ab-2f5f-4b63-bd4a-d1b81b45515d,b3eb169a-24d0-4458-9c7b-8164f58ff931,c4,DROP,445,x9,?,
1768857289.1367416,SENT,4db06413-7a4c-41c3-ae21-1e26fef23f5c,f44c173c-97ca-47d3-894e-a478e20680e4,c1,c2,1112,?,x7,
1768857289.1367848,FORWARDED,4db06413-7a4c-41c3-ae21-1e26fef23f5c,f44c173c-97ca-47d3-894e-a478e20680e4,c1,c2,1112,?,x7,
1768857289.2247849,RECEIVED,d9bf4a51-d63a-41a8-9fc9-aa4fb698ccd3,3b365c58-6725-4341-bc60-871a14702044,c5,c1,1578,e1,?,
1768857289.2797313,RECEIVED,e0d9b18b-9940-4c9c-89ab-ff4a34576175,948a209a-b426-4450-ad66-a49aaa3a7b44,c1,c2,1584,e7,?,
1768857289.389781,SENT,e0d9b18b-9940-4c9c-89ab-ff4a34576175,948a209a-b426-4450-ad66-a49aaa3a7b44,c1,c2,1115,?,x10,
1768857289.3898525,FORWARDED,e0d9b18b-9940-4c9c-89ab-ff4a34576175,948a209a-b426-4450-ad66-a49aaa3a7b44,c1,c2,1115,?,x10,
1768857289.524129,RECEIVED,a13f56d0-2135-4845-acc7-e54f01ef1dd1,cdb0247b-0484-408f-8179-91d58b9cb627,c3,c5,1455,e10,?,
1768857290.164382,RECEIVED,e9ea9413-0414-462c-8d7c-707aac3d3630,9ff76e6f-630c-482e-a54c-666f0f03d653,c1,c5,1447,e5,?,
1768857290.1725552,SENT,d9bf4a51-d63a-41a8-9fc9-aa4fb698ccd3,3b365c58-6725-4341-bc60-871a14702044,c5,c1,1113,?,x12,
1768857290.1725967,FORWARDED,d9bf4a51-d63a-41a8-9fc9-aa4fb698ccd3,3b365c58-6725-4341-bc60-871a14702044,c5,c1,1113,?,x12,
1768857290.2835445,SENT,a13f56d0-2135-4845-acc7-e54f01ef1dd1,cdb0247b-0484-408f-8179-91d58b9cb627,c3,c5,1019,?,x8,
1768857290.2835877,FORWARDED,a13f56d0-2135-4845-acc7-e54f01ef1dd1,cdb0247b-0484-408f-8179-91d58b9cb627,c3,c5,1019,?,x8,
1768857290.2868853,RECEIVED,ea6330be-1e04-4a8e-9850-eaecc57d6dd6,dfb42b29-c8fe-4338-b821-779e701b2f1b,c1,c2,1568,e8,?,
1768857290.4728017,RECEIVED,04eabfda-cc01-4abe-94f9-2079d78d1215,40200ae0-539e-438b-afcd-828f0d6df7ac,c1,DROP,1019,e10,?,
1768857290.53622,SENT,ea6330be-1e04-4a8e-9850-eaecc57d6dd6,dfb42b29-c8fe-4338-b821-779e701b2f1b,c1,c2,1103,?,x8,
1768857290.5362644,FORWARDED,ea6330be-1e04-4a8e-9850-eaecc57d6dd6,dfb42b29-c8fe-4338-b821-779e701b2f1b,c1,c2,1103,?,x8,
1768857290.5490348,RECEIVED,8f965abd-8ae7-445c-92a0-a666887c1cee,f98eac7c-153c-42d3-9114-e6f9ae4f7140,c5,c3,1585,e12,?,
1768857291.0535643,SENT,8f965abd-8ae7-445c-92a0-a666887c1cee,f98eac7c-153c-42d3-9114-e6f9ae4f7140,c5,c3,1116,?,x12,
1768857291.053609,FORWARDED,8f965abd-8ae7-445c-92a0-a666887c1cee,f98eac7c-153c-42d3-9114-e6f9ae4f7140,c5,c3,1116,?,x12,
1768857291.1088428,SENT,e9ea9413-0414-462c-8d7c-707aac3d3630,9ff76e6f-630c-482e-a54c-666f0f03d653,c1,c5,1012,?,x6,
1768857291.1088798,FORWARDED,e9ea9413-0414-462c-8d7c-707aac3d3630,9ff76e6f-630c-482e-a54c-666f0f03d653,c1,c5,1012,?,x6,
1768857291.216394,SENT,04eabfda-cc01-4abe-94f9-2079d78d1215,40200ae0-539e-438b-afcd-828f0d6df7ac,c1,DROP,692,?,x3,
1768857291.2164364,FORWARDED,04eabfda-cc01-4abe-94f9-2079d78d1215,40200ae0-539e-438b-afcd-828f0d6df7ac,c1,DROP,692,?,x3,
1768857291.2395601,RECEIVED,f84d1456-9f10-47eb-b3ee-c894f44e30cc,b00aa8ea-2c57-4934-a6e2-6256f13c0162,c5,c4,1563,e2,?,
1768857291.2670152,RECEIVED,ccee96d7-ae39-4410-a693-6951147b4ae4,1f1a671e-7036-4fae-b07f-c80f40b9e162,c3,c5,1444,e8,?,
1768857291.3422742,SENT,ccee96d7-ae39-4410-a693-6951147b4ae4,1f1a671e-7036-4fae-b07f-c80f40b9e162,c3,c5,1011,?,x3,
1768857291.3423269,FORWARDED,ccee96d7-ae39-4410-a693-6951147b4ae4,1f1a671e-7036-4fae-b07f-c80f40b9e162,c3,c5,1011,?,x3,
1768857291.3451288,SENT,f84d1456-9f10-47eb-b3ee-c894f44e30cc,b00aa8ea-2c57-4934-a6e2-6256f13c0162,c5,c4,1100,?,x9,
1768857291.3451698,FORWARDED,f84d1456-9f10-47eb-b3ee-c894f44e30cc,b00aa8ea-2c57-4934-a6e2-6256f13c0162,c5,c4,1100,?,x9,
1768857291.4523408,RECEIVED,93015e44-49d6-402d-b137-2ad6f82c26b8,fe4e96c2-3f34-4477-a7ac-36ac08240939,c4,c5,1463,e7,?,
1768857291.876989,RECEIVED,dd0756b5-0f09-4c2e-9e6f-3362a9cfaa02,d9734f6a-eaa9-4041-8445-c5d83fb82d4f,c2,c1,1458,e7,?,
1768857291.8837197,RECEIVED,926a2c4f-e8a1-49b1-9fdf-5eb50eda20d7,f9ba8c19-20e0-4d09-aef1-9e818f731b5c,c3,c5,1452,e5,?,
1768857291.9592018,SENT,dd0756b5-0f09-4c2e-9e6f-3362a9cfaa02,d9734f6a-eaa9-4041-8445-c5d83fb82d4f,c2,c1,1019,?,x10,
1768857291.9592478,FORWARDED,dd0756b5-0f09-4c2e-9e6f-3362a9cfaa02,d9734f6a-eaa9-4041-8445-c5d83fb82d4f,c2,c1,1019,?,x10,
1768857292.3558495,SENT,926a2c4f-e8a1-49b1-9fdf-5eb50eda20d7,f9ba8c19-20e0-4d09-aef1-9e818f731b5c,c3,c5,1015,?,x4,
1768857292.3558948,FORWARDED,926a2c4f-e8a1-49b1-9fdf-5eb50eda20d7,f9ba8c19-20e0-4d09-aef1-9e818f731b5c,c3,c5,1015,?,x4,
1768857292.4312747,SENT,93015e44-49d6-402d-b137-2ad6f82c26b8,fe4e96c2-3f34-4477-a7ac-36ac08240939,c4,c5,1025,?,x3,
1768857292.4313262,FORWARDED,93015e44-49d6-402d-b137-2ad6f82c26b8,fe4e96c2-3f34-4477-a7ac-36ac08240939,c4,c5,1025,?,x3,
1768857292.4762845,RECEIVED,42c8f336-6195-4167-9f5e-6de4d9ca78ea,a7184f1d-3bf2-4279-9a96-001f76c7db30,c5,c3,1571,e3,?,
1768857292.5271797,RECEIVED,551ecc83-63d6-4a29-8cf4-0ea8f16a3a1d,562fe540-0633-4e10-872e-a92e13fab6c5,c5,c4,1588,e11,?,
1768857292.5649912,RECEIVED,24ddd908-a636-49b2-9c57-2cfb3871de5c,4f067587-f577-4f90-aafd-4df1c8a59ee1,c5,c3,1580,e1,?,
1768857292.7295675,RECEIVED,3edbd96d-f4e4-4e8c-83c4-8da4b9ee7dfa,6afc72d6-5d07-4b5d-afd4-0f506c1cd3bb,c1,c5,1460,e11,?,
1768857292.7656372,SENT,24ddd908-a636-49b2-9c57-2cfb3871de5c,4f067587-f577-4f90-aafd-4df1c8a59ee1,c5,c3,1111,?,x6,
1768857292.765679,FORWARDED,24ddd908-a636-49b2-9c57-2cfb3871de5c,4f067587-f577-4f90-aafd-4df1c8a59ee1,c5,c3,1111,?,x6,
1768857292.8295069,RECEIVED,cba47e29-f25e-4a84-b58c-65f991e80c6e,d14357f9-04c2-4721-aa95-1d80d8117146,c5,c1,1584,e6,?,
1768857292.9096353,SENT,551ecc83-63d6-4a29-8cf4-0ea8f16a3a1d,562fe540-0633-4e10-872e-a92e13fab6c5,c5,c4,1117,?,x8,
1768857292.909678,FORWARDED,551ecc83-63d6-4a29-8cf4-0ea8f16a3a1d,562fe540-0633-4e10-872e-a92e13fab6c5,c5,c4,1117,?,x8,
1768857292.9589639,RECEIVED,f7b5b2ac-f416-4c5f-b3d0-7605a9f16229,d804e9f1-ed54-4b4c-b620-6fc49743087c,c5,c4,1590,e4,?,
1768857293.0149689,SENT,f7b5b2ac-f416-4c5f-b3d0-7605a9f16229,d804e9f1-ed54-4b4c-b620-6fc49743087c,c5,c4,1117,?,x11,
1768857293.0150113,FORWARDED,f7b5b2ac-f416-4c5f-b3d0-7605a9f16229,d804e9f1-ed54-4b4c-b620-6fc49743087c,c5,c4,1117,?,x11,
1768857293.0625124,SENT,3edbd96d-f4e4-4e8c-83c4-8da4b9ee7dfa,6afc72d6-5d07-4b5d-afd4-0f506c1cd3bb,c1,c5,1023,?,x11,
1768857293.0631008,FORWARDED,3edbd96d-f4e4-4e8c-83c4-8da4b9ee7dfa,6afc72d6-5d07-4b5d-afd4-0f506c1cd3bb,c1,c5,1023,?,x11,
1768857293.0795825,RECEIVED,f626fe1b-7a2b-4d4b-99cf-07c45767f6f3,9631f535-1ef9-4852-a92b-5332db64152d,c5,c3,1567,e2,?,
1768857293.1432743,SENT,cba47e29-f25e-4a84-b58c-65f991e80c6e,d14357f9-04c2-4721-aa95-1d80d8117146,c5,c1,1115,?,x10,
1768857293.1433172,FORWARDED,cba47e29-f25e-4a84-b58c-65f991e80c6e,d14357f9-04c2-4721-aa95-1d80d8117146,c5,c1,1115,?,x10,
1768857293.174911,SENT,42c8f336-6195-4167-9f5e-6de4d9ca78ea,a7184f1d-3bf2-4279-9a96-001f76c7db30,c5,c3,1107,?,x1,
1768857293.1749523,FORWARDED,42c8f336-6195-4167-9f5e-6de4d9ca78ea,a7184f1d-3bf2-4279-9a96-001f76c7db30,c5,c3,1107,?,x1,
1768857293.5872953,RECEIVED,d6e0bb7f-7c58-46e2-a748-04f25ccf9edb,32120d11-b1a5-4052-8135-78bab5434423,c5,c1,1587,e1,?,
1768857293.5956445,SENT,f626fe1b-7a2b-4d4b-99cf-07c45767f6f3,9631f535-1ef9-4852-a92b-5332db64152d,c5,c3,1103,?,x6,
1768857293.5956874,FORWARDED,f626fe1b-7a2b-4d4b-99cf-07c45767f6f3,9631f535-1ef9-4852-a92b-5332db64152d,c5,c3,1103,?,x6,
1768857293.7215738,SENT,d6e0bb7f-7c58-46e2-a748-04f25ccf9edb,32120d11-b1a5-4052-8135-78bab5434423,c5,c1,1117,?,x6,
1768857293.7216282,FORWARDED,d6e0bb7f-7c58-46e2-a748-04f25ccf9edb,32120d11-b1a5-4052-8135-78bab5434423,c5,c1,1117,?,x6,
1768857294.132967,RECEIVED,eee2ba83-cfbc-477c-90a7-477d396afa6c,3bef5d3b-f03d-41b4-8155-e87b8694124d,c3,c5,1585,e4,?,
1768857294.1877563,RECEIVED,2864e817-c980-48ce-b775-10a7a989dfc3,414170a7-c6c5-44d8-9349-f69d2d4ff208,c1,DROP,1008,e8,?,
1768857294.1892304,SENT,eee2ba83-cfbc-477c-90a7-477d396afa6c,3bef5d3b-f03d-41b4-8155-e87b8694124d,c3,c5,1114,?,x2,
1768857294.1894472,FORWARDED,eee2ba83-cfbc-477c-90a7-477d396afa6c,3bef5d3b-f03d-41b4-8155-e87b8694124d,c3,c5,1114,?,x2,
1768857294.354774,RECEIVED,9dea72be-2d52-4547-9edf-bcf6bba9f8de,062fbe41-c284-4ea3-b8f2-45b26f08a858,c1,c5,1455,e4,?,
1768857294.5976384,SENT,9dea72be-2d52-4547-9edf-bcf6bba9f8de,062fbe41-c284-4ea3-b8f2-45b26f08a858,c1,c5,1020,?,x9,
1768857294.5976808,FORWARDED,9dea72be-2d52-4547-9edf-bcf6bba9f8de,062fbe41-c284-4ea3-b8f2-45b26f08a858,c1,c5,1020,?,x9,
1768857294.6474476,SENT,2864e817-c980-48ce-b775-10a7a989dfc3,414170a7-c6c5-44d8-9349-f69d2d4ff208,c1,DROP,684,?,x9,
1768857294.6474884,FORWARDED,2864e817-c980-48ce-b775-10a7a989dfc3,414170a7-c6c5-44d8-9349-f69d2d4ff208,c1,DROP,684,?,x9,
1768857294.9507673,RECEIVED,fc87b76f-5271-4cfe-81b9-2b4c9f7bb47e,1a3f33df-71de-4972-94ee-a3a5e30bec0a,c5,c3,1463,e2,?,
1768857295.2639434,RECEIVED,fd9a0192-f21e-43ef-8a79-e60492d4a194,6ec1fb3a-2474-40d3-a8ff-1c74f5bab639,c4,DROP,446,x6,?,
1768857295.304553,SENT,fc87b76f-5271-4cfe-81b9-2b4c9f7bb47e,1a3f33df-71de-4972-94ee-a3a5e30bec0a,c5,c3,1024,?,x4,
1768857295.3045967,FORWARDED,fc87b76f-5271-4cfe-81b9-2b4c9f7bb47e,1a3f33df-71de-4972-94ee-a3a5e30bec0a,c5,c3,1024,?,x4,
1768857295.8591342,RECEIVED,dcfd9bb5-c205-43f5-9773-5d400e847bf3,448dda2f-8be5-48a1-ae55-4bca39904ab5,c1,c5,1463,e5,?,
1768857296.0751417,RECEIVED,343de573-2c98-4c7f-9b5d-3fc5ebae1caf,8c8aaaa0-5107-4bc0-9168-23e8fb1b7e9e,c3,c5,1583,e3,?,
1768857296.4213018,SENT,dcfd9bb5-c205-43f5-9773-5d400e847bf3,448dda2f-8be5-48a1-ae55-4bca39904ab5,c1,c5,1024,?,x4,
1768857296.4213443,FORWARDED,dcfd9bb5-c205-43f5-9773-5d400e847bf3,448dda2f-8be5-48a1-ae55-4bca39904ab5,c1,c5,1024,?,x4,
1768857296.544669,RECEIVED,f239b126-377d-4ded-abb8-f9054c444315,cbb8bde6-2081-416d-99cf-a5e691f7932c,c5,c3,1456,e11,?,
1768857296.6179216,SENT,343de573-2c98-4c7f-9b5d-3fc5ebae1caf,8c8aaaa0-5107-4bc0-9168-23e8fb1b7e9e,c3,c5,1116,?,x1,
1768857296.617957,FORWARDED,343de573-2c98-4c7f-9b5d-3fc5ebae1caf,8c8aaaa0-5107-4bc0-9168-23e8fb1b7e9e,c3,c5,1116,?,x1,
1768857296.7028663,RECEIVED,0a3a76a3-cfea-4eba-9a82-4a2370438d2b,9fd16057-1fb2-48d6-9821-3d2523392524,c5,c3,1461,e3,?,
1768857296.8677855,SENT,f239b126-377d-4ded-abb8-f9054c444315,cbb8bde6-2081-416d-99cf-a5e691f7932c,c5,c3,1019,?,x12,
1768857296.867827,FORWARDED,f239b126-377d-4ded-abb8-f9054c444315,cbb8bde6-2081-416d-99cf-a5e691f7932c,c5,c3,1019,?,x12,
1768857296.8952792,RECEIVED,1dca29fa-9536-4cff-8d7e-b4306f46a682,88167c1c-5d9a-4aca-939b-e84d7bef9756,c5,c3,1451,e4,?,
1768857296.9323335,SENT,0a3a76a3-cfea-4eba-9a82-4a2370438d2b,9fd16057-1fb2-48d6-9821-3d2523392524,c5,c3,1023,?,x11,
1768857296.932377,FORWARDED,0a3a76a3-cfea-4eba-9a82-4a2370438d2b,9fd16057-1fb2-48d6-9821-3d2523392524,c5,c3,1023,?,x11,
1768857297.3884187,RECEIVED,45e82db9-66f4-4c3c-b50e-06622aa375bc,b69c029e-2ba8-445d-878d-7fedd49caa01,c2,c1,1460,e2,?,
1768857297.4292262,RECEIVED,ce63f613-d71d-4e37-bd0f-40eced5f7ebc,d39b1b10-7fe5-4aed-b897-00412f856d63,c4,c5,1461,e11,?,
1768857297.6146264,RECEIVED,a548b832-86e5-4768-ad23-647fd2a63cc0,9030ef61-e8eb-4f35-a0e9-411cc471461b,c5,c4,1584,e10,?,
1768857297.6427023,RECEIVED,8ceaaae2-8ca4-4a47-8581-67ac143aee73,95b0218e-9779-41ee-8020-7855139a5292,c4,c5,1467,e1,?,
1768857297.7096446,SENT,1dca29fa-9536-4cff-8d7e-b4306f46a682,88167c1c-5d9a-4aca-939b-e84d7bef9756,c5,c3,1015,?,x7,
1768857297.709687,FORWARDED,1dca29fa-9536-4cff-8d7e-b4306f46a682,88167c1c-5d9a-4aca-939b-e84d7bef9756,c5,c3,1015,?,x7,
1768857297.7959087,RECEIVED,ebef3ce2-6b7b-41a4-a5b7-5348aaafb19d,554ee998-7187-4354-83f9-5c13c05b5b07,c5,c3,1585,e8,?,
1768857297.850448,SENT,ce63f613-d71d-4e37-bd0f-40eced5f7ebc,d39b1b10-7fe5-4aed-b897-00412f856d63,c4,c5,1023,?,x12,
1768857297.8507175,FORWARDED,ce63f613-d71d-4e37-bd0f-40eced5f7ebc,d39b1b10-7fe5-4aed-b897-00412f856d63,c4,c5,1023,?,x12,
1768857297.8506665,RECEIVED,85192594-e9c9-4f8c-8062-6be2a8bcf387,c115afa8-6aa8-4d9b-bccb-0c98cc69886e,c3,c5,1584,e2,?,
1768857297.8954568,SENT,ebef3ce2-6b7b-41a4-a5b7-5348aaafb19d,554ee998-7187-4354-83f9-5c13c05b5b07,c5,c3,1115,?,x10,
1768857297.8954995,FORWARDED,ebef3ce2-6b7b-41a4-a5b7-5348aaafb19d,554ee998-7187-4354-83f9-5c13c05b5b07,c5,c3,1115,?,x10,
1768857297.9347756,RECEIVED,530bec5d-ac66-4949-b051-27875debe62e,8c703ac1-0b99-4d4d-9668-def12af9158c,c5,c3,1456,e12,?,
1768857297.9387887,RECEIVED,66b98d10-2890-44fe-a87b-7a08a9281a0a,c4a8bb8f-432a-4343-92ef-ed6f1a6378ba,c5,c3,1569,e1,?,
1768857298.0280757,RECEIVED,b4011275-3ecb-4ea0-ad88-0e4e10338ad2,fd2390ad-93e0-4c92-a245-f8333dd57fa8,c2,c1,1452,e10,?,
1768857298.0331068,SENT,a548b832-86e5-4768-ad23-647fd2a63cc0,9030ef61-e8eb-4f35-a0e9-411cc471461b,c5,c4,1114,?,x10,
1768857298.0332072,FORWARDED,a548b832-86e5-4768-ad23-647fd2a63cc0,9030ef61-e8eb-4f35-a0e9-411cc471461b,c5,c4,1114,?,x10,
1768857298.1552553,SENT,66b98d10-2890-44fe-a87b-7a08a9281a0a,c4a8bb8f-432a-4343-92ef-ed6f1a6378ba,c5,c3,1104,?,x12,
1768857298.1552925,FORWARDED,66b98d10-2890-44fe-a87b-7a08a9281a0a,c4a8bb8f-432a-4343-92ef-ed6f1a6378ba,c5,c3,1104,?,x12,
1768857298.2547014,SENT,85192594-e9c9-4f8c-8062-6be2a8bcf387,c115afa8-6aa8-4d9b-bccb-0c98cc69886e,c3,c5,1115,?,x2,
1768857298.2556767,FORWARDED,85192594-e9c9-4f8c-8062-6be2a8bcf387,c115afa8-6aa8-4d9b-bccb-0c98cc69886e,c3,c5,1115,?,x2,
1768857298.480891,SENT,530bec5d-ac66-4949-b051-27875debe62e,8c703ac1-0b99-4d4d-9668-def12af9158c,c5,c3,1019,?,x12,
1768857298.4809384,FORWARDED,530bec5d-ac66-4949-b051-27875debe62e,8c703ac1-0b99-4d4d-9668-def12af9158c,c5,c3,1019,?,x12,
1768857298.4846482,SENT,8ceaaae2-8ca4-4a47-8581-67ac143aee73,95b0218e-9779-41ee-8020-7855139a5292,c4,c5,1028,?,x5,
1768857298.484687,FORWARDED,8ceaaae2-8ca4-4a47-8581-67ac143aee73,95b0218e-9779-41ee-8020-7855139a5292,c4,c5,1028,?,x5,
1768857298.5190153,RECEIVED,15e3b9ea-fd6a-4bb8-aff4-092c928c4108,69a36d75-1ab2-40f5-b9d2-9bfa1840cbe1,c4,c5,1443,e1,?,
1768857298.5298617,SENT,b4011275-3ecb-4ea0-ad88-0e4e10338ad2,fd2390ad-93e0-4c92-a245-f8333dd57fa8,c2,c1,1015,?,x2,
1768857298.5299027,FORWARDED,b4011275-3ecb-4ea0-ad88-0e4e10338ad2,fd2390ad-93e0-4c92-a245-f8333dd57fa8,c2,c1,1015,?,x2,
1768857298.5691535,SENT,45e82db9-66f4-4c3c-b50e-06622aa375bc,b69c029e-2ba8-445d-878d-7fedd49caa01,c2,c1,1023,?,x11,
1768857298.569194,FORWARDED,45e82db9-66f4-4c3c-b50e-06622aa375bc,b69c029e-2ba8-445d-878d-7fedd49caa01,c2,c1,1023,?,x11,
1768857298.5898786,RECEIVED,64c3e82f-365e-49e3-90e2-557dfa8991c0,365a76c2-5627-4705-aa56-339057b1a3d0,c1,c2,1572,e6,?,
1768857298.898786,SENT,64c3e82f-365e-49e3-90e2-557dfa8991c0,365a76c2-5627-4705-aa56-339057b1a3d0,c1,c2,1107,?,x6,
1768857298.898829,FORWARDED,64c3e82f-365e-49e3-90e2-557dfa8991c0,365a76c2-5627-4705-aa56-339057b1a3d0,c1,c2,1107,?,x6,
1768857299.0428255,RECEIVED,7ec6b045-be03-4339-90c3-8b100d19c729,b2e1b597-bdb0-438c-8a94-8f7139faf23c,c3,c5,1582,e3,?,
1768857299.1698654,RECEIVED,7ae6c7f9-8952-45dd-90e5-c5b4c9741c36,f93843ae-03af-4f8b-b205-74c38f8aa6c9,c2,c1,1444,e7,?,
1768857299.1971898,SENT,15e3b9ea-fd6a-4bb8-aff4-092c928c4108,69a36d75-1ab2-40f5-b9d2-9bfa1840cbe1,c4,c5,1011,?,x2,
1768857299.1972318,FORWARDED,15e3b9ea-fd6a-4bb8-aff4-092c928c4108,69a36d75-1ab2-40f5-b9d2-9bfa1840cbe1,c4,c5,1011,?,x2,
1768857299.2034109,RECEIVED,26d5c56e-fb64-4810-a1aa-7234f871f30f,0fdaac78-5eb6-4b49-8cbe-b8e5a8b911f9,c1,c2,1585,e12,?,
1768857299.302904,SENT,26d5c56e-fb64-4810-a1aa-7234f871f30f,0fdaac78-5eb6-4b49-8cbe-b8e5a8b911f9,c1,c2,1116,?,x1,
1768857299.3029516,FORWARDED,26d5c56e-fb64-4810-a1aa-7234f871f30f,0fdaac78-5eb6-4b49-8cbe-b8e5a8b911f9,c1,c2,1116,?,x1,
1768857299.3588514,SENT,7ae6c7f9-8952-45dd-90e5-c5b4c9741c36,f93843ae-03af-4f8b-b205-74c38f8aa6c9,c2,c1,1010,?,x5,
1768857299.358894,FORWARDED,7ae6c7f9-8952-45dd-90e5-c5b4c9741c36,f93843ae-03af-4f8b-b205-74c38f8aa6c9,c2,c1,1010,?,x5,
1768857299.407005,RECEIVED,6d2e14d2-a893-4a03-8dc9-c2acfdda021c,1eca77e1-cc75-4254-a147-ce6f237d2214,c1,c5,1455,e5,?,
1768857299.5148103,RECEIVED,dfe499d1-5a32-46aa-ab15-e8671907a389,64c002a2-8ad0-410f-b017-8d33477ae231,c3,c5,1463,e11,?,
1768857299.9697716,RECEIVED,ca4b7bce-9e18-4ddb-9b4e-ead1fbe2829f,7c180fd4-97d3-4048-a521-d225c8ffa185,c3,c5,1584,e2,?,
1768857299.9744537,SENT,6d2e14d2-a893-4a03-8dc9-c2acfdda021c,1eca77e1-cc75-4254-a147-ce6f237d2214,c1,c5,1018,?,x4,
1768857299.9745023,FORWARDED,6d2e14d2-a893-4a03-8dc9-c2acfdda021c,1eca77e1-cc75-4254-a147-ce6f237d2214,c1,c5,1018,?,x4,
1768857299.9824848,RECEIVED,38640d93-17a5-498a-ac6d-cff690f3a08a,a8e3427b-01e1-443b-bd47-ba8899ad2bf2,c2,c1,1458,e5,?,
1768857299.9833477,RECEIVED,29ec116a-7985-42d4-983a-8ee5b2b2a05c,7f563b42-5990-4a97-b0b0-d138b0fc8515,c2,c1,1456,e10,?,
1768857300.0663881,SENT,38640d93-17a5-498a-ac6d-cff690f3a08a,a8e3427b-01e1-443b-bd47-ba8899ad2bf2,c2,c1,1019,?,x11,
1768857300.0664299,FORWARDED,38640d93-17a5-498a-ac6d-cff690f3a08a,a8e3427b-01e1-443b-bd47-ba8899ad2bf2,c2,c1,1019,?,x11,
1768857300.068295,SENT,29ec116a-7985-42d4-983a-8ee5b2b2a05c,7f563b42-5990-4a97-b0b0-d138b0fc8515,c2,c1,1019,?,x8,
1768857300.0683353,FORWARDED,29ec116a-7985-42d4-983a-8ee5b2b2a05c,7f563b42-5990-4a97-b0b0-d138b0fc8515,c2,c1,1019,?,x8,
1768857300.070858,SENT,dfe499d1-5a32-46aa-ab15-e8671907a389,64c002a2-8ad0-410f-b017-8d33477ae231,c3,c5,1024,?,x3,
1768857300.0708969,FORWARDED,dfe499d1-5a32-46aa-ab15-e8671907a389,64c002a2-8ad0-410f-b017-8d33477ae231,c3,c5,1024,?,x3,
1768857300.4277604,SENT,7ec6b045-be03-4339-90c3-8b100d19c729,b2e1b597-bdb0-438c-8a94-8f7139faf23c,c3,c5,1115,?,x4,
1768857300.4278026,FORWARDED,7ec6b045-be03-4339-90c3-8b100d19c729,b2e1b597-bdb0-438c-8a94-8f7139faf23c,c3,c5,1115,?,x4,
1768857300.4334555,RECEIVED,7073df26-62b4-49c1-9982-05519bfa9688,e23472a1-8297-4978-9f5b-8a94cf0ce91a,c2,c1,1460,e1,?,
1768857300.4551437,RECEIVED,9f4c653e-af53-4a27-9f4e-585a3d1af1ba,550efdf3-96ed-41e5-9a8b-f97334a5ac94,c5,c3,1452,e8,?,
1768857300.4576397,SENT,ca4b7bce-9e18-4ddb-9b4e-ead1fbe2829f,7c180fd4-97d3-4048-a521-d225c8ffa185,c3,c5,1115,?,x4,
1768857300.4576788,FORWARDED,ca4b7bce-9e18-4ddb-9b4e-ead1fbe2829f,7c180fd4-97d3-4048-a521-d225c8ffa185,c3,c5,1115,?,x4,
1768857300.4852152,SENT,7073df26-62b4-49c1-9982-05519bfa9688,e23472a1-8297-4978-9f5b-8a94cf0ce91a,c2,c1,1023,?,x3,
1768857300.4852638,FORWARDED,7073df26-62b4-49c1-9982-05519bfa9688,e23472a1-8297-4978-9f5b-8a94cf0ce91a,c2,c1,1023,?,x3,
1768857300.665464,SENT,9f4c653e-af53-4a27-9f4e-585a3d1af1ba,550efdf3-96ed-41e5-9a8b-f97334a5ac94,c5,c3,1016,?,x7,
1768857300.6655135,FORWARDED,9f4c653e-af53-4a27-9f4e-585a3d1af1ba,550efdf3-96ed-41e5-9a8b-f97334a5ac94,c5,c3,1016,?,x7,
1768857300.6775742,RECEIVED,9c0095df-5635-4085-9431-e72d9b0b54e5,5826444b-5eb6-4f6b-bcc1-3e9b8cef2eec,c4,DROP,441,x1,?,
1768857300.7219858,RECEIVED,079c4251-ab26-4451-8f47-d13f6f81c762,68309e86-b548-4cc7-bbec-881e1cf93d4c,c4,c5,1460,e12,?,
1768857300.8430371,SENT,079c4251-ab26-4451-8f47-d13f6f81c762,68309e86-b548-4cc7-bbec-881e1cf93d4c,c4,c5,1023,?,x8,
1768857300.8430893,FORWARDED,079c4251-ab26-4451-8f47-d13f6f81c762,68309e86-b548-4cc7-bbec-881e1cf93d4c,c4,c5,1023,?,x8,
1768857301.2660341,RECEIVED,3f065ef2-dcaf-4fdb-9d15-54937c103598,85d89344-4366-400a-b67d-80cde7fb5caa,c4,c5,1459,e1,?,
1768857301.36484,RECEIVED,71575da5-2b3a-4f42-9ad1-cdd1e87800c6,7ef2a6dc-8e0e-433b-982b-bc29101bf06e,c5,c3,1450,e1,?,
1768857301.3736727,RECEIVED,8c4eb98c-50dd-4fe3-ba4b-c516e5228cc5,c3c12ea3-7483-4d08-b67c-cfaf1ae14a82,c1,c5,1459,e5,?,
1768857301.4867623,RECEIVED,c2079022-b759-4684-9da2-e886ccca22ba,04a6eefd-911a-446e-87fb-b6a578d0c256,c5,c3,1456,e12,?,
1768857301.65603,RECEIVED,8a9745f9-7e6d-4e02-8245-ffdfbbfbe9f0,062913c4-b91a-4b2b-96eb-b9c0e63d58f3,c2,c1,1451,e5,?,
1768857301.8609295,SENT,8a9745f9-7e6d-4e02-8245-ffdfbbfbe9f0,062913c4-b91a-4b2b-96eb-b9c0e63d58f3,c2,c1,1016,?,x7,
1768857301.8609705,FORWARDED,8a9745f9-7e6d-4e02-8245-ffdfbbfbe9f0,062913c4-b91a-4b2b-96eb-b9c0e63d58f3,c2,c1,1016,?,x7,
1768857302.0339048,SENT,3f065ef2-dcaf-4fdb-9d15-54937c103598,85d89344-4366-400a-b67d-80cde7fb5caa,c4,c5,1021,?,x2,
1768857302.0339458,FORWARDED,3f065ef2-dcaf-4fdb-9d15-54937c103598,85d89344-4366-400a-b67d-80cde7fb5caa,c4,c5,1021,?,x2,
1768857302.1078973,RECEIVED,20b4aac0-9abc-45ac-8c6d-1f18acbebd15,a76d18bf-f0b7-42a3-a0d7-3067f738a2d3,c5,c4,1583,e4,?,
1768857302.200833,RECEIVED,000628a1-6d47-4332-bf6a-5383c008af8a,ac6b872f-8fae-489d-b24b-67a959204b13,c1,c2,1589,e5,?,
1768857302.229884,RECEIVED,33d96b3f-f799-44f9-af58-28c3cef2198b,15d90b44-1476-4315-886f-fc278033d5f0,c5,c3,1444,e8,?,
1768857302.2720735,SENT,c2079022-b759-4684-9da2-e886ccca22ba,04a6eefd-911a-446e-87fb-b6a578d0c256,c5,c3,1020,?,x11,
1768857302.2721162,FORWARDED,c2079022-b759-4684-9da2-e886ccca22ba,04a6eefd-911a-446e-87fb-b6a578d0c256,c5,c3,1020,?,x11,
1768857302.313537,SENT,33d96b3f-f799-44f9-af58-28c3cef2198b,15d90b44-1476-4315-886f-fc278033d5f0,c5,c3,1011,?,x7,
1768857302.3135772,FORWARDED,33d96b3f-f799-44f9-af58-28c3cef2198b,15d90b44-1476-4315-886f-fc278033d5f0,c5,c3,1011,?,x7,
1768857302.3570917,SENT,8c4eb98c-50dd-4fe3-ba4b-c516e5228cc5,c3c12ea3-7483-4d08-b67c-cfaf1ae14a82,c1,c5,1023,?,x6,
1768857302.357133,FORWARDED,8c4eb98c-50dd-4fe3-ba4b-c516e5228cc5,c3c12ea3-7483-4d08-b67c-cfaf1ae14a82,c1,c5,1023,?,x6,
1768857302.376076,SENT,71575da5-2b3a-4f42-9ad1-cdd1e87800c6,7ef2a6dc-8e0e-433b-982b-bc29101bf06e,c5,c3,1016,?,x7,
1768857302.3761249,FORWARDED,71575da5-2b3a-4f42-9ad1-cdd1e87800c6,7ef2a6dc-8e0e-433b-982b-bc29101bf06e,c5,c3,1016,?,x7,
1768857302.4838748,SENT,000628a1-6d47-4332-bf6a-5383c008af8a,ac6b872f-8fae-489d-b24b-67a959204b13,c1,c2,1117,?,x12,
1768857302.483916,FORWARDED,000628a1-6d47-4332-bf6a-5383c008af8a,ac6b872f-8fae-489d-b24b-67a959204b13,c1,c2,1117,?,x12,
1768857302.658764,SENT,20b4aac0-9abc-45ac-8c6d-1f18acbebd15,a76d18bf-f0b7-42a3-a0d7-3067f738a2d3,c5,c4,1115,?,x8,
1768857302.6588066,FORWARDED,20b4aac0-9abc-45ac-8c6d-1f18acbebd15,a76d18bf-f0b7-42a3-a0d7-3067f738a2d3,c5,c4,1115,?,x8,
1768857302.6870823,RECEIVED,756fef8f-b488-4ff1-ba90-77fe189c9c53,e4f705e9-c854-4041-b9ec-9901730751e2,c5,c1,1568,e2,?,
1768857302.8869832,SENT,756fef8f-b488-4ff1-ba90-77fe189c9c53,e4f705e9-c854-4041-b9ec-9901730751e2,c5,c1,1104,?,x5,
1768857302.8870249,FORWARDED,756fef8f-b488-4ff1-ba90-77fe189c9c53,e4f705e9-c854-4041-b9ec-9901730751e2,c5,c1,1104,?,x5,
1768857302.9068627,RECEIVED,5e2a5069-4d4f-49b3-b0e6-fe8f7c3b6fa2,45bd2c98-5539-437f-8039-d66bc905c8eb,c5,c3,1459,e3,?,
1768857302.9487438,RECEIVED,44707c23-6209-4f84-a903-a22a2385d30c,724a23b9-54e8-4d0d-bd50-05dfe1ae39c4,c3,c5,1451,e4,?,
1768857302.9647877,RECEIVED,648825b8-49fa-449b-a584-8adcc6383706,90c6cf3d-41f8-4611-88a0-1c98932e650b,c1,c5,1444,e2,?,
1768857303.014102,RECEIVED,6e2fb9b0-10ca-44ae-971c-f5674619d391,b1c3a695-e5bd-436d-95b7-e0b79ffea60f,c1,c5,1457,e7,?,
1768857303.0233393,RECEIVED,89d42ed5-a345-4011-ad79-524eb39f66f5,ab962678-2faf-4d07-b9db-c7fc5f6ee292,c4,c5,1460,e1,?,
1768857303.0329363,SENT,648825b8-49fa-449b-a584-8adcc6383706,90c6cf3d-41f8-4611-88a0-1c98932e650b,c1,c5,1010,?,x6,
1768857303.032978,FORWARDED,648825b8-49fa-449b-a584-8adcc6383706,90c6cf3d-41f8-4611-88a0-1c98932e650b,c1,c5,1010,?,x6,
1768857303.2239892,SENT,44707c23-6209-4f84-a903-a22a2385d30c,724a23b9-54e8-4d0d-bd50-05dfe1ae39c4,c3,c5,1016,?,x6,
1768857303.2240868,FORWARDED,44707c23-6209-4f84-a903-a22a2385d30c,724a23b9-54e8-4d0d-bd50-05dfe1ae39c4,c3,c5,1016,?,x6,
1768857303.2342055,SENT,89d42ed5-a345-4011-ad79-524eb39f66f5,ab962678-2faf-4d07-b9db-c7fc5f6ee292,c4,c5,1022,?,x4,
1768857303.2343566,FORWARDED,89d42ed5-a345-4011-ad79-524eb39f66f5,ab962678-2faf-4d07-b9db-c7fc5f6ee292,c4,c5,1022,?,x4,
1768857303.2482338,RECEIVED,abc5c0d4-fc9b-4c0a-82ee-402a4f7e5889,d052fd02-4c2f-44f9-a761-9fa9596c2e27,c1,DROP,1019,e11,?,
1768857303.2852752,RECEIVED,03c8f8d4-0b61-4feb-a6e1-620b67b87698,46defdf2-db0b-4cc6-bc57-2cde04ef55b5,c3,c5,1581,e3,?,
1768857303.3858702,SENT,abc5c0d4-fc9b-4c0a-82ee-402a4f7e5889,d052fd02-4c2f-44f9-a761-9fa9596c2e27,c1,DROP,693,?,x5,
1768857303.3859153,FORWARDED,abc5c0d4-fc9b-4c0a-82ee-402a4f7e5889,d052fd02-4c2f-44f9-a761-9fa9596c2e27,c1,DROP,693,?,x5,
1768857303.4252393,SENT,03c8f8d4-0b61-4feb-a6e1-620b67b87698,46defdf2-db0b-4cc6-bc57-2cde04ef55b5,c3,c5,1111,?,x12,
1768857303.4252896,FORWARDED,03c8f8d4-0b61-4feb-a6e1-620b67b87698,46defdf2-db0b-4cc6-bc57-2cde04ef55b5,c3,c5,1111,?,x12,
1768857303.4715223,SENT,6e2fb9b0-10ca-44ae-971c-f5674619d391,b1c3a695-e5bd-436d-95b7-e0b79ffea60f,c1,c5,1020,?,x10,
1768857303.4715729,FORWARDED,6e2fb9b0-10ca-44ae-971c-f5674619d391,b1c3a695-e5bd-436d-95b7-e0b79ffea60f,c1,c5,1020,?,x10,
1768857303.5957315,RECEIVED,7994ceac-4a04-4315-b6b4-8f3871ab0415,644fb7a3-e3dc-4372-a500-49167e48e0a5,c4,c5,1452,e11,?,
1768857303.6320145,SENT,5e2a5069-4d4f-49b3-b0e6-fe8f7c3b6fa2,45bd2c98-5539-437f-8039-d66bc905c8eb,c5,c3,1023,?,x4,
1768857303.6320677,FORWARDED,5e2a5069-4d4f-49b3-b0e6-fe8f7c3b6fa2,45bd2c98-5539-437f-8039-d66bc905c8eb,c5,c3,1023,?,x4,
1768857303.6405122,RECEIVED,11692b5e-8c88-4fcd-a09e-abbc0f88c13e,6bc668e8-9d74-47fd-863a-83e3636cf377,c5,c4,1584,e3,?,
1768857303.6481035,RECEIVED,4a12e594-d183-4f73-843b-04ff64b3de81,2be246b2-ee1a-4747-96ce-5f0452075a0f,c3,c5,1584,e8,?,
1768857303.7158985,RECEIVED,2aa0da1d-ed26-4722-baa7-8c5a9bd1fc9a,a5e5a1fa-417d-4e23-82bc-e17c0145a76d,c1,c2,1584,e6,?,
1768857303.7355452,SENT,11692b5e-8c88-4fcd-a09e-abbc0f88c13e,6bc668e8-9d74-47fd-863a-83e3636cf377,c5,c4,1116,?,x8,
1768857303.7355843,FORWARDED,11692b5e-8c88-4fcd-a09e-abbc0f88c13e,6bc668e8-9d74-47fd-863a-83e3636cf377,c5,c4,1116,?,x8,
1768857303.7462344,RECEIVED,2595738a-18e3-465e-b061-e58b7f04c6e2,6b3b72c2-f11e-40be-bd9f-1da5f67eae08,c5,c4,1571,e8,?,
1768857303.9486876,SENT,4a12e594-d183-4f73-843b-04ff64b3de81,2be246b2-ee1a-4747-96ce-5f0452075a0f,c3,c5,1115,?,x4,
1768857303.9488382,FORWARDED,4a12e594-d183-4f73-843b-04ff64b3de81,2be246b2-ee1a-4747-96ce-5f0452075a0f,c3,c5,1115,?,x4,
1768857304.0896451,SENT,7994ceac-4a04-4315-b6b4-8f3871ab0415,644fb7a3-e3dc-4372-a500-49167e48e0a5,c4,c5,1015,?,x2,
1768857304.089685,FORWARDED,7994ceac-4a04-4315-b6b4-8f3871ab0415,644fb7a3-e3dc-4372-a500-49167e48e0a5,c4,c5,1015,?,x2,
1768857304.1179597,SENT,2aa0da1d-ed26-4722-baa7-8c5a9bd1fc9a,a5e5a1fa-417d-4e23-82bc-e17c0145a76d,c1,c2,1116,?,x12,
1768857304.1180012,FORWARDED,2aa0da1d-ed26-4722-baa7-8c5a9bd1fc9a,a5e5a1fa-417d-4e23-82bc-e17c0145a76d,c1,c2,1116,?,x12,
1768857304.3050687,RECEIVED,11e220c0-56d4-48f5-a4f2-5bd21c6fc0a7,c2fd1779-d9bc-4b01-8f1d-0d1eab388ca8,c2,c1,1455,e1,?,
1768857304.472995,SENT,2595738a-18e3-465e-b061-e58b7f04c6e2,6b3b72c2-f11e-40be-bd9f-1da5f67eae08,c5,c4,1107,?,x1,
1768857304.4730628,FORWARDED,2595738a-18e3-465e-b061-e58b7f04c6e2,6b3b72c2-f11e-40be-bd9f-1da5f67eae08,c5,c4,1107,?,x1,
1768857304.5014446,RECEIVED,c451f28e-e9db-4bd9-9948-b60929e35518,3985bbbe-e373-4412-86b4-e7bb585b1577,c5,c3,1455,e2,?,
1768857304.716389,RECEIVED,6d66f861-f301-46ba-845d-41b3887ac3a7,ca495e4d-f904-49f7-a870-94bf896d625d,c3,c5,1584,e7,?,
1768857304.797178,SENT,6d66f861-f301-46ba-845d-41b3887ac3a7,ca495e4d-f904-49f7-a870-94bf896d625d,c3,c5,1115,?,x6,
1768857304.7972236,FORWARDED,6d66f861-f301-46ba-845d-41b3887ac3a7,ca495e4d-f904-49f7-a870-94bf896d625d,c3,c5,1115,?,x6,
1768857305.217001,SENT,11e220c0-56d4-48f5-a4f2-5bd21c6fc0a7,c2fd1779-d9bc-4b01-8f1d-0d1eab388ca8,c2,c1,1020,?,x3,
1768857305.2170439,FORWARDED,11e220c0-56d4-48f5-a4f2-5bd21c6fc0a7,c2fd1779-d9bc-4b01-8f1d-0d1eab388ca8,c2,c1,1020,?,x3,
1768857305.3166518,RECEIVED,03f171a8-0f54-43ad-abb7-a99ed5283cfe,6c7ddd5e-93ce-4cac-b527-db57a597c1ed,c1,c5,1444,e6,?,
1768857305.3575387,RECEIVED,69a1a675-0006-477a-8948-c9256f2e88ec,39dab114-3b36-4d0f-a286-b2126d95f934,c5,c1,1583,e2,?,
1768857305.4590056,SENT,03f171a8-0f54-43ad-abb7-a99ed5283cfe,6c7ddd5e-93ce-4cac-b527-db57a597c1ed,c1,c5,1011,?,x2,
1768857305.4590633,FORWARDED,03f171a8-0f54-43ad-abb7-a99ed5283cfe,6c7ddd5e-93ce-4cac-b527-db57a597c1ed,c1,c5,1011,?,x2,
1768857305.6243544,RECEIVED,5a24f210-c35c-43b1-810c-6d0c8bf79761,8c3a1951-e4b4-46b4-ba77-6000a34fe3c7,c3,c5,1588,e12,?,
1768857305.6483164,SENT,69a1a675-0006-477a-8948-c9256f2e88ec,39dab114-3b36-4d0f-a286-b2126d95f934,c5,c1,1114,?,x3,
1768857305.6483598,FORWARDED,69a1a675-0006-477a-8948-c9256f2e88ec,39dab114-3b36-4d0f-a286-b2126d95f934,c5,c1,1114,?,x3,
1768857305.6858714,RECEIVED,9a8cc18b-ff4f-4e06-985d-4eda172c16b1,a81c0239-5b9f-491c-a483-fab4002d6bf2,c5,c4,1581,e11,?,
1768857305.7401361,RECEIVED,97975c0e-1d7a-4313-883c-f9a0a04819f1,acefadae-13f5-43c6-bf4a-7b361a96a985,c5,c1,1585,e8,?,
1768857305.7503262,SENT,9a8cc18b-ff4f-4e06-985d-4eda172c16b1,a81c0239-5b9f-491c-a483-fab4002d6bf2,c5,c4,1111,?,x1,
1768857305.750377,FORWARDED,9a8cc18b-ff4f-4e06-985d-4eda172c16b1,a81c0239-5b9f-491c-a483-fab4002d6bf2,c5,c4,1111,?,x1,
1768857305.9037695,RECEIVED,c698dc7d-15b6-4474-9a58-f44a74c0a4ec,5e319bbd-6721-4bb1-892b-4eda4921d133,c2,DROP,1007,e8,?,
1768857305.9240217,SENT,97975c0e-1d7a-4313-883c-f9a0a04819f1,acefadae-13f5-43c6-bf4a-7b361a96a985,c5,c1,1115,?,x11,
1768857305.9240756,FORWARDED,97975c0e-1d7a-4313-883c-f9a0a04819f1,acefadae-13f5-43c6-bf4a-7b361a96a985,c5,c1,1115,?,x11,
1768857306.1166086,SENT,5a24f210-c35c-43b1-810c-6d0c8bf79761,8c3a1951-e4b4-46b4-ba77-6000a34fe3c7,c3,c5,1117,?,x10,
1768857306.1166527,FORWARDED,5a24f210-c35c-43b1-810c-6d0c8bf79761,8c3a1951-e4b4-46b4-ba77-6000a34fe3c7,c3,c5,1117,?,x10,
1768857306.151749,RECEIVED,237f3ead-1b65-4d80-b81f-213ca77dc068,12ee9eac-545c-465f-9228-c0f728b91ed2,c3,c5,1456,e11,?,
1768857306.1733172,RECEIVED,0880ca34-1ae6-4520-b8d7-a61c2bd4d740,7457e84f-ba56-4ce3-9006-e80df7e77ab0,c2,c1,1455,e7,?,
1768857306.2268677,RECEIVED,c88e3070-dd3b-43c6-9688-3664b580753d,52887540-51b2-4ec0-818d-cd734408a4d6,c3,c5,1572,e8,?,
1768857306.2448173,RECEIVED,b8d160fc-3410-4d62-acd9-8211c5686bcd,3cdc913f-e050-4fa9-a5d2-9c5766cd9b51,c2,c1,1464,e11,?,
1768857306.3352594,SENT,c88e3070-dd3b-43c6-9688-3664b580753d,52887540-51b2-4ec0-818d-cd734408a4d6,c3,c5,1107,?,x4,
1768857306.3353014,FORWARDED,c88e3070-dd3b-43c6-9688-3664b580753d,52887540-51b2-4ec0-818d-cd734408a4d6,c3,c5,1107,?,x4,
1768857306.4405692,SENT,237f3ead-1b65-4d80-b81f-213ca77dc068,12ee9eac-545c-465f-9228-c0f728b91ed2,c3,c5,1019,?,x9,
1768857306.4406116,FORWARDED,237f3ead-1b65-4d80-b81f-213ca77dc068,12ee9eac-545c-465f-9228-c0f728b91ed2,c3,c5,1019,?,x9,
1768857306.4519494,RECEIVED,4ff6e06f-9f5d-4cf2-9a3b-21c89fd49d27,cbab9bfc-7a98-48d9-bea8-9c595a06d691,c5,c4,1583,e7,?,
1768857306.503952,SENT,c451f28e-e9db-4bd9-9948-b60929e35518,3985bbbe-e373-4412-86b4-e7bb585b1577,c5,c3,1018,?,x6,
1768857306.5041652,FORWARDED,c451f28e-e9db-4bd9-9948-b60929e35518,3985bbbe-e373-4412-86b4-e7bb585b1577,c5,c3,1018,?,x6,
1768857306.666821,SENT,c698dc7d-15b6-4474-9a58-f44a74c0a4ec,5e319bbd-6721-4bb1-892b-4eda4921d133,c2,DROP,684,?,x3,
1768857306.6668634,FORWARDED,c698dc7d-15b6-4474-9a58-f44a74c0a4ec,5e319bbd-6721-4bb1-892b-4eda4921d133,c2,DROP,684,?,x3,
1768857306.7622862,RECEIVED,436217a9-a31c-4c87-9285-de87aef0dfc0,83698419-b6d9-4785-85b1-6bae691ee24c,c5,c3,1576,e8,?,
1768857306.926355,SENT,436217a9-a31c-4c87-9285-de87aef0dfc0,83698419-b6d9-4785-85b1-6bae691ee24c,c5,c3,1110,?,x7,
1768857306.926397,FORWARDED,436217a9-a31c-4c87-9285-de87aef0dfc0,83698419-b6d9-4785-85b1-6bae691ee24c,c5,c3,1110,?,x7,
1768857307.0957363,RECEIVED,d6ce1fc4-ca46-4dac-90d8-70cfd1b14fff,8e2ca146-e02a-4869-b3ba-273682e79b9a,c1,c2,1584,e8,?,
1768857307.1551812,SENT,4ff6e06f-9f5d-4cf2-9a3b-21c89fd49d27,cbab9bfc-7a98-48d9-bea8-9c595a06d691,c5,c4,1116,?,x3,
1768857307.1552153,FORWARDED,4ff6e06f-9f5d-4cf2-9a3b-21c89fd49d27,cbab9bfc-7a98-48d9-bea8-9c595a06d691,c5,c4,1116,?,x3,
1768857307.1756358,RECEIVED,d16768e7-2a6f-4db7-8fda-1b788472ad0c,d4cfbf75-9d45-4c41-83f0-f1a230b75564,c3,c5,1583,e12,?,
1768857307.4925768,RECEIVED,1b0bfd21-e053-4a35-a5e8-f292a35ddc07,bf8a54ba-3c14-4518-8ce0-0ef0875f9950,c3,c5,1455,e6,?,
1768857307.5328503,SENT,d16768e7-2a6f-4db7-8fda-1b788472ad0c,d4cfbf75-9d45-4c41-83f0-f1a230b75564,c3,c5,1116,?,x1,
1768857307.5328922,FORWARDED,d16768e7-2a6f-4db7-8fda-1b788472ad0c,d4cfbf75-9d45-4c41-83f0-f1a230b75564,c3,c5,1116,?,x1,
1768857307.6045709,SENT,0880ca34-1ae6-4520-b8d7-a61c2bd4d740,7457e84f-ba56-4ce3-9006-e80df7e77ab0,c2,c1,1020,?,x8,
1768857307.6046133,FORWARDED,0880ca34-1ae6-4520-b8d7-a61c2bd4d740,7457e84f-ba56-4ce3-9006-e80df7e77ab0,c2,c1,1020,?,x8,
1768857307.6377964,SENT,b8d160fc-3410-4d62-acd9-8211c5686bcd,3cdc913f-e050-4fa9-a5d2-9c5766cd9b51,c2,c1,1024,?,x10,
1768857307.6378381,FORWARDED,b8d160fc-3410-4d62-acd9-8211c5686bcd,3cdc913f-e050-4fa9-a5d2-9c5766cd9b51,c2,c1,1024,?,x10,
1768857307.6989813,RECEIVED,2a6db0e5-44df-447b-9ad6-f816ed94ddba,54b506ff-83ee-4744-8f4e-f28d3c5c8894,c2,c1,1451,e5,?,
1768857307.8233426,SENT,1b0bfd21-e053-4a35-a5e8-f292a35ddc07,bf8a54ba-3c14-4518-8ce0-0ef0875f9950,c3,c5,1019,?,x10,
1768857307.8236618,FORWARDED,1b0bfd21-e053-4a35-a5e8-f292a35ddc07,bf8a54ba-3c14-4518-8ce0-0ef0875f9950,c3,c5,1019,?,x10,
1768857307.843132,RECEIVED,b5a09eaf-4075-468a-beb5-e9ced8c86f11,e6e8cddd-eac7-430e-9715-442080036e65,c3,c5,1447,e4,?,
1768857307.9092574,RECEIVED,863854ee-2683-47da-8a81-1786286249b2,fbdbf360-9330-4b7d-bf14-bbdadb337f8d,c3,c5,1569,e4,?,
1768857307.9969218,RECEIVED,86ca3230-7012-41f4-bd4d-116d65265432,e4c1cba7-64aa-4495-8436-8ff1581609c6,c5,c3,1468,e11,?,
1768857308.0705576,RECEIVED,2926290d-eba1-46c0-a664-4fdfebb234f2,1ba7776a-83a2-4ded-a557-82b0fcfce12d,c2,c1,1443,e7,?,
1768857308.077673,SENT,d6ce1fc4-ca46-4dac-90d8-70cfd1b14fff,8e2ca146-e02a-4869-b3ba-273682e79b9a,c1,c2,1115,?,x11,
1768857308.0778356,FORWARDED,d6ce1fc4-ca46-4dac-90d8-70cfd1b14fff,8e2ca146-e02a-4869-b3ba-273682e79b9a,c1,c2,1115,?,x11,
1768857308.1448278,RECEIVED,36a120a4-d4da-4ee5-8451-feb653249b2e,82dd0e9d-7c4e-4a4e-aed3-c20e0940157e,c5,c1,1581,e1,?,
1768857308.1450188,SENT,2a6db0e5-44df-447b-9ad6-f816ed94ddba,54b506ff-83ee-4744-8f4e-f28d3c5c8894,c2,c1,1016,?,x6,
1768857308.1453104,FORWARDED,2a6db0e5-44df-447b-9ad6-f816ed94ddba,54b506ff-83ee-4744-8f4e-f28d3c5c8894,c2,c1,1016,?,x6,
1768857308.2643704,SENT,86ca3230-7012-41f4-bd4d-116d65265432,e4c1cba7-64aa-4495-8436-8ff1581609c6,c5,c3,1028,?,x12,
1768857308.2644212,FORWARDED,86ca3230-7012-41f4-bd4d-116d65265432,e4c1cba7-64aa-4495-8436-8ff1581609c6,c5,c3,1028,?,x12,
1768857308.4095228,SENT,b5a09eaf-4075-468a-beb5-e9ced8c86f11,e6e8cddd-eac7-430e-9715-442080036e65,c3,c5,1012,?,x5,
1768857308.4095645,FORWARDED,b5a09eaf-4075-468a-beb5-e9ced8c86f11,e6e8cddd-eac7-430e-9715-442080036e65,c3,c5,1012,?,x5,
1768857308.4226093,SENT,2926290d-eba1-46c0-a664-4fdfebb234f2,1ba7776a-83a2-4ded-a557-82b0fcfce12d,c2,c1,1011,?,x5,
1768857308.422651,FORWARDED,2926290d-eba1-46c0-a664-4fdfebb234f2,1ba7776a-83a2-4ded-a557-82b0fcfce12d,c2,c1,1011,?,x5,
1768857308.4848034,RECEIVED,e56e3344-2eaf-4f92-adc7-105f20214deb,29dbf517-c673-45e2-ac1e-848d32e4dad7,c4,c5,1455,e5,?,
1768857308.7006776,RECEIVED,5bda33b1-8cf4-426a-a60d-cc97140b6822,3ebce191-0dae-4806-8a12-401eaab3c3f9,c5,c1,1579,e5,?,
1768857308.702138,SENT,863854ee-2683-47da-8a81-1786286249b2,fbdbf360-9330-4b7d-bf14-bbdadb337f8d,c3,c5,1106,?,x3,
1768857308.70218,FORWARDED,863854ee-2683-47da-8a81-1786286249b2,fbdbf360-9330-4b7d-bf14-bbdadb337f8d,c3,c5,1106,?,x3,
1768857308.7645504,RECEIVED,fbb466f4-b33e-4304-8acd-99083b684c2f,9918e2aa-e8d9-4abf-981a-af7554c5eb70,c3,c5,1575,e1,?,
1768857308.9401195,RECEIVED,6bb5df78-da6c-408b-8f35-882be57aa6af,33a8851f-66a4-4cf9-9423-475cf5b70c32,c2,c1,1456,e4,?,
1768857308.9927716,SENT,e56e3344-2eaf-4f92-adc7-105f20214deb,29dbf517-c673-45e2-ac1e-848d32e4dad7,c4,c5,1020,?,x6,
1768857308.9928145,FORWARDED,e56e3344-2eaf-4f92-adc7-105f20214deb,29dbf517-c673-45e2-ac1e-848d32e4dad7,c4,c5,1020,?,x6,
1768857309.0976496,RECEIVED,0f252991-45be-488d-932d-78baaf20057d,34e01eb5-b045-4e3a-b90e-519746ac99f5,c3,c5,1585,e10,?,
1768857309.1957102,SENT,0f252991-45be-488d-932d-78baaf20057d,34e01eb5-b045-4e3a-b90e-519746ac99f5,c3,c5,1115,?,x4,
1768857309.1957605,FORWARDED,0f252991-45be-488d-932d-78baaf20057d,34e01eb5-b045-4e3a-b90e-519746ac99f5,c3,c5,1115,?,x4,
1768857309.1982327,SENT,6bb5df78-da6c-408b-8f35-882be57aa6af,33a8851f-66a4-4cf9-9423-475cf5b70c32,c2,c1,1020,?,x8,
1768857309.1982725,FORWARDED,6bb5df78-da6c-408b-8f35-882be57aa6af,33a8851f-66a4-4cf9-9423-475cf5b70c32,c2,c1,1020,?,x8,
1768857309.3064122,SENT,36a120a4-d4da-4ee5-8451-feb653249b2e,82dd0e9d-7c4e-4a4e-aed3-c20e0940157e,c5,c1,1115,?,x2,
1768857309.3064542,FORWARDED,36a120a4-d4da-4ee5-8451-feb653249b2e,82dd0e9d-7c4e-4a4e-aed3-c20e0940157e,c5,c1,1115,?,x2,
1768857309.3799994,SENT,5bda33b1-8cf4-426a-a60d-cc97140b6822,3ebce191-0dae-4806-8a12-401eaab3c3f9,c5,c1,1111,?,x3,
1768857309.3801088,FORWARDED,5bda33b1-8cf4-426a-a60d-cc97140b6822,3ebce191-0dae-4806-8a12-401eaab3c3f9,c5,c1,1111,?,x3,
1768857309.6472254,SENT,fbb466f4-b33e-4304-8acd-99083b684c2f,9918e2aa-e8d9-4abf-981a-af7554c5eb70,c3,c5,1110,?,x4,
1768857309.6472678,FORWARDED,fbb466f4-b33e-4304-8acd-99083b684c2f,9918e2aa-e8d9-4abf-981a-af7554c5eb70,c3,c5,1110,?,x4,
1768857309.8035464,RECEIVED,38d35166-00d0-49bf-a97c-81b3515942f8,c727ef38-8ca6-4921-b911-c14a85d9d6ef,c4,c5,1457,e1,?,
1768857309.9613369,SENT,38d35166-00d0-49bf-a97c-81b3515942f8,c727ef38-8ca6-4921-b911-c14a85d9d6ef,c4,c5,1019,?,x11,
1768857309.961378,FORWARDED,38d35166-00d0-49bf-a97c-81b3515942f8,c727ef38-8ca6-4921-b911-c14a85d9d6ef,c4,c5,1019,?,x11,
1768857310.073818,RECEIVED,26f5999d-0d83-4b6d-ad43-94048a156912,36df4838-885a-4e4f-9808-cc7f4381cf30,c1,c5,1463,e3,?,
1768857310.3072805,RECEIVED,aff4ac56-a268-4774-95fe-8f2012f2b305,437b4995-1bc9-4bfb-ae57-4b202e17fc0c,c1,c5,1459,e11,?,
1768857310.659697,SENT,26f5999d-0d83-4b6d-ad43-94048a156912,36df4838-885a-4e4f-9808-cc7f4381cf30,c1,c5,1024,?,x8,
1768857310.65974,FORWARDED,26f5999d-0d83-4b6d-ad43-94048a156912,36df4838-885a-4e4f-9808-cc7f4381cf30,c1,c5,1024,?,x8,
1768857310.6717324,RECEIVED,1c9fd6dd-a36e-42bd-a9a2-8024509b6970,8898af35-aa55-4af5-8bcb-3fb6f69a2088,c5,c3,1580,e1,?,
1768857310.7697093,SENT,1c9fd6dd-a36e-42bd-a9a2-8024509b6970,8898af35-aa55-4af5-8bcb-3fb6f69a2088,c5,c3,1112,?,x7,
1768857310.7697597,FORWARDED,1c9fd6dd-a36e-42bd-a9a2-8024509b6970,8898af35-aa55-4af5-8bcb-3fb6f69a2088,c5,c3,1112,?,x7,
1768857310.780749,RECEIVED,f2ff00d1-261e-4469-b248-b52d4ea8f501,c4dcdfe1-59f3-49f6-bac5-2d2a4ef30ac0,c3,DROP,1003,e3,?,
1768857311.069102,SENT,f2ff00d1-261e-4469-b248-b52d4ea8f501,c4dcdfe1-59f3-49f6-bac5-2d2a4ef30ac0,c3,DROP,679,?,x6,
1768857311.0691438,FORWARDED,f2ff00d1-261e-4469-b248-b52d4ea8f501,c4dcdfe1-59f3-49f6-bac5-2d2a4ef30ac0,c3,DROP,679,?,x6,
1768857311.528218,SENT,aff4ac56-a268-4774-95fe-8f2012f2b305,437b4995-1bc9-4bfb-ae57-4b202e17fc0c,c1,c5,1023,?,x9,
1768857311.5282607,FORWARDED,aff4ac56-a268-4774-95fe-8f2012f2b305,437b4995-1bc9-4bfb-ae57-4b202e17fc0c,c1,c5,1023,?,x9,
1768857311.860846,RECEIVED,f56467f0-9e58-44ec-8036-a4e156528c0b,68769b81-f729-47e6-b79b-7c9d44ed77c3,c5,c1,1566,e1,?,
1768857311.8799586,RECEIVED,9522c4ee-c70d-4ad8-9732-cc13a655b008,87b9eabe-8153-404b-83b6-6a97943dd61e,c5,c3,1583,e3,?,
1768857312.0792158,RECEIVED,b6793d5e-be41-43eb-994d-e1a544421d12,254d10df-2ac0-410a-b434-447fb4747b96,c5,c1,1580,e3,?,
1768857312.1283896,SENT,9522c4ee-c70d-4ad8-9732-cc13a655b008,87b9eabe-8153-404b-83b6-6a97943dd61e,c5,c3,1115,?,x2,
1768857312.1284297,FORWARDED,9522c4ee-c70d-4ad8-9732-cc13a655b008,87b9eabe-8153-404b-83b6-6a97943dd61e,c5,c3,1115,?,x2,
1768857312.6320293,RECEIVED,913b0a35-b95c-413e-b7a9-acc05c6949fa,ce3ef76a-372d-41ca-9a07-fa72c19d24de,c1,c2,1567,e10,?,
1768857312.6651623,SENT,f56467f0-9e58-44ec-8036-a4e156528c0b,68769b81-f729-47e6-b79b-7c9d44ed77c3,c5,c1,1103,?,x9,
1768857312.6651993,FORWARDED,f56467f0-9e58-44ec-8036-a4e156528c0b,68769b81-f729-47e6-b79b-7c9d44ed77c3,c5,c1,1103,?,x9,
1768857313.037278,RECEIVED,20d86d40-b380-4c8b-8224-4eb2fdee9b07,e2855d97-b659-4b3a-8b1a-9ac44b9574c2,c2,c1,1452,e6,?,
1768857313.0509636,RECEIVED,440f8461-93a9-4058-82a9-407ca93200e0,a4cf1d84-792b-4b30-aa5a-3c901c9b74a1,c4,DROP,1019,e11,?,
1768857313.1136653,SENT,20d86d40-b380-4c8b-8224-4eb2fdee9b07,e2855d97-b659-4b3a-8b1a-9ac44b9574c2,c2,c1,1016,?,x7,
1768857313.1137078,FORWARDED,20d86d40-b380-4c8b-8224-4eb2fdee9b07,e2855d97-b659-4b3a-8b1a-9ac44b9574c2,c2,c1,1016,?,x7,
1768857313.1722834,SENT,913b0a35-b95c-413e-b7a9-acc05c6949fa,ce3ef76a-372d-41ca-9a07-fa72c19d24de,c1,c2,1103,?,x6,
1768857313.1726437,FORWARDED,913b0a35-b95c-413e-b7a9-acc05c6949fa,ce3ef76a-372d-41ca-9a07-fa72c19d24de,c1,c2,1103,?,x6,
1768857313.3501158,SENT,b6793d5e-be41-43eb-994d-e1a544421d12,254d10df-2ac0-410a-b434-447fb4747b96,c5,c1,1111,?,x12,
1768857313.3501594,FORWARDED,b6793d5e-be41-43eb-994d-e1a544421d12,254d10df-2ac0-410a-b434-447fb4747b96,c5,c1,1111,?,x12,
1768857313.6591287,RECEIVED,bc98e5cb-e927-4e94-9f2c-f81699c42a9c,aeffcdb0-442d-4ff5-92ab-ac7dc39a1ce0,c2,c1,1456,e7,?,
1768857313.755581,SENT,bc98e5cb-e927-4e94-9f2c-f81699c42a9c,aeffcdb0-442d-4ff5-92ab-ac7dc39a1ce0,c2,c1,1020,?,x5,
1768857313.7556312,FORWARDED,bc98e5cb-e927-4e94-9f2c-f81699c42a9c,aeffcdb0-442d-4ff5-92ab-ac7dc39a1ce0,c2,c1,1020,?,x5,
1768857313.859391,RECEIVED,05a29817-9eb7-4094-8889-ef0a9d3be899,44137a2d-5b88-4f88-882b-efc6e9cbe746,c5,c1,1583,e6,?,
1768857313.888248,RECEIVED,05428021-2716-4d47-a00e-78f01a0083e5,2c30daf3-99e8-423b-be25-955c354487aa,c5,c3,1567,e3,?,
1768857313.9690711,SENT,440f8461-93a9-4058-82a9-407ca93200e0,a4cf1d84-792b-4b30-aa5a-3c901c9b74a1,c4,DROP,692,?,x2,
1768857313.969109,FORWARDED,440f8461-93a9-4058-82a9-407ca93200e0,a4cf1d84-792b-4b30-aa5a-3c901c9b74a1,c4,DROP,692,?,x2,
1768857314.148635,RECEIVED,753eb3dc-c631-47a1-99e3-0b0279fa5194,aeb09605-bbde-452e-a0bc-35b60229724a,c1,c2,1585,e5,?,
1768857314.4797676,SENT,753eb3dc-c631-47a1-99e3-0b0279fa5194,aeb09605-bbde-452e-a0bc-35b60229724a,c1,c2,1116,?,x10,
1768857314.4798098,FORWARDED,753eb3dc-c631-47a1-99e3-0b0279fa5194,aeb09605-bbde-452e-a0bc-35b60229724a,c1,c2,1116,?,x10,
1768857314.5904686,SENT,05428021-2716-4d47-a00e-78f01a0083e5,2c30daf3-99e8-423b-be25-955c354487aa,c5,c3,1104,?,x7,
1768857314.5905085,FORWARDED,05428021-2716-4d47-a00e-78f01a0083e5,2c30daf3-99e8-423b-be25-955c354487aa,c5,c3,1104,?,x7,
1768857314.7633624,SENT,05a29817-9eb7-4094-8889-ef0a9d3be899,44137a2d-5b88-4f88-882b-efc6e9cbe746,c5,c1,1116,?,x7,
1768857314.7634022,FORWARDED,05a29817-9eb7-4094-8889-ef0a9d3be899,44137a2d-5b88-4f88-882b-efc6e9cbe746,c5,c1,1116,?,x7,
1768857315.4135358,RECEIVED,21194d53-f08a-4b9d-aebf-d37ed95c9871,a300ff23-aa47-4c2a-8f35-dc3439372140,c3,c5,1464,e12,?,
1768857315.4483032,RECEIVED,6c49fb13-b6fb-415f-8aa9-29596a6ffa85,726d7d9d-4d73-4442-83f8-07d4706b2011,c3,c5,1455,e8,?,
1768857315.6567678,SENT,21194d53-f08a-4b9d-aebf-d37ed95c9871,a300ff23-aa47-4c2a-8f35-dc3439372140,c3,c5,1024,?,x3,
1768857315.6568098,FORWARDED,21194d53-f08a-4b9d-aebf-d37ed95c9871,a300ff23-aa47-4c2a-8f35-dc3439372140,c3,c5,1024,?,x3,
1768857315.6633337,RECEIVED,06134cf2-9ec8-410b-96a6-676c74b60904,f8e53c95-be0f-4001-87da-8c074d438d12,c4,c5,1456,e8,?,
1768857315.9697278,SENT,6c49fb13-b6fb-415f-8aa9-29596a6ffa85,726d7d9d-4d73-4442-83f8-07d4706b2011,c3,c5,1020,?,x1,
1768857315.9697697,FORWARDED,6c49fb13-b6fb-415f-8aa9-29596a6ffa85,726d7d9d-4d73-4442-83f8-07d4706b2011,c3,c5,1020,?,x1,
1768857316.4673297,RECEIVED,48910c14-6524-4c2e-9a0b-f49f907f13ec,07e9da67-23cf-4ee1-b906-466047d08c9c,c2,c1,1459,e6,?,
1768857316.5725012,SENT,06134cf2-9ec8-410b-96a6-676c74b60904,f8e53c95-be0f-4001-87da-8c074d438d12,c4,c5,1020,?,x10,
1768857316.5725465,FORWARDED,06134cf2-9ec8-410b-96a6-676c74b60904,f8e53c95-be0f-4001-87da-8c074d438d12,c4,c5,1020,?,x10,
1768857316.7704554,RECEIVED,bc51be5b-a893-4731-9852-47f914ce8d8a,960cc355-2bb2-443c-9840-ae509417683a,c5,c4,1584,e3,?,
1768857316.7803578,SENT,48910c14-6524-4c2e-9a0b-f49f907f13ec,07e9da67-23cf-4ee1-b906-466047d08c9c,c2,c1,1023,?,x5,
1768857316.7804046,FORWARDED,48910c14-6524-4c2e-9a0b-f49f907f13ec,07e9da67-23cf-4ee1-b906-466047d08c9c,c2,c1,1023,?,x5,
1768857316.8706794,RECEIVED,838fd5b7-1707-40a7-90f6-16ae7c119dd8,fb91d2f3-6d32-412f-9639-846dbe738ae8,c5,c3,1585,e3,?,
1768857316.8903115,SENT,838fd5b7-1707-40a7-90f6-16ae7c119dd8,fb91d2f3-6d32-412f-9639-846dbe738ae8,c5,c3,1115,?,x5,
1768857316.8903544,FORWARDED,838fd5b7-1707-40a7-90f6-16ae7c119dd8,fb91d2f3-6d32-412f-9639-846dbe738ae8,c5,c3,1115,?,x5,
1768857316.9204447,RECEIVED,8f3452ee-0804-4c77-b1f8-1daf4697bdbd,0eb382cd-421b-484c-9bb9-955e75dc7fef,c3,c5,1443,e1,?,
1768857316.9831629,RECEIVED,af2471d4-9a09-4d87-8fd2-0569e39626cb,fcc18b9e-6fd3-413e-b5cf-8ec1e2f7d81f,c1,c5,1455,e11,?,
1768857317.101157,RECEIVED,988582a0-9d02-4300-a44a-1a19563ba40e,51c8e227-8236-4c1c-9a61-c8a9a22db0ee,c4,c5,1465,e7,?,
1768857317.195419,SENT,988582a0-9d02-4300-a44a-1a19563ba40e,51c8e227-8236-4c1c-9a61-c8a9a22db0ee,c4,c5,1025,?,x10,
1768857317.1954594,FORWARDED,988582a0-9d02-4300-a44a-1a19563ba40e,51c8e227-8236-4c1c-9a61-c8a9a22db0ee,c4,c5,1025,?,x10,
1768857317.3912559,RECEIVED,da17279e-4b27-4f1f-8d4c-acd06694295c,da7de570-a642-4dc2-9975-002a0fb34306,c5,c3,1584,e5,?,
1768857317.3998222,SENT,bc51be5b-a893-4731-9852-47f914ce8d8a,960cc355-2bb2-443c-9840-ae509417683a,c5,c4,1116,?,x12,
1768857317.3998635,FORWARDED,bc51be5b-a893-4731-9852-47f914ce8d8a,960cc355-2bb2-443c-9840-ae509417683a,c5,c4,1116,?,x12,
1768857317.434479,SENT,da17279e-4b27-4f1f-8d4c-acd06694295c,da7de570-a642-4dc2-9975-002a0fb34306,c5,c3,1115,?,x2,
1768857317.4345229,FORWARDED,da17279e-4b27-4f1f-8d4c-acd06694295c,da7de570-a642-4dc2-9975-002a0fb34306,c5,c3,1115,?,x2,
1768857317.6972315,SENT,8f3452ee-0804-4c77-b1f8-1daf4697bdbd,0eb382cd-421b-484c-9bb9-955e75dc7fef,c3,c5,1010,?,x6,
1768857317.6972723,FORWARDED,8f3452ee-0804-4c77-b1f8-1daf4697bdbd,0eb382cd-421b-484c-9bb9-955e75dc7fef,c3,c5,1010,?,x6,
1768857317.8232336,RECEIVED,8ba3f151-3f1c-4e2f-a44f-437507b3d33f,199397b0-ddd7-4667-8079-9279d98081a7,c5,DROP,1011,e2,?,
1768857317.9018385,SENT,8ba3f151-3f1c-4e2f-a44f-437507b3d33f,199397b0-ddd7-4667-8079-9279d98081a7,c5,DROP,683,?,x12,
1768857317.9018815,FORWARDED,8ba3f151-3f1c-4e2f-a44f-437507b3d33f,199397b0-ddd7-4667-8079-9279d98081a7,c5,DROP,683,?,x12,
1768857317.9571986,RECEIVED,146562a4-def8-41fe-b1e2-df8409dfb820,47950172-ffa9-4190-8436-7cad7e3f85e1,c2,c1,1455,e5,?,
1768857317.9926398,RECEIVED,06739e43-e32f-459d-8d91-a08b2d8e93aa,163bbb57-d7fc-4683-9496-9e1d1ca927d7,c2,DROP,1019,e5,?,
1768857318.1146803,RECEIVED,439c4564-5995-4394-ab58-cb956dfce68d,09366305-31f3-411a-9ed2-4c928781501d,c3,DROP,1008,e5,?,
1768857318.1335242,RECEIVED,8a332875-baa3-494d-ae8e-5457584a92ed,8ebf34f7-d974-4194-b8ea-1b4663d17f4f,c2,DROP,1021,e11,?,
1768857318.1859784,RECEIVED,f434624c-1ee9-4a94-a938-dcb56cc10650,0f9409af-7217-410a-948f-675069c16803,c5,c1,1592,e3,?,
1768857318.1976976,SENT,8a332875-baa3-494d-ae8e-5457584a92ed,8ebf34f7-d974-4194-b8ea-1b4663d17f4f,c2,DROP,692,?,x1,
1768857318.1977408,FORWARDED,8a332875-baa3-494d-ae8e-5457584a92ed,8ebf34f7-d974-4194-b8ea-1b4663d17f4f,c2,DROP,692,?,x1,
1768857318.1994321,SENT,af2471d4-9a09-4d87-8fd2-0569e39626cb,fcc18b9e-6fd3-413e-b5cf-8ec1e2f7d81f,c1,c5,1020,?,x2,
1768857318.1994727,FORWARDED,af2471d4-9a09-4d87-8fd2-0569e39626cb,fcc18b9e-6fd3-413e-b5cf-8ec1e2f7d81f,c1,c5,1020,?,x2,
1768857318.2454484,SENT,f434624c-1ee9-4a94-a938-dcb56cc10650,0f9409af-7217-410a-948f-675069c16803,c5,c1,1120,?,x7,
1768857318.2454894,FORWARDED,f434624c-1ee9-4a94-a938-dcb56cc10650,0f9409af-7217-410a-948f-675069c16803,c5,c1,1120,?,x7,
1768857318.2568977,SENT,439c4564-5995-4394-ab58-cb956dfce68d,09366305-31f3-411a-9ed2-4c928781501d,c3,DROP,684,?,x5,
1768857318.2569406,FORWARDED,439c4564-5995-4394-ab58-cb956dfce68d,09366305-31f3-411a-9ed2-4c928781501d,c3,DROP,684,?,x5,
1768857318.471026,RECEIVED,137c1d2a-7c79-4bf4-8efe-f2da1da74761,6c65e503-1376-40a5-b59d-4f30a42607ca,c2,c1,1456,e3,?,
1768857318.54086,RECEIVED,6dba208c-4f03-4a23-a1e1-34402182a1be,a1f30790-5812-4cd1-832f-64116d8702b4,c1,c2,1584,e10,?,
1768857318.5892437,SENT,137c1d2a-7c79-4bf4-8efe-f2da1da74761,6c65e503-1376-40a5-b59d-4f30a42607ca,c2,c1,1019,?,x6,
1768857318.5892868,FORWARDED,137c1d2a-7c79-4bf4-8efe-f2da1da74761,6c65e503-1376-40a5-b59d-4f30a42607ca,c2,c1,1019,?,x6,
1768857318.5987926,SENT,06739e43-e32f-459d-8d91-a08b2d8e93aa,163bbb57-d7fc-4683-9496-9e1d1ca927d7,c2,DROP,692,?,x10,
1768857318.5988393,FORWARDED,06739e43-e32f-459d-8d91-a08b2d8e93aa,163bbb57-d7fc-4683-9496-9e1d1ca927d7,c2,DROP,692,?,x10,
1768857318.6849308,RECEIVED,ee530466-6cc5-442b-a29d-ff5f1a98aa0a,bd3fa830-6ae1-494a-a0c2-659a53c9c3c5,c5,c3,1582,e7,?,
1768857319.0352952,SENT,6dba208c-4f03-4a23-a1e1-34402182a1be,a1f30790-5812-4cd1-832f-64116d8702b4,c1,c2,1116,?,x5,
1768857319.035336,FORWARDED,6dba208c-4f03-4a23-a1e1-34402182a1be,a1f30790-5812-4cd1-832f-64116d8702b4,c1,c2,1116,?,x5,
1768857319.1839626,RECEIVED,9d12ece5-c784-4c68-b038-2ab17ce929ba,a200fcd7-9af8-4177-aaee-45c7ae8bf8d6,c1,c5,1464,e10,?,
1768857319.3109562,RECEIVED,db79cb26-307a-4d92-be36-2b7f378bc408,4b3e0cb9-f8e5-4736-b519-0dc302e92404,c1,c2,1583,e10,?,
1768857319.5195854,SENT,9d12ece5-c784-4c68-b038-2ab17ce929ba,a200fcd7-9af8-4177-aaee-45c7ae8bf8d6,c1,c5,1024,?,x11,
1768857319.519647,FORWARDED,9d12ece5-c784-4c68-b038-2ab17ce929ba,a200fcd7-9af8-4177-aaee-45c7ae8bf8d6,c1,c5,1024,?,x11,
1768857319.6990817,SENT,146562a4-def8-41fe-b1e2-df8409dfb820,47950172-ffa9-4190-8436-7cad7e3f85e1,c2,c1,1018,?,x9,
1768857319.6991181,FORWARDED,146562a4-def8-41fe-b1e2-df8409dfb820,47950172-ffa9-4190-8436-7cad7e3f85e1,c2,c1,1018,?,x9,
1768857319.710795,SENT,ee530466-6cc5-442b-a29d-ff5f1a98aa0a,bd3fa830-6ae1-494a-a0c2-659a53c9c3c5,c5,c3,1115,?,x6,
1768857319.7108374,FORWARDED,ee530466-6cc5-442b-a29d-ff5f1a98aa0a,bd3fa830-6ae1-494a-a0c2-659a53c9c3c5,c5,c3,1115,?,x6,
1768857319.758036,RECEIVED,08637db2-7d87-4585-ac14-b16679236317,be9bc77a-9665-4caa-a515-bc45cec71340,c4,c5,1451,e1,?,
1768857319.9258285,SENT,08637db2-7d87-4585-ac14-b16679236317,be9bc77a-9665-4caa-a515-bc45cec71340,c4,c5,1015,?,x3,
1768857319.9258704,FORWARDED,08637db2-7d87-4585-ac14-b16679236317,be9bc77a-9665-4caa-a515-bc45cec71340,c4,c5,1015,?,x3,
1768857319.9535167,RECEIVED,6cf1ee86-c692-4040-9794-5a29622bc821,66215fd0-e4fe-4544-b80f-c5a0c6848987,c5,c3,1454,e5,?,
1768857320.0275252,SENT,6cf1ee86-c692-4040-9794-5a29622bc821,66215fd0-e4fe-4544-b80f-c5a0c6848987,c5,c3,1015,?,x10,
1768857320.0275676,FORWARDED,6cf1ee86-c692-4040-9794-5a29622bc821,66215fd0-e4fe-4544-b80f-c5a0c6848987,c5,c3,1015,?,x10,
1768857320.151865,SENT,db79cb26-307a-4d92-be36-2b7f378bc408,4b3e0cb9-f8e5-4736-b519-0dc302e92404,c1,c2,1115,?,x5,
1768857320.1519048,FORWARDED,db79cb26-307a-4d92-be36-2b7f378bc408,4b3e0cb9-f8e5-4736-b519-0dc302e92404,c1,c2,1115,?,x5,
1768857320.2953482,RECEIVED,d8439152-3340-4ff5-8ff4-2274e14e4aad,3ed6a4ac-a1c8-47a6-886b-d3dbf5890572,c5,c3,1460,e6,?,
1768857320.5371175,SENT,d8439152-3340-4ff5-8ff4-2274e14e4aad,3ed6a4ac-a1c8-47a6-886b-d3dbf5890572,c5,c3,1022,?,x1,
1768857320.537162,FORWARDED,d8439152-3340-4ff5-8ff4-2274e14e4aad,3ed6a4ac-a1c8-47a6-886b-d3dbf5890572,c5,c3,1022,?,x1,
1768857320.63023,RECEIVED,9e471940-6ba3-481e-b775-517d2fb3079e,09a3cdfd-b2ce-47ab-abea-c85bd787eb37,c3,c5,1443,e8,?,
1768857320.859458,RECEIVED,f40cb85f-bffa-4b04-9ce9-b1e170fec2d9,3c823ff9-7648-445d-a76a-cc3fa8f486a7,c1,c5,1463,e10,?,
1768857320.9117954,SENT,9e471940-6ba3-481e-b775-517d2fb3079e,09a3cdfd-b2ce-47ab-abea-c85bd787eb37,c3,c5,1011,?,x5,
1768857320.9118388,FORWARDED,9e471940-6ba3-481e-b775-517d2fb3079e,09a3cdfd-b2ce-47ab-abea-c85bd787eb37,c3,c5,1011,?,x5,
1768857321.2624757,RECEIVED,2b5868b6-a8ff-43a0-8508-6679a3058b76,1ad70e23-a707-4166-b699-fe4c86699cd0,c3,c5,1582,e11,?,
1768857321.4311333,SENT,f40cb85f-bffa-4b04-9ce9-b1e170fec2d9,3c823ff9-7648-445d-a76a-cc3fa8f486a7,c1,c5,1024,?,x7,
1768857321.4311717,FORWARDED,f40cb85f-bffa-4b04-9ce9-b1e170fec2d9,3c823ff9-7648-445d-a76a-cc3fa8f486a7,c1,c5,1024,?,x7,
1768857321.4400907,RECEIVED,5a57b9f1-358b-408a-8561-130fe4e764af,275cba72-bb9e-4221-a55e-0c5d8d6a55fe,c5,c3,1586,e10,?,
1768857321.484143,RECEIVED,de3f8aec-814b-42df-a080-69e1367e2f84,9bf9cf9c-6e3b-43a3-b39d-9b989236df2a,c2,c1,1456,e12,?,
1768857321.5339346,SENT,5a57b9f1-358b-408a-8561-130fe4e764af,275cba72-bb9e-4221-a55e-0c5d8d6a55fe,c5,c3,1116,?,x12,
1768857321.5339763,FORWARDED,5a57b9f1-358b-408a-8561-130fe4e764af,275cba72-bb9e-4221-a55e-0c5d8d6a55fe,c5,c3,1116,?,x12,
1768857321.5667164,SENT,de3f8aec-814b-42df-a080-69e1367e2f84,9bf9cf9c-6e3b-43a3-b39d-9b989236df2a,c2,c1,1019,?,x3,
1768857321.566765,FORWARDED,de3f8aec-814b-42df-a080-69e1367e2f84,9bf9cf9c-6e3b-43a3-b39d-9b989236df2a,c2,c1,1019,?,x3,
1768857321.6234112,RECEIVED,8cff52ce-f14d-483c-ba19-2c3372e4f5ec,da75d6f8-5619-489d-84ee-4dd244c2b14a,c1,c5,1463,e6,?,
1768857321.8950322,RECEIVED,dec4da6c-06c2-482d-a875-eeeebe6cc81f,7bba8ae2-b91d-4471-bbfc-2b59a4f466d9,c5,c4,1585,e12,?,
1768857322.0092063,SENT,2b5868b6-a8ff-43a0-8508-6679a3058b76,1ad70e23-a707-4166-b699-fe4c86699cd0,c3,c5,1116,?,x4,
1768857322.009246,FORWARDED,2b5868b6-a8ff-43a0-8508-6679a3058b76,1ad70e23-a707-4166-b699-fe4c86699cd0,c3,c5,1116,?,x4,
1768857322.1179993,SENT,dec4da6c-06c2-482d-a875-eeeebe6cc81f,7bba8ae2-b91d-4471-bbfc-2b59a4f466d9,c5,c4,1115,?,x12,
1768857322.1180415,FORWARDED,dec4da6c-06c2-482d-a875-eeeebe6cc81f,7bba8ae2-b91d-4471-bbfc-2b59a4f466d9,c5,c4,1115,?,x12,
1768857322.1286988,RECEIVED,d9cabaf5-f833-406d-985d-f058b8cef627,553f9e39-ac7d-4ea9-aa65-bfc23bdb46d3,c5,c3,1454,e10,?,
1768857322.2190003,SENT,d9cabaf5-f833-406d-985d-f058b8cef627,553f9e39-ac7d-4ea9-aa65-bfc23bdb46d3,c5,c3,1015,?,x3,
1768857322.2190416,FORWARDED,d9cabaf5-f833-406d-985d-f058b8cef627,553f9e39-ac7d-4ea9-aa65-bfc23bdb46d3,c5,c3,1015,?,x3,
1768857322.2243996,SENT,8cff52ce-f14d-483c-ba19-2c3372e4f5ec,da75d6f8-5619-489d-84ee-4dd244c2b14a,c1,c5,1024,?,x5,
1768857322.2244542,FORWARDED,8cff52ce-f14d-483c-ba19-2c3372e4f5ec,da75d6f8-5619-489d-84ee-4dd244c2b14a,c1,c5,1024,?,x5,
1768857322.2654278,RECEIVED,7e4bb229-24ce-42c4-802a-f4af6a324b5f,4522ceef-6784-4709-b41d-63560c4f733d,c1,c2,1588,e5,?,
1768857322.4821224,RECEIVED,bb7d1041-60d5-4495-8490-db7b16501b13,ca2d827a-0faa-4746-bbbf-fe74f2205636,c5,c1,1583,e11,?,
1768857322.4886818,RECEIVED,5cb749a2-ccc5-4795-ac7a-950bd0d0e903,7f1816ea-77b7-40f6-84c5-6e418bfcd3e4,c5,c4,1568,e5,?,
1768857322.6630056,SENT,5cb749a2-ccc5-4795-ac7a-950bd0d0e903,7f1816ea-77b7-40f6-84c5-6e418bfcd3e4,c5,c4,1103,?,x6,
1768857322.6630633,FORWARDED,5cb749a2-ccc5-4795-ac7a-950bd0d0e903,7f1816ea-77b7-40f6-84c5-6e418bfcd3e4,c5,c4,1103,?,x6,
1768857322.7325308,RECEIVED,57851ab3-36d6-49df-b32c-6014a5bf3fc0,9054a04d-0a6f-412d-a3f3-f3db05145dbb,c2,DROP,1007,e7,?,
1768857322.8159935,RECEIVED,dc558bce-eb37-4e35-a90d-a5b02a41c027,815eb488-2802-496e-aced-99888857d9fa,c5,c1,1587,e12,?,
1768857323.0245638,SENT,bb7d1041-60d5-4495-8490-db7b16501b13,ca2d827a-0faa-4746-bbbf-fe74f2205636,c5,c1,1115,?,x3,
1768857323.0246458,FORWARDED,bb7d1041-60d5-4495-8490-db7b16501b13,ca2d827a-0faa-4746-bbbf-fe74f2205636,c5,c1,1115,?,x3,
1768857323.0545378,SENT,dc558bce-eb37-4e35-a90d-a5b02a41c027,815eb488-2802-496e-aced-99888857d9fa,c5,c1,1117,?,x2,
1768857323.0545785,FORWARDED,dc558bce-eb37-4e35-a90d-a5b02a41c027,815eb488-2802-496e-aced-99888857d9fa,c5,c1,1117,?,x2,
1768857323.1190257,RECEIVED,f7906844-dfce-4c76-b32a-bcc7ed56c148,9c33ca05-3afe-46e7-b8a0-bfae5db2d261,c1,c5,1463,e12,?,
1768857323.1582408,SENT,7e4bb229-24ce-42c4-802a-f4af6a324b5f,4522ceef-6784-4709-b41d-63560c4f733d,c1,c2,1117,?,x12,
1768857323.1582823,FORWARDED,7e4bb229-24ce-42c4-802a-f4af6a324b5f,4522ceef-6784-4709-b41d-63560c4f733d,c1,c2,1117,?,x12,
1768857323.2388713,SENT,57851ab3-36d6-49df-b32c-6014a5bf3fc0,9054a04d-0a6f-412d-a3f3-f3db05145dbb,c2,DROP,684,?,x6,
1768857323.2389123,FORWARDED,57851ab3-36d6-49df-b32c-6014a5bf3fc0,9054a04d-0a6f-412d-a3f3-f3db05145dbb,c2,DROP,684,?,x6,
1768857323.545299,SENT,f7906844-dfce-4c76-b32a-bcc7ed56c148,9c33ca05-3afe-46e7-b8a0-bfae5db2d261,c1,c5,1025,?,x9,
1768857323.5453427,FORWARDED,f7906844-dfce-4c76-b32a-bcc7ed56c148,9c33ca05-3afe-46e7-b8a0-bfae5db2d261,c1,c5,1025,?,x9,
1768857324.4508178,RECEIVED,649ca553-8171-4fb7-9e6e-3262cb555339,a58948f8-7ef8-45e0-881f-969d6086008b,c3,c5,1448,e6,?,
1768857324.580596,SENT,649ca553-8171-4fb7-9e6e-3262cb555339,a58948f8-7ef8-45e0-881f-969d6086008b,c3,c5,1013,?,x9,
1768857324.5806396,FORWARDED,649ca553-8171-4fb7-9e6e-3262cb555339,a58948f8-7ef8-45e0-881f-969d6086008b,c3,c5,1013,?,x9,
1768857324.6128657,RECEIVED,fc98b142-81a9-46e9-bc1f-2deae44bd599,e7ad2d48-a7ae-4c0d-97f5-69e8f96af778,c3,c5,1583,e10,?,
1768857324.673816,RECEIVED,b59dab23-430b-46f1-a6db-29a949da2576,91f4d296-c975-40f8-9de3-ce642d1cd4f3,c5,c3,1452,e3,?,
1768857324.745897,RECEIVED,1a07c172-2600-4c48-89c5-4709aa576ad7,145445cf-8054-43a8-a42c-711f6101d9e1,c2,c1,1449,e8,?,
1768857324.82352,SENT,1a07c172-2600-4c48-89c5-4709aa576ad7,145445cf-8054-43a8-a42c-711f6101d9e1,c2,c1,1012,?,x3,
1768857324.8235574,FORWARDED,1a07c172-2600-4c48-89c5-4709aa576ad7,145445cf-8054-43a8-a42c-711f6101d9e1,c2,c1,1012,?,x3,
1768857324.8523178,SENT,b59dab23-430b-46f1-a6db-29a949da2576,91f4d296-c975-40f8-9de3-ce642d1cd4f3,c5,c3,1015,?,x4,
1768857324.852358,FORWARDED,b59dab23-430b-46f1-a6db-29a949da2576,91f4d296-c975-40f8-9de3-ce642d1cd4f3,c5,c3,1015,?,x4,
1768857324.9980226,RECEIVED,94dacfc7-c5d1-4cbb-bb3b-4857b0d8fc6c,a5539d68-d25c-418e-ba26-ec098cc761ee,c5,c3,1460,e4,?,
1768857325.0184863,RECEIVED,4607f5ea-0502-4a36-9aa7-ee86fbea224d,76597c04-8d3d-4960-8ab7-c6631cc26139,c1,c2,1583,e2,?,
1768857325.0646377,SENT,94dacfc7-c5d1-4cbb-bb3b-4857b0d8fc6c,a5539d68-d25c-418e-ba26-ec098cc761ee,c5,c3,1023,?,x7,
1768857325.0646825,FORWARDED,94dacfc7-c5d1-4cbb-bb3b-4857b0d8fc6c,a5539d68-d25c-418e-ba26-ec098cc761ee,c5,c3,1023,?,x7,
1768857325.1045434,RECEIVED,d2766673-57e5-41d2-80cb-53e8d1bf359c,6bd785ae-c1c6-410c-9b46-1c8534e2acd2,c5,c1,1582,e11,?,
1768857325.169123,SENT,d2766673-57e5-41d2-80cb-53e8d1bf359c,6bd785ae-c1c6-410c-9b46-1c8534e2acd2,c5,c1,1111,?,x5,
1768857325.169167,FORWARDED,d2766673-57e5-41d2-80cb-53e8d1bf359c,6bd785ae-c1c6-410c-9b46-1c8534e2acd2,c5,c1,1111,?,x5,
1768857325.2566125,SENT,4607f5ea-0502-4a36-9aa7-ee86fbea224d,76597c04-8d3d-4960-8ab7-c6631cc26139,c1,c2,1116,?,x2,
1768857325.2566547,FORWARDED,4607f5ea-0502-4a36-9aa7-ee86fbea224d,76597c04-8d3d-4960-8ab7-c6631cc26139,c1,c2,1116,?,x2,
1768857325.39931,RECEIVED,9e339ef0-ca3d-4ed1-85e2-3dc6d8d2d651,5b003641-cdb1-4e6a-b393-e3307fa3cbb9,c5,c3,1443,e5,?,
1768857325.4674644,RECEIVED,67e922b4-4f01-479d-90a8-234735069604,6808d942-30db-4cd4-bd23-4bf487885a14,c4,c5,1460,e10,?,
1768857325.6616654,RECEIVED,cc3c4018-1f69-4c64-93aa-83563a97b227,608c9be7-47c7-4e52-b62f-19ec6b81c058,c1,c2,1580,e11,?,
1768857325.6655893,SENT,67e922b4-4f01-479d-90a8-234735069604,6808d942-30db-4cd4-bd23-4bf487885a14,c4,c5,1022,?,x8,
1768857325.6656396,FORWARDED,67e922b4-4f01-479d-90a8-234735069604,6808d942-30db-4cd4-bd23-4bf487885a14,c4,c5,1022,?,x8,
1768857325.739708,RECEIVED,854dba80-a851-4227-9849-d612a132160b,e689c4c6-c560-4605-95e8-8f200dddb7ee,c3,c5,1454,e10,?,
1768857325.7539928,RECEIVED,00c974bc-81e3-4a55-ae33-103aec2cfe37,3364e395-76f8-4e1c-9db0-66971c6e37f1,c5,c1,1584,e2,?,
1768857325.9189155,RECEIVED,b68a854f-20da-4259-8dd2-0d850a52d7ee,05ffee52-e33a-4f35-adf0-8407e54f48e4,c4,c5,1451,e5,?,
1768857325.9633064,SENT,00c974bc-81e3-4a55-ae33-103aec2cfe37,3364e395-76f8-4e1c-9db0-66971c6e37f1,c5,c1,1114,?,x10,
1768857325.963347,FORWARDED,00c974bc-81e3-4a55-ae33-103aec2cfe37,3364e395-76f8-4e1c-9db0-66971c6e37f1,c5,c1,1114,?,x10,
1768857325.9866652,RECEIVED,ca3c55d3-3ce4-407e-913d-ef7b3b198249,adedc61f-1eee-490a-8b3b-a8904058c1b2,c4,c5,1455,e10,?,
1768857326.017856,SENT,cc3c4018-1f69-4c64-93aa-83563a97b227,608c9be7-47c7-4e52-b62f-19ec6b81c058,c1,c2,1111,?,x5,
1768857326.017898,FORWARDED,cc3c4018-1f69-4c64-93aa-83563a97b227,608c9be7-47c7-4e52-b62f-19ec6b81c058,c1,c2,1111,?,x5,
1768857326.0601895,SENT,fc98b142-81a9-46e9-bc1f-2deae44bd599,e7ad2d48-a7ae-4c0d-97f5-69e8f96af778,c3,c5,1116,?,x2,
1768857326.0602303,FORWARDED,fc98b142-81a9-46e9-bc1f-2deae44bd599,e7ad2d48-a7ae-4c0d-97f5-69e8f96af778,c3,c5,1116,?,x2,
1768857326.1858375,RECEIVED,a95b2cc5-1c0c-406f-8117-8e3066524be1,4750d2ff-36ea-4f63-bca7-5be2b9e0120b,c5,c4,1583,e1,?,
1768857326.4267385,SENT,854dba80-a851-4227-9849-d612a132160b,e689c4c6-c560-4605-95e8-8f200dddb7ee,c3,c5,1020,?,x9,
1768857326.4267814,FORWARDED,854dba80-a851-4227-9849-d612a132160b,e689c4c6-c560-4605-95e8-8f200dddb7ee,c3,c5,1020,?,x9,
1768857326.51606,SENT,b68a854f-20da-4259-8dd2-0d850a52d7ee,05ffee52-e33a-4f35-adf0-8407e54f48e4,c4,c5,1015,?,x3,
1768857326.5161035,FORWARDED,b68a854f-20da-4259-8dd2-0d850a52d7ee,05ffee52-e33a-4f35-adf0-8407e54f48e4,c4,c5,1015,?,x3,
1768857326.5266547,SENT,ca3c55d3-3ce4-407e-913d-ef7b3b198249,adedc61f-1eee-490a-8b3b-a8904058c1b2,c4,c5,1019,?,x6,
1768857326.526697,FORWARDED,ca3c55d3-3ce4-407e-913d-ef7b3b198249,adedc61f-1eee-490a-8b3b-a8904058c1b2,c4,c5,1019,?,x6,
1768857326.5387113,RECEIVED,3fcc0247-11a8-4e2d-b6b2-6ca3b8e95668,38d3de06-b5e5-49ed-b41d-7840a613a944,c2,DROP,441,x6,?,
1768857326.5852737,RECEIVED,98c80a41-f1d7-4f0f-a60c-31a905a72f4c,0b880de7-cead-45ca-aa28-fe51187cc72a,c5,c3,1585,e1,?,
1768857326.6298063,SENT,98c80a41-f1d7-4f0f-a60c-31a905a72f4c,0b880de7-cead-45ca-aa28-fe51187cc72a,c5,c3,1116,?,x4,
1768857326.6298485,FORWARDED,98c80a41-f1d7-4f0f-a60c-31a905a72f4c,0b880de7-cead-45ca-aa28-fe51187cc72a,c5,c3,1116,?,x4,
1768857326.672266,RECEIVED,eae8a897-4cd3-4481-9c1c-4250c43ce600,42f4cc20-4906-4937-ab01-00bf8cc6d757,c5,DROP,1020,e8,?,
1768857326.6769488,RECEIVED,c2610456-5d5d-426a-ba31-638a9a4c6e74,58b26e96-9685-4225-81fd-1ced483481e9,c1,c2,1579,e10,?,
1768857326.7273412,RECEIVED,d998bccb-7ba1-4edf-8a59-c97341238679,53a0c4e7-9808-4116-9488-bab1d59bc643,c1,c5,1441,e1,?,
1768857326.7391438,SENT,d998bccb-7ba1-4edf-8a59-c97341238679,53a0c4e7-9808-4116-9488-bab1d59bc643,c1,c5,1006,?,x9,
1768857326.7392037,FORWARDED,d998bccb-7ba1-4edf-8a59-c97341238679,53a0c4e7-9808-4116-9488-bab1d59bc643,c1,c5,1006,?,x9,
1768857327.1154022,RECEIVED,ddf74ad3-4b18-406c-8434-b178aa8f112a,c42980f6-b9b0-4b59-88ce-39e49055e715,c5,c3,1583,e12,?,
1768857327.317561,RECEIVED,52616bf2-7b62-4efc-9f89-a36f6f2fa71b,ba14c842-530b-4520-ad9f-2dc2b7254cf0,c2,DROP,441,x2,?,
1768857327.3959298,SENT,c2610456-5d5d-426a-ba31-638a9a4c6e74,58b26e96-9685-4225-81fd-1ced483481e9,c1,c2,1111,?,x8,
1768857327.3959725,FORWARDED,c2610456-5d5d-426a-ba31-638a9a4c6e74,58b26e96-9685-4225-81fd-1ced483481e9,c1,c2,1111,?,x8,
1768857327.4512112,RECEIVED,cafd08b0-88f2-4d7a-98ca-8ec4dd303ab7,35d26490-65b0-48df-b833-f920b965ffc6,c5,c3,1444,e6,?,
1768857327.5100238,SENT,eae8a897-4cd3-4481-9c1c-4250c43ce600,42f4cc20-4906-4937-ab01-00bf8cc6d757,c5,DROP,691,?,x12,
1768857327.5100753,FORWARDED,eae8a897-4cd3-4481-9c1c-4250c43ce600,42f4cc20-4906-4937-ab01-00bf8cc6d757,c5,DROP,691,?,x12,
1768857327.526664,SENT,9e339ef0-ca3d-4ed1-85e2-3dc6d8d2d651,5b003641-cdb1-4e6a-b393-e3307fa3cbb9,c5,c3,1011,?,x4,
1768857327.5267065,FORWARDED,9e339ef0-ca3d-4ed1-85e2-3dc6d8d2d651,5b003641-cdb1-4e6a-b393-e3307fa3cbb9,c5,c3,1011,?,x4,
1768857327.5288973,RECEIVED,c9603951-11d2-4aa5-afe1-4442aa060c4b,3bb14f7c-aba0-46a0-beab-5ab4f8496a27,c3,c5,1451,e6,?,
1768857327.5716312,SENT,a95b2cc5-1c0c-406f-8117-8e3066524be1,4750d2ff-36ea-4f63-bca7-5be2b9e0120b,c5,c4,1115,?,x6,
1768857327.571675,FORWARDED,a95b2cc5-1c0c-406f-8117-8e3066524be1,4750d2ff-36ea-4f63-bca7-5be2b9e0120b,c5,c4,1115,?,x6,
1768857327.8811135,SENT,cafd08b0-88f2-4d7a-98ca-8ec4dd303ab7,35d26490-65b0-48df-b833-f920b965ffc6,c5,c3,1011,?,x5,
1768857327.8811939,FORWARDED,cafd08b0-88f2-4d7a-98ca-8ec4dd303ab7,35d26490-65b0-48df-b833-f920b965ffc6,c5,c3,1011,?,x5,
1768857328.0179253,RECEIVED,0aaad4ed-4cc0-4bea-bf44-3aa05d4192ac,4004bdb9-a0fa-47b9-b8ac-23197622a765,c5,c3,1457,e11,?,
1768857328.0791445,RECEIVED,3dc5f542-fa45-4044-aa36-5cbaea01d04c,7345876e-1b4a-4959-8371-cf53d5499e86,c5,c1,1584,e3,?,
1768857328.1947756,SENT,ddf74ad3-4b18-406c-8434-b178aa8f112a,c42980f6-b9b0-4b59-88ce-39e49055e715,c5,c3,1114,?,x1,
1768857328.1948135,FORWARDED,ddf74ad3-4b18-406c-8434-b178aa8f112a,c42980f6-b9b0-4b59-88ce-39e49055e715,c5,c3,1114,?,x1,
1768857328.2620847,SENT,0aaad4ed-4cc0-4bea-bf44-3aa05d4192ac,4004bdb9-a0fa-47b9-b8ac-23197622a765,c5,c3,1020,?,x12,
1768857328.262979,FORWARDED,0aaad4ed-4cc0-4bea-bf44-3aa05d4192ac,4004bdb9-a0fa-47b9-b8ac-23197622a765,c5,c3,1020,?,x12,
1768857328.3091316,SENT,3dc5f542-fa45-4044-aa36-5cbaea01d04c,7345876e-1b4a-4959-8371-cf53d5499e86,c5,c1,1116,?,x12,
1768857328.3091779,FORWARDED,3dc5f542-fa45-4044-aa36-5cbaea01d04c,7345876e-1b4a-4959-8371-cf53d5499e86,c5,c1,1116,?,x12,
1768857328.314784,RECEIVED,3ed96787-5f4a-47ec-aff0-e18d7576ef23,994adaaa-53fd-4a28-86ca-ec1dd12b87a7,c2,c1,1452,e3,?,
1768857328.4804196,RECEIVED,806f53e7-5d9f-4bdc-8aa0-48dee372dba0,40435b2b-0891-444d-92da-691729d0e912,c5,c3,1448,e5,?,
1768857328.4814641,SENT,c9603951-11d2-4aa5-afe1-4442aa060c4b,3bb14f7c-aba0-46a0-beab-5ab4f8496a27,c3,c5,1015,?,x3,
1768857328.4816284,FORWARDED,c9603951-11d2-4aa5-afe1-4442aa060c4b,3bb14f7c-aba0-46a0-beab-5ab4f8496a27,c3,c5,1015,?,x3,
1768857328.5434334,SENT,3ed96787-5f4a-47ec-aff0-e18d7576ef23,994adaaa-53fd-4a28-86ca-ec1dd12b87a7,c2,c1,1015,?,x5,
1768857328.5434756,FORWARDED,3ed96787-5f4a-47ec-aff0-e18d7576ef23,994adaaa-53fd-4a28-86ca-ec1dd12b87a7,c2,c1,1015,?,x5,
1768857328.5684671,RECEIVED,28526536-f194-412c-913e-e975b859b529,3f046733-c658-4a1c-a4e9-b898bec35a52,c1,c2,1567,e1,?,
1768857328.750656,SENT,806f53e7-5d9f-4bdc-8aa0-48dee372dba0,40435b2b-0891-444d-92da-691729d0e912,c5,c3,1012,?,x4,
1768857328.7506905,FORWARDED,806f53e7-5d9f-4bdc-8aa0-48dee372dba0,40435b2b-0891-444d-92da-691729d0e912,c5,c3,1012,?,x4,
1768857328.8414733,RECEIVED,2c42f7c9-bd13-47ff-b87e-aa1fde136875,cf382bb5-1fc4-4e29-bb8e-25fc2d77c79a,c2,c1,1455,e6,?,
1768857328.8415806,RECEIVED,d0d6763b-56ff-402d-9ce9-bb9c0767e3be,b89ee99c-d67d-4fed-83e1-401d6f77fd65,c5,c4,1578,e1,?,
1768857329.0746086,SENT,2c42f7c9-bd13-47ff-b87e-aa1fde136875,cf382bb5-1fc4-4e29-bb8e-25fc2d77c79a,c2,c1,1018,?,x1,
1768857329.0746503,FORWARDED,2c42f7c9-bd13-47ff-b87e-aa1fde136875,cf382bb5-1fc4-4e29-bb8e-25fc2d77c79a,c2,c1,1018,?,x1,
1768857329.088436,SENT,28526536-f194-412c-913e-e975b859b529,3f046733-c658-4a1c-a4e9-b898bec35a52,c1,c2,1103,?,x5,
1768857329.088479,FORWARDED,28526536-f194-412c-913e-e975b859b529,3f046733-c658-4a1c-a4e9-b898bec35a52,c1,c2,1103,?,x5,
1768857329.213003,RECEIVED,64003a55-a673-4c32-abba-168856c92c91,be24be34-8178-4e37-8473-2a991a7592d8,c4,c5,1460,e1,?,
1768857329.2141285,RECEIVED,51e2e8da-d9c9-4206-bbe2-2e7761b6ca8e,1b326938-e70a-4aef-bc9b-376f49c10470,c3,c5,1583,e2,?,
1768857329.5306656,SENT,d0d6763b-56ff-402d-9ce9-bb9c0767e3be,b89ee99c-d67d-4fed-83e1-401d6f77fd65,c5,c4,1111,?,x8,
1768857329.5307095,FORWARDED,d0d6763b-56ff-402d-9ce9-bb9c0767e3be,b89ee99c-d67d-4fed-83e1-401d6f77fd65,c5,c4,1111,?,x8,
1768857329.5969188,SENT,64003a55-a673-4c32-abba-168856c92c91,be24be34-8178-4e37-8473-2a991a7592d8,c4,c5,1021,?,x5,
1768857329.596967,FORWARDED,64003a55-a673-4c32-abba-168856c92c91,be24be34-8178-4e37-8473-2a991a7592d8,c4,c5,1021,?,x5,
1768857329.816815,RECEIVED,dc6763ec-683c-4892-864f-0482d5f85a35,a73aa334-40a3-4489-96ab-53103cd4e093,c5,c3,1443,e4,?,
1768857329.8491704,SENT,51e2e8da-d9c9-4206-bbe2-2e7761b6ca8e,1b326938-e70a-4aef-bc9b-376f49c10470,c3,c5,1115,?,x9,
1768857329.8495073,FORWARDED,51e2e8da-d9c9-4206-bbe2-2e7761b6ca8e,1b326938-e70a-4aef-bc9b-376f49c10470,c3,c5,1115,?,x9,
1768857330.0420232,RECEIVED,f108940f-72a3-440c-a216-afcc2e5625a3,cc17ef6f-0815-47ba-8db0-af86b396eb99,c2,c1,1459,e7,?,
1768857330.0727534,RECEIVED,ff767a27-d4b4-46d9-85c4-dd42c85c38d3,f7eef26f-25a6-4ef7-9759-679ea41b83de,c1,c5,1455,e12,?,
1768857330.1219883,RECEIVED,219899da-f451-4ab9-9047-ac8431fe5343,0bcd1552-4557-4d1e-9b8a-1a8deea7f0a0,c3,c5,1444,e3,?,
1768857330.4497955,RECEIVED,dc53bae6-162d-4a2b-a6a6-d72da6269167,7634428e-b1ae-4b52-a2d0-43fa80cf93a3,c5,c3,1457,e12,?,
1768857330.4915566,SENT,219899da-f451-4ab9-9047-ac8431fe5343,0bcd1552-4557-4d1e-9b8a-1a8deea7f0a0,c3,c5,1011,?,x3,
1768857330.4915993,FORWARDED,219899da-f451-4ab9-9047-ac8431fe5343,0bcd1552-4557-4d1e-9b8a-1a8deea7f0a0,c3,c5,1011,?,x3,
1768857330.5569808,SENT,dc53bae6-162d-4a2b-a6a6-d72da6269167,7634428e-b1ae-4b52-a2d0-43fa80cf93a3,c5,c3,1019,?,x10,
1768857330.557022,FORWARDED,dc53bae6-162d-4a2b-a6a6-d72da6269167,7634428e-b1ae-4b52-a2d0-43fa80cf93a3,c5,c3,1019,?,x10,
1768857330.5772855,RECEIVED,72284dbd-be16-484e-86af-8e5657ead604,467b57fb-230c-4898-8769-5f91de068344,c4,c5,1460,e6,?,
1768857330.5993729,RECEIVED,44c65e7a-8855-46e0-87ee-8a41aca029c5,53f0882f-5499-453f-939a-ee52bd188b8c,c5,c4,1583,e12,?,
1768857330.7022216,SENT,72284dbd-be16-484e-86af-8e5657ead604,467b57fb-230c-4898-8769-5f91de068344,c4,c5,1023,?,x4,
1768857330.702275,FORWARDED,72284dbd-be16-484e-86af-8e5657ead604,467b57fb-230c-4898-8769-5f91de068344,c4,c5,1023,?,x4,
1768857330.8020205,SENT,f108940f-72a3-440c-a216-afcc2e5625a3,cc17ef6f-0815-47ba-8db0-af86b396eb99,c2,c1,1023,?,x4,
1768857330.8023496,FORWARDED,f108940f-72a3-440c-a216-afcc2e5625a3,cc17ef6f-0815-47ba-8db0-af86b396eb99,c2,c1,1023,?,x4,
1768857331.1303148,SENT,ff767a27-d4b4-46d9-85c4-dd42c85c38d3,f7eef26f-25a6-4ef7-9759-679ea41b83de,c1,c5,1019,?,x2,
1768857331.1303585,FORWARDED,ff767a27-d4b4-46d9-85c4-dd42c85c38d3,f7eef26f-25a6-4ef7-9759-679ea41b83de,c1,c5,1019,?,x2,
1768857331.1522005,SENT,44c65e7a-8855-46e0-87ee-8a41aca029c5,53f0882f-5499-453f-939a-ee52bd188b8c,c5,c4,1114,?,x8,
1768857331.1522446,FORWARDED,44c65e7a-8855-46e0-87ee-8a41aca029c5,53f0882f-5499-453f-939a-ee52bd188b8c,c5,c4,1114,?,x8,
1768857331.1803784,RECEIVED,48e93a97-dfc2-4855-856c-92d20370efa9,4c055b0e-214d-463e-a1be-05f43d9b7014,c5,c4,1584,e3,?,
1768857331.254233,SENT,48e93a97-dfc2-4855-856c-92d20370efa9,4c055b0e-214d-463e-a1be-05f43d9b7014,c5,c4,1116,?,x1,
1768857331.2542963,FORWARDED,48e93a97-dfc2-4855-856c-92d20370efa9,4c055b0e-214d-463e-a1be-05f43d9b7014,c5,c4,1116,?,x1,
1768857331.294565,SENT,dc6763ec-683c-4892-864f-0482d5f85a35,a73aa334-40a3-4489-96ab-53103cd4e093,c5,c3,1011,?,x7,
1768857331.2946887,FORWARDED,dc6763ec-683c-4892-864f-0482d5f85a35,a73aa334-40a3-4489-96ab-53103cd4e093,c5,c3,1011,?,x7,
1768857331.7126021,RECEIVED,7602346e-16a4-4ff6-aa3e-1a8879a09440,ab93e643-db11-4238-8874-dcd85daff54f,c5,c3,1456,e4,?,
1768857331.865068,RECEIVED,404d8e5f-8893-418a-b4ec-840fb99f3567,b7aa1543-3137-48b3-a69a-9dc657697acc,c1,c5,1455,e2,?,
1768857331.8778098,RECEIVED,12e94e07-21f6-448f-b3f5-3b3d539ddf38,2a0f76fb-139a-4b71-8d59-9c4343de03ae,c1,DROP,1011,e2,?,
1768857331.9407797,RECEIVED,73e76930-2b33-4c8c-8589-33c923dd7aec,62595567-1c6a-4857-bd58-41d2da55a893,c2,DROP,1020,e10,?,
1768857331.946339,SENT,7602346e-16a4-4ff6-aa3e-1a8879a09440,ab93e643-db11-4238-8874-dcd85daff54f,c5,c3,1018,?,x4,
1768857331.946382,FORWARDED,7602346e-16a4-4ff6-aa3e-1a8879a09440,ab93e643-db11-4238-8874-dcd85daff54f,c5,c3,1018,?,x4,
1768857332.0526524,SENT,73e76930-2b33-4c8c-8589-33c923dd7aec,62595567-1c6a-4857-bd58-41d2da55a893,c2,DROP,691,?,x6,
1768857332.0526936,FORWARDED,73e76930-2b33-4c8c-8589-33c923dd7aec,62595567-1c6a-4857-bd58-41d2da55a893,c2,DROP,691,?,x6,
1768857332.159298,RECEIVED,e8b0c50c-ad1b-42e1-96f6-4b52e90393d2,eec35b4b-873a-4ef1-b5c0-a8ad10b39a63,c5,c4,1584,e7,?,
1768857332.4950113,RECEIVED,ea769a9b-c22b-4fa7-b4e2-eea91ccf7d5e,7a0b80f7-96c5-43ec-bb65-9d884b93f5a4,c5,c4,1584,e12,?,
1768857332.557033,SENT,e8b0c50c-ad1b-42e1-96f6-4b52e90393d2,eec35b4b-873a-4ef1-b5c0-a8ad10b39a63,c5,c4,1116,?,x11,
1768857332.557194,FORWARDED,e8b0c50c-ad1b-42e1-96f6-4b52e90393d2,eec35b4b-873a-4ef1-b5c0-a8ad10b39a63,c5,c4,1116,?,x11,
1768857332.5803921,SENT,ea769a9b-c22b-4fa7-b4e2-eea91ccf7d5e,7a0b80f7-96c5-43ec-bb65-9d884b93f5a4,c5,c4,1115,?,x7,
1768857332.5804331,FORWARDED,ea769a9b-c22b-4fa7-b4e2-eea91ccf7d5e,7a0b80f7-96c5-43ec-bb65-9d884b93f5a4,c5,c4,1115,?,x7,
1768857332.6273873,RECEIVED,d64589aa-0ca4-42f0-8fb3-cafc17d5adfd,b3156279-d28c-4481-b288-90bbd394d139,c1,c2,1579,e8,?,
1768857332.6643536,RECEIVED,b8bcf20f-8de4-4d01-80bf-43f0583464d6,9bc3e831-7245-4612-8690-cd972b257bd0,c1,c5,1443,e10,?,
1768857332.701173,SENT,12e94e07-21f6-448f-b3f5-3b3d539ddf38,2a0f76fb-139a-4b71-8d59-9c4343de03ae,c1,DROP,685,?,x3,
1768857332.7012088,FORWARDED,12e94e07-21f6-448f-b3f5-3b3d539ddf38,2a0f76fb-139a-4b71-8d59-9c4343de03ae,c1,DROP,685,?,x3,
1768857332.7141683,SENT,d64589aa-0ca4-42f0-8fb3-cafc17d5adfd,b3156279-d28c-4481-b288-90bbd394d139,c1,c2,1112,?,x6,
1768857332.7142112,FORWARDED,d64589aa-0ca4-42f0-8fb3-cafc17d5adfd,b3156279-d28c-4481-b288-90bbd394d139,c1,c2,1112,?,x6,
1768857332.7160568,SENT,404d8e5f-8893-418a-b4ec-840fb99f3567,b7aa1543-3137-48b3-a69a-9dc657697acc,c1,c5,1019,?,x12,
1768857332.7160997,FORWARDED,404d8e5f-8893-418a-b4ec-840fb99f3567,b7aa1543-3137-48b3-a69a-9dc657697acc,c1,c5,1019,?,x12,
1768857333.0809436,SENT,b8bcf20f-8de4-4d01-80bf-43f0583464d6,9bc3e831-7245-4612-8690-cd972b257bd0,c1,c5,1011,?,x3,
1768857333.0809824,FORWARDED,b8bcf20f-8de4-4d01-80bf-43f0583464d6,9bc3e831-7245-4612-8690-cd972b257bd0,c1,c5,1011,?,x3,
1768857333.270861,RECEIVED,1f1dd4c5-8c29-4e71-838a-e9a42948bb62,b4ff64f3-67cf-42fe-b085-02d5fcb0ca18,c3,c5,1455,e8,?,
1768857333.3156705,RECEIVED,64efb10e-fdfb-4b12-8226-57ce1188220b,069f58e1-b96d-4039-a749-7fb882b9cac6,c2,c1,1456,e12,?,
1768857333.382058,RECEIVED,70d84037-0736-4a05-898e-fa5e7ec4c55a,6657f2ae-29e1-4aa7-b674-02d2b1dcc9e7,c2,c1,1465,e10,?,
1768857333.4596257,RECEIVED,aa60e111-ae6e-4c95-a4d4-261db09878da,73dc9d7d-c7d3-40c4-93e1-741d296724dc,c5,c3,1456,e10,?,
1768857333.511236,SENT,1f1dd4c5-8c29-4e71-838a-e9a42948bb62,b4ff64f3-67cf-42fe-b085-02d5fcb0ca18,c3,c5,1019,?,x10,
1768857333.5112822,FORWARDED,1f1dd4c5-8c29-4e71-838a-e9a42948bb62,b4ff64f3-67cf-42fe-b085-02d5fcb0ca18,c3,c5,1019,?,x10,
1768857333.7601056,RECEIVED,03d43a3c-6fc5-4bfe-8a1a-8c2b6b2764c3,003942e4-ecbd-42d2-90f2-73a62ee926ed,c5,c3,1447,e2,?,
1768857333.788707,RECEIVED,0380f9b4-623d-4527-ae22-3513f690062b,fcd83b2a-05f9-47b6-a4c3-83117c6d4c87,c5,c3,1465,e5,?,
1768857333.8081799,SENT,70d84037-0736-4a05-898e-fa5e7ec4c55a,6657f2ae-29e1-4aa7-b674-02d2b1dcc9e7,c2,c1,1024,?,x10,
1768857333.808223,FORWARDED,70d84037-0736-4a05-898e-fa5e7ec4c55a,6657f2ae-29e1-4aa7-b674-02d2b1dcc9e7,c2,c1,1024,?,x10,
1768857333.835728,SENT,0380f9b4-623d-4527-ae22-3513f690062b,fcd83b2a-05f9-47b6-a4c3-83117c6d4c87,c5,c3,1024,?,x11,
1768857333.8357713,FORWARDED,0380f9b4-623d-4527-ae22-3513f690062b,fcd83b2a-05f9-47b6-a4c3-83117c6d4c87,c5,c3,1024,?,x11,
1768857333.9025788,RECEIVED,150311ca-dcb5-41d4-bfe3-6213da3d1e81,675392a5-063e-461a-b405-db438baa406b,c1,c5,1448,e6,?,
1768857333.9394946,RECEIVED,b3c1b5d1-24e5-4553-accf-2eb32d8743f4,242e282f-c29d-49ca-ab21-3c9ba306e3b4,c5,c3,1585,e3,?,
1768857333.979446,SENT,150311ca-dcb5-41d4-bfe3-6213da3d1e81,675392a5-063e-461a-b405-db438baa406b,c1,c5,1014,?,x8,
1768857333.9794958,FORWARDED,150311ca-dcb5-41d4-bfe3-6213da3d1e81,675392a5-063e-461a-b405-db438baa406b,c1,c5,1014,?,x8,
1768857333.999611,SENT,b3c1b5d1-24e5-4553-accf-2eb32d8743f4,242e282f-c29d-49ca-ab21-3c9ba306e3b4,c5,c3,1115,?,x12,
1768857333.999651,FORWARDED,b3c1b5d1-24e5-4553-accf-2eb32d8743f4,242e282f-c29d-49ca-ab21-3c9ba306e3b4,c5,c3,1115,?,x12,
1768857334.0094838,SENT,03d43a3c-6fc5-4bfe-8a1a-8c2b6b2764c3,003942e4-ecbd-42d2-90f2-73a62ee926ed,c5,c3,1014,?,x1,
1768857334.0095215,FORWARDED,03d43a3c-6fc5-4bfe-8a1a-8c2b6b2764c3,003942e4-ecbd-42d2-90f2-73a62ee926ed,c5,c3,1014,?,x1,
1768857334.3871553,RECEIVED,2bcb40df-ab69-4aa9-9c04-46180172d4b8,70fec503-339a-4f2f-8da9-b1b08a57c6bd,c3,c5,1455,e11,?,
1768857334.4081569,RECEIVED,52cab36f-f0d9-4d37-8a9b-26d83148a0bd,b1f361de-a78d-4c44-8af3-b4ada7e9d37b,c4,c5,1462,e11,?,
1768857334.4632077,RECEIVED,8fce0fda-e962-420e-9e29-118872d88d0e,ebacdbe9-c7c5-4d61-bc92-d06dd88864e8,c3,c5,1587,e5,?,
1768857334.978923,RECEIVED,17c5a023-a4d2-4dd8-ad62-16453ef9eac9,88aaed26-1ef7-4f65-b0ba-b7040d1627ac,c2,DROP,1008,e7,?,
1768857335.072672,SENT,17c5a023-a4d2-4dd8-ad62-16453ef9eac9,88aaed26-1ef7-4f65-b0ba-b7040d1627ac,c2,DROP,683,?,x1,
1768857335.0727162,FORWARDED,17c5a023-a4d2-4dd8-ad62-16453ef9eac9,88aaed26-1ef7-4f65-b0ba-b7040d1627ac,c2,DROP,683,?,x1,
1768857335.140971,RECEIVED,38e629d0-1202-42b1-9062-03cd5a86b42a,a64bc555-f7ed-4ddf-b503-e82d10a5fe86,c5,c3,1575,e7,?,
1768857335.17288,SENT,64efb10e-fdfb-4b12-8226-57ce1188220b,069f58e1-b96d-4039-a749-7fb882b9cac6,c2,c1,1019,?,x12,
1768857335.1729505,FORWARDED,64efb10e-fdfb-4b12-8226-57ce1188220b,069f58e1-b96d-4039-a749-7fb882b9cac6,c2,c1,1019,?,x12,
1768857335.2051194,RECEIVED,c2a108f0-0f06-4e4d-be95-60adb41c2940,253a195c-7998-430c-ac6f-c8fcd35d3af7,c5,c3,1458,e6,?,
1768857335.2766294,SENT,c2a108f0-0f06-4e4d-be95-60adb41c2940,253a195c-7998-430c-ac6f-c8fcd35d3af7,c5,c3,1020,?,x11,
1768857335.276672,FORWARDED,c2a108f0-0f06-4e4d-be95-60adb41c2940,253a195c-7998-430c-ac6f-c8fcd35d3af7,c5,c3,1020,?,x11,
1768857335.3012915,SENT,8fce0fda-e962-420e-9e29-118872d88d0e,ebacdbe9-c7c5-4d61-bc92-d06dd88864e8,c3,c5,1117,?,x4,
1768857335.301332,FORWARDED,8fce0fda-e962-420e-9e29-118872d88d0e,ebacdbe9-c7c5-4d61-bc92-d06dd88864e8,c3,c5,1117,?,x4,
1768857335.3713095,SENT,52cab36f-f0d9-4d37-8a9b-26d83148a0bd,b1f361de-a78d-4c44-8af3-b4ada7e9d37b,c4,c5,1024,?,x8,
1768857335.3713486,FORWARDED,52cab36f-f0d9-4d37-8a9b-26d83148a0bd,b1f361de-a78d-4c44-8af3-b4ada7e9d37b,c4,c5,1024,?,x8,
1768857335.685101,SENT,38e629d0-1202-42b1-9062-03cd5a86b42a,a64bc555-f7ed-4ddf-b503-e82d10a5fe86,c5,c3,1110,?,x2,
1768857335.6851473,FORWARDED,38e629d0-1202-42b1-9062-03cd5a86b42a,a64bc555-f7ed-4ddf-b503-e82d10a5fe86,c5,c3,1110,?,x2,
1768857335.8199003,RECEIVED,58c340c4-2c16-4377-9a0d-fd1638fe5865,0f09073a-e123-4b71-892d-1d59db4439f9,c4,c5,1456,e3,?,
1768857335.8587205,RECEIVED,79622fbf-0968-453f-be1a-7949c1dbc4d5,e5946578-5772-4f40-888f-753e011e46c0,c3,c5,1461,e3,?,
1768857335.8688028,SENT,aa60e111-ae6e-4c95-a4d4-261db09878da,73dc9d7d-c7d3-40c4-93e1-741d296724dc,c5,c3,1019,?,x11,
1768857335.8688445,FORWARDED,aa60e111-ae6e-4c95-a4d4-261db09878da,73dc9d7d-c7d3-40c4-93e1-741d296724dc,c5,c3,1019,?,x11,
1768857336.1166136,RECEIVED,4d3f4997-1f7e-475e-bef2-532f310cb3ff,bd22d84d-6e38-468d-ae9f-12557ce95a6b,c5,c1,1585,e1,?,
1768857336.1652703,SENT,79622fbf-0968-453f-be1a-7949c1dbc4d5,e5946578-5772-4f40-888f-753e011e46c0,c3,c5,1023,?,x11,
1768857336.1653116,FORWARDED,79622fbf-0968-453f-be1a-7949c1dbc4d5,e5946578-5772-4f40-888f-753e011e46c0,c3,c5,1023,?,x11,
1768857336.283765,RECEIVED,86ec197b-1f49-4717-8e01-a64b037f08b4,0cf09664-8936-411c-a548-3e9be81e90af,c2,c1,1451,e1,?,
1768857336.3124492,SENT,2bcb40df-ab69-4aa9-9c04-46180172d4b8,70fec503-339a-4f2f-8da9-b1b08a57c6bd,c3,c5,1019,?,x3,
1768857336.3124893,FORWARDED,2bcb40df-ab69-4aa9-9c04-46180172d4b8,70fec503-339a-4f2f-8da9-b1b08a57c6bd,c3,c5,1019,?,x3,
1768857336.3461182,SENT,4d3f4997-1f7e-475e-bef2-532f310cb3ff,bd22d84d-6e38-468d-ae9f-12557ce95a6b,c5,c1,1115,?,x12,
1768857336.3461602,FORWARDED,4d3f4997-1f7e-475e-bef2-532f310cb3ff,bd22d84d-6e38-468d-ae9f-12557ce95a6b,c5,c1,1115,?,x12,
1768857336.8287885,RECEIVED,409b369e-b7eb-4959-9218-d7e114a9c2dd,5e41f84d-c6ee-4be9-b374-829713d568c9,c1,c5,1459,e12,?,
1768857336.921484,RECEIVED,2d0d523b-7932-4414-8510-b130b167c53f,d304c216-3713-449f-bb04-fc3469686ec5,c4,c5,1462,e6,?,
1768857336.9335015,RECEIVED,5c2a8c0a-083d-4c92-9023-08cb8fa02bd8,3f56c9eb-1cd5-4c11-9e75-993cd85d0b70,c5,c3,1570,e2,?,
1768857336.9494336,SENT,2d0d523b-7932-4414-8510-b130b167c53f,d304c216-3713-449f-bb04-fc3469686ec5,c4,c5,1023,?,x11,
1768857336.949475,FORWARDED,2d0d523b-7932-4414-8510-b130b167c53f,d304c216-3713-449f-bb04-fc3469686ec5,c4,c5,1023,?,x11,
1768857336.9651725,SENT,5c2a8c0a-083d-4c92-9023-08cb8fa02bd8,3f56c9eb-1cd5-4c11-9e75-993cd85d0b70,c5,c3,1102,?,x10,
1768857336.9655008,FORWARDED,5c2a8c0a-083d-4c92-9023-08cb8fa02bd8,3f56c9eb-1cd5-4c11-9e75-993cd85d0b70,c5,c3,1102,?,x10,
1768857337.1877818,RECEIVED,ee5e213f-3c54-4474-89b9-7410287e1068,36ce90a8-318e-40c1-9036-d3e3ceb08afe,c5,c4,1585,e10,?,
1768857337.3521764,RECEIVED,f0bb6396-7c50-43a7-8f81-53572372ffde,b34ddf29-39e8-4d42-aa16-5eab2766502e,c2,c1,1451,e7,?,
1768857337.421556,SENT,86ec197b-1f49-4717-8e01-a64b037f08b4,0cf09664-8936-411c-a548-3e9be81e90af,c2,c1,1016,?,x1,
1768857337.421667,FORWARDED,86ec197b-1f49-4717-8e01-a64b037f08b4,0cf09664-8936-411c-a548-3e9be81e90af,c2,c1,1016,?,x1,
1768857337.4633894,SENT,ee5e213f-3c54-4474-89b9-7410287e1068,36ce90a8-318e-40c1-9036-d3e3ceb08afe,c5,c4,1115,?,x12,
1768857337.4634407,FORWARDED,ee5e213f-3c54-4474-89b9-7410287e1068,36ce90a8-318e-40c1-9036-d3e3ceb08afe,c5,c4,1115,?,x12,
1768857337.6539748,RECEIVED,1852a6ca-47c5-4c4f-bb92-431601a6dc99,8ff2a9d5-8b97-4b1d-b6ab-e22030ebaaa5,c4,c5,1463,e11,?,
1768857337.804293,SENT,58c340c4-2c16-4377-9a0d-fd1638fe5865,0f09073a-e123-4b71-892d-1d59db4439f9,c4,c5,1020,?,x11,
1768857337.8043523,FORWARDED,58c340c4-2c16-4377-9a0d-fd1638fe5865,0f09073a-e123-4b71-892d-1d59db4439f9,c4,c5,1020,?,x11,
1768857337.8044832,RECEIVED,9cc380b0-1920-45b9-9cfd-376dad57ade3,e0c2cbfe-949c-4a6e-8f90-91c297504199,c5,c3,1587,e2,?,
1768857337.9654758,RECEIVED,24de88bf-175d-4e79-94d3-f797c31d0d03,55b8e213-9c70-47a8-9b79-50e3e272ac56,c4,c5,1456,e4,?,
1768857338.0246446,SENT,24de88bf-175d-4e79-94d3-f797c31d0d03,55b8e213-9c70-47a8-9b79-50e3e272ac56,c4,c5,1019,?,x5,
1768857338.0246856,FORWARDED,24de88bf-175d-4e79-94d3-f797c31d0d03,55b8e213-9c70-47a8-9b79-50e3e272ac56,c4,c5,1019,?,x5,
1768857338.0579417,SENT,409b369e-b7eb-4959-9218-d7e114a9c2dd,5e41f84d-c6ee-4be9-b374-829713d568c9,c1,c5,1023,?,x3,
1768857338.057986,FORWARDED,409b369e-b7eb-4959-9218-d7e114a9c2dd,5e41f84d-c6ee-4be9-b374-829713d568c9,c1,c5,1023,?,x3,
1768857338.1007268,RECEIVED,367a5dd9-9fdb-4a64-b6e2-947b3c171947,52fe570c-8e94-4020-9f7e-2249d1fc59c7,c4,c5,1448,e6,?,
1768857338.1216764,RECEIVED,47bbc4f6-1809-4dc0-b411-03eaf384bbf3,ff405577-de2b-409c-9f98-5254791533fe,c5,c1,1584,e12,?,
1768857338.3400621,SENT,47bbc4f6-1809-4dc0-b411-03eaf384bbf3,ff405577-de2b-409c-9f98-5254791533fe,c5,c1,1114,?,x8,
1768857338.3401058,FORWARDED,47bbc4f6-1809-4dc0-b411-03eaf384bbf3,ff405577-de2b-409c-9f98-5254791533fe,c5,c1,1114,?,x8,
1768857338.3707042,SENT,1852a6ca-47c5-4c4f-bb92-431601a6dc99,8ff2a9d5-8b97-4b1d-b6ab-e22030ebaaa5,c4,c5,1024,?,x1,
1768857338.370755,FORWARDED,1852a6ca-47c5-4c4f-bb92-431601a6dc99,8ff2a9d5-8b97-4b1d-b6ab-e22030ebaaa5,c4,c5,1024,?,x1,
1768857338.5141943,SENT,9cc380b0-1920-45b9-9cfd-376dad57ade3,e0c2cbfe-949c-4a6e-8f90-91c297504199,c5,c3,1117,?,x6,
1768857338.514235,FORWARDED,9cc380b0-1920-45b9-9cfd-376dad57ade3,e0c2cbfe-949c-4a6e-8f90-91c297504199,c5,c3,1117,?,x6,
1768857338.7684577,SENT,f0bb6396-7c50-43a7-8f81-53572372ffde,b34ddf29-39e8-4d42-aa16-5eab2766502e,c2,c1,1017,?,x9,
1768857338.7684999,FORWARDED,f0bb6396-7c50-43a7-8f81-53572372ffde,b34ddf29-39e8-4d42-aa16-5eab2766502e,c2,c1,1017,?,x9,
1768857338.858312,SENT,367a5dd9-9fdb-4a64-b6e2-947b3c171947,52fe570c-8e94-4020-9f7e-2249d1fc59c7,c4,c5,1012,?,x10,
1768857338.8583543,FORWARDED,367a5dd9-9fdb-4a64-b6e2-947b3c171947,52fe570c-8e94-4020-9f7e-2249d1fc59c7,c4,c5,1012,?,x10,
1768857339.011561,RECEIVED,94239ca5-10c3-4d9a-b6d0-392f6af14d6a,1d536692-b4f4-4a96-82e5-c648dc318de5,c1,c5,1444,e3,?,
1768857339.4232438,RECEIVED,90d4df14-14d1-4443-8127-90a3968626a4,e8acf9e8-7293-4c2d-848d-f92da5a73969,c1,DROP,1024,e10,?,
1768857339.4932365,SENT,94239ca5-10c3-4d9a-b6d0-392f6af14d6a,1d536692-b4f4-4a96-82e5-c648dc318de5,c1,c5,1011,?,x6,
1768857339.4932802,FORWARDED,94239ca5-10c3-4d9a-b6d0-392f6af14d6a,1d536692-b4f4-4a96-82e5-c648dc318de5,c1,c5,1011,?,x6,
1768857340.3890991,RECEIVED,70d54406-0e6a-4e17-a8c9-2596a5ed081f,d2c8b5ca-8c40-4815-921e-d0a16e7189fa,c4,c5,1464,e6,?,
1768857340.6349888,SENT,90d4df14-14d1-4443-8127-90a3968626a4,e8acf9e8-7293-4c2d-848d-f92da5a73969,c1,DROP,696,?,x10,
1768857340.635031,FORWARDED,90d4df14-14d1-4443-8127-90a3968626a4,e8acf9e8-7293-4c2d-848d-f92da5a73969,c1,DROP,696,?,x10,
1768857340.7806008,RECEIVED,680e6a0a-319e-46e5-bc74-44d287675fd9,e5da0f7f-41c6-4431-8035-4232cee5e9c1,c5,c4,1584,e8,?,
1768857340.8287606,SENT,70d54406-0e6a-4e17-a8c9-2596a5ed081f,d2c8b5ca-8c40-4815-921e-d0a16e7189fa,c4,c5,1025,?,x7,
1768857340.8288038,FORWARDED,70d54406-0e6a-4e17-a8c9-2596a5ed081f,d2c8b5ca-8c40-4815-921e-d0a16e7189fa,c4,c5,1025,?,x7,
1768857340.8621862,SENT,680e6a0a-319e-46e5-bc74-44d287675fd9,e5da0f7f-41c6-4431-8035-4232cee5e9c1,c5,c4,1115,?,x3,
1768857340.8622305,FORWARDED,680e6a0a-319e-46e5-bc74-44d287675fd9,e5da0f7f-41c6-4431-8035-4232cee5e9c1,c5,c4,1115,?,x3,
1768857340.9203613,RECEIVED,d00df4d4-6275-4b83-b3a7-c7ca22ee956b,ca772661-d303-48ce-ab04-3d62c322275f,c3,c5,1568,e2,?,
1768857340.9856255,SENT,d00df4d4-6275-4b83-b3a7-c7ca22ee956b,ca772661-d303-48ce-ab04-3d62c322275f,c3,c5,1104,?,x2,
1768857340.9856603,FORWARDED,d00df4d4-6275-4b83-b3a7-c7ca22ee956b,ca772661-d303-48ce-ab04-3d62c322275f,c3,c5,1104,?,x2,
1768857341.366786,RECEIVED,4137f6a9-bc31-4c87-b8ea-808221b3911d,8e86ca6c-4b53-4c11-9b69-52577ffa5946,c3,c5,1457,e8,?,
1768857341.656466,SENT,4137f6a9-bc31-4c87-b8ea-808221b3911d,8e86ca6c-4b53-4c11-9b69-52577ffa5946,c3,c5,1019,?,x10,
1768857341.6565065,FORWARDED,4137f6a9-bc31-4c87-b8ea-808221b3911d,8e86ca6c-4b53-4c11-9b69-52577ffa5946,c3,c5,1019,?,x10,
1768857342.3270845,RECEIVED,e142d1c3-88f3-4d61-bd99-2b9a705c2dc8,38a708c8-d9fb-473c-958a-d18179839e01,c4,DROP,442,x3,?,
1768857342.327531,RECEIVED,082b64f5-ae22-4591-84a3-116eaa292510,6f97e57e-fe25-4882-bb81-6127982ceba9,c1,c5,1457,e1,?,
1768857342.3828614,SENT,082b64f5-ae22-4591-84a3-116eaa292510,6f97e57e-fe25-4882-bb81-6127982ceba9,c1,c5,1019,?,x6,
1768857342.3828993,FORWARDED,082b64f5-ae22-4591-84a3-116eaa292510,6f97e57e-fe25-4882-bb81-6127982ceba9,c1,c5,1019,?,x6,
1768857342.4098268,RECEIVED,b69b5a2a-32d0-45bc-a288-d0e49e180958,a1483ae1-f83b-4fe4-8cff-2970dcd371d9,c4,c5,1455,e3,?,
1768857342.5015945,RECEIVED,928cbdea-0c31-43ee-98c0-bd16ee427627,fe7c3dc6-3ca3-465a-8bcc-6f05424ebe32,c4,c5,1461,e4,?,
1768857342.6244872,RECEIVED,07e23f79-7e8f-4e99-ad49-b31856a09645,21c51a48-0c65-49a7-a55f-e371cd698248,c5,c3,1453,e1,?,
1768857342.7295203,SENT,928cbdea-0c31-43ee-98c0-bd16ee427627,fe7c3dc6-3ca3-465a-8bcc-6f05424ebe32,c4,c5,1023,?,x10,
1768857342.7296126,FORWARDED,928cbdea-0c31-43ee-98c0-bd16ee427627,fe7c3dc6-3ca3-465a-8bcc-6f05424ebe32,c4,c5,1023,?,x10,
1768857342.8347762,SENT,07e23f79-7e8f-4e99-ad49-b31856a09645,21c51a48-0c65-49a7-a55f-e371cd698248,c5,c3,1016,?,x12,
1768857342.8348176,FORWARDED,07e23f79-7e8f-4e99-ad49-b31856a09645,21c51a48-0c65-49a7-a55f-e371cd698248,c5,c3,1016,?,x12,
1768857342.847832,SENT,b69b5a2a-32d0-45bc-a288-d0e49e180958,a1483ae1-f83b-4fe4-8cff-2970dcd371d9,c4,c5,1019,?,x8,
1768857342.8478687,FORWARDED,b69b5a2a-32d0-45bc-a288-d0e49e180958,a1483ae1-f83b-4fe4-8cff-2970dcd371d9,c4,c5,1019,?,x8,
1768857343.1068747,RECEIVED,346d675c-995a-41d3-8f36-f51719507f09,77a21efb-b9d2-46f2-8bd9-50216c440b33,c1,c5,1459,e7,?,
1768857343.147912,RECEIVED,95825016-1aae-4709-8427-34e074ef5cf5,3f07f518-13a2-4988-bd7f-cb80e00beabf,c3,c5,1451,e5,?,
1768857343.357374,SENT,346d675c-995a-41d3-8f36-f51719507f09,77a21efb-b9d2-46f2-8bd9-50216c440b33,c1,c5,1023,?,x10,
1768857343.3574152,FORWARDED,346d675c-995a-41d3-8f36-f51719507f09,77a21efb-b9d2-46f2-8bd9-50216c440b33,c1,c5,1023,?,x10,
1768857343.7326896,SENT,95825016-1aae-4709-8427-34e074ef5cf5,3f07f518-13a2-4988-bd7f-cb80e00beabf,c3,c5,1015,?,x2,
1768857343.732731,FORWARDED,95825016-1aae-4709-8427-34e074ef5cf5,3f07f518-13a2-4988-bd7f-cb80e00beabf,c3,c5,1015,?,x2,
1768857344.2344165,RECEIVED,58bbacd9-373e-4de5-a188-bcfa4951ecb4,3b765ade-72cb-4a57-8e88-10b8f0e46a23,c3,c5,1583,e3,?,
1768857344.4829173,SENT,58bbacd9-373e-4de5-a188-bcfa4951ecb4,3b765ade-72cb-4a57-8e88-10b8f0e46a23,c3,c5,1116,?,x8,
1768857344.4829721,FORWARDED,58bbacd9-373e-4de5-a188-bcfa4951ecb4,3b765ade-72cb-4a57-8e88-10b8f0e46a23,c3,c5,1116,?,x8,
1768857344.6281888,RECEIVED,7a10dcc7-52ec-4cd5-ad04-72625d64b527,b17ff488-4670-4af0-9022-5ad07ee77cc1,c5,c4,1567,e6,?,
1768857345.3983905,RECEIVED,1237f8cb-d1c6-4aa8-ae2d-e496282f7f62,e3271e43-d947-403e-a433-d6ca6ceee5d8,c3,c5,1583,e6,?,
1768857345.438074,SENT,1237f8cb-d1c6-4aa8-ae2d-e496282f7f62,e3271e43-d947-403e-a433-d6ca6ceee5d8,c3,c5,1115,?,x9,
1768857345.438118,FORWARDED,1237f8cb-d1c6-4aa8-ae2d-e496282f7f62,e3271e43-d947-403e-a433-d6ca6ceee5d8,c3,c5,1115,?,x9,
1768857345.8942044,SENT,7a10dcc7-52ec-4cd5-ad04-72625d64b527,b17ff488-4670-4af0-9022-5ad07ee77cc1,c5,c4,1103,?,x5,
1768857345.8942428,FORWARDED,7a10dcc7-52ec-4cd5-ad04-72625d64b527,b17ff488-4670-4af0-9022-5ad07ee77cc1,c5,c4,1103,?,x5,
1768857346.1660683,RECEIVED,f071237c-6243-4a4c-a74d-2e02b87e47f1,9dfbd185-eef5-41be-83b0-7ca802b30a03,c3,DROP,1015,e5,?,
1768857346.2402086,RECEIVED,cc1dffcc-bc9e-43a6-a758-63d6ff066745,b3a655da-6044-4b25-86da-69851c2ba095,c3,c5,1590,e2,?,
1768857346.392409,RECEIVED,33465a87-2ced-47e0-ace8-68d2a4be2fe5,fc5b406a-cfb9-4437-bcdb-611f42b8415a,c3,c5,1584,e1,?,
1768857346.6002882,RECEIVED,602236b2-f2cb-4806-bdb8-112d4f51bac9,7bb53151-fb6e-40b0-9624-dd927e0d4e4b,c2,c1,1456,e3,?,
1768857346.76099,SENT,602236b2-f2cb-4806-bdb8-112d4f51bac9,7bb53151-fb6e-40b0-9624-dd927e0d4e4b,c2,c1,1018,?,x6,
1768857346.7610297,FORWARDED,602236b2-f2cb-4806-bdb8-112d4f51bac9,7bb53151-fb6e-40b0-9624-dd927e0d4e4b,c2,c1,1018,?,x6,
1768857346.951423,SENT,33465a87-2ced-47e0-ace8-68d2a4be2fe5,fc5b406a-cfb9-4437-bcdb-611f42b8415a,c3,c5,1114,?,x11,
1768857346.9514654,FORWARDED,33465a87-2ced-47e0-ace8-68d2a4be2fe5,fc5b406a-cfb9-4437-bcdb-611f42b8415a,c3,c5,1114,?,x11,
1768857347.1800578,SENT,cc1dffcc-bc9e-43a6-a758-63d6ff066745,b3a655da-6044-4b25-86da-69851c2ba095,c3,c5,1120,?,x3,
1768857347.1801019,FORWARDED,cc1dffcc-bc9e-43a6-a758-63d6ff066745,b3a655da-6044-4b25-86da-69851c2ba095,c3,c5,1120,?,x3,
1768857347.669528,RECEIVED,460c1fb2-d1ee-48ed-8be9-af44b2c38474,d88476a0-1e42-4220-aba9-d6f77c2ed626,c5,c4,1583,e4,?,
1768857347.7532115,RECEIVED,7b1e3158-ed63-4a79-869c-a3dea3a5e8bf,8ab4b218-8ddd-4dcf-a69b-4103c3ecf14d,c3,c5,1455,e7,?,
1768857347.9821672,RECEIVED,904c5172-6cc1-41a2-9ab3-4fc97c8ffa27,1a7032c2-e214-4719-a7e9-97ef0bed5d1f,c5,c4,1587,e8,?,
1768857348.0308971,RECEIVED,c67d8d5f-aa93-4382-ab52-df48672a9949,57a72100-fca1-470a-bd08-5e8754104aa4,c4,c5,1456,e12,?,
1768857348.0691066,RECEIVED,45384c4b-2a5d-424d-90cd-c0e3745e985b,dbc91e6c-2e41-4ad1-94bf-ff068b311db2,c2,c1,1456,e3,?,
1768857348.131362,RECEIVED,f2c06aec-b251-4e66-b337-a3cd22034fa3,f76dc13f-3fbe-4e47-aff7-d9f7bb8f0c8d,c5,c4,1575,e6,?,
1768857348.1828992,SENT,45384c4b-2a5d-424d-90cd-c0e3745e985b,dbc91e6c-2e41-4ad1-94bf-ff068b311db2,c2,c1,1020,?,x4,
1768857348.1829433,FORWARDED,45384c4b-2a5d-424d-90cd-c0e3745e985b,dbc91e6c-2e41-4ad1-94bf-ff068b311db2,c2,c1,1020,?,x4,
1768857348.3659384,RECEIVED,ae5318d5-00b9-42f5-97e2-e99774452ba8,ae3692e3-4013-4a3f-875f-23e9e5ee9b7c,c1,c2,1584,e5,?,
1768857348.6506374,SENT,f2c06aec-b251-4e66-b337-a3cd22034fa3,f76dc13f-3fbe-4e47-aff7-d9f7bb8f0c8d,c5,c4,1109,?,x2,
1768857348.6506805,FORWARDED,f2c06aec-b251-4e66-b337-a3cd22034fa3,f76dc13f-3fbe-4e47-aff7-d9f7bb8f0c8d,c5,c4,1109,?,x2,
1768857348.713017,SENT,c67d8d5f-aa93-4382-ab52-df48672a9949,57a72100-fca1-470a-bd08-5e8754104aa4,c4,c5,1018,?,x10,
1768857348.7131577,FORWARDED,c67d8d5f-aa93-4382-ab52-df48672a9949,57a72100-fca1-470a-bd08-5e8754104aa4,c4,c5,1018,?,x10,
1768857348.7248883,RECEIVED,9dc77882-699d-44b0-bfed-b3f21108d0ef,7ca79a5f-cd8a-42e9-b9fd-0346fb3f120a,c4,DROP,1020,e7,?,
1768857348.725327,SENT,7b1e3158-ed63-4a79-869c-a3dea3a5e8bf,8ab4b218-8ddd-4dcf-a69b-4103c3ecf14d,c3,c5,1020,?,x8,
1768857348.7253644,FORWARDED,7b1e3158-ed63-4a79-869c-a3dea3a5e8bf,8ab4b218-8ddd-4dcf-a69b-4103c3ecf14d,c3,c5,1020,?,x8,
1768857348.7335296,SENT,904c5172-6cc1-41a2-9ab3-4fc97c8ffa27,1a7032c2-e214-4719-a7e9-97ef0bed5d1f,c5,c4,1117,?,x8,
1768857348.7335718,FORWARDED,904c5172-6cc1-41a2-9ab3-4fc97c8ffa27,1a7032c2-e214-4719-a7e9-97ef0bed5d1f,c5,c4,1117,?,x8,
1768857348.797692,SENT,ae5318d5-00b9-42f5-97e2-e99774452ba8,ae3692e3-4013-4a3f-875f-23e9e5ee9b7c,c1,c2,1115,?,x8,
1768857348.7977345,FORWARDED,ae5318d5-00b9-42f5-97e2-e99774452ba8,ae3692e3-4013-4a3f-875f-23e9e5ee9b7c,c1,c2,1115,?,x8,
1768857348.819373,RECEIVED,61775146-98b4-41cf-93a5-e9a4c422304f,66cb52d3-0827-4cef-bed3-d6dc13766b45,c3,c5,1460,e10,?,
1768857348.9431283,SENT,f071237c-6243-4a4c-a74d-2e02b87e47f1,9dfbd185-eef5-41be-83b0-7ca802b30a03,c3,DROP,688,?,x9,
1768857348.9431684,FORWARDED,f071237c-6243-4a4c-a74d-2e02b87e47f1,9dfbd185-eef5-41be-83b0-7ca802b30a03,c3,DROP,688,?,x9,
1768857349.0078988,SENT,9dc77882-699d-44b0-bfed-b3f21108d0ef,7ca79a5f-cd8a-42e9-b9fd-0346fb3f120a,c4,DROP,693,?,x10,
1768857349.0079374,FORWARDED,9dc77882-699d-44b0-bfed-b3f21108d0ef,7ca79a5f-cd8a-42e9-b9fd-0346fb3f120a,c4,DROP,693,?,x10,
1768857349.1367576,RECEIVED,9be68183-c7b7-43b4-aa5b-176ff7f44e22,8cee255f-5529-4830-8986-c19e56263108,c4,DROP,1007,e7,?,
1768857349.2984402,SENT,9be68183-c7b7-43b4-aa5b-176ff7f44e22,8cee255f-5529-4830-8986-c19e56263108,c4,DROP,683,?,x5,
1768857349.2984798,FORWARDED,9be68183-c7b7-43b4-aa5b-176ff7f44e22,8cee255f-5529-4830-8986-c19e56263108,c4,DROP,683,?,x5,
1768857349.3068793,SENT,61775146-98b4-41cf-93a5-e9a4c422304f,66cb52d3-0827-4cef-bed3-d6dc13766b45,c3,c5,1023,?,x5,
1768857349.3069212,FORWARDED,61775146-98b4-41cf-93a5-e9a4c422304f,66cb52d3-0827-4cef-bed3-d6dc13766b45,c3,c5,1023,?,x5,
1768857349.6062794,RECEIVED,f3d5e3b3-8bcd-4310-9bbc-e59b389a099a,bcd8f474-8544-4e92-bcfc-4efd7542381b,c5,c1,1583,e5,?,
1768857349.6555507,RECEIVED,8e0a8475-b0cb-4a57-9bd7-7fb3ba2dc8a8,51f83eab-b1ff-4159-a5db-8cbc67e8ce41,c5,c4,1579,e8,?,
1768857349.655673,RECEIVED,bda9d4a8-869c-4939-a172-99d51c06f92b,445cf5fa-e4a3-42d9-b4cb-1ef1422d37a3,c5,DROP,1011,e1,?,
1768857349.7357793,RECEIVED,4bff9bf8-f1f7-4aaa-829f-fcb9a20e8b8a,e7313606-5464-4e08-bc79-5786b3900ca9,c3,c5,1459,e8,?,
1768857349.9190233,SENT,bda9d4a8-869c-4939-a172-99d51c06f92b,445cf5fa-e4a3-42d9-b4cb-1ef1422d37a3,c5,DROP,687,?,x4,
1768857349.9190786,FORWARDED,bda9d4a8-869c-4939-a172-99d51c06f92b,445cf5fa-e4a3-42d9-b4cb-1ef1422d37a3,c5,DROP,687,?,x4,
1768857349.9349453,SENT,460c1fb2-d1ee-48ed-8be9-af44b2c38474,d88476a0-1e42-4220-aba9-d6f77c2ed626,c5,c4,1115,?,x7,
1768857349.934988,FORWARDED,460c1fb2-d1ee-48ed-8be9-af44b2c38474,d88476a0-1e42-4220-aba9-d6f77c2ed626,c5,c4,1115,?,x7,
1768857350.0625577,RECEIVED,75283d29-390d-4f1d-b90e-3516c3635419,41b8ad1f-775b-4c1f-817d-6853768e8e25,c2,c1,1461,e11,?,
1768857350.12906,SENT,4bff9bf8-f1f7-4aaa-829f-fcb9a20e8b8a,e7313606-5464-4e08-bc79-5786b3900ca9,c3,c5,1023,?,x7,
1768857350.1291041,FORWARDED,4bff9bf8-f1f7-4aaa-829f-fcb9a20e8b8a,e7313606-5464-4e08-bc79-5786b3900ca9,c3,c5,1023,?,x7,
1768857350.2589164,SENT,75283d29-390d-4f1d-b90e-3516c3635419,41b8ad1f-775b-4c1f-817d-6853768e8e25,c2,c1,1023,?,x10,
1768857350.258965,FORWARDED,75283d29-390d-4f1d-b90e-3516c3635419,41b8ad1f-775b-4c1f-817d-6853768e8e25,c2,c1,1023,?,x10,
1768857350.3076353,RECEIVED,791726fd-0a02-4e35-9136-2c89f8828e03,ae419f0c-aaa2-4f0c-a644-b8a92dc9679e,c3,c5,1467,e3,?,
1768857350.3820643,SENT,f3d5e3b3-8bcd-4310-9bbc-e59b389a099a,bcd8f474-8544-4e92-bcfc-4efd7542381b,c5,c1,1116,?,x2,
1768857350.382109,FORWARDED,f3d5e3b3-8bcd-4310-9bbc-e59b389a099a,bcd8f474-8544-4e92-bcfc-4efd7542381b,c5,c1,1116,?,x2,
1768857350.424161,SENT,8e0a8475-b0cb-4a57-9bd7-7fb3ba2dc8a8,51f83eab-b1ff-4159-a5db-8cbc67e8ce41,c5,c4,1111,?,x9,
1768857350.424204,FORWARDED,8e0a8475-b0cb-4a57-9bd7-7fb3ba2dc8a8,51f83eab-b1ff-4159-a5db-8cbc67e8ce41,c5,c4,1111,?,x9,
1768857350.591913,SENT,791726fd-0a02-4e35-9136-2c89f8828e03,ae419f0c-aaa2-4f0c-a644-b8a92dc9679e,c3,c5,1027,?,x5,
1768857350.5919552,FORWARDED,791726fd-0a02-4e35-9136-2c89f8828e03,ae419f0c-aaa2-4f0c-a644-b8a92dc9679e,c3,c5,1027,?,x5,
1768857351.2526839,RECEIVED,2f39b470-37ad-4879-8b96-996dc6e65a98,6df52ab5-c60f-4308-b3fb-fbe19d101328,c5,c3,1572,e4,?,
1768857351.5202289,RECEIVED,13456418-5df9-439c-b747-8f3bbcd68ac1,7cd889d5-0fa3-4cd8-bb81-9538fd2079bc,c5,DROP,441,x7,?,
1768857351.5300965,SENT,2f39b470-37ad-4879-8b96-996dc6e65a98,6df52ab5-c60f-4308-b3fb-fbe19d101328,c5,c3,1107,?,x7,
1768857351.5301406,FORWARDED,2f39b470-37ad-4879-8b96-996dc6e65a98,6df52ab5-c60f-4308-b3fb-fbe19d101328,c5,c3,1107,?,x7,
1768857351.5635152,RECEIVED,86d4745f-700f-477f-8cf9-0c0ad68fbd7c,1e781cee-30e8-44b8-acf0-d200e44fa3b3,c5,c4,1584,e6,?,
1768857351.67298,SENT,86d4745f-700f-477f-8cf9-0c0ad68fbd7c,1e781cee-30e8-44b8-acf0-d200e44fa3b3,c5,c4,1115,?,x9,
1768857351.6730227,FORWARDED,86d4745f-700f-477f-8cf9-0c0ad68fbd7c,1e781cee-30e8-44b8-acf0-d200e44fa3b3,c5,c4,1115,?,x9,
1768857352.0902998,RECEIVED,256bd756-b295-4212-8028-dc11dff705ca,f31a64ce-e91b-43d0-a7a7-78df78307f63,c2,c1,1455,e11,?,
1768857352.2345762,RECEIVED,2de65dcd-2937-49ae-9001-0e66fe5e08c5,4f57cd14-aa26-45a1-a55d-36e5e1da90f4,c3,c5,1456,e11,?,
1768857352.373941,RECEIVED,07809ebc-958e-463b-acb3-41d9ec8643ea,7d4b1491-8bf5-49bf-821f-59a722ba9c03,c2,c1,1458,e10,?,
1768857352.3830934,SENT,07809ebc-958e-463b-acb3-41d9ec8643ea,7d4b1491-8bf5-49bf-821f-59a722ba9c03,c2,c1,1020,?,x11,
1768857352.3831358,FORWARDED,07809ebc-958e-463b-acb3-41d9ec8643ea,7d4b1491-8bf5-49bf-821f-59a722ba9c03,c2,c1,1020,?,x11,
1768857352.4981992,SENT,2de65dcd-2937-49ae-9001-0e66fe5e08c5,4f57cd14-aa26-45a1-a55d-36e5e1da90f4,c3,c5,1018,?,x10,
1768857352.498241,FORWARDED,2de65dcd-2937-49ae-9001-0e66fe5e08c5,4f57cd14-aa26-45a1-a55d-36e5e1da90f4,c3,c5,1018,?,x10,
1768857352.8955758,SENT,256bd756-b295-4212-8028-dc11dff705ca,f31a64ce-e91b-43d0-a7a7-78df78307f63,c2,c1,1019,?,x6,
1768857352.8956199,FORWARDED,256bd756-b295-4212-8028-dc11dff705ca,f31a64ce-e91b-43d0-a7a7-78df78307f63,c2,c1,1019,?,x6,
1768857353.1051762,RECEIVED,eee545a3-870c-4da4-bead-d0f26b531d9d,e277862d-6ac6-40bd-85a5-932ddb814a26,c3,c5,1459,e1,?,
1768857353.262521,RECEIVED,ae209c45-a225-4173-8612-cf10c6b725b5,e905c34d-3482-4c12-82c2-eb4748bd99e4,c5,c3,1583,e10,?,
1768857353.3263319,SENT,eee545a3-870c-4da4-bead-d0f26b531d9d,e277862d-6ac6-40bd-85a5-932ddb814a26,c3,c5,1021,?,x2,
1768857353.3263729,FORWARDED,eee545a3-870c-4da4-bead-d0f26b531d9d,e277862d-6ac6-40bd-85a5-932ddb814a26,c3,c5,1021,?,x2,
1768857353.4680886,RECEIVED,2ecd2933-1bae-41fc-bd9b-bfd1349f47bf,ad0792ad-773a-40f4-968e-517ce0a12d52,c1,c5,1461,e8,?,
1768857353.5708857,RECEIVED,bfe866a1-32f6-494c-b823-6f614501520c,92b5cedb-7b43-4a2c-bc5f-8b0266af64b4,c5,c3,1457,e1,?,
1768857353.6445854,SENT,2ecd2933-1bae-41fc-bd9b-bfd1349f47bf,ad0792ad-773a-40f4-968e-517ce0a12d52,c1,c5,1023,?,x12,
1768857353.6446266,FORWARDED,2ecd2933-1bae-41fc-bd9b-bfd1349f47bf,ad0792ad-773a-40f4-968e-517ce0a12d52,c1,c5,1023,?,x12,
1768857353.7572641,RECEIVED,414701ce-4df5-42e0-9c79-444cb5cbbacc,17693a4d-fd3b-4952-a896-c3a94fcb0f8f,c5,c4,1584,e12,?,
1768857353.968634,SENT,bfe866a1-32f6-494c-b823-6f614501520c,92b5cedb-7b43-4a2c-bc5f-8b0266af64b4,c5,c3,1020,?,x12,
1768857353.9686787,FORWARDED,bfe866a1-32f6-494c-b823-6f614501520c,92b5cedb-7b43-4a2c-bc5f-8b0266af64b4,c5,c3,1020,?,x12,
1768857354.0356207,RECEIVED,29ca79e6-da87-466a-a6c5-0e01149b4540,33cda58f-8e6c-4a2e-a5b1-a4bc28e36234,c1,c2,1579,e2,?,
1768857354.2482028,RECEIVED,378bf5df-1d3d-402f-a723-c5eec0de51ad,ec4f7898-b93d-4950-8dd1-3063f6290d36,c4,DROP,1021,e4,?,
1768857354.4947014,RECEIVED,df7315f0-66d1-4fde-ac1c-e1ac8b0aebe2,1eb570aa-775b-4f6d-8850-a879c0f032d2,c4,c5,1443,e6,?,
1768857354.7006476,SENT,378bf5df-1d3d-402f-a723-c5eec0de51ad,ec4f7898-b93d-4950-8dd1-3063f6290d36,c4,DROP,692,?,x12,
1768857354.7006905,FORWARDED,378bf5df-1d3d-402f-a723-c5eec0de51ad,ec4f7898-b93d-4950-8dd1-3063f6290d36,c4,DROP,692,?,x12,
1768857354.9819348,SENT,414701ce-4df5-42e0-9c79-444cb5cbbacc,17693a4d-fd3b-4952-a896-c3a94fcb0f8f,c5,c4,1116,?,x10,
1768857354.9819784,FORWARDED,414701ce-4df5-42e0-9c79-444cb5cbbacc,17693a4d-fd3b-4952-a896-c3a94fcb0f8f,c5,c4,1116,?,x10,
1768857355.3118064,SENT,29ca79e6-da87-466a-a6c5-0e01149b4540,33cda58f-8e6c-4a2e-a5b1-a4bc28e36234,c1,c2,1111,?,x4,
1768857355.3118443,FORWARDED,29ca79e6-da87-466a-a6c5-0e01149b4540,33cda58f-8e6c-4a2e-a5b1-a4bc28e36234,c1,c2,1111,?,x4,
1768857355.4111888,SENT,ae209c45-a225-4173-8612-cf10c6b725b5,e905c34d-3482-4c12-82c2-eb4748bd99e4,c5,c3,1116,?,x4,
1768857355.4112284,FORWARDED,ae209c45-a225-4173-8612-cf10c6b725b5,e905c34d-3482-4c12-82c2-eb4748bd99e4,c5,c3,1116,?,x4,
1768857356.1977255,SENT,df7315f0-66d1-4fde-ac1c-e1ac8b0aebe2,1eb570aa-775b-4f6d-8850-a879c0f032d2,c4,c5,1010,?,x11,
1768857356.1977644,FORWARDED,df7315f0-66d1-4fde-ac1c-e1ac8b0aebe2,1eb570aa-775b-4f6d-8850-a879c0f032d2,c4,c5,1010,?,x11,
1768857356.7223148,RECEIVED,9df20fea-28d8-4cd3-8dc3-570b17ded03b,d2e19701-1780-497b-84e5-65883c2a1965,c1,DROP,1019,e5,?,
1768857356.7670896,RECEIVED,189dd392-b4e4-4359-b448-e0d0bf6b8ad6,f8f6653b-d754-4e9e-a532-043fa8fff21e,c5,c4,1572,e2,?,
1768857356.8332257,SENT,189dd392-b4e4-4359-b448-e0d0bf6b8ad6,f8f6653b-d754-4e9e-a532-043fa8fff21e,c5,c4,1107,?,x3,
1768857356.8332677,FORWARDED,189dd392-b4e4-4359-b448-e0d0bf6b8ad6,f8f6653b-d754-4e9e-a532-043fa8fff21e,c5,c4,1107,?,x3,
1768857356.9414747,RECEIVED,ccc9a166-8474-4ac5-a9e6-2e5d353ffbcd,5fa2bec7-3241-4768-8f3a-812aed6cd117,c3,DROP,1012,e5,?,
1768857356.9530025,RECEIVED,a666702c-fcd9-49c9-93d8-6df3a7a823ab,787054af-6c76-4bf4-8a15-5f5381b4965a,c1,c2,1584,e5,?,
1768857357.0137954,RECEIVED,e768304d-caa3-4d62-aef6-defa9be04ef8,b66ab26a-db1d-4148-94f4-1fe74dd825c4,c5,c3,1575,e11,?,
1768857357.036666,SENT,a666702c-fcd9-49c9-93d8-6df3a7a823ab,787054af-6c76-4bf4-8a15-5f5381b4965a,c1,c2,1115,?,x3,
1768857357.0367076,FORWARDED,a666702c-fcd9-49c9-93d8-6df3a7a823ab,787054af-6c76-4bf4-8a15-5f5381b4965a,c1,c2,1115,?,x3,
1768857357.188989,SENT,ccc9a166-8474-4ac5-a9e6-2e5d353ffbcd,5fa2bec7-3241-4768-8f3a-812aed6cd117,c3,DROP,687,?,x11,
1768857357.1895986,FORWARDED,ccc9a166-8474-4ac5-a9e6-2e5d353ffbcd,5fa2bec7-3241-4768-8f3a-812aed6cd117,c3,DROP,687,?,x11,
1768857357.2181263,RECEIVED,fcc654d8-a7b7-4c36-b9df-3e01954a4652,db9bb908-475c-4df3-8ba2-806ba3724898,c4,c5,1468,e8,?,
1768857357.4885402,RECEIVED,09a9bd6e-bab1-4162-9109-8e6d733febd5,a864d39f-e1fc-40e0-8c7d-1bf728d1080c,c1,c2,1584,e2,?,
1768857357.6389484,SENT,fcc654d8-a7b7-4c36-b9df-3e01954a4652,db9bb908-475c-4df3-8ba2-806ba3724898,c4,c5,1029,?,x11,
1768857357.6389852,FORWARDED,fcc654d8-a7b7-4c36-b9df-3e01954a4652,db9bb908-475c-4df3-8ba2-806ba3724898,c4,c5,1029,?,x11,
1768857357.7715933,RECEIVED,9f480a4a-3428-49a5-901b-00bed6db037c,c74973af-fde9-4a96-b6b7-d6dc0c1b8c63,c2,DROP,1007,e6,?,
1768857358.0147002,SENT,e768304d-caa3-4d62-aef6-defa9be04ef8,b66ab26a-db1d-4148-94f4-1fe74dd825c4,c5,c3,1108,?,x3,
1768857358.0147414,FORWARDED,e768304d-caa3-4d62-aef6-defa9be04ef8,b66ab26a-db1d-4148-94f4-1fe74dd825c4,c5,c3,1108,?,x3,
1768857358.1277528,SENT,9f480a4a-3428-49a5-901b-00bed6db037c,c74973af-fde9-4a96-b6b7-d6dc0c1b8c63,c2,DROP,684,?,x2,
1768857358.1277936,FORWARDED,9f480a4a-3428-49a5-901b-00bed6db037c,c74973af-fde9-4a96-b6b7-d6dc0c1b8c63,c2,DROP,684,?,x2,
1768857358.3487806,SENT,09a9bd6e-bab1-4162-9109-8e6d733febd5,a864d39f-e1fc-40e0-8c7d-1bf728d1080c,c1,c2,1116,?,x10,
1768857358.3488233,FORWARDED,09a9bd6e-bab1-4162-9109-8e6d733febd5,a864d39f-e1fc-40e0-8c7d-1bf728d1080c,c1,c2,1116,?,x10,
1768857358.4063115,RECEIVED,48e028fe-edec-4b27-a21c-1436bb5a8809,9c5292b4-a9d2-47a5-b8e7-ed3f865fabba,c5,c3,1579,e8,?,
1768857358.5068011,SENT,9df20fea-28d8-4cd3-8dc3-570b17ded03b,d2e19701-1780-497b-84e5-65883c2a1965,c1,DROP,693,?,x1,
1768857358.5068433,FORWARDED,9df20fea-28d8-4cd3-8dc3-570b17ded03b,d2e19701-1780-497b-84e5-65883c2a1965,c1,DROP,693,?,x1,
1768857358.5514379,RECEIVED,8a055d58-e1ea-43c4-9630-de4b029046fc,31eb615b-f7bb-4b8e-a3c3-d7993f94d9ea,c1,DROP,1013,e2,?,
1768857358.6449697,SENT,8a055d58-e1ea-43c4-9630-de4b029046fc,31eb615b-f7bb-4b8e-a3c3-d7993f94d9ea,c1,DROP,687,?,x12,
1768857358.6450095,FORWARDED,8a055d58-e1ea-43c4-9630-de4b029046fc,31eb615b-f7bb-4b8e-a3c3-d7993f94d9ea,c1,DROP,687,?,x12,
1768857358.772392,RECEIVED,a6f5be9c-38fe-4c00-817d-72dc3f2c72bc,e9159963-2dfa-45ce-ac3c-c07d018996e2,c5,c1,1584,e6,?,
1768857358.8473787,RECEIVED,f866eb25-71e3-4ebd-966b-6a04f4a219fa,bd2b6608-fa85-4dfa-8e7d-b402519ee327,c2,c1,1455,e12,?,
1768857358.8622582,SENT,48e028fe-edec-4b27-a21c-1436bb5a8809,9c5292b4-a9d2-47a5-b8e7-ed3f865fabba,c5,c3,1113,?,x7,
1768857358.8623009,FORWARDED,48e028fe-edec-4b27-a21c-1436bb5a8809,9c5292b4-a9d2-47a5-b8e7-ed3f865fabba,c5,c3,1113,?,x7,
1768857359.2539153,SENT,a6f5be9c-38fe-4c00-817d-72dc3f2c72bc,e9159963-2dfa-45ce-ac3c-c07d018996e2,c5,c1,1115,?,x4,
1768857359.2539597,FORWARDED,a6f5be9c-38fe-4c00-817d-72dc3f2c72bc,e9159963-2dfa-45ce-ac3c-c07d018996e2,c5,c1,1115,?,x4,
1768857359.4011579,RECEIVED,5c3b705f-65d2-47b6-a93e-1d08240b8d1d,cde728b2-a036-4de0-be8b-478fe6f855c2,c4,c5,1462,e10,?,
1768857359.7696147,SENT,5c3b705f-65d2-47b6-a93e-1d08240b8d1d,cde728b2-a036-4de0-be8b-478fe6f855c2,c4,c5,1025,?,x2,
1768857359.7696552,FORWARDED,5c3b705f-65d2-47b6-a93e-1d08240b8d1d,cde728b2-a036-4de0-be8b-478fe6f855c2,c4,c5,1025,?,x2,
1768857359.8122482,SENT,f866eb25-71e3-4ebd-966b-6a04f4a219fa,bd2b6608-fa85-4dfa-8e7d-b402519ee327,c2,c1,1020,?,x9,
1768857359.812291,FORWARDED,f866eb25-71e3-4ebd-966b-6a04f4a219fa,bd2b6608-fa85-4dfa-8e7d-b402519ee327,c2,c1,1020,?,x9,
1768857359.8903434,RECEIVED,1d5dfbef-b7e4-4920-b58c-1b2231c20bc2,657d5521-83ca-477a-b03d-ae5ee0ec3918,c5,c1,1583,e10,?,
1768857359.8926342,RECEIVED,0bb54e71-c7fa-4779-b142-e01d6cf7b8e9,e2770917-7d5a-4ce8-b8d2-fddd615b94e8,c1,c2,1584,e12,?,
1768857360.1012444,RECEIVED,eeb6e728-5745-4b07-893b-a401a4445b9c,6ed652d7-6789-40f9-845e-d2a965894db1,c5,c3,1443,e8,?,
1768857360.2092483,SENT,0bb54e71-c7fa-4779-b142-e01d6cf7b8e9,e2770917-7d5a-4ce8-b8d2-fddd615b94e8,c1,c2,1116,?,x10,
1768857360.209292,FORWARDED,0bb54e71-c7fa-4779-b142-e01d6cf7b8e9,e2770917-7d5a-4ce8-b8d2-fddd615b94e8,c1,c2,1116,?,x10,
1768857360.271202,RECEIVED,296f6ac7-9f4e-4112-886a-7a0401e4c2fa,75001d31-3f6f-4435-aebb-03454546cf12,c5,c3,1583,e2,?,
1768857360.2903092,RECEIVED,8541b2d5-59fe-4fe3-a776-a994180832aa,d62443dd-a3b2-4ba4-9668-c1f11d4968ed,c1,c5,1452,e5,?,
1768857360.3784745,RECEIVED,19ffe93c-8416-44e1-a28e-f9b356868929,2877fab6-fa20-4b42-82ad-33264e7e758b,c1,c5,1454,e10,?,
1768857360.4182396,RECEIVED,aa99ce5a-af4d-44c8-94e3-865dd4c87901,aab1c2ed-35c1-447d-bb41-5ab359f0c3b1,c5,c3,1456,e11,?,
1768857360.500037,SENT,296f6ac7-9f4e-4112-886a-7a0401e4c2fa,75001d31-3f6f-4435-aebb-03454546cf12,c5,c3,1116,?,x5,
1768857360.5000858,FORWARDED,296f6ac7-9f4e-4112-886a-7a0401e4c2fa,75001d31-3f6f-4435-aebb-03454546cf12,c5,c3,1116,?,x5,
1768857360.6817398,RECEIVED,dac5cb3a-0a2e-4c1f-9508-22edb9b3f8c4,096b1bcf-4a98-4114-a821-4c9864e6ec4a,c3,c5,1583,e4,?,
1768857360.7762828,SENT,19ffe93c-8416-44e1-a28e-f9b356868929,2877fab6-fa20-4b42-82ad-33264e7e758b,c1,c5,1020,?,x7,
1768857360.7763252,FORWARDED,19ffe93c-8416-44e1-a28e-f9b356868929,2877fab6-fa20-4b42-82ad-33264e7e758b,c1,c5,1020,?,x7,
1768857360.9117408,SENT,aa99ce5a-af4d-44c8-94e3-865dd4c87901,aab1c2ed-35c1-447d-bb41-5ab359f0c3b1,c5,c3,1018,?,x8,
1768857360.9117956,FORWARDED,aa99ce5a-af4d-44c8-94e3-865dd4c87901,aab1c2ed-35c1-447d-bb41-5ab359f0c3b1,c5,c3,1018,?,x8,
1768857361.1022208,RECEIVED,889c41f2-752c-48d2-8915-1d97e251e945,076f644d-2032-4a9e-a741-7ed6abbd71ef,c1,DROP,1012,e6,?,
1768857361.1296813,SENT,8541b2d5-59fe-4fe3-a776-a994180832aa,d62443dd-a3b2-4ba4-9668-c1f11d4968ed,c1,c5,1016,?,x10,
1768857361.1297262,FORWARDED,8541b2d5-59fe-4fe3-a776-a994180832aa,d62443dd-a3b2-4ba4-9668-c1f11d4968ed,c1,c5,1016,?,x10,
1768857361.1785464,SENT,889c41f2-752c-48d2-8915-1d97e251e945,076f644d-2032-4a9e-a741-7ed6abbd71ef,c1,DROP,687,?,x3,
1768857361.1788645,FORWARDED,889c41f2-752c-48d2-8915-1d97e251e945,076f644d-2032-4a9e-a741-7ed6abbd71ef,c1,DROP,687,?,x3,
1768857361.200984,SENT,eeb6e728-5745-4b07-893b-a401a4445b9c,6ed652d7-6789-40f9-845e-d2a965894db1,c5,c3,1011,?,x6,
1768857361.201027,FORWARDED,eeb6e728-5745-4b07-893b-a401a4445b9c,6ed652d7-6789-40f9-845e-d2a965894db1,c5,c3,1011,?,x6,
1768857361.352456,SENT,dac5cb3a-0a2e-4c1f-9508-22edb9b3f8c4,096b1bcf-4a98-4114-a821-4c9864e6ec4a,c3,c5,1116,?,x2,
1768857361.3524973,FORWARDED,dac5cb3a-0a2e-4c1f-9508-22edb9b3f8c4,096b1bcf-4a98-4114-a821-4c9864e6ec4a,c3,c5,1116,?,x2,
1768857361.5264773,RECEIVED,842d5359-2e46-4e6c-9f4c-04a6ac3598e2,d69d25cd-b4a0-4e17-987e-64c53d673822,c3,DROP,1008,e1,?,
1768857361.6501186,RECEIVED,36a769db-4442-4135-b02a-94d249fdb280,6df7c6cd-6b7a-481d-902e-1a531a1b30b9,c3,c5,1459,e2,?,
1768857361.8053226,SENT,1d5dfbef-b7e4-4920-b58c-1b2231c20bc2,657d5521-83ca-477a-b03d-ae5ee0ec3918,c5,c1,1114,?,x6,
1768857361.805365,FORWARDED,1d5dfbef-b7e4-4920-b58c-1b2231c20bc2,657d5521-83ca-477a-b03d-ae5ee0ec3918,c5,c1,1114,?,x6,
1768857361.8549845,RECEIVED,1f076316-ddf9-4966-9797-ac7e99fefe4e,88ddf941-6881-4282-9e23-206708c883b6,c2,c1,1466,e11,?,
1768857361.8819542,RECEIVED,c35c97af-8853-432f-a694-e707c51bebc8,26d0fb6f-fccc-4f64-abab-6f7181500c41,c3,c5,1464,e10,?,
1768857361.888319,SENT,842d5359-2e46-4e6c-9f4c-04a6ac3598e2,d69d25cd-b4a0-4e17-987e-64c53d673822,c3,DROP,684,?,x5,
1768857361.8883598,FORWARDED,842d5359-2e46-4e6c-9f4c-04a6ac3598e2,d69d25cd-b4a0-4e17-987e-64c53d673822,c3,DROP,684,?,x5,
1768857361.9066448,SENT,36a769db-4442-4135-b02a-94d249fdb280,6df7c6cd-6b7a-481d-902e-1a531a1b30b9,c3,c5,1021,?,x8,
1768857361.9066875,FORWARDED,36a769db-4442-4135-b02a-94d249fdb280,6df7c6cd-6b7a-481d-902e-1a531a1b30b9,c3,c5,1021,?,x8,
1768857361.9883256,RECEIVED,d05ae452-cefa-4a92-a70d-ea9d0a812f3e,9d608d65-7825-471a-b8a2-7528e9f85b38,c5,c3,1583,e4,?,
1768857362.2320864,SENT,c35c97af-8853-432f-a694-e707c51bebc8,26d0fb6f-fccc-4f64-abab-6f7181500c41,c3,c5,1024,?,x9,
1768857362.2321305,FORWARDED,c35c97af-8853-432f-a694-e707c51bebc8,26d0fb6f-fccc-4f64-abab-6f7181500c41,c3,c5,1024,?,x9,
1768857362.346869,RECEIVED,c74da52e-7bbf-4768-a22c-a096d0c958d0,f2fe2ba1-3fd8-4a69-96e9-4a3994f9cec9,c3,c5,1584,e7,?,
1768857362.4379368,RECEIVED,1876137c-dd3c-4306-a89c-708a5fce98b0,4f8e7181-db87-42c8-9ad6-be46dfbeded5,c4,c5,1456,e8,?,
1768857362.556506,SENT,d05ae452-cefa-4a92-a70d-ea9d0a812f3e,9d608d65-7825-471a-b8a2-7528e9f85b38,c5,c3,1116,?,x5,
1768857362.5565474,FORWARDED,d05ae452-cefa-4a92-a70d-ea9d0a812f3e,9d608d65-7825-471a-b8a2-7528e9f85b38,c5,c3,1116,?,x5,
1768857362.6325064,RECEIVED,4bbe37eb-b886-4d72-a124-cf8a24ce250b,f777d159-406d-4e13-9427-090ea1bc0346,c5,c1,1584,e10,?,
1768857362.719022,SENT,c74da52e-7bbf-4768-a22c-a096d0c958d0,f2fe2ba1-3fd8-4a69-96e9-4a3994f9cec9,c3,c5,1116,?,x11,
1768857362.719086,FORWARDED,c74da52e-7bbf-4768-a22c-a096d0c958d0,f2fe2ba1-3fd8-4a69-96e9-4a3994f9cec9,c3,c5,1116,?,x11,
1768857363.1514127,SENT,1876137c-dd3c-4306-a89c-708a5fce98b0,4f8e7181-db87-42c8-9ad6-be46dfbeded5,c4,c5,1019,?,x10,
1768857363.151464,FORWARDED,1876137c-dd3c-4306-a89c-708a5fce98b0,4f8e7181-db87-42c8-9ad6-be46dfbeded5,c4,c5,1019,?,x10,
1768857363.3257117,SENT,4bbe37eb-b886-4d72-a124-cf8a24ce250b,f777d159-406d-4e13-9427-090ea1bc0346,c5,c1,1116,?,x12,
1768857363.3257623,FORWARDED,4bbe37eb-b886-4d72-a124-cf8a24ce250b,f777d159-406d-4e13-9427-090ea1bc0346,c5,c1,1116,?,x12,
1768857363.3593783,RECEIVED,c91fa1c1-f84e-4835-97e8-7d704998ced0,ed39921b-3e36-49b3-b343-06d704fe8a52,c4,c5,1456,e8,?,
1768857363.4363503,RECEIVED,6c027948-7002-42ee-a14f-f7e1b9db8b82,a1852140-1b85-4cd7-b05a-1a72914f33f6,c5,c4,1584,e11,?,
1768857363.4783928,RECEIVED,b19cc532-0a57-4592-ab9a-65fed6f15693,5eb6d08e-e320-4fda-8b1e-71febc7e45ad,c4,c5,1455,e11,?,
1768857363.9114578,RECEIVED,171dd167-fe59-430b-a032-293f2b3b4d23,b429b5fe-9b4e-492a-a0ba-5120745732a2,c1,c2,1584,e5,?,
1768857363.9116204,RECEIVED,5d30eae9-f71c-4cd5-a90b-60eab3227bcc,e389e026-8011-4cb5-9a89-be68b08483b5,c5,c3,1585,e10,?,
1768857363.9415798,SENT,5d30eae9-f71c-4cd5-a90b-60eab3227bcc,e389e026-8011-4cb5-9a89-be68b08483b5,c5,c3,1115,?,x8,
1768857363.9416165,FORWARDED,5d30eae9-f71c-4cd5-a90b-60eab3227bcc,e389e026-8011-4cb5-9a89-be68b08483b5,c5,c3,1115,?,x8,
1768857363.9525895,SENT,6c027948-7002-42ee-a14f-f7e1b9db8b82,a1852140-1b85-4cd7-b05a-1a72914f33f6,c5,c4,1116,?,x12,
1768857363.9526327,FORWARDED,6c027948-7002-42ee-a14f-f7e1b9db8b82,a1852140-1b85-4cd7-b05a-1a72914f33f6,c5,c4,1116,?,x12,
1768857363.9777355,RECEIVED,31f285cf-5f8d-4094-8614-f8b58c7ed8c8,0e203b67-e2c4-485f-8503-5a7686699ec2,c5,c3,1445,e4,?,
1768857364.0192623,SENT,b19cc532-0a57-4592-ab9a-65fed6f15693,5eb6d08e-e320-4fda-8b1e-71febc7e45ad,c4,c5,1019,?,x5,
1768857364.0194504,FORWARDED,b19cc532-0a57-4592-ab9a-65fed6f15693,5eb6d08e-e320-4fda-8b1e-71febc7e45ad,c4,c5,1019,?,x5,
1768857364.0381591,SENT,c91fa1c1-f84e-4835-97e8-7d704998ced0,ed39921b-3e36-49b3-b343-06d704fe8a52,c4,c5,1020,?,x10,
1768857364.0381906,FORWARDED,c91fa1c1-f84e-4835-97e8-7d704998ced0,ed39921b-3e36-49b3-b343-06d704fe8a52,c4,c5,1020,?,x10,
1768857364.1577923,SENT,171dd167-fe59-430b-a032-293f2b3b4d23,b429b5fe-9b4e-492a-a0ba-5120745732a2,c1,c2,1115,?,x9,
1768857364.157832,FORWARDED,171dd167-fe59-430b-a032-293f2b3b4d23,b429b5fe-9b4e-492a-a0ba-5120745732a2,c1,c2,1115,?,x9,
1768857364.16711,RECEIVED,05fa7005-1bf1-44d0-aeaa-8d118c8e4925,e6223e27-2b7e-4d52-a452-3c8acf50b6a1,c5,c3,1444,e7,?,
1768857364.24677,RECEIVED,a4a6517d-fd07-4874-a92c-b521257256c1,cfc201df-28a0-43b0-91bc-0d28caabfd46,c5,c3,1450,e7,?,
1768857364.295031,RECEIVED,fba54ea3-d7a6-4918-aeae-d9eb618e4e9c,9de343d6-efb8-49d6-9fac-2bb718f67e57,c1,c2,1569,e2,?,
1768857364.3490646,RECEIVED,93fe1579-0ce0-40b8-8905-293a82f976f3,9ca554e7-f346-4389-b220-bbf375b4a8e7,c5,c3,1584,e6,?,
1768857364.3626933,SENT,fba54ea3-d7a6-4918-aeae-d9eb618e4e9c,9de343d6-efb8-49d6-9fac-2bb718f67e57,c1,c2,1103,?,x9,
1768857364.3627443,FORWARDED,fba54ea3-d7a6-4918-aeae-d9eb618e4e9c,9de343d6-efb8-49d6-9fac-2bb718f67e57,c1,c2,1103,?,x9,
1768857364.370781,SENT,31f285cf-5f8d-4094-8614-f8b58c7ed8c8,0e203b67-e2c4-485f-8503-5a7686699ec2,c5,c3,1011,?,x12,
1768857364.3713388,FORWARDED,31f285cf-5f8d-4094-8614-f8b58c7ed8c8,0e203b67-e2c4-485f-8503-5a7686699ec2,c5,c3,1011,?,x12,
1768857364.4093015,SENT,93fe1579-0ce0-40b8-8905-293a82f976f3,9ca554e7-f346-4389-b220-bbf375b4a8e7,c5,c3,1114,?,x1,
1768857364.409346,FORWARDED,93fe1579-0ce0-40b8-8905-293a82f976f3,9ca554e7-f346-4389-b220-bbf375b4a8e7,c5,c3,1114,?,x1,
1768857364.4865901,SENT,05fa7005-1bf1-44d0-aeaa-8d118c8e4925,e6223e27-2b7e-4d52-a452-3c8acf50b6a1,c5,c3,1011,?,x6,
1768857364.4866316,FORWARDED,05fa7005-1bf1-44d0-aeaa-8d118c8e4925,e6223e27-2b7e-4d52-a452-3c8acf50b6a1,c5,c3,1011,?,x6,
1768857364.4906538,RECEIVED,cecadc44-1ad6-42b2-8a6d-e240f68b2525,3491d68f-cf33-4f9e-b933-d065b8b1a02e,c1,DROP,1019,e10,?,
1768857364.6008074,RECEIVED,71dac37b-09bf-4ac4-9502-677f15a9f06b,7d01e798-8107-463f-a795-4a3a8c60e24a,c5,DROP,1020,e10,?,
1768857364.632132,SENT,cecadc44-1ad6-42b2-8a6d-e240f68b2525,3491d68f-cf33-4f9e-b933-d065b8b1a02e,c1,DROP,691,?,x7,
1768857364.6321728,FORWARDED,cecadc44-1ad6-42b2-8a6d-e240f68b2525,3491d68f-cf33-4f9e-b933-d065b8b1a02e,c1,DROP,691,?,x7,
1768857364.7792978,SENT,71dac37b-09bf-4ac4-9502-677f15a9f06b,7d01e798-8107-463f-a795-4a3a8c60e24a,c5,DROP,692,?,x7,
1768857364.7793405,FORWARDED,71dac37b-09bf-4ac4-9502-677f15a9f06b,7d01e798-8107-463f-a795-4a3a8c60e24a,c5,DROP,692,?,x7,
1768857364.8276012,SENT,a4a6517d-fd07-4874-a92c-b521257256c1,cfc201df-28a0-43b0-91bc-0d28caabfd46,c5,c3,1016,?,x8,
1768857364.8276424,FORWARDED,a4a6517d-fd07-4874-a92c-b521257256c1,cfc201df-28a0-43b0-91bc-0d28caabfd46,c5,c3,1016,?,x8,
1768857364.928442,RECEIVED,f475998c-5128-437f-9ca0-033932d05863,81cedf5b-3a6b-4403-ae73-650aafa633b9,c3,c5,1459,e5,?,
1768857365.5430334,RECEIVED,68f27ff5-89ab-4448-a3b8-e9a1a0e5db01,1a67bf64-ad8a-4e10-8387-7f0a64f224f6,c2,c1,1455,e11,?,
1768857365.6483848,SENT,f475998c-5128-437f-9ca0-033932d05863,81cedf5b-3a6b-4403-ae73-650aafa633b9,c3,c5,1023,?,x4,
1768857365.6484268,FORWARDED,f475998c-5128-437f-9ca0-033932d05863,81cedf5b-3a6b-4403-ae73-650aafa633b9,c3,c5,1023,?,x4,
1768857365.9539318,SENT,68f27ff5-89ab-4448-a3b8-e9a1a0e5db01,1a67bf64-ad8a-4e10-8387-7f0a64f224f6,c2,c1,1018,?,x2,
1768857365.953977,FORWARDED,68f27ff5-89ab-4448-a3b8-e9a1a0e5db01,1a67bf64-ad8a-4e10-8387-7f0a64f224f6,c2,c1,1018,?,x2,
1768857366.1969337,RECEIVED,394a67a0-1e65-42f5-80cb-d48a6b170a4e,251b1d35-5de8-487d-85b8-8ecbeab927d7,c3,c5,1583,e10,?,
1768857366.449717,RECEIVED,4e023867-b3d8-46f2-b648-9f296ef75dab,23347843-5a29-4669-8c06-fa867abccac9,c3,c5,1584,e4,?,
1768857366.4712436,SENT,394a67a0-1e65-42f5-80cb-d48a6b170a4e,251b1d35-5de8-487d-85b8-8ecbeab927d7,c3,c5,1115,?,x3,
1768857366.471285,FORWARDED,394a67a0-1e65-42f5-80cb-d48a6b170a4e,251b1d35-5de8-487d-85b8-8ecbeab927d7,c3,c5,1115,?,x3,
1768857366.5135841,RECEIVED,f8d67def-98a6-4252-883e-ce6a8a413f40,ae6ce2d9-acd5-4575-ae8f-46c9b894d042,c5,DROP,1020,e1,?,
1768857366.5333855,SENT,4e023867-b3d8-46f2-b648-9f296ef75dab,23347843-5a29-4669-8c06-fa867abccac9,c3,c5,1115,?,x9,
1768857366.5334337,FORWARDED,4e023867-b3d8-46f2-b648-9f296ef75dab,23347843-5a29-4669-8c06-fa867abccac9,c3,c5,1115,?,x9,
1768857366.5453866,RECEIVED,69d05cce-e07e-4df5-98a6-4c54b86cdcda,5da97321-cfae-4d1b-ab93-4e0fb0619da1,c5,c3,1583,e2,?,
1768857366.6470065,RECEIVED,8ccadb5f-944d-405d-a1cd-22b69236cf8f,9d4f3ee3-7cc6-427e-8f8f-c0805564104c,c4,c5,1447,e3,?,
1768857366.9450147,SENT,1f076316-ddf9-4966-9797-ac7e99fefe4e,88ddf941-6881-4282-9e23-206708c883b6,c2,c1,1028,?,x4,
1768857366.9450655,FORWARDED,1f076316-ddf9-4966-9797-ac7e99fefe4e,88ddf941-6881-4282-9e23-206708c883b6,c2,c1,1028,?,x4,
1768857366.985582,SENT,8ccadb5f-944d-405d-a1cd-22b69236cf8f,9d4f3ee3-7cc6-427e-8f8f-c0805564104c,c4,c5,1013,?,x3,
1768857366.9857707,FORWARDED,8ccadb5f-944d-405d-a1cd-22b69236cf8f,9d4f3ee3-7cc6-427e-8f8f-c0805564104c,c4,c5,1013,?,x3,
1768857367.0392535,RECEIVED,cf0016c0-e39d-4c3a-a16b-6a96c97b25e0,9afdcf4a-6e52-4da2-9a14-107c475b3df4,c3,c5,1583,e4,?,
1768857367.1659825,RECEIVED,2ace7e2d-08e1-43f2-aa93-ea4bec0d533d,81abe51e-efdc-4f83-8cc3-3c0ef162d340,c2,c1,1455,e3,?,
1768857367.1732135,RECEIVED,f96b1b62-7a71-419a-a1ca-85aedb61d19c,ebde4c08-038a-4896-a88b-04ed6e8b7ffa,c2,c1,1454,e12,?,
1768857367.2828615,SENT,69d05cce-e07e-4df5-98a6-4c54b86cdcda,5da97321-cfae-4d1b-ab93-4e0fb0619da1,c5,c3,1116,?,x3,
1768857367.2828991,FORWARDED,69d05cce-e07e-4df5-98a6-4c54b86cdcda,5da97321-cfae-4d1b-ab93-4e0fb0619da1,c5,c3,1116,?,x3,
1768857367.3828268,RECEIVED,c8f5a885-5b2e-4d46-8725-a1d1832eab82,f2867d38-ec95-400d-8dff-8d2656c0a35c,c3,c5,1582,e10,?,
1768857367.4743564,RECEIVED,0a7498f3-b2f9-431d-95f1-297ad522b5e9,9b691ace-ddaf-46a6-8a44-1035ed98a149,c1,c5,1455,e1,?,
1768857367.534245,SENT,c8f5a885-5b2e-4d46-8725-a1d1832eab82,f2867d38-ec95-400d-8dff-8d2656c0a35c,c3,c5,1116,?,x4,
1768857367.5342877,FORWARDED,c8f5a885-5b2e-4d46-8725-a1d1832eab82,f2867d38-ec95-400d-8dff-8d2656c0a35c,c3,c5,1116,?,x4,
1768857367.6299648,RECEIVED,960c1ffa-76c4-40eb-85c1-6860079afd93,9ab476be-1771-46d4-8b90-911c6f422ea3,c1,c2,1584,e12,?,
1768857367.6730149,RECEIVED,df2cd9fa-fcbc-45eb-9f88-1cb3e7ad745e,9d8cb902-d433-40eb-988e-f869b327a4f1,c1,c5,1462,e3,?,
1768857367.6967242,SENT,960c1ffa-76c4-40eb-85c1-6860079afd93,9ab476be-1771-46d4-8b90-911c6f422ea3,c1,c2,1116,?,x2,
1768857367.6967664,FORWARDED,960c1ffa-76c4-40eb-85c1-6860079afd93,9ab476be-1771-46d4-8b90-911c6f422ea3,c1,c2,1116,?,x2,
1768857367.714613,SENT,f8d67def-98a6-4252-883e-ce6a8a413f40,ae6ce2d9-acd5-4575-ae8f-46c9b894d042,c5,DROP,691,?,x11,
1768857367.7146566,FORWARDED,f8d67def-98a6-4252-883e-ce6a8a413f40,ae6ce2d9-acd5-4575-ae8f-46c9b894d042,c5,DROP,691,?,x11,
1768857367.96498,SENT,2ace7e2d-08e1-43f2-aa93-ea4bec0d533d,81abe51e-efdc-4f83-8cc3-3c0ef162d340,c2,c1,1019,?,x5,
1768857367.965021,FORWARDED,2ace7e2d-08e1-43f2-aa93-ea4bec0d533d,81abe51e-efdc-4f83-8cc3-3c0ef162d340,c2,c1,1019,?,x5,
1768857368.130463,SENT,cf0016c0-e39d-4c3a-a16b-6a96c97b25e0,9afdcf4a-6e52-4da2-9a14-107c475b3df4,c3,c5,1115,?,x7,
1768857368.1305044,FORWARDED,cf0016c0-e39d-4c3a-a16b-6a96c97b25e0,9afdcf4a-6e52-4da2-9a14-107c475b3df4,c3,c5,1115,?,x7,
1768857368.150232,RECEIVED,0afa8f0f-0ae1-4f4f-817c-f976917e1098,0373abb2-270b-48b3-a8f8-64a0365ed9a8,c5,c3,1568,e6,?,
1768857368.2161353,SENT,f96b1b62-7a71-419a-a1ca-85aedb61d19c,ebde4c08-038a-4896-a88b-04ed6e8b7ffa,c2,c1,1019,?,x7,
1768857368.216175,FORWARDED,f96b1b62-7a71-419a-a1ca-85aedb61d19c,ebde4c08-038a-4896-a88b-04ed6e8b7ffa,c2,c1,1019,?,x7,
1768857368.3078287,RECEIVED,18247517-b3e4-4ff4-bad3-bce9cb67ebc6,17f84279-849d-411a-8b42-03e910e139dd,c5,DROP,1020,e11,?,
1768857368.3934493,SENT,0afa8f0f-0ae1-4f4f-817c-f976917e1098,0373abb2-270b-48b3-a8f8-64a0365ed9a8,c5,c3,1104,?,x5,
1768857368.3934944,FORWARDED,0afa8f0f-0ae1-4f4f-817c-f976917e1098,0373abb2-270b-48b3-a8f8-64a0365ed9a8,c5,c3,1104,?,x5,
1768857368.427306,SENT,0a7498f3-b2f9-431d-95f1-297ad522b5e9,9b691ace-ddaf-46a6-8a44-1035ed98a149,c1,c5,1019,?,x2,
1768857368.427347,FORWARDED,0a7498f3-b2f9-431d-95f1-297ad522b5e9,9b691ace-ddaf-46a6-8a44-1035ed98a149,c1,c5,1019,?,x2,
1768857368.464979,RECEIVED,2c23788a-3d20-499d-900d-d63fdf8ee535,ca624581-b8c0-443a-a17e-b8a910670e19,c1,c5,1455,e3,?,
1768857368.487122,RECEIVED,e4279b95-1d71-49fb-ad3e-a8f5e81980fb,f1d54825-978c-4f6a-b53c-dcaafc93ed1c,c5,c3,1460,e4,?,
1768857368.4996064,SENT,df2cd9fa-fcbc-45eb-9f88-1cb3e7ad745e,9d8cb902-d433-40eb-988e-f869b327a4f1,c1,c5,1024,?,x5,
1768857368.4996572,FORWARDED,df2cd9fa-fcbc-45eb-9f88-1cb3e7ad745e,9d8cb902-d433-40eb-988e-f869b327a4f1,c1,c5,1024,?,x5,
1768857368.5176344,RECEIVED,7f102433-bb32-4192-bdcf-a24dbb9f3235,94bfc82e-d039-436a-b056-27188fc4b427,c3,c5,1580,e7,?,
1768857368.581458,RECEIVED,148f6c79-deec-4ce3-94c5-8f89cb821459,23f0ecaf-ed81-405b-b32d-0bfa126e22e3,c3,DROP,441,x5,?,
1768857368.6433337,RECEIVED,6b1c9acc-4a30-487d-8410-af8f219fd907,8170f91d-bff1-4d9a-9f18-a76a54edaed0,c3,DROP,442,x5,?,
1768857368.661814,SENT,7f102433-bb32-4192-bdcf-a24dbb9f3235,94bfc82e-d039-436a-b056-27188fc4b427,c3,c5,1112,?,x2,
1768857368.6618564,FORWARDED,7f102433-bb32-4192-bdcf-a24dbb9f3235,94bfc82e-d039-436a-b056-27188fc4b427,c3,c5,1112,?,x2,
1768857368.6639967,RECEIVED,89399657-4314-4398-81fd-33c4198d50cd,ab77b86c-927f-40f3-a20e-fd9e2de22ff9,c1,c5,1448,e1,?,
1768857368.682962,SENT,18247517-b3e4-4ff4-bad3-bce9cb67ebc6,17f84279-849d-411a-8b42-03e910e139dd,c5,DROP,693,?,x7,
1768857368.683007,FORWARDED,18247517-b3e4-4ff4-bad3-bce9cb67ebc6,17f84279-849d-411a-8b42-03e910e139dd,c5,DROP,693,?,x7,
1768857368.8057585,RECEIVED,6486b8f5-7eed-4765-8a23-82fa46762343,88226f8b-4129-404b-b0fd-bda77ba81b9d,c4,c5,1451,e4,?,
1768857368.8104422,SENT,2c23788a-3d20-499d-900d-d63fdf8ee535,ca624581-b8c0-443a-a17e-b8a910670e19,c1,c5,1020,?,x6,
1768857368.8104835,FORWARDED,2c23788a-3d20-499d-900d-d63fdf8ee535,ca624581-b8c0-443a-a17e-b8a910670e19,c1,c5,1020,?,x6,
1768857368.8389192,SENT,e4279b95-1d71-49fb-ad3e-a8f5e81980fb,f1d54825-978c-4f6a-b53c-dcaafc93ed1c,c5,c3,1023,?,x1,
1768857368.8389616,FORWARDED,e4279b95-1d71-49fb-ad3e-a8f5e81980fb,f1d54825-978c-4f6a-b53c-dcaafc93ed1c,c5,c3,1023,?,x1,
1768857368.8884556,SENT,89399657-4314-4398-81fd-33c4198d50cd,ab77b86c-927f-40f3-a20e-fd9e2de22ff9,c1,c5,1012,?,x3,
1768857368.8884945,FORWARDED,89399657-4314-4398-81fd-33c4198d50cd,ab77b86c-927f-40f3-a20e-fd9e2de22ff9,c1,c5,1012,?,x3,
1768857368.943212,SENT,6486b8f5-7eed-4765-8a23-82fa46762343,88226f8b-4129-404b-b0fd-bda77ba81b9d,c4,c5,1015,?,x3,
1768857368.943255,FORWARDED,6486b8f5-7eed-4765-8a23-82fa46762343,88226f8b-4129-404b-b0fd-bda77ba81b9d,c4,c5,1015,?,x3,
1768857369.0016155,RECEIVED,f9a700c5-e663-4413-95ab-bc36abc79bf7,e10bfdd4-c1ed-41b4-85f8-7d22cf6ef9a2,c4,c5,1452,e5,?,
1768857369.031778,RECEIVED,484fe6f8-cbd5-4a76-a2b0-e81fd9d51c74,b8a1db07-e650-4d95-953d-6cc4b0f103f9,c2,c1,1457,e7,?,
1768857369.096399,SENT,f9a700c5-e663-4413-95ab-bc36abc79bf7,e10bfdd4-c1ed-41b4-85f8-7d22cf6ef9a2,c4,c5,1015,?,x2,
1768857369.0965533,FORWARDED,f9a700c5-e663-4413-95ab-bc36abc79bf7,e10bfdd4-c1ed-41b4-85f8-7d22cf6ef9a2,c4,c5,1015,?,x2,
1768857369.1078224,RECEIVED,9ca65a19-cdf5-45ae-ae48-de4c980163a7,bc33be74-48d1-47a9-80b2-1de1f1b69fa2,c1,c5,1464,e3,?,
1768857369.1149137,RECEIVED,52fdb312-d752-4db8-a6d3-1d3876567ea6,fef2d31a-a83d-474a-98da-e171b59e639e,c5,c3,1456,e7,?,
1768857369.3350868,RECEIVED,7049bfc1-66f2-4c47-abda-a20393aad98c,53585a07-b9b8-4157-b01f-97c90c7ccea1,c5,c3,1455,e4,?,
1768857369.346648,SENT,52fdb312-d752-4db8-a6d3-1d3876567ea6,fef2d31a-a83d-474a-98da-e171b59e639e,c5,c3,1020,?,x3,
1768857369.3466883,FORWARDED,52fdb312-d752-4db8-a6d3-1d3876567ea6,fef2d31a-a83d-474a-98da-e171b59e639e,c5,c3,1020,?,x3,
1768857369.4323347,SENT,484fe6f8-cbd5-4a76-a2b0-e81fd9d51c74,b8a1db07-e650-4d95-953d-6cc4b0f103f9,c2,c1,1019,?,x12,
1768857369.4323752,FORWARDED,484fe6f8-cbd5-4a76-a2b0-e81fd9d51c74,b8a1db07-e650-4d95-953d-6cc4b0f103f9,c2,c1,1019,?,x12,
1768857369.6155071,RECEIVED,c729e37f-964f-4bd2-8747-fd90063da2a4,937c5cdb-01ae-43ac-b524-68f7b5d51af9,c2,DROP,1008,e2,?,
1768857369.717271,SENT,7049bfc1-66f2-4c47-abda-a20393aad98c,53585a07-b9b8-4157-b01f-97c90c7ccea1,c5,c3,1020,?,x5,
1768857369.71731,FORWARDED,7049bfc1-66f2-4c47-abda-a20393aad98c,53585a07-b9b8-4157-b01f-97c90c7ccea1,c5,c3,1020,?,x5,
1768857369.747208,SENT,c729e37f-964f-4bd2-8747-fd90063da2a4,937c5cdb-01ae-43ac-b524-68f7b5d51af9,c2,DROP,683,?,x6,
1768857369.7472484,FORWARDED,c729e37f-964f-4bd2-8747-fd90063da2a4,937c5cdb-01ae-43ac-b524-68f7b5d51af9,c2,DROP,683,?,x6,
1768857370.0733747,RECEIVED,93f64610-2e66-4e12-b04a-47b14c67d7ef,79ed83aa-ed14-4f52-8ebf-63f04cdbd3df,c4,c5,1463,e7,?,
1768857370.102686,RECEIVED,796336be-be9c-4ab2-a137-1d05b53a6fcf,f9d2db17-b6fe-46db-94c2-d33a31af35a8,c3,c5,1464,e8,?,
1768857370.2343569,SENT,9ca65a19-cdf5-45ae-ae48-de4c980163a7,bc33be74-48d1-47a9-80b2-1de1f1b69fa2,c1,c5,1024,?,x12,
1768857370.2343974,FORWARDED,9ca65a19-cdf5-45ae-ae48-de4c980163a7,bc33be74-48d1-47a9-80b2-1de1f1b69fa2,c1,c5,1024,?,x12,
1768857370.364489,SENT,796336be-be9c-4ab2-a137-1d05b53a6fcf,f9d2db17-b6fe-46db-94c2-d33a31af35a8,c3,c5,1024,?,x2,
1768857370.364534,FORWARDED,796336be-be9c-4ab2-a137-1d05b53a6fcf,f9d2db17-b6fe-46db-94c2-d33a31af35a8,c3,c5,1024,?,x2,
1768857370.3782494,RECEIVED,ec34aecb-954d-4fc4-a6b6-865ef7fc0589,d6f35790-a0a6-4ef1-b4e1-5d29ef6e2bc3,c3,DROP,1013,e3,?,
1768857370.4675868,SENT,ec34aecb-954d-4fc4-a6b6-865ef7fc0589,d6f35790-a0a6-4ef1-b4e1-5d29ef6e2bc3,c3,DROP,685,?,x7,
1768857370.4676273,FORWARDED,ec34aecb-954d-4fc4-a6b6-865ef7fc0589,d6f35790-a0a6-4ef1-b4e1-5d29ef6e2bc3,c3,DROP,685,?,x7,
1768857370.5153081,RECEIVED,031239f8-6bd5-42cd-be17-5683fa396bf0,270c7556-de81-4cec-8c14-490d6d2b51da,c1,c5,1457,e10,?,
1768857370.5908515,SENT,031239f8-6bd5-42cd-be17-5683fa396bf0,270c7556-de81-4cec-8c14-490d6d2b51da,c1,c5,1019,?,x12,
1768857370.590894,FORWARDED,031239f8-6bd5-42cd-be17-5683fa396bf0,270c7556-de81-4cec-8c14-490d6d2b51da,c1,c5,1019,?,x12,
1768857370.7461429,RECEIVED,f4f813fb-3dfd-48b6-8562-2f86e36b9f8d,c318257a-9bb2-4cc1-b0c1-496d1665c76f,c5,c1,1580,e2,?,
1768857370.7931156,SENT,f4f813fb-3dfd-48b6-8562-2f86e36b9f8d,c318257a-9bb2-4cc1-b0c1-496d1665c76f,c5,c1,1111,?,x5,
1768857370.793157,FORWARDED,f4f813fb-3dfd-48b6-8562-2f86e36b9f8d,c318257a-9bb2-4cc1-b0c1-496d1665c76f,c5,c1,1111,?,x5,
1768857371.0899878,RECEIVED,e7478bc2-a559-4913-9cfa-14ee35b43b11,bad3a383-afbf-4563-bcfa-569d26a99071,c3,c5,1576,e6,?,
1768857371.1871793,RECEIVED,7024d807-1bab-4556-b697-0d9e238210f5,8f256039-dee7-4b86-b325-dd1dff2e999c,c3,c5,1584,e11,?,
1768857371.292525,RECEIVED,9a492f6b-956f-44f6-ac63-6e23de0fb738,e3563d9c-63fe-4af2-89f7-54df476fc2a4,c5,DROP,1019,e10,?,
1768857371.3056254,SENT,93f64610-2e66-4e12-b04a-47b14c67d7ef,79ed83aa-ed14-4f52-8ebf-63f04cdbd3df,c4,c5,1024,?,x3,
1768857371.3056924,FORWARDED,93f64610-2e66-4e12-b04a-47b14c67d7ef,79ed83aa-ed14-4f52-8ebf-63f04cdbd3df,c4,c5,1024,?,x3,
1768857371.3459182,SENT,7024d807-1bab-4556-b697-0d9e238210f5,8f256039-dee7-4b86-b325-dd1dff2e999c,c3,c5,1115,?,x9,
1768857371.345962,FORWARDED,7024d807-1bab-4556-b697-0d9e238210f5,8f256039-dee7-4b86-b325-dd1dff2e999c,c3,c5,1115,?,x9,
1768857371.4837918,SENT,e7478bc2-a559-4913-9cfa-14ee35b43b11,bad3a383-afbf-4563-bcfa-569d26a99071,c3,c5,1109,?,x9,
1768857371.4838352,FORWARDED,e7478bc2-a559-4913-9cfa-14ee35b43b11,bad3a383-afbf-4563-bcfa-569d26a99071,c3,c5,1109,?,x9,
1768857371.5137227,RECEIVED,9c202531-9578-49aa-ba58-a1f07fb87ec5,9bed0285-2f99-4055-b4ee-c02a1e208934,c3,c5,1568,e11,?,
1768857371.5566604,RECEIVED,6ee0fc87-58ad-4d4c-ae8c-943b2470331c,2f341edd-c052-40e5-b717-c4ba2c3e1092,c5,c4,1583,e3,?,
1768857371.5878477,SENT,9c202531-9578-49aa-ba58-a1f07fb87ec5,9bed0285-2f99-4055-b4ee-c02a1e208934,c3,c5,1104,?,x6,
1768857371.5878952,FORWARDED,9c202531-9578-49aa-ba58-a1f07fb87ec5,9bed0285-2f99-4055-b4ee-c02a1e208934,c3,c5,1104,?,x6,
1768857371.8520179,SENT,6ee0fc87-58ad-4d4c-ae8c-943b2470331c,2f341edd-c052-40e5-b717-c4ba2c3e1092,c5,c4,1116,?,x1,
1768857371.8520713,FORWARDED,6ee0fc87-58ad-4d4c-ae8c-943b2470331c,2f341edd-c052-40e5-b717-c4ba2c3e1092,c5,c4,1116,?,x1,
1768857371.917527,RECEIVED,1272240b-e8de-406b-a22f-aa76c1c55b4a,5fbaa114-904d-4936-8c70-248e4faef8ef,c5,c1,1584,e7,?,
1768857372.0957286,RECEIVED,51e2c22d-fc20-4ea2-bb5f-047cb5d752f0,f3752afa-0892-45c9-8487-86b356eee911,c3,c5,1460,e2,?,
1768857372.1116347,SENT,9a492f6b-956f-44f6-ac63-6e23de0fb738,e3563d9c-63fe-4af2-89f7-54df476fc2a4,c5,DROP,693,?,x4,
1768857372.111678,FORWARDED,9a492f6b-956f-44f6-ac63-6e23de0fb738,e3563d9c-63fe-4af2-89f7-54df476fc2a4,c5,DROP,693,?,x4,
1768857372.2384126,RECEIVED,dc07f8ae-4d38-4dea-8f01-96ab6057bfb5,14793f6b-51f3-443b-8dbb-8b0fa1eee2f7,c3,c5,1463,e5,?,
1768857372.284354,SENT,1272240b-e8de-406b-a22f-aa76c1c55b4a,5fbaa114-904d-4936-8c70-248e4faef8ef,c5,c1,1115,?,x9,
1768857372.284397,FORWARDED,1272240b-e8de-406b-a22f-aa76c1c55b4a,5fbaa114-904d-4936-8c70-248e4faef8ef,c5,c1,1115,?,x9,
1768857372.294364,RECEIVED,e1ca16ae-996d-4995-89f0-96f0f6939cdb,f14480ff-c71a-4ef9-8ff2-1d7d8b7f8710,c3,c5,1460,e8,?,
1768857372.3570704,RECEIVED,ab61a616-5d8f-40dc-8d6a-da2062bc7163,c21342f1-8e16-47f9-b439-61dad42801ec,c2,DROP,447,x5,?,
1768857372.4017153,SENT,dc07f8ae-4d38-4dea-8f01-96ab6057bfb5,14793f6b-51f3-443b-8dbb-8b0fa1eee2f7,c3,c5,1024,?,x1,
1768857372.4017744,FORWARDED,dc07f8ae-4d38-4dea-8f01-96ab6057bfb5,14793f6b-51f3-443b-8dbb-8b0fa1eee2f7,c3,c5,1024,?,x1,
1768857372.4301136,SENT,51e2c22d-fc20-4ea2-bb5f-047cb5d752f0,f3752afa-0892-45c9-8487-86b356eee911,c3,c5,1023,?,x5,
1768857372.4301648,FORWARDED,51e2c22d-fc20-4ea2-bb5f-047cb5d752f0,f3752afa-0892-45c9-8487-86b356eee911,c3,c5,1023,?,x5,
1768857372.665087,SENT,e1ca16ae-996d-4995-89f0-96f0f6939cdb,f14480ff-c71a-4ef9-8ff2-1d7d8b7f8710,c3,c5,1021,?,x11,
1768857372.6651297,FORWARDED,e1ca16ae-996d-4995-89f0-96f0f6939cdb,f14480ff-c71a-4ef9-8ff2-1d7d8b7f8710,c3,c5,1021,?,x11,
1768857372.708821,RECEIVED,e4037d90-89b8-4287-9925-e760cfbaaad4,aa501bcf-e92b-4da8-a4de-fdc1c4627edc,c1,c5,1455,e4,?,
1768857373.2871177,RECEIVED,f7de839b-9e8d-44d6-a8d7-50b969eda982,888af76c-1772-4262-bda1-f7886f3159dd,c2,c1,1452,e3,?,
1768857373.3120763,RECEIVED,cc22496d-2f5b-4cec-9058-6f76822814a4,f3f1bb84-70c8-4d2d-a6f1-d77e61994757,c3,c5,1568,e1,?,
1768857373.5144112,SENT,e4037d90-89b8-4287-9925-e760cfbaaad4,aa501bcf-e92b-4da8-a4de-fdc1c4627edc,c1,c5,1020,?,x3,
1768857373.5144517,FORWARDED,e4037d90-89b8-4287-9925-e760cfbaaad4,aa501bcf-e92b-4da8-a4de-fdc1c4627edc,c1,c5,1020,?,x3,
1768857373.5255685,SENT,cc22496d-2f5b-4cec-9058-6f76822814a4,f3f1bb84-70c8-4d2d-a6f1-d77e61994757,c3,c5,1103,?,x4,
1768857373.5256095,FORWARDED,cc22496d-2f5b-4cec-9058-6f76822814a4,f3f1bb84-70c8-4d2d-a6f1-d77e61994757,c3,c5,1103,?,x4,
1768857373.7328672,SENT,f7de839b-9e8d-44d6-a8d7-50b969eda982,888af76c-1772-4262-bda1-f7886f3159dd,c2,c1,1016,?,x6,
1768857373.7329133,FORWARDED,f7de839b-9e8d-44d6-a8d7-50b969eda982,888af76c-1772-4262-bda1-f7886f3159dd,c2,c1,1016,?,x6,
1768857373.8010328,RECEIVED,55c05c5f-27bc-4627-8dba-409a92aea34a,af63c837-a6c0-40af-9749-62d5ba1f66f4,c1,c5,1465,e11,?,
1768857373.8862596,SENT,55c05c5f-27bc-4627-8dba-409a92aea34a,af63c837-a6c0-40af-9749-62d5ba1f66f4,c1,c5,1024,?,x10,
1768857373.886306,FORWARDED,55c05c5f-27bc-4627-8dba-409a92aea34a,af63c837-a6c0-40af-9749-62d5ba1f66f4,c1,c5,1024,?,x10,
1768857374.1946595,RECEIVED,a231b0ca-6b40-4551-bcdf-7855e9f1d165,9107a182-0fa3-4eaf-a88e-30db7228bd71,c3,c5,1455,e4,?,
1768857374.3234138,RECEIVED,57bbb5f1-c23e-4702-b36f-a7f86d126390,7400a381-0c42-4fe5-beea-993e468ea999,c5,c1,1579,e2,?,
1768857374.3275292,RECEIVED,5b760fed-439d-4c87-8adf-38f831af1ebf,7bf3ebd9-b114-478e-9cdd-09e3bd46ad05,c4,c5,1460,e6,?,
1768857374.489463,SENT,5b760fed-439d-4c87-8adf-38f831af1ebf,7bf3ebd9-b114-478e-9cdd-09e3bd46ad05,c4,c5,1022,?,x3,
1768857374.4895034,FORWARDED,5b760fed-439d-4c87-8adf-38f831af1ebf,7bf3ebd9-b114-478e-9cdd-09e3bd46ad05,c4,c5,1022,?,x3,
1768857374.6315005,SENT,57bbb5f1-c23e-4702-b36f-a7f86d126390,7400a381-0c42-4fe5-beea-993e468ea999,c5,c1,1111,?,x5,
1768857374.6315424,FORWARDED,57bbb5f1-c23e-4702-b36f-a7f86d126390,7400a381-0c42-4fe5-beea-993e468ea999,c5,c1,1111,?,x5,
1768857374.7036726,SENT,a231b0ca-6b40-4551-bcdf-7855e9f1d165,9107a182-0fa3-4eaf-a88e-30db7228bd71,c3,c5,1019,?,x11,
1768857374.7037127,FORWARDED,a231b0ca-6b40-4551-bcdf-7855e9f1d165,9107a182-0fa3-4eaf-a88e-30db7228bd71,c3,c5,1019,?,x11,
1768857374.7394102,RECEIVED,e592bcda-75a2-4be1-9cb7-9c0ad0e19512,41077ef2-4830-4802-a616-c9fdd5a9022a,c4,c5,1450,e2,?,
1768857374.9470046,RECEIVED,1ef4ad0d-46b2-4291-9186-fd8bf252724d,600e65d7-b350-4bf7-99fc-78b971198163,c3,DROP,1008,e1,?,
1768857375.0462227,SENT,1ef4ad0d-46b2-4291-9186-fd8bf252724d,600e65d7-b350-4bf7-99fc-78b971198163,c3,DROP,684,?,x2,
1768857375.0462651,FORWARDED,1ef4ad0d-46b2-4291-9186-fd8bf252724d,600e65d7-b350-4bf7-99fc-78b971198163,c3,DROP,684,?,x2,
1768857375.0934887,RECEIVED,2273f05e-70a9-497c-a573-a8f3734394bb,00bc4a0b-eaa8-4725-b51e-d3eab35cff75,c4,c5,1455,e1,?,
1768857375.9111924,RECEIVED,076acf32-7cc0-4942-8a5e-a9d40186e175,472b28fe-92c2-42be-860a-a4118a6ec0ae,c3,DROP,441,x2,?,
1768857375.968011,SENT,2273f05e-70a9-497c-a573-a8f3734394bb,00bc4a0b-eaa8-4725-b51e-d3eab35cff75,c4,c5,1019,?,x2,
1768857375.968421,FORWARDED,2273f05e-70a9-497c-a573-a8f3734394bb,00bc4a0b-eaa8-4725-b51e-d3eab35cff75,c4,c5,1019,?,x2,
1768857376.3234527,RECEIVED,9aa87638-278b-4e28-bc90-bcc9fd446830,22a313f5-1b99-482c-ae7e-bf940e843d85,c5,c1,1584,e11,?,
1768857376.4739091,RECEIVED,e37e07f7-ea8d-46af-aadb-3af7f4a84976,00fb28f2-5500-4c92-b136-6e15a4f78d8b,c1,c2,1583,e8,?,
1768857376.5374584,SENT,9aa87638-278b-4e28-bc90-bcc9fd446830,22a313f5-1b99-482c-ae7e-bf940e843d85,c5,c1,1115,?,x7,
1768857376.537502,FORWARDED,9aa87638-278b-4e28-bc90-bcc9fd446830,22a313f5-1b99-482c-ae7e-bf940e843d85,c5,c1,1115,?,x7,
1768857376.6060376,SENT,e592bcda-75a2-4be1-9cb7-9c0ad0e19512,41077ef2-4830-4802-a616-c9fdd5a9022a,c4,c5,1016,?,x4,
1768857376.6060917,FORWARDED,e592bcda-75a2-4be1-9cb7-9c0ad0e19512,41077ef2-4830-4802-a616-c9fdd5a9022a,c4,c5,1016,?,x4,
1768857376.7882743,RECEIVED,9059c373-f285-4e1e-a12a-a1f756958a15,574e3749-fcb4-4753-a6a9-c67fdad6f11d,c3,c5,1584,e2,?,
1768857377.0501459,RECEIVED,9c1cd091-2fde-458a-b3e4-f8cc73f5033d,7992c48a-61b5-4851-afc5-460440c1399c,c1,c5,1453,e1,?,
1768857377.0526073,RECEIVED,c8ec1b16-f5c4-4b54-92ef-bb02907b08a5,84f974f4-eb98-4003-adb7-3a899021189e,c3,c5,1459,e1,?,
1768857377.107707,SENT,9c1cd091-2fde-458a-b3e4-f8cc73f5033d,7992c48a-61b5-4851-afc5-460440c1399c,c1,c5,1016,?,x12,
1768857377.1077485,FORWARDED,9c1cd091-2fde-458a-b3e4-f8cc73f5033d,7992c48a-61b5-4851-afc5-460440c1399c,c1,c5,1016,?,x12,
1768857377.1472845,SENT,9059c373-f285-4e1e-a12a-a1f756958a15,574e3749-fcb4-4753-a6a9-c67fdad6f11d,c3,c5,1115,?,x11,
1768857377.1473238,FORWARDED,9059c373-f285-4e1e-a12a-a1f756958a15,574e3749-fcb4-4753-a6a9-c67fdad6f11d,c3,c5,1115,?,x11,
1768857377.2247865,RECEIVED,33bf654a-edb1-456f-9be7-3c098b239a25,5e2d8bd6-b398-474b-97ef-1aa1997af8b5,c5,c3,1455,e7,?,
1768857377.2311556,RECEIVED,2768899a-cc8c-432b-aa75-306b70829469,38790a5f-6241-4d96-9e54-8e17edfb0c3c,c1,c2,1583,e6,?,
1768857377.3373017,SENT,e37e07f7-ea8d-46af-aadb-3af7f4a84976,00fb28f2-5500-4c92-b136-6e15a4f78d8b,c1,c2,1114,?,x4,
1768857377.3373544,FORWARDED,e37e07f7-ea8d-46af-aadb-3af7f4a84976,00fb28f2-5500-4c92-b136-6e15a4f78d8b,c1,c2,1114,?,x4,
1768857377.3528116,SENT,c8ec1b16-f5c4-4b54-92ef-bb02907b08a5,84f974f4-eb98-4003-adb7-3a899021189e,c3,c5,1023,?,x2,
1768857377.3528543,FORWARDED,c8ec1b16-f5c4-4b54-92ef-bb02907b08a5,84f974f4-eb98-4003-adb7-3a899021189e,c3,c5,1023,?,x2,
1768857377.6445317,RECEIVED,0b280256-3e34-40b1-9937-0b180fa2c992,fbca660d-c7cb-4318-9a0b-4842c596b444,c4,c5,1456,e6,?,
1768857377.8258896,SENT,2768899a-cc8c-432b-aa75-306b70829469,38790a5f-6241-4d96-9e54-8e17edfb0c3c,c1,c2,1116,?,x9,
1768857377.8259294,FORWARDED,2768899a-cc8c-432b-aa75-306b70829469,38790a5f-6241-4d96-9e54-8e17edfb0c3c,c1,c2,1116,?,x9,
1768857377.8401735,RECEIVED,be6d4a1b-36c8-444a-b2c9-355bbde182d9,07cb991e-2d0c-4f7c-ad39-e4c29e0267f7,c5,c4,1583,e6,?,
1768857378.0405798,RECEIVED,13e7b867-c198-481f-896d-4f63f3d49fc4,02910b61-3976-4e32-ab37-e159886ad748,c1,c5,1447,e7,?,
1768857378.0834134,RECEIVED,614424f4-8981-4f00-80ff-877fa13abb1f,fa03d0af-072d-46e2-a27a-3dd93f0292a0,c1,DROP,1009,e6,?,
1768857378.258277,SENT,614424f4-8981-4f00-80ff-877fa13abb1f,fa03d0af-072d-46e2-a27a-3dd93f0292a0,c1,DROP,684,?,x12,
1768857378.2583168,FORWARDED,614424f4-8981-4f00-80ff-877fa13abb1f,fa03d0af-072d-46e2-a27a-3dd93f0292a0,c1,DROP,684,?,x12,
1768857378.3919091,SENT,be6d4a1b-36c8-444a-b2c9-355bbde182d9,07cb991e-2d0c-4f7c-ad39-e4c29e0267f7,c5,c4,1115,?,x3,
1768857378.3919516,FORWARDED,be6d4a1b-36c8-444a-b2c9-355bbde182d9,07cb991e-2d0c-4f7c-ad39-e4c29e0267f7,c5,c4,1115,?,x3,
1768857378.4990432,SENT,13e7b867-c198-481f-896d-4f63f3d49fc4,02910b61-3976-4e32-ab37-e159886ad748,c1,c5,1014,?,x1,
1768857378.4990952,FORWARDED,13e7b867-c198-481f-896d-4f63f3d49fc4,02910b61-3976-4e32-ab37-e159886ad748,c1,c5,1014,?,x1,
1768857378.9631295,SENT,33bf654a-edb1-456f-9be7-3c098b239a25,5e2d8bd6-b398-474b-97ef-1aa1997af8b5,c5,c3,1020,?,x1,
1768857378.9635174,FORWARDED,33bf654a-edb1-456f-9be7-3c098b239a25,5e2d8bd6-b398-474b-97ef-1aa1997af8b5,c5,c3,1020,?,x1,
1768857379.1461475,SENT,0b280256-3e34-40b1-9937-0b180fa2c992,fbca660d-c7cb-4318-9a0b-4842c596b444,c4,c5,1019,?,x11,
1768857379.1461887,FORWARDED,0b280256-3e34-40b1-9937-0b180fa2c992,fbca660d-c7cb-4318-9a0b-4842c596b444,c4,c5,1019,?,x11,
1768857379.3457463,RECEIVED,29c2f755-6207-44ae-9be0-e52b8fcb75c8,dd8e60d4-9333-4713-878d-ee5bdd06a276,c3,c5,1584,e5,?,
1768857379.3591418,RECEIVED,7f6f5692-3d01-4b07-b8ac-8f8b31a156c3,27016a9b-2a6d-4eff-a107-f4c97d464030,c1,c2,1583,e5,?,
1768857379.372423,RECEIVED,ddd5194d-f1ba-468c-b22b-2e7072c680aa,f5a77769-96fe-4583-b5db-6c6aa0e75384,c1,c2,1581,e5,?,
1768857379.4571755,SENT,29c2f755-6207-44ae-9be0-e52b8fcb75c8,dd8e60d4-9333-4713-878d-ee5bdd06a276,c3,c5,1116,?,x6,
1768857379.4572186,FORWARDED,29c2f755-6207-44ae-9be0-e52b8fcb75c8,dd8e60d4-9333-4713-878d-ee5bdd06a276,c3,c5,1116,?,x6,
1768857379.563255,SENT,ddd5194d-f1ba-468c-b22b-2e7072c680aa,f5a77769-96fe-4583-b5db-6c6aa0e75384,c1,c2,1111,?,x12,
1768857379.5632985,FORWARDED,ddd5194d-f1ba-468c-b22b-2e7072c680aa,f5a77769-96fe-4583-b5db-6c6aa0e75384,c1,c2,1111,?,x12,
1768857379.793248,RECEIVED,fb85e330-ca08-4d06-b415-5574c3c12033,676315e1-8d8f-4df4-9626-c9d825bd2d5b,c5,c3,1456,e12,?,
1768857380.0331213,RECEIVED,d91de481-b1f8-4e50-aab6-af6343d53985,db79964e-2368-4519-9219-6bdebc5801a5,c4,DROP,1011,e2,?,
1768857380.271747,RECEIVED,04d55df7-5ecf-47e6-a7f4-92aa7c137ad2,f6254db8-74bb-436a-be1b-4a049d525a23,c1,c2,1582,e2,?,
1768857380.4694912,SENT,d91de481-b1f8-4e50-aab6-af6343d53985,db79964e-2368-4519-9219-6bdebc5801a5,c4,DROP,687,?,x2,
1768857380.4695263,FORWARDED,d91de481-b1f8-4e50-aab6-af6343d53985,db79964e-2368-4519-9219-6bdebc5801a5,c4,DROP,687,?,x2,
1768857380.5107386,RECEIVED,9e547b6d-e080-4e36-9ef8-d38e2b5f3da1,be6369f5-8056-4efe-9cd2-43f533caee2c,c5,c3,1583,e7,?,
1768857380.6761062,SENT,7f6f5692-3d01-4b07-b8ac-8f8b31a156c3,27016a9b-2a6d-4eff-a107-f4c97d464030,c1,c2,1115,?,x2,
1768857380.67614,FORWARDED,7f6f5692-3d01-4b07-b8ac-8f8b31a156c3,27016a9b-2a6d-4eff-a107-f4c97d464030,c1,c2,1115,?,x2,
1768857380.7807386,RECEIVED,484ce463-7f22-4f98-8afb-0f92fe8889d7,6339975e-b23c-4191-8ff9-60c6afa20c7b,c5,c1,1586,e7,?,
1768857380.8788965,SENT,484ce463-7f22-4f98-8afb-0f92fe8889d7,6339975e-b23c-4191-8ff9-60c6afa20c7b,c5,c1,1115,?,x11,
1768857380.8794959,FORWARDED,484ce463-7f22-4f98-8afb-0f92fe8889d7,6339975e-b23c-4191-8ff9-60c6afa20c7b,c5,c1,1115,?,x11,
1768857381.0722852,SENT,fb85e330-ca08-4d06-b415-5574c3c12033,676315e1-8d8f-4df4-9626-c9d825bd2d5b,c5,c3,1020,?,x10,
1768857381.0723267,FORWARDED,fb85e330-ca08-4d06-b415-5574c3c12033,676315e1-8d8f-4df4-9626-c9d825bd2d5b,c5,c3,1020,?,x10,
1768857381.155722,SENT,04d55df7-5ecf-47e6-a7f4-92aa7c137ad2,f6254db8-74bb-436a-be1b-4a049d525a23,c1,c2,1115,?,x7,
1768857381.1558008,FORWARDED,04d55df7-5ecf-47e6-a7f4-92aa7c137ad2,f6254db8-74bb-436a-be1b-4a049d525a23,c1,c2,1115,?,x7,
1768857381.2250051,RECEIVED,37617d2b-b5dd-4f01-a7ba-524ef2c5b2ed,67f8a870-3512-4eb0-a4b1-86cfaffe944a,c1,DROP,1014,e8,?,
1768857381.3258445,RECEIVED,7ad1bb74-6660-4047-8548-8097d8962444,7142dcc0-5417-4495-aa8d-aee503280c3a,c4,c5,1456,e3,?,
1768857381.3836155,SENT,9e547b6d-e080-4e36-9ef8-d38e2b5f3da1,be6369f5-8056-4efe-9cd2-43f533caee2c,c5,c3,1116,?,x2,
1768857381.3836548,FORWARDED,9e547b6d-e080-4e36-9ef8-d38e2b5f3da1,be6369f5-8056-4efe-9cd2-43f533caee2c,c5,c3,1116,?,x2,
1768857381.4681592,SENT,7ad1bb74-6660-4047-8548-8097d8962444,7142dcc0-5417-4495-aa8d-aee503280c3a,c4,c5,1019,?,x7,
1768857381.4682,FORWARDED,7ad1bb74-6660-4047-8548-8097d8962444,7142dcc0-5417-4495-aa8d-aee503280c3a,c4,c5,1019,?,x7,
1768857382.4533484,SENT,37617d2b-b5dd-4f01-a7ba-524ef2c5b2ed,67f8a870-3512-4eb0-a4b1-86cfaffe944a,c1,DROP,688,?,x8,
1768857382.4533908,FORWARDED,37617d2b-b5dd-4f01-a7ba-524ef2c5b2ed,67f8a870-3512-4eb0-a4b1-86cfaffe944a,c1,DROP,688,?,x8,
1768857383.2041955,RECEIVED,62116386-3836-4dd1-baaf-4f6200363535,a280c9d1-e34c-47d1-b59e-8b037ee526bd,c5,c3,1444,e3,?,
1768857383.3086343,RECEIVED,0c990b06-e5c5-4eb3-9d60-6b9e9bd9eeb2,6a38cf9b-67fa-4131-a7fc-eda1c69a6f9c,c1,c5,1460,e3,?,
1768857383.4055734,SENT,62116386-3836-4dd1-baaf-4f6200363535,a280c9d1-e34c-47d1-b59e-8b037ee526bd,c5,c3,1011,?,x7,
1768857383.4056163,FORWARDED,62116386-3836-4dd1-baaf-4f6200363535,a280c9d1-e34c-47d1-b59e-8b037ee526bd,c5,c3,1011,?,x7,
1768857383.4763324,RECEIVED,1181d6c3-0956-4d4f-9a32-58aa377afa47,83799cfb-9456-4f3f-a79e-3b7b71251a02,c5,c1,1583,e10,?,
1768857383.5128756,RECEIVED,d8bdf23f-beb3-45d5-816d-79bcdd34fc37,d053dabf-85b0-4657-9e0f-a8e51cac5055,c5,c3,1451,e7,?,
1768857383.567622,SENT,1181d6c3-0956-4d4f-9a32-58aa377afa47,83799cfb-9456-4f3f-a79e-3b7b71251a02,c5,c1,1115,?,x7,
1768857383.5676634,FORWARDED,1181d6c3-0956-4d4f-9a32-58aa377afa47,83799cfb-9456-4f3f-a79e-3b7b71251a02,c5,c1,1115,?,x7,
1768857383.5883338,SENT,0c990b06-e5c5-4eb3-9d60-6b9e9bd9eeb2,6a38cf9b-67fa-4131-a7fc-eda1c69a6f9c,c1,c5,1023,?,x4,
1768857383.588375,FORWARDED,0c990b06-e5c5-4eb3-9d60-6b9e9bd9eeb2,6a38cf9b-67fa-4131-a7fc-eda1c69a6f9c,c1,c5,1023,?,x4,
1768857384.716915,SENT,d8bdf23f-beb3-45d5-816d-79bcdd34fc37,d053dabf-85b0-4657-9e0f-a8e51cac5055,c5,c3,1016,?,x1,
1768857384.7169647,FORWARDED,d8bdf23f-beb3-45d5-816d-79bcdd34fc37,d053dabf-85b0-4657-9e0f-a8e51cac5055,c5,c3,1016,?,x1,
1768857384.766906,RECEIVED,becf9200-60e6-46cd-8327-53045d87e241,d75b0386-8960-4846-8a20-1b62bb50ae58,c2,DROP,1011,e3,?,
1768857385.1778598,SENT,becf9200-60e6-46cd-8327-53045d87e241,d75b0386-8960-4846-8a20-1b62bb50ae58,c2,DROP,687,?,x3,
1768857385.1779027,FORWARDED,becf9200-60e6-46cd-8327-53045d87e241,d75b0386-8960-4846-8a20-1b62bb50ae58,c2,DROP,687,?,x3,
1768857385.190261,RECEIVED,91a69d43-4ec0-4e9f-9f47-ae9a428af286,4e49ade7-9906-47e0-be6a-30d502d75d00,c2,DROP,1020,e7,?,
1768857385.3358662,SENT,91a69d43-4ec0-4e9f-9f47-ae9a428af286,4e49ade7-9906-47e0-be6a-30d502d75d00,c2,DROP,693,?,x5,
1768857385.3359065,FORWARDED,91a69d43-4ec0-4e9f-9f47-ae9a428af286,4e49ade7-9906-47e0-be6a-30d502d75d00,c2,DROP,693,?,x5,
1768857385.4260795,RECEIVED,d5642492-b334-4afb-997e-db7493a63694,d5b2365e-a9d8-4960-94fb-6571c5dfbc41,c1,c2,1584,e5,?,
1768857385.4655387,SENT,d5642492-b334-4afb-997e-db7493a63694,d5b2365e-a9d8-4960-94fb-6571c5dfbc41,c1,c2,1115,?,x2,
1768857385.4655955,FORWARDED,d5642492-b334-4afb-997e-db7493a63694,d5b2365e-a9d8-4960-94fb-6571c5dfbc41,c1,c2,1115,?,x2,
1768857385.512171,RECEIVED,8a45d2d5-a0e7-49e7-a243-9d5f446db508,b3a1d33b-cbed-447c-85bc-0f8d0c3a8583,c4,c5,1452,e5,?,
1768857385.5395944,RECEIVED,98dabde6-7d29-4856-addd-71feb9f37290,99b4116c-1cdc-4f11-8d05-7150f1f1471a,c5,c3,1456,e12,?,
1768857385.9544153,RECEIVED,83eb6e3c-3acd-4a91-a565-02efc68d8380,c7d916f7-4be1-4d83-9bda-2b5644717638,c5,c1,1584,e6,?,
1768857385.9881349,SENT,8a45d2d5-a0e7-49e7-a243-9d5f446db508,b3a1d33b-cbed-447c-85bc-0f8d0c3a8583,c4,c5,1016,?,x9,
1768857385.9881768,FORWARDED,8a45d2d5-a0e7-49e7-a243-9d5f446db508,b3a1d33b-cbed-447c-85bc-0f8d0c3a8583,c4,c5,1016,?,x9,
1768857386.233471,SENT,98dabde6-7d29-4856-addd-71feb9f37290,99b4116c-1cdc-4f11-8d05-7150f1f1471a,c5,c3,1019,?,x12,
1768857386.2335134,FORWARDED,98dabde6-7d29-4856-addd-71feb9f37290,99b4116c-1cdc-4f11-8d05-7150f1f1471a,c5,c3,1019,?,x12,
1768857386.3273356,RECEIVED,c489c32d-4784-40f6-b857-c6e06e3ddfc2,877f0326-fe22-46ec-90a9-26e72e00bd6a,c4,c5,1451,e8,?,
1768857386.4150248,SENT,83eb6e3c-3acd-4a91-a565-02efc68d8380,c7d916f7-4be1-4d83-9bda-2b5644717638,c5,c1,1116,?,x5,
1768857386.4151983,FORWARDED,83eb6e3c-3acd-4a91-a565-02efc68d8380,c7d916f7-4be1-4d83-9bda-2b5644717638,c5,c1,1116,?,x5,
1768857386.9823213,RECEIVED,6820378b-410d-4cd7-bdc2-e5a33dfd287f,af383b37-0079-480e-bd6a-00036c1c46ad,c2,c1,1455,e12,?,
1768857387.219445,RECEIVED,b34800fe-9b2e-4372-afe2-f1338988b1ab,3fe303c2-a5ec-4108-8f49-87e1890807f4,c5,c3,1567,e2,?,
1768857387.280063,RECEIVED,834bcac3-f72b-4865-a5ac-a457638c6faf,9a38ff9c-ef8e-47f2-b23f-176df7450874,c3,c5,1461,e1,?,
1768857387.3905978,SENT,834bcac3-f72b-4865-a5ac-a457638c6faf,9a38ff9c-ef8e-47f2-b23f-176df7450874,c3,c5,1023,?,x11,
1768857387.3906734,FORWARDED,834bcac3-f72b-4865-a5ac-a457638c6faf,9a38ff9c-ef8e-47f2-b23f-176df7450874,c3,c5,1023,?,x11,
1768857387.4093838,SENT,c489c32d-4784-40f6-b857-c6e06e3ddfc2,877f0326-fe22-46ec-90a9-26e72e00bd6a,c4,c5,1016,?,x7,
1768857387.4094281,FORWARDED,c489c32d-4784-40f6-b857-c6e06e3ddfc2,877f0326-fe22-46ec-90a9-26e72e00bd6a,c4,c5,1016,?,x7,
1768857387.4821868,SENT,6820378b-410d-4cd7-bdc2-e5a33dfd287f,af383b37-0079-480e-bd6a-00036c1c46ad,c2,c1,1019,?,x1,
1768857387.4822443,FORWARDED,6820378b-410d-4cd7-bdc2-e5a33dfd287f,af383b37-0079-480e-bd6a-00036c1c46ad,c2,c1,1019,?,x1,
1768857387.974441,RECEIVED,c29e633f-0a29-4f0e-b889-71f2b2b36456,0e69ce1b-3909-4b05-b5b7-4a7b7a83dee8,c1,c2,1568,e2,?,
1768857388.336864,SENT,c29e633f-0a29-4f0e-b889-71f2b2b36456,0e69ce1b-3909-4b05-b5b7-4a7b7a83dee8,c1,c2,1104,?,x9,
1768857388.3369048,FORWARDED,c29e633f-0a29-4f0e-b889-71f2b2b36456,0e69ce1b-3909-4b05-b5b7-4a7b7a83dee8,c1,c2,1104,?,x9,
1768857388.3743021,RECEIVED,a936173f-e612-4614-8ba0-6291bacf08ce,d9b278f6-2140-4c26-9f0f-94b217305746,c4,c5,1456,e7,?,
1768857388.4195313,SENT,b34800fe-9b2e-4372-afe2-f1338988b1ab,3fe303c2-a5ec-4108-8f49-87e1890807f4,c5,c3,1102,?,x1,
1768857388.419573,FORWARDED,b34800fe-9b2e-4372-afe2-f1338988b1ab,3fe303c2-a5ec-4108-8f49-87e1890807f4,c5,c3,1102,?,x1,
1768857388.438926,RECEIVED,635de752-558f-4545-992e-f7726cf53212,c69207e3-b7cd-4a54-a26f-827f5f3ccffb,c3,c5,1463,e4,?,
1768857388.4447277,RECEIVED,d612a28e-739c-4cc4-a99b-1a5b4fd3d9e2,44a8c53d-5787-4fbd-8477-dd7fb1c0ae11,c5,c1,1585,e8,?,
1768857388.4934142,RECEIVED,7c9339b9-16b3-4bd7-90e4-d00c7d3773a7,9e94b03b-90c6-4c27-87a6-cd1fa596a85c,c2,c1,1456,e3,?,
1768857388.556165,SENT,d612a28e-739c-4cc4-a99b-1a5b4fd3d9e2,44a8c53d-5787-4fbd-8477-dd7fb1c0ae11,c5,c1,1116,?,x10,
1768857388.556206,FORWARDED,d612a28e-739c-4cc4-a99b-1a5b4fd3d9e2,44a8c53d-5787-4fbd-8477-dd7fb1c0ae11,c5,c1,1116,?,x10,
1768857388.6134825,RECEIVED,16540cda-2546-4d45-a77e-cacf048955d2,132497d1-de17-48a4-bd9d-f0893b364677,c5,c3,1458,e11,?,
1768857388.6698942,SENT,a936173f-e612-4614-8ba0-6291bacf08ce,d9b278f6-2140-4c26-9f0f-94b217305746,c4,c5,1019,?,x10,
1768857388.6699376,FORWARDED,a936173f-e612-4614-8ba0-6291bacf08ce,d9b278f6-2140-4c26-9f0f-94b217305746,c4,c5,1019,?,x10,
1768857388.6991954,SENT,7c9339b9-16b3-4bd7-90e4-d00c7d3773a7,9e94b03b-90c6-4c27-87a6-cd1fa596a85c,c2,c1,1019,?,x3,
1768857388.6992567,FORWARDED,7c9339b9-16b3-4bd7-90e4-d00c7d3773a7,9e94b03b-90c6-4c27-87a6-cd1fa596a85c,c2,c1,1019,?,x3,
1768857388.7406726,RECEIVED,9c7b4b5a-8e98-4d28-aac0-37aa4ead9159,7adccf77-4efd-45f3-a337-4aac71e069e6,c5,c3,1571,e1,?,
1768857388.8257997,RECEIVED,7abb2f3a-25b2-4b1b-8860-6334c8943a1c,46a72233-f11e-414e-a0bb-9f1a182c3755,c3,c5,1583,e4,?,
1768857388.8287952,RECEIVED,3bae0d56-c38d-4f67-988d-5b2b0b251b66,b3be9061-6a04-43bd-b017-5be7d6b81c80,c3,DROP,1016,e5,?,
1768857389.0793455,SENT,3bae0d56-c38d-4f67-988d-5b2b0b251b66,b3be9061-6a04-43bd-b017-5be7d6b81c80,c3,DROP,688,?,x9,
1768857389.0793874,FORWARDED,3bae0d56-c38d-4f67-988d-5b2b0b251b66,b3be9061-6a04-43bd-b017-5be7d6b81c80,c3,DROP,688,?,x9,
1768857389.1214643,RECEIVED,ad00da8a-c27a-45e0-8cb3-227084c55dfc,4cf9b582-a681-4ee2-88da-7ac3e8f4d855,c1,c5,1455,e11,?,
1768857389.2026737,SENT,635de752-558f-4545-992e-f7726cf53212,c69207e3-b7cd-4a54-a26f-827f5f3ccffb,c3,c5,1025,?,x7,
1768857389.2027116,FORWARDED,635de752-558f-4545-992e-f7726cf53212,c69207e3-b7cd-4a54-a26f-827f5f3ccffb,c3,c5,1025,?,x7,
1768857389.2398062,SENT,16540cda-2546-4d45-a77e-cacf048955d2,132497d1-de17-48a4-bd9d-f0893b364677,c5,c3,1023,?,x6,
1768857389.2398553,FORWARDED,16540cda-2546-4d45-a77e-cacf048955d2,132497d1-de17-48a4-bd9d-f0893b364677,c5,c3,1023,?,x6,
1768857389.4441588,SENT,ad00da8a-c27a-45e0-8cb3-227084c55dfc,4cf9b582-a681-4ee2-88da-7ac3e8f4d855,c1,c5,1020,?,x6,
1768857389.4442008,FORWARDED,ad00da8a-c27a-45e0-8cb3-227084c55dfc,4cf9b582-a681-4ee2-88da-7ac3e8f4d855,c1,c5,1020,?,x6,
1768857389.4647567,RECEIVED,1def98db-8203-417d-971a-69ab57fc82bc,4042efeb-37ef-49e6-91c7-e8115e5e06a0,c5,c3,1464,e8,?,
1768857389.5973248,RECEIVED,faadf9e4-43fa-436c-a445-44a2e0298844,ab664922-ca8e-4637-beb6-754e9a157c03,c5,c3,1584,e1,?,
1768857389.6777024,SENT,1def98db-8203-417d-971a-69ab57fc82bc,4042efeb-37ef-49e6-91c7-e8115e5e06a0,c5,c3,1024,?,x9,
1768857389.6777442,FORWARDED,1def98db-8203-417d-971a-69ab57fc82bc,4042efeb-37ef-49e6-91c7-e8115e5e06a0,c5,c3,1024,?,x9,
1768857389.7099714,SENT,faadf9e4-43fa-436c-a445-44a2e0298844,ab664922-ca8e-4637-beb6-754e9a157c03,c5,c3,1116,?,x7,
1768857389.7100136,FORWARDED,faadf9e4-43fa-436c-a445-44a2e0298844,ab664922-ca8e-4637-beb6-754e9a157c03,c5,c3,1116,?,x7,
1768857389.7390838,RECEIVED,5cf3761f-86cf-4a7b-b989-862bfdf166f7,f28e3dac-efb2-4310-bc4f-c4f14df1d32d,c2,c1,1465,e2,?,
1768857389.819964,SENT,7abb2f3a-25b2-4b1b-8860-6334c8943a1c,46a72233-f11e-414e-a0bb-9f1a182c3755,c3,c5,1116,?,x7,
1768857389.8200033,FORWARDED,7abb2f3a-25b2-4b1b-8860-6334c8943a1c,46a72233-f11e-414e-a0bb-9f1a182c3755,c3,c5,1116,?,x7,
1768857389.8465953,RECEIVED,c015b550-c43f-4847-b632-e0470caf83d8,51807a3e-9948-43a8-b420-becc28d60518,c4,c5,1465,e3,?,
1768857389.9571261,SENT,5cf3761f-86cf-4a7b-b989-862bfdf166f7,f28e3dac-efb2-4310-bc4f-c4f14df1d32d,c2,c1,1024,?,x11,
1768857389.9571686,FORWARDED,5cf3761f-86cf-4a7b-b989-862bfdf166f7,f28e3dac-efb2-4310-bc4f-c4f14df1d32d,c2,c1,1024,?,x11,
1768857390.106057,SENT,c015b550-c43f-4847-b632-e0470caf83d8,51807a3e-9948-43a8-b420-becc28d60518,c4,c5,1024,?,x12,
1768857390.1061008,FORWARDED,c015b550-c43f-4847-b632-e0470caf83d8,51807a3e-9948-43a8-b420-becc28d60518,c4,c5,1024,?,x12,
1768857390.1868453,RECEIVED,aa19c8db-770a-4717-a24a-efe15aa069ce,a979043e-1d30-4984-8e4a-2b17170aeca9,c3,c5,1584,e11,?,
1768857390.1949205,SENT,9c7b4b5a-8e98-4d28-aac0-37aa4ead9159,7adccf77-4efd-45f3-a337-4aac71e069e6,c5,c3,1107,?,x10,
1768857390.1949623,FORWARDED,9c7b4b5a-8e98-4d28-aac0-37aa4ead9159,7adccf77-4efd-45f3-a337-4aac71e069e6,c5,c3,1107,?,x10,
1768857390.3947048,SENT,aa19c8db-770a-4717-a24a-efe15aa069ce,a979043e-1d30-4984-8e4a-2b17170aeca9,c3,c5,1115,?,x10,
1768857390.394743,FORWARDED,aa19c8db-770a-4717-a24a-efe15aa069ce,a979043e-1d30-4984-8e4a-2b17170aeca9,c3,c5,1115,?,x10,
1768857390.6669934,RECEIVED,4f5101ac-5cda-4df8-b459-bbae2cca1722,50318d02-dc1a-47b0-ac1d-d92abbe1f253,c5,c3,1583,e10,?,
1768857390.7871833,RECEIVED,61270edc-25ff-4001-83ec-6d2575de8f63,ce77b83b-c884-4fa0-9474-814f255754d4,c5,c3,1457,e12,?,
1768857390.8390274,RECEIVED,b64e1d8c-3ab0-4da3-a56d-e45812c2498a,60979dfa-8a47-4966-a770-06f0dde63962,c2,c1,1456,e4,?,
1768857390.8783286,RECEIVED,8f48adbb-7ddf-4322-b69b-41f004f7be4c,4d0e6133-56a1-40a2-972e-dcfba5d4cce2,c2,c1,1460,e10,?,
1768857390.9368317,SENT,61270edc-25ff-4001-83ec-6d2575de8f63,ce77b83b-c884-4fa0-9474-814f255754d4,c5,c3,1019,?,x12,
1768857390.9368703,FORWARDED,61270edc-25ff-4001-83ec-6d2575de8f63,ce77b83b-c884-4fa0-9474-814f255754d4,c5,c3,1019,?,x12,
1768857390.9878955,SENT,8f48adbb-7ddf-4322-b69b-41f004f7be4c,4d0e6133-56a1-40a2-972e-dcfba5d4cce2,c2,c1,1023,?,x2,
1768857390.9879386,FORWARDED,8f48adbb-7ddf-4322-b69b-41f004f7be4c,4d0e6133-56a1-40a2-972e-dcfba5d4cce2,c2,c1,1023,?,x2,
1768857391.0920162,RECEIVED,54433fe1-6512-49ed-8fc8-5c843e5e241e,0574f000-a532-483a-89c1-4dffb25bd819,c1,c5,1456,e11,?,
1768857391.115225,SENT,b64e1d8c-3ab0-4da3-a56d-e45812c2498a,60979dfa-8a47-4966-a770-06f0dde63962,c2,c1,1020,?,x12,
1768857391.1152666,FORWARDED,b64e1d8c-3ab0-4da3-a56d-e45812c2498a,60979dfa-8a47-4966-a770-06f0dde63962,c2,c1,1020,?,x12,
1768857391.3144317,RECEIVED,304ce1c7-6d3c-4ac6-9cd2-10fb64707003,5270d10c-3b06-46e4-b17c-ab64c7be5659,c5,c3,1456,e6,?,
1768857391.3583732,RECEIVED,58b3ab84-221b-40b7-84a6-1642c5d624b2,78c65d8f-8a5b-4e79-87ef-16ca5e0bb031,c5,c4,1585,e8,?,
1768857391.3798704,SENT,54433fe1-6512-49ed-8fc8-5c843e5e241e,0574f000-a532-483a-89c1-4dffb25bd819,c1,c5,1019,?,x12,
1768857391.3799114,FORWARDED,54433fe1-6512-49ed-8fc8-5c843e5e241e,0574f000-a532-483a-89c1-4dffb25bd819,c1,c5,1019,?,x12,
1768857391.4502122,SENT,304ce1c7-6d3c-4ac6-9cd2-10fb64707003,5270d10c-3b06-46e4-b17c-ab64c7be5659,c5,c3,1020,?,x8,
1768857391.4502504,FORWARDED,304ce1c7-6d3c-4ac6-9cd2-10fb64707003,5270d10c-3b06-46e4-b17c-ab64c7be5659,c5,c3,1020,?,x8,
1768857391.5094287,SENT,4f5101ac-5cda-4df8-b459-bbae2cca1722,50318d02-dc1a-47b0-ac1d-d92abbe1f253,c5,c3,1115,?,x7,
1768857391.5094697,FORWARDED,4f5101ac-5cda-4df8-b459-bbae2cca1722,50318d02-dc1a-47b0-ac1d-d92abbe1f253,c5,c3,1115,?,x7,
1768857391.6485689,SENT,58b3ab84-221b-40b7-84a6-1642c5d624b2,78c65d8f-8a5b-4e79-87ef-16ca5e0bb031,c5,c4,1115,?,x10,
1768857391.648613,FORWARDED,58b3ab84-221b-40b7-84a6-1642c5d624b2,78c65d8f-8a5b-4e79-87ef-16ca5e0bb031,c5,c4,1115,?,x10,
1768857391.707996,RECEIVED,6fcd957b-2fea-41e6-bac6-447b4825098e,a9b4aca7-f86e-4759-9390-57190a28d5eb,c3,c5,1584,e10,?,
1768857392.2148457,RECEIVED,7157d53c-bcd1-413d-9e63-1133d0a93ab2,0284dee2-c24e-486a-a64e-65163e1255cc,c1,c5,1455,e11,?,
1768857392.7836921,SENT,7157d53c-bcd1-413d-9e63-1133d0a93ab2,0284dee2-c24e-486a-a64e-65163e1255cc,c1,c5,1019,?,x6,
1768857392.7837324,FORWARDED,7157d53c-bcd1-413d-9e63-1133d0a93ab2,0284dee2-c24e-486a-a64e-65163e1255cc,c1,c5,1019,?,x6,
1768857392.86725,RECEIVED,9c7b04aa-0caf-48fa-924f-8af0efafd398,1c8f5dba-8668-460a-9b2e-2dacf335ca68,c3,c5,1459,e10,?,
1768857393.1930394,SENT,9c7b04aa-0caf-48fa-924f-8af0efafd398,1c8f5dba-8668-460a-9b2e-2dacf335ca68,c3,c5,1023,?,x4,
1768857393.193155,FORWARDED,9c7b04aa-0caf-48fa-924f-8af0efafd398,1c8f5dba-8668-460a-9b2e-2dacf335ca68,c3,c5,1023,?,x4,
1768857393.2119434,RECEIVED,523f9a99-3fb8-4400-b9f2-01cdf2a35684,9203f95c-c500-4403-a569-5fb0ab7c8774,c5,c3,1584,e6,?,
1768857393.2844472,SENT,6fcd957b-2fea-41e6-bac6-447b4825098e,a9b4aca7-f86e-4759-9390-57190a28d5eb,c3,c5,1116,?,x10,
1768857393.2844896,FORWARDED,6fcd957b-2fea-41e6-bac6-447b4825098e,a9b4aca7-f86e-4759-9390-57190a28d5eb,c3,c5,1116,?,x10,
1768857393.4524755,SENT,523f9a99-3fb8-4400-b9f2-01cdf2a35684,9203f95c-c500-4403-a569-5fb0ab7c8774,c5,c3,1114,?,x7,
1768857393.4525154,FORWARDED,523f9a99-3fb8-4400-b9f2-01cdf2a35684,9203f95c-c500-4403-a569-5fb0ab7c8774,c5,c3,1114,?,x7,
1768857393.619341,RECEIVED,6d8534d2-c484-4f4a-9f86-bff1063ab555,77287498-71f4-499c-a126-f79514fdf647,c3,c5,1563,e8,?,
1768857394.687759,SENT,6d8534d2-c484-4f4a-9f86-bff1063ab555,77287498-71f4-499c-a126-f79514fdf647,c3,c5,1101,?,x7,
1768857394.687799,FORWARDED,6d8534d2-c484-4f4a-9f86-bff1063ab555,77287498-71f4-499c-a126-f79514fdf647,c3,c5,1101,?,x7,
1768857394.6964483,RECEIVED,e43cea5f-558a-4000-be52-1c562af2e701,c40925f1-2808-43f8-a98a-b31b8ceebaf3,c5,c1,1584,e3,?,
1768857394.838444,RECEIVED,507527d4-3851-427c-b42f-fa3d7e1b015d,49c3d406-9e4e-4e80-b1cd-7f4f35e74764,c4,DROP,442,x8,?,
1768857394.9303486,RECEIVED,905ce898-511e-4e61-804c-1037d159beea,1cf9a466-0704-401d-972c-14b823f377f2,c5,c1,1583,e8,?,
1768857394.9912126,RECEIVED,56dcb50c-386a-4aa2-b895-19b465ccb9a0,4ce4bf74-7b20-4f7c-8dc2-8825ce985eae,c4,c5,1445,e2,?,
1768857394.993531,RECEIVED,fec3e4b0-fed9-49be-a8b9-0c01e48f686e,bf523ec2-57fe-4195-ba27-f9db956b311a,c2,DROP,1011,e1,?,
1768857395.0410662,RECEIVED,dd04e925-e8cd-4023-ac64-4cce832bd89e,52f3712d-de0b-4869-91b7-525845377660,c5,DROP,1012,e1,?,
1768857395.0892174,SENT,56dcb50c-386a-4aa2-b895-19b465ccb9a0,4ce4bf74-7b20-4f7c-8dc2-8825ce985eae,c4,c5,1011,?,x6,
1768857395.0892603,FORWARDED,56dcb50c-386a-4aa2-b895-19b465ccb9a0,4ce4bf74-7b20-4f7c-8dc2-8825ce985eae,c4,c5,1011,?,x6,
1768857395.092619,SENT,dd04e925-e8cd-4023-ac64-4cce832bd89e,52f3712d-de0b-4869-91b7-525845377660,c5,DROP,687,?,x7,
1768857395.09266,FORWARDED,dd04e925-e8cd-4023-ac64-4cce832bd89e,52f3712d-de0b-4869-91b7-525845377660,c5,DROP,687,?,x7,
1768857395.235267,RECEIVED,b55e6c6b-f9c7-4700-9c4b-248ca7287351,4c983971-f5f1-4127-a907-4b75133ae45b,c5,c1,1577,e5,?,
1768857395.2367697,SENT,e43cea5f-558a-4000-be52-1c562af2e701,c40925f1-2808-43f8-a98a-b31b8ceebaf3,c5,c1,1115,?,x10,
1768857395.2368097,FORWARDED,e43cea5f-558a-4000-be52-1c562af2e701,c40925f1-2808-43f8-a98a-b31b8ceebaf3,c5,c1,1115,?,x10,
1768857395.4248142,SENT,b55e6c6b-f9c7-4700-9c4b-248ca7287351,4c983971-f5f1-4127-a907-4b75133ae45b,c5,c1,1108,?,x12,
1768857395.4248564,FORWARDED,b55e6c6b-f9c7-4700-9c4b-248ca7287351,4c983971-f5f1-4127-a907-4b75133ae45b,c5,c1,1108,?,x12,
1768857395.4966457,SENT,fec3e4b0-fed9-49be-a8b9-0c01e48f686e,bf523ec2-57fe-4195-ba27-f9db956b311a,c2,DROP,687,?,x7,
1768857395.4966872,FORWARDED,fec3e4b0-fed9-49be-a8b9-0c01e48f686e,bf523ec2-57fe-4195-ba27-f9db956b311a,c2,DROP,687,?,x7,
1768857395.5159206,RECEIVED,7874c773-7654-4b46-ad7b-0c97cac539e4,1799d672-62b0-42ba-afd6-7a64e6cc8158,c5,c3,1462,e12,?,
1768857395.5866532,SENT,7874c773-7654-4b46-ad7b-0c97cac539e4,1799d672-62b0-42ba-afd6-7a64e6cc8158,c5,c3,1023,?,x10,
1768857395.586694,FORWARDED,7874c773-7654-4b46-ad7b-0c97cac539e4,1799d672-62b0-42ba-afd6-7a64e6cc8158,c5,c3,1023,?,x10,
1768857395.589222,SENT,905ce898-511e-4e61-804c-1037d159beea,1cf9a466-0704-401d-972c-14b823f377f2,c5,c1,1116,?,x5,
1768857395.5892603,FORWARDED,905ce898-511e-4e61-804c-1037d159beea,1cf9a466-0704-401d-972c-14b823f377f2,c5,c1,1116,?,x5,
1768857395.7455294,RECEIVED,7351fa74-a770-4420-b589-b0149302a384,30adf533-8ead-4e58-a510-bda82ed86753,c5,c3,1456,e3,?,
1768857395.9176993,SENT,7351fa74-a770-4420-b589-b0149302a384,30adf533-8ead-4e58-a510-bda82ed86753,c5,c3,1019,?,x1,
1768857395.9177432,FORWARDED,7351fa74-a770-4420-b589-b0149302a384,30adf533-8ead-4e58-a510-bda82ed86753,c5,c3,1019,?,x1,
1768857396.3554037,RECEIVED,993bacac-14be-4e4d-a4aa-84ab1e51e5b5,39877114-07b1-449f-9c70-710f31a349e3,c3,c5,1460,e7,?,
1768857396.4726217,SENT,993bacac-14be-4e4d-a4aa-84ab1e51e5b5,39877114-07b1-449f-9c70-710f31a349e3,c3,c5,1021,?,x6,
1768857396.472667,FORWARDED,993bacac-14be-4e4d-a4aa-84ab1e51e5b5,39877114-07b1-449f-9c70-710f31a349e3,c3,c5,1021,?,x6,
1768857396.4784238,RECEIVED,f5267ff1-84f1-4828-85e4-1b9a5f773518,9fc170f4-b1ff-44bb-9ddb-488baea69c16,c5,c1,1584,e1,?,
1768857396.6451983,SENT,f5267ff1-84f1-4828-85e4-1b9a5f773518,9fc170f4-b1ff-44bb-9ddb-488baea69c16,c5,c1,1115,?,x6,
1768857396.6452432,FORWARDED,f5267ff1-84f1-4828-85e4-1b9a5f773518,9fc170f4-b1ff-44bb-9ddb-488baea69c16,c5,c1,1115,?,x6,
1768857396.680424,RECEIVED,33f1e381-5666-4bb9-adf4-65bb0838431d,70a34162-9469-4179-84b6-3738cd7629f8,c4,c5,1455,e3,?,
1768857396.8968174,RECEIVED,401171f0-78bf-4b48-b8a0-a1682aa24926,4eef6f87-37eb-4a93-bb9f-79abc58a2b64,c5,c3,1584,e12,?,
1768857396.9910164,SENT,401171f0-78bf-4b48-b8a0-a1682aa24926,4eef6f87-37eb-4a93-bb9f-79abc58a2b64,c5,c3,1115,?,x9,
1768857396.991067,FORWARDED,401171f0-78bf-4b48-b8a0-a1682aa24926,4eef6f87-37eb-4a93-bb9f-79abc58a2b64,c5,c3,1115,?,x9,
1768857397.0057316,RECEIVED,3e7727cf-2bf6-4e90-b51e-ac0398e1f0be,fbe55f43-2d5d-4150-8ec6-0af0c2245fd5,c5,c3,1456,e12,?,
1768857397.0950148,SENT,3e7727cf-2bf6-4e90-b51e-ac0398e1f0be,fbe55f43-2d5d-4150-8ec6-0af0c2245fd5,c5,c3,1019,?,x5,
1768857397.0950618,FORWARDED,3e7727cf-2bf6-4e90-b51e-ac0398e1f0be,fbe55f43-2d5d-4150-8ec6-0af0c2245fd5,c5,c3,1019,?,x5,
1768857397.5026426,RECEIVED,45c664fd-3b02-41f0-9c69-7cf1c5c88991,08a3552d-e78d-4a43-b9fa-d6ee61119ced,c3,c5,1579,e8,?,
1768857397.522867,RECEIVED,3334fedb-ed12-44c4-9971-9ab4269b3901,bb352a55-dfaf-490e-ad02-93c2d2d6f8d7,c5,c3,1579,e10,?,
1768857397.5415404,SENT,33f1e381-5666-4bb9-adf4-65bb0838431d,70a34162-9469-4179-84b6-3738cd7629f8,c4,c5,1018,?,x8,
1768857397.541582,FORWARDED,33f1e381-5666-4bb9-adf4-65bb0838431d,70a34162-9469-4179-84b6-3738cd7629f8,c4,c5,1018,?,x8,
1768857397.7188747,RECEIVED,3acd9ca9-93c6-4262-9b73-bc5238690582,9452a87f-3dba-42a6-a26a-8a7cc6b1f910,c5,c4,1576,e3,?,
1768857397.9431295,SENT,45c664fd-3b02-41f0-9c69-7cf1c5c88991,08a3552d-e78d-4a43-b9fa-d6ee61119ced,c3,c5,1111,?,x2,
1768857397.9431777,FORWARDED,45c664fd-3b02-41f0-9c69-7cf1c5c88991,08a3552d-e78d-4a43-b9fa-d6ee61119ced,c3,c5,1111,?,x2,
1768857398.0198808,SENT,3acd9ca9-93c6-4262-9b73-bc5238690582,9452a87f-3dba-42a6-a26a-8a7cc6b1f910,c5,c4,1108,?,x5,
1768857398.019922,FORWARDED,3acd9ca9-93c6-4262-9b73-bc5238690582,9452a87f-3dba-42a6-a26a-8a7cc6b1f910,c5,c4,1108,?,x5,
1768857398.1709545,SENT,3334fedb-ed12-44c4-9971-9ab4269b3901,bb352a55-dfaf-490e-ad02-93c2d2d6f8d7,c5,c3,1112,?,x9,
1768857398.1709948,FORWARDED,3334fedb-ed12-44c4-9971-9ab4269b3901,bb352a55-dfaf-490e-ad02-93c2d2d6f8d7,c5,c3,1112,?,x9,
1768857398.2113218,RECEIVED,14c17fb5-2002-426b-b300-51ac894ac3e4,80e420fc-ad34-4d89-ab16-4fbb83db4661,c1,c2,1572,e4,?,
1768857398.284437,SENT,14c17fb5-2002-426b-b300-51ac894ac3e4,80e420fc-ad34-4d89-ab16-4fbb83db4661,c1,c2,1107,?,x9,
1768857398.2844791,FORWARDED,14c17fb5-2002-426b-b300-51ac894ac3e4,80e420fc-ad34-4d89-ab16-4fbb83db4661,c1,c2,1107,?,x9,
1768857398.3986442,RECEIVED,08cbf0e8-a3d1-425d-b6f1-067a2f459cf7,ae3b29da-58e8-44e4-b451-1d630f70df61,c2,c1,1460,e8,?,
1768857398.433763,RECEIVED,45400e7a-8677-41f5-af57-7c698e3c7dac,8a9bf2f3-75cb-4dec-bd26-b67b9d444d0b,c5,c3,1444,e10,?,
1768857398.539212,SENT,45400e7a-8677-41f5-af57-7c698e3c7dac,8a9bf2f3-75cb-4dec-bd26-b67b9d444d0b,c5,c3,1011,?,x3,
1768857398.5392535,FORWARDED,45400e7a-8677-41f5-af57-7c698e3c7dac,8a9bf2f3-75cb-4dec-bd26-b67b9d444d0b,c5,c3,1011,?,x3,
1768857398.633773,SENT,08cbf0e8-a3d1-425d-b6f1-067a2f459cf7,ae3b29da-58e8-44e4-b451-1d630f70df61,c2,c1,1023,?,x6,
1768857398.6338255,FORWARDED,08cbf0e8-a3d1-425d-b6f1-067a2f459cf7,ae3b29da-58e8-44e4-b451-1d630f70df61,c2,c1,1023,?,x6,
1768857398.9906065,RECEIVED,9c6dfa38-d1b9-4424-a065-2d630507aff8,1f568041-ac48-4f6b-bbee-c51aabbfbcbd,c5,c3,1584,e7,?,
1768857399.1589308,SENT,9c6dfa38-d1b9-4424-a065-2d630507aff8,1f568041-ac48-4f6b-bbee-c51aabbfbcbd,c5,c3,1115,?,x9,
1768857399.158973,FORWARDED,9c6dfa38-d1b9-4424-a065-2d630507aff8,1f568041-ac48-4f6b-bbee-c51aabbfbcbd,c5,c3,1115,?,x9,
1768857399.676724,RECEIVED,bc401dcb-fa23-455a-bcca-32bd2e2822af,b1440b92-8e77-4d94-b46d-9ebb596e6e49,c5,DROP,446,x5,?,
1768857400.106106,RECEIVED,769d9344-ce95-4af8-9199-5e57131879b1,03e605c4-fead-46c2-bd02-ce249276b349,c3,c5,1579,e5,?,
1768857400.3679647,RECEIVED,b9b4b4d3-311f-419c-9662-5e5b377c0436,ccbdeb93-e0bb-43e5-9c37-2d1af0d81267,c3,c5,1443,e3,?,
1768857400.5323648,RECEIVED,e1cf6321-527e-4543-81bd-f2b0901376f0,ee492943-41d2-4671-91ba-3fa40dbcc155,c5,c3,1583,e4,?,
1768857400.7035244,SENT,769d9344-ce95-4af8-9199-5e57131879b1,03e605c4-fead-46c2-bd02-ce249276b349,c3,c5,1111,?,x4,
1768857400.703565,FORWARDED,769d9344-ce95-4af8-9199-5e57131879b1,03e605c4-fead-46c2-bd02-ce249276b349,c3,c5,1111,?,x4,
1768857400.9074082,SENT,b9b4b4d3-311f-419c-9662-5e5b377c0436,ccbdeb93-e0bb-43e5-9c37-2d1af0d81267,c3,c5,1011,?,x8,
1768857400.907443,FORWARDED,b9b4b4d3-311f-419c-9662-5e5b377c0436,ccbdeb93-e0bb-43e5-9c37-2d1af0d81267,c3,c5,1011,?,x8,
1768857401.686312,RECEIVED,c79cf4ba-efdf-46ef-ad57-c99c86dfcc71,d5746ca8-74c1-4f67-bc41-448739860b29,c4,c5,1445,e7,?,
1768857401.7245588,SENT,c79cf4ba-efdf-46ef-ad57-c99c86dfcc71,d5746ca8-74c1-4f67-bc41-448739860b29,c4,c5,1011,?,x2,
1768857401.7246127,FORWARDED,c79cf4ba-efdf-46ef-ad57-c99c86dfcc71,d5746ca8-74c1-4f67-bc41-448739860b29,c4,c5,1011,?,x2,
1768857401.7454536,RECEIVED,a1edaa8d-2cb4-496a-97d0-9d98753be43a,5b994a93-f7dc-4215-9d72-a0df44b46b66,c1,c5,1466,e10,?,
1768857401.9416893,RECEIVED,c02cfeac-da64-4a22-86a0-d7bcf2272e32,0728863d-07b0-4fd7-a375-770566c6d231,c2,c1,1448,e8,?,
1768857401.9818127,SENT,e1cf6321-527e-4543-81bd-f2b0901376f0,ee492943-41d2-4671-91ba-3fa40dbcc155,c5,c3,1115,?,x4,
1768857401.9818566,FORWARDED,e1cf6321-527e-4543-81bd-f2b0901376f0,ee492943-41d2-4671-91ba-3fa40dbcc155,c5,c3,1115,?,x4,
1768857402.0517995,SENT,c02cfeac-da64-4a22-86a0-d7bcf2272e32,0728863d-07b0-4fd7-a375-770566c6d231,c2,c1,1012,?,x2,
1768857402.051849,FORWARDED,c02cfeac-da64-4a22-86a0-d7bcf2272e32,0728863d-07b0-4fd7-a375-770566c6d231,c2,c1,1012,?,x2,
1768857402.061631,RECEIVED,45a04468-3765-4ea6-a704-1753244eb80a,5744abc6-ddb7-447f-b64d-1117882aea20,c5,c3,1460,e10,?,
1768857402.1540425,SENT,45a04468-3765-4ea6-a704-1753244eb80a,5744abc6-ddb7-447f-b64d-1117882aea20,c5,c3,1022,?,x9,
1768857402.154102,FORWARDED,45a04468-3765-4ea6-a704-1753244eb80a,5744abc6-ddb7-447f-b64d-1117882aea20,c5,c3,1022,?,x9,
1768857402.188533,SENT,a1edaa8d-2cb4-496a-97d0-9d98753be43a,5b994a93-f7dc-4215-9d72-a0df44b46b66,c1,c5,1028,?,x2,
1768857402.1885731,FORWARDED,a1edaa8d-2cb4-496a-97d0-9d98753be43a,5b994a93-f7dc-4215-9d72-a0df44b46b66,c1,c5,1028,?,x2,
1768857402.5649135,RECEIVED,7f723d3b-4cde-419d-bc6e-b353431619aa,4e4d2484-8620-4e96-816f-2375b9a21ffe,c5,c3,1457,e8,?,
1768857402.7755651,SENT,7f723d3b-4cde-419d-bc6e-b353431619aa,4e4d2484-8620-4e96-816f-2375b9a21ffe,c5,c3,1019,?,x10,
1768857402.7757988,FORWARDED,7f723d3b-4cde-419d-bc6e-b353431619aa,4e4d2484-8620-4e96-816f-2375b9a21ffe,c5,c3,1019,?,x10,
1768857402.803348,RECEIVED,a3159c35-e80a-4ba9-b457-32545a997173,99d139a7-197a-4752-865d-394301d44849,c3,c5,1584,e5,?,
1768857403.1643996,RECEIVED,67fc63b9-1d5e-4424-a9a7-f5265851b9d6,adaf301c-dc1b-4b0d-93cf-581a82071b10,c3,c5,1448,e8,?,
1768857403.3577328,SENT,a3159c35-e80a-4ba9-b457-32545a997173,99d139a7-197a-4752-865d-394301d44849,c3,c5,1115,?,x11,
1768857403.3577695,FORWARDED,a3159c35-e80a-4ba9-b457-32545a997173,99d139a7-197a-4752-865d-394301d44849,c3,c5,1115,?,x11,
1768857403.6500754,SENT,67fc63b9-1d5e-4424-a9a7-f5265851b9d6,adaf301c-dc1b-4b0d-93cf-581a82071b10,c3,c5,1014,?,x9,
1768857403.6501145,FORWARDED,67fc63b9-1d5e-4424-a9a7-f5265851b9d6,adaf301c-dc1b-4b0d-93cf-581a82071b10,c3,c5,1014,?,x9,
1768857403.9183383,RECEIVED,956fafc7-b2eb-47f1-bc17-88e2a398bc8e,c5cd9185-b2e5-48f4-962a-2322b202682e,c5,c1,1584,e4,?,
1768857404.000878,SENT,956fafc7-b2eb-47f1-bc17-88e2a398bc8e,c5cd9185-b2e5-48f4-962a-2322b202682e,c5,c1,1115,?,x1,
1768857404.0009198,FORWARDED,956fafc7-b2eb-47f1-bc17-88e2a398bc8e,c5cd9185-b2e5-48f4-962a-2322b202682e,c5,c1,1115,?,x1,
1768857404.723209,RECEIVED,841ddd14-fb5a-418c-8b62-aa8e7f7213b5,5f625846-df9d-426e-95e7-fd595ac94e89,c5,c3,1584,e6,?,
1768857404.7866743,SENT,841ddd14-fb5a-418c-8b62-aa8e7f7213b5,5f625846-df9d-426e-95e7-fd595ac94e89,c5,c3,1115,?,x5,
1768857404.7867165,FORWARDED,841ddd14-fb5a-418c-8b62-aa8e7f7213b5,5f625846-df9d-426e-95e7-fd595ac94e89,c5,c3,1115,?,x5,
1768857405.1512527,RECEIVED,7b13b1f0-682c-4080-9234-3796434402ad,6787208f-9717-471a-bb69-f1b8c7027ddc,c1,c5,1446,e7,?,
1768857405.2968657,RECEIVED,5a17a803-0f64-4251-bbff-45ea920e64b9,2b44f0f0-7a34-44ae-ab99-f797f9ceae2e,c3,DROP,442,x11,?,
1768857405.3299255,RECEIVED,ae24a535-ba9a-41b4-bf8d-822eb96875c0,b16e437d-0660-440a-ac79-eb12ec0f5c43,c5,c3,1587,e11,?,
1768857405.475184,RECEIVED,228058b3-fd54-40fb-9fb5-179ca00c896d,06de2afb-9b65-46b6-b157-fbaffae836c8,c1,DROP,442,x4,?,
1768857405.718467,RECEIVED,7c0899f7-1dea-46ae-884f-a72fc1a1de5d,1dea02bd-485f-4bbe-89be-558162fc7bf9,c3,DROP,1016,e5,?,
1768857405.8172014,SENT,7b13b1f0-682c-4080-9234-3796434402ad,6787208f-9717-471a-bb69-f1b8c7027ddc,c1,c5,1013,?,x7,
1768857405.8172455,FORWARDED,7b13b1f0-682c-4080-9234-3796434402ad,6787208f-9717-471a-bb69-f1b8c7027ddc,c1,c5,1013,?,x7,
1768857405.9088051,SENT,7c0899f7-1dea-46ae-884f-a72fc1a1de5d,1dea02bd-485f-4bbe-89be-558162fc7bf9,c3,DROP,688,?,x6,
1768857405.9088478,FORWARDED,7c0899f7-1dea-46ae-884f-a72fc1a1de5d,1dea02bd-485f-4bbe-89be-558162fc7bf9,c3,DROP,688,?,x6,
1768857406.7951806,RECEIVED,3065259f-26bf-4a4b-8082-3c227523017d,51bd1d98-63fc-4a55-bf87-540c2f55aa34,c3,c5,1584,e3,?,
1768857406.8144002,SENT,ae24a535-ba9a-41b4-bf8d-822eb96875c0,b16e437d-0660-440a-ac79-eb12ec0f5c43,c5,c3,1119,?,x11,
1768857406.814438,FORWARDED,ae24a535-ba9a-41b4-bf8d-822eb96875c0,b16e437d-0660-440a-ac79-eb12ec0f5c43,c5,c3,1119,?,x11,
1768857407.124098,RECEIVED,ecb596bf-9df7-4556-bde3-e3c5b5e82113,83bf8f55-fb17-4290-9b05-50ed267debcd,c1,c2,1583,e8,?,
1768857407.2545521,RECEIVED,f8967c55-af0a-4f98-87b2-eb9bf7b39151,0c153d88-7b16-45e0-83ca-f567ba8449fe,c1,c2,1583,e12,?,
1768857407.3949099,RECEIVED,c289ea2c-5ef7-484d-ab63-b9ca2690cb0c,6d4024b7-b014-400b-a0c6-2b5cc824f20b,c5,c3,1460,e8,?,
1768857407.4440765,SENT,3065259f-26bf-4a4b-8082-3c227523017d,51bd1d98-63fc-4a55-bf87-540c2f55aa34,c3,c5,1116,?,x10,
1768857407.444117,FORWARDED,3065259f-26bf-4a4b-8082-3c227523017d,51bd1d98-63fc-4a55-bf87-540c2f55aa34,c3,c5,1116,?,x10,
1768857407.4999304,SENT,c289ea2c-5ef7-484d-ab63-b9ca2690cb0c,6d4024b7-b014-400b-a0c6-2b5cc824f20b,c5,c3,1021,?,x9,
1768857407.4999714,FORWARDED,c289ea2c-5ef7-484d-ab63-b9ca2690cb0c,6d4024b7-b014-400b-a0c6-2b5cc824f20b,c5,c3,1021,?,x9,
1768857407.547239,RECEIVED,fde088e9-f30a-41b1-bafc-b961bdb15248,634bd493-7ea8-4114-a371-0044cd000661,c1,c5,1461,e10,?,
1768857407.622791,SENT,fde088e9-f30a-41b1-bafc-b961bdb15248,634bd493-7ea8-4114-a371-0044cd000661,c1,c5,1021,?,x11,
1768857407.622833,FORWARDED,fde088e9-f30a-41b1-bafc-b961bdb15248,634bd493-7ea8-4114-a371-0044cd000661,c1,c5,1021,?,x11,
1768857407.6671176,SENT,f8967c55-af0a-4f98-87b2-eb9bf7b39151,0c153d88-7b16-45e0-83ca-f567ba8449fe,c1,c2,1116,?,x3,
1768857407.6671612,FORWARDED,f8967c55-af0a-4f98-87b2-eb9bf7b39151,0c153d88-7b16-45e0-83ca-f567ba8449fe,c1,c2,1116,?,x3,
1768857407.7025044,RECEIVED,189690be-ce50-4552-b934-f192b487989f,59bf17cb-df8f-4a4d-84fc-1e5c10b9e49a,c1,c5,1460,e4,?,
1768857407.974191,RECEIVED,0eb0f7bf-10d7-43fe-9340-8334c4663d1e,8dbb701b-09fd-47cb-b00a-772213fe43f2,c3,DROP,1008,e4,?,
1768857408.0071473,SENT,ecb596bf-9df7-4556-bde3-e3c5b5e82113,83bf8f55-fb17-4290-9b05-50ed267debcd,c1,c2,1114,?,x9,
1768857408.007191,FORWARDED,ecb596bf-9df7-4556-bde3-e3c5b5e82113,83bf8f55-fb17-4290-9b05-50ed267debcd,c1,c2,1114,?,x9,
1768857408.094081,SENT,189690be-ce50-4552-b934-f192b487989f,59bf17cb-df8f-4a4d-84fc-1e5c10b9e49a,c1,c5,1023,?,x7,
1768857408.0941224,FORWARDED,189690be-ce50-4552-b934-f192b487989f,59bf17cb-df8f-4a4d-84fc-1e5c10b9e49a,c1,c5,1023,?,x7,
1768857408.102144,RECEIVED,cea445fa-90f9-4f37-84d5-5e8c827b838f,d2d988bf-bb36-43dc-93b5-68863390c53d,c2,c1,1458,e5,?,
1768857408.2465565,SENT,0eb0f7bf-10d7-43fe-9340-8334c4663d1e,8dbb701b-09fd-47cb-b00a-772213fe43f2,c3,DROP,684,?,x5,
1768857408.246597,FORWARDED,0eb0f7bf-10d7-43fe-9340-8334c4663d1e,8dbb701b-09fd-47cb-b00a-772213fe43f2,c3,DROP,684,?,x5,
1768857408.5069778,RECEIVED,e49a34be-94c5-4557-8755-fca4fbba069b,39dbbd34-ea2e-4501-8678-40e7e9e1e9e0,c3,c5,1584,e7,?,
1768857408.775103,RECEIVED,622f6bf6-a115-43cb-8a7b-03375c364565,94d12e23-34fe-4503-b02f-1f1b14de8153,c1,c5,1456,e2,?,
1768857408.785745,SENT,e49a34be-94c5-4557-8755-fca4fbba069b,39dbbd34-ea2e-4501-8678-40e7e9e1e9e0,c3,c5,1115,?,x2,
1768857408.785786,FORWARDED,e49a34be-94c5-4557-8755-fca4fbba069b,39dbbd34-ea2e-4501-8678-40e7e9e1e9e0,c3,c5,1115,?,x2,
1768857408.9258778,RECEIVED,74f5494b-fbdd-4212-aeeb-36b0536da594,c7e0c674-86b3-4a86-86b7-6d17af847fa1,c5,c4,1584,e2,?,
1768857408.9849958,RECEIVED,0605ae1f-4bae-4c19-9671-91d73af10495,831265fc-1937-46a3-ad18-fb4fec438645,c1,c5,1463,e8,?,
1768857409.0734196,RECEIVED,3778856c-3d98-462c-9cea-257b1b80faaf,5ed80434-8a43-43bd-807e-a7ce69e61926,c5,c3,1584,e1,?,
1768857409.2194576,SENT,622f6bf6-a115-43cb-8a7b-03375c364565,94d12e23-34fe-4503-b02f-1f1b14de8153,c1,c5,1019,?,x7,
1768857409.2194998,FORWARDED,622f6bf6-a115-43cb-8a7b-03375c364565,94d12e23-34fe-4503-b02f-1f1b14de8153,c1,c5,1019,?,x7,
1768857409.273476,RECEIVED,e870b0d4-09a6-42f9-914a-cc8d9ca91a7e,003ef53f-eb3a-45cb-953a-4a03afb8e8ff,c3,DROP,1020,e11,?,
1768857409.3703942,SENT,e870b0d4-09a6-42f9-914a-cc8d9ca91a7e,003ef53f-eb3a-45cb-953a-4a03afb8e8ff,c3,DROP,691,?,x8,
1768857409.370472,FORWARDED,e870b0d4-09a6-42f9-914a-cc8d9ca91a7e,003ef53f-eb3a-45cb-953a-4a03afb8e8ff,c3,DROP,691,?,x8,
1768857409.4247444,SENT,74f5494b-fbdd-4212-aeeb-36b0536da594,c7e0c674-86b3-4a86-86b7-6d17af847fa1,c5,c4,1115,?,x7,
1768857409.4247835,FORWARDED,74f5494b-fbdd-4212-aeeb-36b0536da594,c7e0c674-86b3-4a86-86b7-6d17af847fa1,c5,c4,1115,?,x7,
1768857409.4999828,RECEIVED,78c8b00c-f604-4093-b7e4-4fc6b6e7c0e6,c38d6f1f-7fa9-4913-b6f9-b14918343bcf,c3,c5,1456,e5,?,
1768857409.5424767,SENT,0605ae1f-4bae-4c19-9671-91d73af10495,831265fc-1937-46a3-ad18-fb4fec438645,c1,c5,1024,?,x8,
1768857409.5425184,FORWARDED,0605ae1f-4bae-4c19-9671-91d73af10495,831265fc-1937-46a3-ad18-fb4fec438645,c1,c5,1024,?,x8,
1768857409.5539296,SENT,3778856c-3d98-462c-9cea-257b1b80faaf,5ed80434-8a43-43bd-807e-a7ce69e61926,c5,c3,1116,?,x2,
1768857409.5539715,FORWARDED,3778856c-3d98-462c-9cea-257b1b80faaf,5ed80434-8a43-43bd-807e-a7ce69e61926,c5,c3,1116,?,x2,
1768857409.7081823,RECEIVED,46b15d71-5055-4027-be04-858547343e11,d8eb5dd5-974b-4593-b19d-7f26dfeec498,c5,c4,1576,e4,?,
1768857409.753712,SENT,78c8b00c-f604-4093-b7e4-4fc6b6e7c0e6,c38d6f1f-7fa9-4913-b6f9-b14918343bcf,c3,c5,1020,?,x10,
1768857409.7537534,FORWARDED,78c8b00c-f604-4093-b7e4-4fc6b6e7c0e6,c38d6f1f-7fa9-4913-b6f9-b14918343bcf,c3,c5,1020,?,x10,
1768857409.7628555,SENT,cea445fa-90f9-4f37-84d5-5e8c827b838f,d2d988bf-bb36-43dc-93b5-68863390c53d,c2,c1,1023,?,x7,
1768857409.7628984,FORWARDED,cea445fa-90f9-4f37-84d5-5e8c827b838f,d2d988bf-bb36-43dc-93b5-68863390c53d,c2,c1,1023,?,x7,
1768857409.9751976,SENT,46b15d71-5055-4027-be04-858547343e11,d8eb5dd5-974b-4593-b19d-7f26dfeec498,c5,c4,1108,?,x8,
1768857409.9752378,FORWARDED,46b15d71-5055-4027-be04-858547343e11,d8eb5dd5-974b-4593-b19d-7f26dfeec498,c5,c4,1108,?,x8,
1768857410.1948085,RECEIVED,9420ea00-a4bc-49cc-851b-eb18a9a58749,21e73e8b-5b21-4641-84a8-dcdd635e6585,c3,c5,1455,e7,?,
1768857410.457689,RECEIVED,d73b126d-cdde-47f2-b380-2d85d29822dc,3dbe35c0-3064-4a93-b125-073f64e24f4d,c1,c2,1583,e10,?,
1768857410.7108757,RECEIVED,2c4a082c-c20c-4666-b8c6-53930de1371a,603a2f25-40ac-419f-9be5-825e508b3ec2,c2,c1,1463,e4,?,
1768857410.9556847,RECEIVED,b1c73b22-82c0-451f-9ab4-6986887d7a65,b261959b-0585-4dca-a1b2-a3353dc7f422,c5,c3,1451,e1,?,
1768857410.9894488,RECEIVED,cb325f74-9d20-4375-ab33-3f6c023ff58c,1ced3623-5eda-45ae-8cd9-c24992d74f0e,c1,c5,1462,e10,?,
1768857410.9994335,SENT,cb325f74-9d20-4375-ab33-3f6c023ff58c,1ced3623-5eda-45ae-8cd9-c24992d74f0e,c1,c5,1023,?,x7,
1768857410.9994752,FORWARDED,cb325f74-9d20-4375-ab33-3f6c023ff58c,1ced3623-5eda-45ae-8cd9-c24992d74f0e,c1,c5,1023,?,x7,
1768857411.0074165,SENT,9420ea00-a4bc-49cc-851b-eb18a9a58749,21e73e8b-5b21-4641-84a8-dcdd635e6585,c3,c5,1019,?,x8,
1768857411.007457,FORWARDED,9420ea00-a4bc-49cc-851b-eb18a9a58749,21e73e8b-5b21-4641-84a8-dcdd635e6585,c3,c5,1019,?,x8,
1768857411.3565745,SENT,d73b126d-cdde-47f2-b380-2d85d29822dc,3dbe35c0-3064-4a93-b125-073f64e24f4d,c1,c2,1115,?,x4,
1768857411.356617,FORWARDED,d73b126d-cdde-47f2-b380-2d85d29822dc,3dbe35c0-3064-4a93-b125-073f64e24f4d,c1,c2,1115,?,x4,
1768857411.4917088,RECEIVED,4b087c24-522a-47d7-ae0b-8bc339872548,a2418ec7-6f14-4584-b10e-548b0863b005,c2,c1,1453,e8,?,
1768857411.4953575,SENT,2c4a082c-c20c-4666-b8c6-53930de1371a,603a2f25-40ac-419f-9be5-825e508b3ec2,c2,c1,1026,?,x12,
1768857411.4953966,FORWARDED,2c4a082c-c20c-4666-b8c6-53930de1371a,603a2f25-40ac-419f-9be5-825e508b3ec2,c2,c1,1026,?,x12,
1768857411.614461,SENT,4b087c24-522a-47d7-ae0b-8bc339872548,a2418ec7-6f14-4584-b10e-548b0863b005,c2,c1,1016,?,x11,
1768857411.6145027,FORWARDED,4b087c24-522a-47d7-ae0b-8bc339872548,a2418ec7-6f14-4584-b10e-548b0863b005,c2,c1,1016,?,x11,
1768857411.8319166,RECEIVED,7532a9f8-6681-4fb2-abef-26835153e38a,769ea510-449f-4f1d-9d4d-a680589bf048,c3,c5,1464,e10,?,
1768857411.9179976,SENT,7532a9f8-6681-4fb2-abef-26835153e38a,769ea510-449f-4f1d-9d4d-a680589bf048,c3,c5,1024,?,x2,
1768857411.9180615,FORWARDED,7532a9f8-6681-4fb2-abef-26835153e38a,769ea510-449f-4f1d-9d4d-a680589bf048,c3,c5,1024,?,x2,
1768857412.1232715,RECEIVED,5545f259-b22f-4584-ac53-4cd3d3493a97,64e27840-d327-484c-ba44-1f269b55ebce,c4,c5,1458,e4,?,
1768857412.2224994,SENT,5545f259-b22f-4584-ac53-4cd3d3493a97,64e27840-d327-484c-ba44-1f269b55ebce,c4,c5,1019,?,x11,
1768857412.2226217,FORWARDED,5545f259-b22f-4584-ac53-4cd3d3493a97,64e27840-d327-484c-ba44-1f269b55ebce,c4,c5,1019,?,x11,
1768857412.2361577,RECEIVED,58a39fc7-9c92-471b-b133-c14e9b0be518,86192de9-f858-4fdb-907b-76c155bc6b2b,c5,c4,1584,e4,?,
1768857412.3637466,RECEIVED,54f3ec2c-6681-419a-b2ea-e21643b20209,5920a188-9843-46c7-a90f-32798a1c7a05,c4,c5,1443,e8,?,
1768857412.5346658,SENT,58a39fc7-9c92-471b-b133-c14e9b0be518,86192de9-f858-4fdb-907b-76c155bc6b2b,c5,c4,1115,?,x7,
1768857412.5347085,FORWARDED,58a39fc7-9c92-471b-b133-c14e9b0be518,86192de9-f858-4fdb-907b-76c155bc6b2b,c5,c4,1115,?,x7,
1768857412.8711274,RECEIVED,4572b7e8-a4d3-4c64-9a29-602c5ff43dd0,e8c6f47c-a76a-4c75-8d7d-83263e2abfb3,c5,c3,1455,e7,?,
1768857412.887203,SENT,54f3ec2c-6681-419a-b2ea-e21643b20209,5920a188-9843-46c7-a90f-32798a1c7a05,c4,c5,1010,?,x4,
1768857412.8872457,FORWARDED,54f3ec2c-6681-419a-b2ea-e21643b20209,5920a188-9843-46c7-a90f-32798a1c7a05,c4,c5,1010,?,x4,
1768857412.905808,SENT,b1c73b22-82c0-451f-9ab4-6986887d7a65,b261959b-0585-4dca-a1b2-a3353dc7f422,c5,c3,1016,?,x3,
1768857412.9058418,FORWARDED,b1c73b22-82c0-451f-9ab4-6986887d7a65,b261959b-0585-4dca-a1b2-a3353dc7f422,c5,c3,1016,?,x3,
1768857413.0147414,RECEIVED,9348c6df-ba38-4593-864f-c7377f4177b8,05921166-afe3-4986-877c-a3c232d9eb44,c5,c1,1568,e5,?,
1768857413.1219916,RECEIVED,6661e316-b9fa-4f18-80dc-0b40f5a761cd,c15aff10-f689-45bb-a608-073b2bceb67a,c5,c1,1585,e12,?,
1768857413.2078922,SENT,6661e316-b9fa-4f18-80dc-0b40f5a761cd,c15aff10-f689-45bb-a608-073b2bceb67a,c5,c1,1115,?,x1,
1768857413.2079356,FORWARDED,6661e316-b9fa-4f18-80dc-0b40f5a761cd,c15aff10-f689-45bb-a608-073b2bceb67a,c5,c1,1115,?,x1,
1768857413.243512,SENT,9348c6df-ba38-4593-864f-c7377f4177b8,05921166-afe3-4986-877c-a3c232d9eb44,c5,c1,1104,?,x8,
1768857413.2435544,FORWARDED,9348c6df-ba38-4593-864f-c7377f4177b8,05921166-afe3-4986-877c-a3c232d9eb44,c5,c1,1104,?,x8,
1768857413.6184218,RECEIVED,9556cc18-4dc5-4a93-842b-be0af1240b3d,461c224b-dd88-4142-afa4-af1b3b277f05,c1,c2,1575,e3,?,
1768857413.695168,SENT,4572b7e8-a4d3-4c64-9a29-602c5ff43dd0,e8c6f47c-a76a-4c75-8d7d-83263e2abfb3,c5,c3,1019,?,x3,
1768857413.695216,FORWARDED,4572b7e8-a4d3-4c64-9a29-602c5ff43dd0,e8c6f47c-a76a-4c75-8d7d-83263e2abfb3,c5,c3,1019,?,x3,
1768857413.8047101,SENT,9556cc18-4dc5-4a93-842b-be0af1240b3d,461c224b-dd88-4142-afa4-af1b3b277f05,c1,c2,1108,?,x5,
1768857413.8047516,FORWARDED,9556cc18-4dc5-4a93-842b-be0af1240b3d,461c224b-dd88-4142-afa4-af1b3b277f05,c1,c2,1108,?,x5,
1768857415.7971363,RECEIVED,b42a666d-8355-452c-bce0-574a6cf80eb1,ba5ec146-a04d-43e7-8422-f7c884067a57,c5,c1,1586,e4,?,
1768857415.8594487,SENT,b42a666d-8355-452c-bce0-574a6cf80eb1,ba5ec146-a04d-43e7-8422-f7c884067a57,c5,c1,1115,?,x11,
1768857415.8594902,FORWARDED,b42a666d-8355-452c-bce0-574a6cf80eb1,ba5ec146-a04d-43e7-8422-f7c884067a57,c5,c1,1115,?,x11,
