timestamp,event_type,packet_id,message_id,src,dst,size,prev_hop,next_hop,flags
1769494463.6853895,RECEIVED,e4d7b275-3502-4f39-8028-a78fac7a404c,451fcc40-e1a3-4537-9f2d-375010f4376b,c5,DROP,442,x10,?,
1769494464.241281,RECEIVED,401c8fd6-a5cb-460b-b6e9-9c6fa0b3f1ec,3734bb93-ae4e-44a0-a303-499f4ccb6a19,c3,DROP,1007,e4,?,
1769494464.5862777,SENT,401c8fd6-a5cb-460b-b6e9-9c6fa0b3f1ec,3734bb93-ae4e-44a0-a303-499f4ccb6a19,c3,DROP,683,?,x7,
1769494464.5864003,FORWARDED,401c8fd6-a5cb-460b-b6e9-9c6fa0b3f1ec,3734bb93-ae4e-44a0-a303-499f4ccb6a19,c3,DROP,683,?,x7,
1769494464.6524324,RECEIVED,9f143161-27c0-47ce-83b4-9b772034b85a,6e71d1c7-f257-4a46-87b4-f9e4dabe526b,c4,c5,1772,e1,?,
1769494464.710652,RECEIVED,30c917d9-9793-4613-9836-cec5048510b1,19b605b4-1bf8-4526-acd4-77b547571b61,c5,DROP,1018,e3,?,
1769494464.7848022,RECEIVED,3107ad16-afee-4425-b977-0231de709cb4,14b9be8e-b026-42a3-9f8a-248cd0778bf5,c2,DROP,1007,e8,?,
1769494464.7921736,SENT,9f143161-27c0-47ce-83b4-9b772034b85a,6e71d1c7-f257-4a46-87b4-f9e4dabe526b,c4,c5,1255,?,x2,
1769494464.7922509,FORWARDED,9f143161-27c0-47ce-83b4-9b772034b85a,6e71d1c7-f257-4a46-87b4-f9e4dabe526b,c4,c5,1255,?,x2,
1769494464.812088,RECEIVED,dd6eb371-48e5-4d2a-b89c-2fb4f5afe111,7e05b7f2-2dac-4f0f-ac22-b309861e06dd,c2,DROP,1008,e8,?,
1769494464.9129162,RECEIVED,9e2bd151-1aae-4072-915d-d3788a0cb493,e7246f55-8758-4f34-955d-c09d1cce855b,c3,DROP,445,x12,?,
1769494464.9194221,SENT,dd6eb371-48e5-4d2a-b89c-2fb4f5afe111,7e05b7f2-2dac-4f0f-ac22-b309861e06dd,c2,DROP,683,?,x1,
1769494464.9195037,FORWARDED,dd6eb371-48e5-4d2a-b89c-2fb4f5afe111,7e05b7f2-2dac-4f0f-ac22-b309861e06dd,c2,DROP,683,?,x1,
1769494465.0045483,SENT,3107ad16-afee-4425-b977-0231de709cb4,14b9be8e-b026-42a3-9f8a-248cd0778bf5,c2,DROP,683,?,x4,
1769494465.004628,FORWARDED,3107ad16-afee-4425-b977-0231de709cb4,14b9be8e-b026-42a3-9f8a-248cd0778bf5,c2,DROP,683,?,x4,
1769494465.065789,RECEIVED,7ffe34c2-7d85-4507-b888-7bea454295d5,ae7cfbfc-51f3-4a28-b55e-fca55a81d336,c4,DROP,1019,e5,?,
1769494465.1227171,RECEIVED,a57badcd-21e6-4e10-80b1-73e34ad96f07,8fe470b2-75b0-427c-b7a5-8018b02b25ed,c5,c2,1763,e11,?,
1769494465.1795502,RECEIVED,1e47b347-0232-4d52-93bf-176fc3b0559b,48bb5168-354e-4f7a-aef3-200f000d9b8e,c1,DROP,1007,e5,?,
1769494465.384186,SENT,1e47b347-0232-4d52-93bf-176fc3b0559b,48bb5168-354e-4f7a-aef3-200f000d9b8e,c1,DROP,683,?,x8,
1769494465.384265,FORWARDED,1e47b347-0232-4d52-93bf-176fc3b0559b,48bb5168-354e-4f7a-aef3-200f000d9b8e,c1,DROP,683,?,x8,
1769494465.507802,SENT,a57badcd-21e6-4e10-80b1-73e34ad96f07,8fe470b2-75b0-427c-b7a5-8018b02b25ed,c5,c2,1250,?,x6,
1769494465.507896,FORWARDED,a57badcd-21e6-4e10-80b1-73e34ad96f07,8fe470b2-75b0-427c-b7a5-8018b02b25ed,c5,c2,1250,?,x6,
1769494465.5441926,SENT,30c917d9-9793-4613-9836-cec5048510b1,19b605b4-1bf8-4526-acd4-77b547571b61,c5,DROP,691,?,x10,
1769494465.5442758,FORWARDED,30c917d9-9793-4613-9836-cec5048510b1,19b605b4-1bf8-4526-acd4-77b547571b61,c5,DROP,691,?,x10,
1769494465.6997824,RECEIVED,9437ba3c-0713-42f9-865f-2c70044c05e4,f548132b-937b-4aad-99e5-7a5de0323722,c1,DROP,1016,e1,?,
1769494465.7411404,RECEIVED,c3bd4407-4b66-4920-8ce1-6bf27c1924d1,079db54e-f200-433d-8a33-b51db983993c,c4,DROP,1011,e1,?,
1769494465.7743933,RECEIVED,9c5cc937-d945-43ef-b80b-069cf7fe2fc3,506e430e-051b-48e0-85fe-eeaff17569ec,c5,c2,1772,e3,?,
1769494465.8695323,RECEIVED,2414416e-3344-47af-86cd-f342dd995ded,166743a8-ec32-4ec7-9025-7887060fbf16,c5,DROP,1015,e11,?,
1769494465.8783839,SENT,9c5cc937-d945-43ef-b80b-069cf7fe2fc3,506e430e-051b-48e0-85fe-eeaff17569ec,c5,c2,1255,?,x4,
1769494465.8784525,FORWARDED,9c5cc937-d945-43ef-b80b-069cf7fe2fc3,506e430e-051b-48e0-85fe-eeaff17569ec,c5,c2,1255,?,x4,
1769494465.8873496,RECEIVED,5214029f-b562-4953-bc1d-a0bf45e9a13f,77d24886-b3a2-4d49-a650-bd9aa4a02507,c2,DROP,1020,e12,?,
1769494465.9675124,RECEIVED,41959134-2291-4d90-978a-8f3368d8e3b1,7844f918-1aa6-43d4-92cc-1f8819d097e0,c1,DROP,1012,e9,?,
1769494466.0976,SENT,c3bd4407-4b66-4920-8ce1-6bf27c1924d1,079db54e-f200-433d-8a33-b51db983993c,c4,DROP,686,?,x2,
1769494466.0976503,FORWARDED,c3bd4407-4b66-4920-8ce1-6bf27c1924d1,079db54e-f200-433d-8a33-b51db983993c,c4,DROP,686,?,x2,
1769494466.2082317,SENT,7ffe34c2-7d85-4507-b888-7bea454295d5,ae7cfbfc-51f3-4a28-b55e-fca55a81d336,c4,DROP,691,?,x11,
1769494466.2083538,FORWARDED,7ffe34c2-7d85-4507-b888-7bea454295d5,ae7cfbfc-51f3-4a28-b55e-fca55a81d336,c4,DROP,691,?,x11,
1769494466.2450652,SENT,41959134-2291-4d90-978a-8f3368d8e3b1,7844f918-1aa6-43d4-92cc-1f8819d097e0,c1,DROP,687,?,x5,
1769494466.2451687,FORWARDED,41959134-2291-4d90-978a-8f3368d8e3b1,7844f918-1aa6-43d4-92cc-1f8819d097e0,c1,DROP,687,?,x5,
1769494466.2563274,SENT,5214029f-b562-4953-bc1d-a0bf45e9a13f,77d24886-b3a2-4d49-a650-bd9aa4a02507,c2,DROP,693,?,x1,
1769494466.2563798,FORWARDED,5214029f-b562-4953-bc1d-a0bf45e9a13f,77d24886-b3a2-4d49-a650-bd9aa4a02507,c2,DROP,693,?,x1,
1769494466.2771053,RECEIVED,a01704ee-e097-4715-a4a1-a3f99896a80c,5eaf9fee-9eb9-4c45-acaf-ccc3aa493b49,c1,DROP,1007,e8,?,
1769494466.3333726,RECEIVED,80bad9f2-ec83-4370-9eae-08381275ac6b,eaf02d20-437b-4f6a-b57b-e8c46d5c6d08,c5,DROP,1011,e3,?,
1769494466.4333167,SENT,9437ba3c-0713-42f9-865f-2c70044c05e4,f548132b-937b-4aad-99e5-7a5de0323722,c1,DROP,690,?,x11,
1769494466.4333932,FORWARDED,9437ba3c-0713-42f9-865f-2c70044c05e4,f548132b-937b-4aad-99e5-7a5de0323722,c1,DROP,690,?,x11,
1769494466.4773805,SENT,2414416e-3344-47af-86cd-f342dd995ded,166743a8-ec32-4ec7-9025-7887060fbf16,c5,DROP,688,?,x1,
1769494466.4774342,FORWARDED,2414416e-3344-47af-86cd-f342dd995ded,166743a8-ec32-4ec7-9025-7887060fbf16,c5,DROP,688,?,x1,
1769494466.6813996,RECEIVED,e16c2be6-5687-4854-93a0-66099335fbe3,ac6816ac-47b8-4abd-aaff-8d52c12fb3ae,c2,DROP,1016,e6,?,
1769494466.8091865,RECEIVED,a3e2d4e5-effd-4d9c-ae56-c23985798a1b,deca0e04-7930-4edf-9525-e27b897d1c9f,c3,DROP,442,x2,?,
1769494466.8647738,SENT,80bad9f2-ec83-4370-9eae-08381275ac6b,eaf02d20-437b-4f6a-b57b-e8c46d5c6d08,c5,DROP,685,?,x6,
1769494466.8648384,FORWARDED,80bad9f2-ec83-4370-9eae-08381275ac6b,eaf02d20-437b-4f6a-b57b-e8c46d5c6d08,c5,DROP,685,?,x6,
1769494466.9003026,RECEIVED,b50cd21c-28cd-4a3a-b362-b73f5fd2a690,4eeaf394-d5a5-49e4-8fd1-d4689691489f,c2,DROP,1012,e3,?,
1769494466.9461515,RECEIVED,e59481b8-5d53-480a-86ee-0d435545d59f,1e2ae5a1-2093-465d-afcd-50a93393af86,c2,DROP,1024,e3,?,
1769494466.9631488,RECEIVED,50007d04-6bb8-4869-9545-e39c71fe44e6,8c18e187-7ce4-4628-9a48-b91b6403d447,c4,c5,1785,e2,?,
1769494466.999038,RECEIVED,8c147a8b-aaf4-4cfb-88c1-b114a38e812f,f99046a1-c466-45e9-9ab8-4d937ab11526,c4,c5,1774,e8,?,
1769494467.0184858,SENT,e16c2be6-5687-4854-93a0-66099335fbe3,ac6816ac-47b8-4abd-aaff-8d52c12fb3ae,c2,DROP,688,?,x5,
1769494467.0185552,FORWARDED,e16c2be6-5687-4854-93a0-66099335fbe3,ac6816ac-47b8-4abd-aaff-8d52c12fb3ae,c2,DROP,688,?,x5,
1769494467.053177,SENT,a01704ee-e097-4715-a4a1-a3f99896a80c,5eaf9fee-9eb9-4c45-acaf-ccc3aa493b49,c1,DROP,684,?,x5,
1769494467.0532422,FORWARDED,a01704ee-e097-4715-a4a1-a3f99896a80c,5eaf9fee-9eb9-4c45-acaf-ccc3aa493b49,c1,DROP,684,?,x5,
1769494467.066211,SENT,b50cd21c-28cd-4a3a-b362-b73f5fd2a690,4eeaf394-d5a5-49e4-8fd1-d4689691489f,c2,DROP,687,?,x9,
1769494467.0662763,FORWARDED,b50cd21c-28cd-4a3a-b362-b73f5fd2a690,4eeaf394-d5a5-49e4-8fd1-d4689691489f,c2,DROP,687,?,x9,
1769494467.081409,RECEIVED,92c4b5bf-a7b1-485a-8d24-d847282403ca,c27f1908-51ca-4eff-982c-4480d59efc22,c5,DROP,1020,e9,?,
1769494467.2645705,RECEIVED,41870ce4-d9f0-4b24-99ce-b28c8f1031d4,de120c0f-81ab-4d3f-99c2-96cb944c02d9,c3,DROP,1012,e5,?,
1769494467.2729642,SENT,50007d04-6bb8-4869-9545-e39c71fe44e6,8c18e187-7ce4-4628-9a48-b91b6403d447,c4,c5,1264,?,x12,
1769494467.2741148,FORWARDED,50007d04-6bb8-4869-9545-e39c71fe44e6,8c18e187-7ce4-4628-9a48-b91b6403d447,c4,c5,1264,?,x12,
1769494467.2868469,RECEIVED,3f12c67b-6483-45f4-86e4-c32828816dac,0f5ea859-37eb-4379-ac63-54710a31e912,c1,DROP,1008,e3,?,
1769494467.3639646,SENT,92c4b5bf-a7b1-485a-8d24-d847282403ca,c27f1908-51ca-4eff-982c-4480d59efc22,c5,DROP,693,?,x11,
1769494467.3640068,FORWARDED,92c4b5bf-a7b1-485a-8d24-d847282403ca,c27f1908-51ca-4eff-982c-4480d59efc22,c5,DROP,693,?,x11,
1769494467.4631295,RECEIVED,4756a4e5-c01f-4f8c-b7a0-9d0e564f2e50,ca9eccd6-ed61-4d8f-84f0-cc9ee55dcd97,c1,DROP,1007,e5,?,
1769494467.5161946,SENT,41870ce4-d9f0-4b24-99ce-b28c8f1031d4,de120c0f-81ab-4d3f-99c2-96cb944c02d9,c3,DROP,687,?,x4,
1769494467.5162482,FORWARDED,41870ce4-d9f0-4b24-99ce-b28c8f1031d4,de120c0f-81ab-4d3f-99c2-96cb944c02d9,c3,DROP,687,?,x4,
1769494467.6358068,RECEIVED,48d4d494-497b-4f5d-b03e-ef13c105c8a0,50177b35-769d-4eac-9596-19f8f8e9daa6,c2,c3,1784,e5,?,
1769494467.8018692,SENT,4756a4e5-c01f-4f8c-b7a0-9d0e564f2e50,ca9eccd6-ed61-4d8f-84f0-cc9ee55dcd97,c1,DROP,684,?,x4,
1769494467.801924,FORWARDED,4756a4e5-c01f-4f8c-b7a0-9d0e564f2e50,ca9eccd6-ed61-4d8f-84f0-cc9ee55dcd97,c1,DROP,684,?,x4,
1769494467.8992658,SENT,48d4d494-497b-4f5d-b03e-ef13c105c8a0,50177b35-769d-4eac-9596-19f8f8e9daa6,c2,c3,1264,?,x10,
1769494467.8993216,FORWARDED,48d4d494-497b-4f5d-b03e-ef13c105c8a0,50177b35-769d-4eac-9596-19f8f8e9daa6,c2,c3,1264,?,x10,
1769494467.946139,SENT,e59481b8-5d53-480a-86ee-0d435545d59f,1e2ae5a1-2093-465d-afcd-50a93393af86,c2,DROP,694,?,x11,
1769494467.9461956,FORWARDED,e59481b8-5d53-480a-86ee-0d435545d59f,1e2ae5a1-2093-465d-afcd-50a93393af86,c2,DROP,694,?,x11,
1769494467.9933095,RECEIVED,ae6c3a6e-62fa-45f0-824e-4dc91b5e7162,6882493b-ac70-4d84-abfc-6bfaf867967d,c1,c5,1779,e4,?,
1769494468.1910224,RECEIVED,a0c6eb26-0411-408c-95e7-9eb4db838537,e02ef522-7ecf-4038-a121-32d919587a1d,c2,DROP,1020,e12,?,
1769494468.2861567,SENT,8c147a8b-aaf4-4cfb-88c1-b114a38e812f,f99046a1-c466-45e9-9ab8-4d937ab11526,c4,c5,1259,?,x4,
1769494468.2862124,FORWARDED,8c147a8b-aaf4-4cfb-88c1-b114a38e812f,f99046a1-c466-45e9-9ab8-4d937ab11526,c4,c5,1259,?,x4,
1769494468.50079,SENT,a0c6eb26-0411-408c-95e7-9eb4db838537,e02ef522-7ecf-4038-a121-32d919587a1d,c2,DROP,691,?,x4,
1769494468.5008466,FORWARDED,a0c6eb26-0411-408c-95e7-9eb4db838537,e02ef522-7ecf-4038-a121-32d919587a1d,c2,DROP,691,?,x4,
1769494468.626616,SENT,ae6c3a6e-62fa-45f0-824e-4dc91b5e7162,6882493b-ac70-4d84-abfc-6bfaf867967d,c1,c5,1261,?,x6,
1769494468.6266727,FORWARDED,ae6c3a6e-62fa-45f0-824e-4dc91b5e7162,6882493b-ac70-4d84-abfc-6bfaf867967d,c1,c5,1261,?,x6,
1769494468.8126245,RECEIVED,69aeaeb8-6f1c-4847-9069-f15cdf4f3b35,2be6d9fb-01b4-464f-a49f-858bd6315585,c3,c5,1783,e12,?,
1769494468.9013278,SENT,3f12c67b-6483-45f4-86e4-c32828816dac,0f5ea859-37eb-4379-ac63-54710a31e912,c1,DROP,683,?,x12,
1769494468.901369,FORWARDED,3f12c67b-6483-45f4-86e4-c32828816dac,0f5ea859-37eb-4379-ac63-54710a31e912,c1,DROP,683,?,x12,
1769494469.1454933,RECEIVED,a39cdfe3-d472-4084-aa0b-a22421655dc7,51728ec5-d349-4bfb-88f3-2df2d3468594,c4,DROP,1007,e7,?,
1769494469.2936165,RECEIVED,1aa7339b-9ba9-40a6-9994-f2c9eb41e078,9dcea271-f58e-4826-b71b-8d64c80df8cc,c4,DROP,442,x8,?,
1769494469.5574574,SENT,a39cdfe3-d472-4084-aa0b-a22421655dc7,51728ec5-d349-4bfb-88f3-2df2d3468594,c4,DROP,684,?,x2,
1769494469.5575652,FORWARDED,a39cdfe3-d472-4084-aa0b-a22421655dc7,51728ec5-d349-4bfb-88f3-2df2d3468594,c4,DROP,684,?,x2,
1769494469.5673091,RECEIVED,7fb2458a-22a3-4999-8f0a-3c9c24e951fd,4edd79ee-2401-4dc5-a615-2edc68ef1e7e,c1,DROP,440,x7,?,
1769494469.8462172,RECEIVED,e8683f49-87d8-454a-9001-9e532aa986d1,d0749657-190f-4ca4-bb5b-c85c42f8ec77,c5,DROP,1016,e9,?,
1769494469.9302998,RECEIVED,d05242ad-7ac2-4677-a684-b7539d51b4c3,82aac56a-bb57-462a-807b-ffe36e63cffe,c4,DROP,1007,e4,?,
1769494470.0153146,RECEIVED,c5d28a52-0333-4ac6-9140-d614f91ff9b1,86b7b646-48f4-4f42-82cc-f4b6694dc042,c4,DROP,1020,e3,?,
1769494470.0671008,SENT,c5d28a52-0333-4ac6-9140-d614f91ff9b1,86b7b646-48f4-4f42-82cc-f4b6694dc042,c4,DROP,692,?,x3,
1769494470.0671635,FORWARDED,c5d28a52-0333-4ac6-9140-d614f91ff9b1,86b7b646-48f4-4f42-82cc-f4b6694dc042,c4,DROP,692,?,x3,
1769494470.0871508,SENT,e8683f49-87d8-454a-9001-9e532aa986d1,d0749657-190f-4ca4-bb5b-c85c42f8ec77,c5,DROP,689,?,x1,
1769494470.087195,FORWARDED,e8683f49-87d8-454a-9001-9e532aa986d1,d0749657-190f-4ca4-bb5b-c85c42f8ec77,c5,DROP,689,?,x1,
1769494470.132226,RECEIVED,b60f30e9-2fe8-488a-a574-5bc1cf2b1629,9c30283c-e6c5-4da0-a323-d214c9ce391d,c3,DROP,1009,e5,?,
1769494470.2242951,SENT,b60f30e9-2fe8-488a-a574-5bc1cf2b1629,9c30283c-e6c5-4da0-a323-d214c9ce391d,c3,DROP,684,?,x11,
1769494470.224335,FORWARDED,b60f30e9-2fe8-488a-a574-5bc1cf2b1629,9c30283c-e6c5-4da0-a323-d214c9ce391d,c3,DROP,684,?,x11,
1769494470.445515,RECEIVED,4412bc73-ddc9-4b0e-9f12-92eb49c60821,c06faab3-429b-41e5-b902-859b409b34ef,c5,DROP,443,x3,?,
1769494470.4940407,RECEIVED,01a76a9a-9ffa-4b4c-9bdb-269963ef0e3d,a07dcdd0-eafd-4392-b912-d87b1dc52161,c4,DROP,1007,e3,?,
1769494470.4955919,SENT,d05242ad-7ac2-4677-a684-b7539d51b4c3,82aac56a-bb57-462a-807b-ffe36e63cffe,c4,DROP,684,?,x4,
1769494470.4956303,FORWARDED,d05242ad-7ac2-4677-a684-b7539d51b4c3,82aac56a-bb57-462a-807b-ffe36e63cffe,c4,DROP,684,?,x4,
1769494470.592794,RECEIVED,09ed328c-9d43-4210-8655-7927883b77e8,889c638e-5c6c-49e2-989e-f7ce505efba1,c3,DROP,1011,e4,?,
1769494470.6433039,RECEIVED,16f96b52-470f-4d26-acfa-3a3445b438b8,a9bd5c7b-a90b-4350-ad7f-559dea922eb5,c1,DROP,1019,e9,?,
1769494470.876045,SENT,69aeaeb8-6f1c-4847-9069-f15cdf4f3b35,2be6d9fb-01b4-464f-a49f-858bd6315585,c3,c5,1264,?,x8,
1769494470.8761132,FORWARDED,69aeaeb8-6f1c-4847-9069-f15cdf4f3b35,2be6d9fb-01b4-464f-a49f-858bd6315585,c3,c5,1264,?,x8,
1769494470.9038057,RECEIVED,f39174c3-0145-49f7-8108-169eac64a1c1,50960232-f7ad-4cfa-aa6c-2f237942914a,c1,DROP,441,x4,?,
1769494470.9362307,RECEIVED,ec70caae-155e-40d6-b217-09cb75d84a9e,7c2c7b41-6463-4fd3-a9f6-9b919ee0d04d,c5,DROP,1004,e6,?,
1769494471.0452113,RECEIVED,8145e375-edc5-41fc-a63d-8c889da8a30a,54c3443f-1147-4c29-b948-8bbf1037db03,c5,DROP,1019,e12,?,
1769494471.1146631,SENT,16f96b52-470f-4d26-acfa-3a3445b438b8,a9bd5c7b-a90b-4350-ad7f-559dea922eb5,c1,DROP,693,?,x1,
1769494471.1147807,FORWARDED,16f96b52-470f-4d26-acfa-3a3445b438b8,a9bd5c7b-a90b-4350-ad7f-559dea922eb5,c1,DROP,693,?,x1,
1769494471.1926057,SENT,01a76a9a-9ffa-4b4c-9bdb-269963ef0e3d,a07dcdd0-eafd-4392-b912-d87b1dc52161,c4,DROP,684,?,x2,
1769494471.1926425,FORWARDED,01a76a9a-9ffa-4b4c-9bdb-269963ef0e3d,a07dcdd0-eafd-4392-b912-d87b1dc52161,c4,DROP,684,?,x2,
1769494471.2008822,RECEIVED,6f0c5ee6-a5d7-4ada-bf61-20ff08998c2d,e38473d3-4d00-4e7c-bea1-1f018e2d8460,c4,DROP,1019,e11,?,
1769494471.2079713,RECEIVED,9a654b90-3384-4d7e-bc25-6c59f928b6b8,f5930487-f737-438d-b601-e2b7d5a424ab,c1,DROP,1011,e5,?,
1769494471.2856793,RECEIVED,999ac3cc-82c6-483e-a5f7-97bac9c447c4,781b8713-52df-45f7-aa13-440f80f68741,c5,DROP,1008,e5,?,
1769494471.339576,RECEIVED,0a573934-dc76-453f-9d78-fb53cb586668,28d8f0b4-6e00-41c4-8a80-12835a97b624,c3,DROP,446,x4,?,
1769494471.3472452,SENT,8145e375-edc5-41fc-a63d-8c889da8a30a,54c3443f-1147-4c29-b948-8bbf1037db03,c5,DROP,692,?,x5,
1769494471.3472855,FORWARDED,8145e375-edc5-41fc-a63d-8c889da8a30a,54c3443f-1147-4c29-b948-8bbf1037db03,c5,DROP,692,?,x5,
1769494471.3973083,SENT,ec70caae-155e-40d6-b217-09cb75d84a9e,7c2c7b41-6463-4fd3-a9f6-9b919ee0d04d,c5,DROP,680,?,x12,
1769494471.3973503,FORWARDED,ec70caae-155e-40d6-b217-09cb75d84a9e,7c2c7b41-6463-4fd3-a9f6-9b919ee0d04d,c5,DROP,680,?,x12,
1769494471.4613533,SENT,09ed328c-9d43-4210-8655-7927883b77e8,889c638e-5c6c-49e2-989e-f7ce505efba1,c3,DROP,686,?,x7,
1769494471.4613938,FORWARDED,09ed328c-9d43-4210-8655-7927883b77e8,889c638e-5c6c-49e2-989e-f7ce505efba1,c3,DROP,686,?,x7,
1769494471.5472965,SENT,999ac3cc-82c6-483e-a5f7-97bac9c447c4,781b8713-52df-45f7-aa13-440f80f68741,c5,DROP,684,?,x11,
1769494471.5473337,FORWARDED,999ac3cc-82c6-483e-a5f7-97bac9c447c4,781b8713-52df-45f7-aa13-440f80f68741,c5,DROP,684,?,x11,
1769494471.5955358,RECEIVED,ba8e1c9d-423c-40f4-85a0-3f66bf88d0dc,2253efa7-b09d-4052-9d24-24efc751c8f3,c5,DROP,1020,e12,?,
1769494471.9004362,RECEIVED,2c9dba30-b76d-4c8b-9942-5c9c755429a2,5a091962-2f90-42df-b802-dbff6023e23b,c1,c5,1779,e6,?,
1769494471.9543629,SENT,9a654b90-3384-4d7e-bc25-6c59f928b6b8,f5930487-f737-438d-b601-e2b7d5a424ab,c1,DROP,687,?,x4,
1769494471.9547422,FORWARDED,9a654b90-3384-4d7e-bc25-6c59f928b6b8,f5930487-f737-438d-b601-e2b7d5a424ab,c1,DROP,687,?,x4,
1769494471.9816127,RECEIVED,3d16ec32-2de4-4f5b-86b7-be239a4f9129,46091798-4c95-4a71-8ef0-0b0542247691,c2,DROP,1008,e9,?,
1769494472.0408385,SENT,ba8e1c9d-423c-40f4-85a0-3f66bf88d0dc,2253efa7-b09d-4052-9d24-24efc751c8f3,c5,DROP,692,?,x10,
1769494472.0409498,FORWARDED,ba8e1c9d-423c-40f4-85a0-3f66bf88d0dc,2253efa7-b09d-4052-9d24-24efc751c8f3,c5,DROP,692,?,x10,
1769494472.1225345,RECEIVED,bd6f1ad1-07a7-406c-81d8-43b52c313179,1c852ee2-fad1-4f3c-932d-df52cdc522c7,c5,DROP,1019,e10,?,
1769494472.1617026,RECEIVED,5be1b05f-633c-4a68-9e6f-0caa42df8341,6c01ca43-3e80-4c26-ac56-637138151b27,c5,c2,1780,e5,?,
1769494472.2282126,SENT,3d16ec32-2de4-4f5b-86b7-be239a4f9129,46091798-4c95-4a71-8ef0-0b0542247691,c2,DROP,683,?,x2,
1769494472.2282517,FORWARDED,3d16ec32-2de4-4f5b-86b7-be239a4f9129,46091798-4c95-4a71-8ef0-0b0542247691,c2,DROP,683,?,x2,
1769494472.2507493,SENT,6f0c5ee6-a5d7-4ada-bf61-20ff08998c2d,e38473d3-4d00-4e7c-bea1-1f018e2d8460,c4,DROP,691,?,x4,
1769494472.2507899,FORWARDED,6f0c5ee6-a5d7-4ada-bf61-20ff08998c2d,e38473d3-4d00-4e7c-bea1-1f018e2d8460,c4,DROP,691,?,x4,
1769494472.2786446,SENT,2c9dba30-b76d-4c8b-9942-5c9c755429a2,5a091962-2f90-42df-b802-dbff6023e23b,c1,c5,1263,?,x11,
1769494472.2786834,FORWARDED,2c9dba30-b76d-4c8b-9942-5c9c755429a2,5a091962-2f90-42df-b802-dbff6023e23b,c1,c5,1263,?,x11,
1769494472.411061,SENT,5be1b05f-633c-4a68-9e6f-0caa42df8341,6c01ca43-3e80-4c26-ac56-637138151b27,c5,c2,1263,?,x5,
1769494472.4111042,FORWARDED,5be1b05f-633c-4a68-9e6f-0caa42df8341,6c01ca43-3e80-4c26-ac56-637138151b27,c5,c2,1263,?,x5,
1769494472.5990934,SENT,bd6f1ad1-07a7-406c-81d8-43b52c313179,1c852ee2-fad1-4f3c-932d-df52cdc522c7,c5,DROP,691,?,x3,
1769494472.599135,FORWARDED,bd6f1ad1-07a7-406c-81d8-43b52c313179,1c852ee2-fad1-4f3c-932d-df52cdc522c7,c5,DROP,691,?,x3,
1769494472.603762,RECEIVED,205728e7-ec7c-4962-ae54-d8093e035779,ad75bd7f-8bdc-44a0-bd2d-b99f7bf93d3c,c3,DROP,1020,e7,?,
1769494472.6553688,RECEIVED,088abcc5-15af-43b4-a98e-4f145b143f96,fa62970e-d087-48ac-8264-e8830c7463e3,c3,DROP,1009,e1,?,
1769494472.7721984,SENT,088abcc5-15af-43b4-a98e-4f145b143f96,fa62970e-d087-48ac-8264-e8830c7463e3,c3,DROP,683,?,x11,
1769494472.7722368,FORWARDED,088abcc5-15af-43b4-a98e-4f145b143f96,fa62970e-d087-48ac-8264-e8830c7463e3,c3,DROP,683,?,x11,
1769494472.7983742,RECEIVED,d744d229-24fa-4140-93f2-eccc524b1aa8,a58a3498-de8e-473a-9ec2-ec34b135eebd,c4,DROP,444,x9,?,
1769494473.0356739,RECEIVED,505f1d72-47f1-4e69-a035-0f0fdf1e1e14,e2a8320d-bf70-43ac-9c1c-61149d087ebf,c2,DROP,1007,e1,?,
1769494473.0533407,RECEIVED,d64a9bd5-136d-451b-83e6-2ed884a57831,14371adf-2110-4a53-a84e-99fc53800157,c5,DROP,442,x3,?,
1769494473.095216,RECEIVED,30c30ab9-9b38-4a4a-bb88-498bb5613894,9e22847a-ab76-4a6c-b9f5-a7a53b16d9ac,c5,DROP,1021,e1,?,
1769494473.1031404,SENT,205728e7-ec7c-4962-ae54-d8093e035779,ad75bd7f-8bdc-44a0-bd2d-b99f7bf93d3c,c3,DROP,693,?,x7,
1769494473.103181,FORWARDED,205728e7-ec7c-4962-ae54-d8093e035779,ad75bd7f-8bdc-44a0-bd2d-b99f7bf93d3c,c3,DROP,693,?,x7,
1769494473.1219947,SENT,30c30ab9-9b38-4a4a-bb88-498bb5613894,9e22847a-ab76-4a6c-b9f5-a7a53b16d9ac,c5,DROP,692,?,x6,
1769494473.1220355,FORWARDED,30c30ab9-9b38-4a4a-bb88-498bb5613894,9e22847a-ab76-4a6c-b9f5-a7a53b16d9ac,c5,DROP,692,?,x6,
1769494473.2176003,RECEIVED,732768d7-b23e-4671-8d96-42e2fcc11245,afaff91a-e23d-48ec-b26c-1ec8366bc713,c3,c5,1779,e9,?,
1769494473.3605046,RECEIVED,bb665802-d1be-4311-b43c-3eccd43be660,4b70ca57-e3e2-4541-8676-fb4b36cee9dc,c4,DROP,1007,e6,?,
1769494473.576013,RECEIVED,548afcea-2f6b-4c02-afa4-3671e7c42c00,30277edc-dc1b-46e4-9043-94ac7ab3df63,c3,DROP,1021,e10,?,
1769494473.6270366,SENT,548afcea-2f6b-4c02-afa4-3671e7c42c00,30277edc-dc1b-46e4-9043-94ac7ab3df63,c3,DROP,692,?,x3,
1769494473.6271026,FORWARDED,548afcea-2f6b-4c02-afa4-3671e7c42c00,30277edc-dc1b-46e4-9043-94ac7ab3df63,c3,DROP,692,?,x3,
1769494473.742636,RECEIVED,3b6103c4-c786-4361-a7b5-6c269d8b80c6,ee6fa499-5885-40b7-a31a-dc51faf3eedb,c2,DROP,1012,e4,?,
1769494473.8255682,RECEIVED,c1efaabb-8b29-4fe7-907d-aa1b590216c7,f6a3318c-0260-40d8-9ec2-6b360faf16a9,c5,DROP,1019,e10,?,
1769494473.8641372,SENT,3b6103c4-c786-4361-a7b5-6c269d8b80c6,ee6fa499-5885-40b7-a31a-dc51faf3eedb,c2,DROP,687,?,x6,
1769494473.864175,FORWARDED,3b6103c4-c786-4361-a7b5-6c269d8b80c6,ee6fa499-5885-40b7-a31a-dc51faf3eedb,c2,DROP,687,?,x6,
1769494473.8916183,SENT,505f1d72-47f1-4e69-a035-0f0fdf1e1e14,e2a8320d-bf70-43ac-9c1c-61149d087ebf,c2,DROP,682,?,x7,
1769494473.8916597,FORWARDED,505f1d72-47f1-4e69-a035-0f0fdf1e1e14,e2a8320d-bf70-43ac-9c1c-61149d087ebf,c2,DROP,682,?,x7,
1769494473.9809198,RECEIVED,32301ede-1044-49f7-a37d-5baa678d69cd,d68c246b-d037-40cd-91bc-0da064061958,c1,DROP,1020,e3,?,
1769494474.0766664,SENT,32301ede-1044-49f7-a37d-5baa678d69cd,d68c246b-d037-40cd-91bc-0da064061958,c1,DROP,693,?,x12,
1769494474.0767043,FORWARDED,32301ede-1044-49f7-a37d-5baa678d69cd,d68c246b-d037-40cd-91bc-0da064061958,c1,DROP,693,?,x12,
1769494474.1933134,RECEIVED,74b64cee-d098-43b3-8cd6-b47a1ce43e99,eda944d3-06fe-4ae4-92dd-ef4db85920e3,c4,c5,1781,e4,?,
1769494474.2553186,RECEIVED,929b0aa8-a38f-408b-9f12-a3f59ffa429d,3a5e3fab-b12a-4d8e-bfcf-5f62c64bc0d8,c3,DROP,1021,e8,?,
1769494474.285818,SENT,929b0aa8-a38f-408b-9f12-a3f59ffa429d,3a5e3fab-b12a-4d8e-bfcf-5f62c64bc0d8,c3,DROP,692,?,x9,
1769494474.285857,FORWARDED,929b0aa8-a38f-408b-9f12-a3f59ffa429d,3a5e3fab-b12a-4d8e-bfcf-5f62c64bc0d8,c3,DROP,692,?,x9,
1769494474.3780363,RECEIVED,a44728b2-e2db-427d-9052-c90b46b276fb,bc6c3e6a-039a-45ac-9a9e-d037b1f02668,c1,c5,1784,e9,?,
1769494474.4196925,SENT,a44728b2-e2db-427d-9052-c90b46b276fb,bc6c3e6a-039a-45ac-9a9e-d037b1f02668,c1,c5,1265,?,x4,
1769494474.4197335,FORWARDED,a44728b2-e2db-427d-9052-c90b46b276fb,bc6c3e6a-039a-45ac-9a9e-d037b1f02668,c1,c5,1265,?,x4,
1769494474.4318614,SENT,c1efaabb-8b29-4fe7-907d-aa1b590216c7,f6a3318c-0260-40d8-9ec2-6b360faf16a9,c5,DROP,692,?,x9,
1769494474.4319007,FORWARDED,c1efaabb-8b29-4fe7-907d-aa1b590216c7,f6a3318c-0260-40d8-9ec2-6b360faf16a9,c5,DROP,692,?,x9,
1769494474.517565,RECEIVED,7c55845e-7c1c-40aa-8c09-79a7f066d817,cd70b371-3f28-48aa-8fd9-c524f28d2596,c3,DROP,1024,e9,?,
1769494474.588825,RECEIVED,5ef637c0-edaa-4e39-a721-ab0a81f9395e,382404b1-534f-42a7-b5cb-7e850e8f4ff5,c2,c3,1780,e4,?,
1769494474.6288347,SENT,74b64cee-d098-43b3-8cd6-b47a1ce43e99,eda944d3-06fe-4ae4-92dd-ef4db85920e3,c4,c5,1263,?,x11,
1769494474.6288834,FORWARDED,74b64cee-d098-43b3-8cd6-b47a1ce43e99,eda944d3-06fe-4ae4-92dd-ef4db85920e3,c4,c5,1263,?,x11,
1769494474.673548,SENT,732768d7-b23e-4671-8d96-42e2fcc11245,afaff91a-e23d-48ec-b26c-1ec8366bc713,c3,c5,1263,?,x3,
1769494474.6735842,FORWARDED,732768d7-b23e-4671-8d96-42e2fcc11245,afaff91a-e23d-48ec-b26c-1ec8366bc713,c3,c5,1263,?,x3,
1769494474.745115,RECEIVED,6aa818c0-b6b2-4f1b-b31f-e3aebfcc0bb7,9219f87c-8ab2-4d5c-a8fb-a150ff4b82c8,c4,DROP,1012,e7,?,
1769494474.7759867,SENT,6aa818c0-b6b2-4f1b-b31f-e3aebfcc0bb7,9219f87c-8ab2-4d5c-a8fb-a150ff4b82c8,c4,DROP,687,?,x2,
1769494474.776022,FORWARDED,6aa818c0-b6b2-4f1b-b31f-e3aebfcc0bb7,9219f87c-8ab2-4d5c-a8fb-a150ff4b82c8,c4,DROP,687,?,x2,
1769494474.7870026,SENT,7c55845e-7c1c-40aa-8c09-79a7f066d817,cd70b371-3f28-48aa-8fd9-c524f28d2596,c3,DROP,695,?,x8,
1769494474.7870414,FORWARDED,7c55845e-7c1c-40aa-8c09-79a7f066d817,cd70b371-3f28-48aa-8fd9-c524f28d2596,c3,DROP,695,?,x8,
1769494474.80764,RECEIVED,bc4189e4-9110-4b74-9725-f7f08b659800,dca352bb-1578-4f56-80f9-38510cae5561,c4,DROP,1021,e3,?,
1769494474.8181286,RECEIVED,15e29370-0f1c-4760-ba9d-82e28883f53e,fb6b7166-0c8b-488d-9012-9b2bcdb0fe09,c1,c5,1784,e7,?,
1769494474.873727,RECEIVED,bcb390ac-f711-4667-b72f-57828c1e70e1,d019ca48-c6e5-417c-8c4e-9b0d77c909f3,c3,DROP,1008,e9,?,
1769494474.8889823,SENT,bc4189e4-9110-4b74-9725-f7f08b659800,dca352bb-1578-4f56-80f9-38510cae5561,c4,DROP,692,?,x8,
1769494474.889023,FORWARDED,bc4189e4-9110-4b74-9725-f7f08b659800,dca352bb-1578-4f56-80f9-38510cae5561,c4,DROP,692,?,x8,
1769494474.8959248,SENT,5ef637c0-edaa-4e39-a721-ab0a81f9395e,382404b1-534f-42a7-b5cb-7e850e8f4ff5,c2,c3,1263,?,x10,
1769494474.8959649,FORWARDED,5ef637c0-edaa-4e39-a721-ab0a81f9395e,382404b1-534f-42a7-b5cb-7e850e8f4ff5,c2,c3,1263,?,x10,
1769494475.008629,RECEIVED,c64e43d8-8174-4632-a1b9-7c63dc455c1f,4d5c3e38-d6cb-4b42-b173-c2eb94f8030b,c4,DROP,1007,e10,?,
1769494475.1315978,SENT,bb665802-d1be-4311-b43c-3eccd43be660,4b70ca57-e3e2-4541-8676-fb4b36cee9dc,c4,DROP,684,?,x9,
1769494475.131645,FORWARDED,bb665802-d1be-4311-b43c-3eccd43be660,4b70ca57-e3e2-4541-8676-fb4b36cee9dc,c4,DROP,684,?,x9,
1769494475.1409383,SENT,bcb390ac-f711-4667-b72f-57828c1e70e1,d019ca48-c6e5-417c-8c4e-9b0d77c909f3,c3,DROP,684,?,x10,
1769494475.140988,FORWARDED,bcb390ac-f711-4667-b72f-57828c1e70e1,d019ca48-c6e5-417c-8c4e-9b0d77c909f3,c3,DROP,684,?,x10,
1769494475.245441,RECEIVED,b0ea75fb-1676-437b-997f-7a2113f7f58a,427df560-d9ee-4b14-a53d-a6f28d877630,c4,c5,1795,e11,?,
1769494475.4035635,SENT,15e29370-0f1c-4760-ba9d-82e28883f53e,fb6b7166-0c8b-488d-9012-9b2bcdb0fe09,c1,c5,1265,?,x10,
1769494475.403604,FORWARDED,15e29370-0f1c-4760-ba9d-82e28883f53e,fb6b7166-0c8b-488d-9012-9b2bcdb0fe09,c1,c5,1265,?,x10,
1769494475.421036,SENT,c64e43d8-8174-4632-a1b9-7c63dc455c1f,4d5c3e38-d6cb-4b42-b173-c2eb94f8030b,c4,DROP,684,?,x8,
1769494475.4210873,FORWARDED,c64e43d8-8174-4632-a1b9-7c63dc455c1f,4d5c3e38-d6cb-4b42-b173-c2eb94f8030b,c4,DROP,684,?,x8,
1769494475.4255564,RECEIVED,dd3023d7-2f59-4231-bfc1-63e20766657f,6413e238-310e-43d2-ba44-bbc6a4a27864,c5,c2,1779,e4,?,
1769494475.599583,RECEIVED,a5e5b798-2e05-408b-b053-65c06f583b02,fba4186a-0c35-498d-8aeb-b18966763db6,c4,DROP,1010,e5,?,
1769494475.671876,RECEIVED,667611bc-fd0b-456e-b8ab-4e0fc9c4dc1a,fb5b43d6-fd7a-41f8-a145-85023a85712c,c2,DROP,1003,e9,?,
1769494475.7673533,RECEIVED,fd0fa459-1c95-4c27-bed2-5141d0791b87,9e08d530-641b-41c1-8793-554514074c6c,c3,DROP,1020,e8,?,
1769494475.819517,SENT,dd3023d7-2f59-4231-bfc1-63e20766657f,6413e238-310e-43d2-ba44-bbc6a4a27864,c5,c2,1261,?,x1,
1769494475.8195672,FORWARDED,dd3023d7-2f59-4231-bfc1-63e20766657f,6413e238-310e-43d2-ba44-bbc6a4a27864,c5,c2,1261,?,x1,
1769494475.8836792,SENT,b0ea75fb-1676-437b-997f-7a2113f7f58a,427df560-d9ee-4b14-a53d-a6f28d877630,c4,c5,1273,?,x1,
1769494475.883719,FORWARDED,b0ea75fb-1676-437b-997f-7a2113f7f58a,427df560-d9ee-4b14-a53d-a6f28d877630,c4,c5,1273,?,x1,
1769494475.8912508,RECEIVED,b9e7cf63-c3af-4d51-af4d-88d346f82b1e,974d3f3c-b5cf-41bf-8af7-18c7cea538d1,c1,DROP,1010,e11,?,
1769494476.0132325,RECEIVED,8b4ceefc-fe50-46b7-890f-c729ab1073d1,aa4a28ab-83d7-493f-824a-8531c16d1fb8,c3,DROP,1015,e8,?,
1769494476.031556,RECEIVED,e6e6222e-b8d0-4922-ab96-6017cd26d4b4,49f190ae-ad32-48e9-9683-0eebff440590,c2,DROP,1017,e3,?,
1769494476.1063058,SENT,667611bc-fd0b-456e-b8ab-4e0fc9c4dc1a,fb5b43d6-fd7a-41f8-a145-85023a85712c,c2,DROP,680,?,x4,
1769494476.1067002,FORWARDED,667611bc-fd0b-456e-b8ab-4e0fc9c4dc1a,fb5b43d6-fd7a-41f8-a145-85023a85712c,c2,DROP,680,?,x4,
1769494476.3011193,SENT,e6e6222e-b8d0-4922-ab96-6017cd26d4b4,49f190ae-ad32-48e9-9683-0eebff440590,c2,DROP,688,?,x12,
1769494476.301161,FORWARDED,e6e6222e-b8d0-4922-ab96-6017cd26d4b4,49f190ae-ad32-48e9-9683-0eebff440590,c2,DROP,688,?,x12,
1769494476.368604,RECEIVED,9578332b-5ce7-45a7-b565-d63f24d8300a,a6fa6184-ccd7-4447-9ab9-352fef3fa8c6,c5,DROP,1012,e3,?,
1769494476.4145036,RECEIVED,cc5d025d-fe96-4bbe-bafe-4a97bafbd1df,cc2c3c22-bc91-44f5-8c63-13d4c2e72fd9,c5,DROP,1007,e7,?,
1769494476.4666054,RECEIVED,50e17196-868f-4b77-81b4-cabfce68fd44,1df6d84d-6280-474a-a43e-0c39371339d2,c4,DROP,1011,e10,?,
1769494476.579382,SENT,fd0fa459-1c95-4c27-bed2-5141d0791b87,9e08d530-641b-41c1-8793-554514074c6c,c3,DROP,693,?,x11,
1769494476.5794237,FORWARDED,fd0fa459-1c95-4c27-bed2-5141d0791b87,9e08d530-641b-41c1-8793-554514074c6c,c3,DROP,693,?,x11,
1769494476.6463435,RECEIVED,1dd5294e-3641-4662-b424-ee368afd1827,b6d2e6f6-0ead-4fbb-86cb-404707e97e6c,c4,c5,1768,e3,?,
1769494476.6927655,SENT,1dd5294e-3641-4662-b424-ee368afd1827,b6d2e6f6-0ead-4fbb-86cb-404707e97e6c,c4,c5,1252,?,x3,
1769494476.692806,FORWARDED,1dd5294e-3641-4662-b424-ee368afd1827,b6d2e6f6-0ead-4fbb-86cb-404707e97e6c,c4,c5,1252,?,x3,
1769494476.8013575,SENT,9578332b-5ce7-45a7-b565-d63f24d8300a,a6fa6184-ccd7-4447-9ab9-352fef3fa8c6,c5,DROP,687,?,x11,
1769494476.801398,FORWARDED,9578332b-5ce7-45a7-b565-d63f24d8300a,a6fa6184-ccd7-4447-9ab9-352fef3fa8c6,c5,DROP,687,?,x11,
1769494476.8759377,SENT,8b4ceefc-fe50-46b7-890f-c729ab1073d1,aa4a28ab-83d7-493f-824a-8531c16d1fb8,c3,DROP,689,?,x3,
1769494476.8759744,FORWARDED,8b4ceefc-fe50-46b7-890f-c729ab1073d1,aa4a28ab-83d7-493f-824a-8531c16d1fb8,c3,DROP,689,?,x3,
1769494477.0106235,SENT,b9e7cf63-c3af-4d51-af4d-88d346f82b1e,974d3f3c-b5cf-41bf-8af7-18c7cea538d1,c1,DROP,686,?,x7,
1769494477.0106578,FORWARDED,b9e7cf63-c3af-4d51-af4d-88d346f82b1e,974d3f3c-b5cf-41bf-8af7-18c7cea538d1,c1,DROP,686,?,x7,
1769494477.0146368,RECEIVED,567f6f0c-2c90-41c6-9cdf-6575165ff28d,7d918896-7779-4c05-8fb9-1e191794be51,c1,DROP,1013,e5,?,
1769494477.029905,RECEIVED,bbc36258-8ff0-470d-9ee6-a11321032f92,2916465d-eda4-49ef-9f1d-ce23f7f1d089,c1,DROP,1008,e1,?,
1769494477.0846338,RECEIVED,6e3909a6-673a-40e1-b5a3-f1642f20d734,feebee34-9435-445a-9e59-c8b01e990dfe,c1,DROP,443,x2,?,
1769494477.0877113,SENT,50e17196-868f-4b77-81b4-cabfce68fd44,1df6d84d-6280-474a-a43e-0c39371339d2,c4,DROP,687,?,x2,
1769494477.0877519,FORWARDED,50e17196-868f-4b77-81b4-cabfce68fd44,1df6d84d-6280-474a-a43e-0c39371339d2,c4,DROP,687,?,x2,
1769494477.1005147,SENT,bbc36258-8ff0-470d-9ee6-a11321032f92,2916465d-eda4-49ef-9f1d-ce23f7f1d089,c1,DROP,682,?,x3,
1769494477.100554,FORWARDED,bbc36258-8ff0-470d-9ee6-a11321032f92,2916465d-eda4-49ef-9f1d-ce23f7f1d089,c1,DROP,682,?,x3,
1769494477.1383464,RECEIVED,5f071235-9555-42ec-a16d-2d11f8e6e7de,45448622-d190-42d8-9a2b-92eb3d934f27,c4,DROP,1023,e10,?,
1769494477.1389093,SENT,567f6f0c-2c90-41c6-9cdf-6575165ff28d,7d918896-7779-4c05-8fb9-1e191794be51,c1,DROP,685,?,x12,
1769494477.138943,FORWARDED,567f6f0c-2c90-41c6-9cdf-6575165ff28d,7d918896-7779-4c05-8fb9-1e191794be51,c1,DROP,685,?,x12,
1769494477.1513708,RECEIVED,d0770cf0-c41b-4c0b-801e-a0c3f9b7e513,0a1319c1-f493-4b72-bc89-f0d784c8f43a,c3,DROP,1020,e6,?,
1769494477.2150443,SENT,5f071235-9555-42ec-a16d-2d11f8e6e7de,45448622-d190-42d8-9a2b-92eb3d934f27,c4,DROP,694,?,x7,
1769494477.2150953,FORWARDED,5f071235-9555-42ec-a16d-2d11f8e6e7de,45448622-d190-42d8-9a2b-92eb3d934f27,c4,DROP,694,?,x7,
1769494477.371245,RECEIVED,d78cf4c9-3324-4d79-bdf7-4d886f209876,772773c2-6a66-4181-a8d9-01c4db037397,c5,c2,1775,e2,?,
1769494477.4121945,RECEIVED,99119827-4502-41d7-a271-9a9c0ed0aea5,af454246-3ae0-4fee-bcf0-9bdb29f5a4b5,c5,DROP,442,x7,?,
1769494477.5161572,SENT,d0770cf0-c41b-4c0b-801e-a0c3f9b7e513,0a1319c1-f493-4b72-bc89-f0d784c8f43a,c3,DROP,691,?,x10,
1769494477.5161972,FORWARDED,d0770cf0-c41b-4c0b-801e-a0c3f9b7e513,0a1319c1-f493-4b72-bc89-f0d784c8f43a,c3,DROP,691,?,x10,
1769494477.5553393,RECEIVED,39faf9f8-17f5-4fb5-bfe5-2e5caa6f7196,cc2868d7-0d85-46ff-a110-5848a40ce99f,c4,DROP,1015,e6,?,
1769494477.5782645,SENT,cc5d025d-fe96-4bbe-bafe-4a97bafbd1df,cc2c3c22-bc91-44f5-8c63-13d4c2e72fd9,c5,DROP,684,?,x2,
1769494477.578304,FORWARDED,cc5d025d-fe96-4bbe-bafe-4a97bafbd1df,cc2c3c22-bc91-44f5-8c63-13d4c2e72fd9,c5,DROP,684,?,x2,
1769494477.5877182,RECEIVED,498000ba-38d0-45e1-9b75-ecce2ba289ea,96be33a1-8428-49ed-960c-fabcd89519b8,c2,DROP,443,x12,?,
1769494477.6891892,SENT,a5e5b798-2e05-408b-b053-65c06f583b02,fba4186a-0c35-498d-8aeb-b18966763db6,c4,DROP,687,?,x1,
1769494477.6892257,FORWARDED,a5e5b798-2e05-408b-b053-65c06f583b02,fba4186a-0c35-498d-8aeb-b18966763db6,c4,DROP,687,?,x1,
1769494478.270572,SENT,d78cf4c9-3324-4d79-bdf7-4d886f209876,772773c2-6a66-4181-a8d9-01c4db037397,c5,c2,1259,?,x8,
1769494478.2706041,FORWARDED,d78cf4c9-3324-4d79-bdf7-4d886f209876,772773c2-6a66-4181-a8d9-01c4db037397,c5,c2,1259,?,x8,
1769494478.3706083,RECEIVED,df4d5494-8fa7-4150-a058-ca3a7000b4e6,d5b8675e-6685-4d20-a1a6-bd71044781fa,c2,c3,1767,e2,?,
1769494478.3857605,SENT,39faf9f8-17f5-4fb5-bfe5-2e5caa6f7196,cc2868d7-0d85-46ff-a110-5848a40ce99f,c4,DROP,689,?,x2,
1769494478.385803,FORWARDED,39faf9f8-17f5-4fb5-bfe5-2e5caa6f7196,cc2868d7-0d85-46ff-a110-5848a40ce99f,c4,DROP,689,?,x2,
1769494478.5206883,SENT,df4d5494-8fa7-4150-a058-ca3a7000b4e6,d5b8675e-6685-4d20-a1a6-bd71044781fa,c2,c3,1252,?,x7,
1769494478.5207274,FORWARDED,df4d5494-8fa7-4150-a058-ca3a7000b4e6,d5b8675e-6685-4d20-a1a6-bd71044781fa,c2,c3,1252,?,x7,
1769494478.7938027,RECEIVED,d90d1b7f-ede8-46de-90f8-5dd16336da95,6ffc5bc5-999b-40d5-bf8c-1590b6ad57d9,c4,DROP,1019,e11,?,
1769494479.1041548,RECEIVED,530c34b5-a7c6-43ce-8e2f-bc2e3d788c0d,9b6e4116-be54-4fac-9173-d5d1e3b3e048,c4,DROP,1008,e8,?,
1769494479.196408,SENT,530c34b5-a7c6-43ce-8e2f-bc2e3d788c0d,9b6e4116-be54-4fac-9173-d5d1e3b3e048,c4,DROP,684,?,x1,
1769494479.1964474,FORWARDED,530c34b5-a7c6-43ce-8e2f-bc2e3d788c0d,9b6e4116-be54-4fac-9173-d5d1e3b3e048,c4,DROP,684,?,x1,
1769494479.268156,RECEIVED,67ef71bd-b9bc-43f5-a465-d3b872b9a372,705d1dcb-863d-4cfd-be09-51e34f03e105,c2,DROP,1020,e10,?,
1769494479.2739606,SENT,d90d1b7f-ede8-46de-90f8-5dd16336da95,6ffc5bc5-999b-40d5-bf8c-1590b6ad57d9,c4,DROP,692,?,x5,
1769494479.2740004,FORWARDED,d90d1b7f-ede8-46de-90f8-5dd16336da95,6ffc5bc5-999b-40d5-bf8c-1590b6ad57d9,c4,DROP,692,?,x5,
1769494479.5075123,RECEIVED,838ea879-6ee5-4122-9bdb-708b617f88ae,480e444a-875e-4124-b510-d2f68c432dc4,c1,DROP,1008,e2,?,
1769494479.729828,RECEIVED,857a9f70-18c1-4127-9e28-f3d32b0aa76a,b907716b-31c6-41a6-817d-60e1426f1c2b,c3,DROP,1008,e6,?,
1769494479.805026,RECEIVED,5703a670-ab40-4a14-a1f6-ffe126e5691e,7ef35320-ff3e-4007-bd32-6fc6b87d0b90,c2,DROP,1021,e12,?,
1769494479.9173539,SENT,857a9f70-18c1-4127-9e28-f3d32b0aa76a,b907716b-31c6-41a6-817d-60e1426f1c2b,c3,DROP,684,?,x4,
1769494479.9173937,FORWARDED,857a9f70-18c1-4127-9e28-f3d32b0aa76a,b907716b-31c6-41a6-817d-60e1426f1c2b,c3,DROP,684,?,x4,
1769494479.9215446,RECEIVED,f3332b92-319a-4012-906c-428504d36282,675ceafd-123c-4ca6-98de-eb74f9e2ea2e,c3,DROP,1020,e4,?,
1769494480.0151134,SENT,5703a670-ab40-4a14-a1f6-ffe126e5691e,7ef35320-ff3e-4007-bd32-6fc6b87d0b90,c2,DROP,693,?,x12,
1769494480.0151563,FORWARDED,5703a670-ab40-4a14-a1f6-ffe126e5691e,7ef35320-ff3e-4007-bd32-6fc6b87d0b90,c2,DROP,693,?,x12,
1769494480.110239,RECEIVED,0e5a81c2-16b0-4910-8044-142ef7305da1,1e9ffde8-0c73-41ad-806f-a81fd26fc46d,c5,DROP,1016,e2,?,
1769494480.1282456,RECEIVED,afec8528-552f-405c-9aa8-a0e33c88fa40,68cf9654-4b85-4542-804c-8b4ce0c671b8,c3,DROP,1006,e9,?,
1769494480.1357646,SENT,f3332b92-319a-4012-906c-428504d36282,675ceafd-123c-4ca6-98de-eb74f9e2ea2e,c3,DROP,692,?,x4,
1769494480.1358042,FORWARDED,f3332b92-319a-4012-906c-428504d36282,675ceafd-123c-4ca6-98de-eb74f9e2ea2e,c3,DROP,692,?,x4,
1769494480.2055268,RECEIVED,27643d6e-5739-4068-8621-4b33fc6c2afb,c190862c-5587-40ee-9a6f-b0a0bbc3a405,c4,DROP,445,x12,?,
1769494480.3355768,SENT,0e5a81c2-16b0-4910-8044-142ef7305da1,1e9ffde8-0c73-41ad-806f-a81fd26fc46d,c5,DROP,688,?,x5,
1769494480.3356266,FORWARDED,0e5a81c2-16b0-4910-8044-142ef7305da1,1e9ffde8-0c73-41ad-806f-a81fd26fc46d,c5,DROP,688,?,x5,
1769494480.7091339,RECEIVED,8514ca79-7867-4fd8-9a1d-4f1911008735,4f99d1ab-7c6b-4fc9-a2ab-d3796038ddc6,c2,c3,1762,e10,?,
1769494480.7944713,SENT,afec8528-552f-405c-9aa8-a0e33c88fa40,68cf9654-4b85-4542-804c-8b4ce0c671b8,c3,DROP,684,?,x3,
1769494480.7945077,FORWARDED,afec8528-552f-405c-9aa8-a0e33c88fa40,68cf9654-4b85-4542-804c-8b4ce0c671b8,c3,DROP,684,?,x3,
1769494480.8241317,SENT,838ea879-6ee5-4122-9bdb-708b617f88ae,480e444a-875e-4124-b510-d2f68c432dc4,c1,DROP,684,?,x12,
1769494480.8241713,FORWARDED,838ea879-6ee5-4122-9bdb-708b617f88ae,480e444a-875e-4124-b510-d2f68c432dc4,c1,DROP,684,?,x12,
1769494480.9137697,SENT,67ef71bd-b9bc-43f5-a465-d3b872b9a372,705d1dcb-863d-4cfd-be09-51e34f03e105,c2,DROP,691,?,x11,
1769494480.9138112,FORWARDED,67ef71bd-b9bc-43f5-a465-d3b872b9a372,705d1dcb-863d-4cfd-be09-51e34f03e105,c2,DROP,691,?,x11,
1769494481.05637,RECEIVED,b50d9e8f-26b3-403d-b60a-6cfaa1e122fd,71e37027-00ac-4491-a6fc-aa53ba402ec2,c2,c3,1775,e1,?,
1769494481.1436017,RECEIVED,a58d7b58-76aa-4cdd-91b6-f5a5c4edacf9,0439a2fa-44a1-4226-bcb3-1fddc41fdd0d,c1,DROP,445,x11,?,
1769494481.2123194,RECEIVED,3dca93ea-4634-4ad0-b93c-380f305d0fdd,599abf6a-42ef-46a0-b528-7dde139a6c75,c4,c5,1779,e6,?,
1769494481.2358878,RECEIVED,9321898b-3da4-4846-b340-b641e3f3387f,04b8e381-d8f8-4fc8-a834-00cbf31aa003,c1,DROP,1008,e6,?,
1769494481.2846782,RECEIVED,3aa6a101-7951-4d9e-88c1-707feeb8349c,33ec5aa3-e6e9-41f5-b430-e045493d1f7b,c1,DROP,1020,e10,?,
1769494481.3507218,RECEIVED,c5b0c304-b281-430b-95d7-024a60713f83,5cface71-62e1-447c-92d7-0da11e4acefd,c5,DROP,446,x11,?,
1769494481.438715,SENT,9321898b-3da4-4846-b340-b641e3f3387f,04b8e381-d8f8-4fc8-a834-00cbf31aa003,c1,DROP,684,?,x5,
1769494481.4387512,FORWARDED,9321898b-3da4-4846-b340-b641e3f3387f,04b8e381-d8f8-4fc8-a834-00cbf31aa003,c1,DROP,684,?,x5,
1769494481.4686737,SENT,3aa6a101-7951-4d9e-88c1-707feeb8349c,33ec5aa3-e6e9-41f5-b430-e045493d1f7b,c1,DROP,691,?,x3,
1769494481.4687235,FORWARDED,3aa6a101-7951-4d9e-88c1-707feeb8349c,33ec5aa3-e6e9-41f5-b430-e045493d1f7b,c1,DROP,691,?,x3,
1769494481.7552416,SENT,b50d9e8f-26b3-403d-b60a-6cfaa1e122fd,71e37027-00ac-4491-a6fc-aa53ba402ec2,c2,c3,1259,?,x7,
1769494481.7552812,FORWARDED,b50d9e8f-26b3-403d-b60a-6cfaa1e122fd,71e37027-00ac-4491-a6fc-aa53ba402ec2,c2,c3,1259,?,x7,
1769494481.813212,RECEIVED,863e1fd3-074b-4689-85d9-1edc3851b168,610af00e-f360-493a-87db-3ab39959fe7c,c1,DROP,1009,e5,?,
1769494481.8569052,SENT,863e1fd3-074b-4689-85d9-1edc3851b168,610af00e-f360-493a-87db-3ab39959fe7c,c1,DROP,683,?,x11,
1769494481.8569477,FORWARDED,863e1fd3-074b-4689-85d9-1edc3851b168,610af00e-f360-493a-87db-3ab39959fe7c,c1,DROP,683,?,x11,
1769494481.9217339,RECEIVED,cf5e7faa-f99a-41ad-ab9e-f78afd4dfd6d,4d713a7a-6bc6-4928-88f8-7ee322a64cda,c4,DROP,1016,e5,?,
1769494481.9482596,RECEIVED,30717bf5-5b02-494e-b9f4-7f08324c8a7b,c440a1b0-5038-4b93-b2f3-cd9133b18e98,c3,DROP,442,x9,?,
1769494481.9862587,SENT,3dca93ea-4634-4ad0-b93c-380f305d0fdd,599abf6a-42ef-46a0-b528-7dde139a6c75,c4,c5,1261,?,x3,
1769494481.9863007,FORWARDED,3dca93ea-4634-4ad0-b93c-380f305d0fdd,599abf6a-42ef-46a0-b528-7dde139a6c75,c4,c5,1261,?,x3,
1769494482.135263,RECEIVED,37b3a47f-a7b0-4473-a1d6-fef904372982,2354877b-5909-4c63-a39a-e56200bb9678,c3,DROP,441,x4,?,
1769494482.1809201,RECEIVED,9c10380d-4f9a-4128-8482-db30be7e906d,263b9da6-45f8-4124-8f83-7e74cb6a79e3,c3,DROP,1020,e12,?,
1769494482.2193377,SENT,cf5e7faa-f99a-41ad-ab9e-f78afd4dfd6d,4d713a7a-6bc6-4928-88f8-7ee322a64cda,c4,DROP,690,?,x10,
1769494482.2193778,FORWARDED,cf5e7faa-f99a-41ad-ab9e-f78afd4dfd6d,4d713a7a-6bc6-4928-88f8-7ee322a64cda,c4,DROP,690,?,x10,
1769494482.241119,RECEIVED,039ccea8-be06-4283-aa1c-18d8d199da5d,eb33c047-20dd-487f-8ac7-f8c3b4fe3803,c3,c5,1781,e8,?,
1769494482.249266,SENT,9c10380d-4f9a-4128-8482-db30be7e906d,263b9da6-45f8-4124-8f83-7e74cb6a79e3,c3,DROP,692,?,x1,
1769494482.2493043,FORWARDED,9c10380d-4f9a-4128-8482-db30be7e906d,263b9da6-45f8-4124-8f83-7e74cb6a79e3,c3,DROP,692,?,x1,
1769494482.2548895,RECEIVED,e97b8abc-c16a-4353-a192-55c5f10bdc2d,de3ba259-a7aa-4e88-9739-6d39838ddf60,c3,DROP,1011,e5,?,
1769494482.3528209,SENT,039ccea8-be06-4283-aa1c-18d8d199da5d,eb33c047-20dd-487f-8ac7-f8c3b4fe3803,c3,c5,1263,?,x10,
1769494482.3528583,FORWARDED,039ccea8-be06-4283-aa1c-18d8d199da5d,eb33c047-20dd-487f-8ac7-f8c3b4fe3803,c3,c5,1263,?,x10,
1769494482.4099238,RECEIVED,404811b3-fba8-4dc7-90b3-a3cff5133af9,9688db48-7145-41e4-a91d-b030dc5280ea,c1,DROP,1020,e11,?,
1769494482.4290588,RECEIVED,c813f0c3-12a7-492b-9355-9e45a6e28506,4cb2d0c7-827f-46c6-babf-f88b3cc3378f,c3,DROP,1019,e10,?,
1769494482.5934596,SENT,404811b3-fba8-4dc7-90b3-a3cff5133af9,9688db48-7145-41e4-a91d-b030dc5280ea,c1,DROP,692,?,x7,
1769494482.5935063,FORWARDED,404811b3-fba8-4dc7-90b3-a3cff5133af9,9688db48-7145-41e4-a91d-b030dc5280ea,c1,DROP,692,?,x7,
1769494482.6106327,RECEIVED,c076a75d-c8c8-468f-bc15-20962526eefa,5a2b3727-9935-4999-803e-ee39fed44196,c3,DROP,441,x8,?,
1769494482.6764703,RECEIVED,69afb31b-18e8-4aca-adcb-259ad158a055,49e393f6-b0a2-4399-949c-2227e60970f7,c1,c5,1767,e9,?,
1769494482.6806135,RECEIVED,02a858c2-40db-4a54-8492-1dd079087644,6f619de9-4f3b-48b9-a24a-693ab6b6deb1,c2,DROP,1020,e5,?,
1769494482.873592,SENT,02a858c2-40db-4a54-8492-1dd079087644,6f619de9-4f3b-48b9-a24a-693ab6b6deb1,c2,DROP,692,?,x4,
1769494482.8736339,FORWARDED,02a858c2-40db-4a54-8492-1dd079087644,6f619de9-4f3b-48b9-a24a-693ab6b6deb1,c2,DROP,692,?,x4,
1769494482.9217718,SENT,8514ca79-7867-4fd8-9a1d-4f1911008735,4f99d1ab-7c6b-4fc9-a2ab-d3796038ddc6,c2,c3,1251,?,x5,
1769494482.921807,FORWARDED,8514ca79-7867-4fd8-9a1d-4f1911008735,4f99d1ab-7c6b-4fc9-a2ab-d3796038ddc6,c2,c3,1251,?,x5,
1769494482.9339697,SENT,c813f0c3-12a7-492b-9355-9e45a6e28506,4cb2d0c7-827f-46c6-babf-f88b3cc3378f,c3,DROP,693,?,x4,
1769494482.9340096,FORWARDED,c813f0c3-12a7-492b-9355-9e45a6e28506,4cb2d0c7-827f-46c6-babf-f88b3cc3378f,c3,DROP,693,?,x4,
1769494483.0223806,RECEIVED,ebba8062-1671-4245-a168-e7471eacd2e8,11bd63cd-d44a-46f8-9cbf-ac2165f7101e,c5,DROP,442,x7,?,
1769494483.0428684,SENT,e97b8abc-c16a-4353-a192-55c5f10bdc2d,de3ba259-a7aa-4e88-9739-6d39838ddf60,c3,DROP,685,?,x6,
1769494483.0429177,FORWARDED,e97b8abc-c16a-4353-a192-55c5f10bdc2d,de3ba259-a7aa-4e88-9739-6d39838ddf60,c3,DROP,685,?,x6,
1769494483.4401746,RECEIVED,af77a527-46eb-4b03-900a-a93d7875ba36,e24fb7a6-71cc-4509-b2dc-5b7f5298dd1d,c1,DROP,1007,e6,?,
1769494483.4618464,RECEIVED,eb48ea4e-30a2-4110-a348-00f715079f67,588b7ea2-0fe2-4775-a53c-52b974fa4a03,c1,DROP,441,x4,?,
1769494483.8059611,RECEIVED,6fd0e78a-92ab-41d3-8305-17c84dbab6c7,a7bdeb36-1b60-49e5-8b16-8416f97bda96,c5,c2,1784,e12,?,
1769494483.9053915,RECEIVED,3a47883c-b0b8-4c9b-bd49-9ba91cdf5077,00d9a2fe-3b2f-481e-afb7-4d1e9b8e6f20,c3,DROP,1015,e7,?,
1769494484.0376985,RECEIVED,e99c6dcc-c38e-421f-a7d7-8c238ae14d1f,9ddd609f-eaf4-4479-99cb-67628d24cc15,c4,DROP,1020,e11,?,
1769494484.0700896,SENT,69afb31b-18e8-4aca-adcb-259ad158a055,49e393f6-b0a2-4399-949c-2227e60970f7,c1,c5,1252,?,x4,
1769494484.0701983,FORWARDED,69afb31b-18e8-4aca-adcb-259ad158a055,49e393f6-b0a2-4399-949c-2227e60970f7,c1,c5,1252,?,x4,
1769494484.1695437,RECEIVED,9d62845d-8dc1-4643-a748-2d222716ca76,1439dbe5-7d03-4f2c-b606-224257265769,c2,DROP,1020,e12,?,
1769494484.1771922,SENT,6fd0e78a-92ab-41d3-8305-17c84dbab6c7,a7bdeb36-1b60-49e5-8b16-8416f97bda96,c5,c2,1264,?,x7,
1769494484.1772327,FORWARDED,6fd0e78a-92ab-41d3-8305-17c84dbab6c7,a7bdeb36-1b60-49e5-8b16-8416f97bda96,c5,c2,1264,?,x7,
1769494484.2261314,SENT,e99c6dcc-c38e-421f-a7d7-8c238ae14d1f,9ddd609f-eaf4-4479-99cb-67628d24cc15,c4,DROP,692,?,x10,
1769494484.2261717,FORWARDED,e99c6dcc-c38e-421f-a7d7-8c238ae14d1f,9ddd609f-eaf4-4479-99cb-67628d24cc15,c4,DROP,692,?,x10,
1769494484.2556984,RECEIVED,62f16eba-6a5b-42a1-b8b5-6b1e966162c9,d28feb0a-ac2b-4eeb-a241-e160854e1caf,c1,c5,1784,e11,?,
1769494484.2691672,RECEIVED,678856b3-e36b-4e97-8841-75235c6f2566,e0108508-c3f1-4648-94b7-ed50d4ae2c11,c1,DROP,1019,e10,?,
1769494484.328417,SENT,62f16eba-6a5b-42a1-b8b5-6b1e966162c9,d28feb0a-ac2b-4eeb-a241-e160854e1caf,c1,c5,1264,?,x6,
1769494484.3284557,FORWARDED,62f16eba-6a5b-42a1-b8b5-6b1e966162c9,d28feb0a-ac2b-4eeb-a241-e160854e1caf,c1,c5,1264,?,x6,
1769494484.357493,SENT,9d62845d-8dc1-4643-a748-2d222716ca76,1439dbe5-7d03-4f2c-b606-224257265769,c2,DROP,691,?,x4,
1769494484.3575323,FORWARDED,9d62845d-8dc1-4643-a748-2d222716ca76,1439dbe5-7d03-4f2c-b606-224257265769,c2,DROP,691,?,x4,
1769494484.6542773,RECEIVED,0aeeec45-19c1-477f-be53-52d13e49efdc,b4fbd39e-5862-450e-ba3f-0887d9a6f510,c3,DROP,1011,e5,?,
1769494484.7851202,RECEIVED,c48013b4-688b-4ede-b27b-012cbd6984f4,ce1b013f-e1b6-48ae-b086-26e6073c7f83,c1,DROP,1020,e3,?,
1769494484.8350074,SENT,0aeeec45-19c1-477f-be53-52d13e49efdc,b4fbd39e-5862-450e-ba3f-0887d9a6f510,c3,DROP,686,?,x1,
1769494484.8350754,FORWARDED,0aeeec45-19c1-477f-be53-52d13e49efdc,b4fbd39e-5862-450e-ba3f-0887d9a6f510,c3,DROP,686,?,x1,
1769494484.968129,RECEIVED,c56f783d-9542-40bb-9e79-8cf37abcfd25,d6774905-a6ec-4397-83e2-5af7be710b7c,c5,DROP,1012,e3,?,
1769494484.9845355,SENT,af77a527-46eb-4b03-900a-a93d7875ba36,e24fb7a6-71cc-4509-b2dc-5b7f5298dd1d,c1,DROP,683,?,x2,
1769494484.984576,FORWARDED,af77a527-46eb-4b03-900a-a93d7875ba36,e24fb7a6-71cc-4509-b2dc-5b7f5298dd1d,c1,DROP,683,?,x2,
1769494485.0708683,SENT,c56f783d-9542-40bb-9e79-8cf37abcfd25,d6774905-a6ec-4397-83e2-5af7be710b7c,c5,DROP,685,?,x9,
1769494485.070908,FORWARDED,c56f783d-9542-40bb-9e79-8cf37abcfd25,d6774905-a6ec-4397-83e2-5af7be710b7c,c5,DROP,685,?,x9,
1769494485.1718414,SENT,c48013b4-688b-4ede-b27b-012cbd6984f4,ce1b013f-e1b6-48ae-b086-26e6073c7f83,c1,DROP,693,?,x8,
1769494485.171883,FORWARDED,c48013b4-688b-4ede-b27b-012cbd6984f4,ce1b013f-e1b6-48ae-b086-26e6073c7f83,c1,DROP,693,?,x8,
1769494485.1857445,RECEIVED,2a5f28ba-c1ba-426a-bc8d-6d77dd84275e,c1a71545-0ace-4761-8a09-af5f1da03e30,c1,DROP,1011,e1,?,
1769494485.3326328,SENT,3a47883c-b0b8-4c9b-bd49-9ba91cdf5077,00d9a2fe-3b2f-481e-afb7-4d1e9b8e6f20,c3,DROP,688,?,x1,
1769494485.3326724,FORWARDED,3a47883c-b0b8-4c9b-bd49-9ba91cdf5077,00d9a2fe-3b2f-481e-afb7-4d1e9b8e6f20,c3,DROP,688,?,x1,
1769494485.5655522,RECEIVED,9e703b16-67e3-4b20-93dc-9d5cd0c95514,b2c50b30-8b81-47c2-ad35-e0b2c045be3d,c1,DROP,1015,e6,?,
1769494485.6542494,RECEIVED,7646a2df-3524-44d7-844a-8ae913734923,94204fec-32e1-44e2-acd2-b6fdbc051300,c1,DROP,1019,e12,?,
1769494485.6939638,SENT,2a5f28ba-c1ba-426a-bc8d-6d77dd84275e,c1a71545-0ace-4761-8a09-af5f1da03e30,c1,DROP,687,?,x5,
1769494485.6940029,FORWARDED,2a5f28ba-c1ba-426a-bc8d-6d77dd84275e,c1a71545-0ace-4761-8a09-af5f1da03e30,c1,DROP,687,?,x5,
1769494485.9453754,RECEIVED,21004630-2727-4150-a5e1-492432a8a6ab,48f36590-5ac4-44f8-8fe1-c104200c8e86,c4,c5,1784,e11,?,
1769494486.019912,RECEIVED,4b9fafb6-710c-46db-b50e-358a791c938c,0a2201c3-3b72-4dff-be97-5c1b4a58ccfd,c4,DROP,442,x1,?,
1769494486.1445293,SENT,9e703b16-67e3-4b20-93dc-9d5cd0c95514,b2c50b30-8b81-47c2-ad35-e0b2c045be3d,c1,DROP,688,?,x3,
1769494486.1445699,FORWARDED,9e703b16-67e3-4b20-93dc-9d5cd0c95514,b2c50b30-8b81-47c2-ad35-e0b2c045be3d,c1,DROP,688,?,x3,
1769494486.2978008,RECEIVED,45f73e50-8e15-41f0-9862-5af554a526c7,3182ef3f-b576-4521-b96d-e88119a2e9c7,c2,DROP,1012,e8,?,
1769494486.3050761,SENT,21004630-2727-4150-a5e1-492432a8a6ab,48f36590-5ac4-44f8-8fe1-c104200c8e86,c4,c5,1264,?,x4,
1769494486.3051224,FORWARDED,21004630-2727-4150-a5e1-492432a8a6ab,48f36590-5ac4-44f8-8fe1-c104200c8e86,c4,c5,1264,?,x4,
1769494486.3409426,RECEIVED,edb6f848-8a84-4fa8-9f80-9c74ed867399,a0c5b9e8-2a83-4bd0-9177-330284e3a41a,c2,c3,1785,e3,?,
1769494486.3623495,RECEIVED,3978272c-4429-4188-a7d8-a85a46b7756d,6494a307-1d99-4f9d-b825-4e37e8f9dd90,c4,DROP,1010,e3,?,
1769494486.4960938,SENT,45f73e50-8e15-41f0-9862-5af554a526c7,3182ef3f-b576-4521-b96d-e88119a2e9c7,c2,DROP,685,?,x5,
1769494486.4961288,FORWARDED,45f73e50-8e15-41f0-9862-5af554a526c7,3182ef3f-b576-4521-b96d-e88119a2e9c7,c2,DROP,685,?,x5,
1769494486.5163095,RECEIVED,fb6bf59d-71df-4904-a741-d448509b8eff,b1b4c720-7065-452c-a8da-093f8451a8c2,c1,DROP,442,x11,?,
1769494486.5714705,RECEIVED,5290c116-677f-459a-8b75-e800aa0a2685,885b280b-9fe1-4ef3-a777-b79aab575507,c3,DROP,446,x11,?,
1769494486.5864146,SENT,678856b3-e36b-4e97-8841-75235c6f2566,e0108508-c3f1-4648-94b7-ed50d4ae2c11,c1,DROP,693,?,x7,
1769494486.5864558,FORWARDED,678856b3-e36b-4e97-8841-75235c6f2566,e0108508-c3f1-4648-94b7-ed50d4ae2c11,c1,DROP,693,?,x7,
1769494486.6526573,SENT,edb6f848-8a84-4fa8-9f80-9c74ed867399,a0c5b9e8-2a83-4bd0-9177-330284e3a41a,c2,c3,1264,?,x10,
1769494486.6526976,FORWARDED,edb6f848-8a84-4fa8-9f80-9c74ed867399,a0c5b9e8-2a83-4bd0-9177-330284e3a41a,c2,c3,1264,?,x10,
1769494487.1657057,SENT,3978272c-4429-4188-a7d8-a85a46b7756d,6494a307-1d99-4f9d-b825-4e37e8f9dd90,c4,DROP,687,?,x1,
1769494487.1657465,FORWARDED,3978272c-4429-4188-a7d8-a85a46b7756d,6494a307-1d99-4f9d-b825-4e37e8f9dd90,c4,DROP,687,?,x1,
1769494487.583264,RECEIVED,8235f23e-b13e-4a81-950c-f754e8cceb27,b019627c-589a-40e9-b9b8-4a4f26cb5126,c1,DROP,1016,e2,?,
1769494487.8432863,RECEIVED,da48c770-0f38-467d-b93f-baedefbe24f3,1cc599fe-d899-4ad4-8167-4ad9ec5f0a9f,c5,DROP,1007,e11,?,
1769494487.8713849,RECEIVED,31e90b1f-5233-4d79-a390-43bdaa1824e9,e338d367-d187-4393-8a22-688081a62e65,c1,DROP,1007,e9,?,
1769494487.9042294,SENT,8235f23e-b13e-4a81-950c-f754e8cceb27,b019627c-589a-40e9-b9b8-4a4f26cb5126,c1,DROP,688,?,x6,
1769494487.904378,FORWARDED,8235f23e-b13e-4a81-950c-f754e8cceb27,b019627c-589a-40e9-b9b8-4a4f26cb5126,c1,DROP,688,?,x6,
1769494488.339028,RECEIVED,4807116a-7f1c-4a6d-94c2-74c3c20b005e,9e64612d-95e4-4397-b1a9-76beb21dab60,c5,DROP,1020,e2,?,
1769494488.395803,SENT,da48c770-0f38-467d-b93f-baedefbe24f3,1cc599fe-d899-4ad4-8167-4ad9ec5f0a9f,c5,DROP,684,?,x8,
1769494488.3958397,FORWARDED,da48c770-0f38-467d-b93f-baedefbe24f3,1cc599fe-d899-4ad4-8167-4ad9ec5f0a9f,c5,DROP,684,?,x8,
1769494488.4987364,RECEIVED,e2f3a112-943a-4414-a214-23ca44422ba6,d13473b9-e339-4ffd-95f4-4f03cce3e964,c1,DROP,1019,e4,?,
1769494488.527143,RECEIVED,9ca89510-622d-435d-8b25-ef290f04ad11,1bd831e2-1f73-4730-bbde-b111d60b51df,c2,DROP,1008,e7,?,
1769494488.5649753,RECEIVED,cee8f6b8-9471-4578-8aea-b4f1de5f2dcd,c60cf266-5700-4a21-900a-155628962aaa,c1,c5,1780,e9,?,
1769494488.5924084,SENT,4807116a-7f1c-4a6d-94c2-74c3c20b005e,9e64612d-95e4-4397-b1a9-76beb21dab60,c5,DROP,691,?,x11,
1769494488.5924554,FORWARDED,4807116a-7f1c-4a6d-94c2-74c3c20b005e,9e64612d-95e4-4397-b1a9-76beb21dab60,c5,DROP,691,?,x11,
1769494488.601251,SENT,cee8f6b8-9471-4578-8aea-b4f1de5f2dcd,c60cf266-5700-4a21-900a-155628962aaa,c1,c5,1263,?,x2,
1769494488.6012902,FORWARDED,cee8f6b8-9471-4578-8aea-b4f1de5f2dcd,c60cf266-5700-4a21-900a-155628962aaa,c1,c5,1263,?,x2,
1769494488.6534169,RECEIVED,43863610-0adf-42bf-8403-39be467c016d,fc2bfde6-9e06-452d-8c8d-733485f8f301,c3,DROP,1006,e12,?,
1769494488.722056,RECEIVED,95890f62-7f6a-4bf9-910c-ded9588af4a3,b584ede6-9bc9-4ffe-891e-ea71b59712d3,c1,c5,1779,e1,?,
1769494488.7481937,SENT,e2f3a112-943a-4414-a214-23ca44422ba6,d13473b9-e339-4ffd-95f4-4f03cce3e964,c1,DROP,693,?,x6,
1769494488.748234,FORWARDED,e2f3a112-943a-4414-a214-23ca44422ba6,d13473b9-e339-4ffd-95f4-4f03cce3e964,c1,DROP,693,?,x6,
1769494488.872106,SENT,31e90b1f-5233-4d79-a390-43bdaa1824e9,e338d367-d187-4393-8a22-688081a62e65,c1,DROP,684,?,x2,
1769494488.8721464,FORWARDED,31e90b1f-5233-4d79-a390-43bdaa1824e9,e338d367-d187-4393-8a22-688081a62e65,c1,DROP,684,?,x2,
1769494488.8836815,RECEIVED,11a32516-2c62-4322-8273-f17ed10d6464,ed784233-e5ad-4975-b48c-bc844034e8e7,c3,DROP,1019,e10,?,
1769494488.8848197,SENT,9ca89510-622d-435d-8b25-ef290f04ad11,1bd831e2-1f73-4730-bbde-b111d60b51df,c2,DROP,683,?,x11,
1769494488.8848617,FORWARDED,9ca89510-622d-435d-8b25-ef290f04ad11,1bd831e2-1f73-4730-bbde-b111d60b51df,c2,DROP,683,?,x11,
1769494488.9074118,RECEIVED,77421db6-8ec2-4aae-aa69-1759314215c5,92adf429-3fb6-49e1-9ff8-eaae72adf85e,c1,c5,1780,e1,?,
1769494488.9086685,RECEIVED,19cbee55-ed60-45f7-a934-78eb812e45b0,2c0bf8b2-2851-4660-89ab-8cedb1d76120,c5,DROP,1019,e7,?,
1769494489.0680964,SENT,11a32516-2c62-4322-8273-f17ed10d6464,ed784233-e5ad-4975-b48c-bc844034e8e7,c3,DROP,692,?,x6,
1769494489.0681343,FORWARDED,11a32516-2c62-4322-8273-f17ed10d6464,ed784233-e5ad-4975-b48c-bc844034e8e7,c3,DROP,692,?,x6,
1769494489.197324,SENT,77421db6-8ec2-4aae-aa69-1759314215c5,92adf429-3fb6-49e1-9ff8-eaae72adf85e,c1,c5,1263,?,x12,
1769494489.1973622,FORWARDED,77421db6-8ec2-4aae-aa69-1759314215c5,92adf429-3fb6-49e1-9ff8-eaae72adf85e,c1,c5,1263,?,x12,
1769494489.2672734,RECEIVED,90eefcf1-de54-4f45-aa99-2519aa104a4c,3482d5ff-1a0d-46fa-a968-bbd4e0c4cfc7,c4,DROP,1015,e5,?,
1769494489.4235072,RECEIVED,b6f6fb57-5f80-4bbc-a6c6-6bea7217a0c5,be9bc91a-17d8-4e7c-baf9-89d8ef9f5aba,c3,DROP,1007,e4,?,
1769494489.4258876,SENT,90eefcf1-de54-4f45-aa99-2519aa104a4c,3482d5ff-1a0d-46fa-a968-bbd4e0c4cfc7,c4,DROP,688,?,x1,
1769494489.4259286,FORWARDED,90eefcf1-de54-4f45-aa99-2519aa104a4c,3482d5ff-1a0d-46fa-a968-bbd4e0c4cfc7,c4,DROP,688,?,x1,
1769494489.5110922,RECEIVED,74ca8251-9342-4bc8-a708-7a1b9042edf7,dc22e4e6-fa27-46bf-9241-b91672d54402,c4,DROP,441,x7,?,
1769494489.5282378,SENT,b6f6fb57-5f80-4bbc-a6c6-6bea7217a0c5,be9bc91a-17d8-4e7c-baf9-89d8ef9f5aba,c3,DROP,683,?,x1,
1769494489.5282774,FORWARDED,b6f6fb57-5f80-4bbc-a6c6-6bea7217a0c5,be9bc91a-17d8-4e7c-baf9-89d8ef9f5aba,c3,DROP,683,?,x1,
1769494489.6822057,SENT,43863610-0adf-42bf-8403-39be467c016d,fc2bfde6-9e06-452d-8c8d-733485f8f301,c3,DROP,684,?,x3,
1769494489.6822443,FORWARDED,43863610-0adf-42bf-8403-39be467c016d,fc2bfde6-9e06-452d-8c8d-733485f8f301,c3,DROP,684,?,x3,
1769494489.7477503,SENT,95890f62-7f6a-4bf9-910c-ded9588af4a3,b584ede6-9bc9-4ffe-891e-ea71b59712d3,c1,c5,1263,?,x9,
1769494489.747791,FORWARDED,95890f62-7f6a-4bf9-910c-ded9588af4a3,b584ede6-9bc9-4ffe-891e-ea71b59712d3,c1,c5,1263,?,x9,
1769494489.820739,RECEIVED,26b8931a-7d76-4ad0-86d9-33cab6b8c832,e8e4d81e-5550-4bbc-9725-29608d0f38f7,c4,c5,1785,e7,?,
1769494489.8228602,RECEIVED,c1582dbb-bd7c-4b70-9223-602cd147ce7e,63dcb600-2298-43af-a789-fc46d1511f9b,c3,c5,1780,e7,?,
1769494489.8504245,SENT,26b8931a-7d76-4ad0-86d9-33cab6b8c832,e8e4d81e-5550-4bbc-9725-29608d0f38f7,c4,c5,1264,?,x8,
1769494489.8504653,FORWARDED,26b8931a-7d76-4ad0-86d9-33cab6b8c832,e8e4d81e-5550-4bbc-9725-29608d0f38f7,c4,c5,1264,?,x8,
1769494489.920116,RECEIVED,4f2405b5-e0f0-4337-8016-71bad6c4256a,1e6fbd79-118b-40b7-8fc2-30770707f51f,c1,DROP,1008,e9,?,
1769494490.111094,RECEIVED,12c3f761-15d7-4f18-965d-98ae5dfafd2f,88f6d16d-ce0f-4509-ae9c-36d0eaa0979f,c3,c5,1776,e6,?,
1769494490.23517,SENT,4f2405b5-e0f0-4337-8016-71bad6c4256a,1e6fbd79-118b-40b7-8fc2-30770707f51f,c1,DROP,684,?,x2,
1769494490.2352095,FORWARDED,4f2405b5-e0f0-4337-8016-71bad6c4256a,1e6fbd79-118b-40b7-8fc2-30770707f51f,c1,DROP,684,?,x2,
1769494490.3056843,RECEIVED,62f9c07c-253b-4ff3-928f-4d953eb51fc2,f5ecdc80-2dae-4b2c-94b6-74fc8c05a5e0,c2,DROP,1013,e3,?,
1769494490.3375957,RECEIVED,cc5dcf60-15e4-4c5d-b9fe-cb58def40d55,0618c456-3c9a-4834-8420-26104c842941,c2,c3,1789,e8,?,
1769494490.3406901,SENT,7646a2df-3524-44d7-844a-8ae913734923,94204fec-32e1-44e2-acd2-b6fdbc051300,c1,DROP,691,?,x11,
1769494490.3407297,FORWARDED,7646a2df-3524-44d7-844a-8ae913734923,94204fec-32e1-44e2-acd2-b6fdbc051300,c1,DROP,691,?,x11,
1769494490.3669918,SENT,62f9c07c-253b-4ff3-928f-4d953eb51fc2,f5ecdc80-2dae-4b2c-94b6-74fc8c05a5e0,c2,DROP,687,?,x12,
1769494490.3670316,FORWARDED,62f9c07c-253b-4ff3-928f-4d953eb51fc2,f5ecdc80-2dae-4b2c-94b6-74fc8c05a5e0,c2,DROP,687,?,x12,
1769494490.424506,SENT,19cbee55-ed60-45f7-a934-78eb812e45b0,2c0bf8b2-2851-4660-89ab-8cedb1d76120,c5,DROP,692,?,x11,
1769494490.4245467,FORWARDED,19cbee55-ed60-45f7-a934-78eb812e45b0,2c0bf8b2-2851-4660-89ab-8cedb1d76120,c5,DROP,692,?,x11,
1769494490.4905746,SENT,cc5dcf60-15e4-4c5d-b9fe-cb58def40d55,0618c456-3c9a-4834-8420-26104c842941,c2,c3,1268,?,x12,
1769494490.490614,FORWARDED,cc5dcf60-15e4-4c5d-b9fe-cb58def40d55,0618c456-3c9a-4834-8420-26104c842941,c2,c3,1268,?,x12,
1769494490.5841994,RECEIVED,913d07a5-ef0c-4c13-9386-999633be81b4,5ecbf9c6-210d-41dc-9d30-e86e63af7daa,c1,DROP,1007,e4,?,
1769494490.6005173,SENT,12c3f761-15d7-4f18-965d-98ae5dfafd2f,88f6d16d-ce0f-4509-ae9c-36d0eaa0979f,c3,c5,1260,?,x3,
1769494490.6005561,FORWARDED,12c3f761-15d7-4f18-965d-98ae5dfafd2f,88f6d16d-ce0f-4509-ae9c-36d0eaa0979f,c3,c5,1260,?,x3,
1769494490.6802063,RECEIVED,a22698db-f25a-459d-b868-84d1c976190b,54bd882c-e493-43d0-84dc-ddffe4512f4c,c2,c3,1781,e9,?,
1769494490.7447186,SENT,a22698db-f25a-459d-b868-84d1c976190b,54bd882c-e493-43d0-84dc-ddffe4512f4c,c2,c3,1263,?,x10,
1769494490.7447584,FORWARDED,a22698db-f25a-459d-b868-84d1c976190b,54bd882c-e493-43d0-84dc-ddffe4512f4c,c2,c3,1263,?,x10,
1769494490.910736,SENT,913d07a5-ef0c-4c13-9386-999633be81b4,5ecbf9c6-210d-41dc-9d30-e86e63af7daa,c1,DROP,684,?,x4,
1769494490.910777,FORWARDED,913d07a5-ef0c-4c13-9386-999633be81b4,5ecbf9c6-210d-41dc-9d30-e86e63af7daa,c1,DROP,684,?,x4,
1769494490.9144924,RECEIVED,8d518a79-a5cc-44df-99ac-4fc4974ad7bc,d8f3b2df-357f-4003-8790-ef2b93d0c3a7,c3,DROP,1007,e9,?,
1769494490.9375896,RECEIVED,c8d1f97b-3e5e-49e9-b073-bb15aae3ebbe,fa46deb0-531c-403e-b05a-68880832db2c,c1,DROP,1020,e9,?,
1769494490.9477544,RECEIVED,44852d90-bd7a-4332-8e64-602c7d61e72f,f413cd91-8664-4eca-b2e2-2fdc15e33feb,c5,DROP,1021,e7,?,
1769494490.9712584,RECEIVED,a0e69514-ae56-4542-b6aa-46c14b614907,085f6bc8-fdb2-4fac-8344-83e5073c4326,c5,DROP,442,x12,?,
1769494491.001317,RECEIVED,a480fbe1-f370-49f3-b2e6-7bd8e68b83c8,b1e3ecac-96dc-4463-acce-4c7e1a2a007e,c4,c5,1777,e8,?,
1769494491.0172842,SENT,a480fbe1-f370-49f3-b2e6-7bd8e68b83c8,b1e3ecac-96dc-4463-acce-4c7e1a2a007e,c4,c5,1260,?,x5,
1769494491.0173235,FORWARDED,a480fbe1-f370-49f3-b2e6-7bd8e68b83c8,b1e3ecac-96dc-4463-acce-4c7e1a2a007e,c4,c5,1260,?,x5,
1769494491.0770304,SENT,44852d90-bd7a-4332-8e64-602c7d61e72f,f413cd91-8664-4eca-b2e2-2fdc15e33feb,c5,DROP,691,?,x12,
1769494491.0770822,FORWARDED,44852d90-bd7a-4332-8e64-602c7d61e72f,f413cd91-8664-4eca-b2e2-2fdc15e33feb,c5,DROP,691,?,x12,
1769494491.2785387,RECEIVED,799cabaa-cb2e-483f-adba-1d16916eb1f5,2e6109be-8b83-4381-8bde-9986406dbed9,c3,DROP,1020,e5,?,
1769494491.3156304,RECEIVED,49692194-1282-4a26-96a5-67914ab22c9d,dd984030-9f6f-48ad-8ccd-050149f1f375,c4,DROP,447,x11,?,
1769494491.3649452,SENT,799cabaa-cb2e-483f-adba-1d16916eb1f5,2e6109be-8b83-4381-8bde-9986406dbed9,c3,DROP,693,?,x6,
1769494491.3649843,FORWARDED,799cabaa-cb2e-483f-adba-1d16916eb1f5,2e6109be-8b83-4381-8bde-9986406dbed9,c3,DROP,693,?,x6,
1769494491.4295104,SENT,c1582dbb-bd7c-4b70-9223-602cd147ce7e,63dcb600-2298-43af-a789-fc46d1511f9b,c3,c5,1263,?,x10,
1769494491.4295607,FORWARDED,c1582dbb-bd7c-4b70-9223-602cd147ce7e,63dcb600-2298-43af-a789-fc46d1511f9b,c3,c5,1263,?,x10,
1769494491.4902687,SENT,c8d1f97b-3e5e-49e9-b073-bb15aae3ebbe,fa46deb0-531c-403e-b05a-68880832db2c,c1,DROP,691,?,x12,
1769494491.4903119,FORWARDED,c8d1f97b-3e5e-49e9-b073-bb15aae3ebbe,fa46deb0-531c-403e-b05a-68880832db2c,c1,DROP,691,?,x12,
1769494491.5122454,RECEIVED,2d22a68b-635d-4a5a-b5a4-e69d82f4c0d4,8e8e96cc-4e86-4f29-8f53-3945a9093576,c1,DROP,1020,e3,?,
1769494491.698383,RECEIVED,16fac06b-c084-4386-82e4-66d90fd82843,0fac32a0-0d0e-4c64-b802-b19fdf7c780e,c2,DROP,1013,e10,?,
1769494491.7391827,RECEIVED,583f6271-9ef5-4b5a-9116-da12509ea862,24ca563f-ccf2-406f-9980-0529ca4408f1,c3,DROP,446,x6,?,
1769494491.766466,RECEIVED,b27396a7-c13a-43f0-9449-1db38d234af3,1b3c8812-89d2-4089-9aa5-5712835d6c3c,c3,DROP,1009,e12,?,
1769494491.8592145,SENT,16fac06b-c084-4386-82e4-66d90fd82843,0fac32a0-0d0e-4c64-b802-b19fdf7c780e,c2,DROP,685,?,x12,
1769494491.8592544,FORWARDED,16fac06b-c084-4386-82e4-66d90fd82843,0fac32a0-0d0e-4c64-b802-b19fdf7c780e,c2,DROP,685,?,x12,
1769494491.947039,SENT,2d22a68b-635d-4a5a-b5a4-e69d82f4c0d4,8e8e96cc-4e86-4f29-8f53-3945a9093576,c1,DROP,692,?,x10,
1769494491.9470882,FORWARDED,2d22a68b-635d-4a5a-b5a4-e69d82f4c0d4,8e8e96cc-4e86-4f29-8f53-3945a9093576,c1,DROP,692,?,x10,
1769494491.9506123,RECEIVED,f7855f37-3673-4a48-9c2e-aa0bbc8a84c5,66efae3f-f870-4060-9fd7-8b994cdf1d3e,c3,DROP,1020,e12,?,
1769494492.0102205,SENT,b27396a7-c13a-43f0-9449-1db38d234af3,1b3c8812-89d2-4089-9aa5-5712835d6c3c,c3,DROP,683,?,x10,
1769494492.0102684,FORWARDED,b27396a7-c13a-43f0-9449-1db38d234af3,1b3c8812-89d2-4089-9aa5-5712835d6c3c,c3,DROP,683,?,x10,
1769494492.0701163,RECEIVED,56559683-28ae-48c4-9351-09946bdf610c,3c8d6b49-6b6e-44a5-aa37-9f1fde3297bc,c4,DROP,1018,e7,?,
1769494492.245385,SENT,f7855f37-3673-4a48-9c2e-aa0bbc8a84c5,66efae3f-f870-4060-9fd7-8b994cdf1d3e,c3,DROP,691,?,x4,
1769494492.245424,FORWARDED,f7855f37-3673-4a48-9c2e-aa0bbc8a84c5,66efae3f-f870-4060-9fd7-8b994cdf1d3e,c3,DROP,691,?,x4,
1769494492.2935243,RECEIVED,db21d5ad-1c48-4d94-8c89-df738b43022b,142103a1-5545-4bf7-b33e-056e77a9d458,c2,c3,1775,e6,?,
1769494492.4509027,RECEIVED,467c7751-49f2-46d2-ba70-267d082ef918,26c46739-56db-4c1e-894c-3a145c21b6f5,c2,DROP,445,x12,?,
1769494492.503527,RECEIVED,d23ec221-c2a3-41b5-984b-391e5bee82a9,b45fce6c-8122-471c-b52f-4bee2e80cc70,c2,DROP,1015,e4,?,
1769494492.5990937,SENT,8d518a79-a5cc-44df-99ac-4fc4974ad7bc,d8f3b2df-357f-4003-8790-ef2b93d0c3a7,c3,DROP,683,?,x7,
1769494492.599136,FORWARDED,8d518a79-a5cc-44df-99ac-4fc4974ad7bc,d8f3b2df-357f-4003-8790-ef2b93d0c3a7,c3,DROP,683,?,x7,
1769494492.6371539,SENT,db21d5ad-1c48-4d94-8c89-df738b43022b,142103a1-5545-4bf7-b33e-056e77a9d458,c2,c3,1258,?,x8,
1769494492.6371934,FORWARDED,db21d5ad-1c48-4d94-8c89-df738b43022b,142103a1-5545-4bf7-b33e-056e77a9d458,c2,c3,1258,?,x8,
1769494492.758243,RECEIVED,0fac2f16-2f64-42b0-b053-27b24d04e925,5c2243e7-809d-4779-9380-a146bbb74b55,c3,DROP,1011,e1,?,
1769494492.8021924,RECEIVED,55d39f0e-5d3d-45fd-8da8-6d03b100cdfd,ceb170cf-f77e-4069-8e4a-edf649544976,c4,c5,1780,e3,?,
1769494492.9075348,RECEIVED,ebf0e721-be14-4c55-838d-419c358c4e72,f5d6ee10-0834-472f-9c9f-0df7ac8b3c27,c3,DROP,1011,e3,?,
1769494493.0642617,SENT,d23ec221-c2a3-41b5-984b-391e5bee82a9,b45fce6c-8122-471c-b52f-4bee2e80cc70,c2,DROP,688,?,x7,
1769494493.0643013,FORWARDED,d23ec221-c2a3-41b5-984b-391e5bee82a9,b45fce6c-8122-471c-b52f-4bee2e80cc70,c2,DROP,688,?,x7,
1769494493.199635,RECEIVED,68214d32-bc9e-4581-a26c-e8e8d4d0313d,8b9021f3-3d38-42ba-81fd-cf5c97c0cd69,c2,DROP,1017,e9,?,
1769494493.2688951,SENT,68214d32-bc9e-4581-a26c-e8e8d4d0313d,8b9021f3-3d38-42ba-81fd-cf5c97c0cd69,c2,DROP,688,?,x9,
1769494493.2689366,FORWARDED,68214d32-bc9e-4581-a26c-e8e8d4d0313d,8b9021f3-3d38-42ba-81fd-cf5c97c0cd69,c2,DROP,688,?,x9,
1769494493.357598,SENT,55d39f0e-5d3d-45fd-8da8-6d03b100cdfd,ceb170cf-f77e-4069-8e4a-edf649544976,c4,c5,1263,?,x10,
1769494493.3576367,FORWARDED,55d39f0e-5d3d-45fd-8da8-6d03b100cdfd,ceb170cf-f77e-4069-8e4a-edf649544976,c4,c5,1263,?,x10,
1769494493.4125497,RECEIVED,b89b8b27-29f8-4511-bf2d-f1acde9e39c9,c49156b3-b212-45f5-aa67-70fe48a15e39,c2,DROP,1008,e1,?,
1769494493.4544518,RECEIVED,08357084-a842-48b2-89fd-0c075305aa51,6ebdd9be-cc1c-4ce7-b616-77cdb490a293,c2,DROP,1007,e3,?,
1769494493.525163,RECEIVED,29364251-1528-46ae-89c8-1cf231649774,fb5e3939-c6e1-4ba4-b370-110c91425866,c1,DROP,441,x9,?,
1769494493.5345793,RECEIVED,a2cd8b16-900d-4fb1-8d74-29cc741eaf77,5af8df46-3eff-41c3-9679-bf181cfa4bc7,c2,DROP,1013,e10,?,
1769494493.5408063,RECEIVED,29732eba-3b5d-4330-a6f0-a48e75099e30,94bf316f-a94d-4db1-b60c-971ca7629aac,c4,c5,1781,e12,?,
1769494493.5594542,SENT,29732eba-3b5d-4330-a6f0-a48e75099e30,94bf316f-a94d-4db1-b60c-971ca7629aac,c4,c5,1262,?,x6,
1769494493.5594969,FORWARDED,29732eba-3b5d-4330-a6f0-a48e75099e30,94bf316f-a94d-4db1-b60c-971ca7629aac,c4,c5,1262,?,x6,
1769494493.5887074,SENT,a2cd8b16-900d-4fb1-8d74-29cc741eaf77,5af8df46-3eff-41c3-9679-bf181cfa4bc7,c2,DROP,687,?,x11,
1769494493.5887465,FORWARDED,a2cd8b16-900d-4fb1-8d74-29cc741eaf77,5af8df46-3eff-41c3-9679-bf181cfa4bc7,c2,DROP,687,?,x11,
1769494493.7015824,SENT,0fac2f16-2f64-42b0-b053-27b24d04e925,5c2243e7-809d-4779-9380-a146bbb74b55,c3,DROP,687,?,x2,
1769494493.7016218,FORWARDED,0fac2f16-2f64-42b0-b053-27b24d04e925,5c2243e7-809d-4779-9380-a146bbb74b55,c3,DROP,687,?,x2,
1769494493.7297251,RECEIVED,d716e75e-9733-4a98-be26-421c043d5c7f,bfbd28da-4db2-4a47-b5d8-102a53e86457,c1,c5,1779,e8,?,
1769494493.8058684,RECEIVED,7c585d5a-9412-470d-8199-d5c2ceab776c,ec7ca873-da31-4d00-ac80-06a29fc9976e,c5,c2,1780,e3,?,
1769494493.8118236,SENT,b89b8b27-29f8-4511-bf2d-f1acde9e39c9,c49156b3-b212-45f5-aa67-70fe48a15e39,c2,DROP,683,?,x6,
1769494493.8118603,FORWARDED,b89b8b27-29f8-4511-bf2d-f1acde9e39c9,c49156b3-b212-45f5-aa67-70fe48a15e39,c2,DROP,683,?,x6,
1769494493.8528664,SENT,08357084-a842-48b2-89fd-0c075305aa51,6ebdd9be-cc1c-4ce7-b616-77cdb490a293,c2,DROP,684,?,x5,
1769494493.852907,FORWARDED,08357084-a842-48b2-89fd-0c075305aa51,6ebdd9be-cc1c-4ce7-b616-77cdb490a293,c2,DROP,684,?,x5,
1769494493.8725622,SENT,7c585d5a-9412-470d-8199-d5c2ceab776c,ec7ca873-da31-4d00-ac80-06a29fc9976e,c5,c2,1261,?,x3,
1769494493.8726015,FORWARDED,7c585d5a-9412-470d-8199-d5c2ceab776c,ec7ca873-da31-4d00-ac80-06a29fc9976e,c5,c2,1261,?,x3,
1769494493.9004915,SENT,ebf0e721-be14-4c55-838d-419c358c4e72,f5d6ee10-0834-472f-9c9f-0df7ac8b3c27,c3,DROP,687,?,x1,
1769494493.9005327,FORWARDED,ebf0e721-be14-4c55-838d-419c358c4e72,f5d6ee10-0834-472f-9c9f-0df7ac8b3c27,c3,DROP,687,?,x1,
1769494493.998342,RECEIVED,9bb5cb0c-7aec-4716-a88e-8b61221a417f,d37b8276-024b-4a98-81d0-268b242d434b,c1,c5,1772,e12,?,
1769494494.022642,SENT,56559683-28ae-48c4-9351-09946bdf610c,3c8d6b49-6b6e-44a5-aa37-9f1fde3297bc,c4,DROP,692,?,x4,
1769494494.022683,FORWARDED,56559683-28ae-48c4-9351-09946bdf610c,3c8d6b49-6b6e-44a5-aa37-9f1fde3297bc,c4,DROP,692,?,x4,
1769494494.1249669,SENT,9bb5cb0c-7aec-4716-a88e-8b61221a417f,d37b8276-024b-4a98-81d0-268b242d434b,c1,c5,1255,?,x3,
1769494494.1250062,FORWARDED,9bb5cb0c-7aec-4716-a88e-8b61221a417f,d37b8276-024b-4a98-81d0-268b242d434b,c1,c5,1255,?,x3,
1769494494.2884638,RECEIVED,a0eb21c9-a26a-4d38-95ce-a5d9bd989d86,ad89b245-9e24-4a4b-9ffa-d81fab085967,c2,DROP,441,x12,?,
1769494494.4143217,RECEIVED,d356b997-ddfc-401e-be07-549cdada868e,2ad4fcc9-45d1-4603-819f-cc8ec46c7807,c3,DROP,1020,e3,?,
1769494494.527173,SENT,d716e75e-9733-4a98-be26-421c043d5c7f,bfbd28da-4db2-4a47-b5d8-102a53e86457,c1,c5,1261,?,x9,
1769494494.5272138,FORWARDED,d716e75e-9733-4a98-be26-421c043d5c7f,bfbd28da-4db2-4a47-b5d8-102a53e86457,c1,c5,1261,?,x9,
1769494494.727496,RECEIVED,1c33fc35-05b1-4022-be92-5470fce53b85,ed624c29-b1c0-4172-a783-ed500b2e18a4,c4,c5,1783,e9,?,
1769494494.7317104,RECEIVED,258ca295-df48-4090-8b99-f993e53798a4,865b56fb-a768-4ced-a504-0465c9c746da,c1,DROP,1007,e12,?,
1769494494.754877,RECEIVED,a1d8e334-406f-46d6-86a3-a722e4decb3f,a43eb54b-93da-4b7f-8287-7a95cefe2595,c1,DROP,1019,e11,?,
1769494494.779597,RECEIVED,ccef56c4-6a60-4da8-84b7-dd5968e6d83b,6558db0f-9c54-4897-a585-6b363246075a,c2,DROP,442,x4,?,
1769494495.0418937,RECEIVED,69fbf41e-af53-46a2-b772-7c97de6d8c07,bd35092f-e14b-4048-bc11-a86724120944,c2,DROP,1008,e5,?,
1769494495.1039855,RECEIVED,35414779-19fa-4b07-98de-f379423b20c5,59d5564a-ae69-415d-88bb-0e00500517d8,c5,DROP,441,x6,?,
1769494495.1243415,SENT,a1d8e334-406f-46d6-86a3-a722e4decb3f,a43eb54b-93da-4b7f-8287-7a95cefe2595,c1,DROP,692,?,x5,
1769494495.1243799,FORWARDED,a1d8e334-406f-46d6-86a3-a722e4decb3f,a43eb54b-93da-4b7f-8287-7a95cefe2595,c1,DROP,692,?,x5,
1769494495.132502,SENT,d356b997-ddfc-401e-be07-549cdada868e,2ad4fcc9-45d1-4603-819f-cc8ec46c7807,c3,DROP,691,?,x10,
1769494495.1325402,FORWARDED,d356b997-ddfc-401e-be07-549cdada868e,2ad4fcc9-45d1-4603-819f-cc8ec46c7807,c3,DROP,691,?,x10,
1769494495.1481798,SENT,69fbf41e-af53-46a2-b772-7c97de6d8c07,bd35092f-e14b-4048-bc11-a86724120944,c2,DROP,683,?,x2,
1769494495.1482217,FORWARDED,69fbf41e-af53-46a2-b772-7c97de6d8c07,bd35092f-e14b-4048-bc11-a86724120944,c2,DROP,683,?,x2,
1769494495.1633837,SENT,1c33fc35-05b1-4022-be92-5470fce53b85,ed624c29-b1c0-4172-a783-ed500b2e18a4,c4,c5,1264,?,x5,
1769494495.1634235,FORWARDED,1c33fc35-05b1-4022-be92-5470fce53b85,ed624c29-b1c0-4172-a783-ed500b2e18a4,c4,c5,1264,?,x5,
1769494495.1708636,RECEIVED,d3c37e0b-e209-4479-9f68-74afb34fd17f,7fab580b-8b43-4d2a-b826-598bdd80ed42,c1,DROP,1013,e6,?,
1769494495.2278345,RECEIVED,56f32d72-e8fe-4527-86ef-dcd911463922,fc518c19-6e46-454c-af75-d371e6335a17,c5,DROP,1022,e4,?,
1769494495.2653842,SENT,56f32d72-e8fe-4527-86ef-dcd911463922,fc518c19-6e46-454c-af75-d371e6335a17,c5,DROP,691,?,x12,
1769494495.2654252,FORWARDED,56f32d72-e8fe-4527-86ef-dcd911463922,fc518c19-6e46-454c-af75-d371e6335a17,c5,DROP,691,?,x12,
1769494495.331269,RECEIVED,2e4bd551-e361-4bbb-ac38-49db35c4c87c,b74f9b87-9e8d-4946-9cf7-d763e8a3b5ed,c4,DROP,1020,e3,?,
1769494495.4058297,RECEIVED,35c9864a-1415-403f-8117-6d7bb55aa4aa,2d24702c-33b4-4d95-9ff8-479ed581787b,c5,DROP,1008,e9,?,
1769494495.453895,SENT,d3c37e0b-e209-4479-9f68-74afb34fd17f,7fab580b-8b43-4d2a-b826-598bdd80ed42,c1,DROP,687,?,x11,
1769494495.4539359,FORWARDED,d3c37e0b-e209-4479-9f68-74afb34fd17f,7fab580b-8b43-4d2a-b826-598bdd80ed42,c1,DROP,687,?,x11,
1769494495.5635507,RECEIVED,b483104b-1148-48b6-a3c6-ae345e03bef5,b0ad6f8d-c070-432b-b655-daee4da27e34,c2,DROP,1020,e7,?,
1769494495.652525,SENT,258ca295-df48-4090-8b99-f993e53798a4,865b56fb-a768-4ced-a504-0465c9c746da,c1,DROP,683,?,x3,
1769494495.6525648,FORWARDED,258ca295-df48-4090-8b99-f993e53798a4,865b56fb-a768-4ced-a504-0465c9c746da,c1,DROP,683,?,x3,
1769494495.681866,SENT,b483104b-1148-48b6-a3c6-ae345e03bef5,b0ad6f8d-c070-432b-b655-daee4da27e34,c2,DROP,692,?,x10,
1769494495.6819055,FORWARDED,b483104b-1148-48b6-a3c6-ae345e03bef5,b0ad6f8d-c070-432b-b655-daee4da27e34,c2,DROP,692,?,x10,
1769494495.735748,RECEIVED,cb7e6ee5-1586-4bc6-8c6c-1f5d88adfe1b,6719e3b1-1741-4c79-b851-1766938773e8,c4,DROP,1020,e1,?,
1769494495.7397704,SENT,2e4bd551-e361-4bbb-ac38-49db35c4c87c,b74f9b87-9e8d-4946-9cf7-d763e8a3b5ed,c4,DROP,691,?,x10,
1769494495.7398129,FORWARDED,2e4bd551-e361-4bbb-ac38-49db35c4c87c,b74f9b87-9e8d-4946-9cf7-d763e8a3b5ed,c4,DROP,691,?,x10,
1769494495.832462,RECEIVED,8b7a153c-646e-47dc-9cf4-a412ffdc55a0,8f51a1f9-fc61-4c18-8e43-d70106ec1959,c1,DROP,1008,e9,?,
1769494495.9315233,SENT,8b7a153c-646e-47dc-9cf4-a412ffdc55a0,8f51a1f9-fc61-4c18-8e43-d70106ec1959,c1,DROP,683,?,x7,
1769494495.931561,FORWARDED,8b7a153c-646e-47dc-9cf4-a412ffdc55a0,8f51a1f9-fc61-4c18-8e43-d70106ec1959,c1,DROP,683,?,x7,
1769494496.0656726,RECEIVED,bdeb5c2f-5095-4fbd-ae0b-d857505f0936,ede29727-5306-4530-8f60-c8b17967b112,c4,c5,1784,e7,?,
1769494496.20131,RECEIVED,1326d395-3aff-4250-adae-ed6b56781dc0,e7d102dd-a92d-4315-a3fd-73a9dabd754d,c1,DROP,446,x12,?,
1769494496.222597,RECEIVED,1ea3724d-9aa6-423c-ab3e-dcd6826c5b1d,eca372ce-4435-4c5c-8a6a-94863b460ac8,c4,DROP,444,x12,?,
1769494496.3864245,SENT,35c9864a-1415-403f-8117-6d7bb55aa4aa,2d24702c-33b4-4d95-9ff8-479ed581787b,c5,DROP,683,?,x11,
1769494496.386465,FORWARDED,35c9864a-1415-403f-8117-6d7bb55aa4aa,2d24702c-33b4-4d95-9ff8-479ed581787b,c5,DROP,683,?,x11,
1769494496.4405732,RECEIVED,553e6204-228c-48b3-a4c8-496d9ad80ed4,ad8655ca-d2fd-4485-b887-7becbf1f6b3b,c3,DROP,442,x4,?,
1769494496.476602,RECEIVED,5c1a7ccb-2e9b-46d5-bf35-c3099810f6be,999ce315-2fbb-47f4-8b76-51cd361e9a2f,c5,DROP,1009,e4,?,
1769494496.5386007,SENT,cb7e6ee5-1586-4bc6-8c6c-1f5d88adfe1b,6719e3b1-1741-4c79-b851-1766938773e8,c4,DROP,691,?,x12,
1769494496.538884,FORWARDED,cb7e6ee5-1586-4bc6-8c6c-1f5d88adfe1b,6719e3b1-1741-4c79-b851-1766938773e8,c4,DROP,691,?,x12,
1769494496.6275158,SENT,5c1a7ccb-2e9b-46d5-bf35-c3099810f6be,999ce315-2fbb-47f4-8b76-51cd361e9a2f,c5,DROP,683,?,x11,
1769494496.6275582,FORWARDED,5c1a7ccb-2e9b-46d5-bf35-c3099810f6be,999ce315-2fbb-47f4-8b76-51cd361e9a2f,c5,DROP,683,?,x11,
1769494496.7067695,RECEIVED,5001892c-d852-43e9-87fc-881b6e1b14b5,b2318bd4-f326-4e67-8059-d81c9cd68ccd,c1,DROP,1008,e4,?,
1769494496.7402334,RECEIVED,dafdda3f-ede4-4633-8e15-c98892fcbb20,81a1890f-d6aa-44a3-ad8a-36ee0a446b53,c2,DROP,1008,e10,?,
1769494496.7858446,SENT,bdeb5c2f-5095-4fbd-ae0b-d857505f0936,ede29727-5306-4530-8f60-c8b17967b112,c4,c5,1264,?,x10,
1769494496.785884,FORWARDED,bdeb5c2f-5095-4fbd-ae0b-d857505f0936,ede29727-5306-4530-8f60-c8b17967b112,c4,c5,1264,?,x10,
1769494496.9405518,SENT,dafdda3f-ede4-4633-8e15-c98892fcbb20,81a1890f-d6aa-44a3-ad8a-36ee0a446b53,c2,DROP,684,?,x5,
1769494496.940592,FORWARDED,dafdda3f-ede4-4633-8e15-c98892fcbb20,81a1890f-d6aa-44a3-ad8a-36ee0a446b53,c2,DROP,684,?,x5,
1769494496.957728,SENT,5001892c-d852-43e9-87fc-881b6e1b14b5,b2318bd4-f326-4e67-8059-d81c9cd68ccd,c1,DROP,683,?,x5,
1769494496.9577723,FORWARDED,5001892c-d852-43e9-87fc-881b6e1b14b5,b2318bd4-f326-4e67-8059-d81c9cd68ccd,c1,DROP,683,?,x5,
1769494497.1512797,RECEIVED,c9f4fe9f-7033-4064-a108-684f9ce54d83,ac5ed2f1-04bc-4b61-9295-73d53a92adaa,c4,DROP,1016,e8,?,
1769494497.2754931,RECEIVED,850c452f-a988-4b3f-b839-134fe84dba91,696794d8-d1aa-47c3-b265-0d8b4e45f006,c2,DROP,1016,e1,?,
1769494497.536245,SENT,850c452f-a988-4b3f-b839-134fe84dba91,696794d8-d1aa-47c3-b265-0d8b4e45f006,c2,DROP,689,?,x5,
1769494497.536286,FORWARDED,850c452f-a988-4b3f-b839-134fe84dba91,696794d8-d1aa-47c3-b265-0d8b4e45f006,c2,DROP,689,?,x5,
1769494497.5483096,SENT,c9f4fe9f-7033-4064-a108-684f9ce54d83,ac5ed2f1-04bc-4b61-9295-73d53a92adaa,c4,DROP,688,?,x5,
1769494497.5483477,FORWARDED,c9f4fe9f-7033-4064-a108-684f9ce54d83,ac5ed2f1-04bc-4b61-9295-73d53a92adaa,c4,DROP,688,?,x5,
1769494497.6159267,RECEIVED,3ab14ef8-9149-4383-a3e2-0708e8b1ace0,3009a7f5-3a09-4c5e-9f71-7d7ff9893fe2,c4,c5,1786,e10,?,
1769494497.6986628,RECEIVED,4a4a4b4b-5e05-40d0-b165-8a9003c89825,ad7aecf3-f96d-4a97-a902-ef6c0579a7a9,c1,DROP,1007,e1,?,
1769494497.722016,RECEIVED,76cb2e99-a060-4900-b922-57cd027a14b2,718070aa-13a4-4705-855f-a5876be6fe8c,c5,DROP,441,x4,?,
1769494497.75267,RECEIVED,9135c07c-1e44-44e1-96c3-000af449251b,8afc30a8-08db-4887-9e57-02df280f15d2,c5,DROP,440,x1,?,
1769494497.8102646,RECEIVED,b0a00ea0-a2d5-4d2a-b45a-96ee50e884ce,6c0dfb97-8ed5-4264-84bd-57abb1e3dadd,c4,DROP,442,x5,?,
1769494498.0876632,RECEIVED,bb29e698-15bf-46a3-97bb-23cdccf9101f,28892d61-2224-4906-b9cc-4f036361e8e0,c1,DROP,1015,e3,?,
1769494498.1225417,RECEIVED,a0acee38-a319-4446-97c7-adb72b489acb,7b32dd7e-2f8b-4ff4-8dc8-bfb1c0c0391a,c1,c5,1768,e11,?,
1769494498.2204306,SENT,a0acee38-a319-4446-97c7-adb72b489acb,7b32dd7e-2f8b-4ff4-8dc8-bfb1c0c0391a,c1,c5,1252,?,x5,
1769494498.22047,FORWARDED,a0acee38-a319-4446-97c7-adb72b489acb,7b32dd7e-2f8b-4ff4-8dc8-bfb1c0c0391a,c1,c5,1252,?,x5,
1769494498.2607572,RECEIVED,d506322b-a9af-41e9-aacc-7a3089d1f70d,5e308df8-e7fd-4407-9d87-49509b1d0164,c4,DROP,1012,e5,?,
1769494498.42174,RECEIVED,43d3ea39-57f4-4985-a5e7-9f38e20f5092,bc707923-cb6d-4d42-a648-30a400fb8a80,c4,c5,1784,e2,?,
1769494498.5476568,SENT,d506322b-a9af-41e9-aacc-7a3089d1f70d,5e308df8-e7fd-4407-9d87-49509b1d0164,c4,DROP,687,?,x6,
1769494498.5476964,FORWARDED,d506322b-a9af-41e9-aacc-7a3089d1f70d,5e308df8-e7fd-4407-9d87-49509b1d0164,c4,DROP,687,?,x6,
1769494498.5769079,SENT,bb29e698-15bf-46a3-97bb-23cdccf9101f,28892d61-2224-4906-b9cc-4f036361e8e0,c1,DROP,689,?,x8,
1769494498.5769475,FORWARDED,bb29e698-15bf-46a3-97bb-23cdccf9101f,28892d61-2224-4906-b9cc-4f036361e8e0,c1,DROP,689,?,x8,
1769494498.605592,RECEIVED,01e5cc62-43de-4c03-abea-f44674fb0032,f66d0a28-52e7-4dc3-a531-4d7044cd9225,c2,DROP,1011,e6,?,
1769494498.6118963,RECEIVED,04542b3f-5fd9-4fbd-96eb-d18f20221c58,c0afc02f-ba4a-4911-8b63-41979cde062d,c4,DROP,1012,e5,?,
1769494498.6797278,SENT,04542b3f-5fd9-4fbd-96eb-d18f20221c58,c0afc02f-ba4a-4911-8b63-41979cde062d,c4,DROP,685,?,x3,
1769494498.6797652,FORWARDED,04542b3f-5fd9-4fbd-96eb-d18f20221c58,c0afc02f-ba4a-4911-8b63-41979cde062d,c4,DROP,685,?,x3,
1769494498.6928465,SENT,4a4a4b4b-5e05-40d0-b165-8a9003c89825,ad7aecf3-f96d-4a97-a902-ef6c0579a7a9,c1,DROP,684,?,x9,
1769494498.6928868,FORWARDED,4a4a4b4b-5e05-40d0-b165-8a9003c89825,ad7aecf3-f96d-4a97-a902-ef6c0579a7a9,c1,DROP,684,?,x9,
1769494498.8319612,RECEIVED,e89674bd-40f1-40ee-b7c1-08787c42d684,2864e36e-021d-40ab-8e5b-33c320bbc463,c2,c3,1780,e9,?,
1769494499.0840094,SENT,e89674bd-40f1-40ee-b7c1-08787c42d684,2864e36e-021d-40ab-8e5b-33c320bbc463,c2,c3,1263,?,x12,
1769494499.0840452,FORWARDED,e89674bd-40f1-40ee-b7c1-08787c42d684,2864e36e-021d-40ab-8e5b-33c320bbc463,c2,c3,1263,?,x12,
1769494499.2247813,SENT,3ab14ef8-9149-4383-a3e2-0708e8b1ace0,3009a7f5-3a09-4c5e-9f71-7d7ff9893fe2,c4,c5,1267,?,x6,
1769494499.2248209,FORWARDED,3ab14ef8-9149-4383-a3e2-0708e8b1ace0,3009a7f5-3a09-4c5e-9f71-7d7ff9893fe2,c4,c5,1267,?,x6,
1769494499.2554026,RECEIVED,18fd45fe-9a6a-496c-ab8e-d5dac5b9c52f,483a1a35-d99d-48f6-bee8-69baf72c031c,c5,DROP,446,x1,?,
1769494499.2641516,RECEIVED,ca9efe87-1830-46a7-8ca8-8bdbbb6d6124,973eee9d-83bf-46d6-b296-43b3211f03a6,c3,c5,1779,e11,?,
1769494499.286897,RECEIVED,d18e28f4-d7ea-42b7-83d7-1322a1c6728a,b9c70aaa-d75a-49cd-aac7-4f964f0f51f1,c4,DROP,442,x6,?,
1769494499.416186,SENT,43d3ea39-57f4-4985-a5e7-9f38e20f5092,bc707923-cb6d-4d42-a648-30a400fb8a80,c4,c5,1264,?,x11,
1769494499.4162288,FORWARDED,43d3ea39-57f4-4985-a5e7-9f38e20f5092,bc707923-cb6d-4d42-a648-30a400fb8a80,c4,c5,1264,?,x11,
1769494499.4493494,RECEIVED,5cc3e840-a1f7-47b4-ac27-77064e3446f1,d2485e49-f8c2-4751-9696-4adb7b86bb71,c1,DROP,1015,e7,?,
1769494499.672983,SENT,01e5cc62-43de-4c03-abea-f44674fb0032,f66d0a28-52e7-4dc3-a531-4d7044cd9225,c2,DROP,687,?,x7,
1769494499.67302,FORWARDED,01e5cc62-43de-4c03-abea-f44674fb0032,f66d0a28-52e7-4dc3-a531-4d7044cd9225,c2,DROP,687,?,x7,
1769494499.8538494,RECEIVED,3834761a-24c2-440e-ad51-99d9be41000f,61138083-43e8-41b4-ab5d-5ac65a9905ab,c3,DROP,1020,e10,?,
1769494499.903951,RECEIVED,d27b4d35-0dcc-45cc-aa35-e16b5da8582d,6f5cb3ea-453f-46b0-ac0a-fa1b2d6e7881,c3,DROP,1007,e9,?,
1769494500.060332,RECEIVED,0bf4c2f7-1d43-4911-8389-9e41a65adcec,442c8cfc-3743-43ed-af81-e5071c2aea3d,c4,DROP,1020,e12,?,
1769494500.0928528,RECEIVED,b0e76d79-3161-4272-9937-64181b419d3a,d6fafcd7-7d13-41ee-a185-9c71f23f25e3,c4,DROP,1006,e1,?,
1769494500.1505497,RECEIVED,44b57334-43b7-429c-a9e5-dd5ac7212117,dcde5919-e591-419c-92d2-31f51d28f616,c4,DROP,1004,e2,?,
1769494500.2756681,RECEIVED,66916330-bb8c-4f89-b724-4dc0ab129bb9,570bd7c4-2fc3-40eb-84c8-248fa611740d,c2,DROP,1009,e1,?,
1769494500.2864256,RECEIVED,24bd59a4-4374-4470-aad7-e7395eedea0a,3535c74b-daea-4151-a611-d14e5941b1e7,c3,c5,1772,e9,?,
1769494500.3318715,SENT,d27b4d35-0dcc-45cc-aa35-e16b5da8582d,6f5cb3ea-453f-46b0-ac0a-fa1b2d6e7881,c3,DROP,683,?,x5,
1769494500.3319128,FORWARDED,d27b4d35-0dcc-45cc-aa35-e16b5da8582d,6f5cb3ea-453f-46b0-ac0a-fa1b2d6e7881,c3,DROP,683,?,x5,
1769494500.4833875,RECEIVED,d6cab8bf-97b9-4034-93c0-c20a44ee298c,3b120913-2262-47e0-bd04-8945436db4c9,c5,DROP,1011,e7,?,
1769494500.5176287,SENT,3834761a-24c2-440e-ad51-99d9be41000f,61138083-43e8-41b4-ab5d-5ac65a9905ab,c3,DROP,693,?,x10,
1769494500.5176673,FORWARDED,3834761a-24c2-440e-ad51-99d9be41000f,61138083-43e8-41b4-ab5d-5ac65a9905ab,c3,DROP,693,?,x10,
1769494500.540257,SENT,24bd59a4-4374-4470-aad7-e7395eedea0a,3535c74b-daea-4151-a611-d14e5941b1e7,c3,c5,1255,?,x7,
1769494500.5402966,FORWARDED,24bd59a4-4374-4470-aad7-e7395eedea0a,3535c74b-daea-4151-a611-d14e5941b1e7,c3,c5,1255,?,x7,
1769494500.5646033,SENT,b0e76d79-3161-4272-9937-64181b419d3a,d6fafcd7-7d13-41ee-a185-9c71f23f25e3,c4,DROP,684,?,x8,
1769494500.5646462,FORWARDED,b0e76d79-3161-4272-9937-64181b419d3a,d6fafcd7-7d13-41ee-a185-9c71f23f25e3,c4,DROP,684,?,x8,
1769494500.5649602,RECEIVED,278c0362-1503-4083-9419-87b8858b7bfe,75ec652f-9cbf-43a1-a563-ac0b08243aa1,c3,DROP,1020,e11,?,
1769494500.6307936,SENT,ca9efe87-1830-46a7-8ca8-8bdbbb6d6124,973eee9d-83bf-46d6-b296-43b3211f03a6,c3,c5,1263,?,x2,
1769494500.6308331,FORWARDED,ca9efe87-1830-46a7-8ca8-8bdbbb6d6124,973eee9d-83bf-46d6-b296-43b3211f03a6,c3,c5,1263,?,x2,
1769494500.6992831,RECEIVED,b0cedeb1-e652-4c92-a503-2d6e55d70fd1,1a20aa0e-0846-438f-ae94-b8403bcb2308,c4,c5,1763,e1,?,
1769494500.7305944,SENT,5cc3e840-a1f7-47b4-ac27-77064e3446f1,d2485e49-f8c2-4751-9696-4adb7b86bb71,c1,DROP,689,?,x1,
1769494500.73063,FORWARDED,5cc3e840-a1f7-47b4-ac27-77064e3446f1,d2485e49-f8c2-4751-9696-4adb7b86bb71,c1,DROP,689,?,x1,
1769494500.7501752,SENT,66916330-bb8c-4f89-b724-4dc0ab129bb9,570bd7c4-2fc3-40eb-84c8-248fa611740d,c2,DROP,684,?,x11,
1769494500.750928,FORWARDED,66916330-bb8c-4f89-b724-4dc0ab129bb9,570bd7c4-2fc3-40eb-84c8-248fa611740d,c2,DROP,684,?,x11,
1769494500.7684944,SENT,278c0362-1503-4083-9419-87b8858b7bfe,75ec652f-9cbf-43a1-a563-ac0b08243aa1,c3,DROP,691,?,x9,
1769494500.768533,FORWARDED,278c0362-1503-4083-9419-87b8858b7bfe,75ec652f-9cbf-43a1-a563-ac0b08243aa1,c3,DROP,691,?,x9,
1769494500.8137095,SENT,44b57334-43b7-429c-a9e5-dd5ac7212117,dcde5919-e591-419c-92d2-31f51d28f616,c4,DROP,679,?,x10,
1769494500.8137481,FORWARDED,44b57334-43b7-429c-a9e5-dd5ac7212117,dcde5919-e591-419c-92d2-31f51d28f616,c4,DROP,679,?,x10,
1769494501.0188532,RECEIVED,4fb03a1a-c1e0-4139-9450-bdb275a0cf31,50d356e9-6d05-4863-8034-f65aa7c7a7ce,c5,DROP,1021,e8,?,
1769494501.0955908,SENT,d6cab8bf-97b9-4034-93c0-c20a44ee298c,3b120913-2262-47e0-bd04-8945436db4c9,c5,DROP,686,?,x7,
1769494501.0956311,FORWARDED,d6cab8bf-97b9-4034-93c0-c20a44ee298c,3b120913-2262-47e0-bd04-8945436db4c9,c5,DROP,686,?,x7,
1769494501.0975242,RECEIVED,8e01dbb9-c0e0-41fd-ae8c-ecd41d4575ad,fcaeba8a-d9bc-4814-9924-1696c48968bd,c5,DROP,1008,e6,?,
1769494501.144184,RECEIVED,08e96ff1-242a-406d-a8fe-e96e87767e92,ec102ac6-5950-4b20-959d-642a13c3c1d0,c1,DROP,1020,e5,?,
1769494501.2389066,SENT,8e01dbb9-c0e0-41fd-ae8c-ecd41d4575ad,fcaeba8a-d9bc-4814-9924-1696c48968bd,c5,DROP,683,?,x5,
1769494501.2389452,FORWARDED,8e01dbb9-c0e0-41fd-ae8c-ecd41d4575ad,fcaeba8a-d9bc-4814-9924-1696c48968bd,c5,DROP,683,?,x5,
1769494501.4138937,SENT,4fb03a1a-c1e0-4139-9450-bdb275a0cf31,50d356e9-6d05-4863-8034-f65aa7c7a7ce,c5,DROP,693,?,x10,
1769494501.4139338,FORWARDED,4fb03a1a-c1e0-4139-9450-bdb275a0cf31,50d356e9-6d05-4863-8034-f65aa7c7a7ce,c5,DROP,693,?,x10,
1769494501.4205935,SENT,b0cedeb1-e652-4c92-a503-2d6e55d70fd1,1a20aa0e-0846-438f-ae94-b8403bcb2308,c4,c5,1251,?,x8,
1769494501.4206328,FORWARDED,b0cedeb1-e652-4c92-a503-2d6e55d70fd1,1a20aa0e-0846-438f-ae94-b8403bcb2308,c4,c5,1251,?,x8,
1769494501.4608705,RECEIVED,702ea948-03af-4999-8fea-dbbd15c8fef6,99cd7c08-87c9-4ff0-be0e-07ca301dd700,c5,DROP,1020,e11,?,
1769494501.4864125,RECEIVED,1c7e10d0-97e3-4269-ae5d-e65464d34969,b188845d-f315-4b55-aa93-2f3f61368504,c3,DROP,1007,e9,?,
1769494501.5209825,RECEIVED,d63b7c16-a15d-4081-8f53-bde9bcc0acab,7314895d-dbb0-47f5-b62f-88427cf7c741,c3,DROP,1012,e2,?,
1769494501.624659,SENT,702ea948-03af-4999-8fea-dbbd15c8fef6,99cd7c08-87c9-4ff0-be0e-07ca301dd700,c5,DROP,692,?,x3,
1769494501.6246994,FORWARDED,702ea948-03af-4999-8fea-dbbd15c8fef6,99cd7c08-87c9-4ff0-be0e-07ca301dd700,c5,DROP,692,?,x3,
1769494501.6349566,RECEIVED,f7444ccb-9f26-4c5b-ad50-53e7ac5a02c0,29d982dc-a0b0-4f0b-93a1-43b8c8e9f5dc,c5,DROP,1020,e6,?,
1769494501.7848089,SENT,d63b7c16-a15d-4081-8f53-bde9bcc0acab,7314895d-dbb0-47f5-b62f-88427cf7c741,c3,DROP,687,?,x5,
1769494501.784848,FORWARDED,d63b7c16-a15d-4081-8f53-bde9bcc0acab,7314895d-dbb0-47f5-b62f-88427cf7c741,c3,DROP,687,?,x5,
1769494501.8750618,RECEIVED,32ad94fe-7d4a-4a6b-a1cf-49df72d53137,f6c21356-0298-4f1d-9475-89671b994822,c3,DROP,446,x10,?,
1769494502.1613734,SENT,f7444ccb-9f26-4c5b-ad50-53e7ac5a02c0,29d982dc-a0b0-4f0b-93a1-43b8c8e9f5dc,c5,DROP,691,?,x11,
1769494502.161414,FORWARDED,f7444ccb-9f26-4c5b-ad50-53e7ac5a02c0,29d982dc-a0b0-4f0b-93a1-43b8c8e9f5dc,c5,DROP,691,?,x11,
1769494502.1645017,RECEIVED,04a62d68-8772-48be-a456-dde909480952,124a06db-3646-4786-bcab-ba446cdeae7e,c5,DROP,1013,e4,?,
1769494502.1923869,SENT,08e96ff1-242a-406d-a8fe-e96e87767e92,ec102ac6-5950-4b20-959d-642a13c3c1d0,c1,DROP,693,?,x10,
1769494502.192426,FORWARDED,08e96ff1-242a-406d-a8fe-e96e87767e92,ec102ac6-5950-4b20-959d-642a13c3c1d0,c1,DROP,693,?,x10,
1769494502.217561,RECEIVED,f6d40479-8774-4f13-bc36-68546e1ce43b,e13a14f3-db99-44be-9ffb-b8fe35c90a15,c5,DROP,1017,e4,?,
1769494502.260126,SENT,04a62d68-8772-48be-a456-dde909480952,124a06db-3646-4786-bcab-ba446cdeae7e,c5,DROP,687,?,x11,
1769494502.2601805,FORWARDED,04a62d68-8772-48be-a456-dde909480952,124a06db-3646-4786-bcab-ba446cdeae7e,c5,DROP,687,?,x11,
1769494502.2826936,RECEIVED,4c468192-3ec8-4c02-a1d9-33728957f1e8,5a6ade63-9eb1-4aa3-a5b5-8ffecd506e1b,c5,DROP,441,x6,?,
1769494502.5321739,RECEIVED,b0c9d25c-6767-4aba-bc5d-beafc2cbcc47,5368ba3b-0480-4556-9719-4c8d7c9e2ee4,c5,DROP,1019,e11,?,
1769494502.6028903,RECEIVED,fa05c969-a981-4155-afe7-545a96d980fe,429d9297-334a-41a0-86a8-1e819191ca1e,c5,DROP,446,x10,?,
1769494502.696685,SENT,f6d40479-8774-4f13-bc36-68546e1ce43b,e13a14f3-db99-44be-9ffb-b8fe35c90a15,c5,DROP,688,?,x11,
1769494502.6967244,FORWARDED,f6d40479-8774-4f13-bc36-68546e1ce43b,e13a14f3-db99-44be-9ffb-b8fe35c90a15,c5,DROP,688,?,x11,
1769494502.7729273,SENT,0bf4c2f7-1d43-4911-8389-9e41a65adcec,442c8cfc-3743-43ed-af81-e5071c2aea3d,c4,DROP,691,?,x10,
1769494502.7729676,FORWARDED,0bf4c2f7-1d43-4911-8389-9e41a65adcec,442c8cfc-3743-43ed-af81-e5071c2aea3d,c4,DROP,691,?,x10,
1769494502.9125655,RECEIVED,a72075f4-7c5f-48d0-aca1-2a21f47770ea,b28cff07-0e0c-4234-861d-d9a9dc64ca42,c1,DROP,445,x10,?,
1769494502.9571533,RECEIVED,021a8700-4d17-40e0-b2b5-a2e5ad7127d1,6ed06bb9-791e-47ac-980b-7e96f4a2c03e,c4,DROP,1016,e10,?,
1769494502.9887495,SENT,b0c9d25c-6767-4aba-bc5d-beafc2cbcc47,5368ba3b-0480-4556-9719-4c8d7c9e2ee4,c5,DROP,691,?,x1,
1769494502.9889226,FORWARDED,b0c9d25c-6767-4aba-bc5d-beafc2cbcc47,5368ba3b-0480-4556-9719-4c8d7c9e2ee4,c5,DROP,691,?,x1,
1769494503.023644,SENT,021a8700-4d17-40e0-b2b5-a2e5ad7127d1,6ed06bb9-791e-47ac-980b-7e96f4a2c03e,c4,DROP,689,?,x7,
1769494503.0236852,FORWARDED,021a8700-4d17-40e0-b2b5-a2e5ad7127d1,6ed06bb9-791e-47ac-980b-7e96f4a2c03e,c4,DROP,689,?,x7,
1769494503.2546022,SENT,1c7e10d0-97e3-4269-ae5d-e65464d34969,b188845d-f315-4b55-aa93-2f3f61368504,c3,DROP,683,?,x9,
1769494503.2546375,FORWARDED,1c7e10d0-97e3-4269-ae5d-e65464d34969,b188845d-f315-4b55-aa93-2f3f61368504,c3,DROP,683,?,x9,
1769494503.301035,RECEIVED,2bd3fe24-ac9c-49d5-9dcb-55e19e0b99d1,f7c7174f-04cf-4f77-8641-a3aedaf3fb04,c2,DROP,1015,e3,?,
1769494503.3289938,RECEIVED,b4bfbc3e-8a4c-46a5-abb0-7862fee89b9e,b11ee997-7c4d-4cc0-a39e-7e9f572d8056,c5,DROP,1003,e8,?,
1769494503.3421552,RECEIVED,06e78eba-fe95-414d-80eb-2a976a8aaae7,162e0040-1355-40a8-914b-ec655550cc36,c5,DROP,1008,e9,?,
1769494503.402562,SENT,2bd3fe24-ac9c-49d5-9dcb-55e19e0b99d1,f7c7174f-04cf-4f77-8641-a3aedaf3fb04,c2,DROP,688,?,x12,
1769494503.402601,FORWARDED,2bd3fe24-ac9c-49d5-9dcb-55e19e0b99d1,f7c7174f-04cf-4f77-8641-a3aedaf3fb04,c2,DROP,688,?,x12,
1769494503.746451,SENT,06e78eba-fe95-414d-80eb-2a976a8aaae7,162e0040-1355-40a8-914b-ec655550cc36,c5,DROP,684,?,x3,
1769494503.7464936,FORWARDED,06e78eba-fe95-414d-80eb-2a976a8aaae7,162e0040-1355-40a8-914b-ec655550cc36,c5,DROP,684,?,x3,
1769494503.8091576,RECEIVED,dffe2b21-d8c7-4524-83a1-2fdccbb72d7e,f6c98b1e-bfcb-4fda-a388-4a4e7fe0164e,c1,DROP,1014,e9,?,
1769494503.813139,RECEIVED,62157fd6-a399-45e9-b3ee-692c3bf4c372,3d448db7-6dcd-4a4d-804f-70bdbbc201e0,c2,DROP,1010,e2,?,
1769494503.8260667,RECEIVED,8b67d39d-0305-4bf0-8972-6d8043aad667,04cb9515-b0f6-4fe5-b701-c7a5d4fe9b8f,c5,DROP,1020,e12,?,
1769494503.8668692,RECEIVED,5bc95a8f-0259-4447-ae49-30a7a847af8f,337f2099-e272-401f-ab6a-83aaa760120d,c2,DROP,1019,e11,?,
1769494503.9307213,SENT,dffe2b21-d8c7-4524-83a1-2fdccbb72d7e,f6c98b1e-bfcb-4fda-a388-4a4e7fe0164e,c1,DROP,688,?,x2,
1769494503.9307623,FORWARDED,dffe2b21-d8c7-4524-83a1-2fdccbb72d7e,f6c98b1e-bfcb-4fda-a388-4a4e7fe0164e,c1,DROP,688,?,x2,
1769494503.9491925,SENT,b4bfbc3e-8a4c-46a5-abb0-7862fee89b9e,b11ee997-7c4d-4cc0-a39e-7e9f572d8056,c5,DROP,681,?,x9,
1769494503.9492414,FORWARDED,b4bfbc3e-8a4c-46a5-abb0-7862fee89b9e,b11ee997-7c4d-4cc0-a39e-7e9f572d8056,c5,DROP,681,?,x9,
1769494503.9603295,RECEIVED,ee40539b-efd5-42da-9db5-517420a9c3de,f48e6535-9b86-4096-9513-f10bec647887,c3,DROP,445,x11,?,
1769494504.1798263,SENT,8b67d39d-0305-4bf0-8972-6d8043aad667,04cb9515-b0f6-4fe5-b701-c7a5d4fe9b8f,c5,DROP,691,?,x8,
1769494504.1798646,FORWARDED,8b67d39d-0305-4bf0-8972-6d8043aad667,04cb9515-b0f6-4fe5-b701-c7a5d4fe9b8f,c5,DROP,691,?,x8,
1769494504.225545,RECEIVED,b32d407b-3c0a-4f06-b77f-dace636e4bd2,336ab021-a2c3-4f4f-9daa-670b8b113439,c5,DROP,1017,e11,?,
1769494504.285376,SENT,b32d407b-3c0a-4f06-b77f-dace636e4bd2,336ab021-a2c3-4f4f-9daa-670b8b113439,c5,DROP,688,?,x6,
1769494504.2854152,FORWARDED,b32d407b-3c0a-4f06-b77f-dace636e4bd2,336ab021-a2c3-4f4f-9daa-670b8b113439,c5,DROP,688,?,x6,
1769494504.3191888,RECEIVED,85cbca7d-d74f-45de-89cf-9456d52ef44d,d536dd74-ab06-417a-be2e-1a8cb12bbb87,c2,DROP,1012,e8,?,
1769494504.3430197,RECEIVED,5fbbdb78-f16a-4a6f-9f25-7d7084ac501b,dab29708-dca7-43ee-8056-d674a4c35e51,c2,DROP,441,x2,?,
1769494504.424402,RECEIVED,c9da1948-0973-4a78-aede-82da78f83506,cc8d82b0-f409-4751-8787-3e6593184129,c2,DROP,1007,e4,?,
1769494504.54456,SENT,62157fd6-a399-45e9-b3ee-692c3bf4c372,3d448db7-6dcd-4a4d-804f-70bdbbc201e0,c2,DROP,687,?,x7,
1769494504.5445988,FORWARDED,62157fd6-a399-45e9-b3ee-692c3bf4c372,3d448db7-6dcd-4a4d-804f-70bdbbc201e0,c2,DROP,687,?,x7,
1769494504.6105154,RECEIVED,2861ef34-6654-4a84-a4c7-7e96c49584a7,b9039dfc-e1f8-44e7-940c-f07bb48277e3,c3,DROP,443,x8,?,
1769494504.6575458,RECEIVED,3ce7a66c-aa5d-4d0d-87a2-b48bc9639f2a,1c3963ad-48a0-4d35-a149-42f867997960,c1,DROP,1020,e11,?,
1769494504.6705642,RECEIVED,49ac1fb9-31af-4664-8dcc-5a5ce1ad536e,4cd28d17-858c-4b41-a223-45f8abe14393,c1,DROP,441,x4,?,
1769494504.6911304,SENT,85cbca7d-d74f-45de-89cf-9456d52ef44d,d536dd74-ab06-417a-be2e-1a8cb12bbb87,c2,DROP,687,?,x2,
1769494504.691169,FORWARDED,85cbca7d-d74f-45de-89cf-9456d52ef44d,d536dd74-ab06-417a-be2e-1a8cb12bbb87,c2,DROP,687,?,x2,
1769494504.7339118,RECEIVED,39190396-bce7-4c14-9b8c-2f826d415960,cd80e53e-0df8-4536-aaba-1c57a5047fad,c4,DROP,1019,e3,?,
1769494504.7591236,SENT,3ce7a66c-aa5d-4d0d-87a2-b48bc9639f2a,1c3963ad-48a0-4d35-a149-42f867997960,c1,DROP,691,?,x1,
1769494504.7591653,FORWARDED,3ce7a66c-aa5d-4d0d-87a2-b48bc9639f2a,1c3963ad-48a0-4d35-a149-42f867997960,c1,DROP,691,?,x1,
1769494504.813905,RECEIVED,84e6fc40-abee-46ea-b1b7-ff0d9f2562a4,a355447a-fb7e-45e2-ab1b-36e6f2e98f55,c3,DROP,1016,e9,?,
1769494504.9047008,RECEIVED,ad951adf-5c50-44c6-b22c-ff3bc786091a,177b9d56-824d-473a-8570-27f746684595,c1,DROP,1008,e9,?,
1769494504.9651911,RECEIVED,b2d257fc-817a-4781-9484-512cb6f5b001,6d79241a-3053-49cc-9950-092c39f61040,c5,DROP,1017,e9,?,
1769494505.0670912,SENT,b2d257fc-817a-4781-9484-512cb6f5b001,6d79241a-3053-49cc-9950-092c39f61040,c5,DROP,690,?,x11,
1769494505.0671365,FORWARDED,b2d257fc-817a-4781-9484-512cb6f5b001,6d79241a-3053-49cc-9950-092c39f61040,c5,DROP,690,?,x11,
1769494505.0746734,SENT,5bc95a8f-0259-4447-ae49-30a7a847af8f,337f2099-e272-401f-ab6a-83aaa760120d,c2,DROP,693,?,x3,
1769494505.0747185,FORWARDED,5bc95a8f-0259-4447-ae49-30a7a847af8f,337f2099-e272-401f-ab6a-83aaa760120d,c2,DROP,693,?,x3,
1769494505.076698,SENT,c9da1948-0973-4a78-aede-82da78f83506,cc8d82b0-f409-4751-8787-3e6593184129,c2,DROP,683,?,x2,
1769494505.0767379,FORWARDED,c9da1948-0973-4a78-aede-82da78f83506,cc8d82b0-f409-4751-8787-3e6593184129,c2,DROP,683,?,x2,
1769494505.1001406,SENT,ad951adf-5c50-44c6-b22c-ff3bc786091a,177b9d56-824d-473a-8570-27f746684595,c1,DROP,683,?,x9,
1769494505.1001816,FORWARDED,ad951adf-5c50-44c6-b22c-ff3bc786091a,177b9d56-824d-473a-8570-27f746684595,c1,DROP,683,?,x9,
1769494505.1252189,RECEIVED,fe859c04-df97-4a4b-8f2a-b5d6a11cb14f,b99e480f-5d41-4640-a9e7-49ccef7357d6,c2,DROP,1006,e7,?,
1769494505.5400827,RECEIVED,9aba8f59-b724-4f17-9bae-00214f7f7816,12a1f96c-9812-4ccc-b3d3-da6421382ebf,c1,DROP,1020,e11,?,
1769494505.6133726,SENT,84e6fc40-abee-46ea-b1b7-ff0d9f2562a4,a355447a-fb7e-45e2-ab1b-36e6f2e98f55,c3,DROP,689,?,x12,
1769494505.6134183,FORWARDED,84e6fc40-abee-46ea-b1b7-ff0d9f2562a4,a355447a-fb7e-45e2-ab1b-36e6f2e98f55,c3,DROP,689,?,x12,
1769494505.7921038,SENT,fe859c04-df97-4a4b-8f2a-b5d6a11cb14f,b99e480f-5d41-4640-a9e7-49ccef7357d6,c2,DROP,683,?,x4,
1769494505.792145,FORWARDED,fe859c04-df97-4a4b-8f2a-b5d6a11cb14f,b99e480f-5d41-4640-a9e7-49ccef7357d6,c2,DROP,683,?,x4,
1769494505.8177226,SENT,9aba8f59-b724-4f17-9bae-00214f7f7816,12a1f96c-9812-4ccc-b3d3-da6421382ebf,c1,DROP,692,?,x10,
1769494505.817761,FORWARDED,9aba8f59-b724-4f17-9bae-00214f7f7816,12a1f96c-9812-4ccc-b3d3-da6421382ebf,c1,DROP,692,?,x10,
1769494506.0600572,RECEIVED,590ead89-bc41-4749-8f96-963adbb5ea8d,0e124710-872a-4e05-a145-4be3bec3e75d,c5,DROP,1015,e10,?,
1769494506.3827715,RECEIVED,f4ed34b4-639d-415d-871a-758a84d12320,0e174c70-108b-4fd7-ad6e-2247eeceb725,c3,DROP,1020,e10,?,
1769494506.3919938,SENT,590ead89-bc41-4749-8f96-963adbb5ea8d,0e124710-872a-4e05-a145-4be3bec3e75d,c5,DROP,688,?,x9,
1769494506.3920338,FORWARDED,590ead89-bc41-4749-8f96-963adbb5ea8d,0e124710-872a-4e05-a145-4be3bec3e75d,c5,DROP,688,?,x9,
1769494506.619293,RECEIVED,6e8669a9-816e-4f47-a415-9f1e7ec3c03c,fb5f901f-0d34-4269-a230-e8676700ab26,c3,DROP,441,x3,?,
1769494506.6633906,SENT,39190396-bce7-4c14-9b8c-2f826d415960,cd80e53e-0df8-4536-aaba-1c57a5047fad,c4,DROP,693,?,x7,
1769494506.6634293,FORWARDED,39190396-bce7-4c14-9b8c-2f826d415960,cd80e53e-0df8-4536-aaba-1c57a5047fad,c4,DROP,693,?,x7,
1769494506.669788,RECEIVED,e8295b8e-4dbb-4ae8-8492-a644e9e13ed3,e799f5cf-f1ba-4977-9d6c-19ca8906f45a,c2,c3,1771,e1,?,
1769494506.7981002,RECEIVED,6c1892da-335e-4bc2-a35b-fa654c43618f,672b5942-3340-4c32-a750-104870ae6ffb,c5,c2,1779,e3,?,
1769494506.8034058,SENT,f4ed34b4-639d-415d-871a-758a84d12320,0e174c70-108b-4fd7-ad6e-2247eeceb725,c3,DROP,692,?,x9,
1769494506.8034468,FORWARDED,f4ed34b4-639d-415d-871a-758a84d12320,0e174c70-108b-4fd7-ad6e-2247eeceb725,c3,DROP,692,?,x9,
1769494507.1807709,SENT,6c1892da-335e-4bc2-a35b-fa654c43618f,672b5942-3340-4c32-a750-104870ae6ffb,c5,c2,1263,?,x4,
1769494507.180812,FORWARDED,6c1892da-335e-4bc2-a35b-fa654c43618f,672b5942-3340-4c32-a750-104870ae6ffb,c5,c2,1263,?,x4,
1769494507.3053641,SENT,e8295b8e-4dbb-4ae8-8492-a644e9e13ed3,e799f5cf-f1ba-4977-9d6c-19ca8906f45a,c2,c3,1256,?,x5,
1769494507.3054059,FORWARDED,e8295b8e-4dbb-4ae8-8492-a644e9e13ed3,e799f5cf-f1ba-4977-9d6c-19ca8906f45a,c2,c3,1256,?,x5,
1769494507.4418926,RECEIVED,302c79ed-b9dc-432b-b12b-766e38c4f17f,9e23c619-45a7-4dd7-af8a-3a649ecf2e38,c3,c5,1784,e5,?,
1769494507.5060964,RECEIVED,b75d8253-bfd0-40e4-abb4-bcfa6167f163,e1f2627e-18ac-4801-b44f-d47fada381f3,c2,DROP,441,x5,?,
1769494507.5128522,RECEIVED,bbf0b499-cc8b-4d4c-8100-e44fd3a52190,91d94a1b-566e-4779-9a29-72e0842211d3,c2,c3,1768,e3,?,
1769494507.606917,SENT,bbf0b499-cc8b-4d4c-8100-e44fd3a52190,91d94a1b-566e-4779-9a29-72e0842211d3,c2,c3,1254,?,x4,
1769494507.6069553,FORWARDED,bbf0b499-cc8b-4d4c-8100-e44fd3a52190,91d94a1b-566e-4779-9a29-72e0842211d3,c2,c3,1254,?,x4,
1769494507.6644003,RECEIVED,c923a456-ba11-4a78-bbc8-29da504be91d,97b5d0d7-3f14-4566-b5ac-cb44e7951267,c5,DROP,441,x3,?,
1769494507.67322,RECEIVED,faf73fa7-fce1-457a-b7b2-b9befa0f82ba,1e3ca53b-8799-45e3-a4ef-685e2181a1b0,c4,DROP,1007,e8,?,
1769494507.754545,RECEIVED,87ed8270-95d9-4b71-9012-21cd006831b4,51b556f4-4649-451a-863b-f9e85f98c59a,c2,DROP,1012,e7,?,
1769494507.9539762,SENT,87ed8270-95d9-4b71-9012-21cd006831b4,51b556f4-4649-451a-863b-f9e85f98c59a,c2,DROP,686,?,x4,
1769494507.954015,FORWARDED,87ed8270-95d9-4b71-9012-21cd006831b4,51b556f4-4649-451a-863b-f9e85f98c59a,c2,DROP,686,?,x4,
1769494508.104452,SENT,302c79ed-b9dc-432b-b12b-766e38c4f17f,9e23c619-45a7-4dd7-af8a-3a649ecf2e38,c3,c5,1264,?,x11,
1769494508.1044924,FORWARDED,302c79ed-b9dc-432b-b12b-766e38c4f17f,9e23c619-45a7-4dd7-af8a-3a649ecf2e38,c3,c5,1264,?,x11,
1769494508.197024,RECEIVED,ceb4385e-b873-48a0-a3f9-15858e55967a,dcc46891-482e-4b9a-9f45-53cde1917ef7,c1,c5,1778,e2,?,
1769494508.3253758,SENT,faf73fa7-fce1-457a-b7b2-b9befa0f82ba,1e3ca53b-8799-45e3-a4ef-685e2181a1b0,c4,DROP,683,?,x4,
1769494508.3254125,FORWARDED,faf73fa7-fce1-457a-b7b2-b9befa0f82ba,1e3ca53b-8799-45e3-a4ef-685e2181a1b0,c4,DROP,683,?,x4,
1769494508.4655516,RECEIVED,5ab0658c-79e7-4f60-ab11-99b2d5dc96d0,ef924101-9d83-4589-9041-fbe9e9d2bb0c,c1,DROP,1009,e4,?,
1769494508.5266325,SENT,5ab0658c-79e7-4f60-ab11-99b2d5dc96d0,ef924101-9d83-4589-9041-fbe9e9d2bb0c,c1,DROP,682,?,x5,
1769494508.5266736,FORWARDED,5ab0658c-79e7-4f60-ab11-99b2d5dc96d0,ef924101-9d83-4589-9041-fbe9e9d2bb0c,c1,DROP,682,?,x5,
1769494508.6269557,RECEIVED,89e1d647-62f0-4f90-aaad-5569473628c7,c268ab09-0f9f-4711-af90-8383e38c7e71,c4,DROP,1008,e6,?,
1769494508.6848261,RECEIVED,f54ce811-f32a-4271-87fb-e7d05c586f68,f9600833-c686-4bda-9feb-42c309d1f190,c3,DROP,1021,e10,?,
1769494508.6976056,RECEIVED,be0b3709-231a-49a1-9cd2-3f669c3d7ed0,53b32f87-8cb1-4908-94c0-eca4b792d9fb,c1,DROP,1020,e4,?,
1769494508.7854002,SENT,f54ce811-f32a-4271-87fb-e7d05c586f68,f9600833-c686-4bda-9feb-42c309d1f190,c3,DROP,691,?,x10,
1769494508.7854395,FORWARDED,f54ce811-f32a-4271-87fb-e7d05c586f68,f9600833-c686-4bda-9feb-42c309d1f190,c3,DROP,691,?,x10,
1769494508.8754728,RECEIVED,a0dbddd5-601f-4c8a-9bba-a8399d422dd9,4637459c-8f23-4a53-8733-9a431d4bf3de,c1,DROP,1007,e10,?,
1769494508.9821677,SENT,be0b3709-231a-49a1-9cd2-3f669c3d7ed0,53b32f87-8cb1-4908-94c0-eca4b792d9fb,c1,DROP,691,?,x1,
1769494508.9822059,FORWARDED,be0b3709-231a-49a1-9cd2-3f669c3d7ed0,53b32f87-8cb1-4908-94c0-eca4b792d9fb,c1,DROP,691,?,x1,
1769494508.9957325,SENT,89e1d647-62f0-4f90-aaad-5569473628c7,c268ab09-0f9f-4711-af90-8383e38c7e71,c4,DROP,683,?,x7,
1769494508.9957702,FORWARDED,89e1d647-62f0-4f90-aaad-5569473628c7,c268ab09-0f9f-4711-af90-8383e38c7e71,c4,DROP,683,?,x7,
1769494509.1769083,RECEIVED,dcdd546a-29d2-4284-a9e9-e2e2c1b3b0b0,9d0dada3-22fb-458b-aa9e-68d4f6634f71,c3,DROP,440,x4,?,
1769494509.1964293,RECEIVED,cc9abdf9-2652-4671-a778-e9a8bea9f882,69980ccf-7226-484c-921a-d1b8a8698d91,c3,DROP,447,x11,?,
1769494509.2926023,RECEIVED,ed8a399b-e432-49af-b5df-da7af9bd8ff0,71e24bcd-74ad-4d87-8b60-eaf68e5ef5cf,c4,c5,1777,e4,?,
1769494509.293057,RECEIVED,270ad9f1-3174-445c-a024-1e9614f638d5,71176187-cba0-41e8-8892-9bdea12f5fbd,c5,DROP,441,x5,?,
1769494509.345233,RECEIVED,0f655680-6a48-40e7-b815-139f06c491ac,7dc03cc8-1b0f-4b01-a716-81eaee013de1,c5,DROP,1013,e11,?,
1769494509.3985534,SENT,0f655680-6a48-40e7-b815-139f06c491ac,7dc03cc8-1b0f-4b01-a716-81eaee013de1,c5,DROP,687,?,x12,
1769494509.398594,FORWARDED,0f655680-6a48-40e7-b815-139f06c491ac,7dc03cc8-1b0f-4b01-a716-81eaee013de1,c5,DROP,687,?,x12,
1769494509.5027244,SENT,a0dbddd5-601f-4c8a-9bba-a8399d422dd9,4637459c-8f23-4a53-8733-9a431d4bf3de,c1,DROP,684,?,x6,
1769494509.5027654,FORWARDED,a0dbddd5-601f-4c8a-9bba-a8399d422dd9,4637459c-8f23-4a53-8733-9a431d4bf3de,c1,DROP,684,?,x6,
1769494509.6020894,SENT,ceb4385e-b873-48a0-a3f9-15858e55967a,dcc46891-482e-4b9a-9f45-53cde1917ef7,c1,c5,1263,?,x10,
1769494509.6021311,FORWARDED,ceb4385e-b873-48a0-a3f9-15858e55967a,dcc46891-482e-4b9a-9f45-53cde1917ef7,c1,c5,1263,?,x10,
1769494509.6536002,SENT,ed8a399b-e432-49af-b5df-da7af9bd8ff0,71e24bcd-74ad-4d87-8b60-eaf68e5ef5cf,c4,c5,1260,?,x11,
1769494509.6536381,FORWARDED,ed8a399b-e432-49af-b5df-da7af9bd8ff0,71e24bcd-74ad-4d87-8b60-eaf68e5ef5cf,c4,c5,1260,?,x11,
1769494509.9635172,RECEIVED,03253f5e-559c-4ede-accd-1c802ab2ca9a,7931cd2e-eabe-4fd2-8507-ed9e4e92f886,c1,DROP,441,x4,?,
1769494510.1949704,RECEIVED,545ffe1b-c2a8-41f8-bbdd-a33081335700,e25bed4a-6de8-42f9-92e1-efb4f43cdccf,c2,DROP,1008,e4,?,
1769494510.2884736,SENT,545ffe1b-c2a8-41f8-bbdd-a33081335700,e25bed4a-6de8-42f9-92e1-efb4f43cdccf,c2,DROP,683,?,x5,
1769494510.2885134,FORWARDED,545ffe1b-c2a8-41f8-bbdd-a33081335700,e25bed4a-6de8-42f9-92e1-efb4f43cdccf,c2,DROP,683,?,x5,
1769494510.4560785,RECEIVED,93dc700a-ce68-493f-b65b-62ffaa1b78e4,7b309a48-fa0c-490f-b4cd-22843dc2b63d,c2,DROP,1008,e9,?,
1769494510.4853456,RECEIVED,8be2980f-944a-4234-ad0a-2f1257a89f41,aaac2386-fe4f-4a45-b4be-67102926290d,c4,DROP,1008,e4,?,
1769494510.4927316,SENT,93dc700a-ce68-493f-b65b-62ffaa1b78e4,7b309a48-fa0c-490f-b4cd-22843dc2b63d,c2,DROP,684,?,x5,
1769494510.4927726,FORWARDED,93dc700a-ce68-493f-b65b-62ffaa1b78e4,7b309a48-fa0c-490f-b4cd-22843dc2b63d,c2,DROP,684,?,x5,
1769494510.6500852,SENT,8be2980f-944a-4234-ad0a-2f1257a89f41,aaac2386-fe4f-4a45-b4be-67102926290d,c4,DROP,684,?,x2,
1769494510.6501276,FORWARDED,8be2980f-944a-4234-ad0a-2f1257a89f41,aaac2386-fe4f-4a45-b4be-67102926290d,c4,DROP,684,?,x2,
1769494510.679932,RECEIVED,727e3179-1dfe-4726-948a-f6716a47d38f,30356139-07d7-4219-b96f-2b358b2b12d0,c3,DROP,1016,e6,?,
1769494510.7169843,RECEIVED,65d8bff3-fb2c-4b6e-9229-22658d738cbf,aa7027e0-6692-42a7-9a59-a40741e74ef9,c3,DROP,1013,e11,?,
1769494510.783713,SENT,65d8bff3-fb2c-4b6e-9229-22658d738cbf,aa7027e0-6692-42a7-9a59-a40741e74ef9,c3,DROP,687,?,x5,
1769494510.7837527,FORWARDED,65d8bff3-fb2c-4b6e-9229-22658d738cbf,aa7027e0-6692-42a7-9a59-a40741e74ef9,c3,DROP,687,?,x5,
1769494510.7868607,RECEIVED,dc4a91e0-2d1a-4f3e-94a8-a29a37c817c0,0781e828-2d5d-4430-a03f-8ee66ae0c969,c3,DROP,1019,e12,?,
1769494510.8159873,RECEIVED,e481c029-80b6-4060-a845-1f2427ddc3bc,026221a2-1105-4edd-855c-500967be8caa,c3,DROP,442,x4,?,
1769494510.9104025,SENT,727e3179-1dfe-4726-948a-f6716a47d38f,30356139-07d7-4219-b96f-2b358b2b12d0,c3,DROP,688,?,x4,
1769494510.9104424,FORWARDED,727e3179-1dfe-4726-948a-f6716a47d38f,30356139-07d7-4219-b96f-2b358b2b12d0,c3,DROP,688,?,x4,
1769494510.952195,RECEIVED,5e694549-c24f-4190-8a60-9614a8796e21,7cc0d186-9852-439c-9f19-44e5ab64abf3,c5,DROP,1013,e2,?,
1769494511.0165012,RECEIVED,1a38b09f-fc70-4875-9aa3-7d8cecaf6907,342da86f-c9e0-42da-8408-b20d60a56189,c4,DROP,445,x11,?,
1769494511.0173373,SENT,5e694549-c24f-4190-8a60-9614a8796e21,7cc0d186-9852-439c-9f19-44e5ab64abf3,c5,DROP,685,?,x4,
1769494511.0173743,FORWARDED,5e694549-c24f-4190-8a60-9614a8796e21,7cc0d186-9852-439c-9f19-44e5ab64abf3,c5,DROP,685,?,x4,
1769494511.0362744,RECEIVED,223c2512-99c8-4f3f-ad66-584e106fd81f,b7e878f3-1d57-41b0-9458-ebf99a8931e6,c5,DROP,1007,e10,?,
1769494511.0504725,RECEIVED,ca96b489-00fb-4207-8db5-4f632ff22ae3,c7e3d796-0dae-4123-8653-6e2aeb5258a9,c2,c3,1764,e5,?,
1769494511.2516196,SENT,ca96b489-00fb-4207-8db5-4f632ff22ae3,c7e3d796-0dae-4123-8653-6e2aeb5258a9,c2,c3,1251,?,x5,
1769494511.2516599,FORWARDED,ca96b489-00fb-4207-8db5-4f632ff22ae3,c7e3d796-0dae-4123-8653-6e2aeb5258a9,c2,c3,1251,?,x5,
1769494511.254345,RECEIVED,8a2ff6e7-b90b-4094-a5b6-9ea8a2c74a12,98f8a6fe-7d6f-4f99-bcee-46ed0ae5deb5,c3,DROP,1022,e10,?,
1769494511.355221,SENT,8a2ff6e7-b90b-4094-a5b6-9ea8a2c74a12,98f8a6fe-7d6f-4f99-bcee-46ed0ae5deb5,c3,DROP,691,?,x11,
1769494511.3552623,FORWARDED,8a2ff6e7-b90b-4094-a5b6-9ea8a2c74a12,98f8a6fe-7d6f-4f99-bcee-46ed0ae5deb5,c3,DROP,691,?,x11,
1769494511.3707972,RECEIVED,795335ae-9ffc-431d-8472-8298c46316e6,9ea12e8f-e390-4cb0-8010-94599c94cede,c5,c2,1767,e8,?,
1769494511.3874428,SENT,dc4a91e0-2d1a-4f3e-94a8-a29a37c817c0,0781e828-2d5d-4430-a03f-8ee66ae0c969,c3,DROP,692,?,x11,
1769494511.387485,FORWARDED,dc4a91e0-2d1a-4f3e-94a8-a29a37c817c0,0781e828-2d5d-4430-a03f-8ee66ae0c969,c3,DROP,692,?,x11,
1769494511.593746,RECEIVED,1c910135-0045-4a0b-873c-c3b7f8b8550a,61d39287-8d53-488a-921e-3d247fb91031,c2,DROP,1019,e8,?,
1769494511.7135863,RECEIVED,6354a562-1099-449c-b301-633196b9310b,9b923df4-d0d5-4deb-aad8-1164874a5e0f,c4,DROP,1007,e4,?,
1769494511.8116474,SENT,795335ae-9ffc-431d-8472-8298c46316e6,9ea12e8f-e390-4cb0-8010-94599c94cede,c5,c2,1253,?,x2,
1769494511.8116882,FORWARDED,795335ae-9ffc-431d-8472-8298c46316e6,9ea12e8f-e390-4cb0-8010-94599c94cede,c5,c2,1253,?,x2,
1769494511.8945172,SENT,223c2512-99c8-4f3f-ad66-584e106fd81f,b7e878f3-1d57-41b0-9458-ebf99a8931e6,c5,DROP,684,?,x3,
1769494511.8945558,FORWARDED,223c2512-99c8-4f3f-ad66-584e106fd81f,b7e878f3-1d57-41b0-9458-ebf99a8931e6,c5,DROP,684,?,x3,
1769494511.9244149,RECEIVED,31beacc3-c2ea-4959-a2f7-f63b6f6f4f1c,79216b95-8791-495a-b32d-3455d9103a1c,c5,DROP,1020,e1,?,
1769494512.1525671,SENT,1c910135-0045-4a0b-873c-c3b7f8b8550a,61d39287-8d53-488a-921e-3d247fb91031,c2,DROP,692,?,x11,
1769494512.1526065,FORWARDED,1c910135-0045-4a0b-873c-c3b7f8b8550a,61d39287-8d53-488a-921e-3d247fb91031,c2,DROP,692,?,x11,
1769494512.4258077,SENT,6354a562-1099-449c-b301-633196b9310b,9b923df4-d0d5-4deb-aad8-1164874a5e0f,c4,DROP,684,?,x2,
1769494512.4258575,FORWARDED,6354a562-1099-449c-b301-633196b9310b,9b923df4-d0d5-4deb-aad8-1164874a5e0f,c4,DROP,684,?,x2,
1769494512.5264242,RECEIVED,788947ad-0e03-482a-8ae6-f3cd3d3e501b,57d4be04-944c-477e-a1a2-24450238abbf,c3,DROP,1016,e4,?,
1769494512.6803148,SENT,788947ad-0e03-482a-8ae6-f3cd3d3e501b,57d4be04-944c-477e-a1a2-24450238abbf,c3,DROP,688,?,x1,
1769494512.6803563,FORWARDED,788947ad-0e03-482a-8ae6-f3cd3d3e501b,57d4be04-944c-477e-a1a2-24450238abbf,c3,DROP,688,?,x1,
1769494512.731833,RECEIVED,6f9771fe-0ee3-4113-98bd-c6556c111b7a,44fa66c4-2d65-4cb3-a996-17fa3b5379cc,c4,DROP,442,x3,?,
1769494512.7599885,RECEIVED,34202b53-12bd-4f62-a76d-4c838d41a326,83aeb3c5-47db-43ac-939a-16206068f05c,c2,DROP,1004,e3,?,
1769494512.8067079,SENT,34202b53-12bd-4f62-a76d-4c838d41a326,83aeb3c5-47db-43ac-939a-16206068f05c,c2,DROP,680,?,x1,
1769494512.8067508,FORWARDED,34202b53-12bd-4f62-a76d-4c838d41a326,83aeb3c5-47db-43ac-939a-16206068f05c,c2,DROP,680,?,x1,
1769494512.871885,SENT,31beacc3-c2ea-4959-a2f7-f63b6f6f4f1c,79216b95-8791-495a-b32d-3455d9103a1c,c5,DROP,691,?,x12,
1769494512.871918,FORWARDED,31beacc3-c2ea-4959-a2f7-f63b6f6f4f1c,79216b95-8791-495a-b32d-3455d9103a1c,c5,DROP,691,?,x12,
1769494512.8877864,RECEIVED,0ba4d44d-be35-4d36-b902-7ea260f6878a,422253e6-4748-4776-b2fd-86dac0b83e60,c1,c5,1777,e2,?,
1769494512.9735217,RECEIVED,a29ba713-9722-47f1-80ef-e26f1a4f26ba,4b0d0f3e-d984-4a60-9a96-1a6855776939,c3,DROP,1019,e11,?,
1769494513.1247792,RECEIVED,f0be0763-7729-4164-8cf4-6eff1ae63b17,ea9c98b2-3f16-45e3-a54c-b038ff34f248,c4,DROP,1012,e8,?,
1769494513.2904398,SENT,0ba4d44d-be35-4d36-b902-7ea260f6878a,422253e6-4748-4776-b2fd-86dac0b83e60,c1,c5,1259,?,x10,
1769494513.2904727,FORWARDED,0ba4d44d-be35-4d36-b902-7ea260f6878a,422253e6-4748-4776-b2fd-86dac0b83e60,c1,c5,1259,?,x10,
1769494513.4826384,SENT,f0be0763-7729-4164-8cf4-6eff1ae63b17,ea9c98b2-3f16-45e3-a54c-b038ff34f248,c4,DROP,687,?,x3,
1769494513.482679,FORWARDED,f0be0763-7729-4164-8cf4-6eff1ae63b17,ea9c98b2-3f16-45e3-a54c-b038ff34f248,c4,DROP,687,?,x3,
1769494513.6249754,RECEIVED,8b963aec-572d-44ce-8cd6-e709c5c70171,492019ec-fc8b-45ae-9488-5c0f3fe23088,c5,DROP,1012,e3,?,
1769494513.905879,RECEIVED,5252726f-37f4-4f6b-b30d-d4016cd7289e,bace9f68-a4f8-4ca2-b665-831acec6f9a0,c1,DROP,441,x4,?,
1769494513.9111032,SENT,8b963aec-572d-44ce-8cd6-e709c5c70171,492019ec-fc8b-45ae-9488-5c0f3fe23088,c5,DROP,687,?,x1,
1769494513.9111402,FORWARDED,8b963aec-572d-44ce-8cd6-e709c5c70171,492019ec-fc8b-45ae-9488-5c0f3fe23088,c5,DROP,687,?,x1,
1769494513.9906182,RECEIVED,aa4c9872-566f-49f4-a1f7-a2ee7aedfc52,bd9ca44c-3aff-4927-b7fa-3d2f8304f888,c2,DROP,1020,e10,?,
1769494513.9965167,RECEIVED,39713f6b-cf41-4bc7-ba3d-f8e49e1c4433,2425d9b2-c467-4cc4-bbc4-bc5eab7264cd,c4,DROP,1019,e1,?,
1769494514.025416,SENT,a29ba713-9722-47f1-80ef-e26f1a4f26ba,4b0d0f3e-d984-4a60-9a96-1a6855776939,c3,DROP,691,?,x7,
1769494514.025466,FORWARDED,a29ba713-9722-47f1-80ef-e26f1a4f26ba,4b0d0f3e-d984-4a60-9a96-1a6855776939,c3,DROP,691,?,x7,
1769494514.1469917,RECEIVED,38766226-7b1f-4627-9437-28122b84ffa7,03c198fa-27ec-4821-884b-74997bd4d5bb,c3,DROP,1008,e7,?,
1769494514.270186,RECEIVED,9ccbc1e5-59cd-4081-8ff2-4fd4205962fd,4be8c61b-b030-44f5-b440-bc0967b59415,c2,DROP,1014,e4,?,
1769494514.4034116,RECEIVED,896bd98f-d5ed-4e81-ae13-089a902e3165,6d36a042-e9a7-4f02-ba50-4faff749f630,c1,DROP,1011,e5,?,
1769494514.4298606,SENT,39713f6b-cf41-4bc7-ba3d-f8e49e1c4433,2425d9b2-c467-4cc4-bbc4-bc5eab7264cd,c4,DROP,692,?,x8,
1769494514.4299011,FORWARDED,39713f6b-cf41-4bc7-ba3d-f8e49e1c4433,2425d9b2-c467-4cc4-bbc4-bc5eab7264cd,c4,DROP,692,?,x8,
1769494514.5141912,SENT,aa4c9872-566f-49f4-a1f7-a2ee7aedfc52,bd9ca44c-3aff-4927-b7fa-3d2f8304f888,c2,DROP,691,?,x10,
1769494514.514245,FORWARDED,aa4c9872-566f-49f4-a1f7-a2ee7aedfc52,bd9ca44c-3aff-4927-b7fa-3d2f8304f888,c2,DROP,691,?,x10,
1769494514.5911424,SENT,38766226-7b1f-4627-9437-28122b84ffa7,03c198fa-27ec-4821-884b-74997bd4d5bb,c3,DROP,683,?,x2,
1769494514.5911818,FORWARDED,38766226-7b1f-4627-9437-28122b84ffa7,03c198fa-27ec-4821-884b-74997bd4d5bb,c3,DROP,683,?,x2,
1769494514.5969734,RECEIVED,b8764f51-bc80-4f45-9d53-25e0e45c75d5,173c0d67-ed10-4953-8b4e-beb81649b672,c2,DROP,1021,e11,?,
1769494514.6267111,RECEIVED,3baefb3f-8b9c-4815-b6fb-810d0e08d8c7,f17cc73d-fcf4-4a8e-be1f-4fc5bb95c6b5,c3,c5,1768,e4,?,
1769494514.7032204,RECEIVED,ab871820-839b-4f5d-950f-91bbd8037b88,f7c64ee6-e80f-4111-81d6-9e75f358dbe1,c2,DROP,1011,e8,?,
1769494514.7258887,SENT,3baefb3f-8b9c-4815-b6fb-810d0e08d8c7,f17cc73d-fcf4-4a8e-be1f-4fc5bb95c6b5,c3,c5,1253,?,x4,
1769494514.7259305,FORWARDED,3baefb3f-8b9c-4815-b6fb-810d0e08d8c7,f17cc73d-fcf4-4a8e-be1f-4fc5bb95c6b5,c3,c5,1253,?,x4,
1769494514.7647686,RECEIVED,84505227-cd02-4add-8b12-1b46a7f475a9,c64f6e9a-dab9-4bd2-b558-b2cabcb628d9,c3,DROP,1007,e11,?,
1769494514.8015134,SENT,b8764f51-bc80-4f45-9d53-25e0e45c75d5,173c0d67-ed10-4953-8b4e-beb81649b672,c2,DROP,692,?,x11,
1769494514.8015525,FORWARDED,b8764f51-bc80-4f45-9d53-25e0e45c75d5,173c0d67-ed10-4953-8b4e-beb81649b672,c2,DROP,692,?,x11,
1769494514.9837925,SENT,896bd98f-d5ed-4e81-ae13-089a902e3165,6d36a042-e9a7-4f02-ba50-4faff749f630,c1,DROP,687,?,x4,
1769494514.983919,FORWARDED,896bd98f-d5ed-4e81-ae13-089a902e3165,6d36a042-e9a7-4f02-ba50-4faff749f630,c1,DROP,687,?,x4,
1769494515.16524,SENT,84505227-cd02-4add-8b12-1b46a7f475a9,c64f6e9a-dab9-4bd2-b558-b2cabcb628d9,c3,DROP,683,?,x6,
1769494515.1652744,FORWARDED,84505227-cd02-4add-8b12-1b46a7f475a9,c64f6e9a-dab9-4bd2-b558-b2cabcb628d9,c3,DROP,683,?,x6,
1769494515.2020373,RECEIVED,cb9eab77-435b-42d2-a5b7-1dfc50fbab2e,34e456d8-708f-4965-b80f-213f6318cc71,c4,DROP,1021,e1,?,
1769494515.2372687,SENT,ab871820-839b-4f5d-950f-91bbd8037b88,f7c64ee6-e80f-4111-81d6-9e75f358dbe1,c2,DROP,687,?,x1,
1769494515.2373083,FORWARDED,ab871820-839b-4f5d-950f-91bbd8037b88,f7c64ee6-e80f-4111-81d6-9e75f358dbe1,c2,DROP,687,?,x1,
1769494515.3119662,RECEIVED,6d2d3bae-5695-4b2d-b139-41739c474bbd,ac3a1b28-4eb4-4482-9c59-f2313c8530a7,c5,DROP,441,x4,?,
1769494515.3225908,SENT,cb9eab77-435b-42d2-a5b7-1dfc50fbab2e,34e456d8-708f-4965-b80f-213f6318cc71,c4,DROP,691,?,x10,
1769494515.3226326,FORWARDED,cb9eab77-435b-42d2-a5b7-1dfc50fbab2e,34e456d8-708f-4965-b80f-213f6318cc71,c4,DROP,691,?,x10,
1769494515.466754,RECEIVED,6edf06be-d181-4b0c-943b-87e58d06b0fa,e5991ab1-c716-482c-b6d7-009547364f5c,c1,DROP,1011,e4,?,
1769494515.6824288,RECEIVED,cf70a1fc-3330-4a4f-b6b9-259b25bec0f9,f4edf978-38c0-4b40-b6d5-7a67263ce874,c2,DROP,1020,e7,?,
1769494515.739867,RECEIVED,97cb9eef-857a-4bf2-ac91-ec625ac0edad,7aa5f9c6-0e53-4412-a79e-c71cba769fab,c4,DROP,446,x2,?,
1769494515.8716357,SENT,6edf06be-d181-4b0c-943b-87e58d06b0fa,e5991ab1-c716-482c-b6d7-009547364f5c,c1,DROP,687,?,x2,
1769494515.8716762,FORWARDED,6edf06be-d181-4b0c-943b-87e58d06b0fa,e5991ab1-c716-482c-b6d7-009547364f5c,c1,DROP,687,?,x2,
1769494516.1459253,SENT,cf70a1fc-3330-4a4f-b6b9-259b25bec0f9,f4edf978-38c0-4b40-b6d5-7a67263ce874,c2,DROP,692,?,x11,
1769494516.1459644,FORWARDED,cf70a1fc-3330-4a4f-b6b9-259b25bec0f9,f4edf978-38c0-4b40-b6d5-7a67263ce874,c2,DROP,692,?,x11,
1769494516.2136164,RECEIVED,fe3a4256-a4b9-425b-9b59-39017ea0071f,01c235b8-2b57-44d0-a45d-ba05df208572,c2,DROP,1006,e4,?,
1769494516.2151144,RECEIVED,d7927ec5-e552-42ae-b2e7-db12a2294358,0502a40d-1a18-4ff8-be5c-13461adca2df,c2,DROP,1008,e4,?,
1769494516.3632195,SENT,d7927ec5-e552-42ae-b2e7-db12a2294358,0502a40d-1a18-4ff8-be5c-13461adca2df,c2,DROP,683,?,x4,
1769494516.3632598,FORWARDED,d7927ec5-e552-42ae-b2e7-db12a2294358,0502a40d-1a18-4ff8-be5c-13461adca2df,c2,DROP,683,?,x4,
1769494516.415856,RECEIVED,8904a6e3-d778-415d-bb78-022fe2616edd,775b801d-326a-4fbd-be93-18c0e512f103,c5,c2,1768,e1,?,
1769494516.621914,RECEIVED,e9fabcda-5708-4fed-ab60-cc8b6ef2476e,1ff91e46-154b-40f2-900d-c74f73253563,c1,DROP,440,x4,?,
1769494516.7596812,SENT,8904a6e3-d778-415d-bb78-022fe2616edd,775b801d-326a-4fbd-be93-18c0e512f103,c5,c2,1252,?,x8,
1769494516.7597282,FORWARDED,8904a6e3-d778-415d-bb78-022fe2616edd,775b801d-326a-4fbd-be93-18c0e512f103,c5,c2,1252,?,x8,
1769494516.8137891,RECEIVED,9338122a-e9a3-4e2d-a399-d7e8817cc21f,8d5cc93b-3032-4736-9292-d3656064ef64,c1,DROP,1016,e3,?,
1769494516.9368882,RECEIVED,1225a37c-279a-4b8b-be1b-563ae532e75d,5831f5cf-169c-45cd-8f61-c446eb7de04d,c2,DROP,1016,e7,?,
1769494516.9946706,SENT,9ccbc1e5-59cd-4081-8ff2-4fd4205962fd,4be8c61b-b030-44f5-b440-bc0967b59415,c2,DROP,688,?,x9,
1769494516.994711,FORWARDED,9ccbc1e5-59cd-4081-8ff2-4fd4205962fd,4be8c61b-b030-44f5-b440-bc0967b59415,c2,DROP,688,?,x9,
1769494517.1152704,SENT,fe3a4256-a4b9-425b-9b59-39017ea0071f,01c235b8-2b57-44d0-a45d-ba05df208572,c2,DROP,683,?,x9,
1769494517.1153133,FORWARDED,fe3a4256-a4b9-425b-9b59-39017ea0071f,01c235b8-2b57-44d0-a45d-ba05df208572,c2,DROP,683,?,x9,
1769494517.1563053,SENT,9338122a-e9a3-4e2d-a399-d7e8817cc21f,8d5cc93b-3032-4736-9292-d3656064ef64,c1,DROP,690,?,x1,
1769494517.1563456,FORWARDED,9338122a-e9a3-4e2d-a399-d7e8817cc21f,8d5cc93b-3032-4736-9292-d3656064ef64,c1,DROP,690,?,x1,
1769494517.174253,RECEIVED,762cb3b3-6cd8-4446-8886-c15325756f50,8c58d5a5-bf0a-440f-97e8-cd9e341362a6,c4,DROP,1003,e5,?,
1769494517.2018967,RECEIVED,6db8b216-cf66-4110-8bfd-a8e78ad06e69,5922cff9-7a8f-47dd-975f-d59ca5e29a48,c1,DROP,1011,e9,?,
1769494517.3703678,RECEIVED,c000fede-07cb-44ff-84d8-905daf96f832,db3d122c-10ae-4c06-8d70-5dc34b9cc6f6,c4,DROP,1015,e6,?,
1769494517.379099,RECEIVED,a45916a2-932f-4b41-8794-8f2bb2ff1853,ee8cbf9d-669d-4685-b349-eecead29eca1,c3,DROP,1016,e5,?,
1769494517.4534018,SENT,1225a37c-279a-4b8b-be1b-563ae532e75d,5831f5cf-169c-45cd-8f61-c446eb7de04d,c2,DROP,688,?,x12,
1769494517.4534438,FORWARDED,1225a37c-279a-4b8b-be1b-563ae532e75d,5831f5cf-169c-45cd-8f61-c446eb7de04d,c2,DROP,688,?,x12,
1769494517.4594386,RECEIVED,8c194a5b-4eca-4a55-9d20-42fecf8109c1,5f7ac6e2-1d0b-425e-acc2-124ece21e6dd,c2,DROP,1008,e4,?,
1769494517.5578809,SENT,8c194a5b-4eca-4a55-9d20-42fecf8109c1,5f7ac6e2-1d0b-425e-acc2-124ece21e6dd,c2,DROP,682,?,x1,
1769494517.5579228,FORWARDED,8c194a5b-4eca-4a55-9d20-42fecf8109c1,5f7ac6e2-1d0b-425e-acc2-124ece21e6dd,c2,DROP,682,?,x1,
1769494517.587087,SENT,a45916a2-932f-4b41-8794-8f2bb2ff1853,ee8cbf9d-669d-4685-b349-eecead29eca1,c3,DROP,689,?,x7,
1769494517.5871224,FORWARDED,a45916a2-932f-4b41-8794-8f2bb2ff1853,ee8cbf9d-669d-4685-b349-eecead29eca1,c3,DROP,689,?,x7,
1769494517.6198804,RECEIVED,4936b35b-5241-4f8c-9e70-a1d9b6ef3a40,4208238e-7889-4c3d-87f2-0659d61fff7d,c3,DROP,440,x2,?,
1769494517.6556015,RECEIVED,3389f6f1-62f7-4cfc-93e6-156235447777,568526bc-e3c7-44ae-92fd-6bfb66159960,c5,DROP,1007,e9,?,
1769494517.6823394,SENT,762cb3b3-6cd8-4446-8886-c15325756f50,8c58d5a5-bf0a-440f-97e8-cd9e341362a6,c4,DROP,681,?,x5,
1769494517.6823785,FORWARDED,762cb3b3-6cd8-4446-8886-c15325756f50,8c58d5a5-bf0a-440f-97e8-cd9e341362a6,c4,DROP,681,?,x5,
1769494517.737766,RECEIVED,ffd4e2f8-9102-43c9-ab7b-cf450bab2fce,fbd2f35c-3e33-4e98-ba83-1088d3c93713,c2,c3,1777,e11,?,
1769494517.7437694,SENT,c000fede-07cb-44ff-84d8-905daf96f832,db3d122c-10ae-4c06-8d70-5dc34b9cc6f6,c4,DROP,688,?,x9,
1769494517.7438114,FORWARDED,c000fede-07cb-44ff-84d8-905daf96f832,db3d122c-10ae-4c06-8d70-5dc34b9cc6f6,c4,DROP,688,?,x9,
1769494517.7561939,RECEIVED,3da91d07-3625-4b39-8a7c-f84bfc18fb1e,9c00c564-d52e-4ce4-8542-d46d07d0ce42,c5,DROP,1021,e4,?,
1769494517.781738,RECEIVED,cc3f8805-1cb3-45d8-a97c-b9527660c008,c3eb946d-21ac-4b07-9d52-a48b7fe8c2fe,c2,c3,1772,e12,?,
1769494517.7921224,SENT,ffd4e2f8-9102-43c9-ab7b-cf450bab2fce,fbd2f35c-3e33-4e98-ba83-1088d3c93713,c2,c3,1260,?,x10,
1769494517.7921636,FORWARDED,ffd4e2f8-9102-43c9-ab7b-cf450bab2fce,fbd2f35c-3e33-4e98-ba83-1088d3c93713,c2,c3,1260,?,x10,
1769494517.8071332,RECEIVED,4c6defe7-ee5c-4fc2-a129-5451b9a837e8,24b1e858-c4fa-438b-9bff-c88cf0897d19,c3,DROP,1022,e11,?,
1769494517.8851264,SENT,4c6defe7-ee5c-4fc2-a129-5451b9a837e8,24b1e858-c4fa-438b-9bff-c88cf0897d19,c3,DROP,691,?,x11,
1769494517.8851612,FORWARDED,4c6defe7-ee5c-4fc2-a129-5451b9a837e8,24b1e858-c4fa-438b-9bff-c88cf0897d19,c3,DROP,691,?,x11,
1769494517.8907983,SENT,3da91d07-3625-4b39-8a7c-f84bfc18fb1e,9c00c564-d52e-4ce4-8542-d46d07d0ce42,c5,DROP,691,?,x12,
1769494517.8908427,FORWARDED,3da91d07-3625-4b39-8a7c-f84bfc18fb1e,9c00c564-d52e-4ce4-8542-d46d07d0ce42,c5,DROP,691,?,x12,
1769494518.0485582,SENT,6db8b216-cf66-4110-8bfd-a8e78ad06e69,5922cff9-7a8f-47dd-975f-d59ca5e29a48,c1,DROP,687,?,x1,
1769494518.0486045,FORWARDED,6db8b216-cf66-4110-8bfd-a8e78ad06e69,5922cff9-7a8f-47dd-975f-d59ca5e29a48,c1,DROP,687,?,x1,
1769494518.1542099,SENT,cc3f8805-1cb3-45d8-a97c-b9527660c008,c3eb946d-21ac-4b07-9d52-a48b7fe8c2fe,c2,c3,1255,?,x4,
1769494518.1542532,FORWARDED,cc3f8805-1cb3-45d8-a97c-b9527660c008,c3eb946d-21ac-4b07-9d52-a48b7fe8c2fe,c2,c3,1255,?,x4,
1769494518.231067,RECEIVED,60c90b00-7e49-44b7-94a0-4519dbc18fa0,a37c97ed-a230-445a-a716-776df2edd93a,c5,DROP,1015,e3,?,
1769494518.3895385,SENT,3389f6f1-62f7-4cfc-93e6-156235447777,568526bc-e3c7-44ae-92fd-6bfb66159960,c5,DROP,684,?,x4,
1769494518.3895786,FORWARDED,3389f6f1-62f7-4cfc-93e6-156235447777,568526bc-e3c7-44ae-92fd-6bfb66159960,c5,DROP,684,?,x4,
1769494518.444559,RECEIVED,3b1c9d4d-d85c-40ca-9da8-4a58f5f07e50,016fe95b-b612-4488-9905-c3defc4a64d8,c5,DROP,1009,e1,?,
1769494518.459954,RECEIVED,14461187-2b93-4e33-afe2-e233273a43f0,144930c2-e53b-47d0-b35b-780c9a3d2adc,c1,DROP,1007,e2,?,
1769494518.492541,SENT,3b1c9d4d-d85c-40ca-9da8-4a58f5f07e50,016fe95b-b612-4488-9905-c3defc4a64d8,c5,DROP,684,?,x1,
1769494518.4925816,FORWARDED,3b1c9d4d-d85c-40ca-9da8-4a58f5f07e50,016fe95b-b612-4488-9905-c3defc4a64d8,c5,DROP,684,?,x1,
1769494518.7182307,RECEIVED,e40195f0-29eb-46f9-86f4-d20e0f18ced2,6c6c2d68-902f-4431-a237-d3b187d39d25,c2,DROP,1008,e6,?,
1769494518.833903,RECEIVED,c866fc73-4184-4f22-84b0-2fc51f08b9cf,5d519c65-d836-4bea-8653-6a7c8035f0ab,c2,DROP,1020,e12,?,
1769494518.8634574,SENT,e40195f0-29eb-46f9-86f4-d20e0f18ced2,6c6c2d68-902f-4431-a237-d3b187d39d25,c2,DROP,684,?,x4,
1769494518.8634958,FORWARDED,e40195f0-29eb-46f9-86f4-d20e0f18ced2,6c6c2d68-902f-4431-a237-d3b187d39d25,c2,DROP,684,?,x4,
1769494518.8947046,SENT,c866fc73-4184-4f22-84b0-2fc51f08b9cf,5d519c65-d836-4bea-8653-6a7c8035f0ab,c2,DROP,692,?,x4,
1769494518.8947444,FORWARDED,c866fc73-4184-4f22-84b0-2fc51f08b9cf,5d519c65-d836-4bea-8653-6a7c8035f0ab,c2,DROP,692,?,x4,
1769494518.9098384,RECEIVED,5fcc45d0-8c37-457d-a489-fe3023120ad6,e7f8cfa6-7885-44d7-817a-a4bcd81fec03,c2,DROP,1008,e9,?,
1769494518.9482603,RECEIVED,aebfd63c-1146-4d91-8e07-e7b305f9d71a,c4cf6b2a-ecc7-4fa5-a32a-feea329280c5,c1,c5,1784,e1,?,
1769494518.9967155,SENT,5fcc45d0-8c37-457d-a489-fe3023120ad6,e7f8cfa6-7885-44d7-817a-a4bcd81fec03,c2,DROP,684,?,x7,
1769494518.996753,FORWARDED,5fcc45d0-8c37-457d-a489-fe3023120ad6,e7f8cfa6-7885-44d7-817a-a4bcd81fec03,c2,DROP,684,?,x7,
1769494519.02255,SENT,60c90b00-7e49-44b7-94a0-4519dbc18fa0,a37c97ed-a230-445a-a716-776df2edd93a,c5,DROP,688,?,x5,
1769494519.0225887,FORWARDED,60c90b00-7e49-44b7-94a0-4519dbc18fa0,a37c97ed-a230-445a-a716-776df2edd93a,c5,DROP,688,?,x5,
1769494519.0454981,RECEIVED,4f294eb1-10e5-4ace-8d5d-b3f7daba9d1e,1c7baf49-38b3-4f47-8662-5e3e6bf3ed60,c4,DROP,1007,e4,?,
1769494519.0989351,RECEIVED,86379033-d4a1-424f-a985-82a2ed4fb609,ee9c45cd-fa0c-4954-a232-496adb775fed,c1,DROP,1009,e4,?,
1769494519.1589923,SENT,aebfd63c-1146-4d91-8e07-e7b305f9d71a,c4cf6b2a-ecc7-4fa5-a32a-feea329280c5,c1,c5,1264,?,x1,
1769494519.1590328,FORWARDED,aebfd63c-1146-4d91-8e07-e7b305f9d71a,c4cf6b2a-ecc7-4fa5-a32a-feea329280c5,c1,c5,1264,?,x1,
1769494519.2191927,RECEIVED,4776c348-4f3c-4d00-a79f-34442ed65d6e,b80c780f-1cdc-4fb3-aaf0-2c933f5770b6,c2,DROP,1019,e12,?,
1769494519.2719872,RECEIVED,63fb5af9-524d-4b2b-bfee-a2ea0eebc689,b9c4a1ac-a8ae-47f7-9ab3-433c8d9d6699,c4,DROP,1008,e1,?,
1769494519.274567,RECEIVED,8020674d-9614-4bdb-b44f-c61b68ba4ee9,9737dec2-20e4-4ac2-9d0b-1fcbd8a94faa,c3,c5,1783,e11,?,
1769494519.2876346,SENT,86379033-d4a1-424f-a985-82a2ed4fb609,ee9c45cd-fa0c-4954-a232-496adb775fed,c1,DROP,683,?,x11,
1769494519.287673,FORWARDED,86379033-d4a1-424f-a985-82a2ed4fb609,ee9c45cd-fa0c-4954-a232-496adb775fed,c1,DROP,683,?,x11,
1769494519.3185666,SENT,63fb5af9-524d-4b2b-bfee-a2ea0eebc689,b9c4a1ac-a8ae-47f7-9ab3-433c8d9d6699,c4,DROP,683,?,x5,
1769494519.3186069,FORWARDED,63fb5af9-524d-4b2b-bfee-a2ea0eebc689,b9c4a1ac-a8ae-47f7-9ab3-433c8d9d6699,c4,DROP,683,?,x5,
1769494519.395642,RECEIVED,96f96cd3-df48-46ce-adf0-1f6d64f14ed1,3cf0f851-c666-45cc-8359-7af4b0ecf81d,c5,DROP,1011,e9,?,
1769494519.457817,RECEIVED,cd6d488f-b004-49c3-9fd1-e8af2436d3bc,a5e906bb-5757-4437-8091-3636b924fd1b,c4,c5,1775,e4,?,
1769494519.581564,SENT,14461187-2b93-4e33-afe2-e233273a43f0,144930c2-e53b-47d0-b35b-780c9a3d2adc,c1,DROP,684,?,x3,
1769494519.5816035,FORWARDED,14461187-2b93-4e33-afe2-e233273a43f0,144930c2-e53b-47d0-b35b-780c9a3d2adc,c1,DROP,684,?,x3,
1769494519.6147137,SENT,4776c348-4f3c-4d00-a79f-34442ed65d6e,b80c780f-1cdc-4fb3-aaf0-2c933f5770b6,c2,DROP,691,?,x3,
1769494519.6147542,FORWARDED,4776c348-4f3c-4d00-a79f-34442ed65d6e,b80c780f-1cdc-4fb3-aaf0-2c933f5770b6,c2,DROP,691,?,x3,
1769494519.617985,SENT,4f294eb1-10e5-4ace-8d5d-b3f7daba9d1e,1c7baf49-38b3-4f47-8662-5e3e6bf3ed60,c4,DROP,682,?,x1,
1769494519.6180246,FORWARDED,4f294eb1-10e5-4ace-8d5d-b3f7daba9d1e,1c7baf49-38b3-4f47-8662-5e3e6bf3ed60,c4,DROP,682,?,x1,
1769494519.6277862,RECEIVED,5d056b3b-a3d4-4841-8b1f-786255178f85,a6279c73-599d-43d0-b6d0-fb140c4753ac,c3,DROP,1013,e2,?,
1769494519.7204785,SENT,5d056b3b-a3d4-4841-8b1f-786255178f85,a6279c73-599d-43d0-b6d0-fb140c4753ac,c3,DROP,687,?,x5,
1769494519.7205198,FORWARDED,5d056b3b-a3d4-4841-8b1f-786255178f85,a6279c73-599d-43d0-b6d0-fb140c4753ac,c3,DROP,687,?,x5,
1769494519.760539,RECEIVED,3a320f01-06e1-462f-bbc3-ec842149c219,1960f4ba-da87-4ca1-b1ee-e44b85dce857,c3,DROP,1011,e7,?,
1769494519.765521,SENT,96f96cd3-df48-46ce-adf0-1f6d64f14ed1,3cf0f851-c666-45cc-8359-7af4b0ecf81d,c5,DROP,685,?,x7,
1769494519.7655659,FORWARDED,96f96cd3-df48-46ce-adf0-1f6d64f14ed1,3cf0f851-c666-45cc-8359-7af4b0ecf81d,c5,DROP,685,?,x7,
1769494519.8353384,RECEIVED,43095858-6a21-4cd0-af45-60aa8236ce2a,bca21a69-4ded-41e6-b1ab-ebc270ea012e,c1,DROP,1020,e12,?,
1769494519.985148,SENT,cd6d488f-b004-49c3-9fd1-e8af2436d3bc,a5e906bb-5757-4437-8091-3636b924fd1b,c4,c5,1259,?,x6,
1769494519.9851956,FORWARDED,cd6d488f-b004-49c3-9fd1-e8af2436d3bc,a5e906bb-5757-4437-8091-3636b924fd1b,c4,c5,1259,?,x6,
1769494519.9866502,RECEIVED,53cc2f82-afb4-469f-b7ef-6c4feae7ab44,00238ced-7373-4601-8feb-4b497ba9e3d5,c1,DROP,1007,e12,?,
1769494520.113214,RECEIVED,520299df-30c4-4318-85ea-cd14a4dc0287,284642ed-c151-404c-af58-5b7c7157d9f7,c1,DROP,1007,e1,?,
1769494520.1199002,SENT,43095858-6a21-4cd0-af45-60aa8236ce2a,bca21a69-4ded-41e6-b1ab-ebc270ea012e,c1,DROP,692,?,x5,
1769494520.1199417,FORWARDED,43095858-6a21-4cd0-af45-60aa8236ce2a,bca21a69-4ded-41e6-b1ab-ebc270ea012e,c1,DROP,692,?,x5,
1769494520.1343038,RECEIVED,ec39e88d-2fcb-49cc-87bc-3678a0c3f641,37fe5953-eb29-4df4-a76d-77c2a3d4dc02,c2,DROP,1016,e1,?,
1769494520.1879098,SENT,3a320f01-06e1-462f-bbc3-ec842149c219,1960f4ba-da87-4ca1-b1ee-e44b85dce857,c3,DROP,685,?,x6,
1769494520.1879485,FORWARDED,3a320f01-06e1-462f-bbc3-ec842149c219,1960f4ba-da87-4ca1-b1ee-e44b85dce857,c3,DROP,685,?,x6,
1769494520.3842087,SENT,ec39e88d-2fcb-49cc-87bc-3678a0c3f641,37fe5953-eb29-4df4-a76d-77c2a3d4dc02,c2,DROP,690,?,x9,
1769494520.3842509,FORWARDED,ec39e88d-2fcb-49cc-87bc-3678a0c3f641,37fe5953-eb29-4df4-a76d-77c2a3d4dc02,c2,DROP,690,?,x9,
1769494520.6846206,SENT,8020674d-9614-4bdb-b44f-c61b68ba4ee9,9737dec2-20e4-4ac2-9d0b-1fcbd8a94faa,c3,c5,1264,?,x3,
1769494520.6846595,FORWARDED,8020674d-9614-4bdb-b44f-c61b68ba4ee9,9737dec2-20e4-4ac2-9d0b-1fcbd8a94faa,c3,c5,1264,?,x3,
1769494520.6976252,SENT,53cc2f82-afb4-469f-b7ef-6c4feae7ab44,00238ced-7373-4601-8feb-4b497ba9e3d5,c1,DROP,683,?,x8,
1769494520.6976798,FORWARDED,53cc2f82-afb4-469f-b7ef-6c4feae7ab44,00238ced-7373-4601-8feb-4b497ba9e3d5,c1,DROP,683,?,x8,
1769494520.7649782,SENT,520299df-30c4-4318-85ea-cd14a4dc0287,284642ed-c151-404c-af58-5b7c7157d9f7,c1,DROP,684,?,x7,
1769494520.7650182,FORWARDED,520299df-30c4-4318-85ea-cd14a4dc0287,284642ed-c151-404c-af58-5b7c7157d9f7,c1,DROP,684,?,x7,
1769494520.7818244,RECEIVED,37c773ed-831b-439a-a654-c448da74cd10,e6e5c983-cd84-4f5c-bca2-dd5ad1147500,c3,DROP,1011,e3,?,
1769494521.0890903,RECEIVED,fe9d370a-9c3b-4c8a-9ccb-e7e0dbbf5126,1503c758-29d0-49fd-b85d-435bbd3df98f,c4,DROP,1019,e12,?,
1769494521.3077955,SENT,fe9d370a-9c3b-4c8a-9ccb-e7e0dbbf5126,1503c758-29d0-49fd-b85d-435bbd3df98f,c4,DROP,693,?,x7,
1769494521.307835,FORWARDED,fe9d370a-9c3b-4c8a-9ccb-e7e0dbbf5126,1503c758-29d0-49fd-b85d-435bbd3df98f,c4,DROP,693,?,x7,
1769494521.3422997,RECEIVED,acfa831f-144c-4031-9d1a-20693cc8b61e,d4c092c7-bcae-421b-8c57-468f18748f22,c2,DROP,1011,e7,?,
1769494521.4894714,RECEIVED,e0e2d232-9035-4d46-9cd6-3ac5f81e1231,60321d4e-6be1-4721-81dd-9f520c3b487f,c1,DROP,1016,e3,?,
1769494521.576994,SENT,e0e2d232-9035-4d46-9cd6-3ac5f81e1231,60321d4e-6be1-4721-81dd-9f520c3b487f,c1,DROP,688,?,x6,
1769494521.577033,FORWARDED,e0e2d232-9035-4d46-9cd6-3ac5f81e1231,60321d4e-6be1-4721-81dd-9f520c3b487f,c1,DROP,688,?,x6,
1769494521.732025,SENT,37c773ed-831b-439a-a654-c448da74cd10,e6e5c983-cd84-4f5c-bca2-dd5ad1147500,c3,DROP,687,?,x6,
1769494521.7320757,FORWARDED,37c773ed-831b-439a-a654-c448da74cd10,e6e5c983-cd84-4f5c-bca2-dd5ad1147500,c3,DROP,687,?,x6,
1769494521.7676659,RECEIVED,1bcb4c89-ee57-4538-a2a6-eedce1114bb1,4ee24abc-2043-413d-a710-70678fe9a1f4,c2,DROP,1018,e12,?,
1769494521.9343374,RECEIVED,f5718fdc-f5d6-4c38-bced-1ec18555c857,11a6ed54-f95e-4e82-9b20-7bf463a167eb,c4,DROP,1008,e4,?,
1769494521.9764771,SENT,acfa831f-144c-4031-9d1a-20693cc8b61e,d4c092c7-bcae-421b-8c57-468f18748f22,c2,DROP,685,?,x6,
1769494521.97651,FORWARDED,acfa831f-144c-4031-9d1a-20693cc8b61e,d4c092c7-bcae-421b-8c57-468f18748f22,c2,DROP,685,?,x6,
1769494522.0116034,SENT,f5718fdc-f5d6-4c38-bced-1ec18555c857,11a6ed54-f95e-4e82-9b20-7bf463a167eb,c4,DROP,683,?,x9,
1769494522.0116405,FORWARDED,f5718fdc-f5d6-4c38-bced-1ec18555c857,11a6ed54-f95e-4e82-9b20-7bf463a167eb,c4,DROP,683,?,x9,
1769494522.1680684,SENT,1bcb4c89-ee57-4538-a2a6-eedce1114bb1,4ee24abc-2043-413d-a710-70678fe9a1f4,c2,DROP,692,?,x3,
1769494522.1681097,FORWARDED,1bcb4c89-ee57-4538-a2a6-eedce1114bb1,4ee24abc-2043-413d-a710-70678fe9a1f4,c2,DROP,692,?,x3,
1769494522.2068806,RECEIVED,bad68219-fd3c-48b8-a6e6-92a13d4c580d,6b4e600a-2dd7-471b-bfb7-020af78340ed,c1,DROP,1020,e4,?,
1769494522.386196,RECEIVED,b749d964-8bf9-4f11-8f25-2e61521e6788,3a2dbc8e-719b-46bf-ab21-ea844e52f5ee,c2,DROP,1007,e7,?,
1769494522.5169544,SENT,bad68219-fd3c-48b8-a6e6-92a13d4c580d,6b4e600a-2dd7-471b-bfb7-020af78340ed,c1,DROP,692,?,x10,
1769494522.5169942,FORWARDED,bad68219-fd3c-48b8-a6e6-92a13d4c580d,6b4e600a-2dd7-471b-bfb7-020af78340ed,c1,DROP,692,?,x10,
1769494522.6758451,RECEIVED,f91cbed4-ae8b-463d-8fbd-2e1e6397ecd6,1fb9a950-a8c2-4afa-8b3f-2e11a2cf8a61,c1,DROP,1016,e5,?,
1769494522.7935796,RECEIVED,548b2516-e122-4b57-b0cc-82563f64cb2a,ceabcffa-a4b3-4ea1-9138-a25375b13c21,c5,DROP,1020,e5,?,
1769494522.8300765,SENT,b749d964-8bf9-4f11-8f25-2e61521e6788,3a2dbc8e-719b-46bf-ab21-ea844e52f5ee,c2,DROP,684,?,x8,
1769494522.8303132,FORWARDED,b749d964-8bf9-4f11-8f25-2e61521e6788,3a2dbc8e-719b-46bf-ab21-ea844e52f5ee,c2,DROP,684,?,x8,
1769494522.8799853,RECEIVED,2ecf8eda-b0b7-4e0b-9d74-7e68084b8ac9,72d39426-276f-462b-a514-8747c2e0e4dc,c1,DROP,1020,e11,?,
1769494522.9068053,SENT,f91cbed4-ae8b-463d-8fbd-2e1e6397ecd6,1fb9a950-a8c2-4afa-8b3f-2e11a2cf8a61,c1,DROP,688,?,x7,
1769494522.90684,FORWARDED,f91cbed4-ae8b-463d-8fbd-2e1e6397ecd6,1fb9a950-a8c2-4afa-8b3f-2e11a2cf8a61,c1,DROP,688,?,x7,
1769494522.9090312,RECEIVED,e4542579-a0e0-4f5a-bb58-09011790d85a,68ea919c-90d0-4d98-815e-e6025b79cf0d,c2,DROP,1006,e3,?,
1769494522.9543602,RECEIVED,776749e9-bee3-4884-b77c-c0aeaf1e02c4,7e3ea5ad-027e-432a-9e9f-20a17926c666,c1,DROP,446,x4,?,
1769494522.9709976,RECEIVED,7ebea6cd-7a01-4c76-8b5b-9170ec7d7bee,260cdd41-4449-4312-aeb3-69a6f74f5d5c,c2,c3,1768,e6,?,
1769494523.0567255,SENT,7ebea6cd-7a01-4c76-8b5b-9170ec7d7bee,260cdd41-4449-4312-aeb3-69a6f74f5d5c,c2,c3,1254,?,x5,
1769494523.056765,FORWARDED,7ebea6cd-7a01-4c76-8b5b-9170ec7d7bee,260cdd41-4449-4312-aeb3-69a6f74f5d5c,c2,c3,1254,?,x5,
1769494523.2416987,SENT,2ecf8eda-b0b7-4e0b-9d74-7e68084b8ac9,72d39426-276f-462b-a514-8747c2e0e4dc,c1,DROP,692,?,x8,
1769494523.2417462,FORWARDED,2ecf8eda-b0b7-4e0b-9d74-7e68084b8ac9,72d39426-276f-462b-a514-8747c2e0e4dc,c1,DROP,692,?,x8,
1769494523.2921674,RECEIVED,1e7aaa4a-be4c-4d28-94e2-47bff3cf2fd2,e2e396b6-f37e-42ac-98ea-2105267f5a59,c4,DROP,1020,e10,?,
1769494523.375447,RECEIVED,273e0f73-1ae1-4634-9a8b-38b725fa8171,7d2ec745-0668-41e3-971d-09d4f134a496,c1,DROP,1021,e4,?,
1769494523.4043949,RECEIVED,89d114d4-3175-4219-b8f7-0b30d882c92b,6fd4828f-12fa-46e4-9089-5ef55024203f,c5,DROP,1007,e8,?,
1769494523.4389873,SENT,273e0f73-1ae1-4634-9a8b-38b725fa8171,7d2ec745-0668-41e3-971d-09d4f134a496,c1,DROP,691,?,x11,
1769494523.439021,FORWARDED,273e0f73-1ae1-4634-9a8b-38b725fa8171,7d2ec745-0668-41e3-971d-09d4f134a496,c1,DROP,691,?,x11,
1769494523.4551384,RECEIVED,90a280df-a2b2-4ea6-be2e-780a87e238eb,65b26827-1247-4560-8efe-98a378cea375,c1,DROP,1017,e3,?,
1769494523.463172,RECEIVED,c7e69432-4358-418c-92c9-28aadf889024,2d3258c0-9b73-49b2-b806-b140129f6c04,c3,c5,1765,e1,?,
1769494523.4787357,SENT,c7e69432-4358-418c-92c9-28aadf889024,2d3258c0-9b73-49b2-b806-b140129f6c04,c3,c5,1251,?,x7,
1769494523.4787729,FORWARDED,c7e69432-4358-418c-92c9-28aadf889024,2d3258c0-9b73-49b2-b806-b140129f6c04,c3,c5,1251,?,x7,
1769494523.480762,SENT,1e7aaa4a-be4c-4d28-94e2-47bff3cf2fd2,e2e396b6-f37e-42ac-98ea-2105267f5a59,c4,DROP,692,?,x7,
1769494523.4808037,FORWARDED,1e7aaa4a-be4c-4d28-94e2-47bff3cf2fd2,e2e396b6-f37e-42ac-98ea-2105267f5a59,c4,DROP,692,?,x7,
1769494523.5154324,SENT,90a280df-a2b2-4ea6-be2e-780a87e238eb,65b26827-1247-4560-8efe-98a378cea375,c1,DROP,688,?,x12,
1769494523.5154734,FORWARDED,90a280df-a2b2-4ea6-be2e-780a87e238eb,65b26827-1247-4560-8efe-98a378cea375,c1,DROP,688,?,x12,
1769494523.5689716,RECEIVED,8fb4610a-d1aa-4760-8660-e11c5a5449a4,8bfb0d98-1932-488e-a1e0-347d15a96370,c3,DROP,1015,e9,?,
1769494523.6873472,RECEIVED,3a5a00d1-c498-4b31-a994-99c2563335e0,bf8dceda-03f3-450d-a204-a6b9be11e22f,c4,DROP,1013,e2,?,
1769494523.716963,SENT,3a5a00d1-c498-4b31-a994-99c2563335e0,bf8dceda-03f3-450d-a204-a6b9be11e22f,c4,DROP,685,?,x7,
1769494523.7170055,FORWARDED,3a5a00d1-c498-4b31-a994-99c2563335e0,bf8dceda-03f3-450d-a204-a6b9be11e22f,c4,DROP,685,?,x7,
1769494523.7787151,SENT,e4542579-a0e0-4f5a-bb58-09011790d85a,68ea919c-90d0-4d98-815e-e6025b79cf0d,c2,DROP,684,?,x6,
1769494523.77902,FORWARDED,e4542579-a0e0-4f5a-bb58-09011790d85a,68ea919c-90d0-4d98-815e-e6025b79cf0d,c2,DROP,684,?,x6,
1769494523.8125305,RECEIVED,a534b05a-cc5c-4bd7-a3aa-fc8dcaa7c32c,bcef4fba-5d59-4d8b-ab86-337cdd424b1b,c4,c5,1775,e4,?,
1769494523.8655722,SENT,89d114d4-3175-4219-b8f7-0b30d882c92b,6fd4828f-12fa-46e4-9089-5ef55024203f,c5,DROP,683,?,x4,
1769494523.865614,FORWARDED,89d114d4-3175-4219-b8f7-0b30d882c92b,6fd4828f-12fa-46e4-9089-5ef55024203f,c5,DROP,683,?,x4,
1769494523.9627028,SENT,548b2516-e122-4b57-b0cc-82563f64cb2a,ceabcffa-a4b3-4ea1-9138-a25375b13c21,c5,DROP,692,?,x12,
1769494523.9627452,FORWARDED,548b2516-e122-4b57-b0cc-82563f64cb2a,ceabcffa-a4b3-4ea1-9138-a25375b13c21,c5,DROP,692,?,x12,
1769494524.00421,RECEIVED,49aca070-82ce-4e6b-b509-9b3c60e305a9,6dbf38a3-b964-4bee-8ff2-56a427b55141,c4,DROP,1016,e1,?,
1769494524.31547,RECEIVED,1881b9b5-7e29-4fd2-ac8a-47416553dae5,f96022ce-0e99-4669-a2ee-f14f7a428b36,c5,DROP,1008,e4,?,
1769494524.349617,SENT,a534b05a-cc5c-4bd7-a3aa-fc8dcaa7c32c,bcef4fba-5d59-4d8b-ab86-337cdd424b1b,c4,c5,1258,?,x5,
1769494524.3496606,FORWARDED,a534b05a-cc5c-4bd7-a3aa-fc8dcaa7c32c,bcef4fba-5d59-4d8b-ab86-337cdd424b1b,c4,c5,1258,?,x5,
1769494524.3639674,SENT,49aca070-82ce-4e6b-b509-9b3c60e305a9,6dbf38a3-b964-4bee-8ff2-56a427b55141,c4,DROP,688,?,x4,
1769494524.3640888,FORWARDED,49aca070-82ce-4e6b-b509-9b3c60e305a9,6dbf38a3-b964-4bee-8ff2-56a427b55141,c4,DROP,688,?,x4,
1769494524.377701,RECEIVED,778a532a-2a3f-4e0a-ab6c-6bd0014b49f5,921a984b-ea9f-4873-a71b-7c365d1cab60,c2,DROP,1010,e5,?,
1769494524.4302764,SENT,8fb4610a-d1aa-4760-8660-e11c5a5449a4,8bfb0d98-1932-488e-a1e0-347d15a96370,c3,DROP,688,?,x3,
1769494524.430319,FORWARDED,8fb4610a-d1aa-4760-8660-e11c5a5449a4,8bfb0d98-1932-488e-a1e0-347d15a96370,c3,DROP,688,?,x3,
1769494524.5224948,RECEIVED,b05aed33-1dc2-4066-ac7f-b01c453bf2c8,5b4c7192-4f27-467d-a579-28e9f92f82ca,c2,DROP,1007,e9,?,
1769494524.5505228,SENT,1881b9b5-7e29-4fd2-ac8a-47416553dae5,f96022ce-0e99-4669-a2ee-f14f7a428b36,c5,DROP,683,?,x1,
1769494524.5505602,FORWARDED,1881b9b5-7e29-4fd2-ac8a-47416553dae5,f96022ce-0e99-4669-a2ee-f14f7a428b36,c5,DROP,683,?,x1,
1769494524.7071145,RECEIVED,c68dbe05-4526-42c1-b63f-e4e900498f05,c53da86a-3938-4598-8784-2b6828a0ab68,c2,DROP,445,x2,?,
1769494524.8006985,RECEIVED,c16c7402-e5a8-4e51-9c1c-88864ea93c36,61e7828b-7804-47a1-a008-11a59972a267,c5,DROP,1008,e4,?,
1769494524.8470812,RECEIVED,12127e34-d272-4485-99b8-8c82f2f75236,e6bd4573-8ec7-4c29-9321-c6a089ec38ab,c2,c3,1785,e3,?,
1769494524.8499525,RECEIVED,febcc06c-6ab1-4c27-bee4-94a24ce26381,e44dce90-1aea-4420-a7ac-5fc4c08ddb93,c5,DROP,1016,e4,?,
1769494524.9464393,RECEIVED,246a2423-8248-4b96-9fd4-d274a05fd7e0,2b0b6533-8cc9-4fd8-8d80-bb7e3b0211e1,c1,DROP,1008,e9,?,
1769494525.0644085,SENT,246a2423-8248-4b96-9fd4-d274a05fd7e0,2b0b6533-8cc9-4fd8-8d80-bb7e3b0211e1,c1,DROP,684,?,x7,
1769494525.0644476,FORWARDED,246a2423-8248-4b96-9fd4-d274a05fd7e0,2b0b6533-8cc9-4fd8-8d80-bb7e3b0211e1,c1,DROP,684,?,x7,
1769494525.0942233,SENT,12127e34-d272-4485-99b8-8c82f2f75236,e6bd4573-8ec7-4c29-9321-c6a089ec38ab,c2,c3,1265,?,x10,
1769494525.0942624,FORWARDED,12127e34-d272-4485-99b8-8c82f2f75236,e6bd4573-8ec7-4c29-9321-c6a089ec38ab,c2,c3,1265,?,x10,
1769494525.1588109,SENT,c16c7402-e5a8-4e51-9c1c-88864ea93c36,61e7828b-7804-47a1-a008-11a59972a267,c5,DROP,683,?,x5,
1769494525.158851,FORWARDED,c16c7402-e5a8-4e51-9c1c-88864ea93c36,61e7828b-7804-47a1-a008-11a59972a267,c5,DROP,683,?,x5,
1769494525.234536,RECEIVED,eeb5412f-c323-46a5-b58c-8a8139dd0bd7,d3f1e18b-47eb-4c59-8333-2096f48e7e47,c3,DROP,444,x1,?,
1769494525.2745438,SENT,febcc06c-6ab1-4c27-bee4-94a24ce26381,e44dce90-1aea-4420-a7ac-5fc4c08ddb93,c5,DROP,690,?,x10,
1769494525.2745836,FORWARDED,febcc06c-6ab1-4c27-bee4-94a24ce26381,e44dce90-1aea-4420-a7ac-5fc4c08ddb93,c5,DROP,690,?,x10,
1769494525.4399858,SENT,b05aed33-1dc2-4066-ac7f-b01c453bf2c8,5b4c7192-4f27-467d-a579-28e9f92f82ca,c2,DROP,683,?,x5,
1769494525.440023,FORWARDED,b05aed33-1dc2-4066-ac7f-b01c453bf2c8,5b4c7192-4f27-467d-a579-28e9f92f82ca,c2,DROP,683,?,x5,
1769494525.642361,RECEIVED,8f527e2c-3732-4545-9bc7-86833947c8a8,7ff9845e-6dae-4561-a85c-b329082514cb,c2,DROP,1019,e11,?,
1769494525.707329,RECEIVED,949181eb-1195-40b7-9f47-0cf8a535c4d3,fab8fc96-0557-4d99-b3b2-fee77d4dcc96,c5,DROP,445,x12,?,
1769494525.933036,RECEIVED,c81db34e-d55c-4289-b0c4-93ca07d6e06e,967201c8-beb9-46e4-bd9b-ff8a00ff3de0,c1,DROP,1016,e4,?,
1769494525.9374485,RECEIVED,11cdad2f-86bc-4651-93da-84cf562dd01d,5e4f1c54-9be7-4ada-aa56-fd8e7f63beb1,c1,DROP,1019,e10,?,
1769494526.1080317,SENT,8f527e2c-3732-4545-9bc7-86833947c8a8,7ff9845e-6dae-4561-a85c-b329082514cb,c2,DROP,691,?,x8,
1769494526.1080852,FORWARDED,8f527e2c-3732-4545-9bc7-86833947c8a8,7ff9845e-6dae-4561-a85c-b329082514cb,c2,DROP,691,?,x8,
1769494526.170986,RECEIVED,1d9582a2-1cdf-4e23-86ad-78cbb801f672,dcdb4483-78c0-4feb-9d5f-c5c2958da373,c1,DROP,1021,e10,?,
1769494526.226625,RECEIVED,d636f80b-73b7-4860-b8fd-509fb5e427ed,3463d804-3024-435f-9820-6dc47cb85c47,c5,DROP,442,x3,?,
1769494526.2276058,RECEIVED,30ae7283-f189-42b1-a8fe-3a5bed3ea4f7,962258bc-712c-4a61-8e3f-a82a9d69b82b,c1,DROP,1019,e11,?,
1769494526.286003,SENT,1d9582a2-1cdf-4e23-86ad-78cbb801f672,dcdb4483-78c0-4feb-9d5f-c5c2958da373,c1,DROP,692,?,x11,
1769494526.2860432,FORWARDED,1d9582a2-1cdf-4e23-86ad-78cbb801f672,dcdb4483-78c0-4feb-9d5f-c5c2958da373,c1,DROP,692,?,x11,
1769494526.3254395,SENT,c81db34e-d55c-4289-b0c4-93ca07d6e06e,967201c8-beb9-46e4-bd9b-ff8a00ff3de0,c1,DROP,688,?,x2,
1769494526.3254802,FORWARDED,c81db34e-d55c-4289-b0c4-93ca07d6e06e,967201c8-beb9-46e4-bd9b-ff8a00ff3de0,c1,DROP,688,?,x2,
1769494526.3536224,RECEIVED,97e7da0d-785a-4612-9d51-7153dd6e5011,0762b3e9-5512-47b3-9a9e-9ce378f778ce,c5,DROP,1007,e5,?,
1769494526.3796148,RECEIVED,64b5cef9-f05f-489c-864e-eb074a27a272,0a3d6688-0080-4771-b7e4-7f703585e457,c4,DROP,445,x1,?,
1769494526.4110708,RECEIVED,3c665e4b-3dd6-40d2-8794-f17a32fadf74,a3265123-7c90-45d1-86f7-4d848b3e2463,c3,c5,1775,e10,?,
1769494526.4988613,SENT,778a532a-2a3f-4e0a-ab6c-6bd0014b49f5,921a984b-ea9f-4873-a71b-7c365d1cab60,c2,DROP,685,?,x1,
1769494526.498898,FORWARDED,778a532a-2a3f-4e0a-ab6c-6bd0014b49f5,921a984b-ea9f-4873-a71b-7c365d1cab60,c2,DROP,685,?,x1,
1769494526.5526597,RECEIVED,3b2453c9-2c97-45c6-bc6a-dc740836e7b6,0f445932-5047-402f-bd3d-b61a521c8b3f,c1,DROP,1011,e2,?,
1769494526.5648649,RECEIVED,2d448148-d8d9-4af2-bce9-06d89a60d33c,b2d4c73e-a94d-4074-a20d-3e3024c5dc15,c3,DROP,1008,e6,?,
1769494526.6577947,RECEIVED,c14e1df4-9055-438d-bb65-df61c38b81da,0df42177-c0ba-4acf-afb9-f2243bc4ee1c,c2,DROP,1008,e1,?,
1769494526.7371871,RECEIVED,f1c137fc-d7f8-4288-954b-6027a9465ba7,b76278fe-e51f-480a-98ca-5a7eaaadaa7e,c4,DROP,1007,e3,?,
1769494526.7756474,SENT,2d448148-d8d9-4af2-bce9-06d89a60d33c,b2d4c73e-a94d-4074-a20d-3e3024c5dc15,c3,DROP,684,?,x5,
1769494526.7758958,FORWARDED,2d448148-d8d9-4af2-bce9-06d89a60d33c,b2d4c73e-a94d-4074-a20d-3e3024c5dc15,c3,DROP,684,?,x5,
1769494526.8557227,RECEIVED,bf3c6d07-444b-41c9-b599-511559a1f6cb,7023c80a-aae4-4491-ade4-864060ddd3f9,c4,DROP,1013,e11,?,
1769494526.9258413,SENT,bf3c6d07-444b-41c9-b599-511559a1f6cb,7023c80a-aae4-4491-ade4-864060ddd3f9,c4,DROP,687,?,x10,
1769494526.9258873,FORWARDED,bf3c6d07-444b-41c9-b599-511559a1f6cb,7023c80a-aae4-4491-ade4-864060ddd3f9,c4,DROP,687,?,x10,
1769494526.9512515,SENT,3b2453c9-2c97-45c6-bc6a-dc740836e7b6,0f445932-5047-402f-bd3d-b61a521c8b3f,c1,DROP,685,?,x7,
1769494526.9512937,FORWARDED,3b2453c9-2c97-45c6-bc6a-dc740836e7b6,0f445932-5047-402f-bd3d-b61a521c8b3f,c1,DROP,685,?,x7,
1769494527.0240152,RECEIVED,d0a860c5-35d3-4168-ac3b-b6cdc8ef6c84,bff6adb9-bd78-4116-9724-75b9202eec2e,c4,DROP,1009,e1,?,
1769494527.0474162,SENT,d0a860c5-35d3-4168-ac3b-b6cdc8ef6c84,bff6adb9-bd78-4116-9724-75b9202eec2e,c4,DROP,683,?,x7,
1769494527.047458,FORWARDED,d0a860c5-35d3-4168-ac3b-b6cdc8ef6c84,bff6adb9-bd78-4116-9724-75b9202eec2e,c4,DROP,683,?,x7,
1769494527.0495512,SENT,c14e1df4-9055-438d-bb65-df61c38b81da,0df42177-c0ba-4acf-afb9-f2243bc4ee1c,c2,DROP,683,?,x4,
1769494527.0495915,FORWARDED,c14e1df4-9055-438d-bb65-df61c38b81da,0df42177-c0ba-4acf-afb9-f2243bc4ee1c,c2,DROP,683,?,x4,
1769494527.0514271,RECEIVED,2e45bdca-4878-4c2f-a35b-316ed1d31b99,d1fdabb9-5197-4111-8280-198363f7addc,c3,c5,1762,e8,?,
1769494527.1005814,SENT,f1c137fc-d7f8-4288-954b-6027a9465ba7,b76278fe-e51f-480a-98ca-5a7eaaadaa7e,c4,DROP,683,?,x9,
1769494527.1006212,FORWARDED,f1c137fc-d7f8-4288-954b-6027a9465ba7,b76278fe-e51f-480a-98ca-5a7eaaadaa7e,c4,DROP,683,?,x9,
1769494527.1585436,SENT,3c665e4b-3dd6-40d2-8794-f17a32fadf74,a3265123-7c90-45d1-86f7-4d848b3e2463,c3,c5,1259,?,x4,
1769494527.1585808,FORWARDED,3c665e4b-3dd6-40d2-8794-f17a32fadf74,a3265123-7c90-45d1-86f7-4d848b3e2463,c3,c5,1259,?,x4,
1769494527.1701446,RECEIVED,71bf91c9-0dae-41d0-8d29-fe9149307765,2e5f0fc7-3241-412f-8c48-1f6f44ede5d6,c1,DROP,445,x3,?,
1769494527.2670865,SENT,30ae7283-f189-42b1-a8fe-3a5bed3ea4f7,962258bc-712c-4a61-8e3f-a82a9d69b82b,c1,DROP,693,?,x9,
1769494527.267125,FORWARDED,30ae7283-f189-42b1-a8fe-3a5bed3ea4f7,962258bc-712c-4a61-8e3f-a82a9d69b82b,c1,DROP,693,?,x9,
1769494527.3213353,RECEIVED,6d5ca608-9252-44df-aff0-4d188f5fe79c,4bdcbff3-efc9-4e3a-9f51-763f08573111,c3,c5,1763,e2,?,
1769494527.3229356,SENT,11cdad2f-86bc-4651-93da-84cf562dd01d,5e4f1c54-9be7-4ada-aa56-fd8e7f63beb1,c1,DROP,693,?,x4,
1769494527.322975,FORWARDED,11cdad2f-86bc-4651-93da-84cf562dd01d,5e4f1c54-9be7-4ada-aa56-fd8e7f63beb1,c1,DROP,693,?,x4,
1769494527.4843335,RECEIVED,05429ac0-415c-4746-8c46-f201b1847545,96bc999e-ff3d-427b-9a9e-d708ae408d08,c3,DROP,1007,e9,?,
1769494527.7472162,RECEIVED,3163f592-0337-42dc-bc5b-8938726203e6,e086359a-11c4-47e1-9252-b99e406712b7,c3,DROP,1017,e9,?,
1769494527.8141193,SENT,3163f592-0337-42dc-bc5b-8938726203e6,e086359a-11c4-47e1-9252-b99e406712b7,c3,DROP,688,?,x10,
1769494527.8141592,FORWARDED,3163f592-0337-42dc-bc5b-8938726203e6,e086359a-11c4-47e1-9252-b99e406712b7,c3,DROP,688,?,x10,
1769494527.8259282,SENT,05429ac0-415c-4746-8c46-f201b1847545,96bc999e-ff3d-427b-9a9e-d708ae408d08,c3,DROP,683,?,x1,
1769494527.8259683,FORWARDED,05429ac0-415c-4746-8c46-f201b1847545,96bc999e-ff3d-427b-9a9e-d708ae408d08,c3,DROP,683,?,x1,
1769494527.848871,SENT,2e45bdca-4878-4c2f-a35b-316ed1d31b99,d1fdabb9-5197-4111-8280-198363f7addc,c3,c5,1251,?,x1,
1769494527.8489115,FORWARDED,2e45bdca-4878-4c2f-a35b-316ed1d31b99,d1fdabb9-5197-4111-8280-198363f7addc,c3,c5,1251,?,x1,
1769494527.9554865,RECEIVED,f4c5c1d3-d509-4249-a303-17218c2a8f45,e2cb760e-60f1-4277-bcf0-e5223ba0e714,c1,DROP,1008,e1,?,
1769494528.0465922,RECEIVED,d78f9f10-de46-4900-9e25-7fc3ceb9a816,6192fd96-c0f6-4d9d-910b-7bd7ad53adb3,c2,DROP,1019,e12,?,
1769494528.0475616,RECEIVED,dfc3e264-17ff-4476-8315-cbc7d3d5261a,a152bc97-ce72-4b8b-ad44-47c1df951c96,c3,DROP,442,x3,?,
1769494528.0512028,SENT,f4c5c1d3-d509-4249-a303-17218c2a8f45,e2cb760e-60f1-4277-bcf0-e5223ba0e714,c1,DROP,684,?,x5,
1769494528.051245,FORWARDED,f4c5c1d3-d509-4249-a303-17218c2a8f45,e2cb760e-60f1-4277-bcf0-e5223ba0e714,c1,DROP,684,?,x5,
1769494528.4008703,RECEIVED,8ba03c16-1c25-4c6e-ae20-3a7c6dfe4ed5,d1ca3fd8-dffe-48bb-bb6f-dfea0966ade7,c1,c5,1779,e7,?,
1769494528.5651476,RECEIVED,727782ed-f4be-42e0-9c47-13bc91011e5b,ab2bc383-8baa-41f4-bbd3-3cb9b751b90d,c5,DROP,1016,e1,?,
1769494528.811514,SENT,727782ed-f4be-42e0-9c47-13bc91011e5b,ab2bc383-8baa-41f4-bbd3-3cb9b751b90d,c5,DROP,688,?,x3,
1769494528.811556,FORWARDED,727782ed-f4be-42e0-9c47-13bc91011e5b,ab2bc383-8baa-41f4-bbd3-3cb9b751b90d,c5,DROP,688,?,x3,
1769494528.8215742,RECEIVED,79eae87e-fb02-4c76-9acd-b5ea9742939b,7fb035c5-949e-4086-8df6-6e4fb54f2617,c3,DROP,442,x11,?,
1769494528.9585915,RECEIVED,182a4037-d943-47a9-adb0-fc40781239da,3c762fb1-317f-44d9-a82f-63760d49fc7c,c4,DROP,1015,e5,?,
1769494529.009291,RECEIVED,803a9b53-a2c4-4faa-9ba4-9d8b9feb772f,237025ee-774b-4173-9573-34920a1f7b5c,c5,DROP,1015,e12,?,
1769494529.0494566,SENT,d78f9f10-de46-4900-9e25-7fc3ceb9a816,6192fd96-c0f6-4d9d-910b-7bd7ad53adb3,c2,DROP,691,?,x11,
1769494529.0494964,FORWARDED,d78f9f10-de46-4900-9e25-7fc3ceb9a816,6192fd96-c0f6-4d9d-910b-7bd7ad53adb3,c2,DROP,691,?,x11,
1769494529.1087737,SENT,803a9b53-a2c4-4faa-9ba4-9d8b9feb772f,237025ee-774b-4173-9573-34920a1f7b5c,c5,DROP,688,?,x5,
1769494529.1088119,FORWARDED,803a9b53-a2c4-4faa-9ba4-9d8b9feb772f,237025ee-774b-4173-9573-34920a1f7b5c,c5,DROP,688,?,x5,
1769494529.1372173,RECEIVED,eb9158cf-11f4-4cdb-bba2-8240c8dc9f34,18138e1a-bb49-4ea8-920e-de77cc176f44,c4,DROP,1008,e4,?,
1769494529.195251,SENT,182a4037-d943-47a9-adb0-fc40781239da,3c762fb1-317f-44d9-a82f-63760d49fc7c,c4,DROP,688,?,x3,
1769494529.1953063,FORWARDED,182a4037-d943-47a9-adb0-fc40781239da,3c762fb1-317f-44d9-a82f-63760d49fc7c,c4,DROP,688,?,x3,
1769494529.207588,SENT,eb9158cf-11f4-4cdb-bba2-8240c8dc9f34,18138e1a-bb49-4ea8-920e-de77cc176f44,c4,DROP,684,?,x6,
1769494529.2076278,FORWARDED,eb9158cf-11f4-4cdb-bba2-8240c8dc9f34,18138e1a-bb49-4ea8-920e-de77cc176f44,c4,DROP,684,?,x6,
1769494529.224749,RECEIVED,bbc4122b-40a0-48b4-921c-b449db8d9485,5c5e2ad2-0ee9-42ac-bd8d-d407ba415c72,c5,DROP,440,x2,?,
1769494529.3003676,RECEIVED,2646c7b1-b9e1-485d-b7a8-ac7ce87cff20,bfdd8407-e9ff-49ed-a6ee-de4604a52016,c3,DROP,1012,e9,?,
1769494529.313673,SENT,2646c7b1-b9e1-485d-b7a8-ac7ce87cff20,bfdd8407-e9ff-49ed-a6ee-de4604a52016,c3,DROP,687,?,x11,
1769494529.3137126,FORWARDED,2646c7b1-b9e1-485d-b7a8-ac7ce87cff20,bfdd8407-e9ff-49ed-a6ee-de4604a52016,c3,DROP,687,?,x11,
1769494529.4870079,SENT,6d5ca608-9252-44df-aff0-4d188f5fe79c,4bdcbff3-efc9-4e3a-9f51-763f08573111,c3,c5,1250,?,x4,
1769494529.4870405,FORWARDED,6d5ca608-9252-44df-aff0-4d188f5fe79c,4bdcbff3-efc9-4e3a-9f51-763f08573111,c3,c5,1250,?,x4,
1769494529.5155077,RECEIVED,54b5ddc1-aa0e-4b83-9795-2bca21f42dd9,f605f108-ecd9-48af-8e12-ca17d7f73e76,c2,DROP,1007,e9,?,
1769494529.566658,RECEIVED,0a36b3b4-3dec-4d7d-ae2f-f6fb11936a8b,7f83a6da-b27e-4bd7-8933-a4d93f1f40d0,c2,DROP,1016,e2,?,
1769494529.6279087,RECEIVED,933dd80d-5975-40fe-b015-4edfb20695b8,2c39ab3f-9442-4908-8e7d-78b5bc36845f,c3,DROP,1020,e11,?,
1769494529.6819835,SENT,0a36b3b4-3dec-4d7d-ae2f-f6fb11936a8b,7f83a6da-b27e-4bd7-8933-a4d93f1f40d0,c2,DROP,688,?,x9,
1769494529.6820245,FORWARDED,0a36b3b4-3dec-4d7d-ae2f-f6fb11936a8b,7f83a6da-b27e-4bd7-8933-a4d93f1f40d0,c2,DROP,688,?,x9,
1769494529.8767812,SENT,8ba03c16-1c25-4c6e-ae20-3a7c6dfe4ed5,d1ca3fd8-dffe-48bb-bb6f-dfea0966ade7,c1,c5,1261,?,x1,
1769494529.8768227,FORWARDED,8ba03c16-1c25-4c6e-ae20-3a7c6dfe4ed5,d1ca3fd8-dffe-48bb-bb6f-dfea0966ade7,c1,c5,1261,?,x1,
1769494530.0140636,RECEIVED,c08d3af8-ad92-4fef-8ed5-a479bad5750b,64c8eb65-a634-48f3-ad30-fcd59aa7509c,c3,DROP,1007,e6,?,
1769494530.0563812,SENT,933dd80d-5975-40fe-b015-4edfb20695b8,2c39ab3f-9442-4908-8e7d-78b5bc36845f,c3,DROP,693,?,x9,
1769494530.0564191,FORWARDED,933dd80d-5975-40fe-b015-4edfb20695b8,2c39ab3f-9442-4908-8e7d-78b5bc36845f,c3,DROP,693,?,x9,
1769494530.0972712,SENT,54b5ddc1-aa0e-4b83-9795-2bca21f42dd9,f605f108-ecd9-48af-8e12-ca17d7f73e76,c2,DROP,684,?,x3,
1769494530.0973108,FORWARDED,54b5ddc1-aa0e-4b83-9795-2bca21f42dd9,f605f108-ecd9-48af-8e12-ca17d7f73e76,c2,DROP,684,?,x3,
1769494530.2000234,SENT,97e7da0d-785a-4612-9d51-7153dd6e5011,0762b3e9-5512-47b3-9a9e-9ce378f778ce,c5,DROP,684,?,x5,
1769494530.2000759,FORWARDED,97e7da0d-785a-4612-9d51-7153dd6e5011,0762b3e9-5512-47b3-9a9e-9ce378f778ce,c5,DROP,684,?,x5,
1769494530.2182045,RECEIVED,aac29652-fab4-487a-98e2-8c7d537267d3,9aef5ce3-baf5-468f-9c98-053f583c3a76,c4,DROP,1008,e5,?,
1769494530.47473,SENT,aac29652-fab4-487a-98e2-8c7d537267d3,9aef5ce3-baf5-468f-9c98-053f583c3a76,c4,DROP,684,?,x7,
1769494530.4747713,FORWARDED,aac29652-fab4-487a-98e2-8c7d537267d3,9aef5ce3-baf5-468f-9c98-053f583c3a76,c4,DROP,684,?,x7,
1769494530.605971,RECEIVED,955f3406-73a5-481e-a8a8-85614c012fff,5186b2fa-7cde-4b67-a1f1-8a4d5439ed0f,c5,DROP,1012,e1,?,
1769494530.6319447,RECEIVED,d72d4ed5-a950-4af5-b96b-5c683bdd6ee6,9df122db-87f9-4d19-8389-dad4359bcc18,c5,DROP,1020,e11,?,
1769494530.66053,SENT,955f3406-73a5-481e-a8a8-85614c012fff,5186b2fa-7cde-4b67-a1f1-8a4d5439ed0f,c5,DROP,685,?,x3,
1769494530.6605692,FORWARDED,955f3406-73a5-481e-a8a8-85614c012fff,5186b2fa-7cde-4b67-a1f1-8a4d5439ed0f,c5,DROP,685,?,x3,
1769494530.6954198,RECEIVED,82a00e7b-877a-4f8a-b35a-b4bdef12d4dd,194b6e6f-068d-465f-8d1e-cc2b8d32b6c8,c3,DROP,1017,e5,?,
1769494530.764843,SENT,82a00e7b-877a-4f8a-b35a-b4bdef12d4dd,194b6e6f-068d-465f-8d1e-cc2b8d32b6c8,c3,DROP,688,?,x1,
1769494530.7648778,FORWARDED,82a00e7b-877a-4f8a-b35a-b4bdef12d4dd,194b6e6f-068d-465f-8d1e-cc2b8d32b6c8,c3,DROP,688,?,x1,
1769494530.8018782,RECEIVED,78d4be74-4fcb-44d3-8964-95944c7a4c35,42762b6d-a27d-4181-8181-6a56dfd79193,c2,DROP,1020,e9,?,
1769494530.8161774,SENT,c08d3af8-ad92-4fef-8ed5-a479bad5750b,64c8eb65-a634-48f3-ad30-fcd59aa7509c,c3,DROP,683,?,x2,
1769494530.816218,FORWARDED,c08d3af8-ad92-4fef-8ed5-a479bad5750b,64c8eb65-a634-48f3-ad30-fcd59aa7509c,c3,DROP,683,?,x2,
1769494530.8511844,RECEIVED,ee57d34c-f6e7-416a-ae03-3d8fe049a4a3,96dbfd5d-e060-4237-af24-a953df380e64,c2,DROP,1019,e12,?,
1769494530.8677478,SENT,d72d4ed5-a950-4af5-b96b-5c683bdd6ee6,9df122db-87f9-4d19-8389-dad4359bcc18,c5,DROP,692,?,x7,
1769494530.8677883,FORWARDED,d72d4ed5-a950-4af5-b96b-5c683bdd6ee6,9df122db-87f9-4d19-8389-dad4359bcc18,c5,DROP,692,?,x7,
1769494530.9456425,SENT,78d4be74-4fcb-44d3-8964-95944c7a4c35,42762b6d-a27d-4181-8181-6a56dfd79193,c2,DROP,693,?,x2,
1769494530.9456823,FORWARDED,78d4be74-4fcb-44d3-8964-95944c7a4c35,42762b6d-a27d-4181-8181-6a56dfd79193,c2,DROP,693,?,x2,
1769494530.9531157,RECEIVED,98fead0a-6d65-42e8-833e-14e588579c25,583771f3-3954-45bf-92d2-c5d184a2b8cd,c3,c5,1787,e4,?,
1769494531.1392133,RECEIVED,bef46769-1b45-4048-bc2e-9532dbe0f521,93f19120-09c2-472f-8d49-c78e3dc7cd6e,c2,DROP,1016,e5,?,
1769494531.2847044,SENT,ee57d34c-f6e7-416a-ae03-3d8fe049a4a3,96dbfd5d-e060-4237-af24-a953df380e64,c2,DROP,691,?,x8,
1769494531.284752,FORWARDED,ee57d34c-f6e7-416a-ae03-3d8fe049a4a3,96dbfd5d-e060-4237-af24-a953df380e64,c2,DROP,691,?,x8,
1769494531.516206,SENT,98fead0a-6d65-42e8-833e-14e588579c25,583771f3-3954-45bf-92d2-c5d184a2b8cd,c3,c5,1267,?,x9,
1769494531.516244,FORWARDED,98fead0a-6d65-42e8-833e-14e588579c25,583771f3-3954-45bf-92d2-c5d184a2b8cd,c3,c5,1267,?,x9,
1769494531.5204542,SENT,bef46769-1b45-4048-bc2e-9532dbe0f521,93f19120-09c2-472f-8d49-c78e3dc7cd6e,c2,DROP,689,?,x1,
1769494531.5204976,FORWARDED,bef46769-1b45-4048-bc2e-9532dbe0f521,93f19120-09c2-472f-8d49-c78e3dc7cd6e,c2,DROP,689,?,x1,
1769494531.5239747,RECEIVED,083ca906-24fd-4920-8521-b5903d20ca2e,246c2386-3e7d-41be-8a9f-79cf0c30ef30,c2,c3,1779,e2,?,
1769494532.1006088,SENT,083ca906-24fd-4920-8521-b5903d20ca2e,246c2386-3e7d-41be-8a9f-79cf0c30ef30,c2,c3,1263,?,x6,
1769494532.1006489,FORWARDED,083ca906-24fd-4920-8521-b5903d20ca2e,246c2386-3e7d-41be-8a9f-79cf0c30ef30,c2,c3,1263,?,x6,
1769494532.2058983,RECEIVED,7ec1be2d-95d5-4166-8f31-8dd3a9cd623d,d1598ec1-1cb9-402d-8665-fc8308a229e8,c5,DROP,1020,e11,?,
1769494532.2672942,RECEIVED,97e5369c-6f43-409f-b570-c55bc32340d8,fdf961ea-a665-4d46-8251-6cb325b36903,c5,DROP,447,x8,?,
1769494532.2757206,SENT,7ec1be2d-95d5-4166-8f31-8dd3a9cd623d,d1598ec1-1cb9-402d-8665-fc8308a229e8,c5,DROP,693,?,x4,
1769494532.2757635,FORWARDED,7ec1be2d-95d5-4166-8f31-8dd3a9cd623d,d1598ec1-1cb9-402d-8665-fc8308a229e8,c5,DROP,693,?,x4,
1769494532.3568573,RECEIVED,872b0fbd-cbf1-4e45-8b81-23b7a8344c6b,dc36faee-a0aa-4db4-9eb7-5703cdce3527,c3,c5,1767,e2,?,
1769494532.3891003,RECEIVED,3be53543-c15d-43bd-b6c2-dc52f3382b81,f3f92bb0-8aa6-4abf-a28f-001ba854fd3d,c3,DROP,1019,e4,?,
1769494532.4957626,SENT,872b0fbd-cbf1-4e45-8b81-23b7a8344c6b,dc36faee-a0aa-4db4-9eb7-5703cdce3527,c3,c5,1252,?,x4,
1769494532.4958014,FORWARDED,872b0fbd-cbf1-4e45-8b81-23b7a8344c6b,dc36faee-a0aa-4db4-9eb7-5703cdce3527,c3,c5,1252,?,x4,
1769494532.5826604,RECEIVED,e4073ed1-d268-4d6d-8bf1-cfb743909a77,5e598172-3f3b-4624-a77b-99ec6de3b2d7,c4,DROP,1020,e12,?,
1769494532.7593498,SENT,e4073ed1-d268-4d6d-8bf1-cfb743909a77,5e598172-3f3b-4624-a77b-99ec6de3b2d7,c4,DROP,691,?,x8,
1769494532.7593913,FORWARDED,e4073ed1-d268-4d6d-8bf1-cfb743909a77,5e598172-3f3b-4624-a77b-99ec6de3b2d7,c4,DROP,691,?,x8,
1769494532.7958264,RECEIVED,61d85fc8-26d4-484a-9fac-25ca1eb47d1e,b2285357-f50d-41d7-9946-ac52b2fa0bac,c5,DROP,1015,e3,?,
1769494532.7971563,RECEIVED,8835ffbd-5b99-49f7-bdb1-96ff357031a0,377a5d21-7189-457c-93b3-48ff28818f83,c1,DROP,1007,e8,?,
1769494532.926643,RECEIVED,ea30c3e8-efa3-46b8-86f3-e4135a36ede5,a7c7b352-f664-4221-97de-17dc1de25591,c4,DROP,1007,e2,?,
1769494532.9513757,RECEIVED,ab0f5f93-38d8-4597-bf02-099d759e4800,7db67452-e2b1-465c-bfa3-e265b2607c87,c2,DROP,1007,e10,?,
1769494533.0146315,SENT,8835ffbd-5b99-49f7-bdb1-96ff357031a0,377a5d21-7189-457c-93b3-48ff28818f83,c1,DROP,684,?,x2,
1769494533.0146713,FORWARDED,8835ffbd-5b99-49f7-bdb1-96ff357031a0,377a5d21-7189-457c-93b3-48ff28818f83,c1,DROP,684,?,x2,
1769494533.0541842,SENT,ea30c3e8-efa3-46b8-86f3-e4135a36ede5,a7c7b352-f664-4221-97de-17dc1de25591,c4,DROP,684,?,x2,
1769494533.0542247,FORWARDED,ea30c3e8-efa3-46b8-86f3-e4135a36ede5,a7c7b352-f664-4221-97de-17dc1de25591,c4,DROP,684,?,x2,
1769494533.1729238,SENT,61d85fc8-26d4-484a-9fac-25ca1eb47d1e,b2285357-f50d-41d7-9946-ac52b2fa0bac,c5,DROP,689,?,x8,
1769494533.1729643,FORWARDED,61d85fc8-26d4-484a-9fac-25ca1eb47d1e,b2285357-f50d-41d7-9946-ac52b2fa0bac,c5,DROP,689,?,x8,
1769494533.2204669,RECEIVED,1f952faf-0a64-41d0-aed7-abac3a6a9a37,69a4a401-c16b-41a9-8ccc-44246f5fc515,c3,DROP,441,x9,?,
1769494533.417779,RECEIVED,5f895543-1d57-45af-a8b6-1af44398200a,64dbf25f-61a3-4d59-a2a4-94bf4fec57cd,c5,DROP,1012,e7,?,
1769494533.532458,SENT,3be53543-c15d-43bd-b6c2-dc52f3382b81,f3f92bb0-8aa6-4abf-a28f-001ba854fd3d,c3,DROP,692,?,x9,
1769494533.5324981,FORWARDED,3be53543-c15d-43bd-b6c2-dc52f3382b81,f3f92bb0-8aa6-4abf-a28f-001ba854fd3d,c3,DROP,692,?,x9,
1769494533.6108332,RECEIVED,869e9864-76b3-477d-b7d5-d57789dac638,949d29de-b16e-46df-a937-dde015195239,c5,DROP,1017,e11,?,
1769494533.6538718,SENT,869e9864-76b3-477d-b7d5-d57789dac638,949d29de-b16e-46df-a937-dde015195239,c5,DROP,688,?,x2,
1769494533.6539147,FORWARDED,869e9864-76b3-477d-b7d5-d57789dac638,949d29de-b16e-46df-a937-dde015195239,c5,DROP,688,?,x2,
1769494533.6663446,SENT,5f895543-1d57-45af-a8b6-1af44398200a,64dbf25f-61a3-4d59-a2a4-94bf4fec57cd,c5,DROP,686,?,x6,
1769494533.6663866,FORWARDED,5f895543-1d57-45af-a8b6-1af44398200a,64dbf25f-61a3-4d59-a2a4-94bf4fec57cd,c5,DROP,686,?,x6,
1769494533.8811152,RECEIVED,e2999f43-0d72-4dd8-a110-0d9a2f51a6dc,baa3d352-5657-4184-ac7b-84b323b2278e,c3,DROP,1020,e7,?,
1769494534.1400378,RECEIVED,bb0565b1-2705-4228-a7a7-5219f98d54f3,c2c97a38-9270-4620-9507-b8286864fd41,c1,DROP,1020,e3,?,
1769494534.159184,SENT,ab0f5f93-38d8-4597-bf02-099d759e4800,7db67452-e2b1-465c-bfa3-e265b2607c87,c2,DROP,683,?,x4,
1769494534.159317,FORWARDED,ab0f5f93-38d8-4597-bf02-099d759e4800,7db67452-e2b1-465c-bfa3-e265b2607c87,c2,DROP,683,?,x4,
1769494534.280808,RECEIVED,5ce5a3da-b875-48cd-a29d-bf09a7bc0f08,59d5e25e-7033-47a8-8f5e-537b8d564127,c2,DROP,1019,e12,?,
1769494534.3266058,RECEIVED,fe07131b-85dc-4e01-8a8d-850b6b0391fa,4e33010a-cfcf-4a0c-bf39-920c65082155,c4,c5,1764,e9,?,
1769494534.3332837,RECEIVED,7afc613c-f5d0-456e-993e-dda0c40562ce,abbd593b-99d0-4491-ad32-3a8748291750,c3,DROP,442,x4,?,
1769494534.3887746,RECEIVED,018ee8d1-d3fc-47ae-8d16-4618c5575cbb,0cb09fa5-dc3c-4590-97e2-d3c00835531b,c3,c5,1769,e11,?,
1769494534.4012353,RECEIVED,a3de900a-7f03-4420-a77b-3e5453e01f01,3b0f1d1e-1853-4e64-8564-115620d20279,c1,c5,1780,e11,?,
1769494534.4153464,SENT,018ee8d1-d3fc-47ae-8d16-4618c5575cbb,0cb09fa5-dc3c-4590-97e2-d3c00835531b,c3,c5,1252,?,x4,
1769494534.4153855,FORWARDED,018ee8d1-d3fc-47ae-8d16-4618c5575cbb,0cb09fa5-dc3c-4590-97e2-d3c00835531b,c3,c5,1252,?,x4,
1769494534.4169164,SENT,e2999f43-0d72-4dd8-a110-0d9a2f51a6dc,baa3d352-5657-4184-ac7b-84b323b2278e,c3,DROP,692,?,x10,
1769494534.4169543,FORWARDED,e2999f43-0d72-4dd8-a110-0d9a2f51a6dc,baa3d352-5657-4184-ac7b-84b323b2278e,c3,DROP,692,?,x10,
1769494534.4883313,SENT,bb0565b1-2705-4228-a7a7-5219f98d54f3,c2c97a38-9270-4620-9507-b8286864fd41,c1,DROP,691,?,x12,
1769494534.4883697,FORWARDED,bb0565b1-2705-4228-a7a7-5219f98d54f3,c2c97a38-9270-4620-9507-b8286864fd41,c1,DROP,691,?,x12,
1769494534.5621061,SENT,fe07131b-85dc-4e01-8a8d-850b6b0391fa,4e33010a-cfcf-4a0c-bf39-920c65082155,c4,c5,1251,?,x6,
1769494534.5621479,FORWARDED,fe07131b-85dc-4e01-8a8d-850b6b0391fa,4e33010a-cfcf-4a0c-bf39-920c65082155,c4,c5,1251,?,x6,
1769494534.804323,RECEIVED,d5febc3a-e210-4c5b-97b1-263b657cf8a7,f67c492b-42d8-4603-b0c1-37e2d4e59765,c4,DROP,1007,e5,?,
1769494535.033455,RECEIVED,a0731622-ab46-4a49-a9ea-281ab531bf29,11fad034-a59e-48b4-8796-63091bed81b8,c4,DROP,1009,e7,?,
1769494535.0659132,SENT,a0731622-ab46-4a49-a9ea-281ab531bf29,11fad034-a59e-48b4-8796-63091bed81b8,c4,DROP,682,?,x6,
1769494535.0659516,FORWARDED,a0731622-ab46-4a49-a9ea-281ab531bf29,11fad034-a59e-48b4-8796-63091bed81b8,c4,DROP,682,?,x6,
1769494535.0776725,RECEIVED,1b4f4b12-6f29-4da7-a83c-24e9d3c973bc,194f3830-8b51-4325-b0cf-ee485c1a7f77,c4,DROP,1011,e3,?,
1769494535.101838,SENT,a3de900a-7f03-4420-a77b-3e5453e01f01,3b0f1d1e-1853-4e64-8564-115620d20279,c1,c5,1263,?,x11,
1769494535.1018786,FORWARDED,a3de900a-7f03-4420-a77b-3e5453e01f01,3b0f1d1e-1853-4e64-8564-115620d20279,c1,c5,1263,?,x11,
1769494535.158079,SENT,5ce5a3da-b875-48cd-a29d-bf09a7bc0f08,59d5e25e-7033-47a8-8f5e-537b8d564127,c2,DROP,692,?,x7,
1769494535.1581235,FORWARDED,5ce5a3da-b875-48cd-a29d-bf09a7bc0f08,59d5e25e-7033-47a8-8f5e-537b8d564127,c2,DROP,692,?,x7,
1769494535.5320728,RECEIVED,2bb6140e-6110-4b96-8f71-e8d63766c854,b266bc96-9aa9-4176-94a1-c1968131bacd,c5,DROP,1008,e5,?,
1769494535.6933591,RECEIVED,de2ad83e-31b4-4d2b-aea4-bab6e8263344,03752666-23b7-48a6-a4e3-66841eaf28e7,c5,DROP,1011,e9,?,
1769494535.7511613,RECEIVED,40a71975-0bc9-4dae-9bb0-d7cfd13a30e6,05681218-73d7-4d0e-a307-552b814b3c9a,c3,DROP,1019,e10,?,
1769494535.8041587,SENT,d5febc3a-e210-4c5b-97b1-263b657cf8a7,f67c492b-42d8-4603-b0c1-37e2d4e59765,c4,DROP,683,?,x3,
1769494535.8042004,FORWARDED,d5febc3a-e210-4c5b-97b1-263b657cf8a7,f67c492b-42d8-4603-b0c1-37e2d4e59765,c4,DROP,683,?,x3,
1769494535.8075004,RECEIVED,413af071-70db-4a4c-bbef-1707789015ff,a659cb95-9022-4bc3-bd3e-892f448fdddc,c4,DROP,1012,e7,?,
1769494535.8259413,SENT,1b4f4b12-6f29-4da7-a83c-24e9d3c973bc,194f3830-8b51-4325-b0cf-ee485c1a7f77,c4,DROP,685,?,x1,
1769494535.8259838,FORWARDED,1b4f4b12-6f29-4da7-a83c-24e9d3c973bc,194f3830-8b51-4325-b0cf-ee485c1a7f77,c4,DROP,685,?,x1,
1769494535.8301558,SENT,40a71975-0bc9-4dae-9bb0-d7cfd13a30e6,05681218-73d7-4d0e-a307-552b814b3c9a,c3,DROP,691,?,x4,
1769494535.8301992,FORWARDED,40a71975-0bc9-4dae-9bb0-d7cfd13a30e6,05681218-73d7-4d0e-a307-552b814b3c9a,c3,DROP,691,?,x4,
1769494535.8551645,RECEIVED,103f27e8-96fd-47f9-bde7-aafe032c33b9,94bd6d17-6fc7-42a9-a141-da5f3830a2c0,c4,DROP,1011,e8,?,
1769494535.8869615,SENT,2bb6140e-6110-4b96-8f71-e8d63766c854,b266bc96-9aa9-4176-94a1-c1968131bacd,c5,DROP,683,?,x1,
1769494535.8870063,FORWARDED,2bb6140e-6110-4b96-8f71-e8d63766c854,b266bc96-9aa9-4176-94a1-c1968131bacd,c5,DROP,683,?,x1,
1769494535.9036093,SENT,413af071-70db-4a4c-bbef-1707789015ff,a659cb95-9022-4bc3-bd3e-892f448fdddc,c4,DROP,685,?,x1,
1769494535.9036536,FORWARDED,413af071-70db-4a4c-bbef-1707789015ff,a659cb95-9022-4bc3-bd3e-892f448fdddc,c4,DROP,685,?,x1,
1769494535.9929106,SENT,de2ad83e-31b4-4d2b-aea4-bab6e8263344,03752666-23b7-48a6-a4e3-66841eaf28e7,c5,DROP,685,?,x4,
1769494535.9929512,FORWARDED,de2ad83e-31b4-4d2b-aea4-bab6e8263344,03752666-23b7-48a6-a4e3-66841eaf28e7,c5,DROP,685,?,x4,
1769494536.1574457,RECEIVED,44b761b0-a480-4feb-9306-846667eaac95,6a744143-19ba-4196-955e-fd072ba6ea58,c1,DROP,1020,e5,?,
1769494536.174801,RECEIVED,e7ff74ec-7d15-4d0c-b529-07f6e816bcf3,7701c8c8-ed78-4835-8ebc-9fb98675c62b,c3,DROP,1007,e9,?,
1769494536.2478013,RECEIVED,60f53682-73bf-4fc4-8d22-8734818081be,2bb86e1e-12ca-4ec9-ada6-6118e7a99da7,c4,DROP,447,x5,?,
1769494536.3893147,SENT,103f27e8-96fd-47f9-bde7-aafe032c33b9,94bd6d17-6fc7-42a9-a141-da5f3830a2c0,c4,DROP,687,?,x5,
1769494536.3893552,FORWARDED,103f27e8-96fd-47f9-bde7-aafe032c33b9,94bd6d17-6fc7-42a9-a141-da5f3830a2c0,c4,DROP,687,?,x5,
1769494536.4432724,SENT,44b761b0-a480-4feb-9306-846667eaac95,6a744143-19ba-4196-955e-fd072ba6ea58,c1,DROP,693,?,x8,
1769494536.443315,FORWARDED,44b761b0-a480-4feb-9306-846667eaac95,6a744143-19ba-4196-955e-fd072ba6ea58,c1,DROP,693,?,x8,
1769494536.4641345,RECEIVED,48690992-35ee-40c0-8f72-4e8f823dd622,86d6533b-51b7-4227-b82b-d7ff2cfb4d7e,c1,DROP,1015,e6,?,
1769494536.5454926,RECEIVED,17ca894a-2815-4e0d-bb5c-9e691ecfc6d8,61f98c0a-ccb3-4e96-bb88-20bb508079ce,c5,c2,1774,e11,?,
1769494536.6083632,RECEIVED,f358bc30-bf4f-445c-abce-80304dcd0dce,c092bc79-4783-4b3c-bfd1-1cd5fe6afcac,c4,DROP,441,x2,?,
1769494536.686759,RECEIVED,bbb27087-a235-4005-b16a-6a190841a759,2fec6d8f-2a99-412c-9e9c-bb1fcee008e3,c3,DROP,1020,e8,?,
1769494537.0742397,SENT,48690992-35ee-40c0-8f72-4e8f823dd622,86d6533b-51b7-4227-b82b-d7ff2cfb4d7e,c1,DROP,688,?,x2,
1769494537.0742815,FORWARDED,48690992-35ee-40c0-8f72-4e8f823dd622,86d6533b-51b7-4227-b82b-d7ff2cfb4d7e,c1,DROP,688,?,x2,
1769494537.13304,SENT,e7ff74ec-7d15-4d0c-b529-07f6e816bcf3,7701c8c8-ed78-4835-8ebc-9fb98675c62b,c3,DROP,684,?,x3,
1769494537.1330986,FORWARDED,e7ff74ec-7d15-4d0c-b529-07f6e816bcf3,7701c8c8-ed78-4835-8ebc-9fb98675c62b,c3,DROP,684,?,x3,
1769494537.2412305,RECEIVED,fd613c01-fcdd-484a-9163-455eb040bd97,676cf08f-0be6-446d-9de8-f6b1e6491098,c4,DROP,1012,e2,?,
1769494537.2440617,RECEIVED,aef6507b-8c67-468d-8e6e-3509f3b34b4c,e698dc72-4f6b-4f0b-8888-3cf223b270c5,c2,c3,1780,e9,?,
1769494537.334621,SENT,aef6507b-8c67-468d-8e6e-3509f3b34b4c,e698dc72-4f6b-4f0b-8888-3cf223b270c5,c2,c3,1263,?,x9,
1769494537.3346632,FORWARDED,aef6507b-8c67-468d-8e6e-3509f3b34b4c,e698dc72-4f6b-4f0b-8888-3cf223b270c5,c2,c3,1263,?,x9,
1769494537.4433687,SENT,fd613c01-fcdd-484a-9163-455eb040bd97,676cf08f-0be6-446d-9de8-f6b1e6491098,c4,DROP,685,?,x3,
1769494537.4434073,FORWARDED,fd613c01-fcdd-484a-9163-455eb040bd97,676cf08f-0be6-446d-9de8-f6b1e6491098,c4,DROP,685,?,x3,
1769494537.732124,RECEIVED,2c3e3d75-a449-4827-a805-084cdae725da,2c33f2b8-8486-440a-a370-19cec79a9b27,c4,DROP,1015,e7,?,
1769494537.8754096,SENT,bbb27087-a235-4005-b16a-6a190841a759,2fec6d8f-2a99-412c-9e9c-bb1fcee008e3,c3,DROP,692,?,x10,
1769494537.8754542,FORWARDED,bbb27087-a235-4005-b16a-6a190841a759,2fec6d8f-2a99-412c-9e9c-bb1fcee008e3,c3,DROP,692,?,x10,
1769494537.9528518,RECEIVED,e2215a12-b6fc-4078-a5e8-2ae1d9b36fec,c1ddcd7b-2c53-4e1e-9e90-89bec87d15dd,c1,DROP,1020,e10,?,
1769494538.0481036,RECEIVED,28ebffc7-c525-4767-81a3-d9b241e57b1e,8943eb53-55c7-4623-b385-abe48a794de6,c3,c5,1785,e8,?,
1769494538.09768,RECEIVED,7b493356-1eb8-415a-913d-7255a2c9d6bf,9b7fc0f1-7079-441f-bcfd-0280a6920751,c4,DROP,1016,e8,?,
1769494538.107548,SENT,e2215a12-b6fc-4078-a5e8-2ae1d9b36fec,c1ddcd7b-2c53-4e1e-9e90-89bec87d15dd,c1,DROP,692,?,x5,
1769494538.1075895,FORWARDED,e2215a12-b6fc-4078-a5e8-2ae1d9b36fec,c1ddcd7b-2c53-4e1e-9e90-89bec87d15dd,c1,DROP,692,?,x5,
1769494538.2313015,SENT,7b493356-1eb8-415a-913d-7255a2c9d6bf,9b7fc0f1-7079-441f-bcfd-0280a6920751,c4,DROP,688,?,x3,
1769494538.231353,FORWARDED,7b493356-1eb8-415a-913d-7255a2c9d6bf,9b7fc0f1-7079-441f-bcfd-0280a6920751,c4,DROP,688,?,x3,
1769494538.2344754,SENT,28ebffc7-c525-4767-81a3-d9b241e57b1e,8943eb53-55c7-4623-b385-abe48a794de6,c3,c5,1264,?,x12,
1769494538.2345173,FORWARDED,28ebffc7-c525-4767-81a3-d9b241e57b1e,8943eb53-55c7-4623-b385-abe48a794de6,c3,c5,1264,?,x12,
1769494538.4732847,RECEIVED,0c35aa87-c13b-45e0-90d9-17453f4a8fed,7f320ed9-1528-4468-91eb-52c681ff2ce6,c1,DROP,1020,e10,?,
1769494538.8241663,RECEIVED,49b50031-949b-48a5-84e7-a066df499d62,70e6a692-526e-4446-8793-e3080f598022,c1,DROP,442,x6,?,
1769494538.84684,RECEIVED,bf504650-b234-44d6-bd98-ae95259a4fd6,732c8ab9-e33e-47fb-a040-26ced31adeef,c1,c5,1772,e7,?,
1769494538.8536212,SENT,2c3e3d75-a449-4827-a805-084cdae725da,2c33f2b8-8486-440a-a370-19cec79a9b27,c4,DROP,688,?,x6,
1769494538.8536642,FORWARDED,2c3e3d75-a449-4827-a805-084cdae725da,2c33f2b8-8486-440a-a370-19cec79a9b27,c4,DROP,688,?,x6,
1769494538.8669298,SENT,0c35aa87-c13b-45e0-90d9-17453f4a8fed,7f320ed9-1528-4468-91eb-52c681ff2ce6,c1,DROP,691,?,x4,
1769494538.8669755,FORWARDED,0c35aa87-c13b-45e0-90d9-17453f4a8fed,7f320ed9-1528-4468-91eb-52c681ff2ce6,c1,DROP,691,?,x4,
1769494539.0241225,RECEIVED,fd79f0c3-fac5-49cc-af9d-4d9867863fd5,4ede2a13-f730-44e4-bac6-80ef16dab4a6,c3,c5,1766,e5,?,
1769494539.1809013,RECEIVED,b9754ca4-fbde-4fba-a909-1f3f3d3b755c,ad480f3b-569e-41a1-ab1d-0b116e66b7af,c1,DROP,1012,e10,?,
1769494539.26921,SENT,b9754ca4-fbde-4fba-a909-1f3f3d3b755c,ad480f3b-569e-41a1-ab1d-0b116e66b7af,c1,DROP,687,?,x6,
1769494539.2692516,FORWARDED,b9754ca4-fbde-4fba-a909-1f3f3d3b755c,ad480f3b-569e-41a1-ab1d-0b116e66b7af,c1,DROP,687,?,x6,
1769494539.292644,RECEIVED,54e3d9f5-9123-4cf8-b90c-4b99747e5682,e020b315-c225-4990-a2af-d1ac708ab4f0,c5,DROP,447,x12,?,
1769494539.3527179,RECEIVED,62eeab4d-66eb-4919-b236-e49a4fe4da44,2b2948b3-c8e9-4edb-a9eb-db9a721a3f01,c2,c3,1784,e10,?,
1769494539.4262207,SENT,fd79f0c3-fac5-49cc-af9d-4d9867863fd5,4ede2a13-f730-44e4-bac6-80ef16dab4a6,c3,c5,1252,?,x6,
1769494539.4262602,FORWARDED,fd79f0c3-fac5-49cc-af9d-4d9867863fd5,4ede2a13-f730-44e4-bac6-80ef16dab4a6,c3,c5,1252,?,x6,
1769494539.553321,SENT,bf504650-b234-44d6-bd98-ae95259a4fd6,732c8ab9-e33e-47fb-a040-26ced31adeef,c1,c5,1256,?,x12,
1769494539.5533643,FORWARDED,bf504650-b234-44d6-bd98-ae95259a4fd6,732c8ab9-e33e-47fb-a040-26ced31adeef,c1,c5,1256,?,x12,
1769494539.6001332,RECEIVED,21f6a884-20c6-4548-a066-b39e5c3e79f9,1b5fccb5-d990-44a5-86a1-9238aed4a28a,c2,DROP,1016,e7,?,
1769494539.6614757,RECEIVED,42368f1e-1e4f-42d4-9a80-94966b683cc3,8a87d8b2-a13e-4eee-aa68-f059f761ca77,c1,DROP,1012,e3,?,
1769494539.761532,SENT,42368f1e-1e4f-42d4-9a80-94966b683cc3,8a87d8b2-a13e-4eee-aa68-f059f761ca77,c1,DROP,687,?,x9,
1769494539.7615724,FORWARDED,42368f1e-1e4f-42d4-9a80-94966b683cc3,8a87d8b2-a13e-4eee-aa68-f059f761ca77,c1,DROP,687,?,x9,
1769494539.792941,SENT,62eeab4d-66eb-4919-b236-e49a4fe4da44,2b2948b3-c8e9-4edb-a9eb-db9a721a3f01,c2,c3,1264,?,x6,
1769494539.792982,FORWARDED,62eeab4d-66eb-4919-b236-e49a4fe4da44,2b2948b3-c8e9-4edb-a9eb-db9a721a3f01,c2,c3,1264,?,x6,
1769494539.9824402,SENT,21f6a884-20c6-4548-a066-b39e5c3e79f9,1b5fccb5-d990-44a5-86a1-9238aed4a28a,c2,DROP,688,?,x9,
1769494539.9824939,FORWARDED,21f6a884-20c6-4548-a066-b39e5c3e79f9,1b5fccb5-d990-44a5-86a1-9238aed4a28a,c2,DROP,688,?,x9,
1769494540.1196232,RECEIVED,db83419c-9ac3-44d5-b9cc-d0d5490bde9a,537586e3-68e8-45e8-b530-9cf2e1f0bcc0,c1,DROP,1007,e5,?,
1769494540.1479936,RECEIVED,ca622667-a349-411d-bb95-e3201624678c,aa0799ba-1748-49a8-afaa-56b1b7177676,c3,DROP,1004,e3,?,
1769494540.3073585,SENT,ca622667-a349-411d-bb95-e3201624678c,aa0799ba-1748-49a8-afaa-56b1b7177676,c3,DROP,680,?,x11,
1769494540.3074014,FORWARDED,ca622667-a349-411d-bb95-e3201624678c,aa0799ba-1748-49a8-afaa-56b1b7177676,c3,DROP,680,?,x11,
1769494540.3401275,RECEIVED,49d9c8c1-a231-46e1-ba90-a6f2ba8906cc,312e6b6a-a1df-4452-acc5-30736727f84d,c4,DROP,1008,e2,?,
1769494540.3427143,RECEIVED,8a024533-e635-46ca-8121-118795e30223,c6e5bee5-8812-4d02-bd0c-c2bf22cbe04c,c1,DROP,1015,e6,?,
1769494540.5175045,RECEIVED,2321fde5-9312-4756-9a1a-660d80468042,ad974933-3fef-4147-a1a3-7d2f2b4717af,c4,DROP,1012,e9,?,
1769494540.5850868,RECEIVED,c9df652c-217a-4849-a80e-635c19768d82,ab2d8fe2-efca-4be7-bd42-caee253d5b30,c4,DROP,1020,e9,?,
1769494540.688034,SENT,8a024533-e635-46ca-8121-118795e30223,c6e5bee5-8812-4d02-bd0c-c2bf22cbe04c,c1,DROP,688,?,x3,
1769494540.6880863,FORWARDED,8a024533-e635-46ca-8121-118795e30223,c6e5bee5-8812-4d02-bd0c-c2bf22cbe04c,c1,DROP,688,?,x3,
1769494540.6922042,RECEIVED,bc683334-b222-49ee-b07e-9e9a337aa66e,15380698-521e-40aa-88ea-c780e58b322d,c5,DROP,1015,e7,?,
1769494540.7018194,SENT,db83419c-9ac3-44d5-b9cc-d0d5490bde9a,537586e3-68e8-45e8-b530-9cf2e1f0bcc0,c1,DROP,684,?,x7,
1769494540.7018616,FORWARDED,db83419c-9ac3-44d5-b9cc-d0d5490bde9a,537586e3-68e8-45e8-b530-9cf2e1f0bcc0,c1,DROP,684,?,x7,
1769494540.7698185,SENT,2321fde5-9312-4756-9a1a-660d80468042,ad974933-3fef-4147-a1a3-7d2f2b4717af,c4,DROP,687,?,x5,
1769494540.769858,FORWARDED,2321fde5-9312-4756-9a1a-660d80468042,ad974933-3fef-4147-a1a3-7d2f2b4717af,c4,DROP,687,?,x5,
1769494540.81795,SENT,17ca894a-2815-4e0d-bb5c-9e691ecfc6d8,61f98c0a-ccb3-4e96-bb88-20bb508079ce,c5,c2,1260,?,x9,
1769494540.8179934,FORWARDED,17ca894a-2815-4e0d-bb5c-9e691ecfc6d8,61f98c0a-ccb3-4e96-bb88-20bb508079ce,c5,c2,1260,?,x9,
1769494540.8693378,SENT,c9df652c-217a-4849-a80e-635c19768d82,ab2d8fe2-efca-4be7-bd42-caee253d5b30,c4,DROP,692,?,x7,
1769494540.8693776,FORWARDED,c9df652c-217a-4849-a80e-635c19768d82,ab2d8fe2-efca-4be7-bd42-caee253d5b30,c4,DROP,692,?,x7,
1769494541.0439737,SENT,bc683334-b222-49ee-b07e-9e9a337aa66e,15380698-521e-40aa-88ea-c780e58b322d,c5,DROP,688,?,x2,
1769494541.0440183,FORWARDED,bc683334-b222-49ee-b07e-9e9a337aa66e,15380698-521e-40aa-88ea-c780e58b322d,c5,DROP,688,?,x2,
1769494541.0762143,RECEIVED,11b214f9-d0ff-4a17-9df5-cf032c32ccbb,25541004-1150-4da9-ae22-9aaa072d9884,c2,DROP,1007,e9,?,
1769494541.139524,RECEIVED,ae0b63ae-4a0d-4895-ae82-3b40176299d7,6e23dd4e-05c0-4670-a047-21d35adef7d9,c5,DROP,441,x6,?,
1769494541.1453571,SENT,11b214f9-d0ff-4a17-9df5-cf032c32ccbb,25541004-1150-4da9-ae22-9aaa072d9884,c2,DROP,682,?,x5,
1769494541.145398,FORWARDED,11b214f9-d0ff-4a17-9df5-cf032c32ccbb,25541004-1150-4da9-ae22-9aaa072d9884,c2,DROP,682,?,x5,
1769494541.169552,SENT,49d9c8c1-a231-46e1-ba90-a6f2ba8906cc,312e6b6a-a1df-4452-acc5-30736727f84d,c4,DROP,684,?,x11,
1769494541.1695948,FORWARDED,49d9c8c1-a231-46e1-ba90-a6f2ba8906cc,312e6b6a-a1df-4452-acc5-30736727f84d,c4,DROP,684,?,x11,
1769494541.375616,RECEIVED,9dcecb8d-142f-4cbc-9c91-65270181b7eb,dcd18f5d-a38d-4c74-b47f-22a5d13d9db3,c3,DROP,1012,e12,?,
1769494541.4245703,RECEIVED,dfe2aa1e-4406-4390-a01b-351295a6c681,ad180e8e-c430-4f1a-9379-e134a8a12a0d,c2,DROP,441,x5,?,
1769494541.4955635,SENT,9dcecb8d-142f-4cbc-9c91-65270181b7eb,dcd18f5d-a38d-4c74-b47f-22a5d13d9db3,c3,DROP,687,?,x4,
1769494541.4956036,FORWARDED,9dcecb8d-142f-4cbc-9c91-65270181b7eb,dcd18f5d-a38d-4c74-b47f-22a5d13d9db3,c3,DROP,687,?,x4,
1769494541.5370882,RECEIVED,0e3bb4fc-ff0f-4dec-81f2-7e83eb06ad84,70ffd4bc-a106-4497-9cbf-fb5e41ec10d5,c2,DROP,1019,e10,?,
1769494541.6595988,RECEIVED,9aaa108f-f7dc-488a-8a7f-f3e554e1af68,0a1c1462-a7ba-45bf-9f47-f4e526a4e694,c3,DROP,1007,e3,?,
1769494541.6959212,RECEIVED,b9c91a45-c878-4300-88c1-f32939c82271,b3e70d27-2fd8-4e26-8228-a63505530798,c5,c2,1776,e7,?,
1769494541.698137,RECEIVED,a451dda0-d51e-41e7-903a-ef93c2bc3da7,b388c520-f26c-4e08-8fba-ecf8f973b826,c1,DROP,1011,e7,?,
1769494541.7379758,RECEIVED,fafbbf42-2682-45b8-aa1b-178023c323fe,f8e7e363-47f1-4347-a02a-7fbbcbea51d3,c5,DROP,1006,e6,?,
1769494541.7478766,SENT,b9c91a45-c878-4300-88c1-f32939c82271,b3e70d27-2fd8-4e26-8228-a63505530798,c5,c2,1260,?,x9,
1769494541.7479181,FORWARDED,b9c91a45-c878-4300-88c1-f32939c82271,b3e70d27-2fd8-4e26-8228-a63505530798,c5,c2,1260,?,x9,
1769494541.80785,RECEIVED,c874cab2-fc8b-4f1a-b056-3e4b59b37da8,3134df4b-3141-4436-b539-fed9a06c4ce7,c4,DROP,446,x4,?,
1769494541.8155768,RECEIVED,929f77a4-8e86-45df-b83b-3091ae1c0247,a5571cf5-9114-4d64-bf1b-73ce095efc20,c4,c5,1779,e9,?,
1769494542.2984073,SENT,0e3bb4fc-ff0f-4dec-81f2-7e83eb06ad84,70ffd4bc-a106-4497-9cbf-fb5e41ec10d5,c2,DROP,692,?,x4,
1769494542.2985797,FORWARDED,0e3bb4fc-ff0f-4dec-81f2-7e83eb06ad84,70ffd4bc-a106-4497-9cbf-fb5e41ec10d5,c2,DROP,692,?,x4,
1769494542.4045746,RECEIVED,4a299a2d-5a4c-4d3d-9543-64a38d17aa72,5924969b-dd88-490a-97e0-514b46981db4,c4,DROP,1008,e3,?,
1769494542.676557,SENT,9aaa108f-f7dc-488a-8a7f-f3e554e1af68,0a1c1462-a7ba-45bf-9f47-f4e526a4e694,c3,DROP,683,?,x7,
1769494542.6766,FORWARDED,9aaa108f-f7dc-488a-8a7f-f3e554e1af68,0a1c1462-a7ba-45bf-9f47-f4e526a4e694,c3,DROP,683,?,x7,
1769494542.7948322,SENT,929f77a4-8e86-45df-b83b-3091ae1c0247,a5571cf5-9114-4d64-bf1b-73ce095efc20,c4,c5,1263,?,x7,
1769494542.7948709,FORWARDED,929f77a4-8e86-45df-b83b-3091ae1c0247,a5571cf5-9114-4d64-bf1b-73ce095efc20,c4,c5,1263,?,x7,
1769494542.9047616,RECEIVED,c39cee15-3347-4ab8-bb52-1e8d5e94be08,1cc4f4ee-035f-4704-aa5c-0b7042c54480,c1,DROP,442,x7,?,
1769494542.9861882,RECEIVED,8e7ebe30-1dc9-4831-83a8-f8ceed58e3fa,1d0b0b40-a76e-49f3-8de3-9ab7f435aef3,c5,c2,1783,e10,?,
1769494542.9991143,SENT,a451dda0-d51e-41e7-903a-ef93c2bc3da7,b388c520-f26c-4e08-8fba-ecf8f973b826,c1,DROP,685,?,x4,
1769494542.999155,FORWARDED,a451dda0-d51e-41e7-903a-ef93c2bc3da7,b388c520-f26c-4e08-8fba-ecf8f973b826,c1,DROP,685,?,x4,
1769494543.135126,RECEIVED,73966e8b-f7d1-4909-b9a6-d0f8e0c9ebd3,2c00997c-b011-4b16-8bd7-d38eb408fd8f,c1,c5,1759,e5,?,
1769494543.1764739,RECEIVED,0c18ba12-4094-4732-a094-f0e1e2ce04bd,1b84ca34-9afd-4244-b822-7296451c68a3,c5,DROP,1014,e9,?,
1769494543.260407,RECEIVED,647e43b1-1906-4e2b-aca7-672619dc0cc6,79f88566-fffa-454d-bcfd-001822d94d3e,c3,DROP,1019,e4,?,
1769494543.269742,RECEIVED,f0228863-5f4d-46bd-b28d-fa9b5ad0c7b1,80b8ea1c-3ca7-47f4-b9b9-8663c804ced8,c4,DROP,1007,e6,?,
1769494543.2887578,RECEIVED,ec65b3f7-e103-41b6-8b83-1669e3bbf270,03dc4dae-5301-4124-99bb-0b60e589ff27,c3,c5,1765,e6,?,
1769494543.3012908,RECEIVED,d00d471c-2e6d-473e-a064-0c29fbc8192a,ca7daedf-3bc0-4dc7-b098-e01aeb9561c9,c1,DROP,1008,e4,?,
1769494543.308741,RECEIVED,6c269e7a-3556-4517-92ae-b0695048419f,fcc05240-3546-41c0-8598-1007819ebdc0,c4,c5,1776,e9,?,
1769494543.3484604,SENT,ec65b3f7-e103-41b6-8b83-1669e3bbf270,03dc4dae-5301-4124-99bb-0b60e589ff27,c3,c5,1251,?,x1,
1769494543.3485022,FORWARDED,ec65b3f7-e103-41b6-8b83-1669e3bbf270,03dc4dae-5301-4124-99bb-0b60e589ff27,c3,c5,1251,?,x1,
1769494543.35389,SENT,6c269e7a-3556-4517-92ae-b0695048419f,fcc05240-3546-41c0-8598-1007819ebdc0,c4,c5,1260,?,x1,
1769494543.3539305,FORWARDED,6c269e7a-3556-4517-92ae-b0695048419f,fcc05240-3546-41c0-8598-1007819ebdc0,c4,c5,1260,?,x1,
1769494543.4051228,RECEIVED,83c2d900-b4ba-439e-b213-6d7f36dd4403,1f0ddad4-bed8-4d10-8bb8-d2f0877ed9d3,c3,c5,1789,e4,?,
1769494543.4830391,SENT,73966e8b-f7d1-4909-b9a6-d0f8e0c9ebd3,2c00997c-b011-4b16-8bd7-d38eb408fd8f,c1,c5,1248,?,x6,
1769494543.4833605,FORWARDED,73966e8b-f7d1-4909-b9a6-d0f8e0c9ebd3,2c00997c-b011-4b16-8bd7-d38eb408fd8f,c1,c5,1248,?,x6,
1769494543.5942438,SENT,83c2d900-b4ba-439e-b213-6d7f36dd4403,1f0ddad4-bed8-4d10-8bb8-d2f0877ed9d3,c3,c5,1268,?,x11,
1769494543.5942857,FORWARDED,83c2d900-b4ba-439e-b213-6d7f36dd4403,1f0ddad4-bed8-4d10-8bb8-d2f0877ed9d3,c3,c5,1268,?,x11,
1769494543.6286826,SENT,8e7ebe30-1dc9-4831-83a8-f8ceed58e3fa,1d0b0b40-a76e-49f3-8de3-9ab7f435aef3,c5,c2,1264,?,x1,
1769494543.6287239,FORWARDED,8e7ebe30-1dc9-4831-83a8-f8ceed58e3fa,1d0b0b40-a76e-49f3-8de3-9ab7f435aef3,c5,c2,1264,?,x1,
1769494543.687283,SENT,4a299a2d-5a4c-4d3d-9543-64a38d17aa72,5924969b-dd88-490a-97e0-514b46981db4,c4,DROP,683,?,x10,
1769494543.6873229,FORWARDED,4a299a2d-5a4c-4d3d-9543-64a38d17aa72,5924969b-dd88-490a-97e0-514b46981db4,c4,DROP,683,?,x10,
1769494543.711697,SENT,d00d471c-2e6d-473e-a064-0c29fbc8192a,ca7daedf-3bc0-4dc7-b098-e01aeb9561c9,c1,DROP,682,?,x3,
1769494543.711739,FORWARDED,d00d471c-2e6d-473e-a064-0c29fbc8192a,ca7daedf-3bc0-4dc7-b098-e01aeb9561c9,c1,DROP,682,?,x3,
1769494543.8360698,RECEIVED,56ea09bf-6414-49b0-866b-ae36eb5ef204,e73fe7cb-2766-43b2-b236-43cc6376e13d,c2,DROP,1007,e3,?,
1769494543.8496916,SENT,fafbbf42-2682-45b8-aa1b-178023c323fe,f8e7e363-47f1-4347-a02a-7fbbcbea51d3,c5,DROP,684,?,x1,
1769494543.8498101,FORWARDED,fafbbf42-2682-45b8-aa1b-178023c323fe,f8e7e363-47f1-4347-a02a-7fbbcbea51d3,c5,DROP,684,?,x1,
1769494543.8620546,SENT,647e43b1-1906-4e2b-aca7-672619dc0cc6,79f88566-fffa-454d-bcfd-001822d94d3e,c3,DROP,692,?,x2,
1769494543.8620982,FORWARDED,647e43b1-1906-4e2b-aca7-672619dc0cc6,79f88566-fffa-454d-bcfd-001822d94d3e,c3,DROP,692,?,x2,
1769494543.8655574,SENT,f0228863-5f4d-46bd-b28d-fa9b5ad0c7b1,80b8ea1c-3ca7-47f4-b9b9-8663c804ced8,c4,DROP,683,?,x4,
1769494543.8655977,FORWARDED,f0228863-5f4d-46bd-b28d-fa9b5ad0c7b1,80b8ea1c-3ca7-47f4-b9b9-8663c804ced8,c4,DROP,683,?,x4,
1769494543.8952885,RECEIVED,92648d3b-d016-4ad7-82d9-cc2d2fefe4d5,c8e16d1e-4d32-481f-9569-b9f1f40fe7bd,c2,DROP,441,x3,?,
1769494544.095373,RECEIVED,be892d7c-3a8c-425c-93aa-5a9c4e3ca9a4,13d428dd-b066-47be-b3c4-f7214abcb416,c3,c5,1771,e7,?,
1769494544.1351895,RECEIVED,00549f51-96a9-468a-8cc9-382b2a756f9a,cc696f7b-70f5-4d8c-aa21-f4f6a12f26e5,c2,DROP,1016,e9,?,
1769494544.135672,RECEIVED,0f1e609f-151e-4f82-833a-031d6834d088,7b7bb140-2d6b-4206-8701-980871775c21,c4,DROP,1011,e4,?,
1769494544.1671984,SENT,be892d7c-3a8c-425c-93aa-5a9c4e3ca9a4,13d428dd-b066-47be-b3c4-f7214abcb416,c3,c5,1255,?,x3,
1769494544.1672392,FORWARDED,be892d7c-3a8c-425c-93aa-5a9c4e3ca9a4,13d428dd-b066-47be-b3c4-f7214abcb416,c3,c5,1255,?,x3,
1769494544.2416983,RECEIVED,4300b3fc-9371-4c9c-8605-1f5d52d48203,11e62f27-129e-4885-a175-d9f216e3b7f8,c2,DROP,1024,e8,?,
1769494544.2723448,SENT,00549f51-96a9-468a-8cc9-382b2a756f9a,cc696f7b-70f5-4d8c-aa21-f4f6a12f26e5,c2,DROP,688,?,x8,
1769494544.2724004,FORWARDED,00549f51-96a9-468a-8cc9-382b2a756f9a,cc696f7b-70f5-4d8c-aa21-f4f6a12f26e5,c2,DROP,688,?,x8,
1769494544.3607638,SENT,4300b3fc-9371-4c9c-8605-1f5d52d48203,11e62f27-129e-4885-a175-d9f216e3b7f8,c2,DROP,694,?,x2,
1769494544.3607974,FORWARDED,4300b3fc-9371-4c9c-8605-1f5d52d48203,11e62f27-129e-4885-a175-d9f216e3b7f8,c2,DROP,694,?,x2,
1769494544.390969,RECEIVED,20de8256-ee3a-47a6-afc0-c5111b3e671e,ccb8d727-e84c-41f7-b4af-77b8e968a1ce,c1,DROP,441,x8,?,
1769494544.416359,RECEIVED,fedad6d2-53f3-4bad-a9bc-5012ec1e682a,dfbf4a02-a25c-4f2b-9dc4-1ff02d84ecb1,c3,DROP,1007,e1,?,
1769494544.448498,SENT,56ea09bf-6414-49b0-866b-ae36eb5ef204,e73fe7cb-2766-43b2-b236-43cc6376e13d,c2,DROP,684,?,x9,
1769494544.4485345,FORWARDED,56ea09bf-6414-49b0-866b-ae36eb5ef204,e73fe7cb-2766-43b2-b236-43cc6376e13d,c2,DROP,684,?,x9,
1769494544.6206322,RECEIVED,a65574d4-0228-4009-ba4f-a5a8b988237f,408cb12d-3e16-4cba-ab02-93979b89ba4f,c5,DROP,1016,e4,?,
1769494544.7089262,SENT,0c18ba12-4094-4732-a094-f0e1e2ce04bd,1b84ca34-9afd-4244-b822-7296451c68a3,c5,DROP,688,?,x2,
1769494544.7089686,FORWARDED,0c18ba12-4094-4732-a094-f0e1e2ce04bd,1b84ca34-9afd-4244-b822-7296451c68a3,c5,DROP,688,?,x2,
1769494544.722173,RECEIVED,072159cf-efad-4ef4-b511-faa877452bae,1e0f9c0e-71de-4726-ba3f-c6f5c6dab084,c1,DROP,1013,e11,?,
1769494544.75919,RECEIVED,64c70213-1c18-43c8-a7c4-98125a230694,b910eca0-4d98-42fe-a361-c457c6565722,c2,DROP,1007,e3,?,
1769494544.8525043,RECEIVED,3c6bf081-0fa1-4452-b638-4376edd0edc1,92459eb4-6566-418c-b935-e0ee6a72bcb7,c4,DROP,445,x10,?,
1769494544.9202762,SENT,0f1e609f-151e-4f82-833a-031d6834d088,7b7bb140-2d6b-4206-8701-980871775c21,c4,DROP,687,?,x2,
1769494544.9203184,FORWARDED,0f1e609f-151e-4f82-833a-031d6834d088,7b7bb140-2d6b-4206-8701-980871775c21,c4,DROP,687,?,x2,
1769494544.9301755,RECEIVED,3ee180c1-761f-42c5-b6ff-628249696c34,cc127dee-7fac-45a2-a48d-0b68bfcdcc51,c5,c2,1784,e6,?,
1769494544.9331713,SENT,072159cf-efad-4ef4-b511-faa877452bae,1e0f9c0e-71de-4726-ba3f-c6f5c6dab084,c1,DROP,685,?,x12,
1769494544.933214,FORWARDED,072159cf-efad-4ef4-b511-faa877452bae,1e0f9c0e-71de-4726-ba3f-c6f5c6dab084,c1,DROP,685,?,x12,
1769494544.9350152,RECEIVED,16d12b62-2d38-4082-ba8f-821f3b2c1ad8,cdda52c9-8d72-45e2-af55-e6bfe7abc0da,c3,DROP,1020,e3,?,
1769494544.994699,SENT,3ee180c1-761f-42c5-b6ff-628249696c34,cc127dee-7fac-45a2-a48d-0b68bfcdcc51,c5,c2,1264,?,x3,
1769494544.9947405,FORWARDED,3ee180c1-761f-42c5-b6ff-628249696c34,cc127dee-7fac-45a2-a48d-0b68bfcdcc51,c5,c2,1264,?,x3,
1769494545.0102925,SENT,a65574d4-0228-4009-ba4f-a5a8b988237f,408cb12d-3e16-4cba-ab02-93979b89ba4f,c5,DROP,688,?,x5,
1769494545.010342,FORWARDED,a65574d4-0228-4009-ba4f-a5a8b988237f,408cb12d-3e16-4cba-ab02-93979b89ba4f,c5,DROP,688,?,x5,
1769494545.029968,RECEIVED,27466c77-e5dd-42d4-9828-0df46a9f0643,cf9e4f44-09bf-4b86-98cf-5f697a7d6aeb,c2,DROP,446,x9,?,
1769494545.1214383,SENT,16d12b62-2d38-4082-ba8f-821f3b2c1ad8,cdda52c9-8d72-45e2-af55-e6bfe7abc0da,c3,DROP,693,?,x7,
1769494545.1214795,FORWARDED,16d12b62-2d38-4082-ba8f-821f3b2c1ad8,cdda52c9-8d72-45e2-af55-e6bfe7abc0da,c3,DROP,693,?,x7,
1769494545.477399,RECEIVED,3b791fd6-788a-48be-9331-bb5fa91b167b,0d5ecb2f-3f10-4d3f-a1ec-b17f7eda993a,c5,DROP,1020,e6,?,
1769494545.5168476,RECEIVED,afa8613c-8229-4467-9398-cf3a232fa11d,8aceaf88-bc4c-486e-afd8-86fa6936b08a,c1,DROP,1020,e2,?,
1769494545.5437164,RECEIVED,e758dd11-eece-423e-8900-9683b112b1de,da62ce31-8ca5-4f7c-a613-0a04a54e9c79,c4,DROP,1011,e2,?,
1769494545.6039863,SENT,3b791fd6-788a-48be-9331-bb5fa91b167b,0d5ecb2f-3f10-4d3f-a1ec-b17f7eda993a,c5,DROP,693,?,x5,
1769494545.6040263,FORWARDED,3b791fd6-788a-48be-9331-bb5fa91b167b,0d5ecb2f-3f10-4d3f-a1ec-b17f7eda993a,c5,DROP,693,?,x5,
1769494545.6671035,RECEIVED,d860c7d2-de7a-4580-a8e6-af12d7dd3fd7,ef2de22a-2a91-4074-a73e-08286dc2f9ee,c5,c2,1774,e10,?,
1769494545.8197124,SENT,e758dd11-eece-423e-8900-9683b112b1de,da62ce31-8ca5-4f7c-a613-0a04a54e9c79,c4,DROP,687,?,x6,
1769494545.8197455,FORWARDED,e758dd11-eece-423e-8900-9683b112b1de,da62ce31-8ca5-4f7c-a613-0a04a54e9c79,c4,DROP,687,?,x6,
1769494545.8427956,SENT,fedad6d2-53f3-4bad-a9bc-5012ec1e682a,dfbf4a02-a25c-4f2b-9dc4-1ff02d84ecb1,c3,DROP,683,?,x5,
1769494545.8428347,FORWARDED,fedad6d2-53f3-4bad-a9bc-5012ec1e682a,dfbf4a02-a25c-4f2b-9dc4-1ff02d84ecb1,c3,DROP,683,?,x5,
1769494545.8573215,RECEIVED,75a39335-300d-45ee-be60-1fbc3793bdd3,7b70caab-1ba3-43bc-b3af-a96bacbdaf49,c3,DROP,1011,e5,?,
1769494545.8701382,SENT,d860c7d2-de7a-4580-a8e6-af12d7dd3fd7,ef2de22a-2a91-4074-a73e-08286dc2f9ee,c5,c2,1260,?,x3,
1769494545.870195,FORWARDED,d860c7d2-de7a-4580-a8e6-af12d7dd3fd7,ef2de22a-2a91-4074-a73e-08286dc2f9ee,c5,c2,1260,?,x3,
1769494545.9094949,RECEIVED,35b70cb8-ab8a-4b6b-ad44-47e8f0d19320,4a821a5c-7b1b-4ea5-845f-7bd07f2684ed,c5,DROP,1007,e4,?,
1769494545.9159884,RECEIVED,a341f7d9-03cd-476e-baa3-4d176a4d2ad0,dc78b527-8cc9-425f-8083-3a3aeae11803,c3,c5,1783,e10,?,
1769494545.9668324,RECEIVED,3b6594a5-a88b-404c-9033-a915cacf6be4,2c8d7401-b60c-4e7c-87bd-0f2f3cc9112e,c5,c2,1776,e9,?,
1769494545.9826605,SENT,64c70213-1c18-43c8-a7c4-98125a230694,b910eca0-4d98-42fe-a361-c457c6565722,c2,DROP,684,?,x1,
1769494545.982695,FORWARDED,64c70213-1c18-43c8-a7c4-98125a230694,b910eca0-4d98-42fe-a361-c457c6565722,c2,DROP,684,?,x1,
1769494546.089611,SENT,3b6594a5-a88b-404c-9033-a915cacf6be4,2c8d7401-b60c-4e7c-87bd-0f2f3cc9112e,c5,c2,1260,?,x4,
1769494546.0896575,FORWARDED,3b6594a5-a88b-404c-9033-a915cacf6be4,2c8d7401-b60c-4e7c-87bd-0f2f3cc9112e,c5,c2,1260,?,x4,
1769494546.1322737,RECEIVED,e2fb4192-9b04-47d8-8258-2e19aed339e1,641cbe28-a615-4ca9-97f3-02fe6834b48e,c4,DROP,1019,e12,?,
1769494546.214127,RECEIVED,e2b73c64-ba54-4742-9970-4392e96bded1,fc138f8d-0913-48db-90f7-3b27c4bcfeef,c5,DROP,442,x1,?,
1769494546.3699408,SENT,afa8613c-8229-4467-9398-cf3a232fa11d,8aceaf88-bc4c-486e-afd8-86fa6936b08a,c1,DROP,691,?,x10,
1769494546.3699815,FORWARDED,afa8613c-8229-4467-9398-cf3a232fa11d,8aceaf88-bc4c-486e-afd8-86fa6936b08a,c1,DROP,691,?,x10,
1769494546.446798,RECEIVED,d0bd5240-434a-415f-b774-2e7bf3243ddd,0f3be16f-2850-43f5-ac53-56f4ee212d1f,c3,c5,1776,e3,?,
1769494546.4795594,SENT,e2fb4192-9b04-47d8-8258-2e19aed339e1,641cbe28-a615-4ca9-97f3-02fe6834b48e,c4,DROP,693,?,x9,
1769494546.4795988,FORWARDED,e2fb4192-9b04-47d8-8258-2e19aed339e1,641cbe28-a615-4ca9-97f3-02fe6834b48e,c4,DROP,693,?,x9,
1769494546.495102,RECEIVED,3605b441-5296-4e29-abf6-5cfa20e16a82,2ab44f68-71e6-4320-a915-2d99801fea07,c2,c3,1776,e9,?,
1769494546.556231,SENT,3605b441-5296-4e29-abf6-5cfa20e16a82,2ab44f68-71e6-4320-a915-2d99801fea07,c2,c3,1260,?,x9,
1769494546.5562732,FORWARDED,3605b441-5296-4e29-abf6-5cfa20e16a82,2ab44f68-71e6-4320-a915-2d99801fea07,c2,c3,1260,?,x9,
1769494546.5592651,SENT,75a39335-300d-45ee-be60-1fbc3793bdd3,7b70caab-1ba3-43bc-b3af-a96bacbdaf49,c3,DROP,687,?,x7,
1769494546.5593069,FORWARDED,75a39335-300d-45ee-be60-1fbc3793bdd3,7b70caab-1ba3-43bc-b3af-a96bacbdaf49,c3,DROP,687,?,x7,
1769494546.5654352,SENT,d0bd5240-434a-415f-b774-2e7bf3243ddd,0f3be16f-2850-43f5-ac53-56f4ee212d1f,c3,c5,1260,?,x6,
1769494546.5654752,FORWARDED,d0bd5240-434a-415f-b774-2e7bf3243ddd,0f3be16f-2850-43f5-ac53-56f4ee212d1f,c3,c5,1260,?,x6,
1769494546.6239474,RECEIVED,9d7c31a6-be8c-4a10-86e3-209f926e70bf,5cb31f59-4c06-4250-996a-4ee8876852dd,c3,DROP,1007,e7,?,
1769494546.7056882,RECEIVED,318a85c0-7791-45ce-8cca-a4678eb885eb,23791d28-9b18-48ca-a956-e1272a5ddf80,c1,DROP,1011,e1,?,
1769494546.8000698,SENT,35b70cb8-ab8a-4b6b-ad44-47e8f0d19320,4a821a5c-7b1b-4ea5-845f-7bd07f2684ed,c5,DROP,684,?,x11,
1769494546.8001106,FORWARDED,35b70cb8-ab8a-4b6b-ad44-47e8f0d19320,4a821a5c-7b1b-4ea5-845f-7bd07f2684ed,c5,DROP,684,?,x11,
1769494546.8847885,SENT,a341f7d9-03cd-476e-baa3-4d176a4d2ad0,dc78b527-8cc9-425f-8083-3a3aeae11803,c3,c5,1264,?,x2,
1769494546.884829,FORWARDED,a341f7d9-03cd-476e-baa3-4d176a4d2ad0,dc78b527-8cc9-425f-8083-3a3aeae11803,c3,c5,1264,?,x2,
1769494547.048147,RECEIVED,ce47bd95-ac73-45c6-82e3-75b610e032f6,64345656-7939-47b2-9c85-0c2c4af70775,c4,DROP,1007,e11,?,
1769494547.0946975,RECEIVED,2f036cec-ccb1-42e0-81c6-90c245cb9e4b,712eb54f-9adb-472f-aea4-3e243f6b273f,c4,DROP,1019,e3,?,
1769494547.0982969,RECEIVED,288ddb0f-f9f7-49bb-a24b-5aa57e9894de,f04e813f-4e59-4ce0-8e81-a232707efff9,c1,DROP,1021,e8,?,
1769494547.12097,SENT,318a85c0-7791-45ce-8cca-a4678eb885eb,23791d28-9b18-48ca-a956-e1272a5ddf80,c1,DROP,686,?,x7,
1769494547.1210108,FORWARDED,318a85c0-7791-45ce-8cca-a4678eb885eb,23791d28-9b18-48ca-a956-e1272a5ddf80,c1,DROP,686,?,x7,
1769494547.1651278,RECEIVED,c0e1dba0-1008-410c-b275-0faf7f9b0a53,40a7bfb8-4a8c-4998-9708-d07cf5ab818b,c3,c5,1783,e6,?,
1769494547.2174509,SENT,288ddb0f-f9f7-49bb-a24b-5aa57e9894de,f04e813f-4e59-4ce0-8e81-a232707efff9,c1,DROP,692,?,x12,
1769494547.2174933,FORWARDED,288ddb0f-f9f7-49bb-a24b-5aa57e9894de,f04e813f-4e59-4ce0-8e81-a232707efff9,c1,DROP,692,?,x12,
1769494547.2923417,SENT,2f036cec-ccb1-42e0-81c6-90c245cb9e4b,712eb54f-9adb-472f-aea4-3e243f6b273f,c4,DROP,693,?,x3,
1769494547.2923849,FORWARDED,2f036cec-ccb1-42e0-81c6-90c245cb9e4b,712eb54f-9adb-472f-aea4-3e243f6b273f,c4,DROP,693,?,x3,
1769494547.3032854,RECEIVED,cbf3a755-793c-4c40-93f8-68f7275873a6,75c0c5a0-e090-44a3-9510-705650e8304e,c3,DROP,446,x1,?,
1769494547.373588,RECEIVED,dc816894-4b46-4d05-9d01-dc3c73ce9adf,721affb8-5acf-48c7-aa29-911ce5ffaabe,c2,DROP,1008,e2,?,
1769494547.3814254,SENT,9d7c31a6-be8c-4a10-86e3-209f926e70bf,5cb31f59-4c06-4250-996a-4ee8876852dd,c3,DROP,683,?,x3,
1769494547.3814654,FORWARDED,9d7c31a6-be8c-4a10-86e3-209f926e70bf,5cb31f59-4c06-4250-996a-4ee8876852dd,c3,DROP,683,?,x3,
1769494547.5314806,RECEIVED,7d164033-dc6f-42d3-80e4-2dae722f25c2,0a89f273-ca06-41f8-b0cf-ad20f9b4f779,c5,c2,1780,e9,?,
1769494547.6127002,RECEIVED,a019f280-786e-4d27-b24b-cafc2640cd23,66f24cb6-cc29-4929-aaf4-66474b61cd57,c2,DROP,1016,e5,?,
1769494547.6850557,SENT,ce47bd95-ac73-45c6-82e3-75b610e032f6,64345656-7939-47b2-9c85-0c2c4af70775,c4,DROP,684,?,x5,
1769494547.685096,FORWARDED,ce47bd95-ac73-45c6-82e3-75b610e032f6,64345656-7939-47b2-9c85-0c2c4af70775,c4,DROP,684,?,x5,
1769494547.8370898,RECEIVED,538aa19e-e1fe-4305-972b-88f9afaa6af8,d6e2565e-5d61-4a6d-9213-15c1222b4eec,c4,c5,1781,e12,?,
1769494547.8555431,RECEIVED,e68e2909-acc1-4981-bda5-dee388d81f97,c8f43eed-3d0e-4b2c-bdaa-69f758032104,c3,DROP,1016,e9,?,
1769494547.8879008,SENT,538aa19e-e1fe-4305-972b-88f9afaa6af8,d6e2565e-5d61-4a6d-9213-15c1222b4eec,c4,c5,1263,?,x2,
1769494547.8879423,FORWARDED,538aa19e-e1fe-4305-972b-88f9afaa6af8,d6e2565e-5d61-4a6d-9213-15c1222b4eec,c4,c5,1263,?,x2,
1769494547.8972533,SENT,dc816894-4b46-4d05-9d01-dc3c73ce9adf,721affb8-5acf-48c7-aa29-911ce5ffaabe,c2,DROP,683,?,x10,
1769494547.897297,FORWARDED,dc816894-4b46-4d05-9d01-dc3c73ce9adf,721affb8-5acf-48c7-aa29-911ce5ffaabe,c2,DROP,683,?,x10,
1769494547.9762852,SENT,c0e1dba0-1008-410c-b275-0faf7f9b0a53,40a7bfb8-4a8c-4998-9708-d07cf5ab818b,c3,c5,1264,?,x2,
1769494547.9763367,FORWARDED,c0e1dba0-1008-410c-b275-0faf7f9b0a53,40a7bfb8-4a8c-4998-9708-d07cf5ab818b,c3,c5,1264,?,x2,
1769494547.9798346,RECEIVED,a9beb222-1c80-4c4c-85c0-835b452ef3fe,7b59e844-5eb8-46b6-bf82-6bc3aba8f4af,c5,c2,1784,e11,?,
1769494548.0152674,SENT,7d164033-dc6f-42d3-80e4-2dae722f25c2,0a89f273-ca06-41f8-b0cf-ad20f9b4f779,c5,c2,1263,?,x7,
1769494548.0153046,FORWARDED,7d164033-dc6f-42d3-80e4-2dae722f25c2,0a89f273-ca06-41f8-b0cf-ad20f9b4f779,c5,c2,1263,?,x7,
1769494548.1879063,SENT,e68e2909-acc1-4981-bda5-dee388d81f97,c8f43eed-3d0e-4b2c-bdaa-69f758032104,c3,DROP,689,?,x1,
1769494548.187946,FORWARDED,e68e2909-acc1-4981-bda5-dee388d81f97,c8f43eed-3d0e-4b2c-bdaa-69f758032104,c3,DROP,689,?,x1,
1769494548.2939272,RECEIVED,8ac23539-51ce-409d-b68b-1dc55cf72afe,2655aae3-6682-4227-a2ef-ba8754a5fce6,c3,c5,1781,e11,?,
1769494548.537967,RECEIVED,1a6ee530-c5d8-4154-a805-544cbe8cc439,59ffbccf-3a38-46b5-b8e2-09dd1e5cba88,c3,DROP,1007,e1,?,
1769494548.5646796,RECEIVED,7809cfd1-3a14-4210-a8e5-801f08fe97f7,81ce43b5-994b-47c0-b2c5-22f5838c3474,c1,DROP,445,x12,?,
1769494548.604164,SENT,8ac23539-51ce-409d-b68b-1dc55cf72afe,2655aae3-6682-4227-a2ef-ba8754a5fce6,c3,c5,1262,?,x11,
1769494548.6042027,FORWARDED,8ac23539-51ce-409d-b68b-1dc55cf72afe,2655aae3-6682-4227-a2ef-ba8754a5fce6,c3,c5,1262,?,x11,
1769494548.715688,RECEIVED,78cadecb-84f6-4d56-986b-c6f240f475dc,5e658030-707a-4b0f-a0a9-75659b377769,c4,DROP,1012,e5,?,
1769494548.756535,RECEIVED,600a989e-6fe2-4596-8c33-a89a67beea96,4ca7f345-b129-43dd-a3be-3fd39016677c,c3,c5,1780,e1,?,
1769494548.8553908,SENT,1a6ee530-c5d8-4154-a805-544cbe8cc439,59ffbccf-3a38-46b5-b8e2-09dd1e5cba88,c3,DROP,683,?,x9,
1769494548.8554327,FORWARDED,1a6ee530-c5d8-4154-a805-544cbe8cc439,59ffbccf-3a38-46b5-b8e2-09dd1e5cba88,c3,DROP,683,?,x9,
1769494548.8646338,SENT,a9beb222-1c80-4c4c-85c0-835b452ef3fe,7b59e844-5eb8-46b6-bf82-6bc3aba8f4af,c5,c2,1264,?,x12,
1769494548.8646762,FORWARDED,a9beb222-1c80-4c4c-85c0-835b452ef3fe,7b59e844-5eb8-46b6-bf82-6bc3aba8f4af,c5,c2,1264,?,x12,
1769494548.9021592,RECEIVED,76ef9a95-cfbe-49aa-9f4c-af7c026d62f2,b55fdae0-41ee-43cb-8d06-f31caccb2465,c2,DROP,445,x7,?,
1769494549.070849,SENT,78cadecb-84f6-4d56-986b-c6f240f475dc,5e658030-707a-4b0f-a0a9-75659b377769,c4,DROP,685,?,x3,
1769494549.0708888,FORWARDED,78cadecb-84f6-4d56-986b-c6f240f475dc,5e658030-707a-4b0f-a0a9-75659b377769,c4,DROP,685,?,x3,
1769494549.088246,RECEIVED,5d65f6e2-e73c-48c4-bced-994632f28879,bf8611cb-17d7-44f8-8ce5-9304f94e5b5b,c5,DROP,1007,e11,?,
1769494549.148659,SENT,a019f280-786e-4d27-b24b-cafc2640cd23,66f24cb6-cc29-4929-aaf4-66474b61cd57,c2,DROP,688,?,x12,
1769494549.148699,FORWARDED,a019f280-786e-4d27-b24b-cafc2640cd23,66f24cb6-cc29-4929-aaf4-66474b61cd57,c2,DROP,688,?,x12,
1769494549.242448,SENT,600a989e-6fe2-4596-8c33-a89a67beea96,4ca7f345-b129-43dd-a3be-3fd39016677c,c3,c5,1263,?,x6,
1769494549.2424889,FORWARDED,600a989e-6fe2-4596-8c33-a89a67beea96,4ca7f345-b129-43dd-a3be-3fd39016677c,c3,c5,1263,?,x6,
1769494549.4441912,RECEIVED,a17cd1fd-62c8-441d-a54e-bc2a80af4356,fe079990-d473-4d29-90c4-2eb72d222fda,c1,DROP,1016,e12,?,
1769494549.4923978,SENT,5d65f6e2-e73c-48c4-bced-994632f28879,bf8611cb-17d7-44f8-8ce5-9304f94e5b5b,c5,DROP,683,?,x1,
1769494549.4924395,FORWARDED,5d65f6e2-e73c-48c4-bced-994632f28879,bf8611cb-17d7-44f8-8ce5-9304f94e5b5b,c5,DROP,683,?,x1,
1769494549.5292852,RECEIVED,3d4204dc-fa30-4da9-9d7e-e68ea133e2d4,7a74c90b-ddbf-4a78-82c0-92f9d0600fe9,c1,DROP,441,x10,?,
1769494549.6471612,RECEIVED,51d618f6-7195-44e5-97ad-305ba3f4f606,e14d1a2d-21be-49a6-a4a1-0ae1a61cfe52,c1,DROP,443,x9,?,
1769494549.8955069,RECEIVED,904da786-2d24-4de1-8f9f-dda00c67682b,36734e5a-1a7b-4fd4-aeae-62973f1c2593,c5,DROP,1021,e11,?,
1769494549.9185808,SENT,a17cd1fd-62c8-441d-a54e-bc2a80af4356,fe079990-d473-4d29-90c4-2eb72d222fda,c1,DROP,688,?,x1,
1769494549.9186227,FORWARDED,a17cd1fd-62c8-441d-a54e-bc2a80af4356,fe079990-d473-4d29-90c4-2eb72d222fda,c1,DROP,688,?,x1,
1769494549.979843,RECEIVED,2b6c7029-9a53-46f4-9eb5-19c853debe88,73f9f30d-6384-4119-9daf-c4549ef1964e,c3,DROP,445,x11,?,
1769494550.260142,SENT,904da786-2d24-4de1-8f9f-dda00c67682b,36734e5a-1a7b-4fd4-aeae-62973f1c2593,c5,DROP,692,?,x10,
1769494550.2601817,FORWARDED,904da786-2d24-4de1-8f9f-dda00c67682b,36734e5a-1a7b-4fd4-aeae-62973f1c2593,c5,DROP,692,?,x10,
1769494550.309596,RECEIVED,c61590dd-bdbb-4d63-80c5-d4e6b4d5584d,ec57edcf-453b-4954-ad7a-0244140c8f3d,c1,DROP,1016,e10,?,
1769494550.3378277,RECEIVED,212b622f-6d31-4b59-a3e0-3c34a04f3cf3,5e80ed5c-b605-4804-adbe-c0f7a7791b0a,c2,DROP,1006,e8,?,
1769494550.7528183,RECEIVED,e127e8b0-be7d-465e-81bc-f0da34061f34,a16a13b7-1e82-40fe-8370-00bb68d59e3b,c5,c2,1783,e8,?,
1769494550.7743902,SENT,c61590dd-bdbb-4d63-80c5-d4e6b4d5584d,ec57edcf-453b-4954-ad7a-0244140c8f3d,c1,DROP,688,?,x4,
1769494550.77443,FORWARDED,c61590dd-bdbb-4d63-80c5-d4e6b4d5584d,ec57edcf-453b-4954-ad7a-0244140c8f3d,c1,DROP,688,?,x4,
1769494550.8116827,RECEIVED,8fd12541-d4d8-4f31-9507-f37e42e36e7a,bb2375cc-6981-41ff-9640-335169a17fe7,c3,DROP,1007,e1,?,
1769494550.8994915,SENT,e127e8b0-be7d-465e-81bc-f0da34061f34,a16a13b7-1e82-40fe-8370-00bb68d59e3b,c5,c2,1264,?,x4,
1769494550.8995311,FORWARDED,e127e8b0-be7d-465e-81bc-f0da34061f34,a16a13b7-1e82-40fe-8370-00bb68d59e3b,c5,c2,1264,?,x4,
1769494550.909181,RECEIVED,b49d5e4b-7a93-4f4d-91d9-d8ee0644a7aa,d99bd2b9-7d92-4e06-9b8c-42be054b7b89,c2,DROP,442,x7,?,
1769494551.1663585,SENT,8fd12541-d4d8-4f31-9507-f37e42e36e7a,bb2375cc-6981-41ff-9640-335169a17fe7,c3,DROP,683,?,x9,
1769494551.1663983,FORWARDED,8fd12541-d4d8-4f31-9507-f37e42e36e7a,bb2375cc-6981-41ff-9640-335169a17fe7,c3,DROP,683,?,x9,
1769494551.671528,RECEIVED,6e4ee41c-ec46-4d61-9c8f-ab7765e081b9,9ab27213-bf64-4cb8-b595-4e1d6e5bb47a,c4,DROP,1007,e6,?,
1769494551.8231885,RECEIVED,ed27f55e-7703-434a-b2a7-2e4747a5f762,b7903208-d69b-4ddc-b268-afbf37db9bd0,c4,c5,1779,e8,?,
1769494551.8335898,SENT,212b622f-6d31-4b59-a3e0-3c34a04f3cf3,5e80ed5c-b605-4804-adbe-c0f7a7791b0a,c2,DROP,684,?,x3,
1769494551.8336308,FORWARDED,212b622f-6d31-4b59-a3e0-3c34a04f3cf3,5e80ed5c-b605-4804-adbe-c0f7a7791b0a,c2,DROP,684,?,x3,
1769494551.9135451,RECEIVED,6debb77b-d130-4d20-b2c0-b5491139815f,8848e2e9-4385-4d4b-9c5a-cd263ab97bc8,c5,c2,1788,e3,?,
1769494552.1326687,RECEIVED,a3bf7b98-6b75-4cbd-8f14-1e5a2af46df0,4595e59f-f01a-4004-ab6b-0e414e65f6e4,c1,DROP,1028,e10,?,
1769494552.1372168,RECEIVED,9b650d3d-fe43-4d5c-ba45-4c701bfb4042,daba5292-35c9-46c5-b51d-b1dc7fad93ad,c2,DROP,1006,e8,?,
1769494552.1661358,RECEIVED,2a6256e5-3dfa-4acc-819d-1d122424f720,dc25472b-9b23-46d7-8d46-2e058d0664c5,c1,DROP,442,x3,?,
1769494552.2116957,SENT,6debb77b-d130-4d20-b2c0-b5491139815f,8848e2e9-4385-4d4b-9c5a-cd263ab97bc8,c5,c2,1268,?,x11,
1769494552.2117488,FORWARDED,6debb77b-d130-4d20-b2c0-b5491139815f,8848e2e9-4385-4d4b-9c5a-cd263ab97bc8,c5,c2,1268,?,x11,
1769494552.2738836,RECEIVED,6a144e9c-082a-4f07-b8a0-b2a26f081abc,b0e49bfb-8a4d-4fac-9726-18b36d407ccc,c4,DROP,1021,e4,?,
1769494552.2865922,SENT,6e4ee41c-ec46-4d61-9c8f-ab7765e081b9,9ab27213-bf64-4cb8-b595-4e1d6e5bb47a,c4,DROP,683,?,x4,
1769494552.2866316,FORWARDED,6e4ee41c-ec46-4d61-9c8f-ab7765e081b9,9ab27213-bf64-4cb8-b595-4e1d6e5bb47a,c4,DROP,683,?,x4,
1769494552.3198252,SENT,6a144e9c-082a-4f07-b8a0-b2a26f081abc,b0e49bfb-8a4d-4fac-9726-18b36d407ccc,c4,DROP,693,?,x5,
1769494552.3198662,FORWARDED,6a144e9c-082a-4f07-b8a0-b2a26f081abc,b0e49bfb-8a4d-4fac-9726-18b36d407ccc,c4,DROP,693,?,x5,
1769494552.3472705,RECEIVED,4055260c-672c-4fc2-9570-8c3abb3fb3eb,50ceced1-7896-4ee6-ab3b-ebdaf03a0f16,c5,DROP,1011,e4,?,
1769494552.3576937,RECEIVED,f7b7a2d0-b26f-4e7e-95e1-2ad2b660913f,1f00db21-7cf8-4aa1-887d-0f32fbf7cc75,c5,DROP,1015,e4,?,
1769494552.4546132,SENT,ed27f55e-7703-434a-b2a7-2e4747a5f762,b7903208-d69b-4ddc-b268-afbf37db9bd0,c4,c5,1263,?,x3,
1769494552.4546516,FORWARDED,ed27f55e-7703-434a-b2a7-2e4747a5f762,b7903208-d69b-4ddc-b268-afbf37db9bd0,c4,c5,1263,?,x3,
1769494552.5023742,RECEIVED,da23918f-4753-4da6-9211-6f65a7fd2fca,697189a9-bbb3-42e0-bd9f-c9a793296a52,c1,DROP,444,x11,?,
1769494552.9754028,SENT,4055260c-672c-4fc2-9570-8c3abb3fb3eb,50ceced1-7896-4ee6-ab3b-ebdaf03a0f16,c5,DROP,686,?,x7,
1769494552.9754534,FORWARDED,4055260c-672c-4fc2-9570-8c3abb3fb3eb,50ceced1-7896-4ee6-ab3b-ebdaf03a0f16,c5,DROP,686,?,x7,
1769494553.3865755,RECEIVED,100592b6-e6c4-4351-a805-fb42352e552e,b4cdb16c-978d-4273-abe1-f9d9c2a05ed8,c1,DROP,1020,e4,?,
1769494553.5498922,SENT,9b650d3d-fe43-4d5c-ba45-4c701bfb4042,daba5292-35c9-46c5-b51d-b1dc7fad93ad,c2,DROP,684,?,x9,
1769494553.549933,FORWARDED,9b650d3d-fe43-4d5c-ba45-4c701bfb4042,daba5292-35c9-46c5-b51d-b1dc7fad93ad,c2,DROP,684,?,x9,
1769494553.6000972,SENT,f7b7a2d0-b26f-4e7e-95e1-2ad2b660913f,1f00db21-7cf8-4aa1-887d-0f32fbf7cc75,c5,DROP,688,?,x7,
1769494553.6001415,FORWARDED,f7b7a2d0-b26f-4e7e-95e1-2ad2b660913f,1f00db21-7cf8-4aa1-887d-0f32fbf7cc75,c5,DROP,688,?,x7,
1769494553.6057804,RECEIVED,c0250131-c10d-4f92-8e28-550c640a28ae,279ddb3e-2e45-439c-8ece-206d83f36953,c2,DROP,442,x1,?,
1769494553.7318106,SENT,a3bf7b98-6b75-4cbd-8f14-1e5a2af46df0,4595e59f-f01a-4004-ab6b-0e414e65f6e4,c1,DROP,697,?,x10,
1769494553.7318475,FORWARDED,a3bf7b98-6b75-4cbd-8f14-1e5a2af46df0,4595e59f-f01a-4004-ab6b-0e414e65f6e4,c1,DROP,697,?,x10,
1769494553.7333283,RECEIVED,bed9bd2d-cbc6-42ac-92e5-8159067554d1,a371962f-fcee-4ccf-aa19-e38dc738dc65,c4,DROP,441,x9,?,
1769494553.743188,SENT,100592b6-e6c4-4351-a805-fb42352e552e,b4cdb16c-978d-4273-abe1-f9d9c2a05ed8,c1,DROP,693,?,x12,
1769494553.74323,FORWARDED,100592b6-e6c4-4351-a805-fb42352e552e,b4cdb16c-978d-4273-abe1-f9d9c2a05ed8,c1,DROP,693,?,x12,
1769494553.8529272,RECEIVED,fdfc7715-8f03-427a-a3f7-932e9f97787e,0508e46c-b61d-4098-b96f-329997ed1d39,c3,c5,1783,e9,?,
1769494553.8581781,RECEIVED,ecfbe70e-6074-4df0-9e02-7624dac92d2b,fe305e2e-c82a-47a5-9dd6-5b13d5c0f18d,c5,c2,1771,e3,?,
1769494554.0837703,RECEIVED,02932a6b-0c4f-472b-84b6-1dba65caa84d,c6743e32-1648-47aa-b6bf-a6c036a89b7b,c5,c2,1781,e12,?,
1769494554.1745858,SENT,02932a6b-0c4f-472b-84b6-1dba65caa84d,c6743e32-1648-47aa-b6bf-a6c036a89b7b,c5,c2,1263,?,x11,
1769494554.1746304,FORWARDED,02932a6b-0c4f-472b-84b6-1dba65caa84d,c6743e32-1648-47aa-b6bf-a6c036a89b7b,c5,c2,1263,?,x11,
1769494554.3775647,RECEIVED,6cbbd0b4-5a32-4f46-978a-7a2be1f23ea2,f15ac295-04cc-43ad-aa72-a28da7e42d93,c2,c3,1785,e3,?,
1769494554.5321748,RECEIVED,332280e9-abea-4d5d-a5fe-201ec3cc6113,403b0779-0be8-4455-a925-90aab667c069,c2,DROP,1007,e6,?,
1769494554.54124,RECEIVED,a093ffd3-ce5e-409d-ba75-ee6c6986f9be,512def33-d19a-4fec-aab9-9ed5b8ae0d7b,c4,c5,1779,e11,?,
1769494554.5434377,SENT,6cbbd0b4-5a32-4f46-978a-7a2be1f23ea2,f15ac295-04cc-43ad-aa72-a28da7e42d93,c2,c3,1264,?,x10,
1769494554.543477,FORWARDED,6cbbd0b4-5a32-4f46-978a-7a2be1f23ea2,f15ac295-04cc-43ad-aa72-a28da7e42d93,c2,c3,1264,?,x10,
1769494554.591156,RECEIVED,cbe00001-6784-4c1e-8c0d-ba0823bcf205,c3cbd037-97f9-4213-bb06-83559447baba,c3,DROP,1020,e3,?,
1769494554.6496031,RECEIVED,471d6868-8382-4d51-b8ed-e9424a674bb7,7ffe26a1-d2bf-4604-aa73-ece20c1101d6,c2,c3,1783,e10,?,
1769494554.9538548,SENT,332280e9-abea-4d5d-a5fe-201ec3cc6113,403b0779-0be8-4455-a925-90aab667c069,c2,DROP,684,?,x4,
1769494554.953967,FORWARDED,332280e9-abea-4d5d-a5fe-201ec3cc6113,403b0779-0be8-4455-a925-90aab667c069,c2,DROP,684,?,x4,
1769494554.9542427,RECEIVED,8ea5b3e9-1e1f-4710-bb78-4be8f7c98575,254d4993-6df1-4403-881b-e150bb5c9885,c5,DROP,1011,e8,?,
1769494555.0316143,RECEIVED,d3288710-8e03-4f66-a242-a2ae1ac145e1,9d49da23-a2ce-4c7a-8fe4-7df70e315f30,c4,c5,1784,e5,?,
1769494555.0797322,SENT,a093ffd3-ce5e-409d-ba75-ee6c6986f9be,512def33-d19a-4fec-aab9-9ed5b8ae0d7b,c4,c5,1263,?,x2,
1769494555.079774,FORWARDED,a093ffd3-ce5e-409d-ba75-ee6c6986f9be,512def33-d19a-4fec-aab9-9ed5b8ae0d7b,c4,c5,1263,?,x2,
1769494555.0828598,RECEIVED,309eb589-178e-4d88-b706-4b560dbbbc01,6064da8e-e691-421a-ab1b-f05b60a0eee4,c3,DROP,1020,e2,?,
1769494555.24116,SENT,309eb589-178e-4d88-b706-4b560dbbbc01,6064da8e-e691-421a-ab1b-f05b60a0eee4,c3,DROP,692,?,x12,
1769494555.2411997,FORWARDED,309eb589-178e-4d88-b706-4b560dbbbc01,6064da8e-e691-421a-ab1b-f05b60a0eee4,c3,DROP,692,?,x12,
1769494555.253988,SENT,fdfc7715-8f03-427a-a3f7-932e9f97787e,0508e46c-b61d-4098-b96f-329997ed1d39,c3,c5,1264,?,x8,
1769494555.254029,FORWARDED,fdfc7715-8f03-427a-a3f7-932e9f97787e,0508e46c-b61d-4098-b96f-329997ed1d39,c3,c5,1264,?,x8,
1769494555.3461676,RECEIVED,fcda2801-0571-4f30-bf72-052cdb9ba8d5,bc834a4d-6f49-47f7-876f-9bdc16894fc4,c4,c5,1775,e10,?,
1769494555.4368234,SENT,471d6868-8382-4d51-b8ed-e9424a674bb7,7ffe26a1-d2bf-4604-aa73-ece20c1101d6,c2,c3,1264,?,x4,
1769494555.4368665,FORWARDED,471d6868-8382-4d51-b8ed-e9424a674bb7,7ffe26a1-d2bf-4604-aa73-ece20c1101d6,c2,c3,1264,?,x4,
1769494555.5002415,SENT,d3288710-8e03-4f66-a242-a2ae1ac145e1,9d49da23-a2ce-4c7a-8fe4-7df70e315f30,c4,c5,1264,?,x10,
1769494555.5002837,FORWARDED,d3288710-8e03-4f66-a242-a2ae1ac145e1,9d49da23-a2ce-4c7a-8fe4-7df70e315f30,c4,c5,1264,?,x10,
1769494555.5567586,RECEIVED,f4242de7-7e03-47bd-b1bc-035bd448125b,835dcb54-7cdc-44cb-b018-d72f1e7b0cd1,c3,c5,1789,e7,?,
1769494555.6931524,RECEIVED,07829f0c-01b3-4b8d-96f7-8c8c5e4b2953,ab19ef9c-c8f8-42cc-9cba-4a277f203c69,c2,DROP,1013,e7,?,
1769494555.7071846,SENT,f4242de7-7e03-47bd-b1bc-035bd448125b,835dcb54-7cdc-44cb-b018-d72f1e7b0cd1,c3,c5,1267,?,x12,
1769494555.707222,FORWARDED,f4242de7-7e03-47bd-b1bc-035bd448125b,835dcb54-7cdc-44cb-b018-d72f1e7b0cd1,c3,c5,1267,?,x12,
1769494555.7327101,SENT,ecfbe70e-6074-4df0-9e02-7624dac92d2b,fe305e2e-c82a-47a5-9dd6-5b13d5c0f18d,c5,c2,1255,?,x1,
1769494555.7327485,FORWARDED,ecfbe70e-6074-4df0-9e02-7624dac92d2b,fe305e2e-c82a-47a5-9dd6-5b13d5c0f18d,c5,c2,1255,?,x1,
1769494555.7580976,RECEIVED,48ae521b-f994-4eb5-9b54-2632a1a5279a,2d330ff1-afcf-49f4-a379-edcdef306ed3,c2,DROP,1007,e6,?,
1769494555.8490388,RECEIVED,5af48fe1-87db-4cb4-9a5e-bc711a4e455f,e554af5d-c548-4078-8bec-ebd6d3175a0a,c4,DROP,1007,e12,?,
1769494555.875988,SENT,5af48fe1-87db-4cb4-9a5e-bc711a4e455f,e554af5d-c548-4078-8bec-ebd6d3175a0a,c4,DROP,683,?,x7,
1769494555.8760283,FORWARDED,5af48fe1-87db-4cb4-9a5e-bc711a4e455f,e554af5d-c548-4078-8bec-ebd6d3175a0a,c4,DROP,683,?,x7,
1769494555.8790445,SENT,8ea5b3e9-1e1f-4710-bb78-4be8f7c98575,254d4993-6df1-4403-881b-e150bb5c9885,c5,DROP,687,?,x3,
1769494555.879093,FORWARDED,8ea5b3e9-1e1f-4710-bb78-4be8f7c98575,254d4993-6df1-4403-881b-e150bb5c9885,c5,DROP,687,?,x3,
1769494555.9439144,SENT,fcda2801-0571-4f30-bf72-052cdb9ba8d5,bc834a4d-6f49-47f7-876f-9bdc16894fc4,c4,c5,1260,?,x2,
1769494555.9439554,FORWARDED,fcda2801-0571-4f30-bf72-052cdb9ba8d5,bc834a4d-6f49-47f7-876f-9bdc16894fc4,c4,c5,1260,?,x2,
1769494555.9682562,SENT,07829f0c-01b3-4b8d-96f7-8c8c5e4b2953,ab19ef9c-c8f8-42cc-9cba-4a277f203c69,c2,DROP,687,?,x10,
1769494555.9682968,FORWARDED,07829f0c-01b3-4b8d-96f7-8c8c5e4b2953,ab19ef9c-c8f8-42cc-9cba-4a277f203c69,c2,DROP,687,?,x10,
1769494556.0243816,SENT,cbe00001-6784-4c1e-8c0d-ba0823bcf205,c3cbd037-97f9-4213-bb06-83559447baba,c3,DROP,692,?,x12,
1769494556.0244217,FORWARDED,cbe00001-6784-4c1e-8c0d-ba0823bcf205,c3cbd037-97f9-4213-bb06-83559447baba,c3,DROP,692,?,x12,
1769494556.075254,RECEIVED,171116cf-aafd-4c24-99e9-a4794bf75581,5de506d2-13ef-4821-bb48-a1f2192a8107,c4,c5,1779,e2,?,
1769494556.0866878,RECEIVED,9451762b-4864-4e1d-a1ec-83b166ac94cc,e8f2f3fd-1a28-44e1-b5e4-492a65acaa3a,c3,c5,1764,e2,?,
1769494556.3556368,RECEIVED,4c290e0a-97c7-48b9-9ab0-90b4b3290e75,de9096ad-f9ad-42ff-8e2e-16b1cc74462b,c2,DROP,1016,e1,?,
1769494556.4297442,SENT,4c290e0a-97c7-48b9-9ab0-90b4b3290e75,de9096ad-f9ad-42ff-8e2e-16b1cc74462b,c2,DROP,688,?,x4,
1769494556.4297853,FORWARDED,4c290e0a-97c7-48b9-9ab0-90b4b3290e75,de9096ad-f9ad-42ff-8e2e-16b1cc74462b,c2,DROP,688,?,x4,
1769494556.435831,SENT,48ae521b-f994-4eb5-9b54-2632a1a5279a,2d330ff1-afcf-49f4-a379-edcdef306ed3,c2,DROP,684,?,x4,
1769494556.435869,FORWARDED,48ae521b-f994-4eb5-9b54-2632a1a5279a,2d330ff1-afcf-49f4-a379-edcdef306ed3,c2,DROP,684,?,x4,
1769494556.5184124,RECEIVED,f08f4548-daed-4333-b0b4-cbc0503d6aee,46420808-9962-4e95-aab6-072c9b64abd4,c2,DROP,1011,e6,?,
1769494556.6557615,SENT,171116cf-aafd-4c24-99e9-a4794bf75581,5de506d2-13ef-4821-bb48-a1f2192a8107,c4,c5,1263,?,x8,
1769494556.6558173,FORWARDED,171116cf-aafd-4c24-99e9-a4794bf75581,5de506d2-13ef-4821-bb48-a1f2192a8107,c4,c5,1263,?,x8,
1769494556.7218618,SENT,f08f4548-daed-4333-b0b4-cbc0503d6aee,46420808-9962-4e95-aab6-072c9b64abd4,c2,DROP,685,?,x3,
1769494556.7219105,FORWARDED,f08f4548-daed-4333-b0b4-cbc0503d6aee,46420808-9962-4e95-aab6-072c9b64abd4,c2,DROP,685,?,x3,
1769494556.7814531,RECEIVED,79e6a0d8-f139-4072-be6c-cf94afd2e2fd,f797b50b-676f-4a3f-8aaa-f1eff03de309,c1,DROP,1007,e6,?,
1769494556.810785,RECEIVED,42314b56-735d-448b-9eeb-c525508a80d4,1cf2bdd9-4c83-487c-b7c2-8e83bb0f5b9a,c2,c3,1778,e9,?,
1769494556.825094,SENT,42314b56-735d-448b-9eeb-c525508a80d4,1cf2bdd9-4c83-487c-b7c2-8e83bb0f5b9a,c2,c3,1259,?,x11,
1769494556.8251355,FORWARDED,42314b56-735d-448b-9eeb-c525508a80d4,1cf2bdd9-4c83-487c-b7c2-8e83bb0f5b9a,c2,c3,1259,?,x11,
1769494556.9118972,RECEIVED,16c7bbd6-c2e1-4874-84ed-29e2bbd8cae9,52d52c44-24a6-417a-a963-a7b30785363f,c5,DROP,1010,e11,?,
1769494556.9281068,SENT,16c7bbd6-c2e1-4874-84ed-29e2bbd8cae9,52d52c44-24a6-417a-a963-a7b30785363f,c5,DROP,684,?,x5,
1769494556.9281473,FORWARDED,16c7bbd6-c2e1-4874-84ed-29e2bbd8cae9,52d52c44-24a6-417a-a963-a7b30785363f,c5,DROP,684,?,x5,
1769494557.0696337,RECEIVED,4fe4948c-617f-4319-b2d6-c395c04b8e80,359caecc-8fda-49de-a166-6878dd0edc4d,c1,DROP,1014,e8,?,
1769494557.0793366,RECEIVED,0212e49a-3423-47ec-9a00-a60079f36b04,08ff41ae-30d4-47d1-972a-a765151574c5,c5,DROP,442,x6,?,
1769494557.1007192,RECEIVED,21f69f37-3041-48f0-a659-b66aa45af0f0,2427f557-0121-4ca5-afa1-9d36514235a0,c5,c2,1779,e10,?,
1769494557.120182,RECEIVED,98409328-2330-421f-9998-deb66ee2b372,da1d222e-5a28-44d7-9897-661f376a7eda,c4,DROP,1007,e7,?,
1769494557.1277564,SENT,4fe4948c-617f-4319-b2d6-c395c04b8e80,359caecc-8fda-49de-a166-6878dd0edc4d,c1,DROP,687,?,x12,
1769494557.1277952,FORWARDED,4fe4948c-617f-4319-b2d6-c395c04b8e80,359caecc-8fda-49de-a166-6878dd0edc4d,c1,DROP,687,?,x12,
1769494557.129064,SENT,9451762b-4864-4e1d-a1ec-83b166ac94cc,e8f2f3fd-1a28-44e1-b5e4-492a65acaa3a,c3,c5,1251,?,x12,
1769494557.1291003,FORWARDED,9451762b-4864-4e1d-a1ec-83b166ac94cc,e8f2f3fd-1a28-44e1-b5e4-492a65acaa3a,c3,c5,1251,?,x12,
1769494557.1415553,RECEIVED,2bd10c67-29c8-40d4-80f8-67622bcd9f00,6b0bf8d2-4162-4749-8cb8-5e112e9bd72b,c2,DROP,1019,e5,?,
1769494557.2279532,RECEIVED,c54627f1-3537-4e28-b2fd-5b9e7014273c,c374af7a-ba98-4295-8d56-d5c3f74d5168,c5,DROP,442,x4,?,
1769494557.341545,RECEIVED,6f8745b6-bb10-46bb-b916-0731745a5f2d,ee5298ee-7a19-420a-bb2b-1e97e13d79ca,c3,DROP,1008,e5,?,
1769494557.3553936,SENT,2bd10c67-29c8-40d4-80f8-67622bcd9f00,6b0bf8d2-4162-4749-8cb8-5e112e9bd72b,c2,DROP,692,?,x1,
1769494557.3554354,FORWARDED,2bd10c67-29c8-40d4-80f8-67622bcd9f00,6b0bf8d2-4162-4749-8cb8-5e112e9bd72b,c2,DROP,692,?,x1,
1769494557.3989782,SENT,6f8745b6-bb10-46bb-b916-0731745a5f2d,ee5298ee-7a19-420a-bb2b-1e97e13d79ca,c3,DROP,684,?,x1,
1769494557.3990154,FORWARDED,6f8745b6-bb10-46bb-b916-0731745a5f2d,ee5298ee-7a19-420a-bb2b-1e97e13d79ca,c3,DROP,684,?,x1,
1769494557.469404,RECEIVED,fe7ed6a8-dab3-41c8-b4ea-920aa323963e,d1962d04-c492-4a52-b7bd-d73f26cdce4e,c5,DROP,1012,e3,?,
1769494557.4927697,RECEIVED,8bf5e4c0-9de2-4704-a7e6-670196ec0c1a,0d2737a4-ea04-4512-a939-955a14eabd2e,c3,DROP,442,x10,?,
1769494557.5114863,SENT,21f69f37-3041-48f0-a659-b66aa45af0f0,2427f557-0121-4ca5-afa1-9d36514235a0,c5,c2,1262,?,x5,
1769494557.5115368,FORWARDED,21f69f37-3041-48f0-a659-b66aa45af0f0,2427f557-0121-4ca5-afa1-9d36514235a0,c5,c2,1262,?,x5,
1769494557.5668387,RECEIVED,be940ef6-c0dd-430f-b60f-9482efae35a3,3c2c0168-a591-4ff2-ad21-2a255b0edeca,c3,DROP,1016,e1,?,
1769494557.6263719,SENT,be940ef6-c0dd-430f-b60f-9482efae35a3,3c2c0168-a591-4ff2-ad21-2a255b0edeca,c3,DROP,689,?,x8,
1769494557.6264136,FORWARDED,be940ef6-c0dd-430f-b60f-9482efae35a3,3c2c0168-a591-4ff2-ad21-2a255b0edeca,c3,DROP,689,?,x8,
1769494557.676616,RECEIVED,20cbb438-c4d9-4cb4-8ca5-5390e7af3b54,506ebdfc-3e79-467e-b606-d077f70de48a,c4,DROP,1015,e5,?,
1769494557.714081,SENT,79e6a0d8-f139-4072-be6c-cf94afd2e2fd,f797b50b-676f-4a3f-8aaa-f1eff03de309,c1,DROP,683,?,x1,
1769494557.7141228,FORWARDED,79e6a0d8-f139-4072-be6c-cf94afd2e2fd,f797b50b-676f-4a3f-8aaa-f1eff03de309,c1,DROP,683,?,x1,
1769494557.8393102,RECEIVED,81688fda-86c1-4ab9-9178-31c238c00541,1ce1e78d-6e24-4c4c-be00-01ec208fee1e,c1,DROP,442,x12,?,
1769494557.8876247,SENT,20cbb438-c4d9-4cb4-8ca5-5390e7af3b54,506ebdfc-3e79-467e-b606-d077f70de48a,c4,DROP,688,?,x3,
1769494557.8878927,FORWARDED,20cbb438-c4d9-4cb4-8ca5-5390e7af3b54,506ebdfc-3e79-467e-b606-d077f70de48a,c4,DROP,688,?,x3,
1769494558.126924,SENT,98409328-2330-421f-9998-deb66ee2b372,da1d222e-5a28-44d7-9897-661f376a7eda,c4,DROP,683,?,x10,
1769494558.1269653,FORWARDED,98409328-2330-421f-9998-deb66ee2b372,da1d222e-5a28-44d7-9897-661f376a7eda,c4,DROP,683,?,x10,
1769494558.1661534,SENT,fe7ed6a8-dab3-41c8-b4ea-920aa323963e,d1962d04-c492-4a52-b7bd-d73f26cdce4e,c5,DROP,687,?,x12,
1769494558.1661947,FORWARDED,fe7ed6a8-dab3-41c8-b4ea-920aa323963e,d1962d04-c492-4a52-b7bd-d73f26cdce4e,c5,DROP,687,?,x12,
1769494558.2480361,RECEIVED,613b9316-10c8-44dc-90bb-1cd473180846,131ba490-664e-41f5-ab7e-9aff5bc4f102,c4,DROP,1007,e6,?,
1769494558.271259,RECEIVED,0e65d84f-e33e-476d-916d-42c87eaeddef,506a4cf7-2e7d-4736-9443-2175af61618c,c4,DROP,1015,e5,?,
1769494558.5015619,RECEIVED,b5b87e1c-a796-45d1-87d3-7be8ef73ac66,d6e63f1c-9a80-4a21-a8f4-2e77a0ec918d,c3,DROP,446,x6,?,
1769494558.578325,RECEIVED,fe650c35-c992-4e16-bddd-db78440beac8,96cbc824-aaba-420a-8d1a-eca20a16016b,c1,DROP,1019,e5,?,
1769494558.7710698,RECEIVED,026eeacd-ef13-4453-a8a3-b87296b323d2,040596ea-97c0-4fdf-9fde-15bf98dc8caa,c3,DROP,1007,e4,?,
1769494558.7714684,RECEIVED,9fbd452d-66fb-425e-878a-37d888036b42,a5f5d30a-f0f0-4842-bc4b-d506d863e711,c4,DROP,1016,e1,?,
1769494558.788209,RECEIVED,42289323-c03c-4325-abd1-494232a83b5a,3fb48eff-68b6-4c62-92b2-c8af11dc502a,c2,DROP,1024,e10,?,
1769494558.8288844,SENT,42289323-c03c-4325-abd1-494232a83b5a,3fb48eff-68b6-4c62-92b2-c8af11dc502a,c2,DROP,694,?,x2,
1769494558.828923,FORWARDED,42289323-c03c-4325-abd1-494232a83b5a,3fb48eff-68b6-4c62-92b2-c8af11dc502a,c2,DROP,694,?,x2,
1769494558.8411365,SENT,fe650c35-c992-4e16-bddd-db78440beac8,96cbc824-aaba-420a-8d1a-eca20a16016b,c1,DROP,693,?,x6,
1769494558.841177,FORWARDED,fe650c35-c992-4e16-bddd-db78440beac8,96cbc824-aaba-420a-8d1a-eca20a16016b,c1,DROP,693,?,x6,
1769494558.849808,RECEIVED,5dcee04f-1461-478a-aba9-0ee79c5e8cfe,af121148-0623-47eb-b39e-508088d00d0f,c1,DROP,1016,e2,?,
1769494558.9425714,SENT,5dcee04f-1461-478a-aba9-0ee79c5e8cfe,af121148-0623-47eb-b39e-508088d00d0f,c1,DROP,688,?,x9,
1769494558.9426157,FORWARDED,5dcee04f-1461-478a-aba9-0ee79c5e8cfe,af121148-0623-47eb-b39e-508088d00d0f,c1,DROP,688,?,x9,
1769494558.9567978,RECEIVED,fb86b9a0-1e1e-4a4e-aad4-5180941e6ecd,5fa2655b-9ffb-4d49-a196-c18e68392c9d,c2,DROP,446,x12,?,
1769494558.990142,SENT,9fbd452d-66fb-425e-878a-37d888036b42,a5f5d30a-f0f0-4842-bc4b-d506d863e711,c4,DROP,688,?,x4,
1769494558.9901857,FORWARDED,9fbd452d-66fb-425e-878a-37d888036b42,a5f5d30a-f0f0-4842-bc4b-d506d863e711,c4,DROP,688,?,x4,
1769494559.1432705,SENT,0e65d84f-e33e-476d-916d-42c87eaeddef,506a4cf7-2e7d-4736-9443-2175af61618c,c4,DROP,688,?,x9,
1769494559.143309,FORWARDED,0e65d84f-e33e-476d-916d-42c87eaeddef,506a4cf7-2e7d-4736-9443-2175af61618c,c4,DROP,688,?,x9,
1769494559.152275,SENT,613b9316-10c8-44dc-90bb-1cd473180846,131ba490-664e-41f5-ab7e-9aff5bc4f102,c4,DROP,683,?,x6,
1769494559.1523151,FORWARDED,613b9316-10c8-44dc-90bb-1cd473180846,131ba490-664e-41f5-ab7e-9aff5bc4f102,c4,DROP,683,?,x6,
1769494559.2099338,RECEIVED,6fadab94-d319-4aea-9d9b-92a3d34c9b0c,4fe67cca-fe40-4436-8f54-84ae9e4fda4e,c3,DROP,1009,e3,?,
1769494559.3849423,RECEIVED,cac17213-f3e0-4a82-a60b-28f914fd5c04,e6556aff-edf0-4e10-96ef-d6aebe831553,c4,DROP,442,x9,?,
1769494559.4364145,SENT,6fadab94-d319-4aea-9d9b-92a3d34c9b0c,4fe67cca-fe40-4436-8f54-84ae9e4fda4e,c3,DROP,684,?,x12,
1769494559.4364486,FORWARDED,6fadab94-d319-4aea-9d9b-92a3d34c9b0c,4fe67cca-fe40-4436-8f54-84ae9e4fda4e,c3,DROP,684,?,x12,
1769494559.4379587,RECEIVED,7f0d3755-8667-45b1-a2e7-a689311f596c,a63cf686-d0fa-4187-bac4-32ffcf883395,c2,DROP,1007,e4,?,
1769494559.45922,SENT,026eeacd-ef13-4453-a8a3-b87296b323d2,040596ea-97c0-4fdf-9fde-15bf98dc8caa,c3,DROP,684,?,x7,
1769494559.4592571,FORWARDED,026eeacd-ef13-4453-a8a3-b87296b323d2,040596ea-97c0-4fdf-9fde-15bf98dc8caa,c3,DROP,684,?,x7,
1769494559.4771464,RECEIVED,77d7d275-83a6-45d6-aa66-a4f8414faed9,774574ae-6e78-4cac-a64d-85bd8d1946c0,c3,DROP,1010,e3,?,
1769494559.7666028,RECEIVED,e65d3ad6-c538-4d41-ae92-311b1cf59c50,c5620c07-0893-4679-9e16-0fe4108e8d49,c2,DROP,1019,e10,?,
1769494559.7996066,RECEIVED,323bb41b-d740-4b00-b2e1-043f545a1a18,4baa858d-1bab-43c6-a2af-686b7b4725b3,c5,DROP,1013,e6,?,
1769494559.9842162,SENT,323bb41b-d740-4b00-b2e1-043f545a1a18,4baa858d-1bab-43c6-a2af-686b7b4725b3,c5,DROP,687,?,x12,
1769494559.984258,FORWARDED,323bb41b-d740-4b00-b2e1-043f545a1a18,4baa858d-1bab-43c6-a2af-686b7b4725b3,c5,DROP,687,?,x12,
1769494560.0878592,SENT,e65d3ad6-c538-4d41-ae92-311b1cf59c50,c5620c07-0893-4679-9e16-0fe4108e8d49,c2,DROP,692,?,x6,
1769494560.087894,FORWARDED,e65d3ad6-c538-4d41-ae92-311b1cf59c50,c5620c07-0893-4679-9e16-0fe4108e8d49,c2,DROP,692,?,x6,
1769494560.262272,RECEIVED,0e1f0b8b-c338-4010-a4b0-525a48fee59b,58a7b9e2-526d-449e-989f-ffc24d06ad80,c3,DROP,1007,e6,?,
1769494560.4079108,SENT,77d7d275-83a6-45d6-aa66-a4f8414faed9,774574ae-6e78-4cac-a64d-85bd8d1946c0,c3,DROP,687,?,x8,
1769494560.4079514,FORWARDED,77d7d275-83a6-45d6-aa66-a4f8414faed9,774574ae-6e78-4cac-a64d-85bd8d1946c0,c3,DROP,687,?,x8,
1769494560.4243073,RECEIVED,e60bbab4-4fad-45a2-b61e-946ebb332130,499ea79b-9fc8-4012-a75b-534dcc9a8820,c5,c2,1780,e9,?,
1769494560.478656,RECEIVED,2cab2c36-83f6-420b-8d10-b7bf08552afb,683cd7f4-d104-4e11-8c2b-b399a8b9eef4,c4,DROP,1020,e2,?,
1769494560.5161316,SENT,e60bbab4-4fad-45a2-b61e-946ebb332130,499ea79b-9fc8-4012-a75b-534dcc9a8820,c5,c2,1263,?,x6,
1769494560.5161715,FORWARDED,e60bbab4-4fad-45a2-b61e-946ebb332130,499ea79b-9fc8-4012-a75b-534dcc9a8820,c5,c2,1263,?,x6,
1769494560.5527606,RECEIVED,b904f44a-9464-4358-94ee-e4ee1495da04,fdbfd139-ee1a-40a1-83e1-cec3c6ea30cd,c4,DROP,1021,e5,?,
1769494560.6178365,SENT,b904f44a-9464-4358-94ee-e4ee1495da04,fdbfd139-ee1a-40a1-83e1-cec3c6ea30cd,c4,DROP,692,?,x4,
1769494560.617878,FORWARDED,b904f44a-9464-4358-94ee-e4ee1495da04,fdbfd139-ee1a-40a1-83e1-cec3c6ea30cd,c4,DROP,692,?,x4,
1769494560.728039,SENT,2cab2c36-83f6-420b-8d10-b7bf08552afb,683cd7f4-d104-4e11-8c2b-b399a8b9eef4,c4,DROP,692,?,x2,
1769494560.7280958,FORWARDED,2cab2c36-83f6-420b-8d10-b7bf08552afb,683cd7f4-d104-4e11-8c2b-b399a8b9eef4,c4,DROP,692,?,x2,
1769494560.7283168,RECEIVED,9e7e2c55-1569-44a6-b995-b6a0798a56a5,311157ec-6e1f-4073-9c24-c2524d488873,c2,DROP,1017,e8,?,
1769494560.7712831,RECEIVED,68aac438-312a-41f3-b07f-fa217ef70a63,8117cd97-3c3e-4a08-8962-8e4df5f96b5c,c2,DROP,1015,e5,?,
1769494560.8248062,RECEIVED,ace88f6c-d24c-4db7-9b75-5b587b7f46e5,2bd683b1-2f93-43a0-a35f-f84280903dfa,c4,DROP,441,x2,?,
1769494560.889886,SENT,9e7e2c55-1569-44a6-b995-b6a0798a56a5,311157ec-6e1f-4073-9c24-c2524d488873,c2,DROP,688,?,x11,
1769494560.889927,FORWARDED,9e7e2c55-1569-44a6-b995-b6a0798a56a5,311157ec-6e1f-4073-9c24-c2524d488873,c2,DROP,688,?,x11,
1769494560.97879,SENT,7f0d3755-8667-45b1-a2e7-a689311f596c,a63cf686-d0fa-4187-bac4-32ffcf883395,c2,DROP,684,?,x3,
1769494560.97883,FORWARDED,7f0d3755-8667-45b1-a2e7-a689311f596c,a63cf686-d0fa-4187-bac4-32ffcf883395,c2,DROP,684,?,x3,
1769494561.1606715,SENT,68aac438-312a-41f3-b07f-fa217ef70a63,8117cd97-3c3e-4a08-8962-8e4df5f96b5c,c2,DROP,688,?,x1,
1769494561.1607149,FORWARDED,68aac438-312a-41f3-b07f-fa217ef70a63,8117cd97-3c3e-4a08-8962-8e4df5f96b5c,c2,DROP,688,?,x1,
1769494561.2639859,SENT,0e1f0b8b-c338-4010-a4b0-525a48fee59b,58a7b9e2-526d-449e-989f-ffc24d06ad80,c3,DROP,684,?,x4,
1769494561.2640264,FORWARDED,0e1f0b8b-c338-4010-a4b0-525a48fee59b,58a7b9e2-526d-449e-989f-ffc24d06ad80,c3,DROP,684,?,x4,
1769494561.3989367,RECEIVED,fe0d7e63-9e67-420b-b4e5-3f875af12227,4dde8417-eebb-4898-aef9-cfcf0303a192,c4,DROP,1006,e1,?,
1769494561.567273,RECEIVED,8a514982-eadc-4376-bd1a-4322bb0720c1,1280bf84-ff01-438c-9927-c67c9438eff4,c5,DROP,443,x2,?,
1769494561.7694612,RECEIVED,bb3bccb8-044d-41d5-9ff6-6e5c3e8becda,81fbef61-f4bd-49c3-b633-1082f1113c38,c1,c5,1780,e5,?,
1769494562.0127833,SENT,bb3bccb8-044d-41d5-9ff6-6e5c3e8becda,81fbef61-f4bd-49c3-b633-1082f1113c38,c1,c5,1263,?,x11,
1769494562.0128267,FORWARDED,bb3bccb8-044d-41d5-9ff6-6e5c3e8becda,81fbef61-f4bd-49c3-b633-1082f1113c38,c1,c5,1263,?,x11,
1769494562.0709348,RECEIVED,c91bd9bf-c94a-41bd-a793-b62fd28ae4f5,8e81ac77-1c79-45bc-bba8-21891f407ac5,c4,DROP,1020,e7,?,
1769494562.1571174,RECEIVED,d2c2e434-105e-4b0c-978d-ff5ce40dea4d,e9ea2ec7-2157-4f61-9405-fb0267b48d7c,c2,DROP,1011,e7,?,
1769494562.209918,RECEIVED,7ad127c2-ddfc-4bb6-b0c8-03436c065cbe,b5417506-c0f7-42dd-abeb-b5c3809f4ede,c1,DROP,1020,e3,?,
1769494562.2143033,RECEIVED,0e2be5e9-b088-461f-8a6a-d2ff38554b33,fe491d58-f04b-4466-9233-1c6dbc97ca61,c5,DROP,1007,e7,?,
1769494562.2291603,SENT,fe0d7e63-9e67-420b-b4e5-3f875af12227,4dde8417-eebb-4898-aef9-cfcf0303a192,c4,DROP,684,?,x12,
1769494562.2292013,FORWARDED,fe0d7e63-9e67-420b-b4e5-3f875af12227,4dde8417-eebb-4898-aef9-cfcf0303a192,c4,DROP,684,?,x12,
1769494562.3061585,RECEIVED,dfd80b87-6292-4b92-9743-89b37727d59f,610abc6a-d6d0-4745-852f-8516c4201831,c5,DROP,1006,e11,?,
1769494562.4318483,RECEIVED,b0754f9a-b5fb-463d-bd59-74588a5a98b3,89cf282a-ca35-4ed8-8ee8-05077135c5ef,c2,DROP,1021,e11,?,
1769494562.5214226,RECEIVED,b92453bd-a566-4ac8-aa30-e497e166c362,765f87e7-e382-4237-9a16-ea4b047643dc,c2,DROP,441,x10,?,
1769494562.5312688,SENT,b0754f9a-b5fb-463d-bd59-74588a5a98b3,89cf282a-ca35-4ed8-8ee8-05077135c5ef,c2,DROP,691,?,x11,
1769494562.5313075,FORWARDED,b0754f9a-b5fb-463d-bd59-74588a5a98b3,89cf282a-ca35-4ed8-8ee8-05077135c5ef,c2,DROP,691,?,x11,
1769494562.6176717,SENT,7ad127c2-ddfc-4bb6-b0c8-03436c065cbe,b5417506-c0f7-42dd-abeb-b5c3809f4ede,c1,DROP,693,?,x1,
1769494562.617713,FORWARDED,7ad127c2-ddfc-4bb6-b0c8-03436c065cbe,b5417506-c0f7-42dd-abeb-b5c3809f4ede,c1,DROP,693,?,x1,
1769494562.8066514,SENT,c91bd9bf-c94a-41bd-a793-b62fd28ae4f5,8e81ac77-1c79-45bc-bba8-21891f407ac5,c4,DROP,691,?,x12,
1769494562.8066928,FORWARDED,c91bd9bf-c94a-41bd-a793-b62fd28ae4f5,8e81ac77-1c79-45bc-bba8-21891f407ac5,c4,DROP,691,?,x12,
1769494562.8336446,RECEIVED,0f9fcc80-340d-4cfb-904d-9476c8c3aa26,91d5ab20-3cd3-44bf-9dda-cff99fdce191,c3,DROP,1013,e5,?,
1769494562.8511703,SENT,d2c2e434-105e-4b0c-978d-ff5ce40dea4d,e9ea2ec7-2157-4f61-9405-fb0267b48d7c,c2,DROP,685,?,x3,
1769494562.8512125,FORWARDED,d2c2e434-105e-4b0c-978d-ff5ce40dea4d,e9ea2ec7-2157-4f61-9405-fb0267b48d7c,c2,DROP,685,?,x3,
1769494562.8761468,RECEIVED,3d6126c6-5454-4cbc-aabe-d3f46e033d68,bddb45c9-d1f0-46a8-883b-07470ee8bfcb,c2,DROP,1021,e8,?,
1769494562.918109,RECEIVED,6fadf34c-e55e-40e7-a725-c22404e5c356,d815c499-e11a-4b08-8a29-10a7a1c86b00,c3,DROP,445,x10,?,
1769494563.123599,SENT,0f9fcc80-340d-4cfb-904d-9476c8c3aa26,91d5ab20-3cd3-44bf-9dda-cff99fdce191,c3,DROP,687,?,x11,
1769494563.1242094,FORWARDED,0f9fcc80-340d-4cfb-904d-9476c8c3aa26,91d5ab20-3cd3-44bf-9dda-cff99fdce191,c3,DROP,687,?,x11,
1769494563.2621608,RECEIVED,fb293272-c6c5-4ec6-8a26-7d688f708e0e,0edfffa2-ff88-426f-8e5f-a85548055f41,c2,DROP,1003,e3,?,
1769494563.3065386,SENT,3d6126c6-5454-4cbc-aabe-d3f46e033d68,bddb45c9-d1f0-46a8-883b-07470ee8bfcb,c2,DROP,691,?,x10,
1769494563.3065817,FORWARDED,3d6126c6-5454-4cbc-aabe-d3f46e033d68,bddb45c9-d1f0-46a8-883b-07470ee8bfcb,c2,DROP,691,?,x10,
1769494563.3860602,SENT,0e2be5e9-b088-461f-8a6a-d2ff38554b33,fe491d58-f04b-4466-9233-1c6dbc97ca61,c5,DROP,684,?,x5,
1769494563.3861008,FORWARDED,0e2be5e9-b088-461f-8a6a-d2ff38554b33,fe491d58-f04b-4466-9233-1c6dbc97ca61,c5,DROP,684,?,x5,
1769494563.4408894,SENT,dfd80b87-6292-4b92-9743-89b37727d59f,610abc6a-d6d0-4745-852f-8516c4201831,c5,DROP,683,?,x7,
1769494563.4409292,FORWARDED,dfd80b87-6292-4b92-9743-89b37727d59f,610abc6a-d6d0-4745-852f-8516c4201831,c5,DROP,683,?,x7,
1769494563.4667149,RECEIVED,77424aeb-58da-41cb-bef4-9d27e34297cc,cfb37b99-0a5f-4f6c-8df8-489403b8e0ad,c5,DROP,1007,e1,?,
1769494563.4733021,RECEIVED,643be9de-4bc8-49e6-a6ea-72b3d219d815,817ee4a9-cddc-4ba2-818d-f1b29d2f41a1,c2,DROP,1021,e5,?,
1769494563.5348744,RECEIVED,41885eab-ab19-436d-8469-0bfcfc593e62,a52b8b41-f48d-4725-9e10-37655574214a,c4,c5,1763,e2,?,
1769494563.547337,SENT,643be9de-4bc8-49e6-a6ea-72b3d219d815,817ee4a9-cddc-4ba2-818d-f1b29d2f41a1,c2,DROP,692,?,x12,
1769494563.5473726,FORWARDED,643be9de-4bc8-49e6-a6ea-72b3d219d815,817ee4a9-cddc-4ba2-818d-f1b29d2f41a1,c2,DROP,692,?,x12,
1769494563.5793247,RECEIVED,d50c7f2f-b6de-462b-a59b-754900c7822f,02ff9d78-fc24-490d-a0dc-cb07f16beacd,c2,DROP,1007,e7,?,
1769494563.6791432,RECEIVED,a05a6861-babb-4c94-ab17-9b28f1fd0689,19fcb5a3-0e0b-4f96-972c-6ad4567aab6b,c3,DROP,1015,e5,?,
1769494563.7253742,SENT,fb293272-c6c5-4ec6-8a26-7d688f708e0e,0edfffa2-ff88-426f-8e5f-a85548055f41,c2,DROP,679,?,x6,
1769494563.7254145,FORWARDED,fb293272-c6c5-4ec6-8a26-7d688f708e0e,0edfffa2-ff88-426f-8e5f-a85548055f41,c2,DROP,679,?,x6,
1769494563.7838588,SENT,41885eab-ab19-436d-8469-0bfcfc593e62,a52b8b41-f48d-4725-9e10-37655574214a,c4,c5,1249,?,x4,
1769494563.7839022,FORWARDED,41885eab-ab19-436d-8469-0bfcfc593e62,a52b8b41-f48d-4725-9e10-37655574214a,c4,c5,1249,?,x4,
1769494563.826211,RECEIVED,d33957a2-38e6-4b59-a64e-69eb0e17ab53,ab501419-f881-41d8-ac96-d2857ad94a46,c3,c5,1776,e7,?,
1769494563.8575313,SENT,d50c7f2f-b6de-462b-a59b-754900c7822f,02ff9d78-fc24-490d-a0dc-cb07f16beacd,c2,DROP,684,?,x5,
1769494563.8575726,FORWARDED,d50c7f2f-b6de-462b-a59b-754900c7822f,02ff9d78-fc24-490d-a0dc-cb07f16beacd,c2,DROP,684,?,x5,
1769494563.9365914,RECEIVED,7176a48d-3989-4fc8-9004-c9fd76b172f5,de9fbcc6-f443-4984-a071-f36500d0bc24,c2,c3,1780,e9,?,
1769494563.9593506,SENT,d33957a2-38e6-4b59-a64e-69eb0e17ab53,ab501419-f881-41d8-ac96-d2857ad94a46,c3,c5,1260,?,x9,
1769494563.9593952,FORWARDED,d33957a2-38e6-4b59-a64e-69eb0e17ab53,ab501419-f881-41d8-ac96-d2857ad94a46,c3,c5,1260,?,x9,
1769494564.050312,SENT,7176a48d-3989-4fc8-9004-c9fd76b172f5,de9fbcc6-f443-4984-a071-f36500d0bc24,c2,c3,1263,?,x3,
1769494564.0503545,FORWARDED,7176a48d-3989-4fc8-9004-c9fd76b172f5,de9fbcc6-f443-4984-a071-f36500d0bc24,c2,c3,1263,?,x3,
1769494564.101607,RECEIVED,fa4d5d5b-0286-4ca6-b29a-96d7fc24eb14,7fd41249-28ca-48d5-8c76-5861bd85b3c6,c4,DROP,1009,e9,?,
1769494564.1537712,SENT,fa4d5d5b-0286-4ca6-b29a-96d7fc24eb14,7fd41249-28ca-48d5-8c76-5861bd85b3c6,c4,DROP,683,?,x1,
1769494564.1538064,FORWARDED,fa4d5d5b-0286-4ca6-b29a-96d7fc24eb14,7fd41249-28ca-48d5-8c76-5861bd85b3c6,c4,DROP,683,?,x1,
1769494564.1692808,SENT,77424aeb-58da-41cb-bef4-9d27e34297cc,cfb37b99-0a5f-4f6c-8df8-489403b8e0ad,c5,DROP,684,?,x8,
1769494564.1693215,FORWARDED,77424aeb-58da-41cb-bef4-9d27e34297cc,cfb37b99-0a5f-4f6c-8df8-489403b8e0ad,c5,DROP,684,?,x8,
1769494564.1732862,RECEIVED,9538bd90-585c-415c-a785-86078b5fc19d,e606d175-e758-4ef1-abc9-a86705e88840,c1,c5,1776,e4,?,
1769494564.2158074,RECEIVED,29253c63-b3a7-44b0-a097-5dbbf28130e2,6c4b8b63-22c8-4b6b-a6b4-6e466dcfc249,c5,DROP,442,x12,?,
1769494564.228486,RECEIVED,986670a2-7ff6-4465-822d-15148c04803e,9a29119e-85aa-4845-b23a-4201080dd1b5,c1,c5,1775,e1,?,
1769494564.3189569,RECEIVED,7e401992-5f55-4fa8-89b1-f0d13b1c39d9,42c9b9e8-f9a1-473f-aa3d-e9014ab88598,c5,DROP,1020,e2,?,
1769494564.3311176,SENT,9538bd90-585c-415c-a785-86078b5fc19d,e606d175-e758-4ef1-abc9-a86705e88840,c1,c5,1259,?,x1,
1769494564.33116,FORWARDED,9538bd90-585c-415c-a785-86078b5fc19d,e606d175-e758-4ef1-abc9-a86705e88840,c1,c5,1259,?,x1,
1769494564.3725827,RECEIVED,dfa2ce87-544e-43fe-acd3-3c6ab8d0b70b,8dfdacad-37b6-4262-bf2c-7ad96ed756be,c2,DROP,1020,e10,?,
1769494564.3740723,RECEIVED,a3b5418e-fde5-4c9e-a1ac-495bb063f9c9,6998b471-00ae-4040-b7da-b9140e1e7976,c5,DROP,441,x9,?,
1769494564.3889377,RECEIVED,0cf217cf-e187-4231-90cd-d48e68f7c5d6,76bbca73-f373-43ba-bc4f-256d64b6eedf,c2,DROP,1007,e1,?,
1769494564.402537,RECEIVED,6999761c-352f-4ce4-a9b1-615c1c1eaacc,d8065fbd-b00d-4f2a-896a-7856b80f0ae3,c4,c5,1783,e7,?,
1769494564.4618504,SENT,7e401992-5f55-4fa8-89b1-f0d13b1c39d9,42c9b9e8-f9a1-473f-aa3d-e9014ab88598,c5,DROP,693,?,x7,
1769494564.461889,FORWARDED,7e401992-5f55-4fa8-89b1-f0d13b1c39d9,42c9b9e8-f9a1-473f-aa3d-e9014ab88598,c5,DROP,693,?,x7,
1769494564.480813,SENT,dfa2ce87-544e-43fe-acd3-3c6ab8d0b70b,8dfdacad-37b6-4262-bf2c-7ad96ed756be,c2,DROP,692,?,x9,
1769494564.4808555,FORWARDED,dfa2ce87-544e-43fe-acd3-3c6ab8d0b70b,8dfdacad-37b6-4262-bf2c-7ad96ed756be,c2,DROP,692,?,x9,
1769494564.529916,SENT,a05a6861-babb-4c94-ab17-9b28f1fd0689,19fcb5a3-0e0b-4f96-972c-6ad4567aab6b,c3,DROP,688,?,x5,
1769494564.5299554,FORWARDED,a05a6861-babb-4c94-ab17-9b28f1fd0689,19fcb5a3-0e0b-4f96-972c-6ad4567aab6b,c3,DROP,688,?,x5,
1769494564.8811314,SENT,986670a2-7ff6-4465-822d-15148c04803e,9a29119e-85aa-4845-b23a-4201080dd1b5,c1,c5,1260,?,x1,
1769494564.881173,FORWARDED,986670a2-7ff6-4465-822d-15148c04803e,9a29119e-85aa-4845-b23a-4201080dd1b5,c1,c5,1260,?,x1,
1769494564.9931123,RECEIVED,c33e9b3f-d6dc-4c1a-a25d-f42c29595b11,8c01e1e2-61a6-4a7f-a885-400c7505109a,c1,c5,1783,e5,?,
1769494565.0639415,RECEIVED,0313b3d5-adca-4253-b019-56de154a18e4,9deeed8c-f032-48b4-ba00-c9bd4587f4ae,c3,DROP,1016,e11,?,
1769494565.1027176,SENT,0cf217cf-e187-4231-90cd-d48e68f7c5d6,76bbca73-f373-43ba-bc4f-256d64b6eedf,c2,DROP,684,?,x1,
1769494565.1027565,FORWARDED,0cf217cf-e187-4231-90cd-d48e68f7c5d6,76bbca73-f373-43ba-bc4f-256d64b6eedf,c2,DROP,684,?,x1,
1769494565.2766867,SENT,c33e9b3f-d6dc-4c1a-a25d-f42c29595b11,8c01e1e2-61a6-4a7f-a885-400c7505109a,c1,c5,1264,?,x1,
1769494565.276726,FORWARDED,c33e9b3f-d6dc-4c1a-a25d-f42c29595b11,8c01e1e2-61a6-4a7f-a885-400c7505109a,c1,c5,1264,?,x1,
1769494565.2996836,RECEIVED,68aa0e5a-14d9-42f8-9acf-ba2b4d7395b3,b7a3a280-5e12-4186-9de6-7eb8925ac368,c2,DROP,1016,e6,?,
1769494565.3472493,SENT,0313b3d5-adca-4253-b019-56de154a18e4,9deeed8c-f032-48b4-ba00-c9bd4587f4ae,c3,DROP,688,?,x2,
1769494565.3472905,FORWARDED,0313b3d5-adca-4253-b019-56de154a18e4,9deeed8c-f032-48b4-ba00-c9bd4587f4ae,c3,DROP,688,?,x2,
1769494565.3871555,SENT,68aa0e5a-14d9-42f8-9acf-ba2b4d7395b3,b7a3a280-5e12-4186-9de6-7eb8925ac368,c2,DROP,689,?,x9,
1769494565.387199,FORWARDED,68aa0e5a-14d9-42f8-9acf-ba2b4d7395b3,b7a3a280-5e12-4186-9de6-7eb8925ac368,c2,DROP,689,?,x9,
1769494565.401284,SENT,6999761c-352f-4ce4-a9b1-615c1c1eaacc,d8065fbd-b00d-4f2a-896a-7856b80f0ae3,c4,c5,1264,?,x8,
1769494565.4013255,FORWARDED,6999761c-352f-4ce4-a9b1-615c1c1eaacc,d8065fbd-b00d-4f2a-896a-7856b80f0ae3,c4,c5,1264,?,x8,
1769494565.474109,RECEIVED,1139c0bd-9a71-43bb-a106-acdb20b0e201,410e8531-a337-45e2-aea3-456528150526,c4,DROP,1015,e7,?,
1769494565.4791076,RECEIVED,34a009e5-7596-43ed-b46b-1b4139eba8f4,6c776626-bfb3-4a26-ae68-6c6ece8cd25e,c3,DROP,441,x9,?,
1769494565.4883375,RECEIVED,ad955997-56c1-43f8-8bc4-baa0b3ba3e75,74456020-e1ae-4e3e-87b3-d8e68c05c3b0,c4,DROP,1020,e10,?,
1769494565.563971,RECEIVED,f2567926-c6d1-462a-b600-6f6d46b93de4,229b4d66-83d1-4b33-884c-356bcb561de9,c1,DROP,1020,e7,?,
1769494565.6489682,SENT,ad955997-56c1-43f8-8bc4-baa0b3ba3e75,74456020-e1ae-4e3e-87b3-d8e68c05c3b0,c4,DROP,692,?,x6,
1769494565.649009,FORWARDED,ad955997-56c1-43f8-8bc4-baa0b3ba3e75,74456020-e1ae-4e3e-87b3-d8e68c05c3b0,c4,DROP,692,?,x6,
1769494565.9335797,RECEIVED,cbdc4419-5133-47eb-a68c-7bd426104729,9d253662-4188-4141-bd16-8ec709a416a5,c4,DROP,1008,e3,?,
1769494565.9789152,RECEIVED,b28200f5-b664-4aa8-bc56-aa523b4c14ec,2be40d32-0559-415e-904f-bb9673960eb6,c4,DROP,1022,e4,?,
1769494565.991907,SENT,f2567926-c6d1-462a-b600-6f6d46b93de4,229b4d66-83d1-4b33-884c-356bcb561de9,c1,DROP,692,?,x12,
1769494565.991949,FORWARDED,f2567926-c6d1-462a-b600-6f6d46b93de4,229b4d66-83d1-4b33-884c-356bcb561de9,c1,DROP,692,?,x12,
1769494566.0057669,SENT,b28200f5-b664-4aa8-bc56-aa523b4c14ec,2be40d32-0559-415e-904f-bb9673960eb6,c4,DROP,693,?,x12,
1769494566.0058076,FORWARDED,b28200f5-b664-4aa8-bc56-aa523b4c14ec,2be40d32-0559-415e-904f-bb9673960eb6,c4,DROP,693,?,x12,
1769494566.1116588,SENT,1139c0bd-9a71-43bb-a106-acdb20b0e201,410e8531-a337-45e2-aea3-456528150526,c4,DROP,688,?,x5,
1769494566.1116998,FORWARDED,1139c0bd-9a71-43bb-a106-acdb20b0e201,410e8531-a337-45e2-aea3-456528150526,c4,DROP,688,?,x5,
1769494566.2473366,SENT,cbdc4419-5133-47eb-a68c-7bd426104729,9d253662-4188-4141-bd16-8ec709a416a5,c4,DROP,684,?,x1,
1769494566.2473793,FORWARDED,cbdc4419-5133-47eb-a68c-7bd426104729,9d253662-4188-4141-bd16-8ec709a416a5,c4,DROP,684,?,x1,
1769494566.3254805,RECEIVED,51966fde-9481-491d-999a-61b4028075a3,9114af9e-f147-4d35-89a9-dcc623a590c8,c1,DROP,1008,e2,?,
1769494566.5116105,RECEIVED,fa77f6ce-050f-4c88-acee-63cedfa55460,ca482806-1a65-4fac-a38c-6ea82fb2b665,c5,DROP,1007,e5,?,
1769494566.88054,RECEIVED,638f82a6-614f-4e8c-be2b-e6d6df3f25f8,8fe94826-57d3-44b4-a05b-8104ededa79c,c1,c5,1777,e5,?,
1769494566.906362,RECEIVED,da97662b-3830-456c-9139-51cc9753332e,54d9e44b-ef62-4d52-91a2-1464724e16c6,c5,DROP,1012,e7,?,
1769494566.920449,SENT,fa77f6ce-050f-4c88-acee-63cedfa55460,ca482806-1a65-4fac-a38c-6ea82fb2b665,c5,DROP,684,?,x10,
1769494566.9204884,FORWARDED,fa77f6ce-050f-4c88-acee-63cedfa55460,ca482806-1a65-4fac-a38c-6ea82fb2b665,c5,DROP,684,?,x10,
1769494566.9657683,RECEIVED,6c0188c7-1dff-42a3-900a-1faaff959a27,95d95c28-ee96-4aa3-ae15-e9174438c432,c5,c2,1784,e4,?,
1769494566.9730651,SENT,da97662b-3830-456c-9139-51cc9753332e,54d9e44b-ef62-4d52-91a2-1464724e16c6,c5,DROP,687,?,x7,
1769494566.9731069,FORWARDED,da97662b-3830-456c-9139-51cc9753332e,54d9e44b-ef62-4d52-91a2-1464724e16c6,c5,DROP,687,?,x7,
1769494567.071724,SENT,638f82a6-614f-4e8c-be2b-e6d6df3f25f8,8fe94826-57d3-44b4-a05b-8104ededa79c,c1,c5,1260,?,x10,
1769494567.0717633,FORWARDED,638f82a6-614f-4e8c-be2b-e6d6df3f25f8,8fe94826-57d3-44b4-a05b-8104ededa79c,c1,c5,1260,?,x10,
1769494567.1987505,SENT,6c0188c7-1dff-42a3-900a-1faaff959a27,95d95c28-ee96-4aa3-ae15-e9174438c432,c5,c2,1264,?,x3,
1769494567.1987932,FORWARDED,6c0188c7-1dff-42a3-900a-1faaff959a27,95d95c28-ee96-4aa3-ae15-e9174438c432,c5,c2,1264,?,x3,
1769494567.294559,RECEIVED,cbc8f126-12e2-4e40-9b7b-7fee7e3a04df,6c3f644f-f8e5-45b4-b50b-9790ac47762d,c1,DROP,1020,e10,?,
1769494567.3442347,SENT,cbc8f126-12e2-4e40-9b7b-7fee7e3a04df,6c3f644f-f8e5-45b4-b50b-9790ac47762d,c1,DROP,693,?,x5,
1769494567.344278,FORWARDED,cbc8f126-12e2-4e40-9b7b-7fee7e3a04df,6c3f644f-f8e5-45b4-b50b-9790ac47762d,c1,DROP,693,?,x5,
1769494567.3949463,SENT,51966fde-9481-491d-999a-61b4028075a3,9114af9e-f147-4d35-89a9-dcc623a590c8,c1,DROP,683,?,x11,
1769494567.39499,FORWARDED,51966fde-9481-491d-999a-61b4028075a3,9114af9e-f147-4d35-89a9-dcc623a590c8,c1,DROP,683,?,x11,
1769494567.497564,RECEIVED,6afdd6f0-1cbf-4377-8e40-b97a392b370d,4262a060-3ee4-4b2b-bbc8-11abf9391a0f,c2,DROP,1004,e1,?,
1769494567.5047235,RECEIVED,06a2e35b-35ec-4c10-b20e-255e3e5a6c8f,ca193ce3-d084-4ab5-a839-ad183a2caac2,c5,DROP,1007,e4,?,
1769494567.6154923,RECEIVED,94f0d2ab-a1af-4e47-91cc-a2407206d0f1,e669fc69-591b-41cd-8d50-ea486b7cd013,c3,c5,1775,e3,?,
1769494567.6351159,SENT,6afdd6f0-1cbf-4377-8e40-b97a392b370d,4262a060-3ee4-4b2b-bbc8-11abf9391a0f,c2,DROP,680,?,x4,
1769494567.6351645,FORWARDED,6afdd6f0-1cbf-4377-8e40-b97a392b370d,4262a060-3ee4-4b2b-bbc8-11abf9391a0f,c2,DROP,680,?,x4,
1769494567.8914378,SENT,94f0d2ab-a1af-4e47-91cc-a2407206d0f1,e669fc69-591b-41cd-8d50-ea486b7cd013,c3,c5,1259,?,x12,
1769494567.8914788,FORWARDED,94f0d2ab-a1af-4e47-91cc-a2407206d0f1,e669fc69-591b-41cd-8d50-ea486b7cd013,c3,c5,1259,?,x12,
1769494567.9079418,RECEIVED,9c5687f8-9116-48e2-ab94-55299b22cf82,e5c4b2ad-92bd-4f05-81ff-912e36723803,c5,DROP,1021,e12,?,
1769494568.2360013,RECEIVED,6600c48f-4b91-4591-bb56-711f00c87924,b4f4b718-050a-4852-8d4b-a3d6df1aef1d,c5,DROP,1010,e8,?,
1769494568.2719023,SENT,9c5687f8-9116-48e2-ab94-55299b22cf82,e5c4b2ad-92bd-4f05-81ff-912e36723803,c5,DROP,693,?,x12,
1769494568.271936,FORWARDED,9c5687f8-9116-48e2-ab94-55299b22cf82,e5c4b2ad-92bd-4f05-81ff-912e36723803,c5,DROP,693,?,x12,
1769494568.481532,RECEIVED,70dcb895-b691-4260-8d22-b0949f6e7f72,e2f1f91c-e357-471e-aa4e-eda5120c4a5d,c4,DROP,1007,e12,?,
1769494568.7263522,RECEIVED,9938a3c0-b5a5-49f8-a202-d39161c378a7,ac6e1993-77a3-4fc0-a778-60e481b554b4,c1,c5,1779,e4,?,
1769494568.8102498,RECEIVED,c2a79ca5-16a3-4615-860f-735cb23888fb,932f050a-2910-4900-9e62-56f0f6523087,c4,DROP,1008,e3,?,
1769494568.8300247,RECEIVED,73405439-224b-4baa-9e81-79648ae3e01d,fa3c6fa3-99db-42ff-b589-221ab2dbf23e,c2,DROP,1019,e12,?,
1769494569.0058908,RECEIVED,2bf2959f-8035-4a16-9910-a35992bbacab,b467c3fe-846c-4046-8b46-4fb24e22c1bc,c1,DROP,1016,e10,?,
1769494569.0967214,SENT,c2a79ca5-16a3-4615-860f-735cb23888fb,932f050a-2910-4900-9e62-56f0f6523087,c4,DROP,683,?,x5,
1769494569.096775,FORWARDED,c2a79ca5-16a3-4615-860f-735cb23888fb,932f050a-2910-4900-9e62-56f0f6523087,c4,DROP,683,?,x5,
1769494569.1845682,SENT,9938a3c0-b5a5-49f8-a202-d39161c378a7,ac6e1993-77a3-4fc0-a778-60e481b554b4,c1,c5,1263,?,x1,
1769494569.1846108,FORWARDED,9938a3c0-b5a5-49f8-a202-d39161c378a7,ac6e1993-77a3-4fc0-a778-60e481b554b4,c1,c5,1263,?,x1,
1769494569.2222085,RECEIVED,142ed725-9df4-4223-92cc-3acc83d91a8c,c4b87ce5-b2dd-4351-873d-71be8b169060,c1,DROP,1019,e10,?,
1769494569.2636292,SENT,06a2e35b-35ec-4c10-b20e-255e3e5a6c8f,ca193ce3-d084-4ab5-a839-ad183a2caac2,c5,DROP,684,?,x6,
1769494569.2636683,FORWARDED,06a2e35b-35ec-4c10-b20e-255e3e5a6c8f,ca193ce3-d084-4ab5-a839-ad183a2caac2,c5,DROP,684,?,x6,
1769494569.2848382,SENT,2bf2959f-8035-4a16-9910-a35992bbacab,b467c3fe-846c-4046-8b46-4fb24e22c1bc,c1,DROP,688,?,x4,
1769494569.2848797,FORWARDED,2bf2959f-8035-4a16-9910-a35992bbacab,b467c3fe-846c-4046-8b46-4fb24e22c1bc,c1,DROP,688,?,x4,
1769494569.551654,SENT,142ed725-9df4-4223-92cc-3acc83d91a8c,c4b87ce5-b2dd-4351-873d-71be8b169060,c1,DROP,692,?,x1,
1769494569.551693,FORWARDED,142ed725-9df4-4223-92cc-3acc83d91a8c,c4b87ce5-b2dd-4351-873d-71be8b169060,c1,DROP,692,?,x1,
1769494569.7251167,RECEIVED,5663a176-bd8b-4176-82cd-76d4f386d507,e2bee9e7-461d-44ad-9474-667872d48d19,c5,DROP,442,x6,?,
1769494569.8793073,RECEIVED,5f7f45f3-fdd4-4b34-bcba-9d59fb5a6b34,372d3169-4cfa-4939-8da5-64edfc0106f4,c4,DROP,445,x1,?,
1769494569.8856008,RECEIVED,48c6e7b1-b9fc-4ec5-87c2-0cbd6ebf20aa,84f0d249-6f7d-467e-b4ab-4cc12e0ba7e8,c4,DROP,1008,e4,?,
1769494569.919231,SENT,6600c48f-4b91-4591-bb56-711f00c87924,b4f4b718-050a-4852-8d4b-a3d6df1aef1d,c5,DROP,685,?,x5,
1769494569.9192727,FORWARDED,6600c48f-4b91-4591-bb56-711f00c87924,b4f4b718-050a-4852-8d4b-a3d6df1aef1d,c5,DROP,685,?,x5,
1769494569.9255571,RECEIVED,2b30f528-59f0-4e42-87ae-82e402dc04ce,f2f12cd4-3d65-4ed3-b3f6-fba43dc715c8,c5,DROP,1019,e7,?,
1769494569.9391468,RECEIVED,0da7969c-beea-4b10-8312-a84cb6f6acd2,e15fb55d-62eb-4839-b25c-69283aeca014,c1,DROP,1011,e3,?,
1769494569.9510837,SENT,70dcb895-b691-4260-8d22-b0949f6e7f72,e2f1f91c-e357-471e-aa4e-eda5120c4a5d,c4,DROP,683,?,x10,
1769494569.951127,FORWARDED,70dcb895-b691-4260-8d22-b0949f6e7f72,e2f1f91c-e357-471e-aa4e-eda5120c4a5d,c4,DROP,683,?,x10,
1769494569.9913692,SENT,48c6e7b1-b9fc-4ec5-87c2-0cbd6ebf20aa,84f0d249-6f7d-467e-b4ab-4cc12e0ba7e8,c4,DROP,684,?,x9,
1769494569.9914088,FORWARDED,48c6e7b1-b9fc-4ec5-87c2-0cbd6ebf20aa,84f0d249-6f7d-467e-b4ab-4cc12e0ba7e8,c4,DROP,684,?,x9,
1769494570.333144,RECEIVED,8fa41546-7242-476f-aec8-a4dd034b3dfd,782453ac-375e-4eff-bd69-7b9534af1a38,c4,DROP,1011,e2,?,
1769494570.4162388,SENT,73405439-224b-4baa-9e81-79648ae3e01d,fa3c6fa3-99db-42ff-b589-221ab2dbf23e,c2,DROP,693,?,x4,
1769494570.4162822,FORWARDED,73405439-224b-4baa-9e81-79648ae3e01d,fa3c6fa3-99db-42ff-b589-221ab2dbf23e,c2,DROP,693,?,x4,
1769494570.708706,SENT,0da7969c-beea-4b10-8312-a84cb6f6acd2,e15fb55d-62eb-4839-b25c-69283aeca014,c1,DROP,686,?,x5,
1769494570.7087424,FORWARDED,0da7969c-beea-4b10-8312-a84cb6f6acd2,e15fb55d-62eb-4839-b25c-69283aeca014,c1,DROP,686,?,x5,
1769494570.8081317,RECEIVED,57a5c9b9-8788-44b4-a9c9-eae221e3a32a,47248158-ccbc-4da1-a674-2959a7fc86a2,c5,DROP,1016,e2,?,
1769494570.8505208,RECEIVED,29e02e49-de04-42fb-b2d2-8105829e560e,33680fb1-3a39-4acf-88a9-23a2266492ad,c3,DROP,1021,e9,?,
1769494570.8516202,RECEIVED,8d9258cc-972e-4387-9920-168b08a2a9f6,1d18308a-f647-4ee2-bb5b-c385732eb6e1,c5,DROP,445,x11,?,
1769494570.8717425,SENT,57a5c9b9-8788-44b4-a9c9-eae221e3a32a,47248158-ccbc-4da1-a674-2959a7fc86a2,c5,DROP,688,?,x6,
1769494570.871787,FORWARDED,57a5c9b9-8788-44b4-a9c9-eae221e3a32a,47248158-ccbc-4da1-a674-2959a7fc86a2,c5,DROP,688,?,x6,
1769494570.8857586,RECEIVED,cf542226-9db9-4a03-a291-9d1651ad003b,22066e68-d55f-4138-b6c5-5c35b7ca1e17,c4,DROP,1021,e12,?,
1769494570.9519565,SENT,29e02e49-de04-42fb-b2d2-8105829e560e,33680fb1-3a39-4acf-88a9-23a2266492ad,c3,DROP,692,?,x10,
1769494570.951995,FORWARDED,29e02e49-de04-42fb-b2d2-8105829e560e,33680fb1-3a39-4acf-88a9-23a2266492ad,c3,DROP,692,?,x10,
1769494571.038284,RECEIVED,cf9bc96e-717a-4a32-9e07-2c0cd0a787dc,675ff92c-1671-4f27-922b-16a59ef80725,c3,DROP,1007,e8,?,
1769494571.0510435,SENT,2b30f528-59f0-4e42-87ae-82e402dc04ce,f2f12cd4-3d65-4ed3-b3f6-fba43dc715c8,c5,DROP,692,?,x1,
1769494571.0510972,FORWARDED,2b30f528-59f0-4e42-87ae-82e402dc04ce,f2f12cd4-3d65-4ed3-b3f6-fba43dc715c8,c5,DROP,692,?,x1,
1769494571.0869436,SENT,cf542226-9db9-4a03-a291-9d1651ad003b,22066e68-d55f-4138-b6c5-5c35b7ca1e17,c4,DROP,691,?,x11,
1769494571.0869849,FORWARDED,cf542226-9db9-4a03-a291-9d1651ad003b,22066e68-d55f-4138-b6c5-5c35b7ca1e17,c4,DROP,691,?,x11,
1769494571.1527276,RECEIVED,0c930bf3-47e8-420e-a523-983f02a3ede8,19818508-95c7-4945-b453-f230d1398163,c2,DROP,1007,e3,?,
1769494571.287716,SENT,8fa41546-7242-476f-aec8-a4dd034b3dfd,782453ac-375e-4eff-bd69-7b9534af1a38,c4,DROP,687,?,x7,
1769494571.287753,FORWARDED,8fa41546-7242-476f-aec8-a4dd034b3dfd,782453ac-375e-4eff-bd69-7b9534af1a38,c4,DROP,687,?,x7,
1769494571.3504233,SENT,cf9bc96e-717a-4a32-9e07-2c0cd0a787dc,675ff92c-1671-4f27-922b-16a59ef80725,c3,DROP,684,?,x8,
1769494571.350464,FORWARDED,cf9bc96e-717a-4a32-9e07-2c0cd0a787dc,675ff92c-1671-4f27-922b-16a59ef80725,c3,DROP,684,?,x8,
1769494571.4264398,RECEIVED,f2d617f1-a601-4f8d-94fe-5886bd33b3d2,9474b2bf-3dde-4acf-b5dd-51934a5dfb50,c5,DROP,1016,e4,?,
1769494571.534378,SENT,0c930bf3-47e8-420e-a523-983f02a3ede8,19818508-95c7-4945-b453-f230d1398163,c2,DROP,683,?,x8,
1769494571.5344167,FORWARDED,0c930bf3-47e8-420e-a523-983f02a3ede8,19818508-95c7-4945-b453-f230d1398163,c2,DROP,683,?,x8,
1769494571.5506868,RECEIVED,e1548c23-f536-4cde-add6-0390b7e2cadb,bacac4dc-c45b-487c-96f1-e8b5fa9dff4e,c4,DROP,441,x9,?,
1769494571.7431772,SENT,f2d617f1-a601-4f8d-94fe-5886bd33b3d2,9474b2bf-3dde-4acf-b5dd-51934a5dfb50,c5,DROP,688,?,x11,
1769494571.7432187,FORWARDED,f2d617f1-a601-4f8d-94fe-5886bd33b3d2,9474b2bf-3dde-4acf-b5dd-51934a5dfb50,c5,DROP,688,?,x11,
1769494571.881605,RECEIVED,400f6999-00fc-41b3-a4fb-cba53baf16eb,6c0e8d73-ce2e-4463-bb46-1e0cb0192a68,c2,DROP,1019,e4,?,
1769494571.916142,RECEIVED,c462b5ab-be65-496d-b9dc-958da9bb5f36,019bbd73-7e98-48ec-8dfe-45b4b8493e56,c3,DROP,1016,e10,?,
1769494572.1837854,SENT,c462b5ab-be65-496d-b9dc-958da9bb5f36,019bbd73-7e98-48ec-8dfe-45b4b8493e56,c3,DROP,689,?,x8,
1769494572.183828,FORWARDED,c462b5ab-be65-496d-b9dc-958da9bb5f36,019bbd73-7e98-48ec-8dfe-45b4b8493e56,c3,DROP,689,?,x8,
1769494572.279452,SENT,400f6999-00fc-41b3-a4fb-cba53baf16eb,6c0e8d73-ce2e-4463-bb46-1e0cb0192a68,c2,DROP,692,?,x5,
1769494572.2794895,FORWARDED,400f6999-00fc-41b3-a4fb-cba53baf16eb,6c0e8d73-ce2e-4463-bb46-1e0cb0192a68,c2,DROP,692,?,x5,
1769494572.5771694,RECEIVED,4ea8d9b4-0103-4f3e-a680-76305fe38c06,469f42f0-92da-460f-9907-a3967c992d03,c5,DROP,1020,e12,?,
1769494572.6590343,RECEIVED,779789cd-5a97-4248-ba0c-f25726cf5d98,00466b38-6e0c-4d8e-a7e9-809d713d421e,c2,DROP,1016,e3,?,
1769494572.7055686,SENT,779789cd-5a97-4248-ba0c-f25726cf5d98,00466b38-6e0c-4d8e-a7e9-809d713d421e,c2,DROP,689,?,x8,
1769494572.70561,FORWARDED,779789cd-5a97-4248-ba0c-f25726cf5d98,00466b38-6e0c-4d8e-a7e9-809d713d421e,c2,DROP,689,?,x8,
1769494572.786295,RECEIVED,eb5c1e06-5b4c-405b-b94f-f002fde10e0c,0edc58cb-4a51-4413-96c0-d2bba6d4fe36,c2,c3,1784,e11,?,
1769494572.790664,RECEIVED,601a356a-5cf9-437c-8117-23e97e66f847,1c1d6fe0-188e-4ee6-aa10-a53b0542cb8f,c2,DROP,1008,e10,?,
1769494572.7981026,SENT,4ea8d9b4-0103-4f3e-a680-76305fe38c06,469f42f0-92da-460f-9907-a3967c992d03,c5,DROP,692,?,x8,
1769494572.798142,FORWARDED,4ea8d9b4-0103-4f3e-a680-76305fe38c06,469f42f0-92da-460f-9907-a3967c992d03,c5,DROP,692,?,x8,
1769494572.8256323,SENT,601a356a-5cf9-437c-8117-23e97e66f847,1c1d6fe0-188e-4ee6-aa10-a53b0542cb8f,c2,DROP,683,?,x9,
1769494572.8256824,FORWARDED,601a356a-5cf9-437c-8117-23e97e66f847,1c1d6fe0-188e-4ee6-aa10-a53b0542cb8f,c2,DROP,683,?,x9,
1769494572.8528395,RECEIVED,306d6721-9ca1-4e57-bc8c-14d0c5243808,26e6422a-00bc-4c95-927c-1996084b08fa,c2,DROP,1007,e4,?,
1769494573.036114,SENT,306d6721-9ca1-4e57-bc8c-14d0c5243808,26e6422a-00bc-4c95-927c-1996084b08fa,c2,DROP,684,?,x4,
1769494573.0361562,FORWARDED,306d6721-9ca1-4e57-bc8c-14d0c5243808,26e6422a-00bc-4c95-927c-1996084b08fa,c2,DROP,684,?,x4,
1769494573.146516,RECEIVED,e87f53fc-4f46-4f0b-92e8-c5418ffd9009,88d8f1d1-3179-4179-b7d5-b1084ddb68cb,c4,DROP,1013,e7,?,
1769494573.2381444,SENT,eb5c1e06-5b4c-405b-b94f-f002fde10e0c,0edc58cb-4a51-4413-96c0-d2bba6d4fe36,c2,c3,1264,?,x2,
1769494573.2381847,FORWARDED,eb5c1e06-5b4c-405b-b94f-f002fde10e0c,0edc58cb-4a51-4413-96c0-d2bba6d4fe36,c2,c3,1264,?,x2,
1769494573.2971733,SENT,e87f53fc-4f46-4f0b-92e8-c5418ffd9009,88d8f1d1-3179-4179-b7d5-b1084ddb68cb,c4,DROP,687,?,x12,
1769494573.2972136,FORWARDED,e87f53fc-4f46-4f0b-92e8-c5418ffd9009,88d8f1d1-3179-4179-b7d5-b1084ddb68cb,c4,DROP,687,?,x12,
1769494573.8352337,RECEIVED,29d4b9a7-b95c-4716-acf7-ec184bf58695,ff06a539-db09-4108-b99b-da58824a6d2b,c5,DROP,1012,e1,?,
1769494574.133401,RECEIVED,1fb8b344-1c1f-436c-bd3b-ff8c0609d6d2,0ff8c89d-4846-47a3-b724-b8447157d69e,c4,DROP,1012,e9,?,
1769494574.2888663,SENT,1fb8b344-1c1f-436c-bd3b-ff8c0609d6d2,0ff8c89d-4846-47a3-b724-b8447157d69e,c4,DROP,686,?,x7,
1769494574.288903,FORWARDED,1fb8b344-1c1f-436c-bd3b-ff8c0609d6d2,0ff8c89d-4846-47a3-b724-b8447157d69e,c4,DROP,686,?,x7,
1769494574.4976225,RECEIVED,30d6dc4f-7b70-4825-b13b-9baf0d7b9289,198f01f3-f5b7-49e3-963b-8355e198aace,c3,DROP,1007,e8,?,
1769494574.6461954,RECEIVED,ec2d0c5a-97b6-4ad6-adba-6ef8f80c2a24,d014fc4a-0091-4d59-b073-3bc3bec39120,c5,c2,1783,e6,?,
1769494574.6786802,RECEIVED,6bc6fdba-9ce5-49b3-b961-aaa36736e56a,bf4062a7-a407-4698-bcbe-12c0a37b303d,c5,DROP,1021,e7,?,
1769494574.751686,SENT,29d4b9a7-b95c-4716-acf7-ec184bf58695,ff06a539-db09-4108-b99b-da58824a6d2b,c5,DROP,685,?,x11,
1769494574.7517264,FORWARDED,29d4b9a7-b95c-4716-acf7-ec184bf58695,ff06a539-db09-4108-b99b-da58824a6d2b,c5,DROP,685,?,x11,
1769494574.8706744,SENT,6bc6fdba-9ce5-49b3-b961-aaa36736e56a,bf4062a7-a407-4698-bcbe-12c0a37b303d,c5,DROP,691,?,x10,
1769494574.8707137,FORWARDED,6bc6fdba-9ce5-49b3-b961-aaa36736e56a,bf4062a7-a407-4698-bcbe-12c0a37b303d,c5,DROP,691,?,x10,
1769494574.983915,SENT,30d6dc4f-7b70-4825-b13b-9baf0d7b9289,198f01f3-f5b7-49e3-963b-8355e198aace,c3,DROP,684,?,x9,
1769494574.9839563,FORWARDED,30d6dc4f-7b70-4825-b13b-9baf0d7b9289,198f01f3-f5b7-49e3-963b-8355e198aace,c3,DROP,684,?,x9,
1769494575.0208952,RECEIVED,e8fb1749-caea-4c7f-9a74-6d6aace0f2bd,83d464a3-7c17-484c-bf59-737981ea9fbf,c3,c5,1778,e11,?,
1769494575.0458767,RECEIVED,f8fb1cc9-335f-44da-acba-c458cfc2c711,15cd6fa7-38ae-42c1-95c0-f213e96a9315,c5,DROP,1007,e6,?,
1769494575.1526055,RECEIVED,ee0b14d1-3273-4e00-8bf2-59ab387b5808,4e6aad91-f30b-445c-9264-697b567c2537,c4,DROP,1006,e7,?,
1769494575.2293432,RECEIVED,3b7bf7de-49b4-4808-9254-e63fb156c0b0,e9255398-37af-42cc-be47-4b7902ceb2e6,c1,DROP,445,x6,?,
1769494575.5069182,SENT,f8fb1cc9-335f-44da-acba-c458cfc2c711,15cd6fa7-38ae-42c1-95c0-f213e96a9315,c5,DROP,683,?,x7,
1769494575.5069592,FORWARDED,f8fb1cc9-335f-44da-acba-c458cfc2c711,15cd6fa7-38ae-42c1-95c0-f213e96a9315,c5,DROP,683,?,x7,
1769494575.5504808,SENT,ec2d0c5a-97b6-4ad6-adba-6ef8f80c2a24,d014fc4a-0091-4d59-b073-3bc3bec39120,c5,c2,1265,?,x4,
1769494575.5505204,FORWARDED,ec2d0c5a-97b6-4ad6-adba-6ef8f80c2a24,d014fc4a-0091-4d59-b073-3bc3bec39120,c5,c2,1265,?,x4,
1769494575.7558832,RECEIVED,28a1df97-3e3f-4049-ab0f-d458562c0e84,b13a7829-2ec7-4280-b7d4-04d799b91868,c4,DROP,1020,e12,?,
1769494575.8099174,RECEIVED,1f87342a-d9b7-45a7-8d62-486d834ef800,30072f76-4aca-4cb9-98e4-4fe4cae24281,c3,DROP,1015,e8,?,
1769494575.8123856,RECEIVED,30937740-f7cf-49e0-90da-5ce62fe4c37d,8b88b068-4a4e-4e1f-9d6c-f054b7faff0c,c4,c5,1784,e1,?,
1769494575.846365,RECEIVED,57d07c0f-8743-4f44-878c-6b4ea8614a55,5e009553-91ac-4eff-bb93-3024835e9800,c2,DROP,1007,e8,?,
1769494575.96914,SENT,ee0b14d1-3273-4e00-8bf2-59ab387b5808,4e6aad91-f30b-445c-9264-697b567c2537,c4,DROP,683,?,x1,
1769494575.9691825,FORWARDED,ee0b14d1-3273-4e00-8bf2-59ab387b5808,4e6aad91-f30b-445c-9264-697b567c2537,c4,DROP,683,?,x1,
1769494575.974089,SENT,28a1df97-3e3f-4049-ab0f-d458562c0e84,b13a7829-2ec7-4280-b7d4-04d799b91868,c4,DROP,691,?,x2,
1769494575.9741292,FORWARDED,28a1df97-3e3f-4049-ab0f-d458562c0e84,b13a7829-2ec7-4280-b7d4-04d799b91868,c4,DROP,691,?,x2,
1769494576.1957326,SENT,57d07c0f-8743-4f44-878c-6b4ea8614a55,5e009553-91ac-4eff-bb93-3024835e9800,c2,DROP,682,?,x3,
1769494576.1957731,FORWARDED,57d07c0f-8743-4f44-878c-6b4ea8614a55,5e009553-91ac-4eff-bb93-3024835e9800,c2,DROP,682,?,x3,
1769494576.2338963,SENT,30937740-f7cf-49e0-90da-5ce62fe4c37d,8b88b068-4a4e-4e1f-9d6c-f054b7faff0c,c4,c5,1265,?,x1,
1769494576.2339485,FORWARDED,30937740-f7cf-49e0-90da-5ce62fe4c37d,8b88b068-4a4e-4e1f-9d6c-f054b7faff0c,c4,c5,1265,?,x1,
1769494576.453896,SENT,1f87342a-d9b7-45a7-8d62-486d834ef800,30072f76-4aca-4cb9-98e4-4fe4cae24281,c3,DROP,688,?,x5,
1769494576.4539373,FORWARDED,1f87342a-d9b7-45a7-8d62-486d834ef800,30072f76-4aca-4cb9-98e4-4fe4cae24281,c3,DROP,688,?,x5,
1769494576.5573733,SENT,e8fb1749-caea-4c7f-9a74-6d6aace0f2bd,83d464a3-7c17-484c-bf59-737981ea9fbf,c3,c5,1263,?,x2,
1769494576.5574162,FORWARDED,e8fb1749-caea-4c7f-9a74-6d6aace0f2bd,83d464a3-7c17-484c-bf59-737981ea9fbf,c3,c5,1263,?,x2,
1769494576.7278955,RECEIVED,14a3a487-f1b5-4f4c-85cc-75bcf606a33f,a9dde64c-3cf5-4fa1-8ee1-60c1e392e174,c5,DROP,1020,e1,?,
1769494576.8266718,RECEIVED,4d03c7a3-293b-4987-ada7-de13a45311c0,fb3ac88d-1cab-408f-8910-06156c34b88e,c4,c5,1774,e9,?,
1769494577.0789082,RECEIVED,336f35ce-1756-4fdc-8891-241fbd659b28,3c152f85-e62b-4666-b8cc-8583df515534,c2,DROP,1019,e10,?,
1769494577.1777866,RECEIVED,f0e7fbaf-ed4a-485c-b1b8-bedbe5e5569b,e8d759ed-61a6-413c-b69e-78864523ca76,c3,DROP,1008,e4,?,
1769494577.26098,RECEIVED,1f2ea730-c97c-43a9-b0d6-f84695e7e72e,901ee677-c22e-45dd-9b12-d3271b72f71b,c1,DROP,1022,e4,?,
1769494577.303012,RECEIVED,bada0ad4-9c92-46ea-84bf-efc86c238ab5,538f3142-471f-479d-9225-95c243fc54d7,c2,DROP,1017,e2,?,
1769494577.3338785,SENT,1f2ea730-c97c-43a9-b0d6-f84695e7e72e,901ee677-c22e-45dd-9b12-d3271b72f71b,c1,DROP,691,?,x10,
1769494577.333919,FORWARDED,1f2ea730-c97c-43a9-b0d6-f84695e7e72e,901ee677-c22e-45dd-9b12-d3271b72f71b,c1,DROP,691,?,x10,
1769494577.3359177,SENT,bada0ad4-9c92-46ea-84bf-efc86c238ab5,538f3142-471f-479d-9225-95c243fc54d7,c2,DROP,688,?,x5,
1769494577.3359585,FORWARDED,bada0ad4-9c92-46ea-84bf-efc86c238ab5,538f3142-471f-479d-9225-95c243fc54d7,c2,DROP,688,?,x5,
1769494577.3876536,SENT,f0e7fbaf-ed4a-485c-b1b8-bedbe5e5569b,e8d759ed-61a6-413c-b69e-78864523ca76,c3,DROP,684,?,x3,
1769494577.3876944,FORWARDED,f0e7fbaf-ed4a-485c-b1b8-bedbe5e5569b,e8d759ed-61a6-413c-b69e-78864523ca76,c3,DROP,684,?,x3,
1769494577.4561353,SENT,336f35ce-1756-4fdc-8891-241fbd659b28,3c152f85-e62b-4666-b8cc-8583df515534,c2,DROP,691,?,x7,
1769494577.4561784,FORWARDED,336f35ce-1756-4fdc-8891-241fbd659b28,3c152f85-e62b-4666-b8cc-8583df515534,c2,DROP,691,?,x7,
1769494577.5511289,RECEIVED,6e7a71a3-557a-4cd6-bb1b-cb190c0a7f2e,483bbe6c-6c61-4fc9-b77c-143e7146730b,c5,c2,1779,e6,?,
1769494577.7529185,RECEIVED,c71cf132-e094-4351-8ed9-914fdce07519,9e75949a-d13d-4a0c-a856-ab7366ac7889,c1,DROP,1019,e11,?,
1769494577.8180377,SENT,6e7a71a3-557a-4cd6-bb1b-cb190c0a7f2e,483bbe6c-6c61-4fc9-b77c-143e7146730b,c5,c2,1263,?,x2,
1769494577.8180945,FORWARDED,6e7a71a3-557a-4cd6-bb1b-cb190c0a7f2e,483bbe6c-6c61-4fc9-b77c-143e7146730b,c5,c2,1263,?,x2,
1769494577.8551476,RECEIVED,c188446a-6a9e-4987-8135-1797766078de,2a0f2e89-9ea9-42a2-8203-e416ae6096fe,c4,DROP,1007,e10,?,
1769494578.192734,SENT,14a3a487-f1b5-4f4c-85cc-75bcf606a33f,a9dde64c-3cf5-4fa1-8ee1-60c1e392e174,c5,DROP,693,?,x10,
1769494578.1927874,FORWARDED,14a3a487-f1b5-4f4c-85cc-75bcf606a33f,a9dde64c-3cf5-4fa1-8ee1-60c1e392e174,c5,DROP,693,?,x10,
1769494578.234388,SENT,4d03c7a3-293b-4987-ada7-de13a45311c0,fb3ac88d-1cab-408f-8910-06156c34b88e,c4,c5,1258,?,x8,
1769494578.2344291,FORWARDED,4d03c7a3-293b-4987-ada7-de13a45311c0,fb3ac88d-1cab-408f-8910-06156c34b88e,c4,c5,1258,?,x8,
1769494578.3463666,RECEIVED,8eb47460-1ffc-4d1a-ad5e-d4fd400f3b42,bc989e6f-c805-4cd8-a735-c9b7eaffd6d6,c2,DROP,443,x1,?,
1769494578.4122026,RECEIVED,f1a1c9bb-01a5-4621-b11e-84803824ec51,c82de3fa-f879-4d5b-aaca-c5ff2efcacaa,c2,DROP,1020,e12,?,
1769494578.5699959,SENT,c188446a-6a9e-4987-8135-1797766078de,2a0f2e89-9ea9-42a2-8203-e416ae6096fe,c4,DROP,683,?,x1,
1769494578.5700307,FORWARDED,c188446a-6a9e-4987-8135-1797766078de,2a0f2e89-9ea9-42a2-8203-e416ae6096fe,c4,DROP,683,?,x1,
1769494578.5736897,SENT,c71cf132-e094-4351-8ed9-914fdce07519,9e75949a-d13d-4a0c-a856-ab7366ac7889,c1,DROP,693,?,x3,
1769494578.573732,FORWARDED,c71cf132-e094-4351-8ed9-914fdce07519,9e75949a-d13d-4a0c-a856-ab7366ac7889,c1,DROP,693,?,x3,
1769494578.6115735,SENT,f1a1c9bb-01a5-4621-b11e-84803824ec51,c82de3fa-f879-4d5b-aaca-c5ff2efcacaa,c2,DROP,693,?,x9,
1769494578.611624,FORWARDED,f1a1c9bb-01a5-4621-b11e-84803824ec51,c82de3fa-f879-4d5b-aaca-c5ff2efcacaa,c2,DROP,693,?,x9,
1769494578.6703463,RECEIVED,f06cba22-0273-41c5-af6d-418a74bb62a0,1d1fae2e-1c14-48fe-9c51-0f9aad3ec486,c1,c5,1784,e2,?,
1769494578.9556274,RECEIVED,8252901a-c133-4946-8b68-81377cabde8c,dc32dd65-b0c2-4baf-974a-e9fff68520bf,c2,DROP,1008,e6,?,
1769494579.2458587,SENT,8252901a-c133-4946-8b68-81377cabde8c,dc32dd65-b0c2-4baf-974a-e9fff68520bf,c2,DROP,683,?,x2,
1769494579.245898,FORWARDED,8252901a-c133-4946-8b68-81377cabde8c,dc32dd65-b0c2-4baf-974a-e9fff68520bf,c2,DROP,683,?,x2,
1769494579.2922375,SENT,f06cba22-0273-41c5-af6d-418a74bb62a0,1d1fae2e-1c14-48fe-9c51-0f9aad3ec486,c1,c5,1264,?,x11,
1769494579.2922792,FORWARDED,f06cba22-0273-41c5-af6d-418a74bb62a0,1d1fae2e-1c14-48fe-9c51-0f9aad3ec486,c1,c5,1264,?,x11,
1769494579.3242693,RECEIVED,dca461c8-39a3-4d72-ad86-438856bce6b1,a81811f4-bc50-43fa-ad4b-adfc06cb7e9f,c3,c5,1773,e10,?,
1769494579.3561547,SENT,dca461c8-39a3-4d72-ad86-438856bce6b1,a81811f4-bc50-43fa-ad4b-adfc06cb7e9f,c3,c5,1255,?,x6,
1769494579.356198,FORWARDED,dca461c8-39a3-4d72-ad86-438856bce6b1,a81811f4-bc50-43fa-ad4b-adfc06cb7e9f,c3,c5,1255,?,x6,
1769494579.370739,RECEIVED,b4d8395f-f480-42ea-9462-a0841c3c159a,d0a3f3c5-c413-4882-93bc-2588c44a8c48,c5,DROP,1015,e2,?,
1769494579.5561862,RECEIVED,d1764d50-4eb1-43be-a1b9-0c4292428049,a44bf738-8ab4-4bde-9260-87325fd652ee,c5,DROP,1007,e2,?,
1769494579.6283717,SENT,b4d8395f-f480-42ea-9462-a0841c3c159a,d0a3f3c5-c413-4882-93bc-2588c44a8c48,c5,DROP,688,?,x9,
1769494579.628413,FORWARDED,b4d8395f-f480-42ea-9462-a0841c3c159a,d0a3f3c5-c413-4882-93bc-2588c44a8c48,c5,DROP,688,?,x9,
1769494579.7935812,RECEIVED,30fa4651-8d95-4e79-9b88-e60bb0d3db60,bcbc4171-97b7-4671-8baa-630975d182b9,c4,DROP,1008,e8,?,
1769494580.0125904,SENT,30fa4651-8d95-4e79-9b88-e60bb0d3db60,bcbc4171-97b7-4671-8baa-630975d182b9,c4,DROP,683,?,x5,
1769494580.0126312,FORWARDED,30fa4651-8d95-4e79-9b88-e60bb0d3db60,bcbc4171-97b7-4671-8baa-630975d182b9,c4,DROP,683,?,x5,
1769494580.0914195,RECEIVED,dc0dd73f-d3bc-4698-846f-ad48186f8132,2f079c15-b0de-4da2-ade3-8a8cbe23ad73,c2,DROP,1015,e8,?,
1769494580.2064202,RECEIVED,6ca31e18-3790-4340-aa98-369e072719e1,1786336e-abef-4fec-854c-d78e85d8b84e,c5,DROP,1015,e4,?,
1769494580.3027923,RECEIVED,381b8274-9b32-45ee-b8af-0360c5dcf787,02eb7964-6b0e-4072-bbd1-083b7abf8e3b,c4,DROP,1020,e12,?,
1769494580.3197744,RECEIVED,8beb4d1a-4e8b-4ec2-b36a-57636b84da57,b2385329-a310-413f-8178-cd92e52f2734,c2,DROP,1008,e8,?,
1769494580.5528316,SENT,d1764d50-4eb1-43be-a1b9-0c4292428049,a44bf738-8ab4-4bde-9260-87325fd652ee,c5,DROP,684,?,x1,
1769494580.5528743,FORWARDED,d1764d50-4eb1-43be-a1b9-0c4292428049,a44bf738-8ab4-4bde-9260-87325fd652ee,c5,DROP,684,?,x1,
1769494580.5803974,SENT,381b8274-9b32-45ee-b8af-0360c5dcf787,02eb7964-6b0e-4072-bbd1-083b7abf8e3b,c4,DROP,692,?,x6,
1769494580.5804398,FORWARDED,381b8274-9b32-45ee-b8af-0360c5dcf787,02eb7964-6b0e-4072-bbd1-083b7abf8e3b,c4,DROP,692,?,x6,
1769494580.6482973,SENT,6ca31e18-3790-4340-aa98-369e072719e1,1786336e-abef-4fec-854c-d78e85d8b84e,c5,DROP,688,?,x7,
1769494580.648338,FORWARDED,6ca31e18-3790-4340-aa98-369e072719e1,1786336e-abef-4fec-854c-d78e85d8b84e,c5,DROP,688,?,x7,
1769494580.7189481,SENT,8beb4d1a-4e8b-4ec2-b36a-57636b84da57,b2385329-a310-413f-8178-cd92e52f2734,c2,DROP,683,?,x5,
1769494580.7189918,FORWARDED,8beb4d1a-4e8b-4ec2-b36a-57636b84da57,b2385329-a310-413f-8178-cd92e52f2734,c2,DROP,683,?,x5,
1769494580.7894776,RECEIVED,82679249-faba-42af-8ff1-c09e20781711,c862461b-b16d-47bd-bf0b-c96fd26ace45,c2,c3,1779,e6,?,
1769494580.8124747,RECEIVED,4108c203-5cca-4121-ab80-e586a372c30d,6a44729b-cd7d-4d18-aa4b-329de7ee9fcd,c4,DROP,1019,e11,?,
1769494580.9321923,SENT,dc0dd73f-d3bc-4698-846f-ad48186f8132,2f079c15-b0de-4da2-ade3-8a8cbe23ad73,c2,DROP,689,?,x11,
1769494580.9322288,FORWARDED,dc0dd73f-d3bc-4698-846f-ad48186f8132,2f079c15-b0de-4da2-ade3-8a8cbe23ad73,c2,DROP,689,?,x11,
1769494580.9385457,RECEIVED,d635409c-bb51-4433-8718-4c6e3eb9b223,cc83a238-7af5-45b1-9794-c013a328dfee,c3,c5,1776,e9,?,
1769494581.0372896,SENT,d635409c-bb51-4433-8718-4c6e3eb9b223,cc83a238-7af5-45b1-9794-c013a328dfee,c3,c5,1258,?,x9,
1769494581.0373318,FORWARDED,d635409c-bb51-4433-8718-4c6e3eb9b223,cc83a238-7af5-45b1-9794-c013a328dfee,c3,c5,1258,?,x9,
1769494581.1262705,SENT,4108c203-5cca-4121-ab80-e586a372c30d,6a44729b-cd7d-4d18-aa4b-329de7ee9fcd,c4,DROP,691,?,x6,
1769494581.1263127,FORWARDED,4108c203-5cca-4121-ab80-e586a372c30d,6a44729b-cd7d-4d18-aa4b-329de7ee9fcd,c4,DROP,691,?,x6,
1769494581.3546052,RECEIVED,17b0cba6-e832-40c6-add4-4a3d053412ae,a64c2818-7ab8-42ba-a005-2f986f8bb244,c4,DROP,1015,e10,?,
1769494581.393,RECEIVED,c618f63d-12b4-4e98-ba81-a03b522ee50b,cd205618-e752-45e8-a1fb-4eb3e3503993,c2,DROP,1021,e12,?,
1769494581.4374156,SENT,c618f63d-12b4-4e98-ba81-a03b522ee50b,cd205618-e752-45e8-a1fb-4eb3e3503993,c2,DROP,693,?,x12,
1769494581.4374595,FORWARDED,c618f63d-12b4-4e98-ba81-a03b522ee50b,cd205618-e752-45e8-a1fb-4eb3e3503993,c2,DROP,693,?,x12,
1769494581.4444165,SENT,82679249-faba-42af-8ff1-c09e20781711,c862461b-b16d-47bd-bf0b-c96fd26ace45,c2,c3,1262,?,x8,
1769494581.4444587,FORWARDED,82679249-faba-42af-8ff1-c09e20781711,c862461b-b16d-47bd-bf0b-c96fd26ace45,c2,c3,1262,?,x8,
1769494581.5617607,RECEIVED,0c0b6472-2851-40c8-a031-9186e996eaa1,960303d5-00bb-49fe-bc28-fef60a48da7c,c1,DROP,1020,e1,?,
1769494581.693515,RECEIVED,186d10da-73a1-4785-8bf1-8b0df6407149,01b7ee62-d1c3-4c10-9daf-89d953b038de,c2,c3,1780,e10,?,
1769494581.7601464,RECEIVED,2ea35647-4f73-46cb-bca1-a91724f7d805,573b8004-3589-4e61-ade6-027323b0799b,c2,DROP,1007,e12,?,
1769494581.7624574,SENT,186d10da-73a1-4785-8bf1-8b0df6407149,01b7ee62-d1c3-4c10-9daf-89d953b038de,c2,c3,1263,?,x3,
1769494581.7624996,FORWARDED,186d10da-73a1-4785-8bf1-8b0df6407149,01b7ee62-d1c3-4c10-9daf-89d953b038de,c2,c3,1263,?,x3,
1769494581.8765125,RECEIVED,749ac124-8ae9-44d8-b82d-f2ddad34cf81,2b6c702d-043f-4aa0-9417-504d52ad9392,c1,DROP,1020,e9,?,
1769494581.9261992,RECEIVED,70244f46-5328-4f38-a0a7-67709bb2e1bd,f39ff47e-8265-4692-92ab-308286e75172,c2,DROP,1016,e8,?,
1769494581.9544327,RECEIVED,7eb77cf4-ad95-4442-9e20-fceaea6be8f4,c90c6a85-47ee-4c15-a322-ce7fc7bb9e74,c4,DROP,1007,e3,?,
1769494581.9800968,SENT,70244f46-5328-4f38-a0a7-67709bb2e1bd,f39ff47e-8265-4692-92ab-308286e75172,c2,DROP,688,?,x4,
1769494581.9801388,FORWARDED,70244f46-5328-4f38-a0a7-67709bb2e1bd,f39ff47e-8265-4692-92ab-308286e75172,c2,DROP,688,?,x4,
1769494582.0393922,RECEIVED,851f7159-fc94-46e9-b2c0-a36ad0e8052b,19478373-389b-4e69-a20b-9875da9e8ce8,c4,c5,1793,e10,?,
1769494582.147968,RECEIVED,3f58556c-58a6-4f29-9263-2d12578b0689,8e39cc18-0b1b-4c99-84bb-84608ef3af7a,c4,DROP,446,x5,?,
1769494582.1857545,SENT,17b0cba6-e832-40c6-add4-4a3d053412ae,a64c2818-7ab8-42ba-a005-2f986f8bb244,c4,DROP,688,?,x3,
1769494582.1858504,FORWARDED,17b0cba6-e832-40c6-add4-4a3d053412ae,a64c2818-7ab8-42ba-a005-2f986f8bb244,c4,DROP,688,?,x3,
1769494582.2578936,RECEIVED,ebec0432-2d78-4baa-b4cc-152626354e21,293bceac-32e8-4f65-8dd7-17ca47bcb9d0,c5,DROP,1008,e2,?,
1769494582.2913435,SENT,ebec0432-2d78-4baa-b4cc-152626354e21,293bceac-32e8-4f65-8dd7-17ca47bcb9d0,c5,DROP,684,?,x8,
1769494582.2913852,FORWARDED,ebec0432-2d78-4baa-b4cc-152626354e21,293bceac-32e8-4f65-8dd7-17ca47bcb9d0,c5,DROP,684,?,x8,
1769494582.307118,SENT,851f7159-fc94-46e9-b2c0-a36ad0e8052b,19478373-389b-4e69-a20b-9875da9e8ce8,c4,c5,1272,?,x10,
1769494582.3071585,FORWARDED,851f7159-fc94-46e9-b2c0-a36ad0e8052b,19478373-389b-4e69-a20b-9875da9e8ce8,c4,c5,1272,?,x10,
1769494582.3829074,RECEIVED,108d4d48-9f77-4d4f-8ab3-45443c13cad8,59f07075-a2cd-44a5-a780-1cd0f05ccca7,c1,c5,1784,e1,?,
1769494582.418039,SENT,0c0b6472-2851-40c8-a031-9186e996eaa1,960303d5-00bb-49fe-bc28-fef60a48da7c,c1,DROP,692,?,x12,
1769494582.4180913,FORWARDED,0c0b6472-2851-40c8-a031-9186e996eaa1,960303d5-00bb-49fe-bc28-fef60a48da7c,c1,DROP,692,?,x12,
1769494582.4495194,SENT,749ac124-8ae9-44d8-b82d-f2ddad34cf81,2b6c702d-043f-4aa0-9417-504d52ad9392,c1,DROP,692,?,x11,
1769494582.449559,FORWARDED,749ac124-8ae9-44d8-b82d-f2ddad34cf81,2b6c702d-043f-4aa0-9417-504d52ad9392,c1,DROP,692,?,x11,
1769494582.5792832,RECEIVED,3a665529-540a-4ff7-b607-4b65931a5407,28d60fd7-cc2f-4613-85f1-c808ba017a95,c3,DROP,1006,e4,?,
1769494582.626168,RECEIVED,a0803ba9-2cbc-46fa-ada9-05a75438c869,97d8df54-6c1e-4b94-8729-73293e00aee1,c1,DROP,441,x11,?,
1769494582.6475127,RECEIVED,dec1ff58-adc4-486a-a602-d1af62eafb1a,994f15d6-dbd4-4fd8-a509-11d071d06ba9,c3,DROP,1012,e9,?,
1769494582.6916735,SENT,dec1ff58-adc4-486a-a602-d1af62eafb1a,994f15d6-dbd4-4fd8-a509-11d071d06ba9,c3,DROP,687,?,x3,
1769494582.691715,FORWARDED,dec1ff58-adc4-486a-a602-d1af62eafb1a,994f15d6-dbd4-4fd8-a509-11d071d06ba9,c3,DROP,687,?,x3,
1769494582.7267952,SENT,108d4d48-9f77-4d4f-8ab3-45443c13cad8,59f07075-a2cd-44a5-a780-1cd0f05ccca7,c1,c5,1265,?,x8,
1769494582.726837,FORWARDED,108d4d48-9f77-4d4f-8ab3-45443c13cad8,59f07075-a2cd-44a5-a780-1cd0f05ccca7,c1,c5,1265,?,x8,
1769494583.011233,SENT,7eb77cf4-ad95-4442-9e20-fceaea6be8f4,c90c6a85-47ee-4c15-a322-ce7fc7bb9e74,c4,DROP,683,?,x4,
1769494583.0112734,FORWARDED,7eb77cf4-ad95-4442-9e20-fceaea6be8f4,c90c6a85-47ee-4c15-a322-ce7fc7bb9e74,c4,DROP,683,?,x4,
1769494583.0522346,RECEIVED,128ec6b5-a4eb-4410-89cb-7239143fea13,3389efa7-2fe2-4d63-ad22-3aa97a74421a,c5,DROP,1015,e8,?,
1769494583.126812,RECEIVED,aa8a3142-c797-4105-afb6-4251a0b21f4c,2505843a-b9af-4c53-9785-f299cfc18f09,c4,DROP,1015,e5,?,
1769494583.2066374,RECEIVED,eb4c4cbc-6df7-4c9f-9529-e8f4ea623f9a,fa087456-b6c2-4c32-8da8-714485521a1a,c2,DROP,1016,e4,?,
1769494583.3991957,SENT,3a665529-540a-4ff7-b607-4b65931a5407,28d60fd7-cc2f-4613-85f1-c808ba017a95,c3,DROP,683,?,x2,
1769494583.3992362,FORWARDED,3a665529-540a-4ff7-b607-4b65931a5407,28d60fd7-cc2f-4613-85f1-c808ba017a95,c3,DROP,683,?,x2,
1769494583.4097753,RECEIVED,0ea69a69-6595-49a7-9448-048c4a460e80,cbc7009d-42d6-495d-8deb-a12bb0de7c03,c2,DROP,441,x1,?,
1769494583.4281034,SENT,2ea35647-4f73-46cb-bca1-a91724f7d805,573b8004-3589-4e61-ade6-027323b0799b,c2,DROP,684,?,x8,
1769494583.4281535,FORWARDED,2ea35647-4f73-46cb-bca1-a91724f7d805,573b8004-3589-4e61-ade6-027323b0799b,c2,DROP,684,?,x8,
1769494583.5599706,SENT,eb4c4cbc-6df7-4c9f-9529-e8f4ea623f9a,fa087456-b6c2-4c32-8da8-714485521a1a,c2,DROP,688,?,x8,
1769494583.5600061,FORWARDED,eb4c4cbc-6df7-4c9f-9529-e8f4ea623f9a,fa087456-b6c2-4c32-8da8-714485521a1a,c2,DROP,688,?,x8,
1769494583.5627806,RECEIVED,e755ef4d-007a-4389-9590-694210ffe8c2,16e66b12-7a53-436c-8539-68f713a0744c,c5,c2,1785,e2,?,
1769494583.5878243,SENT,e755ef4d-007a-4389-9590-694210ffe8c2,16e66b12-7a53-436c-8539-68f713a0744c,c5,c2,1264,?,x8,
1769494583.5878596,FORWARDED,e755ef4d-007a-4389-9590-694210ffe8c2,16e66b12-7a53-436c-8539-68f713a0744c,c5,c2,1264,?,x8,
1769494583.6205943,SENT,aa8a3142-c797-4105-afb6-4251a0b21f4c,2505843a-b9af-4c53-9785-f299cfc18f09,c4,DROP,688,?,x1,
1769494583.6206357,FORWARDED,aa8a3142-c797-4105-afb6-4251a0b21f4c,2505843a-b9af-4c53-9785-f299cfc18f09,c4,DROP,688,?,x1,
1769494583.8544912,RECEIVED,bfe210f8-5b05-47ed-a319-839784b0c7ef,140131b8-7e33-45d6-890e-0679fb37ab7a,c2,c3,1767,e4,?,
1769494583.8698215,RECEIVED,d39e4d2d-1b6f-4f67-b948-35ab6fa8cadb,af643f0c-671b-4e0b-933b-0d574ed55639,c2,DROP,441,x12,?,
1769494583.911328,SENT,128ec6b5-a4eb-4410-89cb-7239143fea13,3389efa7-2fe2-4d63-ad22-3aa97a74421a,c5,DROP,688,?,x1,
1769494583.91137,FORWARDED,128ec6b5-a4eb-4410-89cb-7239143fea13,3389efa7-2fe2-4d63-ad22-3aa97a74421a,c5,DROP,688,?,x1,
1769494584.0034661,RECEIVED,fd9b16c0-9f22-40d3-bcad-38551f0219bd,431a9198-c8a5-40ea-9ea7-818309f96084,c1,c5,1775,e4,?,
1769494584.1878235,RECEIVED,5783f5c2-4e50-4115-bc9b-543bb5c4f7c7,13f798be-6e7a-4263-b7ec-018f85eaa7aa,c4,c5,1771,e1,?,
1769494584.4612536,SENT,fd9b16c0-9f22-40d3-bcad-38551f0219bd,431a9198-c8a5-40ea-9ea7-818309f96084,c1,c5,1259,?,x1,
1769494584.4612894,FORWARDED,fd9b16c0-9f22-40d3-bcad-38551f0219bd,431a9198-c8a5-40ea-9ea7-818309f96084,c1,c5,1259,?,x1,
1769494584.4918087,RECEIVED,32a86ffd-6e87-41a9-a5a7-977f66baee56,cdb7b448-11eb-4baf-985a-5b0dc24b2616,c4,DROP,1012,e2,?,
1769494584.4948294,RECEIVED,e3d331f8-e1f1-4507-a11d-3a267c19ce8a,4b5fe22c-b5bd-4cee-aedd-f00b057c5e79,c4,DROP,1011,e3,?,
1769494584.5235949,SENT,bfe210f8-5b05-47ed-a319-839784b0c7ef,140131b8-7e33-45d6-890e-0679fb37ab7a,c2,c3,1252,?,x1,
1769494584.5236406,FORWARDED,bfe210f8-5b05-47ed-a319-839784b0c7ef,140131b8-7e33-45d6-890e-0679fb37ab7a,c2,c3,1252,?,x1,
1769494584.5309045,SENT,32a86ffd-6e87-41a9-a5a7-977f66baee56,cdb7b448-11eb-4baf-985a-5b0dc24b2616,c4,DROP,687,?,x4,
1769494584.5309484,FORWARDED,32a86ffd-6e87-41a9-a5a7-977f66baee56,cdb7b448-11eb-4baf-985a-5b0dc24b2616,c4,DROP,687,?,x4,
1769494584.5367243,RECEIVED,e142b914-9ada-42d0-849e-42499d4c0dd1,626adc32-95cf-44a4-a493-2dcbd938ed51,c2,DROP,445,x10,?,
1769494584.759316,SENT,e3d331f8-e1f1-4507-a11d-3a267c19ce8a,4b5fe22c-b5bd-4cee-aedd-f00b057c5e79,c4,DROP,687,?,x1,
1769494584.7593505,FORWARDED,e3d331f8-e1f1-4507-a11d-3a267c19ce8a,4b5fe22c-b5bd-4cee-aedd-f00b057c5e79,c4,DROP,687,?,x1,
1769494584.7964334,RECEIVED,0e9290be-d975-4a6c-bd7e-479569e5c10b,a808cd5c-98bb-4d31-9de8-5b175d4d6464,c1,DROP,1008,e8,?,
1769494584.8828955,SENT,0e9290be-d975-4a6c-bd7e-479569e5c10b,a808cd5c-98bb-4d31-9de8-5b175d4d6464,c1,DROP,684,?,x4,
1769494584.8829305,FORWARDED,0e9290be-d975-4a6c-bd7e-479569e5c10b,a808cd5c-98bb-4d31-9de8-5b175d4d6464,c1,DROP,684,?,x4,
1769494585.066783,RECEIVED,d0f80a81-5dc1-4cd9-9c18-81535d59b4f2,46ca79d8-c8c9-48ec-a970-37a095532352,c4,DROP,1009,e2,?,
1769494585.180584,SENT,d0f80a81-5dc1-4cd9-9c18-81535d59b4f2,46ca79d8-c8c9-48ec-a970-37a095532352,c4,DROP,684,?,x12,
1769494585.1806262,FORWARDED,d0f80a81-5dc1-4cd9-9c18-81535d59b4f2,46ca79d8-c8c9-48ec-a970-37a095532352,c4,DROP,684,?,x12,
1769494585.3257926,RECEIVED,3c3fcaec-9914-4d62-937e-19bb9423f910,f88361d1-f721-4cca-b801-145099410d99,c2,DROP,441,x6,?,
1769494585.3549898,SENT,5783f5c2-4e50-4115-bc9b-543bb5c4f7c7,13f798be-6e7a-4263-b7ec-018f85eaa7aa,c4,c5,1256,?,x2,
1769494585.3550315,FORWARDED,5783f5c2-4e50-4115-bc9b-543bb5c4f7c7,13f798be-6e7a-4263-b7ec-018f85eaa7aa,c4,c5,1256,?,x2,
1769494585.5920074,RECEIVED,f6ac96e6-1b60-4201-a1eb-9077572c7f05,16df5f18-296c-4501-85d0-6404d3345181,c2,DROP,1009,e3,?,
1769494585.897554,RECEIVED,4ad89e0d-3212-483b-8d01-0d277365ded7,8ef76116-472c-45c3-a90a-e491f00ba6d8,c5,DROP,1008,e4,?,
1769494585.9532316,RECEIVED,a8c0efca-6647-400e-a75a-fd0f60a3a8aa,3dfeac8f-9922-4a16-b199-f0481c95ed39,c2,DROP,1019,e2,?,
1769494586.038013,SENT,f6ac96e6-1b60-4201-a1eb-9077572c7f05,16df5f18-296c-4501-85d0-6404d3345181,c2,DROP,683,?,x11,
1769494586.0380874,FORWARDED,f6ac96e6-1b60-4201-a1eb-9077572c7f05,16df5f18-296c-4501-85d0-6404d3345181,c2,DROP,683,?,x11,
1769494586.118296,RECEIVED,311939c2-403b-4e43-9bfa-5ca0e890ccf7,361a1de6-004f-4ea3-b910-0adbad2c4328,c4,DROP,1012,e1,?,
1769494586.2413616,RECEIVED,b33a2857-7b4c-4073-8d93-6ed93f1711be,3966dc82-4cca-4884-b369-729ba0baab08,c4,c5,1783,e10,?,
1769494586.365559,RECEIVED,f4d74aa9-a1aa-44c8-9808-236e747c1a35,c2ad5c0f-3740-4468-bd1e-6693a38244b9,c5,DROP,446,x1,?,
1769494586.369539,RECEIVED,e68359e4-46ec-4836-ab84-6b51dfd4c4e1,3872e6d3-eca5-438e-a878-15726b7672ff,c5,DROP,1008,e1,?,
1769494586.3898687,SENT,311939c2-403b-4e43-9bfa-5ca0e890ccf7,361a1de6-004f-4ea3-b910-0adbad2c4328,c4,DROP,685,?,x9,
1769494586.3899133,FORWARDED,311939c2-403b-4e43-9bfa-5ca0e890ccf7,361a1de6-004f-4ea3-b910-0adbad2c4328,c4,DROP,685,?,x9,
1769494586.5855472,SENT,4ad89e0d-3212-483b-8d01-0d277365ded7,8ef76116-472c-45c3-a90a-e491f00ba6d8,c5,DROP,683,?,x11,
1769494586.5855904,FORWARDED,4ad89e0d-3212-483b-8d01-0d277365ded7,8ef76116-472c-45c3-a90a-e491f00ba6d8,c5,DROP,683,?,x11,
1769494586.6320348,SENT,e68359e4-46ec-4836-ab84-6b51dfd4c4e1,3872e6d3-eca5-438e-a878-15726b7672ff,c5,DROP,684,?,x4,
1769494586.6321301,FORWARDED,e68359e4-46ec-4836-ab84-6b51dfd4c4e1,3872e6d3-eca5-438e-a878-15726b7672ff,c5,DROP,684,?,x4,
1769494586.6650126,RECEIVED,a39b9715-d330-4bf8-ac55-29877102ecdc,101f3a77-f28e-409d-9085-b2997c802e83,c5,c2,1772,e5,?,
1769494586.8119578,RECEIVED,c0692675-5431-45f1-bd36-ba33b5628e9c,e06b23a6-5c64-4290-b905-586b782e82cd,c2,DROP,446,x10,?,
1769494586.940076,SENT,a8c0efca-6647-400e-a75a-fd0f60a3a8aa,3dfeac8f-9922-4a16-b199-f0481c95ed39,c2,DROP,692,?,x9,
1769494586.9401197,FORWARDED,a8c0efca-6647-400e-a75a-fd0f60a3a8aa,3dfeac8f-9922-4a16-b199-f0481c95ed39,c2,DROP,692,?,x9,
1769494587.0226824,RECEIVED,a96449ba-ef78-4771-b483-862faf953e14,aafcd8f4-a75f-41b8-8610-66b1f60b04ed,c2,DROP,445,x10,?,
1769494587.0636098,SENT,a39b9715-d330-4bf8-ac55-29877102ecdc,101f3a77-f28e-409d-9085-b2997c802e83,c5,c2,1255,?,x8,
1769494587.0636473,FORWARDED,a39b9715-d330-4bf8-ac55-29877102ecdc,101f3a77-f28e-409d-9085-b2997c802e83,c5,c2,1255,?,x8,
1769494587.2139173,RECEIVED,9139e9c9-e2ff-4b88-83cd-514fd808573b,816399db-d76e-4a86-ba88-adf2bd7898bb,c1,DROP,1007,e4,?,
1769494587.3224044,RECEIVED,df417aec-9669-460d-b1c2-b21fa74bb0a0,10b7acdc-23ca-4d7b-9cf9-af69689354e6,c5,DROP,446,x11,?,
1769494587.3411145,RECEIVED,0c00aaf7-4faf-47eb-b4ed-b88026dfce83,a54521ac-44f3-48eb-8e1f-abacfa262114,c2,c3,1781,e9,?,
1769494587.420386,SENT,0c00aaf7-4faf-47eb-b4ed-b88026dfce83,a54521ac-44f3-48eb-8e1f-abacfa262114,c2,c3,1263,?,x11,
1769494587.4204266,FORWARDED,0c00aaf7-4faf-47eb-b4ed-b88026dfce83,a54521ac-44f3-48eb-8e1f-abacfa262114,c2,c3,1263,?,x11,
1769494587.4407864,RECEIVED,7f6934f6-b00b-486c-9e67-a3315cbebcbe,258a171a-1ccb-439a-ace8-d25b1e1bbe0e,c2,c3,1782,e1,?,
1769494587.4676225,RECEIVED,aa23f3a9-5c62-4c46-af9d-06ec6bcd5d5e,04d756a1-7915-4580-8616-5fd581fbbc92,c3,c5,1779,e3,?,
1769494587.520261,RECEIVED,33eac5b0-5ead-43e2-8101-95d097f69518,b2202615-017a-4475-a395-a63c89bd693e,c5,DROP,1016,e8,?,
1769494587.5230007,SENT,7f6934f6-b00b-486c-9e67-a3315cbebcbe,258a171a-1ccb-439a-ace8-d25b1e1bbe0e,c2,c3,1263,?,x10,
1769494587.5230389,FORWARDED,7f6934f6-b00b-486c-9e67-a3315cbebcbe,258a171a-1ccb-439a-ace8-d25b1e1bbe0e,c2,c3,1263,?,x10,
1769494587.570781,SENT,33eac5b0-5ead-43e2-8101-95d097f69518,b2202615-017a-4475-a395-a63c89bd693e,c5,DROP,690,?,x1,
1769494587.5708237,FORWARDED,33eac5b0-5ead-43e2-8101-95d097f69518,b2202615-017a-4475-a395-a63c89bd693e,c5,DROP,690,?,x1,
1769494587.6182406,SENT,aa23f3a9-5c62-4c46-af9d-06ec6bcd5d5e,04d756a1-7915-4580-8616-5fd581fbbc92,c3,c5,1263,?,x11,
1769494587.6182845,FORWARDED,aa23f3a9-5c62-4c46-af9d-06ec6bcd5d5e,04d756a1-7915-4580-8616-5fd581fbbc92,c3,c5,1263,?,x11,
1769494587.6968043,SENT,b33a2857-7b4c-4073-8d93-6ed93f1711be,3966dc82-4cca-4884-b369-729ba0baab08,c4,c5,1264,?,x4,
1769494587.696847,FORWARDED,b33a2857-7b4c-4073-8d93-6ed93f1711be,3966dc82-4cca-4884-b369-729ba0baab08,c4,c5,1264,?,x4,
1769494587.7009928,RECEIVED,2dd1af75-517d-49fe-a156-d46bc2dcf622,f457b38a-ed15-4f58-b267-3fc7a2caaaad,c5,DROP,445,x11,?,
1769494587.9844713,RECEIVED,09966d2c-c76a-4fad-86de-b53242e5362b,3e15462e-e806-4592-bd3f-e70c4522ed9b,c3,DROP,1010,e12,?,
1769494588.39418,RECEIVED,de324212-8176-4b99-8699-12b31b71d9b9,a40fbf9e-78c2-415e-888a-6135299fefd0,c5,DROP,1007,e9,?,
1769494588.480376,RECEIVED,3da0c94e-6202-44eb-a8b1-487b1e5fe928,c07e9853-3f0e-4f47-b4ac-e68f8611d5c1,c1,DROP,1007,e4,?,
1769494588.5974479,SENT,9139e9c9-e2ff-4b88-83cd-514fd808573b,816399db-d76e-4a86-ba88-adf2bd7898bb,c1,DROP,684,?,x3,
1769494588.5974908,FORWARDED,9139e9c9-e2ff-4b88-83cd-514fd808573b,816399db-d76e-4a86-ba88-adf2bd7898bb,c1,DROP,684,?,x3,
1769494588.6132717,RECEIVED,04cc2aad-3e8c-4a4c-bf63-a744f7bcc372,8697eb43-38be-406a-b647-01114129491e,c1,DROP,1010,e7,?,
1769494588.6916611,RECEIVED,a23d3299-8b32-4ee3-8db1-394142e25215,10c81929-a0c1-4c85-bf3e-3debc71a56bc,c4,c5,1780,e11,?,
1769494588.9841282,RECEIVED,4924d3e8-a9bb-4552-9a3e-8b8677ea52c5,f35eecd8-d1c6-4af9-b057-97ba78d98074,c3,DROP,1010,e8,?,
1769494589.0571263,SENT,a23d3299-8b32-4ee3-8db1-394142e25215,10c81929-a0c1-4c85-bf3e-3debc71a56bc,c4,c5,1263,?,x1,
1769494589.0571687,FORWARDED,a23d3299-8b32-4ee3-8db1-394142e25215,10c81929-a0c1-4c85-bf3e-3debc71a56bc,c4,c5,1263,?,x1,
1769494589.0983112,RECEIVED,6cf004ea-6141-4450-8d94-0a5cc6caba92,6fab7dad-b482-4e21-bf50-f7db34f8144f,c1,c5,1785,e4,?,
1769494589.1082945,SENT,3da0c94e-6202-44eb-a8b1-487b1e5fe928,c07e9853-3f0e-4f47-b4ac-e68f8611d5c1,c1,DROP,683,?,x4,
1769494589.1083345,FORWARDED,3da0c94e-6202-44eb-a8b1-487b1e5fe928,c07e9853-3f0e-4f47-b4ac-e68f8611d5c1,c1,DROP,683,?,x4,
1769494589.3051758,RECEIVED,53b05d88-26e6-452b-abac-557c8f8a29cd,33bea7ba-7401-44a5-b842-2f724305f63f,c1,DROP,1013,e5,?,
1769494589.3367755,SENT,53b05d88-26e6-452b-abac-557c8f8a29cd,33bea7ba-7401-44a5-b842-2f724305f63f,c1,DROP,685,?,x9,
1769494589.3368318,FORWARDED,53b05d88-26e6-452b-abac-557c8f8a29cd,33bea7ba-7401-44a5-b842-2f724305f63f,c1,DROP,685,?,x9,
1769494589.494513,RECEIVED,21dbade8-f9bf-4c5c-a1be-fec927e8ff15,a2567644-8d4a-4f6d-a585-58506ac0f105,c4,DROP,1011,e1,?,
1769494589.5142565,SENT,09966d2c-c76a-4fad-86de-b53242e5362b,3e15462e-e806-4592-bd3f-e70c4522ed9b,c3,DROP,685,?,x5,
1769494589.514295,FORWARDED,09966d2c-c76a-4fad-86de-b53242e5362b,3e15462e-e806-4592-bd3f-e70c4522ed9b,c3,DROP,685,?,x5,
1769494589.5355535,SENT,6cf004ea-6141-4450-8d94-0a5cc6caba92,6fab7dad-b482-4e21-bf50-f7db34f8144f,c1,c5,1264,?,x10,
1769494589.5355933,FORWARDED,6cf004ea-6141-4450-8d94-0a5cc6caba92,6fab7dad-b482-4e21-bf50-f7db34f8144f,c1,c5,1264,?,x10,
1769494589.536385,RECEIVED,cb6c9d39-c3eb-4d05-aa35-5dc3292592ed,d19cf49b-9259-4d09-b672-607e49ba44f8,c2,DROP,1016,e9,?,
1769494589.5951293,RECEIVED,7bc43ef7-9649-455b-a0fb-6db8f1e864df,64062aec-69a9-4776-b1c2-65e70d6a054a,c5,DROP,1019,e2,?,
1769494589.608764,SENT,4924d3e8-a9bb-4552-9a3e-8b8677ea52c5,f35eecd8-d1c6-4af9-b057-97ba78d98074,c3,DROP,685,?,x5,
1769494589.608806,FORWARDED,4924d3e8-a9bb-4552-9a3e-8b8677ea52c5,f35eecd8-d1c6-4af9-b057-97ba78d98074,c3,DROP,685,?,x5,
1769494589.6675735,RECEIVED,04676fa2-8887-4118-83eb-af927b36a376,47804758-f3f2-47b3-b913-9d45fd83b323,c2,DROP,441,x5,?,
1769494589.720461,SENT,04cc2aad-3e8c-4a4c-bf63-a744f7bcc372,8697eb43-38be-406a-b647-01114129491e,c1,DROP,686,?,x3,
1769494589.7205017,FORWARDED,04cc2aad-3e8c-4a4c-bf63-a744f7bcc372,8697eb43-38be-406a-b647-01114129491e,c1,DROP,686,?,x3,
1769494589.734396,SENT,de324212-8176-4b99-8699-12b31b71d9b9,a40fbf9e-78c2-415e-888a-6135299fefd0,c5,DROP,684,?,x7,
1769494589.734436,FORWARDED,de324212-8176-4b99-8699-12b31b71d9b9,a40fbf9e-78c2-415e-888a-6135299fefd0,c5,DROP,684,?,x7,
1769494589.7378242,SENT,cb6c9d39-c3eb-4d05-aa35-5dc3292592ed,d19cf49b-9259-4d09-b672-607e49ba44f8,c2,DROP,688,?,x5,
1769494589.7378626,FORWARDED,cb6c9d39-c3eb-4d05-aa35-5dc3292592ed,d19cf49b-9259-4d09-b672-607e49ba44f8,c2,DROP,688,?,x5,
1769494589.7514696,SENT,7bc43ef7-9649-455b-a0fb-6db8f1e864df,64062aec-69a9-4776-b1c2-65e70d6a054a,c5,DROP,692,?,x9,
1769494589.7515097,FORWARDED,7bc43ef7-9649-455b-a0fb-6db8f1e864df,64062aec-69a9-4776-b1c2-65e70d6a054a,c5,DROP,692,?,x9,
1769494589.943511,SENT,21dbade8-f9bf-4c5c-a1be-fec927e8ff15,a2567644-8d4a-4f6d-a585-58506ac0f105,c4,DROP,687,?,x4,
1769494589.943548,FORWARDED,21dbade8-f9bf-4c5c-a1be-fec927e8ff15,a2567644-8d4a-4f6d-a585-58506ac0f105,c4,DROP,687,?,x4,
1769494590.120501,RECEIVED,7c04ca0d-7178-4ddc-a9b7-f6403500b4c5,9517c9c3-83cc-49f5-a3e5-0546c7e1968a,c5,DROP,1019,e2,?,
1769494590.2688718,RECEIVED,0bbd9444-a5be-4e91-88b6-48ef53fa9487,b6171fa9-59d0-4e37-91cf-9fd8ca900e24,c3,DROP,1007,e9,?,
1769494590.6186852,RECEIVED,a6c11e13-970c-49f1-a35a-23b162fafb05,3763d96e-ce33-40c9-a687-f8310f42e1d8,c5,DROP,1016,e9,?,
1769494590.87166,RECEIVED,2a998f1f-31b7-4350-8c08-72576840385b,799f80db-b8b2-4ace-bece-9f917205ac12,c4,c5,1779,e2,?,
1769494590.898935,SENT,a6c11e13-970c-49f1-a35a-23b162fafb05,3763d96e-ce33-40c9-a687-f8310f42e1d8,c5,DROP,688,?,x6,
1769494590.8989768,FORWARDED,a6c11e13-970c-49f1-a35a-23b162fafb05,3763d96e-ce33-40c9-a687-f8310f42e1d8,c5,DROP,688,?,x6,
1769494590.926042,SENT,0bbd9444-a5be-4e91-88b6-48ef53fa9487,b6171fa9-59d0-4e37-91cf-9fd8ca900e24,c3,DROP,684,?,x6,
1769494590.926377,FORWARDED,0bbd9444-a5be-4e91-88b6-48ef53fa9487,b6171fa9-59d0-4e37-91cf-9fd8ca900e24,c3,DROP,684,?,x6,
1769494590.9424114,RECEIVED,6a844a35-9747-4ec8-87bb-7912a0e1687e,6f4482eb-ac17-446d-8755-ba3663777539,c4,DROP,1020,e5,?,
1769494590.9950757,RECEIVED,79605e5d-0530-432f-bfdf-d357ad853178,33e71d59-463f-471b-b321-58f2ae8a6e9c,c3,DROP,1024,e11,?,
1769494591.0472002,SENT,79605e5d-0530-432f-bfdf-d357ad853178,33e71d59-463f-471b-b321-58f2ae8a6e9c,c3,DROP,694,?,x8,
1769494591.047243,FORWARDED,79605e5d-0530-432f-bfdf-d357ad853178,33e71d59-463f-471b-b321-58f2ae8a6e9c,c3,DROP,694,?,x8,
1769494591.0770104,RECEIVED,e0623ecb-4f05-4f2d-8e75-08f5c30466f3,d238326b-cc3c-494b-aa4c-fb72d6b38a90,c2,c3,1781,e3,?,
1769494591.112325,RECEIVED,bda62d9a-3da3-4f26-9eba-a30c0cfdc5f0,25499ac9-153c-4082-a20f-db5570d32d4b,c1,c5,1780,e3,?,
1769494591.152607,SENT,e0623ecb-4f05-4f2d-8e75-08f5c30466f3,d238326b-cc3c-494b-aa4c-fb72d6b38a90,c2,c3,1263,?,x12,
1769494591.1526518,FORWARDED,e0623ecb-4f05-4f2d-8e75-08f5c30466f3,d238326b-cc3c-494b-aa4c-fb72d6b38a90,c2,c3,1263,?,x12,
1769494591.1641762,RECEIVED,58251362-a6a4-4e19-96f5-9f7c2695657a,58e6a9dc-4197-4ae0-9783-b2bca8c927d1,c5,DROP,1014,e9,?,
1769494591.2571905,SENT,bda62d9a-3da3-4f26-9eba-a30c0cfdc5f0,25499ac9-153c-4082-a20f-db5570d32d4b,c1,c5,1263,?,x7,
1769494591.257231,FORWARDED,bda62d9a-3da3-4f26-9eba-a30c0cfdc5f0,25499ac9-153c-4082-a20f-db5570d32d4b,c1,c5,1263,?,x7,
1769494591.2641926,RECEIVED,da1e5f31-6c3a-4161-a4d2-5f5570b21b56,dc7a74e7-93cf-4124-9ca2-203320e30f78,c4,DROP,1019,e1,?,
1769494591.453957,SENT,7c04ca0d-7178-4ddc-a9b7-f6403500b4c5,9517c9c3-83cc-49f5-a3e5-0546c7e1968a,c5,DROP,693,?,x9,
1769494591.4539983,FORWARDED,7c04ca0d-7178-4ddc-a9b7-f6403500b4c5,9517c9c3-83cc-49f5-a3e5-0546c7e1968a,c5,DROP,693,?,x9,
1769494591.4612906,SENT,6a844a35-9747-4ec8-87bb-7912a0e1687e,6f4482eb-ac17-446d-8755-ba3663777539,c4,DROP,691,?,x12,
1769494591.4613333,FORWARDED,6a844a35-9747-4ec8-87bb-7912a0e1687e,6f4482eb-ac17-446d-8755-ba3663777539,c4,DROP,691,?,x12,
1769494591.5855923,SENT,da1e5f31-6c3a-4161-a4d2-5f5570b21b56,dc7a74e7-93cf-4124-9ca2-203320e30f78,c4,DROP,693,?,x6,
1769494591.5856373,FORWARDED,da1e5f31-6c3a-4161-a4d2-5f5570b21b56,dc7a74e7-93cf-4124-9ca2-203320e30f78,c4,DROP,693,?,x6,
1769494591.7686665,SENT,2a998f1f-31b7-4350-8c08-72576840385b,799f80db-b8b2-4ace-bece-9f917205ac12,c4,c5,1263,?,x2,
1769494591.7687101,FORWARDED,2a998f1f-31b7-4350-8c08-72576840385b,799f80db-b8b2-4ace-bece-9f917205ac12,c4,c5,1263,?,x2,
1769494591.7952666,SENT,58251362-a6a4-4e19-96f5-9f7c2695657a,58e6a9dc-4197-4ae0-9783-b2bca8c927d1,c5,DROP,688,?,x8,
1769494591.7953792,FORWARDED,58251362-a6a4-4e19-96f5-9f7c2695657a,58e6a9dc-4197-4ae0-9783-b2bca8c927d1,c5,DROP,688,?,x8,
1769494591.7955632,RECEIVED,fc0c2eb8-7550-4669-b9d5-0aace78c3c46,51a2f0b3-cb76-4004-b434-2dd9a36feece,c1,DROP,1007,e8,?,
1769494591.7966473,RECEIVED,0fe29a72-fe63-48d4-889f-5e251b6c3773,8fca8485-4a75-4a79-be93-353faa97d8a7,c3,DROP,445,x8,?,
1769494591.9271927,RECEIVED,a7283086-e0be-42ac-8572-950e0036bb64,82bfe733-fe12-4757-88e1-7df6643fd2d1,c2,DROP,1015,e8,?,
1769494591.9668953,RECEIVED,72b52bec-61ea-4bfc-bf22-5e8296d8c6ed,cba19b13-7b20-4dfa-85de-04a69cdaad87,c2,DROP,1008,e11,?,
1769494592.0064325,RECEIVED,7a053c04-7541-4275-8de0-d211bcc02ad8,c1edbf39-0256-4e6a-b668-fe5903c3da2b,c1,c5,1767,e11,?,
1769494592.1127636,SENT,72b52bec-61ea-4bfc-bf22-5e8296d8c6ed,cba19b13-7b20-4dfa-85de-04a69cdaad87,c2,DROP,684,?,x3,
1769494592.1128047,FORWARDED,72b52bec-61ea-4bfc-bf22-5e8296d8c6ed,cba19b13-7b20-4dfa-85de-04a69cdaad87,c2,DROP,684,?,x3,
1769494592.2542038,SENT,a7283086-e0be-42ac-8572-950e0036bb64,82bfe733-fe12-4757-88e1-7df6643fd2d1,c2,DROP,688,?,x3,
1769494592.254245,FORWARDED,a7283086-e0be-42ac-8572-950e0036bb64,82bfe733-fe12-4757-88e1-7df6643fd2d1,c2,DROP,688,?,x3,
1769494592.3739972,RECEIVED,a418362f-4565-4c3c-b01d-805a6089042b,88caf22b-6baf-4894-b729-da57d76bad0f,c2,DROP,1015,e2,?,
1769494592.3974743,RECEIVED,8a09ffc2-7dc7-440d-b7d1-33d3d0048cbc,033cb737-4394-4870-80c0-b2a9b307211b,c4,c5,1784,e11,?,
1769494592.4506361,SENT,7a053c04-7541-4275-8de0-d211bcc02ad8,c1edbf39-0256-4e6a-b668-fe5903c3da2b,c1,c5,1252,?,x8,
1769494592.450676,FORWARDED,7a053c04-7541-4275-8de0-d211bcc02ad8,c1edbf39-0256-4e6a-b668-fe5903c3da2b,c1,c5,1252,?,x8,
1769494592.572135,SENT,8a09ffc2-7dc7-440d-b7d1-33d3d0048cbc,033cb737-4394-4870-80c0-b2a9b307211b,c4,c5,1266,?,x1,
1769494592.572176,FORWARDED,8a09ffc2-7dc7-440d-b7d1-33d3d0048cbc,033cb737-4394-4870-80c0-b2a9b307211b,c4,c5,1266,?,x1,
1769494592.6284087,RECEIVED,55274afe-d199-47c0-a80e-62835efcf748,c5c8e000-32e6-45d2-b6b8-2da88e441cde,c3,DROP,440,x8,?,
1769494592.697268,SENT,fc0c2eb8-7550-4669-b9d5-0aace78c3c46,51a2f0b3-cb76-4004-b434-2dd9a36feece,c1,DROP,683,?,x9,
1769494592.697308,FORWARDED,fc0c2eb8-7550-4669-b9d5-0aace78c3c46,51a2f0b3-cb76-4004-b434-2dd9a36feece,c1,DROP,683,?,x9,
1769494592.8324316,RECEIVED,52d77974-06b1-4452-9dcd-6fb5602ed9de,fde4889d-13d1-4822-9e31-1229dcdb1f1b,c5,DROP,1014,e4,?,
1769494592.9302123,RECEIVED,f3184d81-23d9-4a39-a133-cb67e0f5ddb2,b101b16a-83fd-45cf-9850-bb51140124b9,c5,DROP,1011,e6,?,
1769494592.9645028,SENT,a418362f-4565-4c3c-b01d-805a6089042b,88caf22b-6baf-4894-b729-da57d76bad0f,c2,DROP,688,?,x5,
1769494592.964547,FORWARDED,a418362f-4565-4c3c-b01d-805a6089042b,88caf22b-6baf-4894-b729-da57d76bad0f,c2,DROP,688,?,x5,
1769494592.9905088,RECEIVED,c8edbdd5-74fb-4c47-8813-462b9ddc278d,03d6336c-eba6-4fca-88c7-5deacd0958e3,c1,DROP,1009,e5,?,
1769494593.00693,RECEIVED,2e644c2b-e8b8-4e72-be60-c262392cd8c4,ec84f64f-f254-46b5-b813-5a4351edbc98,c4,DROP,445,x11,?,
1769494593.066964,SENT,c8edbdd5-74fb-4c47-8813-462b9ddc278d,03d6336c-eba6-4fca-88c7-5deacd0958e3,c1,DROP,683,?,x5,
1769494593.0670063,FORWARDED,c8edbdd5-74fb-4c47-8813-462b9ddc278d,03d6336c-eba6-4fca-88c7-5deacd0958e3,c1,DROP,683,?,x5,
1769494593.0921955,RECEIVED,d8330038-7eb6-4b50-94bf-02cb30dc4950,a5f6a3cd-7c74-4ce3-a42a-38d7dbd9f74d,c4,c5,1779,e5,?,
1769494593.3604836,SENT,d8330038-7eb6-4b50-94bf-02cb30dc4950,a5f6a3cd-7c74-4ce3-a42a-38d7dbd9f74d,c4,c5,1263,?,x3,
1769494593.3605282,FORWARDED,d8330038-7eb6-4b50-94bf-02cb30dc4950,a5f6a3cd-7c74-4ce3-a42a-38d7dbd9f74d,c4,c5,1263,?,x3,
1769494593.6400638,RECEIVED,c6123c5c-da3b-4c36-baea-5a034c558d96,e0690bab-df9d-47b6-98e4-b49053506edf,c5,DROP,1016,e2,?,
1769494593.6685271,RECEIVED,33ca946f-2bc7-42d8-8573-caf7a82b2140,a8f73fc8-19d1-4e3b-b69f-226cf057c84c,c1,DROP,1016,e7,?,
1769494593.6764808,RECEIVED,0f536f2e-fce7-42d2-a6a3-f498233b1751,f0118067-6fe0-41c6-b852-58a3dfa40d5f,c4,DROP,1019,e11,?,
1769494593.7197146,SENT,c6123c5c-da3b-4c36-baea-5a034c558d96,e0690bab-df9d-47b6-98e4-b49053506edf,c5,DROP,688,?,x6,
1769494593.71975,FORWARDED,c6123c5c-da3b-4c36-baea-5a034c558d96,e0690bab-df9d-47b6-98e4-b49053506edf,c5,DROP,688,?,x6,
1769494593.9253263,RECEIVED,6722b15e-b626-4eb1-8abb-d1030ee22ddd,d5560b5a-8b8d-4723-ba10-06a39748f97a,c1,DROP,447,x3,?,
1769494593.9585075,SENT,52d77974-06b1-4452-9dcd-6fb5602ed9de,fde4889d-13d1-4822-9e31-1229dcdb1f1b,c5,DROP,689,?,x5,
1769494593.9585485,FORWARDED,52d77974-06b1-4452-9dcd-6fb5602ed9de,fde4889d-13d1-4822-9e31-1229dcdb1f1b,c5,DROP,689,?,x5,
1769494594.1066413,RECEIVED,809033e8-a2a9-4705-b4d1-902662724782,5f7551c0-b5f3-4fae-9fe2-db9e922c921f,c1,DROP,440,x8,?,
1769494594.3168476,SENT,0f536f2e-fce7-42d2-a6a3-f498233b1751,f0118067-6fe0-41c6-b852-58a3dfa40d5f,c4,DROP,691,?,x12,
1769494594.3168883,FORWARDED,0f536f2e-fce7-42d2-a6a3-f498233b1751,f0118067-6fe0-41c6-b852-58a3dfa40d5f,c4,DROP,691,?,x12,
1769494594.3453689,RECEIVED,69f45ef2-c7f3-46da-909d-1eb7e03e09d8,c765e7d9-bc21-4c22-a211-093169f29ddc,c4,DROP,441,x7,?,
1769494594.6273992,RECEIVED,65a1896c-f205-441a-9ebe-8cfdc26091f4,0b3ba1b3-b492-459c-afc5-afd365afd249,c3,DROP,1020,e12,?,
1769494594.6933725,SENT,33ca946f-2bc7-42d8-8573-caf7a82b2140,a8f73fc8-19d1-4e3b-b69f-226cf057c84c,c1,DROP,690,?,x10,
1769494594.6934144,FORWARDED,33ca946f-2bc7-42d8-8573-caf7a82b2140,a8f73fc8-19d1-4e3b-b69f-226cf057c84c,c1,DROP,690,?,x10,
1769494594.7767076,SENT,f3184d81-23d9-4a39-a133-cb67e0f5ddb2,b101b16a-83fd-45cf-9850-bb51140124b9,c5,DROP,685,?,x7,
1769494594.7767482,FORWARDED,f3184d81-23d9-4a39-a133-cb67e0f5ddb2,b101b16a-83fd-45cf-9850-bb51140124b9,c5,DROP,685,?,x7,
1769494594.9994125,RECEIVED,75b69540-f3e3-4e78-a92c-588c7d55d744,255df276-6fa5-4ac2-ac33-ebfcc51e5be5,c1,c5,1787,e10,?,
1769494595.0511217,RECEIVED,da794c5e-57e8-4eb9-be14-a3726c251073,25c38d32-f0c7-43b5-a0fa-4b5ec6f70c79,c1,DROP,1015,e8,?,
1769494595.0707774,SENT,65a1896c-f205-441a-9ebe-8cfdc26091f4,0b3ba1b3-b492-459c-afc5-afd365afd249,c3,DROP,691,?,x3,
1769494595.0708177,FORWARDED,65a1896c-f205-441a-9ebe-8cfdc26091f4,0b3ba1b3-b492-459c-afc5-afd365afd249,c3,DROP,691,?,x3,
1769494595.094813,RECEIVED,df8a3496-8ab1-4636-aad0-a7b6aaeede3f,cc18b1f7-f47e-4283-9c2f-6f644c380913,c1,DROP,1021,e5,?,
1769494595.1741197,SENT,df8a3496-8ab1-4636-aad0-a7b6aaeede3f,cc18b1f7-f47e-4283-9c2f-6f644c380913,c1,DROP,693,?,x9,
1769494595.1741698,FORWARDED,df8a3496-8ab1-4636-aad0-a7b6aaeede3f,cc18b1f7-f47e-4283-9c2f-6f644c380913,c1,DROP,693,?,x9,
1769494595.3027146,RECEIVED,386d0647-fab9-497c-b949-0d6a69369df8,12ea1f75-dff6-4719-9516-45a6a462b87d,c2,DROP,1015,e6,?,
1769494595.3393452,RECEIVED,513378ca-16a0-4238-9d2c-a30d0ab8908a,d83c6fb0-bf18-4d06-8d67-ad9a155f363e,c1,DROP,1021,e11,?,
1769494595.3822591,SENT,513378ca-16a0-4238-9d2c-a30d0ab8908a,d83c6fb0-bf18-4d06-8d67-ad9a155f363e,c1,DROP,692,?,x8,
1769494595.382303,FORWARDED,513378ca-16a0-4238-9d2c-a30d0ab8908a,d83c6fb0-bf18-4d06-8d67-ad9a155f363e,c1,DROP,692,?,x8,
1769494595.3888476,SENT,75b69540-f3e3-4e78-a92c-588c7d55d744,255df276-6fa5-4ac2-ac33-ebfcc51e5be5,c1,c5,1267,?,x3,
1769494595.388891,FORWARDED,75b69540-f3e3-4e78-a92c-588c7d55d744,255df276-6fa5-4ac2-ac33-ebfcc51e5be5,c1,c5,1267,?,x3,
1769494595.5038974,RECEIVED,e9ff0a53-6c25-4798-8c4e-95a295f7fcb0,e94fe4c3-94b3-41d7-a92e-e1b4b901fc3d,c1,DROP,440,x9,?,
1769494595.5197103,RECEIVED,e47e7200-b5eb-4778-9939-2556b52333e4,7fa0367b-2823-46e9-8d21-687fabe95b62,c5,DROP,1010,e3,?,
1769494595.6945658,RECEIVED,8b27904d-8d9e-42fc-8d50-bd7f7c675d4d,cf0dced3-1833-4f36-b0f3-58e5737a5797,c3,c5,1771,e4,?,
1769494595.8016174,SENT,e47e7200-b5eb-4778-9939-2556b52333e4,7fa0367b-2823-46e9-8d21-687fabe95b62,c5,DROP,685,?,x1,
1769494595.8016593,FORWARDED,e47e7200-b5eb-4778-9939-2556b52333e4,7fa0367b-2823-46e9-8d21-687fabe95b62,c5,DROP,685,?,x1,
1769494595.8647263,RECEIVED,09a2c201-7ff5-4b6a-bca5-69833c7f5efe,2c8a603f-13fe-42d7-897e-3b082c2e7059,c2,DROP,1003,e6,?,
1769494596.0621917,RECEIVED,c589baf2-979f-481c-8233-a882794f1f24,9b8a9ee4-9621-4c15-b247-ef1dd423c11f,c5,c2,1779,e7,?,
1769494596.1645467,SENT,8b27904d-8d9e-42fc-8d50-bd7f7c675d4d,cf0dced3-1833-4f36-b0f3-58e5737a5797,c3,c5,1256,?,x1,
1769494596.1645885,FORWARDED,8b27904d-8d9e-42fc-8d50-bd7f7c675d4d,cf0dced3-1833-4f36-b0f3-58e5737a5797,c3,c5,1256,?,x1,
1769494596.2447748,SENT,09a2c201-7ff5-4b6a-bca5-69833c7f5efe,2c8a603f-13fe-42d7-897e-3b082c2e7059,c2,DROP,680,?,x1,
1769494596.2448142,FORWARDED,09a2c201-7ff5-4b6a-bca5-69833c7f5efe,2c8a603f-13fe-42d7-897e-3b082c2e7059,c2,DROP,680,?,x1,
1769494596.4049454,RECEIVED,a0d1a320-20b3-446a-a54e-957639bb9396,e9614602-b681-48f1-87dd-b08cdd505843,c3,DROP,1015,e3,?,
1769494596.457477,RECEIVED,84bc8b49-c233-4d2d-adbf-fcb578fa8591,6586385d-0052-4163-b107-56813d935979,c1,DROP,443,x6,?,
1769494596.5817595,SENT,386d0647-fab9-497c-b949-0d6a69369df8,12ea1f75-dff6-4719-9516-45a6a462b87d,c2,DROP,688,?,x1,
1769494596.5818005,FORWARDED,386d0647-fab9-497c-b949-0d6a69369df8,12ea1f75-dff6-4719-9516-45a6a462b87d,c2,DROP,688,?,x1,
1769494596.6360857,RECEIVED,5280125d-15b2-4dc2-afa6-6d7b854c4d1f,e93861c4-a781-42e7-99be-39e01d81dd38,c4,DROP,1021,e11,?,
1769494596.637923,RECEIVED,1adddf54-d65c-4719-a46e-69b679525403,21527151-bb3c-4b44-8a3b-f8a67e03e7f6,c3,c5,1784,e5,?,
1769494596.6593103,SENT,5280125d-15b2-4dc2-afa6-6d7b854c4d1f,e93861c4-a781-42e7-99be-39e01d81dd38,c4,DROP,692,?,x8,
1769494596.659565,FORWARDED,5280125d-15b2-4dc2-afa6-6d7b854c4d1f,e93861c4-a781-42e7-99be-39e01d81dd38,c4,DROP,692,?,x8,
1769494596.6612635,SENT,a0d1a320-20b3-446a-a54e-957639bb9396,e9614602-b681-48f1-87dd-b08cdd505843,c3,DROP,688,?,x9,
1769494596.6612976,FORWARDED,a0d1a320-20b3-446a-a54e-957639bb9396,e9614602-b681-48f1-87dd-b08cdd505843,c3,DROP,688,?,x9,
1769494596.6856885,RECEIVED,74fd7b99-0c8c-482f-bbef-2eb474686996,bede30a3-714e-425f-8c5d-d5d1b8361017,c1,DROP,1009,e1,?,
1769494596.7661784,SENT,74fd7b99-0c8c-482f-bbef-2eb474686996,bede30a3-714e-425f-8c5d-d5d1b8361017,c1,DROP,682,?,x6,
1769494596.766219,FORWARDED,74fd7b99-0c8c-482f-bbef-2eb474686996,bede30a3-714e-425f-8c5d-d5d1b8361017,c1,DROP,682,?,x6,
1769494596.7941294,RECEIVED,ceace05e-be76-41f5-8b70-055495c9d985,fd81bd6b-7ce7-4f2f-8258-6ef9feed20e7,c5,DROP,1015,e6,?,
1769494596.9736447,RECEIVED,52e0b02c-8ca5-4fe5-8a02-39290a56818c,474056ba-7d68-4bab-ad52-4d5fae8e6814,c2,DROP,446,x8,?,
1769494596.997913,SENT,da794c5e-57e8-4eb9-be14-a3726c251073,25c38d32-f0c7-43b5-a0fa-4b5ec6f70c79,c1,DROP,688,?,x1,
1769494596.9979546,FORWARDED,da794c5e-57e8-4eb9-be14-a3726c251073,25c38d32-f0c7-43b5-a0fa-4b5ec6f70c79,c1,DROP,688,?,x1,
1769494597.0316424,RECEIVED,e19b67d2-711a-4845-8e9b-1b345be83d27,f0e7e985-86d4-44e4-b44e-75513c8b2094,c2,DROP,1013,e10,?,
1769494597.0665457,SENT,e19b67d2-711a-4845-8e9b-1b345be83d27,f0e7e985-86d4-44e4-b44e-75513c8b2094,c2,DROP,687,?,x4,
1769494597.0666008,FORWARDED,e19b67d2-711a-4845-8e9b-1b345be83d27,f0e7e985-86d4-44e4-b44e-75513c8b2094,c2,DROP,687,?,x4,
1769494597.06812,SENT,1adddf54-d65c-4719-a46e-69b679525403,21527151-bb3c-4b44-8a3b-f8a67e03e7f6,c3,c5,1264,?,x12,
1769494597.06816,FORWARDED,1adddf54-d65c-4719-a46e-69b679525403,21527151-bb3c-4b44-8a3b-f8a67e03e7f6,c3,c5,1264,?,x12,
1769494597.1871488,RECEIVED,2983556e-6af5-4217-87ec-f5d7511bdd23,45cdfe85-961d-46db-94f5-4b49cc0d4e61,c2,DROP,441,x10,?,
1769494597.4437335,RECEIVED,e132f8a6-e1b3-4a98-8d54-b270ccfdaafd,bb1c80bb-ac88-41b3-903e-91790548c8b2,c3,DROP,1007,e5,?,
1769494597.459887,RECEIVED,30852ea0-2a7d-4057-bb80-76bc6298db60,c0ecea12-64ae-468e-9bdd-373f7fe3359e,c2,DROP,441,x5,?,
1769494597.5383408,RECEIVED,68b5ed9a-ff47-4147-9738-c774cf2a2443,f0c8c02f-d388-48b0-b31c-b0772e823c54,c1,DROP,1021,e2,?,
1769494597.55553,RECEIVED,d9c27cf8-0bda-4e2c-b338-6654b67ab0e4,7b473ce2-1b2d-408d-b423-2e71e07ee1de,c5,DROP,1021,e10,?,
1769494597.5833778,RECEIVED,8bd83d23-0d19-41ba-935f-903a809d5322,defc6b11-222c-4a2f-93f3-7078fa6f7830,c5,DROP,1012,e8,?,
1769494597.6050081,RECEIVED,24aed463-b63d-4f5a-a3ae-f98e2a41e0ae,6e7b62ad-b221-4d94-aecc-75502ed4cb0f,c1,DROP,441,x5,?,
1769494597.625775,SENT,ceace05e-be76-41f5-8b70-055495c9d985,fd81bd6b-7ce7-4f2f-8258-6ef9feed20e7,c5,DROP,688,?,x9,
1769494597.6258175,FORWARDED,ceace05e-be76-41f5-8b70-055495c9d985,fd81bd6b-7ce7-4f2f-8258-6ef9feed20e7,c5,DROP,688,?,x9,
1769494597.6656435,SENT,c589baf2-979f-481c-8233-a882794f1f24,9b8a9ee4-9621-4c15-b247-ef1dd423c11f,c5,c2,1261,?,x8,
1769494597.665685,FORWARDED,c589baf2-979f-481c-8233-a882794f1f24,9b8a9ee4-9621-4c15-b247-ef1dd423c11f,c5,c2,1261,?,x8,
1769494597.6706645,RECEIVED,3e461137-6f29-4553-b63d-745ac1f3c4e3,c196282b-be0b-4b30-9dbc-891f5bfb95d7,c1,DROP,1007,e3,?,
1769494597.6953118,SENT,d9c27cf8-0bda-4e2c-b338-6654b67ab0e4,7b473ce2-1b2d-408d-b423-2e71e07ee1de,c5,DROP,693,?,x10,
1769494597.6953514,FORWARDED,d9c27cf8-0bda-4e2c-b338-6654b67ab0e4,7b473ce2-1b2d-408d-b423-2e71e07ee1de,c5,DROP,693,?,x10,
1769494597.7621453,SENT,8bd83d23-0d19-41ba-935f-903a809d5322,defc6b11-222c-4a2f-93f3-7078fa6f7830,c5,DROP,687,?,x6,
1769494597.7621858,FORWARDED,8bd83d23-0d19-41ba-935f-903a809d5322,defc6b11-222c-4a2f-93f3-7078fa6f7830,c5,DROP,687,?,x6,
1769494597.8497517,SENT,e132f8a6-e1b3-4a98-8d54-b270ccfdaafd,bb1c80bb-ac88-41b3-903e-91790548c8b2,c3,DROP,683,?,x6,
1769494597.849793,FORWARDED,e132f8a6-e1b3-4a98-8d54-b270ccfdaafd,bb1c80bb-ac88-41b3-903e-91790548c8b2,c3,DROP,683,?,x6,
1769494597.9359765,SENT,68b5ed9a-ff47-4147-9738-c774cf2a2443,f0c8c02f-d388-48b0-b31c-b0772e823c54,c1,DROP,693,?,x10,
1769494597.9360194,FORWARDED,68b5ed9a-ff47-4147-9738-c774cf2a2443,f0c8c02f-d388-48b0-b31c-b0772e823c54,c1,DROP,693,?,x10,
1769494597.942982,RECEIVED,e5c9f8da-75f2-46f0-a902-a137bd52f0ba,13b4cb30-58df-4d56-945b-fd714f4d2ebe,c3,DROP,445,x10,?,
1769494598.1029727,RECEIVED,e6e51af1-20a1-49d4-8d7c-555e3d18360e,eb0ef285-2421-4c58-b8d4-7da1f6d83bc2,c5,c2,1775,e4,?,
1769494598.3079572,RECEIVED,32e31e10-0122-478a-bef5-2465a5a41206,a77a952c-33af-4603-90ce-d291f9499cab,c1,c5,1775,e4,?,
1769494598.4062405,RECEIVED,1bb55ee4-2f79-431c-8ee9-1d671c9f8d32,7087a249-311f-4e39-8509-bd6d98233d1d,c3,c5,1780,e1,?,
1769494598.5287697,SENT,3e461137-6f29-4553-b63d-745ac1f3c4e3,c196282b-be0b-4b30-9dbc-891f5bfb95d7,c1,DROP,684,?,x5,
1769494598.5288115,FORWARDED,3e461137-6f29-4553-b63d-745ac1f3c4e3,c196282b-be0b-4b30-9dbc-891f5bfb95d7,c1,DROP,684,?,x5,
1769494598.6871407,SENT,32e31e10-0122-478a-bef5-2465a5a41206,a77a952c-33af-4603-90ce-d291f9499cab,c1,c5,1259,?,x8,
1769494598.6871774,FORWARDED,32e31e10-0122-478a-bef5-2465a5a41206,a77a952c-33af-4603-90ce-d291f9499cab,c1,c5,1259,?,x8,
1769494598.7844064,RECEIVED,1e9f2e3b-107b-44a1-8e64-3af7e800bcc4,0835d7af-ba34-4588-8f56-4abccfd9d1aa,c2,DROP,1015,e11,?,
1769494598.8210013,SENT,e6e51af1-20a1-49d4-8d7c-555e3d18360e,eb0ef285-2421-4c58-b8d4-7da1f6d83bc2,c5,c2,1259,?,x3,
1769494598.8210406,FORWARDED,e6e51af1-20a1-49d4-8d7c-555e3d18360e,eb0ef285-2421-4c58-b8d4-7da1f6d83bc2,c5,c2,1259,?,x3,
1769494598.8462362,SENT,1bb55ee4-2f79-431c-8ee9-1d671c9f8d32,7087a249-311f-4e39-8509-bd6d98233d1d,c3,c5,1263,?,x2,
1769494598.8462791,FORWARDED,1bb55ee4-2f79-431c-8ee9-1d671c9f8d32,7087a249-311f-4e39-8509-bd6d98233d1d,c3,c5,1263,?,x2,
1769494598.8995702,RECEIVED,0fd865d8-0669-4289-b341-632bf540a89a,a6f5bab4-fe2f-4355-83ec-e10e39a31ee7,c1,DROP,1016,e1,?,
1769494598.9603972,RECEIVED,58887b65-e37b-43e6-979c-6a475886c0a9,c6344eba-e30c-48fe-95bc-b6c4606aa528,c3,c5,1784,e12,?,
1769494599.049237,SENT,58887b65-e37b-43e6-979c-6a475886c0a9,c6344eba-e30c-48fe-95bc-b6c4606aa528,c3,c5,1264,?,x2,
1769494599.0492775,FORWARDED,58887b65-e37b-43e6-979c-6a475886c0a9,c6344eba-e30c-48fe-95bc-b6c4606aa528,c3,c5,1264,?,x2,
1769494599.1094267,SENT,0fd865d8-0669-4289-b341-632bf540a89a,a6f5bab4-fe2f-4355-83ec-e10e39a31ee7,c1,DROP,688,?,x6,
1769494599.109469,FORWARDED,0fd865d8-0669-4289-b341-632bf540a89a,a6f5bab4-fe2f-4355-83ec-e10e39a31ee7,c1,DROP,688,?,x6,
1769494599.1141808,RECEIVED,09a45331-2727-4420-a7e4-b2dda9538a2e,6efe6bd6-62a9-4cb1-95db-383904b7fd17,c5,DROP,1019,e5,?,
1769494599.1987593,RECEIVED,01793d05-976f-4946-9b36-c942c1b65e01,583d053b-bf52-4014-bbe9-572b849f5734,c4,DROP,441,x9,?,
1769494599.219192,RECEIVED,a646bc52-155a-4cda-9895-fed02638d243,21cadec8-9eeb-45a8-999f-f3ce6624481e,c3,c5,1764,e8,?,
1769494599.2421873,RECEIVED,709f948f-2734-4e95-bc6c-e9564a6e3004,996ca884-5dfb-42af-b237-51fb2cb9e484,c4,DROP,1020,e8,?,
1769494599.2569916,RECEIVED,d760e597-3a0d-4440-96c7-b17c2abcb9ab,63e84b96-c2e4-474a-ad2b-f754b925e0d0,c2,DROP,1008,e9,?,
1769494599.3227067,RECEIVED,81603331-d0f2-404c-b71f-b14534ab05ca,0e16f742-b069-4f5a-9e13-b53c0ea61701,c4,DROP,446,x11,?,
1769494599.3767285,RECEIVED,1dc87709-69db-45c1-9438-464f850a8b16,4e514fd9-2436-4b52-a934-6f15f4fe9964,c3,DROP,1007,e2,?,
1769494599.3922923,RECEIVED,7ffa3697-e8c2-4ee0-9d16-7847c328aa49,eed75eb8-f777-4c90-809b-50465a8fabb7,c1,DROP,1016,e1,?,
1769494599.4213765,SENT,1e9f2e3b-107b-44a1-8e64-3af7e800bcc4,0835d7af-ba34-4588-8f56-4abccfd9d1aa,c2,DROP,688,?,x2,
1769494599.4214165,FORWARDED,1e9f2e3b-107b-44a1-8e64-3af7e800bcc4,0835d7af-ba34-4588-8f56-4abccfd9d1aa,c2,DROP,688,?,x2,
1769494599.4862902,SENT,7ffa3697-e8c2-4ee0-9d16-7847c328aa49,eed75eb8-f777-4c90-809b-50465a8fabb7,c1,DROP,688,?,x3,
1769494599.4863296,FORWARDED,7ffa3697-e8c2-4ee0-9d16-7847c328aa49,eed75eb8-f777-4c90-809b-50465a8fabb7,c1,DROP,688,?,x3,
1769494599.488599,RECEIVED,3a8e7cc0-2e76-4c31-aafe-c14d8aa7e708,1219698d-e69c-45b0-9dde-f8aa86f57ff5,c4,DROP,1007,e11,?,
1769494599.5165014,SENT,09a45331-2727-4420-a7e4-b2dda9538a2e,6efe6bd6-62a9-4cb1-95db-383904b7fd17,c5,DROP,692,?,x5,
1769494599.5165415,FORWARDED,09a45331-2727-4420-a7e4-b2dda9538a2e,6efe6bd6-62a9-4cb1-95db-383904b7fd17,c5,DROP,692,?,x5,
1769494599.5572286,SENT,a646bc52-155a-4cda-9895-fed02638d243,21cadec8-9eeb-45a8-999f-f3ce6624481e,c3,c5,1251,?,x12,
1769494599.5572667,FORWARDED,a646bc52-155a-4cda-9895-fed02638d243,21cadec8-9eeb-45a8-999f-f3ce6624481e,c3,c5,1251,?,x12,
1769494599.7946033,RECEIVED,da452773-bfe5-4359-80da-212da27dd8b7,75e65219-4565-4e1c-9679-dd6994ea80c8,c2,c3,1771,e7,?,
1769494599.8988037,RECEIVED,9c58bddd-5c3a-45cf-b2c7-923f5963e474,5516508e-58bf-4048-8cdd-b33cf78ae69b,c1,DROP,1012,e2,?,
1769494599.9724014,SENT,9c58bddd-5c3a-45cf-b2c7-923f5963e474,5516508e-58bf-4048-8cdd-b33cf78ae69b,c1,DROP,687,?,x5,
1769494599.9724438,FORWARDED,9c58bddd-5c3a-45cf-b2c7-923f5963e474,5516508e-58bf-4048-8cdd-b33cf78ae69b,c1,DROP,687,?,x5,
1769494599.9877834,SENT,1dc87709-69db-45c1-9438-464f850a8b16,4e514fd9-2436-4b52-a934-6f15f4fe9964,c3,DROP,684,?,x5,
1769494599.987825,FORWARDED,1dc87709-69db-45c1-9438-464f850a8b16,4e514fd9-2436-4b52-a934-6f15f4fe9964,c3,DROP,684,?,x5,
1769494600.0151556,RECEIVED,a16d5b7a-ed80-4b3d-93f8-e19f5f77e9ed,998f1652-e997-45cf-aa1d-fa43f201d4cf,c4,c5,1775,e6,?,
1769494600.15141,RECEIVED,8874b34f-cb94-4c97-9de2-dee12f055774,58dcd3d0-6da5-4497-a0cb-8693bfbfe2d2,c2,DROP,1012,e7,?,
1769494600.1542277,SENT,da452773-bfe5-4359-80da-212da27dd8b7,75e65219-4565-4e1c-9679-dd6994ea80c8,c2,c3,1256,?,x8,
1769494600.1542675,FORWARDED,da452773-bfe5-4359-80da-212da27dd8b7,75e65219-4565-4e1c-9679-dd6994ea80c8,c2,c3,1256,?,x8,
1769494600.166738,SENT,709f948f-2734-4e95-bc6c-e9564a6e3004,996ca884-5dfb-42af-b237-51fb2cb9e484,c4,DROP,693,?,x10,
1769494600.1667783,FORWARDED,709f948f-2734-4e95-bc6c-e9564a6e3004,996ca884-5dfb-42af-b237-51fb2cb9e484,c4,DROP,693,?,x10,
1769494600.2751427,RECEIVED,e122ed6d-2032-48af-b196-a9e920f16163,15f24e85-a7b4-4eb0-8800-96fccb151e82,c5,DROP,1002,e1,?,
1769494600.277806,SENT,8874b34f-cb94-4c97-9de2-dee12f055774,58dcd3d0-6da5-4497-a0cb-8693bfbfe2d2,c2,DROP,687,?,x6,
1769494600.2778459,FORWARDED,8874b34f-cb94-4c97-9de2-dee12f055774,58dcd3d0-6da5-4497-a0cb-8693bfbfe2d2,c2,DROP,687,?,x6,
1769494600.4607918,RECEIVED,25ca6144-4717-4360-87d1-a97ced896c96,a3892d14-32c0-4047-814e-449540f1d8b3,c1,DROP,1013,e5,?,
1769494600.4794555,SENT,25ca6144-4717-4360-87d1-a97ced896c96,a3892d14-32c0-4047-814e-449540f1d8b3,c1,DROP,687,?,x4,
1769494600.4794993,FORWARDED,25ca6144-4717-4360-87d1-a97ced896c96,a3892d14-32c0-4047-814e-449540f1d8b3,c1,DROP,687,?,x4,
1769494600.5034678,RECEIVED,eb6da230-298b-482f-bf70-b2ed68226695,6c56dde0-7a8e-4416-bc90-d85aa1b87fb0,c5,DROP,1015,e8,?,
1769494600.6866245,RECEIVED,66a5fb9f-0805-4fec-9319-df62db4a122c,7e022260-8476-48cb-a014-57e47b2c1e96,c3,DROP,1011,e9,?,
1769494600.6873403,SENT,3a8e7cc0-2e76-4c31-aafe-c14d8aa7e708,1219698d-e69c-45b0-9dde-f8aa86f57ff5,c4,DROP,683,?,x7,
1769494600.6873777,FORWARDED,3a8e7cc0-2e76-4c31-aafe-c14d8aa7e708,1219698d-e69c-45b0-9dde-f8aa86f57ff5,c4,DROP,683,?,x7,
1769494600.8031795,RECEIVED,dbf797a1-c8fd-4abe-b146-99d2a4954eb2,cf5b60f4-0359-4588-abc5-8241ecd21d68,c1,DROP,1016,e9,?,
1769494600.9013107,SENT,eb6da230-298b-482f-bf70-b2ed68226695,6c56dde0-7a8e-4416-bc90-d85aa1b87fb0,c5,DROP,688,?,x3,
1769494600.9013507,FORWARDED,eb6da230-298b-482f-bf70-b2ed68226695,6c56dde0-7a8e-4416-bc90-d85aa1b87fb0,c5,DROP,688,?,x3,
1769494600.9681203,RECEIVED,614f1747-283e-46ca-8d50-a26338ab48c0,cdccdd17-f2d7-4956-bd49-65751fe1b03f,c5,DROP,1020,e2,?,
1769494601.0053673,RECEIVED,e5ee27b3-84b7-40da-be54-42cfa7e11a55,b5f62f9d-079c-4fc1-b34b-dae01a65c8e5,c3,DROP,1011,e4,?,
1769494601.0482988,SENT,a16d5b7a-ed80-4b3d-93f8-e19f5f77e9ed,998f1652-e997-45cf-aa1d-fa43f201d4cf,c4,c5,1259,?,x8,
1769494601.0483375,FORWARDED,a16d5b7a-ed80-4b3d-93f8-e19f5f77e9ed,998f1652-e997-45cf-aa1d-fa43f201d4cf,c4,c5,1259,?,x8,
1769494601.054876,SENT,dbf797a1-c8fd-4abe-b146-99d2a4954eb2,cf5b60f4-0359-4588-abc5-8241ecd21d68,c1,DROP,688,?,x3,
1769494601.054917,FORWARDED,dbf797a1-c8fd-4abe-b146-99d2a4954eb2,cf5b60f4-0359-4588-abc5-8241ecd21d68,c1,DROP,688,?,x3,
1769494601.1482081,RECEIVED,6ad058bc-07d8-4f29-9eb9-579c40989144,ccdc0f21-1630-49fe-aa3b-d0b9fe8118cf,c2,c3,1762,e4,?,
1769494601.195102,SENT,d760e597-3a0d-4440-96c7-b17c2abcb9ab,63e84b96-c2e4-474a-ad2b-f754b925e0d0,c2,DROP,683,?,x11,
1769494601.195143,FORWARDED,d760e597-3a0d-4440-96c7-b17c2abcb9ab,63e84b96-c2e4-474a-ad2b-f754b925e0d0,c2,DROP,683,?,x11,
1769494601.2440758,RECEIVED,4db017a2-1151-49ed-a4d7-8f753954eeaf,5c3c5bc8-b561-4eda-8a0f-4c3a3de99b74,c3,DROP,1016,e5,?,
1769494601.4983242,SENT,614f1747-283e-46ca-8d50-a26338ab48c0,cdccdd17-f2d7-4956-bd49-65751fe1b03f,c5,DROP,691,?,x12,
1769494601.4983628,FORWARDED,614f1747-283e-46ca-8d50-a26338ab48c0,cdccdd17-f2d7-4956-bd49-65751fe1b03f,c5,DROP,691,?,x12,
1769494601.5167482,SENT,4db017a2-1151-49ed-a4d7-8f753954eeaf,5c3c5bc8-b561-4eda-8a0f-4c3a3de99b74,c3,DROP,688,?,x5,
1769494601.5167904,FORWARDED,4db017a2-1151-49ed-a4d7-8f753954eeaf,5c3c5bc8-b561-4eda-8a0f-4c3a3de99b74,c3,DROP,688,?,x5,
1769494601.5208766,RECEIVED,986ca4d3-310e-4b13-9e92-8bd7703da9a8,61c474e8-a35c-484b-9317-6c12433dd438,c4,c5,1763,e7,?,
1769494601.5332127,SENT,66a5fb9f-0805-4fec-9319-df62db4a122c,7e022260-8476-48cb-a014-57e47b2c1e96,c3,DROP,687,?,x3,
1769494601.5332541,FORWARDED,66a5fb9f-0805-4fec-9319-df62db4a122c,7e022260-8476-48cb-a014-57e47b2c1e96,c3,DROP,687,?,x3,
1769494601.5364957,RECEIVED,e3667a7b-be20-46c8-b52d-32c13c043d2e,beaba546-f662-4dea-9e7e-7922687b14f1,c4,c5,1785,e8,?,
1769494601.7191033,SENT,e3667a7b-be20-46c8-b52d-32c13c043d2e,beaba546-f662-4dea-9e7e-7922687b14f1,c4,c5,1264,?,x10,
1769494601.7191448,FORWARDED,e3667a7b-be20-46c8-b52d-32c13c043d2e,beaba546-f662-4dea-9e7e-7922687b14f1,c4,c5,1264,?,x10,
1769494601.7250926,RECEIVED,0efb2e8e-a31f-4c04-b636-de06dacfcf31,d90ea475-c5a7-41dd-b268-a03c5d1decd7,c5,DROP,442,x8,?,
1769494601.7402472,RECEIVED,e58ebce0-284e-4651-9c59-8d0977309633,02701b4c-66c4-43cb-aa77-d9422b6318a3,c2,DROP,1019,e3,?,
1769494602.201944,RECEIVED,9cc647df-81c3-47c6-956f-3ea1ee779224,269dddb2-bf2a-4452-8c73-d71b5fad4658,c4,c5,1779,e10,?,
1769494602.2301812,RECEIVED,d3c91ff5-3413-400b-a244-46057c43027d,1c1e0b36-0aae-4d8c-913b-b58873bf3c8c,c4,c5,1772,e3,?,
1769494602.2531705,RECEIVED,5f127cb7-71f3-4721-b1e7-9452103ea2b6,3a9cc992-58ba-44a4-b849-a59a7688b9d6,c5,DROP,1012,e2,?,
1769494602.2907283,RECEIVED,b2057d81-30a5-4f05-b096-5f2b3bf92d3c,f91cfd94-ca1a-4b81-85ed-9e9255ed3287,c4,DROP,1006,e11,?,
1769494602.3815024,SENT,b2057d81-30a5-4f05-b096-5f2b3bf92d3c,f91cfd94-ca1a-4b81-85ed-9e9255ed3287,c4,DROP,684,?,x2,
1769494602.3815446,FORWARDED,b2057d81-30a5-4f05-b096-5f2b3bf92d3c,f91cfd94-ca1a-4b81-85ed-9e9255ed3287,c4,DROP,684,?,x2,
1769494602.4531121,SENT,5f127cb7-71f3-4721-b1e7-9452103ea2b6,3a9cc992-58ba-44a4-b849-a59a7688b9d6,c5,DROP,685,?,x3,
1769494602.4531546,FORWARDED,5f127cb7-71f3-4721-b1e7-9452103ea2b6,3a9cc992-58ba-44a4-b849-a59a7688b9d6,c5,DROP,685,?,x3,
1769494602.5364153,SENT,986ca4d3-310e-4b13-9e92-8bd7703da9a8,61c474e8-a35c-484b-9317-6c12433dd438,c4,c5,1251,?,x4,
1769494602.5364542,FORWARDED,986ca4d3-310e-4b13-9e92-8bd7703da9a8,61c474e8-a35c-484b-9317-6c12433dd438,c4,c5,1251,?,x4,
1769494602.5431979,RECEIVED,49ce5335-c2fe-41f0-9e05-6190ca5b743d,1eecbdac-8418-4313-b513-856c4d579b5b,c4,DROP,1021,e2,?,
1769494602.6215894,RECEIVED,fa7c7fdc-444d-441e-a9f4-d39d53bdb835,9ad8e91a-48a9-4fe8-ad70-9a242041bde9,c2,DROP,1008,e1,?,
1769494602.6504714,SENT,e58ebce0-284e-4651-9c59-8d0977309633,02701b4c-66c4-43cb-aa77-d9422b6318a3,c2,DROP,693,?,x1,
1769494602.650512,FORWARDED,e58ebce0-284e-4651-9c59-8d0977309633,02701b4c-66c4-43cb-aa77-d9422b6318a3,c2,DROP,693,?,x1,
1769494602.6576684,SENT,e122ed6d-2032-48af-b196-a9e920f16163,15f24e85-a7b4-4eb0-8800-96fccb151e82,c5,DROP,680,?,x8,
1769494602.657712,FORWARDED,e122ed6d-2032-48af-b196-a9e920f16163,15f24e85-a7b4-4eb0-8800-96fccb151e82,c5,DROP,680,?,x8,
1769494602.6888957,SENT,49ce5335-c2fe-41f0-9e05-6190ca5b743d,1eecbdac-8418-4313-b513-856c4d579b5b,c4,DROP,691,?,x12,
1769494602.6889353,FORWARDED,49ce5335-c2fe-41f0-9e05-6190ca5b743d,1eecbdac-8418-4313-b513-856c4d579b5b,c4,DROP,691,?,x12,
1769494602.73219,SENT,9cc647df-81c3-47c6-956f-3ea1ee779224,269dddb2-bf2a-4452-8c73-d71b5fad4658,c4,c5,1262,?,x4,
1769494602.732233,FORWARDED,9cc647df-81c3-47c6-956f-3ea1ee779224,269dddb2-bf2a-4452-8c73-d71b5fad4658,c4,c5,1262,?,x4,
1769494602.7845995,SENT,fa7c7fdc-444d-441e-a9f4-d39d53bdb835,9ad8e91a-48a9-4fe8-ad70-9a242041bde9,c2,DROP,683,?,x4,
1769494602.784638,FORWARDED,fa7c7fdc-444d-441e-a9f4-d39d53bdb835,9ad8e91a-48a9-4fe8-ad70-9a242041bde9,c2,DROP,683,?,x4,
1769494602.795985,RECEIVED,7c491144-9309-4315-bd76-e3cb9ec64bc7,5eb54b6d-ade7-4def-8b7c-496ca8e99d8e,c5,DROP,1012,e2,?,
1769494602.8687007,RECEIVED,3306d9c1-4d15-4581-bf21-782eade2da5c,69684eaf-0dcb-45fe-ba08-053ae8ba2578,c5,DROP,1007,e7,?,
1769494602.8868432,SENT,7c491144-9309-4315-bd76-e3cb9ec64bc7,5eb54b6d-ade7-4def-8b7c-496ca8e99d8e,c5,DROP,687,?,x3,
1769494602.886886,FORWARDED,7c491144-9309-4315-bd76-e3cb9ec64bc7,5eb54b6d-ade7-4def-8b7c-496ca8e99d8e,c5,DROP,687,?,x3,
1769494603.0810297,RECEIVED,21569795-be19-410d-87ec-107dccc7e57d,91fbdb9a-34fa-42f7-9e45-717ebdcde624,c3,c5,1779,e3,?,
1769494603.1473894,SENT,3306d9c1-4d15-4581-bf21-782eade2da5c,69684eaf-0dcb-45fe-ba08-053ae8ba2578,c5,DROP,683,?,x4,
1769494603.14812,FORWARDED,3306d9c1-4d15-4581-bf21-782eade2da5c,69684eaf-0dcb-45fe-ba08-053ae8ba2578,c5,DROP,683,?,x4,
1769494603.2432673,SENT,e5ee27b3-84b7-40da-be54-42cfa7e11a55,b5f62f9d-079c-4fc1-b34b-dae01a65c8e5,c3,DROP,687,?,x8,
1769494603.2433121,FORWARDED,e5ee27b3-84b7-40da-be54-42cfa7e11a55,b5f62f9d-079c-4fc1-b34b-dae01a65c8e5,c3,DROP,687,?,x8,
1769494603.3902156,RECEIVED,0888dad4-6385-489b-add6-bec494b1fb37,8645abdf-7238-4f8c-85b3-0f0b2f6d5c5e,c1,DROP,1012,e2,?,
1769494603.4304538,SENT,d3c91ff5-3413-400b-a244-46057c43027d,1c1e0b36-0aae-4d8c-913b-b58873bf3c8c,c4,c5,1255,?,x11,
1769494603.4304948,FORWARDED,d3c91ff5-3413-400b-a244-46057c43027d,1c1e0b36-0aae-4d8c-913b-b58873bf3c8c,c4,c5,1255,?,x11,
1769494603.462543,RECEIVED,08e9977e-e083-40da-97d5-4b87eb8f5ebc,7b27d50e-eaf0-47e1-ad72-7e8013f251c2,c4,DROP,1012,e6,?,
1769494603.5137818,SENT,6ad058bc-07d8-4f29-9eb9-579c40989144,ccdc0f21-1630-49fe-aa3b-d0b9fe8118cf,c2,c3,1251,?,x4,
1769494603.5138237,FORWARDED,6ad058bc-07d8-4f29-9eb9-579c40989144,ccdc0f21-1630-49fe-aa3b-d0b9fe8118cf,c2,c3,1251,?,x4,
1769494603.5399883,SENT,0888dad4-6385-489b-add6-bec494b1fb37,8645abdf-7238-4f8c-85b3-0f0b2f6d5c5e,c1,DROP,687,?,x3,
1769494603.5400295,FORWARDED,0888dad4-6385-489b-add6-bec494b1fb37,8645abdf-7238-4f8c-85b3-0f0b2f6d5c5e,c1,DROP,687,?,x3,
1769494603.6430879,SENT,08e9977e-e083-40da-97d5-4b87eb8f5ebc,7b27d50e-eaf0-47e1-ad72-7e8013f251c2,c4,DROP,685,?,x5,
1769494603.64313,FORWARDED,08e9977e-e083-40da-97d5-4b87eb8f5ebc,7b27d50e-eaf0-47e1-ad72-7e8013f251c2,c4,DROP,685,?,x5,
1769494603.7100754,RECEIVED,9e75b7a0-ce9f-4656-9940-60b53c8b4952,6aeb8f2f-117d-4772-a8fc-433a414e5f04,c2,DROP,1009,e2,?,
1769494603.7575183,SENT,9e75b7a0-ce9f-4656-9940-60b53c8b4952,6aeb8f2f-117d-4772-a8fc-433a414e5f04,c2,DROP,683,?,x3,
1769494603.7575603,FORWARDED,9e75b7a0-ce9f-4656-9940-60b53c8b4952,6aeb8f2f-117d-4772-a8fc-433a414e5f04,c2,DROP,683,?,x3,
1769494603.771183,RECEIVED,9a7f265b-a758-47ed-90d7-64a7900d4807,a37ba1e0-37d7-41c0-a906-57fa8e5f32e6,c3,c5,1780,e8,?,
1769494603.8241928,RECEIVED,804e4117-fb9e-4825-b81c-2c688978ae3f,77734d4f-4c23-4144-82bd-324a15cca5ca,c3,c5,1777,e7,?,
1769494603.8347366,RECEIVED,dfe16745-6ff2-47eb-a270-dd4625bb9e8a,00fa226a-13ed-42f4-9581-c2a82cb58a04,c1,DROP,1017,e7,?,
1769494603.8602037,SENT,dfe16745-6ff2-47eb-a270-dd4625bb9e8a,00fa226a-13ed-42f4-9581-c2a82cb58a04,c1,DROP,689,?,x8,
1769494603.8602479,FORWARDED,dfe16745-6ff2-47eb-a270-dd4625bb9e8a,00fa226a-13ed-42f4-9581-c2a82cb58a04,c1,DROP,689,?,x8,
1769494603.8641868,SENT,804e4117-fb9e-4825-b81c-2c688978ae3f,77734d4f-4c23-4144-82bd-324a15cca5ca,c3,c5,1259,?,x8,
1769494603.8642287,FORWARDED,804e4117-fb9e-4825-b81c-2c688978ae3f,77734d4f-4c23-4144-82bd-324a15cca5ca,c3,c5,1259,?,x8,
1769494603.9966438,RECEIVED,8561caa7-e2aa-46df-b62e-9779599a62eb,c749f405-60f1-4478-8673-d94e28b6399a,c2,DROP,1007,e3,?,
1769494604.0855715,RECEIVED,5e839bc1-bba4-4d65-b74e-3b772348bc07,b805cea7-09a3-49b6-a7dc-bea8693eace5,c2,c3,1787,e10,?,
1769494604.3195977,SENT,21569795-be19-410d-87ec-107dccc7e57d,91fbdb9a-34fa-42f7-9e45-717ebdcde624,c3,c5,1263,?,x6,
1769494604.3196394,FORWARDED,21569795-be19-410d-87ec-107dccc7e57d,91fbdb9a-34fa-42f7-9e45-717ebdcde624,c3,c5,1263,?,x6,
1769494604.3925135,SENT,5e839bc1-bba4-4d65-b74e-3b772348bc07,b805cea7-09a3-49b6-a7dc-bea8693eace5,c2,c3,1269,?,x3,
1769494604.3925574,FORWARDED,5e839bc1-bba4-4d65-b74e-3b772348bc07,b805cea7-09a3-49b6-a7dc-bea8693eace5,c2,c3,1269,?,x3,
1769494604.4714193,RECEIVED,8b819aca-3ef1-418f-a275-17a549a0ec54,b868e9d5-1ee0-457d-ae43-0551f2cdb309,c4,DROP,1011,e1,?,
1769494604.525017,SENT,8561caa7-e2aa-46df-b62e-9779599a62eb,c749f405-60f1-4478-8673-d94e28b6399a,c2,DROP,684,?,x2,
1769494604.5250702,FORWARDED,8561caa7-e2aa-46df-b62e-9779599a62eb,c749f405-60f1-4478-8673-d94e28b6399a,c2,DROP,684,?,x2,
1769494604.674522,SENT,8b819aca-3ef1-418f-a275-17a549a0ec54,b868e9d5-1ee0-457d-ae43-0551f2cdb309,c4,DROP,687,?,x12,
1769494604.6745636,FORWARDED,8b819aca-3ef1-418f-a275-17a549a0ec54,b868e9d5-1ee0-457d-ae43-0551f2cdb309,c4,DROP,687,?,x12,
1769494604.7467177,RECEIVED,ee758469-ff53-46f9-af5e-140078c96be5,505b6491-e6df-4ab9-a32f-090c7532d918,c4,DROP,441,x7,?,
1769494604.8336313,RECEIVED,f1aa407e-9431-4073-aa0d-38aa2b5d5371,1d36674a-e3d5-4338-85c6-c61ab2507877,c3,DROP,1020,e1,?,
1769494604.914592,RECEIVED,61dc3f63-5279-4fc9-819d-901cd20e41c9,9987655e-17d8-48c5-aecd-51f5ae2b5cf4,c1,c5,1788,e11,?,
1769494605.186284,RECEIVED,ce6663ba-0589-4382-b2a1-fe4037f685ca,4b2796b6-1989-4970-9b33-129c810a59ac,c3,DROP,1011,e4,?,
1769494605.189706,RECEIVED,03c1d560-43b5-4c2f-97b8-9356b8a7eb87,a1a8c0f7-9206-43c5-a62d-84e70f7017f5,c3,c5,1765,e5,?,
1769494605.207582,RECEIVED,0b79d33b-ae30-48a7-9042-1418c187e1ca,b79a4bb9-a936-4571-ac1d-2d393b3ef7bd,c1,DROP,1008,e8,?,
1769494605.2151847,SENT,03c1d560-43b5-4c2f-97b8-9356b8a7eb87,a1a8c0f7-9206-43c5-a62d-84e70f7017f5,c3,c5,1251,?,x9,
1769494605.215428,FORWARDED,03c1d560-43b5-4c2f-97b8-9356b8a7eb87,a1a8c0f7-9206-43c5-a62d-84e70f7017f5,c3,c5,1251,?,x9,
1769494605.2337706,RECEIVED,41950481-2a79-42ee-9dfa-01f95c4fc873,331024e0-c6d0-49cf-93b6-cdc2322c3752,c2,DROP,1020,e8,?,
1769494605.329507,RECEIVED,cfe83ced-8135-4090-8a7a-0153293da26c,c30c31e9-fc3c-4cd9-bac4-db6e53fba35d,c3,DROP,1008,e1,?,
1769494605.3918858,RECEIVED,c49f80bb-fb9c-4c51-a7ed-6f474b088f0e,e84cba1b-e656-49f4-a945-000dd01fb1a6,c1,DROP,442,x3,?,
1769494605.455896,SENT,0b79d33b-ae30-48a7-9042-1418c187e1ca,b79a4bb9-a936-4571-ac1d-2d393b3ef7bd,c1,DROP,684,?,x5,
1769494605.4559388,FORWARDED,0b79d33b-ae30-48a7-9042-1418c187e1ca,b79a4bb9-a936-4571-ac1d-2d393b3ef7bd,c1,DROP,684,?,x5,
1769494605.5941591,RECEIVED,e3affa67-1dfb-4831-97f5-a35020be8167,afc46d68-c68e-47ce-be47-a4c0be2503c4,c3,DROP,1008,e8,?,
1769494605.657603,SENT,e3affa67-1dfb-4831-97f5-a35020be8167,afc46d68-c68e-47ce-be47-a4c0be2503c4,c3,DROP,684,?,x1,
1769494605.6576445,FORWARDED,e3affa67-1dfb-4831-97f5-a35020be8167,afc46d68-c68e-47ce-be47-a4c0be2503c4,c3,DROP,684,?,x1,
1769494605.6737103,SENT,9a7f265b-a758-47ed-90d7-64a7900d4807,a37ba1e0-37d7-41c0-a906-57fa8e5f32e6,c3,c5,1262,?,x10,
1769494605.6737502,FORWARDED,9a7f265b-a758-47ed-90d7-64a7900d4807,a37ba1e0-37d7-41c0-a906-57fa8e5f32e6,c3,c5,1262,?,x10,
1769494605.6838918,RECEIVED,0c26806b-897a-4b6a-a9b4-6dbaacbcd499,e7990df3-3871-4d71-9c8b-5d44baf210d7,c5,c2,1771,e6,?,
1769494605.696211,SENT,41950481-2a79-42ee-9dfa-01f95c4fc873,331024e0-c6d0-49cf-93b6-cdc2322c3752,c2,DROP,691,?,x10,
1769494605.6962512,FORWARDED,41950481-2a79-42ee-9dfa-01f95c4fc873,331024e0-c6d0-49cf-93b6-cdc2322c3752,c2,DROP,691,?,x10,
1769494605.8246756,RECEIVED,3fb29c6d-bc4f-4efa-83cf-b3d46af2856e,9750ceab-69bd-47bd-b73a-5d8819bc1dac,c5,DROP,440,x12,?,
1769494605.9748456,SENT,f1aa407e-9431-4073-aa0d-38aa2b5d5371,1d36674a-e3d5-4338-85c6-c61ab2507877,c3,DROP,692,?,x11,
1769494605.9748864,FORWARDED,f1aa407e-9431-4073-aa0d-38aa2b5d5371,1d36674a-e3d5-4338-85c6-c61ab2507877,c3,DROP,692,?,x11,
1769494606.0807338,RECEIVED,466935a5-889e-43ff-921e-e32f9930c4d8,bfb4df9d-fc78-40cd-9984-909f7d30a02a,c4,DROP,1011,e7,?,
1769494606.1972973,SENT,ce6663ba-0589-4382-b2a1-fe4037f685ca,4b2796b6-1989-4970-9b33-129c810a59ac,c3,DROP,685,?,x5,
1769494606.1973364,FORWARDED,ce6663ba-0589-4382-b2a1-fe4037f685ca,4b2796b6-1989-4970-9b33-129c810a59ac,c3,DROP,685,?,x5,
1769494606.3367782,SENT,466935a5-889e-43ff-921e-e32f9930c4d8,bfb4df9d-fc78-40cd-9984-909f7d30a02a,c4,DROP,687,?,x6,
1769494606.336821,FORWARDED,466935a5-889e-43ff-921e-e32f9930c4d8,bfb4df9d-fc78-40cd-9984-909f7d30a02a,c4,DROP,687,?,x6,
1769494606.3589745,RECEIVED,e6c81eb8-674f-4ab0-b65a-92311deb4eca,d66de0cc-302d-472e-bce1-7c204ba3530c,c3,DROP,1007,e7,?,
1769494606.3691967,SENT,61dc3f63-5279-4fc9-819d-901cd20e41c9,9987655e-17d8-48c5-aecd-51f5ae2b5cf4,c1,c5,1268,?,x10,
1769494606.3692367,FORWARDED,61dc3f63-5279-4fc9-819d-901cd20e41c9,9987655e-17d8-48c5-aecd-51f5ae2b5cf4,c1,c5,1268,?,x10,
1769494606.3996484,SENT,cfe83ced-8135-4090-8a7a-0153293da26c,c30c31e9-fc3c-4cd9-bac4-db6e53fba35d,c3,DROP,683,?,x11,
1769494606.399691,FORWARDED,cfe83ced-8135-4090-8a7a-0153293da26c,c30c31e9-fc3c-4cd9-bac4-db6e53fba35d,c3,DROP,683,?,x11,
1769494606.4094536,RECEIVED,906c664d-bcda-4ec8-9b0d-ec4e3291ceef,e8a499c7-cc9c-46b0-bf07-0402e67f1bff,c1,DROP,441,x5,?,
1769494606.486335,RECEIVED,46df141f-cc95-4cb8-93cd-85fb2b39e2d8,8e82a25f-b307-4a79-a00f-78b0c5c9f4c8,c5,c2,1787,e5,?,
1769494606.557777,RECEIVED,58aaf156-4ecb-4150-a021-38641f7aa722,10dd30cd-b479-4f2b-833b-036b5710172c,c4,DROP,445,x10,?,
1769494606.634902,SENT,e6c81eb8-674f-4ab0-b65a-92311deb4eca,d66de0cc-302d-472e-bce1-7c204ba3530c,c3,DROP,684,?,x8,
1769494606.6349428,FORWARDED,e6c81eb8-674f-4ab0-b65a-92311deb4eca,d66de0cc-302d-472e-bce1-7c204ba3530c,c3,DROP,684,?,x8,
1769494606.6486328,RECEIVED,84eb1eec-f0c6-4913-bbb4-2091a884a148,a34f3c13-4886-4a4d-9d85-7aa1f2774f80,c5,DROP,1021,e1,?,
1769494606.6972227,SENT,0c26806b-897a-4b6a-a9b4-6dbaacbcd499,e7990df3-3871-4d71-9c8b-5d44baf210d7,c5,c2,1256,?,x9,
1769494606.697267,FORWARDED,0c26806b-897a-4b6a-a9b4-6dbaacbcd499,e7990df3-3871-4d71-9c8b-5d44baf210d7,c5,c2,1256,?,x9,
1769494606.7099051,RECEIVED,1f6f2d55-f358-4837-b695-bb9bc519ebc3,d643b22e-036f-4897-9045-c9e8c9d69829,c2,DROP,1008,e6,?,
1769494606.8209374,RECEIVED,8a2c3186-0c85-4fed-98b1-6cb9eff4679d,09826df6-d729-4b6f-a513-6785a5be45f6,c4,DROP,1011,e12,?,
1769494606.8286705,SENT,1f6f2d55-f358-4837-b695-bb9bc519ebc3,d643b22e-036f-4897-9045-c9e8c9d69829,c2,DROP,683,?,x7,
1769494606.8287098,FORWARDED,1f6f2d55-f358-4837-b695-bb9bc519ebc3,d643b22e-036f-4897-9045-c9e8c9d69829,c2,DROP,683,?,x7,
1769494606.9117868,RECEIVED,b80dcf7a-1cf5-4540-a30e-1968571bbea0,68c4523b-a9eb-4956-bcf7-49d47e8f97fd,c1,DROP,446,x10,?,
1769494606.9254823,SENT,84eb1eec-f0c6-4913-bbb4-2091a884a148,a34f3c13-4886-4a4d-9d85-7aa1f2774f80,c5,DROP,692,?,x10,
1769494606.925784,FORWARDED,84eb1eec-f0c6-4913-bbb4-2091a884a148,a34f3c13-4886-4a4d-9d85-7aa1f2774f80,c5,DROP,692,?,x10,
1769494607.160153,SENT,46df141f-cc95-4cb8-93cd-85fb2b39e2d8,8e82a25f-b307-4a79-a00f-78b0c5c9f4c8,c5,c2,1268,?,x1,
1769494607.1601994,FORWARDED,46df141f-cc95-4cb8-93cd-85fb2b39e2d8,8e82a25f-b307-4a79-a00f-78b0c5c9f4c8,c5,c2,1268,?,x1,
1769494607.1936288,SENT,8a2c3186-0c85-4fed-98b1-6cb9eff4679d,09826df6-d729-4b6f-a513-6785a5be45f6,c4,DROP,687,?,x2,
1769494607.1936717,FORWARDED,8a2c3186-0c85-4fed-98b1-6cb9eff4679d,09826df6-d729-4b6f-a513-6785a5be45f6,c4,DROP,687,?,x2,
1769494607.3348436,RECEIVED,a05ebb68-c691-4b08-81da-0717ac474153,286ffee4-7a94-4633-9aac-99e2b6cccc04,c4,DROP,441,x7,?,
1769494608.0025458,RECEIVED,e5feb4e4-4c30-4cad-a767-1a102437b26f,5b72fb13-c0ce-4d56-9cac-30335d3b94df,c2,DROP,443,x2,?,
1769494608.3811157,RECEIVED,f9cccde7-baed-45fc-b731-57f8cdfb763c,b6dd4e6d-2a3e-4257-8107-225fc8b213ec,c5,DROP,1015,e5,?,
1769494608.444748,RECEIVED,8d4dcfc8-05ef-44c2-996d-e34f78695d1e,8d57fcca-baf6-4b88-bef1-736f5819740b,c3,DROP,1020,e1,?,
1769494608.537619,RECEIVED,37a60188-5122-43b0-afac-95925032bb09,075587df-718f-4294-a137-1766116649f2,c4,DROP,1011,e5,?,
1769494608.60427,RECEIVED,f03cfc22-606e-46a0-9be5-da2a2bb5f610,b4e9e26d-70a9-4f61-82e2-e350b61bec5e,c2,c3,1776,e3,?,
1769494608.6832325,SENT,f03cfc22-606e-46a0-9be5-da2a2bb5f610,b4e9e26d-70a9-4f61-82e2-e350b61bec5e,c2,c3,1259,?,x5,
1769494608.6832738,FORWARDED,f03cfc22-606e-46a0-9be5-da2a2bb5f610,b4e9e26d-70a9-4f61-82e2-e350b61bec5e,c2,c3,1259,?,x5,
1769494608.795584,RECEIVED,64038495-3e44-4a07-a1f0-6c4ac0fe7659,3635006c-027d-407c-ba1a-2d140d94fcb9,c1,DROP,1008,e10,?,
1769494608.902983,RECEIVED,084c3eaf-daed-4027-b974-1a8527688930,d4887f63-5932-4ae5-95cc-3c9c219e3c9b,c1,DROP,1017,e10,?,
1769494608.9396784,RECEIVED,177b289e-e804-4866-b6c4-1370d1e58584,ab06304b-cbd4-4bff-9f01-161573d5c87a,c3,DROP,1020,e1,?,
1769494608.9856236,SENT,084c3eaf-daed-4027-b974-1a8527688930,d4887f63-5932-4ae5-95cc-3c9c219e3c9b,c1,DROP,688,?,x5,
1769494608.9856632,FORWARDED,084c3eaf-daed-4027-b974-1a8527688930,d4887f63-5932-4ae5-95cc-3c9c219e3c9b,c1,DROP,688,?,x5,
1769494608.9874125,SENT,177b289e-e804-4866-b6c4-1370d1e58584,ab06304b-cbd4-4bff-9f01-161573d5c87a,c3,DROP,691,?,x1,
1769494608.987443,FORWARDED,177b289e-e804-4866-b6c4-1370d1e58584,ab06304b-cbd4-4bff-9f01-161573d5c87a,c3,DROP,691,?,x1,
1769494609.040606,SENT,64038495-3e44-4a07-a1f0-6c4ac0fe7659,3635006c-027d-407c-ba1a-2d140d94fcb9,c1,DROP,683,?,x7,
1769494609.0406492,FORWARDED,64038495-3e44-4a07-a1f0-6c4ac0fe7659,3635006c-027d-407c-ba1a-2d140d94fcb9,c1,DROP,683,?,x7,
1769494609.0809662,RECEIVED,aebb9dd1-4e25-4c03-9067-47e4f208a0c2,8810c59a-4079-4498-8267-154d93882f58,c2,DROP,1016,e12,?,
1769494609.1599793,RECEIVED,a641bb1b-f440-4d9e-ae09-748a0ee51b96,a9de52c4-7dbe-4399-9b7e-366bc7d21c44,c3,DROP,1019,e12,?,
1769494609.1862457,RECEIVED,4cee0847-d1f0-4de1-a322-7148932ed5a8,bdcc8d92-b38c-4225-84a6-a795cbd52ee7,c5,DROP,1024,e11,?,
1769494609.1906722,SENT,37a60188-5122-43b0-afac-95925032bb09,075587df-718f-4294-a137-1766116649f2,c4,DROP,687,?,x6,
1769494609.190713,FORWARDED,37a60188-5122-43b0-afac-95925032bb09,075587df-718f-4294-a137-1766116649f2,c4,DROP,687,?,x6,
1769494609.2032886,SENT,aebb9dd1-4e25-4c03-9067-47e4f208a0c2,8810c59a-4079-4498-8267-154d93882f58,c2,DROP,688,?,x5,
1769494609.203346,FORWARDED,aebb9dd1-4e25-4c03-9067-47e4f208a0c2,8810c59a-4079-4498-8267-154d93882f58,c2,DROP,688,?,x5,
1769494609.2375917,SENT,f9cccde7-baed-45fc-b731-57f8cdfb763c,b6dd4e6d-2a3e-4257-8107-225fc8b213ec,c5,DROP,688,?,x7,
1769494609.2376356,FORWARDED,f9cccde7-baed-45fc-b731-57f8cdfb763c,b6dd4e6d-2a3e-4257-8107-225fc8b213ec,c5,DROP,688,?,x7,
1769494609.3408763,SENT,a641bb1b-f440-4d9e-ae09-748a0ee51b96,a9de52c4-7dbe-4399-9b7e-366bc7d21c44,c3,DROP,691,?,x4,
1769494609.3409102,FORWARDED,a641bb1b-f440-4d9e-ae09-748a0ee51b96,a9de52c4-7dbe-4399-9b7e-366bc7d21c44,c3,DROP,691,?,x4,
1769494609.3683789,SENT,8d4dcfc8-05ef-44c2-996d-e34f78695d1e,8d57fcca-baf6-4b88-bef1-736f5819740b,c3,DROP,692,?,x12,
1769494609.3684578,FORWARDED,8d4dcfc8-05ef-44c2-996d-e34f78695d1e,8d57fcca-baf6-4b88-bef1-736f5819740b,c3,DROP,692,?,x12,
1769494609.8235788,RECEIVED,5673034c-d11c-48da-bad7-caa7bb2fd731,7bcb1f16-3548-4e4e-b3ff-2f1d8adf56ad,c2,DROP,1007,e8,?,
1769494609.8986673,RECEIVED,569fca38-e911-44cc-95d3-50d45d99f74e,5e881f4c-c1cd-4345-af13-ac08f488bf21,c2,DROP,1021,e1,?,
1769494610.0106068,SENT,5673034c-d11c-48da-bad7-caa7bb2fd731,7bcb1f16-3548-4e4e-b3ff-2f1d8adf56ad,c2,DROP,684,?,x6,
1769494610.010646,FORWARDED,5673034c-d11c-48da-bad7-caa7bb2fd731,7bcb1f16-3548-4e4e-b3ff-2f1d8adf56ad,c2,DROP,684,?,x6,
1769494610.0691266,SENT,569fca38-e911-44cc-95d3-50d45d99f74e,5e881f4c-c1cd-4345-af13-ac08f488bf21,c2,DROP,691,?,x11,
1769494610.0691679,FORWARDED,569fca38-e911-44cc-95d3-50d45d99f74e,5e881f4c-c1cd-4345-af13-ac08f488bf21,c2,DROP,691,?,x11,
1769494610.1655724,RECEIVED,a187af2d-27d1-40c8-a8f1-1afed5464bf7,c144a265-da61-4414-b155-eae963a87dce,c3,DROP,1008,e4,?,
1769494610.2435787,RECEIVED,facfb44f-d879-443a-b956-92a72c51e23d,8b6c67f6-2972-4eea-b4ea-a0c76d5914f3,c2,c3,1785,e9,?,
1769494610.370155,RECEIVED,a5cd1a6d-be05-41bf-9e27-207c7a130d4c,a3952829-0ff4-48d8-a0b1-58a8e652402f,c2,DROP,1009,e9,?,
1769494610.4263823,RECEIVED,e1967dc5-3da3-4c88-a8c4-3a5cc2a30547,ee5ab93d-449a-4340-96c4-14a9cec72ec5,c4,c5,1787,e2,?,
1769494610.4375618,SENT,a5cd1a6d-be05-41bf-9e27-207c7a130d4c,a3952829-0ff4-48d8-a0b1-58a8e652402f,c2,DROP,684,?,x8,
1769494610.4376028,FORWARDED,a5cd1a6d-be05-41bf-9e27-207c7a130d4c,a3952829-0ff4-48d8-a0b1-58a8e652402f,c2,DROP,684,?,x8,
1769494610.4428713,SENT,facfb44f-d879-443a-b956-92a72c51e23d,8b6c67f6-2972-4eea-b4ea-a0c76d5914f3,c2,c3,1264,?,x10,
1769494610.4430215,FORWARDED,facfb44f-d879-443a-b956-92a72c51e23d,8b6c67f6-2972-4eea-b4ea-a0c76d5914f3,c2,c3,1264,?,x10,
1769494610.5695827,SENT,a187af2d-27d1-40c8-a8f1-1afed5464bf7,c144a265-da61-4414-b155-eae963a87dce,c3,DROP,684,?,x2,
1769494610.5696218,FORWARDED,a187af2d-27d1-40c8-a8f1-1afed5464bf7,c144a265-da61-4414-b155-eae963a87dce,c3,DROP,684,?,x2,
1769494610.678136,SENT,4cee0847-d1f0-4de1-a322-7148932ed5a8,bdcc8d92-b38c-4225-84a6-a795cbd52ee7,c5,DROP,694,?,x11,
1769494610.678178,FORWARDED,4cee0847-d1f0-4de1-a322-7148932ed5a8,bdcc8d92-b38c-4225-84a6-a795cbd52ee7,c5,DROP,694,?,x11,
1769494610.9441285,RECEIVED,0d4ddfeb-136b-4404-88c5-1150aa37b365,895e32b8-6c13-4b5a-acf7-566af6d25733,c3,DROP,1016,e4,?,
1769494610.965405,RECEIVED,664f249e-ff62-460d-814c-d2e40b963e3c,f5ec608f-85e9-414e-a220-e9990476d714,c2,DROP,442,x12,?,
1769494611.0095267,SENT,e1967dc5-3da3-4c88-a8c4-3a5cc2a30547,ee5ab93d-449a-4340-96c4-14a9cec72ec5,c4,c5,1267,?,x1,
1769494611.009567,FORWARDED,e1967dc5-3da3-4c88-a8c4-3a5cc2a30547,ee5ab93d-449a-4340-96c4-14a9cec72ec5,c4,c5,1267,?,x1,
1769494611.0210912,RECEIVED,b8976704-04a7-482f-a62e-eec8e38c7b48,c1079270-885e-438b-b49e-c55b129c4813,c2,c3,1784,e3,?,
1769494611.0642354,SENT,0d4ddfeb-136b-4404-88c5-1150aa37b365,895e32b8-6c13-4b5a-acf7-566af6d25733,c3,DROP,688,?,x12,
1769494611.064277,FORWARDED,0d4ddfeb-136b-4404-88c5-1150aa37b365,895e32b8-6c13-4b5a-acf7-566af6d25733,c3,DROP,688,?,x12,
1769494611.4642837,RECEIVED,5278977c-f091-4c28-b003-3b4002190012,49858c1e-6c4a-4d71-9bca-87c8e1a0e1c5,c4,DROP,441,x3,?,
1769494611.5821488,RECEIVED,1a60a9d8-06f4-4893-a2a5-bdc9c4803ce7,7e9d9a5b-2810-4ec6-881f-0d80fe38a717,c1,DROP,1017,e1,?,
1769494611.6676385,SENT,1a60a9d8-06f4-4893-a2a5-bdc9c4803ce7,7e9d9a5b-2810-4ec6-881f-0d80fe38a717,c1,DROP,688,?,x3,
1769494611.6676733,FORWARDED,1a60a9d8-06f4-4893-a2a5-bdc9c4803ce7,7e9d9a5b-2810-4ec6-881f-0d80fe38a717,c1,DROP,688,?,x3,
1769494612.6094165,RECEIVED,78cbbb4a-3c9d-4831-b5dc-8e95dd813b30,37def92f-710b-4be6-acd3-beb649bf4075,c4,DROP,1011,e2,?,
1769494612.7021139,RECEIVED,03166070-fb89-468d-8861-2b4c9853c9aa,57c1a367-2bd9-42c1-b11f-395daac7c053,c3,c5,1779,e6,?,
1769494612.7145946,SENT,b8976704-04a7-482f-a62e-eec8e38c7b48,c1079270-885e-438b-b49e-c55b129c4813,c2,c3,1264,?,x10,
1769494612.7146335,FORWARDED,b8976704-04a7-482f-a62e-eec8e38c7b48,c1079270-885e-438b-b49e-c55b129c4813,c2,c3,1264,?,x10,
1769494613.1787305,RECEIVED,b6068371-ac4d-44a1-9ddc-ed8a93f11209,214dd5cd-5d4c-4a4d-b01f-9b2c71f91e3f,c4,DROP,1013,e3,?,
1769494613.182659,RECEIVED,35722e9b-6ec5-439d-af02-81a45339db1c,4fc3b8a0-2205-43a2-b428-630403b1c562,c4,c5,1779,e12,?,
1769494613.2202547,SENT,b6068371-ac4d-44a1-9ddc-ed8a93f11209,214dd5cd-5d4c-4a4d-b01f-9b2c71f91e3f,c4,DROP,687,?,x4,
1769494613.2202997,FORWARDED,b6068371-ac4d-44a1-9ddc-ed8a93f11209,214dd5cd-5d4c-4a4d-b01f-9b2c71f91e3f,c4,DROP,687,?,x4,
1769494613.2227063,RECEIVED,f6feba42-72b4-4508-af7f-1d30f42b2c43,5abf7aee-e657-4e85-b76d-f1cdc998009a,c1,DROP,1019,e10,?,
1769494613.4529178,SENT,35722e9b-6ec5-439d-af02-81a45339db1c,4fc3b8a0-2205-43a2-b428-630403b1c562,c4,c5,1263,?,x9,
1769494613.4529595,FORWARDED,35722e9b-6ec5-439d-af02-81a45339db1c,4fc3b8a0-2205-43a2-b428-630403b1c562,c4,c5,1263,?,x9,
1769494613.62911,SENT,f6feba42-72b4-4508-af7f-1d30f42b2c43,5abf7aee-e657-4e85-b76d-f1cdc998009a,c1,DROP,691,?,x7,
1769494613.6291523,FORWARDED,f6feba42-72b4-4508-af7f-1d30f42b2c43,5abf7aee-e657-4e85-b76d-f1cdc998009a,c1,DROP,691,?,x7,
1769494613.7489226,SENT,78cbbb4a-3c9d-4831-b5dc-8e95dd813b30,37def92f-710b-4be6-acd3-beb649bf4075,c4,DROP,685,?,x4,
1769494613.7489603,FORWARDED,78cbbb4a-3c9d-4831-b5dc-8e95dd813b30,37def92f-710b-4be6-acd3-beb649bf4075,c4,DROP,685,?,x4,
1769494613.82391,SENT,03166070-fb89-468d-8861-2b4c9853c9aa,57c1a367-2bd9-42c1-b11f-395daac7c053,c3,c5,1263,?,x6,
1769494613.824161,FORWARDED,03166070-fb89-468d-8861-2b4c9853c9aa,57c1a367-2bd9-42c1-b11f-395daac7c053,c3,c5,1263,?,x6,
1769494613.8378787,RECEIVED,db2450f4-ef8b-4b4e-b681-1ad39d9b1462,3e60f913-f7cc-4e65-85e6-b951db5e1600,c4,DROP,1006,e6,?,
1769494613.9654794,RECEIVED,281b0b15-5d2a-47f6-996b-ffc4e32d35eb,51cd3a57-e928-4f05-9855-ea818f997e0f,c5,DROP,446,x12,?,
1769494614.0707207,RECEIVED,176aa71b-fcbe-4b83-94a5-20556ceaccdc,fdd370dc-cefd-4621-8a5a-53bf591dda88,c4,DROP,445,x11,?,
1769494614.1063752,RECEIVED,a2a40e51-66cf-404d-b418-ae831c72d337,778147a8-087d-4bce-991b-7b39bb648dd0,c3,DROP,1007,e10,?,
1769494614.168475,RECEIVED,1cb0c7e9-d9ba-4b55-ae98-c59979d11a92,8bf41d5b-992b-46e8-99a6-4fa7ed058d8d,c4,DROP,1009,e2,?,
1769494614.2452662,RECEIVED,0e7a93aa-4617-468c-842c-a6e22eaa624a,d2c5f2f8-4d8c-40f5-82c6-a5eceffe36a1,c3,DROP,1028,e2,?,
1769494614.247537,SENT,1cb0c7e9-d9ba-4b55-ae98-c59979d11a92,8bf41d5b-992b-46e8-99a6-4fa7ed058d8d,c4,DROP,683,?,x2,
1769494614.2475786,FORWARDED,1cb0c7e9-d9ba-4b55-ae98-c59979d11a92,8bf41d5b-992b-46e8-99a6-4fa7ed058d8d,c4,DROP,683,?,x2,
1769494614.2734246,RECEIVED,fc68b0e0-acaa-4deb-b8f9-079337d66173,e8d2a134-bd45-4d6d-89fd-6ced441c2cf8,c4,DROP,441,x12,?,
1769494614.3025951,RECEIVED,1d2aff59-3133-4fa1-bf8b-e1281fe15224,5c1691fb-3510-47c3-b92a-563919c35b60,c2,c3,1775,e3,?,
1769494614.482664,RECEIVED,65212797-e2a6-4629-be25-d2b1a54fc734,d16aafeb-9df8-4b69-9d7e-17269ee56139,c5,DROP,1021,e5,?,
1769494614.5116544,SENT,a2a40e51-66cf-404d-b418-ae831c72d337,778147a8-087d-4bce-991b-7b39bb648dd0,c3,DROP,683,?,x9,
1769494614.5116954,FORWARDED,a2a40e51-66cf-404d-b418-ae831c72d337,778147a8-087d-4bce-991b-7b39bb648dd0,c3,DROP,683,?,x9,
1769494614.5549865,RECEIVED,b604e6d0-9ac6-45f7-b2cd-a09382e91526,43979417-a28c-4315-a208-91fca02129dc,c4,c5,1776,e1,?,
1769494614.6285446,RECEIVED,7372c803-56fb-47f6-a2d2-b1997c9a0ea9,4a16c886-0bdf-465a-aac9-9272caa7fb65,c1,DROP,1009,e4,?,
1769494614.6397161,RECEIVED,41a81a49-a456-436a-8a50-9e6f4a4058c5,3715a164-c9ad-447e-b3d1-6bac26f4b712,c2,c3,1780,e5,?,
1769494614.6999362,SENT,7372c803-56fb-47f6-a2d2-b1997c9a0ea9,4a16c886-0bdf-465a-aac9-9272caa7fb65,c1,DROP,684,?,x11,
1769494614.6999776,FORWARDED,7372c803-56fb-47f6-a2d2-b1997c9a0ea9,4a16c886-0bdf-465a-aac9-9272caa7fb65,c1,DROP,684,?,x11,
1769494614.7122014,SENT,65212797-e2a6-4629-be25-d2b1a54fc734,d16aafeb-9df8-4b69-9d7e-17269ee56139,c5,DROP,692,?,x11,
1769494614.7122433,FORWARDED,65212797-e2a6-4629-be25-d2b1a54fc734,d16aafeb-9df8-4b69-9d7e-17269ee56139,c5,DROP,692,?,x11,
1769494614.719929,RECEIVED,ad39bde1-7af9-4b37-a1db-a105799887c6,55fa6c57-4d19-474e-8fc3-c338fdc2fd3e,c1,DROP,1020,e10,?,
1769494614.889245,SENT,b604e6d0-9ac6-45f7-b2cd-a09382e91526,43979417-a28c-4315-a208-91fca02129dc,c4,c5,1260,?,x3,
1769494614.8892868,FORWARDED,b604e6d0-9ac6-45f7-b2cd-a09382e91526,43979417-a28c-4315-a208-91fca02129dc,c4,c5,1260,?,x3,
1769494614.918713,RECEIVED,faace0b8-7b5a-4738-a9e2-ef89aa96e97d,39d3a548-20c8-4a83-a4be-850e6ea06abb,c3,c5,1780,e11,?,
1769494614.9508905,SENT,ad39bde1-7af9-4b37-a1db-a105799887c6,55fa6c57-4d19-474e-8fc3-c338fdc2fd3e,c1,DROP,691,?,x6,
1769494614.9509351,FORWARDED,ad39bde1-7af9-4b37-a1db-a105799887c6,55fa6c57-4d19-474e-8fc3-c338fdc2fd3e,c1,DROP,691,?,x6,
1769494615.0118854,SENT,1d2aff59-3133-4fa1-bf8b-e1281fe15224,5c1691fb-3510-47c3-b92a-563919c35b60,c2,c3,1260,?,x6,
1769494615.0119312,FORWARDED,1d2aff59-3133-4fa1-bf8b-e1281fe15224,5c1691fb-3510-47c3-b92a-563919c35b60,c2,c3,1260,?,x6,
1769494615.0211515,SENT,41a81a49-a456-436a-8a50-9e6f4a4058c5,3715a164-c9ad-447e-b3d1-6bac26f4b712,c2,c3,1263,?,x10,
1769494615.0211933,FORWARDED,41a81a49-a456-436a-8a50-9e6f4a4058c5,3715a164-c9ad-447e-b3d1-6bac26f4b712,c2,c3,1263,?,x10,
1769494615.049366,SENT,db2450f4-ef8b-4b4e-b681-1ad39d9b1462,3e60f913-f7cc-4e65-85e6-b951db5e1600,c4,DROP,683,?,x3,
1769494615.0494041,FORWARDED,db2450f4-ef8b-4b4e-b681-1ad39d9b1462,3e60f913-f7cc-4e65-85e6-b951db5e1600,c4,DROP,683,?,x3,
1769494615.5815396,RECEIVED,b19f1262-a204-4a43-a642-2f4e7c0b70ce,a8e6b88e-4935-4efd-ad0e-5ec5f252e0e9,c2,DROP,1016,e9,?,
1769494615.7506588,RECEIVED,4748577b-c80c-44cd-9f4b-9f500e66a265,33ae1ddc-8ea9-486a-993c-4f28701543a4,c2,DROP,441,x5,?,
1769494615.7781947,SENT,0e7a93aa-4617-468c-842c-a6e22eaa624a,d2c5f2f8-4d8c-40f5-82c6-a5eceffe36a1,c3,DROP,697,?,x10,
1769494615.7782369,FORWARDED,0e7a93aa-4617-468c-842c-a6e22eaa624a,d2c5f2f8-4d8c-40f5-82c6-a5eceffe36a1,c3,DROP,697,?,x10,
1769494615.8465922,RECEIVED,86d26464-47fe-49ad-94c0-960381849b61,26b511df-96db-4f99-9a7a-b5b3daaacf74,c4,DROP,1011,e3,?,
1769494615.9221475,RECEIVED,3839aa53-3f6f-48a1-a04f-eb7c4be42921,dd48deca-d57f-4490-86fe-0b2a0a9af76d,c5,c2,1780,e12,?,
1769494615.928403,RECEIVED,0f94d653-e6c8-47e9-a66c-2573499f41a0,0b9164e2-b752-4874-9f1e-a176e74e61c3,c4,c5,1776,e4,?,
1769494615.9401872,RECEIVED,43dc36f8-ab2a-4adc-9f94-fe293faa1b2b,e2aba1df-227e-43e3-8dc4-7600001bf990,c1,c5,1771,e3,?,
1769494615.948092,RECEIVED,cb05ca97-8583-4c12-91cb-070553640213,e5832ddc-b157-44ec-a482-026dac62f4ef,c5,DROP,1007,e9,?,
1769494616.0246305,SENT,43dc36f8-ab2a-4adc-9f94-fe293faa1b2b,e2aba1df-227e-43e3-8dc4-7600001bf990,c1,c5,1256,?,x8,
1769494616.0246713,FORWARDED,43dc36f8-ab2a-4adc-9f94-fe293faa1b2b,e2aba1df-227e-43e3-8dc4-7600001bf990,c1,c5,1256,?,x8,
1769494616.1905096,SENT,3839aa53-3f6f-48a1-a04f-eb7c4be42921,dd48deca-d57f-4490-86fe-0b2a0a9af76d,c5,c2,1262,?,x1,
1769494616.1905513,FORWARDED,3839aa53-3f6f-48a1-a04f-eb7c4be42921,dd48deca-d57f-4490-86fe-0b2a0a9af76d,c5,c2,1262,?,x1,
1769494616.2749698,SENT,faace0b8-7b5a-4738-a9e2-ef89aa96e97d,39d3a548-20c8-4a83-a4be-850e6ea06abb,c3,c5,1263,?,x11,
1769494616.2750115,FORWARDED,faace0b8-7b5a-4738-a9e2-ef89aa96e97d,39d3a548-20c8-4a83-a4be-850e6ea06abb,c3,c5,1263,?,x11,
1769494616.356167,RECEIVED,78a12495-15a0-4c2e-9c26-abc51aa608ae,691bbce3-f9c2-48d0-b987-9d5e52d156e7,c5,DROP,1021,e12,?,
1769494616.4865723,RECEIVED,c49435cf-91eb-44e0-94c9-3ab52fe7fd2c,9df4a6b6-48cf-4e88-811d-15e105898402,c1,DROP,1022,e9,?,
1769494616.5775998,SENT,c49435cf-91eb-44e0-94c9-3ab52fe7fd2c,9df4a6b6-48cf-4e88-811d-15e105898402,c1,DROP,691,?,x11,
1769494616.5776424,FORWARDED,c49435cf-91eb-44e0-94c9-3ab52fe7fd2c,9df4a6b6-48cf-4e88-811d-15e105898402,c1,DROP,691,?,x11,
1769494616.5828204,RECEIVED,d10cbeea-610a-441a-8f3c-aa059805b522,5be0a721-7b58-407b-9d19-137f20d33af2,c1,DROP,440,x4,?,
1769494616.6048558,SENT,78a12495-15a0-4c2e-9c26-abc51aa608ae,691bbce3-f9c2-48d0-b987-9d5e52d156e7,c5,DROP,691,?,x11,
1769494616.6048982,FORWARDED,78a12495-15a0-4c2e-9c26-abc51aa608ae,691bbce3-f9c2-48d0-b987-9d5e52d156e7,c5,DROP,691,?,x11,
1769494616.7355,RECEIVED,863fdc64-5e2e-46cd-b3a4-44fd2ae39917,40551ee7-fd56-461a-8710-12a1c9cace45,c1,DROP,1017,e9,?,
1769494616.7828012,SENT,cb05ca97-8583-4c12-91cb-070553640213,e5832ddc-b157-44ec-a482-026dac62f4ef,c5,DROP,684,?,x3,
1769494616.782844,FORWARDED,cb05ca97-8583-4c12-91cb-070553640213,e5832ddc-b157-44ec-a482-026dac62f4ef,c5,DROP,684,?,x3,
1769494616.7917683,RECEIVED,3fc4a55f-cdea-4396-b63d-4868ea400096,6e1f2d6b-3c06-48be-a5ad-29f360c5077c,c1,DROP,1007,e7,?,
1769494616.8388357,SENT,86d26464-47fe-49ad-94c0-960381849b61,26b511df-96db-4f99-9a7a-b5b3daaacf74,c4,DROP,685,?,x5,
1769494616.83888,FORWARDED,86d26464-47fe-49ad-94c0-960381849b61,26b511df-96db-4f99-9a7a-b5b3daaacf74,c4,DROP,685,?,x5,
1769494616.8429809,RECEIVED,7f18efc3-2e67-4065-9638-7dcb50eda7f1,210d442b-c8c2-4585-a8f1-39cb55a993a7,c5,c2,1784,e10,?,
1769494616.8683739,RECEIVED,faba82ba-5cad-454f-a255-053eebdaeff8,c5ac7495-70c9-491d-bf5c-07b29799f652,c3,DROP,1007,e4,?,
1769494616.8926828,RECEIVED,ec211bb6-b9e2-4cbf-9723-0b3d3e09727e,0856189c-a549-4109-ae38-29175c3d2b2c,c1,DROP,445,x6,?,
1769494616.918947,RECEIVED,ed2c8280-a170-41da-9597-8a0780a78359,dbd1f69e-93d7-43b0-a120-dd6d8dd640f7,c2,DROP,1019,e3,?,
1769494617.0145235,SENT,863fdc64-5e2e-46cd-b3a4-44fd2ae39917,40551ee7-fd56-461a-8710-12a1c9cace45,c1,DROP,692,?,x6,
1769494617.0145655,FORWARDED,863fdc64-5e2e-46cd-b3a4-44fd2ae39917,40551ee7-fd56-461a-8710-12a1c9cace45,c1,DROP,692,?,x6,
1769494617.105115,RECEIVED,b2429871-ed14-4ab6-b436-54fb405352d5,d7671bd6-3587-43cb-b628-2a3406fb7181,c2,DROP,1007,e7,?,
1769494617.2520843,SENT,faba82ba-5cad-454f-a255-053eebdaeff8,c5ac7495-70c9-491d-bf5c-07b29799f652,c3,DROP,683,?,x7,
1769494617.2521265,FORWARDED,faba82ba-5cad-454f-a255-053eebdaeff8,c5ac7495-70c9-491d-bf5c-07b29799f652,c3,DROP,683,?,x7,
1769494617.2905579,SENT,7f18efc3-2e67-4065-9638-7dcb50eda7f1,210d442b-c8c2-4585-a8f1-39cb55a993a7,c5,c2,1264,?,x6,
1769494617.2906005,FORWARDED,7f18efc3-2e67-4065-9638-7dcb50eda7f1,210d442b-c8c2-4585-a8f1-39cb55a993a7,c5,c2,1264,?,x6,
1769494617.4255028,SENT,b19f1262-a204-4a43-a642-2f4e7c0b70ce,a8e6b88e-4935-4efd-ad0e-5ec5f252e0e9,c2,DROP,688,?,x11,
1769494617.4255478,FORWARDED,b19f1262-a204-4a43-a642-2f4e7c0b70ce,a8e6b88e-4935-4efd-ad0e-5ec5f252e0e9,c2,DROP,688,?,x11,
1769494617.5197928,RECEIVED,0e30ab8c-859b-4344-9128-0bfba67d5194,0ea74cfb-9635-48f3-8ccb-d7d40630fab8,c2,DROP,1020,e4,?,
1769494617.5302913,RECEIVED,580120c7-eaba-4baf-a433-df7bbe784891,87e1797f-6164-4638-ab37-7df377f89445,c2,DROP,1020,e1,?,
1769494617.564922,SENT,0f94d653-e6c8-47e9-a66c-2573499f41a0,0b9164e2-b752-4874-9f1e-a176e74e61c3,c4,c5,1259,?,x12,
1769494617.5649624,FORWARDED,0f94d653-e6c8-47e9-a66c-2573499f41a0,0b9164e2-b752-4874-9f1e-a176e74e61c3,c4,c5,1259,?,x12,
1769494617.6090684,SENT,ed2c8280-a170-41da-9597-8a0780a78359,dbd1f69e-93d7-43b0-a120-dd6d8dd640f7,c2,DROP,693,?,x5,
1769494617.60948,FORWARDED,ed2c8280-a170-41da-9597-8a0780a78359,dbd1f69e-93d7-43b0-a120-dd6d8dd640f7,c2,DROP,693,?,x5,
1769494617.6962645,RECEIVED,9fe70de9-908b-44b8-a09d-d7d42201e61c,dc959f2e-7134-4e8c-b1e2-7ab8bbb7c37f,c3,DROP,1014,e4,?,
1769494617.7347782,SENT,9fe70de9-908b-44b8-a09d-d7d42201e61c,dc959f2e-7134-4e8c-b1e2-7ab8bbb7c37f,c3,DROP,688,?,x7,
1769494617.7348177,FORWARDED,9fe70de9-908b-44b8-a09d-d7d42201e61c,dc959f2e-7134-4e8c-b1e2-7ab8bbb7c37f,c3,DROP,688,?,x7,
1769494617.7370665,RECEIVED,079a09bf-d8b6-4a82-aae4-1d7464b22fac,26c39cd8-fa20-475c-9e1c-65c19d5fc3a9,c1,DROP,445,x10,?,
1769494617.766576,SENT,580120c7-eaba-4baf-a433-df7bbe784891,87e1797f-6164-4638-ab37-7df377f89445,c2,DROP,692,?,x10,
1769494617.7666173,FORWARDED,580120c7-eaba-4baf-a433-df7bbe784891,87e1797f-6164-4638-ab37-7df377f89445,c2,DROP,692,?,x10,
1769494617.8467326,SENT,b2429871-ed14-4ab6-b436-54fb405352d5,d7671bd6-3587-43cb-b628-2a3406fb7181,c2,DROP,684,?,x3,
1769494617.8467724,FORWARDED,b2429871-ed14-4ab6-b436-54fb405352d5,d7671bd6-3587-43cb-b628-2a3406fb7181,c2,DROP,684,?,x3,
1769494617.9097397,RECEIVED,f7fd9487-9c56-4379-995b-d08a9c5d7c2e,acc89c62-d958-46b0-9b08-4e8c91dc9f67,c4,DROP,1008,e4,?,
1769494617.9407787,RECEIVED,fa31e4d1-2da0-4b15-ac61-9407ac1d4278,1946fda9-7a22-4b80-b0a2-acca26a62d61,c1,DROP,1015,e6,?,
1769494617.9744382,SENT,f7fd9487-9c56-4379-995b-d08a9c5d7c2e,acc89c62-d958-46b0-9b08-4e8c91dc9f67,c4,DROP,683,?,x8,
1769494617.9744797,FORWARDED,f7fd9487-9c56-4379-995b-d08a9c5d7c2e,acc89c62-d958-46b0-9b08-4e8c91dc9f67,c4,DROP,683,?,x8,
1769494617.975873,RECEIVED,3c53c061-5cf2-48d6-84e5-ae5302b0e503,271b12d1-9c5e-4f8e-adc4-cd68d484177b,c5,DROP,1007,e1,?,
1769494618.0487502,RECEIVED,20409444-6b37-4097-93a8-54862a584532,25e4d3b4-7e8c-48dd-8c59-b2d9b5bec64d,c3,DROP,1007,e5,?,
1769494618.114372,RECEIVED,cf4e7f70-d29b-49c8-94d5-4f79a743e984,f67b944d-2769-48e7-a3b9-da1c1c02c2b8,c5,c2,1777,e12,?,
1769494618.2252202,SENT,0e30ab8c-859b-4344-9128-0bfba67d5194,0ea74cfb-9635-48f3-8ccb-d7d40630fab8,c2,DROP,691,?,x12,
1769494618.225262,FORWARDED,0e30ab8c-859b-4344-9128-0bfba67d5194,0ea74cfb-9635-48f3-8ccb-d7d40630fab8,c2,DROP,691,?,x12,
1769494618.228239,SENT,3fc4a55f-cdea-4396-b63d-4868ea400096,6e1f2d6b-3c06-48be-a5ad-29f360c5077c,c1,DROP,683,?,x6,
1769494618.2282782,FORWARDED,3fc4a55f-cdea-4396-b63d-4868ea400096,6e1f2d6b-3c06-48be-a5ad-29f360c5077c,c1,DROP,683,?,x6,
1769494618.3536136,RECEIVED,e1962a61-4558-4585-85f6-6a533bc0244b,f51a7e5e-6db7-41fe-8f90-550f26db8fc1,c5,DROP,1008,e4,?,
1769494618.3644583,RECEIVED,ab94f469-0379-41b9-b27b-e89e45a0fe70,9438b07a-846a-4eaf-9fba-a2da74355cbc,c3,DROP,446,x10,?,
1769494618.475804,SENT,cf4e7f70-d29b-49c8-94d5-4f79a743e984,f67b944d-2769-48e7-a3b9-da1c1c02c2b8,c5,c2,1259,?,x11,
1769494618.475858,FORWARDED,cf4e7f70-d29b-49c8-94d5-4f79a743e984,f67b944d-2769-48e7-a3b9-da1c1c02c2b8,c5,c2,1259,?,x11,
1769494618.5017524,SENT,fa31e4d1-2da0-4b15-ac61-9407ac1d4278,1946fda9-7a22-4b80-b0a2-acca26a62d61,c1,DROP,688,?,x1,
1769494618.5017948,FORWARDED,fa31e4d1-2da0-4b15-ac61-9407ac1d4278,1946fda9-7a22-4b80-b0a2-acca26a62d61,c1,DROP,688,?,x1,
1769494618.5290372,RECEIVED,f69bd789-7a54-4f78-8989-6b187f8bc610,aeddeb22-3635-4819-8ffd-803693cdcc6a,c4,c5,1764,e4,?,
1769494618.6729417,SENT,e1962a61-4558-4585-85f6-6a533bc0244b,f51a7e5e-6db7-41fe-8f90-550f26db8fc1,c5,DROP,683,?,x3,
1769494618.6729841,FORWARDED,e1962a61-4558-4585-85f6-6a533bc0244b,f51a7e5e-6db7-41fe-8f90-550f26db8fc1,c5,DROP,683,?,x3,
1769494618.697132,SENT,f69bd789-7a54-4f78-8989-6b187f8bc610,aeddeb22-3635-4819-8ffd-803693cdcc6a,c4,c5,1251,?,x4,
1769494618.6971743,FORWARDED,f69bd789-7a54-4f78-8989-6b187f8bc610,aeddeb22-3635-4819-8ffd-803693cdcc6a,c4,c5,1251,?,x4,
1769494618.8684962,SENT,20409444-6b37-4097-93a8-54862a584532,25e4d3b4-7e8c-48dd-8c59-b2d9b5bec64d,c3,DROP,684,?,x4,
1769494618.8685372,FORWARDED,20409444-6b37-4097-93a8-54862a584532,25e4d3b4-7e8c-48dd-8c59-b2d9b5bec64d,c3,DROP,684,?,x4,
1769494619.0092824,SENT,3c53c061-5cf2-48d6-84e5-ae5302b0e503,271b12d1-9c5e-4f8e-adc4-cd68d484177b,c5,DROP,683,?,x6,
1769494619.0093253,FORWARDED,3c53c061-5cf2-48d6-84e5-ae5302b0e503,271b12d1-9c5e-4f8e-adc4-cd68d484177b,c5,DROP,683,?,x6,
1769494619.1421134,RECEIVED,c518fec5-a25b-43f4-84a1-4987760c7650,acb1e32c-b294-45ea-bacb-7e78debb9dbe,c5,DROP,1020,e7,?,
1769494619.2430897,RECEIVED,3fda6af5-f9a6-4ca6-a8f3-73032ab78c0e,136e59f9-89eb-41e2-b531-98a019a559bc,c1,DROP,1007,e7,?,
1769494619.2507246,RECEIVED,f343e95d-6c0b-470f-8155-30c1f858f4d2,d8fddfd9-a0d3-4965-8f08-518508ec1677,c4,DROP,1020,e11,?,
1769494619.2671819,RECEIVED,b7ed924f-97ab-4a26-b23e-790fddb3a73a,61ca8bf1-1240-432c-8215-8ef673399640,c5,DROP,1011,e4,?,
1769494619.3183322,SENT,f343e95d-6c0b-470f-8155-30c1f858f4d2,d8fddfd9-a0d3-4965-8f08-518508ec1677,c4,DROP,692,?,x5,
1769494619.3183749,FORWARDED,f343e95d-6c0b-470f-8155-30c1f858f4d2,d8fddfd9-a0d3-4965-8f08-518508ec1677,c4,DROP,692,?,x5,
1769494619.3821573,SENT,3fda6af5-f9a6-4ca6-a8f3-73032ab78c0e,136e59f9-89eb-41e2-b531-98a019a559bc,c1,DROP,684,?,x8,
1769494619.3821988,FORWARDED,3fda6af5-f9a6-4ca6-a8f3-73032ab78c0e,136e59f9-89eb-41e2-b531-98a019a559bc,c1,DROP,684,?,x8,
1769494619.423022,RECEIVED,2bbcbf70-9c4f-4c34-81b9-97012f68d8c5,9ce390d8-7423-45bb-8981-a60e046267c9,c5,DROP,440,x5,?,
1769494619.4352612,RECEIVED,10c1c12e-78e3-4249-a07c-8bed08027a62,fce67474-895d-4962-a6e8-2dc46333cc0e,c3,DROP,1006,e10,?,
1769494619.4508376,RECEIVED,5d2c0395-8812-4d26-8957-800cc92d7424,17195eea-f093-45be-9bf1-2b86de0cef5f,c1,DROP,1003,e5,?,
1769494619.472581,RECEIVED,6f3cbe44-c586-43b8-bae7-50464d8444e9,412e7c6b-2f30-4591-8085-91b8f5723ec2,c3,DROP,1016,e7,?,
1769494619.4842381,RECEIVED,74e3f486-93c2-4e87-9805-7688d9d4c571,5f3f3558-5037-4d5e-b309-f26f330a86ba,c3,DROP,1016,e12,?,
1769494619.548268,SENT,5d2c0395-8812-4d26-8957-800cc92d7424,17195eea-f093-45be-9bf1-2b86de0cef5f,c1,DROP,681,?,x1,
1769494619.548313,FORWARDED,5d2c0395-8812-4d26-8957-800cc92d7424,17195eea-f093-45be-9bf1-2b86de0cef5f,c1,DROP,681,?,x1,
1769494619.5627,SENT,6f3cbe44-c586-43b8-bae7-50464d8444e9,412e7c6b-2f30-4591-8085-91b8f5723ec2,c3,DROP,688,?,x3,
1769494619.5627418,FORWARDED,6f3cbe44-c586-43b8-bae7-50464d8444e9,412e7c6b-2f30-4591-8085-91b8f5723ec2,c3,DROP,688,?,x3,
1769494619.6151767,SENT,c518fec5-a25b-43f4-84a1-4987760c7650,acb1e32c-b294-45ea-bacb-7e78debb9dbe,c5,DROP,691,?,x10,
1769494619.6152153,FORWARDED,c518fec5-a25b-43f4-84a1-4987760c7650,acb1e32c-b294-45ea-bacb-7e78debb9dbe,c5,DROP,691,?,x10,
1769494619.6164498,RECEIVED,81db9954-a156-4dab-bf44-e2766617d85b,98a6174f-4431-4d6f-aa53-46344beb3848,c5,DROP,1013,e4,?,
1769494619.7181704,SENT,b7ed924f-97ab-4a26-b23e-790fddb3a73a,61ca8bf1-1240-432c-8215-8ef673399640,c5,DROP,687,?,x7,
1769494619.7182126,FORWARDED,b7ed924f-97ab-4a26-b23e-790fddb3a73a,61ca8bf1-1240-432c-8215-8ef673399640,c5,DROP,687,?,x7,
1769494619.7987094,SENT,10c1c12e-78e3-4249-a07c-8bed08027a62,fce67474-895d-4962-a6e8-2dc46333cc0e,c3,DROP,683,?,x5,
1769494619.7991967,FORWARDED,10c1c12e-78e3-4249-a07c-8bed08027a62,fce67474-895d-4962-a6e8-2dc46333cc0e,c3,DROP,683,?,x5,
1769494619.875458,RECEIVED,52d61bd7-9fd8-44cf-9af6-d3db7ec4b1bb,62ce413c-1729-4431-b64d-bd043207abb4,c2,DROP,1015,e9,?,
1769494619.978125,RECEIVED,96e7d8dd-e994-42b9-9ad8-a494fd6f52ba,3db4e431-aae4-4979-ad17-f220754a9097,c3,DROP,1015,e4,?,
1769494620.0154717,RECEIVED,6206b70c-f6a4-4f46-ab67-24358bfc9a70,be050a56-b6bb-49f8-9af6-4ff564272f6d,c5,DROP,1019,e4,?,
1769494620.0179286,RECEIVED,e2b7f79f-4bb1-494c-8a34-98cf254a294d,50c5c23a-7245-47e8-954b-623d77a78d9f,c5,c2,1783,e1,?,
1769494620.0798075,SENT,81db9954-a156-4dab-bf44-e2766617d85b,98a6174f-4431-4d6f-aa53-46344beb3848,c5,DROP,687,?,x10,
1769494620.0798497,FORWARDED,81db9954-a156-4dab-bf44-e2766617d85b,98a6174f-4431-4d6f-aa53-46344beb3848,c5,DROP,687,?,x10,
1769494620.1009407,RECEIVED,c98075b8-3dd3-4f7a-a306-97a4be2dc342,683dff7a-7c97-4779-8229-c477f995d6bf,c2,DROP,1008,e5,?,
1769494620.1097357,SENT,6206b70c-f6a4-4f46-ab67-24358bfc9a70,be050a56-b6bb-49f8-9af6-4ff564272f6d,c5,DROP,693,?,x7,
1769494620.1097777,FORWARDED,6206b70c-f6a4-4f46-ab67-24358bfc9a70,be050a56-b6bb-49f8-9af6-4ff564272f6d,c5,DROP,693,?,x7,
1769494620.1250203,RECEIVED,39734e25-d933-4777-8579-f5ee2932b2d1,1a3a01d5-fd4f-4643-973a-b82b2af092c0,c1,DROP,1008,e2,?,
1769494620.2794538,SENT,39734e25-d933-4777-8579-f5ee2932b2d1,1a3a01d5-fd4f-4643-973a-b82b2af092c0,c1,DROP,683,?,x2,
1769494620.2795026,FORWARDED,39734e25-d933-4777-8579-f5ee2932b2d1,1a3a01d5-fd4f-4643-973a-b82b2af092c0,c1,DROP,683,?,x2,
1769494620.4248202,SENT,c98075b8-3dd3-4f7a-a306-97a4be2dc342,683dff7a-7c97-4779-8229-c477f995d6bf,c2,DROP,683,?,x4,
1769494620.4248626,FORWARDED,c98075b8-3dd3-4f7a-a306-97a4be2dc342,683dff7a-7c97-4779-8229-c477f995d6bf,c2,DROP,683,?,x4,
1769494620.5069153,SENT,96e7d8dd-e994-42b9-9ad8-a494fd6f52ba,3db4e431-aae4-4979-ad17-f220754a9097,c3,DROP,689,?,x2,
1769494620.5069573,FORWARDED,96e7d8dd-e994-42b9-9ad8-a494fd6f52ba,3db4e431-aae4-4979-ad17-f220754a9097,c3,DROP,689,?,x2,
1769494620.810747,SENT,74e3f486-93c2-4e87-9805-7688d9d4c571,5f3f3558-5037-4d5e-b309-f26f330a86ba,c3,DROP,689,?,x10,
1769494620.810788,FORWARDED,74e3f486-93c2-4e87-9805-7688d9d4c571,5f3f3558-5037-4d5e-b309-f26f330a86ba,c3,DROP,689,?,x10,
1769494620.8210063,RECEIVED,2945bbdf-4d67-4a85-a3dd-693c639f9c51,1bb0dfca-dab4-495c-83b2-6d8b3d401bb0,c5,DROP,1011,e11,?,
1769494620.8591886,RECEIVED,a0fd23bf-efd1-4b5c-a21a-2f74a23826d1,2b7e619e-3369-4d10-b0be-1949111175a3,c5,DROP,1008,e4,?,
1769494620.8732526,SENT,52d61bd7-9fd8-44cf-9af6-d3db7ec4b1bb,62ce413c-1729-4431-b64d-bd043207abb4,c2,DROP,689,?,x1,
1769494620.873292,FORWARDED,52d61bd7-9fd8-44cf-9af6-d3db7ec4b1bb,62ce413c-1729-4431-b64d-bd043207abb4,c2,DROP,689,?,x1,
1769494620.8861737,RECEIVED,544735d9-f25c-4ba4-bc22-6f8d6cd62047,079a9cfc-ee4a-4cf9-b893-67e8bbf46c42,c5,DROP,1012,e2,?,
1769494620.938978,SENT,a0fd23bf-efd1-4b5c-a21a-2f74a23826d1,2b7e619e-3369-4d10-b0be-1949111175a3,c5,DROP,684,?,x1,
1769494620.9390163,FORWARDED,a0fd23bf-efd1-4b5c-a21a-2f74a23826d1,2b7e619e-3369-4d10-b0be-1949111175a3,c5,DROP,684,?,x1,
1769494621.0063841,RECEIVED,b194bd8e-8cdb-4ae1-bdd7-3f71a2f88388,36e1861d-dd48-4852-bee9-bdfae17ee56f,c1,c5,1785,e10,?,
1769494621.029924,RECEIVED,d0d9de2c-4364-423c-8aef-ec9fc39414ae,46151b67-8b52-4901-a368-bc45cd896385,c3,c5,1776,e7,?,
1769494621.0814028,SENT,544735d9-f25c-4ba4-bc22-6f8d6cd62047,079a9cfc-ee4a-4cf9-b893-67e8bbf46c42,c5,DROP,687,?,x5,
1769494621.0814412,FORWARDED,544735d9-f25c-4ba4-bc22-6f8d6cd62047,079a9cfc-ee4a-4cf9-b893-67e8bbf46c42,c5,DROP,687,?,x5,
1769494621.1089106,SENT,b194bd8e-8cdb-4ae1-bdd7-3f71a2f88388,36e1861d-dd48-4852-bee9-bdfae17ee56f,c1,c5,1265,?,x11,
1769494621.108952,FORWARDED,b194bd8e-8cdb-4ae1-bdd7-3f71a2f88388,36e1861d-dd48-4852-bee9-bdfae17ee56f,c1,c5,1265,?,x11,
1769494621.1269639,RECEIVED,21180990-848e-431b-8feb-3816aaee5617,5e242c70-1020-49f4-9fbb-a2684dbecffb,c4,DROP,446,x10,?,
1769494621.2106407,RECEIVED,8b961bcf-640a-4146-afa3-d3820114c04c,5758e6bf-0af4-4d91-a311-da2888d9853c,c5,DROP,1020,e2,?,
1769494621.5463207,SENT,8b961bcf-640a-4146-afa3-d3820114c04c,5758e6bf-0af4-4d91-a311-da2888d9853c,c5,DROP,692,?,x12,
1769494621.546364,FORWARDED,8b961bcf-640a-4146-afa3-d3820114c04c,5758e6bf-0af4-4d91-a311-da2888d9853c,c5,DROP,692,?,x12,
1769494621.8148606,RECEIVED,3d123d72-0438-45ae-8b8a-c253a1895c61,210f42a4-8da3-4df9-8304-72be0f7f22c5,c5,DROP,1024,e10,?,
1769494621.8198354,RECEIVED,54723293-475f-4f86-a971-dfde795fdba2,5ed87a05-3748-4946-9ffa-9f81e26f71f4,c4,DROP,1012,e5,?,
1769494621.8688862,SENT,54723293-475f-4f86-a971-dfde795fdba2,5ed87a05-3748-4946-9ffa-9f81e26f71f4,c4,DROP,687,?,x5,
1769494621.8689277,FORWARDED,54723293-475f-4f86-a971-dfde795fdba2,5ed87a05-3748-4946-9ffa-9f81e26f71f4,c4,DROP,687,?,x5,
1769494621.8862553,RECEIVED,e13b9a39-512e-4a94-b2f8-19c98647813e,6c9872ad-75a9-477a-9591-1ee438c2968e,c3,DROP,1011,e6,?,
1769494621.8979542,RECEIVED,2ebb46d2-9658-4b8f-a660-8aec3c889c2d,c2809cb3-e19f-4c4c-ac75-fab0903ed8d6,c1,DROP,1021,e2,?,
1769494621.9329097,RECEIVED,265b9813-1c57-4171-8520-0ed95ff67af2,f4c10a8a-5b27-4c5b-95f2-cbfb2b640cc4,c2,c3,1783,e3,?,
1769494621.976457,RECEIVED,932bf5ee-40c5-4577-9df5-b75c3ae1f6c2,ce35c903-d5fc-45d4-9ef3-bc879371f1ff,c3,DROP,1012,e12,?,
1769494622.023145,RECEIVED,a375752d-cd69-4f37-b13e-036262537f08,f2e4da36-8091-4f44-bf47-7199c48e5759,c3,DROP,1015,e7,?,
1769494622.030585,RECEIVED,16b3bcb7-b7f8-4899-945b-b7c36ff45c38,e02e76ae-bb60-4cc7-abae-ef42e0df4220,c3,DROP,1008,e10,?,
1769494622.047128,SENT,d0d9de2c-4364-423c-8aef-ec9fc39414ae,46151b67-8b52-4901-a368-bc45cd896385,c3,c5,1259,?,x12,
1769494622.047167,FORWARDED,d0d9de2c-4364-423c-8aef-ec9fc39414ae,46151b67-8b52-4901-a368-bc45cd896385,c3,c5,1259,?,x12,
1769494622.075083,SENT,2ebb46d2-9658-4b8f-a660-8aec3c889c2d,c2809cb3-e19f-4c4c-ac75-fab0903ed8d6,c1,DROP,692,?,x10,
1769494622.075121,FORWARDED,2ebb46d2-9658-4b8f-a660-8aec3c889c2d,c2809cb3-e19f-4c4c-ac75-fab0903ed8d6,c1,DROP,692,?,x10,
1769494622.0776079,SENT,932bf5ee-40c5-4577-9df5-b75c3ae1f6c2,ce35c903-d5fc-45d4-9ef3-bc879371f1ff,c3,DROP,685,?,x9,
1769494622.07765,FORWARDED,932bf5ee-40c5-4577-9df5-b75c3ae1f6c2,ce35c903-d5fc-45d4-9ef3-bc879371f1ff,c3,DROP,685,?,x9,
1769494622.1693735,SENT,3d123d72-0438-45ae-8b8a-c253a1895c61,210f42a4-8da3-4df9-8304-72be0f7f22c5,c5,DROP,694,?,x11,
1769494622.169412,FORWARDED,3d123d72-0438-45ae-8b8a-c253a1895c61,210f42a4-8da3-4df9-8304-72be0f7f22c5,c5,DROP,694,?,x11,
1769494622.189427,SENT,2945bbdf-4d67-4a85-a3dd-693c639f9c51,1bb0dfca-dab4-495c-83b2-6d8b3d401bb0,c5,DROP,685,?,x2,
1769494622.1894672,FORWARDED,2945bbdf-4d67-4a85-a3dd-693c639f9c51,1bb0dfca-dab4-495c-83b2-6d8b3d401bb0,c5,DROP,685,?,x2,
1769494622.207105,SENT,a375752d-cd69-4f37-b13e-036262537f08,f2e4da36-8091-4f44-bf47-7199c48e5759,c3,DROP,688,?,x5,
1769494622.2071462,FORWARDED,a375752d-cd69-4f37-b13e-036262537f08,f2e4da36-8091-4f44-bf47-7199c48e5759,c3,DROP,688,?,x5,
1769494622.262283,RECEIVED,167c9c1c-9dbc-4970-89ec-8cc13f0fab02,a522ecea-04db-4edc-9fdf-512cc6759b4f,c2,DROP,1020,e10,?,
1769494622.282965,SENT,16b3bcb7-b7f8-4899-945b-b7c36ff45c38,e02e76ae-bb60-4cc7-abae-ef42e0df4220,c3,DROP,684,?,x6,
1769494622.283008,FORWARDED,16b3bcb7-b7f8-4899-945b-b7c36ff45c38,e02e76ae-bb60-4cc7-abae-ef42e0df4220,c3,DROP,684,?,x6,
1769494622.4880419,SENT,e2b7f79f-4bb1-494c-8a34-98cf254a294d,50c5c23a-7245-47e8-954b-623d77a78d9f,c5,c2,1264,?,x10,
1769494622.4881237,FORWARDED,e2b7f79f-4bb1-494c-8a34-98cf254a294d,50c5c23a-7245-47e8-954b-623d77a78d9f,c5,c2,1264,?,x10,
1769494622.5006409,RECEIVED,b332c8a4-0623-4594-9b36-784385c443d8,7b7b08ef-d66d-4f59-a7c0-625297d0d1a5,c2,DROP,1016,e10,?,
1769494622.5780816,RECEIVED,6f189479-d6dc-42f6-9dd7-65d51ad033bc,2d24f470-4ce1-485a-8ec5-ecc59d8d1b5d,c1,DROP,445,x12,?,
1769494622.6467397,SENT,e13b9a39-512e-4a94-b2f8-19c98647813e,6c9872ad-75a9-477a-9591-1ee438c2968e,c3,DROP,687,?,x3,
1769494622.646826,FORWARDED,e13b9a39-512e-4a94-b2f8-19c98647813e,6c9872ad-75a9-477a-9591-1ee438c2968e,c3,DROP,687,?,x3,
1769494622.7393901,SENT,167c9c1c-9dbc-4970-89ec-8cc13f0fab02,a522ecea-04db-4edc-9fdf-512cc6759b4f,c2,DROP,692,?,x6,
1769494622.739431,FORWARDED,167c9c1c-9dbc-4970-89ec-8cc13f0fab02,a522ecea-04db-4edc-9fdf-512cc6759b4f,c2,DROP,692,?,x6,
1769494622.9993744,SENT,265b9813-1c57-4171-8520-0ed95ff67af2,f4c10a8a-5b27-4c5b-95f2-cbfb2b640cc4,c2,c3,1264,?,x7,
1769494622.999417,FORWARDED,265b9813-1c57-4171-8520-0ed95ff67af2,f4c10a8a-5b27-4c5b-95f2-cbfb2b640cc4,c2,c3,1264,?,x7,
1769494623.1577997,RECEIVED,09c40774-8649-4057-a0da-2d019be95a51,50375d81-4a69-431e-85a1-43445ddbbe89,c3,DROP,444,x12,?,
1769494623.1603906,RECEIVED,cb7ecea1-586d-4ff3-a709-c88801270567,327bd0c7-1683-4040-acc7-092253a17b1c,c1,DROP,1007,e1,?,
1769494623.210093,SENT,b332c8a4-0623-4594-9b36-784385c443d8,7b7b08ef-d66d-4f59-a7c0-625297d0d1a5,c2,DROP,688,?,x11,
1769494623.2101374,FORWARDED,b332c8a4-0623-4594-9b36-784385c443d8,7b7b08ef-d66d-4f59-a7c0-625297d0d1a5,c2,DROP,688,?,x11,
1769494623.3409765,RECEIVED,333ec0f3-e2c4-4dc5-b3f6-408dc565613e,fefe0c25-0918-449e-8f77-1f2e6ff69676,c5,DROP,442,x1,?,
1769494623.4126344,RECEIVED,396dc3a8-6936-42d2-a83a-e4eba947b100,afda10c8-af07-4446-a74e-c88a7538ab10,c4,DROP,1020,e4,?,
1769494623.5361454,RECEIVED,11193d09-9c48-44ec-bd21-dddcaabe3f22,7e531fe1-517c-4876-9586-6f55d9789e20,c5,c2,1763,e2,?,
1769494623.7883174,RECEIVED,8dc219b1-cad8-488b-b750-62f8bc1b42dd,d22578d9-8166-429b-ae88-f609b3e9ce2c,c1,c5,1783,e7,?,
1769494623.7950826,SENT,cb7ecea1-586d-4ff3-a709-c88801270567,327bd0c7-1683-4040-acc7-092253a17b1c,c1,DROP,683,?,x4,
1769494623.7951179,FORWARDED,cb7ecea1-586d-4ff3-a709-c88801270567,327bd0c7-1683-4040-acc7-092253a17b1c,c1,DROP,683,?,x4,
1769494623.8505366,RECEIVED,6a0cea0e-832f-4da7-8364-2fa964ce7382,9bfe1116-646b-477a-8e3e-47f9e575f694,c3,DROP,1021,e12,?,
1769494623.8675869,SENT,11193d09-9c48-44ec-bd21-dddcaabe3f22,7e531fe1-517c-4876-9586-6f55d9789e20,c5,c2,1251,?,x4,
1769494623.867628,FORWARDED,11193d09-9c48-44ec-bd21-dddcaabe3f22,7e531fe1-517c-4876-9586-6f55d9789e20,c5,c2,1251,?,x4,
1769494623.9317977,SENT,8dc219b1-cad8-488b-b750-62f8bc1b42dd,d22578d9-8166-429b-ae88-f609b3e9ce2c,c1,c5,1264,?,x8,
1769494623.931839,FORWARDED,8dc219b1-cad8-488b-b750-62f8bc1b42dd,d22578d9-8166-429b-ae88-f609b3e9ce2c,c1,c5,1264,?,x8,
1769494623.9714947,RECEIVED,39724040-16f1-40bf-a1a9-f6b228b5a4ca,7660e04f-dd7c-4a4e-836b-b0a255245a48,c1,DROP,442,x7,?,
1769494624.0141933,RECEIVED,6cebed45-e3b5-4be8-8e74-b09ca49c9a0e,70bb18ee-94f5-4ed4-9e76-2a0d46658d94,c5,DROP,1019,e10,?,
1769494624.023933,RECEIVED,26f84f22-81dd-4141-9113-6cf144da6df9,29a12cdb-667b-4b68-bd4f-75db13cd10d8,c4,DROP,1015,e6,?,
1769494624.0595403,RECEIVED,fa4bd3cf-cf56-48c4-9394-ee93069497f9,6c204bc9-cd8e-404a-9233-e350444a2b41,c1,c5,1779,e11,?,
1769494624.1583264,RECEIVED,01cf803d-1ffc-4d70-83b2-7dd3165cdb91,0d6fa41d-7497-41d7-baf9-3f44d317f758,c1,c5,1788,e7,?,
1769494624.1699357,RECEIVED,f95e620f-b1f3-4542-b3f2-6c7da15ccbc7,7dbee586-d47f-4b81-83f5-d80428156300,c4,DROP,1016,e12,?,
1769494624.2598658,RECEIVED,8c614218-7448-4f98-885e-c42e9eb6e61e,b75c5ae6-8d62-445a-86b1-d8ef6ca8a770,c5,DROP,1008,e3,?,
1769494624.2732134,SENT,01cf803d-1ffc-4d70-83b2-7dd3165cdb91,0d6fa41d-7497-41d7-baf9-3f44d317f758,c1,c5,1268,?,x4,
1769494624.2732556,FORWARDED,01cf803d-1ffc-4d70-83b2-7dd3165cdb91,0d6fa41d-7497-41d7-baf9-3f44d317f758,c1,c5,1268,?,x4,
1769494624.275489,RECEIVED,ed263ac4-6db4-43c0-b77c-d2507aa202dd,9d3c6d5c-55d8-4144-b266-533dc051e4c9,c3,DROP,441,x4,?,
1769494624.2799563,SENT,396dc3a8-6936-42d2-a83a-e4eba947b100,afda10c8-af07-4446-a74e-c88a7538ab10,c4,DROP,691,?,x11,
1769494624.2799962,FORWARDED,396dc3a8-6936-42d2-a83a-e4eba947b100,afda10c8-af07-4446-a74e-c88a7538ab10,c4,DROP,691,?,x11,
1769494624.298239,SENT,6a0cea0e-832f-4da7-8364-2fa964ce7382,9bfe1116-646b-477a-8e3e-47f9e575f694,c3,DROP,693,?,x10,
1769494624.2982824,FORWARDED,6a0cea0e-832f-4da7-8364-2fa964ce7382,9bfe1116-646b-477a-8e3e-47f9e575f694,c3,DROP,693,?,x10,
1769494624.3970811,SENT,8c614218-7448-4f98-885e-c42e9eb6e61e,b75c5ae6-8d62-445a-86b1-d8ef6ca8a770,c5,DROP,684,?,x4,
1769494624.3971229,FORWARDED,8c614218-7448-4f98-885e-c42e9eb6e61e,b75c5ae6-8d62-445a-86b1-d8ef6ca8a770,c5,DROP,684,?,x4,
1769494624.6112664,RECEIVED,f619b436-b749-4572-881c-9650f0ff46c0,874b6db1-cfea-4ae8-8c79-1a4afd515da2,c3,c5,1771,e2,?,
1769494624.767486,RECEIVED,0a2e8d61-1f3e-4b48-aaa9-f4bd3c49eb7b,c6e3a053-34d7-433c-9877-1b7b50782753,c5,DROP,1017,e4,?,
1769494624.7939656,SENT,f95e620f-b1f3-4542-b3f2-6c7da15ccbc7,7dbee586-d47f-4b81-83f5-d80428156300,c4,DROP,690,?,x10,
1769494624.794591,FORWARDED,f95e620f-b1f3-4542-b3f2-6c7da15ccbc7,7dbee586-d47f-4b81-83f5-d80428156300,c4,DROP,690,?,x10,
1769494624.8843215,SENT,fa4bd3cf-cf56-48c4-9394-ee93069497f9,6c204bc9-cd8e-404a-9233-e350444a2b41,c1,c5,1263,?,x5,
1769494624.8843606,FORWARDED,fa4bd3cf-cf56-48c4-9394-ee93069497f9,6c204bc9-cd8e-404a-9233-e350444a2b41,c1,c5,1263,?,x5,
1769494624.8916347,RECEIVED,5641a8ac-d13f-4e16-956b-f5c64186539d,6533b957-ddc5-4de3-8420-064d7236cbd0,c2,DROP,1012,e3,?,
1769494624.8941112,SENT,26f84f22-81dd-4141-9113-6cf144da6df9,29a12cdb-667b-4b68-bd4f-75db13cd10d8,c4,DROP,688,?,x1,
1769494624.894152,FORWARDED,26f84f22-81dd-4141-9113-6cf144da6df9,29a12cdb-667b-4b68-bd4f-75db13cd10d8,c4,DROP,688,?,x1,
1769494625.0266109,SENT,0a2e8d61-1f3e-4b48-aaa9-f4bd3c49eb7b,c6e3a053-34d7-433c-9877-1b7b50782753,c5,DROP,690,?,x12,
1769494625.0266535,FORWARDED,0a2e8d61-1f3e-4b48-aaa9-f4bd3c49eb7b,c6e3a053-34d7-433c-9877-1b7b50782753,c5,DROP,690,?,x12,
1769494625.1052573,SENT,5641a8ac-d13f-4e16-956b-f5c64186539d,6533b957-ddc5-4de3-8420-064d7236cbd0,c2,DROP,687,?,x8,
1769494625.1052966,FORWARDED,5641a8ac-d13f-4e16-956b-f5c64186539d,6533b957-ddc5-4de3-8420-064d7236cbd0,c2,DROP,687,?,x8,
1769494625.3015857,SENT,6cebed45-e3b5-4be8-8e74-b09ca49c9a0e,70bb18ee-94f5-4ed4-9e76-2a0d46658d94,c5,DROP,692,?,x4,
1769494625.3016288,FORWARDED,6cebed45-e3b5-4be8-8e74-b09ca49c9a0e,70bb18ee-94f5-4ed4-9e76-2a0d46658d94,c5,DROP,692,?,x4,
1769494625.3383303,RECEIVED,fe10bf93-ea3e-4014-a1f3-e36f993ffab4,f6b570b3-a9e8-418c-b75a-e503b461113b,c1,DROP,1012,e2,?,
1769494625.3761785,RECEIVED,5f6bbb1c-633e-4ed1-b979-76cae47c40bc,6c21dc3e-ae5b-4857-93f8-f19a097525b2,c2,c3,1780,e10,?,
1769494625.4011679,RECEIVED,6a26263f-e9ed-4c52-ac04-8f93320bcb5b,47114da6-927d-43ea-98ed-ef6fb06cdaf9,c1,DROP,441,x6,?,
1769494625.4654696,SENT,f619b436-b749-4572-881c-9650f0ff46c0,874b6db1-cfea-4ae8-8c79-1a4afd515da2,c3,c5,1256,?,x3,
1769494625.465506,FORWARDED,f619b436-b749-4572-881c-9650f0ff46c0,874b6db1-cfea-4ae8-8c79-1a4afd515da2,c3,c5,1256,?,x3,
1769494625.618993,SENT,5f6bbb1c-633e-4ed1-b979-76cae47c40bc,6c21dc3e-ae5b-4857-93f8-f19a097525b2,c2,c3,1263,?,x6,
1769494625.6190357,FORWARDED,5f6bbb1c-633e-4ed1-b979-76cae47c40bc,6c21dc3e-ae5b-4857-93f8-f19a097525b2,c2,c3,1263,?,x6,
1769494625.710232,RECEIVED,81864109-db57-44a0-9a76-23891da77488,b89788d9-365e-4227-9133-b7b74caecbdb,c1,DROP,1017,e6,?,
1769494625.7607033,SENT,fe10bf93-ea3e-4014-a1f3-e36f993ffab4,f6b570b3-a9e8-418c-b75a-e503b461113b,c1,DROP,687,?,x3,
1769494625.7607439,FORWARDED,fe10bf93-ea3e-4014-a1f3-e36f993ffab4,f6b570b3-a9e8-418c-b75a-e503b461113b,c1,DROP,687,?,x3,
1769494626.2132316,SENT,81864109-db57-44a0-9a76-23891da77488,b89788d9-365e-4227-9133-b7b74caecbdb,c1,DROP,688,?,x11,
1769494626.2132738,FORWARDED,81864109-db57-44a0-9a76-23891da77488,b89788d9-365e-4227-9133-b7b74caecbdb,c1,DROP,688,?,x11,
1769494626.2966812,RECEIVED,8595bb8c-6e6f-48d9-bdb0-2a670d2bdcdf,88c62067-d750-45ee-90dc-de86c5663f33,c2,DROP,1019,e11,?,
1769494626.4165578,RECEIVED,197c88c0-0857-4a13-b973-7e05456cc77d,7c94d74d-7032-4dfc-851f-5b903509a946,c5,DROP,1020,e2,?,
1769494626.4792697,RECEIVED,07b6c35c-5038-41ca-8f8c-b88871367c56,ace51d0a-a90b-4c61-81a1-4fe18067334d,c4,DROP,1020,e10,?,
1769494626.5449889,RECEIVED,89548634-af62-4d6d-a8b0-020b53b0af39,52087fdd-f150-4f44-930d-985c2ea0657f,c4,c5,1766,e12,?,
1769494626.601357,SENT,07b6c35c-5038-41ca-8f8c-b88871367c56,ace51d0a-a90b-4c61-81a1-4fe18067334d,c4,DROP,692,?,x6,
1769494626.6013968,FORWARDED,07b6c35c-5038-41ca-8f8c-b88871367c56,ace51d0a-a90b-4c61-81a1-4fe18067334d,c4,DROP,692,?,x6,
1769494626.8319445,SENT,8595bb8c-6e6f-48d9-bdb0-2a670d2bdcdf,88c62067-d750-45ee-90dc-de86c5663f33,c2,DROP,692,?,x1,
1769494626.831985,FORWARDED,8595bb8c-6e6f-48d9-bdb0-2a670d2bdcdf,88c62067-d750-45ee-90dc-de86c5663f33,c2,DROP,692,?,x1,
1769494626.930277,RECEIVED,25894fa9-9225-4849-ba28-3db7daf34d75,b26f0272-1bb3-4a03-9911-c74f7bc50534,c5,DROP,446,x1,?,
1769494627.3284078,RECEIVED,d6639feb-7124-4fe5-8f74-844bc2ed1faa,4645e212-efcb-40dd-ae7f-d077b00ff81d,c3,DROP,1008,e8,?,
1769494627.3435893,RECEIVED,12a9ee26-afe2-4f3e-a171-37a28b57fa65,03ff460d-de95-4a02-b8b7-88111f788898,c2,DROP,446,x11,?,
1769494627.414809,RECEIVED,66a2c922-beda-4413-aa98-6e0fdb99bdb8,4a9fb547-0940-4bcf-969f-9a4d564b9ee4,c2,c3,1783,e10,?,
1769494627.4296265,SENT,d6639feb-7124-4fe5-8f74-844bc2ed1faa,4645e212-efcb-40dd-ae7f-d077b00ff81d,c3,DROP,684,?,x8,
1769494627.4296703,FORWARDED,d6639feb-7124-4fe5-8f74-844bc2ed1faa,4645e212-efcb-40dd-ae7f-d077b00ff81d,c3,DROP,684,?,x8,
1769494627.5835571,SENT,197c88c0-0857-4a13-b973-7e05456cc77d,7c94d74d-7032-4dfc-851f-5b903509a946,c5,DROP,693,?,x10,
1769494627.583598,FORWARDED,197c88c0-0857-4a13-b973-7e05456cc77d,7c94d74d-7032-4dfc-851f-5b903509a946,c5,DROP,693,?,x10,
1769494627.6547143,SENT,89548634-af62-4d6d-a8b0-020b53b0af39,52087fdd-f150-4f44-930d-985c2ea0657f,c4,c5,1252,?,x6,
1769494627.6547515,FORWARDED,89548634-af62-4d6d-a8b0-020b53b0af39,52087fdd-f150-4f44-930d-985c2ea0657f,c4,c5,1252,?,x6,
1769494627.7369108,RECEIVED,de78fe74-db1b-4e9a-8a56-245ba4212fe7,a84d6853-9287-444a-b768-e9d3adde7999,c5,DROP,1019,e10,?,
1769494627.8984995,SENT,66a2c922-beda-4413-aa98-6e0fdb99bdb8,4a9fb547-0940-4bcf-969f-9a4d564b9ee4,c2,c3,1264,?,x6,
1769494627.898549,FORWARDED,66a2c922-beda-4413-aa98-6e0fdb99bdb8,4a9fb547-0940-4bcf-969f-9a4d564b9ee4,c2,c3,1264,?,x6,
1769494628.513083,RECEIVED,cfcf92d0-4bfd-4864-9c5d-ea6cc029c4b6,d2e61106-905c-4a8f-8dd8-45e3912a71af,c5,c2,1775,e8,?,
1769494628.6990056,RECEIVED,8483c60f-7fb1-41d2-998a-a3ad155837e7,78196e78-0d67-45ba-82fb-d17f53afd672,c2,c3,1771,e4,?,
1769494628.8035572,RECEIVED,50273f35-d9dc-4592-ad43-82c661d1a493,2e1aa607-a46c-47ee-ab6c-85f09b9fc4fa,c1,DROP,1019,e10,?,
1769494628.969074,RECEIVED,47be147d-5d34-4a1c-b0d2-0cf8d6530dc9,99bf4fbf-7484-405e-8877-48ede04197bc,c2,DROP,1021,e4,?,
1769494628.993934,SENT,8483c60f-7fb1-41d2-998a-a3ad155837e7,78196e78-0d67-45ba-82fb-d17f53afd672,c2,c3,1256,?,x3,
1769494628.993976,FORWARDED,8483c60f-7fb1-41d2-998a-a3ad155837e7,78196e78-0d67-45ba-82fb-d17f53afd672,c2,c3,1256,?,x3,
1769494629.0185056,SENT,47be147d-5d34-4a1c-b0d2-0cf8d6530dc9,99bf4fbf-7484-405e-8877-48ede04197bc,c2,DROP,692,?,x3,
1769494629.0185483,FORWARDED,47be147d-5d34-4a1c-b0d2-0cf8d6530dc9,99bf4fbf-7484-405e-8877-48ede04197bc,c2,DROP,692,?,x3,
1769494629.115856,SENT,cfcf92d0-4bfd-4864-9c5d-ea6cc029c4b6,d2e61106-905c-4a8f-8dd8-45e3912a71af,c5,c2,1258,?,x5,
1769494629.1158996,FORWARDED,cfcf92d0-4bfd-4864-9c5d-ea6cc029c4b6,d2e61106-905c-4a8f-8dd8-45e3912a71af,c5,c2,1258,?,x5,
1769494629.11748,RECEIVED,ddeb01cb-6c04-4048-9104-3d4b00e2567d,764af329-c9b8-4476-8127-ed5c238096f3,c5,DROP,1020,e8,?,
1769494629.2884874,RECEIVED,7cbc6419-11a6-477a-9dde-f19a2a908778,867c8a2c-73f0-4098-a2c3-9a3b392f69fc,c1,DROP,1007,e2,?,
1769494629.3497143,SENT,de78fe74-db1b-4e9a-8a56-245ba4212fe7,a84d6853-9287-444a-b768-e9d3adde7999,c5,DROP,693,?,x3,
1769494629.3497498,FORWARDED,de78fe74-db1b-4e9a-8a56-245ba4212fe7,a84d6853-9287-444a-b768-e9d3adde7999,c5,DROP,693,?,x3,
1769494629.604094,SENT,50273f35-d9dc-4592-ad43-82c661d1a493,2e1aa607-a46c-47ee-ab6c-85f09b9fc4fa,c1,DROP,693,?,x3,
1769494629.6041365,FORWARDED,50273f35-d9dc-4592-ad43-82c661d1a493,2e1aa607-a46c-47ee-ab6c-85f09b9fc4fa,c1,DROP,693,?,x3,
1769494629.8256187,RECEIVED,6e699eb4-1e57-4a32-868f-ba5bbb19e5b9,5b6d4913-aadf-4a4c-b399-5a0537967fae,c5,DROP,1020,e11,?,
1769494629.9178803,SENT,6e699eb4-1e57-4a32-868f-ba5bbb19e5b9,5b6d4913-aadf-4a4c-b399-5a0537967fae,c5,DROP,692,?,x6,
1769494629.917923,FORWARDED,6e699eb4-1e57-4a32-868f-ba5bbb19e5b9,5b6d4913-aadf-4a4c-b399-5a0537967fae,c5,DROP,692,?,x6,
1769494629.9242504,RECEIVED,6cc4f4ff-57c2-455e-a839-5bcd6b9382b6,510bb849-4ca6-4fd0-954a-7a61bf202cc6,c3,DROP,1003,e3,?,
1769494629.9697833,SENT,7cbc6419-11a6-477a-9dde-f19a2a908778,867c8a2c-73f0-4098-a2c3-9a3b392f69fc,c1,DROP,684,?,x5,
1769494629.969824,FORWARDED,7cbc6419-11a6-477a-9dde-f19a2a908778,867c8a2c-73f0-4098-a2c3-9a3b392f69fc,c1,DROP,684,?,x5,
1769494630.0015092,RECEIVED,3f8264a9-2f3f-4a56-8e64-0d63c95cea5d,d4b4f6ff-c99b-4945-9f07-a158831e5fc0,c3,c5,1775,e11,?,
1769494630.0463083,RECEIVED,8a9aa3ba-c581-4195-8763-acde58410bf9,b8e304ab-e660-4c6b-96d1-085c3b8fb9cc,c1,DROP,1012,e5,?,
1769494630.071659,RECEIVED,df9af9d1-5b41-441e-ac3d-58c36ccf47fa,cfcba16b-c291-47c4-9318-8c3cc0bf6eec,c5,DROP,1011,e7,?,
1769494630.2030168,SENT,8a9aa3ba-c581-4195-8763-acde58410bf9,b8e304ab-e660-4c6b-96d1-085c3b8fb9cc,c1,DROP,686,?,x7,
1769494630.2030742,FORWARDED,8a9aa3ba-c581-4195-8763-acde58410bf9,b8e304ab-e660-4c6b-96d1-085c3b8fb9cc,c1,DROP,686,?,x7,
1769494630.2461803,SENT,df9af9d1-5b41-441e-ac3d-58c36ccf47fa,cfcba16b-c291-47c4-9318-8c3cc0bf6eec,c5,DROP,685,?,x9,
1769494630.246233,FORWARDED,df9af9d1-5b41-441e-ac3d-58c36ccf47fa,cfcba16b-c291-47c4-9318-8c3cc0bf6eec,c5,DROP,685,?,x9,
1769494630.2934754,SENT,ddeb01cb-6c04-4048-9104-3d4b00e2567d,764af329-c9b8-4476-8127-ed5c238096f3,c5,DROP,692,?,x10,
1769494630.2935195,FORWARDED,ddeb01cb-6c04-4048-9104-3d4b00e2567d,764af329-c9b8-4476-8127-ed5c238096f3,c5,DROP,692,?,x10,
1769494630.3399627,RECEIVED,938c7efb-b98a-452b-90e7-9666fe17ffb6,d9a06e78-3ee4-4e0b-8e09-d553bf837c04,c5,DROP,1015,e3,?,
1769494630.3629153,SENT,6cc4f4ff-57c2-455e-a839-5bcd6b9382b6,510bb849-4ca6-4fd0-954a-7a61bf202cc6,c3,DROP,681,?,x7,
1769494630.3629582,FORWARDED,6cc4f4ff-57c2-455e-a839-5bcd6b9382b6,510bb849-4ca6-4fd0-954a-7a61bf202cc6,c3,DROP,681,?,x7,
1769494630.4167316,RECEIVED,286b47c3-3c4b-4d43-b84f-ac91b0aa0f69,63ebd740-427e-4845-be8f-cc3aea16da66,c2,DROP,1015,e9,?,
1769494630.474005,RECEIVED,5f9ac95c-e026-43d2-b1f6-b9eb1d4a4861,95adc49b-f09b-4c98-9e4f-d3d3f278c618,c2,DROP,445,x4,?,
1769494630.505639,SENT,3f8264a9-2f3f-4a56-8e64-0d63c95cea5d,d4b4f6ff-c99b-4945-9f07-a158831e5fc0,c3,c5,1260,?,x2,
1769494630.5056818,FORWARDED,3f8264a9-2f3f-4a56-8e64-0d63c95cea5d,d4b4f6ff-c99b-4945-9f07-a158831e5fc0,c3,c5,1260,?,x2,
1769494630.5596714,RECEIVED,b60ec245-2918-48f1-b06b-3fb419f080d5,ab2b3bfd-4c87-4935-bac6-6534bd445e25,c3,DROP,1019,e11,?,
1769494630.7193825,RECEIVED,53d90667-7a48-4b77-a705-60be780edbaf,2e2f51fb-1b14-4cd2-9f24-5019ec2d0b0e,c5,DROP,441,x9,?,
1769494630.7638001,SENT,286b47c3-3c4b-4d43-b84f-ac91b0aa0f69,63ebd740-427e-4845-be8f-cc3aea16da66,c2,DROP,688,?,x3,
1769494630.7638423,FORWARDED,286b47c3-3c4b-4d43-b84f-ac91b0aa0f69,63ebd740-427e-4845-be8f-cc3aea16da66,c2,DROP,688,?,x3,
1769494630.7657826,RECEIVED,233c79ff-5999-4a5a-81cb-270cb1ebc7a6,7295456b-3ca5-4c75-b9a4-9e245def3744,c4,DROP,1007,e1,?,
1769494630.77623,SENT,938c7efb-b98a-452b-90e7-9666fe17ffb6,d9a06e78-3ee4-4e0b-8e09-d553bf837c04,c5,DROP,689,?,x8,
1769494630.7762723,FORWARDED,938c7efb-b98a-452b-90e7-9666fe17ffb6,d9a06e78-3ee4-4e0b-8e09-d553bf837c04,c5,DROP,689,?,x8,
1769494631.148736,RECEIVED,d13aa1af-f8af-4df2-b247-aeb352f5f437,58b0621c-f1e5-458c-a84f-9cc5cafcaa9d,c1,DROP,1020,e3,?,
1769494631.2318318,RECEIVED,111986a3-4b4b-46c1-b088-aa718e627902,c9c9a53b-f114-4083-a116-fcc25afee006,c2,DROP,1007,e4,?,
1769494631.2979255,SENT,d13aa1af-f8af-4df2-b247-aeb352f5f437,58b0621c-f1e5-458c-a84f-9cc5cafcaa9d,c1,DROP,692,?,x10,
1769494631.297964,FORWARDED,d13aa1af-f8af-4df2-b247-aeb352f5f437,58b0621c-f1e5-458c-a84f-9cc5cafcaa9d,c1,DROP,692,?,x10,
1769494631.3769183,RECEIVED,8be99208-b6a2-49f3-a130-d96cbbd7c831,12822e41-eb2c-4346-b80c-1f6f229917b8,c4,DROP,1021,e5,?,
1769494631.4435399,SENT,8be99208-b6a2-49f3-a130-d96cbbd7c831,12822e41-eb2c-4346-b80c-1f6f229917b8,c4,DROP,693,?,x12,
1769494631.4435809,FORWARDED,8be99208-b6a2-49f3-a130-d96cbbd7c831,12822e41-eb2c-4346-b80c-1f6f229917b8,c4,DROP,693,?,x12,
1769494631.5105464,RECEIVED,a55281fa-2a68-4bfa-8726-66341960a4ad,6c22485f-03d4-4e7b-be07-b36a6dacd2f4,c2,DROP,1020,e9,?,
1769494631.521487,RECEIVED,6fbce0d7-4bc9-4f3b-b361-daa8a75cd82d,2ac1be1c-4cac-4290-bbb2-b74bb2d30b10,c5,c2,1760,e4,?,
1769494631.6327112,SENT,233c79ff-5999-4a5a-81cb-270cb1ebc7a6,7295456b-3ca5-4c75-b9a4-9e245def3744,c4,DROP,683,?,x1,
1769494631.6327507,FORWARDED,233c79ff-5999-4a5a-81cb-270cb1ebc7a6,7295456b-3ca5-4c75-b9a4-9e245def3744,c4,DROP,683,?,x1,
1769494631.6632378,SENT,6fbce0d7-4bc9-4f3b-b361-daa8a75cd82d,2ac1be1c-4cac-4290-bbb2-b74bb2d30b10,c5,c2,1247,?,x7,
1769494631.66328,FORWARDED,6fbce0d7-4bc9-4f3b-b361-daa8a75cd82d,2ac1be1c-4cac-4290-bbb2-b74bb2d30b10,c5,c2,1247,?,x7,
1769494631.7013662,RECEIVED,1a11c390-4e63-4b11-ae10-e7668c2b9ee5,1c2be9bd-3456-4c27-b992-0ceac7b7d123,c2,DROP,1013,e5,?,
1769494631.7337313,SENT,a55281fa-2a68-4bfa-8726-66341960a4ad,6c22485f-03d4-4e7b-be07-b36a6dacd2f4,c2,DROP,692,?,x11,
1769494631.7337697,FORWARDED,a55281fa-2a68-4bfa-8726-66341960a4ad,6c22485f-03d4-4e7b-be07-b36a6dacd2f4,c2,DROP,692,?,x11,
1769494631.7734826,RECEIVED,db8829aa-c31d-4724-a425-1d32375e9140,f87faa1c-5584-4854-9c17-867f538d4e3b,c5,DROP,1013,e8,?,
1769494631.7931383,RECEIVED,24c1931a-1aa4-4b0a-97f8-a172292b083c,662f9ec3-c33d-49ca-bd8b-332bc75036d6,c1,DROP,447,x10,?,
1769494631.8614266,SENT,1a11c390-4e63-4b11-ae10-e7668c2b9ee5,1c2be9bd-3456-4c27-b992-0ceac7b7d123,c2,DROP,687,?,x12,
1769494631.8615212,FORWARDED,1a11c390-4e63-4b11-ae10-e7668c2b9ee5,1c2be9bd-3456-4c27-b992-0ceac7b7d123,c2,DROP,687,?,x12,
1769494631.918474,RECEIVED,8538de35-3a40-41b5-87d5-d8f59bd07387,1c93e96d-8f1e-4fd6-9965-0edabb4e3e9b,c2,DROP,1021,e4,?,
1769494631.9364138,RECEIVED,0725e886-64cb-4f62-9820-8a9a3aebce9c,9ad4c2d5-22ec-4604-ac2b-fcc7b36f34d3,c3,c5,1763,e5,?,
1769494631.983747,RECEIVED,dbec7a8b-33e4-41e9-b569-2e11921e2905,da95f902-cf75-43a1-9824-0af483561fe1,c3,DROP,1007,e2,?,
1769494631.9989986,SENT,111986a3-4b4b-46c1-b088-aa718e627902,c9c9a53b-f114-4083-a116-fcc25afee006,c2,DROP,684,?,x5,
1769494631.9990406,FORWARDED,111986a3-4b4b-46c1-b088-aa718e627902,c9c9a53b-f114-4083-a116-fcc25afee006,c2,DROP,684,?,x5,
1769494632.0938282,SENT,b60ec245-2918-48f1-b06b-3fb419f080d5,ab2b3bfd-4c87-4935-bac6-6534bd445e25,c3,DROP,692,?,x8,
1769494632.0938733,FORWARDED,b60ec245-2918-48f1-b06b-3fb419f080d5,ab2b3bfd-4c87-4935-bac6-6534bd445e25,c3,DROP,692,?,x8,
1769494632.1380951,SENT,8538de35-3a40-41b5-87d5-d8f59bd07387,1c93e96d-8f1e-4fd6-9965-0edabb4e3e9b,c2,DROP,692,?,x12,
1769494632.1381376,FORWARDED,8538de35-3a40-41b5-87d5-d8f59bd07387,1c93e96d-8f1e-4fd6-9965-0edabb4e3e9b,c2,DROP,692,?,x12,
1769494632.164799,SENT,0725e886-64cb-4f62-9820-8a9a3aebce9c,9ad4c2d5-22ec-4604-ac2b-fcc7b36f34d3,c3,c5,1251,?,x1,
1769494632.164841,FORWARDED,0725e886-64cb-4f62-9820-8a9a3aebce9c,9ad4c2d5-22ec-4604-ac2b-fcc7b36f34d3,c3,c5,1251,?,x1,
1769494632.1699986,SENT,db8829aa-c31d-4724-a425-1d32375e9140,f87faa1c-5584-4854-9c17-867f538d4e3b,c5,DROP,689,?,x5,
1769494632.170037,FORWARDED,db8829aa-c31d-4724-a425-1d32375e9140,f87faa1c-5584-4854-9c17-867f538d4e3b,c5,DROP,689,?,x5,
1769494632.1988192,SENT,dbec7a8b-33e4-41e9-b569-2e11921e2905,da95f902-cf75-43a1-9824-0af483561fe1,c3,DROP,684,?,x8,
1769494632.19886,FORWARDED,dbec7a8b-33e4-41e9-b569-2e11921e2905,da95f902-cf75-43a1-9824-0af483561fe1,c3,DROP,684,?,x8,
1769494632.2314389,RECEIVED,d90317da-a01f-4887-8b57-62e9f1bcbe8f,a57b56db-7cb4-4695-8623-2c51b45bf8bf,c2,DROP,1015,e12,?,
1769494632.2873113,RECEIVED,3b46780b-49e0-4dbc-8634-18f85bad07c9,9860568a-a301-4e56-aa8d-b6a86f812510,c3,DROP,1019,e1,?,
1769494632.504912,RECEIVED,d634cf59-a931-4f4b-8a1b-919be05b2574,73c90c9b-69ae-4d3c-ad32-31afd8f4a230,c5,DROP,441,x2,?,
1769494632.598428,SENT,3b46780b-49e0-4dbc-8634-18f85bad07c9,9860568a-a301-4e56-aa8d-b6a86f812510,c3,DROP,691,?,x10,
1769494632.5984676,FORWARDED,3b46780b-49e0-4dbc-8634-18f85bad07c9,9860568a-a301-4e56-aa8d-b6a86f812510,c3,DROP,691,?,x10,
1769494632.652748,RECEIVED,99848b3f-9b0f-4080-aff6-0ab21cc9d81c,ef71bb4e-0709-4e13-b527-3d365c7507fe,c5,DROP,1011,e4,?,
1769494632.6616652,RECEIVED,b834eff3-e57a-43d0-adf2-f49ae9b03306,2705d84f-367c-423f-9b83-7f50e38ead1e,c5,DROP,1015,e3,?,
1769494632.7855225,RECEIVED,74969594-15f9-4fe5-be2b-b6c6af658714,c5d79f84-0713-434d-a839-8b3e036f8d97,c1,c5,1771,e1,?,
1769494632.8032124,RECEIVED,0f10a7a2-6aab-4f7b-8b26-f33219d5b2c7,357a2d1a-cdd7-4723-b4cb-8119b74ebe50,c4,DROP,1021,e9,?,
1769494633.019575,RECEIVED,ab994221-bbec-4de9-9b2a-532afad89dbd,606bb5f2-f0ea-49e6-9f37-e8b6a5af42cb,c2,DROP,1012,e10,?,
1769494633.043108,RECEIVED,02660e65-8138-4b69-9115-e0645a25bd22,16182adb-696e-4828-aa41-802227015e81,c5,DROP,1015,e5,?,
1769494633.046031,RECEIVED,d0321f56-3d40-491b-9755-ae83ea0617c6,e7fed0ef-1ac8-4881-9854-9d378d84008c,c5,DROP,1019,e5,?,
1769494633.1331792,SENT,0f10a7a2-6aab-4f7b-8b26-f33219d5b2c7,357a2d1a-cdd7-4723-b4cb-8119b74ebe50,c4,DROP,691,?,x10,
1769494633.1332219,FORWARDED,0f10a7a2-6aab-4f7b-8b26-f33219d5b2c7,357a2d1a-cdd7-4723-b4cb-8119b74ebe50,c4,DROP,691,?,x10,
1769494633.1475654,SENT,ab994221-bbec-4de9-9b2a-532afad89dbd,606bb5f2-f0ea-49e6-9f37-e8b6a5af42cb,c2,DROP,685,?,x3,
1769494633.1476057,FORWARDED,ab994221-bbec-4de9-9b2a-532afad89dbd,606bb5f2-f0ea-49e6-9f37-e8b6a5af42cb,c2,DROP,685,?,x3,
1769494633.1918302,RECEIVED,3299ada0-c71b-4eda-a489-708e14625f59,213be8d7-0a9e-4932-9c18-a1bb1e9183d7,c4,DROP,1007,e1,?,
1769494633.240566,SENT,99848b3f-9b0f-4080-aff6-0ab21cc9d81c,ef71bb4e-0709-4e13-b527-3d365c7507fe,c5,DROP,687,?,x12,
1769494633.240607,FORWARDED,99848b3f-9b0f-4080-aff6-0ab21cc9d81c,ef71bb4e-0709-4e13-b527-3d365c7507fe,c5,DROP,687,?,x12,
1769494633.4007778,SENT,d90317da-a01f-4887-8b57-62e9f1bcbe8f,a57b56db-7cb4-4695-8623-2c51b45bf8bf,c2,DROP,690,?,x6,
1769494633.4008229,FORWARDED,d90317da-a01f-4887-8b57-62e9f1bcbe8f,a57b56db-7cb4-4695-8623-2c51b45bf8bf,c2,DROP,690,?,x6,
1769494633.4411392,SENT,74969594-15f9-4fe5-be2b-b6c6af658714,c5d79f84-0713-434d-a839-8b3e036f8d97,c1,c5,1256,?,x6,
1769494633.4411774,FORWARDED,74969594-15f9-4fe5-be2b-b6c6af658714,c5d79f84-0713-434d-a839-8b3e036f8d97,c1,c5,1256,?,x6,
1769494633.461735,RECEIVED,8be9fc1f-753b-4253-b820-1093a8b3fc75,4580f4f7-50e4-4272-8655-b33ccfdad12b,c2,DROP,1016,e7,?,
1769494633.4621809,SENT,02660e65-8138-4b69-9115-e0645a25bd22,16182adb-696e-4828-aa41-802227015e81,c5,DROP,689,?,x4,
1769494633.4622178,FORWARDED,02660e65-8138-4b69-9115-e0645a25bd22,16182adb-696e-4828-aa41-802227015e81,c5,DROP,689,?,x4,
1769494633.5072405,SENT,b834eff3-e57a-43d0-adf2-f49ae9b03306,2705d84f-367c-423f-9b83-7f50e38ead1e,c5,DROP,689,?,x4,
1769494633.507282,FORWARDED,b834eff3-e57a-43d0-adf2-f49ae9b03306,2705d84f-367c-423f-9b83-7f50e38ead1e,c5,DROP,689,?,x4,
1769494633.5716887,SENT,8be9fc1f-753b-4253-b820-1093a8b3fc75,4580f4f7-50e4-4272-8655-b33ccfdad12b,c2,DROP,688,?,x6,
1769494633.5717263,FORWARDED,8be9fc1f-753b-4253-b820-1093a8b3fc75,4580f4f7-50e4-4272-8655-b33ccfdad12b,c2,DROP,688,?,x6,
1769494633.8193119,RECEIVED,e4f338f9-7358-4a60-a0d5-60f3dc28ee03,6b556a8d-9a0e-4279-961c-943f8efd25de,c1,c5,1773,e7,?,
1769494633.821553,SENT,d0321f56-3d40-491b-9755-ae83ea0617c6,e7fed0ef-1ac8-4881-9854-9d378d84008c,c5,DROP,693,?,x2,
1769494633.8215904,FORWARDED,d0321f56-3d40-491b-9755-ae83ea0617c6,e7fed0ef-1ac8-4881-9854-9d378d84008c,c5,DROP,693,?,x2,
1769494634.339519,RECEIVED,e595d245-2f71-4314-bf1d-c987cee24498,d8a09384-e134-4b93-9f28-bc2b163b3fcd,c4,DROP,1011,e6,?,
1769494634.9603982,SENT,e595d245-2f71-4314-bf1d-c987cee24498,d8a09384-e134-4b93-9f28-bc2b163b3fcd,c4,DROP,685,?,x1,
1769494634.9604404,FORWARDED,e595d245-2f71-4314-bf1d-c987cee24498,d8a09384-e134-4b93-9f28-bc2b163b3fcd,c4,DROP,685,?,x1,
1769494634.9855967,RECEIVED,64646b3a-3243-4c54-83eb-b80883283d4c,d365ba3f-053c-4c98-a8b8-2b72e184c36d,c2,DROP,1008,e10,?,
1769494635.1238697,SENT,e4f338f9-7358-4a60-a0d5-60f3dc28ee03,6b556a8d-9a0e-4279-961c-943f8efd25de,c1,c5,1260,?,x7,
1769494635.1239102,FORWARDED,e4f338f9-7358-4a60-a0d5-60f3dc28ee03,6b556a8d-9a0e-4279-961c-943f8efd25de,c1,c5,1260,?,x7,
1769494635.183262,SENT,3299ada0-c71b-4eda-a489-708e14625f59,213be8d7-0a9e-4932-9c18-a1bb1e9183d7,c4,DROP,684,?,x5,
1769494635.183301,FORWARDED,3299ada0-c71b-4eda-a489-708e14625f59,213be8d7-0a9e-4932-9c18-a1bb1e9183d7,c4,DROP,684,?,x5,
1769494635.2902846,RECEIVED,d6f35b3f-0191-43c6-a078-0f80b09be1d8,2380dd6f-9c83-4a1c-9fa1-ca4d7ec5429e,c3,DROP,1007,e12,?,
1769494635.2985327,RECEIVED,e0d82762-13b7-4486-b7ac-3dd14c1f5a70,6567bdab-9eb7-4b29-8647-c5f38a3dc56c,c4,DROP,445,x4,?,
1769494635.3777847,RECEIVED,1e67575b-51ef-4f7e-8935-0a287c1f1381,46842dd2-8329-4bb4-84ab-b87baac12827,c1,c5,1784,e3,?,
1769494635.442114,SENT,d6f35b3f-0191-43c6-a078-0f80b09be1d8,2380dd6f-9c83-4a1c-9fa1-ca4d7ec5429e,c3,DROP,682,?,x7,
1769494635.4421575,FORWARDED,d6f35b3f-0191-43c6-a078-0f80b09be1d8,2380dd6f-9c83-4a1c-9fa1-ca4d7ec5429e,c3,DROP,682,?,x7,
1769494635.4461858,RECEIVED,d791fdd9-51a5-4ddb-9a93-d345c3f20c47,bf38e3af-c5f3-4362-9e02-977924bb4fbb,c2,DROP,1019,e11,?,
1769494635.6009483,SENT,1e67575b-51ef-4f7e-8935-0a287c1f1381,46842dd2-8329-4bb4-84ab-b87baac12827,c1,c5,1265,?,x6,
1769494635.6009917,FORWARDED,1e67575b-51ef-4f7e-8935-0a287c1f1381,46842dd2-8329-4bb4-84ab-b87baac12827,c1,c5,1265,?,x6,
1769494635.6461463,RECEIVED,12d06ac8-543e-4785-bc8d-f82c6e6eb8a2,454df562-1f1f-460c-9c5a-5f79dc1863b1,c3,DROP,1018,e10,?,
1769494635.8613563,SENT,d791fdd9-51a5-4ddb-9a93-d345c3f20c47,bf38e3af-c5f3-4362-9e02-977924bb4fbb,c2,DROP,692,?,x5,
1769494635.8613954,FORWARDED,d791fdd9-51a5-4ddb-9a93-d345c3f20c47,bf38e3af-c5f3-4362-9e02-977924bb4fbb,c2,DROP,692,?,x5,
1769494635.9842892,SENT,64646b3a-3243-4c54-83eb-b80883283d4c,d365ba3f-053c-4c98-a8b8-2b72e184c36d,c2,DROP,682,?,x12,
1769494635.9843283,FORWARDED,64646b3a-3243-4c54-83eb-b80883283d4c,d365ba3f-053c-4c98-a8b8-2b72e184c36d,c2,DROP,682,?,x12,
1769494635.9935987,RECEIVED,40d1eba0-3b6f-4bfb-b962-e137f382bf3e,9135ec00-76b3-45d4-b735-6d6d80397064,c1,DROP,1020,e6,?,
1769494636.1170266,RECEIVED,b8a989a8-53ea-4809-871f-3ebe056ba1d6,259cf60b-0e2a-490e-a1e9-dbdd5c742a36,c5,DROP,1008,e5,?,
1769494636.2865663,SENT,b8a989a8-53ea-4809-871f-3ebe056ba1d6,259cf60b-0e2a-490e-a1e9-dbdd5c742a36,c5,DROP,683,?,x11,
1769494636.2866087,FORWARDED,b8a989a8-53ea-4809-871f-3ebe056ba1d6,259cf60b-0e2a-490e-a1e9-dbdd5c742a36,c5,DROP,683,?,x11,
1769494636.340589,RECEIVED,030dc70e-adde-4011-ad88-b7b2c7e651a6,83530d31-bbce-4ef0-9d39-69646339be09,c5,DROP,1013,e4,?,
1769494636.376597,RECEIVED,055cc868-89ee-4b5f-8ed1-c2ddc0376bba,2129274a-9238-4d4e-9c8c-d388fab910ea,c4,DROP,1021,e12,?,
1769494636.3919883,SENT,030dc70e-adde-4011-ad88-b7b2c7e651a6,83530d31-bbce-4ef0-9d39-69646339be09,c5,DROP,687,?,x5,
1769494636.3920307,FORWARDED,030dc70e-adde-4011-ad88-b7b2c7e651a6,83530d31-bbce-4ef0-9d39-69646339be09,c5,DROP,687,?,x5,
1769494636.4723952,RECEIVED,42cea211-0e12-413f-b262-6373a478dd7c,f2f04578-8c2b-4ed9-998e-1d38c5916181,c2,DROP,1012,e12,?,
1769494636.5228045,SENT,42cea211-0e12-413f-b262-6373a478dd7c,f2f04578-8c2b-4ed9-998e-1d38c5916181,c2,DROP,686,?,x9,
1769494636.522844,FORWARDED,42cea211-0e12-413f-b262-6373a478dd7c,f2f04578-8c2b-4ed9-998e-1d38c5916181,c2,DROP,686,?,x9,
1769494636.5396497,SENT,055cc868-89ee-4b5f-8ed1-c2ddc0376bba,2129274a-9238-4d4e-9c8c-d388fab910ea,c4,DROP,691,?,x12,
1769494636.5396924,FORWARDED,055cc868-89ee-4b5f-8ed1-c2ddc0376bba,2129274a-9238-4d4e-9c8c-d388fab910ea,c4,DROP,691,?,x12,
1769494636.7178245,SENT,12d06ac8-543e-4785-bc8d-f82c6e6eb8a2,454df562-1f1f-460c-9c5a-5f79dc1863b1,c3,DROP,692,?,x9,
1769494636.717865,FORWARDED,12d06ac8-543e-4785-bc8d-f82c6e6eb8a2,454df562-1f1f-460c-9c5a-5f79dc1863b1,c3,DROP,692,?,x9,
1769494636.733311,SENT,40d1eba0-3b6f-4bfb-b962-e137f382bf3e,9135ec00-76b3-45d4-b735-6d6d80397064,c1,DROP,692,?,x10,
1769494636.7333527,FORWARDED,40d1eba0-3b6f-4bfb-b962-e137f382bf3e,9135ec00-76b3-45d4-b735-6d6d80397064,c1,DROP,692,?,x10,
1769494636.7831693,RECEIVED,ef38502f-4616-4203-ad04-ae30044ac421,ea4a38ea-e2e1-4595-8571-997205072077,c1,DROP,1015,e7,?,
1769494636.7928534,RECEIVED,b666bb2a-adbb-4a37-abb5-5056e4343e7b,432819e8-01b6-4118-8894-60128cc346a4,c4,DROP,1008,e8,?,
1769494636.9183595,RECEIVED,fd83f569-387a-4b2d-866a-08bdeab5a6d5,00f51993-cd0d-4af7-9c7f-2585b3e8770f,c4,DROP,1011,e7,?,
1769494636.928485,SENT,b666bb2a-adbb-4a37-abb5-5056e4343e7b,432819e8-01b6-4118-8894-60128cc346a4,c4,DROP,684,?,x9,
1769494636.9285283,FORWARDED,b666bb2a-adbb-4a37-abb5-5056e4343e7b,432819e8-01b6-4118-8894-60128cc346a4,c4,DROP,684,?,x9,
1769494636.9610038,RECEIVED,b522eefd-11ab-469d-9179-2b6f1027e522,816bead6-4ea5-4f8a-a038-5a46f783ec0f,c3,DROP,1019,e1,?,
1769494637.0841935,SENT,b522eefd-11ab-469d-9179-2b6f1027e522,816bead6-4ea5-4f8a-a038-5a46f783ec0f,c3,DROP,692,?,x9,
1769494637.0842373,FORWARDED,b522eefd-11ab-469d-9179-2b6f1027e522,816bead6-4ea5-4f8a-a038-5a46f783ec0f,c3,DROP,692,?,x9,
1769494637.3971586,SENT,fd83f569-387a-4b2d-866a-08bdeab5a6d5,00f51993-cd0d-4af7-9c7f-2585b3e8770f,c4,DROP,687,?,x6,
1769494637.3971984,FORWARDED,fd83f569-387a-4b2d-866a-08bdeab5a6d5,00f51993-cd0d-4af7-9c7f-2585b3e8770f,c4,DROP,687,?,x6,
1769494637.4128911,RECEIVED,18e79694-a544-40c4-bdbf-0f34645067a3,903922b7-b342-4489-9390-cf3d9397010a,c2,DROP,1015,e9,?,
1769494637.4744866,SENT,ef38502f-4616-4203-ad04-ae30044ac421,ea4a38ea-e2e1-4595-8571-997205072077,c1,DROP,688,?,x5,
1769494637.4745288,FORWARDED,ef38502f-4616-4203-ad04-ae30044ac421,ea4a38ea-e2e1-4595-8571-997205072077,c1,DROP,688,?,x5,
1769494637.485732,SENT,18e79694-a544-40c4-bdbf-0f34645067a3,903922b7-b342-4489-9390-cf3d9397010a,c2,DROP,688,?,x8,
1769494637.4857755,FORWARDED,18e79694-a544-40c4-bdbf-0f34645067a3,903922b7-b342-4489-9390-cf3d9397010a,c2,DROP,688,?,x8,
1769494637.5806608,RECEIVED,5249748e-4a52-4a4d-ad19-9d15adeef9fa,d2880b75-aca4-4e0e-b826-5bcae69c4bce,c5,c2,1788,e6,?,
1769494637.7241418,SENT,5249748e-4a52-4a4d-ad19-9d15adeef9fa,d2880b75-aca4-4e0e-b826-5bcae69c4bce,c5,c2,1267,?,x3,
1769494637.7241852,FORWARDED,5249748e-4a52-4a4d-ad19-9d15adeef9fa,d2880b75-aca4-4e0e-b826-5bcae69c4bce,c5,c2,1267,?,x3,
1769494637.7873266,RECEIVED,13e37158-a62c-41a5-92db-f3e3513e4cc1,9322e1a4-63c0-4bb5-8918-078ef1999cd4,c5,DROP,1017,e7,?,
1769494637.931385,RECEIVED,0cf8db5e-24b6-48b7-84e2-f747b9b27ab9,099e4451-da45-46e8-a72a-e19f956d7264,c5,c2,1780,e4,?,
1769494638.016096,SENT,0cf8db5e-24b6-48b7-84e2-f747b9b27ab9,099e4451-da45-46e8-a72a-e19f956d7264,c5,c2,1263,?,x11,
1769494638.016136,FORWARDED,0cf8db5e-24b6-48b7-84e2-f747b9b27ab9,099e4451-da45-46e8-a72a-e19f956d7264,c5,c2,1263,?,x11,
1769494638.0770936,SENT,13e37158-a62c-41a5-92db-f3e3513e4cc1,9322e1a4-63c0-4bb5-8918-078ef1999cd4,c5,DROP,688,?,x12,
1769494638.0771353,FORWARDED,13e37158-a62c-41a5-92db-f3e3513e4cc1,9322e1a4-63c0-4bb5-8918-078ef1999cd4,c5,DROP,688,?,x12,
1769494638.0909727,RECEIVED,54921297-5994-499b-929c-579881918332,89f2d5d6-5e3d-4752-957d-06077c8761b0,c4,c5,1786,e7,?,
1769494638.1065226,SENT,54921297-5994-499b-929c-579881918332,89f2d5d6-5e3d-4752-957d-06077c8761b0,c4,c5,1264,?,x11,
1769494638.1065652,FORWARDED,54921297-5994-499b-929c-579881918332,89f2d5d6-5e3d-4752-957d-06077c8761b0,c4,c5,1264,?,x11,
1769494638.5240035,RECEIVED,99599be9-672f-4162-bf07-661d0ffd7b40,6dc91b1b-a6c9-43cf-983f-a008886771d0,c3,DROP,442,x5,?,
1769494638.563678,RECEIVED,5adbf85e-cd99-498a-be04-0713d8dc75ea,012c84c4-91e2-43fa-84dd-8699d8899558,c5,DROP,1020,e3,?,
1769494638.6518393,RECEIVED,251f4091-2616-48dd-938a-2466c578c818,f094dad4-56c0-4284-bd7e-48545da36a1a,c1,c5,1764,e5,?,
1769494638.7097087,RECEIVED,db8cd9ab-d56a-445e-84fc-efc0bc9b4abd,28bbd034-f2b3-4fe8-a828-c6304cfdc3b6,c1,DROP,1019,e10,?,
1769494638.7713249,SENT,251f4091-2616-48dd-938a-2466c578c818,f094dad4-56c0-4284-bd7e-48545da36a1a,c1,c5,1251,?,x4,
1769494638.7715926,FORWARDED,251f4091-2616-48dd-938a-2466c578c818,f094dad4-56c0-4284-bd7e-48545da36a1a,c1,c5,1251,?,x4,
1769494638.9522827,RECEIVED,69ecaf40-bfa4-4127-8937-3e699dbd1a20,fe8052c1-01f5-41b7-a39b-5fb105997fc7,c2,c3,1782,e5,?,
1769494639.0363162,RECEIVED,19225430-410f-4ce1-94e5-fc9e2305661b,d4b318ca-73ad-4e35-8a3d-64a357ba19d1,c3,DROP,1020,e12,?,
1769494639.1119065,RECEIVED,8e92c1f5-77b9-4380-aec4-3f0d5f0a2e53,783b94fc-0704-439f-8b80-22dee3699bd3,c2,DROP,1008,e7,?,
1769494639.339322,SENT,db8cd9ab-d56a-445e-84fc-efc0bc9b4abd,28bbd034-f2b3-4fe8-a828-c6304cfdc3b6,c1,DROP,693,?,x6,
1769494639.3393626,FORWARDED,db8cd9ab-d56a-445e-84fc-efc0bc9b4abd,28bbd034-f2b3-4fe8-a828-c6304cfdc3b6,c1,DROP,693,?,x6,
1769494639.6084197,SENT,19225430-410f-4ce1-94e5-fc9e2305661b,d4b318ca-73ad-4e35-8a3d-64a357ba19d1,c3,DROP,692,?,x11,
1769494639.6084638,FORWARDED,19225430-410f-4ce1-94e5-fc9e2305661b,d4b318ca-73ad-4e35-8a3d-64a357ba19d1,c3,DROP,692,?,x11,
1769494639.6238673,RECEIVED,1423f39b-222b-4b27-b2bb-021447f8d860,acfe2bfe-2745-40f0-afb3-80dbd67a4dba,c5,c2,1783,e12,?,
1769494639.694213,SENT,5adbf85e-cd99-498a-be04-0713d8dc75ea,012c84c4-91e2-43fa-84dd-8699d8899558,c5,DROP,691,?,x12,
1769494639.6942544,FORWARDED,5adbf85e-cd99-498a-be04-0713d8dc75ea,012c84c4-91e2-43fa-84dd-8699d8899558,c5,DROP,691,?,x12,
1769494639.779431,RECEIVED,e73d6653-fe34-4432-a555-e278a322a1df,f643b582-660f-490b-8f59-907f89a43ff7,c3,DROP,1020,e3,?,
1769494639.8007774,SENT,69ecaf40-bfa4-4127-8937-3e699dbd1a20,fe8052c1-01f5-41b7-a39b-5fb105997fc7,c2,c3,1264,?,x5,
1769494639.8008184,FORWARDED,69ecaf40-bfa4-4127-8937-3e699dbd1a20,fe8052c1-01f5-41b7-a39b-5fb105997fc7,c2,c3,1264,?,x5,
1769494639.8886504,RECEIVED,655d6b9e-e431-41bd-a95a-fff6312015e1,5c587580-4f26-4755-b06a-422e6c4e1332,c5,DROP,445,x11,?,
1769494640.0616298,SENT,1423f39b-222b-4b27-b2bb-021447f8d860,acfe2bfe-2745-40f0-afb3-80dbd67a4dba,c5,c2,1264,?,x6,
1769494640.061669,FORWARDED,1423f39b-222b-4b27-b2bb-021447f8d860,acfe2bfe-2745-40f0-afb3-80dbd67a4dba,c5,c2,1264,?,x6,
1769494640.0748553,SENT,8e92c1f5-77b9-4380-aec4-3f0d5f0a2e53,783b94fc-0704-439f-8b80-22dee3699bd3,c2,DROP,683,?,x12,
1769494640.074899,FORWARDED,8e92c1f5-77b9-4380-aec4-3f0d5f0a2e53,783b94fc-0704-439f-8b80-22dee3699bd3,c2,DROP,683,?,x12,
1769494640.1270013,RECEIVED,5c4feb3e-8e83-4762-87a5-c4c92b959de5,25aa842f-e63e-401a-81a7-421d257058bb,c1,DROP,1009,e6,?,
1769494640.140945,RECEIVED,9dcad043-9e72-4adb-b35b-1d6b2ab299de,4220f87d-300e-43d5-bc8f-bbd4da8dde6d,c4,DROP,1007,e6,?,
1769494640.2078128,SENT,5c4feb3e-8e83-4762-87a5-c4c92b959de5,25aa842f-e63e-401a-81a7-421d257058bb,c1,DROP,684,?,x12,
1769494640.2078502,FORWARDED,5c4feb3e-8e83-4762-87a5-c4c92b959de5,25aa842f-e63e-401a-81a7-421d257058bb,c1,DROP,684,?,x12,
1769494640.3310177,RECEIVED,ef6255bd-5809-487f-9061-3c72753dd181,cdd20fcc-9244-4c1f-8015-c71db2b08e68,c5,c2,1784,e10,?,
1769494640.3442783,RECEIVED,94e9c515-3297-4b2d-828e-dc5bf1e4926c,b4d41922-7979-41a4-bb84-08bc53d00439,c5,DROP,1016,e3,?,
1769494640.4342036,RECEIVED,52af0f2f-84ff-4e73-b388-ca251df86841,cf844e6d-c917-42ab-9aee-1e4390285166,c3,DROP,441,x8,?,
1769494640.6017873,SENT,e73d6653-fe34-4432-a555-e278a322a1df,f643b582-660f-490b-8f59-907f89a43ff7,c3,DROP,693,?,x11,
1769494640.6018293,FORWARDED,e73d6653-fe34-4432-a555-e278a322a1df,f643b582-660f-490b-8f59-907f89a43ff7,c3,DROP,693,?,x11,
1769494640.6154492,SENT,94e9c515-3297-4b2d-828e-dc5bf1e4926c,b4d41922-7979-41a4-bb84-08bc53d00439,c5,DROP,690,?,x4,
1769494640.6154914,FORWARDED,94e9c515-3297-4b2d-828e-dc5bf1e4926c,b4d41922-7979-41a4-bb84-08bc53d00439,c5,DROP,690,?,x4,
1769494640.6916478,RECEIVED,9a99b11e-5ccf-430b-a333-03e3936ef4bb,399b4ae6-deb8-4a94-8064-6bf7325bbca8,c1,c5,1768,e8,?,
1769494640.7077923,RECEIVED,d345972a-cdbe-4af9-a919-2942dac36a0d,dfae006f-056b-4a51-97aa-ff37f537e4e8,c4,DROP,444,x5,?,
1769494640.7754068,RECEIVED,100aff06-c74e-482b-b311-71509219f8ac,8c6cd6be-4a08-4828-8bf2-a5965d363be1,c3,DROP,1011,e12,?,
1769494640.8131938,SENT,ef6255bd-5809-487f-9061-3c72753dd181,cdd20fcc-9244-4c1f-8015-c71db2b08e68,c5,c2,1264,?,x11,
1769494640.813232,FORWARDED,ef6255bd-5809-487f-9061-3c72753dd181,cdd20fcc-9244-4c1f-8015-c71db2b08e68,c5,c2,1264,?,x11,
1769494640.8284905,RECEIVED,745abc5f-589b-49fa-97d4-058488de2cec,e9d628db-76ed-4943-a592-3fbbd1b857b2,c3,DROP,1008,e4,?,
1769494640.9156706,SENT,745abc5f-589b-49fa-97d4-058488de2cec,e9d628db-76ed-4943-a592-3fbbd1b857b2,c3,DROP,683,?,x3,
1769494640.9157128,FORWARDED,745abc5f-589b-49fa-97d4-058488de2cec,e9d628db-76ed-4943-a592-3fbbd1b857b2,c3,DROP,683,?,x3,
1769494640.9529483,SENT,9dcad043-9e72-4adb-b35b-1d6b2ab299de,4220f87d-300e-43d5-bc8f-bbd4da8dde6d,c4,DROP,684,?,x6,
1769494640.9529908,FORWARDED,9dcad043-9e72-4adb-b35b-1d6b2ab299de,4220f87d-300e-43d5-bc8f-bbd4da8dde6d,c4,DROP,684,?,x6,
1769494641.1195474,RECEIVED,c734dc52-89a6-45c2-abb2-970e8c3acc03,9ea1c5cd-c5a9-4eb5-974e-c7c31caa84d1,c5,DROP,442,x8,?,
1769494641.1357954,SENT,9a99b11e-5ccf-430b-a333-03e3936ef4bb,399b4ae6-deb8-4a94-8064-6bf7325bbca8,c1,c5,1252,?,x9,
1769494641.1358347,FORWARDED,9a99b11e-5ccf-430b-a333-03e3936ef4bb,399b4ae6-deb8-4a94-8064-6bf7325bbca8,c1,c5,1252,?,x9,
1769494641.1759481,SENT,100aff06-c74e-482b-b311-71509219f8ac,8c6cd6be-4a08-4828-8bf2-a5965d363be1,c3,DROP,685,?,x4,
1769494641.1759837,FORWARDED,100aff06-c74e-482b-b311-71509219f8ac,8c6cd6be-4a08-4828-8bf2-a5965d363be1,c3,DROP,685,?,x4,
1769494641.1794097,RECEIVED,94c1a5d2-bd74-490d-9126-c1e7d86d7abc,9fa2022a-39a1-4c39-96f4-efee5117fae1,c2,c3,1776,e10,?,
1769494641.1875544,RECEIVED,b312141f-1083-466c-b1f0-c7bae3c421a9,7f4ee9af-41bc-4d3d-87d5-2d38285d271e,c3,DROP,1019,e11,?,
1769494641.232153,RECEIVED,e41f496d-3ecf-45dc-822d-b10440943c26,09c22042-37a4-46a4-9e5f-c1ad714386ef,c4,DROP,1011,e12,?,
1769494641.3133488,SENT,94c1a5d2-bd74-490d-9126-c1e7d86d7abc,9fa2022a-39a1-4c39-96f4-efee5117fae1,c2,c3,1260,?,x5,
1769494641.3133895,FORWARDED,94c1a5d2-bd74-490d-9126-c1e7d86d7abc,9fa2022a-39a1-4c39-96f4-efee5117fae1,c2,c3,1260,?,x5,
1769494641.5266767,RECEIVED,934b0e63-2bc0-4291-94b3-434818f92061,87e3cd58-1d80-4869-b893-1e437f9416b0,c3,DROP,1007,e1,?,
1769494641.5362747,RECEIVED,a749e103-f44c-4ddf-87d6-0c8ca69fbeba,bbaa6532-6acd-4734-b786-68bd9a44b090,c1,DROP,446,x12,?,
1769494641.684936,SENT,e41f496d-3ecf-45dc-822d-b10440943c26,09c22042-37a4-46a4-9e5f-c1ad714386ef,c4,DROP,687,?,x3,
1769494641.684977,FORWARDED,e41f496d-3ecf-45dc-822d-b10440943c26,09c22042-37a4-46a4-9e5f-c1ad714386ef,c4,DROP,687,?,x3,
1769494641.79774,SENT,934b0e63-2bc0-4291-94b3-434818f92061,87e3cd58-1d80-4869-b893-1e437f9416b0,c3,DROP,682,?,x4,
1769494641.7981603,FORWARDED,934b0e63-2bc0-4291-94b3-434818f92061,87e3cd58-1d80-4869-b893-1e437f9416b0,c3,DROP,682,?,x4,
1769494641.9379327,RECEIVED,219af7a9-8b2e-43db-8f29-a3eac4f328ac,813232e8-af76-4eb3-9b7d-079136c681ab,c4,c5,1763,e2,?,
1769494642.5053558,RECEIVED,04b74838-8d15-4af0-a8f5-b15c2ecf4f30,0f4a198b-2272-43e1-b37a-7dc0cda84ffa,c1,DROP,445,x11,?,
1769494642.8319392,RECEIVED,8b1c64fe-1f17-4a11-8e00-ba9d66ba5cee,44ac6748-8d4c-4b90-b0e4-881fb5687c04,c3,DROP,442,x6,?,
1769494642.8492463,SENT,b312141f-1083-466c-b1f0-c7bae3c421a9,7f4ee9af-41bc-4d3d-87d5-2d38285d271e,c3,DROP,692,?,x5,
1769494642.8492858,FORWARDED,b312141f-1083-466c-b1f0-c7bae3c421a9,7f4ee9af-41bc-4d3d-87d5-2d38285d271e,c3,DROP,692,?,x5,
1769494643.0213983,SENT,219af7a9-8b2e-43db-8f29-a3eac4f328ac,813232e8-af76-4eb3-9b7d-079136c681ab,c4,c5,1250,?,x2,
1769494643.0214403,FORWARDED,219af7a9-8b2e-43db-8f29-a3eac4f328ac,813232e8-af76-4eb3-9b7d-079136c681ab,c4,c5,1250,?,x2,
1769494643.2492242,RECEIVED,1ba3aef3-58bc-4c7e-82b6-be29077b19d3,5d530a14-bb76-4c02-b28a-7af5748262ac,c2,DROP,442,x4,?,
1769494643.468187,RECEIVED,6a4b3d4b-5bac-4467-8ba1-69ab9a9dc359,1e06f155-a998-40fa-b972-44458c416dd1,c1,DROP,442,x3,?,
1769494643.615152,RECEIVED,d5e3ff19-8096-4ff4-aaeb-f961220f95cf,580bc495-6069-429e-a5ed-a97e8b8b48e5,c1,DROP,1006,e7,?,
1769494643.9304597,RECEIVED,40a30ff5-f78d-4418-a7ae-522b1b4b50b6,a57d620e-9326-4f9f-9ebb-2891f3abf73d,c5,DROP,1008,e3,?,
1769494644.1208465,SENT,40a30ff5-f78d-4418-a7ae-522b1b4b50b6,a57d620e-9326-4f9f-9ebb-2891f3abf73d,c5,DROP,684,?,x4,
1769494644.1208892,FORWARDED,40a30ff5-f78d-4418-a7ae-522b1b4b50b6,a57d620e-9326-4f9f-9ebb-2891f3abf73d,c5,DROP,684,?,x4,
1769494644.203404,SENT,d5e3ff19-8096-4ff4-aaeb-f961220f95cf,580bc495-6069-429e-a5ed-a97e8b8b48e5,c1,DROP,684,?,x9,
1769494644.2034464,FORWARDED,d5e3ff19-8096-4ff4-aaeb-f961220f95cf,580bc495-6069-429e-a5ed-a97e8b8b48e5,c1,DROP,684,?,x9,
1769494644.5950105,RECEIVED,3e1518e5-57d3-4b77-9c4c-592b4b8fffd1,277152e2-56c9-4d30-9ea1-b02b91c3d8fa,c1,DROP,1020,e10,?,
1769494644.9075367,SENT,3e1518e5-57d3-4b77-9c4c-592b4b8fffd1,277152e2-56c9-4d30-9ea1-b02b91c3d8fa,c1,DROP,692,?,x7,
1769494644.9078517,FORWARDED,3e1518e5-57d3-4b77-9c4c-592b4b8fffd1,277152e2-56c9-4d30-9ea1-b02b91c3d8fa,c1,DROP,692,?,x7,
1769494645.7258408,RECEIVED,a5eff538-ba71-43a1-9490-b6f360e4ce2a,2ff8cd3b-6896-4fd7-9ebb-c0ddca16b5f3,c5,DROP,1009,e3,?,
1769494645.7336144,RECEIVED,78f6cfc7-2356-4756-b1e4-968da316e3f8,d423fec2-3633-45da-a47c-d752e619b1ef,c3,DROP,1011,e1,?,
1769494646.0066295,SENT,a5eff538-ba71-43a1-9490-b6f360e4ce2a,2ff8cd3b-6896-4fd7-9ebb-c0ddca16b5f3,c5,DROP,683,?,x12,
1769494646.0066717,FORWARDED,a5eff538-ba71-43a1-9490-b6f360e4ce2a,2ff8cd3b-6896-4fd7-9ebb-c0ddca16b5f3,c5,DROP,683,?,x12,
1769494646.2143903,RECEIVED,cf644fd9-b9e4-48f9-ae38-d202b2ae7151,fbeb0107-9c17-4338-ae50-c75e1348a4a8,c2,DROP,1019,e10,?,
1769494646.320203,SENT,78f6cfc7-2356-4756-b1e4-968da316e3f8,d423fec2-3633-45da-a47c-d752e619b1ef,c3,DROP,685,?,x1,
1769494646.320245,FORWARDED,78f6cfc7-2356-4756-b1e4-968da316e3f8,d423fec2-3633-45da-a47c-d752e619b1ef,c3,DROP,685,?,x1,
1769494646.5362012,RECEIVED,097d2471-6854-430f-9a59-74c59aa1f45b,ebf75eb3-9376-4aa5-b6b6-a7cd5fa4d12d,c3,DROP,1020,e9,?,
1769494646.5373147,RECEIVED,c76cf5ae-0f63-4085-a684-c1753b8617ee,3e330ed1-13d9-47d7-8897-33a642c13f89,c2,DROP,1006,e5,?,
1769494646.7188542,RECEIVED,81296d17-e9a3-4515-b9ae-439f9f8fc48e,8807ab27-cddf-4a87-bf85-6dec71a095fa,c5,DROP,1007,e12,?,
1769494646.7493553,SENT,cf644fd9-b9e4-48f9-ae38-d202b2ae7151,fbeb0107-9c17-4338-ae50-c75e1348a4a8,c2,DROP,691,?,x5,
1769494646.7493937,FORWARDED,cf644fd9-b9e4-48f9-ae38-d202b2ae7151,fbeb0107-9c17-4338-ae50-c75e1348a4a8,c2,DROP,691,?,x5,
1769494646.7771485,SENT,c76cf5ae-0f63-4085-a684-c1753b8617ee,3e330ed1-13d9-47d7-8897-33a642c13f89,c2,DROP,683,?,x4,
1769494646.7771888,FORWARDED,c76cf5ae-0f63-4085-a684-c1753b8617ee,3e330ed1-13d9-47d7-8897-33a642c13f89,c2,DROP,683,?,x4,
1769494646.9687543,RECEIVED,54aea21f-aa24-49a3-ba08-2d1496774d16,1e9ec0f9-2a69-4a74-9adc-23f2e0b4830e,c1,DROP,1019,e12,?,
1769494646.9734352,RECEIVED,3f55d71a-d2d2-49d7-a94d-b93f76a0ee9f,ed6f961f-c80c-4c92-8f8e-98bf43982ad8,c1,DROP,1020,e12,?,
1769494647.072833,RECEIVED,61ffe1ff-5614-4233-a117-6250ef68ed9c,e65e3d54-fc17-4fb1-8344-bc4be9d81f3b,c5,DROP,445,x12,?,
1769494647.1513531,SENT,097d2471-6854-430f-9a59-74c59aa1f45b,ebf75eb3-9376-4aa5-b6b6-a7cd5fa4d12d,c3,DROP,692,?,x12,
1769494647.151405,FORWARDED,097d2471-6854-430f-9a59-74c59aa1f45b,ebf75eb3-9376-4aa5-b6b6-a7cd5fa4d12d,c3,DROP,692,?,x12,
1769494647.1610754,RECEIVED,a647a7bb-686c-4129-b68f-5b55cb291a90,3181e561-7c84-4e61-a6f3-b7897923d6d0,c1,DROP,1013,e1,?,
1769494647.1845787,SENT,3f55d71a-d2d2-49d7-a94d-b93f76a0ee9f,ed6f961f-c80c-4c92-8f8e-98bf43982ad8,c1,DROP,692,?,x7,
1769494647.1847541,FORWARDED,3f55d71a-d2d2-49d7-a94d-b93f76a0ee9f,ed6f961f-c80c-4c92-8f8e-98bf43982ad8,c1,DROP,692,?,x7,
1769494647.492407,SENT,81296d17-e9a3-4515-b9ae-439f9f8fc48e,8807ab27-cddf-4a87-bf85-6dec71a095fa,c5,DROP,684,?,x9,
1769494647.4924479,FORWARDED,81296d17-e9a3-4515-b9ae-439f9f8fc48e,8807ab27-cddf-4a87-bf85-6dec71a095fa,c5,DROP,684,?,x9,
1769494647.6414516,RECEIVED,65e59aeb-3a63-4088-8fba-2aa73130f95c,a09ced2c-86c0-4a59-9676-5b4e54cc6197,c1,c5,1775,e4,?,
1769494647.7570248,RECEIVED,511af626-ea63-4e5b-bb18-dff73625b40b,de34c53d-3797-4e09-ab44-48722503a1d1,c1,DROP,446,x11,?,
1769494647.8354824,SENT,a647a7bb-686c-4129-b68f-5b55cb291a90,3181e561-7c84-4e61-a6f3-b7897923d6d0,c1,DROP,689,?,x4,
1769494647.835526,FORWARDED,a647a7bb-686c-4129-b68f-5b55cb291a90,3181e561-7c84-4e61-a6f3-b7897923d6d0,c1,DROP,689,?,x4,
1769494648.1143064,RECEIVED,581b51fb-3449-4370-bca6-766f990f1be4,6c46fde2-7ebb-416b-b8ff-e93d6aea9a32,c5,DROP,1007,e9,?,
1769494648.1154528,RECEIVED,2c70ab0a-1d68-4d56-93d2-f19575327da8,b55ab21b-4f41-4365-a20b-3ea00d3f3c8a,c4,DROP,1015,e9,?,
1769494648.1227,RECEIVED,244b0458-e672-4f7b-9518-7afc00b797e9,66f0855b-1cb7-4107-a8aa-33e7db4b4037,c5,DROP,1019,e10,?,
1769494648.175901,RECEIVED,ca644b34-0ca1-400d-b732-7bad1a9e0099,4127f170-19c9-4617-bae6-873cb861040f,c4,DROP,446,x10,?,
1769494648.207961,SENT,54aea21f-aa24-49a3-ba08-2d1496774d16,1e9ec0f9-2a69-4a74-9adc-23f2e0b4830e,c1,DROP,692,?,x6,
1769494648.2079995,FORWARDED,54aea21f-aa24-49a3-ba08-2d1496774d16,1e9ec0f9-2a69-4a74-9adc-23f2e0b4830e,c1,DROP,692,?,x6,
1769494648.368879,RECEIVED,cde49404-c074-42b4-a767-f965e37a6f68,e6d206c7-3a3e-4d11-aaeb-9cde63e48288,c2,c3,1779,e11,?,
1769494648.4669585,RECEIVED,e3f360b9-c781-4857-aeb1-0fda0ab0c4bd,e7537f89-9d62-4c3e-8606-ab6ef96d8fa4,c5,DROP,1018,e6,?,
1769494648.4815283,RECEIVED,e1338764-cb13-48f4-bfa0-93a7a6e16aa5,534e6ebe-73e8-4647-9861-601e15805485,c1,DROP,1011,e9,?,
1769494648.5091105,SENT,2c70ab0a-1d68-4d56-93d2-f19575327da8,b55ab21b-4f41-4365-a20b-3ea00d3f3c8a,c4,DROP,688,?,x6,
1769494648.5091524,FORWARDED,2c70ab0a-1d68-4d56-93d2-f19575327da8,b55ab21b-4f41-4365-a20b-3ea00d3f3c8a,c4,DROP,688,?,x6,
1769494648.5262854,SENT,e3f360b9-c781-4857-aeb1-0fda0ab0c4bd,e7537f89-9d62-4c3e-8606-ab6ef96d8fa4,c5,DROP,688,?,x12,
1769494648.5263262,FORWARDED,e3f360b9-c781-4857-aeb1-0fda0ab0c4bd,e7537f89-9d62-4c3e-8606-ab6ef96d8fa4,c5,DROP,688,?,x12,
1769494648.6081045,RECEIVED,ab15c23e-fd7e-4fca-ad50-86781013bc47,729b8bf0-ccb8-42a2-93c8-f1bf4b39134d,c1,DROP,1008,e1,?,
1769494648.6878376,RECEIVED,aca66579-ae2e-4987-8c96-423f00ddc02d,aee7c8ab-9935-4ae2-881b-5d914827e258,c1,DROP,1024,e11,?,
1769494648.6894128,SENT,581b51fb-3449-4370-bca6-766f990f1be4,6c46fde2-7ebb-416b-b8ff-e93d6aea9a32,c5,DROP,684,?,x2,
1769494648.6894548,FORWARDED,581b51fb-3449-4370-bca6-766f990f1be4,6c46fde2-7ebb-416b-b8ff-e93d6aea9a32,c5,DROP,684,?,x2,
1769494648.7853415,SENT,65e59aeb-3a63-4088-8fba-2aa73130f95c,a09ced2c-86c0-4a59-9676-5b4e54cc6197,c1,c5,1259,?,x4,
1769494648.7853801,FORWARDED,65e59aeb-3a63-4088-8fba-2aa73130f95c,a09ced2c-86c0-4a59-9676-5b4e54cc6197,c1,c5,1259,?,x4,
1769494648.7963986,SENT,e1338764-cb13-48f4-bfa0-93a7a6e16aa5,534e6ebe-73e8-4647-9861-601e15805485,c1,DROP,685,?,x4,
1769494648.796439,FORWARDED,e1338764-cb13-48f4-bfa0-93a7a6e16aa5,534e6ebe-73e8-4647-9861-601e15805485,c1,DROP,685,?,x4,
1769494648.8137267,SENT,244b0458-e672-4f7b-9518-7afc00b797e9,66f0855b-1cb7-4107-a8aa-33e7db4b4037,c5,DROP,692,?,x3,
1769494648.8137705,FORWARDED,244b0458-e672-4f7b-9518-7afc00b797e9,66f0855b-1cb7-4107-a8aa-33e7db4b4037,c5,DROP,692,?,x3,
1769494648.8179457,RECEIVED,d65ce331-cc6f-4e73-946c-a7e2d1f43e8f,be9a453d-b347-4026-80b6-357f6ce08562,c2,DROP,1015,e6,?,
1769494648.8723865,SENT,cde49404-c074-42b4-a767-f965e37a6f68,e6d206c7-3a3e-4d11-aaeb-9cde63e48288,c2,c3,1263,?,x1,
1769494648.8724349,FORWARDED,cde49404-c074-42b4-a767-f965e37a6f68,e6d206c7-3a3e-4d11-aaeb-9cde63e48288,c2,c3,1263,?,x1,
1769494648.8999755,SENT,aca66579-ae2e-4987-8c96-423f00ddc02d,aee7c8ab-9935-4ae2-881b-5d914827e258,c1,DROP,694,?,x1,
1769494648.9000175,FORWARDED,aca66579-ae2e-4987-8c96-423f00ddc02d,aee7c8ab-9935-4ae2-881b-5d914827e258,c1,DROP,694,?,x1,
1769494648.957257,RECEIVED,7de64426-5d63-4038-b397-7d77814827f0,544aa0b9-7a9f-4ba1-aa47-96fa618c1d61,c1,DROP,441,x5,?,
1769494649.0135865,RECEIVED,71bca7d7-e8ea-4f48-9209-a5b07d801c4b,3903df19-48ec-4dbc-8b71-290d3701b8cd,c1,DROP,442,x1,?,
1769494649.0889413,RECEIVED,ccc66e75-c4f5-4a50-b2fc-fa19c8e736e6,b5be56da-86c0-4f56-bea8-5f55bbc75283,c1,DROP,1016,e8,?,
1769494649.1594257,SENT,ccc66e75-c4f5-4a50-b2fc-fa19c8e736e6,b5be56da-86c0-4f56-bea8-5f55bbc75283,c1,DROP,688,?,x6,
1769494649.1594667,FORWARDED,ccc66e75-c4f5-4a50-b2fc-fa19c8e736e6,b5be56da-86c0-4f56-bea8-5f55bbc75283,c1,DROP,688,?,x6,
1769494649.172045,RECEIVED,f86d123b-575d-4102-badb-5b6942dd3ca5,55e605f3-21fe-42f1-92a2-fcb96ebfa31e,c2,DROP,1020,e3,?,
1769494649.1823056,RECEIVED,d50b0ef0-4619-467d-92c8-df2b19ad9385,8aaa577e-9bf8-42ad-a2bb-b16dba9d7af4,c4,DROP,441,x4,?,
1769494649.254014,SENT,ab15c23e-fd7e-4fca-ad50-86781013bc47,729b8bf0-ccb8-42a2-93c8-f1bf4b39134d,c1,DROP,683,?,x12,
1769494649.2540627,FORWARDED,ab15c23e-fd7e-4fca-ad50-86781013bc47,729b8bf0-ccb8-42a2-93c8-f1bf4b39134d,c1,DROP,683,?,x12,
1769494649.355233,SENT,d65ce331-cc6f-4e73-946c-a7e2d1f43e8f,be9a453d-b347-4026-80b6-357f6ce08562,c2,DROP,688,?,x2,
1769494649.3552706,FORWARDED,d65ce331-cc6f-4e73-946c-a7e2d1f43e8f,be9a453d-b347-4026-80b6-357f6ce08562,c2,DROP,688,?,x2,
1769494649.3664412,RECEIVED,68ddfef7-085d-4855-970a-de3b4f8e3191,a6783c83-5e4f-4d39-a677-8881780775cc,c1,DROP,1012,e10,?,
1769494649.5938823,RECEIVED,11340a15-fc9c-43b4-861a-43d86b401305,00e6b001-fa2e-4923-b73e-69caf193096e,c4,DROP,440,x1,?,
1769494649.5980287,RECEIVED,e2e23268-80cf-419a-91fa-3eb0bff629db,e7d969e1-244c-4111-955f-9226fef1c003,c4,DROP,1007,e9,?,
1769494649.66253,SENT,68ddfef7-085d-4855-970a-de3b4f8e3191,a6783c83-5e4f-4d39-a677-8881780775cc,c1,DROP,687,?,x1,
1769494649.662571,FORWARDED,68ddfef7-085d-4855-970a-de3b4f8e3191,a6783c83-5e4f-4d39-a677-8881780775cc,c1,DROP,687,?,x1,
1769494649.6918852,RECEIVED,7158038e-7b54-4077-a3ff-5829eba73df1,1643c264-14d8-44b2-9c71-75932ce1863a,c2,c3,1772,e5,?,
1769494649.7686791,RECEIVED,fbc8265c-5a00-4613-a6c6-41266432ce72,957ab386-0bbc-4745-ad57-ec72403eb119,c3,DROP,1020,e9,?,
1769494649.842122,SENT,7158038e-7b54-4077-a3ff-5829eba73df1,1643c264-14d8-44b2-9c71-75932ce1863a,c2,c3,1256,?,x3,
1769494649.8421645,FORWARDED,7158038e-7b54-4077-a3ff-5829eba73df1,1643c264-14d8-44b2-9c71-75932ce1863a,c2,c3,1256,?,x3,
1769494649.9139612,SENT,f86d123b-575d-4102-badb-5b6942dd3ca5,55e605f3-21fe-42f1-92a2-fcb96ebfa31e,c2,DROP,692,?,x11,
1769494649.9139998,FORWARDED,f86d123b-575d-4102-badb-5b6942dd3ca5,55e605f3-21fe-42f1-92a2-fcb96ebfa31e,c2,DROP,692,?,x11,
1769494650.0117216,RECEIVED,9a696785-fe12-4790-a739-f48d99b65e09,1dbcea13-7d0a-4978-a318-bd710f8e6a87,c1,c5,1783,e5,?,
1769494650.135712,RECEIVED,6ea1f244-6066-4d3c-b959-8a5d8e7f502a,de5d43a1-f37e-4ad2-9b0d-0d75de241149,c2,DROP,1021,e10,?,
1769494650.2130356,RECEIVED,da3dc0fb-c4a4-4b04-894c-9e8bbb35f64c,f371640f-6bc1-47c1-8348-7eb6129624c6,c2,DROP,1019,e6,?,
1769494650.216899,SENT,6ea1f244-6066-4d3c-b959-8a5d8e7f502a,de5d43a1-f37e-4ad2-9b0d-0d75de241149,c2,DROP,692,?,x2,
1769494650.2169313,FORWARDED,6ea1f244-6066-4d3c-b959-8a5d8e7f502a,de5d43a1-f37e-4ad2-9b0d-0d75de241149,c2,DROP,692,?,x2,
1769494650.2845607,RECEIVED,e9db675f-c3d1-4c2d-8e80-12c969bc3167,bca769c3-f0e3-47b7-aafc-3dbd62ab02ed,c4,DROP,1011,e7,?,
1769494650.305888,SENT,9a696785-fe12-4790-a739-f48d99b65e09,1dbcea13-7d0a-4978-a318-bd710f8e6a87,c1,c5,1264,?,x2,
1769494650.3059287,FORWARDED,9a696785-fe12-4790-a739-f48d99b65e09,1dbcea13-7d0a-4978-a318-bd710f8e6a87,c1,c5,1264,?,x2,
1769494650.4888086,RECEIVED,e46e8ccf-20ed-4450-be0d-15ddfd812981,57fd0156-6808-49eb-8842-56b486094cf9,c4,c5,1783,e3,?,
1769494650.5450425,RECEIVED,7c0558f1-5481-450d-b701-93b767df06ee,078a4fdf-1735-4fd1-888f-81ab70627826,c3,DROP,445,x12,?,
1769494650.5758717,RECEIVED,c829fd6b-c918-4add-a966-84608157affe,dceaa199-32ae-47c7-a198-6dce03f4275f,c4,DROP,1007,e8,?,
1769494650.718899,RECEIVED,d10f2329-a5df-48c8-867c-0f37807b1b3b,0b3719a8-eecf-4652-bc87-ec314466bdb5,c3,DROP,1020,e12,?,
1769494650.7366428,RECEIVED,abc3df93-640f-4bf5-9ffd-4f9fc5ff3585,c3b8b838-92d0-4c4b-a141-ea0510e25165,c3,DROP,1012,e3,?,
1769494650.7991757,SENT,e9db675f-c3d1-4c2d-8e80-12c969bc3167,bca769c3-f0e3-47b7-aafc-3dbd62ab02ed,c4,DROP,687,?,x1,
1769494650.799215,FORWARDED,e9db675f-c3d1-4c2d-8e80-12c969bc3167,bca769c3-f0e3-47b7-aafc-3dbd62ab02ed,c4,DROP,687,?,x1,
1769494650.826647,SENT,d10f2329-a5df-48c8-867c-0f37807b1b3b,0b3719a8-eecf-4652-bc87-ec314466bdb5,c3,DROP,692,?,x4,
1769494650.8266866,FORWARDED,d10f2329-a5df-48c8-867c-0f37807b1b3b,0b3719a8-eecf-4652-bc87-ec314466bdb5,c3,DROP,692,?,x4,
1769494650.8325257,RECEIVED,2f95e1b4-9bee-4b42-8463-39c890757f1f,0205ee14-526b-46d6-b5d5-3b89597875a4,c5,DROP,1015,e2,?,
1769494650.9111648,SENT,c829fd6b-c918-4add-a966-84608157affe,dceaa199-32ae-47c7-a198-6dce03f4275f,c4,DROP,684,?,x8,
1769494650.9112053,FORWARDED,c829fd6b-c918-4add-a966-84608157affe,dceaa199-32ae-47c7-a198-6dce03f4275f,c4,DROP,684,?,x8,
1769494650.9239488,SENT,abc3df93-640f-4bf5-9ffd-4f9fc5ff3585,c3b8b838-92d0-4c4b-a141-ea0510e25165,c3,DROP,686,?,x1,
1769494650.9239902,FORWARDED,abc3df93-640f-4bf5-9ffd-4f9fc5ff3585,c3b8b838-92d0-4c4b-a141-ea0510e25165,c3,DROP,686,?,x1,
1769494650.9602757,SENT,e2e23268-80cf-419a-91fa-3eb0bff629db,e7d969e1-244c-4111-955f-9226fef1c003,c4,DROP,684,?,x1,
1769494650.960319,FORWARDED,e2e23268-80cf-419a-91fa-3eb0bff629db,e7d969e1-244c-4111-955f-9226fef1c003,c4,DROP,684,?,x1,
1769494651.0655687,RECEIVED,d4ba8db0-ffba-4a1e-8d44-02ebaa8b3f9b,e961b677-227e-4081-a08f-295afa2058a7,c1,DROP,445,x1,?,
1769494651.077006,RECEIVED,2fdd9f13-4172-4702-8916-0f6ed88caa26,78fcc9d0-42c9-42ee-b5fa-665099e868a3,c1,DROP,1012,e1,?,
1769494651.1626353,SENT,2fdd9f13-4172-4702-8916-0f6ed88caa26,78fcc9d0-42c9-42ee-b5fa-665099e868a3,c1,DROP,687,?,x1,
1769494651.162677,FORWARDED,2fdd9f13-4172-4702-8916-0f6ed88caa26,78fcc9d0-42c9-42ee-b5fa-665099e868a3,c1,DROP,687,?,x1,
1769494651.1998267,SENT,da3dc0fb-c4a4-4b04-894c-9e8bbb35f64c,f371640f-6bc1-47c1-8348-7eb6129624c6,c2,DROP,691,?,x7,
1769494651.1998665,FORWARDED,da3dc0fb-c4a4-4b04-894c-9e8bbb35f64c,f371640f-6bc1-47c1-8348-7eb6129624c6,c2,DROP,691,?,x7,
1769494651.3037915,RECEIVED,238e274c-3912-4a27-9a5d-9dcb28774328,b7e81d24-57c3-4f8b-bf0d-e1fd1078f319,c4,DROP,1016,e11,?,
1769494651.321508,RECEIVED,d104eafb-22bd-4a27-8178-371b031fef87,669eb84b-9dd8-42c0-bce5-5b584e1d4048,c2,DROP,442,x8,?,
1769494651.355791,SENT,e46e8ccf-20ed-4450-be0d-15ddfd812981,57fd0156-6808-49eb-8842-56b486094cf9,c4,c5,1265,?,x8,
1769494651.3558364,FORWARDED,e46e8ccf-20ed-4450-be0d-15ddfd812981,57fd0156-6808-49eb-8842-56b486094cf9,c4,c5,1265,?,x8,
1769494651.3700376,SENT,fbc8265c-5a00-4613-a6c6-41266432ce72,957ab386-0bbc-4745-ad57-ec72403eb119,c3,DROP,692,?,x10,
1769494651.37009,FORWARDED,fbc8265c-5a00-4613-a6c6-41266432ce72,957ab386-0bbc-4745-ad57-ec72403eb119,c3,DROP,692,?,x10,
1769494651.6788647,RECEIVED,cd479ab0-6b7a-465c-97ec-f4913ebf98e8,d9f23c0c-1c29-41a2-a70b-222cba82c11d,c5,DROP,1019,e11,?,
1769494651.709395,SENT,238e274c-3912-4a27-9a5d-9dcb28774328,b7e81d24-57c3-4f8b-bf0d-e1fd1078f319,c4,DROP,688,?,x1,
1769494651.7094343,FORWARDED,238e274c-3912-4a27-9a5d-9dcb28774328,b7e81d24-57c3-4f8b-bf0d-e1fd1078f319,c4,DROP,688,?,x1,
1769494651.7875266,RECEIVED,c9a575bc-2cac-4dbc-9b31-7345b7913afd,8efcdd76-f2de-4f07-a39e-6b971fc0b243,c2,DROP,446,x7,?,
1769494651.8256397,RECEIVED,3b5031ac-6c15-4b3b-91c4-6fca43653d80,ce455f41-6624-4f7e-a95e-94eceedf1a85,c1,DROP,1007,e7,?,
1769494652.042378,RECEIVED,211845b3-eb69-4935-855c-63b3606f695d,3b3db538-82e0-47bb-a97c-e482ae692dcb,c5,DROP,1013,e11,?,
1769494652.0804493,RECEIVED,6d561bce-ae3b-4858-9ff8-61d9321096d3,27f64cc8-b34f-47ab-9fc8-a4d1f0f60144,c4,DROP,445,x3,?,
1769494652.1976743,SENT,211845b3-eb69-4935-855c-63b3606f695d,3b3db538-82e0-47bb-a97c-e482ae692dcb,c5,DROP,687,?,x12,
1769494652.1977139,FORWARDED,211845b3-eb69-4935-855c-63b3606f695d,3b3db538-82e0-47bb-a97c-e482ae692dcb,c5,DROP,687,?,x12,
1769494652.2350378,SENT,2f95e1b4-9bee-4b42-8463-39c890757f1f,0205ee14-526b-46d6-b5d5-3b89597875a4,c5,DROP,688,?,x6,
1769494652.235108,FORWARDED,2f95e1b4-9bee-4b42-8463-39c890757f1f,0205ee14-526b-46d6-b5d5-3b89597875a4,c5,DROP,688,?,x6,
1769494652.3182123,SENT,cd479ab0-6b7a-465c-97ec-f4913ebf98e8,d9f23c0c-1c29-41a2-a70b-222cba82c11d,c5,DROP,691,?,x1,
1769494652.3182497,FORWARDED,cd479ab0-6b7a-465c-97ec-f4913ebf98e8,d9f23c0c-1c29-41a2-a70b-222cba82c11d,c5,DROP,691,?,x1,
1769494652.4653785,RECEIVED,2d7c0aab-2d59-4ef8-b092-6385d7bc3d74,9e14dc03-7a0b-4d18-9de9-9fa549927ada,c5,DROP,1008,e2,?,
1769494652.6119587,RECEIVED,76de0d5c-c5a7-4599-b450-f078a06aaa07,ac4b1d8f-a208-4d65-b75e-26c24d4dfbd3,c1,c5,1784,e2,?,
1769494652.6475925,SENT,2d7c0aab-2d59-4ef8-b092-6385d7bc3d74,9e14dc03-7a0b-4d18-9de9-9fa549927ada,c5,DROP,684,?,x9,
1769494652.6476266,FORWARDED,2d7c0aab-2d59-4ef8-b092-6385d7bc3d74,9e14dc03-7a0b-4d18-9de9-9fa549927ada,c5,DROP,684,?,x9,
1769494652.6934912,RECEIVED,710d9e7f-8766-4d23-ad36-594348435e60,100efa7b-f5f3-4fac-be07-050f3cc8b77a,c4,DROP,1019,e12,?,
1769494652.716413,RECEIVED,7e3af366-921a-464e-a4a4-9eb976767ea4,cfaa1104-634a-4206-9e33-a123d1e46e93,c4,DROP,1011,e8,?,
1769494653.030534,SENT,76de0d5c-c5a7-4599-b450-f078a06aaa07,ac4b1d8f-a208-4d65-b75e-26c24d4dfbd3,c1,c5,1264,?,x9,
1769494653.0305774,FORWARDED,76de0d5c-c5a7-4599-b450-f078a06aaa07,ac4b1d8f-a208-4d65-b75e-26c24d4dfbd3,c1,c5,1264,?,x9,
1769494653.1191313,RECEIVED,f11d0fd6-bb94-493c-ad3d-8f00d7f92d07,81f9f962-c66e-4fdc-8f79-e2d440fd0c1d,c1,c5,1765,e6,?,
1769494653.136535,SENT,f11d0fd6-bb94-493c-ad3d-8f00d7f92d07,81f9f962-c66e-4fdc-8f79-e2d440fd0c1d,c1,c5,1251,?,x6,
1769494653.1365776,FORWARDED,f11d0fd6-bb94-493c-ad3d-8f00d7f92d07,81f9f962-c66e-4fdc-8f79-e2d440fd0c1d,c1,c5,1251,?,x6,
1769494653.1635714,SENT,3b5031ac-6c15-4b3b-91c4-6fca43653d80,ce455f41-6624-4f7e-a95e-94eceedf1a85,c1,DROP,684,?,x3,
1769494653.1636145,FORWARDED,3b5031ac-6c15-4b3b-91c4-6fca43653d80,ce455f41-6624-4f7e-a95e-94eceedf1a85,c1,DROP,684,?,x3,
1769494653.2324083,RECEIVED,90e0927a-8daa-48e8-a808-846012f3a597,abe686f4-1114-430d-83ad-34d2d34d6c6f,c2,DROP,1007,e11,?,
1769494653.4151144,SENT,7e3af366-921a-464e-a4a4-9eb976767ea4,cfaa1104-634a-4206-9e33-a123d1e46e93,c4,DROP,687,?,x1,
1769494653.4151578,FORWARDED,7e3af366-921a-464e-a4a4-9eb976767ea4,cfaa1104-634a-4206-9e33-a123d1e46e93,c4,DROP,687,?,x1,
1769494653.455115,SENT,710d9e7f-8766-4d23-ad36-594348435e60,100efa7b-f5f3-4fac-be07-050f3cc8b77a,c4,DROP,693,?,x2,
1769494653.4551544,FORWARDED,710d9e7f-8766-4d23-ad36-594348435e60,100efa7b-f5f3-4fac-be07-050f3cc8b77a,c4,DROP,693,?,x2,
1769494653.9810154,RECEIVED,b98c7c22-0363-4ff5-b25a-0ceb6fbd5a59,9419ac52-439b-4a4b-972d-009d45830342,c4,DROP,1013,e6,?,
1769494654.1677394,SENT,90e0927a-8daa-48e8-a808-846012f3a597,abe686f4-1114-430d-83ad-34d2d34d6c6f,c2,DROP,683,?,x9,
1769494654.167784,FORWARDED,90e0927a-8daa-48e8-a808-846012f3a597,abe686f4-1114-430d-83ad-34d2d34d6c6f,c2,DROP,683,?,x9,
1769494654.2329955,RECEIVED,fbd271f4-5a93-4c8e-94fd-6ac5dafa77d0,f6e6ebf6-cde1-4fd1-9761-ce4c5ce5a1a2,c3,c5,1783,e2,?,
1769494654.3757625,RECEIVED,b0b6ae07-4148-4562-9d55-06c4874b8676,cebe60e7-f528-411c-a0a4-a7449719b4a4,c4,c5,1780,e12,?,
1769494654.3780842,SENT,b98c7c22-0363-4ff5-b25a-0ceb6fbd5a59,9419ac52-439b-4a4b-972d-009d45830342,c4,DROP,689,?,x11,
1769494654.378126,FORWARDED,b98c7c22-0363-4ff5-b25a-0ceb6fbd5a59,9419ac52-439b-4a4b-972d-009d45830342,c4,DROP,689,?,x11,
1769494654.4616537,SENT,b0b6ae07-4148-4562-9d55-06c4874b8676,cebe60e7-f528-411c-a0a4-a7449719b4a4,c4,c5,1263,?,x3,
1769494654.4616966,FORWARDED,b0b6ae07-4148-4562-9d55-06c4874b8676,cebe60e7-f528-411c-a0a4-a7449719b4a4,c4,c5,1263,?,x3,
1769494654.5205386,RECEIVED,90a15d4e-5206-457d-8385-b44731183dad,28095c2b-5973-4ec5-a43e-b86076317f81,c4,DROP,1008,e10,?,
1769494654.5727491,RECEIVED,c235f96d-8542-4f22-9153-656ed0c6564d,ad933592-a504-4ba5-acd9-6aeae2bb2c58,c3,c5,1783,e7,?,
1769494654.5803967,SENT,90a15d4e-5206-457d-8385-b44731183dad,28095c2b-5973-4ec5-a43e-b86076317f81,c4,DROP,683,?,x8,
1769494654.5804348,FORWARDED,90a15d4e-5206-457d-8385-b44731183dad,28095c2b-5973-4ec5-a43e-b86076317f81,c4,DROP,683,?,x8,
1769494654.8547592,SENT,fbd271f4-5a93-4c8e-94fd-6ac5dafa77d0,f6e6ebf6-cde1-4fd1-9761-ce4c5ce5a1a2,c3,c5,1264,?,x4,
1769494654.8547986,FORWARDED,fbd271f4-5a93-4c8e-94fd-6ac5dafa77d0,f6e6ebf6-cde1-4fd1-9761-ce4c5ce5a1a2,c3,c5,1264,?,x4,
1769494655.117177,RECEIVED,d5e3c291-30c9-42fd-91af-a83aff28a002,786ea426-6db8-467f-8792-ea285254104c,c1,c5,1776,e1,?,
1769494655.2402637,RECEIVED,85ea757d-40bb-4e78-b351-6cc42a76ce85,c01a764e-10fa-40b4-a04f-ddaf317bd731,c1,c5,1776,e11,?,
1769494655.3140762,SENT,d5e3c291-30c9-42fd-91af-a83aff28a002,786ea426-6db8-467f-8792-ea285254104c,c1,c5,1259,?,x1,
1769494655.314117,FORWARDED,d5e3c291-30c9-42fd-91af-a83aff28a002,786ea426-6db8-467f-8792-ea285254104c,c1,c5,1259,?,x1,
1769494655.3847647,SENT,85ea757d-40bb-4e78-b351-6cc42a76ce85,c01a764e-10fa-40b4-a04f-ddaf317bd731,c1,c5,1258,?,x3,
1769494655.3848066,FORWARDED,85ea757d-40bb-4e78-b351-6cc42a76ce85,c01a764e-10fa-40b4-a04f-ddaf317bd731,c1,c5,1258,?,x3,
1769494655.6596196,RECEIVED,715920e6-b97f-4316-9b25-6cefbe1edc93,11acc523-76ec-4ee4-a3c5-5208a2463125,c1,c5,1767,e4,?,
1769494655.7528052,SENT,715920e6-b97f-4316-9b25-6cefbe1edc93,11acc523-76ec-4ee4-a3c5-5208a2463125,c1,c5,1252,?,x7,
1769494655.7528481,FORWARDED,715920e6-b97f-4316-9b25-6cefbe1edc93,11acc523-76ec-4ee4-a3c5-5208a2463125,c1,c5,1252,?,x7,
1769494655.8558261,RECEIVED,2ae0b01e-6cc1-4017-9c97-6f352901ec0f,e6bbb6b6-b104-44bb-a67e-0e1b3e4aa0f0,c2,c3,1788,e5,?,
1769494655.9276276,SENT,c235f96d-8542-4f22-9153-656ed0c6564d,ad933592-a504-4ba5-acd9-6aeae2bb2c58,c3,c5,1264,?,x8,
1769494655.9276688,FORWARDED,c235f96d-8542-4f22-9153-656ed0c6564d,ad933592-a504-4ba5-acd9-6aeae2bb2c58,c3,c5,1264,?,x8,
1769494656.0516112,SENT,2ae0b01e-6cc1-4017-9c97-6f352901ec0f,e6bbb6b6-b104-44bb-a67e-0e1b3e4aa0f0,c2,c3,1267,?,x9,
1769494656.0516522,FORWARDED,2ae0b01e-6cc1-4017-9c97-6f352901ec0f,e6bbb6b6-b104-44bb-a67e-0e1b3e4aa0f0,c2,c3,1267,?,x9,
1769494656.0622218,RECEIVED,b561e1c7-a695-4adb-8b58-481c1d5393d8,7975e9e9-bf15-4342-9128-2a61998bbe30,c5,c2,1784,e8,?,
1769494656.07842,RECEIVED,9ca47425-0bed-49d3-90cd-3dc309da11cc,3d6d3608-b91c-45ad-9122-bf0b76d42d18,c2,c3,1781,e6,?,
1769494656.1750994,SENT,9ca47425-0bed-49d3-90cd-3dc309da11cc,3d6d3608-b91c-45ad-9122-bf0b76d42d18,c2,c3,1263,?,x2,
1769494656.1751423,FORWARDED,9ca47425-0bed-49d3-90cd-3dc309da11cc,3d6d3608-b91c-45ad-9122-bf0b76d42d18,c2,c3,1263,?,x2,
1769494656.2031357,SENT,b561e1c7-a695-4adb-8b58-481c1d5393d8,7975e9e9-bf15-4342-9128-2a61998bbe30,c5,c2,1264,?,x4,
1769494656.2031822,FORWARDED,b561e1c7-a695-4adb-8b58-481c1d5393d8,7975e9e9-bf15-4342-9128-2a61998bbe30,c5,c2,1264,?,x4,
1769494656.6507602,RECEIVED,b4c39b19-4550-433e-85f7-3a8a77743c1a,db2a5834-9d6c-4523-813c-fa1af364a41b,c3,DROP,1008,e4,?,
1769494657.0653937,RECEIVED,dca97024-71ab-4b3f-9594-a945ac132e45,3776db03-2399-4e60-b2a6-b2efff47ac8e,c5,DROP,1003,e5,?,
1769494657.0758615,SENT,b4c39b19-4550-433e-85f7-3a8a77743c1a,db2a5834-9d6c-4523-813c-fa1af364a41b,c3,DROP,684,?,x5,
1769494657.075901,FORWARDED,b4c39b19-4550-433e-85f7-3a8a77743c1a,db2a5834-9d6c-4523-813c-fa1af364a41b,c3,DROP,684,?,x5,
1769494657.3932471,RECEIVED,ecea4e43-e0dc-4954-a531-c54dc1851352,c0f34ca4-3068-42fe-a0b9-2c6878eac85a,c4,DROP,1008,e8,?,
1769494657.4454968,RECEIVED,44801dca-47e8-4902-b5bf-3bc13f7478ed,82b1de5f-981c-4e00-9bbf-861d1b04faa8,c4,c5,1764,e4,?,
1769494657.5807037,SENT,44801dca-47e8-4902-b5bf-3bc13f7478ed,82b1de5f-981c-4e00-9bbf-861d1b04faa8,c4,c5,1250,?,x4,
1769494657.58076,FORWARDED,44801dca-47e8-4902-b5bf-3bc13f7478ed,82b1de5f-981c-4e00-9bbf-861d1b04faa8,c4,c5,1250,?,x4,
1769494657.6251059,SENT,dca97024-71ab-4b3f-9594-a945ac132e45,3776db03-2399-4e60-b2a6-b2efff47ac8e,c5,DROP,681,?,x2,
1769494657.6251469,FORWARDED,dca97024-71ab-4b3f-9594-a945ac132e45,3776db03-2399-4e60-b2a6-b2efff47ac8e,c5,DROP,681,?,x2,
1769494657.7871912,RECEIVED,7346d6cb-49a9-4131-bdea-b48acdc81b9a,e94f66da-7817-42ae-832f-37b2f1d5ce18,c5,DROP,1011,e6,?,
1769494657.829349,RECEIVED,39c6c116-e3ab-4cc4-a829-4087d1f473b2,8ad7e4f4-4ddf-41bc-8b5e-514d3a5c880f,c4,DROP,445,x10,?,
1769494657.8521607,RECEIVED,24dec3e3-4bb6-4c6a-bf97-f1ee1d0c4244,92f17432-5f08-4ae4-88b8-b2375530df42,c3,DROP,1009,e9,?,
1769494657.911137,RECEIVED,ed2e49c5-704e-45ce-bc8c-22be99880207,379fbb7f-6520-4cd8-b360-548318fb854f,c2,DROP,1010,e7,?,
1769494657.9265833,SENT,24dec3e3-4bb6-4c6a-bf97-f1ee1d0c4244,92f17432-5f08-4ae4-88b8-b2375530df42,c3,DROP,683,?,x6,
1769494657.926624,FORWARDED,24dec3e3-4bb6-4c6a-bf97-f1ee1d0c4244,92f17432-5f08-4ae4-88b8-b2375530df42,c3,DROP,683,?,x6,
1769494657.928254,SENT,ed2e49c5-704e-45ce-bc8c-22be99880207,379fbb7f-6520-4cd8-b360-548318fb854f,c2,DROP,684,?,x3,
1769494657.9282932,FORWARDED,ed2e49c5-704e-45ce-bc8c-22be99880207,379fbb7f-6520-4cd8-b360-548318fb854f,c2,DROP,684,?,x3,
1769494658.0250647,RECEIVED,efc8c3b3-99d4-43d3-8a5c-956368fff3ff,6d10f652-51db-44d8-9229-4d34a6ca3cfd,c1,DROP,441,x2,?,
1769494658.0547986,SENT,ecea4e43-e0dc-4954-a531-c54dc1851352,c0f34ca4-3068-42fe-a0b9-2c6878eac85a,c4,DROP,683,?,x12,
1769494658.0548398,FORWARDED,ecea4e43-e0dc-4954-a531-c54dc1851352,c0f34ca4-3068-42fe-a0b9-2c6878eac85a,c4,DROP,683,?,x12,
1769494658.3487022,SENT,7346d6cb-49a9-4131-bdea-b48acdc81b9a,e94f66da-7817-42ae-832f-37b2f1d5ce18,c5,DROP,687,?,x7,
1769494658.3487446,FORWARDED,7346d6cb-49a9-4131-bdea-b48acdc81b9a,e94f66da-7817-42ae-832f-37b2f1d5ce18,c5,DROP,687,?,x7,
1769494658.453381,RECEIVED,3372e594-c095-4ae1-9c34-2a83694fe382,95159399-475c-47cb-8501-b661efa6b3cf,c1,DROP,1020,e7,?,
1769494658.5037575,RECEIVED,1b48efee-d72d-4e95-ae84-4459e5eb4d2b,b32de702-7348-4478-b4b0-a6639a5bd673,c5,DROP,1008,e9,?,
1769494658.6189418,SENT,1b48efee-d72d-4e95-ae84-4459e5eb4d2b,b32de702-7348-4478-b4b0-a6639a5bd673,c5,DROP,683,?,x5,
1769494658.618981,FORWARDED,1b48efee-d72d-4e95-ae84-4459e5eb4d2b,b32de702-7348-4478-b4b0-a6639a5bd673,c5,DROP,683,?,x5,
1769494658.6745486,RECEIVED,87a28b9c-dac6-4ce8-8c05-7e399e95ac87,96adc3ff-9920-404f-aec1-d729bb327cca,c4,DROP,1011,e4,?,
1769494658.7117074,RECEIVED,707b1b63-9604-4b96-8067-d21216fa126f,003eb97d-15e2-44ca-90e4-60a40914b7c1,c4,DROP,1008,e6,?,
1769494658.8042145,SENT,707b1b63-9604-4b96-8067-d21216fa126f,003eb97d-15e2-44ca-90e4-60a40914b7c1,c4,DROP,684,?,x2,
1769494658.804258,FORWARDED,707b1b63-9604-4b96-8067-d21216fa126f,003eb97d-15e2-44ca-90e4-60a40914b7c1,c4,DROP,684,?,x2,
1769494658.9464762,RECEIVED,a773a4af-b7a8-4e3c-b0fb-d8857351c470,2fa972fe-14d9-419f-87ad-097c2c9369f0,c3,DROP,1012,e4,?,
1769494658.9935236,RECEIVED,687bbdb8-bc07-4dfc-8b36-72f61e844435,622a6e48-159a-441b-85ad-e0fc011003d7,c3,DROP,1008,e11,?,
1769494659.0089753,RECEIVED,93d7c15e-bfc0-45aa-bc2f-ed964741c82b,71aacd84-41d3-4c7d-a30c-fbdade12cb58,c2,DROP,1007,e3,?,
1769494659.1404243,SENT,a773a4af-b7a8-4e3c-b0fb-d8857351c470,2fa972fe-14d9-419f-87ad-097c2c9369f0,c3,DROP,686,?,x3,
1769494659.1404688,FORWARDED,a773a4af-b7a8-4e3c-b0fb-d8857351c470,2fa972fe-14d9-419f-87ad-097c2c9369f0,c3,DROP,686,?,x3,
1769494659.3684022,SENT,687bbdb8-bc07-4dfc-8b36-72f61e844435,622a6e48-159a-441b-85ad-e0fc011003d7,c3,DROP,684,?,x12,
1769494659.3684454,FORWARDED,687bbdb8-bc07-4dfc-8b36-72f61e844435,622a6e48-159a-441b-85ad-e0fc011003d7,c3,DROP,684,?,x12,
1769494659.3702488,RECEIVED,d6c1df36-589f-4d48-8e92-6c31ab8b2e65,d5b1f2c6-2546-4989-846d-6915ab0ee980,c2,DROP,441,x7,?,
1769494659.628296,RECEIVED,5bb67b92-2cec-41f4-a341-7e7fe49fd769,338e0fee-563b-49dc-a4dd-b9dc91800b91,c4,DROP,1020,e2,?,
1769494659.667738,SENT,3372e594-c095-4ae1-9c34-2a83694fe382,95159399-475c-47cb-8501-b661efa6b3cf,c1,DROP,692,?,x12,
1769494659.6677797,FORWARDED,3372e594-c095-4ae1-9c34-2a83694fe382,95159399-475c-47cb-8501-b661efa6b3cf,c1,DROP,692,?,x12,
1769494659.6776268,SENT,5bb67b92-2cec-41f4-a341-7e7fe49fd769,338e0fee-563b-49dc-a4dd-b9dc91800b91,c4,DROP,692,?,x7,
1769494659.6776705,FORWARDED,5bb67b92-2cec-41f4-a341-7e7fe49fd769,338e0fee-563b-49dc-a4dd-b9dc91800b91,c4,DROP,692,?,x7,
1769494659.6998131,SENT,87a28b9c-dac6-4ce8-8c05-7e399e95ac87,96adc3ff-9920-404f-aec1-d729bb327cca,c4,DROP,687,?,x2,
1769494659.7006478,FORWARDED,87a28b9c-dac6-4ce8-8c05-7e399e95ac87,96adc3ff-9920-404f-aec1-d729bb327cca,c4,DROP,687,?,x2,
1769494659.7279234,RECEIVED,d150c159-2656-4f79-b39b-c347a55245a7,0a664698-bf80-468e-b12a-4fb9dc6334e6,c4,c5,1760,e8,?,
1769494659.8546257,SENT,d150c159-2656-4f79-b39b-c347a55245a7,0a664698-bf80-468e-b12a-4fb9dc6334e6,c4,c5,1248,?,x6,
1769494659.8546631,FORWARDED,d150c159-2656-4f79-b39b-c347a55245a7,0a664698-bf80-468e-b12a-4fb9dc6334e6,c4,c5,1248,?,x6,
1769494659.8635182,RECEIVED,578fafd5-e405-440a-ade9-e89abec010a6,9b31457b-9662-4a38-ad08-2c4fd1d328bf,c1,DROP,445,x3,?,
1769494660.0204046,RECEIVED,bf99df56-83ee-41e0-b59b-d906ca6d96ff,9b1851f5-28fd-4576-b913-f4af17c1d403,c4,DROP,441,x1,?,
1769494660.0446918,RECEIVED,f987f412-0cdc-4ae8-a120-008a63b1c7de,0d80c6c1-adf1-4d6b-8d48-47d4dee6f358,c4,DROP,443,x6,?,
1769494660.0649457,RECEIVED,532ce93d-a539-49ad-b0c4-77e70ded290e,3289f53c-5d5f-47b6-86e7-0ca0903f2dfc,c2,DROP,1012,e1,?,
1769494660.2948394,RECEIVED,6063c10f-a32f-4898-a597-8e9c5c448efe,adc6e296-1b62-4902-817a-05c558d831a9,c5,c2,1788,e11,?,
1769494660.3806164,RECEIVED,42f1b2a6-0230-4826-9c65-55cf0a819ee8,c6f90e62-5f4d-43de-bfe7-55e3796aeb78,c1,DROP,440,x8,?,
1769494660.4314852,RECEIVED,4af1d101-44b8-4a5d-bf1e-f72764db3c6f,c020d343-9ab8-4249-97d2-05c7cf95e3d7,c3,c5,1779,e1,?,
1769494660.4349117,RECEIVED,4606e942-fe4a-434f-8b40-8a481b84fbff,c0adc41c-839b-4f17-8e1c-2296d773ec54,c3,DROP,1007,e11,?,
1769494660.4585369,SENT,6063c10f-a32f-4898-a597-8e9c5c448efe,adc6e296-1b62-4902-817a-05c558d831a9,c5,c2,1269,?,x6,
1769494660.45858,FORWARDED,6063c10f-a32f-4898-a597-8e9c5c448efe,adc6e296-1b62-4902-817a-05c558d831a9,c5,c2,1269,?,x6,
1769494660.4978776,SENT,532ce93d-a539-49ad-b0c4-77e70ded290e,3289f53c-5d5f-47b6-86e7-0ca0903f2dfc,c2,DROP,687,?,x4,
1769494660.49792,FORWARDED,532ce93d-a539-49ad-b0c4-77e70ded290e,3289f53c-5d5f-47b6-86e7-0ca0903f2dfc,c2,DROP,687,?,x4,
1769494660.722256,RECEIVED,08fa16f3-dd6f-4ed2-88af-a8dc04bff4cc,646173ad-9269-49f9-b4f6-bb45c2c2a3f5,c1,DROP,1009,e7,?,
1769494660.7739513,SENT,93d7c15e-bfc0-45aa-bc2f-ed964741c82b,71aacd84-41d3-4c7d-a30c-fbdade12cb58,c2,DROP,684,?,x7,
1769494660.774088,FORWARDED,93d7c15e-bfc0-45aa-bc2f-ed964741c82b,71aacd84-41d3-4c7d-a30c-fbdade12cb58,c2,DROP,684,?,x7,
1769494660.9347577,RECEIVED,91796108-5e84-4652-9d54-06b1a677ef4a,d8defabe-c867-4994-aece-e2226df61f3e,c2,DROP,1015,e10,?,
1769494660.996481,SENT,4af1d101-44b8-4a5d-bf1e-f72764db3c6f,c020d343-9ab8-4249-97d2-05c7cf95e3d7,c3,c5,1263,?,x9,
1769494660.9965248,FORWARDED,4af1d101-44b8-4a5d-bf1e-f72764db3c6f,c020d343-9ab8-4249-97d2-05c7cf95e3d7,c3,c5,1263,?,x9,
1769494661.060018,RECEIVED,20768bd0-9ad7-49b0-b160-df734d4c2874,f493569d-aed3-4951-857a-b289e3f52d50,c2,DROP,1011,e7,?,
1769494661.0701284,RECEIVED,6ef7fbc0-b4ae-43cb-aeaa-65c0c1db2180,26c92578-5033-4530-b9c1-2a6b2bdf79dc,c2,DROP,442,x9,?,
1769494661.118165,SENT,08fa16f3-dd6f-4ed2-88af-a8dc04bff4cc,646173ad-9269-49f9-b4f6-bb45c2c2a3f5,c1,DROP,683,?,x12,
1769494661.1182048,FORWARDED,08fa16f3-dd6f-4ed2-88af-a8dc04bff4cc,646173ad-9269-49f9-b4f6-bb45c2c2a3f5,c1,DROP,683,?,x12,
1769494661.1442432,SENT,4606e942-fe4a-434f-8b40-8a481b84fbff,c0adc41c-839b-4f17-8e1c-2296d773ec54,c3,DROP,683,?,x3,
1769494661.144285,FORWARDED,4606e942-fe4a-434f-8b40-8a481b84fbff,c0adc41c-839b-4f17-8e1c-2296d773ec54,c3,DROP,683,?,x3,
1769494661.173013,RECEIVED,c5945d44-8069-450d-965a-ced44e9ac36f,f55dcda7-2c6f-41b5-9f7d-a1d926addd41,c2,DROP,1007,e9,?,
1769494661.1835933,RECEIVED,df2e5794-bb53-4a02-bc64-5c4d11cd2f40,b4a7759a-20b6-4284-afee-01ba696e1551,c2,c3,1783,e4,?,
1769494661.3045135,RECEIVED,47c26681-e5b0-4598-aef3-8a39f85f19fa,b640d755-68e4-40e3-8b62-3732171c0b88,c5,DROP,1019,e11,?,
1769494661.3410726,RECEIVED,107a64ab-38db-4394-b551-d31fe1f65ce8,cf0524d6-8d57-4857-8936-305aa0de6c68,c4,DROP,1012,e7,?,
1769494661.4659367,SENT,107a64ab-38db-4394-b551-d31fe1f65ce8,cf0524d6-8d57-4857-8936-305aa0de6c68,c4,DROP,687,?,x9,
1769494661.4659724,FORWARDED,107a64ab-38db-4394-b551-d31fe1f65ce8,cf0524d6-8d57-4857-8936-305aa0de6c68,c4,DROP,687,?,x9,
1769494661.5145571,RECEIVED,e4c745ac-6f32-4761-acbd-cb4d790afd87,5fbb8deb-5287-48a9-997e-2a6873f3c0de,c2,DROP,1021,e12,?,
1769494661.661361,SENT,e4c745ac-6f32-4761-acbd-cb4d790afd87,5fbb8deb-5287-48a9-997e-2a6873f3c0de,c2,DROP,691,?,x10,
1769494661.6614044,FORWARDED,e4c745ac-6f32-4761-acbd-cb4d790afd87,5fbb8deb-5287-48a9-997e-2a6873f3c0de,c2,DROP,691,?,x10,
1769494661.7517748,SENT,91796108-5e84-4652-9d54-06b1a677ef4a,d8defabe-c867-4994-aece-e2226df61f3e,c2,DROP,688,?,x7,
1769494661.7518158,FORWARDED,91796108-5e84-4652-9d54-06b1a677ef4a,d8defabe-c867-4994-aece-e2226df61f3e,c2,DROP,688,?,x7,
1769494661.834521,RECEIVED,e538d670-a9af-4690-bee3-f713aa0d46ce,7f9df937-71e0-4788-863d-2761ba3baf8f,c1,DROP,1019,e11,?,
1769494661.8930082,RECEIVED,bfe7557b-4ce4-4636-af10-452494abca90,87873498-0fdc-4b27-9068-9df54dafccd0,c3,DROP,1009,e3,?,
1769494661.939006,SENT,bfe7557b-4ce4-4636-af10-452494abca90,87873498-0fdc-4b27-9068-9df54dafccd0,c3,DROP,683,?,x12,
1769494661.9392376,FORWARDED,bfe7557b-4ce4-4636-af10-452494abca90,87873498-0fdc-4b27-9068-9df54dafccd0,c3,DROP,683,?,x12,
1769494661.943331,SENT,df2e5794-bb53-4a02-bc64-5c4d11cd2f40,b4a7759a-20b6-4284-afee-01ba696e1551,c2,c3,1264,?,x4,
1769494661.9433732,FORWARDED,df2e5794-bb53-4a02-bc64-5c4d11cd2f40,b4a7759a-20b6-4284-afee-01ba696e1551,c2,c3,1264,?,x4,
1769494661.9537902,SENT,47c26681-e5b0-4598-aef3-8a39f85f19fa,b640d755-68e4-40e3-8b62-3732171c0b88,c5,DROP,692,?,x4,
1769494661.9538302,FORWARDED,47c26681-e5b0-4598-aef3-8a39f85f19fa,b640d755-68e4-40e3-8b62-3732171c0b88,c5,DROP,692,?,x4,
1769494662.0517042,SENT,c5945d44-8069-450d-965a-ced44e9ac36f,f55dcda7-2c6f-41b5-9f7d-a1d926addd41,c2,DROP,683,?,x6,
1769494662.0517464,FORWARDED,c5945d44-8069-450d-965a-ced44e9ac36f,f55dcda7-2c6f-41b5-9f7d-a1d926addd41,c2,DROP,683,?,x6,
1769494662.077558,SENT,20768bd0-9ad7-49b0-b160-df734d4c2874,f493569d-aed3-4951-857a-b289e3f52d50,c2,DROP,687,?,x1,
1769494662.0776002,FORWARDED,20768bd0-9ad7-49b0-b160-df734d4c2874,f493569d-aed3-4951-857a-b289e3f52d50,c2,DROP,687,?,x1,
1769494662.1100917,RECEIVED,9b9fee9c-28ad-448d-b55f-66fdb6edcb94,3c877ead-96d4-4710-9262-c55c4ab44345,c3,DROP,1020,e8,?,
1769494662.1827374,SENT,e538d670-a9af-4690-bee3-f713aa0d46ce,7f9df937-71e0-4788-863d-2761ba3baf8f,c1,DROP,692,?,x8,
1769494662.1827812,FORWARDED,e538d670-a9af-4690-bee3-f713aa0d46ce,7f9df937-71e0-4788-863d-2761ba3baf8f,c1,DROP,692,?,x8,
1769494662.1871545,RECEIVED,7b6d7e98-6262-4e9c-9b46-a90510e6679d,690bcefb-c206-4d02-86e5-f57abf430604,c4,c5,1783,e12,?,
1769494662.2060096,RECEIVED,5844fc70-9514-4363-baa0-2ad01130ef8b,19408ee5-9cad-4052-a6d2-cf4a7326a6e8,c5,DROP,440,x7,?,
1769494662.2961597,RECEIVED,d25655ce-0aa6-4af5-bf6a-d7facd624a15,c9b85186-9272-43c1-a684-4fca12c4fdc9,c3,DROP,1020,e12,?,
1769494662.3981116,SENT,d25655ce-0aa6-4af5-bf6a-d7facd624a15,c9b85186-9272-43c1-a684-4fca12c4fdc9,c3,DROP,692,?,x7,
1769494662.3981512,FORWARDED,d25655ce-0aa6-4af5-bf6a-d7facd624a15,c9b85186-9272-43c1-a684-4fca12c4fdc9,c3,DROP,692,?,x7,
1769494662.4233792,RECEIVED,814a50ca-932e-415a-a0a2-9498a9b3edbf,29ddfeae-0334-47cf-b573-29a5a81d4ec4,c1,c5,1780,e1,?,
1769494662.5575411,RECEIVED,b4e5709b-6cbf-4738-af4b-948abe413084,d1cecd70-2463-484d-829f-9be9b55a9067,c2,DROP,1011,e4,?,
1769494662.6886716,RECEIVED,f83b478d-8047-4ef0-ac5c-fac927530fa4,73236474-a383-48c6-a582-2a8bfc35a165,c1,DROP,1011,e3,?,
1769494662.6984615,SENT,9b9fee9c-28ad-448d-b55f-66fdb6edcb94,3c877ead-96d4-4710-9262-c55c4ab44345,c3,DROP,691,?,x12,
1769494662.6985033,FORWARDED,9b9fee9c-28ad-448d-b55f-66fdb6edcb94,3c877ead-96d4-4710-9262-c55c4ab44345,c3,DROP,691,?,x12,
1769494662.7272027,SENT,814a50ca-932e-415a-a0a2-9498a9b3edbf,29ddfeae-0334-47cf-b573-29a5a81d4ec4,c1,c5,1263,?,x10,
1769494662.7272396,FORWARDED,814a50ca-932e-415a-a0a2-9498a9b3edbf,29ddfeae-0334-47cf-b573-29a5a81d4ec4,c1,c5,1263,?,x10,
1769494662.8409393,SENT,f83b478d-8047-4ef0-ac5c-fac927530fa4,73236474-a383-48c6-a582-2a8bfc35a165,c1,DROP,687,?,x2,
1769494662.8409798,FORWARDED,f83b478d-8047-4ef0-ac5c-fac927530fa4,73236474-a383-48c6-a582-2a8bfc35a165,c1,DROP,687,?,x2,
1769494662.896392,RECEIVED,d575a135-e98d-4d82-82b1-d250cd80e8ee,c8947ad4-849d-49fa-9731-57e859c16ea7,c4,DROP,446,x10,?,
1769494663.0165205,RECEIVED,4a3cf803-5691-4b1f-993b-ece5eb2e2903,62b34aa8-e5a0-4602-a641-1f8452715296,c2,DROP,1007,e2,?,
1769494663.3325517,SENT,b4e5709b-6cbf-4738-af4b-948abe413084,d1cecd70-2463-484d-829f-9be9b55a9067,c2,DROP,687,?,x9,
1769494663.3325946,FORWARDED,b4e5709b-6cbf-4738-af4b-948abe413084,d1cecd70-2463-484d-829f-9be9b55a9067,c2,DROP,687,?,x9,
1769494663.362175,SENT,4a3cf803-5691-4b1f-993b-ece5eb2e2903,62b34aa8-e5a0-4602-a641-1f8452715296,c2,DROP,683,?,x3,
1769494663.362217,FORWARDED,4a3cf803-5691-4b1f-993b-ece5eb2e2903,62b34aa8-e5a0-4602-a641-1f8452715296,c2,DROP,683,?,x3,
1769494663.6059363,SENT,7b6d7e98-6262-4e9c-9b46-a90510e6679d,690bcefb-c206-4d02-86e5-f57abf430604,c4,c5,1264,?,x3,
1769494663.6059773,FORWARDED,7b6d7e98-6262-4e9c-9b46-a90510e6679d,690bcefb-c206-4d02-86e5-f57abf430604,c4,c5,1264,?,x3,
1769494663.7388415,RECEIVED,7ac5bc1d-ceb2-4501-a9ef-a3c86032b24c,0e82bd51-742f-4645-bcd2-eaef2d84bc8a,c3,DROP,1015,e2,?,
1769494663.8458564,RECEIVED,34eca022-825f-4240-865e-bb91c082708a,7265778a-192b-4ec9-a4aa-1c5a7b662905,c5,DROP,1020,e8,?,
1769494663.8622692,RECEIVED,b7d9454d-3a1a-42df-a255-17c9f68dcad5,558f0adf-780a-45bc-840e-1fe33d077dab,c3,DROP,1019,e2,?,
1769494663.914767,SENT,7ac5bc1d-ceb2-4501-a9ef-a3c86032b24c,0e82bd51-742f-4645-bcd2-eaef2d84bc8a,c3,DROP,688,?,x4,
1769494663.9148097,FORWARDED,7ac5bc1d-ceb2-4501-a9ef-a3c86032b24c,0e82bd51-742f-4645-bcd2-eaef2d84bc8a,c3,DROP,688,?,x4,
1769494664.0942085,RECEIVED,4890b23f-3f8e-4b6a-a615-2487c4c7d6ff,a2f59708-27ae-4586-a7cc-97a0ab745e62,c4,DROP,1016,e4,?,
1769494664.3111534,RECEIVED,3ea461fb-3bd2-4fc8-85d8-2a48af3bba0b,b395d6ff-5563-4870-b4ff-f7cbba894a8c,c1,DROP,1012,e7,?,
1769494664.3381374,SENT,b7d9454d-3a1a-42df-a255-17c9f68dcad5,558f0adf-780a-45bc-840e-1fe33d077dab,c3,DROP,692,?,x3,
1769494664.3381774,FORWARDED,b7d9454d-3a1a-42df-a255-17c9f68dcad5,558f0adf-780a-45bc-840e-1fe33d077dab,c3,DROP,692,?,x3,
1769494664.3893065,RECEIVED,ec01ebac-c4ac-4c95-8893-b14dfa1d24cf,18ce964b-2512-483d-bdd7-cb8afccc08cc,c2,DROP,1015,e12,?,
1769494664.4049826,SENT,34eca022-825f-4240-865e-bb91c082708a,7265778a-192b-4ec9-a4aa-1c5a7b662905,c5,DROP,691,?,x11,
1769494664.4050224,FORWARDED,34eca022-825f-4240-865e-bb91c082708a,7265778a-192b-4ec9-a4aa-1c5a7b662905,c5,DROP,691,?,x11,
1769494664.4068913,RECEIVED,15ad3ea9-ee9c-4f2b-8b66-5066252c0b00,1ea602ae-2406-4178-b96a-f0a04b4ef2e4,c5,DROP,1020,e6,?,
1769494664.4442604,SENT,3ea461fb-3bd2-4fc8-85d8-2a48af3bba0b,b395d6ff-5563-4870-b4ff-f7cbba894a8c,c1,DROP,687,?,x7,
1769494664.4442997,FORWARDED,3ea461fb-3bd2-4fc8-85d8-2a48af3bba0b,b395d6ff-5563-4870-b4ff-f7cbba894a8c,c1,DROP,687,?,x7,
1769494664.6580117,SENT,4890b23f-3f8e-4b6a-a615-2487c4c7d6ff,a2f59708-27ae-4586-a7cc-97a0ab745e62,c4,DROP,689,?,x10,
1769494664.6580598,FORWARDED,4890b23f-3f8e-4b6a-a615-2487c4c7d6ff,a2f59708-27ae-4586-a7cc-97a0ab745e62,c4,DROP,689,?,x10,
1769494664.7925081,RECEIVED,9cea8550-aef4-4d49-822f-08176a2d5579,70f9756a-1dfe-4ab5-ba1c-141c06ad460f,c4,c5,1777,e4,?,
1769494664.8274462,RECEIVED,3778fbe5-4626-412b-a1ee-1fecb0d7b4bb,b05a75e6-37ec-44b3-a228-edd32b3b7bb9,c5,DROP,1020,e12,?,
1769494664.864648,SENT,9cea8550-aef4-4d49-822f-08176a2d5579,70f9756a-1dfe-4ab5-ba1c-141c06ad460f,c4,c5,1260,?,x2,
1769494664.8646913,FORWARDED,9cea8550-aef4-4d49-822f-08176a2d5579,70f9756a-1dfe-4ab5-ba1c-141c06ad460f,c4,c5,1260,?,x2,
1769494664.9033208,SENT,15ad3ea9-ee9c-4f2b-8b66-5066252c0b00,1ea602ae-2406-4178-b96a-f0a04b4ef2e4,c5,DROP,692,?,x7,
1769494664.9033625,FORWARDED,15ad3ea9-ee9c-4f2b-8b66-5066252c0b00,1ea602ae-2406-4178-b96a-f0a04b4ef2e4,c5,DROP,692,?,x7,
1769494664.9886298,RECEIVED,5017368f-7ce0-4af8-896d-9cbd654e99cc,5392ee23-c291-4489-8a40-cd1a6e438305,c1,DROP,1020,e2,?,
1769494665.0284452,SENT,3778fbe5-4626-412b-a1ee-1fecb0d7b4bb,b05a75e6-37ec-44b3-a228-edd32b3b7bb9,c5,DROP,693,?,x5,
1769494665.0284877,FORWARDED,3778fbe5-4626-412b-a1ee-1fecb0d7b4bb,b05a75e6-37ec-44b3-a228-edd32b3b7bb9,c5,DROP,693,?,x5,
1769494665.1469038,RECEIVED,1e5d8502-14ed-4030-b8d5-c6d381a2d809,1971415e-ae20-418b-af11-4250707b8210,c2,DROP,1006,e10,?,
1769494665.1516557,RECEIVED,10335882-8252-4056-9b00-1ae7ee12b366,d2234636-a5ab-4417-a49f-2dd6b4971d8c,c1,DROP,1008,e9,?,
1769494665.2782304,SENT,5017368f-7ce0-4af8-896d-9cbd654e99cc,5392ee23-c291-4489-8a40-cd1a6e438305,c1,DROP,692,?,x11,
1769494665.2782712,FORWARDED,5017368f-7ce0-4af8-896d-9cbd654e99cc,5392ee23-c291-4489-8a40-cd1a6e438305,c1,DROP,692,?,x11,
1769494665.3208425,RECEIVED,3b6dcd49-8265-4592-9c6b-dc91d066f62c,311d5bb9-2f97-4d9c-9ad1-57ed48e9c043,c4,DROP,1023,e7,?,
1769494665.595255,SENT,1e5d8502-14ed-4030-b8d5-c6d381a2d809,1971415e-ae20-418b-af11-4250707b8210,c2,DROP,683,?,x9,
1769494665.595292,FORWARDED,1e5d8502-14ed-4030-b8d5-c6d381a2d809,1971415e-ae20-418b-af11-4250707b8210,c2,DROP,683,?,x9,
1769494665.6234193,RECEIVED,bc8ce6a0-9510-4bb2-b93f-1e4374b20fdd,f549eed9-0f50-466b-a1e8-5d4ce0450aa9,c4,DROP,1012,e9,?,
1769494665.6517096,SENT,10335882-8252-4056-9b00-1ae7ee12b366,d2234636-a5ab-4417-a49f-2dd6b4971d8c,c1,DROP,683,?,x3,
1769494665.6517498,FORWARDED,10335882-8252-4056-9b00-1ae7ee12b366,d2234636-a5ab-4417-a49f-2dd6b4971d8c,c1,DROP,683,?,x3,
1769494665.7523615,RECEIVED,b1d48a17-e80a-494e-8c30-db15571fbf0c,e5bd985a-5982-4569-9ad8-53db97af8b51,c2,DROP,1011,e2,?,
1769494665.8594234,SENT,ec01ebac-c4ac-4c95-8893-b14dfa1d24cf,18ce964b-2512-483d-bdd7-cb8afccc08cc,c2,DROP,688,?,x2,
1769494665.8594675,FORWARDED,ec01ebac-c4ac-4c95-8893-b14dfa1d24cf,18ce964b-2512-483d-bdd7-cb8afccc08cc,c2,DROP,688,?,x2,
1769494665.9142597,SENT,3b6dcd49-8265-4592-9c6b-dc91d066f62c,311d5bb9-2f97-4d9c-9ad1-57ed48e9c043,c4,DROP,695,?,x8,
1769494665.9143014,FORWARDED,3b6dcd49-8265-4592-9c6b-dc91d066f62c,311d5bb9-2f97-4d9c-9ad1-57ed48e9c043,c4,DROP,695,?,x8,
1769494666.0345798,RECEIVED,98f36480-d60a-4e3c-aa90-1f933a0fba48,1e3028b7-c14c-4014-b63e-3b94b2c3af45,c2,DROP,1017,e7,?,
1769494666.081164,RECEIVED,ac0e952b-54cf-4e31-84c6-445862932eb6,e04050de-4506-488f-84e5-27fed74b305a,c3,DROP,445,x10,?,
1769494666.2052903,RECEIVED,90d6a357-13b4-4afc-850c-b65d86046f79,6297fc99-3e60-43cc-95ce-9d28b33b896a,c1,DROP,442,x4,?,
1769494666.2310088,RECEIVED,6641676e-c40e-4cad-8610-60978666cc86,f5093fac-208a-4038-b51d-e60aab501e68,c5,DROP,446,x10,?,
1769494666.2323315,RECEIVED,8e35c144-4cf1-4977-94ac-67f09d28c1c2,de304974-eda5-4c5e-8e74-0319c73a189e,c3,DROP,1007,e8,?,
1769494666.2482061,SENT,b1d48a17-e80a-494e-8c30-db15571fbf0c,e5bd985a-5982-4569-9ad8-53db97af8b51,c2,DROP,687,?,x8,
1769494666.2482476,FORWARDED,b1d48a17-e80a-494e-8c30-db15571fbf0c,e5bd985a-5982-4569-9ad8-53db97af8b51,c2,DROP,687,?,x8,
1769494666.2736104,SENT,bc8ce6a0-9510-4bb2-b93f-1e4374b20fdd,f549eed9-0f50-466b-a1e8-5d4ce0450aa9,c4,DROP,686,?,x11,
1769494666.2736523,FORWARDED,bc8ce6a0-9510-4bb2-b93f-1e4374b20fdd,f549eed9-0f50-466b-a1e8-5d4ce0450aa9,c4,DROP,686,?,x11,
1769494666.298171,SENT,98f36480-d60a-4e3c-aa90-1f933a0fba48,1e3028b7-c14c-4014-b63e-3b94b2c3af45,c2,DROP,690,?,x10,
1769494666.2982635,FORWARDED,98f36480-d60a-4e3c-aa90-1f933a0fba48,1e3028b7-c14c-4014-b63e-3b94b2c3af45,c2,DROP,690,?,x10,
1769494666.3542953,RECEIVED,21a17211-7386-4879-ba65-31ec898595e8,0f38e7ee-0d08-42f5-8552-593b93da7e1f,c5,DROP,1012,e6,?,
1769494666.394639,RECEIVED,5968cf23-e4e9-4945-bfab-f0f2230ccb76,8f44bb2d-3f2c-4516-a510-7fc9f463aae2,c1,DROP,1019,e11,?,
1769494666.422931,SENT,21a17211-7386-4879-ba65-31ec898595e8,0f38e7ee-0d08-42f5-8552-593b93da7e1f,c5,DROP,687,?,x3,
1769494666.4229732,FORWARDED,21a17211-7386-4879-ba65-31ec898595e8,0f38e7ee-0d08-42f5-8552-593b93da7e1f,c5,DROP,687,?,x3,
1769494666.5175028,RECEIVED,5373a128-e597-438f-918f-2a8fb1fd7498,f86fcade-2a6b-4151-aff9-509b41565857,c4,c5,1775,e1,?,
1769494666.5544655,RECEIVED,ca23522c-5811-48e9-9e75-28d2fd8bbcc4,2eb73aaf-fe80-4dd9-b68e-ffaeff3b1799,c5,DROP,1008,e3,?,
1769494666.57606,RECEIVED,87e9e58f-43ef-4186-a832-436d8b74980d,c6d413bc-dcab-4549-8e1c-c25998c8357c,c5,DROP,446,x3,?,
1769494666.7224133,RECEIVED,37577bc2-ec08-4058-9677-5a108d1840f0,10d13f0c-b6ab-4afc-9af1-f6554cdfaebe,c1,DROP,441,x7,?,
1769494666.996549,SENT,ca23522c-5811-48e9-9e75-28d2fd8bbcc4,2eb73aaf-fe80-4dd9-b68e-ffaeff3b1799,c5,DROP,684,?,x7,
1769494666.9965994,FORWARDED,ca23522c-5811-48e9-9e75-28d2fd8bbcc4,2eb73aaf-fe80-4dd9-b68e-ffaeff3b1799,c5,DROP,684,?,x7,
1769494667.0755763,SENT,5373a128-e597-438f-918f-2a8fb1fd7498,f86fcade-2a6b-4151-aff9-509b41565857,c4,c5,1259,?,x3,
1769494667.0756185,FORWARDED,5373a128-e597-438f-918f-2a8fb1fd7498,f86fcade-2a6b-4151-aff9-509b41565857,c4,c5,1259,?,x3,
1769494667.0901742,SENT,5968cf23-e4e9-4945-bfab-f0f2230ccb76,8f44bb2d-3f2c-4516-a510-7fc9f463aae2,c1,DROP,691,?,x7,
1769494667.0902157,FORWARDED,5968cf23-e4e9-4945-bfab-f0f2230ccb76,8f44bb2d-3f2c-4516-a510-7fc9f463aae2,c1,DROP,691,?,x7,
1769494667.4784648,RECEIVED,effde896-a027-403e-ab9d-7ba9aab7b34a,af1ada48-e013-4f6f-b5af-ac5360fae7d5,c2,DROP,1016,e7,?,
1769494667.5177805,RECEIVED,34c7d5e5-7be6-46cd-8240-b045463827cb,ad6b1563-c0d3-4036-9bd2-c4055cc99a23,c4,DROP,441,x1,?,
1769494667.5552719,SENT,effde896-a027-403e-ab9d-7ba9aab7b34a,af1ada48-e013-4f6f-b5af-ac5360fae7d5,c2,DROP,688,?,x7,
1769494667.555308,FORWARDED,effde896-a027-403e-ab9d-7ba9aab7b34a,af1ada48-e013-4f6f-b5af-ac5360fae7d5,c2,DROP,688,?,x7,
1769494667.5784447,RECEIVED,7a69ebac-c0b7-438b-95ee-02949acda471,01e8181d-7a38-4738-8e9d-3c7aabff1747,c4,DROP,1011,e7,?,
1769494667.5793748,SENT,8e35c144-4cf1-4977-94ac-67f09d28c1c2,de304974-eda5-4c5e-8e74-0319c73a189e,c3,DROP,684,?,x1,
1769494667.5794132,FORWARDED,8e35c144-4cf1-4977-94ac-67f09d28c1c2,de304974-eda5-4c5e-8e74-0319c73a189e,c3,DROP,684,?,x1,
1769494667.64217,RECEIVED,b2e3c595-38c1-4e61-89d2-a7bc7178a548,8a949285-24eb-453b-83e3-46aaea0dd028,c1,DROP,1022,e3,?,
1769494667.6817448,SENT,b2e3c595-38c1-4e61-89d2-a7bc7178a548,8a949285-24eb-453b-83e3-46aaea0dd028,c1,DROP,692,?,x12,
1769494667.681786,FORWARDED,b2e3c595-38c1-4e61-89d2-a7bc7178a548,8a949285-24eb-453b-83e3-46aaea0dd028,c1,DROP,692,?,x12,
1769494667.8251622,RECEIVED,ac6115f9-98e4-4cf5-a250-4b7b2eb813eb,b2172ee7-7e81-4f56-b6d4-3df4a62c435c,c4,DROP,442,x7,?,
1769494667.9328508,RECEIVED,35d29186-d23c-4013-9b61-c487836d113c,bb1bce23-b7bc-402e-9fc0-5ea5b23465b0,c2,DROP,1016,e5,?,
1769494668.018239,SENT,35d29186-d23c-4013-9b61-c487836d113c,bb1bce23-b7bc-402e-9fc0-5ea5b23465b0,c2,DROP,688,?,x7,
1769494668.01828,FORWARDED,35d29186-d23c-4013-9b61-c487836d113c,bb1bce23-b7bc-402e-9fc0-5ea5b23465b0,c2,DROP,688,?,x7,
1769494668.3004088,RECEIVED,1395ee78-90ab-41db-9434-465f3dad7343,4d915e25-e73e-4989-a8d4-0647437b4598,c2,DROP,1020,e11,?,
1769494668.6085217,RECEIVED,678e6a0c-210b-4eff-94dd-41dd870f2dc5,602f5dc6-59b0-46a2-8d95-ec3e79f92573,c5,DROP,441,x10,?,
1769494668.6110868,RECEIVED,49edf542-8600-4660-bae3-fc99f88ead5c,12f7f89c-aa51-4454-ba47-54f9412ebdcf,c2,DROP,441,x4,?,
1769494668.7951455,SENT,7a69ebac-c0b7-438b-95ee-02949acda471,01e8181d-7a38-4738-8e9d-3c7aabff1747,c4,DROP,687,?,x2,
1769494668.795182,FORWARDED,7a69ebac-c0b7-438b-95ee-02949acda471,01e8181d-7a38-4738-8e9d-3c7aabff1747,c4,DROP,687,?,x2,
1769494668.8416743,RECEIVED,9f143f14-d897-42e0-9207-3d8130be5798,1a2c88f3-8931-4842-b17e-6394a991a93b,c1,DROP,1008,e1,?,
1769494668.9142118,SENT,1395ee78-90ab-41db-9434-465f3dad7343,4d915e25-e73e-4989-a8d4-0647437b4598,c2,DROP,692,?,x12,
1769494668.9142535,FORWARDED,1395ee78-90ab-41db-9434-465f3dad7343,4d915e25-e73e-4989-a8d4-0647437b4598,c2,DROP,692,?,x12,
1769494668.971858,SENT,9f143f14-d897-42e0-9207-3d8130be5798,1a2c88f3-8931-4842-b17e-6394a991a93b,c1,DROP,684,?,x9,
1769494668.9719038,FORWARDED,9f143f14-d897-42e0-9207-3d8130be5798,1a2c88f3-8931-4842-b17e-6394a991a93b,c1,DROP,684,?,x9,
1769494669.0665827,RECEIVED,768a0c39-ba15-48da-add0-9ff151d9dd5c,34deb018-723c-4425-9ef8-6beb3d579d12,c5,DROP,446,x6,?,
1769494669.1976883,RECEIVED,557e2556-3be2-4ab6-91bc-3f35c912e8b3,6c12964c-af36-443b-8c55-fdb05b52e9fc,c3,DROP,1020,e11,?,
1769494669.3114111,RECEIVED,bac61cea-6cd8-4f9c-91cb-24c351e16848,441118f9-f295-4271-b278-c0b011b5c983,c5,DROP,1012,e3,?,
1769494669.440501,SENT,557e2556-3be2-4ab6-91bc-3f35c912e8b3,6c12964c-af36-443b-8c55-fdb05b52e9fc,c3,DROP,692,?,x1,
1769494669.440539,FORWARDED,557e2556-3be2-4ab6-91bc-3f35c912e8b3,6c12964c-af36-443b-8c55-fdb05b52e9fc,c3,DROP,692,?,x1,
1769494669.573006,SENT,bac61cea-6cd8-4f9c-91cb-24c351e16848,441118f9-f295-4271-b278-c0b011b5c983,c5,DROP,686,?,x9,
1769494669.5730567,FORWARDED,bac61cea-6cd8-4f9c-91cb-24c351e16848,441118f9-f295-4271-b278-c0b011b5c983,c5,DROP,686,?,x9,
1769494669.6732,RECEIVED,e2545c9a-b29c-47d4-ae42-38d0a7409716,91da7569-2795-406f-9c2c-8c35f70bdfd6,c3,DROP,1008,e3,?,
1769494669.8190932,RECEIVED,8daccb90-19fb-4e9f-a4f4-e9fb9928e6fe,80edd0e8-abbd-42c4-ba6e-26c3f595aa46,c5,DROP,1017,e1,?,
1769494669.8775053,SENT,8daccb90-19fb-4e9f-a4f4-e9fb9928e6fe,80edd0e8-abbd-42c4-ba6e-26c3f595aa46,c5,DROP,688,?,x11,
1769494669.877548,FORWARDED,8daccb90-19fb-4e9f-a4f4-e9fb9928e6fe,80edd0e8-abbd-42c4-ba6e-26c3f595aa46,c5,DROP,688,?,x11,
1769494669.9995766,RECEIVED,a582d653-5463-496e-94d5-6ef845b5d38e,fa834f7e-53b1-4bc1-9cdb-8786363f389c,c1,DROP,1008,e9,?,
1769494670.0520177,SENT,e2545c9a-b29c-47d4-ae42-38d0a7409716,91da7569-2795-406f-9c2c-8c35f70bdfd6,c3,DROP,684,?,x3,
1769494670.0522938,FORWARDED,e2545c9a-b29c-47d4-ae42-38d0a7409716,91da7569-2795-406f-9c2c-8c35f70bdfd6,c3,DROP,684,?,x3,
1769494670.3242302,SENT,a582d653-5463-496e-94d5-6ef845b5d38e,fa834f7e-53b1-4bc1-9cdb-8786363f389c,c1,DROP,683,?,x11,
1769494670.3242724,FORWARDED,a582d653-5463-496e-94d5-6ef845b5d38e,fa834f7e-53b1-4bc1-9cdb-8786363f389c,c1,DROP,683,?,x11,
1769494670.575075,RECEIVED,2ebf3b56-02e6-4025-af8f-9d294de4b44d,56da400c-a65f-47ed-9b03-e0f118229df5,c1,c5,1781,e11,?,
1769494670.5773995,RECEIVED,61b2c227-6e5a-4189-ac44-3f21e95492e8,80063d61-2570-48a9-847c-25d8001c6d76,c1,DROP,1010,e12,?,
1769494670.7292075,RECEIVED,f5ebd187-7bfb-45ec-b1a8-20823efa7831,1975791e-00b1-4ed0-b809-2c640b298805,c5,c2,1779,e6,?,
1769494670.7349427,RECEIVED,4ab18089-0821-4157-b51e-6e068c5cd94d,592c6687-e5ae-406d-8af3-e93ee2110a6f,c4,c5,1783,e6,?,
1769494670.8761702,RECEIVED,dc745b84-0a60-42d3-9a3c-f1d1dcefd1f3,5e9735d0-4ec7-44b2-b943-746080f3e648,c1,DROP,1016,e10,?,
1769494670.9800413,SENT,2ebf3b56-02e6-4025-af8f-9d294de4b44d,56da400c-a65f-47ed-9b03-e0f118229df5,c1,c5,1263,?,x10,
1769494670.9800928,FORWARDED,2ebf3b56-02e6-4025-af8f-9d294de4b44d,56da400c-a65f-47ed-9b03-e0f118229df5,c1,c5,1263,?,x10,
1769494671.0371976,RECEIVED,0888aeaf-1f6f-4b72-9835-b71086f69c98,dc0e7eb0-ed0e-4a68-9130-50eb6c73c5bc,c3,DROP,1008,e3,?,
1769494671.212871,SENT,0888aeaf-1f6f-4b72-9835-b71086f69c98,dc0e7eb0-ed0e-4a68-9130-50eb6c73c5bc,c3,DROP,683,?,x5,
1769494671.2129126,FORWARDED,0888aeaf-1f6f-4b72-9835-b71086f69c98,dc0e7eb0-ed0e-4a68-9130-50eb6c73c5bc,c3,DROP,683,?,x5,
1769494671.319863,SENT,dc745b84-0a60-42d3-9a3c-f1d1dcefd1f3,5e9735d0-4ec7-44b2-b943-746080f3e648,c1,DROP,688,?,x3,
1769494671.3199046,FORWARDED,dc745b84-0a60-42d3-9a3c-f1d1dcefd1f3,5e9735d0-4ec7-44b2-b943-746080f3e648,c1,DROP,688,?,x3,
1769494671.7484028,SENT,61b2c227-6e5a-4189-ac44-3f21e95492e8,80063d61-2570-48a9-847c-25d8001c6d76,c1,DROP,687,?,x7,
1769494671.748444,FORWARDED,61b2c227-6e5a-4189-ac44-3f21e95492e8,80063d61-2570-48a9-847c-25d8001c6d76,c1,DROP,687,?,x7,
1769494671.8285155,SENT,4ab18089-0821-4157-b51e-6e068c5cd94d,592c6687-e5ae-406d-8af3-e93ee2110a6f,c4,c5,1264,?,x9,
1769494671.8285573,FORWARDED,4ab18089-0821-4157-b51e-6e068c5cd94d,592c6687-e5ae-406d-8af3-e93ee2110a6f,c4,c5,1264,?,x9,
1769494671.8578255,RECEIVED,23714b93-d5aa-4270-bd6d-612d9be6b46a,f4b2b635-1e02-4a48-9db1-9eecd67cb774,c2,DROP,1022,e10,?,
1769494671.884106,SENT,f5ebd187-7bfb-45ec-b1a8-20823efa7831,1975791e-00b1-4ed0-b809-2c640b298805,c5,c2,1263,?,x5,
1769494671.8841429,FORWARDED,f5ebd187-7bfb-45ec-b1a8-20823efa7831,1975791e-00b1-4ed0-b809-2c640b298805,c5,c2,1263,?,x5,
1769494671.910129,SENT,23714b93-d5aa-4270-bd6d-612d9be6b46a,f4b2b635-1e02-4a48-9db1-9eecd67cb774,c2,DROP,693,?,x10,
1769494671.9101722,FORWARDED,23714b93-d5aa-4270-bd6d-612d9be6b46a,f4b2b635-1e02-4a48-9db1-9eecd67cb774,c2,DROP,693,?,x10,
1769494672.0510693,RECEIVED,2cc5443a-2ec8-40dd-b3c4-d442c3c48c4d,4bb30a43-a52a-4b83-8fae-513f2003c897,c5,DROP,1016,e3,?,
1769494672.1251807,RECEIVED,3180e332-c539-4287-89aa-3fc0017d5972,43f07918-0142-4ba0-a934-55292878df71,c2,DROP,1007,e9,?,
1769494672.2541704,RECEIVED,da1dde35-7c95-4c9d-9f27-70b463fdf1ce,85779b07-21e9-413f-9c75-a50422b229dd,c1,DROP,1006,e4,?,
1769494672.4178114,SENT,2cc5443a-2ec8-40dd-b3c4-d442c3c48c4d,4bb30a43-a52a-4b83-8fae-513f2003c897,c5,DROP,688,?,x8,
1769494672.4178517,FORWARDED,2cc5443a-2ec8-40dd-b3c4-d442c3c48c4d,4bb30a43-a52a-4b83-8fae-513f2003c897,c5,DROP,688,?,x8,
1769494672.6003563,RECEIVED,8b348eb5-c4e8-432f-bd9b-96b8923932f6,9a5f87bc-12f6-46a5-98a1-a625a40bb7b4,c2,c3,1767,e2,?,
1769494672.6211424,RECEIVED,a71dff5a-2c47-4687-8eba-ac53a04e3fed,5b8d3af1-6918-4be2-a567-b4b76c1e5156,c5,DROP,1012,e2,?,
1769494672.8105652,RECEIVED,d519cf35-3cd5-486b-9fb8-22d4993c1d9f,3306da92-577f-4ffd-bc18-f9b89fc910d0,c1,DROP,1020,e12,?,
1769494672.8549583,SENT,da1dde35-7c95-4c9d-9f27-70b463fdf1ce,85779b07-21e9-413f-9c75-a50422b229dd,c1,DROP,683,?,x6,
1769494672.8549986,FORWARDED,da1dde35-7c95-4c9d-9f27-70b463fdf1ce,85779b07-21e9-413f-9c75-a50422b229dd,c1,DROP,683,?,x6,
1769494672.9021816,SENT,d519cf35-3cd5-486b-9fb8-22d4993c1d9f,3306da92-577f-4ffd-bc18-f9b89fc910d0,c1,DROP,692,?,x9,
1769494672.9022233,FORWARDED,d519cf35-3cd5-486b-9fb8-22d4993c1d9f,3306da92-577f-4ffd-bc18-f9b89fc910d0,c1,DROP,692,?,x9,
1769494673.0149004,RECEIVED,0315d249-32c6-4065-9c2b-cdd231042b7f,80140952-dd16-49ea-ac0e-a0afd3fe532e,c2,DROP,1007,e9,?,
1769494673.0219824,RECEIVED,d066d2ab-fac6-4833-a98d-9fabd836d5df,754af13e-57a8-49fe-9b8e-e9757ae641fa,c5,DROP,445,x8,?,
1769494673.1152296,SENT,8b348eb5-c4e8-432f-bd9b-96b8923932f6,9a5f87bc-12f6-46a5-98a1-a625a40bb7b4,c2,c3,1252,?,x8,
1769494673.1152697,FORWARDED,8b348eb5-c4e8-432f-bd9b-96b8923932f6,9a5f87bc-12f6-46a5-98a1-a625a40bb7b4,c2,c3,1252,?,x8,
1769494673.170834,SENT,a71dff5a-2c47-4687-8eba-ac53a04e3fed,5b8d3af1-6918-4be2-a567-b4b76c1e5156,c5,DROP,687,?,x11,
1769494673.1708713,FORWARDED,a71dff5a-2c47-4687-8eba-ac53a04e3fed,5b8d3af1-6918-4be2-a567-b4b76c1e5156,c5,DROP,687,?,x11,
1769494673.18687,RECEIVED,b5f275b6-4b14-447e-b38f-96e6af27ed4c,5f7ab4bd-c106-433f-a6f5-93560188f21f,c3,DROP,1012,e1,?,
1769494673.1944191,RECEIVED,6197301c-80bd-4ad1-9b60-cf40768167e9,efd6a4bb-bef3-4ccf-88e7-601cc0f16199,c5,DROP,441,x1,?,
1769494673.4028552,RECEIVED,98dc0da4-03d0-4ed5-8286-a343fed566f6,2aa43858-7b06-4153-9d27-b204e06b8046,c1,DROP,442,x3,?,
1769494673.4592626,SENT,b5f275b6-4b14-447e-b38f-96e6af27ed4c,5f7ab4bd-c106-433f-a6f5-93560188f21f,c3,DROP,687,?,x2,
1769494673.4592998,FORWARDED,b5f275b6-4b14-447e-b38f-96e6af27ed4c,5f7ab4bd-c106-433f-a6f5-93560188f21f,c3,DROP,687,?,x2,
1769494673.8078566,RECEIVED,30c9ed73-ef1b-401e-b09e-7855853fadc3,6727f324-98b3-4915-bd2e-c530bc5bb662,c2,c3,1783,e10,?,
1769494673.8327334,SENT,0315d249-32c6-4065-9c2b-cdd231042b7f,80140952-dd16-49ea-ac0e-a0afd3fe532e,c2,DROP,683,?,x5,
1769494673.8327765,FORWARDED,0315d249-32c6-4065-9c2b-cdd231042b7f,80140952-dd16-49ea-ac0e-a0afd3fe532e,c2,DROP,683,?,x5,
1769494673.9142272,RECEIVED,054e4bf4-0599-4219-bc77-cedc50e8fa21,264b3336-cca2-457a-8995-c2b421f517f2,c2,DROP,1007,e1,?,
1769494673.9536934,RECEIVED,137b75f2-c9b5-47b1-85d7-d2e0becc80de,bef373a1-3386-4b69-964a-01cec31a0bf9,c4,DROP,448,x5,?,
1769494673.987299,SENT,3180e332-c539-4287-89aa-3fc0017d5972,43f07918-0142-4ba0-a934-55292878df71,c2,DROP,683,?,x8,
1769494673.9873395,FORWARDED,3180e332-c539-4287-89aa-3fc0017d5972,43f07918-0142-4ba0-a934-55292878df71,c2,DROP,683,?,x8,
1769494674.0054102,SENT,30c9ed73-ef1b-401e-b09e-7855853fadc3,6727f324-98b3-4915-bd2e-c530bc5bb662,c2,c3,1264,?,x8,
1769494674.0054512,FORWARDED,30c9ed73-ef1b-401e-b09e-7855853fadc3,6727f324-98b3-4915-bd2e-c530bc5bb662,c2,c3,1264,?,x8,
1769494674.4582703,RECEIVED,9ed32978-2b8e-4178-8140-49231d88dbff,f1e08024-37e0-4aaf-b58a-44a1e2e6b91b,c2,DROP,441,x1,?,
1769494674.5495586,RECEIVED,40a1c3c0-7e71-4f62-b16a-75ac5467fdf3,46262366-1027-4e1f-9d57-b74ce689ad81,c5,c2,1772,e2,?,
1769494674.628547,RECEIVED,0f56b9a3-c3c1-419b-9070-9d9e5e89f897,9d6f7976-4234-414a-86ab-0087400f4421,c2,DROP,1009,e7,?,
1769494674.652434,SENT,40a1c3c0-7e71-4f62-b16a-75ac5467fdf3,46262366-1027-4e1f-9d57-b74ce689ad81,c5,c2,1255,?,x1,
1769494674.6524725,FORWARDED,40a1c3c0-7e71-4f62-b16a-75ac5467fdf3,46262366-1027-4e1f-9d57-b74ce689ad81,c5,c2,1255,?,x1,
1769494674.6929822,RECEIVED,7ff2e713-6030-4f5d-9aad-db214d06861b,14b653e4-319a-4cee-8449-3bdd4c35e181,c1,DROP,441,x8,?,
1769494674.7189634,RECEIVED,a543ea4e-1f57-444c-a835-eaf510b32b52,ff907a8e-2b2d-4db2-ac1e-67d3b3ddee4b,c4,c5,1780,e12,?,
1769494674.7210438,RECEIVED,651dceda-55e1-4702-8340-3b9d8d05489f,a431ec3a-df30-4fd8-a46d-cfce343bbd7b,c1,DROP,1022,e1,?,
1769494674.7232454,SENT,0f56b9a3-c3c1-419b-9070-9d9e5e89f897,9d6f7976-4234-414a-86ab-0087400f4421,c2,DROP,683,?,x11,
1769494674.7232845,FORWARDED,0f56b9a3-c3c1-419b-9070-9d9e5e89f897,9d6f7976-4234-414a-86ab-0087400f4421,c2,DROP,683,?,x11,
1769494674.7701862,SENT,651dceda-55e1-4702-8340-3b9d8d05489f,a431ec3a-df30-4fd8-a46d-cfce343bbd7b,c1,DROP,691,?,x10,
1769494674.770227,FORWARDED,651dceda-55e1-4702-8340-3b9d8d05489f,a431ec3a-df30-4fd8-a46d-cfce343bbd7b,c1,DROP,691,?,x10,
1769494674.9978878,SENT,054e4bf4-0599-4219-bc77-cedc50e8fa21,264b3336-cca2-457a-8995-c2b421f517f2,c2,DROP,683,?,x5,
1769494674.9979296,FORWARDED,054e4bf4-0599-4219-bc77-cedc50e8fa21,264b3336-cca2-457a-8995-c2b421f517f2,c2,DROP,683,?,x5,
1769494675.0136425,SENT,a543ea4e-1f57-444c-a835-eaf510b32b52,ff907a8e-2b2d-4db2-ac1e-67d3b3ddee4b,c4,c5,1263,?,x12,
1769494675.0136852,FORWARDED,a543ea4e-1f57-444c-a835-eaf510b32b52,ff907a8e-2b2d-4db2-ac1e-67d3b3ddee4b,c4,c5,1263,?,x12,
1769494675.1744921,RECEIVED,5bbe2a51-f56e-48ce-97e8-7e2b095cfbcb,3caeb9c4-30c7-4784-be84-e00abec5c65e,c5,DROP,1007,e11,?,
1769494675.1797848,RECEIVED,49d71d89-480e-4f1e-b98a-f9f09740126a,d01bf255-8fb3-4eb4-abd0-18a2ed0b4f53,c3,c5,1781,e10,?,
1769494675.2053125,RECEIVED,a9e53c4e-d14f-4e6b-9bcf-42fedf9ca538,dbd1786c-b873-46f3-8c97-50daa2834e40,c3,DROP,1013,e3,?,
1769494675.3651671,SENT,49d71d89-480e-4f1e-b98a-f9f09740126a,d01bf255-8fb3-4eb4-abd0-18a2ed0b4f53,c3,c5,1263,?,x11,
1769494675.3652043,FORWARDED,49d71d89-480e-4f1e-b98a-f9f09740126a,d01bf255-8fb3-4eb4-abd0-18a2ed0b4f53,c3,c5,1263,?,x11,
1769494675.4494615,SENT,5bbe2a51-f56e-48ce-97e8-7e2b095cfbcb,3caeb9c4-30c7-4784-be84-e00abec5c65e,c5,DROP,684,?,x1,
1769494675.4495056,FORWARDED,5bbe2a51-f56e-48ce-97e8-7e2b095cfbcb,3caeb9c4-30c7-4784-be84-e00abec5c65e,c5,DROP,684,?,x1,
1769494675.4666913,SENT,a9e53c4e-d14f-4e6b-9bcf-42fedf9ca538,dbd1786c-b873-46f3-8c97-50daa2834e40,c3,DROP,686,?,x11,
1769494675.466733,FORWARDED,a9e53c4e-d14f-4e6b-9bcf-42fedf9ca538,dbd1786c-b873-46f3-8c97-50daa2834e40,c3,DROP,686,?,x11,
1769494675.4933825,RECEIVED,09ee3e85-92a9-46df-bf4f-1fe0302fa2c7,48090bb1-2814-4fc4-a813-40c27697f460,c2,c3,1788,e11,?,
1769494675.535506,RECEIVED,34ff71bb-70e7-4889-b5c6-197b318c1e51,416fcb90-fa8a-42cd-ae6c-3b478563ebb2,c2,DROP,1005,e4,?,
1769494675.6578057,RECEIVED,c2b9ab1c-4ff4-4f6e-92f7-a3ebda5024e7,5cc102b8-6d63-4ff6-ad02-f5e65257bc87,c1,DROP,441,x8,?,
1769494675.6647804,RECEIVED,5c9f39cc-9737-4984-a5f1-2d5f3ff1b99c,a645d0ca-3224-4434-82bb-ffe1ef26d14d,c5,DROP,1011,e2,?,
1769494675.782293,RECEIVED,11eb3007-6249-46f2-b808-faf1ec72d02d,55609fa7-8a3a-44a8-b988-1a78c78e8cd3,c4,DROP,1016,e10,?,
1769494676.2986147,RECEIVED,c0c3a20a-5ac8-4b7e-b7f1-4f8df8d92949,51895bf1-3600-4dd5-83f0-512e47cff991,c5,DROP,1011,e4,?,
1769494676.3121595,RECEIVED,94e93dce-d551-4e07-a236-4345a332c895,67b4142b-c9ae-4bcf-a3cd-f1db92fef9e8,c2,DROP,1012,e1,?,
1769494676.3635707,RECEIVED,a2edf450-bb4e-4218-97a9-73356519861d,c6aa2d16-e634-4baa-ab29-69c2ab063a61,c1,DROP,1013,e4,?,
1769494676.4113917,SENT,94e93dce-d551-4e07-a236-4345a332c895,67b4142b-c9ae-4bcf-a3cd-f1db92fef9e8,c2,DROP,687,?,x5,
1769494676.411432,FORWARDED,94e93dce-d551-4e07-a236-4345a332c895,67b4142b-c9ae-4bcf-a3cd-f1db92fef9e8,c2,DROP,687,?,x5,
1769494676.4371066,RECEIVED,545ac46f-23bc-434e-becb-45d9c6b6eee5,ef43a6ee-4eb1-4f92-8da9-ddb65a42311a,c1,DROP,444,x7,?,
1769494676.438998,RECEIVED,ac192955-80de-45a8-9aca-9219441f22f6,c47b0cb4-eb95-4a89-b908-1f9244a848ad,c1,DROP,1012,e2,?,
1769494676.4712873,SENT,09ee3e85-92a9-46df-bf4f-1fe0302fa2c7,48090bb1-2814-4fc4-a813-40c27697f460,c2,c3,1268,?,x10,
1769494676.4713302,FORWARDED,09ee3e85-92a9-46df-bf4f-1fe0302fa2c7,48090bb1-2814-4fc4-a813-40c27697f460,c2,c3,1268,?,x10,
1769494676.5945208,SENT,ac192955-80de-45a8-9aca-9219441f22f6,c47b0cb4-eb95-4a89-b908-1f9244a848ad,c1,DROP,685,?,x3,
1769494676.5945609,FORWARDED,ac192955-80de-45a8-9aca-9219441f22f6,c47b0cb4-eb95-4a89-b908-1f9244a848ad,c1,DROP,685,?,x3,
1769494676.651589,SENT,5c9f39cc-9737-4984-a5f1-2d5f3ff1b99c,a645d0ca-3224-4434-82bb-ffe1ef26d14d,c5,DROP,686,?,x3,
1769494676.651629,FORWARDED,5c9f39cc-9737-4984-a5f1-2d5f3ff1b99c,a645d0ca-3224-4434-82bb-ffe1ef26d14d,c5,DROP,686,?,x3,
1769494676.6809342,RECEIVED,020732e0-4a65-4416-8713-2652beb636bd,9a57b4ed-0eae-4d02-8f86-875edd9d8172,c3,c5,1783,e9,?,
1769494676.708604,RECEIVED,dd2d63c9-b9be-4934-ac8d-91efed0e06bf,2f3ce63f-cdf2-4ebf-872d-80b0c3b963ce,c1,DROP,1011,e3,?,
1769494676.7491868,SENT,11eb3007-6249-46f2-b808-faf1ec72d02d,55609fa7-8a3a-44a8-b988-1a78c78e8cd3,c4,DROP,689,?,x12,
1769494676.7492256,FORWARDED,11eb3007-6249-46f2-b808-faf1ec72d02d,55609fa7-8a3a-44a8-b988-1a78c78e8cd3,c4,DROP,689,?,x12,
1769494676.7743604,RECEIVED,e52b176a-9d24-4c99-9ba0-9615f87ed494,f5d59a06-8b84-4c6c-8028-4b196d62d417,c3,DROP,1012,e8,?,
1769494676.8150165,SENT,a2edf450-bb4e-4218-97a9-73356519861d,c6aa2d16-e634-4baa-ab29-69c2ab063a61,c1,DROP,687,?,x12,
1769494676.815072,FORWARDED,a2edf450-bb4e-4218-97a9-73356519861d,c6aa2d16-e634-4baa-ab29-69c2ab063a61,c1,DROP,687,?,x12,
1769494676.8410077,RECEIVED,2c996c3f-405a-44c3-93d4-dd75c883c35e,02a1c6e1-d824-4d3b-80d0-66b65de5898b,c2,DROP,1016,e11,?,
1769494676.9419115,RECEIVED,b200749d-644e-4107-8fc6-fa87fef4e458,738a47e2-3670-4a1a-a20e-4619f2dde0d8,c5,c2,1768,e8,?,
1769494677.0858994,SENT,c0c3a20a-5ac8-4b7e-b7f1-4f8df8d92949,51895bf1-3600-4dd5-83f0-512e47cff991,c5,DROP,687,?,x1,
1769494677.0859418,FORWARDED,c0c3a20a-5ac8-4b7e-b7f1-4f8df8d92949,51895bf1-3600-4dd5-83f0-512e47cff991,c5,DROP,687,?,x1,
1769494677.2113512,RECEIVED,ca9336bb-c122-4257-a7ac-2dc3cc084ced,91aae4a7-4d59-44c7-b664-68309655bffa,c3,DROP,1010,e9,?,
1769494677.2262793,RECEIVED,9d66d664-42d5-43a6-817b-0723afdde370,02eb4141-c967-4529-a0e8-33c431b5665b,c1,DROP,441,x2,?,
1769494677.2267115,SENT,b200749d-644e-4107-8fc6-fa87fef4e458,738a47e2-3670-4a1a-a20e-4619f2dde0d8,c5,c2,1252,?,x10,
1769494677.2267458,FORWARDED,b200749d-644e-4107-8fc6-fa87fef4e458,738a47e2-3670-4a1a-a20e-4619f2dde0d8,c5,c2,1252,?,x10,
1769494677.2339025,SENT,ca9336bb-c122-4257-a7ac-2dc3cc084ced,91aae4a7-4d59-44c7-b664-68309655bffa,c3,DROP,683,?,x10,
1769494677.2339396,FORWARDED,ca9336bb-c122-4257-a7ac-2dc3cc084ced,91aae4a7-4d59-44c7-b664-68309655bffa,c3,DROP,683,?,x10,
1769494677.2676582,SENT,020732e0-4a65-4416-8713-2652beb636bd,9a57b4ed-0eae-4d02-8f86-875edd9d8172,c3,c5,1264,?,x5,
1769494677.267697,FORWARDED,020732e0-4a65-4416-8713-2652beb636bd,9a57b4ed-0eae-4d02-8f86-875edd9d8172,c3,c5,1264,?,x5,
1769494677.3064468,SENT,2c996c3f-405a-44c3-93d4-dd75c883c35e,02a1c6e1-d824-4d3b-80d0-66b65de5898b,c2,DROP,688,?,x5,
1769494677.3064904,FORWARDED,2c996c3f-405a-44c3-93d4-dd75c883c35e,02a1c6e1-d824-4d3b-80d0-66b65de5898b,c2,DROP,688,?,x5,
1769494677.3198602,SENT,e52b176a-9d24-4c99-9ba0-9615f87ed494,f5d59a06-8b84-4c6c-8028-4b196d62d417,c3,DROP,687,?,x10,
1769494677.3199062,FORWARDED,e52b176a-9d24-4c99-9ba0-9615f87ed494,f5d59a06-8b84-4c6c-8028-4b196d62d417,c3,DROP,687,?,x10,
1769494677.3494184,SENT,dd2d63c9-b9be-4934-ac8d-91efed0e06bf,2f3ce63f-cdf2-4ebf-872d-80b0c3b963ce,c1,DROP,687,?,x1,
1769494677.3494575,FORWARDED,dd2d63c9-b9be-4934-ac8d-91efed0e06bf,2f3ce63f-cdf2-4ebf-872d-80b0c3b963ce,c1,DROP,687,?,x1,
1769494677.392191,RECEIVED,c15fa853-326f-4ee8-ba49-8a0a8f6e3a63,f5cf2f74-d6b6-4390-bacf-918b247cc940,c1,DROP,1020,e10,?,
1769494677.4839187,RECEIVED,a7d07e7c-b06f-47fa-80d3-93608244e766,d9e81d68-6509-4572-bd35-cf9dadaf39c5,c4,DROP,1012,e8,?,
1769494677.5099456,RECEIVED,08ac1231-77aa-487d-9190-30fe1822a420,945db10d-25f7-4428-9b53-6e53cad73f0d,c3,DROP,1020,e11,?,
1769494677.5203826,SENT,34ff71bb-70e7-4889-b5c6-197b318c1e51,416fcb90-fa8a-42cd-ae6c-3b478563ebb2,c2,DROP,683,?,x8,
1769494677.5204234,FORWARDED,34ff71bb-70e7-4889-b5c6-197b318c1e51,416fcb90-fa8a-42cd-ae6c-3b478563ebb2,c2,DROP,683,?,x8,
1769494677.5572495,SENT,08ac1231-77aa-487d-9190-30fe1822a420,945db10d-25f7-4428-9b53-6e53cad73f0d,c3,DROP,691,?,x7,
1769494677.5572934,FORWARDED,08ac1231-77aa-487d-9190-30fe1822a420,945db10d-25f7-4428-9b53-6e53cad73f0d,c3,DROP,691,?,x7,
1769494677.6116602,RECEIVED,728e07c5-33d8-48ff-8cf9-3e7f1ccd1aea,d2756dc7-50c7-46b8-b94d-ae244b49a392,c5,DROP,1008,e6,?,
1769494677.7060053,RECEIVED,7d7f3dcc-503f-4918-b380-293f44f2e73e,b8ea8ec8-05ae-4857-9815-be225457e697,c3,DROP,442,x5,?,
1769494677.7517102,RECEIVED,f933d56c-e9cc-4834-b9b8-e1dae7f4b9a9,3df536ca-fea3-46b6-bc3d-612e11485033,c3,DROP,437,x10,?,
1769494677.8424356,SENT,728e07c5-33d8-48ff-8cf9-3e7f1ccd1aea,d2756dc7-50c7-46b8-b94d-ae244b49a392,c5,DROP,684,?,x1,
1769494677.8424804,FORWARDED,728e07c5-33d8-48ff-8cf9-3e7f1ccd1aea,d2756dc7-50c7-46b8-b94d-ae244b49a392,c5,DROP,684,?,x1,
1769494677.844748,RECEIVED,0f5801a3-e000-47db-9bda-0a42d2900a45,2745c4ee-a2bd-4e37-8fca-8e8edd53a48f,c3,c5,1780,e10,?,
1769494677.8507743,RECEIVED,1c35b9d6-e11a-48fe-bdf5-c1b3c3e1d592,1a02736d-c553-4b18-9d18-2b4462d21fd3,c4,DROP,1020,e7,?,
1769494677.9413679,RECEIVED,3705c479-5d0a-46f8-a0dd-62fc34537a50,1721a5ee-eaa8-47bd-afbe-78efccd2dccf,c4,DROP,1007,e4,?,
1769494677.9943497,SENT,0f5801a3-e000-47db-9bda-0a42d2900a45,2745c4ee-a2bd-4e37-8fca-8e8edd53a48f,c3,c5,1263,?,x1,
1769494677.9943924,FORWARDED,0f5801a3-e000-47db-9bda-0a42d2900a45,2745c4ee-a2bd-4e37-8fca-8e8edd53a48f,c3,c5,1263,?,x1,
1769494678.1504376,RECEIVED,c934462f-2d25-4d93-bec8-0b2eba88cf68,b9aa302e-43a3-489e-8bcd-306bbe794b14,c2,DROP,1020,e2,?,
1769494678.2433803,RECEIVED,1dd1a906-89f3-4ec1-8e77-f97f3d3d6481,6cb3e81b-65b4-4266-b490-c0c70b007932,c4,DROP,442,x2,?,
1769494678.2632463,SENT,c15fa853-326f-4ee8-ba49-8a0a8f6e3a63,f5cf2f74-d6b6-4390-bacf-918b247cc940,c1,DROP,692,?,x10,
1769494678.263289,FORWARDED,c15fa853-326f-4ee8-ba49-8a0a8f6e3a63,f5cf2f74-d6b6-4390-bacf-918b247cc940,c1,DROP,692,?,x10,
1769494678.3670883,RECEIVED,0f03a290-7013-4bd0-b145-f420916ccad7,73e31c06-f192-4dec-8a48-90d97c0e4729,c1,c5,1775,e1,?,
1769494678.4599946,RECEIVED,a0f0818e-eae5-4a07-96af-6bef5b97abb8,a29d768d-424e-4cf4-b977-35143cf67d0e,c5,DROP,1015,e1,?,
1769494678.4835277,SENT,c934462f-2d25-4d93-bec8-0b2eba88cf68,b9aa302e-43a3-489e-8bcd-306bbe794b14,c2,DROP,691,?,x9,
1769494678.4835722,FORWARDED,c934462f-2d25-4d93-bec8-0b2eba88cf68,b9aa302e-43a3-489e-8bcd-306bbe794b14,c2,DROP,691,?,x9,
1769494678.503865,RECEIVED,9b15ddd6-3af6-4d2c-b1a4-d9c7bb743aba,10d67711-b92c-45ec-803a-a52ec257082e,c5,DROP,1007,e7,?,
1769494678.572917,SENT,1c35b9d6-e11a-48fe-bdf5-c1b3c3e1d592,1a02736d-c553-4b18-9d18-2b4462d21fd3,c4,DROP,691,?,x10,
1769494678.5729606,FORWARDED,1c35b9d6-e11a-48fe-bdf5-c1b3c3e1d592,1a02736d-c553-4b18-9d18-2b4462d21fd3,c4,DROP,691,?,x10,
1769494678.5931432,RECEIVED,01bde736-6124-409c-af26-bcd4ac3ba7b2,b710b052-5e91-4ccf-97f4-b331769baf6a,c3,DROP,1012,e1,?,
1769494678.8658702,SENT,01bde736-6124-409c-af26-bcd4ac3ba7b2,b710b052-5e91-4ccf-97f4-b331769baf6a,c3,DROP,687,?,x5,
1769494678.865918,FORWARDED,01bde736-6124-409c-af26-bcd4ac3ba7b2,b710b052-5e91-4ccf-97f4-b331769baf6a,c3,DROP,687,?,x5,
1769494678.889361,SENT,9b15ddd6-3af6-4d2c-b1a4-d9c7bb743aba,10d67711-b92c-45ec-803a-a52ec257082e,c5,DROP,684,?,x7,
1769494678.889402,FORWARDED,9b15ddd6-3af6-4d2c-b1a4-d9c7bb743aba,10d67711-b92c-45ec-803a-a52ec257082e,c5,DROP,684,?,x7,
1769494678.89631,RECEIVED,5abec0eb-0b79-41af-9090-b0bc055b82e4,e04becab-97ed-452b-af3f-1e72de629e53,c3,DROP,445,x11,?,
1769494678.9103608,RECEIVED,d45dc624-b503-4918-884c-aedbb0151676,442c0109-a3e7-42f2-a55c-0b53fdb63f6d,c1,DROP,1014,e12,?,
1769494678.9950411,SENT,a0f0818e-eae5-4a07-96af-6bef5b97abb8,a29d768d-424e-4cf4-b977-35143cf67d0e,c5,DROP,688,?,x5,
1769494678.9954042,FORWARDED,a0f0818e-eae5-4a07-96af-6bef5b97abb8,a29d768d-424e-4cf4-b977-35143cf67d0e,c5,DROP,688,?,x5,
1769494679.023699,SENT,0f03a290-7013-4bd0-b145-f420916ccad7,73e31c06-f192-4dec-8a48-90d97c0e4729,c1,c5,1259,?,x8,
1769494679.02374,FORWARDED,0f03a290-7013-4bd0-b145-f420916ccad7,73e31c06-f192-4dec-8a48-90d97c0e4729,c1,c5,1259,?,x8,
1769494679.065193,SENT,3705c479-5d0a-46f8-a0dd-62fc34537a50,1721a5ee-eaa8-47bd-afbe-78efccd2dccf,c4,DROP,683,?,x5,
1769494679.0652473,FORWARDED,3705c479-5d0a-46f8-a0dd-62fc34537a50,1721a5ee-eaa8-47bd-afbe-78efccd2dccf,c4,DROP,683,?,x5,
1769494679.113381,SENT,a7d07e7c-b06f-47fa-80d3-93608244e766,d9e81d68-6509-4572-bd35-cf9dadaf39c5,c4,DROP,687,?,x10,
1769494679.1134236,FORWARDED,a7d07e7c-b06f-47fa-80d3-93608244e766,d9e81d68-6509-4572-bd35-cf9dadaf39c5,c4,DROP,687,?,x10,
1769494679.1342149,RECEIVED,fb870e6b-b10a-404e-9770-3b9a50c2c544,94d3cd79-2068-46f1-ae7a-5ffee3db6b5f,c2,DROP,1012,e1,?,
1769494679.3345764,RECEIVED,a31f20e0-176b-4d1a-ae8f-9544e162de9e,92d99220-cd90-47da-bb3b-0b43ad09613c,c3,DROP,440,x5,?,
1769494679.4886284,RECEIVED,9d6a36e8-785f-4035-9a45-17b71b537a44,07c3cb2f-fcb6-4e26-b05d-94b35a1ac5ab,c3,DROP,1011,e4,?,
1769494679.5836532,RECEIVED,1f825c31-a6ce-464b-bf22-3941eab004d6,44693470-91ca-4c74-b8a0-6215b9c5ab47,c1,DROP,1008,e5,?,
1769494679.6044261,SENT,fb870e6b-b10a-404e-9770-3b9a50c2c544,94d3cd79-2068-46f1-ae7a-5ffee3db6b5f,c2,DROP,686,?,x9,
1769494679.6044674,FORWARDED,fb870e6b-b10a-404e-9770-3b9a50c2c544,94d3cd79-2068-46f1-ae7a-5ffee3db6b5f,c2,DROP,686,?,x9,
1769494679.6287215,SENT,d45dc624-b503-4918-884c-aedbb0151676,442c0109-a3e7-42f2-a55c-0b53fdb63f6d,c1,DROP,688,?,x4,
1769494679.628762,FORWARDED,d45dc624-b503-4918-884c-aedbb0151676,442c0109-a3e7-42f2-a55c-0b53fdb63f6d,c1,DROP,688,?,x4,
1769494679.662744,SENT,9d6a36e8-785f-4035-9a45-17b71b537a44,07c3cb2f-fcb6-4e26-b05d-94b35a1ac5ab,c3,DROP,687,?,x3,
1769494679.662785,FORWARDED,9d6a36e8-785f-4035-9a45-17b71b537a44,07c3cb2f-fcb6-4e26-b05d-94b35a1ac5ab,c3,DROP,687,?,x3,
1769494679.6812632,RECEIVED,20566395-74a7-4779-af9a-84feb1dadb4d,31947d34-0729-4076-a015-7216ccfec1a4,c2,DROP,1020,e12,?,
1769494679.7352195,RECEIVED,129f9b80-b0a2-4694-95d9-22367f0b1150,ea3f0d42-10af-4a2c-ac2c-0e018c3ea9d9,c2,DROP,446,x11,?,
1769494679.7590282,RECEIVED,f8eef043-7f82-4087-99a0-8780cc078c96,028ca703-7d5c-4787-bd26-162a2981c82c,c2,DROP,1015,e11,?,
1769494679.7869802,RECEIVED,fb1f02e7-8a48-4b81-86b5-9c46d06d470b,1d69410a-6ef6-4728-b6eb-07a32c2eaeb8,c2,DROP,1006,e12,?,
1769494679.7942595,SENT,20566395-74a7-4779-af9a-84feb1dadb4d,31947d34-0729-4076-a015-7216ccfec1a4,c2,DROP,691,?,x3,
1769494679.7943003,FORWARDED,20566395-74a7-4779-af9a-84feb1dadb4d,31947d34-0729-4076-a015-7216ccfec1a4,c2,DROP,691,?,x3,
1769494679.8549998,SENT,1f825c31-a6ce-464b-bf22-3941eab004d6,44693470-91ca-4c74-b8a0-6215b9c5ab47,c1,DROP,683,?,x1,
1769494679.8550413,FORWARDED,1f825c31-a6ce-464b-bf22-3941eab004d6,44693470-91ca-4c74-b8a0-6215b9c5ab47,c1,DROP,683,?,x1,
1769494679.9445705,RECEIVED,37796b4d-35bc-42a9-9cb6-fbe98b840c79,793ea761-513d-4f4a-8dc4-d9bd68fe2c51,c1,DROP,445,x10,?,
1769494679.9607735,RECEIVED,7440c1e9-fb14-4acb-a79f-a352d9a69a48,a91c077c-663d-4af2-ab4b-466695a8d544,c5,DROP,1012,e6,?,
1769494680.0574098,RECEIVED,ff9983ea-b4df-441c-a9c9-4133b3febc53,6c41bf09-7e27-4616-a696-3e936f311b1a,c5,DROP,442,x8,?,
1769494680.0601087,SENT,7440c1e9-fb14-4acb-a79f-a352d9a69a48,a91c077c-663d-4af2-ab4b-466695a8d544,c5,DROP,687,?,x1,
1769494680.0601523,FORWARDED,7440c1e9-fb14-4acb-a79f-a352d9a69a48,a91c077c-663d-4af2-ab4b-466695a8d544,c5,DROP,687,?,x1,
1769494680.0952804,SENT,fb1f02e7-8a48-4b81-86b5-9c46d06d470b,1d69410a-6ef6-4728-b6eb-07a32c2eaeb8,c2,DROP,684,?,x9,
1769494680.0953188,FORWARDED,fb1f02e7-8a48-4b81-86b5-9c46d06d470b,1d69410a-6ef6-4728-b6eb-07a32c2eaeb8,c2,DROP,684,?,x9,
1769494680.2336097,RECEIVED,0c5e7e8d-6dd4-4848-a9eb-af98f0c6ceb9,46d22071-f3b3-4eed-9412-7ced7fdc8a09,c2,DROP,1020,e7,?,
1769494680.3080947,SENT,f8eef043-7f82-4087-99a0-8780cc078c96,028ca703-7d5c-4787-bd26-162a2981c82c,c2,DROP,688,?,x3,
1769494680.3081353,FORWARDED,f8eef043-7f82-4087-99a0-8780cc078c96,028ca703-7d5c-4787-bd26-162a2981c82c,c2,DROP,688,?,x3,
1769494680.4862378,RECEIVED,fc89d247-e7e5-41d8-af12-bfdee10cc808,a6e6d719-05ef-4edb-af76-fe5ecb3df6b8,c3,DROP,441,x7,?,
1769494680.6374257,RECEIVED,da5be92e-c148-4f7a-89ac-f91a431691a2,733c445d-8609-47d6-9244-c820ff78962d,c2,DROP,445,x7,?,
1769494680.7180004,RECEIVED,3595b6f8-99c6-4f5f-bd4b-cbb9a53d678f,aabcba1c-dafe-499d-b6c9-24c49af20765,c1,DROP,440,x5,?,
1769494680.8854406,RECEIVED,6f89d5d0-2366-4803-8aff-eb82bddee41c,4695cd6c-b613-41e5-b29f-aebf518ca6f1,c1,c5,1776,e8,?,
1769494681.0245194,SENT,0c5e7e8d-6dd4-4848-a9eb-af98f0c6ceb9,46d22071-f3b3-4eed-9412-7ced7fdc8a09,c2,DROP,692,?,x11,
1769494681.0245607,FORWARDED,0c5e7e8d-6dd4-4848-a9eb-af98f0c6ceb9,46d22071-f3b3-4eed-9412-7ced7fdc8a09,c2,DROP,692,?,x11,
1769494681.1018753,SENT,6f89d5d0-2366-4803-8aff-eb82bddee41c,4695cd6c-b613-41e5-b29f-aebf518ca6f1,c1,c5,1260,?,x2,
1769494681.1019146,FORWARDED,6f89d5d0-2366-4803-8aff-eb82bddee41c,4695cd6c-b613-41e5-b29f-aebf518ca6f1,c1,c5,1260,?,x2,
1769494681.225936,RECEIVED,e62cae78-db5b-45fe-b76c-c79005adc9ec,27c3d99d-5f70-4d04-95d6-3e551d51dfe3,c2,DROP,1011,e3,?,
1769494681.4522736,SENT,e62cae78-db5b-45fe-b76c-c79005adc9ec,27c3d99d-5f70-4d04-95d6-3e551d51dfe3,c2,DROP,687,?,x5,
1769494681.4523153,FORWARDED,e62cae78-db5b-45fe-b76c-c79005adc9ec,27c3d99d-5f70-4d04-95d6-3e551d51dfe3,c2,DROP,687,?,x5,
1769494681.5160725,RECEIVED,3a200820-54a8-427a-8f77-af72a068cd0d,5cd4c11f-398e-4a93-80e8-089a31c1575d,c5,DROP,1015,e4,?,
1769494681.5754836,RECEIVED,09015c6f-5767-4850-8c2b-ade0c21020c7,f6343b7e-bfa0-4a9a-be89-b467b52422d3,c3,DROP,442,x3,?,
1769494681.7314122,SENT,3a200820-54a8-427a-8f77-af72a068cd0d,5cd4c11f-398e-4a93-80e8-089a31c1575d,c5,DROP,688,?,x4,
1769494681.7314484,FORWARDED,3a200820-54a8-427a-8f77-af72a068cd0d,5cd4c11f-398e-4a93-80e8-089a31c1575d,c5,DROP,688,?,x4,
1769494681.7581222,RECEIVED,4cfe0484-e53c-4f53-ab44-2fc69ca11dea,0d63bf04-06c5-487f-b9e8-c725f118ca44,c2,DROP,1019,e5,?,
1769494681.799003,RECEIVED,719f7aa2-ca5c-4cf7-a16d-11b9352e3c56,3422cd5e-ed67-4d10-9347-df9bab31c213,c4,DROP,445,x10,?,
1769494681.811847,RECEIVED,7a48884c-3a7b-420c-b924-ef8a30988208,a6dde1a1-ff76-48d2-98a8-ff4b85dc7386,c4,DROP,441,x9,?,
1769494681.9943902,RECEIVED,e519226c-3880-421c-893e-1a65d547f351,e6bdf1f7-be3d-4ff4-a75d-5db5995ced26,c2,DROP,442,x8,?,
1769494682.3046954,RECEIVED,a989e500-a715-4f9c-b04d-ddeee48fde66,56750935-8b4f-4ab0-a930-ea1268ad6f3f,c1,DROP,446,x10,?,
1769494682.3787236,RECEIVED,7d13a5fd-0fbb-4722-859a-0ac3f940541f,927a4fb1-00d7-4853-b59b-1900be5c793f,c3,DROP,441,x9,?,
1769494682.5479643,RECEIVED,a4411a83-ebf7-492f-a1bc-7e246418b225,5964b614-e92d-41c7-a1c3-e055e8728355,c1,DROP,1012,e6,?,
1769494682.816639,RECEIVED,83d7c0b7-33bb-4eaf-beb5-cb2d5fce2ba5,766f4a72-cde8-44df-8cb4-98b697760233,c2,DROP,445,x9,?,
1769494682.936361,SENT,4cfe0484-e53c-4f53-ab44-2fc69ca11dea,0d63bf04-06c5-487f-b9e8-c725f118ca44,c2,DROP,693,?,x3,
1769494682.936402,FORWARDED,4cfe0484-e53c-4f53-ab44-2fc69ca11dea,0d63bf04-06c5-487f-b9e8-c725f118ca44,c2,DROP,693,?,x3,
1769494683.0963326,RECEIVED,3896e05d-6402-457f-a885-f241273dd183,1e076853-d3c5-44d9-8da0-ebdc7fa485a1,c3,DROP,1011,e3,?,
1769494683.1453822,RECEIVED,68e96541-afc0-49e3-88ef-5cd417cc6795,66278c7f-56e0-4cfe-a111-8244ae603ef4,c5,DROP,1020,e2,?,
1769494683.154392,RECEIVED,354ef3c4-6dc8-413f-a07d-7ef452572e50,488694c6-af40-46e5-8e26-a83bfd7a96bb,c5,DROP,446,x11,?,
1769494683.3428705,RECEIVED,ea4d0107-db82-40df-8545-ec113279aea5,99f84293-68f7-49d2-9d3e-a360683ec189,c3,DROP,1019,e2,?,
1769494683.3942666,RECEIVED,8527a5c4-6d47-42bb-bd6d-ebb345990e6e,8cd044b0-cf37-4e5b-95dc-2bfe0f3c37be,c2,c3,1762,e9,?,
1769494683.4242294,SENT,3896e05d-6402-457f-a885-f241273dd183,1e076853-d3c5-44d9-8da0-ebdc7fa485a1,c3,DROP,687,?,x1,
1769494683.424273,FORWARDED,3896e05d-6402-457f-a885-f241273dd183,1e076853-d3c5-44d9-8da0-ebdc7fa485a1,c3,DROP,687,?,x1,
1769494683.4875267,RECEIVED,1bbc2d8f-f19d-4f4b-ae2c-ffd370b65326,52978547-9d0e-4e64-a7c2-7b8c2e2261a5,c4,DROP,441,x4,?,
1769494683.5193908,SENT,ea4d0107-db82-40df-8545-ec113279aea5,99f84293-68f7-49d2-9d3e-a360683ec189,c3,DROP,693,?,x7,
1769494683.519424,FORWARDED,ea4d0107-db82-40df-8545-ec113279aea5,99f84293-68f7-49d2-9d3e-a360683ec189,c3,DROP,693,?,x7,
1769494683.57397,SENT,8527a5c4-6d47-42bb-bd6d-ebb345990e6e,8cd044b0-cf37-4e5b-95dc-2bfe0f3c37be,c2,c3,1251,?,x7,
1769494683.5740125,FORWARDED,8527a5c4-6d47-42bb-bd6d-ebb345990e6e,8cd044b0-cf37-4e5b-95dc-2bfe0f3c37be,c2,c3,1251,?,x7,
1769494683.7266207,SENT,a4411a83-ebf7-492f-a1bc-7e246418b225,5964b614-e92d-41c7-a1c3-e055e8728355,c1,DROP,687,?,x12,
1769494683.7266593,FORWARDED,a4411a83-ebf7-492f-a1bc-7e246418b225,5964b614-e92d-41c7-a1c3-e055e8728355,c1,DROP,687,?,x12,
1769494683.7821422,SENT,68e96541-afc0-49e3-88ef-5cd417cc6795,66278c7f-56e0-4cfe-a111-8244ae603ef4,c5,DROP,692,?,x10,
1769494683.7821834,FORWARDED,68e96541-afc0-49e3-88ef-5cd417cc6795,66278c7f-56e0-4cfe-a111-8244ae603ef4,c5,DROP,692,?,x10,
1769494683.8621197,RECEIVED,2f3a7f96-f0c9-4cd8-ba2e-40e46902a10c,be820213-a57a-429b-adcb-6bc7a4af6d9e,c4,DROP,1020,e5,?,
1769494684.6140912,RECEIVED,6b962b0a-d07a-4376-abb5-b3467b438a4c,83847b62-fb27-49ac-b1d0-5cb5ea4b5a54,c5,DROP,1023,e5,?,
1769494684.9354331,SENT,2f3a7f96-f0c9-4cd8-ba2e-40e46902a10c,be820213-a57a-429b-adcb-6bc7a4af6d9e,c4,DROP,691,?,x10,
1769494684.9354703,FORWARDED,2f3a7f96-f0c9-4cd8-ba2e-40e46902a10c,be820213-a57a-429b-adcb-6bc7a4af6d9e,c4,DROP,691,?,x10,
1769494685.023491,RECEIVED,2f070ece-4706-44ac-98d8-0d5981dfae02,de1ad98c-2d8e-4911-86ce-a4a8ebba57e3,c4,DROP,1012,e3,?,
1769494685.2514415,SENT,2f070ece-4706-44ac-98d8-0d5981dfae02,de1ad98c-2d8e-4911-86ce-a4a8ebba57e3,c4,DROP,685,?,x6,
1769494685.2514899,FORWARDED,2f070ece-4706-44ac-98d8-0d5981dfae02,de1ad98c-2d8e-4911-86ce-a4a8ebba57e3,c4,DROP,685,?,x6,
1769494685.37604,RECEIVED,b33d1075-3f4c-48ff-bf3f-474fc97ecedc,8a368a46-a726-4068-984e-2a3e38e1a7b5,c2,DROP,1008,e4,?,
1769494685.3997166,RECEIVED,3358ea31-37b2-4eba-a4c7-7463d881a668,ad02f95b-f601-4a03-87ed-e4b5c182fb1c,c2,DROP,441,x7,?,
1769494685.4545255,SENT,b33d1075-3f4c-48ff-bf3f-474fc97ecedc,8a368a46-a726-4068-984e-2a3e38e1a7b5,c2,DROP,684,?,x2,
1769494685.4545667,FORWARDED,b33d1075-3f4c-48ff-bf3f-474fc97ecedc,8a368a46-a726-4068-984e-2a3e38e1a7b5,c2,DROP,684,?,x2,
1769494685.4643795,SENT,6b962b0a-d07a-4376-abb5-b3467b438a4c,83847b62-fb27-49ac-b1d0-5cb5ea4b5a54,c5,DROP,694,?,x7,
1769494685.464421,FORWARDED,6b962b0a-d07a-4376-abb5-b3467b438a4c,83847b62-fb27-49ac-b1d0-5cb5ea4b5a54,c5,DROP,694,?,x7,
1769494685.4673417,RECEIVED,7d4042c7-9e99-4efa-853c-4b89af0b52c8,3e8dfad0-7666-4ea6-813e-819baea06896,c5,DROP,1011,e12,?,
1769494685.994933,SENT,7d4042c7-9e99-4efa-853c-4b89af0b52c8,3e8dfad0-7666-4ea6-813e-819baea06896,c5,DROP,687,?,x3,
1769494685.994975,FORWARDED,7d4042c7-9e99-4efa-853c-4b89af0b52c8,3e8dfad0-7666-4ea6-813e-819baea06896,c5,DROP,687,?,x3,
1769494686.0109332,RECEIVED,ca70d09d-f6c6-4101-b3cd-ea6b6d5fb0bf,935538d1-6503-4b81-b63b-9604161cb94c,c5,DROP,1012,e10,?,
1769494686.1397524,SENT,ca70d09d-f6c6-4101-b3cd-ea6b6d5fb0bf,935538d1-6503-4b81-b63b-9604161cb94c,c5,DROP,687,?,x6,
1769494686.1397922,FORWARDED,ca70d09d-f6c6-4101-b3cd-ea6b6d5fb0bf,935538d1-6503-4b81-b63b-9604161cb94c,c5,DROP,687,?,x6,
1769494686.455359,RECEIVED,2e0723f7-e360-45f7-91d7-7d4b83a1f47d,379428f8-6383-4afe-aa6e-78714093d012,c3,c5,1788,e4,?,
1769494686.5000005,RECEIVED,5b1a8975-28bb-4caf-829b-4407700a4fb6,096c29f9-16b4-44cc-8782-9359922da56b,c2,DROP,1008,e6,?,
1769494686.5248775,RECEIVED,c6976d09-c614-4eed-b5a0-db045e4c31d6,b79511aa-1521-4552-b5a1-9c3e1bb65009,c3,DROP,1020,e3,?,
1769494686.5673547,RECEIVED,9e767927-4c3d-494d-8807-fd82c5f69170,c3080eb6-6146-4a13-8769-caa9dbdf08d5,c3,DROP,1013,e6,?,
1769494686.5776143,SENT,5b1a8975-28bb-4caf-829b-4407700a4fb6,096c29f9-16b4-44cc-8782-9359922da56b,c2,DROP,684,?,x4,
1769494686.578211,FORWARDED,5b1a8975-28bb-4caf-829b-4407700a4fb6,096c29f9-16b4-44cc-8782-9359922da56b,c2,DROP,684,?,x4,
1769494686.5925865,SENT,9e767927-4c3d-494d-8807-fd82c5f69170,c3080eb6-6146-4a13-8769-caa9dbdf08d5,c3,DROP,687,?,x7,
1769494686.592624,FORWARDED,9e767927-4c3d-494d-8807-fd82c5f69170,c3080eb6-6146-4a13-8769-caa9dbdf08d5,c3,DROP,687,?,x7,
1769494686.6662505,SENT,c6976d09-c614-4eed-b5a0-db045e4c31d6,b79511aa-1521-4552-b5a1-9c3e1bb65009,c3,DROP,692,?,x3,
1769494686.6662927,FORWARDED,c6976d09-c614-4eed-b5a0-db045e4c31d6,b79511aa-1521-4552-b5a1-9c3e1bb65009,c3,DROP,692,?,x3,
1769494686.7101007,RECEIVED,ca545f41-a62b-4ef3-8487-da14c9bebec3,4b8cad80-1cb7-4b0d-a00e-81be98b2869f,c4,DROP,442,x4,?,
1769494687.2443006,RECEIVED,244f8d3d-46ba-4e93-85de-9d2be1e351f7,d62cca18-e0a0-4ea1-9de6-3f04486d1139,c1,c5,1772,e5,?,
1769494687.4197688,RECEIVED,80b44ed4-6866-46ef-8887-84ae7e231210,f42645e3-e26b-4706-92f5-e6e4658b2429,c1,DROP,1020,e12,?,
1769494687.431658,RECEIVED,a45bac84-b650-443f-9f45-ea60c8bf0b78,ad64e31f-fd4b-4286-bb1f-3dc1d996da6f,c1,DROP,1021,e9,?,
1769494687.48094,SENT,a45bac84-b650-443f-9f45-ea60c8bf0b78,ad64e31f-fd4b-4286-bb1f-3dc1d996da6f,c1,DROP,691,?,x11,
1769494687.4809835,FORWARDED,a45bac84-b650-443f-9f45-ea60c8bf0b78,ad64e31f-fd4b-4286-bb1f-3dc1d996da6f,c1,DROP,691,?,x11,
1769494687.5570433,RECEIVED,5f5db93a-09be-4733-b386-120e6f8291f8,d8fce5f8-5ae3-42bf-b5d4-56e929df3de4,c3,DROP,1008,e6,?,
1769494687.5825703,SENT,2e0723f7-e360-45f7-91d7-7d4b83a1f47d,379428f8-6383-4afe-aa6e-78714093d012,c3,c5,1268,?,x11,
1769494687.5826123,FORWARDED,2e0723f7-e360-45f7-91d7-7d4b83a1f47d,379428f8-6383-4afe-aa6e-78714093d012,c3,c5,1268,?,x11,
1769494687.6501892,RECEIVED,8efa2ff7-a6d6-49f4-a056-d31d0a9c85c3,dc3d17e5-0b19-42a1-a7d9-7df9b0ea252b,c2,DROP,1004,e4,?,
1769494687.849283,SENT,8efa2ff7-a6d6-49f4-a056-d31d0a9c85c3,dc3d17e5-0b19-42a1-a7d9-7df9b0ea252b,c2,DROP,679,?,x6,
1769494687.8493345,FORWARDED,8efa2ff7-a6d6-49f4-a056-d31d0a9c85c3,dc3d17e5-0b19-42a1-a7d9-7df9b0ea252b,c2,DROP,679,?,x6,
1769494687.887274,SENT,5f5db93a-09be-4733-b386-120e6f8291f8,d8fce5f8-5ae3-42bf-b5d4-56e929df3de4,c3,DROP,683,?,x5,
1769494687.8873274,FORWARDED,5f5db93a-09be-4733-b386-120e6f8291f8,d8fce5f8-5ae3-42bf-b5d4-56e929df3de4,c3,DROP,683,?,x5,
1769494688.1507213,RECEIVED,895fcdea-35b8-4ef0-bc15-81f25fe2c61f,024fcde0-eed1-4655-917b-dc1eec6d2d58,c3,DROP,1016,e3,?,
1769494688.2681243,SENT,80b44ed4-6866-46ef-8887-84ae7e231210,f42645e3-e26b-4706-92f5-e6e4658b2429,c1,DROP,692,?,x11,
1769494688.268166,FORWARDED,80b44ed4-6866-46ef-8887-84ae7e231210,f42645e3-e26b-4706-92f5-e6e4658b2429,c1,DROP,692,?,x11,
1769494688.292116,RECEIVED,4d04250c-4f35-41d4-88b6-e0893e6a31f9,debebe4d-5704-4541-a072-c01cf4050cc4,c5,DROP,441,x1,?,
1769494688.3313785,SENT,895fcdea-35b8-4ef0-bc15-81f25fe2c61f,024fcde0-eed1-4655-917b-dc1eec6d2d58,c3,DROP,690,?,x3,
1769494688.331419,FORWARDED,895fcdea-35b8-4ef0-bc15-81f25fe2c61f,024fcde0-eed1-4655-917b-dc1eec6d2d58,c3,DROP,690,?,x3,
1769494688.4153867,RECEIVED,8e54e49e-2e8d-42f0-a7cb-b5e2484a015c,cc73146a-7ea8-4f0f-814f-2dc710155056,c5,c2,1784,e8,?,
1769494688.5252728,RECEIVED,78d30d58-1ebe-43e1-bca8-6b79b5f082b4,2f03b57d-241c-424a-a118-6376d94f69d8,c1,DROP,1009,e5,?,
1769494688.533914,SENT,78d30d58-1ebe-43e1-bca8-6b79b5f082b4,2f03b57d-241c-424a-a118-6376d94f69d8,c1,DROP,683,?,x3,
1769494688.533956,FORWARDED,78d30d58-1ebe-43e1-bca8-6b79b5f082b4,2f03b57d-241c-424a-a118-6376d94f69d8,c1,DROP,683,?,x3,
1769494688.5362236,RECEIVED,1c8c768f-7182-408c-8639-c40ade68c205,9c4738e8-451f-4f47-b67c-769eeb49d873,c3,DROP,445,x12,?,
1769494688.5392811,RECEIVED,b1996fe4-45e5-458b-aa94-c2d737683982,0850db5d-8cf9-40a2-83d5-d49eb5c4bcfb,c2,DROP,1020,e6,?,
1769494688.6355202,SENT,8e54e49e-2e8d-42f0-a7cb-b5e2484a015c,cc73146a-7ea8-4f0f-814f-2dc710155056,c5,c2,1265,?,x8,
1769494688.6355617,FORWARDED,8e54e49e-2e8d-42f0-a7cb-b5e2484a015c,cc73146a-7ea8-4f0f-814f-2dc710155056,c5,c2,1265,?,x8,
1769494688.681623,RECEIVED,ec043e1b-7b7e-4b11-a200-2146abd7be5c,fc67b1f8-dedc-4189-85f6-ecfd7a332343,c2,DROP,1012,e7,?,
1769494688.9135416,RECEIVED,b5e69329-5363-4989-9d06-3f057aa126f7,dfcbe54a-ab11-4c6d-8e4d-5cb14ac78689,c1,DROP,1008,e3,?,
1769494688.9256942,RECEIVED,3b3dd693-1abc-48f6-b142-2b0762d54418,8e397894-0017-4d68-9709-4d2b5ff35b77,c4,DROP,1016,e12,?,
1769494688.9972827,RECEIVED,5b6901ef-f323-4d16-9c2c-ec3f0ff22580,76919d52-3703-436a-a23b-2023e7538720,c2,DROP,442,x5,?,
1769494689.0227811,RECEIVED,a23b632f-6991-4f1d-be6f-6a4b1df3172a,469f9ba9-d1b1-465f-852f-ae705ca3e8b1,c2,DROP,1007,e12,?,
1769494689.2646773,RECEIVED,8719e5a4-c1b9-4356-8015-4cc04679dd75,9fb17329-4bef-4e75-8020-9ff2950866a2,c1,DROP,1011,e11,?,
1769494689.3269796,SENT,a23b632f-6991-4f1d-be6f-6a4b1df3172a,469f9ba9-d1b1-465f-852f-ae705ca3e8b1,c2,DROP,683,?,x5,
1769494689.327021,FORWARDED,a23b632f-6991-4f1d-be6f-6a4b1df3172a,469f9ba9-d1b1-465f-852f-ae705ca3e8b1,c2,DROP,683,?,x5,
1769494689.341911,SENT,b5e69329-5363-4989-9d06-3f057aa126f7,dfcbe54a-ab11-4c6d-8e4d-5cb14ac78689,c1,DROP,683,?,x1,
1769494689.3419518,FORWARDED,b5e69329-5363-4989-9d06-3f057aa126f7,dfcbe54a-ab11-4c6d-8e4d-5cb14ac78689,c1,DROP,683,?,x1,
1769494689.4489086,RECEIVED,d658bf11-4776-433e-bc67-ad803c42bf1b,ec30d69b-12d8-4918-9201-cdb1543636a3,c3,DROP,1020,e12,?,
1769494689.4752073,SENT,d658bf11-4776-433e-bc67-ad803c42bf1b,ec30d69b-12d8-4918-9201-cdb1543636a3,c3,DROP,693,?,x1,
1769494689.4752486,FORWARDED,d658bf11-4776-433e-bc67-ad803c42bf1b,ec30d69b-12d8-4918-9201-cdb1543636a3,c3,DROP,693,?,x1,
1769494689.4901595,SENT,ec043e1b-7b7e-4b11-a200-2146abd7be5c,fc67b1f8-dedc-4189-85f6-ecfd7a332343,c2,DROP,687,?,x10,
1769494689.4902024,FORWARDED,ec043e1b-7b7e-4b11-a200-2146abd7be5c,fc67b1f8-dedc-4189-85f6-ecfd7a332343,c2,DROP,687,?,x10,
1769494689.5357645,SENT,3b3dd693-1abc-48f6-b142-2b0762d54418,8e397894-0017-4d68-9709-4d2b5ff35b77,c4,DROP,689,?,x11,
1769494689.535805,FORWARDED,3b3dd693-1abc-48f6-b142-2b0762d54418,8e397894-0017-4d68-9709-4d2b5ff35b77,c4,DROP,689,?,x11,
1769494689.5434945,RECEIVED,a807e786-2af5-406b-a124-f6274328baa2,806cd922-3fc0-4dda-83fd-665cd606f206,c2,DROP,443,x5,?,
1769494689.5693812,SENT,244f8d3d-46ba-4e93-85de-9d2be1e351f7,d62cca18-e0a0-4ea1-9de6-3f04486d1139,c1,c5,1260,?,x5,
1769494689.5694242,FORWARDED,244f8d3d-46ba-4e93-85de-9d2be1e351f7,d62cca18-e0a0-4ea1-9de6-3f04486d1139,c1,c5,1260,?,x5,
1769494689.5887148,SENT,b1996fe4-45e5-458b-aa94-c2d737683982,0850db5d-8cf9-40a2-83d5-d49eb5c4bcfb,c2,DROP,692,?,x10,
1769494689.5887551,FORWARDED,b1996fe4-45e5-458b-aa94-c2d737683982,0850db5d-8cf9-40a2-83d5-d49eb5c4bcfb,c2,DROP,692,?,x10,
1769494689.679822,RECEIVED,5bfb85e2-8dce-4e16-ac69-4eec925b5f5f,fe083049-af54-4021-bbbf-67fa4e6e9d1c,c4,DROP,1012,e4,?,
1769494689.8345249,SENT,5bfb85e2-8dce-4e16-ac69-4eec925b5f5f,fe083049-af54-4021-bbbf-67fa4e6e9d1c,c4,DROP,687,?,x4,
1769494689.8345642,FORWARDED,5bfb85e2-8dce-4e16-ac69-4eec925b5f5f,fe083049-af54-4021-bbbf-67fa4e6e9d1c,c4,DROP,687,?,x4,
1769494689.8438063,RECEIVED,afebba6a-eedf-4f5e-a17a-7af291e8e049,c718bf70-6f04-44b3-9174-057641702368,c2,DROP,1020,e8,?,
1769494689.8967168,RECEIVED,6e2fd511-2d68-405e-85d3-ddad88998c73,64faf6ed-7f97-4731-b12a-b1480e85da30,c1,DROP,1014,e12,?,
1769494689.9035802,RECEIVED,40cebe0f-4c8a-4136-a51d-5f8f240faf27,dd7ab68e-81de-499a-8430-6fa2aa3374e4,c4,DROP,445,x5,?,
1769494689.9734678,RECEIVED,358bc7e4-6221-4fc5-a8bd-fd2cd3302719,e62c184d-4a92-4441-8057-b6a8b92ce70f,c5,DROP,441,x6,?,
1769494689.9846525,RECEIVED,3c8e0978-c131-4421-86a6-414e7dafe12e,841e1e96-a79f-4450-ba1a-accd2c2e24ba,c5,DROP,1008,e10,?,
1769494690.0123732,SENT,8719e5a4-c1b9-4356-8015-4cc04679dd75,9fb17329-4bef-4e75-8020-9ff2950866a2,c1,DROP,687,?,x1,
1769494690.0124164,FORWARDED,8719e5a4-c1b9-4356-8015-4cc04679dd75,9fb17329-4bef-4e75-8020-9ff2950866a2,c1,DROP,687,?,x1,
1769494690.0146616,RECEIVED,1c737463-80ae-4b03-99b4-a56a1332c0fa,01dd553d-69ba-43e3-9dfe-9fbda561dbb4,c1,DROP,1015,e3,?,
1769494690.0530214,SENT,afebba6a-eedf-4f5e-a17a-7af291e8e049,c718bf70-6f04-44b3-9174-057641702368,c2,DROP,692,?,x2,
1769494690.053078,FORWARDED,afebba6a-eedf-4f5e-a17a-7af291e8e049,c718bf70-6f04-44b3-9174-057641702368,c2,DROP,692,?,x2,
1769494690.0788276,SENT,3c8e0978-c131-4421-86a6-414e7dafe12e,841e1e96-a79f-4450-ba1a-accd2c2e24ba,c5,DROP,682,?,x6,
1769494690.0788684,FORWARDED,3c8e0978-c131-4421-86a6-414e7dafe12e,841e1e96-a79f-4450-ba1a-accd2c2e24ba,c5,DROP,682,?,x6,
1769494690.2028642,RECEIVED,276ff58e-2123-4888-a1a3-5df149540f9e,fb5ef0f2-7177-44c5-8804-1517d73c7cd2,c1,DROP,442,x2,?,
1769494690.3891175,RECEIVED,39666d58-5d52-4303-9790-d54d28f15a8e,e9f5fc50-34ef-4b03-bff7-8a203a919f98,c1,DROP,446,x8,?,
1769494690.4667273,RECEIVED,fdd10119-6f6e-4dda-a14e-a217b8a044d3,5263a78e-06c1-404b-ac82-7708efc28471,c4,c5,1771,e3,?,
1769494690.6535578,SENT,1c737463-80ae-4b03-99b4-a56a1332c0fa,01dd553d-69ba-43e3-9dfe-9fbda561dbb4,c1,DROP,688,?,x2,
1769494690.6536007,FORWARDED,1c737463-80ae-4b03-99b4-a56a1332c0fa,01dd553d-69ba-43e3-9dfe-9fbda561dbb4,c1,DROP,688,?,x2,
1769494690.6808786,RECEIVED,5494c30b-e9ec-40de-81ae-87a134eaad9e,622ab07e-13e9-43f2-97a8-00f952722626,c5,DROP,442,x8,?,
1769494690.6917648,RECEIVED,99e26870-8f8e-455e-a3ec-ec6b3cc13a17,cc03408b-be15-463f-bd86-506b04f24e2d,c4,DROP,1008,e9,?,
1769494690.8045568,SENT,99e26870-8f8e-455e-a3ec-ec6b3cc13a17,cc03408b-be15-463f-bd86-506b04f24e2d,c4,DROP,683,?,x3,
1769494690.804598,FORWARDED,99e26870-8f8e-455e-a3ec-ec6b3cc13a17,cc03408b-be15-463f-bd86-506b04f24e2d,c4,DROP,683,?,x3,
1769494690.943758,SENT,fdd10119-6f6e-4dda-a14e-a217b8a044d3,5263a78e-06c1-404b-ac82-7708efc28471,c4,c5,1257,?,x4,
1769494690.9438014,FORWARDED,fdd10119-6f6e-4dda-a14e-a217b8a044d3,5263a78e-06c1-404b-ac82-7708efc28471,c4,c5,1257,?,x4,
1769494691.0922823,RECEIVED,cac5b1c1-5c8c-40a9-95e4-59ebb9c6ed6a,c2f5f298-9035-4ada-ae4a-df0e29ecafda,c4,DROP,1013,e7,?,
1769494691.1531024,SENT,cac5b1c1-5c8c-40a9-95e4-59ebb9c6ed6a,c2f5f298-9035-4ada-ae4a-df0e29ecafda,c4,DROP,686,?,x4,
1769494691.153146,FORWARDED,cac5b1c1-5c8c-40a9-95e4-59ebb9c6ed6a,c2f5f298-9035-4ada-ae4a-df0e29ecafda,c4,DROP,686,?,x4,
1769494691.2521138,RECEIVED,5500495d-e961-49f0-bc04-a868d56260f8,8df8958a-d473-461b-85c0-a834624c8f60,c1,DROP,1024,e7,?,
1769494691.4215624,SENT,6e2fd511-2d68-405e-85d3-ddad88998c73,64faf6ed-7f97-4731-b12a-b1480e85da30,c1,DROP,689,?,x2,
1769494691.4216027,FORWARDED,6e2fd511-2d68-405e-85d3-ddad88998c73,64faf6ed-7f97-4731-b12a-b1480e85da30,c1,DROP,689,?,x2,
1769494691.653172,RECEIVED,855756e8-9d11-41f2-864b-2018ea4052cf,c5c196a4-5c72-4f0d-936b-5145901eebc1,c2,c3,1788,e10,?,
1769494691.7367208,SENT,855756e8-9d11-41f2-864b-2018ea4052cf,c5c196a4-5c72-4f0d-936b-5145901eebc1,c2,c3,1267,?,x6,
1769494691.73676,FORWARDED,855756e8-9d11-41f2-864b-2018ea4052cf,c5c196a4-5c72-4f0d-936b-5145901eebc1,c2,c3,1267,?,x6,
1769494691.8168387,RECEIVED,ff1ee364-478c-4aad-8aac-26400dd1e43a,d650bb05-e725-4f0b-80c9-4eb2a11dc580,c4,DROP,1019,e4,?,
1769494691.8391385,RECEIVED,db3af94e-7cc3-4a4b-80c2-006b80964c24,6a1382e8-6132-441e-8d5a-7648b3da70f3,c1,DROP,1007,e7,?,
1769494691.8393886,RECEIVED,c44b243a-d28b-4f2a-90c4-5cd7e87e5481,0d13fa0d-54c3-4b21-980b-dd6e68d68005,c4,DROP,442,x3,?,
1769494691.8705564,SENT,5500495d-e961-49f0-bc04-a868d56260f8,8df8958a-d473-461b-85c0-a834624c8f60,c1,DROP,694,?,x10,
1769494691.8705945,FORWARDED,5500495d-e961-49f0-bc04-a868d56260f8,8df8958a-d473-461b-85c0-a834624c8f60,c1,DROP,694,?,x10,
1769494691.908679,RECEIVED,35af8cf9-203e-4767-a516-8293fb7bb70f,4c35144b-972d-40be-9ea3-05f2c3292cdd,c2,c3,1776,e12,?,
1769494691.9627256,RECEIVED,02ab1401-14e4-4301-8d8d-63f4cbc3f872,a9d466b5-102d-4df5-90aa-22c1d9e01817,c1,DROP,1016,e12,?,
1769494691.9691727,RECEIVED,91c697c5-996e-4042-9f23-b28718eeacf7,dbefda16-aacb-40fc-a06e-ba7d2ae960f8,c4,DROP,1007,e2,?,
1769494691.9912536,SENT,35af8cf9-203e-4767-a516-8293fb7bb70f,4c35144b-972d-40be-9ea3-05f2c3292cdd,c2,c3,1259,?,x11,
1769494691.9912992,FORWARDED,35af8cf9-203e-4767-a516-8293fb7bb70f,4c35144b-972d-40be-9ea3-05f2c3292cdd,c2,c3,1259,?,x11,
1769494692.004502,SENT,02ab1401-14e4-4301-8d8d-63f4cbc3f872,a9d466b5-102d-4df5-90aa-22c1d9e01817,c1,DROP,689,?,x7,
1769494692.0045462,FORWARDED,02ab1401-14e4-4301-8d8d-63f4cbc3f872,a9d466b5-102d-4df5-90aa-22c1d9e01817,c1,DROP,689,?,x7,
1769494692.108493,SENT,ff1ee364-478c-4aad-8aac-26400dd1e43a,d650bb05-e725-4f0b-80c9-4eb2a11dc580,c4,DROP,693,?,x4,
1769494692.1085353,FORWARDED,ff1ee364-478c-4aad-8aac-26400dd1e43a,d650bb05-e725-4f0b-80c9-4eb2a11dc580,c4,DROP,693,?,x4,
1769494692.1729913,RECEIVED,64aefa52-2a85-4af2-952f-8a6ae0e07165,00811e0e-4484-4771-9d45-9c499999c5da,c3,c5,1780,e5,?,
1769494692.2463045,SENT,64aefa52-2a85-4af2-952f-8a6ae0e07165,00811e0e-4484-4771-9d45-9c499999c5da,c3,c5,1263,?,x9,
1769494692.246342,FORWARDED,64aefa52-2a85-4af2-952f-8a6ae0e07165,00811e0e-4484-4771-9d45-9c499999c5da,c3,c5,1263,?,x9,
1769494692.264463,RECEIVED,522f9b58-ff77-4523-9812-c9e06ce6dcaf,8ab9bdf8-eb2a-483c-8265-8802487d2e40,c4,DROP,441,x1,?,
1769494692.383363,RECEIVED,217a9b38-a32c-4785-bfad-3713b59849a7,02e949b3-1f43-4237-8b2e-eebe5d7faa50,c2,DROP,1015,e4,?,
1769494692.3877428,RECEIVED,d6e7d900-84f9-487d-bf0d-e346e3c57c18,ba7953c7-8b78-4f42-873e-33f030e64742,c3,DROP,1013,e10,?,
1769494692.4487903,SENT,d6e7d900-84f9-487d-bf0d-e346e3c57c18,ba7953c7-8b78-4f42-873e-33f030e64742,c3,DROP,686,?,x1,
1769494692.4488337,FORWARDED,d6e7d900-84f9-487d-bf0d-e346e3c57c18,ba7953c7-8b78-4f42-873e-33f030e64742,c3,DROP,686,?,x1,
1769494692.4626048,RECEIVED,f49e05ad-7a01-40de-9288-d3d2ea27f242,50305ac5-c89e-480e-bf8a-c4345c3d8e7e,c2,DROP,1016,e6,?,
1769494692.4869947,RECEIVED,c9f5cf55-4690-474e-8972-40d81e6197cb,468fc835-3c91-4b5e-baac-dcdcb58d29d6,c2,DROP,1007,e3,?,
1769494692.5472484,SENT,91c697c5-996e-4042-9f23-b28718eeacf7,dbefda16-aacb-40fc-a06e-ba7d2ae960f8,c4,DROP,684,?,x1,
1769494692.5473785,FORWARDED,91c697c5-996e-4042-9f23-b28718eeacf7,dbefda16-aacb-40fc-a06e-ba7d2ae960f8,c4,DROP,684,?,x1,
1769494692.6860437,SENT,217a9b38-a32c-4785-bfad-3713b59849a7,02e949b3-1f43-4237-8b2e-eebe5d7faa50,c2,DROP,688,?,x6,
1769494692.68662,FORWARDED,217a9b38-a32c-4785-bfad-3713b59849a7,02e949b3-1f43-4237-8b2e-eebe5d7faa50,c2,DROP,688,?,x6,
1769494692.7528944,SENT,c9f5cf55-4690-474e-8972-40d81e6197cb,468fc835-3c91-4b5e-baac-dcdcb58d29d6,c2,DROP,684,?,x7,
1769494692.7529347,FORWARDED,c9f5cf55-4690-474e-8972-40d81e6197cb,468fc835-3c91-4b5e-baac-dcdcb58d29d6,c2,DROP,684,?,x7,
1769494692.8226137,RECEIVED,04a98056-7653-406a-8fdf-862b3b1c7ddc,c52bef1b-4515-4b18-ad6b-5946761b10e3,c2,DROP,1003,e1,?,
1769494692.8581142,SENT,db3af94e-7cc3-4a4b-80c2-006b80964c24,6a1382e8-6132-441e-8d5a-7648b3da70f3,c1,DROP,683,?,x1,
1769494692.8581586,FORWARDED,db3af94e-7cc3-4a4b-80c2-006b80964c24,6a1382e8-6132-441e-8d5a-7648b3da70f3,c1,DROP,683,?,x1,
1769494692.8584259,RECEIVED,9b85a0f7-8c60-40ab-a28a-4ec6177edf15,6d2a014f-3daa-4e86-bac5-f3619418e7d3,c2,DROP,1010,e9,?,
1769494693.029108,RECEIVED,16e565e5-f818-45ee-b7f6-f5c4c78ca3dc,fbe7eab6-6522-44bd-8959-2e0f36f43f47,c3,DROP,442,x2,?,
1769494693.3336055,RECEIVED,608e0386-1fda-497a-bf48-ddedb03b1d85,b98e94f0-174c-44bd-85cc-9148805cf3de,c3,DROP,1020,e12,?,
1769494693.4159236,RECEIVED,1cbe13d8-510b-4a7e-901c-ddd5ef5aa5f5,23d011c2-e731-46fd-98bc-b489d61fc8ea,c5,DROP,1020,e7,?,
1769494693.8376796,SENT,1cbe13d8-510b-4a7e-901c-ddd5ef5aa5f5,23d011c2-e731-46fd-98bc-b489d61fc8ea,c5,DROP,691,?,x12,
1769494693.8378217,FORWARDED,1cbe13d8-510b-4a7e-901c-ddd5ef5aa5f5,23d011c2-e731-46fd-98bc-b489d61fc8ea,c5,DROP,691,?,x12,
1769494693.8463678,SENT,f49e05ad-7a01-40de-9288-d3d2ea27f242,50305ac5-c89e-480e-bf8a-c4345c3d8e7e,c2,DROP,690,?,x12,
1769494693.8464098,FORWARDED,f49e05ad-7a01-40de-9288-d3d2ea27f242,50305ac5-c89e-480e-bf8a-c4345c3d8e7e,c2,DROP,690,?,x12,
1769494693.8937042,RECEIVED,66a92863-fea9-4365-b901-d7ebee0b893a,55e5b11a-52b0-4d1d-b833-6f41ee965469,c2,DROP,1011,e12,?,
1769494693.9670362,RECEIVED,06d945d9-00e6-4002-9cdd-3d9dd6381630,ddc1d5bc-8364-4771-b23d-3e6a2c77ca2d,c4,DROP,1012,e9,?,
1769494694.0226018,RECEIVED,f6c870f2-3d9a-45eb-b6c0-3844196a958e,aa5aa50d-f6b2-41ac-8c5b-b96ae16af7c1,c4,c5,1784,e11,?,
1769494694.034192,RECEIVED,1ed2d0b6-c658-4f32-8b50-3e148942ef6a,0e963cfe-0286-437e-932c-ab9302bfa1dd,c1,DROP,441,x9,?,
1769494694.0616093,RECEIVED,d8311fcb-802e-4cd2-87af-839b4fc1656c,74999161-3d9c-4e71-937b-9cf7d5a4026e,c3,DROP,1020,e2,?,
1769494694.0801775,RECEIVED,62bebc76-8826-465d-a63a-3e7295bf7d9a,8e8ff6c0-e7da-4cc9-82ff-7df7e04c86aa,c2,c3,1775,e4,?,
1769494694.1644876,SENT,608e0386-1fda-497a-bf48-ddedb03b1d85,b98e94f0-174c-44bd-85cc-9148805cf3de,c3,DROP,692,?,x11,
1769494694.1645286,FORWARDED,608e0386-1fda-497a-bf48-ddedb03b1d85,b98e94f0-174c-44bd-85cc-9148805cf3de,c3,DROP,692,?,x11,
1769494694.1747184,RECEIVED,ded4f900-762d-4973-8610-f1024a758e78,e39950e3-7d7d-4c41-9322-e94a112e92ee,c1,DROP,1019,e12,?,
1769494694.270398,RECEIVED,0fe158fe-d164-4232-bfb6-bbfbc9e0d1d1,9c884a89-2c18-44a5-a7c9-71c25652bedf,c5,DROP,1007,e1,?,
1769494694.2938821,SENT,9b85a0f7-8c60-40ab-a28a-4ec6177edf15,6d2a014f-3daa-4e86-bac5-f3619418e7d3,c2,DROP,687,?,x2,
1769494694.2939239,FORWARDED,9b85a0f7-8c60-40ab-a28a-4ec6177edf15,6d2a014f-3daa-4e86-bac5-f3619418e7d3,c2,DROP,687,?,x2,
1769494694.3101509,RECEIVED,0913ef48-ed39-4e21-94d3-1dec8633e0a3,e4a5f39e-e659-4e90-b5f5-b01bb2cf37ad,c3,DROP,446,x7,?,
1769494694.4036775,SENT,0fe158fe-d164-4232-bfb6-bbfbc9e0d1d1,9c884a89-2c18-44a5-a7c9-71c25652bedf,c5,DROP,684,?,x4,
1769494694.4037168,FORWARDED,0fe158fe-d164-4232-bfb6-bbfbc9e0d1d1,9c884a89-2c18-44a5-a7c9-71c25652bedf,c5,DROP,684,?,x4,
1769494694.4687731,SENT,06d945d9-00e6-4002-9cdd-3d9dd6381630,ddc1d5bc-8364-4771-b23d-3e6a2c77ca2d,c4,DROP,687,?,x6,
1769494694.4688148,FORWARDED,06d945d9-00e6-4002-9cdd-3d9dd6381630,ddc1d5bc-8364-4771-b23d-3e6a2c77ca2d,c4,DROP,687,?,x6,
1769494694.5377398,SENT,d8311fcb-802e-4cd2-87af-839b4fc1656c,74999161-3d9c-4e71-937b-9cf7d5a4026e,c3,DROP,692,?,x11,
1769494694.5377789,FORWARDED,d8311fcb-802e-4cd2-87af-839b4fc1656c,74999161-3d9c-4e71-937b-9cf7d5a4026e,c3,DROP,692,?,x11,
1769494694.6264179,RECEIVED,c3a2aaaa-4f2f-4171-9d63-9d620799e60d,86fe7a65-61d8-4849-9d92-2bb55c65ad21,c2,DROP,446,x1,?,
1769494694.6373315,SENT,66a92863-fea9-4365-b901-d7ebee0b893a,55e5b11a-52b0-4d1d-b833-6f41ee965469,c2,DROP,687,?,x9,
1769494694.637374,FORWARDED,66a92863-fea9-4365-b901-d7ebee0b893a,55e5b11a-52b0-4d1d-b833-6f41ee965469,c2,DROP,687,?,x9,
1769494694.6582594,SENT,62bebc76-8826-465d-a63a-3e7295bf7d9a,8e8ff6c0-e7da-4cc9-82ff-7df7e04c86aa,c2,c3,1260,?,x8,
1769494694.6583037,FORWARDED,62bebc76-8826-465d-a63a-3e7295bf7d9a,8e8ff6c0-e7da-4cc9-82ff-7df7e04c86aa,c2,c3,1260,?,x8,
1769494694.6833346,SENT,ded4f900-762d-4973-8610-f1024a758e78,e39950e3-7d7d-4c41-9322-e94a112e92ee,c1,DROP,693,?,x9,
1769494694.6833768,FORWARDED,ded4f900-762d-4973-8610-f1024a758e78,e39950e3-7d7d-4c41-9322-e94a112e92ee,c1,DROP,693,?,x9,
1769494694.822,RECEIVED,70270d08-352a-4c5f-bac5-e7977c89bfc9,1e073fae-394a-4b86-90e4-ff711cc6ce62,c2,c3,1763,e5,?,
1769494694.8595917,SENT,f6c870f2-3d9a-45eb-b6c0-3844196a958e,aa5aa50d-f6b2-41ac-8c5b-b96ae16af7c1,c4,c5,1264,?,x10,
1769494694.8596346,FORWARDED,f6c870f2-3d9a-45eb-b6c0-3844196a958e,aa5aa50d-f6b2-41ac-8c5b-b96ae16af7c1,c4,c5,1264,?,x10,
1769494695.2830832,RECEIVED,0bd87cc9-e6a7-4a9e-abe8-ad8ced60b002,ce4c4ca7-fe27-42ce-ac77-baf1e225c7d2,c5,DROP,442,x5,?,
1769494695.4009063,SENT,04a98056-7653-406a-8fdf-862b3b1c7ddc,c52bef1b-4515-4b18-ad6b-5946761b10e3,c2,DROP,681,?,x5,
1769494695.40115,FORWARDED,04a98056-7653-406a-8fdf-862b3b1c7ddc,c52bef1b-4515-4b18-ad6b-5946761b10e3,c2,DROP,681,?,x5,
1769494695.433333,RECEIVED,cc671686-eeca-4132-b25c-9acf681351fa,a341628b-00bd-4a13-bfdb-b8f32173ec75,c2,DROP,1020,e1,?,
1769494695.5608735,RECEIVED,dfeaea6d-567e-4343-9329-e87bf05bd469,9fb1252c-a5ad-4acc-9ffc-b6daf1561e7c,c5,c2,1780,e2,?,
1769494695.6123054,SENT,70270d08-352a-4c5f-bac5-e7977c89bfc9,1e073fae-394a-4b86-90e4-ff711cc6ce62,c2,c3,1251,?,x7,
1769494695.612345,FORWARDED,70270d08-352a-4c5f-bac5-e7977c89bfc9,1e073fae-394a-4b86-90e4-ff711cc6ce62,c2,c3,1251,?,x7,
1769494695.6635115,SENT,cc671686-eeca-4132-b25c-9acf681351fa,a341628b-00bd-4a13-bfdb-b8f32173ec75,c2,DROP,693,?,x1,
1769494695.6635525,FORWARDED,cc671686-eeca-4132-b25c-9acf681351fa,a341628b-00bd-4a13-bfdb-b8f32173ec75,c2,DROP,693,?,x1,
1769494696.4972398,SENT,dfeaea6d-567e-4343-9329-e87bf05bd469,9fb1252c-a5ad-4acc-9ffc-b6daf1561e7c,c5,c2,1263,?,x11,
1769494696.4972816,FORWARDED,dfeaea6d-567e-4343-9329-e87bf05bd469,9fb1252c-a5ad-4acc-9ffc-b6daf1561e7c,c5,c2,1263,?,x11,
1769494696.5258982,RECEIVED,f52cadfa-d164-4722-8e04-8c1adc0ca4ea,a969a97f-4fee-4ee5-a0e9-9d419918ae82,c3,DROP,1007,e4,?,
1769494696.5280948,RECEIVED,3558a39c-db29-4d90-925c-9bdcb3250c32,3f1054de-4ebd-42d2-8852-fd51cb0b08af,c5,DROP,1015,e6,?,
1769494696.6035895,RECEIVED,fa9cad47-3886-4a37-9622-378f9277b5d4,c49c4720-b489-4fea-b1ae-1a7a54c71a59,c4,c5,1777,e12,?,
1769494696.6315553,SENT,3558a39c-db29-4d90-925c-9bdcb3250c32,3f1054de-4ebd-42d2-8852-fd51cb0b08af,c5,DROP,690,?,x3,
1769494696.6315954,FORWARDED,3558a39c-db29-4d90-925c-9bdcb3250c32,3f1054de-4ebd-42d2-8852-fd51cb0b08af,c5,DROP,690,?,x3,
1769494696.6945379,RECEIVED,fd4cf740-b70a-44a4-88a7-4b5b9206a521,fe2c9172-610f-410b-840e-8abf2e4138cc,c4,DROP,445,x10,?,
1769494696.81361,RECEIVED,5be2bd25-c595-4790-b763-b284056e4a7d,7885e781-4408-4d47-bad0-1840a7fcd897,c3,DROP,1012,e8,?,
1769494696.8495746,RECEIVED,eef2c981-7a20-4b42-9f47-a9b476f1f542,67bbaced-0c31-4c86-b6f9-650a0cc49389,c2,DROP,444,x2,?,
1769494696.8621225,SENT,f52cadfa-d164-4722-8e04-8c1adc0ca4ea,a969a97f-4fee-4ee5-a0e9-9d419918ae82,c3,DROP,683,?,x3,
1769494696.862162,FORWARDED,f52cadfa-d164-4722-8e04-8c1adc0ca4ea,a969a97f-4fee-4ee5-a0e9-9d419918ae82,c3,DROP,683,?,x3,
1769494697.0457823,SENT,5be2bd25-c595-4790-b763-b284056e4a7d,7885e781-4408-4d47-bad0-1840a7fcd897,c3,DROP,687,?,x8,
1769494697.0458221,FORWARDED,5be2bd25-c595-4790-b763-b284056e4a7d,7885e781-4408-4d47-bad0-1840a7fcd897,c3,DROP,687,?,x8,
1769494697.0542998,RECEIVED,48f81650-2acd-4dce-86e0-1fec6048e5f7,d596d78b-5a97-49b4-8803-762f53cb5391,c5,DROP,1021,e11,?,
1769494697.147671,SENT,48f81650-2acd-4dce-86e0-1fec6048e5f7,d596d78b-5a97-49b4-8803-762f53cb5391,c5,DROP,692,?,x12,
1769494697.1477108,FORWARDED,48f81650-2acd-4dce-86e0-1fec6048e5f7,d596d78b-5a97-49b4-8803-762f53cb5391,c5,DROP,692,?,x12,
1769494697.2143166,RECEIVED,0216bc99-1704-4243-b45c-694e43ba1687,321d1975-40d5-43bf-8acb-c2405998e15c,c4,c5,1771,e2,?,
1769494697.2420027,RECEIVED,5803b599-7e4d-4d59-a47b-2fc897524c72,dd2febfe-51e9-46d6-862d-75dc27709672,c2,DROP,1020,e8,?,
1769494697.415981,RECEIVED,cd59b096-dcdb-4bd1-971c-569af7e54f26,7d5c2f23-86dc-4f4e-a10d-3ecb3fcca194,c2,DROP,1000,e8,?,
1769494697.589113,SENT,cd59b096-dcdb-4bd1-971c-569af7e54f26,7d5c2f23-86dc-4f4e-a10d-3ecb3fcca194,c2,DROP,678,?,x6,
1769494697.589154,FORWARDED,cd59b096-dcdb-4bd1-971c-569af7e54f26,7d5c2f23-86dc-4f4e-a10d-3ecb3fcca194,c2,DROP,678,?,x6,
1769494697.6373174,RECEIVED,f54c8f1f-9e80-427f-bd79-37fb05ed9e83,8b7f0492-2ac4-4431-9c82-84c3c21d20ca,c5,DROP,1011,e8,?,
1769494697.7042434,RECEIVED,1557405c-eeab-459a-9e36-9d364427f462,82881a3c-a010-4cea-9290-2745208bd7a5,c2,DROP,1007,e5,?,
1769494697.7631648,RECEIVED,7ee2aa12-3a3e-441b-b1ce-257e837404db,9b7b9774-6d60-4dac-b765-037edf88a82b,c5,c2,1783,e2,?,
1769494697.7707515,RECEIVED,b9904f1f-ce68-4281-9175-b2868716d4ec,b217a5bb-3d7e-4f36-b877-da6231d7ab80,c1,DROP,1019,e6,?,
1769494698.0535212,SENT,5803b599-7e4d-4d59-a47b-2fc897524c72,dd2febfe-51e9-46d6-862d-75dc27709672,c2,DROP,692,?,x12,
1769494698.0535617,FORWARDED,5803b599-7e4d-4d59-a47b-2fc897524c72,dd2febfe-51e9-46d6-862d-75dc27709672,c2,DROP,692,?,x12,
1769494698.1227658,RECEIVED,949b3ace-99d3-4730-91a6-3e927d349ccc,7e4e9e4d-c846-4e59-8d3d-f4372f0fb238,c4,DROP,442,x9,?,
1769494698.2035172,SENT,0216bc99-1704-4243-b45c-694e43ba1687,321d1975-40d5-43bf-8acb-c2405998e15c,c4,c5,1255,?,x2,
1769494698.2035599,FORWARDED,0216bc99-1704-4243-b45c-694e43ba1687,321d1975-40d5-43bf-8acb-c2405998e15c,c4,c5,1255,?,x2,
1769494698.3217795,SENT,b9904f1f-ce68-4281-9175-b2868716d4ec,b217a5bb-3d7e-4f36-b877-da6231d7ab80,c1,DROP,693,?,x6,
1769494698.3218222,FORWARDED,b9904f1f-ce68-4281-9175-b2868716d4ec,b217a5bb-3d7e-4f36-b877-da6231d7ab80,c1,DROP,693,?,x6,
1769494698.4443994,SENT,1557405c-eeab-459a-9e36-9d364427f462,82881a3c-a010-4cea-9290-2745208bd7a5,c2,DROP,684,?,x6,
1769494698.444438,FORWARDED,1557405c-eeab-459a-9e36-9d364427f462,82881a3c-a010-4cea-9290-2745208bd7a5,c2,DROP,684,?,x6,
1769494698.9604743,RECEIVED,075507d9-af6a-4fad-aec1-f750720d2165,73c4910d-4837-4892-a4c9-5705a7efcc1c,c2,c3,1781,e4,?,
1769494698.9872618,RECEIVED,7285773b-d3c5-4f36-b5b4-d8d00080f690,18821264-a770-43cd-b00d-a0c1af9ed96d,c5,c2,1792,e11,?,
1769494699.0279226,SENT,fa9cad47-3886-4a37-9622-378f9277b5d4,c49c4720-b489-4fea-b1ae-1a7a54c71a59,c4,c5,1263,?,x5,
1769494699.027962,FORWARDED,fa9cad47-3886-4a37-9622-378f9277b5d4,c49c4720-b489-4fea-b1ae-1a7a54c71a59,c4,c5,1263,?,x5,
1769494699.1440637,RECEIVED,c9c15ada-e339-4c7e-a3da-7ffb9dd20875,422892d6-d514-4cb4-be2f-f0220e6065bf,c3,DROP,1011,e3,?,
1769494699.1632733,SENT,7285773b-d3c5-4f36-b5b4-d8d00080f690,18821264-a770-43cd-b00d-a0c1af9ed96d,c5,c2,1271,?,x9,
1769494699.1633174,FORWARDED,7285773b-d3c5-4f36-b5b4-d8d00080f690,18821264-a770-43cd-b00d-a0c1af9ed96d,c5,c2,1271,?,x9,
1769494699.1754766,RECEIVED,6ebcb6a3-ba58-42c5-a27a-a22c12cb5bb6,301873f3-4151-4099-8699-dd479a3179d1,c1,DROP,439,x9,?,
1769494699.242522,SENT,075507d9-af6a-4fad-aec1-f750720d2165,73c4910d-4837-4892-a4c9-5705a7efcc1c,c2,c3,1263,?,x10,
1769494699.2425714,FORWARDED,075507d9-af6a-4fad-aec1-f750720d2165,73c4910d-4837-4892-a4c9-5705a7efcc1c,c2,c3,1263,?,x10,
1769494699.4005847,RECEIVED,f0dc5860-a136-47e6-a1b7-dea33992cff5,2130842a-32a3-43b5-a89f-8b4d626363cc,c5,DROP,1020,e1,?,
1769494699.4156923,RECEIVED,f60b0765-4448-445e-b2f0-a06602fb7358,5e8077e4-74d0-425f-90c8-c8c2f93f6391,c1,c5,1785,e7,?,
1769494699.4449532,SENT,f60b0765-4448-445e-b2f0-a06602fb7358,5e8077e4-74d0-425f-90c8-c8c2f93f6391,c1,c5,1265,?,x6,
1769494699.4449952,FORWARDED,f60b0765-4448-445e-b2f0-a06602fb7358,5e8077e4-74d0-425f-90c8-c8c2f93f6391,c1,c5,1265,?,x6,
1769494699.4704938,SENT,c9c15ada-e339-4c7e-a3da-7ffb9dd20875,422892d6-d514-4cb4-be2f-f0220e6065bf,c3,DROP,687,?,x8,
1769494699.4705355,FORWARDED,c9c15ada-e339-4c7e-a3da-7ffb9dd20875,422892d6-d514-4cb4-be2f-f0220e6065bf,c3,DROP,687,?,x8,
1769494699.5446196,SENT,f54c8f1f-9e80-427f-bd79-37fb05ed9e83,8b7f0492-2ac4-4431-9c82-84c3c21d20ca,c5,DROP,687,?,x3,
1769494699.5446591,FORWARDED,f54c8f1f-9e80-427f-bd79-37fb05ed9e83,8b7f0492-2ac4-4431-9c82-84c3c21d20ca,c5,DROP,687,?,x3,
1769494699.6536944,RECEIVED,7d6a6929-47d6-4a64-a346-741f172989ad,3ced3d97-0c48-47f2-9d01-4f0b912f3cc7,c3,DROP,446,x11,?,
1769494699.8521235,RECEIVED,4c71795b-a3bf-4301-8376-908521f3beab,02a6d5b4-9316-4744-946b-094b3db1d997,c2,DROP,1011,e4,?,
1769494699.8974726,SENT,7ee2aa12-3a3e-441b-b1ce-257e837404db,9b7b9774-6d60-4dac-b765-037edf88a82b,c5,c2,1264,?,x5,
1769494699.897512,FORWARDED,7ee2aa12-3a3e-441b-b1ce-257e837404db,9b7b9774-6d60-4dac-b765-037edf88a82b,c5,c2,1264,?,x5,
1769494700.0383465,RECEIVED,8ea340c2-b666-470e-8069-a489e4c4e168,24f24873-0623-4a04-872d-8cefe049b565,c3,DROP,1008,e6,?,
1769494700.1646936,RECEIVED,a4a2e3bb-2d2a-44e6-aca1-3eebe7d99c58,a400626e-6732-45ad-a3c8-7acf8cea746d,c1,c5,1763,e5,?,
1769494700.2288876,RECEIVED,44f795bf-e08d-4657-b6d5-b0bc32735d7d,0ebb60ea-4cc3-4612-8257-9fbfa1a687fb,c5,DROP,442,x4,?,
1769494700.230763,SENT,4c71795b-a3bf-4301-8376-908521f3beab,02a6d5b4-9316-4744-946b-094b3db1d997,c2,DROP,687,?,x8,
1769494700.2308035,FORWARDED,4c71795b-a3bf-4301-8376-908521f3beab,02a6d5b4-9316-4744-946b-094b3db1d997,c2,DROP,687,?,x8,
1769494700.2369313,RECEIVED,be6d6b9d-5a54-4a62-b794-0ebf24b3bea1,450d51bf-f804-493a-820b-be4b05f85cc0,c2,DROP,441,x8,?,
1769494700.2412114,RECEIVED,01dfdba6-19fb-454c-888c-e19aaf68cb7d,788c127b-1c99-4b09-a92b-a7f4dd023373,c1,DROP,1017,e2,?,
1769494700.2657545,RECEIVED,a8f171db-f4f0-4c71-9a74-aa7a4279f006,919c5e42-4eb1-441d-a989-da24322c3440,c5,DROP,1013,e1,?,
1769494700.2937913,SENT,f0dc5860-a136-47e6-a1b7-dea33992cff5,2130842a-32a3-43b5-a89f-8b4d626363cc,c5,DROP,691,?,x11,
1769494700.2938337,FORWARDED,f0dc5860-a136-47e6-a1b7-dea33992cff5,2130842a-32a3-43b5-a89f-8b4d626363cc,c5,DROP,691,?,x11,
1769494700.34558,SENT,01dfdba6-19fb-454c-888c-e19aaf68cb7d,788c127b-1c99-4b09-a92b-a7f4dd023373,c1,DROP,688,?,x10,
1769494700.3458822,FORWARDED,01dfdba6-19fb-454c-888c-e19aaf68cb7d,788c127b-1c99-4b09-a92b-a7f4dd023373,c1,DROP,688,?,x10,
1769494700.3712804,RECEIVED,27d8e4bb-66f7-4b4a-a9a7-e5959c6968c5,ce3f000a-116c-4e5f-bcf2-a5ced372a541,c5,DROP,1020,e2,?,
1769494700.5311806,SENT,8ea340c2-b666-470e-8069-a489e4c4e168,24f24873-0623-4a04-872d-8cefe049b565,c3,DROP,683,?,x5,
1769494700.5312245,FORWARDED,8ea340c2-b666-470e-8069-a489e4c4e168,24f24873-0623-4a04-872d-8cefe049b565,c3,DROP,683,?,x5,
1769494700.5578473,SENT,a8f171db-f4f0-4c71-9a74-aa7a4279f006,919c5e42-4eb1-441d-a989-da24322c3440,c5,DROP,687,?,x10,
1769494700.557892,FORWARDED,a8f171db-f4f0-4c71-9a74-aa7a4279f006,919c5e42-4eb1-441d-a989-da24322c3440,c5,DROP,687,?,x10,
1769494700.6280282,RECEIVED,72e45353-9488-484a-8297-7617c0922b3c,1e8ae8f2-2f73-4e45-8ef8-44a483261c2c,c5,DROP,1011,e4,?,
1769494700.9113178,RECEIVED,49ac1c29-6ff8-4314-b519-ecd9a3cdef92,f4c241b6-be47-4a07-99e7-f2c0053face8,c4,DROP,1020,e6,?,
1769494700.9541519,RECEIVED,a0b5b7b4-5a06-4fcd-8555-dc9ff33bfce2,6ea4655e-a463-4cf9-9d43-84018bc49ccd,c5,DROP,1008,e7,?,
1769494701.2331598,SENT,a4a2e3bb-2d2a-44e6-aca1-3eebe7d99c58,a400626e-6732-45ad-a3c8-7acf8cea746d,c1,c5,1250,?,x2,
1769494701.2332098,FORWARDED,a4a2e3bb-2d2a-44e6-aca1-3eebe7d99c58,a400626e-6732-45ad-a3c8-7acf8cea746d,c1,c5,1250,?,x2,
1769494701.3656702,SENT,a0b5b7b4-5a06-4fcd-8555-dc9ff33bfce2,6ea4655e-a463-4cf9-9d43-84018bc49ccd,c5,DROP,683,?,x3,
1769494701.3657112,FORWARDED,a0b5b7b4-5a06-4fcd-8555-dc9ff33bfce2,6ea4655e-a463-4cf9-9d43-84018bc49ccd,c5,DROP,683,?,x3,
1769494701.4154954,RECEIVED,62ba3df5-7250-44a3-beff-a8f290868fdd,d3f9f397-9a99-458d-8c74-ea0073b2373d,c1,DROP,1007,e7,?,
1769494701.4310932,SENT,72e45353-9488-484a-8297-7617c0922b3c,1e8ae8f2-2f73-4e45-8ef8-44a483261c2c,c5,DROP,685,?,x9,
1769494701.4311373,FORWARDED,72e45353-9488-484a-8297-7617c0922b3c,1e8ae8f2-2f73-4e45-8ef8-44a483261c2c,c5,DROP,685,?,x9,
1769494701.5796387,RECEIVED,9e7567aa-a8eb-4254-a106-a2974b194e30,49346d4f-7544-42af-ac3d-51a9ca1aaef9,c5,DROP,445,x2,?,
1769494701.7270746,SENT,49ac1c29-6ff8-4314-b519-ecd9a3cdef92,f4c241b6-be47-4a07-99e7-f2c0053face8,c4,DROP,692,?,x10,
1769494701.7271125,FORWARDED,49ac1c29-6ff8-4314-b519-ecd9a3cdef92,f4c241b6-be47-4a07-99e7-f2c0053face8,c4,DROP,692,?,x10,
1769494701.7923245,RECEIVED,56fb5bbe-a19d-4c99-b887-1a2a298dc41d,6c302baf-43fe-47c1-b2a1-985b5bc04a8a,c5,DROP,445,x8,?,
1769494701.8161654,RECEIVED,561d97ae-822d-4562-8ad6-b0df9f20c941,64446fed-537d-41be-b747-e4dad107fb8f,c3,DROP,1015,e2,?,
1769494701.9078708,RECEIVED,ac740973-2418-427a-bdc3-a3fc14e260ac,c887bc1e-d489-472c-83a6-afa3fcbaf051,c2,DROP,1007,e4,?,
1769494701.914111,RECEIVED,b8df8f66-911c-4516-87ca-c028cbcd2b75,5bb0d168-69f0-4975-a9f1-49ee1f067588,c4,DROP,1022,e8,?,
1769494701.9449408,SENT,b8df8f66-911c-4516-87ca-c028cbcd2b75,5bb0d168-69f0-4975-a9f1-49ee1f067588,c4,DROP,693,?,x10,
1769494701.9449847,FORWARDED,b8df8f66-911c-4516-87ca-c028cbcd2b75,5bb0d168-69f0-4975-a9f1-49ee1f067588,c4,DROP,693,?,x10,
1769494702.0256736,RECEIVED,0f6bd65f-605b-446b-8af2-4e006ed0d9bd,0ba2e3c9-e585-4fe0-bb0b-e94953fc9ba5,c1,DROP,441,x12,?,
1769494702.1458333,RECEIVED,80707fdf-d106-404d-bccc-820378ea8251,d06f595e-d003-45a9-a627-19d0cce8d670,c4,DROP,1007,e1,?,
1769494702.1828117,RECEIVED,448e9b90-1944-476d-991e-996b0d48bf27,7bd27ea5-fed6-4958-83f5-c61893e9bae9,c2,c3,1779,e6,?,
1769494702.33034,RECEIVED,08d987cf-f32c-4df8-97c2-39b7c24e3035,9a1afdfe-8d3e-46b6-9ecc-866915c75368,c3,c5,1781,e8,?,
1769494702.355073,SENT,08d987cf-f32c-4df8-97c2-39b7c24e3035,9a1afdfe-8d3e-46b6-9ecc-866915c75368,c3,c5,1263,?,x8,
1769494702.355116,FORWARDED,08d987cf-f32c-4df8-97c2-39b7c24e3035,9a1afdfe-8d3e-46b6-9ecc-866915c75368,c3,c5,1263,?,x8,
1769494702.4683871,SENT,27d8e4bb-66f7-4b4a-a9a7-e5959c6968c5,ce3f000a-116c-4e5f-bcf2-a5ced372a541,c5,DROP,691,?,x11,
1769494702.46843,FORWARDED,27d8e4bb-66f7-4b4a-a9a7-e5959c6968c5,ce3f000a-116c-4e5f-bcf2-a5ced372a541,c5,DROP,691,?,x11,
1769494702.4829242,SENT,448e9b90-1944-476d-991e-996b0d48bf27,7bd27ea5-fed6-4958-83f5-c61893e9bae9,c2,c3,1263,?,x2,
1769494702.4829662,FORWARDED,448e9b90-1944-476d-991e-996b0d48bf27,7bd27ea5-fed6-4958-83f5-c61893e9bae9,c2,c3,1263,?,x2,
1769494702.527126,SENT,561d97ae-822d-4562-8ad6-b0df9f20c941,64446fed-537d-41be-b747-e4dad107fb8f,c3,DROP,688,?,x2,
1769494702.527171,FORWARDED,561d97ae-822d-4562-8ad6-b0df9f20c941,64446fed-537d-41be-b747-e4dad107fb8f,c3,DROP,688,?,x2,
1769494702.589153,RECEIVED,ab70aa03-80a4-43b5-b995-944766d39c2c,0c35a230-24c4-485f-8205-706a08c6d31d,c5,c2,1778,e2,?,
1769494702.7175426,RECEIVED,008c41ff-4216-4c63-9290-3a984edb039d,3b3cd5b6-e8f0-43e2-9ec5-126adaffde31,c2,DROP,1007,e6,?,
1769494702.753323,RECEIVED,4c96330e-e099-4c8d-a478-1a6535c33f13,6927441c-9e39-4dde-b284-233907215ac8,c2,c3,1776,e6,?,
1769494702.857928,SENT,80707fdf-d106-404d-bccc-820378ea8251,d06f595e-d003-45a9-a627-19d0cce8d670,c4,DROP,683,?,x5,
1769494702.8579705,FORWARDED,80707fdf-d106-404d-bccc-820378ea8251,d06f595e-d003-45a9-a627-19d0cce8d670,c4,DROP,683,?,x5,
1769494703.1544404,RECEIVED,3bf82842-c1ce-44c6-9634-dde4e958c317,80333ab7-a32a-4b29-aa97-c6cbacccd020,c5,DROP,445,x12,?,
1769494703.202392,RECEIVED,ed0bc5a1-3728-4b23-8052-d0a7b25c4215,ef5e66de-6a80-40ae-8a31-191e227df8a4,c3,c5,1791,e11,?,
1769494703.2324939,RECEIVED,1641089e-a733-4d81-878e-9a9f658613dd,e5d2c8f7-6ba9-4a3d-bc11-5f8296ced2db,c2,DROP,1012,e2,?,
1769494703.287744,SENT,ab70aa03-80a4-43b5-b995-944766d39c2c,0c35a230-24c4-485f-8205-706a08c6d31d,c5,c2,1263,?,x6,
1769494703.2877822,FORWARDED,ab70aa03-80a4-43b5-b995-944766d39c2c,0c35a230-24c4-485f-8205-706a08c6d31d,c5,c2,1263,?,x6,
1769494703.3109684,RECEIVED,98271da4-2369-46a4-9b0d-6b48d2c05025,244f542d-ff24-4d7b-abf2-8e810d285aa2,c4,DROP,1018,e11,?,
1769494703.3862574,RECEIVED,be31aa82-b05d-4dad-81c0-168daa9fdcf3,0a275387-24bc-410d-b4b6-33ff5342dbcf,c3,DROP,1007,e9,?,
1769494703.3879163,SENT,4c96330e-e099-4c8d-a478-1a6535c33f13,6927441c-9e39-4dde-b284-233907215ac8,c2,c3,1260,?,x11,
1769494703.3879564,FORWARDED,4c96330e-e099-4c8d-a478-1a6535c33f13,6927441c-9e39-4dde-b284-233907215ac8,c2,c3,1260,?,x11,
1769494703.4122133,SENT,ac740973-2418-427a-bdc3-a3fc14e260ac,c887bc1e-d489-472c-83a6-afa3fcbaf051,c2,DROP,684,?,x8,
1769494703.4122539,FORWARDED,ac740973-2418-427a-bdc3-a3fc14e260ac,c887bc1e-d489-472c-83a6-afa3fcbaf051,c2,DROP,684,?,x8,
1769494703.5022836,SENT,008c41ff-4216-4c63-9290-3a984edb039d,3b3cd5b6-e8f0-43e2-9ec5-126adaffde31,c2,DROP,684,?,x1,
1769494703.502325,FORWARDED,008c41ff-4216-4c63-9290-3a984edb039d,3b3cd5b6-e8f0-43e2-9ec5-126adaffde31,c2,DROP,684,?,x1,
1769494703.5308928,SENT,1641089e-a733-4d81-878e-9a9f658613dd,e5d2c8f7-6ba9-4a3d-bc11-5f8296ced2db,c2,DROP,687,?,x2,
1769494703.5309348,FORWARDED,1641089e-a733-4d81-878e-9a9f658613dd,e5d2c8f7-6ba9-4a3d-bc11-5f8296ced2db,c2,DROP,687,?,x2,
1769494703.6027296,RECEIVED,e6ae3ee1-d8ec-4074-909d-0db7a671bc79,c01800f3-5d9b-438c-b207-1fcae059ef86,c2,DROP,441,x7,?,
1769494703.7079258,RECEIVED,729302ad-73a8-476c-b0dc-d07ada311e6d,8034cfd6-73f7-4f7e-a571-9a121d9b9080,c3,DROP,1016,e7,?,
1769494703.750069,RECEIVED,a20c9f42-a245-4837-9e64-0bb75b8d93b0,af6a4508-b1db-4629-a867-ded26dc436d3,c4,DROP,1012,e7,?,
1769494703.78965,SENT,729302ad-73a8-476c-b0dc-d07ada311e6d,8034cfd6-73f7-4f7e-a571-9a121d9b9080,c3,DROP,688,?,x4,
1769494703.7896903,FORWARDED,729302ad-73a8-476c-b0dc-d07ada311e6d,8034cfd6-73f7-4f7e-a571-9a121d9b9080,c3,DROP,688,?,x4,
1769494703.7954757,RECEIVED,6993d399-a3f0-4d2b-913f-28f5e1ee20ca,700a821e-9c63-4293-960c-570fdb235621,c5,DROP,1020,e9,?,
1769494703.837026,RECEIVED,8da94200-6ac2-48ea-ab5b-421bc010c9e5,5f18c019-c8cb-4484-a857-75f37260c154,c2,DROP,1024,e8,?,
1769494703.8937256,SENT,6993d399-a3f0-4d2b-913f-28f5e1ee20ca,700a821e-9c63-4293-960c-570fdb235621,c5,DROP,693,?,x6,
1769494703.893769,FORWARDED,6993d399-a3f0-4d2b-913f-28f5e1ee20ca,700a821e-9c63-4293-960c-570fdb235621,c5,DROP,693,?,x6,
1769494703.9003682,RECEIVED,98623857-830b-4d72-8ef4-f396d1e130cc,ff3b446d-8f02-4968-aa3b-ee9a3e05ddbb,c4,c5,1776,e7,?,
1769494704.0596187,SENT,62ba3df5-7250-44a3-beff-a8f290868fdd,d3f9f397-9a99-458d-8c74-ea0073b2373d,c1,DROP,684,?,x3,
1769494704.0596616,FORWARDED,62ba3df5-7250-44a3-beff-a8f290868fdd,d3f9f397-9a99-458d-8c74-ea0073b2373d,c1,DROP,684,?,x3,
1769494704.0974524,SENT,a20c9f42-a245-4837-9e64-0bb75b8d93b0,af6a4508-b1db-4629-a867-ded26dc436d3,c4,DROP,685,?,x4,
1769494704.0974946,FORWARDED,a20c9f42-a245-4837-9e64-0bb75b8d93b0,af6a4508-b1db-4629-a867-ded26dc436d3,c4,DROP,685,?,x4,
1769494704.3659968,SENT,98271da4-2369-46a4-9b0d-6b48d2c05025,244f542d-ff24-4d7b-abf2-8e810d285aa2,c4,DROP,692,?,x6,
1769494704.366041,FORWARDED,98271da4-2369-46a4-9b0d-6b48d2c05025,244f542d-ff24-4d7b-abf2-8e810d285aa2,c4,DROP,692,?,x6,
1769494704.3961642,RECEIVED,ad4b5d19-2627-45db-9c0f-41eb96b36f51,6c21dc10-4763-4678-ad76-d4283d04fd85,c1,DROP,1020,e9,?,
1769494704.4815392,RECEIVED,76b4ecdb-f57c-44d8-bb90-04906bbd84b0,8b26ea22-5d05-487c-b9dd-a50b020460da,c5,DROP,1019,e1,?,
1769494704.5455773,SENT,be31aa82-b05d-4dad-81c0-168daa9fdcf3,0a275387-24bc-410d-b4b6-33ff5342dbcf,c3,DROP,684,?,x4,
1769494704.5456228,FORWARDED,be31aa82-b05d-4dad-81c0-168daa9fdcf3,0a275387-24bc-410d-b4b6-33ff5342dbcf,c3,DROP,684,?,x4,
1769494704.6498356,RECEIVED,4be2321e-5edc-4ead-a7fe-cf60219b6ede,f5d1703d-ddca-4e38-ba90-b2f217bf891d,c1,DROP,1021,e3,?,
1769494704.7520723,SENT,4be2321e-5edc-4ead-a7fe-cf60219b6ede,f5d1703d-ddca-4e38-ba90-b2f217bf891d,c1,DROP,691,?,x11,
1769494704.7521226,FORWARDED,4be2321e-5edc-4ead-a7fe-cf60219b6ede,f5d1703d-ddca-4e38-ba90-b2f217bf891d,c1,DROP,691,?,x11,
1769494704.7562377,RECEIVED,7c63dd96-5a43-4aa2-a688-9dfd4a254ed5,315785c5-edb9-4290-bc8c-aeae193e64fa,c4,DROP,1019,e2,?,
1769494704.8611085,SENT,76b4ecdb-f57c-44d8-bb90-04906bbd84b0,8b26ea22-5d05-487c-b9dd-a50b020460da,c5,DROP,692,?,x6,
1769494704.8611517,FORWARDED,76b4ecdb-f57c-44d8-bb90-04906bbd84b0,8b26ea22-5d05-487c-b9dd-a50b020460da,c5,DROP,692,?,x6,
1769494704.9677436,SENT,ad4b5d19-2627-45db-9c0f-41eb96b36f51,6c21dc10-4763-4678-ad76-d4283d04fd85,c1,DROP,693,?,x10,
1769494704.967785,FORWARDED,ad4b5d19-2627-45db-9c0f-41eb96b36f51,6c21dc10-4763-4678-ad76-d4283d04fd85,c1,DROP,693,?,x10,
1769494705.0898871,RECEIVED,425e35af-f96b-442a-a6e2-c3ca36ce164c,d5cb9f29-ff3c-4bdb-a740-5d50b6488b45,c1,DROP,442,x8,?,
1769494705.0949445,RECEIVED,5dab80d4-66f1-4a0c-9b19-24dc3658b12c,7b2acb37-c5a8-47ce-b120-8e6c25a30ff2,c3,DROP,442,x1,?,
1769494705.1533394,SENT,98623857-830b-4d72-8ef4-f396d1e130cc,ff3b446d-8f02-4968-aa3b-ee9a3e05ddbb,c4,c5,1259,?,x12,
1769494705.1533794,FORWARDED,98623857-830b-4d72-8ef4-f396d1e130cc,ff3b446d-8f02-4968-aa3b-ee9a3e05ddbb,c4,c5,1259,?,x12,
1769494705.25232,RECEIVED,639eac63-5123-467c-a4f9-d77513585157,8e4959fe-ac61-4bad-9c85-f78c043d1ea7,c5,DROP,1011,e10,?,
1769494705.2799203,SENT,ed0bc5a1-3728-4b23-8052-d0a7b25c4215,ef5e66de-6a80-40ae-8a31-191e227df8a4,c3,c5,1271,?,x10,
1769494705.2799585,FORWARDED,ed0bc5a1-3728-4b23-8052-d0a7b25c4215,ef5e66de-6a80-40ae-8a31-191e227df8a4,c3,c5,1271,?,x10,
1769494705.3210657,SENT,7c63dd96-5a43-4aa2-a688-9dfd4a254ed5,315785c5-edb9-4290-bc8c-aeae193e64fa,c4,DROP,692,?,x3,
1769494705.3211093,FORWARDED,7c63dd96-5a43-4aa2-a688-9dfd4a254ed5,315785c5-edb9-4290-bc8c-aeae193e64fa,c4,DROP,692,?,x3,
1769494705.3748538,RECEIVED,9f71b8b2-5dfa-47e3-a72c-a80847e10c44,ed081651-ab65-4648-bb79-836288822cc1,c4,DROP,1022,e11,?,
1769494705.4239707,RECEIVED,f82c0632-833d-43db-8c73-41a6fbde560f,ed2da5c6-b811-43e5-a2c2-68a47f4a7da0,c2,c3,1779,e12,?,
1769494705.4617627,SENT,9f71b8b2-5dfa-47e3-a72c-a80847e10c44,ed081651-ab65-4648-bb79-836288822cc1,c4,DROP,691,?,x11,
1769494705.4618027,FORWARDED,9f71b8b2-5dfa-47e3-a72c-a80847e10c44,ed081651-ab65-4648-bb79-836288822cc1,c4,DROP,691,?,x11,
1769494705.4755042,SENT,f82c0632-833d-43db-8c73-41a6fbde560f,ed2da5c6-b811-43e5-a2c2-68a47f4a7da0,c2,c3,1263,?,x2,
1769494705.4755468,FORWARDED,f82c0632-833d-43db-8c73-41a6fbde560f,ed2da5c6-b811-43e5-a2c2-68a47f4a7da0,c2,c3,1263,?,x2,
1769494705.5789852,SENT,8da94200-6ac2-48ea-ab5b-421bc010c9e5,5f18c019-c8cb-4484-a857-75f37260c154,c2,DROP,694,?,x10,
1769494705.5790267,FORWARDED,8da94200-6ac2-48ea-ab5b-421bc010c9e5,5f18c019-c8cb-4484-a857-75f37260c154,c2,DROP,694,?,x10,
1769494705.7298799,RECEIVED,270eb32c-e5c7-4240-9daf-e5a5d4e5d83c,2b949ccf-0617-4691-b125-64c1c2bd18e4,c1,DROP,1020,e5,?,
1769494705.9593518,SENT,270eb32c-e5c7-4240-9daf-e5a5d4e5d83c,2b949ccf-0617-4691-b125-64c1c2bd18e4,c1,DROP,692,?,x10,
1769494705.959395,FORWARDED,270eb32c-e5c7-4240-9daf-e5a5d4e5d83c,2b949ccf-0617-4691-b125-64c1c2bd18e4,c1,DROP,692,?,x10,
1769494706.3920743,RECEIVED,3ab1983c-565d-4d20-8525-7e40ba1fbd1c,f99ee26a-1b12-4628-9a98-e55b8c28ff72,c5,c2,1776,e11,?,
1769494706.411401,RECEIVED,ba83f857-0ed4-47aa-99de-6e27854f738e,4b0ab661-9814-4323-89a7-3bf83d3a1d1d,c3,DROP,1023,e9,?,
1769494706.4384801,SENT,639eac63-5123-467c-a4f9-d77513585157,8e4959fe-ac61-4bad-9c85-f78c043d1ea7,c5,DROP,687,?,x12,
1769494706.4385211,FORWARDED,639eac63-5123-467c-a4f9-d77513585157,8e4959fe-ac61-4bad-9c85-f78c043d1ea7,c5,DROP,687,?,x12,
1769494706.559959,RECEIVED,0607cd28-af37-4ccf-9b03-9fadcfe51d6b,5b88e2a1-644f-4ac7-bbfa-7dd463436543,c2,c3,1780,e3,?,
1769494706.6039917,RECEIVED,cb8d49a8-c9fd-4b0d-bae6-8c6ea547eaa6,1112fd1a-9394-4ccc-afd7-dd2e9f45de1b,c5,DROP,1006,e11,?,
1769494706.6490273,RECEIVED,73aa0b21-b978-40b4-a4b6-4e717e0c4af6,8d65cc6f-6c8a-45ae-8aec-5bf7a50f98fb,c2,DROP,441,x9,?,
1769494706.7471282,SENT,0607cd28-af37-4ccf-9b03-9fadcfe51d6b,5b88e2a1-644f-4ac7-bbfa-7dd463436543,c2,c3,1263,?,x5,
1769494706.7471645,FORWARDED,0607cd28-af37-4ccf-9b03-9fadcfe51d6b,5b88e2a1-644f-4ac7-bbfa-7dd463436543,c2,c3,1263,?,x5,
1769494706.761027,SENT,3ab1983c-565d-4d20-8525-7e40ba1fbd1c,f99ee26a-1b12-4628-9a98-e55b8c28ff72,c5,c2,1260,?,x10,
1769494706.76108,FORWARDED,3ab1983c-565d-4d20-8525-7e40ba1fbd1c,f99ee26a-1b12-4628-9a98-e55b8c28ff72,c5,c2,1260,?,x10,
1769494707.1715012,RECEIVED,20b368b8-0180-4db6-95ad-0d8865e792ec,a920069b-5593-4894-bff0-32899d716313,c1,DROP,445,x5,?,
1769494707.185879,RECEIVED,d7533d1a-02db-45a6-981a-1d6a7838f50e,0f4d955c-1b45-42ba-9b43-e7ebf3ea82b3,c5,DROP,1010,e5,?,
1769494707.246984,SENT,ba83f857-0ed4-47aa-99de-6e27854f738e,4b0ab661-9814-4323-89a7-3bf83d3a1d1d,c3,DROP,694,?,x10,
1769494707.247021,FORWARDED,ba83f857-0ed4-47aa-99de-6e27854f738e,4b0ab661-9814-4323-89a7-3bf83d3a1d1d,c3,DROP,694,?,x10,
1769494707.4215152,RECEIVED,543a67d8-f939-4814-992d-b9ad30934e09,8cc4133e-2e4a-4590-ab5a-a19ac4d5492a,c4,DROP,1008,e2,?,
1769494707.4336932,RECEIVED,627ed169-316e-44d6-8bda-ddb72a2c27f9,0c584b02-918b-4987-873c-12bc1068dadb,c3,c5,1780,e2,?,
1769494707.6587317,SENT,cb8d49a8-c9fd-4b0d-bae6-8c6ea547eaa6,1112fd1a-9394-4ccc-afd7-dd2e9f45de1b,c5,DROP,683,?,x6,
1769494707.6587727,FORWARDED,cb8d49a8-c9fd-4b0d-bae6-8c6ea547eaa6,1112fd1a-9394-4ccc-afd7-dd2e9f45de1b,c5,DROP,683,?,x6,
1769494707.7735653,SENT,627ed169-316e-44d6-8bda-ddb72a2c27f9,0c584b02-918b-4987-873c-12bc1068dadb,c3,c5,1263,?,x4,
1769494707.7736044,FORWARDED,627ed169-316e-44d6-8bda-ddb72a2c27f9,0c584b02-918b-4987-873c-12bc1068dadb,c3,c5,1263,?,x4,
1769494707.8187373,SENT,543a67d8-f939-4814-992d-b9ad30934e09,8cc4133e-2e4a-4590-ab5a-a19ac4d5492a,c4,DROP,684,?,x3,
1769494707.8187795,FORWARDED,543a67d8-f939-4814-992d-b9ad30934e09,8cc4133e-2e4a-4590-ab5a-a19ac4d5492a,c4,DROP,684,?,x3,
1769494707.8277588,SENT,d7533d1a-02db-45a6-981a-1d6a7838f50e,0f4d955c-1b45-42ba-9b43-e7ebf3ea82b3,c5,DROP,687,?,x8,
1769494707.8277993,FORWARDED,d7533d1a-02db-45a6-981a-1d6a7838f50e,0f4d955c-1b45-42ba-9b43-e7ebf3ea82b3,c5,DROP,687,?,x8,
1769494707.8737345,RECEIVED,4aa6e26b-fd2b-4105-8d71-92df80f6fff7,f3ba30ab-d8cf-4a1b-8999-bfdf626984cf,c4,c5,1780,e10,?,
1769494707.973624,SENT,4aa6e26b-fd2b-4105-8d71-92df80f6fff7,f3ba30ab-d8cf-4a1b-8999-bfdf626984cf,c4,c5,1261,?,x5,
1769494707.9736667,FORWARDED,4aa6e26b-fd2b-4105-8d71-92df80f6fff7,f3ba30ab-d8cf-4a1b-8999-bfdf626984cf,c4,c5,1261,?,x5,
1769494707.981204,RECEIVED,b7b6d9fc-54c4-4f9e-8bcf-621723f7a8e8,3597da45-b90d-465d-9e36-55e527e78662,c5,DROP,1012,e8,?,
1769494707.9911835,RECEIVED,cb165a1a-e471-4d2a-b063-93b473087d76,675add76-55b3-4d1b-b503-02f8036f1632,c2,DROP,1016,e7,?,
1769494707.9921327,RECEIVED,81b97103-0a86-40c1-8c3d-723b8d13b312,9bb0b6db-9061-4dea-b814-0e286ae53117,c4,c5,1780,e2,?,
1769494708.0888293,SENT,cb165a1a-e471-4d2a-b063-93b473087d76,675add76-55b3-4d1b-b503-02f8036f1632,c2,DROP,689,?,x6,
1769494708.0888631,FORWARDED,cb165a1a-e471-4d2a-b063-93b473087d76,675add76-55b3-4d1b-b503-02f8036f1632,c2,DROP,689,?,x6,
1769494708.2202823,SENT,81b97103-0a86-40c1-8c3d-723b8d13b312,9bb0b6db-9061-4dea-b814-0e286ae53117,c4,c5,1262,?,x3,
1769494708.220331,FORWARDED,81b97103-0a86-40c1-8c3d-723b8d13b312,9bb0b6db-9061-4dea-b814-0e286ae53117,c4,c5,1262,?,x3,
1769494708.4336967,SENT,b7b6d9fc-54c4-4f9e-8bcf-621723f7a8e8,3597da45-b90d-465d-9e36-55e527e78662,c5,DROP,687,?,x6,
1769494708.4337385,FORWARDED,b7b6d9fc-54c4-4f9e-8bcf-621723f7a8e8,3597da45-b90d-465d-9e36-55e527e78662,c5,DROP,687,?,x6,
1769494708.6748195,RECEIVED,c665afe5-147d-4ab3-8dea-333e37d53892,74a17150-08b1-4d72-be53-f1635947f1e4,c4,DROP,1008,e12,?,
1769494708.6948535,RECEIVED,71141fb6-a1d1-4317-9493-e38fc80699b6,c738ac41-060f-4986-824e-82b60c8c21d7,c3,c5,1779,e4,?,
1769494708.7329865,RECEIVED,17069981-9523-484b-ba54-d279bfb92bfa,c1b33eac-05ab-4c2f-af6f-c56ea95355ce,c1,DROP,446,x11,?,
1769494708.7468467,SENT,c665afe5-147d-4ab3-8dea-333e37d53892,74a17150-08b1-4d72-be53-f1635947f1e4,c4,DROP,683,?,x3,
1769494708.7468808,FORWARDED,c665afe5-147d-4ab3-8dea-333e37d53892,74a17150-08b1-4d72-be53-f1635947f1e4,c4,DROP,683,?,x3,
1769494709.1689637,RECEIVED,1a403943-6f1e-4802-b371-2ade6c3d5ce5,c8cc77ea-f98c-47a9-a9cb-62c200624610,c5,DROP,442,x1,?,
1769494709.1919007,SENT,71141fb6-a1d1-4317-9493-e38fc80699b6,c738ac41-060f-4986-824e-82b60c8c21d7,c3,c5,1263,?,x9,
1769494709.191939,FORWARDED,71141fb6-a1d1-4317-9493-e38fc80699b6,c738ac41-060f-4986-824e-82b60c8c21d7,c3,c5,1263,?,x9,
1769494709.238466,RECEIVED,487cb108-ea28-441c-b38b-b26f99f4f8b9,1db1f523-ede9-4b27-ab89-2e1f0ea83548,c3,c5,1783,e11,?,
1769494709.335141,RECEIVED,1cefa423-d862-48e6-a4a0-20623f3dd6dd,27cae16c-89ed-4437-a51c-feaa6c9c6a68,c2,DROP,1018,e1,?,
1769494709.6231177,RECEIVED,e317377c-f141-48d2-b2de-41286c1e2e2b,9f5f0b1b-8000-4d9d-9e9f-6471c6ae95d6,c5,DROP,441,x3,?,
1769494709.6495564,RECEIVED,8033d3eb-270d-48ef-8a19-8571a1ce2753,0a70e383-f8ce-4bad-b9cc-22a3e2d48301,c1,DROP,1007,e6,?,
1769494709.7280858,RECEIVED,27928ab4-6847-4253-9af8-f3da2958d838,ecc33b95-ea9e-4a4d-a6b8-af3a23b33004,c4,DROP,1008,e1,?,
1769494709.7421496,RECEIVED,616ed30a-ec08-447f-8066-1a0234432223,fdec7d97-551c-4325-a67d-42cdc993a646,c3,DROP,1009,e4,?,
1769494709.8154316,SENT,616ed30a-ec08-447f-8066-1a0234432223,fdec7d97-551c-4325-a67d-42cdc993a646,c3,DROP,683,?,x6,
1769494709.8154757,FORWARDED,616ed30a-ec08-447f-8066-1a0234432223,fdec7d97-551c-4325-a67d-42cdc993a646,c3,DROP,683,?,x6,
1769494709.882645,SENT,27928ab4-6847-4253-9af8-f3da2958d838,ecc33b95-ea9e-4a4d-a6b8-af3a23b33004,c4,DROP,684,?,x4,
1769494709.8826876,FORWARDED,27928ab4-6847-4253-9af8-f3da2958d838,ecc33b95-ea9e-4a4d-a6b8-af3a23b33004,c4,DROP,684,?,x4,
1769494709.8890333,RECEIVED,99280fb1-81b4-4b47-b7ab-ba108a0e1e83,23bec3f3-88c5-4086-984c-fc6c2589d6e6,c2,DROP,1016,e1,?,
1769494709.9544775,SENT,1cefa423-d862-48e6-a4a0-20623f3dd6dd,27cae16c-89ed-4437-a51c-feaa6c9c6a68,c2,DROP,691,?,x11,
1769494709.9545195,FORWARDED,1cefa423-d862-48e6-a4a0-20623f3dd6dd,27cae16c-89ed-4437-a51c-feaa6c9c6a68,c2,DROP,691,?,x11,
1769494709.9951077,RECEIVED,1014530f-8a36-492a-89b2-d2af76dd78bd,051e1a47-1cf9-4db5-b70c-e6780f3c7425,c1,DROP,441,x4,?,
1769494710.006657,RECEIVED,119d48b8-ed34-4a74-9d1b-ec76997287f4,4a698c10-78ce-47c4-8dae-184b5087d199,c3,c5,1779,e11,?,
1769494710.149433,SENT,487cb108-ea28-441c-b38b-b26f99f4f8b9,1db1f523-ede9-4b27-ab89-2e1f0ea83548,c3,c5,1264,?,x3,
1769494710.149474,FORWARDED,487cb108-ea28-441c-b38b-b26f99f4f8b9,1db1f523-ede9-4b27-ab89-2e1f0ea83548,c3,c5,1264,?,x3,
1769494710.1754835,RECEIVED,9c0fb2ed-3ca7-4bac-b4b5-09e9af11ffd6,2ccf1ae5-b43a-4a65-b52c-ff864c400da9,c5,DROP,1021,e10,?,
1769494710.2251563,SENT,8033d3eb-270d-48ef-8a19-8571a1ce2753,0a70e383-f8ce-4bad-b9cc-22a3e2d48301,c1,DROP,683,?,x9,
1769494710.225198,FORWARDED,8033d3eb-270d-48ef-8a19-8571a1ce2753,0a70e383-f8ce-4bad-b9cc-22a3e2d48301,c1,DROP,683,?,x9,
1769494710.3615031,RECEIVED,1d508ac9-b330-4b0b-989d-017c667af0af,5c04eaae-91aa-4473-85a0-307178710905,c1,DROP,446,x9,?,
1769494710.365364,RECEIVED,78b2934e-ec42-4700-97d4-869b159de830,299056da-d26f-4795-962c-e67a690c6487,c1,DROP,1019,e12,?,
1769494710.3886743,SENT,99280fb1-81b4-4b47-b7ab-ba108a0e1e83,23bec3f3-88c5-4086-984c-fc6c2589d6e6,c2,DROP,688,?,x8,
1769494710.3887181,FORWARDED,99280fb1-81b4-4b47-b7ab-ba108a0e1e83,23bec3f3-88c5-4086-984c-fc6c2589d6e6,c2,DROP,688,?,x8,
1769494710.3958297,RECEIVED,36ea4fc7-8670-437e-919d-409fdf46ce22,b54320e8-88de-4c62-9d0f-4c9885267fb6,c2,DROP,1007,e7,?,
1769494710.489235,SENT,9c0fb2ed-3ca7-4bac-b4b5-09e9af11ffd6,2ccf1ae5-b43a-4a65-b52c-ff864c400da9,c5,DROP,691,?,x10,
1769494710.4892764,FORWARDED,9c0fb2ed-3ca7-4bac-b4b5-09e9af11ffd6,2ccf1ae5-b43a-4a65-b52c-ff864c400da9,c5,DROP,691,?,x10,
1769494710.7033844,RECEIVED,6565dcdd-4195-44af-817d-78f57187ada7,2ee0aa42-7467-4fb2-82ac-6a00703661a7,c5,c2,1775,e3,?,
1769494710.8766346,RECEIVED,10b94118-f68c-4b11-8845-4036c765f273,763c1c2c-45b1-4612-b868-e54bc04e90f4,c3,DROP,1016,e5,?,
1769494710.8917506,SENT,78b2934e-ec42-4700-97d4-869b159de830,299056da-d26f-4795-962c-e67a690c6487,c1,DROP,691,?,x8,
1769494710.8917902,FORWARDED,78b2934e-ec42-4700-97d4-869b159de830,299056da-d26f-4795-962c-e67a690c6487,c1,DROP,691,?,x8,
1769494710.9025466,RECEIVED,a262f006-21d7-440d-89d9-88b48a8a0d27,43910585-e3df-4fb4-8067-9d0b341f28ac,c3,DROP,440,x7,?,
1769494711.048465,RECEIVED,eacb9027-2ef8-49fc-9ae4-cb859a266755,6f08dbc6-abc0-4e11-9555-f8040e8a0c62,c5,c2,1786,e11,?,
1769494711.0516763,SENT,36ea4fc7-8670-437e-919d-409fdf46ce22,b54320e8-88de-4c62-9d0f-4c9885267fb6,c2,DROP,683,?,x2,
1769494711.0517123,FORWARDED,36ea4fc7-8670-437e-919d-409fdf46ce22,b54320e8-88de-4c62-9d0f-4c9885267fb6,c2,DROP,683,?,x2,
1769494711.075708,SENT,eacb9027-2ef8-49fc-9ae4-cb859a266755,6f08dbc6-abc0-4e11-9555-f8040e8a0c62,c5,c2,1265,?,x11,
1769494711.0757635,FORWARDED,eacb9027-2ef8-49fc-9ae4-cb859a266755,6f08dbc6-abc0-4e11-9555-f8040e8a0c62,c5,c2,1265,?,x11,
1769494711.1307147,RECEIVED,17e4feaf-c1a2-406c-849f-657d4287f621,e9bab3fb-738c-4960-8731-11f94d102a63,c3,DROP,1011,e11,?,
1769494711.2006414,SENT,119d48b8-ed34-4a74-9d1b-ec76997287f4,4a698c10-78ce-47c4-8dae-184b5087d199,c3,c5,1262,?,x7,
1769494711.200683,FORWARDED,119d48b8-ed34-4a74-9d1b-ec76997287f4,4a698c10-78ce-47c4-8dae-184b5087d199,c3,c5,1262,?,x7,
1769494711.241498,RECEIVED,0b00f4d8-2fd1-4f3c-8a8e-6de0dace3412,fe7fdd4b-1c57-4a59-be5d-454facc7b84a,c1,DROP,1020,e9,?,
1769494711.4917896,SENT,0b00f4d8-2fd1-4f3c-8a8e-6de0dace3412,fe7fdd4b-1c57-4a59-be5d-454facc7b84a,c1,DROP,691,?,x10,
1769494711.4918292,FORWARDED,0b00f4d8-2fd1-4f3c-8a8e-6de0dace3412,fe7fdd4b-1c57-4a59-be5d-454facc7b84a,c1,DROP,691,?,x10,
1769494711.4943538,SENT,17e4feaf-c1a2-406c-849f-657d4287f621,e9bab3fb-738c-4960-8731-11f94d102a63,c3,DROP,687,?,x1,
1769494711.4943938,FORWARDED,17e4feaf-c1a2-406c-849f-657d4287f621,e9bab3fb-738c-4960-8731-11f94d102a63,c3,DROP,687,?,x1,
1769494711.563606,SENT,6565dcdd-4195-44af-817d-78f57187ada7,2ee0aa42-7467-4fb2-82ac-6a00703661a7,c5,c2,1258,?,x4,
1769494711.5636473,FORWARDED,6565dcdd-4195-44af-817d-78f57187ada7,2ee0aa42-7467-4fb2-82ac-6a00703661a7,c5,c2,1258,?,x4,
1769494711.6834872,SENT,10b94118-f68c-4b11-8845-4036c765f273,763c1c2c-45b1-4612-b868-e54bc04e90f4,c3,DROP,688,?,x12,
1769494711.683528,FORWARDED,10b94118-f68c-4b11-8845-4036c765f273,763c1c2c-45b1-4612-b868-e54bc04e90f4,c3,DROP,688,?,x12,
1769494712.100246,RECEIVED,c7f942e5-74b9-45af-b861-9308246456dd,2369e0f7-c7dc-45b4-b1d1-d435e90e565a,c3,DROP,1021,e9,?,
1769494712.1877017,SENT,c7f942e5-74b9-45af-b861-9308246456dd,2369e0f7-c7dc-45b4-b1d1-d435e90e565a,c3,DROP,691,?,x12,
1769494712.1877413,FORWARDED,c7f942e5-74b9-45af-b861-9308246456dd,2369e0f7-c7dc-45b4-b1d1-d435e90e565a,c3,DROP,691,?,x12,
1769494712.2319422,RECEIVED,778816e1-26f4-4494-8235-cd490891b92d,d91d8b25-7f94-4615-b87a-db6eb82e5719,c3,DROP,1007,e2,?,
1769494712.3512855,RECEIVED,17994fea-8753-44e7-b836-3c368c379f1b,aa70f088-444f-468b-ad48-f126754b05a6,c5,c2,1763,e7,?,
1769494712.4569678,RECEIVED,827de03b-b067-4ebd-948d-54e094acbf7a,7abd327b-28c4-4331-a458-cc9e6b0c59f4,c1,DROP,1016,e11,?,
1769494712.7772436,SENT,827de03b-b067-4ebd-948d-54e094acbf7a,7abd327b-28c4-4331-a458-cc9e6b0c59f4,c1,DROP,688,?,x3,
1769494712.7772794,FORWARDED,827de03b-b067-4ebd-948d-54e094acbf7a,7abd327b-28c4-4331-a458-cc9e6b0c59f4,c1,DROP,688,?,x3,
1769494712.806277,RECEIVED,4ea39b89-1b6a-43a2-a106-f42ed04afa2d,896a40a3-ea51-456b-9755-28670891b812,c5,c2,1776,e6,?,
1769494712.8800652,SENT,4ea39b89-1b6a-43a2-a106-f42ed04afa2d,896a40a3-ea51-456b-9755-28670891b812,c5,c2,1259,?,x1,
1769494712.880106,FORWARDED,4ea39b89-1b6a-43a2-a106-f42ed04afa2d,896a40a3-ea51-456b-9755-28670891b812,c5,c2,1259,?,x1,
1769494712.9459891,RECEIVED,18387c66-3806-4279-be90-96e1d62ceef4,34c6cbcc-c681-4238-a3ea-e2e17452657c,c3,DROP,445,x4,?,
1769494712.9585032,SENT,778816e1-26f4-4494-8235-cd490891b92d,d91d8b25-7f94-4615-b87a-db6eb82e5719,c3,DROP,684,?,x3,
1769494712.958544,FORWARDED,778816e1-26f4-4494-8235-cd490891b92d,d91d8b25-7f94-4615-b87a-db6eb82e5719,c3,DROP,684,?,x3,
1769494713.0377378,RECEIVED,f115f271-b77c-4c1f-b266-3ea1e9a273be,27f77274-e78d-40a0-b6b3-0b07c1d17dcc,c5,DROP,1008,e9,?,
1769494713.1559873,RECEIVED,d17e494a-9d61-49d7-a58c-1b1e0b8a92a1,02e8a9e7-9530-4a60-b79e-8119b8bae023,c4,DROP,1012,e1,?,
1769494713.1808157,SENT,f115f271-b77c-4c1f-b266-3ea1e9a273be,27f77274-e78d-40a0-b6b3-0b07c1d17dcc,c5,DROP,684,?,x5,
1769494713.1808586,FORWARDED,f115f271-b77c-4c1f-b266-3ea1e9a273be,27f77274-e78d-40a0-b6b3-0b07c1d17dcc,c5,DROP,684,?,x5,
1769494713.2335336,SENT,d17e494a-9d61-49d7-a58c-1b1e0b8a92a1,02e8a9e7-9530-4a60-b79e-8119b8bae023,c4,DROP,687,?,x8,
1769494713.2335765,FORWARDED,d17e494a-9d61-49d7-a58c-1b1e0b8a92a1,02e8a9e7-9530-4a60-b79e-8119b8bae023,c4,DROP,687,?,x8,
1769494713.3124633,RECEIVED,96211909-3e7d-4b29-b964-9953b3ecf502,670a7106-79a2-46bb-a66a-4fbb27963ec1,c3,DROP,1007,e10,?,
1769494713.326355,RECEIVED,d3e5f1b2-bdc3-462a-a2a3-3b8933f995bf,5c702043-1d4a-46b6-bef0-11e2a7059032,c4,DROP,441,x3,?,
1769494713.463795,RECEIVED,0ee356ab-6232-4a0d-b464-5b5d929ee921,06825822-dc4b-45a4-8ecc-2cb1b4105a3e,c3,DROP,1008,e7,?,
1769494713.5358846,SENT,0ee356ab-6232-4a0d-b464-5b5d929ee921,06825822-dc4b-45a4-8ecc-2cb1b4105a3e,c3,DROP,684,?,x6,
1769494713.5359242,FORWARDED,0ee356ab-6232-4a0d-b464-5b5d929ee921,06825822-dc4b-45a4-8ecc-2cb1b4105a3e,c3,DROP,684,?,x6,
1769494713.5886292,RECEIVED,e58e49ee-e4ed-4180-b5ec-0063ea665472,bdd2176e-bec0-49ed-a897-c582def0c24d,c4,DROP,1015,e5,?,
1769494713.6637414,RECEIVED,4617a1e7-0649-43ec-b4c7-9e4a86709221,0216e2ac-7939-426c-b476-b0263c882ff4,c1,DROP,443,x6,?,
1769494713.681523,SENT,96211909-3e7d-4b29-b964-9953b3ecf502,670a7106-79a2-46bb-a66a-4fbb27963ec1,c3,DROP,683,?,x5,
1769494713.6815655,FORWARDED,96211909-3e7d-4b29-b964-9953b3ecf502,670a7106-79a2-46bb-a66a-4fbb27963ec1,c3,DROP,683,?,x5,
1769494713.7004232,RECEIVED,3952d09c-7d9a-42d9-8205-2311a0f2ead9,9f069ccd-270a-4002-aafb-1841af01b3fc,c3,DROP,1007,e1,?,
1769494713.7096398,RECEIVED,744fcf08-dcda-4b6e-9b12-9bbd40ef958f,b84a83f7-643d-4049-bb83-ab9703da0125,c2,DROP,444,x12,?,
1769494713.8489795,RECEIVED,5c7b223d-586f-4317-b046-7c0d85f93b43,158fd473-a916-4efa-9748-4eeeabb9845f,c4,DROP,1019,e10,?,
1769494713.8625367,RECEIVED,87c086df-3102-469d-b5dd-15e06e5d8898,3202bf4a-544e-4014-9752-27f41a75d248,c1,DROP,1020,e2,?,
1769494714.080977,RECEIVED,62b23fe9-7067-44c6-adf0-0af2043c95ae,399a1b25-1ec8-4c85-8b02-e82aff2517df,c4,DROP,446,x11,?,
1769494714.176637,SENT,e58e49ee-e4ed-4180-b5ec-0063ea665472,bdd2176e-bec0-49ed-a897-c582def0c24d,c4,DROP,688,?,x4,
1769494714.1766768,FORWARDED,e58e49ee-e4ed-4180-b5ec-0063ea665472,bdd2176e-bec0-49ed-a897-c582def0c24d,c4,DROP,688,?,x4,
1769494714.2239711,RECEIVED,b9146e2c-ab59-4bfb-bfbf-6b90dea733ec,cb9d53d2-cb18-47bc-b4ff-80255333b2b5,c4,DROP,442,x5,?,
1769494714.325994,SENT,87c086df-3102-469d-b5dd-15e06e5d8898,3202bf4a-544e-4014-9752-27f41a75d248,c1,DROP,693,?,x9,
1769494714.3260338,FORWARDED,87c086df-3102-469d-b5dd-15e06e5d8898,3202bf4a-544e-4014-9752-27f41a75d248,c1,DROP,693,?,x9,
1769494714.3913994,RECEIVED,6f0a1e74-b78b-48b8-9c61-e66223a940b8,eec2b2cd-bb7e-40e6-9a75-b3fe7725681d,c4,c5,1780,e8,?,
1769494714.4270222,RECEIVED,e556fcf4-c6fb-4caf-bc25-eae66e3d9745,c76610f3-a381-4669-b6fb-92f3a54af407,c1,DROP,442,x5,?,
1769494714.4437811,RECEIVED,69cc7401-c2d4-4cfd-a46a-a51a604bdeff,79432f53-76f8-40a1-997c-359038b6eff7,c2,DROP,1009,e6,?,
1769494714.4989398,SENT,69cc7401-c2d4-4cfd-a46a-a51a604bdeff,79432f53-76f8-40a1-997c-359038b6eff7,c2,DROP,683,?,x9,
1769494714.49898,FORWARDED,69cc7401-c2d4-4cfd-a46a-a51a604bdeff,79432f53-76f8-40a1-997c-359038b6eff7,c2,DROP,683,?,x9,
1769494714.5011523,SENT,3952d09c-7d9a-42d9-8205-2311a0f2ead9,9f069ccd-270a-4002-aafb-1841af01b3fc,c3,DROP,684,?,x8,
1769494714.5011916,FORWARDED,3952d09c-7d9a-42d9-8205-2311a0f2ead9,9f069ccd-270a-4002-aafb-1841af01b3fc,c3,DROP,684,?,x8,
1769494714.5994759,RECEIVED,35daa880-0d6e-4051-9116-6ff7b0101c5d,0f79a63f-cf90-4d41-ae71-66e6cbed0629,c4,DROP,1015,e9,?,
1769494714.639602,RECEIVED,108bb292-4e3a-4676-b60f-89f266ca994f,67a813a0-c76c-45ec-9c3b-50b7b935d9b7,c4,c5,1775,e10,?,
1769494714.6820328,SENT,6f0a1e74-b78b-48b8-9c61-e66223a940b8,eec2b2cd-bb7e-40e6-9a75-b3fe7725681d,c4,c5,1263,?,x4,
1769494714.6820846,FORWARDED,6f0a1e74-b78b-48b8-9c61-e66223a940b8,eec2b2cd-bb7e-40e6-9a75-b3fe7725681d,c4,c5,1263,?,x4,
1769494714.745226,RECEIVED,a948dead-b442-4c68-b803-a7fb7d516af3,7aca3472-75a9-4067-b7f9-3c75cc1fccd9,c4,c5,1784,e12,?,
1769494714.8233697,SENT,a948dead-b442-4c68-b803-a7fb7d516af3,7aca3472-75a9-4067-b7f9-3c75cc1fccd9,c4,c5,1264,?,x1,
1769494714.8234205,FORWARDED,a948dead-b442-4c68-b803-a7fb7d516af3,7aca3472-75a9-4067-b7f9-3c75cc1fccd9,c4,c5,1264,?,x1,
1769494714.863477,SENT,17994fea-8753-44e7-b836-3c368c379f1b,aa70f088-444f-468b-ad48-f126754b05a6,c5,c2,1250,?,x7,
1769494714.86352,FORWARDED,17994fea-8753-44e7-b836-3c368c379f1b,aa70f088-444f-468b-ad48-f126754b05a6,c5,c2,1250,?,x7,
1769494715.0161834,RECEIVED,8c368696-2000-4ca7-8ced-892085aa8be1,82b90692-0bbe-47a5-9fa3-4296cb065dbc,c4,DROP,1015,e8,?,
1769494715.0263743,RECEIVED,36de8927-1472-4f98-b916-a9a07c034c5a,4b90d9d4-7a00-42e3-be00-d110711a1909,c4,DROP,441,x4,?,
1769494715.0527663,RECEIVED,53eaca6f-5f7b-40c3-a3ec-c958dd3cc532,7dac4ef3-4c8c-4f7f-a889-5f27d341cf6c,c5,DROP,1015,e4,?,
1769494715.0541418,SENT,5c7b223d-586f-4317-b046-7c0d85f93b43,158fd473-a916-4efa-9748-4eeeabb9845f,c4,DROP,691,?,x2,
1769494715.0541818,FORWARDED,5c7b223d-586f-4317-b046-7c0d85f93b43,158fd473-a916-4efa-9748-4eeeabb9845f,c4,DROP,691,?,x2,
1769494715.3196585,RECEIVED,8dcd8e9c-4c91-4e80-ac05-8d81c13dd251,c05439b3-d0db-4a15-983a-c0d22b00f117,c3,DROP,441,x8,?,
1769494715.3422837,SENT,108bb292-4e3a-4676-b60f-89f266ca994f,67a813a0-c76c-45ec-9c3b-50b7b935d9b7,c4,c5,1259,?,x6,
1769494715.342325,FORWARDED,108bb292-4e3a-4676-b60f-89f266ca994f,67a813a0-c76c-45ec-9c3b-50b7b935d9b7,c4,c5,1259,?,x6,
1769494715.378414,SENT,8c368696-2000-4ca7-8ced-892085aa8be1,82b90692-0bbe-47a5-9fa3-4296cb065dbc,c4,DROP,688,?,x10,
1769494715.3784575,FORWARDED,8c368696-2000-4ca7-8ced-892085aa8be1,82b90692-0bbe-47a5-9fa3-4296cb065dbc,c4,DROP,688,?,x10,
1769494715.3989878,SENT,35daa880-0d6e-4051-9116-6ff7b0101c5d,0f79a63f-cf90-4d41-ae71-66e6cbed0629,c4,DROP,688,?,x3,
1769494715.399024,FORWARDED,35daa880-0d6e-4051-9116-6ff7b0101c5d,0f79a63f-cf90-4d41-ae71-66e6cbed0629,c4,DROP,688,?,x3,
1769494715.4135337,RECEIVED,2b160a2c-fb3c-467a-b69b-0b3bf5959536,7f039271-5e0a-4e70-bd59-5e752a66efb5,c1,DROP,445,x10,?,
1769494715.478875,RECEIVED,744676ba-1e88-44bc-a828-c5e1ea6dc240,67801768-9276-4f9e-85e2-0a366d6372f1,c5,DROP,445,x5,?,
1769494715.4991307,RECEIVED,488e3f5b-ac00-4fc2-828e-75b712018b46,5f9f02a8-e7c3-43b7-bacf-88aadf99ec39,c4,DROP,1011,e1,?,
1769494715.606719,RECEIVED,5b57067c-ef94-4536-8b5b-907179aff315,1e7b8f13-e276-405f-a7fa-df622bd0c923,c5,c2,1783,e8,?,
1769494715.6734338,RECEIVED,d01dc06e-7b82-485d-90b3-bc0dce70c2e4,d5d03e9c-277e-4ddc-abee-d1bb2aa61325,c2,DROP,1019,e10,?,
1769494715.741658,RECEIVED,1bdd2ad5-9818-4aa4-b377-96d0b9b9f5aa,07495167-d4a1-4d1c-873e-5110e52d203d,c2,DROP,445,x11,?,
1769494715.8991575,RECEIVED,053390ce-4d82-4cc3-b7e6-68edd4ef236d,202dd999-33ea-4627-836e-9a0fc6ebc362,c4,DROP,446,x8,?,
1769494715.9006968,SENT,d01dc06e-7b82-485d-90b3-bc0dce70c2e4,d5d03e9c-277e-4ddc-abee-d1bb2aa61325,c2,DROP,692,?,x1,
1769494715.9007366,FORWARDED,d01dc06e-7b82-485d-90b3-bc0dce70c2e4,d5d03e9c-277e-4ddc-abee-d1bb2aa61325,c2,DROP,692,?,x1,
1769494716.0123527,RECEIVED,ca53068d-220e-40a7-8b84-8c3954394fb3,08d232bf-9aad-4654-9def-deed777b755a,c2,DROP,1020,e12,?,
1769494716.3205738,SENT,488e3f5b-ac00-4fc2-828e-75b712018b46,5f9f02a8-e7c3-43b7-bacf-88aadf99ec39,c4,DROP,687,?,x7,
1769494716.3206146,FORWARDED,488e3f5b-ac00-4fc2-828e-75b712018b46,5f9f02a8-e7c3-43b7-bacf-88aadf99ec39,c4,DROP,687,?,x7,
1769494716.3964853,SENT,53eaca6f-5f7b-40c3-a3ec-c958dd3cc532,7dac4ef3-4c8c-4f7f-a889-5f27d341cf6c,c5,DROP,688,?,x11,
1769494716.3965287,FORWARDED,53eaca6f-5f7b-40c3-a3ec-c958dd3cc532,7dac4ef3-4c8c-4f7f-a889-5f27d341cf6c,c5,DROP,688,?,x11,
1769494716.4275694,SENT,ca53068d-220e-40a7-8b84-8c3954394fb3,08d232bf-9aad-4654-9def-deed777b755a,c2,DROP,692,?,x3,
1769494716.4276109,FORWARDED,ca53068d-220e-40a7-8b84-8c3954394fb3,08d232bf-9aad-4654-9def-deed777b755a,c2,DROP,692,?,x3,
1769494716.5046854,RECEIVED,96b84977-da0e-498f-8bbe-013d9b46c8ad,9dc2703c-ac5d-4156-ba8a-707457cb86ec,c5,DROP,1006,e3,?,
1769494716.8414216,RECEIVED,d580dbf8-7221-4ef5-829a-b613f16f0a9e,4d1abf8c-0a9e-4d09-8285-7943d0daa9cd,c5,DROP,441,x3,?,
1769494717.0091512,RECEIVED,96cb5287-3c64-4f44-aa47-27f0e63df5a5,34f68553-fe7b-4c83-b7a3-744364b4cc46,c4,c5,1780,e10,?,
1769494717.0870993,SENT,96cb5287-3c64-4f44-aa47-27f0e63df5a5,34f68553-fe7b-4c83-b7a3-744364b4cc46,c4,c5,1263,?,x4,
1769494717.0871537,FORWARDED,96cb5287-3c64-4f44-aa47-27f0e63df5a5,34f68553-fe7b-4c83-b7a3-744364b4cc46,c4,c5,1263,?,x4,
1769494717.157474,RECEIVED,00cd2630-ae3e-4ac7-8f18-04b4902d906c,33e46e19-1ac4-43f9-8316-e0875e546257,c4,DROP,1012,e7,?,
1769494717.1833963,SENT,5b57067c-ef94-4536-8b5b-907179aff315,1e7b8f13-e276-405f-a7fa-df622bd0c923,c5,c2,1264,?,x8,
1769494717.1834364,FORWARDED,5b57067c-ef94-4536-8b5b-907179aff315,1e7b8f13-e276-405f-a7fa-df622bd0c923,c5,c2,1264,?,x8,
1769494717.3668275,RECEIVED,7549ee5d-a1ce-4ab7-9f9a-9c136290235b,5e413b80-bbb1-41ee-ab05-594e870b0a87,c3,c5,1771,e9,?,
1769494717.475903,SENT,00cd2630-ae3e-4ac7-8f18-04b4902d906c,33e46e19-1ac4-43f9-8316-e0875e546257,c4,DROP,685,?,x4,
1769494717.475942,FORWARDED,00cd2630-ae3e-4ac7-8f18-04b4902d906c,33e46e19-1ac4-43f9-8316-e0875e546257,c4,DROP,685,?,x4,
1769494717.5079103,RECEIVED,bce83c9f-0e8e-4512-9837-c50ad2a83b4d,c7f48447-861f-4d98-a87a-f43705bcd2da,c1,DROP,442,x2,?,
1769494717.5911195,RECEIVED,fb08369f-bed2-44cf-a3ed-6dd90cf59053,632bb153-8c47-4a6d-a449-cd5dbc3163d1,c1,DROP,1007,e5,?,
1769494717.7529848,RECEIVED,7a98b867-38b4-43fd-9794-8827d57aa252,3b71470f-b44d-495e-b9ca-9fd8b4cb2b4a,c4,DROP,1009,e11,?,
1769494717.8758953,SENT,7a98b867-38b4-43fd-9794-8827d57aa252,3b71470f-b44d-495e-b9ca-9fd8b4cb2b4a,c4,DROP,684,?,x10,
1769494717.8759372,FORWARDED,7a98b867-38b4-43fd-9794-8827d57aa252,3b71470f-b44d-495e-b9ca-9fd8b4cb2b4a,c4,DROP,684,?,x10,
1769494717.884892,RECEIVED,bb53cd80-4ff0-4f8f-9b44-73f71b39c463,fa09ee9b-5987-4c60-8144-446b34f9482c,c1,DROP,1019,e9,?,
1769494718.0884893,RECEIVED,ce4eb0b8-de32-4821-b250-635233b49d91,d396c438-d5d1-4e72-8f17-0416bf543f7b,c5,DROP,1020,e1,?,
1769494718.1789777,SENT,ce4eb0b8-de32-4821-b250-635233b49d91,d396c438-d5d1-4e72-8f17-0416bf543f7b,c5,DROP,692,?,x6,
1769494718.1790192,FORWARDED,ce4eb0b8-de32-4821-b250-635233b49d91,d396c438-d5d1-4e72-8f17-0416bf543f7b,c5,DROP,692,?,x6,
1769494718.4081604,SENT,96b84977-da0e-498f-8bbe-013d9b46c8ad,9dc2703c-ac5d-4156-ba8a-707457cb86ec,c5,DROP,684,?,x4,
1769494718.4082031,FORWARDED,96b84977-da0e-498f-8bbe-013d9b46c8ad,9dc2703c-ac5d-4156-ba8a-707457cb86ec,c5,DROP,684,?,x4,
1769494718.4242907,RECEIVED,9b817906-435b-4aa6-9177-bbc9b1b80125,271cbbde-0f4c-4c56-a1bb-eb88d0933e3f,c1,DROP,442,x7,?,
1769494718.4963331,SENT,7549ee5d-a1ce-4ab7-9f9a-9c136290235b,5e413b80-bbb1-41ee-ab05-594e870b0a87,c3,c5,1255,?,x3,
1769494718.496371,FORWARDED,7549ee5d-a1ce-4ab7-9f9a-9c136290235b,5e413b80-bbb1-41ee-ab05-594e870b0a87,c3,c5,1255,?,x3,
1769494718.503791,RECEIVED,d8623ad0-c55d-42bb-b742-2155e82807cd,e080be01-f2b2-4499-b1dd-1507dc2c524b,c1,DROP,1019,e12,?,
1769494718.545121,RECEIVED,96451108-797b-4548-afa2-50f194e69817,1d06dd28-de8d-4b8a-9c72-03e1ac38e346,c5,DROP,1021,e4,?,
1769494718.6803627,RECEIVED,3bc371ca-4476-4ada-b747-bf7d3fbe8a0e,54a2bb0b-8a76-4240-9169-79be3db7ec84,c2,DROP,1019,e12,?,
1769494718.6907864,SENT,fb08369f-bed2-44cf-a3ed-6dd90cf59053,632bb153-8c47-4a6d-a449-cd5dbc3163d1,c1,DROP,683,?,x7,
1769494718.6908302,FORWARDED,fb08369f-bed2-44cf-a3ed-6dd90cf59053,632bb153-8c47-4a6d-a449-cd5dbc3163d1,c1,DROP,683,?,x7,
1769494718.7248566,RECEIVED,1f0f6800-7953-4b5e-b3f6-b227d515c57c,cee74a51-2635-4176-bf21-05717d5fd092,c1,DROP,442,x8,?,
1769494718.7260964,RECEIVED,ebdcb1ac-d760-4bcb-b500-973c2ca72c1b,e144b8b2-5473-4ff6-9d2a-73a8367b46a3,c5,DROP,1007,e6,?,
1769494718.739321,RECEIVED,cdeb4040-ae37-42a2-ba8c-d7bf3283d531,af1f58e3-09f7-4a1d-9b3c-2eaae59a3a01,c2,DROP,1008,e9,?,
1769494718.7856486,RECEIVED,b9104e34-4c51-4c99-bd35-94a54fce1844,17893e9b-5ff6-476c-b649-135deeeac62c,c5,DROP,1007,e8,?,
1769494718.787221,RECEIVED,91394024-81af-4fb1-bb23-9447732fe750,fc96ca10-3e80-4e7b-bacf-4c12cc6d90c6,c4,DROP,1020,e4,?,
1769494718.8282692,SENT,bb53cd80-4ff0-4f8f-9b44-73f71b39c463,fa09ee9b-5987-4c60-8144-446b34f9482c,c1,DROP,692,?,x1,
1769494718.8283134,FORWARDED,bb53cd80-4ff0-4f8f-9b44-73f71b39c463,fa09ee9b-5987-4c60-8144-446b34f9482c,c1,DROP,692,?,x1,
1769494718.908169,SENT,96451108-797b-4548-afa2-50f194e69817,1d06dd28-de8d-4b8a-9c72-03e1ac38e346,c5,DROP,693,?,x10,
1769494718.9082212,FORWARDED,96451108-797b-4548-afa2-50f194e69817,1d06dd28-de8d-4b8a-9c72-03e1ac38e346,c5,DROP,693,?,x10,
1769494718.948436,SENT,cdeb4040-ae37-42a2-ba8c-d7bf3283d531,af1f58e3-09f7-4a1d-9b3c-2eaae59a3a01,c2,DROP,683,?,x7,
1769494718.9484777,FORWARDED,cdeb4040-ae37-42a2-ba8c-d7bf3283d531,af1f58e3-09f7-4a1d-9b3c-2eaae59a3a01,c2,DROP,683,?,x7,
1769494718.9760003,SENT,d8623ad0-c55d-42bb-b742-2155e82807cd,e080be01-f2b2-4499-b1dd-1507dc2c524b,c1,DROP,691,?,x1,
1769494718.9760423,FORWARDED,d8623ad0-c55d-42bb-b742-2155e82807cd,e080be01-f2b2-4499-b1dd-1507dc2c524b,c1,DROP,691,?,x1,
1769494719.0450048,RECEIVED,f8b8679e-1f4d-46f0-a977-1a71ba443eae,7befc37f-5dd8-46f2-a8cc-906dc6e74d47,c5,DROP,442,x1,?,
1769494719.173468,SENT,b9104e34-4c51-4c99-bd35-94a54fce1844,17893e9b-5ff6-476c-b649-135deeeac62c,c5,DROP,684,?,x9,
1769494719.1735086,FORWARDED,b9104e34-4c51-4c99-bd35-94a54fce1844,17893e9b-5ff6-476c-b649-135deeeac62c,c5,DROP,684,?,x9,
1769494719.2331135,SENT,91394024-81af-4fb1-bb23-9447732fe750,fc96ca10-3e80-4e7b-bacf-4c12cc6d90c6,c4,DROP,691,?,x12,
1769494719.2331536,FORWARDED,91394024-81af-4fb1-bb23-9447732fe750,fc96ca10-3e80-4e7b-bacf-4c12cc6d90c6,c4,DROP,691,?,x12,
1769494719.3931158,SENT,ebdcb1ac-d760-4bcb-b500-973c2ca72c1b,e144b8b2-5473-4ff6-9d2a-73a8367b46a3,c5,DROP,684,?,x1,
1769494719.393156,FORWARDED,ebdcb1ac-d760-4bcb-b500-973c2ca72c1b,e144b8b2-5473-4ff6-9d2a-73a8367b46a3,c5,DROP,684,?,x1,
1769494719.4018314,RECEIVED,c79bee98-bec1-4d43-aa43-1d60c011e264,49c431ed-a514-4180-8524-3d4e5619e87f,c3,DROP,1007,e2,?,
1769494719.4993339,RECEIVED,aa112ab4-a68d-4efe-9ec9-ec4069b8e74c,9e06026b-3b93-4ff0-b708-476de4efc166,c1,DROP,1007,e7,?,
1769494719.530389,RECEIVED,aa9398d8-ae2f-4b89-a0c5-3d7027dfad05,d8fb1749-fc51-416a-8f8f-65a06ebfc792,c4,DROP,1007,e9,?,
1769494719.6154084,RECEIVED,6d5e0e9d-6704-4169-ac14-5c576676a171,e15771fd-b3af-4666-9cba-a9ee7276461f,c4,DROP,1012,e1,?,
1769494719.6168754,SENT,aa112ab4-a68d-4efe-9ec9-ec4069b8e74c,9e06026b-3b93-4ff0-b708-476de4efc166,c1,DROP,684,?,x9,
1769494719.6169162,FORWARDED,aa112ab4-a68d-4efe-9ec9-ec4069b8e74c,9e06026b-3b93-4ff0-b708-476de4efc166,c1,DROP,684,?,x9,
1769494719.6988847,SENT,3bc371ca-4476-4ada-b747-bf7d3fbe8a0e,54a2bb0b-8a76-4240-9169-79be3db7ec84,c2,DROP,692,?,x8,
1769494719.6989248,FORWARDED,3bc371ca-4476-4ada-b747-bf7d3fbe8a0e,54a2bb0b-8a76-4240-9169-79be3db7ec84,c2,DROP,692,?,x8,
1769494719.7562604,RECEIVED,dba5562a-913a-431f-bd07-4134251fab20,53b201b7-04fd-4e17-af39-f488f6e36f95,c3,DROP,442,x4,?,
1769494719.7581658,RECEIVED,02b5be37-079a-4d8f-9a53-ab769863c84c,d2671d90-3d46-4bf6-a085-2f6f306d835e,c1,DROP,1009,e6,?,
1769494719.9320366,RECEIVED,b3d63c6a-df93-48f7-ae64-52fe577e7c67,0498b771-d3bc-4408-b4d0-622acc9ba3d8,c5,DROP,1009,e5,?,
1769494720.037472,SENT,6d5e0e9d-6704-4169-ac14-5c576676a171,e15771fd-b3af-4666-9cba-a9ee7276461f,c4,DROP,687,?,x5,
1769494720.0375144,FORWARDED,6d5e0e9d-6704-4169-ac14-5c576676a171,e15771fd-b3af-4666-9cba-a9ee7276461f,c4,DROP,687,?,x5,
1769494720.2660785,RECEIVED,5e84aceb-34a2-4dd0-bd11-194239bd9d54,106c845d-8d47-4138-a8f8-d8fe73ae00f2,c5,DROP,1020,e4,?,
1769494720.3526952,SENT,02b5be37-079a-4d8f-9a53-ab769863c84c,d2671d90-3d46-4bf6-a085-2f6f306d835e,c1,DROP,687,?,x9,
1769494720.3527348,FORWARDED,02b5be37-079a-4d8f-9a53-ab769863c84c,d2671d90-3d46-4bf6-a085-2f6f306d835e,c1,DROP,687,?,x9,
1769494720.3769398,SENT,b3d63c6a-df93-48f7-ae64-52fe577e7c67,0498b771-d3bc-4408-b4d0-622acc9ba3d8,c5,DROP,684,?,x12,
1769494720.3769822,FORWARDED,b3d63c6a-df93-48f7-ae64-52fe577e7c67,0498b771-d3bc-4408-b4d0-622acc9ba3d8,c5,DROP,684,?,x12,
1769494720.5542498,RECEIVED,f9629265-207e-4e29-931b-4b1452fb438f,bc4375ee-9214-49ea-8e3b-679e8d0c446e,c5,DROP,1007,e6,?,
1769494720.599012,SENT,5e84aceb-34a2-4dd0-bd11-194239bd9d54,106c845d-8d47-4138-a8f8-d8fe73ae00f2,c5,DROP,691,?,x11,
1769494720.5990932,FORWARDED,5e84aceb-34a2-4dd0-bd11-194239bd9d54,106c845d-8d47-4138-a8f8-d8fe73ae00f2,c5,DROP,691,?,x11,
1769494720.7215357,RECEIVED,1a355dec-b544-426d-904d-6d8ae60f7aeb,7f9785ed-a3cb-44f6-a289-7dc20a5a4e25,c4,DROP,441,x1,?,
1769494721.1506944,SENT,f9629265-207e-4e29-931b-4b1452fb438f,bc4375ee-9214-49ea-8e3b-679e8d0c446e,c5,DROP,683,?,x9,
1769494721.1507335,FORWARDED,f9629265-207e-4e29-931b-4b1452fb438f,bc4375ee-9214-49ea-8e3b-679e8d0c446e,c5,DROP,683,?,x9,
1769494721.2323236,RECEIVED,2d05d763-01b5-42b0-a35c-41ccc8acba12,884cd7bf-7951-497d-b0dc-f5d0bf291697,c2,DROP,1021,e2,?,
1769494721.2791033,RECEIVED,82404bed-2cc3-4c9e-91a6-f426c4b2ac5a,0cb6bde4-67be-4347-b2aa-62e2f34bda34,c2,DROP,1021,e3,?,
1769494721.2927518,SENT,c79bee98-bec1-4d43-aa43-1d60c011e264,49c431ed-a514-4180-8524-3d4e5619e87f,c3,DROP,684,?,x4,
1769494721.2927911,FORWARDED,c79bee98-bec1-4d43-aa43-1d60c011e264,49c431ed-a514-4180-8524-3d4e5619e87f,c3,DROP,684,?,x4,
1769494721.299767,SENT,82404bed-2cc3-4c9e-91a6-f426c4b2ac5a,0cb6bde4-67be-4347-b2aa-62e2f34bda34,c2,DROP,692,?,x7,
1769494721.2998087,FORWARDED,82404bed-2cc3-4c9e-91a6-f426c4b2ac5a,0cb6bde4-67be-4347-b2aa-62e2f34bda34,c2,DROP,692,?,x7,
1769494721.314626,RECEIVED,9179e7c9-d58b-487c-ad08-41aede4e94f4,1baa9c70-56d5-44a9-a0a4-b90318f19490,c1,DROP,446,x10,?,
1769494721.3558912,SENT,2d05d763-01b5-42b0-a35c-41ccc8acba12,884cd7bf-7951-497d-b0dc-f5d0bf291697,c2,DROP,692,?,x12,
1769494721.3559353,FORWARDED,2d05d763-01b5-42b0-a35c-41ccc8acba12,884cd7bf-7951-497d-b0dc-f5d0bf291697,c2,DROP,692,?,x12,
1769494721.3964832,SENT,aa9398d8-ae2f-4b89-a0c5-3d7027dfad05,d8fb1749-fc51-416a-8f8f-65a06ebfc792,c4,DROP,684,?,x6,
1769494721.3965225,FORWARDED,aa9398d8-ae2f-4b89-a0c5-3d7027dfad05,d8fb1749-fc51-416a-8f8f-65a06ebfc792,c4,DROP,684,?,x6,
1769494721.4253767,RECEIVED,c1c1b496-560f-4bac-bd44-7bb30d907048,76fc982b-0f5a-4f87-a1d4-13528e559104,c2,DROP,1015,e6,?,
1769494721.5601428,RECEIVED,ed9d0eab-8624-4f62-bc7f-bef78868f85d,973cd576-2077-4900-96e0-2dab78fb537b,c2,DROP,1017,e12,?,
1769494721.6052797,RECEIVED,331e6aae-cc44-4434-8794-48e63216cc6f,3b4c7ea7-1f49-4348-be4a-8b574161ec2f,c3,DROP,1020,e4,?,
1769494721.7799358,RECEIVED,28ef9806-a465-4f9f-a944-fe4ee69a4604,a8fc9a87-b94c-46de-b439-89e6b6602131,c2,DROP,1014,e4,?,
1769494721.873251,SENT,28ef9806-a465-4f9f-a944-fe4ee69a4604,a8fc9a87-b94c-46de-b439-89e6b6602131,c2,DROP,687,?,x2,
1769494721.8732927,FORWARDED,28ef9806-a465-4f9f-a944-fe4ee69a4604,a8fc9a87-b94c-46de-b439-89e6b6602131,c2,DROP,687,?,x2,
1769494721.906268,RECEIVED,75f47433-173f-48ba-9573-1760583956ef,87afb75d-dad1-416d-bcbe-df91d1a6841b,c3,DROP,1007,e3,?,
1769494721.9724815,RECEIVED,5c3d1c28-6abc-427d-826a-8f04f35230cd,5843208c-f9c8-4fc7-9a52-e178769c894f,c4,DROP,1008,e7,?,
1769494722.0410955,SENT,5c3d1c28-6abc-427d-826a-8f04f35230cd,5843208c-f9c8-4fc7-9a52-e178769c894f,c4,DROP,682,?,x6,
1769494722.0411384,FORWARDED,5c3d1c28-6abc-427d-826a-8f04f35230cd,5843208c-f9c8-4fc7-9a52-e178769c894f,c4,DROP,682,?,x6,
1769494722.064669,RECEIVED,ae3f972d-67f9-47d2-bb70-d02952b435c4,84a9e997-c868-4d66-96dc-b970d6c878e3,c4,DROP,1021,e1,?,
1769494722.1324697,SENT,c1c1b496-560f-4bac-bd44-7bb30d907048,76fc982b-0f5a-4f87-a1d4-13528e559104,c2,DROP,689,?,x3,
1769494722.1325042,FORWARDED,c1c1b496-560f-4bac-bd44-7bb30d907048,76fc982b-0f5a-4f87-a1d4-13528e559104,c2,DROP,689,?,x3,
1769494722.2574267,SENT,ae3f972d-67f9-47d2-bb70-d02952b435c4,84a9e997-c868-4d66-96dc-b970d6c878e3,c4,DROP,691,?,x10,
1769494722.2574663,FORWARDED,ae3f972d-67f9-47d2-bb70-d02952b435c4,84a9e997-c868-4d66-96dc-b970d6c878e3,c4,DROP,691,?,x10,
1769494722.42151,SENT,331e6aae-cc44-4434-8794-48e63216cc6f,3b4c7ea7-1f49-4348-be4a-8b574161ec2f,c3,DROP,693,?,x10,
1769494722.4215527,FORWARDED,331e6aae-cc44-4434-8794-48e63216cc6f,3b4c7ea7-1f49-4348-be4a-8b574161ec2f,c3,DROP,693,?,x10,
1769494722.4391572,SENT,ed9d0eab-8624-4f62-bc7f-bef78868f85d,973cd576-2077-4900-96e0-2dab78fb537b,c2,DROP,691,?,x5,
1769494722.4391992,FORWARDED,ed9d0eab-8624-4f62-bc7f-bef78868f85d,973cd576-2077-4900-96e0-2dab78fb537b,c2,DROP,691,?,x5,
1769494722.6556246,SENT,75f47433-173f-48ba-9573-1760583956ef,87afb75d-dad1-416d-bcbe-df91d1a6841b,c3,DROP,684,?,x6,
1769494722.655666,FORWARDED,75f47433-173f-48ba-9573-1760583956ef,87afb75d-dad1-416d-bcbe-df91d1a6841b,c3,DROP,684,?,x6,
1769494722.741112,RECEIVED,aa9a5a95-caaf-4d19-b6d5-c0096ff28bc8,74cc3853-7744-4092-9bd8-3ca8336a537b,c5,DROP,1012,e8,?,
1769494722.9301214,SENT,aa9a5a95-caaf-4d19-b6d5-c0096ff28bc8,74cc3853-7744-4092-9bd8-3ca8336a537b,c5,DROP,685,?,x5,
1769494722.9301627,FORWARDED,aa9a5a95-caaf-4d19-b6d5-c0096ff28bc8,74cc3853-7744-4092-9bd8-3ca8336a537b,c5,DROP,685,?,x5,
1769494723.3236034,RECEIVED,767d941e-1a40-4434-8fe5-946a44c8cddf,ea3895d7-6054-4a23-b0ce-3d84adb4d22f,c4,c5,1775,e9,?,
1769494723.3894699,RECEIVED,00bf9fbf-96e8-4657-9f0d-5d143cd59aef,9ead5ef0-8529-435e-b530-f82b410662c8,c4,DROP,445,x2,?,
1769494723.5499916,SENT,767d941e-1a40-4434-8fe5-946a44c8cddf,ea3895d7-6054-4a23-b0ce-3d84adb4d22f,c4,c5,1260,?,x8,
1769494723.5500407,FORWARDED,767d941e-1a40-4434-8fe5-946a44c8cddf,ea3895d7-6054-4a23-b0ce-3d84adb4d22f,c4,c5,1260,?,x8,
1769494723.5644605,RECEIVED,5da16d89-af79-4991-9c75-0e5e6ab05105,3733d2ef-cc35-44cb-bd1a-bd0148e82a4f,c5,DROP,441,x4,?,
1769494724.0193574,RECEIVED,0d47ac64-fc43-4394-8e3c-5e0744bf6bbe,a421b70e-8704-495b-994d-47f32843fe70,c4,DROP,446,x10,?,
1769494724.4225154,RECEIVED,02adf323-0f23-4449-98e6-4208cbf37d3d,e8393ea8-3597-47de-b97b-ee2cb0058f07,c4,DROP,441,x1,?,
1769494724.486887,RECEIVED,17237464-1f0e-4542-a5f1-4d4e0539cdb6,98a8fa11-d09c-45a8-b3de-b848ef362e00,c1,DROP,441,x7,?,
1769494724.6684654,RECEIVED,c012fc7d-c526-4bb2-a8d5-906d046817cd,fce957b5-5d68-41ad-8f5f-e04527403fa3,c2,DROP,1007,e10,?,
1769494724.74052,RECEIVED,e17135aa-bed9-41c9-9101-5d1da602fc5d,f3150ae0-c136-4780-9109-b2a90b6d1cc9,c2,c3,1771,e6,?,
1769494724.768358,RECEIVED,8a297471-9cb7-4243-9fea-d12f64805501,4b5c20d0-3fe4-489d-a467-07e7a5fdd635,c3,c5,1770,e10,?,
1769494724.7876234,RECEIVED,68075580-f406-4b08-b709-69c16c64642a,2c1fc134-8769-4e9f-88ee-9ca567d729d9,c3,DROP,1011,e2,?,
1769494724.9338224,RECEIVED,ec3e92bf-c859-4c6a-a2cc-ed220a9214e0,fcddd838-da2e-4336-a66e-13ecc4f7cb75,c4,DROP,1019,e3,?,
1769494725.1430628,SENT,68075580-f406-4b08-b709-69c16c64642a,2c1fc134-8769-4e9f-88ee-9ca567d729d9,c3,DROP,687,?,x6,
1769494725.1431055,FORWARDED,68075580-f406-4b08-b709-69c16c64642a,2c1fc134-8769-4e9f-88ee-9ca567d729d9,c3,DROP,687,?,x6,
1769494725.1635332,SENT,c012fc7d-c526-4bb2-a8d5-906d046817cd,fce957b5-5d68-41ad-8f5f-e04527403fa3,c2,DROP,683,?,x2,
1769494725.1635728,FORWARDED,c012fc7d-c526-4bb2-a8d5-906d046817cd,fce957b5-5d68-41ad-8f5f-e04527403fa3,c2,DROP,683,?,x2,
1769494725.4580853,SENT,e17135aa-bed9-41c9-9101-5d1da602fc5d,f3150ae0-c136-4780-9109-b2a90b6d1cc9,c2,c3,1255,?,x2,
1769494725.4581308,FORWARDED,e17135aa-bed9-41c9-9101-5d1da602fc5d,f3150ae0-c136-4780-9109-b2a90b6d1cc9,c2,c3,1255,?,x2,
1769494725.5817463,RECEIVED,4917e6ef-b048-458f-854a-777645fd2202,dba622ec-2c4c-4aff-836d-fbc156b329b2,c5,DROP,1019,e8,?,
1769494725.6370676,RECEIVED,c7a2d580-6018-45d8-add1-a7e26f2873df,e12dcb2b-0750-43d9-96b2-fc77dd625683,c5,DROP,1018,e3,?,
1769494725.6889803,SENT,4917e6ef-b048-458f-854a-777645fd2202,dba622ec-2c4c-4aff-836d-fbc156b329b2,c5,DROP,693,?,x11,
1769494725.6890223,FORWARDED,4917e6ef-b048-458f-854a-777645fd2202,dba622ec-2c4c-4aff-836d-fbc156b329b2,c5,DROP,693,?,x11,
1769494725.8377314,RECEIVED,be4be65e-dfca-45fe-8386-5a0deba91260,428dbd31-7d50-4de2-82c4-2242a0aa17ec,c5,c2,1778,e1,?,
1769494725.8747828,SENT,8a297471-9cb7-4243-9fea-d12f64805501,4b5c20d0-3fe4-489d-a467-07e7a5fdd635,c3,c5,1256,?,x3,
1769494725.8748255,FORWARDED,8a297471-9cb7-4243-9fea-d12f64805501,4b5c20d0-3fe4-489d-a467-07e7a5fdd635,c3,c5,1256,?,x3,
1769494725.8800719,SENT,be4be65e-dfca-45fe-8386-5a0deba91260,428dbd31-7d50-4de2-82c4-2242a0aa17ec,c5,c2,1259,?,x10,
1769494725.8801117,FORWARDED,be4be65e-dfca-45fe-8386-5a0deba91260,428dbd31-7d50-4de2-82c4-2242a0aa17ec,c5,c2,1259,?,x10,
1769494726.007518,RECEIVED,915617ee-65e9-46a0-96bb-d0cf6e01eab3,6995abe6-3026-4203-9946-e29ce58192cd,c3,DROP,447,x7,?,
1769494726.0355184,SENT,ec3e92bf-c859-4c6a-a2cc-ed220a9214e0,fcddd838-da2e-4336-a66e-13ecc4f7cb75,c4,DROP,692,?,x4,
1769494726.0355551,FORWARDED,ec3e92bf-c859-4c6a-a2cc-ed220a9214e0,fcddd838-da2e-4336-a66e-13ecc4f7cb75,c4,DROP,692,?,x4,
1769494726.043316,RECEIVED,ca208710-8801-4f73-8688-b5ba0c96f009,550283cf-2504-4e63-ac06-a4f111350668,c1,DROP,1008,e6,?,
1769494726.0444264,RECEIVED,2c7413f7-d4ab-48b7-898e-11669497f04f,219e2755-8fae-4a68-a098-c381cb5ae108,c2,c3,1776,e10,?,
1769494726.11009,RECEIVED,b429721c-a505-4b2b-b043-dfda0c3acc3b,d424efd2-6ab6-4aa9-a9af-981c3a411b6b,c5,c2,1771,e1,?,
1769494726.1154075,RECEIVED,6db6cd2d-4d08-48bd-adca-a3ad1f9f98fb,b60a2529-0abf-4dae-8bee-0b1db7846aa0,c4,DROP,1010,e3,?,
1769494726.1606941,SENT,6db6cd2d-4d08-48bd-adca-a3ad1f9f98fb,b60a2529-0abf-4dae-8bee-0b1db7846aa0,c4,DROP,683,?,x1,
1769494726.160731,FORWARDED,6db6cd2d-4d08-48bd-adca-a3ad1f9f98fb,b60a2529-0abf-4dae-8bee-0b1db7846aa0,c4,DROP,683,?,x1,
1769494726.1651316,SENT,c7a2d580-6018-45d8-add1-a7e26f2873df,e12dcb2b-0750-43d9-96b2-fc77dd625683,c5,DROP,692,?,x3,
1769494726.1651719,FORWARDED,c7a2d580-6018-45d8-add1-a7e26f2873df,e12dcb2b-0750-43d9-96b2-fc77dd625683,c5,DROP,692,?,x3,
1769494726.1998386,RECEIVED,015e01c0-0901-45d4-aa2a-925afb4c36dc,53b95a13-d220-4a11-9fe1-66ccb2733b1f,c2,c3,1771,e6,?,
1769494726.2038596,RECEIVED,17d1d239-bda4-4194-a75b-1f4b3aa7e093,25967480-0e8b-4db5-9a9e-3888ce064ef0,c2,DROP,441,x1,?,
1769494726.3002875,RECEIVED,6a8c8cef-588b-4f3a-9669-94dc3b181516,0ff0eb7f-e597-4f9d-a9fc-d76d55023377,c1,DROP,1020,e12,?,
1769494726.3735435,SENT,b429721c-a505-4b2b-b043-dfda0c3acc3b,d424efd2-6ab6-4aa9-a9af-981c3a411b6b,c5,c2,1255,?,x5,
1769494726.3735867,FORWARDED,b429721c-a505-4b2b-b043-dfda0c3acc3b,d424efd2-6ab6-4aa9-a9af-981c3a411b6b,c5,c2,1255,?,x5,
1769494726.39056,SENT,2c7413f7-d4ab-48b7-898e-11669497f04f,219e2755-8fae-4a68-a098-c381cb5ae108,c2,c3,1260,?,x2,
1769494726.3906026,FORWARDED,2c7413f7-d4ab-48b7-898e-11669497f04f,219e2755-8fae-4a68-a098-c381cb5ae108,c2,c3,1260,?,x2,
1769494726.4175248,RECEIVED,ccd6f683-b164-4f54-8ad4-73cfd93b1a2a,74a72fd1-7945-45c5-9a3b-2e0cb0a8c7e5,c3,DROP,1020,e10,?,
1769494726.5301452,SENT,015e01c0-0901-45d4-aa2a-925afb4c36dc,53b95a13-d220-4a11-9fe1-66ccb2733b1f,c2,c3,1255,?,x2,
1769494726.5301857,FORWARDED,015e01c0-0901-45d4-aa2a-925afb4c36dc,53b95a13-d220-4a11-9fe1-66ccb2733b1f,c2,c3,1255,?,x2,
1769494726.7655294,SENT,ca208710-8801-4f73-8688-b5ba0c96f009,550283cf-2504-4e63-ac06-a4f111350668,c1,DROP,684,?,x12,
1769494726.765572,FORWARDED,ca208710-8801-4f73-8688-b5ba0c96f009,550283cf-2504-4e63-ac06-a4f111350668,c1,DROP,684,?,x12,
1769494726.796162,SENT,ccd6f683-b164-4f54-8ad4-73cfd93b1a2a,74a72fd1-7945-45c5-9a3b-2e0cb0a8c7e5,c3,DROP,692,?,x12,
1769494726.7962015,FORWARDED,ccd6f683-b164-4f54-8ad4-73cfd93b1a2a,74a72fd1-7945-45c5-9a3b-2e0cb0a8c7e5,c3,DROP,692,?,x12,
1769494726.8784866,RECEIVED,04a5e4c2-15e2-4d83-b4e4-9d3ddb8460ab,89f29c0f-e6c7-4ca0-9a5a-7efd550dda96,c2,c3,1761,e4,?,
1769494726.878863,RECEIVED,996df017-fef0-4302-b2e7-be73daf1a6c7,d44a5bd6-3999-4ae0-a72b-cfc0ba410d1d,c1,c5,1775,e11,?,
1769494726.906825,RECEIVED,fd621d7d-fe40-403c-aac2-429eab69591c,20083b5a-589b-461c-8c9c-1c5501f338be,c4,DROP,1007,e5,?,
1769494726.9554327,RECEIVED,97b98855-b403-4192-b4e5-f39163ca5c4e,bb09407f-2ff4-4277-a54c-1c20a07cfbc0,c3,DROP,1007,e5,?,
1769494727.0982518,SENT,04a5e4c2-15e2-4d83-b4e4-9d3ddb8460ab,89f29c0f-e6c7-4ca0-9a5a-7efd550dda96,c2,c3,1251,?,x8,
1769494727.0982952,FORWARDED,04a5e4c2-15e2-4d83-b4e4-9d3ddb8460ab,89f29c0f-e6c7-4ca0-9a5a-7efd550dda96,c2,c3,1251,?,x8,
1769494727.1440551,RECEIVED,d3cdc032-55a4-42a1-b286-7c937fa1e26b,faa11978-6166-4d1c-b8e7-f69ea4db34ce,c5,DROP,445,x5,?,
1769494727.1706183,SENT,fd621d7d-fe40-403c-aac2-429eab69591c,20083b5a-589b-461c-8c9c-1c5501f338be,c4,DROP,683,?,x9,
1769494727.170653,FORWARDED,fd621d7d-fe40-403c-aac2-429eab69591c,20083b5a-589b-461c-8c9c-1c5501f338be,c4,DROP,683,?,x9,
1769494727.3051648,SENT,97b98855-b403-4192-b4e5-f39163ca5c4e,bb09407f-2ff4-4277-a54c-1c20a07cfbc0,c3,DROP,683,?,x7,
1769494727.3052058,FORWARDED,97b98855-b403-4192-b4e5-f39163ca5c4e,bb09407f-2ff4-4277-a54c-1c20a07cfbc0,c3,DROP,683,?,x7,
1769494727.4086895,SENT,996df017-fef0-4302-b2e7-be73daf1a6c7,d44a5bd6-3999-4ae0-a72b-cfc0ba410d1d,c1,c5,1260,?,x2,
1769494727.4087281,FORWARDED,996df017-fef0-4302-b2e7-be73daf1a6c7,d44a5bd6-3999-4ae0-a72b-cfc0ba410d1d,c1,c5,1260,?,x2,
1769494727.4541583,RECEIVED,e2623382-f9af-47f1-815e-66f1a22fb381,d14a945e-73ff-4ea2-9a64-bab2c757f8ef,c3,DROP,1007,e4,?,
1769494727.557529,RECEIVED,b24849d2-10e2-43ae-a6c1-73485a07f0de,cefadbc5-5d87-4b39-8da3-d214ac958180,c3,DROP,1020,e11,?,
1769494727.833312,RECEIVED,fc5dc07b-5bd4-43f7-8f0f-01354ebd1479,afbfba11-73da-4046-aeea-ab0e93510d6a,c1,c5,1784,e4,?,
1769494727.9172926,RECEIVED,7eb75816-4991-4922-8d43-8097f97bb07c,9cd6127d-44a4-4a0b-b4a6-41bb639a9218,c2,DROP,445,x6,?,
1769494727.9198303,RECEIVED,c8012dff-9818-4156-b12d-88b8ee6501fa,017ccd48-602d-481a-83f1-616bc8f4357d,c5,DROP,1019,e10,?,
1769494727.9502223,RECEIVED,929284ed-6156-464e-8201-8c6b6e84f76b,fa78ae90-3d67-4cfe-8950-3f930b4865bc,c4,DROP,445,x7,?,
1769494728.0462725,SENT,b24849d2-10e2-43ae-a6c1-73485a07f0de,cefadbc5-5d87-4b39-8da3-d214ac958180,c3,DROP,692,?,x3,
1769494728.0463111,FORWARDED,b24849d2-10e2-43ae-a6c1-73485a07f0de,cefadbc5-5d87-4b39-8da3-d214ac958180,c3,DROP,692,?,x3,
1769494728.2295792,SENT,e2623382-f9af-47f1-815e-66f1a22fb381,d14a945e-73ff-4ea2-9a64-bab2c757f8ef,c3,DROP,684,?,x5,
1769494728.22962,FORWARDED,e2623382-f9af-47f1-815e-66f1a22fb381,d14a945e-73ff-4ea2-9a64-bab2c757f8ef,c3,DROP,684,?,x5,
1769494728.3129637,RECEIVED,ae07fab0-73d1-4f71-913f-60b424777738,4f65b3b9-31f9-4267-a938-cc71ec02d058,c4,DROP,1020,e10,?,
1769494728.4049726,RECEIVED,fe79ef7f-7c81-4923-be5f-42220746943f,f1cacdde-c6ee-4519-9ee5-234572277dd8,c4,c5,1775,e10,?,
1769494728.4090643,RECEIVED,ad82ab2a-d90a-4c03-a842-4dad39b67cbb,6861693b-7212-4da3-b4da-fbb3e91cee84,c3,DROP,441,x1,?,
1769494728.4909868,RECEIVED,96c053ad-440b-4f80-8d42-c87877ffb7ec,46dba857-9ca3-42db-be52-709db82f9d59,c1,DROP,1011,e8,?,
1769494728.5576499,SENT,ae07fab0-73d1-4f71-913f-60b424777738,4f65b3b9-31f9-4267-a938-cc71ec02d058,c4,DROP,691,?,x4,
1769494728.5576916,FORWARDED,ae07fab0-73d1-4f71-913f-60b424777738,4f65b3b9-31f9-4267-a938-cc71ec02d058,c4,DROP,691,?,x4,
1769494728.6727324,RECEIVED,9341fe3c-e104-4140-bf6f-a434dda5856b,62b6475d-968d-402f-ac56-7b3f721085ce,c3,c5,1780,e5,?,
1769494728.695026,SENT,fc5dc07b-5bd4-43f7-8f0f-01354ebd1479,afbfba11-73da-4046-aeea-ab0e93510d6a,c1,c5,1264,?,x10,
1769494728.695115,FORWARDED,fc5dc07b-5bd4-43f7-8f0f-01354ebd1479,afbfba11-73da-4046-aeea-ab0e93510d6a,c1,c5,1264,?,x10,
1769494728.6973197,SENT,c8012dff-9818-4156-b12d-88b8ee6501fa,017ccd48-602d-481a-83f1-616bc8f4357d,c5,DROP,691,?,x6,
1769494728.6973586,FORWARDED,c8012dff-9818-4156-b12d-88b8ee6501fa,017ccd48-602d-481a-83f1-616bc8f4357d,c5,DROP,691,?,x6,
1769494728.8131971,RECEIVED,3960803b-a9ad-4d38-b72f-f5808d573cb9,d9ac99ec-6d95-43bb-b7c0-3589b7cbf6c0,c5,DROP,1008,e12,?,
1769494728.8545206,RECEIVED,388c820f-4789-48d5-8c02-fbcdde77f434,748890b3-d8ae-4320-9b74-ca15dae25390,c3,DROP,1015,e9,?,
1769494728.9522703,SENT,3960803b-a9ad-4d38-b72f-f5808d573cb9,d9ac99ec-6d95-43bb-b7c0-3589b7cbf6c0,c5,DROP,683,?,x8,
1769494728.9523108,FORWARDED,3960803b-a9ad-4d38-b72f-f5808d573cb9,d9ac99ec-6d95-43bb-b7c0-3589b7cbf6c0,c5,DROP,683,?,x8,
1769494729.00513,SENT,fe79ef7f-7c81-4923-be5f-42220746943f,f1cacdde-c6ee-4519-9ee5-234572277dd8,c4,c5,1260,?,x2,
1769494729.005171,FORWARDED,fe79ef7f-7c81-4923-be5f-42220746943f,f1cacdde-c6ee-4519-9ee5-234572277dd8,c4,c5,1260,?,x2,
1769494729.1641874,SENT,6a8c8cef-588b-4f3a-9669-94dc3b181516,0ff0eb7f-e597-4f9d-a9fc-d76d55023377,c1,DROP,693,?,x11,
1769494729.1642296,FORWARDED,6a8c8cef-588b-4f3a-9669-94dc3b181516,0ff0eb7f-e597-4f9d-a9fc-d76d55023377,c1,DROP,693,?,x11,
1769494729.3018205,RECEIVED,53b28050-7644-45b2-b176-67857d8c8e8b,8c1e53d7-61f7-430a-ae80-0a88213c1d39,c5,DROP,1017,e12,?,
1769494729.339183,RECEIVED,8256cecb-bf39-481b-809a-e329df1a0ffe,fbfa3fa6-7d33-4496-bf63-6b0fa6464c6e,c3,c5,1780,e1,?,
1769494729.3764744,SENT,9341fe3c-e104-4140-bf6f-a434dda5856b,62b6475d-968d-402f-ac56-7b3f721085ce,c3,c5,1263,?,x12,
1769494729.3765163,FORWARDED,9341fe3c-e104-4140-bf6f-a434dda5856b,62b6475d-968d-402f-ac56-7b3f721085ce,c3,c5,1263,?,x12,
1769494729.390955,SENT,53b28050-7644-45b2-b176-67857d8c8e8b,8c1e53d7-61f7-430a-ae80-0a88213c1d39,c5,DROP,689,?,x10,
1769494729.3909945,FORWARDED,53b28050-7644-45b2-b176-67857d8c8e8b,8c1e53d7-61f7-430a-ae80-0a88213c1d39,c5,DROP,689,?,x10,
1769494729.6815355,RECEIVED,1aa5931f-d190-4f43-bddc-71e84e6ecb7d,386dae81-8804-49fb-b164-43231554a3cd,c5,c2,1787,e4,?,
1769494729.688484,RECEIVED,07c04140-cc6b-4f6d-9437-7f7e449c77a6,80d47fc8-2f17-4b0b-93a0-711c348a306e,c5,DROP,1007,e8,?,
1769494729.8540277,SENT,96c053ad-440b-4f80-8d42-c87877ffb7ec,46dba857-9ca3-42db-be52-709db82f9d59,c1,DROP,686,?,x6,
1769494729.8540795,FORWARDED,96c053ad-440b-4f80-8d42-c87877ffb7ec,46dba857-9ca3-42db-be52-709db82f9d59,c1,DROP,686,?,x6,
1769494729.9102597,SENT,8256cecb-bf39-481b-809a-e329df1a0ffe,fbfa3fa6-7d33-4496-bf63-6b0fa6464c6e,c3,c5,1263,?,x12,
1769494729.9102993,FORWARDED,8256cecb-bf39-481b-809a-e329df1a0ffe,fbfa3fa6-7d33-4496-bf63-6b0fa6464c6e,c3,c5,1263,?,x12,
1769494730.2782497,SENT,388c820f-4789-48d5-8c02-fbcdde77f434,748890b3-d8ae-4320-9b74-ca15dae25390,c3,DROP,688,?,x2,
1769494730.2782936,FORWARDED,388c820f-4789-48d5-8c02-fbcdde77f434,748890b3-d8ae-4320-9b74-ca15dae25390,c3,DROP,688,?,x2,
1769494730.3738391,RECEIVED,d3cae46a-f477-475b-a424-64f3bdba538c,d1647b73-bbcf-477e-aca0-39d0f70aabbd,c3,DROP,1016,e6,?,
1769494730.547237,SENT,d3cae46a-f477-475b-a424-64f3bdba538c,d1647b73-bbcf-477e-aca0-39d0f70aabbd,c3,DROP,689,?,x1,
1769494730.547279,FORWARDED,d3cae46a-f477-475b-a424-64f3bdba538c,d1647b73-bbcf-477e-aca0-39d0f70aabbd,c3,DROP,689,?,x1,
1769494730.6494195,SENT,07c04140-cc6b-4f6d-9437-7f7e449c77a6,80d47fc8-2f17-4b0b-93a0-711c348a306e,c5,DROP,683,?,x3,
1769494730.6494608,FORWARDED,07c04140-cc6b-4f6d-9437-7f7e449c77a6,80d47fc8-2f17-4b0b-93a0-711c348a306e,c5,DROP,683,?,x3,
1769494730.7922442,SENT,1aa5931f-d190-4f43-bddc-71e84e6ecb7d,386dae81-8804-49fb-b164-43231554a3cd,c5,c2,1268,?,x2,
1769494730.7922854,FORWARDED,1aa5931f-d190-4f43-bddc-71e84e6ecb7d,386dae81-8804-49fb-b164-43231554a3cd,c5,c2,1268,?,x2,
1769494730.9185696,RECEIVED,c5668779-dfbf-480c-a9e7-56f8fbd111f7,73bd4d8e-f411-4c8a-b528-1fdf2f9dae7a,c5,DROP,1020,e7,?,
1769494731.0327606,RECEIVED,27ceb77d-bed0-42e9-ae3e-c0536e8ee4bd,ca8adba1-1733-4f06-898d-05ab7aa4fd58,c1,c5,1782,e2,?,
1769494731.0736063,SENT,27ceb77d-bed0-42e9-ae3e-c0536e8ee4bd,ca8adba1-1733-4f06-898d-05ab7aa4fd58,c1,c5,1263,?,x10,
1769494731.073648,FORWARDED,27ceb77d-bed0-42e9-ae3e-c0536e8ee4bd,ca8adba1-1733-4f06-898d-05ab7aa4fd58,c1,c5,1263,?,x10,
1769494731.1291032,RECEIVED,4c337057-f61f-49ed-98a6-55df0c864b41,48addffa-f41b-41a2-83c6-a21b1c782c67,c2,DROP,444,x4,?,
1769494731.2565603,RECEIVED,4a361a38-6cd3-42cb-9391-c6a4e27a696f,86b72882-521d-40bc-9ef3-aea2c2ab1919,c3,DROP,1007,e2,?,
1769494731.2765357,RECEIVED,77252b45-ba6b-4644-b7c9-f4fdfb61aa37,dd32879c-6f4a-4683-be23-5295e227bf40,c4,DROP,1011,e5,?,
1769494731.4266913,SENT,c5668779-dfbf-480c-a9e7-56f8fbd111f7,73bd4d8e-f411-4c8a-b528-1fdf2f9dae7a,c5,DROP,691,?,x11,
1769494731.4267359,FORWARDED,c5668779-dfbf-480c-a9e7-56f8fbd111f7,73bd4d8e-f411-4c8a-b528-1fdf2f9dae7a,c5,DROP,691,?,x11,
1769494731.542137,RECEIVED,7c6171b4-942d-4dec-8911-37d3794b696e,672b3691-2284-4a06-90f7-eb1ddb6ebf56,c1,DROP,1012,e4,?,
1769494731.5554326,RECEIVED,d8d5863a-c615-4c14-af52-9fe731576715,6732b4f5-0fde-404b-926e-ae22cffdb0ac,c1,DROP,1010,e2,?,
1769494731.6311016,SENT,7c6171b4-942d-4dec-8911-37d3794b696e,672b3691-2284-4a06-90f7-eb1ddb6ebf56,c1,DROP,685,?,x1,
1769494731.631146,FORWARDED,7c6171b4-942d-4dec-8911-37d3794b696e,672b3691-2284-4a06-90f7-eb1ddb6ebf56,c1,DROP,685,?,x1,
1769494731.6924603,RECEIVED,2f134e97-7edf-47b7-a6ad-040ca3328571,b394bcfe-ed81-41a9-9fc6-c9a6a2acba6a,c3,DROP,442,x3,?,
1769494731.7217216,RECEIVED,00d25421-b266-4b54-8817-762e102149a6,5a4b77a9-a224-490d-b79a-9c88f955dad0,c4,DROP,1019,e11,?,
1769494731.8796804,SENT,4a361a38-6cd3-42cb-9391-c6a4e27a696f,86b72882-521d-40bc-9ef3-aea2c2ab1919,c3,DROP,683,?,x9,
1769494731.8797204,FORWARDED,4a361a38-6cd3-42cb-9391-c6a4e27a696f,86b72882-521d-40bc-9ef3-aea2c2ab1919,c3,DROP,683,?,x9,
1769494731.8825767,SENT,77252b45-ba6b-4644-b7c9-f4fdfb61aa37,dd32879c-6f4a-4683-be23-5295e227bf40,c4,DROP,687,?,x2,
1769494731.8826156,FORWARDED,77252b45-ba6b-4644-b7c9-f4fdfb61aa37,dd32879c-6f4a-4683-be23-5295e227bf40,c4,DROP,687,?,x2,
1769494731.9614558,RECEIVED,11167427-acf6-48e5-ac36-f507bc5b12fc,0fc2bf88-9ffb-4e76-8353-690ce2354677,c1,DROP,1016,e7,?,
1769494732.014592,RECEIVED,0e9d6e74-8b8e-4396-8836-6041b0c7738c,2266542a-7e9c-435a-9bcf-5f5efc94ac1a,c2,c3,1781,e8,?,
1769494732.0262043,SENT,11167427-acf6-48e5-ac36-f507bc5b12fc,0fc2bf88-9ffb-4e76-8353-690ce2354677,c1,DROP,689,?,x9,
1769494732.0262473,FORWARDED,11167427-acf6-48e5-ac36-f507bc5b12fc,0fc2bf88-9ffb-4e76-8353-690ce2354677,c1,DROP,689,?,x9,
1769494732.042789,SENT,00d25421-b266-4b54-8817-762e102149a6,5a4b77a9-a224-490d-b79a-9c88f955dad0,c4,DROP,691,?,x3,
1769494732.042832,FORWARDED,00d25421-b266-4b54-8817-762e102149a6,5a4b77a9-a224-490d-b79a-9c88f955dad0,c4,DROP,691,?,x3,
1769494732.165317,RECEIVED,e9bb777b-2618-41e4-902d-854925b3f273,dbf10b02-1f93-4dd7-a169-fb70cc39ac9c,c1,DROP,441,x4,?,
1769494732.198978,SENT,d8d5863a-c615-4c14-af52-9fe731576715,6732b4f5-0fde-404b-926e-ae22cffdb0ac,c1,DROP,687,?,x2,
1769494732.199019,FORWARDED,d8d5863a-c615-4c14-af52-9fe731576715,6732b4f5-0fde-404b-926e-ae22cffdb0ac,c1,DROP,687,?,x2,
1769494732.2563827,RECEIVED,041eabd5-8464-4a29-8c4d-7de44ece15a4,dcb5d1a9-15dc-43f5-b364-1b635c817f35,c3,DROP,1019,e10,?,
1769494732.3703012,SENT,0e9d6e74-8b8e-4396-8836-6041b0c7738c,2266542a-7e9c-435a-9bcf-5f5efc94ac1a,c2,c3,1263,?,x10,
1769494732.3703423,FORWARDED,0e9d6e74-8b8e-4396-8836-6041b0c7738c,2266542a-7e9c-435a-9bcf-5f5efc94ac1a,c2,c3,1263,?,x10,
1769494732.3786168,RECEIVED,d67556b4-262e-4d84-9bce-c178736fe8cd,bd6c0716-9d5e-4291-b9ba-219c5afddbcb,c5,DROP,1020,e6,?,
1769494732.4394364,RECEIVED,c55ed1a1-6fbf-4938-96e4-9ced4261ed69,794f0584-df4c-41b7-979e-61720f4932dc,c2,DROP,1020,e3,?,
1769494732.4782183,SENT,041eabd5-8464-4a29-8c4d-7de44ece15a4,dcb5d1a9-15dc-43f5-b364-1b635c817f35,c3,DROP,691,?,x6,
1769494732.4782596,FORWARDED,041eabd5-8464-4a29-8c4d-7de44ece15a4,dcb5d1a9-15dc-43f5-b364-1b635c817f35,c3,DROP,691,?,x6,
1769494732.5257213,RECEIVED,ed645d9f-393b-4672-abd2-95874bbd60fd,03f7515f-25d8-4cff-8e6e-9f2df6373f71,c2,c3,1779,e4,?,
1769494732.5577972,SENT,c55ed1a1-6fbf-4938-96e4-9ced4261ed69,794f0584-df4c-41b7-979e-61720f4932dc,c2,DROP,692,?,x1,
1769494732.5578396,FORWARDED,c55ed1a1-6fbf-4938-96e4-9ced4261ed69,794f0584-df4c-41b7-979e-61720f4932dc,c2,DROP,692,?,x1,
1769494732.6122336,SENT,d67556b4-262e-4d84-9bce-c178736fe8cd,bd6c0716-9d5e-4291-b9ba-219c5afddbcb,c5,DROP,691,?,x10,
1769494732.6122751,FORWARDED,d67556b4-262e-4d84-9bce-c178736fe8cd,bd6c0716-9d5e-4291-b9ba-219c5afddbcb,c5,DROP,691,?,x10,
1769494732.6239395,RECEIVED,25ec6060-d4f4-4475-a99a-8e605ccbcc6e,32e7d2fb-d9ae-46f7-997f-d368855324b6,c3,DROP,444,x12,?,
1769494732.6743388,RECEIVED,80047fa8-d72e-4256-a4f5-3b7ba43b6aae,3ed44e83-1e5f-4260-bc0e-5df7697bfa63,c1,DROP,1015,e5,?,
1769494732.9453547,SENT,80047fa8-d72e-4256-a4f5-3b7ba43b6aae,3ed44e83-1e5f-4260-bc0e-5df7697bfa63,c1,DROP,689,?,x5,
1769494732.9453962,FORWARDED,80047fa8-d72e-4256-a4f5-3b7ba43b6aae,3ed44e83-1e5f-4260-bc0e-5df7697bfa63,c1,DROP,689,?,x5,
1769494732.9907856,SENT,ed645d9f-393b-4672-abd2-95874bbd60fd,03f7515f-25d8-4cff-8e6e-9f2df6373f71,c2,c3,1263,?,x7,
1769494732.9908266,FORWARDED,ed645d9f-393b-4672-abd2-95874bbd60fd,03f7515f-25d8-4cff-8e6e-9f2df6373f71,c2,c3,1263,?,x7,
1769494733.2437587,RECEIVED,8ff5fcac-f1af-4ece-81f5-875613ee6523,fd33b8cc-8a6b-448e-8946-1d17f2eb5aee,c3,DROP,1021,e11,?,
1769494733.3333118,RECEIVED,44dcc294-c5cc-4f73-a48e-a2c7f8f2450b,7db79c07-e562-482c-992c-ebfc2767d90c,c1,DROP,1007,e6,?,
1769494733.429231,SENT,44dcc294-c5cc-4f73-a48e-a2c7f8f2450b,7db79c07-e562-482c-992c-ebfc2767d90c,c1,DROP,683,?,x4,
1769494733.4292715,FORWARDED,44dcc294-c5cc-4f73-a48e-a2c7f8f2450b,7db79c07-e562-482c-992c-ebfc2767d90c,c1,DROP,683,?,x4,
1769494733.5752263,SENT,8ff5fcac-f1af-4ece-81f5-875613ee6523,fd33b8cc-8a6b-448e-8946-1d17f2eb5aee,c3,DROP,691,?,x11,
1769494733.5752692,FORWARDED,8ff5fcac-f1af-4ece-81f5-875613ee6523,fd33b8cc-8a6b-448e-8946-1d17f2eb5aee,c3,DROP,691,?,x11,
1769494733.7760084,RECEIVED,2e608ced-f089-40b7-a1fd-432532b5a947,6aa8c328-a2bd-4f23-82c4-55f515788893,c2,DROP,1011,e1,?,
1769494733.9948676,RECEIVED,8601605b-e5ce-42d0-a735-7447ca6ccc2c,d8dfe569-83c5-4898-acb7-a3fe9e8421eb,c2,DROP,442,x11,?,
1769494734.0429523,RECEIVED,8bcf0774-210d-4dd4-8e74-49e6218ecbe8,e244da7f-d285-4c25-a5b5-e699a0cd7e75,c4,DROP,442,x10,?,
1769494734.0534027,RECEIVED,815f1526-16bf-45c4-869b-7e3dec25d6ab,d4a112aa-384e-405b-945d-68ed3e654cbd,c5,DROP,1019,e5,?,
1769494734.1981504,SENT,815f1526-16bf-45c4-869b-7e3dec25d6ab,d4a112aa-384e-405b-945d-68ed3e654cbd,c5,DROP,693,?,x5,
1769494734.1981933,FORWARDED,815f1526-16bf-45c4-869b-7e3dec25d6ab,d4a112aa-384e-405b-945d-68ed3e654cbd,c5,DROP,693,?,x5,
1769494734.2518413,RECEIVED,09892211-ef48-4787-87a0-886d3f54e982,5c021614-07ce-4dda-a403-5f4ee6f3d843,c1,DROP,441,x3,?,
1769494734.2603672,RECEIVED,9e63ceef-2252-469d-a43e-772257e78e29,6bed68a9-3282-480d-b3e4-f96b46b9ddcd,c1,DROP,1019,e12,?,
1769494734.4436557,SENT,2e608ced-f089-40b7-a1fd-432532b5a947,6aa8c328-a2bd-4f23-82c4-55f515788893,c2,DROP,685,?,x8,
1769494734.4436972,FORWARDED,2e608ced-f089-40b7-a1fd-432532b5a947,6aa8c328-a2bd-4f23-82c4-55f515788893,c2,DROP,685,?,x8,
1769494734.4570243,RECEIVED,fa809da4-0e7a-4743-b643-12457ea51396,4534c14a-e4e7-456a-8dfc-b20c45c6efb9,c1,DROP,1016,e5,?,
1769494734.5226078,RECEIVED,0ae942ea-b771-46ee-9ef8-d5156b3f1263,96191dea-5851-4849-bfcf-9933f4ef49ef,c5,DROP,1020,e10,?,
1769494734.6045487,SENT,9e63ceef-2252-469d-a43e-772257e78e29,6bed68a9-3282-480d-b3e4-f96b46b9ddcd,c1,DROP,691,?,x4,
1769494734.6045957,FORWARDED,9e63ceef-2252-469d-a43e-772257e78e29,6bed68a9-3282-480d-b3e4-f96b46b9ddcd,c1,DROP,691,?,x4,
1769494734.77494,SENT,fa809da4-0e7a-4743-b643-12457ea51396,4534c14a-e4e7-456a-8dfc-b20c45c6efb9,c1,DROP,688,?,x1,
1769494734.7749767,FORWARDED,fa809da4-0e7a-4743-b643-12457ea51396,4534c14a-e4e7-456a-8dfc-b20c45c6efb9,c1,DROP,688,?,x1,
1769494735.1253562,RECEIVED,5f8ad146-dd43-4798-9b48-bd777986faa9,5a639a85-855f-4ee3-9fdf-1c35448ebd40,c1,c5,1783,e3,?,
1769494735.1357381,RECEIVED,910fd21f-aac7-47e8-9efb-b8782d545e58,bb496a4f-8c12-40f0-84d1-977f84f55b52,c1,DROP,1007,e12,?,
1769494735.2559865,SENT,0ae942ea-b771-46ee-9ef8-d5156b3f1263,96191dea-5851-4849-bfcf-9933f4ef49ef,c5,DROP,692,?,x11,
1769494735.2560246,FORWARDED,0ae942ea-b771-46ee-9ef8-d5156b3f1263,96191dea-5851-4849-bfcf-9933f4ef49ef,c5,DROP,692,?,x11,
1769494735.2800782,RECEIVED,366cb293-0b84-4b8e-8534-876601005cfd,a6c8488e-7505-41c7-9838-9f2bc9791a69,c5,DROP,1020,e10,?,
1769494735.317086,RECEIVED,afcf21d2-db4e-4d4b-9a5c-095b81f02ada,7b03c18d-5b0c-4277-835f-33ad97437e2f,c3,c5,1780,e9,?,
1769494735.5343196,SENT,afcf21d2-db4e-4d4b-9a5c-095b81f02ada,7b03c18d-5b0c-4277-835f-33ad97437e2f,c3,c5,1262,?,x6,
1769494735.5343723,FORWARDED,afcf21d2-db4e-4d4b-9a5c-095b81f02ada,7b03c18d-5b0c-4277-835f-33ad97437e2f,c3,c5,1262,?,x6,
1769494735.539813,SENT,366cb293-0b84-4b8e-8534-876601005cfd,a6c8488e-7505-41c7-9838-9f2bc9791a69,c5,DROP,692,?,x4,
1769494735.5398502,FORWARDED,366cb293-0b84-4b8e-8534-876601005cfd,a6c8488e-7505-41c7-9838-9f2bc9791a69,c5,DROP,692,?,x4,
1769494735.5549557,RECEIVED,f5a29519-ac86-44d3-8d10-a0e5738e7392,10e3609a-8f59-43f4-80fe-fe136b9961ce,c5,DROP,1007,e12,?,
1769494735.5818598,RECEIVED,0e212a36-98a7-44d6-9c5d-1edfdc8ca515,c3111198-4db6-482f-a2b6-198b51a39b94,c1,c5,1776,e12,?,
1769494735.646171,SENT,5f8ad146-dd43-4798-9b48-bd777986faa9,5a639a85-855f-4ee3-9fdf-1c35448ebd40,c1,c5,1264,?,x6,
1769494735.6462126,FORWARDED,5f8ad146-dd43-4798-9b48-bd777986faa9,5a639a85-855f-4ee3-9fdf-1c35448ebd40,c1,c5,1264,?,x6,
1769494735.651422,RECEIVED,a459fe83-b576-40bb-a2ac-a525f931b3b9,63e190c2-f9ba-4dd7-adc7-5f629e54de58,c2,DROP,1007,e12,?,
1769494735.840757,RECEIVED,e91bd798-46b0-4af4-aae7-a7c85df8995e,ec803ea7-c578-4b88-a0c9-ef5cfaab53dc,c4,DROP,1011,e7,?,
1769494735.877493,RECEIVED,fa71f0d2-599a-447a-83a2-d752709f1a68,0fe89eed-9771-4785-8a2b-2dfdefe6d787,c4,DROP,446,x12,?,
1769494735.9956064,RECEIVED,3942f9e2-db80-47be-b1ea-1a0e83c16c3b,aac429b7-3934-474c-a1d6-ff2cbf502853,c5,DROP,1011,e9,?,
1769494736.0112233,SENT,a459fe83-b576-40bb-a2ac-a525f931b3b9,63e190c2-f9ba-4dd7-adc7-5f629e54de58,c2,DROP,684,?,x2,
1769494736.0112653,FORWARDED,a459fe83-b576-40bb-a2ac-a525f931b3b9,63e190c2-f9ba-4dd7-adc7-5f629e54de58,c2,DROP,684,?,x2,
1769494736.0185368,SENT,0e212a36-98a7-44d6-9c5d-1edfdc8ca515,c3111198-4db6-482f-a2b6-198b51a39b94,c1,c5,1259,?,x1,
1769494736.0185773,FORWARDED,0e212a36-98a7-44d6-9c5d-1edfdc8ca515,c3111198-4db6-482f-a2b6-198b51a39b94,c1,c5,1259,?,x1,
1769494736.0523996,RECEIVED,691d748e-f7d8-4025-994d-56e4efb95522,15cebbc8-d797-4939-a8b3-b66b6f0c84c4,c1,DROP,1021,e12,?,
1769494736.1327205,SENT,691d748e-f7d8-4025-994d-56e4efb95522,15cebbc8-d797-4939-a8b3-b66b6f0c84c4,c1,DROP,692,?,x11,
1769494736.1327617,FORWARDED,691d748e-f7d8-4025-994d-56e4efb95522,15cebbc8-d797-4939-a8b3-b66b6f0c84c4,c1,DROP,692,?,x11,
1769494736.180035,RECEIVED,a3996eb5-8f9c-44bc-b13f-cb54b82b3360,3d576915-4c59-4137-bf2c-a9c8e534fcd2,c3,DROP,1007,e2,?,
1769494736.2063692,RECEIVED,7c59a73c-3e62-4522-aa96-4ef29db36214,c3df2dd8-8be9-4815-8f40-37083577e56f,c2,DROP,1016,e8,?,
1769494736.250098,RECEIVED,bce9f355-0523-4ca6-bdb7-44849bcf7e35,e9b90307-9f16-4e42-8b62-a549b243284a,c4,DROP,437,x9,?,
1769494736.2586236,RECEIVED,58ced2dc-6c1e-4d9b-8432-3899c6d78694,4a4a6793-5d6b-475c-bef2-4ae335187283,c3,DROP,446,x10,?,
1769494736.274627,SENT,7c59a73c-3e62-4522-aa96-4ef29db36214,c3df2dd8-8be9-4815-8f40-37083577e56f,c2,DROP,688,?,x1,
1769494736.274665,FORWARDED,7c59a73c-3e62-4522-aa96-4ef29db36214,c3df2dd8-8be9-4815-8f40-37083577e56f,c2,DROP,688,?,x1,
1769494736.3017774,RECEIVED,1cb9862b-2df2-4c1a-8fdb-3d6bd7e3d5c7,3a4e3d97-e3ad-4766-8c9e-e204dc6b4fbc,c2,DROP,1021,e4,?,
1769494736.3678274,SENT,e91bd798-46b0-4af4-aae7-a7c85df8995e,ec803ea7-c578-4b88-a0c9-ef5cfaab53dc,c4,DROP,687,?,x3,
1769494736.36787,FORWARDED,e91bd798-46b0-4af4-aae7-a7c85df8995e,ec803ea7-c578-4b88-a0c9-ef5cfaab53dc,c4,DROP,687,?,x3,
1769494736.4266255,SENT,910fd21f-aac7-47e8-9efb-b8782d545e58,bb496a4f-8c12-40f0-84d1-977f84f55b52,c1,DROP,683,?,x5,
1769494736.4266663,FORWARDED,910fd21f-aac7-47e8-9efb-b8782d545e58,bb496a4f-8c12-40f0-84d1-977f84f55b52,c1,DROP,683,?,x5,
1769494736.488003,SENT,1cb9862b-2df2-4c1a-8fdb-3d6bd7e3d5c7,3a4e3d97-e3ad-4766-8c9e-e204dc6b4fbc,c2,DROP,691,?,x12,
1769494736.4880571,FORWARDED,1cb9862b-2df2-4c1a-8fdb-3d6bd7e3d5c7,3a4e3d97-e3ad-4766-8c9e-e204dc6b4fbc,c2,DROP,691,?,x12,
1769494736.4896848,RECEIVED,a47439a5-7efa-4268-8d04-8a579d416e7e,1eff74f9-c8d4-45f6-8188-12d6832a196d,c1,DROP,1021,e12,?,
1769494736.541978,SENT,f5a29519-ac86-44d3-8d10-a0e5738e7392,10e3609a-8f59-43f4-80fe-fe136b9961ce,c5,DROP,683,?,x4,
1769494736.5420172,FORWARDED,f5a29519-ac86-44d3-8d10-a0e5738e7392,10e3609a-8f59-43f4-80fe-fe136b9961ce,c5,DROP,683,?,x4,
1769494736.7296517,SENT,a3996eb5-8f9c-44bc-b13f-cb54b82b3360,3d576915-4c59-4137-bf2c-a9c8e534fcd2,c3,DROP,684,?,x9,
1769494736.7297056,FORWARDED,a3996eb5-8f9c-44bc-b13f-cb54b82b3360,3d576915-4c59-4137-bf2c-a9c8e534fcd2,c3,DROP,684,?,x9,
1769494736.7397134,SENT,a47439a5-7efa-4268-8d04-8a579d416e7e,1eff74f9-c8d4-45f6-8188-12d6832a196d,c1,DROP,691,?,x12,
1769494736.7397547,FORWARDED,a47439a5-7efa-4268-8d04-8a579d416e7e,1eff74f9-c8d4-45f6-8188-12d6832a196d,c1,DROP,691,?,x12,
1769494736.7573898,RECEIVED,6f8879b7-488f-4b13-a34c-fbf1f5489d7c,b1424c52-d71a-452d-a7a9-3e131551a8db,c2,DROP,1016,e8,?,
1769494736.8806953,RECEIVED,fbbbc9ec-791b-4db4-a32b-c4969e99f177,df7f12d7-93c4-4531-a221-583506a4c34c,c3,DROP,447,x10,?,
1769494736.9286213,SENT,6f8879b7-488f-4b13-a34c-fbf1f5489d7c,b1424c52-d71a-452d-a7a9-3e131551a8db,c2,DROP,688,?,x12,
1769494736.9286659,FORWARDED,6f8879b7-488f-4b13-a34c-fbf1f5489d7c,b1424c52-d71a-452d-a7a9-3e131551a8db,c2,DROP,688,?,x12,
1769494736.9765773,SENT,3942f9e2-db80-47be-b1ea-1a0e83c16c3b,aac429b7-3934-474c-a1d6-ff2cbf502853,c5,DROP,685,?,x1,
1769494736.9766176,FORWARDED,3942f9e2-db80-47be-b1ea-1a0e83c16c3b,aac429b7-3934-474c-a1d6-ff2cbf502853,c5,DROP,685,?,x1,
1769494737.4562395,RECEIVED,4820fb62-a193-4f4f-80da-e23ed4e26c5b,75b32367-c47a-44b9-bc90-ab3beae6dad4,c2,DROP,1015,e1,?,
1769494737.605734,RECEIVED,82dc7f9d-e8b7-4504-8850-f9241d5e3de5,7e8eb594-fb34-4e75-8999-132ba9b399bb,c4,DROP,1022,e9,?,
1769494737.6665204,SENT,82dc7f9d-e8b7-4504-8850-f9241d5e3de5,7e8eb594-fb34-4e75-8999-132ba9b399bb,c4,DROP,692,?,x10,
1769494737.6665704,FORWARDED,82dc7f9d-e8b7-4504-8850-f9241d5e3de5,7e8eb594-fb34-4e75-8999-132ba9b399bb,c4,DROP,692,?,x10,
1769494737.6948924,RECEIVED,30bf0688-6163-4de2-a3dc-52af5b331ac8,9f23a0e6-cfa5-4ae5-8736-ea967fb3f8ab,c1,DROP,1015,e4,?,
1769494737.7514362,RECEIVED,18397300-67e1-4bca-b79b-cb17ab9bdcc5,f71c09f1-07dc-4f26-b73d-0298a57fc30d,c1,DROP,1007,e8,?,
1769494737.7519841,RECEIVED,9e458985-8c11-49ce-add6-eb1d7162580c,3c2874e9-f05f-448f-beca-136ad9fa8525,c5,DROP,1006,e5,?,
1769494737.769399,RECEIVED,44086e57-4fbb-4779-ad81-3acdf2fd660d,f72e80bb-5ef8-4763-8920-36b6da6d8228,c4,DROP,443,x1,?,
1769494737.8060663,SENT,30bf0688-6163-4de2-a3dc-52af5b331ac8,9f23a0e6-cfa5-4ae5-8736-ea967fb3f8ab,c1,DROP,688,?,x5,
1769494737.806102,FORWARDED,30bf0688-6163-4de2-a3dc-52af5b331ac8,9f23a0e6-cfa5-4ae5-8736-ea967fb3f8ab,c1,DROP,688,?,x5,
1769494737.8070061,RECEIVED,7a32fb71-87ff-4fb6-a67a-9f6d84ad228e,2057ad41-8323-4250-b2a0-c3b564808276,c1,DROP,1020,e6,?,
1769494737.8517647,RECEIVED,884f69d2-ec39-4f5e-b97a-39e46c4542fe,b7110125-e35f-4946-907b-435bc62baaaf,c1,c5,1779,e7,?,
1769494737.9198668,RECEIVED,a767bb34-a499-4c63-af57-c36ee13f5505,004d38e0-bf88-4fbb-b1c1-0fdb5909f2d4,c1,DROP,1004,e4,?,
1769494737.9434824,RECEIVED,ec522aa2-8b9e-4054-9442-aa332901b83e,cdf02a98-879a-4601-82dd-7f2212ea42be,c4,DROP,442,x5,?,
1769494737.973241,SENT,7a32fb71-87ff-4fb6-a67a-9f6d84ad228e,2057ad41-8323-4250-b2a0-c3b564808276,c1,DROP,692,?,x3,
1769494737.9732814,FORWARDED,7a32fb71-87ff-4fb6-a67a-9f6d84ad228e,2057ad41-8323-4250-b2a0-c3b564808276,c1,DROP,692,?,x3,
1769494737.9850447,SENT,9e458985-8c11-49ce-add6-eb1d7162580c,3c2874e9-f05f-448f-beca-136ad9fa8525,c5,DROP,683,?,x5,
1769494737.985132,FORWARDED,9e458985-8c11-49ce-add6-eb1d7162580c,3c2874e9-f05f-448f-beca-136ad9fa8525,c5,DROP,683,?,x5,
1769494738.051738,SENT,4820fb62-a193-4f4f-80da-e23ed4e26c5b,75b32367-c47a-44b9-bc90-ab3beae6dad4,c2,DROP,688,?,x8,
1769494738.0517771,FORWARDED,4820fb62-a193-4f4f-80da-e23ed4e26c5b,75b32367-c47a-44b9-bc90-ab3beae6dad4,c2,DROP,688,?,x8,
1769494738.0753284,RECEIVED,313d7388-e4b3-4167-8184-abd291a3668c,f27d645e-7b94-4b5c-961e-2c0459da7f7a,c2,c3,1780,e2,?,
1769494738.086466,SENT,a767bb34-a499-4c63-af57-c36ee13f5505,004d38e0-bf88-4fbb-b1c1-0fdb5909f2d4,c1,DROP,679,?,x9,
1769494738.086507,FORWARDED,a767bb34-a499-4c63-af57-c36ee13f5505,004d38e0-bf88-4fbb-b1c1-0fdb5909f2d4,c1,DROP,679,?,x9,
1769494738.1068747,RECEIVED,526ec2fc-32db-4eaf-8c25-e017f63755c0,8e6d052c-199b-4017-8f6d-b78b1d56a880,c5,DROP,1020,e10,?,
1769494738.174133,RECEIVED,d26e039c-105f-4e31-a935-d794151d7b8e,60fa9052-0e87-431a-97ab-406ea5a87769,c3,DROP,1011,e5,?,
1769494738.3059418,SENT,884f69d2-ec39-4f5e-b97a-39e46c4542fe,b7110125-e35f-4946-907b-435bc62baaaf,c1,c5,1262,?,x8,
1769494738.3059814,FORWARDED,884f69d2-ec39-4f5e-b97a-39e46c4542fe,b7110125-e35f-4946-907b-435bc62baaaf,c1,c5,1262,?,x8,
1769494738.3153598,SENT,526ec2fc-32db-4eaf-8c25-e017f63755c0,8e6d052c-199b-4017-8f6d-b78b1d56a880,c5,DROP,691,?,x5,
1769494738.3154006,FORWARDED,526ec2fc-32db-4eaf-8c25-e017f63755c0,8e6d052c-199b-4017-8f6d-b78b1d56a880,c5,DROP,691,?,x5,
1769494738.518223,SENT,d26e039c-105f-4e31-a935-d794151d7b8e,60fa9052-0e87-431a-97ab-406ea5a87769,c3,DROP,687,?,x8,
1769494738.5182664,FORWARDED,d26e039c-105f-4e31-a935-d794151d7b8e,60fa9052-0e87-431a-97ab-406ea5a87769,c3,DROP,687,?,x8,
1769494738.5883589,RECEIVED,04ab3e8c-3545-4fe2-8ffe-5f198e92d8e6,6b8881c3-b64f-425d-84d9-e4cd66aa2e41,c4,DROP,1019,e11,?,
1769494738.7153575,SENT,04ab3e8c-3545-4fe2-8ffe-5f198e92d8e6,6b8881c3-b64f-425d-84d9-e4cd66aa2e41,c4,DROP,691,?,x8,
1769494738.7155404,FORWARDED,04ab3e8c-3545-4fe2-8ffe-5f198e92d8e6,6b8881c3-b64f-425d-84d9-e4cd66aa2e41,c4,DROP,691,?,x8,
1769494738.7906463,SENT,18397300-67e1-4bca-b79b-cb17ab9bdcc5,f71c09f1-07dc-4f26-b73d-0298a57fc30d,c1,DROP,684,?,x3,
1769494738.7906888,FORWARDED,18397300-67e1-4bca-b79b-cb17ab9bdcc5,f71c09f1-07dc-4f26-b73d-0298a57fc30d,c1,DROP,684,?,x3,
1769494739.2917206,RECEIVED,44c5d0c6-d15a-4eaa-a75b-9968d7ab23d8,3d85358a-f599-49ef-8c9c-be6a469e4d6b,c2,DROP,1012,e12,?,
1769494739.3482978,RECEIVED,25854c24-962c-4cef-9c75-ab1f535095dd,8e8e4285-300f-4b32-824e-edb3c0329a87,c2,DROP,1008,e2,?,
1769494739.3725696,SENT,313d7388-e4b3-4167-8184-abd291a3668c,f27d645e-7b94-4b5c-961e-2c0459da7f7a,c2,c3,1263,?,x12,
1769494739.3726108,FORWARDED,313d7388-e4b3-4167-8184-abd291a3668c,f27d645e-7b94-4b5c-961e-2c0459da7f7a,c2,c3,1263,?,x12,
1769494739.5171053,RECEIVED,54aedb84-ac6e-4178-b6c5-7363045af748,46209bc7-b50a-41cf-a993-fe0925bac1da,c4,DROP,1008,e9,?,
1769494739.56118,SENT,25854c24-962c-4cef-9c75-ab1f535095dd,8e8e4285-300f-4b32-824e-edb3c0329a87,c2,DROP,684,?,x12,
1769494739.5616114,FORWARDED,25854c24-962c-4cef-9c75-ab1f535095dd,8e8e4285-300f-4b32-824e-edb3c0329a87,c2,DROP,684,?,x12,
1769494739.6719043,RECEIVED,b3287ae3-d570-4a1d-b122-26301d08462f,4994f869-2d14-4c73-bafd-d5fa6a16a2fa,c4,DROP,1011,e3,?,
1769494739.7205493,SENT,44c5d0c6-d15a-4eaa-a75b-9968d7ab23d8,3d85358a-f599-49ef-8c9c-be6a469e4d6b,c2,DROP,687,?,x5,
1769494739.7205913,FORWARDED,44c5d0c6-d15a-4eaa-a75b-9968d7ab23d8,3d85358a-f599-49ef-8c9c-be6a469e4d6b,c2,DROP,687,?,x5,
1769494739.975557,RECEIVED,838630d6-1e82-4f34-9c1d-6bffb2f919a1,76dc8e90-48d3-4882-a7a1-0016fe72ef4b,c4,DROP,441,x10,?,
1769494740.0186095,SENT,54aedb84-ac6e-4178-b6c5-7363045af748,46209bc7-b50a-41cf-a993-fe0925bac1da,c4,DROP,683,?,x5,
1769494740.0186532,FORWARDED,54aedb84-ac6e-4178-b6c5-7363045af748,46209bc7-b50a-41cf-a993-fe0925bac1da,c4,DROP,683,?,x5,
1769494740.1598427,RECEIVED,27187e49-8fd3-4fdc-a1b8-37fa8d3309ac,9698ff29-b8f8-476d-bfcb-263dac414e43,c1,DROP,1021,e3,?,
1769494740.2333379,SENT,27187e49-8fd3-4fdc-a1b8-37fa8d3309ac,9698ff29-b8f8-476d-bfcb-263dac414e43,c1,DROP,692,?,x11,
1769494740.2333834,FORWARDED,27187e49-8fd3-4fdc-a1b8-37fa8d3309ac,9698ff29-b8f8-476d-bfcb-263dac414e43,c1,DROP,692,?,x11,
1769494740.34528,RECEIVED,6306ec62-631e-440b-a58b-a268587d4cfe,eefd0185-cea4-4145-a289-f53f02a1f1f4,c5,DROP,1011,e5,?,
1769494740.4986024,RECEIVED,efd5a0f6-2808-4ba6-a517-55f66386f7e8,9097c5bf-c7a2-4032-be35-06ecdcd6414d,c3,DROP,1018,e8,?,
1769494740.540316,RECEIVED,cadfab2e-6c97-4b7e-a49a-d864fd3bb299,972c226b-54cd-4586-bd33-b07c8d79a2ae,c1,DROP,1011,e10,?,
1769494740.5672758,RECEIVED,c87503f3-2d15-44c0-b2f9-01d8268450da,06df838e-b0d8-4fe7-89b2-fc88133c9553,c4,DROP,1007,e9,?,
1769494740.5968456,RECEIVED,fbc61bea-88c7-44d8-9541-0b06f2c2bd1f,3da2ec2b-46cc-4baf-a067-9ffe1fe55adc,c5,DROP,442,x9,?,
1769494740.6375432,SENT,cadfab2e-6c97-4b7e-a49a-d864fd3bb299,972c226b-54cd-4586-bd33-b07c8d79a2ae,c1,DROP,686,?,x9,
1769494740.6375864,FORWARDED,cadfab2e-6c97-4b7e-a49a-d864fd3bb299,972c226b-54cd-4586-bd33-b07c8d79a2ae,c1,DROP,686,?,x9,
1769494740.6403058,RECEIVED,268c8a53-86b1-46fe-8e85-e7f44ec36f91,eb50756b-e09a-464c-811f-8478765c5e30,c1,DROP,1007,e5,?,
1769494740.6928585,RECEIVED,5b31eb27-ece2-4384-a128-35ff593f0040,8a9ba294-ce0e-4d7d-beaa-e3e4d92e319d,c3,DROP,442,x8,?,
1769494740.7772226,SENT,6306ec62-631e-440b-a58b-a268587d4cfe,eefd0185-cea4-4145-a289-f53f02a1f1f4,c5,DROP,687,?,x1,
1769494740.7772646,FORWARDED,6306ec62-631e-440b-a58b-a268587d4cfe,eefd0185-cea4-4145-a289-f53f02a1f1f4,c5,DROP,687,?,x1,
1769494740.8188677,SENT,efd5a0f6-2808-4ba6-a517-55f66386f7e8,9097c5bf-c7a2-4032-be35-06ecdcd6414d,c3,DROP,693,?,x8,
1769494740.8189092,FORWARDED,efd5a0f6-2808-4ba6-a517-55f66386f7e8,9097c5bf-c7a2-4032-be35-06ecdcd6414d,c3,DROP,693,?,x8,
1769494740.8436887,SENT,c87503f3-2d15-44c0-b2f9-01d8268450da,06df838e-b0d8-4fe7-89b2-fc88133c9553,c4,DROP,684,?,x5,
1769494740.8437314,FORWARDED,c87503f3-2d15-44c0-b2f9-01d8268450da,06df838e-b0d8-4fe7-89b2-fc88133c9553,c4,DROP,684,?,x5,
1769494740.8776085,RECEIVED,77882529-9522-407e-a84c-2f46916827a3,7100d961-ffc4-4f46-acbc-33e9298804c0,c5,c2,1764,e4,?,
1769494740.9624271,RECEIVED,b5987634-a46c-458f-8084-6a41834d1cf6,9b8d11c0-fa04-4615-a9cd-220533ba5486,c5,DROP,1008,e9,?,
1769494741.040556,RECEIVED,88d4fa3b-77d1-432e-b7b3-a93cedb09a1f,b35022d5-f7bd-4edd-9296-a7c1c2d2fd70,c2,DROP,441,x8,?,
1769494741.0864272,SENT,b5987634-a46c-458f-8084-6a41834d1cf6,9b8d11c0-fa04-4615-a9cd-220533ba5486,c5,DROP,683,?,x5,
1769494741.086468,FORWARDED,b5987634-a46c-458f-8084-6a41834d1cf6,9b8d11c0-fa04-4615-a9cd-220533ba5486,c5,DROP,683,?,x5,
1769494741.1022556,RECEIVED,1b2c14fc-0d82-4580-8a8b-d17895a75f5d,ed6b3a01-2cf9-48c1-a2a8-05cfd29de1b7,c3,DROP,1012,e5,?,
1769494741.1074247,SENT,b3287ae3-d570-4a1d-b122-26301d08462f,4994f869-2d14-4c73-bafd-d5fa6a16a2fa,c4,DROP,687,?,x9,
1769494741.1074655,FORWARDED,b3287ae3-d570-4a1d-b122-26301d08462f,4994f869-2d14-4c73-bafd-d5fa6a16a2fa,c4,DROP,687,?,x9,
1769494741.17267,SENT,77882529-9522-407e-a84c-2f46916827a3,7100d961-ffc4-4f46-acbc-33e9298804c0,c5,c2,1251,?,x2,
1769494741.17271,FORWARDED,77882529-9522-407e-a84c-2f46916827a3,7100d961-ffc4-4f46-acbc-33e9298804c0,c5,c2,1251,?,x2,
1769494741.2029111,RECEIVED,2f8295c7-4a70-483e-bfa2-e419b6efa561,c14282d5-b9fd-4fa2-8573-0c44f9fd6fd2,c1,DROP,1008,e3,?,
1769494741.303448,RECEIVED,2ff8c52f-d634-4f0b-a5f5-9871d15e8947,82250e68-0b01-460a-8abb-1b96ec8a05b7,c3,DROP,1019,e9,?,
1769494741.4770815,SENT,2f8295c7-4a70-483e-bfa2-e419b6efa561,c14282d5-b9fd-4fa2-8573-0c44f9fd6fd2,c1,DROP,684,?,x6,
1769494741.4771528,FORWARDED,2f8295c7-4a70-483e-bfa2-e419b6efa561,c14282d5-b9fd-4fa2-8573-0c44f9fd6fd2,c1,DROP,684,?,x6,
1769494741.5848446,SENT,268c8a53-86b1-46fe-8e85-e7f44ec36f91,eb50756b-e09a-464c-811f-8478765c5e30,c1,DROP,684,?,x3,
1769494741.5848906,FORWARDED,268c8a53-86b1-46fe-8e85-e7f44ec36f91,eb50756b-e09a-464c-811f-8478765c5e30,c1,DROP,684,?,x3,
1769494741.8227012,SENT,2ff8c52f-d634-4f0b-a5f5-9871d15e8947,82250e68-0b01-460a-8abb-1b96ec8a05b7,c3,DROP,691,?,x12,
1769494741.8227422,FORWARDED,2ff8c52f-d634-4f0b-a5f5-9871d15e8947,82250e68-0b01-460a-8abb-1b96ec8a05b7,c3,DROP,691,?,x12,
1769494741.8823936,RECEIVED,602c280b-a853-47e5-acdc-3d063227a13c,a23960ee-cf34-49e9-8ced-854a39a0f814,c3,DROP,1012,e1,?,
1769494741.9249527,RECEIVED,ccd41290-967c-4a99-b2aa-af5addb8ed69,48a9a051-aba5-4939-a098-44e4cb533a7a,c4,DROP,1015,e9,?,
1769494742.0200975,SENT,1b2c14fc-0d82-4580-8a8b-d17895a75f5d,ed6b3a01-2cf9-48c1-a2a8-05cfd29de1b7,c3,DROP,687,?,x10,
1769494742.0201406,FORWARDED,1b2c14fc-0d82-4580-8a8b-d17895a75f5d,ed6b3a01-2cf9-48c1-a2a8-05cfd29de1b7,c3,DROP,687,?,x10,
1769494742.0947244,SENT,602c280b-a853-47e5-acdc-3d063227a13c,a23960ee-cf34-49e9-8ced-854a39a0f814,c3,DROP,687,?,x5,
1769494742.094767,FORWARDED,602c280b-a853-47e5-acdc-3d063227a13c,a23960ee-cf34-49e9-8ced-854a39a0f814,c3,DROP,687,?,x5,
1769494742.1892056,RECEIVED,77162af9-e64c-4596-a527-88b536ad0144,a4942981-a296-452f-8cc0-4e71a35384c5,c5,DROP,1020,e2,?,
1769494742.2941658,RECEIVED,34326741-54fe-45aa-809c-402fcc4eef1b,53344c61-744a-487d-a213-9b244e8bfadf,c4,DROP,1006,e4,?,
1769494742.3827376,RECEIVED,35013ec0-976e-411d-8655-f8f2ed92df41,61c1583c-ea8f-47ac-b314-444c6dc4942f,c2,DROP,1007,e1,?,
1769494742.6196434,RECEIVED,1138b494-f121-4515-a16f-101e9e702fdc,781d54c9-0785-4aab-903e-79bdd2a9b3f1,c4,DROP,1017,e4,?,
1769494742.7253263,RECEIVED,c8c45e1d-a22e-4d99-92e6-72c02a57bde7,0eb41840-d48c-4f13-9860-8e465bbf91b8,c4,DROP,442,x8,?,
1769494742.7485812,SENT,35013ec0-976e-411d-8655-f8f2ed92df41,61c1583c-ea8f-47ac-b314-444c6dc4942f,c2,DROP,684,?,x9,
1769494742.7486222,FORWARDED,35013ec0-976e-411d-8655-f8f2ed92df41,61c1583c-ea8f-47ac-b314-444c6dc4942f,c2,DROP,684,?,x9,
1769494742.753098,RECEIVED,2967f983-d7a0-4ff9-940f-70beb0a9992c,3b5c41b4-10a8-46fb-8b90-8a3b9d1fc111,c4,DROP,441,x3,?,
1769494742.7794886,RECEIVED,73e7760e-9c38-4466-a9e9-ad122644ecb0,600ad1b3-433c-4d42-af72-4ef4a8893d86,c5,DROP,1016,e1,?,
1769494742.8676083,SENT,73e7760e-9c38-4466-a9e9-ad122644ecb0,600ad1b3-433c-4d42-af72-4ef4a8893d86,c5,DROP,688,?,x9,
1769494742.8676488,FORWARDED,73e7760e-9c38-4466-a9e9-ad122644ecb0,600ad1b3-433c-4d42-af72-4ef4a8893d86,c5,DROP,688,?,x9,
1769494742.9359365,RECEIVED,f4b64743-416f-4a69-9fe4-6abe8dd03561,90b34912-2ff8-4453-acf2-db1598a6c1bb,c2,DROP,1016,e8,?,
1769494742.9611983,SENT,1138b494-f121-4515-a16f-101e9e702fdc,781d54c9-0785-4aab-903e-79bdd2a9b3f1,c4,DROP,689,?,x10,
1769494742.9612405,FORWARDED,1138b494-f121-4515-a16f-101e9e702fdc,781d54c9-0785-4aab-903e-79bdd2a9b3f1,c4,DROP,689,?,x10,
1769494742.992226,RECEIVED,8c9d475b-3eeb-4c2f-a332-12cd42123b73,3b4870e0-d379-47ee-ba51-ab910a5640c7,c3,c5,1775,e9,?,
1769494743.018271,SENT,f4b64743-416f-4a69-9fe4-6abe8dd03561,90b34912-2ff8-4453-acf2-db1598a6c1bb,c2,DROP,690,?,x3,
1769494743.0183113,FORWARDED,f4b64743-416f-4a69-9fe4-6abe8dd03561,90b34912-2ff8-4453-acf2-db1598a6c1bb,c2,DROP,690,?,x3,
1769494743.2350984,RECEIVED,857218ef-d559-4021-829e-6f9d8a585aec,c8949c05-0c9b-4093-ba74-e097bc213e3e,c5,DROP,1022,e9,?,
1769494743.300836,RECEIVED,4ae8cc41-9b7a-458e-8517-ad45d7a09c17,eeecab04-784e-4663-9bad-01abe1b0b518,c3,DROP,1015,e9,?,
1769494743.3221056,SENT,857218ef-d559-4021-829e-6f9d8a585aec,c8949c05-0c9b-4093-ba74-e097bc213e3e,c5,DROP,692,?,x10,
1769494743.3221502,FORWARDED,857218ef-d559-4021-829e-6f9d8a585aec,c8949c05-0c9b-4093-ba74-e097bc213e3e,c5,DROP,692,?,x10,
1769494743.3466032,SENT,77162af9-e64c-4596-a527-88b536ad0144,a4942981-a296-452f-8cc0-4e71a35384c5,c5,DROP,693,?,x11,
1769494743.3466468,FORWARDED,77162af9-e64c-4596-a527-88b536ad0144,a4942981-a296-452f-8cc0-4e71a35384c5,c5,DROP,693,?,x11,
1769494743.4419775,RECEIVED,aa9ac857-042c-4682-a348-a31bb81e2cc3,362a8a72-4e6d-42a8-ae38-937f2cb6fd1f,c2,DROP,1020,e6,?,
1769494743.4654796,SENT,4ae8cc41-9b7a-458e-8517-ad45d7a09c17,eeecab04-784e-4663-9bad-01abe1b0b518,c3,DROP,688,?,x9,
1769494743.4655237,FORWARDED,4ae8cc41-9b7a-458e-8517-ad45d7a09c17,eeecab04-784e-4663-9bad-01abe1b0b518,c3,DROP,688,?,x9,
1769494743.5418444,RECEIVED,a73db2f8-6460-4290-810e-c1cf3eec2d96,28944110-4127-4ac2-9a54-8d8b90bd6ed6,c1,DROP,441,x11,?,
1769494743.5648222,SENT,34326741-54fe-45aa-809c-402fcc4eef1b,53344c61-744a-487d-a213-9b244e8bfadf,c4,DROP,683,?,x6,
1769494743.5648699,FORWARDED,34326741-54fe-45aa-809c-402fcc4eef1b,53344c61-744a-487d-a213-9b244e8bfadf,c4,DROP,683,?,x6,
1769494743.627593,RECEIVED,9b09085c-4b0d-4010-aa6c-46062bbc1afa,346be93f-c5bb-4e95-a703-0a06154e2865,c1,c5,1780,e7,?,
1769494743.6794446,SENT,ccd41290-967c-4a99-b2aa-af5addb8ed69,48a9a051-aba5-4939-a098-44e4cb533a7a,c4,DROP,688,?,x8,
1769494743.6794884,FORWARDED,ccd41290-967c-4a99-b2aa-af5addb8ed69,48a9a051-aba5-4939-a098-44e4cb533a7a,c4,DROP,688,?,x8,
1769494743.824114,RECEIVED,db4a12d9-01a4-4fea-9dc3-44d95e497a1c,fb448060-2b60-4172-a33a-4758b89cc036,c4,DROP,1014,e1,?,
1769494743.8922987,SENT,8c9d475b-3eeb-4c2f-a332-12cd42123b73,3b4870e0-d379-47ee-ba51-ab910a5640c7,c3,c5,1259,?,x2,
1769494743.892351,FORWARDED,8c9d475b-3eeb-4c2f-a332-12cd42123b73,3b4870e0-d379-47ee-ba51-ab910a5640c7,c3,c5,1259,?,x2,
1769494743.964194,RECEIVED,0745ac01-9c18-44ab-9482-da49fb46c806,17b1c6e3-d82e-4406-ab03-8ba08763a701,c1,DROP,1015,e11,?,
1769494743.9708667,SENT,9b09085c-4b0d-4010-aa6c-46062bbc1afa,346be93f-c5bb-4e95-a703-0a06154e2865,c1,c5,1263,?,x12,
1769494743.9709105,FORWARDED,9b09085c-4b0d-4010-aa6c-46062bbc1afa,346be93f-c5bb-4e95-a703-0a06154e2865,c1,c5,1263,?,x12,
1769494743.9838965,RECEIVED,48a96593-824a-4737-8c30-2c9ea574ae3e,b4ce3975-f775-4bd9-87e4-a52cdddee53d,c4,DROP,446,x10,?,
1769494744.0227447,SENT,db4a12d9-01a4-4fea-9dc3-44d95e497a1c,fb448060-2b60-4172-a33a-4758b89cc036,c4,DROP,688,?,x6,
1769494744.022789,FORWARDED,db4a12d9-01a4-4fea-9dc3-44d95e497a1c,fb448060-2b60-4172-a33a-4758b89cc036,c4,DROP,688,?,x6,
1769494744.038777,RECEIVED,cd7d4205-0e4c-4b49-95c2-1f3f4fcdec2e,934a6c1f-cc1b-4d9d-a366-2566bd34112f,c2,c3,1768,e3,?,
1769494744.1269476,SENT,cd7d4205-0e4c-4b49-95c2-1f3f4fcdec2e,934a6c1f-cc1b-4d9d-a366-2566bd34112f,c2,c3,1253,?,x9,
1769494744.126989,FORWARDED,cd7d4205-0e4c-4b49-95c2-1f3f4fcdec2e,934a6c1f-cc1b-4d9d-a366-2566bd34112f,c2,c3,1253,?,x9,
1769494744.2975698,RECEIVED,fc00806f-005d-4cb1-8739-ce2b025a0271,f8255860-d320-41a6-bffd-99f628c97d17,c2,DROP,442,x3,?,
1769494744.3186188,SENT,aa9ac857-042c-4682-a348-a31bb81e2cc3,362a8a72-4e6d-42a8-ae38-937f2cb6fd1f,c2,DROP,692,?,x10,
1769494744.3187275,FORWARDED,aa9ac857-042c-4682-a348-a31bb81e2cc3,362a8a72-4e6d-42a8-ae38-937f2cb6fd1f,c2,DROP,692,?,x10,
1769494744.4202456,RECEIVED,e578fa27-c495-40b1-b7fc-3388ea6c9c4d,2fabdf9d-08f0-4373-bd48-913832f7e0f5,c1,DROP,445,x3,?,
1769494744.8880134,RECEIVED,7178e6ee-3a5f-4430-95f2-5a301c9ee62b,51da765f-9b4e-443e-b7e1-a0ffffd6a28b,c5,DROP,1007,e9,?,
1769494744.903807,RECEIVED,15720597-5b69-4831-aaa8-33a86928643a,7e1f8866-0def-4781-bd36-fed9fd4a2864,c3,DROP,1016,e7,?,
1769494744.9860685,RECEIVED,beb90c12-e80c-46ce-9d42-9a06d0360036,29774494-280f-46a5-a9fa-fe6117abc5ec,c2,DROP,1011,e8,?,
1769494745.1097794,RECEIVED,859cc40d-3b31-44a7-80a1-ead09e766352,3f5ba778-dc9e-4b2a-bb77-4a49b128ea65,c4,DROP,1006,e5,?,
1769494745.120162,SENT,15720597-5b69-4831-aaa8-33a86928643a,7e1f8866-0def-4781-bd36-fed9fd4a2864,c3,DROP,688,?,x1,
1769494745.1202037,FORWARDED,15720597-5b69-4831-aaa8-33a86928643a,7e1f8866-0def-4781-bd36-fed9fd4a2864,c3,DROP,688,?,x1,
1769494745.3669758,SENT,beb90c12-e80c-46ce-9d42-9a06d0360036,29774494-280f-46a5-a9fa-fe6117abc5ec,c2,DROP,687,?,x3,
1769494745.367013,FORWARDED,beb90c12-e80c-46ce-9d42-9a06d0360036,29774494-280f-46a5-a9fa-fe6117abc5ec,c2,DROP,687,?,x3,
1769494745.4368033,SENT,0745ac01-9c18-44ab-9482-da49fb46c806,17b1c6e3-d82e-4406-ab03-8ba08763a701,c1,DROP,688,?,x2,
1769494745.4368439,FORWARDED,0745ac01-9c18-44ab-9482-da49fb46c806,17b1c6e3-d82e-4406-ab03-8ba08763a701,c1,DROP,688,?,x2,
1769494745.4569921,RECEIVED,9c96d23b-8d64-4f56-8b10-c800d4d53a54,898872c6-5380-4e7a-8520-92651748f6a1,c3,c5,1780,e7,?,
1769494745.5907454,SENT,9c96d23b-8d64-4f56-8b10-c800d4d53a54,898872c6-5380-4e7a-8520-92651748f6a1,c3,c5,1263,?,x9,
1769494745.5907886,FORWARDED,9c96d23b-8d64-4f56-8b10-c800d4d53a54,898872c6-5380-4e7a-8520-92651748f6a1,c3,c5,1263,?,x9,
1769494745.773568,RECEIVED,d94f826d-c0ac-404f-9899-87673f7b8cbb,b4969dcc-f7a8-4ded-b045-cf82e7469346,c4,DROP,1025,e8,?,
1769494745.8825219,SENT,d94f826d-c0ac-404f-9899-87673f7b8cbb,b4969dcc-f7a8-4ded-b045-cf82e7469346,c4,DROP,694,?,x10,
1769494745.8825626,FORWARDED,d94f826d-c0ac-404f-9899-87673f7b8cbb,b4969dcc-f7a8-4ded-b045-cf82e7469346,c4,DROP,694,?,x10,
1769494745.9313836,RECEIVED,ccf3f976-bbe6-40ca-95f6-08110b195cbd,7b73cbf4-e2e5-483f-ba80-c7a21d8ea814,c3,DROP,1016,e5,?,
1769494745.9630392,SENT,7178e6ee-3a5f-4430-95f2-5a301c9ee62b,51da765f-9b4e-443e-b7e1-a0ffffd6a28b,c5,DROP,683,?,x3,
1769494745.9630837,FORWARDED,7178e6ee-3a5f-4430-95f2-5a301c9ee62b,51da765f-9b4e-443e-b7e1-a0ffffd6a28b,c5,DROP,683,?,x3,
1769494745.9853067,RECEIVED,f99abdbd-1529-4422-aabd-98a4b53b8da8,a14375f4-d0c9-4287-9d97-90238ae728bf,c5,DROP,1016,e1,?,
1769494746.0736248,SENT,ccf3f976-bbe6-40ca-95f6-08110b195cbd,7b73cbf4-e2e5-483f-ba80-c7a21d8ea814,c3,DROP,688,?,x9,
1769494746.0736678,FORWARDED,ccf3f976-bbe6-40ca-95f6-08110b195cbd,7b73cbf4-e2e5-483f-ba80-c7a21d8ea814,c3,DROP,688,?,x9,
1769494746.102166,RECEIVED,8deab25b-16c5-45c2-acfc-7f42240afb85,3f77e81f-a4c4-4434-991b-c265aee33c55,c2,DROP,1018,e11,?,
1769494746.175452,SENT,f99abdbd-1529-4422-aabd-98a4b53b8da8,a14375f4-d0c9-4287-9d97-90238ae728bf,c5,DROP,689,?,x6,
1769494746.1754937,FORWARDED,f99abdbd-1529-4422-aabd-98a4b53b8da8,a14375f4-d0c9-4287-9d97-90238ae728bf,c5,DROP,689,?,x6,
1769494746.2407985,SENT,859cc40d-3b31-44a7-80a1-ead09e766352,3f5ba778-dc9e-4b2a-bb77-4a49b128ea65,c4,DROP,683,?,x1,
1769494746.240832,FORWARDED,859cc40d-3b31-44a7-80a1-ead09e766352,3f5ba778-dc9e-4b2a-bb77-4a49b128ea65,c4,DROP,683,?,x1,
1769494746.4322064,RECEIVED,95318d20-baa6-4f8d-b7f5-999276e4472f,a04cdf26-22b6-40ff-a3b9-b16939ea2a50,c2,DROP,442,x2,?,
1769494746.6164641,RECEIVED,213a9cce-8137-4a48-920a-cf40bdde684c,7a8dd0b3-6a82-4354-8f56-5e7ee2db6c44,c4,DROP,1008,e3,?,
1769494746.6279445,RECEIVED,cfa5f9da-d2c6-49b2-ae48-15f0a7552c23,86e3500c-5bcd-47eb-821c-898b781ede62,c3,DROP,441,x6,?,
1769494746.9619503,RECEIVED,b327f0f6-6edd-4619-aa61-de86b9e35ecb,f821d321-b47d-48f4-9b0d-a465ac6711e5,c5,DROP,1021,e2,?,
1769494747.0460908,SENT,213a9cce-8137-4a48-920a-cf40bdde684c,7a8dd0b3-6a82-4354-8f56-5e7ee2db6c44,c4,DROP,683,?,x7,
1769494747.0461333,FORWARDED,213a9cce-8137-4a48-920a-cf40bdde684c,7a8dd0b3-6a82-4354-8f56-5e7ee2db6c44,c4,DROP,683,?,x7,
1769494747.1201246,SENT,8deab25b-16c5-45c2-acfc-7f42240afb85,3f77e81f-a4c4-4434-991b-c265aee33c55,c2,DROP,691,?,x8,
1769494747.1201596,FORWARDED,8deab25b-16c5-45c2-acfc-7f42240afb85,3f77e81f-a4c4-4434-991b-c265aee33c55,c2,DROP,691,?,x8,
1769494747.1243377,RECEIVED,2b61ec8b-5c09-4a89-8912-29fafd563476,8e49f701-eaca-4c1b-9f7f-b73a6a515aef,c4,DROP,446,x12,?,
1769494747.1768398,RECEIVED,bb49569b-4bec-4dbd-b426-51ee32fdb681,2cf42d4f-da0b-4d0b-b449-9d133d13e340,c2,c3,1779,e11,?,
1769494747.1860697,RECEIVED,f21f2480-2a90-4d44-95c9-4097ab80e2c0,0f549250-2ad8-4f55-9d2d-fa257583bd92,c5,DROP,1015,e11,?,
1769494747.1931403,SENT,b327f0f6-6edd-4619-aa61-de86b9e35ecb,f821d321-b47d-48f4-9b0d-a465ac6711e5,c5,DROP,692,?,x12,
1769494747.1931822,FORWARDED,b327f0f6-6edd-4619-aa61-de86b9e35ecb,f821d321-b47d-48f4-9b0d-a465ac6711e5,c5,DROP,692,?,x12,
1769494747.2726145,RECEIVED,5a851423-dc27-4953-9694-563aad8f8f56,989876b1-30cc-43fc-b0ee-a01f7058bcdc,c4,DROP,445,x1,?,
1769494747.2867615,RECEIVED,b6de98ac-3c00-4a59-833e-2d857c54d61b,979f6fb5-482f-406d-b631-13e01eacc0e6,c1,DROP,1008,e5,?,
1769494747.603668,RECEIVED,3c185f50-d88f-4217-a1e2-21d4692f29fd,b783aa22-e159-4f1f-8d90-d1992e8e9857,c1,DROP,1019,e10,?,
1769494747.6341627,RECEIVED,8eb2e5f5-150d-4080-a1c7-f92037878dcd,94d98bfa-5cd6-4197-8c80-facc5566dc8b,c4,DROP,1013,e4,?,
1769494747.634579,RECEIVED,eb4c219a-e8a7-4f76-922f-2953917d5c38,783fcc3e-ce49-4dfc-8121-e48dcd397fba,c4,c5,1764,e1,?,
1769494747.660438,SENT,8eb2e5f5-150d-4080-a1c7-f92037878dcd,94d98bfa-5cd6-4197-8c80-facc5566dc8b,c4,DROP,687,?,x4,
1769494747.6604812,FORWARDED,8eb2e5f5-150d-4080-a1c7-f92037878dcd,94d98bfa-5cd6-4197-8c80-facc5566dc8b,c4,DROP,687,?,x4,
1769494747.6886218,SENT,b6de98ac-3c00-4a59-833e-2d857c54d61b,979f6fb5-482f-406d-b631-13e01eacc0e6,c1,DROP,683,?,x3,
1769494747.6886694,FORWARDED,b6de98ac-3c00-4a59-833e-2d857c54d61b,979f6fb5-482f-406d-b631-13e01eacc0e6,c1,DROP,683,?,x3,
1769494747.692688,SENT,f21f2480-2a90-4d44-95c9-4097ab80e2c0,0f549250-2ad8-4f55-9d2d-fa257583bd92,c5,DROP,690,?,x6,
1769494747.6927278,FORWARDED,f21f2480-2a90-4d44-95c9-4097ab80e2c0,0f549250-2ad8-4f55-9d2d-fa257583bd92,c5,DROP,690,?,x6,
1769494747.7439911,RECEIVED,319fe1ed-d994-4701-84b7-0ad995c02a54,9d33191a-6bbf-40b2-a38f-69e37318ed65,c5,DROP,1020,e9,?,
1769494747.8729053,SENT,bb49569b-4bec-4dbd-b426-51ee32fdb681,2cf42d4f-da0b-4d0b-b449-9d133d13e340,c2,c3,1263,?,x2,
1769494747.8729453,FORWARDED,bb49569b-4bec-4dbd-b426-51ee32fdb681,2cf42d4f-da0b-4d0b-b449-9d133d13e340,c2,c3,1263,?,x2,
1769494747.9570105,SENT,eb4c219a-e8a7-4f76-922f-2953917d5c38,783fcc3e-ce49-4dfc-8121-e48dcd397fba,c4,c5,1251,?,x5,
1769494747.9570606,FORWARDED,eb4c219a-e8a7-4f76-922f-2953917d5c38,783fcc3e-ce49-4dfc-8121-e48dcd397fba,c4,c5,1251,?,x5,
1769494747.9921818,SENT,3c185f50-d88f-4217-a1e2-21d4692f29fd,b783aa22-e159-4f1f-8d90-d1992e8e9857,c1,DROP,691,?,x7,
1769494747.9922237,FORWARDED,3c185f50-d88f-4217-a1e2-21d4692f29fd,b783aa22-e159-4f1f-8d90-d1992e8e9857,c1,DROP,691,?,x7,
1769494748.012197,SENT,319fe1ed-d994-4701-84b7-0ad995c02a54,9d33191a-6bbf-40b2-a38f-69e37318ed65,c5,DROP,692,?,x8,
1769494748.0122366,FORWARDED,319fe1ed-d994-4701-84b7-0ad995c02a54,9d33191a-6bbf-40b2-a38f-69e37318ed65,c5,DROP,692,?,x8,
1769494748.0998604,RECEIVED,e75620aa-9944-414b-ae32-f03af6f33335,35f9f394-cc9c-49f4-a02e-2e3c1aecec79,c2,DROP,1014,e6,?,
1769494748.1637845,RECEIVED,63620674-f0de-4ff6-929f-e5b8a822f46c,86afa664-59f5-499e-b443-3c6b38401e24,c4,DROP,1020,e9,?,
1769494748.3767967,RECEIVED,dab6e893-b2a0-446d-868a-3a0006fbb31c,2aa58f34-7396-4a94-9a1d-3fbe93705c64,c3,DROP,1008,e8,?,
1769494748.5121434,RECEIVED,1e8a6438-1127-4d69-85eb-3729edff09b4,e8fddf02-f452-41cd-b1f3-cf16eb1b635f,c2,DROP,1011,e11,?,
1769494748.549152,RECEIVED,5de60c5e-2079-4b2f-acee-e63f8d2db624,a1a3ed61-273a-4451-8714-fc67c7652c67,c3,DROP,1011,e9,?,
1769494748.58197,RECEIVED,d58703c4-1129-46a6-a1a5-edad39f635a5,792ad26e-eb3e-4e92-b46c-7d85e3394e36,c1,DROP,442,x8,?,
1769494748.6216161,SENT,dab6e893-b2a0-446d-868a-3a0006fbb31c,2aa58f34-7396-4a94-9a1d-3fbe93705c64,c3,DROP,683,?,x8,
1769494748.6216507,FORWARDED,dab6e893-b2a0-446d-868a-3a0006fbb31c,2aa58f34-7396-4a94-9a1d-3fbe93705c64,c3,DROP,683,?,x8,
1769494748.652302,SENT,e75620aa-9944-414b-ae32-f03af6f33335,35f9f394-cc9c-49f4-a02e-2e3c1aecec79,c2,DROP,688,?,x5,
1769494748.652343,FORWARDED,e75620aa-9944-414b-ae32-f03af6f33335,35f9f394-cc9c-49f4-a02e-2e3c1aecec79,c2,DROP,688,?,x5,
1769494748.7643602,RECEIVED,61334484-83c9-4265-bf38-bf3fc7590ac4,159301ff-3b9f-4fd2-86d1-a5faa175e4b5,c3,c5,1775,e3,?,
1769494748.8677318,SENT,5de60c5e-2079-4b2f-acee-e63f8d2db624,a1a3ed61-273a-4451-8714-fc67c7652c67,c3,DROP,686,?,x2,
1769494748.8677776,FORWARDED,5de60c5e-2079-4b2f-acee-e63f8d2db624,a1a3ed61-273a-4451-8714-fc67c7652c67,c3,DROP,686,?,x2,
1769494748.9232454,RECEIVED,0b905c61-9e4d-4932-97fb-b56e5b6fb18f,274a9b3f-882e-4eca-be0c-dbca637f85e1,c5,c2,1767,e2,?,
1769494748.9796996,SENT,63620674-f0de-4ff6-929f-e5b8a822f46c,86afa664-59f5-499e-b443-3c6b38401e24,c4,DROP,691,?,x12,
1769494748.9801562,FORWARDED,63620674-f0de-4ff6-929f-e5b8a822f46c,86afa664-59f5-499e-b443-3c6b38401e24,c4,DROP,691,?,x12,
1769494749.0043974,RECEIVED,3ee00473-18e7-457f-b151-a362eb8e846d,20447a1e-03a2-404c-a9b2-fa63859fa491,c3,DROP,441,x9,?,
1769494749.056187,SENT,1e8a6438-1127-4d69-85eb-3729edff09b4,e8fddf02-f452-41cd-b1f3-cf16eb1b635f,c2,DROP,687,?,x7,
1769494749.0562248,FORWARDED,1e8a6438-1127-4d69-85eb-3729edff09b4,e8fddf02-f452-41cd-b1f3-cf16eb1b635f,c2,DROP,687,?,x7,
1769494749.161266,RECEIVED,609daf05-fd71-4d70-9e2d-1ae4100311f3,6aca5735-cffd-4529-a8f2-1da66be7c127,c1,DROP,442,x5,?,
1769494749.2959907,SENT,0b905c61-9e4d-4932-97fb-b56e5b6fb18f,274a9b3f-882e-4eca-be0c-dbca637f85e1,c5,c2,1252,?,x9,
1769494749.296032,FORWARDED,0b905c61-9e4d-4932-97fb-b56e5b6fb18f,274a9b3f-882e-4eca-be0c-dbca637f85e1,c5,c2,1252,?,x9,
1769494749.3666523,RECEIVED,703eca06-94d9-4656-8041-39b726504b4d,c610bc41-db5d-4954-9ac1-9c23ea7e5ae0,c2,DROP,1011,e7,?,
1769494749.6483598,SENT,61334484-83c9-4265-bf38-bf3fc7590ac4,159301ff-3b9f-4fd2-86d1-a5faa175e4b5,c3,c5,1259,?,x6,
1769494749.6484,FORWARDED,61334484-83c9-4265-bf38-bf3fc7590ac4,159301ff-3b9f-4fd2-86d1-a5faa175e4b5,c3,c5,1259,?,x6,
1769494749.8376157,SENT,703eca06-94d9-4656-8041-39b726504b4d,c610bc41-db5d-4954-9ac1-9c23ea7e5ae0,c2,DROP,687,?,x4,
1769494749.837657,FORWARDED,703eca06-94d9-4656-8041-39b726504b4d,c610bc41-db5d-4954-9ac1-9c23ea7e5ae0,c2,DROP,687,?,x4,
1769494750.4147751,RECEIVED,a1550de4-dbfb-4b6c-860b-a5f0de6ce216,36f51e5a-6e60-471a-9492-d77f59f14e89,c1,DROP,1013,e2,?,
1769494750.605612,SENT,a1550de4-dbfb-4b6c-860b-a5f0de6ce216,36f51e5a-6e60-471a-9492-d77f59f14e89,c1,DROP,687,?,x10,
1769494750.6056557,FORWARDED,a1550de4-dbfb-4b6c-860b-a5f0de6ce216,36f51e5a-6e60-471a-9492-d77f59f14e89,c1,DROP,687,?,x10,
1769494750.6472933,RECEIVED,2699d7de-2e5b-48c8-aeb6-5a040ad9ba78,88494dc4-33e7-4aa4-8a75-11f1c2e8d906,c1,DROP,445,x9,?,
1769494750.6620388,RECEIVED,3a3ff38e-481e-4ae5-bac8-50163f5cb39f,2d93b046-e788-44f5-89e9-73faa900a8a2,c4,DROP,1016,e3,?,
1769494750.7288425,RECEIVED,e7ab602e-1a46-40b5-9ce1-337d2a7924da,ff7bef35-b488-4586-966d-272ff27eed37,c1,DROP,1012,e2,?,
1769494750.8057284,SENT,e7ab602e-1a46-40b5-9ce1-337d2a7924da,ff7bef35-b488-4586-966d-272ff27eed37,c1,DROP,686,?,x3,
1769494750.8057716,FORWARDED,e7ab602e-1a46-40b5-9ce1-337d2a7924da,ff7bef35-b488-4586-966d-272ff27eed37,c1,DROP,686,?,x3,
1769494750.938414,RECEIVED,9b0d1ddd-5822-4b8e-b401-a386faaf827c,f3636802-7c3b-42b2-9bea-db777dab32da,c1,DROP,1013,e6,?,
1769494750.950932,SENT,3a3ff38e-481e-4ae5-bac8-50163f5cb39f,2d93b046-e788-44f5-89e9-73faa900a8a2,c4,DROP,689,?,x4,
1769494750.9509733,FORWARDED,3a3ff38e-481e-4ae5-bac8-50163f5cb39f,2d93b046-e788-44f5-89e9-73faa900a8a2,c4,DROP,689,?,x4,
1769494750.9737315,RECEIVED,d269f485-038f-465f-b005-48c2625fed36,390dec0c-9ba3-4992-b4d4-2e61c1eeb429,c4,DROP,1012,e7,?,
1769494751.0266702,RECEIVED,432dfa52-6e6e-49d8-8a80-9dda33bdc878,8909ed9f-1c6d-49b9-b182-0887069b7dcb,c5,DROP,1007,e9,?,
1769494751.0395236,RECEIVED,56f1b614-fa33-4a8b-abc7-740fa2ae53a9,09e4abc3-613e-4ae9-a501-5dc677bbccb6,c1,DROP,1011,e8,?,
1769494751.0737412,SENT,432dfa52-6e6e-49d8-8a80-9dda33bdc878,8909ed9f-1c6d-49b9-b182-0887069b7dcb,c5,DROP,684,?,x2,
1769494751.0737808,FORWARDED,432dfa52-6e6e-49d8-8a80-9dda33bdc878,8909ed9f-1c6d-49b9-b182-0887069b7dcb,c5,DROP,684,?,x2,
1769494751.1743834,SENT,9b0d1ddd-5822-4b8e-b401-a386faaf827c,f3636802-7c3b-42b2-9bea-db777dab32da,c1,DROP,685,?,x10,
1769494751.1744213,FORWARDED,9b0d1ddd-5822-4b8e-b401-a386faaf827c,f3636802-7c3b-42b2-9bea-db777dab32da,c1,DROP,685,?,x10,
1769494751.2349591,SENT,d269f485-038f-465f-b005-48c2625fed36,390dec0c-9ba3-4992-b4d4-2e61c1eeb429,c4,DROP,687,?,x7,
1769494751.2350032,FORWARDED,d269f485-038f-465f-b005-48c2625fed36,390dec0c-9ba3-4992-b4d4-2e61c1eeb429,c4,DROP,687,?,x7,
1769494751.3429642,RECEIVED,94fb2dbc-b2d3-4962-93cc-0381135a4260,43585d57-e993-4e5e-b265-614c256b5a94,c1,DROP,443,x8,?,
1769494751.681923,RECEIVED,fee0b558-43fa-4e08-b6d9-38e341ea9d59,2137e9cd-8aa2-42fb-8077-a0c5a0ffaebd,c2,c3,1768,e8,?,
1769494751.7426338,RECEIVED,98d33863-e4e6-4a34-8345-7d1880432964,44bb5296-4c4a-47a9-8b84-d1352e07dc77,c5,DROP,1008,e11,?,
1769494751.8074427,RECEIVED,45b15e53-1047-487a-a5a7-9d3ff516759e,f3ec8a25-fa9a-407e-855d-80d665d2d968,c5,DROP,1020,e10,?,
1769494751.8505812,SENT,fee0b558-43fa-4e08-b6d9-38e341ea9d59,2137e9cd-8aa2-42fb-8077-a0c5a0ffaebd,c2,c3,1252,?,x1,
1769494751.8506155,FORWARDED,fee0b558-43fa-4e08-b6d9-38e341ea9d59,2137e9cd-8aa2-42fb-8077-a0c5a0ffaebd,c2,c3,1252,?,x1,
1769494751.997209,SENT,98d33863-e4e6-4a34-8345-7d1880432964,44bb5296-4c4a-47a9-8b84-d1352e07dc77,c5,DROP,682,?,x6,
1769494751.9972508,FORWARDED,98d33863-e4e6-4a34-8345-7d1880432964,44bb5296-4c4a-47a9-8b84-d1352e07dc77,c5,DROP,682,?,x6,
1769494752.0423713,RECEIVED,d5b48a12-39ed-466a-b512-75770544ac16,1141eba4-e68b-4117-a9e1-fca75e7de0aa,c4,DROP,1021,e10,?,
1769494752.1001413,SENT,d5b48a12-39ed-466a-b512-75770544ac16,1141eba4-e68b-4117-a9e1-fca75e7de0aa,c4,DROP,691,?,x8,
1769494752.1001763,FORWARDED,d5b48a12-39ed-466a-b512-75770544ac16,1141eba4-e68b-4117-a9e1-fca75e7de0aa,c4,DROP,691,?,x8,
1769494752.2292695,SENT,45b15e53-1047-487a-a5a7-9d3ff516759e,f3ec8a25-fa9a-407e-855d-80d665d2d968,c5,DROP,691,?,x7,
1769494752.2293103,FORWARDED,45b15e53-1047-487a-a5a7-9d3ff516759e,f3ec8a25-fa9a-407e-855d-80d665d2d968,c5,DROP,691,?,x7,
1769494752.2592041,RECEIVED,5c98b816-b5c9-4dc3-a41c-9cb7207e0aeb,be046839-23a3-4333-ad46-c9d2a5f04941,c4,DROP,1016,e8,?,
1769494752.4146054,SENT,5c98b816-b5c9-4dc3-a41c-9cb7207e0aeb,be046839-23a3-4333-ad46-c9d2a5f04941,c4,DROP,688,?,x1,
1769494752.4146454,FORWARDED,5c98b816-b5c9-4dc3-a41c-9cb7207e0aeb,be046839-23a3-4333-ad46-c9d2a5f04941,c4,DROP,688,?,x1,
1769494752.4502919,SENT,56f1b614-fa33-4a8b-abc7-740fa2ae53a9,09e4abc3-613e-4ae9-a501-5dc677bbccb6,c1,DROP,687,?,x3,
1769494752.4504154,FORWARDED,56f1b614-fa33-4a8b-abc7-740fa2ae53a9,09e4abc3-613e-4ae9-a501-5dc677bbccb6,c1,DROP,687,?,x3,
1769494752.4850123,RECEIVED,993ae239-1267-4517-996f-2280a9abe505,64fe51d5-04c6-4104-b6c1-d3bd5022e4b1,c4,DROP,1007,e6,?,
1769494752.4994054,RECEIVED,b2ca5b91-a86e-49e6-9fe2-9e4f111d76ef,05908984-619a-4866-9455-d116c5731524,c3,DROP,1020,e4,?,
1769494752.5939872,SENT,b2ca5b91-a86e-49e6-9fe2-9e4f111d76ef,05908984-619a-4866-9455-d116c5731524,c3,DROP,693,?,x5,
1769494752.594171,FORWARDED,b2ca5b91-a86e-49e6-9fe2-9e4f111d76ef,05908984-619a-4866-9455-d116c5731524,c3,DROP,693,?,x5,
1769494753.0813944,RECEIVED,70eda6c1-c090-47c5-8617-293c487698d7,8aa3f568-69cc-48a7-9d4c-93d4d812506f,c4,DROP,446,x10,?,
1769494753.1954343,RECEIVED,380bdac1-3c4b-411d-bf87-4dceb1297359,457eee6e-05bd-4620-880f-38e87a0777fa,c5,DROP,1015,e9,?,
1769494753.1958098,RECEIVED,e4e7efba-ab5c-43e6-b11c-402c061548cc,c6c573fe-7803-4a94-91d4-9bd814927663,c1,DROP,1019,e7,?,
1769494753.2641401,RECEIVED,39379f3e-09cf-4419-907c-1706507831b7,f5d6666d-c460-4633-a23c-e112afcb5f17,c3,DROP,1007,e6,?,
1769494753.3304284,RECEIVED,f84e51b2-ff4c-4fcf-8b6d-48482697f3ae,55645d9e-796b-4aa6-9d97-2dc613fe6be6,c2,c3,1785,e12,?,
1769494753.4035604,RECEIVED,3e38fdb7-22da-42ee-aba3-b08d13030126,5625381a-c3c6-4207-9c71-0c592ed8f7a0,c4,c5,1779,e11,?,
1769494753.4270146,RECEIVED,07ce3673-618e-451b-99b1-94da208fbe16,81fc4e63-5900-4008-90c1-f34e57c5a036,c2,DROP,442,x12,?,
1769494753.4797702,SENT,f84e51b2-ff4c-4fcf-8b6d-48482697f3ae,55645d9e-796b-4aa6-9d97-2dc613fe6be6,c2,c3,1264,?,x11,
1769494753.4798129,FORWARDED,f84e51b2-ff4c-4fcf-8b6d-48482697f3ae,55645d9e-796b-4aa6-9d97-2dc613fe6be6,c2,c3,1264,?,x11,
1769494753.4987533,RECEIVED,5aab4007-6e52-41c6-b2df-7873abc96475,122fe35a-d92c-41f0-a48d-d80fbaf3e5a5,c1,DROP,439,x7,?,
1769494753.4994714,RECEIVED,686e9946-a886-4cf2-b68e-246371f80f35,cf0cc071-c7a9-48c9-96a7-3062323b6035,c4,c5,1788,e8,?,
1769494753.5730405,RECEIVED,95382bf7-268b-443b-9f48-462990bc45cd,daa29438-3ece-4081-9895-bf1124ead0eb,c3,c5,1775,e5,?,
1769494753.5848653,RECEIVED,911a540e-fdcd-4836-a1e3-81617abc4145,11718207-5956-4f89-a503-b0aaae9eccc3,c4,DROP,1021,e12,?,
1769494753.6658185,SENT,686e9946-a886-4cf2-b68e-246371f80f35,cf0cc071-c7a9-48c9-96a7-3062323b6035,c4,c5,1267,?,x2,
1769494753.6658623,FORWARDED,686e9946-a886-4cf2-b68e-246371f80f35,cf0cc071-c7a9-48c9-96a7-3062323b6035,c4,c5,1267,?,x2,
1769494753.679321,SENT,3e38fdb7-22da-42ee-aba3-b08d13030126,5625381a-c3c6-4207-9c71-0c592ed8f7a0,c4,c5,1263,?,x4,
1769494753.679363,FORWARDED,3e38fdb7-22da-42ee-aba3-b08d13030126,5625381a-c3c6-4207-9c71-0c592ed8f7a0,c4,c5,1263,?,x4,
1769494753.7735658,RECEIVED,c908800b-8d48-4d34-91fc-3c55163a9e92,79185cb7-4008-4e2b-89cd-57c015a453b6,c1,DROP,1011,e1,?,
1769494753.817811,SENT,911a540e-fdcd-4836-a1e3-81617abc4145,11718207-5956-4f89-a503-b0aaae9eccc3,c4,DROP,691,?,x11,
1769494753.817853,FORWARDED,911a540e-fdcd-4836-a1e3-81617abc4145,11718207-5956-4f89-a503-b0aaae9eccc3,c4,DROP,691,?,x11,
1769494753.9314525,SENT,95382bf7-268b-443b-9f48-462990bc45cd,daa29438-3ece-4081-9895-bf1124ead0eb,c3,c5,1259,?,x6,
1769494753.9314914,FORWARDED,95382bf7-268b-443b-9f48-462990bc45cd,daa29438-3ece-4081-9895-bf1124ead0eb,c3,c5,1259,?,x6,
1769494753.9538963,SENT,39379f3e-09cf-4419-907c-1706507831b7,f5d6666d-c460-4633-a23c-e112afcb5f17,c3,DROP,682,?,x3,
1769494753.9539323,FORWARDED,39379f3e-09cf-4419-907c-1706507831b7,f5d6666d-c460-4633-a23c-e112afcb5f17,c3,DROP,682,?,x3,
1769494754.0093768,SENT,380bdac1-3c4b-411d-bf87-4dceb1297359,457eee6e-05bd-4620-880f-38e87a0777fa,c5,DROP,688,?,x4,
1769494754.0094178,FORWARDED,380bdac1-3c4b-411d-bf87-4dceb1297359,457eee6e-05bd-4620-880f-38e87a0777fa,c5,DROP,688,?,x4,
1769494754.0193996,SENT,c908800b-8d48-4d34-91fc-3c55163a9e92,79185cb7-4008-4e2b-89cd-57c015a453b6,c1,DROP,687,?,x8,
1769494754.019442,FORWARDED,c908800b-8d48-4d34-91fc-3c55163a9e92,79185cb7-4008-4e2b-89cd-57c015a453b6,c1,DROP,687,?,x8,
1769494754.679076,RECEIVED,02267338-2b28-41ff-b89a-263e2dae405d,e23a3031-14da-4660-9f71-d8579a38bcff,c5,DROP,1008,e4,?,
1769494754.752307,SENT,02267338-2b28-41ff-b89a-263e2dae405d,e23a3031-14da-4660-9f71-d8579a38bcff,c5,DROP,684,?,x4,
1769494754.7523487,FORWARDED,02267338-2b28-41ff-b89a-263e2dae405d,e23a3031-14da-4660-9f71-d8579a38bcff,c5,DROP,684,?,x4,
1769494754.859959,RECEIVED,4b4fdf64-8aeb-4efa-ae92-53f6c31d4b27,c43828ac-8aa7-4390-a72a-2930d4edfe99,c2,DROP,1011,e3,?,
1769494754.9466014,RECEIVED,d0a4d6eb-7b59-4baf-9b31-955e9e645ad8,8ea4937f-2a80-44db-9b57-786adc1c504e,c4,DROP,1009,e3,?,
1769494754.9721808,SENT,993ae239-1267-4517-996f-2280a9abe505,64fe51d5-04c6-4104-b6c1-d3bd5022e4b1,c4,DROP,684,?,x9,
1769494754.9722207,FORWARDED,993ae239-1267-4517-996f-2280a9abe505,64fe51d5-04c6-4104-b6c1-d3bd5022e4b1,c4,DROP,684,?,x9,
1769494754.9972265,RECEIVED,8c4c025e-dd0a-4032-b8f6-70deabd6e86d,705cf3fd-3d7f-4d56-bdb2-32e4d0908690,c2,DROP,1011,e8,?,
1769494755.0085874,SENT,d0a4d6eb-7b59-4baf-9b31-955e9e645ad8,8ea4937f-2a80-44db-9b57-786adc1c504e,c4,DROP,684,?,x4,
1769494755.0086231,FORWARDED,d0a4d6eb-7b59-4baf-9b31-955e9e645ad8,8ea4937f-2a80-44db-9b57-786adc1c504e,c4,DROP,684,?,x4,
1769494755.214193,SENT,4b4fdf64-8aeb-4efa-ae92-53f6c31d4b27,c43828ac-8aa7-4390-a72a-2930d4edfe99,c2,DROP,687,?,x1,
1769494755.2142355,FORWARDED,4b4fdf64-8aeb-4efa-ae92-53f6c31d4b27,c43828ac-8aa7-4390-a72a-2930d4edfe99,c2,DROP,687,?,x1,
1769494755.3242805,SENT,8c4c025e-dd0a-4032-b8f6-70deabd6e86d,705cf3fd-3d7f-4d56-bdb2-32e4d0908690,c2,DROP,685,?,x9,
1769494755.3243234,FORWARDED,8c4c025e-dd0a-4032-b8f6-70deabd6e86d,705cf3fd-3d7f-4d56-bdb2-32e4d0908690,c2,DROP,685,?,x9,
1769494755.399856,RECEIVED,bb303b40-96a1-465f-9027-0b0c73f5af4a,aad3da0a-c381-4bda-9d03-ed991a39aceb,c1,DROP,1009,e6,?,
1769494755.4096553,RECEIVED,334331a2-c252-40fd-892d-3d360b45840c,62967b34-af26-4ac2-9cef-142c8ad2665a,c5,DROP,1019,e6,?,
1769494755.4272113,SENT,bb303b40-96a1-465f-9027-0b0c73f5af4a,aad3da0a-c381-4bda-9d03-ed991a39aceb,c1,DROP,684,?,x1,
1769494755.4272592,FORWARDED,bb303b40-96a1-465f-9027-0b0c73f5af4a,aad3da0a-c381-4bda-9d03-ed991a39aceb,c1,DROP,684,?,x1,
1769494755.4406908,RECEIVED,52568b67-c558-4cd2-b9bf-f031cc543ffe,e935a521-bfa0-41d3-b67a-07f27844d868,c3,DROP,1012,e9,?,
1769494755.598416,RECEIVED,9edb0a2f-c9f0-4e5d-8aed-3158a9267803,2d055670-5292-4264-9658-1125b6327301,c5,c2,1788,e11,?,
1769494755.6307366,SENT,52568b67-c558-4cd2-b9bf-f031cc543ffe,e935a521-bfa0-41d3-b67a-07f27844d868,c3,DROP,687,?,x9,
1769494755.630778,FORWARDED,52568b67-c558-4cd2-b9bf-f031cc543ffe,e935a521-bfa0-41d3-b67a-07f27844d868,c3,DROP,687,?,x9,
1769494755.662909,RECEIVED,96a759cf-33b9-4f62-8fa3-749d3a23deb3,49f78719-ae93-4960-84d2-430accb915e4,c4,DROP,1008,e6,?,
1769494755.766285,RECEIVED,92c9c19f-77c2-4ca2-96fe-c5152fcd9f36,c7877564-cd2f-45aa-baf6-13c68a5bb805,c1,DROP,1011,e6,?,
1769494755.8505075,RECEIVED,66ca2e85-7140-4be7-bb8d-36e77524e8b0,e8c30729-5cea-4201-9a9c-56ee2bdc0c38,c1,DROP,1020,e8,?,
1769494755.8670003,RECEIVED,c81e723e-3298-4516-8f6f-d88cc9fa18a2,a09cfb65-7a4d-48c2-9910-f0f6efc31f2a,c2,DROP,1007,e12,?,
1769494755.8764677,RECEIVED,a6243b0a-a068-460e-af0f-35c6f0ad9c39,ca880590-66c8-41d6-968b-6ee9d0980c09,c1,c5,1771,e9,?,
1769494755.8768482,SENT,96a759cf-33b9-4f62-8fa3-749d3a23deb3,49f78719-ae93-4960-84d2-430accb915e4,c4,DROP,683,?,x6,
1769494755.876885,FORWARDED,96a759cf-33b9-4f62-8fa3-749d3a23deb3,49f78719-ae93-4960-84d2-430accb915e4,c4,DROP,683,?,x6,
1769494755.893062,SENT,e4e7efba-ab5c-43e6-b11c-402c061548cc,c6c573fe-7803-4a94-91d4-9bd814927663,c1,DROP,692,?,x2,
1769494755.8931055,FORWARDED,e4e7efba-ab5c-43e6-b11c-402c061548cc,c6c573fe-7803-4a94-91d4-9bd814927663,c1,DROP,692,?,x2,
1769494755.9892652,RECEIVED,a6afb456-56f6-4538-b391-a1bca6cf33b1,58bfe1c4-337a-4520-8af6-c8c5ea53eac6,c5,DROP,441,x7,?,
1769494756.032651,RECEIVED,034fa4c7-6226-488d-8cf2-6014e04e3bbd,d81b858b-0547-406b-b796-1f384776c8c3,c5,DROP,443,x2,?,
1769494756.069083,RECEIVED,698260a0-af34-4998-b2d8-4531e072e966,7a41a89a-a04b-4c41-9e9a-4f0956ff081c,c5,c2,1774,e1,?,
1769494756.108885,RECEIVED,ca890a25-abdd-4ba1-bd97-fa3d99caf7d1,5ce47892-c065-4a88-9f39-b5cf1c216728,c1,DROP,1008,e1,?,
1769494756.145373,RECEIVED,05b8a284-0806-4872-af46-cc9bf44bac7a,99a613ed-8e09-4bab-a192-c6a2f39ccd49,c3,DROP,1009,e6,?,
1769494756.1620677,SENT,66ca2e85-7140-4be7-bb8d-36e77524e8b0,e8c30729-5cea-4201-9a9c-56ee2bdc0c38,c1,DROP,692,?,x12,
1769494756.1621108,FORWARDED,66ca2e85-7140-4be7-bb8d-36e77524e8b0,e8c30729-5cea-4201-9a9c-56ee2bdc0c38,c1,DROP,692,?,x12,
1769494756.2288182,SENT,92c9c19f-77c2-4ca2-96fe-c5152fcd9f36,c7877564-cd2f-45aa-baf6-13c68a5bb805,c1,DROP,687,?,x6,
1769494756.2288585,FORWARDED,92c9c19f-77c2-4ca2-96fe-c5152fcd9f36,c7877564-cd2f-45aa-baf6-13c68a5bb805,c1,DROP,687,?,x6,
1769494756.3254218,RECEIVED,6abbcf4b-d1bd-41eb-b7c2-24c69c67d949,b3bda330-7ac2-4eee-bfbc-41bb8100d634,c1,DROP,442,x6,?,
1769494756.3517563,SENT,ca890a25-abdd-4ba1-bd97-fa3d99caf7d1,5ce47892-c065-4a88-9f39-b5cf1c216728,c1,DROP,683,?,x1,
1769494756.351797,FORWARDED,ca890a25-abdd-4ba1-bd97-fa3d99caf7d1,5ce47892-c065-4a88-9f39-b5cf1c216728,c1,DROP,683,?,x1,
1769494756.3776665,SENT,05b8a284-0806-4872-af46-cc9bf44bac7a,99a613ed-8e09-4bab-a192-c6a2f39ccd49,c3,DROP,683,?,x11,
1769494756.377708,FORWARDED,05b8a284-0806-4872-af46-cc9bf44bac7a,99a613ed-8e09-4bab-a192-c6a2f39ccd49,c3,DROP,683,?,x11,
1769494756.3910394,SENT,698260a0-af34-4998-b2d8-4531e072e966,7a41a89a-a04b-4c41-9e9a-4f0956ff081c,c5,c2,1260,?,x8,
1769494756.3911035,FORWARDED,698260a0-af34-4998-b2d8-4531e072e966,7a41a89a-a04b-4c41-9e9a-4f0956ff081c,c5,c2,1260,?,x8,
1769494756.3956683,SENT,c81e723e-3298-4516-8f6f-d88cc9fa18a2,a09cfb65-7a4d-48c2-9910-f0f6efc31f2a,c2,DROP,683,?,x2,
1769494756.3957112,FORWARDED,c81e723e-3298-4516-8f6f-d88cc9fa18a2,a09cfb65-7a4d-48c2-9910-f0f6efc31f2a,c2,DROP,683,?,x2,
1769494756.4348252,SENT,9edb0a2f-c9f0-4e5d-8aed-3158a9267803,2d055670-5292-4264-9658-1125b6327301,c5,c2,1267,?,x12,
1769494756.434866,FORWARDED,9edb0a2f-c9f0-4e5d-8aed-3158a9267803,2d055670-5292-4264-9658-1125b6327301,c5,c2,1267,?,x12,
1769494756.470908,RECEIVED,1eb627cf-3926-4747-a311-136f7d1c34e8,3b14ea63-6ec5-4812-9126-3f2b9d66cb97,c1,DROP,441,x9,?,
1769494756.4831948,SENT,a6243b0a-a068-460e-af0f-35c6f0ad9c39,ca880590-66c8-41d6-968b-6ee9d0980c09,c1,c5,1255,?,x6,
1769494756.4832377,FORWARDED,a6243b0a-a068-460e-af0f-35c6f0ad9c39,ca880590-66c8-41d6-968b-6ee9d0980c09,c1,c5,1255,?,x6,
1769494756.505759,RECEIVED,5e36a197-272d-417e-b2c1-c2934323e9d0,03db7a1b-d020-4890-b7da-00fcbc7c3792,c4,DROP,1007,e9,?,
1769494756.5939531,SENT,334331a2-c252-40fd-892d-3d360b45840c,62967b34-af26-4ac2-9cef-142c8ad2665a,c5,DROP,692,?,x8,
1769494756.5939944,FORWARDED,334331a2-c252-40fd-892d-3d360b45840c,62967b34-af26-4ac2-9cef-142c8ad2665a,c5,DROP,692,?,x8,
1769494756.621197,RECEIVED,58111dcc-7b53-4571-bf7b-49b4ad108aaa,07a0afb4-3c95-4822-a76a-cdc53e0bc191,c5,c2,1771,e1,?,
1769494756.6616387,RECEIVED,6529f0d5-16c7-417e-b3eb-3bed8e5b5e1e,1a58dafe-8c54-4037-b379-b756d70c5024,c3,DROP,1015,e11,?,
1769494756.7149763,RECEIVED,9b3346c6-6c91-4bc2-92e7-31f1cbe87191,a27f1041-c3ba-4579-9f31-1279c6a2b5d9,c3,DROP,1007,e10,?,
1769494756.7260256,RECEIVED,c3333f66-8b9b-4b61-a458-711fca683bd8,f8ceaa05-0cad-4f89-9f65-978873354fd4,c2,DROP,1008,e10,?,
1769494756.8006725,RECEIVED,97c19830-b56b-4feb-b1e2-22faadde2a32,d1edb617-1c81-41be-b4e8-0a298c253e0a,c3,DROP,1014,e3,?,
1769494756.8096054,SENT,97c19830-b56b-4feb-b1e2-22faadde2a32,d1edb617-1c81-41be-b4e8-0a298c253e0a,c3,DROP,685,?,x7,
1769494756.8096466,FORWARDED,97c19830-b56b-4feb-b1e2-22faadde2a32,d1edb617-1c81-41be-b4e8-0a298c253e0a,c3,DROP,685,?,x7,
1769494756.8138773,SENT,6529f0d5-16c7-417e-b3eb-3bed8e5b5e1e,1a58dafe-8c54-4037-b379-b756d70c5024,c3,DROP,688,?,x1,
1769494756.8139188,FORWARDED,6529f0d5-16c7-417e-b3eb-3bed8e5b5e1e,1a58dafe-8c54-4037-b379-b756d70c5024,c3,DROP,688,?,x1,
1769494756.8997095,RECEIVED,2977eefe-5341-4ebc-99cf-4dba17332346,5d89bc0b-0eb9-4fd0-b542-b52db15f8ec9,c2,DROP,1021,e4,?,
1769494756.948109,SENT,2977eefe-5341-4ebc-99cf-4dba17332346,5d89bc0b-0eb9-4fd0-b542-b52db15f8ec9,c2,DROP,691,?,x10,
1769494756.9481544,FORWARDED,2977eefe-5341-4ebc-99cf-4dba17332346,5d89bc0b-0eb9-4fd0-b542-b52db15f8ec9,c2,DROP,691,?,x10,
1769494756.9758377,SENT,c3333f66-8b9b-4b61-a458-711fca683bd8,f8ceaa05-0cad-4f89-9f65-978873354fd4,c2,DROP,683,?,x6,
1769494756.9758818,FORWARDED,c3333f66-8b9b-4b61-a458-711fca683bd8,f8ceaa05-0cad-4f89-9f65-978873354fd4,c2,DROP,683,?,x6,
1769494757.0281372,SENT,5e36a197-272d-417e-b2c1-c2934323e9d0,03db7a1b-d020-4890-b7da-00fcbc7c3792,c4,DROP,683,?,x8,
1769494757.0281787,FORWARDED,5e36a197-272d-417e-b2c1-c2934323e9d0,03db7a1b-d020-4890-b7da-00fcbc7c3792,c4,DROP,683,?,x8,
1769494757.0570683,SENT,9b3346c6-6c91-4bc2-92e7-31f1cbe87191,a27f1041-c3ba-4579-9f31-1279c6a2b5d9,c3,DROP,684,?,x7,
1769494757.0571117,FORWARDED,9b3346c6-6c91-4bc2-92e7-31f1cbe87191,a27f1041-c3ba-4579-9f31-1279c6a2b5d9,c3,DROP,684,?,x7,
1769494757.2657669,SENT,58111dcc-7b53-4571-bf7b-49b4ad108aaa,07a0afb4-3c95-4822-a76a-cdc53e0bc191,c5,c2,1256,?,x9,
1769494757.2658515,FORWARDED,58111dcc-7b53-4571-bf7b-49b4ad108aaa,07a0afb4-3c95-4822-a76a-cdc53e0bc191,c5,c2,1256,?,x9,
1769494757.2947006,RECEIVED,f3ac1bdf-21b1-4fec-89bd-ca430109f5b6,2e7e9447-7248-4f8e-b55e-eae53f0c169f,c4,c5,1767,e4,?,
1769494757.5608492,RECEIVED,bfa81524-27bc-4af3-a7cb-a713f461af5c,197c786a-2d2c-4a89-ac44-a27afd0756eb,c3,DROP,445,x10,?,
1769494757.6183574,RECEIVED,f7f4d0be-a3da-46d6-b90c-52bd95addd3a,1309992f-725e-4b72-8c57-0a8a8cefedac,c2,DROP,1020,e4,?,
1769494757.701792,RECEIVED,a94c05b7-3297-4c79-9793-4489c7931a22,e5f630b3-f8c6-4cca-bfd5-a6b6452353f7,c2,DROP,447,x10,?,
1769494757.8092406,SENT,f3ac1bdf-21b1-4fec-89bd-ca430109f5b6,2e7e9447-7248-4f8e-b55e-eae53f0c169f,c4,c5,1252,?,x2,
1769494757.809286,FORWARDED,f3ac1bdf-21b1-4fec-89bd-ca430109f5b6,2e7e9447-7248-4f8e-b55e-eae53f0c169f,c4,c5,1252,?,x2,
1769494757.9493856,SENT,f7f4d0be-a3da-46d6-b90c-52bd95addd3a,1309992f-725e-4b72-8c57-0a8a8cefedac,c2,DROP,693,?,x10,
1769494757.9497278,FORWARDED,f7f4d0be-a3da-46d6-b90c-52bd95addd3a,1309992f-725e-4b72-8c57-0a8a8cefedac,c2,DROP,693,?,x10,
1769494758.136805,RECEIVED,d8598ddd-a679-4237-9700-5fb444563022,ec2723be-4e24-4fdb-9882-5278b81fd245,c3,DROP,1010,e3,?,
1769494758.2059743,RECEIVED,5e6a9cff-a426-4eac-b226-f299ea4c6cc7,f6f3100f-cb05-4ba4-8c8a-7ad0a476737f,c3,DROP,1015,e12,?,
1769494758.2992904,RECEIVED,f2456936-fb6c-458d-949b-c99da5c12386,ba0654a0-daa6-4bfe-a546-11be65074aca,c3,DROP,1019,e12,?,
1769494758.455477,SENT,f2456936-fb6c-458d-949b-c99da5c12386,ba0654a0-daa6-4bfe-a546-11be65074aca,c3,DROP,692,?,x8,
1769494758.4555144,FORWARDED,f2456936-fb6c-458d-949b-c99da5c12386,ba0654a0-daa6-4bfe-a546-11be65074aca,c3,DROP,692,?,x8,
1769494758.4990013,SENT,5e6a9cff-a426-4eac-b226-f299ea4c6cc7,f6f3100f-cb05-4ba4-8c8a-7ad0a476737f,c3,DROP,688,?,x2,
1769494758.499148,FORWARDED,5e6a9cff-a426-4eac-b226-f299ea4c6cc7,f6f3100f-cb05-4ba4-8c8a-7ad0a476737f,c3,DROP,688,?,x2,
1769494758.5170016,RECEIVED,3ad81d52-d158-450e-ace1-7dd44fb6ab09,46e51f85-98b7-4e4d-bc51-72044df33ac0,c5,c2,1783,e12,?,
1769494758.7479558,RECEIVED,51d3800a-ce57-4925-b93b-a0f4f8817ac6,3ab906d0-996a-4111-9623-1d6fa94a92fa,c4,DROP,1019,e6,?,
1769494758.7580233,SENT,d8598ddd-a679-4237-9700-5fb444563022,ec2723be-4e24-4fdb-9882-5278b81fd245,c3,DROP,686,?,x4,
1769494758.7580776,FORWARDED,d8598ddd-a679-4237-9700-5fb444563022,ec2723be-4e24-4fdb-9882-5278b81fd245,c3,DROP,686,?,x4,
1769494758.8077383,SENT,51d3800a-ce57-4925-b93b-a0f4f8817ac6,3ab906d0-996a-4111-9623-1d6fa94a92fa,c4,DROP,692,?,x6,
1769494758.8077826,FORWARDED,51d3800a-ce57-4925-b93b-a0f4f8817ac6,3ab906d0-996a-4111-9623-1d6fa94a92fa,c4,DROP,692,?,x6,
1769494758.810437,RECEIVED,18f9c703-4bf7-42d6-b74c-00ffd30f916e,c6207563-7eea-4b53-aa47-889e132bab28,c2,c3,1777,e1,?,
1769494758.8277502,RECEIVED,62332fee-623a-42c5-9e48-762d88d1039e,787782ec-5fe5-414a-b0d8-b54885a5bdc9,c4,DROP,1020,e6,?,
1769494758.8821785,RECEIVED,a8f8f9ec-4a92-4950-b2dc-4208f6117010,d3bc5972-17b9-4d1c-b584-7c3cf1aee80e,c5,c2,1764,e10,?,
1769494758.9204865,SENT,18f9c703-4bf7-42d6-b74c-00ffd30f916e,c6207563-7eea-4b53-aa47-889e132bab28,c2,c3,1260,?,x12,
1769494758.92053,FORWARDED,18f9c703-4bf7-42d6-b74c-00ffd30f916e,c6207563-7eea-4b53-aa47-889e132bab28,c2,c3,1260,?,x12,
1769494759.191346,SENT,a8f8f9ec-4a92-4950-b2dc-4208f6117010,d3bc5972-17b9-4d1c-b584-7c3cf1aee80e,c5,c2,1251,?,x8,
1769494759.1913867,FORWARDED,a8f8f9ec-4a92-4950-b2dc-4208f6117010,d3bc5972-17b9-4d1c-b584-7c3cf1aee80e,c5,c2,1251,?,x8,
1769494759.2527893,RECEIVED,643ffd42-3b1c-43e9-8c25-f0daf3449249,7a5337a5-5c82-4632-9111-32c8ba87a9c7,c5,c2,1779,e2,?,
1769494759.325221,RECEIVED,85a716cf-410d-4eb8-8906-0d62c54c910a,8265ca8f-0396-42d5-bc30-fe6e5047da22,c5,DROP,1017,e11,?,
1769494759.4363933,SENT,85a716cf-410d-4eb8-8906-0d62c54c910a,8265ca8f-0396-42d5-bc30-fe6e5047da22,c5,DROP,688,?,x10,
1769494759.4364314,FORWARDED,85a716cf-410d-4eb8-8906-0d62c54c910a,8265ca8f-0396-42d5-bc30-fe6e5047da22,c5,DROP,688,?,x10,
1769494759.4580102,RECEIVED,e0095bd4-6a72-44ac-abf3-42c437e385e4,39511a49-4d21-4dc3-84b0-546028903e84,c5,DROP,1020,e6,?,
1769494759.5240169,RECEIVED,3efa3350-1e05-4033-a820-0553d8eabe36,54af38ee-d207-4ea5-8b8b-0fc44ed17bb6,c5,c2,1780,e4,?,
1769494759.5481915,RECEIVED,39fb2188-c9ab-47d4-80a1-4257e52e9c83,c355fa49-e470-47f2-a89c-a6fcd3e32d7c,c2,c3,1780,e3,?,
1769494759.5717344,SENT,3efa3350-1e05-4033-a820-0553d8eabe36,54af38ee-d207-4ea5-8b8b-0fc44ed17bb6,c5,c2,1263,?,x6,
1769494759.5717754,FORWARDED,3efa3350-1e05-4033-a820-0553d8eabe36,54af38ee-d207-4ea5-8b8b-0fc44ed17bb6,c5,c2,1263,?,x6,
1769494759.6608982,SENT,62332fee-623a-42c5-9e48-762d88d1039e,787782ec-5fe5-414a-b0d8-b54885a5bdc9,c4,DROP,692,?,x10,
1769494759.6609414,FORWARDED,62332fee-623a-42c5-9e48-762d88d1039e,787782ec-5fe5-414a-b0d8-b54885a5bdc9,c4,DROP,692,?,x10,
1769494759.721191,SENT,3ad81d52-d158-450e-ace1-7dd44fb6ab09,46e51f85-98b7-4e4d-bc51-72044df33ac0,c5,c2,1264,?,x8,
1769494759.721234,FORWARDED,3ad81d52-d158-450e-ace1-7dd44fb6ab09,46e51f85-98b7-4e4d-bc51-72044df33ac0,c5,c2,1264,?,x8,
1769494759.7297044,RECEIVED,6bc51ef3-3257-4308-8396-20045974ac26,5d2d6323-871b-4819-976a-0c03f165a8e0,c1,DROP,1017,e5,?,
1769494759.8228178,SENT,6bc51ef3-3257-4308-8396-20045974ac26,5d2d6323-871b-4819-976a-0c03f165a8e0,c1,DROP,688,?,x6,
1769494759.8230164,FORWARDED,6bc51ef3-3257-4308-8396-20045974ac26,5d2d6323-871b-4819-976a-0c03f165a8e0,c1,DROP,688,?,x6,
1769494759.9185467,RECEIVED,731b6ea6-15e9-4c7e-a726-3034dc7941aa,6714e330-a82c-4642-b18d-6b0a16d1c1be,c1,DROP,446,x4,?,
1769494759.9491947,RECEIVED,daa896a4-53f0-44a7-8424-9d7c77706bea,388cd486-86d2-4927-8fc4-22593bc429fc,c5,DROP,1015,e2,?,
1769494760.004693,SENT,643ffd42-3b1c-43e9-8c25-f0daf3449249,7a5337a5-5c82-4632-9111-32c8ba87a9c7,c5,c2,1263,?,x2,
1769494760.004734,FORWARDED,643ffd42-3b1c-43e9-8c25-f0daf3449249,7a5337a5-5c82-4632-9111-32c8ba87a9c7,c5,c2,1263,?,x2,
1769494760.1529284,SENT,e0095bd4-6a72-44ac-abf3-42c437e385e4,39511a49-4d21-4dc3-84b0-546028903e84,c5,DROP,693,?,x11,
1769494760.1529706,FORWARDED,e0095bd4-6a72-44ac-abf3-42c437e385e4,39511a49-4d21-4dc3-84b0-546028903e84,c5,DROP,693,?,x11,
1769494760.205342,RECEIVED,ebfab63a-173a-43db-823c-04a8115d2d4a,8de6a43b-2d71-4067-844e-4071e54d1411,c1,DROP,1015,e10,?,
1769494760.4149957,RECEIVED,2728a832-a3a8-4fbe-a9d0-5032f10b8b36,f6165993-3e2a-48a5-88e6-3bb8cb16d61b,c2,DROP,1014,e2,?,
1769494760.4406686,SENT,39fb2188-c9ab-47d4-80a1-4257e52e9c83,c355fa49-e470-47f2-a89c-a6fcd3e32d7c,c2,c3,1263,?,x11,
1769494760.4407392,FORWARDED,39fb2188-c9ab-47d4-80a1-4257e52e9c83,c355fa49-e470-47f2-a89c-a6fcd3e32d7c,c2,c3,1263,?,x11,
1769494760.5376115,SENT,ebfab63a-173a-43db-823c-04a8115d2d4a,8de6a43b-2d71-4067-844e-4071e54d1411,c1,DROP,688,?,x1,
1769494760.5376513,FORWARDED,ebfab63a-173a-43db-823c-04a8115d2d4a,8de6a43b-2d71-4067-844e-4071e54d1411,c1,DROP,688,?,x1,
1769494760.5478716,RECEIVED,7512dbf3-9bdc-40b7-96b2-fc089c8cfb29,bfc7299a-ed75-4235-9498-19a9caedbf58,c5,DROP,1008,e12,?,
1769494760.6255293,SENT,daa896a4-53f0-44a7-8424-9d7c77706bea,388cd486-86d2-4927-8fc4-22593bc429fc,c5,DROP,688,?,x3,
1769494760.6255648,FORWARDED,daa896a4-53f0-44a7-8424-9d7c77706bea,388cd486-86d2-4927-8fc4-22593bc429fc,c5,DROP,688,?,x3,
1769494760.7100964,SENT,7512dbf3-9bdc-40b7-96b2-fc089c8cfb29,bfc7299a-ed75-4235-9498-19a9caedbf58,c5,DROP,683,?,x5,
1769494760.710139,FORWARDED,7512dbf3-9bdc-40b7-96b2-fc089c8cfb29,bfc7299a-ed75-4235-9498-19a9caedbf58,c5,DROP,683,?,x5,
1769494760.7432168,RECEIVED,c980cb02-f2d6-4688-a381-c9f80a41ec35,c7f746a1-fcbd-45ce-b4d3-7c86e6a15b25,c2,DROP,1015,e3,?,
1769494760.8908415,SENT,2728a832-a3a8-4fbe-a9d0-5032f10b8b36,f6165993-3e2a-48a5-88e6-3bb8cb16d61b,c2,DROP,689,?,x1,
1769494760.8908818,FORWARDED,2728a832-a3a8-4fbe-a9d0-5032f10b8b36,f6165993-3e2a-48a5-88e6-3bb8cb16d61b,c2,DROP,689,?,x1,
1769494761.0277448,RECEIVED,1231680b-d07b-488f-a467-5ee3a6750880,1fa904c9-2fd3-4147-a258-90b640623bb5,c1,DROP,1012,e11,?,
1769494761.043607,RECEIVED,b81c154a-93e8-4d92-a8af-1aa600b656b6,f730c776-bd01-4d45-b52f-e0adb1796c95,c1,DROP,1020,e2,?,
1769494761.3091886,SENT,c980cb02-f2d6-4688-a381-c9f80a41ec35,c7f746a1-fcbd-45ce-b4d3-7c86e6a15b25,c2,DROP,688,?,x8,
1769494761.309233,FORWARDED,c980cb02-f2d6-4688-a381-c9f80a41ec35,c7f746a1-fcbd-45ce-b4d3-7c86e6a15b25,c2,DROP,688,?,x8,
1769494761.3563592,RECEIVED,f34f001a-95ea-4c59-8de0-f8053ed91069,cd41f0fe-581e-4990-a439-4a242bf8bc3d,c3,c5,1777,e1,?,
1769494761.3872936,RECEIVED,4a9d7943-c97e-4031-9f45-921a35687068,2fc53f68-348b-44f1-95f9-d94420cd8c0b,c4,DROP,1009,e6,?,
1769494761.4837453,RECEIVED,7e9fb1a4-48ee-45ae-ab72-30fb7058ab3a,77c7c00f-b8da-45a5-ac6b-8622180158c7,c2,DROP,1018,e9,?,
1769494761.5019193,SENT,f34f001a-95ea-4c59-8de0-f8053ed91069,cd41f0fe-581e-4990-a439-4a242bf8bc3d,c3,c5,1259,?,x12,
1769494761.5020092,FORWARDED,f34f001a-95ea-4c59-8de0-f8053ed91069,cd41f0fe-581e-4990-a439-4a242bf8bc3d,c3,c5,1259,?,x12,
1769494761.5780725,SENT,b81c154a-93e8-4d92-a8af-1aa600b656b6,f730c776-bd01-4d45-b52f-e0adb1796c95,c1,DROP,691,?,x11,
1769494761.5781114,FORWARDED,b81c154a-93e8-4d92-a8af-1aa600b656b6,f730c776-bd01-4d45-b52f-e0adb1796c95,c1,DROP,691,?,x11,
1769494761.6869473,SENT,4a9d7943-c97e-4031-9f45-921a35687068,2fc53f68-348b-44f1-95f9-d94420cd8c0b,c4,DROP,683,?,x10,
1769494761.6869857,FORWARDED,4a9d7943-c97e-4031-9f45-921a35687068,2fc53f68-348b-44f1-95f9-d94420cd8c0b,c4,DROP,683,?,x10,
1769494761.758472,RECEIVED,72677f1b-891a-4817-942f-78a352f1ba58,001f3177-bff5-4ef4-a684-95dc6ce7585a,c2,DROP,1008,e5,?,
1769494761.810913,SENT,1231680b-d07b-488f-a467-5ee3a6750880,1fa904c9-2fd3-4147-a258-90b640623bb5,c1,DROP,687,?,x11,
1769494761.810953,FORWARDED,1231680b-d07b-488f-a467-5ee3a6750880,1fa904c9-2fd3-4147-a258-90b640623bb5,c1,DROP,687,?,x11,
1769494761.8133702,RECEIVED,68dcc532-dc51-442e-bccf-73698acbb684,45577c8b-7a01-4f8e-863f-7951e72eeb95,c3,c5,1769,e2,?,
1769494761.8251896,RECEIVED,8211970e-c52a-4b44-b53b-ec5d24c859d3,e75d6916-9ace-4a6e-94ec-f48cac9f87af,c3,DROP,1008,e7,?,
1769494761.8971143,SENT,72677f1b-891a-4817-942f-78a352f1ba58,001f3177-bff5-4ef4-a684-95dc6ce7585a,c2,DROP,683,?,x7,
1769494761.897155,FORWARDED,72677f1b-891a-4817-942f-78a352f1ba58,001f3177-bff5-4ef4-a684-95dc6ce7585a,c2,DROP,683,?,x7,
1769494761.9323258,RECEIVED,dc408f44-dd53-4a0b-8d67-addf1aebc540,e15582ee-17b3-4816-8044-36310e57654e,c3,DROP,445,x12,?,
1769494761.9417512,SENT,68dcc532-dc51-442e-bccf-73698acbb684,45577c8b-7a01-4f8e-863f-7951e72eeb95,c3,c5,1252,?,x12,
1769494761.9417944,FORWARDED,68dcc532-dc51-442e-bccf-73698acbb684,45577c8b-7a01-4f8e-863f-7951e72eeb95,c3,c5,1252,?,x12,
1769494762.0530112,SENT,8211970e-c52a-4b44-b53b-ec5d24c859d3,e75d6916-9ace-4a6e-94ec-f48cac9f87af,c3,DROP,683,?,x6,
1769494762.053062,FORWARDED,8211970e-c52a-4b44-b53b-ec5d24c859d3,e75d6916-9ace-4a6e-94ec-f48cac9f87af,c3,DROP,683,?,x6,
1769494762.3096752,RECEIVED,87a17cda-077e-4803-bf3c-dd0b57cf8269,23c83bf7-f22d-42ba-8de8-40120cb0e1e1,c1,DROP,1007,e2,?,
1769494762.3152206,RECEIVED,af5f5674-a0c7-4de2-90f0-1999d93f4d39,a2175f3c-1d62-4403-969d-5b7f20e47f3b,c1,DROP,1015,e9,?,
1769494762.3730686,RECEIVED,a45ef248-fba3-4dbe-96dc-f0cd7bfe9ff5,4800bf87-781b-445c-8276-d49e39b32bf0,c4,DROP,446,x10,?,
1769494762.380739,RECEIVED,c8e04ec1-3c3a-4004-90b5-69249697ec7b,cb461874-89c4-4394-b961-9b7f55df3e0c,c4,DROP,442,x6,?,
1769494762.4561405,RECEIVED,34a0d41b-413c-41fa-9351-7a0c204edebd,7ee369cc-966a-43b8-b9c9-1b4e41e635e5,c2,DROP,1020,e2,?,
1769494762.7678487,RECEIVED,9cd666ea-22c0-4d62-a4d6-0f81e3f9a617,055a089e-4fe2-4ea3-9e24-c3db95a0c77b,c1,DROP,1019,e9,?,
1769494762.9270864,RECEIVED,c0f0c9f3-3d5a-4641-8c6f-b7d909ea9284,a394c50c-7761-401f-b6e7-1548ce0a627d,c2,DROP,445,x3,?,
1769494763.0141976,RECEIVED,00bbb569-b592-4e0e-8d1e-f3bba3e4a4a3,0613ef6e-1d14-4483-8519-866215ea38ef,c5,DROP,441,x5,?,
1769494763.047619,SENT,87a17cda-077e-4803-bf3c-dd0b57cf8269,23c83bf7-f22d-42ba-8de8-40120cb0e1e1,c1,DROP,684,?,x6,
1769494763.0476537,FORWARDED,87a17cda-077e-4803-bf3c-dd0b57cf8269,23c83bf7-f22d-42ba-8de8-40120cb0e1e1,c1,DROP,684,?,x6,
1769494763.0879133,SENT,af5f5674-a0c7-4de2-90f0-1999d93f4d39,a2175f3c-1d62-4403-969d-5b7f20e47f3b,c1,DROP,689,?,x2,
1769494763.0879483,FORWARDED,af5f5674-a0c7-4de2-90f0-1999d93f4d39,a2175f3c-1d62-4403-969d-5b7f20e47f3b,c1,DROP,689,?,x2,
1769494763.2374768,RECEIVED,1f59580e-6fa7-4804-9499-7673d1f43eae,865cdcee-9da1-4124-a773-3cdfcda93890,c4,DROP,1013,e5,?,
1769494763.2433145,RECEIVED,7a6888a8-2ac3-4349-acb9-0737d187066c,f352c831-e29e-4a6b-9458-921de2af27d0,c3,DROP,442,x7,?,
1769494763.3052099,SENT,1f59580e-6fa7-4804-9499-7673d1f43eae,865cdcee-9da1-4124-a773-3cdfcda93890,c4,DROP,687,?,x7,
1769494763.3052497,FORWARDED,1f59580e-6fa7-4804-9499-7673d1f43eae,865cdcee-9da1-4124-a773-3cdfcda93890,c4,DROP,687,?,x7,
1769494763.4588752,SENT,9cd666ea-22c0-4d62-a4d6-0f81e3f9a617,055a089e-4fe2-4ea3-9e24-c3db95a0c77b,c1,DROP,692,?,x4,
1769494763.4589179,FORWARDED,9cd666ea-22c0-4d62-a4d6-0f81e3f9a617,055a089e-4fe2-4ea3-9e24-c3db95a0c77b,c1,DROP,692,?,x4,
1769494763.6606462,RECEIVED,331fc5b9-6346-4d91-97dd-76180ab20cd8,9f09a434-6597-4090-8f40-6ac7a76eae37,c5,DROP,1007,e12,?,
1769494763.8291934,RECEIVED,71bf26ae-b201-48a4-b580-d86c04bd2913,2177ba88-bd03-4b47-aa4c-bdfa9c57ab18,c1,DROP,1019,e9,?,
1769494763.9695725,SENT,331fc5b9-6346-4d91-97dd-76180ab20cd8,9f09a434-6597-4090-8f40-6ac7a76eae37,c5,DROP,684,?,x8,
1769494763.9696164,FORWARDED,331fc5b9-6346-4d91-97dd-76180ab20cd8,9f09a434-6597-4090-8f40-6ac7a76eae37,c5,DROP,684,?,x8,
1769494764.0172844,RECEIVED,9ddef6a8-d081-44b3-a63e-339b49f7644b,18a55063-a120-4e90-97c7-f46d3a05f639,c3,c5,1778,e1,?,
1769494764.020192,RECEIVED,70ce29ff-e38a-4469-9e10-4cec3aa41fce,19a2fd25-45c0-488c-89ec-db041934a70b,c3,DROP,442,x6,?,
1769494764.0295186,SENT,34a0d41b-413c-41fa-9351-7a0c204edebd,7ee369cc-966a-43b8-b9c9-1b4e41e635e5,c2,DROP,691,?,x12,
1769494764.0295582,FORWARDED,34a0d41b-413c-41fa-9351-7a0c204edebd,7ee369cc-966a-43b8-b9c9-1b4e41e635e5,c2,DROP,691,?,x12,
1769494764.0445838,RECEIVED,29ecb44f-49cb-4024-88bd-449ec27b0fb8,e786b4a9-b3e3-4790-86ab-8a14ee050510,c4,c5,1771,e5,?,
1769494764.0591376,RECEIVED,b18faac6-9044-497a-b08d-8dad74c2bd87,e45230a5-43ea-4af2-9cca-5d7494f5ace0,c4,DROP,1011,e5,?,
1769494764.085678,RECEIVED,a39f51b1-8c2e-411b-bd40-d0f8a5996b94,2fda4539-3114-4655-a692-c0f1c40471e9,c1,c5,1770,e9,?,
1769494764.1584022,SENT,9ddef6a8-d081-44b3-a63e-339b49f7644b,18a55063-a120-4e90-97c7-f46d3a05f639,c3,c5,1263,?,x8,
1769494764.1584454,FORWARDED,9ddef6a8-d081-44b3-a63e-339b49f7644b,18a55063-a120-4e90-97c7-f46d3a05f639,c3,c5,1263,?,x8,
1769494764.4158304,SENT,29ecb44f-49cb-4024-88bd-449ec27b0fb8,e786b4a9-b3e3-4790-86ab-8a14ee050510,c4,c5,1256,?,x1,
1769494764.4158714,FORWARDED,29ecb44f-49cb-4024-88bd-449ec27b0fb8,e786b4a9-b3e3-4790-86ab-8a14ee050510,c4,c5,1256,?,x1,
1769494764.4246206,RECEIVED,9b9a31b3-2cea-4c70-84ef-0bb509d3f6f2,3b0463ec-464f-4643-8058-e28a1c1a0d5c,c2,DROP,1007,e8,?,
1769494764.4483953,SENT,b18faac6-9044-497a-b08d-8dad74c2bd87,e45230a5-43ea-4af2-9cca-5d7494f5ace0,c4,DROP,686,?,x4,
1769494764.4484382,FORWARDED,b18faac6-9044-497a-b08d-8dad74c2bd87,e45230a5-43ea-4af2-9cca-5d7494f5ace0,c4,DROP,686,?,x4,
1769494764.6488707,RECEIVED,6be9f8c2-112d-4769-80e6-0dab0409483f,c08e9858-e792-4073-b123-9973f945eddd,c4,DROP,1007,e12,?,
1769494764.840214,RECEIVED,014a0243-26ac-4a4b-bda6-9edfe765244d,bb937897-0375-4347-8ff8-b311839e09e9,c4,c5,1772,e8,?,
1769494764.923522,SENT,014a0243-26ac-4a4b-bda6-9edfe765244d,bb937897-0375-4347-8ff8-b311839e09e9,c4,c5,1255,?,x8,
1769494764.9235654,FORWARDED,014a0243-26ac-4a4b-bda6-9edfe765244d,bb937897-0375-4347-8ff8-b311839e09e9,c4,c5,1255,?,x8,
1769494764.9413762,SENT,7e9fb1a4-48ee-45ae-ab72-30fb7058ab3a,77c7c00f-b8da-45a5-ac6b-8622180158c7,c2,DROP,692,?,x7,
1769494764.9414177,FORWARDED,7e9fb1a4-48ee-45ae-ab72-30fb7058ab3a,77c7c00f-b8da-45a5-ac6b-8622180158c7,c2,DROP,692,?,x7,
1769494764.9548755,RECEIVED,fd73bdf7-c043-4d8e-876c-fd2ea336bab7,d1c3e3db-3039-4c4c-928a-732e0de8d768,c4,DROP,1019,e1,?,
1769494765.1936567,RECEIVED,150d233a-451c-4a12-b487-37e766bf54df,d7732cff-a5c6-4517-9516-3aa58935e83c,c4,DROP,441,x12,?,
1769494765.2265894,RECEIVED,e577b2ba-68e3-434e-8959-d33074a09741,3a82e648-509f-4b21-aef9-75ce18045d4f,c3,DROP,445,x6,?,
1769494765.2781138,SENT,9b9a31b3-2cea-4c70-84ef-0bb509d3f6f2,3b0463ec-464f-4643-8058-e28a1c1a0d5c,c2,DROP,683,?,x8,
1769494765.2781541,FORWARDED,9b9a31b3-2cea-4c70-84ef-0bb509d3f6f2,3b0463ec-464f-4643-8058-e28a1c1a0d5c,c2,DROP,683,?,x8,
1769494765.3051636,SENT,71bf26ae-b201-48a4-b580-d86c04bd2913,2177ba88-bd03-4b47-aa4c-bdfa9c57ab18,c1,DROP,692,?,x12,
1769494765.3051994,FORWARDED,71bf26ae-b201-48a4-b580-d86c04bd2913,2177ba88-bd03-4b47-aa4c-bdfa9c57ab18,c1,DROP,692,?,x12,
1769494765.4420063,RECEIVED,6e5ed1ed-6b22-4f78-9a1f-2c62a44aed61,773a6301-74ce-48c2-b198-04feb670b755,c3,DROP,1009,e4,?,
1769494765.5804374,SENT,a39f51b1-8c2e-411b-bd40-d0f8a5996b94,2fda4539-3114-4655-a692-c0f1c40471e9,c1,c5,1255,?,x1,
1769494765.5804758,FORWARDED,a39f51b1-8c2e-411b-bd40-d0f8a5996b94,2fda4539-3114-4655-a692-c0f1c40471e9,c1,c5,1255,?,x1,
1769494765.6561701,SENT,6e5ed1ed-6b22-4f78-9a1f-2c62a44aed61,773a6301-74ce-48c2-b198-04feb670b755,c3,DROP,684,?,x10,
1769494765.6562424,FORWARDED,6e5ed1ed-6b22-4f78-9a1f-2c62a44aed61,773a6301-74ce-48c2-b198-04feb670b755,c3,DROP,684,?,x10,
1769494765.715947,RECEIVED,80335868-9b0d-4486-b9e7-c7d4a150e95a,bff56723-6199-46f8-8bb8-908b961e3534,c1,c5,1764,e10,?,
1769494765.795254,SENT,80335868-9b0d-4486-b9e7-c7d4a150e95a,bff56723-6199-46f8-8bb8-908b961e3534,c1,c5,1251,?,x8,
1769494765.7955213,FORWARDED,80335868-9b0d-4486-b9e7-c7d4a150e95a,bff56723-6199-46f8-8bb8-908b961e3534,c1,c5,1251,?,x8,
1769494765.809152,SENT,fd73bdf7-c043-4d8e-876c-fd2ea336bab7,d1c3e3db-3039-4c4c-928a-732e0de8d768,c4,DROP,693,?,x9,
1769494765.809194,FORWARDED,fd73bdf7-c043-4d8e-876c-fd2ea336bab7,d1c3e3db-3039-4c4c-928a-732e0de8d768,c4,DROP,693,?,x9,
1769494765.8281994,RECEIVED,e91ebf04-2c05-400e-b524-8e8aae8cea56,4c683206-cd91-4f85-a5db-380fcf8f6ddc,c5,DROP,1011,e7,?,
1769494765.8513932,SENT,6be9f8c2-112d-4769-80e6-0dab0409483f,c08e9858-e792-4073-b123-9973f945eddd,c4,DROP,684,?,x6,
1769494765.8514342,FORWARDED,6be9f8c2-112d-4769-80e6-0dab0409483f,c08e9858-e792-4073-b123-9973f945eddd,c4,DROP,684,?,x6,
1769494765.9380796,RECEIVED,69d28426-f1a7-4467-b359-637c43428501,29554e25-9ffb-4ff1-b855-80d12fcd37e1,c5,DROP,1015,e1,?,
1769494766.0635011,RECEIVED,ac33c5e0-ca75-497e-80b5-be355a49ef49,4b9e9330-7dc8-4932-a90b-0393fb3aa6bf,c2,DROP,1012,e5,?,
1769494766.1202931,RECEIVED,86c47861-31aa-42ce-8d0a-5c1cd26f69ba,475259e1-8b83-4f40-8d47-fdfb685b1cdb,c4,DROP,441,x3,?,
1769494766.3062825,SENT,e91ebf04-2c05-400e-b524-8e8aae8cea56,4c683206-cd91-4f85-a5db-380fcf8f6ddc,c5,DROP,687,?,x3,
1769494766.306669,FORWARDED,e91ebf04-2c05-400e-b524-8e8aae8cea56,4c683206-cd91-4f85-a5db-380fcf8f6ddc,c5,DROP,687,?,x3,
1769494766.3694992,SENT,69d28426-f1a7-4467-b359-637c43428501,29554e25-9ffb-4ff1-b855-80d12fcd37e1,c5,DROP,688,?,x9,
1769494766.3695412,FORWARDED,69d28426-f1a7-4467-b359-637c43428501,29554e25-9ffb-4ff1-b855-80d12fcd37e1,c5,DROP,688,?,x9,
1769494766.4354932,RECEIVED,9930c4f5-5ad4-427c-8fd9-b7f10dd39c8b,5bdf7ea8-fd5b-4ab7-ae13-df78362d96e7,c2,DROP,1015,e5,?,
1769494766.4611905,RECEIVED,1a50699b-5469-4ed5-8a73-2ef49bec3e55,69b093e9-7760-47cf-99fd-3744c7718196,c3,DROP,1019,e10,?,
1769494766.6609843,RECEIVED,b9e3e8f9-634f-40f2-aa28-75b5bd504c49,7eac641b-6ccd-46aa-ba57-37217a5fafd4,c5,DROP,1007,e7,?,
1769494766.8517356,SENT,ac33c5e0-ca75-497e-80b5-be355a49ef49,4b9e9330-7dc8-4932-a90b-0393fb3aa6bf,c2,DROP,687,?,x11,
1769494766.8517764,FORWARDED,ac33c5e0-ca75-497e-80b5-be355a49ef49,4b9e9330-7dc8-4932-a90b-0393fb3aa6bf,c2,DROP,687,?,x11,
1769494766.988729,SENT,1a50699b-5469-4ed5-8a73-2ef49bec3e55,69b093e9-7760-47cf-99fd-3744c7718196,c3,DROP,692,?,x9,
1769494766.9887707,FORWARDED,1a50699b-5469-4ed5-8a73-2ef49bec3e55,69b093e9-7760-47cf-99fd-3744c7718196,c3,DROP,692,?,x9,
1769494767.073948,RECEIVED,66884534-df77-44ce-a7d8-8f5aceb883eb,92a25321-416c-4d0c-881a-cc388fdccb96,c4,DROP,1019,e4,?,
1769494767.3414395,RECEIVED,399413e4-bbfa-4f29-a54c-97c1ce6c7e25,b36f3d87-cd56-4efb-8e5d-4feff6a15990,c2,DROP,441,x8,?,
1769494767.4526246,RECEIVED,8650f673-f9ec-451a-a19f-db17e97df5e2,4a25ab7e-20e1-48f4-8731-7ec2343a96b7,c3,DROP,1023,e12,?,
1769494767.4878232,RECEIVED,c29d87ef-1027-4062-b018-98ef87953e34,905439ae-5032-4727-9cbf-324e4fd17107,c1,DROP,1019,e10,?,
1769494767.54128,SENT,9930c4f5-5ad4-427c-8fd9-b7f10dd39c8b,5bdf7ea8-fd5b-4ab7-ae13-df78362d96e7,c2,DROP,688,?,x7,
1769494767.54132,FORWARDED,9930c4f5-5ad4-427c-8fd9-b7f10dd39c8b,5bdf7ea8-fd5b-4ab7-ae13-df78362d96e7,c2,DROP,688,?,x7,
1769494767.9277635,RECEIVED,be364d66-1d84-4dca-8505-3f8bcde236e3,98a1fd19-b005-4e83-9c31-16e4b471d852,c2,DROP,1012,e3,?,
1769494767.9576123,SENT,8650f673-f9ec-451a-a19f-db17e97df5e2,4a25ab7e-20e1-48f4-8731-7ec2343a96b7,c3,DROP,694,?,x6,
1769494767.9576528,FORWARDED,8650f673-f9ec-451a-a19f-db17e97df5e2,4a25ab7e-20e1-48f4-8731-7ec2343a96b7,c3,DROP,694,?,x6,
1769494767.9928505,SENT,c29d87ef-1027-4062-b018-98ef87953e34,905439ae-5032-4727-9cbf-324e4fd17107,c1,DROP,691,?,x1,
1769494767.9949615,FORWARDED,c29d87ef-1027-4062-b018-98ef87953e34,905439ae-5032-4727-9cbf-324e4fd17107,c1,DROP,691,?,x1,
1769494768.0339024,SENT,66884534-df77-44ce-a7d8-8f5aceb883eb,92a25321-416c-4d0c-881a-cc388fdccb96,c4,DROP,692,?,x1,
1769494768.033942,FORWARDED,66884534-df77-44ce-a7d8-8f5aceb883eb,92a25321-416c-4d0c-881a-cc388fdccb96,c4,DROP,692,?,x1,
1769494768.2130325,RECEIVED,9e69c712-8ec4-4aad-b728-d96cb14310a6,f391afb3-464f-4f6a-8488-5b37da7433ca,c3,DROP,1006,e3,?,
1769494768.2751524,SENT,be364d66-1d84-4dca-8505-3f8bcde236e3,98a1fd19-b005-4e83-9c31-16e4b471d852,c2,DROP,687,?,x11,
1769494768.275197,FORWARDED,be364d66-1d84-4dca-8505-3f8bcde236e3,98a1fd19-b005-4e83-9c31-16e4b471d852,c2,DROP,687,?,x11,
1769494768.3456018,RECEIVED,914b841c-a005-41f8-b79c-06c24c91e2cf,afad74e4-48db-4b0b-a99b-df4336fe727d,c1,DROP,1007,e8,?,
1769494768.4903352,RECEIVED,47929c8c-df13-4537-8a9e-38a5723a6d7b,72310a9e-1597-4b1f-8efe-8c15e5756c9f,c4,DROP,445,x10,?,
1769494768.53,SENT,914b841c-a005-41f8-b79c-06c24c91e2cf,afad74e4-48db-4b0b-a99b-df4336fe727d,c1,DROP,683,?,x6,
1769494768.5300403,FORWARDED,914b841c-a005-41f8-b79c-06c24c91e2cf,afad74e4-48db-4b0b-a99b-df4336fe727d,c1,DROP,683,?,x6,
1769494768.5638144,RECEIVED,9dfc3d9e-aaef-449b-b110-59d8ebfda3cc,3cd7c483-2cfc-435d-a956-0d59f2e6ff5d,c1,DROP,1020,e12,?,
1769494768.6793454,SENT,9dfc3d9e-aaef-449b-b110-59d8ebfda3cc,3cd7c483-2cfc-435d-a956-0d59f2e6ff5d,c1,DROP,692,?,x5,
1769494768.6793914,FORWARDED,9dfc3d9e-aaef-449b-b110-59d8ebfda3cc,3cd7c483-2cfc-435d-a956-0d59f2e6ff5d,c1,DROP,692,?,x5,
1769494768.758648,SENT,9e69c712-8ec4-4aad-b728-d96cb14310a6,f391afb3-464f-4f6a-8488-5b37da7433ca,c3,DROP,684,?,x7,
1769494768.7586908,FORWARDED,9e69c712-8ec4-4aad-b728-d96cb14310a6,f391afb3-464f-4f6a-8488-5b37da7433ca,c3,DROP,684,?,x7,
1769494768.7890277,RECEIVED,d4e95085-58c3-4f09-80ac-c8d15f2796a6,d6b8fc91-5445-43af-b500-25e25f9fc70c,c2,DROP,441,x1,?,
1769494768.8920908,RECEIVED,00b774ca-28fe-44c8-97f5-97e09768300e,b9a42456-195e-4856-a5b3-706889c085ed,c3,DROP,442,x8,?,
1769494769.1013818,RECEIVED,9004c1c6-422c-49ad-8f77-fd4c3ccd91cd,57108a49-39d1-4f3c-98e4-2374ed52833b,c2,DROP,1007,e2,?,
1769494769.1837842,RECEIVED,7a5f4ab9-e7e9-4c5b-b0d6-eab10b118419,a669b098-790f-421b-b1ee-fdc0ba5799e5,c1,DROP,1020,e10,?,
1769494769.2182307,RECEIVED,e749a64a-2815-4441-bbdb-dfc695d8df54,659d1d3e-1198-4b3a-8478-ad6cdfe0e24a,c1,c5,1767,e7,?,
1769494769.3025084,RECEIVED,bab69116-0a0c-4452-aa54-3f8f669c60fe,eac751c2-5937-451a-9dcc-2e63dfe693b9,c2,DROP,1019,e10,?,
1769494769.3129592,SENT,7a5f4ab9-e7e9-4c5b-b0d6-eab10b118419,a669b098-790f-421b-b1ee-fdc0ba5799e5,c1,DROP,693,?,x1,
1769494769.3130078,FORWARDED,7a5f4ab9-e7e9-4c5b-b0d6-eab10b118419,a669b098-790f-421b-b1ee-fdc0ba5799e5,c1,DROP,693,?,x1,
1769494769.5111964,SENT,9004c1c6-422c-49ad-8f77-fd4c3ccd91cd,57108a49-39d1-4f3c-98e4-2374ed52833b,c2,DROP,683,?,x4,
1769494769.5112395,FORWARDED,9004c1c6-422c-49ad-8f77-fd4c3ccd91cd,57108a49-39d1-4f3c-98e4-2374ed52833b,c2,DROP,683,?,x4,
1769494769.593629,RECEIVED,3207e4a1-14d0-4a2c-83a2-02f1baefa3ed,2019173c-886a-460e-8995-6e1125a5c750,c2,DROP,445,x1,?,
1769494769.6485875,RECEIVED,7a78187c-5b38-437a-9af6-1773671c46df,70163708-09ce-44e2-9452-fe619ea2b32f,c2,DROP,1008,e1,?,
1769494769.6757557,RECEIVED,01740d33-d536-4fbb-af6a-148bb33f6a2d,c22f7576-fbff-4710-95db-9caa3a9a4b7f,c5,c2,1780,e6,?,
1769494769.684063,SENT,7a78187c-5b38-437a-9af6-1773671c46df,70163708-09ce-44e2-9452-fe619ea2b32f,c2,DROP,683,?,x6,
1769494769.6840982,FORWARDED,7a78187c-5b38-437a-9af6-1773671c46df,70163708-09ce-44e2-9452-fe619ea2b32f,c2,DROP,683,?,x6,
1769494769.6902657,RECEIVED,f4502f56-3734-4eaa-b6cb-67eba9575deb,dad0a2fe-6c41-4076-9aee-ed5b6feacf05,c2,DROP,1019,e10,?,
1769494769.821288,SENT,b9e3e8f9-634f-40f2-aa28-75b5bd504c49,7eac641b-6ccd-46aa-ba57-37217a5fafd4,c5,DROP,684,?,x11,
1769494769.821331,FORWARDED,b9e3e8f9-634f-40f2-aa28-75b5bd504c49,7eac641b-6ccd-46aa-ba57-37217a5fafd4,c5,DROP,684,?,x11,
1769494769.9583774,SENT,e749a64a-2815-4441-bbdb-dfc695d8df54,659d1d3e-1198-4b3a-8478-ad6cdfe0e24a,c1,c5,1253,?,x9,
1769494769.9584212,FORWARDED,e749a64a-2815-4441-bbdb-dfc695d8df54,659d1d3e-1198-4b3a-8478-ad6cdfe0e24a,c1,c5,1253,?,x9,
1769494769.96147,SENT,bab69116-0a0c-4452-aa54-3f8f669c60fe,eac751c2-5937-451a-9dcc-2e63dfe693b9,c2,DROP,692,?,x5,
1769494769.9615135,FORWARDED,bab69116-0a0c-4452-aa54-3f8f669c60fe,eac751c2-5937-451a-9dcc-2e63dfe693b9,c2,DROP,692,?,x5,
1769494769.9856193,RECEIVED,43750936-b777-4039-b978-8f3cd2d11dbd,f01b2e5c-6b3d-4615-8431-3466730fedf3,c4,DROP,1008,e2,?,
1769494770.1201801,RECEIVED,2ac6be65-ceab-4aae-b642-acccc88dad2b,72540c0f-62ac-4dc8-8e0d-1135089ee454,c4,c5,1781,e9,?,
1769494770.1874766,SENT,2ac6be65-ceab-4aae-b642-acccc88dad2b,72540c0f-62ac-4dc8-8e0d-1135089ee454,c4,c5,1263,?,x10,
1769494770.187528,FORWARDED,2ac6be65-ceab-4aae-b642-acccc88dad2b,72540c0f-62ac-4dc8-8e0d-1135089ee454,c4,c5,1263,?,x10,
1769494770.195493,SENT,43750936-b777-4039-b978-8f3cd2d11dbd,f01b2e5c-6b3d-4615-8431-3466730fedf3,c4,DROP,683,?,x7,
1769494770.1955354,FORWARDED,43750936-b777-4039-b978-8f3cd2d11dbd,f01b2e5c-6b3d-4615-8431-3466730fedf3,c4,DROP,683,?,x7,
1769494770.2107244,SENT,f4502f56-3734-4eaa-b6cb-67eba9575deb,dad0a2fe-6c41-4076-9aee-ed5b6feacf05,c2,DROP,692,?,x1,
1769494770.2107682,FORWARDED,f4502f56-3734-4eaa-b6cb-67eba9575deb,dad0a2fe-6c41-4076-9aee-ed5b6feacf05,c2,DROP,692,?,x1,
1769494770.5491595,RECEIVED,d74e5709-940b-47ae-9adf-4360a793d83f,c9395226-93ef-48a7-b8d2-95b7c34a13fe,c2,DROP,1016,e6,?,
1769494770.6744323,SENT,01740d33-d536-4fbb-af6a-148bb33f6a2d,c22f7576-fbff-4710-95db-9caa3a9a4b7f,c5,c2,1263,?,x10,
1769494770.674482,FORWARDED,01740d33-d536-4fbb-af6a-148bb33f6a2d,c22f7576-fbff-4710-95db-9caa3a9a4b7f,c5,c2,1263,?,x10,
1769494770.7722096,SENT,d74e5709-940b-47ae-9adf-4360a793d83f,c9395226-93ef-48a7-b8d2-95b7c34a13fe,c2,DROP,688,?,x2,
1769494770.7722495,FORWARDED,d74e5709-940b-47ae-9adf-4360a793d83f,c9395226-93ef-48a7-b8d2-95b7c34a13fe,c2,DROP,688,?,x2,
1769494770.784631,RECEIVED,b53a0d1e-2dee-4ce9-8367-205e5d2757f9,a7314420-1e22-4af0-ba37-972686e89cdf,c4,DROP,1011,e4,?,
1769494770.968312,RECEIVED,007ac6ac-8b57-423a-86f5-0d4306b5ccd3,f8b6e2c5-cd6c-421f-bf70-25b947267589,c5,DROP,1007,e9,?,
1769494771.073863,RECEIVED,bc07ad2f-56ef-4d9d-bac4-eee34d3c24a9,f8cb9310-2337-4e6c-9715-3839fe3a306e,c2,DROP,1020,e2,?,
1769494771.2542799,RECEIVED,6fb342cf-c954-4954-9dcc-26a5fe2174d2,fda2fe4c-cad3-4138-a545-94726ec9b187,c4,DROP,1012,e3,?,
1769494771.34412,SENT,007ac6ac-8b57-423a-86f5-0d4306b5ccd3,f8b6e2c5-cd6c-421f-bf70-25b947267589,c5,DROP,683,?,x9,
1769494771.3441603,FORWARDED,007ac6ac-8b57-423a-86f5-0d4306b5ccd3,f8b6e2c5-cd6c-421f-bf70-25b947267589,c5,DROP,683,?,x9,
1769494771.4116297,SENT,bc07ad2f-56ef-4d9d-bac4-eee34d3c24a9,f8cb9310-2337-4e6c-9715-3839fe3a306e,c2,DROP,691,?,x12,
1769494771.4116669,FORWARDED,bc07ad2f-56ef-4d9d-bac4-eee34d3c24a9,f8cb9310-2337-4e6c-9715-3839fe3a306e,c2,DROP,691,?,x12,
1769494771.464476,RECEIVED,b29fd430-62ed-42ed-941f-d926755fef1f,e0852050-255a-46d0-9b31-7e9c4560cd02,c2,c3,1763,e5,?,
1769494771.5420012,SENT,6fb342cf-c954-4954-9dcc-26a5fe2174d2,fda2fe4c-cad3-4138-a545-94726ec9b187,c4,DROP,687,?,x1,
1769494771.5420403,FORWARDED,6fb342cf-c954-4954-9dcc-26a5fe2174d2,fda2fe4c-cad3-4138-a545-94726ec9b187,c4,DROP,687,?,x1,
1769494771.5541584,SENT,b53a0d1e-2dee-4ce9-8367-205e5d2757f9,a7314420-1e22-4af0-ba37-972686e89cdf,c4,DROP,687,?,x3,
1769494771.5542011,FORWARDED,b53a0d1e-2dee-4ce9-8367-205e5d2757f9,a7314420-1e22-4af0-ba37-972686e89cdf,c4,DROP,687,?,x3,
1769494771.7175088,SENT,b29fd430-62ed-42ed-941f-d926755fef1f,e0852050-255a-46d0-9b31-7e9c4560cd02,c2,c3,1251,?,x6,
1769494771.717705,FORWARDED,b29fd430-62ed-42ed-941f-d926755fef1f,e0852050-255a-46d0-9b31-7e9c4560cd02,c2,c3,1251,?,x6,
1769494771.7431824,RECEIVED,1d273e1a-a2ec-417f-b801-1c98c5688531,085fa4dc-7f8c-4446-98e3-994ab191a0bd,c1,DROP,1008,e7,?,
1769494771.9174006,SENT,1d273e1a-a2ec-417f-b801-1c98c5688531,085fa4dc-7f8c-4446-98e3-994ab191a0bd,c1,DROP,683,?,x8,
1769494771.9174435,FORWARDED,1d273e1a-a2ec-417f-b801-1c98c5688531,085fa4dc-7f8c-4446-98e3-994ab191a0bd,c1,DROP,683,?,x8,
1769494771.9729035,RECEIVED,901d91b6-725f-4a34-9d88-5ffb6a91fec6,20e93f22-d249-4366-9e08-2850fd90da92,c2,c3,1771,e10,?,
1769494772.0657506,RECEIVED,337b12dc-bbbe-4715-bb1f-ea4d8dd3ffcb,420e79a2-1cd5-4d20-bb0f-ceb5c0e09dce,c3,DROP,1007,e4,?,
1769494772.486121,RECEIVED,b9cf1d82-6f45-4763-b801-478146329276,405f2b05-f96c-43ed-a997-68ae71f9a99d,c3,DROP,1008,e6,?,
1769494772.5223365,SENT,337b12dc-bbbe-4715-bb1f-ea4d8dd3ffcb,420e79a2-1cd5-4d20-bb0f-ceb5c0e09dce,c3,DROP,684,?,x5,
1769494772.5223858,FORWARDED,337b12dc-bbbe-4715-bb1f-ea4d8dd3ffcb,420e79a2-1cd5-4d20-bb0f-ceb5c0e09dce,c3,DROP,684,?,x5,
1769494772.5500915,RECEIVED,9b3c1c21-be52-40aa-9c2b-29ff132bd746,66e843c1-7e17-4412-b008-f5421a836837,c4,DROP,1007,e9,?,
1769494772.705033,SENT,b9cf1d82-6f45-4763-b801-478146329276,405f2b05-f96c-43ed-a997-68ae71f9a99d,c3,DROP,683,?,x9,
1769494772.705152,FORWARDED,b9cf1d82-6f45-4763-b801-478146329276,405f2b05-f96c-43ed-a997-68ae71f9a99d,c3,DROP,683,?,x9,
1769494773.2104516,RECEIVED,5d39b225-bc77-4d69-a436-7fa64d799bff,2c358e23-39f2-4403-8a53-e40f8845b67a,c4,DROP,446,x1,?,
1769494773.3201268,RECEIVED,049c68d2-dfa7-49d3-8d2b-7955a096b0e0,6b825ba1-4adc-485c-a330-cba4b1e7627a,c2,DROP,1016,e3,?,
1769494773.5210624,RECEIVED,29aa2b79-8b5e-4256-b184-2081cd230e82,375a17f1-4639-44fa-8493-e0c588243eff,c3,DROP,441,x8,?,
1769494773.5330415,RECEIVED,215278ee-b25a-445d-b5d4-94aae2b79dbe,577699d8-4984-423b-be1e-4477e84122d6,c3,DROP,1011,e2,?,
1769494773.550132,RECEIVED,c00b8a1b-9107-4d41-86cf-9dc4e8226894,be491efd-a93b-490d-bb55-8c858f36d49f,c4,DROP,441,x5,?,
1769494773.6260746,RECEIVED,6237a6c5-246a-4dc9-acf1-4fa60bb18520,616661bc-c591-4dcd-942b-111886296193,c5,c2,1771,e8,?,
1769494773.6420615,SENT,901d91b6-725f-4a34-9d88-5ffb6a91fec6,20e93f22-d249-4366-9e08-2850fd90da92,c2,c3,1255,?,x3,
1769494773.6421032,FORWARDED,901d91b6-725f-4a34-9d88-5ffb6a91fec6,20e93f22-d249-4366-9e08-2850fd90da92,c2,c3,1255,?,x3,
1769494773.7162888,RECEIVED,3f5f50b0-c4f4-4389-bfc3-5359d00cbc1c,b88ded90-277b-4046-b6d7-6fd7a196f0a6,c3,DROP,1008,e11,?,
1769494773.748964,SENT,049c68d2-dfa7-49d3-8d2b-7955a096b0e0,6b825ba1-4adc-485c-a330-cba4b1e7627a,c2,DROP,688,?,x5,
1769494773.7490056,FORWARDED,049c68d2-dfa7-49d3-8d2b-7955a096b0e0,6b825ba1-4adc-485c-a330-cba4b1e7627a,c2,DROP,688,?,x5,
1769494773.8419726,SENT,215278ee-b25a-445d-b5d4-94aae2b79dbe,577699d8-4984-423b-be1e-4477e84122d6,c3,DROP,687,?,x1,
1769494773.8423457,FORWARDED,215278ee-b25a-445d-b5d4-94aae2b79dbe,577699d8-4984-423b-be1e-4477e84122d6,c3,DROP,687,?,x1,
1769494773.8914816,SENT,6237a6c5-246a-4dc9-acf1-4fa60bb18520,616661bc-c591-4dcd-942b-111886296193,c5,c2,1255,?,x2,
1769494773.8915246,FORWARDED,6237a6c5-246a-4dc9-acf1-4fa60bb18520,616661bc-c591-4dcd-942b-111886296193,c5,c2,1255,?,x2,
1769494773.9072196,SENT,9b3c1c21-be52-40aa-9c2b-29ff132bd746,66e843c1-7e17-4412-b008-f5421a836837,c4,DROP,684,?,x8,
1769494773.9072633,FORWARDED,9b3c1c21-be52-40aa-9c2b-29ff132bd746,66e843c1-7e17-4412-b008-f5421a836837,c4,DROP,684,?,x8,
1769494773.9129014,SENT,3f5f50b0-c4f4-4389-bfc3-5359d00cbc1c,b88ded90-277b-4046-b6d7-6fd7a196f0a6,c3,DROP,684,?,x6,
1769494773.9129434,FORWARDED,3f5f50b0-c4f4-4389-bfc3-5359d00cbc1c,b88ded90-277b-4046-b6d7-6fd7a196f0a6,c3,DROP,684,?,x6,
1769494773.9915402,RECEIVED,fcbb363a-5348-4e5e-bf3c-ecad38c9ae38,6de64e4f-6bc0-41f6-9b42-8f5e480beef6,c5,c2,1785,e8,?,
1769494774.0466025,RECEIVED,cf409a91-1219-4e79-b83a-1ac91fa441a3,579756bd-7c9b-4745-ab45-83aff455282f,c3,DROP,1007,e7,?,
1769494774.1673257,RECEIVED,48b65c11-604b-427b-8eb0-c84b061ae165,eba87354-9872-4815-ad9f-73699bf99ced,c1,DROP,1015,e10,?,
1769494774.2844186,SENT,fcbb363a-5348-4e5e-bf3c-ecad38c9ae38,6de64e4f-6bc0-41f6-9b42-8f5e480beef6,c5,c2,1264,?,x12,
1769494774.2844586,FORWARDED,fcbb363a-5348-4e5e-bf3c-ecad38c9ae38,6de64e4f-6bc0-41f6-9b42-8f5e480beef6,c5,c2,1264,?,x12,
1769494774.308841,SENT,cf409a91-1219-4e79-b83a-1ac91fa441a3,579756bd-7c9b-4745-ab45-83aff455282f,c3,DROP,683,?,x8,
1769494774.3088827,FORWARDED,cf409a91-1219-4e79-b83a-1ac91fa441a3,579756bd-7c9b-4745-ab45-83aff455282f,c3,DROP,683,?,x8,
1769494774.5043256,SENT,48b65c11-604b-427b-8eb0-c84b061ae165,eba87354-9872-4815-ad9f-73699bf99ced,c1,DROP,688,?,x5,
1769494774.5043738,FORWARDED,48b65c11-604b-427b-8eb0-c84b061ae165,eba87354-9872-4815-ad9f-73699bf99ced,c1,DROP,688,?,x5,
1769494774.5262413,RECEIVED,6d25bfac-821e-449b-8a35-e0aff7337a8f,a731cd80-8cf9-43fe-862c-d0ae58971683,c4,DROP,1012,e9,?,
1769494774.5591996,RECEIVED,b40c9f1d-8b92-482d-a74c-ffd043f849fe,dede2688-0276-44d0-8b81-09317563a956,c3,DROP,1011,e2,?,
1769494774.5709143,RECEIVED,9da1d997-5d7a-4799-98bc-6d17a010f8ac,d9789589-c57a-4ffd-b630-c319bec0ff7c,c4,c5,1775,e1,?,
1769494774.7047892,RECEIVED,3979ea3b-1897-4eac-b8e7-0e5add3244b4,1a4b09bd-fe54-4b60-9224-66a09222d2b7,c5,DROP,1012,e4,?,
1769494774.810069,RECEIVED,f1802774-66cf-47a4-9845-7b8ecf7ab5ac,8d586f66-8e2f-40d0-ae82-568ba27056a0,c4,DROP,1011,e8,?,
1769494774.921738,SENT,6d25bfac-821e-449b-8a35-e0aff7337a8f,a731cd80-8cf9-43fe-862c-d0ae58971683,c4,DROP,685,?,x11,
1769494774.9217746,FORWARDED,6d25bfac-821e-449b-8a35-e0aff7337a8f,a731cd80-8cf9-43fe-862c-d0ae58971683,c4,DROP,685,?,x11,
1769494774.9793124,SENT,3979ea3b-1897-4eac-b8e7-0e5add3244b4,1a4b09bd-fe54-4b60-9224-66a09222d2b7,c5,DROP,686,?,x9,
1769494774.9793544,FORWARDED,3979ea3b-1897-4eac-b8e7-0e5add3244b4,1a4b09bd-fe54-4b60-9224-66a09222d2b7,c5,DROP,686,?,x9,
1769494775.0113723,RECEIVED,b7bf4214-7274-4bdc-acec-b592e94c3b54,bd2aa10a-d180-4588-8a72-e19c4a9b1d5f,c1,c5,1780,e4,?,
1769494775.049502,SENT,f1802774-66cf-47a4-9845-7b8ecf7ab5ac,8d586f66-8e2f-40d0-ae82-568ba27056a0,c4,DROP,687,?,x4,
1769494775.0495443,FORWARDED,f1802774-66cf-47a4-9845-7b8ecf7ab5ac,8d586f66-8e2f-40d0-ae82-568ba27056a0,c4,DROP,687,?,x4,
1769494775.1622431,RECEIVED,35747c40-a8bf-4d38-8cb6-ea434d8f0b27,1e5675d6-c71e-46d5-b7d6-61bc2a540b88,c5,DROP,1010,e7,?,
1769494775.3039925,SENT,b7bf4214-7274-4bdc-acec-b592e94c3b54,bd2aa10a-d180-4588-8a72-e19c4a9b1d5f,c1,c5,1263,?,x4,
1769494775.3040338,FORWARDED,b7bf4214-7274-4bdc-acec-b592e94c3b54,bd2aa10a-d180-4588-8a72-e19c4a9b1d5f,c1,c5,1263,?,x4,
1769494775.648666,RECEIVED,9521474f-8543-43a4-8acc-1bd577cf9aa3,6ef04a83-e4b9-4d39-935b-323b37052ad9,c3,DROP,1011,e5,?,
1769494775.797407,RECEIVED,be039d46-80d6-4524-a90b-28c3610cf9c2,d612474f-4d14-4869-b12e-c91be9b71a23,c4,DROP,1006,e2,?,
1769494775.9017699,RECEIVED,2c49ac4b-85c2-46ab-83bc-b8a6ad5bdfde,3113e58d-768c-41f8-b503-7fa8124bff1e,c1,c5,1780,e9,?,
1769494775.903218,RECEIVED,e721cb87-b6d4-49f2-9409-347b9e609210,3ef4e901-2895-4b39-9b0a-30e320c8667b,c5,DROP,442,x7,?,
1769494775.9647813,SENT,be039d46-80d6-4524-a90b-28c3610cf9c2,d612474f-4d14-4869-b12e-c91be9b71a23,c4,DROP,683,?,x9,
1769494775.9648223,FORWARDED,be039d46-80d6-4524-a90b-28c3610cf9c2,d612474f-4d14-4869-b12e-c91be9b71a23,c4,DROP,683,?,x9,
1769494776.0535972,SENT,9da1d997-5d7a-4799-98bc-6d17a010f8ac,d9789589-c57a-4ffd-b630-c319bec0ff7c,c4,c5,1259,?,x7,
1769494776.0536358,FORWARDED,9da1d997-5d7a-4799-98bc-6d17a010f8ac,d9789589-c57a-4ffd-b630-c319bec0ff7c,c4,c5,1259,?,x7,
1769494776.131522,SENT,b40c9f1d-8b92-482d-a74c-ffd043f849fe,dede2688-0276-44d0-8b81-09317563a956,c3,DROP,687,?,x9,
1769494776.1315649,FORWARDED,b40c9f1d-8b92-482d-a74c-ffd043f849fe,dede2688-0276-44d0-8b81-09317563a956,c3,DROP,687,?,x9,
1769494776.2155716,RECEIVED,961507f1-915a-4a90-9d79-17c1f1344fa9,a011f7e0-60ae-4902-97b6-45d9ca7f747f,c1,DROP,441,x1,?,
1769494776.268497,SENT,35747c40-a8bf-4d38-8cb6-ea434d8f0b27,1e5675d6-c71e-46d5-b7d6-61bc2a540b88,c5,DROP,685,?,x1,
1769494776.268537,FORWARDED,35747c40-a8bf-4d38-8cb6-ea434d8f0b27,1e5675d6-c71e-46d5-b7d6-61bc2a540b88,c5,DROP,685,?,x1,
1769494776.371558,RECEIVED,dd66cd6a-fc5a-4241-9aca-004b847c8ffa,a74c2a51-c2be-4f38-a6b8-20d63fbb898d,c2,DROP,1021,e7,?,
1769494776.381363,RECEIVED,17cfc6de-250c-4b01-bfe4-22cb66b422fb,b6ab074e-75ba-4bf9-9685-f191773c1242,c1,DROP,1008,e1,?,
1769494776.4693315,SENT,2c49ac4b-85c2-46ab-83bc-b8a6ad5bdfde,3113e58d-768c-41f8-b503-7fa8124bff1e,c1,c5,1263,?,x10,
1769494776.4693704,FORWARDED,2c49ac4b-85c2-46ab-83bc-b8a6ad5bdfde,3113e58d-768c-41f8-b503-7fa8124bff1e,c1,c5,1263,?,x10,
1769494776.4777813,SENT,dd66cd6a-fc5a-4241-9aca-004b847c8ffa,a74c2a51-c2be-4f38-a6b8-20d63fbb898d,c2,DROP,692,?,x10,
1769494776.4778209,FORWARDED,dd66cd6a-fc5a-4241-9aca-004b847c8ffa,a74c2a51-c2be-4f38-a6b8-20d63fbb898d,c2,DROP,692,?,x10,
1769494776.5599468,RECEIVED,01fc401a-1398-4889-bf6d-c8fb803bce21,1b4dbd7e-095f-4834-b778-82b0e826cb3c,c1,DROP,1016,e1,?,
1769494776.6386883,SENT,17cfc6de-250c-4b01-bfe4-22cb66b422fb,b6ab074e-75ba-4bf9-9685-f191773c1242,c1,DROP,684,?,x12,
1769494776.6387286,FORWARDED,17cfc6de-250c-4b01-bfe4-22cb66b422fb,b6ab074e-75ba-4bf9-9685-f191773c1242,c1,DROP,684,?,x12,
1769494776.6635125,RECEIVED,48486a86-574f-4307-89c8-c9b8e81563a3,21af6d7e-c375-4aa2-97e6-78d709ff094e,c2,DROP,1020,e11,?,
1769494776.704321,RECEIVED,674407b9-2203-4281-af5a-c8d7b38b17bf,84925268-0177-4df0-9509-b15d242e3336,c1,DROP,1017,e11,?,
1769494776.7303302,RECEIVED,b0418be5-b7fc-419e-83c8-85e26e74025f,57e91625-096d-4851-bee8-558f2763674a,c5,DROP,1019,e11,?,
1769494776.8073175,SENT,674407b9-2203-4281-af5a-c8d7b38b17bf,84925268-0177-4df0-9509-b15d242e3336,c1,DROP,690,?,x10,
1769494776.8073611,FORWARDED,674407b9-2203-4281-af5a-c8d7b38b17bf,84925268-0177-4df0-9509-b15d242e3336,c1,DROP,690,?,x10,
1769494776.8777664,RECEIVED,e61b03e0-2bd2-4259-8d6b-728ca5b7eb22,d3de2b15-2f42-4ca3-9b1c-137be081c341,c1,DROP,1005,e6,?,
1769494776.9347267,RECEIVED,f3648d31-747d-4169-8932-ab12f0422d6a,e47f0d90-01f2-4b5f-a5e4-c9a64dee1247,c5,DROP,1011,e7,?,
1769494776.9397326,RECEIVED,31de0b24-acc1-427d-b870-5dc4d4d15229,61a61fe5-f7d1-4ac8-915e-9514e3192595,c5,DROP,440,x9,?,
1769494776.9479516,SENT,01fc401a-1398-4889-bf6d-c8fb803bce21,1b4dbd7e-095f-4834-b778-82b0e826cb3c,c1,DROP,688,?,x1,
1769494776.9479947,FORWARDED,01fc401a-1398-4889-bf6d-c8fb803bce21,1b4dbd7e-095f-4834-b778-82b0e826cb3c,c1,DROP,688,?,x1,
1769494776.9666724,SENT,48486a86-574f-4307-89c8-c9b8e81563a3,21af6d7e-c375-4aa2-97e6-78d709ff094e,c2,DROP,692,?,x6,
1769494776.9667099,FORWARDED,48486a86-574f-4307-89c8-c9b8e81563a3,21af6d7e-c375-4aa2-97e6-78d709ff094e,c2,DROP,692,?,x6,
1769494776.9896352,SENT,9521474f-8543-43a4-8acc-1bd577cf9aa3,6ef04a83-e4b9-4d39-935b-323b37052ad9,c3,DROP,686,?,x6,
1769494776.9896755,FORWARDED,9521474f-8543-43a4-8acc-1bd577cf9aa3,6ef04a83-e4b9-4d39-935b-323b37052ad9,c3,DROP,686,?,x6,
1769494777.1011593,RECEIVED,30cc6ae3-12ad-4520-965c-5c7b815cf1a1,db941d57-9e2a-4523-be06-5c1c94640ef5,c5,DROP,1011,e7,?,
1769494777.1176019,SENT,f3648d31-747d-4169-8932-ab12f0422d6a,e47f0d90-01f2-4b5f-a5e4-c9a64dee1247,c5,DROP,687,?,x4,
1769494777.117638,FORWARDED,f3648d31-747d-4169-8932-ab12f0422d6a,e47f0d90-01f2-4b5f-a5e4-c9a64dee1247,c5,DROP,687,?,x4,
1769494777.257377,RECEIVED,84d4d0a1-2f09-4875-aa16-f155c74e6465,d74d4e54-1661-4773-be9e-579c6ce9311b,c5,DROP,1020,e7,?,
1769494777.2942295,RECEIVED,19b6f24f-94f0-4c4e-a9b9-cb8a89fd33f5,1160c7f3-888e-40c2-8c92-c14080b02f5e,c2,DROP,441,x2,?,
1769494777.324192,RECEIVED,43e191c2-6286-47ee-9383-60a9354718e8,4bff2835-2e03-4074-9cc7-ef622a132007,c5,DROP,1020,e2,?,
1769494777.4162107,SENT,e61b03e0-2bd2-4259-8d6b-728ca5b7eb22,d3de2b15-2f42-4ca3-9b1c-137be081c341,c1,DROP,682,?,x1,
1769494777.4162524,FORWARDED,e61b03e0-2bd2-4259-8d6b-728ca5b7eb22,d3de2b15-2f42-4ca3-9b1c-137be081c341,c1,DROP,682,?,x1,
1769494777.498518,RECEIVED,e46961e2-6e88-4bea-a455-6749fd2af0de,ad44483f-3201-4e6c-97b3-0dc98cd1ca92,c2,DROP,1015,e8,?,
1769494777.6682107,RECEIVED,8e88fe77-dd1b-4129-9591-4b6934706dce,31dc742f-2052-4d4d-bf7e-2fe788c984bc,c2,c3,1760,e1,?,
1769494777.740598,SENT,8e88fe77-dd1b-4129-9591-4b6934706dce,31dc742f-2052-4d4d-bf7e-2fe788c984bc,c2,c3,1247,?,x8,
1769494777.7406397,FORWARDED,8e88fe77-dd1b-4129-9591-4b6934706dce,31dc742f-2052-4d4d-bf7e-2fe788c984bc,c2,c3,1247,?,x8,
1769494777.754767,SENT,e46961e2-6e88-4bea-a455-6749fd2af0de,ad44483f-3201-4e6c-97b3-0dc98cd1ca92,c2,DROP,688,?,x6,
1769494777.7548099,FORWARDED,e46961e2-6e88-4bea-a455-6749fd2af0de,ad44483f-3201-4e6c-97b3-0dc98cd1ca92,c2,DROP,688,?,x6,
1769494777.7839801,RECEIVED,2797770c-6f49-47a0-950b-5ac466e3a69f,ac5302d9-0709-4cfc-a878-57dd5a3a3a50,c1,DROP,1021,e5,?,
1769494777.857897,SENT,2797770c-6f49-47a0-950b-5ac466e3a69f,ac5302d9-0709-4cfc-a878-57dd5a3a3a50,c1,DROP,691,?,x12,
1769494777.8579443,FORWARDED,2797770c-6f49-47a0-950b-5ac466e3a69f,ac5302d9-0709-4cfc-a878-57dd5a3a3a50,c1,DROP,691,?,x12,
1769494777.8754735,RECEIVED,5b69edbc-4e38-4155-8515-fa63e7ae1905,c40a39e7-2c0d-4e21-822b-c5101fe8c523,c4,DROP,441,x2,?,
1769494778.016062,RECEIVED,1d8818f3-e8a7-4876-ae95-550099c4aaef,4dac4943-32b7-4f26-ac14-aa00988e8fc6,c3,DROP,446,x11,?,
1769494778.0516071,RECEIVED,f31ebd88-c819-4c98-a2a2-576248999799,78d92bb6-8e8b-4bf6-8032-db8da6115920,c5,c2,1771,e5,?,
1769494778.1963263,SENT,84d4d0a1-2f09-4875-aa16-f155c74e6465,d74d4e54-1661-4773-be9e-579c6ce9311b,c5,DROP,692,?,x11,
1769494778.1963615,FORWARDED,84d4d0a1-2f09-4875-aa16-f155c74e6465,d74d4e54-1661-4773-be9e-579c6ce9311b,c5,DROP,692,?,x11,
1769494778.2003303,RECEIVED,0834810a-55db-4a74-b2e2-59c88c36d87e,625188e9-b597-4c7f-8a35-48d5583f3932,c3,DROP,1010,e6,?,
1769494778.2542167,RECEIVED,4d8b2637-68e0-443e-9729-a285886a6532,20166f61-3efc-4226-a224-690722338631,c5,DROP,1009,e9,?,
1769494778.3479788,SENT,30cc6ae3-12ad-4520-965c-5c7b815cf1a1,db941d57-9e2a-4523-be06-5c1c94640ef5,c5,DROP,685,?,x8,
1769494778.3480196,FORWARDED,30cc6ae3-12ad-4520-965c-5c7b815cf1a1,db941d57-9e2a-4523-be06-5c1c94640ef5,c5,DROP,685,?,x8,
1769494778.3969626,RECEIVED,1fd2b7e8-bd13-4af3-87b1-011557fa0e1d,25f7a557-6184-45f7-a9fc-57d472f1c7be,c5,c2,1781,e7,?,
1769494778.423121,SENT,1fd2b7e8-bd13-4af3-87b1-011557fa0e1d,25f7a557-6184-45f7-a9fc-57d472f1c7be,c5,c2,1261,?,x4,
1769494778.4231627,FORWARDED,1fd2b7e8-bd13-4af3-87b1-011557fa0e1d,25f7a557-6184-45f7-a9fc-57d472f1c7be,c5,c2,1261,?,x4,
1769494778.4713001,RECEIVED,1e0d4757-f063-415a-b871-5b55b50010e1,eedae89a-1d47-4afc-9c85-66eb7bdc9b4a,c5,DROP,1014,e8,?,
1769494778.4998507,SENT,1e0d4757-f063-415a-b871-5b55b50010e1,eedae89a-1d47-4afc-9c85-66eb7bdc9b4a,c5,DROP,687,?,x12,
1769494778.4998922,FORWARDED,1e0d4757-f063-415a-b871-5b55b50010e1,eedae89a-1d47-4afc-9c85-66eb7bdc9b4a,c5,DROP,687,?,x12,
1769494778.5028846,SENT,4d8b2637-68e0-443e-9729-a285886a6532,20166f61-3efc-4226-a224-690722338631,c5,DROP,684,?,x11,
1769494778.502924,FORWARDED,4d8b2637-68e0-443e-9729-a285886a6532,20166f61-3efc-4226-a224-690722338631,c5,DROP,684,?,x11,
1769494778.6126735,RECEIVED,19b0bb6e-a8c2-4354-b80f-9c96807725e1,210eca25-707c-4f97-91f5-79ebbcd11aad,c5,DROP,1020,e10,?,
1769494778.6160016,SENT,43e191c2-6286-47ee-9383-60a9354718e8,4bff2835-2e03-4074-9cc7-ef622a132007,c5,DROP,693,?,x12,
1769494778.616038,FORWARDED,43e191c2-6286-47ee-9383-60a9354718e8,4bff2835-2e03-4074-9cc7-ef622a132007,c5,DROP,693,?,x12,
1769494778.764653,SENT,0834810a-55db-4a74-b2e2-59c88c36d87e,625188e9-b597-4c7f-8a35-48d5583f3932,c3,DROP,686,?,x3,
1769494778.764694,FORWARDED,0834810a-55db-4a74-b2e2-59c88c36d87e,625188e9-b597-4c7f-8a35-48d5583f3932,c3,DROP,686,?,x3,
1769494778.8062296,SENT,f31ebd88-c819-4c98-a2a2-576248999799,78d92bb6-8e8b-4bf6-8032-db8da6115920,c5,c2,1255,?,x4,
1769494778.8062735,FORWARDED,f31ebd88-c819-4c98-a2a2-576248999799,78d92bb6-8e8b-4bf6-8032-db8da6115920,c5,c2,1255,?,x4,
1769494778.9834154,SENT,b0418be5-b7fc-419e-83c8-85e26e74025f,57e91625-096d-4851-bee8-558f2763674a,c5,DROP,691,?,x6,
1769494778.9834564,FORWARDED,b0418be5-b7fc-419e-83c8-85e26e74025f,57e91625-096d-4851-bee8-558f2763674a,c5,DROP,691,?,x6,
1769494779.0367594,RECEIVED,a8f7857a-8691-4e0a-abc6-ee62d165d6a1,4aa2b9e1-73fd-4779-a9e2-9977849655f5,c1,DROP,1021,e11,?,
1769494779.0853353,SENT,a8f7857a-8691-4e0a-abc6-ee62d165d6a1,4aa2b9e1-73fd-4779-a9e2-9977849655f5,c1,DROP,692,?,x11,
1769494779.085377,FORWARDED,a8f7857a-8691-4e0a-abc6-ee62d165d6a1,4aa2b9e1-73fd-4779-a9e2-9977849655f5,c1,DROP,692,?,x11,
1769494779.170691,RECEIVED,21a82178-b10c-4039-be1a-9aefc2b56ca6,32717242-5f09-4edb-a852-e52229474ee4,c1,DROP,446,x10,?,
1769494779.35458,SENT,19b0bb6e-a8c2-4354-b80f-9c96807725e1,210eca25-707c-4f97-91f5-79ebbcd11aad,c5,DROP,691,?,x11,
1769494779.35462,FORWARDED,19b0bb6e-a8c2-4354-b80f-9c96807725e1,210eca25-707c-4f97-91f5-79ebbcd11aad,c5,DROP,691,?,x11,
1769494779.5181751,RECEIVED,1d14019f-a204-48cd-b402-c937eacc2086,8ca34802-22bb-4b7a-8444-3ae3d0f84624,c3,DROP,441,x8,?,
1769494779.573616,RECEIVED,e46b8edd-4272-42dc-b5d1-070080b988e9,1319791d-15ac-4670-9c77-f8366da46220,c1,c5,1790,e9,?,
1769494779.628086,SENT,e46b8edd-4272-42dc-b5d1-070080b988e9,1319791d-15ac-4670-9c77-f8366da46220,c1,c5,1268,?,x10,
1769494779.628306,FORWARDED,e46b8edd-4272-42dc-b5d1-070080b988e9,1319791d-15ac-4670-9c77-f8366da46220,c1,c5,1268,?,x10,
1769494779.8996565,RECEIVED,a45df852-361b-4ab0-b602-9000e24e763a,20df130b-4fd9-43e8-87b3-4cc358070ca2,c4,DROP,1008,e6,?,
1769494780.1151114,SENT,a45df852-361b-4ab0-b602-9000e24e763a,20df130b-4fd9-43e8-87b3-4cc358070ca2,c4,DROP,684,?,x7,
1769494780.1151514,FORWARDED,a45df852-361b-4ab0-b602-9000e24e763a,20df130b-4fd9-43e8-87b3-4cc358070ca2,c4,DROP,684,?,x7,
1769494780.1579032,RECEIVED,4e4e61ab-20ed-480a-ac0a-0c1bb2bbed5b,10f40f60-1c06-470e-9efb-cc54f44ef29f,c1,DROP,1007,e10,?,
1769494780.2021003,RECEIVED,ef159d94-096a-4716-abd1-fd27de841ea1,f291f7d0-a291-40c8-9e54-cd160ee08ebd,c1,DROP,1021,e3,?,
1769494780.2395928,RECEIVED,f42499af-b578-4a74-b44e-a0764ce2c6f8,6c54628d-21f8-4b75-b95b-54463e280c73,c1,c5,1776,e10,?,
1769494780.27504,RECEIVED,c26fce78-b814-42d4-8aad-0eef6da3c048,1e6c1418-a583-40c1-8ff7-608e572db47a,c3,DROP,439,x8,?,
1769494780.276567,SENT,ef159d94-096a-4716-abd1-fd27de841ea1,f291f7d0-a291-40c8-9e54-cd160ee08ebd,c1,DROP,692,?,x10,
1769494780.276605,FORWARDED,ef159d94-096a-4716-abd1-fd27de841ea1,f291f7d0-a291-40c8-9e54-cd160ee08ebd,c1,DROP,692,?,x10,
1769494780.5766265,RECEIVED,0ea217d1-1a9f-4e97-a38b-fa5529c3ed9b,77a31045-add3-4d39-bde4-2a620d1e65fc,c2,DROP,1021,e3,?,
1769494780.6450155,SENT,0ea217d1-1a9f-4e97-a38b-fa5529c3ed9b,77a31045-add3-4d39-bde4-2a620d1e65fc,c2,DROP,691,?,x10,
1769494780.6450706,FORWARDED,0ea217d1-1a9f-4e97-a38b-fa5529c3ed9b,77a31045-add3-4d39-bde4-2a620d1e65fc,c2,DROP,691,?,x10,
1769494780.6684382,SENT,f42499af-b578-4a74-b44e-a0764ce2c6f8,6c54628d-21f8-4b75-b95b-54463e280c73,c1,c5,1258,?,x1,
1769494780.6684804,FORWARDED,f42499af-b578-4a74-b44e-a0764ce2c6f8,6c54628d-21f8-4b75-b95b-54463e280c73,c1,c5,1258,?,x1,
1769494780.6827047,RECEIVED,b2356cee-e078-488f-a44a-710c3136b441,9b035f24-0e16-46f7-b8c3-b775068c6bab,c4,DROP,1022,e3,?,
1769494780.7259138,SENT,b2356cee-e078-488f-a44a-710c3136b441,9b035f24-0e16-46f7-b8c3-b775068c6bab,c4,DROP,691,?,x12,
1769494780.7259567,FORWARDED,b2356cee-e078-488f-a44a-710c3136b441,9b035f24-0e16-46f7-b8c3-b775068c6bab,c4,DROP,691,?,x12,
1769494780.7400603,SENT,4e4e61ab-20ed-480a-ac0a-0c1bb2bbed5b,10f40f60-1c06-470e-9efb-cc54f44ef29f,c1,DROP,684,?,x2,
1769494780.7400973,FORWARDED,4e4e61ab-20ed-480a-ac0a-0c1bb2bbed5b,10f40f60-1c06-470e-9efb-cc54f44ef29f,c1,DROP,684,?,x2,
1769494780.8790836,RECEIVED,ab78b341-46fe-449e-8868-d559a323576a,548ab87d-59eb-4c4e-ad82-eec9c23980d7,c5,DROP,442,x4,?,
1769494781.4041982,RECEIVED,f9e45e95-8438-4da8-a018-3693785d7ba9,ebffcb8b-7960-47ec-be86-1406f5bb503a,c3,DROP,1008,e5,?,
1769494781.4966278,RECEIVED,b3b49f8c-d191-4374-902c-10aeecf6cdd6,c600f10f-7ce7-4547-a166-be2c8dc6479f,c4,c5,1781,e10,?,
1769494781.5178437,SENT,f9e45e95-8438-4da8-a018-3693785d7ba9,ebffcb8b-7960-47ec-be86-1406f5bb503a,c3,DROP,684,?,x7,
1769494781.517887,FORWARDED,f9e45e95-8438-4da8-a018-3693785d7ba9,ebffcb8b-7960-47ec-be86-1406f5bb503a,c3,DROP,684,?,x7,
1769494781.627099,RECEIVED,b15e66d6-af71-4aee-8bd2-0a91beef47e1,7178ddea-893b-42d5-9dea-d2812e7de800,c1,DROP,1020,e11,?,
1769494781.6629694,RECEIVED,e58843ab-0cde-47b9-a76e-7205545a287e,6a18d56c-068b-4a90-9d62-97ce41ff840d,c4,c5,1783,e12,?,
1769494781.6876593,RECEIVED,f0be4e2c-a8c5-412a-8d9a-0d84816254db,f3d6d291-7e8a-42c4-a458-1f4b5c369ee6,c3,DROP,1008,e7,?,
1769494781.7008038,RECEIVED,50650084-b148-4366-8ea4-afa755cd96f6,cee48b05-a127-42d2-b6be-b92f6e6fde7a,c5,c2,1763,e5,?,
1769494781.7447484,SENT,b3b49f8c-d191-4374-902c-10aeecf6cdd6,c600f10f-7ce7-4547-a166-be2c8dc6479f,c4,c5,1263,?,x11,
1769494781.7447917,FORWARDED,b3b49f8c-d191-4374-902c-10aeecf6cdd6,c600f10f-7ce7-4547-a166-be2c8dc6479f,c4,c5,1263,?,x11,
1769494781.7938895,RECEIVED,1ce89616-f01d-47f8-8426-5edaf1ff3ecd,90a0ba8e-3413-4db8-8c1c-8b677a6074ed,c2,DROP,1020,e2,?,
1769494781.8113546,RECEIVED,cf25864c-9de9-42d1-a6e1-72b17272470c,a8404ee1-44d9-4192-84ac-d0ddc4dc069a,c1,DROP,1008,e6,?,
1769494781.8514986,SENT,b15e66d6-af71-4aee-8bd2-0a91beef47e1,7178ddea-893b-42d5-9dea-d2812e7de800,c1,DROP,692,?,x7,
1769494781.8515737,FORWARDED,b15e66d6-af71-4aee-8bd2-0a91beef47e1,7178ddea-893b-42d5-9dea-d2812e7de800,c1,DROP,692,?,x7,
1769494781.8915305,RECEIVED,db590fbd-d1dd-4679-9c01-05d2052e7383,ea56bb2d-72e7-4ffd-9c19-813fca19a0b6,c2,DROP,1015,e7,?,
1769494781.8979995,SENT,cf25864c-9de9-42d1-a6e1-72b17272470c,a8404ee1-44d9-4192-84ac-d0ddc4dc069a,c1,DROP,683,?,x1,
1769494781.8980384,FORWARDED,cf25864c-9de9-42d1-a6e1-72b17272470c,a8404ee1-44d9-4192-84ac-d0ddc4dc069a,c1,DROP,683,?,x1,
1769494781.9290307,SENT,f0be4e2c-a8c5-412a-8d9a-0d84816254db,f3d6d291-7e8a-42c4-a458-1f4b5c369ee6,c3,DROP,683,?,x5,
1769494781.9291031,FORWARDED,f0be4e2c-a8c5-412a-8d9a-0d84816254db,f3d6d291-7e8a-42c4-a458-1f4b5c369ee6,c3,DROP,683,?,x5,
1769494781.9442797,SENT,50650084-b148-4366-8ea4-afa755cd96f6,cee48b05-a127-42d2-b6be-b92f6e6fde7a,c5,c2,1251,?,x2,
1769494781.9443223,FORWARDED,50650084-b148-4366-8ea4-afa755cd96f6,cee48b05-a127-42d2-b6be-b92f6e6fde7a,c5,c2,1251,?,x2,
1769494781.9510205,RECEIVED,a8a21e8d-557c-4d46-a526-639f32be987f,7fb58d4e-b5e9-46b4-9e0d-180dd515485c,c3,DROP,1021,e12,?,
1769494782.0249226,RECEIVED,8224978c-8468-4851-ba61-a7ab31d94680,16a4024f-5063-4df7-82a7-a243d5da0d9d,c3,DROP,1017,e8,?,
1769494782.0975568,RECEIVED,b097a07a-46ef-4a11-b600-025dc5a193a4,149b735b-ea4a-4994-9395-04b05647c69f,c5,DROP,1011,e7,?,
1769494782.1797078,SENT,b097a07a-46ef-4a11-b600-025dc5a193a4,149b735b-ea4a-4994-9395-04b05647c69f,c5,DROP,687,?,x2,
1769494782.179744,FORWARDED,b097a07a-46ef-4a11-b600-025dc5a193a4,149b735b-ea4a-4994-9395-04b05647c69f,c5,DROP,687,?,x2,
1769494782.1917868,SENT,a8a21e8d-557c-4d46-a526-639f32be987f,7fb58d4e-b5e9-46b4-9e0d-180dd515485c,c3,DROP,692,?,x12,
1769494782.1918232,FORWARDED,a8a21e8d-557c-4d46-a526-639f32be987f,7fb58d4e-b5e9-46b4-9e0d-180dd515485c,c3,DROP,692,?,x12,
1769494782.2203937,RECEIVED,cc866656-f2b0-4822-b4f6-f89b6d268bca,82fa2d22-883e-4cc9-ad24-632574ae592e,c5,DROP,1014,e10,?,
1769494782.2510161,RECEIVED,11ae9787-3ab4-4668-9f0e-d193f0564cf3,82249ec8-334f-4395-8ce4-ea2f0854ff53,c1,DROP,1020,e11,?,
1769494782.2637956,RECEIVED,271412ed-bdef-49f2-9c3b-5f366f13e038,2f78c028-4017-41ce-9a14-79997610a7c6,c2,DROP,445,x7,?,
1769494782.2786303,RECEIVED,5fb2e5a6-7c81-44dc-afe8-137321915c8a,7f23b4c3-1499-41ec-8df5-cbd235cf3eff,c1,DROP,1007,e7,?,
1769494782.3041644,RECEIVED,cc915d2d-ac53-4ba3-bccd-04b12c09b104,f22bace9-b443-47b2-bb85-ce7e75564085,c2,c3,1781,e10,?,
1769494782.511134,SENT,11ae9787-3ab4-4668-9f0e-d193f0564cf3,82249ec8-334f-4395-8ce4-ea2f0854ff53,c1,DROP,691,?,x12,
1769494782.5111752,FORWARDED,11ae9787-3ab4-4668-9f0e-d193f0564cf3,82249ec8-334f-4395-8ce4-ea2f0854ff53,c1,DROP,691,?,x12,
1769494782.612951,SENT,cc915d2d-ac53-4ba3-bccd-04b12c09b104,f22bace9-b443-47b2-bb85-ce7e75564085,c2,c3,1263,?,x12,
1769494782.6129935,FORWARDED,cc915d2d-ac53-4ba3-bccd-04b12c09b104,f22bace9-b443-47b2-bb85-ce7e75564085,c2,c3,1263,?,x12,
1769494782.7322266,SENT,db590fbd-d1dd-4679-9c01-05d2052e7383,ea56bb2d-72e7-4ffd-9c19-813fca19a0b6,c2,DROP,688,?,x4,
1769494782.7322679,FORWARDED,db590fbd-d1dd-4679-9c01-05d2052e7383,ea56bb2d-72e7-4ffd-9c19-813fca19a0b6,c2,DROP,688,?,x4,
1769494782.9645596,SENT,5fb2e5a6-7c81-44dc-afe8-137321915c8a,7f23b4c3-1499-41ec-8df5-cbd235cf3eff,c1,DROP,683,?,x5,
1769494782.9645975,FORWARDED,5fb2e5a6-7c81-44dc-afe8-137321915c8a,7f23b4c3-1499-41ec-8df5-cbd235cf3eff,c1,DROP,683,?,x5,
1769494783.1310334,SENT,8224978c-8468-4851-ba61-a7ab31d94680,16a4024f-5063-4df7-82a7-a243d5da0d9d,c3,DROP,692,?,x6,
1769494783.1313362,FORWARDED,8224978c-8468-4851-ba61-a7ab31d94680,16a4024f-5063-4df7-82a7-a243d5da0d9d,c3,DROP,692,?,x6,
1769494783.1980042,SENT,1ce89616-f01d-47f8-8426-5edaf1ff3ecd,90a0ba8e-3413-4db8-8c1c-8b677a6074ed,c2,DROP,691,?,x11,
1769494783.1980455,FORWARDED,1ce89616-f01d-47f8-8426-5edaf1ff3ecd,90a0ba8e-3413-4db8-8c1c-8b677a6074ed,c2,DROP,691,?,x11,
1769494783.3268006,SENT,e58843ab-0cde-47b9-a76e-7205545a287e,6a18d56c-068b-4a90-9d62-97ce41ff840d,c4,c5,1264,?,x5,
1769494783.3268425,FORWARDED,e58843ab-0cde-47b9-a76e-7205545a287e,6a18d56c-068b-4a90-9d62-97ce41ff840d,c4,c5,1264,?,x5,
1769494783.4357905,RECEIVED,51daa496-fa84-47ae-97df-c5ceb300534c,f9dc5286-94b0-4bdb-8624-822e5b52bf3b,c2,DROP,1007,e6,?,
1769494783.5225158,RECEIVED,664dbd30-9471-453d-b84e-c020616be19b,a6d647c9-72d2-4123-be31-d86cc74ae562,c1,c5,1784,e2,?,
1769494783.680934,RECEIVED,526e34c7-f95d-44ba-8cc9-17bb937b1569,22c6f057-39dc-4bcf-bc59-1e44d9b8a853,c2,c3,1775,e11,?,
1769494783.7106986,RECEIVED,4c6db814-666d-48e7-8579-f77859015e29,0200a3de-b62d-4d5a-8cf5-0cebc1290c3f,c3,DROP,1006,e11,?,
1769494783.7388024,RECEIVED,45afe9e2-ca2f-4e6a-987e-4d360084c9b1,80e4f87d-d06c-4a52-9e40-a52ff7622565,c1,DROP,446,x11,?,
1769494783.755041,RECEIVED,478890ed-94f6-4b68-867c-fcc1b9a2f596,299bccd9-6dea-417d-8b61-5f14f6ec6a9c,c5,DROP,440,x3,?,
1769494783.8496644,RECEIVED,a3c749bc-a44e-4931-b5e2-8c09328d3118,dbd74781-8386-435a-a07e-bf9e0382cfcf,c4,DROP,1012,e2,?,
1769494783.9536724,SENT,cc866656-f2b0-4822-b4f6-f89b6d268bca,82fa2d22-883e-4cc9-ad24-632574ae592e,c5,DROP,688,?,x9,
1769494783.9537134,FORWARDED,cc866656-f2b0-4822-b4f6-f89b6d268bca,82fa2d22-883e-4cc9-ad24-632574ae592e,c5,DROP,688,?,x9,
1769494783.9626634,RECEIVED,80ec0dc5-2996-4198-906a-f92db760ac8d,1f64d903-ae53-454a-bf41-934994cb4ece,c4,DROP,442,x10,?,
1769494783.9901922,RECEIVED,2cc41823-4d62-4cde-889d-5f04bdf91c9c,a1ccac14-3b6b-43c1-b021-d1ffd8933d48,c2,DROP,441,x7,?,
1769494784.0082703,RECEIVED,88ac8dd1-9db4-46bb-bfb2-1279862bfa2a,275506a3-67d2-485e-b408-da5eda28ccb4,c1,DROP,446,x12,?,
1769494784.0226142,SENT,a3c749bc-a44e-4931-b5e2-8c09328d3118,dbd74781-8386-435a-a07e-bf9e0382cfcf,c4,DROP,686,?,x2,
1769494784.0226593,FORWARDED,a3c749bc-a44e-4931-b5e2-8c09328d3118,dbd74781-8386-435a-a07e-bf9e0382cfcf,c4,DROP,686,?,x2,
1769494784.0295572,RECEIVED,edcc9c76-44e2-4185-9c27-8e0747101d1f,52cd9060-0647-4818-b583-070a4226fce9,c1,DROP,1020,e10,?,
1769494784.1510427,RECEIVED,6a7ad806-a274-4baa-ac1b-a45cfa25211e,34d3e707-80f2-44a5-ba7d-faac5e1c0f8c,c2,DROP,1009,e2,?,
1769494784.1702611,SENT,51daa496-fa84-47ae-97df-c5ceb300534c,f9dc5286-94b0-4bdb-8624-822e5b52bf3b,c2,DROP,683,?,x9,
1769494784.1703033,FORWARDED,51daa496-fa84-47ae-97df-c5ceb300534c,f9dc5286-94b0-4bdb-8624-822e5b52bf3b,c2,DROP,683,?,x9,
1769494784.1705065,RECEIVED,63f60546-7f2f-41e8-8824-58444e850ff2,7b005365-956f-428a-b9e0-0ce32f2fefa5,c5,DROP,1022,e10,?,
1769494784.1796803,SENT,63f60546-7f2f-41e8-8824-58444e850ff2,7b005365-956f-428a-b9e0-0ce32f2fefa5,c5,DROP,691,?,x2,
1769494784.1797218,FORWARDED,63f60546-7f2f-41e8-8824-58444e850ff2,7b005365-956f-428a-b9e0-0ce32f2fefa5,c5,DROP,691,?,x2,
1769494784.1813064,SENT,6a7ad806-a274-4baa-ac1b-a45cfa25211e,34d3e707-80f2-44a5-ba7d-faac5e1c0f8c,c2,DROP,683,?,x3,
1769494784.1813443,FORWARDED,6a7ad806-a274-4baa-ac1b-a45cfa25211e,34d3e707-80f2-44a5-ba7d-faac5e1c0f8c,c2,DROP,683,?,x3,
1769494784.188667,RECEIVED,980fc57c-c5f8-4b00-9d1f-419887cd7d69,1f5b0932-2244-435e-98f2-86ef916a661b,c3,DROP,1020,e3,?,
1769494784.2444675,RECEIVED,e9badf29-94ba-4646-83f1-936c585fd444,61659ea8-45af-41c5-832c-0a4dbf9714dc,c3,DROP,1007,e4,?,
1769494784.2545094,SENT,edcc9c76-44e2-4185-9c27-8e0747101d1f,52cd9060-0647-4818-b583-070a4226fce9,c1,DROP,693,?,x6,
1769494784.2545516,FORWARDED,edcc9c76-44e2-4185-9c27-8e0747101d1f,52cd9060-0647-4818-b583-070a4226fce9,c1,DROP,693,?,x6,
1769494784.5006576,RECEIVED,78ac4b93-79d3-45aa-9306-aae7d03d307a,0e6a2358-4ff2-485d-a1cd-b471fcd534d6,c3,DROP,1021,e1,?,
1769494784.571319,RECEIVED,ccabe4aa-b28f-407d-9a4d-77792b6e181d,e8045ae3-4d5d-49fb-bd93-44ce9eca9d15,c4,DROP,1011,e4,?,
1769494784.5803082,SENT,78ac4b93-79d3-45aa-9306-aae7d03d307a,0e6a2358-4ff2-485d-a1cd-b471fcd534d6,c3,DROP,692,?,x11,
1769494784.5803502,FORWARDED,78ac4b93-79d3-45aa-9306-aae7d03d307a,0e6a2358-4ff2-485d-a1cd-b471fcd534d6,c3,DROP,692,?,x11,
1769494784.586745,SENT,664dbd30-9471-453d-b84e-c020616be19b,a6d647c9-72d2-4123-be31-d86cc74ae562,c1,c5,1264,?,x12,
1769494784.5867863,FORWARDED,664dbd30-9471-453d-b84e-c020616be19b,a6d647c9-72d2-4123-be31-d86cc74ae562,c1,c5,1264,?,x12,
1769494784.6099544,SENT,980fc57c-c5f8-4b00-9d1f-419887cd7d69,1f5b0932-2244-435e-98f2-86ef916a661b,c3,DROP,693,?,x1,
1769494784.6099937,FORWARDED,980fc57c-c5f8-4b00-9d1f-419887cd7d69,1f5b0932-2244-435e-98f2-86ef916a661b,c3,DROP,693,?,x1,
1769494784.7059386,SENT,ccabe4aa-b28f-407d-9a4d-77792b6e181d,e8045ae3-4d5d-49fb-bd93-44ce9eca9d15,c4,DROP,687,?,x6,
1769494784.7059803,FORWARDED,ccabe4aa-b28f-407d-9a4d-77792b6e181d,e8045ae3-4d5d-49fb-bd93-44ce9eca9d15,c4,DROP,687,?,x6,
1769494784.7376304,RECEIVED,4e22137f-329d-4f72-b054-620b0ea96824,59be21dc-781c-4845-a4dc-c7b6e3ae8399,c2,DROP,1021,e6,?,
1769494784.8239613,RECEIVED,3e415855-5639-4cc8-8d85-7883f0d6681d,6a6dfdf7-d46a-42ee-a1d2-e403dc3c49c1,c1,DROP,1011,e4,?,
1769494784.889878,RECEIVED,e0c538e0-ab79-45a3-ba02-00030b06a50b,43a88916-e7ea-41a7-8bd9-46598c49b8a8,c5,DROP,1020,e8,?,
1769494784.9100049,SENT,3e415855-5639-4cc8-8d85-7883f0d6681d,6a6dfdf7-d46a-42ee-a1d2-e403dc3c49c1,c1,DROP,687,?,x9,
1769494784.9100597,FORWARDED,3e415855-5639-4cc8-8d85-7883f0d6681d,6a6dfdf7-d46a-42ee-a1d2-e403dc3c49c1,c1,DROP,687,?,x9,
1769494784.9651277,SENT,526e34c7-f95d-44ba-8cc9-17bb937b1569,22c6f057-39dc-4bcf-bc59-1e44d9b8a853,c2,c3,1259,?,x4,
1769494784.9652076,FORWARDED,526e34c7-f95d-44ba-8cc9-17bb937b1569,22c6f057-39dc-4bcf-bc59-1e44d9b8a853,c2,c3,1259,?,x4,
1769494784.9776294,SENT,e0c538e0-ab79-45a3-ba02-00030b06a50b,43a88916-e7ea-41a7-8bd9-46598c49b8a8,c5,DROP,692,?,x4,
1769494784.9776711,FORWARDED,e0c538e0-ab79-45a3-ba02-00030b06a50b,43a88916-e7ea-41a7-8bd9-46598c49b8a8,c5,DROP,692,?,x4,
1769494785.0255861,RECEIVED,8a66e099-62bd-4ce7-a307-27acfad7b576,c9e5ee40-d7d5-434d-8929-6e09b4f6bb3c,c5,DROP,1020,e6,?,
1769494785.1301794,SENT,e9badf29-94ba-4646-83f1-936c585fd444,61659ea8-45af-41c5-832c-0a4dbf9714dc,c3,DROP,684,?,x7,
1769494785.1302228,FORWARDED,e9badf29-94ba-4646-83f1-936c585fd444,61659ea8-45af-41c5-832c-0a4dbf9714dc,c3,DROP,684,?,x7,
1769494785.193777,RECEIVED,a5048b56-585d-4131-bd66-05c1b0ea823e,65a6babd-a9db-4461-9c47-b21cadb4fc91,c3,DROP,1016,e9,?,
1769494785.228503,SENT,4e22137f-329d-4f72-b054-620b0ea96824,59be21dc-781c-4845-a4dc-c7b6e3ae8399,c2,DROP,692,?,x12,
1769494785.2285395,FORWARDED,4e22137f-329d-4f72-b054-620b0ea96824,59be21dc-781c-4845-a4dc-c7b6e3ae8399,c2,DROP,692,?,x12,
1769494785.2373796,RECEIVED,dc45f119-be17-4d20-828a-749d918f182d,c276bf64-e7bc-46b9-864b-61bc6ede2d69,c1,DROP,1012,e8,?,
1769494785.268678,RECEIVED,a4b538a6-59c1-4664-90fd-795490e6fc55,1aa3d295-3edf-4d3b-95c9-0e5194c011c8,c4,DROP,1010,e3,?,
1769494785.3180156,RECEIVED,951d2c94-1547-4321-962f-2a3a1386ee92,3386fa20-0e83-425e-8e70-524dbb72d35f,c5,DROP,1017,e9,?,
1769494785.3758018,SENT,dc45f119-be17-4d20-828a-749d918f182d,c276bf64-e7bc-46b9-864b-61bc6ede2d69,c1,DROP,687,?,x7,
1769494785.3758419,FORWARDED,dc45f119-be17-4d20-828a-749d918f182d,c276bf64-e7bc-46b9-864b-61bc6ede2d69,c1,DROP,687,?,x7,
1769494785.3929539,RECEIVED,31b13faa-3b14-4ec3-882a-5be991b8dbba,dd1c5444-5290-48a1-83bc-01af16ec4d3a,c3,DROP,1019,e10,?,
1769494785.4284194,SENT,a5048b56-585d-4131-bd66-05c1b0ea823e,65a6babd-a9db-4461-9c47-b21cadb4fc91,c3,DROP,688,?,x4,
1769494785.4284601,FORWARDED,a5048b56-585d-4131-bd66-05c1b0ea823e,65a6babd-a9db-4461-9c47-b21cadb4fc91,c3,DROP,688,?,x4,
1769494785.4629073,SENT,951d2c94-1547-4321-962f-2a3a1386ee92,3386fa20-0e83-425e-8e70-524dbb72d35f,c5,DROP,688,?,x10,
1769494785.4629493,FORWARDED,951d2c94-1547-4321-962f-2a3a1386ee92,3386fa20-0e83-425e-8e70-524dbb72d35f,c5,DROP,688,?,x10,
1769494785.5454867,RECEIVED,ddcf2c2e-3401-41ce-b018-cb52529ac142,405d58e9-216f-4e83-ad6d-d35c82399c7e,c5,DROP,445,x12,?,
1769494785.5493476,SENT,8a66e099-62bd-4ce7-a307-27acfad7b576,c9e5ee40-d7d5-434d-8929-6e09b4f6bb3c,c5,DROP,693,?,x10,
1769494785.5493865,FORWARDED,8a66e099-62bd-4ce7-a307-27acfad7b576,c9e5ee40-d7d5-434d-8929-6e09b4f6bb3c,c5,DROP,693,?,x10,
1769494785.62019,RECEIVED,153bbe1f-b5c4-4ff0-b7d3-0404bf184ac0,f187301e-9195-4e88-a9a0-636a592e73ed,c2,DROP,440,x4,?,
1769494785.6446383,SENT,31b13faa-3b14-4ec3-882a-5be991b8dbba,dd1c5444-5290-48a1-83bc-01af16ec4d3a,c3,DROP,692,?,x5,
1769494785.6446807,FORWARDED,31b13faa-3b14-4ec3-882a-5be991b8dbba,dd1c5444-5290-48a1-83bc-01af16ec4d3a,c3,DROP,692,?,x5,
1769494785.8553197,RECEIVED,3e66da77-df8a-422e-b3e7-6b27883366c3,dce53ee8-a971-42e6-86c0-76e3f513dabe,c5,DROP,1020,e12,?,
1769494785.8827324,RECEIVED,17bdab7e-3aaa-4ba9-a1b4-834dd7289849,2e5e5b6a-ab1a-47a6-b24e-c85d4c0aed23,c5,DROP,1020,e4,?,
1769494786.0055182,SENT,4c6db814-666d-48e7-8579-f77859015e29,0200a3de-b62d-4d5a-8cf5-0cebc1290c3f,c3,DROP,684,?,x9,
1769494786.0055568,FORWARDED,4c6db814-666d-48e7-8579-f77859015e29,0200a3de-b62d-4d5a-8cf5-0cebc1290c3f,c3,DROP,684,?,x9,
1769494786.0174668,SENT,17bdab7e-3aaa-4ba9-a1b4-834dd7289849,2e5e5b6a-ab1a-47a6-b24e-c85d4c0aed23,c5,DROP,693,?,x3,
1769494786.017512,FORWARDED,17bdab7e-3aaa-4ba9-a1b4-834dd7289849,2e5e5b6a-ab1a-47a6-b24e-c85d4c0aed23,c5,DROP,693,?,x3,
1769494786.080412,RECEIVED,fa6c4bc6-9efb-434f-a44e-8ff8535a442a,6dcd370f-77dc-4bd9-aa3a-afb1b6e5b724,c3,DROP,442,x4,?,
1769494786.1040049,RECEIVED,20606f76-d212-4877-a360-7799e31c3bf8,e4abcc97-ea8a-4d05-a226-d809d596fa91,c3,DROP,1019,e7,?,
1769494786.1124964,RECEIVED,b54e703f-0ab8-4ab1-842d-490cc09754a9,ebbf8e94-a760-4908-a3f5-a05ae69bd28f,c5,DROP,1020,e6,?,
1769494786.265583,RECEIVED,df613f7a-dc3a-4d32-bdcd-86106f818373,5b7e3518-0386-4078-8c29-109d149b70db,c3,DROP,1007,e3,?,
1769494786.3598397,SENT,a4b538a6-59c1-4664-90fd-795490e6fc55,1aa3d295-3edf-4d3b-95c9-0e5194c011c8,c4,DROP,685,?,x3,
1769494786.3598819,FORWARDED,a4b538a6-59c1-4664-90fd-795490e6fc55,1aa3d295-3edf-4d3b-95c9-0e5194c011c8,c4,DROP,685,?,x3,
1769494786.3658872,RECEIVED,72c2a1c0-5813-4843-9e1f-d90041b85a45,09b50e8a-8eb9-4165-a0c3-e57e87653bf5,c5,DROP,1008,e5,?,
1769494786.3796704,SENT,20606f76-d212-4877-a360-7799e31c3bf8,e4abcc97-ea8a-4d05-a226-d809d596fa91,c3,DROP,692,?,x7,
1769494786.3797138,FORWARDED,20606f76-d212-4877-a360-7799e31c3bf8,e4abcc97-ea8a-4d05-a226-d809d596fa91,c3,DROP,692,?,x7,
1769494786.3894958,RECEIVED,d47ec4b3-1260-4776-8aea-2f26085e5bd6,adcc1115-9453-4bb7-b4bc-16565f943cca,c4,c5,1776,e4,?,
1769494786.4441538,RECEIVED,f2a60d59-87c8-4788-8757-23f732f93208,1d11cfed-97d2-4940-bf21-53578961a6fa,c5,DROP,1021,e10,?,
1769494786.4490404,SENT,d47ec4b3-1260-4776-8aea-2f26085e5bd6,adcc1115-9453-4bb7-b4bc-16565f943cca,c4,c5,1259,?,x6,
1769494786.4490883,FORWARDED,d47ec4b3-1260-4776-8aea-2f26085e5bd6,adcc1115-9453-4bb7-b4bc-16565f943cca,c4,c5,1259,?,x6,
1769494786.5006938,RECEIVED,cf99fdc8-f5a9-430f-a744-93e14959e8b5,732939b8-7c21-49cc-b7b9-a50445dde2cc,c4,DROP,1006,e5,?,
1769494786.5448012,RECEIVED,d02974ec-f26f-43a1-87f8-b0ed27a33856,896f382e-f4af-40ff-8e35-37359d44a865,c3,DROP,1016,e8,?,
1769494786.6141074,SENT,f2a60d59-87c8-4788-8757-23f732f93208,1d11cfed-97d2-4940-bf21-53578961a6fa,c5,DROP,692,?,x12,
1769494786.6141493,FORWARDED,f2a60d59-87c8-4788-8757-23f732f93208,1d11cfed-97d2-4940-bf21-53578961a6fa,c5,DROP,692,?,x12,
1769494786.643923,RECEIVED,5d09a5e0-4b8c-4fd0-a35a-5d4f16f37ba3,c41061f5-c08f-4b78-979a-c8222fdfe956,c4,DROP,446,x7,?,
1769494786.6555653,SENT,72c2a1c0-5813-4843-9e1f-d90041b85a45,09b50e8a-8eb9-4165-a0c3-e57e87653bf5,c5,DROP,682,?,x12,
1769494786.6556003,FORWARDED,72c2a1c0-5813-4843-9e1f-d90041b85a45,09b50e8a-8eb9-4165-a0c3-e57e87653bf5,c5,DROP,682,?,x12,
1769494786.6704068,SENT,b54e703f-0ab8-4ab1-842d-490cc09754a9,ebbf8e94-a760-4908-a3f5-a05ae69bd28f,c5,DROP,692,?,x12,
1769494786.6704507,FORWARDED,b54e703f-0ab8-4ab1-842d-490cc09754a9,ebbf8e94-a760-4908-a3f5-a05ae69bd28f,c5,DROP,692,?,x12,
1769494786.673142,RECEIVED,9d4a225b-c9e9-4652-b70d-6b4fd0579abf,9f74930a-cdf0-4bdf-b597-ba69524dd38e,c1,DROP,1019,e12,?,
1769494786.7555618,RECEIVED,84d3b246-5b15-462c-8f3e-f3d48cabf30e,943b3294-6db3-4653-9d2d-0dc99295346d,c4,c5,1767,e2,?,
1769494786.772349,RECEIVED,958af7b8-29c0-42aa-8c4d-594d2bd79376,6003b4db-027f-4160-b1cd-a847334fde68,c4,DROP,1008,e11,?,
1769494786.8113732,RECEIVED,f61bb6c9-5771-4f46-95eb-8977a87f8821,1945e10b-71db-4529-9115-db533fe11021,c1,DROP,1011,e5,?,
1769494786.8453898,RECEIVED,4f95124c-433c-42e1-8bbf-ea85610a5057,172c22d1-353e-4fe2-8ebd-1d9150bbe0ed,c3,DROP,1012,e8,?,
1769494786.9375541,RECEIVED,f6cc8aa6-8f14-47ed-b814-e3ccdfd9a4a6,0d51c0c1-2ead-4508-96bb-142d7f4fdd41,c2,DROP,1016,e8,?,
1769494786.9791875,RECEIVED,2a01af34-6384-45e6-8043-5705dd550095,646c062a-089e-4553-97b9-70ee179b06ed,c4,DROP,1012,e2,?,
1769494787.0232534,SENT,d02974ec-f26f-43a1-87f8-b0ed27a33856,896f382e-f4af-40ff-8e35-37359d44a865,c3,DROP,689,?,x12,
1769494787.0232952,FORWARDED,d02974ec-f26f-43a1-87f8-b0ed27a33856,896f382e-f4af-40ff-8e35-37359d44a865,c3,DROP,689,?,x12,
1769494787.0555222,SENT,84d3b246-5b15-462c-8f3e-f3d48cabf30e,943b3294-6db3-4653-9d2d-0dc99295346d,c4,c5,1252,?,x2,
1769494787.0555663,FORWARDED,84d3b246-5b15-462c-8f3e-f3d48cabf30e,943b3294-6db3-4653-9d2d-0dc99295346d,c4,c5,1252,?,x2,
1769494787.057711,RECEIVED,08bc3ae4-a4b5-4f36-92e2-e8db29173249,6a6c7ec5-4eec-4eac-8f30-0372ef000206,c3,DROP,1008,e6,?,
1769494787.0658648,RECEIVED,79331b80-3e39-49fc-945f-3bb825d09ddf,cb11d3e1-9ef7-4ae3-a21c-c0f75c06c7fd,c5,DROP,1008,e3,?,
1769494787.0712917,SENT,958af7b8-29c0-42aa-8c4d-594d2bd79376,6003b4db-027f-4160-b1cd-a847334fde68,c4,DROP,683,?,x5,
1769494787.0713348,FORWARDED,958af7b8-29c0-42aa-8c4d-594d2bd79376,6003b4db-027f-4160-b1cd-a847334fde68,c4,DROP,683,?,x5,
1769494787.101741,SENT,4f95124c-433c-42e1-8bbf-ea85610a5057,172c22d1-353e-4fe2-8ebd-1d9150bbe0ed,c3,DROP,687,?,x1,
1769494787.1017826,FORWARDED,4f95124c-433c-42e1-8bbf-ea85610a5057,172c22d1-353e-4fe2-8ebd-1d9150bbe0ed,c3,DROP,687,?,x1,
1769494787.1068416,RECEIVED,d9aba89c-81d2-4a38-a4f1-b6046c19d1c3,bd23e23d-a1fb-4333-b3b7-194b646c4579,c4,DROP,1007,e4,?,
1769494787.1136189,SENT,2a01af34-6384-45e6-8043-5705dd550095,646c062a-089e-4553-97b9-70ee179b06ed,c4,DROP,687,?,x2,
1769494787.1136599,FORWARDED,2a01af34-6384-45e6-8043-5705dd550095,646c062a-089e-4553-97b9-70ee179b06ed,c4,DROP,687,?,x2,
1769494787.151433,SENT,f61bb6c9-5771-4f46-95eb-8977a87f8821,1945e10b-71db-4529-9115-db533fe11021,c1,DROP,687,?,x7,
1769494787.1514754,FORWARDED,f61bb6c9-5771-4f46-95eb-8977a87f8821,1945e10b-71db-4529-9115-db533fe11021,c1,DROP,687,?,x7,
1769494787.1798928,SENT,79331b80-3e39-49fc-945f-3bb825d09ddf,cb11d3e1-9ef7-4ae3-a21c-c0f75c06c7fd,c5,DROP,683,?,x1,
1769494787.1799352,FORWARDED,79331b80-3e39-49fc-945f-3bb825d09ddf,cb11d3e1-9ef7-4ae3-a21c-c0f75c06c7fd,c5,DROP,683,?,x1,
1769494787.1958768,SENT,9d4a225b-c9e9-4652-b70d-6b4fd0579abf,9f74930a-cdf0-4bdf-b597-ba69524dd38e,c1,DROP,693,?,x3,
1769494787.1959188,FORWARDED,9d4a225b-c9e9-4652-b70d-6b4fd0579abf,9f74930a-cdf0-4bdf-b597-ba69524dd38e,c1,DROP,693,?,x3,
1769494787.2098758,SENT,d9aba89c-81d2-4a38-a4f1-b6046c19d1c3,bd23e23d-a1fb-4333-b3b7-194b646c4579,c4,DROP,683,?,x9,
1769494787.209917,FORWARDED,d9aba89c-81d2-4a38-a4f1-b6046c19d1c3,bd23e23d-a1fb-4333-b3b7-194b646c4579,c4,DROP,683,?,x9,
1769494787.2422342,SENT,3e66da77-df8a-422e-b3e7-6b27883366c3,dce53ee8-a971-42e6-86c0-76e3f513dabe,c5,DROP,692,?,x12,
1769494787.2422745,FORWARDED,3e66da77-df8a-422e-b3e7-6b27883366c3,dce53ee8-a971-42e6-86c0-76e3f513dabe,c5,DROP,692,?,x12,
1769494787.2526734,RECEIVED,6261f301-6592-4c1c-b385-93055de2e645,4acd62a9-1587-4968-affe-df50fef43e1a,c1,c5,1776,e10,?,
1769494787.2874522,SENT,08bc3ae4-a4b5-4f36-92e2-e8db29173249,6a6c7ec5-4eec-4eac-8f30-0372ef000206,c3,DROP,684,?,x5,
1769494787.2874923,FORWARDED,08bc3ae4-a4b5-4f36-92e2-e8db29173249,6a6c7ec5-4eec-4eac-8f30-0372ef000206,c3,DROP,684,?,x5,
1769494787.2955096,RECEIVED,24f8b333-052d-413a-800d-546b315a3bd4,07d48e75-ddbb-4dd2-8954-9b6e8f52ea99,c5,c2,1792,e5,?,
1769494787.3875477,SENT,cf99fdc8-f5a9-430f-a744-93e14959e8b5,732939b8-7c21-49cc-b7b9-a50445dde2cc,c4,DROP,683,?,x6,
1769494787.3875897,FORWARDED,cf99fdc8-f5a9-430f-a744-93e14959e8b5,732939b8-7c21-49cc-b7b9-a50445dde2cc,c4,DROP,683,?,x6,
1769494787.3946452,SENT,f6cc8aa6-8f14-47ed-b814-e3ccdfd9a4a6,0d51c0c1-2ead-4508-96bb-142d7f4fdd41,c2,DROP,690,?,x11,
1769494787.3946872,FORWARDED,f6cc8aa6-8f14-47ed-b814-e3ccdfd9a4a6,0d51c0c1-2ead-4508-96bb-142d7f4fdd41,c2,DROP,690,?,x11,
1769494787.7095668,SENT,24f8b333-052d-413a-800d-546b315a3bd4,07d48e75-ddbb-4dd2-8954-9b6e8f52ea99,c5,c2,1271,?,x5,
1769494787.7096095,FORWARDED,24f8b333-052d-413a-800d-546b315a3bd4,07d48e75-ddbb-4dd2-8954-9b6e8f52ea99,c5,c2,1271,?,x5,
1769494787.7514791,SENT,6261f301-6592-4c1c-b385-93055de2e645,4acd62a9-1587-4968-affe-df50fef43e1a,c1,c5,1259,?,x11,
1769494787.7515154,FORWARDED,6261f301-6592-4c1c-b385-93055de2e645,4acd62a9-1587-4968-affe-df50fef43e1a,c1,c5,1259,?,x11,
1769494787.7629254,RECEIVED,b338f6e9-cb8f-4b6c-8b5c-5ec3f0f5ec4b,fb7f4131-1115-4eec-8651-a65484fe8ab8,c4,DROP,1017,e10,?,
1769494787.8116965,RECEIVED,17d0f6db-1153-48ee-912e-47e76ed06c8e,09146925-aa57-4527-b90e-0bace2472eaf,c2,DROP,1008,e8,?,
1769494787.956278,SENT,b338f6e9-cb8f-4b6c-8b5c-5ec3f0f5ec4b,fb7f4131-1115-4eec-8651-a65484fe8ab8,c4,DROP,688,?,x12,
1769494787.95632,FORWARDED,b338f6e9-cb8f-4b6c-8b5c-5ec3f0f5ec4b,fb7f4131-1115-4eec-8651-a65484fe8ab8,c4,DROP,688,?,x12,
1769494787.9878912,SENT,17d0f6db-1153-48ee-912e-47e76ed06c8e,09146925-aa57-4527-b90e-0bace2472eaf,c2,DROP,684,?,x6,
1769494787.9879425,FORWARDED,17d0f6db-1153-48ee-912e-47e76ed06c8e,09146925-aa57-4527-b90e-0bace2472eaf,c2,DROP,684,?,x6,
1769494788.0428762,SENT,df613f7a-dc3a-4d32-bdcd-86106f818373,5b7e3518-0386-4078-8c29-109d149b70db,c3,DROP,684,?,x2,
1769494788.0429182,FORWARDED,df613f7a-dc3a-4d32-bdcd-86106f818373,5b7e3518-0386-4078-8c29-109d149b70db,c3,DROP,684,?,x2,
1769494788.496944,RECEIVED,823ebde2-160a-4a7f-8cba-2fabfce726b8,e9b4a28e-1e94-434b-8088-23f9e234923c,c2,DROP,1020,e8,?,
1769494788.5815022,SENT,823ebde2-160a-4a7f-8cba-2fabfce726b8,e9b4a28e-1e94-434b-8088-23f9e234923c,c2,DROP,693,?,x2,
1769494788.5815425,FORWARDED,823ebde2-160a-4a7f-8cba-2fabfce726b8,e9b4a28e-1e94-434b-8088-23f9e234923c,c2,DROP,693,?,x2,
1769494788.6764598,RECEIVED,70fb5610-c7d7-4c7e-821b-5af191708b90,5dc2f65a-71a0-44ba-a8d6-3e1bfaa2d688,c1,c5,1777,e5,?,
1769494788.731294,SENT,70fb5610-c7d7-4c7e-821b-5af191708b90,5dc2f65a-71a0-44ba-a8d6-3e1bfaa2d688,c1,c5,1260,?,x10,
1769494788.731355,FORWARDED,70fb5610-c7d7-4c7e-821b-5af191708b90,5dc2f65a-71a0-44ba-a8d6-3e1bfaa2d688,c1,c5,1260,?,x10,
1769494788.7479079,RECEIVED,bccb122b-b8b0-494b-8757-42d023997cb4,4f4aa551-c08c-4e86-a46d-646f2edd7c3c,c3,DROP,1020,e9,?,
1769494788.7487478,RECEIVED,e0d3f916-ad8c-4da5-8212-c5c3aaf10361,bda56878-bdee-4980-af0b-699069459564,c4,DROP,1019,e7,?,
1769494788.8497496,RECEIVED,9d615a1a-4a81-4c51-bf3c-6c3a2ac44bb8,657b41ab-05ab-4470-b471-78b604729171,c3,c5,1777,e11,?,
1769494788.9068608,RECEIVED,7237f719-6dfe-4683-b37e-5c011b55b5f0,6a19fefe-368b-4078-ab03-2f748e1b801b,c4,DROP,1016,e10,?,
1769494788.9122844,SENT,9d615a1a-4a81-4c51-bf3c-6c3a2ac44bb8,657b41ab-05ab-4470-b471-78b604729171,c3,c5,1260,?,x1,
1769494788.912327,FORWARDED,9d615a1a-4a81-4c51-bf3c-6c3a2ac44bb8,657b41ab-05ab-4470-b471-78b604729171,c3,c5,1260,?,x1,
1769494788.9816518,RECEIVED,016bdc6e-130d-4059-807b-4a58b8537180,e1099853-3644-4f0f-9ab7-d9374871f0b9,c3,DROP,445,x12,?,
1769494789.0054739,RECEIVED,0de57055-15d1-4b3d-ac62-ebc071e4644e,613df3e4-4d0b-47a4-a391-97068e9d9214,c1,DROP,1015,e9,?,
1769494789.0071104,SENT,e0d3f916-ad8c-4da5-8212-c5c3aaf10361,bda56878-bdee-4980-af0b-699069459564,c4,DROP,691,?,x9,
1769494789.0071805,FORWARDED,e0d3f916-ad8c-4da5-8212-c5c3aaf10361,bda56878-bdee-4980-af0b-699069459564,c4,DROP,691,?,x9,
1769494789.0528028,RECEIVED,0707812c-ea8a-4e5e-9842-91a9179e6ed9,108b265b-59a6-46d0-8a15-72c960793b51,c3,DROP,1023,e3,?,
1769494789.2663312,SENT,bccb122b-b8b0-494b-8757-42d023997cb4,4f4aa551-c08c-4e86-a46d-646f2edd7c3c,c3,DROP,691,?,x11,
1769494789.2663739,FORWARDED,bccb122b-b8b0-494b-8757-42d023997cb4,4f4aa551-c08c-4e86-a46d-646f2edd7c3c,c3,DROP,691,?,x11,
1769494789.4297357,RECEIVED,86485e90-e5e9-41ec-a047-30f44e3ab703,78833fed-a107-4e53-a81c-7a594a43a42a,c4,c5,1771,e7,?,
1769494789.5736175,SENT,7237f719-6dfe-4683-b37e-5c011b55b5f0,6a19fefe-368b-4078-ab03-2f748e1b801b,c4,DROP,690,?,x12,
1769494789.5736744,FORWARDED,7237f719-6dfe-4683-b37e-5c011b55b5f0,6a19fefe-368b-4078-ab03-2f748e1b801b,c4,DROP,690,?,x12,
1769494789.7185607,SENT,0707812c-ea8a-4e5e-9842-91a9179e6ed9,108b265b-59a6-46d0-8a15-72c960793b51,c3,DROP,695,?,x7,
1769494789.7186012,FORWARDED,0707812c-ea8a-4e5e-9842-91a9179e6ed9,108b265b-59a6-46d0-8a15-72c960793b51,c3,DROP,695,?,x7,
1769494789.738988,SENT,86485e90-e5e9-41ec-a047-30f44e3ab703,78833fed-a107-4e53-a81c-7a594a43a42a,c4,c5,1257,?,x5,
1769494789.7395945,FORWARDED,86485e90-e5e9-41ec-a047-30f44e3ab703,78833fed-a107-4e53-a81c-7a594a43a42a,c4,c5,1257,?,x5,
1769494789.9871163,RECEIVED,9acf8d3e-8893-42ee-912e-81998173dc0c,457dd725-2ebf-4cee-8a7f-7cb49ff39058,c3,DROP,1016,e10,?,
1769494789.9962718,RECEIVED,99c92f72-d00a-41fd-a3a0-c0a13cb758ad,f8b3fd3a-6dba-4bd0-8a7f-6ead23eb521b,c2,DROP,439,x6,?,
1769494790.0825052,RECEIVED,7998593f-9655-4115-8bbc-88ff4278c30f,f7a9fcc5-f085-46f8-88d5-854e0b69a643,c5,c2,1775,e3,?,
1769494790.082608,RECEIVED,b0ca3172-8285-4777-bdc4-8fd1b8f8481f,957bf5c5-f3b6-449e-a24d-e80eea4a2b93,c2,DROP,1013,e4,?,
1769494790.0899136,SENT,9acf8d3e-8893-42ee-912e-81998173dc0c,457dd725-2ebf-4cee-8a7f-7cb49ff39058,c3,DROP,688,?,x5,
1769494790.089966,FORWARDED,9acf8d3e-8893-42ee-912e-81998173dc0c,457dd725-2ebf-4cee-8a7f-7cb49ff39058,c3,DROP,688,?,x5,
1769494790.1132727,SENT,0de57055-15d1-4b3d-ac62-ebc071e4644e,613df3e4-4d0b-47a4-a391-97068e9d9214,c1,DROP,688,?,x8,
1769494790.1133163,FORWARDED,0de57055-15d1-4b3d-ac62-ebc071e4644e,613df3e4-4d0b-47a4-a391-97068e9d9214,c1,DROP,688,?,x8,
1769494790.1211298,SENT,b0ca3172-8285-4777-bdc4-8fd1b8f8481f,957bf5c5-f3b6-449e-a24d-e80eea4a2b93,c2,DROP,687,?,x7,
1769494790.1211722,FORWARDED,b0ca3172-8285-4777-bdc4-8fd1b8f8481f,957bf5c5-f3b6-449e-a24d-e80eea4a2b93,c2,DROP,687,?,x7,
1769494790.1366906,RECEIVED,0834e076-6163-4a2d-a975-8298d409e943,bc4e4b7b-01f0-46cf-a41a-61e7334f198f,c2,DROP,1009,e7,?,
1769494790.2283182,SENT,0834e076-6163-4a2d-a975-8298d409e943,bc4e4b7b-01f0-46cf-a41a-61e7334f198f,c2,DROP,683,?,x5,
1769494790.2283626,FORWARDED,0834e076-6163-4a2d-a975-8298d409e943,bc4e4b7b-01f0-46cf-a41a-61e7334f198f,c2,DROP,683,?,x5,
1769494790.2707157,RECEIVED,901570a1-b756-4fc6-bf8f-579ec94e1e87,d0918c20-8dc4-4fab-9f7e-5241a5a67862,c1,DROP,445,x10,?,
1769494790.341628,RECEIVED,6dd540e4-b62b-4fc6-b960-a6685ed3034f,7f215f49-7892-4ce1-8596-00fb8eb62611,c1,DROP,1008,e10,?,
1769494790.4436889,RECEIVED,ebe8e497-ca6f-4238-a11e-d9484e43f10a,f78ffc0b-a859-41c9-9bb4-4c00768bc473,c5,DROP,1020,e12,?,
1769494790.4680276,SENT,6dd540e4-b62b-4fc6-b960-a6685ed3034f,7f215f49-7892-4ce1-8596-00fb8eb62611,c1,DROP,684,?,x4,
1769494790.4680893,FORWARDED,6dd540e4-b62b-4fc6-b960-a6685ed3034f,7f215f49-7892-4ce1-8596-00fb8eb62611,c1,DROP,684,?,x4,
1769494790.5327718,SENT,ebe8e497-ca6f-4238-a11e-d9484e43f10a,f78ffc0b-a859-41c9-9bb4-4c00768bc473,c5,DROP,691,?,x9,
1769494790.5328157,FORWARDED,ebe8e497-ca6f-4238-a11e-d9484e43f10a,f78ffc0b-a859-41c9-9bb4-4c00768bc473,c5,DROP,691,?,x9,
1769494790.5752628,RECEIVED,587b2543-83f6-4782-bbac-5078984b46f3,3f4e3718-17ba-4add-9024-e5e65d0a3a34,c5,DROP,1020,e6,?,
1769494790.6768441,RECEIVED,8304a5f4-ff0c-44c2-807e-6fd0988eaea3,7f48e7bd-e669-40fc-8bea-899a81f04a63,c1,DROP,1007,e4,?,
1769494790.7382426,RECEIVED,49371c98-cd76-452a-b851-61d21ed9fedf,2226651b-5e5b-4bb1-b50e-75805710f8c4,c4,c5,1781,e5,?,
1769494790.9433928,SENT,49371c98-cd76-452a-b851-61d21ed9fedf,2226651b-5e5b-4bb1-b50e-75805710f8c4,c4,c5,1263,?,x10,
1769494790.9434354,FORWARDED,49371c98-cd76-452a-b851-61d21ed9fedf,2226651b-5e5b-4bb1-b50e-75805710f8c4,c4,c5,1263,?,x10,
1769494790.971064,SENT,7998593f-9655-4115-8bbc-88ff4278c30f,f7a9fcc5-f085-46f8-88d5-854e0b69a643,c5,c2,1259,?,x7,
1769494790.9711049,FORWARDED,7998593f-9655-4115-8bbc-88ff4278c30f,f7a9fcc5-f085-46f8-88d5-854e0b69a643,c5,c2,1259,?,x7,
1769494791.1650848,SENT,8304a5f4-ff0c-44c2-807e-6fd0988eaea3,7f48e7bd-e669-40fc-8bea-899a81f04a63,c1,DROP,683,?,x4,
1769494791.1651292,FORWARDED,8304a5f4-ff0c-44c2-807e-6fd0988eaea3,7f48e7bd-e669-40fc-8bea-899a81f04a63,c1,DROP,683,?,x4,
1769494791.2208154,RECEIVED,5844c6c8-0c81-4d12-ae43-05c91b600790,52c0b792-dd32-4d13-b727-70eba4cc7910,c2,c3,1767,e4,?,
1769494791.3863673,RECEIVED,78843348-76eb-4312-9a16-b73b569eb605,f1e842b4-848a-4712-bddd-c78a0fefebf5,c5,DROP,1019,e5,?,
1769494791.424122,SENT,587b2543-83f6-4782-bbac-5078984b46f3,3f4e3718-17ba-4add-9024-e5e65d0a3a34,c5,DROP,693,?,x12,
1769494791.424165,FORWARDED,587b2543-83f6-4782-bbac-5078984b46f3,3f4e3718-17ba-4add-9024-e5e65d0a3a34,c5,DROP,693,?,x12,
1769494791.4568493,RECEIVED,a41556b9-d46f-4e88-9005-95118b665292,648424b8-05a1-438b-8bca-fa24b2460e31,c4,c5,1780,e8,?,
1769494791.5847769,SENT,5844c6c8-0c81-4d12-ae43-05c91b600790,52c0b792-dd32-4d13-b727-70eba4cc7910,c2,c3,1253,?,x1,
1769494791.5848176,FORWARDED,5844c6c8-0c81-4d12-ae43-05c91b600790,52c0b792-dd32-4d13-b727-70eba4cc7910,c2,c3,1253,?,x1,
1769494791.6379433,RECEIVED,f0089cda-eed8-415b-b0ac-0eb95b94bd4e,bc39d3b8-18dd-447b-8136-e0ca49a6fbf4,c1,c5,1774,e2,?,
1769494791.6674697,SENT,78843348-76eb-4312-9a16-b73b569eb605,f1e842b4-848a-4712-bddd-c78a0fefebf5,c5,DROP,692,?,x12,
1769494791.6675096,FORWARDED,78843348-76eb-4312-9a16-b73b569eb605,f1e842b4-848a-4712-bddd-c78a0fefebf5,c5,DROP,692,?,x12,
1769494791.7096782,SENT,a41556b9-d46f-4e88-9005-95118b665292,648424b8-05a1-438b-8bca-fa24b2460e31,c4,c5,1263,?,x7,
1769494791.70973,FORWARDED,a41556b9-d46f-4e88-9005-95118b665292,648424b8-05a1-438b-8bca-fa24b2460e31,c4,c5,1263,?,x7,
1769494791.8256145,RECEIVED,b7e46442-423a-46c8-89d0-aa70bf6b16c6,6dcfc490-8091-44e5-b0a8-862bd2d889a7,c2,DROP,1015,e6,?,
1769494791.8601184,RECEIVED,e5df0ea8-d4e8-427c-a2af-6799bb0ea0a7,dd71a276-efb3-472e-8ccc-c8fe6e679aee,c3,DROP,1011,e1,?,
1769494791.8926952,RECEIVED,310730d1-059c-4ea9-a86a-cbdd420b0186,a5e07413-6d0f-44e4-af43-ec22e2defa6c,c2,DROP,1012,e9,?,
1769494792.1414838,SENT,310730d1-059c-4ea9-a86a-cbdd420b0186,a5e07413-6d0f-44e4-af43-ec22e2defa6c,c2,DROP,687,?,x4,
1769494792.1415286,FORWARDED,310730d1-059c-4ea9-a86a-cbdd420b0186,a5e07413-6d0f-44e4-af43-ec22e2defa6c,c2,DROP,687,?,x4,
1769494792.2706163,SENT,f0089cda-eed8-415b-b0ac-0eb95b94bd4e,bc39d3b8-18dd-447b-8136-e0ca49a6fbf4,c1,c5,1258,?,x6,
1769494792.2710114,FORWARDED,f0089cda-eed8-415b-b0ac-0eb95b94bd4e,bc39d3b8-18dd-447b-8136-e0ca49a6fbf4,c1,c5,1258,?,x6,
1769494792.328641,RECEIVED,77f63fe6-e3aa-4d90-b726-9005e2a35f42,e0e9eed4-1566-44a0-b94d-c6bbf9e0bd7d,c5,DROP,1009,e8,?,
1769494792.3338938,SENT,b7e46442-423a-46c8-89d0-aa70bf6b16c6,6dcfc490-8091-44e5-b0a8-862bd2d889a7,c2,DROP,689,?,x8,
1769494792.333935,FORWARDED,b7e46442-423a-46c8-89d0-aa70bf6b16c6,6dcfc490-8091-44e5-b0a8-862bd2d889a7,c2,DROP,689,?,x8,
1769494792.3431356,SENT,77f63fe6-e3aa-4d90-b726-9005e2a35f42,e0e9eed4-1566-44a0-b94d-c6bbf9e0bd7d,c5,DROP,682,?,x3,
1769494792.343188,FORWARDED,77f63fe6-e3aa-4d90-b726-9005e2a35f42,e0e9eed4-1566-44a0-b94d-c6bbf9e0bd7d,c5,DROP,682,?,x3,
1769494792.8475628,RECEIVED,c5fa469e-1a72-4766-a2c0-b49ad25e7819,24d9db03-612b-4681-937a-fa999db8cdc0,c2,DROP,1007,e5,?,
1769494792.8583765,RECEIVED,26696dab-6373-46d8-ac8d-d92c3278688e,ea38c82e-b3a4-4c9e-8bf5-50e8080a1d67,c2,DROP,1007,e9,?,
1769494792.8721604,RECEIVED,2c1f8ae3-e89a-4220-ad5a-690cf9df04e4,38af5b16-ef40-4d89-9120-1bfbd204603e,c3,c5,1775,e5,?,
1769494792.9497836,RECEIVED,9a4138d5-c770-41f8-bf17-d8ea77dfeaf5,0f5db8e1-310c-478f-87a5-4396ae1e6bfa,c2,DROP,441,x2,?,
1769494792.990451,RECEIVED,6701cb39-2960-4d23-9e4d-e2e1c36f4060,d1e92476-1a28-4c5c-ad89-829df62f6a54,c4,c5,1783,e1,?,
1769494793.043844,RECEIVED,7218be95-0641-4889-b26e-041adbee3cb2,9ae08118-adfa-427f-a46a-ae0d958f9c7e,c3,c5,1771,e11,?,
1769494793.1007724,SENT,e5df0ea8-d4e8-427c-a2af-6799bb0ea0a7,dd71a276-efb3-472e-8ccc-c8fe6e679aee,c3,DROP,687,?,x2,
1769494793.1008108,FORWARDED,e5df0ea8-d4e8-427c-a2af-6799bb0ea0a7,dd71a276-efb3-472e-8ccc-c8fe6e679aee,c3,DROP,687,?,x2,
1769494793.1798284,SENT,2c1f8ae3-e89a-4220-ad5a-690cf9df04e4,38af5b16-ef40-4d89-9120-1bfbd204603e,c3,c5,1259,?,x5,
1769494793.1798813,FORWARDED,2c1f8ae3-e89a-4220-ad5a-690cf9df04e4,38af5b16-ef40-4d89-9120-1bfbd204603e,c3,c5,1259,?,x5,
1769494793.197434,RECEIVED,d46a81fa-dd20-495e-a5a8-03c6793945f0,1dfbe317-3025-4c01-8776-7c3fc06d8647,c3,DROP,442,x8,?,
1769494793.3269136,RECEIVED,ccb86989-20b1-432e-8551-d5402f4e723a,3fd137a1-cea0-4f4e-81d1-cfb28b7e9439,c3,c5,1776,e1,?,
1769494793.346428,RECEIVED,3ad88756-f20d-44a0-8d57-68cc5b3ecc75,8a7aafa1-b746-40cc-95b6-4075dfb7abcc,c1,DROP,445,x12,?,
1769494793.3471715,RECEIVED,38e56077-ed09-4478-8487-4d7a57f360d0,d1cd0b3d-28f2-403f-985c-bd38b10ed9ec,c2,DROP,442,x9,?,
1769494793.3569415,SENT,6701cb39-2960-4d23-9e4d-e2e1c36f4060,d1e92476-1a28-4c5c-ad89-829df62f6a54,c4,c5,1264,?,x8,
1769494793.3569815,FORWARDED,6701cb39-2960-4d23-9e4d-e2e1c36f4060,d1e92476-1a28-4c5c-ad89-829df62f6a54,c4,c5,1264,?,x8,
1769494793.4763217,RECEIVED,200b4c9e-f3e1-4a87-bfed-a71754907627,199fd020-f8c2-42ec-aa73-8abeeee32755,c4,DROP,1008,e5,?,
1769494793.5382006,SENT,200b4c9e-f3e1-4a87-bfed-a71754907627,199fd020-f8c2-42ec-aa73-8abeeee32755,c4,DROP,684,?,x1,
1769494793.5382416,FORWARDED,200b4c9e-f3e1-4a87-bfed-a71754907627,199fd020-f8c2-42ec-aa73-8abeeee32755,c4,DROP,684,?,x1,
1769494793.5524614,SENT,c5fa469e-1a72-4766-a2c0-b49ad25e7819,24d9db03-612b-4681-937a-fa999db8cdc0,c2,DROP,683,?,x6,
1769494793.5525014,FORWARDED,c5fa469e-1a72-4766-a2c0-b49ad25e7819,24d9db03-612b-4681-937a-fa999db8cdc0,c2,DROP,683,?,x6,
1769494793.5567865,RECEIVED,4799695d-8b0b-4b47-8897-def5209ba0d9,a634cc23-3991-4e55-9b58-d5482509baff,c4,DROP,1015,e6,?,
1769494793.5746992,SENT,7218be95-0641-4889-b26e-041adbee3cb2,9ae08118-adfa-427f-a46a-ae0d958f9c7e,c3,c5,1257,?,x6,
1769494793.5747402,FORWARDED,7218be95-0641-4889-b26e-041adbee3cb2,9ae08118-adfa-427f-a46a-ae0d958f9c7e,c3,c5,1257,?,x6,
1769494793.6082144,SENT,ccb86989-20b1-432e-8551-d5402f4e723a,3fd137a1-cea0-4f4e-81d1-cfb28b7e9439,c3,c5,1260,?,x6,
1769494793.6082573,FORWARDED,ccb86989-20b1-432e-8551-d5402f4e723a,3fd137a1-cea0-4f4e-81d1-cfb28b7e9439,c3,c5,1260,?,x6,
1769494793.6107957,RECEIVED,e4397d3e-b136-4e90-854b-0271cdd35496,7168daed-5403-4aaa-833b-473f4d3778ea,c3,c5,1780,e12,?,
1769494793.615888,SENT,26696dab-6373-46d8-ac8d-d92c3278688e,ea38c82e-b3a4-4c9e-8bf5-50e8080a1d67,c2,DROP,684,?,x7,
1769494793.6159282,FORWARDED,26696dab-6373-46d8-ac8d-d92c3278688e,ea38c82e-b3a4-4c9e-8bf5-50e8080a1d67,c2,DROP,684,?,x7,
1769494793.6597376,RECEIVED,ad711d7b-d0d7-4696-b0c2-2802287fd6ea,530f3e38-611f-4652-b128-3316d17eec91,c1,DROP,442,x4,?,
1769494794.1459556,SENT,4799695d-8b0b-4b47-8897-def5209ba0d9,a634cc23-3991-4e55-9b58-d5482509baff,c4,DROP,688,?,x9,
1769494794.1459923,FORWARDED,4799695d-8b0b-4b47-8897-def5209ba0d9,a634cc23-3991-4e55-9b58-d5482509baff,c4,DROP,688,?,x9,
1769494794.3102753,SENT,e4397d3e-b136-4e90-854b-0271cdd35496,7168daed-5403-4aaa-833b-473f4d3778ea,c3,c5,1263,?,x12,
1769494794.3103182,FORWARDED,e4397d3e-b136-4e90-854b-0271cdd35496,7168daed-5403-4aaa-833b-473f4d3778ea,c3,c5,1263,?,x12,
1769494794.5133114,RECEIVED,237774db-60d5-4a29-b083-04927d1a107d,ee762cfe-a2a9-4747-a492-3364a915039c,c3,c5,1776,e9,?,
1769494794.6917336,RECEIVED,f47c9118-b4c0-4b6e-a41d-c0827285a82c,715b662b-cdc8-4d77-9456-818ad71254f7,c3,DROP,441,x2,?,
1769494794.7247767,RECEIVED,3f462cf3-a2fd-48e8-92b6-49fd84a13055,1e0da644-279c-43be-a502-419c120f3747,c4,c5,1775,e3,?,
1769494794.7338,SENT,237774db-60d5-4a29-b083-04927d1a107d,ee762cfe-a2a9-4747-a492-3364a915039c,c3,c5,1260,?,x3,
1769494794.7338357,FORWARDED,237774db-60d5-4a29-b083-04927d1a107d,ee762cfe-a2a9-4747-a492-3364a915039c,c3,c5,1260,?,x3,
1769494794.933319,RECEIVED,20eb7034-3f74-4b38-aa62-2d13fb8e7560,623e12f3-aa87-4e3f-bd2d-41d86ccf902d,c1,DROP,1016,e6,?,
1769494794.98151,SENT,3f462cf3-a2fd-48e8-92b6-49fd84a13055,1e0da644-279c-43be-a502-419c120f3747,c4,c5,1259,?,x2,
1769494794.9815507,FORWARDED,3f462cf3-a2fd-48e8-92b6-49fd84a13055,1e0da644-279c-43be-a502-419c120f3747,c4,c5,1259,?,x2,
1769494795.0043666,SENT,20eb7034-3f74-4b38-aa62-2d13fb8e7560,623e12f3-aa87-4e3f-bd2d-41d86ccf902d,c1,DROP,688,?,x4,
1769494795.0044103,FORWARDED,20eb7034-3f74-4b38-aa62-2d13fb8e7560,623e12f3-aa87-4e3f-bd2d-41d86ccf902d,c1,DROP,688,?,x4,
1769494795.189756,RECEIVED,5d035640-9d3d-4f7f-b2d5-0d1f53ec67eb,0f645011-6b9f-41d2-93ee-15f9619bcbb3,c3,c5,1764,e1,?,
1769494795.2706728,SENT,5d035640-9d3d-4f7f-b2d5-0d1f53ec67eb,0f645011-6b9f-41d2-93ee-15f9619bcbb3,c3,c5,1250,?,x6,
1769494795.2707157,FORWARDED,5d035640-9d3d-4f7f-b2d5-0d1f53ec67eb,0f645011-6b9f-41d2-93ee-15f9619bcbb3,c3,c5,1250,?,x6,
1769494795.3554256,RECEIVED,b1fdba12-bb9e-48ca-a25f-3563dd6b6d45,1aa2d468-9905-4513-a77f-d7b3405feadf,c2,c3,1779,e11,?,
1769494795.373669,RECEIVED,ebf979a3-d1a1-4c57-8d54-275f0653cb54,ed16e67b-7d80-45f6-abdc-b3b866ace7a0,c1,DROP,1014,e11,?,
1769494795.4646132,SENT,ebf979a3-d1a1-4c57-8d54-275f0653cb54,ed16e67b-7d80-45f6-abdc-b3b866ace7a0,c1,DROP,687,?,x4,
1769494795.4646537,FORWARDED,ebf979a3-d1a1-4c57-8d54-275f0653cb54,ed16e67b-7d80-45f6-abdc-b3b866ace7a0,c1,DROP,687,?,x4,
1769494795.502487,RECEIVED,de517c45-0361-44ba-9fcd-f28f09589fbd,7ebca360-9dc9-4e41-b534-aeb539c33ff9,c1,DROP,1019,e10,?,
1769494795.5028868,RECEIVED,7bd06284-10fb-4c33-a502-f28a3b1aa8b2,7f17b14f-fd2f-40b2-8f99-3b3dd8b263bf,c5,c2,1777,e12,?,
1769494795.5098746,RECEIVED,a38f9bc6-c378-4707-abb5-9c4ec4a4f045,5585138a-aab5-462e-b432-520e95108279,c1,DROP,1019,e11,?,
1769494795.7531323,SENT,7bd06284-10fb-4c33-a502-f28a3b1aa8b2,7f17b14f-fd2f-40b2-8f99-3b3dd8b263bf,c5,c2,1260,?,x11,
1769494795.753176,FORWARDED,7bd06284-10fb-4c33-a502-f28a3b1aa8b2,7f17b14f-fd2f-40b2-8f99-3b3dd8b263bf,c5,c2,1260,?,x11,
1769494795.861193,SENT,de517c45-0361-44ba-9fcd-f28f09589fbd,7ebca360-9dc9-4e41-b534-aeb539c33ff9,c1,DROP,691,?,x2,
1769494795.8612459,FORWARDED,de517c45-0361-44ba-9fcd-f28f09589fbd,7ebca360-9dc9-4e41-b534-aeb539c33ff9,c1,DROP,691,?,x2,
1769494795.8916404,RECEIVED,cc2af4d7-b0c2-4462-84dd-c44b361dc481,6ef5d5a5-1662-4b20-8236-75c8bb510d04,c3,DROP,445,x3,?,
1769494796.0310287,SENT,a38f9bc6-c378-4707-abb5-9c4ec4a4f045,5585138a-aab5-462e-b432-520e95108279,c1,DROP,693,?,x6,
1769494796.0311804,FORWARDED,a38f9bc6-c378-4707-abb5-9c4ec4a4f045,5585138a-aab5-462e-b432-520e95108279,c1,DROP,693,?,x6,
1769494796.2144039,RECEIVED,860f762c-1c67-4dd7-bc58-24ddb53ba186,7984a213-87aa-4089-90e1-218b9d233bc5,c1,DROP,445,x2,?,
1769494796.3339894,RECEIVED,e73f4b6d-009d-40ef-b14a-f26b2b53f45b,28f5b3c8-46d3-4ad7-af28-23ce628471e0,c4,DROP,1008,e4,?,
1769494796.4335566,SENT,e73f4b6d-009d-40ef-b14a-f26b2b53f45b,28f5b3c8-46d3-4ad7-af28-23ce628471e0,c4,DROP,683,?,x8,
1769494796.4336832,FORWARDED,e73f4b6d-009d-40ef-b14a-f26b2b53f45b,28f5b3c8-46d3-4ad7-af28-23ce628471e0,c4,DROP,683,?,x8,
1769494796.5832334,SENT,b1fdba12-bb9e-48ca-a25f-3563dd6b6d45,1aa2d468-9905-4513-a77f-d7b3405feadf,c2,c3,1263,?,x3,
1769494796.5832691,FORWARDED,b1fdba12-bb9e-48ca-a25f-3563dd6b6d45,1aa2d468-9905-4513-a77f-d7b3405feadf,c2,c3,1263,?,x3,
1769494796.5990303,RECEIVED,41e24879-424d-48fb-a920-25e274fc772d,758210c0-aca5-4f4b-88c0-4f69d7d7e6c4,c3,DROP,1008,e1,?,
1769494796.7849326,RECEIVED,01892a99-9921-48c2-ae88-6d1073ee03d5,4933a0fb-f187-46e4-9474-4df5a92012b7,c2,c3,1780,e5,?,
1769494796.9469895,SENT,41e24879-424d-48fb-a920-25e274fc772d,758210c0-aca5-4f4b-88c0-4f69d7d7e6c4,c3,DROP,684,?,x3,
1769494796.947032,FORWARDED,41e24879-424d-48fb-a920-25e274fc772d,758210c0-aca5-4f4b-88c0-4f69d7d7e6c4,c3,DROP,684,?,x3,
1769494797.183125,RECEIVED,75421a09-df99-400c-adaa-a307662f22db,6f628013-b262-4759-a128-d11824728816,c3,c5,1759,e1,?,
1769494797.2093804,SENT,01892a99-9921-48c2-ae88-6d1073ee03d5,4933a0fb-f187-46e4-9474-4df5a92012b7,c2,c3,1263,?,x10,
1769494797.2094228,FORWARDED,01892a99-9921-48c2-ae88-6d1073ee03d5,4933a0fb-f187-46e4-9474-4df5a92012b7,c2,c3,1263,?,x10,
1769494797.292957,RECEIVED,133da1c1-d72b-41e1-8882-88bcedb891c3,87dfba0b-9334-4b34-af64-fbbe48514ae0,c3,DROP,1007,e3,?,
1769494797.329793,RECEIVED,01c728a7-d1e2-4fd7-8dcb-6b04837c0d33,cc162f1b-9ab8-48b4-9881-ed68903f2649,c2,DROP,440,x5,?,
1769494797.451765,RECEIVED,2b88f630-f842-4448-88ca-887ba97e576a,4a401201-60b0-4b7a-a4db-981836734523,c3,DROP,1020,e10,?,
1769494797.5058868,SENT,75421a09-df99-400c-adaa-a307662f22db,6f628013-b262-4759-a128-d11824728816,c3,c5,1248,?,x9,
1769494797.5059273,FORWARDED,75421a09-df99-400c-adaa-a307662f22db,6f628013-b262-4759-a128-d11824728816,c3,c5,1248,?,x9,
1769494797.584732,RECEIVED,3f6d55ed-aa41-4889-adbb-78cf59851145,5ab70dbd-9fe2-4d1c-99fa-8a0d355e6149,c1,DROP,1007,e11,?,
1769494797.7376215,SENT,2b88f630-f842-4448-88ca-887ba97e576a,4a401201-60b0-4b7a-a4db-981836734523,c3,DROP,691,?,x8,
1769494797.7376535,FORWARDED,2b88f630-f842-4448-88ca-887ba97e576a,4a401201-60b0-4b7a-a4db-981836734523,c3,DROP,691,?,x8,
1769494797.8754761,RECEIVED,d50fb151-46ca-4fc6-b61f-0106d6229c69,b1a2ad5d-2cad-4ab4-96ff-bbfc0ae1910a,c2,c3,1779,e8,?,
1769494797.8816264,RECEIVED,27f8c500-37a8-4553-b98b-c271ab5bad15,3851b45f-c9f7-473f-9f8c-e1d67b8b0b49,c1,DROP,1020,e7,?,
1769494798.0785224,RECEIVED,ff5c67f8-b4f8-42f7-9965-85d5f1738823,0094c16d-cff8-4482-902e-4d51575f5a36,c2,DROP,1007,e6,?,
1769494798.104308,SENT,133da1c1-d72b-41e1-8882-88bcedb891c3,87dfba0b-9334-4b34-af64-fbbe48514ae0,c3,DROP,683,?,x5,
1769494798.1043425,FORWARDED,133da1c1-d72b-41e1-8882-88bcedb891c3,87dfba0b-9334-4b34-af64-fbbe48514ae0,c3,DROP,683,?,x5,
1769494798.1309025,RECEIVED,480eb71c-0be1-4e0e-93fd-68de3a6d97e1,818f794c-124e-4021-9130-86c1266f6c8d,c2,DROP,1021,e11,?,
1769494798.1642985,SENT,3f6d55ed-aa41-4889-adbb-78cf59851145,5ab70dbd-9fe2-4d1c-99fa-8a0d355e6149,c1,DROP,683,?,x7,
1769494798.1643414,FORWARDED,3f6d55ed-aa41-4889-adbb-78cf59851145,5ab70dbd-9fe2-4d1c-99fa-8a0d355e6149,c1,DROP,683,?,x7,
1769494798.1764657,SENT,d50fb151-46ca-4fc6-b61f-0106d6229c69,b1a2ad5d-2cad-4ab4-96ff-bbfc0ae1910a,c2,c3,1261,?,x6,
1769494798.1765094,FORWARDED,d50fb151-46ca-4fc6-b61f-0106d6229c69,b1a2ad5d-2cad-4ab4-96ff-bbfc0ae1910a,c2,c3,1261,?,x6,
1769494798.2427485,RECEIVED,bf9f8d71-e47e-4b15-b646-21fed3155d18,a1521b13-f3f3-4c67-849d-dee47602214d,c3,DROP,1008,e4,?,
1769494798.2796583,SENT,bf9f8d71-e47e-4b15-b646-21fed3155d18,a1521b13-f3f3-4c67-849d-dee47602214d,c3,DROP,683,?,x2,
1769494798.2796972,FORWARDED,bf9f8d71-e47e-4b15-b646-21fed3155d18,a1521b13-f3f3-4c67-849d-dee47602214d,c3,DROP,683,?,x2,
1769494798.3020775,RECEIVED,318fee18-1978-4f04-806e-0556fc2911b4,ee7a45e4-f922-47ea-8184-0fe07853b4a1,c2,DROP,1019,e12,?,
1769494798.32314,SENT,480eb71c-0be1-4e0e-93fd-68de3a6d97e1,818f794c-124e-4021-9130-86c1266f6c8d,c2,DROP,691,?,x12,
1769494798.3231812,FORWARDED,480eb71c-0be1-4e0e-93fd-68de3a6d97e1,818f794c-124e-4021-9130-86c1266f6c8d,c2,DROP,691,?,x12,
1769494798.324437,RECEIVED,0f4ff289-bffb-4a0d-93a3-cf6a43573f7d,c8f22b1e-398b-4192-b51c-1b4afcf4aaa1,c3,DROP,1008,e6,?,
1769494798.3958552,SENT,27f8c500-37a8-4553-b98b-c271ab5bad15,3851b45f-c9f7-473f-9f8c-e1d67b8b0b49,c1,DROP,692,?,x12,
1769494798.3958976,FORWARDED,27f8c500-37a8-4553-b98b-c271ab5bad15,3851b45f-c9f7-473f-9f8c-e1d67b8b0b49,c1,DROP,692,?,x12,
1769494798.4615111,SENT,0f4ff289-bffb-4a0d-93a3-cf6a43573f7d,c8f22b1e-398b-4192-b51c-1b4afcf4aaa1,c3,DROP,684,?,x2,
1769494798.4615498,FORWARDED,0f4ff289-bffb-4a0d-93a3-cf6a43573f7d,c8f22b1e-398b-4192-b51c-1b4afcf4aaa1,c3,DROP,684,?,x2,
1769494798.6057134,SENT,ff5c67f8-b4f8-42f7-9965-85d5f1738823,0094c16d-cff8-4482-902e-4d51575f5a36,c2,DROP,683,?,x3,
1769494798.605766,FORWARDED,ff5c67f8-b4f8-42f7-9965-85d5f1738823,0094c16d-cff8-4482-902e-4d51575f5a36,c2,DROP,683,?,x3,
1769494798.9846988,RECEIVED,eb29d63c-4db3-4941-90be-6922e6343395,7476b3cb-4dcd-4f48-ba75-b63dd27f2bc8,c3,DROP,1012,e7,?,
1769494799.0615785,SENT,eb29d63c-4db3-4941-90be-6922e6343395,7476b3cb-4dcd-4f48-ba75-b63dd27f2bc8,c3,DROP,687,?,x7,
1769494799.0616198,FORWARDED,eb29d63c-4db3-4941-90be-6922e6343395,7476b3cb-4dcd-4f48-ba75-b63dd27f2bc8,c3,DROP,687,?,x7,
1769494799.1230068,RECEIVED,8dcf3aa5-5b26-45f0-8a0f-b2823b0ff65c,15abecbe-ebeb-44cd-a6a2-dd3e437dc7a6,c1,DROP,441,x6,?,
1769494799.1820402,RECEIVED,88f91ede-d8c8-4b05-9af5-74d2af9d7c3a,7c9b60fe-c8db-4c15-8f3a-41e21c2c7395,c1,c5,1764,e2,?,
1769494799.2370038,RECEIVED,125e5bc8-4493-4017-a8a9-8593ffb8c736,81c120b7-47a8-4187-8f4c-338b02b51efe,c2,DROP,1010,e3,?,
1769494799.2420037,RECEIVED,199730c7-01d0-47a8-90f6-c49acabe3a27,5c6eb8df-2168-4360-8279-2f9bd4952522,c2,DROP,448,x9,?,
1769494799.269737,SENT,88f91ede-d8c8-4b05-9af5-74d2af9d7c3a,7c9b60fe-c8db-4c15-8f3a-41e21c2c7395,c1,c5,1251,?,x9,
1769494799.2697713,FORWARDED,88f91ede-d8c8-4b05-9af5-74d2af9d7c3a,7c9b60fe-c8db-4c15-8f3a-41e21c2c7395,c1,c5,1251,?,x9,
1769494799.2801096,RECEIVED,feed41da-defb-4bb0-a57d-f9b6e6a25862,9d2ee9e6-daf8-46dc-acf2-8aff30538745,c2,DROP,1007,e8,?,
1769494799.3076293,RECEIVED,3de5507f-6a54-483a-bc0b-30fbb1691ad0,b30903eb-e03d-4431-8007-06c8d8f686e5,c5,DROP,1020,e12,?,
1769494799.3544044,RECEIVED,77e50407-7569-4f9e-a3dd-e247e414f7fc,51bfa468-d46d-404a-826c-d4537789efa5,c1,DROP,1003,e2,?,
1769494799.5396335,RECEIVED,dee31731-66ab-4f54-9947-e498383a3622,84fc6f87-b988-4114-bee6-3e102cd192b6,c2,c3,1764,e8,?,
1769494799.5727055,SENT,dee31731-66ab-4f54-9947-e498383a3622,84fc6f87-b988-4114-bee6-3e102cd192b6,c2,c3,1251,?,x1,
1769494799.572746,FORWARDED,dee31731-66ab-4f54-9947-e498383a3622,84fc6f87-b988-4114-bee6-3e102cd192b6,c2,c3,1251,?,x1,
1769494799.6801956,SENT,3de5507f-6a54-483a-bc0b-30fbb1691ad0,b30903eb-e03d-4431-8007-06c8d8f686e5,c5,DROP,691,?,x11,
1769494799.680243,FORWARDED,3de5507f-6a54-483a-bc0b-30fbb1691ad0,b30903eb-e03d-4431-8007-06c8d8f686e5,c5,DROP,691,?,x11,
1769494799.7454944,RECEIVED,c512793f-956b-4d48-ac38-68fe22039322,e48b7387-e505-4682-90c3-21098acc50b9,c1,DROP,1016,e11,?,
1769494799.7659354,RECEIVED,f70e5335-cf7b-4737-9cd1-9f7a1061ab16,c065cae9-d3dc-4c33-afe5-973604d591a9,c4,DROP,1008,e5,?,
1769494799.7882736,RECEIVED,afb1c682-ec4e-4a30-b27b-4134bc2f36c5,8bbb6f60-f2b0-40bd-bb59-a04fd07de72a,c4,DROP,1010,e2,?,
1769494799.849359,RECEIVED,2d6f1c25-20d0-4271-b265-4dc0291a009c,c9a89dcb-0ad9-45e5-8316-adf6ff9d9fa7,c3,DROP,445,x7,?,
1769494799.8703763,SENT,c512793f-956b-4d48-ac38-68fe22039322,e48b7387-e505-4682-90c3-21098acc50b9,c1,DROP,689,?,x4,
1769494799.8704188,FORWARDED,c512793f-956b-4d48-ac38-68fe22039322,e48b7387-e505-4682-90c3-21098acc50b9,c1,DROP,689,?,x4,
1769494799.9240172,SENT,77e50407-7569-4f9e-a3dd-e247e414f7fc,51bfa468-d46d-404a-826c-d4537789efa5,c1,DROP,679,?,x1,
1769494799.9241998,FORWARDED,77e50407-7569-4f9e-a3dd-e247e414f7fc,51bfa468-d46d-404a-826c-d4537789efa5,c1,DROP,679,?,x1,
1769494800.0084524,RECEIVED,025f7fba-2fb9-442e-9ef8-f44cd361ed01,fe774030-ad79-453d-bc48-a97db1901dd2,c1,DROP,1008,e8,?,
1769494800.02282,RECEIVED,fafd202b-371a-47df-8cc9-a2ea69062347,c0d3ee90-43a6-4a07-88d8-a1768c588685,c4,DROP,1013,e7,?,
1769494800.1182618,SENT,f70e5335-cf7b-4737-9cd1-9f7a1061ab16,c065cae9-d3dc-4c33-afe5-973604d591a9,c4,DROP,684,?,x6,
1769494800.1183016,FORWARDED,f70e5335-cf7b-4737-9cd1-9f7a1061ab16,c065cae9-d3dc-4c33-afe5-973604d591a9,c4,DROP,684,?,x6,
1769494800.122173,SENT,025f7fba-2fb9-442e-9ef8-f44cd361ed01,fe774030-ad79-453d-bc48-a97db1901dd2,c1,DROP,683,?,x9,
1769494800.1222146,FORWARDED,025f7fba-2fb9-442e-9ef8-f44cd361ed01,fe774030-ad79-453d-bc48-a97db1901dd2,c1,DROP,683,?,x9,
1769494800.138173,RECEIVED,56e399c0-3b16-4fb3-aa29-20b5cda7ad81,7103388a-ee2b-4d57-9ca2-9ec433d58d0b,c1,DROP,442,x4,?,
1769494800.2295265,SENT,125e5bc8-4493-4017-a8a9-8593ffb8c736,81c120b7-47a8-4187-8f4c-338b02b51efe,c2,DROP,686,?,x5,
1769494800.229642,FORWARDED,125e5bc8-4493-4017-a8a9-8593ffb8c736,81c120b7-47a8-4187-8f4c-338b02b51efe,c2,DROP,686,?,x5,
1769494800.2298276,RECEIVED,6bf05d73-c99e-46f2-9c9d-28bd7db6beb8,38304e82-b609-43fc-832d-61523365355d,c5,DROP,1020,e7,?,
1769494800.2707348,SENT,318fee18-1978-4f04-806e-0556fc2911b4,ee7a45e4-f922-47ea-8184-0fe07853b4a1,c2,DROP,692,?,x6,
1769494800.2707753,FORWARDED,318fee18-1978-4f04-806e-0556fc2911b4,ee7a45e4-f922-47ea-8184-0fe07853b4a1,c2,DROP,692,?,x6,
1769494800.2845979,SENT,feed41da-defb-4bb0-a57d-f9b6e6a25862,9d2ee9e6-daf8-46dc-acf2-8aff30538745,c2,DROP,683,?,x2,
1769494800.284644,FORWARDED,feed41da-defb-4bb0-a57d-f9b6e6a25862,9d2ee9e6-daf8-46dc-acf2-8aff30538745,c2,DROP,683,?,x2,
1769494800.2862098,RECEIVED,3bb40d15-22af-4ee6-8a63-afb5770807e5,3505877e-a8aa-4460-b893-4816b40ed333,c2,DROP,445,x12,?,
1769494800.3286045,SENT,fafd202b-371a-47df-8cc9-a2ea69062347,c0d3ee90-43a6-4a07-88d8-a1768c588685,c4,DROP,687,?,x12,
1769494800.3286397,FORWARDED,fafd202b-371a-47df-8cc9-a2ea69062347,c0d3ee90-43a6-4a07-88d8-a1768c588685,c4,DROP,687,?,x12,
1769494800.6677384,SENT,6bf05d73-c99e-46f2-9c9d-28bd7db6beb8,38304e82-b609-43fc-832d-61523365355d,c5,DROP,692,?,x11,
1769494800.667782,FORWARDED,6bf05d73-c99e-46f2-9c9d-28bd7db6beb8,38304e82-b609-43fc-832d-61523365355d,c5,DROP,692,?,x11,
1769494800.6692603,RECEIVED,879e03cc-579b-4dbe-8c6b-b1678df59fec,365a2b56-756e-4df3-be47-038a5d14cc7e,c5,c2,1771,e10,?,
1769494800.7909772,RECEIVED,ed462379-3685-4dcd-a490-9a1b3c795ada,5e3e2ef4-95c7-4bbf-9d88-6aab6c8b01dd,c5,DROP,446,x11,?,
1769494801.2608786,RECEIVED,d26844ca-4b96-4645-a95d-3bbd06031f7c,1ae9757e-cb96-490e-b0a2-b6a4c35167a8,c5,c2,1780,e3,?,
1769494801.2718856,RECEIVED,87da40a8-b3fe-4cce-9033-c5de2f77d08e,22e8cf12-877c-421b-9c6e-229923961e2a,c1,DROP,1019,e11,?,
1769494801.2880642,RECEIVED,881d7454-2353-4ce0-bd47-ef5dc4696df7,9a90966c-6131-4101-a259-93cd95ee2d84,c5,DROP,1008,e2,?,
1769494801.4567156,SENT,d26844ca-4b96-4645-a95d-3bbd06031f7c,1ae9757e-cb96-490e-b0a2-b6a4c35167a8,c5,c2,1262,?,x7,
1769494801.4567823,FORWARDED,d26844ca-4b96-4645-a95d-3bbd06031f7c,1ae9757e-cb96-490e-b0a2-b6a4c35167a8,c5,c2,1262,?,x7,
1769494801.4950354,SENT,879e03cc-579b-4dbe-8c6b-b1678df59fec,365a2b56-756e-4df3-be47-038a5d14cc7e,c5,c2,1256,?,x5,
1769494801.4954717,FORWARDED,879e03cc-579b-4dbe-8c6b-b1678df59fec,365a2b56-756e-4df3-be47-038a5d14cc7e,c5,c2,1256,?,x5,
1769494801.7464287,RECEIVED,3343e4c0-3c9c-41c4-b551-7f8bc12ed55c,0311aad3-ec28-442a-b0f7-2e8368d9cdb6,c2,c3,1772,e2,?,
1769494801.827134,SENT,afb1c682-ec4e-4a30-b27b-4134bc2f36c5,8bbb6f60-f2b0-40bd-bb59-a04fd07de72a,c4,DROP,686,?,x8,
1769494801.8271756,FORWARDED,afb1c682-ec4e-4a30-b27b-4134bc2f36c5,8bbb6f60-f2b0-40bd-bb59-a04fd07de72a,c4,DROP,686,?,x8,
1769494801.861041,SENT,3343e4c0-3c9c-41c4-b551-7f8bc12ed55c,0311aad3-ec28-442a-b0f7-2e8368d9cdb6,c2,c3,1255,?,x7,
1769494801.8610926,FORWARDED,3343e4c0-3c9c-41c4-b551-7f8bc12ed55c,0311aad3-ec28-442a-b0f7-2e8368d9cdb6,c2,c3,1255,?,x7,
1769494801.8652153,SENT,881d7454-2353-4ce0-bd47-ef5dc4696df7,9a90966c-6131-4101-a259-93cd95ee2d84,c5,DROP,683,?,x10,
1769494801.8652544,FORWARDED,881d7454-2353-4ce0-bd47-ef5dc4696df7,9a90966c-6131-4101-a259-93cd95ee2d84,c5,DROP,683,?,x10,
1769494801.8862462,RECEIVED,186f2cce-f614-4450-8ca0-7ed257c0a7f6,5ec1339c-9a10-469e-a832-ace9d87f4e3c,c4,c5,1779,e6,?,
1769494802.2491622,RECEIVED,0b155610-6877-4789-b5e2-02cd3fa4ef46,11d2b2ff-7b0d-4be1-92bf-5dc613d91fc9,c5,DROP,1019,e1,?,
1769494802.5211463,RECEIVED,84216a33-5ee3-4b6d-b30f-cbf8046fe48f,27fcfaa8-7428-40e4-97ad-22e6b23ac289,c2,c3,1781,e9,?,
1769494802.5931888,RECEIVED,0278967a-60a4-4bd0-b8cd-4312265f4194,579936c7-c34c-499b-8980-0cef2724f24c,c2,DROP,447,x5,?,
1769494802.758762,SENT,0b155610-6877-4789-b5e2-02cd3fa4ef46,11d2b2ff-7b0d-4be1-92bf-5dc613d91fc9,c5,DROP,692,?,x6,
1769494802.7587998,FORWARDED,0b155610-6877-4789-b5e2-02cd3fa4ef46,11d2b2ff-7b0d-4be1-92bf-5dc613d91fc9,c5,DROP,692,?,x6,
1769494802.8593607,SENT,87da40a8-b3fe-4cce-9033-c5de2f77d08e,22e8cf12-877c-421b-9c6e-229923961e2a,c1,DROP,691,?,x3,
1769494802.859398,FORWARDED,87da40a8-b3fe-4cce-9033-c5de2f77d08e,22e8cf12-877c-421b-9c6e-229923961e2a,c1,DROP,691,?,x3,
1769494803.0106196,RECEIVED,c67a16a2-4ab2-431c-9ac6-83f4bb9b83c3,1b297dce-19c0-4900-ab34-ab9741cd9f61,c5,DROP,1008,e9,?,
1769494803.0225778,RECEIVED,89c08b44-f78b-45b9-8065-8d2200645a26,d5212df9-4c24-4574-844a-534f3af3a0e7,c4,DROP,1008,e7,?,
1769494803.0923498,RECEIVED,3a353e85-670b-4c72-9daf-7c1f30779005,3607cabe-6278-4c8b-8661-ca71dceff69d,c3,DROP,439,x1,?,
1769494803.1194823,SENT,c67a16a2-4ab2-431c-9ac6-83f4bb9b83c3,1b297dce-19c0-4900-ab34-ab9741cd9f61,c5,DROP,682,?,x8,
1769494803.1195247,FORWARDED,c67a16a2-4ab2-431c-9ac6-83f4bb9b83c3,1b297dce-19c0-4900-ab34-ab9741cd9f61,c5,DROP,682,?,x8,
1769494803.1958246,RECEIVED,783d4b2e-16ac-469b-a647-8cdaa87f0abc,0ce11f70-6aff-4a13-96f6-9b34f3d3ce06,c5,c2,1775,e6,?,
1769494803.2374074,SENT,89c08b44-f78b-45b9-8065-8d2200645a26,d5212df9-4c24-4574-844a-534f3af3a0e7,c4,DROP,684,?,x1,
1769494803.2374477,FORWARDED,89c08b44-f78b-45b9-8065-8d2200645a26,d5212df9-4c24-4574-844a-534f3af3a0e7,c4,DROP,684,?,x1,
1769494803.2496316,RECEIVED,42be385c-e05e-43b9-acda-75908cb60e15,ea31b2a1-d004-463b-8f01-f6093fe060d8,c2,DROP,1008,e8,?,
1769494803.2770452,SENT,186f2cce-f614-4450-8ca0-7ed257c0a7f6,5ec1339c-9a10-469e-a832-ace9d87f4e3c,c4,c5,1262,?,x3,
1769494803.2770998,FORWARDED,186f2cce-f614-4450-8ca0-7ed257c0a7f6,5ec1339c-9a10-469e-a832-ace9d87f4e3c,c4,c5,1262,?,x3,
1769494803.2818434,RECEIVED,46a8dd8f-3738-4eaf-8d25-3bf464d11ceb,a8b385d5-6300-43f5-9269-970835f6ba50,c4,DROP,1020,e11,?,
1769494803.359401,RECEIVED,56b1783c-6c1e-46a1-bd5b-4713e0b0d2a0,24898caa-fa5c-4e8d-b83d-ec9c4f44c87e,c1,DROP,1017,e7,?,
1769494803.4061537,RECEIVED,9055bea4-ffb1-49fc-98cd-a5359a3489d3,860077a8-46ad-4116-92a4-dcb241db43f5,c5,DROP,1008,e8,?,
1769494803.4497817,SENT,84216a33-5ee3-4b6d-b30f-cbf8046fe48f,27fcfaa8-7428-40e4-97ad-22e6b23ac289,c2,c3,1264,?,x6,
1769494803.4498243,FORWARDED,84216a33-5ee3-4b6d-b30f-cbf8046fe48f,27fcfaa8-7428-40e4-97ad-22e6b23ac289,c2,c3,1264,?,x6,
1769494803.4608524,SENT,46a8dd8f-3738-4eaf-8d25-3bf464d11ceb,a8b385d5-6300-43f5-9269-970835f6ba50,c4,DROP,691,?,x12,
1769494803.4608948,FORWARDED,46a8dd8f-3738-4eaf-8d25-3bf464d11ceb,a8b385d5-6300-43f5-9269-970835f6ba50,c4,DROP,691,?,x12,
1769494803.5023143,SENT,9055bea4-ffb1-49fc-98cd-a5359a3489d3,860077a8-46ad-4116-92a4-dcb241db43f5,c5,DROP,684,?,x1,
1769494803.5023558,FORWARDED,9055bea4-ffb1-49fc-98cd-a5359a3489d3,860077a8-46ad-4116-92a4-dcb241db43f5,c5,DROP,684,?,x1,
1769494803.5807798,SENT,42be385c-e05e-43b9-acda-75908cb60e15,ea31b2a1-d004-463b-8f01-f6093fe060d8,c2,DROP,684,?,x5,
1769494803.5808196,FORWARDED,42be385c-e05e-43b9-acda-75908cb60e15,ea31b2a1-d004-463b-8f01-f6093fe060d8,c2,DROP,684,?,x5,
1769494803.6281724,SENT,56b1783c-6c1e-46a1-bd5b-4713e0b0d2a0,24898caa-fa5c-4e8d-b83d-ec9c4f44c87e,c1,DROP,688,?,x10,
1769494803.6282089,FORWARDED,56b1783c-6c1e-46a1-bd5b-4713e0b0d2a0,24898caa-fa5c-4e8d-b83d-ec9c4f44c87e,c1,DROP,688,?,x10,
1769494804.1683826,RECEIVED,87e013bf-9797-4302-a96a-8aafd3d8a9a1,cfc2dee6-672b-40bf-b5be-5b7ba1dbd0f4,c5,DROP,440,x9,?,
1769494804.3608224,RECEIVED,d8929d00-ba7f-48fd-b749-5319c91ddcea,0d7029ce-cd7f-41d1-beb6-62301a795c6c,c5,DROP,446,x2,?,
1769494804.3965392,RECEIVED,8630f727-6c57-49dd-a993-908f7ab57197,61816516-8d69-44d4-b7bc-2362fb5c20d8,c2,c3,1784,e7,?,
1769494804.4303427,SENT,8630f727-6c57-49dd-a993-908f7ab57197,61816516-8d69-44d4-b7bc-2362fb5c20d8,c2,c3,1264,?,x2,
1769494804.4303825,FORWARDED,8630f727-6c57-49dd-a993-908f7ab57197,61816516-8d69-44d4-b7bc-2362fb5c20d8,c2,c3,1264,?,x2,
1769494804.5314531,RECEIVED,4aa1f1d7-cfe2-4814-85d3-7e7c04598fdf,219355de-30d6-40fe-809b-d73457b6e4a5,c3,DROP,1019,e12,?,
1769494804.6054704,RECEIVED,a4bea219-4682-4924-ac01-f4a81e4fc4b8,6e2e4d7f-2d96-4085-b657-55a3350b8f1d,c2,DROP,442,x3,?,
1769494804.7920842,RECEIVED,5cd74957-bfff-40b2-85ea-46e34a5801d5,780b8a7c-3816-4d18-a5d5-3a389779c5fb,c4,DROP,1021,e7,?,
1769494805.0347555,RECEIVED,2636eb4d-dc4c-4a28-a631-0a921d42e948,6808ccdb-d4be-47e5-9b9f-112e4401a385,c2,DROP,1007,e5,?,
1769494805.0540872,RECEIVED,1657347e-4ca6-4551-954b-a38a7ee23be8,93c5d7b9-9771-459e-8fa9-27666fbc1dea,c1,DROP,1008,e10,?,
1769494805.0924866,SENT,4aa1f1d7-cfe2-4814-85d3-7e7c04598fdf,219355de-30d6-40fe-809b-d73457b6e4a5,c3,DROP,692,?,x8,
1769494805.0925314,FORWARDED,4aa1f1d7-cfe2-4814-85d3-7e7c04598fdf,219355de-30d6-40fe-809b-d73457b6e4a5,c3,DROP,692,?,x8,
1769494805.2054253,SENT,5cd74957-bfff-40b2-85ea-46e34a5801d5,780b8a7c-3816-4d18-a5d5-3a389779c5fb,c4,DROP,693,?,x11,
1769494805.2054968,FORWARDED,5cd74957-bfff-40b2-85ea-46e34a5801d5,780b8a7c-3816-4d18-a5d5-3a389779c5fb,c4,DROP,693,?,x11,
1769494805.2445374,SENT,783d4b2e-16ac-469b-a647-8cdaa87f0abc,0ce11f70-6aff-4a13-96f6-9b34f3d3ce06,c5,c2,1259,?,x3,
1769494805.2445755,FORWARDED,783d4b2e-16ac-469b-a647-8cdaa87f0abc,0ce11f70-6aff-4a13-96f6-9b34f3d3ce06,c5,c2,1259,?,x3,
1769494805.3167052,RECEIVED,d252232c-3377-4d09-bd4d-550b42d0902b,e3b67f26-74c6-463c-89a2-26775a805dbc,c3,DROP,1019,e12,?,
1769494805.4741776,SENT,1657347e-4ca6-4551-954b-a38a7ee23be8,93c5d7b9-9771-459e-8fa9-27666fbc1dea,c1,DROP,683,?,x5,
1769494805.4742196,FORWARDED,1657347e-4ca6-4551-954b-a38a7ee23be8,93c5d7b9-9771-459e-8fa9-27666fbc1dea,c1,DROP,683,?,x5,
1769494805.569152,SENT,d252232c-3377-4d09-bd4d-550b42d0902b,e3b67f26-74c6-463c-89a2-26775a805dbc,c3,DROP,692,?,x7,
1769494805.5691948,FORWARDED,d252232c-3377-4d09-bd4d-550b42d0902b,e3b67f26-74c6-463c-89a2-26775a805dbc,c3,DROP,692,?,x7,
1769494805.6988928,SENT,2636eb4d-dc4c-4a28-a631-0a921d42e948,6808ccdb-d4be-47e5-9b9f-112e4401a385,c2,DROP,684,?,x9,
1769494805.6989322,FORWARDED,2636eb4d-dc4c-4a28-a631-0a921d42e948,6808ccdb-d4be-47e5-9b9f-112e4401a385,c2,DROP,684,?,x9,
1769494805.8815267,RECEIVED,1c708e94-11c0-42ee-9fa8-0fae50102bf1,12fa17e5-068f-441c-aaf8-572187b0421c,c1,DROP,1007,e8,?,
1769494806.136355,RECEIVED,5af32376-136a-41ca-981b-2751b85852a8,0a8213e3-b675-4e45-a0a8-d75af97ca667,c1,c5,1780,e10,?,
1769494806.511994,SENT,5af32376-136a-41ca-981b-2751b85852a8,0a8213e3-b675-4e45-a0a8-d75af97ca667,c1,c5,1263,?,x8,
1769494806.512033,FORWARDED,5af32376-136a-41ca-981b-2751b85852a8,0a8213e3-b675-4e45-a0a8-d75af97ca667,c1,c5,1263,?,x8,
1769494806.5576441,RECEIVED,01f46f47-8a79-4c84-b6ab-67f666905ee2,7dfc875e-5053-4cf6-a61f-d8ac9b375c7a,c1,c5,1774,e8,?,
1769494806.998645,RECEIVED,8d9ac689-f643-4f39-9f72-a6dc774dd823,6f04f081-73e9-44c6-bfc4-9f4b9a86863d,c1,DROP,1020,e1,?,
1769494807.096713,SENT,8d9ac689-f643-4f39-9f72-a6dc774dd823,6f04f081-73e9-44c6-bfc4-9f4b9a86863d,c1,DROP,692,?,x11,
1769494807.0967555,FORWARDED,8d9ac689-f643-4f39-9f72-a6dc774dd823,6f04f081-73e9-44c6-bfc4-9f4b9a86863d,c1,DROP,692,?,x11,
1769494807.1754882,RECEIVED,115dbb91-8b2b-44e9-b886-b58777cc9f3d,2275bd60-73c2-48db-b088-dc78c88914d2,c1,DROP,1007,e10,?,
1769494807.2594013,SENT,1c708e94-11c0-42ee-9fa8-0fae50102bf1,12fa17e5-068f-441c-aaf8-572187b0421c,c1,DROP,683,?,x10,
1769494807.2594442,FORWARDED,1c708e94-11c0-42ee-9fa8-0fae50102bf1,12fa17e5-068f-441c-aaf8-572187b0421c,c1,DROP,683,?,x10,
1769494807.490845,RECEIVED,c5f1b7b9-660c-4b55-85a0-3bb9945df072,ccbbca74-5a4e-4556-beb6-b8d9b388e624,c5,c2,1771,e5,?,
1769494807.5368507,SENT,01f46f47-8a79-4c84-b6ab-67f666905ee2,7dfc875e-5053-4cf6-a61f-d8ac9b375c7a,c1,c5,1260,?,x5,
1769494807.536893,FORWARDED,01f46f47-8a79-4c84-b6ab-67f666905ee2,7dfc875e-5053-4cf6-a61f-d8ac9b375c7a,c1,c5,1260,?,x5,
1769494807.571553,RECEIVED,0534fd72-e6cb-4898-85ce-809ead2b1a29,4dbb976d-e909-4291-bf08-2517ee149f43,c5,DROP,1008,e4,?,
1769494807.5980995,RECEIVED,4ebb9075-989d-4d8a-b772-7fe412de13d2,f7dd57e5-1432-4d6a-859b-4aaa519d96c7,c3,DROP,1006,e7,?,
1769494807.6233299,RECEIVED,79fc316b-3e6f-4235-afcc-cfa81c4d0b6c,668a9722-49d4-4635-9c38-a9b4a3556004,c2,DROP,445,x10,?,
1769494807.6756089,SENT,115dbb91-8b2b-44e9-b886-b58777cc9f3d,2275bd60-73c2-48db-b088-dc78c88914d2,c1,DROP,684,?,x6,
1769494807.6756492,FORWARDED,115dbb91-8b2b-44e9-b886-b58777cc9f3d,2275bd60-73c2-48db-b088-dc78c88914d2,c1,DROP,684,?,x6,
1769494807.7389271,SENT,0534fd72-e6cb-4898-85ce-809ead2b1a29,4dbb976d-e909-4291-bf08-2517ee149f43,c5,DROP,683,?,x2,
1769494807.738974,FORWARDED,0534fd72-e6cb-4898-85ce-809ead2b1a29,4dbb976d-e909-4291-bf08-2517ee149f43,c5,DROP,683,?,x2,
1769494807.828734,RECEIVED,e1b0ad8f-fec8-434f-9536-e68a6b69588c,1fd198e1-d3ea-4f34-be2f-8c76dccac342,c5,DROP,1008,e1,?,
1769494808.0502732,SENT,c5f1b7b9-660c-4b55-85a0-3bb9945df072,ccbbca74-5a4e-4556-beb6-b8d9b388e624,c5,c2,1255,?,x2,
1769494808.050316,FORWARDED,c5f1b7b9-660c-4b55-85a0-3bb9945df072,ccbbca74-5a4e-4556-beb6-b8d9b388e624,c5,c2,1255,?,x2,
1769494808.211958,SENT,e1b0ad8f-fec8-434f-9536-e68a6b69588c,1fd198e1-d3ea-4f34-be2f-8c76dccac342,c5,DROP,683,?,x4,
1769494808.2119973,FORWARDED,e1b0ad8f-fec8-434f-9536-e68a6b69588c,1fd198e1-d3ea-4f34-be2f-8c76dccac342,c5,DROP,683,?,x4,
1769494808.2136123,RECEIVED,8094dfd0-d17e-49cc-bf8e-8bc2b9c63186,5bd06e1c-9633-41a6-afeb-1815b91dde82,c1,DROP,1008,e9,?,
1769494808.247042,RECEIVED,98d32a66-9c39-4bc1-9bec-000e561fba2b,1166ea8a-9373-434e-bc12-596fb542d2f6,c2,DROP,1015,e3,?,
1769494808.3240004,SENT,8094dfd0-d17e-49cc-bf8e-8bc2b9c63186,5bd06e1c-9633-41a6-afeb-1815b91dde82,c1,DROP,684,?,x7,
1769494808.3247132,FORWARDED,8094dfd0-d17e-49cc-bf8e-8bc2b9c63186,5bd06e1c-9633-41a6-afeb-1815b91dde82,c1,DROP,684,?,x7,
1769494808.4828455,RECEIVED,aff52655-f6d5-44fc-9054-6fc80bbffd89,57919bf5-d503-4006-a6ee-d2ed6ac7c198,c1,DROP,1019,e7,?,
1769494808.5757952,SENT,98d32a66-9c39-4bc1-9bec-000e561fba2b,1166ea8a-9373-434e-bc12-596fb542d2f6,c2,DROP,688,?,x9,
1769494808.5758774,FORWARDED,98d32a66-9c39-4bc1-9bec-000e561fba2b,1166ea8a-9373-434e-bc12-596fb542d2f6,c2,DROP,688,?,x9,
1769494808.5766244,RECEIVED,e7e7810e-24c8-4d55-8b44-ac28d1009a46,bc936bfb-aaf5-405b-9c7a-df96af9a1f97,c1,DROP,1006,e5,?,
1769494808.6013641,SENT,4ebb9075-989d-4d8a-b772-7fe412de13d2,f7dd57e5-1432-4d6a-859b-4aaa519d96c7,c3,DROP,684,?,x6,
1769494808.6014025,FORWARDED,4ebb9075-989d-4d8a-b772-7fe412de13d2,f7dd57e5-1432-4d6a-859b-4aaa519d96c7,c3,DROP,684,?,x6,
1769494808.6631749,RECEIVED,897dda65-0b5a-47e6-b676-81a73192c6e2,7ba2de42-b503-48e3-b3a6-2a8b8a983f87,c2,DROP,1015,e7,?,
1769494808.6952102,SENT,aff52655-f6d5-44fc-9054-6fc80bbffd89,57919bf5-d503-4006-a6ee-d2ed6ac7c198,c1,DROP,692,?,x7,
1769494808.695252,FORWARDED,aff52655-f6d5-44fc-9054-6fc80bbffd89,57919bf5-d503-4006-a6ee-d2ed6ac7c198,c1,DROP,692,?,x7,
1769494808.7621408,RECEIVED,351374fe-6192-4318-bab5-cc77c3cf00b8,dee9c64c-a463-4d93-bfa6-9d361099dd13,c2,DROP,1015,e9,?,
1769494809.019363,RECEIVED,8fff0763-8c4d-4a1d-9b5f-774b4461fb11,57c8d3ee-5be4-4831-b5f4-9afff06bb375,c3,DROP,1019,e12,?,
1769494809.2130337,RECEIVED,aa189b63-dd78-4c9a-b62a-6fad90ef0222,724f806a-88bb-495c-9f8a-b460b5b67445,c2,DROP,1008,e6,?,
1769494809.3002422,SENT,aa189b63-dd78-4c9a-b62a-6fad90ef0222,724f806a-88bb-495c-9f8a-b460b5b67445,c2,DROP,684,?,x4,
1769494809.3002849,FORWARDED,aa189b63-dd78-4c9a-b62a-6fad90ef0222,724f806a-88bb-495c-9f8a-b460b5b67445,c2,DROP,684,?,x4,
1769494809.4338577,RECEIVED,65107bf9-6a5c-4674-9a37-7de20501e4ef,cd8bdf02-70da-4bcf-a30b-833bc41d05c9,c1,DROP,442,x9,?,
1769494809.4347672,SENT,351374fe-6192-4318-bab5-cc77c3cf00b8,dee9c64c-a463-4d93-bfa6-9d361099dd13,c2,DROP,688,?,x7,
1769494809.434809,FORWARDED,351374fe-6192-4318-bab5-cc77c3cf00b8,dee9c64c-a463-4d93-bfa6-9d361099dd13,c2,DROP,688,?,x7,
1769494809.5020707,RECEIVED,26df3610-56b8-43ce-ae95-fc9532c0d70a,b707cd59-2c22-4644-bc2a-3a12fb8a67d8,c1,DROP,442,x8,?,
1769494809.5235264,RECEIVED,68ed28d5-e1bc-4752-b7e3-9c110b1caf95,414c961c-30d8-4e16-a974-0d05430fc9d1,c3,DROP,1019,e10,?,
1769494809.572545,SENT,897dda65-0b5a-47e6-b676-81a73192c6e2,7ba2de42-b503-48e3-b3a6-2a8b8a983f87,c2,DROP,688,?,x3,
1769494809.5725794,FORWARDED,897dda65-0b5a-47e6-b676-81a73192c6e2,7ba2de42-b503-48e3-b3a6-2a8b8a983f87,c2,DROP,688,?,x3,
1769494809.5920165,RECEIVED,10e0f951-b260-4b02-86ab-6206e7f928aa,82f9e552-ae20-40c6-9460-8f2c85dd21cb,c4,c5,1770,e6,?,
1769494809.6407137,RECEIVED,32a2e0a0-9b18-4e03-9ee1-5190b5243d2e,70678d07-38b1-4cd9-bd08-d7c47975a8da,c3,DROP,1019,e11,?,
1769494810.1853342,RECEIVED,f51f7806-38a2-4c8f-80fc-e482909e4698,f53eb652-61df-4ecc-9d7c-3793eec58bf1,c3,c5,1776,e3,?,
1769494810.3390589,SENT,32a2e0a0-9b18-4e03-9ee1-5190b5243d2e,70678d07-38b1-4cd9-bd08-d7c47975a8da,c3,DROP,692,?,x5,
1769494810.3391008,FORWARDED,32a2e0a0-9b18-4e03-9ee1-5190b5243d2e,70678d07-38b1-4cd9-bd08-d7c47975a8da,c3,DROP,692,?,x5,
1769494810.481896,RECEIVED,af42e51c-2acb-4bf8-9a7d-2f1fa318b4e0,d98dade0-c827-40f3-9387-07ba9db3e27c,c4,DROP,442,x3,?,
1769494810.5180254,RECEIVED,a516aa4b-eac9-4adf-b013-fcbee7249ca8,16de355b-6fb0-4e6a-a193-254d66819b94,c5,DROP,1015,e4,?,
1769494810.5217254,SENT,f51f7806-38a2-4c8f-80fc-e482909e4698,f53eb652-61df-4ecc-9d7c-3793eec58bf1,c3,c5,1258,?,x10,
1769494810.521764,FORWARDED,f51f7806-38a2-4c8f-80fc-e482909e4698,f53eb652-61df-4ecc-9d7c-3793eec58bf1,c3,c5,1258,?,x10,
1769494810.5874145,RECEIVED,1f5e25b2-0d8a-4fbd-b7f2-e68f858c34d3,379dd8bc-e8a2-4927-b996-46b767418f13,c2,DROP,1007,e5,?,
1769494810.648511,RECEIVED,908b62b4-393d-4dec-b24a-b7e4aabf79a1,3ca00c90-fc51-40d4-826a-14573397b40c,c4,DROP,1021,e4,?,
1769494810.678784,SENT,10e0f951-b260-4b02-86ab-6206e7f928aa,82f9e552-ae20-40c6-9460-8f2c85dd21cb,c4,c5,1255,?,x1,
1769494810.6788313,FORWARDED,10e0f951-b260-4b02-86ab-6206e7f928aa,82f9e552-ae20-40c6-9460-8f2c85dd21cb,c4,c5,1255,?,x1,
1769494810.688789,SENT,e7e7810e-24c8-4d55-8b44-ac28d1009a46,bc936bfb-aaf5-405b-9c7a-df96af9a1f97,c1,DROP,683,?,x8,
1769494810.6888306,FORWARDED,e7e7810e-24c8-4d55-8b44-ac28d1009a46,bc936bfb-aaf5-405b-9c7a-df96af9a1f97,c1,DROP,683,?,x8,
1769494810.7043796,SENT,908b62b4-393d-4dec-b24a-b7e4aabf79a1,3ca00c90-fc51-40d4-826a-14573397b40c,c4,DROP,692,?,x12,
1769494810.7044213,FORWARDED,908b62b4-393d-4dec-b24a-b7e4aabf79a1,3ca00c90-fc51-40d4-826a-14573397b40c,c4,DROP,692,?,x12,
1769494810.8503137,SENT,8fff0763-8c4d-4a1d-9b5f-774b4461fb11,57c8d3ee-5be4-4831-b5f4-9afff06bb375,c3,DROP,693,?,x2,
1769494810.8503537,FORWARDED,8fff0763-8c4d-4a1d-9b5f-774b4461fb11,57c8d3ee-5be4-4831-b5f4-9afff06bb375,c3,DROP,693,?,x2,
1769494810.8785233,RECEIVED,384bf30c-48ff-4b24-ab7f-5fa6c7812c7c,076e9068-0fcb-49f5-bbdb-738166daccc2,c2,DROP,1014,e2,?,
1769494811.0071967,RECEIVED,a3bfeaf2-ef0f-4cf2-be34-a32ceef7a7a2,1be4243f-1c2b-4d74-807b-3180d9246785,c5,DROP,1021,e10,?,
1769494811.0800292,SENT,68ed28d5-e1bc-4752-b7e3-9c110b1caf95,414c961c-30d8-4e16-a974-0d05430fc9d1,c3,DROP,692,?,x11,
1769494811.0800822,FORWARDED,68ed28d5-e1bc-4752-b7e3-9c110b1caf95,414c961c-30d8-4e16-a974-0d05430fc9d1,c3,DROP,692,?,x11,
1769494811.0998867,RECEIVED,d417fd62-b2cb-441f-8118-fda8cec0029e,a298b45e-b8d5-4a93-b263-245b39478cad,c4,DROP,1007,e4,?,
1769494811.127748,RECEIVED,4b0e1d36-673a-48d6-b806-79d9c68c0100,b7c15b32-d2b9-4d33-a8b4-e5c4651e3318,c2,DROP,438,x4,?,
1769494811.2022376,RECEIVED,58480338-3918-4f1a-affb-13c55d52cb0f,86c58b74-003a-44b8-9df5-a71924f9e9c9,c5,DROP,1008,e6,?,
1769494811.2428863,SENT,384bf30c-48ff-4b24-ab7f-5fa6c7812c7c,076e9068-0fcb-49f5-bbdb-738166daccc2,c2,DROP,688,?,x7,
1769494811.2429278,FORWARDED,384bf30c-48ff-4b24-ab7f-5fa6c7812c7c,076e9068-0fcb-49f5-bbdb-738166daccc2,c2,DROP,688,?,x7,
1769494811.259443,RECEIVED,224b5af8-e2ad-4fd2-b4fc-34e96940fb78,9981bae5-fef8-4e38-9c67-630b33fa0c32,c1,c5,1775,e5,?,
1769494811.3033185,SENT,a516aa4b-eac9-4adf-b013-fcbee7249ca8,16de355b-6fb0-4e6a-a193-254d66819b94,c5,DROP,688,?,x3,
1769494811.3033605,FORWARDED,a516aa4b-eac9-4adf-b013-fcbee7249ca8,16de355b-6fb0-4e6a-a193-254d66819b94,c5,DROP,688,?,x3,
1769494811.3939435,RECEIVED,2d9a6aef-3b84-42da-af09-5c210b6b4e55,9080811b-fe8d-4f56-9e32-516519d5c58f,c4,DROP,1011,e1,?,
1769494811.3958645,SENT,58480338-3918-4f1a-affb-13c55d52cb0f,86c58b74-003a-44b8-9df5-a71924f9e9c9,c5,DROP,683,?,x1,
1769494811.3959055,FORWARDED,58480338-3918-4f1a-affb-13c55d52cb0f,86c58b74-003a-44b8-9df5-a71924f9e9c9,c5,DROP,683,?,x1,
1769494811.4441507,RECEIVED,913b2f99-c9a1-491b-a29c-b67845e568b1,97946dc5-f013-46fb-bc67-545ca51fbe76,c5,DROP,1008,e2,?,
1769494811.4465039,SENT,2d9a6aef-3b84-42da-af09-5c210b6b4e55,9080811b-fe8d-4f56-9e32-516519d5c58f,c4,DROP,687,?,x6,
1769494811.4465456,FORWARDED,2d9a6aef-3b84-42da-af09-5c210b6b4e55,9080811b-fe8d-4f56-9e32-516519d5c58f,c4,DROP,687,?,x6,
1769494811.4581656,SENT,a3bfeaf2-ef0f-4cf2-be34-a32ceef7a7a2,1be4243f-1c2b-4d74-807b-3180d9246785,c5,DROP,691,?,x11,
1769494811.4582021,FORWARDED,a3bfeaf2-ef0f-4cf2-be34-a32ceef7a7a2,1be4243f-1c2b-4d74-807b-3180d9246785,c5,DROP,691,?,x11,
1769494811.5826397,RECEIVED,6b85ab62-b976-44eb-926d-40449ff16488,5063dbad-60c4-49ab-adf4-6ac9dbcc7b8c,c3,DROP,1007,e6,?,
1769494811.6060665,RECEIVED,87cad8dd-d4f7-42b9-b945-8237c302d498,75dfb198-d49f-42bf-9744-cb1867a7ee40,c1,DROP,1021,e3,?,
1769494811.6761398,SENT,224b5af8-e2ad-4fd2-b4fc-34e96940fb78,9981bae5-fef8-4e38-9c67-630b33fa0c32,c1,c5,1259,?,x9,
1769494811.676191,FORWARDED,224b5af8-e2ad-4fd2-b4fc-34e96940fb78,9981bae5-fef8-4e38-9c67-630b33fa0c32,c1,c5,1259,?,x9,
1769494811.6900883,SENT,913b2f99-c9a1-491b-a29c-b67845e568b1,97946dc5-f013-46fb-bc67-545ca51fbe76,c5,DROP,683,?,x2,
1769494811.6901295,FORWARDED,913b2f99-c9a1-491b-a29c-b67845e568b1,97946dc5-f013-46fb-bc67-545ca51fbe76,c5,DROP,683,?,x2,
1769494811.8172984,RECEIVED,d43a03ef-ae33-477e-9494-1174dc3c57fb,33ca6d85-e8db-4b05-8dca-5a2f93ae63bc,c4,DROP,444,x2,?,
1769494811.8245142,SENT,1f5e25b2-0d8a-4fbd-b7f2-e68f858c34d3,379dd8bc-e8a2-4927-b996-46b767418f13,c2,DROP,683,?,x4,
1769494811.8245585,FORWARDED,1f5e25b2-0d8a-4fbd-b7f2-e68f858c34d3,379dd8bc-e8a2-4927-b996-46b767418f13,c2,DROP,683,?,x4,
1769494811.8930712,SENT,87cad8dd-d4f7-42b9-b945-8237c302d498,75dfb198-d49f-42bf-9744-cb1867a7ee40,c1,DROP,692,?,x10,
1769494811.8931105,FORWARDED,87cad8dd-d4f7-42b9-b945-8237c302d498,75dfb198-d49f-42bf-9744-cb1867a7ee40,c1,DROP,692,?,x10,
1769494811.9578433,RECEIVED,84c9327c-fee8-4f2b-9515-81e8c7fb4381,7253efab-65af-4b4d-809e-ff51e8d0e690,c3,DROP,1008,e6,?,
1769494812.037586,SENT,84c9327c-fee8-4f2b-9515-81e8c7fb4381,7253efab-65af-4b4d-809e-ff51e8d0e690,c3,DROP,684,?,x5,
1769494812.0376308,FORWARDED,84c9327c-fee8-4f2b-9515-81e8c7fb4381,7253efab-65af-4b4d-809e-ff51e8d0e690,c3,DROP,684,?,x5,
1769494812.0389857,RECEIVED,61cf35f3-0396-4b5b-899d-7ac0e6d19e95,70949922-5519-4fd6-8369-40d613119a1a,c1,DROP,1007,e10,?,
1769494812.0954278,SENT,6b85ab62-b976-44eb-926d-40449ff16488,5063dbad-60c4-49ab-adf4-6ac9dbcc7b8c,c3,DROP,684,?,x9,
1769494812.0954647,FORWARDED,6b85ab62-b976-44eb-926d-40449ff16488,5063dbad-60c4-49ab-adf4-6ac9dbcc7b8c,c3,DROP,684,?,x9,
1769494812.1327653,SENT,61cf35f3-0396-4b5b-899d-7ac0e6d19e95,70949922-5519-4fd6-8369-40d613119a1a,c1,DROP,683,?,x7,
1769494812.1328025,FORWARDED,61cf35f3-0396-4b5b-899d-7ac0e6d19e95,70949922-5519-4fd6-8369-40d613119a1a,c1,DROP,683,?,x7,
1769494812.1382322,RECEIVED,27a73cdd-7632-40ee-a913-d659e83e7d36,7f22d2c7-b167-408a-90d5-66d20f7c57cf,c5,DROP,1011,e1,?,
1769494812.2185955,RECEIVED,b1f3bd09-fad8-40a1-9bf7-9ae327819b59,9f388089-614b-45d7-85f6-5ee0200677cc,c5,DROP,1007,e6,?,
1769494812.2432022,RECEIVED,3f96ccdc-8298-449a-90b5-06b90384131d,ab155f21-5b6e-4dd4-8bd9-0759979a855b,c5,DROP,446,x8,?,
1769494812.3333242,SENT,b1f3bd09-fad8-40a1-9bf7-9ae327819b59,9f388089-614b-45d7-85f6-5ee0200677cc,c5,DROP,683,?,x5,
1769494812.333601,FORWARDED,b1f3bd09-fad8-40a1-9bf7-9ae327819b59,9f388089-614b-45d7-85f6-5ee0200677cc,c5,DROP,683,?,x5,
1769494812.3584108,SENT,d417fd62-b2cb-441f-8118-fda8cec0029e,a298b45e-b8d5-4a93-b263-245b39478cad,c4,DROP,683,?,x9,
1769494812.3584464,FORWARDED,d417fd62-b2cb-441f-8118-fda8cec0029e,a298b45e-b8d5-4a93-b263-245b39478cad,c4,DROP,683,?,x9,
1769494812.5772517,RECEIVED,226a53be-6fa6-439c-9089-cb91235f676d,7cf5298c-4da2-4ff2-b1df-fc682f7a49d5,c4,DROP,1016,e2,?,
1769494812.6067953,RECEIVED,8b5f640b-3ea1-47ee-bb84-3aa5ebdedf60,eebb69ba-8e08-4c83-8654-198a85c7df41,c3,DROP,1011,e2,?,
1769494812.6108043,SENT,226a53be-6fa6-439c-9089-cb91235f676d,7cf5298c-4da2-4ff2-b1df-fc682f7a49d5,c4,DROP,689,?,x5,
1769494812.610845,FORWARDED,226a53be-6fa6-439c-9089-cb91235f676d,7cf5298c-4da2-4ff2-b1df-fc682f7a49d5,c4,DROP,689,?,x5,
1769494812.644941,RECEIVED,e3a153d7-bca5-476b-a53f-d6100d54913b,6d4ba3a6-19da-44f7-b8cd-a5e744287322,c2,DROP,441,x7,?,
1769494812.6591053,RECEIVED,114c82cf-c767-4082-86fd-5b635013698c,cdc84f87-69c3-45d7-a59e-0bcddacb8eb3,c5,DROP,446,x1,?,
1769494812.6863067,RECEIVED,7f220621-d046-4c56-8eba-3f6228fc8f2e,0130b791-dc5d-4ace-b33c-27f12937ac3d,c4,DROP,1008,e3,?,
1769494812.8897161,RECEIVED,2c0077f4-6c47-4081-ba3a-8892665714ee,ad33dede-50dc-4831-b56b-87f5d4822fe0,c1,DROP,1011,e5,?,
1769494812.9209864,SENT,7f220621-d046-4c56-8eba-3f6228fc8f2e,0130b791-dc5d-4ace-b33c-27f12937ac3d,c4,DROP,683,?,x5,
1769494812.9210308,FORWARDED,7f220621-d046-4c56-8eba-3f6228fc8f2e,0130b791-dc5d-4ace-b33c-27f12937ac3d,c4,DROP,683,?,x5,
1769494813.07223,SENT,2c0077f4-6c47-4081-ba3a-8892665714ee,ad33dede-50dc-4831-b56b-87f5d4822fe0,c1,DROP,687,?,x3,
1769494813.0722733,FORWARDED,2c0077f4-6c47-4081-ba3a-8892665714ee,ad33dede-50dc-4831-b56b-87f5d4822fe0,c1,DROP,687,?,x3,
1769494813.1866415,RECEIVED,22106c24-4fd1-45b3-8b8b-700aa84d18ad,af3b89e6-e68c-4991-8d5c-061e575a630b,c1,c5,1779,e1,?,
1769494813.2666757,SENT,8b5f640b-3ea1-47ee-bb84-3aa5ebdedf60,eebb69ba-8e08-4c83-8654-198a85c7df41,c3,DROP,687,?,x5,
1769494813.2667153,FORWARDED,8b5f640b-3ea1-47ee-bb84-3aa5ebdedf60,eebb69ba-8e08-4c83-8654-198a85c7df41,c3,DROP,687,?,x5,
1769494813.3814638,SENT,22106c24-4fd1-45b3-8b8b-700aa84d18ad,af3b89e6-e68c-4991-8d5c-061e575a630b,c1,c5,1263,?,x4,
1769494813.3815055,FORWARDED,22106c24-4fd1-45b3-8b8b-700aa84d18ad,af3b89e6-e68c-4991-8d5c-061e575a630b,c1,c5,1263,?,x4,
1769494813.556008,RECEIVED,784fd251-53fa-4d8f-9a7b-a8c0bb3d5b1f,560e3206-660c-4029-803e-229c3be560c1,c1,DROP,1017,e7,?,
1769494813.5635915,SENT,27a73cdd-7632-40ee-a913-d659e83e7d36,7f22d2c7-b167-408a-90d5-66d20f7c57cf,c5,DROP,687,?,x5,
1769494813.5636342,FORWARDED,27a73cdd-7632-40ee-a913-d659e83e7d36,7f22d2c7-b167-408a-90d5-66d20f7c57cf,c5,DROP,687,?,x5,
1769494813.682431,SENT,784fd251-53fa-4d8f-9a7b-a8c0bb3d5b1f,560e3206-660c-4029-803e-229c3be560c1,c1,DROP,688,?,x10,
1769494813.6824749,FORWARDED,784fd251-53fa-4d8f-9a7b-a8c0bb3d5b1f,560e3206-660c-4029-803e-229c3be560c1,c1,DROP,688,?,x10,
1769494813.8082116,RECEIVED,56acf9eb-fbfa-4b06-87c5-ae8db6babf17,65b003ee-0144-4c9b-bcaa-c64b1706e64c,c3,DROP,1020,e2,?,
1769494813.88545,SENT,56acf9eb-fbfa-4b06-87c5-ae8db6babf17,65b003ee-0144-4c9b-bcaa-c64b1706e64c,c3,DROP,692,?,x7,
1769494813.885491,FORWARDED,56acf9eb-fbfa-4b06-87c5-ae8db6babf17,65b003ee-0144-4c9b-bcaa-c64b1706e64c,c3,DROP,692,?,x7,
1769494813.989996,RECEIVED,df57c372-ca5e-4a29-aad6-6768c126e0af,0cb32ecc-3b78-4bfc-bafe-3b6322670f8a,c2,c3,1775,e8,?,
1769494814.0512764,RECEIVED,f949d3db-5ba5-4e4b-a4ef-a5a2c4431809,8902f233-d195-4956-bc58-dc102a0b0df3,c1,DROP,1008,e7,?,
1769494814.0536995,RECEIVED,96cf3775-857e-42f9-bfa4-e049b4fdc441,c49dbd49-83b7-4bad-b948-3afaa6bf91c1,c2,DROP,1021,e10,?,
1769494814.2157857,SENT,96cf3775-857e-42f9-bfa4-e049b4fdc441,c49dbd49-83b7-4bad-b948-3afaa6bf91c1,c2,DROP,693,?,x12,
1769494814.215836,FORWARDED,96cf3775-857e-42f9-bfa4-e049b4fdc441,c49dbd49-83b7-4bad-b948-3afaa6bf91c1,c2,DROP,693,?,x12,
1769494814.354269,SENT,f949d3db-5ba5-4e4b-a4ef-a5a2c4431809,8902f233-d195-4956-bc58-dc102a0b0df3,c1,DROP,684,?,x5,
1769494814.3543096,FORWARDED,f949d3db-5ba5-4e4b-a4ef-a5a2c4431809,8902f233-d195-4956-bc58-dc102a0b0df3,c1,DROP,684,?,x5,
1769494814.4150894,RECEIVED,97d9cf52-bd0c-4250-8b8d-65605da7b2ec,aadac5ac-388a-4bff-9fa1-d51ca92a7f65,c2,DROP,1020,e6,?,
1769494814.4559402,RECEIVED,0e280bd4-d868-4b41-ac29-32af4f602ea2,fd62ff48-26b6-47e8-9467-cfaad2cc308e,c4,DROP,1021,e3,?,
1769494814.4576063,RECEIVED,2ee435ab-dda2-48a8-b668-2cca04001ba9,60864550-d962-47f3-82a4-1032eb13b2e3,c2,c3,1771,e6,?,
1769494814.5610003,SENT,97d9cf52-bd0c-4250-8b8d-65605da7b2ec,aadac5ac-388a-4bff-9fa1-d51ca92a7f65,c2,DROP,693,?,x6,
1769494814.5610416,FORWARDED,97d9cf52-bd0c-4250-8b8d-65605da7b2ec,aadac5ac-388a-4bff-9fa1-d51ca92a7f65,c2,DROP,693,?,x6,
1769494814.7864656,RECEIVED,1b2d0c87-80b3-42e3-b1a2-eedd2fcdf36e,773cd91c-e052-4e6f-a827-117a843d5176,c4,DROP,1011,e11,?,
1769494814.8134897,SENT,df57c372-ca5e-4a29-aad6-6768c126e0af,0cb32ecc-3b78-4bfc-bafe-3b6322670f8a,c2,c3,1259,?,x3,
1769494814.81353,FORWARDED,df57c372-ca5e-4a29-aad6-6768c126e0af,0cb32ecc-3b78-4bfc-bafe-3b6322670f8a,c2,c3,1259,?,x3,
1769494814.8476455,SENT,0e280bd4-d868-4b41-ac29-32af4f602ea2,fd62ff48-26b6-47e8-9467-cfaad2cc308e,c4,DROP,693,?,x11,
1769494814.8476863,FORWARDED,0e280bd4-d868-4b41-ac29-32af4f602ea2,fd62ff48-26b6-47e8-9467-cfaad2cc308e,c4,DROP,693,?,x11,
1769494815.2654767,RECEIVED,a3610de0-b0fd-478b-9303-db8bade996d7,b52d3d18-adc7-4182-90dd-3a2c973b87f8,c1,DROP,1007,e12,?,
1769494815.314873,RECEIVED,cc1393a8-aa5c-4305-9a4e-abc061014c9b,2e61a60c-ce3a-4adc-86e3-f2119c854817,c4,c5,1764,e1,?,
1769494815.3680227,SENT,a3610de0-b0fd-478b-9303-db8bade996d7,b52d3d18-adc7-4182-90dd-3a2c973b87f8,c1,DROP,683,?,x7,
1769494815.368074,FORWARDED,a3610de0-b0fd-478b-9303-db8bade996d7,b52d3d18-adc7-4182-90dd-3a2c973b87f8,c1,DROP,683,?,x7,
1769494815.3790908,SENT,1b2d0c87-80b3-42e3-b1a2-eedd2fcdf36e,773cd91c-e052-4e6f-a827-117a843d5176,c4,DROP,686,?,x9,
1769494815.3791318,FORWARDED,1b2d0c87-80b3-42e3-b1a2-eedd2fcdf36e,773cd91c-e052-4e6f-a827-117a843d5176,c4,DROP,686,?,x9,
1769494815.6521592,SENT,cc1393a8-aa5c-4305-9a4e-abc061014c9b,2e61a60c-ce3a-4adc-86e3-f2119c854817,c4,c5,1251,?,x11,
1769494815.6522026,FORWARDED,cc1393a8-aa5c-4305-9a4e-abc061014c9b,2e61a60c-ce3a-4adc-86e3-f2119c854817,c4,c5,1251,?,x11,
1769494815.8327265,RECEIVED,a6ab2417-732a-467b-be6b-5c69e5d549fd,a69b40c4-d1e0-4ea4-81c8-228fddede7d3,c3,c5,1773,e3,?,
1769494815.9229429,SENT,a6ab2417-732a-467b-be6b-5c69e5d549fd,a69b40c4-d1e0-4ea4-81c8-228fddede7d3,c3,c5,1256,?,x12,
1769494815.9229784,FORWARDED,a6ab2417-732a-467b-be6b-5c69e5d549fd,a69b40c4-d1e0-4ea4-81c8-228fddede7d3,c3,c5,1256,?,x12,
1769494815.940241,RECEIVED,a52ddfb2-6b50-4a56-b557-8e385bf87090,28d38b3d-f705-4335-b08f-0ac88f01150b,c2,DROP,1021,e5,?,
1769494815.9541402,RECEIVED,badd8239-23c3-4656-b7cf-446bf94005e8,687dcc94-31fc-4ba3-9a36-101801d852ee,c3,DROP,441,x11,?,
1769494816.2738492,RECEIVED,71d0c694-cca7-4213-9c28-c21f47379070,49d6f872-a44f-4a3d-86d8-6d0c4cd2287a,c2,DROP,441,x6,?,
1769494816.2873876,RECEIVED,da102aed-6096-47d0-af7d-00e06ec7012a,57a3f60d-4409-43f9-bf73-9943437777ec,c3,DROP,1017,e12,?,
1769494816.3261151,SENT,da102aed-6096-47d0-af7d-00e06ec7012a,57a3f60d-4409-43f9-bf73-9943437777ec,c3,DROP,690,?,x12,
1769494816.326153,FORWARDED,da102aed-6096-47d0-af7d-00e06ec7012a,57a3f60d-4409-43f9-bf73-9943437777ec,c3,DROP,690,?,x12,
1769494816.429748,SENT,a52ddfb2-6b50-4a56-b557-8e385bf87090,28d38b3d-f705-4335-b08f-0ac88f01150b,c2,DROP,692,?,x10,
1769494816.4297872,FORWARDED,a52ddfb2-6b50-4a56-b557-8e385bf87090,28d38b3d-f705-4335-b08f-0ac88f01150b,c2,DROP,692,?,x10,
1769494816.4719634,RECEIVED,b7f4657b-b2ae-4566-9097-8a1febc209dd,1eed78d2-476b-4742-91f0-b9d6364634fd,c3,DROP,442,x12,?,
1769494816.6184292,RECEIVED,4e6b1fbf-ac08-42f1-89f0-6c4be47deb61,16e173dc-2396-4262-9bd9-ce7733bf1ec3,c1,DROP,1020,e11,?,
1769494816.6691003,RECEIVED,b5076254-6ffa-49c1-a1e5-b2b36d3b21b7,32096d31-23e5-4f29-8ea0-dce2275d8a6b,c5,DROP,1021,e6,?,
1769494816.6754575,SENT,4e6b1fbf-ac08-42f1-89f0-6c4be47deb61,16e173dc-2396-4262-9bd9-ce7733bf1ec3,c1,DROP,692,?,x4,
1769494816.675498,FORWARDED,4e6b1fbf-ac08-42f1-89f0-6c4be47deb61,16e173dc-2396-4262-9bd9-ce7733bf1ec3,c1,DROP,692,?,x4,
1769494816.8560765,SENT,b5076254-6ffa-49c1-a1e5-b2b36d3b21b7,32096d31-23e5-4f29-8ea0-dce2275d8a6b,c5,DROP,692,?,x12,
1769494816.8561168,FORWARDED,b5076254-6ffa-49c1-a1e5-b2b36d3b21b7,32096d31-23e5-4f29-8ea0-dce2275d8a6b,c5,DROP,692,?,x12,
1769494817.05754,RECEIVED,b2428c7a-7664-418e-8ae3-d483e9511d19,a0ebb2a0-b7aa-4f76-b073-f60f8bd86659,c2,DROP,1016,e8,?,
1769494817.220973,SENT,b2428c7a-7664-418e-8ae3-d483e9511d19,a0ebb2a0-b7aa-4f76-b073-f60f8bd86659,c2,DROP,688,?,x6,
1769494817.2210143,FORWARDED,b2428c7a-7664-418e-8ae3-d483e9511d19,a0ebb2a0-b7aa-4f76-b073-f60f8bd86659,c2,DROP,688,?,x6,
1769494817.4053264,RECEIVED,3debf3be-76f6-47f2-89ab-b19b6ff060cb,0491d31f-6d26-4c46-8d26-d1a723493f30,c3,c5,1783,e6,?,
1769494817.4629378,RECEIVED,596bdfe5-552a-410d-a8c9-059649442eb3,ed983b6a-eab7-42d3-b590-2699c747bc66,c1,DROP,1011,e6,?,
1769494817.6253471,RECEIVED,55dad79c-929b-4076-8c29-ae313cd08fa1,9eb57fc9-072f-45b2-a01c-1a6eb3b86d2d,c4,c5,1776,e5,?,
1769494817.6283863,RECEIVED,76d8abb0-24ae-458f-8656-6a59fbb4a331,53a07d6a-afc4-4c39-a571-c51f3ece62e3,c5,c2,1777,e9,?,
1769494817.6532538,RECEIVED,42a0c20d-eedf-46c0-a42c-5b83c2cddfe3,787513ed-0425-49d8-b726-c8bf8255cd38,c3,DROP,1021,e11,?,
1769494817.7148037,SENT,76d8abb0-24ae-458f-8656-6a59fbb4a331,53a07d6a-afc4-4c39-a571-c51f3ece62e3,c5,c2,1259,?,x12,
1769494817.7148414,FORWARDED,76d8abb0-24ae-458f-8656-6a59fbb4a331,53a07d6a-afc4-4c39-a571-c51f3ece62e3,c5,c2,1259,?,x12,
1769494817.7202673,SENT,2ee435ab-dda2-48a8-b668-2cca04001ba9,60864550-d962-47f3-82a4-1032eb13b2e3,c2,c3,1256,?,x2,
1769494817.7203085,FORWARDED,2ee435ab-dda2-48a8-b668-2cca04001ba9,60864550-d962-47f3-82a4-1032eb13b2e3,c2,c3,1256,?,x2,
1769494817.991169,SENT,596bdfe5-552a-410d-a8c9-059649442eb3,ed983b6a-eab7-42d3-b590-2699c747bc66,c1,DROP,687,?,x4,
1769494817.9912093,FORWARDED,596bdfe5-552a-410d-a8c9-059649442eb3,ed983b6a-eab7-42d3-b590-2699c747bc66,c1,DROP,687,?,x4,
1769494817.9938765,RECEIVED,f257a6f2-325d-4b66-ac1e-c88c7c00408d,7e20c60b-0981-4555-be85-9ddf1627c54c,c4,DROP,1019,e12,?,
1769494818.0036016,SENT,42a0c20d-eedf-46c0-a42c-5b83c2cddfe3,787513ed-0425-49d8-b726-c8bf8255cd38,c3,DROP,693,?,x12,
1769494818.003641,FORWARDED,42a0c20d-eedf-46c0-a42c-5b83c2cddfe3,787513ed-0425-49d8-b726-c8bf8255cd38,c3,DROP,693,?,x12,
1769494818.089114,SENT,55dad79c-929b-4076-8c29-ae313cd08fa1,9eb57fc9-072f-45b2-a01c-1a6eb3b86d2d,c4,c5,1260,?,x1,
1769494818.089154,FORWARDED,55dad79c-929b-4076-8c29-ae313cd08fa1,9eb57fc9-072f-45b2-a01c-1a6eb3b86d2d,c4,c5,1260,?,x1,
1769494818.237415,SENT,3debf3be-76f6-47f2-89ab-b19b6ff060cb,0491d31f-6d26-4c46-8d26-d1a723493f30,c3,c5,1264,?,x6,
1769494818.2374482,FORWARDED,3debf3be-76f6-47f2-89ab-b19b6ff060cb,0491d31f-6d26-4c46-8d26-d1a723493f30,c3,c5,1264,?,x6,
1769494818.3706107,RECEIVED,ea4d429f-7b3b-4685-858c-962ec9f58ff0,56dbe21d-b4b9-4db5-b14a-5f6706e19dfb,c1,DROP,440,x10,?,
1769494818.7554674,RECEIVED,7ad50786-fa2e-4e2f-a406-26a80f4d3b9d,bac0025d-07d2-415f-8016-fe69ee782093,c3,DROP,1022,e1,?,
1769494818.8400433,SENT,7ad50786-fa2e-4e2f-a406-26a80f4d3b9d,bac0025d-07d2-415f-8016-fe69ee782093,c3,DROP,693,?,x12,
1769494818.8403635,FORWARDED,7ad50786-fa2e-4e2f-a406-26a80f4d3b9d,bac0025d-07d2-415f-8016-fe69ee782093,c3,DROP,693,?,x12,
1769494818.8753982,SENT,f257a6f2-325d-4b66-ac1e-c88c7c00408d,7e20c60b-0981-4555-be85-9ddf1627c54c,c4,DROP,692,?,x2,
1769494818.8754404,FORWARDED,f257a6f2-325d-4b66-ac1e-c88c7c00408d,7e20c60b-0981-4555-be85-9ddf1627c54c,c4,DROP,692,?,x2,
1769494819.3523502,RECEIVED,19c260aa-80dc-4e36-93c6-b818b2bfd885,b30db70d-b513-45ef-a2c2-ef24a8c05ed0,c2,DROP,1011,e8,?,
1769494819.5289874,RECEIVED,47696948-5597-4600-b2a0-a7194459def8,669c801a-9665-4989-bfd0-eda6a5932f1b,c2,DROP,1020,e11,?,
1769494819.7144067,RECEIVED,8fa420c3-bfcd-4847-b0d0-3bd428437d5d,7c161e67-ec57-4300-a36b-d460ca000ea3,c4,DROP,1015,e7,?,
1769494819.7661238,SENT,19c260aa-80dc-4e36-93c6-b818b2bfd885,b30db70d-b513-45ef-a2c2-ef24a8c05ed0,c2,DROP,687,?,x6,
1769494819.766157,FORWARDED,19c260aa-80dc-4e36-93c6-b818b2bfd885,b30db70d-b513-45ef-a2c2-ef24a8c05ed0,c2,DROP,687,?,x6,
1769494819.820482,RECEIVED,22f890dd-fe11-44d3-b2b0-5ec6d2a9487c,dfe595e9-6478-4514-9eb4-e751ff3e834c,c3,DROP,1016,e4,?,
1769494819.851637,RECEIVED,05fd86ca-b0f1-4921-b33c-b7a4a418ac60,7cc35f61-13ed-4030-ae49-6e24b9828c17,c4,DROP,1015,e4,?,
1769494819.992228,SENT,47696948-5597-4600-b2a0-a7194459def8,669c801a-9665-4989-bfd0-eda6a5932f1b,c2,DROP,691,?,x11,
1769494819.992265,FORWARDED,47696948-5597-4600-b2a0-a7194459def8,669c801a-9665-4989-bfd0-eda6a5932f1b,c2,DROP,691,?,x11,
1769494820.0058465,SENT,8fa420c3-bfcd-4847-b0d0-3bd428437d5d,7c161e67-ec57-4300-a36b-d460ca000ea3,c4,DROP,688,?,x5,
1769494820.00589,FORWARDED,8fa420c3-bfcd-4847-b0d0-3bd428437d5d,7c161e67-ec57-4300-a36b-d460ca000ea3,c4,DROP,688,?,x5,
1769494820.0421891,SENT,22f890dd-fe11-44d3-b2b0-5ec6d2a9487c,dfe595e9-6478-4514-9eb4-e751ff3e834c,c3,DROP,688,?,x6,
1769494820.0422294,FORWARDED,22f890dd-fe11-44d3-b2b0-5ec6d2a9487c,dfe595e9-6478-4514-9eb4-e751ff3e834c,c3,DROP,688,?,x6,
1769494820.1435955,RECEIVED,94dd03fb-2bc3-40b8-b3ce-7d28c5aa76cb,ce3aaedf-88de-4f4d-b983-89ca14899df7,c2,c3,1782,e4,?,
1769494820.3997312,RECEIVED,1445f093-eb7e-4de3-9323-23baa7696100,fec92aaa-36b5-4b29-9f21-c6f3a3c39e17,c4,DROP,1008,e10,?,
1769494820.4054046,RECEIVED,1b3526d4-0a1e-4707-bc59-8fd0e0081ebb,a953293f-340f-4ea3-ba45-705876a3482f,c2,DROP,1007,e2,?,
1769494820.6568184,RECEIVED,bd14e5b9-1fdf-41fb-ac1e-aa7d640bc75d,35207a69-ea79-452e-b297-312aff1f8590,c1,DROP,1012,e6,?,
1769494820.6626527,SENT,1445f093-eb7e-4de3-9323-23baa7696100,fec92aaa-36b5-4b29-9f21-c6f3a3c39e17,c4,DROP,683,?,x2,
1769494820.6626947,FORWARDED,1445f093-eb7e-4de3-9323-23baa7696100,fec92aaa-36b5-4b29-9f21-c6f3a3c39e17,c4,DROP,683,?,x2,
1769494820.7636445,RECEIVED,db62ab29-cfe0-461b-9d3f-d895af46090c,69446c8b-cb7f-400f-872b-568693051e3a,c2,DROP,1012,e9,?,
1769494820.7799134,RECEIVED,54b4ebb3-6e4f-4d2a-a88b-be8dd116bdaf,31db156e-6645-4a0e-82d0-98d1477cc821,c2,c3,1764,e9,?,
1769494820.9192977,RECEIVED,62bba6f9-ad43-4905-8e4a-c137d1e38fb7,dc9eae1a-31c9-43a4-80bc-c9414e2b80ed,c1,DROP,1017,e8,?,
1769494820.9291356,SENT,bd14e5b9-1fdf-41fb-ac1e-aa7d640bc75d,35207a69-ea79-452e-b297-312aff1f8590,c1,DROP,685,?,x7,
1769494820.9291744,FORWARDED,bd14e5b9-1fdf-41fb-ac1e-aa7d640bc75d,35207a69-ea79-452e-b297-312aff1f8590,c1,DROP,685,?,x7,
1769494820.9423256,SENT,db62ab29-cfe0-461b-9d3f-d895af46090c,69446c8b-cb7f-400f-872b-568693051e3a,c2,DROP,687,?,x5,
1769494820.9425588,FORWARDED,db62ab29-cfe0-461b-9d3f-d895af46090c,69446c8b-cb7f-400f-872b-568693051e3a,c2,DROP,687,?,x5,
1769494820.968285,RECEIVED,72684285-2610-4282-b90c-1b4b44d3de85,45288658-d1a1-4841-a267-2d3afd0db1a6,c5,DROP,1008,e1,?,
1769494821.0187337,SENT,62bba6f9-ad43-4905-8e4a-c137d1e38fb7,dc9eae1a-31c9-43a4-80bc-c9414e2b80ed,c1,DROP,688,?,x11,
1769494821.018774,FORWARDED,62bba6f9-ad43-4905-8e4a-c137d1e38fb7,dc9eae1a-31c9-43a4-80bc-c9414e2b80ed,c1,DROP,688,?,x11,
1769494821.058444,RECEIVED,50e55350-d82a-4e70-bdc9-c9467f3dfa16,70f8a6ef-d6ac-4a3f-8123-d3541612ab13,c5,DROP,446,x3,?,
1769494821.185545,SENT,72684285-2610-4282-b90c-1b4b44d3de85,45288658-d1a1-4841-a267-2d3afd0db1a6,c5,DROP,683,?,x9,
1769494821.1855874,FORWARDED,72684285-2610-4282-b90c-1b4b44d3de85,45288658-d1a1-4841-a267-2d3afd0db1a6,c5,DROP,683,?,x9,
1769494821.2864857,SENT,1b3526d4-0a1e-4707-bc59-8fd0e0081ebb,a953293f-340f-4ea3-ba45-705876a3482f,c2,DROP,684,?,x7,
1769494821.2865295,FORWARDED,1b3526d4-0a1e-4707-bc59-8fd0e0081ebb,a953293f-340f-4ea3-ba45-705876a3482f,c2,DROP,684,?,x7,
1769494821.3439481,RECEIVED,31734dbd-71e2-403a-941c-c3325bac8432,6b59ca77-d425-440e-9d66-628697010718,c1,DROP,1020,e12,?,
1769494821.4999168,SENT,54b4ebb3-6e4f-4d2a-a88b-be8dd116bdaf,31db156e-6645-4a0e-82d0-98d1477cc821,c2,c3,1251,?,x10,
1769494821.499959,FORWARDED,54b4ebb3-6e4f-4d2a-a88b-be8dd116bdaf,31db156e-6645-4a0e-82d0-98d1477cc821,c2,c3,1251,?,x10,
1769494821.5172062,RECEIVED,887dd63d-0caf-4f5a-8ead-35d4deec4a4b,4639efd9-19a4-4505-9370-32203163ea64,c3,DROP,1013,e3,?,
1769494821.539149,SENT,887dd63d-0caf-4f5a-8ead-35d4deec4a4b,4639efd9-19a4-4505-9370-32203163ea64,c3,DROP,686,?,x1,
1769494821.539193,FORWARDED,887dd63d-0caf-4f5a-8ead-35d4deec4a4b,4639efd9-19a4-4505-9370-32203163ea64,c3,DROP,686,?,x1,
1769494821.5421367,SENT,05fd86ca-b0f1-4921-b33c-b7a4a418ac60,7cc35f61-13ed-4030-ae49-6e24b9828c17,c4,DROP,688,?,x1,
1769494821.5421758,FORWARDED,05fd86ca-b0f1-4921-b33c-b7a4a418ac60,7cc35f61-13ed-4030-ae49-6e24b9828c17,c4,DROP,688,?,x1,
1769494821.5578322,RECEIVED,4cef3e64-09bd-4e50-9bca-99f21ce3150d,88c2f3dc-ecdf-47b9-81a3-61aaa5544393,c3,c5,1779,e11,?,
1769494821.6473567,RECEIVED,ae1ea5bb-8640-420e-bbc1-6ff25226b1b9,348d39e2-3d17-4e51-b56c-bf5c8e5bef04,c4,DROP,1020,e9,?,
1769494821.648243,SENT,31734dbd-71e2-403a-941c-c3325bac8432,6b59ca77-d425-440e-9d66-628697010718,c1,DROP,691,?,x7,
1769494821.648284,FORWARDED,31734dbd-71e2-403a-941c-c3325bac8432,6b59ca77-d425-440e-9d66-628697010718,c1,DROP,691,?,x7,
1769494821.7669692,RECEIVED,c2c9c716-dfa5-4d02-840c-4cdd01789e14,86e07253-28bd-428a-a695-2dcd9a4152c0,c3,c5,1775,e1,?,
1769494821.9966915,SENT,c2c9c716-dfa5-4d02-840c-4cdd01789e14,86e07253-28bd-428a-a695-2dcd9a4152c0,c3,c5,1259,?,x7,
1769494821.9967332,FORWARDED,c2c9c716-dfa5-4d02-840c-4cdd01789e14,86e07253-28bd-428a-a695-2dcd9a4152c0,c3,c5,1259,?,x7,
1769494822.1665008,RECEIVED,1070da2f-618c-43dc-ab6a-bad0784743a3,1c3c3598-fe46-433a-a29e-18399016860e,c1,DROP,1007,e6,?,
1769494822.2870245,RECEIVED,c94b3a0d-efc9-4aba-98fd-06e75b1de340,924f26ff-ec27-4da9-92d6-9cb000c9a82e,c1,DROP,1007,e3,?,
1769494822.433119,SENT,ae1ea5bb-8640-420e-bbc1-6ff25226b1b9,348d39e2-3d17-4e51-b56c-bf5c8e5bef04,c4,DROP,692,?,x11,
1769494822.4331634,FORWARDED,ae1ea5bb-8640-420e-bbc1-6ff25226b1b9,348d39e2-3d17-4e51-b56c-bf5c8e5bef04,c4,DROP,692,?,x11,
1769494822.4505208,RECEIVED,4e62ce0b-0d74-4ff4-96ad-38367ed056c5,aed4c419-6c37-4345-8976-153ace24261e,c1,DROP,1006,e8,?,
1769494822.5362828,RECEIVED,9fd36c7f-ee61-4763-a0c0-d80124356ef6,9d62da86-99fb-4383-b0dd-12219803a014,c5,DROP,1019,e7,?,
1769494822.5555072,RECEIVED,a99bf6c5-086f-489b-92cb-3ba006ed12e5,4ddc2a36-a726-4300-8b1d-d214242d3889,c3,DROP,1015,e8,?,
1769494822.665409,SENT,c94b3a0d-efc9-4aba-98fd-06e75b1de340,924f26ff-ec27-4da9-92d6-9cb000c9a82e,c1,DROP,684,?,x9,
1769494822.665454,FORWARDED,c94b3a0d-efc9-4aba-98fd-06e75b1de340,924f26ff-ec27-4da9-92d6-9cb000c9a82e,c1,DROP,684,?,x9,
1769494822.679268,SENT,4cef3e64-09bd-4e50-9bca-99f21ce3150d,88c2f3dc-ecdf-47b9-81a3-61aaa5544393,c3,c5,1263,?,x9,
1769494822.6793098,FORWARDED,4cef3e64-09bd-4e50-9bca-99f21ce3150d,88c2f3dc-ecdf-47b9-81a3-61aaa5544393,c3,c5,1263,?,x9,
1769494822.7604496,SENT,94dd03fb-2bc3-40b8-b3ce-7d28c5aa76cb,ce3aaedf-88de-4f4d-b983-89ca14899df7,c2,c3,1264,?,x4,
1769494822.7604935,FORWARDED,94dd03fb-2bc3-40b8-b3ce-7d28c5aa76cb,ce3aaedf-88de-4f4d-b983-89ca14899df7,c2,c3,1264,?,x4,
1769494822.816251,SENT,4e62ce0b-0d74-4ff4-96ad-38367ed056c5,aed4c419-6c37-4345-8976-153ace24261e,c1,DROP,683,?,x1,
1769494822.8162937,FORWARDED,4e62ce0b-0d74-4ff4-96ad-38367ed056c5,aed4c419-6c37-4345-8976-153ace24261e,c1,DROP,683,?,x1,
1769494822.956061,RECEIVED,01aacc95-cc70-4c15-9adc-3c14db5d7b9e,07038fc1-c921-4381-8597-757bbcfbd1c3,c3,DROP,1011,e10,?,
1769494823.1407037,SENT,01aacc95-cc70-4c15-9adc-3c14db5d7b9e,07038fc1-c921-4381-8597-757bbcfbd1c3,c3,DROP,686,?,x3,
1769494823.1407444,FORWARDED,01aacc95-cc70-4c15-9adc-3c14db5d7b9e,07038fc1-c921-4381-8597-757bbcfbd1c3,c3,DROP,686,?,x3,
1769494823.1704917,RECEIVED,f9631e2d-d7c1-446f-83cb-c68ec468721d,21e7beb0-dce1-4720-a1d4-52250b2c5e2d,c1,DROP,1007,e8,?,
1769494823.2277575,RECEIVED,be176012-cf60-4a4c-b0f9-b17b8f654ba4,92b02e8a-b323-452c-ba54-e67363448314,c2,DROP,1011,e5,?,
1769494823.2351892,SENT,1070da2f-618c-43dc-ab6a-bad0784743a3,1c3c3598-fe46-433a-a29e-18399016860e,c1,DROP,683,?,x1,
1769494823.235229,FORWARDED,1070da2f-618c-43dc-ab6a-bad0784743a3,1c3c3598-fe46-433a-a29e-18399016860e,c1,DROP,683,?,x1,
1769494823.253389,RECEIVED,0b3281e9-243b-4981-9770-47a1d599e8ac,db0f2848-cb15-4795-b619-c152589b82fd,c4,c5,1780,e10,?,
1769494823.3291314,RECEIVED,e0cea887-91f3-4ce9-9c32-6189c19f846f,fd72a7fc-264a-4472-b0a9-7124b6c20aac,c5,c2,1779,e3,?,
1769494823.55176,SENT,f9631e2d-d7c1-446f-83cb-c68ec468721d,21e7beb0-dce1-4720-a1d4-52250b2c5e2d,c1,DROP,683,?,x2,
1769494823.5518012,FORWARDED,f9631e2d-d7c1-446f-83cb-c68ec468721d,21e7beb0-dce1-4720-a1d4-52250b2c5e2d,c1,DROP,683,?,x2,
1769494823.575997,SENT,a99bf6c5-086f-489b-92cb-3ba006ed12e5,4ddc2a36-a726-4300-8b1d-d214242d3889,c3,DROP,688,?,x7,
1769494823.5760865,FORWARDED,a99bf6c5-086f-489b-92cb-3ba006ed12e5,4ddc2a36-a726-4300-8b1d-d214242d3889,c3,DROP,688,?,x7,
1769494823.618207,RECEIVED,d8fa8214-1869-4a1a-856e-c78d1618c32b,ddab7b00-e719-49a0-9060-9996c382c387,c5,DROP,446,x8,?,
1769494823.6631866,SENT,0b3281e9-243b-4981-9770-47a1d599e8ac,db0f2848-cb15-4795-b619-c152589b82fd,c4,c5,1263,?,x12,
1769494823.6632288,FORWARDED,0b3281e9-243b-4981-9770-47a1d599e8ac,db0f2848-cb15-4795-b619-c152589b82fd,c4,c5,1263,?,x12,
1769494823.7196908,SENT,be176012-cf60-4a4c-b0f9-b17b8f654ba4,92b02e8a-b323-452c-ba54-e67363448314,c2,DROP,687,?,x8,
1769494823.7197285,FORWARDED,be176012-cf60-4a4c-b0f9-b17b8f654ba4,92b02e8a-b323-452c-ba54-e67363448314,c2,DROP,687,?,x8,
1769494823.7335098,RECEIVED,770324f7-9887-41b3-a8a7-0e47f9bf2f72,903ad2cc-be3a-4670-8b4b-aa6e5a970c79,c1,DROP,1009,e8,?,
1769494823.773956,SENT,770324f7-9887-41b3-a8a7-0e47f9bf2f72,903ad2cc-be3a-4670-8b4b-aa6e5a970c79,c1,DROP,683,?,x8,
1769494823.7743106,FORWARDED,770324f7-9887-41b3-a8a7-0e47f9bf2f72,903ad2cc-be3a-4670-8b4b-aa6e5a970c79,c1,DROP,683,?,x8,
1769494823.776651,SENT,9fd36c7f-ee61-4763-a0c0-d80124356ef6,9d62da86-99fb-4383-b0dd-12219803a014,c5,DROP,692,?,x1,
1769494823.7766843,FORWARDED,9fd36c7f-ee61-4763-a0c0-d80124356ef6,9d62da86-99fb-4383-b0dd-12219803a014,c5,DROP,692,?,x1,
1769494823.8980823,RECEIVED,d118ddb2-8e29-43eb-aa76-9e194f9ca046,129f2b28-45f7-486a-a4c2-7dac0222d4e2,c4,DROP,1011,e5,?,
1769494823.9190137,SENT,e0cea887-91f3-4ce9-9c32-6189c19f846f,fd72a7fc-264a-4472-b0a9-7124b6c20aac,c5,c2,1262,?,x8,
1769494823.9191,FORWARDED,e0cea887-91f3-4ce9-9c32-6189c19f846f,fd72a7fc-264a-4472-b0a9-7124b6c20aac,c5,c2,1262,?,x8,
1769494824.0901856,RECEIVED,15e857aa-6c66-4b41-abab-dd4b67ea4db8,8e0e3ce0-1045-4e36-9bf7-ddbae4cbd07a,c5,DROP,1007,e10,?,
1769494824.274276,RECEIVED,3c777f92-dbf0-4fe7-9da4-7f1b96301507,ff4841ce-79a5-418a-8aa4-eeaf355a3a2a,c2,c3,1780,e4,?,
1769494824.3950934,RECEIVED,5ac27ed4-d39b-47e3-99b5-44b5286f49c0,36846629-e12f-4298-95e9-12a8924c9dbd,c3,DROP,1019,e10,?,
1769494824.459448,SENT,15e857aa-6c66-4b41-abab-dd4b67ea4db8,8e0e3ce0-1045-4e36-9bf7-ddbae4cbd07a,c5,DROP,683,?,x8,
1769494824.45949,FORWARDED,15e857aa-6c66-4b41-abab-dd4b67ea4db8,8e0e3ce0-1045-4e36-9bf7-ddbae4cbd07a,c5,DROP,683,?,x8,
1769494824.5442793,SENT,3c777f92-dbf0-4fe7-9da4-7f1b96301507,ff4841ce-79a5-418a-8aa4-eeaf355a3a2a,c2,c3,1263,?,x12,
1769494824.544322,FORWARDED,3c777f92-dbf0-4fe7-9da4-7f1b96301507,ff4841ce-79a5-418a-8aa4-eeaf355a3a2a,c2,c3,1263,?,x12,
1769494824.5739672,RECEIVED,11b184de-ea53-4715-9ec8-560fe2db7072,122b4f78-5592-4b84-97da-6a3d96024afa,c1,DROP,441,x8,?,
1769494824.7342155,RECEIVED,5b372d41-abf7-4752-a7ee-94c57cd2d0cf,c7f43f8b-11a2-4064-a132-d8fb6575340a,c1,DROP,1012,e5,?,
1769494824.7455175,SENT,d118ddb2-8e29-43eb-aa76-9e194f9ca046,129f2b28-45f7-486a-a4c2-7dac0222d4e2,c4,DROP,687,?,x7,
1769494824.7455606,FORWARDED,d118ddb2-8e29-43eb-aa76-9e194f9ca046,129f2b28-45f7-486a-a4c2-7dac0222d4e2,c4,DROP,687,?,x7,
1769494824.80982,RECEIVED,7424bf71-3e61-4706-86b5-fd77ed2b01e4,35d7f70d-c2aa-40f5-a08d-fff621ddd902,c3,DROP,441,x3,?,
1769494824.8415031,RECEIVED,390ebddf-e0e6-4067-bbde-871800f20afe,d0ba2880-b7ec-401b-aeef-1a08dd469089,c4,DROP,441,x9,?,
1769494824.8916855,SENT,5b372d41-abf7-4752-a7ee-94c57cd2d0cf,c7f43f8b-11a2-4064-a132-d8fb6575340a,c1,DROP,686,?,x6,
1769494824.8917313,FORWARDED,5b372d41-abf7-4752-a7ee-94c57cd2d0cf,c7f43f8b-11a2-4064-a132-d8fb6575340a,c1,DROP,686,?,x6,
1769494824.9176831,RECEIVED,bff524ba-924c-4394-ae6c-06b3aa11b10d,e45f8900-f0c9-4f16-8a2f-590e73ad0d7e,c5,DROP,1021,e1,?,
1769494825.0376766,SENT,bff524ba-924c-4394-ae6c-06b3aa11b10d,e45f8900-f0c9-4f16-8a2f-590e73ad0d7e,c5,DROP,693,?,x11,
1769494825.0377183,FORWARDED,bff524ba-924c-4394-ae6c-06b3aa11b10d,e45f8900-f0c9-4f16-8a2f-590e73ad0d7e,c5,DROP,693,?,x11,
1769494825.3421993,SENT,5ac27ed4-d39b-47e3-99b5-44b5286f49c0,36846629-e12f-4298-95e9-12a8924c9dbd,c3,DROP,693,?,x4,
1769494825.3422399,FORWARDED,5ac27ed4-d39b-47e3-99b5-44b5286f49c0,36846629-e12f-4298-95e9-12a8924c9dbd,c3,DROP,693,?,x4,
1769494825.5101454,RECEIVED,5b17b98b-e19a-4531-8f22-067744751eb5,5268987a-e9ea-4db1-9fb5-92e4faca4011,c2,DROP,1023,e11,?,
1769494825.5481927,SENT,5b17b98b-e19a-4531-8f22-067744751eb5,5268987a-e9ea-4db1-9fb5-92e4faca4011,c2,DROP,691,?,x12,
1769494825.548234,FORWARDED,5b17b98b-e19a-4531-8f22-067744751eb5,5268987a-e9ea-4db1-9fb5-92e4faca4011,c2,DROP,691,?,x12,
1769494825.741839,RECEIVED,e92b8592-038b-47ee-817a-27722562f2b4,fc2f0ae9-3c48-4022-ba39-8370626a94f6,c3,DROP,446,x4,?,
1769494825.95732,RECEIVED,a05d7159-df6d-463f-9255-2463917cd1a1,45e477e9-9d7c-4b4e-b68d-55df79ad3ccc,c2,DROP,445,x11,?,
1769494826.18365,RECEIVED,dae14234-2c43-41de-bcad-68c217ba43ff,bb26886b-8398-450e-b992-e036c5e5fd36,c5,DROP,1020,e5,?,
1769494826.8504853,RECEIVED,ba305000-9d4d-4836-a753-68a358161dfe,c57e9d33-3195-4799-95ea-dd5e6de2d810,c4,DROP,446,x12,?,
1769494827.047205,SENT,dae14234-2c43-41de-bcad-68c217ba43ff,bb26886b-8398-450e-b992-e036c5e5fd36,c5,DROP,693,?,x11,
1769494827.047246,FORWARDED,dae14234-2c43-41de-bcad-68c217ba43ff,bb26886b-8398-450e-b992-e036c5e5fd36,c5,DROP,693,?,x11,
1769494827.5044146,RECEIVED,e9d5134d-5817-4675-81d0-d33c962da730,bd9bf5c3-9c10-4544-a29c-24bb6297f01a,c2,DROP,441,x4,?,
1769494827.88584,RECEIVED,6727b773-e3e5-4d5c-957e-fcc3ffb703a1,3940c6e5-dbf4-4859-a18a-6ff6a8413c93,c3,c5,1783,e7,?,
1769494827.9834132,RECEIVED,a477c048-ef8f-49ba-931f-7567afc01c07,f1fba756-a6a4-436e-8cd0-41ad7e0b37af,c4,DROP,1019,e8,?,
1769494828.0951545,RECEIVED,e93f0ec9-8094-41a0-99be-2ab5be72eba6,a0acb19e-03f9-4061-89ec-a84fb258e926,c1,DROP,1011,e12,?,
1769494828.2586675,RECEIVED,e9339ab0-28ef-43ac-81a8-686414c8673e,0b0a527e-83a3-487a-bbc2-38e50fe00e2e,c1,DROP,442,x4,?,
1769494828.2838535,RECEIVED,68828861-7c99-461c-a56a-bac52a5f2d45,8df3cdfe-498b-4a56-a65b-3de701712121,c3,DROP,1020,e1,?,
1769494828.2945807,SENT,6727b773-e3e5-4d5c-957e-fcc3ffb703a1,3940c6e5-dbf4-4859-a18a-6ff6a8413c93,c3,c5,1265,?,x10,
1769494828.294624,FORWARDED,6727b773-e3e5-4d5c-957e-fcc3ffb703a1,3940c6e5-dbf4-4859-a18a-6ff6a8413c93,c3,c5,1265,?,x10,
1769494828.3502913,RECEIVED,0ee1ea9e-5426-439b-97db-337eedff5ac1,abf6d03a-cd08-4088-9dea-92f86accfa5c,c2,DROP,441,x2,?,
1769494828.3698704,SENT,e93f0ec9-8094-41a0-99be-2ab5be72eba6,a0acb19e-03f9-4061-89ec-a84fb258e926,c1,DROP,687,?,x7,
1769494828.3699083,FORWARDED,e93f0ec9-8094-41a0-99be-2ab5be72eba6,a0acb19e-03f9-4061-89ec-a84fb258e926,c1,DROP,687,?,x7,
1769494828.4231572,SENT,a477c048-ef8f-49ba-931f-7567afc01c07,f1fba756-a6a4-436e-8cd0-41ad7e0b37af,c4,DROP,692,?,x1,
1769494828.4232013,FORWARDED,a477c048-ef8f-49ba-931f-7567afc01c07,f1fba756-a6a4-436e-8cd0-41ad7e0b37af,c4,DROP,692,?,x1,
1769494828.5976186,RECEIVED,dc5605a6-d68d-46b4-828e-f4b728cb248a,c5c72f7a-f4c5-4967-bca6-d290a8dc204e,c3,DROP,1011,e6,?,
1769494828.714464,RECEIVED,ed127129-fad4-4f1d-bea1-d24317b66079,f7ed5a15-2f83-49cd-b7a7-b1b711e6ff04,c5,DROP,1008,e3,?,
1769494828.8151364,RECEIVED,ac9306b1-2928-4d88-9353-5ecd193f0c53,f850e571-61f0-4ec6-97e1-8d99098c5e34,c3,DROP,1020,e12,?,
1769494828.8560553,SENT,ed127129-fad4-4f1d-bea1-d24317b66079,f7ed5a15-2f83-49cd-b7a7-b1b711e6ff04,c5,DROP,683,?,x1,
1769494828.8562398,FORWARDED,ed127129-fad4-4f1d-bea1-d24317b66079,f7ed5a15-2f83-49cd-b7a7-b1b711e6ff04,c5,DROP,683,?,x1,
1769494828.8583448,RECEIVED,1e383bc2-6aeb-4169-b3e9-cff98509aa64,a4b6484f-5645-435c-8869-84772e2cb6ad,c3,DROP,1015,e4,?,
1769494828.8750265,SENT,dc5605a6-d68d-46b4-828e-f4b728cb248a,c5c72f7a-f4c5-4967-bca6-d290a8dc204e,c3,DROP,687,?,x9,
1769494828.8750753,FORWARDED,dc5605a6-d68d-46b4-828e-f4b728cb248a,c5c72f7a-f4c5-4967-bca6-d290a8dc204e,c3,DROP,687,?,x9,
1769494828.9633589,SENT,68828861-7c99-461c-a56a-bac52a5f2d45,8df3cdfe-498b-4a56-a65b-3de701712121,c3,DROP,692,?,x10,
1769494828.963575,FORWARDED,68828861-7c99-461c-a56a-bac52a5f2d45,8df3cdfe-498b-4a56-a65b-3de701712121,c3,DROP,692,?,x10,
1769494828.9653044,RECEIVED,b9f8c052-cf00-4858-a56e-dcac91be0441,f36f85d5-3e0b-49c3-b0bc-9a871789618b,c4,DROP,1020,e11,?,
1769494828.9689915,RECEIVED,23ddd6e0-3a15-4d73-ba01-64a721737e34,bcf043d6-3a26-4f04-a0ce-8ea839a4ee0d,c3,DROP,1015,e3,?,
1769494829.0864875,SENT,23ddd6e0-3a15-4d73-ba01-64a721737e34,bcf043d6-3a26-4f04-a0ce-8ea839a4ee0d,c3,DROP,688,?,x1,
1769494829.0865314,FORWARDED,23ddd6e0-3a15-4d73-ba01-64a721737e34,bcf043d6-3a26-4f04-a0ce-8ea839a4ee0d,c3,DROP,688,?,x1,
1769494829.1230175,SENT,ac9306b1-2928-4d88-9353-5ecd193f0c53,f850e571-61f0-4ec6-97e1-8d99098c5e34,c3,DROP,691,?,x8,
1769494829.1230705,FORWARDED,ac9306b1-2928-4d88-9353-5ecd193f0c53,f850e571-61f0-4ec6-97e1-8d99098c5e34,c3,DROP,691,?,x8,
1769494829.22647,RECEIVED,91f2a4c9-04e7-474d-ac16-954549e03264,fa18f752-a558-4a48-ade0-e2a0d16e839c,c1,DROP,442,x3,?,
1769494829.2870367,RECEIVED,0644b001-500e-4f33-bbab-9470a129277d,baec0f80-74f8-41c3-b652-fb10aa1d1690,c1,DROP,1016,e5,?,
1769494829.3427598,RECEIVED,fc86afac-fbef-4a1e-aba7-fb9c60a79dc5,8337d7d1-a823-4152-9735-9d0947a8a885,c4,DROP,1015,e1,?,
1769494829.3529236,RECEIVED,552656dc-eec4-48ac-93aa-fe9c033e28f2,a202fdf2-bd68-4e6a-ab63-abb4ed664716,c1,DROP,1020,e7,?,
1769494829.4308684,RECEIVED,44023a6d-bf95-4683-9566-a29325775b0c,485b7a4b-38cc-49dd-93b3-18a914c15253,c3,DROP,1019,e11,?,
1769494829.4415762,RECEIVED,30a87a04-9034-40e5-a88b-6fe76cef2026,ba057784-2366-4575-8913-241559fd7ef2,c5,c2,1771,e1,?,
1769494829.610902,SENT,30a87a04-9034-40e5-a88b-6fe76cef2026,ba057784-2366-4575-8913-241559fd7ef2,c5,c2,1255,?,x4,
1769494829.6109505,FORWARDED,30a87a04-9034-40e5-a88b-6fe76cef2026,ba057784-2366-4575-8913-241559fd7ef2,c5,c2,1255,?,x4,
1769494829.6132417,SENT,552656dc-eec4-48ac-93aa-fe9c033e28f2,a202fdf2-bd68-4e6a-ab63-abb4ed664716,c1,DROP,691,?,x12,
1769494829.6132815,FORWARDED,552656dc-eec4-48ac-93aa-fe9c033e28f2,a202fdf2-bd68-4e6a-ab63-abb4ed664716,c1,DROP,691,?,x12,
1769494829.7607353,RECEIVED,595dd008-5f58-4593-81d0-5bcac219a208,7135a5b6-bb05-4414-bd8b-1760e9fd94c2,c5,DROP,1012,e1,?,
1769494829.8884103,SENT,0644b001-500e-4f33-bbab-9470a129277d,baec0f80-74f8-41c3-b652-fb10aa1d1690,c1,DROP,689,?,x10,
1769494829.8884525,FORWARDED,0644b001-500e-4f33-bbab-9470a129277d,baec0f80-74f8-41c3-b652-fb10aa1d1690,c1,DROP,689,?,x10,
1769494829.9429948,SENT,595dd008-5f58-4593-81d0-5bcac219a208,7135a5b6-bb05-4414-bd8b-1760e9fd94c2,c5,DROP,685,?,x8,
1769494829.9430366,FORWARDED,595dd008-5f58-4593-81d0-5bcac219a208,7135a5b6-bb05-4414-bd8b-1760e9fd94c2,c5,DROP,685,?,x8,
1769494830.166351,RECEIVED,3b4f5cf7-b0cc-4e26-a654-cc10f5d8cd8d,92793ccf-a91a-40dd-b0b0-3860b6851798,c2,DROP,1007,e6,?,
1769494830.1784365,RECEIVED,09a2fd9d-7daa-4ccc-91d0-bd8a4a150a9e,417aa94d-c645-4c9f-8ec1-38020ca99700,c3,c5,1771,e4,?,
1769494830.3070042,RECEIVED,fcb5994d-ca80-409a-9c3a-21dd4488e983,5e662fc6-eca2-4b91-8678-ff6399d4a021,c1,DROP,1012,e12,?,
1769494830.3250613,RECEIVED,ef693c96-d67e-48a0-be13-19c0708949c6,7daca2b9-b950-41ef-95d8-5b73257d3b5c,c5,DROP,1011,e2,?,
1769494830.374341,SENT,fcb5994d-ca80-409a-9c3a-21dd4488e983,5e662fc6-eca2-4b91-8678-ff6399d4a021,c1,DROP,687,?,x1,
1769494830.3743825,FORWARDED,fcb5994d-ca80-409a-9c3a-21dd4488e983,5e662fc6-eca2-4b91-8678-ff6399d4a021,c1,DROP,687,?,x1,
1769494830.4313655,SENT,b9f8c052-cf00-4858-a56e-dcac91be0441,f36f85d5-3e0b-49c3-b0bc-9a871789618b,c4,DROP,691,?,x10,
1769494830.4314032,FORWARDED,b9f8c052-cf00-4858-a56e-dcac91be0441,f36f85d5-3e0b-49c3-b0bc-9a871789618b,c4,DROP,691,?,x10,
1769494830.4724388,SENT,1e383bc2-6aeb-4169-b3e9-cff98509aa64,a4b6484f-5645-435c-8869-84772e2cb6ad,c3,DROP,689,?,x1,
1769494830.4724805,FORWARDED,1e383bc2-6aeb-4169-b3e9-cff98509aa64,a4b6484f-5645-435c-8869-84772e2cb6ad,c3,DROP,689,?,x1,
1769494830.4802525,SENT,fc86afac-fbef-4a1e-aba7-fb9c60a79dc5,8337d7d1-a823-4152-9735-9d0947a8a885,c4,DROP,688,?,x1,
1769494830.480294,FORWARDED,fc86afac-fbef-4a1e-aba7-fb9c60a79dc5,8337d7d1-a823-4152-9735-9d0947a8a885,c4,DROP,688,?,x1,
1769494830.5287724,RECEIVED,e6b2a52f-6f7d-4372-a15d-f2056b48d0fc,cf5e4071-5dc4-4fe0-b4cd-952bc51def13,c4,c5,1783,e4,?,
1769494830.5962338,SENT,ef693c96-d67e-48a0-be13-19c0708949c6,7daca2b9-b950-41ef-95d8-5b73257d3b5c,c5,DROP,687,?,x8,
1769494830.5962746,FORWARDED,ef693c96-d67e-48a0-be13-19c0708949c6,7daca2b9-b950-41ef-95d8-5b73257d3b5c,c5,DROP,687,?,x8,
1769494830.6458788,SENT,44023a6d-bf95-4683-9566-a29325775b0c,485b7a4b-38cc-49dd-93b3-18a914c15253,c3,DROP,692,?,x10,
1769494830.6461258,FORWARDED,44023a6d-bf95-4683-9566-a29325775b0c,485b7a4b-38cc-49dd-93b3-18a914c15253,c3,DROP,692,?,x10,
1769494830.651215,SENT,09a2fd9d-7daa-4ccc-91d0-bd8a4a150a9e,417aa94d-c645-4c9f-8ec1-38020ca99700,c3,c5,1255,?,x1,
1769494830.6512582,FORWARDED,09a2fd9d-7daa-4ccc-91d0-bd8a4a150a9e,417aa94d-c645-4c9f-8ec1-38020ca99700,c3,c5,1255,?,x1,
1769494830.7397802,RECEIVED,cfe8b2bd-520b-4091-9121-6118d9d7e8cf,1f545a90-25fe-47bd-8169-5b775029fa04,c5,DROP,442,x3,?,
1769494830.8762712,RECEIVED,da074f76-2852-4f2d-9a63-8eea429cfce9,8b1d3a4d-c6e1-428f-bb9d-f9b2595db2a7,c4,c5,1779,e6,?,
1769494830.9840426,RECEIVED,0f72a7a2-69e6-4d4e-a769-e5dcc2e815d7,b8d31242-8d6e-4ddc-bf81-24087ddcb7ac,c4,DROP,1011,e10,?,
1769494831.260079,SENT,3b4f5cf7-b0cc-4e26-a654-cc10f5d8cd8d,92793ccf-a91a-40dd-b0b0-3860b6851798,c2,DROP,684,?,x1,
1769494831.2601178,FORWARDED,3b4f5cf7-b0cc-4e26-a654-cc10f5d8cd8d,92793ccf-a91a-40dd-b0b0-3860b6851798,c2,DROP,684,?,x1,
1769494831.48247,RECEIVED,2c1124e1-bbd8-4fe3-96b8-24111694d295,3c15f212-9831-4ada-812a-32a6cc1d731f,c1,DROP,1019,e11,?,
1769494831.57056,RECEIVED,30653712-45a9-4840-b16f-5809919b0c48,103d027a-7223-4705-b08f-01437de7349c,c1,DROP,1016,e9,?,
1769494831.7402103,SENT,30653712-45a9-4840-b16f-5809919b0c48,103d027a-7223-4705-b08f-01437de7349c,c1,DROP,688,?,x3,
1769494831.7402537,FORWARDED,30653712-45a9-4840-b16f-5809919b0c48,103d027a-7223-4705-b08f-01437de7349c,c1,DROP,688,?,x3,
1769494831.819322,SENT,e6b2a52f-6f7d-4372-a15d-f2056b48d0fc,cf5e4071-5dc4-4fe0-b4cd-952bc51def13,c4,c5,1264,?,x7,
1769494831.8193626,FORWARDED,e6b2a52f-6f7d-4372-a15d-f2056b48d0fc,cf5e4071-5dc4-4fe0-b4cd-952bc51def13,c4,c5,1264,?,x7,
1769494831.8575847,RECEIVED,a1ab11b6-33d7-4e90-bfec-1f9a00b38a29,348c5f1d-e8ac-4134-beb9-43efd0e4a08e,c1,DROP,446,x7,?,
1769494831.8843367,SENT,2c1124e1-bbd8-4fe3-96b8-24111694d295,3c15f212-9831-4ada-812a-32a6cc1d731f,c1,DROP,691,?,x5,
1769494831.8843799,FORWARDED,2c1124e1-bbd8-4fe3-96b8-24111694d295,3c15f212-9831-4ada-812a-32a6cc1d731f,c1,DROP,691,?,x5,
1769494831.8994431,RECEIVED,bfde7fcb-fd09-4732-bead-48b7a07299fa,987ba846-5781-4ee4-8658-98d871175fac,c3,DROP,1015,e1,?,
1769494831.924878,SENT,0f72a7a2-69e6-4d4e-a769-e5dcc2e815d7,b8d31242-8d6e-4ddc-bf81-24087ddcb7ac,c4,DROP,687,?,x3,
1769494831.92492,FORWARDED,0f72a7a2-69e6-4d4e-a769-e5dcc2e815d7,b8d31242-8d6e-4ddc-bf81-24087ddcb7ac,c4,DROP,687,?,x3,
1769494831.9723725,RECEIVED,34d3b08d-fabf-40ab-95ae-64f4a1784345,f01f8879-5f74-4bd1-87fe-8459b25ee5d6,c2,DROP,1020,e10,?,
1769494832.0227666,RECEIVED,da933532-a54e-4762-bdd7-9906fc6c658c,dd5a7c8e-37b0-4958-b778-96f6a2f63b31,c2,DROP,1019,e3,?,
1769494832.0531204,RECEIVED,472b0692-5ace-4238-a30d-f7d6ea24d07f,d9b728e3-e205-4847-9e51-22cccd2b39e4,c2,DROP,1007,e3,?,
1769494832.310598,SENT,472b0692-5ace-4238-a30d-f7d6ea24d07f,d9b728e3-e205-4847-9e51-22cccd2b39e4,c2,DROP,683,?,x4,
1769494832.310639,FORWARDED,472b0692-5ace-4238-a30d-f7d6ea24d07f,d9b728e3-e205-4847-9e51-22cccd2b39e4,c2,DROP,683,?,x4,
1769494832.346447,RECEIVED,05badceb-3fc5-4cb0-aeec-8e6b61c12a5e,17db3682-521e-41e3-90c6-c9d21413e799,c3,DROP,1017,e4,?,
1769494832.3741353,RECEIVED,12b3e225-e074-411c-9aa7-c6610a106456,7c57f387-f6d3-4f41-bcd9-934a16f90a62,c2,DROP,1012,e6,?,
1769494832.40164,RECEIVED,889fbdac-09c9-4801-abd4-945cc75fa11a,4d538b8f-b4ec-414e-9a6d-2fe5706db8e5,c5,DROP,1011,e2,?,
1769494832.4158983,SENT,05badceb-3fc5-4cb0-aeec-8e6b61c12a5e,17db3682-521e-41e3-90c6-c9d21413e799,c3,DROP,688,?,x12,
1769494832.4159436,FORWARDED,05badceb-3fc5-4cb0-aeec-8e6b61c12a5e,17db3682-521e-41e3-90c6-c9d21413e799,c3,DROP,688,?,x12,
1769494832.4316864,SENT,da074f76-2852-4f2d-9a63-8eea429cfce9,8b1d3a4d-c6e1-428f-bb9d-f9b2595db2a7,c4,c5,1263,?,x2,
1769494832.4317274,FORWARDED,da074f76-2852-4f2d-9a63-8eea429cfce9,8b1d3a4d-c6e1-428f-bb9d-f9b2595db2a7,c4,c5,1263,?,x2,
1769494832.4552925,SENT,12b3e225-e074-411c-9aa7-c6610a106456,7c57f387-f6d3-4f41-bcd9-934a16f90a62,c2,DROP,687,?,x7,
1769494832.4553344,FORWARDED,12b3e225-e074-411c-9aa7-c6610a106456,7c57f387-f6d3-4f41-bcd9-934a16f90a62,c2,DROP,687,?,x7,
1769494832.615801,SENT,889fbdac-09c9-4801-abd4-945cc75fa11a,4d538b8f-b4ec-414e-9a6d-2fe5706db8e5,c5,DROP,687,?,x8,
1769494832.615852,FORWARDED,889fbdac-09c9-4801-abd4-945cc75fa11a,4d538b8f-b4ec-414e-9a6d-2fe5706db8e5,c5,DROP,687,?,x8,
1769494832.763986,RECEIVED,a1c89ef2-9484-47ef-a858-69ea562df9aa,991ae78a-2ad8-4090-bcd4-f31ebe10a33c,c4,DROP,441,x3,?,
1769494832.7923124,SENT,34d3b08d-fabf-40ab-95ae-64f4a1784345,f01f8879-5f74-4bd1-87fe-8459b25ee5d6,c2,DROP,691,?,x11,
1769494832.7923543,FORWARDED,34d3b08d-fabf-40ab-95ae-64f4a1784345,f01f8879-5f74-4bd1-87fe-8459b25ee5d6,c2,DROP,691,?,x11,
1769494832.8882508,SENT,da933532-a54e-4762-bdd7-9906fc6c658c,dd5a7c8e-37b0-4958-b778-96f6a2f63b31,c2,DROP,692,?,x3,
1769494832.888293,FORWARDED,da933532-a54e-4762-bdd7-9906fc6c658c,dd5a7c8e-37b0-4958-b778-96f6a2f63b31,c2,DROP,692,?,x3,
1769494832.899252,RECEIVED,74201540-7ac6-4230-b54d-0301d4b07f87,4d460d9c-673a-43fb-9d01-6b2182817dd9,c2,DROP,1021,e6,?,
1769494832.9285748,RECEIVED,c47d7d70-938a-4f9b-8b1a-d454319a5256,60e04d1d-d3dc-40c8-87ff-9addc2d0fd3a,c3,DROP,1019,e9,?,
1769494832.9406903,RECEIVED,4c7a63bd-9b0c-453e-836d-6f1c0071c567,af1bab8b-1dd6-4025-bbfc-892dab354b3d,c4,DROP,1015,e2,?,
1769494832.9875011,RECEIVED,ea74d781-d1c2-40a5-b522-652a9b82366c,f7e8b7cb-97c2-44b2-ad98-80404a7b9c87,c1,DROP,1012,e3,?,
1769494832.9976985,SENT,74201540-7ac6-4230-b54d-0301d4b07f87,4d460d9c-673a-43fb-9d01-6b2182817dd9,c2,DROP,691,?,x12,
1769494832.9977405,FORWARDED,74201540-7ac6-4230-b54d-0301d4b07f87,4d460d9c-673a-43fb-9d01-6b2182817dd9,c2,DROP,691,?,x12,
1769494833.069903,SENT,ea74d781-d1c2-40a5-b522-652a9b82366c,f7e8b7cb-97c2-44b2-ad98-80404a7b9c87,c1,DROP,687,?,x7,
1769494833.0699425,FORWARDED,ea74d781-d1c2-40a5-b522-652a9b82366c,f7e8b7cb-97c2-44b2-ad98-80404a7b9c87,c1,DROP,687,?,x7,
1769494833.0824409,RECEIVED,79ccdd40-7735-41b3-966b-d4ce9fca3e47,e7f70524-4bf7-45a6-8e15-c66c49d5a8ed,c4,DROP,1009,e6,?,
1769494833.1668532,SENT,79ccdd40-7735-41b3-966b-d4ce9fca3e47,e7f70524-4bf7-45a6-8e15-c66c49d5a8ed,c4,DROP,683,?,x6,
1769494833.1668944,FORWARDED,79ccdd40-7735-41b3-966b-d4ce9fca3e47,e7f70524-4bf7-45a6-8e15-c66c49d5a8ed,c4,DROP,683,?,x6,
1769494833.1723847,SENT,c47d7d70-938a-4f9b-8b1a-d454319a5256,60e04d1d-d3dc-40c8-87ff-9addc2d0fd3a,c3,DROP,692,?,x9,
1769494833.1724257,FORWARDED,c47d7d70-938a-4f9b-8b1a-d454319a5256,60e04d1d-d3dc-40c8-87ff-9addc2d0fd3a,c3,DROP,692,?,x9,
1769494833.2838426,SENT,bfde7fcb-fd09-4732-bead-48b7a07299fa,987ba846-5781-4ee4-8658-98d871175fac,c3,DROP,688,?,x7,
1769494833.2838814,FORWARDED,bfde7fcb-fd09-4732-bead-48b7a07299fa,987ba846-5781-4ee4-8658-98d871175fac,c3,DROP,688,?,x7,
1769494833.4516003,RECEIVED,dfdc222b-cac9-464a-996d-351656f8483f,58184dd5-dd87-41b2-9ec7-b75310c162be,c1,DROP,1016,e10,?,
1769494833.49118,SENT,dfdc222b-cac9-464a-996d-351656f8483f,58184dd5-dd87-41b2-9ec7-b75310c162be,c1,DROP,689,?,x5,
1769494833.49122,FORWARDED,dfdc222b-cac9-464a-996d-351656f8483f,58184dd5-dd87-41b2-9ec7-b75310c162be,c1,DROP,689,?,x5,
1769494833.7575052,RECEIVED,9c7b49e5-6507-48fc-bc61-7832a322c4c1,47def9b4-d5f9-40e3-9861-016b7ba9e074,c3,DROP,442,x7,?,
1769494833.8345945,RECEIVED,c39e46e4-793d-4594-9077-0066cd6e6bf9,8d53f0a6-0e1f-4bad-8c0f-dd6bf144af3a,c2,DROP,446,x5,?,
1769494833.8526337,RECEIVED,c424f762-b1c1-4f4c-bf0b-56ef9f5bf31a,81f7e029-d4e3-4323-bd93-8522c05a3d6c,c2,DROP,1020,e3,?,
1769494833.8597474,RECEIVED,21bb20c5-0b6a-4248-a975-bc11743f493b,486f8a35-2b34-4b30-a58e-bc4c057aa702,c2,c3,1785,e8,?,
1769494833.9035056,SENT,21bb20c5-0b6a-4248-a975-bc11743f493b,486f8a35-2b34-4b30-a58e-bc4c057aa702,c2,c3,1264,?,x12,
1769494833.9035482,FORWARDED,21bb20c5-0b6a-4248-a975-bc11743f493b,486f8a35-2b34-4b30-a58e-bc4c057aa702,c2,c3,1264,?,x12,
1769494833.98641,SENT,c424f762-b1c1-4f4c-bf0b-56ef9f5bf31a,81f7e029-d4e3-4323-bd93-8522c05a3d6c,c2,DROP,692,?,x5,
1769494833.9864523,FORWARDED,c424f762-b1c1-4f4c-bf0b-56ef9f5bf31a,81f7e029-d4e3-4323-bd93-8522c05a3d6c,c2,DROP,692,?,x5,
1769494834.1599736,RECEIVED,b7afa860-2a4f-4d49-9f26-91cf6f9b7eb5,11dd465d-ca1a-4f78-9449-ca6ce9e9b4cf,c3,DROP,446,x9,?,
1769494834.2617624,RECEIVED,e339e980-37a7-41b0-95be-e41daee10cc7,35d8cf5f-4794-4bc2-91cd-c0a65fa6387b,c2,DROP,1017,e2,?,
1769494834.3067105,SENT,e339e980-37a7-41b0-95be-e41daee10cc7,35d8cf5f-4794-4bc2-91cd-c0a65fa6387b,c2,DROP,690,?,x10,
1769494834.3067524,FORWARDED,e339e980-37a7-41b0-95be-e41daee10cc7,35d8cf5f-4794-4bc2-91cd-c0a65fa6387b,c2,DROP,690,?,x10,
1769494834.4670281,RECEIVED,edaf1050-76c9-40ce-998c-7f27471fd318,d4034ee8-e73a-4dbc-a9f8-5729c7e0eb1b,c1,DROP,1011,e10,?,
1769494834.648489,RECEIVED,1c1e3650-009b-4a3c-8d36-97d7ccb80819,46fe767e-9d76-45fe-bc88-87f201514775,c5,DROP,1007,e5,?,
1769494834.682362,RECEIVED,44b58bac-a25f-467d-8f2b-dafbdf2122da,0acd1fbf-06d5-457e-bc39-8882dbc6decf,c4,DROP,1015,e6,?,
1769494834.7801588,SENT,edaf1050-76c9-40ce-998c-7f27471fd318,d4034ee8-e73a-4dbc-a9f8-5729c7e0eb1b,c1,DROP,687,?,x6,
1769494834.7802005,FORWARDED,edaf1050-76c9-40ce-998c-7f27471fd318,d4034ee8-e73a-4dbc-a9f8-5729c7e0eb1b,c1,DROP,687,?,x6,
1769494834.8494115,SENT,44b58bac-a25f-467d-8f2b-dafbdf2122da,0acd1fbf-06d5-457e-bc39-8882dbc6decf,c4,DROP,688,?,x4,
1769494834.8494534,FORWARDED,44b58bac-a25f-467d-8f2b-dafbdf2122da,0acd1fbf-06d5-457e-bc39-8882dbc6decf,c4,DROP,688,?,x4,
1769494834.906345,RECEIVED,6e54bf1f-143b-4f3f-a562-d542d8c1efd1,899ad95a-bcf3-41d5-9628-45f06b3d5117,c1,DROP,442,x8,?,
1769494835.054466,SENT,1c1e3650-009b-4a3c-8d36-97d7ccb80819,46fe767e-9d76-45fe-bc88-87f201514775,c5,DROP,684,?,x5,
1769494835.0545096,FORWARDED,1c1e3650-009b-4a3c-8d36-97d7ccb80819,46fe767e-9d76-45fe-bc88-87f201514775,c5,DROP,684,?,x5,
1769494835.0668757,RECEIVED,ccc7106d-683c-4b82-af24-20313c019b14,1ddf9bcd-4ecb-42f3-901d-8fbbc3180425,c5,c2,1765,e11,?,
1769494835.1506746,RECEIVED,3e4a71cf-6ea3-4368-b81b-9b06ac22c390,f215a142-9ac3-425e-82a8-80987ef4d7de,c2,DROP,1018,e11,?,
1769494835.180569,SENT,4c7a63bd-9b0c-453e-836d-6f1c0071c567,af1bab8b-1dd6-4025-bbfc-892dab354b3d,c4,DROP,689,?,x11,
1769494835.1806116,FORWARDED,4c7a63bd-9b0c-453e-836d-6f1c0071c567,af1bab8b-1dd6-4025-bbfc-892dab354b3d,c4,DROP,689,?,x11,
1769494835.2006667,SENT,ccc7106d-683c-4b82-af24-20313c019b14,1ddf9bcd-4ecb-42f3-901d-8fbbc3180425,c5,c2,1251,?,x10,
1769494835.200771,FORWARDED,ccc7106d-683c-4b82-af24-20313c019b14,1ddf9bcd-4ecb-42f3-901d-8fbbc3180425,c5,c2,1251,?,x10,
1769494835.221081,RECEIVED,500cfda5-69e9-4e57-88fc-18123f2726a5,37bfa78e-3e14-4dd8-b4f2-02dbbbec79dc,c3,DROP,1008,e6,?,
1769494835.2546575,RECEIVED,6aa4b299-fcec-4188-b3e7-6d763e04fff0,b3929b3c-ea36-447b-a4d4-ec569008d1b6,c2,DROP,1007,e4,?,
1769494835.3371992,SENT,6aa4b299-fcec-4188-b3e7-6d763e04fff0,b3929b3c-ea36-447b-a4d4-ec569008d1b6,c2,DROP,683,?,x2,
1769494835.3372414,FORWARDED,6aa4b299-fcec-4188-b3e7-6d763e04fff0,b3929b3c-ea36-447b-a4d4-ec569008d1b6,c2,DROP,683,?,x2,
1769494835.383467,SENT,500cfda5-69e9-4e57-88fc-18123f2726a5,37bfa78e-3e14-4dd8-b4f2-02dbbbec79dc,c3,DROP,684,?,x2,
1769494835.3835092,FORWARDED,500cfda5-69e9-4e57-88fc-18123f2726a5,37bfa78e-3e14-4dd8-b4f2-02dbbbec79dc,c3,DROP,684,?,x2,
1769494835.3891382,RECEIVED,7effbe22-641b-4644-b9ab-8f7349c28683,68184a74-a938-4f01-82d3-3408c14d19d2,c1,DROP,1015,e6,?,
1769494836.2130368,SENT,7effbe22-641b-4644-b9ab-8f7349c28683,68184a74-a938-4f01-82d3-3408c14d19d2,c1,DROP,688,?,x1,
1769494836.2135239,FORWARDED,7effbe22-641b-4644-b9ab-8f7349c28683,68184a74-a938-4f01-82d3-3408c14d19d2,c1,DROP,688,?,x1,
1769494836.2462273,SENT,3e4a71cf-6ea3-4368-b81b-9b06ac22c390,f215a142-9ac3-425e-82a8-80987ef4d7de,c2,DROP,691,?,x5,
1769494836.2462673,FORWARDED,3e4a71cf-6ea3-4368-b81b-9b06ac22c390,f215a142-9ac3-425e-82a8-80987ef4d7de,c2,DROP,691,?,x5,
1769494836.3568053,RECEIVED,274a674d-5d73-4887-b0ce-c92fd87ee60a,6be98e1d-699c-4156-b3c7-02cb4fa93e9f,c4,DROP,1012,e9,?,
1769494836.4283752,RECEIVED,dbd3136a-b338-4f3f-ba05-749072270f25,9b638594-5a0e-4576-8ae3-6099dd123d0a,c2,DROP,1019,e3,?,
1769494836.46381,RECEIVED,6a9190bb-4340-4c0e-8d71-8f71b31c0873,4501eca1-447c-46a9-a67c-dcfa0b6adf1e,c5,c2,1764,e10,?,
1769494836.5343058,RECEIVED,d21873c2-173e-4355-8145-98b126de6f7c,e9dc8cfc-36d9-4fae-b8cd-48162845d531,c5,DROP,1011,e11,?,
1769494836.5348318,RECEIVED,2c615a62-2c0d-4a87-bd8b-13efc320b5bd,13a1823c-738a-4d65-8064-6f78aac59186,c4,c5,1764,e5,?,
1769494836.5633254,SENT,274a674d-5d73-4887-b0ce-c92fd87ee60a,6be98e1d-699c-4156-b3c7-02cb4fa93e9f,c4,DROP,687,?,x1,
1769494836.563367,FORWARDED,274a674d-5d73-4887-b0ce-c92fd87ee60a,6be98e1d-699c-4156-b3c7-02cb4fa93e9f,c4,DROP,687,?,x1,
1769494836.5752184,SENT,2c615a62-2c0d-4a87-bd8b-13efc320b5bd,13a1823c-738a-4d65-8064-6f78aac59186,c4,c5,1250,?,x8,
1769494836.575262,FORWARDED,2c615a62-2c0d-4a87-bd8b-13efc320b5bd,13a1823c-738a-4d65-8064-6f78aac59186,c4,c5,1250,?,x8,
1769494836.6429825,SENT,6a9190bb-4340-4c0e-8d71-8f71b31c0873,4501eca1-447c-46a9-a67c-dcfa0b6adf1e,c5,c2,1251,?,x2,
1769494836.6430268,FORWARDED,6a9190bb-4340-4c0e-8d71-8f71b31c0873,4501eca1-447c-46a9-a67c-dcfa0b6adf1e,c5,c2,1251,?,x2,
1769494836.677533,RECEIVED,0b4639f4-dc8c-4ffa-b257-e44ade817e4f,342dc91e-efda-4a0a-90b3-a464b3c5c62c,c5,DROP,1014,e6,?,
1769494836.82629,RECEIVED,9ac48b90-2564-4deb-aaa9-90c580117a05,bc4915cd-9f27-4ec8-b455-08f022842013,c4,DROP,442,x9,?,
1769494836.92722,RECEIVED,9029ac2a-3cbf-4e59-b573-d163c7effd46,2e16b48c-269b-439f-a257-b6d643f81227,c4,DROP,1016,e6,?,
1769494836.9605188,RECEIVED,551b0d15-08d0-42d1-ad44-b326c8500ebb,197a8420-fd6a-467c-83a4-bddcd86956dc,c4,c5,1775,e8,?,
1769494837.0676796,SENT,9029ac2a-3cbf-4e59-b573-d163c7effd46,2e16b48c-269b-439f-a257-b6d643f81227,c4,DROP,688,?,x2,
1769494837.0677207,FORWARDED,9029ac2a-3cbf-4e59-b573-d163c7effd46,2e16b48c-269b-439f-a257-b6d643f81227,c4,DROP,688,?,x2,
1769494837.2630901,SENT,551b0d15-08d0-42d1-ad44-b326c8500ebb,197a8420-fd6a-467c-83a4-bddcd86956dc,c4,c5,1260,?,x4,
1769494837.263141,FORWARDED,551b0d15-08d0-42d1-ad44-b326c8500ebb,197a8420-fd6a-467c-83a4-bddcd86956dc,c4,c5,1260,?,x4,
1769494837.3567011,RECEIVED,cc65e31f-8f7c-4028-a238-36d7a673bbd9,d9eaffdc-b485-467c-a779-5d858500f556,c5,DROP,1019,e5,?,
1769494837.400931,RECEIVED,84b2ac4a-8b45-4bc7-a9d7-8fefb2555064,23f65ead-259c-43df-a537-0c1665358b76,c1,DROP,1011,e7,?,
1769494837.496556,RECEIVED,ef51fb7c-8a94-4e1e-b2bf-b5795ba085af,46890b12-a8f3-4d72-9100-4b0e9fb4acf6,c2,DROP,1014,e11,?,
1769494837.5990746,RECEIVED,2fc0eb37-a929-4367-a9e0-47266f54f17d,4a99c4ee-6b69-4470-aa69-e9389234fd5e,c1,c5,1783,e11,?,
1769494837.664137,RECEIVED,dadb041c-813d-4e28-b856-16bcf74cae25,45e316ab-f1b6-4e75-909d-9de02795ecb7,c2,DROP,1019,e4,?,
1769494837.7432675,RECEIVED,daa4c697-9bec-493e-b107-efe3947b0321,d9eed680-ffcc-4b3f-b8c8-6091c64c38d1,c3,DROP,441,x11,?,
1769494837.767686,SENT,ef51fb7c-8a94-4e1e-b2bf-b5795ba085af,46890b12-a8f3-4d72-9100-4b0e9fb4acf6,c2,DROP,690,?,x10,
1769494837.7677298,FORWARDED,ef51fb7c-8a94-4e1e-b2bf-b5795ba085af,46890b12-a8f3-4d72-9100-4b0e9fb4acf6,c2,DROP,690,?,x10,
1769494837.9212217,SENT,d21873c2-173e-4355-8145-98b126de6f7c,e9dc8cfc-36d9-4fae-b8cd-48162845d531,c5,DROP,687,?,x6,
1769494837.9212642,FORWARDED,d21873c2-173e-4355-8145-98b126de6f7c,e9dc8cfc-36d9-4fae-b8cd-48162845d531,c5,DROP,687,?,x6,
1769494837.927692,RECEIVED,42e35bf7-9879-4775-8e4a-db8dddac211c,9f097fb6-b750-4d4d-b65f-2a1fd872aa0e,c3,DROP,442,x8,?,
1769494837.962027,SENT,2fc0eb37-a929-4367-a9e0-47266f54f17d,4a99c4ee-6b69-4470-aa69-e9389234fd5e,c1,c5,1264,?,x2,
1769494837.9620762,FORWARDED,2fc0eb37-a929-4367-a9e0-47266f54f17d,4a99c4ee-6b69-4470-aa69-e9389234fd5e,c1,c5,1264,?,x2,
1769494838.1125438,SENT,dbd3136a-b338-4f3f-ba05-749072270f25,9b638594-5a0e-4576-8ae3-6099dd123d0a,c2,DROP,693,?,x9,
1769494838.1125834,FORWARDED,dbd3136a-b338-4f3f-ba05-749072270f25,9b638594-5a0e-4576-8ae3-6099dd123d0a,c2,DROP,693,?,x9,
1769494838.1434875,SENT,cc65e31f-8f7c-4028-a238-36d7a673bbd9,d9eaffdc-b485-467c-a779-5d858500f556,c5,DROP,692,?,x8,
1769494838.1435297,FORWARDED,cc65e31f-8f7c-4028-a238-36d7a673bbd9,d9eaffdc-b485-467c-a779-5d858500f556,c5,DROP,692,?,x8,
1769494838.1563659,RECEIVED,cf6e0573-e388-427b-a83c-115cc933e627,25b48158-62a9-4433-83b7-e4af516a88ac,c2,DROP,446,x12,?,
1769494838.1639152,SENT,0b4639f4-dc8c-4ffa-b257-e44ade817e4f,342dc91e-efda-4a0a-90b3-a464b3c5c62c,c5,DROP,689,?,x9,
1769494838.1639583,FORWARDED,0b4639f4-dc8c-4ffa-b257-e44ade817e4f,342dc91e-efda-4a0a-90b3-a464b3c5c62c,c5,DROP,689,?,x9,
1769494838.2897153,SENT,dadb041c-813d-4e28-b856-16bcf74cae25,45e316ab-f1b6-4e75-909d-9de02795ecb7,c2,DROP,692,?,x8,
1769494838.2897618,FORWARDED,dadb041c-813d-4e28-b856-16bcf74cae25,45e316ab-f1b6-4e75-909d-9de02795ecb7,c2,DROP,692,?,x8,
1769494838.3261867,SENT,84b2ac4a-8b45-4bc7-a9d7-8fefb2555064,23f65ead-259c-43df-a537-0c1665358b76,c1,DROP,687,?,x7,
1769494838.3262274,FORWARDED,84b2ac4a-8b45-4bc7-a9d7-8fefb2555064,23f65ead-259c-43df-a537-0c1665358b76,c1,DROP,687,?,x7,
1769494838.4884098,RECEIVED,8d35ad6e-604b-44e8-abfe-853a6946e6c6,47c6a3e0-ffb4-41d6-b010-2f1918d626c8,c2,DROP,1006,e7,?,
1769494838.5113342,RECEIVED,5b609dbe-fb21-4d0b-850e-2e095bff2c9d,0aba95d9-30d0-4920-9515-6d248e10e149,c3,DROP,1006,e2,?,
1769494838.5233388,RECEIVED,e8ad49d0-02ad-423b-b707-5233a4464149,c6abe017-2abe-4d03-8031-5acc443b4535,c4,DROP,1019,e7,?,
1769494838.5728304,SENT,8d35ad6e-604b-44e8-abfe-853a6946e6c6,47c6a3e0-ffb4-41d6-b010-2f1918d626c8,c2,DROP,684,?,x3,
1769494838.5728714,FORWARDED,8d35ad6e-604b-44e8-abfe-853a6946e6c6,47c6a3e0-ffb4-41d6-b010-2f1918d626c8,c2,DROP,684,?,x3,
1769494838.610716,RECEIVED,4b036ad7-98e7-48fe-94f2-48ae7389463a,1df47327-44ea-4811-91da-ae13173cc0b6,c1,DROP,1012,e5,?,
1769494838.7521198,RECEIVED,4ef4b386-ef94-4551-b295-37421162f576,a3f4e5d1-1d41-43c4-ae2a-d51f1fb697b0,c5,DROP,1020,e2,?,
1769494838.8224561,RECEIVED,b666dc17-8e5c-46e6-81e4-555fba572789,7dc11608-c55c-4782-bad1-3dad35cd0c82,c4,DROP,1018,e5,?,
1769494838.8808153,RECEIVED,def53b4a-49a7-4b43-9077-0566b2d30edc,152064f9-831b-4b76-860e-6b056ed6db00,c3,c5,1775,e6,?,
1769494838.9219203,RECEIVED,6f94f92c-b68b-4a2c-863b-878d47d7f48a,3b27ef1e-8edb-4660-b9cb-6175d760a15a,c3,c5,1776,e4,?,
1769494838.9643734,RECEIVED,efaa79dc-e6f0-478d-9062-ed85c68a6c83,2edbcdc3-5a8c-4794-ada3-d7242b7d1288,c3,DROP,1012,e11,?,
1769494839.0656028,SENT,def53b4a-49a7-4b43-9077-0566b2d30edc,152064f9-831b-4b76-860e-6b056ed6db00,c3,c5,1259,?,x1,
1769494839.0656452,FORWARDED,def53b4a-49a7-4b43-9077-0566b2d30edc,152064f9-831b-4b76-860e-6b056ed6db00,c3,c5,1259,?,x1,
1769494839.1378736,SENT,efaa79dc-e6f0-478d-9062-ed85c68a6c83,2edbcdc3-5a8c-4794-ada3-d7242b7d1288,c3,DROP,687,?,x3,
1769494839.1379151,FORWARDED,efaa79dc-e6f0-478d-9062-ed85c68a6c83,2edbcdc3-5a8c-4794-ada3-d7242b7d1288,c3,DROP,687,?,x3,
1769494839.1475413,SENT,6f94f92c-b68b-4a2c-863b-878d47d7f48a,3b27ef1e-8edb-4660-b9cb-6175d760a15a,c3,c5,1259,?,x7,
1769494839.1475933,FORWARDED,6f94f92c-b68b-4a2c-863b-878d47d7f48a,3b27ef1e-8edb-4660-b9cb-6175d760a15a,c3,c5,1259,?,x7,
1769494839.1502044,SENT,4b036ad7-98e7-48fe-94f2-48ae7389463a,1df47327-44ea-4811-91da-ae13173cc0b6,c1,DROP,687,?,x10,
1769494839.1502433,FORWARDED,4b036ad7-98e7-48fe-94f2-48ae7389463a,1df47327-44ea-4811-91da-ae13173cc0b6,c1,DROP,687,?,x10,
1769494839.169084,RECEIVED,e5bf475a-0594-4896-94d6-3b093fc9919c,e51cf3fa-43e7-4dd3-aceb-cbc4195a7b11,c3,DROP,1017,e6,?,
1769494839.2249782,RECEIVED,f404cce9-98a6-4dc5-b7a9-3a7c60c9bead,a1d1844e-a38a-44f7-a3ff-5a2ad2338948,c4,DROP,1011,e6,?,
1769494839.2281294,SENT,4ef4b386-ef94-4551-b295-37421162f576,a3f4e5d1-1d41-43c4-ae2a-d51f1fb697b0,c5,DROP,692,?,x10,
1769494839.2281668,FORWARDED,4ef4b386-ef94-4551-b295-37421162f576,a3f4e5d1-1d41-43c4-ae2a-d51f1fb697b0,c5,DROP,692,?,x10,
1769494839.2621222,SENT,e5bf475a-0594-4896-94d6-3b093fc9919c,e51cf3fa-43e7-4dd3-aceb-cbc4195a7b11,c3,DROP,688,?,x11,
1769494839.2621646,FORWARDED,e5bf475a-0594-4896-94d6-3b093fc9919c,e51cf3fa-43e7-4dd3-aceb-cbc4195a7b11,c3,DROP,688,?,x11,
1769494839.2980409,RECEIVED,305bd242-ec35-4a97-9e14-b589d18c45b1,19c701ef-84c0-42a1-aa39-0f79297f6e3f,c1,DROP,441,x6,?,
1769494839.4615293,RECEIVED,900ebfa4-a239-41e3-a295-c5b8048796bd,5713b90b-2a9a-44f2-9733-057f4526f50d,c2,DROP,1015,e5,?,
1769494839.6834502,RECEIVED,0e08409d-b5f7-41f6-a69f-832efc084e67,8692120d-be18-40ba-b235-2b9447425e6b,c5,DROP,1022,e4,?,
1769494839.696988,RECEIVED,1d0b1606-6b1b-41b9-af66-687abf140fda,cf66869e-adb0-48be-9b1b-b4719f64c9e6,c1,DROP,1017,e8,?,
1769494839.703271,SENT,f404cce9-98a6-4dc5-b7a9-3a7c60c9bead,a1d1844e-a38a-44f7-a3ff-5a2ad2338948,c4,DROP,685,?,x4,
1769494839.7033153,FORWARDED,f404cce9-98a6-4dc5-b7a9-3a7c60c9bead,a1d1844e-a38a-44f7-a3ff-5a2ad2338948,c4,DROP,685,?,x4,
1769494839.7157116,RECEIVED,5db6d85f-1984-49ab-819b-e9f484eac183,76dbfe0a-2f60-4eef-a3fd-da35d04662bc,c5,DROP,1016,e1,?,
1769494839.7176394,SENT,0e08409d-b5f7-41f6-a69f-832efc084e67,8692120d-be18-40ba-b235-2b9447425e6b,c5,DROP,692,?,x11,
1769494839.71768,FORWARDED,0e08409d-b5f7-41f6-a69f-832efc084e67,8692120d-be18-40ba-b235-2b9447425e6b,c5,DROP,692,?,x11,
1769494839.720315,SENT,1d0b1606-6b1b-41b9-af66-687abf140fda,cf66869e-adb0-48be-9b1b-b4719f64c9e6,c1,DROP,688,?,x7,
1769494839.7203543,FORWARDED,1d0b1606-6b1b-41b9-af66-687abf140fda,cf66869e-adb0-48be-9b1b-b4719f64c9e6,c1,DROP,688,?,x7,
1769494839.884722,RECEIVED,cebef5eb-d3dd-47c9-86bd-954d4200eff1,9c1974d2-ed1a-4196-8be5-caebe196e9bd,c2,DROP,1020,e12,?,
1769494839.9855268,SENT,cebef5eb-d3dd-47c9-86bd-954d4200eff1,9c1974d2-ed1a-4196-8be5-caebe196e9bd,c2,DROP,693,?,x1,
1769494839.9855688,FORWARDED,cebef5eb-d3dd-47c9-86bd-954d4200eff1,9c1974d2-ed1a-4196-8be5-caebe196e9bd,c2,DROP,693,?,x1,
1769494840.0474968,SENT,5b609dbe-fb21-4d0b-850e-2e095bff2c9d,0aba95d9-30d0-4920-9515-6d248e10e149,c3,DROP,684,?,x5,
1769494840.0475373,FORWARDED,5b609dbe-fb21-4d0b-850e-2e095bff2c9d,0aba95d9-30d0-4920-9515-6d248e10e149,c3,DROP,684,?,x5,
1769494840.06121,SENT,900ebfa4-a239-41e3-a295-c5b8048796bd,5713b90b-2a9a-44f2-9733-057f4526f50d,c2,DROP,688,?,x1,
1769494840.06125,FORWARDED,900ebfa4-a239-41e3-a295-c5b8048796bd,5713b90b-2a9a-44f2-9733-057f4526f50d,c2,DROP,688,?,x1,
1769494840.2004158,SENT,e8ad49d0-02ad-423b-b707-5233a4464149,c6abe017-2abe-4d03-8031-5acc443b4535,c4,DROP,693,?,x7,
1769494840.2004554,FORWARDED,e8ad49d0-02ad-423b-b707-5233a4464149,c6abe017-2abe-4d03-8031-5acc443b4535,c4,DROP,693,?,x7,
1769494840.2022781,RECEIVED,866fd2c0-cb1e-4ccc-8c4b-c1e1af3ac342,c3e38b5d-e09a-4bf2-88e5-0bf3bc10a564,c2,DROP,447,x11,?,
1769494840.2577488,SENT,b666dc17-8e5c-46e6-81e4-555fba572789,7dc11608-c55c-4782-bad1-3dad35cd0c82,c4,DROP,693,?,x10,
1769494840.257791,FORWARDED,b666dc17-8e5c-46e6-81e4-555fba572789,7dc11608-c55c-4782-bad1-3dad35cd0c82,c4,DROP,693,?,x10,
1769494840.341187,RECEIVED,a0c67a85-a8aa-4334-9767-ee978b6a15c5,882bafbf-b639-49e7-8db9-b9b74b71e045,c2,DROP,445,x6,?,
1769494840.636402,RECEIVED,2f8eb709-434f-4c52-b784-83634cb7fceb,5b46f1fe-fd44-4612-b711-4d2c046f135c,c3,DROP,1009,e3,?,
1769494840.7203581,RECEIVED,4a46fc10-4dfc-423b-b306-0cb9330fe604,c7c32a26-e48d-4774-8311-8793d3c93399,c4,DROP,441,x1,?,
1769494840.7578032,SENT,5db6d85f-1984-49ab-819b-e9f484eac183,76dbfe0a-2f60-4eef-a3fd-da35d04662bc,c5,DROP,688,?,x11,
1769494840.7578645,FORWARDED,5db6d85f-1984-49ab-819b-e9f484eac183,76dbfe0a-2f60-4eef-a3fd-da35d04662bc,c5,DROP,688,?,x11,
1769494840.8417656,SENT,2f8eb709-434f-4c52-b784-83634cb7fceb,5b46f1fe-fd44-4612-b711-4d2c046f135c,c3,DROP,684,?,x12,
1769494840.8418071,FORWARDED,2f8eb709-434f-4c52-b784-83634cb7fceb,5b46f1fe-fd44-4612-b711-4d2c046f135c,c3,DROP,684,?,x12,
1769494840.9462886,RECEIVED,c0962c97-9932-40d3-91aa-4e603aa33d9c,e142dcaf-885b-4e28-aa4a-1835cfa1efe7,c4,DROP,1019,e12,?,
1769494840.9619472,RECEIVED,df6ffd3e-13b3-4019-8d05-9c9bad5fa2a3,1b2395c1-94a7-41d5-b60b-62d721d03871,c2,DROP,1017,e9,?,
1769494840.9771082,RECEIVED,cd4503be-8797-4976-9d7d-095431e588ac,222ca236-a4e4-490d-85b1-ae410a498f11,c2,DROP,1020,e6,?,
1769494841.1541817,RECEIVED,facad342-9125-4712-82bd-f2a091162667,340bf3dd-68bf-4cf5-8a3d-131cc34737db,c5,DROP,1016,e9,?,
1769494841.1900573,SENT,df6ffd3e-13b3-4019-8d05-9c9bad5fa2a3,1b2395c1-94a7-41d5-b60b-62d721d03871,c2,DROP,689,?,x12,
1769494841.1901,FORWARDED,df6ffd3e-13b3-4019-8d05-9c9bad5fa2a3,1b2395c1-94a7-41d5-b60b-62d721d03871,c2,DROP,689,?,x12,
1769494841.7538588,RECEIVED,9d3d033f-bc1a-47c2-ad23-2ea0f19b748a,0933ab1e-9b06-40ef-a09e-cb6b7c74959a,c3,DROP,1006,e8,?,
1769494841.8195362,SENT,cd4503be-8797-4976-9d7d-095431e588ac,222ca236-a4e4-490d-85b1-ae410a498f11,c2,DROP,692,?,x11,
1769494841.8195782,FORWARDED,cd4503be-8797-4976-9d7d-095431e588ac,222ca236-a4e4-490d-85b1-ae410a498f11,c2,DROP,692,?,x11,
1769494841.8390589,RECEIVED,bf715623-92ab-4710-ae08-4760525e25ff,97560a52-4825-465a-9ba4-e42e1e0c2f10,c4,DROP,1021,e4,?,
1769494841.8465543,RECEIVED,4f804f64-6bda-4e93-ba24-047cb4a727c9,983d88d7-661e-43ee-af3f-300edb6f6ce3,c1,c5,1763,e7,?,
1769494841.852061,RECEIVED,9acac6b5-7e10-4e5d-9348-43062b8e386f,6dcb7a74-ac0f-4473-ba2b-09d827b89e01,c2,DROP,1007,e4,?,
1769494841.9468298,SENT,bf715623-92ab-4710-ae08-4760525e25ff,97560a52-4825-465a-9ba4-e42e1e0c2f10,c4,DROP,693,?,x10,
1769494841.9468713,FORWARDED,bf715623-92ab-4710-ae08-4760525e25ff,97560a52-4825-465a-9ba4-e42e1e0c2f10,c4,DROP,693,?,x10,
1769494842.0673866,SENT,facad342-9125-4712-82bd-f2a091162667,340bf3dd-68bf-4cf5-8a3d-131cc34737db,c5,DROP,688,?,x11,
1769494842.0674706,FORWARDED,facad342-9125-4712-82bd-f2a091162667,340bf3dd-68bf-4cf5-8a3d-131cc34737db,c5,DROP,688,?,x11,
1769494842.1000845,RECEIVED,c4627d45-24f3-48d6-885c-7a8b05d4da73,86260dcf-fd27-4b37-92ef-1802440407e4,c3,DROP,1006,e4,?,
1769494842.1075149,SENT,c0962c97-9932-40d3-91aa-4e603aa33d9c,e142dcaf-885b-4e28-aa4a-1835cfa1efe7,c4,DROP,692,?,x8,
1769494842.1075516,FORWARDED,c0962c97-9932-40d3-91aa-4e603aa33d9c,e142dcaf-885b-4e28-aa4a-1835cfa1efe7,c4,DROP,692,?,x8,
1769494842.2131512,SENT,4f804f64-6bda-4e93-ba24-047cb4a727c9,983d88d7-661e-43ee-af3f-300edb6f6ce3,c1,c5,1251,?,x7,
1769494842.213526,FORWARDED,4f804f64-6bda-4e93-ba24-047cb4a727c9,983d88d7-661e-43ee-af3f-300edb6f6ce3,c1,c5,1251,?,x7,
1769494842.2987545,SENT,9d3d033f-bc1a-47c2-ad23-2ea0f19b748a,0933ab1e-9b06-40ef-a09e-cb6b7c74959a,c3,DROP,684,?,x3,
1769494842.2988083,FORWARDED,9d3d033f-bc1a-47c2-ad23-2ea0f19b748a,0933ab1e-9b06-40ef-a09e-cb6b7c74959a,c3,DROP,684,?,x3,
1769494842.4611287,RECEIVED,27ac2282-adc0-42e0-bca9-59db7ef0ceca,1a5ffb63-9bb5-496d-97f8-8cc28e5060ef,c1,DROP,1008,e9,?,
1769494842.5792718,SENT,27ac2282-adc0-42e0-bca9-59db7ef0ceca,1a5ffb63-9bb5-496d-97f8-8cc28e5060ef,c1,DROP,684,?,x8,
1769494842.5793135,FORWARDED,27ac2282-adc0-42e0-bca9-59db7ef0ceca,1a5ffb63-9bb5-496d-97f8-8cc28e5060ef,c1,DROP,684,?,x8,
1769494842.621379,RECEIVED,2b8d8e53-89be-4685-99ce-2f05083ed0cf,547924bc-686a-4407-ba21-2726cc23fdc6,c2,DROP,1008,e5,?,
1769494842.720116,SENT,c4627d45-24f3-48d6-885c-7a8b05d4da73,86260dcf-fd27-4b37-92ef-1802440407e4,c3,DROP,684,?,x3,
1769494842.7201576,FORWARDED,c4627d45-24f3-48d6-885c-7a8b05d4da73,86260dcf-fd27-4b37-92ef-1802440407e4,c3,DROP,684,?,x3,
1769494842.8221366,SENT,2b8d8e53-89be-4685-99ce-2f05083ed0cf,547924bc-686a-4407-ba21-2726cc23fdc6,c2,DROP,684,?,x6,
1769494842.8223462,FORWARDED,2b8d8e53-89be-4685-99ce-2f05083ed0cf,547924bc-686a-4407-ba21-2726cc23fdc6,c2,DROP,684,?,x6,
1769494842.8851774,SENT,9acac6b5-7e10-4e5d-9348-43062b8e386f,6dcb7a74-ac0f-4473-ba2b-09d827b89e01,c2,DROP,684,?,x7,
1769494842.8852181,FORWARDED,9acac6b5-7e10-4e5d-9348-43062b8e386f,6dcb7a74-ac0f-4473-ba2b-09d827b89e01,c2,DROP,684,?,x7,
1769494843.0252235,RECEIVED,4c62afd9-ec88-4a82-ab6b-c449048dfb96,0cee2792-2625-409e-ac4d-b86698054500,c3,DROP,442,x1,?,
1769494843.1247652,RECEIVED,501f04bf-8357-48dc-80af-454c363ac28b,41ae8544-1579-4dc2-b5ba-4086d82bfb8d,c2,DROP,442,x12,?,
1769494843.3652182,RECEIVED,5bc2a23d-b043-4e9d-87ef-6c17a34b9bbd,0e717fad-bcab-4d53-88b4-ec88d40d54e9,c1,DROP,1019,e10,?,
1769494843.4684284,RECEIVED,5ef9729a-5c7d-470a-b5d8-26fa8b9bfbd3,d6f698bf-7ef3-48a9-ae9a-eae0ed0d54a0,c3,c5,1782,e9,?,
1769494843.5701213,SENT,5ef9729a-5c7d-470a-b5d8-26fa8b9bfbd3,d6f698bf-7ef3-48a9-ae9a-eae0ed0d54a0,c3,c5,1263,?,x11,
1769494843.5701659,FORWARDED,5ef9729a-5c7d-470a-b5d8-26fa8b9bfbd3,d6f698bf-7ef3-48a9-ae9a-eae0ed0d54a0,c3,c5,1263,?,x11,
1769494843.7081945,RECEIVED,5f1b62fa-08a8-4b79-8426-87c6185e791a,8416b8b9-9a71-4514-9d41-e84e6e3ec8f2,c5,DROP,445,x9,?,
1769494843.8222163,RECEIVED,b16e3e36-911f-4757-84e9-2984a46c9877,1e45495b-fb35-4935-84d6-7510b80dbd60,c2,DROP,1007,e10,?,
1769494843.953541,RECEIVED,61f7b9ef-b6c2-420e-ac1b-1a3a16d20c17,49a35860-e747-426f-803d-2a2a39974dd0,c1,DROP,442,x5,?,
1769494844.1395001,SENT,5bc2a23d-b043-4e9d-87ef-6c17a34b9bbd,0e717fad-bcab-4d53-88b4-ec88d40d54e9,c1,DROP,691,?,x5,
1769494844.1395435,FORWARDED,5bc2a23d-b043-4e9d-87ef-6c17a34b9bbd,0e717fad-bcab-4d53-88b4-ec88d40d54e9,c1,DROP,691,?,x5,
1769494844.1708994,RECEIVED,7cf0afa8-d89b-4e24-a31d-b51e580662e4,c60d5308-b264-48d3-a5d5-1a26f3433a4a,c2,DROP,445,x12,?,
1769494844.191366,RECEIVED,d2ae52e0-e2d8-4a52-ad35-62bd18d39333,95046c4e-7ffc-4ef4-a392-1d15c88e305d,c4,DROP,1007,e3,?,
1769494844.2488325,RECEIVED,46251007-f01d-4674-9b29-53c21d217e7e,852ad6cb-cb99-4b4d-a7b3-f5fb93fb6e13,c5,DROP,1020,e7,?,
1769494844.2527468,RECEIVED,ced588c7-2541-4880-86c9-fb8647e230b7,836e9e7c-f86d-4141-8694-7135c4f10763,c4,c5,1776,e1,?,
1769494844.260459,RECEIVED,3086a2b1-05c7-4c11-bd1e-2d0f302e3fd1,50628098-943d-4d54-8370-17b355e02268,c3,DROP,1020,e1,?,
1769494844.3037486,SENT,46251007-f01d-4674-9b29-53c21d217e7e,852ad6cb-cb99-4b4d-a7b3-f5fb93fb6e13,c5,DROP,692,?,x11,
1769494844.3037915,FORWARDED,46251007-f01d-4674-9b29-53c21d217e7e,852ad6cb-cb99-4b4d-a7b3-f5fb93fb6e13,c5,DROP,692,?,x11,
1769494844.351139,RECEIVED,d0c9d634-9fe3-404e-b006-fe325019d9e1,9cbbc647-047d-4d2b-b041-dc33849197a3,c3,DROP,1015,e9,?,
1769494844.35626,SENT,ced588c7-2541-4880-86c9-fb8647e230b7,836e9e7c-f86d-4141-8694-7135c4f10763,c4,c5,1259,?,x5,
1769494844.3566775,FORWARDED,ced588c7-2541-4880-86c9-fb8647e230b7,836e9e7c-f86d-4141-8694-7135c4f10763,c4,c5,1259,?,x5,
1769494844.459615,RECEIVED,da2f9738-c026-4134-9daa-4c5269afbb5e,08cfafcd-b398-4701-b8b0-966b7a050937,c2,c3,1780,e11,?,
1769494844.5513275,RECEIVED,9806bebd-c73f-4ea8-ab76-c5a78d7bb67e,dfe0eea7-9233-4ad1-9c6a-dbf34a546770,c4,DROP,442,x8,?,
1769494844.584645,RECEIVED,9cac6146-2d40-4767-8ae9-2971ed26671c,6f9c2dac-5e16-42a4-8dda-76067bd6d96d,c5,c2,1767,e2,?,
1769494844.6076584,SENT,da2f9738-c026-4134-9daa-4c5269afbb5e,08cfafcd-b398-4701-b8b0-966b7a050937,c2,c3,1263,?,x4,
1769494844.6076994,FORWARDED,da2f9738-c026-4134-9daa-4c5269afbb5e,08cfafcd-b398-4701-b8b0-966b7a050937,c2,c3,1263,?,x4,
1769494844.6199355,SENT,d2ae52e0-e2d8-4a52-ad35-62bd18d39333,95046c4e-7ffc-4ef4-a392-1d15c88e305d,c4,DROP,684,?,x6,
1769494844.619978,FORWARDED,d2ae52e0-e2d8-4a52-ad35-62bd18d39333,95046c4e-7ffc-4ef4-a392-1d15c88e305d,c4,DROP,684,?,x6,
1769494844.7041757,RECEIVED,858ed19a-836a-481d-ba1b-52fe37255dfd,5ce0f705-70e4-48fc-a6fb-18ae583a3395,c2,DROP,446,x6,?,
1769494844.7201161,RECEIVED,2bc99018-5e8e-46d6-9c52-75e6343fa15f,dae4831a-8a95-4e96-b620-4420308553d1,c3,c5,1781,e8,?,
1769494844.804366,SENT,2bc99018-5e8e-46d6-9c52-75e6343fa15f,dae4831a-8a95-4e96-b620-4420308553d1,c3,c5,1262,?,x10,
1769494844.8044062,FORWARDED,2bc99018-5e8e-46d6-9c52-75e6343fa15f,dae4831a-8a95-4e96-b620-4420308553d1,c3,c5,1262,?,x10,
1769494844.8973172,RECEIVED,0933c2b4-3daa-4868-a9e9-63fb491492a5,12c1c95e-5ab1-4a81-b628-ad1985253196,c2,DROP,1008,e5,?,
1769494844.9753032,RECEIVED,b377fcbc-7cc7-4e8e-a264-715c4b49cc27,67413ea4-3f1a-438e-b86e-b0ac8da2880f,c2,c3,1780,e9,?,
1769494844.9799788,SENT,b16e3e36-911f-4757-84e9-2984a46c9877,1e45495b-fb35-4935-84d6-7510b80dbd60,c2,DROP,683,?,x3,
1769494844.9800184,FORWARDED,b16e3e36-911f-4757-84e9-2984a46c9877,1e45495b-fb35-4935-84d6-7510b80dbd60,c2,DROP,683,?,x3,
1769494845.019957,RECEIVED,aef94401-cf44-4b3d-ac09-68cdddbbba00,d4ac93dc-50fe-49ae-8a39-0dec2048325f,c5,DROP,446,x11,?,
1769494845.1465394,RECEIVED,fc278d68-37e1-4c96-a7c4-75fa5fe2806c,22e33a58-2a71-4610-bb85-cb90e558f884,c2,DROP,444,x5,?,
1769494845.267812,RECEIVED,e9afc7c4-55bb-4512-a3c2-88534b998d20,bc729000-2934-44de-b769-19123f6edeb5,c1,DROP,1006,e10,?,
1769494845.332008,SENT,0933c2b4-3daa-4868-a9e9-63fb491492a5,12c1c95e-5ab1-4a81-b628-ad1985253196,c2,DROP,684,?,x8,
1769494845.332057,FORWARDED,0933c2b4-3daa-4868-a9e9-63fb491492a5,12c1c95e-5ab1-4a81-b628-ad1985253196,c2,DROP,684,?,x8,
1769494845.3604953,SENT,d0c9d634-9fe3-404e-b006-fe325019d9e1,9cbbc647-047d-4d2b-b041-dc33849197a3,c3,DROP,689,?,x7,
1769494845.3605473,FORWARDED,d0c9d634-9fe3-404e-b006-fe325019d9e1,9cbbc647-047d-4d2b-b041-dc33849197a3,c3,DROP,689,?,x7,
1769494845.3852413,SENT,b377fcbc-7cc7-4e8e-a264-715c4b49cc27,67413ea4-3f1a-438e-b86e-b0ac8da2880f,c2,c3,1262,?,x4,
1769494845.385284,FORWARDED,b377fcbc-7cc7-4e8e-a264-715c4b49cc27,67413ea4-3f1a-438e-b86e-b0ac8da2880f,c2,c3,1262,?,x4,
1769494845.4976478,RECEIVED,3428a853-21bc-41d3-8703-2661da662d08,7df2625f-46d7-494d-9fa3-e6fb5774a893,c1,DROP,442,x6,?,
1769494845.6153405,RECEIVED,2559a057-1503-459b-8885-9570a2bfd563,dd8db272-87fa-476b-ad79-f8c881f6e0c4,c5,DROP,1021,e5,?,
1769494845.627989,SENT,3086a2b1-05c7-4c11-bd1e-2d0f302e3fd1,50628098-943d-4d54-8370-17b355e02268,c3,DROP,691,?,x12,
1769494845.6280303,FORWARDED,3086a2b1-05c7-4c11-bd1e-2d0f302e3fd1,50628098-943d-4d54-8370-17b355e02268,c3,DROP,691,?,x12,
1769494845.7058258,RECEIVED,d92bae64-69f5-4f54-b381-f1adb0d7f803,3952240f-2485-4a79-9a36-ba168a5fefd7,c4,DROP,1020,e12,?,
1769494845.765533,RECEIVED,d9423a78-6d71-40c8-9e16-86d80620dc0b,e56b87bd-0c38-4c66-8c2d-3ce827220970,c4,DROP,1007,e1,?,
1769494845.7806065,RECEIVED,fccd94aa-827c-40d3-81c1-0b0a2561ec28,6eb2b2f2-a862-4e62-aeae-370a7a6a9694,c3,c5,1763,e8,?,
1769494845.786567,RECEIVED,ac849023-80c5-4a65-8c84-801d924bb917,83b672c0-46ee-4d1b-807c-dc0b2aaa6bad,c1,DROP,445,x10,?,
1769494845.8074677,SENT,e9afc7c4-55bb-4512-a3c2-88534b998d20,bc729000-2934-44de-b769-19123f6edeb5,c1,DROP,684,?,x9,
1769494845.8075094,FORWARDED,e9afc7c4-55bb-4512-a3c2-88534b998d20,bc729000-2934-44de-b769-19123f6edeb5,c1,DROP,684,?,x9,
1769494845.8898387,RECEIVED,48bef948-cd47-47d9-91d8-7baadf29ad1f,4aafca44-9e69-487c-9994-b3d2a82dfbb2,c1,DROP,1016,e1,?,
1769494845.918681,SENT,2559a057-1503-459b-8885-9570a2bfd563,dd8db272-87fa-476b-ad79-f8c881f6e0c4,c5,DROP,692,?,x10,
1769494845.9189076,FORWARDED,2559a057-1503-459b-8885-9570a2bfd563,dd8db272-87fa-476b-ad79-f8c881f6e0c4,c5,DROP,692,?,x10,
1769494845.9512255,SENT,fccd94aa-827c-40d3-81c1-0b0a2561ec28,6eb2b2f2-a862-4e62-aeae-370a7a6a9694,c3,c5,1251,?,x4,
1769494845.9512691,FORWARDED,fccd94aa-827c-40d3-81c1-0b0a2561ec28,6eb2b2f2-a862-4e62-aeae-370a7a6a9694,c3,c5,1251,?,x4,
1769494845.9736483,SENT,d92bae64-69f5-4f54-b381-f1adb0d7f803,3952240f-2485-4a79-9a36-ba168a5fefd7,c4,DROP,691,?,x6,
1769494845.9736862,FORWARDED,d92bae64-69f5-4f54-b381-f1adb0d7f803,3952240f-2485-4a79-9a36-ba168a5fefd7,c4,DROP,691,?,x6,
1769494846.0113287,SENT,48bef948-cd47-47d9-91d8-7baadf29ad1f,4aafca44-9e69-487c-9994-b3d2a82dfbb2,c1,DROP,688,?,x3,
1769494846.0113683,FORWARDED,48bef948-cd47-47d9-91d8-7baadf29ad1f,4aafca44-9e69-487c-9994-b3d2a82dfbb2,c1,DROP,688,?,x3,
1769494846.1679304,RECEIVED,9189348a-6d14-4f0d-a1cb-3d622fd52bd9,9e96e6bb-8dfb-4a26-8111-ca5e9755b937,c4,DROP,1007,e4,?,
1769494846.1825442,RECEIVED,ea92f817-09c7-48ec-a8a4-5e435f4e9c79,e13c517f-b6c4-4660-b245-6f3cab9c12ba,c2,DROP,1020,e12,?,
1769494846.3207362,SENT,d9423a78-6d71-40c8-9e16-86d80620dc0b,e56b87bd-0c38-4c66-8c2d-3ce827220970,c4,DROP,684,?,x4,
1769494846.320777,FORWARDED,d9423a78-6d71-40c8-9e16-86d80620dc0b,e56b87bd-0c38-4c66-8c2d-3ce827220970,c4,DROP,684,?,x4,
1769494846.324796,RECEIVED,dfd3dfac-e19e-4b9a-84f6-66c8900d8ad5,6a7ce1fa-027f-45d5-bf2c-0bc28bb9ce3d,c4,DROP,442,x9,?,
1769494846.3876455,SENT,9cac6146-2d40-4767-8ae9-2971ed26671c,6f9c2dac-5e16-42a4-8dda-76067bd6d96d,c5,c2,1253,?,x5,
1769494846.3876858,FORWARDED,9cac6146-2d40-4767-8ae9-2971ed26671c,6f9c2dac-5e16-42a4-8dda-76067bd6d96d,c5,c2,1253,?,x5,
1769494846.463985,RECEIVED,f68e65df-d597-41df-9386-def527c194b4,d7172b48-2c1c-45fb-9331-81d2ed882f66,c2,DROP,1021,e8,?,
1769494846.5671163,RECEIVED,4f617002-4181-49c0-8602-1e5b3ae10e06,d0bf832f-0c69-4d45-9cc1-a5bbe55743a0,c4,DROP,1011,e5,?,
1769494846.6879642,RECEIVED,6ef961c2-6cf6-4317-b3cd-8972a0bb0244,14918bb1-828a-4ed9-9808-2a314e6fe173,c3,DROP,1009,e1,?,
1769494846.756122,SENT,6ef961c2-6cf6-4317-b3cd-8972a0bb0244,14918bb1-828a-4ed9-9808-2a314e6fe173,c3,DROP,683,?,x4,
1769494846.7561622,FORWARDED,6ef961c2-6cf6-4317-b3cd-8972a0bb0244,14918bb1-828a-4ed9-9808-2a314e6fe173,c3,DROP,683,?,x4,
1769494846.8413262,RECEIVED,f59da933-63d1-4015-8bff-78e80aa24ff6,7c219d46-aa8c-4103-8fc4-dfe78aae65c0,c2,DROP,1007,e5,?,
1769494846.8622031,SENT,9189348a-6d14-4f0d-a1cb-3d622fd52bd9,9e96e6bb-8dfb-4a26-8111-ca5e9755b937,c4,DROP,684,?,x5,
1769494846.862253,FORWARDED,9189348a-6d14-4f0d-a1cb-3d622fd52bd9,9e96e6bb-8dfb-4a26-8111-ca5e9755b937,c4,DROP,684,?,x5,
1769494846.874941,SENT,f68e65df-d597-41df-9386-def527c194b4,d7172b48-2c1c-45fb-9331-81d2ed882f66,c2,DROP,691,?,x10,
1769494846.8749826,FORWARDED,f68e65df-d597-41df-9386-def527c194b4,d7172b48-2c1c-45fb-9331-81d2ed882f66,c2,DROP,691,?,x10,
1769494846.9150102,RECEIVED,2e858a7a-4755-4876-af92-f5bfdd515602,7c7b8e1e-b7a3-4ac9-8786-ebbea7300666,c5,c2,1777,e7,?,
1769494846.978128,SENT,2e858a7a-4755-4876-af92-f5bfdd515602,7c7b8e1e-b7a3-4ac9-8786-ebbea7300666,c5,c2,1260,?,x5,
1769494846.9781682,FORWARDED,2e858a7a-4755-4876-af92-f5bfdd515602,7c7b8e1e-b7a3-4ac9-8786-ebbea7300666,c5,c2,1260,?,x5,
1769494846.995537,SENT,ea92f817-09c7-48ec-a8a4-5e435f4e9c79,e13c517f-b6c4-4660-b245-6f3cab9c12ba,c2,DROP,692,?,x12,
1769494846.995575,FORWARDED,ea92f817-09c7-48ec-a8a4-5e435f4e9c79,e13c517f-b6c4-4660-b245-6f3cab9c12ba,c2,DROP,692,?,x12,
1769494847.0480409,SENT,4f617002-4181-49c0-8602-1e5b3ae10e06,d0bf832f-0c69-4d45-9cc1-a5bbe55743a0,c4,DROP,687,?,x8,
1769494847.048107,FORWARDED,4f617002-4181-49c0-8602-1e5b3ae10e06,d0bf832f-0c69-4d45-9cc1-a5bbe55743a0,c4,DROP,687,?,x8,
1769494847.1175454,RECEIVED,2375ba74-00e0-470d-b16e-746b803d29b5,caec5838-9176-49e4-ac80-7b0cfbc4d8f0,c2,DROP,1012,e5,?,
1769494847.1594064,RECEIVED,ec67d40e-7343-4ce4-befe-6d33f39868e5,16a637bd-1116-46fe-969b-bb8a73e25407,c5,c2,1780,e5,?,
1769494847.2349675,RECEIVED,1c8d06fe-ec7c-47c3-9689-e8998a02fdc9,3057ff73-821a-46af-b29d-0e6976e6177a,c3,DROP,1007,e9,?,
1769494847.401485,SENT,f59da933-63d1-4015-8bff-78e80aa24ff6,7c219d46-aa8c-4103-8fc4-dfe78aae65c0,c2,DROP,683,?,x7,
1769494847.4015267,FORWARDED,f59da933-63d1-4015-8bff-78e80aa24ff6,7c219d46-aa8c-4103-8fc4-dfe78aae65c0,c2,DROP,683,?,x7,
1769494847.4484973,SENT,ec67d40e-7343-4ce4-befe-6d33f39868e5,16a637bd-1116-46fe-969b-bb8a73e25407,c5,c2,1263,?,x12,
1769494847.4485402,FORWARDED,ec67d40e-7343-4ce4-befe-6d33f39868e5,16a637bd-1116-46fe-969b-bb8a73e25407,c5,c2,1263,?,x12,
1769494847.4704003,RECEIVED,a685a6cd-067a-402a-b1c9-5a572e765388,c253c7ad-e20d-464f-8e3d-ec79df35d564,c4,c5,1780,e2,?,
1769494847.5693066,SENT,1c8d06fe-ec7c-47c3-9689-e8998a02fdc9,3057ff73-821a-46af-b29d-0e6976e6177a,c3,DROP,684,?,x2,
1769494847.5693462,FORWARDED,1c8d06fe-ec7c-47c3-9689-e8998a02fdc9,3057ff73-821a-46af-b29d-0e6976e6177a,c3,DROP,684,?,x2,
1769494847.669285,RECEIVED,16174cbb-dc95-4294-bdee-4fcd2fa2122b,7e0c4a56-8b19-40a1-ab8f-1d51a1d2e20c,c5,DROP,1007,e8,?,
1769494847.7976289,RECEIVED,8211575e-d98f-49bc-a49c-d307a8ecfe0c,c6cbe930-e060-4850-8815-fd32e813f5f7,c3,DROP,1007,e1,?,
1769494848.0865393,RECEIVED,15f031bf-63bf-4d1c-85a0-24c5e133eeb3,e8a687b6-c198-4f78-98c3-3f4e016ef8ed,c5,DROP,446,x11,?,
1769494848.2155662,RECEIVED,2348b428-3f51-4fcc-9b86-bbef0f6e0c79,ee47b85e-4777-4414-8f60-3b4d8ce22174,c1,DROP,441,x9,?,
1769494848.2930338,SENT,8211575e-d98f-49bc-a49c-d307a8ecfe0c,c6cbe930-e060-4850-8815-fd32e813f5f7,c3,DROP,683,?,x2,
1769494848.2930863,FORWARDED,8211575e-d98f-49bc-a49c-d307a8ecfe0c,c6cbe930-e060-4850-8815-fd32e813f5f7,c3,DROP,683,?,x2,
1769494848.356242,RECEIVED,8d0fdb5c-b356-4d50-819b-493ae08a9a29,64d78387-2d2b-4bd2-af12-f56ff2ce10e1,c3,DROP,1007,e7,?,
1769494848.3579433,RECEIVED,252c9851-9a71-4ddb-8dff-f059ba49dbae,0d59ef4f-7b93-4054-984a-a03563a1c3e1,c2,DROP,1012,e2,?,
1769494848.3590279,SENT,2375ba74-00e0-470d-b16e-746b803d29b5,caec5838-9176-49e4-ac80-7b0cfbc4d8f0,c2,DROP,685,?,x11,
1769494848.3590882,FORWARDED,2375ba74-00e0-470d-b16e-746b803d29b5,caec5838-9176-49e4-ac80-7b0cfbc4d8f0,c2,DROP,685,?,x11,
1769494848.3782272,SENT,16174cbb-dc95-4294-bdee-4fcd2fa2122b,7e0c4a56-8b19-40a1-ab8f-1d51a1d2e20c,c5,DROP,683,?,x9,
1769494848.3782632,FORWARDED,16174cbb-dc95-4294-bdee-4fcd2fa2122b,7e0c4a56-8b19-40a1-ab8f-1d51a1d2e20c,c5,DROP,683,?,x9,
1769494848.448738,SENT,252c9851-9a71-4ddb-8dff-f059ba49dbae,0d59ef4f-7b93-4054-984a-a03563a1c3e1,c2,DROP,687,?,x8,
1769494848.4487882,FORWARDED,252c9851-9a71-4ddb-8dff-f059ba49dbae,0d59ef4f-7b93-4054-984a-a03563a1c3e1,c2,DROP,687,?,x8,
1769494848.6430123,RECEIVED,2101b807-8f7b-46a2-8ad0-cf7f46f357c0,9e0ffe33-abdd-4aac-8015-30ab443df897,c1,c5,1780,e5,?,
1769494848.8323047,RECEIVED,685d1f52-f805-405e-93fd-d2b02895c7a7,4306c234-f12f-45e4-be16-4fe1d6721a33,c2,DROP,1008,e6,?,
1769494848.897623,RECEIVED,f2671a08-3dc9-4658-bda6-5f3c2c54cbb4,896a0e0e-ca3f-473a-908c-1f4838abcd95,c1,DROP,1008,e2,?,
1769494848.9507565,SENT,f2671a08-3dc9-4658-bda6-5f3c2c54cbb4,896a0e0e-ca3f-473a-908c-1f4838abcd95,c1,DROP,683,?,x8,
1769494848.9507983,FORWARDED,f2671a08-3dc9-4658-bda6-5f3c2c54cbb4,896a0e0e-ca3f-473a-908c-1f4838abcd95,c1,DROP,683,?,x8,
1769494848.9714298,RECEIVED,4ebd454a-b33a-498e-955d-2e2dccc00012,afb77966-cece-4e91-b02a-46738a0a882c,c3,c5,1780,e10,?,
1769494849.0090642,SENT,a685a6cd-067a-402a-b1c9-5a572e765388,c253c7ad-e20d-464f-8e3d-ec79df35d564,c4,c5,1263,?,x12,
1769494849.0091054,FORWARDED,a685a6cd-067a-402a-b1c9-5a572e765388,c253c7ad-e20d-464f-8e3d-ec79df35d564,c4,c5,1263,?,x12,
1769494849.0114207,RECEIVED,f8787891-28fe-4960-a114-5d82f3fa7e95,6f7e23b3-8f24-4218-810c-62baee529354,c5,DROP,1007,e2,?,
1769494849.0231714,SENT,2101b807-8f7b-46a2-8ad0-cf7f46f357c0,9e0ffe33-abdd-4aac-8015-30ab443df897,c1,c5,1262,?,x12,
1769494849.0232122,FORWARDED,2101b807-8f7b-46a2-8ad0-cf7f46f357c0,9e0ffe33-abdd-4aac-8015-30ab443df897,c1,c5,1262,?,x12,
1769494849.0382035,RECEIVED,6bd37f03-4a64-414c-8e5a-8dd782d2382c,c98d9f85-9cef-4fb7-bbc4-e1965f0bcddd,c4,DROP,441,x9,?,
1769494849.229095,RECEIVED,27e7777f-429f-4a70-942a-d937db3ea0d9,962926a0-6557-4b2a-a463-d865c9c02503,c3,DROP,1008,e5,?,
1769494849.2441776,SENT,4ebd454a-b33a-498e-955d-2e2dccc00012,afb77966-cece-4e91-b02a-46738a0a882c,c3,c5,1263,?,x10,
1769494849.24422,FORWARDED,4ebd454a-b33a-498e-955d-2e2dccc00012,afb77966-cece-4e91-b02a-46738a0a882c,c3,c5,1263,?,x10,
1769494849.2571478,SENT,685d1f52-f805-405e-93fd-d2b02895c7a7,4306c234-f12f-45e4-be16-4fe1d6721a33,c2,DROP,684,?,x2,
1769494849.2571907,FORWARDED,685d1f52-f805-405e-93fd-d2b02895c7a7,4306c234-f12f-45e4-be16-4fe1d6721a33,c2,DROP,684,?,x2,
1769494849.3115985,SENT,27e7777f-429f-4a70-942a-d937db3ea0d9,962926a0-6557-4b2a-a463-d865c9c02503,c3,DROP,682,?,x2,
1769494849.3116393,FORWARDED,27e7777f-429f-4a70-942a-d937db3ea0d9,962926a0-6557-4b2a-a463-d865c9c02503,c3,DROP,682,?,x2,
1769494849.5210075,RECEIVED,480b2f50-016b-49c4-aa7f-c74438876177,14710234-1c66-4582-bc17-cedf4c3586fe,c5,DROP,1011,e12,?,
1769494849.57783,RECEIVED,43cdb56b-98d4-41b8-a90c-95992fb72fbf,3f5e232f-0ba2-4a40-b2e6-3e2b2c7978e9,c4,c5,1767,e7,?,
1769494849.6559908,SENT,f8787891-28fe-4960-a114-5d82f3fa7e95,6f7e23b3-8f24-4218-810c-62baee529354,c5,DROP,684,?,x6,
1769494849.656033,FORWARDED,f8787891-28fe-4960-a114-5d82f3fa7e95,6f7e23b3-8f24-4218-810c-62baee529354,c5,DROP,684,?,x6,
1769494849.7916775,RECEIVED,8fed70e3-ccb5-4838-8309-9efc267fa4d3,02a5ca34-1f85-4bc6-912e-0b3b8b158336,c2,DROP,1008,e10,?,
1769494849.8914196,SENT,8fed70e3-ccb5-4838-8309-9efc267fa4d3,02a5ca34-1f85-4bc6-912e-0b3b8b158336,c2,DROP,684,?,x6,
1769494849.8914587,FORWARDED,8fed70e3-ccb5-4838-8309-9efc267fa4d3,02a5ca34-1f85-4bc6-912e-0b3b8b158336,c2,DROP,684,?,x6,
1769494849.9173129,RECEIVED,99a2b477-8b89-46a8-9784-a74227922f9f,beaf229b-1537-4b1d-a885-bcb4f697a25c,c5,DROP,442,x4,?,
1769494850.0320268,RECEIVED,1126afc1-6f2e-4429-bbef-f0dbd708d0c5,a540a679-5c63-46f9-b7f5-c53035b259ab,c1,DROP,1007,e7,?,
1769494850.036719,RECEIVED,dac8d815-1487-402b-aa64-d90bcb16aa44,e16d1b92-856f-46d4-a196-66d9aabdc336,c2,DROP,1017,e5,?,
1769494850.0968182,SENT,dac8d815-1487-402b-aa64-d90bcb16aa44,e16d1b92-856f-46d4-a196-66d9aabdc336,c2,DROP,689,?,x6,
1769494850.096861,FORWARDED,dac8d815-1487-402b-aa64-d90bcb16aa44,e16d1b92-856f-46d4-a196-66d9aabdc336,c2,DROP,689,?,x6,
1769494850.1113331,SENT,1126afc1-6f2e-4429-bbef-f0dbd708d0c5,a540a679-5c63-46f9-b7f5-c53035b259ab,c1,DROP,683,?,x7,
1769494850.1113758,FORWARDED,1126afc1-6f2e-4429-bbef-f0dbd708d0c5,a540a679-5c63-46f9-b7f5-c53035b259ab,c1,DROP,683,?,x7,
1769494850.2555726,RECEIVED,c5f29e8d-de65-42fa-a5a1-c8ddcf3427b8,6d5f729d-0fd7-4a81-85ff-a832fa28b01b,c5,DROP,1008,e10,?,
1769494850.300302,RECEIVED,8efa4a24-72dd-410c-8f52-70efcbdeb364,6891c715-c0da-4cc6-abcc-ae3f67e86418,c5,DROP,441,x7,?,
1769494850.3703318,RECEIVED,5e680733-e5be-4dcb-a27a-4d14dab9ddb9,cd950259-9bc0-4f4b-9448-b4901e498a90,c4,DROP,1019,e1,?,
1769494850.422025,RECEIVED,a650a4e9-1f3f-4236-b371-6351a69e31ea,6b820474-8f88-4643-ad0a-1df2e98088ab,c4,DROP,1007,e6,?,
1769494850.4227805,SENT,c5f29e8d-de65-42fa-a5a1-c8ddcf3427b8,6d5f729d-0fd7-4a81-85ff-a832fa28b01b,c5,DROP,683,?,x8,
1769494850.4228194,FORWARDED,c5f29e8d-de65-42fa-a5a1-c8ddcf3427b8,6d5f729d-0fd7-4a81-85ff-a832fa28b01b,c5,DROP,683,?,x8,
1769494850.5528717,RECEIVED,e0d62f8a-e6bd-412d-a523-b3dd39e83037,9d5760aa-4baf-4f5d-af00-fb1475b76d82,c1,c5,1777,e7,?,
1769494850.5602674,RECEIVED,1ab31e99-3c24-41b7-b2a2-020ca920c8ae,6864414a-814e-43bd-ab97-0bd7dde7e62b,c1,c5,1763,e1,?,
1769494850.7162948,RECEIVED,1f29b297-9744-4841-b11a-4459b0b446b5,792d0852-d417-4f73-aca9-81bac4e10e1a,c5,DROP,1013,e9,?,
1769494850.858541,SENT,e0d62f8a-e6bd-412d-a523-b3dd39e83037,9d5760aa-4baf-4f5d-af00-fb1475b76d82,c1,c5,1260,?,x11,
1769494850.8585815,FORWARDED,e0d62f8a-e6bd-412d-a523-b3dd39e83037,9d5760aa-4baf-4f5d-af00-fb1475b76d82,c1,c5,1260,?,x11,
1769494850.9042442,RECEIVED,d1db8c86-b117-472f-9e03-9ffd1acdd62c,80160767-97a0-4465-a6ce-ceb735a730ec,c5,DROP,1007,e7,?,
1769494850.9218206,SENT,1f29b297-9744-4841-b11a-4459b0b446b5,792d0852-d417-4f73-aca9-81bac4e10e1a,c5,DROP,687,?,x11,
1769494850.9218638,FORWARDED,1f29b297-9744-4841-b11a-4459b0b446b5,792d0852-d417-4f73-aca9-81bac4e10e1a,c5,DROP,687,?,x11,
1769494850.9408069,SENT,480b2f50-016b-49c4-aa7f-c74438876177,14710234-1c66-4582-bc17-cedf4c3586fe,c5,DROP,687,?,x9,
1769494850.940846,FORWARDED,480b2f50-016b-49c4-aa7f-c74438876177,14710234-1c66-4582-bc17-cedf4c3586fe,c5,DROP,687,?,x9,
1769494850.9771893,SENT,5e680733-e5be-4dcb-a27a-4d14dab9ddb9,cd950259-9bc0-4f4b-9448-b4901e498a90,c4,DROP,692,?,x6,
1769494850.977228,FORWARDED,5e680733-e5be-4dcb-a27a-4d14dab9ddb9,cd950259-9bc0-4f4b-9448-b4901e498a90,c4,DROP,692,?,x6,
1769494851.000414,RECEIVED,214f5b3b-abac-4d77-9abe-7de393399c76,18a788df-d899-435f-aa65-d1620ef1c638,c1,DROP,1007,e2,?,
1769494851.063811,SENT,a650a4e9-1f3f-4236-b371-6351a69e31ea,6b820474-8f88-4643-ad0a-1df2e98088ab,c4,DROP,683,?,x2,
1769494851.063846,FORWARDED,a650a4e9-1f3f-4236-b371-6351a69e31ea,6b820474-8f88-4643-ad0a-1df2e98088ab,c4,DROP,683,?,x2,
1769494851.1318407,RECEIVED,ac359de4-2417-4489-b077-9961f2ae00b9,66f77c9c-ffcd-42c0-80a3-47d34a3ae6ea,c5,c2,1787,e6,?,
1769494851.349559,SENT,214f5b3b-abac-4d77-9abe-7de393399c76,18a788df-d899-435f-aa65-d1620ef1c638,c1,DROP,684,?,x4,
1769494851.3495998,FORWARDED,214f5b3b-abac-4d77-9abe-7de393399c76,18a788df-d899-435f-aa65-d1620ef1c638,c1,DROP,684,?,x4,
1769494851.3948429,RECEIVED,977a7631-eb44-4ba2-a9ef-e148a7cd356d,50f18973-3f0d-46c3-a037-da8795b49822,c1,DROP,1012,e9,?,
1769494851.464167,RECEIVED,5d9eebf7-070b-4d62-9c72-b6c5a62bb0ea,dad50725-8e6b-433d-ab57-a85a7a03c666,c5,DROP,1008,e1,?,
1769494851.5284822,RECEIVED,22abb9c3-3b54-4042-aa7b-edc8f3a223f4,2298e0d2-374a-4353-92c8-f8ae09e663ab,c2,c3,1780,e6,?,
1769494851.5520134,SENT,8d0fdb5c-b356-4d50-819b-493ae08a9a29,64d78387-2d2b-4bd2-af12-f56ff2ce10e1,c3,DROP,683,?,x2,
1769494851.5520568,FORWARDED,8d0fdb5c-b356-4d50-819b-493ae08a9a29,64d78387-2d2b-4bd2-af12-f56ff2ce10e1,c3,DROP,683,?,x2,
1769494851.553407,RECEIVED,c6bbd9be-8526-4ef0-b850-f57feeb1947b,1eb1edb9-689f-4267-b9d3-bf01cbb9b946,c3,DROP,1019,e8,?,
1769494851.5835893,SENT,43cdb56b-98d4-41b8-a90c-95992fb72fbf,3f5e232f-0ba2-4a40-b2e6-3e2b2c7978e9,c4,c5,1252,?,x5,
1769494851.5836298,FORWARDED,43cdb56b-98d4-41b8-a90c-95992fb72fbf,3f5e232f-0ba2-4a40-b2e6-3e2b2c7978e9,c4,c5,1252,?,x5,
1769494851.696985,SENT,1ab31e99-3c24-41b7-b2a2-020ca920c8ae,6864414a-814e-43bd-ab97-0bd7dde7e62b,c1,c5,1251,?,x11,
1769494851.697027,FORWARDED,1ab31e99-3c24-41b7-b2a2-020ca920c8ae,6864414a-814e-43bd-ab97-0bd7dde7e62b,c1,c5,1251,?,x11,
1769494851.7083807,SENT,977a7631-eb44-4ba2-a9ef-e148a7cd356d,50f18973-3f0d-46c3-a037-da8795b49822,c1,DROP,685,?,x2,
1769494851.7084324,FORWARDED,977a7631-eb44-4ba2-a9ef-e148a7cd356d,50f18973-3f0d-46c3-a037-da8795b49822,c1,DROP,685,?,x2,
1769494851.7806404,SENT,5d9eebf7-070b-4d62-9c72-b6c5a62bb0ea,dad50725-8e6b-433d-ab57-a85a7a03c666,c5,DROP,684,?,x2,
1769494851.7806804,FORWARDED,5d9eebf7-070b-4d62-9c72-b6c5a62bb0ea,dad50725-8e6b-433d-ab57-a85a7a03c666,c5,DROP,684,?,x2,
1769494851.7881827,SENT,ac359de4-2417-4489-b077-9961f2ae00b9,66f77c9c-ffcd-42c0-80a3-47d34a3ae6ea,c5,c2,1268,?,x7,
1769494851.7882218,FORWARDED,ac359de4-2417-4489-b077-9961f2ae00b9,66f77c9c-ffcd-42c0-80a3-47d34a3ae6ea,c5,c2,1268,?,x7,
1769494851.8521144,RECEIVED,64ab388e-f9e9-499c-b063-72c9481404bd,a21fb22e-0e52-4f40-a0d5-5501ccadf834,c1,DROP,1008,e2,?,
1769494852.199321,RECEIVED,97684a66-165d-446f-98c1-282bec5b332e,0a55950b-30a3-41bd-979b-8743921a3f6e,c1,DROP,1007,e9,?,
1769494852.2803154,RECEIVED,d1859bf0-5085-47b7-938a-8b08ec084f8f,bf828a75-6a82-4e00-bdca-f5475a52bb46,c2,DROP,1008,e3,?,
1769494852.2945442,SENT,97684a66-165d-446f-98c1-282bec5b332e,0a55950b-30a3-41bd-979b-8743921a3f6e,c1,DROP,683,?,x5,
1769494852.294585,FORWARDED,97684a66-165d-446f-98c1-282bec5b332e,0a55950b-30a3-41bd-979b-8743921a3f6e,c1,DROP,683,?,x5,
1769494852.3563058,SENT,64ab388e-f9e9-499c-b063-72c9481404bd,a21fb22e-0e52-4f40-a0d5-5501ccadf834,c1,DROP,683,?,x10,
1769494852.3563468,FORWARDED,64ab388e-f9e9-499c-b063-72c9481404bd,a21fb22e-0e52-4f40-a0d5-5501ccadf834,c1,DROP,683,?,x10,
1769494852.3705187,RECEIVED,90a92e7e-edcb-497d-a49d-5cf136450972,c2978208-6ad3-49fe-bf10-a57c9e6c8f91,c4,DROP,1020,e12,?,
1769494852.4538183,SENT,22abb9c3-3b54-4042-aa7b-edc8f3a223f4,2298e0d2-374a-4353-92c8-f8ae09e663ab,c2,c3,1263,?,x12,
1769494852.4538612,FORWARDED,22abb9c3-3b54-4042-aa7b-edc8f3a223f4,2298e0d2-374a-4353-92c8-f8ae09e663ab,c2,c3,1263,?,x12,
1769494852.4567375,SENT,c6bbd9be-8526-4ef0-b850-f57feeb1947b,1eb1edb9-689f-4267-b9d3-bf01cbb9b946,c3,DROP,693,?,x7,
1769494852.4567773,FORWARDED,c6bbd9be-8526-4ef0-b850-f57feeb1947b,1eb1edb9-689f-4267-b9d3-bf01cbb9b946,c3,DROP,693,?,x7,
1769494852.4723885,RECEIVED,335e2c7a-79e7-4a7e-ab7d-c0fd076b1604,7f45fdc1-f845-49d2-b4f0-a3cc61c5f6e5,c1,DROP,1021,e12,?,
1769494852.479513,SENT,d1859bf0-5085-47b7-938a-8b08ec084f8f,bf828a75-6a82-4e00-bdca-f5475a52bb46,c2,DROP,682,?,x2,
1769494852.4795525,FORWARDED,d1859bf0-5085-47b7-938a-8b08ec084f8f,bf828a75-6a82-4e00-bdca-f5475a52bb46,c2,DROP,682,?,x2,
1769494852.6532748,SENT,335e2c7a-79e7-4a7e-ab7d-c0fd076b1604,7f45fdc1-f845-49d2-b4f0-a3cc61c5f6e5,c1,DROP,691,?,x10,
1769494852.6533153,FORWARDED,335e2c7a-79e7-4a7e-ab7d-c0fd076b1604,7f45fdc1-f845-49d2-b4f0-a3cc61c5f6e5,c1,DROP,691,?,x10,
1769494852.6967804,SENT,d1db8c86-b117-472f-9e03-9ffd1acdd62c,80160767-97a0-4465-a6ce-ceb735a730ec,c5,DROP,684,?,x3,
1769494852.6968184,FORWARDED,d1db8c86-b117-472f-9e03-9ffd1acdd62c,80160767-97a0-4465-a6ce-ceb735a730ec,c5,DROP,684,?,x3,
1769494852.708335,RECEIVED,317915fc-8c23-4a33-9000-ee1d628eb95d,4dad71ec-3160-4187-90d9-1e92e270e214,c3,DROP,1019,e11,?,
1769494852.7084517,RECEIVED,aeeedb7d-abc6-4a39-8c2e-e3a4abe0a860,10c24fae-a747-4819-b3fd-7b22dae247aa,c4,DROP,1008,e1,?,
1769494853.0241747,RECEIVED,3d66b22c-ae66-4cc8-88dd-39fb9f756874,a138810c-20b7-4ae1-92fb-741e2a413194,c5,c2,1775,e6,?,
1769494853.0707333,SENT,3d66b22c-ae66-4cc8-88dd-39fb9f756874,a138810c-20b7-4ae1-92fb-741e2a413194,c5,c2,1259,?,x4,
1769494853.0707679,FORWARDED,3d66b22c-ae66-4cc8-88dd-39fb9f756874,a138810c-20b7-4ae1-92fb-741e2a413194,c5,c2,1259,?,x4,
1769494853.0737677,RECEIVED,c4f1cdcd-3a33-4319-ad7a-375a68b908d3,763dfb0c-322f-4f31-9dc6-41b44eca9939,c3,DROP,1019,e8,?,
1769494853.077247,SENT,aeeedb7d-abc6-4a39-8c2e-e3a4abe0a860,10c24fae-a747-4819-b3fd-7b22dae247aa,c4,DROP,684,?,x7,
1769494853.0774302,FORWARDED,aeeedb7d-abc6-4a39-8c2e-e3a4abe0a860,10c24fae-a747-4819-b3fd-7b22dae247aa,c4,DROP,684,?,x7,
1769494853.1355133,RECEIVED,9d393f9d-dcbc-43d7-af40-870a448ee0a2,850ca64d-1b1d-4698-84fa-a5438deeaf06,c3,DROP,1010,e3,?,
1769494853.532806,RECEIVED,66616851-58dd-4800-b539-3d8c70c7a788,e46e7b2c-ede7-4832-a513-8b68f827bff7,c3,DROP,1011,e1,?,
1769494853.5657966,RECEIVED,a1f056ae-076c-449d-baad-8577b9bfdc48,468ded20-7225-4ee0-8139-ae92c6df2fa3,c4,c5,1768,e6,?,
1769494853.7617037,SENT,a1f056ae-076c-449d-baad-8577b9bfdc48,468ded20-7225-4ee0-8139-ae92c6df2fa3,c4,c5,1252,?,x3,
1769494853.7617464,FORWARDED,a1f056ae-076c-449d-baad-8577b9bfdc48,468ded20-7225-4ee0-8139-ae92c6df2fa3,c4,c5,1252,?,x3,
1769494853.8998187,RECEIVED,7f49b583-a383-4dcc-9c40-b718e16d06e9,a02fccf7-6b39-4822-911c-a12103afd92e,c3,DROP,445,x7,?,
1769494853.917853,SENT,90a92e7e-edcb-497d-a49d-5cf136450972,c2978208-6ad3-49fe-bf10-a57c9e6c8f91,c4,DROP,691,?,x10,
1769494853.917893,FORWARDED,90a92e7e-edcb-497d-a49d-5cf136450972,c2978208-6ad3-49fe-bf10-a57c9e6c8f91,c4,DROP,691,?,x10,
1769494853.945245,RECEIVED,cca4ad9a-30a5-4ad6-a65c-7261d47192e9,92eebe83-5a13-4d4a-adce-2784cb28482f,c4,DROP,1006,e3,?,
1769494853.9885983,SENT,317915fc-8c23-4a33-9000-ee1d628eb95d,4dad71ec-3160-4187-90d9-1e92e270e214,c3,DROP,691,?,x7,
1769494853.988639,FORWARDED,317915fc-8c23-4a33-9000-ee1d628eb95d,4dad71ec-3160-4187-90d9-1e92e270e214,c3,DROP,691,?,x7,
1769494854.0567207,SENT,9d393f9d-dcbc-43d7-af40-870a448ee0a2,850ca64d-1b1d-4698-84fa-a5438deeaf06,c3,DROP,685,?,x5,
1769494854.0567608,FORWARDED,9d393f9d-dcbc-43d7-af40-870a448ee0a2,850ca64d-1b1d-4698-84fa-a5438deeaf06,c3,DROP,685,?,x5,
1769494854.2265475,SENT,66616851-58dd-4800-b539-3d8c70c7a788,e46e7b2c-ede7-4832-a513-8b68f827bff7,c3,DROP,685,?,x2,
1769494854.226625,FORWARDED,66616851-58dd-4800-b539-3d8c70c7a788,e46e7b2c-ede7-4832-a513-8b68f827bff7,c3,DROP,685,?,x2,
1769494854.263069,RECEIVED,ed11ea97-a4e2-4250-9218-ee030afadd81,be829d2d-653e-4fd9-9ede-e67891327b79,c3,c5,1770,e9,?,
1769494854.389647,SENT,c4f1cdcd-3a33-4319-ad7a-375a68b908d3,763dfb0c-322f-4f31-9dc6-41b44eca9939,c3,DROP,692,?,x2,
1769494854.389684,FORWARDED,c4f1cdcd-3a33-4319-ad7a-375a68b908d3,763dfb0c-322f-4f31-9dc6-41b44eca9939,c3,DROP,692,?,x2,
1769494854.6863818,SENT,cca4ad9a-30a5-4ad6-a65c-7261d47192e9,92eebe83-5a13-4d4a-adce-2784cb28482f,c4,DROP,684,?,x9,
1769494854.686424,FORWARDED,cca4ad9a-30a5-4ad6-a65c-7261d47192e9,92eebe83-5a13-4d4a-adce-2784cb28482f,c4,DROP,684,?,x9,
1769494854.7311592,RECEIVED,b87ebd9d-1f0b-4508-8cd6-cfac34617e5b,0f5646da-a036-47d1-8815-a32367386f6e,c1,DROP,1008,e11,?,
1769494854.9789078,SENT,b87ebd9d-1f0b-4508-8cd6-cfac34617e5b,0f5646da-a036-47d1-8815-a32367386f6e,c1,DROP,684,?,x3,
1769494854.978945,FORWARDED,b87ebd9d-1f0b-4508-8cd6-cfac34617e5b,0f5646da-a036-47d1-8815-a32367386f6e,c1,DROP,684,?,x3,
1769494855.0443604,RECEIVED,43b1f05d-9b20-458f-87dd-f8ee301f2721,51d048fd-2a90-4f7e-900d-43d0f2b0bec3,c2,c3,1779,e2,?,
1769494855.054223,SENT,ed11ea97-a4e2-4250-9218-ee030afadd81,be829d2d-653e-4fd9-9ede-e67891327b79,c3,c5,1256,?,x4,
1769494855.0545838,FORWARDED,ed11ea97-a4e2-4250-9218-ee030afadd81,be829d2d-653e-4fd9-9ede-e67891327b79,c3,c5,1256,?,x4,
1769494855.1917431,RECEIVED,c9a103c9-87f9-4958-a230-02bf02f0eb73,f69d2120-9b5b-4834-b9f3-e70ca2d2f1e7,c3,DROP,1012,e1,?,
1769494855.2829962,SENT,c9a103c9-87f9-4958-a230-02bf02f0eb73,f69d2120-9b5b-4834-b9f3-e70ca2d2f1e7,c3,DROP,687,?,x6,
1769494855.2830386,FORWARDED,c9a103c9-87f9-4958-a230-02bf02f0eb73,f69d2120-9b5b-4834-b9f3-e70ca2d2f1e7,c3,DROP,687,?,x6,
1769494855.5223522,RECEIVED,c38c2d17-f506-4029-b9ea-9d1e1aa77070,8fd9cb83-8c59-475b-bc3a-5827c3104d0c,c3,c5,1779,e1,?,
1769494855.6146,SENT,43b1f05d-9b20-458f-87dd-f8ee301f2721,51d048fd-2a90-4f7e-900d-43d0f2b0bec3,c2,c3,1263,?,x8,
1769494855.6146417,FORWARDED,43b1f05d-9b20-458f-87dd-f8ee301f2721,51d048fd-2a90-4f7e-900d-43d0f2b0bec3,c2,c3,1263,?,x8,
1769494855.7077591,RECEIVED,9bed8fce-6217-4493-bfdc-ac5fbdc7d243,659468cd-1377-4bec-91b9-39d847f87fd0,c2,DROP,1008,e3,?,
1769494855.74643,RECEIVED,c0272734-7d63-4a25-8d67-6ea96302f297,db83933c-f14f-465c-9fa6-5e172fbeb837,c1,DROP,1012,e4,?,
1769494855.8106868,RECEIVED,13a6658d-005a-4bad-9dcb-e869aa09986c,3171687f-3e64-4cf6-bee2-b2cc71de7cfb,c4,DROP,1020,e9,?,
1769494855.997134,SENT,c0272734-7d63-4a25-8d67-6ea96302f297,db83933c-f14f-465c-9fa6-5e172fbeb837,c1,DROP,687,?,x3,
1769494855.9971757,FORWARDED,c0272734-7d63-4a25-8d67-6ea96302f297,db83933c-f14f-465c-9fa6-5e172fbeb837,c1,DROP,687,?,x3,
1769494856.0300858,RECEIVED,88569ea0-186b-4c26-b870-0d61a82e8224,d14c3130-95ef-4880-9d9c-506bbb27d828,c2,DROP,441,x1,?,
1769494856.110489,SENT,c38c2d17-f506-4029-b9ea-9d1e1aa77070,8fd9cb83-8c59-475b-bc3a-5827c3104d0c,c3,c5,1263,?,x1,
1769494856.1105258,FORWARDED,c38c2d17-f506-4029-b9ea-9d1e1aa77070,8fd9cb83-8c59-475b-bc3a-5827c3104d0c,c3,c5,1263,?,x1,
1769494856.1440384,RECEIVED,3f03e132-10f2-4267-8f0c-36c638994d42,9d472184-6950-41a9-b6ec-8b46763ed1be,c1,DROP,1016,e10,?,
1769494856.2214332,RECEIVED,30acbb12-5447-44c3-a5aa-8ffd8782f7e8,e41e2bd4-67fa-4d86-a38c-0838c712908a,c1,DROP,442,x3,?,
1769494856.2517648,SENT,3f03e132-10f2-4267-8f0c-36c638994d42,9d472184-6950-41a9-b6ec-8b46763ed1be,c1,DROP,689,?,x6,
1769494856.2518075,FORWARDED,3f03e132-10f2-4267-8f0c-36c638994d42,9d472184-6950-41a9-b6ec-8b46763ed1be,c1,DROP,689,?,x6,
1769494856.259877,SENT,9bed8fce-6217-4493-bfdc-ac5fbdc7d243,659468cd-1377-4bec-91b9-39d847f87fd0,c2,DROP,684,?,x10,
1769494856.2599163,FORWARDED,9bed8fce-6217-4493-bfdc-ac5fbdc7d243,659468cd-1377-4bec-91b9-39d847f87fd0,c2,DROP,684,?,x10,
1769494856.4773862,RECEIVED,a0ccaf72-4e57-4e99-8d78-8344350c3786,bc8ae9b9-3806-4840-81fa-7417ef53bfc8,c4,c5,1775,e12,?,
1769494856.7727695,RECEIVED,e28a26d9-4b78-461f-9b4a-cace76dd7b59,c6229690-c9f4-4d95-b2dd-f8604ec90bd1,c5,DROP,446,x11,?,
1769494857.0462368,SENT,13a6658d-005a-4bad-9dcb-e869aa09986c,3171687f-3e64-4cf6-bee2-b2cc71de7cfb,c4,DROP,691,?,x12,
1769494857.0462792,FORWARDED,13a6658d-005a-4bad-9dcb-e869aa09986c,3171687f-3e64-4cf6-bee2-b2cc71de7cfb,c4,DROP,691,?,x12,
1769494857.1037407,RECEIVED,2140ecda-34fa-4b2c-97b2-630d9f06e28d,d255396b-37eb-46a1-96e4-9fad58ed0dd0,c4,DROP,1021,e5,?,
1769494857.1499405,SENT,2140ecda-34fa-4b2c-97b2-630d9f06e28d,d255396b-37eb-46a1-96e4-9fad58ed0dd0,c4,DROP,693,?,x10,
1769494857.1499817,FORWARDED,2140ecda-34fa-4b2c-97b2-630d9f06e28d,d255396b-37eb-46a1-96e4-9fad58ed0dd0,c4,DROP,693,?,x10,
1769494857.1746361,RECEIVED,a5f5231f-810a-409f-b16b-df85dfc66fb6,7e7ae7f1-49b3-41ab-890f-de7af8eae969,c3,DROP,440,x7,?,
1769494857.6110735,SENT,a0ccaf72-4e57-4e99-8d78-8344350c3786,bc8ae9b9-3806-4840-81fa-7417ef53bfc8,c4,c5,1260,?,x4,
1769494857.6111147,FORWARDED,a0ccaf72-4e57-4e99-8d78-8344350c3786,bc8ae9b9-3806-4840-81fa-7417ef53bfc8,c4,c5,1260,?,x4,
1769494857.8530772,RECEIVED,4e23b097-8c6d-49a3-bf93-27ae15828160,e53e028e-1d73-4444-85fe-5bef3c0b7e76,c4,DROP,1010,e1,?,
1769494857.8544097,RECEIVED,18e0dfdf-c535-4640-9e52-1de1d001efab,d3258f98-ec3b-42ba-a0b3-325f403164b7,c1,DROP,445,x10,?,
1769494857.8994827,RECEIVED,20ba1cd2-cd49-42a8-8caf-f819796639dc,3bba6ff4-d0dd-404a-8cbd-106a4cd80f2c,c3,DROP,1003,e1,?,
1769494858.1166384,SENT,4e23b097-8c6d-49a3-bf93-27ae15828160,e53e028e-1d73-4444-85fe-5bef3c0b7e76,c4,DROP,687,?,x5,
1769494858.116682,FORWARDED,4e23b097-8c6d-49a3-bf93-27ae15828160,e53e028e-1d73-4444-85fe-5bef3c0b7e76,c4,DROP,687,?,x5,
1769494858.642548,SENT,20ba1cd2-cd49-42a8-8caf-f819796639dc,3bba6ff4-d0dd-404a-8cbd-106a4cd80f2c,c3,DROP,679,?,x5,
1769494858.6425877,FORWARDED,20ba1cd2-cd49-42a8-8caf-f819796639dc,3bba6ff4-d0dd-404a-8cbd-106a4cd80f2c,c3,DROP,679,?,x5,
1769494858.834835,RECEIVED,b0033467-675c-443c-831d-f88db29e88f0,7a813bfb-9382-497b-ab69-d201cfd2e68e,c4,c5,1780,e6,?,
1769494858.8802378,RECEIVED,0dda8c2d-b9f1-4e55-a2eb-ef3b64dde9bb,1f1f7fc0-a865-4617-a192-147c55c29a9b,c5,DROP,1011,e4,?,
1769494858.9254024,RECEIVED,0d5224ca-665f-4873-a4e6-e04693950862,05e88f11-b902-491c-82aa-ff41c909d11d,c1,DROP,441,x9,?,
1769494858.948232,RECEIVED,b0861ab7-7d44-4676-b3dc-1ae49cb234b7,28c971a2-35f2-496b-a164-994b56d7f2aa,c4,DROP,1008,e1,?,
1769494858.983196,SENT,b0033467-675c-443c-831d-f88db29e88f0,7a813bfb-9382-497b-ab69-d201cfd2e68e,c4,c5,1263,?,x8,
1769494858.983237,FORWARDED,b0033467-675c-443c-831d-f88db29e88f0,7a813bfb-9382-497b-ab69-d201cfd2e68e,c4,c5,1263,?,x8,
1769494859.0407379,RECEIVED,dd2e37b8-ef8c-4438-9dab-e88983ab868e,31e00fa5-6699-4a79-a3eb-424698a12d8b,c5,DROP,1011,e1,?,
1769494859.1049776,SENT,b0861ab7-7d44-4676-b3dc-1ae49cb234b7,28c971a2-35f2-496b-a164-994b56d7f2aa,c4,DROP,683,?,x8,
1769494859.1050224,FORWARDED,b0861ab7-7d44-4676-b3dc-1ae49cb234b7,28c971a2-35f2-496b-a164-994b56d7f2aa,c4,DROP,683,?,x8,
1769494859.126128,RECEIVED,208d05fd-d7d4-482c-b79b-ace6c30e2ca3,cdae580e-858d-4ca6-9e2b-07ba9a45a25b,c3,DROP,442,x8,?,
1769494859.3317015,RECEIVED,4911e810-5d59-4255-a334-474ee5a0f239,055ac5b9-f49e-4d74-bc36-ad8f05f0c882,c3,DROP,1021,e2,?,
1769494859.407695,SENT,4911e810-5d59-4255-a334-474ee5a0f239,055ac5b9-f49e-4d74-bc36-ad8f05f0c882,c3,DROP,692,?,x10,
1769494859.4077342,FORWARDED,4911e810-5d59-4255-a334-474ee5a0f239,055ac5b9-f49e-4d74-bc36-ad8f05f0c882,c3,DROP,692,?,x10,
1769494859.5032647,RECEIVED,ac99ab3e-b4b2-4a12-b66b-27f254c2ad98,af0c3eed-1360-4ca4-b495-aae030984d59,c4,DROP,446,x4,?,
1769494859.5122135,RECEIVED,9f1b011e-edca-4df2-815f-e519f1989639,93eef48b-3a9f-457c-8287-85c59fbddf1a,c5,DROP,1017,e4,?,
1769494859.56585,SENT,9f1b011e-edca-4df2-815f-e519f1989639,93eef48b-3a9f-457c-8287-85c59fbddf1a,c5,DROP,690,?,x1,
1769494859.565892,FORWARDED,9f1b011e-edca-4df2-815f-e519f1989639,93eef48b-3a9f-457c-8287-85c59fbddf1a,c5,DROP,690,?,x1,
1769494859.5695682,SENT,dd2e37b8-ef8c-4438-9dab-e88983ab868e,31e00fa5-6699-4a79-a3eb-424698a12d8b,c5,DROP,687,?,x4,
1769494859.5696094,FORWARDED,dd2e37b8-ef8c-4438-9dab-e88983ab868e,31e00fa5-6699-4a79-a3eb-424698a12d8b,c5,DROP,687,?,x4,
1769494859.5962293,RECEIVED,32aee453-dd4e-48dc-8992-99174e2cc40d,e405b347-6a13-44dc-8d5e-8198432ad3ad,c2,DROP,1011,e8,?,
1769494859.6081045,RECEIVED,0cf829b3-cd45-43cc-8077-94db965b6e3d,171c7043-1246-41f6-a1cf-aac86e85b6c1,c3,c5,1779,e2,?,
1769494859.6377962,SENT,0dda8c2d-b9f1-4e55-a2eb-ef3b64dde9bb,1f1f7fc0-a865-4617-a192-147c55c29a9b,c5,DROP,685,?,x8,
1769494859.6378353,FORWARDED,0dda8c2d-b9f1-4e55-a2eb-ef3b64dde9bb,1f1f7fc0-a865-4617-a192-147c55c29a9b,c5,DROP,685,?,x8,
1769494859.7712667,SENT,32aee453-dd4e-48dc-8992-99174e2cc40d,e405b347-6a13-44dc-8d5e-8198432ad3ad,c2,DROP,687,?,x9,
1769494859.7713807,FORWARDED,32aee453-dd4e-48dc-8992-99174e2cc40d,e405b347-6a13-44dc-8d5e-8198432ad3ad,c2,DROP,687,?,x9,
1769494859.8249717,RECEIVED,ea809a4e-c431-4309-9113-eb50dae02bf9,39779114-88cb-4955-bfb6-52927dc18278,c3,c5,1764,e2,?,
1769494860.0235326,SENT,ea809a4e-c431-4309-9113-eb50dae02bf9,39779114-88cb-4955-bfb6-52927dc18278,c3,c5,1251,?,x7,
1769494860.023569,FORWARDED,ea809a4e-c431-4309-9113-eb50dae02bf9,39779114-88cb-4955-bfb6-52927dc18278,c3,c5,1251,?,x7,
1769494860.0526166,RECEIVED,58fcc85d-5786-4e21-90a2-21bc185b8eef,6327c0ec-876c-4754-b73a-396a64991d9a,c1,DROP,1016,e2,?,
1769494860.14259,RECEIVED,23541b6f-f0ef-4298-abcb-2573a153c13b,d859a03e-0e95-4ec3-bad8-454255e23ce4,c1,DROP,1020,e6,?,
1769494860.2570426,RECEIVED,4f4d5ff9-a1ba-41f4-bcb0-818a790709b4,4a517ea7-445d-4a42-abd7-01ad4cd6d972,c1,c5,1776,e11,?,
1769494860.2754202,SENT,23541b6f-f0ef-4298-abcb-2573a153c13b,d859a03e-0e95-4ec3-bad8-454255e23ce4,c1,DROP,693,?,x7,
1769494860.2754602,FORWARDED,23541b6f-f0ef-4298-abcb-2573a153c13b,d859a03e-0e95-4ec3-bad8-454255e23ce4,c1,DROP,693,?,x7,
1769494860.348538,SENT,4f4d5ff9-a1ba-41f4-bcb0-818a790709b4,4a517ea7-445d-4a42-abd7-01ad4cd6d972,c1,c5,1259,?,x1,
1769494860.3485785,FORWARDED,4f4d5ff9-a1ba-41f4-bcb0-818a790709b4,4a517ea7-445d-4a42-abd7-01ad4cd6d972,c1,c5,1259,?,x1,
1769494860.4720418,SENT,58fcc85d-5786-4e21-90a2-21bc185b8eef,6327c0ec-876c-4754-b73a-396a64991d9a,c1,DROP,688,?,x6,
1769494860.4722576,FORWARDED,58fcc85d-5786-4e21-90a2-21bc185b8eef,6327c0ec-876c-4754-b73a-396a64991d9a,c1,DROP,688,?,x6,
1769494860.6414971,SENT,0cf829b3-cd45-43cc-8077-94db965b6e3d,171c7043-1246-41f6-a1cf-aac86e85b6c1,c3,c5,1263,?,x4,
1769494860.64154,FORWARDED,0cf829b3-cd45-43cc-8077-94db965b6e3d,171c7043-1246-41f6-a1cf-aac86e85b6c1,c3,c5,1263,?,x4,
1769494860.82589,RECEIVED,30c65552-aa2c-4785-9fa1-5a4cd2e38af2,f37fdad1-2478-4068-8e32-95faf83da625,c3,DROP,1007,e12,?,
1769494860.8384845,RECEIVED,9189b8f6-cedb-4203-8199-9a64c2111f98,20f7e56b-b38c-4167-97a2-ce4a64ebe660,c1,DROP,1012,e5,?,
1769494860.8657153,RECEIVED,6a59ba59-a791-4a2a-a09e-07ee294eeebb,897e92f0-9758-45e3-8f5d-2c567e203508,c5,DROP,1008,e1,?,
1769494860.9433818,SENT,9189b8f6-cedb-4203-8199-9a64c2111f98,20f7e56b-b38c-4167-97a2-ce4a64ebe660,c1,DROP,685,?,x3,
1769494860.9434347,FORWARDED,9189b8f6-cedb-4203-8199-9a64c2111f98,20f7e56b-b38c-4167-97a2-ce4a64ebe660,c1,DROP,685,?,x3,
1769494861.1931508,RECEIVED,5cf9b4d7-fbb6-4740-b1c3-49f9ec7fd586,7b828253-8832-4a05-9653-916ee644f894,c5,DROP,446,x5,?,
1769494861.2563243,SENT,6a59ba59-a791-4a2a-a09e-07ee294eeebb,897e92f0-9758-45e3-8f5d-2c567e203508,c5,DROP,682,?,x1,
1769494861.256369,FORWARDED,6a59ba59-a791-4a2a-a09e-07ee294eeebb,897e92f0-9758-45e3-8f5d-2c567e203508,c5,DROP,682,?,x1,
1769494861.3460636,RECEIVED,2c70a1a6-1d0f-4f43-a0f6-9db6e8987afd,55cddd5d-c2bb-496f-bd8e-2795a10ae7c1,c4,DROP,1015,e7,?,
1769494861.4102702,RECEIVED,c9ed29d8-4553-4c68-8b38-ae9f1d0c5807,e176b31a-3fe9-4ae6-af3d-30ab3c6564bf,c3,DROP,1021,e11,?,
1769494861.4650645,SENT,c9ed29d8-4553-4c68-8b38-ae9f1d0c5807,e176b31a-3fe9-4ae6-af3d-30ab3c6564bf,c3,DROP,692,?,x7,
1769494861.4651043,FORWARDED,c9ed29d8-4553-4c68-8b38-ae9f1d0c5807,e176b31a-3fe9-4ae6-af3d-30ab3c6564bf,c3,DROP,692,?,x7,
1769494861.6207366,SENT,2c70a1a6-1d0f-4f43-a0f6-9db6e8987afd,55cddd5d-c2bb-496f-bd8e-2795a10ae7c1,c4,DROP,689,?,x2,
1769494861.6207764,FORWARDED,2c70a1a6-1d0f-4f43-a0f6-9db6e8987afd,55cddd5d-c2bb-496f-bd8e-2795a10ae7c1,c4,DROP,689,?,x2,
1769494861.7599013,RECEIVED,45b150e5-75b9-4f76-932b-3f5d89b928a7,7d783f01-f575-4f53-84db-b5a2c9ea757b,c1,DROP,1007,e8,?,
1769494862.0178585,RECEIVED,041209fb-88db-465d-82ab-9533631c37bd,102e70ce-6c12-4615-918d-04b2b2e00f38,c3,DROP,441,x6,?,
1769494862.388042,RECEIVED,b173f043-d4fd-4b21-862d-5699329bf281,bbb9bccf-ddfa-4f8c-9814-8b72bd9237e9,c3,DROP,1021,e10,?,
1769494862.5499394,RECEIVED,99857111-9cba-4735-b425-5fc760e49eca,668a3220-fdbb-46d9-8af8-771f06bf75cd,c4,DROP,1013,e3,?,
1769494862.578806,RECEIVED,1f64d30b-9394-4d07-8490-126c1e43b94f,4241858f-61e2-4c05-bfc3-51a893ea0e4d,c3,DROP,1016,e4,?,
1769494862.6481607,SENT,99857111-9cba-4735-b425-5fc760e49eca,668a3220-fdbb-46d9-8af8-771f06bf75cd,c4,DROP,687,?,x1,
1769494862.6482036,FORWARDED,99857111-9cba-4735-b425-5fc760e49eca,668a3220-fdbb-46d9-8af8-771f06bf75cd,c4,DROP,687,?,x1,
1769494862.7003872,SENT,b173f043-d4fd-4b21-862d-5699329bf281,bbb9bccf-ddfa-4f8c-9814-8b72bd9237e9,c3,DROP,692,?,x12,
1769494862.7004316,FORWARDED,b173f043-d4fd-4b21-862d-5699329bf281,bbb9bccf-ddfa-4f8c-9814-8b72bd9237e9,c3,DROP,692,?,x12,
1769494862.7267756,SENT,1f64d30b-9394-4d07-8490-126c1e43b94f,4241858f-61e2-4c05-bfc3-51a893ea0e4d,c3,DROP,689,?,x12,
1769494862.726811,FORWARDED,1f64d30b-9394-4d07-8490-126c1e43b94f,4241858f-61e2-4c05-bfc3-51a893ea0e4d,c3,DROP,689,?,x12,
1769494862.7693067,RECEIVED,c5d2a23c-a159-4418-bb2b-01fb9b19c78f,b37e41d1-9c6d-474b-ab1e-0be1324733ba,c5,c2,1784,e9,?,
1769494862.941728,SENT,45b150e5-75b9-4f76-932b-3f5d89b928a7,7d783f01-f575-4f53-84db-b5a2c9ea757b,c1,DROP,684,?,x12,
1769494862.941772,FORWARDED,45b150e5-75b9-4f76-932b-3f5d89b928a7,7d783f01-f575-4f53-84db-b5a2c9ea757b,c1,DROP,684,?,x12,
1769494862.9702287,SENT,c5d2a23c-a159-4418-bb2b-01fb9b19c78f,b37e41d1-9c6d-474b-ab1e-0be1324733ba,c5,c2,1264,?,x3,
1769494862.9702725,FORWARDED,c5d2a23c-a159-4418-bb2b-01fb9b19c78f,b37e41d1-9c6d-474b-ab1e-0be1324733ba,c5,c2,1264,?,x3,
1769494863.0077288,RECEIVED,4049e819-5f05-49bd-a57f-964fb16c1356,733becc4-37c7-4139-8562-82ab8069c769,c5,DROP,1012,e9,?,
1769494863.0291817,RECEIVED,01e59103-71ce-4b82-bc2f-b6d4c2f6de2d,125ffa9c-ec19-4cb3-bf81-438d16daa9ea,c4,DROP,443,x9,?,
1769494863.0858576,SENT,30c65552-aa2c-4785-9fa1-5a4cd2e38af2,f37fdad1-2478-4068-8e32-95faf83da625,c3,DROP,683,?,x6,
1769494863.0859187,FORWARDED,30c65552-aa2c-4785-9fa1-5a4cd2e38af2,f37fdad1-2478-4068-8e32-95faf83da625,c3,DROP,683,?,x6,
1769494863.18371,RECEIVED,6aedea75-6434-43a2-a516-b95b708fd29f,547ee1b8-2f41-4f82-8966-e850e1f44788,c3,c5,1780,e6,?,
1769494863.253526,SENT,6aedea75-6434-43a2-a516-b95b708fd29f,547ee1b8-2f41-4f82-8966-e850e1f44788,c3,c5,1261,?,x4,
1769494863.2535663,FORWARDED,6aedea75-6434-43a2-a516-b95b708fd29f,547ee1b8-2f41-4f82-8966-e850e1f44788,c3,c5,1261,?,x4,
1769494863.2995923,RECEIVED,090c2485-dadc-4ced-8f21-624127c0de48,445527c5-b1b2-41b7-a57e-82743140a02d,c3,DROP,1019,e2,?,
1769494863.3524134,SENT,4049e819-5f05-49bd-a57f-964fb16c1356,733becc4-37c7-4139-8562-82ab8069c769,c5,DROP,687,?,x7,
1769494863.3524575,FORWARDED,4049e819-5f05-49bd-a57f-964fb16c1356,733becc4-37c7-4139-8562-82ab8069c769,c5,DROP,687,?,x7,
1769494863.3549914,RECEIVED,a87464bc-df28-4357-880e-a2271ddd5e7e,194e3606-4de4-4bc8-9a8d-6e8a827c63f8,c4,DROP,1015,e3,?,
1769494863.38275,RECEIVED,037bd40f-fbe6-4c66-8ed2-96923c311a92,8d6fb74e-4222-48c8-ac42-2243acee93d5,c3,DROP,1017,e7,?,
1769494863.4543798,SENT,037bd40f-fbe6-4c66-8ed2-96923c311a92,8d6fb74e-4222-48c8-ac42-2243acee93d5,c3,DROP,688,?,x2,
1769494863.4544218,FORWARDED,037bd40f-fbe6-4c66-8ed2-96923c311a92,8d6fb74e-4222-48c8-ac42-2243acee93d5,c3,DROP,688,?,x2,
1769494863.5826063,RECEIVED,6154d6a5-1af5-4405-ac1d-d4cd75a19853,495072ba-4918-4e8f-b48f-8f02378e88f3,c2,DROP,446,x3,?,
1769494863.633844,SENT,a87464bc-df28-4357-880e-a2271ddd5e7e,194e3606-4de4-4bc8-9a8d-6e8a827c63f8,c4,DROP,688,?,x1,
1769494863.6338866,FORWARDED,a87464bc-df28-4357-880e-a2271ddd5e7e,194e3606-4de4-4bc8-9a8d-6e8a827c63f8,c4,DROP,688,?,x1,
1769494863.7734637,RECEIVED,2fd29cf5-8a9d-4f63-a4dd-95cc8b0e115b,fc05d4a4-9d6a-4f0b-bdc9-3e5933cefecf,c3,DROP,1008,e6,?,
1769494863.8232007,RECEIVED,265ed0b0-7561-44ea-8244-7264a6f3792f,1c6421a0-baea-4adc-98ed-9103b641bc04,c2,DROP,445,x12,?,
1769494863.8647923,RECEIVED,eb7ed972-8ba3-412c-adf7-ea09cc4be96a,1b1b501b-b7d6-4cd1-bb0f-ef05caac0649,c2,DROP,1020,e6,?,
1769494863.9590747,RECEIVED,7d75c7cd-34c5-4eb9-be52-ef1a8b00e701,b4ce337f-3ea3-4483-aad4-f4fa5e6d94e8,c1,DROP,444,x9,?,
1769494864.0810761,RECEIVED,740e9d2f-f69f-4bf9-9996-ea58881e437b,445bcb53-1990-4a70-a1b8-f5e2bb2f2798,c5,c2,1768,e2,?,
1769494864.1444933,RECEIVED,354d0365-f04a-4ae6-a344-89e4415628c4,7f74c68f-e3a7-4d94-9cc0-82611f134756,c2,DROP,1017,e6,?,
1769494864.2031426,RECEIVED,b00d3019-f048-4376-aced-bd84bd9f1605,15dc600f-54f2-496d-9033-faf2a1a24765,c4,DROP,441,x1,?,
1769494864.2315304,RECEIVED,2a37f239-0569-4ac8-8ce7-f956f58a1a78,0c34bfe5-5264-44ac-8cb3-7c7c8169c19a,c4,c5,1781,e3,?,
1769494864.3354278,SENT,2a37f239-0569-4ac8-8ce7-f956f58a1a78,0c34bfe5-5264-44ac-8cb3-7c7c8169c19a,c4,c5,1263,?,x10,
1769494864.3354688,FORWARDED,2a37f239-0569-4ac8-8ce7-f956f58a1a78,0c34bfe5-5264-44ac-8cb3-7c7c8169c19a,c4,c5,1263,?,x10,
1769494864.3990104,RECEIVED,c91344a4-dd8f-4234-8608-56cbb1906e2b,ce84baf1-c310-4e1c-b72f-44b78dfe44a8,c5,DROP,1021,e5,?,
1769494864.4515772,SENT,740e9d2f-f69f-4bf9-9996-ea58881e437b,445bcb53-1990-4a70-a1b8-f5e2bb2f2798,c5,c2,1252,?,x4,
1769494864.4516141,FORWARDED,740e9d2f-f69f-4bf9-9996-ea58881e437b,445bcb53-1990-4a70-a1b8-f5e2bb2f2798,c5,c2,1252,?,x4,
1769494864.5127966,SENT,354d0365-f04a-4ae6-a344-89e4415628c4,7f74c68f-e3a7-4d94-9cc0-82611f134756,c2,DROP,689,?,x11,
1769494864.5128334,FORWARDED,354d0365-f04a-4ae6-a344-89e4415628c4,7f74c68f-e3a7-4d94-9cc0-82611f134756,c2,DROP,689,?,x11,
1769494864.568535,SENT,2fd29cf5-8a9d-4f63-a4dd-95cc8b0e115b,fc05d4a4-9d6a-4f0b-bdc9-3e5933cefecf,c3,DROP,683,?,x12,
1769494864.568575,FORWARDED,2fd29cf5-8a9d-4f63-a4dd-95cc8b0e115b,fc05d4a4-9d6a-4f0b-bdc9-3e5933cefecf,c3,DROP,683,?,x12,
1769494864.5748134,SENT,090c2485-dadc-4ced-8f21-624127c0de48,445527c5-b1b2-41b7-a57e-82743140a02d,c3,DROP,693,?,x11,
1769494864.5748537,FORWARDED,090c2485-dadc-4ced-8f21-624127c0de48,445527c5-b1b2-41b7-a57e-82743140a02d,c3,DROP,693,?,x11,
1769494864.613532,SENT,eb7ed972-8ba3-412c-adf7-ea09cc4be96a,1b1b501b-b7d6-4cd1-bb0f-ef05caac0649,c2,DROP,691,?,x12,
1769494864.6135733,FORWARDED,eb7ed972-8ba3-412c-adf7-ea09cc4be96a,1b1b501b-b7d6-4cd1-bb0f-ef05caac0649,c2,DROP,691,?,x12,
1769494864.6419168,RECEIVED,c0838a4e-c8ab-4026-8b70-c54475ecb240,0b6ebe27-7149-407f-bad9-7f0b6733a8ba,c2,DROP,1019,e12,?,
1769494864.6565337,RECEIVED,9b26266f-bd16-4595-b2f3-cf937656f555,ae83e308-3ecb-4cff-9f95-7b7a99fd8941,c5,DROP,445,x11,?,
1769494864.7964659,SENT,c91344a4-dd8f-4234-8608-56cbb1906e2b,ce84baf1-c310-4e1c-b72f-44b78dfe44a8,c5,DROP,691,?,x11,
1769494864.7965078,FORWARDED,c91344a4-dd8f-4234-8608-56cbb1906e2b,ce84baf1-c310-4e1c-b72f-44b78dfe44a8,c5,DROP,691,?,x11,
1769494864.811986,RECEIVED,01a16ed7-f109-4ebc-a732-ab388d83851d,42d87dd8-1dd9-4776-a6a7-55ea2d8ea048,c3,c5,1781,e4,?,
1769494864.972165,RECEIVED,90f48688-dd45-4f46-bcef-276691ecd9c7,ac4d87ad-eccc-4c05-8813-e9e575a70743,c2,DROP,1020,e9,?,
1769494865.0226867,RECEIVED,6cea9103-e553-4eee-a3a5-6019ede3c197,7c9e7f81-1017-47f5-be30-11103e2d50ee,c1,DROP,1020,e11,?,
1769494865.034652,RECEIVED,8088a9b4-2efc-444e-86bf-85c8fef220fb,eddf7ff3-08e4-4f65-aa3a-4d261934dcd6,c2,DROP,1019,e12,?,
1769494865.1616507,RECEIVED,11bb1ddc-55dc-4c2d-acd7-33d0a6295297,0e7d86fa-139f-4786-b8d3-fd7d5bfdebbd,c5,c2,1775,e8,?,
1769494865.266667,SENT,c0838a4e-c8ab-4026-8b70-c54475ecb240,0b6ebe27-7149-407f-bad9-7f0b6733a8ba,c2,DROP,692,?,x3,
1769494865.2667081,FORWARDED,c0838a4e-c8ab-4026-8b70-c54475ecb240,0b6ebe27-7149-407f-bad9-7f0b6733a8ba,c2,DROP,692,?,x3,
1769494865.307033,SENT,01a16ed7-f109-4ebc-a732-ab388d83851d,42d87dd8-1dd9-4776-a6a7-55ea2d8ea048,c3,c5,1263,?,x11,
1769494865.307085,FORWARDED,01a16ed7-f109-4ebc-a732-ab388d83851d,42d87dd8-1dd9-4776-a6a7-55ea2d8ea048,c3,c5,1263,?,x11,
1769494865.333091,SENT,8088a9b4-2efc-444e-86bf-85c8fef220fb,eddf7ff3-08e4-4f65-aa3a-4d261934dcd6,c2,DROP,691,?,x8,
1769494865.333133,FORWARDED,8088a9b4-2efc-444e-86bf-85c8fef220fb,eddf7ff3-08e4-4f65-aa3a-4d261934dcd6,c2,DROP,691,?,x8,
1769494865.3527703,RECEIVED,1ce724ed-b0c6-4cf2-a1a3-31d59cc2a51e,a7c560f3-8077-4c6b-99dc-f7c5673069c0,c2,DROP,442,x11,?,
1769494865.4698808,SENT,11bb1ddc-55dc-4c2d-acd7-33d0a6295297,0e7d86fa-139f-4786-b8d3-fd7d5bfdebbd,c5,c2,1260,?,x2,
1769494865.4699225,FORWARDED,11bb1ddc-55dc-4c2d-acd7-33d0a6295297,0e7d86fa-139f-4786-b8d3-fd7d5bfdebbd,c5,c2,1260,?,x2,
1769494865.4779263,SENT,6cea9103-e553-4eee-a3a5-6019ede3c197,7c9e7f81-1017-47f5-be30-11103e2d50ee,c1,DROP,691,?,x11,
1769494865.4779673,FORWARDED,6cea9103-e553-4eee-a3a5-6019ede3c197,7c9e7f81-1017-47f5-be30-11103e2d50ee,c1,DROP,691,?,x11,
1769494865.487398,RECEIVED,b6aa073d-2a98-4283-bf1f-bf07c54ebff3,1223130b-be72-4c75-8e6f-ee320bf6645b,c3,DROP,441,x3,?,
1769494865.5228267,RECEIVED,b4ab5a1c-f770-4550-9be3-9edf8f50a282,5c7764f3-ab62-42cd-a1ec-3475ddde4949,c5,DROP,1007,e9,?,
1769494865.7848678,RECEIVED,7cdedb1f-7912-43f1-84ac-e1a5727f71ac,ca5a8c03-631f-44f1-a265-ba5561c8e210,c1,DROP,1025,e6,?,
1769494865.8713877,SENT,7cdedb1f-7912-43f1-84ac-e1a5727f71ac,ca5a8c03-631f-44f1-a265-ba5561c8e210,c1,DROP,696,?,x7,
1769494865.8714292,FORWARDED,7cdedb1f-7912-43f1-84ac-e1a5727f71ac,ca5a8c03-631f-44f1-a265-ba5561c8e210,c1,DROP,696,?,x7,
1769494866.0364327,SENT,90f48688-dd45-4f46-bcef-276691ecd9c7,ac4d87ad-eccc-4c05-8813-e9e575a70743,c2,DROP,693,?,x10,
1769494866.0364747,FORWARDED,90f48688-dd45-4f46-bcef-276691ecd9c7,ac4d87ad-eccc-4c05-8813-e9e575a70743,c2,DROP,693,?,x10,
1769494866.1313894,RECEIVED,5abebcfc-414c-43c0-a468-64707f161a18,643499df-63ba-4b6c-aedb-4ec366a61386,c4,DROP,1005,e8,?,
1769494866.1964028,RECEIVED,4ed84858-b1b4-42a7-b41e-174d3d9d2946,d38571af-194b-442f-89be-cd261aa54798,c3,DROP,1015,e9,?,
1769494866.1994362,RECEIVED,4bad3bdd-df0d-4246-8493-98aba21cb96b,d54ed393-087d-465c-9cc5-ce2bbd4be48a,c4,DROP,1006,e3,?,
1769494866.5629287,RECEIVED,41b99d9d-5f34-4729-9a13-a52c92779193,bc02b70b-8461-4170-8900-7f711669fe28,c1,c5,1784,e4,?,
1769494866.6796396,SENT,41b99d9d-5f34-4729-9a13-a52c92779193,bc02b70b-8461-4170-8900-7f711669fe28,c1,c5,1265,?,x1,
1769494866.6796794,FORWARDED,41b99d9d-5f34-4729-9a13-a52c92779193,bc02b70b-8461-4170-8900-7f711669fe28,c1,c5,1265,?,x1,
1769494866.6954243,RECEIVED,4b3e0108-562f-49e8-b1c7-b3e27e3b63b5,823decd5-032c-4f4b-b3c3-9fa4d4e59718,c1,DROP,1020,e8,?,
1769494866.729452,SENT,4ed84858-b1b4-42a7-b41e-174d3d9d2946,d38571af-194b-442f-89be-cd261aa54798,c3,DROP,688,?,x2,
1769494866.7294896,FORWARDED,4ed84858-b1b4-42a7-b41e-174d3d9d2946,d38571af-194b-442f-89be-cd261aa54798,c3,DROP,688,?,x2,
1769494866.7333286,RECEIVED,684fe11d-8674-4c47-802f-ebf62f956993,34c06c2a-1825-4d35-8938-d8a13c8fd8c8,c4,DROP,441,x6,?,
1769494866.7354493,RECEIVED,5795d140-e1f2-4d45-910e-fe0e283305d1,40c24ddf-60bd-4c6c-8c62-1bf9fee4e6d5,c3,DROP,1030,e8,?,
1769494866.7959895,RECEIVED,8aed6a33-82e5-4dd4-ac0d-272b1c8ebb0c,117668f5-f5fe-496d-bbb1-61137689a355,c5,DROP,441,x3,?,
1769494866.8092778,SENT,5795d140-e1f2-4d45-910e-fe0e283305d1,40c24ddf-60bd-4c6c-8c62-1bf9fee4e6d5,c3,DROP,698,?,x4,
1769494866.8093197,FORWARDED,5795d140-e1f2-4d45-910e-fe0e283305d1,40c24ddf-60bd-4c6c-8c62-1bf9fee4e6d5,c3,DROP,698,?,x4,
1769494866.8107615,SENT,4b3e0108-562f-49e8-b1c7-b3e27e3b63b5,823decd5-032c-4f4b-b3c3-9fa4d4e59718,c1,DROP,692,?,x12,
1769494866.8107994,FORWARDED,4b3e0108-562f-49e8-b1c7-b3e27e3b63b5,823decd5-032c-4f4b-b3c3-9fa4d4e59718,c1,DROP,692,?,x12,
1769494866.8237026,SENT,b4ab5a1c-f770-4550-9be3-9edf8f50a282,5c7764f3-ab62-42cd-a1ec-3475ddde4949,c5,DROP,683,?,x6,
1769494866.8237414,FORWARDED,b4ab5a1c-f770-4550-9be3-9edf8f50a282,5c7764f3-ab62-42cd-a1ec-3475ddde4949,c5,DROP,683,?,x6,
1769494866.9465864,RECEIVED,061c335c-444e-4d5e-b4cc-54ad6ac5bb69,7b52dfd2-6b6e-4720-aa12-4c2beebd5d76,c4,DROP,1008,e9,?,
1769494867.1153383,RECEIVED,0de6e6ed-ddbb-405b-9eea-127fec8b418f,fb13856f-6c79-4953-97b6-d5ef301b2291,c1,c5,1763,e2,?,
1769494867.1469789,RECEIVED,8ed223c6-667f-4569-98e2-a91c9aafdbbe,f8079e4f-13d8-4338-8adc-72d7437176b0,c4,DROP,1020,e4,?,
1769494867.196658,RECEIVED,2821a78a-ad50-4d2d-9e59-20b5c2100339,62f58653-8e4c-4726-88d7-c7f558f6001b,c2,c3,1785,e11,?,
1769494867.311921,SENT,2821a78a-ad50-4d2d-9e59-20b5c2100339,62f58653-8e4c-4726-88d7-c7f558f6001b,c2,c3,1264,?,x12,
1769494867.311963,FORWARDED,2821a78a-ad50-4d2d-9e59-20b5c2100339,62f58653-8e4c-4726-88d7-c7f558f6001b,c2,c3,1264,?,x12,
1769494867.3674254,SENT,4bad3bdd-df0d-4246-8493-98aba21cb96b,d54ed393-087d-465c-9cc5-ce2bbd4be48a,c4,DROP,684,?,x7,
1769494867.3674657,FORWARDED,4bad3bdd-df0d-4246-8493-98aba21cb96b,d54ed393-087d-465c-9cc5-ce2bbd4be48a,c4,DROP,684,?,x7,
1769494867.3892496,RECEIVED,c6f51a26-1f13-4bc5-8ef3-d651375dea5d,effe83eb-896e-498c-a1bf-3c8ce61de847,c4,c5,1781,e12,?,
1769494867.474093,SENT,c6f51a26-1f13-4bc5-8ef3-d651375dea5d,effe83eb-896e-498c-a1bf-3c8ce61de847,c4,c5,1263,?,x2,
1769494867.4741323,FORWARDED,c6f51a26-1f13-4bc5-8ef3-d651375dea5d,effe83eb-896e-498c-a1bf-3c8ce61de847,c4,c5,1263,?,x2,
1769494867.6096742,RECEIVED,b193cbb9-216a-441d-8c9d-4625a0a415ed,190dc05c-c0fd-4954-8695-86a1e43fd53a,c5,DROP,1021,e12,?,
1769494867.6704657,RECEIVED,e6006bea-89af-4bf6-a139-823f769df140,1c343d38-390f-4945-89be-626bfd71d489,c3,DROP,1011,e4,?,
1769494867.7052634,SENT,0de6e6ed-ddbb-405b-9eea-127fec8b418f,fb13856f-6c79-4953-97b6-d5ef301b2291,c1,c5,1251,?,x4,
1769494867.7053065,FORWARDED,0de6e6ed-ddbb-405b-9eea-127fec8b418f,fb13856f-6c79-4953-97b6-d5ef301b2291,c1,c5,1251,?,x4,
1769494867.7746356,RECEIVED,8394949c-9035-4d0e-bddc-7fe1e380da57,97462109-bf30-4c53-bb91-f180c6ae77b1,c1,DROP,442,x10,?,
1769494867.8953469,SENT,8ed223c6-667f-4569-98e2-a91c9aafdbbe,f8079e4f-13d8-4338-8adc-72d7437176b0,c4,DROP,692,?,x12,
1769494867.8953881,FORWARDED,8ed223c6-667f-4569-98e2-a91c9aafdbbe,f8079e4f-13d8-4338-8adc-72d7437176b0,c4,DROP,692,?,x12,
1769494867.9093828,SENT,061c335c-444e-4d5e-b4cc-54ad6ac5bb69,7b52dfd2-6b6e-4720-aa12-4c2beebd5d76,c4,DROP,683,?,x12,
1769494867.9094152,FORWARDED,061c335c-444e-4d5e-b4cc-54ad6ac5bb69,7b52dfd2-6b6e-4720-aa12-4c2beebd5d76,c4,DROP,683,?,x12,
1769494867.977275,SENT,b193cbb9-216a-441d-8c9d-4625a0a415ed,190dc05c-c0fd-4954-8695-86a1e43fd53a,c5,DROP,691,?,x10,
1769494867.9773574,FORWARDED,b193cbb9-216a-441d-8c9d-4625a0a415ed,190dc05c-c0fd-4954-8695-86a1e43fd53a,c5,DROP,691,?,x10,
1769494868.0898788,RECEIVED,a5c8005f-c6aa-475f-a04d-32691ee9c141,c3fe73b5-32c6-4509-8b08-67d160b2cf8a,c4,DROP,442,x6,?,
1769494868.1001377,RECEIVED,ed3b50f3-d275-4b6e-b373-37ae2c3de537,7903cc2c-af4b-4cac-ab9c-47e302799beb,c1,DROP,1007,e9,?,
1769494868.2043054,SENT,5abebcfc-414c-43c0-a468-64707f161a18,643499df-63ba-4b6c-aedb-4ec366a61386,c4,DROP,684,?,x1,
1769494868.2043462,FORWARDED,5abebcfc-414c-43c0-a468-64707f161a18,643499df-63ba-4b6c-aedb-4ec366a61386,c4,DROP,684,?,x1,
1769494868.310835,RECEIVED,8eb98c76-b491-47e7-83e8-0b3adced880f,9bea4264-30b8-4bd2-a90f-4d06553d2c53,c1,c5,1776,e5,?,
1769494868.4593735,RECEIVED,de35e4bb-57cf-4829-9227-780e018bfd25,ae5c702e-44b7-471e-b65b-f95d0d190296,c4,DROP,1020,e8,?,
1769494868.5410764,RECEIVED,c57cd69f-65a7-4fd1-bf3c-eb52c77508d1,da4460eb-ec10-4ec2-ba05-3b752a083f9f,c5,DROP,1009,e2,?,
1769494868.61723,RECEIVED,15ff951e-6289-4f3d-9618-35ebb0e82032,a03f3fd0-19d9-4ccb-9640-259e124f02c8,c1,DROP,1007,e2,?,
1769494868.658068,SENT,c57cd69f-65a7-4fd1-bf3c-eb52c77508d1,da4460eb-ec10-4ec2-ba05-3b752a083f9f,c5,DROP,684,?,x11,
1769494868.65811,FORWARDED,c57cd69f-65a7-4fd1-bf3c-eb52c77508d1,da4460eb-ec10-4ec2-ba05-3b752a083f9f,c5,DROP,684,?,x11,
1769494868.7599313,RECEIVED,69d0d4bb-e577-45cd-903a-344d92d0587a,c7891f6d-3b3f-42af-8ba8-75b9e0cbd4de,c5,DROP,443,x4,?,
1769494868.8483949,RECEIVED,0692b139-d523-4b53-9e83-7199c891f605,93abcc63-f4c3-4670-b251-4ab78ac4a2dd,c1,DROP,1023,e9,?,
1769494868.8935926,RECEIVED,e879bf17-734e-4d1d-b916-f166ac95f38b,9db31096-488e-4db3-96cf-aede89abce87,c4,DROP,445,x7,?,
1769494868.925066,SENT,8eb98c76-b491-47e7-83e8-0b3adced880f,9bea4264-30b8-4bd2-a90f-4d06553d2c53,c1,c5,1259,?,x11,
1769494868.9251084,FORWARDED,8eb98c76-b491-47e7-83e8-0b3adced880f,9bea4264-30b8-4bd2-a90f-4d06553d2c53,c1,c5,1259,?,x11,
1769494868.9852207,SENT,15ff951e-6289-4f3d-9618-35ebb0e82032,a03f3fd0-19d9-4ccb-9640-259e124f02c8,c1,DROP,683,?,x4,
1769494868.985447,FORWARDED,15ff951e-6289-4f3d-9618-35ebb0e82032,a03f3fd0-19d9-4ccb-9640-259e124f02c8,c1,DROP,683,?,x4,
1769494868.990755,RECEIVED,6317350d-a9d7-4f02-b293-4676c7387bac,73b40db8-f7ce-4bf3-b090-9e31485413ec,c3,DROP,1007,e9,?,
1769494869.104487,SENT,e6006bea-89af-4bf6-a139-823f769df140,1c343d38-390f-4945-89be-626bfd71d489,c3,DROP,687,?,x9,
1769494869.1045282,FORWARDED,e6006bea-89af-4bf6-a139-823f769df140,1c343d38-390f-4945-89be-626bfd71d489,c3,DROP,687,?,x9,
1769494869.1770737,RECEIVED,2877e52f-77ff-45d0-8c6f-0faf0b3c375b,b6da3213-b15d-4e97-8107-c2ad48d6f259,c2,DROP,1012,e7,?,
1769494869.2468474,RECEIVED,2d0abf7f-81aa-42df-a438-d79cf4f9d58d,571cc09a-2cd3-44e6-b2d8-8a2ce6ec4e83,c2,DROP,445,x11,?,
1769494869.2877402,SENT,de35e4bb-57cf-4829-9227-780e018bfd25,ae5c702e-44b7-471e-b65b-f95d0d190296,c4,DROP,693,?,x11,
1769494869.287778,FORWARDED,de35e4bb-57cf-4829-9227-780e018bfd25,ae5c702e-44b7-471e-b65b-f95d0d190296,c4,DROP,693,?,x11,
1769494869.3052452,RECEIVED,d104841f-1e6b-4be1-87b5-110bb751d10e,d3fb6536-30e9-4820-a1d6-4681ec3751bb,c5,DROP,1010,e2,?,
1769494869.3970013,SENT,d104841f-1e6b-4be1-87b5-110bb751d10e,d3fb6536-30e9-4820-a1d6-4681ec3751bb,c5,DROP,684,?,x11,
1769494869.3970432,FORWARDED,d104841f-1e6b-4be1-87b5-110bb751d10e,d3fb6536-30e9-4820-a1d6-4681ec3751bb,c5,DROP,684,?,x11,
1769494869.4248824,RECEIVED,7ad45686-7d04-4e90-9c86-605b55f04706,760586c4-f2e2-4e85-bc1e-fe0224ac4587,c2,c3,1779,e4,?,
1769494869.679849,SENT,2877e52f-77ff-45d0-8c6f-0faf0b3c375b,b6da3213-b15d-4e97-8107-c2ad48d6f259,c2,DROP,686,?,x4,
1769494869.6799042,FORWARDED,2877e52f-77ff-45d0-8c6f-0faf0b3c375b,b6da3213-b15d-4e97-8107-c2ad48d6f259,c2,DROP,686,?,x4,
1769494869.7123284,SENT,6317350d-a9d7-4f02-b293-4676c7387bac,73b40db8-f7ce-4bf3-b090-9e31485413ec,c3,DROP,683,?,x6,
1769494869.7123618,FORWARDED,6317350d-a9d7-4f02-b293-4676c7387bac,73b40db8-f7ce-4bf3-b090-9e31485413ec,c3,DROP,683,?,x6,
1769494869.813952,RECEIVED,44b70a44-0a72-4f46-9c72-083acea096d8,5cad9614-7c0d-4b17-b737-09d33026a837,c5,DROP,1011,e11,?,
1769494869.844202,RECEIVED,7e930228-e551-4e52-8dba-72033f49ab0f,6093b987-f262-49b2-b729-325945abf085,c3,c5,1779,e8,?,
1769494869.8699129,RECEIVED,0b543c2b-41d8-45c4-9de7-c5c9402810b9,d2feed7e-d2db-454a-ac65-591939e3a0a1,c3,DROP,1021,e6,?,
1769494869.9913182,RECEIVED,1249a78e-a11f-4176-8ef5-cf107c7f5542,d64c2c2d-5c6c-487f-a914-073bd5eefefb,c2,DROP,443,x10,?,
1769494870.0049639,SENT,ed3b50f3-d275-4b6e-b373-37ae2c3de537,7903cc2c-af4b-4cac-ab9c-47e302799beb,c1,DROP,684,?,x6,
1769494870.005001,FORWARDED,ed3b50f3-d275-4b6e-b373-37ae2c3de537,7903cc2c-af4b-4cac-ab9c-47e302799beb,c1,DROP,684,?,x6,
1769494870.0427978,RECEIVED,f4c9b56a-d5e4-482d-9e8c-462eb632a7f6,18ff44e4-3fb6-4559-9960-0e70ad219a99,c5,DROP,439,x6,?,
1769494870.0543664,SENT,0b543c2b-41d8-45c4-9de7-c5c9402810b9,d2feed7e-d2db-454a-ac65-591939e3a0a1,c3,DROP,691,?,x12,
1769494870.0544176,FORWARDED,0b543c2b-41d8-45c4-9de7-c5c9402810b9,d2feed7e-d2db-454a-ac65-591939e3a0a1,c3,DROP,691,?,x12,
1769494870.0859745,RECEIVED,0b63b470-ff51-43a3-ae05-78a0b598a587,78741b66-a9c9-4edb-964c-74c6bd1305d3,c1,DROP,1023,e9,?,
1769494870.1465478,SENT,7ad45686-7d04-4e90-9c86-605b55f04706,760586c4-f2e2-4e85-bc1e-fe0224ac4587,c2,c3,1262,?,x2,
1769494870.1465836,FORWARDED,7ad45686-7d04-4e90-9c86-605b55f04706,760586c4-f2e2-4e85-bc1e-fe0224ac4587,c2,c3,1262,?,x2,
1769494870.3324318,SENT,7e930228-e551-4e52-8dba-72033f49ab0f,6093b987-f262-49b2-b729-325945abf085,c3,c5,1262,?,x5,
1769494870.33247,FORWARDED,7e930228-e551-4e52-8dba-72033f49ab0f,6093b987-f262-49b2-b729-325945abf085,c3,c5,1262,?,x5,
1769494870.5102122,SENT,0692b139-d523-4b53-9e83-7199c891f605,93abcc63-f4c3-4670-b251-4ab78ac4a2dd,c1,DROP,694,?,x8,
1769494870.5102518,FORWARDED,0692b139-d523-4b53-9e83-7199c891f605,93abcc63-f4c3-4670-b251-4ab78ac4a2dd,c1,DROP,694,?,x8,
1769494870.5582986,RECEIVED,fa65711f-f05d-4628-a367-70b9ac2dec74,f4c11267-9e4c-4911-adc0-8df1b1512fa4,c3,DROP,1018,e5,?,
1769494870.5948591,SENT,44b70a44-0a72-4f46-9c72-083acea096d8,5cad9614-7c0d-4b17-b737-09d33026a837,c5,DROP,687,?,x8,
1769494870.5950956,FORWARDED,44b70a44-0a72-4f46-9c72-083acea096d8,5cad9614-7c0d-4b17-b737-09d33026a837,c5,DROP,687,?,x8,
1769494870.7025836,RECEIVED,17f0066e-cd4c-46da-8d68-c4a11e648f25,707a4de7-d621-4e06-83e6-99a1c9867f54,c5,DROP,445,x10,?,
1769494870.73882,SENT,0b63b470-ff51-43a3-ae05-78a0b598a587,78741b66-a9c9-4edb-964c-74c6bd1305d3,c1,DROP,694,?,x7,
1769494870.7388642,FORWARDED,0b63b470-ff51-43a3-ae05-78a0b598a587,78741b66-a9c9-4edb-964c-74c6bd1305d3,c1,DROP,694,?,x7,
1769494870.840559,RECEIVED,baf1aaa0-934b-4ef6-a674-9a1a1f5ed1e0,ad560ae4-61f4-4d63-9c23-51d85f08f657,c5,DROP,1011,e7,?,
1769494870.9964359,SENT,baf1aaa0-934b-4ef6-a674-9a1a1f5ed1e0,ad560ae4-61f4-4d63-9c23-51d85f08f657,c5,DROP,687,?,x1,
1769494870.9964752,FORWARDED,baf1aaa0-934b-4ef6-a674-9a1a1f5ed1e0,ad560ae4-61f4-4d63-9c23-51d85f08f657,c5,DROP,687,?,x1,
1769494871.0624018,RECEIVED,fdc99706-3e45-40b6-9080-320c3edc1aeb,faab4dba-9e19-4f99-94e6-16030e424a15,c1,c5,1783,e1,?,
1769494871.1897082,RECEIVED,21eb4849-8668-4617-b60a-d3eb02cbb86c,1ace1271-9414-472d-8495-dab7c28c7cbb,c5,c2,1784,e6,?,
1769494871.2662387,RECEIVED,6a488710-07e5-4073-b138-24e5b384797e,1b71c224-1ddd-4aa3-9cc4-0a3d955b7fff,c1,DROP,441,x11,?,
1769494871.4082463,RECEIVED,3833bb97-f251-4aa4-85f1-991fd50c750d,95ad1b83-8957-4227-b5e8-e31d0caabbf5,c1,DROP,1008,e5,?,
1769494871.4682267,SENT,21eb4849-8668-4617-b60a-d3eb02cbb86c,1ace1271-9414-472d-8495-dab7c28c7cbb,c5,c2,1265,?,x6,
1769494871.4682674,FORWARDED,21eb4849-8668-4617-b60a-d3eb02cbb86c,1ace1271-9414-472d-8495-dab7c28c7cbb,c5,c2,1265,?,x6,
1769494871.476945,RECEIVED,8334d225-ccb7-4902-9d2b-05bf1e74558a,5135bf42-f942-4011-806f-b5ae0ccf6bc4,c5,DROP,1020,e9,?,
1769494871.5008485,SENT,3833bb97-f251-4aa4-85f1-991fd50c750d,95ad1b83-8957-4227-b5e8-e31d0caabbf5,c1,DROP,683,?,x5,
1769494871.5008924,FORWARDED,3833bb97-f251-4aa4-85f1-991fd50c750d,95ad1b83-8957-4227-b5e8-e31d0caabbf5,c1,DROP,683,?,x5,
1769494871.50867,RECEIVED,c81bfa96-0bf1-4d84-abd8-2d91d534f450,90d72c6e-dd47-4828-9b6a-ac2fd1704006,c1,DROP,1015,e3,?,
1769494871.6121745,SENT,fdc99706-3e45-40b6-9080-320c3edc1aeb,faab4dba-9e19-4f99-94e6-16030e424a15,c1,c5,1264,?,x7,
1769494871.6122148,FORWARDED,fdc99706-3e45-40b6-9080-320c3edc1aeb,faab4dba-9e19-4f99-94e6-16030e424a15,c1,c5,1264,?,x7,
1769494871.775702,SENT,fa65711f-f05d-4628-a367-70b9ac2dec74,f4c11267-9e4c-4911-adc0-8df1b1512fa4,c3,DROP,693,?,x7,
1769494871.7757466,FORWARDED,fa65711f-f05d-4628-a367-70b9ac2dec74,f4c11267-9e4c-4911-adc0-8df1b1512fa4,c3,DROP,693,?,x7,
1769494871.8383796,RECEIVED,b6a36abb-86e3-4e6b-85ae-d619f43aa23f,e46304cd-6180-4354-b1b6-7735ad685aa9,c2,DROP,1018,e12,?,
1769494871.9402046,RECEIVED,6ab8208a-5af4-42a0-b9d7-e834f36130c7,ef32142d-d0ab-4343-b31f-6cc3ee5e7fbc,c5,DROP,1016,e3,?,
1769494871.9569263,RECEIVED,db04b459-703e-4779-8eca-0da86ca87a80,5ea2ffb2-95e1-4d74-b49f-23263ef41658,c1,DROP,1008,e2,?,
1769494872.0897393,SENT,b6a36abb-86e3-4e6b-85ae-d619f43aa23f,e46304cd-6180-4354-b1b6-7735ad685aa9,c2,DROP,692,?,x9,
1769494872.089786,FORWARDED,b6a36abb-86e3-4e6b-85ae-d619f43aa23f,e46304cd-6180-4354-b1b6-7735ad685aa9,c2,DROP,692,?,x9,
1769494872.150584,RECEIVED,4c53233c-9659-4a7c-9e00-1a21ba396d7c,32ffeb43-23cb-43fa-8543-421803689e39,c3,c5,1779,e10,?,
1769494872.156447,SENT,db04b459-703e-4779-8eca-0da86ca87a80,5ea2ffb2-95e1-4d74-b49f-23263ef41658,c1,DROP,683,?,x7,
1769494872.1564882,FORWARDED,db04b459-703e-4779-8eca-0da86ca87a80,5ea2ffb2-95e1-4d74-b49f-23263ef41658,c1,DROP,683,?,x7,
1769494872.2057717,SENT,6ab8208a-5af4-42a0-b9d7-e834f36130c7,ef32142d-d0ab-4343-b31f-6cc3ee5e7fbc,c5,DROP,688,?,x5,
1769494872.2058058,FORWARDED,6ab8208a-5af4-42a0-b9d7-e834f36130c7,ef32142d-d0ab-4343-b31f-6cc3ee5e7fbc,c5,DROP,688,?,x5,
1769494872.2622023,RECEIVED,85cf2768-efea-4730-b76c-f1d0a741f841,59fbc403-256d-4e10-928c-a4e829a359e5,c3,c5,1772,e1,?,
1769494872.4950109,RECEIVED,ba96c32a-2061-4c03-a707-fbb651de1491,74cae3a7-1c95-4b59-ac3c-1d7d5978d905,c1,DROP,445,x12,?,
1769494872.560475,RECEIVED,7ddba6df-cdee-4ba6-b3fa-68e2536bfa32,b5298c3e-b394-446d-8647-725f2421d260,c5,DROP,442,x1,?,
1769494872.6407607,SENT,8334d225-ccb7-4902-9d2b-05bf1e74558a,5135bf42-f942-4011-806f-b5ae0ccf6bc4,c5,DROP,692,?,x10,
1769494872.6408007,FORWARDED,8334d225-ccb7-4902-9d2b-05bf1e74558a,5135bf42-f942-4011-806f-b5ae0ccf6bc4,c5,DROP,692,?,x10,
1769494872.743312,SENT,85cf2768-efea-4730-b76c-f1d0a741f841,59fbc403-256d-4e10-928c-a4e829a359e5,c3,c5,1256,?,x5,
1769494872.7433574,FORWARDED,85cf2768-efea-4730-b76c-f1d0a741f841,59fbc403-256d-4e10-928c-a4e829a359e5,c3,c5,1256,?,x5,
1769494872.7708435,SENT,4c53233c-9659-4a7c-9e00-1a21ba396d7c,32ffeb43-23cb-43fa-8543-421803689e39,c3,c5,1263,?,x8,
1769494872.7708845,FORWARDED,4c53233c-9659-4a7c-9e00-1a21ba396d7c,32ffeb43-23cb-43fa-8543-421803689e39,c3,c5,1263,?,x8,
1769494872.775647,RECEIVED,ff563254-277d-4fd4-b1e3-19029c40d61a,43d73764-ad94-4a87-b76c-0357c54d0d5b,c2,DROP,1021,e11,?,
1769494872.8744276,SENT,ff563254-277d-4fd4-b1e3-19029c40d61a,43d73764-ad94-4a87-b76c-0357c54d0d5b,c2,DROP,691,?,x12,
1769494872.874463,FORWARDED,ff563254-277d-4fd4-b1e3-19029c40d61a,43d73764-ad94-4a87-b76c-0357c54d0d5b,c2,DROP,691,?,x12,
1769494873.022314,RECEIVED,31920209-b823-4272-a93f-40fd267a97a7,f0c18ad2-22b5-4d88-a0fb-7a39c355b91f,c5,DROP,1007,e1,?,
1769494873.0667017,SENT,c81bfa96-0bf1-4d84-abd8-2d91d534f450,90d72c6e-dd47-4828-9b6a-ac2fd1704006,c1,DROP,688,?,x5,
1769494873.0667453,FORWARDED,c81bfa96-0bf1-4d84-abd8-2d91d534f450,90d72c6e-dd47-4828-9b6a-ac2fd1704006,c1,DROP,688,?,x5,
1769494873.1002388,RECEIVED,562388b5-c1dc-40e6-b4d8-8ed30b1707db,8fe48328-4e54-4c7c-9cd2-a28ef0f172ea,c4,DROP,1021,e1,?,
1769494873.1695418,SENT,562388b5-c1dc-40e6-b4d8-8ed30b1707db,8fe48328-4e54-4c7c-9cd2-a28ef0f172ea,c4,DROP,692,?,x10,
1769494873.1695843,FORWARDED,562388b5-c1dc-40e6-b4d8-8ed30b1707db,8fe48328-4e54-4c7c-9cd2-a28ef0f172ea,c4,DROP,692,?,x10,
1769494873.212227,RECEIVED,a98da976-6f5b-413c-90ca-c478d5650688,47345b75-0bab-4039-9609-4fc6d9224a4c,c4,DROP,1019,e10,?,
1769494873.4520926,RECEIVED,c055cc01-4013-43ed-af4e-97fde26ade9f,46adc8df-261a-4093-b092-251af2a9583c,c1,DROP,1010,e5,?,
1769494873.5485973,RECEIVED,9181c8be-373d-41b4-8a3c-c045d4ac3c25,cd4083de-d3e2-49da-9555-516d1d5fdf63,c5,DROP,1008,e7,?,
1769494873.588771,SENT,31920209-b823-4272-a93f-40fd267a97a7,f0c18ad2-22b5-4d88-a0fb-7a39c355b91f,c5,DROP,683,?,x8,
1769494873.5888076,FORWARDED,31920209-b823-4272-a93f-40fd267a97a7,f0c18ad2-22b5-4d88-a0fb-7a39c355b91f,c5,DROP,683,?,x8,
1769494873.6380136,RECEIVED,d1ea8901-fd1c-4cac-8927-cee051e2416c,c0c3e80b-672b-4e43-9443-9d38259fa897,c1,c5,1779,e8,?,
1769494873.6805038,RECEIVED,d800e887-377d-4da3-95bd-610626eca9c9,22d07510-a99c-4d65-b88e-13ad41cae100,c2,DROP,1021,e7,?,
1769494873.7981555,SENT,a98da976-6f5b-413c-90ca-c478d5650688,47345b75-0bab-4039-9609-4fc6d9224a4c,c4,DROP,691,?,x7,
1769494873.7982023,FORWARDED,a98da976-6f5b-413c-90ca-c478d5650688,47345b75-0bab-4039-9609-4fc6d9224a4c,c4,DROP,691,?,x7,
1769494873.8006449,RECEIVED,f3e9187d-7380-4b89-961f-da5de31874b3,5ed60248-67c0-4a7d-9e2e-98da95b7e93c,c2,DROP,442,x12,?,
1769494873.80522,SENT,9181c8be-373d-41b4-8a3c-c045d4ac3c25,cd4083de-d3e2-49da-9555-516d1d5fdf63,c5,DROP,683,?,x7,
1769494873.8052568,FORWARDED,9181c8be-373d-41b4-8a3c-c045d4ac3c25,cd4083de-d3e2-49da-9555-516d1d5fdf63,c5,DROP,683,?,x7,
1769494873.8304796,SENT,d1ea8901-fd1c-4cac-8927-cee051e2416c,c0c3e80b-672b-4e43-9443-9d38259fa897,c1,c5,1263,?,x1,
1769494873.830521,FORWARDED,d1ea8901-fd1c-4cac-8927-cee051e2416c,c0c3e80b-672b-4e43-9443-9d38259fa897,c1,c5,1263,?,x1,
1769494873.8453183,RECEIVED,1b0858ed-ef33-4638-addd-6be5d8db8915,929cf953-b13b-4fc1-b41c-8f986dd2e92e,c5,c2,1784,e11,?,
1769494873.8459709,RECEIVED,88416b08-c5f4-4e3c-87aa-fc13690f3ab7,6a12a8dd-1db9-4ce2-8d72-499251cd8b9e,c5,DROP,1008,e10,?,
1769494873.8985913,RECEIVED,57c23d56-675b-4790-8c4c-08fbc246b452,79953bf5-e98c-44f5-a4a3-5f30b651ff8b,c4,DROP,1020,e2,?,
1769494873.9235835,SENT,1b0858ed-ef33-4638-addd-6be5d8db8915,929cf953-b13b-4fc1-b41c-8f986dd2e92e,c5,c2,1264,?,x11,
1769494873.923623,FORWARDED,1b0858ed-ef33-4638-addd-6be5d8db8915,929cf953-b13b-4fc1-b41c-8f986dd2e92e,c5,c2,1264,?,x11,
1769494873.9604142,SENT,88416b08-c5f4-4e3c-87aa-fc13690f3ab7,6a12a8dd-1db9-4ce2-8d72-499251cd8b9e,c5,DROP,683,?,x1,
1769494873.960456,FORWARDED,88416b08-c5f4-4e3c-87aa-fc13690f3ab7,6a12a8dd-1db9-4ce2-8d72-499251cd8b9e,c5,DROP,683,?,x1,
1769494873.999484,SENT,57c23d56-675b-4790-8c4c-08fbc246b452,79953bf5-e98c-44f5-a4a3-5f30b651ff8b,c4,DROP,693,?,x3,
1769494873.9995265,FORWARDED,57c23d56-675b-4790-8c4c-08fbc246b452,79953bf5-e98c-44f5-a4a3-5f30b651ff8b,c4,DROP,693,?,x3,
1769494874.0453165,RECEIVED,98471be9-018d-489c-b7b2-7babdc79f5d5,ad504069-4104-4948-9f45-03057d23c651,c1,DROP,1019,e5,?,
1769494874.251566,RECEIVED,6c784511-4165-409e-9ae4-52b25b593ec4,e4be5c01-c415-4715-98db-6ad7d5aac292,c5,DROP,1020,e11,?,
1769494874.2819161,RECEIVED,838e8829-1a6b-495e-aa14-0809149f64cd,b0a45641-12c4-4b92-bd02-9a1768f08aaa,c5,DROP,1019,e9,?,
1769494874.3003974,RECEIVED,1d764bc4-ad8d-4995-adfb-4bd977521769,662c3a70-2722-41e3-9a3d-d1d383af5ee7,c4,DROP,1019,e10,?,
1769494874.3818393,SENT,d800e887-377d-4da3-95bd-610626eca9c9,22d07510-a99c-4d65-b88e-13ad41cae100,c2,DROP,695,?,x2,
1769494874.3818805,FORWARDED,d800e887-377d-4da3-95bd-610626eca9c9,22d07510-a99c-4d65-b88e-13ad41cae100,c2,DROP,695,?,x2,
1769494874.5008352,RECEIVED,ab04304d-03b8-4b8b-a445-4b7263e16575,f5e5e376-a8a7-4c23-8f5e-6357e39fc513,c2,DROP,442,x7,?,
1769494874.5308783,SENT,c055cc01-4013-43ed-af4e-97fde26ade9f,46adc8df-261a-4093-b092-251af2a9583c,c1,DROP,686,?,x9,
1769494874.5309203,FORWARDED,c055cc01-4013-43ed-af4e-97fde26ade9f,46adc8df-261a-4093-b092-251af2a9583c,c1,DROP,686,?,x9,
1769494874.5539584,RECEIVED,faa09457-fbbb-401e-9003-8ca153289380,06cea969-126d-4670-bb71-fc24cd26b8e8,c3,DROP,1008,e8,?,
1769494874.6179395,RECEIVED,4f93ac18-3229-4f4d-8361-fafe36a1acb4,78316a74-4e18-4b34-b3c2-3836c107f37e,c3,c5,1788,e12,?,
1769494874.635483,SENT,4f93ac18-3229-4f4d-8361-fafe36a1acb4,78316a74-4e18-4b34-b3c2-3836c107f37e,c3,c5,1267,?,x5,
1769494874.6355245,FORWARDED,4f93ac18-3229-4f4d-8361-fafe36a1acb4,78316a74-4e18-4b34-b3c2-3836c107f37e,c3,c5,1267,?,x5,
1769494874.65924,RECEIVED,396bcec3-405d-402d-8464-926fddc6c8aa,1a6cae40-f113-4d12-b15d-cb77de882277,c1,c5,1783,e9,?,
1769494874.6653194,SENT,6c784511-4165-409e-9ae4-52b25b593ec4,e4be5c01-c415-4715-98db-6ad7d5aac292,c5,DROP,691,?,x3,
1769494874.6653602,FORWARDED,6c784511-4165-409e-9ae4-52b25b593ec4,e4be5c01-c415-4715-98db-6ad7d5aac292,c5,DROP,691,?,x3,
1769494874.7324085,RECEIVED,0a8ef3e7-99de-412d-935e-6c4e307b29e4,567bdfe2-1f4a-4437-8354-c04c4d1c7f66,c5,c2,1788,e11,?,
1769494874.7801545,RECEIVED,6494ce91-151e-44c5-9f01-9e866ffd486d,b44d1488-7e87-483c-ada7-975fdf8bcbbe,c3,DROP,1012,e3,?,
1769494874.798984,SENT,faa09457-fbbb-401e-9003-8ca153289380,06cea969-126d-4670-bb71-fc24cd26b8e8,c3,DROP,684,?,x3,
1769494874.7992766,FORWARDED,faa09457-fbbb-401e-9003-8ca153289380,06cea969-126d-4670-bb71-fc24cd26b8e8,c3,DROP,684,?,x3,
1769494874.82142,SENT,6494ce91-151e-44c5-9f01-9e866ffd486d,b44d1488-7e87-483c-ada7-975fdf8bcbbe,c3,DROP,687,?,x6,
1769494874.8214612,FORWARDED,6494ce91-151e-44c5-9f01-9e866ffd486d,b44d1488-7e87-483c-ada7-975fdf8bcbbe,c3,DROP,687,?,x6,
1769494874.8348942,SENT,838e8829-1a6b-495e-aa14-0809149f64cd,b0a45641-12c4-4b92-bd02-9a1768f08aaa,c5,DROP,692,?,x1,
1769494874.8349342,FORWARDED,838e8829-1a6b-495e-aa14-0809149f64cd,b0a45641-12c4-4b92-bd02-9a1768f08aaa,c5,DROP,692,?,x1,
1769494874.885651,RECEIVED,e4bad2ed-df3f-4e00-987a-3e7c8c5d32d6,0c663953-a6be-4248-9c75-0c389082a057,c5,DROP,1007,e1,?,
1769494874.9709682,SENT,396bcec3-405d-402d-8464-926fddc6c8aa,1a6cae40-f113-4d12-b15d-cb77de882277,c1,c5,1264,?,x8,
1769494874.9710076,FORWARDED,396bcec3-405d-402d-8464-926fddc6c8aa,1a6cae40-f113-4d12-b15d-cb77de882277,c1,c5,1264,?,x8,
1769494875.0999327,SENT,0a8ef3e7-99de-412d-935e-6c4e307b29e4,567bdfe2-1f4a-4437-8354-c04c4d1c7f66,c5,c2,1267,?,x7,
1769494875.1001904,FORWARDED,0a8ef3e7-99de-412d-935e-6c4e307b29e4,567bdfe2-1f4a-4437-8354-c04c4d1c7f66,c5,c2,1267,?,x7,
1769494875.2732823,RECEIVED,57c8b8db-4ddd-47fb-9c6c-c2b44b8c45a5,f0fc090b-1248-47f1-bbcd-7b668fb00b10,c2,DROP,445,x3,?,
1769494875.2796955,SENT,e4bad2ed-df3f-4e00-987a-3e7c8c5d32d6,0c663953-a6be-4248-9c75-0c389082a057,c5,DROP,684,?,x6,
1769494875.2797415,FORWARDED,e4bad2ed-df3f-4e00-987a-3e7c8c5d32d6,0c663953-a6be-4248-9c75-0c389082a057,c5,DROP,684,?,x6,
1769494875.296434,SENT,98471be9-018d-489c-b7b2-7babdc79f5d5,ad504069-4104-4948-9f45-03057d23c651,c1,DROP,692,?,x1,
1769494875.296475,FORWARDED,98471be9-018d-489c-b7b2-7babdc79f5d5,ad504069-4104-4948-9f45-03057d23c651,c1,DROP,692,?,x1,
1769494875.3131952,RECEIVED,6cec443a-fb04-4d33-b592-c8bf51abe732,3a6ecca7-09b1-4413-ae3c-34d83e528584,c2,DROP,445,x2,?,
1769494875.3496778,RECEIVED,e6d39b20-57ef-4b92-8f17-8acbf9ea650b,62fe2260-ca8a-4a76-a11c-a915a08dc370,c2,DROP,1007,e10,?,
1769494875.363438,SENT,1d764bc4-ad8d-4995-adfb-4bd977521769,662c3a70-2722-41e3-9a3d-d1d383af5ee7,c4,DROP,691,?,x1,
1769494875.36348,FORWARDED,1d764bc4-ad8d-4995-adfb-4bd977521769,662c3a70-2722-41e3-9a3d-d1d383af5ee7,c4,DROP,691,?,x1,
1769494875.6837518,RECEIVED,a4ff49c3-3435-49f1-857c-e99e9b0aa102,3de49d34-e93a-4223-9641-895772c82f82,c5,DROP,441,x6,?,
1769494876.2714913,RECEIVED,f073824d-e9d5-46d2-863b-154ccd95f0a3,7e2e2e2b-134c-44c1-ad76-9edb324b5482,c4,DROP,1020,e10,?,
1769494876.3484342,RECEIVED,3c250846-2f37-4106-bf46-3db4e2f1409f,3769c914-3d1d-438a-9e24-8e976a00ba7f,c4,DROP,1010,e8,?,
1769494876.3503573,RECEIVED,7308e8a4-a96d-4653-b03b-327d3416113b,6674d78c-1182-40c7-9c07-42c104f59519,c2,DROP,1021,e9,?,
1769494876.3609362,SENT,3c250846-2f37-4106-bf46-3db4e2f1409f,3769c914-3d1d-438a-9e24-8e976a00ba7f,c4,DROP,684,?,x2,
1769494876.360975,FORWARDED,3c250846-2f37-4106-bf46-3db4e2f1409f,3769c914-3d1d-438a-9e24-8e976a00ba7f,c4,DROP,684,?,x2,
1769494876.363321,SENT,e6d39b20-57ef-4b92-8f17-8acbf9ea650b,62fe2260-ca8a-4a76-a11c-a915a08dc370,c2,DROP,683,?,x5,
1769494876.3633604,FORWARDED,e6d39b20-57ef-4b92-8f17-8acbf9ea650b,62fe2260-ca8a-4a76-a11c-a915a08dc370,c2,DROP,683,?,x5,
1769494876.3669796,RECEIVED,a702addc-a62d-4e75-bb4a-0c0876b06067,a9faadb4-26c7-4bd9-aa15-f60931399bb4,c4,DROP,441,x8,?,
1769494876.4016156,SENT,f073824d-e9d5-46d2-863b-154ccd95f0a3,7e2e2e2b-134c-44c1-ad76-9edb324b5482,c4,DROP,693,?,x3,
1769494876.4016578,FORWARDED,f073824d-e9d5-46d2-863b-154ccd95f0a3,7e2e2e2b-134c-44c1-ad76-9edb324b5482,c4,DROP,693,?,x3,
1769494876.4519444,SENT,7308e8a4-a96d-4653-b03b-327d3416113b,6674d78c-1182-40c7-9c07-42c104f59519,c2,DROP,692,?,x12,
1769494876.4520366,FORWARDED,7308e8a4-a96d-4653-b03b-327d3416113b,6674d78c-1182-40c7-9c07-42c104f59519,c2,DROP,692,?,x12,
1769494876.5654776,RECEIVED,0a59d0cb-af41-44d4-b9cc-a3cd68656c06,b049abdc-c60e-4641-9f39-ba64655f9e8a,c3,c5,1781,e4,?,
1769494876.589911,RECEIVED,3d8a4ad2-191b-42e1-8198-7e217b60ce1d,7872842b-6062-4872-9bf2-a4c250f3caea,c1,DROP,1011,e8,?,
1769494876.6288972,RECEIVED,8de17692-5ad2-4a0f-b013-82ef97c3e1b8,1cdc132c-3c0e-437e-b1a7-aee1fe80f074,c4,DROP,1020,e3,?,
1769494876.6444788,RECEIVED,6b16eec5-cb2b-4e1a-912d-334c373d02a3,f4fc208d-582c-4130-aa1f-37bd26b9f7fd,c2,DROP,1020,e12,?,
1769494876.654027,SENT,0a59d0cb-af41-44d4-b9cc-a3cd68656c06,b049abdc-c60e-4641-9f39-ba64655f9e8a,c3,c5,1263,?,x10,
1769494876.654089,FORWARDED,0a59d0cb-af41-44d4-b9cc-a3cd68656c06,b049abdc-c60e-4641-9f39-ba64655f9e8a,c3,c5,1263,?,x10,
1769494876.6920638,SENT,8de17692-5ad2-4a0f-b013-82ef97c3e1b8,1cdc132c-3c0e-437e-b1a7-aee1fe80f074,c4,DROP,692,?,x10,
1769494876.6921067,FORWARDED,8de17692-5ad2-4a0f-b013-82ef97c3e1b8,1cdc132c-3c0e-437e-b1a7-aee1fe80f074,c4,DROP,692,?,x10,
1769494876.7753968,SENT,6b16eec5-cb2b-4e1a-912d-334c373d02a3,f4fc208d-582c-4130-aa1f-37bd26b9f7fd,c2,DROP,691,?,x11,
1769494876.7754323,FORWARDED,6b16eec5-cb2b-4e1a-912d-334c373d02a3,f4fc208d-582c-4130-aa1f-37bd26b9f7fd,c2,DROP,691,?,x11,
1769494876.7997487,RECEIVED,b1738935-cde6-4b17-9ab1-9f3073b96ca1,3dedc930-6485-46c5-85c0-772c8bfa1c1e,c4,DROP,1018,e12,?,
1769494876.8952327,RECEIVED,a7826efd-8e79-4886-a813-8a46ef20efa6,41cb7eb3-471d-4a21-abed-eeaa4032667b,c5,DROP,1019,e12,?,
1769494877.050735,RECEIVED,27038a7f-961a-4f2e-8f41-f6c77903ae79,4789fb0c-5f87-425b-9684-d52b7c8c6e4c,c3,DROP,1020,e4,?,
1769494877.1799316,RECEIVED,9ce09633-0643-47d9-b15e-79571825ab39,44dfae3e-9146-491f-b436-79d63945797b,c3,DROP,1011,e4,?,
1769494877.2076004,RECEIVED,66009617-8b63-48c1-bcbc-e0a3c23d96c5,4808a466-b05f-4946-ba39-44078f6739a1,c4,DROP,1020,e3,?,
1769494877.2785847,RECEIVED,4abbf807-d94f-4433-8a24-b90151c2ab9d,030354a6-ac96-4c83-8b35-02f231401853,c5,DROP,1008,e12,?,
1769494877.332284,RECEIVED,b629e835-39db-457e-981e-b70512a7f71a,e3cfdb60-5782-4568-9aad-1c4f2737300b,c4,c5,1786,e2,?,
1769494877.352612,RECEIVED,e1247e23-476b-4588-b39e-b0d0b226a2f0,c6d96234-d532-4931-8f16-5b9388b28589,c1,DROP,1008,e5,?,
1769494877.396896,RECEIVED,38d7b4b1-75a7-49c0-9b0f-0fa3eceb120d,6d3a2f11-c17a-4a5f-98ac-b6bdb3804f69,c2,DROP,1007,e10,?,
1769494877.4090128,RECEIVED,5fb70f9c-b3d5-49b5-9ded-d3a39ea3979a,156d364d-8fa0-4376-aa65-beab9a5defb7,c4,DROP,441,x3,?,
1769494877.416304,SENT,b629e835-39db-457e-981e-b70512a7f71a,e3cfdb60-5782-4568-9aad-1c4f2737300b,c4,c5,1264,?,x12,
1769494877.4163382,FORWARDED,b629e835-39db-457e-981e-b70512a7f71a,e3cfdb60-5782-4568-9aad-1c4f2737300b,c4,c5,1264,?,x12,
1769494877.419486,SENT,27038a7f-961a-4f2e-8f41-f6c77903ae79,4789fb0c-5f87-425b-9684-d52b7c8c6e4c,c3,DROP,693,?,x7,
1769494877.419524,FORWARDED,27038a7f-961a-4f2e-8f41-f6c77903ae79,4789fb0c-5f87-425b-9684-d52b7c8c6e4c,c3,DROP,693,?,x7,
1769494877.464382,SENT,e1247e23-476b-4588-b39e-b0d0b226a2f0,c6d96234-d532-4931-8f16-5b9388b28589,c1,DROP,682,?,x2,
1769494877.4644232,FORWARDED,e1247e23-476b-4588-b39e-b0d0b226a2f0,c6d96234-d532-4931-8f16-5b9388b28589,c1,DROP,682,?,x2,
1769494877.5091817,SENT,4abbf807-d94f-4433-8a24-b90151c2ab9d,030354a6-ac96-4c83-8b35-02f231401853,c5,DROP,683,?,x1,
1769494877.5092254,FORWARDED,4abbf807-d94f-4433-8a24-b90151c2ab9d,030354a6-ac96-4c83-8b35-02f231401853,c5,DROP,683,?,x1,
1769494877.5713305,RECEIVED,2c2fdf34-1c29-46f3-8b53-dae8eb0f6bd5,5a576b4b-5032-406e-a6ed-f348768674d5,c4,DROP,1019,e12,?,
1769494877.5813143,SENT,66009617-8b63-48c1-bcbc-e0a3c23d96c5,4808a466-b05f-4946-ba39-44078f6739a1,c4,DROP,693,?,x2,
1769494877.581353,FORWARDED,66009617-8b63-48c1-bcbc-e0a3c23d96c5,4808a466-b05f-4946-ba39-44078f6739a1,c4,DROP,693,?,x2,
1769494877.677292,SENT,38d7b4b1-75a7-49c0-9b0f-0fa3eceb120d,6d3a2f11-c17a-4a5f-98ac-b6bdb3804f69,c2,DROP,684,?,x1,
1769494877.6773322,FORWARDED,38d7b4b1-75a7-49c0-9b0f-0fa3eceb120d,6d3a2f11-c17a-4a5f-98ac-b6bdb3804f69,c2,DROP,684,?,x1,
1769494877.7254946,RECEIVED,884a2453-8e5b-467f-84e0-a2367ef54a78,8f4b1280-228b-48df-ac63-3de14fce80fe,c1,DROP,1011,e2,?,
1769494877.7880778,RECEIVED,60114a4e-176f-4eb9-adb1-03b4f7261bc6,fff048a0-0a0c-4f93-95ba-9c92c5e0243f,c5,DROP,441,x6,?,
1769494877.8186116,SENT,9ce09633-0643-47d9-b15e-79571825ab39,44dfae3e-9146-491f-b436-79d63945797b,c3,DROP,685,?,x8,
1769494877.8186467,FORWARDED,9ce09633-0643-47d9-b15e-79571825ab39,44dfae3e-9146-491f-b436-79d63945797b,c3,DROP,685,?,x8,
1769494877.9277754,SENT,a7826efd-8e79-4886-a813-8a46ef20efa6,41cb7eb3-471d-4a21-abed-eeaa4032667b,c5,DROP,692,?,x7,
1769494877.9278169,FORWARDED,a7826efd-8e79-4886-a813-8a46ef20efa6,41cb7eb3-471d-4a21-abed-eeaa4032667b,c5,DROP,692,?,x7,
1769494877.9758313,SENT,3d8a4ad2-191b-42e1-8198-7e217b60ce1d,7872842b-6062-4872-9bf2-a4c250f3caea,c1,DROP,687,?,x5,
1769494877.9758818,FORWARDED,3d8a4ad2-191b-42e1-8198-7e217b60ce1d,7872842b-6062-4872-9bf2-a4c250f3caea,c1,DROP,687,?,x5,
1769494878.029286,RECEIVED,8d832edd-f153-4f22-b6cc-41e0a5e37fd2,fc50d2a5-6248-4d7c-bb33-adf4c89be4f0,c5,DROP,1017,e11,?,
1769494878.1105237,SENT,8d832edd-f153-4f22-b6cc-41e0a5e37fd2,fc50d2a5-6248-4d7c-bb33-adf4c89be4f0,c5,DROP,690,?,x10,
1769494878.1105647,FORWARDED,8d832edd-f153-4f22-b6cc-41e0a5e37fd2,fc50d2a5-6248-4d7c-bb33-adf4c89be4f0,c5,DROP,690,?,x10,
1769494878.1219954,SENT,2c2fdf34-1c29-46f3-8b53-dae8eb0f6bd5,5a576b4b-5032-406e-a6ed-f348768674d5,c4,DROP,691,?,x7,
1769494878.1220381,FORWARDED,2c2fdf34-1c29-46f3-8b53-dae8eb0f6bd5,5a576b4b-5032-406e-a6ed-f348768674d5,c4,DROP,691,?,x7,
1769494878.2620363,SENT,b1738935-cde6-4b17-9ab1-9f3073b96ca1,3dedc930-6485-46c5-85c0-772c8bfa1c1e,c4,DROP,692,?,x7,
1769494878.2631063,FORWARDED,b1738935-cde6-4b17-9ab1-9f3073b96ca1,3dedc930-6485-46c5-85c0-772c8bfa1c1e,c4,DROP,692,?,x7,
1769494878.3976,RECEIVED,f6c21b45-6fa5-43f1-9a4a-47b8f4657ff4,1fcdccb9-88fb-4bd5-a0a4-7148d43606f0,c2,DROP,1021,e7,?,
1769494878.5135658,RECEIVED,933983bd-b378-4bf5-acaa-bcc65e6c7078,98b605aa-7de8-4886-abbd-13e92bb2f0e0,c5,c2,1785,e4,?,
1769494878.5823174,RECEIVED,7bc98a2e-7aa6-4f32-a199-f54775beea05,bbd64c69-ca3e-4aa0-9808-42ff2c9a48af,c5,DROP,441,x3,?,
1769494878.6369216,SENT,884a2453-8e5b-467f-84e0-a2367ef54a78,8f4b1280-228b-48df-ac63-3de14fce80fe,c1,DROP,686,?,x9,
1769494878.6369631,FORWARDED,884a2453-8e5b-467f-84e0-a2367ef54a78,8f4b1280-228b-48df-ac63-3de14fce80fe,c1,DROP,686,?,x9,
1769494878.6632226,SENT,f6c21b45-6fa5-43f1-9a4a-47b8f4657ff4,1fcdccb9-88fb-4bd5-a0a4-7148d43606f0,c2,DROP,693,?,x12,
1769494878.6632648,FORWARDED,f6c21b45-6fa5-43f1-9a4a-47b8f4657ff4,1fcdccb9-88fb-4bd5-a0a4-7148d43606f0,c2,DROP,693,?,x12,
1769494878.7221057,RECEIVED,92740dd0-a1fe-4895-8f9c-b56258339f03,42a81f45-fe04-4c47-a4db-8f58287f8243,c3,c5,1771,e9,?,
1769494878.836314,SENT,933983bd-b378-4bf5-acaa-bcc65e6c7078,98b605aa-7de8-4886-abbd-13e92bb2f0e0,c5,c2,1265,?,x12,
1769494878.8363557,FORWARDED,933983bd-b378-4bf5-acaa-bcc65e6c7078,98b605aa-7de8-4886-abbd-13e92bb2f0e0,c5,c2,1265,?,x12,
1769494878.8586469,RECEIVED,5083d879-43d4-406a-9c0a-5e21853a56d1,8b35bc39-0ed7-44b1-9501-e427cb953b7a,c3,DROP,1008,e9,?,
1769494878.9473426,RECEIVED,1ee9c1ee-977f-42dc-97d4-56c7727bd2e9,3619e9fe-12ef-4b47-9a8f-277f3618a119,c5,c2,1760,e8,?,
1769494879.0498552,RECEIVED,b4db2bcd-e734-4b0c-ae71-a0b84808fe0a,23f92d71-8ded-42af-b8c3-3cdfd8a5cd0c,c5,DROP,1020,e7,?,
1769494879.0988429,SENT,5083d879-43d4-406a-9c0a-5e21853a56d1,8b35bc39-0ed7-44b1-9501-e427cb953b7a,c3,DROP,684,?,x9,
1769494879.0988836,FORWARDED,5083d879-43d4-406a-9c0a-5e21853a56d1,8b35bc39-0ed7-44b1-9501-e427cb953b7a,c3,DROP,684,?,x9,
1769494879.1165917,SENT,1ee9c1ee-977f-42dc-97d4-56c7727bd2e9,3619e9fe-12ef-4b47-9a8f-277f3618a119,c5,c2,1248,?,x11,
1769494879.1166308,FORWARDED,1ee9c1ee-977f-42dc-97d4-56c7727bd2e9,3619e9fe-12ef-4b47-9a8f-277f3618a119,c5,c2,1248,?,x11,
1769494879.1869714,RECEIVED,bdd20e3a-a5d3-449e-ab98-e8e9a16d44d9,f6201dad-133d-4581-89bc-8523719a4f15,c5,DROP,1020,e5,?,
1769494879.2231693,RECEIVED,84494a4d-f05d-474a-ba48-2e75991cb98a,9ee97f1d-8c5d-4796-8e7f-03ef5c87e5e8,c3,DROP,1007,e1,?,
1769494879.245854,SENT,92740dd0-a1fe-4895-8f9c-b56258339f03,42a81f45-fe04-4c47-a4db-8f58287f8243,c3,c5,1256,?,x1,
1769494879.2458951,FORWARDED,92740dd0-a1fe-4895-8f9c-b56258339f03,42a81f45-fe04-4c47-a4db-8f58287f8243,c3,c5,1256,?,x1,
1769494879.271133,SENT,bdd20e3a-a5d3-449e-ab98-e8e9a16d44d9,f6201dad-133d-4581-89bc-8523719a4f15,c5,DROP,692,?,x5,
1769494879.2711687,FORWARDED,bdd20e3a-a5d3-449e-ab98-e8e9a16d44d9,f6201dad-133d-4581-89bc-8523719a4f15,c5,DROP,692,?,x5,
1769494879.2853637,SENT,b4db2bcd-e734-4b0c-ae71-a0b84808fe0a,23f92d71-8ded-42af-b8c3-3cdfd8a5cd0c,c5,DROP,693,?,x7,
1769494879.2854087,FORWARDED,b4db2bcd-e734-4b0c-ae71-a0b84808fe0a,23f92d71-8ded-42af-b8c3-3cdfd8a5cd0c,c5,DROP,693,?,x7,
1769494879.5041978,RECEIVED,86633118-02b3-4b77-821f-ac448f1971d4,6e09aeeb-ff83-4ca9-a41c-c9a63659f2ae,c5,c2,1785,e10,?,
1769494879.579238,RECEIVED,496fd65f-f275-4877-a88c-50c37471b5c4,044c0d88-d7ab-4819-8ccb-cfea49f4d3d0,c5,DROP,1012,e9,?,
1769494879.58754,SENT,86633118-02b3-4b77-821f-ac448f1971d4,6e09aeeb-ff83-4ca9-a41c-c9a63659f2ae,c5,c2,1266,?,x12,
1769494879.5875807,FORWARDED,86633118-02b3-4b77-821f-ac448f1971d4,6e09aeeb-ff83-4ca9-a41c-c9a63659f2ae,c5,c2,1266,?,x12,
1769494879.6784832,RECEIVED,047e27ae-ca63-4e72-8ca1-7c4f64d98842,d49f4a59-cd89-4b53-a1ef-23aa0543cb72,c4,DROP,1011,e7,?,
1769494879.7401578,RECEIVED,177c24dc-5459-4e54-9684-c4db5e3687a3,dd4c45fe-4db2-4f42-9a75-6b570a6d3a84,c1,DROP,1011,e9,?,
1769494879.8011897,SENT,496fd65f-f275-4877-a88c-50c37471b5c4,044c0d88-d7ab-4819-8ccb-cfea49f4d3d0,c5,DROP,685,?,x6,
1769494879.8012323,FORWARDED,496fd65f-f275-4877-a88c-50c37471b5c4,044c0d88-d7ab-4819-8ccb-cfea49f4d3d0,c5,DROP,685,?,x6,
1769494879.9439263,SENT,047e27ae-ca63-4e72-8ca1-7c4f64d98842,d49f4a59-cd89-4b53-a1ef-23aa0543cb72,c4,DROP,686,?,x6,
1769494879.9439683,FORWARDED,047e27ae-ca63-4e72-8ca1-7c4f64d98842,d49f4a59-cd89-4b53-a1ef-23aa0543cb72,c4,DROP,686,?,x6,
1769494879.9749978,RECEIVED,0a093a59-05cb-4e6a-a63e-3a7b05da3c17,f6085ed2-e2f8-4e88-b079-b364b4416ca0,c5,c2,1780,e10,?,
1769494880.1424754,SENT,0a093a59-05cb-4e6a-a63e-3a7b05da3c17,f6085ed2-e2f8-4e88-b079-b364b4416ca0,c5,c2,1262,?,x3,
1769494880.142766,FORWARDED,0a093a59-05cb-4e6a-a63e-3a7b05da3c17,f6085ed2-e2f8-4e88-b079-b364b4416ca0,c5,c2,1262,?,x3,
1769494880.1573033,SENT,177c24dc-5459-4e54-9684-c4db5e3687a3,dd4c45fe-4db2-4f42-9a75-6b570a6d3a84,c1,DROP,687,?,x5,
1769494880.1573467,FORWARDED,177c24dc-5459-4e54-9684-c4db5e3687a3,dd4c45fe-4db2-4f42-9a75-6b570a6d3a84,c1,DROP,687,?,x5,
1769494880.299443,RECEIVED,53454c4a-7b11-421f-906a-6a80906cd3ce,88d6c8d5-5aae-41b8-9364-22d6e9d0f94e,c4,DROP,1023,e5,?,
1769494880.3625078,SENT,53454c4a-7b11-421f-906a-6a80906cd3ce,88d6c8d5-5aae-41b8-9364-22d6e9d0f94e,c4,DROP,691,?,x11,
1769494880.3625517,FORWARDED,53454c4a-7b11-421f-906a-6a80906cd3ce,88d6c8d5-5aae-41b8-9364-22d6e9d0f94e,c4,DROP,691,?,x11,
1769494880.3947654,SENT,84494a4d-f05d-474a-ba48-2e75991cb98a,9ee97f1d-8c5d-4796-8e7f-03ef5c87e5e8,c3,DROP,683,?,x7,
1769494880.3948078,FORWARDED,84494a4d-f05d-474a-ba48-2e75991cb98a,9ee97f1d-8c5d-4796-8e7f-03ef5c87e5e8,c3,DROP,683,?,x7,
1769494880.5290108,RECEIVED,d5db7b7b-d1ad-45a0-80e4-cccd2c452e05,be324456-4d34-4a54-92f2-d20865ffa1d1,c5,DROP,1007,e4,?,
1769494880.5567214,RECEIVED,2930f2cd-683d-4ba0-8fb3-3247ca4b7b40,2cae7602-27b7-4b27-a8ee-1304d9d63403,c3,DROP,1011,e11,?,
1769494880.802867,RECEIVED,ab469659-0d71-4ad1-b804-115b0ca3dbc4,7667e065-e3c2-4be1-898a-214bd5bf2f3c,c5,DROP,443,x9,?,
1769494880.8545465,RECEIVED,f89a4efe-d5c4-41c0-a7dc-750218fba588,15c64b71-04b2-43fc-b02e-cb28b0737250,c4,DROP,1020,e11,?,
1769494880.8823586,RECEIVED,360d0b5e-eed0-405c-8931-0a42cddfb895,e8eeba51-5c6b-4ad4-8485-2822ca9906fd,c1,c5,1762,e10,?,
1769494881.1720657,RECEIVED,17c1de72-fe06-4a4d-8970-61fabe647ef2,8bc86e6f-697b-47c4-8b08-3c8d729d4684,c2,DROP,1008,e12,?,
1769494881.2182457,RECEIVED,f200b725-223e-4148-962c-dd05ddfcc7e0,5beb187e-5a34-408a-92ed-5702feb58dba,c4,DROP,441,x9,?,
1769494881.2201056,SENT,f89a4efe-d5c4-41c0-a7dc-750218fba588,15c64b71-04b2-43fc-b02e-cb28b0737250,c4,DROP,691,?,x3,
1769494881.2201493,FORWARDED,f89a4efe-d5c4-41c0-a7dc-750218fba588,15c64b71-04b2-43fc-b02e-cb28b0737250,c4,DROP,691,?,x3,
1769494881.231723,RECEIVED,19b10ea6-914f-4f33-b5ce-b8e41ddf1f3a,636213e0-3c94-479e-942d-161bf7cc3354,c3,DROP,1011,e8,?,
1769494881.2610328,SENT,17c1de72-fe06-4a4d-8970-61fabe647ef2,8bc86e6f-697b-47c4-8b08-3c8d729d4684,c2,DROP,683,?,x5,
1769494881.2610857,FORWARDED,17c1de72-fe06-4a4d-8970-61fabe647ef2,8bc86e6f-697b-47c4-8b08-3c8d729d4684,c2,DROP,683,?,x5,
1769494881.3863122,RECEIVED,aa369eac-221d-4ccc-94dc-e5905757da27,d3582192-34cb-46d0-a792-c7896e773b76,c1,DROP,1019,e2,?,
1769494881.4520853,RECEIVED,f0fc71f0-bac1-4d78-be34-52517fcc2443,c81ac50b-278c-4f81-9774-4fad1f18cd8f,c4,DROP,446,x7,?,
1769494881.512785,SENT,d5db7b7b-d1ad-45a0-80e4-cccd2c452e05,be324456-4d34-4a54-92f2-d20865ffa1d1,c5,DROP,684,?,x8,
1769494881.5129354,FORWARDED,d5db7b7b-d1ad-45a0-80e4-cccd2c452e05,be324456-4d34-4a54-92f2-d20865ffa1d1,c5,DROP,684,?,x8,
1769494881.7466292,RECEIVED,a5d2061d-8f5f-4fa4-a087-d994d36df118,ff38c1b3-91b5-4809-a0f1-752898eb2473,c4,c5,1780,e8,?,
1769494881.7593582,RECEIVED,8bc63661-87e6-491f-ab0d-7f46a4e5fbcc,876c5d30-c751-4ca1-9b89-320a9582f5d4,c4,DROP,1008,e1,?,
1769494881.7940288,RECEIVED,10a1d61c-0394-46c1-947b-5a2d2612f4c0,f2cec846-ff0e-4db3-81ce-bd59363af988,c5,c2,1776,e7,?,
1769494881.8440938,SENT,10a1d61c-0394-46c1-947b-5a2d2612f4c0,f2cec846-ff0e-4db3-81ce-bd59363af988,c5,c2,1259,?,x6,
1769494881.8441365,FORWARDED,10a1d61c-0394-46c1-947b-5a2d2612f4c0,f2cec846-ff0e-4db3-81ce-bd59363af988,c5,c2,1259,?,x6,
1769494881.8466747,SENT,19b10ea6-914f-4f33-b5ce-b8e41ddf1f3a,636213e0-3c94-479e-942d-161bf7cc3354,c3,DROP,687,?,x6,
1769494881.846713,FORWARDED,19b10ea6-914f-4f33-b5ce-b8e41ddf1f3a,636213e0-3c94-479e-942d-161bf7cc3354,c3,DROP,687,?,x6,
1769494882.029805,SENT,8bc63661-87e6-491f-ab0d-7f46a4e5fbcc,876c5d30-c751-4ca1-9b89-320a9582f5d4,c4,DROP,684,?,x4,
1769494882.029861,FORWARDED,8bc63661-87e6-491f-ab0d-7f46a4e5fbcc,876c5d30-c751-4ca1-9b89-320a9582f5d4,c4,DROP,684,?,x4,
1769494882.1243074,RECEIVED,03bb697e-1f6a-456f-b955-bfd806b193f5,c77c1b2c-d379-4985-9dca-54e3cdc7c2ab,c3,DROP,1016,e2,?,
1769494882.126614,RECEIVED,7711a22e-3f16-49c5-a4f7-40ce9cc43265,6b01e143-d792-451f-a02e-27b20b9c5acd,c4,c5,1767,e6,?,
1769494882.1425035,RECEIVED,a51fd260-4d65-4c6d-918d-ccce50164b14,ac7aadd4-c09d-4c97-925e-ec9c1d72bff8,c2,c3,1785,e4,?,
1769494882.2325282,SENT,a51fd260-4d65-4c6d-918d-ccce50164b14,ac7aadd4-c09d-4c97-925e-ec9c1d72bff8,c2,c3,1264,?,x3,
1769494882.2325757,FORWARDED,a51fd260-4d65-4c6d-918d-ccce50164b14,ac7aadd4-c09d-4c97-925e-ec9c1d72bff8,c2,c3,1264,?,x3,
1769494882.2735593,RECEIVED,22f97bca-86b5-4e84-a1cc-2916f1216736,a919eb1a-8234-4e96-8aeb-a647a040ec6c,c5,DROP,441,x11,?,
1769494882.3191595,RECEIVED,529dd58d-50a8-4531-a3bc-ba50141a0b18,4e679c2a-a673-4b45-860a-6816738087e0,c3,DROP,1021,e11,?,
1769494882.387664,SENT,2930f2cd-683d-4ba0-8fb3-3247ca4b7b40,2cae7602-27b7-4b27-a8ee-1304d9d63403,c3,DROP,685,?,x1,
1769494882.387706,FORWARDED,2930f2cd-683d-4ba0-8fb3-3247ca4b7b40,2cae7602-27b7-4b27-a8ee-1304d9d63403,c3,DROP,685,?,x1,
1769494882.4091752,RECEIVED,d14102ef-48f3-4e22-95d2-fda0f16e49e7,5d970bba-5ce0-4735-8eb9-d961283b340d,c1,DROP,1018,e9,?,
1769494882.4106793,RECEIVED,731431b1-3d0f-4455-bacf-0335a57b6ac8,8736b5fa-8314-4dba-926f-76c738debf9c,c3,DROP,446,x12,?,
1769494882.4234948,SENT,360d0b5e-eed0-405c-8931-0a42cddfb895,e8eeba51-5c6b-4ad4-8485-2822ca9906fd,c1,c5,1251,?,x8,
1769494882.4235291,FORWARDED,360d0b5e-eed0-405c-8931-0a42cddfb895,e8eeba51-5c6b-4ad4-8485-2822ca9906fd,c1,c5,1251,?,x8,
1769494882.4251502,RECEIVED,d221b916-40c7-4cb8-9688-2f1ae7ca3f8e,960dd194-bc12-4c16-b688-7a4c4e20af21,c1,DROP,1007,e3,?,
1769494882.4371684,SENT,03bb697e-1f6a-456f-b955-bfd806b193f5,c77c1b2c-d379-4985-9dca-54e3cdc7c2ab,c3,DROP,690,?,x11,
1769494882.43721,FORWARDED,03bb697e-1f6a-456f-b955-bfd806b193f5,c77c1b2c-d379-4985-9dca-54e3cdc7c2ab,c3,DROP,690,?,x11,
1769494882.4425209,SENT,aa369eac-221d-4ccc-94dc-e5905757da27,d3582192-34cb-46d0-a792-c7896e773b76,c1,DROP,692,?,x7,
1769494882.4425614,FORWARDED,aa369eac-221d-4ccc-94dc-e5905757da27,d3582192-34cb-46d0-a792-c7896e773b76,c1,DROP,692,?,x7,
1769494882.4548092,RECEIVED,c1b257c0-2105-4669-8740-460058e3d0a0,9abc86fd-69fe-40b4-84a7-f0a961ccba9d,c1,DROP,441,x6,?,
1769494882.5011961,SENT,529dd58d-50a8-4531-a3bc-ba50141a0b18,4e679c2a-a673-4b45-860a-6816738087e0,c3,DROP,691,?,x10,
1769494882.501233,FORWARDED,529dd58d-50a8-4531-a3bc-ba50141a0b18,4e679c2a-a673-4b45-860a-6816738087e0,c3,DROP,691,?,x10,
1769494882.5230167,SENT,a5d2061d-8f5f-4fa4-a087-d994d36df118,ff38c1b3-91b5-4809-a0f1-752898eb2473,c4,c5,1263,?,x11,
1769494882.523068,FORWARDED,a5d2061d-8f5f-4fa4-a087-d994d36df118,ff38c1b3-91b5-4809-a0f1-752898eb2473,c4,c5,1263,?,x11,
1769494882.5676358,SENT,d221b916-40c7-4cb8-9688-2f1ae7ca3f8e,960dd194-bc12-4c16-b688-7a4c4e20af21,c1,DROP,684,?,x4,
1769494882.5676775,FORWARDED,d221b916-40c7-4cb8-9688-2f1ae7ca3f8e,960dd194-bc12-4c16-b688-7a4c4e20af21,c1,DROP,684,?,x4,
1769494882.6198351,RECEIVED,d094cce4-e0e9-4867-a9bd-88e77599f083,c2c79350-85b9-43c5-a93b-f7f218132503,c1,c5,1784,e8,?,
1769494882.684406,RECEIVED,7e4bc4be-ec52-46ec-8833-228f1b422032,2e24f83c-9a48-43b4-a4c9-e4d3ba4775e9,c4,c5,1779,e5,?,
1769494882.773041,SENT,7711a22e-3f16-49c5-a4f7-40ce9cc43265,6b01e143-d792-451f-a02e-27b20b9c5acd,c4,c5,1252,?,x4,
1769494882.773096,FORWARDED,7711a22e-3f16-49c5-a4f7-40ce9cc43265,6b01e143-d792-451f-a02e-27b20b9c5acd,c4,c5,1252,?,x4,
1769494882.8126163,RECEIVED,53241822-6346-42f4-9d52-b6083db07671,9a16c308-1df0-4ac2-9b2a-3240af96f4f8,c4,DROP,445,x12,?,
1769494883.0074952,SENT,d094cce4-e0e9-4867-a9bd-88e77599f083,c2c79350-85b9-43c5-a93b-f7f218132503,c1,c5,1264,?,x6,
1769494883.007538,FORWARDED,d094cce4-e0e9-4867-a9bd-88e77599f083,c2c79350-85b9-43c5-a93b-f7f218132503,c1,c5,1264,?,x6,
1769494883.0915284,RECEIVED,bc7ce769-c289-44d4-95b6-cdd544bd4c53,4eb01853-8778-42b0-91fe-d80e05d92e38,c4,DROP,1019,e9,?,
1769494883.105449,RECEIVED,01b66b4e-ca9f-443c-9097-54938f2f9f9f,d95904b2-99b9-4b09-badd-d6f7a00506b1,c1,DROP,1011,e8,?,
1769494883.36324,SENT,01b66b4e-ca9f-443c-9097-54938f2f9f9f,d95904b2-99b9-4b09-badd-d6f7a00506b1,c1,DROP,687,?,x9,
1769494883.3632796,FORWARDED,01b66b4e-ca9f-443c-9097-54938f2f9f9f,d95904b2-99b9-4b09-badd-d6f7a00506b1,c1,DROP,687,?,x9,
1769494883.4552372,SENT,bc7ce769-c289-44d4-95b6-cdd544bd4c53,4eb01853-8778-42b0-91fe-d80e05d92e38,c4,DROP,692,?,x6,
1769494883.4552739,FORWARDED,bc7ce769-c289-44d4-95b6-cdd544bd4c53,4eb01853-8778-42b0-91fe-d80e05d92e38,c4,DROP,692,?,x6,
1769494883.5795348,SENT,7e4bc4be-ec52-46ec-8833-228f1b422032,2e24f83c-9a48-43b4-a4c9-e4d3ba4775e9,c4,c5,1263,?,x3,
1769494883.5795765,FORWARDED,7e4bc4be-ec52-46ec-8833-228f1b422032,2e24f83c-9a48-43b4-a4c9-e4d3ba4775e9,c4,c5,1263,?,x3,
1769494883.7851903,RECEIVED,da82af2d-d292-453a-9ead-9d71e3e139c0,01dd3b7b-2537-4fe5-8156-15cd8f236d9d,c3,DROP,1021,e2,?,
1769494883.9566798,SENT,da82af2d-d292-453a-9ead-9d71e3e139c0,01dd3b7b-2537-4fe5-8156-15cd8f236d9d,c3,DROP,692,?,x12,
1769494883.9567158,FORWARDED,da82af2d-d292-453a-9ead-9d71e3e139c0,01dd3b7b-2537-4fe5-8156-15cd8f236d9d,c3,DROP,692,?,x12,
1769494884.027676,RECEIVED,aa69946b-4c94-40cb-97c8-5b8b9e4ee596,341cb26c-5daa-4afc-80bc-820aab045d38,c5,DROP,1021,e3,?,
1769494884.1831787,SENT,aa69946b-4c94-40cb-97c8-5b8b9e4ee596,341cb26c-5daa-4afc-80bc-820aab045d38,c5,DROP,691,?,x10,
1769494884.1832361,FORWARDED,aa69946b-4c94-40cb-97c8-5b8b9e4ee596,341cb26c-5daa-4afc-80bc-820aab045d38,c5,DROP,691,?,x10,
1769494884.2909102,RECEIVED,bdcc3f92-bf6d-456c-a6de-35480288e3b9,b3a99f94-3414-4085-bc39-74da1f3aec4f,c1,DROP,441,x7,?,
1769494884.3045025,RECEIVED,a1edb1a4-2ea6-4b9c-b76d-d81ad9c76c9b,0fb346f9-da44-45aa-9da5-abde94e50e42,c1,DROP,1012,e1,?,
1769494884.3924193,RECEIVED,54637d38-270c-4eb4-8c18-df45fdb47094,d0bf6694-7bad-4f9b-9080-76105a644e0a,c1,c5,1768,e10,?,
1769494884.4086306,RECEIVED,a8cf85ce-cce8-42dd-a85c-e7492ed3e88c,ab469ade-ab40-4817-af63-303ebd244d8a,c4,c5,1779,e1,?,
1769494884.5145774,SENT,d14102ef-48f3-4e22-95d2-fda0f16e49e7,5d970bba-5ce0-4735-8eb9-d961283b340d,c1,DROP,693,?,x5,
1769494884.5146155,FORWARDED,d14102ef-48f3-4e22-95d2-fda0f16e49e7,5d970bba-5ce0-4735-8eb9-d961283b340d,c1,DROP,693,?,x5,
1769494884.6508021,SENT,a1edb1a4-2ea6-4b9c-b76d-d81ad9c76c9b,0fb346f9-da44-45aa-9da5-abde94e50e42,c1,DROP,685,?,x5,
1769494884.6508443,FORWARDED,a1edb1a4-2ea6-4b9c-b76d-d81ad9c76c9b,0fb346f9-da44-45aa-9da5-abde94e50e42,c1,DROP,685,?,x5,
1769494884.681095,SENT,54637d38-270c-4eb4-8c18-df45fdb47094,d0bf6694-7bad-4f9b-9080-76105a644e0a,c1,c5,1252,?,x6,
1769494884.6811376,FORWARDED,54637d38-270c-4eb4-8c18-df45fdb47094,d0bf6694-7bad-4f9b-9080-76105a644e0a,c1,c5,1252,?,x6,
1769494884.740677,RECEIVED,ae43fd75-698c-4740-a79b-55f24befb57c,674d97b0-7024-4bda-8db8-b98e6b97297c,c5,DROP,447,x11,?,
1769494884.8067615,RECEIVED,1a9d5030-9abf-4200-9b45-c2cfef2a26db,7fce61ed-c0ee-4dfd-870b-46d4ad5cfe0a,c3,DROP,442,x8,?,
1769494884.9154117,RECEIVED,e487df21-e158-44e6-a49f-1fe65cb51a83,0972e68b-f7b1-4b88-8b76-e8250593aa2c,c4,DROP,1016,e7,?,
1769494885.0336514,RECEIVED,ff7d2cc5-0b52-47c4-b96e-a2461d03551c,95b5a985-f170-461d-a694-1720eb0c7bcb,c1,DROP,440,x10,?,
1769494885.1688817,RECEIVED,768e73b5-ccb6-4ca6-bee4-c937a15a8997,239279e7-741f-476e-8a5d-e820bbd80637,c1,c5,1776,e8,?,
1769494885.2854598,RECEIVED,fa06e8cf-2320-42a6-b1b1-cfc9f318cdc6,75d90f55-5b27-4a2f-a268-82df699845c2,c2,DROP,1012,e2,?,
1769494885.3637812,RECEIVED,84f36de0-7f52-4ecd-bf44-74e7ca0649a3,3666370b-b208-41bd-bc77-10d21e75a890,c4,DROP,1008,e5,?,
1769494885.4158006,SENT,768e73b5-ccb6-4ca6-bee4-c937a15a8997,239279e7-741f-476e-8a5d-e820bbd80637,c1,c5,1259,?,x7,
1769494885.4158428,FORWARDED,768e73b5-ccb6-4ca6-bee4-c937a15a8997,239279e7-741f-476e-8a5d-e820bbd80637,c1,c5,1259,?,x7,
1769494885.435934,RECEIVED,19c11b17-a5db-4645-a9d7-4620b0f07c9e,13788fa3-8eed-4ec6-a7da-9a867e57e674,c2,DROP,1011,e5,?,
1769494885.4488478,RECEIVED,401c8b6c-4673-4bb3-abab-f62a50856e07,9fd748ed-52aa-40c0-a420-1ace9224221a,c5,DROP,442,x5,?,
1769494885.473135,RECEIVED,1a82da75-f859-4373-b802-2e89924f0600,2363dcc9-c546-4cf9-8caa-07904228f463,c3,DROP,441,x3,?,
1769494885.4773555,SENT,84f36de0-7f52-4ecd-bf44-74e7ca0649a3,3666370b-b208-41bd-bc77-10d21e75a890,c4,DROP,683,?,x8,
1769494885.4773977,FORWARDED,84f36de0-7f52-4ecd-bf44-74e7ca0649a3,3666370b-b208-41bd-bc77-10d21e75a890,c4,DROP,683,?,x8,
1769494885.5262973,RECEIVED,7e2c65ec-e54b-49a1-8395-bf80644a8071,3a4997af-453f-431b-a08d-7b9882bc346e,c3,DROP,1014,e9,?,
1769494885.5450726,SENT,e487df21-e158-44e6-a49f-1fe65cb51a83,0972e68b-f7b1-4b88-8b76-e8250593aa2c,c4,DROP,689,?,x10,
1769494885.5451143,FORWARDED,e487df21-e158-44e6-a49f-1fe65cb51a83,0972e68b-f7b1-4b88-8b76-e8250593aa2c,c4,DROP,689,?,x10,
1769494885.6298094,SENT,a8cf85ce-cce8-42dd-a85c-e7492ed3e88c,ab469ade-ab40-4817-af63-303ebd244d8a,c4,c5,1263,?,x10,
1769494885.6298501,FORWARDED,a8cf85ce-cce8-42dd-a85c-e7492ed3e88c,ab469ade-ab40-4817-af63-303ebd244d8a,c4,c5,1263,?,x10,
1769494885.6535082,RECEIVED,2775fcf2-fb45-41e0-940a-dc99cf9c1b22,5a0e41c0-1f1d-4b6f-8513-9edd631610a2,c5,DROP,1008,e8,?,
1769494885.6577938,SENT,fa06e8cf-2320-42a6-b1b1-cfc9f318cdc6,75d90f55-5b27-4a2f-a268-82df699845c2,c2,DROP,687,?,x12,
1769494885.6578329,FORWARDED,fa06e8cf-2320-42a6-b1b1-cfc9f318cdc6,75d90f55-5b27-4a2f-a268-82df699845c2,c2,DROP,687,?,x12,
1769494885.7492514,RECEIVED,9b7f0ae5-4d41-4f33-8300-3c0d154e97e2,0b6620e4-8c90-4c57-bf5e-d4d636ef76b3,c2,DROP,1021,e2,?,
1769494885.778609,SENT,2775fcf2-fb45-41e0-940a-dc99cf9c1b22,5a0e41c0-1f1d-4b6f-8513-9edd631610a2,c5,DROP,682,?,x5,
1769494885.7786496,FORWARDED,2775fcf2-fb45-41e0-940a-dc99cf9c1b22,5a0e41c0-1f1d-4b6f-8513-9edd631610a2,c5,DROP,682,?,x5,
1769494886.002804,RECEIVED,410b6862-07a3-4a82-9bb0-d60fa0ccc9e2,2d4f4962-7a9d-4257-80d5-7c9b1fd4f126,c4,c5,1783,e8,?,
1769494886.0812812,RECEIVED,bd162838-2172-42ab-b2c6-40345dfe6e45,0fc35da1-965d-47be-ba6e-936df3219899,c1,DROP,1015,e8,?,
1769494886.088997,SENT,7e2c65ec-e54b-49a1-8395-bf80644a8071,3a4997af-453f-431b-a08d-7b9882bc346e,c3,DROP,689,?,x5,
1769494886.0890393,FORWARDED,7e2c65ec-e54b-49a1-8395-bf80644a8071,3a4997af-453f-431b-a08d-7b9882bc346e,c3,DROP,689,?,x5,
1769494886.1300058,SENT,19c11b17-a5db-4645-a9d7-4620b0f07c9e,13788fa3-8eed-4ec6-a7da-9a867e57e674,c2,DROP,686,?,x8,
1769494886.130042,FORWARDED,19c11b17-a5db-4645-a9d7-4620b0f07c9e,13788fa3-8eed-4ec6-a7da-9a867e57e674,c2,DROP,686,?,x8,
1769494886.1416764,RECEIVED,eaa99e32-8322-43c6-be42-c2c1b99c33b0,4c5b5835-8fef-409f-bca9-aaa17ef1bb9c,c5,DROP,445,x7,?,
1769494886.2343905,SENT,9b7f0ae5-4d41-4f33-8300-3c0d154e97e2,0b6620e4-8c90-4c57-bf5e-d4d636ef76b3,c2,DROP,691,?,x12,
1769494886.234432,FORWARDED,9b7f0ae5-4d41-4f33-8300-3c0d154e97e2,0b6620e4-8c90-4c57-bf5e-d4d636ef76b3,c2,DROP,691,?,x12,
1769494886.6026375,RECEIVED,09d7a08b-09e2-43c1-a4bf-487977e0e9a8,c2cf09d6-12db-4308-b00e-38ba6a83f0f2,c3,DROP,442,x5,?,
1769494886.729546,SENT,bd162838-2172-42ab-b2c6-40345dfe6e45,0fc35da1-965d-47be-ba6e-936df3219899,c1,DROP,688,?,x5,
1769494886.7295845,FORWARDED,bd162838-2172-42ab-b2c6-40345dfe6e45,0fc35da1-965d-47be-ba6e-936df3219899,c1,DROP,688,?,x5,
1769494886.7417939,SENT,410b6862-07a3-4a82-9bb0-d60fa0ccc9e2,2d4f4962-7a9d-4257-80d5-7c9b1fd4f126,c4,c5,1265,?,x3,
1769494886.741846,FORWARDED,410b6862-07a3-4a82-9bb0-d60fa0ccc9e2,2d4f4962-7a9d-4257-80d5-7c9b1fd4f126,c4,c5,1265,?,x3,
1769494886.7709389,RECEIVED,1cb351c3-5f89-47b0-a42e-d03b120b9620,9823de97-c246-43b6-91ca-af3d9002ff98,c3,DROP,1011,e5,?,
1769494886.8266358,RECEIVED,8b2957d1-01c7-40e9-86b9-47bb67db1216,bed61ffb-777d-4e77-b1d9-acd7d3c68fae,c1,DROP,1011,e8,?,
1769494887.1061978,RECEIVED,aadc45f8-84c3-4154-b613-98baae26d766,2f2edc53-ecc3-4ce9-b778-89bfabfab581,c2,c3,1768,e4,?,
1769494887.1565475,SENT,aadc45f8-84c3-4154-b613-98baae26d766,2f2edc53-ecc3-4ce9-b778-89bfabfab581,c2,c3,1252,?,x5,
1769494887.1565864,FORWARDED,aadc45f8-84c3-4154-b613-98baae26d766,2f2edc53-ecc3-4ce9-b778-89bfabfab581,c2,c3,1252,?,x5,
1769494887.1716385,RECEIVED,f39eddba-5077-4f4d-aac2-263b4ea96a6e,757ef46e-70cb-416e-b288-ff1d190243ac,c2,DROP,1014,e5,?,
1769494887.3579597,RECEIVED,9922b3bf-deaf-429b-8e3a-30872d183dc1,5cb4ffed-bcc9-46da-8cc1-7f2e2ff88a89,c3,DROP,1016,e2,?,
1769494887.377272,SENT,1cb351c3-5f89-47b0-a42e-d03b120b9620,9823de97-c246-43b6-91ca-af3d9002ff98,c3,DROP,687,?,x4,
1769494887.3773143,FORWARDED,1cb351c3-5f89-47b0-a42e-d03b120b9620,9823de97-c246-43b6-91ca-af3d9002ff98,c3,DROP,687,?,x4,
1769494887.4236953,SENT,9922b3bf-deaf-429b-8e3a-30872d183dc1,5cb4ffed-bcc9-46da-8cc1-7f2e2ff88a89,c3,DROP,689,?,x6,
1769494887.4237297,FORWARDED,9922b3bf-deaf-429b-8e3a-30872d183dc1,5cb4ffed-bcc9-46da-8cc1-7f2e2ff88a89,c3,DROP,689,?,x6,
1769494887.44651,SENT,8b2957d1-01c7-40e9-86b9-47bb67db1216,bed61ffb-777d-4e77-b1d9-acd7d3c68fae,c1,DROP,685,?,x9,
1769494887.4465528,FORWARDED,8b2957d1-01c7-40e9-86b9-47bb67db1216,bed61ffb-777d-4e77-b1d9-acd7d3c68fae,c1,DROP,685,?,x9,
1769494887.5792673,RECEIVED,bbdbf82c-82e4-4a8b-885f-425926f552f6,4d5236bd-ec81-4308-b0de-0b8ceaa2e0d6,c5,c2,1784,e10,?,
1769494887.6713943,SENT,bbdbf82c-82e4-4a8b-885f-425926f552f6,4d5236bd-ec81-4308-b0de-0b8ceaa2e0d6,c5,c2,1264,?,x2,
1769494887.6714363,FORWARDED,bbdbf82c-82e4-4a8b-885f-425926f552f6,4d5236bd-ec81-4308-b0de-0b8ceaa2e0d6,c5,c2,1264,?,x2,
1769494887.913628,RECEIVED,49481b37-4fa2-4b9a-9670-b98b4ead4dd8,34623b1d-3992-4585-8425-15f4b969f9bf,c5,DROP,1003,e9,?,
1769494888.0894446,RECEIVED,99e1a768-399b-4d2c-a832-2e8578742cf3,e89eefda-bce9-48fc-b051-b9c3b2c3fa0d,c1,DROP,1021,e9,?,
1769494888.0908127,RECEIVED,8f03cf07-86a6-45fe-926e-98dbfb47a5f7,b3bce20b-12c8-46e2-8912-446ec9b332c1,c4,DROP,1009,e4,?,
1769494888.1743708,SENT,8f03cf07-86a6-45fe-926e-98dbfb47a5f7,b3bce20b-12c8-46e2-8912-446ec9b332c1,c4,DROP,683,?,x4,
1769494888.1744127,FORWARDED,8f03cf07-86a6-45fe-926e-98dbfb47a5f7,b3bce20b-12c8-46e2-8912-446ec9b332c1,c4,DROP,683,?,x4,
1769494888.197746,SENT,f39eddba-5077-4f4d-aac2-263b4ea96a6e,757ef46e-70cb-416e-b288-ff1d190243ac,c2,DROP,689,?,x7,
1769494888.1977828,FORWARDED,f39eddba-5077-4f4d-aac2-263b4ea96a6e,757ef46e-70cb-416e-b288-ff1d190243ac,c2,DROP,689,?,x7,
1769494888.5565932,SENT,99e1a768-399b-4d2c-a832-2e8578742cf3,e89eefda-bce9-48fc-b051-b9c3b2c3fa0d,c1,DROP,691,?,x11,
1769494888.5566344,FORWARDED,99e1a768-399b-4d2c-a832-2e8578742cf3,e89eefda-bce9-48fc-b051-b9c3b2c3fa0d,c1,DROP,691,?,x11,
1769494888.591295,RECEIVED,6576a89e-5288-4b66-bf8b-3c8d52fa8966,0a39120f-a3bd-4b0b-9360-51fad10d950b,c2,c3,1776,e2,?,
1769494888.6331494,RECEIVED,23f38009-31d0-46e6-8877-55a2af42fffb,027dcef1-3630-403a-8751-571afc4ea11d,c4,DROP,1008,e9,?,
1769494888.6801364,RECEIVED,085e0830-d2a5-4054-91b2-688849af5ed2,f58bd7e4-99ff-4503-958e-a828d0c2eb9a,c5,DROP,441,x9,?,
1769494888.767335,SENT,23f38009-31d0-46e6-8877-55a2af42fffb,027dcef1-3630-403a-8751-571afc4ea11d,c4,DROP,683,?,x9,
1769494888.7673755,FORWARDED,23f38009-31d0-46e6-8877-55a2af42fffb,027dcef1-3630-403a-8751-571afc4ea11d,c4,DROP,683,?,x9,
1769494888.7756436,SENT,49481b37-4fa2-4b9a-9670-b98b4ead4dd8,34623b1d-3992-4585-8425-15f4b969f9bf,c5,DROP,680,?,x6,
1769494888.7756858,FORWARDED,49481b37-4fa2-4b9a-9670-b98b4ead4dd8,34623b1d-3992-4585-8425-15f4b969f9bf,c5,DROP,680,?,x6,
1769494888.7793703,RECEIVED,dcdaa2c0-6657-40e3-9de0-50a3a567fad7,71343807-f82c-4f92-a58c-894bab37d153,c1,DROP,441,x1,?,
1769494888.9234788,SENT,6576a89e-5288-4b66-bf8b-3c8d52fa8966,0a39120f-a3bd-4b0b-9360-51fad10d950b,c2,c3,1260,?,x4,
1769494888.9235182,FORWARDED,6576a89e-5288-4b66-bf8b-3c8d52fa8966,0a39120f-a3bd-4b0b-9360-51fad10d950b,c2,c3,1260,?,x4,
1769494889.0194051,RECEIVED,042d8f43-413d-42c5-b6d2-5c69a9345984,868a7570-4ac7-43e3-8344-4f5534b37482,c2,DROP,1012,e7,?,
1769494889.0445874,RECEIVED,0e2e9ca7-0462-4558-b88a-c383d8b95f79,89969bb3-fb78-4114-ac45-cbc6ccc1bd58,c2,DROP,1016,e7,?,
1769494889.1432865,SENT,0e2e9ca7-0462-4558-b88a-c383d8b95f79,89969bb3-fb78-4114-ac45-cbc6ccc1bd58,c2,DROP,688,?,x7,
1769494889.1433265,FORWARDED,0e2e9ca7-0462-4558-b88a-c383d8b95f79,89969bb3-fb78-4114-ac45-cbc6ccc1bd58,c2,DROP,688,?,x7,
1769494889.2490795,RECEIVED,dd148190-2399-4218-b448-bd216fb5f9c1,5663bed0-c8a8-4c6e-b505-6d9214f1fa98,c4,DROP,447,x2,?,
1769494889.352369,SENT,042d8f43-413d-42c5-b6d2-5c69a9345984,868a7570-4ac7-43e3-8344-4f5534b37482,c2,DROP,686,?,x3,
1769494889.3524115,FORWARDED,042d8f43-413d-42c5-b6d2-5c69a9345984,868a7570-4ac7-43e3-8344-4f5534b37482,c2,DROP,686,?,x3,
1769494889.4862745,RECEIVED,fca3ecc5-5d75-48ea-8b7c-69382e36b506,78b76fd8-5499-4d29-a78f-1ba8593a9b5a,c3,DROP,441,x8,?,
1769494889.6385121,RECEIVED,c4f5c334-9afb-448c-8d90-bc6e15ea8ea7,5a5b658a-8c0d-4225-949d-7a07ef42e7d5,c5,DROP,1011,e12,?,
1769494889.856693,SENT,c4f5c334-9afb-448c-8d90-bc6e15ea8ea7,5a5b658a-8c0d-4225-949d-7a07ef42e7d5,c5,DROP,687,?,x4,
1769494889.8567355,FORWARDED,c4f5c334-9afb-448c-8d90-bc6e15ea8ea7,5a5b658a-8c0d-4225-949d-7a07ef42e7d5,c5,DROP,687,?,x4,
1769494889.938579,RECEIVED,fc90d595-82d6-4e0a-97fc-cf289055d903,78b2e200-0185-42d8-b714-800b7166e78c,c3,DROP,1016,e2,?,
1769494889.9655714,RECEIVED,0ecc78d8-dde3-45cf-8c6e-d925ed667ea3,9e9bba55-8b41-4a44-b25c-3c15267c9f9c,c5,DROP,1011,e9,?,
1769494890.0539677,RECEIVED,541936db-8c55-4822-82d0-181339268952,92bfa78d-91d9-4301-90e1-6b8e2a1b9e3d,c4,DROP,1008,e9,?,
1769494890.2274528,RECEIVED,68fe6508-b98e-4932-9268-dca480fe29c7,258e7271-cb77-42f9-ae69-6622a8aab1b4,c4,DROP,1007,e4,?,
1769494890.439754,SENT,fc90d595-82d6-4e0a-97fc-cf289055d903,78b2e200-0185-42d8-b714-800b7166e78c,c3,DROP,688,?,x4,
1769494890.4397855,FORWARDED,fc90d595-82d6-4e0a-97fc-cf289055d903,78b2e200-0185-42d8-b714-800b7166e78c,c3,DROP,688,?,x4,
1769494890.4814503,RECEIVED,80bf26f4-9bb1-4e9e-8801-f5658c32c144,8bf353c7-5bb6-4494-a255-59b8eac46f34,c5,DROP,1007,e2,?,
1769494890.481805,RECEIVED,b5ba791d-ce77-4c6e-824a-7c1abf3c92d0,bb8f1939-03d7-40f9-94e4-fe92ae8bbea1,c5,DROP,442,x8,?,
1769494890.4915984,SENT,68fe6508-b98e-4932-9268-dca480fe29c7,258e7271-cb77-42f9-ae69-6622a8aab1b4,c4,DROP,683,?,x7,
1769494890.491641,FORWARDED,68fe6508-b98e-4932-9268-dca480fe29c7,258e7271-cb77-42f9-ae69-6622a8aab1b4,c4,DROP,683,?,x7,
1769494890.5044715,SENT,0ecc78d8-dde3-45cf-8c6e-d925ed667ea3,9e9bba55-8b41-4a44-b25c-3c15267c9f9c,c5,DROP,687,?,x3,
1769494890.5045104,FORWARDED,0ecc78d8-dde3-45cf-8c6e-d925ed667ea3,9e9bba55-8b41-4a44-b25c-3c15267c9f9c,c5,DROP,687,?,x3,
1769494890.5393953,SENT,541936db-8c55-4822-82d0-181339268952,92bfa78d-91d9-4301-90e1-6b8e2a1b9e3d,c4,DROP,683,?,x8,
1769494890.5394363,FORWARDED,541936db-8c55-4822-82d0-181339268952,92bfa78d-91d9-4301-90e1-6b8e2a1b9e3d,c4,DROP,683,?,x8,
1769494890.617104,RECEIVED,b6b89e9d-d9ee-4d51-aab3-3d2db9161a50,6c1a5e60-68ef-470b-8bfc-4d6cd4aeb54d,c2,DROP,1019,e3,?,
1769494890.9024684,RECEIVED,ce810b6c-ad25-46a4-beca-8d6f5524c5e1,869363e3-f67e-44e7-9be1-80356283495a,c4,DROP,1021,e7,?,
1769494890.9452822,SENT,b6b89e9d-d9ee-4d51-aab3-3d2db9161a50,6c1a5e60-68ef-470b-8bfc-4d6cd4aeb54d,c2,DROP,693,?,x6,
1769494890.9453247,FORWARDED,b6b89e9d-d9ee-4d51-aab3-3d2db9161a50,6c1a5e60-68ef-470b-8bfc-4d6cd4aeb54d,c2,DROP,693,?,x6,
1769494891.1052492,SENT,ce810b6c-ad25-46a4-beca-8d6f5524c5e1,869363e3-f67e-44e7-9be1-80356283495a,c4,DROP,693,?,x10,
1769494891.1052918,FORWARDED,ce810b6c-ad25-46a4-beca-8d6f5524c5e1,869363e3-f67e-44e7-9be1-80356283495a,c4,DROP,693,?,x10,
1769494891.3883016,RECEIVED,94bcfed7-ba4c-4e6b-be6c-0962bf196c58,3a013b32-6e04-4080-8c07-5991b0b07823,c4,DROP,1008,e7,?,
1769494891.4514642,RECEIVED,79c33deb-1ab6-457f-8506-5ebcd1bf3dd0,e18b87ca-f4eb-4ea6-85fd-c306c0b04abe,c1,c5,1777,e5,?,
1769494891.7194579,SENT,79c33deb-1ab6-457f-8506-5ebcd1bf3dd0,e18b87ca-f4eb-4ea6-85fd-c306c0b04abe,c1,c5,1259,?,x12,
1769494891.719497,FORWARDED,79c33deb-1ab6-457f-8506-5ebcd1bf3dd0,e18b87ca-f4eb-4ea6-85fd-c306c0b04abe,c1,c5,1259,?,x12,
1769494891.8124418,RECEIVED,6916547a-61bd-4834-8659-3b8bbad997da,e5c24919-f870-4288-bd79-f668a0d21b3c,c5,DROP,441,x3,?,
1769494892.0441523,RECEIVED,3b336ac3-7711-4150-a2a7-714bc9e959bd,7f10de57-3444-49a8-a26f-9e5ab38aabbd,c2,DROP,1008,e2,?,
1769494892.1030202,SENT,94bcfed7-ba4c-4e6b-be6c-0962bf196c58,3a013b32-6e04-4080-8c07-5991b0b07823,c4,DROP,684,?,x10,
1769494892.1032422,FORWARDED,94bcfed7-ba4c-4e6b-be6c-0962bf196c58,3a013b32-6e04-4080-8c07-5991b0b07823,c4,DROP,684,?,x10,
1769494892.1164482,SENT,80bf26f4-9bb1-4e9e-8801-f5658c32c144,8bf353c7-5bb6-4494-a255-59b8eac46f34,c5,DROP,683,?,x5,
1769494892.1164927,FORWARDED,80bf26f4-9bb1-4e9e-8801-f5658c32c144,8bf353c7-5bb6-4494-a255-59b8eac46f34,c5,DROP,683,?,x5,
1769494892.1279185,RECEIVED,4c585fed-de2c-4b9b-83cf-10155330e9d7,d7469db8-0189-4cdd-96d6-9cb0a86cc1cb,c2,DROP,443,x8,?,
1769494892.2455966,RECEIVED,eb26c1be-f831-44a1-bef7-c54eac8884ea,06251f2f-2cda-4783-b72b-6998aa96b5b2,c4,DROP,443,x6,?,
1769494892.282288,SENT,3b336ac3-7711-4150-a2a7-714bc9e959bd,7f10de57-3444-49a8-a26f-9e5ab38aabbd,c2,DROP,683,?,x6,
1769494892.282331,FORWARDED,3b336ac3-7711-4150-a2a7-714bc9e959bd,7f10de57-3444-49a8-a26f-9e5ab38aabbd,c2,DROP,683,?,x6,
1769494892.3209162,RECEIVED,2d2bdb16-9141-4908-a063-a86eea7207c2,bf9fd3d6-691b-4351-b19a-acdeebfab074,c5,DROP,1016,e8,?,
1769494892.452957,RECEIVED,9a759756-dced-424a-8180-e1ff66459112,cec93412-ecae-4ea8-9727-c94742b4c070,c4,DROP,1015,e1,?,
1769494892.4938488,RECEIVED,cd1486aa-58db-4ae6-a414-5db31b00cb12,e697ad7b-7a2e-4773-b0a1-b05b7fc3800f,c2,DROP,1007,e2,?,
1769494892.494923,SENT,2d2bdb16-9141-4908-a063-a86eea7207c2,bf9fd3d6-691b-4351-b19a-acdeebfab074,c5,DROP,688,?,x3,
1769494892.4949687,FORWARDED,2d2bdb16-9141-4908-a063-a86eea7207c2,bf9fd3d6-691b-4351-b19a-acdeebfab074,c5,DROP,688,?,x3,
1769494892.8988817,RECEIVED,405abe19-fce6-4d82-bf90-73c4e24a0cf9,b06a3feb-0365-4393-b5bd-5185c0585b23,c5,c2,1776,e2,?,
1769494892.8998153,SENT,9a759756-dced-424a-8180-e1ff66459112,cec93412-ecae-4ea8-9727-c94742b4c070,c4,DROP,688,?,x8,
1769494892.899857,FORWARDED,9a759756-dced-424a-8180-e1ff66459112,cec93412-ecae-4ea8-9727-c94742b4c070,c4,DROP,688,?,x8,
1769494893.012395,RECEIVED,c0b1aea3-c904-447b-8d27-563ac0c8daa8,c20c2468-c95a-468d-becf-25b638a2f750,c3,DROP,1021,e7,?,
1769494893.1019835,SENT,c0b1aea3-c904-447b-8d27-563ac0c8daa8,c20c2468-c95a-468d-becf-25b638a2f750,c3,DROP,692,?,x10,
1769494893.1020265,FORWARDED,c0b1aea3-c904-447b-8d27-563ac0c8daa8,c20c2468-c95a-468d-becf-25b638a2f750,c3,DROP,692,?,x10,
1769494893.1468625,RECEIVED,b17c59ef-eeca-4068-8684-4b95abc9db51,b2f31305-16f5-440d-99e2-50100aea5910,c2,DROP,1019,e3,?,
1769494893.1920297,RECEIVED,a2279d36-467e-4abb-89a6-719aaf974bb0,6b5cb472-5c9e-4e2a-9175-9a45abb9eff0,c2,DROP,1008,e2,?,
1769494893.2038476,RECEIVED,7542c285-c883-4e04-9926-c8f38f21ce7c,90f633e9-9bbd-41ca-8dfd-74e7cd925bcb,c3,DROP,1011,e8,?,
1769494893.3230684,RECEIVED,a168a825-27cf-4e75-85c8-b1cd340767ec,09013c8b-e0e2-4b58-a6aa-7f0ca5a2781f,c2,DROP,1008,e7,?,
1769494893.371017,RECEIVED,c82e21d7-b850-4fba-adf6-6b2779e9bd07,0928ccb3-8383-4e5e-a317-a4cb14a5d873,c1,DROP,1020,e7,?,
1769494893.4092326,SENT,a168a825-27cf-4e75-85c8-b1cd340767ec,09013c8b-e0e2-4b58-a6aa-7f0ca5a2781f,c2,DROP,683,?,x5,
1769494893.4094307,FORWARDED,a168a825-27cf-4e75-85c8-b1cd340767ec,09013c8b-e0e2-4b58-a6aa-7f0ca5a2781f,c2,DROP,683,?,x5,
1769494893.4156702,SENT,a2279d36-467e-4abb-89a6-719aaf974bb0,6b5cb472-5c9e-4e2a-9175-9a45abb9eff0,c2,DROP,684,?,x4,
1769494893.4157138,FORWARDED,a2279d36-467e-4abb-89a6-719aaf974bb0,6b5cb472-5c9e-4e2a-9175-9a45abb9eff0,c2,DROP,684,?,x4,
1769494893.4399168,RECEIVED,f8fc574b-df40-4d15-9403-b52f5fe4eb9f,1b938ac4-39ea-4979-9b12-5e9673f91745,c2,DROP,1021,e5,?,
1769494893.4418178,RECEIVED,0e0c8f94-3e6e-403d-b923-51345bb3faa8,f89846e2-1de4-4cb5-b124-c3f1ab5afc17,c5,c2,1767,e3,?,
1769494893.4695444,SENT,c82e21d7-b850-4fba-adf6-6b2779e9bd07,0928ccb3-8383-4e5e-a317-a4cb14a5d873,c1,DROP,692,?,x8,
1769494893.4695854,FORWARDED,c82e21d7-b850-4fba-adf6-6b2779e9bd07,0928ccb3-8383-4e5e-a317-a4cb14a5d873,c1,DROP,692,?,x8,
1769494893.4714952,SENT,f8fc574b-df40-4d15-9403-b52f5fe4eb9f,1b938ac4-39ea-4979-9b12-5e9673f91745,c2,DROP,693,?,x1,
1769494893.471531,FORWARDED,f8fc574b-df40-4d15-9403-b52f5fe4eb9f,1b938ac4-39ea-4979-9b12-5e9673f91745,c2,DROP,693,?,x1,
1769494893.504568,SENT,7542c285-c883-4e04-9926-c8f38f21ce7c,90f633e9-9bbd-41ca-8dfd-74e7cd925bcb,c3,DROP,687,?,x2,
1769494893.5046103,FORWARDED,7542c285-c883-4e04-9926-c8f38f21ce7c,90f633e9-9bbd-41ca-8dfd-74e7cd925bcb,c3,DROP,687,?,x2,
1769494893.7145298,SENT,405abe19-fce6-4d82-bf90-73c4e24a0cf9,b06a3feb-0365-4393-b5bd-5185c0585b23,c5,c2,1259,?,x11,
1769494893.7145715,FORWARDED,405abe19-fce6-4d82-bf90-73c4e24a0cf9,b06a3feb-0365-4393-b5bd-5185c0585b23,c5,c2,1259,?,x11,
1769494893.910903,SENT,b17c59ef-eeca-4068-8684-4b95abc9db51,b2f31305-16f5-440d-99e2-50100aea5910,c2,DROP,692,?,x7,
1769494893.910944,FORWARDED,b17c59ef-eeca-4068-8684-4b95abc9db51,b2f31305-16f5-440d-99e2-50100aea5910,c2,DROP,692,?,x7,
1769494893.9449277,RECEIVED,8e788f60-5b1f-483f-9284-ce4653acfd10,1f085622-95e6-457e-9f5a-adc4e4fa39f6,c4,DROP,446,x12,?,
1769494894.0383537,RECEIVED,f4a73a3d-f3c6-41ac-a93a-e0da9dfdd2d0,cf72bc21-d2b5-4589-8980-37b90c2549bd,c1,c5,1774,e1,?,
1769494894.1171732,RECEIVED,e978431e-1ea8-4437-8100-9fda90894d88,3f4ed326-b931-43bb-9df6-bbe4e7aa1e54,c4,DROP,1008,e9,?,
1769494894.2082922,SENT,0e0c8f94-3e6e-403d-b923-51345bb3faa8,f89846e2-1de4-4cb5-b124-c3f1ab5afc17,c5,c2,1252,?,x2,
1769494894.2083337,FORWARDED,0e0c8f94-3e6e-403d-b923-51345bb3faa8,f89846e2-1de4-4cb5-b124-c3f1ab5afc17,c5,c2,1252,?,x2,
1769494894.215178,SENT,e978431e-1ea8-4437-8100-9fda90894d88,3f4ed326-b931-43bb-9df6-bbe4e7aa1e54,c4,DROP,684,?,x4,
1769494894.2152278,FORWARDED,e978431e-1ea8-4437-8100-9fda90894d88,3f4ed326-b931-43bb-9df6-bbe4e7aa1e54,c4,DROP,684,?,x4,
1769494894.4691126,RECEIVED,a031aa29-83da-4310-8065-c88109121778,9f2998ce-e3a9-4560-9856-9fcb9dcfc586,c2,DROP,1007,e3,?,
1769494894.49722,SENT,cd1486aa-58db-4ae6-a414-5db31b00cb12,e697ad7b-7a2e-4773-b0a1-b05b7fc3800f,c2,DROP,684,?,x3,
1769494894.49726,FORWARDED,cd1486aa-58db-4ae6-a414-5db31b00cb12,e697ad7b-7a2e-4773-b0a1-b05b7fc3800f,c2,DROP,684,?,x3,
1769494894.5669155,SENT,f4a73a3d-f3c6-41ac-a93a-e0da9dfdd2d0,cf72bc21-d2b5-4589-8980-37b90c2549bd,c1,c5,1259,?,x2,
1769494894.5669553,FORWARDED,f4a73a3d-f3c6-41ac-a93a-e0da9dfdd2d0,cf72bc21-d2b5-4589-8980-37b90c2549bd,c1,c5,1259,?,x2,
1769494894.6012347,SENT,a031aa29-83da-4310-8065-c88109121778,9f2998ce-e3a9-4560-9856-9fcb9dcfc586,c2,DROP,684,?,x6,
1769494894.6012785,FORWARDED,a031aa29-83da-4310-8065-c88109121778,9f2998ce-e3a9-4560-9856-9fcb9dcfc586,c2,DROP,684,?,x6,
1769494894.8118021,RECEIVED,9acce778-6e4c-4a78-861e-47a57a079e8b,b6195d23-efc3-4506-855b-846945aa8f9b,c2,DROP,442,x3,?,
1769494895.0827389,RECEIVED,c4bc088b-1203-41e8-a379-1f478e600cce,6539cb83-016c-40cb-adc2-d5919c2944eb,c5,DROP,1020,e11,?,
1769494895.1496732,RECEIVED,86a1995d-8222-406d-9730-23912ab18387,bf4c296c-82dc-41f4-ae61-65f37ea082bb,c4,DROP,1020,e11,?,
1769494895.2591784,RECEIVED,b32a893e-b244-4a45-aeca-5e573945c79c,c7b60971-d2f9-4216-b1b1-c15c35c8f3b4,c2,DROP,441,x2,?,
1769494895.3495972,SENT,86a1995d-8222-406d-9730-23912ab18387,bf4c296c-82dc-41f4-ae61-65f37ea082bb,c4,DROP,692,?,x7,
1769494895.3498664,FORWARDED,86a1995d-8222-406d-9730-23912ab18387,bf4c296c-82dc-41f4-ae61-65f37ea082bb,c4,DROP,692,?,x7,
1769494895.506902,RECEIVED,e09e3b7b-db1d-4a2f-81ba-2d68cf7bfec3,ee544e9d-cb0f-48ad-9e55-feafbc63ece1,c1,DROP,1007,e12,?,
1769494895.599078,RECEIVED,e3772a04-51ef-4513-859e-6e5ee15620d2,da02e33e-ea0d-4db1-b66e-3f9bdc63813e,c3,c5,1782,e12,?,
1769494895.6018865,RECEIVED,3979e271-69c5-4ff8-a86f-5d3e4b16f23d,ed84752b-af4c-4186-a0af-62f1bd390928,c2,DROP,441,x8,?,
1769494895.6436975,RECEIVED,ba85039e-47b0-4cfe-9247-e9e24077db64,4a451a5b-b442-44d8-946a-43a45c32db6e,c1,DROP,442,x6,?,
1769494895.6926198,RECEIVED,69067e0e-12de-40c2-b769-640ec480a2aa,1fe63f99-737c-4d1c-8bfc-af9a25c8c0f4,c1,DROP,441,x12,?,
1769494895.8088174,RECEIVED,337f4aa8-8b9d-4990-aab6-e999534972a3,fc64fa13-19aa-4d26-b288-db45b2c88685,c1,c5,1771,e4,?,
1769494896.0094252,SENT,c4bc088b-1203-41e8-a379-1f478e600cce,6539cb83-016c-40cb-adc2-d5919c2944eb,c5,DROP,691,?,x11,
1769494896.00947,FORWARDED,c4bc088b-1203-41e8-a379-1f478e600cce,6539cb83-016c-40cb-adc2-d5919c2944eb,c5,DROP,691,?,x11,
1769494896.0388656,RECEIVED,2bf7e5a5-7165-4050-893f-080077f08e59,51147432-694a-4cff-b46d-e5c01573b5b7,c1,DROP,1013,e7,?,
1769494896.108946,SENT,e3772a04-51ef-4513-859e-6e5ee15620d2,da02e33e-ea0d-4db1-b66e-3f9bdc63813e,c3,c5,1264,?,x9,
1769494896.108984,FORWARDED,e3772a04-51ef-4513-859e-6e5ee15620d2,da02e33e-ea0d-4db1-b66e-3f9bdc63813e,c3,c5,1264,?,x9,
1769494896.1730185,RECEIVED,3ecae03a-cec2-425c-908f-81268735224f,67a8afed-0251-46e7-9504-eea5f4574539,c3,DROP,1012,e6,?,
1769494896.1739442,RECEIVED,c01ab25c-0eec-4b99-b4ad-faf3e14686e9,c7269072-135e-43f8-a45b-68d7c1394be8,c5,DROP,1012,e11,?,
1769494896.1792617,SENT,e09e3b7b-db1d-4a2f-81ba-2d68cf7bfec3,ee544e9d-cb0f-48ad-9e55-feafbc63ece1,c1,DROP,683,?,x3,
1769494896.1793027,FORWARDED,e09e3b7b-db1d-4a2f-81ba-2d68cf7bfec3,ee544e9d-cb0f-48ad-9e55-feafbc63ece1,c1,DROP,683,?,x3,
1769494896.2252738,SENT,2bf7e5a5-7165-4050-893f-080077f08e59,51147432-694a-4cff-b46d-e5c01573b5b7,c1,DROP,687,?,x12,
1769494896.2253158,FORWARDED,2bf7e5a5-7165-4050-893f-080077f08e59,51147432-694a-4cff-b46d-e5c01573b5b7,c1,DROP,687,?,x12,
1769494896.2290192,RECEIVED,a1867673-81f5-4623-bd7d-af2da3b0811e,bb29f8f4-99ea-4f1b-999b-39c3d374a4ab,c2,c3,1763,e7,?,
1769494896.2902625,SENT,337f4aa8-8b9d-4990-aab6-e999534972a3,fc64fa13-19aa-4d26-b288-db45b2c88685,c1,c5,1256,?,x6,
1769494896.2903006,FORWARDED,337f4aa8-8b9d-4990-aab6-e999534972a3,fc64fa13-19aa-4d26-b288-db45b2c88685,c1,c5,1256,?,x6,
1769494896.3425403,SENT,c01ab25c-0eec-4b99-b4ad-faf3e14686e9,c7269072-135e-43f8-a45b-68d7c1394be8,c5,DROP,687,?,x5,
1769494896.3425808,FORWARDED,c01ab25c-0eec-4b99-b4ad-faf3e14686e9,c7269072-135e-43f8-a45b-68d7c1394be8,c5,DROP,687,?,x5,
1769494896.3537476,RECEIVED,6d4366d8-3a87-43f7-8be4-f5bb371a70a4,3e32449d-a58e-4e45-ae13-3a57bc84387f,c2,DROP,1011,e11,?,
1769494896.3896694,RECEIVED,aef1a345-2809-484d-a86d-4e863d47a869,cd5aa4c6-85e5-461d-9cab-c146d9c40dc8,c5,DROP,1017,e6,?,
1769494896.4534051,SENT,3ecae03a-cec2-425c-908f-81268735224f,67a8afed-0251-46e7-9504-eea5f4574539,c3,DROP,687,?,x1,
1769494896.4534478,FORWARDED,3ecae03a-cec2-425c-908f-81268735224f,67a8afed-0251-46e7-9504-eea5f4574539,c3,DROP,687,?,x1,
1769494896.5854807,SENT,aef1a345-2809-484d-a86d-4e863d47a869,cd5aa4c6-85e5-461d-9cab-c146d9c40dc8,c5,DROP,690,?,x12,
1769494896.5855231,FORWARDED,aef1a345-2809-484d-a86d-4e863d47a869,cd5aa4c6-85e5-461d-9cab-c146d9c40dc8,c5,DROP,690,?,x12,
1769494896.6103098,RECEIVED,d41e5673-d3d8-4f9e-944e-b868fe74ed39,eff39fcf-2588-414c-be2b-c5b49cfe4bfe,c5,DROP,1010,e3,?,
1769494896.6157272,RECEIVED,e02639cc-2035-4db9-990b-20db02f3bdd5,ea6e562f-9e93-4325-96af-8dfb17629933,c2,DROP,1011,e10,?,
1769494896.7318652,RECEIVED,df1fda99-41ae-46c8-9363-081d97a97209,8023da3a-698d-46d2-a5e0-501e37d33f28,c4,DROP,1013,e4,?,
1769494896.9255202,SENT,a1867673-81f5-4623-bd7d-af2da3b0811e,bb29f8f4-99ea-4f1b-999b-39c3d374a4ab,c2,c3,1250,?,x3,
1769494896.9255545,FORWARDED,a1867673-81f5-4623-bd7d-af2da3b0811e,bb29f8f4-99ea-4f1b-999b-39c3d374a4ab,c2,c3,1250,?,x3,
1769494896.9263813,RECEIVED,7168f345-82e0-4bfe-ae78-05504b1e7d0d,22d024c1-e07d-4d24-948a-1bb43ddeac9e,c1,DROP,1007,e3,?,
1769494897.013476,RECEIVED,0799b089-b5d5-4f8a-8839-3a87751badf6,3d3da214-bd43-47af-91bd-b8b541121002,c4,DROP,1019,e1,?,
1769494897.0328546,SENT,6d4366d8-3a87-43f7-8be4-f5bb371a70a4,3e32449d-a58e-4e45-ae13-3a57bc84387f,c2,DROP,687,?,x2,
1769494897.0328977,FORWARDED,6d4366d8-3a87-43f7-8be4-f5bb371a70a4,3e32449d-a58e-4e45-ae13-3a57bc84387f,c2,DROP,687,?,x2,
1769494897.038303,RECEIVED,15ab8d15-a141-46c7-8b46-87959353c615,00a0d30a-4069-4403-9b17-b2b069b6db41,c5,c2,1780,e7,?,
1769494897.1353362,SENT,15ab8d15-a141-46c7-8b46-87959353c615,00a0d30a-4069-4403-9b17-b2b069b6db41,c5,c2,1263,?,x11,
1769494897.1354256,FORWARDED,15ab8d15-a141-46c7-8b46-87959353c615,00a0d30a-4069-4403-9b17-b2b069b6db41,c5,c2,1263,?,x11,
1769494897.239526,SENT,d41e5673-d3d8-4f9e-944e-b868fe74ed39,eff39fcf-2588-414c-be2b-c5b49cfe4bfe,c5,DROP,687,?,x4,
1769494897.2395656,FORWARDED,d41e5673-d3d8-4f9e-944e-b868fe74ed39,eff39fcf-2588-414c-be2b-c5b49cfe4bfe,c5,DROP,687,?,x4,
1769494897.6883836,SENT,e02639cc-2035-4db9-990b-20db02f3bdd5,ea6e562f-9e93-4325-96af-8dfb17629933,c2,DROP,687,?,x8,
1769494897.6884246,FORWARDED,e02639cc-2035-4db9-990b-20db02f3bdd5,ea6e562f-9e93-4325-96af-8dfb17629933,c2,DROP,687,?,x8,
1769494897.7064276,SENT,0799b089-b5d5-4f8a-8839-3a87751badf6,3d3da214-bd43-47af-91bd-b8b541121002,c4,DROP,693,?,x9,
1769494897.7064698,FORWARDED,0799b089-b5d5-4f8a-8839-3a87751badf6,3d3da214-bd43-47af-91bd-b8b541121002,c4,DROP,693,?,x9,
1769494897.8087893,RECEIVED,06a987f8-0941-4f21-873c-d4a7236dc031,fe4f4465-66dc-498e-a23d-b4386b39cf91,c3,DROP,1007,e8,?,
1769494898.0019836,RECEIVED,d2e6a24e-9fe0-4267-9a4b-12d5ea3f1d55,45c0c2a2-3e79-4ce8-bdbb-f2e3e1e2412b,c3,DROP,1020,e6,?,
1769494898.030154,SENT,df1fda99-41ae-46c8-9363-081d97a97209,8023da3a-698d-46d2-a5e0-501e37d33f28,c4,DROP,688,?,x7,
1769494898.0301976,FORWARDED,df1fda99-41ae-46c8-9363-081d97a97209,8023da3a-698d-46d2-a5e0-501e37d33f28,c4,DROP,688,?,x7,
1769494898.1483843,RECEIVED,627e7619-e49e-4a7c-b375-43e12a41ad72,9302276b-9214-4031-ac4d-e45a06bfa7e6,c3,DROP,1007,e1,?,
1769494898.2773817,SENT,d2e6a24e-9fe0-4267-9a4b-12d5ea3f1d55,45c0c2a2-3e79-4ce8-bdbb-f2e3e1e2412b,c3,DROP,691,?,x12,
1769494898.2774248,FORWARDED,d2e6a24e-9fe0-4267-9a4b-12d5ea3f1d55,45c0c2a2-3e79-4ce8-bdbb-f2e3e1e2412b,c3,DROP,691,?,x12,
1769494898.3460329,RECEIVED,5b67c98b-752a-4911-a3d6-00ae7c01b2d1,f233c7b1-c2c4-4e7e-8d58-3ac6c9c95671,c4,DROP,1019,e12,?,
1769494898.3880942,RECEIVED,d3c857c1-1a10-4cfd-9c52-af3b8877ab77,4e18497f-10e9-4567-9979-e0c446a22383,c4,DROP,1013,e5,?,
1769494898.4178329,SENT,d3c857c1-1a10-4cfd-9c52-af3b8877ab77,4e18497f-10e9-4567-9979-e0c446a22383,c4,DROP,685,?,x7,
1769494898.4178727,FORWARDED,d3c857c1-1a10-4cfd-9c52-af3b8877ab77,4e18497f-10e9-4567-9979-e0c446a22383,c4,DROP,685,?,x7,
1769494898.4198945,SENT,7168f345-82e0-4bfe-ae78-05504b1e7d0d,22d024c1-e07d-4d24-948a-1bb43ddeac9e,c1,DROP,683,?,x10,
1769494898.419938,FORWARDED,7168f345-82e0-4bfe-ae78-05504b1e7d0d,22d024c1-e07d-4d24-948a-1bb43ddeac9e,c1,DROP,683,?,x10,
1769494898.6606526,SENT,5b67c98b-752a-4911-a3d6-00ae7c01b2d1,f233c7b1-c2c4-4e7e-8d58-3ac6c9c95671,c4,DROP,691,?,x2,
1769494898.6606936,FORWARDED,5b67c98b-752a-4911-a3d6-00ae7c01b2d1,f233c7b1-c2c4-4e7e-8d58-3ac6c9c95671,c4,DROP,691,?,x2,
1769494898.8010561,RECEIVED,5732532a-f38e-43d6-91a5-9f1019b5b4b7,dcb9d4ab-f7a0-4092-8e85-4cae6aa86b0f,c1,c5,1764,e4,?,
1769494898.9142525,SENT,5732532a-f38e-43d6-91a5-9f1019b5b4b7,dcb9d4ab-f7a0-4092-8e85-4cae6aa86b0f,c1,c5,1251,?,x3,
1769494898.9142947,FORWARDED,5732532a-f38e-43d6-91a5-9f1019b5b4b7,dcb9d4ab-f7a0-4092-8e85-4cae6aa86b0f,c1,c5,1251,?,x3,
1769494898.9365177,RECEIVED,01363378-6003-4404-9d56-ef12d56ef107,69f2226a-4466-4658-b982-e63ea6ac0ae8,c1,DROP,1015,e8,?,
1769494899.056974,SENT,627e7619-e49e-4a7c-b375-43e12a41ad72,9302276b-9214-4031-ac4d-e45a06bfa7e6,c3,DROP,684,?,x4,
1769494899.0570157,FORWARDED,627e7619-e49e-4a7c-b375-43e12a41ad72,9302276b-9214-4031-ac4d-e45a06bfa7e6,c3,DROP,684,?,x4,
1769494899.1768792,RECEIVED,3a2e2aba-c57f-48d5-b08d-18f924e6b245,5d5eb3c2-1659-405e-8db4-ecf1ae27723b,c2,c3,1763,e8,?,
1769494899.217635,RECEIVED,e84455c2-f48b-4359-be5c-69c11b16eb8b,2fe8e62f-6cde-412c-81f5-52f92c72004a,c1,DROP,1007,e9,?,
1769494899.2797315,SENT,06a987f8-0941-4f21-873c-d4a7236dc031,fe4f4465-66dc-498e-a23d-b4386b39cf91,c3,DROP,682,?,x4,
1769494899.2797887,FORWARDED,06a987f8-0941-4f21-873c-d4a7236dc031,fe4f4465-66dc-498e-a23d-b4386b39cf91,c3,DROP,682,?,x4,
1769494899.3119497,RECEIVED,dfd93474-ec8f-45a5-a8ec-fd76f793695b,227b0c01-908a-4d31-9654-cda717f80283,c3,DROP,1021,e9,?,
1769494899.455746,SENT,dfd93474-ec8f-45a5-a8ec-fd76f793695b,227b0c01-908a-4d31-9654-cda717f80283,c3,DROP,692,?,x11,
1769494899.4557939,FORWARDED,dfd93474-ec8f-45a5-a8ec-fd76f793695b,227b0c01-908a-4d31-9654-cda717f80283,c3,DROP,692,?,x11,
1769494899.470521,SENT,e84455c2-f48b-4359-be5c-69c11b16eb8b,2fe8e62f-6cde-412c-81f5-52f92c72004a,c1,DROP,684,?,x9,
1769494899.4706388,FORWARDED,e84455c2-f48b-4359-be5c-69c11b16eb8b,2fe8e62f-6cde-412c-81f5-52f92c72004a,c1,DROP,684,?,x9,
1769494899.536652,RECEIVED,f10d1eab-b721-4b2a-9c16-1ff55412cf7c,2ee76a62-23da-44d9-ac4a-0822b08e197c,c1,DROP,445,x10,?,
1769494899.5699668,RECEIVED,b127142a-12ba-4fb3-9ec8-0ae85be70219,848807ed-fc11-4028-8790-692026d7dcd6,c4,DROP,1012,e10,?,
1769494899.5847726,RECEIVED,b1dcc56e-e8d7-4a89-904c-83984cd01c21,9570b125-ec82-43f3-bf79-d4f765d52269,c3,DROP,1020,e11,?,
1769494899.6801593,SENT,b127142a-12ba-4fb3-9ec8-0ae85be70219,848807ed-fc11-4028-8790-692026d7dcd6,c4,DROP,687,?,x3,
1769494899.680202,FORWARDED,b127142a-12ba-4fb3-9ec8-0ae85be70219,848807ed-fc11-4028-8790-692026d7dcd6,c4,DROP,687,?,x3,
1769494899.9273965,RECEIVED,03c35023-ed12-40b0-a3c5-9fc4236928e1,027b7397-62d2-47a9-8fc7-dbf20e95023d,c4,DROP,1015,e1,?,
1769494900.1721725,RECEIVED,f2090269-fc7d-4b5f-b607-0217bb5dac14,edaba181-920a-4bee-99ec-00815288c7fb,c2,DROP,1016,e6,?,
1769494900.190482,SENT,3a2e2aba-c57f-48d5-b08d-18f924e6b245,5d5eb3c2-1659-405e-8db4-ecf1ae27723b,c2,c3,1251,?,x3,
1769494900.1905222,FORWARDED,3a2e2aba-c57f-48d5-b08d-18f924e6b245,5d5eb3c2-1659-405e-8db4-ecf1ae27723b,c2,c3,1251,?,x3,
1769494900.2403188,SENT,b1dcc56e-e8d7-4a89-904c-83984cd01c21,9570b125-ec82-43f3-bf79-d4f765d52269,c3,DROP,692,?,x10,
1769494900.2403686,FORWARDED,b1dcc56e-e8d7-4a89-904c-83984cd01c21,9570b125-ec82-43f3-bf79-d4f765d52269,c3,DROP,692,?,x10,
1769494900.255623,SENT,03c35023-ed12-40b0-a3c5-9fc4236928e1,027b7397-62d2-47a9-8fc7-dbf20e95023d,c4,DROP,690,?,x9,
1769494900.255663,FORWARDED,03c35023-ed12-40b0-a3c5-9fc4236928e1,027b7397-62d2-47a9-8fc7-dbf20e95023d,c4,DROP,690,?,x9,
1769494900.454629,SENT,f2090269-fc7d-4b5f-b607-0217bb5dac14,edaba181-920a-4bee-99ec-00815288c7fb,c2,DROP,688,?,x2,
1769494900.4546635,FORWARDED,f2090269-fc7d-4b5f-b607-0217bb5dac14,edaba181-920a-4bee-99ec-00815288c7fb,c2,DROP,688,?,x2,
1769494900.587022,RECEIVED,6405516b-c0d0-48b7-b6b6-1b02de5a977e,51dab208-cf07-4ed2-9a80-959a037d7f11,c3,DROP,1016,e9,?,
1769494900.6664023,RECEIVED,f8606f2e-dfbd-4482-aa7a-96576298ac1b,b402555a-4870-4efe-a08b-43b72750c5ce,c5,c2,1770,e5,?,
1769494900.8835585,RECEIVED,c168693f-a043-4a50-8ff4-160b1366c0d1,dba7ffa8-e8d9-4aa8-b13c-8b9292ea5d14,c1,DROP,1008,e8,?,
1769494901.0358598,RECEIVED,3824f9ea-f86e-4550-a890-a207673e755f,2a3bde68-a20d-4f47-8ac5-f524efa27cb1,c4,DROP,1007,e3,?,
1769494901.047237,SENT,6405516b-c0d0-48b7-b6b6-1b02de5a977e,51dab208-cf07-4ed2-9a80-959a037d7f11,c3,DROP,688,?,x3,
1769494901.0472767,FORWARDED,6405516b-c0d0-48b7-b6b6-1b02de5a977e,51dab208-cf07-4ed2-9a80-959a037d7f11,c3,DROP,688,?,x3,
1769494901.06543,RECEIVED,36fc0534-9ed2-4b11-8748-d4e918826a41,5e1216e3-8fe0-4326-890d-382db5fe2ab7,c2,c3,1776,e10,?,
1769494901.0825326,RECEIVED,b41b6ff6-0beb-4564-ada7-ffa938e7e6d5,a89736fd-be67-4207-9149-b8855c5c31b9,c4,DROP,1007,e9,?,
1769494901.091984,RECEIVED,13cbe267-049a-45f1-8c63-3e7dcfe57853,ad1e5f33-6a25-4ddf-af0c-4279458fa600,c3,DROP,1012,e9,?,
1769494901.3663828,SENT,f8606f2e-dfbd-4482-aa7a-96576298ac1b,b402555a-4870-4efe-a08b-43b72750c5ce,c5,c2,1255,?,x3,
1769494901.3664231,FORWARDED,f8606f2e-dfbd-4482-aa7a-96576298ac1b,b402555a-4870-4efe-a08b-43b72750c5ce,c5,c2,1255,?,x3,
1769494901.4655588,RECEIVED,877bb49a-c9f9-4ed3-a1d4-9d146ef8e295,5b51c593-cd81-4819-b539-2d1bd889408f,c5,DROP,1016,e9,?,
1769494901.4828095,SENT,13cbe267-049a-45f1-8c63-3e7dcfe57853,ad1e5f33-6a25-4ddf-af0c-4279458fa600,c3,DROP,687,?,x7,
1769494901.4828515,FORWARDED,13cbe267-049a-45f1-8c63-3e7dcfe57853,ad1e5f33-6a25-4ddf-af0c-4279458fa600,c3,DROP,687,?,x7,
1769494901.5951552,SENT,3824f9ea-f86e-4550-a890-a207673e755f,2a3bde68-a20d-4f47-8ac5-f524efa27cb1,c4,DROP,683,?,x9,
1769494901.5951965,FORWARDED,3824f9ea-f86e-4550-a890-a207673e755f,2a3bde68-a20d-4f47-8ac5-f524efa27cb1,c4,DROP,683,?,x9,
1769494901.7036204,RECEIVED,d5691a94-af13-4484-8ce0-d657fae43c30,8f328864-d32d-4c0c-a014-864346390705,c1,DROP,1012,e6,?,
1769494901.801298,SENT,d5691a94-af13-4484-8ce0-d657fae43c30,8f328864-d32d-4c0c-a014-864346390705,c1,DROP,687,?,x7,
1769494901.8013394,FORWARDED,d5691a94-af13-4484-8ce0-d657fae43c30,8f328864-d32d-4c0c-a014-864346390705,c1,DROP,687,?,x7,
1769494901.895769,RECEIVED,33534ebc-3979-454c-9d45-352f5e99656b,70a98669-6875-4d06-bff9-d7be2de20a2d,c3,DROP,438,x8,?,
1769494901.9306753,SENT,c168693f-a043-4a50-8ff4-160b1366c0d1,dba7ffa8-e8d9-4aa8-b13c-8b9292ea5d14,c1,DROP,684,?,x12,
1769494901.9307177,FORWARDED,c168693f-a043-4a50-8ff4-160b1366c0d1,dba7ffa8-e8d9-4aa8-b13c-8b9292ea5d14,c1,DROP,684,?,x12,
1769494901.964905,SENT,01363378-6003-4404-9d56-ef12d56ef107,69f2226a-4466-4658-b982-e63ea6ac0ae8,c1,DROP,688,?,x7,
1769494901.9649403,FORWARDED,01363378-6003-4404-9d56-ef12d56ef107,69f2226a-4466-4658-b982-e63ea6ac0ae8,c1,DROP,688,?,x7,
1769494901.999483,SENT,36fc0534-9ed2-4b11-8748-d4e918826a41,5e1216e3-8fe0-4326-890d-382db5fe2ab7,c2,c3,1260,?,x10,
1769494901.9995224,FORWARDED,36fc0534-9ed2-4b11-8748-d4e918826a41,5e1216e3-8fe0-4326-890d-382db5fe2ab7,c2,c3,1260,?,x10,
1769494902.174935,RECEIVED,2cb24309-cce8-49a0-b24e-05f6706d6b40,a6bd59c9-a3ec-4962-b846-432c2bd045ed,c3,DROP,1012,e11,?,
1769494902.251784,SENT,877bb49a-c9f9-4ed3-a1d4-9d146ef8e295,5b51c593-cd81-4819-b539-2d1bd889408f,c5,DROP,689,?,x11,
1769494902.2518282,FORWARDED,877bb49a-c9f9-4ed3-a1d4-9d146ef8e295,5b51c593-cd81-4819-b539-2d1bd889408f,c5,DROP,689,?,x11,
1769494902.3126972,SENT,2cb24309-cce8-49a0-b24e-05f6706d6b40,a6bd59c9-a3ec-4962-b846-432c2bd045ed,c3,DROP,687,?,x5,
1769494902.312738,FORWARDED,2cb24309-cce8-49a0-b24e-05f6706d6b40,a6bd59c9-a3ec-4962-b846-432c2bd045ed,c3,DROP,687,?,x5,
1769494902.5698729,RECEIVED,bf89d2bb-f685-4ce2-8c14-8a7110fef440,bb4c8a43-100d-46de-89e7-aaf1e87838ac,c5,DROP,1007,e9,?,
1769494902.6340277,SENT,b41b6ff6-0beb-4564-ada7-ffa938e7e6d5,a89736fd-be67-4207-9149-b8855c5c31b9,c4,DROP,684,?,x5,
1769494902.6340845,FORWARDED,b41b6ff6-0beb-4564-ada7-ffa938e7e6d5,a89736fd-be67-4207-9149-b8855c5c31b9,c4,DROP,684,?,x5,
1769494902.7307825,RECEIVED,04251bee-ce57-4e58-af41-ac801b84edde,9c964303-6a20-4a0b-888b-2b15297c7d83,c3,DROP,441,x8,?,
1769494902.7718546,RECEIVED,bb0b4cdc-8c51-469f-95e5-646b4e429401,a46fc1be-8f9e-465f-8416-2b4ce62d1afd,c2,DROP,1008,e9,?,
1769494902.846493,RECEIVED,346c6b32-b500-4942-91fe-2d6f17ae73ca,5e3defce-c9a1-4ab6-8b3a-00b72f03d3f8,c5,DROP,445,x12,?,
1769494902.9456773,RECEIVED,49dd85a2-4ec2-45ff-bb00-2c918de0de7b,357f3396-a34d-4307-8a79-7f267d311f9e,c2,DROP,1011,e4,?,
1769494903.0777667,SENT,bb0b4cdc-8c51-469f-95e5-646b4e429401,a46fc1be-8f9e-465f-8416-2b4ce62d1afd,c2,DROP,683,?,x11,
1769494903.0778067,FORWARDED,bb0b4cdc-8c51-469f-95e5-646b4e429401,a46fc1be-8f9e-465f-8416-2b4ce62d1afd,c2,DROP,683,?,x11,
1769494903.2169976,RECEIVED,6d634060-02a6-4c03-886d-5d7b354bf503,7ecd3872-f09b-4f25-994d-ea2e22d23095,c5,DROP,1007,e10,?,
1769494903.314215,RECEIVED,40b30379-37a4-4db2-bb21-23beb0e0a481,da6797d1-4fee-4bdd-87b5-e1ad9572ea2a,c1,c5,1782,e11,?,
1769494903.3271732,RECEIVED,b776479d-75cf-48cb-b21d-71927f3f9c18,39e838da-7fc9-40ce-b854-a8c1e6bf0d06,c5,c2,1779,e12,?,
1769494903.3412504,SENT,bf89d2bb-f685-4ce2-8c14-8a7110fef440,bb4c8a43-100d-46de-89e7-aaf1e87838ac,c5,DROP,683,?,x2,
1769494903.3412926,FORWARDED,bf89d2bb-f685-4ce2-8c14-8a7110fef440,bb4c8a43-100d-46de-89e7-aaf1e87838ac,c5,DROP,683,?,x2,
1769494903.5078552,RECEIVED,d1922615-980c-48e3-8e17-b6505d8544cd,c6b0611e-6abc-4585-baee-bb3298afedd7,c3,DROP,1009,e4,?,
1769494903.5187292,RECEIVED,031474cf-154f-4c56-9eb2-c6233197d9a5,03c130f5-b493-41f4-9f7a-83d894153af4,c4,DROP,1016,e8,?,
1769494903.5385458,RECEIVED,a3bc8e2e-333a-4972-a1b2-4efa7ddf64b4,fb83d742-6db7-4f63-91ac-34c7df764488,c2,c3,1780,e10,?,
1769494903.5507543,SENT,d1922615-980c-48e3-8e17-b6505d8544cd,c6b0611e-6abc-4585-baee-bb3298afedd7,c3,DROP,683,?,x2,
1769494903.550793,FORWARDED,d1922615-980c-48e3-8e17-b6505d8544cd,c6b0611e-6abc-4585-baee-bb3298afedd7,c3,DROP,683,?,x2,
1769494903.557783,SENT,b776479d-75cf-48cb-b21d-71927f3f9c18,39e838da-7fc9-40ce-b854-a8c1e6bf0d06,c5,c2,1263,?,x11,
1769494903.5578337,FORWARDED,b776479d-75cf-48cb-b21d-71927f3f9c18,39e838da-7fc9-40ce-b854-a8c1e6bf0d06,c5,c2,1263,?,x11,
1769494903.6584437,RECEIVED,5fcb85c3-9f3f-4c51-91c8-d24b498098c9,82207c60-178d-43c6-83d2-a3adf31606aa,c1,c5,1764,e2,?,
1769494903.7085812,SENT,a3bc8e2e-333a-4972-a1b2-4efa7ddf64b4,fb83d742-6db7-4f63-91ac-34c7df764488,c2,c3,1263,?,x6,
1769494903.7086234,FORWARDED,a3bc8e2e-333a-4972-a1b2-4efa7ddf64b4,fb83d742-6db7-4f63-91ac-34c7df764488,c2,c3,1263,?,x6,
1769494903.7624013,SENT,5fcb85c3-9f3f-4c51-91c8-d24b498098c9,82207c60-178d-43c6-83d2-a3adf31606aa,c1,c5,1250,?,x8,
1769494903.762495,FORWARDED,5fcb85c3-9f3f-4c51-91c8-d24b498098c9,82207c60-178d-43c6-83d2-a3adf31606aa,c1,c5,1250,?,x8,
1769494903.9069426,SENT,6d634060-02a6-4c03-886d-5d7b354bf503,7ecd3872-f09b-4f25-994d-ea2e22d23095,c5,DROP,684,?,x5,
1769494903.906984,FORWARDED,6d634060-02a6-4c03-886d-5d7b354bf503,7ecd3872-f09b-4f25-994d-ea2e22d23095,c5,DROP,684,?,x5,
1769494903.908584,RECEIVED,1edf5a5e-5f45-4d2d-9a48-22e8c9a5b114,9bbc27ca-1208-440a-b1ed-4cf2e77bbff2,c3,DROP,1007,e10,?,
1769494903.9880815,SENT,49dd85a2-4ec2-45ff-bb00-2c918de0de7b,357f3396-a34d-4307-8a79-7f267d311f9e,c2,DROP,687,?,x2,
1769494903.9881253,FORWARDED,49dd85a2-4ec2-45ff-bb00-2c918de0de7b,357f3396-a34d-4307-8a79-7f267d311f9e,c2,DROP,687,?,x2,
1769494903.9906893,RECEIVED,3cd4031a-ffeb-4f6a-8214-280e66d60ac6,c43e1d6b-3e47-451f-9d59-fb2296a517c4,c2,DROP,1019,e5,?,
1769494904.0273383,RECEIVED,75a89e37-e70f-4e80-b92e-a3616ddb2cac,8e776d0d-ce27-4e7c-b83d-28c24d8c6125,c4,DROP,1007,e5,?,
1769494904.057873,RECEIVED,9c08e34e-a799-4334-9f42-5ca2670e1c86,498a6e0d-f221-496c-b662-c04d7b957921,c1,DROP,1009,e4,?,
1769494904.0735588,RECEIVED,87556154-0736-45cd-b492-47f3102601c2,f1548f58-fa78-4fa8-8dc1-b2634863e190,c3,DROP,1011,e4,?,
1769494904.0853848,RECEIVED,0268be0e-302c-4b52-b7df-26e78858fe3a,62125db7-c559-4238-8f29-3e73e0caf39e,c1,c5,1773,e8,?,
1769494904.1139464,RECEIVED,42781fca-c839-455e-afb6-01f2040ad7ab,7771de57-0c05-4e4c-b62c-1d67ccae7142,c4,DROP,1017,e8,?,
1769494904.1242802,SENT,9c08e34e-a799-4334-9f42-5ca2670e1c86,498a6e0d-f221-496c-b662-c04d7b957921,c1,DROP,684,?,x7,
1769494904.1243243,FORWARDED,9c08e34e-a799-4334-9f42-5ca2670e1c86,498a6e0d-f221-496c-b662-c04d7b957921,c1,DROP,684,?,x7,
1769494904.1549613,RECEIVED,90ff2249-74d1-4919-a8d6-ae8051213773,188833f3-08bf-4d27-8233-7305b9bf92be,c4,DROP,442,x12,?,
1769494904.2120311,SENT,42781fca-c839-455e-afb6-01f2040ad7ab,7771de57-0c05-4e4c-b62c-1d67ccae7142,c4,DROP,690,?,x11,
1769494904.2120888,FORWARDED,42781fca-c839-455e-afb6-01f2040ad7ab,7771de57-0c05-4e4c-b62c-1d67ccae7142,c4,DROP,690,?,x11,
1769494904.213714,RECEIVED,14990d97-6fe9-4771-8434-ec3826e1fd5e,f94c3f43-cd0e-40a9-8acc-878c36c94a83,c3,DROP,1008,e3,?,
1769494904.2559683,SENT,40b30379-37a4-4db2-bb21-23beb0e0a481,da6797d1-4fee-4bdd-87b5-e1ad9572ea2a,c1,c5,1264,?,x7,
1769494904.2560086,FORWARDED,40b30379-37a4-4db2-bb21-23beb0e0a481,da6797d1-4fee-4bdd-87b5-e1ad9572ea2a,c1,c5,1264,?,x7,
1769494904.3225467,SENT,031474cf-154f-4c56-9eb2-c6233197d9a5,03c130f5-b493-41f4-9f7a-83d894153af4,c4,DROP,689,?,x12,
1769494904.3225877,FORWARDED,031474cf-154f-4c56-9eb2-c6233197d9a5,03c130f5-b493-41f4-9f7a-83d894153af4,c4,DROP,689,?,x12,
1769494904.413458,RECEIVED,90844616-a3d8-4eef-b4a0-f534e1cbcb83,b81c3f60-ce7e-4ff2-bce9-970768415403,c2,DROP,1020,e9,?,
1769494904.4266908,SENT,14990d97-6fe9-4771-8434-ec3826e1fd5e,f94c3f43-cd0e-40a9-8acc-878c36c94a83,c3,DROP,684,?,x1,
1769494904.4267294,FORWARDED,14990d97-6fe9-4771-8434-ec3826e1fd5e,f94c3f43-cd0e-40a9-8acc-878c36c94a83,c3,DROP,684,?,x1,
1769494904.4288971,RECEIVED,e984fa82-0826-4a84-892c-939a02b76724,4ba4a530-cdf8-4473-8033-e7333985f4bb,c5,DROP,441,x2,?,
1769494904.4528515,SENT,75a89e37-e70f-4e80-b92e-a3616ddb2cac,8e776d0d-ce27-4e7c-b83d-28c24d8c6125,c4,DROP,683,?,x7,
1769494904.4528933,FORWARDED,75a89e37-e70f-4e80-b92e-a3616ddb2cac,8e776d0d-ce27-4e7c-b83d-28c24d8c6125,c4,DROP,683,?,x7,
1769494904.479174,SENT,87556154-0736-45cd-b492-47f3102601c2,f1548f58-fa78-4fa8-8dc1-b2634863e190,c3,DROP,687,?,x7,
1769494904.4792254,FORWARDED,87556154-0736-45cd-b492-47f3102601c2,f1548f58-fa78-4fa8-8dc1-b2634863e190,c3,DROP,687,?,x7,
1769494904.5334961,RECEIVED,5eca5214-3c46-4641-9021-fc50d6f5cdc1,a212d5b6-889a-46a3-bc1f-f9bf60628646,c3,DROP,440,x2,?,
1769494904.5648358,SENT,3cd4031a-ffeb-4f6a-8214-280e66d60ac6,c43e1d6b-3e47-451f-9d59-fb2296a517c4,c2,DROP,692,?,x5,
1769494904.5648758,FORWARDED,3cd4031a-ffeb-4f6a-8214-280e66d60ac6,c43e1d6b-3e47-451f-9d59-fb2296a517c4,c2,DROP,692,?,x5,
1769494904.600127,SENT,1edf5a5e-5f45-4d2d-9a48-22e8c9a5b114,9bbc27ca-1208-440a-b1ed-4cf2e77bbff2,c3,DROP,684,?,x4,
1769494904.6001697,FORWARDED,1edf5a5e-5f45-4d2d-9a48-22e8c9a5b114,9bbc27ca-1208-440a-b1ed-4cf2e77bbff2,c3,DROP,684,?,x4,
1769494904.6111474,RECEIVED,cc459fec-3838-4549-a72e-ffeaf053058c,46915714-160c-44c6-96c2-0bb279ec2c97,c4,DROP,1012,e9,?,
1769494904.6250832,RECEIVED,f1c6def6-bd15-4048-b534-27a53fa8cdd7,e4740844-accb-46a7-8cc7-caf0f7648b06,c2,DROP,1010,e5,?,
1769494904.6781738,RECEIVED,eaeb4a85-810d-4508-8e28-4d8405f355c7,b8a6bb00-419f-4d02-b8aa-059bd89a8fdb,c3,DROP,440,x6,?,
1769494904.7051392,SENT,cc459fec-3838-4549-a72e-ffeaf053058c,46915714-160c-44c6-96c2-0bb279ec2c97,c4,DROP,686,?,x4,
1769494904.70518,FORWARDED,cc459fec-3838-4549-a72e-ffeaf053058c,46915714-160c-44c6-96c2-0bb279ec2c97,c4,DROP,686,?,x4,
1769494904.761227,RECEIVED,d9d3b93d-f3dc-4d38-9e6a-1ef2ded217d7,9bec1a4e-7809-4289-8c88-add52ad18a7d,c5,DROP,1011,e7,?,
1769494904.762812,SENT,90844616-a3d8-4eef-b4a0-f534e1cbcb83,b81c3f60-ce7e-4ff2-bce9-970768415403,c2,DROP,693,?,x3,
1769494904.762852,FORWARDED,90844616-a3d8-4eef-b4a0-f534e1cbcb83,b81c3f60-ce7e-4ff2-bce9-970768415403,c2,DROP,693,?,x3,
1769494905.1895158,SENT,0268be0e-302c-4b52-b7df-26e78858fe3a,62125db7-c559-4238-8f29-3e73e0caf39e,c1,c5,1258,?,x8,
1769494905.1895573,FORWARDED,0268be0e-302c-4b52-b7df-26e78858fe3a,62125db7-c559-4238-8f29-3e73e0caf39e,c1,c5,1258,?,x8,
1769494905.4044445,RECEIVED,76a01b3a-ff64-4589-a8cf-d008f841de4e,587fa59b-2834-409f-a623-527b5c6b7163,c2,DROP,442,x1,?,
1769494905.4604623,RECEIVED,e07e47a9-3d9e-4372-bc89-8ca037a7bb74,e53352bf-b1c3-4274-868c-0c2ebe024e06,c4,DROP,1014,e8,?,
1769494905.5547132,RECEIVED,bd108ea2-a0ef-47eb-9736-0ec1745a24b0,49ef2818-c5fa-4fc4-8789-a2cf6eb83f91,c1,DROP,1020,e12,?,
1769494905.7958543,RECEIVED,d422d3f8-1c55-4cfd-85c3-76b1e6c1b798,88130ee1-99e1-4eca-8d18-e09c28524074,c2,DROP,442,x9,?,
1769494905.8075838,SENT,bd108ea2-a0ef-47eb-9736-0ec1745a24b0,49ef2818-c5fa-4fc4-8789-a2cf6eb83f91,c1,DROP,691,?,x12,
1769494905.807632,FORWARDED,bd108ea2-a0ef-47eb-9736-0ec1745a24b0,49ef2818-c5fa-4fc4-8789-a2cf6eb83f91,c1,DROP,691,?,x12,
1769494905.8866572,RECEIVED,92ea5615-e1cd-4db1-bf7f-83fae0c58342,a783ab5b-f890-479b-8b2c-9af1e4ad1c4e,c3,c5,1767,e5,?,
1769494905.9615293,SENT,d9d3b93d-f3dc-4d38-9e6a-1ef2ded217d7,9bec1a4e-7809-4289-8c88-add52ad18a7d,c5,DROP,687,?,x3,
1769494905.961571,FORWARDED,d9d3b93d-f3dc-4d38-9e6a-1ef2ded217d7,9bec1a4e-7809-4289-8c88-add52ad18a7d,c5,DROP,687,?,x3,
1769494905.9870942,RECEIVED,85b933fb-6c7e-46f1-a499-fb3ffb73b980,70afe742-55e9-4e2c-aabc-cd6feffc2481,c2,DROP,1021,e8,?,
1769494906.2067485,RECEIVED,b66e0e94-1158-48ad-aa67-20d0de791a86,38483e53-d51b-4140-af9e-621a11e43645,c1,DROP,1015,e5,?,
1769494906.2335536,SENT,e07e47a9-3d9e-4372-bc89-8ca037a7bb74,e53352bf-b1c3-4274-868c-0c2ebe024e06,c4,DROP,688,?,x9,
1769494906.2335966,FORWARDED,e07e47a9-3d9e-4372-bc89-8ca037a7bb74,e53352bf-b1c3-4274-868c-0c2ebe024e06,c4,DROP,688,?,x9,
1769494906.2391934,SENT,85b933fb-6c7e-46f1-a499-fb3ffb73b980,70afe742-55e9-4e2c-aabc-cd6feffc2481,c2,DROP,691,?,x10,
1769494906.2392476,FORWARDED,85b933fb-6c7e-46f1-a499-fb3ffb73b980,70afe742-55e9-4e2c-aabc-cd6feffc2481,c2,DROP,691,?,x10,
1769494906.264587,SENT,f1c6def6-bd15-4048-b534-27a53fa8cdd7,e4740844-accb-46a7-8cc7-caf0f7648b06,c2,DROP,686,?,x4,
1769494906.264629,FORWARDED,f1c6def6-bd15-4048-b534-27a53fa8cdd7,e4740844-accb-46a7-8cc7-caf0f7648b06,c2,DROP,686,?,x4,
1769494906.3115208,SENT,b66e0e94-1158-48ad-aa67-20d0de791a86,38483e53-d51b-4140-af9e-621a11e43645,c1,DROP,688,?,x2,
1769494906.311563,FORWARDED,b66e0e94-1158-48ad-aa67-20d0de791a86,38483e53-d51b-4140-af9e-621a11e43645,c1,DROP,688,?,x2,
1769494906.3428857,RECEIVED,011b2851-c816-4645-8714-84a178ec771f,fc400dda-7590-40fb-bb44-593c871cb87a,c1,DROP,1021,e12,?,
1769494906.4151132,SENT,011b2851-c816-4645-8714-84a178ec771f,fc400dda-7590-40fb-bb44-593c871cb87a,c1,DROP,691,?,x12,
1769494906.4151547,FORWARDED,011b2851-c816-4645-8714-84a178ec771f,fc400dda-7590-40fb-bb44-593c871cb87a,c1,DROP,691,?,x12,
1769494906.4460924,RECEIVED,d5ce664b-21af-4fb6-9a85-b271b92444b9,808aa8e3-3692-4ec3-bce7-ce14a03182b3,c2,DROP,1020,e6,?,
1769494906.5637014,RECEIVED,ba08aa7a-6b1e-4f25-a473-f0080373b6ba,a38ef2f9-c0ae-4a25-9723-ae55b3d07d2c,c1,c5,1763,e3,?,
1769494906.6337016,RECEIVED,e6a787b1-6b94-4ee2-ba9f-895d7aa5f10f,cc57485d-224d-4cf9-84da-cc03226f2508,c1,DROP,1016,e9,?,
1769494906.8006692,SENT,e6a787b1-6b94-4ee2-ba9f-895d7aa5f10f,cc57485d-224d-4cf9-84da-cc03226f2508,c1,DROP,688,?,x5,
1769494906.8007123,FORWARDED,e6a787b1-6b94-4ee2-ba9f-895d7aa5f10f,cc57485d-224d-4cf9-84da-cc03226f2508,c1,DROP,688,?,x5,
1769494906.8352525,SENT,ba08aa7a-6b1e-4f25-a473-f0080373b6ba,a38ef2f9-c0ae-4a25-9723-ae55b3d07d2c,c1,c5,1251,?,x5,
1769494906.8352942,FORWARDED,ba08aa7a-6b1e-4f25-a473-f0080373b6ba,a38ef2f9-c0ae-4a25-9723-ae55b3d07d2c,c1,c5,1251,?,x5,
1769494906.8572285,RECEIVED,2574738d-b5dd-48cd-8ce4-262cb8f95d3d,ef044764-51c1-4d1e-bc7f-ad4f0e206cb7,c4,DROP,1015,e9,?,
1769494907.1348305,SENT,d5ce664b-21af-4fb6-9a85-b271b92444b9,808aa8e3-3692-4ec3-bce7-ce14a03182b3,c2,DROP,691,?,x11,
1769494907.1348736,FORWARDED,d5ce664b-21af-4fb6-9a85-b271b92444b9,808aa8e3-3692-4ec3-bce7-ce14a03182b3,c2,DROP,691,?,x11,
1769494907.2897656,SENT,92ea5615-e1cd-4db1-bf7f-83fae0c58342,a783ab5b-f890-479b-8b2c-9af1e4ad1c4e,c3,c5,1252,?,x7,
1769494907.2898068,FORWARDED,92ea5615-e1cd-4db1-bf7f-83fae0c58342,a783ab5b-f890-479b-8b2c-9af1e4ad1c4e,c3,c5,1252,?,x7,
1769494907.3261213,RECEIVED,0f7ce8b1-2b1a-4407-b92b-6d68b95b472a,1d06c54c-a0fd-4cc3-98a6-c183840fe39f,c1,DROP,1020,e10,?,
1769494907.3773315,RECEIVED,a226a405-b116-4594-a144-69693857a889,9d9c6f36-2cf2-485e-a50d-14d440003c40,c3,DROP,1011,e7,?,
1769494907.4064753,SENT,0f7ce8b1-2b1a-4407-b92b-6d68b95b472a,1d06c54c-a0fd-4cc3-98a6-c183840fe39f,c1,DROP,691,?,x4,
1769494907.4065151,FORWARDED,0f7ce8b1-2b1a-4407-b92b-6d68b95b472a,1d06c54c-a0fd-4cc3-98a6-c183840fe39f,c1,DROP,691,?,x4,
1769494907.425174,RECEIVED,16f4e8b7-964a-442f-be7c-5e2e17e6a441,8f475172-33fe-46a4-ba6f-b03705178ba5,c1,DROP,1020,e12,?,
1769494907.6086922,SENT,16f4e8b7-964a-442f-be7c-5e2e17e6a441,8f475172-33fe-46a4-ba6f-b03705178ba5,c1,DROP,692,?,x1,
1769494907.6087282,FORWARDED,16f4e8b7-964a-442f-be7c-5e2e17e6a441,8f475172-33fe-46a4-ba6f-b03705178ba5,c1,DROP,692,?,x1,
1769494907.791554,RECEIVED,b6727979-f525-4294-b85a-b243e76482b5,496756a3-fcb9-421b-a56e-4141d964a809,c2,DROP,445,x12,?,
1769494907.810237,RECEIVED,829264ae-4785-40bb-9c75-0645428fb196,9350cb9e-0011-4b29-ad12-7bd92b132f46,c3,DROP,1023,e2,?,
1769494907.965997,RECEIVED,1c58b57e-e50a-4a5a-bb8b-4c4c950cd3cb,35217a5d-ec48-4dc5-9be4-831111318122,c2,DROP,1017,e5,?,
1769494908.0118866,SENT,1c58b57e-e50a-4a5a-bb8b-4c4c950cd3cb,35217a5d-ec48-4dc5-9be4-831111318122,c2,DROP,688,?,x1,
1769494908.0119293,FORWARDED,1c58b57e-e50a-4a5a-bb8b-4c4c950cd3cb,35217a5d-ec48-4dc5-9be4-831111318122,c2,DROP,688,?,x1,
1769494908.0861325,RECEIVED,315ca0b8-bbeb-4fba-9947-994a2ff28987,4c811bb4-c04d-4ce4-b429-f6ff0915a4d7,c3,DROP,442,x9,?,
1769494908.1016963,SENT,2574738d-b5dd-48cd-8ce4-262cb8f95d3d,ef044764-51c1-4d1e-bc7f-ad4f0e206cb7,c4,DROP,688,?,x7,
1769494908.1017392,FORWARDED,2574738d-b5dd-48cd-8ce4-262cb8f95d3d,ef044764-51c1-4d1e-bc7f-ad4f0e206cb7,c4,DROP,688,?,x7,
1769494908.1689363,RECEIVED,cbaafcdf-fd63-43f3-88e4-95c6e96d8f98,54f90cc5-2aaa-4be2-b0a2-a44a9f6cb33e,c5,DROP,1007,e11,?,
1769494908.264216,RECEIVED,4943f25c-debc-432f-98f8-6f946f987f63,426d2a5a-91b0-4f59-b933-8739f8c1ab27,c5,DROP,1008,e3,?,
1769494908.316513,RECEIVED,5f1500e8-e7e1-4c5c-92ad-0d1f31ba045d,3787d502-a9f1-40e8-8580-1f69e1444226,c2,DROP,1008,e7,?,
1769494908.3889189,SENT,5f1500e8-e7e1-4c5c-92ad-0d1f31ba045d,3787d502-a9f1-40e8-8580-1f69e1444226,c2,DROP,682,?,x5,
1769494908.3889701,FORWARDED,5f1500e8-e7e1-4c5c-92ad-0d1f31ba045d,3787d502-a9f1-40e8-8580-1f69e1444226,c2,DROP,682,?,x5,
1769494908.4695175,RECEIVED,c0380086-4c35-497e-a4da-98b211d65fcc,91df096d-ffcd-463b-8f48-3ef0387793b6,c5,c2,1780,e8,?,
1769494908.4834685,SENT,a226a405-b116-4594-a144-69693857a889,9d9c6f36-2cf2-485e-a50d-14d440003c40,c3,DROP,686,?,x8,
1769494908.483506,FORWARDED,a226a405-b116-4594-a144-69693857a889,9d9c6f36-2cf2-485e-a50d-14d440003c40,c3,DROP,686,?,x8,
1769494908.5357668,SENT,c0380086-4c35-497e-a4da-98b211d65fcc,91df096d-ffcd-463b-8f48-3ef0387793b6,c5,c2,1263,?,x9,
1769494908.53581,FORWARDED,c0380086-4c35-497e-a4da-98b211d65fcc,91df096d-ffcd-463b-8f48-3ef0387793b6,c5,c2,1263,?,x9,
1769494908.5961313,RECEIVED,0f6d193f-3196-45bd-99bd-6d003973f7bf,666573c7-bf75-4e8e-9b5e-c4a78235d525,c2,DROP,441,x8,?,
1769494908.685943,SENT,4943f25c-debc-432f-98f8-6f946f987f63,426d2a5a-91b0-4f59-b933-8739f8c1ab27,c5,DROP,682,?,x11,
1769494908.6859844,FORWARDED,4943f25c-debc-432f-98f8-6f946f987f63,426d2a5a-91b0-4f59-b933-8739f8c1ab27,c5,DROP,682,?,x11,
1769494908.729164,SENT,829264ae-4785-40bb-9c75-0645428fb196,9350cb9e-0011-4b29-ad12-7bd92b132f46,c3,DROP,694,?,x6,
1769494908.729207,FORWARDED,829264ae-4785-40bb-9c75-0645428fb196,9350cb9e-0011-4b29-ad12-7bd92b132f46,c3,DROP,694,?,x6,
1769494908.8195221,RECEIVED,3e2c3106-155d-4e19-904f-c65ee1fe0e4b,b746b0e1-57c9-462a-8c67-d9f5b05ae3b8,c1,DROP,442,x8,?,
1769494909.1178405,SENT,cbaafcdf-fd63-43f3-88e4-95c6e96d8f98,54f90cc5-2aaa-4be2-b0a2-a44a9f6cb33e,c5,DROP,684,?,x7,
1769494909.1178827,FORWARDED,cbaafcdf-fd63-43f3-88e4-95c6e96d8f98,54f90cc5-2aaa-4be2-b0a2-a44a9f6cb33e,c5,DROP,684,?,x7,
1769494909.627922,RECEIVED,42821f33-cb1c-4536-ac50-b80152cacb57,bd78ba1b-863c-4a82-b0a4-53d8e7f8817d,c3,c5,1780,e5,?,
1769494909.7028532,SENT,42821f33-cb1c-4536-ac50-b80152cacb57,bd78ba1b-863c-4a82-b0a4-53d8e7f8817d,c3,c5,1263,?,x5,
1769494909.7028933,FORWARDED,42821f33-cb1c-4536-ac50-b80152cacb57,bd78ba1b-863c-4a82-b0a4-53d8e7f8817d,c3,c5,1263,?,x5,
1769494910.0854516,RECEIVED,961e850d-b7a1-4cbc-af28-cc3ef05d57a0,1ae92ba7-ca51-42dc-96ae-ad53bfb5be40,c4,DROP,1007,e2,?,
1769494910.1997287,RECEIVED,33a577b8-20e3-40bb-8f4c-fac0519a455a,0046ebad-9c23-4383-b1df-366da9dba0cc,c2,DROP,1008,e2,?,
1769494910.2068486,RECEIVED,ac2fa90b-9e04-4ef7-896b-0be9b12dca00,f97043d9-bde1-4434-8906-44afbf423950,c3,c5,1781,e12,?,
1769494910.2886508,SENT,33a577b8-20e3-40bb-8f4c-fac0519a455a,0046ebad-9c23-4383-b1df-366da9dba0cc,c2,DROP,683,?,x1,
1769494910.2886903,FORWARDED,33a577b8-20e3-40bb-8f4c-fac0519a455a,0046ebad-9c23-4383-b1df-366da9dba0cc,c2,DROP,683,?,x1,
1769494910.470074,RECEIVED,32fd3e48-c770-4385-baba-8cc596e2a43c,5b379dc8-79ca-4a76-82b1-baaca0db3467,c1,DROP,1020,e9,?,
1769494910.582865,SENT,961e850d-b7a1-4cbc-af28-cc3ef05d57a0,1ae92ba7-ca51-42dc-96ae-ad53bfb5be40,c4,DROP,682,?,x2,
1769494910.5829072,FORWARDED,961e850d-b7a1-4cbc-af28-cc3ef05d57a0,1ae92ba7-ca51-42dc-96ae-ad53bfb5be40,c4,DROP,682,?,x2,
1769494910.6306586,RECEIVED,08619b31-4b20-4ae3-81c4-8950a8c9c584,9e79dfca-eb8b-4806-bb82-d2e6ad062a6d,c5,DROP,1011,e3,?,
1769494910.705447,SENT,ac2fa90b-9e04-4ef7-896b-0be9b12dca00,f97043d9-bde1-4434-8906-44afbf423950,c3,c5,1263,?,x12,
1769494910.7054892,FORWARDED,ac2fa90b-9e04-4ef7-896b-0be9b12dca00,f97043d9-bde1-4434-8906-44afbf423950,c3,c5,1263,?,x12,
1769494910.7717845,RECEIVED,8f7d3ae9-4334-4e9e-b8a2-c5ac2d89e684,b68f4a9d-4ebf-47a3-93d1-915e9152b9f4,c5,DROP,1007,e8,?,
1769494910.782405,RECEIVED,fdbe8eb9-5547-4b36-bed7-f00192767c10,6e8431f9-3d19-4965-a0c8-aca15f25ff85,c3,DROP,1007,e8,?,
1769494910.7885845,RECEIVED,5dbc3561-f8f6-4b7e-96bd-66863638391b,3d1c3113-d9cf-4e99-ba39-b4289dd29ce6,c1,DROP,446,x10,?,
1769494910.8182626,SENT,32fd3e48-c770-4385-baba-8cc596e2a43c,5b379dc8-79ca-4a76-82b1-baaca0db3467,c1,DROP,691,?,x12,
1769494910.818306,FORWARDED,32fd3e48-c770-4385-baba-8cc596e2a43c,5b379dc8-79ca-4a76-82b1-baaca0db3467,c1,DROP,691,?,x12,
1769494910.8698554,RECEIVED,d5b4836f-08db-41f6-8067-62298cdd03f9,d64c1df3-943d-4a6e-8494-baefdb6c6150,c3,DROP,1019,e8,?,
1769494911.043701,SENT,fdbe8eb9-5547-4b36-bed7-f00192767c10,6e8431f9-3d19-4965-a0c8-aca15f25ff85,c3,DROP,684,?,x9,
1769494911.043736,FORWARDED,fdbe8eb9-5547-4b36-bed7-f00192767c10,6e8431f9-3d19-4965-a0c8-aca15f25ff85,c3,DROP,684,?,x9,
1769494911.2868614,RECEIVED,fca434b1-8990-4179-a310-fa698ef90658,6ce16966-c94c-4fed-a0cb-ff04cd77b22c,c4,c5,1767,e1,?,
1769494911.3703501,SENT,8f7d3ae9-4334-4e9e-b8a2-c5ac2d89e684,b68f4a9d-4ebf-47a3-93d1-915e9152b9f4,c5,DROP,683,?,x7,
1769494911.3703918,FORWARDED,8f7d3ae9-4334-4e9e-b8a2-c5ac2d89e684,b68f4a9d-4ebf-47a3-93d1-915e9152b9f4,c5,DROP,683,?,x7,
1769494911.5436802,SENT,d5b4836f-08db-41f6-8067-62298cdd03f9,d64c1df3-943d-4a6e-8494-baefdb6c6150,c3,DROP,691,?,x5,
1769494911.543718,FORWARDED,d5b4836f-08db-41f6-8067-62298cdd03f9,d64c1df3-943d-4a6e-8494-baefdb6c6150,c3,DROP,691,?,x5,
1769494911.661516,RECEIVED,c79c26d7-67ac-45a2-bd3c-a53b4261b5ac,75f68780-977b-471d-a866-6d0f8d3fc272,c5,DROP,442,x3,?,
1769494911.6928065,SENT,fca434b1-8990-4179-a310-fa698ef90658,6ce16966-c94c-4fed-a0cb-ff04cd77b22c,c4,c5,1252,?,x6,
1769494911.6928477,FORWARDED,fca434b1-8990-4179-a310-fa698ef90658,6ce16966-c94c-4fed-a0cb-ff04cd77b22c,c4,c5,1252,?,x6,
1769494911.8245435,RECEIVED,ed32f798-aed6-403f-b0d3-e781c84f182c,fe35836d-ae37-4e50-9461-32e7393dcbc3,c3,DROP,1017,e11,?,
1769494911.8986504,SENT,ed32f798-aed6-403f-b0d3-e781c84f182c,fe35836d-ae37-4e50-9461-32e7393dcbc3,c3,DROP,690,?,x2,
1769494911.8986938,FORWARDED,ed32f798-aed6-403f-b0d3-e781c84f182c,fe35836d-ae37-4e50-9461-32e7393dcbc3,c3,DROP,690,?,x2,
1769494911.9790356,SENT,08619b31-4b20-4ae3-81c4-8950a8c9c584,9e79dfca-eb8b-4806-bb82-d2e6ad062a6d,c5,DROP,687,?,x8,
1769494911.9790835,FORWARDED,08619b31-4b20-4ae3-81c4-8950a8c9c584,9e79dfca-eb8b-4806-bb82-d2e6ad062a6d,c5,DROP,687,?,x8,
1769494912.0863369,RECEIVED,99873f3b-a324-4ed4-93d5-14d22900a7f2,65fe9bde-9701-4380-9e8c-f771f54b1aec,c4,DROP,1008,e1,?,
1769494912.2072697,SENT,99873f3b-a324-4ed4-93d5-14d22900a7f2,65fe9bde-9701-4380-9e8c-f771f54b1aec,c4,DROP,684,?,x1,
1769494912.2073112,FORWARDED,99873f3b-a324-4ed4-93d5-14d22900a7f2,65fe9bde-9701-4380-9e8c-f771f54b1aec,c4,DROP,684,?,x1,
1769494912.3688657,RECEIVED,c4c9914a-5e7c-409d-885a-8a5e350e2bd4,1b55bf3b-5b63-4aa9-81f4-d5afc419dd20,c1,DROP,1020,e10,?,
1769494912.5216439,RECEIVED,c7c384e9-35d8-4dae-a352-8e2dd71d6d20,af4f92ad-d17f-49a6-9866-d00fd7f1d3ae,c5,DROP,1019,e12,?,
1769494912.7657895,SENT,c4c9914a-5e7c-409d-885a-8a5e350e2bd4,1b55bf3b-5b63-4aa9-81f4-d5afc419dd20,c1,DROP,691,?,x5,
1769494912.7658293,FORWARDED,c4c9914a-5e7c-409d-885a-8a5e350e2bd4,1b55bf3b-5b63-4aa9-81f4-d5afc419dd20,c1,DROP,691,?,x5,
1769494912.894837,RECEIVED,75c66753-fa7a-43c5-ae33-d6c626c145c2,b97f45e4-83eb-4dac-bedd-29351faa3a2c,c2,DROP,1015,e1,?,
1769494912.9429367,RECEIVED,983270b6-d98f-44f9-a856-996c10713a6d,be8d4843-d259-4e27-840b-e56b6e22d882,c2,DROP,1007,e2,?,
1769494913.0536652,RECEIVED,5a192dc2-cdb4-4bea-a1dc-87ceaf719d5b,0b2a54de-00bb-4a75-9be7-010f623cf8a0,c5,DROP,1019,e10,?,
1769494913.0877209,SENT,983270b6-d98f-44f9-a856-996c10713a6d,be8d4843-d259-4e27-840b-e56b6e22d882,c2,DROP,684,?,x8,
1769494913.087801,FORWARDED,983270b6-d98f-44f9-a856-996c10713a6d,be8d4843-d259-4e27-840b-e56b6e22d882,c2,DROP,684,?,x8,
1769494913.2069585,SENT,5a192dc2-cdb4-4bea-a1dc-87ceaf719d5b,0b2a54de-00bb-4a75-9be7-010f623cf8a0,c5,DROP,692,?,x3,
1769494913.206999,FORWARDED,5a192dc2-cdb4-4bea-a1dc-87ceaf719d5b,0b2a54de-00bb-4a75-9be7-010f623cf8a0,c5,DROP,692,?,x3,
1769494913.2554545,SENT,c7c384e9-35d8-4dae-a352-8e2dd71d6d20,af4f92ad-d17f-49a6-9866-d00fd7f1d3ae,c5,DROP,691,?,x4,
1769494913.2554877,FORWARDED,c7c384e9-35d8-4dae-a352-8e2dd71d6d20,af4f92ad-d17f-49a6-9866-d00fd7f1d3ae,c5,DROP,691,?,x4,
1769494913.3394725,SENT,75c66753-fa7a-43c5-ae33-d6c626c145c2,b97f45e4-83eb-4dac-bedd-29351faa3a2c,c2,DROP,689,?,x5,
1769494913.3395176,FORWARDED,75c66753-fa7a-43c5-ae33-d6c626c145c2,b97f45e4-83eb-4dac-bedd-29351faa3a2c,c2,DROP,689,?,x5,
1769494913.5111156,RECEIVED,cf6c52a7-d568-4b7a-ab72-24f8f87ab13e,a4c872ab-5099-43b5-8df0-9c7fae667171,c5,DROP,1007,e9,?,
1769494913.6421084,RECEIVED,3968e5a0-543a-45a2-b5d7-4d5ce584ebda,d2deaf27-1901-49e7-84c7-c03b13ee21a5,c5,DROP,1020,e7,?,
1769494913.8398933,RECEIVED,822684b6-d806-4952-8966-a5f29c685fb2,19992dfc-bfd9-48b2-af84-2afc7434b886,c5,DROP,1007,e4,?,
1769494913.856092,SENT,3968e5a0-543a-45a2-b5d7-4d5ce584ebda,d2deaf27-1901-49e7-84c7-c03b13ee21a5,c5,DROP,692,?,x11,
1769494913.856128,FORWARDED,3968e5a0-543a-45a2-b5d7-4d5ce584ebda,d2deaf27-1901-49e7-84c7-c03b13ee21a5,c5,DROP,692,?,x11,
1769494913.8785472,RECEIVED,aa86c6a8-9a05-4226-bfa4-42adb3617102,b2690836-31f3-4d7c-bfab-9a4a4c84ec1b,c5,DROP,441,x3,?,
1769494913.9389591,RECEIVED,635e7444-4d8c-444b-b6c8-ae3c5a405aca,db277161-69bc-402a-be27-ccae4308dae9,c4,DROP,1021,e2,?,
1769494914.0212965,RECEIVED,a3861812-3516-437e-b636-2c3fcd889ec8,e2f4eda3-d9d7-47a3-9640-498c0d6bef0a,c3,c5,1768,e5,?,
1769494914.0409613,RECEIVED,8a713646-9e2c-4e45-a9fe-bfcc473e10a0,d478be4a-cda3-418c-8a97-580975245190,c1,DROP,1021,e11,?,
1769494914.060012,SENT,8a713646-9e2c-4e45-a9fe-bfcc473e10a0,d478be4a-cda3-418c-8a97-580975245190,c1,DROP,692,?,x9,
1769494914.0601895,FORWARDED,8a713646-9e2c-4e45-a9fe-bfcc473e10a0,d478be4a-cda3-418c-8a97-580975245190,c1,DROP,692,?,x9,
1769494914.1186824,SENT,a3861812-3516-437e-b636-2c3fcd889ec8,e2f4eda3-d9d7-47a3-9640-498c0d6bef0a,c3,c5,1252,?,x6,
1769494914.118725,FORWARDED,a3861812-3516-437e-b636-2c3fcd889ec8,e2f4eda3-d9d7-47a3-9640-498c0d6bef0a,c3,c5,1252,?,x6,
1769494914.1226132,RECEIVED,79107a55-c554-40e5-9c5a-69f140a8ec08,68f61b22-935a-40ea-aff9-5ef152b88b9c,c5,DROP,1019,e12,?,
1769494914.1798832,RECEIVED,93fe094e-5258-4459-9cb3-41fc6b3f180c,79b8885f-550a-4f4b-a7ea-373f7539ca64,c1,DROP,440,x3,?,
1769494914.1988428,SENT,635e7444-4d8c-444b-b6c8-ae3c5a405aca,db277161-69bc-402a-be27-ccae4308dae9,c4,DROP,692,?,x11,
1769494914.1988902,FORWARDED,635e7444-4d8c-444b-b6c8-ae3c5a405aca,db277161-69bc-402a-be27-ccae4308dae9,c4,DROP,692,?,x11,
1769494914.2391474,SENT,822684b6-d806-4952-8966-a5f29c685fb2,19992dfc-bfd9-48b2-af84-2afc7434b886,c5,DROP,683,?,x5,
1769494914.2391891,FORWARDED,822684b6-d806-4952-8966-a5f29c685fb2,19992dfc-bfd9-48b2-af84-2afc7434b886,c5,DROP,683,?,x5,
1769494914.4237597,RECEIVED,0cf569aa-db89-416b-898f-53bc7cf64a4a,0ad72419-22fe-4574-ba56-408824b66e47,c2,DROP,1020,e7,?,
1769494914.4240227,SENT,79107a55-c554-40e5-9c5a-69f140a8ec08,68f61b22-935a-40ea-aff9-5ef152b88b9c,c5,DROP,692,?,x5,
1769494914.4241135,FORWARDED,79107a55-c554-40e5-9c5a-69f140a8ec08,68f61b22-935a-40ea-aff9-5ef152b88b9c,c5,DROP,692,?,x5,
1769494914.5218074,RECEIVED,8b6f3814-5317-4d12-b860-8ea4eae1a316,334aa88d-4211-4116-8a74-b619db5a9f81,c4,DROP,1008,e8,?,
1769494914.6426105,SENT,0cf569aa-db89-416b-898f-53bc7cf64a4a,0ad72419-22fe-4574-ba56-408824b66e47,c2,DROP,693,?,x9,
1769494914.6426456,FORWARDED,0cf569aa-db89-416b-898f-53bc7cf64a4a,0ad72419-22fe-4574-ba56-408824b66e47,c2,DROP,693,?,x9,
1769494914.7343967,SENT,cf6c52a7-d568-4b7a-ab72-24f8f87ab13e,a4c872ab-5099-43b5-8df0-9c7fae667171,c5,DROP,683,?,x5,
1769494914.734432,FORWARDED,cf6c52a7-d568-4b7a-ab72-24f8f87ab13e,a4c872ab-5099-43b5-8df0-9c7fae667171,c5,DROP,683,?,x5,
1769494914.8645716,RECEIVED,bc05981a-adb8-4eb2-94a6-0efbe6cc4a07,92d5bb86-6ed5-49c2-b29c-584b0dd76f2b,c4,DROP,1015,e1,?,
1769494915.0322993,RECEIVED,b50d3802-6009-4608-bb44-69b3c54ab9ee,0056c72f-f476-4500-858f-fde8310a6420,c5,DROP,1013,e7,?,
1769494915.0460732,RECEIVED,8b22d06b-c1ee-47e9-b222-b5a9420f77d9,7dc1055e-7c16-4be4-a5af-104bb3976e91,c2,DROP,442,x6,?,
1769494915.0569456,SENT,b50d3802-6009-4608-bb44-69b3c54ab9ee,0056c72f-f476-4500-858f-fde8310a6420,c5,DROP,687,?,x5,
1769494915.0569878,FORWARDED,b50d3802-6009-4608-bb44-69b3c54ab9ee,0056c72f-f476-4500-858f-fde8310a6420,c5,DROP,687,?,x5,
1769494915.2366855,SENT,8b6f3814-5317-4d12-b860-8ea4eae1a316,334aa88d-4211-4116-8a74-b619db5a9f81,c4,DROP,683,?,x12,
1769494915.236726,FORWARDED,8b6f3814-5317-4d12-b860-8ea4eae1a316,334aa88d-4211-4116-8a74-b619db5a9f81,c4,DROP,683,?,x12,
1769494915.3935847,SENT,bc05981a-adb8-4eb2-94a6-0efbe6cc4a07,92d5bb86-6ed5-49c2-b29c-584b0dd76f2b,c4,DROP,689,?,x9,
1769494915.3936427,FORWARDED,bc05981a-adb8-4eb2-94a6-0efbe6cc4a07,92d5bb86-6ed5-49c2-b29c-584b0dd76f2b,c4,DROP,689,?,x9,
1769494915.410608,RECEIVED,d041a34e-577f-4490-b67c-d458ee77fa61,a2778c1d-5987-4e54-9113-136c3e7945a7,c4,DROP,1011,e9,?,
1769494915.482217,RECEIVED,7a3943a4-af08-4710-8253-1d22ea511e4c,5be6d7c7-78e0-4f98-bcca-845d591118f4,c4,DROP,1019,e5,?,
1769494915.5968888,RECEIVED,8f025bf1-a24a-4b01-ae79-a1602d2ef6ca,02cfe495-b574-4f3b-8d60-f8ff240a2dad,c2,DROP,1020,e10,?,
1769494915.8769517,RECEIVED,36b773e9-544c-4431-909c-1e45780a98e9,33bcf736-7472-4648-89d9-46381d5a17b0,c4,DROP,1021,e7,?,
1769494915.934201,SENT,d041a34e-577f-4490-b67c-d458ee77fa61,a2778c1d-5987-4e54-9113-136c3e7945a7,c4,DROP,687,?,x4,
1769494915.9342408,FORWARDED,d041a34e-577f-4490-b67c-d458ee77fa61,a2778c1d-5987-4e54-9113-136c3e7945a7,c4,DROP,687,?,x4,
1769494916.040594,RECEIVED,a827a9dd-2167-405c-99c5-a93d7aeba762,8460e32f-49cf-427e-8f60-5204e97c5d28,c2,DROP,1011,e7,?,
1769494916.0644512,SENT,36b773e9-544c-4431-909c-1e45780a98e9,33bcf736-7472-4648-89d9-46381d5a17b0,c4,DROP,691,?,x10,
1769494916.0644953,FORWARDED,36b773e9-544c-4431-909c-1e45780a98e9,33bcf736-7472-4648-89d9-46381d5a17b0,c4,DROP,691,?,x10,
1769494916.1973803,SENT,7a3943a4-af08-4710-8253-1d22ea511e4c,5be6d7c7-78e0-4f98-bcca-845d591118f4,c4,DROP,692,?,x11,
1769494916.1974213,FORWARDED,7a3943a4-af08-4710-8253-1d22ea511e4c,5be6d7c7-78e0-4f98-bcca-845d591118f4,c4,DROP,692,?,x11,
1769494916.281597,SENT,8f025bf1-a24a-4b01-ae79-a1602d2ef6ca,02cfe495-b574-4f3b-8d60-f8ff240a2dad,c2,DROP,692,?,x12,
1769494916.2816381,FORWARDED,8f025bf1-a24a-4b01-ae79-a1602d2ef6ca,02cfe495-b574-4f3b-8d60-f8ff240a2dad,c2,DROP,692,?,x12,
1769494916.883658,RECEIVED,f16570f1-649f-4bde-ab85-48371880eb80,a40d1e17-1f7b-412a-b650-54458d11acb9,c3,DROP,1022,e9,?,
1769494916.9249954,RECEIVED,6be5b01d-97ae-48c2-bc4d-2c4bf842158f,d27db525-266b-4479-a2c1-b28aa0c7efff,c4,DROP,441,x1,?,
1769494916.9478176,SENT,f16570f1-649f-4bde-ab85-48371880eb80,a40d1e17-1f7b-412a-b650-54458d11acb9,c3,DROP,691,?,x12,
1769494916.947857,FORWARDED,f16570f1-649f-4bde-ab85-48371880eb80,a40d1e17-1f7b-412a-b650-54458d11acb9,c3,DROP,691,?,x12,
1769494916.9829233,RECEIVED,065b4374-b6bb-4fea-87ed-08ee13566f6f,781ed97c-4995-4ba7-a78c-5808d6f328b5,c3,DROP,1017,e2,?,
1769494916.9832602,RECEIVED,88b6ab83-3d95-4a57-8550-993993d31b20,fd04f7da-4230-471d-9bce-e5547f87e88c,c2,c3,1767,e3,?,
1769494917.0501535,SENT,065b4374-b6bb-4fea-87ed-08ee13566f6f,781ed97c-4995-4ba7-a78c-5808d6f328b5,c3,DROP,688,?,x3,
1769494917.0501955,FORWARDED,065b4374-b6bb-4fea-87ed-08ee13566f6f,781ed97c-4995-4ba7-a78c-5808d6f328b5,c3,DROP,688,?,x3,
1769494917.0804002,RECEIVED,7812c6bf-ce4a-4182-bac7-c740fd94dab2,1a88e546-99ca-45b0-abe9-c5cf5b3e4021,c2,DROP,446,x11,?,
1769494917.1027539,SENT,88b6ab83-3d95-4a57-8550-993993d31b20,fd04f7da-4230-471d-9bce-e5547f87e88c,c2,c3,1252,?,x5,
1769494917.1027958,FORWARDED,88b6ab83-3d95-4a57-8550-993993d31b20,fd04f7da-4230-471d-9bce-e5547f87e88c,c2,c3,1252,?,x5,
1769494917.1078577,SENT,a827a9dd-2167-405c-99c5-a93d7aeba762,8460e32f-49cf-427e-8f60-5204e97c5d28,c2,DROP,687,?,x8,
1769494917.1078997,FORWARDED,a827a9dd-2167-405c-99c5-a93d7aeba762,8460e32f-49cf-427e-8f60-5204e97c5d28,c2,DROP,687,?,x8,
1769494917.1368914,RECEIVED,101c34d1-173f-4340-b1a2-43e89ecabea3,d6feb9e6-c24b-4528-b3e4-d4d49c8f6a00,c5,DROP,1018,e11,?,
1769494917.1685798,RECEIVED,a3286d5c-7abb-4917-862e-a18f854fa208,a72893fd-05c6-488b-834b-1314ec8f385d,c3,DROP,1008,e5,?,
1769494917.2378294,RECEIVED,f8ac8277-e638-4135-a637-9be44071bdb3,7da70303-ebcb-449d-bcee-29fb2134f852,c4,DROP,1011,e3,?,
1769494917.3096988,SENT,a3286d5c-7abb-4917-862e-a18f854fa208,a72893fd-05c6-488b-834b-1314ec8f385d,c3,DROP,683,?,x11,
1769494917.3097394,FORWARDED,a3286d5c-7abb-4917-862e-a18f854fa208,a72893fd-05c6-488b-834b-1314ec8f385d,c3,DROP,683,?,x11,
1769494917.4982553,RECEIVED,12a48db6-a5e4-4912-8c25-7c57a979d2f5,70d6d855-a6ad-4ef0-a139-b446998dbf12,c3,c5,1772,e10,?,
1769494917.795157,SENT,12a48db6-a5e4-4912-8c25-7c57a979d2f5,70d6d855-a6ad-4ef0-a139-b446998dbf12,c3,c5,1255,?,x1,
1769494917.7951984,FORWARDED,12a48db6-a5e4-4912-8c25-7c57a979d2f5,70d6d855-a6ad-4ef0-a139-b446998dbf12,c3,c5,1255,?,x1,
1769494917.9627998,SENT,f8ac8277-e638-4135-a637-9be44071bdb3,7da70303-ebcb-449d-bcee-29fb2134f852,c4,DROP,687,?,x7,
1769494917.9628375,FORWARDED,f8ac8277-e638-4135-a637-9be44071bdb3,7da70303-ebcb-449d-bcee-29fb2134f852,c4,DROP,687,?,x7,
1769494917.9645784,RECEIVED,46b1c1d7-d6ec-4baa-9576-f88f6dac58a4,32730f79-8ba2-416f-a03d-a62e9ce99088,c5,DROP,1008,e9,?,
1769494918.0242643,RECEIVED,a3e0317d-6b5a-4bdc-bafe-844ea72c3c16,6803d07c-6e08-4436-93db-c937471bb7a9,c4,DROP,1008,e1,?,
1769494918.1416218,SENT,a3e0317d-6b5a-4bdc-bafe-844ea72c3c16,6803d07c-6e08-4436-93db-c937471bb7a9,c4,DROP,683,?,x1,
1769494918.1416643,FORWARDED,a3e0317d-6b5a-4bdc-bafe-844ea72c3c16,6803d07c-6e08-4436-93db-c937471bb7a9,c4,DROP,683,?,x1,
1769494918.1928625,SENT,101c34d1-173f-4340-b1a2-43e89ecabea3,d6feb9e6-c24b-4528-b3e4-d4d49c8f6a00,c5,DROP,691,?,x6,
1769494918.1929035,FORWARDED,101c34d1-173f-4340-b1a2-43e89ecabea3,d6feb9e6-c24b-4528-b3e4-d4d49c8f6a00,c5,DROP,691,?,x6,
1769494918.292431,SENT,46b1c1d7-d6ec-4baa-9576-f88f6dac58a4,32730f79-8ba2-416f-a03d-a62e9ce99088,c5,DROP,684,?,x6,
1769494918.2925189,FORWARDED,46b1c1d7-d6ec-4baa-9576-f88f6dac58a4,32730f79-8ba2-416f-a03d-a62e9ce99088,c5,DROP,684,?,x6,
1769494918.3167381,RECEIVED,fc649549-2ad9-4e24-889e-a1115f099e8b,a601eac5-88b9-416e-90b5-c6523fc404bb,c3,DROP,1019,e4,?,
1769494918.3177142,RECEIVED,83cc372d-d492-41b4-b21a-878d7f6316b5,292cc367-cf5f-4bca-a862-bfef24796176,c1,DROP,1008,e8,?,
1769494918.3428595,SENT,83cc372d-d492-41b4-b21a-878d7f6316b5,292cc367-cf5f-4bca-a862-bfef24796176,c1,DROP,683,?,x3,
1769494918.3432243,FORWARDED,83cc372d-d492-41b4-b21a-878d7f6316b5,292cc367-cf5f-4bca-a862-bfef24796176,c1,DROP,683,?,x3,
1769494918.5687828,RECEIVED,69052259-c499-40df-bcb3-bbf41565f885,b7e211c7-05c9-4cd4-b21c-b0f6d9b87375,c2,DROP,1021,e9,?,
1769494918.588835,RECEIVED,4fb3310b-5c1a-4469-9efd-5a3f3010bf00,4786adf4-fd86-4e5e-8d21-23cafb1d3e6e,c5,c2,1779,e8,?,
1769494918.60771,SENT,fc649549-2ad9-4e24-889e-a1115f099e8b,a601eac5-88b9-416e-90b5-c6523fc404bb,c3,DROP,691,?,x11,
1769494918.6077547,FORWARDED,fc649549-2ad9-4e24-889e-a1115f099e8b,a601eac5-88b9-416e-90b5-c6523fc404bb,c3,DROP,691,?,x11,
1769494918.663841,RECEIVED,2f8872a9-f376-4604-b0d9-dbbf800768aa,856c320a-4f43-4463-8d2a-04c358b8505c,c2,DROP,442,x3,?,
1769494918.7474406,SENT,69052259-c499-40df-bcb3-bbf41565f885,b7e211c7-05c9-4cd4-b21c-b0f6d9b87375,c2,DROP,692,?,x11,
1769494918.747482,FORWARDED,69052259-c499-40df-bcb3-bbf41565f885,b7e211c7-05c9-4cd4-b21c-b0f6d9b87375,c2,DROP,692,?,x11,
1769494918.8442407,SENT,4fb3310b-5c1a-4469-9efd-5a3f3010bf00,4786adf4-fd86-4e5e-8d21-23cafb1d3e6e,c5,c2,1263,?,x9,
1769494918.8442795,FORWARDED,4fb3310b-5c1a-4469-9efd-5a3f3010bf00,4786adf4-fd86-4e5e-8d21-23cafb1d3e6e,c5,c2,1263,?,x9,
1769494919.0117986,RECEIVED,f4cdb5f9-9bc7-4ed2-8810-aa98d24b49d3,ce51cd00-8ebb-400e-bed3-1b5e4b2347dd,c5,c2,1780,e4,?,
1769494919.126418,RECEIVED,d405069e-ac9c-4aff-9f00-232020476540,e00ace34-4ee7-477c-aa37-982e1764ed64,c3,c5,1785,e9,?,
1769494919.220659,SENT,d405069e-ac9c-4aff-9f00-232020476540,e00ace34-4ee7-477c-aa37-982e1764ed64,c3,c5,1264,?,x4,
1769494919.2206986,FORWARDED,d405069e-ac9c-4aff-9f00-232020476540,e00ace34-4ee7-477c-aa37-982e1764ed64,c3,c5,1264,?,x4,
1769494919.2532234,SENT,f4cdb5f9-9bc7-4ed2-8810-aa98d24b49d3,ce51cd00-8ebb-400e-bed3-1b5e4b2347dd,c5,c2,1263,?,x5,
1769494919.2532642,FORWARDED,f4cdb5f9-9bc7-4ed2-8810-aa98d24b49d3,ce51cd00-8ebb-400e-bed3-1b5e4b2347dd,c5,c2,1263,?,x5,
1769494919.2939513,RECEIVED,cd462f20-01ab-48c9-bd51-bd31ce2c5f87,08afba49-e78c-46df-a1b7-9c518d4165b6,c2,DROP,441,x3,?,
1769494919.3432791,RECEIVED,75e13bce-94ff-4023-b03f-8f824b62c980,1f71b535-1946-4ccc-a41f-e818380aac76,c2,DROP,442,x4,?,
1769494919.386191,RECEIVED,a4c5ad9b-9c54-4220-88fd-81d78010a591,5ee9b21b-93e0-4829-b49f-8539b51ee0ab,c2,c3,1772,e8,?,
1769494919.453767,SENT,a4c5ad9b-9c54-4220-88fd-81d78010a591,5ee9b21b-93e0-4829-b49f-8539b51ee0ab,c2,c3,1255,?,x3,
1769494919.4538088,FORWARDED,a4c5ad9b-9c54-4220-88fd-81d78010a591,5ee9b21b-93e0-4829-b49f-8539b51ee0ab,c2,c3,1255,?,x3,
1769494919.6111126,RECEIVED,02ef4990-d8d4-419e-830d-ea65c6584e56,6c39c448-d09b-40dc-8a08-47e49073475e,c3,DROP,1015,e6,?,
1769494919.6457353,RECEIVED,a5d12906-58ea-4d45-a447-21af03f5a56f,10a80970-ad21-4268-997b-8ebb282f1c84,c4,c5,1773,e4,?,
1769494919.6600368,RECEIVED,5f77702f-e94c-4a3d-af01-0a6a4151f9be,0feef524-d69b-4fbd-8b54-036727d6a840,c4,DROP,1016,e3,?,
1769494919.7856007,SENT,a5d12906-58ea-4d45-a447-21af03f5a56f,10a80970-ad21-4268-997b-8ebb282f1c84,c4,c5,1255,?,x12,
1769494919.7856405,FORWARDED,a5d12906-58ea-4d45-a447-21af03f5a56f,10a80970-ad21-4268-997b-8ebb282f1c84,c4,c5,1255,?,x12,
1769494919.7959223,RECEIVED,8189be7b-9ba2-4a0a-a745-99b98116eec5,d65d787f-a6d1-499f-846d-7fe96b1b882d,c3,DROP,1012,e5,?,
1769494919.8875058,SENT,8189be7b-9ba2-4a0a-a745-99b98116eec5,d65d787f-a6d1-499f-846d-7fe96b1b882d,c3,DROP,687,?,x3,
1769494919.8875453,FORWARDED,8189be7b-9ba2-4a0a-a745-99b98116eec5,d65d787f-a6d1-499f-846d-7fe96b1b882d,c3,DROP,687,?,x3,
1769494920.0187335,SENT,02ef4990-d8d4-419e-830d-ea65c6584e56,6c39c448-d09b-40dc-8a08-47e49073475e,c3,DROP,688,?,x4,
1769494920.018775,FORWARDED,02ef4990-d8d4-419e-830d-ea65c6584e56,6c39c448-d09b-40dc-8a08-47e49073475e,c3,DROP,688,?,x4,
1769494920.0465646,SENT,5f77702f-e94c-4a3d-af01-0a6a4151f9be,0feef524-d69b-4fbd-8b54-036727d6a840,c4,DROP,688,?,x9,
1769494920.0466063,FORWARDED,5f77702f-e94c-4a3d-af01-0a6a4151f9be,0feef524-d69b-4fbd-8b54-036727d6a840,c4,DROP,688,?,x9,
1769494920.2385607,RECEIVED,51a21d50-b448-43d2-b7af-1627f39b5020,c797d568-fcd4-4c23-959a-84eb7b16e0ee,c2,DROP,443,x1,?,
1769494920.3569832,RECEIVED,dc81c5b2-50d4-4a56-a84b-d95343c0a251,40053c7c-be9f-446f-b00f-ca22d97faaaf,c1,c5,1791,e11,?,
1769494920.5103943,RECEIVED,6773379d-88de-4a3b-a09f-ed2b784097ee,474e0cf1-c5b4-499d-a7c9-c6edc42ff4c1,c2,DROP,1021,e11,?,
1769494920.5442896,RECEIVED,86413b41-e4c3-4ec8-bf4c-6a8f517df199,71f58bac-4e38-44bb-bd7c-d7ae6fbf00d3,c3,c5,1776,e4,?,
1769494920.6036007,SENT,6773379d-88de-4a3b-a09f-ed2b784097ee,474e0cf1-c5b4-499d-a7c9-c6edc42ff4c1,c2,DROP,692,?,x10,
1769494920.6036425,FORWARDED,6773379d-88de-4a3b-a09f-ed2b784097ee,474e0cf1-c5b4-499d-a7c9-c6edc42ff4c1,c2,DROP,692,?,x10,
1769494920.822158,SENT,86413b41-e4c3-4ec8-bf4c-6a8f517df199,71f58bac-4e38-44bb-bd7c-d7ae6fbf00d3,c3,c5,1259,?,x2,
1769494920.8222,FORWARDED,86413b41-e4c3-4ec8-bf4c-6a8f517df199,71f58bac-4e38-44bb-bd7c-d7ae6fbf00d3,c3,c5,1259,?,x2,
1769494920.8508787,RECEIVED,9b07a746-46d3-4002-81d3-c477019655df,e5b93a38-2ee4-43da-9321-a97b69746988,c3,DROP,1011,e8,?,
1769494920.8826125,RECEIVED,2e495d3b-0bbb-44ff-a693-054cb54e984d,edaf9f8c-037a-434e-a94c-beae4c4f9fc6,c3,DROP,1016,e3,?,
1769494920.9243243,SENT,2e495d3b-0bbb-44ff-a693-054cb54e984d,edaf9f8c-037a-434e-a94c-beae4c4f9fc6,c3,DROP,688,?,x8,
1769494920.924366,FORWARDED,2e495d3b-0bbb-44ff-a693-054cb54e984d,edaf9f8c-037a-434e-a94c-beae4c4f9fc6,c3,DROP,688,?,x8,
1769494921.0506425,RECEIVED,a0e5a7f0-3599-462d-b196-24062ef2095e,cb936225-4ca0-4c09-9db4-71a48916be98,c1,DROP,1020,e10,?,
1769494921.1741035,RECEIVED,d2b3275c-e760-4178-88aa-fb3209ea5c80,2bf92c0a-1d62-4585-b3a2-bfe69760281b,c4,DROP,1015,e11,?,
1769494921.21282,SENT,a0e5a7f0-3599-462d-b196-24062ef2095e,cb936225-4ca0-4c09-9db4-71a48916be98,c1,DROP,692,?,x1,
1769494921.2128656,FORWARDED,a0e5a7f0-3599-462d-b196-24062ef2095e,cb936225-4ca0-4c09-9db4-71a48916be98,c1,DROP,692,?,x1,
1769494921.2208116,RECEIVED,402e0890-b2f7-4806-9434-8873bf58671a,afafa533-6c7f-4632-8a5f-7c6b128e0eb0,c5,DROP,1008,e6,?,
1769494921.2533996,RECEIVED,adb1773f-5491-45ef-9072-9ffa7a3f30bb,11a697d7-5dc2-4922-a9c6-d6f5a332b4e4,c5,DROP,1017,e3,?,
1769494921.317082,SENT,adb1773f-5491-45ef-9072-9ffa7a3f30bb,11a697d7-5dc2-4922-a9c6-d6f5a332b4e4,c5,DROP,688,?,x5,
1769494921.3171246,FORWARDED,adb1773f-5491-45ef-9072-9ffa7a3f30bb,11a697d7-5dc2-4922-a9c6-d6f5a332b4e4,c5,DROP,688,?,x5,
1769494921.4384978,SENT,9b07a746-46d3-4002-81d3-c477019655df,e5b93a38-2ee4-43da-9321-a97b69746988,c3,DROP,687,?,x5,
1769494921.438539,FORWARDED,9b07a746-46d3-4002-81d3-c477019655df,e5b93a38-2ee4-43da-9321-a97b69746988,c3,DROP,687,?,x5,
1769494921.5751445,RECEIVED,8a9531ac-6d04-4d1e-8b65-9a5020c5d359,a2517898-4eeb-4d59-b641-04f78715d69d,c4,DROP,1020,e11,?,
1769494921.674195,RECEIVED,14f9ab45-5161-4ee4-95c0-63ac259d6701,183f2ad5-73dd-4524-b6d9-eef840dbb0b6,c4,DROP,1011,e3,?,
1769494921.8709748,SENT,402e0890-b2f7-4806-9434-8873bf58671a,afafa533-6c7f-4632-8a5f-7c6b128e0eb0,c5,DROP,683,?,x11,
1769494921.8710153,FORWARDED,402e0890-b2f7-4806-9434-8873bf58671a,afafa533-6c7f-4632-8a5f-7c6b128e0eb0,c5,DROP,683,?,x11,
1769494921.9065373,SENT,8a9531ac-6d04-4d1e-8b65-9a5020c5d359,a2517898-4eeb-4d59-b641-04f78715d69d,c4,DROP,692,?,x12,
1769494921.906586,FORWARDED,8a9531ac-6d04-4d1e-8b65-9a5020c5d359,a2517898-4eeb-4d59-b641-04f78715d69d,c4,DROP,692,?,x12,
1769494921.9770644,SENT,14f9ab45-5161-4ee4-95c0-63ac259d6701,183f2ad5-73dd-4524-b6d9-eef840dbb0b6,c4,DROP,687,?,x2,
1769494921.9771166,FORWARDED,14f9ab45-5161-4ee4-95c0-63ac259d6701,183f2ad5-73dd-4524-b6d9-eef840dbb0b6,c4,DROP,687,?,x2,
1769494922.092982,RECEIVED,0d93ba0c-3aae-4e56-bf3e-d0c0bb63fb82,9a7a3dc8-b408-459a-90a0-9c26db15f237,c2,DROP,1008,e2,?,
1769494922.102285,RECEIVED,a15cbb93-a91b-4d26-a0bd-65ff4fe43fb3,94c2d6ab-91aa-4083-9890-57ec02d4a4bf,c4,DROP,1021,e6,?,
1769494922.109853,RECEIVED,f6e790be-7b58-49b6-9787-be4ff3ff135b,77e1ec5d-d37d-4d3e-884c-89674a18b948,c1,DROP,1007,e5,?,
1769494922.169839,SENT,d2b3275c-e760-4178-88aa-fb3209ea5c80,2bf92c0a-1d62-4585-b3a2-bfe69760281b,c4,DROP,690,?,x10,
1769494922.1698813,FORWARDED,d2b3275c-e760-4178-88aa-fb3209ea5c80,2bf92c0a-1d62-4585-b3a2-bfe69760281b,c4,DROP,690,?,x10,
1769494922.220383,SENT,a15cbb93-a91b-4d26-a0bd-65ff4fe43fb3,94c2d6ab-91aa-4083-9890-57ec02d4a4bf,c4,DROP,691,?,x12,
1769494922.220424,FORWARDED,a15cbb93-a91b-4d26-a0bd-65ff4fe43fb3,94c2d6ab-91aa-4083-9890-57ec02d4a4bf,c4,DROP,691,?,x12,
1769494922.3030725,SENT,0d93ba0c-3aae-4e56-bf3e-d0c0bb63fb82,9a7a3dc8-b408-459a-90a0-9c26db15f237,c2,DROP,684,?,x7,
1769494922.303116,FORWARDED,0d93ba0c-3aae-4e56-bf3e-d0c0bb63fb82,9a7a3dc8-b408-459a-90a0-9c26db15f237,c2,DROP,684,?,x7,
1769494922.3113103,RECEIVED,6b755da7-08b0-47ec-80b0-2287224f7794,e15ac827-a942-4c64-861e-f56c1ff06ec5,c1,DROP,445,x11,?,
1769494922.4632857,RECEIVED,eeb582b1-9d29-4afa-95e2-cfc17e1d0d36,813e988a-da01-4b99-b59a-a6597acd8199,c1,DROP,1012,e8,?,
1769494922.599908,RECEIVED,f35162b3-273e-4063-96d5-b3e735b3d669,3bd12630-0630-46fa-84a3-9cbac7e349f9,c1,DROP,1015,e12,?,
1769494922.6292608,RECEIVED,9bf9063e-7f53-4ef3-8b93-54727ebc6aca,db74e9b4-30a5-49d2-980d-d94d66e8ca56,c5,c2,1772,e2,?,
1769494922.6362388,SENT,eeb582b1-9d29-4afa-95e2-cfc17e1d0d36,813e988a-da01-4b99-b59a-a6597acd8199,c1,DROP,686,?,x11,
1769494922.6362765,FORWARDED,eeb582b1-9d29-4afa-95e2-cfc17e1d0d36,813e988a-da01-4b99-b59a-a6597acd8199,c1,DROP,686,?,x11,
1769494922.6724195,SENT,f6e790be-7b58-49b6-9787-be4ff3ff135b,77e1ec5d-d37d-4d3e-884c-89674a18b948,c1,DROP,683,?,x3,
1769494922.6724586,FORWARDED,f6e790be-7b58-49b6-9787-be4ff3ff135b,77e1ec5d-d37d-4d3e-884c-89674a18b948,c1,DROP,683,?,x3,
1769494922.8681781,RECEIVED,738ef791-d929-49b1-b21b-730247f4d297,c0d78c94-77a4-4c05-8ae9-002982ae7e4b,c2,DROP,446,x8,?,
1769494922.9301744,SENT,f35162b3-273e-4063-96d5-b3e735b3d669,3bd12630-0630-46fa-84a3-9cbac7e349f9,c1,DROP,688,?,x1,
1769494922.9302137,FORWARDED,f35162b3-273e-4063-96d5-b3e735b3d669,3bd12630-0630-46fa-84a3-9cbac7e349f9,c1,DROP,688,?,x1,
1769494922.9792435,SENT,9bf9063e-7f53-4ef3-8b93-54727ebc6aca,db74e9b4-30a5-49d2-980d-d94d66e8ca56,c5,c2,1255,?,x8,
1769494922.9792843,FORWARDED,9bf9063e-7f53-4ef3-8b93-54727ebc6aca,db74e9b4-30a5-49d2-980d-d94d66e8ca56,c5,c2,1255,?,x8,
1769494923.0651786,RECEIVED,4d33008d-ad2f-4c0e-b800-70a53cd82a5a,7274bb68-810a-4920-8ca8-8cffeca04c13,c2,DROP,1020,e9,?,
1769494923.1153603,SENT,dc81c5b2-50d4-4a56-a84b-d95343c0a251,40053c7c-be9f-446f-b00f-ca22d97faaaf,c1,c5,1271,?,x12,
1769494923.1153958,FORWARDED,dc81c5b2-50d4-4a56-a84b-d95343c0a251,40053c7c-be9f-446f-b00f-ca22d97faaaf,c1,c5,1271,?,x12,
1769494923.2087643,RECEIVED,5de67c23-7e3a-4654-857a-092079e4f3d1,2975027c-a04e-49a0-ab84-7a475f954ea8,c1,DROP,1007,e7,?,
1769494923.4865625,RECEIVED,7d6d0845-5958-47bd-982b-36ca888cedc5,ba1111d4-d030-4d83-b4bc-76ca1a0b0f29,c4,DROP,1012,e5,?,
1769494923.5320108,SENT,7d6d0845-5958-47bd-982b-36ca888cedc5,ba1111d4-d030-4d83-b4bc-76ca1a0b0f29,c4,DROP,687,?,x1,
1769494923.5320785,FORWARDED,7d6d0845-5958-47bd-982b-36ca888cedc5,ba1111d4-d030-4d83-b4bc-76ca1a0b0f29,c4,DROP,687,?,x1,
1769494923.7190366,RECEIVED,e6293ae1-f06c-4b95-a906-45132a995339,09235f36-4d1a-419d-8042-9268af73afe2,c5,DROP,1013,e5,?,
1769494923.7466302,SENT,e6293ae1-f06c-4b95-a906-45132a995339,09235f36-4d1a-419d-8042-9268af73afe2,c5,DROP,687,?,x8,
1769494923.7466722,FORWARDED,e6293ae1-f06c-4b95-a906-45132a995339,09235f36-4d1a-419d-8042-9268af73afe2,c5,DROP,687,?,x8,
1769494923.7774925,RECEIVED,760e8aca-fa79-4388-aa17-74fb7a8deaea,3dcee38e-5adc-4510-ba67-6dd103941479,c1,DROP,1019,e12,?,
1769494923.8021495,SENT,4d33008d-ad2f-4c0e-b800-70a53cd82a5a,7274bb68-810a-4920-8ca8-8cffeca04c13,c2,DROP,691,?,x11,
1769494923.802198,FORWARDED,4d33008d-ad2f-4c0e-b800-70a53cd82a5a,7274bb68-810a-4920-8ca8-8cffeca04c13,c2,DROP,691,?,x11,
1769494923.8409538,SENT,5de67c23-7e3a-4654-857a-092079e4f3d1,2975027c-a04e-49a0-ab84-7a475f954ea8,c1,DROP,683,?,x2,
1769494923.8409953,FORWARDED,5de67c23-7e3a-4654-857a-092079e4f3d1,2975027c-a04e-49a0-ab84-7a475f954ea8,c1,DROP,683,?,x2,
1769494923.8897645,RECEIVED,cdd61ba9-2767-4819-a4fd-3a9772cdd6e2,d3f8e0a5-2061-4594-ad82-62449484a46b,c5,DROP,1008,e6,?,
1769494923.8994627,RECEIVED,8eec1441-f880-4f6a-8105-f4ba132931b7,355406cc-9360-4e36-8b79-66bce9a590c2,c3,DROP,1012,e2,?,
1769494924.054958,SENT,cdd61ba9-2767-4819-a4fd-3a9772cdd6e2,d3f8e0a5-2061-4594-ad82-62449484a46b,c5,DROP,683,?,x6,
1769494924.0549967,FORWARDED,cdd61ba9-2767-4819-a4fd-3a9772cdd6e2,d3f8e0a5-2061-4594-ad82-62449484a46b,c5,DROP,683,?,x6,
1769494924.130992,SENT,8eec1441-f880-4f6a-8105-f4ba132931b7,355406cc-9360-4e36-8b79-66bce9a590c2,c3,DROP,687,?,x7,
1769494924.1310275,FORWARDED,8eec1441-f880-4f6a-8105-f4ba132931b7,355406cc-9360-4e36-8b79-66bce9a590c2,c3,DROP,687,?,x7,
1769494924.2027092,SENT,760e8aca-fa79-4388-aa17-74fb7a8deaea,3dcee38e-5adc-4510-ba67-6dd103941479,c1,DROP,691,?,x9,
1769494924.2027538,FORWARDED,760e8aca-fa79-4388-aa17-74fb7a8deaea,3dcee38e-5adc-4510-ba67-6dd103941479,c1,DROP,691,?,x9,
1769494924.2601006,RECEIVED,4bc9ea89-1392-47b7-a1dc-cd9fe76fc334,1c8c6b2c-2a62-44b2-9489-52af0fe68195,c1,c5,1775,e7,?,
1769494924.393304,RECEIVED,618b3b26-b084-4673-a717-fd8af0319b63,9ad7014b-d2fb-4d11-8f3b-21685168ef21,c4,DROP,1006,e1,?,
1769494924.489765,RECEIVED,24f90a07-b67d-4a15-a543-e5f19759db1a,4fc7e3c1-7ff0-4336-a657-a5fe1873eeb0,c1,DROP,445,x7,?,
1769494924.7378144,RECEIVED,e1f9b60b-ad48-4f19-9b9e-e8f770993a2c,bf5e8c70-3c08-4e05-b320-534175afe90e,c4,DROP,1007,e6,?,
1769494924.9350224,SENT,618b3b26-b084-4673-a717-fd8af0319b63,9ad7014b-d2fb-4d11-8f3b-21685168ef21,c4,DROP,683,?,x3,
1769494924.9350777,FORWARDED,618b3b26-b084-4673-a717-fd8af0319b63,9ad7014b-d2fb-4d11-8f3b-21685168ef21,c4,DROP,683,?,x3,
1769494924.993447,RECEIVED,04087f83-1025-43d4-ac04-3c13115a48af,527a4412-f0e4-435a-a770-9f35e753fb68,c3,c5,1776,e3,?,
1769494925.0108798,RECEIVED,85964b0e-de67-4227-b29f-5982fee7746c,3874c3da-f222-471e-af6f-5dfaa70ec123,c4,DROP,1016,e3,?,
1769494925.0948448,SENT,04087f83-1025-43d4-ac04-3c13115a48af,527a4412-f0e4-435a-a770-9f35e753fb68,c3,c5,1259,?,x5,
1769494925.094882,FORWARDED,04087f83-1025-43d4-ac04-3c13115a48af,527a4412-f0e4-435a-a770-9f35e753fb68,c3,c5,1259,?,x5,
1769494925.2793498,RECEIVED,fa08cf5d-a5f1-4dfc-88d2-3e54240c4ff1,ee63e33f-8796-4de7-bcf0-0cebed06984b,c5,DROP,1003,e4,?,
1769494925.3145108,RECEIVED,7e92274e-52ca-41f3-9ccf-e2b76c0fd81a,9828c211-cbe9-4854-befa-c27e7a5b8635,c1,DROP,442,x2,?,
1769494925.3786674,RECEIVED,83a4d20e-cfd9-4ce3-a8e6-f4751c9f8485,ab05b484-30e4-4f62-88da-70e44541f288,c5,c2,1780,e10,?,
1769494925.40827,SENT,85964b0e-de67-4227-b29f-5982fee7746c,3874c3da-f222-471e-af6f-5dfaa70ec123,c4,DROP,688,?,x5,
1769494925.4083087,FORWARDED,85964b0e-de67-4227-b29f-5982fee7746c,3874c3da-f222-471e-af6f-5dfaa70ec123,c4,DROP,688,?,x5,
1769494925.4856663,RECEIVED,4aaff5b1-a713-42f2-b965-8060405a3f58,f139e8c5-ac7f-4d7e-95e2-9f788a17adf2,c1,c5,1784,e11,?,
1769494925.5694635,RECEIVED,f2655b1e-0c15-4b44-aae6-c2d018aa9518,a5644a26-7efb-4128-993f-2210edd7d228,c2,c3,1769,e7,?,
1769494925.583548,RECEIVED,6fcc8835-d2c0-43f2-8fed-7ae3095a00fc,b2ebefc1-b396-4239-acf8-23fab461644a,c4,DROP,442,x11,?,
1769494925.6111553,SENT,f2655b1e-0c15-4b44-aae6-c2d018aa9518,a5644a26-7efb-4128-993f-2210edd7d228,c2,c3,1252,?,x4,
1769494925.611196,FORWARDED,f2655b1e-0c15-4b44-aae6-c2d018aa9518,a5644a26-7efb-4128-993f-2210edd7d228,c2,c3,1252,?,x4,
1769494925.6913447,SENT,fa08cf5d-a5f1-4dfc-88d2-3e54240c4ff1,ee63e33f-8796-4de7-bcf0-0cebed06984b,c5,DROP,680,?,x9,
1769494925.6913855,FORWARDED,fa08cf5d-a5f1-4dfc-88d2-3e54240c4ff1,ee63e33f-8796-4de7-bcf0-0cebed06984b,c5,DROP,680,?,x9,
1769494925.7059548,RECEIVED,6c28537a-5e59-4059-9ef5-9bc844c19411,9faf6658-8ff3-4ae7-b2f2-f6614702ed00,c5,DROP,1008,e1,?,
1769494925.8021889,SENT,4aaff5b1-a713-42f2-b965-8060405a3f58,f139e8c5-ac7f-4d7e-95e2-9f788a17adf2,c1,c5,1264,?,x2,
1769494925.8022296,FORWARDED,4aaff5b1-a713-42f2-b965-8060405a3f58,f139e8c5-ac7f-4d7e-95e2-9f788a17adf2,c1,c5,1264,?,x2,
1769494925.8146517,SENT,83a4d20e-cfd9-4ce3-a8e6-f4751c9f8485,ab05b484-30e4-4f62-88da-70e44541f288,c5,c2,1262,?,x6,
1769494925.8146887,FORWARDED,83a4d20e-cfd9-4ce3-a8e6-f4751c9f8485,ab05b484-30e4-4f62-88da-70e44541f288,c5,c2,1262,?,x6,
1769494925.9825206,SENT,6c28537a-5e59-4059-9ef5-9bc844c19411,9faf6658-8ff3-4ae7-b2f2-f6614702ed00,c5,DROP,683,?,x1,
1769494925.982561,FORWARDED,6c28537a-5e59-4059-9ef5-9bc844c19411,9faf6658-8ff3-4ae7-b2f2-f6614702ed00,c5,DROP,683,?,x1,
1769494926.200114,SENT,e1f9b60b-ad48-4f19-9b9e-e8f770993a2c,bf5e8c70-3c08-4e05-b320-534175afe90e,c4,DROP,683,?,x3,
1769494926.200153,FORWARDED,e1f9b60b-ad48-4f19-9b9e-e8f770993a2c,bf5e8c70-3c08-4e05-b320-534175afe90e,c4,DROP,683,?,x3,
1769494926.206247,SENT,4bc9ea89-1392-47b7-a1dc-cd9fe76fc334,1c8c6b2c-2a62-44b2-9489-52af0fe68195,c1,c5,1259,?,x7,
1769494926.207066,FORWARDED,4bc9ea89-1392-47b7-a1dc-cd9fe76fc334,1c8c6b2c-2a62-44b2-9489-52af0fe68195,c1,c5,1259,?,x7,
1769494926.269382,RECEIVED,a5a7465a-c493-41e9-b7f4-4d43316292de,0fd141e2-a0df-452a-8313-1423de3ba9d4,c3,DROP,1012,e7,?,
1769494926.441077,RECEIVED,adc40445-349e-4c18-b86f-8c4fc94b8825,f9930c10-c138-484c-958e-97b730d1bfab,c4,DROP,1015,e1,?,
1769494926.5104156,SENT,a5a7465a-c493-41e9-b7f4-4d43316292de,0fd141e2-a0df-452a-8313-1423de3ba9d4,c3,DROP,685,?,x2,
1769494926.5104556,FORWARDED,a5a7465a-c493-41e9-b7f4-4d43316292de,0fd141e2-a0df-452a-8313-1423de3ba9d4,c3,DROP,685,?,x2,
1769494926.6557305,RECEIVED,065dbb8f-3ee0-4c63-b72b-f0672be19250,a20f3450-aa04-4a0c-ae72-f15ae94e4715,c4,DROP,441,x7,?,
1769494926.6827667,RECEIVED,4ea9006e-2b90-459e-90ce-d460686acaff,d19707bf-90b5-47c0-a46f-e430d1afadc4,c2,DROP,1012,e2,?,
1769494926.726463,RECEIVED,9f7f34e8-8dc9-4f4f-8e47-b01001dd9912,fbd3e6c3-6c95-4310-be14-bd19e6e9d347,c1,DROP,445,x6,?,
1769494927.0406117,SENT,4ea9006e-2b90-459e-90ce-d460686acaff,d19707bf-90b5-47c0-a46f-e430d1afadc4,c2,DROP,687,?,x11,
1769494927.0406542,FORWARDED,4ea9006e-2b90-459e-90ce-d460686acaff,d19707bf-90b5-47c0-a46f-e430d1afadc4,c2,DROP,687,?,x11,
1769494927.067566,RECEIVED,7910a84c-d324-4504-b799-84c06454ea64,cb22cfce-282f-4632-86db-b2cf63382f32,c2,c3,1782,e10,?,
1769494927.0874271,RECEIVED,29ce1209-7d75-4974-94dc-6540c3ab171e,dc80d4db-5e04-49b2-8951-a39a991bfe7e,c3,c5,1767,e1,?,
1769494927.2525365,RECEIVED,9b6f73c2-c2d7-43ce-bca9-cbed2383314c,31508658-d272-43ae-961b-d8ad03c0c69c,c1,DROP,443,x5,?,
1769494927.4527624,RECEIVED,72754d5a-1aa3-41b0-9041-e7d14cc073dd,5381bc40-cf9a-4ebd-a0ae-f5bc20b6cc5c,c1,DROP,1007,e2,?,
1769494927.5057793,RECEIVED,ff3f66e2-b4da-4891-be03-1affa6a6ae84,a7be1abc-d0c9-41c8-bbd7-dff85e1ceb61,c3,DROP,1007,e10,?,
1769494927.600978,RECEIVED,76d7c460-2f3e-4a99-af6b-1332789d1088,1cf21027-8588-4483-be4b-ed0738b56ba6,c1,DROP,1019,e11,?,
1769494927.626862,RECEIVED,c5343b4f-b8c1-4379-9aa5-4b7ecedd01d1,26b066b1-12c5-45f6-bc1e-550fcd76e9bc,c2,DROP,1008,e4,?,
1769494927.6536684,RECEIVED,e35062d4-1970-4a21-98bb-5bd89954fc79,9ea03263-9eaa-4ada-a557-e17d1fb2977f,c2,DROP,1015,e10,?,
1769494927.6776905,SENT,c5343b4f-b8c1-4379-9aa5-4b7ecedd01d1,26b066b1-12c5-45f6-bc1e-550fcd76e9bc,c2,DROP,684,?,x5,
1769494927.677741,FORWARDED,c5343b4f-b8c1-4379-9aa5-4b7ecedd01d1,26b066b1-12c5-45f6-bc1e-550fcd76e9bc,c2,DROP,684,?,x5,
1769494927.757585,SENT,29ce1209-7d75-4974-94dc-6540c3ab171e,dc80d4db-5e04-49b2-8951-a39a991bfe7e,c3,c5,1252,?,x4,
1769494927.7576265,FORWARDED,29ce1209-7d75-4974-94dc-6540c3ab171e,dc80d4db-5e04-49b2-8951-a39a991bfe7e,c3,c5,1252,?,x4,
1769494927.8219402,SENT,7910a84c-d324-4504-b799-84c06454ea64,cb22cfce-282f-4632-86db-b2cf63382f32,c2,c3,1264,?,x8,
1769494927.8219833,FORWARDED,7910a84c-d324-4504-b799-84c06454ea64,cb22cfce-282f-4632-86db-b2cf63382f32,c2,c3,1264,?,x8,
1769494928.0759003,SENT,72754d5a-1aa3-41b0-9041-e7d14cc073dd,5381bc40-cf9a-4ebd-a0ae-f5bc20b6cc5c,c1,DROP,684,?,x3,
1769494928.075942,FORWARDED,72754d5a-1aa3-41b0-9041-e7d14cc073dd,5381bc40-cf9a-4ebd-a0ae-f5bc20b6cc5c,c1,DROP,684,?,x3,
1769494928.0895514,RECEIVED,4a89da21-e30b-4661-a13d-a3be20391c3a,9a585e2d-fadf-4788-8026-45517d611230,c4,DROP,441,x12,?,
1769494928.1421227,SENT,ff3f66e2-b4da-4891-be03-1affa6a6ae84,a7be1abc-d0c9-41c8-bbd7-dff85e1ceb61,c3,DROP,684,?,x6,
1769494928.142158,FORWARDED,ff3f66e2-b4da-4891-be03-1affa6a6ae84,a7be1abc-d0c9-41c8-bbd7-dff85e1ceb61,c3,DROP,684,?,x6,
1769494928.185435,RECEIVED,615bd84c-9040-41e5-afd1-291bf378c0d0,40e93a95-d9c4-4333-9b16-538da35ca7ef,c5,DROP,1008,e10,?,
1769494928.211168,SENT,adc40445-349e-4c18-b86f-8c4fc94b8825,f9930c10-c138-484c-958e-97b730d1bfab,c4,DROP,688,?,x12,
1769494928.2112107,FORWARDED,adc40445-349e-4c18-b86f-8c4fc94b8825,f9930c10-c138-484c-958e-97b730d1bfab,c4,DROP,688,?,x12,
1769494928.2373006,SENT,e35062d4-1970-4a21-98bb-5bd89954fc79,9ea03263-9eaa-4ada-a557-e17d1fb2977f,c2,DROP,688,?,x5,
1769494928.2373388,FORWARDED,e35062d4-1970-4a21-98bb-5bd89954fc79,9ea03263-9eaa-4ada-a557-e17d1fb2977f,c2,DROP,688,?,x5,
1769494928.2494352,RECEIVED,e830c153-0918-4def-9320-ec610b2e13e4,08bfb3ae-745f-41cb-928f-818a2a0d1e06,c3,c5,1779,e10,?,
1769494928.3616347,RECEIVED,aa04cbb2-1b89-4225-823b-149146d286cd,006b5f70-6fab-4459-b4d8-e09d883e5637,c5,DROP,1021,e12,?,
1769494928.4117773,RECEIVED,060434cd-ebef-4b35-b2b9-efb9fe637ce6,ef0d1eca-2917-4bfe-b08a-97d2c6adc11e,c5,c2,1785,e4,?,
1769494928.4331887,RECEIVED,aed45381-42d1-4000-9dc7-49d5dca27bdb,8273d9bc-97ad-4fbe-ae71-2f114a8ae993,c2,DROP,1019,e1,?,
1769494928.6507163,SENT,060434cd-ebef-4b35-b2b9-efb9fe637ce6,ef0d1eca-2917-4bfe-b08a-97d2c6adc11e,c5,c2,1264,?,x10,
1769494928.6507568,FORWARDED,060434cd-ebef-4b35-b2b9-efb9fe637ce6,ef0d1eca-2917-4bfe-b08a-97d2c6adc11e,c5,c2,1264,?,x10,
1769494928.6638362,SENT,e830c153-0918-4def-9320-ec610b2e13e4,08bfb3ae-745f-41cb-928f-818a2a0d1e06,c3,c5,1262,?,x7,
1769494928.6638794,FORWARDED,e830c153-0918-4def-9320-ec610b2e13e4,08bfb3ae-745f-41cb-928f-818a2a0d1e06,c3,c5,1262,?,x7,
1769494928.6666148,SENT,615bd84c-9040-41e5-afd1-291bf378c0d0,40e93a95-d9c4-4333-9b16-538da35ca7ef,c5,DROP,684,?,x4,
1769494928.6666532,FORWARDED,615bd84c-9040-41e5-afd1-291bf378c0d0,40e93a95-d9c4-4333-9b16-538da35ca7ef,c5,DROP,684,?,x4,
1769494928.6943276,SENT,aa04cbb2-1b89-4225-823b-149146d286cd,006b5f70-6fab-4459-b4d8-e09d883e5637,c5,DROP,692,?,x12,
1769494928.6943696,FORWARDED,aa04cbb2-1b89-4225-823b-149146d286cd,006b5f70-6fab-4459-b4d8-e09d883e5637,c5,DROP,692,?,x12,
1769494928.7523313,RECEIVED,80989dc1-aae6-4ecd-b981-b9ebc7a8b306,252b490c-081d-4946-82f4-f3b981902622,c1,DROP,1008,e10,?,
1769494928.888384,SENT,76d7c460-2f3e-4a99-af6b-1332789d1088,1cf21027-8588-4483-be4b-ed0738b56ba6,c1,DROP,692,?,x2,
1769494928.8884263,FORWARDED,76d7c460-2f3e-4a99-af6b-1332789d1088,1cf21027-8588-4483-be4b-ed0738b56ba6,c1,DROP,692,?,x2,
1769494928.8907015,RECEIVED,1d715596-80c8-4f7b-a2d3-621a5b5d37af,8488ad54-c5ac-4183-bf9f-fc2b2663f036,c3,DROP,445,x6,?,
1769494928.9447093,SENT,80989dc1-aae6-4ecd-b981-b9ebc7a8b306,252b490c-081d-4946-82f4-f3b981902622,c1,DROP,684,?,x6,
1769494928.944753,FORWARDED,80989dc1-aae6-4ecd-b981-b9ebc7a8b306,252b490c-081d-4946-82f4-f3b981902622,c1,DROP,684,?,x6,
1769494929.135285,RECEIVED,6d9be3aa-d687-4e7d-a54f-9f9127bed724,2bd72fd8-6984-47c2-a5e0-51d3e9770d82,c3,DROP,1007,e12,?,
1769494929.186075,RECEIVED,0c181266-8f70-48fd-853d-95e50e1f9d5a,f1ce2654-949c-43c8-93de-bd6582e42c48,c4,DROP,441,x9,?,
1769494929.2021923,RECEIVED,0fed8bec-77fe-4c7d-b39c-e2db1e8e4755,0466f9f9-89c3-4c34-98a6-bed62b53f9b5,c4,c5,1775,e9,?,
1769494929.299115,RECEIVED,fbb62bfd-932e-4522-80f1-332698fb1827,e63710e7-b1e6-4ca1-ae57-8aad120ac943,c2,DROP,1007,e8,?,
1769494929.357662,RECEIVED,f3fc4076-59ef-4e0f-b0e6-869d9202a029,1aaa94bc-5942-4d77-92a6-0998c4c7aeeb,c1,DROP,1020,e10,?,
1769494929.438108,RECEIVED,dd7dc05e-29b4-47a1-bc0a-22e9fec88b9d,ae1bd1f6-9db3-4ba7-a18a-cac0b4de658d,c1,DROP,1020,e11,?,
1769494929.4736314,RECEIVED,8a742234-bf10-4dad-b835-179d56815e94,3f9a367e-7c9a-4358-b26e-2089052dbfc1,c3,DROP,1012,e6,?,
1769494929.4865549,SENT,aed45381-42d1-4000-9dc7-49d5dca27bdb,8273d9bc-97ad-4fbe-ae71-2f114a8ae993,c2,DROP,691,?,x1,
1769494929.486595,FORWARDED,aed45381-42d1-4000-9dc7-49d5dca27bdb,8273d9bc-97ad-4fbe-ae71-2f114a8ae993,c2,DROP,691,?,x1,
1769494929.5263386,SENT,8a742234-bf10-4dad-b835-179d56815e94,3f9a367e-7c9a-4358-b26e-2089052dbfc1,c3,DROP,687,?,x2,
1769494929.526382,FORWARDED,8a742234-bf10-4dad-b835-179d56815e94,3f9a367e-7c9a-4358-b26e-2089052dbfc1,c3,DROP,687,?,x2,
1769494929.595449,SENT,f3fc4076-59ef-4e0f-b0e6-869d9202a029,1aaa94bc-5942-4d77-92a6-0998c4c7aeeb,c1,DROP,691,?,x7,
1769494929.5954921,FORWARDED,f3fc4076-59ef-4e0f-b0e6-869d9202a029,1aaa94bc-5942-4d77-92a6-0998c4c7aeeb,c1,DROP,691,?,x7,
1769494929.688055,SENT,dd7dc05e-29b4-47a1-bc0a-22e9fec88b9d,ae1bd1f6-9db3-4ba7-a18a-cac0b4de658d,c1,DROP,691,?,x2,
1769494929.6880977,FORWARDED,dd7dc05e-29b4-47a1-bc0a-22e9fec88b9d,ae1bd1f6-9db3-4ba7-a18a-cac0b4de658d,c1,DROP,691,?,x2,
1769494929.7300105,RECEIVED,d8dbb592-ad9d-40fb-a36b-908aa9495e73,69bbefb2-8677-4594-9d55-03ffee7bd30a,c2,DROP,1008,e3,?,
1769494929.8776574,RECEIVED,e74e878e-ac9b-4f61-9c06-169088aeaaaf,cd66982e-0068-4040-a86c-dcd279655dba,c3,DROP,1018,e3,?,
1769494929.936739,RECEIVED,b679d227-b0e9-4b2d-93cb-043a405802f6,a97cfd98-9d96-4c29-8c71-a342923146df,c5,DROP,441,x2,?,
1769494929.9383934,SENT,0fed8bec-77fe-4c7d-b39c-e2db1e8e4755,0466f9f9-89c3-4c34-98a6-bed62b53f9b5,c4,c5,1259,?,x7,
1769494929.938433,FORWARDED,0fed8bec-77fe-4c7d-b39c-e2db1e8e4755,0466f9f9-89c3-4c34-98a6-bed62b53f9b5,c4,c5,1259,?,x7,
1769494929.9748938,RECEIVED,9b651669-a8f1-446a-b274-7f8c57278378,97f46525-7eb2-427e-b553-01cd6e6e8cfc,c5,c2,1775,e10,?,
1769494930.0443583,RECEIVED,1c90e5ec-648f-4bb8-96d7-36cf24f3a2fd,8209593c-4e00-417c-aec9-61bccf9c04b6,c1,DROP,1008,e1,?,
1769494930.1114864,RECEIVED,0bba162f-2fb7-460d-82c7-01c56b165617,35db246a-3c50-411c-94ab-a847765fcdcb,c4,DROP,1016,e6,?,
1769494930.1190195,SENT,d8dbb592-ad9d-40fb-a36b-908aa9495e73,69bbefb2-8677-4594-9d55-03ffee7bd30a,c2,DROP,683,?,x2,
1769494930.1190658,FORWARDED,d8dbb592-ad9d-40fb-a36b-908aa9495e73,69bbefb2-8677-4594-9d55-03ffee7bd30a,c2,DROP,683,?,x2,
1769494930.2531033,SENT,1c90e5ec-648f-4bb8-96d7-36cf24f3a2fd,8209593c-4e00-417c-aec9-61bccf9c04b6,c1,DROP,683,?,x5,
1769494930.253145,FORWARDED,1c90e5ec-648f-4bb8-96d7-36cf24f3a2fd,8209593c-4e00-417c-aec9-61bccf9c04b6,c1,DROP,683,?,x5,
1769494930.2619627,RECEIVED,bb5b4f4e-1c22-4eb9-8d83-01b8e1d615dc,4c601dbe-29e8-40be-8eea-06fcba1ea7f4,c3,DROP,1023,e3,?,
1769494930.4771132,SENT,6d9be3aa-d687-4e7d-a54f-9f9127bed724,2bd72fd8-6984-47c2-a5e0-51d3e9770d82,c3,DROP,683,?,x6,
1769494930.4771574,FORWARDED,6d9be3aa-d687-4e7d-a54f-9f9127bed724,2bd72fd8-6984-47c2-a5e0-51d3e9770d82,c3,DROP,683,?,x6,
1769494930.494112,SENT,0bba162f-2fb7-460d-82c7-01c56b165617,35db246a-3c50-411c-94ab-a847765fcdcb,c4,DROP,689,?,x4,
1769494930.4942641,FORWARDED,0bba162f-2fb7-460d-82c7-01c56b165617,35db246a-3c50-411c-94ab-a847765fcdcb,c4,DROP,689,?,x4,
1769494930.606264,SENT,fbb62bfd-932e-4522-80f1-332698fb1827,e63710e7-b1e6-4ca1-ae57-8aad120ac943,c2,DROP,683,?,x4,
1769494930.6063066,FORWARDED,fbb62bfd-932e-4522-80f1-332698fb1827,e63710e7-b1e6-4ca1-ae57-8aad120ac943,c2,DROP,683,?,x4,
1769494930.8575149,SENT,9b651669-a8f1-446a-b274-7f8c57278378,97f46525-7eb2-427e-b553-01cd6e6e8cfc,c5,c2,1259,?,x6,
1769494930.8575578,FORWARDED,9b651669-a8f1-446a-b274-7f8c57278378,97f46525-7eb2-427e-b553-01cd6e6e8cfc,c5,c2,1259,?,x6,
1769494930.8752513,RECEIVED,a9c9a29c-b1fe-4412-9ae5-ced41dfcbd3c,0e01a2ce-5cb2-4c8c-a17b-609d747d4ce8,c2,DROP,1011,e10,?,
1769494931.1549022,RECEIVED,1c4d3e6a-2a1c-4a0a-a09e-720512660b0e,c4e73bcf-255d-4364-8b71-570df7a72138,c3,DROP,1011,e9,?,
1769494931.2081256,SENT,bb5b4f4e-1c22-4eb9-8d83-01b8e1d615dc,4c601dbe-29e8-40be-8eea-06fcba1ea7f4,c3,DROP,694,?,x5,
1769494931.2081678,FORWARDED,bb5b4f4e-1c22-4eb9-8d83-01b8e1d615dc,4c601dbe-29e8-40be-8eea-06fcba1ea7f4,c3,DROP,694,?,x5,
1769494931.2089546,RECEIVED,610cd919-9779-4e51-8450-91b77826b1dc,3ca54749-c22b-45c0-a9fd-e333fcfbf75b,c1,DROP,446,x2,?,
1769494931.3077333,RECEIVED,db0f370b-76e3-444f-bef4-dc513a3e202a,659b10e2-22e4-482c-8a54-9efe83af23b1,c1,DROP,1010,e11,?,
1769494931.3719513,RECEIVED,9f09d1ff-33bd-473e-b4a6-4c07a9dcd81a,d7ee0de8-d8cc-4664-bd43-929834340632,c5,c2,1781,e4,?,
1769494931.4193506,SENT,a9c9a29c-b1fe-4412-9ae5-ced41dfcbd3c,0e01a2ce-5cb2-4c8c-a17b-609d747d4ce8,c2,DROP,687,?,x12,
1769494931.4193933,FORWARDED,a9c9a29c-b1fe-4412-9ae5-ced41dfcbd3c,0e01a2ce-5cb2-4c8c-a17b-609d747d4ce8,c2,DROP,687,?,x12,
1769494931.4270313,SENT,9f09d1ff-33bd-473e-b4a6-4c07a9dcd81a,d7ee0de8-d8cc-4664-bd43-929834340632,c5,c2,1261,?,x11,
1769494931.4271011,FORWARDED,9f09d1ff-33bd-473e-b4a6-4c07a9dcd81a,d7ee0de8-d8cc-4664-bd43-929834340632,c5,c2,1261,?,x11,
1769494931.5015948,RECEIVED,91dfc48f-09ba-4c2c-9c4a-553c91990dd6,5b96db8d-f0b3-41d5-9dfc-92c64370506d,c3,DROP,1019,e10,?,
1769494931.5365922,RECEIVED,68a3ca48-76f8-477a-bff2-9cb06dbf11d1,21b5c513-5edf-489c-9d91-09328da41ec0,c1,DROP,1015,e11,?,
1769494931.5803103,SENT,91dfc48f-09ba-4c2c-9c4a-553c91990dd6,5b96db8d-f0b3-41d5-9dfc-92c64370506d,c3,DROP,691,?,x7,
1769494931.5806293,FORWARDED,91dfc48f-09ba-4c2c-9c4a-553c91990dd6,5b96db8d-f0b3-41d5-9dfc-92c64370506d,c3,DROP,691,?,x7,
1769494931.649179,RECEIVED,d16b2bc6-349b-4716-b982-b444c7ddc712,cfe9fd0e-e3e6-40a7-97ff-d9ce532d2b2d,c1,c5,1780,e10,?,
1769494931.6941392,SENT,68a3ca48-76f8-477a-bff2-9cb06dbf11d1,21b5c513-5edf-489c-9d91-09328da41ec0,c1,DROP,689,?,x5,
1769494931.694179,FORWARDED,68a3ca48-76f8-477a-bff2-9cb06dbf11d1,21b5c513-5edf-489c-9d91-09328da41ec0,c1,DROP,689,?,x5,
1769494931.783545,RECEIVED,dfb99b43-9e9b-439f-9cf8-645e501bf0a4,ba4b39cf-667a-4d68-a073-6aedf514623d,c2,DROP,1012,e9,?,
1769494932.0131812,RECEIVED,9c2c6e4c-29b9-4eef-b104-5660813a5c4a,8920cdf6-ed56-4ca1-b3af-43536c27ea63,c2,DROP,1017,e6,?,
1769494932.0824907,SENT,9c2c6e4c-29b9-4eef-b104-5660813a5c4a,8920cdf6-ed56-4ca1-b3af-43536c27ea63,c2,DROP,688,?,x3,
1769494932.082543,FORWARDED,9c2c6e4c-29b9-4eef-b104-5660813a5c4a,8920cdf6-ed56-4ca1-b3af-43536c27ea63,c2,DROP,688,?,x3,
1769494932.0849843,SENT,dfb99b43-9e9b-439f-9cf8-645e501bf0a4,ba4b39cf-667a-4d68-a073-6aedf514623d,c2,DROP,687,?,x6,
1769494932.085025,FORWARDED,dfb99b43-9e9b-439f-9cf8-645e501bf0a4,ba4b39cf-667a-4d68-a073-6aedf514623d,c2,DROP,687,?,x6,
1769494932.150025,RECEIVED,b6e49230-8e43-4f8c-911f-3c860c0536f5,c4adaa69-ed45-4201-94c9-8e58d2458070,c1,DROP,1007,e3,?,
1769494932.161999,SENT,1c4d3e6a-2a1c-4a0a-a09e-720512660b0e,c4e73bcf-255d-4364-8b71-570df7a72138,c3,DROP,686,?,x7,
1769494932.1620405,FORWARDED,1c4d3e6a-2a1c-4a0a-a09e-720512660b0e,c4e73bcf-255d-4364-8b71-570df7a72138,c3,DROP,686,?,x7,
1769494932.214609,RECEIVED,f9512b9d-25ee-47b7-a03e-460b97639d89,3ea34cd6-02b1-4364-b3cf-c21858e726ca,c3,c5,1785,e11,?,
1769494932.2662487,SENT,f9512b9d-25ee-47b7-a03e-460b97639d89,3ea34cd6-02b1-4364-b3cf-c21858e726ca,c3,c5,1264,?,x9,
1769494932.2662916,FORWARDED,f9512b9d-25ee-47b7-a03e-460b97639d89,3ea34cd6-02b1-4364-b3cf-c21858e726ca,c3,c5,1264,?,x9,
1769494932.2833343,RECEIVED,6694b97d-db99-43ee-ac16-790a1d7320fb,11f60574-ab6a-4834-a701-81f031a917f0,c3,DROP,442,x1,?,
1769494932.3611174,SENT,e74e878e-ac9b-4f61-9c06-169088aeaaaf,cd66982e-0068-4040-a86c-dcd279655dba,c3,DROP,692,?,x3,
1769494932.3611605,FORWARDED,e74e878e-ac9b-4f61-9c06-169088aeaaaf,cd66982e-0068-4040-a86c-dcd279655dba,c3,DROP,692,?,x3,
1769494932.3740697,SENT,b6e49230-8e43-4f8c-911f-3c860c0536f5,c4adaa69-ed45-4201-94c9-8e58d2458070,c1,DROP,684,?,x2,
1769494932.3741145,FORWARDED,b6e49230-8e43-4f8c-911f-3c860c0536f5,c4adaa69-ed45-4201-94c9-8e58d2458070,c1,DROP,684,?,x2,
1769494932.3824084,SENT,d16b2bc6-349b-4716-b982-b444c7ddc712,cfe9fd0e-e3e6-40a7-97ff-d9ce532d2b2d,c1,c5,1263,?,x10,
1769494932.3824484,FORWARDED,d16b2bc6-349b-4716-b982-b444c7ddc712,cfe9fd0e-e3e6-40a7-97ff-d9ce532d2b2d,c1,c5,1263,?,x10,
1769494932.555399,RECEIVED,1e3ea173-2d2d-4f89-88ac-6c3ce7aa3a20,d364e71d-99c9-40ca-989e-d4a57f89c283,c2,DROP,441,x6,?,
1769494932.6903462,RECEIVED,b702221b-e764-4929-ad09-5dc22aaddc3f,0255d60f-9b86-4d3c-a990-e0d5a245a26a,c2,DROP,442,x8,?,
1769494932.721532,RECEIVED,0747f67f-f24c-4fdf-9ac5-67ba6a15ed8a,a3a85c14-8610-48de-910f-e1abac28488c,c4,DROP,446,x7,?,
1769494932.820487,RECEIVED,dad42846-a779-4ed9-b3e5-ddbdea3ea9c4,8edbf654-694b-4969-b2a4-6c550a36dd84,c3,DROP,1015,e2,?,
1769494932.8414884,RECEIVED,65200877-889b-4b47-b01b-778d0feffdc8,eb155684-13fe-49e5-ae0e-7f7a86a7b3b0,c3,DROP,1007,e11,?,
1769494933.2561803,RECEIVED,8439c688-3f00-44cd-9721-4a5feb1b9f93,739e979c-282b-4382-b430-348a3c553814,c3,DROP,1021,e7,?,
1769494933.329872,RECEIVED,118e4600-59f2-4b47-b831-c3847bb95360,3552dba1-593d-4082-aaba-5c449ec242c0,c2,DROP,445,x7,?,
1769494933.3417878,SENT,65200877-889b-4b47-b01b-778d0feffdc8,eb155684-13fe-49e5-ae0e-7f7a86a7b3b0,c3,DROP,684,?,x1,
1769494933.3418298,FORWARDED,65200877-889b-4b47-b01b-778d0feffdc8,eb155684-13fe-49e5-ae0e-7f7a86a7b3b0,c3,DROP,684,?,x1,
1769494933.5333831,SENT,8439c688-3f00-44cd-9721-4a5feb1b9f93,739e979c-282b-4382-b430-348a3c553814,c3,DROP,692,?,x10,
1769494933.5334258,FORWARDED,8439c688-3f00-44cd-9721-4a5feb1b9f93,739e979c-282b-4382-b430-348a3c553814,c3,DROP,692,?,x10,
1769494933.7178495,RECEIVED,e2f4e331-7514-42c6-8eb3-5eab160250ff,5c3cf7fa-b7ac-4861-ab9b-39a10a9c3886,c4,DROP,1007,e8,?,
1769494933.8518653,RECEIVED,4a1097ed-2d33-49e9-b55f-28eb3248f31b,f4cfd1b5-afb0-433a-9227-8de7fa9b118e,c4,DROP,442,x1,?,
1769494933.9184449,RECEIVED,bc0ec275-640e-4b60-9be8-db6545ae9968,5be3bca1-252e-4d45-9284-1ab700567c00,c4,DROP,1008,e1,?,
1769494933.957096,RECEIVED,462c681b-d065-4296-a0e0-88c9102be568,77a1d4d1-49a5-4dba-bf68-49845174fb32,c5,c2,1780,e11,?,
1769494933.9837,RECEIVED,d45eb7fd-22ad-45bb-8283-0259122b7c81,303ac107-68b5-4ded-a5c8-ca1c1f3bfa1d,c3,DROP,442,x8,?,
1769494934.0044641,RECEIVED,20cd1dd9-8d2e-4fd1-afba-317e58df067a,5f281c09-20b3-45a8-bb8f-7f3e2556ee72,c5,DROP,1012,e4,?,
1769494934.0214105,SENT,e2f4e331-7514-42c6-8eb3-5eab160250ff,5c3cf7fa-b7ac-4861-ab9b-39a10a9c3886,c4,DROP,683,?,x6,
1769494934.021453,FORWARDED,e2f4e331-7514-42c6-8eb3-5eab160250ff,5c3cf7fa-b7ac-4861-ab9b-39a10a9c3886,c4,DROP,683,?,x6,
1769494934.0239067,RECEIVED,b3775c95-da30-4439-bf41-318d5e78729b,61239697-dd66-4f7a-8438-a930277d211a,c2,DROP,1023,e7,?,
1769494934.1059456,SENT,b3775c95-da30-4439-bf41-318d5e78729b,61239697-dd66-4f7a-8438-a930277d211a,c2,DROP,691,?,x10,
1769494934.1059885,FORWARDED,b3775c95-da30-4439-bf41-318d5e78729b,61239697-dd66-4f7a-8438-a930277d211a,c2,DROP,691,?,x10,
1769494934.173248,RECEIVED,52d9309b-1c6c-4907-93a7-6627c5a33bf2,541d28a8-bb08-4da9-961b-d5c8829d1885,c5,DROP,1013,e10,?,
1769494934.1996713,SENT,20cd1dd9-8d2e-4fd1-afba-317e58df067a,5f281c09-20b3-45a8-bb8f-7f3e2556ee72,c5,DROP,687,?,x5,
1769494934.1997132,FORWARDED,20cd1dd9-8d2e-4fd1-afba-317e58df067a,5f281c09-20b3-45a8-bb8f-7f3e2556ee72,c5,DROP,687,?,x5,
1769494934.2664447,SENT,dad42846-a779-4ed9-b3e5-ddbdea3ea9c4,8edbf654-694b-4969-b2a4-6c550a36dd84,c3,DROP,689,?,x4,
1769494934.2664883,FORWARDED,dad42846-a779-4ed9-b3e5-ddbdea3ea9c4,8edbf654-694b-4969-b2a4-6c550a36dd84,c3,DROP,689,?,x4,
1769494934.291014,SENT,bc0ec275-640e-4b60-9be8-db6545ae9968,5be3bca1-252e-4d45-9284-1ab700567c00,c4,DROP,684,?,x3,
1769494934.291639,FORWARDED,bc0ec275-640e-4b60-9be8-db6545ae9968,5be3bca1-252e-4d45-9284-1ab700567c00,c4,DROP,684,?,x3,
1769494934.3145452,SENT,52d9309b-1c6c-4907-93a7-6627c5a33bf2,541d28a8-bb08-4da9-961b-d5c8829d1885,c5,DROP,687,?,x10,
1769494934.3145869,FORWARDED,52d9309b-1c6c-4907-93a7-6627c5a33bf2,541d28a8-bb08-4da9-961b-d5c8829d1885,c5,DROP,687,?,x10,
1769494934.3257785,SENT,462c681b-d065-4296-a0e0-88c9102be568,77a1d4d1-49a5-4dba-bf68-49845174fb32,c5,c2,1263,?,x10,
1769494934.3258312,FORWARDED,462c681b-d065-4296-a0e0-88c9102be568,77a1d4d1-49a5-4dba-bf68-49845174fb32,c5,c2,1263,?,x10,
1769494934.363977,RECEIVED,9bd26388-cb50-4a52-94be-887f067c8dde,e0b8b813-15bc-4eba-a35a-6413dbed6143,c1,DROP,442,x4,?,
1769494934.744321,RECEIVED,12e4e4ce-8307-46c1-abe2-c939c90ded66,19a96b54-c51a-457b-8e3f-06a414444d39,c3,DROP,1015,e2,?,
1769494934.7701852,RECEIVED,79cc95a4-011b-4c00-ab8a-5803a4a04638,b081c5f2-c2a0-47e4-9715-c64306d4f749,c5,DROP,1016,e2,?,
1769494934.8821197,SENT,79cc95a4-011b-4c00-ab8a-5803a4a04638,b081c5f2-c2a0-47e4-9715-c64306d4f749,c5,DROP,689,?,x5,
1769494934.8821616,FORWARDED,79cc95a4-011b-4c00-ab8a-5803a4a04638,b081c5f2-c2a0-47e4-9715-c64306d4f749,c5,DROP,689,?,x5,
1769494935.2309093,RECEIVED,d2cef9b3-eb05-464a-a713-7a742c96143f,a748383a-926b-49a6-988d-8176ee1626ee,c1,DROP,1020,e2,?,
1769494935.4246664,RECEIVED,f2bd12b2-e7c4-46c0-aa6c-1b364ac8938e,c70e542f-d349-42d8-b4ee-aef1fdd75e31,c2,DROP,445,x12,?,
1769494935.5451243,SENT,d2cef9b3-eb05-464a-a713-7a742c96143f,a748383a-926b-49a6-988d-8176ee1626ee,c1,DROP,692,?,x12,
1769494935.5451674,FORWARDED,d2cef9b3-eb05-464a-a713-7a742c96143f,a748383a-926b-49a6-988d-8176ee1626ee,c1,DROP,692,?,x12,
1769494935.5681803,RECEIVED,8f1c1f78-457d-4395-bc61-895e50548f4f,c68ccfa0-069e-4bb9-ab1f-7d88b805ec95,c2,DROP,1010,e8,?,
1769494935.7486193,RECEIVED,dc00c995-9227-4eed-be63-f06d16bc0a01,fc70b450-4a4b-4898-a758-d30db0f08ddd,c3,c5,1763,e5,?,
1769494935.8583524,SENT,db0f370b-76e3-444f-bef4-dc513a3e202a,659b10e2-22e4-482c-8a54-9efe83af23b1,c1,DROP,685,?,x6,
1769494935.858392,FORWARDED,db0f370b-76e3-444f-bef4-dc513a3e202a,659b10e2-22e4-482c-8a54-9efe83af23b1,c1,DROP,685,?,x6,
1769494935.8711042,RECEIVED,abf9f513-2fd5-441b-affb-e65186f8a2cd,a0aeedf9-ee0e-4431-983d-7bcb46998fb7,c5,DROP,1011,e11,?,
1769494936.0504065,SENT,dc00c995-9227-4eed-be63-f06d16bc0a01,fc70b450-4a4b-4898-a758-d30db0f08ddd,c3,c5,1250,?,x4,
1769494936.050449,FORWARDED,dc00c995-9227-4eed-be63-f06d16bc0a01,fc70b450-4a4b-4898-a758-d30db0f08ddd,c3,c5,1250,?,x4,
1769494936.0626245,SENT,abf9f513-2fd5-441b-affb-e65186f8a2cd,a0aeedf9-ee0e-4431-983d-7bcb46998fb7,c5,DROP,685,?,x3,
1769494936.0626652,FORWARDED,abf9f513-2fd5-441b-affb-e65186f8a2cd,a0aeedf9-ee0e-4431-983d-7bcb46998fb7,c5,DROP,685,?,x3,
1769494936.283515,SENT,8f1c1f78-457d-4395-bc61-895e50548f4f,c68ccfa0-069e-4bb9-ab1f-7d88b805ec95,c2,DROP,687,?,x8,
1769494936.2835553,FORWARDED,8f1c1f78-457d-4395-bc61-895e50548f4f,c68ccfa0-069e-4bb9-ab1f-7d88b805ec95,c2,DROP,687,?,x8,
1769494936.4605784,SENT,12e4e4ce-8307-46c1-abe2-c939c90ded66,19a96b54-c51a-457b-8e3f-06a414444d39,c3,DROP,689,?,x7,
1769494936.4606197,FORWARDED,12e4e4ce-8307-46c1-abe2-c939c90ded66,19a96b54-c51a-457b-8e3f-06a414444d39,c3,DROP,689,?,x7,
1769494936.7327795,RECEIVED,c13116d8-0fc4-4ce4-9c56-5eed09c63367,dd281d33-dd1f-43d1-a397-83d219440dc8,c5,DROP,1019,e12,?,
1769494937.000225,RECEIVED,4d0320de-2978-47f7-a508-2cedf48b73e8,9bf6ee4a-0d0c-4a7f-96e2-2263b554b693,c4,DROP,1007,e8,?,
1769494937.0805087,RECEIVED,eeeb6b14-4f2d-468a-9d46-ccbd625832c8,b4cea33d-d3b3-41ab-b5b5-fc6ab88ae428,c2,DROP,1008,e7,?,
1769494937.1224513,RECEIVED,d099f617-1824-4aad-a688-1ce50e13787a,ff2b22a9-7f1a-47b9-8030-c6b8ea684d3f,c3,DROP,1022,e1,?,
1769494937.1458018,SENT,d099f617-1824-4aad-a688-1ce50e13787a,ff2b22a9-7f1a-47b9-8030-c6b8ea684d3f,c3,DROP,692,?,x11,
1769494937.1458423,FORWARDED,d099f617-1824-4aad-a688-1ce50e13787a,ff2b22a9-7f1a-47b9-8030-c6b8ea684d3f,c3,DROP,692,?,x11,
1769494937.1597922,SENT,eeeb6b14-4f2d-468a-9d46-ccbd625832c8,b4cea33d-d3b3-41ab-b5b5-fc6ab88ae428,c2,DROP,682,?,x4,
1769494937.1598377,FORWARDED,eeeb6b14-4f2d-468a-9d46-ccbd625832c8,b4cea33d-d3b3-41ab-b5b5-fc6ab88ae428,c2,DROP,682,?,x4,
1769494937.1729548,RECEIVED,3c82aecb-e95a-486d-a6b8-96ecf7cebda3,82985c57-2a04-4b9b-9e23-05935a17fad4,c2,DROP,1008,e7,?,
1769494937.2548668,SENT,c13116d8-0fc4-4ce4-9c56-5eed09c63367,dd281d33-dd1f-43d1-a397-83d219440dc8,c5,DROP,692,?,x2,
1769494937.2549076,FORWARDED,c13116d8-0fc4-4ce4-9c56-5eed09c63367,dd281d33-dd1f-43d1-a397-83d219440dc8,c5,DROP,692,?,x2,
1769494937.2668417,RECEIVED,57de0be6-eaab-4214-a939-b6dc2b8c61ad,342bfd75-b0fc-4856-9a18-169853076544,c2,DROP,442,x7,?,
1769494937.2790241,SENT,3c82aecb-e95a-486d-a6b8-96ecf7cebda3,82985c57-2a04-4b9b-9e23-05935a17fad4,c2,DROP,684,?,x2,
1769494937.2790794,FORWARDED,3c82aecb-e95a-486d-a6b8-96ecf7cebda3,82985c57-2a04-4b9b-9e23-05935a17fad4,c2,DROP,684,?,x2,
1769494937.427266,RECEIVED,0afcb571-3ea0-4463-9336-844680231eb9,95eda5d1-6ebd-4d8e-9582-c64fa77748e8,c5,DROP,445,x4,?,
1769494937.4802842,RECEIVED,6375c3a2-aa92-4a6a-8e72-eded8fd1221f,363ce9f5-d11d-4b96-a782-a714c306ed94,c3,DROP,444,x5,?,
1769494937.6619623,RECEIVED,b3f11d8e-229c-48c2-a1cc-ee0d64a47c21,782ba880-48ae-4f2a-8ce7-e33aee13ff93,c5,DROP,1008,e8,?,
1769494937.675577,RECEIVED,acf221c6-88ea-4205-92dc-04efc83f9a62,e8ca6629-16f7-4c21-98f8-9ebb33bd2cb5,c1,DROP,442,x1,?,
1769494937.67927,RECEIVED,a58b1efa-3bb8-40a9-8a9b-b11fbc65a670,0dfd2179-95ff-4c10-9da8-2b25e74ff77e,c5,DROP,445,x11,?,
1769494937.7536004,RECEIVED,9e5acd32-10c9-4074-b3f2-774e319a2343,c0d50723-dca9-4d3d-b0d4-9733e3005390,c4,DROP,1020,e10,?,
1769494937.8111188,SENT,b3f11d8e-229c-48c2-a1cc-ee0d64a47c21,782ba880-48ae-4f2a-8ce7-e33aee13ff93,c5,DROP,684,?,x2,
1769494937.8111591,FORWARDED,b3f11d8e-229c-48c2-a1cc-ee0d64a47c21,782ba880-48ae-4f2a-8ce7-e33aee13ff93,c5,DROP,684,?,x2,
1769494937.894237,RECEIVED,14f3a4f8-efce-4519-8e0a-13feb90432f6,33afd5b9-780e-4c36-b6de-9a0c91fb6efc,c3,DROP,442,x6,?,
1769494938.1720107,RECEIVED,5b6ab35f-2bf8-4a31-81a0-bfefc3bc3bbd,2e8a70c0-4061-4787-ba2d-c085452764f5,c2,c3,1783,e10,?,
1769494938.235787,RECEIVED,c4436674-37a2-46e4-9b56-9de19959d28e,d4f2e2d3-a6bc-48f7-b77a-d8d91b5ec151,c5,c2,1784,e4,?,
1769494938.3799822,RECEIVED,e3f319e8-4843-4f2d-a7c5-2d69aff67c33,a2deeda3-99ba-453b-9a9f-016e1e268b0f,c3,DROP,1016,e6,?,
1769494938.4728994,SENT,c4436674-37a2-46e4-9b56-9de19959d28e,d4f2e2d3-a6bc-48f7-b77a-d8d91b5ec151,c5,c2,1264,?,x1,
1769494938.4729397,FORWARDED,c4436674-37a2-46e4-9b56-9de19959d28e,d4f2e2d3-a6bc-48f7-b77a-d8d91b5ec151,c5,c2,1264,?,x1,
1769494938.492483,SENT,9e5acd32-10c9-4074-b3f2-774e319a2343,c0d50723-dca9-4d3d-b0d4-9733e3005390,c4,DROP,692,?,x10,
1769494938.4925244,FORWARDED,9e5acd32-10c9-4074-b3f2-774e319a2343,c0d50723-dca9-4d3d-b0d4-9733e3005390,c4,DROP,692,?,x10,
1769494938.5114658,SENT,4d0320de-2978-47f7-a508-2cedf48b73e8,9bf6ee4a-0d0c-4a7f-96e2-2263b554b693,c4,DROP,683,?,x4,
1769494938.5115058,FORWARDED,4d0320de-2978-47f7-a508-2cedf48b73e8,9bf6ee4a-0d0c-4a7f-96e2-2263b554b693,c4,DROP,683,?,x4,
1769494938.5626712,RECEIVED,1ce39671-e130-42d9-87ca-6db139b21e21,9eee4a76-2c0c-4d6d-9a1e-d569ca648a49,c1,DROP,445,x3,?,
1769494938.570306,RECEIVED,19a2dd6e-e30e-473b-9291-f48e0a0796b8,c7d36035-e711-4c08-b935-73e7f8d42fac,c4,DROP,1011,e9,?,
1769494938.7638278,RECEIVED,873f8fad-788c-4d89-b246-0491a5e448a6,6c485d86-eb19-4ae3-9cb6-73c5264598c4,c2,DROP,1013,e7,?,
1769494938.793236,SENT,e3f319e8-4843-4f2d-a7c5-2d69aff67c33,a2deeda3-99ba-453b-9a9f-016e1e268b0f,c3,DROP,688,?,x11,
1769494938.793277,FORWARDED,e3f319e8-4843-4f2d-a7c5-2d69aff67c33,a2deeda3-99ba-453b-9a9f-016e1e268b0f,c3,DROP,688,?,x11,
1769494938.8147206,RECEIVED,f010e181-4be3-4e56-bd3b-d578507479db,53533ef3-944c-4dbc-a7a8-9828fb29c484,c2,DROP,1021,e6,?,
1769494938.838429,RECEIVED,86547e40-f826-4a49-a6e8-a56d819671f8,6312e5bd-7ff0-4f56-8ecf-c20fbc4e4d64,c3,c5,1775,e8,?,
1769494939.0145257,SENT,873f8fad-788c-4d89-b246-0491a5e448a6,6c485d86-eb19-4ae3-9cb6-73c5264598c4,c2,DROP,687,?,x10,
1769494939.0145683,FORWARDED,873f8fad-788c-4d89-b246-0491a5e448a6,6c485d86-eb19-4ae3-9cb6-73c5264598c4,c2,DROP,687,?,x10,
1769494939.0366704,RECEIVED,2a168940-7b61-444b-be4b-aa37c0e6a85a,55dffb3c-1949-4e7e-89eb-5a0c06d4911b,c2,DROP,446,x10,?,
1769494939.03793,RECEIVED,636d5657-c93a-4118-9cab-50f30cfaa301,b31c2bcb-11d7-4d4d-a488-ca9c5ff07682,c2,DROP,1020,e11,?,
1769494939.0912855,RECEIVED,6f15aa82-31b0-4399-8620-f71910f56d2c,3dd9e787-3bad-486a-8e7a-679fc35c7ec1,c3,DROP,442,x8,?,
1769494939.095121,SENT,636d5657-c93a-4118-9cab-50f30cfaa301,b31c2bcb-11d7-4d4d-a488-ca9c5ff07682,c2,DROP,691,?,x3,
1769494939.0951636,FORWARDED,636d5657-c93a-4118-9cab-50f30cfaa301,b31c2bcb-11d7-4d4d-a488-ca9c5ff07682,c2,DROP,691,?,x3,
1769494939.183306,SENT,f010e181-4be3-4e56-bd3b-d578507479db,53533ef3-944c-4dbc-a7a8-9828fb29c484,c2,DROP,692,?,x12,
1769494939.1833467,FORWARDED,f010e181-4be3-4e56-bd3b-d578507479db,53533ef3-944c-4dbc-a7a8-9828fb29c484,c2,DROP,692,?,x12,
1769494939.2220182,SENT,86547e40-f826-4a49-a6e8-a56d819671f8,6312e5bd-7ff0-4f56-8ecf-c20fbc4e4d64,c3,c5,1260,?,x9,
1769494939.2222524,FORWARDED,86547e40-f826-4a49-a6e8-a56d819671f8,6312e5bd-7ff0-4f56-8ecf-c20fbc4e4d64,c3,c5,1260,?,x9,
1769494939.2530756,SENT,5b6ab35f-2bf8-4a31-81a0-bfefc3bc3bbd,2e8a70c0-4061-4787-ba2d-c085452764f5,c2,c3,1264,?,x3,
1769494939.2531188,FORWARDED,5b6ab35f-2bf8-4a31-81a0-bfefc3bc3bbd,2e8a70c0-4061-4787-ba2d-c085452764f5,c2,c3,1264,?,x3,
1769494939.2917624,RECEIVED,5fcff7d9-719b-4018-aeba-9c0811e4279b,8f719f90-714f-4980-881a-25e9b94d3bd8,c1,DROP,1014,e9,?,
1769494939.4543316,SENT,19a2dd6e-e30e-473b-9291-f48e0a0796b8,c7d36035-e711-4c08-b935-73e7f8d42fac,c4,DROP,687,?,x8,
1769494939.454369,FORWARDED,19a2dd6e-e30e-473b-9291-f48e0a0796b8,c7d36035-e711-4c08-b935-73e7f8d42fac,c4,DROP,687,?,x8,
1769494939.8304505,RECEIVED,a67b5053-526f-416d-be32-4f12d63dbf23,5e1ee4c8-8da3-4f5c-9af2-5e1201b8dd4f,c1,c5,1780,e6,?,
1769494939.919116,RECEIVED,0f2b8787-21ac-4680-927b-55a3b14639c3,f6663e87-55b8-40df-8d92-ed33e33c3c73,c5,c2,1778,e6,?,
1769494939.948829,RECEIVED,6ca21401-77c3-4be0-8e86-e18af935ecee,49d3ddf3-f9dc-4911-921a-cdd4b3777b75,c3,DROP,442,x11,?,
1769494939.9847422,SENT,5fcff7d9-719b-4018-aeba-9c0811e4279b,8f719f90-714f-4980-881a-25e9b94d3bd8,c1,DROP,688,?,x2,
1769494939.9847848,FORWARDED,5fcff7d9-719b-4018-aeba-9c0811e4279b,8f719f90-714f-4980-881a-25e9b94d3bd8,c1,DROP,688,?,x2,
1769494940.2654042,RECEIVED,783bf0d7-71c8-4775-8625-a8b743c124ec,951a0575-290a-4150-abd1-e628c7a899b5,c1,DROP,1019,e3,?,
1769494940.4117117,RECEIVED,95f18b8b-3cfe-4693-9146-8e092a1e8c57,0a9990e6-fb57-4aab-88b8-1cc280b26e3b,c5,DROP,1008,e9,?,
1769494940.5102096,SENT,95f18b8b-3cfe-4693-9146-8e092a1e8c57,0a9990e6-fb57-4aab-88b8-1cc280b26e3b,c5,DROP,684,?,x2,
1769494940.5102508,FORWARDED,95f18b8b-3cfe-4693-9146-8e092a1e8c57,0a9990e6-fb57-4aab-88b8-1cc280b26e3b,c5,DROP,684,?,x2,
1769494940.554195,RECEIVED,0361a994-e281-4f9b-86b4-feb592261513,24dea306-b5c0-4625-8485-fb08d72cca4e,c4,DROP,1023,e2,?,
1769494940.6152782,SENT,0361a994-e281-4f9b-86b4-feb592261513,24dea306-b5c0-4625-8485-fb08d72cca4e,c4,DROP,693,?,x11,
1769494940.6153197,FORWARDED,0361a994-e281-4f9b-86b4-feb592261513,24dea306-b5c0-4625-8485-fb08d72cca4e,c4,DROP,693,?,x11,
1769494940.6167529,RECEIVED,2a0aadb4-fbe0-4f01-aaeb-b5733d6170d6,c79acd58-5ef7-4291-9f77-e416500d4866,c3,DROP,1015,e2,?,
1769494940.6654282,RECEIVED,dffe3127-db50-402b-b501-f92a40091d40,00bb3bda-11a6-4c48-a8eb-e514445cdf9c,c1,DROP,1018,e10,?,
1769494940.7296085,SENT,0f2b8787-21ac-4680-927b-55a3b14639c3,f6663e87-55b8-40df-8d92-ed33e33c3c73,c5,c2,1263,?,x1,
1769494940.7296515,FORWARDED,0f2b8787-21ac-4680-927b-55a3b14639c3,f6663e87-55b8-40df-8d92-ed33e33c3c73,c5,c2,1263,?,x1,
1769494940.76831,SENT,783bf0d7-71c8-4775-8625-a8b743c124ec,951a0575-290a-4150-abd1-e628c7a899b5,c1,DROP,691,?,x3,
1769494940.76835,FORWARDED,783bf0d7-71c8-4775-8625-a8b743c124ec,951a0575-290a-4150-abd1-e628c7a899b5,c1,DROP,691,?,x3,
1769494940.8537283,RECEIVED,85d3b85e-350a-48f1-a77f-4a96969abed0,41314338-21f0-4b13-af3b-a6bab3cdc83a,c3,DROP,1020,e11,?,
1769494940.8806345,SENT,a67b5053-526f-416d-be32-4f12d63dbf23,5e1ee4c8-8da3-4f5c-9af2-5e1201b8dd4f,c1,c5,1263,?,x10,
1769494940.8806708,FORWARDED,a67b5053-526f-416d-be32-4f12d63dbf23,5e1ee4c8-8da3-4f5c-9af2-5e1201b8dd4f,c1,c5,1263,?,x10,
1769494940.9492567,RECEIVED,c263eaac-f230-45f6-b87e-c6e01bd9739e,9a2c438d-0432-4589-9eda-a0f1d5bc7111,c4,c5,1776,e6,?,
1769494941.2386565,SENT,dffe3127-db50-402b-b501-f92a40091d40,00bb3bda-11a6-4c48-a8eb-e514445cdf9c,c1,DROP,692,?,x5,
1769494941.2386973,FORWARDED,dffe3127-db50-402b-b501-f92a40091d40,00bb3bda-11a6-4c48-a8eb-e514445cdf9c,c1,DROP,692,?,x5,
1769494941.2516146,SENT,2a0aadb4-fbe0-4f01-aaeb-b5733d6170d6,c79acd58-5ef7-4291-9f77-e416500d4866,c3,DROP,688,?,x4,
1769494941.251679,FORWARDED,2a0aadb4-fbe0-4f01-aaeb-b5733d6170d6,c79acd58-5ef7-4291-9f77-e416500d4866,c3,DROP,688,?,x4,
1769494941.3717244,RECEIVED,ce6fa695-3c27-4ad5-b0ce-bc22e01e01ff,9043d17a-ad78-4716-a2ac-0cdf3916ffa9,c2,c3,1779,e4,?,
1769494941.4056518,SENT,85d3b85e-350a-48f1-a77f-4a96969abed0,41314338-21f0-4b13-af3b-a6bab3cdc83a,c3,DROP,692,?,x10,
1769494941.4056952,FORWARDED,85d3b85e-350a-48f1-a77f-4a96969abed0,41314338-21f0-4b13-af3b-a6bab3cdc83a,c3,DROP,692,?,x10,
1769494941.4185965,SENT,c263eaac-f230-45f6-b87e-c6e01bd9739e,9a2c438d-0432-4589-9eda-a0f1d5bc7111,c4,c5,1259,?,x4,
1769494941.4186344,FORWARDED,c263eaac-f230-45f6-b87e-c6e01bd9739e,9a2c438d-0432-4589-9eda-a0f1d5bc7111,c4,c5,1259,?,x4,
1769494941.4371521,RECEIVED,59004185-ece6-44fa-8e68-be425e8de4be,8602e11e-08cb-4443-b95c-1977d6e3c167,c3,DROP,1006,e6,?,
1769494941.6130738,RECEIVED,7c09e7b8-37c4-4020-a722-804a293a7b7d,fe01dfb1-3bd5-4d67-939f-f127cf788bf8,c1,DROP,442,x8,?,
1769494941.9061544,RECEIVED,fcdf6636-7d51-4f30-ba08-5f26382428b2,6479e29a-de02-4335-93c4-253e3f112a42,c2,c3,1767,e2,?,
1769494941.9392295,SENT,ce6fa695-3c27-4ad5-b0ce-bc22e01e01ff,9043d17a-ad78-4716-a2ac-0cdf3916ffa9,c2,c3,1263,?,x5,
1769494941.939267,FORWARDED,ce6fa695-3c27-4ad5-b0ce-bc22e01e01ff,9043d17a-ad78-4716-a2ac-0cdf3916ffa9,c2,c3,1263,?,x5,
1769494942.0731626,RECEIVED,e20c6250-3c9b-4038-811c-52edb8a3915f,ca30495d-3ccd-4fa6-bf2f-adc6bf3d3f1c,c2,DROP,1007,e5,?,
1769494942.1568263,RECEIVED,55786ee8-b2ab-451a-a138-1aa5080aa9d3,6ae99194-4138-4010-9ccc-0bddfaf92224,c1,DROP,1010,e6,?,
1769494942.338113,RECEIVED,11fd12da-5990-4994-a305-67775f059e35,a48db122-f601-45fc-a687-ba48318b0712,c4,DROP,1015,e3,?,
1769494942.3554513,SENT,e20c6250-3c9b-4038-811c-52edb8a3915f,ca30495d-3ccd-4fa6-bf2f-adc6bf3d3f1c,c2,DROP,683,?,x3,
1769494942.3554926,FORWARDED,e20c6250-3c9b-4038-811c-52edb8a3915f,ca30495d-3ccd-4fa6-bf2f-adc6bf3d3f1c,c2,DROP,683,?,x3,
1769494942.3742168,RECEIVED,0a58e723-3a0c-4f52-9586-de65201e516f,5dc0543e-0f33-4242-a338-68a80349fc03,c2,DROP,1007,e9,?,
1769494942.4086137,RECEIVED,a7e8c74c-54e5-416e-b456-a247b02b2b2e,245cff2c-3de6-444f-8bd6-9934b0eef393,c3,DROP,1011,e3,?,
1769494942.7184243,SENT,fcdf6636-7d51-4f30-ba08-5f26382428b2,6479e29a-de02-4335-93c4-253e3f112a42,c2,c3,1252,?,x3,
1769494942.7184656,FORWARDED,fcdf6636-7d51-4f30-ba08-5f26382428b2,6479e29a-de02-4335-93c4-253e3f112a42,c2,c3,1252,?,x3,
1769494942.7433188,RECEIVED,5262a20c-5627-4fdc-8e43-473b3c19104d,3e1b79ed-5e5a-45dd-858d-37a21bc7fde8,c3,DROP,1008,e12,?,
1769494942.7568989,RECEIVED,f04664f9-ac42-4385-b3d0-c90c7043e3bc,a22748ca-8f6c-4426-84ee-2749b6ce470c,c3,DROP,1009,e4,?,
1769494942.786444,RECEIVED,960376cb-e7a6-43a0-b21d-633b75b4674d,8c73b81c-cfc1-4c79-817c-728a60ef8a01,c2,DROP,1012,e9,?,
1769494942.8129675,SENT,5262a20c-5627-4fdc-8e43-473b3c19104d,3e1b79ed-5e5a-45dd-858d-37a21bc7fde8,c3,DROP,683,?,x1,
1769494942.8130052,FORWARDED,5262a20c-5627-4fdc-8e43-473b3c19104d,3e1b79ed-5e5a-45dd-858d-37a21bc7fde8,c3,DROP,683,?,x1,
1769494942.8145924,SENT,59004185-ece6-44fa-8e68-be425e8de4be,8602e11e-08cb-4443-b95c-1977d6e3c167,c3,DROP,683,?,x8,
1769494942.8146276,FORWARDED,59004185-ece6-44fa-8e68-be425e8de4be,8602e11e-08cb-4443-b95c-1977d6e3c167,c3,DROP,683,?,x8,
1769494942.9045045,SENT,0a58e723-3a0c-4f52-9586-de65201e516f,5dc0543e-0f33-4242-a338-68a80349fc03,c2,DROP,684,?,x3,
1769494942.9045947,FORWARDED,0a58e723-3a0c-4f52-9586-de65201e516f,5dc0543e-0f33-4242-a338-68a80349fc03,c2,DROP,684,?,x3,
1769494942.921826,SENT,960376cb-e7a6-43a0-b21d-633b75b4674d,8c73b81c-cfc1-4c79-817c-728a60ef8a01,c2,DROP,687,?,x1,
1769494942.9218645,FORWARDED,960376cb-e7a6-43a0-b21d-633b75b4674d,8c73b81c-cfc1-4c79-817c-728a60ef8a01,c2,DROP,687,?,x1,
1769494943.0984993,SENT,11fd12da-5990-4994-a305-67775f059e35,a48db122-f601-45fc-a687-ba48318b0712,c4,DROP,688,?,x8,
1769494943.0985434,FORWARDED,11fd12da-5990-4994-a305-67775f059e35,a48db122-f601-45fc-a687-ba48318b0712,c4,DROP,688,?,x8,
1769494943.1179903,RECEIVED,5e110540-a027-4282-8b4a-d36dd27ee198,7e896678-81d7-4e50-b28d-dc05fa26a42d,c1,DROP,1018,e5,?,
1769494943.127083,RECEIVED,936cf01f-bf25-4f96-b3e1-460b42955c7a,2bde7a40-d396-4833-b8af-f359c97bf3e3,c5,DROP,441,x3,?,
1769494943.2811062,SENT,a7e8c74c-54e5-416e-b456-a247b02b2b2e,245cff2c-3de6-444f-8bd6-9934b0eef393,c3,DROP,687,?,x4,
1769494943.2811482,FORWARDED,a7e8c74c-54e5-416e-b456-a247b02b2b2e,245cff2c-3de6-444f-8bd6-9934b0eef393,c3,DROP,687,?,x4,
1769494943.4333768,SENT,f04664f9-ac42-4385-b3d0-c90c7043e3bc,a22748ca-8f6c-4426-84ee-2749b6ce470c,c3,DROP,685,?,x9,
1769494943.433416,FORWARDED,f04664f9-ac42-4385-b3d0-c90c7043e3bc,a22748ca-8f6c-4426-84ee-2749b6ce470c,c3,DROP,685,?,x9,
1769494943.5287244,RECEIVED,6ed39166-63bc-43e6-9c2e-9d5307abab8a,65406063-0430-45ce-bf77-3c4336dd24af,c2,DROP,1020,e9,?,
1769494943.6097438,SENT,6ed39166-63bc-43e6-9c2e-9d5307abab8a,65406063-0430-45ce-bf77-3c4336dd24af,c2,DROP,693,?,x2,
1769494943.6097817,FORWARDED,6ed39166-63bc-43e6-9c2e-9d5307abab8a,65406063-0430-45ce-bf77-3c4336dd24af,c2,DROP,693,?,x2,
1769494943.6957786,RECEIVED,8b81feba-afc4-4a85-a230-644b078c022d,b6c6524d-0b63-4ef0-954e-75751351e720,c2,DROP,1011,e11,?,
1769494943.9721916,SENT,5e110540-a027-4282-8b4a-d36dd27ee198,7e896678-81d7-4e50-b28d-dc05fa26a42d,c1,DROP,693,?,x7,
1769494943.972235,FORWARDED,5e110540-a027-4282-8b4a-d36dd27ee198,7e896678-81d7-4e50-b28d-dc05fa26a42d,c1,DROP,693,?,x7,
1769494944.0448852,RECEIVED,7ac06bae-d8c4-4b9d-b700-572d1d3616ce,f46a00f6-55ad-4b73-8762-7ea21fdf41d5,c4,DROP,442,x2,?,
1769494944.1282437,RECEIVED,2d425952-eaad-4f7c-a692-29bc9016c50d,87d4391a-cb4a-462c-8ad0-dc07332eee33,c5,DROP,1020,e11,?,
1769494944.192732,RECEIVED,3b79415f-4998-4a4f-8132-d6c4ec82ab6c,09767558-21d8-431a-84b0-c899c1fcba43,c2,DROP,1016,e7,?,
1769494944.3193398,SENT,3b79415f-4998-4a4f-8132-d6c4ec82ab6c,09767558-21d8-431a-84b0-c899c1fcba43,c2,DROP,688,?,x3,
1769494944.3193815,FORWARDED,3b79415f-4998-4a4f-8132-d6c4ec82ab6c,09767558-21d8-431a-84b0-c899c1fcba43,c2,DROP,688,?,x3,
1769494944.4078546,SENT,8b81feba-afc4-4a85-a230-644b078c022d,b6c6524d-0b63-4ef0-954e-75751351e720,c2,DROP,687,?,x4,
1769494944.4078963,FORWARDED,8b81feba-afc4-4a85-a230-644b078c022d,b6c6524d-0b63-4ef0-954e-75751351e720,c2,DROP,687,?,x4,
1769494944.493981,SENT,2d425952-eaad-4f7c-a692-29bc9016c50d,87d4391a-cb4a-462c-8ad0-dc07332eee33,c5,DROP,691,?,x6,
1769494944.4940135,FORWARDED,2d425952-eaad-4f7c-a692-29bc9016c50d,87d4391a-cb4a-462c-8ad0-dc07332eee33,c5,DROP,691,?,x6,
1769494944.7166007,SENT,55786ee8-b2ab-451a-a138-1aa5080aa9d3,6ae99194-4138-4010-9ccc-0bddfaf92224,c1,DROP,687,?,x4,
1769494944.7166395,FORWARDED,55786ee8-b2ab-451a-a138-1aa5080aa9d3,6ae99194-4138-4010-9ccc-0bddfaf92224,c1,DROP,687,?,x4,
1769494944.9854383,RECEIVED,b0409d9a-ae58-492d-b718-bf584ecd10fd,4fcb3f40-8c62-4dd8-a5cf-9645bca917d9,c3,c5,1772,e5,?,
1769494945.0957325,SENT,b0409d9a-ae58-492d-b718-bf584ecd10fd,4fcb3f40-8c62-4dd8-a5cf-9645bca917d9,c3,c5,1256,?,x3,
1769494945.0957744,FORWARDED,b0409d9a-ae58-492d-b718-bf584ecd10fd,4fcb3f40-8c62-4dd8-a5cf-9645bca917d9,c3,c5,1256,?,x3,
1769494945.2287652,RECEIVED,7f37249d-6c3a-4045-9a7c-4c0851e1b4af,e22d4aeb-482d-4aa1-8074-330308421693,c1,DROP,1012,e8,?,
1769494945.3726718,RECEIVED,9b615b9b-4ee9-4507-be5b-0e8d22ad3ef3,ebec8884-b929-42e7-8f0f-ccd5de5c6a94,c2,DROP,1015,e2,?,
1769494945.3998032,RECEIVED,683af667-a94a-4401-ab32-c8fec7284177,06a22e07-cd76-47ed-8618-a32e3bd3468a,c1,DROP,1016,e5,?,
1769494945.440337,SENT,9b615b9b-4ee9-4507-be5b-0e8d22ad3ef3,ebec8884-b929-42e7-8f0f-ccd5de5c6a94,c2,DROP,689,?,x7,
1769494945.4403756,FORWARDED,9b615b9b-4ee9-4507-be5b-0e8d22ad3ef3,ebec8884-b929-42e7-8f0f-ccd5de5c6a94,c2,DROP,689,?,x7,
1769494945.453755,RECEIVED,39a239fe-443b-4e0d-bd46-1f02a5f54d5a,d79cd8e0-967a-4134-ae02-a8a297fdf125,c3,DROP,1009,e10,?,
1769494945.4948342,RECEIVED,77b1e68d-4dd7-4b81-ac37-a0c9afeda574,057addbd-8e6c-4060-becb-5b684d27bbf5,c5,DROP,1019,e12,?,
1769494945.5416443,SENT,39a239fe-443b-4e0d-bd46-1f02a5f54d5a,d79cd8e0-967a-4134-ae02-a8a297fdf125,c3,DROP,684,?,x5,
1769494945.5416856,FORWARDED,39a239fe-443b-4e0d-bd46-1f02a5f54d5a,d79cd8e0-967a-4134-ae02-a8a297fdf125,c3,DROP,684,?,x5,
1769494945.6071215,RECEIVED,2adf6538-516b-4646-b090-7bafa2725993,b5467a09-443d-4481-9665-48e2be7f6261,c3,DROP,1006,e5,?,
1769494945.6077461,SENT,683af667-a94a-4401-ab32-c8fec7284177,06a22e07-cd76-47ed-8618-a32e3bd3468a,c1,DROP,688,?,x11,
1769494945.6077838,FORWARDED,683af667-a94a-4401-ab32-c8fec7284177,06a22e07-cd76-47ed-8618-a32e3bd3468a,c1,DROP,688,?,x11,
1769494945.6670449,SENT,7f37249d-6c3a-4045-9a7c-4c0851e1b4af,e22d4aeb-482d-4aa1-8074-330308421693,c1,DROP,687,?,x5,
1769494945.6670983,FORWARDED,7f37249d-6c3a-4045-9a7c-4c0851e1b4af,e22d4aeb-482d-4aa1-8074-330308421693,c1,DROP,687,?,x5,
1769494946.016316,RECEIVED,cc0a6f34-d43e-4bd0-8e49-987af396acd5,e5122ca5-368f-4dcb-8284-5ee27ca4c238,c1,c5,1783,e10,?,
1769494946.318211,RECEIVED,a6a41e2a-be48-4995-a0c1-dd79fe0dde03,20d97f9e-71d7-4163-b59f-1ade2ffd302a,c5,DROP,1019,e11,?,
1769494946.5793092,RECEIVED,58feb7ba-55a4-4d42-854a-507f80e4b78c,beb626c5-3131-481f-ab2c-70e91c9fef0b,c5,c2,1775,e3,?,
1769494946.6892624,SENT,a6a41e2a-be48-4995-a0c1-dd79fe0dde03,20d97f9e-71d7-4163-b59f-1ade2ffd302a,c5,DROP,691,?,x3,
1769494946.689304,FORWARDED,a6a41e2a-be48-4995-a0c1-dd79fe0dde03,20d97f9e-71d7-4163-b59f-1ade2ffd302a,c5,DROP,691,?,x3,
1769494946.7060065,RECEIVED,375a4a84-f9e8-463f-a657-ac2460d721d9,eb317776-c7f1-4ba1-b84b-3f55d1b3ff1c,c4,DROP,1009,e7,?,
1769494946.7567499,SENT,58feb7ba-55a4-4d42-854a-507f80e4b78c,beb626c5-3131-481f-ab2c-70e91c9fef0b,c5,c2,1259,?,x2,
1769494946.7567916,FORWARDED,58feb7ba-55a4-4d42-854a-507f80e4b78c,beb626c5-3131-481f-ab2c-70e91c9fef0b,c5,c2,1259,?,x2,
1769494946.794633,RECEIVED,fd081f15-a689-4ac9-9245-59f816390b4f,1fd06d24-383d-4bc9-b46a-0df06da9f2cf,c5,DROP,1015,e8,?,
1769494946.807243,SENT,375a4a84-f9e8-463f-a657-ac2460d721d9,eb317776-c7f1-4ba1-b84b-3f55d1b3ff1c,c4,DROP,683,?,x12,
1769494946.8072822,FORWARDED,375a4a84-f9e8-463f-a657-ac2460d721d9,eb317776-c7f1-4ba1-b84b-3f55d1b3ff1c,c4,DROP,683,?,x12,
1769494946.8137019,RECEIVED,eb1ad350-7efd-4762-916a-1f01f72e18ea,06ef38d3-be6c-46e4-850f-bb441592aaf1,c1,DROP,1019,e5,?,
1769494946.8225687,SENT,2adf6538-516b-4646-b090-7bafa2725993,b5467a09-443d-4481-9665-48e2be7f6261,c3,DROP,683,?,x1,
1769494946.822983,FORWARDED,2adf6538-516b-4646-b090-7bafa2725993,b5467a09-443d-4481-9665-48e2be7f6261,c3,DROP,683,?,x1,
1769494946.828187,RECEIVED,8d601f3d-ca0e-45e2-b1e5-9e7849fab1db,2f5305e6-d4e9-4ab7-a060-6c8606ab5b62,c4,DROP,1012,e2,?,
1769494946.8428643,RECEIVED,1aff4082-357c-4087-846c-ade9280b43f5,ebf0b0dd-36af-4413-9499-1a935e883fac,c1,DROP,1020,e9,?,
1769494946.8930998,RECEIVED,2edab345-b3f5-4e9b-a4ad-6b09afd053fe,3c87bea1-31cf-4e90-903b-b83695672ef7,c3,DROP,445,x10,?,
1769494946.9395595,SENT,8d601f3d-ca0e-45e2-b1e5-9e7849fab1db,2f5305e6-d4e9-4ab7-a060-6c8606ab5b62,c4,DROP,687,?,x9,
1769494946.939601,FORWARDED,8d601f3d-ca0e-45e2-b1e5-9e7849fab1db,2f5305e6-d4e9-4ab7-a060-6c8606ab5b62,c4,DROP,687,?,x9,
1769494947.0335104,SENT,1aff4082-357c-4087-846c-ade9280b43f5,ebf0b0dd-36af-4413-9499-1a935e883fac,c1,DROP,692,?,x8,
1769494947.033549,FORWARDED,1aff4082-357c-4087-846c-ade9280b43f5,ebf0b0dd-36af-4413-9499-1a935e883fac,c1,DROP,692,?,x8,
1769494947.2521083,RECEIVED,c5f17265-47a4-43bb-a28f-8afeeffc8da4,9f117852-5e30-443f-ab17-c8daacdbc3c0,c1,DROP,1015,e8,?,
1769494947.289215,SENT,77b1e68d-4dd7-4b81-ac37-a0c9afeda574,057addbd-8e6c-4060-becb-5b684d27bbf5,c5,DROP,692,?,x3,
1769494947.2892563,FORWARDED,77b1e68d-4dd7-4b81-ac37-a0c9afeda574,057addbd-8e6c-4060-becb-5b684d27bbf5,c5,DROP,692,?,x3,
1769494947.3478546,SENT,eb1ad350-7efd-4762-916a-1f01f72e18ea,06ef38d3-be6c-46e4-850f-bb441592aaf1,c1,DROP,691,?,x8,
1769494947.3478978,FORWARDED,eb1ad350-7efd-4762-916a-1f01f72e18ea,06ef38d3-be6c-46e4-850f-bb441592aaf1,c1,DROP,691,?,x8,
1769494947.5100794,RECEIVED,e655aea1-583c-4cf1-8f59-fba43aa005c9,9b61f2af-2905-4c14-af38-e6fa5efd5667,c3,DROP,1012,e7,?,
1769494947.7142582,SENT,e655aea1-583c-4cf1-8f59-fba43aa005c9,9b61f2af-2905-4c14-af38-e6fa5efd5667,c3,DROP,685,?,x1,
1769494947.7143013,FORWARDED,e655aea1-583c-4cf1-8f59-fba43aa005c9,9b61f2af-2905-4c14-af38-e6fa5efd5667,c3,DROP,685,?,x1,
1769494947.9197676,SENT,cc0a6f34-d43e-4bd0-8e49-987af396acd5,e5122ca5-368f-4dcb-8284-5ee27ca4c238,c1,c5,1266,?,x5,
1769494947.9198205,FORWARDED,cc0a6f34-d43e-4bd0-8e49-987af396acd5,e5122ca5-368f-4dcb-8284-5ee27ca4c238,c1,c5,1266,?,x5,
1769494948.3479,RECEIVED,c3e4add8-f573-4d55-94b3-adc63bd549bb,5e569814-2ec0-4d05-887b-39d78607b2d3,c2,DROP,1011,e3,?,
1769494948.3691509,SENT,fd081f15-a689-4ac9-9245-59f816390b4f,1fd06d24-383d-4bc9-b46a-0df06da9f2cf,c5,DROP,688,?,x2,
1769494948.3691957,FORWARDED,fd081f15-a689-4ac9-9245-59f816390b4f,1fd06d24-383d-4bc9-b46a-0df06da9f2cf,c5,DROP,688,?,x2,
1769494948.7923124,RECEIVED,94f87714-6afc-4bc8-b720-13235e326d9a,165f26e6-a36f-4c5e-a491-c5554286dec5,c2,DROP,1020,e4,?,
1769494948.8150053,SENT,c5f17265-47a4-43bb-a28f-8afeeffc8da4,9f117852-5e30-443f-ab17-c8daacdbc3c0,c1,DROP,688,?,x8,
1769494948.8150551,FORWARDED,c5f17265-47a4-43bb-a28f-8afeeffc8da4,9f117852-5e30-443f-ab17-c8daacdbc3c0,c1,DROP,688,?,x8,
1769494948.9357936,RECEIVED,312c8f6a-093d-47c2-8fc1-95eb673797d1,2277b1f0-3b55-4de0-b912-be94c743ca67,c1,DROP,441,x10,?,
1769494949.05798,RECEIVED,10a3896a-1d19-4446-a398-5f4b9c0cf0b0,cab9a1c5-010e-47ee-b68f-4b83afd19fac,c3,DROP,441,x2,?,
1769494949.0712724,SENT,c3e4add8-f573-4d55-94b3-adc63bd549bb,5e569814-2ec0-4d05-887b-39d78607b2d3,c2,DROP,687,?,x2,
1769494949.0713115,FORWARDED,c3e4add8-f573-4d55-94b3-adc63bd549bb,5e569814-2ec0-4d05-887b-39d78607b2d3,c2,DROP,687,?,x2,
1769494949.1997209,SENT,94f87714-6afc-4bc8-b720-13235e326d9a,165f26e6-a36f-4c5e-a491-c5554286dec5,c2,DROP,692,?,x7,
1769494949.199762,FORWARDED,94f87714-6afc-4bc8-b720-13235e326d9a,165f26e6-a36f-4c5e-a491-c5554286dec5,c2,DROP,692,?,x7,
1769494949.345695,RECEIVED,13f4e24e-bf1d-4df8-b872-a93be70b32d1,1e95ee03-33ff-408b-8771-9746836cc7cc,c4,DROP,1015,e5,?,
1769494949.693796,RECEIVED,4b99f30c-1ff9-4e09-af2c-0d1aa725835b,4ad3f104-e8ce-4e6d-9429-68596c935e5e,c5,DROP,1008,e9,?,
1769494949.828126,RECEIVED,d39cbc67-29eb-4fa0-9431-f77b9cbb75fc,59089e33-34bc-40a4-b45a-af09222bb2c7,c2,DROP,442,x2,?,
1769494949.9000058,RECEIVED,7dc847d1-db8d-4f43-aef0-e7fa15615ec2,4cadc1c4-ca5c-4341-b5b5-af4fd1244ab0,c4,DROP,1019,e2,?,
1769494950.123272,SENT,13f4e24e-bf1d-4df8-b872-a93be70b32d1,1e95ee03-33ff-408b-8771-9746836cc7cc,c4,DROP,688,?,x5,
1769494950.1233113,FORWARDED,13f4e24e-bf1d-4df8-b872-a93be70b32d1,1e95ee03-33ff-408b-8771-9746836cc7cc,c4,DROP,688,?,x5,
1769494950.2115328,RECEIVED,65184df0-f94f-489b-9785-a5f39ecaeab8,a9351918-264c-4bf6-9b30-17ea2e430b36,c5,DROP,1021,e8,?,
1769494950.2355838,SENT,4b99f30c-1ff9-4e09-af2c-0d1aa725835b,4ad3f104-e8ce-4e6d-9429-68596c935e5e,c5,DROP,685,?,x8,
1769494950.2356267,FORWARDED,4b99f30c-1ff9-4e09-af2c-0d1aa725835b,4ad3f104-e8ce-4e6d-9429-68596c935e5e,c5,DROP,685,?,x8,
1769494950.343454,SENT,65184df0-f94f-489b-9785-a5f39ecaeab8,a9351918-264c-4bf6-9b30-17ea2e430b36,c5,DROP,693,?,x12,
1769494950.343497,FORWARDED,65184df0-f94f-489b-9785-a5f39ecaeab8,a9351918-264c-4bf6-9b30-17ea2e430b36,c5,DROP,693,?,x12,
1769494950.3744018,RECEIVED,9b1edd7f-c6c4-4532-a50e-e0d145c968cb,cb34bf64-c0f3-495d-ab30-6b7543150116,c1,DROP,1021,e4,?,
1769494950.49997,SENT,9b1edd7f-c6c4-4532-a50e-e0d145c968cb,cb34bf64-c0f3-495d-ab30-6b7543150116,c1,DROP,691,?,x10,
1769494950.5000138,FORWARDED,9b1edd7f-c6c4-4532-a50e-e0d145c968cb,cb34bf64-c0f3-495d-ab30-6b7543150116,c1,DROP,691,?,x10,
1769494950.6881037,RECEIVED,ea974e0f-e0d2-484b-9152-7f1f6d1bffb6,232abd80-0dc8-432a-82ee-0f93b484b3cd,c5,DROP,1021,e10,?,
1769494950.9066064,RECEIVED,0da325fa-8036-4cad-bcb5-c74a119d7a3c,2179a912-97c5-4862-b28e-2f282766b2d0,c4,DROP,1008,e8,?,
1769494950.9103644,RECEIVED,c6caabe3-f7b0-4778-9c81-9a0e065d9b25,3c3c19e5-3768-48a1-bf49-ff0ce9e957a7,c2,DROP,1008,e10,?,
1769494950.956242,SENT,c6caabe3-f7b0-4778-9c81-9a0e065d9b25,3c3c19e5-3768-48a1-bf49-ff0ce9e957a7,c2,DROP,683,?,x5,
1769494950.956281,FORWARDED,c6caabe3-f7b0-4778-9c81-9a0e065d9b25,3c3c19e5-3768-48a1-bf49-ff0ce9e957a7,c2,DROP,683,?,x5,
1769494950.9590347,SENT,ea974e0f-e0d2-484b-9152-7f1f6d1bffb6,232abd80-0dc8-432a-82ee-0f93b484b3cd,c5,DROP,692,?,x10,
1769494950.9590933,FORWARDED,ea974e0f-e0d2-484b-9152-7f1f6d1bffb6,232abd80-0dc8-432a-82ee-0f93b484b3cd,c5,DROP,692,?,x10,
1769494951.0788853,SENT,0da325fa-8036-4cad-bcb5-c74a119d7a3c,2179a912-97c5-4862-b28e-2f282766b2d0,c4,DROP,683,?,x4,
1769494951.0789387,FORWARDED,0da325fa-8036-4cad-bcb5-c74a119d7a3c,2179a912-97c5-4862-b28e-2f282766b2d0,c4,DROP,683,?,x4,
1769494951.2151687,RECEIVED,10dcb55c-c75d-427e-899d-eeed50894dfb,bb5c75fe-4b21-43f0-ad0f-d308ec0939d3,c1,DROP,1020,e12,?,
1769494951.2343874,RECEIVED,9b9f0c46-a30d-42a6-903b-7cd9489f1207,fb1299ac-c4d2-4eda-8bf3-e20c0c7d32ad,c5,DROP,440,x3,?,
1769494951.3520792,RECEIVED,41e500b0-7776-4485-aec7-d0be196c392f,438d3986-01b9-4a47-aab0-fec50e5fbc11,c2,DROP,447,x11,?,
1769494951.4341269,SENT,10dcb55c-c75d-427e-899d-eeed50894dfb,bb5c75fe-4b21-43f0-ad0f-d308ec0939d3,c1,DROP,691,?,x3,
1769494951.4341674,FORWARDED,10dcb55c-c75d-427e-899d-eeed50894dfb,bb5c75fe-4b21-43f0-ad0f-d308ec0939d3,c1,DROP,691,?,x3,
1769494951.5150113,RECEIVED,f1d889e4-1dfb-4196-b043-48fc6bcbd2a8,8e916c1f-7c38-4a5b-b7db-a44d095cad92,c3,DROP,1007,e1,?,
1769494951.9769163,RECEIVED,2e690432-4f31-48db-9b4e-7920d092a9e8,0f490361-602e-44de-94c3-d72c053c054c,c3,c5,1799,e1,?,
1769494952.043252,SENT,7dc847d1-db8d-4f43-aef0-e7fa15615ec2,4cadc1c4-ca5c-4341-b5b5-af4fd1244ab0,c4,DROP,692,?,x5,
1769494952.043293,FORWARDED,7dc847d1-db8d-4f43-aef0-e7fa15615ec2,4cadc1c4-ca5c-4341-b5b5-af4fd1244ab0,c4,DROP,692,?,x5,
1769494952.0607114,RECEIVED,7d0283ff-13d1-4892-93f4-52663e036bbc,7042ab84-d4bc-4970-b4fc-50e343438a28,c2,c3,1775,e3,?,
1769494952.254629,SENT,f1d889e4-1dfb-4196-b043-48fc6bcbd2a8,8e916c1f-7c38-4a5b-b7db-a44d095cad92,c3,DROP,684,?,x7,
1769494952.2546718,FORWARDED,f1d889e4-1dfb-4196-b043-48fc6bcbd2a8,8e916c1f-7c38-4a5b-b7db-a44d095cad92,c3,DROP,684,?,x7,
1769494952.4065204,SENT,7d0283ff-13d1-4892-93f4-52663e036bbc,7042ab84-d4bc-4970-b4fc-50e343438a28,c2,c3,1259,?,x8,
1769494952.4065616,FORWARDED,7d0283ff-13d1-4892-93f4-52663e036bbc,7042ab84-d4bc-4970-b4fc-50e343438a28,c2,c3,1259,?,x8,
1769494952.483959,RECEIVED,6ec3ef51-3750-4fe5-b75e-69d56abba9b3,97e2f921-1095-4f8a-b2c6-96a80bcacd21,c3,c5,1789,e10,?,
1769494952.5366642,SENT,2e690432-4f31-48db-9b4e-7920d092a9e8,0f490361-602e-44de-94c3-d72c053c054c,c3,c5,1276,?,x11,
1769494952.5367074,FORWARDED,2e690432-4f31-48db-9b4e-7920d092a9e8,0f490361-602e-44de-94c3-d72c053c054c,c3,c5,1276,?,x11,
1769494952.590546,SENT,6ec3ef51-3750-4fe5-b75e-69d56abba9b3,97e2f921-1095-4f8a-b2c6-96a80bcacd21,c3,c5,1268,?,x11,
1769494952.590591,FORWARDED,6ec3ef51-3750-4fe5-b75e-69d56abba9b3,97e2f921-1095-4f8a-b2c6-96a80bcacd21,c3,c5,1268,?,x11,
1769494952.7358184,RECEIVED,8b531330-8752-40ee-b324-3738eb8dc351,f07041e2-85c2-4c6e-854a-478546bdded9,c4,DROP,1008,e1,?,
1769494952.781254,RECEIVED,9285df24-0549-457b-b344-d7d1446272cc,2ad2cb45-1d99-49a2-bec5-0da77b7fb248,c5,DROP,1012,e9,?,
1769494952.8468995,RECEIVED,29698a41-a1a3-4741-9647-b672634a7530,e3197c12-0df1-44ab-a391-a04224818a9b,c4,c5,1784,e5,?,
1769494952.9491074,SENT,29698a41-a1a3-4741-9647-b672634a7530,e3197c12-0df1-44ab-a391-a04224818a9b,c4,c5,1264,?,x4,
1769494952.9491506,FORWARDED,29698a41-a1a3-4741-9647-b672634a7530,e3197c12-0df1-44ab-a391-a04224818a9b,c4,c5,1264,?,x4,
1769494953.1733003,SENT,9285df24-0549-457b-b344-d7d1446272cc,2ad2cb45-1d99-49a2-bec5-0da77b7fb248,c5,DROP,686,?,x2,
1769494953.173342,FORWARDED,9285df24-0549-457b-b344-d7d1446272cc,2ad2cb45-1d99-49a2-bec5-0da77b7fb248,c5,DROP,686,?,x2,
1769494953.373281,RECEIVED,c9ff6a21-9d4f-4dd1-ac76-45323ef0df04,e13d1324-4725-42bd-9b01-f1fb3cc0266d,c1,DROP,445,x3,?,
1769494953.6202085,SENT,8b531330-8752-40ee-b324-3738eb8dc351,f07041e2-85c2-4c6e-854a-478546bdded9,c4,DROP,684,?,x10,
1769494953.6202497,FORWARDED,8b531330-8752-40ee-b324-3738eb8dc351,f07041e2-85c2-4c6e-854a-478546bdded9,c4,DROP,684,?,x10,
1769494953.7156205,RECEIVED,839ae7c8-36c6-4cf1-af82-46ec0d0ff4ef,dcd2c723-7fe4-403e-adcb-36b05ff7cc19,c1,DROP,1019,e3,?,
1769494953.7270622,RECEIVED,449ca92c-1413-465c-96b3-64b38a7a9579,977e1e12-63e8-4089-bde8-a52aa211a8cf,c2,DROP,1023,e11,?,
1769494953.847229,SENT,839ae7c8-36c6-4cf1-af82-46ec0d0ff4ef,dcd2c723-7fe4-403e-adcb-36b05ff7cc19,c1,DROP,692,?,x4,
1769494953.847271,FORWARDED,839ae7c8-36c6-4cf1-af82-46ec0d0ff4ef,dcd2c723-7fe4-403e-adcb-36b05ff7cc19,c1,DROP,692,?,x4,
1769494954.287628,RECEIVED,0d00c7d8-63a2-418c-a6dd-6412bb7b8daa,e33a6d03-b994-4bbe-9d81-ed2f6107daa4,c1,DROP,1007,e2,?,
1769494954.3338912,RECEIVED,9cc3a617-af3b-4b60-b280-cf0816b3ede1,7853485a-5e34-49ea-8673-0d5221e8e0ed,c3,DROP,442,x4,?,
1769494954.3395202,RECEIVED,6d260399-71c0-4bde-ad6c-eccbead51cb5,716fa307-e518-41c0-8fd7-c1037376e268,c3,DROP,1012,e2,?,
1769494954.3547935,RECEIVED,9b75ad9f-0a7f-4354-ab95-bff8e8e4ebfa,10773d74-92e4-4a64-b293-110576267cda,c3,DROP,440,x8,?,
1769494954.484545,SENT,0d00c7d8-63a2-418c-a6dd-6412bb7b8daa,e33a6d03-b994-4bbe-9d81-ed2f6107daa4,c1,DROP,684,?,x6,
1769494954.4845874,FORWARDED,0d00c7d8-63a2-418c-a6dd-6412bb7b8daa,e33a6d03-b994-4bbe-9d81-ed2f6107daa4,c1,DROP,684,?,x6,
1769494954.5205898,SENT,6d260399-71c0-4bde-ad6c-eccbead51cb5,716fa307-e518-41c0-8fd7-c1037376e268,c3,DROP,687,?,x3,
1769494954.5206342,FORWARDED,6d260399-71c0-4bde-ad6c-eccbead51cb5,716fa307-e518-41c0-8fd7-c1037376e268,c3,DROP,687,?,x3,
1769494954.657043,RECEIVED,0d60f303-3891-4249-adde-046e409639dc,a6f0d326-6fd4-479d-b34e-2eede83166e3,c5,c2,1781,e7,?,
1769494954.6890671,SENT,0d60f303-3891-4249-adde-046e409639dc,a6f0d326-6fd4-479d-b34e-2eede83166e3,c5,c2,1263,?,x9,
1769494954.6891103,FORWARDED,0d60f303-3891-4249-adde-046e409639dc,a6f0d326-6fd4-479d-b34e-2eede83166e3,c5,c2,1263,?,x9,
1769494954.8518424,RECEIVED,574024c1-651f-48bd-a95e-aa81e01e1620,a8026eea-2a02-41a3-b49e-4038783c39f3,c1,c5,1775,e4,?,
1769494954.8934445,RECEIVED,16638266-251c-40f2-8c85-838023229056,310afc46-b282-4505-bec8-8a399a5d87bc,c4,DROP,441,x10,?,
1769494954.9200196,RECEIVED,af0feee5-fa0e-4c41-acc1-8a588f8f0896,3c0d3272-104c-44ff-aea5-7347d1e3ddc5,c5,DROP,1009,e9,?,
1769494954.9370346,RECEIVED,4a21265b-23be-4026-a03b-e1c7855324f0,6d3a7323-7f4f-41ea-b866-5f1bd9456935,c3,DROP,1011,e1,?,
1769494954.9660373,RECEIVED,913b43c7-b8f5-4507-99a1-0cc128154fbd,6cc900c5-ccbd-4e19-aaff-9a931927c4bb,c2,DROP,441,x2,?,
1769494955.0187092,SENT,af0feee5-fa0e-4c41-acc1-8a588f8f0896,3c0d3272-104c-44ff-aea5-7347d1e3ddc5,c5,DROP,683,?,x11,
1769494955.018752,FORWARDED,af0feee5-fa0e-4c41-acc1-8a588f8f0896,3c0d3272-104c-44ff-aea5-7347d1e3ddc5,c5,DROP,683,?,x11,
1769494955.0496998,RECEIVED,68f96710-6c8c-48d8-a915-d8716421508e,7aaacd3d-339e-48d2-aae5-ffebe57a6c6e,c4,DROP,445,x6,?,
1769494955.1841457,SENT,574024c1-651f-48bd-a95e-aa81e01e1620,a8026eea-2a02-41a3-b49e-4038783c39f3,c1,c5,1259,?,x4,
1769494955.18419,FORWARDED,574024c1-651f-48bd-a95e-aa81e01e1620,a8026eea-2a02-41a3-b49e-4038783c39f3,c1,c5,1259,?,x4,
1769494955.4467542,SENT,4a21265b-23be-4026-a03b-e1c7855324f0,6d3a7323-7f4f-41ea-b866-5f1bd9456935,c3,DROP,685,?,x2,
1769494955.4467978,FORWARDED,4a21265b-23be-4026-a03b-e1c7855324f0,6d3a7323-7f4f-41ea-b866-5f1bd9456935,c3,DROP,685,?,x2,
1769494955.4595213,SENT,449ca92c-1413-465c-96b3-64b38a7a9579,977e1e12-63e8-4089-bde8-a52aa211a8cf,c2,DROP,694,?,x4,
1769494955.4595644,FORWARDED,449ca92c-1413-465c-96b3-64b38a7a9579,977e1e12-63e8-4089-bde8-a52aa211a8cf,c2,DROP,694,?,x4,
1769494955.5586467,RECEIVED,2dda8a50-5892-4d32-8c86-34d2dd5d5e81,507d5c99-cabf-4cf6-b204-fd495221711e,c2,DROP,1017,e8,?,
1769494955.640227,RECEIVED,c55d4af7-b8d3-4647-9f26-7966909e0f5a,9bba49f0-e393-46b5-9bc9-eb76bf5127ca,c5,DROP,1020,e11,?,
1769494955.673375,SENT,2dda8a50-5892-4d32-8c86-34d2dd5d5e81,507d5c99-cabf-4cf6-b204-fd495221711e,c2,DROP,688,?,x11,
1769494955.6734169,FORWARDED,2dda8a50-5892-4d32-8c86-34d2dd5d5e81,507d5c99-cabf-4cf6-b204-fd495221711e,c2,DROP,688,?,x11,
1769494955.7134526,RECEIVED,c3d990c7-73e8-47dc-a93b-ba7d508b0e7a,f1102ac7-73e1-4014-995d-c875ef8e962c,c1,DROP,1016,e6,?,
1769494955.9060779,RECEIVED,39d77abf-838d-43d3-bbba-6a5397441541,987aa1f8-dd20-4720-b9ec-cd80df7f459c,c4,DROP,1007,e4,?,
1769494955.9190373,SENT,c3d990c7-73e8-47dc-a93b-ba7d508b0e7a,f1102ac7-73e1-4014-995d-c875ef8e962c,c1,DROP,688,?,x9,
1769494955.9190905,FORWARDED,c3d990c7-73e8-47dc-a93b-ba7d508b0e7a,f1102ac7-73e1-4014-995d-c875ef8e962c,c1,DROP,688,?,x9,
1769494956.1108458,SENT,c55d4af7-b8d3-4647-9f26-7966909e0f5a,9bba49f0-e393-46b5-9bc9-eb76bf5127ca,c5,DROP,691,?,x1,
1769494956.110889,FORWARDED,c55d4af7-b8d3-4647-9f26-7966909e0f5a,9bba49f0-e393-46b5-9bc9-eb76bf5127ca,c5,DROP,691,?,x1,
1769494956.192612,RECEIVED,33305d8e-3a47-4f2c-81ff-f1ed85e5a4eb,54dd734c-0a37-4688-b9f6-de35a26d8779,c1,DROP,1009,e1,?,
1769494956.4046,SENT,33305d8e-3a47-4f2c-81ff-f1ed85e5a4eb,54dd734c-0a37-4688-b9f6-de35a26d8779,c1,DROP,682,?,x11,
1769494956.4046428,FORWARDED,33305d8e-3a47-4f2c-81ff-f1ed85e5a4eb,54dd734c-0a37-4688-b9f6-de35a26d8779,c1,DROP,682,?,x11,
1769494956.5059423,RECEIVED,a6cd230a-d060-4a72-bf5f-d6f9bacbeab0,216b67da-f60c-4cc4-b104-f1000fec24e5,c2,DROP,1017,e9,?,
1769494956.546779,RECEIVED,1729c8fb-2273-42d0-89ee-577a4cf245d0,3e7ffa18-eac5-480c-956d-e0767774957a,c5,DROP,1018,e5,?,
1769494956.6075954,SENT,a6cd230a-d060-4a72-bf5f-d6f9bacbeab0,216b67da-f60c-4cc4-b104-f1000fec24e5,c2,DROP,690,?,x10,
1769494956.6076345,FORWARDED,a6cd230a-d060-4a72-bf5f-d6f9bacbeab0,216b67da-f60c-4cc4-b104-f1000fec24e5,c2,DROP,690,?,x10,
1769494956.6351252,RECEIVED,6c1c6ef3-9503-4c11-95a3-a5399aaa388b,d303d19d-2824-49fd-96fc-5c095342a2d1,c1,c5,1775,e7,?,
1769494956.6722925,SENT,39d77abf-838d-43d3-bbba-6a5397441541,987aa1f8-dd20-4720-b9ec-cd80df7f459c,c4,DROP,683,?,x1,
1769494956.6723337,FORWARDED,39d77abf-838d-43d3-bbba-6a5397441541,987aa1f8-dd20-4720-b9ec-cd80df7f459c,c4,DROP,683,?,x1,
1769494956.7200043,RECEIVED,450bf462-dd6f-4e9b-a5de-4f80e35cb7a1,ac846ac9-eac3-44d3-9825-210c53171edd,c2,DROP,445,x10,?,
1769494956.7357724,RECEIVED,c0498249-2bd2-4e90-8c1c-9316f505e81d,f354fb80-1054-4c77-a954-599ebd296851,c5,c2,1772,e8,?,
1769494956.7757916,RECEIVED,40da83ec-8382-4a64-b96d-137f87895866,9f0bb107-d2af-4182-8f94-dc7ebd94d15c,c4,DROP,441,x1,?,
1769494956.8997502,RECEIVED,518ad8f3-f81e-4a4e-a0ac-893830705525,dbe7fa5c-340a-4541-83dd-00569b5fa764,c5,DROP,1012,e9,?,
1769494957.00935,SENT,1729c8fb-2273-42d0-89ee-577a4cf245d0,3e7ffa18-eac5-480c-956d-e0767774957a,c5,DROP,693,?,x1,
1769494957.0093927,FORWARDED,1729c8fb-2273-42d0-89ee-577a4cf245d0,3e7ffa18-eac5-480c-956d-e0767774957a,c5,DROP,693,?,x1,
1769494957.0444121,RECEIVED,637b9f72-571b-4b7e-92f3-c6a80f648085,93fadf10-372a-4be7-8b83-603f13c5670f,c3,DROP,1021,e6,?,
1769494957.0503519,SENT,c0498249-2bd2-4e90-8c1c-9316f505e81d,f354fb80-1054-4c77-a954-599ebd296851,c5,c2,1255,?,x8,
1769494957.0503936,FORWARDED,c0498249-2bd2-4e90-8c1c-9316f505e81d,f354fb80-1054-4c77-a954-599ebd296851,c5,c2,1255,?,x8,
1769494957.0556993,SENT,6c1c6ef3-9503-4c11-95a3-a5399aaa388b,d303d19d-2824-49fd-96fc-5c095342a2d1,c1,c5,1260,?,x3,
1769494957.0557382,FORWARDED,6c1c6ef3-9503-4c11-95a3-a5399aaa388b,d303d19d-2824-49fd-96fc-5c095342a2d1,c1,c5,1260,?,x3,
1769494957.0582118,RECEIVED,fae4fd10-d3f2-4e70-8a56-f43b1fd17b21,dc5ecb89-6138-4f6d-9e0f-16df49aa05a7,c1,DROP,1008,e9,?,
1769494957.1591153,SENT,fae4fd10-d3f2-4e70-8a56-f43b1fd17b21,dc5ecb89-6138-4f6d-9e0f-16df49aa05a7,c1,DROP,683,?,x3,
1769494957.159158,FORWARDED,fae4fd10-d3f2-4e70-8a56-f43b1fd17b21,dc5ecb89-6138-4f6d-9e0f-16df49aa05a7,c1,DROP,683,?,x3,
1769494957.2183588,RECEIVED,71fc4f6a-0d77-4c88-8367-9dd404b1645b,bdcc5e5c-f2e3-4690-8b9d-4c731212e20f,c5,c2,1767,e8,?,
1769494957.2214947,SENT,518ad8f3-f81e-4a4e-a0ac-893830705525,dbe7fa5c-340a-4541-83dd-00569b5fa764,c5,DROP,685,?,x7,
1769494957.2215934,FORWARDED,518ad8f3-f81e-4a4e-a0ac-893830705525,dbe7fa5c-340a-4541-83dd-00569b5fa764,c5,DROP,685,?,x7,
1769494957.2248297,RECEIVED,5a34c894-0cd7-47a4-b606-b45dbd1b0481,da89fa4b-ac83-4f73-99b9-b93e7b745a17,c1,DROP,445,x6,?,
1769494957.2801833,RECEIVED,4cb6c7d1-9c93-4dad-9e7e-f97da12bed0c,5391159d-c0b0-4f01-8fc0-d54d0b238f90,c4,DROP,1020,e10,?,
1769494957.3507862,SENT,637b9f72-571b-4b7e-92f3-c6a80f648085,93fadf10-372a-4be7-8b83-603f13c5670f,c3,DROP,692,?,x11,
1769494957.3508263,FORWARDED,637b9f72-571b-4b7e-92f3-c6a80f648085,93fadf10-372a-4be7-8b83-603f13c5670f,c3,DROP,692,?,x11,
1769494957.4039638,RECEIVED,468d3545-5b8c-4abe-b9fd-2ec1a328f4d2,d190c66d-f724-4b68-b7fb-77db6183baa9,c3,DROP,1007,e6,?,
1769494957.4323559,SENT,71fc4f6a-0d77-4c88-8367-9dd404b1645b,bdcc5e5c-f2e3-4690-8b9d-4c731212e20f,c5,c2,1252,?,x9,
1769494957.4323986,FORWARDED,71fc4f6a-0d77-4c88-8367-9dd404b1645b,bdcc5e5c-f2e3-4690-8b9d-4c731212e20f,c5,c2,1252,?,x9,
1769494957.4452882,RECEIVED,6da783cd-14db-4771-8848-984bdfe86147,b14fabbd-504a-4cc8-8e84-a7640d651b62,c5,DROP,1019,e11,?,
1769494957.5085552,SENT,4cb6c7d1-9c93-4dad-9e7e-f97da12bed0c,5391159d-c0b0-4f01-8fc0-d54d0b238f90,c4,DROP,692,?,x5,
1769494957.5085928,FORWARDED,4cb6c7d1-9c93-4dad-9e7e-f97da12bed0c,5391159d-c0b0-4f01-8fc0-d54d0b238f90,c4,DROP,692,?,x5,
1769494957.7156878,RECEIVED,5477e93b-7400-403d-b96b-e677aaa599fd,a0116bd4-0a10-4ace-bede-eba882c4b233,c2,DROP,1007,e5,?,
1769494957.8923914,SENT,468d3545-5b8c-4abe-b9fd-2ec1a328f4d2,d190c66d-f724-4b68-b7fb-77db6183baa9,c3,DROP,682,?,x1,
1769494957.8924284,FORWARDED,468d3545-5b8c-4abe-b9fd-2ec1a328f4d2,d190c66d-f724-4b68-b7fb-77db6183baa9,c3,DROP,682,?,x1,
1769494957.9213378,RECEIVED,91b5f7e2-59c6-4236-a9c8-7a7fbeb365bb,769281c9-f231-4f2f-a5ba-0fe01fa1ed94,c2,DROP,441,x8,?,
1769494957.9917848,RECEIVED,ba10aa1e-f141-4b02-9fa4-be1e5dc7db43,8ead4b43-7e58-4a74-94b9-ae5919c7b521,c1,DROP,1020,e3,?,
1769494958.1594946,SENT,6da783cd-14db-4771-8848-984bdfe86147,b14fabbd-504a-4cc8-8e84-a7640d651b62,c5,DROP,691,?,x3,
1769494958.1595354,FORWARDED,6da783cd-14db-4771-8848-984bdfe86147,b14fabbd-504a-4cc8-8e84-a7640d651b62,c5,DROP,691,?,x3,
1769494958.2038765,RECEIVED,faabc07d-9c7c-4306-9090-d8e270601ded,d8c33aec-5158-4dcb-bb46-9288570a8484,c2,DROP,1020,e6,?,
1769494958.476553,SENT,5477e93b-7400-403d-b96b-e677aaa599fd,a0116bd4-0a10-4ace-bede-eba882c4b233,c2,DROP,683,?,x2,
1769494958.4765928,FORWARDED,5477e93b-7400-403d-b96b-e677aaa599fd,a0116bd4-0a10-4ace-bede-eba882c4b233,c2,DROP,683,?,x2,
1769494958.6694508,SENT,ba10aa1e-f141-4b02-9fa4-be1e5dc7db43,8ead4b43-7e58-4a74-94b9-ae5919c7b521,c1,DROP,691,?,x10,
1769494958.6694896,FORWARDED,ba10aa1e-f141-4b02-9fa4-be1e5dc7db43,8ead4b43-7e58-4a74-94b9-ae5919c7b521,c1,DROP,691,?,x10,
1769494958.7547784,RECEIVED,e6b5fef0-fa68-4d0b-8102-a0174448671e,f7c96016-a754-46fd-bf5b-40e5ae7334de,c3,DROP,1011,e7,?,
1769494958.758917,RECEIVED,9cd07448-d702-417e-9b11-3085e08e4c24,e0b0f81e-5917-4838-a8dd-be82e93a6622,c1,c5,1780,e11,?,
1769494958.7818637,RECEIVED,ce053ce7-3af8-4a34-bacb-f20207b67271,970610c0-119d-4885-81a7-1358eb08ceb2,c5,DROP,1021,e9,?,
1769494958.8252802,RECEIVED,128a97cb-c317-4439-b044-6737b4b1fa34,783b7306-8f4e-4bd6-81e1-d18ea8056eca,c3,DROP,1020,e8,?,
1769494958.8658383,RECEIVED,a736fb85-f5e0-4366-b15b-a7899784ccd9,f2f1e081-81a5-4f86-a058-fe09210de6b7,c3,DROP,441,x1,?,
1769494958.86667,SENT,faabc07d-9c7c-4306-9090-d8e270601ded,d8c33aec-5158-4dcb-bb46-9288570a8484,c2,DROP,692,?,x12,
1769494958.86671,FORWARDED,faabc07d-9c7c-4306-9090-d8e270601ded,d8c33aec-5158-4dcb-bb46-9288570a8484,c2,DROP,692,?,x12,
1769494958.8807194,SENT,ce053ce7-3af8-4a34-bacb-f20207b67271,970610c0-119d-4885-81a7-1358eb08ceb2,c5,DROP,691,?,x12,
1769494958.8807633,FORWARDED,ce053ce7-3af8-4a34-bacb-f20207b67271,970610c0-119d-4885-81a7-1358eb08ceb2,c5,DROP,691,?,x12,
1769494958.9319048,SENT,128a97cb-c317-4439-b044-6737b4b1fa34,783b7306-8f4e-4bd6-81e1-d18ea8056eca,c3,DROP,692,?,x8,
1769494958.9319463,FORWARDED,128a97cb-c317-4439-b044-6737b4b1fa34,783b7306-8f4e-4bd6-81e1-d18ea8056eca,c3,DROP,692,?,x8,
1769494959.0479562,RECEIVED,b907d943-a2cd-447c-99e2-1f73399e95a5,70da6098-d0fc-4e75-b4c8-9b183f05d7d9,c2,DROP,1010,e8,?,
1769494959.0796316,SENT,b907d943-a2cd-447c-99e2-1f73399e95a5,70da6098-d0fc-4e75-b4c8-9b183f05d7d9,c2,DROP,683,?,x3,
1769494959.079673,FORWARDED,b907d943-a2cd-447c-99e2-1f73399e95a5,70da6098-d0fc-4e75-b4c8-9b183f05d7d9,c2,DROP,683,?,x3,
1769494959.0815375,SENT,9cd07448-d702-417e-9b11-3085e08e4c24,e0b0f81e-5917-4838-a8dd-be82e93a6622,c1,c5,1263,?,x2,
1769494959.081581,FORWARDED,9cd07448-d702-417e-9b11-3085e08e4c24,e0b0f81e-5917-4838-a8dd-be82e93a6622,c1,c5,1263,?,x2,
1769494959.1582026,RECEIVED,6d017e81-026d-4866-a4e6-3a8b02167682,5cb1f154-915f-4b02-a101-036ab410d600,c3,DROP,441,x9,?,
1769494959.36048,RECEIVED,be089f4e-58dd-4327-abe3-f044ae3cfb0a,a00e5442-d806-4092-b99d-350cb2ef7fc9,c5,DROP,1008,e2,?,
1769494959.4514368,SENT,e6b5fef0-fa68-4d0b-8102-a0174448671e,f7c96016-a754-46fd-bf5b-40e5ae7334de,c3,DROP,687,?,x6,
1769494959.4514887,FORWARDED,e6b5fef0-fa68-4d0b-8102-a0174448671e,f7c96016-a754-46fd-bf5b-40e5ae7334de,c3,DROP,687,?,x6,
1769494959.6971498,RECEIVED,5936247b-84f4-4ae2-af25-814e083afd17,77d11758-a6a8-437b-9cdf-3a244ce61873,c5,DROP,1012,e9,?,
1769494959.8071146,RECEIVED,677cdc8c-9b8c-47ef-bdde-813ef16b04e6,b7e6ab71-6c66-4fd0-ae53-f7ad5f9f3949,c3,DROP,1020,e1,?,
1769494959.884935,SENT,5936247b-84f4-4ae2-af25-814e083afd17,77d11758-a6a8-437b-9cdf-3a244ce61873,c5,DROP,685,?,x5,
1769494959.884979,FORWARDED,5936247b-84f4-4ae2-af25-814e083afd17,77d11758-a6a8-437b-9cdf-3a244ce61873,c5,DROP,685,?,x5,
1769494959.9018235,RECEIVED,45a937ee-ca5e-436b-a9a4-1fdf741614b1,d9e3d4dc-6afa-4ba8-9b04-513c180d9fb4,c1,c5,1776,e2,?,
1769494959.9197648,SENT,677cdc8c-9b8c-47ef-bdde-813ef16b04e6,b7e6ab71-6c66-4fd0-ae53-f7ad5f9f3949,c3,DROP,691,?,x7,
1769494959.9198058,FORWARDED,677cdc8c-9b8c-47ef-bdde-813ef16b04e6,b7e6ab71-6c66-4fd0-ae53-f7ad5f9f3949,c3,DROP,691,?,x7,
1769494959.940739,SENT,45a937ee-ca5e-436b-a9a4-1fdf741614b1,d9e3d4dc-6afa-4ba8-9b04-513c180d9fb4,c1,c5,1260,?,x8,
1769494959.9407818,FORWARDED,45a937ee-ca5e-436b-a9a4-1fdf741614b1,d9e3d4dc-6afa-4ba8-9b04-513c180d9fb4,c1,c5,1260,?,x8,
1769494959.9825077,SENT,be089f4e-58dd-4327-abe3-f044ae3cfb0a,a00e5442-d806-4092-b99d-350cb2ef7fc9,c5,DROP,683,?,x12,
1769494959.9825506,FORWARDED,be089f4e-58dd-4327-abe3-f044ae3cfb0a,a00e5442-d806-4092-b99d-350cb2ef7fc9,c5,DROP,683,?,x12,
1769494960.1713226,RECEIVED,5281c48b-5661-49e9-9a06-915f656f8359,9ff1f84b-f2e8-4208-873e-25fc12ee6d81,c1,c5,1772,e8,?,
1769494960.3978198,RECEIVED,06b327c2-f0f4-44dd-873a-b341ccbe3d2b,d487487d-8b82-4152-93dd-50eb9d995ce8,c1,c5,1771,e4,?,
1769494960.4813938,RECEIVED,7da5fb14-aa11-4aac-9898-82ec14e3ecc0,1f545b74-5151-4722-b01a-e443c658de7c,c4,DROP,447,x12,?,
1769494960.5218396,RECEIVED,5a30f688-8262-466f-a5fc-afeb985d163a,6802789d-5b21-4e43-863b-6940a2a62682,c4,DROP,444,x12,?,
1769494960.5476367,RECEIVED,d79effe5-d059-47d6-917e-8fc2c5d01ee0,7a976b44-2e20-4bbb-85d5-03a8ba594b91,c1,DROP,441,x8,?,
1769494960.5617151,SENT,5281c48b-5661-49e9-9a06-915f656f8359,9ff1f84b-f2e8-4208-873e-25fc12ee6d81,c1,c5,1255,?,x5,
1769494960.561756,FORWARDED,5281c48b-5661-49e9-9a06-915f656f8359,9ff1f84b-f2e8-4208-873e-25fc12ee6d81,c1,c5,1255,?,x5,
1769494960.6884637,SENT,06b327c2-f0f4-44dd-873a-b341ccbe3d2b,d487487d-8b82-4152-93dd-50eb9d995ce8,c1,c5,1256,?,x5,
1769494960.6885037,FORWARDED,06b327c2-f0f4-44dd-873a-b341ccbe3d2b,d487487d-8b82-4152-93dd-50eb9d995ce8,c1,c5,1256,?,x5,
1769494961.0565996,RECEIVED,3a6be9cb-275f-4624-9bcc-04cda864b662,50938893-8fbd-4976-9085-039f750cdc71,c5,DROP,1020,e11,?,
1769494961.0877316,RECEIVED,e50ae938-13e6-43e6-9bd0-28f2c0f8c163,62b4d672-e270-42d2-9ee0-0bbfa2cc9722,c2,DROP,1020,e8,?,
1769494961.1260304,SENT,e50ae938-13e6-43e6-9bd0-28f2c0f8c163,62b4d672-e270-42d2-9ee0-0bbfa2cc9722,c2,DROP,692,?,x11,
1769494961.1260934,FORWARDED,e50ae938-13e6-43e6-9bd0-28f2c0f8c163,62b4d672-e270-42d2-9ee0-0bbfa2cc9722,c2,DROP,692,?,x11,
1769494961.1435196,RECEIVED,765a4d9a-b5ca-45ae-9398-54b2f8397a92,03a2d1f7-ce42-4014-857d-6c56bc3d5ac9,c3,DROP,1021,e10,?,
1769494961.2353897,RECEIVED,83ff5136-7629-4c86-9a09-575af72f3191,c0529668-266f-45dc-91a4-ee46210deec9,c5,DROP,1011,e11,?,
1769494961.353067,SENT,3a6be9cb-275f-4624-9bcc-04cda864b662,50938893-8fbd-4976-9085-039f750cdc71,c5,DROP,692,?,x10,
1769494961.35311,FORWARDED,3a6be9cb-275f-4624-9bcc-04cda864b662,50938893-8fbd-4976-9085-039f750cdc71,c5,DROP,692,?,x10,
1769494961.4460993,SENT,765a4d9a-b5ca-45ae-9398-54b2f8397a92,03a2d1f7-ce42-4014-857d-6c56bc3d5ac9,c3,DROP,691,?,x11,
1769494961.446139,FORWARDED,765a4d9a-b5ca-45ae-9398-54b2f8397a92,03a2d1f7-ce42-4014-857d-6c56bc3d5ac9,c3,DROP,691,?,x11,
1769494961.4950092,RECEIVED,cd28d5bf-cf12-4730-9dda-0b3c9bf5842c,ba3f9e52-9016-49a7-860c-a95b81ec04a1,c2,DROP,441,x7,?,
1769494961.5587633,RECEIVED,16f88677-e982-4da5-9495-d14f75eaf626,6031b6fb-7f32-4dff-85b6-94d8a5c98bb2,c2,DROP,441,x6,?,
1769494961.5651693,RECEIVED,421df0f8-7adc-4e8c-9537-a8da4ab7eb8d,ed49d6d1-858c-4c19-af67-6b52ee2b6525,c1,DROP,1019,e3,?,
1769494961.652197,SENT,421df0f8-7adc-4e8c-9537-a8da4ab7eb8d,ed49d6d1-858c-4c19-af67-6b52ee2b6525,c1,DROP,693,?,x7,
1769494961.6522985,FORWARDED,421df0f8-7adc-4e8c-9537-a8da4ab7eb8d,ed49d6d1-858c-4c19-af67-6b52ee2b6525,c1,DROP,693,?,x7,
1769494961.7683418,RECEIVED,a1f4bbb7-aa95-433f-a029-799ee5bc0f4f,6dc3b45f-6e3b-4798-a56e-0a7c0254534a,c4,c5,1775,e6,?,
1769494961.876147,RECEIVED,bc4e18f6-5382-472a-bf1d-b179b0ceb583,78ed1934-186b-41ff-ad93-392da4861c39,c3,DROP,1011,e6,?,
1769494962.079944,RECEIVED,a97f42ce-57c2-4626-ae26-8c153c6c06c6,b6b1b20a-fd1a-455e-8574-8ecd80c1c79a,c4,c5,1781,e8,?,
1769494962.2176514,RECEIVED,0700abeb-eca0-40f4-bebc-96c9dea96147,02f5d99e-4654-43f6-a98f-52a7847db2b4,c1,c5,1780,e11,?,
1769494962.3134274,SENT,a1f4bbb7-aa95-433f-a029-799ee5bc0f4f,6dc3b45f-6e3b-4798-a56e-0a7c0254534a,c4,c5,1259,?,x1,
1769494962.3134677,FORWARDED,a1f4bbb7-aa95-433f-a029-799ee5bc0f4f,6dc3b45f-6e3b-4798-a56e-0a7c0254534a,c4,c5,1259,?,x1,
1769494962.330786,RECEIVED,0331a7b9-dc71-49d4-9766-e9c33c2a5718,3c583c12-a8dd-4678-9939-8521b1388c19,c2,DROP,1008,e2,?,
1769494962.3714123,SENT,83ff5136-7629-4c86-9a09-575af72f3191,c0529668-266f-45dc-91a4-ee46210deec9,c5,DROP,686,?,x2,
1769494962.3714542,FORWARDED,83ff5136-7629-4c86-9a09-575af72f3191,c0529668-266f-45dc-91a4-ee46210deec9,c5,DROP,686,?,x2,
1769494962.4552999,SENT,0700abeb-eca0-40f4-bebc-96c9dea96147,02f5d99e-4654-43f6-a98f-52a7847db2b4,c1,c5,1263,?,x11,
1769494962.4553418,FORWARDED,0700abeb-eca0-40f4-bebc-96c9dea96147,02f5d99e-4654-43f6-a98f-52a7847db2b4,c1,c5,1263,?,x11,
1769494962.5014796,SENT,a97f42ce-57c2-4626-ae26-8c153c6c06c6,b6b1b20a-fd1a-455e-8574-8ecd80c1c79a,c4,c5,1263,?,x12,
1769494962.5015218,FORWARDED,a97f42ce-57c2-4626-ae26-8c153c6c06c6,b6b1b20a-fd1a-455e-8574-8ecd80c1c79a,c4,c5,1263,?,x12,
1769494962.552215,SENT,0331a7b9-dc71-49d4-9766-e9c33c2a5718,3c583c12-a8dd-4678-9939-8521b1388c19,c2,DROP,684,?,x8,
1769494962.552255,FORWARDED,0331a7b9-dc71-49d4-9766-e9c33c2a5718,3c583c12-a8dd-4678-9939-8521b1388c19,c2,DROP,684,?,x8,
1769494962.8026826,SENT,bc4e18f6-5382-472a-bf1d-b179b0ceb583,78ed1934-186b-41ff-ad93-392da4861c39,c3,DROP,686,?,x9,
1769494962.8027234,FORWARDED,bc4e18f6-5382-472a-bf1d-b179b0ceb583,78ed1934-186b-41ff-ad93-392da4861c39,c3,DROP,686,?,x9,
1769494963.3060603,RECEIVED,44221019-4b1c-4912-891c-5d5b064e977e,65bec5c7-4163-47c9-9c7d-caa78d0cb6b9,c1,DROP,1008,e5,?,
1769494963.3943992,RECEIVED,b75b1db9-8616-4553-96c2-640e66dab127,0f268100-6054-4451-9c4f-db9a63c3fdb5,c5,DROP,1012,e1,?,
1769494963.5252206,SENT,44221019-4b1c-4912-891c-5d5b064e977e,65bec5c7-4163-47c9-9c7d-caa78d0cb6b9,c1,DROP,683,?,x1,
1769494963.525264,FORWARDED,44221019-4b1c-4912-891c-5d5b064e977e,65bec5c7-4163-47c9-9c7d-caa78d0cb6b9,c1,DROP,683,?,x1,
1769494963.6691582,RECEIVED,5a3c39ae-64d7-4087-bec0-2067d2d296f4,d81b50d9-cdb2-47fe-988c-7dbf8df00736,c5,DROP,1021,e7,?,
1769494963.7024696,RECEIVED,13d59c18-5e45-4a4c-bd04-ef16644c50bb,940e1701-daac-4d2b-95d1-5fd396882661,c1,DROP,1011,e1,?,
1769494963.8592482,SENT,13d59c18-5e45-4a4c-bd04-ef16644c50bb,940e1701-daac-4d2b-95d1-5fd396882661,c1,DROP,686,?,x3,
1769494963.8592927,FORWARDED,13d59c18-5e45-4a4c-bd04-ef16644c50bb,940e1701-daac-4d2b-95d1-5fd396882661,c1,DROP,686,?,x3,
1769494963.8821645,RECEIVED,a17449b3-4726-41dd-b6a5-abdec2602274,c43b5d78-f65d-4b87-8c46-ccde73878371,c4,DROP,1019,e11,?,
1769494963.962026,SENT,a17449b3-4726-41dd-b6a5-abdec2602274,c43b5d78-f65d-4b87-8c46-ccde73878371,c4,DROP,693,?,x8,
1769494963.9620805,FORWARDED,a17449b3-4726-41dd-b6a5-abdec2602274,c43b5d78-f65d-4b87-8c46-ccde73878371,c4,DROP,693,?,x8,
1769494964.042784,RECEIVED,60d266a7-503f-4924-bb77-de19e9747f9b,1180be93-3530-459b-b260-50520b83db4e,c5,DROP,1019,e1,?,
1769494964.1293616,SENT,5a3c39ae-64d7-4087-bec0-2067d2d296f4,d81b50d9-cdb2-47fe-988c-7dbf8df00736,c5,DROP,693,?,x10,
1769494964.1294034,FORWARDED,5a3c39ae-64d7-4087-bec0-2067d2d296f4,d81b50d9-cdb2-47fe-988c-7dbf8df00736,c5,DROP,693,?,x10,
1769494964.2366788,RECEIVED,bfefbda4-1259-4c13-ae4a-a8d62ba15cb5,3cb5811f-37c2-4215-bd33-b027e50cfbf7,c4,DROP,1007,e3,?,
1769494964.2786252,RECEIVED,b5b9bf4e-ebfd-4bc5-8807-3e7583a050db,54ef0dec-8dd9-471c-9042-e5b444a42024,c2,DROP,1012,e9,?,
1769494964.3104486,RECEIVED,f1c0092a-af4b-43be-acca-a28d16c3bf28,ef1562dd-bc8b-408e-827b-3f0d2a63d1fe,c3,c5,1788,e6,?,
1769494964.5951874,RECEIVED,9bf9d964-79ea-4df0-86ad-7d99054f2086,1bca8392-d59b-4e45-a501-27828466dccf,c2,c3,1779,e1,?,
1769494964.6114833,RECEIVED,5a74b770-a2ce-4f34-9e5e-745e0e76fa1d,6af021d7-e3cb-466f-89bb-393342a1e635,c5,DROP,1017,e9,?,
1769494964.632834,SENT,60d266a7-503f-4924-bb77-de19e9747f9b,1180be93-3530-459b-b260-50520b83db4e,c5,DROP,693,?,x3,
1769494964.6328783,FORWARDED,60d266a7-503f-4924-bb77-de19e9747f9b,1180be93-3530-459b-b260-50520b83db4e,c5,DROP,693,?,x3,
1769494964.744707,RECEIVED,f9e62bdd-d282-4d42-9346-795716eb4a4c,b3bc8b8c-5cc4-4bdd-bbf7-b60c925d090e,c5,DROP,442,x7,?,
1769494964.8444588,SENT,5a74b770-a2ce-4f34-9e5e-745e0e76fa1d,6af021d7-e3cb-466f-89bb-393342a1e635,c5,DROP,689,?,x11,
1769494964.8445013,FORWARDED,5a74b770-a2ce-4f34-9e5e-745e0e76fa1d,6af021d7-e3cb-466f-89bb-393342a1e635,c5,DROP,689,?,x11,
1769494964.929583,RECEIVED,2898d25f-668a-4d1f-a3f0-91d9d9789ad8,03cb6149-e95c-4bd9-a3f6-8ff7b7da89f3,c2,DROP,1019,e12,?,
1769494964.930446,SENT,f1c0092a-af4b-43be-acca-a28d16c3bf28,ef1562dd-bc8b-408e-827b-3f0d2a63d1fe,c3,c5,1267,?,x10,
1769494964.9304857,FORWARDED,f1c0092a-af4b-43be-acca-a28d16c3bf28,ef1562dd-bc8b-408e-827b-3f0d2a63d1fe,c3,c5,1267,?,x10,
1769494965.0237706,RECEIVED,e560183b-c89f-4684-a5be-68367a3889bb,093c7a80-a3a5-4408-9f52-d0a762600bda,c2,DROP,1019,e6,?,
1769494965.0616457,SENT,bfefbda4-1259-4c13-ae4a-a8d62ba15cb5,3cb5811f-37c2-4215-bd33-b027e50cfbf7,c4,DROP,684,?,x8,
1769494965.0616872,FORWARDED,bfefbda4-1259-4c13-ae4a-a8d62ba15cb5,3cb5811f-37c2-4215-bd33-b027e50cfbf7,c4,DROP,684,?,x8,
1769494965.3082323,RECEIVED,387e202d-8050-48ff-a324-bf46a4410f26,a336247d-c5cc-41e2-945a-231c8a04bee7,c3,DROP,1021,e4,?,
1769494965.338656,RECEIVED,47ea4ebd-bb2f-43c9-ac4d-db354ca6a5ee,3b015b1b-a04c-488a-80a1-4cf24e975fa4,c2,DROP,443,x9,?,
1769494965.3629594,SENT,387e202d-8050-48ff-a324-bf46a4410f26,a336247d-c5cc-41e2-945a-231c8a04bee7,c3,DROP,693,?,x2,
1769494965.362999,FORWARDED,387e202d-8050-48ff-a324-bf46a4410f26,a336247d-c5cc-41e2-945a-231c8a04bee7,c3,DROP,693,?,x2,
1769494965.444893,SENT,9bf9d964-79ea-4df0-86ad-7d99054f2086,1bca8392-d59b-4e45-a501-27828466dccf,c2,c3,1263,?,x10,
1769494965.444932,FORWARDED,9bf9d964-79ea-4df0-86ad-7d99054f2086,1bca8392-d59b-4e45-a501-27828466dccf,c2,c3,1263,?,x10,
1769494965.5074778,SENT,2898d25f-668a-4d1f-a3f0-91d9d9789ad8,03cb6149-e95c-4bd9-a3f6-8ff7b7da89f3,c2,DROP,691,?,x7,
1769494965.507521,FORWARDED,2898d25f-668a-4d1f-a3f0-91d9d9789ad8,03cb6149-e95c-4bd9-a3f6-8ff7b7da89f3,c2,DROP,691,?,x7,
1769494965.579527,SENT,b5b9bf4e-ebfd-4bc5-8807-3e7583a050db,54ef0dec-8dd9-471c-9042-e5b444a42024,c2,DROP,687,?,x12,
1769494965.5795608,FORWARDED,b5b9bf4e-ebfd-4bc5-8807-3e7583a050db,54ef0dec-8dd9-471c-9042-e5b444a42024,c2,DROP,687,?,x12,
1769494965.5977778,SENT,e560183b-c89f-4684-a5be-68367a3889bb,093c7a80-a3a5-4408-9f52-d0a762600bda,c2,DROP,692,?,x1,
1769494965.5978198,FORWARDED,e560183b-c89f-4684-a5be-68367a3889bb,093c7a80-a3a5-4408-9f52-d0a762600bda,c2,DROP,692,?,x1,
1769494965.6211555,RECEIVED,46afae9c-9b5e-46ab-9c4f-4b56dcf5a3a7,4949a750-6e87-44a4-816c-d95a97e751c0,c5,DROP,1013,e9,?,
1769494965.7011425,SENT,46afae9c-9b5e-46ab-9c4f-4b56dcf5a3a7,4949a750-6e87-44a4-816c-d95a97e751c0,c5,DROP,687,?,x6,
1769494965.7011833,FORWARDED,46afae9c-9b5e-46ab-9c4f-4b56dcf5a3a7,4949a750-6e87-44a4-816c-d95a97e751c0,c5,DROP,687,?,x6,
1769494965.702619,RECEIVED,277d3fb4-90e9-4921-b294-d05d8a3967d6,0ed6e8ed-8c2e-4627-82d6-a4595d4095df,c5,DROP,1020,e8,?,
1769494965.7867792,RECEIVED,ce31d79f-a445-49be-a5b9-3b0ad77db6df,9385ff2c-eb5e-415c-adb0-718fabd6f58f,c3,c5,1784,e5,?,
1769494965.806248,SENT,277d3fb4-90e9-4921-b294-d05d8a3967d6,0ed6e8ed-8c2e-4627-82d6-a4595d4095df,c5,DROP,692,?,x9,
1769494965.8062906,FORWARDED,277d3fb4-90e9-4921-b294-d05d8a3967d6,0ed6e8ed-8c2e-4627-82d6-a4595d4095df,c5,DROP,692,?,x9,
1769494965.890157,SENT,ce31d79f-a445-49be-a5b9-3b0ad77db6df,9385ff2c-eb5e-415c-adb0-718fabd6f58f,c3,c5,1264,?,x10,
1769494965.8903368,FORWARDED,ce31d79f-a445-49be-a5b9-3b0ad77db6df,9385ff2c-eb5e-415c-adb0-718fabd6f58f,c3,c5,1264,?,x10,
1769494965.9862325,RECEIVED,628fa1e1-13e5-4a5a-bcfb-0c88cbfcdf73,183c37de-d57f-4c3e-942f-4b1090cdc0c4,c4,DROP,1012,e8,?,
1769494966.0349586,RECEIVED,fc30ac4a-3b46-4c9b-924d-7bf521f85a21,4674ccec-e9e4-4d80-ab33-f7c782bc3c56,c1,DROP,445,x12,?,
1769494966.0447176,SENT,b75b1db9-8616-4553-96c2-640e66dab127,0f268100-6054-4451-9c4f-db9a63c3fdb5,c5,DROP,687,?,x12,
1769494966.0447578,FORWARDED,b75b1db9-8616-4553-96c2-640e66dab127,0f268100-6054-4451-9c4f-db9a63c3fdb5,c5,DROP,687,?,x12,
1769494966.0483696,RECEIVED,ae3e5fd5-f613-4e09-900d-2e5dac51a517,4cf9c3f2-095d-404e-ba46-5157502a8a22,c5,DROP,1008,e3,?,
1769494966.21966,RECEIVED,3d1743ce-3240-4bec-891f-0cdd073ce3ba,df968a7c-5c91-4d7d-b210-19655903e5af,c4,DROP,442,x9,?,
1769494966.3458452,RECEIVED,45dffafb-94d7-4550-9bb6-6d97da00c304,a0430124-390a-4d1c-ac04-5ff7ea3dfffa,c3,c5,1772,e7,?,
1769494966.386537,SENT,ae3e5fd5-f613-4e09-900d-2e5dac51a517,4cf9c3f2-095d-404e-ba46-5157502a8a22,c5,DROP,684,?,x8,
1769494966.3865774,FORWARDED,ae3e5fd5-f613-4e09-900d-2e5dac51a517,4cf9c3f2-095d-404e-ba46-5157502a8a22,c5,DROP,684,?,x8,
1769494966.3972948,RECEIVED,21582937-3aab-448e-94fe-064a0ac63e13,4e4ba519-daf1-40c9-a561-8083c3fda531,c3,DROP,1007,e5,?,
1769494966.456551,SENT,45dffafb-94d7-4550-9bb6-6d97da00c304,a0430124-390a-4d1c-ac04-5ff7ea3dfffa,c3,c5,1256,?,x8,
1769494966.456592,FORWARDED,45dffafb-94d7-4550-9bb6-6d97da00c304,a0430124-390a-4d1c-ac04-5ff7ea3dfffa,c3,c5,1256,?,x8,
1769494966.5688608,RECEIVED,3f94531a-57ac-45fe-8165-97f0191259c1,f5f4c5e2-faff-4ba3-a4e9-733c37ca5301,c2,DROP,1019,e10,?,
1769494966.8175664,SENT,628fa1e1-13e5-4a5a-bcfb-0c88cbfcdf73,183c37de-d57f-4c3e-942f-4b1090cdc0c4,c4,DROP,687,?,x10,
1769494966.8176084,FORWARDED,628fa1e1-13e5-4a5a-bcfb-0c88cbfcdf73,183c37de-d57f-4c3e-942f-4b1090cdc0c4,c4,DROP,687,?,x10,
1769494966.8635166,RECEIVED,b48a749d-0863-4e9c-947b-d1161c23cbe0,1943f8bf-bcce-43b6-8083-0976c007b1d9,c1,DROP,1016,e9,?,
1769494967.04366,SENT,b48a749d-0863-4e9c-947b-d1161c23cbe0,1943f8bf-bcce-43b6-8083-0976c007b1d9,c1,DROP,688,?,x8,
1769494967.0437021,FORWARDED,b48a749d-0863-4e9c-947b-d1161c23cbe0,1943f8bf-bcce-43b6-8083-0976c007b1d9,c1,DROP,688,?,x8,
1769494967.1090283,RECEIVED,d0d71eab-9bed-487b-8e42-b45d2829dfb1,5eabe78e-129e-4645-ab74-c08c9732356d,c2,DROP,1018,e3,?,
1769494967.1357338,RECEIVED,c1f98896-bc0f-4a76-8f7b-6ca7333d2edc,6cafd089-4c52-4932-8dca-c94af6c6cdeb,c3,DROP,1008,e1,?,
1769494967.158431,SENT,21582937-3aab-448e-94fe-064a0ac63e13,4e4ba519-daf1-40c9-a561-8083c3fda531,c3,DROP,684,?,x2,
1769494967.1584725,FORWARDED,21582937-3aab-448e-94fe-064a0ac63e13,4e4ba519-daf1-40c9-a561-8083c3fda531,c3,DROP,684,?,x2,
1769494967.403409,RECEIVED,04de8459-7bcc-4f76-9488-6330d9a89950,9969a307-4be8-4575-bbc6-45e709c4c856,c1,DROP,1015,e1,?,
1769494967.406927,RECEIVED,23cbcd6d-2c4f-44a0-83c7-d3b8b94eb623,618dad20-81e8-4a9d-b6b4-4d0d1be761d9,c1,DROP,1013,e8,?,
1769494967.407178,SENT,c1f98896-bc0f-4a76-8f7b-6ca7333d2edc,6cafd089-4c52-4932-8dca-c94af6c6cdeb,c3,DROP,684,?,x3,
1769494967.4074702,FORWARDED,c1f98896-bc0f-4a76-8f7b-6ca7333d2edc,6cafd089-4c52-4932-8dca-c94af6c6cdeb,c3,DROP,684,?,x3,
1769494967.4561105,SENT,23cbcd6d-2c4f-44a0-83c7-d3b8b94eb623,618dad20-81e8-4a9d-b6b4-4d0d1be761d9,c1,DROP,685,?,x4,
1769494967.4561534,FORWARDED,23cbcd6d-2c4f-44a0-83c7-d3b8b94eb623,618dad20-81e8-4a9d-b6b4-4d0d1be761d9,c1,DROP,685,?,x4,
1769494967.4711666,SENT,d0d71eab-9bed-487b-8e42-b45d2829dfb1,5eabe78e-129e-4645-ab74-c08c9732356d,c2,DROP,692,?,x8,
1769494967.4712088,FORWARDED,d0d71eab-9bed-487b-8e42-b45d2829dfb1,5eabe78e-129e-4645-ab74-c08c9732356d,c2,DROP,692,?,x8,
1769494967.7031262,SENT,3f94531a-57ac-45fe-8165-97f0191259c1,f5f4c5e2-faff-4ba3-a4e9-733c37ca5301,c2,DROP,691,?,x11,
1769494967.7031689,FORWARDED,3f94531a-57ac-45fe-8165-97f0191259c1,f5f4c5e2-faff-4ba3-a4e9-733c37ca5301,c2,DROP,691,?,x11,
1769494968.0645242,RECEIVED,2adedfef-021f-440a-a3b4-3dcfe23b9390,40749629-57cc-486c-9995-d88f9750cf08,c4,DROP,445,x10,?,
1769494968.08881,RECEIVED,873ce524-eea5-4541-a3bf-94d423f03583,83eba2b3-8562-4d4e-a148-069088a02e66,c1,DROP,441,x6,?,
1769494968.1038802,RECEIVED,3e657dc3-fe38-4f81-87d5-fd21bf40396b,7b87dd89-19ca-4918-b18e-ee149715dec9,c5,DROP,1015,e6,?,
1769494968.1461968,RECEIVED,311c92c1-309d-4f52-acbb-63db91caf609,04c3b953-2ee7-4809-a7fa-c2134fecdd5f,c3,DROP,1007,e3,?,
1769494968.249869,RECEIVED,ab058ae2-2e6b-4404-ac46-c34c4e3daed4,befa2bb0-eea2-4c04-bdab-ea8dd1734564,c5,DROP,1012,e2,?,
1769494968.3188217,SENT,04de8459-7bcc-4f76-9488-6330d9a89950,9969a307-4be8-4575-bbc6-45e709c4c856,c1,DROP,688,?,x5,
1769494968.3188593,FORWARDED,04de8459-7bcc-4f76-9488-6330d9a89950,9969a307-4be8-4575-bbc6-45e709c4c856,c1,DROP,688,?,x5,
1769494968.3328238,SENT,ab058ae2-2e6b-4404-ac46-c34c4e3daed4,befa2bb0-eea2-4c04-bdab-ea8dd1734564,c5,DROP,687,?,x7,
1769494968.3331773,FORWARDED,ab058ae2-2e6b-4404-ac46-c34c4e3daed4,befa2bb0-eea2-4c04-bdab-ea8dd1734564,c5,DROP,687,?,x7,
1769494968.5370924,RECEIVED,e9413fa5-5e99-44f5-98bf-39f34d19b667,b06e8637-aa73-40f6-9c21-a5048e02a5e3,c4,DROP,1008,e1,?,
1769494968.6131341,RECEIVED,34e19085-1e8a-49f0-b8c6-b42185f0c0bb,5485f5e3-a083-4e5e-8e52-900222afb029,c5,DROP,1015,e10,?,
1769494968.636661,SENT,e9413fa5-5e99-44f5-98bf-39f34d19b667,b06e8637-aa73-40f6-9c21-a5048e02a5e3,c4,DROP,684,?,x3,
1769494968.636699,FORWARDED,e9413fa5-5e99-44f5-98bf-39f34d19b667,b06e8637-aa73-40f6-9c21-a5048e02a5e3,c4,DROP,684,?,x3,
1769494968.663736,RECEIVED,08f9c2b3-dea7-46a5-98f9-4787760882ef,debb98cd-2ae4-4601-95f9-e46759e2e12e,c3,c5,1780,e2,?,
1769494968.694824,RECEIVED,f0cb36db-ed55-48e4-8a6e-93649f05372f,cf392e2b-2c80-4566-8761-0ef16902341f,c2,DROP,1012,e12,?,
1769494968.7542424,SENT,311c92c1-309d-4f52-acbb-63db91caf609,04c3b953-2ee7-4809-a7fa-c2134fecdd5f,c3,DROP,684,?,x3,
1769494968.7542815,FORWARDED,311c92c1-309d-4f52-acbb-63db91caf609,04c3b953-2ee7-4809-a7fa-c2134fecdd5f,c3,DROP,684,?,x3,
1769494968.7655382,RECEIVED,1baf184d-07e0-45b0-9ae5-8b5c74812fa0,83b883fd-a020-4d0d-b343-fb4b20056aca,c5,DROP,1008,e2,?,
1769494968.8191743,SENT,f0cb36db-ed55-48e4-8a6e-93649f05372f,cf392e2b-2c80-4566-8761-0ef16902341f,c2,DROP,687,?,x8,
1769494968.8192165,FORWARDED,f0cb36db-ed55-48e4-8a6e-93649f05372f,cf392e2b-2c80-4566-8761-0ef16902341f,c2,DROP,687,?,x8,
1769494968.8242645,RECEIVED,ed85d1f8-6fb8-45c5-8230-d3cf5946c559,8754fa9e-55f2-4cfc-be76-60072e1005f4,c3,DROP,1022,e6,?,
1769494968.850112,RECEIVED,567bff13-9ade-4fcf-bcf8-ed99a9fd65c1,1569b708-82be-4690-8643-42f066caf704,c5,DROP,1007,e2,?,
1769494968.8506525,RECEIVED,d915568f-e0e2-41d6-b671-9b56aa97c213,a55717c0-675b-429e-89a8-1fc48052486f,c2,DROP,1008,e7,?,
1769494968.891066,RECEIVED,8de9bfd8-cb2d-4afb-8b5c-7b8ecc085e47,f07f3b7a-dae9-49f0-a404-8af80a840954,c5,DROP,1009,e2,?,
1769494968.9029565,SENT,ed85d1f8-6fb8-45c5-8230-d3cf5946c559,8754fa9e-55f2-4cfc-be76-60072e1005f4,c3,DROP,693,?,x10,
1769494968.9029987,FORWARDED,ed85d1f8-6fb8-45c5-8230-d3cf5946c559,8754fa9e-55f2-4cfc-be76-60072e1005f4,c3,DROP,693,?,x10,
1769494968.9048967,SENT,08f9c2b3-dea7-46a5-98f9-4787760882ef,debb98cd-2ae4-4601-95f9-e46759e2e12e,c3,c5,1263,?,x3,
1769494968.9049346,FORWARDED,08f9c2b3-dea7-46a5-98f9-4787760882ef,debb98cd-2ae4-4601-95f9-e46759e2e12e,c3,c5,1263,?,x3,
1769494969.1683702,SENT,1baf184d-07e0-45b0-9ae5-8b5c74812fa0,83b883fd-a020-4d0d-b343-fb4b20056aca,c5,DROP,683,?,x9,
1769494969.1684115,FORWARDED,1baf184d-07e0-45b0-9ae5-8b5c74812fa0,83b883fd-a020-4d0d-b343-fb4b20056aca,c5,DROP,683,?,x9,
1769494969.282269,SENT,8de9bfd8-cb2d-4afb-8b5c-7b8ecc085e47,f07f3b7a-dae9-49f0-a404-8af80a840954,c5,DROP,683,?,x10,
1769494969.282309,FORWARDED,8de9bfd8-cb2d-4afb-8b5c-7b8ecc085e47,f07f3b7a-dae9-49f0-a404-8af80a840954,c5,DROP,683,?,x10,
1769494969.3792284,RECEIVED,935a83a6-93d2-4b4a-b29e-61500f50bead,2d1e8365-5e04-46eb-af7e-ba8d172916bc,c3,DROP,1011,e2,?,
1769494969.5200386,RECEIVED,d514748e-de3e-4a47-b67d-401da7bf6ba4,394bd68f-059e-453a-8e6c-9f9c2e92d496,c2,DROP,1010,e2,?,
1769494969.5228248,RECEIVED,fca69cb4-ac75-46f3-a3f5-65eba8589af5,f56ae876-e96e-492d-9a51-9cbd0a509640,c1,DROP,1016,e6,?,
1769494969.5894496,SENT,d514748e-de3e-4a47-b67d-401da7bf6ba4,394bd68f-059e-453a-8e6c-9f9c2e92d496,c2,DROP,684,?,x12,
1769494969.5895004,FORWARDED,d514748e-de3e-4a47-b67d-401da7bf6ba4,394bd68f-059e-453a-8e6c-9f9c2e92d496,c2,DROP,684,?,x12,
1769494969.6898472,RECEIVED,a8a0c381-33b2-48e3-81cc-d70e3b5a5d02,7cd3670b-6743-4915-9073-cd70583fd5cf,c1,DROP,1017,e9,?,
1769494969.8565814,SENT,fca69cb4-ac75-46f3-a3f5-65eba8589af5,f56ae876-e96e-492d-9a51-9cbd0a509640,c1,DROP,688,?,x11,
1769494969.8566241,FORWARDED,fca69cb4-ac75-46f3-a3f5-65eba8589af5,f56ae876-e96e-492d-9a51-9cbd0a509640,c1,DROP,688,?,x11,
1769494969.8739235,RECEIVED,1af0ea88-cdac-44ce-ab14-2d699b1f5c1b,c90a5ee0-df5b-4264-81b5-963ea25a4f30,c2,DROP,1007,e2,?,
1769494969.9776666,RECEIVED,0348a6da-ac73-4b07-886b-dbe4873cd5b2,c1b3b14c-a8f8-4e7d-ace8-e098539adacd,c4,DROP,1012,e8,?,
1769494969.9913952,SENT,34e19085-1e8a-49f0-b8c6-b42185f0c0bb,5485f5e3-a083-4e5e-8e52-900222afb029,c5,DROP,688,?,x1,
1769494969.9914362,FORWARDED,34e19085-1e8a-49f0-b8c6-b42185f0c0bb,5485f5e3-a083-4e5e-8e52-900222afb029,c5,DROP,688,?,x1,
1769494970.0211244,SENT,0348a6da-ac73-4b07-886b-dbe4873cd5b2,c1b3b14c-a8f8-4e7d-ace8-e098539adacd,c4,DROP,687,?,x2,
1769494970.0211682,FORWARDED,0348a6da-ac73-4b07-886b-dbe4873cd5b2,c1b3b14c-a8f8-4e7d-ace8-e098539adacd,c4,DROP,687,?,x2,
1769494970.051275,RECEIVED,07c946ee-5f5e-4abc-982e-6baa3b9c32f3,ad61cbe3-fc66-45a9-8b9f-a83dee720e87,c4,DROP,1009,e7,?,
1769494970.1118817,SENT,07c946ee-5f5e-4abc-982e-6baa3b9c32f3,ad61cbe3-fc66-45a9-8b9f-a83dee720e87,c4,DROP,683,?,x1,
1769494970.111925,FORWARDED,07c946ee-5f5e-4abc-982e-6baa3b9c32f3,ad61cbe3-fc66-45a9-8b9f-a83dee720e87,c4,DROP,683,?,x1,
1769494970.115401,SENT,a8a0c381-33b2-48e3-81cc-d70e3b5a5d02,7cd3670b-6743-4915-9073-cd70583fd5cf,c1,DROP,688,?,x10,
1769494970.1154506,FORWARDED,a8a0c381-33b2-48e3-81cc-d70e3b5a5d02,7cd3670b-6743-4915-9073-cd70583fd5cf,c1,DROP,688,?,x10,
1769494970.1509721,SENT,1af0ea88-cdac-44ce-ab14-2d699b1f5c1b,c90a5ee0-df5b-4264-81b5-963ea25a4f30,c2,DROP,682,?,x4,
1769494970.1511009,FORWARDED,1af0ea88-cdac-44ce-ab14-2d699b1f5c1b,c90a5ee0-df5b-4264-81b5-963ea25a4f30,c2,DROP,682,?,x4,
1769494970.2271786,RECEIVED,ab5bce85-3152-41ef-9ce2-8d5d1c252864,220d1c3f-4dd7-4b2c-850f-6dc6a851893c,c1,DROP,1009,e7,?,
1769494970.2614253,SENT,ab5bce85-3152-41ef-9ce2-8d5d1c252864,220d1c3f-4dd7-4b2c-850f-6dc6a851893c,c1,DROP,683,?,x6,
1769494970.261468,FORWARDED,ab5bce85-3152-41ef-9ce2-8d5d1c252864,220d1c3f-4dd7-4b2c-850f-6dc6a851893c,c1,DROP,683,?,x6,
1769494970.2694843,SENT,935a83a6-93d2-4b4a-b29e-61500f50bead,2d1e8365-5e04-46eb-af7e-ba8d172916bc,c3,DROP,687,?,x5,
1769494970.269526,FORWARDED,935a83a6-93d2-4b4a-b29e-61500f50bead,2d1e8365-5e04-46eb-af7e-ba8d172916bc,c3,DROP,687,?,x5,
1769494970.347474,RECEIVED,38d64538-8933-4ff1-926e-5b37a478ea33,a33d62ed-4768-4d78-90a8-431cba091666,c3,DROP,1018,e7,?,
1769494970.370752,SENT,38d64538-8933-4ff1-926e-5b37a478ea33,a33d62ed-4768-4d78-90a8-431cba091666,c3,DROP,688,?,x3,
1769494970.3707938,FORWARDED,38d64538-8933-4ff1-926e-5b37a478ea33,a33d62ed-4768-4d78-90a8-431cba091666,c3,DROP,688,?,x3,
1769494970.5706415,RECEIVED,cd59d413-0e4d-4b5d-b71a-542a66ee6e7d,9be0718b-08f2-4b4b-9728-a01cf9ecbef0,c5,DROP,1019,e10,?,
1769494970.7479298,RECEIVED,59ec0d4c-b40a-4a23-bcf0-b43f5aeb6b30,078d2e2a-cd88-405d-a72b-60e8d2325ef7,c5,DROP,441,x8,?,
1769494970.8997004,SENT,d915568f-e0e2-41d6-b671-9b56aa97c213,a55717c0-675b-429e-89a8-1fc48052486f,c2,DROP,684,?,x12,
1769494970.8997421,FORWARDED,d915568f-e0e2-41d6-b671-9b56aa97c213,a55717c0-675b-429e-89a8-1fc48052486f,c2,DROP,684,?,x12,
1769494970.9486084,RECEIVED,76226ace-6f2a-4e1a-87b4-f860945dde72,1a5367e5-ddd7-4d03-9f64-63c97f7d98d7,c5,DROP,1016,e12,?,
1769494970.960536,SENT,cd59d413-0e4d-4b5d-b71a-542a66ee6e7d,9be0718b-08f2-4b4b-9728-a01cf9ecbef0,c5,DROP,691,?,x1,
1769494970.9605782,FORWARDED,cd59d413-0e4d-4b5d-b71a-542a66ee6e7d,9be0718b-08f2-4b4b-9728-a01cf9ecbef0,c5,DROP,691,?,x1,
1769494970.9759593,RECEIVED,350831bc-b846-46f4-9f1f-78138e705050,15341d51-45b3-4847-a3dd-76e4fb56ea32,c5,DROP,1012,e2,?,
1769494971.0335135,SENT,76226ace-6f2a-4e1a-87b4-f860945dde72,1a5367e5-ddd7-4d03-9f64-63c97f7d98d7,c5,DROP,690,?,x2,
1769494971.033553,FORWARDED,76226ace-6f2a-4e1a-87b4-f860945dde72,1a5367e5-ddd7-4d03-9f64-63c97f7d98d7,c5,DROP,690,?,x2,
1769494971.041341,RECEIVED,8e2157f5-b513-41cf-88d0-248249072a16,2bfed239-ecb0-4b35-abfb-c178316ec8e5,c1,c5,1785,e1,?,
1769494971.0988445,RECEIVED,fbe303d8-0841-464f-bd00-d8c7df8c3dc7,184df4f4-58db-4b42-82a5-5fa2bd37bfc1,c2,DROP,1019,e4,?,
1769494971.133599,SENT,350831bc-b846-46f4-9f1f-78138e705050,15341d51-45b3-4847-a3dd-76e4fb56ea32,c5,DROP,687,?,x4,
1769494971.1336412,FORWARDED,350831bc-b846-46f4-9f1f-78138e705050,15341d51-45b3-4847-a3dd-76e4fb56ea32,c5,DROP,687,?,x4,
1769494971.1704304,RECEIVED,4f5b8b8f-c0f2-4d23-88c3-b0fce7f9a488,6200ee5b-c1d1-4675-aeff-c276704736c3,c5,DROP,1007,e4,?,
1769494971.1825554,SENT,567bff13-9ade-4fcf-bcf8-ed99a9fd65c1,1569b708-82be-4690-8643-42f066caf704,c5,DROP,684,?,x8,
1769494971.1825943,FORWARDED,567bff13-9ade-4fcf-bcf8-ed99a9fd65c1,1569b708-82be-4690-8643-42f066caf704,c5,DROP,684,?,x8,
1769494971.2075608,SENT,8e2157f5-b513-41cf-88d0-248249072a16,2bfed239-ecb0-4b35-abfb-c178316ec8e5,c1,c5,1264,?,x10,
1769494971.2076006,FORWARDED,8e2157f5-b513-41cf-88d0-248249072a16,2bfed239-ecb0-4b35-abfb-c178316ec8e5,c1,c5,1264,?,x10,
1769494971.2105684,SENT,3e657dc3-fe38-4f81-87d5-fd21bf40396b,7b87dd89-19ca-4918-b18e-ee149715dec9,c5,DROP,688,?,x9,
1769494971.2106106,FORWARDED,3e657dc3-fe38-4f81-87d5-fd21bf40396b,7b87dd89-19ca-4918-b18e-ee149715dec9,c5,DROP,688,?,x9,
1769494971.2938967,RECEIVED,281af960-7121-42b3-b004-3dd9cea3c454,94eec269-6aae-41c2-93b9-b70191092dd1,c5,DROP,1013,e5,?,
1769494971.3475356,SENT,281af960-7121-42b3-b004-3dd9cea3c454,94eec269-6aae-41c2-93b9-b70191092dd1,c5,DROP,686,?,x10,
1769494971.3475773,FORWARDED,281af960-7121-42b3-b004-3dd9cea3c454,94eec269-6aae-41c2-93b9-b70191092dd1,c5,DROP,686,?,x10,
1769494971.4430985,RECEIVED,65ac6792-bd1f-4ffb-93f9-76d289745b51,76e7ee0e-ce9b-4112-8473-9c70c1cf593e,c4,DROP,1009,e1,?,
1769494971.5032842,SENT,65ac6792-bd1f-4ffb-93f9-76d289745b51,76e7ee0e-ce9b-4112-8473-9c70c1cf593e,c4,DROP,684,?,x4,
1769494971.5033257,FORWARDED,65ac6792-bd1f-4ffb-93f9-76d289745b51,76e7ee0e-ce9b-4112-8473-9c70c1cf593e,c4,DROP,684,?,x4,
1769494971.5182543,RECEIVED,86fe4ad2-4a27-4366-9146-eb6a55262390,7f145fcb-f9ee-4195-9f49-27a126965444,c4,DROP,1019,e9,?,
1769494971.5187032,RECEIVED,91a00892-c848-4722-894c-ee79a97de1c6,f9aa9e03-7ec5-4040-81dc-47520b334526,c2,DROP,1008,e4,?,
1769494971.5967026,SENT,91a00892-c848-4722-894c-ee79a97de1c6,f9aa9e03-7ec5-4040-81dc-47520b334526,c2,DROP,684,?,x3,
1769494971.5967426,FORWARDED,91a00892-c848-4722-894c-ee79a97de1c6,f9aa9e03-7ec5-4040-81dc-47520b334526,c2,DROP,684,?,x3,
1769494971.5996768,SENT,4f5b8b8f-c0f2-4d23-88c3-b0fce7f9a488,6200ee5b-c1d1-4675-aeff-c276704736c3,c5,DROP,684,?,x2,
1769494971.5997183,FORWARDED,4f5b8b8f-c0f2-4d23-88c3-b0fce7f9a488,6200ee5b-c1d1-4675-aeff-c276704736c3,c5,DROP,684,?,x2,
1769494971.6112294,SENT,fbe303d8-0841-464f-bd00-d8c7df8c3dc7,184df4f4-58db-4b42-82a5-5fa2bd37bfc1,c2,DROP,693,?,x7,
1769494971.6112764,FORWARDED,fbe303d8-0841-464f-bd00-d8c7df8c3dc7,184df4f4-58db-4b42-82a5-5fa2bd37bfc1,c2,DROP,693,?,x7,
1769494971.6690147,RECEIVED,89976c9c-b28f-446b-8c55-db3418d7602b,2192e63b-2e09-4b1d-930c-3129849756cb,c3,DROP,1007,e12,?,
1769494971.6717062,RECEIVED,84868287-49f0-4cc4-b45e-14708a181267,e306ec16-e3bd-4b4f-b0c2-6e98fd78551c,c5,DROP,1015,e12,?,
1769494971.6889358,RECEIVED,26e08575-fd74-435b-b301-4e7bc043f063,c17376d0-d986-4f7e-a4fa-0835885e3db6,c5,DROP,442,x11,?,
1769494971.7869508,RECEIVED,8c0dd433-3c67-41bf-a872-c61c56b61d32,5de7127b-461c-49d3-b7e2-fcf22ad9cc93,c1,DROP,1007,e9,?,
1769494971.9321487,RECEIVED,beb2eb48-d4ed-480b-ba24-43a62fc365be,3bf08de6-e026-43d3-962a-b16a430bbc4e,c5,DROP,1006,e10,?,
1769494972.0205946,RECEIVED,f4d30369-8f34-46c0-8593-e13ed755416b,886c6478-982f-4960-bc09-366a4ff11760,c1,c5,1787,e4,?,
1769494972.0446088,SENT,89976c9c-b28f-446b-8c55-db3418d7602b,2192e63b-2e09-4b1d-930c-3129849756cb,c3,DROP,683,?,x6,
1769494972.0446503,FORWARDED,89976c9c-b28f-446b-8c55-db3418d7602b,2192e63b-2e09-4b1d-930c-3129849756cb,c3,DROP,683,?,x6,
1769494972.164508,SENT,f4d30369-8f34-46c0-8593-e13ed755416b,886c6478-982f-4960-bc09-366a4ff11760,c1,c5,1268,?,x3,
1769494972.1645606,FORWARDED,f4d30369-8f34-46c0-8593-e13ed755416b,886c6478-982f-4960-bc09-366a4ff11760,c1,c5,1268,?,x3,
1769494972.288982,SENT,8c0dd433-3c67-41bf-a872-c61c56b61d32,5de7127b-461c-49d3-b7e2-fcf22ad9cc93,c1,DROP,683,?,x7,
1769494972.2890213,FORWARDED,8c0dd433-3c67-41bf-a872-c61c56b61d32,5de7127b-461c-49d3-b7e2-fcf22ad9cc93,c1,DROP,683,?,x7,
1769494972.3402183,SENT,84868287-49f0-4cc4-b45e-14708a181267,e306ec16-e3bd-4b4f-b0c2-6e98fd78551c,c5,DROP,688,?,x7,
1769494972.34026,FORWARDED,84868287-49f0-4cc4-b45e-14708a181267,e306ec16-e3bd-4b4f-b0c2-6e98fd78551c,c5,DROP,688,?,x7,
1769494972.3583493,RECEIVED,1ece92f0-1e0e-4a3b-b537-8c7e1f286db0,078f1379-3bca-451d-9059-f4402b337a7f,c5,DROP,1018,e5,?,
1769494972.4375806,SENT,86fe4ad2-4a27-4366-9146-eb6a55262390,7f145fcb-f9ee-4195-9f49-27a126965444,c4,DROP,693,?,x7,
1769494972.437619,FORWARDED,86fe4ad2-4a27-4366-9146-eb6a55262390,7f145fcb-f9ee-4195-9f49-27a126965444,c4,DROP,693,?,x7,
1769494972.5651252,SENT,1ece92f0-1e0e-4a3b-b537-8c7e1f286db0,078f1379-3bca-451d-9059-f4402b337a7f,c5,DROP,693,?,x7,
1769494972.565167,FORWARDED,1ece92f0-1e0e-4a3b-b537-8c7e1f286db0,078f1379-3bca-451d-9059-f4402b337a7f,c5,DROP,693,?,x7,
1769494972.6616619,SENT,beb2eb48-d4ed-480b-ba24-43a62fc365be,3bf08de6-e026-43d3-962a-b16a430bbc4e,c5,DROP,684,?,x2,
1769494972.6617045,FORWARDED,beb2eb48-d4ed-480b-ba24-43a62fc365be,3bf08de6-e026-43d3-962a-b16a430bbc4e,c5,DROP,684,?,x2,
1769494972.7327259,RECEIVED,2110a7ee-bd93-4598-8012-0d34afe64bb4,38d8c022-62ea-45e2-af51-8d126768dd54,c1,c5,1784,e3,?,
1769494972.7729497,RECEIVED,687bf2de-d9b7-494f-93fe-13002d3fa5eb,87f4470d-9f52-4e5b-9beb-ee65e682bbbe,c4,DROP,1019,e10,?,
1769494972.888196,RECEIVED,3b34e48a-f323-48dd-b121-fa392eb2cf3a,43c27cf5-9832-47ca-a1e7-a05f90973627,c5,DROP,1008,e7,?,
1769494972.9116688,RECEIVED,54ac035e-03ac-4b8e-b2cf-2fac5c2b0680,06e3adbc-5ef5-4364-b4ef-0b7a38c0dfeb,c3,DROP,1007,e5,?,
1769494972.9962156,RECEIVED,f7f09d9c-0c68-4985-ad1a-1d6dccac6ef0,ba7b8ec3-384e-4830-bdf7-07b43fa2bb51,c3,DROP,1007,e1,?,
1769494973.0024414,SENT,3b34e48a-f323-48dd-b121-fa392eb2cf3a,43c27cf5-9832-47ca-a1e7-a05f90973627,c5,DROP,684,?,x2,
1769494973.0024886,FORWARDED,3b34e48a-f323-48dd-b121-fa392eb2cf3a,43c27cf5-9832-47ca-a1e7-a05f90973627,c5,DROP,684,?,x2,
1769494973.01914,RECEIVED,64d600a8-8ddb-4a16-bcfb-32ab19bb39b2,432f9f8e-45e4-46cf-9e7c-bde1d0bc9024,c4,DROP,442,x4,?,
1769494973.1537833,RECEIVED,52360134-3c73-4a17-876b-f51cf5164474,65a8da4f-526f-4b0b-b34d-b1ac767a3a56,c5,DROP,445,x10,?,
1769494973.2091026,RECEIVED,ea4eb10e-44a3-49fc-b669-b2a7cd140a76,c8bd0307-c435-4b76-be3d-cc4e66c225a6,c3,DROP,1021,e8,?,
1769494973.2802718,RECEIVED,41bff295-2055-4de5-95a1-a2517ed4e40f,3db5ef8b-df91-43e5-814a-e95da6c1ba55,c2,c3,1780,e1,?,
1769494973.2969592,SENT,687bf2de-d9b7-494f-93fe-13002d3fa5eb,87f4470d-9f52-4e5b-9beb-ee65e682bbbe,c4,DROP,693,?,x9,
1769494973.297001,FORWARDED,687bf2de-d9b7-494f-93fe-13002d3fa5eb,87f4470d-9f52-4e5b-9beb-ee65e682bbbe,c4,DROP,693,?,x9,
1769494973.36777,SENT,ea4eb10e-44a3-49fc-b669-b2a7cd140a76,c8bd0307-c435-4b76-be3d-cc4e66c225a6,c3,DROP,692,?,x10,
1769494973.3678129,FORWARDED,ea4eb10e-44a3-49fc-b669-b2a7cd140a76,c8bd0307-c435-4b76-be3d-cc4e66c225a6,c3,DROP,692,?,x10,
1769494973.3770046,RECEIVED,ec059f5a-bdbb-4312-bd00-9ac7d98550e6,5bcde91f-df7f-4a69-bf2c-029b53b65316,c2,DROP,446,x3,?,
1769494973.43839,SENT,41bff295-2055-4de5-95a1-a2517ed4e40f,3db5ef8b-df91-43e5-814a-e95da6c1ba55,c2,c3,1263,?,x3,
1769494973.43843,FORWARDED,41bff295-2055-4de5-95a1-a2517ed4e40f,3db5ef8b-df91-43e5-814a-e95da6c1ba55,c2,c3,1263,?,x3,
1769494973.5204082,RECEIVED,e541487f-0546-49fe-9fdf-52bc04aba85f,e9dea75d-365e-4155-a695-589da48404e0,c1,c5,1775,e7,?,
1769494973.5359163,RECEIVED,502724f8-b8b8-4b1f-8f3c-262ac1b526ac,189a2696-d6bf-4815-bf07-f040d0df5350,c4,DROP,1021,e7,?,
1769494973.5478833,RECEIVED,9d50f684-fe1b-40e0-a9e8-2207e552bf91,b284df83-2eec-410b-bddf-c46ca4a44385,c5,DROP,1016,e7,?,
1769494973.6527083,SENT,9d50f684-fe1b-40e0-a9e8-2207e552bf91,b284df83-2eec-410b-bddf-c46ca4a44385,c5,DROP,689,?,x7,
1769494973.6527755,FORWARDED,9d50f684-fe1b-40e0-a9e8-2207e552bf91,b284df83-2eec-410b-bddf-c46ca4a44385,c5,DROP,689,?,x7,
1769494973.714522,SENT,f7f09d9c-0c68-4985-ad1a-1d6dccac6ef0,ba7b8ec3-384e-4830-bdf7-07b43fa2bb51,c3,DROP,684,?,x7,
1769494973.7145627,FORWARDED,f7f09d9c-0c68-4985-ad1a-1d6dccac6ef0,ba7b8ec3-384e-4830-bdf7-07b43fa2bb51,c3,DROP,684,?,x7,
1769494973.723848,SENT,502724f8-b8b8-4b1f-8f3c-262ac1b526ac,189a2696-d6bf-4815-bf07-f040d0df5350,c4,DROP,691,?,x12,
1769494973.7238898,FORWARDED,502724f8-b8b8-4b1f-8f3c-262ac1b526ac,189a2696-d6bf-4815-bf07-f040d0df5350,c4,DROP,691,?,x12,
1769494973.82848,SENT,54ac035e-03ac-4b8e-b2cf-2fac5c2b0680,06e3adbc-5ef5-4364-b4ef-0b7a38c0dfeb,c3,DROP,684,?,x5,
1769494973.8285174,FORWARDED,54ac035e-03ac-4b8e-b2cf-2fac5c2b0680,06e3adbc-5ef5-4364-b4ef-0b7a38c0dfeb,c3,DROP,684,?,x5,
1769494974.0741599,RECEIVED,cf2f74ac-5151-4425-ae6b-41728ed6226e,0cf021e8-2b26-4e63-a468-601b3eb70473,c2,DROP,1018,e1,?,
1769494974.0787284,RECEIVED,df32aac3-03b5-4c02-8ec2-d6c82409e66a,162dcf02-8696-4e15-8e47-7630bf811016,c4,DROP,441,x7,?,
1769494974.0797288,RECEIVED,8313c7a6-455f-449d-bd5c-ea3dccc089db,924a114f-058d-4341-bd85-a466ec4a2d7a,c2,DROP,1016,e3,?,
1769494974.2077367,RECEIVED,372c826d-2481-4e49-9dcf-496de993b452,461cbb47-202b-443e-8adb-6b92db3f0ae6,c5,DROP,1020,e11,?,
1769494974.257819,SENT,2110a7ee-bd93-4598-8012-0d34afe64bb4,38d8c022-62ea-45e2-af51-8d126768dd54,c1,c5,1264,?,x11,
1769494974.2578576,FORWARDED,2110a7ee-bd93-4598-8012-0d34afe64bb4,38d8c022-62ea-45e2-af51-8d126768dd54,c1,c5,1264,?,x11,
1769494974.2681227,SENT,cf2f74ac-5151-4425-ae6b-41728ed6226e,0cf021e8-2b26-4e63-a468-601b3eb70473,c2,DROP,692,?,x1,
1769494974.2681575,FORWARDED,cf2f74ac-5151-4425-ae6b-41728ed6226e,0cf021e8-2b26-4e63-a468-601b3eb70473,c2,DROP,692,?,x1,
1769494974.3125436,RECEIVED,df767642-f6d5-4be3-ba13-c0b014a409cb,4338346e-84ac-43cc-ba4e-83161140a9aa,c5,DROP,1012,e4,?,
1769494974.4117422,SENT,df767642-f6d5-4be3-ba13-c0b014a409cb,4338346e-84ac-43cc-ba4e-83161140a9aa,c5,DROP,687,?,x6,
1769494974.4117844,FORWARDED,df767642-f6d5-4be3-ba13-c0b014a409cb,4338346e-84ac-43cc-ba4e-83161140a9aa,c5,DROP,687,?,x6,
1769494974.453363,SENT,8313c7a6-455f-449d-bd5c-ea3dccc089db,924a114f-058d-4341-bd85-a466ec4a2d7a,c2,DROP,688,?,x4,
1769494974.453403,FORWARDED,8313c7a6-455f-449d-bd5c-ea3dccc089db,924a114f-058d-4341-bd85-a466ec4a2d7a,c2,DROP,688,?,x4,
1769494974.621204,SENT,e541487f-0546-49fe-9fdf-52bc04aba85f,e9dea75d-365e-4155-a695-589da48404e0,c1,c5,1260,?,x1,
1769494974.6212456,FORWARDED,e541487f-0546-49fe-9fdf-52bc04aba85f,e9dea75d-365e-4155-a695-589da48404e0,c1,c5,1260,?,x1,
1769494974.6471763,SENT,372c826d-2481-4e49-9dcf-496de993b452,461cbb47-202b-443e-8adb-6b92db3f0ae6,c5,DROP,692,?,x6,
1769494974.647219,FORWARDED,372c826d-2481-4e49-9dcf-496de993b452,461cbb47-202b-443e-8adb-6b92db3f0ae6,c5,DROP,692,?,x6,
1769494974.649175,RECEIVED,e1bfc567-6665-4eba-9987-c522a3a5145b,0ecef10c-209a-40c7-8022-7256d65350db,c3,c5,1776,e5,?,
1769494974.8399353,RECEIVED,61fc4e7d-5e2a-4af0-89b8-b4b74679a1ac,41644cf7-54e8-40c3-97f3-53a66651f13c,c1,c5,1780,e3,?,
1769494974.8498406,RECEIVED,2a53876a-5277-4318-85bb-a1c1f807e4c5,3be24b87-1e22-4031-9f08-aa24c730d0e8,c1,DROP,1008,e11,?,
1769494974.8781736,RECEIVED,31241407-cc0b-43dd-9a24-e70ad1de3988,67506850-daf9-4aab-9c69-89b8443c28c5,c2,DROP,1008,e1,?,
1769494974.8949687,SENT,2a53876a-5277-4318-85bb-a1c1f807e4c5,3be24b87-1e22-4031-9f08-aa24c730d0e8,c1,DROP,683,?,x8,
1769494974.8950098,FORWARDED,2a53876a-5277-4318-85bb-a1c1f807e4c5,3be24b87-1e22-4031-9f08-aa24c730d0e8,c1,DROP,683,?,x8,
1769494974.9207447,RECEIVED,c6bf51ef-01dd-4efe-98ca-f41716f5c5bf,222af5a0-2465-4590-9b0d-ea9be46565f8,c1,DROP,1020,e12,?,
1769494974.9350967,RECEIVED,742afcc2-3b02-4e48-b649-4aa4ecb0a4cc,90f5ad97-25e8-4fbf-8836-c3c4f6e3de51,c2,DROP,1012,e1,?,
1769494974.9470034,SENT,31241407-cc0b-43dd-9a24-e70ad1de3988,67506850-daf9-4aab-9c69-89b8443c28c5,c2,DROP,684,?,x9,
1769494974.9470694,FORWARDED,31241407-cc0b-43dd-9a24-e70ad1de3988,67506850-daf9-4aab-9c69-89b8443c28c5,c2,DROP,684,?,x9,
1769494975.0578656,SENT,e1bfc567-6665-4eba-9987-c522a3a5145b,0ecef10c-209a-40c7-8022-7256d65350db,c3,c5,1260,?,x1,
1769494975.057914,FORWARDED,e1bfc567-6665-4eba-9987-c522a3a5145b,0ecef10c-209a-40c7-8022-7256d65350db,c3,c5,1260,?,x1,
1769494975.3272524,SENT,c6bf51ef-01dd-4efe-98ca-f41716f5c5bf,222af5a0-2465-4590-9b0d-ea9be46565f8,c1,DROP,692,?,x11,
1769494975.3272953,FORWARDED,c6bf51ef-01dd-4efe-98ca-f41716f5c5bf,222af5a0-2465-4590-9b0d-ea9be46565f8,c1,DROP,692,?,x11,
1769494975.3641205,SENT,742afcc2-3b02-4e48-b649-4aa4ecb0a4cc,90f5ad97-25e8-4fbf-8836-c3c4f6e3de51,c2,DROP,687,?,x11,
1769494975.3641634,FORWARDED,742afcc2-3b02-4e48-b649-4aa4ecb0a4cc,90f5ad97-25e8-4fbf-8836-c3c4f6e3de51,c2,DROP,687,?,x11,
1769494975.635163,RECEIVED,1d05cad1-a85f-4235-b68f-24949b32f43c,a73adb06-839e-40d5-9210-bd4d35f3b685,c1,c5,1779,e4,?,
1769494975.647247,RECEIVED,99267b4d-e0f4-489c-b92a-8f29e2d4fa92,27d4c644-a1df-4d61-8534-284a6c3d82b3,c4,c5,1783,e12,?,
1769494975.6693928,SENT,61fc4e7d-5e2a-4af0-89b8-b4b74679a1ac,41644cf7-54e8-40c3-97f3-53a66651f13c,c1,c5,1263,?,x10,
1769494975.669434,FORWARDED,61fc4e7d-5e2a-4af0-89b8-b4b74679a1ac,41644cf7-54e8-40c3-97f3-53a66651f13c,c1,c5,1263,?,x10,
1769494975.7225826,RECEIVED,30aa9f97-ea6c-4176-8706-55493d1c23c7,4e17b37e-67eb-4881-8fbd-41b79e0e4a23,c3,DROP,441,x12,?,
1769494975.7361212,RECEIVED,560e2466-766a-43ea-8a2d-b91cd4d8a8cb,396a4255-40f9-4d3c-a406-d01ff5e93813,c3,DROP,1009,e9,?,
1769494975.7709584,SENT,560e2466-766a-43ea-8a2d-b91cd4d8a8cb,396a4255-40f9-4d3c-a406-d01ff5e93813,c3,DROP,684,?,x3,
1769494975.771,FORWARDED,560e2466-766a-43ea-8a2d-b91cd4d8a8cb,396a4255-40f9-4d3c-a406-d01ff5e93813,c3,DROP,684,?,x3,
1769494975.8577735,RECEIVED,ce79b757-57bf-47fd-b669-138c1df0c5c3,3b98a1c8-28b6-4c3e-8e97-cc87f337b356,c4,DROP,1013,e8,?,
1769494975.949896,RECEIVED,e9eb01bc-ea1e-4dbc-863b-0350b9272e8c,24f41ec4-604c-4ec1-8dca-e13b804de346,c5,DROP,446,x11,?,
1769494976.0744674,RECEIVED,214c3cd3-5c8c-41f2-b842-cb3fbf256104,37dfbf2d-ae9f-4c7f-ba1c-283a18e26945,c4,DROP,442,x11,?,
1769494976.1551611,SENT,ce79b757-57bf-47fd-b669-138c1df0c5c3,3b98a1c8-28b6-4c3e-8e97-cc87f337b356,c4,DROP,687,?,x10,
1769494976.1552038,FORWARDED,ce79b757-57bf-47fd-b669-138c1df0c5c3,3b98a1c8-28b6-4c3e-8e97-cc87f337b356,c4,DROP,687,?,x10,
1769494976.2503855,SENT,99267b4d-e0f4-489c-b92a-8f29e2d4fa92,27d4c644-a1df-4d61-8534-284a6c3d82b3,c4,c5,1264,?,x6,
1769494976.250426,FORWARDED,99267b4d-e0f4-489c-b92a-8f29e2d4fa92,27d4c644-a1df-4d61-8534-284a6c3d82b3,c4,c5,1264,?,x6,
1769494976.3902352,RECEIVED,60e7b0a9-5d0b-4c91-a450-31d4d5968ac6,46c42214-88e9-4ef2-970e-aa6d53deb938,c4,DROP,1019,e10,?,
1769494976.4848156,RECEIVED,90bbceec-f92a-4c2c-bc7c-3a83e3e336d9,2078084b-75b7-45ef-9d93-13bb8ff34e0f,c4,c5,1780,e6,?,
1769494976.6085684,RECEIVED,53c0e5cf-612e-4a47-9a46-6a6d228bebf7,ffe9cf51-6441-48b8-8a56-f20f1063ec20,c2,DROP,1016,e7,?,
1769494976.6366458,RECEIVED,a991e87c-6280-4f8d-9c42-806cd70a9e12,e4c52d64-58fd-486e-8f7a-7a9cc594fece,c4,DROP,444,x10,?,
1769494976.7286863,SENT,53c0e5cf-612e-4a47-9a46-6a6d228bebf7,ffe9cf51-6441-48b8-8a56-f20f1063ec20,c2,DROP,688,?,x2,
1769494976.7287266,FORWARDED,53c0e5cf-612e-4a47-9a46-6a6d228bebf7,ffe9cf51-6441-48b8-8a56-f20f1063ec20,c2,DROP,688,?,x2,
1769494976.9221394,SENT,1d05cad1-a85f-4235-b68f-24949b32f43c,a73adb06-839e-40d5-9210-bd4d35f3b685,c1,c5,1263,?,x9,
1769494976.922179,FORWARDED,1d05cad1-a85f-4235-b68f-24949b32f43c,a73adb06-839e-40d5-9210-bd4d35f3b685,c1,c5,1263,?,x9,
1769494977.0236142,RECEIVED,533f2c6c-2874-405b-a66b-660def16eee2,aa393160-e5ec-4dc6-9bb3-5f9e5132a24e,c5,DROP,1018,e1,?,
1769494977.1413498,SENT,90bbceec-f92a-4c2c-bc7c-3a83e3e336d9,2078084b-75b7-45ef-9d93-13bb8ff34e0f,c4,c5,1262,?,x12,
1769494977.14165,FORWARDED,90bbceec-f92a-4c2c-bc7c-3a83e3e336d9,2078084b-75b7-45ef-9d93-13bb8ff34e0f,c4,c5,1262,?,x12,
1769494977.2261918,SENT,60e7b0a9-5d0b-4c91-a450-31d4d5968ac6,46c42214-88e9-4ef2-970e-aa6d53deb938,c4,DROP,691,?,x7,
1769494977.22623,FORWARDED,60e7b0a9-5d0b-4c91-a450-31d4d5968ac6,46c42214-88e9-4ef2-970e-aa6d53deb938,c4,DROP,691,?,x7,
1769494977.5921571,RECEIVED,51d9a4b7-73bd-486b-83db-d4bdb240eb29,4e1e14d4-5b91-4373-96b1-7cfad8ea5bf5,c5,c2,1776,e5,?,
1769494977.7011116,RECEIVED,8b173019-d648-41fb-953e-3a04e522a005,4704dfc9-90bd-4731-9782-7ae09480c0ba,c2,DROP,1017,e9,?,
1769494977.8399444,SENT,8b173019-d648-41fb-953e-3a04e522a005,4704dfc9-90bd-4731-9782-7ae09480c0ba,c2,DROP,690,?,x12,
1769494977.8399863,FORWARDED,8b173019-d648-41fb-953e-3a04e522a005,4704dfc9-90bd-4731-9782-7ae09480c0ba,c2,DROP,690,?,x12,
1769494977.9454324,SENT,51d9a4b7-73bd-486b-83db-d4bdb240eb29,4e1e14d4-5b91-4373-96b1-7cfad8ea5bf5,c5,c2,1258,?,x1,
1769494977.9454744,FORWARDED,51d9a4b7-73bd-486b-83db-d4bdb240eb29,4e1e14d4-5b91-4373-96b1-7cfad8ea5bf5,c5,c2,1258,?,x1,
1769494978.0945275,RECEIVED,04da9074-e475-49b9-b823-a4922afad241,b1099bdb-ac00-469d-9714-6fe49404533f,c3,DROP,441,x6,?,
1769494978.137741,RECEIVED,a7334aba-27f2-4895-9b69-45131cd60e72,4e8c5c36-723d-46bc-8102-060858117045,c1,DROP,1020,e9,?,
1769494978.1890707,SENT,533f2c6c-2874-405b-a66b-660def16eee2,aa393160-e5ec-4dc6-9bb3-5f9e5132a24e,c5,DROP,692,?,x10,
1769494978.189114,FORWARDED,533f2c6c-2874-405b-a66b-660def16eee2,aa393160-e5ec-4dc6-9bb3-5f9e5132a24e,c5,DROP,692,?,x10,
1769494978.4903476,RECEIVED,c68bed44-c0d5-4209-9274-03d9d21ccee6,c4a41668-f145-47b9-a6bb-eb205e750f1f,c5,c2,1785,e12,?,
1769494978.5144794,RECEIVED,44018ac6-698d-4473-aa79-4d8634f48407,73e698e8-fda7-4e0c-8f10-c6e669e637d0,c2,DROP,1020,e10,?,
1769494978.5241368,RECEIVED,aa2f44b6-f1fe-44b9-bc51-5c4d4902eac8,72ad1f53-4e86-4c04-b8fc-5db3c469974b,c2,DROP,1019,e11,?,
1769494978.5962596,SENT,c68bed44-c0d5-4209-9274-03d9d21ccee6,c4a41668-f145-47b9-a6bb-eb205e750f1f,c5,c2,1264,?,x10,
1769494978.5963006,FORWARDED,c68bed44-c0d5-4209-9274-03d9d21ccee6,c4a41668-f145-47b9-a6bb-eb205e750f1f,c5,c2,1264,?,x10,
1769494978.646181,SENT,44018ac6-698d-4473-aa79-4d8634f48407,73e698e8-fda7-4e0c-8f10-c6e669e637d0,c2,DROP,693,?,x1,
1769494978.6462228,FORWARDED,44018ac6-698d-4473-aa79-4d8634f48407,73e698e8-fda7-4e0c-8f10-c6e669e637d0,c2,DROP,693,?,x1,
1769494978.7002008,RECEIVED,7366c8d4-9a5d-40a3-ad44-a3883eee8bf9,0cafb262-8153-41f9-bd55-a3bb4e85e883,c4,c5,1775,e5,?,
1769494978.901018,SENT,aa2f44b6-f1fe-44b9-bc51-5c4d4902eac8,72ad1f53-4e86-4c04-b8fc-5db3c469974b,c2,DROP,691,?,x4,
1769494978.9010675,FORWARDED,aa2f44b6-f1fe-44b9-bc51-5c4d4902eac8,72ad1f53-4e86-4c04-b8fc-5db3c469974b,c2,DROP,691,?,x4,
1769494978.9366415,RECEIVED,9cfbb3a0-ca20-4429-8309-ae0b8a05beab,722754b3-4af7-4d4f-9be8-f3d1bcdbb6d2,c2,DROP,1015,e7,?,
1769494978.960807,SENT,7366c8d4-9a5d-40a3-ad44-a3883eee8bf9,0cafb262-8153-41f9-bd55-a3bb4e85e883,c4,c5,1259,?,x6,
1769494978.9608407,FORWARDED,7366c8d4-9a5d-40a3-ad44-a3883eee8bf9,0cafb262-8153-41f9-bd55-a3bb4e85e883,c4,c5,1259,?,x6,
1769494979.0407462,SENT,a7334aba-27f2-4895-9b69-45131cd60e72,4e8c5c36-723d-46bc-8102-060858117045,c1,DROP,693,?,x10,
1769494979.0407884,FORWARDED,a7334aba-27f2-4895-9b69-45131cd60e72,4e8c5c36-723d-46bc-8102-060858117045,c1,DROP,693,?,x10,
1769494979.0605917,RECEIVED,99a728da-d4ca-4a67-a505-6055c3cad2ab,b2e92293-8095-441c-8a86-d7e7204cb53b,c5,DROP,1011,e5,?,
1769494979.2696946,RECEIVED,fb236a77-9d6e-49f2-9017-aeef2fac3df2,dd5cb421-08b9-48bf-90da-0b811b52f391,c3,DROP,1010,e2,?,
1769494979.3374858,RECEIVED,4d950d2c-b3fc-4f9e-92a9-49a0c7d1b764,f5f2ed0a-dfe8-4e79-8267-82a9afab809b,c5,DROP,441,x10,?,
1769494979.4335053,SENT,9cfbb3a0-ca20-4429-8309-ae0b8a05beab,722754b3-4af7-4d4f-9be8-f3d1bcdbb6d2,c2,DROP,689,?,x8,
1769494979.433547,FORWARDED,9cfbb3a0-ca20-4429-8309-ae0b8a05beab,722754b3-4af7-4d4f-9be8-f3d1bcdbb6d2,c2,DROP,689,?,x8,
1769494979.5126996,RECEIVED,285034df-6fac-4bef-b7f0-6efda6164fa3,63e7b371-bad9-4a19-809d-d4792273fc70,c1,DROP,1019,e9,?,
1769494979.7936144,SENT,99a728da-d4ca-4a67-a505-6055c3cad2ab,b2e92293-8095-441c-8a86-d7e7204cb53b,c5,DROP,687,?,x6,
1769494979.793654,FORWARDED,99a728da-d4ca-4a67-a505-6055c3cad2ab,b2e92293-8095-441c-8a86-d7e7204cb53b,c5,DROP,687,?,x6,
1769494979.8112276,SENT,fb236a77-9d6e-49f2-9017-aeef2fac3df2,dd5cb421-08b9-48bf-90da-0b811b52f391,c3,DROP,687,?,x7,
1769494979.8112679,FORWARDED,fb236a77-9d6e-49f2-9017-aeef2fac3df2,dd5cb421-08b9-48bf-90da-0b811b52f391,c3,DROP,687,?,x7,
1769494979.8331046,RECEIVED,be5742cb-0b5a-43af-bae9-e935b5b35ddc,4ff9547a-54f5-4f49-a6ff-30d43920866a,c2,DROP,1020,e10,?,
1769494979.9503736,SENT,285034df-6fac-4bef-b7f0-6efda6164fa3,63e7b371-bad9-4a19-809d-d4792273fc70,c1,DROP,692,?,x7,
1769494979.9504182,FORWARDED,285034df-6fac-4bef-b7f0-6efda6164fa3,63e7b371-bad9-4a19-809d-d4792273fc70,c1,DROP,692,?,x7,
1769494980.0076573,RECEIVED,381a246e-f65f-46d8-b895-eb76f6e50faa,806d3e6d-67e0-4d13-87ef-d26b6a860d76,c1,DROP,442,x7,?,
1769494980.0086365,RECEIVED,782977ce-ba97-414d-8c61-48cd6c5c2ff6,57833e2e-436d-4a99-b9c4-33da4f551198,c3,DROP,1011,e1,?,
1769494980.1125672,SENT,782977ce-ba97-414d-8c61-48cd6c5c2ff6,57833e2e-436d-4a99-b9c4-33da4f551198,c3,DROP,687,?,x8,
1769494980.1126034,FORWARDED,782977ce-ba97-414d-8c61-48cd6c5c2ff6,57833e2e-436d-4a99-b9c4-33da4f551198,c3,DROP,687,?,x8,
1769494980.2650928,RECEIVED,0156798d-3487-454b-9a95-f7eba3f72f4b,79b27af3-4322-45c2-b2a6-06d0cd91ad56,c2,DROP,442,x8,?,
1769494980.3514817,RECEIVED,619c0d1e-2dca-4df5-b3da-e4aba6f52149,451a7f43-0ad7-43a8-b9bc-3683d329363c,c5,DROP,445,x10,?,
1769494980.484968,RECEIVED,33fe8161-1ef1-4c31-b065-8bd853eb9ed8,fc7f4f9b-c93c-4b80-a76f-8ccd9749775b,c3,DROP,1020,e9,?,
1769494980.5392249,SENT,be5742cb-0b5a-43af-bae9-e935b5b35ddc,4ff9547a-54f5-4f49-a6ff-30d43920866a,c2,DROP,693,?,x11,
1769494980.539264,FORWARDED,be5742cb-0b5a-43af-bae9-e935b5b35ddc,4ff9547a-54f5-4f49-a6ff-30d43920866a,c2,DROP,693,?,x11,
1769494980.563443,RECEIVED,258d8b37-7e10-4984-aa7c-aeb84ec74c35,a4fe1943-c29b-4f4d-9004-6a2899b28bac,c4,DROP,1014,e4,?,
1769494980.646388,RECEIVED,e80a5c8a-c707-426c-a960-a4ce7f9af804,5527429f-13ca-4ec4-ac7d-48b4b3e04218,c1,DROP,1015,e8,?,
1769494980.6951737,RECEIVED,9a36bfae-8819-4462-9052-6f7f6fa1ee94,2ecebeba-99f5-43ee-8d9e-a13665eebea3,c2,DROP,1013,e8,?,
1769494980.7011135,SENT,33fe8161-1ef1-4c31-b065-8bd853eb9ed8,fc7f4f9b-c93c-4b80-a76f-8ccd9749775b,c3,DROP,693,?,x12,
1769494980.7011569,FORWARDED,33fe8161-1ef1-4c31-b065-8bd853eb9ed8,fc7f4f9b-c93c-4b80-a76f-8ccd9749775b,c3,DROP,693,?,x12,
1769494980.7227833,SENT,9a36bfae-8819-4462-9052-6f7f6fa1ee94,2ecebeba-99f5-43ee-8d9e-a13665eebea3,c2,DROP,687,?,x3,
1769494980.7228253,FORWARDED,9a36bfae-8819-4462-9052-6f7f6fa1ee94,2ecebeba-99f5-43ee-8d9e-a13665eebea3,c2,DROP,687,?,x3,
1769494980.7675095,SENT,e80a5c8a-c707-426c-a960-a4ce7f9af804,5527429f-13ca-4ec4-ac7d-48b4b3e04218,c1,DROP,688,?,x4,
1769494980.7675502,FORWARDED,e80a5c8a-c707-426c-a960-a4ce7f9af804,5527429f-13ca-4ec4-ac7d-48b4b3e04218,c1,DROP,688,?,x4,
1769494980.7764077,RECEIVED,57ea1015-3b4a-4066-8c5e-b2c426fc5168,4a431fc2-6251-4c9d-8453-3d7ff4a1a6c4,c3,DROP,1011,e8,?,
1769494980.8718963,RECEIVED,2b573dcb-d948-4890-859c-f691e103e7bf,b9372f1f-d315-4201-96a1-b890ab99800c,c2,DROP,1008,e3,?,
1769494980.8968146,RECEIVED,00df069e-00a4-458a-886b-74a0dc2fd624,6b35db44-d43f-420c-8c02-9a3ee34d8d74,c2,DROP,1008,e7,?,
1769494981.1093369,RECEIVED,be486bbc-568e-48c1-a186-8f544f2cb960,1213e1c6-bb14-4813-b150-57d4da7bf244,c3,DROP,1008,e10,?,
1769494981.1456075,RECEIVED,215856fd-3bac-4bcf-93ba-0702e570db6a,a965928e-b4a7-4907-a444-d0c356699fc6,c2,DROP,1007,e1,?,
1769494981.1459832,SENT,2b573dcb-d948-4890-859c-f691e103e7bf,b9372f1f-d315-4201-96a1-b890ab99800c,c2,DROP,684,?,x3,
1769494981.1460266,FORWARDED,2b573dcb-d948-4890-859c-f691e103e7bf,b9372f1f-d315-4201-96a1-b890ab99800c,c2,DROP,684,?,x3,
1769494981.161082,RECEIVED,4e0c7f89-bfd9-46b6-ada0-408389f7f8a0,b4b33450-3ae4-4b56-87af-3122b0781cdb,c3,DROP,441,x7,?,
1769494981.2687337,SENT,57ea1015-3b4a-4066-8c5e-b2c426fc5168,4a431fc2-6251-4c9d-8453-3d7ff4a1a6c4,c3,DROP,687,?,x4,
1769494981.2687747,FORWARDED,57ea1015-3b4a-4066-8c5e-b2c426fc5168,4a431fc2-6251-4c9d-8453-3d7ff4a1a6c4,c3,DROP,687,?,x4,
1769494981.2855709,RECEIVED,a923f475-7bb8-4d00-bf7e-30ec668165ef,a119fba8-fcde-4a82-9d41-7469497a5698,c4,DROP,442,x4,?,
1769494981.3332064,SENT,be486bbc-568e-48c1-a186-8f544f2cb960,1213e1c6-bb14-4813-b150-57d4da7bf244,c3,DROP,683,?,x5,
1769494981.3332515,FORWARDED,be486bbc-568e-48c1-a186-8f544f2cb960,1213e1c6-bb14-4813-b150-57d4da7bf244,c3,DROP,683,?,x5,
1769494981.5330038,SENT,215856fd-3bac-4bcf-93ba-0702e570db6a,a965928e-b4a7-4907-a444-d0c356699fc6,c2,DROP,684,?,x9,
1769494981.5330608,FORWARDED,215856fd-3bac-4bcf-93ba-0702e570db6a,a965928e-b4a7-4907-a444-d0c356699fc6,c2,DROP,684,?,x9,
1769494981.537897,RECEIVED,b67aa0e7-8795-4917-8dce-de8920a99d74,af44d70e-67a3-4230-8b14-82ae6ac14c49,c2,c3,1764,e4,?,
1769494981.568501,RECEIVED,bcd95ae5-9745-48c6-b75b-3b4b8d59af65,1ca9e65a-2e97-4c3f-9303-2735fcf6c20e,c1,DROP,1011,e9,?,
1769494981.5833514,RECEIVED,6141cf24-d2b7-4bb5-abc4-5c42dc69b21f,b4b51f5d-2fe8-4115-afc6-7350ba8dd110,c2,DROP,441,x7,?,
1769494981.5983992,SENT,00df069e-00a4-458a-886b-74a0dc2fd624,6b35db44-d43f-420c-8c02-9a3ee34d8d74,c2,DROP,684,?,x11,
1769494981.5984383,FORWARDED,00df069e-00a4-458a-886b-74a0dc2fd624,6b35db44-d43f-420c-8c02-9a3ee34d8d74,c2,DROP,684,?,x11,
1769494981.679001,RECEIVED,99c48530-d728-419c-9a3c-da9e86e4cd55,97538ba2-425a-4aa3-8ed9-8f4f3c2756d2,c2,DROP,1008,e9,?,
1769494981.7614932,RECEIVED,85c62bc3-e194-40ba-92eb-48466aa71f73,ebe02a3c-7bb2-40ce-b6e9-70cd4dee9e04,c5,c2,1783,e3,?,
1769494981.763179,SENT,258d8b37-7e10-4984-aa7c-aeb84ec74c35,a4fe1943-c29b-4f4d-9004-6a2899b28bac,c4,DROP,688,?,x1,
1769494981.7632194,FORWARDED,258d8b37-7e10-4984-aa7c-aeb84ec74c35,a4fe1943-c29b-4f4d-9004-6a2899b28bac,c4,DROP,688,?,x1,
1769494981.767234,SENT,b67aa0e7-8795-4917-8dce-de8920a99d74,af44d70e-67a3-4230-8b14-82ae6ac14c49,c2,c3,1251,?,x3,
1769494981.7672758,FORWARDED,b67aa0e7-8795-4917-8dce-de8920a99d74,af44d70e-67a3-4230-8b14-82ae6ac14c49,c2,c3,1251,?,x3,
1769494981.7780366,RECEIVED,b9c67a62-551d-4d9e-a748-2b312dc50f4d,ed1eb344-75c4-4333-a8e8-920fd7ba1927,c2,DROP,1016,e9,?,
1769494981.8166203,SENT,b9c67a62-551d-4d9e-a748-2b312dc50f4d,ed1eb344-75c4-4333-a8e8-920fd7ba1927,c2,DROP,688,?,x4,
1769494981.8166566,FORWARDED,b9c67a62-551d-4d9e-a748-2b312dc50f4d,ed1eb344-75c4-4333-a8e8-920fd7ba1927,c2,DROP,688,?,x4,
1769494981.8679678,SENT,bcd95ae5-9745-48c6-b75b-3b4b8d59af65,1ca9e65a-2e97-4c3f-9303-2735fcf6c20e,c1,DROP,687,?,x12,
1769494981.8680134,FORWARDED,bcd95ae5-9745-48c6-b75b-3b4b8d59af65,1ca9e65a-2e97-4c3f-9303-2735fcf6c20e,c1,DROP,687,?,x12,
1769494981.9205577,RECEIVED,c74d5710-6e44-4c48-a5cf-8e068bbfec0b,6bc09913-9075-472f-a692-84de3813d726,c3,DROP,1007,e4,?,
1769494982.0244002,SENT,99c48530-d728-419c-9a3c-da9e86e4cd55,97538ba2-425a-4aa3-8ed9-8f4f3c2756d2,c2,DROP,684,?,x4,
1769494982.0244436,FORWARDED,99c48530-d728-419c-9a3c-da9e86e4cd55,97538ba2-425a-4aa3-8ed9-8f4f3c2756d2,c2,DROP,684,?,x4,
1769494982.1084244,RECEIVED,f326d6ea-ae78-4c0c-9b37-f23d3697d845,7ff6520b-7d8f-4c93-9561-bd6307681174,c3,DROP,1010,e4,?,
1769494982.3484726,RECEIVED,3d9f550f-c55b-413e-902e-5aca6d0854ee,ab711380-1659-44c7-92db-c5ad6482712f,c5,DROP,1020,e11,?,
1769494982.515433,RECEIVED,edadea3e-0e04-4683-a25c-be28423ce27e,82f13005-7500-4a8f-9a04-9047455cb648,c4,DROP,1008,e5,?,
1769494982.5247836,SENT,85c62bc3-e194-40ba-92eb-48466aa71f73,ebe02a3c-7bb2-40ce-b6e9-70cd4dee9e04,c5,c2,1264,?,x6,
1769494982.5248249,FORWARDED,85c62bc3-e194-40ba-92eb-48466aa71f73,ebe02a3c-7bb2-40ce-b6e9-70cd4dee9e04,c5,c2,1264,?,x6,
1769494982.628248,SENT,f326d6ea-ae78-4c0c-9b37-f23d3697d845,7ff6520b-7d8f-4c93-9561-bd6307681174,c3,DROP,687,?,x9,
1769494982.628288,FORWARDED,f326d6ea-ae78-4c0c-9b37-f23d3697d845,7ff6520b-7d8f-4c93-9561-bd6307681174,c3,DROP,687,?,x9,
1769494982.7449846,RECEIVED,d5d8c78d-59c2-45a8-90c7-a8e30bad71aa,0f1e330b-694c-4a8a-83ae-3197b69742a1,c4,DROP,441,x11,?,
1769494982.7472286,SENT,edadea3e-0e04-4683-a25c-be28423ce27e,82f13005-7500-4a8f-9a04-9047455cb648,c4,DROP,683,?,x7,
1769494982.7472715,FORWARDED,edadea3e-0e04-4683-a25c-be28423ce27e,82f13005-7500-4a8f-9a04-9047455cb648,c4,DROP,683,?,x7,
1769494982.7695444,RECEIVED,11958bc5-c046-4048-9258-8a7341053bd2,0e9ec5ea-6656-4083-bdab-e852391ad97d,c1,DROP,1020,e2,?,
1769494982.894866,SENT,3d9f550f-c55b-413e-902e-5aca6d0854ee,ab711380-1659-44c7-92db-c5ad6482712f,c5,DROP,692,?,x10,
1769494982.894901,FORWARDED,3d9f550f-c55b-413e-902e-5aca6d0854ee,ab711380-1659-44c7-92db-c5ad6482712f,c5,DROP,692,?,x10,
1769494982.9132688,SENT,11958bc5-c046-4048-9258-8a7341053bd2,0e9ec5ea-6656-4083-bdab-e852391ad97d,c1,DROP,692,?,x5,
1769494982.9133174,FORWARDED,11958bc5-c046-4048-9258-8a7341053bd2,0e9ec5ea-6656-4083-bdab-e852391ad97d,c1,DROP,692,?,x5,
1769494983.1542656,RECEIVED,c62345f4-3374-40a8-8550-e97b6d608338,0da9ccfb-7e97-471c-b7f2-1d620404a882,c5,DROP,1005,e7,?,
1769494983.369337,SENT,c74d5710-6e44-4c48-a5cf-8e068bbfec0b,6bc09913-9075-472f-a692-84de3813d726,c3,DROP,683,?,x6,
1769494983.3693798,FORWARDED,c74d5710-6e44-4c48-a5cf-8e068bbfec0b,6bc09913-9075-472f-a692-84de3813d726,c3,DROP,683,?,x6,
1769494983.5654697,RECEIVED,d268736a-3811-4ee6-a273-26eaefcf7658,f7f18b31-9b16-46f5-8cbb-0146941bc3af,c5,DROP,1011,e9,?,
1769494983.7814536,SENT,d268736a-3811-4ee6-a273-26eaefcf7658,f7f18b31-9b16-46f5-8cbb-0146941bc3af,c5,DROP,686,?,x5,
1769494983.781496,FORWARDED,d268736a-3811-4ee6-a273-26eaefcf7658,f7f18b31-9b16-46f5-8cbb-0146941bc3af,c5,DROP,686,?,x5,
1769494983.8770888,SENT,c62345f4-3374-40a8-8550-e97b6d608338,0da9ccfb-7e97-471c-b7f2-1d620404a882,c5,DROP,684,?,x8,
1769494983.8771317,FORWARDED,c62345f4-3374-40a8-8550-e97b6d608338,0da9ccfb-7e97-471c-b7f2-1d620404a882,c5,DROP,684,?,x8,
1769494984.3577788,RECEIVED,5420a2fd-4487-46c4-a50d-827e3f99bed7,ec749799-4aef-4244-821d-ea62c73afd29,c1,DROP,442,x2,?,
1769494984.7030075,RECEIVED,b29ffdc6-12f2-4f89-b82d-23f311f7cc97,9cb8d4cb-1616-4ffd-931b-0098f45acbcc,c4,DROP,1008,e5,?,
1769494984.7443988,RECEIVED,93d6ab38-8e38-4505-839e-0e7f26bef96b,cd3a8c47-c73e-433e-8cb5-570cab3769ff,c2,DROP,1020,e11,?,
1769494984.8021462,RECEIVED,cf411dfa-67d9-4d62-a88c-3b42b35e652c,73179375-e2f4-45f7-89e9-7a91cdc22689,c5,DROP,1017,e2,?,
1769494984.8107338,SENT,93d6ab38-8e38-4505-839e-0e7f26bef96b,cd3a8c47-c73e-433e-8cb5-570cab3769ff,c2,DROP,693,?,x8,
1769494984.8107738,FORWARDED,93d6ab38-8e38-4505-839e-0e7f26bef96b,cd3a8c47-c73e-433e-8cb5-570cab3769ff,c2,DROP,693,?,x8,
1769494984.8908815,RECEIVED,d63bcc52-04d6-4059-b8bf-9b7f2c5a7376,ace48221-ef2f-4b2a-8e88-5e3c06281769,c2,DROP,1015,e11,?,
1769494984.9180317,SENT,b29ffdc6-12f2-4f89-b82d-23f311f7cc97,9cb8d4cb-1616-4ffd-931b-0098f45acbcc,c4,DROP,683,?,x7,
1769494984.9180737,FORWARDED,b29ffdc6-12f2-4f89-b82d-23f311f7cc97,9cb8d4cb-1616-4ffd-931b-0098f45acbcc,c4,DROP,683,?,x7,
1769494984.943248,SENT,cf411dfa-67d9-4d62-a88c-3b42b35e652c,73179375-e2f4-45f7-89e9-7a91cdc22689,c5,DROP,689,?,x11,
1769494984.943292,FORWARDED,cf411dfa-67d9-4d62-a88c-3b42b35e652c,73179375-e2f4-45f7-89e9-7a91cdc22689,c5,DROP,689,?,x11,
1769494985.0310879,RECEIVED,7d056e31-58d0-4001-9330-fab3bc6a88fd,2741165e-ce9c-4d65-a145-94c90fb88ddc,c5,DROP,1011,e5,?,
1769494985.1508641,RECEIVED,3836789b-f39d-479b-8ddd-237d3d6f0804,9b1473b9-7e7c-4b6e-a44d-48d91d79bdaf,c5,DROP,1010,e2,?,
1769494985.245675,SENT,3836789b-f39d-479b-8ddd-237d3d6f0804,9b1473b9-7e7c-4b6e-a44d-48d91d79bdaf,c5,DROP,683,?,x1,
1769494985.2457175,FORWARDED,3836789b-f39d-479b-8ddd-237d3d6f0804,9b1473b9-7e7c-4b6e-a44d-48d91d79bdaf,c5,DROP,683,?,x1,
1769494985.2488716,SENT,d63bcc52-04d6-4059-b8bf-9b7f2c5a7376,ace48221-ef2f-4b2a-8e88-5e3c06281769,c2,DROP,688,?,x8,
1769494985.248933,FORWARDED,d63bcc52-04d6-4059-b8bf-9b7f2c5a7376,ace48221-ef2f-4b2a-8e88-5e3c06281769,c2,DROP,688,?,x8,
1769494985.3590865,RECEIVED,ec9b283b-f03a-45e2-a0f8-7009743e810d,b6d220f4-cd14-49a0-93dd-bd921a7163b6,c4,DROP,1020,e8,?,
1769494985.554278,RECEIVED,122a2c3a-3a25-4851-be62-92e3c2d1211c,a99dce11-9069-4f31-94ce-a195000ca308,c2,DROP,445,x9,?,
1769494985.6739225,RECEIVED,a3423537-399a-44d1-9401-f75fa2a422e0,8738e6d8-bc9c-4c0c-94b6-34c6af3c25a4,c2,DROP,1016,e2,?,
1769494985.7654495,SENT,a3423537-399a-44d1-9401-f75fa2a422e0,8738e6d8-bc9c-4c0c-94b6-34c6af3c25a4,c2,DROP,688,?,x7,
1769494985.7654932,FORWARDED,a3423537-399a-44d1-9401-f75fa2a422e0,8738e6d8-bc9c-4c0c-94b6-34c6af3c25a4,c2,DROP,688,?,x7,
1769494985.779365,SENT,ec9b283b-f03a-45e2-a0f8-7009743e810d,b6d220f4-cd14-49a0-93dd-bd921a7163b6,c4,DROP,693,?,x7,
1769494985.7794073,FORWARDED,ec9b283b-f03a-45e2-a0f8-7009743e810d,b6d220f4-cd14-49a0-93dd-bd921a7163b6,c4,DROP,693,?,x7,
1769494986.0299125,RECEIVED,bc14b1e0-be71-4d5a-9ff8-c1b99f9811bb,7657548d-a53a-4e8e-a88d-d29229dad776,c4,DROP,442,x10,?,
1769494986.1814578,SENT,7d056e31-58d0-4001-9330-fab3bc6a88fd,2741165e-ce9c-4d65-a145-94c90fb88ddc,c5,DROP,686,?,x8,
1769494986.181508,FORWARDED,7d056e31-58d0-4001-9330-fab3bc6a88fd,2741165e-ce9c-4d65-a145-94c90fb88ddc,c5,DROP,686,?,x8,
1769494986.2097287,RECEIVED,53202887-775b-4433-bf64-19e07f2378a0,b778c969-0bbc-44e0-aafb-5a74474abb27,c1,DROP,441,x5,?,
1769494986.4643526,RECEIVED,f2b4d2d3-f498-4fc7-b288-319a73e31d63,6e473b29-6b19-48d4-a83c-7464e0f20a61,c4,DROP,1013,e9,?,
1769494986.490395,RECEIVED,8b9333e4-37c6-41f2-99f6-77ebcdc4d01f,9b211d39-9964-4cc8-912b-361fbb276b44,c4,DROP,1019,e5,?,
1769494986.5589852,SENT,f2b4d2d3-f498-4fc7-b288-319a73e31d63,6e473b29-6b19-48d4-a83c-7464e0f20a61,c4,DROP,686,?,x12,
1769494986.5590272,FORWARDED,f2b4d2d3-f498-4fc7-b288-319a73e31d63,6e473b29-6b19-48d4-a83c-7464e0f20a61,c4,DROP,686,?,x12,
1769494986.6024842,RECEIVED,afbc0d15-c7f4-4867-9cda-7fff28b287bc,2d8d100f-606a-46e4-a541-fed05a5ac38b,c5,c2,1776,e10,?,
1769494986.6945121,SENT,afbc0d15-c7f4-4867-9cda-7fff28b287bc,2d8d100f-606a-46e4-a541-fed05a5ac38b,c5,c2,1259,?,x8,
1769494986.6945465,FORWARDED,afbc0d15-c7f4-4867-9cda-7fff28b287bc,2d8d100f-606a-46e4-a541-fed05a5ac38b,c5,c2,1259,?,x8,
1769494986.9418604,RECEIVED,1f35ee76-412b-4485-a1e5-5bb19586ef80,eeddd302-49d9-43e4-97eb-d96115125e59,c1,DROP,1019,e12,?,
1769494987.034947,SENT,8b9333e4-37c6-41f2-99f6-77ebcdc4d01f,9b211d39-9964-4cc8-912b-361fbb276b44,c4,DROP,692,?,x8,
1769494987.0349898,FORWARDED,8b9333e4-37c6-41f2-99f6-77ebcdc4d01f,9b211d39-9964-4cc8-912b-361fbb276b44,c4,DROP,692,?,x8,
1769494987.0946093,RECEIVED,6945b738-ec65-4438-8fcb-716889c0aea4,171cc35f-62b4-4ca2-b011-6b33ae13ab82,c1,DROP,442,x9,?,
1769494987.126069,RECEIVED,101e4ddf-a423-41e5-a4c4-37b31995382a,5cf55cb7-6802-4e47-a746-8d6e64c7bc1f,c2,c3,1784,e1,?,
1769494987.3375835,SENT,1f35ee76-412b-4485-a1e5-5bb19586ef80,eeddd302-49d9-43e4-97eb-d96115125e59,c1,DROP,692,?,x8,
1769494987.3376217,FORWARDED,1f35ee76-412b-4485-a1e5-5bb19586ef80,eeddd302-49d9-43e4-97eb-d96115125e59,c1,DROP,692,?,x8,
1769494987.3534153,RECEIVED,b29176bc-7f65-4827-87ff-e9bf69ae4880,d36133bf-5a4a-4c3d-b895-24a77f1108de,c1,DROP,1020,e3,?,
1769494987.6674001,SENT,b29176bc-7f65-4827-87ff-e9bf69ae4880,d36133bf-5a4a-4c3d-b895-24a77f1108de,c1,DROP,691,?,x10,
1769494987.6674404,FORWARDED,b29176bc-7f65-4827-87ff-e9bf69ae4880,d36133bf-5a4a-4c3d-b895-24a77f1108de,c1,DROP,691,?,x10,
1769494987.7178528,RECEIVED,3b4e87e0-cfbe-483d-a5e4-94ad53bc5902,a770f1b2-7d3b-49f1-a2dc-931e34d5d36b,c2,DROP,445,x10,?,
1769494988.0893304,RECEIVED,38e699b0-56c8-4e21-a129-6f6b67b34cfe,1b32309e-536e-4364-aff3-89fb5f9cf424,c2,DROP,1007,e3,?,
1769494988.1282296,SENT,38e699b0-56c8-4e21-a129-6f6b67b34cfe,1b32309e-536e-4364-aff3-89fb5f9cf424,c2,DROP,684,?,x3,
1769494988.1282716,FORWARDED,38e699b0-56c8-4e21-a129-6f6b67b34cfe,1b32309e-536e-4364-aff3-89fb5f9cf424,c2,DROP,684,?,x3,
1769494988.421691,RECEIVED,bef5343f-06bc-441b-be77-a34303ad14c0,ba479ca5-0de5-4172-a23f-b592b216979a,c4,DROP,1008,e10,?,
1769494988.5116513,SENT,101e4ddf-a423-41e5-a4c4-37b31995382a,5cf55cb7-6802-4e47-a746-8d6e64c7bc1f,c2,c3,1264,?,x10,
1769494988.5116928,FORWARDED,101e4ddf-a423-41e5-a4c4-37b31995382a,5cf55cb7-6802-4e47-a746-8d6e64c7bc1f,c2,c3,1264,?,x10,
1769494988.5265136,SENT,bef5343f-06bc-441b-be77-a34303ad14c0,ba479ca5-0de5-4172-a23f-b592b216979a,c4,DROP,683,?,x5,
1769494988.5265565,FORWARDED,bef5343f-06bc-441b-be77-a34303ad14c0,ba479ca5-0de5-4172-a23f-b592b216979a,c4,DROP,683,?,x5,
1769494988.7136674,RECEIVED,9ad08d48-5c2d-4b45-a8cc-e2d17f642a8a,a4d1b6ef-b712-4219-b710-7faa681a4599,c3,DROP,1020,e9,?,
1769494988.7621763,RECEIVED,5d7e4f33-d937-4929-b137-48928a5f18f4,f7719ba2-5de8-4a0a-b39a-604b0f2aca9e,c5,DROP,442,x5,?,
1769494988.8029168,RECEIVED,8a9110bd-b89b-4f27-bbeb-0766efaf9afb,f0e41221-a6ba-4394-9d23-4420c8a472d3,c3,DROP,1016,e1,?,
1769494988.9682982,SENT,9ad08d48-5c2d-4b45-a8cc-e2d17f642a8a,a4d1b6ef-b712-4219-b710-7faa681a4599,c3,DROP,691,?,x3,
1769494988.9685605,FORWARDED,9ad08d48-5c2d-4b45-a8cc-e2d17f642a8a,a4d1b6ef-b712-4219-b710-7faa681a4599,c3,DROP,691,?,x3,
1769494989.0976646,SENT,8a9110bd-b89b-4f27-bbeb-0766efaf9afb,f0e41221-a6ba-4394-9d23-4420c8a472d3,c3,DROP,689,?,x2,
1769494989.097712,FORWARDED,8a9110bd-b89b-4f27-bbeb-0766efaf9afb,f0e41221-a6ba-4394-9d23-4420c8a472d3,c3,DROP,689,?,x2,
1769494989.2213192,RECEIVED,8acbcce4-1f3f-48ee-98c2-c8c8d313d6a7,f5f4da83-bd6e-4822-b6f6-a8018aebc8ed,c2,DROP,1022,e1,?,
1769494989.2338147,SENT,8acbcce4-1f3f-48ee-98c2-c8c8d313d6a7,f5f4da83-bd6e-4822-b6f6-a8018aebc8ed,c2,DROP,692,?,x10,
1769494989.233858,FORWARDED,8acbcce4-1f3f-48ee-98c2-c8c8d313d6a7,f5f4da83-bd6e-4822-b6f6-a8018aebc8ed,c2,DROP,692,?,x10,
1769494989.4518006,RECEIVED,eb9c602d-fe86-4a36-aa9f-b38560b4b55b,396bb635-e0b7-430c-8808-dc309b561d74,c2,DROP,1016,e3,?,
1769494989.586071,RECEIVED,68907756-d3e7-4316-ac12-ad15bc7ea237,2a3837eb-6950-4fbc-9ddf-803915d3e9f7,c2,DROP,443,x6,?,
1769494989.7224765,RECEIVED,26214733-1b2c-45ff-89f6-55cc6a9658d1,980271d2-37f9-4c8d-a3d0-789920c733ce,c3,DROP,1020,e10,?,
1769494989.996263,RECEIVED,ba2a446c-98cc-432b-9051-e57d501ae7cc,b109d1e0-e048-4bc5-925c-a16c88ea9a64,c5,DROP,1012,e6,?,
1769494990.0248632,RECEIVED,a4144fb8-1ea7-498f-b6be-640452e686b1,c9fd4527-d8b9-46cb-8b68-d3c4312ba744,c2,DROP,1021,e10,?,
1769494990.0633264,SENT,ba2a446c-98cc-432b-9051-e57d501ae7cc,b109d1e0-e048-4bc5-925c-a16c88ea9a64,c5,DROP,687,?,x9,
1769494990.0633667,FORWARDED,ba2a446c-98cc-432b-9051-e57d501ae7cc,b109d1e0-e048-4bc5-925c-a16c88ea9a64,c5,DROP,687,?,x9,
1769494990.0794642,SENT,eb9c602d-fe86-4a36-aa9f-b38560b4b55b,396bb635-e0b7-430c-8808-dc309b561d74,c2,DROP,688,?,x11,
1769494990.079506,FORWARDED,eb9c602d-fe86-4a36-aa9f-b38560b4b55b,396bb635-e0b7-430c-8808-dc309b561d74,c2,DROP,688,?,x11,
1769494990.0944777,SENT,a4144fb8-1ea7-498f-b6be-640452e686b1,c9fd4527-d8b9-46cb-8b68-d3c4312ba744,c2,DROP,691,?,x12,
1769494990.0946639,FORWARDED,a4144fb8-1ea7-498f-b6be-640452e686b1,c9fd4527-d8b9-46cb-8b68-d3c4312ba744,c2,DROP,691,?,x12,
1769494990.1852543,SENT,26214733-1b2c-45ff-89f6-55cc6a9658d1,980271d2-37f9-4c8d-a3d0-789920c733ce,c3,DROP,691,?,x1,
1769494990.1852932,FORWARDED,26214733-1b2c-45ff-89f6-55cc6a9658d1,980271d2-37f9-4c8d-a3d0-789920c733ce,c3,DROP,691,?,x1,
1769494990.5130782,RECEIVED,48b9ab4f-db53-47c9-83c1-458eacf2d56f,17aeaa9f-c043-4712-bf61-d6152aec1b2e,c4,DROP,1014,e3,?,
1769494990.5257401,RECEIVED,6745e23d-16a5-4f89-9cff-575cabdd5499,e986db80-5c41-4fd7-b1f2-6f86bf494ae6,c2,c3,1784,e1,?,
1769494990.590147,RECEIVED,3e2765ad-8540-4b0b-8a51-f398c668fac5,2d6ac05d-9f73-408d-9179-a25b9f29ff84,c4,c5,1771,e2,?,
1769494990.6239278,SENT,6745e23d-16a5-4f89-9cff-575cabdd5499,e986db80-5c41-4fd7-b1f2-6f86bf494ae6,c2,c3,1264,?,x8,
1769494990.6239743,FORWARDED,6745e23d-16a5-4f89-9cff-575cabdd5499,e986db80-5c41-4fd7-b1f2-6f86bf494ae6,c2,c3,1264,?,x8,
1769494990.879475,RECEIVED,38649698-35e6-469e-a41e-107c726523f3,893c0199-f214-43c4-8830-7f4f4df040b8,c5,DROP,1007,e5,?,
1769494990.9761899,RECEIVED,9f6a9268-47cd-48f4-bebc-1b849c9e3372,9b31cff5-a050-491c-bde9-a3877a54c22f,c5,DROP,1016,e8,?,
1769494991.1296933,RECEIVED,fe8f9c8e-ff89-4718-ab48-f8e61f21cafa,d4d6b488-b038-4961-9938-87ac4688fe1e,c3,c5,1783,e3,?,
1769494991.268528,RECEIVED,02328bd9-264f-4db7-a1f0-3b037bada299,77dfca27-cd91-483d-bcf2-03720716cb04,c3,c5,1783,e4,?,
1769494991.414171,SENT,02328bd9-264f-4db7-a1f0-3b037bada299,77dfca27-cd91-483d-bcf2-03720716cb04,c3,c5,1265,?,x11,
1769494991.4142113,FORWARDED,02328bd9-264f-4db7-a1f0-3b037bada299,77dfca27-cd91-483d-bcf2-03720716cb04,c3,c5,1265,?,x11,
1769494991.6652942,SENT,3e2765ad-8540-4b0b-8a51-f398c668fac5,2d6ac05d-9f73-408d-9179-a25b9f29ff84,c4,c5,1255,?,x1,
1769494991.6653366,FORWARDED,3e2765ad-8540-4b0b-8a51-f398c668fac5,2d6ac05d-9f73-408d-9179-a25b9f29ff84,c4,c5,1255,?,x1,
1769494991.674991,RECEIVED,522b5a90-68c7-43a3-a61b-1e4543164fac,f97c06bd-b487-4bdb-8379-f02d078ce005,c3,DROP,1015,e4,?,
1769494991.6863184,SENT,48b9ab4f-db53-47c9-83c1-458eacf2d56f,17aeaa9f-c043-4712-bf61-d6152aec1b2e,c4,DROP,688,?,x2,
1769494991.6863618,FORWARDED,48b9ab4f-db53-47c9-83c1-458eacf2d56f,17aeaa9f-c043-4712-bf61-d6152aec1b2e,c4,DROP,688,?,x2,
1769494991.7305644,SENT,fe8f9c8e-ff89-4718-ab48-f8e61f21cafa,d4d6b488-b038-4961-9938-87ac4688fe1e,c3,c5,1265,?,x10,
1769494991.7306118,FORWARDED,fe8f9c8e-ff89-4718-ab48-f8e61f21cafa,d4d6b488-b038-4961-9938-87ac4688fe1e,c3,c5,1265,?,x10,
1769494991.9132142,SENT,38649698-35e6-469e-a41e-107c726523f3,893c0199-f214-43c4-8830-7f4f4df040b8,c5,DROP,684,?,x7,
1769494991.9132533,FORWARDED,38649698-35e6-469e-a41e-107c726523f3,893c0199-f214-43c4-8830-7f4f4df040b8,c5,DROP,684,?,x7,
1769494992.3679845,RECEIVED,d096c6c4-3486-44a0-a7b6-4527db89c283,8f072e00-0792-4d71-8d04-943361a143ce,c3,DROP,1016,e1,?,
1769494992.5044346,RECEIVED,d747df12-e21c-4ab6-a93d-3c3d574e29e1,4c33c0a0-9d8f-44ee-8bfc-401f21f8b5d0,c3,DROP,441,x3,?,
1769494992.6011431,SENT,9f6a9268-47cd-48f4-bebc-1b849c9e3372,9b31cff5-a050-491c-bde9-a3877a54c22f,c5,DROP,688,?,x11,
1769494992.60118,FORWARDED,9f6a9268-47cd-48f4-bebc-1b849c9e3372,9b31cff5-a050-491c-bde9-a3877a54c22f,c5,DROP,688,?,x11,
1769494992.9052346,SENT,522b5a90-68c7-43a3-a61b-1e4543164fac,f97c06bd-b487-4bdb-8379-f02d078ce005,c3,DROP,688,?,x6,
1769494992.9052715,FORWARDED,522b5a90-68c7-43a3-a61b-1e4543164fac,f97c06bd-b487-4bdb-8379-f02d078ce005,c3,DROP,688,?,x6,
1769494992.977099,RECEIVED,1b5cc05c-e0c8-483e-b13e-bd3838556ee2,2fb17ecd-7878-47d5-a568-17463c7975bf,c5,DROP,1020,e6,?,
1769494993.008103,RECEIVED,0fe1e980-ebc9-420e-ad38-74d00c84c617,16afa4ba-1108-4076-a204-4bf13707b125,c5,DROP,1021,e3,?,
1769494993.212335,SENT,0fe1e980-ebc9-420e-ad38-74d00c84c617,16afa4ba-1108-4076-a204-4bf13707b125,c5,DROP,691,?,x11,
1769494993.2123754,FORWARDED,0fe1e980-ebc9-420e-ad38-74d00c84c617,16afa4ba-1108-4076-a204-4bf13707b125,c5,DROP,691,?,x11,
1769494993.2343688,RECEIVED,46031097-c408-462f-aa96-be12e96c18ec,42b15178-46be-4322-8629-732600057ff6,c1,DROP,1021,e5,?,
1769494993.3319926,SENT,46031097-c408-462f-aa96-be12e96c18ec,42b15178-46be-4322-8629-732600057ff6,c1,DROP,691,?,x11,
1769494993.3320315,FORWARDED,46031097-c408-462f-aa96-be12e96c18ec,42b15178-46be-4322-8629-732600057ff6,c1,DROP,691,?,x11,
1769494993.3854384,RECEIVED,295ca811-64e4-4107-a991-16396357ab90,9a14a72d-534d-4c52-be55-92f86d661949,c5,DROP,1016,e1,?,
1769494993.5048013,RECEIVED,288923df-64c9-4d57-a952-069f27024419,e7dacd81-34b5-4970-96a8-a102a6e07835,c3,c5,1783,e12,?,
1769494993.5137546,RECEIVED,b588dfed-e932-4136-a7f1-1de4e88eb73e,ee9ed637-1b5a-4d41-bc62-e1dcda437e68,c5,c2,1763,e8,?,
1769494993.5273352,SENT,295ca811-64e4-4107-a991-16396357ab90,9a14a72d-534d-4c52-be55-92f86d661949,c5,DROP,688,?,x7,
1769494993.527377,FORWARDED,295ca811-64e4-4107-a991-16396357ab90,9a14a72d-534d-4c52-be55-92f86d661949,c5,DROP,688,?,x7,
1769494993.7091715,SENT,1b5cc05c-e0c8-483e-b13e-bd3838556ee2,2fb17ecd-7878-47d5-a568-17463c7975bf,c5,DROP,691,?,x10,
1769494993.7092137,FORWARDED,1b5cc05c-e0c8-483e-b13e-bd3838556ee2,2fb17ecd-7878-47d5-a568-17463c7975bf,c5,DROP,691,?,x10,
1769494993.7477362,SENT,288923df-64c9-4d57-a952-069f27024419,e7dacd81-34b5-4970-96a8-a102a6e07835,c3,c5,1264,?,x6,
1769494993.747779,FORWARDED,288923df-64c9-4d57-a952-069f27024419,e7dacd81-34b5-4970-96a8-a102a6e07835,c3,c5,1264,?,x6,
1769494993.8723214,RECEIVED,62e21b41-97a4-4b53-bcc3-82989a3efc09,b00918c1-a139-4f28-85aa-79602b7ca4f6,c3,c5,1785,e2,?,
1769494993.889978,RECEIVED,bb928e81-9c6d-49fa-9780-4549694c80fc,d5d042cf-59dd-481d-a858-5cc0848b343c,c5,DROP,1020,e11,?,
1769494993.9547553,SENT,62e21b41-97a4-4b53-bcc3-82989a3efc09,b00918c1-a139-4f28-85aa-79602b7ca4f6,c3,c5,1264,?,x12,
1769494993.9547968,FORWARDED,62e21b41-97a4-4b53-bcc3-82989a3efc09,b00918c1-a139-4f28-85aa-79602b7ca4f6,c3,c5,1264,?,x12,
1769494994.3277252,SENT,bb928e81-9c6d-49fa-9780-4549694c80fc,d5d042cf-59dd-481d-a858-5cc0848b343c,c5,DROP,692,?,x4,
1769494994.3277655,FORWARDED,bb928e81-9c6d-49fa-9780-4549694c80fc,d5d042cf-59dd-481d-a858-5cc0848b343c,c5,DROP,692,?,x4,
1769494994.4660084,RECEIVED,031e81c2-3d6d-43a8-99cc-f2402ac2110f,b28b17a6-073d-44eb-97ac-8b75e43da822,c5,DROP,1021,e5,?,
1769494994.5236712,RECEIVED,a759e1e9-b4a0-485f-b1ad-0da16c5725dc,ecca557d-4052-44a1-afa1-158435c7f952,c2,DROP,1004,e9,?,
1769494994.5321062,SENT,031e81c2-3d6d-43a8-99cc-f2402ac2110f,b28b17a6-073d-44eb-97ac-8b75e43da822,c5,DROP,692,?,x12,
1769494994.5321503,FORWARDED,031e81c2-3d6d-43a8-99cc-f2402ac2110f,b28b17a6-073d-44eb-97ac-8b75e43da822,c5,DROP,692,?,x12,
1769494994.5669935,SENT,a759e1e9-b4a0-485f-b1ad-0da16c5725dc,ecca557d-4052-44a1-afa1-158435c7f952,c2,DROP,679,?,x6,
1769494994.567036,FORWARDED,a759e1e9-b4a0-485f-b1ad-0da16c5725dc,ecca557d-4052-44a1-afa1-158435c7f952,c2,DROP,679,?,x6,
1769494994.6805568,RECEIVED,04a37d6d-98be-4270-85dd-f215b7502045,96368404-99fa-493f-8339-227ce5b76e34,c4,c5,1775,e2,?,
1769494994.7690804,SENT,b588dfed-e932-4136-a7f1-1de4e88eb73e,ee9ed637-1b5a-4d41-bc62-e1dcda437e68,c5,c2,1251,?,x9,
1769494994.7691243,FORWARDED,b588dfed-e932-4136-a7f1-1de4e88eb73e,ee9ed637-1b5a-4d41-bc62-e1dcda437e68,c5,c2,1251,?,x9,
1769494994.9868693,RECEIVED,4373089f-1bff-4b2b-b526-59e482a6467b,e07acc28-7cdf-49ae-9bde-159b18939966,c2,DROP,1019,e8,?,
1769494995.0454867,RECEIVED,357b7735-7c20-4564-92b9-1f14f9435154,1e93559a-c431-4547-bc61-f4e11aa3e1b6,c1,DROP,1007,e10,?,
1769494995.0567477,SENT,04a37d6d-98be-4270-85dd-f215b7502045,96368404-99fa-493f-8339-227ce5b76e34,c4,c5,1259,?,x7,
1769494995.0567913,FORWARDED,04a37d6d-98be-4270-85dd-f215b7502045,96368404-99fa-493f-8339-227ce5b76e34,c4,c5,1259,?,x7,
1769494995.2700822,RECEIVED,00952b99-c5c9-4ec9-b0e7-70947c26fe0e,7f146233-b35d-4f0a-aec5-8454c6cefb54,c5,DROP,1020,e11,?,
1769494995.3227894,RECEIVED,0d52778b-a15f-4891-bf9d-f59424102911,a366b53f-39db-4f8e-ac90-8ad8df4f3292,c3,DROP,1016,e6,?,
1769494995.3234339,RECEIVED,a30d013c-3286-4b56-8711-a88b0980f665,f6a4d76f-60be-47c3-a64c-059ccd4413c8,c3,DROP,1021,e1,?,
1769494995.3382545,RECEIVED,1bdd5cbe-2aef-46f7-b277-4aee23a49fec,e0e8b540-44a6-4ffa-89e0-6343c7dee982,c2,c3,1764,e6,?,
1769494995.3403678,RECEIVED,792b1120-b324-4823-b6a3-9d2d0db5770b,b33844f5-6629-4d4d-96c8-59ddc7173964,c3,DROP,1020,e12,?,
1769494995.4115474,SENT,a30d013c-3286-4b56-8711-a88b0980f665,f6a4d76f-60be-47c3-a64c-059ccd4413c8,c3,DROP,691,?,x12,
1769494995.4115906,FORWARDED,a30d013c-3286-4b56-8711-a88b0980f665,f6a4d76f-60be-47c3-a64c-059ccd4413c8,c3,DROP,691,?,x12,
1769494995.4249523,SENT,d096c6c4-3486-44a0-a7b6-4527db89c283,8f072e00-0792-4d71-8d04-943361a143ce,c3,DROP,688,?,x12,
1769494995.4249942,FORWARDED,d096c6c4-3486-44a0-a7b6-4527db89c283,8f072e00-0792-4d71-8d04-943361a143ce,c3,DROP,688,?,x12,
1769494995.591194,RECEIVED,67fae45a-3148-463c-80c7-be60ce1bbdf6,a321e2e0-589d-4ad1-9d5a-101c0c53999b,c1,c5,1781,e12,?,
1769494995.6463714,RECEIVED,370c2378-d815-4040-a5f5-dc92dc440083,d0e2bf03-c4e0-41ff-8f21-41a14a087900,c5,c2,1784,e3,?,
1769494995.6713626,SENT,67fae45a-3148-463c-80c7-be60ce1bbdf6,a321e2e0-589d-4ad1-9d5a-101c0c53999b,c1,c5,1263,?,x11,
1769494995.6714056,FORWARDED,67fae45a-3148-463c-80c7-be60ce1bbdf6,a321e2e0-589d-4ad1-9d5a-101c0c53999b,c1,c5,1263,?,x11,
1769494995.7525568,SENT,357b7735-7c20-4564-92b9-1f14f9435154,1e93559a-c431-4547-bc61-f4e11aa3e1b6,c1,DROP,684,?,x9,
1769494995.7525964,FORWARDED,357b7735-7c20-4564-92b9-1f14f9435154,1e93559a-c431-4547-bc61-f4e11aa3e1b6,c1,DROP,684,?,x9,
1769494995.7592733,RECEIVED,a60b737d-f42f-4894-8da3-fb47f77b6c72,db677c92-9505-493c-9977-e4fe50265f1f,c3,DROP,440,x8,?,
1769494995.767785,SENT,0d52778b-a15f-4891-bf9d-f59424102911,a366b53f-39db-4f8e-ac90-8ad8df4f3292,c3,DROP,688,?,x3,
1769494995.767828,FORWARDED,0d52778b-a15f-4891-bf9d-f59424102911,a366b53f-39db-4f8e-ac90-8ad8df4f3292,c3,DROP,688,?,x3,
1769494995.7908008,SENT,1bdd5cbe-2aef-46f7-b277-4aee23a49fec,e0e8b540-44a6-4ffa-89e0-6343c7dee982,c2,c3,1251,?,x8,
1769494995.7908387,FORWARDED,1bdd5cbe-2aef-46f7-b277-4aee23a49fec,e0e8b540-44a6-4ffa-89e0-6343c7dee982,c2,c3,1251,?,x8,
1769494995.9061813,SENT,792b1120-b324-4823-b6a3-9d2d0db5770b,b33844f5-6629-4d4d-96c8-59ddc7173964,c3,DROP,692,?,x11,
1769494995.9062257,FORWARDED,792b1120-b324-4823-b6a3-9d2d0db5770b,b33844f5-6629-4d4d-96c8-59ddc7173964,c3,DROP,692,?,x11,
1769494996.0497246,SENT,00952b99-c5c9-4ec9-b0e7-70947c26fe0e,7f146233-b35d-4f0a-aec5-8454c6cefb54,c5,DROP,692,?,x11,
1769494996.0497637,FORWARDED,00952b99-c5c9-4ec9-b0e7-70947c26fe0e,7f146233-b35d-4f0a-aec5-8454c6cefb54,c5,DROP,692,?,x11,
1769494996.210633,RECEIVED,333e84bb-d74d-46cf-b84d-24d1fbf151e1,dfc2909c-0c4f-4229-be05-2d499dd5dd3f,c2,c3,1772,e5,?,
1769494996.2800593,RECEIVED,97218015-4fb1-4b03-87ef-aeb71d11cfc6,e6011333-8748-42b3-a37a-43a6a9c93bc2,c3,DROP,1019,e11,?,
1769494996.3039567,RECEIVED,a5808ef0-64af-4202-bf76-79dc2a8a56f7,cbe9d529-2881-4754-9880-41d3a433d2c1,c5,DROP,441,x7,?,
1769494996.316967,RECEIVED,89c02a85-0b26-46b0-98d4-91b06f7a17d5,dfd39c24-bf4e-477c-bd41-b4f13daa4986,c5,DROP,1007,e4,?,
1769494996.3519528,SENT,97218015-4fb1-4b03-87ef-aeb71d11cfc6,e6011333-8748-42b3-a37a-43a6a9c93bc2,c3,DROP,691,?,x6,
1769494996.3519888,FORWARDED,97218015-4fb1-4b03-87ef-aeb71d11cfc6,e6011333-8748-42b3-a37a-43a6a9c93bc2,c3,DROP,691,?,x6,
1769494996.399754,SENT,333e84bb-d74d-46cf-b84d-24d1fbf151e1,dfc2909c-0c4f-4229-be05-2d499dd5dd3f,c2,c3,1256,?,x6,
1769494996.3997955,FORWARDED,333e84bb-d74d-46cf-b84d-24d1fbf151e1,dfc2909c-0c4f-4229-be05-2d499dd5dd3f,c2,c3,1256,?,x6,
1769494996.4903164,SENT,370c2378-d815-4040-a5f5-dc92dc440083,d0e2bf03-c4e0-41ff-8f21-41a14a087900,c5,c2,1264,?,x10,
1769494996.4903545,FORWARDED,370c2378-d815-4040-a5f5-dc92dc440083,d0e2bf03-c4e0-41ff-8f21-41a14a087900,c5,c2,1264,?,x10,
1769494996.5622208,RECEIVED,4b0d5e30-5fbd-4a50-a4e2-c4f60fc5bb79,ba86de57-baf3-4a1f-aed7-df6c150392ff,c5,DROP,1019,e11,?,
1769494996.6134775,SENT,4b0d5e30-5fbd-4a50-a4e2-c4f60fc5bb79,ba86de57-baf3-4a1f-aed7-df6c150392ff,c5,DROP,692,?,x5,
1769494996.6135175,FORWARDED,4b0d5e30-5fbd-4a50-a4e2-c4f60fc5bb79,ba86de57-baf3-4a1f-aed7-df6c150392ff,c5,DROP,692,?,x5,
1769494996.6499732,RECEIVED,9cc6be32-4b04-4514-805e-32a5a8037c31,4570bb5d-4c3a-45c9-a701-b14813fa596b,c4,c5,1767,e1,?,
1769494996.8304281,RECEIVED,7a23f2f7-a9b2-4edc-8fbf-a05eeb02a3bf,c3cc8bd9-6a2d-4f9f-a5aa-a97e074b7d57,c5,DROP,1008,e6,?,
1769494996.8311117,RECEIVED,09954abd-4cb0-4122-b2f8-b07d1feae8be,5df5ee7a-f24b-4781-aab7-e7a3409b70f0,c1,DROP,1012,e5,?,
1769494996.8553798,SENT,9cc6be32-4b04-4514-805e-32a5a8037c31,4570bb5d-4c3a-45c9-a701-b14813fa596b,c4,c5,1253,?,x9,
1769494996.8554225,FORWARDED,9cc6be32-4b04-4514-805e-32a5a8037c31,4570bb5d-4c3a-45c9-a701-b14813fa596b,c4,c5,1253,?,x9,
1769494997.0582612,RECEIVED,205c131d-ee9e-47f3-bb4f-b942e144a05c,2c2bf341-9bf1-41e5-9745-2eb6920de721,c1,DROP,442,x8,?,
1769494997.1877792,SENT,09954abd-4cb0-4122-b2f8-b07d1feae8be,5df5ee7a-f24b-4781-aab7-e7a3409b70f0,c1,DROP,687,?,x4,
1769494997.1878204,FORWARDED,09954abd-4cb0-4122-b2f8-b07d1feae8be,5df5ee7a-f24b-4781-aab7-e7a3409b70f0,c1,DROP,687,?,x4,
1769494997.200253,RECEIVED,5e9fd1d3-2cb4-4481-88cd-45628c6fdd1a,4fe3f85a-4a7f-424a-987a-f66d9d8bca5c,c5,DROP,446,x10,?,
1769494997.2982576,SENT,7a23f2f7-a9b2-4edc-8fbf-a05eeb02a3bf,c3cc8bd9-6a2d-4f9f-a5aa-a97e074b7d57,c5,DROP,683,?,x1,
1769494997.2982998,FORWARDED,7a23f2f7-a9b2-4edc-8fbf-a05eeb02a3bf,c3cc8bd9-6a2d-4f9f-a5aa-a97e074b7d57,c5,DROP,683,?,x1,
1769494997.3636541,RECEIVED,46a5f869-f3d6-4224-978f-e9d67ce25fe4,c0031890-7ee7-45a1-8d80-b90053649439,c4,DROP,1011,e4,?,
1769494997.481809,RECEIVED,bcbc7104-fe0b-4738-a587-d081fc994146,16a2f787-11d0-4a44-9532-bb03e480564b,c4,c5,1779,e3,?,
1769494997.7594523,RECEIVED,5c3ac21e-728b-4c6f-8cf7-6c2d21c1c444,91f3d26e-e754-477a-bd03-860bfc985f3b,c5,DROP,447,x8,?,
1769494997.776657,SENT,46a5f869-f3d6-4224-978f-e9d67ce25fe4,c0031890-7ee7-45a1-8d80-b90053649439,c4,DROP,687,?,x2,
1769494997.7766976,FORWARDED,46a5f869-f3d6-4224-978f-e9d67ce25fe4,c0031890-7ee7-45a1-8d80-b90053649439,c4,DROP,687,?,x2,
1769494997.8545835,RECEIVED,dc716405-2887-4b5c-999a-6809ca522388,2f1b0bf3-af3b-45d7-abff-821bef094970,c5,DROP,1016,e6,?,
1769494997.919735,RECEIVED,9f5fd022-9741-4572-b2d0-727be7e2df73,534063fb-060f-412a-852c-6a33eb718943,c3,DROP,1020,e10,?,
1769494998.0680962,SENT,9f5fd022-9741-4572-b2d0-727be7e2df73,534063fb-060f-412a-852c-6a33eb718943,c3,DROP,691,?,x2,
1769494998.0681434,FORWARDED,9f5fd022-9741-4572-b2d0-727be7e2df73,534063fb-060f-412a-852c-6a33eb718943,c3,DROP,691,?,x2,
1769494998.0838103,RECEIVED,288c526e-4073-46ef-948c-535bc10e53cb,ee1a8754-2d9c-49bb-ba14-cd9188d6ce03,c4,DROP,1008,e6,?,
1769494998.1978798,RECEIVED,a9dbb830-3d76-47ee-a803-7153083e800c,4c2f315c-74f4-4623-a26b-3cb0a9c5d9de,c2,DROP,441,x8,?,
1769494998.2686884,RECEIVED,4b215e09-7934-4467-a3d1-7cb111eba999,310df87c-2e1f-480b-9006-f95337e9adc6,c5,DROP,1008,e6,?,
1769494998.3163857,SENT,bcbc7104-fe0b-4738-a587-d081fc994146,16a2f787-11d0-4a44-9532-bb03e480564b,c4,c5,1263,?,x5,
1769494998.3164258,FORWARDED,bcbc7104-fe0b-4738-a587-d081fc994146,16a2f787-11d0-4a44-9532-bb03e480564b,c4,c5,1263,?,x5,
1769494998.3352823,RECEIVED,9b4a8233-39f5-4e86-b4a1-4cf63ac9cf0e,ccded891-1aef-45ba-8ec3-514715676c0f,c3,DROP,1012,e5,?,
1769494998.363,RECEIVED,f409bacd-26c5-4742-a787-1f5aeff6b960,d4617448-0808-4f08-857a-2159e85a0f8c,c2,DROP,441,x8,?,
1769494998.3734577,SENT,288c526e-4073-46ef-948c-535bc10e53cb,ee1a8754-2d9c-49bb-ba14-cd9188d6ce03,c4,DROP,683,?,x7,
1769494998.3734999,FORWARDED,288c526e-4073-46ef-948c-535bc10e53cb,ee1a8754-2d9c-49bb-ba14-cd9188d6ce03,c4,DROP,683,?,x7,
1769494998.388226,SENT,4373089f-1bff-4b2b-b526-59e482a6467b,e07acc28-7cdf-49ae-9bde-159b18939966,c2,DROP,692,?,x10,
1769494998.3882673,FORWARDED,4373089f-1bff-4b2b-b526-59e482a6467b,e07acc28-7cdf-49ae-9bde-159b18939966,c2,DROP,692,?,x10,
1769494998.4577255,RECEIVED,30d8f562-b2a9-45b0-befe-1131d15a89ff,170b575e-171a-42f0-8885-f4b959c0abd2,c3,DROP,1012,e9,?,
1769494998.5542922,SENT,4b215e09-7934-4467-a3d1-7cb111eba999,310df87c-2e1f-480b-9006-f95337e9adc6,c5,DROP,684,?,x5,
1769494998.5543346,FORWARDED,4b215e09-7934-4467-a3d1-7cb111eba999,310df87c-2e1f-480b-9006-f95337e9adc6,c5,DROP,684,?,x5,
1769494998.6388857,RECEIVED,2744d3ac-32ac-44b9-af50-cc5895425739,8a2eb645-a35c-4aff-93e5-6b2f6e96a5a4,c3,DROP,1006,e7,?,
1769494998.6835113,RECEIVED,434d0b87-ea54-48ae-9a79-36f0e56866b6,d44ade30-f075-4315-ad34-9b92d4254d4f,c4,DROP,1021,e4,?,
1769494998.755348,RECEIVED,04899d59-aea4-4c8e-a79e-544b42160009,bbb9a1b6-1461-47eb-813e-d3b0eb48a4ee,c3,DROP,442,x3,?,
1769494998.76021,SENT,434d0b87-ea54-48ae-9a79-36f0e56866b6,d44ade30-f075-4315-ad34-9b92d4254d4f,c4,DROP,691,?,x11,
1769494998.7602508,FORWARDED,434d0b87-ea54-48ae-9a79-36f0e56866b6,d44ade30-f075-4315-ad34-9b92d4254d4f,c4,DROP,691,?,x11,
1769494998.8441913,SENT,dc716405-2887-4b5c-999a-6809ca522388,2f1b0bf3-af3b-45d7-abff-821bef094970,c5,DROP,688,?,x11,
1769494998.8442326,FORWARDED,dc716405-2887-4b5c-999a-6809ca522388,2f1b0bf3-af3b-45d7-abff-821bef094970,c5,DROP,688,?,x11,
1769494998.9361377,RECEIVED,6104fbea-e125-4bc2-ab18-4251350c95ba,92a6ba94-8b4d-4fc2-b42c-5e58b9dc1041,c2,DROP,1008,e6,?,
1769494999.045251,RECEIVED,6150b25d-d80b-47d6-b519-4055557b4053,f402d3e0-c05e-4a8f-870d-5e235f9fbb1a,c3,DROP,1007,e9,?,
1769494999.0781415,RECEIVED,58586b92-2b4b-409e-b029-3365860ffbef,292c4459-3130-4f90-9818-245343128e74,c4,DROP,442,x3,?,
1769494999.1539464,SENT,6104fbea-e125-4bc2-ab18-4251350c95ba,92a6ba94-8b4d-4fc2-b42c-5e58b9dc1041,c2,DROP,683,?,x1,
1769494999.1539884,FORWARDED,6104fbea-e125-4bc2-ab18-4251350c95ba,92a6ba94-8b4d-4fc2-b42c-5e58b9dc1041,c2,DROP,683,?,x1,
1769494999.3128097,SENT,89c02a85-0b26-46b0-98d4-91b06f7a17d5,dfd39c24-bf4e-477c-bd41-b4f13daa4986,c5,DROP,684,?,x6,
1769494999.3128526,FORWARDED,89c02a85-0b26-46b0-98d4-91b06f7a17d5,dfd39c24-bf4e-477c-bd41-b4f13daa4986,c5,DROP,684,?,x6,
1769494999.3816297,SENT,6150b25d-d80b-47d6-b519-4055557b4053,f402d3e0-c05e-4a8f-870d-5e235f9fbb1a,c3,DROP,684,?,x7,
1769494999.381674,FORWARDED,6150b25d-d80b-47d6-b519-4055557b4053,f402d3e0-c05e-4a8f-870d-5e235f9fbb1a,c3,DROP,684,?,x7,
1769494999.4120836,RECEIVED,05b37e13-96bf-46e5-8a0f-0028ddf3a9f9,801295eb-38d8-4aaa-94b3-441c9bbc531a,c1,DROP,445,x12,?,
1769494999.4286947,RECEIVED,4cb68b30-872d-4d07-b8ad-0c5936909c09,84d2dacd-7dd3-4349-aa2d-fe8cce94c2b6,c5,DROP,446,x3,?,
1769494999.4315078,RECEIVED,e3861aca-cc04-49a9-82b5-547b4f3322a2,271bb7ca-3801-4dc4-9168-7bf072df1c5c,c1,DROP,442,x3,?,
1769494999.5491493,SENT,9b4a8233-39f5-4e86-b4a1-4cf63ac9cf0e,ccded891-1aef-45ba-8ec3-514715676c0f,c3,DROP,687,?,x10,
1769494999.5491924,FORWARDED,9b4a8233-39f5-4e86-b4a1-4cf63ac9cf0e,ccded891-1aef-45ba-8ec3-514715676c0f,c3,DROP,687,?,x10,
1769494999.5640829,RECEIVED,b7399eec-e603-47e7-adc0-fbd9f0d340ef,32307b7e-1aad-431d-9598-f80bf6b66925,c4,DROP,1007,e7,?,
1769494999.5849364,SENT,2744d3ac-32ac-44b9-af50-cc5895425739,8a2eb645-a35c-4aff-93e5-6b2f6e96a5a4,c3,DROP,684,?,x8,
1769494999.5849879,FORWARDED,2744d3ac-32ac-44b9-af50-cc5895425739,8a2eb645-a35c-4aff-93e5-6b2f6e96a5a4,c3,DROP,684,?,x8,
1769494999.6769767,RECEIVED,c7d75e5f-c588-4b61-bde5-e6f5b4ea8e16,3e7abc3f-3829-4afe-b924-5f40765b8400,c3,DROP,1014,e7,?,
1769494999.8135676,RECEIVED,103d5d97-5717-4c54-a87c-c9f3d8ec987b,3036dfc2-a728-4caa-bc6d-c61bd03b3220,c3,DROP,1013,e9,?,
1769494999.8191955,RECEIVED,db9d7fc0-ace7-48f2-98b8-ec1b0fee9fe0,0defc27f-9afb-4f34-9d70-34bec1823c25,c4,DROP,443,x9,?,
1769494999.873015,SENT,103d5d97-5717-4c54-a87c-c9f3d8ec987b,3036dfc2-a728-4caa-bc6d-c61bd03b3220,c3,DROP,686,?,x12,
1769494999.8730621,FORWARDED,103d5d97-5717-4c54-a87c-c9f3d8ec987b,3036dfc2-a728-4caa-bc6d-c61bd03b3220,c3,DROP,686,?,x12,
1769495000.0473642,RECEIVED,d3569628-e0c3-4b95-8ea6-b4fc935817c8,8ec8b9cb-705c-4644-9dd9-01d0a35a2b4b,c1,DROP,441,x11,?,
1769495000.0758948,RECEIVED,5a3aa5fa-6d69-4bfa-8fd3-eaa3fa8fe20f,8d028d89-7ace-4ea8-a5a1-7bdaa531f150,c2,DROP,445,x8,?,
1769495000.1004758,SENT,b7399eec-e603-47e7-adc0-fbd9f0d340ef,32307b7e-1aad-431d-9598-f80bf6b66925,c4,DROP,684,?,x5,
1769495000.1005168,FORWARDED,b7399eec-e603-47e7-adc0-fbd9f0d340ef,32307b7e-1aad-431d-9598-f80bf6b66925,c4,DROP,684,?,x5,
1769495000.1697938,RECEIVED,3f9632ba-3c27-4827-ab10-4e620c7aa2e6,9bee269e-46f4-4462-a070-c78e0db88965,c1,DROP,1020,e7,?,
1769495000.2888079,RECEIVED,e1d5f216-b9ea-4d67-bc58-a8e5147b11ef,4c0e1180-e11f-477b-9493-34f0836e046f,c4,DROP,1006,e4,?,
1769495000.318549,RECEIVED,549bd0b5-fbb1-4a70-8f41-60db9a66d653,59a52305-3a4a-49e7-898f-e6a59cf8aeb6,c3,DROP,1012,e6,?,
1769495000.3190575,RECEIVED,0d11d352-a550-45b2-a99d-0b957a9dee4f,8bed4156-63ae-449a-9dd4-8e082e928ff6,c2,DROP,1015,e11,?,
1769495000.4032454,SENT,549bd0b5-fbb1-4a70-8f41-60db9a66d653,59a52305-3a4a-49e7-898f-e6a59cf8aeb6,c3,DROP,687,?,x1,
1769495000.4032888,FORWARDED,549bd0b5-fbb1-4a70-8f41-60db9a66d653,59a52305-3a4a-49e7-898f-e6a59cf8aeb6,c3,DROP,687,?,x1,
1769495000.4190903,SENT,3f9632ba-3c27-4827-ab10-4e620c7aa2e6,9bee269e-46f4-4462-a070-c78e0db88965,c1,DROP,693,?,x6,
1769495000.4191306,FORWARDED,3f9632ba-3c27-4827-ab10-4e620c7aa2e6,9bee269e-46f4-4462-a070-c78e0db88965,c1,DROP,693,?,x6,
1769495000.562304,RECEIVED,39cc653c-44f2-443d-b12d-7ff96276a9f1,4639e4dc-c225-44c6-8663-e02fee627710,c1,DROP,1007,e7,?,
1769495000.5991197,RECEIVED,ac507c9a-b49c-4861-8d19-be0d5c2d8cf9,81494cc3-e1a1-44e2-8246-37a94eb27de9,c1,c5,1776,e9,?,
1769495000.7320514,RECEIVED,dfd61a07-4756-46c6-bd8a-d1f8e42b69b1,ef11dbc6-e6c0-4c45-a501-4fbd7fce1359,c2,DROP,1018,e9,?,
1769495000.745708,SENT,dfd61a07-4756-46c6-bd8a-d1f8e42b69b1,ef11dbc6-e6c0-4c45-a501-4fbd7fce1359,c2,DROP,688,?,x12,
1769495000.745742,FORWARDED,dfd61a07-4756-46c6-bd8a-d1f8e42b69b1,ef11dbc6-e6c0-4c45-a501-4fbd7fce1359,c2,DROP,688,?,x12,
1769495000.7475495,RECEIVED,22c3f91f-6f0f-48d3-943d-8eaf490deae2,0d9e000a-19cd-4b2e-a195-3bcafb81a4bf,c1,DROP,1011,e2,?,
1769495000.7761574,RECEIVED,fc761939-81d5-47bd-9fcd-e5f5a172d32d,509b8e76-ed34-4f00-9dae-53104e039318,c4,DROP,1019,e10,?,
1769495000.7882426,RECEIVED,8e2d8796-f910-4bc4-a9ff-3c3d9dcbd5be,ddd8f51b-c1e4-4a97-ae56-1279a337eea6,c2,c3,1781,e11,?,
1769495000.8411055,RECEIVED,caa5d2c3-bd44-4e21-9d6e-f1dbe54ba492,5a722ff6-0d04-4b5c-84de-bf7b983a6aab,c3,DROP,442,x5,?,
1769495000.8474677,SENT,e1d5f216-b9ea-4d67-bc58-a8e5147b11ef,4c0e1180-e11f-477b-9493-34f0836e046f,c4,DROP,684,?,x8,
1769495000.8475084,FORWARDED,e1d5f216-b9ea-4d67-bc58-a8e5147b11ef,4c0e1180-e11f-477b-9493-34f0836e046f,c4,DROP,684,?,x8,
1769495000.936115,SENT,ac507c9a-b49c-4861-8d19-be0d5c2d8cf9,81494cc3-e1a1-44e2-8246-37a94eb27de9,c1,c5,1258,?,x4,
1769495000.9361567,FORWARDED,ac507c9a-b49c-4861-8d19-be0d5c2d8cf9,81494cc3-e1a1-44e2-8246-37a94eb27de9,c1,c5,1258,?,x4,
1769495000.9375644,RECEIVED,e1b82f14-ab29-4dd5-ac9e-eb119cba2bec,2a4a1dd1-83b5-48cd-bfaf-115f75961d87,c3,c5,1780,e9,?,
1769495000.9833455,SENT,8e2d8796-f910-4bc4-a9ff-3c3d9dcbd5be,ddd8f51b-c1e4-4a97-ae56-1279a337eea6,c2,c3,1263,?,x11,
1769495000.9833872,FORWARDED,8e2d8796-f910-4bc4-a9ff-3c3d9dcbd5be,ddd8f51b-c1e4-4a97-ae56-1279a337eea6,c2,c3,1263,?,x11,
1769495000.9953127,RECEIVED,9e9426ce-cdcf-44b6-b4aa-5e39526a60f2,e72ead6b-0ee7-4a71-82b6-3f23eb48773b,c3,DROP,1019,e12,?,
1769495001.0211904,SENT,e1b82f14-ab29-4dd5-ac9e-eb119cba2bec,2a4a1dd1-83b5-48cd-bfaf-115f75961d87,c3,c5,1261,?,x4,
1769495001.021234,FORWARDED,e1b82f14-ab29-4dd5-ac9e-eb119cba2bec,2a4a1dd1-83b5-48cd-bfaf-115f75961d87,c3,c5,1261,?,x4,
1769495001.094231,SENT,fc761939-81d5-47bd-9fcd-e5f5a172d32d,509b8e76-ed34-4f00-9dae-53104e039318,c4,DROP,692,?,x4,
1769495001.0942729,FORWARDED,fc761939-81d5-47bd-9fcd-e5f5a172d32d,509b8e76-ed34-4f00-9dae-53104e039318,c4,DROP,692,?,x4,
1769495001.2145615,SENT,0d11d352-a550-45b2-a99d-0b957a9dee4f,8bed4156-63ae-449a-9dd4-8e082e928ff6,c2,DROP,688,?,x8,
1769495001.214605,FORWARDED,0d11d352-a550-45b2-a99d-0b957a9dee4f,8bed4156-63ae-449a-9dd4-8e082e928ff6,c2,DROP,688,?,x8,
1769495001.2262187,SENT,39cc653c-44f2-443d-b12d-7ff96276a9f1,4639e4dc-c225-44c6-8663-e02fee627710,c1,DROP,684,?,x1,
1769495001.2262592,FORWARDED,39cc653c-44f2-443d-b12d-7ff96276a9f1,4639e4dc-c225-44c6-8663-e02fee627710,c1,DROP,684,?,x1,
1769495001.2267468,RECEIVED,64367d31-2804-4564-bfbe-6fa13572b5ae,030c69ea-686a-46c4-94a9-9a88d256c49c,c2,c3,1788,e11,?,
1769495001.3181949,SENT,30d8f562-b2a9-45b0-befe-1131d15a89ff,170b575e-171a-42f0-8885-f4b959c0abd2,c3,DROP,687,?,x12,
1769495001.3182359,FORWARDED,30d8f562-b2a9-45b0-befe-1131d15a89ff,170b575e-171a-42f0-8885-f4b959c0abd2,c3,DROP,687,?,x12,
1769495001.3490317,RECEIVED,703edc6b-df2f-41ec-8924-5325c244c073,ea2a72e4-1174-401b-9287-03817fa0d385,c5,c2,1781,e10,?,
1769495001.3519187,RECEIVED,750db815-25be-4bd4-b1b9-b918c5c1e83a,701fe4d7-1db5-435b-9ad6-ecb947acc645,c5,c2,1787,e3,?,
1769495001.3767955,SENT,64367d31-2804-4564-bfbe-6fa13572b5ae,030c69ea-686a-46c4-94a9-9a88d256c49c,c2,c3,1268,?,x8,
1769495001.376835,FORWARDED,64367d31-2804-4564-bfbe-6fa13572b5ae,030c69ea-686a-46c4-94a9-9a88d256c49c,c2,c3,1268,?,x8,
1769495001.5019863,RECEIVED,9026b30b-af9d-4d69-a163-e10812c12425,ea63dc46-3b57-4af9-b733-2ba6e9dbe796,c4,DROP,1022,e11,?,
1769495001.5415082,SENT,9026b30b-af9d-4d69-a163-e10812c12425,ea63dc46-3b57-4af9-b733-2ba6e9dbe796,c4,DROP,692,?,x11,
1769495001.5415454,FORWARDED,9026b30b-af9d-4d69-a163-e10812c12425,ea63dc46-3b57-4af9-b733-2ba6e9dbe796,c4,DROP,692,?,x11,
1769495001.544659,SENT,22c3f91f-6f0f-48d3-943d-8eaf490deae2,0d9e000a-19cd-4b2e-a195-3bcafb81a4bf,c1,DROP,687,?,x4,
1769495001.5446966,FORWARDED,22c3f91f-6f0f-48d3-943d-8eaf490deae2,0d9e000a-19cd-4b2e-a195-3bcafb81a4bf,c1,DROP,687,?,x4,
1769495001.556139,RECEIVED,91f64f90-a8b7-4cf4-9147-4c09cd9b4c73,5d6273c5-7c25-4f83-a7ca-afdca733743d,c4,DROP,1016,e9,?,
1769495001.6483135,SENT,91f64f90-a8b7-4cf4-9147-4c09cd9b4c73,5d6273c5-7c25-4f83-a7ca-afdca733743d,c4,DROP,688,?,x9,
1769495001.6483562,FORWARDED,91f64f90-a8b7-4cf4-9147-4c09cd9b4c73,5d6273c5-7c25-4f83-a7ca-afdca733743d,c4,DROP,688,?,x9,
1769495001.7898679,SENT,703edc6b-df2f-41ec-8924-5325c244c073,ea2a72e4-1174-401b-9287-03817fa0d385,c5,c2,1263,?,x10,
1769495001.7899103,FORWARDED,703edc6b-df2f-41ec-8924-5325c244c073,ea2a72e4-1174-401b-9287-03817fa0d385,c5,c2,1263,?,x10,
1769495001.8674064,SENT,750db815-25be-4bd4-b1b9-b918c5c1e83a,701fe4d7-1db5-435b-9ad6-ecb947acc645,c5,c2,1267,?,x11,
1769495001.8674493,FORWARDED,750db815-25be-4bd4-b1b9-b918c5c1e83a,701fe4d7-1db5-435b-9ad6-ecb947acc645,c5,c2,1267,?,x11,
1769495001.9105804,SENT,c7d75e5f-c588-4b61-bde5-e6f5b4ea8e16,3e7abc3f-3829-4afe-b924-5f40765b8400,c3,DROP,688,?,x7,
1769495001.9106205,FORWARDED,c7d75e5f-c588-4b61-bde5-e6f5b4ea8e16,3e7abc3f-3829-4afe-b924-5f40765b8400,c3,DROP,688,?,x7,
1769495001.950217,RECEIVED,72cddd39-a740-4b51-8b39-10bdc4e09ed7,2d3621b0-684d-431c-97ce-7b7dd4067c31,c4,DROP,1008,e1,?,
1769495001.964621,RECEIVED,af2d2a61-cbe1-4534-ac62-b7d9681e2d5d,817e77a6-b82b-4be6-9cdf-20f04ddcdf6c,c2,DROP,445,x10,?,
1769495002.0084283,RECEIVED,ca627556-ae7b-4471-a72a-9b325d7f62b8,ab0d5062-d78f-49bb-85e9-b5c0fc12f911,c2,DROP,1020,e4,?,
1769495002.0901465,SENT,72cddd39-a740-4b51-8b39-10bdc4e09ed7,2d3621b0-684d-431c-97ce-7b7dd4067c31,c4,DROP,684,?,x1,
1769495002.090188,FORWARDED,72cddd39-a740-4b51-8b39-10bdc4e09ed7,2d3621b0-684d-431c-97ce-7b7dd4067c31,c4,DROP,684,?,x1,
1769495002.118482,RECEIVED,4ad5254f-4671-48d1-9d3c-8cd103a0b63b,69286123-d9ef-4fd5-acf5-bec095ab38c7,c3,DROP,1007,e11,?,
1769495002.1611803,RECEIVED,8dec3a40-c7c4-465d-90a9-0c6d55ab0abe,bcecc844-9023-4055-b40a-66e40f18b880,c4,DROP,1016,e1,?,
1769495002.1811304,RECEIVED,ce2831e8-d7b3-479d-93ca-95d35b9f3498,483a7570-53e8-4318-bcf4-d0e8eb90d24e,c4,DROP,1020,e7,?,
1769495002.195824,RECEIVED,c1940242-85c7-4b65-81f7-dd717f10c677,aeaf4e8a-5757-42d4-a37c-c68c59a3de39,c3,DROP,1021,e11,?,
1769495002.2941234,SENT,c1940242-85c7-4b65-81f7-dd717f10c677,aeaf4e8a-5757-42d4-a37c-c68c59a3de39,c3,DROP,692,?,x2,
1769495002.2946854,FORWARDED,c1940242-85c7-4b65-81f7-dd717f10c677,aeaf4e8a-5757-42d4-a37c-c68c59a3de39,c3,DROP,692,?,x2,
1769495002.3534799,RECEIVED,bdc9fce5-1997-48b6-b6a7-1353c292eb1b,137076ed-962d-40ad-ad33-af7436c4bf5c,c4,DROP,440,x9,?,
1769495002.4022202,RECEIVED,8e36b4a1-9a63-433d-9cb0-bcd9b6d8cb68,d34e8be6-324f-474c-94df-8b3cce85b467,c1,c5,1780,e10,?,
1769495002.458964,SENT,8dec3a40-c7c4-465d-90a9-0c6d55ab0abe,bcecc844-9023-4055-b40a-66e40f18b880,c4,DROP,689,?,x3,
1769495002.459006,FORWARDED,8dec3a40-c7c4-465d-90a9-0c6d55ab0abe,bcecc844-9023-4055-b40a-66e40f18b880,c4,DROP,689,?,x3,
1769495002.5189562,RECEIVED,11e5af38-37eb-4adc-ab47-aa64da09afcf,d85edd66-f59e-49cd-aa64-6380488c3d31,c4,DROP,441,x9,?,
1769495002.6546686,SENT,ca627556-ae7b-4471-a72a-9b325d7f62b8,ab0d5062-d78f-49bb-85e9-b5c0fc12f911,c2,DROP,691,?,x11,
1769495002.6547036,FORWARDED,ca627556-ae7b-4471-a72a-9b325d7f62b8,ab0d5062-d78f-49bb-85e9-b5c0fc12f911,c2,DROP,691,?,x11,
1769495002.8191686,RECEIVED,910d6437-825b-4dec-aa0f-0cbf6fe5fbc6,eeb3cbeb-bee4-4a14-894d-ff7ce0bb4b2c,c4,DROP,442,x2,?,
1769495002.964503,RECEIVED,8a53d0f3-cad6-4441-842e-4cdb5542a3cb,c5021779-b0a8-47de-8598-4dceb5d99054,c5,DROP,1019,e10,?,
1769495003.2084568,RECEIVED,3470c3d5-1cfc-4d05-a728-fbe8fc6e98a0,5ff0724d-db4e-4d50-af4d-8ec3a91f48d2,c2,c3,1783,e10,?,
1769495003.214337,SENT,8a53d0f3-cad6-4441-842e-4cdb5542a3cb,c5021779-b0a8-47de-8598-4dceb5d99054,c5,DROP,693,?,x1,
1769495003.2143762,FORWARDED,8a53d0f3-cad6-4441-842e-4cdb5542a3cb,c5021779-b0a8-47de-8598-4dceb5d99054,c5,DROP,693,?,x1,
1769495003.2213292,RECEIVED,cc2bbf4f-3fa8-4ebd-9e60-894eaf89f2ca,5110b89a-1825-4f72-b32f-48db3f961a12,c1,c5,1771,e8,?,
1769495003.5874743,RECEIVED,b799020b-8291-4e39-8d4f-6f48f6fcae78,ebf17dbf-8a67-45b8-b7cb-5a11b90dc8f4,c1,DROP,441,x5,?,
1769495003.637577,SENT,8e36b4a1-9a63-433d-9cb0-bcd9b6d8cb68,d34e8be6-324f-474c-94df-8b3cce85b467,c1,c5,1263,?,x12,
1769495003.6376204,FORWARDED,8e36b4a1-9a63-433d-9cb0-bcd9b6d8cb68,d34e8be6-324f-474c-94df-8b3cce85b467,c1,c5,1263,?,x12,
1769495003.666879,SENT,cc2bbf4f-3fa8-4ebd-9e60-894eaf89f2ca,5110b89a-1825-4f72-b32f-48db3f961a12,c1,c5,1256,?,x3,
1769495003.6669228,FORWARDED,cc2bbf4f-3fa8-4ebd-9e60-894eaf89f2ca,5110b89a-1825-4f72-b32f-48db3f961a12,c1,c5,1256,?,x3,
1769495003.8674266,SENT,3470c3d5-1cfc-4d05-a728-fbe8fc6e98a0,5ff0724d-db4e-4d50-af4d-8ec3a91f48d2,c2,c3,1264,?,x4,
1769495003.8681898,FORWARDED,3470c3d5-1cfc-4d05-a728-fbe8fc6e98a0,5ff0724d-db4e-4d50-af4d-8ec3a91f48d2,c2,c3,1264,?,x4,
1769495003.9824696,SENT,ce2831e8-d7b3-479d-93ca-95d35b9f3498,483a7570-53e8-4318-bcf4-d0e8eb90d24e,c4,DROP,691,?,x11,
1769495003.9825122,FORWARDED,ce2831e8-d7b3-479d-93ca-95d35b9f3498,483a7570-53e8-4318-bcf4-d0e8eb90d24e,c4,DROP,691,?,x11,
1769495004.201225,SENT,4ad5254f-4671-48d1-9d3c-8cd103a0b63b,69286123-d9ef-4fd5-acf5-bec095ab38c7,c3,DROP,682,?,x5,
1769495004.2012646,FORWARDED,4ad5254f-4671-48d1-9d3c-8cd103a0b63b,69286123-d9ef-4fd5-acf5-bec095ab38c7,c3,DROP,682,?,x5,
1769495004.311334,RECEIVED,3caa9a05-4555-4885-ab21-6753dfb43315,260e4042-6ae6-4f15-9a13-cf01b95ba379,c1,DROP,442,x2,?,
1769495004.3569684,RECEIVED,9d9a390e-4dde-4989-9bd2-d93a78f85be3,3d0ddbe9-5b99-4519-be5c-40ebfff5fef5,c2,c3,1779,e10,?,
1769495004.4241407,RECEIVED,a006e184-3640-411a-b70c-17ae2680fae4,a5762b6d-4d90-48ef-b456-272ef576ed76,c3,DROP,445,x8,?,
1769495004.4379013,SENT,9e9426ce-cdcf-44b6-b4aa-5e39526a60f2,e72ead6b-0ee7-4a71-82b6-3f23eb48773b,c3,DROP,693,?,x12,
1769495004.4379542,FORWARDED,9e9426ce-cdcf-44b6-b4aa-5e39526a60f2,e72ead6b-0ee7-4a71-82b6-3f23eb48773b,c3,DROP,693,?,x12,
1769495004.4404533,RECEIVED,959d9f1e-b5ed-468c-a99c-fd0aa1f2218a,b1beb8e2-5aab-4c85-bb81-90b8e764effd,c4,DROP,1013,e2,?,
1769495004.4874592,RECEIVED,556ae90b-3247-405e-82f6-75cb49e5ee93,2be395e4-3ee3-4d9a-a814-da3c2c29d883,c5,DROP,446,x10,?,
1769495004.5399795,SENT,959d9f1e-b5ed-468c-a99c-fd0aa1f2218a,b1beb8e2-5aab-4c85-bb81-90b8e764effd,c4,DROP,687,?,x12,
1769495004.540016,FORWARDED,959d9f1e-b5ed-468c-a99c-fd0aa1f2218a,b1beb8e2-5aab-4c85-bb81-90b8e764effd,c4,DROP,687,?,x12,
1769495004.5652547,RECEIVED,91be3f5e-f0bf-44f3-86ee-2db3eeaa8a80,091fbd54-cf87-46a4-ba54-bcd7eeee3129,c1,DROP,441,x11,?,
1769495004.5829935,RECEIVED,886a4eab-4a36-4c92-9de6-438ef1c3e65a,294fdd01-55a3-43bc-8196-5ccd5fa4daf3,c1,DROP,1020,e10,?,
1769495004.7135568,RECEIVED,072da4f5-b17d-40cf-ade5-607eb6e12a31,b2a8a04e-199b-40ba-bd39-1220277cc1b1,c3,DROP,442,x1,?,
1769495004.7397823,SENT,886a4eab-4a36-4c92-9de6-438ef1c3e65a,294fdd01-55a3-43bc-8196-5ccd5fa4daf3,c1,DROP,692,?,x9,
1769495004.739825,FORWARDED,886a4eab-4a36-4c92-9de6-438ef1c3e65a,294fdd01-55a3-43bc-8196-5ccd5fa4daf3,c1,DROP,692,?,x9,
1769495005.1582253,RECEIVED,3440c111-1cf5-4310-8227-6fd5afb0a31f,5f4e6a94-d9df-43cb-9929-18a4bcfb962e,c4,DROP,1007,e3,?,
1769495005.174211,RECEIVED,62868a48-c670-4288-8333-3a26b635f8c9,81b6c7d2-9796-47b3-9c9b-eb31647547b0,c2,c3,1783,e8,?,
1769495005.2354605,RECEIVED,191c8cfe-c3b8-4829-84b3-a7c4cf552657,091b47d4-9ca1-4a47-aa09-ea0aa61e390f,c1,DROP,445,x12,?,
1769495005.2834814,SENT,62868a48-c670-4288-8333-3a26b635f8c9,81b6c7d2-9796-47b3-9c9b-eb31647547b0,c2,c3,1264,?,x10,
1769495005.2835217,FORWARDED,62868a48-c670-4288-8333-3a26b635f8c9,81b6c7d2-9796-47b3-9c9b-eb31647547b0,c2,c3,1264,?,x10,
1769495005.5501401,RECEIVED,bf7a9c7f-6ef3-4c3c-bfd1-53967a751f16,76043729-0d75-4eef-92d1-43b3eaa52f4f,c5,DROP,1006,e8,?,
1769495005.5676954,RECEIVED,3d812eab-d844-4b8e-ac56-4b82aa8c0e86,85ab25b1-fbe9-45a6-8348-e8e9912ecd6e,c5,c2,1788,e1,?,
1769495005.687582,SENT,3440c111-1cf5-4310-8227-6fd5afb0a31f,5f4e6a94-d9df-43cb-9929-18a4bcfb962e,c4,DROP,683,?,x8,
1769495005.6876247,FORWARDED,3440c111-1cf5-4310-8227-6fd5afb0a31f,5f4e6a94-d9df-43cb-9929-18a4bcfb962e,c4,DROP,683,?,x8,
1769495005.7580237,RECEIVED,ddd42e1e-2ac9-4689-8908-b66d74366be7,9627d46e-acd9-4263-91f4-4b2501567fb8,c5,DROP,442,x7,?,
1769495005.845242,SENT,bf7a9c7f-6ef3-4c3c-bfd1-53967a751f16,76043729-0d75-4eef-92d1-43b3eaa52f4f,c5,DROP,683,?,x4,
1769495005.8452814,FORWARDED,bf7a9c7f-6ef3-4c3c-bfd1-53967a751f16,76043729-0d75-4eef-92d1-43b3eaa52f4f,c5,DROP,683,?,x4,
1769495006.0510044,RECEIVED,f791183a-04af-4dc7-a9ac-1b7de7468190,70363728-3079-4dd6-8523-73a91fedeabc,c1,DROP,437,x7,?,
1769495006.1356127,RECEIVED,1c09eb9b-025f-425b-b8fd-ccead36fb3fc,129b9b25-e725-47de-b7a8-f5a11e1253ff,c2,c3,1763,e12,?,
1769495006.2536783,SENT,3d812eab-d844-4b8e-ac56-4b82aa8c0e86,85ab25b1-fbe9-45a6-8348-e8e9912ecd6e,c5,c2,1267,?,x10,
1769495006.2537196,FORWARDED,3d812eab-d844-4b8e-ac56-4b82aa8c0e86,85ab25b1-fbe9-45a6-8348-e8e9912ecd6e,c5,c2,1267,?,x10,
1769495006.370035,RECEIVED,a6ccc02a-25e0-455d-82d8-db3630ebb438,542d6d1b-6845-4e24-b888-b605428f22de,c5,DROP,1007,e11,?,
1769495006.397183,SENT,9d9a390e-4dde-4989-9bd2-d93a78f85be3,3d0ddbe9-5b99-4519-be5c-40ebfff5fef5,c2,c3,1263,?,x11,
1769495006.3972218,FORWARDED,9d9a390e-4dde-4989-9bd2-d93a78f85be3,3d0ddbe9-5b99-4519-be5c-40ebfff5fef5,c2,c3,1263,?,x11,
1769495006.5552797,RECEIVED,174275a2-13af-4a94-b56a-838fbd2ce83d,f9442d19-b074-4403-94b6-6b61fc4cfbfc,c4,DROP,1011,e10,?,
1769495006.6780577,RECEIVED,d0ba7f56-a0a7-4206-9f9c-20a581393c6f,f94bb8d5-79ff-49a0-b8bb-6c0e0fc56096,c4,DROP,445,x12,?,
1769495006.770762,RECEIVED,0560d06b-6830-4bd1-8e7a-33fcca96f11e,b4d8ec01-7654-45ae-9364-7b6df5cc3d84,c3,c5,1784,e1,?,
1769495006.8233294,SENT,174275a2-13af-4a94-b56a-838fbd2ce83d,f9442d19-b074-4403-94b6-6b61fc4cfbfc,c4,DROP,686,?,x1,
1769495006.8233697,FORWARDED,174275a2-13af-4a94-b56a-838fbd2ce83d,f9442d19-b074-4403-94b6-6b61fc4cfbfc,c4,DROP,686,?,x1,
1769495006.927037,RECEIVED,1ee0540d-413b-4935-8e0c-bdaaf10e0770,2ea91696-9756-4f4d-ab0c-5ece0935cc56,c1,DROP,1021,e10,?,
1769495006.9623606,RECEIVED,924d01b5-961e-47b5-8583-bb24f1a91d2a,ea2eaeb5-200b-44fc-8af7-ba1d67d761a2,c4,DROP,441,x10,?,
1769495007.0020332,SENT,1ee0540d-413b-4935-8e0c-bdaaf10e0770,2ea91696-9756-4f4d-ab0c-5ece0935cc56,c1,DROP,693,?,x11,
1769495007.0020773,FORWARDED,1ee0540d-413b-4935-8e0c-bdaaf10e0770,2ea91696-9756-4f4d-ab0c-5ece0935cc56,c1,DROP,693,?,x11,
1769495007.055477,RECEIVED,c735686b-6c36-4b62-8ee1-cfa11d3c146f,210b9417-d602-4b7e-a4cf-74e76c3f3bbb,c2,DROP,1023,e9,?,
1769495007.1232412,SENT,a6ccc02a-25e0-455d-82d8-db3630ebb438,542d6d1b-6845-4e24-b888-b605428f22de,c5,DROP,683,?,x7,
1769495007.1232843,FORWARDED,a6ccc02a-25e0-455d-82d8-db3630ebb438,542d6d1b-6845-4e24-b888-b605428f22de,c5,DROP,683,?,x7,
1769495007.1524959,RECEIVED,dc53641b-c62e-4cd0-84c9-af9e7d37b45e,555a864d-352e-4442-8510-65d65685b488,c4,DROP,1019,e1,?,
1769495007.1627667,RECEIVED,c0fa17d1-689e-4a7f-91c8-11160b146f55,ac10bb84-8aeb-4790-919c-8fb132c4bbf9,c1,DROP,1008,e1,?,
1769495007.1901429,SENT,0560d06b-6830-4bd1-8e7a-33fcca96f11e,b4d8ec01-7654-45ae-9364-7b6df5cc3d84,c3,c5,1264,?,x11,
1769495007.1901846,FORWARDED,0560d06b-6830-4bd1-8e7a-33fcca96f11e,b4d8ec01-7654-45ae-9364-7b6df5cc3d84,c3,c5,1264,?,x11,
1769495007.2820086,SENT,c0fa17d1-689e-4a7f-91c8-11160b146f55,ac10bb84-8aeb-4790-919c-8fb132c4bbf9,c1,DROP,683,?,x7,
1769495007.2820628,FORWARDED,c0fa17d1-689e-4a7f-91c8-11160b146f55,ac10bb84-8aeb-4790-919c-8fb132c4bbf9,c1,DROP,683,?,x7,
1769495007.2991395,RECEIVED,3eb7ab56-18da-4b7b-be51-15a6184fa175,9ad23899-5dad-458d-816b-27143cf0e966,c3,DROP,1008,e6,?,
1769495007.330447,RECEIVED,80a2a851-c2f2-421b-8f90-0755ab6d41a8,e16dea24-d98f-47af-8d96-82122d7968c4,c4,c5,1779,e7,?,
1769495007.4624724,RECEIVED,d94670e3-8922-484c-bdaf-0cf23999471a,85ba83ab-90d5-46df-b418-b4ca1a4d1aa1,c1,DROP,1024,e1,?,
1769495007.585358,SENT,dc53641b-c62e-4cd0-84c9-af9e7d37b45e,555a864d-352e-4442-8510-65d65685b488,c4,DROP,693,?,x8,
1769495007.5853965,FORWARDED,dc53641b-c62e-4cd0-84c9-af9e7d37b45e,555a864d-352e-4442-8510-65d65685b488,c4,DROP,693,?,x8,
1769495007.5885677,RECEIVED,8781d0fb-0411-44eb-a2f8-7a8042d68412,f20497b6-ca56-461e-95f1-24416455929b,c1,DROP,1018,e11,?,
1769495007.8672848,RECEIVED,72f5a4d7-5f71-4862-8e5c-9b52e4d4198b,014919e0-e9f3-4f79-b2bf-b67386ceff3e,c3,DROP,1010,e4,?,
1769495007.921324,RECEIVED,51dbea41-27c4-43ba-9282-7704226768ee,a74d3406-14f7-4c65-84c5-23a1daf48ed5,c2,DROP,445,x10,?,
1769495008.047037,SENT,3eb7ab56-18da-4b7b-be51-15a6184fa175,9ad23899-5dad-458d-816b-27143cf0e966,c3,DROP,684,?,x10,
1769495008.0470915,FORWARDED,3eb7ab56-18da-4b7b-be51-15a6184fa175,9ad23899-5dad-458d-816b-27143cf0e966,c3,DROP,684,?,x10,
1769495008.0937257,SENT,8781d0fb-0411-44eb-a2f8-7a8042d68412,f20497b6-ca56-461e-95f1-24416455929b,c1,DROP,691,?,x2,
1769495008.0938597,FORWARDED,8781d0fb-0411-44eb-a2f8-7a8042d68412,f20497b6-ca56-461e-95f1-24416455929b,c1,DROP,691,?,x2,
1769495008.2154713,RECEIVED,27c8b39a-7494-4b99-998d-e213c47c7c43,beeda019-33ca-4d40-8d14-73103a2c8293,c1,DROP,1007,e7,?,
1769495008.3725684,SENT,80a2a851-c2f2-421b-8f90-0755ab6d41a8,e16dea24-d98f-47af-8d96-82122d7968c4,c4,c5,1263,?,x7,
1769495008.3726118,FORWARDED,80a2a851-c2f2-421b-8f90-0755ab6d41a8,e16dea24-d98f-47af-8d96-82122d7968c4,c4,c5,1263,?,x7,
1769495008.4173744,SENT,d94670e3-8922-484c-bdaf-0cf23999471a,85ba83ab-90d5-46df-b418-b4ca1a4d1aa1,c1,DROP,694,?,x10,
1769495008.4174182,FORWARDED,d94670e3-8922-484c-bdaf-0cf23999471a,85ba83ab-90d5-46df-b418-b4ca1a4d1aa1,c1,DROP,694,?,x10,
1769495008.5618858,RECEIVED,1b707006-b6c6-42b6-a62f-80ff432232b5,80cbea2a-f244-4690-9d34-5f4eae660c41,c2,c3,1784,e10,?,
1769495008.5754735,SENT,72f5a4d7-5f71-4862-8e5c-9b52e4d4198b,014919e0-e9f3-4f79-b2bf-b67386ceff3e,c3,DROP,686,?,x6,
1769495008.5755157,FORWARDED,72f5a4d7-5f71-4862-8e5c-9b52e4d4198b,014919e0-e9f3-4f79-b2bf-b67386ceff3e,c3,DROP,686,?,x6,
1769495008.6001449,SENT,c735686b-6c36-4b62-8ee1-cfa11d3c146f,210b9417-d602-4b7e-a4cf-74e76c3f3bbb,c2,DROP,694,?,x7,
1769495008.6001806,FORWARDED,c735686b-6c36-4b62-8ee1-cfa11d3c146f,210b9417-d602-4b7e-a4cf-74e76c3f3bbb,c2,DROP,694,?,x7,
1769495008.6192415,SENT,1c09eb9b-025f-425b-b8fd-ccead36fb3fc,129b9b25-e725-47de-b7a8-f5a11e1253ff,c2,c3,1251,?,x5,
1769495008.6192844,FORWARDED,1c09eb9b-025f-425b-b8fd-ccead36fb3fc,129b9b25-e725-47de-b7a8-f5a11e1253ff,c2,c3,1251,?,x5,
1769495008.826258,SENT,1b707006-b6c6-42b6-a62f-80ff432232b5,80cbea2a-f244-4690-9d34-5f4eae660c41,c2,c3,1264,?,x8,
1769495008.8262985,FORWARDED,1b707006-b6c6-42b6-a62f-80ff432232b5,80cbea2a-f244-4690-9d34-5f4eae660c41,c2,c3,1264,?,x8,
1769495009.0158975,RECEIVED,424a4fd3-e875-4123-a284-977335ecd894,f04b0305-c648-451c-b7db-75d1dbcc7158,c3,DROP,1012,e1,?,
1769495009.0609288,RECEIVED,6f845241-55a8-49db-b295-5ef330bfdcf6,279c9f33-65b8-4bde-9d12-14e1b65289ff,c3,DROP,1012,e6,?,
1769495009.1725552,SENT,27c8b39a-7494-4b99-998d-e213c47c7c43,beeda019-33ca-4d40-8d14-73103a2c8293,c1,DROP,683,?,x7,
1769495009.1725965,FORWARDED,27c8b39a-7494-4b99-998d-e213c47c7c43,beeda019-33ca-4d40-8d14-73103a2c8293,c1,DROP,683,?,x7,
1769495009.1909714,RECEIVED,c07d22d5-b478-4410-9eb7-fbb0a930a389,8071e620-d0c7-4c78-93ed-a6b7d212623a,c5,DROP,442,x7,?,
1769495009.2078245,RECEIVED,6609d153-86c9-4b9d-8ff4-f697b94f0dae,aabe86bd-d4cd-409d-ad76-e64e92a1b465,c2,DROP,1013,e2,?,
1769495009.229949,SENT,6f845241-55a8-49db-b295-5ef330bfdcf6,279c9f33-65b8-4bde-9d12-14e1b65289ff,c3,DROP,687,?,x9,
1769495009.22999,FORWARDED,6f845241-55a8-49db-b295-5ef330bfdcf6,279c9f33-65b8-4bde-9d12-14e1b65289ff,c3,DROP,687,?,x9,
1769495009.2783933,SENT,6609d153-86c9-4b9d-8ff4-f697b94f0dae,aabe86bd-d4cd-409d-ad76-e64e92a1b465,c2,DROP,687,?,x10,
1769495009.278435,FORWARDED,6609d153-86c9-4b9d-8ff4-f697b94f0dae,aabe86bd-d4cd-409d-ad76-e64e92a1b465,c2,DROP,687,?,x10,
1769495009.2884932,RECEIVED,8d2b6de3-cc5a-4d29-8bb0-1e51ba53975f,ae8ebae4-9efe-4251-9068-5449f5616ec5,c1,DROP,1006,e1,?,
1769495009.355837,RECEIVED,3226fa93-f348-43eb-b48d-8b90782dedab,16d8349b-3cef-4014-8418-d680d7f533bc,c1,DROP,1019,e10,?,
1769495009.588797,SENT,3226fa93-f348-43eb-b48d-8b90782dedab,16d8349b-3cef-4014-8418-d680d7f533bc,c1,DROP,691,?,x7,
1769495009.588832,FORWARDED,3226fa93-f348-43eb-b48d-8b90782dedab,16d8349b-3cef-4014-8418-d680d7f533bc,c1,DROP,691,?,x7,
1769495009.6012058,RECEIVED,9add08e9-bf4c-4625-915c-b2d8acc5e54e,bfd07958-f6d4-41e9-9c8e-0b7fc8592237,c2,DROP,1008,e6,?,
1769495009.6906896,SENT,9add08e9-bf4c-4625-915c-b2d8acc5e54e,bfd07958-f6d4-41e9-9c8e-0b7fc8592237,c2,DROP,683,?,x6,
1769495009.6907313,FORWARDED,9add08e9-bf4c-4625-915c-b2d8acc5e54e,bfd07958-f6d4-41e9-9c8e-0b7fc8592237,c2,DROP,683,?,x6,
1769495009.7560065,SENT,8d2b6de3-cc5a-4d29-8bb0-1e51ba53975f,ae8ebae4-9efe-4251-9068-5449f5616ec5,c1,DROP,683,?,x6,
1769495009.7560403,FORWARDED,8d2b6de3-cc5a-4d29-8bb0-1e51ba53975f,ae8ebae4-9efe-4251-9068-5449f5616ec5,c1,DROP,683,?,x6,
1769495009.8127759,RECEIVED,9cc5b9de-c909-48d4-8bd9-7e7c76f69e59,ebf86906-3f65-40c9-8454-acd8a3b242af,c5,DROP,1007,e3,?,
1769495009.9467869,RECEIVED,f305b10a-3153-4727-823b-9c5fce775e68,ed8ecc6d-c848-47ad-8d0d-c4885772caff,c4,DROP,1015,e1,?,
1769495009.9543428,RECEIVED,fb03c822-b80f-4909-9f5f-4240a1430a96,174bee70-4079-472c-a32b-86385d997209,c5,DROP,1015,e9,?,
1769495009.958573,RECEIVED,e278f63a-14ba-46b2-b346-400cf8277831,ed6ff8c1-e99d-4e8c-b583-f8b545f3298a,c3,DROP,445,x11,?,
1769495010.021805,RECEIVED,22b3b43a-7d70-48b6-b16a-1a12abf4f162,d5b7e7b8-2727-4baa-91a4-3e2fd490a819,c5,DROP,441,x10,?,
1769495010.2714112,SENT,9cc5b9de-c909-48d4-8bd9-7e7c76f69e59,ebf86906-3f65-40c9-8454-acd8a3b242af,c5,DROP,684,?,x11,
1769495010.271453,FORWARDED,9cc5b9de-c909-48d4-8bd9-7e7c76f69e59,ebf86906-3f65-40c9-8454-acd8a3b242af,c5,DROP,684,?,x11,
1769495010.3773358,RECEIVED,2fc646c4-8e48-4408-8cec-9887ae1a5abf,164f9c40-909b-4e7e-9432-36cab74f56ad,c2,DROP,1007,e11,?,
1769495010.4598887,SENT,424a4fd3-e875-4123-a284-977335ecd894,f04b0305-c648-451c-b7db-75d1dbcc7158,c3,DROP,685,?,x10,
1769495010.4599302,FORWARDED,424a4fd3-e875-4123-a284-977335ecd894,f04b0305-c648-451c-b7db-75d1dbcc7158,c3,DROP,685,?,x10,
1769495010.5301876,RECEIVED,bd8cb45a-30c0-46aa-b9b5-3c711364b47c,056b2dbf-2fe4-403b-a147-3497524376d8,c5,DROP,1012,e4,?,
1769495010.584417,SENT,bd8cb45a-30c0-46aa-b9b5-3c711364b47c,056b2dbf-2fe4-403b-a147-3497524376d8,c5,DROP,687,?,x2,
1769495010.5844579,FORWARDED,bd8cb45a-30c0-46aa-b9b5-3c711364b47c,056b2dbf-2fe4-403b-a147-3497524376d8,c5,DROP,687,?,x2,
1769495010.6879265,RECEIVED,d03952d9-fcb6-452b-822a-b9a1b4a7e885,c83b2d3e-88c3-4937-8933-a8515064428a,c5,DROP,1007,e1,?,
1769495010.9244692,RECEIVED,420a07e1-4d30-4a06-b772-6741c915f80e,79e0503b-1b88-420f-a1e7-379e92c6f67c,c1,DROP,1007,e11,?,
1769495011.0243816,SENT,d03952d9-fcb6-452b-822a-b9a1b4a7e885,c83b2d3e-88c3-4937-8933-a8515064428a,c5,DROP,684,?,x7,
1769495011.0244198,FORWARDED,d03952d9-fcb6-452b-822a-b9a1b4a7e885,c83b2d3e-88c3-4937-8933-a8515064428a,c5,DROP,684,?,x7,
1769495011.0886683,SENT,fb03c822-b80f-4909-9f5f-4240a1430a96,174bee70-4079-472c-a32b-86385d997209,c5,DROP,688,?,x3,
1769495011.0887086,FORWARDED,fb03c822-b80f-4909-9f5f-4240a1430a96,174bee70-4079-472c-a32b-86385d997209,c5,DROP,688,?,x3,
1769495011.1607537,RECEIVED,06182fad-9bb1-4b49-9e15-336157da9a8f,f1419e73-b63f-40fd-a508-182631bd3681,c2,DROP,445,x4,?,
1769495011.2739518,SENT,2fc646c4-8e48-4408-8cec-9887ae1a5abf,164f9c40-909b-4e7e-9432-36cab74f56ad,c2,DROP,683,?,x1,
1769495011.2739956,FORWARDED,2fc646c4-8e48-4408-8cec-9887ae1a5abf,164f9c40-909b-4e7e-9432-36cab74f56ad,c2,DROP,683,?,x1,
1769495011.4695988,RECEIVED,e8cd3bfa-55a3-4e74-a9ad-7c21cd59493d,0582d6e8-f5fd-4fea-b74b-0cfa70d84d62,c1,DROP,1012,e3,?,
1769495011.473122,RECEIVED,2d52a911-e7d9-42e4-83f8-cf6eb48eb1f0,de85048b-a164-4ae3-891b-11a2034e1c7f,c5,DROP,1020,e4,?,
1769495011.4856944,SENT,e8cd3bfa-55a3-4e74-a9ad-7c21cd59493d,0582d6e8-f5fd-4fea-b74b-0cfa70d84d62,c1,DROP,686,?,x8,
1769495011.4857366,FORWARDED,e8cd3bfa-55a3-4e74-a9ad-7c21cd59493d,0582d6e8-f5fd-4fea-b74b-0cfa70d84d62,c1,DROP,686,?,x8,
1769495011.5181162,RECEIVED,60db64b7-1c7d-4b24-9843-c7d356e7b66c,4d21b354-2420-41c2-b17b-287a7b721ac4,c5,DROP,1019,e9,?,
1769495011.6431894,SENT,420a07e1-4d30-4a06-b772-6741c915f80e,79e0503b-1b88-420f-a1e7-379e92c6f67c,c1,DROP,683,?,x6,
1769495011.643232,FORWARDED,420a07e1-4d30-4a06-b772-6741c915f80e,79e0503b-1b88-420f-a1e7-379e92c6f67c,c1,DROP,683,?,x6,
1769495011.653654,RECEIVED,c40c271f-5d63-4293-b548-959193b60bf4,655eafe8-6cb5-43f3-a455-377626984823,c5,DROP,1021,e12,?,
1769495011.7352893,RECEIVED,e974359b-8bbc-4746-b8e0-45f22bab5601,ea5b3087-a1ca-43f1-805a-0c20370eb412,c1,c5,1785,e10,?,
1769495011.772746,SENT,f305b10a-3153-4727-823b-9c5fce775e68,ed8ecc6d-c848-47ad-8d0d-c4885772caff,c4,DROP,688,?,x2,
1769495011.7727895,FORWARDED,f305b10a-3153-4727-823b-9c5fce775e68,ed8ecc6d-c848-47ad-8d0d-c4885772caff,c4,DROP,688,?,x2,
1769495011.878759,SENT,c40c271f-5d63-4293-b548-959193b60bf4,655eafe8-6cb5-43f3-a455-377626984823,c5,DROP,692,?,x12,
1769495011.8788016,FORWARDED,c40c271f-5d63-4293-b548-959193b60bf4,655eafe8-6cb5-43f3-a455-377626984823,c5,DROP,692,?,x12,
1769495011.9435377,SENT,e974359b-8bbc-4746-b8e0-45f22bab5601,ea5b3087-a1ca-43f1-805a-0c20370eb412,c1,c5,1264,?,x12,
1769495011.9435792,FORWARDED,e974359b-8bbc-4746-b8e0-45f22bab5601,ea5b3087-a1ca-43f1-805a-0c20370eb412,c1,c5,1264,?,x12,
1769495011.9664183,RECEIVED,74f41464-9c5e-4a54-ab94-01681ae8e7ff,87f157e6-212b-4f12-a0ac-52b10fbbfb45,c3,DROP,442,x2,?,
1769495012.1167595,RECEIVED,dd091c4c-9e1b-457b-a298-3251a6bf27cd,581296cf-637e-4c87-b9b3-2a2ffca106a5,c1,DROP,1020,e9,?,
1769495012.1347594,RECEIVED,709f49c0-e417-4a58-b13f-b58b90b17d7a,1516bb3b-2f67-4cda-919e-e58c67657fbc,c5,DROP,1016,e8,?,
1769495012.1829302,SENT,709f49c0-e417-4a58-b13f-b58b90b17d7a,1516bb3b-2f67-4cda-919e-e58c67657fbc,c5,DROP,688,?,x7,
1769495012.1829717,FORWARDED,709f49c0-e417-4a58-b13f-b58b90b17d7a,1516bb3b-2f67-4cda-919e-e58c67657fbc,c5,DROP,688,?,x7,
1769495012.2204373,SENT,2d52a911-e7d9-42e4-83f8-cf6eb48eb1f0,de85048b-a164-4ae3-891b-11a2034e1c7f,c5,DROP,692,?,x11,
1769495012.2204754,FORWARDED,2d52a911-e7d9-42e4-83f8-cf6eb48eb1f0,de85048b-a164-4ae3-891b-11a2034e1c7f,c5,DROP,692,?,x11,
1769495012.2330868,SENT,60db64b7-1c7d-4b24-9843-c7d356e7b66c,4d21b354-2420-41c2-b17b-287a7b721ac4,c5,DROP,692,?,x5,
1769495012.233148,FORWARDED,60db64b7-1c7d-4b24-9843-c7d356e7b66c,4d21b354-2420-41c2-b17b-287a7b721ac4,c5,DROP,692,?,x5,
1769495012.2578044,RECEIVED,435cbe5e-8f4f-428f-bea6-5c169971c3f1,b6385f07-4ac0-4141-933d-9791febcdde5,c5,DROP,1019,e11,?,
1769495012.613862,SENT,dd091c4c-9e1b-457b-a298-3251a6bf27cd,581296cf-637e-4c87-b9b3-2a2ffca106a5,c1,DROP,692,?,x11,
1769495012.6139057,FORWARDED,dd091c4c-9e1b-457b-a298-3251a6bf27cd,581296cf-637e-4c87-b9b3-2a2ffca106a5,c1,DROP,692,?,x11,
1769495012.7167616,RECEIVED,c0912088-1a6e-44ab-a359-938822253650,1bb6eef8-5d28-43f3-a1f0-f9745c76914a,c2,DROP,441,x7,?,
1769495012.882529,RECEIVED,615077ca-0e1d-4441-a387-761dfdc8f666,0cf1882f-5b2a-41d0-a7c4-0e3c7bb84110,c4,DROP,1010,e7,?,
1769495012.893823,RECEIVED,5f7b6ab4-aea7-4016-9c75-600ee539b1b8,1a911e0c-c0f3-40f8-a930-47bad2b15ead,c2,DROP,1020,e9,?,
1769495012.930232,SENT,5f7b6ab4-aea7-4016-9c75-600ee539b1b8,1a911e0c-c0f3-40f8-a930-47bad2b15ead,c2,DROP,692,?,x2,
1769495012.9302723,FORWARDED,5f7b6ab4-aea7-4016-9c75-600ee539b1b8,1a911e0c-c0f3-40f8-a930-47bad2b15ead,c2,DROP,692,?,x2,
1769495012.9798818,RECEIVED,11355af8-e6f8-462e-88ea-a2bc419c04b2,f14bd1ac-fda6-4cf6-9174-50f1fdf18b8f,c3,DROP,1012,e4,?,
1769495013.017438,SENT,11355af8-e6f8-462e-88ea-a2bc419c04b2,f14bd1ac-fda6-4cf6-9174-50f1fdf18b8f,c3,DROP,686,?,x5,
1769495013.0174787,FORWARDED,11355af8-e6f8-462e-88ea-a2bc419c04b2,f14bd1ac-fda6-4cf6-9174-50f1fdf18b8f,c3,DROP,686,?,x5,
1769495013.0454462,RECEIVED,a51f6534-f2f3-473d-a290-b59fa4f7cbdc,7ebed826-1309-4cfc-9bcd-7dce0a3a7068,c1,DROP,1010,e6,?,
1769495013.1406312,RECEIVED,467c4978-6fa2-44e4-b8c4-45e436534dc7,45f78e5a-b190-40b8-b364-64cb331f325c,c4,DROP,441,x2,?,
1769495013.4196408,RECEIVED,de5f7d17-439d-416f-91a8-f08f28c3fa6d,5c898310-4256-4d91-8f32-630c8446b1bb,c1,DROP,1006,e5,?,
1769495013.5521278,RECEIVED,ca9ef2d5-b943-4a83-8ab8-8c3ca948f49f,ffb3871e-87f4-4038-93d7-cc43a97ef3fe,c4,DROP,441,x8,?,
1769495013.712961,RECEIVED,58509234-974b-435b-80b7-0550967024ef,6c24a641-c810-46e3-a681-ace0a9842756,c4,DROP,1012,e3,?,
1769495013.7749588,SENT,58509234-974b-435b-80b7-0550967024ef,6c24a641-c810-46e3-a681-ace0a9842756,c4,DROP,687,?,x8,
1769495013.7749994,FORWARDED,58509234-974b-435b-80b7-0550967024ef,6c24a641-c810-46e3-a681-ace0a9842756,c4,DROP,687,?,x8,
1769495014.0294216,SENT,a51f6534-f2f3-473d-a290-b59fa4f7cbdc,7ebed826-1309-4cfc-9bcd-7dce0a3a7068,c1,DROP,687,?,x8,
1769495014.0294635,FORWARDED,a51f6534-f2f3-473d-a290-b59fa4f7cbdc,7ebed826-1309-4cfc-9bcd-7dce0a3a7068,c1,DROP,687,?,x8,
1769495014.0694835,SENT,435cbe5e-8f4f-428f-bea6-5c169971c3f1,b6385f07-4ac0-4141-933d-9791febcdde5,c5,DROP,693,?,x8,
1769495014.0695248,FORWARDED,435cbe5e-8f4f-428f-bea6-5c169971c3f1,b6385f07-4ac0-4141-933d-9791febcdde5,c5,DROP,693,?,x8,
1769495014.277951,SENT,de5f7d17-439d-416f-91a8-f08f28c3fa6d,5c898310-4256-4d91-8f32-630c8446b1bb,c1,DROP,684,?,x8,
1769495014.2779944,FORWARDED,de5f7d17-439d-416f-91a8-f08f28c3fa6d,5c898310-4256-4d91-8f32-630c8446b1bb,c1,DROP,684,?,x8,
1769495014.3396404,RECEIVED,6adcee5b-03d0-4a84-a7f1-0908e71b5236,68f81e88-fa76-45da-ac00-d7fef5a1dd7c,c1,DROP,1007,e8,?,
1769495014.4556987,RECEIVED,a5b0ac81-d967-4603-ac93-3632ba603777,5d95c527-c853-478a-b65a-13924086ff0b,c5,DROP,1007,e2,?,
1769495014.4561863,RECEIVED,3f156978-97a0-449d-a006-788869a43750,f2df9e2d-4ff5-423a-a70d-3532efa3c37b,c1,DROP,441,x8,?,
1769495014.4854717,RECEIVED,1eeb7e64-313c-41f3-9c0c-3708db40e89f,5e816b6f-2960-4079-a8cc-df884ac97b2f,c5,DROP,441,x7,?,
1769495014.5069191,SENT,615077ca-0e1d-4441-a387-761dfdc8f666,0cf1882f-5b2a-41d0-a7c4-0e3c7bb84110,c4,DROP,685,?,x4,
1769495014.5069613,FORWARDED,615077ca-0e1d-4441-a387-761dfdc8f666,0cf1882f-5b2a-41d0-a7c4-0e3c7bb84110,c4,DROP,685,?,x4,
1769495014.7251556,SENT,6adcee5b-03d0-4a84-a7f1-0908e71b5236,68f81e88-fa76-45da-ac00-d7fef5a1dd7c,c1,DROP,683,?,x8,
1769495014.7251985,FORWARDED,6adcee5b-03d0-4a84-a7f1-0908e71b5236,68f81e88-fa76-45da-ac00-d7fef5a1dd7c,c1,DROP,683,?,x8,
1769495015.3185904,SENT,a5b0ac81-d967-4603-ac93-3632ba603777,5d95c527-c853-478a-b65a-13924086ff0b,c5,DROP,683,?,x8,
1769495015.3186312,FORWARDED,a5b0ac81-d967-4603-ac93-3632ba603777,5d95c527-c853-478a-b65a-13924086ff0b,c5,DROP,683,?,x8,
1769495015.6052575,RECEIVED,7749e237-e33c-4212-91c6-5fbf7ad27a91,5aa535b4-975a-4863-95b1-40159f098b62,c5,DROP,1015,e6,?,
1769495015.6469967,RECEIVED,0d5114f3-fc3b-4c92-bc77-f713f50ae539,acfe4fd5-779c-4016-8e9e-4eac543ccf66,c5,DROP,1020,e9,?,
1769495015.8060293,RECEIVED,1f1d2089-f3ea-4c86-95af-f0e61dcfc203,a8993358-38bd-496e-a77c-8bdf048ad3cb,c5,c2,1775,e11,?,
1769495015.8575964,RECEIVED,2f040d33-ab56-4b7c-bdbe-32d8e074067c,c04a67af-baf8-43e7-9e6a-b9454009b359,c3,c5,1774,e1,?,
1769495015.8691564,RECEIVED,fb306401-136d-4ca9-8e6a-143b1d54e167,8d8ded64-80dd-4a04-8926-5a4f24a53d1f,c1,c5,1784,e5,?,
1769495016.0117848,RECEIVED,319220e3-6b45-453f-882b-303514cb147f,6effe3b9-01f0-40a7-8cff-5d101f2f2360,c3,c5,1780,e3,?,
1769495016.0364401,SENT,7749e237-e33c-4212-91c6-5fbf7ad27a91,5aa535b4-975a-4863-95b1-40159f098b62,c5,DROP,689,?,x3,
1769495016.036518,FORWARDED,7749e237-e33c-4212-91c6-5fbf7ad27a91,5aa535b4-975a-4863-95b1-40159f098b62,c5,DROP,689,?,x3,
1769495016.0500245,SENT,fb306401-136d-4ca9-8e6a-143b1d54e167,8d8ded64-80dd-4a04-8926-5a4f24a53d1f,c1,c5,1264,?,x8,
1769495016.050074,FORWARDED,fb306401-136d-4ca9-8e6a-143b1d54e167,8d8ded64-80dd-4a04-8926-5a4f24a53d1f,c1,c5,1264,?,x8,
1769495016.0827575,RECEIVED,54d89b6f-43f5-4ae1-bf05-5c300e2c2a53,0790bcab-f547-4611-a5e2-834958943556,c1,DROP,1008,e2,?,
1769495016.1964693,SENT,2f040d33-ab56-4b7c-bdbe-32d8e074067c,c04a67af-baf8-43e7-9e6a-b9454009b359,c3,c5,1259,?,x5,
1769495016.1965525,FORWARDED,2f040d33-ab56-4b7c-bdbe-32d8e074067c,c04a67af-baf8-43e7-9e6a-b9454009b359,c3,c5,1259,?,x5,
1769495016.2359881,SENT,0d5114f3-fc3b-4c92-bc77-f713f50ae539,acfe4fd5-779c-4016-8e9e-4eac543ccf66,c5,DROP,692,?,x12,
1769495016.236032,FORWARDED,0d5114f3-fc3b-4c92-bc77-f713f50ae539,acfe4fd5-779c-4016-8e9e-4eac543ccf66,c5,DROP,692,?,x12,
1769495016.251094,SENT,54d89b6f-43f5-4ae1-bf05-5c300e2c2a53,0790bcab-f547-4611-a5e2-834958943556,c1,DROP,682,?,x9,
1769495016.2511382,FORWARDED,54d89b6f-43f5-4ae1-bf05-5c300e2c2a53,0790bcab-f547-4611-a5e2-834958943556,c1,DROP,682,?,x9,
1769495016.3512175,SENT,1f1d2089-f3ea-4c86-95af-f0e61dcfc203,a8993358-38bd-496e-a77c-8bdf048ad3cb,c5,c2,1258,?,x3,
1769495016.3512611,FORWARDED,1f1d2089-f3ea-4c86-95af-f0e61dcfc203,a8993358-38bd-496e-a77c-8bdf048ad3cb,c5,c2,1258,?,x3,
1769495016.4417272,SENT,319220e3-6b45-453f-882b-303514cb147f,6effe3b9-01f0-40a7-8cff-5d101f2f2360,c3,c5,1261,?,x6,
1769495016.4417686,FORWARDED,319220e3-6b45-453f-882b-303514cb147f,6effe3b9-01f0-40a7-8cff-5d101f2f2360,c3,c5,1261,?,x6,
1769495016.773656,RECEIVED,d77844aa-04b5-482f-8d82-19a1c32c8b8a,1c41821b-badc-4763-b03b-c92600b0e886,c5,DROP,1008,e6,?,
1769495017.1751635,RECEIVED,7db637a0-9010-4392-952f-21f5db9361fd,14e569c0-9670-4479-9e33-e26246b1a5fb,c5,DROP,1015,e5,?,
1769495017.1848693,SENT,d77844aa-04b5-482f-8d82-19a1c32c8b8a,1c41821b-badc-4763-b03b-c92600b0e886,c5,DROP,683,?,x1,
1769495017.184913,FORWARDED,d77844aa-04b5-482f-8d82-19a1c32c8b8a,1c41821b-badc-4763-b03b-c92600b0e886,c5,DROP,683,?,x1,
1769495017.1886466,RECEIVED,00ee3781-8479-4d7a-9ac9-e63d02b3e820,f019bd32-37a0-40a6-8941-94eb222e1d1e,c1,DROP,441,x12,?,
1769495017.2525566,RECEIVED,460ff53a-a909-4763-97a5-ffe141c6245e,58ca205e-2619-4dd6-8265-33930cbbb33c,c5,DROP,1007,e9,?,
1769495017.5269108,RECEIVED,adc7a8f2-27ec-4d5c-86d9-2d2ce9ef4ee6,b542fc73-cb08-4be0-aa1f-dacd9750df3d,c5,DROP,1008,e2,?,
1769495017.5413773,RECEIVED,ca95f65b-8353-4aec-a0b9-0b4614d706fa,a475931d-1c0f-4b33-9e79-1eba1de910f2,c1,c5,1782,e8,?,
1769495017.5909243,SENT,ca95f65b-8353-4aec-a0b9-0b4614d706fa,a475931d-1c0f-4b33-9e79-1eba1de910f2,c1,c5,1263,?,x7,
1769495017.5909684,FORWARDED,ca95f65b-8353-4aec-a0b9-0b4614d706fa,a475931d-1c0f-4b33-9e79-1eba1de910f2,c1,c5,1263,?,x7,
1769495017.5931041,SENT,adc7a8f2-27ec-4d5c-86d9-2d2ce9ef4ee6,b542fc73-cb08-4be0-aa1f-dacd9750df3d,c5,DROP,683,?,x3,
1769495017.5931447,FORWARDED,adc7a8f2-27ec-4d5c-86d9-2d2ce9ef4ee6,b542fc73-cb08-4be0-aa1f-dacd9750df3d,c5,DROP,683,?,x3,
1769495017.9096632,SENT,460ff53a-a909-4763-97a5-ffe141c6245e,58ca205e-2619-4dd6-8265-33930cbbb33c,c5,DROP,683,?,x8,
1769495017.9097168,FORWARDED,460ff53a-a909-4763-97a5-ffe141c6245e,58ca205e-2619-4dd6-8265-33930cbbb33c,c5,DROP,683,?,x8,
1769495018.1228492,RECEIVED,7a475825-b547-441a-b488-e8d83ab3d38b,15f60c6f-1573-440f-989b-4e0f9c87e13b,c3,DROP,440,x12,?,
1769495018.2460654,SENT,7db637a0-9010-4392-952f-21f5db9361fd,14e569c0-9670-4479-9e33-e26246b1a5fb,c5,DROP,688,?,x9,
1769495018.246119,FORWARDED,7db637a0-9010-4392-952f-21f5db9361fd,14e569c0-9670-4479-9e33-e26246b1a5fb,c5,DROP,688,?,x9,
1769495018.5066843,RECEIVED,8499d98c-f0ad-40d8-9f53-45f53f23200e,975bfd50-7009-4f40-af41-9d9b689ae318,c3,DROP,445,x5,?,
1769495018.9065478,RECEIVED,500d0bfb-c71a-4975-88a3-c88fd82184b1,94edddf3-43e3-4b74-b110-c815983e7f61,c4,DROP,1009,e9,?,
1769495019.029682,RECEIVED,5639598c-8adc-43d9-b06f-5b0e2ae7ce51,61c8ef02-59fa-463b-83bc-0e6d478d0960,c2,DROP,1012,e6,?,
1769495019.031621,RECEIVED,3fea58c8-edd5-4622-8ece-a5c58d90e85e,10b01735-048e-428a-b51b-50d25239c1c8,c5,DROP,1008,e2,?,
1769495019.068713,RECEIVED,cca09f43-f97a-43db-b366-c3a4efc865e4,6572d506-386d-4289-8bb6-354ee838f8de,c3,DROP,1019,e11,?,
1769495019.0873435,SENT,3fea58c8-edd5-4622-8ece-a5c58d90e85e,10b01735-048e-428a-b51b-50d25239c1c8,c5,DROP,683,?,x6,
1769495019.0873823,FORWARDED,3fea58c8-edd5-4622-8ece-a5c58d90e85e,10b01735-048e-428a-b51b-50d25239c1c8,c5,DROP,683,?,x6,
1769495019.116416,RECEIVED,641b891f-3fc6-4886-92c5-459f63818bf9,7d4d33aa-afd2-4c49-8913-dc14a5f98b9a,c2,DROP,442,x8,?,
1769495019.4824681,SENT,cca09f43-f97a-43db-b366-c3a4efc865e4,6572d506-386d-4289-8bb6-354ee838f8de,c3,DROP,691,?,x9,
1769495019.482508,FORWARDED,cca09f43-f97a-43db-b366-c3a4efc865e4,6572d506-386d-4289-8bb6-354ee838f8de,c3,DROP,691,?,x9,
1769495019.4953141,SENT,5639598c-8adc-43d9-b06f-5b0e2ae7ce51,61c8ef02-59fa-463b-83bc-0e6d478d0960,c2,DROP,686,?,x5,
1769495019.4953487,FORWARDED,5639598c-8adc-43d9-b06f-5b0e2ae7ce51,61c8ef02-59fa-463b-83bc-0e6d478d0960,c2,DROP,686,?,x5,
1769495019.5700247,RECEIVED,b22a200a-97ca-4b2a-8a81-3c41538ea2fa,8e043c2a-57ce-432b-b76c-21c1db17f07c,c2,DROP,1016,e12,?,
1769495019.6137383,RECEIVED,ea00f451-4fbb-4595-89af-7fe034e85b2e,8aa16147-bb7b-4eef-82b5-e53dfd0b4beb,c4,DROP,441,x3,?,
1769495019.6440046,SENT,b22a200a-97ca-4b2a-8a81-3c41538ea2fa,8e043c2a-57ce-432b-b76c-21c1db17f07c,c2,DROP,688,?,x8,
1769495019.6440432,FORWARDED,b22a200a-97ca-4b2a-8a81-3c41538ea2fa,8e043c2a-57ce-432b-b76c-21c1db17f07c,c2,DROP,688,?,x8,
1769495019.774392,SENT,500d0bfb-c71a-4975-88a3-c88fd82184b1,94edddf3-43e3-4b74-b110-c815983e7f61,c4,DROP,687,?,x2,
1769495019.774434,FORWARDED,500d0bfb-c71a-4975-88a3-c88fd82184b1,94edddf3-43e3-4b74-b110-c815983e7f61,c4,DROP,687,?,x2,
1769495019.7925599,RECEIVED,88bd2650-cab7-40e2-9e0f-a6fe2f5c6c68,6506686b-aaa0-4b82-b151-d1b0b1fa5fd3,c3,DROP,1008,e8,?,
1769495019.8761044,SENT,88bd2650-cab7-40e2-9e0f-a6fe2f5c6c68,6506686b-aaa0-4b82-b151-d1b0b1fa5fd3,c3,DROP,683,?,x2,
1769495019.8761463,FORWARDED,88bd2650-cab7-40e2-9e0f-a6fe2f5c6c68,6506686b-aaa0-4b82-b151-d1b0b1fa5fd3,c3,DROP,683,?,x2,
1769495019.9410903,RECEIVED,54b488ea-15e3-43bb-8526-953e04a18adb,91d141cb-5563-44e0-9e3d-4c67db1eeedc,c3,DROP,442,x8,?,
1769495020.2400184,RECEIVED,c03c9b25-d9f8-4f79-9702-0b81778b58cc,6956cfad-96fd-4faf-a8a5-712249be0921,c5,DROP,446,x2,?,
1769495020.3563054,RECEIVED,1e0ac30e-7a11-40ef-8584-29ee08a3e966,dffbd707-a17e-41a3-a1b2-4ea55226a0ed,c1,DROP,1015,e2,?,
1769495020.6356628,SENT,1e0ac30e-7a11-40ef-8584-29ee08a3e966,dffbd707-a17e-41a3-a1b2-4ea55226a0ed,c1,DROP,689,?,x2,
1769495020.635707,FORWARDED,1e0ac30e-7a11-40ef-8584-29ee08a3e966,dffbd707-a17e-41a3-a1b2-4ea55226a0ed,c1,DROP,689,?,x2,
1769495021.3296876,RECEIVED,63589ce8-fde1-47ff-8a63-bd9532b5f655,7209ab23-c966-4953-a6cf-b376b7e83e0a,c5,DROP,1008,e6,?,
1769495021.4632218,SENT,63589ce8-fde1-47ff-8a63-bd9532b5f655,7209ab23-c966-4953-a6cf-b376b7e83e0a,c5,DROP,683,?,x1,
1769495021.4632616,FORWARDED,63589ce8-fde1-47ff-8a63-bd9532b5f655,7209ab23-c966-4953-a6cf-b376b7e83e0a,c5,DROP,683,?,x1,
1769495021.7115514,RECEIVED,f435c372-ff05-4af6-9f3c-95eec10a89bc,8c9d34fd-9f99-4b54-b2e2-9c55293ca104,c5,DROP,1007,e5,?,
1769495021.7664201,RECEIVED,a198f7a2-3aab-40a9-a073-251af39f41d2,8e5b5e2a-66bc-4e03-a1dc-6aacb7b0e589,c2,c3,1783,e6,?,
1769495021.7970278,RECEIVED,4e232bb8-1c7c-4057-af8e-79cf3464fdce,ec6e001c-e200-4ac6-ab73-5c2a9825c7cc,c2,DROP,441,x1,?,
1769495022.0098507,SENT,f435c372-ff05-4af6-9f3c-95eec10a89bc,8c9d34fd-9f99-4b54-b2e2-9c55293ca104,c5,DROP,683,?,x2,
1769495022.0098917,FORWARDED,f435c372-ff05-4af6-9f3c-95eec10a89bc,8c9d34fd-9f99-4b54-b2e2-9c55293ca104,c5,DROP,683,?,x2,
1769495022.1471539,RECEIVED,ebfc346d-ce8f-4272-a641-691a63ffe309,fb2f4b32-286a-4404-9c5b-31b14de7835a,c2,DROP,1019,e11,?,
1769495022.2689335,RECEIVED,dea20881-0aa9-49e4-a9bf-68c1f70a9036,76ee336d-6567-42b4-832a-4be580112c03,c2,DROP,1019,e12,?,
1769495022.507243,RECEIVED,4b13e9b6-fafd-409f-9200-dae949833396,e6f107a1-7680-415a-97c2-8228a74e8c35,c1,DROP,1004,e8,?,
1769495022.588651,RECEIVED,ef24cd85-2560-496c-b03b-87707d546b1c,bd3a168f-db61-4120-af73-b4add4cc101c,c1,DROP,441,x4,?,
1769495022.6607442,RECEIVED,3b800ed5-cabb-46b9-8f7e-c9889cd4c4d6,fde186dd-e6f7-4d75-b936-df267118a054,c2,DROP,442,x9,?,
1769495022.700737,RECEIVED,119eb43e-221c-475e-8532-63b926cc42e6,412ecb0e-e89d-4d57-a551-d990624e2d18,c3,DROP,442,x2,?,
1769495022.7066424,RECEIVED,a5ea133c-d83d-4880-a51f-53d2a280e877,78bd031f-7953-42b4-8458-1f5472331b87,c1,c5,1781,e4,?,
1769495022.7143025,RECEIVED,b6cf15db-5704-44ef-8276-87f63b6c2ead,edbbca6c-fb42-4f3c-8b15-ed96b98bfcbb,c5,DROP,1015,e8,?,
1769495022.7439299,RECEIVED,dcd8e778-2b95-4034-823d-08e7533eab9e,859cb96e-b751-4a51-beef-392631d30f2a,c5,DROP,1016,e8,?,
1769495022.7700112,SENT,a198f7a2-3aab-40a9-a073-251af39f41d2,8e5b5e2a-66bc-4e03-a1dc-6aacb7b0e589,c2,c3,1264,?,x2,
1769495022.7700605,FORWARDED,a198f7a2-3aab-40a9-a073-251af39f41d2,8e5b5e2a-66bc-4e03-a1dc-6aacb7b0e589,c2,c3,1264,?,x2,
1769495022.7858062,SENT,ebfc346d-ce8f-4272-a641-691a63ffe309,fb2f4b32-286a-4404-9c5b-31b14de7835a,c2,DROP,692,?,x7,
1769495022.785847,FORWARDED,ebfc346d-ce8f-4272-a641-691a63ffe309,fb2f4b32-286a-4404-9c5b-31b14de7835a,c2,DROP,692,?,x7,
1769495022.9107096,SENT,a5ea133c-d83d-4880-a51f-53d2a280e877,78bd031f-7953-42b4-8458-1f5472331b87,c1,c5,1262,?,x10,
1769495022.9107509,FORWARDED,a5ea133c-d83d-4880-a51f-53d2a280e877,78bd031f-7953-42b4-8458-1f5472331b87,c1,c5,1262,?,x10,
1769495022.9453673,SENT,4b13e9b6-fafd-409f-9200-dae949833396,e6f107a1-7680-415a-97c2-8228a74e8c35,c1,DROP,680,?,x6,
1769495022.945407,FORWARDED,4b13e9b6-fafd-409f-9200-dae949833396,e6f107a1-7680-415a-97c2-8228a74e8c35,c1,DROP,680,?,x6,
1769495022.961402,SENT,dea20881-0aa9-49e4-a9bf-68c1f70a9036,76ee336d-6567-42b4-832a-4be580112c03,c2,DROP,692,?,x12,
1769495022.9614422,FORWARDED,dea20881-0aa9-49e4-a9bf-68c1f70a9036,76ee336d-6567-42b4-832a-4be580112c03,c2,DROP,692,?,x12,
1769495023.004804,RECEIVED,51fc8267-953f-4059-b510-b0c289693691,64da7deb-4f62-4e68-a382-ad5965d13d5b,c4,DROP,1020,e4,?,
1769495023.1316068,SENT,dcd8e778-2b95-4034-823d-08e7533eab9e,859cb96e-b751-4a51-beef-392631d30f2a,c5,DROP,689,?,x10,
1769495023.1316433,FORWARDED,dcd8e778-2b95-4034-823d-08e7533eab9e,859cb96e-b751-4a51-beef-392631d30f2a,c5,DROP,689,?,x10,
1769495023.2928908,SENT,51fc8267-953f-4059-b510-b0c289693691,64da7deb-4f62-4e68-a382-ad5965d13d5b,c4,DROP,692,?,x10,
1769495023.2929358,FORWARDED,51fc8267-953f-4059-b510-b0c289693691,64da7deb-4f62-4e68-a382-ad5965d13d5b,c4,DROP,692,?,x10,
1769495023.388538,RECEIVED,94621599-4873-4b1f-8ce2-9198e543dd80,30d0c113-489e-4a57-ba77-3a22ba9b0866,c1,DROP,1003,e2,?,
1769495023.507259,SENT,b6cf15db-5704-44ef-8276-87f63b6c2ead,edbbca6c-fb42-4f3c-8b15-ed96b98bfcbb,c5,DROP,688,?,x1,
1769495023.507302,FORWARDED,b6cf15db-5704-44ef-8276-87f63b6c2ead,edbbca6c-fb42-4f3c-8b15-ed96b98bfcbb,c5,DROP,688,?,x1,
1769495023.7175515,RECEIVED,19db007c-44f6-454f-a034-58a4fe627501,4dfbf8bb-7dc1-41b0-9d78-ed8d3213ac11,c3,c5,1777,e8,?,
1769495023.7873094,SENT,19db007c-44f6-454f-a034-58a4fe627501,4dfbf8bb-7dc1-41b0-9d78-ed8d3213ac11,c3,c5,1259,?,x7,
1769495023.7873497,FORWARDED,19db007c-44f6-454f-a034-58a4fe627501,4dfbf8bb-7dc1-41b0-9d78-ed8d3213ac11,c3,c5,1259,?,x7,
1769495023.8962464,SENT,94621599-4873-4b1f-8ce2-9198e543dd80,30d0c113-489e-4a57-ba77-3a22ba9b0866,c1,DROP,680,?,x7,
1769495023.8962977,FORWARDED,94621599-4873-4b1f-8ce2-9198e543dd80,30d0c113-489e-4a57-ba77-3a22ba9b0866,c1,DROP,680,?,x7,
1769495023.9434967,RECEIVED,df801d9b-a4a8-4627-a5a0-9b0f8fdda4d3,a6972870-d387-4aba-9a95-5e3acbfbced7,c3,DROP,442,x8,?,
1769495024.1359487,RECEIVED,35ccd92d-e46f-422a-ad0a-5266dfc7cfb5,d5a50d01-21e6-4da0-a243-60bbb1b1a47c,c2,c3,1779,e11,?,
1769495024.1586611,RECEIVED,fa89f27f-4be4-4f43-bd12-ef57809e585e,e90cfbd1-5d8c-437b-afe7-5186693383fa,c1,DROP,1021,e2,?,
1769495024.2408419,SENT,fa89f27f-4be4-4f43-bd12-ef57809e585e,e90cfbd1-5d8c-437b-afe7-5186693383fa,c1,DROP,693,?,x11,
1769495024.2408793,FORWARDED,fa89f27f-4be4-4f43-bd12-ef57809e585e,e90cfbd1-5d8c-437b-afe7-5186693383fa,c1,DROP,693,?,x11,
1769495024.2544823,RECEIVED,5833fffc-2647-44cd-8879-74a36c27bf88,cdcf289f-1e2b-46b9-88ad-775ca2133451,c1,DROP,1008,e9,?,
1769495024.338756,RECEIVED,2f4384af-9082-48a3-b74b-bff692a2e562,d708c0d1-9974-43f8-ab5d-978d3dbb63f6,c5,DROP,1013,e12,?,
1769495024.4044771,RECEIVED,9d26e30f-9a09-4193-ba8e-9c7e9450758f,2b2b1000-c87f-4d83-9b33-e2583abf3bde,c3,DROP,1019,e12,?,
1769495024.4614124,SENT,35ccd92d-e46f-422a-ad0a-5266dfc7cfb5,d5a50d01-21e6-4da0-a243-60bbb1b1a47c,c2,c3,1263,?,x3,
1769495024.4614532,FORWARDED,35ccd92d-e46f-422a-ad0a-5266dfc7cfb5,d5a50d01-21e6-4da0-a243-60bbb1b1a47c,c2,c3,1263,?,x3,
1769495024.4824305,RECEIVED,10fd37b6-fcbc-4775-83ed-029596795cca,b0a678ae-8303-4984-b091-7cade8443fb2,c4,DROP,1011,e9,?,
1769495024.5138025,SENT,2f4384af-9082-48a3-b74b-bff692a2e562,d708c0d1-9974-43f8-ab5d-978d3dbb63f6,c5,DROP,687,?,x12,
1769495024.5138447,FORWARDED,2f4384af-9082-48a3-b74b-bff692a2e562,d708c0d1-9974-43f8-ab5d-978d3dbb63f6,c5,DROP,687,?,x12,
1769495024.5524027,RECEIVED,ec20e5b2-4825-4f49-88b9-875990435f22,603a34f4-ddfb-4d6a-82cb-07653166fca9,c2,DROP,442,x9,?,
1769495024.5788865,RECEIVED,b9042491-8415-4b6b-81f4-e0f56901aff2,4ee0d843-ed97-4d90-af9b-fbccad1171f6,c3,DROP,1026,e4,?,
1769495024.6178186,SENT,b9042491-8415-4b6b-81f4-e0f56901aff2,4ee0d843-ed97-4d90-af9b-fbccad1171f6,c3,DROP,694,?,x11,
1769495024.6178625,FORWARDED,b9042491-8415-4b6b-81f4-e0f56901aff2,4ee0d843-ed97-4d90-af9b-fbccad1171f6,c3,DROP,694,?,x11,
1769495024.895131,RECEIVED,8d9bd422-19b4-49fa-8b27-3618116ff1cb,4eb30939-a54c-41e8-9161-df7fa301314c,c1,DROP,442,x9,?,
1769495025.0373676,RECEIVED,e711b56c-836b-4620-872a-b5f38f36e286,0b908939-efd7-40e7-ae3e-558f0a5630dd,c2,DROP,1008,e8,?,
1769495025.1208718,RECEIVED,d44167d8-2393-4f6a-98d9-b38f50813ce3,eb0b8874-f5f6-4fc8-8037-6ffb76c49ffa,c1,DROP,441,x11,?,
1769495025.1412165,SENT,5833fffc-2647-44cd-8879-74a36c27bf88,cdcf289f-1e2b-46b9-88ad-775ca2133451,c1,DROP,683,?,x11,
1769495025.1412628,FORWARDED,5833fffc-2647-44cd-8879-74a36c27bf88,cdcf289f-1e2b-46b9-88ad-775ca2133451,c1,DROP,683,?,x11,
1769495025.1575904,RECEIVED,b197aede-f4d6-4282-8021-e92ea43a95e5,4723faa4-29b6-4833-869b-149c3ac88a55,c1,DROP,441,x4,?,
1769495025.185772,SENT,e711b56c-836b-4620-872a-b5f38f36e286,0b908939-efd7-40e7-ae3e-558f0a5630dd,c2,DROP,684,?,x11,
1769495025.1858137,FORWARDED,e711b56c-836b-4620-872a-b5f38f36e286,0b908939-efd7-40e7-ae3e-558f0a5630dd,c2,DROP,684,?,x11,
1769495025.1941729,RECEIVED,2c2d2f02-5d02-4311-a648-5245ad46aa44,cc8a212f-8f54-49d8-829c-e4b0b2bbc2f4,c3,DROP,1016,e7,?,
1769495025.2074041,SENT,9d26e30f-9a09-4193-ba8e-9c7e9450758f,2b2b1000-c87f-4d83-9b33-e2583abf3bde,c3,DROP,692,?,x4,
1769495025.2074456,FORWARDED,9d26e30f-9a09-4193-ba8e-9c7e9450758f,2b2b1000-c87f-4d83-9b33-e2583abf3bde,c3,DROP,692,?,x4,
1769495025.2926626,SENT,10fd37b6-fcbc-4775-83ed-029596795cca,b0a678ae-8303-4984-b091-7cade8443fb2,c4,DROP,685,?,x9,
1769495025.2927032,FORWARDED,10fd37b6-fcbc-4775-83ed-029596795cca,b0a678ae-8303-4984-b091-7cade8443fb2,c4,DROP,685,?,x9,
1769495025.388822,RECEIVED,7bc4941a-9a33-4092-9e9a-c21a39031d32,f2116e1e-fce6-41ac-842d-9f17ac6dd656,c1,DROP,441,x2,?,
1769495025.506081,SENT,2c2d2f02-5d02-4311-a648-5245ad46aa44,cc8a212f-8f54-49d8-829c-e4b0b2bbc2f4,c3,DROP,688,?,x11,
1769495025.5061219,FORWARDED,2c2d2f02-5d02-4311-a648-5245ad46aa44,cc8a212f-8f54-49d8-829c-e4b0b2bbc2f4,c3,DROP,688,?,x11,
1769495025.7608116,RECEIVED,79dd1060-f99c-4d27-b9cc-eef49086f2a4,33b6ce22-d21d-4d4b-b711-aab4fc07d6a7,c4,DROP,441,x11,?,
1769495025.7961075,RECEIVED,ede400fc-c3da-4ad6-b646-25d1be3e6851,172df903-fb6f-4e47-a252-8bc592aec350,c1,DROP,1019,e2,?,
1769495025.81571,RECEIVED,b6662899-cddc-4cc0-af94-0059d72bc2e7,d50c7d57-c2f8-4ead-85a5-30c3e32b9c82,c5,DROP,1020,e4,?,
1769495026.0639803,RECEIVED,e8869b3c-9ea7-4546-b2cb-e788d61f0284,c3b2f129-6b89-4c42-9fee-fa006e68ca35,c2,DROP,447,x10,?,
1769495026.0687861,RECEIVED,61dbbae7-97b5-41bc-830f-1a259c75d721,16f59c6e-6a4c-4352-961a-7486b76db428,c2,DROP,442,x8,?,
1769495026.0910554,SENT,b6662899-cddc-4cc0-af94-0059d72bc2e7,d50c7d57-c2f8-4ead-85a5-30c3e32b9c82,c5,DROP,692,?,x11,
1769495026.0910985,FORWARDED,b6662899-cddc-4cc0-af94-0059d72bc2e7,d50c7d57-c2f8-4ead-85a5-30c3e32b9c82,c5,DROP,692,?,x11,
1769495026.168674,RECEIVED,203461a7-2d39-4556-a616-d2060cbb0353,1cd9fc81-0d0b-4445-813a-669ba20a2349,c2,DROP,1012,e5,?,
1769495026.224986,RECEIVED,10772676-e5f0-43b7-83c6-8a984a386874,ef9e3398-e899-4781-95de-c81ae338d846,c5,DROP,442,x5,?,
1769495026.3208346,RECEIVED,8caa7db9-359d-4ebc-932c-0ab8122e700c,9a8b18f7-20f4-4925-9a61-85b3fd640106,c5,DROP,1008,e9,?,
1769495026.4445345,RECEIVED,298c03e6-30de-4857-9fc2-b3101aa29e46,83a9f3c6-8772-4f28-86b0-e58be7485efc,c4,DROP,1020,e10,?,
1769495026.4899452,RECEIVED,02b82fe7-6439-4660-8f97-b4e56c0c4d6d,35b30237-2ad7-46ff-b4e8-a6a9b9da3671,c2,DROP,1013,e5,?,
1769495026.5404682,SENT,8caa7db9-359d-4ebc-932c-0ab8122e700c,9a8b18f7-20f4-4925-9a61-85b3fd640106,c5,DROP,684,?,x2,
1769495026.540512,FORWARDED,8caa7db9-359d-4ebc-932c-0ab8122e700c,9a8b18f7-20f4-4925-9a61-85b3fd640106,c5,DROP,684,?,x2,
1769495026.5904024,SENT,298c03e6-30de-4857-9fc2-b3101aa29e46,83a9f3c6-8772-4f28-86b0-e58be7485efc,c4,DROP,691,?,x6,
1769495026.5904436,FORWARDED,298c03e6-30de-4857-9fc2-b3101aa29e46,83a9f3c6-8772-4f28-86b0-e58be7485efc,c4,DROP,691,?,x6,
1769495026.6279273,SENT,02b82fe7-6439-4660-8f97-b4e56c0c4d6d,35b30237-2ad7-46ff-b4e8-a6a9b9da3671,c2,DROP,687,?,x11,
1769495026.627968,FORWARDED,02b82fe7-6439-4660-8f97-b4e56c0c4d6d,35b30237-2ad7-46ff-b4e8-a6a9b9da3671,c2,DROP,687,?,x11,
1769495026.6519344,RECEIVED,dfeefb56-fff7-4447-bd5d-5b617e9921ef,6f2d710a-80c9-4c6d-9dfd-79238101a403,c4,DROP,1018,e11,?,
1769495026.7777686,RECEIVED,c742495f-6045-41f7-a3cf-962695403755,63bc8671-d576-4e76-a344-f0ccae522091,c5,DROP,1021,e4,?,
1769495026.8177772,RECEIVED,873b8dec-7dc7-457f-8179-a270c4cfe6f4,a201d50a-71e6-4b25-9568-0299d8cb1c0c,c3,DROP,445,x7,?,
1769495026.8397033,RECEIVED,f3701a6c-b6e6-4199-be8b-55c7f086e9d1,c49be3df-af1a-4724-9399-ba41ec85da4a,c2,DROP,1011,e11,?,
1769495026.8442094,SENT,203461a7-2d39-4556-a616-d2060cbb0353,1cd9fc81-0d0b-4445-813a-669ba20a2349,c2,DROP,687,?,x10,
1769495026.8442495,FORWARDED,203461a7-2d39-4556-a616-d2060cbb0353,1cd9fc81-0d0b-4445-813a-669ba20a2349,c2,DROP,687,?,x10,
1769495026.9102201,SENT,dfeefb56-fff7-4447-bd5d-5b617e9921ef,6f2d710a-80c9-4c6d-9dfd-79238101a403,c4,DROP,692,?,x2,
1769495026.9102554,FORWARDED,dfeefb56-fff7-4447-bd5d-5b617e9921ef,6f2d710a-80c9-4c6d-9dfd-79238101a403,c4,DROP,692,?,x2,
1769495026.9362087,RECEIVED,ab37c705-da2e-4adb-8542-72313a4be72a,40f4006f-940c-4704-b20a-61d635559f06,c2,DROP,1011,e5,?,
1769495027.0048902,SENT,c742495f-6045-41f7-a3cf-962695403755,63bc8671-d576-4e76-a344-f0ccae522091,c5,DROP,692,?,x11,
1769495027.0049303,FORWARDED,c742495f-6045-41f7-a3cf-962695403755,63bc8671-d576-4e76-a344-f0ccae522091,c5,DROP,692,?,x11,
1769495027.1990573,RECEIVED,010b4e9f-44b0-41bd-94a1-5365d2a49b73,03266077-fc38-4332-806f-5e52965e1ac6,c4,DROP,1015,e11,?,
1769495027.2172043,RECEIVED,c8348a85-52c4-4ae5-a975-026b691cdd20,9ed527eb-b9a7-4b08-9ce9-31830730fdc6,c2,DROP,1017,e3,?,
1769495027.307147,SENT,c8348a85-52c4-4ae5-a975-026b691cdd20,9ed527eb-b9a7-4b08-9ce9-31830730fdc6,c2,DROP,688,?,x1,
1769495027.3071923,FORWARDED,c8348a85-52c4-4ae5-a975-026b691cdd20,9ed527eb-b9a7-4b08-9ce9-31830730fdc6,c2,DROP,688,?,x1,
1769495027.4348357,RECEIVED,af25f360-3a1e-4637-8d99-d35095be49bf,79b83a02-97ab-4321-b8d0-6dbd0d9a3e1d,c4,DROP,1019,e10,?,
1769495027.8215437,RECEIVED,2ba21a86-9b9e-4690-8f3b-9615d824ccaf,b339a387-b594-4caa-a45a-b5b8059f87c0,c1,DROP,1021,e11,?,
1769495027.8592324,SENT,2ba21a86-9b9e-4690-8f3b-9615d824ccaf,b339a387-b594-4caa-a45a-b5b8059f87c0,c1,DROP,691,?,x4,
1769495027.8592887,FORWARDED,2ba21a86-9b9e-4690-8f3b-9615d824ccaf,b339a387-b594-4caa-a45a-b5b8059f87c0,c1,DROP,691,?,x4,
1769495027.8609974,SENT,f3701a6c-b6e6-4199-be8b-55c7f086e9d1,c49be3df-af1a-4724-9399-ba41ec85da4a,c2,DROP,687,?,x3,
1769495027.8610325,FORWARDED,f3701a6c-b6e6-4199-be8b-55c7f086e9d1,c49be3df-af1a-4724-9399-ba41ec85da4a,c2,DROP,687,?,x3,
1769495027.963179,RECEIVED,4c1d20bf-acab-44bd-8da1-8cf0925c9d16,50d5561d-f1b1-40b5-8e54-cdcac0cf8e51,c3,DROP,1011,e1,?,
1769495028.0639462,SENT,ede400fc-c3da-4ad6-b646-25d1be3e6851,172df903-fb6f-4e47-a252-8bc592aec350,c1,DROP,691,?,x12,
1769495028.063989,FORWARDED,ede400fc-c3da-4ad6-b646-25d1be3e6851,172df903-fb6f-4e47-a252-8bc592aec350,c1,DROP,691,?,x12,
1769495028.114716,SENT,af25f360-3a1e-4637-8d99-d35095be49bf,79b83a02-97ab-4321-b8d0-6dbd0d9a3e1d,c4,DROP,693,?,x5,
1769495028.1147575,FORWARDED,af25f360-3a1e-4637-8d99-d35095be49bf,79b83a02-97ab-4321-b8d0-6dbd0d9a3e1d,c4,DROP,693,?,x5,
1769495028.1231635,SENT,ab37c705-da2e-4adb-8542-72313a4be72a,40f4006f-940c-4704-b20a-61d635559f06,c2,DROP,685,?,x2,
1769495028.123203,FORWARDED,ab37c705-da2e-4adb-8542-72313a4be72a,40f4006f-940c-4704-b20a-61d635559f06,c2,DROP,685,?,x2,
1769495028.1988041,SENT,010b4e9f-44b0-41bd-94a1-5365d2a49b73,03266077-fc38-4332-806f-5e52965e1ac6,c4,DROP,690,?,x10,
1769495028.1988516,FORWARDED,010b4e9f-44b0-41bd-94a1-5365d2a49b73,03266077-fc38-4332-806f-5e52965e1ac6,c4,DROP,690,?,x10,
1769495028.2626474,RECEIVED,4f882fa9-d980-4bfa-9ad3-d119f27809bd,e531144e-e238-477f-b2f9-ac2669c69425,c2,DROP,1015,e6,?,
1769495028.3865416,RECEIVED,b17a8734-aa99-4f9c-bc73-9b42f9ba5bb9,6e777eae-2638-4e12-99de-118001182968,c1,DROP,1013,e4,?,
1769495028.5100873,RECEIVED,0ede4a0c-c8ec-45f9-bce5-eca823457edb,96ccaf95-5838-4201-9b75-cd4866718a55,c4,DROP,1021,e7,?,
1769495028.6005464,SENT,0ede4a0c-c8ec-45f9-bce5-eca823457edb,96ccaf95-5838-4201-9b75-cd4866718a55,c4,DROP,693,?,x11,
1769495028.6005847,FORWARDED,0ede4a0c-c8ec-45f9-bce5-eca823457edb,96ccaf95-5838-4201-9b75-cd4866718a55,c4,DROP,693,?,x11,
1769495028.613819,RECEIVED,d7635cfd-0f80-43c1-9a69-1dce0781ee20,c5910afc-d73d-4315-b720-dab6fda9858f,c4,DROP,1009,e5,?,
1769495028.6305916,SENT,b17a8734-aa99-4f9c-bc73-9b42f9ba5bb9,6e777eae-2638-4e12-99de-118001182968,c1,DROP,687,?,x10,
1769495028.6306329,FORWARDED,b17a8734-aa99-4f9c-bc73-9b42f9ba5bb9,6e777eae-2638-4e12-99de-118001182968,c1,DROP,687,?,x10,
1769495028.6545477,SENT,d7635cfd-0f80-43c1-9a69-1dce0781ee20,c5910afc-d73d-4315-b720-dab6fda9858f,c4,DROP,682,?,x11,
1769495028.6545894,FORWARDED,d7635cfd-0f80-43c1-9a69-1dce0781ee20,c5910afc-d73d-4315-b720-dab6fda9858f,c4,DROP,682,?,x11,
1769495028.7130566,RECEIVED,a23c66f0-025d-48ad-92ed-e5f1070c865d,1918784e-71b5-4185-b8df-531aa754f86b,c2,c3,1775,e12,?,
1769495028.737419,RECEIVED,66dca3f3-7bf4-4f57-a7cb-c612409ed288,11179315-c58e-43e0-b42f-02c1a47691a0,c2,DROP,1011,e2,?,
1769495028.8219285,SENT,4c1d20bf-acab-44bd-8da1-8cf0925c9d16,50d5561d-f1b1-40b5-8e54-cdcac0cf8e51,c3,DROP,685,?,x6,
1769495028.8219752,FORWARDED,4c1d20bf-acab-44bd-8da1-8cf0925c9d16,50d5561d-f1b1-40b5-8e54-cdcac0cf8e51,c3,DROP,685,?,x6,
1769495028.8325849,RECEIVED,0f9002e3-e1ac-4f2e-b155-dc1dac6cf1e5,dad26f63-050f-4a56-9bda-c8e22c431181,c2,c3,1783,e11,?,
1769495028.847549,RECEIVED,77bc83b8-7b15-44b5-a83a-5b42040b4903,cc18f5d8-f26a-4edb-bf30-e34c3dcce9ac,c5,DROP,1019,e7,?,
1769495028.9947019,RECEIVED,401a62a6-29d3-43ad-9b81-0127c683059c,dc9cd014-ad83-48ba-8fc7-881d9e8204c1,c2,DROP,1021,e4,?,
1769495029.0228102,RECEIVED,8453bae6-c1f2-4133-865a-c289f291a618,7efa4417-ce2a-4ac4-95a6-6d43e2f84dd0,c3,DROP,1007,e7,?,
1769495029.0374007,RECEIVED,5001fc83-b02b-4f03-8695-538364c4c1e7,e1f98b47-c53f-45d8-8776-00dfbd77a14c,c3,DROP,443,x4,?,
1769495029.125333,SENT,66dca3f3-7bf4-4f57-a7cb-c612409ed288,11179315-c58e-43e0-b42f-02c1a47691a0,c2,DROP,687,?,x6,
1769495029.125375,FORWARDED,66dca3f3-7bf4-4f57-a7cb-c612409ed288,11179315-c58e-43e0-b42f-02c1a47691a0,c2,DROP,687,?,x6,
1769495029.1453686,SENT,a23c66f0-025d-48ad-92ed-e5f1070c865d,1918784e-71b5-4185-b8df-531aa754f86b,c2,c3,1260,?,x6,
1769495029.1454096,FORWARDED,a23c66f0-025d-48ad-92ed-e5f1070c865d,1918784e-71b5-4185-b8df-531aa754f86b,c2,c3,1260,?,x6,
1769495029.3102582,RECEIVED,ae08eab0-9d42-4e4d-9237-f4ef62fb86e7,167d473f-309f-4f41-8dbe-24543d12ef45,c2,DROP,1011,e9,?,
1769495029.3488724,RECEIVED,14650ccf-c5ba-4eb3-960f-4ec0718f1e69,e9bcad14-a182-45dc-a1e3-66080696fee6,c2,DROP,1016,e4,?,
1769495029.3652844,RECEIVED,404ea28b-e3ef-4bf8-b8f2-6776457708b6,f8e6d053-4bf4-472d-990c-c943bcbbeb48,c5,c2,1775,e1,?,
1769495029.3807683,SENT,401a62a6-29d3-43ad-9b81-0127c683059c,dc9cd014-ad83-48ba-8fc7-881d9e8204c1,c2,DROP,692,?,x12,
1769495029.3808074,FORWARDED,401a62a6-29d3-43ad-9b81-0127c683059c,dc9cd014-ad83-48ba-8fc7-881d9e8204c1,c2,DROP,692,?,x12,
1769495029.4202025,RECEIVED,836809fa-0653-4214-bfb9-b5f6fe2e6137,60774d6c-989c-4b0d-86cd-fb2129a45512,c3,DROP,1012,e12,?,
1769495029.4278116,SENT,404ea28b-e3ef-4bf8-b8f2-6776457708b6,f8e6d053-4bf4-472d-990c-c943bcbbeb48,c5,c2,1259,?,x5,
1769495029.427855,FORWARDED,404ea28b-e3ef-4bf8-b8f2-6776457708b6,f8e6d053-4bf4-472d-990c-c943bcbbeb48,c5,c2,1259,?,x5,
1769495029.4721,SENT,77bc83b8-7b15-44b5-a83a-5b42040b4903,cc18f5d8-f26a-4edb-bf30-e34c3dcce9ac,c5,DROP,692,?,x3,
1769495029.4721437,FORWARDED,77bc83b8-7b15-44b5-a83a-5b42040b4903,cc18f5d8-f26a-4edb-bf30-e34c3dcce9ac,c5,DROP,692,?,x3,
1769495029.487031,RECEIVED,5787b3a2-37b5-40c8-84f8-58e5d64394da,9537e1de-a861-4b86-af3d-dd3151283247,c2,DROP,1007,e8,?,
1769495029.5383725,SENT,0f9002e3-e1ac-4f2e-b155-dc1dac6cf1e5,dad26f63-050f-4a56-9bda-c8e22c431181,c2,c3,1264,?,x4,
1769495029.5384116,FORWARDED,0f9002e3-e1ac-4f2e-b155-dc1dac6cf1e5,dad26f63-050f-4a56-9bda-c8e22c431181,c2,c3,1264,?,x4,
1769495029.585623,RECEIVED,9331c178-4fb3-4a08-9d0b-4f913fb59c32,9c28c1fc-f117-4903-a308-a84686689e8f,c3,c5,1776,e1,?,
1769495029.6105976,RECEIVED,10dd2a06-fc62-4c9a-84ca-87fdecfbf172,d4c85ce1-d91c-4c6a-b25d-329f2da2c24b,c1,DROP,1015,e4,?,
1769495029.622727,SENT,5787b3a2-37b5-40c8-84f8-58e5d64394da,9537e1de-a861-4b86-af3d-dd3151283247,c2,DROP,683,?,x3,
1769495029.6227689,FORWARDED,5787b3a2-37b5-40c8-84f8-58e5d64394da,9537e1de-a861-4b86-af3d-dd3151283247,c2,DROP,683,?,x3,
1769495029.6632016,SENT,14650ccf-c5ba-4eb3-960f-4ec0718f1e69,e9bcad14-a182-45dc-a1e3-66080696fee6,c2,DROP,688,?,x7,
1769495029.6632497,FORWARDED,14650ccf-c5ba-4eb3-960f-4ec0718f1e69,e9bcad14-a182-45dc-a1e3-66080696fee6,c2,DROP,688,?,x7,
1769495029.6769586,SENT,4f882fa9-d980-4bfa-9ad3-d119f27809bd,e531144e-e238-477f-b2f9-ac2669c69425,c2,DROP,689,?,x2,
1769495029.6769993,FORWARDED,4f882fa9-d980-4bfa-9ad3-d119f27809bd,e531144e-e238-477f-b2f9-ac2669c69425,c2,DROP,689,?,x2,
1769495029.6805625,SENT,9331c178-4fb3-4a08-9d0b-4f913fb59c32,9c28c1fc-f117-4903-a308-a84686689e8f,c3,c5,1258,?,x7,
1769495029.680602,FORWARDED,9331c178-4fb3-4a08-9d0b-4f913fb59c32,9c28c1fc-f117-4903-a308-a84686689e8f,c3,c5,1258,?,x7,
1769495029.7464676,SENT,836809fa-0653-4214-bfb9-b5f6fe2e6137,60774d6c-989c-4b0d-86cd-fb2129a45512,c3,DROP,687,?,x12,
1769495029.746506,FORWARDED,836809fa-0653-4214-bfb9-b5f6fe2e6137,60774d6c-989c-4b0d-86cd-fb2129a45512,c3,DROP,687,?,x12,
1769495029.7898607,SENT,8453bae6-c1f2-4133-865a-c289f291a618,7efa4417-ce2a-4ac4-95a6-6d43e2f84dd0,c3,DROP,684,?,x8,
1769495029.789903,FORWARDED,8453bae6-c1f2-4133-865a-c289f291a618,7efa4417-ce2a-4ac4-95a6-6d43e2f84dd0,c3,DROP,684,?,x8,
1769495029.8727837,SENT,10dd2a06-fc62-4c9a-84ca-87fdecfbf172,d4c85ce1-d91c-4c6a-b25d-329f2da2c24b,c1,DROP,688,?,x3,
1769495029.8728251,FORWARDED,10dd2a06-fc62-4c9a-84ca-87fdecfbf172,d4c85ce1-d91c-4c6a-b25d-329f2da2c24b,c1,DROP,688,?,x3,
1769495029.9123635,RECEIVED,18bc5fb4-2cac-43d5-8ef4-a6f507854775,ad56fac0-6db7-4a14-ae4b-46e5339b7744,c1,DROP,1021,e5,?,
1769495029.9758317,SENT,18bc5fb4-2cac-43d5-8ef4-a6f507854775,ad56fac0-6db7-4a14-ae4b-46e5339b7744,c1,DROP,692,?,x12,
1769495029.9758692,FORWARDED,18bc5fb4-2cac-43d5-8ef4-a6f507854775,ad56fac0-6db7-4a14-ae4b-46e5339b7744,c1,DROP,692,?,x12,
1769495030.0076375,RECEIVED,41b21c16-e7cc-493d-a646-d8d88145791b,579cfb13-8261-4a25-8c56-fb9b7199cb15,c2,DROP,1007,e1,?,
1769495030.0466082,RECEIVED,ee16d2f4-5a15-4215-bfd8-6095d96c3566,fc230b23-2d2c-4fa2-b5b1-060a13509a26,c2,DROP,441,x8,?,
1769495030.3841915,RECEIVED,68877392-81a0-4c73-82d4-ea837340a7a6,70cecf8b-037d-4fc4-98e7-8d03bc9d8c6d,c2,DROP,1020,e5,?,
1769495030.512585,RECEIVED,7dbedd21-c77b-47d4-a517-fbb1b38b8cbb,029f0f72-4636-4d55-b955-86b4fd775a9e,c4,DROP,1007,e7,?,
1769495030.6445653,RECEIVED,f48a946d-6cc5-48b9-b2f6-017f70125f18,5436178b-df87-4f92-af78-53aa37a21efd,c1,DROP,1012,e3,?,
1769495030.7465694,RECEIVED,7ab6aa03-6571-4ba7-984c-0418fb757954,54a3551c-895c-435f-843f-24467d3371e0,c1,DROP,1007,e8,?,
1769495030.8512263,SENT,f48a946d-6cc5-48b9-b2f6-017f70125f18,5436178b-df87-4f92-af78-53aa37a21efd,c1,DROP,687,?,x8,
1769495030.8512661,FORWARDED,f48a946d-6cc5-48b9-b2f6-017f70125f18,5436178b-df87-4f92-af78-53aa37a21efd,c1,DROP,687,?,x8,
1769495030.8649383,SENT,41b21c16-e7cc-493d-a646-d8d88145791b,579cfb13-8261-4a25-8c56-fb9b7199cb15,c2,DROP,683,?,x2,
1769495030.8649948,FORWARDED,41b21c16-e7cc-493d-a646-d8d88145791b,579cfb13-8261-4a25-8c56-fb9b7199cb15,c2,DROP,683,?,x2,
1769495030.94523,SENT,68877392-81a0-4c73-82d4-ea837340a7a6,70cecf8b-037d-4fc4-98e7-8d03bc9d8c6d,c2,DROP,691,?,x12,
1769495030.9452693,FORWARDED,68877392-81a0-4c73-82d4-ea837340a7a6,70cecf8b-037d-4fc4-98e7-8d03bc9d8c6d,c2,DROP,691,?,x12,
1769495031.0792553,SENT,ae08eab0-9d42-4e4d-9237-f4ef62fb86e7,167d473f-309f-4f41-8dbe-24543d12ef45,c2,DROP,686,?,x3,
1769495031.0792944,FORWARDED,ae08eab0-9d42-4e4d-9237-f4ef62fb86e7,167d473f-309f-4f41-8dbe-24543d12ef45,c2,DROP,686,?,x3,
1769495031.1990774,SENT,7dbedd21-c77b-47d4-a517-fbb1b38b8cbb,029f0f72-4636-4d55-b955-86b4fd775a9e,c4,DROP,683,?,x8,
1769495031.199122,FORWARDED,7dbedd21-c77b-47d4-a517-fbb1b38b8cbb,029f0f72-4636-4d55-b955-86b4fd775a9e,c4,DROP,683,?,x8,
1769495031.2479064,RECEIVED,7f774500-dd07-4754-9233-38483e5b468e,f42e6208-47b9-411b-917b-18110c4603e4,c5,c2,1763,e9,?,
1769495031.24904,RECEIVED,32f16c6c-edb5-4ce8-b625-06e3725f6278,225ded2c-68cc-467b-91be-10cef03083fb,c3,DROP,1015,e12,?,
1769495031.3638277,SENT,7ab6aa03-6571-4ba7-984c-0418fb757954,54a3551c-895c-435f-843f-24467d3371e0,c1,DROP,684,?,x8,
1769495031.3638687,FORWARDED,7ab6aa03-6571-4ba7-984c-0418fb757954,54a3551c-895c-435f-843f-24467d3371e0,c1,DROP,684,?,x8,
1769495031.4722095,SENT,32f16c6c-edb5-4ce8-b625-06e3725f6278,225ded2c-68cc-467b-91be-10cef03083fb,c3,DROP,690,?,x2,
1769495031.4722476,FORWARDED,32f16c6c-edb5-4ce8-b625-06e3725f6278,225ded2c-68cc-467b-91be-10cef03083fb,c3,DROP,690,?,x2,
1769495031.502777,SENT,7f774500-dd07-4754-9233-38483e5b468e,f42e6208-47b9-411b-917b-18110c4603e4,c5,c2,1251,?,x2,
1769495031.502898,FORWARDED,7f774500-dd07-4754-9233-38483e5b468e,f42e6208-47b9-411b-917b-18110c4603e4,c5,c2,1251,?,x2,
1769495031.6728256,RECEIVED,a73f8646-4481-4649-a5aa-5c05331ba32a,48f7c0b7-7e56-414f-a027-0b8e66573085,c3,DROP,1020,e11,?,
1769495031.6949992,RECEIVED,58dacb1d-71e2-437b-9ba1-28efc94ba165,1738b9c0-6798-4994-b043-1fb332a7cbfe,c3,DROP,1008,e6,?,
1769495031.7453425,RECEIVED,fed77c23-25ba-4748-8720-fd5e78f93b94,b10b7f81-81e5-4164-8b3d-ecdde24f468f,c5,c2,1771,e3,?,
1769495031.7662277,RECEIVED,41f8c23b-8620-4693-9af5-610ada1be4d7,cd8c6017-ac08-44e8-a620-bb6a3675aa9b,c5,DROP,1024,e11,?,
1769495031.8560414,SENT,58dacb1d-71e2-437b-9ba1-28efc94ba165,1738b9c0-6798-4994-b043-1fb332a7cbfe,c3,DROP,684,?,x2,
1769495031.856094,FORWARDED,58dacb1d-71e2-437b-9ba1-28efc94ba165,1738b9c0-6798-4994-b043-1fb332a7cbfe,c3,DROP,684,?,x2,
1769495032.0481858,RECEIVED,7fa472ef-1577-43c3-8d58-23f546c18e09,e190ef00-d516-45c2-9acc-4d5825f837a4,c1,c5,1773,e11,?,
1769495032.0583007,SENT,7fa472ef-1577-43c3-8d58-23f546c18e09,e190ef00-d516-45c2-9acc-4d5825f837a4,c1,c5,1255,?,x6,
1769495032.058342,FORWARDED,7fa472ef-1577-43c3-8d58-23f546c18e09,e190ef00-d516-45c2-9acc-4d5825f837a4,c1,c5,1255,?,x6,
1769495032.0733497,SENT,41f8c23b-8620-4693-9af5-610ada1be4d7,cd8c6017-ac08-44e8-a620-bb6a3675aa9b,c5,DROP,694,?,x4,
1769495032.0733922,FORWARDED,41f8c23b-8620-4693-9af5-610ada1be4d7,cd8c6017-ac08-44e8-a620-bb6a3675aa9b,c5,DROP,694,?,x4,
1769495032.1593914,RECEIVED,eb4e3692-4d74-47c0-be25-7b2e4d1191a3,c8b4709a-c774-4deb-9aca-8f1d17a8ad15,c2,DROP,1007,e9,?,
1769495032.202197,RECEIVED,6ee041af-b70c-461b-87e5-95dacf853044,0afbd45a-5c6a-4d22-bd88-464a36a5ebcf,c1,DROP,1007,e1,?,
1769495032.2231443,RECEIVED,81004c9c-c11f-4743-8d71-7b3ffc70849b,70d9f6a2-f978-4dfd-97b6-911b20db8d20,c5,c2,1775,e5,?,
1769495032.2235305,RECEIVED,414c02cc-a78d-49ee-866d-9cafb33b41a3,a9728718-52b8-4f5f-8280-383f9254bad3,c2,DROP,445,x12,?,
1769495032.3291197,RECEIVED,c86ccd62-3b5d-4869-837f-047e3598e882,b090922a-c363-4d6d-80c4-3b47bf3b4e95,c5,DROP,1009,e3,?,
1769495032.4249387,SENT,c86ccd62-3b5d-4869-837f-047e3598e882,b090922a-c363-4d6d-80c4-3b47bf3b4e95,c5,DROP,684,?,x10,
1769495032.4249809,FORWARDED,c86ccd62-3b5d-4869-837f-047e3598e882,b090922a-c363-4d6d-80c4-3b47bf3b4e95,c5,DROP,684,?,x10,
1769495032.4316096,SENT,81004c9c-c11f-4743-8d71-7b3ffc70849b,70d9f6a2-f978-4dfd-97b6-911b20db8d20,c5,c2,1258,?,x8,
1769495032.431648,FORWARDED,81004c9c-c11f-4743-8d71-7b3ffc70849b,70d9f6a2-f978-4dfd-97b6-911b20db8d20,c5,c2,1258,?,x8,
1769495032.4960587,RECEIVED,5b82aa9f-18d1-44f0-a6a3-dd089fd3909d,7fd866cb-0e00-4228-b644-83b42ccaeaa3,c1,DROP,446,x9,?,
1769495032.5877345,SENT,fed77c23-25ba-4748-8720-fd5e78f93b94,b10b7f81-81e5-4164-8b3d-ecdde24f468f,c5,c2,1255,?,x5,
1769495032.5877798,FORWARDED,fed77c23-25ba-4748-8720-fd5e78f93b94,b10b7f81-81e5-4164-8b3d-ecdde24f468f,c5,c2,1255,?,x5,
1769495032.760592,RECEIVED,f99804e8-8a53-4b2a-baa0-ba7beefbf2e1,7d8b7a88-6032-4b36-8c7b-3b4d68fbef28,c4,DROP,1015,e3,?,
1769495032.7710316,SENT,eb4e3692-4d74-47c0-be25-7b2e4d1191a3,c8b4709a-c774-4deb-9aca-8f1d17a8ad15,c2,DROP,683,?,x3,
1769495032.771087,FORWARDED,eb4e3692-4d74-47c0-be25-7b2e4d1191a3,c8b4709a-c774-4deb-9aca-8f1d17a8ad15,c2,DROP,683,?,x3,
1769495032.9365816,SENT,6ee041af-b70c-461b-87e5-95dacf853044,0afbd45a-5c6a-4d22-bd88-464a36a5ebcf,c1,DROP,684,?,x9,
1769495032.9366221,FORWARDED,6ee041af-b70c-461b-87e5-95dacf853044,0afbd45a-5c6a-4d22-bd88-464a36a5ebcf,c1,DROP,684,?,x9,
1769495033.0124307,RECEIVED,b69c27be-d57a-4a4a-9ab8-bbfdf89a8a7f,f5a5f8bf-c143-433d-a592-a4d42e94d9b5,c4,DROP,439,x7,?,
1769495033.240171,RECEIVED,442198cd-6149-40d9-8698-3a2113e4c183,eae935a0-ddf2-4d44-9352-b67a6a6e6a7b,c3,DROP,442,x7,?,
1769495033.262251,RECEIVED,f1e318be-899a-4628-84a4-f8b53bd27dcc,30cc71b9-c8fc-49f3-aea3-ef63b2d1aa61,c2,DROP,1007,e4,?,
1769495033.3143187,SENT,a73f8646-4481-4649-a5aa-5c05331ba32a,48f7c0b7-7e56-414f-a027-0b8e66573085,c3,DROP,692,?,x12,
1769495033.3143573,FORWARDED,a73f8646-4481-4649-a5aa-5c05331ba32a,48f7c0b7-7e56-414f-a027-0b8e66573085,c3,DROP,692,?,x12,
1769495033.335427,RECEIVED,e0863143-3933-4c8c-8f9d-55c68e66cf2f,439f3b3f-f875-4d90-b3f5-d3b7cb01c781,c2,DROP,441,x2,?,
1769495033.3423216,RECEIVED,aa75e70a-6cad-4828-b2f0-4f5c0b357a1d,b8579c5c-4362-4388-a475-ed40e0a01365,c2,DROP,1021,e7,?,
1769495033.457612,RECEIVED,80b3fad1-34c9-41ae-8f68-1d1d88b642f5,d78fdddd-10ee-4e29-9a1f-c6543afd0557,c3,DROP,1020,e10,?,
1769495033.487467,SENT,f99804e8-8a53-4b2a-baa0-ba7beefbf2e1,7d8b7a88-6032-4b36-8c7b-3b4d68fbef28,c4,DROP,688,?,x4,
1769495033.487506,FORWARDED,f99804e8-8a53-4b2a-baa0-ba7beefbf2e1,7d8b7a88-6032-4b36-8c7b-3b4d68fbef28,c4,DROP,688,?,x4,
1769495033.5844924,SENT,80b3fad1-34c9-41ae-8f68-1d1d88b642f5,d78fdddd-10ee-4e29-9a1f-c6543afd0557,c3,DROP,692,?,x6,
1769495033.5845332,FORWARDED,80b3fad1-34c9-41ae-8f68-1d1d88b642f5,d78fdddd-10ee-4e29-9a1f-c6543afd0557,c3,DROP,692,?,x6,
1769495033.7090905,SENT,f1e318be-899a-4628-84a4-f8b53bd27dcc,30cc71b9-c8fc-49f3-aea3-ef63b2d1aa61,c2,DROP,684,?,x6,
1769495033.7091312,FORWARDED,f1e318be-899a-4628-84a4-f8b53bd27dcc,30cc71b9-c8fc-49f3-aea3-ef63b2d1aa61,c2,DROP,684,?,x6,
1769495033.7891834,SENT,aa75e70a-6cad-4828-b2f0-4f5c0b357a1d,b8579c5c-4362-4388-a475-ed40e0a01365,c2,DROP,693,?,x11,
1769495033.7892241,FORWARDED,aa75e70a-6cad-4828-b2f0-4f5c0b357a1d,b8579c5c-4362-4388-a475-ed40e0a01365,c2,DROP,693,?,x11,
1769495033.8436272,RECEIVED,e7c29f9f-4eeb-4759-81d9-8f8f56e8f978,f608e348-baba-49cd-be0f-e24462acc9d2,c3,DROP,1012,e3,?,
1769495033.9303641,SENT,e7c29f9f-4eeb-4759-81d9-8f8f56e8f978,f608e348-baba-49cd-be0f-e24462acc9d2,c3,DROP,687,?,x3,
1769495033.9304054,FORWARDED,e7c29f9f-4eeb-4759-81d9-8f8f56e8f978,f608e348-baba-49cd-be0f-e24462acc9d2,c3,DROP,687,?,x3,
1769495033.93282,RECEIVED,3f1f82ba-8b7c-439d-81d9-b27eca20649c,d7e4793e-01b6-4ae2-a137-59334b7e8c0c,c2,DROP,1019,e10,?,
1769495034.1670184,RECEIVED,dd972dc2-bdcd-40a2-b35b-d9531b963f76,d381a920-1f1f-4ed7-91aa-c1b785117f57,c4,DROP,1007,e10,?,
1769495034.215955,SENT,3f1f82ba-8b7c-439d-81d9-b27eca20649c,d7e4793e-01b6-4ae2-a137-59334b7e8c0c,c2,DROP,693,?,x5,
1769495034.2159953,FORWARDED,3f1f82ba-8b7c-439d-81d9-b27eca20649c,d7e4793e-01b6-4ae2-a137-59334b7e8c0c,c2,DROP,693,?,x5,
1769495034.4683006,RECEIVED,bfb09ed8-fc4d-4b38-b7ea-67444f4cc630,71695969-d593-42e0-930c-3027325d4b73,c5,DROP,1010,e8,?,
1769495034.5204034,SENT,bfb09ed8-fc4d-4b38-b7ea-67444f4cc630,71695969-d593-42e0-930c-3027325d4b73,c5,DROP,684,?,x6,
1769495034.520446,FORWARDED,bfb09ed8-fc4d-4b38-b7ea-67444f4cc630,71695969-d593-42e0-930c-3027325d4b73,c5,DROP,684,?,x6,
1769495034.5230813,SENT,dd972dc2-bdcd-40a2-b35b-d9531b963f76,d381a920-1f1f-4ed7-91aa-c1b785117f57,c4,DROP,684,?,x4,
1769495034.5231237,FORWARDED,dd972dc2-bdcd-40a2-b35b-d9531b963f76,d381a920-1f1f-4ed7-91aa-c1b785117f57,c4,DROP,684,?,x4,
1769495034.6666071,RECEIVED,11bf73c6-3f3f-4b74-b15d-b627fa07b4b8,b6fc436f-3013-4000-818a-b3f2d280cd46,c4,DROP,1020,e11,?,
1769495034.727351,RECEIVED,3ca69d4b-0df8-4cda-b302-ec51943c827f,175d33ec-b744-4179-93ae-e0c26be586a6,c1,c5,1771,e3,?,
1769495035.035038,SENT,11bf73c6-3f3f-4b74-b15d-b627fa07b4b8,b6fc436f-3013-4000-818a-b3f2d280cd46,c4,DROP,691,?,x12,
1769495035.0351396,FORWARDED,11bf73c6-3f3f-4b74-b15d-b627fa07b4b8,b6fc436f-3013-4000-818a-b3f2d280cd46,c4,DROP,691,?,x12,
1769495035.4843218,SENT,3ca69d4b-0df8-4cda-b302-ec51943c827f,175d33ec-b744-4179-93ae-e0c26be586a6,c1,c5,1256,?,x2,
1769495035.4843702,FORWARDED,3ca69d4b-0df8-4cda-b302-ec51943c827f,175d33ec-b744-4179-93ae-e0c26be586a6,c1,c5,1256,?,x2,
1769495035.5914452,RECEIVED,3e36c4fd-7d59-4332-8245-2f769954fbbf,4c979967-622c-4175-925f-11b164ffbe29,c3,DROP,446,x12,?,
1769495035.598659,RECEIVED,ee74575f-2545-4f22-93b7-3ce169f96921,6d3b3300-bb7d-497a-bd05-53de0c27d423,c4,DROP,1005,e9,?,
1769495035.6053314,RECEIVED,ca144370-2b8f-49be-9a86-a930546af9be,2c56a839-1afd-498a-856b-f076eea8ab09,c1,DROP,1019,e9,?,
1769495035.6254277,RECEIVED,55d46bef-6564-4e74-8f4f-34b610442ec8,ee45b929-3a07-4949-9ebe-4ceb16d63d5e,c5,DROP,1012,e3,?,
1769495035.780251,RECEIVED,64f4e5be-6057-43ed-a261-3397b092513c,ac5d7def-5cb1-4ab1-a333-7437deafc18e,c3,DROP,1022,e11,?,
1769495035.7968292,RECEIVED,b299c1ed-b7c2-4c6c-b4f6-627e5bcf4d48,1f1aa138-ad67-4c5d-a118-c8101c38b868,c3,DROP,1021,e10,?,
1769495035.8222167,SENT,64f4e5be-6057-43ed-a261-3397b092513c,ac5d7def-5cb1-4ab1-a333-7437deafc18e,c3,DROP,692,?,x11,
1769495035.8222501,FORWARDED,64f4e5be-6057-43ed-a261-3397b092513c,ac5d7def-5cb1-4ab1-a333-7437deafc18e,c3,DROP,692,?,x11,
1769495035.844133,RECEIVED,5181ce24-70ae-46d0-9d96-27c9dbc484ea,cdf0e8bc-57bb-4c7d-9879-67d2ea625c64,c1,DROP,1008,e3,?,
1769495035.9301426,SENT,ee74575f-2545-4f22-93b7-3ce169f96921,6d3b3300-bb7d-497a-bd05-53de0c27d423,c4,DROP,684,?,x4,
1769495035.9301836,FORWARDED,ee74575f-2545-4f22-93b7-3ce169f96921,6d3b3300-bb7d-497a-bd05-53de0c27d423,c4,DROP,684,?,x4,
1769495035.9440231,SENT,5181ce24-70ae-46d0-9d96-27c9dbc484ea,cdf0e8bc-57bb-4c7d-9879-67d2ea625c64,c1,DROP,683,?,x2,
1769495035.9440792,FORWARDED,5181ce24-70ae-46d0-9d96-27c9dbc484ea,cdf0e8bc-57bb-4c7d-9879-67d2ea625c64,c1,DROP,683,?,x2,
1769495035.973835,SENT,55d46bef-6564-4e74-8f4f-34b610442ec8,ee45b929-3a07-4949-9ebe-4ceb16d63d5e,c5,DROP,687,?,x8,
1769495035.9738746,FORWARDED,55d46bef-6564-4e74-8f4f-34b610442ec8,ee45b929-3a07-4949-9ebe-4ceb16d63d5e,c5,DROP,687,?,x8,
1769495036.0273256,SENT,b299c1ed-b7c2-4c6c-b4f6-627e5bcf4d48,1f1aa138-ad67-4c5d-a118-c8101c38b868,c3,DROP,692,?,x11,
1769495036.0273638,FORWARDED,b299c1ed-b7c2-4c6c-b4f6-627e5bcf4d48,1f1aa138-ad67-4c5d-a118-c8101c38b868,c3,DROP,692,?,x11,
1769495036.0653925,SENT,ca144370-2b8f-49be-9a86-a930546af9be,2c56a839-1afd-498a-856b-f076eea8ab09,c1,DROP,692,?,x6,
1769495036.065433,FORWARDED,ca144370-2b8f-49be-9a86-a930546af9be,2c56a839-1afd-498a-856b-f076eea8ab09,c1,DROP,692,?,x6,
1769495036.1120343,RECEIVED,09461f84-b199-4446-930c-38919f386b86,fb4680cd-7c8f-49bf-88ab-97a92655a339,c1,DROP,1006,e4,?,
1769495036.6962242,RECEIVED,e87d7d58-c23f-4fde-9617-1ea5a9c56c46,a4299ea7-f892-49cc-8c18-996907b8656b,c5,DROP,1008,e4,?,
1769495036.7889967,RECEIVED,c1731962-f1b2-4c9a-bfb4-46116926f9ff,1b6094c5-4af1-4b8e-9a52-ddc1a85a512d,c3,c5,1771,e2,?,
1769495036.951274,RECEIVED,b96a7d3f-df9d-4104-b93f-7134cda7a861,2f264644-5e5f-4cde-9750-b4a2a37fb158,c5,c2,1780,e6,?,
1769495037.0970612,SENT,b96a7d3f-df9d-4104-b93f-7134cda7a861,2f264644-5e5f-4cde-9750-b4a2a37fb158,c5,c2,1263,?,x6,
1769495037.0970974,FORWARDED,b96a7d3f-df9d-4104-b93f-7134cda7a861,2f264644-5e5f-4cde-9750-b4a2a37fb158,c5,c2,1263,?,x6,
1769495037.1825283,RECEIVED,28dc239a-6c98-482d-9903-a718df7cb33e,36f45726-8f9b-46b1-ab0f-ee142196d369,c4,DROP,444,x11,?,
1769495037.2065613,SENT,e87d7d58-c23f-4fde-9617-1ea5a9c56c46,a4299ea7-f892-49cc-8c18-996907b8656b,c5,DROP,683,?,x10,
1769495037.206605,FORWARDED,e87d7d58-c23f-4fde-9617-1ea5a9c56c46,a4299ea7-f892-49cc-8c18-996907b8656b,c5,DROP,683,?,x10,
1769495037.2233639,RECEIVED,831139b2-7151-4575-b722-d452c5aa1853,aac12958-1c60-494a-b625-8b661aa221c9,c2,DROP,1021,e2,?,
1769495037.2958207,RECEIVED,12585814-4e4a-47c9-b526-61e39fe2783d,f70e5eac-efda-4533-95bc-3e37ee4933ce,c1,DROP,1020,e11,?,
1769495037.4134774,SENT,831139b2-7151-4575-b722-d452c5aa1853,aac12958-1c60-494a-b625-8b661aa221c9,c2,DROP,692,?,x12,
1769495037.4135199,FORWARDED,831139b2-7151-4575-b722-d452c5aa1853,aac12958-1c60-494a-b625-8b661aa221c9,c2,DROP,692,?,x12,
1769495037.4544244,SENT,12585814-4e4a-47c9-b526-61e39fe2783d,f70e5eac-efda-4533-95bc-3e37ee4933ce,c1,DROP,692,?,x6,
1769495037.4544656,FORWARDED,12585814-4e4a-47c9-b526-61e39fe2783d,f70e5eac-efda-4533-95bc-3e37ee4933ce,c1,DROP,692,?,x6,
1769495037.4686897,SENT,09461f84-b199-4446-930c-38919f386b86,fb4680cd-7c8f-49bf-88ab-97a92655a339,c1,DROP,683,?,x3,
1769495037.4687278,FORWARDED,09461f84-b199-4446-930c-38919f386b86,fb4680cd-7c8f-49bf-88ab-97a92655a339,c1,DROP,683,?,x3,
1769495037.498296,SENT,c1731962-f1b2-4c9a-bfb4-46116926f9ff,1b6094c5-4af1-4b8e-9a52-ddc1a85a512d,c3,c5,1256,?,x7,
1769495037.498348,FORWARDED,c1731962-f1b2-4c9a-bfb4-46116926f9ff,1b6094c5-4af1-4b8e-9a52-ddc1a85a512d,c3,c5,1256,?,x7,
1769495037.680531,RECEIVED,58fc35b0-e684-4ec6-8c39-485956405bd7,a2899a40-4222-4069-ac78-fec4771c57b9,c1,DROP,1008,e4,?,
1769495037.7450752,SENT,58fc35b0-e684-4ec6-8c39-485956405bd7,a2899a40-4222-4069-ac78-fec4771c57b9,c1,DROP,684,?,x2,
1769495037.7451181,FORWARDED,58fc35b0-e684-4ec6-8c39-485956405bd7,a2899a40-4222-4069-ac78-fec4771c57b9,c1,DROP,684,?,x2,
1769495037.7838671,RECEIVED,ca598d68-a7c4-4fa7-ab96-ca39d9b98315,a02d229f-e864-4308-8558-09fbe14ee26b,c2,DROP,1010,e9,?,
1769495038.0927627,RECEIVED,cec640b0-6b28-4623-9ef7-05c2e79c349d,939a5da2-d71f-4d3c-bb20-fa2cd6095fdb,c5,DROP,1008,e7,?,
1769495038.100349,RECEIVED,1ae7a725-e47b-483c-ae09-c6ccad49d74e,bff305f5-54a5-47fb-bd95-db181b6e5dc1,c1,DROP,443,x9,?,
1769495038.1205282,RECEIVED,72768b00-0042-4734-b0c2-15dccb008159,3a2d3336-160e-4322-8fd6-accf7f7fd03f,c4,DROP,1015,e8,?,
1769495038.2001328,SENT,cec640b0-6b28-4623-9ef7-05c2e79c349d,939a5da2-d71f-4d3c-bb20-fa2cd6095fdb,c5,DROP,684,?,x2,
1769495038.2001736,FORWARDED,cec640b0-6b28-4623-9ef7-05c2e79c349d,939a5da2-d71f-4d3c-bb20-fa2cd6095fdb,c5,DROP,684,?,x2,
1769495038.2418609,RECEIVED,856bb7e2-275b-40c5-ac93-e8432e276494,32436d10-bdde-41a1-9ade-0299b14ad6dc,c3,DROP,1012,e10,?,
1769495038.3375034,SENT,856bb7e2-275b-40c5-ac93-e8432e276494,32436d10-bdde-41a1-9ade-0299b14ad6dc,c3,DROP,685,?,x3,
1769495038.3375447,FORWARDED,856bb7e2-275b-40c5-ac93-e8432e276494,32436d10-bdde-41a1-9ade-0299b14ad6dc,c3,DROP,685,?,x3,
1769495038.395405,RECEIVED,05d4f5a5-e4e3-4fa8-8248-876c2a2e134a,81ef52fc-645a-4655-b208-f844ba2abd2a,c4,DROP,1011,e6,?,
1769495038.5073786,RECEIVED,e1b4ca2a-d92a-4452-ad1d-5b14375e9da7,b5d05014-d539-4abc-8a8d-65b66cffa10b,c5,DROP,1023,e1,?,
1769495038.7218876,RECEIVED,23d43c63-293e-4d39-a441-b1979b580e90,38207ea1-840c-43d2-b38a-76e6a577045b,c2,c3,1780,e3,?,
1769495038.7781413,RECEIVED,13ef5502-4ceb-400c-a558-c60bba26f751,a4684e94-2627-48f8-a08b-1ff2faa03157,c4,DROP,1016,e7,?,
1769495038.8479805,RECEIVED,6a65d05b-dfcd-4199-a041-59eca072c0f1,c991f900-4f83-4d3f-b592-905f755d1638,c1,DROP,1011,e4,?,
1769495038.8719223,SENT,13ef5502-4ceb-400c-a558-c60bba26f751,a4684e94-2627-48f8-a08b-1ff2faa03157,c4,DROP,688,?,x7,
1769495038.871965,FORWARDED,13ef5502-4ceb-400c-a558-c60bba26f751,a4684e94-2627-48f8-a08b-1ff2faa03157,c4,DROP,688,?,x7,
1769495039.0925124,SENT,05d4f5a5-e4e3-4fa8-8248-876c2a2e134a,81ef52fc-645a-4655-b208-f844ba2abd2a,c4,DROP,687,?,x4,
1769495039.0925543,FORWARDED,05d4f5a5-e4e3-4fa8-8248-876c2a2e134a,81ef52fc-645a-4655-b208-f844ba2abd2a,c4,DROP,687,?,x4,
1769495039.1761296,RECEIVED,c8f1428a-3e7b-4752-97a0-58dd90db23ed,faf13356-87da-4b87-8217-5480645591bd,c3,c5,1783,e4,?,
1769495039.183975,SENT,23d43c63-293e-4d39-a441-b1979b580e90,38207ea1-840c-43d2-b38a-76e6a577045b,c2,c3,1263,?,x10,
1769495039.1840148,FORWARDED,23d43c63-293e-4d39-a441-b1979b580e90,38207ea1-840c-43d2-b38a-76e6a577045b,c2,c3,1263,?,x10,
1769495039.2832494,RECEIVED,0e0af698-e9d1-420a-9f8f-c8de7128d49b,86ec6968-bdc7-4781-8f17-bea41f0576be,c2,DROP,1006,e12,?,
1769495039.3826792,RECEIVED,729197ee-9cf0-4b78-a4be-8536501ddc21,1f15bce5-e03f-43c3-893b-1d4937f0f8a1,c2,DROP,1007,e3,?,
1769495039.3888795,RECEIVED,f7e5b505-a2ed-4620-85f8-979bb560c30e,23c95b11-cbfc-441a-b4ae-813fc8c2d8a1,c5,DROP,1007,e4,?,
1769495039.3942122,RECEIVED,9f68aef4-2e19-4583-b26d-cdffdff1a6f6,4929d2c5-6510-49a7-993f-426eec9b20b4,c1,DROP,442,x7,?,
1769495039.4740639,SENT,c8f1428a-3e7b-4752-97a0-58dd90db23ed,faf13356-87da-4b87-8217-5480645591bd,c3,c5,1264,?,x3,
1769495039.4741042,FORWARDED,c8f1428a-3e7b-4752-97a0-58dd90db23ed,faf13356-87da-4b87-8217-5480645591bd,c3,c5,1264,?,x3,
1769495039.5018423,SENT,ca598d68-a7c4-4fa7-ab96-ca39d9b98315,a02d229f-e864-4308-8558-09fbe14ee26b,c2,DROP,687,?,x8,
1769495039.5018816,FORWARDED,ca598d68-a7c4-4fa7-ab96-ca39d9b98315,a02d229f-e864-4308-8558-09fbe14ee26b,c2,DROP,687,?,x8,
1769495039.7634747,RECEIVED,c7dfadd2-98af-4a3f-a206-e6c56e424968,522fb877-a303-43b3-8ed5-53e763a22adb,c2,DROP,1020,e5,?,
1769495039.7879698,RECEIVED,f4f8ec03-a4d4-4ebb-9423-aed9f970b4a5,c7676f60-92ba-44dc-a323-9af3bc1fa823,c5,DROP,445,x1,?,
1769495039.7899842,RECEIVED,a1975403-e01d-4ba2-b647-79424f5c34b1,ff3b294a-a99d-4584-b696-080fd83b6242,c1,DROP,446,x5,?,
1769495039.7923603,SENT,6a65d05b-dfcd-4199-a041-59eca072c0f1,c991f900-4f83-4d3f-b592-905f755d1638,c1,DROP,685,?,x5,
1769495039.7924006,FORWARDED,6a65d05b-dfcd-4199-a041-59eca072c0f1,c991f900-4f83-4d3f-b592-905f755d1638,c1,DROP,685,?,x5,
1769495039.9113202,RECEIVED,2a77874e-bed4-4157-8036-b1eefcf2e904,2acbea68-277c-4a9b-b3d1-62ee46c26ee4,c2,c3,1776,e11,?,
1769495039.9269376,RECEIVED,5888998a-66f3-483a-be6d-20ce7c645582,bb7ed550-3d3d-462d-8e72-c9082468737c,c4,DROP,440,x1,?,
1769495039.9923398,SENT,2a77874e-bed4-4157-8036-b1eefcf2e904,2acbea68-277c-4a9b-b3d1-62ee46c26ee4,c2,c3,1260,?,x3,
1769495039.9923813,FORWARDED,2a77874e-bed4-4157-8036-b1eefcf2e904,2acbea68-277c-4a9b-b3d1-62ee46c26ee4,c2,c3,1260,?,x3,
1769495040.0233364,SENT,c7dfadd2-98af-4a3f-a206-e6c56e424968,522fb877-a303-43b3-8ed5-53e763a22adb,c2,DROP,693,?,x10,
1769495040.023409,FORWARDED,c7dfadd2-98af-4a3f-a206-e6c56e424968,522fb877-a303-43b3-8ed5-53e763a22adb,c2,DROP,693,?,x10,
1769495040.0399027,SENT,729197ee-9cf0-4b78-a4be-8536501ddc21,1f15bce5-e03f-43c3-893b-1d4937f0f8a1,c2,DROP,684,?,x7,
1769495040.039948,FORWARDED,729197ee-9cf0-4b78-a4be-8536501ddc21,1f15bce5-e03f-43c3-893b-1d4937f0f8a1,c2,DROP,684,?,x7,
1769495040.0586603,SENT,72768b00-0042-4734-b0c2-15dccb008159,3a2d3336-160e-4322-8fd6-accf7f7fd03f,c4,DROP,688,?,x2,
1769495040.0588,FORWARDED,72768b00-0042-4734-b0c2-15dccb008159,3a2d3336-160e-4322-8fd6-accf7f7fd03f,c4,DROP,688,?,x2,
1769495040.1003473,SENT,e1b4ca2a-d92a-4452-ad1d-5b14375e9da7,b5d05014-d539-4abc-8a8d-65b66cffa10b,c5,DROP,694,?,x4,
1769495040.1003923,FORWARDED,e1b4ca2a-d92a-4452-ad1d-5b14375e9da7,b5d05014-d539-4abc-8a8d-65b66cffa10b,c5,DROP,694,?,x4,
1769495040.3224006,RECEIVED,b4a776ce-aa04-4a19-a76f-025ae5c830a6,3d8a2928-29bc-449b-bf54-d8ec7aae1405,c4,DROP,1006,e3,?,
1769495040.4629629,SENT,b4a776ce-aa04-4a19-a76f-025ae5c830a6,3d8a2928-29bc-449b-bf54-d8ec7aae1405,c4,DROP,683,?,x6,
1769495040.4630058,FORWARDED,b4a776ce-aa04-4a19-a76f-025ae5c830a6,3d8a2928-29bc-449b-bf54-d8ec7aae1405,c4,DROP,683,?,x6,
1769495040.499564,RECEIVED,8b7cddf9-1d26-49b4-8c8e-3dc6bf15b33a,16fb7c4d-bce0-4a06-bcdb-233c047f4edf,c5,DROP,1012,e1,?,
1769495040.5077643,SENT,f7e5b505-a2ed-4620-85f8-979bb560c30e,23c95b11-cbfc-441a-b4ae-813fc8c2d8a1,c5,DROP,683,?,x5,
1769495040.507807,FORWARDED,f7e5b505-a2ed-4620-85f8-979bb560c30e,23c95b11-cbfc-441a-b4ae-813fc8c2d8a1,c5,DROP,683,?,x5,
1769495040.5532026,SENT,0e0af698-e9d1-420a-9f8f-c8de7128d49b,86ec6968-bdc7-4781-8f17-bea41f0576be,c2,DROP,684,?,x9,
1769495040.5532465,FORWARDED,0e0af698-e9d1-420a-9f8f-c8de7128d49b,86ec6968-bdc7-4781-8f17-bea41f0576be,c2,DROP,684,?,x9,
1769495040.5792456,SENT,8b7cddf9-1d26-49b4-8c8e-3dc6bf15b33a,16fb7c4d-bce0-4a06-bcdb-233c047f4edf,c5,DROP,686,?,x4,
1769495040.5792882,FORWARDED,8b7cddf9-1d26-49b4-8c8e-3dc6bf15b33a,16fb7c4d-bce0-4a06-bcdb-233c047f4edf,c5,DROP,686,?,x4,
1769495040.8126357,RECEIVED,055e136b-3842-41b7-ad70-d64788dd0498,1c64db5c-5e50-4950-98e5-16a3b20db47d,c5,DROP,1021,e12,?,
1769495041.0176144,RECEIVED,c893f6aa-50e9-410e-8b5e-31ce093fd743,7a47cf25-c291-40ab-85ed-541a649d4828,c4,DROP,446,x1,?,
1769495041.0961,SENT,055e136b-3842-41b7-ad70-d64788dd0498,1c64db5c-5e50-4950-98e5-16a3b20db47d,c5,DROP,693,?,x11,
1769495041.096142,FORWARDED,055e136b-3842-41b7-ad70-d64788dd0498,1c64db5c-5e50-4950-98e5-16a3b20db47d,c5,DROP,693,?,x11,
1769495042.062739,RECEIVED,0e8789e5-3eec-46dd-a867-a81ca98894ee,c48cec2d-fea4-4f19-94e9-da214e7c7c41,c4,DROP,445,x10,?,
1769495042.2597,RECEIVED,de21d2c3-92dd-4f64-a5a2-4553219ce17e,88436eff-052b-4b0c-8ae7-b790e3bc6a87,c2,DROP,1019,e10,?,
1769495042.2907205,RECEIVED,e988f66c-118e-424e-92ef-571be413a958,16a47633-6841-4399-a28e-a096aac26eac,c2,c3,1768,e2,?,
1769495042.295721,RECEIVED,49555988-bbfc-4d5c-86f5-7e47a7612531,c34a0896-6895-4fc7-b877-a6ba299a37e9,c3,DROP,441,x12,?,
1769495042.3089812,RECEIVED,ab1b42b8-0386-407a-86a1-6442e1b6ba2c,56abde0b-b9be-4849-86b8-509f629c14a4,c2,c3,1772,e2,?,
1769495042.3656175,RECEIVED,58702b24-4c84-45f1-8236-30e7f5e45ff5,70645fa9-5917-4ea6-aa86-c9ce2a7a6868,c2,DROP,1022,e12,?,
1769495042.3738487,RECEIVED,9f516ff6-086a-4409-985b-ac20fbf1762a,abde25c1-0d45-4e5e-9f08-8a9335f661e9,c5,DROP,1011,e10,?,
1769495042.4278007,SENT,58702b24-4c84-45f1-8236-30e7f5e45ff5,70645fa9-5917-4ea6-aa86-c9ce2a7a6868,c2,DROP,693,?,x11,
1769495042.427843,FORWARDED,58702b24-4c84-45f1-8236-30e7f5e45ff5,70645fa9-5917-4ea6-aa86-c9ce2a7a6868,c2,DROP,693,?,x11,
1769495042.5381851,SENT,e988f66c-118e-424e-92ef-571be413a958,16a47633-6841-4399-a28e-a096aac26eac,c2,c3,1254,?,x12,
1769495042.538228,FORWARDED,e988f66c-118e-424e-92ef-571be413a958,16a47633-6841-4399-a28e-a096aac26eac,c2,c3,1254,?,x12,
1769495042.5943797,RECEIVED,5cca3b37-7423-4718-81e4-85b4da79101d,bc0f79f3-01a9-4d12-9316-1be8888f1d20,c3,DROP,1019,e10,?,
1769495042.6468053,SENT,ab1b42b8-0386-407a-86a1-6442e1b6ba2c,56abde0b-b9be-4849-86b8-509f629c14a4,c2,c3,1255,?,x3,
1769495042.6468394,FORWARDED,ab1b42b8-0386-407a-86a1-6442e1b6ba2c,56abde0b-b9be-4849-86b8-509f629c14a4,c2,c3,1255,?,x3,
1769495042.8015602,RECEIVED,4563f523-edb0-4bc6-b86d-bf8b8e6db34b,f4ceab87-01a6-464e-99c8-15df4577d3f8,c2,DROP,1015,e4,?,
1769495042.9676628,RECEIVED,86692cc9-a0f3-45da-9300-3078b76fd378,79fbe71f-c015-4d16-a02d-b137e07736c7,c2,DROP,1015,e7,?,
1769495042.992592,RECEIVED,4cb9b0eb-8117-4729-bffd-fe4d28645ce3,1370d203-f15f-426a-871b-66b17f914207,c4,DROP,1008,e8,?,
1769495043.0750792,RECEIVED,384d92a0-49a9-403b-b6c0-ece0b80f8d4c,e0518cbb-4150-47ad-9e5f-ed9929180bad,c2,DROP,446,x1,?,
1769495043.1178653,SENT,9f516ff6-086a-4409-985b-ac20fbf1762a,abde25c1-0d45-4e5e-9f08-8a9335f661e9,c5,DROP,686,?,x1,
1769495043.1179106,FORWARDED,9f516ff6-086a-4409-985b-ac20fbf1762a,abde25c1-0d45-4e5e-9f08-8a9335f661e9,c5,DROP,686,?,x1,
1769495043.1568387,SENT,de21d2c3-92dd-4f64-a5a2-4553219ce17e,88436eff-052b-4b0c-8ae7-b790e3bc6a87,c2,DROP,692,?,x8,
1769495043.1568801,FORWARDED,de21d2c3-92dd-4f64-a5a2-4553219ce17e,88436eff-052b-4b0c-8ae7-b790e3bc6a87,c2,DROP,692,?,x8,
1769495043.2243288,SENT,86692cc9-a0f3-45da-9300-3078b76fd378,79fbe71f-c015-4d16-a02d-b137e07736c7,c2,DROP,688,?,x2,
1769495043.2243698,FORWARDED,86692cc9-a0f3-45da-9300-3078b76fd378,79fbe71f-c015-4d16-a02d-b137e07736c7,c2,DROP,688,?,x2,
1769495043.237331,SENT,5cca3b37-7423-4718-81e4-85b4da79101d,bc0f79f3-01a9-4d12-9316-1be8888f1d20,c3,DROP,691,?,x9,
1769495043.237375,FORWARDED,5cca3b37-7423-4718-81e4-85b4da79101d,bc0f79f3-01a9-4d12-9316-1be8888f1d20,c3,DROP,691,?,x9,
1769495043.3214478,RECEIVED,55c15c58-550d-45c5-b299-b0bc87bdf042,c6e324d6-d397-4856-b48c-d730b8554cf4,c5,c2,1779,e3,?,
1769495043.3338342,RECEIVED,58f24a44-fa45-492b-900f-49613fb147eb,24592765-b2da-44eb-95e4-e41e0e8423f0,c2,DROP,1007,e7,?,
1769495043.3697474,RECEIVED,f126073e-a160-422d-861d-3f84566fbb99,e44a726d-ef32-4ab9-8f94-220d476aa30e,c2,DROP,1016,e10,?,
1769495043.4025104,SENT,4563f523-edb0-4bc6-b86d-bf8b8e6db34b,f4ceab87-01a6-464e-99c8-15df4577d3f8,c2,DROP,688,?,x9,
1769495043.4025521,FORWARDED,4563f523-edb0-4bc6-b86d-bf8b8e6db34b,f4ceab87-01a6-464e-99c8-15df4577d3f8,c2,DROP,688,?,x9,
1769495043.455268,SENT,f126073e-a160-422d-861d-3f84566fbb99,e44a726d-ef32-4ab9-8f94-220d476aa30e,c2,DROP,688,?,x5,
1769495043.4553084,FORWARDED,f126073e-a160-422d-861d-3f84566fbb99,e44a726d-ef32-4ab9-8f94-220d476aa30e,c2,DROP,688,?,x5,
1769495043.4906282,SENT,58f24a44-fa45-492b-900f-49613fb147eb,24592765-b2da-44eb-95e4-e41e0e8423f0,c2,DROP,684,?,x8,
1769495043.4906714,FORWARDED,58f24a44-fa45-492b-900f-49613fb147eb,24592765-b2da-44eb-95e4-e41e0e8423f0,c2,DROP,684,?,x8,
1769495043.5054111,SENT,4cb9b0eb-8117-4729-bffd-fe4d28645ce3,1370d203-f15f-426a-871b-66b17f914207,c4,DROP,682,?,x7,
1769495043.505452,FORWARDED,4cb9b0eb-8117-4729-bffd-fe4d28645ce3,1370d203-f15f-426a-871b-66b17f914207,c4,DROP,682,?,x7,
1769495043.5400069,RECEIVED,b9d58de0-8948-4195-b92d-7e0116b2bd39,ebca38a1-3730-4c7f-8503-dc27d18cabc6,c2,c3,1781,e8,?,
1769495043.5622842,RECEIVED,f9831beb-4823-47d1-b6b4-7c0dfdcd86c5,e91d02a6-6028-4ecc-acba-b2b03b183dda,c2,DROP,441,x8,?,
1769495043.6498146,RECEIVED,61abe59e-fbd3-466d-a4f0-8b20dadd2746,ca951da3-e844-4f1c-a0fc-ca963f47aa63,c2,c3,1777,e9,?,
1769495043.7099695,SENT,61abe59e-fbd3-466d-a4f0-8b20dadd2746,ca951da3-e844-4f1c-a0fc-ca963f47aa63,c2,c3,1260,?,x6,
1769495043.710015,FORWARDED,61abe59e-fbd3-466d-a4f0-8b20dadd2746,ca951da3-e844-4f1c-a0fc-ca963f47aa63,c2,c3,1260,?,x6,
1769495043.784595,SENT,b9d58de0-8948-4195-b92d-7e0116b2bd39,ebca38a1-3730-4c7f-8503-dc27d18cabc6,c2,c3,1261,?,x10,
1769495043.784635,FORWARDED,b9d58de0-8948-4195-b92d-7e0116b2bd39,ebca38a1-3730-4c7f-8503-dc27d18cabc6,c2,c3,1261,?,x10,
1769495043.8259344,RECEIVED,b2e271a5-ff0b-4f72-a5d3-00483abe5f0f,519afbda-e14a-46b7-92be-47c9c8dde2ce,c5,DROP,442,x4,?,
1769495043.9138412,RECEIVED,46799d63-6c8d-4bda-9668-3c415d4ab670,df2a4fd9-6080-4f0d-af02-665161dbf9d8,c5,c2,1776,e12,?,
1769495043.9341424,RECEIVED,56d088cc-b26f-4a46-8441-fb1fde58a2a5,b4fcb2aa-2657-4189-98ad-8fb94aa12e98,c4,DROP,1008,e11,?,
1769495043.941521,RECEIVED,9cd4b9eb-9930-45dc-9c1e-f7bcc1fa72cc,37552ca3-323e-4eb1-b6aa-7fdcbc9e9475,c3,DROP,442,x3,?,
1769495044.1387117,SENT,55c15c58-550d-45c5-b299-b0bc87bdf042,c6e324d6-d397-4856-b48c-d730b8554cf4,c5,c2,1263,?,x7,
1769495044.138777,FORWARDED,55c15c58-550d-45c5-b299-b0bc87bdf042,c6e324d6-d397-4856-b48c-d730b8554cf4,c5,c2,1263,?,x7,
1769495044.1523213,SENT,56d088cc-b26f-4a46-8441-fb1fde58a2a5,b4fcb2aa-2657-4189-98ad-8fb94aa12e98,c4,DROP,683,?,x8,
1769495044.15236,FORWARDED,56d088cc-b26f-4a46-8441-fb1fde58a2a5,b4fcb2aa-2657-4189-98ad-8fb94aa12e98,c4,DROP,683,?,x8,
1769495044.327768,RECEIVED,dbe760c4-c521-4f2d-8c5a-6f23118ceaad,edba00da-e0d2-45d8-82ac-9f62f7a44751,c1,DROP,1007,e8,?,
1769495044.3935962,SENT,46799d63-6c8d-4bda-9668-3c415d4ab670,df2a4fd9-6080-4f0d-af02-665161dbf9d8,c5,c2,1259,?,x7,
1769495044.393648,FORWARDED,46799d63-6c8d-4bda-9668-3c415d4ab670,df2a4fd9-6080-4f0d-af02-665161dbf9d8,c5,c2,1259,?,x7,
1769495044.407463,RECEIVED,4a2961de-76dc-42ff-9862-b4bfba726e65,528f0a48-d722-4c3a-b367-13a313a5ba6a,c5,DROP,1007,e12,?,
1769495044.7643962,RECEIVED,45564bc8-c520-429b-aca1-dd7d8ab0c894,e48a3a83-f8fe-45c2-a6c6-c63846555cd5,c4,c5,1781,e2,?,
1769495044.771944,SENT,4a2961de-76dc-42ff-9862-b4bfba726e65,528f0a48-d722-4c3a-b367-13a313a5ba6a,c5,DROP,684,?,x2,
1769495044.7719848,FORWARDED,4a2961de-76dc-42ff-9862-b4bfba726e65,528f0a48-d722-4c3a-b367-13a313a5ba6a,c5,DROP,684,?,x2,
1769495044.786743,SENT,45564bc8-c520-429b-aca1-dd7d8ab0c894,e48a3a83-f8fe-45c2-a6c6-c63846555cd5,c4,c5,1263,?,x2,
1769495044.7874215,FORWARDED,45564bc8-c520-429b-aca1-dd7d8ab0c894,e48a3a83-f8fe-45c2-a6c6-c63846555cd5,c4,c5,1263,?,x2,
1769495044.831353,RECEIVED,f04db5dd-7cb9-49b0-9f1c-f4fa84be8391,83558fac-c97d-4883-ac1a-da4547a4cb9b,c2,DROP,1007,e8,?,
1769495045.0088737,SENT,dbe760c4-c521-4f2d-8c5a-6f23118ceaad,edba00da-e0d2-45d8-82ac-9f62f7a44751,c1,DROP,684,?,x6,
1769495045.0089066,FORWARDED,dbe760c4-c521-4f2d-8c5a-6f23118ceaad,edba00da-e0d2-45d8-82ac-9f62f7a44751,c1,DROP,684,?,x6,
1769495045.010527,RECEIVED,1b221a0d-5eed-4919-996e-baa7ad6cdf68,bdaed923-f39e-41d1-9f29-293445b876cc,c2,DROP,1016,e11,?,
1769495045.2016385,RECEIVED,c7832f41-91b6-4fb2-b681-825a16180b1d,dcd493ae-5e99-4b79-89c9-e619116f0ada,c5,DROP,1007,e2,?,
1769495045.227235,RECEIVED,3ccd91af-52f7-4ace-b291-189d125a7219,00073ec9-1fd4-4493-82d2-5f933707e50a,c5,DROP,1011,e8,?,
1769495045.232832,RECEIVED,842685a4-7e27-40f5-aacd-581a5e8ceae6,c5af7ec9-6d99-4288-a274-c4cf39ba740c,c2,DROP,1006,e1,?,
1769495045.281625,RECEIVED,46cc8a8f-350d-4d12-ad3f-a86941c04d1b,e0eac4ec-50f2-4a6d-90cd-38daa6fca232,c4,c5,1787,e3,?,
1769495045.3767052,RECEIVED,2f8c34c3-ecbc-481a-acd8-b5720902c364,15dc885c-68ed-462e-b8f9-ee4004cd5e48,c5,DROP,1019,e6,?,
1769495045.4458437,RECEIVED,bc26efbd-2c82-4cde-9104-0e999606b681,e36cf472-1a90-4e5a-a4a1-05a276b6cce5,c1,DROP,1009,e8,?,
1769495045.4988933,SENT,bc26efbd-2c82-4cde-9104-0e999606b681,e36cf472-1a90-4e5a-a4a1-05a276b6cce5,c1,DROP,683,?,x5,
1769495045.4989345,FORWARDED,bc26efbd-2c82-4cde-9104-0e999606b681,e36cf472-1a90-4e5a-a4a1-05a276b6cce5,c1,DROP,683,?,x5,
1769495045.5019205,SENT,3ccd91af-52f7-4ace-b291-189d125a7219,00073ec9-1fd4-4493-82d2-5f933707e50a,c5,DROP,686,?,x4,
1769495045.5019634,FORWARDED,3ccd91af-52f7-4ace-b291-189d125a7219,00073ec9-1fd4-4493-82d2-5f933707e50a,c5,DROP,686,?,x4,
1769495045.5763164,SENT,842685a4-7e27-40f5-aacd-581a5e8ceae6,c5af7ec9-6d99-4288-a274-c4cf39ba740c,c2,DROP,683,?,x7,
1769495045.5763583,FORWARDED,842685a4-7e27-40f5-aacd-581a5e8ceae6,c5af7ec9-6d99-4288-a274-c4cf39ba740c,c2,DROP,683,?,x7,
1769495045.6406174,SENT,c7832f41-91b6-4fb2-b681-825a16180b1d,dcd493ae-5e99-4b79-89c9-e619116f0ada,c5,DROP,683,?,x1,
1769495045.64066,FORWARDED,c7832f41-91b6-4fb2-b681-825a16180b1d,dcd493ae-5e99-4b79-89c9-e619116f0ada,c5,DROP,683,?,x1,
1769495045.673562,RECEIVED,73688bae-c426-401f-bcf2-53bc0b9fb470,f4af07ae-723e-45c9-a9e2-59c9d2a32beb,c5,DROP,1016,e7,?,
1769495045.7657654,RECEIVED,9e25034b-7b5b-4618-ba85-60e3df7297cf,27f72415-3818-46ef-9d66-94a7623fc446,c2,DROP,1012,e2,?,
1769495045.9279761,SENT,9e25034b-7b5b-4618-ba85-60e3df7297cf,27f72415-3818-46ef-9d66-94a7623fc446,c2,DROP,685,?,x6,
1769495045.928027,FORWARDED,9e25034b-7b5b-4618-ba85-60e3df7297cf,27f72415-3818-46ef-9d66-94a7623fc446,c2,DROP,685,?,x6,
1769495045.9387743,SENT,73688bae-c426-401f-bcf2-53bc0b9fb470,f4af07ae-723e-45c9-a9e2-59c9d2a32beb,c5,DROP,690,?,x10,
1769495045.938819,FORWARDED,73688bae-c426-401f-bcf2-53bc0b9fb470,f4af07ae-723e-45c9-a9e2-59c9d2a32beb,c5,DROP,690,?,x10,
1769495045.952165,SENT,2f8c34c3-ecbc-481a-acd8-b5720902c364,15dc885c-68ed-462e-b8f9-ee4004cd5e48,c5,DROP,692,?,x6,
1769495045.9522078,FORWARDED,2f8c34c3-ecbc-481a-acd8-b5720902c364,15dc885c-68ed-462e-b8f9-ee4004cd5e48,c5,DROP,692,?,x6,
1769495046.0098493,SENT,1b221a0d-5eed-4919-996e-baa7ad6cdf68,bdaed923-f39e-41d1-9f29-293445b876cc,c2,DROP,689,?,x12,
1769495046.009901,FORWARDED,1b221a0d-5eed-4919-996e-baa7ad6cdf68,bdaed923-f39e-41d1-9f29-293445b876cc,c2,DROP,689,?,x12,
1769495046.1788235,RECEIVED,406c516f-dde8-4392-a64f-ab94943027d3,275e186a-603e-4dc4-a768-95259ce9b45c,c1,c5,1775,e2,?,
1769495046.2064288,SENT,f04db5dd-7cb9-49b0-9f1c-f4fa84be8391,83558fac-c97d-4883-ac1a-da4547a4cb9b,c2,DROP,684,?,x2,
1769495046.2064705,FORWARDED,f04db5dd-7cb9-49b0-9f1c-f4fa84be8391,83558fac-c97d-4883-ac1a-da4547a4cb9b,c2,DROP,684,?,x2,
1769495046.2698314,RECEIVED,f1ea4828-afee-4495-9039-c51f5e9442cc,f2cee70e-3ac9-45e8-86a1-991e2d5b9edb,c4,DROP,441,x10,?,
1769495046.2803886,RECEIVED,c99dbb05-2702-4ae4-833e-fa9c8032ed7a,6431ba3d-8ee5-4c20-ac19-1ddfd844edf8,c3,DROP,1011,e1,?,
1769495046.3221147,RECEIVED,976e97f5-cec2-4106-9414-b58bfc838d86,fa407bdb-0d3b-4354-8c2e-cc125300b086,c2,DROP,1016,e9,?,
1769495046.4122505,SENT,976e97f5-cec2-4106-9414-b58bfc838d86,fa407bdb-0d3b-4354-8c2e-cc125300b086,c2,DROP,688,?,x8,
1769495046.4122965,FORWARDED,976e97f5-cec2-4106-9414-b58bfc838d86,fa407bdb-0d3b-4354-8c2e-cc125300b086,c2,DROP,688,?,x8,
1769495046.444868,RECEIVED,8faf9df7-589f-460d-9b25-abb0823a1494,a39e5bd4-a680-4424-9a38-3628b63df2c9,c1,DROP,1007,e6,?,
1769495046.4655194,SENT,c99dbb05-2702-4ae4-833e-fa9c8032ed7a,6431ba3d-8ee5-4c20-ac19-1ddfd844edf8,c3,DROP,687,?,x3,
1769495046.465562,FORWARDED,c99dbb05-2702-4ae4-833e-fa9c8032ed7a,6431ba3d-8ee5-4c20-ac19-1ddfd844edf8,c3,DROP,687,?,x3,
1769495046.4804616,SENT,406c516f-dde8-4392-a64f-ab94943027d3,275e186a-603e-4dc4-a768-95259ce9b45c,c1,c5,1260,?,x4,
1769495046.4805052,FORWARDED,406c516f-dde8-4392-a64f-ab94943027d3,275e186a-603e-4dc4-a768-95259ce9b45c,c1,c5,1260,?,x4,
1769495046.54434,RECEIVED,5a94110a-f2c9-498f-8d80-53de02f86678,cdaa2c2d-04eb-44e5-be6f-e85447f4c3ee,c3,DROP,442,x4,?,
1769495046.6864467,RECEIVED,ac783604-719b-484d-ab3f-82e53a6ee5b3,adddee59-0828-45af-9abd-dc109cab61db,c3,c5,1777,e4,?,
1769495046.7296257,SENT,ac783604-719b-484d-ab3f-82e53a6ee5b3,adddee59-0828-45af-9abd-dc109cab61db,c3,c5,1260,?,x2,
1769495046.7296658,FORWARDED,ac783604-719b-484d-ab3f-82e53a6ee5b3,adddee59-0828-45af-9abd-dc109cab61db,c3,c5,1260,?,x2,
1769495046.8333235,SENT,46cc8a8f-350d-4d12-ad3f-a86941c04d1b,e0eac4ec-50f2-4a6d-90cd-38daa6fca232,c4,c5,1269,?,x6,
1769495046.8333669,FORWARDED,46cc8a8f-350d-4d12-ad3f-a86941c04d1b,e0eac4ec-50f2-4a6d-90cd-38daa6fca232,c4,c5,1269,?,x6,
1769495046.9874344,RECEIVED,e37b3f09-13f1-426e-97a0-f0ffbf96095b,1d1e933b-247a-474d-9b7e-5e9b20deadb0,c1,DROP,1018,e7,?,
1769495047.0925171,RECEIVED,e48ea629-75ea-4ac0-86bd-0729240e2c97,289ec47f-7181-46a7-b516-80342df95f6b,c3,DROP,442,x6,?,
1769495047.1988008,SENT,8faf9df7-589f-460d-9b25-abb0823a1494,a39e5bd4-a680-4424-9a38-3628b63df2c9,c1,DROP,683,?,x8,
1769495047.198844,FORWARDED,8faf9df7-589f-460d-9b25-abb0823a1494,a39e5bd4-a680-4424-9a38-3628b63df2c9,c1,DROP,683,?,x8,
1769495047.4962192,RECEIVED,6c52e1d0-7611-4cb2-aae9-cbd9402cc2ab,37bea265-a91a-4000-9705-2cce3fa7809a,c1,c5,1767,e8,?,
1769495047.5514963,RECEIVED,19bf3899-1116-4286-9a35-280b3cd1f6ec,695a5295-8371-4dcd-a97e-1f23324ad1a7,c2,DROP,1017,e12,?,
1769495047.6355896,RECEIVED,290ef045-b52e-4767-a516-359ba0b41a11,c7d0d048-7172-4292-a4a9-88e83b56edf5,c3,DROP,1008,e3,?,
1769495047.654821,SENT,19bf3899-1116-4286-9a35-280b3cd1f6ec,695a5295-8371-4dcd-a97e-1f23324ad1a7,c2,DROP,690,?,x12,
1769495047.6548624,FORWARDED,19bf3899-1116-4286-9a35-280b3cd1f6ec,695a5295-8371-4dcd-a97e-1f23324ad1a7,c2,DROP,690,?,x12,
1769495047.909679,SENT,290ef045-b52e-4767-a516-359ba0b41a11,c7d0d048-7172-4292-a4a9-88e83b56edf5,c3,DROP,683,?,x9,
1769495047.9097228,FORWARDED,290ef045-b52e-4767-a516-359ba0b41a11,c7d0d048-7172-4292-a4a9-88e83b56edf5,c3,DROP,683,?,x9,
1769495048.0182474,RECEIVED,18420e53-9ad5-4eb4-b6bd-0f6ba5e9f29d,36865651-fe10-4dcd-99a8-de834aa96f0d,c4,c5,1776,e11,?,
1769495048.159177,SENT,e37b3f09-13f1-426e-97a0-f0ffbf96095b,1d1e933b-247a-474d-9b7e-5e9b20deadb0,c1,DROP,692,?,x9,
1769495048.1592546,FORWARDED,e37b3f09-13f1-426e-97a0-f0ffbf96095b,1d1e933b-247a-474d-9b7e-5e9b20deadb0,c1,DROP,692,?,x9,
1769495048.4556484,SENT,18420e53-9ad5-4eb4-b6bd-0f6ba5e9f29d,36865651-fe10-4dcd-99a8-de834aa96f0d,c4,c5,1259,?,x10,
1769495048.4557004,FORWARDED,18420e53-9ad5-4eb4-b6bd-0f6ba5e9f29d,36865651-fe10-4dcd-99a8-de834aa96f0d,c4,c5,1259,?,x10,
1769495048.4597406,SENT,6c52e1d0-7611-4cb2-aae9-cbd9402cc2ab,37bea265-a91a-4000-9705-2cce3fa7809a,c1,c5,1252,?,x2,
1769495048.4597833,FORWARDED,6c52e1d0-7611-4cb2-aae9-cbd9402cc2ab,37bea265-a91a-4000-9705-2cce3fa7809a,c1,c5,1252,?,x2,
1769495048.5846808,RECEIVED,eaafd9d4-908f-46a6-84f2-0a1932d5dd41,8f23b089-5d7e-473e-b20e-876514b3a0fc,c3,DROP,1007,e4,?,
1769495048.6013148,RECEIVED,c3826381-2a08-4742-8bd9-4d3ea6aeee15,5ceab921-127b-491c-af0b-ac4c41875e89,c3,c5,1776,e2,?,
1769495048.6934085,SENT,c3826381-2a08-4742-8bd9-4d3ea6aeee15,5ceab921-127b-491c-af0b-ac4c41875e89,c3,c5,1260,?,x6,
1769495048.6934497,FORWARDED,c3826381-2a08-4742-8bd9-4d3ea6aeee15,5ceab921-127b-491c-af0b-ac4c41875e89,c3,c5,1260,?,x6,
1769495049.0738232,RECEIVED,cf9a658f-26d1-42ce-8ebd-b122173abb0c,0dec81aa-1820-47b7-b713-30160d41a30c,c1,c5,1773,e4,?,
1769495049.1010003,SENT,cf9a658f-26d1-42ce-8ebd-b122173abb0c,0dec81aa-1820-47b7-b713-30160d41a30c,c1,c5,1255,?,x4,
1769495049.10104,FORWARDED,cf9a658f-26d1-42ce-8ebd-b122173abb0c,0dec81aa-1820-47b7-b713-30160d41a30c,c1,c5,1255,?,x4,
1769495049.235213,RECEIVED,f0e0bd5a-13a2-45f6-abf3-749c2dd51bb7,63ed77f7-6265-481d-bff9-51352bb6ee0c,c1,DROP,1007,e6,?,
1769495049.2475717,SENT,eaafd9d4-908f-46a6-84f2-0a1932d5dd41,8f23b089-5d7e-473e-b20e-876514b3a0fc,c3,DROP,684,?,x2,
1769495049.2476106,FORWARDED,eaafd9d4-908f-46a6-84f2-0a1932d5dd41,8f23b089-5d7e-473e-b20e-876514b3a0fc,c3,DROP,684,?,x2,
1769495049.3122876,RECEIVED,0e6871a3-5467-43f2-b5b3-9fe97ceb810f,6fe04a20-399a-42b1-ab99-8f68706378fb,c3,DROP,445,x7,?,
1769495049.3389316,RECEIVED,1e0bc8c4-971c-4570-8d31-ca974cef022f,806a8197-79d0-4754-8cd1-cab82c232e66,c4,c5,1776,e9,?,
1769495049.351493,RECEIVED,902644b2-4cbb-47ef-82fa-f7ec07660f99,59e3939e-3290-40dd-ae2f-ab25bc392fdd,c4,DROP,1019,e6,?,
1769495049.3598206,SENT,1e0bc8c4-971c-4570-8d31-ca974cef022f,806a8197-79d0-4754-8cd1-cab82c232e66,c4,c5,1260,?,x1,
1769495049.3598638,FORWARDED,1e0bc8c4-971c-4570-8d31-ca974cef022f,806a8197-79d0-4754-8cd1-cab82c232e66,c4,c5,1260,?,x1,
1769495049.3889303,RECEIVED,8b1fb97d-47df-44a3-a266-d56746cb1fa7,b759373d-b9b5-4be5-bc68-10ade204f9e8,c3,DROP,1020,e10,?,
1769495049.4971573,SENT,8b1fb97d-47df-44a3-a266-d56746cb1fa7,b759373d-b9b5-4be5-bc68-10ade204f9e8,c3,DROP,691,?,x11,
1769495049.4971974,FORWARDED,8b1fb97d-47df-44a3-a266-d56746cb1fa7,b759373d-b9b5-4be5-bc68-10ade204f9e8,c3,DROP,691,?,x11,
1769495049.5398254,RECEIVED,40fcd467-fc9e-4f4d-a3e2-b813a3b58cd8,b65e5e2e-f1ac-4710-952d-522a02ed68e8,c1,DROP,1005,e7,?,
1769495050.04919,RECEIVED,41288b80-1ead-4d06-ae1e-67b4da936c7a,45b8d390-81e4-4f36-8cd5-2b125c83cca6,c2,DROP,1020,e10,?,
1769495050.0511072,SENT,f0e0bd5a-13a2-45f6-abf3-749c2dd51bb7,63ed77f7-6265-481d-bff9-51352bb6ee0c,c1,DROP,684,?,x8,
1769495050.0511546,FORWARDED,f0e0bd5a-13a2-45f6-abf3-749c2dd51bb7,63ed77f7-6265-481d-bff9-51352bb6ee0c,c1,DROP,684,?,x8,
1769495050.0963364,RECEIVED,254a7af3-3ddd-4ca8-991f-6b1cb4ae7e94,77770bc1-59dd-4649-b03a-c843dc1e8613,c4,DROP,1016,e12,?,
1769495050.1096106,RECEIVED,b99fdb8e-8f25-4ce7-8d25-8e8061bf539d,04d0bdb8-884b-4d32-ab05-2dd1f791f97e,c2,c3,1774,e9,?,
1769495050.307545,SENT,41288b80-1ead-4d06-ae1e-67b4da936c7a,45b8d390-81e4-4f36-8cd5-2b125c83cca6,c2,DROP,691,?,x12,
1769495050.3075838,FORWARDED,41288b80-1ead-4d06-ae1e-67b4da936c7a,45b8d390-81e4-4f36-8cd5-2b125c83cca6,c2,DROP,691,?,x12,
1769495050.323747,RECEIVED,973774c5-46b9-4c0d-a066-c7d062926406,71eaaf5d-4ec3-401b-a810-c987fa2059b6,c3,DROP,1008,e7,?,
1769495050.3436892,RECEIVED,f6ee8760-8344-4a40-a1d9-9b8aaef4010f,bbd83f67-e36a-410b-92bf-54bf2ab29984,c2,DROP,440,x2,?,
1769495050.3521917,RECEIVED,bff57430-d8e2-4a7e-a76c-c0baed4efdd5,952e7975-667b-4d14-8e20-cdcbb9e63cc8,c5,DROP,1011,e9,?,
1769495050.3862772,SENT,254a7af3-3ddd-4ca8-991f-6b1cb4ae7e94,77770bc1-59dd-4649-b03a-c843dc1e8613,c4,DROP,688,?,x12,
1769495050.3863158,FORWARDED,254a7af3-3ddd-4ca8-991f-6b1cb4ae7e94,77770bc1-59dd-4649-b03a-c843dc1e8613,c4,DROP,688,?,x12,
1769495050.3950706,SENT,973774c5-46b9-4c0d-a066-c7d062926406,71eaaf5d-4ec3-401b-a810-c987fa2059b6,c3,DROP,683,?,x9,
1769495050.3957434,FORWARDED,973774c5-46b9-4c0d-a066-c7d062926406,71eaaf5d-4ec3-401b-a810-c987fa2059b6,c3,DROP,683,?,x9,
1769495050.4106376,SENT,902644b2-4cbb-47ef-82fa-f7ec07660f99,59e3939e-3290-40dd-ae2f-ab25bc392fdd,c4,DROP,692,?,x6,
1769495050.4106793,FORWARDED,902644b2-4cbb-47ef-82fa-f7ec07660f99,59e3939e-3290-40dd-ae2f-ab25bc392fdd,c4,DROP,692,?,x6,
1769495050.424193,SENT,b99fdb8e-8f25-4ce7-8d25-8e8061bf539d,04d0bdb8-884b-4d32-ab05-2dd1f791f97e,c2,c3,1259,?,x1,
1769495050.42423,FORWARDED,b99fdb8e-8f25-4ce7-8d25-8e8061bf539d,04d0bdb8-884b-4d32-ab05-2dd1f791f97e,c2,c3,1259,?,x1,
1769495050.4320364,RECEIVED,59c9beda-138c-492c-b29d-733b9963fd8e,b2fc02dd-8236-47a5-9b76-ecc50f5f042e,c2,DROP,1008,e4,?,
1769495050.5649428,RECEIVED,f23dc6ea-2110-4877-a1f5-d2ce55af204b,258f0eed-6ba6-4b92-be19-80a23939b222,c3,DROP,1008,e5,?,
1769495050.5832944,RECEIVED,faa26c42-0aac-4859-91e1-4c96503fb82b,4189c0fd-4f90-496e-9b37-2c80a513c42c,c5,c2,1767,e5,?,
1769495050.6965814,SENT,59c9beda-138c-492c-b29d-733b9963fd8e,b2fc02dd-8236-47a5-9b76-ecc50f5f042e,c2,DROP,684,?,x4,
1769495050.6966226,FORWARDED,59c9beda-138c-492c-b29d-733b9963fd8e,b2fc02dd-8236-47a5-9b76-ecc50f5f042e,c2,DROP,684,?,x4,
1769495050.7377436,RECEIVED,f349c436-c16d-45de-8709-10a0cac67900,901e1ce5-f98d-4349-9fe2-92d4b84a3725,c1,DROP,1019,e3,?,
1769495050.783721,SENT,f23dc6ea-2110-4877-a1f5-d2ce55af204b,258f0eed-6ba6-4b92-be19-80a23939b222,c3,DROP,684,?,x9,
1769495050.7837608,FORWARDED,f23dc6ea-2110-4877-a1f5-d2ce55af204b,258f0eed-6ba6-4b92-be19-80a23939b222,c3,DROP,684,?,x9,
1769495050.8425848,SENT,40fcd467-fc9e-4f4d-a3e2-b813a3b58cd8,b65e5e2e-f1ac-4710-952d-522a02ed68e8,c1,DROP,683,?,x5,
1769495050.8426254,FORWARDED,40fcd467-fc9e-4f4d-a3e2-b813a3b58cd8,b65e5e2e-f1ac-4710-952d-522a02ed68e8,c1,DROP,683,?,x5,
1769495050.8505592,RECEIVED,6b1b9c6c-c881-41ca-91db-e1c615f632b1,10cb41b0-319d-44f4-9586-aaec198e7f7a,c2,DROP,1008,e2,?,
1769495050.932857,RECEIVED,ff1676e6-c0cc-4bec-8ae9-05369443fb1b,e9c96dad-e670-4183-9646-b9c92b23b279,c5,DROP,445,x11,?,
1769495050.948428,SENT,6b1b9c6c-c881-41ca-91db-e1c615f632b1,10cb41b0-319d-44f4-9586-aaec198e7f7a,c2,DROP,684,?,x9,
1769495050.9484682,FORWARDED,6b1b9c6c-c881-41ca-91db-e1c615f632b1,10cb41b0-319d-44f4-9586-aaec198e7f7a,c2,DROP,684,?,x9,
1769495050.9633656,SENT,faa26c42-0aac-4859-91e1-4c96503fb82b,4189c0fd-4f90-496e-9b37-2c80a513c42c,c5,c2,1252,?,x2,
1769495050.96341,FORWARDED,faa26c42-0aac-4859-91e1-4c96503fb82b,4189c0fd-4f90-496e-9b37-2c80a513c42c,c5,c2,1252,?,x2,
1769495051.039277,SENT,f349c436-c16d-45de-8709-10a0cac67900,901e1ce5-f98d-4349-9fe2-92d4b84a3725,c1,DROP,691,?,x12,
1769495051.039319,FORWARDED,f349c436-c16d-45de-8709-10a0cac67900,901e1ce5-f98d-4349-9fe2-92d4b84a3725,c1,DROP,691,?,x12,
1769495051.0668447,RECEIVED,8ae1b481-9f17-4150-90ac-160ae66354cd,9b1042c9-4d54-4309-a3b7-9e4a7dcc87b9,c5,DROP,442,x1,?,
1769495051.0884767,RECEIVED,ac6a3383-9f44-43c4-ba94-5a90bd2dcb37,103c26e5-8700-45f8-b13d-e902c5c84754,c5,DROP,1010,e9,?,
1769495051.137481,RECEIVED,520c3530-dfd4-43f2-b850-b4eb10eb5947,6f18eda4-a914-40d5-b424-e49daabfbfe9,c5,c2,1780,e7,?,
1769495051.3831863,RECEIVED,a080075f-22cf-471c-b459-56ef2ff9c4fd,42c3a6eb-1599-4d88-ad6c-590a82b07f12,c5,c2,1779,e7,?,
1769495051.5802944,RECEIVED,3fd6c4c6-cddc-41cd-9c1b-fe6c89e04652,5177b10c-d745-406a-a9b3-493b4c683c97,c5,DROP,1016,e1,?,
1769495051.5994332,SENT,a080075f-22cf-471c-b459-56ef2ff9c4fd,42c3a6eb-1599-4d88-ad6c-590a82b07f12,c5,c2,1263,?,x7,
1769495051.5994732,FORWARDED,a080075f-22cf-471c-b459-56ef2ff9c4fd,42c3a6eb-1599-4d88-ad6c-590a82b07f12,c5,c2,1263,?,x7,
1769495051.6231601,SENT,520c3530-dfd4-43f2-b850-b4eb10eb5947,6f18eda4-a914-40d5-b424-e49daabfbfe9,c5,c2,1263,?,x10,
1769495051.6231976,FORWARDED,520c3530-dfd4-43f2-b850-b4eb10eb5947,6f18eda4-a914-40d5-b424-e49daabfbfe9,c5,c2,1263,?,x10,
1769495051.6372824,SENT,3fd6c4c6-cddc-41cd-9c1b-fe6c89e04652,5177b10c-d745-406a-a9b3-493b4c683c97,c5,DROP,688,?,x7,
1769495051.6373305,FORWARDED,3fd6c4c6-cddc-41cd-9c1b-fe6c89e04652,5177b10c-d745-406a-a9b3-493b4c683c97,c5,DROP,688,?,x7,
1769495051.680341,SENT,ac6a3383-9f44-43c4-ba94-5a90bd2dcb37,103c26e5-8700-45f8-b13d-e902c5c84754,c5,DROP,687,?,x5,
1769495051.6803818,FORWARDED,ac6a3383-9f44-43c4-ba94-5a90bd2dcb37,103c26e5-8700-45f8-b13d-e902c5c84754,c5,DROP,687,?,x5,
1769495051.7936597,RECEIVED,f000ecc8-9623-474f-99ef-cd0fbf3fcf96,1afbae5c-89b8-47a8-a95a-176b9edea5ec,c5,DROP,1018,e11,?,
1769495051.9023778,SENT,f000ecc8-9623-474f-99ef-cd0fbf3fcf96,1afbae5c-89b8-47a8-a95a-176b9edea5ec,c5,DROP,692,?,x8,
1769495051.90242,FORWARDED,f000ecc8-9623-474f-99ef-cd0fbf3fcf96,1afbae5c-89b8-47a8-a95a-176b9edea5ec,c5,DROP,692,?,x8,
1769495051.9033747,RECEIVED,41cdafb5-4830-4db2-ac11-664a65569373,ca4480fd-10f2-4ceb-bb48-93aa945d1e37,c1,DROP,441,x1,?,
1769495051.9201405,RECEIVED,b0c9a0b7-5330-40da-9720-27443fff807e,3680c24f-fe92-4d29-863e-99dc53802578,c5,DROP,1019,e11,?,
1769495051.9613714,RECEIVED,c3b8c309-3ee2-4619-8f8d-c6872e03d769,b128f612-3d26-45d3-8e78-18213f256f22,c5,DROP,1014,e10,?,
1769495052.007321,RECEIVED,eb60bc34-938d-4822-b0ab-ba416ee6bfef,d8c2475a-ce59-44c8-aaf5-d3ee6993ea46,c1,DROP,442,x10,?,
1769495052.0467758,RECEIVED,3af5cc1c-3f1c-4a89-a4a4-d6a56bee2a6f,b008cb98-0257-466a-9352-b9e50f2ffa75,c5,DROP,1008,e3,?,
1769495052.0875866,SENT,bff57430-d8e2-4a7e-a76c-c0baed4efdd5,952e7975-667b-4d14-8e20-cdcbb9e63cc8,c5,DROP,686,?,x5,
1769495052.0876296,FORWARDED,bff57430-d8e2-4a7e-a76c-c0baed4efdd5,952e7975-667b-4d14-8e20-cdcbb9e63cc8,c5,DROP,686,?,x5,
1769495052.130163,RECEIVED,9ccfbfea-11d1-473a-89d6-787839b86a4a,6e931932-fc40-4955-a3f6-0a3b11a391b2,c2,c3,1777,e2,?,
1769495052.172996,SENT,b0c9a0b7-5330-40da-9720-27443fff807e,3680c24f-fe92-4d29-863e-99dc53802578,c5,DROP,693,?,x3,
1769495052.1730359,FORWARDED,b0c9a0b7-5330-40da-9720-27443fff807e,3680c24f-fe92-4d29-863e-99dc53802578,c5,DROP,693,?,x3,
1769495052.3308532,RECEIVED,96039c4f-e8d8-4872-8568-81e75742a6c0,4d126fc2-1a4d-47af-969e-fb12178ca353,c4,DROP,446,x3,?,
1769495052.419513,SENT,3af5cc1c-3f1c-4a89-a4a4-d6a56bee2a6f,b008cb98-0257-466a-9352-b9e50f2ffa75,c5,DROP,683,?,x4,
1769495052.4195561,FORWARDED,3af5cc1c-3f1c-4a89-a4a4-d6a56bee2a6f,b008cb98-0257-466a-9352-b9e50f2ffa75,c5,DROP,683,?,x4,
1769495052.446644,SENT,9ccfbfea-11d1-473a-89d6-787839b86a4a,6e931932-fc40-4955-a3f6-0a3b11a391b2,c2,c3,1260,?,x11,
1769495052.4466846,FORWARDED,9ccfbfea-11d1-473a-89d6-787839b86a4a,6e931932-fc40-4955-a3f6-0a3b11a391b2,c2,c3,1260,?,x11,
1769495052.4645178,RECEIVED,da7cd62d-13c3-4ae9-a2ca-d0d1bbdb56d5,0ee63bb6-9e38-41f0-9ae2-e0a395252784,c2,DROP,1019,e12,?,
1769495052.5118687,RECEIVED,f6dbc327-8ddc-4648-9541-59a10503c2df,3d18b280-2d9f-4f30-9cf9-c79b1ccb6528,c3,DROP,1020,e1,?,
1769495052.5452623,SENT,c3b8c309-3ee2-4619-8f8d-c6872e03d769,b128f612-3d26-45d3-8e78-18213f256f22,c5,DROP,688,?,x8,
1769495052.545308,FORWARDED,c3b8c309-3ee2-4619-8f8d-c6872e03d769,b128f612-3d26-45d3-8e78-18213f256f22,c5,DROP,688,?,x8,
1769495052.6898224,RECEIVED,68352d33-b10c-4c4d-bc76-582da3208fdf,2be5df51-5d07-455d-877d-1f03f3a0a3a0,c1,c5,1777,e8,?,
1769495052.7051182,RECEIVED,c19a2e59-df29-48de-9f0b-bd776d4ebd7e,01f2085f-aff6-4c91-8d90-8107f6ca4683,c1,DROP,1020,e4,?,
1769495052.7873232,SENT,68352d33-b10c-4c4d-bc76-582da3208fdf,2be5df51-5d07-455d-877d-1f03f3a0a3a0,c1,c5,1259,?,x12,
1769495052.7873662,FORWARDED,68352d33-b10c-4c4d-bc76-582da3208fdf,2be5df51-5d07-455d-877d-1f03f3a0a3a0,c1,c5,1259,?,x12,
1769495053.0273962,SENT,da7cd62d-13c3-4ae9-a2ca-d0d1bbdb56d5,0ee63bb6-9e38-41f0-9ae2-e0a395252784,c2,DROP,692,?,x3,
1769495053.027436,FORWARDED,da7cd62d-13c3-4ae9-a2ca-d0d1bbdb56d5,0ee63bb6-9e38-41f0-9ae2-e0a395252784,c2,DROP,692,?,x3,
1769495053.0510263,RECEIVED,b64ad56d-ee5b-42c4-8789-309df40aaebf,f43ffec7-bed8-4b9f-a5fe-0a740645a35e,c5,c2,1763,e6,?,
1769495053.0711353,RECEIVED,fd426210-5f60-4fe8-ac2b-f7bdece81464,5066fa7e-7320-406d-bcca-8cbe33c185ad,c2,c3,1784,e4,?,
1769495053.101763,SENT,c19a2e59-df29-48de-9f0b-bd776d4ebd7e,01f2085f-aff6-4c91-8d90-8107f6ca4683,c1,DROP,691,?,x10,
1769495053.101803,FORWARDED,c19a2e59-df29-48de-9f0b-bd776d4ebd7e,01f2085f-aff6-4c91-8d90-8107f6ca4683,c1,DROP,691,?,x10,
1769495053.1159997,SENT,f6dbc327-8ddc-4648-9541-59a10503c2df,3d18b280-2d9f-4f30-9cf9-c79b1ccb6528,c3,DROP,692,?,x12,
1769495053.1160378,FORWARDED,f6dbc327-8ddc-4648-9541-59a10503c2df,3d18b280-2d9f-4f30-9cf9-c79b1ccb6528,c3,DROP,692,?,x12,
1769495053.3489795,RECEIVED,a97beea6-7706-4f03-9612-b27070941310,801321f7-ad4c-4947-84a3-d1497b2df24f,c4,DROP,1011,e8,?,
1769495053.3755965,RECEIVED,19b31ef7-cb48-469b-ba72-db88001240f4,d8003e1e-3d7b-4256-ab64-f8588590db40,c4,DROP,1009,e3,?,
1769495053.4134557,SENT,19b31ef7-cb48-469b-ba72-db88001240f4,d8003e1e-3d7b-4256-ab64-f8588590db40,c4,DROP,683,?,x6,
1769495053.413498,FORWARDED,19b31ef7-cb48-469b-ba72-db88001240f4,d8003e1e-3d7b-4256-ab64-f8588590db40,c4,DROP,683,?,x6,
1769495053.4280782,SENT,b64ad56d-ee5b-42c4-8789-309df40aaebf,f43ffec7-bed8-4b9f-a5fe-0a740645a35e,c5,c2,1251,?,x11,
1769495053.428119,FORWARDED,b64ad56d-ee5b-42c4-8789-309df40aaebf,f43ffec7-bed8-4b9f-a5fe-0a740645a35e,c5,c2,1251,?,x11,
1769495053.4639456,SENT,fd426210-5f60-4fe8-ac2b-f7bdece81464,5066fa7e-7320-406d-bcca-8cbe33c185ad,c2,c3,1264,?,x10,
1769495053.4639885,FORWARDED,fd426210-5f60-4fe8-ac2b-f7bdece81464,5066fa7e-7320-406d-bcca-8cbe33c185ad,c2,c3,1264,?,x10,
1769495053.4721723,RECEIVED,d991399a-b7d2-4499-a96f-100a3a4fe89d,733cb1b4-5500-40ff-b685-3e582be4759a,c4,DROP,1007,e9,?,
1769495053.736328,SENT,d991399a-b7d2-4499-a96f-100a3a4fe89d,733cb1b4-5500-40ff-b685-3e582be4759a,c4,DROP,683,?,x3,
1769495053.7363687,FORWARDED,d991399a-b7d2-4499-a96f-100a3a4fe89d,733cb1b4-5500-40ff-b685-3e582be4759a,c4,DROP,683,?,x3,
1769495054.0341196,RECEIVED,42795580-d8e7-4d1e-9203-f39a7cf5b402,874974b3-388d-49f4-94b5-947859b2ed22,c3,DROP,1012,e7,?,
1769495054.0753427,RECEIVED,f9171d0c-4e01-4f77-8c25-0581c6b78661,d9071bf3-1aa0-4de9-b596-ad14ee91b3a4,c2,c3,1786,e10,?,
1769495054.141603,SENT,f9171d0c-4e01-4f77-8c25-0581c6b78661,d9071bf3-1aa0-4de9-b596-ad14ee91b3a4,c2,c3,1265,?,x10,
1769495054.1416442,FORWARDED,f9171d0c-4e01-4f77-8c25-0581c6b78661,d9071bf3-1aa0-4de9-b596-ad14ee91b3a4,c2,c3,1265,?,x10,
1769495054.1424155,RECEIVED,08bcb307-a5f5-4946-aa61-a40b68e50b20,393d5c66-38bc-4801-9e9a-a341520f9942,c4,DROP,446,x8,?,
1769495054.188323,SENT,42795580-d8e7-4d1e-9203-f39a7cf5b402,874974b3-388d-49f4-94b5-947859b2ed22,c3,DROP,687,?,x5,
1769495054.1883628,FORWARDED,42795580-d8e7-4d1e-9203-f39a7cf5b402,874974b3-388d-49f4-94b5-947859b2ed22,c3,DROP,687,?,x5,
1769495054.2851758,RECEIVED,5375e539-87ec-44f2-bfa1-6d016ec05669,dde4f753-937d-4a8e-bd74-a4dfe1a48e24,c4,DROP,1020,e4,?,
1769495054.2925096,SENT,a97beea6-7706-4f03-9612-b27070941310,801321f7-ad4c-4947-84a3-d1497b2df24f,c4,DROP,685,?,x2,
1769495054.2925596,FORWARDED,a97beea6-7706-4f03-9612-b27070941310,801321f7-ad4c-4947-84a3-d1497b2df24f,c4,DROP,685,?,x2,
1769495054.3642652,RECEIVED,b1fc91ae-fba4-4ec6-abc4-e01ba35735ec,12b248ed-fcf0-4698-b89c-2a36070554b6,c5,DROP,1008,e5,?,
1769495054.3676956,RECEIVED,3d4b8816-086f-41c0-96d1-87cf4ed654c8,d0164a5a-2d94-4f0d-a637-f482c13e8d3b,c3,c5,1784,e12,?,
1769495054.476925,RECEIVED,672e5b77-ae70-4e45-80cf-ae0e3fe798a9,b755a70d-545c-49cb-bb3f-f5313cd739d9,c4,c5,1784,e10,?,
1769495054.5229237,SENT,672e5b77-ae70-4e45-80cf-ae0e3fe798a9,b755a70d-545c-49cb-bb3f-f5313cd739d9,c4,c5,1264,?,x9,
1769495054.522964,FORWARDED,672e5b77-ae70-4e45-80cf-ae0e3fe798a9,b755a70d-545c-49cb-bb3f-f5313cd739d9,c4,c5,1264,?,x9,
1769495054.538915,SENT,3d4b8816-086f-41c0-96d1-87cf4ed654c8,d0164a5a-2d94-4f0d-a637-f482c13e8d3b,c3,c5,1264,?,x12,
1769495054.5389543,FORWARDED,3d4b8816-086f-41c0-96d1-87cf4ed654c8,d0164a5a-2d94-4f0d-a637-f482c13e8d3b,c3,c5,1264,?,x12,
1769495054.6882854,RECEIVED,2a306633-92aa-49b7-9642-cad8f589173f,fc36de62-bdb7-410b-b773-0f88f8047f33,c2,DROP,1012,e7,?,
1769495054.8114634,SENT,2a306633-92aa-49b7-9642-cad8f589173f,fc36de62-bdb7-410b-b773-0f88f8047f33,c2,DROP,686,?,x4,
1769495054.811508,FORWARDED,2a306633-92aa-49b7-9642-cad8f589173f,fc36de62-bdb7-410b-b773-0f88f8047f33,c2,DROP,686,?,x4,
1769495055.0349324,RECEIVED,591b9544-8e6b-4461-84d9-ff276a1f670c,76ef3fda-10ab-4df1-9538-bbf7380eb1b5,c2,DROP,1008,e3,?,
1769495055.072939,SENT,b1fc91ae-fba4-4ec6-abc4-e01ba35735ec,12b248ed-fcf0-4698-b89c-2a36070554b6,c5,DROP,683,?,x10,
1769495055.072994,FORWARDED,b1fc91ae-fba4-4ec6-abc4-e01ba35735ec,12b248ed-fcf0-4698-b89c-2a36070554b6,c5,DROP,683,?,x10,
1769495055.0745358,RECEIVED,f3276415-04a4-4f9d-94b8-c850b0137fcc,62219d72-f84f-4fa5-bc31-157d105c81d4,c3,DROP,1008,e6,?,
1769495055.1104727,RECEIVED,48cc4b30-6530-4423-8e9f-c4d5f399f912,79d54b39-ba6d-417a-923f-be0ae5f13bba,c1,DROP,442,x11,?,
1769495055.1319625,RECEIVED,e5b9981c-f30f-4cec-9052-045d0ee42b55,4a1929da-36a8-4bbc-bff2-b6621a0bf30e,c2,c3,1779,e9,?,
1769495055.1508384,SENT,5375e539-87ec-44f2-bfa1-6d016ec05669,dde4f753-937d-4a8e-bd74-a4dfe1a48e24,c4,DROP,691,?,x11,
1769495055.1508775,FORWARDED,5375e539-87ec-44f2-bfa1-6d016ec05669,dde4f753-937d-4a8e-bd74-a4dfe1a48e24,c4,DROP,691,?,x11,
1769495055.2605872,SENT,f3276415-04a4-4f9d-94b8-c850b0137fcc,62219d72-f84f-4fa5-bc31-157d105c81d4,c3,DROP,684,?,x6,
1769495055.2606285,FORWARDED,f3276415-04a4-4f9d-94b8-c850b0137fcc,62219d72-f84f-4fa5-bc31-157d105c81d4,c3,DROP,684,?,x6,
1769495055.2675827,RECEIVED,d4a01156-df99-4637-905d-6c37938da33c,c8d4cd52-8e61-4078-8647-ad643485f57a,c2,DROP,442,x2,?,
1769495055.2944925,RECEIVED,9f25b32b-b173-49f0-beab-541a97469faa,41576f60-c632-4f27-9d6e-e28886ff50fc,c4,DROP,1011,e10,?,
1769495055.4422896,SENT,9f25b32b-b173-49f0-beab-541a97469faa,41576f60-c632-4f27-9d6e-e28886ff50fc,c4,DROP,685,?,x3,
1769495055.4423337,FORWARDED,9f25b32b-b173-49f0-beab-541a97469faa,41576f60-c632-4f27-9d6e-e28886ff50fc,c4,DROP,685,?,x3,
1769495055.6201348,RECEIVED,bd70f8ac-767f-42b9-a129-05c324eccf59,312af3b3-e875-4a2f-8cbd-192f2103416d,c4,DROP,442,x4,?,
1769495055.6292298,RECEIVED,b9aeb4b0-7b46-451f-ac92-8400749317b6,395ec4ab-861c-4643-b440-63c08a2cc945,c1,DROP,1008,e4,?,
1769495055.7395532,SENT,591b9544-8e6b-4461-84d9-ff276a1f670c,76ef3fda-10ab-4df1-9538-bbf7380eb1b5,c2,DROP,684,?,x10,
1769495055.7395942,FORWARDED,591b9544-8e6b-4461-84d9-ff276a1f670c,76ef3fda-10ab-4df1-9538-bbf7380eb1b5,c2,DROP,684,?,x10,
1769495055.7675402,RECEIVED,d0090444-f04e-4dfa-b378-b22868844e6d,435278af-5f38-4046-9035-afc6c89aef9f,c3,DROP,1012,e3,?,
1769495055.8367472,SENT,d0090444-f04e-4dfa-b378-b22868844e6d,435278af-5f38-4046-9035-afc6c89aef9f,c3,DROP,686,?,x1,
1769495055.8368003,FORWARDED,d0090444-f04e-4dfa-b378-b22868844e6d,435278af-5f38-4046-9035-afc6c89aef9f,c3,DROP,686,?,x1,
1769495055.8593526,SENT,b9aeb4b0-7b46-451f-ac92-8400749317b6,395ec4ab-861c-4643-b440-63c08a2cc945,c1,DROP,683,?,x4,
1769495055.8593924,FORWARDED,b9aeb4b0-7b46-451f-ac92-8400749317b6,395ec4ab-861c-4643-b440-63c08a2cc945,c1,DROP,683,?,x4,
1769495055.983616,RECEIVED,05b4fd93-6d5a-4092-9bc9-8d18e482c05b,eb3c69ac-e029-42f6-8dc7-909d4c447534,c5,DROP,447,x6,?,
1769495056.1909766,RECEIVED,06df73b5-9127-48c3-a1a7-c6e131ceb4be,762e1695-732f-4054-b117-b60b2b84c141,c5,DROP,1019,e9,?,
1769495056.387976,RECEIVED,76a8a611-1778-4be6-a1e2-bcab56424cbc,1fa54776-d7f6-4750-9a0f-cf19550af332,c2,DROP,1016,e2,?,
1769495056.4835413,SENT,06df73b5-9127-48c3-a1a7-c6e131ceb4be,762e1695-732f-4054-b117-b60b2b84c141,c5,DROP,692,?,x2,
1769495056.483583,FORWARDED,06df73b5-9127-48c3-a1a7-c6e131ceb4be,762e1695-732f-4054-b117-b60b2b84c141,c5,DROP,692,?,x2,
1769495056.5187035,SENT,e5b9981c-f30f-4cec-9052-045d0ee42b55,4a1929da-36a8-4bbc-bff2-b6621a0bf30e,c2,c3,1263,?,x6,
1769495056.5187466,FORWARDED,e5b9981c-f30f-4cec-9052-045d0ee42b55,4a1929da-36a8-4bbc-bff2-b6621a0bf30e,c2,c3,1263,?,x6,
1769495056.592425,SENT,76a8a611-1778-4be6-a1e2-bcab56424cbc,1fa54776-d7f6-4750-9a0f-cf19550af332,c2,DROP,688,?,x3,
1769495056.5924666,FORWARDED,76a8a611-1778-4be6-a1e2-bcab56424cbc,1fa54776-d7f6-4750-9a0f-cf19550af332,c2,DROP,688,?,x3,
1769495056.6088376,RECEIVED,eb857d39-0b21-425b-9035-21e9b7438756,07befc5d-8de6-4019-82b5-ae6166c938a9,c4,DROP,1016,e3,?,
1769495056.7037926,RECEIVED,f7e74f32-d21c-4c7d-9a53-1b65a6472314,08abcb98-22f0-438f-b04e-7d820f9e872c,c1,DROP,1021,e10,?,
1769495056.7768345,RECEIVED,ee024e2b-9049-4232-ba1b-3b4f5185ec30,e314cc9d-0393-435e-a4b9-9eac59db2673,c1,DROP,1015,e8,?,
1769495056.868139,RECEIVED,bd80d8c2-20cd-41bf-b6aa-ab47360ec2a4,d608f616-147e-44f4-97f5-7d7f79d18f71,c1,DROP,1015,e6,?,
1769495056.9207275,SENT,f7e74f32-d21c-4c7d-9a53-1b65a6472314,08abcb98-22f0-438f-b04e-7d820f9e872c,c1,DROP,691,?,x10,
1769495056.920769,FORWARDED,f7e74f32-d21c-4c7d-9a53-1b65a6472314,08abcb98-22f0-438f-b04e-7d820f9e872c,c1,DROP,691,?,x10,
1769495057.1243343,RECEIVED,a97155d8-ef90-4386-af8b-4afb588554de,0a4a15d8-9052-43d0-b22a-dda04ed88eca,c2,DROP,441,x5,?,
1769495057.1678407,RECEIVED,b6574a0b-f4a1-4ae2-b559-87600a1004d8,93d375b2-8fd3-4be6-a948-153be46a9c48,c3,DROP,445,x11,?,
1769495057.18251,RECEIVED,e5b84a30-7e85-485b-ab62-0708f2610435,fddad9a9-2056-4dae-8c69-bef2acd880e7,c5,DROP,1019,e10,?,
1769495057.1899495,SENT,ee024e2b-9049-4232-ba1b-3b4f5185ec30,e314cc9d-0393-435e-a4b9-9eac59db2673,c1,DROP,688,?,x6,
1769495057.18999,FORWARDED,ee024e2b-9049-4232-ba1b-3b4f5185ec30,e314cc9d-0393-435e-a4b9-9eac59db2673,c1,DROP,688,?,x6,
1769495057.7406273,SENT,e5b84a30-7e85-485b-ab62-0708f2610435,fddad9a9-2056-4dae-8c69-bef2acd880e7,c5,DROP,692,?,x4,
1769495057.7406752,FORWARDED,e5b84a30-7e85-485b-ab62-0708f2610435,fddad9a9-2056-4dae-8c69-bef2acd880e7,c5,DROP,692,?,x4,
1769495057.8073418,SENT,eb857d39-0b21-425b-9035-21e9b7438756,07befc5d-8de6-4019-82b5-ae6166c938a9,c4,DROP,689,?,x12,
1769495057.8073843,FORWARDED,eb857d39-0b21-425b-9035-21e9b7438756,07befc5d-8de6-4019-82b5-ae6166c938a9,c4,DROP,689,?,x12,
1769495058.242289,RECEIVED,dfc2c778-07bd-4ec5-9add-c57f5aaaa9f2,96fa3f4f-6b24-4fc7-be3a-cc6ca9ada434,c5,DROP,1012,e9,?,
1769495058.3111484,SENT,dfc2c778-07bd-4ec5-9add-c57f5aaaa9f2,96fa3f4f-6b24-4fc7-be3a-cc6ca9ada434,c5,DROP,687,?,x9,
1769495058.3111904,FORWARDED,dfc2c778-07bd-4ec5-9add-c57f5aaaa9f2,96fa3f4f-6b24-4fc7-be3a-cc6ca9ada434,c5,DROP,687,?,x9,
1769495058.3491356,RECEIVED,731c3625-cc58-43f0-9311-297dda131e81,56ff8419-4822-4c77-8335-2404bd996504,c2,DROP,1015,e12,?,
1769495058.5024652,RECEIVED,e2e9ec91-db5c-4d65-bcd6-e0a125fad956,c29de49e-fa32-4f1e-be43-4d39c9a837df,c3,DROP,1021,e11,?,
1769495058.5776398,RECEIVED,77bc9860-70b8-4e9b-94a5-bb10110407a2,582edc90-3855-44f4-812b-5684e3d53870,c1,DROP,1016,e1,?,
1769495058.6397214,SENT,e2e9ec91-db5c-4d65-bcd6-e0a125fad956,c29de49e-fa32-4f1e-be43-4d39c9a837df,c3,DROP,692,?,x10,
1769495058.6397622,FORWARDED,e2e9ec91-db5c-4d65-bcd6-e0a125fad956,c29de49e-fa32-4f1e-be43-4d39c9a837df,c3,DROP,692,?,x10,
1769495058.8001976,SENT,77bc9860-70b8-4e9b-94a5-bb10110407a2,582edc90-3855-44f4-812b-5684e3d53870,c1,DROP,688,?,x4,
1769495058.8002355,FORWARDED,77bc9860-70b8-4e9b-94a5-bb10110407a2,582edc90-3855-44f4-812b-5684e3d53870,c1,DROP,688,?,x4,
1769495058.928089,RECEIVED,4283bc5e-32b2-4c2b-8bcc-118585d4d90f,8c72353f-67af-44eb-af18-673c87998334,c2,DROP,1007,e2,?,
1769495058.9304464,RECEIVED,869eba2a-f801-417f-b548-488104e06c61,bef24989-ad7c-4667-b5a1-307467243b38,c5,DROP,1008,e11,?,
1769495058.9397542,SENT,bd80d8c2-20cd-41bf-b6aa-ab47360ec2a4,d608f616-147e-44f4-97f5-7d7f79d18f71,c1,DROP,688,?,x1,
1769495058.9397974,FORWARDED,bd80d8c2-20cd-41bf-b6aa-ab47360ec2a4,d608f616-147e-44f4-97f5-7d7f79d18f71,c1,DROP,688,?,x1,
1769495058.9746373,SENT,731c3625-cc58-43f0-9311-297dda131e81,56ff8419-4822-4c77-8335-2404bd996504,c2,DROP,688,?,x8,
1769495058.9746852,FORWARDED,731c3625-cc58-43f0-9311-297dda131e81,56ff8419-4822-4c77-8335-2404bd996504,c2,DROP,688,?,x8,
1769495059.0274568,SENT,869eba2a-f801-417f-b548-488104e06c61,bef24989-ad7c-4667-b5a1-307467243b38,c5,DROP,683,?,x8,
1769495059.027506,FORWARDED,869eba2a-f801-417f-b548-488104e06c61,bef24989-ad7c-4667-b5a1-307467243b38,c5,DROP,683,?,x8,
1769495059.0709612,RECEIVED,7a036e25-4ce3-446b-a0f5-925d83f4b58a,a9d82b6d-c416-4c4c-b4df-1bbd1d986dcb,c4,DROP,1019,e12,?,
1769495059.2949986,SENT,4283bc5e-32b2-4c2b-8bcc-118585d4d90f,8c72353f-67af-44eb-af18-673c87998334,c2,DROP,683,?,x9,
1769495059.2950406,FORWARDED,4283bc5e-32b2-4c2b-8bcc-118585d4d90f,8c72353f-67af-44eb-af18-673c87998334,c2,DROP,683,?,x9,
1769495059.4754875,RECEIVED,1d44119c-6b2c-4ccc-a940-ef7a10dcdc1d,c00cf15f-bd59-4f4f-a656-0f9ffca1f5c1,c4,DROP,1011,e3,?,
1769495059.829533,SENT,7a036e25-4ce3-446b-a0f5-925d83f4b58a,a9d82b6d-c416-4c4c-b4df-1bbd1d986dcb,c4,DROP,692,?,x8,
1769495059.8295836,FORWARDED,7a036e25-4ce3-446b-a0f5-925d83f4b58a,a9d82b6d-c416-4c4c-b4df-1bbd1d986dcb,c4,DROP,692,?,x8,
1769495059.966552,RECEIVED,79d9cf3e-b3d6-4be8-b908-b83a49c9e070,784ae44b-7c16-4492-b2ab-278c46b74995,c3,DROP,1007,e6,?,
1769495060.1327856,SENT,1d44119c-6b2c-4ccc-a940-ef7a10dcdc1d,c00cf15f-bd59-4f4f-a656-0f9ffca1f5c1,c4,DROP,686,?,x7,
1769495060.132825,FORWARDED,1d44119c-6b2c-4ccc-a940-ef7a10dcdc1d,c00cf15f-bd59-4f4f-a656-0f9ffca1f5c1,c4,DROP,686,?,x7,
1769495060.263542,RECEIVED,9c944857-7d48-452a-9744-02f99afa9321,ab4cf263-830f-40b2-998d-3611446252bf,c5,DROP,1019,e7,?,
1769495060.3758395,RECEIVED,e26ea0bb-9550-446a-a90c-7d89386b7c1a,5ba9eb3a-5b97-4eea-b950-f0484d75afef,c5,c2,1784,e10,?,
1769495060.4595132,SENT,e26ea0bb-9550-446a-a90c-7d89386b7c1a,5ba9eb3a-5b97-4eea-b950-f0484d75afef,c5,c2,1264,?,x6,
1769495060.4595537,FORWARDED,e26ea0bb-9550-446a-a90c-7d89386b7c1a,5ba9eb3a-5b97-4eea-b950-f0484d75afef,c5,c2,1264,?,x6,
1769495060.4686184,SENT,79d9cf3e-b3d6-4be8-b908-b83a49c9e070,784ae44b-7c16-4492-b2ab-278c46b74995,c3,DROP,683,?,x7,
1769495060.468655,FORWARDED,79d9cf3e-b3d6-4be8-b908-b83a49c9e070,784ae44b-7c16-4492-b2ab-278c46b74995,c3,DROP,683,?,x7,
1769495060.6224606,RECEIVED,f164ad3e-926b-4915-9514-f983ba0d5cb6,bce5f085-f449-4411-8fb8-e76fc51db8f5,c3,DROP,1012,e7,?,
1769495060.6680632,RECEIVED,e9092df9-2721-4c78-94f9-a8a1d1d7723f,3ab6820b-42e7-4b69-8840-682c436cee5b,c2,DROP,1019,e5,?,
1769495060.6697657,SENT,f164ad3e-926b-4915-9514-f983ba0d5cb6,bce5f085-f449-4411-8fb8-e76fc51db8f5,c3,DROP,686,?,x3,
1769495060.669805,FORWARDED,f164ad3e-926b-4915-9514-f983ba0d5cb6,bce5f085-f449-4411-8fb8-e76fc51db8f5,c3,DROP,686,?,x3,
1769495060.737902,RECEIVED,c706e637-b24a-46c8-83e7-7ef923262469,67f91ce1-fb7a-4fae-832b-0b952edc1bb8,c4,DROP,1007,e3,?,
1769495060.78626,RECEIVED,63d81ad8-8fa7-48c0-85d1-94b12927fea6,c5abffb9-0c39-42da-8e58-6e0526c77c78,c5,DROP,1008,e3,?,
1769495060.805032,RECEIVED,d3a04e0f-6115-4531-af3d-dab27ea8dfcf,d1e51e4d-5cba-4338-a5ba-38965a0e549b,c5,DROP,1015,e9,?,
1769495060.871438,RECEIVED,9909b242-6414-444e-b2c4-b265d500152a,bb7b4b02-8576-4a13-b649-a64cbe6e2661,c5,DROP,1019,e11,?,
1769495060.8879814,RECEIVED,f7534190-ebe1-456d-9b19-7f7526d38721,c78e8b0b-a36c-4253-92db-9c1f743f6c47,c1,DROP,1019,e11,?,
1769495060.8891637,RECEIVED,aaa37764-a5b4-41a6-aad2-3f16d58ee6c9,9799c05d-40d0-448d-ab3b-9887459d72f6,c1,c5,1768,e10,?,
1769495060.9737813,SENT,aaa37764-a5b4-41a6-aad2-3f16d58ee6c9,9799c05d-40d0-448d-ab3b-9887459d72f6,c1,c5,1252,?,x1,
1769495060.973844,FORWARDED,aaa37764-a5b4-41a6-aad2-3f16d58ee6c9,9799c05d-40d0-448d-ab3b-9887459d72f6,c1,c5,1252,?,x1,
1769495060.9848366,SENT,9c944857-7d48-452a-9744-02f99afa9321,ab4cf263-830f-40b2-998d-3611446252bf,c5,DROP,693,?,x9,
1769495060.9848785,FORWARDED,9c944857-7d48-452a-9744-02f99afa9321,ab4cf263-830f-40b2-998d-3611446252bf,c5,DROP,693,?,x9,
1769495061.1051936,RECEIVED,7e0957de-2e0e-4797-a059-388f5300862f,b2d1e974-6504-4935-9b24-7743f596c260,c1,DROP,1019,e10,?,
1769495061.1394348,SENT,e9092df9-2721-4c78-94f9-a8a1d1d7723f,3ab6820b-42e7-4b69-8840-682c436cee5b,c2,DROP,692,?,x12,
1769495061.1394773,FORWARDED,e9092df9-2721-4c78-94f9-a8a1d1d7723f,3ab6820b-42e7-4b69-8840-682c436cee5b,c2,DROP,692,?,x12,
1769495061.1594646,SENT,c706e637-b24a-46c8-83e7-7ef923262469,67f91ce1-fb7a-4fae-832b-0b952edc1bb8,c4,DROP,683,?,x7,
1769495061.1595044,FORWARDED,c706e637-b24a-46c8-83e7-7ef923262469,67f91ce1-fb7a-4fae-832b-0b952edc1bb8,c4,DROP,683,?,x7,
1769495061.1606944,RECEIVED,99a8d5c6-b457-422d-8083-b1832e441df0,668510f6-5ba8-4df3-860f-d252865bf274,c1,DROP,1018,e6,?,
1769495061.1833718,SENT,63d81ad8-8fa7-48c0-85d1-94b12927fea6,c5abffb9-0c39-42da-8e58-6e0526c77c78,c5,DROP,683,?,x11,
1769495061.1834145,FORWARDED,63d81ad8-8fa7-48c0-85d1-94b12927fea6,c5abffb9-0c39-42da-8e58-6e0526c77c78,c5,DROP,683,?,x11,
1769495061.1890903,RECEIVED,c27e08ad-789d-4fe3-94f6-7f5d320060c9,54b6da4e-30ec-46e5-bd15-51be74824877,c5,DROP,445,x11,?,
1769495061.2451174,SENT,7e0957de-2e0e-4797-a059-388f5300862f,b2d1e974-6504-4935-9b24-7743f596c260,c1,DROP,691,?,x2,
1769495061.2451608,FORWARDED,7e0957de-2e0e-4797-a059-388f5300862f,b2d1e974-6504-4935-9b24-7743f596c260,c1,DROP,691,?,x2,
1769495061.3468904,RECEIVED,acd9a61a-fd09-490b-8ab0-59622af5f98d,46feaf0f-1027-43fa-a4f7-c9c8e35b41c2,c1,DROP,1020,e12,?,
1769495061.3534117,RECEIVED,772e9871-1ac3-48f6-a6bc-3695c0451c8a,d1ecc01c-efdd-4231-a900-8e2a57ac9337,c1,DROP,1019,e12,?,
1769495061.388779,SENT,f7534190-ebe1-456d-9b19-7f7526d38721,c78e8b0b-a36c-4253-92db-9c1f743f6c47,c1,DROP,692,?,x7,
1769495061.3888206,FORWARDED,f7534190-ebe1-456d-9b19-7f7526d38721,c78e8b0b-a36c-4253-92db-9c1f743f6c47,c1,DROP,692,?,x7,
1769495061.4619875,SENT,d3a04e0f-6115-4531-af3d-dab27ea8dfcf,d1e51e4d-5cba-4338-a5ba-38965a0e549b,c5,DROP,688,?,x3,
1769495061.4620292,FORWARDED,d3a04e0f-6115-4531-af3d-dab27ea8dfcf,d1e51e4d-5cba-4338-a5ba-38965a0e549b,c5,DROP,688,?,x3,
1769495061.4979277,SENT,9909b242-6414-444e-b2c4-b265d500152a,bb7b4b02-8576-4a13-b649-a64cbe6e2661,c5,DROP,691,?,x5,
1769495061.49797,FORWARDED,9909b242-6414-444e-b2c4-b265d500152a,bb7b4b02-8576-4a13-b649-a64cbe6e2661,c5,DROP,691,?,x5,
1769495061.5048308,SENT,acd9a61a-fd09-490b-8ab0-59622af5f98d,46feaf0f-1027-43fa-a4f7-c9c8e35b41c2,c1,DROP,691,?,x5,
1769495061.5048697,FORWARDED,acd9a61a-fd09-490b-8ab0-59622af5f98d,46feaf0f-1027-43fa-a4f7-c9c8e35b41c2,c1,DROP,691,?,x5,
1769495061.5547652,RECEIVED,d6fe6dd0-c955-4972-8c22-8d92593ac151,9069bf3f-3f7e-4d1b-ad30-76ff01b02514,c5,DROP,441,x1,?,
1769495061.808626,RECEIVED,10c6b5ed-d40f-4179-bf5c-b213fa5b29bf,23d4764e-84bb-4d99-abf0-463612de9054,c4,DROP,1022,e1,?,
1769495061.8620892,RECEIVED,9ee5dbd2-3ee3-45fa-a847-da727f2d7d32,7dddaf3a-81a3-4e66-930b-df648a84df74,c2,c3,1780,e11,?,
1769495061.9064338,SENT,10c6b5ed-d40f-4179-bf5c-b213fa5b29bf,23d4764e-84bb-4d99-abf0-463612de9054,c4,DROP,692,?,x12,
1769495061.9064734,FORWARDED,10c6b5ed-d40f-4179-bf5c-b213fa5b29bf,23d4764e-84bb-4d99-abf0-463612de9054,c4,DROP,692,?,x12,
1769495062.0003858,SENT,772e9871-1ac3-48f6-a6bc-3695c0451c8a,d1ecc01c-efdd-4231-a900-8e2a57ac9337,c1,DROP,692,?,x5,
1769495062.0004263,FORWARDED,772e9871-1ac3-48f6-a6bc-3695c0451c8a,d1ecc01c-efdd-4231-a900-8e2a57ac9337,c1,DROP,692,?,x5,
1769495062.286064,SENT,99a8d5c6-b457-422d-8083-b1832e441df0,668510f6-5ba8-4df3-860f-d252865bf274,c1,DROP,692,?,x5,
1769495062.2861042,FORWARDED,99a8d5c6-b457-422d-8083-b1832e441df0,668510f6-5ba8-4df3-860f-d252865bf274,c1,DROP,692,?,x5,
1769495062.2893813,RECEIVED,56991c7f-3bfb-4a84-b1c9-a90c949d27ed,73167494-8c8b-4975-9220-fec581c47140,c2,DROP,1019,e7,?,
1769495062.335091,RECEIVED,1811a9e8-bd05-4a6e-b36d-d9ae6ba01854,9e4bd6b4-ee75-4f99-bb39-608750aa5400,c2,DROP,1012,e6,?,
1769495062.4299538,SENT,9ee5dbd2-3ee3-45fa-a847-da727f2d7d32,7dddaf3a-81a3-4e66-930b-df648a84df74,c2,c3,1263,?,x12,
1769495062.4299948,FORWARDED,9ee5dbd2-3ee3-45fa-a847-da727f2d7d32,7dddaf3a-81a3-4e66-930b-df648a84df74,c2,c3,1263,?,x12,
1769495062.5297081,SENT,1811a9e8-bd05-4a6e-b36d-d9ae6ba01854,9e4bd6b4-ee75-4f99-bb39-608750aa5400,c2,DROP,687,?,x7,
1769495062.5297523,FORWARDED,1811a9e8-bd05-4a6e-b36d-d9ae6ba01854,9e4bd6b4-ee75-4f99-bb39-608750aa5400,c2,DROP,687,?,x7,
1769495062.5912306,SENT,56991c7f-3bfb-4a84-b1c9-a90c949d27ed,73167494-8c8b-4975-9220-fec581c47140,c2,DROP,692,?,x7,
1769495062.5912738,FORWARDED,56991c7f-3bfb-4a84-b1c9-a90c949d27ed,73167494-8c8b-4975-9220-fec581c47140,c2,DROP,692,?,x7,
1769495062.6659575,RECEIVED,813ed28d-33a8-4894-99c6-cf86411fcaac,d61eddab-84e5-4ba3-b9af-e885c3b68a88,c1,DROP,442,x9,?,
1769495062.6919427,RECEIVED,47bb7ccf-ef45-4461-9fe0-307f273d8874,07d0e9d4-a10a-4839-bd06-dac7b18ca278,c4,c5,1770,e9,?,
1769495062.775173,RECEIVED,9e6d7de1-d82d-4148-b8a0-aaf7c776fd6a,8941b8b0-032f-4da1-bc7d-f27d4bdae57d,c2,DROP,1021,e8,?,
1769495063.0454502,RECEIVED,6ab68ee6-2555-44ee-81eb-86b1a1316223,681c56df-f967-48db-a6eb-34fde60c923e,c1,DROP,1021,e5,?,
1769495063.0953715,RECEIVED,56b5c983-2bcf-4259-9120-f3080f79ce71,5352c7b1-2541-4242-b195-0df398c92d03,c5,DROP,441,x3,?,
1769495063.1732218,SENT,9e6d7de1-d82d-4148-b8a0-aaf7c776fd6a,8941b8b0-032f-4da1-bc7d-f27d4bdae57d,c2,DROP,692,?,x11,
1769495063.1732664,FORWARDED,9e6d7de1-d82d-4148-b8a0-aaf7c776fd6a,8941b8b0-032f-4da1-bc7d-f27d4bdae57d,c2,DROP,692,?,x11,
1769495063.2230084,RECEIVED,269c89a7-f3d9-4651-9bfb-47b45b92dbb7,f30309c4-251e-48bb-9dc5-6b1f07a171f3,c3,DROP,1016,e12,?,
1769495063.2545469,RECEIVED,1190e260-f60d-4fbe-a59e-bc8f8a5f6d1b,cd37b136-3aed-4ac2-9e95-c6413b974309,c1,c5,1779,e12,?,
1769495063.2616532,RECEIVED,d28c7893-50b2-4ab6-b13d-bdf121d3529b,bd7929f8-2dc6-4dab-b175-f890be516459,c2,DROP,440,x2,?,
1769495063.265733,RECEIVED,eed442a8-e675-458d-a853-dd0eb456716e,18d3944c-7879-41cc-8c63-1bb2a90dab55,c1,DROP,441,x7,?,
1769495063.3158302,RECEIVED,784c2fb0-31ae-49b8-af90-0ac3cf16deee,e2b2a695-6356-43c7-addb-51012f6d48cd,c5,c2,1762,e1,?,
1769495063.3259876,SENT,269c89a7-f3d9-4651-9bfb-47b45b92dbb7,f30309c4-251e-48bb-9dc5-6b1f07a171f3,c3,DROP,690,?,x3,
1769495063.3260336,FORWARDED,269c89a7-f3d9-4651-9bfb-47b45b92dbb7,f30309c4-251e-48bb-9dc5-6b1f07a171f3,c3,DROP,690,?,x3,
1769495063.3429666,SENT,6ab68ee6-2555-44ee-81eb-86b1a1316223,681c56df-f967-48db-a6eb-34fde60c923e,c1,DROP,692,?,x10,
1769495063.3430097,FORWARDED,6ab68ee6-2555-44ee-81eb-86b1a1316223,681c56df-f967-48db-a6eb-34fde60c923e,c1,DROP,692,?,x10,
1769495063.4827518,RECEIVED,f84c1652-6fde-44bf-842b-a8159e7fe323,88f0bb7d-125b-409f-9dcf-094e44ccbd29,c5,DROP,441,x3,?,
1769495064.1768808,RECEIVED,036f4ff3-dc57-45d4-82ff-5f0a2ce3a62d,ecc89733-bedb-4240-ae97-e619aa521f7c,c5,DROP,1010,e3,?,
1769495064.2247872,SENT,036f4ff3-dc57-45d4-82ff-5f0a2ce3a62d,ecc89733-bedb-4240-ae97-e619aa521f7c,c5,DROP,684,?,x11,
1769495064.2248297,FORWARDED,036f4ff3-dc57-45d4-82ff-5f0a2ce3a62d,ecc89733-bedb-4240-ae97-e619aa521f7c,c5,DROP,684,?,x11,
1769495064.2918732,SENT,784c2fb0-31ae-49b8-af90-0ac3cf16deee,e2b2a695-6356-43c7-addb-51012f6d48cd,c5,c2,1251,?,x6,
1769495064.2919173,FORWARDED,784c2fb0-31ae-49b8-af90-0ac3cf16deee,e2b2a695-6356-43c7-addb-51012f6d48cd,c5,c2,1251,?,x6,
1769495064.2963562,SENT,47bb7ccf-ef45-4461-9fe0-307f273d8874,07d0e9d4-a10a-4839-bd06-dac7b18ca278,c4,c5,1255,?,x4,
1769495064.296398,FORWARDED,47bb7ccf-ef45-4461-9fe0-307f273d8874,07d0e9d4-a10a-4839-bd06-dac7b18ca278,c4,c5,1255,?,x4,
1769495064.3647676,SENT,1190e260-f60d-4fbe-a59e-bc8f8a5f6d1b,cd37b136-3aed-4ac2-9e95-c6413b974309,c1,c5,1263,?,x2,
1769495064.36481,FORWARDED,1190e260-f60d-4fbe-a59e-bc8f8a5f6d1b,cd37b136-3aed-4ac2-9e95-c6413b974309,c1,c5,1263,?,x2,
